01/01/2020,SAT,TX,ASW,CE,Combined TRACON& Tower with Radar,241,25,39,0,305,0,14,2,0,16,241,39,41,0,321,0,0,0,321
01/02/2020,SAT,TX,ASW,CE,Combined TRACON& Tower with Radar,269,49,73,4,395,0,10,21,3,34,269,59,94,7,429,0,0,0,429
01/03/2020,SAT,TX,ASW,CE,Combined TRACON& Tower with Radar,275,31,58,10,374,0,14,44,2,60,275,45,102,12,434,0,0,0,434
01/04/2020,SAT,TX,ASW,CE,Combined TRACON& Tower with Radar,234,32,75,4,345,0,23,37,10,70,234,55,112,14,415,0,0,0,415
01/05/2020,SAT,TX,ASW,CE,Combined TRACON& Tower with Radar,254,38,71,1,364,0,9,39,5,53,254,47,110,6,417,0,0,0,417
01/06/2020,SAT,TX,ASW,CE,Combined TRACON& Tower with Radar,260,33,86,2,381,0,16,48,0,64,260,49,134,2,445,0,0,0,445
01/07/2020,SAT,TX,ASW,CE,Combined TRACON& Tower with Radar,253,35,73,7,368,0,16,73,7,96,253,51,146,14,464,0,0,0,464
01/08/2020,SAT,TX,ASW,CE,Combined TRACON& Tower with Radar,255,47,73,10,385,0,13,36,4,53,255,60,109,14,438,0,0,0,438
01/09/2020,SAT,TX,ASW,CE,Combined TRACON& Tower with Radar,271,49,101,22,443,0,11,22,0,33,271,60,123,22,476,0,0,0,476
01/10/2020,SAT,TX,ASW,CE,Combined TRACON& Tower with Radar,244,31,80,7,362,0,6,15,0,21,244,37,95,7,383,0,0,0,383
01/11/2020,SAT,TX,ASW,CE,Combined TRACON& Tower with Radar,177,26,46,8,257,0,21,30,0,51,177,47,76,8,308,0,0,0,308
01/12/2020,SAT,TX,ASW,CE,Combined TRACON& Tower with Radar,240,25,46,15,326,0,11,37,2,50,240,36,83,17,376,0,0,0,376
01/13/2020,SAT,TX,ASW,CE,Combined TRACON& Tower with Radar,232,21,54,1,308,0,0,0,0,0,232,21,54,1,308,0,0,0,308
01/14/2020,SAT,TX,ASW,CE,Combined TRACON& Tower with Radar,239,51,98,4,392,0,4,12,0,16,239,55,110,4,408,0,0,0,408
01/15/2020,SAT,TX,ASW,CE,Combined TRACON& Tower with Radar,252,52,94,6,404,0,6,54,10,70,252,58,148,16,474,0,0,0,474
01/16/2020,SAT,TX,ASW,CE,Combined TRACON& Tower with Radar,291,52,141,1,485,0,1,0,0,1,291,53,141,1,486,0,0,0,486
01/17/2020,SAT,TX,ASW,CE,Combined TRACON& Tower with Radar,265,41,89,7,402,0,8,6,1,15,265,49,95,8,417,0,0,0,417
01/18/2020,SAT,TX,ASW,CE,Combined TRACON& Tower with Radar,177,20,41,9,247,0,2,13,1,16,177,22,54,10,263,0,0,0,263
01/19/2020,SAT,TX,ASW,CE,Combined TRACON& Tower with Radar,232,26,63,0,321,0,8,99,6,113,232,34,162,6,434,0,0,0,434
01/20/2020,SAT,TX,ASW,CE,Combined TRACON& Tower with Radar,240,42,74,11,367,0,12,55,8,75,240,54,129,19,442,0,0,0,442
01/21/2020,SAT,TX,ASW,CE,Combined TRACON& Tower with Radar,248,28,67,18,361,0,7,24,9,40,248,35,91,27,401,0,0,0,401
01/22/2020,SAT,TX,ASW,CE,Combined TRACON& Tower with Radar,265,30,86,3,384,0,0,0,0,0,265,30,86,3,384,0,0,0,384
01/23/2020,SAT,TX,ASW,CE,Combined TRACON& Tower with Radar,272,48,101,15,436,0,15,48,2,65,272,63,149,17,501,0,0,0,501
01/24/2020,SAT,TX,ASW,CE,Combined TRACON& Tower with Radar,261,36,89,13,399,0,12,56,5,73,261,48,145,18,472,0,0,0,472
01/25/2020,SAT,TX,ASW,CE,Combined TRACON& Tower with Radar,182,24,36,12,254,0,12,12,3,27,182,36,48,15,281,0,0,0,281
01/26/2020,SAT,TX,ASW,CE,Combined TRACON& Tower with Radar,245,25,62,15,347,0,7,49,2,58,245,32,111,17,405,0,0,0,405
01/27/2020,SAT,TX,ASW,CE,Combined TRACON& Tower with Radar,261,41,84,3,389,0,11,40,6,57,261,52,124,9,446,0,0,0,446
01/28/2020,SAT,TX,ASW,CE,Combined TRACON& Tower with Radar,269,37,83,10,399,0,5,25,1,31,269,42,108,11,430,0,0,0,430
01/29/2020,SAT,TX,ASW,CE,Combined TRACON& Tower with Radar,250,44,80,6,380,0,22,39,3,64,250,66,119,9,444,0,0,0,444
01/30/2020,SAT,TX,ASW,CE,Combined TRACON& Tower with Radar,267,59,137,7,470,0,12,14,0,26,267,71,151,7,496,0,0,0,496
01/31/2020,SAT,TX,ASW,CE,Combined TRACON& Tower with Radar,259,50,89,7,405,0,12,33,1,46,259,62,122,8,451,0,0,0,451
02/01/2020,SAT,TX,ASW,CE,Combined TRACON& Tower with Radar,184,34,43,11,272,0,13,46,6,65,184,47,89,17,337,0,0,0,337
02/02/2020,SAT,TX,ASW,CE,Combined TRACON& Tower with Radar,235,29,50,11,325,0,13,30,6,49,235,42,80,17,374,0,0,0,374
02/03/2020,SAT,TX,ASW,CE,Combined TRACON& Tower with Radar,249,58,109,5,421,0,8,30,7,45,249,66,139,12,466,0,0,0,466
02/04/2020,SAT,TX,ASW,CE,Combined TRACON& Tower with Radar,244,59,128,16,447,0,9,26,5,40,244,68,154,21,487,0,0,0,487
02/05/2020,SAT,TX,ASW,CE,Combined TRACON& Tower with Radar,253,59,98,19,429,0,1,17,4,22,253,60,115,23,451,0,0,0,451
02/06/2020,SAT,TX,ASW,CE,Combined TRACON& Tower with Radar,260,51,118,3,432,0,13,86,4,103,260,64,204,7,535,0,0,0,535
02/07/2020,SAT,TX,ASW,CE,Combined TRACON& Tower with Radar,256,46,97,9,408,0,18,63,7,88,256,64,160,16,496,0,0,0,496
02/08/2020,SAT,TX,ASW,CE,Combined TRACON& Tower with Radar,187,34,75,1,297,0,4,16,0,20,187,38,91,1,317,0,0,0,317
02/09/2020,SAT,TX,ASW,CE,Combined TRACON& Tower with Radar,239,17,61,7,324,0,3,2,0,5,239,20,63,7,329,0,0,0,329
02/10/2020,SAT,TX,ASW,CE,Combined TRACON& Tower with Radar,249,42,69,1,361,0,0,1,0,1,249,42,70,1,362,0,0,0,362
02/11/2020,SAT,TX,ASW,CE,Combined TRACON& Tower with Radar,247,51,85,0,383,0,0,0,0,0,247,51,85,0,383,0,0,0,383
02/12/2020,SAT,TX,ASW,CE,Combined TRACON& Tower with Radar,252,58,71,9,390,0,7,21,3,31,252,65,92,12,421,0,0,0,421
02/13/2020,SAT,TX,ASW,CE,Combined TRACON& Tower with Radar,266,46,111,8,431,0,16,67,5,88,266,62,178,13,519,0,0,0,519
02/14/2020,SAT,TX,ASW,CE,Combined TRACON& Tower with Radar,259,53,80,3,395,0,10,58,3,71,259,63,138,6,466,0,0,0,466
02/15/2020,SAT,TX,ASW,CE,Combined TRACON& Tower with Radar,190,35,52,6,283,0,11,15,6,32,190,46,67,12,315,0,0,0,315
02/16/2020,SAT,TX,ASW,CE,Combined TRACON& Tower with Radar,226,24,66,3,319,0,8,39,2,49,226,32,105,5,368,0,0,0,368
02/17/2020,SAT,TX,ASW,CE,Combined TRACON& Tower with Radar,251,39,100,3,393,0,4,31,1,36,251,43,131,4,429,0,0,0,429
02/18/2020,SAT,TX,ASW,CE,Combined TRACON& Tower with Radar,260,52,87,10,409,0,10,8,1,19,260,62,95,11,428,0,0,0,428
02/19/2020,SAT,TX,ASW,CE,Combined TRACON& Tower with Radar,255,46,90,8,399,0,2,0,1,3,255,48,90,9,402,0,0,0,402
02/20/2020,SAT,TX,ASW,CE,Combined TRACON& Tower with Radar,263,43,113,4,423,0,10,6,2,18,263,53,119,6,441,0,0,0,441
02/21/2020,SAT,TX,ASW,CE,Combined TRACON& Tower with Radar,249,29,96,21,395,0,11,56,3,70,249,40,152,24,465,0,0,0,465
02/22/2020,SAT,TX,ASW,CE,Combined TRACON& Tower with Radar,188,32,54,12,286,0,16,41,4,61,188,48,95,16,347,0,0,0,347
02/23/2020,SAT,TX,ASW,CE,Combined TRACON& Tower with Radar,238,27,70,16,351,0,24,16,0,40,238,51,86,16,391,0,0,0,391
02/24/2020,SAT,TX,ASW,CE,Combined TRACON& Tower with Radar,247,43,85,3,378,0,5,46,9,60,247,48,131,12,438,0,0,0,438
02/25/2020,SAT,TX,ASW,CE,Combined TRACON& Tower with Radar,259,53,67,11,390,0,12,39,7,58,259,65,106,18,448,0,0,0,448
02/26/2020,SAT,TX,ASW,CE,Combined TRACON& Tower with Radar,253,49,114,0,416,0,8,35,6,49,253,57,149,6,465,0,0,0,465
02/27/2020,SAT,TX,ASW,CE,Combined TRACON& Tower with Radar,263,50,105,5,423,0,7,65,5,77,263,57,170,10,500,0,0,0,500
02/28/2020,SAT,TX,ASW,CE,Combined TRACON& Tower with Radar,263,50,91,5,409,0,16,81,2,99,263,66,172,7,508,0,0,0,508
02/29/2020,SAT,TX,ASW,CE,Combined TRACON& Tower with Radar,187,30,68,6,291,0,15,34,3,52,187,45,102,9,343,0,0,0,343
03/01/2020,SAT,TX,ASW,CE,Combined TRACON& Tower with Radar,241,14,65,4,324,0,6,28,4,38,241,20,93,8,362,0,0,0,362
03/02/2020,SAT,TX,ASW,CE,Combined TRACON& Tower with Radar,252,30,93,1,376,0,8,9,2,19,252,38,102,3,395,0,0,0,395
03/03/2020,SAT,TX,ASW,CE,Combined TRACON& Tower with Radar,256,43,86,8,393,0,6,11,1,18,256,49,97,9,411,0,0,0,411
03/04/2020,SAT,TX,ASW,CE,Combined TRACON& Tower with Radar,262,56,83,37,438,0,2,22,8,32,262,58,105,45,470,0,0,0,470
03/05/2020,SAT,TX,ASW,CE,Combined TRACON& Tower with Radar,274,55,121,6,456,0,9,54,4,67,274,64,175,10,523,0,0,0,523
03/06/2020,SAT,TX,ASW,CE,Combined TRACON& Tower with Radar,262,51,93,9,415,0,23,59,2,84,262,74,152,11,499,0,0,0,499
03/07/2020,SAT,TX,ASW,CE,Combined TRACON& Tower with Radar,207,23,59,1,290,0,15,31,5,51,207,38,90,6,341,0,0,0,341
03/08/2020,SAT,TX,ASW,CE,Combined TRACON& Tower with Radar,259,20,77,4,360,0,4,13,5,22,259,24,90,9,382,0,0,0,382
03/09/2020,SAT,TX,ASW,CE,Combined TRACON& Tower with Radar,251,31,78,2,362,0,11,17,0,28,251,42,95,2,390,0,0,0,390
03/10/2020,SAT,TX,ASW,CE,Combined TRACON& Tower with Radar,267,37,101,33,438,0,16,18,0,34,267,53,119,33,472,0,0,0,472
03/11/2020,SAT,TX,ASW,CE,Combined TRACON& Tower with Radar,257,38,81,13,389,0,13,32,5,50,257,51,113,18,439,0,0,0,439
03/12/2020,SAT,TX,ASW,CE,Combined TRACON& Tower with Radar,276,49,77,7,409,0,7,28,5,40,276,56,105,12,449,0,0,0,449
03/13/2020,SAT,TX,ASW,CE,Combined TRACON& Tower with Radar,263,51,67,11,392,0,13,19,1,33,263,64,86,12,425,0,0,0,425
03/14/2020,SAT,TX,ASW,CE,Combined TRACON& Tower with Radar,222,28,79,20,349,0,3,10,0,13,222,31,89,20,362,0,0,0,362
03/15/2020,SAT,TX,ASW,CE,Combined TRACON& Tower with Radar,258,44,67,15,384,0,1,3,0,4,258,45,70,15,388,0,0,0,388
03/16/2020,SAT,TX,ASW,CE,Combined TRACON& Tower with Radar,256,46,57,15,374,1,3,10,1,15,257,49,67,16,389,0,0,0,389
03/17/2020,SAT,TX,ASW,CE,Combined TRACON& Tower with Radar,252,44,44,0,340,0,9,18,1,28,252,53,62,1,368,0,0,0,368
03/18/2020,SAT,TX,ASW,CE,Combined TRACON& Tower with Radar,246,31,59,3,339,0,9,26,7,42,246,40,85,10,381,0,0,0,381
03/19/2020,SAT,TX,ASW,CE,Combined TRACON& Tower with Radar,238,39,54,5,336,0,14,13,0,27,238,53,67,5,363,0,0,0,363
03/20/2020,SAT,TX,ASW,CE,Combined TRACON& Tower with Radar,213,34,38,0,285,0,3,6,2,11,213,37,44,2,296,0,0,0,296
03/21/2020,SAT,TX,ASW,CE,Combined TRACON& Tower with Radar,179,18,27,0,224,0,2,1,0,3,179,20,28,0,227,0,0,0,227
03/22/2020,SAT,TX,ASW,CE,Combined TRACON& Tower with Radar,194,10,15,2,221,0,0,0,0,0,194,10,15,2,221,0,0,0,221
03/23/2020,SAT,TX,ASW,CE,Combined TRACON& Tower with Radar,150,23,35,5,213,0,2,12,2,16,150,25,47,7,229,0,0,0,229
03/24/2020,SAT,TX,ASW,CE,Combined TRACON& Tower with Radar,192,41,57,3,293,0,3,31,3,37,192,44,88,6,330,0,0,0,330
03/25/2020,SAT,TX,ASW,CE,Combined TRACON& Tower with Radar,158,27,28,0,213,0,5,32,0,37,158,32,60,0,250,0,0,0,250
03/26/2020,SAT,TX,ASW,CE,Combined TRACON& Tower with Radar,147,26,22,5,200,0,7,14,0,21,147,33,36,5,221,0,0,0,221
03/27/2020,SAT,TX,ASW,CE,Combined TRACON& Tower with Radar,140,31,49,9,229,0,9,14,1,24,140,40,63,10,253,0,0,0,253
03/28/2020,SAT,TX,ASW,CE,Combined TRACON& Tower with Radar,115,17,18,4,154,0,3,10,0,13,115,20,28,4,167,0,0,0,167
03/29/2020,SAT,TX,ASW,CE,Combined TRACON& Tower with Radar,120,5,25,2,152,0,3,12,0,15,120,8,37,2,167,0,0,0,167
03/30/2020,SAT,TX,ASW,CE,Combined TRACON& Tower with Radar,105,24,14,6,149,0,1,5,0,6,105,25,19,6,155,0,0,0,155
03/31/2020,SAT,TX,ASW,CE,Combined TRACON& Tower with Radar,126,27,31,5,189,0,9,33,3,45,126,36,64,8,234,0,0,0,234
04/01/2020,SAT,TX,ASW,CE,Combined TRACON& Tower with Radar,141,28,15,1,185,0,5,51,4,60,141,33,66,5,245,0,0,0,245
04/02/2020,SAT,TX,ASW,CE,Combined TRACON& Tower with Radar,118,30,30,9,187,0,2,0,0,2,118,32,30,9,189,0,0,0,189
04/03/2020,SAT,TX,ASW,CE,Combined TRACON& Tower with Radar,125,23,17,6,171,0,0,0,0,0,125,23,17,6,171,0,0,0,171
04/04/2020,SAT,TX,ASW,CE,Combined TRACON& Tower with Radar,91,17,8,1,117,0,0,0,0,0,91,17,8,1,117,0,0,0,117
04/05/2020,SAT,TX,ASW,CE,Combined TRACON& Tower with Radar,95,7,12,1,115,0,3,4,0,7,95,10,16,1,122,0,0,0,122
04/06/2020,SAT,TX,ASW,CE,Combined TRACON& Tower with Radar,107,22,32,1,162,0,3,15,1,19,107,25,47,2,181,0,0,0,181
04/07/2020,SAT,TX,ASW,CE,Combined TRACON& Tower with Radar,108,26,28,10,172,0,4,11,0,15,108,30,39,10,187,0,0,0,187
04/08/2020,SAT,TX,ASW,CE,Combined TRACON& Tower with Radar,110,31,45,6,192,0,8,57,0,65,110,39,102,6,257,0,0,0,257
04/09/2020,SAT,TX,ASW,CE,Combined TRACON& Tower with Radar,114,26,26,11,177,0,2,16,2,20,114,28,42,13,197,0,0,0,197
04/10/2020,SAT,TX,ASW,CE,Combined TRACON& Tower with Radar,102,17,28,6,153,0,8,9,0,17,102,25,37,6,170,0,0,0,170
04/11/2020,SAT,TX,ASW,CE,Combined TRACON& Tower with Radar,79,8,8,5,100,0,4,0,0,4,79,12,8,5,104,0,0,0,104
04/12/2020,SAT,TX,ASW,CE,Combined TRACON& Tower with Radar,80,8,7,2,97,0,0,7,0,7,80,8,14,2,104,0,0,0,104
04/13/2020,SAT,TX,ASW,CE,Combined TRACON& Tower with Radar,94,14,40,5,153,0,4,32,8,44,94,18,72,13,197,0,0,0,197
04/14/2020,SAT,TX,ASW,CE,Combined TRACON& Tower with Radar,93,21,24,20,158,0,10,40,5,55,93,31,64,25,213,0,0,0,213
04/15/2020,SAT,TX,ASW,CE,Combined TRACON& Tower with Radar,95,25,30,9,159,0,9,54,0,63,95,34,84,9,222,0,0,0,222
04/16/2020,SAT,TX,ASW,CE,Combined TRACON& Tower with Radar,88,29,31,9,157,0,14,49,1,64,88,43,80,10,221,0,0,0,221
04/17/2020,SAT,TX,ASW,CE,Combined TRACON& Tower with Radar,87,27,35,8,157,0,4,7,0,11,87,31,42,8,168,0,0,0,168
04/18/2020,SAT,TX,ASW,CE,Combined TRACON& Tower with Radar,70,10,16,7,103,0,3,0,0,3,70,13,16,7,106,0,0,0,106
04/19/2020,SAT,TX,ASW,CE,Combined TRACON& Tower with Radar,68,6,16,4,94,0,3,6,2,11,68,9,22,6,105,0,0,0,105
04/20/2020,SAT,TX,ASW,CE,Combined TRACON& Tower with Radar,64,26,33,1,124,0,8,31,2,41,64,34,64,3,165,0,0,0,165
04/21/2020,SAT,TX,ASW,CE,Combined TRACON& Tower with Radar,88,28,44,0,160,0,8,26,2,36,88,36,70,2,196,0,0,0,196
04/22/2020,SAT,TX,ASW,CE,Combined TRACON& Tower with Radar,84,23,34,7,148,0,10,16,2,28,84,33,50,9,176,0,0,0,176
04/23/2020,SAT,TX,ASW,CE,Combined TRACON& Tower with Radar,93,30,48,4,175,0,6,49,0,55,93,36,97,4,230,0,0,0,230
04/24/2020,SAT,TX,ASW,CE,Combined TRACON& Tower with Radar,78,21,21,12,132,0,10,38,1,49,78,31,59,13,181,0,0,0,181
04/25/2020,SAT,TX,ASW,CE,Combined TRACON& Tower with Radar,55,20,19,3,97,0,10,25,0,35,55,30,44,3,132,0,0,0,132
04/26/2020,SAT,TX,ASW,CE,Combined TRACON& Tower with Radar,65,9,27,2,103,0,11,28,2,41,65,20,55,4,144,0,0,0,144
04/27/2020,SAT,TX,ASW,CE,Combined TRACON& Tower with Radar,70,21,29,2,122,0,7,34,4,45,70,28,63,6,167,0,0,0,167
04/28/2020,SAT,TX,ASW,CE,Combined TRACON& Tower with Radar,88,19,37,7,151,0,7,23,0,30,88,26,60,7,181,0,0,0,181
04/29/2020,SAT,TX,ASW,CE,Combined TRACON& Tower with Radar,79,31,25,8,143,0,10,31,0,41,79,41,56,8,184,0,0,0,184
04/30/2020,SAT,TX,ASW,CE,Combined TRACON& Tower with Radar,97,25,58,9,189,0,9,73,2,84,97,34,131,11,273,0,0,0,273
05/01/2020,SAT,TX,ASW,CE,Combined TRACON& Tower with Radar,95,21,34,10,160,0,11,60,2,73,95,32,94,12,233,0,0,0,233
05/02/2020,SAT,TX,ASW,CE,Combined TRACON& Tower with Radar,67,7,34,4,112,0,7,25,0,32,67,14,59,4,144,0,0,0,144
05/03/2020,SAT,TX,ASW,CE,Combined TRACON& Tower with Radar,80,10,33,0,123,0,10,23,1,34,80,20,56,1,157,0,0,0,157
05/04/2020,SAT,TX,ASW,CE,Combined TRACON& Tower with Radar,81,22,53,6,162,0,12,34,6,52,81,34,87,12,214,0,0,0,214
05/05/2020,SAT,TX,ASW,CE,Combined TRACON& Tower with Radar,99,32,59,17,207,0,4,23,0,27,99,36,82,17,234,0,0,0,234
05/06/2020,SAT,TX,ASW,CE,Combined TRACON& Tower with Radar,89,28,61,11,189,0,14,35,5,54,89,42,96,16,243,0,0,0,243
05/07/2020,SAT,TX,ASW,CE,Combined TRACON& Tower with Radar,87,31,67,4,189,0,16,27,0,43,87,47,94,4,232,0,0,0,232
05/08/2020,SAT,TX,ASW,CE,Combined TRACON& Tower with Radar,75,32,35,8,150,0,8,30,1,39,75,40,65,9,189,0,0,0,189
05/09/2020,SAT,TX,ASW,CE,Combined TRACON& Tower with Radar,65,15,52,7,139,0,3,32,1,36,65,18,84,8,175,0,0,0,175
05/10/2020,SAT,TX,ASW,CE,Combined TRACON& Tower with Radar,66,11,30,8,115,0,8,30,1,39,66,19,60,9,154,0,0,0,154
05/11/2020,SAT,TX,ASW,CE,Combined TRACON& Tower with Radar,74,31,53,7,165,0,8,29,0,37,74,39,82,7,202,0,0,0,202
05/12/2020,SAT,TX,ASW,CE,Combined TRACON& Tower with Radar,85,39,39,3,166,0,4,8,0,12,85,43,47,3,178,0,0,0,178
05/13/2020,SAT,TX,ASW,CE,Combined TRACON& Tower with Radar,88,25,62,2,177,0,6,38,0,44,88,31,100,2,221,0,0,0,221
05/14/2020,SAT,TX,ASW,CE,Combined TRACON& Tower with Radar,87,20,54,5,166,0,11,31,3,45,87,31,85,8,211,0,0,0,211
05/15/2020,SAT,TX,ASW,CE,Combined TRACON& Tower with Radar,85,35,59,10,189,0,9,13,1,23,85,44,72,11,212,0,0,0,212
05/16/2020,SAT,TX,ASW,CE,Combined TRACON& Tower with Radar,67,17,41,14,139,0,11,9,0,20,67,28,50,14,159,0,0,0,159
05/17/2020,SAT,TX,ASW,CE,Combined TRACON& Tower with Radar,72,6,31,9,118,0,7,49,2,58,72,13,80,11,176,0,0,0,176
05/18/2020,SAT,TX,ASW,CE,Combined TRACON& Tower with Radar,79,20,45,5,149,0,0,52,2,54,79,20,97,7,203,0,0,0,203
05/19/2020,SAT,TX,ASW,CE,Combined TRACON& Tower with Radar,85,39,48,10,182,0,11,53,1,65,85,50,101,11,247,0,0,0,247
05/20/2020,SAT,TX,ASW,CE,Combined TRACON& Tower with Radar,86,28,71,10,195,0,9,40,9,58,86,37,111,19,253,0,0,0,253
05/21/2020,SAT,TX,ASW,CE,Combined TRACON& Tower with Radar,82,38,100,4,224,0,8,26,2,36,82,46,126,6,260,0,0,0,260
05/22/2020,SAT,TX,ASW,CE,Combined TRACON& Tower with Radar,84,34,71,5,194,0,6,40,0,46,84,40,111,5,240,0,0,0,240
05/23/2020,SAT,TX,ASW,CE,Combined TRACON& Tower with Radar,68,19,41,2,130,0,8,13,2,23,68,27,54,4,153,0,0,0,153
05/24/2020,SAT,TX,ASW,CE,Combined TRACON& Tower with Radar,79,11,21,0,111,0,0,11,2,13,79,11,32,2,124,0,0,0,124
05/25/2020,SAT,TX,ASW,CE,Combined TRACON& Tower with Radar,78,10,27,2,117,0,6,12,0,18,78,16,39,2,135,0,0,0,135
05/26/2020,SAT,TX,ASW,CE,Combined TRACON& Tower with Radar,81,38,60,3,182,0,6,36,1,43,81,44,96,4,225,0,0,0,225
05/27/2020,SAT,TX,ASW,CE,Combined TRACON& Tower with Radar,93,35,52,7,187,0,4,27,0,31,93,39,79,7,218,0,0,0,218
05/28/2020,SAT,TX,ASW,CE,Combined TRACON& Tower with Radar,91,32,79,7,209,0,4,42,0,46,91,36,121,7,255,0,0,0,255
05/29/2020,SAT,TX,ASW,CE,Combined TRACON& Tower with Radar,94,31,75,14,214,0,17,55,4,76,94,48,130,18,290,0,0,0,290
05/30/2020,SAT,TX,ASW,CE,Combined TRACON& Tower with Radar,62,21,50,15,148,0,12,53,1,66,62,33,103,16,214,0,0,0,214
05/31/2020,SAT,TX,ASW,CE,Combined TRACON& Tower with Radar,67,21,60,4,152,0,2,13,0,15,67,23,73,4,167,0,0,0,167
06/01/2020,SAT,TX,ASW,CE,Combined TRACON& Tower with Radar,77,32,72,0,181,0,3,31,0,34,77,35,103,0,215,0,0,0,215
06/02/2020,SAT,TX,ASW,CE,Combined TRACON& Tower with Radar,81,37,60,4,182,0,0,26,0,26,81,37,86,4,208,0,0,0,208
06/03/2020,SAT,TX,ASW,CE,Combined TRACON& Tower with Radar,87,33,60,18,198,0,18,24,3,45,87,51,84,21,243,0,0,0,243
06/04/2020,SAT,TX,ASW,CE,Combined TRACON& Tower with Radar,85,35,56,13,189,0,2,46,2,50,85,37,102,15,239,0,0,0,239
06/05/2020,SAT,TX,ASW,CE,Combined TRACON& Tower with Radar,90,36,65,13,204,0,2,34,4,40,90,38,99,17,244,0,0,0,244
06/06/2020,SAT,TX,ASW,CE,Combined TRACON& Tower with Radar,70,22,28,2,122,0,19,43,0,62,70,41,71,2,184,0,0,0,184
06/07/2020,SAT,TX,ASW,CE,Combined TRACON& Tower with Radar,93,17,46,6,162,0,9,37,0,46,93,26,83,6,208,0,0,0,208
06/08/2020,SAT,TX,ASW,CE,Combined TRACON& Tower with Radar,100,29,55,11,195,0,8,50,0,58,100,37,105,11,253,0,0,0,253
06/09/2020,SAT,TX,ASW,CE,Combined TRACON& Tower with Radar,105,37,58,40,240,0,7,31,0,38,105,44,89,40,278,0,0,0,278
06/10/2020,SAT,TX,ASW,CE,Combined TRACON& Tower with Radar,85,47,58,29,219,0,9,36,8,53,85,56,94,37,272,0,0,0,272
06/11/2020,SAT,TX,ASW,CE,Combined TRACON& Tower with Radar,127,39,80,38,284,0,16,66,3,85,127,55,146,41,369,0,0,0,369
06/12/2020,SAT,TX,ASW,CE,Combined TRACON& Tower with Radar,109,44,58,15,226,0,13,59,7,79,109,57,117,22,305,0,0,0,305
06/13/2020,SAT,TX,ASW,CE,Combined TRACON& Tower with Radar,90,30,41,7,168,0,17,31,1,49,90,47,72,8,217,0,0,0,217
06/14/2020,SAT,TX,ASW,CE,Combined TRACON& Tower with Radar,89,24,38,5,156,0,10,44,2,56,89,34,82,7,212,0,0,0,212
06/15/2020,SAT,TX,ASW,CE,Combined TRACON& Tower with Radar,97,41,54,7,199,0,9,22,1,32,97,50,76,8,231,0,0,0,231
06/16/2020,SAT,TX,ASW,CE,Combined TRACON& Tower with Radar,101,33,63,28,225,0,9,32,1,42,101,42,95,29,267,0,0,0,267
06/17/2020,SAT,TX,ASW,CE,Combined TRACON& Tower with Radar,104,29,90,12,235,0,18,44,0,62,104,47,134,12,297,0,0,0,297
06/18/2020,SAT,TX,ASW,CE,Combined TRACON& Tower with Radar,110,42,77,26,255,0,9,31,4,44,110,51,108,30,299,0,0,0,299
06/19/2020,SAT,TX,ASW,CE,Combined TRACON& Tower with Radar,112,38,84,23,257,0,12,32,5,49,112,50,116,28,306,0,0,0,306
06/20/2020,SAT,TX,ASW,CE,Combined TRACON& Tower with Radar,86,27,46,17,176,0,12,14,1,27,86,39,60,18,203,0,0,0,203
06/21/2020,SAT,TX,ASW,CE,Combined TRACON& Tower with Radar,93,23,43,3,162,0,5,15,2,22,93,28,58,5,184,0,0,0,184
06/22/2020,SAT,TX,ASW,CE,Combined TRACON& Tower with Radar,112,28,61,27,228,0,8,21,0,29,112,36,82,27,257,0,0,0,257
06/23/2020,SAT,TX,ASW,CE,Combined TRACON& Tower with Radar,105,31,57,8,201,0,11,27,0,38,105,42,84,8,239,0,0,0,239
06/24/2020,SAT,TX,ASW,CE,Combined TRACON& Tower with Radar,105,50,62,16,233,0,9,34,7,50,105,59,96,23,283,0,0,0,283
06/25/2020,SAT,TX,ASW,CE,Combined TRACON& Tower with Radar,111,39,75,27,252,0,8,30,3,41,111,47,105,30,293,0,0,0,293
06/26/2020,SAT,TX,ASW,CE,Combined TRACON& Tower with Radar,112,52,48,8,220,0,7,11,0,18,112,59,59,8,238,0,0,0,238
06/27/2020,SAT,TX,ASW,CE,Combined TRACON& Tower with Radar,87,29,41,17,174,0,10,22,1,33,87,39,63,18,207,0,0,0,207
06/28/2020,SAT,TX,ASW,CE,Combined TRACON& Tower with Radar,92,21,77,5,195,0,10,4,0,14,92,31,81,5,209,0,0,0,209
06/29/2020,SAT,TX,ASW,CE,Combined TRACON& Tower with Radar,102,30,56,18,206,0,3,10,0,13,102,33,66,18,219,0,0,0,219
06/30/2020,SAT,TX,ASW,CE,Combined TRACON& Tower with Radar,103,36,62,8,209,0,9,24,4,37,103,45,86,12,246,0,0,0,246
07/01/2020,SAT,TX,ASW,CE,Combined TRACON& Tower with Radar,109,41,64,6,220,0,11,33,5,49,109,52,97,11,269,0,0,0,269
07/02/2020,SAT,TX,ASW,CE,Combined TRACON& Tower with Radar,111,44,85,8,248,0,10,36,0,46,111,54,121,8,294,0,0,0,294
07/03/2020,SAT,TX,ASW,CE,Combined TRACON& Tower with Radar,120,31,43,6,200,0,14,37,2,53,120,45,80,8,253,0,0,0,253
07/04/2020,SAT,TX,ASW,CE,Combined TRACON& Tower with Radar,81,10,17,0,108,0,11,16,2,29,81,21,33,2,137,0,0,0,137
07/05/2020,SAT,TX,ASW,CE,Combined TRACON& Tower with Radar,104,11,48,0,163,0,10,19,0,29,104,21,67,0,192,0,0,0,192
07/06/2020,SAT,TX,ASW,CE,Combined TRACON& Tower with Radar,115,47,67,4,233,0,9,35,0,44,115,56,102,4,277,2,0,2,279
07/07/2020,SAT,TX,ASW,CE,Combined TRACON& Tower with Radar,128,36,66,3,233,0,7,36,1,44,128,43,102,4,277,0,0,0,277
07/08/2020,SAT,TX,ASW,CE,Combined TRACON& Tower with Radar,123,43,67,12,245,0,8,46,3,57,123,51,113,15,302,0,0,0,302
07/09/2020,SAT,TX,ASW,CE,Combined TRACON& Tower with Radar,132,39,56,18,245,0,8,32,1,41,132,47,88,19,286,0,0,0,286
07/10/2020,SAT,TX,ASW,CE,Combined TRACON& Tower with Radar,130,29,64,17,240,0,10,38,4,52,130,39,102,21,292,0,0,0,292
07/11/2020,SAT,TX,ASW,CE,Combined TRACON& Tower with Radar,102,23,46,14,185,0,11,31,0,42,102,34,77,14,227,0,0,0,227
07/12/2020,SAT,TX,ASW,CE,Combined TRACON& Tower with Radar,112,29,51,15,207,0,10,22,0,32,112,39,73,15,239,0,0,0,239
07/13/2020,SAT,TX,ASW,CE,Combined TRACON& Tower with Radar,123,28,52,10,213,0,5,58,4,67,123,33,110,14,280,0,0,0,280
07/14/2020,SAT,TX,ASW,CE,Combined TRACON& Tower with Radar,112,28,46,10,196,0,18,48,2,68,112,46,94,12,264,0,0,0,264
07/15/2020,SAT,TX,ASW,CE,Combined TRACON& Tower with Radar,113,39,66,23,241,0,12,39,6,57,113,51,105,29,298,0,0,0,298
07/16/2020,SAT,TX,ASW,CE,Combined TRACON& Tower with Radar,132,38,65,8,243,0,17,46,2,65,132,55,111,10,308,0,0,0,308
07/17/2020,SAT,TX,ASW,CE,Combined TRACON& Tower with Radar,128,52,62,18,260,0,15,29,3,47,128,67,91,21,307,0,0,0,307
07/18/2020,SAT,TX,ASW,CE,Combined TRACON& Tower with Radar,99,33,48,11,191,0,12,39,1,52,99,45,87,12,243,0,0,0,243
07/19/2020,SAT,TX,ASW,CE,Combined TRACON& Tower with Radar,113,16,42,6,177,0,6,17,0,23,113,22,59,6,200,0,0,0,200
07/20/2020,SAT,TX,ASW,CE,Combined TRACON& Tower with Radar,117,33,45,35,230,0,9,38,5,52,117,42,83,40,282,0,0,0,282
07/21/2020,SAT,TX,ASW,CE,Combined TRACON& Tower with Radar,116,49,38,44,247,0,4,40,3,47,116,53,78,47,294,0,0,0,294
07/22/2020,SAT,TX,ASW,CE,Combined TRACON& Tower with Radar,119,40,76,20,255,0,8,40,4,52,119,48,116,24,307,0,0,0,307
07/23/2020,SAT,TX,ASW,CE,Combined TRACON& Tower with Radar,126,40,59,23,248,0,14,28,3,45,126,54,87,26,293,0,0,0,293
07/24/2020,SAT,TX,ASW,CE,Combined TRACON& Tower with Radar,132,44,66,15,257,0,18,41,9,68,132,62,107,24,325,0,0,0,325
07/25/2020,SAT,TX,ASW,CE,Combined TRACON& Tower with Radar,101,17,39,6,163,0,13,5,0,18,101,30,44,6,181,0,0,0,181
07/26/2020,SAT,TX,ASW,CE,Combined TRACON& Tower with Radar,116,15,51,5,187,0,15,7,0,22,116,30,58,5,209,0,0,0,209
07/27/2020,SAT,TX,ASW,CE,Combined TRACON& Tower with Radar,121,35,48,9,213,0,5,17,0,22,121,40,65,9,235,0,0,0,235
07/28/2020,SAT,TX,ASW,CE,Combined TRACON& Tower with Radar,113,38,61,25,237,0,8,39,8,55,113,46,100,33,292,0,0,0,292
07/29/2020,SAT,TX,ASW,CE,Combined TRACON& Tower with Radar,118,40,81,10,249,0,7,34,10,51,118,47,115,20,300,0,0,0,300
07/30/2020,SAT,TX,ASW,CE,Combined TRACON& Tower with Radar,125,53,87,7,272,0,11,39,2,52,125,64,126,9,324,0,0,0,324
07/31/2020,SAT,TX,ASW,CE,Combined TRACON& Tower with Radar,131,47,80,5,263,0,15,15,1,31,131,62,95,6,294,0,0,0,294
08/01/2020,SAT,TX,ASW,CE,Combined TRACON& Tower with Radar,105,30,43,5,183,0,1,15,0,16,105,31,58,5,199,0,0,0,199
08/02/2020,SAT,TX,ASW,CE,Combined TRACON& Tower with Radar,131,22,42,8,203,0,4,24,0,28,131,26,66,8,231,0,0,0,231
08/03/2020,SAT,TX,ASW,CE,Combined TRACON& Tower with Radar,134,30,68,6,238,0,3,21,6,30,134,33,89,12,268,0,0,0,268
08/04/2020,SAT,TX,ASW,CE,Combined TRACON& Tower with Radar,126,48,61,24,259,0,12,53,4,69,126,60,114,28,328,0,0,0,328
08/05/2020,SAT,TX,ASW,CE,Combined TRACON& Tower with Radar,127,45,66,21,259,0,17,38,8,63,127,62,104,29,322,0,0,0,322
08/06/2020,SAT,TX,ASW,CE,Combined TRACON& Tower with Radar,143,46,90,20,299,0,12,29,2,43,143,58,119,22,342,0,0,0,342
08/07/2020,SAT,TX,ASW,CE,Combined TRACON& Tower with Radar,143,35,73,22,273,0,16,41,5,62,143,51,114,27,335,0,0,0,335
08/08/2020,SAT,TX,ASW,CE,Combined TRACON& Tower with Radar,121,38,44,12,215,0,27,18,5,50,121,65,62,17,265,0,0,0,265
08/09/2020,SAT,TX,ASW,CE,Combined TRACON& Tower with Radar,124,27,61,11,223,0,11,29,7,47,124,38,90,18,270,0,0,0,270
08/10/2020,SAT,TX,ASW,CE,Combined TRACON& Tower with Radar,132,42,55,24,253,0,7,27,2,36,132,49,82,26,289,0,0,0,289
08/11/2020,SAT,TX,ASW,CE,Combined TRACON& Tower with Radar,147,50,72,14,283,0,7,56,0,63,147,57,128,14,346,0,0,0,346
08/12/2020,SAT,TX,ASW,CE,Combined TRACON& Tower with Radar,150,46,85,19,300,0,8,26,3,37,150,54,111,22,337,0,0,0,337
08/13/2020,SAT,TX,ASW,CE,Combined TRACON& Tower with Radar,161,49,64,3,277,0,21,62,3,86,161,70,126,6,363,0,0,0,363
08/14/2020,SAT,TX,ASW,CE,Combined TRACON& Tower with Radar,164,52,67,10,293,0,8,42,2,52,164,60,109,12,345,0,0,0,345
08/15/2020,SAT,TX,ASW,CE,Combined TRACON& Tower with Radar,141,28,26,12,207,0,23,22,1,46,141,51,48,13,253,0,0,0,253
08/16/2020,SAT,TX,ASW,CE,Combined TRACON& Tower with Radar,164,25,64,11,264,0,9,30,4,43,164,34,94,15,307,0,0,0,307
08/17/2020,SAT,TX,ASW,CE,Combined TRACON& Tower with Radar,164,26,52,10,252,0,4,34,3,41,164,30,86,13,293,0,0,0,293
08/18/2020,SAT,TX,ASW,CE,Combined TRACON& Tower with Radar,145,45,53,3,246,0,17,53,0,70,145,62,106,3,316,0,0,0,316
08/19/2020,SAT,TX,ASW,CE,Combined TRACON& Tower with Radar,150,43,80,13,286,0,23,36,2,61,150,66,116,15,347,0,0,0,347
08/20/2020,SAT,TX,ASW,CE,Combined TRACON& Tower with Radar,167,50,90,5,312,0,12,42,0,54,167,62,132,5,366,0,0,0,366
08/21/2020,SAT,TX,ASW,CE,Combined TRACON& Tower with Radar,158,39,66,28,291,0,13,52,3,68,158,52,118,31,359,0,0,0,359
08/22/2020,SAT,TX,ASW,CE,Combined TRACON& Tower with Radar,135,27,48,9,219,0,11,20,1,32,135,38,68,10,251,0,0,0,251
08/23/2020,SAT,TX,ASW,CE,Combined TRACON& Tower with Radar,144,27,45,8,224,0,12,36,5,53,144,39,81,13,277,0,0,0,277
08/24/2020,SAT,TX,ASW,CE,Combined TRACON& Tower with Radar,147,31,50,9,237,0,12,39,3,54,147,43,89,12,291,0,0,0,291
08/25/2020,SAT,TX,ASW,CE,Combined TRACON& Tower with Radar,148,45,80,5,278,0,18,45,7,70,148,63,125,12,348,0,0,0,348
08/26/2020,SAT,TX,ASW,CE,Combined TRACON& Tower with Radar,139,51,54,18,262,0,6,41,4,51,139,57,95,22,313,0,0,0,313
08/27/2020,SAT,TX,ASW,CE,Combined TRACON& Tower with Radar,158,47,85,8,298,0,5,42,3,50,158,52,127,11,348,0,0,0,348
08/28/2020,SAT,TX,ASW,CE,Combined TRACON& Tower with Radar,163,43,51,13,270,0,8,42,3,53,163,51,93,16,323,0,0,0,323
08/29/2020,SAT,TX,ASW,CE,Combined TRACON& Tower with Radar,137,30,48,1,216,0,12,25,4,41,137,42,73,5,257,0,0,0,257
08/30/2020,SAT,TX,ASW,CE,Combined TRACON& Tower with Radar,145,23,50,2,220,0,4,23,1,28,145,27,73,3,248,0,0,0,248
08/31/2020,SAT,TX,ASW,CE,Combined TRACON& Tower with Radar,158,37,60,14,269,0,7,27,3,37,158,44,87,17,306,0,0,0,306
09/01/2020,SAT,TX,ASW,CE,Combined TRACON& Tower with Radar,160,39,79,5,283,0,9,35,4,48,160,48,114,9,331,0,0,0,331
09/02/2020,SAT,TX,ASW,CE,Combined TRACON& Tower with Radar,158,39,74,2,273,0,4,23,3,30,158,43,97,5,303,0,0,0,303
09/03/2020,SAT,TX,ASW,CE,Combined TRACON& Tower with Radar,167,56,86,12,321,0,4,48,4,56,167,60,134,16,377,0,0,0,377
09/04/2020,SAT,TX,ASW,CE,Combined TRACON& Tower with Radar,164,59,70,2,295,0,10,25,2,37,164,69,95,4,332,0,0,0,332
09/05/2020,SAT,TX,ASW,CE,Combined TRACON& Tower with Radar,124,26,32,2,184,0,10,10,0,20,124,36,42,2,204,0,0,0,204
09/06/2020,SAT,TX,ASW,CE,Combined TRACON& Tower with Radar,127,22,41,0,190,0,6,33,2,41,127,28,74,2,231,0,0,0,231
09/07/2020,SAT,TX,ASW,CE,Combined TRACON& Tower with Radar,122,29,73,4,228,0,4,41,0,45,122,33,114,4,273,0,0,0,273
09/08/2020,SAT,TX,ASW,CE,Combined TRACON& Tower with Radar,109,40,64,6,219,0,12,28,1,41,109,52,92,7,260,0,0,0,260
09/09/2020,SAT,TX,ASW,CE,Combined TRACON& Tower with Radar,134,41,55,2,232,0,2,7,2,11,134,43,62,4,243,0,0,0,243
09/10/2020,SAT,TX,ASW,CE,Combined TRACON& Tower with Radar,134,41,78,18,271,0,0,8,0,8,134,41,86,18,279,0,0,0,279
09/11/2020,SAT,TX,ASW,CE,Combined TRACON& Tower with Radar,131,38,77,22,268,0,9,36,0,45,131,47,113,22,313,0,0,0,313
09/12/2020,SAT,TX,ASW,CE,Combined TRACON& Tower with Radar,115,24,37,18,194,0,9,44,4,57,115,33,81,22,251,0,0,0,251
09/13/2020,SAT,TX,ASW,CE,Combined TRACON& Tower with Radar,123,23,50,15,211,0,5,30,1,36,123,28,80,16,247,0,0,0,247
09/14/2020,SAT,TX,ASW,CE,Combined TRACON& Tower with Radar,126,36,66,3,231,0,6,40,3,49,126,42,106,6,280,0,0,0,280
09/15/2020,SAT,TX,ASW,CE,Combined TRACON& Tower with Radar,120,28,47,2,197,0,11,38,1,50,120,39,85,3,247,0,0,0,247
09/16/2020,SAT,TX,ASW,CE,Combined TRACON& Tower with Radar,126,39,62,6,233,0,8,36,0,44,126,47,98,6,277,0,0,0,277
09/17/2020,SAT,TX,ASW,CE,Combined TRACON& Tower with Radar,135,34,87,4,260,0,5,32,0,37,135,39,119,4,297,0,0,0,297
09/18/2020,SAT,TX,ASW,CE,Combined TRACON& Tower with Radar,137,47,63,34,281,0,13,35,7,55,137,60,98,41,336,0,0,0,336
09/19/2020,SAT,TX,ASW,CE,Combined TRACON& Tower with Radar,115,27,58,18,218,0,15,43,3,61,115,42,101,21,279,0,0,0,279
09/20/2020,SAT,TX,ASW,CE,Combined TRACON& Tower with Radar,121,27,60,4,212,0,7,25,1,33,121,34,85,5,245,0,0,0,245
09/21/2020,SAT,TX,ASW,CE,Combined TRACON& Tower with Radar,117,36,63,1,217,0,2,5,0,7,117,38,68,1,224,0,0,0,224
09/22/2020,SAT,TX,ASW,CE,Combined TRACON& Tower with Radar,125,41,98,7,271,0,3,18,0,21,125,44,116,7,292,0,0,0,292
09/23/2020,SAT,TX,ASW,CE,Combined TRACON& Tower with Radar,136,38,86,10,270,0,4,34,2,40,136,42,120,12,310,0,0,0,310
09/24/2020,SAT,TX,ASW,CE,Combined TRACON& Tower with Radar,131,38,97,17,283,0,6,43,4,53,131,44,140,21,336,0,0,0,336
09/25/2020,SAT,TX,ASW,CE,Combined TRACON& Tower with Radar,137,31,87,5,260,0,8,50,0,58,137,39,137,5,318,0,0,0,318
09/26/2020,SAT,TX,ASW,CE,Combined TRACON& Tower with Radar,116,18,46,5,185,0,11,14,2,27,116,29,60,7,212,0,0,0,212
09/27/2020,SAT,TX,ASW,CE,Combined TRACON& Tower with Radar,135,37,57,21,250,0,7,25,2,34,135,44,82,23,284,0,0,0,284
09/28/2020,SAT,TX,ASW,CE,Combined TRACON& Tower with Radar,123,44,52,6,225,0,6,21,1,28,123,50,73,7,253,0,0,0,253
09/29/2020,SAT,TX,ASW,CE,Combined TRACON& Tower with Radar,125,41,59,21,246,0,8,49,9,66,125,49,108,30,312,0,0,0,312
09/30/2020,SAT,TX,ASW,CE,Combined TRACON& Tower with Radar,130,39,84,19,272,0,16,58,1,75,130,55,142,20,347,0,0,0,347
10/01/2020,SAT,TX,ASW,CE,Combined TRACON& Tower with Radar,132,60,85,10,287,0,13,69,5,87,132,73,154,15,374,0,0,0,374
10/02/2020,SAT,TX,ASW,CE,Combined TRACON& Tower with Radar,143,49,70,15,277,0,15,67,1,83,143,64,137,16,360,0,0,0,360
10/03/2020,SAT,TX,ASW,CE,Combined TRACON& Tower with Radar,115,26,38,29,208,0,12,36,3,51,115,38,74,32,259,0,0,0,259
10/04/2020,SAT,TX,ASW,CE,Combined TRACON& Tower with Radar,127,24,52,10,213,0,11,55,5,71,127,35,107,15,284,0,0,0,284
10/05/2020,SAT,TX,ASW,CE,Combined TRACON& Tower with Radar,125,46,87,12,270,0,6,33,4,43,125,52,120,16,313,0,0,0,313
10/06/2020,SAT,TX,ASW,CE,Combined TRACON& Tower with Radar,128,40,76,13,257,0,13,36,4,53,128,53,112,17,310,0,0,0,310
10/07/2020,SAT,TX,ASW,CE,Combined TRACON& Tower with Radar,133,40,80,10,263,0,15,44,5,64,133,55,124,15,327,0,0,0,327
10/08/2020,SAT,TX,ASW,CE,Combined TRACON& Tower with Radar,148,57,98,29,332,0,5,39,3,47,148,62,137,32,379,0,0,0,379
10/09/2020,SAT,TX,ASW,CE,Combined TRACON& Tower with Radar,164,39,84,14,301,0,9,31,3,43,164,48,115,17,344,0,0,0,344
10/10/2020,SAT,TX,ASW,CE,Combined TRACON& Tower with Radar,110,37,51,10,208,0,13,35,1,49,110,50,86,11,257,0,0,0,257
10/11/2020,SAT,TX,ASW,CE,Combined TRACON& Tower with Radar,138,23,57,8,226,0,8,30,4,42,138,31,87,12,268,0,0,0,268
10/12/2020,SAT,TX,ASW,CE,Combined TRACON& Tower with Radar,131,26,85,10,252,0,11,31,1,43,131,37,116,11,295,0,0,0,295
10/13/2020,SAT,TX,ASW,CE,Combined TRACON& Tower with Radar,124,36,106,15,281,0,18,55,3,76,124,54,161,18,357,0,0,0,357
10/14/2020,SAT,TX,ASW,CE,Combined TRACON& Tower with Radar,132,33,82,9,256,0,12,50,4,66,132,45,132,13,322,0,0,0,322
10/15/2020,SAT,TX,ASW,CE,Combined TRACON& Tower with Radar,144,37,121,10,312,0,10,38,0,48,144,47,159,10,360,0,0,0,360
10/16/2020,SAT,TX,ASW,CE,Combined TRACON& Tower with Radar,154,48,78,13,293,0,13,42,5,60,154,61,120,18,353,0,0,0,353
10/17/2020,SAT,TX,ASW,CE,Combined TRACON& Tower with Radar,110,28,56,32,226,0,10,7,0,17,110,38,63,32,243,0,0,0,243
10/18/2020,SAT,TX,ASW,CE,Combined TRACON& Tower with Radar,137,28,87,8,260,0,11,27,6,44,137,39,114,14,304,0,0,0,304
10/19/2020,SAT,TX,ASW,CE,Combined TRACON& Tower with Radar,134,40,84,7,265,0,13,25,2,40,134,53,109,9,305,0,0,0,305
10/20/2020,SAT,TX,ASW,CE,Combined TRACON& Tower with Radar,138,55,95,11,299,0,10,40,1,51,138,65,135,12,350,0,0,0,350
10/21/2020,SAT,TX,ASW,CE,Combined TRACON& Tower with Radar,137,45,90,8,280,0,6,33,10,49,137,51,123,18,329,0,0,0,329
10/22/2020,SAT,TX,ASW,CE,Combined TRACON& Tower with Radar,143,56,121,9,329,0,14,31,4,49,143,70,152,13,378,0,0,0,378
10/23/2020,SAT,TX,ASW,CE,Combined TRACON& Tower with Radar,155,44,121,16,336,0,11,30,0,41,155,55,151,16,377,0,0,0,377
10/24/2020,SAT,TX,ASW,CE,Combined TRACON& Tower with Radar,105,30,61,20,216,0,8,19,1,28,105,38,80,21,244,0,0,0,244
10/25/2020,SAT,TX,ASW,CE,Combined TRACON& Tower with Radar,132,44,106,16,298,0,14,17,2,33,132,58,123,18,331,0,0,0,331
10/26/2020,SAT,TX,ASW,CE,Combined TRACON& Tower with Radar,131,48,93,3,275,0,1,2,1,4,131,49,95,4,279,0,0,0,279
10/27/2020,SAT,TX,ASW,CE,Combined TRACON& Tower with Radar,126,49,84,14,273,0,0,0,0,0,126,49,84,14,273,0,0,0,273
10/28/2020,SAT,TX,ASW,CE,Combined TRACON& Tower with Radar,133,44,95,15,287,0,9,21,2,32,133,53,116,17,319,0,0,0,319
10/29/2020,SAT,TX,ASW,CE,Combined TRACON& Tower with Radar,137,55,83,9,284,0,22,34,6,62,137,77,117,15,346,0,0,0,346
10/30/2020,SAT,TX,ASW,CE,Combined TRACON& Tower with Radar,146,54,108,5,313,0,17,76,4,97,146,71,184,9,410,0,0,0,410
10/31/2020,SAT,TX,ASW,CE,Combined TRACON& Tower with Radar,99,23,50,5,177,0,8,34,3,45,99,31,84,8,222,0,0,0,222
11/01/2020,SAT,TX,ASW,CE,Combined TRACON& Tower with Radar,123,41,67,11,242,0,11,48,3,62,123,52,115,14,304,0,0,0,304
11/02/2020,SAT,TX,ASW,CE,Combined TRACON& Tower with Radar,127,42,74,11,254,0,11,29,2,42,127,53,103,13,296,0,0,0,296
11/03/2020,SAT,TX,ASW,CE,Combined TRACON& Tower with Radar,133,47,59,8,247,0,9,58,8,75,133,56,117,16,322,0,0,0,322
11/04/2020,SAT,TX,ASW,CE,Combined TRACON& Tower with Radar,115,57,78,7,257,0,13,58,6,77,115,70,136,13,334,0,0,0,334
11/05/2020,SAT,TX,ASW,CE,Combined TRACON& Tower with Radar,149,53,75,12,289,0,10,42,4,56,149,63,117,16,345,0,0,0,345
11/06/2020,SAT,TX,ASW,CE,Combined TRACON& Tower with Radar,152,75,88,4,319,0,16,30,0,46,152,91,118,4,365,0,0,0,365
11/07/2020,SAT,TX,ASW,CE,Combined TRACON& Tower with Radar,108,35,55,4,202,0,4,37,0,41,108,39,92,4,243,0,0,0,243
11/08/2020,SAT,TX,ASW,CE,Combined TRACON& Tower with Radar,137,26,64,11,238,0,4,40,3,47,137,30,104,14,285,0,0,0,285
11/09/2020,SAT,TX,ASW,CE,Combined TRACON& Tower with Radar,144,37,72,13,266,0,16,38,1,55,144,53,110,14,321,0,0,0,321
11/10/2020,SAT,TX,ASW,CE,Combined TRACON& Tower with Radar,117,44,87,10,258,0,14,13,0,27,117,58,100,10,285,0,0,0,285
11/11/2020,SAT,TX,ASW,CE,Combined TRACON& Tower with Radar,118,51,76,5,250,0,16,67,5,88,118,67,143,10,338,0,0,0,338
11/12/2020,SAT,TX,ASW,CE,Combined TRACON& Tower with Radar,153,48,112,16,329,0,17,31,2,50,153,65,143,18,379,0,0,0,379
11/13/2020,SAT,TX,ASW,CE,Combined TRACON& Tower with Radar,159,48,125,30,362,0,16,28,6,50,159,64,153,36,412,0,0,0,412
11/14/2020,SAT,TX,ASW,CE,Combined TRACON& Tower with Radar,110,35,54,18,217,0,11,20,1,32,110,46,74,19,249,0,0,0,249
11/15/2020,SAT,TX,ASW,CE,Combined TRACON& Tower with Radar,141,32,65,12,250,0,3,39,3,45,141,35,104,15,295,0,0,0,295
11/16/2020,SAT,TX,ASW,CE,Combined TRACON& Tower with Radar,140,57,73,9,279,0,13,59,11,83,140,70,132,20,362,0,0,0,362
11/17/2020,SAT,TX,ASW,CE,Combined TRACON& Tower with Radar,119,46,107,9,281,0,10,61,1,72,119,56,168,10,353,0,0,0,353
11/18/2020,SAT,TX,ASW,CE,Combined TRACON& Tower with Radar,122,58,83,3,266,0,8,54,4,66,122,66,137,7,332,0,0,0,332
11/19/2020,SAT,TX,ASW,CE,Combined TRACON& Tower with Radar,153,60,91,6,310,0,6,57,1,64,153,66,148,7,374,0,0,0,374
11/20/2020,SAT,TX,ASW,CE,Combined TRACON& Tower with Radar,158,73,89,8,328,0,10,42,0,52,158,83,131,8,380,0,0,0,380
11/21/2020,SAT,TX,ASW,CE,Combined TRACON& Tower with Radar,147,30,56,0,233,0,6,19,2,27,147,36,75,2,260,0,0,0,260
11/22/2020,SAT,TX,ASW,CE,Combined TRACON& Tower with Radar,154,29,81,0,264,0,4,32,1,37,154,33,113,1,301,0,0,0,301
11/23/2020,SAT,TX,ASW,CE,Combined TRACON& Tower with Radar,151,37,51,2,241,0,7,24,0,31,151,44,75,2,272,0,0,0,272
11/24/2020,SAT,TX,ASW,CE,Combined TRACON& Tower with Radar,163,49,85,8,305,0,10,28,3,41,163,59,113,11,346,0,0,0,346
11/25/2020,SAT,TX,ASW,CE,Combined TRACON& Tower with Radar,155,73,73,1,302,0,11,47,2,60,155,84,120,3,362,0,0,0,362
11/26/2020,SAT,TX,ASW,CE,Combined TRACON& Tower with Radar,83,21,34,0,138,0,7,10,0,17,83,28,44,0,155,0,0,0,155
11/27/2020,SAT,TX,ASW,CE,Combined TRACON& Tower with Radar,143,42,34,0,219,0,3,5,1,9,143,45,39,1,228,0,0,0,228
11/28/2020,SAT,TX,ASW,CE,Combined TRACON& Tower with Radar,150,38,40,0,228,0,0,0,0,0,150,38,40,0,228,0,0,0,228
11/29/2020,SAT,TX,ASW,CE,Combined TRACON& Tower with Radar,155,49,109,2,315,0,8,36,1,45,155,57,145,3,360,0,0,0,360
11/30/2020,SAT,TX,ASW,CE,Combined TRACON& Tower with Radar,159,42,82,13,296,0,7,53,4,64,159,49,135,17,360,0,0,0,360
12/01/2020,SAT,TX,ASW,CE,Combined TRACON& Tower with Radar,151,45,77,7,280,0,11,51,6,68,151,56,128,13,348,0,0,0,348
12/02/2020,SAT,TX,ASW,CE,Combined TRACON& Tower with Radar,123,44,81,5,253,0,6,38,5,49,123,50,119,10,302,0,0,0,302
12/03/2020,SAT,TX,ASW,CE,Combined TRACON& Tower with Radar,139,49,92,10,290,0,15,37,4,56,139,64,129,14,346,0,0,0,346
12/04/2020,SAT,TX,ASW,CE,Combined TRACON& Tower with Radar,136,51,82,15,284,0,14,72,4,90,136,65,154,19,374,0,0,0,374
12/05/2020,SAT,TX,ASW,CE,Combined TRACON& Tower with Radar,102,24,48,12,186,0,11,19,2,32,102,35,67,14,218,0,0,0,218
12/06/2020,SAT,TX,ASW,CE,Combined TRACON& Tower with Radar,126,27,75,10,238,0,8,57,4,69,126,35,132,14,307,0,0,0,307
12/07/2020,SAT,TX,ASW,CE,Combined TRACON& Tower with Radar,125,38,73,5,241,0,10,41,2,53,125,48,114,7,294,0,0,0,294
12/08/2020,SAT,TX,ASW,CE,Combined TRACON& Tower with Radar,123,44,84,3,254,0,13,51,5,69,123,57,135,8,323,0,0,0,323
12/09/2020,SAT,TX,ASW,CE,Combined TRACON& Tower with Radar,123,55,80,6,264,0,8,57,8,73,123,63,137,14,337,0,0,0,337
12/10/2020,SAT,TX,ASW,CE,Combined TRACON& Tower with Radar,138,59,83,14,294,0,9,49,4,62,138,68,132,18,356,0,0,0,356
12/11/2020,SAT,TX,ASW,CE,Combined TRACON& Tower with Radar,142,49,75,22,288,0,7,31,2,40,142,56,106,24,328,0,0,0,328
12/12/2020,SAT,TX,ASW,CE,Combined TRACON& Tower with Radar,102,34,54,21,211,0,9,41,6,56,102,43,95,27,267,0,0,0,267
12/13/2020,SAT,TX,ASW,CE,Combined TRACON& Tower with Radar,132,24,55,15,226,0,10,13,2,25,132,34,68,17,251,0,0,0,251
12/14/2020,SAT,TX,ASW,CE,Combined TRACON& Tower with Radar,129,45,85,12,271,0,9,49,1,59,129,54,134,13,330,0,0,0,330
12/15/2020,SAT,TX,ASW,CE,Combined TRACON& Tower with Radar,132,54,83,32,301,0,6,40,2,48,132,60,123,34,349,0,0,0,349
12/16/2020,SAT,TX,ASW,CE,Combined TRACON& Tower with Radar,124,42,97,19,282,0,15,54,3,72,124,57,151,22,354,0,0,0,354
12/17/2020,SAT,TX,ASW,CE,Combined TRACON& Tower with Radar,163,58,96,16,333,0,12,69,3,84,163,70,165,19,417,0,0,0,417
12/18/2020,SAT,TX,ASW,CE,Combined TRACON& Tower with Radar,170,62,80,21,333,0,6,29,2,37,170,68,109,23,370,0,0,0,370
12/19/2020,SAT,TX,ASW,CE,Combined TRACON& Tower with Radar,164,31,80,7,282,0,9,13,0,22,164,40,93,7,304,0,0,0,304
12/20/2020,SAT,TX,ASW,CE,Combined TRACON& Tower with Radar,146,36,77,2,261,0,11,51,2,64,146,47,128,4,325,0,0,0,325
12/21/2020,SAT,TX,ASW,CE,Combined TRACON& Tower with Radar,154,43,70,3,270,0,6,49,6,61,154,49,119,9,331,0,0,0,331
12/22/2020,SAT,TX,ASW,CE,Combined TRACON& Tower with Radar,166,48,82,4,300,0,11,35,2,48,166,59,117,6,348,0,0,0,348
12/23/2020,SAT,TX,ASW,CE,Combined TRACON& Tower with Radar,161,60,60,10,291,0,12,14,5,31,161,72,74,15,322,0,0,0,322
12/24/2020,SAT,TX,ASW,CE,Combined TRACON& Tower with Radar,113,42,21,1,177,0,15,18,1,34,113,57,39,2,211,0,0,0,211
12/25/2020,SAT,TX,ASW,CE,Combined TRACON& Tower with Radar,93,28,19,1,141,0,13,31,3,47,93,41,50,4,188,0,0,0,188
12/26/2020,SAT,TX,ASW,CE,Combined TRACON& Tower with Radar,150,33,75,0,258,0,13,42,0,55,150,46,117,0,313,0,0,0,313
12/27/2020,SAT,TX,ASW,CE,Combined TRACON& Tower with Radar,154,46,74,1,275,0,11,37,0,48,154,57,111,1,323,0,0,0,323
12/28/2020,SAT,TX,ASW,CE,Combined TRACON& Tower with Radar,143,37,72,6,258,0,2,15,0,17,143,39,87,6,275,0,0,0,275
12/29/2020,SAT,TX,ASW,CE,Combined TRACON& Tower with Radar,158,51,90,3,302,0,7,16,0,23,158,58,106,3,325,0,0,0,325
12/30/2020,SAT,TX,ASW,CE,Combined TRACON& Tower with Radar,174,50,75,4,303,0,4,8,1,13,174,54,83,5,316,0,0,0,316
12/31/2020,SAT,TX,ASW,CE,Combined TRACON& Tower with Radar,122,33,30,0,185,0,1,1,1,3,122,34,31,1,188,0,0,0,188
01/01/2021,SAT,TX,ASW,CE,Combined TRACON& Tower with Radar,105,20,47,1,173,0,14,13,3,30,105,34,60,4,203,0,0,0,203
01/02/2021,SAT,TX,ASW,CE,Combined TRACON& Tower with Radar,161,31,65,0,257,0,9,41,1,51,161,40,106,1,308,0,0,0,308
01/03/2021,SAT,TX,ASW,CE,Combined TRACON& Tower with Radar,146,27,84,2,259,0,12,37,0,49,146,39,121,2,308,0,0,0,308
01/04/2021,SAT,TX,ASW,CE,Combined TRACON& Tower with Radar,146,34,79,3,262,0,12,63,1,76,146,46,142,4,338,0,0,0,338
01/05/2021,SAT,TX,ASW,CE,Combined TRACON& Tower with Radar,140,37,89,13,279,0,10,16,0,26,140,47,105,13,305,0,0,0,305
01/06/2021,SAT,TX,ASW,CE,Combined TRACON& Tower with Radar,147,47,57,7,258,0,3,27,1,31,147,50,84,8,289,0,0,0,289
01/07/2021,SAT,TX,ASW,CE,Combined TRACON& Tower with Radar,136,43,75,7,261,0,14,63,6,83,136,57,138,13,344,0,0,0,344
01/08/2021,SAT,TX,ASW,CE,Combined TRACON& Tower with Radar,133,36,62,10,241,0,5,77,2,84,133,41,139,12,325,0,0,0,325
01/09/2021,SAT,TX,ASW,CE,Combined TRACON& Tower with Radar,96,38,57,12,203,0,7,49,5,61,96,45,106,17,264,0,0,0,264
01/10/2021,SAT,TX,ASW,CE,Combined TRACON& Tower with Radar,118,32,60,1,211,0,2,1,0,3,118,34,61,1,214,0,0,0,214
01/11/2021,SAT,TX,ASW,CE,Combined TRACON& Tower with Radar,120,34,68,10,232,0,9,32,1,42,120,43,100,11,274,0,0,0,274
01/12/2021,SAT,TX,ASW,CE,Combined TRACON& Tower with Radar,129,49,70,4,252,0,16,48,0,64,129,65,118,4,316,0,0,0,316
01/13/2021,SAT,TX,ASW,CE,Combined TRACON& Tower with Radar,131,45,105,3,284,0,15,54,0,69,131,60,159,3,353,0,0,0,353
01/14/2021,SAT,TX,ASW,CE,Combined TRACON& Tower with Radar,135,48,88,4,275,0,13,65,1,79,135,61,153,5,354,0,0,0,354
01/15/2021,SAT,TX,ASW,CE,Combined TRACON& Tower with Radar,136,31,59,5,231,0,19,47,1,67,136,50,106,6,298,0,0,0,298
01/16/2021,SAT,TX,ASW,CE,Combined TRACON& Tower with Radar,102,26,39,6,173,0,8,43,1,52,102,34,82,7,225,0,0,0,225
01/17/2021,SAT,TX,ASW,CE,Combined TRACON& Tower with Radar,117,20,53,3,193,0,3,42,0,45,117,23,95,3,238,6,2,8,246
01/18/2021,SAT,TX,ASW,CE,Combined TRACON& Tower with Radar,121,40,83,1,245,0,5,23,0,28,121,45,106,1,273,0,0,0,273
01/19/2021,SAT,TX,ASW,CE,Combined TRACON& Tower with Radar,130,40,76,8,254,0,0,7,0,7,130,40,83,8,261,0,0,0,261
01/20/2021,SAT,TX,ASW,CE,Combined TRACON& Tower with Radar,122,51,70,4,247,0,1,0,0,1,122,52,70,4,248,0,0,0,248
01/21/2021,SAT,TX,ASW,CE,Combined TRACON& Tower with Radar,140,80,106,22,348,0,5,23,0,28,140,85,129,22,376,0,0,0,376
01/22/2021,SAT,TX,ASW,CE,Combined TRACON& Tower with Radar,129,63,107,21,320,0,10,43,1,54,129,73,150,22,374,0,0,0,374
01/23/2021,SAT,TX,ASW,CE,Combined TRACON& Tower with Radar,101,38,63,10,212,0,0,2,0,2,101,38,65,10,214,0,0,0,214
01/24/2021,SAT,TX,ASW,CE,Combined TRACON& Tower with Radar,123,42,40,4,209,0,1,1,0,2,123,43,41,4,211,0,0,0,211
01/25/2021,SAT,TX,ASW,CE,Combined TRACON& Tower with Radar,129,84,116,9,338,0,7,53,7,67,129,91,169,16,405,0,0,0,405
01/26/2021,SAT,TX,ASW,CE,Combined TRACON& Tower with Radar,128,56,87,12,283,0,17,48,1,66,128,73,135,13,349,0,0,0,349
01/27/2021,SAT,TX,ASW,CE,Combined TRACON& Tower with Radar,121,59,102,6,288,0,5,38,0,43,121,64,140,6,331,0,0,0,331
01/28/2021,SAT,TX,ASW,CE,Combined TRACON& Tower with Radar,139,70,118,9,336,0,7,44,2,53,139,77,162,11,389,0,0,0,389
01/29/2021,SAT,TX,ASW,CE,Combined TRACON& Tower with Radar,138,66,84,15,303,0,7,49,0,56,138,73,133,15,359,0,0,0,359
01/30/2021,SAT,TX,ASW,CE,Combined TRACON& Tower with Radar,114,66,49,10,239,0,10,19,0,29,114,76,68,10,268,0,0,0,268
01/31/2021,SAT,TX,ASW,CE,Combined TRACON& Tower with Radar,122,30,66,3,221,0,10,33,2,45,122,40,99,5,266,0,0,0,266
02/01/2021,SAT,TX,ASW,CE,Combined TRACON& Tower with Radar,130,42,64,3,239,0,14,48,3,65,130,56,112,6,304,0,0,0,304
02/02/2021,SAT,TX,ASW,CE,Combined TRACON& Tower with Radar,133,53,82,4,272,0,13,68,7,88,133,66,150,11,360,0,0,0,360
02/03/2021,SAT,TX,ASW,CE,Combined TRACON& Tower with Radar,129,46,81,6,262,0,8,68,4,80,129,54,149,10,342,0,0,0,342
02/04/2021,SAT,TX,ASW,CE,Combined TRACON& Tower with Radar,141,59,92,26,318,0,16,60,2,78,141,75,152,28,396,0,0,0,396
02/05/2021,SAT,TX,ASW,CE,Combined TRACON& Tower with Radar,139,49,87,27,302,0,18,26,2,46,139,67,113,29,348,0,0,0,348
02/06/2021,SAT,TX,ASW,CE,Combined TRACON& Tower with Radar,106,43,48,24,221,0,3,24,7,34,106,46,72,31,255,0,0,0,255
02/07/2021,SAT,TX,ASW,CE,Combined TRACON& Tower with Radar,121,36,43,14,214,0,15,39,1,55,121,51,82,15,269,0,0,0,269
02/08/2021,SAT,TX,ASW,CE,Combined TRACON& Tower with Radar,127,59,82,2,270,0,6,26,2,34,127,65,108,4,304,0,0,0,304
02/09/2021,SAT,TX,ASW,CE,Combined TRACON& Tower with Radar,135,90,104,7,336,0,8,30,2,40,135,98,134,9,376,0,0,0,376
02/10/2021,SAT,TX,ASW,CE,Combined TRACON& Tower with Radar,124,88,91,2,305,0,0,0,0,0,124,88,91,2,305,0,0,0,305
02/11/2021,SAT,TX,ASW,CE,Combined TRACON& Tower with Radar,127,54,86,0,267,0,1,0,0,1,127,55,86,0,268,0,0,0,268
02/12/2021,SAT,TX,ASW,CE,Combined TRACON& Tower with Radar,140,72,105,1,318,0,6,1,0,7,140,78,106,1,325,0,0,0,325
02/13/2021,SAT,TX,ASW,CE,Combined TRACON& Tower with Radar,99,38,37,1,175,0,0,1,0,1,99,38,38,1,176,0,0,0,176
02/14/2021,SAT,TX,ASW,CE,Combined TRACON& Tower with Radar,33,10,7,0,50,0,0,0,0,0,33,10,7,0,50,0,0,0,50
02/15/2021,SAT,TX,ASW,CE,Combined TRACON& Tower with Radar,0,0,0,0,0,0,2,4,0,6,0,2,4,0,6,0,0,0,6
02/16/2021,SAT,TX,ASW,CE,Combined TRACON& Tower with Radar,0,0,0,0,0,0,4,2,3,9,0,4,2,3,9,0,0,0,9
02/17/2021,SAT,TX,ASW,CE,Combined TRACON& Tower with Radar,16,11,26,0,53,0,0,0,0,0,16,11,26,0,53,0,0,0,53
02/18/2021,SAT,TX,ASW,CE,Combined TRACON& Tower with Radar,2,2,1,0,5,0,0,0,0,0,2,2,1,0,5,0,0,0,5
02/19/2021,SAT,TX,ASW,CE,Combined TRACON& Tower with Radar,96,58,82,1,237,0,12,25,2,39,96,70,107,3,276,0,0,0,276
02/20/2021,SAT,TX,ASW,CE,Combined TRACON& Tower with Radar,112,42,85,9,248,0,10,29,0,39,112,52,114,9,287,0,0,0,287
02/21/2021,SAT,TX,ASW,CE,Combined TRACON& Tower with Radar,120,40,74,0,234,0,6,34,0,40,120,46,108,0,274,0,0,0,274
02/22/2021,SAT,TX,ASW,CE,Combined TRACON& Tower with Radar,131,50,104,13,298,0,6,52,0,58,131,56,156,13,356,0,0,0,356
02/23/2021,SAT,TX,ASW,CE,Combined TRACON& Tower with Radar,141,71,115,11,338,0,13,72,0,85,141,84,187,11,423,0,0,0,423
02/24/2021,SAT,TX,ASW,CE,Combined TRACON& Tower with Radar,126,93,112,14,345,0,7,37,1,45,126,100,149,15,390,0,0,0,390
02/25/2021,SAT,TX,ASW,CE,Combined TRACON& Tower with Radar,141,101,170,8,420,0,1,1,0,2,141,102,171,8,422,0,0,0,422
02/26/2021,SAT,TX,ASW,CE,Combined TRACON& Tower with Radar,138,71,132,13,354,0,1,7,0,8,138,72,139,13,362,0,0,0,362
02/27/2021,SAT,TX,ASW,CE,Combined TRACON& Tower with Radar,108,52,80,15,255,0,7,9,0,16,108,59,89,15,271,0,0,0,271
02/28/2021,SAT,TX,ASW,CE,Combined TRACON& Tower with Radar,127,40,77,12,256,0,2,8,0,10,127,42,85,12,266,0,0,0,266
03/01/2021,SAT,TX,ASW,CE,Combined TRACON& Tower with Radar,128,42,74,10,254,0,7,6,1,14,128,49,80,11,268,0,0,0,268
03/02/2021,SAT,TX,ASW,CE,Combined TRACON& Tower with Radar,129,60,97,10,296,0,9,75,4,88,129,69,172,14,384,0,0,0,384
03/03/2021,SAT,TX,ASW,CE,Combined TRACON& Tower with Radar,135,69,124,7,335,0,13,84,5,102,135,82,208,12,437,0,0,0,437
03/04/2021,SAT,TX,ASW,CE,Combined TRACON& Tower with Radar,152,101,121,8,382,0,14,62,4,80,152,115,183,12,462,0,0,0,462
03/05/2021,SAT,TX,ASW,CE,Combined TRACON& Tower with Radar,151,62,123,10,346,0,13,54,3,70,151,75,177,13,416,0,0,0,416
03/06/2021,SAT,TX,ASW,CE,Combined TRACON& Tower with Radar,119,64,89,6,278,0,8,56,2,66,119,72,145,8,344,0,0,0,344
03/07/2021,SAT,TX,ASW,CE,Combined TRACON& Tower with Radar,145,41,96,10,292,0,11,53,4,68,145,52,149,14,360,0,0,0,360
03/08/2021,SAT,TX,ASW,CE,Combined TRACON& Tower with Radar,157,46,85,9,297,0,12,50,6,68,157,58,135,15,365,0,0,0,365
03/09/2021,SAT,TX,ASW,CE,Combined TRACON& Tower with Radar,148,49,89,5,291,0,4,36,1,41,148,53,125,6,332,0,0,0,332
03/10/2021,SAT,TX,ASW,CE,Combined TRACON& Tower with Radar,145,62,114,4,325,0,9,30,0,39,145,71,144,4,364,0,0,0,364
03/11/2021,SAT,TX,ASW,CE,Combined TRACON& Tower with Radar,181,84,131,20,416,0,10,34,0,44,181,94,165,20,460,0,0,0,460
03/12/2021,SAT,TX,ASW,CE,Combined TRACON& Tower with Radar,187,69,126,17,399,0,1,33,2,36,187,70,159,19,435,0,0,0,435
03/13/2021,SAT,TX,ASW,CE,Combined TRACON& Tower with Radar,140,43,76,8,267,0,3,12,0,15,140,46,88,8,282,0,0,0,282
03/14/2021,SAT,TX,ASW,CE,Combined TRACON& Tower with Radar,149,40,76,4,269,0,9,24,3,36,149,49,100,7,305,0,0,0,305
03/15/2021,SAT,TX,ASW,CE,Combined TRACON& Tower with Radar,169,47,110,6,332,0,8,66,8,82,169,55,176,14,414,0,0,0,414
03/16/2021,SAT,TX,ASW,CE,Combined TRACON& Tower with Radar,219,56,109,8,392,0,8,17,0,25,219,64,126,8,417,0,0,0,417
03/17/2021,SAT,TX,ASW,CE,Combined TRACON& Tower with Radar,230,65,107,5,407,0,8,30,2,40,230,73,137,7,447,0,0,0,447
03/18/2021,SAT,TX,ASW,CE,Combined TRACON& Tower with Radar,184,59,100,8,351,0,10,59,2,71,184,69,159,10,422,0,0,0,422
03/19/2021,SAT,TX,ASW,CE,Combined TRACON& Tower with Radar,191,51,113,8,363,0,15,82,2,99,191,66,195,10,462,0,0,0,462
03/20/2021,SAT,TX,ASW,CE,Combined TRACON& Tower with Radar,151,49,60,4,264,0,7,64,3,74,151,56,124,7,338,0,0,0,338
03/21/2021,SAT,TX,ASW,CE,Combined TRACON& Tower with Radar,188,33,87,6,314,0,10,53,2,65,188,43,140,8,379,0,0,0,379
03/22/2021,SAT,TX,ASW,CE,Combined TRACON& Tower with Radar,211,47,103,13,374,0,11,41,2,54,211,58,144,15,428,0,0,0,428
03/23/2021,SAT,TX,ASW,CE,Combined TRACON& Tower with Radar,207,67,101,9,384,0,7,84,3,94,207,74,185,12,478,0,0,0,478
03/24/2021,SAT,TX,ASW,CE,Combined TRACON& Tower with Radar,193,71,154,4,422,0,6,13,0,19,193,77,167,4,441,0,0,0,441
03/25/2021,SAT,TX,ASW,CE,Combined TRACON& Tower with Radar,182,62,116,24,384,0,13,51,6,70,182,75,167,30,454,0,0,0,454
03/26/2021,SAT,TX,ASW,CE,Combined TRACON& Tower with Radar,186,58,113,13,370,0,10,80,8,98,186,68,193,21,468,0,0,0,468
03/27/2021,SAT,TX,ASW,CE,Combined TRACON& Tower with Radar,163,45,71,17,296,0,5,30,0,35,163,50,101,17,331,0,0,0,331
03/28/2021,SAT,TX,ASW,CE,Combined TRACON& Tower with Radar,175,37,65,2,279,0,4,24,4,32,175,41,89,6,311,0,0,0,311
03/29/2021,SAT,TX,ASW,CE,Combined TRACON& Tower with Radar,185,67,98,6,356,0,3,64,9,76,185,70,162,15,432,0,0,0,432
03/30/2021,SAT,TX,ASW,CE,Combined TRACON& Tower with Radar,179,58,121,6,364,0,6,25,0,31,179,64,146,6,395,0,0,0,395
03/31/2021,SAT,TX,ASW,CE,Combined TRACON& Tower with Radar,175,62,124,8,369,0,2,28,0,30,175,64,152,8,399,0,0,0,399
04/01/2021,SAT,TX,ASW,CE,Combined TRACON& Tower with Radar,179,66,97,9,351,0,5,68,0,73,179,71,165,9,424,0,0,0,424
04/02/2021,SAT,TX,ASW,CE,Combined TRACON& Tower with Radar,193,51,102,4,350,0,8,81,3,92,193,59,183,7,442,0,0,0,442
04/03/2021,SAT,TX,ASW,CE,Combined TRACON& Tower with Radar,159,28,61,3,251,0,11,16,0,27,159,39,77,3,278,0,0,0,278
04/04/2021,SAT,TX,ASW,CE,Combined TRACON& Tower with Radar,172,66,79,2,319,0,12,27,1,40,172,78,106,3,359,0,0,0,359
04/05/2021,SAT,TX,ASW,CE,Combined TRACON& Tower with Radar,188,48,101,5,342,0,7,35,3,45,188,55,136,8,387,0,0,0,387
04/06/2021,SAT,TX,ASW,CE,Combined TRACON& Tower with Radar,190,54,114,3,361,0,9,37,1,47,190,63,151,4,408,0,0,0,408
04/07/2021,SAT,TX,ASW,CE,Combined TRACON& Tower with Radar,191,63,134,4,392,0,5,55,4,64,191,68,189,8,456,0,0,0,456
04/08/2021,SAT,TX,ASW,CE,Combined TRACON& Tower with Radar,192,56,122,26,396,0,12,58,6,76,192,68,180,32,472,0,0,0,472
04/09/2021,SAT,TX,ASW,CE,Combined TRACON& Tower with Radar,190,61,100,5,356,0,9,50,7,66,190,70,150,12,422,0,0,0,422
04/10/2021,SAT,TX,ASW,CE,Combined TRACON& Tower with Radar,165,28,63,1,257,0,9,49,2,60,165,37,112,3,317,0,0,0,317
04/11/2021,SAT,TX,ASW,CE,Combined TRACON& Tower with Radar,174,46,101,6,327,0,16,53,5,74,174,62,154,11,401,0,0,0,401
04/12/2021,SAT,TX,ASW,CE,Combined TRACON& Tower with Radar,184,45,103,7,339,0,8,38,0,46,184,53,141,7,385,0,0,0,385
04/13/2021,SAT,TX,ASW,CE,Combined TRACON& Tower with Radar,182,46,129,8,365,0,5,26,3,34,182,51,155,11,399,0,0,0,399
04/14/2021,SAT,TX,ASW,CE,Combined TRACON& Tower with Radar,176,72,117,17,382,0,7,27,1,35,176,79,144,18,417,0,0,0,417
04/15/2021,SAT,TX,ASW,CE,Combined TRACON& Tower with Radar,197,82,113,4,396,0,3,2,0,5,197,85,115,4,401,0,0,0,401
04/16/2021,SAT,TX,ASW,CE,Combined TRACON& Tower with Radar,185,75,109,3,372,0,0,2,0,2,185,75,111,3,374,0,0,0,374
04/17/2021,SAT,TX,ASW,CE,Combined TRACON& Tower with Radar,162,38,49,4,253,0,11,22,0,33,162,49,71,4,286,0,0,0,286
04/18/2021,SAT,TX,ASW,CE,Combined TRACON& Tower with Radar,177,42,74,7,300,0,13,32,2,47,177,55,106,9,347,0,0,0,347
04/19/2021,SAT,TX,ASW,CE,Combined TRACON& Tower with Radar,187,37,85,26,335,0,14,66,3,83,187,51,151,29,418,0,0,0,418
04/20/2021,SAT,TX,ASW,CE,Combined TRACON& Tower with Radar,177,48,93,15,333,0,10,61,13,84,177,58,154,28,417,0,0,0,417
04/21/2021,SAT,TX,ASW,CE,Combined TRACON& Tower with Radar,176,60,119,11,366,0,13,53,17,83,176,73,172,28,449,0,0,0,449
04/22/2021,SAT,TX,ASW,CE,Combined TRACON& Tower with Radar,198,51,133,9,391,0,3,20,4,27,198,54,153,13,418,0,0,0,418
04/23/2021,SAT,TX,ASW,CE,Combined TRACON& Tower with Radar,204,46,82,0,332,0,4,8,0,12,204,50,90,0,344,0,0,0,344
04/24/2021,SAT,TX,ASW,CE,Combined TRACON& Tower with Radar,159,39,63,2,263,0,20,33,4,57,159,59,96,6,320,0,0,0,320
04/25/2021,SAT,TX,ASW,CE,Combined TRACON& Tower with Radar,176,27,70,6,279,0,9,49,3,61,176,36,119,9,340,0,0,0,340
04/26/2021,SAT,TX,ASW,CE,Combined TRACON& Tower with Radar,188,55,94,3,340,0,3,49,4,56,188,58,143,7,396,0,0,0,396
04/27/2021,SAT,TX,ASW,CE,Combined TRACON& Tower with Radar,177,48,124,2,351,0,2,7,4,13,177,50,131,6,364,0,0,0,364
04/28/2021,SAT,TX,ASW,CE,Combined TRACON& Tower with Radar,163,39,101,7,310,0,6,19,2,27,163,45,120,9,337,0,0,0,337
04/29/2021,SAT,TX,ASW,CE,Combined TRACON& Tower with Radar,198,55,121,1,375,0,7,5,0,12,198,62,126,1,387,0,0,0,387
04/30/2021,SAT,TX,ASW,CE,Combined TRACON& Tower with Radar,195,46,74,12,327,0,3,2,0,5,195,49,76,12,332,0,0,0,332
05/01/2021,SAT,TX,ASW,CE,Combined TRACON& Tower with Radar,167,25,38,2,232,0,1,1,2,4,167,26,39,4,236,0,0,0,236
05/02/2021,SAT,TX,ASW,CE,Combined TRACON& Tower with Radar,184,25,69,3,281,0,5,63,0,68,184,30,132,3,349,0,0,0,349
05/03/2021,SAT,TX,ASW,CE,Combined TRACON& Tower with Radar,183,36,88,5,312,0,6,46,0,52,183,42,134,5,364,0,0,0,364
05/04/2021,SAT,TX,ASW,CE,Combined TRACON& Tower with Radar,180,46,128,9,363,0,8,33,6,47,180,54,161,15,410,0,0,0,410
05/05/2021,SAT,TX,ASW,CE,Combined TRACON& Tower with Radar,183,60,132,18,393,0,10,61,3,74,183,70,193,21,467,0,0,0,467
05/06/2021,SAT,TX,ASW,CE,Combined TRACON& Tower with Radar,196,46,134,6,382,0,8,47,5,60,196,54,181,11,442,0,0,0,442
05/07/2021,SAT,TX,ASW,CE,Combined TRACON& Tower with Radar,207,58,120,27,412,0,14,78,3,95,207,72,198,30,507,0,0,0,507
05/08/2021,SAT,TX,ASW,CE,Combined TRACON& Tower with Radar,171,30,62,7,270,0,10,20,22,52,171,40,82,29,322,0,0,0,322
05/09/2021,SAT,TX,ASW,CE,Combined TRACON& Tower with Radar,203,32,92,16,343,0,9,18,4,31,203,41,110,20,374,0,0,0,374
05/10/2021,SAT,TX,ASW,CE,Combined TRACON& Tower with Radar,197,30,100,8,335,0,4,19,1,24,197,34,119,9,359,0,0,0,359
05/11/2021,SAT,TX,ASW,CE,Combined TRACON& Tower with Radar,219,41,113,3,376,0,0,9,0,9,219,41,122,3,385,0,0,0,385
05/12/2021,SAT,TX,ASW,CE,Combined TRACON& Tower with Radar,201,51,118,12,382,0,10,20,0,30,201,61,138,12,412,0,0,0,412
05/13/2021,SAT,TX,ASW,CE,Combined TRACON& Tower with Radar,211,51,140,26,428,0,9,39,0,48,211,60,179,26,476,0,0,0,476
05/14/2021,SAT,TX,ASW,CE,Combined TRACON& Tower with Radar,223,59,105,9,396,0,22,64,8,94,223,81,169,17,490,0,0,0,490
05/15/2021,SAT,TX,ASW,CE,Combined TRACON& Tower with Radar,173,29,45,2,249,0,5,5,0,10,173,34,50,2,259,0,0,0,259
05/16/2021,SAT,TX,ASW,CE,Combined TRACON& Tower with Radar,199,45,88,11,343,0,6,10,12,28,199,51,98,23,371,0,0,0,371
05/17/2021,SAT,TX,ASW,CE,Combined TRACON& Tower with Radar,240,37,125,3,405,0,11,23,4,38,240,48,148,7,443,0,0,0,443
05/18/2021,SAT,TX,ASW,CE,Combined TRACON& Tower with Radar,210,44,75,3,332,0,5,20,0,25,210,49,95,3,357,0,0,0,357
05/19/2021,SAT,TX,ASW,CE,Combined TRACON& Tower with Radar,221,44,91,3,359,0,9,13,0,22,221,53,104,3,381,0,0,0,381
05/20/2021,SAT,TX,ASW,CE,Combined TRACON& Tower with Radar,218,57,123,5,403,0,13,58,7,78,218,70,181,12,481,0,0,0,481
05/21/2021,SAT,TX,ASW,CE,Combined TRACON& Tower with Radar,219,63,95,17,394,0,3,39,0,42,219,66,134,17,436,0,0,0,436
05/22/2021,SAT,TX,ASW,CE,Combined TRACON& Tower with Radar,179,32,37,8,256,0,8,6,1,15,179,40,43,9,271,0,0,0,271
05/23/2021,SAT,TX,ASW,CE,Combined TRACON& Tower with Radar,205,38,78,8,329,0,8,2,1,11,205,46,80,9,340,0,0,0,340
05/24/2021,SAT,TX,ASW,CE,Combined TRACON& Tower with Radar,237,36,97,4,374,0,10,23,0,33,237,46,120,4,407,0,0,0,407
05/25/2021,SAT,TX,ASW,CE,Combined TRACON& Tower with Radar,213,52,100,8,373,0,8,26,2,36,213,60,126,10,409,0,0,0,409
05/26/2021,SAT,TX,ASW,CE,Combined TRACON& Tower with Radar,208,44,110,8,370,0,7,39,0,46,208,51,149,8,416,0,0,0,416
05/27/2021,SAT,TX,ASW,CE,Combined TRACON& Tower with Radar,213,60,131,10,414,0,8,49,2,59,213,68,180,12,473,0,0,0,473
05/28/2021,SAT,TX,ASW,CE,Combined TRACON& Tower with Radar,211,65,113,4,393,0,5,35,0,40,211,70,148,4,433,0,0,0,433
05/29/2021,SAT,TX,ASW,CE,Combined TRACON& Tower with Radar,183,40,62,0,285,0,7,28,0,35,183,47,90,0,320,0,0,0,320
05/30/2021,SAT,TX,ASW,CE,Combined TRACON& Tower with Radar,208,24,55,7,294,0,6,8,1,15,208,30,63,8,309,0,0,0,309
05/31/2021,SAT,TX,ASW,CE,Combined TRACON& Tower with Radar,196,38,97,6,337,0,4,36,2,42,196,42,133,8,379,0,0,0,379
06/01/2021,SAT,TX,ASW,CE,Combined TRACON& Tower with Radar,205,36,114,10,365,0,9,36,2,47,205,45,150,12,412,0,0,0,412
06/02/2021,SAT,TX,ASW,CE,Combined TRACON& Tower with Radar,227,44,104,9,384,0,16,52,6,74,227,60,156,15,458,0,0,0,458
06/03/2021,SAT,TX,ASW,CE,Combined TRACON& Tower with Radar,227,51,91,1,370,0,10,8,0,18,227,61,99,1,388,0,0,0,388
06/04/2021,SAT,TX,ASW,CE,Combined TRACON& Tower with Radar,222,61,94,19,396,0,14,28,2,44,222,75,122,21,440,0,0,0,440
06/05/2021,SAT,TX,ASW,CE,Combined TRACON& Tower with Radar,198,27,74,6,305,0,7,15,1,23,198,34,89,7,328,0,0,0,328
06/06/2021,SAT,TX,ASW,CE,Combined TRACON& Tower with Radar,216,35,59,4,314,0,14,11,6,31,216,49,70,10,345,0,0,0,345
06/07/2021,SAT,TX,ASW,CE,Combined TRACON& Tower with Radar,220,42,97,10,369,0,5,35,3,43,220,47,132,13,412,0,0,0,412
06/08/2021,SAT,TX,ASW,CE,Combined TRACON& Tower with Radar,227,49,104,7,387,0,5,24,3,32,227,54,128,10,419,0,0,0,419
06/09/2021,SAT,TX,ASW,CE,Combined TRACON& Tower with Radar,237,48,117,4,406,0,6,31,0,37,237,54,148,4,443,0,0,0,443
06/10/2021,SAT,TX,ASW,CE,Combined TRACON& Tower with Radar,220,52,115,5,392,0,9,36,2,47,220,61,151,7,439,0,0,0,439
06/11/2021,SAT,TX,ASW,CE,Combined TRACON& Tower with Radar,219,57,98,23,397,0,7,67,2,76,219,64,165,25,473,0,0,0,473
06/12/2021,SAT,TX,ASW,CE,Combined TRACON& Tower with Radar,203,47,56,15,321,0,24,24,7,55,203,71,80,22,376,0,0,0,376
06/13/2021,SAT,TX,ASW,CE,Combined TRACON& Tower with Radar,210,25,94,18,347,0,6,35,6,47,210,31,129,24,394,0,0,0,394
06/14/2021,SAT,TX,ASW,CE,Combined TRACON& Tower with Radar,209,34,90,12,345,0,12,51,7,70,209,46,141,19,415,0,0,0,415
06/15/2021,SAT,TX,ASW,CE,Combined TRACON& Tower with Radar,213,48,90,2,353,0,5,42,3,50,213,53,132,5,403,0,0,0,403
06/16/2021,SAT,TX,ASW,CE,Combined TRACON& Tower with Radar,220,44,90,15,369,0,15,61,4,80,220,59,151,19,449,0,0,0,449
06/17/2021,SAT,TX,ASW,CE,Combined TRACON& Tower with Radar,219,50,133,10,412,0,8,74,8,90,219,58,207,18,502,0,0,0,502
06/18/2021,SAT,TX,ASW,CE,Combined TRACON& Tower with Radar,215,43,113,6,377,0,7,64,1,72,215,50,177,7,449,0,0,0,449
06/19/2021,SAT,TX,ASW,CE,Combined TRACON& Tower with Radar,192,24,65,1,282,0,9,36,2,47,192,33,101,3,329,0,0,0,329
06/20/2021,SAT,TX,ASW,CE,Combined TRACON& Tower with Radar,209,24,88,22,343,0,13,32,7,52,209,37,120,29,395,0,0,0,395
06/21/2021,SAT,TX,ASW,CE,Combined TRACON& Tower with Radar,204,48,97,15,364,0,8,32,2,42,204,56,129,17,406,0,0,0,406
06/22/2021,SAT,TX,ASW,CE,Combined TRACON& Tower with Radar,227,48,122,9,406,0,2,32,0,34,227,50,154,9,440,0,0,0,440
06/23/2021,SAT,TX,ASW,CE,Combined TRACON& Tower with Radar,217,59,116,26,418,0,16,46,5,67,217,75,162,31,485,0,0,0,485
06/24/2021,SAT,TX,ASW,CE,Combined TRACON& Tower with Radar,217,64,110,11,402,0,9,57,1,67,217,73,167,12,469,0,0,0,469
06/25/2021,SAT,TX,ASW,CE,Combined TRACON& Tower with Radar,213,52,106,24,395,0,7,43,0,50,213,59,149,24,445,0,0,0,445
06/26/2021,SAT,TX,ASW,CE,Combined TRACON& Tower with Radar,187,33,63,21,304,0,10,26,2,38,187,43,89,23,342,0,0,0,342
06/27/2021,SAT,TX,ASW,CE,Combined TRACON& Tower with Radar,208,37,58,13,316,0,3,24,2,29,208,40,82,15,345,0,0,0,345
06/28/2021,SAT,TX,ASW,CE,Combined TRACON& Tower with Radar,213,34,84,8,339,0,6,29,1,36,213,40,113,9,375,0,0,0,375
06/29/2021,SAT,TX,ASW,CE,Combined TRACON& Tower with Radar,225,46,119,4,394,0,7,19,2,28,225,53,138,6,422,0,0,0,422
06/30/2021,SAT,TX,ASW,CE,Combined TRACON& Tower with Radar,215,46,121,4,386,0,4,24,5,33,215,50,145,9,419,0,0,0,419
07/01/2021,SAT,TX,ASW,CE,Combined TRACON& Tower with Radar,226,64,97,8,395,0,14,56,10,80,226,78,153,18,475,0,0,0,475
07/02/2021,SAT,TX,ASW,CE,Combined TRACON& Tower with Radar,203,49,97,6,355,0,7,68,1,76,203,56,165,7,431,0,0,0,431
07/03/2021,SAT,TX,ASW,CE,Combined TRACON& Tower with Radar,203,36,39,0,278,0,11,26,0,37,203,47,65,0,315,0,0,0,315
07/04/2021,SAT,TX,ASW,CE,Combined TRACON& Tower with Radar,198,27,37,0,262,0,3,6,0,9,198,30,43,0,271,0,0,0,271
07/05/2021,SAT,TX,ASW,CE,Combined TRACON& Tower with Radar,200,40,73,0,313,0,5,3,1,9,200,45,76,1,322,0,0,0,322
07/06/2021,SAT,TX,ASW,CE,Combined TRACON& Tower with Radar,209,38,80,5,332,0,1,20,0,21,209,39,100,5,353,0,0,0,353
07/07/2021,SAT,TX,ASW,CE,Combined TRACON& Tower with Radar,214,29,71,12,326,0,4,21,0,25,214,33,92,12,351,0,0,0,351
07/08/2021,SAT,TX,ASW,CE,Combined TRACON& Tower with Radar,212,57,96,2,367,0,4,20,0,24,212,61,116,2,391,0,0,0,391
07/09/2021,SAT,TX,ASW,CE,Combined TRACON& Tower with Radar,213,44,109,3,369,0,1,3,0,4,213,45,112,3,373,0,0,0,373
07/10/2021,SAT,TX,ASW,CE,Combined TRACON& Tower with Radar,206,41,69,13,329,0,4,19,0,23,206,45,88,13,352,0,0,0,352
07/11/2021,SAT,TX,ASW,CE,Combined TRACON& Tower with Radar,199,26,90,19,334,0,1,38,8,47,199,27,128,27,381,0,0,0,381
07/12/2021,SAT,TX,ASW,CE,Combined TRACON& Tower with Radar,215,32,103,11,361,0,4,52,0,56,215,36,155,11,417,0,0,0,417
07/13/2021,SAT,TX,ASW,CE,Combined TRACON& Tower with Radar,218,44,115,11,388,0,3,43,0,46,218,47,158,11,434,0,0,0,434
07/14/2021,SAT,TX,ASW,CE,Combined TRACON& Tower with Radar,217,42,118,8,385,0,4,85,1,90,217,46,203,9,475,0,0,0,475
07/15/2021,SAT,TX,ASW,CE,Combined TRACON& Tower with Radar,221,44,101,6,372,0,9,70,1,80,221,53,171,7,452,0,0,0,452
07/16/2021,SAT,TX,ASW,CE,Combined TRACON& Tower with Radar,220,72,88,12,392,0,5,111,10,126,220,77,199,22,518,0,0,0,518
07/17/2021,SAT,TX,ASW,CE,Combined TRACON& Tower with Radar,191,42,65,8,306,0,11,27,2,40,191,53,92,10,346,0,0,0,346
07/18/2021,SAT,TX,ASW,CE,Combined TRACON& Tower with Radar,222,49,93,11,375,0,4,20,8,32,222,53,113,19,407,0,0,0,407
07/19/2021,SAT,TX,ASW,CE,Combined TRACON& Tower with Radar,227,48,74,7,356,0,3,43,0,46,227,51,117,7,402,0,0,0,402
07/20/2021,SAT,TX,ASW,CE,Combined TRACON& Tower with Radar,217,36,102,2,357,0,6,50,6,62,217,42,152,8,419,0,0,0,419
07/21/2021,SAT,TX,ASW,CE,Combined TRACON& Tower with Radar,223,59,126,7,415,0,4,55,4,63,223,63,181,11,478,0,0,0,478
07/22/2021,SAT,TX,ASW,CE,Combined TRACON& Tower with Radar,218,52,110,6,386,0,4,54,5,63,218,56,164,11,449,0,0,0,449
07/23/2021,SAT,TX,ASW,CE,Combined TRACON& Tower with Radar,213,54,125,17,409,0,8,45,5,58,213,62,170,22,467,0,0,0,467
07/24/2021,SAT,TX,ASW,CE,Combined TRACON& Tower with Radar,198,34,50,18,300,0,10,28,7,45,198,44,78,25,345,0,0,0,345
07/25/2021,SAT,TX,ASW,CE,Combined TRACON& Tower with Radar,212,41,84,7,344,0,8,49,3,60,212,49,133,10,404,0,0,0,404
07/26/2021,SAT,TX,ASW,CE,Combined TRACON& Tower with Radar,214,45,84,5,348,0,9,45,1,55,214,54,129,6,403,0,0,0,403
07/27/2021,SAT,TX,ASW,CE,Combined TRACON& Tower with Radar,217,57,88,8,370,0,2,45,4,51,217,59,133,12,421,0,0,0,421
07/28/2021,SAT,TX,ASW,CE,Combined TRACON& Tower with Radar,217,50,107,2,376,0,1,50,0,51,217,51,157,2,427,0,0,0,427
07/29/2021,SAT,TX,ASW,CE,Combined TRACON& Tower with Radar,222,57,94,7,380,0,1,51,3,55,222,58,145,10,435,0,0,0,435
07/30/2021,SAT,TX,ASW,CE,Combined TRACON& Tower with Radar,221,46,74,16,357,0,4,55,1,60,221,50,129,17,417,0,0,0,417
07/31/2021,SAT,TX,ASW,CE,Combined TRACON& Tower with Radar,192,43,52,9,296,0,5,25,3,33,192,48,77,12,329,0,0,0,329
08/01/2021,SAT,TX,ASW,CE,Combined TRACON& Tower with Radar,206,32,80,8,326,0,0,38,2,40,206,32,118,10,366,0,0,0,366
08/02/2021,SAT,TX,ASW,CE,Combined TRACON& Tower with Radar,209,45,87,0,341,0,1,19,1,21,209,46,106,1,362,0,0,0,362
08/03/2021,SAT,TX,ASW,CE,Combined TRACON& Tower with Radar,204,47,92,9,352,0,7,36,2,45,204,54,128,11,397,0,0,0,397
08/04/2021,SAT,TX,ASW,CE,Combined TRACON& Tower with Radar,220,44,80,8,352,0,8,35,2,45,220,52,115,10,397,0,0,0,397
08/05/2021,SAT,TX,ASW,CE,Combined TRACON& Tower with Radar,223,52,86,6,367,0,9,26,2,37,223,61,112,8,404,0,0,0,404
08/06/2021,SAT,TX,ASW,CE,Combined TRACON& Tower with Radar,217,59,116,12,404,0,8,36,6,50,217,67,152,18,454,0,0,0,454
08/07/2021,SAT,TX,ASW,CE,Combined TRACON& Tower with Radar,197,44,69,5,315,0,2,31,1,34,197,46,100,6,349,0,0,0,349
08/08/2021,SAT,TX,ASW,CE,Combined TRACON& Tower with Radar,218,37,76,10,341,0,7,40,3,50,218,44,116,13,391,0,0,0,391
08/09/2021,SAT,TX,ASW,CE,Combined TRACON& Tower with Radar,211,37,85,7,340,0,8,34,2,44,211,45,119,9,384,0,0,0,384
08/10/2021,SAT,TX,ASW,CE,Combined TRACON& Tower with Radar,226,45,91,11,373,0,11,33,2,46,226,56,124,13,419,0,0,0,419
08/11/2021,SAT,TX,ASW,CE,Combined TRACON& Tower with Radar,219,50,91,11,371,0,6,36,1,43,219,56,127,12,414,0,0,0,414
08/12/2021,SAT,TX,ASW,CE,Combined TRACON& Tower with Radar,219,45,115,14,393,0,5,57,4,66,219,50,172,18,459,0,0,0,459
08/13/2021,SAT,TX,ASW,CE,Combined TRACON& Tower with Radar,216,59,94,13,382,0,5,45,4,54,216,64,139,17,436,0,0,0,436
08/14/2021,SAT,TX,ASW,CE,Combined TRACON& Tower with Radar,197,44,67,15,323,0,5,34,10,49,197,49,101,25,372,0,0,0,372
08/15/2021,SAT,TX,ASW,CE,Combined TRACON& Tower with Radar,224,49,80,16,369,0,4,26,4,34,224,53,106,20,403,0,0,0,403
08/16/2021,SAT,TX,ASW,CE,Combined TRACON& Tower with Radar,219,58,84,7,368,0,8,25,0,33,219,66,109,7,401,0,0,0,401
08/17/2021,SAT,TX,ASW,CE,Combined TRACON& Tower with Radar,235,43,108,8,394,0,4,39,0,43,235,47,147,8,437,0,0,0,437
08/18/2021,SAT,TX,ASW,CE,Combined TRACON& Tower with Radar,222,73,83,16,394,0,5,28,0,33,222,78,111,16,427,0,0,0,427
08/19/2021,SAT,TX,ASW,CE,Combined TRACON& Tower with Radar,221,47,117,15,400,0,5,39,5,49,221,52,156,20,449,0,0,0,449
08/20/2021,SAT,TX,ASW,CE,Combined TRACON& Tower with Radar,224,64,105,10,403,0,5,51,6,62,224,69,156,16,465,0,0,0,465
08/21/2021,SAT,TX,ASW,CE,Combined TRACON& Tower with Radar,204,37,52,14,307,0,8,22,4,34,204,45,74,18,341,0,0,0,341
08/22/2021,SAT,TX,ASW,CE,Combined TRACON& Tower with Radar,215,41,85,10,351,0,2,57,2,61,215,43,142,12,412,0,0,0,412
08/23/2021,SAT,TX,ASW,CE,Combined TRACON& Tower with Radar,218,26,104,12,360,0,5,45,0,50,218,31,149,12,410,0,0,0,410
08/24/2021,SAT,TX,ASW,CE,Combined TRACON& Tower with Radar,215,44,80,10,349,0,1,56,7,64,215,45,136,17,413,0,0,0,413
08/25/2021,SAT,TX,ASW,CE,Combined TRACON& Tower with Radar,221,70,112,11,414,0,8,44,7,59,221,78,156,18,473,0,0,0,473
08/26/2021,SAT,TX,ASW,CE,Combined TRACON& Tower with Radar,221,59,100,7,387,0,8,41,4,53,221,67,141,11,440,0,0,0,440
08/27/2021,SAT,TX,ASW,CE,Combined TRACON& Tower with Radar,223,70,74,8,375,0,7,44,9,60,223,77,118,17,435,0,0,0,435
08/28/2021,SAT,TX,ASW,CE,Combined TRACON& Tower with Radar,196,26,69,20,311,0,5,19,4,28,196,31,88,24,339,0,0,0,339
08/29/2021,SAT,TX,ASW,CE,Combined TRACON& Tower with Radar,208,31,53,21,313,0,5,18,6,29,208,36,71,27,342,0,0,0,342
08/30/2021,SAT,TX,ASW,CE,Combined TRACON& Tower with Radar,216,38,70,4,328,0,5,36,2,43,216,43,106,6,371,0,0,0,371
08/31/2021,SAT,TX,ASW,CE,Combined TRACON& Tower with Radar,220,45,78,14,357,0,6,51,5,62,220,51,129,19,419,0,0,0,419
09/01/2021,SAT,TX,ASW,CE,Combined TRACON& Tower with Radar,212,40,85,10,347,0,9,38,3,50,212,49,123,13,397,0,0,0,397
09/02/2021,SAT,TX,ASW,CE,Combined TRACON& Tower with Radar,234,70,90,2,396,0,10,50,2,62,234,80,140,4,458,0,0,0,458
09/03/2021,SAT,TX,ASW,CE,Combined TRACON& Tower with Radar,225,60,93,9,387,0,10,42,2,54,225,70,135,11,441,0,0,0,441
09/04/2021,SAT,TX,ASW,CE,Combined TRACON& Tower with Radar,192,33,48,3,276,0,18,30,7,55,192,51,78,10,331,0,0,0,331
09/05/2021,SAT,TX,ASW,CE,Combined TRACON& Tower with Radar,212,22,46,2,282,0,7,27,2,36,212,29,73,4,318,0,0,0,318
09/06/2021,SAT,TX,ASW,CE,Combined TRACON& Tower with Radar,213,33,62,4,312,0,1,35,0,36,213,34,97,4,348,0,0,0,348
09/07/2021,SAT,TX,ASW,CE,Combined TRACON& Tower with Radar,205,45,74,12,336,0,11,55,4,70,205,56,129,16,406,0,0,0,406
09/08/2021,SAT,TX,ASW,CE,Combined TRACON& Tower with Radar,218,57,92,16,383,0,6,34,7,47,218,63,126,23,430,0,0,0,430
09/09/2021,SAT,TX,ASW,CE,Combined TRACON& Tower with Radar,246,49,97,13,405,0,10,60,3,73,246,59,157,16,478,0,0,0,478
09/10/2021,SAT,TX,ASW,CE,Combined TRACON& Tower with Radar,229,52,105,9,395,0,9,82,5,96,229,61,187,14,491,0,0,0,491
09/11/2021,SAT,TX,ASW,CE,Combined TRACON& Tower with Radar,188,33,58,7,286,0,17,48,4,69,188,50,106,11,355,0,0,0,355
09/12/2021,SAT,TX,ASW,CE,Combined TRACON& Tower with Radar,219,38,67,10,334,0,2,30,6,38,219,40,97,16,372,0,0,0,372
09/13/2021,SAT,TX,ASW,CE,Combined TRACON& Tower with Radar,224,40,110,6,380,0,6,28,3,37,224,46,138,9,417,0,0,0,417
09/14/2021,SAT,TX,ASW,CE,Combined TRACON& Tower with Radar,216,49,94,6,365,0,3,44,2,49,216,52,138,8,414,0,0,0,414
09/15/2021,SAT,TX,ASW,CE,Combined TRACON& Tower with Radar,215,64,103,11,393,0,6,39,3,48,215,70,142,14,441,0,0,0,441
09/16/2021,SAT,TX,ASW,CE,Combined TRACON& Tower with Radar,246,69,135,4,454,0,9,96,3,108,246,78,231,7,562,0,0,0,562
09/17/2021,SAT,TX,ASW,CE,Combined TRACON& Tower with Radar,230,58,89,12,389,0,9,60,1,70,230,67,149,13,459,0,0,0,459
09/18/2021,SAT,TX,ASW,CE,Combined TRACON& Tower with Radar,207,30,67,6,310,0,3,45,5,53,207,33,112,11,363,0,0,0,363
09/19/2021,SAT,TX,ASW,CE,Combined TRACON& Tower with Radar,231,39,93,14,377,0,6,51,1,58,231,45,144,15,435,0,0,0,435
09/20/2021,SAT,TX,ASW,CE,Combined TRACON& Tower with Radar,230,39,81,8,358,0,6,45,2,53,230,45,126,10,411,0,0,0,411
09/21/2021,SAT,TX,ASW,CE,Combined TRACON& Tower with Radar,224,52,94,13,383,0,5,47,3,55,224,57,141,16,438,0,0,0,438
09/22/2021,SAT,TX,ASW,CE,Combined TRACON& Tower with Radar,211,53,128,12,404,0,16,71,6,93,211,69,199,18,497,0,0,0,497
09/23/2021,SAT,TX,ASW,CE,Combined TRACON& Tower with Radar,236,58,130,18,442,0,16,72,4,92,236,74,202,22,534,0,0,0,534
09/24/2021,SAT,TX,ASW,CE,Combined TRACON& Tower with Radar,233,52,89,6,380,0,8,68,1,77,233,60,157,7,457,0,0,0,457
09/25/2021,SAT,TX,ASW,CE,Combined TRACON& Tower with Radar,196,33,46,1,276,0,10,46,1,57,196,43,92,2,333,0,0,0,333
09/26/2021,SAT,TX,ASW,CE,Combined TRACON& Tower with Radar,217,35,97,1,350,0,4,43,2,49,217,39,140,3,399,0,0,0,399
09/27/2021,SAT,TX,ASW,CE,Combined TRACON& Tower with Radar,220,56,106,4,386,0,8,47,0,55,220,64,153,4,441,0,0,0,441
09/28/2021,SAT,TX,ASW,CE,Combined TRACON& Tower with Radar,218,65,111,14,408,0,8,32,4,44,218,73,143,18,452,0,0,0,452
09/29/2021,SAT,TX,ASW,CE,Combined TRACON& Tower with Radar,219,65,119,4,407,0,0,28,1,29,219,65,147,5,436,0,0,0,436
09/30/2021,SAT,TX,ASW,CE,Combined TRACON& Tower with Radar,242,58,121,8,429,1,2,34,2,39,243,60,155,10,468,0,0,0,468
10/01/2021,SAT,TX,ASW,CE,Combined TRACON& Tower with Radar,229,62,83,1,375,0,3,33,2,38,229,65,116,3,413,0,0,0,413
10/02/2021,SAT,TX,ASW,CE,Combined TRACON& Tower with Radar,194,43,58,6,301,0,3,12,2,17,194,46,70,8,318,0,0,0,318
10/03/2021,SAT,TX,ASW,CE,Combined TRACON& Tower with Radar,220,37,79,4,340,0,11,36,1,48,220,48,115,5,388,0,0,0,388
10/04/2021,SAT,TX,ASW,CE,Combined TRACON& Tower with Radar,222,58,97,3,380,0,3,68,0,71,222,61,165,3,451,0,0,0,451
10/05/2021,SAT,TX,ASW,CE,Combined TRACON& Tower with Radar,216,81,89,3,389,0,8,57,3,68,216,89,146,6,457,0,0,0,457
10/06/2021,SAT,TX,ASW,CE,Combined TRACON& Tower with Radar,215,62,109,9,395,0,2,91,1,94,215,64,200,10,489,0,0,0,489
10/07/2021,SAT,TX,ASW,CE,Combined TRACON& Tower with Radar,238,62,126,5,431,0,5,89,1,95,238,67,215,6,526,0,0,0,526
10/08/2021,SAT,TX,ASW,CE,Combined TRACON& Tower with Radar,232,65,90,3,390,0,6,65,2,73,232,71,155,5,463,0,0,0,463
10/09/2021,SAT,TX,ASW,CE,Combined TRACON& Tower with Radar,189,46,57,2,294,0,3,45,0,48,189,49,102,2,342,0,0,0,342
10/10/2021,SAT,TX,ASW,CE,Combined TRACON& Tower with Radar,188,47,93,3,331,0,2,26,1,29,188,49,119,4,360,0,0,0,360
10/11/2021,SAT,TX,ASW,CE,Combined TRACON& Tower with Radar,215,55,101,6,377,0,10,56,4,70,215,65,157,10,447,0,0,0,447
10/12/2021,SAT,TX,ASW,CE,Combined TRACON& Tower with Radar,223,68,115,6,412,0,0,8,3,11,223,68,123,9,423,0,0,0,423
10/13/2021,SAT,TX,ASW,CE,Combined TRACON& Tower with Radar,203,53,82,2,340,0,3,27,0,30,203,56,109,2,370,0,0,0,370
10/14/2021,SAT,TX,ASW,CE,Combined TRACON& Tower with Radar,245,49,115,10,419,0,5,38,2,45,245,54,153,12,464,0,0,0,464
10/15/2021,SAT,TX,ASW,CE,Combined TRACON& Tower with Radar,241,58,109,12,420,0,4,17,0,21,241,62,126,12,441,0,0,0,441
10/16/2021,SAT,TX,ASW,CE,Combined TRACON& Tower with Radar,191,34,68,17,310,0,4,35,4,43,191,38,103,21,353,0,0,0,353
10/17/2021,SAT,TX,ASW,CE,Combined TRACON& Tower with Radar,214,32,83,14,343,0,2,41,1,44,214,34,124,15,387,0,0,0,387
10/18/2021,SAT,TX,ASW,CE,Combined TRACON& Tower with Radar,216,38,95,7,356,0,9,63,3,75,216,47,158,10,431,0,0,0,431
10/19/2021,SAT,TX,ASW,CE,Combined TRACON& Tower with Radar,219,51,114,7,391,0,9,38,4,51,219,60,152,11,442,0,0,0,442
10/20/2021,SAT,TX,ASW,CE,Combined TRACON& Tower with Radar,223,53,164,13,453,0,7,45,6,58,223,60,209,19,511,0,0,0,511
10/21/2021,SAT,TX,ASW,CE,Combined TRACON& Tower with Radar,245,72,123,12,452,0,6,52,5,63,245,78,175,17,515,0,0,0,515
10/22/2021,SAT,TX,ASW,CE,Combined TRACON& Tower with Radar,239,58,125,9,431,0,9,72,8,89,239,67,197,17,520,0,0,0,520
10/23/2021,SAT,TX,ASW,CE,Combined TRACON& Tower with Radar,195,31,82,10,318,0,9,25,3,37,195,40,107,13,355,0,0,0,355
10/24/2021,SAT,TX,ASW,CE,Combined TRACON& Tower with Radar,222,48,139,11,420,0,7,32,3,42,222,55,171,14,462,0,0,0,462
10/25/2021,SAT,TX,ASW,CE,Combined TRACON& Tower with Radar,230,54,121,4,409,0,8,38,2,48,230,62,159,6,457,0,0,0,457
10/26/2021,SAT,TX,ASW,CE,Combined TRACON& Tower with Radar,227,64,123,8,422,0,12,32,0,44,227,76,155,8,466,0,0,0,466
10/27/2021,SAT,TX,ASW,CE,Combined TRACON& Tower with Radar,225,57,96,1,379,0,6,50,2,58,225,63,146,3,437,0,0,0,437
10/28/2021,SAT,TX,ASW,CE,Combined TRACON& Tower with Radar,224,72,129,12,437,0,16,57,7,80,224,88,186,19,517,0,0,0,517
10/29/2021,SAT,TX,ASW,CE,Combined TRACON& Tower with Radar,235,63,107,17,422,0,5,55,6,66,235,68,162,23,488,0,0,0,488
10/30/2021,SAT,TX,ASW,CE,Combined TRACON& Tower with Radar,178,38,72,7,295,0,10,41,1,52,178,48,113,8,347,0,0,0,347
10/31/2021,SAT,TX,ASW,CE,Combined TRACON& Tower with Radar,197,41,63,6,307,0,1,44,3,48,197,42,107,9,355,0,0,0,355
11/01/2021,SAT,TX,ASW,CE,Combined TRACON& Tower with Radar,218,49,107,6,380,0,3,46,0,49,218,52,153,6,429,0,0,0,429
11/02/2021,SAT,TX,ASW,CE,Combined TRACON& Tower with Radar,219,91,120,14,444,0,6,28,0,34,219,97,148,14,478,0,0,0,478
11/03/2021,SAT,TX,ASW,CE,Combined TRACON& Tower with Radar,235,76,126,2,439,0,3,7,0,10,235,79,133,2,449,0,0,0,449
11/04/2021,SAT,TX,ASW,CE,Combined TRACON& Tower with Radar,241,67,132,7,447,0,4,17,3,24,241,71,149,10,471,0,0,0,471
11/05/2021,SAT,TX,ASW,CE,Combined TRACON& Tower with Radar,235,38,79,15,367,0,3,56,0,59,235,41,135,15,426,0,0,0,426
11/06/2021,SAT,TX,ASW,CE,Combined TRACON& Tower with Radar,196,19,58,8,281,0,5,49,3,57,196,24,107,11,338,0,0,0,338
11/07/2021,SAT,TX,ASW,CE,Combined TRACON& Tower with Radar,218,49,106,13,386,0,8,36,1,45,218,57,142,14,431,0,0,0,431
11/08/2021,SAT,TX,ASW,CE,Combined TRACON& Tower with Radar,234,57,100,5,396,0,5,52,3,60,234,62,152,8,456,0,0,0,456
11/09/2021,SAT,TX,ASW,CE,Combined TRACON& Tower with Radar,215,49,110,6,380,0,9,44,0,53,215,58,154,6,433,0,0,0,433
11/10/2021,SAT,TX,ASW,CE,Combined TRACON& Tower with Radar,222,68,115,7,412,0,9,48,6,63,222,77,163,13,475,0,0,0,475
11/11/2021,SAT,TX,ASW,CE,Combined TRACON& Tower with Radar,246,79,120,2,447,0,11,68,0,79,246,90,188,2,526,0,0,0,526
11/12/2021,SAT,TX,ASW,CE,Combined TRACON& Tower with Radar,248,81,101,15,445,0,9,97,2,108,248,90,198,17,553,0,0,0,553
11/13/2021,SAT,TX,ASW,CE,Combined TRACON& Tower with Radar,203,47,74,13,337,0,8,47,2,57,203,55,121,15,394,0,0,0,394
11/14/2021,SAT,TX,ASW,CE,Combined TRACON& Tower with Radar,227,45,101,12,385,0,7,49,2,58,227,52,150,14,443,0,0,0,443
11/15/2021,SAT,TX,ASW,CE,Combined TRACON& Tower with Radar,240,50,103,7,400,0,6,46,2,54,240,56,149,9,454,0,0,0,454
11/16/2021,SAT,TX,ASW,CE,Combined TRACON& Tower with Radar,211,40,120,7,378,0,3,40,1,44,211,43,160,8,422,0,0,0,422
11/17/2021,SAT,TX,ASW,CE,Combined TRACON& Tower with Radar,214,65,132,4,415,0,7,52,2,61,214,72,184,6,476,0,0,0,476
11/18/2021,SAT,TX,ASW,CE,Combined TRACON& Tower with Radar,245,60,124,7,436,0,12,41,2,55,245,72,165,9,491,0,0,0,491
11/19/2021,SAT,TX,ASW,CE,Combined TRACON& Tower with Radar,248,67,114,14,443,0,6,93,2,101,248,73,207,16,544,0,0,0,544
11/20/2021,SAT,TX,ASW,CE,Combined TRACON& Tower with Radar,212,31,110,8,361,0,5,20,1,26,212,36,130,9,387,0,0,0,387
11/21/2021,SAT,TX,ASW,CE,Combined TRACON& Tower with Radar,219,24,72,0,315,0,1,14,1,16,219,25,86,1,331,0,0,0,331
11/22/2021,SAT,TX,ASW,CE,Combined TRACON& Tower with Radar,246,45,98,2,391,0,2,57,2,61,246,47,155,4,452,0,0,0,452
11/23/2021,SAT,TX,ASW,CE,Combined TRACON& Tower with Radar,240,73,108,9,430,0,2,87,3,92,240,75,195,12,522,0,0,0,522
11/24/2021,SAT,TX,ASW,CE,Combined TRACON& Tower with Radar,245,53,90,2,390,0,5,34,0,39,245,58,124,2,429,0,0,0,429
11/25/2021,SAT,TX,ASW,CE,Combined TRACON& Tower with Radar,149,29,22,0,200,0,1,8,0,9,149,30,30,0,209,0,0,0,209
11/26/2021,SAT,TX,ASW,CE,Combined TRACON& Tower with Radar,195,45,52,4,296,0,10,42,2,54,195,55,94,6,350,0,0,0,350
11/27/2021,SAT,TX,ASW,CE,Combined TRACON& Tower with Radar,229,54,73,0,356,0,4,3,0,7,229,58,76,0,363,0,0,0,363
11/28/2021,SAT,TX,ASW,CE,Combined TRACON& Tower with Radar,234,46,122,1,403,0,8,55,1,64,234,54,177,2,467,0,0,0,467
11/29/2021,SAT,TX,ASW,CE,Combined TRACON& Tower with Radar,245,49,79,8,381,0,9,62,2,73,245,58,141,10,454,0,0,0,454
11/30/2021,SAT,TX,ASW,CE,Combined TRACON& Tower with Radar,240,50,110,10,410,0,4,52,7,63,240,54,162,17,473,0,0,0,473
12/01/2021,SAT,TX,ASW,CE,Combined TRACON& Tower with Radar,215,59,116,7,397,0,4,41,2,47,215,63,157,9,444,0,0,0,444
12/02/2021,SAT,TX,ASW,CE,Combined TRACON& Tower with Radar,214,65,136,2,417,0,8,25,4,37,214,73,161,6,454,0,0,0,454
12/03/2021,SAT,TX,ASW,CE,Combined TRACON& Tower with Radar,243,64,133,12,452,0,8,25,2,35,243,72,158,14,487,0,0,0,487
12/04/2021,SAT,TX,ASW,CE,Combined TRACON& Tower with Radar,187,55,74,15,331,0,0,27,0,27,187,55,101,15,358,0,0,0,358
12/05/2021,SAT,TX,ASW,CE,Combined TRACON& Tower with Radar,212,54,117,12,395,0,1,9,0,10,212,55,126,12,405,0,0,0,405
12/06/2021,SAT,TX,ASW,CE,Combined TRACON& Tower with Radar,210,48,102,4,364,0,2,27,1,30,210,50,129,5,394,0,0,0,394
12/07/2021,SAT,TX,ASW,CE,Combined TRACON& Tower with Radar,203,53,132,5,393,0,2,47,1,50,203,55,179,6,443,0,0,0,443
12/08/2021,SAT,TX,ASW,CE,Combined TRACON& Tower with Radar,210,66,113,5,394,0,9,45,3,57,210,75,158,8,451,0,0,0,451
12/09/2021,SAT,TX,ASW,CE,Combined TRACON& Tower with Radar,219,63,164,7,453,0,1,20,0,21,219,64,184,7,474,0,0,0,474
12/10/2021,SAT,TX,ASW,CE,Combined TRACON& Tower with Radar,230,71,94,8,403,0,7,41,3,51,230,78,135,11,454,0,0,0,454
12/11/2021,SAT,TX,ASW,CE,Combined TRACON& Tower with Radar,192,33,69,19,313,0,7,24,1,32,192,40,93,20,345,0,0,0,345
12/12/2021,SAT,TX,ASW,CE,Combined TRACON& Tower with Radar,217,44,96,10,367,0,8,68,4,80,217,52,164,14,447,0,0,0,447
12/13/2021,SAT,TX,ASW,CE,Combined TRACON& Tower with Radar,213,53,121,11,398,0,5,24,2,31,213,58,145,13,429,0,0,0,429
12/14/2021,SAT,TX,ASW,CE,Combined TRACON& Tower with Radar,209,68,136,2,415,0,1,17,2,20,209,69,153,4,435,0,0,0,435
12/15/2021,SAT,TX,ASW,CE,Combined TRACON& Tower with Radar,209,78,127,11,425,0,5,20,0,25,209,83,147,11,450,0,0,0,450
12/16/2021,SAT,TX,ASW,CE,Combined TRACON& Tower with Radar,245,50,135,17,447,0,2,30,3,35,245,52,165,20,482,0,0,0,482
12/17/2021,SAT,TX,ASW,CE,Combined TRACON& Tower with Radar,250,79,136,12,477,0,7,23,1,31,250,86,159,13,508,0,0,0,508
12/18/2021,SAT,TX,ASW,CE,Combined TRACON& Tower with Radar,229,51,70,4,354,0,3,7,0,10,229,54,77,4,364,0,0,0,364
12/19/2021,SAT,TX,ASW,CE,Combined TRACON& Tower with Radar,219,30,77,5,331,0,1,34,1,36,219,31,111,6,367,0,0,0,367
12/20/2021,SAT,TX,ASW,CE,Combined TRACON& Tower with Radar,240,30,107,5,382,0,5,54,3,62,240,35,161,8,444,0,0,0,444
12/21/2021,SAT,TX,ASW,CE,Combined TRACON& Tower with Radar,249,66,83,7,405,0,7,63,2,72,249,73,146,9,477,0,0,0,477
12/22/2021,SAT,TX,ASW,CE,Combined TRACON& Tower with Radar,249,84,82,1,416,0,4,48,2,54,249,88,130,3,470,0,0,0,470
12/23/2021,SAT,TX,ASW,CE,Combined TRACON& Tower with Radar,243,52,93,1,389,0,6,26,1,33,243,58,119,2,422,0,0,0,422
12/24/2021,SAT,TX,ASW,CE,Combined TRACON& Tower with Radar,183,37,39,1,260,0,3,10,0,13,183,40,49,1,273,0,0,0,273
12/25/2021,SAT,TX,ASW,CE,Combined TRACON& Tower with Radar,157,40,29,0,226,0,5,19,0,24,157,45,48,0,250,0,0,0,250
12/26/2021,SAT,TX,ASW,CE,Combined TRACON& Tower with Radar,210,54,125,0,389,0,2,10,0,12,210,56,135,0,401,0,0,0,401
12/27/2021,SAT,TX,ASW,CE,Combined TRACON& Tower with Radar,218,71,127,0,416,0,4,28,2,34,218,75,155,2,450,0,0,0,450
12/28/2021,SAT,TX,ASW,CE,Combined TRACON& Tower with Radar,231,61,102,4,398,0,3,20,0,23,231,64,122,4,421,0,0,0,421
12/29/2021,SAT,TX,ASW,CE,Combined TRACON& Tower with Radar,242,72,112,11,437,0,9,29,4,42,242,81,141,15,479,0,0,0,479
12/30/2021,SAT,TX,ASW,CE,Combined TRACON& Tower with Radar,233,70,104,2,409,0,10,53,0,63,233,80,157,2,472,0,0,0,472
12/31/2021,SAT,TX,ASW,CE,Combined TRACON& Tower with Radar,177,39,50,0,266,0,4,19,3,26,177,43,69,3,292,0,0,0,292
01/01/2022,SAT,TX,ASW,CE,Combined TRACON& Tower with Radar,171,33,46,0,250,0,11,16,2,29,171,44,62,2,279,0,0,0,279
01/02/2022,SAT,TX,ASW,CE,Combined TRACON& Tower with Radar,194,38,112,1,345,0,3,19,0,22,194,41,131,1,367,0,0,0,367
01/03/2022,SAT,TX,ASW,CE,Combined TRACON& Tower with Radar,217,56,76,0,349,0,7,52,2,61,217,63,128,2,410,0,0,0,410
01/04/2022,SAT,TX,ASW,CE,Combined TRACON& Tower with Radar,213,60,85,5,363,0,5,51,1,57,213,65,136,6,420,0,0,0,420
01/05/2022,SAT,TX,ASW,CE,Combined TRACON& Tower with Radar,193,49,78,3,323,0,9,64,6,79,193,58,142,9,402,0,0,0,402
01/06/2022,SAT,TX,ASW,CE,Combined TRACON& Tower with Radar,188,49,75,10,322,0,6,44,4,54,188,55,119,14,376,0,0,0,376
01/07/2022,SAT,TX,ASW,CE,Combined TRACON& Tower with Radar,211,66,93,7,377,0,3,14,1,18,211,69,107,8,395,0,0,0,395
01/08/2022,SAT,TX,ASW,CE,Combined TRACON& Tower with Radar,182,48,50,3,283,0,0,0,0,0,182,48,50,3,283,0,0,0,283
01/09/2022,SAT,TX,ASW,CE,Combined TRACON& Tower with Radar,203,47,74,14,338,0,3,26,3,32,203,50,100,17,370,0,0,0,370
01/10/2022,SAT,TX,ASW,CE,Combined TRACON& Tower with Radar,187,47,62,0,296,0,3,45,1,49,187,50,107,1,345,0,0,0,345
01/11/2022,SAT,TX,ASW,CE,Combined TRACON& Tower with Radar,191,60,79,10,340,0,6,35,1,42,191,66,114,11,382,0,0,0,382
01/12/2022,SAT,TX,ASW,CE,Combined TRACON& Tower with Radar,197,46,83,5,331,0,7,43,6,56,197,53,126,11,387,0,0,0,387
01/13/2022,SAT,TX,ASW,CE,Combined TRACON& Tower with Radar,202,54,103,14,373,0,6,71,3,80,202,60,174,17,453,0,0,0,453
01/14/2022,SAT,TX,ASW,CE,Combined TRACON& Tower with Radar,222,50,97,23,392,0,10,52,0,62,222,60,149,23,454,0,0,0,454
01/15/2022,SAT,TX,ASW,CE,Combined TRACON& Tower with Radar,166,23,32,4,225,0,1,8,0,9,166,24,40,4,234,0,0,0,234
01/16/2022,SAT,TX,ASW,CE,Combined TRACON& Tower with Radar,177,32,89,9,307,0,8,35,1,44,177,40,124,10,351,0,0,0,351
01/17/2022,SAT,TX,ASW,CE,Combined TRACON& Tower with Radar,199,32,78,5,314,0,5,47,3,55,199,37,125,8,369,0,0,0,369
01/18/2022,SAT,TX,ASW,CE,Combined TRACON& Tower with Radar,207,44,74,3,328,0,6,51,3,60,207,50,125,6,388,0,0,0,388
01/19/2022,SAT,TX,ASW,CE,Combined TRACON& Tower with Radar,221,54,92,4,371,0,11,56,1,68,221,65,148,5,439,0,0,0,439
01/20/2022,SAT,TX,ASW,CE,Combined TRACON& Tower with Radar,216,48,70,2,336,0,4,8,0,12,216,52,78,2,348,0,0,0,348
01/21/2022,SAT,TX,ASW,CE,Combined TRACON& Tower with Radar,216,62,83,26,387,0,12,64,2,78,216,74,147,28,465,0,0,0,465
01/22/2022,SAT,TX,ASW,CE,Combined TRACON& Tower with Radar,159,29,49,16,253,0,8,17,4,29,159,37,66,20,282,0,0,0,282
01/23/2022,SAT,TX,ASW,CE,Combined TRACON& Tower with Radar,192,43,81,14,330,0,4,27,1,32,192,47,108,15,362,0,0,0,362
01/24/2022,SAT,TX,ASW,CE,Combined TRACON& Tower with Radar,220,43,88,7,358,0,0,6,0,6,220,43,94,7,364,0,0,0,364
01/25/2022,SAT,TX,ASW,CE,Combined TRACON& Tower with Radar,194,42,79,12,327,0,4,23,2,29,194,46,102,14,356,0,0,0,356
01/26/2022,SAT,TX,ASW,CE,Combined TRACON& Tower with Radar,212,48,85,18,363,0,2,27,2,31,212,50,112,20,394,0,0,0,394
01/27/2022,SAT,TX,ASW,CE,Combined TRACON& Tower with Radar,226,50,103,3,382,0,10,33,1,44,226,60,136,4,426,0,0,0,426
01/28/2022,SAT,TX,ASW,CE,Combined TRACON& Tower with Radar,214,50,75,9,348,0,8,49,3,60,214,58,124,12,408,0,0,0,408
01/29/2022,SAT,TX,ASW,CE,Combined TRACON& Tower with Radar,166,33,50,8,257,0,10,47,5,62,166,43,97,13,319,0,0,0,319
01/30/2022,SAT,TX,ASW,CE,Combined TRACON& Tower with Radar,187,39,72,4,302,0,11,56,5,72,187,50,128,9,374,0,0,0,374
01/31/2022,SAT,TX,ASW,CE,Combined TRACON& Tower with Radar,212,44,57,4,317,0,1,2,2,5,212,45,59,6,322,0,0,0,322
02/01/2022,SAT,TX,ASW,CE,Combined TRACON& Tower with Radar,207,49,108,7,371,0,6,35,0,41,207,55,143,7,412,0,0,0,412
02/02/2022,SAT,TX,ASW,CE,Combined TRACON& Tower with Radar,197,60,99,5,361,0,0,0,0,0,197,60,99,5,361,0,0,0,361
02/03/2022,SAT,TX,ASW,CE,Combined TRACON& Tower with Radar,78,18,20,0,116,0,0,1,0,1,78,18,21,0,117,0,0,0,117
02/04/2022,SAT,TX,ASW,CE,Combined TRACON& Tower with Radar,173,60,104,8,345,0,5,31,1,37,173,65,135,9,382,0,0,0,382
02/05/2022,SAT,TX,ASW,CE,Combined TRACON& Tower with Radar,149,29,61,13,252,0,13,43,2,58,149,42,104,15,310,0,0,0,310
02/06/2022,SAT,TX,ASW,CE,Combined TRACON& Tower with Radar,196,24,63,14,297,0,5,39,2,46,196,29,102,16,343,0,0,0,343
02/07/2022,SAT,TX,ASW,CE,Combined TRACON& Tower with Radar,216,45,85,3,349,0,9,56,3,68,216,54,141,6,417,0,0,0,417
02/08/2022,SAT,TX,ASW,CE,Combined TRACON& Tower with Radar,210,46,92,9,357,0,5,66,2,73,210,51,158,11,430,0,0,0,430
02/09/2022,SAT,TX,ASW,CE,Combined TRACON& Tower with Radar,205,63,118,6,392,0,11,69,4,84,205,74,187,10,476,0,0,0,476
02/10/2022,SAT,TX,ASW,CE,Combined TRACON& Tower with Radar,227,54,115,4,400,0,13,94,3,110,227,67,209,7,510,0,0,0,510
02/11/2022,SAT,TX,ASW,CE,Combined TRACON& Tower with Radar,221,54,113,17,405,0,10,66,5,81,221,64,179,22,486,0,0,0,486
02/12/2022,SAT,TX,ASW,CE,Combined TRACON& Tower with Radar,176,33,39,23,271,0,6,14,3,23,176,39,53,26,294,0,0,0,294
02/13/2022,SAT,TX,ASW,CE,Combined TRACON& Tower with Radar,189,24,66,8,287,0,4,56,1,61,189,28,122,9,348,0,0,0,348
02/14/2022,SAT,TX,ASW,CE,Combined TRACON& Tower with Radar,216,46,63,1,326,0,3,71,3,77,216,49,134,4,403,0,0,0,403
02/15/2022,SAT,TX,ASW,CE,Combined TRACON& Tower with Radar,209,62,118,5,394,0,6,63,0,69,209,68,181,5,463,0,0,0,463
02/16/2022,SAT,TX,ASW,CE,Combined TRACON& Tower with Radar,211,58,129,10,408,0,2,34,3,39,211,60,163,13,447,0,0,0,447
02/17/2022,SAT,TX,ASW,CE,Combined TRACON& Tower with Radar,214,61,135,8,418,0,9,41,4,54,214,70,176,12,472,0,0,0,472
02/18/2022,SAT,TX,ASW,CE,Combined TRACON& Tower with Radar,232,72,99,15,418,0,1,85,8,94,232,73,184,23,512,0,0,0,512
02/19/2022,SAT,TX,ASW,CE,Combined TRACON& Tower with Radar,188,26,64,1,279,0,7,43,2,52,188,33,107,3,331,0,0,0,331
02/20/2022,SAT,TX,ASW,CE,Combined TRACON& Tower with Radar,197,34,95,10,336,0,10,33,2,45,197,44,128,12,381,0,0,0,381
02/21/2022,SAT,TX,ASW,CE,Combined TRACON& Tower with Radar,209,50,117,8,384,0,4,33,1,38,209,54,150,9,422,0,0,0,422
02/22/2022,SAT,TX,ASW,CE,Combined TRACON& Tower with Radar,213,61,129,19,422,0,5,60,0,65,213,66,189,19,487,0,0,0,487
02/23/2022,SAT,TX,ASW,CE,Combined TRACON& Tower with Radar,206,55,129,6,396,0,1,2,1,4,206,56,131,7,400,0,0,0,400
02/24/2022,SAT,TX,ASW,CE,Combined TRACON& Tower with Radar,182,61,97,8,348,0,0,0,0,0,182,61,97,8,348,0,0,0,348
02/25/2022,SAT,TX,ASW,CE,Combined TRACON& Tower with Radar,224,66,127,3,420,0,2,21,3,26,224,68,148,6,446,0,0,0,446
02/26/2022,SAT,TX,ASW,CE,Combined TRACON& Tower with Radar,180,41,50,3,274,0,0,1,0,1,180,41,51,3,275,0,0,0,275
02/27/2022,SAT,TX,ASW,CE,Combined TRACON& Tower with Radar,199,38,105,4,346,0,4,38,1,43,199,42,143,5,389,0,0,0,389
02/28/2022,SAT,TX,ASW,CE,Combined TRACON& Tower with Radar,218,34,88,5,345,0,8,76,3,87,218,42,164,8,432,0,0,0,432
03/01/2022,SAT,TX,ASW,CE,Combined TRACON& Tower with Radar,216,48,81,11,356,0,3,65,0,68,216,51,146,11,424,0,0,0,424
03/02/2022,SAT,TX,ASW,CE,Combined TRACON& Tower with Radar,224,51,122,15,412,0,4,54,2,60,224,55,176,17,472,0,0,0,472
03/03/2022,SAT,TX,ASW,CE,Combined TRACON& Tower with Radar,232,54,128,1,415,0,11,54,2,67,232,65,182,3,482,0,0,0,482
03/04/2022,SAT,TX,ASW,CE,Combined TRACON& Tower with Radar,236,45,114,18,413,0,9,40,1,50,236,54,154,19,463,0,0,0,463
03/05/2022,SAT,TX,ASW,CE,Combined TRACON& Tower with Radar,167,54,83,20,324,0,5,24,4,33,167,59,107,24,357,0,0,0,357
03/06/2022,SAT,TX,ASW,CE,Combined TRACON& Tower with Radar,212,37,67,11,327,0,3,6,0,9,212,40,73,11,336,0,0,0,336
03/07/2022,SAT,TX,ASW,CE,Combined TRACON& Tower with Radar,218,43,121,0,382,0,2,43,2,47,218,45,164,2,429,0,0,0,429
03/08/2022,SAT,TX,ASW,CE,Combined TRACON& Tower with Radar,209,62,93,10,374,0,3,31,1,35,209,65,124,11,409,0,0,0,409
03/09/2022,SAT,TX,ASW,CE,Combined TRACON& Tower with Radar,210,57,138,7,412,0,13,77,1,91,210,70,215,8,503,0,0,0,503
03/10/2022,SAT,TX,ASW,CE,Combined TRACON& Tower with Radar,232,65,106,11,414,0,7,83,4,94,232,72,189,15,508,0,0,0,508
03/11/2022,SAT,TX,ASW,CE,Combined TRACON& Tower with Radar,221,53,91,13,378,0,3,13,1,17,221,56,104,14,395,0,0,0,395
03/12/2022,SAT,TX,ASW,CE,Combined TRACON& Tower with Radar,182,39,104,28,353,0,6,65,3,74,182,45,169,31,427,0,0,0,427
03/13/2022,SAT,TX,ASW,CE,Combined TRACON& Tower with Radar,213,46,101,11,371,0,7,48,4,59,213,53,149,15,430,0,0,0,430
03/14/2022,SAT,TX,ASW,CE,Combined TRACON& Tower with Radar,230,33,109,17,389,0,7,40,6,53,230,40,149,23,442,0,0,0,442
03/15/2022,SAT,TX,ASW,CE,Combined TRACON& Tower with Radar,223,40,112,6,381,0,9,49,4,62,223,49,161,10,443,0,0,0,443
03/16/2022,SAT,TX,ASW,CE,Combined TRACON& Tower with Radar,223,45,110,8,386,0,9,80,5,94,223,54,190,13,480,0,0,0,480
03/17/2022,SAT,TX,ASW,CE,Combined TRACON& Tower with Radar,231,63,113,15,422,0,3,40,1,44,231,66,153,16,466,0,0,0,466
03/18/2022,SAT,TX,ASW,CE,Combined TRACON& Tower with Radar,241,47,107,16,411,0,2,52,1,55,241,49,159,17,466,0,0,0,466
03/19/2022,SAT,TX,ASW,CE,Combined TRACON& Tower with Radar,191,37,68,7,303,0,7,50,5,62,191,44,118,12,365,0,0,0,365
03/20/2022,SAT,TX,ASW,CE,Combined TRACON& Tower with Radar,215,40,99,12,366,0,10,44,0,54,215,50,143,12,420,0,0,0,420
03/21/2022,SAT,TX,ASW,CE,Combined TRACON& Tower with Radar,234,53,80,8,375,0,3,13,0,16,234,56,93,8,391,0,0,0,391
03/22/2022,SAT,TX,ASW,CE,Combined TRACON& Tower with Radar,215,60,91,7,373,0,6,53,0,59,215,66,144,7,432,0,0,0,432
03/23/2022,SAT,TX,ASW,CE,Combined TRACON& Tower with Radar,214,45,120,5,384,0,3,71,2,76,214,48,191,7,460,0,0,0,460
03/24/2022,SAT,TX,ASW,CE,Combined TRACON& Tower with Radar,235,83,139,3,460,0,11,67,2,80,235,94,206,5,540,0,0,0,540
03/25/2022,SAT,TX,ASW,CE,Combined TRACON& Tower with Radar,236,63,135,9,443,0,2,59,3,64,236,65,194,12,507,0,0,0,507
03/26/2022,SAT,TX,ASW,CE,Combined TRACON& Tower with Radar,182,45,90,2,319,0,4,34,2,40,182,49,124,4,359,0,0,0,359
03/27/2022,SAT,TX,ASW,CE,Combined TRACON& Tower with Radar,217,52,98,0,367,0,6,60,1,67,217,58,158,1,434,0,0,0,434
03/28/2022,SAT,TX,ASW,CE,Combined TRACON& Tower with Radar,224,43,88,11,366,0,3,45,5,53,224,46,133,16,419,0,0,0,419
03/29/2022,SAT,TX,ASW,CE,Combined TRACON& Tower with Radar,214,54,150,1,419,0,4,27,0,31,214,58,177,1,450,0,0,0,450
03/30/2022,SAT,TX,ASW,CE,Combined TRACON& Tower with Radar,242,64,103,7,416,0,2,29,3,34,242,66,132,10,450,0,0,0,450
03/31/2022,SAT,TX,ASW,CE,Combined TRACON& Tower with Radar,233,52,125,4,414,0,2,63,2,67,233,54,188,6,481,0,0,0,481
04/01/2022,SAT,TX,ASW,CE,Combined TRACON& Tower with Radar,232,56,90,12,390,0,2,79,5,86,232,58,169,17,476,0,0,0,476
04/02/2022,SAT,TX,ASW,CE,Combined TRACON& Tower with Radar,173,37,59,23,292,0,6,28,4,38,173,43,87,27,330,4,0,4,334
04/03/2022,SAT,TX,ASW,CE,Combined TRACON& Tower with Radar,220,52,93,12,377,0,7,25,1,33,220,59,118,13,410,2,0,2,412
04/04/2022,SAT,TX,ASW,CE,Combined TRACON& Tower with Radar,234,45,126,4,409,0,2,13,7,22,234,47,139,11,431,0,0,0,431
04/05/2022,SAT,TX,ASW,CE,Combined TRACON& Tower with Radar,237,66,120,7,430,0,3,52,1,56,237,69,172,8,486,0,0,0,486
04/06/2022,SAT,TX,ASW,CE,Combined TRACON& Tower with Radar,229,53,124,4,410,0,2,45,1,48,229,55,169,5,458,0,0,0,458
04/07/2022,SAT,TX,ASW,CE,Combined TRACON& Tower with Radar,236,84,125,12,457,0,3,64,2,69,236,87,189,14,526,0,0,0,526
04/08/2022,SAT,TX,ASW,CE,Combined TRACON& Tower with Radar,231,76,125,2,434,0,5,83,1,89,231,81,208,3,523,0,0,0,523
04/09/2022,SAT,TX,ASW,CE,Combined TRACON& Tower with Radar,180,50,82,11,323,0,3,58,1,62,180,53,140,12,385,0,0,0,385
04/10/2022,SAT,TX,ASW,CE,Combined TRACON& Tower with Radar,207,31,110,5,353,0,12,29,2,43,207,43,139,7,396,0,0,0,396
04/11/2022,SAT,TX,ASW,CE,Combined TRACON& Tower with Radar,230,37,96,4,367,0,4,25,1,30,230,41,121,5,397,0,0,0,397
04/12/2022,SAT,TX,ASW,CE,Combined TRACON& Tower with Radar,234,40,117,8,399,0,1,22,2,25,234,41,139,10,424,0,0,0,424
04/13/2022,SAT,TX,ASW,CE,Combined TRACON& Tower with Radar,234,57,106,14,411,0,8,43,2,53,234,65,149,16,464,0,0,0,464
04/14/2022,SAT,TX,ASW,CE,Combined TRACON& Tower with Radar,236,51,111,9,407,0,9,77,5,91,236,60,188,14,498,0,0,0,498
04/15/2022,SAT,TX,ASW,CE,Combined TRACON& Tower with Radar,231,48,83,8,370,0,3,24,0,27,231,51,107,8,397,0,0,0,397
04/16/2022,SAT,TX,ASW,CE,Combined TRACON& Tower with Radar,186,26,52,21,285,0,6,25,3,34,186,32,77,24,319,0,0,0,319
04/17/2022,SAT,TX,ASW,CE,Combined TRACON& Tower with Radar,215,35,64,11,325,0,4,18,0,22,215,39,82,11,347,0,0,0,347
04/18/2022,SAT,TX,ASW,CE,Combined TRACON& Tower with Radar,218,53,100,9,380,0,11,44,6,61,218,64,144,15,441,0,0,0,441
04/19/2022,SAT,TX,ASW,CE,Combined TRACON& Tower with Radar,235,65,131,7,438,0,1,25,0,26,235,66,156,7,464,0,0,0,464
04/20/2022,SAT,TX,ASW,CE,Combined TRACON& Tower with Radar,229,66,156,10,461,0,11,49,0,60,229,77,205,10,521,0,0,0,521
04/21/2022,SAT,TX,ASW,CE,Combined TRACON& Tower with Radar,237,61,162,16,476,0,4,18,0,22,237,65,180,16,498,0,0,0,498
04/22/2022,SAT,TX,ASW,CE,Combined TRACON& Tower with Radar,236,60,103,14,413,0,9,26,2,37,236,69,129,16,450,0,0,0,450
04/23/2022,SAT,TX,ASW,CE,Combined TRACON& Tower with Radar,191,35,85,11,322,0,10,14,6,30,191,45,99,17,352,0,0,0,352
04/24/2022,SAT,TX,ASW,CE,Combined TRACON& Tower with Radar,236,67,111,8,422,0,5,25,3,33,236,72,136,11,455,0,0,0,455
04/25/2022,SAT,TX,ASW,CE,Combined TRACON& Tower with Radar,246,49,77,0,372,0,0,6,1,7,246,49,83,1,379,0,0,0,379
04/26/2022,SAT,TX,ASW,CE,Combined TRACON& Tower with Radar,239,44,91,6,380,0,4,31,0,35,239,48,122,6,415,0,0,0,415
04/27/2022,SAT,TX,ASW,CE,Combined TRACON& Tower with Radar,240,60,147,10,457,0,5,57,3,65,240,65,204,13,522,0,0,0,522
04/28/2022,SAT,TX,ASW,CE,Combined TRACON& Tower with Radar,238,49,108,8,403,0,6,27,0,33,238,55,135,8,436,0,0,0,436
04/29/2022,SAT,TX,ASW,CE,Combined TRACON& Tower with Radar,236,57,115,11,419,0,5,40,1,46,236,62,155,12,465,0,0,0,465
04/30/2022,SAT,TX,ASW,CE,Combined TRACON& Tower with Radar,181,31,48,1,261,0,2,12,2,16,181,33,60,3,277,0,0,0,277
05/01/2022,SAT,TX,ASW,CE,Combined TRACON& Tower with Radar,208,42,81,9,340,0,3,28,4,35,208,45,109,13,375,0,0,0,375
05/02/2022,SAT,TX,ASW,CE,Combined TRACON& Tower with Radar,224,45,124,9,402,0,2,24,0,26,224,47,148,9,428,0,0,0,428
05/03/2022,SAT,TX,ASW,CE,Combined TRACON& Tower with Radar,236,53,119,11,419,0,5,28,2,35,236,58,147,13,454,0,0,0,454
05/04/2022,SAT,TX,ASW,CE,Combined TRACON& Tower with Radar,228,60,95,11,394,0,4,31,2,37,228,64,126,13,431,0,0,0,431
05/05/2022,SAT,TX,ASW,CE,Combined TRACON& Tower with Radar,258,52,117,5,432,0,2,18,1,21,258,54,135,6,453,0,0,0,453
05/06/2022,SAT,TX,ASW,CE,Combined TRACON& Tower with Radar,240,60,123,13,436,0,7,57,1,65,240,67,180,14,501,0,0,0,501
05/07/2022,SAT,TX,ASW,CE,Combined TRACON& Tower with Radar,178,40,61,1,280,0,3,46,1,50,178,43,107,2,330,0,0,0,330
05/08/2022,SAT,TX,ASW,CE,Combined TRACON& Tower with Radar,219,31,76,11,337,0,7,34,4,45,219,38,110,15,382,0,0,0,382
05/09/2022,SAT,TX,ASW,CE,Combined TRACON& Tower with Radar,231,53,95,5,384,0,3,38,3,44,231,56,133,8,428,0,0,0,428
05/10/2022,SAT,TX,ASW,CE,Combined TRACON& Tower with Radar,232,44,92,14,382,0,2,35,2,39,232,46,127,16,421,0,0,0,421
05/11/2022,SAT,TX,ASW,CE,Combined TRACON& Tower with Radar,242,50,80,11,383,0,8,39,2,49,242,58,119,13,432,0,0,0,432
05/12/2022,SAT,TX,ASW,CE,Combined TRACON& Tower with Radar,249,60,128,4,441,0,4,46,7,57,249,64,174,11,498,0,0,0,498
05/13/2022,SAT,TX,ASW,CE,Combined TRACON& Tower with Radar,248,51,112,2,413,0,4,53,9,66,248,55,165,11,479,0,0,0,479
05/14/2022,SAT,TX,ASW,CE,Combined TRACON& Tower with Radar,185,31,73,4,293,0,4,34,2,40,185,35,107,6,333,0,0,0,333
05/15/2022,SAT,TX,ASW,CE,Combined TRACON& Tower with Radar,212,35,87,3,337,0,7,50,2,59,212,42,137,5,396,0,0,0,396
05/16/2022,SAT,TX,ASW,CE,Combined TRACON& Tower with Radar,240,48,109,2,399,0,11,57,3,71,240,59,166,5,470,0,0,0,470
05/17/2022,SAT,TX,ASW,CE,Combined TRACON& Tower with Radar,242,61,123,5,431,0,9,68,1,78,242,70,191,6,509,0,0,0,509
05/18/2022,SAT,TX,ASW,CE,Combined TRACON& Tower with Radar,238,53,98,13,402,0,19,47,0,66,238,72,145,13,468,0,0,0,468
05/19/2022,SAT,TX,ASW,CE,Combined TRACON& Tower with Radar,243,57,105,10,415,0,3,33,1,37,243,60,138,11,452,0,0,0,452
05/20/2022,SAT,TX,ASW,CE,Combined TRACON& Tower with Radar,235,66,113,10,424,0,4,32,1,37,235,70,145,11,461,0,0,0,461
05/21/2022,SAT,TX,ASW,CE,Combined TRACON& Tower with Radar,174,18,54,10,256,0,5,28,0,33,174,23,82,10,289,0,0,0,289
05/22/2022,SAT,TX,ASW,CE,Combined TRACON& Tower with Radar,221,31,85,11,348,0,6,26,1,33,221,37,111,12,381,0,0,0,381
05/23/2022,SAT,TX,ASW,CE,Combined TRACON& Tower with Radar,241,38,83,2,364,0,4,18,0,22,241,42,101,2,386,0,0,0,386
05/24/2022,SAT,TX,ASW,CE,Combined TRACON& Tower with Radar,241,47,105,8,401,0,12,43,3,58,241,59,148,11,459,0,0,0,459
05/25/2022,SAT,TX,ASW,CE,Combined TRACON& Tower with Radar,238,52,97,7,394,0,1,42,0,43,238,53,139,7,437,0,0,0,437
05/26/2022,SAT,TX,ASW,CE,Combined TRACON& Tower with Radar,245,66,107,4,422,0,5,72,3,80,245,71,179,7,502,0,0,0,502
05/27/2022,SAT,TX,ASW,CE,Combined TRACON& Tower with Radar,252,52,101,7,412,0,14,61,1,76,252,66,162,8,488,0,0,0,488
05/28/2022,SAT,TX,ASW,CE,Combined TRACON& Tower with Radar,172,24,65,0,261,0,10,35,2,47,172,34,100,2,308,0,0,0,308
05/29/2022,SAT,TX,ASW,CE,Combined TRACON& Tower with Radar,215,31,50,0,296,0,3,14,2,19,215,34,64,2,315,0,0,0,315
05/30/2022,SAT,TX,ASW,CE,Combined TRACON& Tower with Radar,221,32,71,3,327,0,10,44,2,56,221,42,115,5,383,0,0,0,383
05/31/2022,SAT,TX,ASW,CE,Combined TRACON& Tower with Radar,234,60,98,12,404,0,1,49,4,54,234,61,147,16,458,0,0,0,458
06/01/2022,SAT,TX,ASW,CE,Combined TRACON& Tower with Radar,252,47,96,6,401,0,3,33,2,38,252,50,129,8,439,0,0,0,439
06/02/2022,SAT,TX,ASW,CE,Combined TRACON& Tower with Radar,241,55,105,10,411,0,3,60,1,64,241,58,165,11,475,0,0,0,475
06/03/2022,SAT,TX,ASW,CE,Combined TRACON& Tower with Radar,245,57,81,5,388,0,7,57,3,67,245,64,138,8,455,0,0,0,455
06/04/2022,SAT,TX,ASW,CE,Combined TRACON& Tower with Radar,185,30,48,11,274,0,4,40,0,44,185,34,88,11,318,0,0,0,318
06/05/2022,SAT,TX,ASW,CE,Combined TRACON& Tower with Radar,234,35,96,12,377,0,4,44,1,49,234,39,140,13,426,0,0,0,426
06/06/2022,SAT,TX,ASW,CE,Combined TRACON& Tower with Radar,234,38,91,12,375,0,5,28,4,37,234,43,119,16,412,0,0,0,412
06/07/2022,SAT,TX,ASW,CE,Combined TRACON& Tower with Radar,246,59,98,7,410,0,7,45,0,52,246,66,143,7,462,0,0,0,462
06/08/2022,SAT,TX,ASW,CE,Combined TRACON& Tower with Radar,241,51,114,3,409,0,4,57,2,63,241,55,171,5,472,0,0,0,472
06/09/2022,SAT,TX,ASW,CE,Combined TRACON& Tower with Radar,248,49,135,1,433,0,2,72,3,77,248,51,207,4,510,0,0,0,510
06/10/2022,SAT,TX,ASW,CE,Combined TRACON& Tower with Radar,257,44,113,10,424,0,3,35,4,42,257,47,148,14,466,0,0,0,466
06/11/2022,SAT,TX,ASW,CE,Combined TRACON& Tower with Radar,206,47,62,9,324,0,4,43,0,47,206,51,105,9,371,0,0,0,371
06/12/2022,SAT,TX,ASW,CE,Combined TRACON& Tower with Radar,235,39,76,13,363,0,2,38,5,45,235,41,114,18,408,0,0,0,408
06/13/2022,SAT,TX,ASW,CE,Combined TRACON& Tower with Radar,240,33,92,8,373,0,4,34,1,39,240,37,126,9,412,0,0,0,412
06/14/2022,SAT,TX,ASW,CE,Combined TRACON& Tower with Radar,249,48,85,10,392,0,15,23,4,42,249,63,108,14,434,0,0,0,434
06/15/2022,SAT,TX,ASW,CE,Combined TRACON& Tower with Radar,242,44,111,9,406,0,10,33,6,49,242,54,144,15,455,0,0,0,455
06/16/2022,SAT,TX,ASW,CE,Combined TRACON& Tower with Radar,253,70,129,6,458,0,8,52,2,62,253,78,181,8,520,0,0,0,520
06/17/2022,SAT,TX,ASW,CE,Combined TRACON& Tower with Radar,258,66,83,5,412,0,7,46,0,53,258,73,129,5,465,0,0,0,465
06/18/2022,SAT,TX,ASW,CE,Combined TRACON& Tower with Radar,199,29,65,3,296,0,4,49,1,54,199,33,114,4,350,0,0,0,350
06/19/2022,SAT,TX,ASW,CE,Combined TRACON& Tower with Radar,242,35,48,2,327,0,7,33,3,43,242,42,81,5,370,0,0,0,370
06/20/2022,SAT,TX,ASW,CE,Combined TRACON& Tower with Radar,243,37,94,6,380,0,2,50,0,52,243,39,144,6,432,0,0,0,432
06/21/2022,SAT,TX,ASW,CE,Combined TRACON& Tower with Radar,247,53,94,7,401,0,7,64,1,72,247,60,158,8,473,0,0,0,473
06/22/2022,SAT,TX,ASW,CE,Combined TRACON& Tower with Radar,250,58,96,4,408,0,4,44,3,51,250,62,140,7,459,0,0,0,459
06/23/2022,SAT,TX,ASW,CE,Combined TRACON& Tower with Radar,257,59,98,11,425,0,6,68,2,76,257,65,166,13,501,0,0,0,501
06/24/2022,SAT,TX,ASW,CE,Combined TRACON& Tower with Radar,259,51,103,6,419,0,9,67,5,81,259,60,170,11,500,0,0,0,500
06/25/2022,SAT,TX,ASW,CE,Combined TRACON& Tower with Radar,212,35,52,4,303,0,3,29,5,37,212,38,81,9,340,5,0,5,345
06/26/2022,SAT,TX,ASW,CE,Combined TRACON& Tower with Radar,232,28,71,16,347,0,2,38,9,49,232,30,109,25,396,2,0,2,398
06/27/2022,SAT,TX,ASW,CE,Combined TRACON& Tower with Radar,243,36,94,6,379,0,5,25,1,31,243,41,119,7,410,0,0,0,410
06/28/2022,SAT,TX,ASW,CE,Combined TRACON& Tower with Radar,249,59,104,7,419,0,3,14,2,19,249,62,118,9,438,0,0,0,438
06/29/2022,SAT,TX,ASW,CE,Combined TRACON& Tower with Radar,254,68,92,15,429,0,9,66,1,76,254,77,158,16,505,0,0,0,505
06/30/2022,SAT,TX,ASW,CE,Combined TRACON& Tower with Radar,261,63,104,5,433,0,12,68,6,86,261,75,172,11,519,0,0,0,519
07/01/2022,SAT,TX,ASW,CE,Combined TRACON& Tower with Radar,255,47,78,4,384,0,2,51,0,53,255,49,129,4,437,0,0,0,437
07/02/2022,SAT,TX,ASW,CE,Combined TRACON& Tower with Radar,203,35,48,2,288,0,2,18,0,20,203,37,66,2,308,0,0,0,308
07/03/2022,SAT,TX,ASW,CE,Combined TRACON& Tower with Radar,216,23,37,5,281,0,3,14,1,18,216,26,51,6,299,0,0,0,299
07/04/2022,SAT,TX,ASW,CE,Combined TRACON& Tower with Radar,218,10,42,0,270,0,5,25,4,34,218,15,67,4,304,0,0,0,304
07/05/2022,SAT,TX,ASW,CE,Combined TRACON& Tower with Radar,233,45,75,9,362,0,8,43,3,54,233,53,118,12,416,0,0,0,416
07/06/2022,SAT,TX,ASW,CE,Combined TRACON& Tower with Radar,240,44,76,5,365,0,6,47,1,54,240,50,123,6,419,0,0,0,419
07/07/2022,SAT,TX,ASW,CE,Combined TRACON& Tower with Radar,253,50,75,5,383,0,10,61,1,72,253,60,136,6,455,0,0,0,455
07/08/2022,SAT,TX,ASW,CE,Combined TRACON& Tower with Radar,246,44,77,42,409,0,5,65,0,70,246,49,142,42,479,22,1,23,502
07/09/2022,SAT,TX,ASW,CE,Combined TRACON& Tower with Radar,203,31,40,8,282,0,6,46,0,52,203,37,86,8,334,0,0,0,334
07/10/2022,SAT,TX,ASW,CE,Combined TRACON& Tower with Radar,232,32,86,6,356,0,2,57,5,64,232,34,143,11,420,0,0,0,420
07/11/2022,SAT,TX,ASW,CE,Combined TRACON& Tower with Radar,247,53,83,10,393,0,0,43,3,46,247,53,126,13,439,0,0,0,439
07/12/2022,SAT,TX,ASW,CE,Combined TRACON& Tower with Radar,237,42,66,14,359,0,2,47,3,52,237,44,113,17,411,0,0,0,411
07/13/2022,SAT,TX,ASW,CE,Combined TRACON& Tower with Radar,243,69,93,17,422,0,6,54,4,64,243,75,147,21,486,0,0,0,486
07/14/2022,SAT,TX,ASW,CE,Combined TRACON& Tower with Radar,264,58,85,8,415,0,6,48,1,55,264,64,133,9,470,0,0,0,470
07/15/2022,SAT,TX,ASW,CE,Combined TRACON& Tower with Radar,257,48,86,19,410,0,3,58,0,61,257,51,144,19,471,0,0,0,471
07/16/2022,SAT,TX,ASW,CE,Combined TRACON& Tower with Radar,209,24,85,6,324,0,0,22,2,24,209,24,107,8,348,0,0,0,348
07/17/2022,SAT,TX,ASW,CE,Combined TRACON& Tower with Radar,230,22,70,8,330,0,2,42,1,45,230,24,112,9,375,0,0,0,375
07/18/2022,SAT,TX,ASW,CE,Combined TRACON& Tower with Radar,229,31,78,0,338,0,6,53,1,60,229,37,131,1,398,0,0,0,398
07/19/2022,SAT,TX,ASW,CE,Combined TRACON& Tower with Radar,240,42,92,12,386,0,5,61,1,67,240,47,153,13,453,0,0,0,453
07/20/2022,SAT,TX,ASW,CE,Combined TRACON& Tower with Radar,244,45,85,10,384,0,5,39,3,47,244,50,124,13,431,0,0,0,431
07/21/2022,SAT,TX,ASW,CE,Combined TRACON& Tower with Radar,261,51,111,12,435,0,4,44,1,49,261,55,155,13,484,0,0,0,484
07/22/2022,SAT,TX,ASW,CE,Combined TRACON& Tower with Radar,260,51,81,14,406,0,10,31,1,42,260,61,112,15,448,0,0,0,448
07/23/2022,SAT,TX,ASW,CE,Combined TRACON& Tower with Radar,201,35,41,6,283,0,4,34,2,40,201,39,75,8,323,0,0,0,323
07/24/2022,SAT,TX,ASW,CE,Combined TRACON& Tower with Radar,233,27,57,8,325,0,1,41,4,46,233,28,98,12,371,0,0,0,371
07/25/2022,SAT,TX,ASW,CE,Combined TRACON& Tower with Radar,228,30,53,6,317,0,1,37,3,41,228,31,90,9,358,0,0,0,358
07/26/2022,SAT,TX,ASW,CE,Combined TRACON& Tower with Radar,245,53,79,10,387,0,3,42,5,50,245,56,121,15,437,0,0,0,437
07/27/2022,SAT,TX,ASW,CE,Combined TRACON& Tower with Radar,247,51,73,3,374,0,6,49,1,56,247,57,122,4,430,0,0,0,430
07/28/2022,SAT,TX,ASW,CE,Combined TRACON& Tower with Radar,252,58,94,13,417,0,1,52,1,54,252,59,146,14,471,0,0,0,471
07/29/2022,SAT,TX,ASW,CE,Combined TRACON& Tower with Radar,259,56,81,10,406,0,6,43,4,53,259,62,124,14,459,0,0,0,459
07/30/2022,SAT,TX,ASW,CE,Combined TRACON& Tower with Radar,203,28,56,12,299,0,5,33,2,40,203,33,89,14,339,0,0,0,339
07/31/2022,SAT,TX,ASW,CE,Combined TRACON& Tower with Radar,225,31,80,19,355,0,9,40,5,54,225,40,120,24,409,0,0,0,409
08/01/2022,SAT,TX,ASW,CE,Combined TRACON& Tower with Radar,247,49,80,7,383,0,1,43,5,49,247,50,123,12,432,0,0,0,432
08/02/2022,SAT,TX,ASW,CE,Combined TRACON& Tower with Radar,249,54,79,6,388,0,1,36,7,44,249,55,115,13,432,0,0,0,432
08/03/2022,SAT,TX,ASW,CE,Combined TRACON& Tower with Radar,234,50,69,4,357,0,13,48,2,63,234,63,117,6,420,0,0,0,420
08/04/2022,SAT,TX,ASW,CE,Combined TRACON& Tower with Radar,251,62,100,5,418,0,11,34,5,50,251,73,134,10,468,0,0,0,468
08/05/2022,SAT,TX,ASW,CE,Combined TRACON& Tower with Radar,247,43,97,17,404,0,6,42,5,53,247,49,139,22,457,0,0,0,457
08/06/2022,SAT,TX,ASW,CE,Combined TRACON& Tower with Radar,205,41,61,10,317,0,4,22,8,34,205,45,83,18,351,0,0,0,351
08/07/2022,SAT,TX,ASW,CE,Combined TRACON& Tower with Radar,226,35,72,8,341,0,2,22,2,26,226,37,94,10,367,0,0,0,367
08/08/2022,SAT,TX,ASW,CE,Combined TRACON& Tower with Radar,240,36,85,4,365,0,6,27,4,37,240,42,112,8,402,0,0,0,402
08/09/2022,SAT,TX,ASW,CE,Combined TRACON& Tower with Radar,256,39,88,11,394,0,7,52,0,59,256,46,140,11,453,0,0,0,453
08/10/2022,SAT,TX,ASW,CE,Combined TRACON& Tower with Radar,285,51,106,7,449,0,6,67,3,76,285,57,173,10,525,0,0,0,525
08/11/2022,SAT,TX,ASW,CE,Combined TRACON& Tower with Radar,255,51,115,2,423,0,2,33,1,36,255,53,148,3,459,0,0,0,459
08/12/2022,SAT,TX,ASW,CE,Combined TRACON& Tower with Radar,243,49,94,13,399,0,8,54,2,64,243,57,148,15,463,0,0,0,463
08/13/2022,SAT,TX,ASW,CE,Combined TRACON& Tower with Radar,205,24,61,8,298,0,9,33,1,43,205,33,94,9,341,12,0,12,353
08/14/2022,SAT,TX,ASW,CE,Combined TRACON& Tower with Radar,240,32,78,4,354,0,6,16,2,24,240,38,94,6,378,0,0,0,378
08/15/2022,SAT,TX,ASW,CE,Combined TRACON& Tower with Radar,242,38,94,8,382,0,1,20,1,22,242,39,114,9,404,0,0,0,404
08/16/2022,SAT,TX,ASW,CE,Combined TRACON& Tower with Radar,254,53,102,18,427,0,5,42,2,49,254,58,144,20,476,0,0,0,476
08/17/2022,SAT,TX,ASW,CE,Combined TRACON& Tower with Radar,246,37,110,13,406,0,7,46,3,56,246,44,156,16,462,0,0,0,462
08/18/2022,SAT,TX,ASW,CE,Combined TRACON& Tower with Radar,273,54,102,7,436,0,8,79,3,90,273,62,181,10,526,0,0,0,526
08/19/2022,SAT,TX,ASW,CE,Combined TRACON& Tower with Radar,255,36,92,12,395,0,5,34,1,40,255,41,126,13,435,0,0,0,435
08/20/2022,SAT,TX,ASW,CE,Combined TRACON& Tower with Radar,206,24,63,4,297,0,4,34,1,39,206,28,97,5,336,0,0,0,336
08/21/2022,SAT,TX,ASW,CE,Combined TRACON& Tower with Radar,239,40,63,10,352,0,6,15,3,24,239,46,78,13,376,0,0,0,376
08/22/2022,SAT,TX,ASW,CE,Combined TRACON& Tower with Radar,238,46,96,9,389,0,4,15,0,19,238,50,111,9,408,0,0,0,408
08/23/2022,SAT,TX,ASW,CE,Combined TRACON& Tower with Radar,255,53,91,14,413,0,0,16,0,16,255,53,107,14,429,0,0,0,429
08/24/2022,SAT,TX,ASW,CE,Combined TRACON& Tower with Radar,249,55,99,5,408,0,6,29,0,35,249,61,128,5,443,0,0,0,443
08/25/2022,SAT,TX,ASW,CE,Combined TRACON& Tower with Radar,253,56,117,15,441,0,5,38,1,44,253,61,155,16,485,0,0,0,485
08/26/2022,SAT,TX,ASW,CE,Combined TRACON& Tower with Radar,249,45,87,14,395,0,6,40,5,51,249,51,127,19,446,0,0,0,446
08/27/2022,SAT,TX,ASW,CE,Combined TRACON& Tower with Radar,207,22,78,14,321,0,3,40,2,45,207,25,118,16,366,0,0,0,366
08/28/2022,SAT,TX,ASW,CE,Combined TRACON& Tower with Radar,228,35,62,7,332,0,2,19,6,27,228,37,81,13,359,0,0,0,359
08/29/2022,SAT,TX,ASW,CE,Combined TRACON& Tower with Radar,239,58,82,6,385,0,13,40,5,58,239,71,122,11,443,0,0,0,443
08/30/2022,SAT,TX,ASW,CE,Combined TRACON& Tower with Radar,249,45,80,6,380,0,3,11,0,14,249,48,91,6,394,0,0,0,394
08/31/2022,SAT,TX,ASW,CE,Combined TRACON& Tower with Radar,249,48,109,8,414,0,1,39,2,42,249,49,148,10,456,0,0,0,456
09/01/2022,SAT,TX,ASW,CE,Combined TRACON& Tower with Radar,255,40,97,8,400,0,3,28,1,32,255,43,125,9,432,0,0,0,432
09/02/2022,SAT,TX,ASW,CE,Combined TRACON& Tower with Radar,250,41,89,5,385,0,8,30,5,43,250,49,119,10,428,0,0,0,428
09/03/2022,SAT,TX,ASW,CE,Combined TRACON& Tower with Radar,208,22,46,2,278,0,3,6,0,9,208,25,52,2,287,0,0,0,287
09/04/2022,SAT,TX,ASW,CE,Combined TRACON& Tower with Radar,208,12,45,4,269,0,2,18,1,21,208,14,63,5,290,0,0,0,290
09/05/2022,SAT,TX,ASW,CE,Combined TRACON& Tower with Radar,223,43,82,5,353,0,5,38,6,49,223,48,120,11,402,0,0,0,402
09/06/2022,SAT,TX,ASW,CE,Combined TRACON& Tower with Radar,241,42,111,9,403,0,6,49,3,58,241,48,160,12,461,0,0,0,461
09/07/2022,SAT,TX,ASW,CE,Combined TRACON& Tower with Radar,255,59,115,12,441,0,11,42,1,54,255,70,157,13,495,0,0,0,495
09/08/2022,SAT,TX,ASW,CE,Combined TRACON& Tower with Radar,240,69,96,4,409,0,20,54,4,78,240,89,150,8,487,0,0,0,487
09/09/2022,SAT,TX,ASW,CE,Combined TRACON& Tower with Radar,243,59,123,13,438,0,3,56,6,65,243,62,179,19,503,0,0,0,503
09/10/2022,SAT,TX,ASW,CE,Combined TRACON& Tower with Radar,201,27,70,11,309,0,3,26,1,30,201,30,96,12,339,0,0,0,339
09/11/2022,SAT,TX,ASW,CE,Combined TRACON& Tower with Radar,225,31,82,4,342,0,4,45,4,53,225,35,127,8,395,0,0,0,395
09/12/2022,SAT,TX,ASW,CE,Combined TRACON& Tower with Radar,242,36,112,5,395,0,10,45,4,59,242,46,157,9,454,0,0,0,454
09/13/2022,SAT,TX,ASW,CE,Combined TRACON& Tower with Radar,242,54,91,5,392,0,6,60,1,67,242,60,151,6,459,0,0,0,459
09/14/2022,SAT,TX,ASW,CE,Combined TRACON& Tower with Radar,239,59,114,5,417,0,9,59,0,68,239,68,173,5,485,0,0,0,485
09/15/2022,SAT,TX,ASW,CE,Combined TRACON& Tower with Radar,252,77,148,6,483,0,15,57,2,74,252,92,205,8,557,0,0,0,557
09/16/2022,SAT,TX,ASW,CE,Combined TRACON& Tower with Radar,248,63,107,22,440,0,10,48,1,59,248,73,155,23,499,0,2,2,501
09/17/2022,SAT,TX,ASW,CE,Combined TRACON& Tower with Radar,194,28,56,10,288,0,3,34,0,37,194,31,90,10,325,0,6,6,331
09/18/2022,SAT,TX,ASW,CE,Combined TRACON& Tower with Radar,223,44,108,5,380,0,5,50,2,57,223,49,158,7,437,0,0,0,437
09/19/2022,SAT,TX,ASW,CE,Combined TRACON& Tower with Radar,240,55,104,7,406,0,9,43,3,55,240,64,147,10,461,0,0,0,461
09/20/2022,SAT,TX,ASW,CE,Combined TRACON& Tower with Radar,246,50,127,7,430,0,11,57,3,71,246,61,184,10,501,0,0,0,501
09/21/2022,SAT,TX,ASW,CE,Combined TRACON& Tower with Radar,237,57,88,3,385,0,3,59,2,64,237,60,147,5,449,0,0,0,449
09/22/2022,SAT,TX,ASW,CE,Combined TRACON& Tower with Radar,250,54,124,5,433,0,12,74,1,87,250,66,198,6,520,0,0,0,520
09/23/2022,SAT,TX,ASW,CE,Combined TRACON& Tower with Radar,239,43,126,1,409,0,10,61,4,75,239,53,187,5,484,0,0,0,484
09/24/2022,SAT,TX,ASW,CE,Combined TRACON& Tower with Radar,202,22,66,1,291,0,13,49,4,66,202,35,115,5,357,0,0,0,357
09/25/2022,SAT,TX,ASW,CE,Combined TRACON& Tower with Radar,231,39,88,3,361,0,8,48,3,59,231,47,136,6,420,0,0,0,420
09/26/2022,SAT,TX,ASW,CE,Combined TRACON& Tower with Radar,247,31,82,2,362,0,10,52,0,62,247,41,134,2,424,0,0,0,424
09/27/2022,SAT,TX,ASW,CE,Combined TRACON& Tower with Radar,244,60,78,9,391,0,7,64,4,75,244,67,142,13,466,0,0,0,466
09/28/2022,SAT,TX,ASW,CE,Combined TRACON& Tower with Radar,238,58,93,6,395,0,13,58,7,78,238,71,151,13,473,0,0,0,473
09/29/2022,SAT,TX,ASW,CE,Combined TRACON& Tower with Radar,247,57,111,7,422,0,10,67,1,78,247,67,178,8,500,0,0,0,500
09/30/2022,SAT,TX,ASW,CE,Combined TRACON& Tower with Radar,244,42,106,3,395,0,14,63,1,78,244,56,169,4,473,0,0,0,473
10/01/2022,SAT,TX,ASW,CE,Combined TRACON& Tower with Radar,203,22,49,0,274,0,21,38,2,61,203,43,87,2,335,0,0,0,335
10/02/2022,SAT,TX,ASW,CE,Combined TRACON& Tower with Radar,224,33,88,1,346,0,4,58,2,64,224,37,146,3,410,0,0,0,410
10/03/2022,SAT,TX,ASW,CE,Combined TRACON& Tower with Radar,232,37,78,1,348,0,10,45,0,55,232,47,123,1,403,0,0,0,403
10/04/2022,SAT,TX,ASW,CE,Combined TRACON& Tower with Radar,243,52,96,19,410,0,11,53,1,65,243,63,149,20,475,0,0,0,475
10/05/2022,SAT,TX,ASW,CE,Combined TRACON& Tower with Radar,240,52,102,10,404,0,11,49,3,63,240,63,151,13,467,0,0,0,467
10/06/2022,SAT,TX,ASW,CE,Combined TRACON& Tower with Radar,254,58,123,5,440,0,14,67,1,82,254,72,190,6,522,0,0,0,522
10/07/2022,SAT,TX,ASW,CE,Combined TRACON& Tower with Radar,251,57,89,0,397,0,7,63,1,71,251,64,152,1,468,0,0,0,468
10/08/2022,SAT,TX,ASW,CE,Combined TRACON& Tower with Radar,213,30,65,2,310,0,9,58,3,70,213,39,123,5,380,0,0,0,380
10/09/2022,SAT,TX,ASW,CE,Combined TRACON& Tower with Radar,231,49,87,1,368,0,6,54,1,61,231,55,141,2,429,0,0,0,429
10/10/2022,SAT,TX,ASW,CE,Combined TRACON& Tower with Radar,239,45,96,5,385,0,5,59,4,68,239,50,155,9,453,0,0,0,453
10/11/2022,SAT,TX,ASW,CE,Combined TRACON& Tower with Radar,245,60,81,7,393,0,8,61,3,72,245,68,142,10,465,0,0,0,465
10/12/2022,SAT,TX,ASW,CE,Combined TRACON& Tower with Radar,248,58,120,5,431,0,6,53,4,63,248,64,173,9,494,0,0,0,494
10/13/2022,SAT,TX,ASW,CE,Combined TRACON& Tower with Radar,252,64,113,7,436,0,7,71,0,78,252,71,184,7,514,0,0,0,514
10/14/2022,SAT,TX,ASW,CE,Combined TRACON& Tower with Radar,250,59,114,10,433,0,11,44,2,57,250,70,158,12,490,0,0,0,490
10/15/2022,SAT,TX,ASW,CE,Combined TRACON& Tower with Radar,212,40,53,12,317,0,8,25,0,33,212,48,78,12,350,0,0,0,350
10/16/2022,SAT,TX,ASW,CE,Combined TRACON& Tower with Radar,225,38,97,11,371,0,2,40,0,42,225,40,137,11,413,0,0,0,413
10/17/2022,SAT,TX,ASW,CE,Combined TRACON& Tower with Radar,233,49,105,2,389,0,1,16,0,17,233,50,121,2,406,0,0,0,406
10/18/2022,SAT,TX,ASW,CE,Combined TRACON& Tower with Radar,243,63,68,10,384,0,6,48,3,57,243,69,116,13,441,0,0,0,441
10/19/2022,SAT,TX,ASW,CE,Combined TRACON& Tower with Radar,242,53,85,16,396,0,4,86,0,90,242,57,171,16,486,0,0,0,486
10/20/2022,SAT,TX,ASW,CE,Combined TRACON& Tower with Radar,266,75,121,11,473,0,7,91,4,102,266,82,212,15,575,0,0,0,575
10/21/2022,SAT,TX,ASW,CE,Combined TRACON& Tower with Radar,250,58,126,8,442,0,2,84,4,90,250,60,210,12,532,0,0,0,532
10/22/2022,SAT,TX,ASW,CE,Combined TRACON& Tower with Radar,214,33,61,7,315,0,0,37,1,38,214,33,98,8,353,0,0,0,353
10/23/2022,SAT,TX,ASW,CE,Combined TRACON& Tower with Radar,232,58,110,5,405,0,3,27,0,30,232,61,137,5,435,0,0,0,435
10/24/2022,SAT,TX,ASW,CE,Combined TRACON& Tower with Radar,251,40,95,3,389,0,1,31,0,32,251,41,126,3,421,0,0,0,421
10/25/2022,SAT,TX,ASW,CE,Combined TRACON& Tower with Radar,251,73,92,16,432,0,10,70,1,81,251,83,162,17,513,0,0,0,513
10/26/2022,SAT,TX,ASW,CE,Combined TRACON& Tower with Radar,246,67,125,16,454,0,6,72,5,83,246,73,197,21,537,0,0,0,537
10/27/2022,SAT,TX,ASW,CE,Combined TRACON& Tower with Radar,258,82,138,6,484,0,10,61,4,75,258,92,199,10,559,0,0,0,559
10/28/2022,SAT,TX,ASW,CE,Combined TRACON& Tower with Radar,260,52,95,11,418,0,5,24,2,31,260,57,119,13,449,0,0,0,449
10/29/2022,SAT,TX,ASW,CE,Combined TRACON& Tower with Radar,206,35,93,3,337,0,7,41,2,50,206,42,134,5,387,0,0,0,387
10/30/2022,SAT,TX,ASW,CE,Combined TRACON& Tower with Radar,230,41,113,1,385,0,3,65,0,68,230,44,178,1,453,0,0,0,453
10/31/2022,SAT,TX,ASW,CE,Combined TRACON& Tower with Radar,222,55,86,10,373,0,4,82,2,88,222,59,168,12,461,0,0,0,461
11/01/2022,SAT,TX,ASW,CE,Combined TRACON& Tower with Radar,244,70,103,11,428,0,10,43,0,53,244,80,146,11,481,0,0,0,481
11/02/2022,SAT,TX,ASW,CE,Combined TRACON& Tower with Radar,251,59,117,2,429,0,8,22,0,30,251,67,139,2,459,0,0,0,459
11/03/2022,SAT,TX,ASW,CE,Combined TRACON& Tower with Radar,261,62,124,4,451,0,5,17,2,24,261,67,141,6,475,0,0,0,475
11/04/2022,SAT,TX,ASW,CE,Combined TRACON& Tower with Radar,281,46,96,14,437,0,6,31,4,41,281,52,127,18,478,0,0,0,478
11/05/2022,SAT,TX,ASW,CE,Combined TRACON& Tower with Radar,226,30,60,4,320,0,7,69,0,76,226,37,129,4,396,0,0,0,396
11/06/2022,SAT,TX,ASW,CE,Combined TRACON& Tower with Radar,229,36,75,6,346,0,5,39,5,49,229,41,114,11,395,0,0,0,395
11/07/2022,SAT,TX,ASW,CE,Combined TRACON& Tower with Radar,232,55,109,3,399,0,5,25,0,30,232,60,134,3,429,0,0,0,429
11/08/2022,SAT,TX,ASW,CE,Combined TRACON& Tower with Radar,247,50,108,13,418,0,12,50,1,63,247,62,158,14,481,0,0,0,481
11/09/2022,SAT,TX,ASW,CE,Combined TRACON& Tower with Radar,234,58,111,12,415,0,5,39,0,44,234,63,150,12,459,0,0,0,459
11/10/2022,SAT,TX,ASW,CE,Combined TRACON& Tower with Radar,242,58,137,1,438,0,9,56,1,66,242,67,193,2,504,0,0,0,504
11/11/2022,SAT,TX,ASW,CE,Combined TRACON& Tower with Radar,229,43,105,8,385,0,5,7,1,13,229,48,112,9,398,0,0,0,398
11/12/2022,SAT,TX,ASW,CE,Combined TRACON& Tower with Radar,216,27,60,7,310,0,5,52,3,60,216,32,112,10,370,0,0,0,370
11/13/2022,SAT,TX,ASW,CE,Combined TRACON& Tower with Radar,223,24,87,4,338,0,9,50,1,60,223,33,137,5,398,0,0,0,398
11/14/2022,SAT,TX,ASW,CE,Combined TRACON& Tower with Radar,236,39,101,21,397,0,0,5,0,5,236,39,106,21,402,0,0,0,402
11/15/2022,SAT,TX,ASW,CE,Combined TRACON& Tower with Radar,250,59,114,6,429,0,1,62,6,69,250,60,176,12,498,0,0,0,498
11/16/2022,SAT,TX,ASW,CE,Combined TRACON& Tower with Radar,241,56,106,5,408,0,14,47,1,62,241,70,153,6,470,0,0,0,470
11/17/2022,SAT,TX,ASW,CE,Combined TRACON& Tower with Radar,246,55,130,10,441,0,3,63,2,68,246,58,193,12,509,0,0,0,509
11/18/2022,SAT,TX,ASW,CE,Combined TRACON& Tower with Radar,249,70,120,3,442,0,3,62,3,68,249,73,182,6,510,0,0,0,510
11/19/2022,SAT,TX,ASW,CE,Combined TRACON& Tower with Radar,221,24,80,0,325,0,0,0,0,0,221,24,80,0,325,0,0,0,325
11/20/2022,SAT,TX,ASW,CE,Combined TRACON& Tower with Radar,226,27,55,8,316,0,7,28,1,36,226,34,83,9,352,0,0,0,352
11/21/2022,SAT,TX,ASW,CE,Combined TRACON& Tower with Radar,242,49,110,3,404,0,0,3,0,3,242,49,113,3,407,0,0,0,407
11/22/2022,SAT,TX,ASW,CE,Combined TRACON& Tower with Radar,265,62,71,4,402,0,0,0,0,0,265,62,71,4,402,0,0,0,402
11/23/2022,SAT,TX,ASW,CE,Combined TRACON& Tower with Radar,249,56,118,0,423,0,1,5,0,6,249,57,123,0,429,0,0,0,429
11/24/2022,SAT,TX,ASW,CE,Combined TRACON& Tower with Radar,181,28,15,0,224,0,0,2,0,2,181,28,17,0,226,0,0,0,226
11/25/2022,SAT,TX,ASW,CE,Combined TRACON& Tower with Radar,234,44,56,0,334,0,0,3,0,3,234,44,59,0,337,0,0,0,337
11/26/2022,SAT,TX,ASW,CE,Combined TRACON& Tower with Radar,224,42,76,0,342,0,4,26,0,30,224,46,102,0,372,0,0,0,372
11/27/2022,SAT,TX,ASW,CE,Combined TRACON& Tower with Radar,241,51,110,0,402,0,9,59,0,68,241,60,169,0,470,0,0,0,470
11/28/2022,SAT,TX,ASW,CE,Combined TRACON& Tower with Radar,263,51,87,4,405,0,6,63,1,70,263,57,150,5,475,0,0,0,475
11/29/2022,SAT,TX,ASW,CE,Combined TRACON& Tower with Radar,248,56,93,8,405,0,5,46,2,53,248,61,139,10,458,0,0,0,458
11/30/2022,SAT,TX,ASW,CE,Combined TRACON& Tower with Radar,242,58,97,11,408,0,11,55,1,67,242,69,152,12,475,0,0,0,475
12/01/2022,SAT,TX,ASW,CE,Combined TRACON& Tower with Radar,262,65,134,2,463,0,6,12,0,18,262,71,146,2,481,0,0,0,481
12/02/2022,SAT,TX,ASW,CE,Combined TRACON& Tower with Radar,244,61,96,1,402,0,0,2,0,2,244,61,98,1,404,0,0,0,404
12/03/2022,SAT,TX,ASW,CE,Combined TRACON& Tower with Radar,221,38,95,2,356,0,2,7,0,9,221,40,102,2,365,0,0,0,365
12/04/2022,SAT,TX,ASW,CE,Combined TRACON& Tower with Radar,226,50,80,6,362,0,0,0,0,0,226,50,80,6,362,0,0,0,362
12/05/2022,SAT,TX,ASW,CE,Combined TRACON& Tower with Radar,242,46,106,7,401,0,3,15,0,18,242,49,121,7,419,0,0,0,419
12/06/2022,SAT,TX,ASW,CE,Combined TRACON& Tower with Radar,245,69,116,14,444,0,1,23,0,24,245,70,139,14,468,0,0,0,468
12/07/2022,SAT,TX,ASW,CE,Combined TRACON& Tower with Radar,240,81,107,9,437,0,1,32,0,33,240,82,139,9,470,0,0,0,470
12/08/2022,SAT,TX,ASW,CE,Combined TRACON& Tower with Radar,265,68,141,8,482,0,2,34,0,36,265,70,175,8,518,0,0,0,518
12/09/2022,SAT,TX,ASW,CE,Combined TRACON& Tower with Radar,250,73,116,11,450,0,6,32,0,38,250,79,148,11,488,0,0,0,488
12/10/2022,SAT,TX,ASW,CE,Combined TRACON& Tower with Radar,221,25,60,6,312,0,7,17,0,24,221,32,77,6,336,0,0,0,336
12/11/2022,SAT,TX,ASW,CE,Combined TRACON& Tower with Radar,228,41,91,29,389,0,2,42,5,49,228,43,133,34,438,0,0,0,438
12/12/2022,SAT,TX,ASW,CE,Combined TRACON& Tower with Radar,259,41,103,6,409,0,3,14,0,17,259,44,117,6,426,0,0,0,426
12/13/2022,SAT,TX,ASW,CE,Combined TRACON& Tower with Radar,238,55,105,18,416,0,13,63,0,76,238,68,168,18,492,0,0,0,492
12/14/2022,SAT,TX,ASW,CE,Combined TRACON& Tower with Radar,243,71,110,17,441,0,10,76,1,87,243,81,186,18,528,0,0,0,528
12/15/2022,SAT,TX,ASW,CE,Combined TRACON& Tower with Radar,260,55,124,20,459,0,6,101,0,107,260,61,225,20,566,0,0,0,566
12/16/2022,SAT,TX,ASW,CE,Combined TRACON& Tower with Radar,246,54,117,11,428,0,5,62,1,68,246,59,179,12,496,0,0,0,496
12/17/2022,SAT,TX,ASW,CE,Combined TRACON& Tower with Radar,233,40,79,3,355,0,8,73,7,88,233,48,152,10,443,0,0,0,443
12/18/2022,SAT,TX,ASW,CE,Combined TRACON& Tower with Radar,235,38,74,4,351,0,15,42,0,57,235,53,116,4,408,0,0,0,408
12/19/2022,SAT,TX,ASW,CE,Combined TRACON& Tower with Radar,242,44,91,5,382,0,0,0,0,0,242,44,91,5,382,0,0,0,382
12/20/2022,SAT,TX,ASW,CE,Combined TRACON& Tower with Radar,248,62,103,2,415,0,6,13,2,21,248,68,116,4,436,0,0,0,436
12/21/2022,SAT,TX,ASW,CE,Combined TRACON& Tower with Radar,245,80,88,6,419,0,0,16,0,16,245,80,104,6,435,0,0,0,435
12/22/2022,SAT,TX,ASW,CE,Combined TRACON& Tower with Radar,245,44,105,3,397,0,3,22,1,26,245,47,127,4,423,0,0,0,423
12/23/2022,SAT,TX,ASW,CE,Combined TRACON& Tower with Radar,208,50,48,1,307,0,3,48,0,51,208,53,96,1,358,0,0,0,358
12/24/2022,SAT,TX,ASW,CE,Combined TRACON& Tower with Radar,173,25,31,0,229,0,6,29,2,37,173,31,60,2,266,0,0,0,266
12/25/2022,SAT,TX,ASW,CE,Combined TRACON& Tower with Radar,154,28,32,0,214,0,4,12,2,18,154,32,44,2,232,0,0,0,232
12/26/2022,SAT,TX,ASW,CE,Combined TRACON& Tower with Radar,165,54,103,0,322,0,11,52,0,63,165,65,155,0,385,0,0,0,385
12/27/2022,SAT,TX,ASW,CE,Combined TRACON& Tower with Radar,174,56,100,5,335,0,10,69,3,82,174,66,169,8,417,0,0,0,417
12/28/2022,SAT,TX,ASW,CE,Combined TRACON& Tower with Radar,190,47,78,1,316,0,8,53,1,62,190,55,131,2,378,0,0,0,378
12/29/2022,SAT,TX,ASW,CE,Combined TRACON& Tower with Radar,208,58,107,2,375,0,4,25,0,29,208,62,132,2,404,0,0,0,404
12/30/2022,SAT,TX,ASW,CE,Combined TRACON& Tower with Radar,246,55,101,0,402,0,3,40,2,45,246,58,141,2,447,0,0,0,447
12/31/2022,SAT,TX,ASW,CE,Combined TRACON& Tower with Radar,208,16,34,0,258,0,15,33,0,48,208,31,67,0,306,0,0,0,306
01/01/2023,SAT,TX,ASW,CE,Combined TRACON& Tower with Radar,208,36,50,0,294,0,3,15,0,18,208,39,65,0,312,0,0,0,312
01/02/2023,SAT,TX,ASW,CE,Combined TRACON& Tower with Radar,220,54,105,1,380,0,4,19,1,24,220,58,124,2,404,0,0,0,404
01/03/2023,SAT,TX,ASW,CE,Combined TRACON& Tower with Radar,237,48,107,1,393,0,6,63,3,72,237,54,170,4,465,0,0,0,465
01/04/2023,SAT,TX,ASW,CE,Combined TRACON& Tower with Radar,252,60,87,0,399,0,7,83,2,92,252,67,170,2,491,0,0,0,491
01/05/2023,SAT,TX,ASW,CE,Combined TRACON& Tower with Radar,244,59,85,7,395,0,12,112,2,126,244,71,197,9,521,0,0,0,521
01/06/2023,SAT,TX,ASW,CE,Combined TRACON& Tower with Radar,232,56,91,11,390,0,9,51,1,61,232,65,142,12,451,0,0,0,451
01/07/2023,SAT,TX,ASW,CE,Combined TRACON& Tower with Radar,195,30,49,24,298,0,3,8,3,14,195,33,57,27,312,0,0,0,312
01/08/2023,SAT,TX,ASW,CE,Combined TRACON& Tower with Radar,239,47,93,13,392,0,0,63,2,65,239,47,156,15,457,0,0,0,457
01/09/2023,SAT,TX,ASW,CE,Combined TRACON& Tower with Radar,234,37,67,7,345,0,5,66,5,76,234,42,133,12,421,0,0,0,421
01/10/2023,SAT,TX,ASW,CE,Combined TRACON& Tower with Radar,237,59,107,10,413,0,6,61,2,69,237,65,168,12,482,0,0,0,482
01/11/2023,SAT,TX,ASW,CE,Combined TRACON& Tower with Radar,216,51,110,11,388,0,4,45,2,51,216,55,155,13,439,0,0,0,439
01/12/2023,SAT,TX,ASW,CE,Combined TRACON& Tower with Radar,256,49,113,4,422,0,7,55,3,65,256,56,168,7,487,0,0,0,487
01/13/2023,SAT,TX,ASW,CE,Combined TRACON& Tower with Radar,230,50,76,0,356,0,7,92,2,101,230,57,168,2,457,0,0,0,457
01/14/2023,SAT,TX,ASW,CE,Combined TRACON& Tower with Radar,177,43,43,0,263,0,10,62,1,73,177,53,105,1,336,0,0,0,336
01/15/2023,SAT,TX,ASW,CE,Combined TRACON& Tower with Radar,224,28,48,0,300,0,2,44,0,46,224,30,92,0,346,0,0,0,346
01/16/2023,SAT,TX,ASW,CE,Combined TRACON& Tower with Radar,218,39,101,5,363,0,2,55,1,58,218,41,156,6,421,0,0,0,421
01/17/2023,SAT,TX,ASW,CE,Combined TRACON& Tower with Radar,233,56,103,5,397,0,6,75,5,86,233,62,178,10,483,0,0,0,483
01/18/2023,SAT,TX,ASW,CE,Combined TRACON& Tower with Radar,220,55,88,13,376,0,9,37,4,50,220,64,125,17,426,0,0,0,426
01/19/2023,SAT,TX,ASW,CE,Combined TRACON& Tower with Radar,246,60,104,10,420,0,10,95,4,109,246,70,199,14,529,0,0,0,529
01/20/2023,SAT,TX,ASW,CE,Combined TRACON& Tower with Radar,235,39,89,8,371,0,5,64,2,71,235,44,153,10,442,0,0,0,442
01/21/2023,SAT,TX,ASW,CE,Combined TRACON& Tower with Radar,174,21,53,4,252,0,7,27,2,36,174,28,80,6,288,0,0,0,288
01/22/2023,SAT,TX,ASW,CE,Combined TRACON& Tower with Radar,235,22,73,9,339,0,9,71,4,84,235,31,144,13,423,0,0,0,423
01/23/2023,SAT,TX,ASW,CE,Combined TRACON& Tower with Radar,227,37,89,9,362,0,5,71,2,78,227,42,160,11,440,0,0,0,440
01/24/2023,SAT,TX,ASW,CE,Combined TRACON& Tower with Radar,251,42,65,6,364,0,8,26,3,37,251,50,91,9,401,0,0,0,401
01/25/2023,SAT,TX,ASW,CE,Combined TRACON& Tower with Radar,231,66,90,14,401,0,10,81,2,93,231,76,171,16,494,0,0,0,494
01/26/2023,SAT,TX,ASW,CE,Combined TRACON& Tower with Radar,238,45,109,14,406,0,5,72,6,83,238,50,181,20,489,0,0,0,489
01/27/2023,SAT,TX,ASW,CE,Combined TRACON& Tower with Radar,243,53,96,7,399,0,12,56,0,68,243,65,152,7,467,0,0,0,467
01/28/2023,SAT,TX,ASW,CE,Combined TRACON& Tower with Radar,176,28,61,8,273,0,0,0,0,0,176,28,61,8,273,0,0,0,273
01/29/2023,SAT,TX,ASW,CE,Combined TRACON& Tower with Radar,233,27,76,15,351,0,2,18,3,23,233,29,94,18,374,0,0,0,374
01/30/2023,SAT,TX,ASW,CE,Combined TRACON& Tower with Radar,212,40,75,5,332,0,0,0,0,0,212,40,75,5,332,0,0,0,332
01/31/2023,SAT,TX,ASW,CE,Combined TRACON& Tower with Radar,197,40,70,1,308,0,0,1,0,1,197,40,71,1,309,0,0,0,309
02/01/2023,SAT,TX,ASW,CE,Combined TRACON& Tower with Radar,151,36,50,1,238,0,0,0,0,0,151,36,50,1,238,0,0,0,238
02/02/2023,SAT,TX,ASW,CE,Combined TRACON& Tower with Radar,231,69,93,4,397,0,2,10,0,12,231,71,103,4,409,0,0,0,409
02/03/2023,SAT,TX,ASW,CE,Combined TRACON& Tower with Radar,239,50,85,11,385,0,9,74,1,84,239,59,159,12,469,0,0,0,469
02/04/2023,SAT,TX,ASW,CE,Combined TRACON& Tower with Radar,187,30,52,1,270,0,9,35,0,44,187,39,87,1,314,0,0,0,314
02/05/2023,SAT,TX,ASW,CE,Combined TRACON& Tower with Radar,234,29,74,11,348,0,3,39,1,43,234,32,113,12,391,0,0,0,391
02/06/2023,SAT,TX,ASW,CE,Combined TRACON& Tower with Radar,236,52,81,4,373,0,5,33,2,40,236,57,114,6,413,0,0,0,413
02/07/2023,SAT,TX,ASW,CE,Combined TRACON& Tower with Radar,244,53,60,4,361,0,0,5,0,5,244,53,65,4,366,0,0,0,366
02/08/2023,SAT,TX,ASW,CE,Combined TRACON& Tower with Radar,235,44,102,3,384,0,6,35,0,41,235,50,137,3,425,0,0,0,425
02/09/2023,SAT,TX,ASW,CE,Combined TRACON& Tower with Radar,244,54,131,3,432,0,11,85,3,99,244,65,216,6,531,0,0,0,531
02/10/2023,SAT,TX,ASW,CE,Combined TRACON& Tower with Radar,234,64,89,8,395,0,2,55,4,61,234,66,144,12,456,0,0,0,456
02/11/2023,SAT,TX,ASW,CE,Combined TRACON& Tower with Radar,187,26,60,2,275,0,0,38,1,39,187,26,98,3,314,0,0,0,314
02/12/2023,SAT,TX,ASW,CE,Combined TRACON& Tower with Radar,228,37,63,0,328,0,5,63,2,70,228,42,126,2,398,0,0,0,398
02/13/2023,SAT,TX,ASW,CE,Combined TRACON& Tower with Radar,225,32,86,0,343,0,5,63,0,68,225,37,149,0,411,0,0,0,411
02/14/2023,SAT,TX,ASW,CE,Combined TRACON& Tower with Radar,232,44,66,6,348,0,8,39,7,54,232,52,105,13,402,0,0,0,402
02/15/2023,SAT,TX,ASW,CE,Combined TRACON& Tower with Radar,223,63,112,5,403,0,5,48,1,54,223,68,160,6,457,0,0,0,457
02/16/2023,SAT,TX,ASW,CE,Combined TRACON& Tower with Radar,241,44,98,12,395,0,4,52,7,63,241,48,150,19,458,0,0,0,458
02/17/2023,SAT,TX,ASW,CE,Combined TRACON& Tower with Radar,237,55,97,1,390,0,8,72,4,84,237,63,169,5,474,0,0,0,474
02/18/2023,SAT,TX,ASW,CE,Combined TRACON& Tower with Radar,188,45,50,3,286,0,5,48,1,54,188,50,98,4,340,0,0,0,340
02/19/2023,SAT,TX,ASW,CE,Combined TRACON& Tower with Radar,226,26,64,2,318,0,5,42,4,51,226,31,106,6,369,0,0,0,369
02/20/2023,SAT,TX,ASW,CE,Combined TRACON& Tower with Radar,232,41,135,4,412,0,2,27,0,29,232,43,162,4,441,0,0,0,441
02/21/2023,SAT,TX,ASW,CE,Combined TRACON& Tower with Radar,233,56,100,14,403,0,10,53,6,69,233,66,153,20,472,0,0,0,472
02/22/2023,SAT,TX,ASW,CE,Combined TRACON& Tower with Radar,235,60,100,10,405,0,2,38,7,47,235,62,138,17,452,0,0,0,452
02/23/2023,SAT,TX,ASW,CE,Combined TRACON& Tower with Radar,242,48,118,13,421,0,5,43,2,50,242,53,161,15,471,0,0,0,471
02/24/2023,SAT,TX,ASW,CE,Combined TRACON& Tower with Radar,242,46,134,9,431,0,1,9,0,10,242,47,143,9,441,0,0,0,441
02/25/2023,SAT,TX,ASW,CE,Combined TRACON& Tower with Radar,185,26,69,10,290,0,1,6,0,7,185,27,75,10,297,0,0,0,297
02/26/2023,SAT,TX,ASW,CE,Combined TRACON& Tower with Radar,233,25,80,12,350,0,3,11,1,15,233,28,91,13,365,0,0,0,365
02/27/2023,SAT,TX,ASW,CE,Combined TRACON& Tower with Radar,238,67,92,10,407,0,6,70,3,79,238,73,162,13,486,0,0,0,486
02/28/2023,SAT,TX,ASW,CE,Combined TRACON& Tower with Radar,242,72,93,0,407,0,7,64,4,75,242,79,157,4,482,0,0,0,482
03/01/2023,SAT,TX,ASW,CE,Combined TRACON& Tower with Radar,239,58,116,3,416,0,7,32,4,43,239,65,148,7,459,0,0,0,459
03/02/2023,SAT,TX,ASW,CE,Combined TRACON& Tower with Radar,256,34,104,3,397,0,4,36,0,40,256,38,140,3,437,0,0,0,437
03/03/2023,SAT,TX,ASW,CE,Combined TRACON& Tower with Radar,244,61,93,11,409,0,6,51,0,57,244,67,144,11,466,0,0,0,466
03/04/2023,SAT,TX,ASW,CE,Combined TRACON& Tower with Radar,194,33,44,4,275,0,9,51,3,63,194,42,95,7,338,0,0,0,338
03/05/2023,SAT,TX,ASW,CE,Combined TRACON& Tower with Radar,228,40,68,6,342,0,2,42,2,46,228,42,110,8,388,0,0,0,388
03/06/2023,SAT,TX,ASW,CE,Combined TRACON& Tower with Radar,237,35,90,6,368,0,4,29,0,33,237,39,119,6,401,0,0,0,401
03/07/2023,SAT,TX,ASW,CE,Combined TRACON& Tower with Radar,242,58,84,13,397,0,2,22,0,24,242,60,106,13,421,0,0,0,421
03/08/2023,SAT,TX,ASW,CE,Combined TRACON& Tower with Radar,241,51,89,27,408,0,10,28,0,38,241,61,117,27,446,0,0,0,446
03/09/2023,SAT,TX,ASW,CE,Combined TRACON& Tower with Radar,262,69,141,5,477,0,3,37,2,42,262,72,178,7,519,0,0,0,519
03/10/2023,SAT,TX,ASW,CE,Combined TRACON& Tower with Radar,253,77,122,11,463,0,15,41,2,58,253,92,163,13,521,0,0,0,521
03/11/2023,SAT,TX,ASW,CE,Combined TRACON& Tower with Radar,198,56,81,6,341,0,11,30,3,44,198,67,111,9,385,0,0,0,385
03/12/2023,SAT,TX,ASW,CE,Combined TRACON& Tower with Radar,232,32,59,5,328,0,7,41,5,53,232,39,100,10,381,0,0,0,381
03/13/2023,SAT,TX,ASW,CE,Combined TRACON& Tower with Radar,249,41,74,10,374,0,13,53,0,66,249,54,127,10,440,0,0,0,440
03/14/2023,SAT,TX,ASW,CE,Combined TRACON& Tower with Radar,253,57,67,18,395,0,20,47,9,76,253,77,114,27,471,0,0,0,471
03/15/2023,SAT,TX,ASW,CE,Combined TRACON& Tower with Radar,243,42,88,14,387,0,17,33,2,52,243,59,121,16,439,0,0,0,439
03/16/2023,SAT,TX,ASW,CE,Combined TRACON& Tower with Radar,283,65,105,4,457,0,6,12,1,19,283,71,117,5,476,0,0,0,476
03/17/2023,SAT,TX,ASW,CE,Combined TRACON& Tower with Radar,266,49,83,10,408,0,5,30,2,37,266,54,113,12,445,0,0,0,445
03/18/2023,SAT,TX,ASW,CE,Combined TRACON& Tower with Radar,195,39,68,2,304,0,4,10,0,14,195,43,78,2,318,0,0,0,318
03/19/2023,SAT,TX,ASW,CE,Combined TRACON& Tower with Radar,237,41,109,2,389,0,7,46,3,56,237,48,155,5,445,0,0,0,445
03/20/2023,SAT,TX,ASW,CE,Combined TRACON& Tower with Radar,249,67,95,11,422,0,13,31,0,44,249,80,126,11,466,0,0,0,466
03/21/2023,SAT,TX,ASW,CE,Combined TRACON& Tower with Radar,247,42,113,7,409,0,2,0,0,2,247,44,113,7,411,0,0,0,411
03/22/2023,SAT,TX,ASW,CE,Combined TRACON& Tower with Radar,244,56,98,10,408,0,13,15,2,30,244,69,113,12,438,0,0,0,438
03/23/2023,SAT,TX,ASW,CE,Combined TRACON& Tower with Radar,253,60,118,8,439,0,13,52,3,68,253,73,170,11,507,0,0,0,507
03/24/2023,SAT,TX,ASW,CE,Combined TRACON& Tower with Radar,253,47,106,11,417,0,16,35,5,56,253,63,141,16,473,0,0,0,473
03/25/2023,SAT,TX,ASW,CE,Combined TRACON& Tower with Radar,190,30,59,35,314,0,25,27,6,58,190,55,86,41,372,0,0,0,372
03/26/2023,SAT,TX,ASW,CE,Combined TRACON& Tower with Radar,240,24,94,20,378,0,13,23,2,38,240,37,117,22,416,0,0,0,416
03/27/2023,SAT,TX,ASW,CE,Combined TRACON& Tower with Radar,255,39,126,1,421,0,10,25,1,36,255,49,151,2,457,0,0,0,457
03/28/2023,SAT,TX,ASW,CE,Combined TRACON& Tower with Radar,246,44,116,8,414,0,7,29,3,39,246,51,145,11,453,0,0,0,453
03/29/2023,SAT,TX,ASW,CE,Combined TRACON& Tower with Radar,240,60,111,13,424,0,25,55,3,83,240,85,166,16,507,0,0,0,507
03/30/2023,SAT,TX,ASW,CE,Combined TRACON& Tower with Radar,263,77,123,0,463,0,8,5,0,13,263,85,128,0,476,0,0,0,476
03/31/2023,SAT,TX,ASW,CE,Combined TRACON& Tower with Radar,249,66,105,6,426,0,15,35,4,54,249,81,140,10,480,0,0,0,480
04/01/2023,SAT,TX,ASW,CE,Combined TRACON& Tower with Radar,188,55,72,2,317,0,20,36,0,56,188,75,108,2,373,0,0,0,373
04/02/2023,SAT,TX,ASW,CE,Combined TRACON& Tower with Radar,233,44,74,2,353,0,14,14,0,28,233,58,88,2,381,0,0,0,381
04/03/2023,SAT,TX,ASW,CE,Combined TRACON& Tower with Radar,255,53,91,9,408,0,30,34,2,66,255,83,125,11,474,0,0,0,474
04/04/2023,SAT,TX,ASW,CE,Combined TRACON& Tower with Radar,251,65,97,21,434,0,25,27,1,53,251,90,124,22,487,0,0,0,487
04/05/2023,SAT,TX,ASW,CE,Combined TRACON& Tower with Radar,273,55,103,17,448,0,19,22,0,41,273,74,125,17,489,0,0,0,489
04/06/2023,SAT,TX,ASW,CE,Combined TRACON& Tower with Radar,257,49,73,1,380,0,1,1,0,2,257,50,74,1,382,0,0,0,382
04/07/2023,SAT,TX,ASW,CE,Combined TRACON& Tower with Radar,255,52,60,0,367,0,0,0,0,0,255,52,60,0,367,0,0,0,367
04/08/2023,SAT,TX,ASW,CE,Combined TRACON& Tower with Radar,201,29,58,0,288,0,23,6,0,29,201,52,64,0,317,0,0,0,317
04/09/2023,SAT,TX,ASW,CE,Combined TRACON& Tower with Radar,233,36,70,0,339,0,19,10,0,29,233,55,80,0,368,0,0,0,368
04/10/2023,SAT,TX,ASW,CE,Combined TRACON& Tower with Radar,248,49,109,9,415,0,14,11,0,25,248,63,120,9,440,0,0,0,440
04/11/2023,SAT,TX,ASW,CE,Combined TRACON& Tower with Radar,262,67,94,5,428,0,26,40,1,67,262,93,134,6,495,0,0,0,495
04/12/2023,SAT,TX,ASW,CE,Combined TRACON& Tower with Radar,261,50,85,8,404,0,49,40,1,90,261,99,125,9,494,0,0,0,494
04/13/2023,SAT,TX,ASW,CE,Combined TRACON& Tower with Radar,262,58,117,2,439,0,57,50,0,107,262,115,167,2,546,0,0,0,546
04/14/2023,SAT,TX,ASW,CE,Combined TRACON& Tower with Radar,257,48,123,9,437,0,17,15,0,32,257,65,138,9,469,0,0,0,469
04/15/2023,SAT,TX,ASW,CE,Combined TRACON& Tower with Radar,194,40,48,10,292,0,22,24,8,54,194,62,72,18,346,0,0,0,346
04/16/2023,SAT,TX,ASW,CE,Combined TRACON& Tower with Radar,242,49,74,9,374,0,23,40,4,67,242,72,114,13,441,0,0,0,441
04/17/2023,SAT,TX,ASW,CE,Combined TRACON& Tower with Radar,250,47,78,17,392,0,34,65,3,102,250,81,143,20,494,0,0,0,494
04/18/2023,SAT,TX,ASW,CE,Combined TRACON& Tower with Radar,265,43,102,5,415,0,2,21,0,23,265,45,123,5,438,0,0,0,438
04/19/2023,SAT,TX,ASW,CE,Combined TRACON& Tower with Radar,260,47,128,3,438,0,18,12,1,31,260,65,140,4,469,0,0,0,469
04/20/2023,SAT,TX,ASW,CE,Combined TRACON& Tower with Radar,261,70,109,1,441,0,6,16,0,22,261,76,125,1,463,0,0,0,463
04/21/2023,SAT,TX,ASW,CE,Combined TRACON& Tower with Radar,269,55,100,6,430,0,36,38,2,76,269,91,138,8,506,0,0,0,506
04/22/2023,SAT,TX,ASW,CE,Combined TRACON& Tower with Radar,201,30,59,4,294,0,59,30,0,89,201,89,89,4,383,0,0,0,383
04/23/2023,SAT,TX,ASW,CE,Combined TRACON& Tower with Radar,243,31,63,10,347,0,7,6,2,15,243,38,69,12,362,0,0,0,362
04/24/2023,SAT,TX,ASW,CE,Combined TRACON& Tower with Radar,248,38,99,11,396,0,26,23,2,51,248,64,122,13,447,0,0,0,447
04/25/2023,SAT,TX,ASW,CE,Combined TRACON& Tower with Radar,261,50,85,2,398,0,16,5,4,25,261,66,90,6,423,0,0,0,423
04/26/2023,SAT,TX,ASW,CE,Combined TRACON& Tower with Radar,258,42,107,1,408,0,33,21,2,56,258,75,128,3,464,0,0,0,464
04/27/2023,SAT,TX,ASW,CE,Combined TRACON& Tower with Radar,261,68,108,8,445,0,28,56,3,87,261,96,164,11,532,0,0,0,532
04/28/2023,SAT,TX,ASW,CE,Combined TRACON& Tower with Radar,249,41,80,4,374,0,17,26,3,46,249,58,106,7,420,0,3,3,423
04/29/2023,SAT,TX,ASW,CE,Combined TRACON& Tower with Radar,210,26,45,3,284,0,32,35,3,70,210,58,80,6,354,0,0,0,354
04/30/2023,SAT,TX,ASW,CE,Combined TRACON& Tower with Radar,237,37,97,5,376,0,44,53,2,99,237,81,150,7,475,0,0,0,475
05/01/2023,SAT,TX,ASW,CE,Combined TRACON& Tower with Radar,255,41,85,11,392,0,37,50,5,92,255,78,135,16,484,0,0,0,484
05/02/2023,SAT,TX,ASW,CE,Combined TRACON& Tower with Radar,260,37,101,6,404,0,36,25,1,62,260,73,126,7,466,0,0,0,466
05/03/2023,SAT,TX,ASW,CE,Combined TRACON& Tower with Radar,260,68,113,5,446,0,38,45,1,84,260,106,158,6,530,0,0,0,530
05/04/2023,SAT,TX,ASW,CE,Combined TRACON& Tower with Radar,261,68,106,2,437,0,15,19,1,35,261,83,125,3,472,0,0,0,472
05/05/2023,SAT,TX,ASW,CE,Combined TRACON& Tower with Radar,263,64,94,9,430,0,31,45,4,80,263,95,139,13,510,13,0,13,523
05/06/2023,SAT,TX,ASW,CE,Combined TRACON& Tower with Radar,202,43,67,5,317,0,14,12,2,28,202,57,79,7,345,0,0,0,345
05/07/2023,SAT,TX,ASW,CE,Combined TRACON& Tower with Radar,245,40,77,6,368,0,12,17,4,33,245,52,94,10,401,0,0,0,401
05/08/2023,SAT,TX,ASW,CE,Combined TRACON& Tower with Radar,291,42,74,7,414,0,21,39,3,63,291,63,113,10,477,0,0,0,477
05/09/2023,SAT,TX,ASW,CE,Combined TRACON& Tower with Radar,286,47,97,2,432,0,9,5,0,14,286,56,102,2,446,0,0,0,446
05/10/2023,SAT,TX,ASW,CE,Combined TRACON& Tower with Radar,261,62,86,6,415,0,21,13,3,37,261,83,99,9,452,0,0,0,452
05/11/2023,SAT,TX,ASW,CE,Combined TRACON& Tower with Radar,265,67,107,6,445,0,19,32,3,54,265,86,139,9,499,0,0,0,499
05/12/2023,SAT,TX,ASW,CE,Combined TRACON& Tower with Radar,270,49,95,6,420,0,10,8,0,18,270,59,103,6,438,6,0,6,444
05/13/2023,SAT,TX,ASW,CE,Combined TRACON& Tower with Radar,227,24,42,2,295,0,12,10,0,22,227,36,52,2,317,0,0,0,317
05/14/2023,SAT,TX,ASW,CE,Combined TRACON& Tower with Radar,289,39,55,9,392,0,19,19,0,38,289,58,74,9,430,0,0,0,430
05/15/2023,SAT,TX,ASW,CE,Combined TRACON& Tower with Radar,266,39,80,5,390,0,1,14,0,15,266,40,94,5,405,0,0,0,405
05/16/2023,SAT,TX,ASW,CE,Combined TRACON& Tower with Radar,271,54,116,4,445,0,26,14,0,40,271,80,130,4,485,0,0,0,485
05/17/2023,SAT,TX,ASW,CE,Combined TRACON& Tower with Radar,272,64,117,6,459,1,51,47,1,100,273,115,164,7,559,0,0,0,559
05/18/2023,SAT,TX,ASW,CE,Combined TRACON& Tower with Radar,266,63,121,9,459,0,48,43,5,96,266,111,164,14,555,0,0,0,555
05/19/2023,SAT,TX,ASW,CE,Combined TRACON& Tower with Radar,283,53,103,2,441,1,23,37,5,66,284,76,140,7,507,0,0,0,507
05/20/2023,SAT,TX,ASW,CE,Combined TRACON& Tower with Radar,220,24,59,2,305,0,20,13,0,33,220,44,72,2,338,0,0,0,338
05/21/2023,SAT,TX,ASW,CE,Combined TRACON& Tower with Radar,260,30,82,1,373,0,3,14,1,18,260,33,96,2,391,0,0,0,391
05/22/2023,SAT,TX,ASW,CE,Combined TRACON& Tower with Radar,269,50,91,12,422,0,39,45,4,88,269,89,136,16,510,0,0,0,510
05/23/2023,SAT,TX,ASW,CE,Combined TRACON& Tower with Radar,270,60,72,10,412,0,44,34,5,83,270,104,106,15,495,0,0,0,495
05/24/2023,SAT,TX,ASW,CE,Combined TRACON& Tower with Radar,267,63,114,3,447,0,18,55,3,76,267,81,169,6,523,0,0,0,523
05/25/2023,SAT,TX,ASW,CE,Combined TRACON& Tower with Radar,271,60,113,6,450,0,34,38,2,74,271,94,151,8,524,0,0,0,524
05/26/2023,SAT,TX,ASW,CE,Combined TRACON& Tower with Radar,266,69,91,2,428,0,28,43,1,72,266,97,134,3,500,0,0,0,500
05/27/2023,SAT,TX,ASW,CE,Combined TRACON& Tower with Radar,211,33,35,0,279,0,35,15,0,50,211,68,50,0,329,0,0,0,329
05/28/2023,SAT,TX,ASW,CE,Combined TRACON& Tower with Radar,235,28,43,3,309,0,7,24,2,33,235,35,67,5,342,0,0,0,342
05/29/2023,SAT,TX,ASW,CE,Combined TRACON& Tower with Radar,262,32,72,1,367,0,8,18,1,27,262,40,90,2,394,0,0,0,394
05/30/2023,SAT,TX,ASW,CE,Combined TRACON& Tower with Radar,271,39,88,14,412,0,27,47,5,79,271,66,135,19,491,0,0,0,491
05/31/2023,SAT,TX,ASW,CE,Combined TRACON& Tower with Radar,271,49,73,8,401,0,22,39,5,66,271,71,112,13,467,0,0,0,467
06/01/2023,SAT,TX,ASW,CE,Combined TRACON& Tower with Radar,270,54,104,10,438,0,22,38,3,63,270,76,142,13,501,0,0,0,501
06/02/2023,SAT,TX,ASW,CE,Combined TRACON& Tower with Radar,276,44,91,0,411,1,20,22,1,44,277,64,113,1,455,0,0,0,455
06/03/2023,SAT,TX,ASW,CE,Combined TRACON& Tower with Radar,213,34,55,6,308,1,30,24,1,56,214,64,79,7,364,0,0,0,364
06/04/2023,SAT,TX,ASW,CE,Combined TRACON& Tower with Radar,261,39,81,3,384,0,17,16,0,33,261,56,97,3,417,0,0,0,417
06/05/2023,SAT,TX,ASW,CE,Combined TRACON& Tower with Radar,281,38,68,5,392,0,12,24,4,40,281,50,92,9,432,0,0,0,432
06/06/2023,SAT,TX,ASW,CE,Combined TRACON& Tower with Radar,270,55,61,0,386,0,42,31,7,80,270,97,92,7,466,0,0,0,466
06/07/2023,SAT,TX,ASW,CE,Combined TRACON& Tower with Radar,281,49,77,5,412,0,65,61,47,173,281,114,138,52,585,0,0,0,585
06/08/2023,SAT,TX,ASW,CE,Combined TRACON& Tower with Radar,305,83,91,0,479,0,20,46,9,75,305,103,137,9,554,0,0,0,554
06/09/2023,SAT,TX,ASW,CE,Combined TRACON& Tower with Radar,273,49,98,7,427,0,51,42,6,99,273,100,140,13,526,7,0,7,533
06/10/2023,SAT,TX,ASW,CE,Combined TRACON& Tower with Radar,223,43,37,1,304,0,9,21,1,31,223,52,58,2,335,0,0,0,335
06/11/2023,SAT,TX,ASW,CE,Combined TRACON& Tower with Radar,257,30,59,11,357,0,13,40,8,61,257,43,99,19,418,0,0,0,418
06/12/2023,SAT,TX,ASW,CE,Combined TRACON& Tower with Radar,270,41,91,20,422,0,19,36,4,59,270,60,127,24,481,0,0,0,481
06/13/2023,SAT,TX,ASW,CE,Combined TRACON& Tower with Radar,267,47,104,17,435,0,18,16,1,35,267,65,120,18,470,0,0,0,470
06/14/2023,SAT,TX,ASW,CE,Combined TRACON& Tower with Radar,260,50,98,8,416,0,20,26,6,52,260,70,124,14,468,0,0,0,468
06/15/2023,SAT,TX,ASW,CE,Combined TRACON& Tower with Radar,269,54,108,13,444,0,5,28,8,41,269,59,136,21,485,0,0,0,485
06/16/2023,SAT,TX,ASW,CE,Combined TRACON& Tower with Radar,283,49,100,14,446,0,22,48,7,77,283,71,148,21,523,0,0,0,523
06/17/2023,SAT,TX,ASW,CE,Combined TRACON& Tower with Radar,230,42,63,8,343,0,14,20,2,36,230,56,83,10,379,1,0,1,380
06/18/2023,SAT,TX,ASW,CE,Combined TRACON& Tower with Radar,244,30,49,5,328,0,12,23,2,37,244,42,72,7,365,0,0,0,365
06/19/2023,SAT,TX,ASW,CE,Combined TRACON& Tower with Radar,276,46,74,6,402,0,25,26,4,55,276,71,100,10,457,0,0,0,457
06/20/2023,SAT,TX,ASW,CE,Combined TRACON& Tower with Radar,261,40,101,10,412,0,30,26,1,57,261,70,127,11,469,0,0,0,469
06/21/2023,SAT,TX,ASW,CE,Combined TRACON& Tower with Radar,270,56,126,8,460,0,29,34,1,64,270,85,160,9,524,0,0,0,524
06/22/2023,SAT,TX,ASW,CE,Combined TRACON& Tower with Radar,267,60,113,9,449,0,14,36,1,51,267,74,149,10,500,0,0,0,500
06/23/2023,SAT,TX,ASW,CE,Combined TRACON& Tower with Radar,276,54,82,26,438,0,19,27,6,52,276,73,109,32,490,0,0,0,490
06/24/2023,SAT,TX,ASW,CE,Combined TRACON& Tower with Radar,233,39,44,9,325,0,12,23,5,40,233,51,67,14,365,0,0,0,365
06/25/2023,SAT,TX,ASW,CE,Combined TRACON& Tower with Radar,231,34,63,14,342,0,27,17,3,47,231,61,80,17,389,0,0,0,389
06/26/2023,SAT,TX,ASW,CE,Combined TRACON& Tower with Radar,259,45,78,10,392,0,36,41,4,81,259,81,119,14,473,0,0,0,473
06/27/2023,SAT,TX,ASW,CE,Combined TRACON& Tower with Radar,253,60,86,8,407,0,41,58,8,107,253,101,144,16,514,0,0,0,514
06/28/2023,SAT,TX,ASW,CE,Combined TRACON& Tower with Radar,248,65,102,6,421,0,32,61,0,93,248,97,163,6,514,0,0,0,514
06/29/2023,SAT,TX,ASW,CE,Combined TRACON& Tower with Radar,271,66,115,13,465,0,20,53,6,79,271,86,168,19,544,0,0,0,544
06/30/2023,SAT,TX,ASW,CE,Combined TRACON& Tower with Radar,280,57,112,4,453,0,27,37,2,66,280,84,149,6,519,0,0,0,519
07/01/2023,SAT,TX,ASW,CE,Combined TRACON& Tower with Radar,228,40,62,0,330,0,18,22,0,40,228,58,84,0,370,0,0,0,370
07/02/2023,SAT,TX,ASW,CE,Combined TRACON& Tower with Radar,281,31,46,0,358,0,22,26,0,48,281,53,72,0,406,0,0,0,406
07/03/2023,SAT,TX,ASW,CE,Combined TRACON& Tower with Radar,241,26,43,0,310,0,34,33,0,67,241,60,76,0,377,0,0,0,377
07/04/2023,SAT,TX,ASW,CE,Combined TRACON& Tower with Radar,219,18,29,0,266,0,27,18,5,50,219,45,47,5,316,0,0,0,316
07/05/2023,SAT,TX,ASW,CE,Combined TRACON& Tower with Radar,254,48,79,12,393,0,22,29,4,55,254,70,108,16,448,0,0,0,448
07/06/2023,SAT,TX,ASW,CE,Combined TRACON& Tower with Radar,271,51,78,2,402,0,11,26,5,42,271,62,104,7,444,0,0,0,444
07/07/2023,SAT,TX,ASW,CE,Combined TRACON& Tower with Radar,270,55,73,3,401,0,14,21,0,35,270,69,94,3,436,0,0,0,436
07/08/2023,SAT,TX,ASW,CE,Combined TRACON& Tower with Radar,234,46,58,17,355,0,21,28,2,51,234,67,86,19,406,0,0,0,406
07/09/2023,SAT,TX,ASW,CE,Combined TRACON& Tower with Radar,254,26,69,20,369,0,15,27,1,43,254,41,96,21,412,0,0,0,412
07/10/2023,SAT,TX,ASW,CE,Combined TRACON& Tower with Radar,274,46,91,6,417,0,27,34,1,62,274,73,125,7,479,0,0,0,479
07/11/2023,SAT,TX,ASW,CE,Combined TRACON& Tower with Radar,275,53,97,7,432,0,27,38,1,66,275,80,135,8,498,0,0,0,498
07/12/2023,SAT,TX,ASW,CE,Combined TRACON& Tower with Radar,278,69,100,15,462,0,30,36,2,68,278,99,136,17,530,0,0,0,530
07/13/2023,SAT,TX,ASW,CE,Combined TRACON& Tower with Radar,290,64,80,13,447,0,18,51,6,75,290,82,131,19,522,0,0,0,522
07/14/2023,SAT,TX,ASW,CE,Combined TRACON& Tower with Radar,284,57,74,2,417,0,8,33,0,41,284,65,107,2,458,0,3,3,461
07/15/2023,SAT,TX,ASW,CE,Combined TRACON& Tower with Radar,240,36,39,9,324,0,19,22,1,42,240,55,61,10,366,0,0,0,366
07/16/2023,SAT,TX,ASW,CE,Combined TRACON& Tower with Radar,236,20,62,11,329,1,30,42,8,81,237,50,104,19,410,0,0,0,410
07/17/2023,SAT,TX,ASW,CE,Combined TRACON& Tower with Radar,279,55,63,2,399,0,29,47,3,79,279,84,110,5,478,0,0,0,478
07/18/2023,SAT,TX,ASW,CE,Combined TRACON& Tower with Radar,272,47,82,3,404,0,22,42,1,65,272,69,124,4,469,0,0,0,469
07/19/2023,SAT,TX,ASW,CE,Combined TRACON& Tower with Radar,275,58,83,4,420,0,19,49,3,71,275,77,132,7,491,0,0,0,491
07/20/2023,SAT,TX,ASW,CE,Combined TRACON& Tower with Radar,276,59,104,5,444,0,20,39,2,61,276,79,143,7,505,0,0,0,505
07/21/2023,SAT,TX,ASW,CE,Combined TRACON& Tower with Radar,281,35,77,8,401,0,16,43,0,59,281,51,120,8,460,0,0,0,460
07/22/2023,SAT,TX,ASW,CE,Combined TRACON& Tower with Radar,249,45,58,7,359,0,19,27,5,51,249,64,85,12,410,0,0,0,410
07/23/2023,SAT,TX,ASW,CE,Combined TRACON& Tower with Radar,242,28,65,6,341,0,11,35,2,48,242,39,100,8,389,0,0,0,389
07/24/2023,SAT,TX,ASW,CE,Combined TRACON& Tower with Radar,285,58,63,1,407,0,14,34,4,52,285,72,97,5,459,0,0,0,459
07/25/2023,SAT,TX,ASW,CE,Combined TRACON& Tower with Radar,271,42,69,7,389,0,6,54,5,65,271,48,123,12,454,0,0,0,454
07/26/2023,SAT,TX,ASW,CE,Combined TRACON& Tower with Radar,271,54,101,6,432,0,11,43,2,56,271,65,144,8,488,0,0,0,488
07/27/2023,SAT,TX,ASW,CE,Combined TRACON& Tower with Radar,288,48,135,2,473,0,15,51,6,72,288,63,186,8,545,0,0,0,545
07/28/2023,SAT,TX,ASW,CE,Combined TRACON& Tower with Radar,280,48,69,9,406,0,17,38,0,55,280,65,107,9,461,0,0,0,461
07/29/2023,SAT,TX,ASW,CE,Combined TRACON& Tower with Radar,239,38,50,3,330,0,21,27,0,48,239,59,77,3,378,0,0,0,378
07/30/2023,SAT,TX,ASW,CE,Combined TRACON& Tower with Radar,249,48,57,8,362,0,27,18,2,47,249,75,75,10,409,0,0,0,409
07/31/2023,SAT,TX,ASW,CE,Combined TRACON& Tower with Radar,280,49,65,5,399,0,28,41,0,69,280,77,106,5,468,0,0,0,468
08/01/2023,SAT,TX,ASW,CE,Combined TRACON& Tower with Radar,275,53,103,2,433,0,36,43,5,84,275,89,146,7,517,0,0,0,517
08/02/2023,SAT,TX,ASW,CE,Combined TRACON& Tower with Radar,284,44,77,4,409,0,26,45,7,78,284,70,122,11,487,0,0,0,487
08/03/2023,SAT,TX,ASW,CE,Combined TRACON& Tower with Radar,274,57,73,6,410,0,25,35,2,62,274,82,108,8,472,0,0,0,472
08/04/2023,SAT,TX,ASW,CE,Combined TRACON& Tower with Radar,289,55,75,3,422,0,27,44,2,73,289,82,119,5,495,0,0,0,495
08/05/2023,SAT,TX,ASW,CE,Combined TRACON& Tower with Radar,253,25,50,0,328,0,19,43,3,65,253,44,93,3,393,0,0,0,393
08/06/2023,SAT,TX,ASW,CE,Combined TRACON& Tower with Radar,241,36,62,6,345,0,21,35,5,61,241,57,97,11,406,0,0,0,406
08/07/2023,SAT,TX,ASW,CE,Combined TRACON& Tower with Radar,276,40,102,10,428,0,22,37,2,61,276,62,139,12,489,0,0,0,489
08/08/2023,SAT,TX,ASW,CE,Combined TRACON& Tower with Radar,279,56,80,7,422,0,31,35,5,71,279,87,115,12,493,0,0,0,493
08/09/2023,SAT,TX,ASW,CE,Combined TRACON& Tower with Radar,280,55,95,15,445,0,16,32,3,51,280,71,127,18,496,0,0,0,496
08/10/2023,SAT,TX,ASW,CE,Combined TRACON& Tower with Radar,278,52,101,5,436,0,12,41,2,55,278,64,142,7,491,0,0,0,491
08/11/2023,SAT,TX,ASW,CE,Combined TRACON& Tower with Radar,278,51,87,13,429,0,9,47,1,57,278,60,134,14,486,0,0,0,486
08/12/2023,SAT,TX,ASW,CE,Combined TRACON& Tower with Radar,248,33,41,2,324,0,12,26,0,38,248,45,67,2,362,0,0,0,362
08/13/2023,SAT,TX,ASW,CE,Combined TRACON& Tower with Radar,250,32,52,1,335,0,16,30,2,48,250,48,82,3,383,0,0,0,383
08/14/2023,SAT,TX,ASW,CE,Combined TRACON& Tower with Radar,276,44,64,10,394,0,27,26,0,53,276,71,90,10,447,0,0,0,447
08/15/2023,SAT,TX,ASW,CE,Combined TRACON& Tower with Radar,266,54,84,8,412,0,37,25,7,69,266,91,109,15,481,0,0,0,481
08/16/2023,SAT,TX,ASW,CE,Combined TRACON& Tower with Radar,267,51,76,5,399,0,27,27,11,65,267,78,103,16,464,0,0,0,464
08/17/2023,SAT,TX,ASW,CE,Combined TRACON& Tower with Radar,267,51,97,5,420,0,34,39,6,79,267,85,136,11,499,0,0,0,499
08/18/2023,SAT,TX,ASW,CE,Combined TRACON& Tower with Radar,278,57,78,10,423,0,35,52,9,96,278,92,130,19,519,0,0,0,519
08/19/2023,SAT,TX,ASW,CE,Combined TRACON& Tower with Radar,238,44,48,2,332,0,22,26,2,50,238,66,74,4,382,0,0,0,382
08/20/2023,SAT,TX,ASW,CE,Combined TRACON& Tower with Radar,243,38,61,8,350,0,16,33,7,56,243,54,94,15,406,0,0,0,406
08/21/2023,SAT,TX,ASW,CE,Combined TRACON& Tower with Radar,259,37,88,5,389,0,33,32,3,68,259,70,120,8,457,0,0,0,457
08/22/2023,SAT,TX,ASW,CE,Combined TRACON& Tower with Radar,274,40,57,9,380,0,2,14,2,18,274,42,71,11,398,0,0,0,398
08/23/2023,SAT,TX,ASW,CE,Combined TRACON& Tower with Radar,257,46,91,15,409,0,24,24,4,52,257,70,115,19,461,0,0,0,461
08/24/2023,SAT,TX,ASW,CE,Combined TRACON& Tower with Radar,275,44,111,4,434,0,43,41,7,91,275,87,152,11,525,0,0,0,525
08/25/2023,SAT,TX,ASW,CE,Combined TRACON& Tower with Radar,262,47,78,7,394,0,26,32,7,65,262,73,110,14,459,0,0,0,459
08/26/2023,SAT,TX,ASW,CE,Combined TRACON& Tower with Radar,247,26,50,22,345,0,32,27,7,66,247,58,77,29,411,0,0,0,411
08/27/2023,SAT,TX,ASW,CE,Combined TRACON& Tower with Radar,272,37,78,10,397,0,25,27,5,57,272,62,105,15,454,0,0,0,454
08/28/2023,SAT,TX,ASW,CE,Combined TRACON& Tower with Radar,262,50,65,1,378,0,18,27,6,51,262,68,92,7,429,0,0,0,429
08/29/2023,SAT,TX,ASW,CE,Combined TRACON& Tower with Radar,260,53,72,14,399,0,20,49,4,73,260,73,121,18,472,0,0,0,472
08/30/2023,SAT,TX,ASW,CE,Combined TRACON& Tower with Radar,272,46,96,4,418,0,31,48,4,83,272,77,144,8,501,0,0,0,501
08/31/2023,SAT,TX,ASW,CE,Combined TRACON& Tower with Radar,273,57,90,9,429,0,29,59,8,96,273,86,149,17,525,0,0,0,525
01/01/2020,SAT,TX,ASW,CE,Combined TRACON& Tower with Radar,241,25,39,0,305,0,14,2,0,16,241,39,41,0,321,0,0,0,321
01/02/2020,SAT,TX,ASW,CE,Combined TRACON& Tower with Radar,269,49,73,4,395,0,10,21,3,34,269,59,94,7,429,0,0,0,429
01/03/2020,SAT,TX,ASW,CE,Combined TRACON& Tower with Radar,275,31,58,10,374,0,14,44,2,60,275,45,102,12,434,0,0,0,434
01/04/2020,SAT,TX,ASW,CE,Combined TRACON& Tower with Radar,234,32,75,4,345,0,23,37,10,70,234,55,112,14,415,0,0,0,415
01/05/2020,SAT,TX,ASW,CE,Combined TRACON& Tower with Radar,254,38,71,1,364,0,9,39,5,53,254,47,110,6,417,0,0,0,417
01/06/2020,SAT,TX,ASW,CE,Combined TRACON& Tower with Radar,260,33,86,2,381,0,16,48,0,64,260,49,134,2,445,0,0,0,445
01/07/2020,SAT,TX,ASW,CE,Combined TRACON& Tower with Radar,253,35,73,7,368,0,16,73,7,96,253,51,146,14,464,0,0,0,464
01/08/2020,SAT,TX,ASW,CE,Combined TRACON& Tower with Radar,255,47,73,10,385,0,13,36,4,53,255,60,109,14,438,0,0,0,438
01/09/2020,SAT,TX,ASW,CE,Combined TRACON& Tower with Radar,271,49,101,22,443,0,11,22,0,33,271,60,123,22,476,0,0,0,476
01/10/2020,SAT,TX,ASW,CE,Combined TRACON& Tower with Radar,244,31,80,7,362,0,6,15,0,21,244,37,95,7,383,0,0,0,383
01/11/2020,SAT,TX,ASW,CE,Combined TRACON& Tower with Radar,177,26,46,8,257,0,21,30,0,51,177,47,76,8,308,0,0,0,308
01/12/2020,SAT,TX,ASW,CE,Combined TRACON& Tower with Radar,240,25,46,15,326,0,11,37,2,50,240,36,83,17,376,0,0,0,376
01/13/2020,SAT,TX,ASW,CE,Combined TRACON& Tower with Radar,232,21,54,1,308,0,0,0,0,0,232,21,54,1,308,0,0,0,308
01/14/2020,SAT,TX,ASW,CE,Combined TRACON& Tower with Radar,239,51,98,4,392,0,4,12,0,16,239,55,110,4,408,0,0,0,408
01/15/2020,SAT,TX,ASW,CE,Combined TRACON& Tower with Radar,252,52,94,6,404,0,6,54,10,70,252,58,148,16,474,0,0,0,474
01/16/2020,SAT,TX,ASW,CE,Combined TRACON& Tower with Radar,291,52,141,1,485,0,1,0,0,1,291,53,141,1,486,0,0,0,486
01/17/2020,SAT,TX,ASW,CE,Combined TRACON& Tower with Radar,265,41,89,7,402,0,8,6,1,15,265,49,95,8,417,0,0,0,417
01/18/2020,SAT,TX,ASW,CE,Combined TRACON& Tower with Radar,177,20,41,9,247,0,2,13,1,16,177,22,54,10,263,0,0,0,263
01/19/2020,SAT,TX,ASW,CE,Combined TRACON& Tower with Radar,232,26,63,0,321,0,8,99,6,113,232,34,162,6,434,0,0,0,434
01/20/2020,SAT,TX,ASW,CE,Combined TRACON& Tower with Radar,240,42,74,11,367,0,12,55,8,75,240,54,129,19,442,0,0,0,442
01/21/2020,SAT,TX,ASW,CE,Combined TRACON& Tower with Radar,248,28,67,18,361,0,7,24,9,40,248,35,91,27,401,0,0,0,401
01/22/2020,SAT,TX,ASW,CE,Combined TRACON& Tower with Radar,265,30,86,3,384,0,0,0,0,0,265,30,86,3,384,0,0,0,384
01/23/2020,SAT,TX,ASW,CE,Combined TRACON& Tower with Radar,272,48,101,15,436,0,15,48,2,65,272,63,149,17,501,0,0,0,501
01/24/2020,SAT,TX,ASW,CE,Combined TRACON& Tower with Radar,261,36,89,13,399,0,12,56,5,73,261,48,145,18,472,0,0,0,472
01/25/2020,SAT,TX,ASW,CE,Combined TRACON& Tower with Radar,182,24,36,12,254,0,12,12,3,27,182,36,48,15,281,0,0,0,281
01/26/2020,SAT,TX,ASW,CE,Combined TRACON& Tower with Radar,245,25,62,15,347,0,7,49,2,58,245,32,111,17,405,0,0,0,405
01/27/2020,SAT,TX,ASW,CE,Combined TRACON& Tower with Radar,261,41,84,3,389,0,11,40,6,57,261,52,124,9,446,0,0,0,446
01/28/2020,SAT,TX,ASW,CE,Combined TRACON& Tower with Radar,269,37,83,10,399,0,5,25,1,31,269,42,108,11,430,0,0,0,430
01/29/2020,SAT,TX,ASW,CE,Combined TRACON& Tower with Radar,250,44,80,6,380,0,22,39,3,64,250,66,119,9,444,0,0,0,444
01/30/2020,SAT,TX,ASW,CE,Combined TRACON& Tower with Radar,267,59,137,7,470,0,12,14,0,26,267,71,151,7,496,0,0,0,496
01/31/2020,SAT,TX,ASW,CE,Combined TRACON& Tower with Radar,259,50,89,7,405,0,12,33,1,46,259,62,122,8,451,0,0,0,451
02/01/2020,SAT,TX,ASW,CE,Combined TRACON& Tower with Radar,184,34,43,11,272,0,13,46,6,65,184,47,89,17,337,0,0,0,337
02/02/2020,SAT,TX,ASW,CE,Combined TRACON& Tower with Radar,235,29,50,11,325,0,13,30,6,49,235,42,80,17,374,0,0,0,374
02/03/2020,SAT,TX,ASW,CE,Combined TRACON& Tower with Radar,249,58,109,5,421,0,8,30,7,45,249,66,139,12,466,0,0,0,466
02/04/2020,SAT,TX,ASW,CE,Combined TRACON& Tower with Radar,244,59,128,16,447,0,9,26,5,40,244,68,154,21,487,0,0,0,487
02/05/2020,SAT,TX,ASW,CE,Combined TRACON& Tower with Radar,253,59,98,19,429,0,1,17,4,22,253,60,115,23,451,0,0,0,451
02/06/2020,SAT,TX,ASW,CE,Combined TRACON& Tower with Radar,260,51,118,3,432,0,13,86,4,103,260,64,204,7,535,0,0,0,535
02/07/2020,SAT,TX,ASW,CE,Combined TRACON& Tower with Radar,256,46,97,9,408,0,18,63,7,88,256,64,160,16,496,0,0,0,496
02/08/2020,SAT,TX,ASW,CE,Combined TRACON& Tower with Radar,187,34,75,1,297,0,4,16,0,20,187,38,91,1,317,0,0,0,317
02/09/2020,SAT,TX,ASW,CE,Combined TRACON& Tower with Radar,239,17,61,7,324,0,3,2,0,5,239,20,63,7,329,0,0,0,329
02/10/2020,SAT,TX,ASW,CE,Combined TRACON& Tower with Radar,249,42,69,1,361,0,0,1,0,1,249,42,70,1,362,0,0,0,362
02/11/2020,SAT,TX,ASW,CE,Combined TRACON& Tower with Radar,247,51,85,0,383,0,0,0,0,0,247,51,85,0,383,0,0,0,383
02/12/2020,SAT,TX,ASW,CE,Combined TRACON& Tower with Radar,252,58,71,9,390,0,7,21,3,31,252,65,92,12,421,0,0,0,421
02/13/2020,SAT,TX,ASW,CE,Combined TRACON& Tower with Radar,266,46,111,8,431,0,16,67,5,88,266,62,178,13,519,0,0,0,519
02/14/2020,SAT,TX,ASW,CE,Combined TRACON& Tower with Radar,259,53,80,3,395,0,10,58,3,71,259,63,138,6,466,0,0,0,466
02/15/2020,SAT,TX,ASW,CE,Combined TRACON& Tower with Radar,190,35,52,6,283,0,11,15,6,32,190,46,67,12,315,0,0,0,315
02/16/2020,SAT,TX,ASW,CE,Combined TRACON& Tower with Radar,226,24,66,3,319,0,8,39,2,49,226,32,105,5,368,0,0,0,368
02/17/2020,SAT,TX,ASW,CE,Combined TRACON& Tower with Radar,251,39,100,3,393,0,4,31,1,36,251,43,131,4,429,0,0,0,429
02/18/2020,SAT,TX,ASW,CE,Combined TRACON& Tower with Radar,260,52,87,10,409,0,10,8,1,19,260,62,95,11,428,0,0,0,428
02/19/2020,SAT,TX,ASW,CE,Combined TRACON& Tower with Radar,255,46,90,8,399,0,2,0,1,3,255,48,90,9,402,0,0,0,402
02/20/2020,SAT,TX,ASW,CE,Combined TRACON& Tower with Radar,263,43,113,4,423,0,10,6,2,18,263,53,119,6,441,0,0,0,441
02/21/2020,SAT,TX,ASW,CE,Combined TRACON& Tower with Radar,249,29,96,21,395,0,11,56,3,70,249,40,152,24,465,0,0,0,465
02/22/2020,SAT,TX,ASW,CE,Combined TRACON& Tower with Radar,188,32,54,12,286,0,16,41,4,61,188,48,95,16,347,0,0,0,347
02/23/2020,SAT,TX,ASW,CE,Combined TRACON& Tower with Radar,238,27,70,16,351,0,24,16,0,40,238,51,86,16,391,0,0,0,391
02/24/2020,SAT,TX,ASW,CE,Combined TRACON& Tower with Radar,247,43,85,3,378,0,5,46,9,60,247,48,131,12,438,0,0,0,438
02/25/2020,SAT,TX,ASW,CE,Combined TRACON& Tower with Radar,259,53,67,11,390,0,12,39,7,58,259,65,106,18,448,0,0,0,448
02/26/2020,SAT,TX,ASW,CE,Combined TRACON& Tower with Radar,253,49,114,0,416,0,8,35,6,49,253,57,149,6,465,0,0,0,465
02/27/2020,SAT,TX,ASW,CE,Combined TRACON& Tower with Radar,263,50,105,5,423,0,7,65,5,77,263,57,170,10,500,0,0,0,500
02/28/2020,SAT,TX,ASW,CE,Combined TRACON& Tower with Radar,263,50,91,5,409,0,16,81,2,99,263,66,172,7,508,0,0,0,508
02/29/2020,SAT,TX,ASW,CE,Combined TRACON& Tower with Radar,187,30,68,6,291,0,15,34,3,52,187,45,102,9,343,0,0,0,343
03/01/2020,SAT,TX,ASW,CE,Combined TRACON& Tower with Radar,241,14,65,4,324,0,6,28,4,38,241,20,93,8,362,0,0,0,362
03/02/2020,SAT,TX,ASW,CE,Combined TRACON& Tower with Radar,252,30,93,1,376,0,8,9,2,19,252,38,102,3,395,0,0,0,395
03/03/2020,SAT,TX,ASW,CE,Combined TRACON& Tower with Radar,256,43,86,8,393,0,6,11,1,18,256,49,97,9,411,0,0,0,411
03/04/2020,SAT,TX,ASW,CE,Combined TRACON& Tower with Radar,262,56,83,37,438,0,2,22,8,32,262,58,105,45,470,0,0,0,470
03/05/2020,SAT,TX,ASW,CE,Combined TRACON& Tower with Radar,274,55,121,6,456,0,9,54,4,67,274,64,175,10,523,0,0,0,523
03/06/2020,SAT,TX,ASW,CE,Combined TRACON& Tower with Radar,262,51,93,9,415,0,23,59,2,84,262,74,152,11,499,0,0,0,499
03/07/2020,SAT,TX,ASW,CE,Combined TRACON& Tower with Radar,207,23,59,1,290,0,15,31,5,51,207,38,90,6,341,0,0,0,341
03/08/2020,SAT,TX,ASW,CE,Combined TRACON& Tower with Radar,259,20,77,4,360,0,4,13,5,22,259,24,90,9,382,0,0,0,382
03/09/2020,SAT,TX,ASW,CE,Combined TRACON& Tower with Radar,251,31,78,2,362,0,11,17,0,28,251,42,95,2,390,0,0,0,390
03/10/2020,SAT,TX,ASW,CE,Combined TRACON& Tower with Radar,267,37,101,33,438,0,16,18,0,34,267,53,119,33,472,0,0,0,472
03/11/2020,SAT,TX,ASW,CE,Combined TRACON& Tower with Radar,257,38,81,13,389,0,13,32,5,50,257,51,113,18,439,0,0,0,439
03/12/2020,SAT,TX,ASW,CE,Combined TRACON& Tower with Radar,276,49,77,7,409,0,7,28,5,40,276,56,105,12,449,0,0,0,449
03/13/2020,SAT,TX,ASW,CE,Combined TRACON& Tower with Radar,263,51,67,11,392,0,13,19,1,33,263,64,86,12,425,0,0,0,425
03/14/2020,SAT,TX,ASW,CE,Combined TRACON& Tower with Radar,222,28,79,20,349,0,3,10,0,13,222,31,89,20,362,0,0,0,362
03/15/2020,SAT,TX,ASW,CE,Combined TRACON& Tower with Radar,258,44,67,15,384,0,1,3,0,4,258,45,70,15,388,0,0,0,388
03/16/2020,SAT,TX,ASW,CE,Combined TRACON& Tower with Radar,256,46,57,15,374,1,3,10,1,15,257,49,67,16,389,0,0,0,389
03/17/2020,SAT,TX,ASW,CE,Combined TRACON& Tower with Radar,252,44,44,0,340,0,9,18,1,28,252,53,62,1,368,0,0,0,368
03/18/2020,SAT,TX,ASW,CE,Combined TRACON& Tower with Radar,246,31,59,3,339,0,9,26,7,42,246,40,85,10,381,0,0,0,381
03/19/2020,SAT,TX,ASW,CE,Combined TRACON& Tower with Radar,238,39,54,5,336,0,14,13,0,27,238,53,67,5,363,0,0,0,363
03/20/2020,SAT,TX,ASW,CE,Combined TRACON& Tower with Radar,213,34,38,0,285,0,3,6,2,11,213,37,44,2,296,0,0,0,296
03/21/2020,SAT,TX,ASW,CE,Combined TRACON& Tower with Radar,179,18,27,0,224,0,2,1,0,3,179,20,28,0,227,0,0,0,227
03/22/2020,SAT,TX,ASW,CE,Combined TRACON& Tower with Radar,194,10,15,2,221,0,0,0,0,0,194,10,15,2,221,0,0,0,221
03/23/2020,SAT,TX,ASW,CE,Combined TRACON& Tower with Radar,150,23,35,5,213,0,2,12,2,16,150,25,47,7,229,0,0,0,229
03/24/2020,SAT,TX,ASW,CE,Combined TRACON& Tower with Radar,192,41,57,3,293,0,3,31,3,37,192,44,88,6,330,0,0,0,330
03/25/2020,SAT,TX,ASW,CE,Combined TRACON& Tower with Radar,158,27,28,0,213,0,5,32,0,37,158,32,60,0,250,0,0,0,250
03/26/2020,SAT,TX,ASW,CE,Combined TRACON& Tower with Radar,147,26,22,5,200,0,7,14,0,21,147,33,36,5,221,0,0,0,221
03/27/2020,SAT,TX,ASW,CE,Combined TRACON& Tower with Radar,140,31,49,9,229,0,9,14,1,24,140,40,63,10,253,0,0,0,253
03/28/2020,SAT,TX,ASW,CE,Combined TRACON& Tower with Radar,115,17,18,4,154,0,3,10,0,13,115,20,28,4,167,0,0,0,167
03/29/2020,SAT,TX,ASW,CE,Combined TRACON& Tower with Radar,120,5,25,2,152,0,3,12,0,15,120,8,37,2,167,0,0,0,167
03/30/2020,SAT,TX,ASW,CE,Combined TRACON& Tower with Radar,105,24,14,6,149,0,1,5,0,6,105,25,19,6,155,0,0,0,155
03/31/2020,SAT,TX,ASW,CE,Combined TRACON& Tower with Radar,126,27,31,5,189,0,9,33,3,45,126,36,64,8,234,0,0,0,234
04/01/2020,SAT,TX,ASW,CE,Combined TRACON& Tower with Radar,141,28,15,1,185,0,5,51,4,60,141,33,66,5,245,0,0,0,245
04/02/2020,SAT,TX,ASW,CE,Combined TRACON& Tower with Radar,118,30,30,9,187,0,2,0,0,2,118,32,30,9,189,0,0,0,189
04/03/2020,SAT,TX,ASW,CE,Combined TRACON& Tower with Radar,125,23,17,6,171,0,0,0,0,0,125,23,17,6,171,0,0,0,171
04/04/2020,SAT,TX,ASW,CE,Combined TRACON& Tower with Radar,91,17,8,1,117,0,0,0,0,0,91,17,8,1,117,0,0,0,117
04/05/2020,SAT,TX,ASW,CE,Combined TRACON& Tower with Radar,95,7,12,1,115,0,3,4,0,7,95,10,16,1,122,0,0,0,122
04/06/2020,SAT,TX,ASW,CE,Combined TRACON& Tower with Radar,107,22,32,1,162,0,3,15,1,19,107,25,47,2,181,0,0,0,181
04/07/2020,SAT,TX,ASW,CE,Combined TRACON& Tower with Radar,108,26,28,10,172,0,4,11,0,15,108,30,39,10,187,0,0,0,187
04/08/2020,SAT,TX,ASW,CE,Combined TRACON& Tower with Radar,110,31,45,6,192,0,8,57,0,65,110,39,102,6,257,0,0,0,257
04/09/2020,SAT,TX,ASW,CE,Combined TRACON& Tower with Radar,114,26,26,11,177,0,2,16,2,20,114,28,42,13,197,0,0,0,197
04/10/2020,SAT,TX,ASW,CE,Combined TRACON& Tower with Radar,102,17,28,6,153,0,8,9,0,17,102,25,37,6,170,0,0,0,170
04/11/2020,SAT,TX,ASW,CE,Combined TRACON& Tower with Radar,79,8,8,5,100,0,4,0,0,4,79,12,8,5,104,0,0,0,104
04/12/2020,SAT,TX,ASW,CE,Combined TRACON& Tower with Radar,80,8,7,2,97,0,0,7,0,7,80,8,14,2,104,0,0,0,104
04/13/2020,SAT,TX,ASW,CE,Combined TRACON& Tower with Radar,94,14,40,5,153,0,4,32,8,44,94,18,72,13,197,0,0,0,197
04/14/2020,SAT,TX,ASW,CE,Combined TRACON& Tower with Radar,93,21,24,20,158,0,10,40,5,55,93,31,64,25,213,0,0,0,213
04/15/2020,SAT,TX,ASW,CE,Combined TRACON& Tower with Radar,95,25,30,9,159,0,9,54,0,63,95,34,84,9,222,0,0,0,222
04/16/2020,SAT,TX,ASW,CE,Combined TRACON& Tower with Radar,88,29,31,9,157,0,14,49,1,64,88,43,80,10,221,0,0,0,221
04/17/2020,SAT,TX,ASW,CE,Combined TRACON& Tower with Radar,87,27,35,8,157,0,4,7,0,11,87,31,42,8,168,0,0,0,168
04/18/2020,SAT,TX,ASW,CE,Combined TRACON& Tower with Radar,70,10,16,7,103,0,3,0,0,3,70,13,16,7,106,0,0,0,106
04/19/2020,SAT,TX,ASW,CE,Combined TRACON& Tower with Radar,68,6,16,4,94,0,3,6,2,11,68,9,22,6,105,0,0,0,105
04/20/2020,SAT,TX,ASW,CE,Combined TRACON& Tower with Radar,64,26,33,1,124,0,8,31,2,41,64,34,64,3,165,0,0,0,165
04/21/2020,SAT,TX,ASW,CE,Combined TRACON& Tower with Radar,88,28,44,0,160,0,8,26,2,36,88,36,70,2,196,0,0,0,196
04/22/2020,SAT,TX,ASW,CE,Combined TRACON& Tower with Radar,84,23,34,7,148,0,10,16,2,28,84,33,50,9,176,0,0,0,176
04/23/2020,SAT,TX,ASW,CE,Combined TRACON& Tower with Radar,93,30,48,4,175,0,6,49,0,55,93,36,97,4,230,0,0,0,230
04/24/2020,SAT,TX,ASW,CE,Combined TRACON& Tower with Radar,78,21,21,12,132,0,10,38,1,49,78,31,59,13,181,0,0,0,181
04/25/2020,SAT,TX,ASW,CE,Combined TRACON& Tower with Radar,55,20,19,3,97,0,10,25,0,35,55,30,44,3,132,0,0,0,132
04/26/2020,SAT,TX,ASW,CE,Combined TRACON& Tower with Radar,65,9,27,2,103,0,11,28,2,41,65,20,55,4,144,0,0,0,144
04/27/2020,SAT,TX,ASW,CE,Combined TRACON& Tower with Radar,70,21,29,2,122,0,7,34,4,45,70,28,63,6,167,0,0,0,167
04/28/2020,SAT,TX,ASW,CE,Combined TRACON& Tower with Radar,88,19,37,7,151,0,7,23,0,30,88,26,60,7,181,0,0,0,181
04/29/2020,SAT,TX,ASW,CE,Combined TRACON& Tower with Radar,79,31,25,8,143,0,10,31,0,41,79,41,56,8,184,0,0,0,184
04/30/2020,SAT,TX,ASW,CE,Combined TRACON& Tower with Radar,97,25,58,9,189,0,9,73,2,84,97,34,131,11,273,0,0,0,273
05/01/2020,SAT,TX,ASW,CE,Combined TRACON& Tower with Radar,95,21,34,10,160,0,11,60,2,73,95,32,94,12,233,0,0,0,233
05/02/2020,SAT,TX,ASW,CE,Combined TRACON& Tower with Radar,67,7,34,4,112,0,7,25,0,32,67,14,59,4,144,0,0,0,144
05/03/2020,SAT,TX,ASW,CE,Combined TRACON& Tower with Radar,80,10,33,0,123,0,10,23,1,34,80,20,56,1,157,0,0,0,157
05/04/2020,SAT,TX,ASW,CE,Combined TRACON& Tower with Radar,81,22,53,6,162,0,12,34,6,52,81,34,87,12,214,0,0,0,214
05/05/2020,SAT,TX,ASW,CE,Combined TRACON& Tower with Radar,99,32,59,17,207,0,4,23,0,27,99,36,82,17,234,0,0,0,234
05/06/2020,SAT,TX,ASW,CE,Combined TRACON& Tower with Radar,89,28,61,11,189,0,14,35,5,54,89,42,96,16,243,0,0,0,243
05/07/2020,SAT,TX,ASW,CE,Combined TRACON& Tower with Radar,87,31,67,4,189,0,16,27,0,43,87,47,94,4,232,0,0,0,232
05/08/2020,SAT,TX,ASW,CE,Combined TRACON& Tower with Radar,75,32,35,8,150,0,8,30,1,39,75,40,65,9,189,0,0,0,189
05/09/2020,SAT,TX,ASW,CE,Combined TRACON& Tower with Radar,65,15,52,7,139,0,3,32,1,36,65,18,84,8,175,0,0,0,175
05/10/2020,SAT,TX,ASW,CE,Combined TRACON& Tower with Radar,66,11,30,8,115,0,8,30,1,39,66,19,60,9,154,0,0,0,154
05/11/2020,SAT,TX,ASW,CE,Combined TRACON& Tower with Radar,74,31,53,7,165,0,8,29,0,37,74,39,82,7,202,0,0,0,202
05/12/2020,SAT,TX,ASW,CE,Combined TRACON& Tower with Radar,85,39,39,3,166,0,4,8,0,12,85,43,47,3,178,0,0,0,178
05/13/2020,SAT,TX,ASW,CE,Combined TRACON& Tower with Radar,88,25,62,2,177,0,6,38,0,44,88,31,100,2,221,0,0,0,221
05/14/2020,SAT,TX,ASW,CE,Combined TRACON& Tower with Radar,87,20,54,5,166,0,11,31,3,45,87,31,85,8,211,0,0,0,211
05/15/2020,SAT,TX,ASW,CE,Combined TRACON& Tower with Radar,85,35,59,10,189,0,9,13,1,23,85,44,72,11,212,0,0,0,212
05/16/2020,SAT,TX,ASW,CE,Combined TRACON& Tower with Radar,67,17,41,14,139,0,11,9,0,20,67,28,50,14,159,0,0,0,159
05/17/2020,SAT,TX,ASW,CE,Combined TRACON& Tower with Radar,72,6,31,9,118,0,7,49,2,58,72,13,80,11,176,0,0,0,176
05/18/2020,SAT,TX,ASW,CE,Combined TRACON& Tower with Radar,79,20,45,5,149,0,0,52,2,54,79,20,97,7,203,0,0,0,203
05/19/2020,SAT,TX,ASW,CE,Combined TRACON& Tower with Radar,85,39,48,10,182,0,11,53,1,65,85,50,101,11,247,0,0,0,247
05/20/2020,SAT,TX,ASW,CE,Combined TRACON& Tower with Radar,86,28,71,10,195,0,9,40,9,58,86,37,111,19,253,0,0,0,253
05/21/2020,SAT,TX,ASW,CE,Combined TRACON& Tower with Radar,82,38,100,4,224,0,8,26,2,36,82,46,126,6,260,0,0,0,260
05/22/2020,SAT,TX,ASW,CE,Combined TRACON& Tower with Radar,84,34,71,5,194,0,6,40,0,46,84,40,111,5,240,0,0,0,240
05/23/2020,SAT,TX,ASW,CE,Combined TRACON& Tower with Radar,68,19,41,2,130,0,8,13,2,23,68,27,54,4,153,0,0,0,153
05/24/2020,SAT,TX,ASW,CE,Combined TRACON& Tower with Radar,79,11,21,0,111,0,0,11,2,13,79,11,32,2,124,0,0,0,124
05/25/2020,SAT,TX,ASW,CE,Combined TRACON& Tower with Radar,78,10,27,2,117,0,6,12,0,18,78,16,39,2,135,0,0,0,135
05/26/2020,SAT,TX,ASW,CE,Combined TRACON& Tower with Radar,81,38,60,3,182,0,6,36,1,43,81,44,96,4,225,0,0,0,225
05/27/2020,SAT,TX,ASW,CE,Combined TRACON& Tower with Radar,93,35,52,7,187,0,4,27,0,31,93,39,79,7,218,0,0,0,218
05/28/2020,SAT,TX,ASW,CE,Combined TRACON& Tower with Radar,91,32,79,7,209,0,4,42,0,46,91,36,121,7,255,0,0,0,255
05/29/2020,SAT,TX,ASW,CE,Combined TRACON& Tower with Radar,94,31,75,14,214,0,17,55,4,76,94,48,130,18,290,0,0,0,290
05/30/2020,SAT,TX,ASW,CE,Combined TRACON& Tower with Radar,62,21,50,15,148,0,12,53,1,66,62,33,103,16,214,0,0,0,214
05/31/2020,SAT,TX,ASW,CE,Combined TRACON& Tower with Radar,67,21,60,4,152,0,2,13,0,15,67,23,73,4,167,0,0,0,167
06/01/2020,SAT,TX,ASW,CE,Combined TRACON& Tower with Radar,77,32,72,0,181,0,3,31,0,34,77,35,103,0,215,0,0,0,215
06/02/2020,SAT,TX,ASW,CE,Combined TRACON& Tower with Radar,81,37,60,4,182,0,0,26,0,26,81,37,86,4,208,0,0,0,208
06/03/2020,SAT,TX,ASW,CE,Combined TRACON& Tower with Radar,87,33,60,18,198,0,18,24,3,45,87,51,84,21,243,0,0,0,243
06/04/2020,SAT,TX,ASW,CE,Combined TRACON& Tower with Radar,85,35,56,13,189,0,2,46,2,50,85,37,102,15,239,0,0,0,239
06/05/2020,SAT,TX,ASW,CE,Combined TRACON& Tower with Radar,90,36,65,13,204,0,2,34,4,40,90,38,99,17,244,0,0,0,244
06/06/2020,SAT,TX,ASW,CE,Combined TRACON& Tower with Radar,70,22,28,2,122,0,19,43,0,62,70,41,71,2,184,0,0,0,184
06/07/2020,SAT,TX,ASW,CE,Combined TRACON& Tower with Radar,93,17,46,6,162,0,9,37,0,46,93,26,83,6,208,0,0,0,208
06/08/2020,SAT,TX,ASW,CE,Combined TRACON& Tower with Radar,100,29,55,11,195,0,8,50,0,58,100,37,105,11,253,0,0,0,253
06/09/2020,SAT,TX,ASW,CE,Combined TRACON& Tower with Radar,105,37,58,40,240,0,7,31,0,38,105,44,89,40,278,0,0,0,278
06/10/2020,SAT,TX,ASW,CE,Combined TRACON& Tower with Radar,85,47,58,29,219,0,9,36,8,53,85,56,94,37,272,0,0,0,272
06/11/2020,SAT,TX,ASW,CE,Combined TRACON& Tower with Radar,127,39,80,38,284,0,16,66,3,85,127,55,146,41,369,0,0,0,369
06/12/2020,SAT,TX,ASW,CE,Combined TRACON& Tower with Radar,109,44,58,15,226,0,13,59,7,79,109,57,117,22,305,0,0,0,305
06/13/2020,SAT,TX,ASW,CE,Combined TRACON& Tower with Radar,90,30,41,7,168,0,17,31,1,49,90,47,72,8,217,0,0,0,217
06/14/2020,SAT,TX,ASW,CE,Combined TRACON& Tower with Radar,89,24,38,5,156,0,10,44,2,56,89,34,82,7,212,0,0,0,212
06/15/2020,SAT,TX,ASW,CE,Combined TRACON& Tower with Radar,97,41,54,7,199,0,9,22,1,32,97,50,76,8,231,0,0,0,231
06/16/2020,SAT,TX,ASW,CE,Combined TRACON& Tower with Radar,101,33,63,28,225,0,9,32,1,42,101,42,95,29,267,0,0,0,267
06/17/2020,SAT,TX,ASW,CE,Combined TRACON& Tower with Radar,104,29,90,12,235,0,18,44,0,62,104,47,134,12,297,0,0,0,297
06/18/2020,SAT,TX,ASW,CE,Combined TRACON& Tower with Radar,110,42,77,26,255,0,9,31,4,44,110,51,108,30,299,0,0,0,299
06/19/2020,SAT,TX,ASW,CE,Combined TRACON& Tower with Radar,112,38,84,23,257,0,12,32,5,49,112,50,116,28,306,0,0,0,306
06/20/2020,SAT,TX,ASW,CE,Combined TRACON& Tower with Radar,86,27,46,17,176,0,12,14,1,27,86,39,60,18,203,0,0,0,203
06/21/2020,SAT,TX,ASW,CE,Combined TRACON& Tower with Radar,93,23,43,3,162,0,5,15,2,22,93,28,58,5,184,0,0,0,184
06/22/2020,SAT,TX,ASW,CE,Combined TRACON& Tower with Radar,112,28,61,27,228,0,8,21,0,29,112,36,82,27,257,0,0,0,257
06/23/2020,SAT,TX,ASW,CE,Combined TRACON& Tower with Radar,105,31,57,8,201,0,11,27,0,38,105,42,84,8,239,0,0,0,239
06/24/2020,SAT,TX,ASW,CE,Combined TRACON& Tower with Radar,105,50,62,16,233,0,9,34,7,50,105,59,96,23,283,0,0,0,283
06/25/2020,SAT,TX,ASW,CE,Combined TRACON& Tower with Radar,111,39,75,27,252,0,8,30,3,41,111,47,105,30,293,0,0,0,293
06/26/2020,SAT,TX,ASW,CE,Combined TRACON& Tower with Radar,112,52,48,8,220,0,7,11,0,18,112,59,59,8,238,0,0,0,238
06/27/2020,SAT,TX,ASW,CE,Combined TRACON& Tower with Radar,87,29,41,17,174,0,10,22,1,33,87,39,63,18,207,0,0,0,207
06/28/2020,SAT,TX,ASW,CE,Combined TRACON& Tower with Radar,92,21,77,5,195,0,10,4,0,14,92,31,81,5,209,0,0,0,209
06/29/2020,SAT,TX,ASW,CE,Combined TRACON& Tower with Radar,102,30,56,18,206,0,3,10,0,13,102,33,66,18,219,0,0,0,219
06/30/2020,SAT,TX,ASW,CE,Combined TRACON& Tower with Radar,103,36,62,8,209,0,9,24,4,37,103,45,86,12,246,0,0,0,246
07/01/2020,SAT,TX,ASW,CE,Combined TRACON& Tower with Radar,109,41,64,6,220,0,11,33,5,49,109,52,97,11,269,0,0,0,269
07/02/2020,SAT,TX,ASW,CE,Combined TRACON& Tower with Radar,111,44,85,8,248,0,10,36,0,46,111,54,121,8,294,0,0,0,294
07/03/2020,SAT,TX,ASW,CE,Combined TRACON& Tower with Radar,120,31,43,6,200,0,14,37,2,53,120,45,80,8,253,0,0,0,253
07/04/2020,SAT,TX,ASW,CE,Combined TRACON& Tower with Radar,81,10,17,0,108,0,11,16,2,29,81,21,33,2,137,0,0,0,137
07/05/2020,SAT,TX,ASW,CE,Combined TRACON& Tower with Radar,104,11,48,0,163,0,10,19,0,29,104,21,67,0,192,0,0,0,192
07/06/2020,SAT,TX,ASW,CE,Combined TRACON& Tower with Radar,115,47,67,4,233,0,9,35,0,44,115,56,102,4,277,2,0,2,279
07/07/2020,SAT,TX,ASW,CE,Combined TRACON& Tower with Radar,128,36,66,3,233,0,7,36,1,44,128,43,102,4,277,0,0,0,277
07/08/2020,SAT,TX,ASW,CE,Combined TRACON& Tower with Radar,123,43,67,12,245,0,8,46,3,57,123,51,113,15,302,0,0,0,302
07/09/2020,SAT,TX,ASW,CE,Combined TRACON& Tower with Radar,132,39,56,18,245,0,8,32,1,41,132,47,88,19,286,0,0,0,286
07/10/2020,SAT,TX,ASW,CE,Combined TRACON& Tower with Radar,130,29,64,17,240,0,10,38,4,52,130,39,102,21,292,0,0,0,292
07/11/2020,SAT,TX,ASW,CE,Combined TRACON& Tower with Radar,102,23,46,14,185,0,11,31,0,42,102,34,77,14,227,0,0,0,227
07/12/2020,SAT,TX,ASW,CE,Combined TRACON& Tower with Radar,112,29,51,15,207,0,10,22,0,32,112,39,73,15,239,0,0,0,239
07/13/2020,SAT,TX,ASW,CE,Combined TRACON& Tower with Radar,123,28,52,10,213,0,5,58,4,67,123,33,110,14,280,0,0,0,280
07/14/2020,SAT,TX,ASW,CE,Combined TRACON& Tower with Radar,112,28,46,10,196,0,18,48,2,68,112,46,94,12,264,0,0,0,264
07/15/2020,SAT,TX,ASW,CE,Combined TRACON& Tower with Radar,113,39,66,23,241,0,12,39,6,57,113,51,105,29,298,0,0,0,298
07/16/2020,SAT,TX,ASW,CE,Combined TRACON& Tower with Radar,132,38,65,8,243,0,17,46,2,65,132,55,111,10,308,0,0,0,308
07/17/2020,SAT,TX,ASW,CE,Combined TRACON& Tower with Radar,128,52,62,18,260,0,15,29,3,47,128,67,91,21,307,0,0,0,307
07/18/2020,SAT,TX,ASW,CE,Combined TRACON& Tower with Radar,99,33,48,11,191,0,12,39,1,52,99,45,87,12,243,0,0,0,243
07/19/2020,SAT,TX,ASW,CE,Combined TRACON& Tower with Radar,113,16,42,6,177,0,6,17,0,23,113,22,59,6,200,0,0,0,200
07/20/2020,SAT,TX,ASW,CE,Combined TRACON& Tower with Radar,117,33,45,35,230,0,9,38,5,52,117,42,83,40,282,0,0,0,282
07/21/2020,SAT,TX,ASW,CE,Combined TRACON& Tower with Radar,116,49,38,44,247,0,4,40,3,47,116,53,78,47,294,0,0,0,294
07/22/2020,SAT,TX,ASW,CE,Combined TRACON& Tower with Radar,119,40,76,20,255,0,8,40,4,52,119,48,116,24,307,0,0,0,307
07/23/2020,SAT,TX,ASW,CE,Combined TRACON& Tower with Radar,126,40,59,23,248,0,14,28,3,45,126,54,87,26,293,0,0,0,293
07/24/2020,SAT,TX,ASW,CE,Combined TRACON& Tower with Radar,132,44,66,15,257,0,18,41,9,68,132,62,107,24,325,0,0,0,325
07/25/2020,SAT,TX,ASW,CE,Combined TRACON& Tower with Radar,101,17,39,6,163,0,13,5,0,18,101,30,44,6,181,0,0,0,181
07/26/2020,SAT,TX,ASW,CE,Combined TRACON& Tower with Radar,116,15,51,5,187,0,15,7,0,22,116,30,58,5,209,0,0,0,209
07/27/2020,SAT,TX,ASW,CE,Combined TRACON& Tower with Radar,121,35,48,9,213,0,5,17,0,22,121,40,65,9,235,0,0,0,235
07/28/2020,SAT,TX,ASW,CE,Combined TRACON& Tower with Radar,113,38,61,25,237,0,8,39,8,55,113,46,100,33,292,0,0,0,292
07/29/2020,SAT,TX,ASW,CE,Combined TRACON& Tower with Radar,118,40,81,10,249,0,7,34,10,51,118,47,115,20,300,0,0,0,300
07/30/2020,SAT,TX,ASW,CE,Combined TRACON& Tower with Radar,125,53,87,7,272,0,11,39,2,52,125,64,126,9,324,0,0,0,324
07/31/2020,SAT,TX,ASW,CE,Combined TRACON& Tower with Radar,131,47,80,5,263,0,15,15,1,31,131,62,95,6,294,0,0,0,294
08/01/2020,SAT,TX,ASW,CE,Combined TRACON& Tower with Radar,105,30,43,5,183,0,1,15,0,16,105,31,58,5,199,0,0,0,199
08/02/2020,SAT,TX,ASW,CE,Combined TRACON& Tower with Radar,131,22,42,8,203,0,4,24,0,28,131,26,66,8,231,0,0,0,231
08/03/2020,SAT,TX,ASW,CE,Combined TRACON& Tower with Radar,134,30,68,6,238,0,3,21,6,30,134,33,89,12,268,0,0,0,268
08/04/2020,SAT,TX,ASW,CE,Combined TRACON& Tower with Radar,126,48,61,24,259,0,12,53,4,69,126,60,114,28,328,0,0,0,328
08/05/2020,SAT,TX,ASW,CE,Combined TRACON& Tower with Radar,127,45,66,21,259,0,17,38,8,63,127,62,104,29,322,0,0,0,322
08/06/2020,SAT,TX,ASW,CE,Combined TRACON& Tower with Radar,143,46,90,20,299,0,12,29,2,43,143,58,119,22,342,0,0,0,342
08/07/2020,SAT,TX,ASW,CE,Combined TRACON& Tower with Radar,143,35,73,22,273,0,16,41,5,62,143,51,114,27,335,0,0,0,335
08/08/2020,SAT,TX,ASW,CE,Combined TRACON& Tower with Radar,121,38,44,12,215,0,27,18,5,50,121,65,62,17,265,0,0,0,265
08/09/2020,SAT,TX,ASW,CE,Combined TRACON& Tower with Radar,124,27,61,11,223,0,11,29,7,47,124,38,90,18,270,0,0,0,270
08/10/2020,SAT,TX,ASW,CE,Combined TRACON& Tower with Radar,132,42,55,24,253,0,7,27,2,36,132,49,82,26,289,0,0,0,289
08/11/2020,SAT,TX,ASW,CE,Combined TRACON& Tower with Radar,147,50,72,14,283,0,7,56,0,63,147,57,128,14,346,0,0,0,346
08/12/2020,SAT,TX,ASW,CE,Combined TRACON& Tower with Radar,150,46,85,19,300,0,8,26,3,37,150,54,111,22,337,0,0,0,337
08/13/2020,SAT,TX,ASW,CE,Combined TRACON& Tower with Radar,161,49,64,3,277,0,21,62,3,86,161,70,126,6,363,0,0,0,363
08/14/2020,SAT,TX,ASW,CE,Combined TRACON& Tower with Radar,164,52,67,10,293,0,8,42,2,52,164,60,109,12,345,0,0,0,345
08/15/2020,SAT,TX,ASW,CE,Combined TRACON& Tower with Radar,141,28,26,12,207,0,23,22,1,46,141,51,48,13,253,0,0,0,253
08/16/2020,SAT,TX,ASW,CE,Combined TRACON& Tower with Radar,164,25,64,11,264,0,9,30,4,43,164,34,94,15,307,0,0,0,307
08/17/2020,SAT,TX,ASW,CE,Combined TRACON& Tower with Radar,164,26,52,10,252,0,4,34,3,41,164,30,86,13,293,0,0,0,293
08/18/2020,SAT,TX,ASW,CE,Combined TRACON& Tower with Radar,145,45,53,3,246,0,17,53,0,70,145,62,106,3,316,0,0,0,316
08/19/2020,SAT,TX,ASW,CE,Combined TRACON& Tower with Radar,150,43,80,13,286,0,23,36,2,61,150,66,116,15,347,0,0,0,347
08/20/2020,SAT,TX,ASW,CE,Combined TRACON& Tower with Radar,167,50,90,5,312,0,12,42,0,54,167,62,132,5,366,0,0,0,366
08/21/2020,SAT,TX,ASW,CE,Combined TRACON& Tower with Radar,158,39,66,28,291,0,13,52,3,68,158,52,118,31,359,0,0,0,359
08/22/2020,SAT,TX,ASW,CE,Combined TRACON& Tower with Radar,135,27,48,9,219,0,11,20,1,32,135,38,68,10,251,0,0,0,251
08/23/2020,SAT,TX,ASW,CE,Combined TRACON& Tower with Radar,144,27,45,8,224,0,12,36,5,53,144,39,81,13,277,0,0,0,277
08/24/2020,SAT,TX,ASW,CE,Combined TRACON& Tower with Radar,147,31,50,9,237,0,12,39,3,54,147,43,89,12,291,0,0,0,291
08/25/2020,SAT,TX,ASW,CE,Combined TRACON& Tower with Radar,148,45,80,5,278,0,18,45,7,70,148,63,125,12,348,0,0,0,348
08/26/2020,SAT,TX,ASW,CE,Combined TRACON& Tower with Radar,139,51,54,18,262,0,6,41,4,51,139,57,95,22,313,0,0,0,313
08/27/2020,SAT,TX,ASW,CE,Combined TRACON& Tower with Radar,158,47,85,8,298,0,5,42,3,50,158,52,127,11,348,0,0,0,348
08/28/2020,SAT,TX,ASW,CE,Combined TRACON& Tower with Radar,163,43,51,13,270,0,8,42,3,53,163,51,93,16,323,0,0,0,323
08/29/2020,SAT,TX,ASW,CE,Combined TRACON& Tower with Radar,137,30,48,1,216,0,12,25,4,41,137,42,73,5,257,0,0,0,257
08/30/2020,SAT,TX,ASW,CE,Combined TRACON& Tower with Radar,145,23,50,2,220,0,4,23,1,28,145,27,73,3,248,0,0,0,248
08/31/2020,SAT,TX,ASW,CE,Combined TRACON& Tower with Radar,158,37,60,14,269,0,7,27,3,37,158,44,87,17,306,0,0,0,306
09/01/2020,SAT,TX,ASW,CE,Combined TRACON& Tower with Radar,160,39,79,5,283,0,9,35,4,48,160,48,114,9,331,0,0,0,331
09/02/2020,SAT,TX,ASW,CE,Combined TRACON& Tower with Radar,158,39,74,2,273,0,4,23,3,30,158,43,97,5,303,0,0,0,303
09/03/2020,SAT,TX,ASW,CE,Combined TRACON& Tower with Radar,167,56,86,12,321,0,4,48,4,56,167,60,134,16,377,0,0,0,377
09/04/2020,SAT,TX,ASW,CE,Combined TRACON& Tower with Radar,164,59,70,2,295,0,10,25,2,37,164,69,95,4,332,0,0,0,332
09/05/2020,SAT,TX,ASW,CE,Combined TRACON& Tower with Radar,124,26,32,2,184,0,10,10,0,20,124,36,42,2,204,0,0,0,204
09/06/2020,SAT,TX,ASW,CE,Combined TRACON& Tower with Radar,127,22,41,0,190,0,6,33,2,41,127,28,74,2,231,0,0,0,231
09/07/2020,SAT,TX,ASW,CE,Combined TRACON& Tower with Radar,122,29,73,4,228,0,4,41,0,45,122,33,114,4,273,0,0,0,273
09/08/2020,SAT,TX,ASW,CE,Combined TRACON& Tower with Radar,109,40,64,6,219,0,12,28,1,41,109,52,92,7,260,0,0,0,260
09/09/2020,SAT,TX,ASW,CE,Combined TRACON& Tower with Radar,134,41,55,2,232,0,2,7,2,11,134,43,62,4,243,0,0,0,243
09/10/2020,SAT,TX,ASW,CE,Combined TRACON& Tower with Radar,134,41,78,18,271,0,0,8,0,8,134,41,86,18,279,0,0,0,279
09/11/2020,SAT,TX,ASW,CE,Combined TRACON& Tower with Radar,131,38,77,22,268,0,9,36,0,45,131,47,113,22,313,0,0,0,313
09/12/2020,SAT,TX,ASW,CE,Combined TRACON& Tower with Radar,115,24,37,18,194,0,9,44,4,57,115,33,81,22,251,0,0,0,251
09/13/2020,SAT,TX,ASW,CE,Combined TRACON& Tower with Radar,123,23,50,15,211,0,5,30,1,36,123,28,80,16,247,0,0,0,247
09/14/2020,SAT,TX,ASW,CE,Combined TRACON& Tower with Radar,126,36,66,3,231,0,6,40,3,49,126,42,106,6,280,0,0,0,280
09/15/2020,SAT,TX,ASW,CE,Combined TRACON& Tower with Radar,120,28,47,2,197,0,11,38,1,50,120,39,85,3,247,0,0,0,247
09/16/2020,SAT,TX,ASW,CE,Combined TRACON& Tower with Radar,126,39,62,6,233,0,8,36,0,44,126,47,98,6,277,0,0,0,277
09/17/2020,SAT,TX,ASW,CE,Combined TRACON& Tower with Radar,135,34,87,4,260,0,5,32,0,37,135,39,119,4,297,0,0,0,297
09/18/2020,SAT,TX,ASW,CE,Combined TRACON& Tower with Radar,137,47,63,34,281,0,13,35,7,55,137,60,98,41,336,0,0,0,336
09/19/2020,SAT,TX,ASW,CE,Combined TRACON& Tower with Radar,115,27,58,18,218,0,15,43,3,61,115,42,101,21,279,0,0,0,279
09/20/2020,SAT,TX,ASW,CE,Combined TRACON& Tower with Radar,121,27,60,4,212,0,7,25,1,33,121,34,85,5,245,0,0,0,245
09/21/2020,SAT,TX,ASW,CE,Combined TRACON& Tower with Radar,117,36,63,1,217,0,2,5,0,7,117,38,68,1,224,0,0,0,224
09/22/2020,SAT,TX,ASW,CE,Combined TRACON& Tower with Radar,125,41,98,7,271,0,3,18,0,21,125,44,116,7,292,0,0,0,292
09/23/2020,SAT,TX,ASW,CE,Combined TRACON& Tower with Radar,136,38,86,10,270,0,4,34,2,40,136,42,120,12,310,0,0,0,310
09/24/2020,SAT,TX,ASW,CE,Combined TRACON& Tower with Radar,131,38,97,17,283,0,6,43,4,53,131,44,140,21,336,0,0,0,336
09/25/2020,SAT,TX,ASW,CE,Combined TRACON& Tower with Radar,137,31,87,5,260,0,8,50,0,58,137,39,137,5,318,0,0,0,318
09/26/2020,SAT,TX,ASW,CE,Combined TRACON& Tower with Radar,116,18,46,5,185,0,11,14,2,27,116,29,60,7,212,0,0,0,212
09/27/2020,SAT,TX,ASW,CE,Combined TRACON& Tower with Radar,135,37,57,21,250,0,7,25,2,34,135,44,82,23,284,0,0,0,284
09/28/2020,SAT,TX,ASW,CE,Combined TRACON& Tower with Radar,123,44,52,6,225,0,6,21,1,28,123,50,73,7,253,0,0,0,253
09/29/2020,SAT,TX,ASW,CE,Combined TRACON& Tower with Radar,125,41,59,21,246,0,8,49,9,66,125,49,108,30,312,0,0,0,312
09/30/2020,SAT,TX,ASW,CE,Combined TRACON& Tower with Radar,130,39,84,19,272,0,16,58,1,75,130,55,142,20,347,0,0,0,347
10/01/2020,SAT,TX,ASW,CE,Combined TRACON& Tower with Radar,132,60,85,10,287,0,13,69,5,87,132,73,154,15,374,0,0,0,374
10/02/2020,SAT,TX,ASW,CE,Combined TRACON& Tower with Radar,143,49,70,15,277,0,15,67,1,83,143,64,137,16,360,0,0,0,360
10/03/2020,SAT,TX,ASW,CE,Combined TRACON& Tower with Radar,115,26,38,29,208,0,12,36,3,51,115,38,74,32,259,0,0,0,259
10/04/2020,SAT,TX,ASW,CE,Combined TRACON& Tower with Radar,127,24,52,10,213,0,11,55,5,71,127,35,107,15,284,0,0,0,284
10/05/2020,SAT,TX,ASW,CE,Combined TRACON& Tower with Radar,125,46,87,12,270,0,6,33,4,43,125,52,120,16,313,0,0,0,313
10/06/2020,SAT,TX,ASW,CE,Combined TRACON& Tower with Radar,128,40,76,13,257,0,13,36,4,53,128,53,112,17,310,0,0,0,310
10/07/2020,SAT,TX,ASW,CE,Combined TRACON& Tower with Radar,133,40,80,10,263,0,15,44,5,64,133,55,124,15,327,0,0,0,327
10/08/2020,SAT,TX,ASW,CE,Combined TRACON& Tower with Radar,148,57,98,29,332,0,5,39,3,47,148,62,137,32,379,0,0,0,379
10/09/2020,SAT,TX,ASW,CE,Combined TRACON& Tower with Radar,164,39,84,14,301,0,9,31,3,43,164,48,115,17,344,0,0,0,344
10/10/2020,SAT,TX,ASW,CE,Combined TRACON& Tower with Radar,110,37,51,10,208,0,13,35,1,49,110,50,86,11,257,0,0,0,257
10/11/2020,SAT,TX,ASW,CE,Combined TRACON& Tower with Radar,138,23,57,8,226,0,8,30,4,42,138,31,87,12,268,0,0,0,268
10/12/2020,SAT,TX,ASW,CE,Combined TRACON& Tower with Radar,131,26,85,10,252,0,11,31,1,43,131,37,116,11,295,0,0,0,295
10/13/2020,SAT,TX,ASW,CE,Combined TRACON& Tower with Radar,124,36,106,15,281,0,18,55,3,76,124,54,161,18,357,0,0,0,357
10/14/2020,SAT,TX,ASW,CE,Combined TRACON& Tower with Radar,132,33,82,9,256,0,12,50,4,66,132,45,132,13,322,0,0,0,322
10/15/2020,SAT,TX,ASW,CE,Combined TRACON& Tower with Radar,144,37,121,10,312,0,10,38,0,48,144,47,159,10,360,0,0,0,360
10/16/2020,SAT,TX,ASW,CE,Combined TRACON& Tower with Radar,154,48,78,13,293,0,13,42,5,60,154,61,120,18,353,0,0,0,353
10/17/2020,SAT,TX,ASW,CE,Combined TRACON& Tower with Radar,110,28,56,32,226,0,10,7,0,17,110,38,63,32,243,0,0,0,243
10/18/2020,SAT,TX,ASW,CE,Combined TRACON& Tower with Radar,137,28,87,8,260,0,11,27,6,44,137,39,114,14,304,0,0,0,304
10/19/2020,SAT,TX,ASW,CE,Combined TRACON& Tower with Radar,134,40,84,7,265,0,13,25,2,40,134,53,109,9,305,0,0,0,305
10/20/2020,SAT,TX,ASW,CE,Combined TRACON& Tower with Radar,138,55,95,11,299,0,10,40,1,51,138,65,135,12,350,0,0,0,350
10/21/2020,SAT,TX,ASW,CE,Combined TRACON& Tower with Radar,137,45,90,8,280,0,6,33,10,49,137,51,123,18,329,0,0,0,329
10/22/2020,SAT,TX,ASW,CE,Combined TRACON& Tower with Radar,143,56,121,9,329,0,14,31,4,49,143,70,152,13,378,0,0,0,378
10/23/2020,SAT,TX,ASW,CE,Combined TRACON& Tower with Radar,155,44,121,16,336,0,11,30,0,41,155,55,151,16,377,0,0,0,377
10/24/2020,SAT,TX,ASW,CE,Combined TRACON& Tower with Radar,105,30,61,20,216,0,8,19,1,28,105,38,80,21,244,0,0,0,244
10/25/2020,SAT,TX,ASW,CE,Combined TRACON& Tower with Radar,132,44,106,16,298,0,14,17,2,33,132,58,123,18,331,0,0,0,331
10/26/2020,SAT,TX,ASW,CE,Combined TRACON& Tower with Radar,131,48,93,3,275,0,1,2,1,4,131,49,95,4,279,0,0,0,279
10/27/2020,SAT,TX,ASW,CE,Combined TRACON& Tower with Radar,126,49,84,14,273,0,0,0,0,0,126,49,84,14,273,0,0,0,273
10/28/2020,SAT,TX,ASW,CE,Combined TRACON& Tower with Radar,133,44,95,15,287,0,9,21,2,32,133,53,116,17,319,0,0,0,319
10/29/2020,SAT,TX,ASW,CE,Combined TRACON& Tower with Radar,137,55,83,9,284,0,22,34,6,62,137,77,117,15,346,0,0,0,346
10/30/2020,SAT,TX,ASW,CE,Combined TRACON& Tower with Radar,146,54,108,5,313,0,17,76,4,97,146,71,184,9,410,0,0,0,410
10/31/2020,SAT,TX,ASW,CE,Combined TRACON& Tower with Radar,99,23,50,5,177,0,8,34,3,45,99,31,84,8,222,0,0,0,222
11/01/2020,SAT,TX,ASW,CE,Combined TRACON& Tower with Radar,123,41,67,11,242,0,11,48,3,62,123,52,115,14,304,0,0,0,304
11/02/2020,SAT,TX,ASW,CE,Combined TRACON& Tower with Radar,127,42,74,11,254,0,11,29,2,42,127,53,103,13,296,0,0,0,296
11/03/2020,SAT,TX,ASW,CE,Combined TRACON& Tower with Radar,133,47,59,8,247,0,9,58,8,75,133,56,117,16,322,0,0,0,322
11/04/2020,SAT,TX,ASW,CE,Combined TRACON& Tower with Radar,115,57,78,7,257,0,13,58,6,77,115,70,136,13,334,0,0,0,334
11/05/2020,SAT,TX,ASW,CE,Combined TRACON& Tower with Radar,149,53,75,12,289,0,10,42,4,56,149,63,117,16,345,0,0,0,345
11/06/2020,SAT,TX,ASW,CE,Combined TRACON& Tower with Radar,152,75,88,4,319,0,16,30,0,46,152,91,118,4,365,0,0,0,365
11/07/2020,SAT,TX,ASW,CE,Combined TRACON& Tower with Radar,108,35,55,4,202,0,4,37,0,41,108,39,92,4,243,0,0,0,243
11/08/2020,SAT,TX,ASW,CE,Combined TRACON& Tower with Radar,137,26,64,11,238,0,4,40,3,47,137,30,104,14,285,0,0,0,285
11/09/2020,SAT,TX,ASW,CE,Combined TRACON& Tower with Radar,144,37,72,13,266,0,16,38,1,55,144,53,110,14,321,0,0,0,321
11/10/2020,SAT,TX,ASW,CE,Combined TRACON& Tower with Radar,117,44,87,10,258,0,14,13,0,27,117,58,100,10,285,0,0,0,285
11/11/2020,SAT,TX,ASW,CE,Combined TRACON& Tower with Radar,118,51,76,5,250,0,16,67,5,88,118,67,143,10,338,0,0,0,338
11/12/2020,SAT,TX,ASW,CE,Combined TRACON& Tower with Radar,153,48,112,16,329,0,17,31,2,50,153,65,143,18,379,0,0,0,379
11/13/2020,SAT,TX,ASW,CE,Combined TRACON& Tower with Radar,159,48,125,30,362,0,16,28,6,50,159,64,153,36,412,0,0,0,412
11/14/2020,SAT,TX,ASW,CE,Combined TRACON& Tower with Radar,110,35,54,18,217,0,11,20,1,32,110,46,74,19,249,0,0,0,249
11/15/2020,SAT,TX,ASW,CE,Combined TRACON& Tower with Radar,141,32,65,12,250,0,3,39,3,45,141,35,104,15,295,0,0,0,295
11/16/2020,SAT,TX,ASW,CE,Combined TRACON& Tower with Radar,140,57,73,9,279,0,13,59,11,83,140,70,132,20,362,0,0,0,362
11/17/2020,SAT,TX,ASW,CE,Combined TRACON& Tower with Radar,119,46,107,9,281,0,10,61,1,72,119,56,168,10,353,0,0,0,353
11/18/2020,SAT,TX,ASW,CE,Combined TRACON& Tower with Radar,122,58,83,3,266,0,8,54,4,66,122,66,137,7,332,0,0,0,332
11/19/2020,SAT,TX,ASW,CE,Combined TRACON& Tower with Radar,153,60,91,6,310,0,6,57,1,64,153,66,148,7,374,0,0,0,374
11/20/2020,SAT,TX,ASW,CE,Combined TRACON& Tower with Radar,158,73,89,8,328,0,10,42,0,52,158,83,131,8,380,0,0,0,380
11/21/2020,SAT,TX,ASW,CE,Combined TRACON& Tower with Radar,147,30,56,0,233,0,6,19,2,27,147,36,75,2,260,0,0,0,260
11/22/2020,SAT,TX,ASW,CE,Combined TRACON& Tower with Radar,154,29,81,0,264,0,4,32,1,37,154,33,113,1,301,0,0,0,301
11/23/2020,SAT,TX,ASW,CE,Combined TRACON& Tower with Radar,151,37,51,2,241,0,7,24,0,31,151,44,75,2,272,0,0,0,272
11/24/2020,SAT,TX,ASW,CE,Combined TRACON& Tower with Radar,163,49,85,8,305,0,10,28,3,41,163,59,113,11,346,0,0,0,346
11/25/2020,SAT,TX,ASW,CE,Combined TRACON& Tower with Radar,155,73,73,1,302,0,11,47,2,60,155,84,120,3,362,0,0,0,362
11/26/2020,SAT,TX,ASW,CE,Combined TRACON& Tower with Radar,83,21,34,0,138,0,7,10,0,17,83,28,44,0,155,0,0,0,155
11/27/2020,SAT,TX,ASW,CE,Combined TRACON& Tower with Radar,143,42,34,0,219,0,3,5,1,9,143,45,39,1,228,0,0,0,228
11/28/2020,SAT,TX,ASW,CE,Combined TRACON& Tower with Radar,150,38,40,0,228,0,0,0,0,0,150,38,40,0,228,0,0,0,228
11/29/2020,SAT,TX,ASW,CE,Combined TRACON& Tower with Radar,155,49,109,2,315,0,8,36,1,45,155,57,145,3,360,0,0,0,360
11/30/2020,SAT,TX,ASW,CE,Combined TRACON& Tower with Radar,159,42,82,13,296,0,7,53,4,64,159,49,135,17,360,0,0,0,360
12/01/2020,SAT,TX,ASW,CE,Combined TRACON& Tower with Radar,151,45,77,7,280,0,11,51,6,68,151,56,128,13,348,0,0,0,348
12/02/2020,SAT,TX,ASW,CE,Combined TRACON& Tower with Radar,123,44,81,5,253,0,6,38,5,49,123,50,119,10,302,0,0,0,302
12/03/2020,SAT,TX,ASW,CE,Combined TRACON& Tower with Radar,139,49,92,10,290,0,15,37,4,56,139,64,129,14,346,0,0,0,346
12/04/2020,SAT,TX,ASW,CE,Combined TRACON& Tower with Radar,136,51,82,15,284,0,14,72,4,90,136,65,154,19,374,0,0,0,374
12/05/2020,SAT,TX,ASW,CE,Combined TRACON& Tower with Radar,102,24,48,12,186,0,11,19,2,32,102,35,67,14,218,0,0,0,218
12/06/2020,SAT,TX,ASW,CE,Combined TRACON& Tower with Radar,126,27,75,10,238,0,8,57,4,69,126,35,132,14,307,0,0,0,307
12/07/2020,SAT,TX,ASW,CE,Combined TRACON& Tower with Radar,125,38,73,5,241,0,10,41,2,53,125,48,114,7,294,0,0,0,294
12/08/2020,SAT,TX,ASW,CE,Combined TRACON& Tower with Radar,123,44,84,3,254,0,13,51,5,69,123,57,135,8,323,0,0,0,323
12/09/2020,SAT,TX,ASW,CE,Combined TRACON& Tower with Radar,123,55,80,6,264,0,8,57,8,73,123,63,137,14,337,0,0,0,337
12/10/2020,SAT,TX,ASW,CE,Combined TRACON& Tower with Radar,138,59,83,14,294,0,9,49,4,62,138,68,132,18,356,0,0,0,356
12/11/2020,SAT,TX,ASW,CE,Combined TRACON& Tower with Radar,142,49,75,22,288,0,7,31,2,40,142,56,106,24,328,0,0,0,328
12/12/2020,SAT,TX,ASW,CE,Combined TRACON& Tower with Radar,102,34,54,21,211,0,9,41,6,56,102,43,95,27,267,0,0,0,267
12/13/2020,SAT,TX,ASW,CE,Combined TRACON& Tower with Radar,132,24,55,15,226,0,10,13,2,25,132,34,68,17,251,0,0,0,251
12/14/2020,SAT,TX,ASW,CE,Combined TRACON& Tower with Radar,129,45,85,12,271,0,9,49,1,59,129,54,134,13,330,0,0,0,330
12/15/2020,SAT,TX,ASW,CE,Combined TRACON& Tower with Radar,132,54,83,32,301,0,6,40,2,48,132,60,123,34,349,0,0,0,349
12/16/2020,SAT,TX,ASW,CE,Combined TRACON& Tower with Radar,124,42,97,19,282,0,15,54,3,72,124,57,151,22,354,0,0,0,354
12/17/2020,SAT,TX,ASW,CE,Combined TRACON& Tower with Radar,163,58,96,16,333,0,12,69,3,84,163,70,165,19,417,0,0,0,417
12/18/2020,SAT,TX,ASW,CE,Combined TRACON& Tower with Radar,170,62,80,21,333,0,6,29,2,37,170,68,109,23,370,0,0,0,370
12/19/2020,SAT,TX,ASW,CE,Combined TRACON& Tower with Radar,164,31,80,7,282,0,9,13,0,22,164,40,93,7,304,0,0,0,304
12/20/2020,SAT,TX,ASW,CE,Combined TRACON& Tower with Radar,146,36,77,2,261,0,11,51,2,64,146,47,128,4,325,0,0,0,325
12/21/2020,SAT,TX,ASW,CE,Combined TRACON& Tower with Radar,154,43,70,3,270,0,6,49,6,61,154,49,119,9,331,0,0,0,331
12/22/2020,SAT,TX,ASW,CE,Combined TRACON& Tower with Radar,166,48,82,4,300,0,11,35,2,48,166,59,117,6,348,0,0,0,348
12/23/2020,SAT,TX,ASW,CE,Combined TRACON& Tower with Radar,161,60,60,10,291,0,12,14,5,31,161,72,74,15,322,0,0,0,322
12/24/2020,SAT,TX,ASW,CE,Combined TRACON& Tower with Radar,113,42,21,1,177,0,15,18,1,34,113,57,39,2,211,0,0,0,211
12/25/2020,SAT,TX,ASW,CE,Combined TRACON& Tower with Radar,93,28,19,1,141,0,13,31,3,47,93,41,50,4,188,0,0,0,188
12/26/2020,SAT,TX,ASW,CE,Combined TRACON& Tower with Radar,150,33,75,0,258,0,13,42,0,55,150,46,117,0,313,0,0,0,313
12/27/2020,SAT,TX,ASW,CE,Combined TRACON& Tower with Radar,154,46,74,1,275,0,11,37,0,48,154,57,111,1,323,0,0,0,323
12/28/2020,SAT,TX,ASW,CE,Combined TRACON& Tower with Radar,143,37,72,6,258,0,2,15,0,17,143,39,87,6,275,0,0,0,275
12/29/2020,SAT,TX,ASW,CE,Combined TRACON& Tower with Radar,158,51,90,3,302,0,7,16,0,23,158,58,106,3,325,0,0,0,325
12/30/2020,SAT,TX,ASW,CE,Combined TRACON& Tower with Radar,174,50,75,4,303,0,4,8,1,13,174,54,83,5,316,0,0,0,316
12/31/2020,SAT,TX,ASW,CE,Combined TRACON& Tower with Radar,122,33,30,0,185,0,1,1,1,3,122,34,31,1,188,0,0,0,188
01/01/2021,SAT,TX,ASW,CE,Combined TRACON& Tower with Radar,105,20,47,1,173,0,14,13,3,30,105,34,60,4,203,0,0,0,203
01/02/2021,SAT,TX,ASW,CE,Combined TRACON& Tower with Radar,161,31,65,0,257,0,9,41,1,51,161,40,106,1,308,0,0,0,308
01/03/2021,SAT,TX,ASW,CE,Combined TRACON& Tower with Radar,146,27,84,2,259,0,12,37,0,49,146,39,121,2,308,0,0,0,308
01/04/2021,SAT,TX,ASW,CE,Combined TRACON& Tower with Radar,146,34,79,3,262,0,12,63,1,76,146,46,142,4,338,0,0,0,338
01/05/2021,SAT,TX,ASW,CE,Combined TRACON& Tower with Radar,140,37,89,13,279,0,10,16,0,26,140,47,105,13,305,0,0,0,305
01/06/2021,SAT,TX,ASW,CE,Combined TRACON& Tower with Radar,147,47,57,7,258,0,3,27,1,31,147,50,84,8,289,0,0,0,289
01/07/2021,SAT,TX,ASW,CE,Combined TRACON& Tower with Radar,136,43,75,7,261,0,14,63,6,83,136,57,138,13,344,0,0,0,344
01/08/2021,SAT,TX,ASW,CE,Combined TRACON& Tower with Radar,133,36,62,10,241,0,5,77,2,84,133,41,139,12,325,0,0,0,325
01/09/2021,SAT,TX,ASW,CE,Combined TRACON& Tower with Radar,96,38,57,12,203,0,7,49,5,61,96,45,106,17,264,0,0,0,264
01/10/2021,SAT,TX,ASW,CE,Combined TRACON& Tower with Radar,118,32,60,1,211,0,2,1,0,3,118,34,61,1,214,0,0,0,214
01/11/2021,SAT,TX,ASW,CE,Combined TRACON& Tower with Radar,120,34,68,10,232,0,9,32,1,42,120,43,100,11,274,0,0,0,274
01/12/2021,SAT,TX,ASW,CE,Combined TRACON& Tower with Radar,129,49,70,4,252,0,16,48,0,64,129,65,118,4,316,0,0,0,316
01/13/2021,SAT,TX,ASW,CE,Combined TRACON& Tower with Radar,131,45,105,3,284,0,15,54,0,69,131,60,159,3,353,0,0,0,353
01/14/2021,SAT,TX,ASW,CE,Combined TRACON& Tower with Radar,135,48,88,4,275,0,13,65,1,79,135,61,153,5,354,0,0,0,354
01/15/2021,SAT,TX,ASW,CE,Combined TRACON& Tower with Radar,136,31,59,5,231,0,19,47,1,67,136,50,106,6,298,0,0,0,298
01/16/2021,SAT,TX,ASW,CE,Combined TRACON& Tower with Radar,102,26,39,6,173,0,8,43,1,52,102,34,82,7,225,0,0,0,225
01/17/2021,SAT,TX,ASW,CE,Combined TRACON& Tower with Radar,117,20,53,3,193,0,3,42,0,45,117,23,95,3,238,6,2,8,246
01/18/2021,SAT,TX,ASW,CE,Combined TRACON& Tower with Radar,121,40,83,1,245,0,5,23,0,28,121,45,106,1,273,0,0,0,273
01/19/2021,SAT,TX,ASW,CE,Combined TRACON& Tower with Radar,130,40,76,8,254,0,0,7,0,7,130,40,83,8,261,0,0,0,261
01/20/2021,SAT,TX,ASW,CE,Combined TRACON& Tower with Radar,122,51,70,4,247,0,1,0,0,1,122,52,70,4,248,0,0,0,248
01/21/2021,SAT,TX,ASW,CE,Combined TRACON& Tower with Radar,140,80,106,22,348,0,5,23,0,28,140,85,129,22,376,0,0,0,376
01/22/2021,SAT,TX,ASW,CE,Combined TRACON& Tower with Radar,129,63,107,21,320,0,10,43,1,54,129,73,150,22,374,0,0,0,374
01/23/2021,SAT,TX,ASW,CE,Combined TRACON& Tower with Radar,101,38,63,10,212,0,0,2,0,2,101,38,65,10,214,0,0,0,214
01/24/2021,SAT,TX,ASW,CE,Combined TRACON& Tower with Radar,123,42,40,4,209,0,1,1,0,2,123,43,41,4,211,0,0,0,211
01/25/2021,SAT,TX,ASW,CE,Combined TRACON& Tower with Radar,129,84,116,9,338,0,7,53,7,67,129,91,169,16,405,0,0,0,405
01/26/2021,SAT,TX,ASW,CE,Combined TRACON& Tower with Radar,128,56,87,12,283,0,17,48,1,66,128,73,135,13,349,0,0,0,349
01/27/2021,SAT,TX,ASW,CE,Combined TRACON& Tower with Radar,121,59,102,6,288,0,5,38,0,43,121,64,140,6,331,0,0,0,331
01/28/2021,SAT,TX,ASW,CE,Combined TRACON& Tower with Radar,139,70,118,9,336,0,7,44,2,53,139,77,162,11,389,0,0,0,389
01/29/2021,SAT,TX,ASW,CE,Combined TRACON& Tower with Radar,138,66,84,15,303,0,7,49,0,56,138,73,133,15,359,0,0,0,359
01/30/2021,SAT,TX,ASW,CE,Combined TRACON& Tower with Radar,114,66,49,10,239,0,10,19,0,29,114,76,68,10,268,0,0,0,268
01/31/2021,SAT,TX,ASW,CE,Combined TRACON& Tower with Radar,122,30,66,3,221,0,10,33,2,45,122,40,99,5,266,0,0,0,266
02/01/2021,SAT,TX,ASW,CE,Combined TRACON& Tower with Radar,130,42,64,3,239,0,14,48,3,65,130,56,112,6,304,0,0,0,304
02/02/2021,SAT,TX,ASW,CE,Combined TRACON& Tower with Radar,133,53,82,4,272,0,13,68,7,88,133,66,150,11,360,0,0,0,360
02/03/2021,SAT,TX,ASW,CE,Combined TRACON& Tower with Radar,129,46,81,6,262,0,8,68,4,80,129,54,149,10,342,0,0,0,342
02/04/2021,SAT,TX,ASW,CE,Combined TRACON& Tower with Radar,141,59,92,26,318,0,16,60,2,78,141,75,152,28,396,0,0,0,396
02/05/2021,SAT,TX,ASW,CE,Combined TRACON& Tower with Radar,139,49,87,27,302,0,18,26,2,46,139,67,113,29,348,0,0,0,348
02/06/2021,SAT,TX,ASW,CE,Combined TRACON& Tower with Radar,106,43,48,24,221,0,3,24,7,34,106,46,72,31,255,0,0,0,255
02/07/2021,SAT,TX,ASW,CE,Combined TRACON& Tower with Radar,121,36,43,14,214,0,15,39,1,55,121,51,82,15,269,0,0,0,269
02/08/2021,SAT,TX,ASW,CE,Combined TRACON& Tower with Radar,127,59,82,2,270,0,6,26,2,34,127,65,108,4,304,0,0,0,304
02/09/2021,SAT,TX,ASW,CE,Combined TRACON& Tower with Radar,135,90,104,7,336,0,8,30,2,40,135,98,134,9,376,0,0,0,376
02/10/2021,SAT,TX,ASW,CE,Combined TRACON& Tower with Radar,124,88,91,2,305,0,0,0,0,0,124,88,91,2,305,0,0,0,305
02/11/2021,SAT,TX,ASW,CE,Combined TRACON& Tower with Radar,127,54,86,0,267,0,1,0,0,1,127,55,86,0,268,0,0,0,268
02/12/2021,SAT,TX,ASW,CE,Combined TRACON& Tower with Radar,140,72,105,1,318,0,6,1,0,7,140,78,106,1,325,0,0,0,325
02/13/2021,SAT,TX,ASW,CE,Combined TRACON& Tower with Radar,99,38,37,1,175,0,0,1,0,1,99,38,38,1,176,0,0,0,176
02/14/2021,SAT,TX,ASW,CE,Combined TRACON& Tower with Radar,33,10,7,0,50,0,0,0,0,0,33,10,7,0,50,0,0,0,50
02/15/2021,SAT,TX,ASW,CE,Combined TRACON& Tower with Radar,0,0,0,0,0,0,2,4,0,6,0,2,4,0,6,0,0,0,6
02/16/2021,SAT,TX,ASW,CE,Combined TRACON& Tower with Radar,0,0,0,0,0,0,4,2,3,9,0,4,2,3,9,0,0,0,9
02/17/2021,SAT,TX,ASW,CE,Combined TRACON& Tower with Radar,16,11,26,0,53,0,0,0,0,0,16,11,26,0,53,0,0,0,53
02/18/2021,SAT,TX,ASW,CE,Combined TRACON& Tower with Radar,2,2,1,0,5,0,0,0,0,0,2,2,1,0,5,0,0,0,5
02/19/2021,SAT,TX,ASW,CE,Combined TRACON& Tower with Radar,96,58,82,1,237,0,12,25,2,39,96,70,107,3,276,0,0,0,276
02/20/2021,SAT,TX,ASW,CE,Combined TRACON& Tower with Radar,112,42,85,9,248,0,10,29,0,39,112,52,114,9,287,0,0,0,287
02/21/2021,SAT,TX,ASW,CE,Combined TRACON& Tower with Radar,120,40,74,0,234,0,6,34,0,40,120,46,108,0,274,0,0,0,274
02/22/2021,SAT,TX,ASW,CE,Combined TRACON& Tower with Radar,131,50,104,13,298,0,6,52,0,58,131,56,156,13,356,0,0,0,356
02/23/2021,SAT,TX,ASW,CE,Combined TRACON& Tower with Radar,141,71,115,11,338,0,13,72,0,85,141,84,187,11,423,0,0,0,423
02/24/2021,SAT,TX,ASW,CE,Combined TRACON& Tower with Radar,126,93,112,14,345,0,7,37,1,45,126,100,149,15,390,0,0,0,390
02/25/2021,SAT,TX,ASW,CE,Combined TRACON& Tower with Radar,141,101,170,8,420,0,1,1,0,2,141,102,171,8,422,0,0,0,422
02/26/2021,SAT,TX,ASW,CE,Combined TRACON& Tower with Radar,138,71,132,13,354,0,1,7,0,8,138,72,139,13,362,0,0,0,362
02/27/2021,SAT,TX,ASW,CE,Combined TRACON& Tower with Radar,108,52,80,15,255,0,7,9,0,16,108,59,89,15,271,0,0,0,271
02/28/2021,SAT,TX,ASW,CE,Combined TRACON& Tower with Radar,127,40,77,12,256,0,2,8,0,10,127,42,85,12,266,0,0,0,266
03/01/2021,SAT,TX,ASW,CE,Combined TRACON& Tower with Radar,128,42,74,10,254,0,7,6,1,14,128,49,80,11,268,0,0,0,268
03/02/2021,SAT,TX,ASW,CE,Combined TRACON& Tower with Radar,129,60,97,10,296,0,9,75,4,88,129,69,172,14,384,0,0,0,384
03/03/2021,SAT,TX,ASW,CE,Combined TRACON& Tower with Radar,135,69,124,7,335,0,13,84,5,102,135,82,208,12,437,0,0,0,437
03/04/2021,SAT,TX,ASW,CE,Combined TRACON& Tower with Radar,152,101,121,8,382,0,14,62,4,80,152,115,183,12,462,0,0,0,462
03/05/2021,SAT,TX,ASW,CE,Combined TRACON& Tower with Radar,151,62,123,10,346,0,13,54,3,70,151,75,177,13,416,0,0,0,416
03/06/2021,SAT,TX,ASW,CE,Combined TRACON& Tower with Radar,119,64,89,6,278,0,8,56,2,66,119,72,145,8,344,0,0,0,344
03/07/2021,SAT,TX,ASW,CE,Combined TRACON& Tower with Radar,145,41,96,10,292,0,11,53,4,68,145,52,149,14,360,0,0,0,360
03/08/2021,SAT,TX,ASW,CE,Combined TRACON& Tower with Radar,157,46,85,9,297,0,12,50,6,68,157,58,135,15,365,0,0,0,365
03/09/2021,SAT,TX,ASW,CE,Combined TRACON& Tower with Radar,148,49,89,5,291,0,4,36,1,41,148,53,125,6,332,0,0,0,332
03/10/2021,SAT,TX,ASW,CE,Combined TRACON& Tower with Radar,145,62,114,4,325,0,9,30,0,39,145,71,144,4,364,0,0,0,364
03/11/2021,SAT,TX,ASW,CE,Combined TRACON& Tower with Radar,181,84,131,20,416,0,10,34,0,44,181,94,165,20,460,0,0,0,460
03/12/2021,SAT,TX,ASW,CE,Combined TRACON& Tower with Radar,187,69,126,17,399,0,1,33,2,36,187,70,159,19,435,0,0,0,435
03/13/2021,SAT,TX,ASW,CE,Combined TRACON& Tower with Radar,140,43,76,8,267,0,3,12,0,15,140,46,88,8,282,0,0,0,282
03/14/2021,SAT,TX,ASW,CE,Combined TRACON& Tower with Radar,149,40,76,4,269,0,9,24,3,36,149,49,100,7,305,0,0,0,305
03/15/2021,SAT,TX,ASW,CE,Combined TRACON& Tower with Radar,169,47,110,6,332,0,8,66,8,82,169,55,176,14,414,0,0,0,414
03/16/2021,SAT,TX,ASW,CE,Combined TRACON& Tower with Radar,219,56,109,8,392,0,8,17,0,25,219,64,126,8,417,0,0,0,417
03/17/2021,SAT,TX,ASW,CE,Combined TRACON& Tower with Radar,230,65,107,5,407,0,8,30,2,40,230,73,137,7,447,0,0,0,447
03/18/2021,SAT,TX,ASW,CE,Combined TRACON& Tower with Radar,184,59,100,8,351,0,10,59,2,71,184,69,159,10,422,0,0,0,422
03/19/2021,SAT,TX,ASW,CE,Combined TRACON& Tower with Radar,191,51,113,8,363,0,15,82,2,99,191,66,195,10,462,0,0,0,462
03/20/2021,SAT,TX,ASW,CE,Combined TRACON& Tower with Radar,151,49,60,4,264,0,7,64,3,74,151,56,124,7,338,0,0,0,338
03/21/2021,SAT,TX,ASW,CE,Combined TRACON& Tower with Radar,188,33,87,6,314,0,10,53,2,65,188,43,140,8,379,0,0,0,379
03/22/2021,SAT,TX,ASW,CE,Combined TRACON& Tower with Radar,211,47,103,13,374,0,11,41,2,54,211,58,144,15,428,0,0,0,428
03/23/2021,SAT,TX,ASW,CE,Combined TRACON& Tower with Radar,207,67,101,9,384,0,7,84,3,94,207,74,185,12,478,0,0,0,478
03/24/2021,SAT,TX,ASW,CE,Combined TRACON& Tower with Radar,193,71,154,4,422,0,6,13,0,19,193,77,167,4,441,0,0,0,441
03/25/2021,SAT,TX,ASW,CE,Combined TRACON& Tower with Radar,182,62,116,24,384,0,13,51,6,70,182,75,167,30,454,0,0,0,454
03/26/2021,SAT,TX,ASW,CE,Combined TRACON& Tower with Radar,186,58,113,13,370,0,10,80,8,98,186,68,193,21,468,0,0,0,468
03/27/2021,SAT,TX,ASW,CE,Combined TRACON& Tower with Radar,163,45,71,17,296,0,5,30,0,35,163,50,101,17,331,0,0,0,331
03/28/2021,SAT,TX,ASW,CE,Combined TRACON& Tower with Radar,175,37,65,2,279,0,4,24,4,32,175,41,89,6,311,0,0,0,311
03/29/2021,SAT,TX,ASW,CE,Combined TRACON& Tower with Radar,185,67,98,6,356,0,3,64,9,76,185,70,162,15,432,0,0,0,432
03/30/2021,SAT,TX,ASW,CE,Combined TRACON& Tower with Radar,179,58,121,6,364,0,6,25,0,31,179,64,146,6,395,0,0,0,395
03/31/2021,SAT,TX,ASW,CE,Combined TRACON& Tower with Radar,175,62,124,8,369,0,2,28,0,30,175,64,152,8,399,0,0,0,399
04/01/2021,SAT,TX,ASW,CE,Combined TRACON& Tower with Radar,179,66,97,9,351,0,5,68,0,73,179,71,165,9,424,0,0,0,424
04/02/2021,SAT,TX,ASW,CE,Combined TRACON& Tower with Radar,193,51,102,4,350,0,8,81,3,92,193,59,183,7,442,0,0,0,442
04/03/2021,SAT,TX,ASW,CE,Combined TRACON& Tower with Radar,159,28,61,3,251,0,11,16,0,27,159,39,77,3,278,0,0,0,278
04/04/2021,SAT,TX,ASW,CE,Combined TRACON& Tower with Radar,172,66,79,2,319,0,12,27,1,40,172,78,106,3,359,0,0,0,359
04/05/2021,SAT,TX,ASW,CE,Combined TRACON& Tower with Radar,188,48,101,5,342,0,7,35,3,45,188,55,136,8,387,0,0,0,387
04/06/2021,SAT,TX,ASW,CE,Combined TRACON& Tower with Radar,190,54,114,3,361,0,9,37,1,47,190,63,151,4,408,0,0,0,408
04/07/2021,SAT,TX,ASW,CE,Combined TRACON& Tower with Radar,191,63,134,4,392,0,5,55,4,64,191,68,189,8,456,0,0,0,456
04/08/2021,SAT,TX,ASW,CE,Combined TRACON& Tower with Radar,192,56,122,26,396,0,12,58,6,76,192,68,180,32,472,0,0,0,472
04/09/2021,SAT,TX,ASW,CE,Combined TRACON& Tower with Radar,190,61,100,5,356,0,9,50,7,66,190,70,150,12,422,0,0,0,422
04/10/2021,SAT,TX,ASW,CE,Combined TRACON& Tower with Radar,165,28,63,1,257,0,9,49,2,60,165,37,112,3,317,0,0,0,317
04/11/2021,SAT,TX,ASW,CE,Combined TRACON& Tower with Radar,174,46,101,6,327,0,16,53,5,74,174,62,154,11,401,0,0,0,401
04/12/2021,SAT,TX,ASW,CE,Combined TRACON& Tower with Radar,184,45,103,7,339,0,8,38,0,46,184,53,141,7,385,0,0,0,385
04/13/2021,SAT,TX,ASW,CE,Combined TRACON& Tower with Radar,182,46,129,8,365,0,5,26,3,34,182,51,155,11,399,0,0,0,399
04/14/2021,SAT,TX,ASW,CE,Combined TRACON& Tower with Radar,176,72,117,17,382,0,7,27,1,35,176,79,144,18,417,0,0,0,417
04/15/2021,SAT,TX,ASW,CE,Combined TRACON& Tower with Radar,197,82,113,4,396,0,3,2,0,5,197,85,115,4,401,0,0,0,401
04/16/2021,SAT,TX,ASW,CE,Combined TRACON& Tower with Radar,185,75,109,3,372,0,0,2,0,2,185,75,111,3,374,0,0,0,374
04/17/2021,SAT,TX,ASW,CE,Combined TRACON& Tower with Radar,162,38,49,4,253,0,11,22,0,33,162,49,71,4,286,0,0,0,286
04/18/2021,SAT,TX,ASW,CE,Combined TRACON& Tower with Radar,177,42,74,7,300,0,13,32,2,47,177,55,106,9,347,0,0,0,347
04/19/2021,SAT,TX,ASW,CE,Combined TRACON& Tower with Radar,187,37,85,26,335,0,14,66,3,83,187,51,151,29,418,0,0,0,418
04/20/2021,SAT,TX,ASW,CE,Combined TRACON& Tower with Radar,177,48,93,15,333,0,10,61,13,84,177,58,154,28,417,0,0,0,417
04/21/2021,SAT,TX,ASW,CE,Combined TRACON& Tower with Radar,176,60,119,11,366,0,13,53,17,83,176,73,172,28,449,0,0,0,449
04/22/2021,SAT,TX,ASW,CE,Combined TRACON& Tower with Radar,198,51,133,9,391,0,3,20,4,27,198,54,153,13,418,0,0,0,418
04/23/2021,SAT,TX,ASW,CE,Combined TRACON& Tower with Radar,204,46,82,0,332,0,4,8,0,12,204,50,90,0,344,0,0,0,344
04/24/2021,SAT,TX,ASW,CE,Combined TRACON& Tower with Radar,159,39,63,2,263,0,20,33,4,57,159,59,96,6,320,0,0,0,320
04/25/2021,SAT,TX,ASW,CE,Combined TRACON& Tower with Radar,176,27,70,6,279,0,9,49,3,61,176,36,119,9,340,0,0,0,340
04/26/2021,SAT,TX,ASW,CE,Combined TRACON& Tower with Radar,188,55,94,3,340,0,3,49,4,56,188,58,143,7,396,0,0,0,396
04/27/2021,SAT,TX,ASW,CE,Combined TRACON& Tower with Radar,177,48,124,2,351,0,2,7,4,13,177,50,131,6,364,0,0,0,364
04/28/2021,SAT,TX,ASW,CE,Combined TRACON& Tower with Radar,163,39,101,7,310,0,6,19,2,27,163,45,120,9,337,0,0,0,337
04/29/2021,SAT,TX,ASW,CE,Combined TRACON& Tower with Radar,198,55,121,1,375,0,7,5,0,12,198,62,126,1,387,0,0,0,387
04/30/2021,SAT,TX,ASW,CE,Combined TRACON& Tower with Radar,195,46,74,12,327,0,3,2,0,5,195,49,76,12,332,0,0,0,332
05/01/2021,SAT,TX,ASW,CE,Combined TRACON& Tower with Radar,167,25,38,2,232,0,1,1,2,4,167,26,39,4,236,0,0,0,236
05/02/2021,SAT,TX,ASW,CE,Combined TRACON& Tower with Radar,184,25,69,3,281,0,5,63,0,68,184,30,132,3,349,0,0,0,349
05/03/2021,SAT,TX,ASW,CE,Combined TRACON& Tower with Radar,183,36,88,5,312,0,6,46,0,52,183,42,134,5,364,0,0,0,364
05/04/2021,SAT,TX,ASW,CE,Combined TRACON& Tower with Radar,180,46,128,9,363,0,8,33,6,47,180,54,161,15,410,0,0,0,410
05/05/2021,SAT,TX,ASW,CE,Combined TRACON& Tower with Radar,183,60,132,18,393,0,10,61,3,74,183,70,193,21,467,0,0,0,467
05/06/2021,SAT,TX,ASW,CE,Combined TRACON& Tower with Radar,196,46,134,6,382,0,8,47,5,60,196,54,181,11,442,0,0,0,442
05/07/2021,SAT,TX,ASW,CE,Combined TRACON& Tower with Radar,207,58,120,27,412,0,14,78,3,95,207,72,198,30,507,0,0,0,507
05/08/2021,SAT,TX,ASW,CE,Combined TRACON& Tower with Radar,171,30,62,7,270,0,10,20,22,52,171,40,82,29,322,0,0,0,322
05/09/2021,SAT,TX,ASW,CE,Combined TRACON& Tower with Radar,203,32,92,16,343,0,9,18,4,31,203,41,110,20,374,0,0,0,374
05/10/2021,SAT,TX,ASW,CE,Combined TRACON& Tower with Radar,197,30,100,8,335,0,4,19,1,24,197,34,119,9,359,0,0,0,359
05/11/2021,SAT,TX,ASW,CE,Combined TRACON& Tower with Radar,219,41,113,3,376,0,0,9,0,9,219,41,122,3,385,0,0,0,385
05/12/2021,SAT,TX,ASW,CE,Combined TRACON& Tower with Radar,201,51,118,12,382,0,10,20,0,30,201,61,138,12,412,0,0,0,412
05/13/2021,SAT,TX,ASW,CE,Combined TRACON& Tower with Radar,211,51,140,26,428,0,9,39,0,48,211,60,179,26,476,0,0,0,476
05/14/2021,SAT,TX,ASW,CE,Combined TRACON& Tower with Radar,223,59,105,9,396,0,22,64,8,94,223,81,169,17,490,0,0,0,490
05/15/2021,SAT,TX,ASW,CE,Combined TRACON& Tower with Radar,173,29,45,2,249,0,5,5,0,10,173,34,50,2,259,0,0,0,259
05/16/2021,SAT,TX,ASW,CE,Combined TRACON& Tower with Radar,199,45,88,11,343,0,6,10,12,28,199,51,98,23,371,0,0,0,371
05/17/2021,SAT,TX,ASW,CE,Combined TRACON& Tower with Radar,240,37,125,3,405,0,11,23,4,38,240,48,148,7,443,0,0,0,443
05/18/2021,SAT,TX,ASW,CE,Combined TRACON& Tower with Radar,210,44,75,3,332,0,5,20,0,25,210,49,95,3,357,0,0,0,357
05/19/2021,SAT,TX,ASW,CE,Combined TRACON& Tower with Radar,221,44,91,3,359,0,9,13,0,22,221,53,104,3,381,0,0,0,381
05/20/2021,SAT,TX,ASW,CE,Combined TRACON& Tower with Radar,218,57,123,5,403,0,13,58,7,78,218,70,181,12,481,0,0,0,481
05/21/2021,SAT,TX,ASW,CE,Combined TRACON& Tower with Radar,219,63,95,17,394,0,3,39,0,42,219,66,134,17,436,0,0,0,436
05/22/2021,SAT,TX,ASW,CE,Combined TRACON& Tower with Radar,179,32,37,8,256,0,8,6,1,15,179,40,43,9,271,0,0,0,271
05/23/2021,SAT,TX,ASW,CE,Combined TRACON& Tower with Radar,205,38,78,8,329,0,8,2,1,11,205,46,80,9,340,0,0,0,340
05/24/2021,SAT,TX,ASW,CE,Combined TRACON& Tower with Radar,237,36,97,4,374,0,10,23,0,33,237,46,120,4,407,0,0,0,407
05/25/2021,SAT,TX,ASW,CE,Combined TRACON& Tower with Radar,213,52,100,8,373,0,8,26,2,36,213,60,126,10,409,0,0,0,409
05/26/2021,SAT,TX,ASW,CE,Combined TRACON& Tower with Radar,208,44,110,8,370,0,7,39,0,46,208,51,149,8,416,0,0,0,416
05/27/2021,SAT,TX,ASW,CE,Combined TRACON& Tower with Radar,213,60,131,10,414,0,8,49,2,59,213,68,180,12,473,0,0,0,473
05/28/2021,SAT,TX,ASW,CE,Combined TRACON& Tower with Radar,211,65,113,4,393,0,5,35,0,40,211,70,148,4,433,0,0,0,433
05/29/2021,SAT,TX,ASW,CE,Combined TRACON& Tower with Radar,183,40,62,0,285,0,7,28,0,35,183,47,90,0,320,0,0,0,320
05/30/2021,SAT,TX,ASW,CE,Combined TRACON& Tower with Radar,208,24,55,7,294,0,6,8,1,15,208,30,63,8,309,0,0,0,309
05/31/2021,SAT,TX,ASW,CE,Combined TRACON& Tower with Radar,196,38,97,6,337,0,4,36,2,42,196,42,133,8,379,0,0,0,379
06/01/2021,SAT,TX,ASW,CE,Combined TRACON& Tower with Radar,205,36,114,10,365,0,9,36,2,47,205,45,150,12,412,0,0,0,412
06/02/2021,SAT,TX,ASW,CE,Combined TRACON& Tower with Radar,227,44,104,9,384,0,16,52,6,74,227,60,156,15,458,0,0,0,458
06/03/2021,SAT,TX,ASW,CE,Combined TRACON& Tower with Radar,227,51,91,1,370,0,10,8,0,18,227,61,99,1,388,0,0,0,388
06/04/2021,SAT,TX,ASW,CE,Combined TRACON& Tower with Radar,222,61,94,19,396,0,14,28,2,44,222,75,122,21,440,0,0,0,440
06/05/2021,SAT,TX,ASW,CE,Combined TRACON& Tower with Radar,198,27,74,6,305,0,7,15,1,23,198,34,89,7,328,0,0,0,328
06/06/2021,SAT,TX,ASW,CE,Combined TRACON& Tower with Radar,216,35,59,4,314,0,14,11,6,31,216,49,70,10,345,0,0,0,345
06/07/2021,SAT,TX,ASW,CE,Combined TRACON& Tower with Radar,220,42,97,10,369,0,5,35,3,43,220,47,132,13,412,0,0,0,412
06/08/2021,SAT,TX,ASW,CE,Combined TRACON& Tower with Radar,227,49,104,7,387,0,5,24,3,32,227,54,128,10,419,0,0,0,419
06/09/2021,SAT,TX,ASW,CE,Combined TRACON& Tower with Radar,237,48,117,4,406,0,6,31,0,37,237,54,148,4,443,0,0,0,443
06/10/2021,SAT,TX,ASW,CE,Combined TRACON& Tower with Radar,220,52,115,5,392,0,9,36,2,47,220,61,151,7,439,0,0,0,439
06/11/2021,SAT,TX,ASW,CE,Combined TRACON& Tower with Radar,219,57,98,23,397,0,7,67,2,76,219,64,165,25,473,0,0,0,473
06/12/2021,SAT,TX,ASW,CE,Combined TRACON& Tower with Radar,203,47,56,15,321,0,24,24,7,55,203,71,80,22,376,0,0,0,376
06/13/2021,SAT,TX,ASW,CE,Combined TRACON& Tower with Radar,210,25,94,18,347,0,6,35,6,47,210,31,129,24,394,0,0,0,394
06/14/2021,SAT,TX,ASW,CE,Combined TRACON& Tower with Radar,209,34,90,12,345,0,12,51,7,70,209,46,141,19,415,0,0,0,415
06/15/2021,SAT,TX,ASW,CE,Combined TRACON& Tower with Radar,213,48,90,2,353,0,5,42,3,50,213,53,132,5,403,0,0,0,403
06/16/2021,SAT,TX,ASW,CE,Combined TRACON& Tower with Radar,220,44,90,15,369,0,15,61,4,80,220,59,151,19,449,0,0,0,449
06/17/2021,SAT,TX,ASW,CE,Combined TRACON& Tower with Radar,219,50,133,10,412,0,8,74,8,90,219,58,207,18,502,0,0,0,502
06/18/2021,SAT,TX,ASW,CE,Combined TRACON& Tower with Radar,215,43,113,6,377,0,7,64,1,72,215,50,177,7,449,0,0,0,449
06/19/2021,SAT,TX,ASW,CE,Combined TRACON& Tower with Radar,192,24,65,1,282,0,9,36,2,47,192,33,101,3,329,0,0,0,329
06/20/2021,SAT,TX,ASW,CE,Combined TRACON& Tower with Radar,209,24,88,22,343,0,13,32,7,52,209,37,120,29,395,0,0,0,395
06/21/2021,SAT,TX,ASW,CE,Combined TRACON& Tower with Radar,204,48,97,15,364,0,8,32,2,42,204,56,129,17,406,0,0,0,406
06/22/2021,SAT,TX,ASW,CE,Combined TRACON& Tower with Radar,227,48,122,9,406,0,2,32,0,34,227,50,154,9,440,0,0,0,440
06/23/2021,SAT,TX,ASW,CE,Combined TRACON& Tower with Radar,217,59,116,26,418,0,16,46,5,67,217,75,162,31,485,0,0,0,485
06/24/2021,SAT,TX,ASW,CE,Combined TRACON& Tower with Radar,217,64,110,11,402,0,9,57,1,67,217,73,167,12,469,0,0,0,469
06/25/2021,SAT,TX,ASW,CE,Combined TRACON& Tower with Radar,213,52,106,24,395,0,7,43,0,50,213,59,149,24,445,0,0,0,445
06/26/2021,SAT,TX,ASW,CE,Combined TRACON& Tower with Radar,187,33,63,21,304,0,10,26,2,38,187,43,89,23,342,0,0,0,342
06/27/2021,SAT,TX,ASW,CE,Combined TRACON& Tower with Radar,208,37,58,13,316,0,3,24,2,29,208,40,82,15,345,0,0,0,345
06/28/2021,SAT,TX,ASW,CE,Combined TRACON& Tower with Radar,213,34,84,8,339,0,6,29,1,36,213,40,113,9,375,0,0,0,375
06/29/2021,SAT,TX,ASW,CE,Combined TRACON& Tower with Radar,225,46,119,4,394,0,7,19,2,28,225,53,138,6,422,0,0,0,422
06/30/2021,SAT,TX,ASW,CE,Combined TRACON& Tower with Radar,215,46,121,4,386,0,4,24,5,33,215,50,145,9,419,0,0,0,419
07/01/2021,SAT,TX,ASW,CE,Combined TRACON& Tower with Radar,226,64,97,8,395,0,14,56,10,80,226,78,153,18,475,0,0,0,475
07/02/2021,SAT,TX,ASW,CE,Combined TRACON& Tower with Radar,203,49,97,6,355,0,7,68,1,76,203,56,165,7,431,0,0,0,431
07/03/2021,SAT,TX,ASW,CE,Combined TRACON& Tower with Radar,203,36,39,0,278,0,11,26,0,37,203,47,65,0,315,0,0,0,315
07/04/2021,SAT,TX,ASW,CE,Combined TRACON& Tower with Radar,198,27,37,0,262,0,3,6,0,9,198,30,43,0,271,0,0,0,271
07/05/2021,SAT,TX,ASW,CE,Combined TRACON& Tower with Radar,200,40,73,0,313,0,5,3,1,9,200,45,76,1,322,0,0,0,322
07/06/2021,SAT,TX,ASW,CE,Combined TRACON& Tower with Radar,209,38,80,5,332,0,1,20,0,21,209,39,100,5,353,0,0,0,353
07/07/2021,SAT,TX,ASW,CE,Combined TRACON& Tower with Radar,214,29,71,12,326,0,4,21,0,25,214,33,92,12,351,0,0,0,351
07/08/2021,SAT,TX,ASW,CE,Combined TRACON& Tower with Radar,212,57,96,2,367,0,4,20,0,24,212,61,116,2,391,0,0,0,391
07/09/2021,SAT,TX,ASW,CE,Combined TRACON& Tower with Radar,213,44,109,3,369,0,1,3,0,4,213,45,112,3,373,0,0,0,373
07/10/2021,SAT,TX,ASW,CE,Combined TRACON& Tower with Radar,206,41,69,13,329,0,4,19,0,23,206,45,88,13,352,0,0,0,352
07/11/2021,SAT,TX,ASW,CE,Combined TRACON& Tower with Radar,199,26,90,19,334,0,1,38,8,47,199,27,128,27,381,0,0,0,381
07/12/2021,SAT,TX,ASW,CE,Combined TRACON& Tower with Radar,215,32,103,11,361,0,4,52,0,56,215,36,155,11,417,0,0,0,417
07/13/2021,SAT,TX,ASW,CE,Combined TRACON& Tower with Radar,218,44,115,11,388,0,3,43,0,46,218,47,158,11,434,0,0,0,434
07/14/2021,SAT,TX,ASW,CE,Combined TRACON& Tower with Radar,217,42,118,8,385,0,4,85,1,90,217,46,203,9,475,0,0,0,475
07/15/2021,SAT,TX,ASW,CE,Combined TRACON& Tower with Radar,221,44,101,6,372,0,9,70,1,80,221,53,171,7,452,0,0,0,452
07/16/2021,SAT,TX,ASW,CE,Combined TRACON& Tower with Radar,220,72,88,12,392,0,5,111,10,126,220,77,199,22,518,0,0,0,518
07/17/2021,SAT,TX,ASW,CE,Combined TRACON& Tower with Radar,191,42,65,8,306,0,11,27,2,40,191,53,92,10,346,0,0,0,346
07/18/2021,SAT,TX,ASW,CE,Combined TRACON& Tower with Radar,222,49,93,11,375,0,4,20,8,32,222,53,113,19,407,0,0,0,407
07/19/2021,SAT,TX,ASW,CE,Combined TRACON& Tower with Radar,227,48,74,7,356,0,3,43,0,46,227,51,117,7,402,0,0,0,402
07/20/2021,SAT,TX,ASW,CE,Combined TRACON& Tower with Radar,217,36,102,2,357,0,6,50,6,62,217,42,152,8,419,0,0,0,419
07/21/2021,SAT,TX,ASW,CE,Combined TRACON& Tower with Radar,223,59,126,7,415,0,4,55,4,63,223,63,181,11,478,0,0,0,478
07/22/2021,SAT,TX,ASW,CE,Combined TRACON& Tower with Radar,218,52,110,6,386,0,4,54,5,63,218,56,164,11,449,0,0,0,449
07/23/2021,SAT,TX,ASW,CE,Combined TRACON& Tower with Radar,213,54,125,17,409,0,8,45,5,58,213,62,170,22,467,0,0,0,467
07/24/2021,SAT,TX,ASW,CE,Combined TRACON& Tower with Radar,198,34,50,18,300,0,10,28,7,45,198,44,78,25,345,0,0,0,345
07/25/2021,SAT,TX,ASW,CE,Combined TRACON& Tower with Radar,212,41,84,7,344,0,8,49,3,60,212,49,133,10,404,0,0,0,404
07/26/2021,SAT,TX,ASW,CE,Combined TRACON& Tower with Radar,214,45,84,5,348,0,9,45,1,55,214,54,129,6,403,0,0,0,403
07/27/2021,SAT,TX,ASW,CE,Combined TRACON& Tower with Radar,217,57,88,8,370,0,2,45,4,51,217,59,133,12,421,0,0,0,421
07/28/2021,SAT,TX,ASW,CE,Combined TRACON& Tower with Radar,217,50,107,2,376,0,1,50,0,51,217,51,157,2,427,0,0,0,427
07/29/2021,SAT,TX,ASW,CE,Combined TRACON& Tower with Radar,222,57,94,7,380,0,1,51,3,55,222,58,145,10,435,0,0,0,435
07/30/2021,SAT,TX,ASW,CE,Combined TRACON& Tower with Radar,221,46,74,16,357,0,4,55,1,60,221,50,129,17,417,0,0,0,417
07/31/2021,SAT,TX,ASW,CE,Combined TRACON& Tower with Radar,192,43,52,9,296,0,5,25,3,33,192,48,77,12,329,0,0,0,329
08/01/2021,SAT,TX,ASW,CE,Combined TRACON& Tower with Radar,206,32,80,8,326,0,0,38,2,40,206,32,118,10,366,0,0,0,366
08/02/2021,SAT,TX,ASW,CE,Combined TRACON& Tower with Radar,209,45,87,0,341,0,1,19,1,21,209,46,106,1,362,0,0,0,362
08/03/2021,SAT,TX,ASW,CE,Combined TRACON& Tower with Radar,204,47,92,9,352,0,7,36,2,45,204,54,128,11,397,0,0,0,397
08/04/2021,SAT,TX,ASW,CE,Combined TRACON& Tower with Radar,220,44,80,8,352,0,8,35,2,45,220,52,115,10,397,0,0,0,397
08/05/2021,SAT,TX,ASW,CE,Combined TRACON& Tower with Radar,223,52,86,6,367,0,9,26,2,37,223,61,112,8,404,0,0,0,404
08/06/2021,SAT,TX,ASW,CE,Combined TRACON& Tower with Radar,217,59,116,12,404,0,8,36,6,50,217,67,152,18,454,0,0,0,454
08/07/2021,SAT,TX,ASW,CE,Combined TRACON& Tower with Radar,197,44,69,5,315,0,2,31,1,34,197,46,100,6,349,0,0,0,349
08/08/2021,SAT,TX,ASW,CE,Combined TRACON& Tower with Radar,218,37,76,10,341,0,7,40,3,50,218,44,116,13,391,0,0,0,391
08/09/2021,SAT,TX,ASW,CE,Combined TRACON& Tower with Radar,211,37,85,7,340,0,8,34,2,44,211,45,119,9,384,0,0,0,384
08/10/2021,SAT,TX,ASW,CE,Combined TRACON& Tower with Radar,226,45,91,11,373,0,11,33,2,46,226,56,124,13,419,0,0,0,419
08/11/2021,SAT,TX,ASW,CE,Combined TRACON& Tower with Radar,219,50,91,11,371,0,6,36,1,43,219,56,127,12,414,0,0,0,414
08/12/2021,SAT,TX,ASW,CE,Combined TRACON& Tower with Radar,219,45,115,14,393,0,5,57,4,66,219,50,172,18,459,0,0,0,459
08/13/2021,SAT,TX,ASW,CE,Combined TRACON& Tower with Radar,216,59,94,13,382,0,5,45,4,54,216,64,139,17,436,0,0,0,436
08/14/2021,SAT,TX,ASW,CE,Combined TRACON& Tower with Radar,197,44,67,15,323,0,5,34,10,49,197,49,101,25,372,0,0,0,372
08/15/2021,SAT,TX,ASW,CE,Combined TRACON& Tower with Radar,224,49,80,16,369,0,4,26,4,34,224,53,106,20,403,0,0,0,403
08/16/2021,SAT,TX,ASW,CE,Combined TRACON& Tower with Radar,219,58,84,7,368,0,8,25,0,33,219,66,109,7,401,0,0,0,401
08/17/2021,SAT,TX,ASW,CE,Combined TRACON& Tower with Radar,235,43,108,8,394,0,4,39,0,43,235,47,147,8,437,0,0,0,437
08/18/2021,SAT,TX,ASW,CE,Combined TRACON& Tower with Radar,222,73,83,16,394,0,5,28,0,33,222,78,111,16,427,0,0,0,427
08/19/2021,SAT,TX,ASW,CE,Combined TRACON& Tower with Radar,221,47,117,15,400,0,5,39,5,49,221,52,156,20,449,0,0,0,449
08/20/2021,SAT,TX,ASW,CE,Combined TRACON& Tower with Radar,224,64,105,10,403,0,5,51,6,62,224,69,156,16,465,0,0,0,465
08/21/2021,SAT,TX,ASW,CE,Combined TRACON& Tower with Radar,204,37,52,14,307,0,8,22,4,34,204,45,74,18,341,0,0,0,341
08/22/2021,SAT,TX,ASW,CE,Combined TRACON& Tower with Radar,215,41,85,10,351,0,2,57,2,61,215,43,142,12,412,0,0,0,412
08/23/2021,SAT,TX,ASW,CE,Combined TRACON& Tower with Radar,218,26,104,12,360,0,5,45,0,50,218,31,149,12,410,0,0,0,410
08/24/2021,SAT,TX,ASW,CE,Combined TRACON& Tower with Radar,215,44,80,10,349,0,1,56,7,64,215,45,136,17,413,0,0,0,413
08/25/2021,SAT,TX,ASW,CE,Combined TRACON& Tower with Radar,221,70,112,11,414,0,8,44,7,59,221,78,156,18,473,0,0,0,473
08/26/2021,SAT,TX,ASW,CE,Combined TRACON& Tower with Radar,221,59,100,7,387,0,8,41,4,53,221,67,141,11,440,0,0,0,440
08/27/2021,SAT,TX,ASW,CE,Combined TRACON& Tower with Radar,223,70,74,8,375,0,7,44,9,60,223,77,118,17,435,0,0,0,435
08/28/2021,SAT,TX,ASW,CE,Combined TRACON& Tower with Radar,196,26,69,20,311,0,5,19,4,28,196,31,88,24,339,0,0,0,339
08/29/2021,SAT,TX,ASW,CE,Combined TRACON& Tower with Radar,208,31,53,21,313,0,5,18,6,29,208,36,71,27,342,0,0,0,342
08/30/2021,SAT,TX,ASW,CE,Combined TRACON& Tower with Radar,216,38,70,4,328,0,5,36,2,43,216,43,106,6,371,0,0,0,371
08/31/2021,SAT,TX,ASW,CE,Combined TRACON& Tower with Radar,220,45,78,14,357,0,6,51,5,62,220,51,129,19,419,0,0,0,419
09/01/2021,SAT,TX,ASW,CE,Combined TRACON& Tower with Radar,212,40,85,10,347,0,9,38,3,50,212,49,123,13,397,0,0,0,397
09/02/2021,SAT,TX,ASW,CE,Combined TRACON& Tower with Radar,234,70,90,2,396,0,10,50,2,62,234,80,140,4,458,0,0,0,458
09/03/2021,SAT,TX,ASW,CE,Combined TRACON& Tower with Radar,225,60,93,9,387,0,10,42,2,54,225,70,135,11,441,0,0,0,441
09/04/2021,SAT,TX,ASW,CE,Combined TRACON& Tower with Radar,192,33,48,3,276,0,18,30,7,55,192,51,78,10,331,0,0,0,331
09/05/2021,SAT,TX,ASW,CE,Combined TRACON& Tower with Radar,212,22,46,2,282,0,7,27,2,36,212,29,73,4,318,0,0,0,318
09/06/2021,SAT,TX,ASW,CE,Combined TRACON& Tower with Radar,213,33,62,4,312,0,1,35,0,36,213,34,97,4,348,0,0,0,348
09/07/2021,SAT,TX,ASW,CE,Combined TRACON& Tower with Radar,205,45,74,12,336,0,11,55,4,70,205,56,129,16,406,0,0,0,406
09/08/2021,SAT,TX,ASW,CE,Combined TRACON& Tower with Radar,218,57,92,16,383,0,6,34,7,47,218,63,126,23,430,0,0,0,430
09/09/2021,SAT,TX,ASW,CE,Combined TRACON& Tower with Radar,246,49,97,13,405,0,10,60,3,73,246,59,157,16,478,0,0,0,478
09/10/2021,SAT,TX,ASW,CE,Combined TRACON& Tower with Radar,229,52,105,9,395,0,9,82,5,96,229,61,187,14,491,0,0,0,491
09/11/2021,SAT,TX,ASW,CE,Combined TRACON& Tower with Radar,188,33,58,7,286,0,17,48,4,69,188,50,106,11,355,0,0,0,355
09/12/2021,SAT,TX,ASW,CE,Combined TRACON& Tower with Radar,219,38,67,10,334,0,2,30,6,38,219,40,97,16,372,0,0,0,372
09/13/2021,SAT,TX,ASW,CE,Combined TRACON& Tower with Radar,224,40,110,6,380,0,6,28,3,37,224,46,138,9,417,0,0,0,417
09/14/2021,SAT,TX,ASW,CE,Combined TRACON& Tower with Radar,216,49,94,6,365,0,3,44,2,49,216,52,138,8,414,0,0,0,414
09/15/2021,SAT,TX,ASW,CE,Combined TRACON& Tower with Radar,215,64,103,11,393,0,6,39,3,48,215,70,142,14,441,0,0,0,441
09/16/2021,SAT,TX,ASW,CE,Combined TRACON& Tower with Radar,246,69,135,4,454,0,9,96,3,108,246,78,231,7,562,0,0,0,562
09/17/2021,SAT,TX,ASW,CE,Combined TRACON& Tower with Radar,230,58,89,12,389,0,9,60,1,70,230,67,149,13,459,0,0,0,459
09/18/2021,SAT,TX,ASW,CE,Combined TRACON& Tower with Radar,207,30,67,6,310,0,3,45,5,53,207,33,112,11,363,0,0,0,363
09/19/2021,SAT,TX,ASW,CE,Combined TRACON& Tower with Radar,231,39,93,14,377,0,6,51,1,58,231,45,144,15,435,0,0,0,435
09/20/2021,SAT,TX,ASW,CE,Combined TRACON& Tower with Radar,230,39,81,8,358,0,6,45,2,53,230,45,126,10,411,0,0,0,411
09/21/2021,SAT,TX,ASW,CE,Combined TRACON& Tower with Radar,224,52,94,13,383,0,5,47,3,55,224,57,141,16,438,0,0,0,438
09/22/2021,SAT,TX,ASW,CE,Combined TRACON& Tower with Radar,211,53,128,12,404,0,16,71,6,93,211,69,199,18,497,0,0,0,497
09/23/2021,SAT,TX,ASW,CE,Combined TRACON& Tower with Radar,236,58,130,18,442,0,16,72,4,92,236,74,202,22,534,0,0,0,534
09/24/2021,SAT,TX,ASW,CE,Combined TRACON& Tower with Radar,233,52,89,6,380,0,8,68,1,77,233,60,157,7,457,0,0,0,457
09/25/2021,SAT,TX,ASW,CE,Combined TRACON& Tower with Radar,196,33,46,1,276,0,10,46,1,57,196,43,92,2,333,0,0,0,333
09/26/2021,SAT,TX,ASW,CE,Combined TRACON& Tower with Radar,217,35,97,1,350,0,4,43,2,49,217,39,140,3,399,0,0,0,399
09/27/2021,SAT,TX,ASW,CE,Combined TRACON& Tower with Radar,220,56,106,4,386,0,8,47,0,55,220,64,153,4,441,0,0,0,441
09/28/2021,SAT,TX,ASW,CE,Combined TRACON& Tower with Radar,218,65,111,14,408,0,8,32,4,44,218,73,143,18,452,0,0,0,452
09/29/2021,SAT,TX,ASW,CE,Combined TRACON& Tower with Radar,219,65,119,4,407,0,0,28,1,29,219,65,147,5,436,0,0,0,436
09/30/2021,SAT,TX,ASW,CE,Combined TRACON& Tower with Radar,242,58,121,8,429,1,2,34,2,39,243,60,155,10,468,0,0,0,468
10/01/2021,SAT,TX,ASW,CE,Combined TRACON& Tower with Radar,229,62,83,1,375,0,3,33,2,38,229,65,116,3,413,0,0,0,413
10/02/2021,SAT,TX,ASW,CE,Combined TRACON& Tower with Radar,194,43,58,6,301,0,3,12,2,17,194,46,70,8,318,0,0,0,318
10/03/2021,SAT,TX,ASW,CE,Combined TRACON& Tower with Radar,220,37,79,4,340,0,11,36,1,48,220,48,115,5,388,0,0,0,388
10/04/2021,SAT,TX,ASW,CE,Combined TRACON& Tower with Radar,222,58,97,3,380,0,3,68,0,71,222,61,165,3,451,0,0,0,451
10/05/2021,SAT,TX,ASW,CE,Combined TRACON& Tower with Radar,216,81,89,3,389,0,8,57,3,68,216,89,146,6,457,0,0,0,457
10/06/2021,SAT,TX,ASW,CE,Combined TRACON& Tower with Radar,215,62,109,9,395,0,2,91,1,94,215,64,200,10,489,0,0,0,489
10/07/2021,SAT,TX,ASW,CE,Combined TRACON& Tower with Radar,238,62,126,5,431,0,5,89,1,95,238,67,215,6,526,0,0,0,526
10/08/2021,SAT,TX,ASW,CE,Combined TRACON& Tower with Radar,232,65,90,3,390,0,6,65,2,73,232,71,155,5,463,0,0,0,463
10/09/2021,SAT,TX,ASW,CE,Combined TRACON& Tower with Radar,189,46,57,2,294,0,3,45,0,48,189,49,102,2,342,0,0,0,342
10/10/2021,SAT,TX,ASW,CE,Combined TRACON& Tower with Radar,188,47,93,3,331,0,2,26,1,29,188,49,119,4,360,0,0,0,360
10/11/2021,SAT,TX,ASW,CE,Combined TRACON& Tower with Radar,215,55,101,6,377,0,10,56,4,70,215,65,157,10,447,0,0,0,447
10/12/2021,SAT,TX,ASW,CE,Combined TRACON& Tower with Radar,223,68,115,6,412,0,0,8,3,11,223,68,123,9,423,0,0,0,423
10/13/2021,SAT,TX,ASW,CE,Combined TRACON& Tower with Radar,203,53,82,2,340,0,3,27,0,30,203,56,109,2,370,0,0,0,370
10/14/2021,SAT,TX,ASW,CE,Combined TRACON& Tower with Radar,245,49,115,10,419,0,5,38,2,45,245,54,153,12,464,0,0,0,464
10/15/2021,SAT,TX,ASW,CE,Combined TRACON& Tower with Radar,241,58,109,12,420,0,4,17,0,21,241,62,126,12,441,0,0,0,441
10/16/2021,SAT,TX,ASW,CE,Combined TRACON& Tower with Radar,191,34,68,17,310,0,4,35,4,43,191,38,103,21,353,0,0,0,353
10/17/2021,SAT,TX,ASW,CE,Combined TRACON& Tower with Radar,214,32,83,14,343,0,2,41,1,44,214,34,124,15,387,0,0,0,387
10/18/2021,SAT,TX,ASW,CE,Combined TRACON& Tower with Radar,216,38,95,7,356,0,9,63,3,75,216,47,158,10,431,0,0,0,431
10/19/2021,SAT,TX,ASW,CE,Combined TRACON& Tower with Radar,219,51,114,7,391,0,9,38,4,51,219,60,152,11,442,0,0,0,442
10/20/2021,SAT,TX,ASW,CE,Combined TRACON& Tower with Radar,223,53,164,13,453,0,7,45,6,58,223,60,209,19,511,0,0,0,511
10/21/2021,SAT,TX,ASW,CE,Combined TRACON& Tower with Radar,245,72,123,12,452,0,6,52,5,63,245,78,175,17,515,0,0,0,515
10/22/2021,SAT,TX,ASW,CE,Combined TRACON& Tower with Radar,239,58,125,9,431,0,9,72,8,89,239,67,197,17,520,0,0,0,520
10/23/2021,SAT,TX,ASW,CE,Combined TRACON& Tower with Radar,195,31,82,10,318,0,9,25,3,37,195,40,107,13,355,0,0,0,355
10/24/2021,SAT,TX,ASW,CE,Combined TRACON& Tower with Radar,222,48,139,11,420,0,7,32,3,42,222,55,171,14,462,0,0,0,462
10/25/2021,SAT,TX,ASW,CE,Combined TRACON& Tower with Radar,230,54,121,4,409,0,8,38,2,48,230,62,159,6,457,0,0,0,457
10/26/2021,SAT,TX,ASW,CE,Combined TRACON& Tower with Radar,227,64,123,8,422,0,12,32,0,44,227,76,155,8,466,0,0,0,466
10/27/2021,SAT,TX,ASW,CE,Combined TRACON& Tower with Radar,225,57,96,1,379,0,6,50,2,58,225,63,146,3,437,0,0,0,437
10/28/2021,SAT,TX,ASW,CE,Combined TRACON& Tower with Radar,224,72,129,12,437,0,16,57,7,80,224,88,186,19,517,0,0,0,517
10/29/2021,SAT,TX,ASW,CE,Combined TRACON& Tower with Radar,235,63,107,17,422,0,5,55,6,66,235,68,162,23,488,0,0,0,488
10/30/2021,SAT,TX,ASW,CE,Combined TRACON& Tower with Radar,178,38,72,7,295,0,10,41,1,52,178,48,113,8,347,0,0,0,347
10/31/2021,SAT,TX,ASW,CE,Combined TRACON& Tower with Radar,197,41,63,6,307,0,1,44,3,48,197,42,107,9,355,0,0,0,355
11/01/2021,SAT,TX,ASW,CE,Combined TRACON& Tower with Radar,218,49,107,6,380,0,3,46,0,49,218,52,153,6,429,0,0,0,429
11/02/2021,SAT,TX,ASW,CE,Combined TRACON& Tower with Radar,219,91,120,14,444,0,6,28,0,34,219,97,148,14,478,0,0,0,478
11/03/2021,SAT,TX,ASW,CE,Combined TRACON& Tower with Radar,235,76,126,2,439,0,3,7,0,10,235,79,133,2,449,0,0,0,449
11/04/2021,SAT,TX,ASW,CE,Combined TRACON& Tower with Radar,241,67,132,7,447,0,4,17,3,24,241,71,149,10,471,0,0,0,471
11/05/2021,SAT,TX,ASW,CE,Combined TRACON& Tower with Radar,235,38,79,15,367,0,3,56,0,59,235,41,135,15,426,0,0,0,426
11/06/2021,SAT,TX,ASW,CE,Combined TRACON& Tower with Radar,196,19,58,8,281,0,5,49,3,57,196,24,107,11,338,0,0,0,338
11/07/2021,SAT,TX,ASW,CE,Combined TRACON& Tower with Radar,218,49,106,13,386,0,8,36,1,45,218,57,142,14,431,0,0,0,431
11/08/2021,SAT,TX,ASW,CE,Combined TRACON& Tower with Radar,234,57,100,5,396,0,5,52,3,60,234,62,152,8,456,0,0,0,456
11/09/2021,SAT,TX,ASW,CE,Combined TRACON& Tower with Radar,215,49,110,6,380,0,9,44,0,53,215,58,154,6,433,0,0,0,433
11/10/2021,SAT,TX,ASW,CE,Combined TRACON& Tower with Radar,222,68,115,7,412,0,9,48,6,63,222,77,163,13,475,0,0,0,475
11/11/2021,SAT,TX,ASW,CE,Combined TRACON& Tower with Radar,246,79,120,2,447,0,11,68,0,79,246,90,188,2,526,0,0,0,526
11/12/2021,SAT,TX,ASW,CE,Combined TRACON& Tower with Radar,248,81,101,15,445,0,9,97,2,108,248,90,198,17,553,0,0,0,553
11/13/2021,SAT,TX,ASW,CE,Combined TRACON& Tower with Radar,203,47,74,13,337,0,8,47,2,57,203,55,121,15,394,0,0,0,394
11/14/2021,SAT,TX,ASW,CE,Combined TRACON& Tower with Radar,227,45,101,12,385,0,7,49,2,58,227,52,150,14,443,0,0,0,443
11/15/2021,SAT,TX,ASW,CE,Combined TRACON& Tower with Radar,240,50,103,7,400,0,6,46,2,54,240,56,149,9,454,0,0,0,454
11/16/2021,SAT,TX,ASW,CE,Combined TRACON& Tower with Radar,211,40,120,7,378,0,3,40,1,44,211,43,160,8,422,0,0,0,422
11/17/2021,SAT,TX,ASW,CE,Combined TRACON& Tower with Radar,214,65,132,4,415,0,7,52,2,61,214,72,184,6,476,0,0,0,476
11/18/2021,SAT,TX,ASW,CE,Combined TRACON& Tower with Radar,245,60,124,7,436,0,12,41,2,55,245,72,165,9,491,0,0,0,491
11/19/2021,SAT,TX,ASW,CE,Combined TRACON& Tower with Radar,248,67,114,14,443,0,6,93,2,101,248,73,207,16,544,0,0,0,544
11/20/2021,SAT,TX,ASW,CE,Combined TRACON& Tower with Radar,212,31,110,8,361,0,5,20,1,26,212,36,130,9,387,0,0,0,387
11/21/2021,SAT,TX,ASW,CE,Combined TRACON& Tower with Radar,219,24,72,0,315,0,1,14,1,16,219,25,86,1,331,0,0,0,331
11/22/2021,SAT,TX,ASW,CE,Combined TRACON& Tower with Radar,246,45,98,2,391,0,2,57,2,61,246,47,155,4,452,0,0,0,452
11/23/2021,SAT,TX,ASW,CE,Combined TRACON& Tower with Radar,240,73,108,9,430,0,2,87,3,92,240,75,195,12,522,0,0,0,522
11/24/2021,SAT,TX,ASW,CE,Combined TRACON& Tower with Radar,245,53,90,2,390,0,5,34,0,39,245,58,124,2,429,0,0,0,429
11/25/2021,SAT,TX,ASW,CE,Combined TRACON& Tower with Radar,149,29,22,0,200,0,1,8,0,9,149,30,30,0,209,0,0,0,209
11/26/2021,SAT,TX,ASW,CE,Combined TRACON& Tower with Radar,195,45,52,4,296,0,10,42,2,54,195,55,94,6,350,0,0,0,350
11/27/2021,SAT,TX,ASW,CE,Combined TRACON& Tower with Radar,229,54,73,0,356,0,4,3,0,7,229,58,76,0,363,0,0,0,363
11/28/2021,SAT,TX,ASW,CE,Combined TRACON& Tower with Radar,234,46,122,1,403,0,8,55,1,64,234,54,177,2,467,0,0,0,467
11/29/2021,SAT,TX,ASW,CE,Combined TRACON& Tower with Radar,245,49,79,8,381,0,9,62,2,73,245,58,141,10,454,0,0,0,454
11/30/2021,SAT,TX,ASW,CE,Combined TRACON& Tower with Radar,240,50,110,10,410,0,4,52,7,63,240,54,162,17,473,0,0,0,473
12/01/2021,SAT,TX,ASW,CE,Combined TRACON& Tower with Radar,215,59,116,7,397,0,4,41,2,47,215,63,157,9,444,0,0,0,444
12/02/2021,SAT,TX,ASW,CE,Combined TRACON& Tower with Radar,214,65,136,2,417,0,8,25,4,37,214,73,161,6,454,0,0,0,454
12/03/2021,SAT,TX,ASW,CE,Combined TRACON& Tower with Radar,243,64,133,12,452,0,8,25,2,35,243,72,158,14,487,0,0,0,487
12/04/2021,SAT,TX,ASW,CE,Combined TRACON& Tower with Radar,187,55,74,15,331,0,0,27,0,27,187,55,101,15,358,0,0,0,358
12/05/2021,SAT,TX,ASW,CE,Combined TRACON& Tower with Radar,212,54,117,12,395,0,1,9,0,10,212,55,126,12,405,0,0,0,405
12/06/2021,SAT,TX,ASW,CE,Combined TRACON& Tower with Radar,210,48,102,4,364,0,2,27,1,30,210,50,129,5,394,0,0,0,394
12/07/2021,SAT,TX,ASW,CE,Combined TRACON& Tower with Radar,203,53,132,5,393,0,2,47,1,50,203,55,179,6,443,0,0,0,443
12/08/2021,SAT,TX,ASW,CE,Combined TRACON& Tower with Radar,210,66,113,5,394,0,9,45,3,57,210,75,158,8,451,0,0,0,451
12/09/2021,SAT,TX,ASW,CE,Combined TRACON& Tower with Radar,219,63,164,7,453,0,1,20,0,21,219,64,184,7,474,0,0,0,474
12/10/2021,SAT,TX,ASW,CE,Combined TRACON& Tower with Radar,230,71,94,8,403,0,7,41,3,51,230,78,135,11,454,0,0,0,454
12/11/2021,SAT,TX,ASW,CE,Combined TRACON& Tower with Radar,192,33,69,19,313,0,7,24,1,32,192,40,93,20,345,0,0,0,345
12/12/2021,SAT,TX,ASW,CE,Combined TRACON& Tower with Radar,217,44,96,10,367,0,8,68,4,80,217,52,164,14,447,0,0,0,447
12/13/2021,SAT,TX,ASW,CE,Combined TRACON& Tower with Radar,213,53,121,11,398,0,5,24,2,31,213,58,145,13,429,0,0,0,429
12/14/2021,SAT,TX,ASW,CE,Combined TRACON& Tower with Radar,209,68,136,2,415,0,1,17,2,20,209,69,153,4,435,0,0,0,435
12/15/2021,SAT,TX,ASW,CE,Combined TRACON& Tower with Radar,209,78,127,11,425,0,5,20,0,25,209,83,147,11,450,0,0,0,450
12/16/2021,SAT,TX,ASW,CE,Combined TRACON& Tower with Radar,245,50,135,17,447,0,2,30,3,35,245,52,165,20,482,0,0,0,482
12/17/2021,SAT,TX,ASW,CE,Combined TRACON& Tower with Radar,250,79,136,12,477,0,7,23,1,31,250,86,159,13,508,0,0,0,508
12/18/2021,SAT,TX,ASW,CE,Combined TRACON& Tower with Radar,229,51,70,4,354,0,3,7,0,10,229,54,77,4,364,0,0,0,364
12/19/2021,SAT,TX,ASW,CE,Combined TRACON& Tower with Radar,219,30,77,5,331,0,1,34,1,36,219,31,111,6,367,0,0,0,367
12/20/2021,SAT,TX,ASW,CE,Combined TRACON& Tower with Radar,240,30,107,5,382,0,5,54,3,62,240,35,161,8,444,0,0,0,444
12/21/2021,SAT,TX,ASW,CE,Combined TRACON& Tower with Radar,249,66,83,7,405,0,7,63,2,72,249,73,146,9,477,0,0,0,477
12/22/2021,SAT,TX,ASW,CE,Combined TRACON& Tower with Radar,249,84,82,1,416,0,4,48,2,54,249,88,130,3,470,0,0,0,470
12/23/2021,SAT,TX,ASW,CE,Combined TRACON& Tower with Radar,243,52,93,1,389,0,6,26,1,33,243,58,119,2,422,0,0,0,422
12/24/2021,SAT,TX,ASW,CE,Combined TRACON& Tower with Radar,183,37,39,1,260,0,3,10,0,13,183,40,49,1,273,0,0,0,273
12/25/2021,SAT,TX,ASW,CE,Combined TRACON& Tower with Radar,157,40,29,0,226,0,5,19,0,24,157,45,48,0,250,0,0,0,250
12/26/2021,SAT,TX,ASW,CE,Combined TRACON& Tower with Radar,210,54,125,0,389,0,2,10,0,12,210,56,135,0,401,0,0,0,401
12/27/2021,SAT,TX,ASW,CE,Combined TRACON& Tower with Radar,218,71,127,0,416,0,4,28,2,34,218,75,155,2,450,0,0,0,450
12/28/2021,SAT,TX,ASW,CE,Combined TRACON& Tower with Radar,231,61,102,4,398,0,3,20,0,23,231,64,122,4,421,0,0,0,421
12/29/2021,SAT,TX,ASW,CE,Combined TRACON& Tower with Radar,242,72,112,11,437,0,9,29,4,42,242,81,141,15,479,0,0,0,479
12/30/2021,SAT,TX,ASW,CE,Combined TRACON& Tower with Radar,233,70,104,2,409,0,10,53,0,63,233,80,157,2,472,0,0,0,472
12/31/2021,SAT,TX,ASW,CE,Combined TRACON& Tower with Radar,177,39,50,0,266,0,4,19,3,26,177,43,69,3,292,0,0,0,292
01/01/2022,SAT,TX,ASW,CE,Combined TRACON& Tower with Radar,171,33,46,0,250,0,11,16,2,29,171,44,62,2,279,0,0,0,279
01/02/2022,SAT,TX,ASW,CE,Combined TRACON& Tower with Radar,194,38,112,1,345,0,3,19,0,22,194,41,131,1,367,0,0,0,367
01/03/2022,SAT,TX,ASW,CE,Combined TRACON& Tower with Radar,217,56,76,0,349,0,7,52,2,61,217,63,128,2,410,0,0,0,410
01/04/2022,SAT,TX,ASW,CE,Combined TRACON& Tower with Radar,213,60,85,5,363,0,5,51,1,57,213,65,136,6,420,0,0,0,420
01/05/2022,SAT,TX,ASW,CE,Combined TRACON& Tower with Radar,193,49,78,3,323,0,9,64,6,79,193,58,142,9,402,0,0,0,402
01/06/2022,SAT,TX,ASW,CE,Combined TRACON& Tower with Radar,188,49,75,10,322,0,6,44,4,54,188,55,119,14,376,0,0,0,376
01/07/2022,SAT,TX,ASW,CE,Combined TRACON& Tower with Radar,211,66,93,7,377,0,3,14,1,18,211,69,107,8,395,0,0,0,395
01/08/2022,SAT,TX,ASW,CE,Combined TRACON& Tower with Radar,182,48,50,3,283,0,0,0,0,0,182,48,50,3,283,0,0,0,283
01/09/2022,SAT,TX,ASW,CE,Combined TRACON& Tower with Radar,203,47,74,14,338,0,3,26,3,32,203,50,100,17,370,0,0,0,370
01/10/2022,SAT,TX,ASW,CE,Combined TRACON& Tower with Radar,187,47,62,0,296,0,3,45,1,49,187,50,107,1,345,0,0,0,345
01/11/2022,SAT,TX,ASW,CE,Combined TRACON& Tower with Radar,191,60,79,10,340,0,6,35,1,42,191,66,114,11,382,0,0,0,382
01/12/2022,SAT,TX,ASW,CE,Combined TRACON& Tower with Radar,197,46,83,5,331,0,7,43,6,56,197,53,126,11,387,0,0,0,387
01/13/2022,SAT,TX,ASW,CE,Combined TRACON& Tower with Radar,202,54,103,14,373,0,6,71,3,80,202,60,174,17,453,0,0,0,453
01/14/2022,SAT,TX,ASW,CE,Combined TRACON& Tower with Radar,222,50,97,23,392,0,10,52,0,62,222,60,149,23,454,0,0,0,454
01/15/2022,SAT,TX,ASW,CE,Combined TRACON& Tower with Radar,166,23,32,4,225,0,1,8,0,9,166,24,40,4,234,0,0,0,234
01/16/2022,SAT,TX,ASW,CE,Combined TRACON& Tower with Radar,177,32,89,9,307,0,8,35,1,44,177,40,124,10,351,0,0,0,351
01/17/2022,SAT,TX,ASW,CE,Combined TRACON& Tower with Radar,199,32,78,5,314,0,5,47,3,55,199,37,125,8,369,0,0,0,369
01/18/2022,SAT,TX,ASW,CE,Combined TRACON& Tower with Radar,207,44,74,3,328,0,6,51,3,60,207,50,125,6,388,0,0,0,388
01/19/2022,SAT,TX,ASW,CE,Combined TRACON& Tower with Radar,221,54,92,4,371,0,11,56,1,68,221,65,148,5,439,0,0,0,439
01/20/2022,SAT,TX,ASW,CE,Combined TRACON& Tower with Radar,216,48,70,2,336,0,4,8,0,12,216,52,78,2,348,0,0,0,348
01/21/2022,SAT,TX,ASW,CE,Combined TRACON& Tower with Radar,216,62,83,26,387,0,12,64,2,78,216,74,147,28,465,0,0,0,465
01/22/2022,SAT,TX,ASW,CE,Combined TRACON& Tower with Radar,159,29,49,16,253,0,8,17,4,29,159,37,66,20,282,0,0,0,282
01/23/2022,SAT,TX,ASW,CE,Combined TRACON& Tower with Radar,192,43,81,14,330,0,4,27,1,32,192,47,108,15,362,0,0,0,362
01/24/2022,SAT,TX,ASW,CE,Combined TRACON& Tower with Radar,220,43,88,7,358,0,0,6,0,6,220,43,94,7,364,0,0,0,364
01/25/2022,SAT,TX,ASW,CE,Combined TRACON& Tower with Radar,194,42,79,12,327,0,4,23,2,29,194,46,102,14,356,0,0,0,356
01/26/2022,SAT,TX,ASW,CE,Combined TRACON& Tower with Radar,212,48,85,18,363,0,2,27,2,31,212,50,112,20,394,0,0,0,394
01/27/2022,SAT,TX,ASW,CE,Combined TRACON& Tower with Radar,226,50,103,3,382,0,10,33,1,44,226,60,136,4,426,0,0,0,426
01/28/2022,SAT,TX,ASW,CE,Combined TRACON& Tower with Radar,214,50,75,9,348,0,8,49,3,60,214,58,124,12,408,0,0,0,408
01/29/2022,SAT,TX,ASW,CE,Combined TRACON& Tower with Radar,166,33,50,8,257,0,10,47,5,62,166,43,97,13,319,0,0,0,319
01/30/2022,SAT,TX,ASW,CE,Combined TRACON& Tower with Radar,187,39,72,4,302,0,11,56,5,72,187,50,128,9,374,0,0,0,374
01/31/2022,SAT,TX,ASW,CE,Combined TRACON& Tower with Radar,212,44,57,4,317,0,1,2,2,5,212,45,59,6,322,0,0,0,322
02/01/2022,SAT,TX,ASW,CE,Combined TRACON& Tower with Radar,207,49,108,7,371,0,6,35,0,41,207,55,143,7,412,0,0,0,412
02/02/2022,SAT,TX,ASW,CE,Combined TRACON& Tower with Radar,197,60,99,5,361,0,0,0,0,0,197,60,99,5,361,0,0,0,361
02/03/2022,SAT,TX,ASW,CE,Combined TRACON& Tower with Radar,78,18,20,0,116,0,0,1,0,1,78,18,21,0,117,0,0,0,117
02/04/2022,SAT,TX,ASW,CE,Combined TRACON& Tower with Radar,173,60,104,8,345,0,5,31,1,37,173,65,135,9,382,0,0,0,382
02/05/2022,SAT,TX,ASW,CE,Combined TRACON& Tower with Radar,149,29,61,13,252,0,13,43,2,58,149,42,104,15,310,0,0,0,310
02/06/2022,SAT,TX,ASW,CE,Combined TRACON& Tower with Radar,196,24,63,14,297,0,5,39,2,46,196,29,102,16,343,0,0,0,343
02/07/2022,SAT,TX,ASW,CE,Combined TRACON& Tower with Radar,216,45,85,3,349,0,9,56,3,68,216,54,141,6,417,0,0,0,417
02/08/2022,SAT,TX,ASW,CE,Combined TRACON& Tower with Radar,210,46,92,9,357,0,5,66,2,73,210,51,158,11,430,0,0,0,430
02/09/2022,SAT,TX,ASW,CE,Combined TRACON& Tower with Radar,205,63,118,6,392,0,11,69,4,84,205,74,187,10,476,0,0,0,476
02/10/2022,SAT,TX,ASW,CE,Combined TRACON& Tower with Radar,227,54,115,4,400,0,13,94,3,110,227,67,209,7,510,0,0,0,510
02/11/2022,SAT,TX,ASW,CE,Combined TRACON& Tower with Radar,221,54,113,17,405,0,10,66,5,81,221,64,179,22,486,0,0,0,486
02/12/2022,SAT,TX,ASW,CE,Combined TRACON& Tower with Radar,176,33,39,23,271,0,6,14,3,23,176,39,53,26,294,0,0,0,294
02/13/2022,SAT,TX,ASW,CE,Combined TRACON& Tower with Radar,189,24,66,8,287,0,4,56,1,61,189,28,122,9,348,0,0,0,348
02/14/2022,SAT,TX,ASW,CE,Combined TRACON& Tower with Radar,216,46,63,1,326,0,3,71,3,77,216,49,134,4,403,0,0,0,403
02/15/2022,SAT,TX,ASW,CE,Combined TRACON& Tower with Radar,209,62,118,5,394,0,6,63,0,69,209,68,181,5,463,0,0,0,463
02/16/2022,SAT,TX,ASW,CE,Combined TRACON& Tower with Radar,211,58,129,10,408,0,2,34,3,39,211,60,163,13,447,0,0,0,447
02/17/2022,SAT,TX,ASW,CE,Combined TRACON& Tower with Radar,214,61,135,8,418,0,9,41,4,54,214,70,176,12,472,0,0,0,472
02/18/2022,SAT,TX,ASW,CE,Combined TRACON& Tower with Radar,232,72,99,15,418,0,1,85,8,94,232,73,184,23,512,0,0,0,512
02/19/2022,SAT,TX,ASW,CE,Combined TRACON& Tower with Radar,188,26,64,1,279,0,7,43,2,52,188,33,107,3,331,0,0,0,331
02/20/2022,SAT,TX,ASW,CE,Combined TRACON& Tower with Radar,197,34,95,10,336,0,10,33,2,45,197,44,128,12,381,0,0,0,381
02/21/2022,SAT,TX,ASW,CE,Combined TRACON& Tower with Radar,209,50,117,8,384,0,4,33,1,38,209,54,150,9,422,0,0,0,422
02/22/2022,SAT,TX,ASW,CE,Combined TRACON& Tower with Radar,213,61,129,19,422,0,5,60,0,65,213,66,189,19,487,0,0,0,487
02/23/2022,SAT,TX,ASW,CE,Combined TRACON& Tower with Radar,206,55,129,6,396,0,1,2,1,4,206,56,131,7,400,0,0,0,400
02/24/2022,SAT,TX,ASW,CE,Combined TRACON& Tower with Radar,182,61,97,8,348,0,0,0,0,0,182,61,97,8,348,0,0,0,348
02/25/2022,SAT,TX,ASW,CE,Combined TRACON& Tower with Radar,224,66,127,3,420,0,2,21,3,26,224,68,148,6,446,0,0,0,446
02/26/2022,SAT,TX,ASW,CE,Combined TRACON& Tower with Radar,180,41,50,3,274,0,0,1,0,1,180,41,51,3,275,0,0,0,275
02/27/2022,SAT,TX,ASW,CE,Combined TRACON& Tower with Radar,199,38,105,4,346,0,4,38,1,43,199,42,143,5,389,0,0,0,389
02/28/2022,SAT,TX,ASW,CE,Combined TRACON& Tower with Radar,218,34,88,5,345,0,8,76,3,87,218,42,164,8,432,0,0,0,432
03/01/2022,SAT,TX,ASW,CE,Combined TRACON& Tower with Radar,216,48,81,11,356,0,3,65,0,68,216,51,146,11,424,0,0,0,424
03/02/2022,SAT,TX,ASW,CE,Combined TRACON& Tower with Radar,224,51,122,15,412,0,4,54,2,60,224,55,176,17,472,0,0,0,472
03/03/2022,SAT,TX,ASW,CE,Combined TRACON& Tower with Radar,232,54,128,1,415,0,11,54,2,67,232,65,182,3,482,0,0,0,482
03/04/2022,SAT,TX,ASW,CE,Combined TRACON& Tower with Radar,236,45,114,18,413,0,9,40,1,50,236,54,154,19,463,0,0,0,463
03/05/2022,SAT,TX,ASW,CE,Combined TRACON& Tower with Radar,167,54,83,20,324,0,5,24,4,33,167,59,107,24,357,0,0,0,357
03/06/2022,SAT,TX,ASW,CE,Combined TRACON& Tower with Radar,212,37,67,11,327,0,3,6,0,9,212,40,73,11,336,0,0,0,336
03/07/2022,SAT,TX,ASW,CE,Combined TRACON& Tower with Radar,218,43,121,0,382,0,2,43,2,47,218,45,164,2,429,0,0,0,429
03/08/2022,SAT,TX,ASW,CE,Combined TRACON& Tower with Radar,209,62,93,10,374,0,3,31,1,35,209,65,124,11,409,0,0,0,409
03/09/2022,SAT,TX,ASW,CE,Combined TRACON& Tower with Radar,210,57,138,7,412,0,13,77,1,91,210,70,215,8,503,0,0,0,503
03/10/2022,SAT,TX,ASW,CE,Combined TRACON& Tower with Radar,232,65,106,11,414,0,7,83,4,94,232,72,189,15,508,0,0,0,508
03/11/2022,SAT,TX,ASW,CE,Combined TRACON& Tower with Radar,221,53,91,13,378,0,3,13,1,17,221,56,104,14,395,0,0,0,395
03/12/2022,SAT,TX,ASW,CE,Combined TRACON& Tower with Radar,182,39,104,28,353,0,6,65,3,74,182,45,169,31,427,0,0,0,427
03/13/2022,SAT,TX,ASW,CE,Combined TRACON& Tower with Radar,213,46,101,11,371,0,7,48,4,59,213,53,149,15,430,0,0,0,430
03/14/2022,SAT,TX,ASW,CE,Combined TRACON& Tower with Radar,230,33,109,17,389,0,7,40,6,53,230,40,149,23,442,0,0,0,442
03/15/2022,SAT,TX,ASW,CE,Combined TRACON& Tower with Radar,223,40,112,6,381,0,9,49,4,62,223,49,161,10,443,0,0,0,443
03/16/2022,SAT,TX,ASW,CE,Combined TRACON& Tower with Radar,223,45,110,8,386,0,9,80,5,94,223,54,190,13,480,0,0,0,480
03/17/2022,SAT,TX,ASW,CE,Combined TRACON& Tower with Radar,231,63,113,15,422,0,3,40,1,44,231,66,153,16,466,0,0,0,466
03/18/2022,SAT,TX,ASW,CE,Combined TRACON& Tower with Radar,241,47,107,16,411,0,2,52,1,55,241,49,159,17,466,0,0,0,466
03/19/2022,SAT,TX,ASW,CE,Combined TRACON& Tower with Radar,191,37,68,7,303,0,7,50,5,62,191,44,118,12,365,0,0,0,365
03/20/2022,SAT,TX,ASW,CE,Combined TRACON& Tower with Radar,215,40,99,12,366,0,10,44,0,54,215,50,143,12,420,0,0,0,420
03/21/2022,SAT,TX,ASW,CE,Combined TRACON& Tower with Radar,234,53,80,8,375,0,3,13,0,16,234,56,93,8,391,0,0,0,391
03/22/2022,SAT,TX,ASW,CE,Combined TRACON& Tower with Radar,215,60,91,7,373,0,6,53,0,59,215,66,144,7,432,0,0,0,432
03/23/2022,SAT,TX,ASW,CE,Combined TRACON& Tower with Radar,214,45,120,5,384,0,3,71,2,76,214,48,191,7,460,0,0,0,460
03/24/2022,SAT,TX,ASW,CE,Combined TRACON& Tower with Radar,235,83,139,3,460,0,11,67,2,80,235,94,206,5,540,0,0,0,540
03/25/2022,SAT,TX,ASW,CE,Combined TRACON& Tower with Radar,236,63,135,9,443,0,2,59,3,64,236,65,194,12,507,0,0,0,507
03/26/2022,SAT,TX,ASW,CE,Combined TRACON& Tower with Radar,182,45,90,2,319,0,4,34,2,40,182,49,124,4,359,0,0,0,359
03/27/2022,SAT,TX,ASW,CE,Combined TRACON& Tower with Radar,217,52,98,0,367,0,6,60,1,67,217,58,158,1,434,0,0,0,434
03/28/2022,SAT,TX,ASW,CE,Combined TRACON& Tower with Radar,224,43,88,11,366,0,3,45,5,53,224,46,133,16,419,0,0,0,419
03/29/2022,SAT,TX,ASW,CE,Combined TRACON& Tower with Radar,214,54,150,1,419,0,4,27,0,31,214,58,177,1,450,0,0,0,450
03/30/2022,SAT,TX,ASW,CE,Combined TRACON& Tower with Radar,242,64,103,7,416,0,2,29,3,34,242,66,132,10,450,0,0,0,450
03/31/2022,SAT,TX,ASW,CE,Combined TRACON& Tower with Radar,233,52,125,4,414,0,2,63,2,67,233,54,188,6,481,0,0,0,481
04/01/2022,SAT,TX,ASW,CE,Combined TRACON& Tower with Radar,232,56,90,12,390,0,2,79,5,86,232,58,169,17,476,0,0,0,476
04/02/2022,SAT,TX,ASW,CE,Combined TRACON& Tower with Radar,173,37,59,23,292,0,6,28,4,38,173,43,87,27,330,4,0,4,334
04/03/2022,SAT,TX,ASW,CE,Combined TRACON& Tower with Radar,220,52,93,12,377,0,7,25,1,33,220,59,118,13,410,2,0,2,412
04/04/2022,SAT,TX,ASW,CE,Combined TRACON& Tower with Radar,234,45,126,4,409,0,2,13,7,22,234,47,139,11,431,0,0,0,431
04/05/2022,SAT,TX,ASW,CE,Combined TRACON& Tower with Radar,237,66,120,7,430,0,3,52,1,56,237,69,172,8,486,0,0,0,486
04/06/2022,SAT,TX,ASW,CE,Combined TRACON& Tower with Radar,229,53,124,4,410,0,2,45,1,48,229,55,169,5,458,0,0,0,458
04/07/2022,SAT,TX,ASW,CE,Combined TRACON& Tower with Radar,236,84,125,12,457,0,3,64,2,69,236,87,189,14,526,0,0,0,526
04/08/2022,SAT,TX,ASW,CE,Combined TRACON& Tower with Radar,231,76,125,2,434,0,5,83,1,89,231,81,208,3,523,0,0,0,523
04/09/2022,SAT,TX,ASW,CE,Combined TRACON& Tower with Radar,180,50,82,11,323,0,3,58,1,62,180,53,140,12,385,0,0,0,385
04/10/2022,SAT,TX,ASW,CE,Combined TRACON& Tower with Radar,207,31,110,5,353,0,12,29,2,43,207,43,139,7,396,0,0,0,396
04/11/2022,SAT,TX,ASW,CE,Combined TRACON& Tower with Radar,230,37,96,4,367,0,4,25,1,30,230,41,121,5,397,0,0,0,397
04/12/2022,SAT,TX,ASW,CE,Combined TRACON& Tower with Radar,234,40,117,8,399,0,1,22,2,25,234,41,139,10,424,0,0,0,424
04/13/2022,SAT,TX,ASW,CE,Combined TRACON& Tower with Radar,234,57,106,14,411,0,8,43,2,53,234,65,149,16,464,0,0,0,464
04/14/2022,SAT,TX,ASW,CE,Combined TRACON& Tower with Radar,236,51,111,9,407,0,9,77,5,91,236,60,188,14,498,0,0,0,498
04/15/2022,SAT,TX,ASW,CE,Combined TRACON& Tower with Radar,231,48,83,8,370,0,3,24,0,27,231,51,107,8,397,0,0,0,397
04/16/2022,SAT,TX,ASW,CE,Combined TRACON& Tower with Radar,186,26,52,21,285,0,6,25,3,34,186,32,77,24,319,0,0,0,319
04/17/2022,SAT,TX,ASW,CE,Combined TRACON& Tower with Radar,215,35,64,11,325,0,4,18,0,22,215,39,82,11,347,0,0,0,347
04/18/2022,SAT,TX,ASW,CE,Combined TRACON& Tower with Radar,218,53,100,9,380,0,11,44,6,61,218,64,144,15,441,0,0,0,441
04/19/2022,SAT,TX,ASW,CE,Combined TRACON& Tower with Radar,235,65,131,7,438,0,1,25,0,26,235,66,156,7,464,0,0,0,464
04/20/2022,SAT,TX,ASW,CE,Combined TRACON& Tower with Radar,229,66,156,10,461,0,11,49,0,60,229,77,205,10,521,0,0,0,521
04/21/2022,SAT,TX,ASW,CE,Combined TRACON& Tower with Radar,237,61,162,16,476,0,4,18,0,22,237,65,180,16,498,0,0,0,498
04/22/2022,SAT,TX,ASW,CE,Combined TRACON& Tower with Radar,236,60,103,14,413,0,9,26,2,37,236,69,129,16,450,0,0,0,450
04/23/2022,SAT,TX,ASW,CE,Combined TRACON& Tower with Radar,191,35,85,11,322,0,10,14,6,30,191,45,99,17,352,0,0,0,352
04/24/2022,SAT,TX,ASW,CE,Combined TRACON& Tower with Radar,236,67,111,8,422,0,5,25,3,33,236,72,136,11,455,0,0,0,455
04/25/2022,SAT,TX,ASW,CE,Combined TRACON& Tower with Radar,246,49,77,0,372,0,0,6,1,7,246,49,83,1,379,0,0,0,379
04/26/2022,SAT,TX,ASW,CE,Combined TRACON& Tower with Radar,239,44,91,6,380,0,4,31,0,35,239,48,122,6,415,0,0,0,415
04/27/2022,SAT,TX,ASW,CE,Combined TRACON& Tower with Radar,240,60,147,10,457,0,5,57,3,65,240,65,204,13,522,0,0,0,522
04/28/2022,SAT,TX,ASW,CE,Combined TRACON& Tower with Radar,238,49,108,8,403,0,6,27,0,33,238,55,135,8,436,0,0,0,436
04/29/2022,SAT,TX,ASW,CE,Combined TRACON& Tower with Radar,236,57,115,11,419,0,5,40,1,46,236,62,155,12,465,0,0,0,465
04/30/2022,SAT,TX,ASW,CE,Combined TRACON& Tower with Radar,181,31,48,1,261,0,2,12,2,16,181,33,60,3,277,0,0,0,277
05/01/2022,SAT,TX,ASW,CE,Combined TRACON& Tower with Radar,208,42,81,9,340,0,3,28,4,35,208,45,109,13,375,0,0,0,375
05/02/2022,SAT,TX,ASW,CE,Combined TRACON& Tower with Radar,224,45,124,9,402,0,2,24,0,26,224,47,148,9,428,0,0,0,428
05/03/2022,SAT,TX,ASW,CE,Combined TRACON& Tower with Radar,236,53,119,11,419,0,5,28,2,35,236,58,147,13,454,0,0,0,454
05/04/2022,SAT,TX,ASW,CE,Combined TRACON& Tower with Radar,228,60,95,11,394,0,4,31,2,37,228,64,126,13,431,0,0,0,431
05/05/2022,SAT,TX,ASW,CE,Combined TRACON& Tower with Radar,258,52,117,5,432,0,2,18,1,21,258,54,135,6,453,0,0,0,453
05/06/2022,SAT,TX,ASW,CE,Combined TRACON& Tower with Radar,240,60,123,13,436,0,7,57,1,65,240,67,180,14,501,0,0,0,501
05/07/2022,SAT,TX,ASW,CE,Combined TRACON& Tower with Radar,178,40,61,1,280,0,3,46,1,50,178,43,107,2,330,0,0,0,330
05/08/2022,SAT,TX,ASW,CE,Combined TRACON& Tower with Radar,219,31,76,11,337,0,7,34,4,45,219,38,110,15,382,0,0,0,382
05/09/2022,SAT,TX,ASW,CE,Combined TRACON& Tower with Radar,231,53,95,5,384,0,3,38,3,44,231,56,133,8,428,0,0,0,428
05/10/2022,SAT,TX,ASW,CE,Combined TRACON& Tower with Radar,232,44,92,14,382,0,2,35,2,39,232,46,127,16,421,0,0,0,421
05/11/2022,SAT,TX,ASW,CE,Combined TRACON& Tower with Radar,242,50,80,11,383,0,8,39,2,49,242,58,119,13,432,0,0,0,432
05/12/2022,SAT,TX,ASW,CE,Combined TRACON& Tower with Radar,249,60,128,4,441,0,4,46,7,57,249,64,174,11,498,0,0,0,498
05/13/2022,SAT,TX,ASW,CE,Combined TRACON& Tower with Radar,248,51,112,2,413,0,4,53,9,66,248,55,165,11,479,0,0,0,479
05/14/2022,SAT,TX,ASW,CE,Combined TRACON& Tower with Radar,185,31,73,4,293,0,4,34,2,40,185,35,107,6,333,0,0,0,333
05/15/2022,SAT,TX,ASW,CE,Combined TRACON& Tower with Radar,212,35,87,3,337,0,7,50,2,59,212,42,137,5,396,0,0,0,396
05/16/2022,SAT,TX,ASW,CE,Combined TRACON& Tower with Radar,240,48,109,2,399,0,11,57,3,71,240,59,166,5,470,0,0,0,470
05/17/2022,SAT,TX,ASW,CE,Combined TRACON& Tower with Radar,242,61,123,5,431,0,9,68,1,78,242,70,191,6,509,0,0,0,509
05/18/2022,SAT,TX,ASW,CE,Combined TRACON& Tower with Radar,238,53,98,13,402,0,19,47,0,66,238,72,145,13,468,0,0,0,468
05/19/2022,SAT,TX,ASW,CE,Combined TRACON& Tower with Radar,243,57,105,10,415,0,3,33,1,37,243,60,138,11,452,0,0,0,452
05/20/2022,SAT,TX,ASW,CE,Combined TRACON& Tower with Radar,235,66,113,10,424,0,4,32,1,37,235,70,145,11,461,0,0,0,461
05/21/2022,SAT,TX,ASW,CE,Combined TRACON& Tower with Radar,174,18,54,10,256,0,5,28,0,33,174,23,82,10,289,0,0,0,289
05/22/2022,SAT,TX,ASW,CE,Combined TRACON& Tower with Radar,221,31,85,11,348,0,6,26,1,33,221,37,111,12,381,0,0,0,381
05/23/2022,SAT,TX,ASW,CE,Combined TRACON& Tower with Radar,241,38,83,2,364,0,4,18,0,22,241,42,101,2,386,0,0,0,386
05/24/2022,SAT,TX,ASW,CE,Combined TRACON& Tower with Radar,241,47,105,8,401,0,12,43,3,58,241,59,148,11,459,0,0,0,459
05/25/2022,SAT,TX,ASW,CE,Combined TRACON& Tower with Radar,238,52,97,7,394,0,1,42,0,43,238,53,139,7,437,0,0,0,437
05/26/2022,SAT,TX,ASW,CE,Combined TRACON& Tower with Radar,245,66,107,4,422,0,5,72,3,80,245,71,179,7,502,0,0,0,502
05/27/2022,SAT,TX,ASW,CE,Combined TRACON& Tower with Radar,252,52,101,7,412,0,14,61,1,76,252,66,162,8,488,0,0,0,488
05/28/2022,SAT,TX,ASW,CE,Combined TRACON& Tower with Radar,172,24,65,0,261,0,10,35,2,47,172,34,100,2,308,0,0,0,308
05/29/2022,SAT,TX,ASW,CE,Combined TRACON& Tower with Radar,215,31,50,0,296,0,3,14,2,19,215,34,64,2,315,0,0,0,315
05/30/2022,SAT,TX,ASW,CE,Combined TRACON& Tower with Radar,221,32,71,3,327,0,10,44,2,56,221,42,115,5,383,0,0,0,383
05/31/2022,SAT,TX,ASW,CE,Combined TRACON& Tower with Radar,234,60,98,12,404,0,1,49,4,54,234,61,147,16,458,0,0,0,458
06/01/2022,SAT,TX,ASW,CE,Combined TRACON& Tower with Radar,252,47,96,6,401,0,3,33,2,38,252,50,129,8,439,0,0,0,439
06/02/2022,SAT,TX,ASW,CE,Combined TRACON& Tower with Radar,241,55,105,10,411,0,3,60,1,64,241,58,165,11,475,0,0,0,475
06/03/2022,SAT,TX,ASW,CE,Combined TRACON& Tower with Radar,245,57,81,5,388,0,7,57,3,67,245,64,138,8,455,0,0,0,455
06/04/2022,SAT,TX,ASW,CE,Combined TRACON& Tower with Radar,185,30,48,11,274,0,4,40,0,44,185,34,88,11,318,0,0,0,318
06/05/2022,SAT,TX,ASW,CE,Combined TRACON& Tower with Radar,234,35,96,12,377,0,4,44,1,49,234,39,140,13,426,0,0,0,426
06/06/2022,SAT,TX,ASW,CE,Combined TRACON& Tower with Radar,234,38,91,12,375,0,5,28,4,37,234,43,119,16,412,0,0,0,412
06/07/2022,SAT,TX,ASW,CE,Combined TRACON& Tower with Radar,246,59,98,7,410,0,7,45,0,52,246,66,143,7,462,0,0,0,462
06/08/2022,SAT,TX,ASW,CE,Combined TRACON& Tower with Radar,241,51,114,3,409,0,4,57,2,63,241,55,171,5,472,0,0,0,472
06/09/2022,SAT,TX,ASW,CE,Combined TRACON& Tower with Radar,248,49,135,1,433,0,2,72,3,77,248,51,207,4,510,0,0,0,510
06/10/2022,SAT,TX,ASW,CE,Combined TRACON& Tower with Radar,257,44,113,10,424,0,3,35,4,42,257,47,148,14,466,0,0,0,466
06/11/2022,SAT,TX,ASW,CE,Combined TRACON& Tower with Radar,206,47,62,9,324,0,4,43,0,47,206,51,105,9,371,0,0,0,371
06/12/2022,SAT,TX,ASW,CE,Combined TRACON& Tower with Radar,235,39,76,13,363,0,2,38,5,45,235,41,114,18,408,0,0,0,408
06/13/2022,SAT,TX,ASW,CE,Combined TRACON& Tower with Radar,240,33,92,8,373,0,4,34,1,39,240,37,126,9,412,0,0,0,412
06/14/2022,SAT,TX,ASW,CE,Combined TRACON& Tower with Radar,249,48,85,10,392,0,15,23,4,42,249,63,108,14,434,0,0,0,434
06/15/2022,SAT,TX,ASW,CE,Combined TRACON& Tower with Radar,242,44,111,9,406,0,10,33,6,49,242,54,144,15,455,0,0,0,455
06/16/2022,SAT,TX,ASW,CE,Combined TRACON& Tower with Radar,253,70,129,6,458,0,8,52,2,62,253,78,181,8,520,0,0,0,520
06/17/2022,SAT,TX,ASW,CE,Combined TRACON& Tower with Radar,258,66,83,5,412,0,7,46,0,53,258,73,129,5,465,0,0,0,465
06/18/2022,SAT,TX,ASW,CE,Combined TRACON& Tower with Radar,199,29,65,3,296,0,4,49,1,54,199,33,114,4,350,0,0,0,350
06/19/2022,SAT,TX,ASW,CE,Combined TRACON& Tower with Radar,242,35,48,2,327,0,7,33,3,43,242,42,81,5,370,0,0,0,370
06/20/2022,SAT,TX,ASW,CE,Combined TRACON& Tower with Radar,243,37,94,6,380,0,2,50,0,52,243,39,144,6,432,0,0,0,432
06/21/2022,SAT,TX,ASW,CE,Combined TRACON& Tower with Radar,247,53,94,7,401,0,7,64,1,72,247,60,158,8,473,0,0,0,473
06/22/2022,SAT,TX,ASW,CE,Combined TRACON& Tower with Radar,250,58,96,4,408,0,4,44,3,51,250,62,140,7,459,0,0,0,459
06/23/2022,SAT,TX,ASW,CE,Combined TRACON& Tower with Radar,257,59,98,11,425,0,6,68,2,76,257,65,166,13,501,0,0,0,501
06/24/2022,SAT,TX,ASW,CE,Combined TRACON& Tower with Radar,259,51,103,6,419,0,9,67,5,81,259,60,170,11,500,0,0,0,500
06/25/2022,SAT,TX,ASW,CE,Combined TRACON& Tower with Radar,212,35,52,4,303,0,3,29,5,37,212,38,81,9,340,5,0,5,345
06/26/2022,SAT,TX,ASW,CE,Combined TRACON& Tower with Radar,232,28,71,16,347,0,2,38,9,49,232,30,109,25,396,2,0,2,398
06/27/2022,SAT,TX,ASW,CE,Combined TRACON& Tower with Radar,243,36,94,6,379,0,5,25,1,31,243,41,119,7,410,0,0,0,410
06/28/2022,SAT,TX,ASW,CE,Combined TRACON& Tower with Radar,249,59,104,7,419,0,3,14,2,19,249,62,118,9,438,0,0,0,438
06/29/2022,SAT,TX,ASW,CE,Combined TRACON& Tower with Radar,254,68,92,15,429,0,9,66,1,76,254,77,158,16,505,0,0,0,505
06/30/2022,SAT,TX,ASW,CE,Combined TRACON& Tower with Radar,261,63,104,5,433,0,12,68,6,86,261,75,172,11,519,0,0,0,519
07/01/2022,SAT,TX,ASW,CE,Combined TRACON& Tower with Radar,255,47,78,4,384,0,2,51,0,53,255,49,129,4,437,0,0,0,437
07/02/2022,SAT,TX,ASW,CE,Combined TRACON& Tower with Radar,203,35,48,2,288,0,2,18,0,20,203,37,66,2,308,0,0,0,308
07/03/2022,SAT,TX,ASW,CE,Combined TRACON& Tower with Radar,216,23,37,5,281,0,3,14,1,18,216,26,51,6,299,0,0,0,299
07/04/2022,SAT,TX,ASW,CE,Combined TRACON& Tower with Radar,218,10,42,0,270,0,5,25,4,34,218,15,67,4,304,0,0,0,304
07/05/2022,SAT,TX,ASW,CE,Combined TRACON& Tower with Radar,233,45,75,9,362,0,8,43,3,54,233,53,118,12,416,0,0,0,416
07/06/2022,SAT,TX,ASW,CE,Combined TRACON& Tower with Radar,240,44,76,5,365,0,6,47,1,54,240,50,123,6,419,0,0,0,419
07/07/2022,SAT,TX,ASW,CE,Combined TRACON& Tower with Radar,253,50,75,5,383,0,10,61,1,72,253,60,136,6,455,0,0,0,455
07/08/2022,SAT,TX,ASW,CE,Combined TRACON& Tower with Radar,246,44,77,42,409,0,5,65,0,70,246,49,142,42,479,22,1,23,502
07/09/2022,SAT,TX,ASW,CE,Combined TRACON& Tower with Radar,203,31,40,8,282,0,6,46,0,52,203,37,86,8,334,0,0,0,334
07/10/2022,SAT,TX,ASW,CE,Combined TRACON& Tower with Radar,232,32,86,6,356,0,2,57,5,64,232,34,143,11,420,0,0,0,420
07/11/2022,SAT,TX,ASW,CE,Combined TRACON& Tower with Radar,247,53,83,10,393,0,0,43,3,46,247,53,126,13,439,0,0,0,439
07/12/2022,SAT,TX,ASW,CE,Combined TRACON& Tower with Radar,237,42,66,14,359,0,2,47,3,52,237,44,113,17,411,0,0,0,411
07/13/2022,SAT,TX,ASW,CE,Combined TRACON& Tower with Radar,243,69,93,17,422,0,6,54,4,64,243,75,147,21,486,0,0,0,486
07/14/2022,SAT,TX,ASW,CE,Combined TRACON& Tower with Radar,264,58,85,8,415,0,6,48,1,55,264,64,133,9,470,0,0,0,470
07/15/2022,SAT,TX,ASW,CE,Combined TRACON& Tower with Radar,257,48,86,19,410,0,3,58,0,61,257,51,144,19,471,0,0,0,471
07/16/2022,SAT,TX,ASW,CE,Combined TRACON& Tower with Radar,209,24,85,6,324,0,0,22,2,24,209,24,107,8,348,0,0,0,348
07/17/2022,SAT,TX,ASW,CE,Combined TRACON& Tower with Radar,230,22,70,8,330,0,2,42,1,45,230,24,112,9,375,0,0,0,375
07/18/2022,SAT,TX,ASW,CE,Combined TRACON& Tower with Radar,229,31,78,0,338,0,6,53,1,60,229,37,131,1,398,0,0,0,398
07/19/2022,SAT,TX,ASW,CE,Combined TRACON& Tower with Radar,240,42,92,12,386,0,5,61,1,67,240,47,153,13,453,0,0,0,453
07/20/2022,SAT,TX,ASW,CE,Combined TRACON& Tower with Radar,244,45,85,10,384,0,5,39,3,47,244,50,124,13,431,0,0,0,431
07/21/2022,SAT,TX,ASW,CE,Combined TRACON& Tower with Radar,261,51,111,12,435,0,4,44,1,49,261,55,155,13,484,0,0,0,484
07/22/2022,SAT,TX,ASW,CE,Combined TRACON& Tower with Radar,260,51,81,14,406,0,10,31,1,42,260,61,112,15,448,0,0,0,448
07/23/2022,SAT,TX,ASW,CE,Combined TRACON& Tower with Radar,201,35,41,6,283,0,4,34,2,40,201,39,75,8,323,0,0,0,323
07/24/2022,SAT,TX,ASW,CE,Combined TRACON& Tower with Radar,233,27,57,8,325,0,1,41,4,46,233,28,98,12,371,0,0,0,371
07/25/2022,SAT,TX,ASW,CE,Combined TRACON& Tower with Radar,228,30,53,6,317,0,1,37,3,41,228,31,90,9,358,0,0,0,358
07/26/2022,SAT,TX,ASW,CE,Combined TRACON& Tower with Radar,245,53,79,10,387,0,3,42,5,50,245,56,121,15,437,0,0,0,437
07/27/2022,SAT,TX,ASW,CE,Combined TRACON& Tower with Radar,247,51,73,3,374,0,6,49,1,56,247,57,122,4,430,0,0,0,430
07/28/2022,SAT,TX,ASW,CE,Combined TRACON& Tower with Radar,252,58,94,13,417,0,1,52,1,54,252,59,146,14,471,0,0,0,471
07/29/2022,SAT,TX,ASW,CE,Combined TRACON& Tower with Radar,259,56,81,10,406,0,6,43,4,53,259,62,124,14,459,0,0,0,459
07/30/2022,SAT,TX,ASW,CE,Combined TRACON& Tower with Radar,203,28,56,12,299,0,5,33,2,40,203,33,89,14,339,0,0,0,339
07/31/2022,SAT,TX,ASW,CE,Combined TRACON& Tower with Radar,225,31,80,19,355,0,9,40,5,54,225,40,120,24,409,0,0,0,409
08/01/2022,SAT,TX,ASW,CE,Combined TRACON& Tower with Radar,247,49,80,7,383,0,1,43,5,49,247,50,123,12,432,0,0,0,432
08/02/2022,SAT,TX,ASW,CE,Combined TRACON& Tower with Radar,249,54,79,6,388,0,1,36,7,44,249,55,115,13,432,0,0,0,432
08/03/2022,SAT,TX,ASW,CE,Combined TRACON& Tower with Radar,234,50,69,4,357,0,13,48,2,63,234,63,117,6,420,0,0,0,420
08/04/2022,SAT,TX,ASW,CE,Combined TRACON& Tower with Radar,251,62,100,5,418,0,11,34,5,50,251,73,134,10,468,0,0,0,468
08/05/2022,SAT,TX,ASW,CE,Combined TRACON& Tower with Radar,247,43,97,17,404,0,6,42,5,53,247,49,139,22,457,0,0,0,457
08/06/2022,SAT,TX,ASW,CE,Combined TRACON& Tower with Radar,205,41,61,10,317,0,4,22,8,34,205,45,83,18,351,0,0,0,351
08/07/2022,SAT,TX,ASW,CE,Combined TRACON& Tower with Radar,226,35,72,8,341,0,2,22,2,26,226,37,94,10,367,0,0,0,367
08/08/2022,SAT,TX,ASW,CE,Combined TRACON& Tower with Radar,240,36,85,4,365,0,6,27,4,37,240,42,112,8,402,0,0,0,402
08/09/2022,SAT,TX,ASW,CE,Combined TRACON& Tower with Radar,256,39,88,11,394,0,7,52,0,59,256,46,140,11,453,0,0,0,453
08/10/2022,SAT,TX,ASW,CE,Combined TRACON& Tower with Radar,285,51,106,7,449,0,6,67,3,76,285,57,173,10,525,0,0,0,525
08/11/2022,SAT,TX,ASW,CE,Combined TRACON& Tower with Radar,255,51,115,2,423,0,2,33,1,36,255,53,148,3,459,0,0,0,459
08/12/2022,SAT,TX,ASW,CE,Combined TRACON& Tower with Radar,243,49,94,13,399,0,8,54,2,64,243,57,148,15,463,0,0,0,463
08/13/2022,SAT,TX,ASW,CE,Combined TRACON& Tower with Radar,205,24,61,8,298,0,9,33,1,43,205,33,94,9,341,12,0,12,353
08/14/2022,SAT,TX,ASW,CE,Combined TRACON& Tower with Radar,240,32,78,4,354,0,6,16,2,24,240,38,94,6,378,0,0,0,378
08/15/2022,SAT,TX,ASW,CE,Combined TRACON& Tower with Radar,242,38,94,8,382,0,1,20,1,22,242,39,114,9,404,0,0,0,404
08/16/2022,SAT,TX,ASW,CE,Combined TRACON& Tower with Radar,254,53,102,18,427,0,5,42,2,49,254,58,144,20,476,0,0,0,476
08/17/2022,SAT,TX,ASW,CE,Combined TRACON& Tower with Radar,246,37,110,13,406,0,7,46,3,56,246,44,156,16,462,0,0,0,462
08/18/2022,SAT,TX,ASW,CE,Combined TRACON& Tower with Radar,273,54,102,7,436,0,8,79,3,90,273,62,181,10,526,0,0,0,526
08/19/2022,SAT,TX,ASW,CE,Combined TRACON& Tower with Radar,255,36,92,12,395,0,5,34,1,40,255,41,126,13,435,0,0,0,435
08/20/2022,SAT,TX,ASW,CE,Combined TRACON& Tower with Radar,206,24,63,4,297,0,4,34,1,39,206,28,97,5,336,0,0,0,336
08/21/2022,SAT,TX,ASW,CE,Combined TRACON& Tower with Radar,239,40,63,10,352,0,6,15,3,24,239,46,78,13,376,0,0,0,376
08/22/2022,SAT,TX,ASW,CE,Combined TRACON& Tower with Radar,238,46,96,9,389,0,4,15,0,19,238,50,111,9,408,0,0,0,408
08/23/2022,SAT,TX,ASW,CE,Combined TRACON& Tower with Radar,255,53,91,14,413,0,0,16,0,16,255,53,107,14,429,0,0,0,429
08/24/2022,SAT,TX,ASW,CE,Combined TRACON& Tower with Radar,249,55,99,5,408,0,6,29,0,35,249,61,128,5,443,0,0,0,443
08/25/2022,SAT,TX,ASW,CE,Combined TRACON& Tower with Radar,253,56,117,15,441,0,5,38,1,44,253,61,155,16,485,0,0,0,485
08/26/2022,SAT,TX,ASW,CE,Combined TRACON& Tower with Radar,249,45,87,14,395,0,6,40,5,51,249,51,127,19,446,0,0,0,446
08/27/2022,SAT,TX,ASW,CE,Combined TRACON& Tower with Radar,207,22,78,14,321,0,3,40,2,45,207,25,118,16,366,0,0,0,366
08/28/2022,SAT,TX,ASW,CE,Combined TRACON& Tower with Radar,228,35,62,7,332,0,2,19,6,27,228,37,81,13,359,0,0,0,359
08/29/2022,SAT,TX,ASW,CE,Combined TRACON& Tower with Radar,239,58,82,6,385,0,13,40,5,58,239,71,122,11,443,0,0,0,443
08/30/2022,SAT,TX,ASW,CE,Combined TRACON& Tower with Radar,249,45,80,6,380,0,3,11,0,14,249,48,91,6,394,0,0,0,394
08/31/2022,SAT,TX,ASW,CE,Combined TRACON& Tower with Radar,249,48,109,8,414,0,1,39,2,42,249,49,148,10,456,0,0,0,456
09/01/2022,SAT,TX,ASW,CE,Combined TRACON& Tower with Radar,255,40,97,8,400,0,3,28,1,32,255,43,125,9,432,0,0,0,432
09/02/2022,SAT,TX,ASW,CE,Combined TRACON& Tower with Radar,250,41,89,5,385,0,8,30,5,43,250,49,119,10,428,0,0,0,428
09/03/2022,SAT,TX,ASW,CE,Combined TRACON& Tower with Radar,208,22,46,2,278,0,3,6,0,9,208,25,52,2,287,0,0,0,287
09/04/2022,SAT,TX,ASW,CE,Combined TRACON& Tower with Radar,208,12,45,4,269,0,2,18,1,21,208,14,63,5,290,0,0,0,290
09/05/2022,SAT,TX,ASW,CE,Combined TRACON& Tower with Radar,223,43,82,5,353,0,5,38,6,49,223,48,120,11,402,0,0,0,402
09/06/2022,SAT,TX,ASW,CE,Combined TRACON& Tower with Radar,241,42,111,9,403,0,6,49,3,58,241,48,160,12,461,0,0,0,461
09/07/2022,SAT,TX,ASW,CE,Combined TRACON& Tower with Radar,255,59,115,12,441,0,11,42,1,54,255,70,157,13,495,0,0,0,495
09/08/2022,SAT,TX,ASW,CE,Combined TRACON& Tower with Radar,240,69,96,4,409,0,20,54,4,78,240,89,150,8,487,0,0,0,487
09/09/2022,SAT,TX,ASW,CE,Combined TRACON& Tower with Radar,243,59,123,13,438,0,3,56,6,65,243,62,179,19,503,0,0,0,503
09/10/2022,SAT,TX,ASW,CE,Combined TRACON& Tower with Radar,201,27,70,11,309,0,3,26,1,30,201,30,96,12,339,0,0,0,339
09/11/2022,SAT,TX,ASW,CE,Combined TRACON& Tower with Radar,225,31,82,4,342,0,4,45,4,53,225,35,127,8,395,0,0,0,395
09/12/2022,SAT,TX,ASW,CE,Combined TRACON& Tower with Radar,242,36,112,5,395,0,10,45,4,59,242,46,157,9,454,0,0,0,454
09/13/2022,SAT,TX,ASW,CE,Combined TRACON& Tower with Radar,242,54,91,5,392,0,6,60,1,67,242,60,151,6,459,0,0,0,459
09/14/2022,SAT,TX,ASW,CE,Combined TRACON& Tower with Radar,239,59,114,5,417,0,9,59,0,68,239,68,173,5,485,0,0,0,485
09/15/2022,SAT,TX,ASW,CE,Combined TRACON& Tower with Radar,252,77,148,6,483,0,15,57,2,74,252,92,205,8,557,0,0,0,557
09/16/2022,SAT,TX,ASW,CE,Combined TRACON& Tower with Radar,248,63,107,22,440,0,10,48,1,59,248,73,155,23,499,0,2,2,501
09/17/2022,SAT,TX,ASW,CE,Combined TRACON& Tower with Radar,194,28,56,10,288,0,3,34,0,37,194,31,90,10,325,0,6,6,331
09/18/2022,SAT,TX,ASW,CE,Combined TRACON& Tower with Radar,223,44,108,5,380,0,5,50,2,57,223,49,158,7,437,0,0,0,437
09/19/2022,SAT,TX,ASW,CE,Combined TRACON& Tower with Radar,240,55,104,7,406,0,9,43,3,55,240,64,147,10,461,0,0,0,461
09/20/2022,SAT,TX,ASW,CE,Combined TRACON& Tower with Radar,246,50,127,7,430,0,11,57,3,71,246,61,184,10,501,0,0,0,501
09/21/2022,SAT,TX,ASW,CE,Combined TRACON& Tower with Radar,237,57,88,3,385,0,3,59,2,64,237,60,147,5,449,0,0,0,449
09/22/2022,SAT,TX,ASW,CE,Combined TRACON& Tower with Radar,250,54,124,5,433,0,12,74,1,87,250,66,198,6,520,0,0,0,520
09/23/2022,SAT,TX,ASW,CE,Combined TRACON& Tower with Radar,239,43,126,1,409,0,10,61,4,75,239,53,187,5,484,0,0,0,484
09/24/2022,SAT,TX,ASW,CE,Combined TRACON& Tower with Radar,202,22,66,1,291,0,13,49,4,66,202,35,115,5,357,0,0,0,357
09/25/2022,SAT,TX,ASW,CE,Combined TRACON& Tower with Radar,231,39,88,3,361,0,8,48,3,59,231,47,136,6,420,0,0,0,420
09/26/2022,SAT,TX,ASW,CE,Combined TRACON& Tower with Radar,247,31,82,2,362,0,10,52,0,62,247,41,134,2,424,0,0,0,424
09/27/2022,SAT,TX,ASW,CE,Combined TRACON& Tower with Radar,244,60,78,9,391,0,7,64,4,75,244,67,142,13,466,0,0,0,466
09/28/2022,SAT,TX,ASW,CE,Combined TRACON& Tower with Radar,238,58,93,6,395,0,13,58,7,78,238,71,151,13,473,0,0,0,473
09/29/2022,SAT,TX,ASW,CE,Combined TRACON& Tower with Radar,247,57,111,7,422,0,10,67,1,78,247,67,178,8,500,0,0,0,500
09/30/2022,SAT,TX,ASW,CE,Combined TRACON& Tower with Radar,244,42,106,3,395,0,14,63,1,78,244,56,169,4,473,0,0,0,473
10/01/2022,SAT,TX,ASW,CE,Combined TRACON& Tower with Radar,203,22,49,0,274,0,21,38,2,61,203,43,87,2,335,0,0,0,335
10/02/2022,SAT,TX,ASW,CE,Combined TRACON& Tower with Radar,224,33,88,1,346,0,4,58,2,64,224,37,146,3,410,0,0,0,410
10/03/2022,SAT,TX,ASW,CE,Combined TRACON& Tower with Radar,232,37,78,1,348,0,10,45,0,55,232,47,123,1,403,0,0,0,403
10/04/2022,SAT,TX,ASW,CE,Combined TRACON& Tower with Radar,243,52,96,19,410,0,11,53,1,65,243,63,149,20,475,0,0,0,475
10/05/2022,SAT,TX,ASW,CE,Combined TRACON& Tower with Radar,240,52,102,10,404,0,11,49,3,63,240,63,151,13,467,0,0,0,467
10/06/2022,SAT,TX,ASW,CE,Combined TRACON& Tower with Radar,254,58,123,5,440,0,14,67,1,82,254,72,190,6,522,0,0,0,522
10/07/2022,SAT,TX,ASW,CE,Combined TRACON& Tower with Radar,251,57,89,0,397,0,7,63,1,71,251,64,152,1,468,0,0,0,468
10/08/2022,SAT,TX,ASW,CE,Combined TRACON& Tower with Radar,213,30,65,2,310,0,9,58,3,70,213,39,123,5,380,0,0,0,380
10/09/2022,SAT,TX,ASW,CE,Combined TRACON& Tower with Radar,231,49,87,1,368,0,6,54,1,61,231,55,141,2,429,0,0,0,429
10/10/2022,SAT,TX,ASW,CE,Combined TRACON& Tower with Radar,239,45,96,5,385,0,5,59,4,68,239,50,155,9,453,0,0,0,453
10/11/2022,SAT,TX,ASW,CE,Combined TRACON& Tower with Radar,245,60,81,7,393,0,8,61,3,72,245,68,142,10,465,0,0,0,465
10/12/2022,SAT,TX,ASW,CE,Combined TRACON& Tower with Radar,248,58,120,5,431,0,6,53,4,63,248,64,173,9,494,0,0,0,494
10/13/2022,SAT,TX,ASW,CE,Combined TRACON& Tower with Radar,252,64,113,7,436,0,7,71,0,78,252,71,184,7,514,0,0,0,514
10/14/2022,SAT,TX,ASW,CE,Combined TRACON& Tower with Radar,250,59,114,10,433,0,11,44,2,57,250,70,158,12,490,0,0,0,490
10/15/2022,SAT,TX,ASW,CE,Combined TRACON& Tower with Radar,212,40,53,12,317,0,8,25,0,33,212,48,78,12,350,0,0,0,350
10/16/2022,SAT,TX,ASW,CE,Combined TRACON& Tower with Radar,225,38,97,11,371,0,2,40,0,42,225,40,137,11,413,0,0,0,413
10/17/2022,SAT,TX,ASW,CE,Combined TRACON& Tower with Radar,233,49,105,2,389,0,1,16,0,17,233,50,121,2,406,0,0,0,406
10/18/2022,SAT,TX,ASW,CE,Combined TRACON& Tower with Radar,243,63,68,10,384,0,6,48,3,57,243,69,116,13,441,0,0,0,441
10/19/2022,SAT,TX,ASW,CE,Combined TRACON& Tower with Radar,242,53,85,16,396,0,4,86,0,90,242,57,171,16,486,0,0,0,486
10/20/2022,SAT,TX,ASW,CE,Combined TRACON& Tower with Radar,266,75,121,11,473,0,7,91,4,102,266,82,212,15,575,0,0,0,575
10/21/2022,SAT,TX,ASW,CE,Combined TRACON& Tower with Radar,250,58,126,8,442,0,2,84,4,90,250,60,210,12,532,0,0,0,532
10/22/2022,SAT,TX,ASW,CE,Combined TRACON& Tower with Radar,214,33,61,7,315,0,0,37,1,38,214,33,98,8,353,0,0,0,353
10/23/2022,SAT,TX,ASW,CE,Combined TRACON& Tower with Radar,232,58,110,5,405,0,3,27,0,30,232,61,137,5,435,0,0,0,435
10/24/2022,SAT,TX,ASW,CE,Combined TRACON& Tower with Radar,251,40,95,3,389,0,1,31,0,32,251,41,126,3,421,0,0,0,421
10/25/2022,SAT,TX,ASW,CE,Combined TRACON& Tower with Radar,251,73,92,16,432,0,10,70,1,81,251,83,162,17,513,0,0,0,513
10/26/2022,SAT,TX,ASW,CE,Combined TRACON& Tower with Radar,246,67,125,16,454,0,6,72,5,83,246,73,197,21,537,0,0,0,537
10/27/2022,SAT,TX,ASW,CE,Combined TRACON& Tower with Radar,258,82,138,6,484,0,10,61,4,75,258,92,199,10,559,0,0,0,559
10/28/2022,SAT,TX,ASW,CE,Combined TRACON& Tower with Radar,260,52,95,11,418,0,5,24,2,31,260,57,119,13,449,0,0,0,449
10/29/2022,SAT,TX,ASW,CE,Combined TRACON& Tower with Radar,206,35,93,3,337,0,7,41,2,50,206,42,134,5,387,0,0,0,387
10/30/2022,SAT,TX,ASW,CE,Combined TRACON& Tower with Radar,230,41,113,1,385,0,3,65,0,68,230,44,178,1,453,0,0,0,453
10/31/2022,SAT,TX,ASW,CE,Combined TRACON& Tower with Radar,222,55,86,10,373,0,4,82,2,88,222,59,168,12,461,0,0,0,461
11/01/2022,SAT,TX,ASW,CE,Combined TRACON& Tower with Radar,244,70,103,11,428,0,10,43,0,53,244,80,146,11,481,0,0,0,481
11/02/2022,SAT,TX,ASW,CE,Combined TRACON& Tower with Radar,251,59,117,2,429,0,8,22,0,30,251,67,139,2,459,0,0,0,459
11/03/2022,SAT,TX,ASW,CE,Combined TRACON& Tower with Radar,261,62,124,4,451,0,5,17,2,24,261,67,141,6,475,0,0,0,475
11/04/2022,SAT,TX,ASW,CE,Combined TRACON& Tower with Radar,281,46,96,14,437,0,6,31,4,41,281,52,127,18,478,0,0,0,478
11/05/2022,SAT,TX,ASW,CE,Combined TRACON& Tower with Radar,226,30,60,4,320,0,7,69,0,76,226,37,129,4,396,0,0,0,396
11/06/2022,SAT,TX,ASW,CE,Combined TRACON& Tower with Radar,229,36,75,6,346,0,5,39,5,49,229,41,114,11,395,0,0,0,395
11/07/2022,SAT,TX,ASW,CE,Combined TRACON& Tower with Radar,232,55,109,3,399,0,5,25,0,30,232,60,134,3,429,0,0,0,429
11/08/2022,SAT,TX,ASW,CE,Combined TRACON& Tower with Radar,247,50,108,13,418,0,12,50,1,63,247,62,158,14,481,0,0,0,481
11/09/2022,SAT,TX,ASW,CE,Combined TRACON& Tower with Radar,234,58,111,12,415,0,5,39,0,44,234,63,150,12,459,0,0,0,459
11/10/2022,SAT,TX,ASW,CE,Combined TRACON& Tower with Radar,242,58,137,1,438,0,9,56,1,66,242,67,193,2,504,0,0,0,504
11/11/2022,SAT,TX,ASW,CE,Combined TRACON& Tower with Radar,229,43,105,8,385,0,5,7,1,13,229,48,112,9,398,0,0,0,398
11/12/2022,SAT,TX,ASW,CE,Combined TRACON& Tower with Radar,216,27,60,7,310,0,5,52,3,60,216,32,112,10,370,0,0,0,370
11/13/2022,SAT,TX,ASW,CE,Combined TRACON& Tower with Radar,223,24,87,4,338,0,9,50,1,60,223,33,137,5,398,0,0,0,398
11/14/2022,SAT,TX,ASW,CE,Combined TRACON& Tower with Radar,236,39,101,21,397,0,0,5,0,5,236,39,106,21,402,0,0,0,402
11/15/2022,SAT,TX,ASW,CE,Combined TRACON& Tower with Radar,250,59,114,6,429,0,1,62,6,69,250,60,176,12,498,0,0,0,498
11/16/2022,SAT,TX,ASW,CE,Combined TRACON& Tower with Radar,241,56,106,5,408,0,14,47,1,62,241,70,153,6,470,0,0,0,470
11/17/2022,SAT,TX,ASW,CE,Combined TRACON& Tower with Radar,246,55,130,10,441,0,3,63,2,68,246,58,193,12,509,0,0,0,509
11/18/2022,SAT,TX,ASW,CE,Combined TRACON& Tower with Radar,249,70,120,3,442,0,3,62,3,68,249,73,182,6,510,0,0,0,510
11/19/2022,SAT,TX,ASW,CE,Combined TRACON& Tower with Radar,221,24,80,0,325,0,0,0,0,0,221,24,80,0,325,0,0,0,325
11/20/2022,SAT,TX,ASW,CE,Combined TRACON& Tower with Radar,226,27,55,8,316,0,7,28,1,36,226,34,83,9,352,0,0,0,352
11/21/2022,SAT,TX,ASW,CE,Combined TRACON& Tower with Radar,242,49,110,3,404,0,0,3,0,3,242,49,113,3,407,0,0,0,407
11/22/2022,SAT,TX,ASW,CE,Combined TRACON& Tower with Radar,265,62,71,4,402,0,0,0,0,0,265,62,71,4,402,0,0,0,402
11/23/2022,SAT,TX,ASW,CE,Combined TRACON& Tower with Radar,249,56,118,0,423,0,1,5,0,6,249,57,123,0,429,0,0,0,429
11/24/2022,SAT,TX,ASW,CE,Combined TRACON& Tower with Radar,181,28,15,0,224,0,0,2,0,2,181,28,17,0,226,0,0,0,226
11/25/2022,SAT,TX,ASW,CE,Combined TRACON& Tower with Radar,234,44,56,0,334,0,0,3,0,3,234,44,59,0,337,0,0,0,337
11/26/2022,SAT,TX,ASW,CE,Combined TRACON& Tower with Radar,224,42,76,0,342,0,4,26,0,30,224,46,102,0,372,0,0,0,372
11/27/2022,SAT,TX,ASW,CE,Combined TRACON& Tower with Radar,241,51,110,0,402,0,9,59,0,68,241,60,169,0,470,0,0,0,470
11/28/2022,SAT,TX,ASW,CE,Combined TRACON& Tower with Radar,263,51,87,4,405,0,6,63,1,70,263,57,150,5,475,0,0,0,475
11/29/2022,SAT,TX,ASW,CE,Combined TRACON& Tower with Radar,248,56,93,8,405,0,5,46,2,53,248,61,139,10,458,0,0,0,458
11/30/2022,SAT,TX,ASW,CE,Combined TRACON& Tower with Radar,242,58,97,11,408,0,11,55,1,67,242,69,152,12,475,0,0,0,475
12/01/2022,SAT,TX,ASW,CE,Combined TRACON& Tower with Radar,262,65,134,2,463,0,6,12,0,18,262,71,146,2,481,0,0,0,481
12/02/2022,SAT,TX,ASW,CE,Combined TRACON& Tower with Radar,244,61,96,1,402,0,0,2,0,2,244,61,98,1,404,0,0,0,404
12/03/2022,SAT,TX,ASW,CE,Combined TRACON& Tower with Radar,221,38,95,2,356,0,2,7,0,9,221,40,102,2,365,0,0,0,365
12/04/2022,SAT,TX,ASW,CE,Combined TRACON& Tower with Radar,226,50,80,6,362,0,0,0,0,0,226,50,80,6,362,0,0,0,362
12/05/2022,SAT,TX,ASW,CE,Combined TRACON& Tower with Radar,242,46,106,7,401,0,3,15,0,18,242,49,121,7,419,0,0,0,419
12/06/2022,SAT,TX,ASW,CE,Combined TRACON& Tower with Radar,245,69,116,14,444,0,1,23,0,24,245,70,139,14,468,0,0,0,468
12/07/2022,SAT,TX,ASW,CE,Combined TRACON& Tower with Radar,240,81,107,9,437,0,1,32,0,33,240,82,139,9,470,0,0,0,470
12/08/2022,SAT,TX,ASW,CE,Combined TRACON& Tower with Radar,265,68,141,8,482,0,2,34,0,36,265,70,175,8,518,0,0,0,518
12/09/2022,SAT,TX,ASW,CE,Combined TRACON& Tower with Radar,250,73,116,11,450,0,6,32,0,38,250,79,148,11,488,0,0,0,488
12/10/2022,SAT,TX,ASW,CE,Combined TRACON& Tower with Radar,221,25,60,6,312,0,7,17,0,24,221,32,77,6,336,0,0,0,336
12/11/2022,SAT,TX,ASW,CE,Combined TRACON& Tower with Radar,228,41,91,29,389,0,2,42,5,49,228,43,133,34,438,0,0,0,438
12/12/2022,SAT,TX,ASW,CE,Combined TRACON& Tower with Radar,259,41,103,6,409,0,3,14,0,17,259,44,117,6,426,0,0,0,426
12/13/2022,SAT,TX,ASW,CE,Combined TRACON& Tower with Radar,238,55,105,18,416,0,13,63,0,76,238,68,168,18,492,0,0,0,492
12/14/2022,SAT,TX,ASW,CE,Combined TRACON& Tower with Radar,243,71,110,17,441,0,10,76,1,87,243,81,186,18,528,0,0,0,528
12/15/2022,SAT,TX,ASW,CE,Combined TRACON& Tower with Radar,260,55,124,20,459,0,6,101,0,107,260,61,225,20,566,0,0,0,566
12/16/2022,SAT,TX,ASW,CE,Combined TRACON& Tower with Radar,246,54,117,11,428,0,5,62,1,68,246,59,179,12,496,0,0,0,496
12/17/2022,SAT,TX,ASW,CE,Combined TRACON& Tower with Radar,233,40,79,3,355,0,8,73,7,88,233,48,152,10,443,0,0,0,443
12/18/2022,SAT,TX,ASW,CE,Combined TRACON& Tower with Radar,235,38,74,4,351,0,15,42,0,57,235,53,116,4,408,0,0,0,408
12/19/2022,SAT,TX,ASW,CE,Combined TRACON& Tower with Radar,242,44,91,5,382,0,0,0,0,0,242,44,91,5,382,0,0,0,382
12/20/2022,SAT,TX,ASW,CE,Combined TRACON& Tower with Radar,248,62,103,2,415,0,6,13,2,21,248,68,116,4,436,0,0,0,436
12/21/2022,SAT,TX,ASW,CE,Combined TRACON& Tower with Radar,245,80,88,6,419,0,0,16,0,16,245,80,104,6,435,0,0,0,435
12/22/2022,SAT,TX,ASW,CE,Combined TRACON& Tower with Radar,245,44,105,3,397,0,3,22,1,26,245,47,127,4,423,0,0,0,423
12/23/2022,SAT,TX,ASW,CE,Combined TRACON& Tower with Radar,208,50,48,1,307,0,3,48,0,51,208,53,96,1,358,0,0,0,358
12/24/2022,SAT,TX,ASW,CE,Combined TRACON& Tower with Radar,173,25,31,0,229,0,6,29,2,37,173,31,60,2,266,0,0,0,266
12/25/2022,SAT,TX,ASW,CE,Combined TRACON& Tower with Radar,154,28,32,0,214,0,4,12,2,18,154,32,44,2,232,0,0,0,232
12/26/2022,SAT,TX,ASW,CE,Combined TRACON& Tower with Radar,165,54,103,0,322,0,11,52,0,63,165,65,155,0,385,0,0,0,385
12/27/2022,SAT,TX,ASW,CE,Combined TRACON& Tower with Radar,174,56,100,5,335,0,10,69,3,82,174,66,169,8,417,0,0,0,417
12/28/2022,SAT,TX,ASW,CE,Combined TRACON& Tower with Radar,190,47,78,1,316,0,8,53,1,62,190,55,131,2,378,0,0,0,378
12/29/2022,SAT,TX,ASW,CE,Combined TRACON& Tower with Radar,208,58,107,2,375,0,4,25,0,29,208,62,132,2,404,0,0,0,404
12/30/2022,SAT,TX,ASW,CE,Combined TRACON& Tower with Radar,246,55,101,0,402,0,3,40,2,45,246,58,141,2,447,0,0,0,447
12/31/2022,SAT,TX,ASW,CE,Combined TRACON& Tower with Radar,208,16,34,0,258,0,15,33,0,48,208,31,67,0,306,0,0,0,306
01/01/2023,SAT,TX,ASW,CE,Combined TRACON& Tower with Radar,208,36,50,0,294,0,3,15,0,18,208,39,65,0,312,0,0,0,312
01/02/2023,SAT,TX,ASW,CE,Combined TRACON& Tower with Radar,220,54,105,1,380,0,4,19,1,24,220,58,124,2,404,0,0,0,404
01/03/2023,SAT,TX,ASW,CE,Combined TRACON& Tower with Radar,237,48,107,1,393,0,6,63,3,72,237,54,170,4,465,0,0,0,465
01/04/2023,SAT,TX,ASW,CE,Combined TRACON& Tower with Radar,252,60,87,0,399,0,7,83,2,92,252,67,170,2,491,0,0,0,491
01/05/2023,SAT,TX,ASW,CE,Combined TRACON& Tower with Radar,244,59,85,7,395,0,12,112,2,126,244,71,197,9,521,0,0,0,521
01/06/2023,SAT,TX,ASW,CE,Combined TRACON& Tower with Radar,232,56,91,11,390,0,9,51,1,61,232,65,142,12,451,0,0,0,451
01/07/2023,SAT,TX,ASW,CE,Combined TRACON& Tower with Radar,195,30,49,24,298,0,3,8,3,14,195,33,57,27,312,0,0,0,312
01/08/2023,SAT,TX,ASW,CE,Combined TRACON& Tower with Radar,239,47,93,13,392,0,0,63,2,65,239,47,156,15,457,0,0,0,457
01/09/2023,SAT,TX,ASW,CE,Combined TRACON& Tower with Radar,234,37,67,7,345,0,5,66,5,76,234,42,133,12,421,0,0,0,421
01/10/2023,SAT,TX,ASW,CE,Combined TRACON& Tower with Radar,237,59,107,10,413,0,6,61,2,69,237,65,168,12,482,0,0,0,482
01/11/2023,SAT,TX,ASW,CE,Combined TRACON& Tower with Radar,216,51,110,11,388,0,4,45,2,51,216,55,155,13,439,0,0,0,439
01/12/2023,SAT,TX,ASW,CE,Combined TRACON& Tower with Radar,256,49,113,4,422,0,7,55,3,65,256,56,168,7,487,0,0,0,487
01/13/2023,SAT,TX,ASW,CE,Combined TRACON& Tower with Radar,230,50,76,0,356,0,7,92,2,101,230,57,168,2,457,0,0,0,457
01/14/2023,SAT,TX,ASW,CE,Combined TRACON& Tower with Radar,177,43,43,0,263,0,10,62,1,73,177,53,105,1,336,0,0,0,336
01/15/2023,SAT,TX,ASW,CE,Combined TRACON& Tower with Radar,224,28,48,0,300,0,2,44,0,46,224,30,92,0,346,0,0,0,346
01/16/2023,SAT,TX,ASW,CE,Combined TRACON& Tower with Radar,218,39,101,5,363,0,2,55,1,58,218,41,156,6,421,0,0,0,421
01/17/2023,SAT,TX,ASW,CE,Combined TRACON& Tower with Radar,233,56,103,5,397,0,6,75,5,86,233,62,178,10,483,0,0,0,483
01/18/2023,SAT,TX,ASW,CE,Combined TRACON& Tower with Radar,220,55,88,13,376,0,9,37,4,50,220,64,125,17,426,0,0,0,426
01/19/2023,SAT,TX,ASW,CE,Combined TRACON& Tower with Radar,246,60,104,10,420,0,10,95,4,109,246,70,199,14,529,0,0,0,529
01/20/2023,SAT,TX,ASW,CE,Combined TRACON& Tower with Radar,235,39,89,8,371,0,5,64,2,71,235,44,153,10,442,0,0,0,442
01/21/2023,SAT,TX,ASW,CE,Combined TRACON& Tower with Radar,174,21,53,4,252,0,7,27,2,36,174,28,80,6,288,0,0,0,288
01/22/2023,SAT,TX,ASW,CE,Combined TRACON& Tower with Radar,235,22,73,9,339,0,9,71,4,84,235,31,144,13,423,0,0,0,423
01/23/2023,SAT,TX,ASW,CE,Combined TRACON& Tower with Radar,227,37,89,9,362,0,5,71,2,78,227,42,160,11,440,0,0,0,440
01/24/2023,SAT,TX,ASW,CE,Combined TRACON& Tower with Radar,251,42,65,6,364,0,8,26,3,37,251,50,91,9,401,0,0,0,401
01/25/2023,SAT,TX,ASW,CE,Combined TRACON& Tower with Radar,231,66,90,14,401,0,10,81,2,93,231,76,171,16,494,0,0,0,494
01/26/2023,SAT,TX,ASW,CE,Combined TRACON& Tower with Radar,238,45,109,14,406,0,5,72,6,83,238,50,181,20,489,0,0,0,489
01/27/2023,SAT,TX,ASW,CE,Combined TRACON& Tower with Radar,243,53,96,7,399,0,12,56,0,68,243,65,152,7,467,0,0,0,467
01/28/2023,SAT,TX,ASW,CE,Combined TRACON& Tower with Radar,176,28,61,8,273,0,0,0,0,0,176,28,61,8,273,0,0,0,273
01/29/2023,SAT,TX,ASW,CE,Combined TRACON& Tower with Radar,233,27,76,15,351,0,2,18,3,23,233,29,94,18,374,0,0,0,374
01/30/2023,SAT,TX,ASW,CE,Combined TRACON& Tower with Radar,212,40,75,5,332,0,0,0,0,0,212,40,75,5,332,0,0,0,332
01/31/2023,SAT,TX,ASW,CE,Combined TRACON& Tower with Radar,197,40,70,1,308,0,0,1,0,1,197,40,71,1,309,0,0,0,309
02/01/2023,SAT,TX,ASW,CE,Combined TRACON& Tower with Radar,151,36,50,1,238,0,0,0,0,0,151,36,50,1,238,0,0,0,238
02/02/2023,SAT,TX,ASW,CE,Combined TRACON& Tower with Radar,231,69,93,4,397,0,2,10,0,12,231,71,103,4,409,0,0,0,409
02/03/2023,SAT,TX,ASW,CE,Combined TRACON& Tower with Radar,239,50,85,11,385,0,9,74,1,84,239,59,159,12,469,0,0,0,469
02/04/2023,SAT,TX,ASW,CE,Combined TRACON& Tower with Radar,187,30,52,1,270,0,9,35,0,44,187,39,87,1,314,0,0,0,314
02/05/2023,SAT,TX,ASW,CE,Combined TRACON& Tower with Radar,234,29,74,11,348,0,3,39,1,43,234,32,113,12,391,0,0,0,391
02/06/2023,SAT,TX,ASW,CE,Combined TRACON& Tower with Radar,236,52,81,4,373,0,5,33,2,40,236,57,114,6,413,0,0,0,413
02/07/2023,SAT,TX,ASW,CE,Combined TRACON& Tower with Radar,244,53,60,4,361,0,0,5,0,5,244,53,65,4,366,0,0,0,366
02/08/2023,SAT,TX,ASW,CE,Combined TRACON& Tower with Radar,235,44,102,3,384,0,6,35,0,41,235,50,137,3,425,0,0,0,425
02/09/2023,SAT,TX,ASW,CE,Combined TRACON& Tower with Radar,244,54,131,3,432,0,11,85,3,99,244,65,216,6,531,0,0,0,531
02/10/2023,SAT,TX,ASW,CE,Combined TRACON& Tower with Radar,234,64,89,8,395,0,2,55,4,61,234,66,144,12,456,0,0,0,456
02/11/2023,SAT,TX,ASW,CE,Combined TRACON& Tower with Radar,187,26,60,2,275,0,0,38,1,39,187,26,98,3,314,0,0,0,314
02/12/2023,SAT,TX,ASW,CE,Combined TRACON& Tower with Radar,228,37,63,0,328,0,5,63,2,70,228,42,126,2,398,0,0,0,398
02/13/2023,SAT,TX,ASW,CE,Combined TRACON& Tower with Radar,225,32,86,0,343,0,5,63,0,68,225,37,149,0,411,0,0,0,411
02/14/2023,SAT,TX,ASW,CE,Combined TRACON& Tower with Radar,232,44,66,6,348,0,8,39,7,54,232,52,105,13,402,0,0,0,402
02/15/2023,SAT,TX,ASW,CE,Combined TRACON& Tower with Radar,223,63,112,5,403,0,5,48,1,54,223,68,160,6,457,0,0,0,457
02/16/2023,SAT,TX,ASW,CE,Combined TRACON& Tower with Radar,241,44,98,12,395,0,4,52,7,63,241,48,150,19,458,0,0,0,458
02/17/2023,SAT,TX,ASW,CE,Combined TRACON& Tower with Radar,237,55,97,1,390,0,8,72,4,84,237,63,169,5,474,0,0,0,474
02/18/2023,SAT,TX,ASW,CE,Combined TRACON& Tower with Radar,188,45,50,3,286,0,5,48,1,54,188,50,98,4,340,0,0,0,340
02/19/2023,SAT,TX,ASW,CE,Combined TRACON& Tower with Radar,226,26,64,2,318,0,5,42,4,51,226,31,106,6,369,0,0,0,369
02/20/2023,SAT,TX,ASW,CE,Combined TRACON& Tower with Radar,232,41,135,4,412,0,2,27,0,29,232,43,162,4,441,0,0,0,441
02/21/2023,SAT,TX,ASW,CE,Combined TRACON& Tower with Radar,233,56,100,14,403,0,10,53,6,69,233,66,153,20,472,0,0,0,472
02/22/2023,SAT,TX,ASW,CE,Combined TRACON& Tower with Radar,235,60,100,10,405,0,2,38,7,47,235,62,138,17,452,0,0,0,452
02/23/2023,SAT,TX,ASW,CE,Combined TRACON& Tower with Radar,242,48,118,13,421,0,5,43,2,50,242,53,161,15,471,0,0,0,471
02/24/2023,SAT,TX,ASW,CE,Combined TRACON& Tower with Radar,242,46,134,9,431,0,1,9,0,10,242,47,143,9,441,0,0,0,441
02/25/2023,SAT,TX,ASW,CE,Combined TRACON& Tower with Radar,185,26,69,10,290,0,1,6,0,7,185,27,75,10,297,0,0,0,297
02/26/2023,SAT,TX,ASW,CE,Combined TRACON& Tower with Radar,233,25,80,12,350,0,3,11,1,15,233,28,91,13,365,0,0,0,365
02/27/2023,SAT,TX,ASW,CE,Combined TRACON& Tower with Radar,238,67,92,10,407,0,6,70,3,79,238,73,162,13,486,0,0,0,486
02/28/2023,SAT,TX,ASW,CE,Combined TRACON& Tower with Radar,242,72,93,0,407,0,7,64,4,75,242,79,157,4,482,0,0,0,482
03/01/2023,SAT,TX,ASW,CE,Combined TRACON& Tower with Radar,239,58,116,3,416,0,7,32,4,43,239,65,148,7,459,0,0,0,459
03/02/2023,SAT,TX,ASW,CE,Combined TRACON& Tower with Radar,256,34,104,3,397,0,4,36,0,40,256,38,140,3,437,0,0,0,437
03/03/2023,SAT,TX,ASW,CE,Combined TRACON& Tower with Radar,244,61,93,11,409,0,6,51,0,57,244,67,144,11,466,0,0,0,466
03/04/2023,SAT,TX,ASW,CE,Combined TRACON& Tower with Radar,194,33,44,4,275,0,9,51,3,63,194,42,95,7,338,0,0,0,338
03/05/2023,SAT,TX,ASW,CE,Combined TRACON& Tower with Radar,228,40,68,6,342,0,2,42,2,46,228,42,110,8,388,0,0,0,388
03/06/2023,SAT,TX,ASW,CE,Combined TRACON& Tower with Radar,237,35,90,6,368,0,4,29,0,33,237,39,119,6,401,0,0,0,401
03/07/2023,SAT,TX,ASW,CE,Combined TRACON& Tower with Radar,242,58,84,13,397,0,2,22,0,24,242,60,106,13,421,0,0,0,421
03/08/2023,SAT,TX,ASW,CE,Combined TRACON& Tower with Radar,241,51,89,27,408,0,10,28,0,38,241,61,117,27,446,0,0,0,446
03/09/2023,SAT,TX,ASW,CE,Combined TRACON& Tower with Radar,262,69,141,5,477,0,3,37,2,42,262,72,178,7,519,0,0,0,519
03/10/2023,SAT,TX,ASW,CE,Combined TRACON& Tower with Radar,253,77,122,11,463,0,15,41,2,58,253,92,163,13,521,0,0,0,521
03/11/2023,SAT,TX,ASW,CE,Combined TRACON& Tower with Radar,198,56,81,6,341,0,11,30,3,44,198,67,111,9,385,0,0,0,385
03/12/2023,SAT,TX,ASW,CE,Combined TRACON& Tower with Radar,232,32,59,5,328,0,7,41,5,53,232,39,100,10,381,0,0,0,381
03/13/2023,SAT,TX,ASW,CE,Combined TRACON& Tower with Radar,249,41,74,10,374,0,13,53,0,66,249,54,127,10,440,0,0,0,440
03/14/2023,SAT,TX,ASW,CE,Combined TRACON& Tower with Radar,253,57,67,18,395,0,20,47,9,76,253,77,114,27,471,0,0,0,471
03/15/2023,SAT,TX,ASW,CE,Combined TRACON& Tower with Radar,243,42,88,14,387,0,17,33,2,52,243,59,121,16,439,0,0,0,439
03/16/2023,SAT,TX,ASW,CE,Combined TRACON& Tower with Radar,283,65,105,4,457,0,6,12,1,19,283,71,117,5,476,0,0,0,476
03/17/2023,SAT,TX,ASW,CE,Combined TRACON& Tower with Radar,266,49,83,10,408,0,5,30,2,37,266,54,113,12,445,0,0,0,445
03/18/2023,SAT,TX,ASW,CE,Combined TRACON& Tower with Radar,195,39,68,2,304,0,4,10,0,14,195,43,78,2,318,0,0,0,318
03/19/2023,SAT,TX,ASW,CE,Combined TRACON& Tower with Radar,237,41,109,2,389,0,7,46,3,56,237,48,155,5,445,0,0,0,445
03/20/2023,SAT,TX,ASW,CE,Combined TRACON& Tower with Radar,249,67,95,11,422,0,13,31,0,44,249,80,126,11,466,0,0,0,466
03/21/2023,SAT,TX,ASW,CE,Combined TRACON& Tower with Radar,247,42,113,7,409,0,2,0,0,2,247,44,113,7,411,0,0,0,411
03/22/2023,SAT,TX,ASW,CE,Combined TRACON& Tower with Radar,244,56,98,10,408,0,13,15,2,30,244,69,113,12,438,0,0,0,438
03/23/2023,SAT,TX,ASW,CE,Combined TRACON& Tower with Radar,253,60,118,8,439,0,13,52,3,68,253,73,170,11,507,0,0,0,507
03/24/2023,SAT,TX,ASW,CE,Combined TRACON& Tower with Radar,253,47,106,11,417,0,16,35,5,56,253,63,141,16,473,0,0,0,473
03/25/2023,SAT,TX,ASW,CE,Combined TRACON& Tower with Radar,190,30,59,35,314,0,25,27,6,58,190,55,86,41,372,0,0,0,372
03/26/2023,SAT,TX,ASW,CE,Combined TRACON& Tower with Radar,240,24,94,20,378,0,13,23,2,38,240,37,117,22,416,0,0,0,416
03/27/2023,SAT,TX,ASW,CE,Combined TRACON& Tower with Radar,255,39,126,1,421,0,10,25,1,36,255,49,151,2,457,0,0,0,457
03/28/2023,SAT,TX,ASW,CE,Combined TRACON& Tower with Radar,246,44,116,8,414,0,7,29,3,39,246,51,145,11,453,0,0,0,453
03/29/2023,SAT,TX,ASW,CE,Combined TRACON& Tower with Radar,240,60,111,13,424,0,25,55,3,83,240,85,166,16,507,0,0,0,507
03/30/2023,SAT,TX,ASW,CE,Combined TRACON& Tower with Radar,263,77,123,0,463,0,8,5,0,13,263,85,128,0,476,0,0,0,476
03/31/2023,SAT,TX,ASW,CE,Combined TRACON& Tower with Radar,249,66,105,6,426,0,15,35,4,54,249,81,140,10,480,0,0,0,480
04/01/2023,SAT,TX,ASW,CE,Combined TRACON& Tower with Radar,188,55,72,2,317,0,20,36,0,56,188,75,108,2,373,0,0,0,373
04/02/2023,SAT,TX,ASW,CE,Combined TRACON& Tower with Radar,233,44,74,2,353,0,14,14,0,28,233,58,88,2,381,0,0,0,381
04/03/2023,SAT,TX,ASW,CE,Combined TRACON& Tower with Radar,255,53,91,9,408,0,30,34,2,66,255,83,125,11,474,0,0,0,474
04/04/2023,SAT,TX,ASW,CE,Combined TRACON& Tower with Radar,251,65,97,21,434,0,25,27,1,53,251,90,124,22,487,0,0,0,487
04/05/2023,SAT,TX,ASW,CE,Combined TRACON& Tower with Radar,273,55,103,17,448,0,19,22,0,41,273,74,125,17,489,0,0,0,489
04/06/2023,SAT,TX,ASW,CE,Combined TRACON& Tower with Radar,257,49,73,1,380,0,1,1,0,2,257,50,74,1,382,0,0,0,382
04/07/2023,SAT,TX,ASW,CE,Combined TRACON& Tower with Radar,255,52,60,0,367,0,0,0,0,0,255,52,60,0,367,0,0,0,367
04/08/2023,SAT,TX,ASW,CE,Combined TRACON& Tower with Radar,201,29,58,0,288,0,23,6,0,29,201,52,64,0,317,0,0,0,317
04/09/2023,SAT,TX,ASW,CE,Combined TRACON& Tower with Radar,233,36,70,0,339,0,19,10,0,29,233,55,80,0,368,0,0,0,368
04/10/2023,SAT,TX,ASW,CE,Combined TRACON& Tower with Radar,248,49,109,9,415,0,14,11,0,25,248,63,120,9,440,0,0,0,440
04/11/2023,SAT,TX,ASW,CE,Combined TRACON& Tower with Radar,262,67,94,5,428,0,26,40,1,67,262,93,134,6,495,0,0,0,495
04/12/2023,SAT,TX,ASW,CE,Combined TRACON& Tower with Radar,261,50,85,8,404,0,49,40,1,90,261,99,125,9,494,0,0,0,494
04/13/2023,SAT,TX,ASW,CE,Combined TRACON& Tower with Radar,262,58,117,2,439,0,57,50,0,107,262,115,167,2,546,0,0,0,546
04/14/2023,SAT,TX,ASW,CE,Combined TRACON& Tower with Radar,257,48,123,9,437,0,17,15,0,32,257,65,138,9,469,0,0,0,469
04/15/2023,SAT,TX,ASW,CE,Combined TRACON& Tower with Radar,194,40,48,10,292,0,22,24,8,54,194,62,72,18,346,0,0,0,346
04/16/2023,SAT,TX,ASW,CE,Combined TRACON& Tower with Radar,242,49,74,9,374,0,23,40,4,67,242,72,114,13,441,0,0,0,441
04/17/2023,SAT,TX,ASW,CE,Combined TRACON& Tower with Radar,250,47,78,17,392,0,34,65,3,102,250,81,143,20,494,0,0,0,494
04/18/2023,SAT,TX,ASW,CE,Combined TRACON& Tower with Radar,265,43,102,5,415,0,2,21,0,23,265,45,123,5,438,0,0,0,438
04/19/2023,SAT,TX,ASW,CE,Combined TRACON& Tower with Radar,260,47,128,3,438,0,18,12,1,31,260,65,140,4,469,0,0,0,469
04/20/2023,SAT,TX,ASW,CE,Combined TRACON& Tower with Radar,261,70,109,1,441,0,6,16,0,22,261,76,125,1,463,0,0,0,463
04/21/2023,SAT,TX,ASW,CE,Combined TRACON& Tower with Radar,269,55,100,6,430,0,36,38,2,76,269,91,138,8,506,0,0,0,506
04/22/2023,SAT,TX,ASW,CE,Combined TRACON& Tower with Radar,201,30,59,4,294,0,59,30,0,89,201,89,89,4,383,0,0,0,383
04/23/2023,SAT,TX,ASW,CE,Combined TRACON& Tower with Radar,243,31,63,10,347,0,7,6,2,15,243,38,69,12,362,0,0,0,362
04/24/2023,SAT,TX,ASW,CE,Combined TRACON& Tower with Radar,248,38,99,11,396,0,26,23,2,51,248,64,122,13,447,0,0,0,447
04/25/2023,SAT,TX,ASW,CE,Combined TRACON& Tower with Radar,261,50,85,2,398,0,16,5,4,25,261,66,90,6,423,0,0,0,423
04/26/2023,SAT,TX,ASW,CE,Combined TRACON& Tower with Radar,258,42,107,1,408,0,33,21,2,56,258,75,128,3,464,0,0,0,464
04/27/2023,SAT,TX,ASW,CE,Combined TRACON& Tower with Radar,261,68,108,8,445,0,28,56,3,87,261,96,164,11,532,0,0,0,532
04/28/2023,SAT,TX,ASW,CE,Combined TRACON& Tower with Radar,249,41,80,4,374,0,17,26,3,46,249,58,106,7,420,0,3,3,423
04/29/2023,SAT,TX,ASW,CE,Combined TRACON& Tower with Radar,210,26,45,3,284,0,32,35,3,70,210,58,80,6,354,0,0,0,354
04/30/2023,SAT,TX,ASW,CE,Combined TRACON& Tower with Radar,237,37,97,5,376,0,44,53,2,99,237,81,150,7,475,0,0,0,475
05/01/2023,SAT,TX,ASW,CE,Combined TRACON& Tower with Radar,255,41,85,11,392,0,37,50,5,92,255,78,135,16,484,0,0,0,484
05/02/2023,SAT,TX,ASW,CE,Combined TRACON& Tower with Radar,260,37,101,6,404,0,36,25,1,62,260,73,126,7,466,0,0,0,466
05/03/2023,SAT,TX,ASW,CE,Combined TRACON& Tower with Radar,260,68,113,5,446,0,38,45,1,84,260,106,158,6,530,0,0,0,530
05/04/2023,SAT,TX,ASW,CE,Combined TRACON& Tower with Radar,261,68,106,2,437,0,15,19,1,35,261,83,125,3,472,0,0,0,472
05/05/2023,SAT,TX,ASW,CE,Combined TRACON& Tower with Radar,263,64,94,9,430,0,31,45,4,80,263,95,139,13,510,13,0,13,523
05/06/2023,SAT,TX,ASW,CE,Combined TRACON& Tower with Radar,202,43,67,5,317,0,14,12,2,28,202,57,79,7,345,0,0,0,345
05/07/2023,SAT,TX,ASW,CE,Combined TRACON& Tower with Radar,245,40,77,6,368,0,12,17,4,33,245,52,94,10,401,0,0,0,401
05/08/2023,SAT,TX,ASW,CE,Combined TRACON& Tower with Radar,291,42,74,7,414,0,21,39,3,63,291,63,113,10,477,0,0,0,477
05/09/2023,SAT,TX,ASW,CE,Combined TRACON& Tower with Radar,286,47,97,2,432,0,9,5,0,14,286,56,102,2,446,0,0,0,446
05/10/2023,SAT,TX,ASW,CE,Combined TRACON& Tower with Radar,261,62,86,6,415,0,21,13,3,37,261,83,99,9,452,0,0,0,452
05/11/2023,SAT,TX,ASW,CE,Combined TRACON& Tower with Radar,265,67,107,6,445,0,19,32,3,54,265,86,139,9,499,0,0,0,499
05/12/2023,SAT,TX,ASW,CE,Combined TRACON& Tower with Radar,270,49,95,6,420,0,10,8,0,18,270,59,103,6,438,6,0,6,444
05/13/2023,SAT,TX,ASW,CE,Combined TRACON& Tower with Radar,227,24,42,2,295,0,12,10,0,22,227,36,52,2,317,0,0,0,317
05/14/2023,SAT,TX,ASW,CE,Combined TRACON& Tower with Radar,289,39,55,9,392,0,19,19,0,38,289,58,74,9,430,0,0,0,430
05/15/2023,SAT,TX,ASW,CE,Combined TRACON& Tower with Radar,266,39,80,5,390,0,1,14,0,15,266,40,94,5,405,0,0,0,405
05/16/2023,SAT,TX,ASW,CE,Combined TRACON& Tower with Radar,271,54,116,4,445,0,26,14,0,40,271,80,130,4,485,0,0,0,485
05/17/2023,SAT,TX,ASW,CE,Combined TRACON& Tower with Radar,272,64,117,6,459,1,51,47,1,100,273,115,164,7,559,0,0,0,559
05/18/2023,SAT,TX,ASW,CE,Combined TRACON& Tower with Radar,266,63,121,9,459,0,48,43,5,96,266,111,164,14,555,0,0,0,555
05/19/2023,SAT,TX,ASW,CE,Combined TRACON& Tower with Radar,283,53,103,2,441,1,23,37,5,66,284,76,140,7,507,0,0,0,507
05/20/2023,SAT,TX,ASW,CE,Combined TRACON& Tower with Radar,220,24,59,2,305,0,20,13,0,33,220,44,72,2,338,0,0,0,338
05/21/2023,SAT,TX,ASW,CE,Combined TRACON& Tower with Radar,260,30,82,1,373,0,3,14,1,18,260,33,96,2,391,0,0,0,391
05/22/2023,SAT,TX,ASW,CE,Combined TRACON& Tower with Radar,269,50,91,12,422,0,39,45,4,88,269,89,136,16,510,0,0,0,510
05/23/2023,SAT,TX,ASW,CE,Combined TRACON& Tower with Radar,270,60,72,10,412,0,44,34,5,83,270,104,106,15,495,0,0,0,495
05/24/2023,SAT,TX,ASW,CE,Combined TRACON& Tower with Radar,267,63,114,3,447,0,18,55,3,76,267,81,169,6,523,0,0,0,523
05/25/2023,SAT,TX,ASW,CE,Combined TRACON& Tower with Radar,271,60,113,6,450,0,34,38,2,74,271,94,151,8,524,0,0,0,524
05/26/2023,SAT,TX,ASW,CE,Combined TRACON& Tower with Radar,266,69,91,2,428,0,28,43,1,72,266,97,134,3,500,0,0,0,500
05/27/2023,SAT,TX,ASW,CE,Combined TRACON& Tower with Radar,211,33,35,0,279,0,35,15,0,50,211,68,50,0,329,0,0,0,329
05/28/2023,SAT,TX,ASW,CE,Combined TRACON& Tower with Radar,235,28,43,3,309,0,7,24,2,33,235,35,67,5,342,0,0,0,342
05/29/2023,SAT,TX,ASW,CE,Combined TRACON& Tower with Radar,262,32,72,1,367,0,8,18,1,27,262,40,90,2,394,0,0,0,394
05/30/2023,SAT,TX,ASW,CE,Combined TRACON& Tower with Radar,271,39,88,14,412,0,27,47,5,79,271,66,135,19,491,0,0,0,491
05/31/2023,SAT,TX,ASW,CE,Combined TRACON& Tower with Radar,271,49,73,8,401,0,22,39,5,66,271,71,112,13,467,0,0,0,467
06/01/2023,SAT,TX,ASW,CE,Combined TRACON& Tower with Radar,270,54,104,10,438,0,22,38,3,63,270,76,142,13,501,0,0,0,501
06/02/2023,SAT,TX,ASW,CE,Combined TRACON& Tower with Radar,276,44,91,0,411,1,20,22,1,44,277,64,113,1,455,0,0,0,455
06/03/2023,SAT,TX,ASW,CE,Combined TRACON& Tower with Radar,213,34,55,6,308,1,30,24,1,56,214,64,79,7,364,0,0,0,364
06/04/2023,SAT,TX,ASW,CE,Combined TRACON& Tower with Radar,261,39,81,3,384,0,17,16,0,33,261,56,97,3,417,0,0,0,417
06/05/2023,SAT,TX,ASW,CE,Combined TRACON& Tower with Radar,281,38,68,5,392,0,12,24,4,40,281,50,92,9,432,0,0,0,432
06/06/2023,SAT,TX,ASW,CE,Combined TRACON& Tower with Radar,270,55,61,0,386,0,42,31,7,80,270,97,92,7,466,0,0,0,466
06/07/2023,SAT,TX,ASW,CE,Combined TRACON& Tower with Radar,281,49,77,5,412,0,65,61,47,173,281,114,138,52,585,0,0,0,585
06/08/2023,SAT,TX,ASW,CE,Combined TRACON& Tower with Radar,305,83,91,0,479,0,20,46,9,75,305,103,137,9,554,0,0,0,554
06/09/2023,SAT,TX,ASW,CE,Combined TRACON& Tower with Radar,273,49,98,7,427,0,51,42,6,99,273,100,140,13,526,7,0,7,533
06/10/2023,SAT,TX,ASW,CE,Combined TRACON& Tower with Radar,223,43,37,1,304,0,9,21,1,31,223,52,58,2,335,0,0,0,335
06/11/2023,SAT,TX,ASW,CE,Combined TRACON& Tower with Radar,257,30,59,11,357,0,13,40,8,61,257,43,99,19,418,0,0,0,418
06/12/2023,SAT,TX,ASW,CE,Combined TRACON& Tower with Radar,270,41,91,20,422,0,19,36,4,59,270,60,127,24,481,0,0,0,481
06/13/2023,SAT,TX,ASW,CE,Combined TRACON& Tower with Radar,267,47,104,17,435,0,18,16,1,35,267,65,120,18,470,0,0,0,470
06/14/2023,SAT,TX,ASW,CE,Combined TRACON& Tower with Radar,260,50,98,8,416,0,20,26,6,52,260,70,124,14,468,0,0,0,468
06/15/2023,SAT,TX,ASW,CE,Combined TRACON& Tower with Radar,269,54,108,13,444,0,5,28,8,41,269,59,136,21,485,0,0,0,485
06/16/2023,SAT,TX,ASW,CE,Combined TRACON& Tower with Radar,283,49,100,14,446,0,22,48,7,77,283,71,148,21,523,0,0,0,523
06/17/2023,SAT,TX,ASW,CE,Combined TRACON& Tower with Radar,230,42,63,8,343,0,14,20,2,36,230,56,83,10,379,1,0,1,380
06/18/2023,SAT,TX,ASW,CE,Combined TRACON& Tower with Radar,244,30,49,5,328,0,12,23,2,37,244,42,72,7,365,0,0,0,365
06/19/2023,SAT,TX,ASW,CE,Combined TRACON& Tower with Radar,276,46,74,6,402,0,25,26,4,55,276,71,100,10,457,0,0,0,457
06/20/2023,SAT,TX,ASW,CE,Combined TRACON& Tower with Radar,261,40,101,10,412,0,30,26,1,57,261,70,127,11,469,0,0,0,469
06/21/2023,SAT,TX,ASW,CE,Combined TRACON& Tower with Radar,270,56,126,8,460,0,29,34,1,64,270,85,160,9,524,0,0,0,524
06/22/2023,SAT,TX,ASW,CE,Combined TRACON& Tower with Radar,267,60,113,9,449,0,14,36,1,51,267,74,149,10,500,0,0,0,500
06/23/2023,SAT,TX,ASW,CE,Combined TRACON& Tower with Radar,276,54,82,26,438,0,19,27,6,52,276,73,109,32,490,0,0,0,490
06/24/2023,SAT,TX,ASW,CE,Combined TRACON& Tower with Radar,233,39,44,9,325,0,12,23,5,40,233,51,67,14,365,0,0,0,365
06/25/2023,SAT,TX,ASW,CE,Combined TRACON& Tower with Radar,231,34,63,14,342,0,27,17,3,47,231,61,80,17,389,0,0,0,389
06/26/2023,SAT,TX,ASW,CE,Combined TRACON& Tower with Radar,259,45,78,10,392,0,36,41,4,81,259,81,119,14,473,0,0,0,473
06/27/2023,SAT,TX,ASW,CE,Combined TRACON& Tower with Radar,253,60,86,8,407,0,41,58,8,107,253,101,144,16,514,0,0,0,514
06/28/2023,SAT,TX,ASW,CE,Combined TRACON& Tower with Radar,248,65,102,6,421,0,32,61,0,93,248,97,163,6,514,0,0,0,514
06/29/2023,SAT,TX,ASW,CE,Combined TRACON& Tower with Radar,271,66,115,13,465,0,20,53,6,79,271,86,168,19,544,0,0,0,544
06/30/2023,SAT,TX,ASW,CE,Combined TRACON& Tower with Radar,280,57,112,4,453,0,27,37,2,66,280,84,149,6,519,0,0,0,519
07/01/2023,SAT,TX,ASW,CE,Combined TRACON& Tower with Radar,228,40,62,0,330,0,18,22,0,40,228,58,84,0,370,0,0,0,370
07/02/2023,SAT,TX,ASW,CE,Combined TRACON& Tower with Radar,281,31,46,0,358,0,22,26,0,48,281,53,72,0,406,0,0,0,406
07/03/2023,SAT,TX,ASW,CE,Combined TRACON& Tower with Radar,241,26,43,0,310,0,34,33,0,67,241,60,76,0,377,0,0,0,377
07/04/2023,SAT,TX,ASW,CE,Combined TRACON& Tower with Radar,219,18,29,0,266,0,27,18,5,50,219,45,47,5,316,0,0,0,316
07/05/2023,SAT,TX,ASW,CE,Combined TRACON& Tower with Radar,254,48,79,12,393,0,22,29,4,55,254,70,108,16,448,0,0,0,448
07/06/2023,SAT,TX,ASW,CE,Combined TRACON& Tower with Radar,271,51,78,2,402,0,11,26,5,42,271,62,104,7,444,0,0,0,444
07/07/2023,SAT,TX,ASW,CE,Combined TRACON& Tower with Radar,270,55,73,3,401,0,14,21,0,35,270,69,94,3,436,0,0,0,436
07/08/2023,SAT,TX,ASW,CE,Combined TRACON& Tower with Radar,234,46,58,17,355,0,21,28,2,51,234,67,86,19,406,0,0,0,406
07/09/2023,SAT,TX,ASW,CE,Combined TRACON& Tower with Radar,254,26,69,20,369,0,15,27,1,43,254,41,96,21,412,0,0,0,412
07/10/2023,SAT,TX,ASW,CE,Combined TRACON& Tower with Radar,274,46,91,6,417,0,27,34,1,62,274,73,125,7,479,0,0,0,479
07/11/2023,SAT,TX,ASW,CE,Combined TRACON& Tower with Radar,275,53,97,7,432,0,27,38,1,66,275,80,135,8,498,0,0,0,498
07/12/2023,SAT,TX,ASW,CE,Combined TRACON& Tower with Radar,278,69,100,15,462,0,30,36,2,68,278,99,136,17,530,0,0,0,530
07/13/2023,SAT,TX,ASW,CE,Combined TRACON& Tower with Radar,290,64,80,13,447,0,18,51,6,75,290,82,131,19,522,0,0,0,522
07/14/2023,SAT,TX,ASW,CE,Combined TRACON& Tower with Radar,284,57,74,2,417,0,8,33,0,41,284,65,107,2,458,0,3,3,461
07/15/2023,SAT,TX,ASW,CE,Combined TRACON& Tower with Radar,240,36,39,9,324,0,19,22,1,42,240,55,61,10,366,0,0,0,366
07/16/2023,SAT,TX,ASW,CE,Combined TRACON& Tower with Radar,236,20,62,11,329,1,30,42,8,81,237,50,104,19,410,0,0,0,410
07/17/2023,SAT,TX,ASW,CE,Combined TRACON& Tower with Radar,279,55,63,2,399,0,29,47,3,79,279,84,110,5,478,0,0,0,478
07/18/2023,SAT,TX,ASW,CE,Combined TRACON& Tower with Radar,272,47,82,3,404,0,22,42,1,65,272,69,124,4,469,0,0,0,469
07/19/2023,SAT,TX,ASW,CE,Combined TRACON& Tower with Radar,275,58,83,4,420,0,19,49,3,71,275,77,132,7,491,0,0,0,491
07/20/2023,SAT,TX,ASW,CE,Combined TRACON& Tower with Radar,276,59,104,5,444,0,20,39,2,61,276,79,143,7,505,0,0,0,505
07/21/2023,SAT,TX,ASW,CE,Combined TRACON& Tower with Radar,281,35,77,8,401,0,16,43,0,59,281,51,120,8,460,0,0,0,460
07/22/2023,SAT,TX,ASW,CE,Combined TRACON& Tower with Radar,249,45,58,7,359,0,19,27,5,51,249,64,85,12,410,0,0,0,410
07/23/2023,SAT,TX,ASW,CE,Combined TRACON& Tower with Radar,242,28,65,6,341,0,11,35,2,48,242,39,100,8,389,0,0,0,389
07/24/2023,SAT,TX,ASW,CE,Combined TRACON& Tower with Radar,285,58,63,1,407,0,14,34,4,52,285,72,97,5,459,0,0,0,459
07/25/2023,SAT,TX,ASW,CE,Combined TRACON& Tower with Radar,271,42,69,7,389,0,6,54,5,65,271,48,123,12,454,0,0,0,454
07/26/2023,SAT,TX,ASW,CE,Combined TRACON& Tower with Radar,271,54,101,6,432,0,11,43,2,56,271,65,144,8,488,0,0,0,488
07/27/2023,SAT,TX,ASW,CE,Combined TRACON& Tower with Radar,288,48,135,2,473,0,15,51,6,72,288,63,186,8,545,0,0,0,545
07/28/2023,SAT,TX,ASW,CE,Combined TRACON& Tower with Radar,280,48,69,9,406,0,17,38,0,55,280,65,107,9,461,0,0,0,461
07/29/2023,SAT,TX,ASW,CE,Combined TRACON& Tower with Radar,239,38,50,3,330,0,21,27,0,48,239,59,77,3,378,0,0,0,378
07/30/2023,SAT,TX,ASW,CE,Combined TRACON& Tower with Radar,249,48,57,8,362,0,27,18,2,47,249,75,75,10,409,0,0,0,409
07/31/2023,SAT,TX,ASW,CE,Combined TRACON& Tower with Radar,280,49,65,5,399,0,28,41,0,69,280,77,106,5,468,0,0,0,468
08/01/2023,SAT,TX,ASW,CE,Combined TRACON& Tower with Radar,275,53,103,2,433,0,36,43,5,84,275,89,146,7,517,0,0,0,517
08/02/2023,SAT,TX,ASW,CE,Combined TRACON& Tower with Radar,284,44,77,4,409,0,26,45,7,78,284,70,122,11,487,0,0,0,487
08/03/2023,SAT,TX,ASW,CE,Combined TRACON& Tower with Radar,274,57,73,6,410,0,25,35,2,62,274,82,108,8,472,0,0,0,472
08/04/2023,SAT,TX,ASW,CE,Combined TRACON& Tower with Radar,289,55,75,3,422,0,27,44,2,73,289,82,119,5,495,0,0,0,495
08/05/2023,SAT,TX,ASW,CE,Combined TRACON& Tower with Radar,253,25,50,0,328,0,19,43,3,65,253,44,93,3,393,0,0,0,393
08/06/2023,SAT,TX,ASW,CE,Combined TRACON& Tower with Radar,241,36,62,6,345,0,21,35,5,61,241,57,97,11,406,0,0,0,406
08/07/2023,SAT,TX,ASW,CE,Combined TRACON& Tower with Radar,276,40,102,10,428,0,22,37,2,61,276,62,139,12,489,0,0,0,489
08/08/2023,SAT,TX,ASW,CE,Combined TRACON& Tower with Radar,279,56,80,7,422,0,31,35,5,71,279,87,115,12,493,0,0,0,493
08/09/2023,SAT,TX,ASW,CE,Combined TRACON& Tower with Radar,280,55,95,15,445,0,16,32,3,51,280,71,127,18,496,0,0,0,496
08/10/2023,SAT,TX,ASW,CE,Combined TRACON& Tower with Radar,278,52,101,5,436,0,12,41,2,55,278,64,142,7,491,0,0,0,491
08/11/2023,SAT,TX,ASW,CE,Combined TRACON& Tower with Radar,278,51,87,13,429,0,9,47,1,57,278,60,134,14,486,0,0,0,486
08/12/2023,SAT,TX,ASW,CE,Combined TRACON& Tower with Radar,248,33,41,2,324,0,12,26,0,38,248,45,67,2,362,0,0,0,362
08/13/2023,SAT,TX,ASW,CE,Combined TRACON& Tower with Radar,250,32,52,1,335,0,16,30,2,48,250,48,82,3,383,0,0,0,383
08/14/2023,SAT,TX,ASW,CE,Combined TRACON& Tower with Radar,276,44,64,10,394,0,27,26,0,53,276,71,90,10,447,0,0,0,447
08/15/2023,SAT,TX,ASW,CE,Combined TRACON& Tower with Radar,266,54,84,8,412,0,37,25,7,69,266,91,109,15,481,0,0,0,481
08/16/2023,SAT,TX,ASW,CE,Combined TRACON& Tower with Radar,267,51,76,5,399,0,27,27,11,65,267,78,103,16,464,0,0,0,464
08/17/2023,SAT,TX,ASW,CE,Combined TRACON& Tower with Radar,267,51,97,5,420,0,34,39,6,79,267,85,136,11,499,0,0,0,499
08/18/2023,SAT,TX,ASW,CE,Combined TRACON& Tower with Radar,278,57,78,10,423,0,35,52,9,96,278,92,130,19,519,0,0,0,519
08/19/2023,SAT,TX,ASW,CE,Combined TRACON& Tower with Radar,238,44,48,2,332,0,22,26,2,50,238,66,74,4,382,0,0,0,382
08/20/2023,SAT,TX,ASW,CE,Combined TRACON& Tower with Radar,243,38,61,8,350,0,16,33,7,56,243,54,94,15,406,0,0,0,406
08/21/2023,SAT,TX,ASW,CE,Combined TRACON& Tower with Radar,259,37,88,5,389,0,33,32,3,68,259,70,120,8,457,0,0,0,457
08/22/2023,SAT,TX,ASW,CE,Combined TRACON& Tower with Radar,274,40,57,9,380,0,2,14,2,18,274,42,71,11,398,0,0,0,398
08/23/2023,SAT,TX,ASW,CE,Combined TRACON& Tower with Radar,257,46,91,15,409,0,24,24,4,52,257,70,115,19,461,0,0,0,461
08/24/2023,SAT,TX,ASW,CE,Combined TRACON& Tower with Radar,275,44,111,4,434,0,43,41,7,91,275,87,152,11,525,0,0,0,525
08/25/2023,SAT,TX,ASW,CE,Combined TRACON& Tower with Radar,262,47,78,7,394,0,26,32,7,65,262,73,110,14,459,0,0,0,459
08/26/2023,SAT,TX,ASW,CE,Combined TRACON& Tower with Radar,247,26,50,22,345,0,32,27,7,66,247,58,77,29,411,0,0,0,411
08/27/2023,SAT,TX,ASW,CE,Combined TRACON& Tower with Radar,272,37,78,10,397,0,25,27,5,57,272,62,105,15,454,0,0,0,454
08/28/2023,SAT,TX,ASW,CE,Combined TRACON& Tower with Radar,262,50,65,1,378,0,18,27,6,51,262,68,92,7,429,0,0,0,429
08/29/2023,SAT,TX,ASW,CE,Combined TRACON& Tower with Radar,260,53,72,14,399,0,20,49,4,73,260,73,121,18,472,0,0,0,472
08/30/2023,SAT,TX,ASW,CE,Combined TRACON& Tower with Radar,272,46,96,4,418,0,31,48,4,83,272,77,144,8,501,0,0,0,501
08/31/2023,SAT,TX,ASW,CE,Combined TRACON& Tower with Radar,273,57,90,9,429,0,29,59,8,96,273,86,149,17,525,0,0,0,525
