01/01/2020,SAV,GA,ASO,ES,Combined TRACON& Tower with Radar,61,29,40,0,130,0,0,37,0,37,61,29,77,0,167,18,0,18,185
01/02/2020,SAV,GA,ASO,ES,Combined TRACON& Tower with Radar,77,36,46,12,171,0,4,49,0,53,77,40,95,12,224,61,3,64,288
01/03/2020,SAV,GA,ASO,ES,Combined TRACON& Tower with Radar,83,40,68,6,197,0,2,27,0,29,83,42,95,6,226,44,0,44,270
01/04/2020,SAV,GA,ASO,ES,Combined TRACON& Tower with Radar,68,35,62,0,165,0,0,15,0,15,68,35,77,0,180,25,0,25,205
01/05/2020,SAV,GA,ASO,ES,Combined TRACON& Tower with Radar,80,41,58,2,181,0,0,62,0,62,80,41,120,2,243,52,0,52,295
01/06/2020,SAV,GA,ASO,ES,Combined TRACON& Tower with Radar,74,36,46,6,162,0,6,58,1,65,74,42,104,7,227,26,0,26,253
01/07/2020,SAV,GA,ASO,ES,Combined TRACON& Tower with Radar,64,50,59,7,180,0,7,54,8,69,64,57,113,15,249,12,2,14,263
01/08/2020,SAV,GA,ASO,ES,Combined TRACON& Tower with Radar,66,44,61,18,189,0,9,62,4,75,66,53,123,22,264,70,0,70,334
01/09/2020,SAV,GA,ASO,ES,Combined TRACON& Tower with Radar,74,43,73,30,220,0,3,67,8,78,74,46,140,38,298,62,7,69,367
01/10/2020,SAV,GA,ASO,ES,Combined TRACON& Tower with Radar,70,50,55,20,195,0,2,30,2,34,70,52,85,22,229,43,2,45,274
01/11/2020,SAV,GA,ASO,ES,Combined TRACON& Tower with Radar,61,30,34,4,129,0,0,22,0,22,61,30,56,4,151,4,0,4,155
01/12/2020,SAV,GA,ASO,ES,Combined TRACON& Tower with Radar,75,41,57,19,192,0,1,10,0,11,75,42,67,19,203,35,0,35,238
01/13/2020,SAV,GA,ASO,ES,Combined TRACON& Tower with Radar,70,35,49,9,163,0,2,17,6,25,70,37,66,15,188,34,0,34,222
01/14/2020,SAV,GA,ASO,ES,Combined TRACON& Tower with Radar,65,45,63,5,178,0,4,38,6,48,65,49,101,11,226,18,0,18,244
01/15/2020,SAV,GA,ASO,ES,Combined TRACON& Tower with Radar,66,38,71,13,188,0,3,47,4,54,66,41,118,17,242,56,0,56,298
01/16/2020,SAV,GA,ASO,ES,Combined TRACON& Tower with Radar,74,46,80,21,221,0,4,35,3,42,74,50,115,24,263,42,0,42,305
01/17/2020,SAV,GA,ASO,ES,Combined TRACON& Tower with Radar,72,42,74,27,215,0,4,74,2,80,72,46,148,29,295,76,0,76,371
01/18/2020,SAV,GA,ASO,ES,Combined TRACON& Tower with Radar,56,30,47,21,154,0,4,61,2,67,56,34,108,23,221,60,2,62,283
01/19/2020,SAV,GA,ASO,ES,Combined TRACON& Tower with Radar,65,33,44,15,157,0,0,27,0,27,65,33,71,15,184,26,0,26,210
01/20/2020,SAV,GA,ASO,ES,Combined TRACON& Tower with Radar,68,35,62,8,173,0,4,53,2,59,68,39,115,10,232,76,2,78,310
01/21/2020,SAV,GA,ASO,ES,Combined TRACON& Tower with Radar,66,48,62,15,191,0,6,48,10,64,66,54,110,25,255,28,0,28,283
01/22/2020,SAV,GA,ASO,ES,Combined TRACON& Tower with Radar,66,52,71,0,189,0,2,57,4,63,66,54,128,4,252,50,0,50,302
01/23/2020,SAV,GA,ASO,ES,Combined TRACON& Tower with Radar,75,56,78,13,222,0,0,45,2,47,75,56,123,15,269,78,0,78,347
01/24/2020,SAV,GA,ASO,ES,Combined TRACON& Tower with Radar,73,44,78,8,203,0,0,8,0,8,73,44,86,8,211,51,0,51,262
01/25/2020,SAV,GA,ASO,ES,Combined TRACON& Tower with Radar,61,39,66,4,170,0,11,101,1,113,61,50,167,5,283,105,0,105,388
01/26/2020,SAV,GA,ASO,ES,Combined TRACON& Tower with Radar,73,54,71,7,205,0,6,78,0,84,73,60,149,7,289,57,2,59,348
01/27/2020,SAV,GA,ASO,ES,Combined TRACON& Tower with Radar,70,41,74,27,212,0,3,54,3,60,70,44,128,30,272,109,2,111,383
01/28/2020,SAV,GA,ASO,ES,Combined TRACON& Tower with Radar,69,56,73,7,205,0,6,48,5,59,69,62,121,12,264,48,0,48,312
01/29/2020,SAV,GA,ASO,ES,Combined TRACON& Tower with Radar,71,45,72,21,209,0,2,46,8,56,71,47,118,29,265,64,0,64,329
01/30/2020,SAV,GA,ASO,ES,Combined TRACON& Tower with Radar,77,55,74,7,213,0,2,39,7,48,77,57,113,14,261,42,0,42,303
01/31/2020,SAV,GA,ASO,ES,Combined TRACON& Tower with Radar,77,42,62,11,192,0,0,9,0,9,77,42,71,11,201,28,0,28,229
02/01/2020,SAV,GA,ASO,ES,Combined TRACON& Tower with Radar,56,39,49,8,152,0,1,0,0,1,56,40,49,8,153,0,0,0,153
02/02/2020,SAV,GA,ASO,ES,Combined TRACON& Tower with Radar,65,33,50,7,155,0,1,55,3,59,65,34,105,10,214,12,0,12,226
02/03/2020,SAV,GA,ASO,ES,Combined TRACON& Tower with Radar,66,54,58,8,186,0,7,48,3,58,66,61,106,11,244,40,14,54,298
02/04/2020,SAV,GA,ASO,ES,Combined TRACON& Tower with Radar,63,43,75,25,206,0,2,55,6,63,63,45,130,31,269,71,23,94,363
02/05/2020,SAV,GA,ASO,ES,Combined TRACON& Tower with Radar,63,47,65,22,197,0,5,46,5,56,63,52,111,27,253,82,12,94,347
02/06/2020,SAV,GA,ASO,ES,Combined TRACON& Tower with Radar,67,40,42,17,166,0,0,9,2,11,67,40,51,19,177,0,12,12,189
02/07/2020,SAV,GA,ASO,ES,Combined TRACON& Tower with Radar,64,48,57,22,191,0,4,36,8,48,64,52,93,30,239,28,2,30,269
02/08/2020,SAV,GA,ASO,ES,Combined TRACON& Tower with Radar,59,42,56,23,180,0,0,80,3,83,59,42,136,26,263,83,0,83,346
02/09/2020,SAV,GA,ASO,ES,Combined TRACON& Tower with Radar,73,37,62,12,184,0,0,49,6,55,73,37,111,18,239,75,4,79,318
02/10/2020,SAV,GA,ASO,ES,Combined TRACON& Tower with Radar,64,46,55,30,195,0,3,46,9,58,64,49,101,39,253,12,22,34,287
02/11/2020,SAV,GA,ASO,ES,Combined TRACON& Tower with Radar,63,42,57,25,187,0,5,38,12,55,63,47,95,37,242,64,10,74,316
02/12/2020,SAV,GA,ASO,ES,Combined TRACON& Tower with Radar,71,49,73,19,212,0,0,45,5,50,71,49,118,24,262,83,4,87,349
02/13/2020,SAV,GA,ASO,ES,Combined TRACON& Tower with Radar,80,55,78,4,217,0,0,8,1,9,80,55,86,5,226,25,23,48,274
02/14/2020,SAV,GA,ASO,ES,Combined TRACON& Tower with Radar,78,70,79,6,233,0,0,60,3,63,78,70,139,9,296,19,16,35,331
02/15/2020,SAV,GA,ASO,ES,Combined TRACON& Tower with Radar,60,44,66,6,176,0,3,89,2,94,60,47,155,8,270,58,0,58,328
02/16/2020,SAV,GA,ASO,ES,Combined TRACON& Tower with Radar,73,31,70,8,182,0,0,15,0,15,73,31,85,8,197,26,8,34,231
02/17/2020,SAV,GA,ASO,ES,Combined TRACON& Tower with Radar,83,61,92,9,245,0,1,11,0,12,83,62,103,9,257,10,0,10,267
02/18/2020,SAV,GA,ASO,ES,Combined TRACON& Tower with Radar,69,53,52,3,177,0,0,4,0,4,69,53,56,3,181,0,0,0,181
02/19/2020,SAV,GA,ASO,ES,Combined TRACON& Tower with Radar,69,54,84,14,221,0,0,20,0,20,69,54,104,14,241,78,10,88,329
02/20/2020,SAV,GA,ASO,ES,Combined TRACON& Tower with Radar,83,60,50,11,204,0,0,5,0,5,83,60,55,11,209,14,0,14,223
02/21/2020,SAV,GA,ASO,ES,Combined TRACON& Tower with Radar,82,67,86,42,277,0,0,58,3,61,82,67,144,45,338,44,0,44,382
02/22/2020,SAV,GA,ASO,ES,Combined TRACON& Tower with Radar,70,46,62,24,202,0,2,105,1,108,70,48,167,25,310,55,4,59,369
02/23/2020,SAV,GA,ASO,ES,Combined TRACON& Tower with Radar,77,43,74,30,224,0,1,78,2,81,77,44,152,32,305,114,8,122,427
02/24/2020,SAV,GA,ASO,ES,Combined TRACON& Tower with Radar,77,63,64,38,242,0,3,46,5,54,77,66,110,43,296,77,0,77,373
02/25/2020,SAV,GA,ASO,ES,Combined TRACON& Tower with Radar,69,58,47,18,192,0,1,18,1,20,69,59,65,19,212,38,14,52,264
02/26/2020,SAV,GA,ASO,ES,Combined TRACON& Tower with Radar,64,48,57,10,179,1,0,6,0,7,65,48,63,10,186,34,8,42,228
02/27/2020,SAV,GA,ASO,ES,Combined TRACON& Tower with Radar,75,78,77,21,251,0,7,55,0,62,75,85,132,21,313,42,12,54,367
02/28/2020,SAV,GA,ASO,ES,Combined TRACON& Tower with Radar,83,68,63,16,230,0,5,66,2,73,83,73,129,18,303,0,0,0,303
02/29/2020,SAV,GA,ASO,ES,Combined TRACON& Tower with Radar,65,39,37,10,151,0,8,56,1,65,65,47,93,11,216,4,0,4,220
03/01/2020,SAV,GA,ASO,ES,Combined TRACON& Tower with Radar,80,42,93,5,220,0,4,89,0,93,80,46,182,5,313,40,0,40,353
03/02/2020,SAV,GA,ASO,ES,Combined TRACON& Tower with Radar,80,46,62,15,203,0,2,80,2,84,80,48,142,17,287,20,10,30,317
03/03/2020,SAV,GA,ASO,ES,Combined TRACON& Tower with Radar,69,63,70,19,221,0,3,41,1,45,69,66,111,20,266,40,1,41,307
03/04/2020,SAV,GA,ASO,ES,Combined TRACON& Tower with Radar,69,53,40,3,165,0,0,1,0,1,69,53,41,3,166,0,0,0,166
03/05/2020,SAV,GA,ASO,ES,Combined TRACON& Tower with Radar,86,49,60,15,210,0,0,0,0,0,86,49,60,15,210,0,0,0,210
03/06/2020,SAV,GA,ASO,ES,Combined TRACON& Tower with Radar,84,50,73,18,225,0,0,42,0,42,84,50,115,18,267,24,0,24,291
03/07/2020,SAV,GA,ASO,ES,Combined TRACON& Tower with Radar,73,45,46,12,176,0,0,75,3,78,73,45,121,15,254,26,12,38,292
03/08/2020,SAV,GA,ASO,ES,Combined TRACON& Tower with Radar,89,44,70,9,212,0,2,79,1,82,89,46,149,10,294,102,0,102,396
03/09/2020,SAV,GA,ASO,ES,Combined TRACON& Tower with Radar,84,51,84,15,234,0,4,67,3,74,84,55,151,18,308,61,16,77,385
03/10/2020,SAV,GA,ASO,ES,Combined TRACON& Tower with Radar,80,47,82,11,220,0,1,64,2,67,80,48,146,13,287,112,4,116,403
03/11/2020,SAV,GA,ASO,ES,Combined TRACON& Tower with Radar,79,60,54,11,204,0,7,62,2,71,79,67,116,13,275,38,0,38,313
03/12/2020,SAV,GA,ASO,ES,Combined TRACON& Tower with Radar,96,73,86,22,277,0,5,52,5,62,96,78,138,27,339,28,6,34,373
03/13/2020,SAV,GA,ASO,ES,Combined TRACON& Tower with Radar,92,50,85,20,247,0,0,83,6,89,92,50,168,26,336,75,0,75,411
03/14/2020,SAV,GA,ASO,ES,Combined TRACON& Tower with Radar,90,49,52,7,198,0,2,57,0,59,90,51,109,7,257,0,0,0,257
03/15/2020,SAV,GA,ASO,ES,Combined TRACON& Tower with Radar,97,48,60,11,216,0,3,31,8,42,97,51,91,19,258,25,0,25,283
03/16/2020,SAV,GA,ASO,ES,Combined TRACON& Tower with Radar,91,37,48,9,185,0,0,22,0,22,91,37,70,9,207,0,0,0,207
03/17/2020,SAV,GA,ASO,ES,Combined TRACON& Tower with Radar,91,49,41,12,193,0,0,26,2,28,91,49,67,14,221,38,0,38,259
03/18/2020,SAV,GA,ASO,ES,Combined TRACON& Tower with Radar,87,48,72,6,213,0,0,32,4,36,87,48,104,10,249,43,0,43,292
03/19/2020,SAV,GA,ASO,ES,Combined TRACON& Tower with Radar,92,44,50,13,199,0,0,44,0,44,92,44,94,13,243,0,0,0,243
03/20/2020,SAV,GA,ASO,ES,Combined TRACON& Tower with Radar,77,57,52,9,195,0,0,48,0,48,77,57,100,9,243,0,0,0,243
03/21/2020,SAV,GA,ASO,ES,Combined TRACON& Tower with Radar,74,32,48,8,162,0,4,59,0,63,74,36,107,8,225,0,0,0,225
03/22/2020,SAV,GA,ASO,ES,Combined TRACON& Tower with Radar,79,32,43,1,155,0,0,9,0,9,79,32,52,1,164,0,0,0,164
03/23/2020,SAV,GA,ASO,ES,Combined TRACON& Tower with Radar,50,29,35,2,116,0,0,12,0,12,50,29,47,2,128,71,0,71,199
03/24/2020,SAV,GA,ASO,ES,Combined TRACON& Tower with Radar,48,39,25,9,121,0,0,35,0,35,48,39,60,9,156,70,2,72,228
03/25/2020,SAV,GA,ASO,ES,Combined TRACON& Tower with Radar,44,31,30,12,117,0,3,38,0,41,44,34,68,12,158,54,0,54,212
03/26/2020,SAV,GA,ASO,ES,Combined TRACON& Tower with Radar,41,29,42,4,116,0,0,58,2,60,41,29,100,6,176,63,0,63,239
03/27/2020,SAV,GA,ASO,ES,Combined TRACON& Tower with Radar,53,29,39,10,131,0,0,45,1,46,53,29,84,11,177,0,0,0,177
03/28/2020,SAV,GA,ASO,ES,Combined TRACON& Tower with Radar,36,20,25,0,81,0,7,46,0,53,36,27,71,0,134,0,0,0,134
03/29/2020,SAV,GA,ASO,ES,Combined TRACON& Tower with Radar,38,13,24,0,75,0,1,22,0,23,38,14,46,0,98,0,0,0,98
03/30/2020,SAV,GA,ASO,ES,Combined TRACON& Tower with Radar,42,39,37,0,118,0,3,61,2,66,42,42,98,2,184,0,0,0,184
03/31/2020,SAV,GA,ASO,ES,Combined TRACON& Tower with Radar,39,17,18,8,82,0,0,23,0,23,39,17,41,8,105,0,0,0,105
04/01/2020,SAV,GA,ASO,ES,Combined TRACON& Tower with Radar,36,19,28,14,97,0,0,33,4,37,36,19,61,18,134,80,52,132,266
04/02/2020,SAV,GA,ASO,ES,Combined TRACON& Tower with Radar,37,16,56,7,116,0,4,48,2,54,37,20,104,9,170,34,0,34,204
04/03/2020,SAV,GA,ASO,ES,Combined TRACON& Tower with Radar,37,11,20,16,84,0,2,53,1,56,37,13,73,17,140,58,0,58,198
04/04/2020,SAV,GA,ASO,ES,Combined TRACON& Tower with Radar,31,11,30,8,80,0,7,41,6,54,31,18,71,14,134,118,0,118,252
04/05/2020,SAV,GA,ASO,ES,Combined TRACON& Tower with Radar,35,5,20,1,61,0,2,25,0,27,35,7,45,1,88,70,0,70,158
04/06/2020,SAV,GA,ASO,ES,Combined TRACON& Tower with Radar,35,16,24,14,89,0,9,46,0,55,35,25,70,14,144,18,0,18,162
04/07/2020,SAV,GA,ASO,ES,Combined TRACON& Tower with Radar,33,19,24,20,96,0,1,28,0,29,33,20,52,20,125,42,20,62,187
04/08/2020,SAV,GA,ASO,ES,Combined TRACON& Tower with Radar,37,17,35,15,104,0,0,22,0,22,37,17,57,15,126,72,0,72,198
04/09/2020,SAV,GA,ASO,ES,Combined TRACON& Tower with Radar,30,22,28,12,92,0,3,28,0,31,30,25,56,12,123,68,0,68,191
04/10/2020,SAV,GA,ASO,ES,Combined TRACON& Tower with Radar,38,15,22,22,97,0,2,34,2,38,38,17,56,24,135,12,6,18,153
04/11/2020,SAV,GA,ASO,ES,Combined TRACON& Tower with Radar,31,8,26,15,80,0,4,52,3,59,31,12,78,18,139,69,0,69,208
04/12/2020,SAV,GA,ASO,ES,Combined TRACON& Tower with Radar,32,5,14,12,63,0,0,4,2,6,32,5,18,14,69,0,0,0,69
04/13/2020,SAV,GA,ASO,ES,Combined TRACON& Tower with Radar,34,13,17,10,74,0,0,20,0,20,34,13,37,10,94,0,0,0,94
04/14/2020,SAV,GA,ASO,ES,Combined TRACON& Tower with Radar,36,22,24,22,104,0,3,62,0,65,36,25,86,22,169,76,32,108,277
04/15/2020,SAV,GA,ASO,ES,Combined TRACON& Tower with Radar,30,23,45,23,121,0,0,20,3,23,30,23,65,26,144,6,0,6,150
04/16/2020,SAV,GA,ASO,ES,Combined TRACON& Tower with Radar,28,20,26,16,90,0,1,69,1,71,28,21,95,17,161,28,13,41,202
04/17/2020,SAV,GA,ASO,ES,Combined TRACON& Tower with Radar,32,27,39,21,119,0,3,75,0,78,32,30,114,21,197,39,10,49,246
04/18/2020,SAV,GA,ASO,ES,Combined TRACON& Tower with Radar,19,16,16,6,57,0,0,23,1,24,19,16,39,7,81,22,0,22,103
04/19/2020,SAV,GA,ASO,ES,Combined TRACON& Tower with Radar,27,7,7,2,43,0,1,4,0,5,27,8,11,2,48,40,48,88,136
04/20/2020,SAV,GA,ASO,ES,Combined TRACON& Tower with Radar,21,21,20,13,75,0,0,16,0,16,21,21,36,13,91,4,8,12,103
04/21/2020,SAV,GA,ASO,ES,Combined TRACON& Tower with Radar,23,23,55,14,115,0,5,66,0,71,23,28,121,14,186,76,8,84,270
04/22/2020,SAV,GA,ASO,ES,Combined TRACON& Tower with Radar,21,31,46,18,116,0,4,81,9,94,21,35,127,27,210,22,0,22,232
04/23/2020,SAV,GA,ASO,ES,Combined TRACON& Tower with Radar,22,24,22,8,76,0,3,11,4,18,22,27,33,12,94,34,19,53,147
04/24/2020,SAV,GA,ASO,ES,Combined TRACON& Tower with Radar,30,31,40,24,125,0,6,40,6,52,30,37,80,30,177,26,42,68,245
04/25/2020,SAV,GA,ASO,ES,Combined TRACON& Tower with Radar,23,8,38,16,85,0,0,69,12,81,23,8,107,28,166,35,34,69,235
04/26/2020,SAV,GA,ASO,ES,Combined TRACON& Tower with Radar,18,7,26,9,60,0,0,36,20,56,18,7,62,29,116,0,0,0,116
04/27/2020,SAV,GA,ASO,ES,Combined TRACON& Tower with Radar,20,16,36,15,87,0,2,66,5,73,20,18,102,20,160,40,0,40,200
04/28/2020,SAV,GA,ASO,ES,Combined TRACON& Tower with Radar,26,20,33,21,100,0,2,63,1,66,26,22,96,22,166,62,2,64,230
04/29/2020,SAV,GA,ASO,ES,Combined TRACON& Tower with Radar,22,18,43,3,86,0,0,38,2,40,22,18,81,5,126,18,0,18,144
04/30/2020,SAV,GA,ASO,ES,Combined TRACON& Tower with Radar,25,17,38,21,101,0,2,34,0,36,25,19,72,21,137,22,4,26,163
05/01/2020,SAV,GA,ASO,ES,Combined TRACON& Tower with Radar,29,25,30,10,94,0,2,49,3,54,29,27,79,13,148,38,0,38,186
05/02/2020,SAV,GA,ASO,ES,Combined TRACON& Tower with Radar,24,20,27,8,79,0,0,62,2,64,24,20,89,10,143,56,0,56,199
05/03/2020,SAV,GA,ASO,ES,Combined TRACON& Tower with Radar,29,8,53,2,92,0,2,47,1,50,29,10,100,3,142,48,4,52,194
05/04/2020,SAV,GA,ASO,ES,Combined TRACON& Tower with Radar,28,20,42,2,92,0,3,49,0,52,28,23,91,2,144,10,16,26,170
05/05/2020,SAV,GA,ASO,ES,Combined TRACON& Tower with Radar,26,21,36,14,97,0,2,52,0,54,26,23,88,14,151,30,2,32,183
05/06/2020,SAV,GA,ASO,ES,Combined TRACON& Tower with Radar,20,19,45,14,98,0,3,52,3,58,20,22,97,17,156,59,0,59,215
05/07/2020,SAV,GA,ASO,ES,Combined TRACON& Tower with Radar,30,21,47,12,110,0,0,65,2,67,30,21,112,14,177,57,2,59,236
05/08/2020,SAV,GA,ASO,ES,Combined TRACON& Tower with Radar,29,25,45,6,105,0,0,58,3,61,29,25,103,9,166,24,0,24,190
05/09/2020,SAV,GA,ASO,ES,Combined TRACON& Tower with Radar,22,14,30,7,73,0,2,58,2,62,22,16,88,9,135,122,0,122,257
05/10/2020,SAV,GA,ASO,ES,Combined TRACON& Tower with Radar,30,9,29,3,71,0,0,35,0,35,30,9,64,3,106,9,0,9,115
05/11/2020,SAV,GA,ASO,ES,Combined TRACON& Tower with Radar,27,17,43,15,102,0,4,57,0,61,27,21,100,15,163,78,0,78,241
05/12/2020,SAV,GA,ASO,ES,Combined TRACON& Tower with Radar,23,13,60,18,114,0,0,67,0,67,23,13,127,18,181,62,20,82,263
05/13/2020,SAV,GA,ASO,ES,Combined TRACON& Tower with Radar,25,15,41,23,104,0,2,41,6,49,25,17,82,29,153,77,32,109,262
05/14/2020,SAV,GA,ASO,ES,Combined TRACON& Tower with Radar,36,30,42,6,114,0,4,60,0,64,36,34,102,6,178,42,0,42,220
05/15/2020,SAV,GA,ASO,ES,Combined TRACON& Tower with Radar,32,30,44,24,130,0,0,57,3,60,32,30,101,27,190,29,2,31,221
05/16/2020,SAV,GA,ASO,ES,Combined TRACON& Tower with Radar,27,31,57,13,128,0,2,49,1,52,27,33,106,14,180,29,0,29,209
05/17/2020,SAV,GA,ASO,ES,Combined TRACON& Tower with Radar,32,15,52,4,103,0,0,17,0,17,32,15,69,4,120,42,0,42,162
05/18/2020,SAV,GA,ASO,ES,Combined TRACON& Tower with Radar,29,26,52,25,132,0,0,23,3,26,29,26,75,28,158,66,22,88,246
05/19/2020,SAV,GA,ASO,ES,Combined TRACON& Tower with Radar,21,37,47,22,127,0,2,34,13,49,21,39,81,35,176,66,50,116,292
05/20/2020,SAV,GA,ASO,ES,Combined TRACON& Tower with Radar,25,30,40,19,114,0,2,6,5,13,25,32,46,24,127,30,0,30,157
05/21/2020,SAV,GA,ASO,ES,Combined TRACON& Tower with Radar,36,40,49,13,138,0,0,18,0,18,36,40,67,13,156,36,0,36,192
05/22/2020,SAV,GA,ASO,ES,Combined TRACON& Tower with Radar,36,40,55,25,156,0,4,57,1,62,36,44,112,26,218,48,0,48,266
05/23/2020,SAV,GA,ASO,ES,Combined TRACON& Tower with Radar,25,23,29,2,79,0,1,47,0,48,25,24,76,2,127,36,0,36,163
05/24/2020,SAV,GA,ASO,ES,Combined TRACON& Tower with Radar,35,16,36,4,91,0,1,42,0,43,35,17,78,4,134,0,0,0,134
05/25/2020,SAV,GA,ASO,ES,Combined TRACON& Tower with Radar,32,16,32,8,88,0,0,5,1,6,32,16,37,9,94,6,8,14,108
05/26/2020,SAV,GA,ASO,ES,Combined TRACON& Tower with Radar,20,19,44,4,87,0,0,1,0,1,20,19,45,4,88,0,0,0,88
05/27/2020,SAV,GA,ASO,ES,Combined TRACON& Tower with Radar,24,32,66,17,139,0,0,4,7,11,24,32,70,24,150,0,0,0,150
05/28/2020,SAV,GA,ASO,ES,Combined TRACON& Tower with Radar,36,40,65,26,167,0,1,39,5,45,36,41,104,31,212,69,13,82,294
05/29/2020,SAV,GA,ASO,ES,Combined TRACON& Tower with Radar,34,32,49,18,133,0,2,30,0,32,34,34,79,18,165,87,8,95,260
05/30/2020,SAV,GA,ASO,ES,Combined TRACON& Tower with Radar,27,22,26,10,85,0,0,26,2,28,27,22,52,12,113,69,4,73,186
05/31/2020,SAV,GA,ASO,ES,Combined TRACON& Tower with Radar,43,22,63,4,132,0,0,68,4,72,43,22,131,8,204,34,4,38,242
06/01/2020,SAV,GA,ASO,ES,Combined TRACON& Tower with Radar,30,36,41,14,121,0,3,54,1,58,30,39,95,15,179,41,0,41,220
06/02/2020,SAV,GA,ASO,ES,Combined TRACON& Tower with Radar,18,34,58,23,133,0,1,71,5,77,18,35,129,28,210,49,0,49,259
06/03/2020,SAV,GA,ASO,ES,Combined TRACON& Tower with Radar,30,37,75,10,152,0,8,63,0,71,30,45,138,10,223,49,0,49,272
06/04/2020,SAV,GA,ASO,ES,Combined TRACON& Tower with Radar,44,31,48,7,130,0,0,30,2,32,44,31,78,9,162,14,10,24,186
06/05/2020,SAV,GA,ASO,ES,Combined TRACON& Tower with Radar,31,36,55,17,139,0,5,38,3,46,31,41,93,20,185,100,0,100,285
06/06/2020,SAV,GA,ASO,ES,Combined TRACON& Tower with Radar,34,14,40,10,98,0,0,52,4,56,34,14,92,14,154,65,14,79,233
06/07/2020,SAV,GA,ASO,ES,Combined TRACON& Tower with Radar,40,11,58,15,124,0,0,9,0,9,40,11,67,15,133,10,8,18,151
06/08/2020,SAV,GA,ASO,ES,Combined TRACON& Tower with Radar,31,34,54,15,134,0,2,25,0,27,31,36,79,15,161,6,0,6,167
06/09/2020,SAV,GA,ASO,ES,Combined TRACON& Tower with Radar,24,28,66,22,140,0,4,24,2,30,24,32,90,24,170,68,38,106,276
06/10/2020,SAV,GA,ASO,ES,Combined TRACON& Tower with Radar,30,24,63,8,125,0,5,47,2,54,30,29,110,10,179,64,0,64,243
06/11/2020,SAV,GA,ASO,ES,Combined TRACON& Tower with Radar,46,35,61,3,145,0,5,58,1,64,46,40,119,4,209,65,36,101,310
06/12/2020,SAV,GA,ASO,ES,Combined TRACON& Tower with Radar,34,33,70,9,146,0,1,18,0,19,34,34,88,9,165,28,0,28,193
06/13/2020,SAV,GA,ASO,ES,Combined TRACON& Tower with Radar,35,41,62,8,146,0,0,21,2,23,35,41,83,10,169,12,0,12,181
06/14/2020,SAV,GA,ASO,ES,Combined TRACON& Tower with Radar,42,30,51,9,132,0,0,43,0,43,42,30,94,9,175,32,0,32,207
06/15/2020,SAV,GA,ASO,ES,Combined TRACON& Tower with Radar,40,33,56,4,133,0,1,35,0,36,40,34,91,4,169,98,0,98,267
06/16/2020,SAV,GA,ASO,ES,Combined TRACON& Tower with Radar,25,55,85,17,182,0,3,28,3,34,25,58,113,20,216,69,20,89,305
06/17/2020,SAV,GA,ASO,ES,Combined TRACON& Tower with Radar,32,45,77,17,171,0,2,43,4,49,32,47,120,21,220,79,6,85,305
06/18/2020,SAV,GA,ASO,ES,Combined TRACON& Tower with Radar,43,50,75,23,191,0,0,59,1,60,43,50,134,24,251,70,28,98,349
06/19/2020,SAV,GA,ASO,ES,Combined TRACON& Tower with Radar,33,45,66,9,153,0,2,51,0,53,33,47,117,9,206,86,4,90,296
06/20/2020,SAV,GA,ASO,ES,Combined TRACON& Tower with Radar,39,16,48,2,105,0,0,58,0,58,39,16,106,2,163,6,0,6,169
06/21/2020,SAV,GA,ASO,ES,Combined TRACON& Tower with Radar,43,16,55,0,114,0,2,49,0,51,43,18,104,0,165,26,8,34,199
06/22/2020,SAV,GA,ASO,ES,Combined TRACON& Tower with Radar,37,29,47,19,132,0,8,61,2,71,37,37,108,21,203,34,6,40,243
06/23/2020,SAV,GA,ASO,ES,Combined TRACON& Tower with Radar,26,35,44,26,131,0,4,48,2,54,26,39,92,28,185,24,32,56,241
06/24/2020,SAV,GA,ASO,ES,Combined TRACON& Tower with Radar,33,40,65,11,149,0,4,55,6,65,33,44,120,17,214,13,0,13,227
06/25/2020,SAV,GA,ASO,ES,Combined TRACON& Tower with Radar,45,24,67,34,170,0,0,54,3,57,45,24,121,37,227,54,12,66,293
06/26/2020,SAV,GA,ASO,ES,Combined TRACON& Tower with Radar,33,43,79,7,162,0,6,65,2,73,33,49,144,9,235,33,1,34,269
06/27/2020,SAV,GA,ASO,ES,Combined TRACON& Tower with Radar,43,30,49,33,155,0,1,41,0,42,43,31,90,33,197,4,28,32,229
06/28/2020,SAV,GA,ASO,ES,Combined TRACON& Tower with Radar,46,18,35,7,106,0,0,37,1,38,46,18,72,8,144,25,11,36,180
06/29/2020,SAV,GA,ASO,ES,Combined TRACON& Tower with Radar,37,36,48,7,128,0,4,34,1,39,37,40,82,8,167,78,0,78,245
06/30/2020,SAV,GA,ASO,ES,Combined TRACON& Tower with Radar,28,34,56,14,132,0,2,53,2,57,28,36,109,16,189,75,0,75,264
07/01/2020,SAV,GA,ASO,ES,Combined TRACON& Tower with Radar,46,42,49,24,161,0,0,43,3,46,46,42,92,27,207,26,28,54,261
07/02/2020,SAV,GA,ASO,ES,Combined TRACON& Tower with Radar,58,26,56,0,140,0,0,46,0,46,58,26,102,0,186,55,0,55,241
07/03/2020,SAV,GA,ASO,ES,Combined TRACON& Tower with Radar,45,21,45,2,113,0,2,54,0,56,45,23,99,2,169,64,0,64,233
07/04/2020,SAV,GA,ASO,ES,Combined TRACON& Tower with Radar,50,13,12,4,79,0,0,19,0,19,50,13,31,4,98,0,0,0,98
07/05/2020,SAV,GA,ASO,ES,Combined TRACON& Tower with Radar,52,23,44,0,119,0,0,23,0,23,52,23,67,0,142,37,0,37,179
07/06/2020,SAV,GA,ASO,ES,Combined TRACON& Tower with Radar,42,28,49,0,119,0,0,22,0,22,42,28,71,0,141,0,0,0,141
07/07/2020,SAV,GA,ASO,ES,Combined TRACON& Tower with Radar,42,43,40,4,129,0,0,16,2,18,42,43,56,6,147,6,0,6,153
07/08/2020,SAV,GA,ASO,ES,Combined TRACON& Tower with Radar,48,39,64,7,158,0,1,22,1,24,48,40,86,8,182,56,0,56,238
07/09/2020,SAV,GA,ASO,ES,Combined TRACON& Tower with Radar,67,50,66,6,189,0,2,44,1,47,67,52,110,7,236,62,0,62,298
07/10/2020,SAV,GA,ASO,ES,Combined TRACON& Tower with Radar,54,25,71,9,159,0,5,62,2,69,54,30,133,11,228,95,0,95,323
07/11/2020,SAV,GA,ASO,ES,Combined TRACON& Tower with Radar,65,26,30,5,126,0,4,41,1,46,65,30,71,6,172,42,0,42,214
07/12/2020,SAV,GA,ASO,ES,Combined TRACON& Tower with Radar,66,26,41,8,141,0,1,55,3,59,66,27,96,11,200,52,0,52,252
07/13/2020,SAV,GA,ASO,ES,Combined TRACON& Tower with Radar,57,31,49,14,151,0,5,56,0,61,57,36,105,14,212,54,0,54,266
07/14/2020,SAV,GA,ASO,ES,Combined TRACON& Tower with Radar,42,39,65,4,150,0,2,70,1,73,42,41,135,5,223,72,2,74,297
07/15/2020,SAV,GA,ASO,ES,Combined TRACON& Tower with Radar,48,28,64,14,154,0,6,78,2,86,48,34,142,16,240,85,10,95,335
07/16/2020,SAV,GA,ASO,ES,Combined TRACON& Tower with Radar,65,36,68,3,172,0,4,53,1,58,65,40,121,4,230,70,0,70,300
07/17/2020,SAV,GA,ASO,ES,Combined TRACON& Tower with Radar,56,26,48,3,133,0,6,62,0,68,56,32,110,3,201,22,0,22,223
07/18/2020,SAV,GA,ASO,ES,Combined TRACON& Tower with Radar,65,19,49,4,137,0,2,57,2,61,65,21,106,6,198,50,0,50,248
07/19/2020,SAV,GA,ASO,ES,Combined TRACON& Tower with Radar,66,20,57,11,154,0,2,37,1,40,66,22,94,12,194,4,0,4,198
07/20/2020,SAV,GA,ASO,ES,Combined TRACON& Tower with Radar,67,32,52,2,153,0,8,54,0,62,67,40,106,2,215,36,0,36,251
07/21/2020,SAV,GA,ASO,ES,Combined TRACON& Tower with Radar,54,27,53,9,143,0,0,42,2,44,54,27,95,11,187,18,4,22,209
07/22/2020,SAV,GA,ASO,ES,Combined TRACON& Tower with Radar,46,23,59,6,134,0,5,45,2,52,46,28,104,8,186,81,0,81,267
07/23/2020,SAV,GA,ASO,ES,Combined TRACON& Tower with Radar,66,23,52,19,160,0,7,41,0,48,66,30,93,19,208,89,25,114,322
07/24/2020,SAV,GA,ASO,ES,Combined TRACON& Tower with Radar,58,22,45,3,128,0,4,39,2,45,58,26,84,5,173,60,0,60,233
07/25/2020,SAV,GA,ASO,ES,Combined TRACON& Tower with Radar,58,27,28,7,120,0,0,49,1,50,58,27,77,8,170,45,0,45,215
07/26/2020,SAV,GA,ASO,ES,Combined TRACON& Tower with Radar,64,39,49,10,162,0,2,58,0,60,64,41,107,10,222,23,4,27,249
07/27/2020,SAV,GA,ASO,ES,Combined TRACON& Tower with Radar,53,31,50,13,147,0,7,64,2,73,53,38,114,15,220,123,0,123,343
07/28/2020,SAV,GA,ASO,ES,Combined TRACON& Tower with Radar,42,39,58,27,166,0,5,60,4,69,42,44,118,31,235,42,6,48,283
07/29/2020,SAV,GA,ASO,ES,Combined TRACON& Tower with Radar,46,37,62,15,160,0,0,49,1,50,46,37,111,16,210,0,0,0,210
07/30/2020,SAV,GA,ASO,ES,Combined TRACON& Tower with Radar,63,30,71,7,171,0,2,25,1,28,63,32,96,8,199,34,0,34,233
07/31/2020,SAV,GA,ASO,ES,Combined TRACON& Tower with Radar,56,25,57,8,146,0,6,62,0,68,56,31,119,8,214,62,4,66,280
08/01/2020,SAV,GA,ASO,ES,Combined TRACON& Tower with Radar,70,22,59,15,166,0,2,71,0,73,70,24,130,15,239,67,0,67,306
08/02/2020,SAV,GA,ASO,ES,Combined TRACON& Tower with Radar,68,11,30,3,112,0,0,39,0,39,68,11,69,3,151,67,0,67,218
08/03/2020,SAV,GA,ASO,ES,Combined TRACON& Tower with Radar,66,15,24,0,105,0,0,3,0,3,66,15,27,0,108,3,0,3,111
08/04/2020,SAV,GA,ASO,ES,Combined TRACON& Tower with Radar,40,50,83,8,181,0,0,24,0,24,40,50,107,8,205,40,0,40,245
08/05/2020,SAV,GA,ASO,ES,Combined TRACON& Tower with Radar,56,36,60,19,171,0,2,58,6,66,56,38,118,25,237,44,12,56,293
08/06/2020,SAV,GA,ASO,ES,Combined TRACON& Tower with Radar,72,39,48,6,165,0,5,45,2,52,72,44,93,8,217,51,0,51,268
08/07/2020,SAV,GA,ASO,ES,Combined TRACON& Tower with Radar,61,30,61,10,162,0,4,51,1,56,61,34,112,11,218,92,0,92,310
08/08/2020,SAV,GA,ASO,ES,Combined TRACON& Tower with Radar,73,26,27,24,150,0,0,32,5,37,73,26,59,29,187,24,16,40,227
08/09/2020,SAV,GA,ASO,ES,Combined TRACON& Tower with Radar,72,17,38,5,132,0,0,34,6,40,72,17,72,11,172,3,0,3,175
08/10/2020,SAV,GA,ASO,ES,Combined TRACON& Tower with Radar,64,26,34,12,136,0,4,53,0,57,64,30,87,12,193,32,0,32,225
08/11/2020,SAV,GA,ASO,ES,Combined TRACON& Tower with Radar,46,26,63,2,137,0,4,52,8,64,46,30,115,10,201,62,0,62,263
08/12/2020,SAV,GA,ASO,ES,Combined TRACON& Tower with Radar,54,34,47,6,141,0,3,49,0,52,54,37,96,6,193,59,0,59,252
08/13/2020,SAV,GA,ASO,ES,Combined TRACON& Tower with Radar,76,36,47,22,181,0,2,42,8,52,76,38,89,30,233,64,0,64,297
08/14/2020,SAV,GA,ASO,ES,Combined TRACON& Tower with Radar,59,30,61,28,178,0,4,57,5,66,59,34,118,33,244,56,20,76,320
08/15/2020,SAV,GA,ASO,ES,Combined TRACON& Tower with Radar,70,16,39,3,128,0,1,29,4,34,70,17,68,7,162,18,0,18,180
08/16/2020,SAV,GA,ASO,ES,Combined TRACON& Tower with Radar,71,17,58,6,152,0,0,35,6,41,71,17,93,12,193,35,0,35,228
08/17/2020,SAV,GA,ASO,ES,Combined TRACON& Tower with Radar,56,36,48,25,165,0,2,63,7,72,56,38,111,32,237,52,20,72,309
08/18/2020,SAV,GA,ASO,ES,Combined TRACON& Tower with Radar,44,31,60,26,161,0,3,56,7,66,44,34,116,33,227,69,6,75,302
08/19/2020,SAV,GA,ASO,ES,Combined TRACON& Tower with Radar,44,47,51,27,169,0,13,54,9,76,44,60,105,36,245,133,10,143,388
08/20/2020,SAV,GA,ASO,ES,Combined TRACON& Tower with Radar,68,33,63,32,196,0,6,34,10,50,68,39,97,42,246,39,8,47,293
08/21/2020,SAV,GA,ASO,ES,Combined TRACON& Tower with Radar,57,32,44,19,152,0,7,42,9,58,57,39,86,28,210,64,14,78,288
08/22/2020,SAV,GA,ASO,ES,Combined TRACON& Tower with Radar,59,24,32,10,125,0,0,29,6,35,59,24,61,16,160,32,0,32,192
08/23/2020,SAV,GA,ASO,ES,Combined TRACON& Tower with Radar,67,13,39,5,124,0,0,11,1,12,67,13,50,6,136,28,0,28,164
08/24/2020,SAV,GA,ASO,ES,Combined TRACON& Tower with Radar,57,35,29,24,145,0,0,9,1,10,57,35,38,25,155,0,0,0,155
08/25/2020,SAV,GA,ASO,ES,Combined TRACON& Tower with Radar,43,30,56,37,166,0,3,27,4,34,43,33,83,41,200,16,4,20,220
08/26/2020,SAV,GA,ASO,ES,Combined TRACON& Tower with Radar,45,43,66,26,180,0,9,39,6,54,45,52,105,32,234,50,2,52,286
08/27/2020,SAV,GA,ASO,ES,Combined TRACON& Tower with Radar,64,45,54,34,197,0,6,57,4,67,64,51,111,38,264,33,0,33,297
08/28/2020,SAV,GA,ASO,ES,Combined TRACON& Tower with Radar,58,32,88,37,215,0,2,34,1,37,58,34,122,38,252,72,21,93,345
08/29/2020,SAV,GA,ASO,ES,Combined TRACON& Tower with Radar,57,12,33,5,107,0,2,31,2,35,57,14,64,7,142,0,0,0,142
08/30/2020,SAV,GA,ASO,ES,Combined TRACON& Tower with Radar,63,13,44,5,125,0,0,14,0,14,63,13,58,5,139,0,0,0,139
08/31/2020,SAV,GA,ASO,ES,Combined TRACON& Tower with Radar,57,30,61,5,153,0,3,42,9,54,57,33,103,14,207,48,0,48,255
09/01/2020,SAV,GA,ASO,ES,Combined TRACON& Tower with Radar,42,52,69,20,183,0,0,60,3,63,42,52,129,23,246,40,2,42,288
09/02/2020,SAV,GA,ASO,ES,Combined TRACON& Tower with Radar,41,46,76,5,168,0,5,54,1,60,41,51,130,6,228,91,0,91,319
09/03/2020,SAV,GA,ASO,ES,Combined TRACON& Tower with Radar,70,47,73,8,198,0,0,62,2,64,70,47,135,10,262,63,6,69,331
09/04/2020,SAV,GA,ASO,ES,Combined TRACON& Tower with Radar,63,27,94,0,184,0,8,73,0,81,63,35,167,0,265,20,0,20,285
09/05/2020,SAV,GA,ASO,ES,Combined TRACON& Tower with Radar,51,25,31,2,109,0,3,69,0,72,51,28,100,2,181,29,0,29,210
09/06/2020,SAV,GA,ASO,ES,Combined TRACON& Tower with Radar,55,12,41,0,108,0,0,28,0,28,55,12,69,0,136,28,0,28,164
09/07/2020,SAV,GA,ASO,ES,Combined TRACON& Tower with Radar,66,17,79,2,164,0,0,54,0,54,66,17,133,2,218,20,0,20,238
09/08/2020,SAV,GA,ASO,ES,Combined TRACON& Tower with Radar,40,20,68,6,134,0,0,60,2,62,40,20,128,8,196,43,10,53,249
09/09/2020,SAV,GA,ASO,ES,Combined TRACON& Tower with Radar,42,41,62,8,153,0,0,16,2,18,42,41,78,10,171,27,0,27,198
09/10/2020,SAV,GA,ASO,ES,Combined TRACON& Tower with Radar,65,34,58,20,177,0,0,19,4,23,65,34,77,24,200,35,0,35,235
09/11/2020,SAV,GA,ASO,ES,Combined TRACON& Tower with Radar,52,36,62,9,159,0,0,15,3,18,52,36,77,12,177,60,0,60,237
09/12/2020,SAV,GA,ASO,ES,Combined TRACON& Tower with Radar,51,17,39,18,125,0,0,22,4,26,51,17,61,22,151,12,6,18,169
09/13/2020,SAV,GA,ASO,ES,Combined TRACON& Tower with Radar,65,17,53,17,152,0,0,5,4,9,65,17,58,21,161,40,6,46,207
09/14/2020,SAV,GA,ASO,ES,Combined TRACON& Tower with Radar,53,26,63,28,170,0,2,69,6,77,53,28,132,34,247,45,6,51,298
09/15/2020,SAV,GA,ASO,ES,Combined TRACON& Tower with Radar,40,21,75,55,191,0,0,27,1,28,40,21,102,56,219,12,11,23,242
09/16/2020,SAV,GA,ASO,ES,Combined TRACON& Tower with Radar,42,28,41,61,172,0,0,4,2,6,42,28,45,63,178,0,0,0,178
09/17/2020,SAV,GA,ASO,ES,Combined TRACON& Tower with Radar,68,21,32,18,139,0,0,13,1,14,68,21,45,19,153,19,28,47,200
09/18/2020,SAV,GA,ASO,ES,Combined TRACON& Tower with Radar,56,40,81,39,216,0,0,17,1,18,56,40,98,40,234,24,0,24,258
09/19/2020,SAV,GA,ASO,ES,Combined TRACON& Tower with Radar,51,17,44,3,115,0,0,51,1,52,51,17,95,4,167,6,6,12,179
09/20/2020,SAV,GA,ASO,ES,Combined TRACON& Tower with Radar,64,30,57,1,152,0,0,48,0,48,64,30,105,1,200,47,0,47,247
09/21/2020,SAV,GA,ASO,ES,Combined TRACON& Tower with Radar,57,30,36,62,185,0,6,55,4,65,57,36,91,66,250,46,10,56,306
09/22/2020,SAV,GA,ASO,ES,Combined TRACON& Tower with Radar,40,41,70,41,192,0,4,80,9,93,40,45,150,50,285,74,14,88,373
09/23/2020,SAV,GA,ASO,ES,Combined TRACON& Tower with Radar,46,24,75,27,172,0,4,66,1,71,46,28,141,28,243,52,2,54,297
09/24/2020,SAV,GA,ASO,ES,Combined TRACON& Tower with Radar,66,52,65,16,199,0,1,78,2,81,66,53,143,18,280,84,6,90,370
09/25/2020,SAV,GA,ASO,ES,Combined TRACON& Tower with Radar,58,32,76,10,176,0,14,49,0,63,58,46,125,10,239,76,0,76,315
09/26/2020,SAV,GA,ASO,ES,Combined TRACON& Tower with Radar,55,14,54,6,129,0,1,36,0,37,55,15,90,6,166,41,0,41,207
09/27/2020,SAV,GA,ASO,ES,Combined TRACON& Tower with Radar,66,23,64,10,163,0,0,17,0,17,66,23,81,10,180,66,0,66,246
09/28/2020,SAV,GA,ASO,ES,Combined TRACON& Tower with Radar,57,30,77,0,164,0,2,9,0,11,57,32,86,0,175,33,0,33,208
09/29/2020,SAV,GA,ASO,ES,Combined TRACON& Tower with Radar,40,38,36,9,123,0,0,20,0,20,40,38,56,9,143,0,0,0,143
09/30/2020,SAV,GA,ASO,ES,Combined TRACON& Tower with Radar,42,33,89,21,185,0,3,87,2,92,42,36,176,23,277,28,0,28,305
10/01/2020,SAV,GA,ASO,ES,Combined TRACON& Tower with Radar,69,43,69,5,186,0,2,79,1,82,69,45,148,6,268,62,2,64,332
10/02/2020,SAV,GA,ASO,ES,Combined TRACON& Tower with Radar,65,31,59,27,182,0,6,86,4,96,65,37,145,31,278,48,2,50,328
10/03/2020,SAV,GA,ASO,ES,Combined TRACON& Tower with Radar,51,25,60,24,160,0,1,75,0,76,51,26,135,24,236,22,8,30,266
10/04/2020,SAV,GA,ASO,ES,Combined TRACON& Tower with Radar,70,37,71,19,197,0,0,45,2,47,70,37,116,21,244,14,0,14,258
10/05/2020,SAV,GA,ASO,ES,Combined TRACON& Tower with Radar,61,26,50,15,152,0,2,37,2,41,61,28,87,17,193,41,2,43,236
10/06/2020,SAV,GA,ASO,ES,Combined TRACON& Tower with Radar,41,40,71,11,163,0,2,25,0,27,41,42,96,11,190,83,2,85,275
10/07/2020,SAV,GA,ASO,ES,Combined TRACON& Tower with Radar,39,37,67,9,152,0,1,50,2,53,39,38,117,11,205,0,0,0,205
10/08/2020,SAV,GA,ASO,ES,Combined TRACON& Tower with Radar,75,41,79,23,218,0,3,63,4,70,75,44,142,27,288,48,4,52,340
10/09/2020,SAV,GA,ASO,ES,Combined TRACON& Tower with Radar,60,32,63,6,161,0,1,55,1,57,60,33,118,7,218,44,0,44,262
10/10/2020,SAV,GA,ASO,ES,Combined TRACON& Tower with Radar,57,23,33,0,113,0,0,21,2,23,57,23,54,2,136,45,0,45,181
10/11/2020,SAV,GA,ASO,ES,Combined TRACON& Tower with Radar,71,22,42,2,137,0,0,14,1,15,71,22,56,3,152,16,22,38,190
10/12/2020,SAV,GA,ASO,ES,Combined TRACON& Tower with Radar,66,28,88,1,183,0,4,36,0,40,66,32,124,1,223,76,0,76,299
10/13/2020,SAV,GA,ASO,ES,Combined TRACON& Tower with Radar,38,33,58,19,148,0,5,68,2,75,38,38,126,21,223,110,8,118,341
10/14/2020,SAV,GA,ASO,ES,Combined TRACON& Tower with Radar,41,40,75,11,167,0,4,62,1,67,41,44,137,12,234,26,6,32,266
10/15/2020,SAV,GA,ASO,ES,Combined TRACON& Tower with Radar,73,29,72,11,185,0,2,56,3,61,73,31,128,14,246,45,24,69,315
10/16/2020,SAV,GA,ASO,ES,Combined TRACON& Tower with Radar,60,29,86,34,209,0,5,83,2,90,60,34,169,36,299,54,12,66,365
10/17/2020,SAV,GA,ASO,ES,Combined TRACON& Tower with Radar,49,17,50,12,128,0,1,56,8,65,49,18,106,20,193,24,0,24,217
10/18/2020,SAV,GA,ASO,ES,Combined TRACON& Tower with Radar,72,27,71,16,186,0,2,61,0,63,72,29,132,16,249,54,2,56,305
10/19/2020,SAV,GA,ASO,ES,Combined TRACON& Tower with Radar,63,28,88,13,192,0,4,60,6,70,63,32,148,19,262,18,4,22,284
10/20/2020,SAV,GA,ASO,ES,Combined TRACON& Tower with Radar,38,20,78,17,153,0,1,26,3,30,38,21,104,20,183,39,18,57,240
10/21/2020,SAV,GA,ASO,ES,Combined TRACON& Tower with Radar,43,50,67,20,180,0,0,24,3,27,43,50,91,23,207,29,0,29,236
10/22/2020,SAV,GA,ASO,ES,Combined TRACON& Tower with Radar,73,25,81,15,194,0,0,47,2,49,73,25,128,17,243,52,0,52,295
10/23/2020,SAV,GA,ASO,ES,Combined TRACON& Tower with Radar,60,32,91,11,194,0,1,26,1,28,60,33,117,12,222,12,0,12,234
10/24/2020,SAV,GA,ASO,ES,Combined TRACON& Tower with Radar,45,17,40,15,117,0,0,48,4,52,45,17,88,19,169,35,4,39,208
10/25/2020,SAV,GA,ASO,ES,Combined TRACON& Tower with Radar,66,34,79,7,186,0,0,28,0,28,66,34,107,7,214,0,0,0,214
10/26/2020,SAV,GA,ASO,ES,Combined TRACON& Tower with Radar,60,41,82,4,187,0,0,11,0,11,60,41,93,4,198,0,0,0,198
10/27/2020,SAV,GA,ASO,ES,Combined TRACON& Tower with Radar,36,34,55,23,148,0,2,49,6,57,36,36,104,29,205,37,0,37,242
10/28/2020,SAV,GA,ASO,ES,Combined TRACON& Tower with Radar,40,24,63,16,143,0,10,65,4,79,40,34,128,20,222,84,4,88,310
10/29/2020,SAV,GA,ASO,ES,Combined TRACON& Tower with Radar,70,38,67,9,184,0,1,6,1,8,70,39,73,10,192,9,4,13,205
10/30/2020,SAV,GA,ASO,ES,Combined TRACON& Tower with Radar,53,46,62,35,196,0,2,92,4,98,53,48,154,39,294,54,2,56,350
10/31/2020,SAV,GA,ASO,ES,Combined TRACON& Tower with Radar,34,26,37,12,109,0,4,45,1,50,34,30,82,13,159,4,2,6,165
11/01/2020,SAV,GA,ASO,ES,Combined TRACON& Tower with Radar,61,20,63,7,151,0,0,24,0,24,61,20,87,7,175,48,0,48,223
11/02/2020,SAV,GA,ASO,ES,Combined TRACON& Tower with Radar,55,20,63,6,144,0,2,56,1,59,55,22,119,7,203,99,0,99,302
11/03/2020,SAV,GA,ASO,ES,Combined TRACON& Tower with Radar,36,22,41,23,122,0,12,77,3,92,36,34,118,26,214,31,26,57,271
11/04/2020,SAV,GA,ASO,ES,Combined TRACON& Tower with Radar,39,49,55,24,167,0,1,70,0,71,39,50,125,24,238,62,14,76,314
11/05/2020,SAV,GA,ASO,ES,Combined TRACON& Tower with Radar,70,39,79,37,225,0,6,65,13,84,70,45,144,50,309,38,16,54,363
11/06/2020,SAV,GA,ASO,ES,Combined TRACON& Tower with Radar,67,39,81,14,201,0,3,49,4,56,67,42,130,18,257,62,8,70,327
11/07/2020,SAV,GA,ASO,ES,Combined TRACON& Tower with Radar,53,25,32,6,116,0,0,33,2,35,53,25,65,8,151,20,4,24,175
11/08/2020,SAV,GA,ASO,ES,Combined TRACON& Tower with Radar,74,26,75,12,187,0,0,7,0,7,74,26,82,12,194,0,0,0,194
11/09/2020,SAV,GA,ASO,ES,Combined TRACON& Tower with Radar,66,55,50,13,184,0,4,27,0,31,66,59,77,13,215,6,8,14,229
11/10/2020,SAV,GA,ASO,ES,Combined TRACON& Tower with Radar,41,41,65,27,174,0,0,6,0,6,41,41,71,27,180,0,0,0,180
11/11/2020,SAV,GA,ASO,ES,Combined TRACON& Tower with Radar,46,62,67,11,186,0,0,8,2,10,46,62,75,13,196,36,0,36,232
11/12/2020,SAV,GA,ASO,ES,Combined TRACON& Tower with Radar,74,35,51,12,172,0,0,5,0,5,74,35,56,12,177,0,0,0,177
11/13/2020,SAV,GA,ASO,ES,Combined TRACON& Tower with Radar,65,46,74,13,198,0,4,46,0,50,65,50,120,13,248,62,0,62,310
11/14/2020,SAV,GA,ASO,ES,Combined TRACON& Tower with Radar,58,30,55,11,154,0,8,89,0,97,58,38,144,11,251,66,0,66,317
11/15/2020,SAV,GA,ASO,ES,Combined TRACON& Tower with Radar,75,42,61,19,197,0,1,48,1,50,75,43,109,20,247,52,0,52,299
11/16/2020,SAV,GA,ASO,ES,Combined TRACON& Tower with Radar,63,39,49,19,170,0,2,62,0,64,63,41,111,19,234,20,0,20,254
11/17/2020,SAV,GA,ASO,ES,Combined TRACON& Tower with Radar,37,35,78,22,172,0,5,60,9,74,37,40,138,31,246,24,0,24,270
11/18/2020,SAV,GA,ASO,ES,Combined TRACON& Tower with Radar,40,50,84,17,191,0,3,66,6,75,40,53,150,23,266,28,18,46,312
11/19/2020,SAV,GA,ASO,ES,Combined TRACON& Tower with Radar,68,47,78,51,244,0,5,55,11,71,68,52,133,62,315,90,12,102,417
11/20/2020,SAV,GA,ASO,ES,Combined TRACON& Tower with Radar,76,46,76,35,233,0,2,80,2,84,76,48,156,37,317,56,7,63,380
11/21/2020,SAV,GA,ASO,ES,Combined TRACON& Tower with Radar,63,35,54,26,178,0,0,89,3,92,63,35,143,29,270,38,17,55,325
11/22/2020,SAV,GA,ASO,ES,Combined TRACON& Tower with Radar,66,28,69,21,184,0,2,9,0,11,66,30,78,21,195,6,16,22,217
11/23/2020,SAV,GA,ASO,ES,Combined TRACON& Tower with Radar,59,36,51,11,157,0,2,55,1,58,59,38,106,12,215,52,12,64,279
11/24/2020,SAV,GA,ASO,ES,Combined TRACON& Tower with Radar,70,51,74,24,219,0,5,60,3,68,70,56,134,27,287,44,28,72,359
11/25/2020,SAV,GA,ASO,ES,Combined TRACON& Tower with Radar,74,37,65,9,185,0,3,56,1,60,74,40,121,10,245,93,10,103,348
11/26/2020,SAV,GA,ASO,ES,Combined TRACON& Tower with Radar,28,8,12,0,48,0,0,17,0,17,28,8,29,0,65,10,0,10,75
11/27/2020,SAV,GA,ASO,ES,Combined TRACON& Tower with Radar,48,21,31,2,102,0,2,40,0,42,48,23,71,2,144,39,0,39,183
11/28/2020,SAV,GA,ASO,ES,Combined TRACON& Tower with Radar,79,29,48,6,162,0,0,0,0,0,79,29,48,6,162,0,0,0,162
11/29/2020,SAV,GA,ASO,ES,Combined TRACON& Tower with Radar,75,38,79,5,197,0,0,10,0,10,75,38,89,5,207,53,0,53,260
11/30/2020,SAV,GA,ASO,ES,Combined TRACON& Tower with Radar,71,50,61,13,195,0,2,28,0,30,71,52,89,13,225,46,18,64,289
12/01/2020,SAV,GA,ASO,ES,Combined TRACON& Tower with Radar,49,38,67,16,170,0,3,47,2,52,49,41,114,18,222,34,10,44,266
12/02/2020,SAV,GA,ASO,ES,Combined TRACON& Tower with Radar,41,49,56,21,167,0,4,60,5,69,41,53,116,26,236,98,22,120,356
12/03/2020,SAV,GA,ASO,ES,Combined TRACON& Tower with Radar,68,56,69,27,220,0,10,63,5,78,68,66,132,32,298,74,10,84,382
12/04/2020,SAV,GA,ASO,ES,Combined TRACON& Tower with Radar,61,32,72,12,177,0,6,50,1,57,61,38,122,13,234,73,4,77,311
12/05/2020,SAV,GA,ASO,ES,Combined TRACON& Tower with Radar,50,22,53,2,127,0,4,78,0,82,50,26,131,2,209,47,0,47,256
12/06/2020,SAV,GA,ASO,ES,Combined TRACON& Tower with Radar,64,40,58,0,162,0,0,83,0,83,64,40,141,0,245,46,0,46,291
12/07/2020,SAV,GA,ASO,ES,Combined TRACON& Tower with Radar,63,35,61,47,206,0,0,45,7,52,63,35,106,54,258,26,26,52,310
12/08/2020,SAV,GA,ASO,ES,Combined TRACON& Tower with Radar,44,33,48,23,148,0,7,49,12,68,44,40,97,35,216,74,18,92,308
12/09/2020,SAV,GA,ASO,ES,Combined TRACON& Tower with Radar,42,46,67,27,182,0,3,69,9,81,42,49,136,36,263,92,11,103,366
12/10/2020,SAV,GA,ASO,ES,Combined TRACON& Tower with Radar,67,53,85,20,225,0,6,70,7,83,67,59,155,27,308,98,20,118,426
12/11/2020,SAV,GA,ASO,ES,Combined TRACON& Tower with Radar,64,54,77,36,231,0,4,66,11,81,64,58,143,47,312,85,21,106,418
12/12/2020,SAV,GA,ASO,ES,Combined TRACON& Tower with Radar,45,31,62,23,161,0,0,62,11,73,45,31,124,34,234,57,32,89,323
12/13/2020,SAV,GA,ASO,ES,Combined TRACON& Tower with Radar,70,29,60,15,174,0,0,37,3,40,70,29,97,18,214,24,0,24,238
12/14/2020,SAV,GA,ASO,ES,Combined TRACON& Tower with Radar,66,33,55,15,169,0,3,17,8,28,66,36,72,23,197,0,0,0,197
12/15/2020,SAV,GA,ASO,ES,Combined TRACON& Tower with Radar,41,40,83,13,177,0,5,31,0,36,41,45,114,13,213,0,0,0,213
12/16/2020,SAV,GA,ASO,ES,Combined TRACON& Tower with Radar,41,30,52,6,129,0,0,0,0,0,41,30,52,6,129,0,0,0,129
12/17/2020,SAV,GA,ASO,ES,Combined TRACON& Tower with Radar,59,28,84,24,195,0,2,17,1,20,59,30,101,25,215,49,0,49,264
12/18/2020,SAV,GA,ASO,ES,Combined TRACON& Tower with Radar,65,44,82,39,230,1,3,54,5,63,66,47,136,44,293,50,10,60,353
12/19/2020,SAV,GA,ASO,ES,Combined TRACON& Tower with Radar,72,23,55,12,162,0,0,64,6,70,72,23,119,18,232,150,8,158,390
12/20/2020,SAV,GA,ASO,ES,Combined TRACON& Tower with Radar,64,21,43,1,129,0,0,2,0,2,64,21,45,1,131,0,0,0,131
12/21/2020,SAV,GA,ASO,ES,Combined TRACON& Tower with Radar,68,34,64,12,178,0,0,45,2,47,68,34,109,14,225,36,0,36,261
12/22/2020,SAV,GA,ASO,ES,Combined TRACON& Tower with Radar,64,38,68,9,179,0,2,85,4,91,64,40,153,13,270,87,16,103,373
12/23/2020,SAV,GA,ASO,ES,Combined TRACON& Tower with Radar,72,41,68,0,181,0,0,68,0,68,72,41,136,0,249,42,0,42,291
12/24/2020,SAV,GA,ASO,ES,Combined TRACON& Tower with Radar,54,29,14,7,104,0,0,2,0,2,54,29,16,7,106,0,4,4,110
12/25/2020,SAV,GA,ASO,ES,Combined TRACON& Tower with Radar,29,6,12,6,53,0,0,7,0,7,29,6,19,6,60,0,4,4,64
12/26/2020,SAV,GA,ASO,ES,Combined TRACON& Tower with Radar,66,32,59,6,163,0,2,33,0,35,66,34,92,6,198,60,0,60,258
12/27/2020,SAV,GA,ASO,ES,Combined TRACON& Tower with Radar,68,20,50,9,147,0,0,41,2,43,68,20,91,11,190,44,16,60,250
12/28/2020,SAV,GA,ASO,ES,Combined TRACON& Tower with Radar,68,35,69,8,180,0,0,58,1,59,68,35,127,9,239,28,0,28,267
12/29/2020,SAV,GA,ASO,ES,Combined TRACON& Tower with Radar,66,22,53,12,153,0,0,84,1,85,66,22,137,13,238,121,6,127,365
12/30/2020,SAV,GA,ASO,ES,Combined TRACON& Tower with Radar,68,21,70,8,167,0,1,31,0,32,68,22,101,8,199,44,0,44,243
12/31/2020,SAV,GA,ASO,ES,Combined TRACON& Tower with Radar,44,24,40,2,110,0,0,5,0,5,44,24,45,2,115,0,0,0,115
01/01/2021,SAV,GA,ASO,ES,Combined TRACON& Tower with Radar,38,13,29,0,80,0,0,7,0,7,38,13,36,0,87,12,0,12,99
01/02/2021,SAV,GA,ASO,ES,Combined TRACON& Tower with Radar,76,19,79,3,177,0,0,0,0,0,76,19,79,3,177,0,0,0,177
01/03/2021,SAV,GA,ASO,ES,Combined TRACON& Tower with Radar,74,27,86,1,188,0,0,44,2,46,74,27,130,3,234,33,0,33,267
01/04/2021,SAV,GA,ASO,ES,Combined TRACON& Tower with Radar,62,22,67,9,160,0,1,68,3,72,62,23,135,12,232,70,18,88,320
01/05/2021,SAV,GA,ASO,ES,Combined TRACON& Tower with Radar,44,21,54,19,138,0,3,73,2,78,44,24,127,21,216,53,20,73,289
01/06/2021,SAV,GA,ASO,ES,Combined TRACON& Tower with Radar,40,22,48,12,122,0,4,81,5,90,40,26,129,17,212,112,14,126,338
01/07/2021,SAV,GA,ASO,ES,Combined TRACON& Tower with Radar,56,33,60,5,154,0,1,51,1,53,56,34,111,6,207,21,0,21,228
01/08/2021,SAV,GA,ASO,ES,Combined TRACON& Tower with Radar,50,26,48,6,130,0,0,1,0,1,50,26,49,6,131,0,0,0,131
01/09/2021,SAV,GA,ASO,ES,Combined TRACON& Tower with Radar,35,46,40,8,129,0,0,50,4,54,35,46,90,12,183,82,10,92,275
01/10/2021,SAV,GA,ASO,ES,Combined TRACON& Tower with Radar,54,29,53,16,152,0,1,69,6,76,54,30,122,22,228,102,12,114,342
01/11/2021,SAV,GA,ASO,ES,Combined TRACON& Tower with Radar,49,28,48,12,137,0,4,44,0,48,49,32,92,12,185,46,4,50,235
01/12/2021,SAV,GA,ASO,ES,Combined TRACON& Tower with Radar,40,17,52,18,127,0,0,3,4,7,40,17,55,22,134,71,28,99,233
01/13/2021,SAV,GA,ASO,ES,Combined TRACON& Tower with Radar,40,29,78,24,171,0,0,18,2,20,40,29,96,26,191,78,2,80,271
01/14/2021,SAV,GA,ASO,ES,Combined TRACON& Tower with Radar,59,36,73,19,187,0,11,88,7,106,59,47,161,26,293,37,12,49,342
01/15/2021,SAV,GA,ASO,ES,Combined TRACON& Tower with Radar,53,27,56,12,148,0,0,23,0,23,53,27,79,12,171,22,8,30,201
01/16/2021,SAV,GA,ASO,ES,Combined TRACON& Tower with Radar,34,39,29,5,107,0,0,49,3,52,34,39,78,8,159,20,0,20,179
01/17/2021,SAV,GA,ASO,ES,Combined TRACON& Tower with Radar,52,20,53,4,129,0,0,79,0,79,52,20,132,4,208,76,0,76,284
01/18/2021,SAV,GA,ASO,ES,Combined TRACON& Tower with Radar,49,44,61,0,154,0,4,65,2,71,49,48,126,2,225,78,0,78,303
01/19/2021,SAV,GA,ASO,ES,Combined TRACON& Tower with Radar,42,45,59,10,156,0,11,78,4,93,42,56,137,14,249,113,4,117,366
01/20/2021,SAV,GA,ASO,ES,Combined TRACON& Tower with Radar,40,33,62,6,141,0,2,60,1,63,40,35,122,7,204,62,0,62,266
01/21/2021,SAV,GA,ASO,ES,Combined TRACON& Tower with Radar,58,30,59,14,161,0,8,44,3,55,58,38,103,17,216,54,8,62,278
01/22/2021,SAV,GA,ASO,ES,Combined TRACON& Tower with Radar,50,39,57,6,152,0,0,0,0,0,50,39,57,6,152,0,0,0,152
01/23/2021,SAV,GA,ASO,ES,Combined TRACON& Tower with Radar,35,20,49,18,122,0,2,66,6,74,35,22,115,24,196,101,14,115,311
01/24/2021,SAV,GA,ASO,ES,Combined TRACON& Tower with Radar,56,26,64,18,164,0,0,53,2,55,56,26,117,20,219,20,2,22,241
01/25/2021,SAV,GA,ASO,ES,Combined TRACON& Tower with Radar,48,40,72,19,179,0,5,37,4,46,48,45,109,23,225,0,0,0,225
01/26/2021,SAV,GA,ASO,ES,Combined TRACON& Tower with Radar,41,58,50,11,160,0,0,57,14,71,41,58,107,25,231,0,0,0,231
01/27/2021,SAV,GA,ASO,ES,Combined TRACON& Tower with Radar,41,32,56,4,133,0,0,2,1,3,41,32,58,5,136,0,0,0,136
01/28/2021,SAV,GA,ASO,ES,Combined TRACON& Tower with Radar,49,47,67,21,184,0,2,46,1,49,49,49,113,22,233,18,4,22,255
01/29/2021,SAV,GA,ASO,ES,Combined TRACON& Tower with Radar,49,30,69,29,177,0,3,88,2,93,49,33,157,31,270,62,4,66,336
01/30/2021,SAV,GA,ASO,ES,Combined TRACON& Tower with Radar,36,28,74,1,139,0,1,75,1,77,36,29,149,2,216,51,0,51,267
01/31/2021,SAV,GA,ASO,ES,Combined TRACON& Tower with Radar,53,19,48,4,124,0,0,6,1,7,53,19,54,5,131,12,0,12,143
02/01/2021,SAV,GA,ASO,ES,Combined TRACON& Tower with Radar,43,41,48,11,143,0,0,27,9,36,43,41,75,20,179,0,0,0,179
02/02/2021,SAV,GA,ASO,ES,Combined TRACON& Tower with Radar,40,35,51,21,147,0,3,55,5,63,40,38,106,26,210,0,0,0,210
02/03/2021,SAV,GA,ASO,ES,Combined TRACON& Tower with Radar,42,41,52,14,149,0,7,119,13,139,42,48,171,27,288,0,0,0,288
02/04/2021,SAV,GA,ASO,ES,Combined TRACON& Tower with Radar,58,33,69,12,172,0,0,78,5,83,58,33,147,17,255,24,38,62,317
02/05/2021,SAV,GA,ASO,ES,Combined TRACON& Tower with Radar,52,25,64,6,147,0,0,7,0,7,52,25,71,6,154,26,0,26,180
02/06/2021,SAV,GA,ASO,ES,Combined TRACON& Tower with Radar,37,18,52,6,113,0,0,11,0,11,37,18,63,6,124,42,8,50,174
02/07/2021,SAV,GA,ASO,ES,Combined TRACON& Tower with Radar,50,30,54,10,144,0,2,14,1,17,50,32,68,11,161,46,0,46,207
02/08/2021,SAV,GA,ASO,ES,Combined TRACON& Tower with Radar,51,32,79,34,196,0,0,92,8,100,51,32,171,42,296,0,0,0,296
02/09/2021,SAV,GA,ASO,ES,Combined TRACON& Tower with Radar,44,45,55,8,152,0,0,1,0,1,44,45,56,8,153,0,0,0,153
02/10/2021,SAV,GA,ASO,ES,Combined TRACON& Tower with Radar,39,42,69,14,164,0,0,1,1,2,39,42,70,15,166,0,0,0,166
02/11/2021,SAV,GA,ASO,ES,Combined TRACON& Tower with Radar,57,37,30,4,128,0,0,2,0,2,57,37,32,4,130,0,0,0,130
02/12/2021,SAV,GA,ASO,ES,Combined TRACON& Tower with Radar,74,44,69,10,197,0,0,0,0,0,74,44,69,10,197,0,0,0,197
02/13/2021,SAV,GA,ASO,ES,Combined TRACON& Tower with Radar,47,27,31,6,111,0,0,0,0,0,47,27,31,6,111,0,0,0,111
02/14/2021,SAV,GA,ASO,ES,Combined TRACON& Tower with Radar,55,16,28,8,107,0,0,0,0,0,55,16,28,8,107,0,0,0,107
02/15/2021,SAV,GA,ASO,ES,Combined TRACON& Tower with Radar,60,27,40,8,135,0,0,0,0,0,60,27,40,8,135,0,0,0,135
02/16/2021,SAV,GA,ASO,ES,Combined TRACON& Tower with Radar,38,42,69,13,162,0,0,83,6,89,38,42,152,19,251,123,4,127,378
02/17/2021,SAV,GA,ASO,ES,Combined TRACON& Tower with Radar,33,43,79,8,163,0,1,66,3,70,33,44,145,11,233,70,2,72,305
02/18/2021,SAV,GA,ASO,ES,Combined TRACON& Tower with Radar,55,34,41,3,133,0,0,0,0,0,55,34,41,3,133,0,0,0,133
02/19/2021,SAV,GA,ASO,ES,Combined TRACON& Tower with Radar,60,48,96,14,218,0,0,4,2,6,60,48,100,16,224,12,0,12,236
02/20/2021,SAV,GA,ASO,ES,Combined TRACON& Tower with Radar,42,36,66,4,148,0,0,110,0,110,42,36,176,4,258,45,0,45,303
02/21/2021,SAV,GA,ASO,ES,Combined TRACON& Tower with Radar,68,24,73,8,173,0,2,101,12,115,68,26,174,20,288,2,0,2,290
02/22/2021,SAV,GA,ASO,ES,Combined TRACON& Tower with Radar,62,28,48,20,158,0,0,28,2,30,62,28,76,22,188,37,0,37,225
02/23/2021,SAV,GA,ASO,ES,Combined TRACON& Tower with Radar,44,35,69,16,164,0,2,87,5,94,44,37,156,21,258,74,18,92,350
02/24/2021,SAV,GA,ASO,ES,Combined TRACON& Tower with Radar,45,35,70,19,169,0,7,92,7,106,45,42,162,26,275,33,2,35,310
02/25/2021,SAV,GA,ASO,ES,Combined TRACON& Tower with Radar,69,30,88,18,205,0,1,108,7,116,69,31,196,25,321,50,8,58,379
02/26/2021,SAV,GA,ASO,ES,Combined TRACON& Tower with Radar,66,35,81,62,244,0,1,79,6,86,66,36,160,68,330,88,0,88,418
02/27/2021,SAV,GA,ASO,ES,Combined TRACON& Tower with Radar,42,23,66,12,143,0,0,85,1,86,42,23,151,13,229,34,8,42,271
02/28/2021,SAV,GA,ASO,ES,Combined TRACON& Tower with Radar,73,24,78,24,199,0,0,36,2,38,73,24,114,26,237,44,0,44,281
03/01/2021,SAV,GA,ASO,ES,Combined TRACON& Tower with Radar,63,36,57,10,166,0,1,27,0,28,63,37,84,10,194,36,0,36,230
03/02/2021,SAV,GA,ASO,ES,Combined TRACON& Tower with Radar,51,27,53,6,137,0,1,10,1,12,51,28,63,7,149,82,8,90,239
03/03/2021,SAV,GA,ASO,ES,Combined TRACON& Tower with Radar,50,37,77,29,193,0,2,22,0,24,50,39,99,29,217,10,6,16,233
03/04/2021,SAV,GA,ASO,ES,Combined TRACON& Tower with Radar,87,46,87,14,234,0,6,96,7,109,87,52,183,21,343,60,17,77,420
03/05/2021,SAV,GA,ASO,ES,Combined TRACON& Tower with Radar,87,32,117,10,246,0,15,106,3,124,87,47,223,13,370,69,2,71,441
03/06/2021,SAV,GA,ASO,ES,Combined TRACON& Tower with Radar,68,21,44,6,139,0,0,71,4,75,68,21,115,10,214,100,4,104,318
03/07/2021,SAV,GA,ASO,ES,Combined TRACON& Tower with Radar,80,33,99,10,222,0,0,88,7,95,80,33,187,17,317,10,8,18,335
03/08/2021,SAV,GA,ASO,ES,Combined TRACON& Tower with Radar,83,46,60,23,212,0,0,83,5,88,83,46,143,28,300,69,0,69,369
03/09/2021,SAV,GA,ASO,ES,Combined TRACON& Tower with Radar,61,38,53,19,171,0,8,89,3,100,61,46,142,22,271,63,4,67,338
03/10/2021,SAV,GA,ASO,ES,Combined TRACON& Tower with Radar,58,42,70,11,181,0,6,103,4,113,58,48,173,15,294,148,0,148,442
03/11/2021,SAV,GA,ASO,ES,Combined TRACON& Tower with Radar,102,46,82,6,236,0,5,75,4,84,102,51,157,10,320,93,0,93,413
03/12/2021,SAV,GA,ASO,ES,Combined TRACON& Tower with Radar,95,48,117,41,301,0,1,114,10,125,95,49,231,51,426,47,7,54,480
03/13/2021,SAV,GA,ASO,ES,Combined TRACON& Tower with Radar,83,22,55,12,172,0,3,99,2,104,83,25,154,14,276,78,4,82,358
03/14/2021,SAV,GA,ASO,ES,Combined TRACON& Tower with Radar,99,33,74,12,218,0,0,62,6,68,99,33,136,18,286,54,4,58,344
03/15/2021,SAV,GA,ASO,ES,Combined TRACON& Tower with Radar,93,36,72,3,204,0,3,59,1,63,93,39,131,4,267,0,0,0,267
03/16/2021,SAV,GA,ASO,ES,Combined TRACON& Tower with Radar,78,62,82,24,246,0,4,65,7,76,78,66,147,31,322,38,0,38,360
03/17/2021,SAV,GA,ASO,ES,Combined TRACON& Tower with Radar,67,37,77,19,200,0,0,4,0,4,67,37,81,19,204,0,0,0,204
03/18/2021,SAV,GA,ASO,ES,Combined TRACON& Tower with Radar,100,40,47,4,191,0,0,9,0,9,100,40,56,4,200,4,0,4,204
03/19/2021,SAV,GA,ASO,ES,Combined TRACON& Tower with Radar,97,56,112,16,281,0,5,82,1,88,97,61,194,17,369,56,4,60,429
03/20/2021,SAV,GA,ASO,ES,Combined TRACON& Tower with Radar,86,26,69,12,193,0,0,55,1,56,86,26,124,13,249,96,0,96,345
03/21/2021,SAV,GA,ASO,ES,Combined TRACON& Tower with Radar,96,30,52,7,185,1,0,2,0,3,97,30,54,7,188,0,0,0,188
03/22/2021,SAV,GA,ASO,ES,Combined TRACON& Tower with Radar,96,35,67,9,207,0,5,68,1,74,96,40,135,10,281,72,10,82,363
03/23/2021,SAV,GA,ASO,ES,Combined TRACON& Tower with Radar,76,38,102,25,241,0,2,71,0,73,76,40,173,25,314,90,2,92,406
03/24/2021,SAV,GA,ASO,ES,Combined TRACON& Tower with Radar,71,56,78,48,253,0,1,76,2,79,71,57,154,50,332,82,2,84,416
03/25/2021,SAV,GA,ASO,ES,Combined TRACON& Tower with Radar,100,43,89,20,252,0,0,56,4,60,100,43,145,24,312,6,18,24,336
03/26/2021,SAV,GA,ASO,ES,Combined TRACON& Tower with Radar,98,48,81,9,236,0,0,58,0,58,98,48,139,9,294,32,0,32,326
03/27/2021,SAV,GA,ASO,ES,Combined TRACON& Tower with Radar,85,36,83,7,211,0,0,68,0,68,85,36,151,7,279,111,2,113,392
03/28/2021,SAV,GA,ASO,ES,Combined TRACON& Tower with Radar,98,32,70,8,208,0,0,33,0,33,98,32,103,8,241,24,0,24,265
03/29/2021,SAV,GA,ASO,ES,Combined TRACON& Tower with Radar,97,29,74,7,207,0,1,73,6,80,97,30,147,13,287,61,0,61,348
03/30/2021,SAV,GA,ASO,ES,Combined TRACON& Tower with Radar,83,45,76,15,219,0,2,45,4,51,83,47,121,19,270,86,10,96,366
03/31/2021,SAV,GA,ASO,ES,Combined TRACON& Tower with Radar,73,42,72,28,215,0,3,37,2,42,73,45,109,30,257,84,10,94,351
04/01/2021,SAV,GA,ASO,ES,Combined TRACON& Tower with Radar,108,40,89,33,270,0,8,32,5,45,108,48,121,38,315,84,20,104,419
04/02/2021,SAV,GA,ASO,ES,Combined TRACON& Tower with Radar,97,33,97,10,237,0,2,97,2,101,97,35,194,12,338,168,0,168,506
04/03/2021,SAV,GA,ASO,ES,Combined TRACON& Tower with Radar,87,29,54,10,180,0,5,83,0,88,87,34,137,10,268,79,0,79,347
04/04/2021,SAV,GA,ASO,ES,Combined TRACON& Tower with Radar,102,23,51,9,185,0,2,66,1,69,102,25,117,10,254,34,6,40,294
04/05/2021,SAV,GA,ASO,ES,Combined TRACON& Tower with Radar,99,34,83,11,227,0,6,87,0,93,99,40,170,11,320,145,16,161,481
04/06/2021,SAV,GA,ASO,ES,Combined TRACON& Tower with Radar,83,30,64,12,189,0,0,72,1,73,83,30,136,13,262,51,0,51,313
04/07/2021,SAV,GA,ASO,ES,Combined TRACON& Tower with Radar,81,43,68,15,207,0,1,82,2,85,81,44,150,17,292,83,2,85,377
04/08/2021,SAV,GA,ASO,ES,Combined TRACON& Tower with Radar,110,50,90,24,274,0,5,93,5,103,110,55,183,29,377,8,50,58,435
04/09/2021,SAV,GA,ASO,ES,Combined TRACON& Tower with Radar,98,45,56,15,214,0,1,51,4,56,98,46,107,19,270,111,0,111,381
04/10/2021,SAV,GA,ASO,ES,Combined TRACON& Tower with Radar,89,35,52,38,214,0,0,40,8,48,89,35,92,46,262,55,8,63,325
04/11/2021,SAV,GA,ASO,ES,Combined TRACON& Tower with Radar,114,38,91,5,248,0,0,36,5,41,114,38,127,10,289,58,6,64,353
04/12/2021,SAV,GA,ASO,ES,Combined TRACON& Tower with Radar,101,55,83,42,281,0,2,76,2,80,101,57,159,44,361,8,0,8,369
04/13/2021,SAV,GA,ASO,ES,Combined TRACON& Tower with Radar,77,43,76,63,259,0,1,85,2,88,77,44,161,65,347,0,2,2,349
04/14/2021,SAV,GA,ASO,ES,Combined TRACON& Tower with Radar,81,46,75,39,241,0,5,80,5,90,81,51,155,44,331,12,4,16,347
04/15/2021,SAV,GA,ASO,ES,Combined TRACON& Tower with Radar,108,49,68,39,264,0,1,49,1,51,108,50,117,40,315,2,0,2,317
04/16/2021,SAV,GA,ASO,ES,Combined TRACON& Tower with Radar,100,42,83,39,264,0,8,96,8,112,100,50,179,47,376,46,0,46,422
04/17/2021,SAV,GA,ASO,ES,Combined TRACON& Tower with Radar,93,39,48,8,188,0,0,38,5,43,93,39,86,13,231,68,0,68,299
04/18/2021,SAV,GA,ASO,ES,Combined TRACON& Tower with Radar,105,28,98,10,241,1,1,45,7,54,106,29,143,17,295,8,2,10,305
04/19/2021,SAV,GA,ASO,ES,Combined TRACON& Tower with Radar,98,49,58,35,240,0,6,68,3,77,98,55,126,38,317,33,0,33,350
04/20/2021,SAV,GA,ASO,ES,Combined TRACON& Tower with Radar,75,31,61,47,214,0,4,64,3,71,75,35,125,50,285,10,4,14,299
04/21/2021,SAV,GA,ASO,ES,Combined TRACON& Tower with Radar,84,31,83,43,241,0,1,66,4,71,84,32,149,47,312,16,4,20,332
04/22/2021,SAV,GA,ASO,ES,Combined TRACON& Tower with Radar,109,40,94,32,275,0,5,84,7,96,109,45,178,39,371,82,22,104,475
04/23/2021,SAV,GA,ASO,ES,Combined TRACON& Tower with Radar,100,45,76,39,260,0,0,122,13,135,100,45,198,52,395,16,3,19,414
04/24/2021,SAV,GA,ASO,ES,Combined TRACON& Tower with Radar,94,19,32,11,156,0,0,7,0,7,94,19,39,11,163,22,0,22,185
04/25/2021,SAV,GA,ASO,ES,Combined TRACON& Tower with Radar,106,40,100,23,269,0,0,54,4,58,106,40,154,27,327,48,4,52,379
04/26/2021,SAV,GA,ASO,ES,Combined TRACON& Tower with Radar,98,43,87,6,234,0,3,72,6,81,98,46,159,12,315,58,0,58,373
04/27/2021,SAV,GA,ASO,ES,Combined TRACON& Tower with Radar,76,38,74,14,202,0,0,87,3,90,76,38,161,17,292,70,4,74,366
04/28/2021,SAV,GA,ASO,ES,Combined TRACON& Tower with Radar,77,36,95,17,225,0,4,94,2,100,77,40,189,19,325,81,6,87,412
04/29/2021,SAV,GA,ASO,ES,Combined TRACON& Tower with Radar,104,51,78,8,241,0,3,77,3,83,104,54,155,11,324,24,12,36,360
04/30/2021,SAV,GA,ASO,ES,Combined TRACON& Tower with Radar,98,47,87,22,254,0,6,58,5,69,98,53,145,27,323,56,28,84,407
05/01/2021,SAV,GA,ASO,ES,Combined TRACON& Tower with Radar,89,29,51,8,177,0,1,81,1,83,89,30,132,9,260,2,0,2,262
05/02/2021,SAV,GA,ASO,ES,Combined TRACON& Tower with Radar,105,31,66,11,213,0,1,47,3,51,105,32,113,14,264,24,0,24,288
05/03/2021,SAV,GA,ASO,ES,Combined TRACON& Tower with Radar,97,44,61,25,227,0,0,46,2,48,97,44,107,27,275,42,25,67,342
05/04/2021,SAV,GA,ASO,ES,Combined TRACON& Tower with Radar,87,31,70,10,198,0,2,36,4,42,87,33,106,14,240,28,6,34,274
05/05/2021,SAV,GA,ASO,ES,Combined TRACON& Tower with Radar,79,35,61,12,187,0,0,60,1,61,79,35,121,13,248,14,4,18,266
05/06/2021,SAV,GA,ASO,ES,Combined TRACON& Tower with Radar,114,44,109,10,277,0,0,85,6,91,114,44,194,16,368,49,17,66,434
05/07/2021,SAV,GA,ASO,ES,Combined TRACON& Tower with Radar,103,57,72,17,249,0,3,53,3,59,103,60,125,20,308,4,0,4,312
05/08/2021,SAV,GA,ASO,ES,Combined TRACON& Tower with Radar,103,27,50,10,190,0,3,86,0,89,103,30,136,10,279,38,0,38,317
05/09/2021,SAV,GA,ASO,ES,Combined TRACON& Tower with Radar,114,37,56,10,217,0,0,56,2,58,114,37,112,12,275,36,4,40,315
05/10/2021,SAV,GA,ASO,ES,Combined TRACON& Tower with Radar,107,44,59,27,237,0,0,55,0,55,107,44,114,27,292,62,0,62,354
05/11/2021,SAV,GA,ASO,ES,Combined TRACON& Tower with Radar,80,35,61,14,190,0,2,80,2,84,80,37,141,16,274,62,24,86,360
05/12/2021,SAV,GA,ASO,ES,Combined TRACON& Tower with Radar,79,40,61,24,204,0,0,1,1,2,79,40,62,25,206,0,0,0,206
05/13/2021,SAV,GA,ASO,ES,Combined TRACON& Tower with Radar,116,48,100,4,268,0,6,59,0,65,116,54,159,4,333,53,0,53,386
05/14/2021,SAV,GA,ASO,ES,Combined TRACON& Tower with Radar,107,30,94,10,241,0,5,89,3,97,107,35,183,13,338,0,0,0,338
05/15/2021,SAV,GA,ASO,ES,Combined TRACON& Tower with Radar,106,31,57,12,206,0,0,77,15,92,106,31,134,27,298,66,0,66,364
05/16/2021,SAV,GA,ASO,ES,Combined TRACON& Tower with Radar,110,40,91,16,257,0,0,65,3,68,110,40,156,19,325,32,14,46,371
05/17/2021,SAV,GA,ASO,ES,Combined TRACON& Tower with Radar,107,35,72,17,231,0,2,78,4,84,107,37,150,21,315,25,12,37,352
05/18/2021,SAV,GA,ASO,ES,Combined TRACON& Tower with Radar,84,44,69,26,223,0,4,64,2,70,84,48,133,28,293,45,0,45,338
05/19/2021,SAV,GA,ASO,ES,Combined TRACON& Tower with Radar,85,37,85,22,229,0,0,38,7,45,85,37,123,29,274,76,24,100,374
05/20/2021,SAV,GA,ASO,ES,Combined TRACON& Tower with Radar,116,55,81,17,269,0,0,66,8,74,116,55,147,25,343,39,7,46,389
05/21/2021,SAV,GA,ASO,ES,Combined TRACON& Tower with Radar,109,45,88,10,252,0,2,77,9,88,109,47,165,19,340,38,0,38,378
05/22/2021,SAV,GA,ASO,ES,Combined TRACON& Tower with Radar,109,23,65,6,203,0,2,74,2,78,109,25,139,8,281,80,0,80,361
05/23/2021,SAV,GA,ASO,ES,Combined TRACON& Tower with Radar,113,39,74,14,240,0,3,72,4,79,113,42,146,18,319,38,0,38,357
05/24/2021,SAV,GA,ASO,ES,Combined TRACON& Tower with Radar,104,35,67,7,213,0,6,91,2,99,104,41,158,9,312,88,0,88,400
05/25/2021,SAV,GA,ASO,ES,Combined TRACON& Tower with Radar,84,30,61,5,180,0,1,91,3,95,84,31,152,8,275,110,2,112,387
05/26/2021,SAV,GA,ASO,ES,Combined TRACON& Tower with Radar,99,36,79,6,220,0,10,96,2,108,99,46,175,8,328,49,2,51,379
05/27/2021,SAV,GA,ASO,ES,Combined TRACON& Tower with Radar,121,44,103,9,277,0,6,69,3,78,121,50,172,12,355,30,22,52,407
05/28/2021,SAV,GA,ASO,ES,Combined TRACON& Tower with Radar,121,44,91,7,263,0,0,86,1,87,121,44,177,8,350,46,2,48,398
05/29/2021,SAV,GA,ASO,ES,Combined TRACON& Tower with Radar,127,21,52,9,209,0,0,30,3,33,127,21,82,12,242,46,0,46,288
05/30/2021,SAV,GA,ASO,ES,Combined TRACON& Tower with Radar,115,33,36,12,196,0,1,28,4,33,115,34,64,16,229,26,0,26,255
05/31/2021,SAV,GA,ASO,ES,Combined TRACON& Tower with Radar,112,42,54,2,210,0,2,65,0,67,112,44,119,2,277,13,0,13,290
06/01/2021,SAV,GA,ASO,ES,Combined TRACON& Tower with Radar,87,38,75,7,207,0,3,59,3,65,87,41,134,10,272,104,0,104,376
06/02/2021,SAV,GA,ASO,ES,Combined TRACON& Tower with Radar,96,43,71,18,228,0,0,29,8,37,96,43,100,26,265,32,0,32,297
06/03/2021,SAV,GA,ASO,ES,Combined TRACON& Tower with Radar,116,46,61,12,235,0,0,10,0,10,116,46,71,12,245,12,0,12,257
06/04/2021,SAV,GA,ASO,ES,Combined TRACON& Tower with Radar,118,54,49,10,231,0,1,32,0,33,118,55,81,10,264,29,0,29,293
06/05/2021,SAV,GA,ASO,ES,Combined TRACON& Tower with Radar,130,24,40,1,195,0,0,40,0,40,130,24,80,1,235,21,0,21,256
06/06/2021,SAV,GA,ASO,ES,Combined TRACON& Tower with Radar,131,42,50,14,237,0,0,15,4,19,131,42,65,18,256,24,0,24,280
06/07/2021,SAV,GA,ASO,ES,Combined TRACON& Tower with Radar,121,32,58,17,228,0,0,20,1,21,121,32,78,18,249,10,0,10,259
06/08/2021,SAV,GA,ASO,ES,Combined TRACON& Tower with Radar,111,30,69,34,244,0,1,65,16,82,111,31,134,50,326,58,20,78,404
06/09/2021,SAV,GA,ASO,ES,Combined TRACON& Tower with Radar,114,45,70,31,260,0,6,66,4,76,114,51,136,35,336,26,0,26,362
06/10/2021,SAV,GA,ASO,ES,Combined TRACON& Tower with Radar,130,35,84,15,264,0,6,94,5,105,130,41,178,20,369,33,14,47,416
06/11/2021,SAV,GA,ASO,ES,Combined TRACON& Tower with Radar,127,52,79,30,288,0,5,76,7,88,127,57,155,37,376,10,0,10,386
06/12/2021,SAV,GA,ASO,ES,Combined TRACON& Tower with Radar,136,32,47,1,216,0,0,32,1,33,136,32,79,2,249,16,0,16,265
06/13/2021,SAV,GA,ASO,ES,Combined TRACON& Tower with Radar,129,45,80,6,260,0,0,3,0,3,129,45,83,6,263,4,0,4,267
06/14/2021,SAV,GA,ASO,ES,Combined TRACON& Tower with Radar,124,47,80,15,266,0,4,55,2,61,124,51,135,17,327,102,0,102,429
06/15/2021,SAV,GA,ASO,ES,Combined TRACON& Tower with Radar,111,39,71,9,230,0,0,88,0,88,111,39,159,9,318,44,0,44,362
06/16/2021,SAV,GA,ASO,ES,Combined TRACON& Tower with Radar,119,44,51,22,236,0,2,84,2,88,119,46,135,24,324,23,0,23,347
06/17/2021,SAV,GA,ASO,ES,Combined TRACON& Tower with Radar,132,38,86,16,272,0,4,80,1,85,132,42,166,17,357,81,2,83,440
06/18/2021,SAV,GA,ASO,ES,Combined TRACON& Tower with Radar,128,45,78,8,259,0,3,90,0,93,128,48,168,8,352,128,0,128,480
06/19/2021,SAV,GA,ASO,ES,Combined TRACON& Tower with Radar,139,26,58,8,231,0,0,59,3,62,139,26,117,11,293,12,0,12,305
06/20/2021,SAV,GA,ASO,ES,Combined TRACON& Tower with Radar,135,25,55,9,224,0,0,3,0,3,135,25,58,9,227,4,0,4,231
06/21/2021,SAV,GA,ASO,ES,Combined TRACON& Tower with Radar,122,28,79,1,230,0,4,49,1,54,122,32,128,2,284,14,0,14,298
06/22/2021,SAV,GA,ASO,ES,Combined TRACON& Tower with Radar,114,24,65,7,210,0,0,6,1,7,114,24,71,8,217,8,9,17,234
06/23/2021,SAV,GA,ASO,ES,Combined TRACON& Tower with Radar,122,37,93,22,274,0,6,66,1,73,122,43,159,23,347,50,6,56,403
06/24/2021,SAV,GA,ASO,ES,Combined TRACON& Tower with Radar,127,51,81,13,272,0,2,68,6,76,127,53,149,19,348,114,6,120,468
06/25/2021,SAV,GA,ASO,ES,Combined TRACON& Tower with Radar,137,38,74,15,264,0,4,92,2,98,137,42,166,17,362,37,0,37,399
06/26/2021,SAV,GA,ASO,ES,Combined TRACON& Tower with Radar,141,31,63,10,245,0,0,34,0,34,141,31,97,10,279,40,2,42,321
06/27/2021,SAV,GA,ASO,ES,Combined TRACON& Tower with Radar,135,32,94,18,279,0,0,61,3,64,135,32,155,21,343,14,12,26,369
06/28/2021,SAV,GA,ASO,ES,Combined TRACON& Tower with Radar,124,39,40,2,205,0,3,14,0,17,124,42,54,2,222,24,0,24,246
06/29/2021,SAV,GA,ASO,ES,Combined TRACON& Tower with Radar,110,47,80,10,247,0,13,60,5,78,110,60,140,15,325,76,4,80,405
06/30/2021,SAV,GA,ASO,ES,Combined TRACON& Tower with Radar,118,50,79,16,263,0,1,45,6,52,118,51,124,22,315,80,0,80,395
07/01/2021,SAV,GA,ASO,ES,Combined TRACON& Tower with Radar,124,48,90,12,274,0,2,37,0,39,124,50,127,12,313,136,6,142,455
07/02/2021,SAV,GA,ASO,ES,Combined TRACON& Tower with Radar,130,27,74,14,245,0,0,19,1,20,130,27,93,15,265,32,0,32,297
07/03/2021,SAV,GA,ASO,ES,Combined TRACON& Tower with Radar,142,18,69,8,237,0,0,13,0,13,142,18,82,8,250,28,0,28,278
07/04/2021,SAV,GA,ASO,ES,Combined TRACON& Tower with Radar,125,17,13,8,163,0,0,26,2,28,125,17,39,10,191,88,0,88,279
07/05/2021,SAV,GA,ASO,ES,Combined TRACON& Tower with Radar,127,17,61,0,205,0,0,46,0,46,127,17,107,0,251,90,0,90,341
07/06/2021,SAV,GA,ASO,ES,Combined TRACON& Tower with Radar,119,43,59,9,230,0,4,41,0,45,119,47,100,9,275,120,0,120,395
07/07/2021,SAV,GA,ASO,ES,Combined TRACON& Tower with Radar,125,27,28,0,180,0,1,4,0,5,125,28,32,0,185,0,0,0,185
07/08/2021,SAV,GA,ASO,ES,Combined TRACON& Tower with Radar,135,36,43,9,223,0,1,17,3,21,135,37,60,12,244,55,0,55,299
07/09/2021,SAV,GA,ASO,ES,Combined TRACON& Tower with Radar,124,38,71,4,237,0,0,64,2,66,124,38,135,6,303,34,0,34,337
07/10/2021,SAV,GA,ASO,ES,Combined TRACON& Tower with Radar,143,27,48,2,220,0,0,66,0,66,143,27,114,2,286,19,0,19,305
07/11/2021,SAV,GA,ASO,ES,Combined TRACON& Tower with Radar,129,36,50,1,216,0,0,44,2,46,129,36,94,3,262,51,0,51,313
07/12/2021,SAV,GA,ASO,ES,Combined TRACON& Tower with Radar,120,32,60,15,227,0,12,56,3,71,120,44,116,18,298,12,0,12,310
07/13/2021,SAV,GA,ASO,ES,Combined TRACON& Tower with Radar,119,34,82,11,246,0,0,54,5,59,119,34,136,16,305,46,8,54,359
07/14/2021,SAV,GA,ASO,ES,Combined TRACON& Tower with Radar,123,36,66,9,234,0,2,65,6,73,123,38,131,15,307,108,8,116,423
07/15/2021,SAV,GA,ASO,ES,Combined TRACON& Tower with Radar,131,37,68,6,242,0,5,77,2,84,131,42,145,8,326,70,0,70,396
07/16/2021,SAV,GA,ASO,ES,Combined TRACON& Tower with Radar,129,39,45,8,221,0,6,76,5,87,129,45,121,13,308,66,0,66,374
07/17/2021,SAV,GA,ASO,ES,Combined TRACON& Tower with Radar,143,21,51,2,217,0,2,59,2,63,143,23,110,4,280,20,0,20,300
07/18/2021,SAV,GA,ASO,ES,Combined TRACON& Tower with Radar,133,24,52,5,214,0,1,34,5,40,133,25,86,10,254,24,0,24,278
07/19/2021,SAV,GA,ASO,ES,Combined TRACON& Tower with Radar,125,25,48,6,204,0,4,41,2,47,125,29,89,8,251,2,0,2,253
07/20/2021,SAV,GA,ASO,ES,Combined TRACON& Tower with Radar,122,36,72,14,244,0,2,10,3,15,122,38,82,17,259,0,0,0,259
07/21/2021,SAV,GA,ASO,ES,Combined TRACON& Tower with Radar,123,44,86,10,263,0,1,56,1,58,123,45,142,11,321,100,0,100,421
07/22/2021,SAV,GA,ASO,ES,Combined TRACON& Tower with Radar,134,38,65,4,241,0,2,36,1,39,134,40,101,5,280,33,0,33,313
07/23/2021,SAV,GA,ASO,ES,Combined TRACON& Tower with Radar,129,37,85,11,262,0,0,133,5,138,129,37,218,16,400,0,0,0,400
07/24/2021,SAV,GA,ASO,ES,Combined TRACON& Tower with Radar,148,22,63,7,240,0,0,99,1,100,148,22,162,8,340,0,0,0,340
07/25/2021,SAV,GA,ASO,ES,Combined TRACON& Tower with Radar,128,28,41,5,202,0,6,107,2,115,128,34,148,7,317,0,0,0,317
07/26/2021,SAV,GA,ASO,ES,Combined TRACON& Tower with Radar,130,23,49,15,217,0,0,56,0,56,130,23,105,15,273,0,0,0,273
07/27/2021,SAV,GA,ASO,ES,Combined TRACON& Tower with Radar,130,26,63,6,225,0,0,14,1,15,130,26,77,7,240,0,0,0,240
07/28/2021,SAV,GA,ASO,ES,Combined TRACON& Tower with Radar,126,29,69,10,234,0,1,93,0,94,126,30,162,10,328,0,0,0,328
07/29/2021,SAV,GA,ASO,ES,Combined TRACON& Tower with Radar,129,37,80,6,252,0,0,78,3,81,129,37,158,9,333,0,0,0,333
07/30/2021,SAV,GA,ASO,ES,Combined TRACON& Tower with Radar,130,37,51,9,227,0,2,72,2,76,130,39,123,11,303,0,0,0,303
07/31/2021,SAV,GA,ASO,ES,Combined TRACON& Tower with Radar,145,24,42,10,221,0,0,67,0,67,145,24,109,10,288,0,0,0,288
08/01/2021,SAV,GA,ASO,ES,Combined TRACON& Tower with Radar,133,36,78,8,255,0,0,57,1,58,133,36,135,9,313,0,0,0,313
08/02/2021,SAV,GA,ASO,ES,Combined TRACON& Tower with Radar,126,21,47,4,198,0,0,54,3,57,126,21,101,7,255,0,0,0,255
08/03/2021,SAV,GA,ASO,ES,Combined TRACON& Tower with Radar,110,37,95,3,245,0,0,20,3,23,110,37,115,6,268,0,0,0,268
08/04/2021,SAV,GA,ASO,ES,Combined TRACON& Tower with Radar,117,33,68,17,235,0,1,48,16,65,117,34,116,33,300,0,0,0,300
08/05/2021,SAV,GA,ASO,ES,Combined TRACON& Tower with Radar,125,61,85,13,284,0,0,19,10,29,125,61,104,23,313,0,0,0,313
08/06/2021,SAV,GA,ASO,ES,Combined TRACON& Tower with Radar,123,25,68,10,226,0,2,91,1,94,123,27,159,11,320,0,0,0,320
08/07/2021,SAV,GA,ASO,ES,Combined TRACON& Tower with Radar,136,20,63,4,223,0,0,53,0,53,136,20,116,4,276,0,0,0,276
08/08/2021,SAV,GA,ASO,ES,Combined TRACON& Tower with Radar,131,31,71,6,239,0,2,80,24,106,131,33,151,30,345,0,0,0,345
08/09/2021,SAV,GA,ASO,ES,Combined TRACON& Tower with Radar,117,30,67,1,215,0,2,144,1,147,117,32,211,2,362,0,0,0,362
08/10/2021,SAV,GA,ASO,ES,Combined TRACON& Tower with Radar,105,39,59,4,207,0,7,133,7,147,105,46,192,11,354,0,0,0,354
08/11/2021,SAV,GA,ASO,ES,Combined TRACON& Tower with Radar,112,31,49,14,206,0,0,175,2,177,112,31,224,16,383,0,0,0,383
08/12/2021,SAV,GA,ASO,ES,Combined TRACON& Tower with Radar,118,41,56,13,228,0,11,187,5,203,118,52,243,18,431,0,0,0,431
08/13/2021,SAV,GA,ASO,ES,Combined TRACON& Tower with Radar,113,39,69,9,230,0,2,128,20,150,113,41,197,29,380,0,0,0,380
08/14/2021,SAV,GA,ASO,ES,Combined TRACON& Tower with Radar,126,18,57,3,204,0,0,69,2,71,126,18,126,5,275,0,0,0,275
08/15/2021,SAV,GA,ASO,ES,Combined TRACON& Tower with Radar,125,27,45,2,199,0,0,34,1,35,125,27,79,3,234,0,0,0,234
08/16/2021,SAV,GA,ASO,ES,Combined TRACON& Tower with Radar,123,29,36,5,193,0,0,39,1,40,123,29,75,6,233,0,0,0,233
08/17/2021,SAV,GA,ASO,ES,Combined TRACON& Tower with Radar,94,19,46,9,168,0,0,44,3,47,94,19,90,12,215,0,0,0,215
08/18/2021,SAV,GA,ASO,ES,Combined TRACON& Tower with Radar,99,28,79,7,213,0,3,84,2,89,99,31,163,9,302,0,0,0,302
08/19/2021,SAV,GA,ASO,ES,Combined TRACON& Tower with Radar,124,27,69,2,222,0,3,165,7,175,124,30,234,9,397,0,0,0,397
08/20/2021,SAV,GA,ASO,ES,Combined TRACON& Tower with Radar,111,29,75,11,226,0,6,90,0,96,111,35,165,11,322,0,0,0,322
08/21/2021,SAV,GA,ASO,ES,Combined TRACON& Tower with Radar,113,37,46,7,203,0,0,120,0,120,113,37,166,7,323,0,0,0,323
08/22/2021,SAV,GA,ASO,ES,Combined TRACON& Tower with Radar,118,29,52,4,203,0,0,27,0,27,118,29,79,4,230,0,0,0,230
08/23/2021,SAV,GA,ASO,ES,Combined TRACON& Tower with Radar,110,35,50,9,204,0,2,62,1,65,110,37,112,10,269,0,0,0,269
08/24/2021,SAV,GA,ASO,ES,Combined TRACON& Tower with Radar,97,40,62,8,207,0,1,58,10,69,97,41,120,18,276,0,0,0,276
08/25/2021,SAV,GA,ASO,ES,Combined TRACON& Tower with Radar,102,42,66,14,224,0,0,72,0,72,102,42,138,14,296,0,0,0,296
08/26/2021,SAV,GA,ASO,ES,Combined TRACON& Tower with Radar,119,49,69,15,252,0,0,103,1,104,119,49,172,16,356,0,0,0,356
08/27/2021,SAV,GA,ASO,ES,Combined TRACON& Tower with Radar,110,35,77,5,227,0,1,118,2,121,110,36,195,7,348,0,0,0,348
08/28/2021,SAV,GA,ASO,ES,Combined TRACON& Tower with Radar,110,20,36,13,179,0,0,50,1,51,110,20,86,14,230,0,0,0,230
08/29/2021,SAV,GA,ASO,ES,Combined TRACON& Tower with Radar,126,22,60,2,210,0,0,81,2,83,126,22,141,4,293,0,0,0,293
08/30/2021,SAV,GA,ASO,ES,Combined TRACON& Tower with Radar,108,23,48,6,185,0,8,43,0,51,108,31,91,6,236,0,0,0,236
08/31/2021,SAV,GA,ASO,ES,Combined TRACON& Tower with Radar,96,31,34,8,169,0,5,111,2,118,96,36,145,10,287,0,0,0,287
09/01/2021,SAV,GA,ASO,ES,Combined TRACON& Tower with Radar,91,20,79,12,202,0,3,123,4,130,91,23,202,16,332,0,0,0,332
09/02/2021,SAV,GA,ASO,ES,Combined TRACON& Tower with Radar,115,52,79,3,249,0,1,151,10,162,115,53,230,13,411,0,0,0,411
09/03/2021,SAV,GA,ASO,ES,Combined TRACON& Tower with Radar,119,32,72,2,225,0,11,84,0,95,119,43,156,2,320,0,0,0,320
09/04/2021,SAV,GA,ASO,ES,Combined TRACON& Tower with Radar,106,25,55,2,188,0,2,81,0,83,106,27,136,2,271,0,0,0,271
09/05/2021,SAV,GA,ASO,ES,Combined TRACON& Tower with Radar,111,15,43,0,169,0,0,47,0,47,111,15,90,0,216,0,0,0,216
09/06/2021,SAV,GA,ASO,ES,Combined TRACON& Tower with Radar,110,25,59,0,194,0,0,78,0,78,110,25,137,0,272,0,0,0,272
09/07/2021,SAV,GA,ASO,ES,Combined TRACON& Tower with Radar,95,34,66,7,202,0,3,107,3,113,95,37,173,10,315,0,0,0,315
09/08/2021,SAV,GA,ASO,ES,Combined TRACON& Tower with Radar,90,31,60,4,185,0,2,56,17,75,90,33,116,21,260,0,0,0,260
09/09/2021,SAV,GA,ASO,ES,Combined TRACON& Tower with Radar,107,41,65,9,222,0,1,45,11,57,107,42,110,20,279,0,0,0,279
09/10/2021,SAV,GA,ASO,ES,Combined TRACON& Tower with Radar,100,41,82,37,260,0,0,66,15,81,100,41,148,52,341,0,0,0,341
09/11/2021,SAV,GA,ASO,ES,Combined TRACON& Tower with Radar,96,24,46,11,177,0,0,89,29,118,96,24,135,40,295,0,0,0,295
09/12/2021,SAV,GA,ASO,ES,Combined TRACON& Tower with Radar,110,39,67,11,227,0,2,101,1,104,110,41,168,12,331,0,0,0,331
09/13/2021,SAV,GA,ASO,ES,Combined TRACON& Tower with Radar,101,39,57,9,206,0,8,71,4,83,101,47,128,13,289,0,0,0,289
09/14/2021,SAV,GA,ASO,ES,Combined TRACON& Tower with Radar,91,42,51,23,207,0,0,72,16,88,91,42,123,39,295,0,0,0,295
09/15/2021,SAV,GA,ASO,ES,Combined TRACON& Tower with Radar,90,26,86,5,207,0,0,48,11,59,90,26,134,16,266,22,0,22,288
09/16/2021,SAV,GA,ASO,ES,Combined TRACON& Tower with Radar,110,45,61,5,221,0,2,8,1,11,110,47,69,6,232,4,0,4,236
09/17/2021,SAV,GA,ASO,ES,Combined TRACON& Tower with Radar,109,50,93,3,255,0,2,43,0,45,109,52,136,3,300,2,28,30,330
09/18/2021,SAV,GA,ASO,ES,Combined TRACON& Tower with Radar,101,21,40,2,164,0,0,37,0,37,101,21,77,2,201,14,0,14,215
09/19/2021,SAV,GA,ASO,ES,Combined TRACON& Tower with Radar,117,21,63,0,201,0,2,31,0,33,117,23,94,0,234,0,0,0,234
09/20/2021,SAV,GA,ASO,ES,Combined TRACON& Tower with Radar,101,20,40,1,162,0,0,1,0,1,101,20,41,1,163,0,0,0,163
09/21/2021,SAV,GA,ASO,ES,Combined TRACON& Tower with Radar,97,32,54,4,187,0,0,13,3,16,97,32,67,7,203,30,2,32,235
09/22/2021,SAV,GA,ASO,ES,Combined TRACON& Tower with Radar,91,46,54,11,202,0,0,34,0,34,91,46,88,11,236,38,0,38,274
09/23/2021,SAV,GA,ASO,ES,Combined TRACON& Tower with Radar,100,36,72,1,209,0,3,102,0,105,100,39,174,1,314,12,0,12,326
09/24/2021,SAV,GA,ASO,ES,Combined TRACON& Tower with Radar,101,30,76,1,208,0,3,106,0,109,101,33,182,1,317,22,0,22,339
09/25/2021,SAV,GA,ASO,ES,Combined TRACON& Tower with Radar,95,26,57,0,178,0,2,69,0,71,95,28,126,0,249,16,0,16,265
09/26/2021,SAV,GA,ASO,ES,Combined TRACON& Tower with Radar,116,17,71,1,205,0,0,81,0,81,116,17,152,1,286,0,0,0,286
09/27/2021,SAV,GA,ASO,ES,Combined TRACON& Tower with Radar,101,38,65,0,204,0,3,63,0,66,101,41,128,0,270,10,0,10,280
09/28/2021,SAV,GA,ASO,ES,Combined TRACON& Tower with Radar,94,34,66,0,194,0,0,83,0,83,94,34,149,0,277,76,0,76,353
09/29/2021,SAV,GA,ASO,ES,Combined TRACON& Tower with Radar,93,29,58,8,188,0,7,77,2,86,93,36,135,10,274,76,0,76,350
09/30/2021,SAV,GA,ASO,ES,Combined TRACON& Tower with Radar,114,44,80,11,249,0,3,79,3,85,114,47,159,14,334,18,20,38,372
10/01/2021,SAV,GA,ASO,ES,Combined TRACON& Tower with Radar,108,43,110,26,287,0,2,90,1,93,108,45,200,27,380,35,0,35,415
10/02/2021,SAV,GA,ASO,ES,Combined TRACON& Tower with Radar,105,12,49,10,176,0,2,75,4,81,105,14,124,14,257,30,14,44,301
10/03/2021,SAV,GA,ASO,ES,Combined TRACON& Tower with Radar,117,51,78,8,254,0,0,44,0,44,117,51,122,8,298,6,0,6,304
10/04/2021,SAV,GA,ASO,ES,Combined TRACON& Tower with Radar,102,41,103,14,260,0,1,61,1,63,102,42,164,15,323,58,0,58,381
10/05/2021,SAV,GA,ASO,ES,Combined TRACON& Tower with Radar,99,34,74,13,220,0,3,47,3,53,99,37,121,16,273,12,0,12,285
10/06/2021,SAV,GA,ASO,ES,Combined TRACON& Tower with Radar,98,31,75,22,226,0,0,17,2,19,98,31,92,24,245,58,28,86,331
10/07/2021,SAV,GA,ASO,ES,Combined TRACON& Tower with Radar,114,50,82,8,254,0,0,34,0,34,114,50,116,8,288,40,0,40,328
10/08/2021,SAV,GA,ASO,ES,Combined TRACON& Tower with Radar,112,32,84,1,229,0,0,9,1,10,112,32,93,2,239,8,0,8,247
10/09/2021,SAV,GA,ASO,ES,Combined TRACON& Tower with Radar,104,34,56,0,194,0,1,23,0,24,104,35,79,0,218,0,0,0,218
10/10/2021,SAV,GA,ASO,ES,Combined TRACON& Tower with Radar,117,29,82,2,230,0,0,42,1,43,117,29,124,3,273,18,6,24,297
10/11/2021,SAV,GA,ASO,ES,Combined TRACON& Tower with Radar,114,30,67,0,211,0,11,73,0,84,114,41,140,0,295,52,0,52,347
10/12/2021,SAV,GA,ASO,ES,Combined TRACON& Tower with Radar,97,35,73,3,208,0,3,89,11,103,97,38,162,14,311,44,0,44,355
10/13/2021,SAV,GA,ASO,ES,Combined TRACON& Tower with Radar,100,39,67,12,218,0,3,78,7,88,100,42,145,19,306,57,0,57,363
10/14/2021,SAV,GA,ASO,ES,Combined TRACON& Tower with Radar,110,49,78,7,244,0,0,56,9,65,110,49,134,16,309,38,6,44,353
10/15/2021,SAV,GA,ASO,ES,Combined TRACON& Tower with Radar,114,39,90,9,252,0,1,83,2,86,114,40,173,11,338,21,0,21,359
10/16/2021,SAV,GA,ASO,ES,Combined TRACON& Tower with Radar,108,20,64,7,199,0,0,42,3,45,108,20,106,10,244,22,0,22,266
10/17/2021,SAV,GA,ASO,ES,Combined TRACON& Tower with Radar,116,42,76,1,235,0,0,57,0,57,116,42,133,1,292,0,0,0,292
10/18/2021,SAV,GA,ASO,ES,Combined TRACON& Tower with Radar,114,40,59,19,232,0,1,52,4,57,114,41,111,23,289,12,14,26,315
10/19/2021,SAV,GA,ASO,ES,Combined TRACON& Tower with Radar,97,49,46,29,221,0,3,61,2,66,97,52,107,31,287,20,14,34,321
10/20/2021,SAV,GA,ASO,ES,Combined TRACON& Tower with Radar,95,40,90,9,234,0,9,71,3,83,95,49,161,12,317,14,0,14,331
10/21/2021,SAV,GA,ASO,ES,Combined TRACON& Tower with Radar,113,52,91,15,271,0,1,89,2,92,113,53,180,17,363,59,4,63,426
10/22/2021,SAV,GA,ASO,ES,Combined TRACON& Tower with Radar,115,46,107,9,277,0,0,101,2,103,115,46,208,11,380,7,0,7,387
10/23/2021,SAV,GA,ASO,ES,Combined TRACON& Tower with Radar,106,30,81,9,226,0,4,72,2,78,106,34,153,11,304,4,4,8,312
10/24/2021,SAV,GA,ASO,ES,Combined TRACON& Tower with Radar,117,50,116,5,288,0,2,69,0,71,117,52,185,5,359,0,0,0,359
10/25/2021,SAV,GA,ASO,ES,Combined TRACON& Tower with Radar,107,45,67,2,221,0,1,20,3,24,107,46,87,5,245,16,0,16,261
10/26/2021,SAV,GA,ASO,ES,Combined TRACON& Tower with Radar,95,28,78,7,208,0,2,67,2,71,95,30,145,9,279,52,0,52,331
10/27/2021,SAV,GA,ASO,ES,Combined TRACON& Tower with Radar,93,59,71,15,238,0,10,79,6,95,93,69,150,21,333,34,6,40,373
10/28/2021,SAV,GA,ASO,ES,Combined TRACON& Tower with Radar,110,53,64,10,237,0,0,8,0,8,110,53,72,10,245,8,0,8,253
10/29/2021,SAV,GA,ASO,ES,Combined TRACON& Tower with Radar,110,62,105,3,280,0,4,49,1,54,110,66,154,4,334,22,0,22,356
10/30/2021,SAV,GA,ASO,ES,Combined TRACON& Tower with Radar,97,37,66,0,200,0,0,31,0,31,97,37,97,0,231,0,0,0,231
10/31/2021,SAV,GA,ASO,ES,Combined TRACON& Tower with Radar,102,32,83,0,217,0,0,78,0,78,102,32,161,0,295,14,0,14,309
11/01/2021,SAV,GA,ASO,ES,Combined TRACON& Tower with Radar,110,44,80,3,237,0,13,75,0,88,110,57,155,3,325,15,0,15,340
11/02/2021,SAV,GA,ASO,ES,Combined TRACON& Tower with Radar,96,38,72,20,226,0,7,75,1,83,96,45,147,21,309,42,0,42,351
11/03/2021,SAV,GA,ASO,ES,Combined TRACON& Tower with Radar,95,49,84,15,243,0,1,56,2,59,95,50,140,17,302,68,0,68,370
11/04/2021,SAV,GA,ASO,ES,Combined TRACON& Tower with Radar,112,66,111,8,297,0,0,46,2,48,112,66,157,10,345,16,0,16,361
11/05/2021,SAV,GA,ASO,ES,Combined TRACON& Tower with Radar,107,42,99,11,259,0,0,28,1,29,107,42,127,12,288,68,0,68,356
11/06/2021,SAV,GA,ASO,ES,Combined TRACON& Tower with Radar,99,31,31,1,162,0,0,0,1,1,99,31,31,2,163,0,0,0,163
11/07/2021,SAV,GA,ASO,ES,Combined TRACON& Tower with Radar,110,43,108,2,263,0,1,46,2,49,110,44,154,4,312,33,0,33,345
11/08/2021,SAV,GA,ASO,ES,Combined TRACON& Tower with Radar,106,44,67,10,227,0,3,65,0,68,106,47,132,10,295,20,0,20,315
11/09/2021,SAV,GA,ASO,ES,Combined TRACON& Tower with Radar,93,55,69,30,247,0,1,87,3,91,93,56,156,33,338,28,8,36,374
11/10/2021,SAV,GA,ASO,ES,Combined TRACON& Tower with Radar,98,53,98,17,266,0,5,75,1,81,98,58,173,18,347,64,0,64,411
11/11/2021,SAV,GA,ASO,ES,Combined TRACON& Tower with Radar,114,47,113,8,282,0,4,55,1,60,114,51,168,9,342,74,0,74,416
11/12/2021,SAV,GA,ASO,ES,Combined TRACON& Tower with Radar,105,52,118,10,285,0,4,102,2,108,105,56,220,12,393,12,2,14,407
11/13/2021,SAV,GA,ASO,ES,Combined TRACON& Tower with Radar,98,28,58,10,194,0,2,81,2,85,98,30,139,12,279,58,0,58,337
11/14/2021,SAV,GA,ASO,ES,Combined TRACON& Tower with Radar,109,32,89,0,230,0,2,85,0,87,109,34,174,0,317,13,0,13,330
11/15/2021,SAV,GA,ASO,ES,Combined TRACON& Tower with Radar,105,35,81,6,227,0,4,84,1,89,105,39,165,7,316,24,0,24,340
11/16/2021,SAV,GA,ASO,ES,Combined TRACON& Tower with Radar,93,42,91,11,237,0,6,102,5,113,93,48,193,16,350,35,4,39,389
11/17/2021,SAV,GA,ASO,ES,Combined TRACON& Tower with Radar,98,51,73,14,236,0,13,67,5,85,98,64,140,19,321,31,22,53,374
11/18/2021,SAV,GA,ASO,ES,Combined TRACON& Tower with Radar,104,59,108,17,288,0,2,52,4,58,104,61,160,21,346,48,0,48,394
11/19/2021,SAV,GA,ASO,ES,Combined TRACON& Tower with Radar,101,42,123,17,283,0,1,100,3,104,101,43,223,20,387,12,0,12,399
11/20/2021,SAV,GA,ASO,ES,Combined TRACON& Tower with Radar,93,26,65,22,206,0,0,75,7,82,93,26,140,29,288,20,0,20,308
11/21/2021,SAV,GA,ASO,ES,Combined TRACON& Tower with Radar,104,39,77,22,242,0,0,67,9,76,104,39,144,31,318,12,4,16,334
11/22/2021,SAV,GA,ASO,ES,Combined TRACON& Tower with Radar,101,73,76,5,255,0,10,42,5,57,101,83,118,10,312,10,6,16,328
11/23/2021,SAV,GA,ASO,ES,Combined TRACON& Tower with Radar,102,59,75,11,247,0,11,81,8,100,102,70,156,19,347,39,7,46,393
11/24/2021,SAV,GA,ASO,ES,Combined TRACON& Tower with Radar,103,49,78,2,232,0,7,73,0,80,103,56,151,2,312,38,0,38,350
11/25/2021,SAV,GA,ASO,ES,Combined TRACON& Tower with Radar,59,8,24,0,91,0,0,17,0,17,59,8,41,0,108,6,0,6,114
11/26/2021,SAV,GA,ASO,ES,Combined TRACON& Tower with Radar,86,27,45,0,158,0,1,30,0,31,86,28,75,0,189,0,0,0,189
11/27/2021,SAV,GA,ASO,ES,Combined TRACON& Tower with Radar,106,37,70,0,213,0,3,92,0,95,106,40,162,0,308,14,0,14,322
11/28/2021,SAV,GA,ASO,ES,Combined TRACON& Tower with Radar,99,35,108,1,243,0,0,51,0,51,99,35,159,1,294,16,0,16,310
11/29/2021,SAV,GA,ASO,ES,Combined TRACON& Tower with Radar,99,50,73,9,231,0,9,50,1,60,99,59,123,10,291,34,0,34,325
11/30/2021,SAV,GA,ASO,ES,Combined TRACON& Tower with Radar,96,32,74,10,212,0,5,78,2,85,96,37,152,12,297,16,0,16,313
12/01/2021,SAV,GA,ASO,ES,Combined TRACON& Tower with Radar,100,33,74,7,214,0,3,60,1,64,100,36,134,8,278,28,4,32,310
12/02/2021,SAV,GA,ASO,ES,Combined TRACON& Tower with Radar,107,51,66,5,229,0,6,95,3,104,107,57,161,8,333,42,0,42,375
12/03/2021,SAV,GA,ASO,ES,Combined TRACON& Tower with Radar,97,39,82,0,218,0,7,107,4,118,97,46,189,4,336,26,0,26,362
12/04/2021,SAV,GA,ASO,ES,Combined TRACON& Tower with Radar,87,20,90,29,226,0,0,101,13,114,87,20,191,42,340,16,0,16,356
12/05/2021,SAV,GA,ASO,ES,Combined TRACON& Tower with Radar,101,30,100,10,241,0,1,85,0,86,101,31,185,10,327,29,4,33,360
12/06/2021,SAV,GA,ASO,ES,Combined TRACON& Tower with Radar,92,38,66,3,199,0,7,57,1,65,92,45,123,4,264,20,2,22,286
12/07/2021,SAV,GA,ASO,ES,Combined TRACON& Tower with Radar,87,41,96,25,249,0,0,22,4,26,87,41,118,29,275,42,0,42,317
12/08/2021,SAV,GA,ASO,ES,Combined TRACON& Tower with Radar,90,36,90,17,233,0,1,3,0,4,90,37,93,17,237,0,0,0,237
12/09/2021,SAV,GA,ASO,ES,Combined TRACON& Tower with Radar,101,51,145,20,317,0,0,53,1,54,101,51,198,21,371,20,8,28,399
12/10/2021,SAV,GA,ASO,ES,Combined TRACON& Tower with Radar,96,49,96,38,279,0,6,71,6,83,96,55,167,44,362,31,4,35,397
12/11/2021,SAV,GA,ASO,ES,Combined TRACON& Tower with Radar,81,32,51,3,167,0,2,49,3,54,81,34,100,6,221,62,0,62,283
12/12/2021,SAV,GA,ASO,ES,Combined TRACON& Tower with Radar,96,22,96,10,224,0,0,59,5,64,96,22,155,15,288,16,0,16,304
12/13/2021,SAV,GA,ASO,ES,Combined TRACON& Tower with Radar,100,42,69,8,219,0,5,69,1,75,100,47,138,9,294,0,0,0,294
12/14/2021,SAV,GA,ASO,ES,Combined TRACON& Tower with Radar,87,45,64,7,203,0,3,77,0,80,87,48,141,7,283,42,0,42,325
12/15/2021,SAV,GA,ASO,ES,Combined TRACON& Tower with Radar,90,56,79,2,227,0,1,80,0,81,90,57,159,2,308,21,0,21,329
12/16/2021,SAV,GA,ASO,ES,Combined TRACON& Tower with Radar,104,69,108,4,285,0,4,61,3,68,104,73,169,7,353,0,0,0,353
12/17/2021,SAV,GA,ASO,ES,Combined TRACON& Tower with Radar,109,56,107,14,286,0,1,58,2,61,109,57,165,16,347,6,0,6,353
12/18/2021,SAV,GA,ASO,ES,Combined TRACON& Tower with Radar,82,35,46,15,178,0,0,46,0,46,82,35,92,15,224,6,2,8,232
12/19/2021,SAV,GA,ASO,ES,Combined TRACON& Tower with Radar,98,25,53,7,183,0,0,0,0,0,98,25,53,7,183,27,0,27,210
12/20/2021,SAV,GA,ASO,ES,Combined TRACON& Tower with Radar,102,46,74,10,232,0,1,53,2,56,102,47,127,12,288,11,0,11,299
12/21/2021,SAV,GA,ASO,ES,Combined TRACON& Tower with Radar,107,34,62,5,208,0,0,0,0,0,107,34,62,5,208,0,0,0,208
12/22/2021,SAV,GA,ASO,ES,Combined TRACON& Tower with Radar,101,35,85,3,224,0,1,69,3,73,101,36,154,6,297,0,0,0,297
12/23/2021,SAV,GA,ASO,ES,Combined TRACON& Tower with Radar,103,44,38,6,191,0,0,84,0,84,103,44,122,6,275,14,0,14,289
12/24/2021,SAV,GA,ASO,ES,Combined TRACON& Tower with Radar,81,20,23,1,125,0,0,34,0,34,81,20,57,1,159,2,0,2,161
12/25/2021,SAV,GA,ASO,ES,Combined TRACON& Tower with Radar,77,11,14,0,102,0,0,10,0,10,77,11,24,0,112,0,0,0,112
12/26/2021,SAV,GA,ASO,ES,Combined TRACON& Tower with Radar,97,34,68,0,199,0,0,51,0,51,97,34,119,0,250,0,0,0,250
12/27/2021,SAV,GA,ASO,ES,Combined TRACON& Tower with Radar,98,47,77,0,222,0,1,51,0,52,98,48,128,0,274,2,0,2,276
12/28/2021,SAV,GA,ASO,ES,Combined TRACON& Tower with Radar,98,55,67,5,225,0,0,48,0,48,98,55,115,5,273,18,0,18,291
12/29/2021,SAV,GA,ASO,ES,Combined TRACON& Tower with Radar,101,44,83,0,228,0,3,66,0,69,101,47,149,0,297,0,0,0,297
12/30/2021,SAV,GA,ASO,ES,Combined TRACON& Tower with Radar,99,55,75,0,229,0,0,35,0,35,99,55,110,0,264,18,0,18,282
12/31/2021,SAV,GA,ASO,ES,Combined TRACON& Tower with Radar,77,36,45,1,159,0,0,30,0,30,77,36,75,1,189,27,0,27,216
01/01/2022,SAV,GA,ASO,ES,Combined TRACON& Tower with Radar,74,20,24,2,120,0,0,29,0,29,74,20,53,2,149,0,0,0,149
01/02/2022,SAV,GA,ASO,ES,Combined TRACON& Tower with Radar,81,39,75,1,196,0,0,6,0,6,81,39,81,1,202,6,0,6,208
01/03/2022,SAV,GA,ASO,ES,Combined TRACON& Tower with Radar,80,39,64,1,184,0,3,14,0,17,80,42,78,1,201,0,0,0,201
01/04/2022,SAV,GA,ASO,ES,Combined TRACON& Tower with Radar,78,26,74,7,185,0,19,68,3,90,78,45,142,10,275,17,12,29,304
01/05/2022,SAV,GA,ASO,ES,Combined TRACON& Tower with Radar,83,21,71,19,194,0,0,31,1,32,83,21,102,20,226,29,0,29,255
01/06/2022,SAV,GA,ASO,ES,Combined TRACON& Tower with Radar,88,31,66,20,205,0,11,74,12,97,88,42,140,32,302,29,22,51,353
01/07/2022,SAV,GA,ASO,ES,Combined TRACON& Tower with Radar,85,27,68,7,187,0,0,87,5,92,85,27,155,12,279,10,8,18,297
01/08/2022,SAV,GA,ASO,ES,Combined TRACON& Tower with Radar,74,29,52,9,164,0,1,72,4,77,74,30,124,13,241,38,0,38,279
01/09/2022,SAV,GA,ASO,ES,Combined TRACON& Tower with Radar,87,33,61,16,197,0,0,53,2,55,87,33,114,18,252,6,0,6,258
01/10/2022,SAV,GA,ASO,ES,Combined TRACON& Tower with Radar,87,44,64,16,211,0,1,38,1,40,87,45,102,17,251,12,0,12,263
01/11/2022,SAV,GA,ASO,ES,Combined TRACON& Tower with Radar,86,25,71,24,206,0,3,76,4,83,86,28,147,28,289,20,0,20,309
01/12/2022,SAV,GA,ASO,ES,Combined TRACON& Tower with Radar,90,31,77,1,199,0,1,94,5,100,90,32,171,6,299,64,0,64,363
01/13/2022,SAV,GA,ASO,ES,Combined TRACON& Tower with Radar,92,51,74,11,228,0,1,67,7,75,92,52,141,18,303,12,20,32,335
01/14/2022,SAV,GA,ASO,ES,Combined TRACON& Tower with Radar,91,34,95,12,232,0,1,90,5,96,91,35,185,17,328,72,6,78,406
01/15/2022,SAV,GA,ASO,ES,Combined TRACON& Tower with Radar,75,17,79,10,181,0,0,93,3,96,75,17,172,13,277,44,0,44,321
01/16/2022,SAV,GA,ASO,ES,Combined TRACON& Tower with Radar,71,21,33,0,125,0,1,4,0,5,71,22,37,0,130,0,0,0,130
01/17/2022,SAV,GA,ASO,ES,Combined TRACON& Tower with Radar,87,38,61,3,189,0,0,26,0,26,87,38,87,3,215,5,0,5,220
01/18/2022,SAV,GA,ASO,ES,Combined TRACON& Tower with Radar,90,44,60,8,202,0,0,82,0,82,90,44,142,8,284,67,0,67,351
01/19/2022,SAV,GA,ASO,ES,Combined TRACON& Tower with Radar,90,38,73,7,208,0,1,80,0,81,90,39,153,7,289,20,0,20,309
01/20/2022,SAV,GA,ASO,ES,Combined TRACON& Tower with Radar,88,25,76,13,202,0,7,65,2,74,88,32,141,15,276,40,0,40,316
01/21/2022,SAV,GA,ASO,ES,Combined TRACON& Tower with Radar,95,20,55,2,172,0,0,0,0,0,95,20,55,2,172,0,0,0,172
01/22/2022,SAV,GA,ASO,ES,Combined TRACON& Tower with Radar,75,14,36,2,127,0,0,9,1,10,75,14,45,3,137,28,0,28,165
01/23/2022,SAV,GA,ASO,ES,Combined TRACON& Tower with Radar,92,10,53,3,158,0,0,67,2,69,92,10,120,5,227,48,0,48,275
01/24/2022,SAV,GA,ASO,ES,Combined TRACON& Tower with Radar,93,20,56,8,177,0,2,72,2,76,93,22,128,10,253,72,6,78,331
01/25/2022,SAV,GA,ASO,ES,Combined TRACON& Tower with Radar,92,30,82,16,220,0,6,66,17,89,92,36,148,33,309,40,0,40,349
01/26/2022,SAV,GA,ASO,ES,Combined TRACON& Tower with Radar,93,36,91,13,233,0,5,67,7,79,93,41,158,20,312,16,0,16,328
01/27/2022,SAV,GA,ASO,ES,Combined TRACON& Tower with Radar,97,51,88,25,261,0,2,90,5,97,97,53,178,30,358,14,12,26,384
01/28/2022,SAV,GA,ASO,ES,Combined TRACON& Tower with Radar,103,46,56,21,226,0,6,74,9,89,103,52,130,30,315,54,0,54,369
01/29/2022,SAV,GA,ASO,ES,Combined TRACON& Tower with Radar,59,18,23,9,109,0,1,36,2,39,59,19,59,11,148,0,0,0,148
01/30/2022,SAV,GA,ASO,ES,Combined TRACON& Tower with Radar,78,25,59,9,171,0,1,72,7,80,78,26,131,16,251,18,0,18,269
01/31/2022,SAV,GA,ASO,ES,Combined TRACON& Tower with Radar,92,33,59,6,190,0,7,76,0,83,92,40,135,6,273,21,0,21,294
02/01/2022,SAV,GA,ASO,ES,Combined TRACON& Tower with Radar,89,26,79,17,211,0,10,83,3,96,89,36,162,20,307,36,0,36,343
02/02/2022,SAV,GA,ASO,ES,Combined TRACON& Tower with Radar,94,53,83,10,240,0,6,78,1,85,94,59,161,11,325,29,8,37,362
02/03/2022,SAV,GA,ASO,ES,Combined TRACON& Tower with Radar,90,32,59,24,205,0,3,37,5,45,90,35,96,29,250,6,35,41,291
02/04/2022,SAV,GA,ASO,ES,Combined TRACON& Tower with Radar,70,22,54,9,155,0,0,11,1,12,70,22,65,10,167,77,0,77,244
02/05/2022,SAV,GA,ASO,ES,Combined TRACON& Tower with Radar,71,25,61,0,157,0,0,67,6,73,71,25,128,6,230,14,0,14,244
02/06/2022,SAV,GA,ASO,ES,Combined TRACON& Tower with Radar,94,26,57,6,183,0,0,4,0,4,94,26,61,6,187,0,0,0,187
02/07/2022,SAV,GA,ASO,ES,Combined TRACON& Tower with Radar,94,33,54,1,182,0,0,0,0,0,94,33,54,1,182,0,0,0,182
02/08/2022,SAV,GA,ASO,ES,Combined TRACON& Tower with Radar,92,29,75,7,203,0,2,70,3,75,92,31,145,10,278,72,0,72,350
02/09/2022,SAV,GA,ASO,ES,Combined TRACON& Tower with Radar,95,39,84,10,228,0,0,104,9,113,95,39,188,19,341,78,0,78,419
02/10/2022,SAV,GA,ASO,ES,Combined TRACON& Tower with Radar,94,45,92,10,241,0,2,104,6,112,94,47,196,16,353,0,0,0,353
02/11/2022,SAV,GA,ASO,ES,Combined TRACON& Tower with Radar,94,41,79,9,223,0,1,116,2,119,94,42,195,11,342,0,0,0,342
02/12/2022,SAV,GA,ASO,ES,Combined TRACON& Tower with Radar,78,25,84,29,216,0,2,80,4,86,78,27,164,33,302,0,0,0,302
02/13/2022,SAV,GA,ASO,ES,Combined TRACON& Tower with Radar,88,39,67,3,197,0,0,56,2,58,88,39,123,5,255,0,0,0,255
02/14/2022,SAV,GA,ASO,ES,Combined TRACON& Tower with Radar,93,31,52,4,180,0,2,77,0,79,93,33,129,4,259,0,0,0,259
02/15/2022,SAV,GA,ASO,ES,Combined TRACON& Tower with Radar,89,58,71,8,226,0,16,87,8,111,89,74,158,16,337,0,0,0,337
02/16/2022,SAV,GA,ASO,ES,Combined TRACON& Tower with Radar,94,42,106,16,258,0,6,56,6,68,94,48,162,22,326,32,0,32,358
02/17/2022,SAV,GA,ASO,ES,Combined TRACON& Tower with Radar,94,52,98,10,254,0,3,29,2,34,94,55,127,12,288,12,0,12,300
02/18/2022,SAV,GA,ASO,ES,Combined TRACON& Tower with Radar,92,38,108,11,249,0,2,23,0,25,92,40,131,11,274,0,0,0,274
02/19/2022,SAV,GA,ASO,ES,Combined TRACON& Tower with Radar,78,29,68,4,179,0,2,81,0,83,78,31,149,4,262,0,0,0,262
02/20/2022,SAV,GA,ASO,ES,Combined TRACON& Tower with Radar,91,39,79,1,210,0,0,99,9,108,91,39,178,10,318,0,0,0,318
02/21/2022,SAV,GA,ASO,ES,Combined TRACON& Tower with Radar,99,35,107,0,241,0,7,83,0,90,99,42,190,0,331,32,0,32,363
02/22/2022,SAV,GA,ASO,ES,Combined TRACON& Tower with Radar,95,48,68,21,232,0,1,67,0,68,95,49,135,21,300,38,20,58,358
02/23/2022,SAV,GA,ASO,ES,Combined TRACON& Tower with Radar,91,44,74,6,215,0,4,83,6,93,91,48,157,12,308,18,0,18,326
02/24/2022,SAV,GA,ASO,ES,Combined TRACON& Tower with Radar,90,45,88,21,244,0,6,88,13,107,90,51,176,34,351,58,4,62,413
02/25/2022,SAV,GA,ASO,ES,Combined TRACON& Tower with Radar,94,31,87,26,238,0,3,74,5,82,94,34,161,31,320,60,0,60,380
02/26/2022,SAV,GA,ASO,ES,Combined TRACON& Tower with Radar,78,18,70,4,170,0,6,69,1,76,78,24,139,5,246,4,0,4,250
02/27/2022,SAV,GA,ASO,ES,Combined TRACON& Tower with Radar,96,29,88,8,221,0,0,0,0,0,96,29,88,8,221,0,0,0,221
02/28/2022,SAV,GA,ASO,ES,Combined TRACON& Tower with Radar,96,30,66,7,199,0,0,65,3,68,96,30,131,10,267,26,0,26,293
03/01/2022,SAV,GA,ASO,ES,Combined TRACON& Tower with Radar,90,44,85,22,241,0,3,95,2,100,90,47,180,24,341,69,0,69,410
03/02/2022,SAV,GA,ASO,ES,Combined TRACON& Tower with Radar,93,49,76,5,223,0,0,76,3,79,93,49,152,8,302,14,0,14,316
03/03/2022,SAV,GA,ASO,ES,Combined TRACON& Tower with Radar,104,30,95,12,241,0,5,87,4,96,104,35,182,16,337,30,2,32,369
03/04/2022,SAV,GA,ASO,ES,Combined TRACON& Tower with Radar,100,55,83,20,258,0,2,80,5,87,100,57,163,25,345,2,0,2,347
03/05/2022,SAV,GA,ASO,ES,Combined TRACON& Tower with Radar,79,41,47,10,177,0,0,57,4,61,79,41,104,14,238,40,4,44,282
03/06/2022,SAV,GA,ASO,ES,Combined TRACON& Tower with Radar,100,38,73,21,232,0,0,81,10,91,100,38,154,31,323,0,14,14,337
03/07/2022,SAV,GA,ASO,ES,Combined TRACON& Tower with Radar,98,44,65,22,229,0,0,68,0,68,98,44,133,22,297,18,10,28,325
03/08/2022,SAV,GA,ASO,ES,Combined TRACON& Tower with Radar,102,40,62,3,207,0,1,46,3,50,102,41,108,6,257,16,19,35,292
03/09/2022,SAV,GA,ASO,ES,Combined TRACON& Tower with Radar,92,61,65,9,227,0,0,9,4,13,92,61,74,13,240,0,0,0,240
03/10/2022,SAV,GA,ASO,ES,Combined TRACON& Tower with Radar,106,52,76,6,240,0,0,20,1,21,106,52,96,7,261,0,0,0,261
03/11/2022,SAV,GA,ASO,ES,Combined TRACON& Tower with Radar,100,37,71,5,213,0,0,6,0,6,100,37,77,5,219,0,0,0,219
03/12/2022,SAV,GA,ASO,ES,Combined TRACON& Tower with Radar,85,50,55,1,191,0,0,2,0,2,85,50,57,1,193,0,0,0,193
03/13/2022,SAV,GA,ASO,ES,Combined TRACON& Tower with Radar,96,44,97,3,240,0,0,96,0,96,96,44,193,3,336,34,0,34,370
03/14/2022,SAV,GA,ASO,ES,Combined TRACON& Tower with Radar,105,56,65,7,233,0,10,82,6,98,105,66,147,13,331,22,0,22,353
03/15/2022,SAV,GA,ASO,ES,Combined TRACON& Tower with Radar,93,52,74,6,225,0,6,79,3,88,93,58,153,9,313,23,0,23,336
03/16/2022,SAV,GA,ASO,ES,Combined TRACON& Tower with Radar,98,54,78,8,238,0,0,7,1,8,98,54,85,9,246,59,0,59,305
03/17/2022,SAV,GA,ASO,ES,Combined TRACON& Tower with Radar,103,54,111,25,293,0,5,78,6,89,103,59,189,31,382,63,0,63,445
03/18/2022,SAV,GA,ASO,ES,Combined TRACON& Tower with Radar,100,50,90,24,264,0,4,49,1,54,100,54,139,25,318,17,6,23,341
03/19/2022,SAV,GA,ASO,ES,Combined TRACON& Tower with Radar,93,32,59,1,185,0,0,39,3,42,93,32,98,4,227,4,0,4,231
03/20/2022,SAV,GA,ASO,ES,Combined TRACON& Tower with Radar,103,33,107,3,246,0,0,80,0,80,103,33,187,3,326,20,0,20,346
03/21/2022,SAV,GA,ASO,ES,Combined TRACON& Tower with Radar,96,38,87,9,230,0,0,80,3,83,96,38,167,12,313,38,0,38,351
03/22/2022,SAV,GA,ASO,ES,Combined TRACON& Tower with Radar,99,37,75,4,215,0,7,75,5,87,99,44,150,9,302,38,0,38,340
03/23/2022,SAV,GA,ASO,ES,Combined TRACON& Tower with Radar,97,54,78,7,236,0,2,19,1,22,97,56,97,8,258,0,0,0,258
03/24/2022,SAV,GA,ASO,ES,Combined TRACON& Tower with Radar,109,36,72,2,219,0,1,4,0,5,109,37,76,2,224,4,0,4,228
03/25/2022,SAV,GA,ASO,ES,Combined TRACON& Tower with Radar,102,42,97,9,250,0,2,77,2,81,102,44,174,11,331,52,0,52,383
03/26/2022,SAV,GA,ASO,ES,Combined TRACON& Tower with Radar,97,41,55,0,193,0,1,40,0,41,97,42,95,0,234,22,0,22,256
03/27/2022,SAV,GA,ASO,ES,Combined TRACON& Tower with Radar,105,33,94,2,234,0,0,48,2,50,105,33,142,4,284,32,0,32,316
03/28/2022,SAV,GA,ASO,ES,Combined TRACON& Tower with Radar,104,34,94,7,239,0,8,77,2,87,104,42,171,9,326,30,4,34,360
03/29/2022,SAV,GA,ASO,ES,Combined TRACON& Tower with Radar,98,57,92,1,248,0,9,99,1,109,98,66,191,2,357,28,0,28,385
03/30/2022,SAV,GA,ASO,ES,Combined TRACON& Tower with Radar,107,31,72,18,228,0,4,32,3,39,107,35,104,21,267,12,0,12,279
03/31/2022,SAV,GA,ASO,ES,Combined TRACON& Tower with Radar,110,37,55,4,206,0,2,4,4,10,110,39,59,8,216,0,0,0,216
04/01/2022,SAV,GA,ASO,ES,Combined TRACON& Tower with Radar,104,31,94,18,247,0,2,87,2,91,104,33,181,20,338,24,0,24,362
04/02/2022,SAV,GA,ASO,ES,Combined TRACON& Tower with Radar,90,31,67,3,191,0,0,59,1,60,90,31,126,4,251,71,0,71,322
04/03/2022,SAV,GA,ASO,ES,Combined TRACON& Tower with Radar,94,47,78,7,226,0,1,78,0,79,94,48,156,7,305,6,0,6,311
04/04/2022,SAV,GA,ASO,ES,Combined TRACON& Tower with Radar,105,33,86,3,227,0,6,60,0,66,105,39,146,3,293,56,0,56,349
04/05/2022,SAV,GA,ASO,ES,Combined TRACON& Tower with Radar,105,34,71,9,219,0,0,24,2,26,105,34,95,11,245,100,2,102,347
04/06/2022,SAV,GA,ASO,ES,Combined TRACON& Tower with Radar,104,38,78,11,231,0,2,8,0,10,104,40,86,11,241,0,0,0,241
04/07/2022,SAV,GA,ASO,ES,Combined TRACON& Tower with Radar,114,67,114,22,317,0,0,42,1,43,114,67,156,23,360,4,0,4,364
04/08/2022,SAV,GA,ASO,ES,Combined TRACON& Tower with Radar,104,70,102,10,286,0,9,82,1,92,104,79,184,11,378,30,0,30,408
04/09/2022,SAV,GA,ASO,ES,Combined TRACON& Tower with Radar,99,42,68,0,209,0,0,53,2,55,99,42,121,2,264,32,0,32,296
04/10/2022,SAV,GA,ASO,ES,Combined TRACON& Tower with Radar,106,54,121,0,281,0,2,82,0,84,106,56,203,0,365,19,0,19,384
04/11/2022,SAV,GA,ASO,ES,Combined TRACON& Tower with Radar,110,46,99,6,261,0,14,65,6,85,110,60,164,12,346,72,0,72,418
04/12/2022,SAV,GA,ASO,ES,Combined TRACON& Tower with Radar,108,41,75,5,229,0,2,78,6,86,108,43,153,11,315,4,0,4,319
04/13/2022,SAV,GA,ASO,ES,Combined TRACON& Tower with Radar,109,70,95,5,279,0,0,61,2,63,109,70,156,7,342,6,10,16,358
04/14/2022,SAV,GA,ASO,ES,Combined TRACON& Tower with Radar,121,74,107,6,308,0,4,58,2,64,121,78,165,8,372,12,0,12,384
04/15/2022,SAV,GA,ASO,ES,Combined TRACON& Tower with Radar,115,53,103,15,286,0,2,75,0,77,115,55,178,15,363,11,0,11,374
04/16/2022,SAV,GA,ASO,ES,Combined TRACON& Tower with Radar,106,23,82,8,219,0,0,24,0,24,106,23,106,8,243,68,0,68,311
04/17/2022,SAV,GA,ASO,ES,Combined TRACON& Tower with Radar,115,24,51,0,190,0,0,27,0,27,115,24,78,0,217,12,0,12,229
04/18/2022,SAV,GA,ASO,ES,Combined TRACON& Tower with Radar,117,62,83,3,265,0,0,12,0,12,117,62,95,3,277,4,0,4,281
04/19/2022,SAV,GA,ASO,ES,Combined TRACON& Tower with Radar,106,52,77,3,238,0,6,88,2,96,106,58,165,5,334,42,0,42,376
04/20/2022,SAV,GA,ASO,ES,Combined TRACON& Tower with Radar,108,50,95,4,257,0,3,59,3,65,108,53,154,7,322,52,0,52,374
04/21/2022,SAV,GA,ASO,ES,Combined TRACON& Tower with Radar,122,60,99,9,290,0,6,84,2,92,122,66,183,11,382,79,2,81,463
04/22/2022,SAV,GA,ASO,ES,Combined TRACON& Tower with Radar,115,56,98,25,294,0,4,89,4,97,115,60,187,29,391,32,0,32,423
04/23/2022,SAV,GA,ASO,ES,Combined TRACON& Tower with Radar,107,34,74,3,218,0,1,74,0,75,107,35,148,3,293,14,4,18,311
04/24/2022,SAV,GA,ASO,ES,Combined TRACON& Tower with Radar,115,54,97,5,271,0,2,71,1,74,115,56,168,6,345,0,0,0,345
04/25/2022,SAV,GA,ASO,ES,Combined TRACON& Tower with Radar,117,33,73,7,230,0,8,71,6,85,117,41,144,13,315,28,12,40,355
04/26/2022,SAV,GA,ASO,ES,Combined TRACON& Tower with Radar,108,49,86,6,249,0,4,61,1,66,108,53,147,7,315,34,0,34,349
04/27/2022,SAV,GA,ASO,ES,Combined TRACON& Tower with Radar,107,52,95,19,273,0,1,65,4,70,107,53,160,23,343,13,0,13,356
04/28/2022,SAV,GA,ASO,ES,Combined TRACON& Tower with Radar,122,55,114,9,300,0,5,82,2,89,122,60,196,11,389,44,0,44,433
04/29/2022,SAV,GA,ASO,ES,Combined TRACON& Tower with Radar,124,44,92,15,275,0,2,63,1,66,124,46,155,16,341,12,2,14,355
04/30/2022,SAV,GA,ASO,ES,Combined TRACON& Tower with Radar,114,34,64,8,220,0,0,100,6,106,114,34,164,14,326,0,0,0,326
05/01/2022,SAV,GA,ASO,ES,Combined TRACON& Tower with Radar,128,40,78,5,251,0,0,74,2,76,128,40,152,7,327,10,0,10,337
05/02/2022,SAV,GA,ASO,ES,Combined TRACON& Tower with Radar,119,40,73,70,302,0,0,48,2,50,119,40,121,72,352,4,80,84,436
05/03/2022,SAV,GA,ASO,ES,Combined TRACON& Tower with Radar,104,44,74,49,271,0,5,45,5,55,104,49,119,54,326,2,53,55,381
05/04/2022,SAV,GA,ASO,ES,Combined TRACON& Tower with Radar,107,43,89,50,289,0,3,65,4,72,107,46,154,54,361,51,64,115,476
05/05/2022,SAV,GA,ASO,ES,Combined TRACON& Tower with Radar,123,57,68,59,307,0,3,67,11,81,123,60,135,70,388,50,106,156,544
05/06/2022,SAV,GA,ASO,ES,Combined TRACON& Tower with Radar,118,40,87,48,293,0,2,55,10,67,118,42,142,58,360,7,25,32,392
05/07/2022,SAV,GA,ASO,ES,Combined TRACON& Tower with Radar,110,36,49,1,196,0,2,43,6,51,110,38,92,7,247,18,0,18,265
05/08/2022,SAV,GA,ASO,ES,Combined TRACON& Tower with Radar,119,48,73,5,245,0,0,30,0,30,119,48,103,5,275,52,1,53,328
05/09/2022,SAV,GA,ASO,ES,Combined TRACON& Tower with Radar,115,47,88,46,296,0,3,66,8,77,115,50,154,54,373,48,46,94,467
05/10/2022,SAV,GA,ASO,ES,Combined TRACON& Tower with Radar,107,49,71,48,275,0,8,71,9,88,107,57,142,57,363,25,66,91,454
05/11/2022,SAV,GA,ASO,ES,Combined TRACON& Tower with Radar,109,56,90,54,309,0,6,76,6,88,109,62,166,60,397,32,90,122,519
05/12/2022,SAV,GA,ASO,ES,Combined TRACON& Tower with Radar,124,48,99,62,333,0,3,50,5,58,124,51,149,67,391,2,8,10,401
05/13/2022,SAV,GA,ASO,ES,Combined TRACON& Tower with Radar,117,52,69,15,253,0,0,24,4,28,117,52,93,19,281,38,0,38,319
05/14/2022,SAV,GA,ASO,ES,Combined TRACON& Tower with Radar,100,36,48,24,208,0,0,44,1,45,100,36,92,25,253,47,0,47,300
05/15/2022,SAV,GA,ASO,ES,Combined TRACON& Tower with Radar,123,57,77,5,262,0,0,67,5,72,123,57,144,10,334,42,0,42,376
05/16/2022,SAV,GA,ASO,ES,Combined TRACON& Tower with Radar,109,64,63,1,237,0,2,94,0,96,109,66,157,1,333,95,0,95,428
05/17/2022,SAV,GA,ASO,ES,Combined TRACON& Tower with Radar,106,38,91,5,240,0,12,88,0,100,106,50,179,5,340,72,0,72,412
05/18/2022,SAV,GA,ASO,ES,Combined TRACON& Tower with Radar,102,39,84,7,232,0,7,105,1,113,102,46,189,8,345,22,0,22,367
05/19/2022,SAV,GA,ASO,ES,Combined TRACON& Tower with Radar,113,48,103,3,267,0,3,85,5,93,113,51,188,8,360,14,0,14,374
05/20/2022,SAV,GA,ASO,ES,Combined TRACON& Tower with Radar,112,37,78,18,245,0,0,71,5,76,112,37,149,23,321,66,0,66,387
05/21/2022,SAV,GA,ASO,ES,Combined TRACON& Tower with Radar,108,29,43,14,194,0,0,39,1,40,108,29,82,15,234,27,6,33,267
05/22/2022,SAV,GA,ASO,ES,Combined TRACON& Tower with Radar,107,31,69,7,214,0,2,21,2,25,107,33,90,9,239,8,0,8,247
05/23/2022,SAV,GA,ASO,ES,Combined TRACON& Tower with Radar,118,31,71,9,229,0,0,26,2,28,118,31,97,11,257,89,0,89,346
05/24/2022,SAV,GA,ASO,ES,Combined TRACON& Tower with Radar,103,45,76,21,245,0,3,51,2,56,103,48,127,23,301,112,24,136,437
05/25/2022,SAV,GA,ASO,ES,Combined TRACON& Tower with Radar,101,52,91,2,246,1,6,57,7,71,102,58,148,9,317,31,2,33,350
05/26/2022,SAV,GA,ASO,ES,Combined TRACON& Tower with Radar,120,49,94,14,277,0,5,96,7,108,120,54,190,21,385,72,36,108,493
05/27/2022,SAV,GA,ASO,ES,Combined TRACON& Tower with Radar,111,40,78,1,230,0,0,42,1,43,111,40,120,2,273,26,8,34,307
05/28/2022,SAV,GA,ASO,ES,Combined TRACON& Tower with Radar,108,28,54,0,190,0,1,99,2,102,108,29,153,2,292,32,0,32,324
05/29/2022,SAV,GA,ASO,ES,Combined TRACON& Tower with Radar,110,25,34,0,169,0,1,86,0,87,110,26,120,0,256,44,0,44,300
05/30/2022,SAV,GA,ASO,ES,Combined TRACON& Tower with Radar,111,41,57,0,209,0,1,70,2,73,111,42,127,2,282,2,0,2,284
05/31/2022,SAV,GA,ASO,ES,Combined TRACON& Tower with Radar,105,65,61,3,234,0,2,57,3,62,105,67,118,6,296,0,0,0,296
06/01/2022,SAV,GA,ASO,ES,Combined TRACON& Tower with Radar,106,46,66,15,233,0,12,87,7,106,106,58,153,22,339,75,4,79,418
06/02/2022,SAV,GA,ASO,ES,Combined TRACON& Tower with Radar,109,65,80,0,254,0,1,83,0,84,109,66,163,0,338,70,0,70,408
06/03/2022,SAV,GA,ASO,ES,Combined TRACON& Tower with Radar,105,30,83,3,221,0,0,66,3,69,105,30,149,6,290,17,0,17,307
06/04/2022,SAV,GA,ASO,ES,Combined TRACON& Tower with Radar,124,36,45,9,214,0,0,9,0,9,124,36,54,9,223,0,0,0,223
06/05/2022,SAV,GA,ASO,ES,Combined TRACON& Tower with Radar,101,26,76,2,205,0,0,59,3,62,101,26,135,5,267,22,0,22,289
06/06/2022,SAV,GA,ASO,ES,Combined TRACON& Tower with Radar,109,31,65,5,210,0,1,53,1,55,109,32,118,6,265,76,0,76,341
06/07/2022,SAV,GA,ASO,ES,Combined TRACON& Tower with Radar,102,53,55,9,219,0,8,77,2,87,102,61,132,11,306,44,0,44,350
06/08/2022,SAV,GA,ASO,ES,Combined TRACON& Tower with Radar,113,35,76,13,237,0,1,76,1,78,113,36,152,14,315,56,0,56,371
06/09/2022,SAV,GA,ASO,ES,Combined TRACON& Tower with Radar,112,34,72,9,227,0,0,59,4,63,112,34,131,13,290,7,20,27,317
06/10/2022,SAV,GA,ASO,ES,Combined TRACON& Tower with Radar,113,51,68,14,246,0,2,94,13,109,113,53,162,27,355,2,0,2,357
06/11/2022,SAV,GA,ASO,ES,Combined TRACON& Tower with Radar,128,32,41,6,207,0,0,56,1,57,128,32,97,7,264,27,0,27,291
06/12/2022,SAV,GA,ASO,ES,Combined TRACON& Tower with Radar,99,26,73,28,226,0,0,87,5,92,99,26,160,33,318,32,0,32,350
06/13/2022,SAV,GA,ASO,ES,Combined TRACON& Tower with Radar,109,40,88,2,239,0,4,50,1,55,109,44,138,3,294,179,0,179,473
06/14/2022,SAV,GA,ASO,ES,Combined TRACON& Tower with Radar,101,40,77,3,221,0,5,82,4,91,101,45,159,7,312,50,6,56,368
06/15/2022,SAV,GA,ASO,ES,Combined TRACON& Tower with Radar,112,53,96,7,268,5,10,105,4,124,117,63,201,11,392,44,0,44,436
06/16/2022,SAV,GA,ASO,ES,Combined TRACON& Tower with Radar,92,37,90,6,225,0,2,92,8,102,92,39,182,14,327,68,0,68,395
06/17/2022,SAV,GA,ASO,ES,Combined TRACON& Tower with Radar,95,22,59,4,180,0,4,72,0,76,95,26,131,4,256,28,0,28,284
06/18/2022,SAV,GA,ASO,ES,Combined TRACON& Tower with Radar,123,25,50,5,203,0,0,76,0,76,123,25,126,5,279,10,0,10,289
06/19/2022,SAV,GA,ASO,ES,Combined TRACON& Tower with Radar,101,36,55,14,206,0,0,55,1,56,101,36,110,15,262,30,0,30,292
06/20/2022,SAV,GA,ASO,ES,Combined TRACON& Tower with Radar,109,45,92,2,248,0,4,89,3,96,109,49,181,5,344,28,0,28,372
06/21/2022,SAV,GA,ASO,ES,Combined TRACON& Tower with Radar,97,28,74,3,202,0,2,84,0,86,97,30,158,3,288,15,0,15,303
06/22/2022,SAV,GA,ASO,ES,Combined TRACON& Tower with Radar,97,52,88,7,244,0,6,87,5,98,97,58,175,12,342,20,0,20,362
06/23/2022,SAV,GA,ASO,ES,Combined TRACON& Tower with Radar,107,54,86,9,256,0,3,96,2,101,107,57,182,11,357,36,0,36,393
06/24/2022,SAV,GA,ASO,ES,Combined TRACON& Tower with Radar,120,32,89,8,249,0,4,81,1,86,120,36,170,9,335,14,0,14,349
06/25/2022,SAV,GA,ASO,ES,Combined TRACON& Tower with Radar,124,32,78,6,240,0,2,70,0,72,124,34,148,6,312,12,0,12,324
06/26/2022,SAV,GA,ASO,ES,Combined TRACON& Tower with Radar,110,39,79,8,236,0,0,65,1,66,110,39,144,9,302,53,20,73,375
06/27/2022,SAV,GA,ASO,ES,Combined TRACON& Tower with Radar,103,67,78,1,249,0,0,84,2,86,103,67,162,3,335,32,0,32,367
06/28/2022,SAV,GA,ASO,ES,Combined TRACON& Tower with Radar,96,42,79,6,223,0,2,42,2,46,96,44,121,8,269,42,0,42,311
06/29/2022,SAV,GA,ASO,ES,Combined TRACON& Tower with Radar,103,47,89,2,241,0,0,40,0,40,103,47,129,2,281,24,0,24,305
06/30/2022,SAV,GA,ASO,ES,Combined TRACON& Tower with Radar,113,52,97,3,265,0,0,50,0,50,113,52,147,3,315,18,0,18,333
07/01/2022,SAV,GA,ASO,ES,Combined TRACON& Tower with Radar,103,46,72,3,224,0,0,35,0,35,103,46,107,3,259,10,0,10,269
07/02/2022,SAV,GA,ASO,ES,Combined TRACON& Tower with Radar,119,24,64,1,208,0,0,47,0,47,119,24,111,1,255,34,0,34,289
07/03/2022,SAV,GA,ASO,ES,Combined TRACON& Tower with Radar,104,15,48,0,167,0,0,64,0,64,104,15,112,0,231,30,0,30,261
07/04/2022,SAV,GA,ASO,ES,Combined TRACON& Tower with Radar,101,22,28,0,151,0,0,66,0,66,101,22,94,0,217,42,0,42,259
07/05/2022,SAV,GA,ASO,ES,Combined TRACON& Tower with Radar,89,36,79,0,204,0,2,70,0,72,89,38,149,0,276,42,0,42,318
07/06/2022,SAV,GA,ASO,ES,Combined TRACON& Tower with Radar,97,34,75,8,214,0,3,76,6,85,97,37,151,14,299,0,0,0,299
07/07/2022,SAV,GA,ASO,ES,Combined TRACON& Tower with Radar,111,32,54,3,200,0,0,57,13,70,111,32,111,16,270,0,0,0,270
07/08/2022,SAV,GA,ASO,ES,Combined TRACON& Tower with Radar,109,31,42,1,183,0,3,49,3,55,109,34,91,4,238,29,6,35,273
07/09/2022,SAV,GA,ASO,ES,Combined TRACON& Tower with Radar,131,33,57,5,226,0,7,72,2,81,131,40,129,7,307,171,0,171,478
07/10/2022,SAV,GA,ASO,ES,Combined TRACON& Tower with Radar,114,30,63,9,216,0,0,8,0,8,114,30,71,9,224,13,0,13,237
07/11/2022,SAV,GA,ASO,ES,Combined TRACON& Tower with Radar,107,49,66,3,225,0,1,2,0,3,107,50,68,3,228,0,0,0,228
07/12/2022,SAV,GA,ASO,ES,Combined TRACON& Tower with Radar,88,47,66,2,203,0,0,24,0,24,88,47,90,2,227,28,4,32,259
07/13/2022,SAV,GA,ASO,ES,Combined TRACON& Tower with Radar,98,38,76,4,216,0,2,66,1,69,98,40,142,5,285,79,0,79,364
07/14/2022,SAV,GA,ASO,ES,Combined TRACON& Tower with Radar,110,42,84,9,245,0,0,70,0,70,110,42,154,9,315,2,0,2,317
07/15/2022,SAV,GA,ASO,ES,Combined TRACON& Tower with Radar,105,55,60,13,233,0,0,56,3,59,105,55,116,16,292,62,2,64,356
07/16/2022,SAV,GA,ASO,ES,Combined TRACON& Tower with Radar,115,26,48,6,195,0,0,47,3,50,115,26,95,9,245,0,0,0,245
07/17/2022,SAV,GA,ASO,ES,Combined TRACON& Tower with Radar,103,22,50,6,181,0,0,46,3,49,103,22,96,9,230,66,0,66,296
07/18/2022,SAV,GA,ASO,ES,Combined TRACON& Tower with Radar,95,29,76,3,203,0,0,65,1,66,95,29,141,4,269,10,0,10,279
07/19/2022,SAV,GA,ASO,ES,Combined TRACON& Tower with Radar,79,34,70,9,192,0,0,84,4,88,79,34,154,13,280,12,0,12,292
07/20/2022,SAV,GA,ASO,ES,Combined TRACON& Tower with Radar,97,48,85,16,246,0,1,52,3,56,97,49,137,19,302,20,0,20,322
07/21/2022,SAV,GA,ASO,ES,Combined TRACON& Tower with Radar,115,40,77,33,265,0,5,50,4,59,115,45,127,37,324,16,0,16,340
07/22/2022,SAV,GA,ASO,ES,Combined TRACON& Tower with Radar,106,49,70,34,259,0,5,67,1,73,106,54,137,35,332,66,10,76,408
07/23/2022,SAV,GA,ASO,ES,Combined TRACON& Tower with Radar,121,20,62,26,229,0,2,84,1,87,121,22,146,27,316,46,8,54,370
07/24/2022,SAV,GA,ASO,ES,Combined TRACON& Tower with Radar,104,18,48,12,182,0,2,75,3,80,104,20,123,15,262,28,0,28,290
07/25/2022,SAV,GA,ASO,ES,Combined TRACON& Tower with Radar,95,39,91,31,256,0,4,90,2,96,95,43,181,33,352,56,0,56,408
07/26/2022,SAV,GA,ASO,ES,Combined TRACON& Tower with Radar,87,35,81,32,235,0,2,96,2,100,87,37,177,34,335,40,10,50,385
07/27/2022,SAV,GA,ASO,ES,Combined TRACON& Tower with Radar,96,44,69,14,223,0,2,88,7,97,96,46,157,21,320,59,0,59,379
07/28/2022,SAV,GA,ASO,ES,Combined TRACON& Tower with Radar,107,47,73,11,238,0,1,101,1,103,107,48,174,12,341,62,20,82,423
07/29/2022,SAV,GA,ASO,ES,Combined TRACON& Tower with Radar,108,27,61,12,208,0,0,83,4,87,108,27,144,16,295,40,6,46,341
07/30/2022,SAV,GA,ASO,ES,Combined TRACON& Tower with Radar,121,20,54,1,196,0,0,68,1,69,121,20,122,2,265,56,0,56,321
07/31/2022,SAV,GA,ASO,ES,Combined TRACON& Tower with Radar,108,34,54,10,206,0,2,63,3,68,108,36,117,13,274,6,0,6,280
08/01/2022,SAV,GA,ASO,ES,Combined TRACON& Tower with Radar,104,48,74,4,230,0,0,79,1,80,104,48,153,5,310,34,0,34,344
08/02/2022,SAV,GA,ASO,ES,Combined TRACON& Tower with Radar,86,43,60,5,194,0,0,96,2,98,86,43,156,7,292,83,2,85,377
08/03/2022,SAV,GA,ASO,ES,Combined TRACON& Tower with Radar,101,43,46,5,195,0,1,72,8,81,101,44,118,13,276,44,4,48,324
08/04/2022,SAV,GA,ASO,ES,Combined TRACON& Tower with Radar,102,38,75,16,231,0,2,101,8,111,102,40,176,24,342,64,4,68,410
08/05/2022,SAV,GA,ASO,ES,Combined TRACON& Tower with Radar,89,43,89,26,247,0,0,80,13,93,89,43,169,39,340,97,0,97,437
08/06/2022,SAV,GA,ASO,ES,Combined TRACON& Tower with Radar,120,29,46,13,208,0,7,74,1,82,120,36,120,14,290,30,0,30,320
08/07/2022,SAV,GA,ASO,ES,Combined TRACON& Tower with Radar,103,23,54,13,193,0,1,30,3,34,103,24,84,16,227,39,0,39,266
08/08/2022,SAV,GA,ASO,ES,Combined TRACON& Tower with Radar,100,20,52,14,186,0,2,60,2,64,100,22,112,16,250,46,0,46,296
08/09/2022,SAV,GA,ASO,ES,Combined TRACON& Tower with Radar,83,23,65,24,195,0,3,91,9,103,83,26,156,33,298,50,14,64,362
08/10/2022,SAV,GA,ASO,ES,Combined TRACON& Tower with Radar,87,37,86,17,227,0,3,85,0,88,87,40,171,17,315,56,0,56,371
08/11/2022,SAV,GA,ASO,ES,Combined TRACON& Tower with Radar,103,21,66,13,203,0,2,56,8,66,103,23,122,21,269,44,0,44,313
08/12/2022,SAV,GA,ASO,ES,Combined TRACON& Tower with Radar,111,29,91,26,257,0,0,65,2,67,111,29,156,28,324,88,8,96,420
08/13/2022,SAV,GA,ASO,ES,Combined TRACON& Tower with Radar,123,12,69,21,225,0,0,58,0,58,123,12,127,21,283,42,0,42,325
08/14/2022,SAV,GA,ASO,ES,Combined TRACON& Tower with Radar,107,18,56,9,190,0,1,78,4,83,107,19,134,13,273,86,0,86,359
08/15/2022,SAV,GA,ASO,ES,Combined TRACON& Tower with Radar,99,27,84,11,221,0,0,82,6,88,99,27,166,17,309,29,0,29,338
08/16/2022,SAV,GA,ASO,ES,Combined TRACON& Tower with Radar,88,23,86,17,214,0,0,59,5,64,88,23,145,22,278,40,0,40,318
08/17/2022,SAV,GA,ASO,ES,Combined TRACON& Tower with Radar,89,29,77,9,204,0,0,76,3,79,89,29,153,12,283,98,0,98,381
08/18/2022,SAV,GA,ASO,ES,Combined TRACON& Tower with Radar,100,31,88,11,230,0,0,27,1,28,100,31,115,12,258,8,0,8,266
08/19/2022,SAV,GA,ASO,ES,Combined TRACON& Tower with Radar,98,37,63,9,207,0,1,39,7,47,98,38,102,16,254,66,0,66,320
08/20/2022,SAV,GA,ASO,ES,Combined TRACON& Tower with Radar,109,14,60,12,195,0,0,66,1,67,109,14,126,13,262,56,0,56,318
08/21/2022,SAV,GA,ASO,ES,Combined TRACON& Tower with Radar,97,15,50,8,170,0,0,29,4,33,97,15,79,12,203,66,0,66,269
08/22/2022,SAV,GA,ASO,ES,Combined TRACON& Tower with Radar,93,31,63,2,189,0,0,46,0,46,93,31,109,2,235,44,0,44,279
08/23/2022,SAV,GA,ASO,ES,Combined TRACON& Tower with Radar,83,40,80,23,226,0,3,71,2,76,83,43,151,25,302,56,0,56,358
08/24/2022,SAV,GA,ASO,ES,Combined TRACON& Tower with Radar,86,36,94,5,221,0,2,100,2,104,86,38,194,7,325,47,0,47,372
08/25/2022,SAV,GA,ASO,ES,Combined TRACON& Tower with Radar,105,35,77,3,220,0,0,38,2,40,105,35,115,5,260,130,2,132,392
08/26/2022,SAV,GA,ASO,ES,Combined TRACON& Tower with Radar,101,26,73,7,207,0,0,71,0,71,101,26,144,7,278,80,0,80,358
08/27/2022,SAV,GA,ASO,ES,Combined TRACON& Tower with Radar,108,19,47,10,184,0,0,53,0,53,108,19,100,10,237,30,0,30,267
08/28/2022,SAV,GA,ASO,ES,Combined TRACON& Tower with Radar,103,22,63,7,195,0,0,29,0,29,103,22,92,7,224,56,0,56,280
08/29/2022,SAV,GA,ASO,ES,Combined TRACON& Tower with Radar,100,32,60,2,194,0,0,15,4,19,100,32,75,6,213,34,4,38,251
08/30/2022,SAV,GA,ASO,ES,Combined TRACON& Tower with Radar,79,38,80,5,202,0,0,34,5,39,79,38,114,10,241,6,0,6,247
08/31/2022,SAV,GA,ASO,ES,Combined TRACON& Tower with Radar,89,46,82,13,230,0,4,90,8,102,89,50,172,21,332,49,30,79,411
09/01/2022,SAV,GA,ASO,ES,Combined TRACON& Tower with Radar,109,49,90,9,257,0,0,36,2,38,109,49,126,11,295,29,12,41,336
09/02/2022,SAV,GA,ASO,ES,Combined TRACON& Tower with Radar,116,44,96,3,259,0,0,75,1,76,116,44,171,4,335,11,0,11,346
09/03/2022,SAV,GA,ASO,ES,Combined TRACON& Tower with Radar,103,13,47,1,164,0,0,37,0,37,103,13,84,1,201,26,0,26,227
09/04/2022,SAV,GA,ASO,ES,Combined TRACON& Tower with Radar,91,12,43,2,148,0,0,29,1,30,91,12,72,3,178,61,0,61,239
09/05/2022,SAV,GA,ASO,ES,Combined TRACON& Tower with Radar,113,23,81,2,219,0,1,71,0,72,113,24,152,2,291,0,0,0,291
09/06/2022,SAV,GA,ASO,ES,Combined TRACON& Tower with Radar,93,27,88,10,218,0,1,106,2,109,93,28,194,12,327,46,8,54,381
09/07/2022,SAV,GA,ASO,ES,Combined TRACON& Tower with Radar,97,39,67,6,209,0,0,103,5,108,97,39,170,11,317,41,2,43,360
09/08/2022,SAV,GA,ASO,ES,Combined TRACON& Tower with Radar,104,44,95,12,255,0,5,41,0,46,104,49,136,12,301,46,0,46,347
09/09/2022,SAV,GA,ASO,ES,Combined TRACON& Tower with Radar,97,39,78,4,218,0,0,4,0,4,97,39,82,4,222,0,0,0,222
09/10/2022,SAV,GA,ASO,ES,Combined TRACON& Tower with Radar,108,31,52,2,193,0,0,49,0,49,108,31,101,2,242,64,0,64,306
09/11/2022,SAV,GA,ASO,ES,Combined TRACON& Tower with Radar,106,24,80,4,214,0,0,63,4,67,106,24,143,8,281,18,24,42,323
09/12/2022,SAV,GA,ASO,ES,Combined TRACON& Tower with Radar,96,27,74,5,202,0,4,75,1,80,96,31,149,6,282,56,4,60,342
09/13/2022,SAV,GA,ASO,ES,Combined TRACON& Tower with Radar,92,29,84,8,213,0,6,90,1,97,92,35,174,9,310,42,0,42,352
09/14/2022,SAV,GA,ASO,ES,Combined TRACON& Tower with Radar,95,47,68,9,219,0,1,112,6,119,95,48,180,15,338,66,6,72,410
09/15/2022,SAV,GA,ASO,ES,Combined TRACON& Tower with Radar,104,58,87,11,260,0,0,122,5,127,104,58,209,16,387,64,0,64,451
09/16/2022,SAV,GA,ASO,ES,Combined TRACON& Tower with Radar,103,40,97,13,253,0,2,91,1,94,103,42,188,14,347,45,2,47,394
09/17/2022,SAV,GA,ASO,ES,Combined TRACON& Tower with Radar,102,14,41,1,158,0,2,93,0,95,102,16,134,1,253,26,0,26,279
09/18/2022,SAV,GA,ASO,ES,Combined TRACON& Tower with Radar,108,25,48,2,183,0,4,57,2,63,108,29,105,4,246,30,0,30,276
09/19/2022,SAV,GA,ASO,ES,Combined TRACON& Tower with Radar,102,47,70,10,229,0,1,63,1,65,102,48,133,11,294,26,0,26,320
09/20/2022,SAV,GA,ASO,ES,Combined TRACON& Tower with Radar,93,29,57,9,188,0,2,110,4,116,93,31,167,13,304,42,0,42,346
09/21/2022,SAV,GA,ASO,ES,Combined TRACON& Tower with Radar,97,35,77,2,211,0,4,97,1,102,97,39,174,3,313,56,0,56,369
09/22/2022,SAV,GA,ASO,ES,Combined TRACON& Tower with Radar,97,37,88,6,228,0,0,101,2,103,97,37,189,8,331,24,0,24,355
09/23/2022,SAV,GA,ASO,ES,Combined TRACON& Tower with Radar,106,44,83,13,246,0,5,76,4,85,106,49,159,17,331,55,2,57,388
09/24/2022,SAV,GA,ASO,ES,Combined TRACON& Tower with Radar,105,24,51,2,182,0,0,107,5,112,105,24,158,7,294,62,0,62,356
09/25/2022,SAV,GA,ASO,ES,Combined TRACON& Tower with Radar,110,26,71,5,212,0,1,77,3,81,110,27,148,8,293,30,0,30,323
09/26/2022,SAV,GA,ASO,ES,Combined TRACON& Tower with Radar,101,36,71,4,212,0,7,102,1,110,101,43,173,5,322,50,0,50,372
09/27/2022,SAV,GA,ASO,ES,Combined TRACON& Tower with Radar,92,35,80,4,211,0,0,80,0,80,92,35,160,4,291,24,0,24,315
09/28/2022,SAV,GA,ASO,ES,Combined TRACON& Tower with Radar,93,46,51,10,200,0,0,25,0,25,93,46,76,10,225,8,0,8,233
09/29/2022,SAV,GA,ASO,ES,Combined TRACON& Tower with Radar,55,23,12,0,90,0,0,2,0,2,55,23,14,0,92,0,0,0,92
09/30/2022,SAV,GA,ASO,ES,Combined TRACON& Tower with Radar,12,10,1,0,23,0,0,2,2,4,12,10,3,2,27,0,0,0,27
10/01/2022,SAV,GA,ASO,ES,Combined TRACON& Tower with Radar,90,10,33,0,133,0,3,57,0,60,90,13,90,0,193,12,0,12,205
10/02/2022,SAV,GA,ASO,ES,Combined TRACON& Tower with Radar,113,38,46,5,202,0,0,61,0,61,113,38,107,5,263,44,0,44,307
10/03/2022,SAV,GA,ASO,ES,Combined TRACON& Tower with Radar,104,50,65,5,224,0,0,52,1,53,104,50,117,6,277,0,0,0,277
10/04/2022,SAV,GA,ASO,ES,Combined TRACON& Tower with Radar,95,38,69,11,213,0,6,102,2,110,95,44,171,13,323,0,0,0,323
10/05/2022,SAV,GA,ASO,ES,Combined TRACON& Tower with Radar,98,45,79,7,229,0,3,109,1,113,98,48,188,8,342,0,0,0,342
10/06/2022,SAV,GA,ASO,ES,Combined TRACON& Tower with Radar,109,68,96,10,283,0,4,98,2,104,109,72,194,12,387,0,0,0,387
10/07/2022,SAV,GA,ASO,ES,Combined TRACON& Tower with Radar,113,65,91,5,274,0,3,126,2,131,113,68,217,7,405,0,0,0,405
10/08/2022,SAV,GA,ASO,ES,Combined TRACON& Tower with Radar,109,37,67,2,215,0,2,80,1,83,109,39,147,3,298,0,0,0,298
10/09/2022,SAV,GA,ASO,ES,Combined TRACON& Tower with Radar,109,41,104,1,255,0,1,60,0,61,109,42,164,1,316,0,0,0,316
10/10/2022,SAV,GA,ASO,ES,Combined TRACON& Tower with Radar,112,32,83,0,227,0,1,42,0,43,112,33,125,0,270,0,0,0,270
10/11/2022,SAV,GA,ASO,ES,Combined TRACON& Tower with Radar,94,36,96,24,250,0,0,73,7,80,94,36,169,31,330,24,0,24,354
10/12/2022,SAV,GA,ASO,ES,Combined TRACON& Tower with Radar,95,42,70,8,215,0,0,54,7,61,95,42,124,15,276,0,0,0,276
10/13/2022,SAV,GA,ASO,ES,Combined TRACON& Tower with Radar,110,52,119,13,294,0,5,34,6,45,110,57,153,19,339,36,8,44,383
10/14/2022,SAV,GA,ASO,ES,Combined TRACON& Tower with Radar,112,40,96,11,259,0,3,107,12,122,112,43,203,23,381,0,0,0,381
10/15/2022,SAV,GA,ASO,ES,Combined TRACON& Tower with Radar,108,51,67,2,228,0,1,85,2,88,108,52,152,4,316,0,0,0,316
10/16/2022,SAV,GA,ASO,ES,Combined TRACON& Tower with Radar,115,51,104,4,274,0,2,71,17,90,115,53,175,21,364,0,0,0,364
10/17/2022,SAV,GA,ASO,ES,Combined TRACON& Tower with Radar,112,38,75,6,231,0,4,57,4,65,112,42,132,10,296,0,0,0,296
10/18/2022,SAV,GA,ASO,ES,Combined TRACON& Tower with Radar,99,38,79,4,220,0,4,82,8,94,99,42,161,12,314,0,0,0,314
10/19/2022,SAV,GA,ASO,ES,Combined TRACON& Tower with Radar,98,38,96,8,240,0,8,118,0,126,98,46,214,8,366,0,0,0,366
10/20/2022,SAV,GA,ASO,ES,Combined TRACON& Tower with Radar,113,44,75,14,246,0,7,86,14,107,113,51,161,28,353,0,0,0,353
10/21/2022,SAV,GA,ASO,ES,Combined TRACON& Tower with Radar,114,66,109,24,313,0,2,100,21,123,114,68,209,45,436,0,0,0,436
10/22/2022,SAV,GA,ASO,ES,Combined TRACON& Tower with Radar,110,24,31,1,166,0,0,66,2,68,110,24,97,3,234,0,0,0,234
10/23/2022,SAV,GA,ASO,ES,Combined TRACON& Tower with Radar,111,53,83,24,271,0,0,62,4,66,111,53,145,28,337,0,0,0,337
10/24/2022,SAV,GA,ASO,ES,Combined TRACON& Tower with Radar,108,46,101,4,259,0,5,76,1,82,108,51,177,5,341,30,0,30,371
10/25/2022,SAV,GA,ASO,ES,Combined TRACON& Tower with Radar,84,74,98,0,256,0,2,74,4,80,84,76,172,4,336,39,0,39,375
10/26/2022,SAV,GA,ASO,ES,Combined TRACON& Tower with Radar,94,54,77,2,227,0,2,74,0,76,94,56,151,2,303,58,0,58,361
10/27/2022,SAV,GA,ASO,ES,Combined TRACON& Tower with Radar,108,54,91,6,259,0,0,73,4,77,108,54,164,10,336,30,0,30,366
10/28/2022,SAV,GA,ASO,ES,Combined TRACON& Tower with Radar,119,51,85,15,270,0,1,52,3,56,119,52,137,18,326,0,0,0,326
10/29/2022,SAV,GA,ASO,ES,Combined TRACON& Tower with Radar,105,28,41,6,180,0,0,2,0,2,105,28,43,6,182,0,0,0,182
10/30/2022,SAV,GA,ASO,ES,Combined TRACON& Tower with Radar,98,42,58,2,200,0,0,2,0,2,98,42,60,2,202,0,0,0,202
10/31/2022,SAV,GA,ASO,ES,Combined TRACON& Tower with Radar,99,45,53,3,200,0,2,52,0,54,99,47,105,3,254,64,0,64,318
11/01/2022,SAV,GA,ASO,ES,Combined TRACON& Tower with Radar,60,39,36,4,139,0,1,50,3,54,60,40,86,7,193,65,0,65,258
11/02/2022,SAV,GA,ASO,ES,Combined TRACON& Tower with Radar,88,64,95,3,250,0,5,104,2,111,88,69,199,5,361,24,0,24,385
11/03/2022,SAV,GA,ASO,ES,Combined TRACON& Tower with Radar,100,44,107,13,264,0,3,99,3,105,100,47,206,16,369,48,0,48,417
11/04/2022,SAV,GA,ASO,ES,Combined TRACON& Tower with Radar,93,35,100,15,243,0,0,96,6,102,93,35,196,21,345,48,38,86,431
11/05/2022,SAV,GA,ASO,ES,Combined TRACON& Tower with Radar,91,29,75,14,209,0,2,42,4,48,91,31,117,18,257,34,2,36,293
11/06/2022,SAV,GA,ASO,ES,Combined TRACON& Tower with Radar,92,36,88,16,232,0,1,13,1,15,92,37,101,17,247,16,0,16,263
11/07/2022,SAV,GA,ASO,ES,Combined TRACON& Tower with Radar,102,42,82,10,236,0,0,72,1,73,102,42,154,11,309,10,0,10,319
11/08/2022,SAV,GA,ASO,ES,Combined TRACON& Tower with Radar,90,59,55,4,208,0,1,74,4,79,90,60,129,8,287,63,0,63,350
11/09/2022,SAV,GA,ASO,ES,Combined TRACON& Tower with Radar,90,71,83,2,246,0,1,34,0,35,90,72,117,2,281,34,0,34,315
11/10/2022,SAV,GA,ASO,ES,Combined TRACON& Tower with Radar,94,21,20,0,135,0,0,0,0,0,94,21,20,0,135,0,0,0,135
11/11/2022,SAV,GA,ASO,ES,Combined TRACON& Tower with Radar,89,35,32,1,157,0,0,0,0,0,89,35,32,1,157,0,0,0,157
11/12/2022,SAV,GA,ASO,ES,Combined TRACON& Tower with Radar,83,30,58,7,178,0,2,50,2,54,83,32,108,9,232,8,0,8,240
11/13/2022,SAV,GA,ASO,ES,Combined TRACON& Tower with Radar,93,29,66,4,192,0,3,60,0,63,93,32,126,4,255,16,0,16,271
11/14/2022,SAV,GA,ASO,ES,Combined TRACON& Tower with Radar,97,60,102,3,262,0,2,74,1,77,97,62,176,4,339,10,0,10,349
11/15/2022,SAV,GA,ASO,ES,Combined TRACON& Tower with Radar,87,62,77,8,234,0,2,61,0,63,87,64,138,8,297,72,4,76,373
11/16/2022,SAV,GA,ASO,ES,Combined TRACON& Tower with Radar,88,57,119,3,267,0,2,44,0,46,88,59,163,3,313,34,0,34,347
11/17/2022,SAV,GA,ASO,ES,Combined TRACON& Tower with Radar,96,48,92,16,252,0,4,97,2,103,96,52,189,18,355,38,0,38,393
11/18/2022,SAV,GA,ASO,ES,Combined TRACON& Tower with Radar,99,59,102,14,274,0,6,107,7,120,99,65,209,21,394,5,0,5,399
11/19/2022,SAV,GA,ASO,ES,Combined TRACON& Tower with Radar,84,35,77,8,204,0,4,116,6,126,84,39,193,14,330,28,0,28,358
11/20/2022,SAV,GA,ASO,ES,Combined TRACON& Tower with Radar,91,57,85,21,254,0,0,51,5,56,91,57,136,26,310,8,0,8,318
11/21/2022,SAV,GA,ASO,ES,Combined TRACON& Tower with Radar,96,54,105,4,259,0,2,75,1,78,96,56,180,5,337,16,0,16,353
11/22/2022,SAV,GA,ASO,ES,Combined TRACON& Tower with Radar,94,64,112,18,288,0,0,65,3,68,94,64,177,21,356,0,0,0,356
11/23/2022,SAV,GA,ASO,ES,Combined TRACON& Tower with Radar,101,54,81,3,239,0,0,23,0,23,101,54,104,3,262,2,0,2,264
11/24/2022,SAV,GA,ASO,ES,Combined TRACON& Tower with Radar,61,13,21,0,95,0,0,6,0,6,61,13,27,0,101,0,0,0,101
11/25/2022,SAV,GA,ASO,ES,Combined TRACON& Tower with Radar,83,35,20,1,139,0,0,2,0,2,83,35,22,1,141,0,0,0,141
11/26/2022,SAV,GA,ASO,ES,Combined TRACON& Tower with Radar,97,48,63,0,208,0,0,65,0,65,97,48,128,0,273,6,0,6,279
11/27/2022,SAV,GA,ASO,ES,Combined TRACON& Tower with Radar,96,76,91,0,263,0,0,14,0,14,96,76,105,0,277,4,0,4,281
11/28/2022,SAV,GA,ASO,ES,Combined TRACON& Tower with Radar,98,54,83,2,237,0,8,103,2,113,98,62,186,4,350,22,8,30,380
11/29/2022,SAV,GA,ASO,ES,Combined TRACON& Tower with Radar,83,57,74,18,232,0,16,80,0,96,83,73,154,18,328,16,0,16,344
11/30/2022,SAV,GA,ASO,ES,Combined TRACON& Tower with Radar,80,54,64,3,201,0,3,25,3,31,80,57,89,6,232,29,0,29,261
12/01/2022,SAV,GA,ASO,ES,Combined TRACON& Tower with Radar,89,52,84,9,234,0,5,95,1,101,89,57,179,10,335,23,8,31,366
12/02/2022,SAV,GA,ASO,ES,Combined TRACON& Tower with Radar,95,56,68,4,223,0,10,78,5,93,95,66,146,9,316,48,0,48,364
12/03/2022,SAV,GA,ASO,ES,Combined TRACON& Tower with Radar,76,23,68,1,168,0,3,66,0,69,76,26,134,1,237,7,1,8,245
12/04/2022,SAV,GA,ASO,ES,Combined TRACON& Tower with Radar,83,47,68,7,205,0,0,35,5,40,83,47,103,12,245,24,0,24,269
12/05/2022,SAV,GA,ASO,ES,Combined TRACON& Tower with Radar,93,55,78,2,228,0,5,14,6,25,93,60,92,8,253,16,4,20,273
12/06/2022,SAV,GA,ASO,ES,Combined TRACON& Tower with Radar,87,57,87,27,258,0,7,61,13,81,87,64,148,40,339,10,0,10,349
12/07/2022,SAV,GA,ASO,ES,Combined TRACON& Tower with Radar,80,53,79,15,227,0,8,88,3,99,80,61,167,18,326,98,2,100,426
12/08/2022,SAV,GA,ASO,ES,Combined TRACON& Tower with Radar,90,68,94,5,257,0,8,68,6,82,90,76,162,11,339,0,0,0,339
12/09/2022,SAV,GA,ASO,ES,Combined TRACON& Tower with Radar,94,57,74,13,238,0,5,47,5,57,94,62,121,18,295,23,0,23,318
12/10/2022,SAV,GA,ASO,ES,Combined TRACON& Tower with Radar,76,32,47,1,156,0,0,3,0,3,76,32,50,1,159,0,0,0,159
12/11/2022,SAV,GA,ASO,ES,Combined TRACON& Tower with Radar,86,37,73,15,211,0,0,34,3,37,86,37,107,18,248,18,2,20,268
12/12/2022,SAV,GA,ASO,ES,Combined TRACON& Tower with Radar,94,45,73,23,235,0,2,33,0,35,94,47,106,23,270,56,12,68,338
12/13/2022,SAV,GA,ASO,ES,Combined TRACON& Tower with Radar,79,54,95,15,243,0,7,76,1,84,79,61,171,16,327,14,4,18,345
12/14/2022,SAV,GA,ASO,ES,Combined TRACON& Tower with Radar,78,47,60,6,191,0,0,17,1,18,78,47,77,7,209,0,0,0,209
12/15/2022,SAV,GA,ASO,ES,Combined TRACON& Tower with Radar,81,51,56,8,196,0,0,9,1,10,81,51,65,9,206,4,10,14,220
12/16/2022,SAV,GA,ASO,ES,Combined TRACON& Tower with Radar,89,35,93,7,224,0,11,90,2,103,89,46,183,9,327,38,0,38,365
12/17/2022,SAV,GA,ASO,ES,Combined TRACON& Tower with Radar,87,36,63,0,186,0,0,85,0,85,87,36,148,0,271,20,0,20,291
12/18/2022,SAV,GA,ASO,ES,Combined TRACON& Tower with Radar,77,25,64,5,171,0,0,61,1,62,77,25,125,6,233,32,0,32,265
12/19/2022,SAV,GA,ASO,ES,Combined TRACON& Tower with Radar,90,45,76,2,213,0,8,88,0,96,90,53,164,2,309,2,0,2,311
12/20/2022,SAV,GA,ASO,ES,Combined TRACON& Tower with Radar,88,40,78,3,209,0,1,3,1,5,88,41,81,4,214,2,0,2,216
12/21/2022,SAV,GA,ASO,ES,Combined TRACON& Tower with Radar,92,34,62,4,192,0,0,0,0,0,92,34,62,4,192,0,0,0,192
12/22/2022,SAV,GA,ASO,ES,Combined TRACON& Tower with Radar,88,35,53,4,180,0,0,0,0,0,88,35,53,4,180,0,0,0,180
12/23/2022,SAV,GA,ASO,ES,Combined TRACON& Tower with Radar,76,29,34,4,143,0,0,10,2,12,76,29,44,6,155,8,0,8,163
12/24/2022,SAV,GA,ASO,ES,Combined TRACON& Tower with Radar,63,10,25,0,98,0,0,14,0,14,63,10,39,0,112,0,0,0,112
12/25/2022,SAV,GA,ASO,ES,Combined TRACON& Tower with Radar,56,16,11,0,83,0,0,5,0,5,56,16,16,0,88,0,0,0,88
12/26/2022,SAV,GA,ASO,ES,Combined TRACON& Tower with Radar,76,36,71,0,183,0,3,41,0,44,76,39,112,0,227,8,0,8,235
12/27/2022,SAV,GA,ASO,ES,Combined TRACON& Tower with Radar,75,34,59,0,168,0,0,72,0,72,75,34,131,0,240,32,0,32,272
12/28/2022,SAV,GA,ASO,ES,Combined TRACON& Tower with Radar,81,38,84,4,207,0,0,78,0,78,81,38,162,4,285,0,44,44,329
12/29/2022,SAV,GA,ASO,ES,Combined TRACON& Tower with Radar,79,37,83,5,204,0,0,105,0,105,79,37,188,5,309,12,0,12,321
12/30/2022,SAV,GA,ASO,ES,Combined TRACON& Tower with Radar,92,51,76,0,219,0,1,25,1,27,92,52,101,1,246,38,0,38,284
12/31/2022,SAV,GA,ASO,ES,Combined TRACON& Tower with Radar,68,22,33,0,123,0,0,5,0,5,68,22,38,0,128,0,0,0,128
01/01/2023,SAV,GA,ASO,ES,Combined TRACON& Tower with Radar,58,27,45,0,130,0,0,3,0,3,58,27,48,0,133,0,0,0,133
01/02/2023,SAV,GA,ASO,ES,Combined TRACON& Tower with Radar,92,32,80,0,204,0,0,65,0,65,92,32,145,0,269,0,0,0,269
01/03/2023,SAV,GA,ASO,ES,Combined TRACON& Tower with Radar,81,44,58,3,186,0,5,39,1,45,81,49,97,4,231,20,9,29,260
01/04/2023,SAV,GA,ASO,ES,Combined TRACON& Tower with Radar,79,32,34,4,149,0,1,2,0,3,79,33,36,4,152,0,0,0,152
01/05/2023,SAV,GA,ASO,ES,Combined TRACON& Tower with Radar,83,51,79,7,220,0,3,79,1,83,83,54,158,8,303,4,0,4,307
01/06/2023,SAV,GA,ASO,ES,Combined TRACON& Tower with Radar,82,45,67,15,209,0,2,83,4,89,82,47,150,19,298,46,0,46,344
01/07/2023,SAV,GA,ASO,ES,Combined TRACON& Tower with Radar,76,40,55,8,179,0,2,85,0,87,76,42,140,8,266,0,0,0,266
01/08/2023,SAV,GA,ASO,ES,Combined TRACON& Tower with Radar,84,21,54,16,175,0,0,54,8,62,84,21,108,24,237,25,0,25,262
01/09/2023,SAV,GA,ASO,ES,Combined TRACON& Tower with Radar,84,32,65,4,185,0,1,72,2,75,84,33,137,6,260,26,0,26,286
01/10/2023,SAV,GA,ASO,ES,Combined TRACON& Tower with Radar,81,35,65,14,195,0,3,60,3,66,81,38,125,17,261,52,0,52,313
01/11/2023,SAV,GA,ASO,ES,Combined TRACON& Tower with Radar,73,36,74,18,201,0,5,89,3,97,73,41,163,21,298,29,18,47,345
01/12/2023,SAV,GA,ASO,ES,Combined TRACON& Tower with Radar,84,45,59,3,191,0,3,67,4,74,84,48,126,7,265,38,0,38,303
01/13/2023,SAV,GA,ASO,ES,Combined TRACON& Tower with Radar,91,58,87,6,242,0,2,43,2,47,91,60,130,8,289,18,0,18,307
01/14/2023,SAV,GA,ASO,ES,Combined TRACON& Tower with Radar,71,29,44,2,146,0,9,40,1,50,71,38,84,3,196,26,0,26,222
01/15/2023,SAV,GA,ASO,ES,Combined TRACON& Tower with Radar,79,31,63,1,174,0,0,87,0,87,79,31,150,1,261,6,0,6,267
01/16/2023,SAV,GA,ASO,ES,Combined TRACON& Tower with Radar,87,38,75,0,200,0,8,86,0,94,87,46,161,0,294,8,0,8,302
01/17/2023,SAV,GA,ASO,ES,Combined TRACON& Tower with Radar,81,46,68,7,202,0,4,72,3,79,81,50,140,10,281,14,0,14,295
01/18/2023,SAV,GA,ASO,ES,Combined TRACON& Tower with Radar,77,50,90,5,222,0,3,26,8,37,77,53,116,13,259,7,0,7,266
01/19/2023,SAV,GA,ASO,ES,Combined TRACON& Tower with Radar,90,45,77,7,219,0,15,52,7,74,90,60,129,14,293,6,8,14,307
01/20/2023,SAV,GA,ASO,ES,Combined TRACON& Tower with Radar,93,41,80,16,230,0,9,93,6,108,93,50,173,22,338,51,12,63,401
01/21/2023,SAV,GA,ASO,ES,Combined TRACON& Tower with Radar,72,23,65,2,162,0,1,114,2,117,72,24,179,4,279,0,0,0,279
01/22/2023,SAV,GA,ASO,ES,Combined TRACON& Tower with Radar,85,24,31,2,142,0,0,0,0,0,85,24,31,2,142,0,0,0,142
01/23/2023,SAV,GA,ASO,ES,Combined TRACON& Tower with Radar,83,36,52,11,182,0,0,63,7,70,83,36,115,18,252,56,1,57,309
01/24/2023,SAV,GA,ASO,ES,Combined TRACON& Tower with Radar,80,40,87,11,218,0,3,103,8,114,80,43,190,19,332,24,6,30,362
01/25/2023,SAV,GA,ASO,ES,Combined TRACON& Tower with Radar,77,40,38,13,168,0,2,4,4,10,77,42,42,17,178,10,2,12,190
01/26/2023,SAV,GA,ASO,ES,Combined TRACON& Tower with Radar,89,48,75,12,224,0,3,77,11,91,89,51,152,23,315,10,0,10,325
01/27/2023,SAV,GA,ASO,ES,Combined TRACON& Tower with Radar,93,43,74,5,215,0,11,111,2,124,93,54,185,7,339,0,0,0,339
01/28/2023,SAV,GA,ASO,ES,Combined TRACON& Tower with Radar,75,24,73,1,173,0,2,83,3,88,75,26,156,4,261,24,0,24,285
01/29/2023,SAV,GA,ASO,ES,Combined TRACON& Tower with Radar,83,25,48,1,157,0,0,19,2,21,83,25,67,3,178,6,0,6,184
01/30/2023,SAV,GA,ASO,ES,Combined TRACON& Tower with Radar,77,38,62,6,183,0,0,2,0,2,77,38,64,6,185,0,0,0,185
01/31/2023,SAV,GA,ASO,ES,Combined TRACON& Tower with Radar,74,37,70,5,186,0,0,6,1,7,74,37,76,6,193,0,0,0,193
02/01/2023,SAV,GA,ASO,ES,Combined TRACON& Tower with Radar,73,30,60,4,167,0,5,62,0,67,73,35,122,4,234,28,0,28,262
02/02/2023,SAV,GA,ASO,ES,Combined TRACON& Tower with Radar,85,35,77,8,205,0,0,6,0,6,85,35,83,8,211,0,0,0,211
02/03/2023,SAV,GA,ASO,ES,Combined TRACON& Tower with Radar,92,33,71,9,205,0,1,32,2,35,92,34,103,11,240,28,0,28,268
02/04/2023,SAV,GA,ASO,ES,Combined TRACON& Tower with Radar,80,24,58,9,171,0,2,105,3,110,80,26,163,12,281,38,0,38,319
02/05/2023,SAV,GA,ASO,ES,Combined TRACON& Tower with Radar,83,28,64,10,185,0,2,51,1,54,83,30,115,11,239,10,0,10,249
02/06/2023,SAV,GA,ASO,ES,Combined TRACON& Tower with Radar,91,40,75,28,234,0,3,111,6,120,91,43,186,34,354,22,0,22,376
02/07/2023,SAV,GA,ASO,ES,Combined TRACON& Tower with Radar,81,45,78,36,240,0,5,94,6,105,81,50,172,42,345,12,3,15,360
02/08/2023,SAV,GA,ASO,ES,Combined TRACON& Tower with Radar,85,38,78,30,231,0,4,88,6,98,85,42,166,36,329,28,16,44,373
02/09/2023,SAV,GA,ASO,ES,Combined TRACON& Tower with Radar,88,33,114,40,275,0,3,92,8,103,88,36,206,48,378,34,0,34,412
02/10/2023,SAV,GA,ASO,ES,Combined TRACON& Tower with Radar,90,36,43,21,190,0,0,1,0,1,90,36,44,21,191,0,0,0,191
02/11/2023,SAV,GA,ASO,ES,Combined TRACON& Tower with Radar,81,21,20,0,122,0,0,0,0,0,81,21,20,0,122,0,0,0,122
02/12/2023,SAV,GA,ASO,ES,Combined TRACON& Tower with Radar,84,36,45,2,167,0,0,5,0,5,84,36,50,2,172,0,0,0,172
02/13/2023,SAV,GA,ASO,ES,Combined TRACON& Tower with Radar,91,44,74,33,242,0,7,107,1,115,91,51,181,34,357,25,0,25,382
02/14/2023,SAV,GA,ASO,ES,Combined TRACON& Tower with Radar,84,45,76,26,231,0,2,110,2,114,84,47,186,28,345,0,0,0,345
02/15/2023,SAV,GA,ASO,ES,Combined TRACON& Tower with Radar,85,43,72,32,232,0,2,99,1,102,85,45,171,33,334,12,0,12,346
02/16/2023,SAV,GA,ASO,ES,Combined TRACON& Tower with Radar,99,34,81,44,258,0,3,76,4,83,99,37,157,48,341,5,0,5,346
02/17/2023,SAV,GA,ASO,ES,Combined TRACON& Tower with Radar,96,53,107,14,270,0,2,20,1,23,96,55,127,15,293,0,0,0,293
02/18/2023,SAV,GA,ASO,ES,Combined TRACON& Tower with Radar,85,31,62,1,179,0,9,105,0,114,85,40,167,1,293,18,0,18,311
02/19/2023,SAV,GA,ASO,ES,Combined TRACON& Tower with Radar,94,33,79,5,211,0,5,68,0,73,94,38,147,5,284,0,5,5,289
02/20/2023,SAV,GA,ASO,ES,Combined TRACON& Tower with Radar,99,38,54,1,192,0,9,90,0,99,99,47,144,1,291,20,0,20,311
02/21/2023,SAV,GA,ASO,ES,Combined TRACON& Tower with Radar,87,44,83,23,237,0,3,57,4,64,87,47,140,27,301,44,0,44,345
02/22/2023,SAV,GA,ASO,ES,Combined TRACON& Tower with Radar,99,40,72,28,239,0,7,87,0,94,99,47,159,28,333,71,2,73,406
02/23/2023,SAV,GA,ASO,ES,Combined TRACON& Tower with Radar,98,44,79,11,232,0,3,63,5,71,98,47,142,16,303,12,0,12,315
02/24/2023,SAV,GA,ASO,ES,Combined TRACON& Tower with Radar,100,48,112,33,293,0,5,52,3,60,100,53,164,36,353,30,0,30,383
02/25/2023,SAV,GA,ASO,ES,Combined TRACON& Tower with Radar,87,25,53,4,169,0,3,31,4,38,87,28,84,8,207,18,0,18,225
02/26/2023,SAV,GA,ASO,ES,Combined TRACON& Tower with Radar,94,45,90,6,235,0,1,69,2,72,94,46,159,8,307,47,6,53,360
02/27/2023,SAV,GA,ASO,ES,Combined TRACON& Tower with Radar,98,44,70,14,226,0,2,44,2,48,98,46,114,16,274,8,0,8,282
02/28/2023,SAV,GA,ASO,ES,Combined TRACON& Tower with Radar,83,50,85,25,243,0,6,97,10,113,83,56,182,35,356,14,0,14,370
03/01/2023,SAV,GA,ASO,ES,Combined TRACON& Tower with Radar,93,54,92,12,251,0,3,54,4,61,93,57,146,16,312,25,12,37,349
03/02/2023,SAV,GA,ASO,ES,Combined TRACON& Tower with Radar,96,53,86,32,267,0,0,53,20,73,96,53,139,52,340,5,23,28,368
03/03/2023,SAV,GA,ASO,ES,Combined TRACON& Tower with Radar,109,52,71,24,256,0,0,43,16,59,109,52,114,40,315,12,4,16,331
03/04/2023,SAV,GA,ASO,ES,Combined TRACON& Tower with Radar,86,36,79,1,202,0,0,89,10,99,86,36,168,11,301,6,0,6,307
03/05/2023,SAV,GA,ASO,ES,Combined TRACON& Tower with Radar,96,31,89,7,223,0,2,105,9,116,96,33,194,16,339,26,2,28,367
03/06/2023,SAV,GA,ASO,ES,Combined TRACON& Tower with Radar,106,53,76,13,248,0,10,78,13,101,106,63,154,26,349,14,4,18,367
03/07/2023,SAV,GA,ASO,ES,Combined TRACON& Tower with Radar,90,48,72,6,216,0,1,61,15,77,90,49,133,21,293,16,0,16,309
03/08/2023,SAV,GA,ASO,ES,Combined TRACON& Tower with Radar,101,55,84,18,258,0,0,96,2,98,101,55,180,20,356,4,0,4,360
03/09/2023,SAV,GA,ASO,ES,Combined TRACON& Tower with Radar,104,55,72,6,237,0,7,83,3,93,104,62,155,9,330,8,0,8,338
03/10/2023,SAV,GA,ASO,ES,Combined TRACON& Tower with Radar,116,46,65,11,238,0,0,5,1,6,116,46,70,12,244,0,0,0,244
03/11/2023,SAV,GA,ASO,ES,Combined TRACON& Tower with Radar,103,55,76,2,236,0,4,104,2,110,103,59,180,4,346,12,0,12,358
03/12/2023,SAV,GA,ASO,ES,Combined TRACON& Tower with Radar,113,33,70,3,219,0,1,27,1,29,113,34,97,4,248,12,0,12,260
03/13/2023,SAV,GA,ASO,ES,Combined TRACON& Tower with Radar,111,52,94,4,261,0,0,45,3,48,111,52,139,7,309,12,0,12,321
03/14/2023,SAV,GA,ASO,ES,Combined TRACON& Tower with Radar,89,53,84,9,235,0,3,86,2,91,89,56,170,11,326,39,0,39,365
03/15/2023,SAV,GA,ASO,ES,Combined TRACON& Tower with Radar,108,70,79,16,273,0,15,126,3,144,108,85,205,19,417,14,0,14,431
03/16/2023,SAV,GA,ASO,ES,Combined TRACON& Tower with Radar,110,63,82,12,267,0,3,105,9,117,110,66,187,21,384,38,0,38,422
03/17/2023,SAV,GA,ASO,ES,Combined TRACON& Tower with Radar,109,47,57,10,223,0,4,52,7,63,109,51,109,17,286,14,0,14,300
03/18/2023,SAV,GA,ASO,ES,Combined TRACON& Tower with Radar,119,40,52,5,216,0,1,15,1,17,119,41,67,6,233,0,0,0,233
03/19/2023,SAV,GA,ASO,ES,Combined TRACON& Tower with Radar,113,41,76,1,231,0,2,91,2,95,113,43,167,3,326,0,0,0,326
03/20/2023,SAV,GA,ASO,ES,Combined TRACON& Tower with Radar,113,50,53,10,226,0,7,110,0,117,113,57,163,10,343,20,0,20,363
03/21/2023,SAV,GA,ASO,ES,Combined TRACON& Tower with Radar,95,44,63,5,207,0,3,94,1,98,95,47,157,6,305,35,3,38,343
03/22/2023,SAV,GA,ASO,ES,Combined TRACON& Tower with Radar,107,53,105,22,287,0,2,33,5,40,107,55,138,27,327,2,0,2,329
03/23/2023,SAV,GA,ASO,ES,Combined TRACON& Tower with Radar,108,74,104,16,302,0,3,99,2,104,108,77,203,18,406,20,0,20,426
03/24/2023,SAV,GA,ASO,ES,Combined TRACON& Tower with Radar,114,43,71,42,270,0,9,119,5,133,114,52,190,47,403,4,17,21,424
03/25/2023,SAV,GA,ASO,ES,Combined TRACON& Tower with Radar,107,32,73,3,215,0,0,32,5,37,107,32,105,8,252,4,0,4,256
03/26/2023,SAV,GA,ASO,ES,Combined TRACON& Tower with Radar,110,39,100,2,251,0,0,29,0,29,110,39,129,2,280,0,0,0,280
03/27/2023,SAV,GA,ASO,ES,Combined TRACON& Tower with Radar,117,47,64,4,232,0,1,50,0,51,117,48,114,4,283,14,0,14,297
03/28/2023,SAV,GA,ASO,ES,Combined TRACON& Tower with Radar,96,64,69,0,229,0,0,12,0,12,96,64,81,0,241,0,0,0,241
03/29/2023,SAV,GA,ASO,ES,Combined TRACON& Tower with Radar,105,49,64,17,235,0,1,108,3,112,105,50,172,20,347,16,0,16,363
03/30/2023,SAV,GA,ASO,ES,Combined TRACON& Tower with Radar,114,51,72,8,245,0,13,126,6,145,114,64,198,14,390,16,0,16,406
03/31/2023,SAV,GA,ASO,ES,Combined TRACON& Tower with Radar,110,39,112,4,265,0,0,116,2,118,110,39,228,6,383,0,0,0,383
04/01/2023,SAV,GA,ASO,ES,Combined TRACON& Tower with Radar,113,31,42,3,189,0,4,13,0,17,113,35,55,3,206,0,0,0,206
04/02/2023,SAV,GA,ASO,ES,Combined TRACON& Tower with Radar,114,45,82,0,241,0,3,67,0,70,114,48,149,0,311,0,0,0,311
04/03/2023,SAV,GA,ASO,ES,Combined TRACON& Tower with Radar,116,27,71,3,217,0,6,50,1,57,116,33,121,4,274,7,0,7,281
04/04/2023,SAV,GA,ASO,ES,Combined TRACON& Tower with Radar,96,38,83,6,223,0,1,53,1,55,96,39,136,7,278,81,0,81,359
04/05/2023,SAV,GA,ASO,ES,Combined TRACON& Tower with Radar,100,63,104,13,280,0,2,101,0,103,100,65,205,13,383,20,4,24,407
04/06/2023,SAV,GA,ASO,ES,Combined TRACON& Tower with Radar,110,75,102,4,291,0,3,95,1,99,110,78,197,5,390,0,0,0,390
04/07/2023,SAV,GA,ASO,ES,Combined TRACON& Tower with Radar,125,42,87,0,254,0,0,77,1,78,125,42,164,1,332,6,0,6,338
04/08/2023,SAV,GA,ASO,ES,Combined TRACON& Tower with Radar,109,39,37,0,185,0,0,0,0,0,109,39,37,0,185,0,0,0,185
04/09/2023,SAV,GA,ASO,ES,Combined TRACON& Tower with Radar,127,32,35,0,194,0,0,11,0,11,127,32,46,0,205,4,0,4,209
04/10/2023,SAV,GA,ASO,ES,Combined TRACON& Tower with Radar,121,46,98,1,266,0,3,75,0,78,121,49,173,1,344,5,0,5,349
04/11/2023,SAV,GA,ASO,ES,Combined TRACON& Tower with Radar,103,63,78,2,246,0,4,102,4,110,103,67,180,6,356,2,0,2,358
04/12/2023,SAV,GA,ASO,ES,Combined TRACON& Tower with Radar,108,49,75,6,238,0,2,98,3,103,108,51,173,9,341,8,0,8,349
04/13/2023,SAV,GA,ASO,ES,Combined TRACON& Tower with Radar,125,34,80,5,244,0,0,17,0,17,125,34,97,5,261,4,0,4,265
04/14/2023,SAV,GA,ASO,ES,Combined TRACON& Tower with Radar,125,44,96,17,282,0,0,54,2,56,125,44,150,19,338,4,0,4,342
04/15/2023,SAV,GA,ASO,ES,Combined TRACON& Tower with Radar,109,46,71,0,226,0,10,101,0,111,109,56,172,0,337,30,0,30,367
04/16/2023,SAV,GA,ASO,ES,Combined TRACON& Tower with Radar,126,56,73,6,261,0,0,42,0,42,126,56,115,6,303,23,0,23,326
04/17/2023,SAV,GA,ASO,ES,Combined TRACON& Tower with Radar,122,45,70,2,239,0,2,75,4,81,122,47,145,6,320,0,0,0,320
04/18/2023,SAV,GA,ASO,ES,Combined TRACON& Tower with Radar,104,59,61,11,235,0,3,108,4,115,104,62,169,15,350,58,0,58,408
04/19/2023,SAV,GA,ASO,ES,Combined TRACON& Tower with Radar,106,48,77,11,242,0,4,107,6,117,106,52,184,17,359,12,0,12,371
04/20/2023,SAV,GA,ASO,ES,Combined TRACON& Tower with Radar,120,64,99,5,288,0,1,104,7,112,120,65,203,12,400,4,0,4,404
04/21/2023,SAV,GA,ASO,ES,Combined TRACON& Tower with Radar,126,58,104,12,300,0,8,107,7,122,126,66,211,19,422,12,0,12,434
04/22/2023,SAV,GA,ASO,ES,Combined TRACON& Tower with Radar,116,33,54,7,210,0,0,55,5,60,116,33,109,12,270,0,0,0,270
04/23/2023,SAV,GA,ASO,ES,Combined TRACON& Tower with Radar,125,33,85,4,247,0,0,114,5,119,125,33,199,9,366,0,0,0,366
04/24/2023,SAV,GA,ASO,ES,Combined TRACON& Tower with Radar,124,50,96,11,281,0,5,54,6,65,124,55,150,17,346,8,0,8,354
04/25/2023,SAV,GA,ASO,ES,Combined TRACON& Tower with Radar,102,56,86,7,251,0,3,58,7,68,102,59,144,14,319,0,0,0,319
04/26/2023,SAV,GA,ASO,ES,Combined TRACON& Tower with Radar,104,37,57,14,212,0,3,61,7,71,104,40,118,21,283,30,0,30,313
04/27/2023,SAV,GA,ASO,ES,Combined TRACON& Tower with Radar,117,53,57,13,240,0,0,4,1,5,117,53,61,14,245,22,6,28,273
04/28/2023,SAV,GA,ASO,ES,Combined TRACON& Tower with Radar,127,62,82,6,277,0,1,28,2,31,127,63,110,8,308,0,0,0,308
04/29/2023,SAV,GA,ASO,ES,Combined TRACON& Tower with Radar,111,36,26,0,173,0,3,76,4,83,111,39,102,4,256,0,0,0,256
04/30/2023,SAV,GA,ASO,ES,Combined TRACON& Tower with Radar,122,27,72,0,221,0,0,10,0,10,122,27,82,0,231,0,0,0,231
05/01/2023,SAV,GA,ASO,ES,Combined TRACON& Tower with Radar,125,36,59,5,225,0,3,66,5,74,125,39,125,10,299,8,0,8,307
05/02/2023,SAV,GA,ASO,ES,Combined TRACON& Tower with Radar,103,47,68,5,223,0,0,72,1,73,103,47,140,6,296,20,0,20,316
05/03/2023,SAV,GA,ASO,ES,Combined TRACON& Tower with Radar,109,39,60,15,223,0,5,76,7,88,109,44,136,22,311,32,30,62,373
05/04/2023,SAV,GA,ASO,ES,Combined TRACON& Tower with Radar,118,49,89,16,272,0,3,151,5,159,118,52,240,21,431,36,1,37,468
05/05/2023,SAV,GA,ASO,ES,Combined TRACON& Tower with Radar,127,62,86,3,278,0,2,95,1,98,127,64,181,4,376,16,0,16,392
05/06/2023,SAV,GA,ASO,ES,Combined TRACON& Tower with Radar,118,44,67,2,231,0,1,26,2,29,118,45,93,4,260,0,0,0,260
05/07/2023,SAV,GA,ASO,ES,Combined TRACON& Tower with Radar,127,47,75,9,258,0,0,60,0,60,127,47,135,9,318,0,0,0,318
05/08/2023,SAV,GA,ASO,ES,Combined TRACON& Tower with Radar,119,36,77,10,242,0,7,82,1,90,119,43,159,11,332,41,0,41,373
05/09/2023,SAV,GA,ASO,ES,Combined TRACON& Tower with Radar,102,51,47,3,203,0,0,88,3,91,102,51,135,6,294,0,0,0,294
05/10/2023,SAV,GA,ASO,ES,Combined TRACON& Tower with Radar,107,63,111,5,286,0,1,47,3,51,107,64,158,8,337,12,0,12,349
05/11/2023,SAV,GA,ASO,ES,Combined TRACON& Tower with Radar,122,67,88,9,286,0,4,63,4,71,122,71,151,13,357,22,0,22,379
05/12/2023,SAV,GA,ASO,ES,Combined TRACON& Tower with Radar,125,34,83,6,248,0,4,63,2,69,125,38,146,8,317,0,4,4,321
05/13/2023,SAV,GA,ASO,ES,Combined TRACON& Tower with Radar,115,24,59,4,202,0,2,71,0,73,115,26,130,4,275,0,0,0,275
05/14/2023,SAV,GA,ASO,ES,Combined TRACON& Tower with Radar,123,43,56,2,224,0,0,73,0,73,123,43,129,2,297,13,0,13,310
05/15/2023,SAV,GA,ASO,ES,Combined TRACON& Tower with Radar,125,45,80,16,266,0,0,34,0,34,125,45,114,16,300,0,0,0,300
05/16/2023,SAV,GA,ASO,ES,Combined TRACON& Tower with Radar,109,45,68,14,236,0,8,99,3,110,109,53,167,17,346,0,10,10,356
05/17/2023,SAV,GA,ASO,ES,Combined TRACON& Tower with Radar,109,48,79,16,252,0,3,80,4,87,109,51,159,20,339,28,25,53,392
05/18/2023,SAV,GA,ASO,ES,Combined TRACON& Tower with Radar,117,54,112,3,286,0,1,2,2,5,117,55,114,5,291,0,0,0,291
05/19/2023,SAV,GA,ASO,ES,Combined TRACON& Tower with Radar,123,45,100,12,280,0,0,7,2,9,123,45,107,14,289,0,0,0,289
05/20/2023,SAV,GA,ASO,ES,Combined TRACON& Tower with Radar,118,27,74,11,230,0,0,81,2,83,118,27,155,13,313,6,0,6,319
05/21/2023,SAV,GA,ASO,ES,Combined TRACON& Tower with Radar,126,22,66,2,216,0,0,6,2,8,126,22,72,4,224,6,0,6,230
05/22/2023,SAV,GA,ASO,ES,Combined TRACON& Tower with Radar,127,29,81,5,242,0,2,36,3,41,127,31,117,8,283,14,0,14,297
05/23/2023,SAV,GA,ASO,ES,Combined TRACON& Tower with Radar,107,46,78,20,251,0,2,69,0,71,107,48,147,20,322,4,16,20,342
05/24/2023,SAV,GA,ASO,ES,Combined TRACON& Tower with Radar,104,60,71,4,239,0,0,120,4,124,104,60,191,8,363,15,0,15,378
05/25/2023,SAV,GA,ASO,ES,Combined TRACON& Tower with Radar,123,74,66,2,265,0,2,103,0,105,123,76,169,2,370,8,0,8,378
05/26/2023,SAV,GA,ASO,ES,Combined TRACON& Tower with Radar,127,43,93,3,266,0,1,22,0,23,127,44,115,3,289,0,0,0,289
05/27/2023,SAV,GA,ASO,ES,Combined TRACON& Tower with Radar,118,19,32,2,171,0,0,0,0,0,118,19,32,2,171,0,0,0,171
05/28/2023,SAV,GA,ASO,ES,Combined TRACON& Tower with Radar,120,25,43,4,192,0,1,3,0,4,120,26,46,4,196,0,0,0,196
05/29/2023,SAV,GA,ASO,ES,Combined TRACON& Tower with Radar,124,28,49,3,204,0,2,82,2,86,124,30,131,5,290,24,0,24,314
05/30/2023,SAV,GA,ASO,ES,Combined TRACON& Tower with Radar,107,44,62,5,218,0,7,106,3,116,107,51,168,8,334,28,0,28,362
05/31/2023,SAV,GA,ASO,ES,Combined TRACON& Tower with Radar,103,38,100,8,249,0,0,75,6,81,103,38,175,14,330,0,0,0,330
06/01/2023,SAV,GA,ASO,ES,Combined TRACON& Tower with Radar,118,52,89,7,266,0,0,86,6,92,118,52,175,13,358,12,5,17,375
06/02/2023,SAV,GA,ASO,ES,Combined TRACON& Tower with Radar,116,63,67,21,267,0,3,105,5,113,116,66,172,26,380,13,12,25,405
06/03/2023,SAV,GA,ASO,ES,Combined TRACON& Tower with Radar,128,31,50,4,213,0,1,69,1,71,128,32,119,5,284,0,0,0,284
06/04/2023,SAV,GA,ASO,ES,Combined TRACON& Tower with Radar,125,29,73,3,230,0,0,12,1,13,125,29,85,4,243,0,0,0,243
06/05/2023,SAV,GA,ASO,ES,Combined TRACON& Tower with Radar,119,52,82,4,257,0,4,108,0,112,119,56,190,4,369,14,0,14,383
06/06/2023,SAV,GA,ASO,ES,Combined TRACON& Tower with Radar,107,60,54,14,235,0,4,96,0,100,107,64,150,14,335,13,12,25,360
06/07/2023,SAV,GA,ASO,ES,Combined TRACON& Tower with Radar,103,29,85,12,229,0,7,81,1,89,103,36,166,13,318,11,0,11,329
06/08/2023,SAV,GA,ASO,ES,Combined TRACON& Tower with Radar,115,40,105,3,263,0,6,57,1,64,115,46,162,4,327,16,0,16,343
06/09/2023,SAV,GA,ASO,ES,Combined TRACON& Tower with Radar,116,39,104,20,279,0,8,88,3,99,116,47,192,23,378,27,0,27,405
06/10/2023,SAV,GA,ASO,ES,Combined TRACON& Tower with Radar,133,26,40,3,202,1,0,69,0,70,134,26,109,3,272,20,0,20,292
06/11/2023,SAV,GA,ASO,ES,Combined TRACON& Tower with Radar,127,36,68,5,236,0,0,31,0,31,127,36,99,5,267,0,0,0,267
06/12/2023,SAV,GA,ASO,ES,Combined TRACON& Tower with Radar,114,23,39,3,179,0,1,56,1,58,114,24,95,4,237,10,2,12,249
06/13/2023,SAV,GA,ASO,ES,Combined TRACON& Tower with Radar,104,39,60,1,204,0,5,74,0,79,104,44,134,1,283,10,0,10,293
06/14/2023,SAV,GA,ASO,ES,Combined TRACON& Tower with Radar,101,36,52,1,190,0,3,35,0,38,101,39,87,1,228,24,0,24,252
06/15/2023,SAV,GA,ASO,ES,Combined TRACON& Tower with Radar,114,57,71,4,246,0,3,36,4,43,114,60,107,8,289,18,0,18,307
06/16/2023,SAV,GA,ASO,ES,Combined TRACON& Tower with Radar,112,35,90,4,241,0,4,45,1,50,112,39,135,5,291,16,0,16,307
06/17/2023,SAV,GA,ASO,ES,Combined TRACON& Tower with Radar,127,15,69,1,212,0,1,76,0,77,127,16,145,1,289,36,0,36,325
06/18/2023,SAV,GA,ASO,ES,Combined TRACON& Tower with Radar,122,40,49,1,212,0,4,54,1,59,122,44,103,2,271,0,0,0,271
06/19/2023,SAV,GA,ASO,ES,Combined TRACON& Tower with Radar,112,39,75,0,226,0,0,17,2,19,112,39,92,2,245,20,0,20,265
06/20/2023,SAV,GA,ASO,ES,Combined TRACON& Tower with Radar,98,38,73,3,212,0,0,25,0,25,98,38,98,3,237,31,0,31,268
06/21/2023,SAV,GA,ASO,ES,Combined TRACON& Tower with Radar,96,40,55,5,196,0,4,48,0,52,96,44,103,5,248,38,0,38,286
06/22/2023,SAV,GA,ASO,ES,Combined TRACON& Tower with Radar,112,37,65,7,221,0,2,31,1,34,112,39,96,8,255,18,11,29,284
06/23/2023,SAV,GA,ASO,ES,Combined TRACON& Tower with Radar,110,34,68,4,216,0,0,44,1,45,110,34,112,5,261,20,0,20,281
06/24/2023,SAV,GA,ASO,ES,Combined TRACON& Tower with Radar,134,19,59,7,219,0,1,65,3,69,134,20,124,10,288,4,0,4,292
06/25/2023,SAV,GA,ASO,ES,Combined TRACON& Tower with Radar,125,20,61,1,207,0,3,79,1,83,125,23,140,2,290,0,0,0,290
06/26/2023,SAV,GA,ASO,ES,Combined TRACON& Tower with Radar,100,40,63,9,212,0,11,97,4,112,100,51,160,13,324,20,10,30,354
06/27/2023,SAV,GA,ASO,ES,Combined TRACON& Tower with Radar,95,48,62,14,219,0,7,94,1,102,95,55,156,15,321,12,0,12,333
06/28/2023,SAV,GA,ASO,ES,Combined TRACON& Tower with Radar,98,28,53,12,191,0,2,146,2,150,98,30,199,14,341,22,2,24,365
06/29/2023,SAV,GA,ASO,ES,Combined TRACON& Tower with Radar,117,50,83,19,269,0,9,107,1,117,117,59,190,20,386,36,0,36,422
06/30/2023,SAV,GA,ASO,ES,Combined TRACON& Tower with Radar,116,54,84,7,261,0,10,97,3,110,116,64,181,10,371,0,0,0,371
07/01/2023,SAV,GA,ASO,ES,Combined TRACON& Tower with Radar,134,28,63,0,225,0,0,59,0,59,134,28,122,0,284,0,0,0,284
07/02/2023,SAV,GA,ASO,ES,Combined TRACON& Tower with Radar,118,34,33,2,187,0,3,69,0,72,118,37,102,2,259,0,0,0,259
07/03/2023,SAV,GA,ASO,ES,Combined TRACON& Tower with Radar,105,27,22,0,154,0,2,60,0,62,105,29,82,0,216,2,0,2,218
07/04/2023,SAV,GA,ASO,ES,Combined TRACON& Tower with Radar,88,21,21,0,130,0,2,29,0,31,88,23,50,0,161,25,0,25,186
07/05/2023,SAV,GA,ASO,ES,Combined TRACON& Tower with Radar,114,24,57,7,202,0,9,60,1,70,114,33,117,8,272,20,0,20,292
07/06/2023,SAV,GA,ASO,ES,Combined TRACON& Tower with Radar,111,41,79,9,240,0,4,104,11,119,111,45,183,20,359,14,30,44,403
07/07/2023,SAV,GA,ASO,ES,Combined TRACON& Tower with Radar,122,26,51,5,204,0,1,95,6,102,122,27,146,11,306,11,0,11,317
07/08/2023,SAV,GA,ASO,ES,Combined TRACON& Tower with Radar,144,15,54,0,213,0,4,73,4,81,144,19,127,4,294,4,0,4,298
07/09/2023,SAV,GA,ASO,ES,Combined TRACON& Tower with Radar,120,21,63,6,210,0,0,43,7,50,120,21,106,13,260,18,0,18,278
07/10/2023,SAV,GA,ASO,ES,Combined TRACON& Tower with Radar,117,35,54,8,214,0,0,9,0,9,117,35,63,8,223,20,0,20,243
07/11/2023,SAV,GA,ASO,ES,Combined TRACON& Tower with Radar,100,38,69,8,215,0,2,85,2,89,100,40,154,10,304,0,0,0,304
07/12/2023,SAV,GA,ASO,ES,Combined TRACON& Tower with Radar,106,33,86,9,234,0,7,103,2,112,106,40,189,11,346,14,0,14,360
07/13/2023,SAV,GA,ASO,ES,Combined TRACON& Tower with Radar,113,26,76,18,233,0,1,67,0,68,113,27,143,18,301,0,0,0,301
07/14/2023,SAV,GA,ASO,ES,Combined TRACON& Tower with Radar,109,31,63,6,209,0,0,92,0,92,109,31,155,6,301,0,0,0,301
07/15/2023,SAV,GA,ASO,ES,Combined TRACON& Tower with Radar,145,35,78,6,264,0,2,58,0,60,145,37,136,6,324,16,0,16,340
07/16/2023,SAV,GA,ASO,ES,Combined TRACON& Tower with Radar,113,20,62,3,198,0,4,48,0,52,113,24,110,3,250,14,0,14,264
07/17/2023,SAV,GA,ASO,ES,Combined TRACON& Tower with Radar,115,38,60,3,216,0,0,73,0,73,115,38,133,3,289,0,0,0,289
07/18/2023,SAV,GA,ASO,ES,Combined TRACON& Tower with Radar,96,49,70,15,230,0,2,69,1,72,96,51,139,16,302,9,10,19,321
07/19/2023,SAV,GA,ASO,ES,Combined TRACON& Tower with Radar,110,31,71,3,215,0,4,64,0,68,110,35,135,3,283,6,0,6,289
07/20/2023,SAV,GA,ASO,ES,Combined TRACON& Tower with Radar,128,34,69,6,237,0,5,83,0,88,128,39,152,6,325,0,9,9,334
07/21/2023,SAV,GA,ASO,ES,Combined TRACON& Tower with Radar,121,33,65,15,234,0,12,66,3,81,121,45,131,18,315,6,8,14,329
07/22/2023,SAV,GA,ASO,ES,Combined TRACON& Tower with Radar,146,29,39,3,217,0,4,53,3,60,146,33,92,6,277,2,0,2,279
07/23/2023,SAV,GA,ASO,ES,Combined TRACON& Tower with Radar,125,21,48,15,209,0,0,39,1,40,125,21,87,16,249,4,0,4,253
07/24/2023,SAV,GA,ASO,ES,Combined TRACON& Tower with Radar,118,39,55,2,214,0,4,46,1,51,118,43,101,3,265,0,0,0,265
07/25/2023,SAV,GA,ASO,ES,Combined TRACON& Tower with Radar,99,37,93,4,233,0,6,86,2,94,99,43,179,6,327,18,0,18,345
07/26/2023,SAV,GA,ASO,ES,Combined TRACON& Tower with Radar,91,33,70,6,200,0,2,76,0,78,91,35,146,6,278,13,0,13,291
07/27/2023,SAV,GA,ASO,ES,Combined TRACON& Tower with Radar,119,39,99,3,260,0,2,56,0,58,119,41,155,3,318,22,0,22,340
07/28/2023,SAV,GA,ASO,ES,Combined TRACON& Tower with Radar,114,26,65,0,205,0,0,4,2,6,114,26,69,2,211,6,0,6,217
07/29/2023,SAV,GA,ASO,ES,Combined TRACON& Tower with Radar,140,24,41,0,205,0,0,3,0,3,140,24,44,0,208,20,0,20,228
07/30/2023,SAV,GA,ASO,ES,Combined TRACON& Tower with Radar,122,19,48,5,194,0,1,73,1,75,122,20,121,6,269,9,0,9,278
07/31/2023,SAV,GA,ASO,ES,Combined TRACON& Tower with Radar,123,44,91,10,268,0,0,59,0,59,123,44,150,10,327,14,6,20,347
08/01/2023,SAV,GA,ASO,ES,Combined TRACON& Tower with Radar,109,30,56,13,208,0,6,74,1,81,109,36,130,14,289,14,0,14,303
08/02/2023,SAV,GA,ASO,ES,Combined TRACON& Tower with Radar,106,50,69,10,235,0,4,77,0,81,106,54,146,10,316,14,0,14,330
08/03/2023,SAV,GA,ASO,ES,Combined TRACON& Tower with Radar,121,41,66,10,238,0,1,86,0,87,121,42,152,10,325,0,0,0,325
08/04/2023,SAV,GA,ASO,ES,Combined TRACON& Tower with Radar,109,33,59,3,204,0,0,22,0,22,109,33,81,3,226,4,0,4,230
08/05/2023,SAV,GA,ASO,ES,Combined TRACON& Tower with Radar,136,31,53,8,228,0,1,69,0,70,136,32,122,8,298,10,0,10,308
08/06/2023,SAV,GA,ASO,ES,Combined TRACON& Tower with Radar,133,24,60,3,220,0,0,37,0,37,133,24,97,3,257,0,0,0,257
08/07/2023,SAV,GA,ASO,ES,Combined TRACON& Tower with Radar,105,29,67,2,203,0,11,94,3,108,105,40,161,5,311,28,0,28,339
08/08/2023,SAV,GA,ASO,ES,Combined TRACON& Tower with Radar,99,47,45,6,197,0,5,75,0,80,99,52,120,6,277,4,0,4,281
08/09/2023,SAV,GA,ASO,ES,Combined TRACON& Tower with Radar,106,25,78,4,213,0,3,99,1,103,106,28,177,5,316,20,8,28,344
08/10/2023,SAV,GA,ASO,ES,Combined TRACON& Tower with Radar,113,38,75,3,229,0,7,86,4,97,113,45,161,7,326,39,0,39,365
08/11/2023,SAV,GA,ASO,ES,Combined TRACON& Tower with Radar,114,24,46,12,196,0,2,77,0,79,114,26,123,12,275,8,0,8,283
08/12/2023,SAV,GA,ASO,ES,Combined TRACON& Tower with Radar,141,33,49,1,224,0,4,95,0,99,141,37,144,1,323,0,0,0,323
08/13/2023,SAV,GA,ASO,ES,Combined TRACON& Tower with Radar,128,27,75,1,231,0,7,67,3,77,128,34,142,4,308,0,12,12,320
08/14/2023,SAV,GA,ASO,ES,Combined TRACON& Tower with Radar,114,26,56,0,196,0,7,59,3,69,114,33,115,3,265,34,0,34,299
08/15/2023,SAV,GA,ASO,ES,Combined TRACON& Tower with Radar,98,13,68,1,180,0,3,68,3,74,98,16,136,4,254,3,0,3,257
08/16/2023,SAV,GA,ASO,ES,Combined TRACON& Tower with Radar,109,33,78,5,225,0,0,64,8,72,109,33,142,13,297,0,0,0,297
08/17/2023,SAV,GA,ASO,ES,Combined TRACON& Tower with Radar,117,48,72,8,245,0,10,76,2,88,117,58,148,10,333,68,0,68,401
08/18/2023,SAV,GA,ASO,ES,Combined TRACON& Tower with Radar,109,33,62,14,218,0,9,126,9,144,109,42,188,23,362,30,16,46,408
08/19/2023,SAV,GA,ASO,ES,Combined TRACON& Tower with Radar,115,16,49,6,186,0,5,96,0,101,115,21,145,6,287,32,2,34,321
08/20/2023,SAV,GA,ASO,ES,Combined TRACON& Tower with Radar,113,29,52,4,198,0,1,47,6,54,113,30,99,10,252,9,0,9,261
08/21/2023,SAV,GA,ASO,ES,Combined TRACON& Tower with Radar,103,28,60,7,198,0,5,71,0,76,103,33,131,7,274,24,0,24,298
08/22/2023,SAV,GA,ASO,ES,Combined TRACON& Tower with Radar,102,45,63,11,221,0,0,115,1,116,102,45,178,12,337,2,2,4,341
08/23/2023,SAV,GA,ASO,ES,Combined TRACON& Tower with Radar,100,36,64,10,210,0,4,76,5,85,100,40,140,15,295,18,0,18,313
08/24/2023,SAV,GA,ASO,ES,Combined TRACON& Tower with Radar,110,40,60,9,219,0,2,97,6,105,110,42,157,15,324,12,0,12,336
08/25/2023,SAV,GA,ASO,ES,Combined TRACON& Tower with Radar,106,51,78,34,269,0,4,88,8,100,106,55,166,42,369,2,18,20,389
08/26/2023,SAV,GA,ASO,ES,Combined TRACON& Tower with Radar,115,25,35,2,177,0,2,94,6,102,115,27,129,8,279,21,0,21,300
08/27/2023,SAV,GA,ASO,ES,Combined TRACON& Tower with Radar,111,30,47,0,188,0,4,55,1,60,111,34,102,1,248,0,0,0,248
08/28/2023,SAV,GA,ASO,ES,Combined TRACON& Tower with Radar,103,58,84,12,257,0,1,47,1,49,103,59,131,13,306,4,0,4,310
08/29/2023,SAV,GA,ASO,ES,Combined TRACON& Tower with Radar,104,50,62,3,219,0,0,15,0,15,104,50,77,3,234,14,0,14,248
08/30/2023,SAV,GA,ASO,ES,Combined TRACON& Tower with Radar,32,3,2,0,37,0,0,0,0,0,32,3,2,0,37,0,0,0,37
08/31/2023,SAV,GA,ASO,ES,Combined TRACON& Tower with Radar,97,38,66,8,209,0,0,87,0,87,97,38,153,8,296,12,0,12,308
01/01/2020,SAV,GA,ASO,ES,Combined TRACON& Tower with Radar,61,29,40,0,130,0,0,37,0,37,61,29,77,0,167,18,0,18,185
01/02/2020,SAV,GA,ASO,ES,Combined TRACON& Tower with Radar,77,36,46,12,171,0,4,49,0,53,77,40,95,12,224,61,3,64,288
01/03/2020,SAV,GA,ASO,ES,Combined TRACON& Tower with Radar,83,40,68,6,197,0,2,27,0,29,83,42,95,6,226,44,0,44,270
01/04/2020,SAV,GA,ASO,ES,Combined TRACON& Tower with Radar,68,35,62,0,165,0,0,15,0,15,68,35,77,0,180,25,0,25,205
01/05/2020,SAV,GA,ASO,ES,Combined TRACON& Tower with Radar,80,41,58,2,181,0,0,62,0,62,80,41,120,2,243,52,0,52,295
01/06/2020,SAV,GA,ASO,ES,Combined TRACON& Tower with Radar,74,36,46,6,162,0,6,58,1,65,74,42,104,7,227,26,0,26,253
01/07/2020,SAV,GA,ASO,ES,Combined TRACON& Tower with Radar,64,50,59,7,180,0,7,54,8,69,64,57,113,15,249,12,2,14,263
01/08/2020,SAV,GA,ASO,ES,Combined TRACON& Tower with Radar,66,44,61,18,189,0,9,62,4,75,66,53,123,22,264,70,0,70,334
01/09/2020,SAV,GA,ASO,ES,Combined TRACON& Tower with Radar,74,43,73,30,220,0,3,67,8,78,74,46,140,38,298,62,7,69,367
01/10/2020,SAV,GA,ASO,ES,Combined TRACON& Tower with Radar,70,50,55,20,195,0,2,30,2,34,70,52,85,22,229,43,2,45,274
01/11/2020,SAV,GA,ASO,ES,Combined TRACON& Tower with Radar,61,30,34,4,129,0,0,22,0,22,61,30,56,4,151,4,0,4,155
01/12/2020,SAV,GA,ASO,ES,Combined TRACON& Tower with Radar,75,41,57,19,192,0,1,10,0,11,75,42,67,19,203,35,0,35,238
01/13/2020,SAV,GA,ASO,ES,Combined TRACON& Tower with Radar,70,35,49,9,163,0,2,17,6,25,70,37,66,15,188,34,0,34,222
01/14/2020,SAV,GA,ASO,ES,Combined TRACON& Tower with Radar,65,45,63,5,178,0,4,38,6,48,65,49,101,11,226,18,0,18,244
01/15/2020,SAV,GA,ASO,ES,Combined TRACON& Tower with Radar,66,38,71,13,188,0,3,47,4,54,66,41,118,17,242,56,0,56,298
01/16/2020,SAV,GA,ASO,ES,Combined TRACON& Tower with Radar,74,46,80,21,221,0,4,35,3,42,74,50,115,24,263,42,0,42,305
01/17/2020,SAV,GA,ASO,ES,Combined TRACON& Tower with Radar,72,42,74,27,215,0,4,74,2,80,72,46,148,29,295,76,0,76,371
01/18/2020,SAV,GA,ASO,ES,Combined TRACON& Tower with Radar,56,30,47,21,154,0,4,61,2,67,56,34,108,23,221,60,2,62,283
01/19/2020,SAV,GA,ASO,ES,Combined TRACON& Tower with Radar,65,33,44,15,157,0,0,27,0,27,65,33,71,15,184,26,0,26,210
01/20/2020,SAV,GA,ASO,ES,Combined TRACON& Tower with Radar,68,35,62,8,173,0,4,53,2,59,68,39,115,10,232,76,2,78,310
01/21/2020,SAV,GA,ASO,ES,Combined TRACON& Tower with Radar,66,48,62,15,191,0,6,48,10,64,66,54,110,25,255,28,0,28,283
01/22/2020,SAV,GA,ASO,ES,Combined TRACON& Tower with Radar,66,52,71,0,189,0,2,57,4,63,66,54,128,4,252,50,0,50,302
01/23/2020,SAV,GA,ASO,ES,Combined TRACON& Tower with Radar,75,56,78,13,222,0,0,45,2,47,75,56,123,15,269,78,0,78,347
01/24/2020,SAV,GA,ASO,ES,Combined TRACON& Tower with Radar,73,44,78,8,203,0,0,8,0,8,73,44,86,8,211,51,0,51,262
01/25/2020,SAV,GA,ASO,ES,Combined TRACON& Tower with Radar,61,39,66,4,170,0,11,101,1,113,61,50,167,5,283,105,0,105,388
01/26/2020,SAV,GA,ASO,ES,Combined TRACON& Tower with Radar,73,54,71,7,205,0,6,78,0,84,73,60,149,7,289,57,2,59,348
01/27/2020,SAV,GA,ASO,ES,Combined TRACON& Tower with Radar,70,41,74,27,212,0,3,54,3,60,70,44,128,30,272,109,2,111,383
01/28/2020,SAV,GA,ASO,ES,Combined TRACON& Tower with Radar,69,56,73,7,205,0,6,48,5,59,69,62,121,12,264,48,0,48,312
01/29/2020,SAV,GA,ASO,ES,Combined TRACON& Tower with Radar,71,45,72,21,209,0,2,46,8,56,71,47,118,29,265,64,0,64,329
01/30/2020,SAV,GA,ASO,ES,Combined TRACON& Tower with Radar,77,55,74,7,213,0,2,39,7,48,77,57,113,14,261,42,0,42,303
01/31/2020,SAV,GA,ASO,ES,Combined TRACON& Tower with Radar,77,42,62,11,192,0,0,9,0,9,77,42,71,11,201,28,0,28,229
02/01/2020,SAV,GA,ASO,ES,Combined TRACON& Tower with Radar,56,39,49,8,152,0,1,0,0,1,56,40,49,8,153,0,0,0,153
02/02/2020,SAV,GA,ASO,ES,Combined TRACON& Tower with Radar,65,33,50,7,155,0,1,55,3,59,65,34,105,10,214,12,0,12,226
02/03/2020,SAV,GA,ASO,ES,Combined TRACON& Tower with Radar,66,54,58,8,186,0,7,48,3,58,66,61,106,11,244,40,14,54,298
02/04/2020,SAV,GA,ASO,ES,Combined TRACON& Tower with Radar,63,43,75,25,206,0,2,55,6,63,63,45,130,31,269,71,23,94,363
02/05/2020,SAV,GA,ASO,ES,Combined TRACON& Tower with Radar,63,47,65,22,197,0,5,46,5,56,63,52,111,27,253,82,12,94,347
02/06/2020,SAV,GA,ASO,ES,Combined TRACON& Tower with Radar,67,40,42,17,166,0,0,9,2,11,67,40,51,19,177,0,12,12,189
02/07/2020,SAV,GA,ASO,ES,Combined TRACON& Tower with Radar,64,48,57,22,191,0,4,36,8,48,64,52,93,30,239,28,2,30,269
02/08/2020,SAV,GA,ASO,ES,Combined TRACON& Tower with Radar,59,42,56,23,180,0,0,80,3,83,59,42,136,26,263,83,0,83,346
02/09/2020,SAV,GA,ASO,ES,Combined TRACON& Tower with Radar,73,37,62,12,184,0,0,49,6,55,73,37,111,18,239,75,4,79,318
02/10/2020,SAV,GA,ASO,ES,Combined TRACON& Tower with Radar,64,46,55,30,195,0,3,46,9,58,64,49,101,39,253,12,22,34,287
02/11/2020,SAV,GA,ASO,ES,Combined TRACON& Tower with Radar,63,42,57,25,187,0,5,38,12,55,63,47,95,37,242,64,10,74,316
02/12/2020,SAV,GA,ASO,ES,Combined TRACON& Tower with Radar,71,49,73,19,212,0,0,45,5,50,71,49,118,24,262,83,4,87,349
02/13/2020,SAV,GA,ASO,ES,Combined TRACON& Tower with Radar,80,55,78,4,217,0,0,8,1,9,80,55,86,5,226,25,23,48,274
02/14/2020,SAV,GA,ASO,ES,Combined TRACON& Tower with Radar,78,70,79,6,233,0,0,60,3,63,78,70,139,9,296,19,16,35,331
02/15/2020,SAV,GA,ASO,ES,Combined TRACON& Tower with Radar,60,44,66,6,176,0,3,89,2,94,60,47,155,8,270,58,0,58,328
02/16/2020,SAV,GA,ASO,ES,Combined TRACON& Tower with Radar,73,31,70,8,182,0,0,15,0,15,73,31,85,8,197,26,8,34,231
02/17/2020,SAV,GA,ASO,ES,Combined TRACON& Tower with Radar,83,61,92,9,245,0,1,11,0,12,83,62,103,9,257,10,0,10,267
02/18/2020,SAV,GA,ASO,ES,Combined TRACON& Tower with Radar,69,53,52,3,177,0,0,4,0,4,69,53,56,3,181,0,0,0,181
02/19/2020,SAV,GA,ASO,ES,Combined TRACON& Tower with Radar,69,54,84,14,221,0,0,20,0,20,69,54,104,14,241,78,10,88,329
02/20/2020,SAV,GA,ASO,ES,Combined TRACON& Tower with Radar,83,60,50,11,204,0,0,5,0,5,83,60,55,11,209,14,0,14,223
02/21/2020,SAV,GA,ASO,ES,Combined TRACON& Tower with Radar,82,67,86,42,277,0,0,58,3,61,82,67,144,45,338,44,0,44,382
02/22/2020,SAV,GA,ASO,ES,Combined TRACON& Tower with Radar,70,46,62,24,202,0,2,105,1,108,70,48,167,25,310,55,4,59,369
02/23/2020,SAV,GA,ASO,ES,Combined TRACON& Tower with Radar,77,43,74,30,224,0,1,78,2,81,77,44,152,32,305,114,8,122,427
02/24/2020,SAV,GA,ASO,ES,Combined TRACON& Tower with Radar,77,63,64,38,242,0,3,46,5,54,77,66,110,43,296,77,0,77,373
02/25/2020,SAV,GA,ASO,ES,Combined TRACON& Tower with Radar,69,58,47,18,192,0,1,18,1,20,69,59,65,19,212,38,14,52,264
02/26/2020,SAV,GA,ASO,ES,Combined TRACON& Tower with Radar,64,48,57,10,179,1,0,6,0,7,65,48,63,10,186,34,8,42,228
02/27/2020,SAV,GA,ASO,ES,Combined TRACON& Tower with Radar,75,78,77,21,251,0,7,55,0,62,75,85,132,21,313,42,12,54,367
02/28/2020,SAV,GA,ASO,ES,Combined TRACON& Tower with Radar,83,68,63,16,230,0,5,66,2,73,83,73,129,18,303,0,0,0,303
02/29/2020,SAV,GA,ASO,ES,Combined TRACON& Tower with Radar,65,39,37,10,151,0,8,56,1,65,65,47,93,11,216,4,0,4,220
03/01/2020,SAV,GA,ASO,ES,Combined TRACON& Tower with Radar,80,42,93,5,220,0,4,89,0,93,80,46,182,5,313,40,0,40,353
03/02/2020,SAV,GA,ASO,ES,Combined TRACON& Tower with Radar,80,46,62,15,203,0,2,80,2,84,80,48,142,17,287,20,10,30,317
03/03/2020,SAV,GA,ASO,ES,Combined TRACON& Tower with Radar,69,63,70,19,221,0,3,41,1,45,69,66,111,20,266,40,1,41,307
03/04/2020,SAV,GA,ASO,ES,Combined TRACON& Tower with Radar,69,53,40,3,165,0,0,1,0,1,69,53,41,3,166,0,0,0,166
03/05/2020,SAV,GA,ASO,ES,Combined TRACON& Tower with Radar,86,49,60,15,210,0,0,0,0,0,86,49,60,15,210,0,0,0,210
03/06/2020,SAV,GA,ASO,ES,Combined TRACON& Tower with Radar,84,50,73,18,225,0,0,42,0,42,84,50,115,18,267,24,0,24,291
03/07/2020,SAV,GA,ASO,ES,Combined TRACON& Tower with Radar,73,45,46,12,176,0,0,75,3,78,73,45,121,15,254,26,12,38,292
03/08/2020,SAV,GA,ASO,ES,Combined TRACON& Tower with Radar,89,44,70,9,212,0,2,79,1,82,89,46,149,10,294,102,0,102,396
03/09/2020,SAV,GA,ASO,ES,Combined TRACON& Tower with Radar,84,51,84,15,234,0,4,67,3,74,84,55,151,18,308,61,16,77,385
03/10/2020,SAV,GA,ASO,ES,Combined TRACON& Tower with Radar,80,47,82,11,220,0,1,64,2,67,80,48,146,13,287,112,4,116,403
03/11/2020,SAV,GA,ASO,ES,Combined TRACON& Tower with Radar,79,60,54,11,204,0,7,62,2,71,79,67,116,13,275,38,0,38,313
03/12/2020,SAV,GA,ASO,ES,Combined TRACON& Tower with Radar,96,73,86,22,277,0,5,52,5,62,96,78,138,27,339,28,6,34,373
03/13/2020,SAV,GA,ASO,ES,Combined TRACON& Tower with Radar,92,50,85,20,247,0,0,83,6,89,92,50,168,26,336,75,0,75,411
03/14/2020,SAV,GA,ASO,ES,Combined TRACON& Tower with Radar,90,49,52,7,198,0,2,57,0,59,90,51,109,7,257,0,0,0,257
03/15/2020,SAV,GA,ASO,ES,Combined TRACON& Tower with Radar,97,48,60,11,216,0,3,31,8,42,97,51,91,19,258,25,0,25,283
03/16/2020,SAV,GA,ASO,ES,Combined TRACON& Tower with Radar,91,37,48,9,185,0,0,22,0,22,91,37,70,9,207,0,0,0,207
03/17/2020,SAV,GA,ASO,ES,Combined TRACON& Tower with Radar,91,49,41,12,193,0,0,26,2,28,91,49,67,14,221,38,0,38,259
03/18/2020,SAV,GA,ASO,ES,Combined TRACON& Tower with Radar,87,48,72,6,213,0,0,32,4,36,87,48,104,10,249,43,0,43,292
03/19/2020,SAV,GA,ASO,ES,Combined TRACON& Tower with Radar,92,44,50,13,199,0,0,44,0,44,92,44,94,13,243,0,0,0,243
03/20/2020,SAV,GA,ASO,ES,Combined TRACON& Tower with Radar,77,57,52,9,195,0,0,48,0,48,77,57,100,9,243,0,0,0,243
03/21/2020,SAV,GA,ASO,ES,Combined TRACON& Tower with Radar,74,32,48,8,162,0,4,59,0,63,74,36,107,8,225,0,0,0,225
03/22/2020,SAV,GA,ASO,ES,Combined TRACON& Tower with Radar,79,32,43,1,155,0,0,9,0,9,79,32,52,1,164,0,0,0,164
03/23/2020,SAV,GA,ASO,ES,Combined TRACON& Tower with Radar,50,29,35,2,116,0,0,12,0,12,50,29,47,2,128,71,0,71,199
03/24/2020,SAV,GA,ASO,ES,Combined TRACON& Tower with Radar,48,39,25,9,121,0,0,35,0,35,48,39,60,9,156,70,2,72,228
03/25/2020,SAV,GA,ASO,ES,Combined TRACON& Tower with Radar,44,31,30,12,117,0,3,38,0,41,44,34,68,12,158,54,0,54,212
03/26/2020,SAV,GA,ASO,ES,Combined TRACON& Tower with Radar,41,29,42,4,116,0,0,58,2,60,41,29,100,6,176,63,0,63,239
03/27/2020,SAV,GA,ASO,ES,Combined TRACON& Tower with Radar,53,29,39,10,131,0,0,45,1,46,53,29,84,11,177,0,0,0,177
03/28/2020,SAV,GA,ASO,ES,Combined TRACON& Tower with Radar,36,20,25,0,81,0,7,46,0,53,36,27,71,0,134,0,0,0,134
03/29/2020,SAV,GA,ASO,ES,Combined TRACON& Tower with Radar,38,13,24,0,75,0,1,22,0,23,38,14,46,0,98,0,0,0,98
03/30/2020,SAV,GA,ASO,ES,Combined TRACON& Tower with Radar,42,39,37,0,118,0,3,61,2,66,42,42,98,2,184,0,0,0,184
03/31/2020,SAV,GA,ASO,ES,Combined TRACON& Tower with Radar,39,17,18,8,82,0,0,23,0,23,39,17,41,8,105,0,0,0,105
04/01/2020,SAV,GA,ASO,ES,Combined TRACON& Tower with Radar,36,19,28,14,97,0,0,33,4,37,36,19,61,18,134,80,52,132,266
04/02/2020,SAV,GA,ASO,ES,Combined TRACON& Tower with Radar,37,16,56,7,116,0,4,48,2,54,37,20,104,9,170,34,0,34,204
04/03/2020,SAV,GA,ASO,ES,Combined TRACON& Tower with Radar,37,11,20,16,84,0,2,53,1,56,37,13,73,17,140,58,0,58,198
04/04/2020,SAV,GA,ASO,ES,Combined TRACON& Tower with Radar,31,11,30,8,80,0,7,41,6,54,31,18,71,14,134,118,0,118,252
04/05/2020,SAV,GA,ASO,ES,Combined TRACON& Tower with Radar,35,5,20,1,61,0,2,25,0,27,35,7,45,1,88,70,0,70,158
04/06/2020,SAV,GA,ASO,ES,Combined TRACON& Tower with Radar,35,16,24,14,89,0,9,46,0,55,35,25,70,14,144,18,0,18,162
04/07/2020,SAV,GA,ASO,ES,Combined TRACON& Tower with Radar,33,19,24,20,96,0,1,28,0,29,33,20,52,20,125,42,20,62,187
04/08/2020,SAV,GA,ASO,ES,Combined TRACON& Tower with Radar,37,17,35,15,104,0,0,22,0,22,37,17,57,15,126,72,0,72,198
04/09/2020,SAV,GA,ASO,ES,Combined TRACON& Tower with Radar,30,22,28,12,92,0,3,28,0,31,30,25,56,12,123,68,0,68,191
04/10/2020,SAV,GA,ASO,ES,Combined TRACON& Tower with Radar,38,15,22,22,97,0,2,34,2,38,38,17,56,24,135,12,6,18,153
04/11/2020,SAV,GA,ASO,ES,Combined TRACON& Tower with Radar,31,8,26,15,80,0,4,52,3,59,31,12,78,18,139,69,0,69,208
04/12/2020,SAV,GA,ASO,ES,Combined TRACON& Tower with Radar,32,5,14,12,63,0,0,4,2,6,32,5,18,14,69,0,0,0,69
04/13/2020,SAV,GA,ASO,ES,Combined TRACON& Tower with Radar,34,13,17,10,74,0,0,20,0,20,34,13,37,10,94,0,0,0,94
04/14/2020,SAV,GA,ASO,ES,Combined TRACON& Tower with Radar,36,22,24,22,104,0,3,62,0,65,36,25,86,22,169,76,32,108,277
04/15/2020,SAV,GA,ASO,ES,Combined TRACON& Tower with Radar,30,23,45,23,121,0,0,20,3,23,30,23,65,26,144,6,0,6,150
04/16/2020,SAV,GA,ASO,ES,Combined TRACON& Tower with Radar,28,20,26,16,90,0,1,69,1,71,28,21,95,17,161,28,13,41,202
04/17/2020,SAV,GA,ASO,ES,Combined TRACON& Tower with Radar,32,27,39,21,119,0,3,75,0,78,32,30,114,21,197,39,10,49,246
04/18/2020,SAV,GA,ASO,ES,Combined TRACON& Tower with Radar,19,16,16,6,57,0,0,23,1,24,19,16,39,7,81,22,0,22,103
04/19/2020,SAV,GA,ASO,ES,Combined TRACON& Tower with Radar,27,7,7,2,43,0,1,4,0,5,27,8,11,2,48,40,48,88,136
04/20/2020,SAV,GA,ASO,ES,Combined TRACON& Tower with Radar,21,21,20,13,75,0,0,16,0,16,21,21,36,13,91,4,8,12,103
04/21/2020,SAV,GA,ASO,ES,Combined TRACON& Tower with Radar,23,23,55,14,115,0,5,66,0,71,23,28,121,14,186,76,8,84,270
04/22/2020,SAV,GA,ASO,ES,Combined TRACON& Tower with Radar,21,31,46,18,116,0,4,81,9,94,21,35,127,27,210,22,0,22,232
04/23/2020,SAV,GA,ASO,ES,Combined TRACON& Tower with Radar,22,24,22,8,76,0,3,11,4,18,22,27,33,12,94,34,19,53,147
04/24/2020,SAV,GA,ASO,ES,Combined TRACON& Tower with Radar,30,31,40,24,125,0,6,40,6,52,30,37,80,30,177,26,42,68,245
04/25/2020,SAV,GA,ASO,ES,Combined TRACON& Tower with Radar,23,8,38,16,85,0,0,69,12,81,23,8,107,28,166,35,34,69,235
04/26/2020,SAV,GA,ASO,ES,Combined TRACON& Tower with Radar,18,7,26,9,60,0,0,36,20,56,18,7,62,29,116,0,0,0,116
04/27/2020,SAV,GA,ASO,ES,Combined TRACON& Tower with Radar,20,16,36,15,87,0,2,66,5,73,20,18,102,20,160,40,0,40,200
04/28/2020,SAV,GA,ASO,ES,Combined TRACON& Tower with Radar,26,20,33,21,100,0,2,63,1,66,26,22,96,22,166,62,2,64,230
04/29/2020,SAV,GA,ASO,ES,Combined TRACON& Tower with Radar,22,18,43,3,86,0,0,38,2,40,22,18,81,5,126,18,0,18,144
04/30/2020,SAV,GA,ASO,ES,Combined TRACON& Tower with Radar,25,17,38,21,101,0,2,34,0,36,25,19,72,21,137,22,4,26,163
05/01/2020,SAV,GA,ASO,ES,Combined TRACON& Tower with Radar,29,25,30,10,94,0,2,49,3,54,29,27,79,13,148,38,0,38,186
05/02/2020,SAV,GA,ASO,ES,Combined TRACON& Tower with Radar,24,20,27,8,79,0,0,62,2,64,24,20,89,10,143,56,0,56,199
05/03/2020,SAV,GA,ASO,ES,Combined TRACON& Tower with Radar,29,8,53,2,92,0,2,47,1,50,29,10,100,3,142,48,4,52,194
05/04/2020,SAV,GA,ASO,ES,Combined TRACON& Tower with Radar,28,20,42,2,92,0,3,49,0,52,28,23,91,2,144,10,16,26,170
05/05/2020,SAV,GA,ASO,ES,Combined TRACON& Tower with Radar,26,21,36,14,97,0,2,52,0,54,26,23,88,14,151,30,2,32,183
05/06/2020,SAV,GA,ASO,ES,Combined TRACON& Tower with Radar,20,19,45,14,98,0,3,52,3,58,20,22,97,17,156,59,0,59,215
05/07/2020,SAV,GA,ASO,ES,Combined TRACON& Tower with Radar,30,21,47,12,110,0,0,65,2,67,30,21,112,14,177,57,2,59,236
05/08/2020,SAV,GA,ASO,ES,Combined TRACON& Tower with Radar,29,25,45,6,105,0,0,58,3,61,29,25,103,9,166,24,0,24,190
05/09/2020,SAV,GA,ASO,ES,Combined TRACON& Tower with Radar,22,14,30,7,73,0,2,58,2,62,22,16,88,9,135,122,0,122,257
05/10/2020,SAV,GA,ASO,ES,Combined TRACON& Tower with Radar,30,9,29,3,71,0,0,35,0,35,30,9,64,3,106,9,0,9,115
05/11/2020,SAV,GA,ASO,ES,Combined TRACON& Tower with Radar,27,17,43,15,102,0,4,57,0,61,27,21,100,15,163,78,0,78,241
05/12/2020,SAV,GA,ASO,ES,Combined TRACON& Tower with Radar,23,13,60,18,114,0,0,67,0,67,23,13,127,18,181,62,20,82,263
05/13/2020,SAV,GA,ASO,ES,Combined TRACON& Tower with Radar,25,15,41,23,104,0,2,41,6,49,25,17,82,29,153,77,32,109,262
05/14/2020,SAV,GA,ASO,ES,Combined TRACON& Tower with Radar,36,30,42,6,114,0,4,60,0,64,36,34,102,6,178,42,0,42,220
05/15/2020,SAV,GA,ASO,ES,Combined TRACON& Tower with Radar,32,30,44,24,130,0,0,57,3,60,32,30,101,27,190,29,2,31,221
05/16/2020,SAV,GA,ASO,ES,Combined TRACON& Tower with Radar,27,31,57,13,128,0,2,49,1,52,27,33,106,14,180,29,0,29,209
05/17/2020,SAV,GA,ASO,ES,Combined TRACON& Tower with Radar,32,15,52,4,103,0,0,17,0,17,32,15,69,4,120,42,0,42,162
05/18/2020,SAV,GA,ASO,ES,Combined TRACON& Tower with Radar,29,26,52,25,132,0,0,23,3,26,29,26,75,28,158,66,22,88,246
05/19/2020,SAV,GA,ASO,ES,Combined TRACON& Tower with Radar,21,37,47,22,127,0,2,34,13,49,21,39,81,35,176,66,50,116,292
05/20/2020,SAV,GA,ASO,ES,Combined TRACON& Tower with Radar,25,30,40,19,114,0,2,6,5,13,25,32,46,24,127,30,0,30,157
05/21/2020,SAV,GA,ASO,ES,Combined TRACON& Tower with Radar,36,40,49,13,138,0,0,18,0,18,36,40,67,13,156,36,0,36,192
05/22/2020,SAV,GA,ASO,ES,Combined TRACON& Tower with Radar,36,40,55,25,156,0,4,57,1,62,36,44,112,26,218,48,0,48,266
05/23/2020,SAV,GA,ASO,ES,Combined TRACON& Tower with Radar,25,23,29,2,79,0,1,47,0,48,25,24,76,2,127,36,0,36,163
05/24/2020,SAV,GA,ASO,ES,Combined TRACON& Tower with Radar,35,16,36,4,91,0,1,42,0,43,35,17,78,4,134,0,0,0,134
05/25/2020,SAV,GA,ASO,ES,Combined TRACON& Tower with Radar,32,16,32,8,88,0,0,5,1,6,32,16,37,9,94,6,8,14,108
05/26/2020,SAV,GA,ASO,ES,Combined TRACON& Tower with Radar,20,19,44,4,87,0,0,1,0,1,20,19,45,4,88,0,0,0,88
05/27/2020,SAV,GA,ASO,ES,Combined TRACON& Tower with Radar,24,32,66,17,139,0,0,4,7,11,24,32,70,24,150,0,0,0,150
05/28/2020,SAV,GA,ASO,ES,Combined TRACON& Tower with Radar,36,40,65,26,167,0,1,39,5,45,36,41,104,31,212,69,13,82,294
05/29/2020,SAV,GA,ASO,ES,Combined TRACON& Tower with Radar,34,32,49,18,133,0,2,30,0,32,34,34,79,18,165,87,8,95,260
05/30/2020,SAV,GA,ASO,ES,Combined TRACON& Tower with Radar,27,22,26,10,85,0,0,26,2,28,27,22,52,12,113,69,4,73,186
05/31/2020,SAV,GA,ASO,ES,Combined TRACON& Tower with Radar,43,22,63,4,132,0,0,68,4,72,43,22,131,8,204,34,4,38,242
06/01/2020,SAV,GA,ASO,ES,Combined TRACON& Tower with Radar,30,36,41,14,121,0,3,54,1,58,30,39,95,15,179,41,0,41,220
06/02/2020,SAV,GA,ASO,ES,Combined TRACON& Tower with Radar,18,34,58,23,133,0,1,71,5,77,18,35,129,28,210,49,0,49,259
06/03/2020,SAV,GA,ASO,ES,Combined TRACON& Tower with Radar,30,37,75,10,152,0,8,63,0,71,30,45,138,10,223,49,0,49,272
06/04/2020,SAV,GA,ASO,ES,Combined TRACON& Tower with Radar,44,31,48,7,130,0,0,30,2,32,44,31,78,9,162,14,10,24,186
06/05/2020,SAV,GA,ASO,ES,Combined TRACON& Tower with Radar,31,36,55,17,139,0,5,38,3,46,31,41,93,20,185,100,0,100,285
06/06/2020,SAV,GA,ASO,ES,Combined TRACON& Tower with Radar,34,14,40,10,98,0,0,52,4,56,34,14,92,14,154,65,14,79,233
06/07/2020,SAV,GA,ASO,ES,Combined TRACON& Tower with Radar,40,11,58,15,124,0,0,9,0,9,40,11,67,15,133,10,8,18,151
06/08/2020,SAV,GA,ASO,ES,Combined TRACON& Tower with Radar,31,34,54,15,134,0,2,25,0,27,31,36,79,15,161,6,0,6,167
06/09/2020,SAV,GA,ASO,ES,Combined TRACON& Tower with Radar,24,28,66,22,140,0,4,24,2,30,24,32,90,24,170,68,38,106,276
06/10/2020,SAV,GA,ASO,ES,Combined TRACON& Tower with Radar,30,24,63,8,125,0,5,47,2,54,30,29,110,10,179,64,0,64,243
06/11/2020,SAV,GA,ASO,ES,Combined TRACON& Tower with Radar,46,35,61,3,145,0,5,58,1,64,46,40,119,4,209,65,36,101,310
06/12/2020,SAV,GA,ASO,ES,Combined TRACON& Tower with Radar,34,33,70,9,146,0,1,18,0,19,34,34,88,9,165,28,0,28,193
06/13/2020,SAV,GA,ASO,ES,Combined TRACON& Tower with Radar,35,41,62,8,146,0,0,21,2,23,35,41,83,10,169,12,0,12,181
06/14/2020,SAV,GA,ASO,ES,Combined TRACON& Tower with Radar,42,30,51,9,132,0,0,43,0,43,42,30,94,9,175,32,0,32,207
06/15/2020,SAV,GA,ASO,ES,Combined TRACON& Tower with Radar,40,33,56,4,133,0,1,35,0,36,40,34,91,4,169,98,0,98,267
06/16/2020,SAV,GA,ASO,ES,Combined TRACON& Tower with Radar,25,55,85,17,182,0,3,28,3,34,25,58,113,20,216,69,20,89,305
06/17/2020,SAV,GA,ASO,ES,Combined TRACON& Tower with Radar,32,45,77,17,171,0,2,43,4,49,32,47,120,21,220,79,6,85,305
06/18/2020,SAV,GA,ASO,ES,Combined TRACON& Tower with Radar,43,50,75,23,191,0,0,59,1,60,43,50,134,24,251,70,28,98,349
06/19/2020,SAV,GA,ASO,ES,Combined TRACON& Tower with Radar,33,45,66,9,153,0,2,51,0,53,33,47,117,9,206,86,4,90,296
06/20/2020,SAV,GA,ASO,ES,Combined TRACON& Tower with Radar,39,16,48,2,105,0,0,58,0,58,39,16,106,2,163,6,0,6,169
06/21/2020,SAV,GA,ASO,ES,Combined TRACON& Tower with Radar,43,16,55,0,114,0,2,49,0,51,43,18,104,0,165,26,8,34,199
06/22/2020,SAV,GA,ASO,ES,Combined TRACON& Tower with Radar,37,29,47,19,132,0,8,61,2,71,37,37,108,21,203,34,6,40,243
06/23/2020,SAV,GA,ASO,ES,Combined TRACON& Tower with Radar,26,35,44,26,131,0,4,48,2,54,26,39,92,28,185,24,32,56,241
06/24/2020,SAV,GA,ASO,ES,Combined TRACON& Tower with Radar,33,40,65,11,149,0,4,55,6,65,33,44,120,17,214,13,0,13,227
06/25/2020,SAV,GA,ASO,ES,Combined TRACON& Tower with Radar,45,24,67,34,170,0,0,54,3,57,45,24,121,37,227,54,12,66,293
06/26/2020,SAV,GA,ASO,ES,Combined TRACON& Tower with Radar,33,43,79,7,162,0,6,65,2,73,33,49,144,9,235,33,1,34,269
06/27/2020,SAV,GA,ASO,ES,Combined TRACON& Tower with Radar,43,30,49,33,155,0,1,41,0,42,43,31,90,33,197,4,28,32,229
06/28/2020,SAV,GA,ASO,ES,Combined TRACON& Tower with Radar,46,18,35,7,106,0,0,37,1,38,46,18,72,8,144,25,11,36,180
06/29/2020,SAV,GA,ASO,ES,Combined TRACON& Tower with Radar,37,36,48,7,128,0,4,34,1,39,37,40,82,8,167,78,0,78,245
06/30/2020,SAV,GA,ASO,ES,Combined TRACON& Tower with Radar,28,34,56,14,132,0,2,53,2,57,28,36,109,16,189,75,0,75,264
07/01/2020,SAV,GA,ASO,ES,Combined TRACON& Tower with Radar,46,42,49,24,161,0,0,43,3,46,46,42,92,27,207,26,28,54,261
07/02/2020,SAV,GA,ASO,ES,Combined TRACON& Tower with Radar,58,26,56,0,140,0,0,46,0,46,58,26,102,0,186,55,0,55,241
07/03/2020,SAV,GA,ASO,ES,Combined TRACON& Tower with Radar,45,21,45,2,113,0,2,54,0,56,45,23,99,2,169,64,0,64,233
07/04/2020,SAV,GA,ASO,ES,Combined TRACON& Tower with Radar,50,13,12,4,79,0,0,19,0,19,50,13,31,4,98,0,0,0,98
07/05/2020,SAV,GA,ASO,ES,Combined TRACON& Tower with Radar,52,23,44,0,119,0,0,23,0,23,52,23,67,0,142,37,0,37,179
07/06/2020,SAV,GA,ASO,ES,Combined TRACON& Tower with Radar,42,28,49,0,119,0,0,22,0,22,42,28,71,0,141,0,0,0,141
07/07/2020,SAV,GA,ASO,ES,Combined TRACON& Tower with Radar,42,43,40,4,129,0,0,16,2,18,42,43,56,6,147,6,0,6,153
07/08/2020,SAV,GA,ASO,ES,Combined TRACON& Tower with Radar,48,39,64,7,158,0,1,22,1,24,48,40,86,8,182,56,0,56,238
07/09/2020,SAV,GA,ASO,ES,Combined TRACON& Tower with Radar,67,50,66,6,189,0,2,44,1,47,67,52,110,7,236,62,0,62,298
07/10/2020,SAV,GA,ASO,ES,Combined TRACON& Tower with Radar,54,25,71,9,159,0,5,62,2,69,54,30,133,11,228,95,0,95,323
07/11/2020,SAV,GA,ASO,ES,Combined TRACON& Tower with Radar,65,26,30,5,126,0,4,41,1,46,65,30,71,6,172,42,0,42,214
07/12/2020,SAV,GA,ASO,ES,Combined TRACON& Tower with Radar,66,26,41,8,141,0,1,55,3,59,66,27,96,11,200,52,0,52,252
07/13/2020,SAV,GA,ASO,ES,Combined TRACON& Tower with Radar,57,31,49,14,151,0,5,56,0,61,57,36,105,14,212,54,0,54,266
07/14/2020,SAV,GA,ASO,ES,Combined TRACON& Tower with Radar,42,39,65,4,150,0,2,70,1,73,42,41,135,5,223,72,2,74,297
07/15/2020,SAV,GA,ASO,ES,Combined TRACON& Tower with Radar,48,28,64,14,154,0,6,78,2,86,48,34,142,16,240,85,10,95,335
07/16/2020,SAV,GA,ASO,ES,Combined TRACON& Tower with Radar,65,36,68,3,172,0,4,53,1,58,65,40,121,4,230,70,0,70,300
07/17/2020,SAV,GA,ASO,ES,Combined TRACON& Tower with Radar,56,26,48,3,133,0,6,62,0,68,56,32,110,3,201,22,0,22,223
07/18/2020,SAV,GA,ASO,ES,Combined TRACON& Tower with Radar,65,19,49,4,137,0,2,57,2,61,65,21,106,6,198,50,0,50,248
07/19/2020,SAV,GA,ASO,ES,Combined TRACON& Tower with Radar,66,20,57,11,154,0,2,37,1,40,66,22,94,12,194,4,0,4,198
07/20/2020,SAV,GA,ASO,ES,Combined TRACON& Tower with Radar,67,32,52,2,153,0,8,54,0,62,67,40,106,2,215,36,0,36,251
07/21/2020,SAV,GA,ASO,ES,Combined TRACON& Tower with Radar,54,27,53,9,143,0,0,42,2,44,54,27,95,11,187,18,4,22,209
07/22/2020,SAV,GA,ASO,ES,Combined TRACON& Tower with Radar,46,23,59,6,134,0,5,45,2,52,46,28,104,8,186,81,0,81,267
07/23/2020,SAV,GA,ASO,ES,Combined TRACON& Tower with Radar,66,23,52,19,160,0,7,41,0,48,66,30,93,19,208,89,25,114,322
07/24/2020,SAV,GA,ASO,ES,Combined TRACON& Tower with Radar,58,22,45,3,128,0,4,39,2,45,58,26,84,5,173,60,0,60,233
07/25/2020,SAV,GA,ASO,ES,Combined TRACON& Tower with Radar,58,27,28,7,120,0,0,49,1,50,58,27,77,8,170,45,0,45,215
07/26/2020,SAV,GA,ASO,ES,Combined TRACON& Tower with Radar,64,39,49,10,162,0,2,58,0,60,64,41,107,10,222,23,4,27,249
07/27/2020,SAV,GA,ASO,ES,Combined TRACON& Tower with Radar,53,31,50,13,147,0,7,64,2,73,53,38,114,15,220,123,0,123,343
07/28/2020,SAV,GA,ASO,ES,Combined TRACON& Tower with Radar,42,39,58,27,166,0,5,60,4,69,42,44,118,31,235,42,6,48,283
07/29/2020,SAV,GA,ASO,ES,Combined TRACON& Tower with Radar,46,37,62,15,160,0,0,49,1,50,46,37,111,16,210,0,0,0,210
07/30/2020,SAV,GA,ASO,ES,Combined TRACON& Tower with Radar,63,30,71,7,171,0,2,25,1,28,63,32,96,8,199,34,0,34,233
07/31/2020,SAV,GA,ASO,ES,Combined TRACON& Tower with Radar,56,25,57,8,146,0,6,62,0,68,56,31,119,8,214,62,4,66,280
08/01/2020,SAV,GA,ASO,ES,Combined TRACON& Tower with Radar,70,22,59,15,166,0,2,71,0,73,70,24,130,15,239,67,0,67,306
08/02/2020,SAV,GA,ASO,ES,Combined TRACON& Tower with Radar,68,11,30,3,112,0,0,39,0,39,68,11,69,3,151,67,0,67,218
08/03/2020,SAV,GA,ASO,ES,Combined TRACON& Tower with Radar,66,15,24,0,105,0,0,3,0,3,66,15,27,0,108,3,0,3,111
08/04/2020,SAV,GA,ASO,ES,Combined TRACON& Tower with Radar,40,50,83,8,181,0,0,24,0,24,40,50,107,8,205,40,0,40,245
08/05/2020,SAV,GA,ASO,ES,Combined TRACON& Tower with Radar,56,36,60,19,171,0,2,58,6,66,56,38,118,25,237,44,12,56,293
08/06/2020,SAV,GA,ASO,ES,Combined TRACON& Tower with Radar,72,39,48,6,165,0,5,45,2,52,72,44,93,8,217,51,0,51,268
08/07/2020,SAV,GA,ASO,ES,Combined TRACON& Tower with Radar,61,30,61,10,162,0,4,51,1,56,61,34,112,11,218,92,0,92,310
08/08/2020,SAV,GA,ASO,ES,Combined TRACON& Tower with Radar,73,26,27,24,150,0,0,32,5,37,73,26,59,29,187,24,16,40,227
08/09/2020,SAV,GA,ASO,ES,Combined TRACON& Tower with Radar,72,17,38,5,132,0,0,34,6,40,72,17,72,11,172,3,0,3,175
08/10/2020,SAV,GA,ASO,ES,Combined TRACON& Tower with Radar,64,26,34,12,136,0,4,53,0,57,64,30,87,12,193,32,0,32,225
08/11/2020,SAV,GA,ASO,ES,Combined TRACON& Tower with Radar,46,26,63,2,137,0,4,52,8,64,46,30,115,10,201,62,0,62,263
08/12/2020,SAV,GA,ASO,ES,Combined TRACON& Tower with Radar,54,34,47,6,141,0,3,49,0,52,54,37,96,6,193,59,0,59,252
08/13/2020,SAV,GA,ASO,ES,Combined TRACON& Tower with Radar,76,36,47,22,181,0,2,42,8,52,76,38,89,30,233,64,0,64,297
08/14/2020,SAV,GA,ASO,ES,Combined TRACON& Tower with Radar,59,30,61,28,178,0,4,57,5,66,59,34,118,33,244,56,20,76,320
08/15/2020,SAV,GA,ASO,ES,Combined TRACON& Tower with Radar,70,16,39,3,128,0,1,29,4,34,70,17,68,7,162,18,0,18,180
08/16/2020,SAV,GA,ASO,ES,Combined TRACON& Tower with Radar,71,17,58,6,152,0,0,35,6,41,71,17,93,12,193,35,0,35,228
08/17/2020,SAV,GA,ASO,ES,Combined TRACON& Tower with Radar,56,36,48,25,165,0,2,63,7,72,56,38,111,32,237,52,20,72,309
08/18/2020,SAV,GA,ASO,ES,Combined TRACON& Tower with Radar,44,31,60,26,161,0,3,56,7,66,44,34,116,33,227,69,6,75,302
08/19/2020,SAV,GA,ASO,ES,Combined TRACON& Tower with Radar,44,47,51,27,169,0,13,54,9,76,44,60,105,36,245,133,10,143,388
08/20/2020,SAV,GA,ASO,ES,Combined TRACON& Tower with Radar,68,33,63,32,196,0,6,34,10,50,68,39,97,42,246,39,8,47,293
08/21/2020,SAV,GA,ASO,ES,Combined TRACON& Tower with Radar,57,32,44,19,152,0,7,42,9,58,57,39,86,28,210,64,14,78,288
08/22/2020,SAV,GA,ASO,ES,Combined TRACON& Tower with Radar,59,24,32,10,125,0,0,29,6,35,59,24,61,16,160,32,0,32,192
08/23/2020,SAV,GA,ASO,ES,Combined TRACON& Tower with Radar,67,13,39,5,124,0,0,11,1,12,67,13,50,6,136,28,0,28,164
08/24/2020,SAV,GA,ASO,ES,Combined TRACON& Tower with Radar,57,35,29,24,145,0,0,9,1,10,57,35,38,25,155,0,0,0,155
08/25/2020,SAV,GA,ASO,ES,Combined TRACON& Tower with Radar,43,30,56,37,166,0,3,27,4,34,43,33,83,41,200,16,4,20,220
08/26/2020,SAV,GA,ASO,ES,Combined TRACON& Tower with Radar,45,43,66,26,180,0,9,39,6,54,45,52,105,32,234,50,2,52,286
08/27/2020,SAV,GA,ASO,ES,Combined TRACON& Tower with Radar,64,45,54,34,197,0,6,57,4,67,64,51,111,38,264,33,0,33,297
08/28/2020,SAV,GA,ASO,ES,Combined TRACON& Tower with Radar,58,32,88,37,215,0,2,34,1,37,58,34,122,38,252,72,21,93,345
08/29/2020,SAV,GA,ASO,ES,Combined TRACON& Tower with Radar,57,12,33,5,107,0,2,31,2,35,57,14,64,7,142,0,0,0,142
08/30/2020,SAV,GA,ASO,ES,Combined TRACON& Tower with Radar,63,13,44,5,125,0,0,14,0,14,63,13,58,5,139,0,0,0,139
08/31/2020,SAV,GA,ASO,ES,Combined TRACON& Tower with Radar,57,30,61,5,153,0,3,42,9,54,57,33,103,14,207,48,0,48,255
09/01/2020,SAV,GA,ASO,ES,Combined TRACON& Tower with Radar,42,52,69,20,183,0,0,60,3,63,42,52,129,23,246,40,2,42,288
09/02/2020,SAV,GA,ASO,ES,Combined TRACON& Tower with Radar,41,46,76,5,168,0,5,54,1,60,41,51,130,6,228,91,0,91,319
09/03/2020,SAV,GA,ASO,ES,Combined TRACON& Tower with Radar,70,47,73,8,198,0,0,62,2,64,70,47,135,10,262,63,6,69,331
09/04/2020,SAV,GA,ASO,ES,Combined TRACON& Tower with Radar,63,27,94,0,184,0,8,73,0,81,63,35,167,0,265,20,0,20,285
09/05/2020,SAV,GA,ASO,ES,Combined TRACON& Tower with Radar,51,25,31,2,109,0,3,69,0,72,51,28,100,2,181,29,0,29,210
09/06/2020,SAV,GA,ASO,ES,Combined TRACON& Tower with Radar,55,12,41,0,108,0,0,28,0,28,55,12,69,0,136,28,0,28,164
09/07/2020,SAV,GA,ASO,ES,Combined TRACON& Tower with Radar,66,17,79,2,164,0,0,54,0,54,66,17,133,2,218,20,0,20,238
09/08/2020,SAV,GA,ASO,ES,Combined TRACON& Tower with Radar,40,20,68,6,134,0,0,60,2,62,40,20,128,8,196,43,10,53,249
09/09/2020,SAV,GA,ASO,ES,Combined TRACON& Tower with Radar,42,41,62,8,153,0,0,16,2,18,42,41,78,10,171,27,0,27,198
09/10/2020,SAV,GA,ASO,ES,Combined TRACON& Tower with Radar,65,34,58,20,177,0,0,19,4,23,65,34,77,24,200,35,0,35,235
09/11/2020,SAV,GA,ASO,ES,Combined TRACON& Tower with Radar,52,36,62,9,159,0,0,15,3,18,52,36,77,12,177,60,0,60,237
09/12/2020,SAV,GA,ASO,ES,Combined TRACON& Tower with Radar,51,17,39,18,125,0,0,22,4,26,51,17,61,22,151,12,6,18,169
09/13/2020,SAV,GA,ASO,ES,Combined TRACON& Tower with Radar,65,17,53,17,152,0,0,5,4,9,65,17,58,21,161,40,6,46,207
09/14/2020,SAV,GA,ASO,ES,Combined TRACON& Tower with Radar,53,26,63,28,170,0,2,69,6,77,53,28,132,34,247,45,6,51,298
09/15/2020,SAV,GA,ASO,ES,Combined TRACON& Tower with Radar,40,21,75,55,191,0,0,27,1,28,40,21,102,56,219,12,11,23,242
09/16/2020,SAV,GA,ASO,ES,Combined TRACON& Tower with Radar,42,28,41,61,172,0,0,4,2,6,42,28,45,63,178,0,0,0,178
09/17/2020,SAV,GA,ASO,ES,Combined TRACON& Tower with Radar,68,21,32,18,139,0,0,13,1,14,68,21,45,19,153,19,28,47,200
09/18/2020,SAV,GA,ASO,ES,Combined TRACON& Tower with Radar,56,40,81,39,216,0,0,17,1,18,56,40,98,40,234,24,0,24,258
09/19/2020,SAV,GA,ASO,ES,Combined TRACON& Tower with Radar,51,17,44,3,115,0,0,51,1,52,51,17,95,4,167,6,6,12,179
09/20/2020,SAV,GA,ASO,ES,Combined TRACON& Tower with Radar,64,30,57,1,152,0,0,48,0,48,64,30,105,1,200,47,0,47,247
09/21/2020,SAV,GA,ASO,ES,Combined TRACON& Tower with Radar,57,30,36,62,185,0,6,55,4,65,57,36,91,66,250,46,10,56,306
09/22/2020,SAV,GA,ASO,ES,Combined TRACON& Tower with Radar,40,41,70,41,192,0,4,80,9,93,40,45,150,50,285,74,14,88,373
09/23/2020,SAV,GA,ASO,ES,Combined TRACON& Tower with Radar,46,24,75,27,172,0,4,66,1,71,46,28,141,28,243,52,2,54,297
09/24/2020,SAV,GA,ASO,ES,Combined TRACON& Tower with Radar,66,52,65,16,199,0,1,78,2,81,66,53,143,18,280,84,6,90,370
09/25/2020,SAV,GA,ASO,ES,Combined TRACON& Tower with Radar,58,32,76,10,176,0,14,49,0,63,58,46,125,10,239,76,0,76,315
09/26/2020,SAV,GA,ASO,ES,Combined TRACON& Tower with Radar,55,14,54,6,129,0,1,36,0,37,55,15,90,6,166,41,0,41,207
09/27/2020,SAV,GA,ASO,ES,Combined TRACON& Tower with Radar,66,23,64,10,163,0,0,17,0,17,66,23,81,10,180,66,0,66,246
09/28/2020,SAV,GA,ASO,ES,Combined TRACON& Tower with Radar,57,30,77,0,164,0,2,9,0,11,57,32,86,0,175,33,0,33,208
09/29/2020,SAV,GA,ASO,ES,Combined TRACON& Tower with Radar,40,38,36,9,123,0,0,20,0,20,40,38,56,9,143,0,0,0,143
09/30/2020,SAV,GA,ASO,ES,Combined TRACON& Tower with Radar,42,33,89,21,185,0,3,87,2,92,42,36,176,23,277,28,0,28,305
10/01/2020,SAV,GA,ASO,ES,Combined TRACON& Tower with Radar,69,43,69,5,186,0,2,79,1,82,69,45,148,6,268,62,2,64,332
10/02/2020,SAV,GA,ASO,ES,Combined TRACON& Tower with Radar,65,31,59,27,182,0,6,86,4,96,65,37,145,31,278,48,2,50,328
10/03/2020,SAV,GA,ASO,ES,Combined TRACON& Tower with Radar,51,25,60,24,160,0,1,75,0,76,51,26,135,24,236,22,8,30,266
10/04/2020,SAV,GA,ASO,ES,Combined TRACON& Tower with Radar,70,37,71,19,197,0,0,45,2,47,70,37,116,21,244,14,0,14,258
10/05/2020,SAV,GA,ASO,ES,Combined TRACON& Tower with Radar,61,26,50,15,152,0,2,37,2,41,61,28,87,17,193,41,2,43,236
10/06/2020,SAV,GA,ASO,ES,Combined TRACON& Tower with Radar,41,40,71,11,163,0,2,25,0,27,41,42,96,11,190,83,2,85,275
10/07/2020,SAV,GA,ASO,ES,Combined TRACON& Tower with Radar,39,37,67,9,152,0,1,50,2,53,39,38,117,11,205,0,0,0,205
10/08/2020,SAV,GA,ASO,ES,Combined TRACON& Tower with Radar,75,41,79,23,218,0,3,63,4,70,75,44,142,27,288,48,4,52,340
10/09/2020,SAV,GA,ASO,ES,Combined TRACON& Tower with Radar,60,32,63,6,161,0,1,55,1,57,60,33,118,7,218,44,0,44,262
10/10/2020,SAV,GA,ASO,ES,Combined TRACON& Tower with Radar,57,23,33,0,113,0,0,21,2,23,57,23,54,2,136,45,0,45,181
10/11/2020,SAV,GA,ASO,ES,Combined TRACON& Tower with Radar,71,22,42,2,137,0,0,14,1,15,71,22,56,3,152,16,22,38,190
10/12/2020,SAV,GA,ASO,ES,Combined TRACON& Tower with Radar,66,28,88,1,183,0,4,36,0,40,66,32,124,1,223,76,0,76,299
10/13/2020,SAV,GA,ASO,ES,Combined TRACON& Tower with Radar,38,33,58,19,148,0,5,68,2,75,38,38,126,21,223,110,8,118,341
10/14/2020,SAV,GA,ASO,ES,Combined TRACON& Tower with Radar,41,40,75,11,167,0,4,62,1,67,41,44,137,12,234,26,6,32,266
10/15/2020,SAV,GA,ASO,ES,Combined TRACON& Tower with Radar,73,29,72,11,185,0,2,56,3,61,73,31,128,14,246,45,24,69,315
10/16/2020,SAV,GA,ASO,ES,Combined TRACON& Tower with Radar,60,29,86,34,209,0,5,83,2,90,60,34,169,36,299,54,12,66,365
10/17/2020,SAV,GA,ASO,ES,Combined TRACON& Tower with Radar,49,17,50,12,128,0,1,56,8,65,49,18,106,20,193,24,0,24,217
10/18/2020,SAV,GA,ASO,ES,Combined TRACON& Tower with Radar,72,27,71,16,186,0,2,61,0,63,72,29,132,16,249,54,2,56,305
10/19/2020,SAV,GA,ASO,ES,Combined TRACON& Tower with Radar,63,28,88,13,192,0,4,60,6,70,63,32,148,19,262,18,4,22,284
10/20/2020,SAV,GA,ASO,ES,Combined TRACON& Tower with Radar,38,20,78,17,153,0,1,26,3,30,38,21,104,20,183,39,18,57,240
10/21/2020,SAV,GA,ASO,ES,Combined TRACON& Tower with Radar,43,50,67,20,180,0,0,24,3,27,43,50,91,23,207,29,0,29,236
10/22/2020,SAV,GA,ASO,ES,Combined TRACON& Tower with Radar,73,25,81,15,194,0,0,47,2,49,73,25,128,17,243,52,0,52,295
10/23/2020,SAV,GA,ASO,ES,Combined TRACON& Tower with Radar,60,32,91,11,194,0,1,26,1,28,60,33,117,12,222,12,0,12,234
10/24/2020,SAV,GA,ASO,ES,Combined TRACON& Tower with Radar,45,17,40,15,117,0,0,48,4,52,45,17,88,19,169,35,4,39,208
10/25/2020,SAV,GA,ASO,ES,Combined TRACON& Tower with Radar,66,34,79,7,186,0,0,28,0,28,66,34,107,7,214,0,0,0,214
10/26/2020,SAV,GA,ASO,ES,Combined TRACON& Tower with Radar,60,41,82,4,187,0,0,11,0,11,60,41,93,4,198,0,0,0,198
10/27/2020,SAV,GA,ASO,ES,Combined TRACON& Tower with Radar,36,34,55,23,148,0,2,49,6,57,36,36,104,29,205,37,0,37,242
10/28/2020,SAV,GA,ASO,ES,Combined TRACON& Tower with Radar,40,24,63,16,143,0,10,65,4,79,40,34,128,20,222,84,4,88,310
10/29/2020,SAV,GA,ASO,ES,Combined TRACON& Tower with Radar,70,38,67,9,184,0,1,6,1,8,70,39,73,10,192,9,4,13,205
10/30/2020,SAV,GA,ASO,ES,Combined TRACON& Tower with Radar,53,46,62,35,196,0,2,92,4,98,53,48,154,39,294,54,2,56,350
10/31/2020,SAV,GA,ASO,ES,Combined TRACON& Tower with Radar,34,26,37,12,109,0,4,45,1,50,34,30,82,13,159,4,2,6,165
11/01/2020,SAV,GA,ASO,ES,Combined TRACON& Tower with Radar,61,20,63,7,151,0,0,24,0,24,61,20,87,7,175,48,0,48,223
11/02/2020,SAV,GA,ASO,ES,Combined TRACON& Tower with Radar,55,20,63,6,144,0,2,56,1,59,55,22,119,7,203,99,0,99,302
11/03/2020,SAV,GA,ASO,ES,Combined TRACON& Tower with Radar,36,22,41,23,122,0,12,77,3,92,36,34,118,26,214,31,26,57,271
11/04/2020,SAV,GA,ASO,ES,Combined TRACON& Tower with Radar,39,49,55,24,167,0,1,70,0,71,39,50,125,24,238,62,14,76,314
11/05/2020,SAV,GA,ASO,ES,Combined TRACON& Tower with Radar,70,39,79,37,225,0,6,65,13,84,70,45,144,50,309,38,16,54,363
11/06/2020,SAV,GA,ASO,ES,Combined TRACON& Tower with Radar,67,39,81,14,201,0,3,49,4,56,67,42,130,18,257,62,8,70,327
11/07/2020,SAV,GA,ASO,ES,Combined TRACON& Tower with Radar,53,25,32,6,116,0,0,33,2,35,53,25,65,8,151,20,4,24,175
11/08/2020,SAV,GA,ASO,ES,Combined TRACON& Tower with Radar,74,26,75,12,187,0,0,7,0,7,74,26,82,12,194,0,0,0,194
11/09/2020,SAV,GA,ASO,ES,Combined TRACON& Tower with Radar,66,55,50,13,184,0,4,27,0,31,66,59,77,13,215,6,8,14,229
11/10/2020,SAV,GA,ASO,ES,Combined TRACON& Tower with Radar,41,41,65,27,174,0,0,6,0,6,41,41,71,27,180,0,0,0,180
11/11/2020,SAV,GA,ASO,ES,Combined TRACON& Tower with Radar,46,62,67,11,186,0,0,8,2,10,46,62,75,13,196,36,0,36,232
11/12/2020,SAV,GA,ASO,ES,Combined TRACON& Tower with Radar,74,35,51,12,172,0,0,5,0,5,74,35,56,12,177,0,0,0,177
11/13/2020,SAV,GA,ASO,ES,Combined TRACON& Tower with Radar,65,46,74,13,198,0,4,46,0,50,65,50,120,13,248,62,0,62,310
11/14/2020,SAV,GA,ASO,ES,Combined TRACON& Tower with Radar,58,30,55,11,154,0,8,89,0,97,58,38,144,11,251,66,0,66,317
11/15/2020,SAV,GA,ASO,ES,Combined TRACON& Tower with Radar,75,42,61,19,197,0,1,48,1,50,75,43,109,20,247,52,0,52,299
11/16/2020,SAV,GA,ASO,ES,Combined TRACON& Tower with Radar,63,39,49,19,170,0,2,62,0,64,63,41,111,19,234,20,0,20,254
11/17/2020,SAV,GA,ASO,ES,Combined TRACON& Tower with Radar,37,35,78,22,172,0,5,60,9,74,37,40,138,31,246,24,0,24,270
11/18/2020,SAV,GA,ASO,ES,Combined TRACON& Tower with Radar,40,50,84,17,191,0,3,66,6,75,40,53,150,23,266,28,18,46,312
11/19/2020,SAV,GA,ASO,ES,Combined TRACON& Tower with Radar,68,47,78,51,244,0,5,55,11,71,68,52,133,62,315,90,12,102,417
11/20/2020,SAV,GA,ASO,ES,Combined TRACON& Tower with Radar,76,46,76,35,233,0,2,80,2,84,76,48,156,37,317,56,7,63,380
11/21/2020,SAV,GA,ASO,ES,Combined TRACON& Tower with Radar,63,35,54,26,178,0,0,89,3,92,63,35,143,29,270,38,17,55,325
11/22/2020,SAV,GA,ASO,ES,Combined TRACON& Tower with Radar,66,28,69,21,184,0,2,9,0,11,66,30,78,21,195,6,16,22,217
11/23/2020,SAV,GA,ASO,ES,Combined TRACON& Tower with Radar,59,36,51,11,157,0,2,55,1,58,59,38,106,12,215,52,12,64,279
11/24/2020,SAV,GA,ASO,ES,Combined TRACON& Tower with Radar,70,51,74,24,219,0,5,60,3,68,70,56,134,27,287,44,28,72,359
11/25/2020,SAV,GA,ASO,ES,Combined TRACON& Tower with Radar,74,37,65,9,185,0,3,56,1,60,74,40,121,10,245,93,10,103,348
11/26/2020,SAV,GA,ASO,ES,Combined TRACON& Tower with Radar,28,8,12,0,48,0,0,17,0,17,28,8,29,0,65,10,0,10,75
11/27/2020,SAV,GA,ASO,ES,Combined TRACON& Tower with Radar,48,21,31,2,102,0,2,40,0,42,48,23,71,2,144,39,0,39,183
11/28/2020,SAV,GA,ASO,ES,Combined TRACON& Tower with Radar,79,29,48,6,162,0,0,0,0,0,79,29,48,6,162,0,0,0,162
11/29/2020,SAV,GA,ASO,ES,Combined TRACON& Tower with Radar,75,38,79,5,197,0,0,10,0,10,75,38,89,5,207,53,0,53,260
11/30/2020,SAV,GA,ASO,ES,Combined TRACON& Tower with Radar,71,50,61,13,195,0,2,28,0,30,71,52,89,13,225,46,18,64,289
12/01/2020,SAV,GA,ASO,ES,Combined TRACON& Tower with Radar,49,38,67,16,170,0,3,47,2,52,49,41,114,18,222,34,10,44,266
12/02/2020,SAV,GA,ASO,ES,Combined TRACON& Tower with Radar,41,49,56,21,167,0,4,60,5,69,41,53,116,26,236,98,22,120,356
12/03/2020,SAV,GA,ASO,ES,Combined TRACON& Tower with Radar,68,56,69,27,220,0,10,63,5,78,68,66,132,32,298,74,10,84,382
12/04/2020,SAV,GA,ASO,ES,Combined TRACON& Tower with Radar,61,32,72,12,177,0,6,50,1,57,61,38,122,13,234,73,4,77,311
12/05/2020,SAV,GA,ASO,ES,Combined TRACON& Tower with Radar,50,22,53,2,127,0,4,78,0,82,50,26,131,2,209,47,0,47,256
12/06/2020,SAV,GA,ASO,ES,Combined TRACON& Tower with Radar,64,40,58,0,162,0,0,83,0,83,64,40,141,0,245,46,0,46,291
12/07/2020,SAV,GA,ASO,ES,Combined TRACON& Tower with Radar,63,35,61,47,206,0,0,45,7,52,63,35,106,54,258,26,26,52,310
12/08/2020,SAV,GA,ASO,ES,Combined TRACON& Tower with Radar,44,33,48,23,148,0,7,49,12,68,44,40,97,35,216,74,18,92,308
12/09/2020,SAV,GA,ASO,ES,Combined TRACON& Tower with Radar,42,46,67,27,182,0,3,69,9,81,42,49,136,36,263,92,11,103,366
12/10/2020,SAV,GA,ASO,ES,Combined TRACON& Tower with Radar,67,53,85,20,225,0,6,70,7,83,67,59,155,27,308,98,20,118,426
12/11/2020,SAV,GA,ASO,ES,Combined TRACON& Tower with Radar,64,54,77,36,231,0,4,66,11,81,64,58,143,47,312,85,21,106,418
12/12/2020,SAV,GA,ASO,ES,Combined TRACON& Tower with Radar,45,31,62,23,161,0,0,62,11,73,45,31,124,34,234,57,32,89,323
12/13/2020,SAV,GA,ASO,ES,Combined TRACON& Tower with Radar,70,29,60,15,174,0,0,37,3,40,70,29,97,18,214,24,0,24,238
12/14/2020,SAV,GA,ASO,ES,Combined TRACON& Tower with Radar,66,33,55,15,169,0,3,17,8,28,66,36,72,23,197,0,0,0,197
12/15/2020,SAV,GA,ASO,ES,Combined TRACON& Tower with Radar,41,40,83,13,177,0,5,31,0,36,41,45,114,13,213,0,0,0,213
12/16/2020,SAV,GA,ASO,ES,Combined TRACON& Tower with Radar,41,30,52,6,129,0,0,0,0,0,41,30,52,6,129,0,0,0,129
12/17/2020,SAV,GA,ASO,ES,Combined TRACON& Tower with Radar,59,28,84,24,195,0,2,17,1,20,59,30,101,25,215,49,0,49,264
12/18/2020,SAV,GA,ASO,ES,Combined TRACON& Tower with Radar,65,44,82,39,230,1,3,54,5,63,66,47,136,44,293,50,10,60,353
12/19/2020,SAV,GA,ASO,ES,Combined TRACON& Tower with Radar,72,23,55,12,162,0,0,64,6,70,72,23,119,18,232,150,8,158,390
12/20/2020,SAV,GA,ASO,ES,Combined TRACON& Tower with Radar,64,21,43,1,129,0,0,2,0,2,64,21,45,1,131,0,0,0,131
12/21/2020,SAV,GA,ASO,ES,Combined TRACON& Tower with Radar,68,34,64,12,178,0,0,45,2,47,68,34,109,14,225,36,0,36,261
12/22/2020,SAV,GA,ASO,ES,Combined TRACON& Tower with Radar,64,38,68,9,179,0,2,85,4,91,64,40,153,13,270,87,16,103,373
12/23/2020,SAV,GA,ASO,ES,Combined TRACON& Tower with Radar,72,41,68,0,181,0,0,68,0,68,72,41,136,0,249,42,0,42,291
12/24/2020,SAV,GA,ASO,ES,Combined TRACON& Tower with Radar,54,29,14,7,104,0,0,2,0,2,54,29,16,7,106,0,4,4,110
12/25/2020,SAV,GA,ASO,ES,Combined TRACON& Tower with Radar,29,6,12,6,53,0,0,7,0,7,29,6,19,6,60,0,4,4,64
12/26/2020,SAV,GA,ASO,ES,Combined TRACON& Tower with Radar,66,32,59,6,163,0,2,33,0,35,66,34,92,6,198,60,0,60,258
12/27/2020,SAV,GA,ASO,ES,Combined TRACON& Tower with Radar,68,20,50,9,147,0,0,41,2,43,68,20,91,11,190,44,16,60,250
12/28/2020,SAV,GA,ASO,ES,Combined TRACON& Tower with Radar,68,35,69,8,180,0,0,58,1,59,68,35,127,9,239,28,0,28,267
12/29/2020,SAV,GA,ASO,ES,Combined TRACON& Tower with Radar,66,22,53,12,153,0,0,84,1,85,66,22,137,13,238,121,6,127,365
12/30/2020,SAV,GA,ASO,ES,Combined TRACON& Tower with Radar,68,21,70,8,167,0,1,31,0,32,68,22,101,8,199,44,0,44,243
12/31/2020,SAV,GA,ASO,ES,Combined TRACON& Tower with Radar,44,24,40,2,110,0,0,5,0,5,44,24,45,2,115,0,0,0,115
01/01/2021,SAV,GA,ASO,ES,Combined TRACON& Tower with Radar,38,13,29,0,80,0,0,7,0,7,38,13,36,0,87,12,0,12,99
01/02/2021,SAV,GA,ASO,ES,Combined TRACON& Tower with Radar,76,19,79,3,177,0,0,0,0,0,76,19,79,3,177,0,0,0,177
01/03/2021,SAV,GA,ASO,ES,Combined TRACON& Tower with Radar,74,27,86,1,188,0,0,44,2,46,74,27,130,3,234,33,0,33,267
01/04/2021,SAV,GA,ASO,ES,Combined TRACON& Tower with Radar,62,22,67,9,160,0,1,68,3,72,62,23,135,12,232,70,18,88,320
01/05/2021,SAV,GA,ASO,ES,Combined TRACON& Tower with Radar,44,21,54,19,138,0,3,73,2,78,44,24,127,21,216,53,20,73,289
01/06/2021,SAV,GA,ASO,ES,Combined TRACON& Tower with Radar,40,22,48,12,122,0,4,81,5,90,40,26,129,17,212,112,14,126,338
01/07/2021,SAV,GA,ASO,ES,Combined TRACON& Tower with Radar,56,33,60,5,154,0,1,51,1,53,56,34,111,6,207,21,0,21,228
01/08/2021,SAV,GA,ASO,ES,Combined TRACON& Tower with Radar,50,26,48,6,130,0,0,1,0,1,50,26,49,6,131,0,0,0,131
01/09/2021,SAV,GA,ASO,ES,Combined TRACON& Tower with Radar,35,46,40,8,129,0,0,50,4,54,35,46,90,12,183,82,10,92,275
01/10/2021,SAV,GA,ASO,ES,Combined TRACON& Tower with Radar,54,29,53,16,152,0,1,69,6,76,54,30,122,22,228,102,12,114,342
01/11/2021,SAV,GA,ASO,ES,Combined TRACON& Tower with Radar,49,28,48,12,137,0,4,44,0,48,49,32,92,12,185,46,4,50,235
01/12/2021,SAV,GA,ASO,ES,Combined TRACON& Tower with Radar,40,17,52,18,127,0,0,3,4,7,40,17,55,22,134,71,28,99,233
01/13/2021,SAV,GA,ASO,ES,Combined TRACON& Tower with Radar,40,29,78,24,171,0,0,18,2,20,40,29,96,26,191,78,2,80,271
01/14/2021,SAV,GA,ASO,ES,Combined TRACON& Tower with Radar,59,36,73,19,187,0,11,88,7,106,59,47,161,26,293,37,12,49,342
01/15/2021,SAV,GA,ASO,ES,Combined TRACON& Tower with Radar,53,27,56,12,148,0,0,23,0,23,53,27,79,12,171,22,8,30,201
01/16/2021,SAV,GA,ASO,ES,Combined TRACON& Tower with Radar,34,39,29,5,107,0,0,49,3,52,34,39,78,8,159,20,0,20,179
01/17/2021,SAV,GA,ASO,ES,Combined TRACON& Tower with Radar,52,20,53,4,129,0,0,79,0,79,52,20,132,4,208,76,0,76,284
01/18/2021,SAV,GA,ASO,ES,Combined TRACON& Tower with Radar,49,44,61,0,154,0,4,65,2,71,49,48,126,2,225,78,0,78,303
01/19/2021,SAV,GA,ASO,ES,Combined TRACON& Tower with Radar,42,45,59,10,156,0,11,78,4,93,42,56,137,14,249,113,4,117,366
01/20/2021,SAV,GA,ASO,ES,Combined TRACON& Tower with Radar,40,33,62,6,141,0,2,60,1,63,40,35,122,7,204,62,0,62,266
01/21/2021,SAV,GA,ASO,ES,Combined TRACON& Tower with Radar,58,30,59,14,161,0,8,44,3,55,58,38,103,17,216,54,8,62,278
01/22/2021,SAV,GA,ASO,ES,Combined TRACON& Tower with Radar,50,39,57,6,152,0,0,0,0,0,50,39,57,6,152,0,0,0,152
01/23/2021,SAV,GA,ASO,ES,Combined TRACON& Tower with Radar,35,20,49,18,122,0,2,66,6,74,35,22,115,24,196,101,14,115,311
01/24/2021,SAV,GA,ASO,ES,Combined TRACON& Tower with Radar,56,26,64,18,164,0,0,53,2,55,56,26,117,20,219,20,2,22,241
01/25/2021,SAV,GA,ASO,ES,Combined TRACON& Tower with Radar,48,40,72,19,179,0,5,37,4,46,48,45,109,23,225,0,0,0,225
01/26/2021,SAV,GA,ASO,ES,Combined TRACON& Tower with Radar,41,58,50,11,160,0,0,57,14,71,41,58,107,25,231,0,0,0,231
01/27/2021,SAV,GA,ASO,ES,Combined TRACON& Tower with Radar,41,32,56,4,133,0,0,2,1,3,41,32,58,5,136,0,0,0,136
01/28/2021,SAV,GA,ASO,ES,Combined TRACON& Tower with Radar,49,47,67,21,184,0,2,46,1,49,49,49,113,22,233,18,4,22,255
01/29/2021,SAV,GA,ASO,ES,Combined TRACON& Tower with Radar,49,30,69,29,177,0,3,88,2,93,49,33,157,31,270,62,4,66,336
01/30/2021,SAV,GA,ASO,ES,Combined TRACON& Tower with Radar,36,28,74,1,139,0,1,75,1,77,36,29,149,2,216,51,0,51,267
01/31/2021,SAV,GA,ASO,ES,Combined TRACON& Tower with Radar,53,19,48,4,124,0,0,6,1,7,53,19,54,5,131,12,0,12,143
02/01/2021,SAV,GA,ASO,ES,Combined TRACON& Tower with Radar,43,41,48,11,143,0,0,27,9,36,43,41,75,20,179,0,0,0,179
02/02/2021,SAV,GA,ASO,ES,Combined TRACON& Tower with Radar,40,35,51,21,147,0,3,55,5,63,40,38,106,26,210,0,0,0,210
02/03/2021,SAV,GA,ASO,ES,Combined TRACON& Tower with Radar,42,41,52,14,149,0,7,119,13,139,42,48,171,27,288,0,0,0,288
02/04/2021,SAV,GA,ASO,ES,Combined TRACON& Tower with Radar,58,33,69,12,172,0,0,78,5,83,58,33,147,17,255,24,38,62,317
02/05/2021,SAV,GA,ASO,ES,Combined TRACON& Tower with Radar,52,25,64,6,147,0,0,7,0,7,52,25,71,6,154,26,0,26,180
02/06/2021,SAV,GA,ASO,ES,Combined TRACON& Tower with Radar,37,18,52,6,113,0,0,11,0,11,37,18,63,6,124,42,8,50,174
02/07/2021,SAV,GA,ASO,ES,Combined TRACON& Tower with Radar,50,30,54,10,144,0,2,14,1,17,50,32,68,11,161,46,0,46,207
02/08/2021,SAV,GA,ASO,ES,Combined TRACON& Tower with Radar,51,32,79,34,196,0,0,92,8,100,51,32,171,42,296,0,0,0,296
02/09/2021,SAV,GA,ASO,ES,Combined TRACON& Tower with Radar,44,45,55,8,152,0,0,1,0,1,44,45,56,8,153,0,0,0,153
02/10/2021,SAV,GA,ASO,ES,Combined TRACON& Tower with Radar,39,42,69,14,164,0,0,1,1,2,39,42,70,15,166,0,0,0,166
02/11/2021,SAV,GA,ASO,ES,Combined TRACON& Tower with Radar,57,37,30,4,128,0,0,2,0,2,57,37,32,4,130,0,0,0,130
02/12/2021,SAV,GA,ASO,ES,Combined TRACON& Tower with Radar,74,44,69,10,197,0,0,0,0,0,74,44,69,10,197,0,0,0,197
02/13/2021,SAV,GA,ASO,ES,Combined TRACON& Tower with Radar,47,27,31,6,111,0,0,0,0,0,47,27,31,6,111,0,0,0,111
02/14/2021,SAV,GA,ASO,ES,Combined TRACON& Tower with Radar,55,16,28,8,107,0,0,0,0,0,55,16,28,8,107,0,0,0,107
02/15/2021,SAV,GA,ASO,ES,Combined TRACON& Tower with Radar,60,27,40,8,135,0,0,0,0,0,60,27,40,8,135,0,0,0,135
02/16/2021,SAV,GA,ASO,ES,Combined TRACON& Tower with Radar,38,42,69,13,162,0,0,83,6,89,38,42,152,19,251,123,4,127,378
02/17/2021,SAV,GA,ASO,ES,Combined TRACON& Tower with Radar,33,43,79,8,163,0,1,66,3,70,33,44,145,11,233,70,2,72,305
02/18/2021,SAV,GA,ASO,ES,Combined TRACON& Tower with Radar,55,34,41,3,133,0,0,0,0,0,55,34,41,3,133,0,0,0,133
02/19/2021,SAV,GA,ASO,ES,Combined TRACON& Tower with Radar,60,48,96,14,218,0,0,4,2,6,60,48,100,16,224,12,0,12,236
02/20/2021,SAV,GA,ASO,ES,Combined TRACON& Tower with Radar,42,36,66,4,148,0,0,110,0,110,42,36,176,4,258,45,0,45,303
02/21/2021,SAV,GA,ASO,ES,Combined TRACON& Tower with Radar,68,24,73,8,173,0,2,101,12,115,68,26,174,20,288,2,0,2,290
02/22/2021,SAV,GA,ASO,ES,Combined TRACON& Tower with Radar,62,28,48,20,158,0,0,28,2,30,62,28,76,22,188,37,0,37,225
02/23/2021,SAV,GA,ASO,ES,Combined TRACON& Tower with Radar,44,35,69,16,164,0,2,87,5,94,44,37,156,21,258,74,18,92,350
02/24/2021,SAV,GA,ASO,ES,Combined TRACON& Tower with Radar,45,35,70,19,169,0,7,92,7,106,45,42,162,26,275,33,2,35,310
02/25/2021,SAV,GA,ASO,ES,Combined TRACON& Tower with Radar,69,30,88,18,205,0,1,108,7,116,69,31,196,25,321,50,8,58,379
02/26/2021,SAV,GA,ASO,ES,Combined TRACON& Tower with Radar,66,35,81,62,244,0,1,79,6,86,66,36,160,68,330,88,0,88,418
02/27/2021,SAV,GA,ASO,ES,Combined TRACON& Tower with Radar,42,23,66,12,143,0,0,85,1,86,42,23,151,13,229,34,8,42,271
02/28/2021,SAV,GA,ASO,ES,Combined TRACON& Tower with Radar,73,24,78,24,199,0,0,36,2,38,73,24,114,26,237,44,0,44,281
03/01/2021,SAV,GA,ASO,ES,Combined TRACON& Tower with Radar,63,36,57,10,166,0,1,27,0,28,63,37,84,10,194,36,0,36,230
03/02/2021,SAV,GA,ASO,ES,Combined TRACON& Tower with Radar,51,27,53,6,137,0,1,10,1,12,51,28,63,7,149,82,8,90,239
03/03/2021,SAV,GA,ASO,ES,Combined TRACON& Tower with Radar,50,37,77,29,193,0,2,22,0,24,50,39,99,29,217,10,6,16,233
03/04/2021,SAV,GA,ASO,ES,Combined TRACON& Tower with Radar,87,46,87,14,234,0,6,96,7,109,87,52,183,21,343,60,17,77,420
03/05/2021,SAV,GA,ASO,ES,Combined TRACON& Tower with Radar,87,32,117,10,246,0,15,106,3,124,87,47,223,13,370,69,2,71,441
03/06/2021,SAV,GA,ASO,ES,Combined TRACON& Tower with Radar,68,21,44,6,139,0,0,71,4,75,68,21,115,10,214,100,4,104,318
03/07/2021,SAV,GA,ASO,ES,Combined TRACON& Tower with Radar,80,33,99,10,222,0,0,88,7,95,80,33,187,17,317,10,8,18,335
03/08/2021,SAV,GA,ASO,ES,Combined TRACON& Tower with Radar,83,46,60,23,212,0,0,83,5,88,83,46,143,28,300,69,0,69,369
03/09/2021,SAV,GA,ASO,ES,Combined TRACON& Tower with Radar,61,38,53,19,171,0,8,89,3,100,61,46,142,22,271,63,4,67,338
03/10/2021,SAV,GA,ASO,ES,Combined TRACON& Tower with Radar,58,42,70,11,181,0,6,103,4,113,58,48,173,15,294,148,0,148,442
03/11/2021,SAV,GA,ASO,ES,Combined TRACON& Tower with Radar,102,46,82,6,236,0,5,75,4,84,102,51,157,10,320,93,0,93,413
03/12/2021,SAV,GA,ASO,ES,Combined TRACON& Tower with Radar,95,48,117,41,301,0,1,114,10,125,95,49,231,51,426,47,7,54,480
03/13/2021,SAV,GA,ASO,ES,Combined TRACON& Tower with Radar,83,22,55,12,172,0,3,99,2,104,83,25,154,14,276,78,4,82,358
03/14/2021,SAV,GA,ASO,ES,Combined TRACON& Tower with Radar,99,33,74,12,218,0,0,62,6,68,99,33,136,18,286,54,4,58,344
03/15/2021,SAV,GA,ASO,ES,Combined TRACON& Tower with Radar,93,36,72,3,204,0,3,59,1,63,93,39,131,4,267,0,0,0,267
03/16/2021,SAV,GA,ASO,ES,Combined TRACON& Tower with Radar,78,62,82,24,246,0,4,65,7,76,78,66,147,31,322,38,0,38,360
03/17/2021,SAV,GA,ASO,ES,Combined TRACON& Tower with Radar,67,37,77,19,200,0,0,4,0,4,67,37,81,19,204,0,0,0,204
03/18/2021,SAV,GA,ASO,ES,Combined TRACON& Tower with Radar,100,40,47,4,191,0,0,9,0,9,100,40,56,4,200,4,0,4,204
03/19/2021,SAV,GA,ASO,ES,Combined TRACON& Tower with Radar,97,56,112,16,281,0,5,82,1,88,97,61,194,17,369,56,4,60,429
03/20/2021,SAV,GA,ASO,ES,Combined TRACON& Tower with Radar,86,26,69,12,193,0,0,55,1,56,86,26,124,13,249,96,0,96,345
03/21/2021,SAV,GA,ASO,ES,Combined TRACON& Tower with Radar,96,30,52,7,185,1,0,2,0,3,97,30,54,7,188,0,0,0,188
03/22/2021,SAV,GA,ASO,ES,Combined TRACON& Tower with Radar,96,35,67,9,207,0,5,68,1,74,96,40,135,10,281,72,10,82,363
03/23/2021,SAV,GA,ASO,ES,Combined TRACON& Tower with Radar,76,38,102,25,241,0,2,71,0,73,76,40,173,25,314,90,2,92,406
03/24/2021,SAV,GA,ASO,ES,Combined TRACON& Tower with Radar,71,56,78,48,253,0,1,76,2,79,71,57,154,50,332,82,2,84,416
03/25/2021,SAV,GA,ASO,ES,Combined TRACON& Tower with Radar,100,43,89,20,252,0,0,56,4,60,100,43,145,24,312,6,18,24,336
03/26/2021,SAV,GA,ASO,ES,Combined TRACON& Tower with Radar,98,48,81,9,236,0,0,58,0,58,98,48,139,9,294,32,0,32,326
03/27/2021,SAV,GA,ASO,ES,Combined TRACON& Tower with Radar,85,36,83,7,211,0,0,68,0,68,85,36,151,7,279,111,2,113,392
03/28/2021,SAV,GA,ASO,ES,Combined TRACON& Tower with Radar,98,32,70,8,208,0,0,33,0,33,98,32,103,8,241,24,0,24,265
03/29/2021,SAV,GA,ASO,ES,Combined TRACON& Tower with Radar,97,29,74,7,207,0,1,73,6,80,97,30,147,13,287,61,0,61,348
03/30/2021,SAV,GA,ASO,ES,Combined TRACON& Tower with Radar,83,45,76,15,219,0,2,45,4,51,83,47,121,19,270,86,10,96,366
03/31/2021,SAV,GA,ASO,ES,Combined TRACON& Tower with Radar,73,42,72,28,215,0,3,37,2,42,73,45,109,30,257,84,10,94,351
04/01/2021,SAV,GA,ASO,ES,Combined TRACON& Tower with Radar,108,40,89,33,270,0,8,32,5,45,108,48,121,38,315,84,20,104,419
04/02/2021,SAV,GA,ASO,ES,Combined TRACON& Tower with Radar,97,33,97,10,237,0,2,97,2,101,97,35,194,12,338,168,0,168,506
04/03/2021,SAV,GA,ASO,ES,Combined TRACON& Tower with Radar,87,29,54,10,180,0,5,83,0,88,87,34,137,10,268,79,0,79,347
04/04/2021,SAV,GA,ASO,ES,Combined TRACON& Tower with Radar,102,23,51,9,185,0,2,66,1,69,102,25,117,10,254,34,6,40,294
04/05/2021,SAV,GA,ASO,ES,Combined TRACON& Tower with Radar,99,34,83,11,227,0,6,87,0,93,99,40,170,11,320,145,16,161,481
04/06/2021,SAV,GA,ASO,ES,Combined TRACON& Tower with Radar,83,30,64,12,189,0,0,72,1,73,83,30,136,13,262,51,0,51,313
04/07/2021,SAV,GA,ASO,ES,Combined TRACON& Tower with Radar,81,43,68,15,207,0,1,82,2,85,81,44,150,17,292,83,2,85,377
04/08/2021,SAV,GA,ASO,ES,Combined TRACON& Tower with Radar,110,50,90,24,274,0,5,93,5,103,110,55,183,29,377,8,50,58,435
04/09/2021,SAV,GA,ASO,ES,Combined TRACON& Tower with Radar,98,45,56,15,214,0,1,51,4,56,98,46,107,19,270,111,0,111,381
04/10/2021,SAV,GA,ASO,ES,Combined TRACON& Tower with Radar,89,35,52,38,214,0,0,40,8,48,89,35,92,46,262,55,8,63,325
04/11/2021,SAV,GA,ASO,ES,Combined TRACON& Tower with Radar,114,38,91,5,248,0,0,36,5,41,114,38,127,10,289,58,6,64,353
04/12/2021,SAV,GA,ASO,ES,Combined TRACON& Tower with Radar,101,55,83,42,281,0,2,76,2,80,101,57,159,44,361,8,0,8,369
04/13/2021,SAV,GA,ASO,ES,Combined TRACON& Tower with Radar,77,43,76,63,259,0,1,85,2,88,77,44,161,65,347,0,2,2,349
04/14/2021,SAV,GA,ASO,ES,Combined TRACON& Tower with Radar,81,46,75,39,241,0,5,80,5,90,81,51,155,44,331,12,4,16,347
04/15/2021,SAV,GA,ASO,ES,Combined TRACON& Tower with Radar,108,49,68,39,264,0,1,49,1,51,108,50,117,40,315,2,0,2,317
04/16/2021,SAV,GA,ASO,ES,Combined TRACON& Tower with Radar,100,42,83,39,264,0,8,96,8,112,100,50,179,47,376,46,0,46,422
04/17/2021,SAV,GA,ASO,ES,Combined TRACON& Tower with Radar,93,39,48,8,188,0,0,38,5,43,93,39,86,13,231,68,0,68,299
04/18/2021,SAV,GA,ASO,ES,Combined TRACON& Tower with Radar,105,28,98,10,241,1,1,45,7,54,106,29,143,17,295,8,2,10,305
04/19/2021,SAV,GA,ASO,ES,Combined TRACON& Tower with Radar,98,49,58,35,240,0,6,68,3,77,98,55,126,38,317,33,0,33,350
04/20/2021,SAV,GA,ASO,ES,Combined TRACON& Tower with Radar,75,31,61,47,214,0,4,64,3,71,75,35,125,50,285,10,4,14,299
04/21/2021,SAV,GA,ASO,ES,Combined TRACON& Tower with Radar,84,31,83,43,241,0,1,66,4,71,84,32,149,47,312,16,4,20,332
04/22/2021,SAV,GA,ASO,ES,Combined TRACON& Tower with Radar,109,40,94,32,275,0,5,84,7,96,109,45,178,39,371,82,22,104,475
04/23/2021,SAV,GA,ASO,ES,Combined TRACON& Tower with Radar,100,45,76,39,260,0,0,122,13,135,100,45,198,52,395,16,3,19,414
04/24/2021,SAV,GA,ASO,ES,Combined TRACON& Tower with Radar,94,19,32,11,156,0,0,7,0,7,94,19,39,11,163,22,0,22,185
04/25/2021,SAV,GA,ASO,ES,Combined TRACON& Tower with Radar,106,40,100,23,269,0,0,54,4,58,106,40,154,27,327,48,4,52,379
04/26/2021,SAV,GA,ASO,ES,Combined TRACON& Tower with Radar,98,43,87,6,234,0,3,72,6,81,98,46,159,12,315,58,0,58,373
04/27/2021,SAV,GA,ASO,ES,Combined TRACON& Tower with Radar,76,38,74,14,202,0,0,87,3,90,76,38,161,17,292,70,4,74,366
04/28/2021,SAV,GA,ASO,ES,Combined TRACON& Tower with Radar,77,36,95,17,225,0,4,94,2,100,77,40,189,19,325,81,6,87,412
04/29/2021,SAV,GA,ASO,ES,Combined TRACON& Tower with Radar,104,51,78,8,241,0,3,77,3,83,104,54,155,11,324,24,12,36,360
04/30/2021,SAV,GA,ASO,ES,Combined TRACON& Tower with Radar,98,47,87,22,254,0,6,58,5,69,98,53,145,27,323,56,28,84,407
05/01/2021,SAV,GA,ASO,ES,Combined TRACON& Tower with Radar,89,29,51,8,177,0,1,81,1,83,89,30,132,9,260,2,0,2,262
05/02/2021,SAV,GA,ASO,ES,Combined TRACON& Tower with Radar,105,31,66,11,213,0,1,47,3,51,105,32,113,14,264,24,0,24,288
05/03/2021,SAV,GA,ASO,ES,Combined TRACON& Tower with Radar,97,44,61,25,227,0,0,46,2,48,97,44,107,27,275,42,25,67,342
05/04/2021,SAV,GA,ASO,ES,Combined TRACON& Tower with Radar,87,31,70,10,198,0,2,36,4,42,87,33,106,14,240,28,6,34,274
05/05/2021,SAV,GA,ASO,ES,Combined TRACON& Tower with Radar,79,35,61,12,187,0,0,60,1,61,79,35,121,13,248,14,4,18,266
05/06/2021,SAV,GA,ASO,ES,Combined TRACON& Tower with Radar,114,44,109,10,277,0,0,85,6,91,114,44,194,16,368,49,17,66,434
05/07/2021,SAV,GA,ASO,ES,Combined TRACON& Tower with Radar,103,57,72,17,249,0,3,53,3,59,103,60,125,20,308,4,0,4,312
05/08/2021,SAV,GA,ASO,ES,Combined TRACON& Tower with Radar,103,27,50,10,190,0,3,86,0,89,103,30,136,10,279,38,0,38,317
05/09/2021,SAV,GA,ASO,ES,Combined TRACON& Tower with Radar,114,37,56,10,217,0,0,56,2,58,114,37,112,12,275,36,4,40,315
05/10/2021,SAV,GA,ASO,ES,Combined TRACON& Tower with Radar,107,44,59,27,237,0,0,55,0,55,107,44,114,27,292,62,0,62,354
05/11/2021,SAV,GA,ASO,ES,Combined TRACON& Tower with Radar,80,35,61,14,190,0,2,80,2,84,80,37,141,16,274,62,24,86,360
05/12/2021,SAV,GA,ASO,ES,Combined TRACON& Tower with Radar,79,40,61,24,204,0,0,1,1,2,79,40,62,25,206,0,0,0,206
05/13/2021,SAV,GA,ASO,ES,Combined TRACON& Tower with Radar,116,48,100,4,268,0,6,59,0,65,116,54,159,4,333,53,0,53,386
05/14/2021,SAV,GA,ASO,ES,Combined TRACON& Tower with Radar,107,30,94,10,241,0,5,89,3,97,107,35,183,13,338,0,0,0,338
05/15/2021,SAV,GA,ASO,ES,Combined TRACON& Tower with Radar,106,31,57,12,206,0,0,77,15,92,106,31,134,27,298,66,0,66,364
05/16/2021,SAV,GA,ASO,ES,Combined TRACON& Tower with Radar,110,40,91,16,257,0,0,65,3,68,110,40,156,19,325,32,14,46,371
05/17/2021,SAV,GA,ASO,ES,Combined TRACON& Tower with Radar,107,35,72,17,231,0,2,78,4,84,107,37,150,21,315,25,12,37,352
05/18/2021,SAV,GA,ASO,ES,Combined TRACON& Tower with Radar,84,44,69,26,223,0,4,64,2,70,84,48,133,28,293,45,0,45,338
05/19/2021,SAV,GA,ASO,ES,Combined TRACON& Tower with Radar,85,37,85,22,229,0,0,38,7,45,85,37,123,29,274,76,24,100,374
05/20/2021,SAV,GA,ASO,ES,Combined TRACON& Tower with Radar,116,55,81,17,269,0,0,66,8,74,116,55,147,25,343,39,7,46,389
05/21/2021,SAV,GA,ASO,ES,Combined TRACON& Tower with Radar,109,45,88,10,252,0,2,77,9,88,109,47,165,19,340,38,0,38,378
05/22/2021,SAV,GA,ASO,ES,Combined TRACON& Tower with Radar,109,23,65,6,203,0,2,74,2,78,109,25,139,8,281,80,0,80,361
05/23/2021,SAV,GA,ASO,ES,Combined TRACON& Tower with Radar,113,39,74,14,240,0,3,72,4,79,113,42,146,18,319,38,0,38,357
05/24/2021,SAV,GA,ASO,ES,Combined TRACON& Tower with Radar,104,35,67,7,213,0,6,91,2,99,104,41,158,9,312,88,0,88,400
05/25/2021,SAV,GA,ASO,ES,Combined TRACON& Tower with Radar,84,30,61,5,180,0,1,91,3,95,84,31,152,8,275,110,2,112,387
05/26/2021,SAV,GA,ASO,ES,Combined TRACON& Tower with Radar,99,36,79,6,220,0,10,96,2,108,99,46,175,8,328,49,2,51,379
05/27/2021,SAV,GA,ASO,ES,Combined TRACON& Tower with Radar,121,44,103,9,277,0,6,69,3,78,121,50,172,12,355,30,22,52,407
05/28/2021,SAV,GA,ASO,ES,Combined TRACON& Tower with Radar,121,44,91,7,263,0,0,86,1,87,121,44,177,8,350,46,2,48,398
05/29/2021,SAV,GA,ASO,ES,Combined TRACON& Tower with Radar,127,21,52,9,209,0,0,30,3,33,127,21,82,12,242,46,0,46,288
05/30/2021,SAV,GA,ASO,ES,Combined TRACON& Tower with Radar,115,33,36,12,196,0,1,28,4,33,115,34,64,16,229,26,0,26,255
05/31/2021,SAV,GA,ASO,ES,Combined TRACON& Tower with Radar,112,42,54,2,210,0,2,65,0,67,112,44,119,2,277,13,0,13,290
06/01/2021,SAV,GA,ASO,ES,Combined TRACON& Tower with Radar,87,38,75,7,207,0,3,59,3,65,87,41,134,10,272,104,0,104,376
06/02/2021,SAV,GA,ASO,ES,Combined TRACON& Tower with Radar,96,43,71,18,228,0,0,29,8,37,96,43,100,26,265,32,0,32,297
06/03/2021,SAV,GA,ASO,ES,Combined TRACON& Tower with Radar,116,46,61,12,235,0,0,10,0,10,116,46,71,12,245,12,0,12,257
06/04/2021,SAV,GA,ASO,ES,Combined TRACON& Tower with Radar,118,54,49,10,231,0,1,32,0,33,118,55,81,10,264,29,0,29,293
06/05/2021,SAV,GA,ASO,ES,Combined TRACON& Tower with Radar,130,24,40,1,195,0,0,40,0,40,130,24,80,1,235,21,0,21,256
06/06/2021,SAV,GA,ASO,ES,Combined TRACON& Tower with Radar,131,42,50,14,237,0,0,15,4,19,131,42,65,18,256,24,0,24,280
06/07/2021,SAV,GA,ASO,ES,Combined TRACON& Tower with Radar,121,32,58,17,228,0,0,20,1,21,121,32,78,18,249,10,0,10,259
06/08/2021,SAV,GA,ASO,ES,Combined TRACON& Tower with Radar,111,30,69,34,244,0,1,65,16,82,111,31,134,50,326,58,20,78,404
06/09/2021,SAV,GA,ASO,ES,Combined TRACON& Tower with Radar,114,45,70,31,260,0,6,66,4,76,114,51,136,35,336,26,0,26,362
06/10/2021,SAV,GA,ASO,ES,Combined TRACON& Tower with Radar,130,35,84,15,264,0,6,94,5,105,130,41,178,20,369,33,14,47,416
06/11/2021,SAV,GA,ASO,ES,Combined TRACON& Tower with Radar,127,52,79,30,288,0,5,76,7,88,127,57,155,37,376,10,0,10,386
06/12/2021,SAV,GA,ASO,ES,Combined TRACON& Tower with Radar,136,32,47,1,216,0,0,32,1,33,136,32,79,2,249,16,0,16,265
06/13/2021,SAV,GA,ASO,ES,Combined TRACON& Tower with Radar,129,45,80,6,260,0,0,3,0,3,129,45,83,6,263,4,0,4,267
06/14/2021,SAV,GA,ASO,ES,Combined TRACON& Tower with Radar,124,47,80,15,266,0,4,55,2,61,124,51,135,17,327,102,0,102,429
06/15/2021,SAV,GA,ASO,ES,Combined TRACON& Tower with Radar,111,39,71,9,230,0,0,88,0,88,111,39,159,9,318,44,0,44,362
06/16/2021,SAV,GA,ASO,ES,Combined TRACON& Tower with Radar,119,44,51,22,236,0,2,84,2,88,119,46,135,24,324,23,0,23,347
06/17/2021,SAV,GA,ASO,ES,Combined TRACON& Tower with Radar,132,38,86,16,272,0,4,80,1,85,132,42,166,17,357,81,2,83,440
06/18/2021,SAV,GA,ASO,ES,Combined TRACON& Tower with Radar,128,45,78,8,259,0,3,90,0,93,128,48,168,8,352,128,0,128,480
06/19/2021,SAV,GA,ASO,ES,Combined TRACON& Tower with Radar,139,26,58,8,231,0,0,59,3,62,139,26,117,11,293,12,0,12,305
06/20/2021,SAV,GA,ASO,ES,Combined TRACON& Tower with Radar,135,25,55,9,224,0,0,3,0,3,135,25,58,9,227,4,0,4,231
06/21/2021,SAV,GA,ASO,ES,Combined TRACON& Tower with Radar,122,28,79,1,230,0,4,49,1,54,122,32,128,2,284,14,0,14,298
06/22/2021,SAV,GA,ASO,ES,Combined TRACON& Tower with Radar,114,24,65,7,210,0,0,6,1,7,114,24,71,8,217,8,9,17,234
06/23/2021,SAV,GA,ASO,ES,Combined TRACON& Tower with Radar,122,37,93,22,274,0,6,66,1,73,122,43,159,23,347,50,6,56,403
06/24/2021,SAV,GA,ASO,ES,Combined TRACON& Tower with Radar,127,51,81,13,272,0,2,68,6,76,127,53,149,19,348,114,6,120,468
06/25/2021,SAV,GA,ASO,ES,Combined TRACON& Tower with Radar,137,38,74,15,264,0,4,92,2,98,137,42,166,17,362,37,0,37,399
06/26/2021,SAV,GA,ASO,ES,Combined TRACON& Tower with Radar,141,31,63,10,245,0,0,34,0,34,141,31,97,10,279,40,2,42,321
06/27/2021,SAV,GA,ASO,ES,Combined TRACON& Tower with Radar,135,32,94,18,279,0,0,61,3,64,135,32,155,21,343,14,12,26,369
06/28/2021,SAV,GA,ASO,ES,Combined TRACON& Tower with Radar,124,39,40,2,205,0,3,14,0,17,124,42,54,2,222,24,0,24,246
06/29/2021,SAV,GA,ASO,ES,Combined TRACON& Tower with Radar,110,47,80,10,247,0,13,60,5,78,110,60,140,15,325,76,4,80,405
06/30/2021,SAV,GA,ASO,ES,Combined TRACON& Tower with Radar,118,50,79,16,263,0,1,45,6,52,118,51,124,22,315,80,0,80,395
07/01/2021,SAV,GA,ASO,ES,Combined TRACON& Tower with Radar,124,48,90,12,274,0,2,37,0,39,124,50,127,12,313,136,6,142,455
07/02/2021,SAV,GA,ASO,ES,Combined TRACON& Tower with Radar,130,27,74,14,245,0,0,19,1,20,130,27,93,15,265,32,0,32,297
07/03/2021,SAV,GA,ASO,ES,Combined TRACON& Tower with Radar,142,18,69,8,237,0,0,13,0,13,142,18,82,8,250,28,0,28,278
07/04/2021,SAV,GA,ASO,ES,Combined TRACON& Tower with Radar,125,17,13,8,163,0,0,26,2,28,125,17,39,10,191,88,0,88,279
07/05/2021,SAV,GA,ASO,ES,Combined TRACON& Tower with Radar,127,17,61,0,205,0,0,46,0,46,127,17,107,0,251,90,0,90,341
07/06/2021,SAV,GA,ASO,ES,Combined TRACON& Tower with Radar,119,43,59,9,230,0,4,41,0,45,119,47,100,9,275,120,0,120,395
07/07/2021,SAV,GA,ASO,ES,Combined TRACON& Tower with Radar,125,27,28,0,180,0,1,4,0,5,125,28,32,0,185,0,0,0,185
07/08/2021,SAV,GA,ASO,ES,Combined TRACON& Tower with Radar,135,36,43,9,223,0,1,17,3,21,135,37,60,12,244,55,0,55,299
07/09/2021,SAV,GA,ASO,ES,Combined TRACON& Tower with Radar,124,38,71,4,237,0,0,64,2,66,124,38,135,6,303,34,0,34,337
07/10/2021,SAV,GA,ASO,ES,Combined TRACON& Tower with Radar,143,27,48,2,220,0,0,66,0,66,143,27,114,2,286,19,0,19,305
07/11/2021,SAV,GA,ASO,ES,Combined TRACON& Tower with Radar,129,36,50,1,216,0,0,44,2,46,129,36,94,3,262,51,0,51,313
07/12/2021,SAV,GA,ASO,ES,Combined TRACON& Tower with Radar,120,32,60,15,227,0,12,56,3,71,120,44,116,18,298,12,0,12,310
07/13/2021,SAV,GA,ASO,ES,Combined TRACON& Tower with Radar,119,34,82,11,246,0,0,54,5,59,119,34,136,16,305,46,8,54,359
07/14/2021,SAV,GA,ASO,ES,Combined TRACON& Tower with Radar,123,36,66,9,234,0,2,65,6,73,123,38,131,15,307,108,8,116,423
07/15/2021,SAV,GA,ASO,ES,Combined TRACON& Tower with Radar,131,37,68,6,242,0,5,77,2,84,131,42,145,8,326,70,0,70,396
07/16/2021,SAV,GA,ASO,ES,Combined TRACON& Tower with Radar,129,39,45,8,221,0,6,76,5,87,129,45,121,13,308,66,0,66,374
07/17/2021,SAV,GA,ASO,ES,Combined TRACON& Tower with Radar,143,21,51,2,217,0,2,59,2,63,143,23,110,4,280,20,0,20,300
07/18/2021,SAV,GA,ASO,ES,Combined TRACON& Tower with Radar,133,24,52,5,214,0,1,34,5,40,133,25,86,10,254,24,0,24,278
07/19/2021,SAV,GA,ASO,ES,Combined TRACON& Tower with Radar,125,25,48,6,204,0,4,41,2,47,125,29,89,8,251,2,0,2,253
07/20/2021,SAV,GA,ASO,ES,Combined TRACON& Tower with Radar,122,36,72,14,244,0,2,10,3,15,122,38,82,17,259,0,0,0,259
07/21/2021,SAV,GA,ASO,ES,Combined TRACON& Tower with Radar,123,44,86,10,263,0,1,56,1,58,123,45,142,11,321,100,0,100,421
07/22/2021,SAV,GA,ASO,ES,Combined TRACON& Tower with Radar,134,38,65,4,241,0,2,36,1,39,134,40,101,5,280,33,0,33,313
07/23/2021,SAV,GA,ASO,ES,Combined TRACON& Tower with Radar,129,37,85,11,262,0,0,133,5,138,129,37,218,16,400,0,0,0,400
07/24/2021,SAV,GA,ASO,ES,Combined TRACON& Tower with Radar,148,22,63,7,240,0,0,99,1,100,148,22,162,8,340,0,0,0,340
07/25/2021,SAV,GA,ASO,ES,Combined TRACON& Tower with Radar,128,28,41,5,202,0,6,107,2,115,128,34,148,7,317,0,0,0,317
07/26/2021,SAV,GA,ASO,ES,Combined TRACON& Tower with Radar,130,23,49,15,217,0,0,56,0,56,130,23,105,15,273,0,0,0,273
07/27/2021,SAV,GA,ASO,ES,Combined TRACON& Tower with Radar,130,26,63,6,225,0,0,14,1,15,130,26,77,7,240,0,0,0,240
07/28/2021,SAV,GA,ASO,ES,Combined TRACON& Tower with Radar,126,29,69,10,234,0,1,93,0,94,126,30,162,10,328,0,0,0,328
07/29/2021,SAV,GA,ASO,ES,Combined TRACON& Tower with Radar,129,37,80,6,252,0,0,78,3,81,129,37,158,9,333,0,0,0,333
07/30/2021,SAV,GA,ASO,ES,Combined TRACON& Tower with Radar,130,37,51,9,227,0,2,72,2,76,130,39,123,11,303,0,0,0,303
07/31/2021,SAV,GA,ASO,ES,Combined TRACON& Tower with Radar,145,24,42,10,221,0,0,67,0,67,145,24,109,10,288,0,0,0,288
08/01/2021,SAV,GA,ASO,ES,Combined TRACON& Tower with Radar,133,36,78,8,255,0,0,57,1,58,133,36,135,9,313,0,0,0,313
08/02/2021,SAV,GA,ASO,ES,Combined TRACON& Tower with Radar,126,21,47,4,198,0,0,54,3,57,126,21,101,7,255,0,0,0,255
08/03/2021,SAV,GA,ASO,ES,Combined TRACON& Tower with Radar,110,37,95,3,245,0,0,20,3,23,110,37,115,6,268,0,0,0,268
08/04/2021,SAV,GA,ASO,ES,Combined TRACON& Tower with Radar,117,33,68,17,235,0,1,48,16,65,117,34,116,33,300,0,0,0,300
08/05/2021,SAV,GA,ASO,ES,Combined TRACON& Tower with Radar,125,61,85,13,284,0,0,19,10,29,125,61,104,23,313,0,0,0,313
08/06/2021,SAV,GA,ASO,ES,Combined TRACON& Tower with Radar,123,25,68,10,226,0,2,91,1,94,123,27,159,11,320,0,0,0,320
08/07/2021,SAV,GA,ASO,ES,Combined TRACON& Tower with Radar,136,20,63,4,223,0,0,53,0,53,136,20,116,4,276,0,0,0,276
08/08/2021,SAV,GA,ASO,ES,Combined TRACON& Tower with Radar,131,31,71,6,239,0,2,80,24,106,131,33,151,30,345,0,0,0,345
08/09/2021,SAV,GA,ASO,ES,Combined TRACON& Tower with Radar,117,30,67,1,215,0,2,144,1,147,117,32,211,2,362,0,0,0,362
08/10/2021,SAV,GA,ASO,ES,Combined TRACON& Tower with Radar,105,39,59,4,207,0,7,133,7,147,105,46,192,11,354,0,0,0,354
08/11/2021,SAV,GA,ASO,ES,Combined TRACON& Tower with Radar,112,31,49,14,206,0,0,175,2,177,112,31,224,16,383,0,0,0,383
08/12/2021,SAV,GA,ASO,ES,Combined TRACON& Tower with Radar,118,41,56,13,228,0,11,187,5,203,118,52,243,18,431,0,0,0,431
08/13/2021,SAV,GA,ASO,ES,Combined TRACON& Tower with Radar,113,39,69,9,230,0,2,128,20,150,113,41,197,29,380,0,0,0,380
08/14/2021,SAV,GA,ASO,ES,Combined TRACON& Tower with Radar,126,18,57,3,204,0,0,69,2,71,126,18,126,5,275,0,0,0,275
08/15/2021,SAV,GA,ASO,ES,Combined TRACON& Tower with Radar,125,27,45,2,199,0,0,34,1,35,125,27,79,3,234,0,0,0,234
08/16/2021,SAV,GA,ASO,ES,Combined TRACON& Tower with Radar,123,29,36,5,193,0,0,39,1,40,123,29,75,6,233,0,0,0,233
08/17/2021,SAV,GA,ASO,ES,Combined TRACON& Tower with Radar,94,19,46,9,168,0,0,44,3,47,94,19,90,12,215,0,0,0,215
08/18/2021,SAV,GA,ASO,ES,Combined TRACON& Tower with Radar,99,28,79,7,213,0,3,84,2,89,99,31,163,9,302,0,0,0,302
08/19/2021,SAV,GA,ASO,ES,Combined TRACON& Tower with Radar,124,27,69,2,222,0,3,165,7,175,124,30,234,9,397,0,0,0,397
08/20/2021,SAV,GA,ASO,ES,Combined TRACON& Tower with Radar,111,29,75,11,226,0,6,90,0,96,111,35,165,11,322,0,0,0,322
08/21/2021,SAV,GA,ASO,ES,Combined TRACON& Tower with Radar,113,37,46,7,203,0,0,120,0,120,113,37,166,7,323,0,0,0,323
08/22/2021,SAV,GA,ASO,ES,Combined TRACON& Tower with Radar,118,29,52,4,203,0,0,27,0,27,118,29,79,4,230,0,0,0,230
08/23/2021,SAV,GA,ASO,ES,Combined TRACON& Tower with Radar,110,35,50,9,204,0,2,62,1,65,110,37,112,10,269,0,0,0,269
08/24/2021,SAV,GA,ASO,ES,Combined TRACON& Tower with Radar,97,40,62,8,207,0,1,58,10,69,97,41,120,18,276,0,0,0,276
08/25/2021,SAV,GA,ASO,ES,Combined TRACON& Tower with Radar,102,42,66,14,224,0,0,72,0,72,102,42,138,14,296,0,0,0,296
08/26/2021,SAV,GA,ASO,ES,Combined TRACON& Tower with Radar,119,49,69,15,252,0,0,103,1,104,119,49,172,16,356,0,0,0,356
08/27/2021,SAV,GA,ASO,ES,Combined TRACON& Tower with Radar,110,35,77,5,227,0,1,118,2,121,110,36,195,7,348,0,0,0,348
08/28/2021,SAV,GA,ASO,ES,Combined TRACON& Tower with Radar,110,20,36,13,179,0,0,50,1,51,110,20,86,14,230,0,0,0,230
08/29/2021,SAV,GA,ASO,ES,Combined TRACON& Tower with Radar,126,22,60,2,210,0,0,81,2,83,126,22,141,4,293,0,0,0,293
08/30/2021,SAV,GA,ASO,ES,Combined TRACON& Tower with Radar,108,23,48,6,185,0,8,43,0,51,108,31,91,6,236,0,0,0,236
08/31/2021,SAV,GA,ASO,ES,Combined TRACON& Tower with Radar,96,31,34,8,169,0,5,111,2,118,96,36,145,10,287,0,0,0,287
09/01/2021,SAV,GA,ASO,ES,Combined TRACON& Tower with Radar,91,20,79,12,202,0,3,123,4,130,91,23,202,16,332,0,0,0,332
09/02/2021,SAV,GA,ASO,ES,Combined TRACON& Tower with Radar,115,52,79,3,249,0,1,151,10,162,115,53,230,13,411,0,0,0,411
09/03/2021,SAV,GA,ASO,ES,Combined TRACON& Tower with Radar,119,32,72,2,225,0,11,84,0,95,119,43,156,2,320,0,0,0,320
09/04/2021,SAV,GA,ASO,ES,Combined TRACON& Tower with Radar,106,25,55,2,188,0,2,81,0,83,106,27,136,2,271,0,0,0,271
09/05/2021,SAV,GA,ASO,ES,Combined TRACON& Tower with Radar,111,15,43,0,169,0,0,47,0,47,111,15,90,0,216,0,0,0,216
09/06/2021,SAV,GA,ASO,ES,Combined TRACON& Tower with Radar,110,25,59,0,194,0,0,78,0,78,110,25,137,0,272,0,0,0,272
09/07/2021,SAV,GA,ASO,ES,Combined TRACON& Tower with Radar,95,34,66,7,202,0,3,107,3,113,95,37,173,10,315,0,0,0,315
09/08/2021,SAV,GA,ASO,ES,Combined TRACON& Tower with Radar,90,31,60,4,185,0,2,56,17,75,90,33,116,21,260,0,0,0,260
09/09/2021,SAV,GA,ASO,ES,Combined TRACON& Tower with Radar,107,41,65,9,222,0,1,45,11,57,107,42,110,20,279,0,0,0,279
09/10/2021,SAV,GA,ASO,ES,Combined TRACON& Tower with Radar,100,41,82,37,260,0,0,66,15,81,100,41,148,52,341,0,0,0,341
09/11/2021,SAV,GA,ASO,ES,Combined TRACON& Tower with Radar,96,24,46,11,177,0,0,89,29,118,96,24,135,40,295,0,0,0,295
09/12/2021,SAV,GA,ASO,ES,Combined TRACON& Tower with Radar,110,39,67,11,227,0,2,101,1,104,110,41,168,12,331,0,0,0,331
09/13/2021,SAV,GA,ASO,ES,Combined TRACON& Tower with Radar,101,39,57,9,206,0,8,71,4,83,101,47,128,13,289,0,0,0,289
09/14/2021,SAV,GA,ASO,ES,Combined TRACON& Tower with Radar,91,42,51,23,207,0,0,72,16,88,91,42,123,39,295,0,0,0,295
09/15/2021,SAV,GA,ASO,ES,Combined TRACON& Tower with Radar,90,26,86,5,207,0,0,48,11,59,90,26,134,16,266,22,0,22,288
09/16/2021,SAV,GA,ASO,ES,Combined TRACON& Tower with Radar,110,45,61,5,221,0,2,8,1,11,110,47,69,6,232,4,0,4,236
09/17/2021,SAV,GA,ASO,ES,Combined TRACON& Tower with Radar,109,50,93,3,255,0,2,43,0,45,109,52,136,3,300,2,28,30,330
09/18/2021,SAV,GA,ASO,ES,Combined TRACON& Tower with Radar,101,21,40,2,164,0,0,37,0,37,101,21,77,2,201,14,0,14,215
09/19/2021,SAV,GA,ASO,ES,Combined TRACON& Tower with Radar,117,21,63,0,201,0,2,31,0,33,117,23,94,0,234,0,0,0,234
09/20/2021,SAV,GA,ASO,ES,Combined TRACON& Tower with Radar,101,20,40,1,162,0,0,1,0,1,101,20,41,1,163,0,0,0,163
09/21/2021,SAV,GA,ASO,ES,Combined TRACON& Tower with Radar,97,32,54,4,187,0,0,13,3,16,97,32,67,7,203,30,2,32,235
09/22/2021,SAV,GA,ASO,ES,Combined TRACON& Tower with Radar,91,46,54,11,202,0,0,34,0,34,91,46,88,11,236,38,0,38,274
09/23/2021,SAV,GA,ASO,ES,Combined TRACON& Tower with Radar,100,36,72,1,209,0,3,102,0,105,100,39,174,1,314,12,0,12,326
09/24/2021,SAV,GA,ASO,ES,Combined TRACON& Tower with Radar,101,30,76,1,208,0,3,106,0,109,101,33,182,1,317,22,0,22,339
09/25/2021,SAV,GA,ASO,ES,Combined TRACON& Tower with Radar,95,26,57,0,178,0,2,69,0,71,95,28,126,0,249,16,0,16,265
09/26/2021,SAV,GA,ASO,ES,Combined TRACON& Tower with Radar,116,17,71,1,205,0,0,81,0,81,116,17,152,1,286,0,0,0,286
09/27/2021,SAV,GA,ASO,ES,Combined TRACON& Tower with Radar,101,38,65,0,204,0,3,63,0,66,101,41,128,0,270,10,0,10,280
09/28/2021,SAV,GA,ASO,ES,Combined TRACON& Tower with Radar,94,34,66,0,194,0,0,83,0,83,94,34,149,0,277,76,0,76,353
09/29/2021,SAV,GA,ASO,ES,Combined TRACON& Tower with Radar,93,29,58,8,188,0,7,77,2,86,93,36,135,10,274,76,0,76,350
09/30/2021,SAV,GA,ASO,ES,Combined TRACON& Tower with Radar,114,44,80,11,249,0,3,79,3,85,114,47,159,14,334,18,20,38,372
10/01/2021,SAV,GA,ASO,ES,Combined TRACON& Tower with Radar,108,43,110,26,287,0,2,90,1,93,108,45,200,27,380,35,0,35,415
10/02/2021,SAV,GA,ASO,ES,Combined TRACON& Tower with Radar,105,12,49,10,176,0,2,75,4,81,105,14,124,14,257,30,14,44,301
10/03/2021,SAV,GA,ASO,ES,Combined TRACON& Tower with Radar,117,51,78,8,254,0,0,44,0,44,117,51,122,8,298,6,0,6,304
10/04/2021,SAV,GA,ASO,ES,Combined TRACON& Tower with Radar,102,41,103,14,260,0,1,61,1,63,102,42,164,15,323,58,0,58,381
10/05/2021,SAV,GA,ASO,ES,Combined TRACON& Tower with Radar,99,34,74,13,220,0,3,47,3,53,99,37,121,16,273,12,0,12,285
10/06/2021,SAV,GA,ASO,ES,Combined TRACON& Tower with Radar,98,31,75,22,226,0,0,17,2,19,98,31,92,24,245,58,28,86,331
10/07/2021,SAV,GA,ASO,ES,Combined TRACON& Tower with Radar,114,50,82,8,254,0,0,34,0,34,114,50,116,8,288,40,0,40,328
10/08/2021,SAV,GA,ASO,ES,Combined TRACON& Tower with Radar,112,32,84,1,229,0,0,9,1,10,112,32,93,2,239,8,0,8,247
10/09/2021,SAV,GA,ASO,ES,Combined TRACON& Tower with Radar,104,34,56,0,194,0,1,23,0,24,104,35,79,0,218,0,0,0,218
10/10/2021,SAV,GA,ASO,ES,Combined TRACON& Tower with Radar,117,29,82,2,230,0,0,42,1,43,117,29,124,3,273,18,6,24,297
10/11/2021,SAV,GA,ASO,ES,Combined TRACON& Tower with Radar,114,30,67,0,211,0,11,73,0,84,114,41,140,0,295,52,0,52,347
10/12/2021,SAV,GA,ASO,ES,Combined TRACON& Tower with Radar,97,35,73,3,208,0,3,89,11,103,97,38,162,14,311,44,0,44,355
10/13/2021,SAV,GA,ASO,ES,Combined TRACON& Tower with Radar,100,39,67,12,218,0,3,78,7,88,100,42,145,19,306,57,0,57,363
10/14/2021,SAV,GA,ASO,ES,Combined TRACON& Tower with Radar,110,49,78,7,244,0,0,56,9,65,110,49,134,16,309,38,6,44,353
10/15/2021,SAV,GA,ASO,ES,Combined TRACON& Tower with Radar,114,39,90,9,252,0,1,83,2,86,114,40,173,11,338,21,0,21,359
10/16/2021,SAV,GA,ASO,ES,Combined TRACON& Tower with Radar,108,20,64,7,199,0,0,42,3,45,108,20,106,10,244,22,0,22,266
10/17/2021,SAV,GA,ASO,ES,Combined TRACON& Tower with Radar,116,42,76,1,235,0,0,57,0,57,116,42,133,1,292,0,0,0,292
10/18/2021,SAV,GA,ASO,ES,Combined TRACON& Tower with Radar,114,40,59,19,232,0,1,52,4,57,114,41,111,23,289,12,14,26,315
10/19/2021,SAV,GA,ASO,ES,Combined TRACON& Tower with Radar,97,49,46,29,221,0,3,61,2,66,97,52,107,31,287,20,14,34,321
10/20/2021,SAV,GA,ASO,ES,Combined TRACON& Tower with Radar,95,40,90,9,234,0,9,71,3,83,95,49,161,12,317,14,0,14,331
10/21/2021,SAV,GA,ASO,ES,Combined TRACON& Tower with Radar,113,52,91,15,271,0,1,89,2,92,113,53,180,17,363,59,4,63,426
10/22/2021,SAV,GA,ASO,ES,Combined TRACON& Tower with Radar,115,46,107,9,277,0,0,101,2,103,115,46,208,11,380,7,0,7,387
10/23/2021,SAV,GA,ASO,ES,Combined TRACON& Tower with Radar,106,30,81,9,226,0,4,72,2,78,106,34,153,11,304,4,4,8,312
10/24/2021,SAV,GA,ASO,ES,Combined TRACON& Tower with Radar,117,50,116,5,288,0,2,69,0,71,117,52,185,5,359,0,0,0,359
10/25/2021,SAV,GA,ASO,ES,Combined TRACON& Tower with Radar,107,45,67,2,221,0,1,20,3,24,107,46,87,5,245,16,0,16,261
10/26/2021,SAV,GA,ASO,ES,Combined TRACON& Tower with Radar,95,28,78,7,208,0,2,67,2,71,95,30,145,9,279,52,0,52,331
10/27/2021,SAV,GA,ASO,ES,Combined TRACON& Tower with Radar,93,59,71,15,238,0,10,79,6,95,93,69,150,21,333,34,6,40,373
10/28/2021,SAV,GA,ASO,ES,Combined TRACON& Tower with Radar,110,53,64,10,237,0,0,8,0,8,110,53,72,10,245,8,0,8,253
10/29/2021,SAV,GA,ASO,ES,Combined TRACON& Tower with Radar,110,62,105,3,280,0,4,49,1,54,110,66,154,4,334,22,0,22,356
10/30/2021,SAV,GA,ASO,ES,Combined TRACON& Tower with Radar,97,37,66,0,200,0,0,31,0,31,97,37,97,0,231,0,0,0,231
10/31/2021,SAV,GA,ASO,ES,Combined TRACON& Tower with Radar,102,32,83,0,217,0,0,78,0,78,102,32,161,0,295,14,0,14,309
11/01/2021,SAV,GA,ASO,ES,Combined TRACON& Tower with Radar,110,44,80,3,237,0,13,75,0,88,110,57,155,3,325,15,0,15,340
11/02/2021,SAV,GA,ASO,ES,Combined TRACON& Tower with Radar,96,38,72,20,226,0,7,75,1,83,96,45,147,21,309,42,0,42,351
11/03/2021,SAV,GA,ASO,ES,Combined TRACON& Tower with Radar,95,49,84,15,243,0,1,56,2,59,95,50,140,17,302,68,0,68,370
11/04/2021,SAV,GA,ASO,ES,Combined TRACON& Tower with Radar,112,66,111,8,297,0,0,46,2,48,112,66,157,10,345,16,0,16,361
11/05/2021,SAV,GA,ASO,ES,Combined TRACON& Tower with Radar,107,42,99,11,259,0,0,28,1,29,107,42,127,12,288,68,0,68,356
11/06/2021,SAV,GA,ASO,ES,Combined TRACON& Tower with Radar,99,31,31,1,162,0,0,0,1,1,99,31,31,2,163,0,0,0,163
11/07/2021,SAV,GA,ASO,ES,Combined TRACON& Tower with Radar,110,43,108,2,263,0,1,46,2,49,110,44,154,4,312,33,0,33,345
11/08/2021,SAV,GA,ASO,ES,Combined TRACON& Tower with Radar,106,44,67,10,227,0,3,65,0,68,106,47,132,10,295,20,0,20,315
11/09/2021,SAV,GA,ASO,ES,Combined TRACON& Tower with Radar,93,55,69,30,247,0,1,87,3,91,93,56,156,33,338,28,8,36,374
11/10/2021,SAV,GA,ASO,ES,Combined TRACON& Tower with Radar,98,53,98,17,266,0,5,75,1,81,98,58,173,18,347,64,0,64,411
11/11/2021,SAV,GA,ASO,ES,Combined TRACON& Tower with Radar,114,47,113,8,282,0,4,55,1,60,114,51,168,9,342,74,0,74,416
11/12/2021,SAV,GA,ASO,ES,Combined TRACON& Tower with Radar,105,52,118,10,285,0,4,102,2,108,105,56,220,12,393,12,2,14,407
11/13/2021,SAV,GA,ASO,ES,Combined TRACON& Tower with Radar,98,28,58,10,194,0,2,81,2,85,98,30,139,12,279,58,0,58,337
11/14/2021,SAV,GA,ASO,ES,Combined TRACON& Tower with Radar,109,32,89,0,230,0,2,85,0,87,109,34,174,0,317,13,0,13,330
11/15/2021,SAV,GA,ASO,ES,Combined TRACON& Tower with Radar,105,35,81,6,227,0,4,84,1,89,105,39,165,7,316,24,0,24,340
11/16/2021,SAV,GA,ASO,ES,Combined TRACON& Tower with Radar,93,42,91,11,237,0,6,102,5,113,93,48,193,16,350,35,4,39,389
11/17/2021,SAV,GA,ASO,ES,Combined TRACON& Tower with Radar,98,51,73,14,236,0,13,67,5,85,98,64,140,19,321,31,22,53,374
11/18/2021,SAV,GA,ASO,ES,Combined TRACON& Tower with Radar,104,59,108,17,288,0,2,52,4,58,104,61,160,21,346,48,0,48,394
11/19/2021,SAV,GA,ASO,ES,Combined TRACON& Tower with Radar,101,42,123,17,283,0,1,100,3,104,101,43,223,20,387,12,0,12,399
11/20/2021,SAV,GA,ASO,ES,Combined TRACON& Tower with Radar,93,26,65,22,206,0,0,75,7,82,93,26,140,29,288,20,0,20,308
11/21/2021,SAV,GA,ASO,ES,Combined TRACON& Tower with Radar,104,39,77,22,242,0,0,67,9,76,104,39,144,31,318,12,4,16,334
11/22/2021,SAV,GA,ASO,ES,Combined TRACON& Tower with Radar,101,73,76,5,255,0,10,42,5,57,101,83,118,10,312,10,6,16,328
11/23/2021,SAV,GA,ASO,ES,Combined TRACON& Tower with Radar,102,59,75,11,247,0,11,81,8,100,102,70,156,19,347,39,7,46,393
11/24/2021,SAV,GA,ASO,ES,Combined TRACON& Tower with Radar,103,49,78,2,232,0,7,73,0,80,103,56,151,2,312,38,0,38,350
11/25/2021,SAV,GA,ASO,ES,Combined TRACON& Tower with Radar,59,8,24,0,91,0,0,17,0,17,59,8,41,0,108,6,0,6,114
11/26/2021,SAV,GA,ASO,ES,Combined TRACON& Tower with Radar,86,27,45,0,158,0,1,30,0,31,86,28,75,0,189,0,0,0,189
11/27/2021,SAV,GA,ASO,ES,Combined TRACON& Tower with Radar,106,37,70,0,213,0,3,92,0,95,106,40,162,0,308,14,0,14,322
11/28/2021,SAV,GA,ASO,ES,Combined TRACON& Tower with Radar,99,35,108,1,243,0,0,51,0,51,99,35,159,1,294,16,0,16,310
11/29/2021,SAV,GA,ASO,ES,Combined TRACON& Tower with Radar,99,50,73,9,231,0,9,50,1,60,99,59,123,10,291,34,0,34,325
11/30/2021,SAV,GA,ASO,ES,Combined TRACON& Tower with Radar,96,32,74,10,212,0,5,78,2,85,96,37,152,12,297,16,0,16,313
12/01/2021,SAV,GA,ASO,ES,Combined TRACON& Tower with Radar,100,33,74,7,214,0,3,60,1,64,100,36,134,8,278,28,4,32,310
12/02/2021,SAV,GA,ASO,ES,Combined TRACON& Tower with Radar,107,51,66,5,229,0,6,95,3,104,107,57,161,8,333,42,0,42,375
12/03/2021,SAV,GA,ASO,ES,Combined TRACON& Tower with Radar,97,39,82,0,218,0,7,107,4,118,97,46,189,4,336,26,0,26,362
12/04/2021,SAV,GA,ASO,ES,Combined TRACON& Tower with Radar,87,20,90,29,226,0,0,101,13,114,87,20,191,42,340,16,0,16,356
12/05/2021,SAV,GA,ASO,ES,Combined TRACON& Tower with Radar,101,30,100,10,241,0,1,85,0,86,101,31,185,10,327,29,4,33,360
12/06/2021,SAV,GA,ASO,ES,Combined TRACON& Tower with Radar,92,38,66,3,199,0,7,57,1,65,92,45,123,4,264,20,2,22,286
12/07/2021,SAV,GA,ASO,ES,Combined TRACON& Tower with Radar,87,41,96,25,249,0,0,22,4,26,87,41,118,29,275,42,0,42,317
12/08/2021,SAV,GA,ASO,ES,Combined TRACON& Tower with Radar,90,36,90,17,233,0,1,3,0,4,90,37,93,17,237,0,0,0,237
12/09/2021,SAV,GA,ASO,ES,Combined TRACON& Tower with Radar,101,51,145,20,317,0,0,53,1,54,101,51,198,21,371,20,8,28,399
12/10/2021,SAV,GA,ASO,ES,Combined TRACON& Tower with Radar,96,49,96,38,279,0,6,71,6,83,96,55,167,44,362,31,4,35,397
12/11/2021,SAV,GA,ASO,ES,Combined TRACON& Tower with Radar,81,32,51,3,167,0,2,49,3,54,81,34,100,6,221,62,0,62,283
12/12/2021,SAV,GA,ASO,ES,Combined TRACON& Tower with Radar,96,22,96,10,224,0,0,59,5,64,96,22,155,15,288,16,0,16,304
12/13/2021,SAV,GA,ASO,ES,Combined TRACON& Tower with Radar,100,42,69,8,219,0,5,69,1,75,100,47,138,9,294,0,0,0,294
12/14/2021,SAV,GA,ASO,ES,Combined TRACON& Tower with Radar,87,45,64,7,203,0,3,77,0,80,87,48,141,7,283,42,0,42,325
12/15/2021,SAV,GA,ASO,ES,Combined TRACON& Tower with Radar,90,56,79,2,227,0,1,80,0,81,90,57,159,2,308,21,0,21,329
12/16/2021,SAV,GA,ASO,ES,Combined TRACON& Tower with Radar,104,69,108,4,285,0,4,61,3,68,104,73,169,7,353,0,0,0,353
12/17/2021,SAV,GA,ASO,ES,Combined TRACON& Tower with Radar,109,56,107,14,286,0,1,58,2,61,109,57,165,16,347,6,0,6,353
12/18/2021,SAV,GA,ASO,ES,Combined TRACON& Tower with Radar,82,35,46,15,178,0,0,46,0,46,82,35,92,15,224,6,2,8,232
12/19/2021,SAV,GA,ASO,ES,Combined TRACON& Tower with Radar,98,25,53,7,183,0,0,0,0,0,98,25,53,7,183,27,0,27,210
12/20/2021,SAV,GA,ASO,ES,Combined TRACON& Tower with Radar,102,46,74,10,232,0,1,53,2,56,102,47,127,12,288,11,0,11,299
12/21/2021,SAV,GA,ASO,ES,Combined TRACON& Tower with Radar,107,34,62,5,208,0,0,0,0,0,107,34,62,5,208,0,0,0,208
12/22/2021,SAV,GA,ASO,ES,Combined TRACON& Tower with Radar,101,35,85,3,224,0,1,69,3,73,101,36,154,6,297,0,0,0,297
12/23/2021,SAV,GA,ASO,ES,Combined TRACON& Tower with Radar,103,44,38,6,191,0,0,84,0,84,103,44,122,6,275,14,0,14,289
12/24/2021,SAV,GA,ASO,ES,Combined TRACON& Tower with Radar,81,20,23,1,125,0,0,34,0,34,81,20,57,1,159,2,0,2,161
12/25/2021,SAV,GA,ASO,ES,Combined TRACON& Tower with Radar,77,11,14,0,102,0,0,10,0,10,77,11,24,0,112,0,0,0,112
12/26/2021,SAV,GA,ASO,ES,Combined TRACON& Tower with Radar,97,34,68,0,199,0,0,51,0,51,97,34,119,0,250,0,0,0,250
12/27/2021,SAV,GA,ASO,ES,Combined TRACON& Tower with Radar,98,47,77,0,222,0,1,51,0,52,98,48,128,0,274,2,0,2,276
12/28/2021,SAV,GA,ASO,ES,Combined TRACON& Tower with Radar,98,55,67,5,225,0,0,48,0,48,98,55,115,5,273,18,0,18,291
12/29/2021,SAV,GA,ASO,ES,Combined TRACON& Tower with Radar,101,44,83,0,228,0,3,66,0,69,101,47,149,0,297,0,0,0,297
12/30/2021,SAV,GA,ASO,ES,Combined TRACON& Tower with Radar,99,55,75,0,229,0,0,35,0,35,99,55,110,0,264,18,0,18,282
12/31/2021,SAV,GA,ASO,ES,Combined TRACON& Tower with Radar,77,36,45,1,159,0,0,30,0,30,77,36,75,1,189,27,0,27,216
01/01/2022,SAV,GA,ASO,ES,Combined TRACON& Tower with Radar,74,20,24,2,120,0,0,29,0,29,74,20,53,2,149,0,0,0,149
01/02/2022,SAV,GA,ASO,ES,Combined TRACON& Tower with Radar,81,39,75,1,196,0,0,6,0,6,81,39,81,1,202,6,0,6,208
01/03/2022,SAV,GA,ASO,ES,Combined TRACON& Tower with Radar,80,39,64,1,184,0,3,14,0,17,80,42,78,1,201,0,0,0,201
01/04/2022,SAV,GA,ASO,ES,Combined TRACON& Tower with Radar,78,26,74,7,185,0,19,68,3,90,78,45,142,10,275,17,12,29,304
01/05/2022,SAV,GA,ASO,ES,Combined TRACON& Tower with Radar,83,21,71,19,194,0,0,31,1,32,83,21,102,20,226,29,0,29,255
01/06/2022,SAV,GA,ASO,ES,Combined TRACON& Tower with Radar,88,31,66,20,205,0,11,74,12,97,88,42,140,32,302,29,22,51,353
01/07/2022,SAV,GA,ASO,ES,Combined TRACON& Tower with Radar,85,27,68,7,187,0,0,87,5,92,85,27,155,12,279,10,8,18,297
01/08/2022,SAV,GA,ASO,ES,Combined TRACON& Tower with Radar,74,29,52,9,164,0,1,72,4,77,74,30,124,13,241,38,0,38,279
01/09/2022,SAV,GA,ASO,ES,Combined TRACON& Tower with Radar,87,33,61,16,197,0,0,53,2,55,87,33,114,18,252,6,0,6,258
01/10/2022,SAV,GA,ASO,ES,Combined TRACON& Tower with Radar,87,44,64,16,211,0,1,38,1,40,87,45,102,17,251,12,0,12,263
01/11/2022,SAV,GA,ASO,ES,Combined TRACON& Tower with Radar,86,25,71,24,206,0,3,76,4,83,86,28,147,28,289,20,0,20,309
01/12/2022,SAV,GA,ASO,ES,Combined TRACON& Tower with Radar,90,31,77,1,199,0,1,94,5,100,90,32,171,6,299,64,0,64,363
01/13/2022,SAV,GA,ASO,ES,Combined TRACON& Tower with Radar,92,51,74,11,228,0,1,67,7,75,92,52,141,18,303,12,20,32,335
01/14/2022,SAV,GA,ASO,ES,Combined TRACON& Tower with Radar,91,34,95,12,232,0,1,90,5,96,91,35,185,17,328,72,6,78,406
01/15/2022,SAV,GA,ASO,ES,Combined TRACON& Tower with Radar,75,17,79,10,181,0,0,93,3,96,75,17,172,13,277,44,0,44,321
01/16/2022,SAV,GA,ASO,ES,Combined TRACON& Tower with Radar,71,21,33,0,125,0,1,4,0,5,71,22,37,0,130,0,0,0,130
01/17/2022,SAV,GA,ASO,ES,Combined TRACON& Tower with Radar,87,38,61,3,189,0,0,26,0,26,87,38,87,3,215,5,0,5,220
01/18/2022,SAV,GA,ASO,ES,Combined TRACON& Tower with Radar,90,44,60,8,202,0,0,82,0,82,90,44,142,8,284,67,0,67,351
01/19/2022,SAV,GA,ASO,ES,Combined TRACON& Tower with Radar,90,38,73,7,208,0,1,80,0,81,90,39,153,7,289,20,0,20,309
01/20/2022,SAV,GA,ASO,ES,Combined TRACON& Tower with Radar,88,25,76,13,202,0,7,65,2,74,88,32,141,15,276,40,0,40,316
01/21/2022,SAV,GA,ASO,ES,Combined TRACON& Tower with Radar,95,20,55,2,172,0,0,0,0,0,95,20,55,2,172,0,0,0,172
01/22/2022,SAV,GA,ASO,ES,Combined TRACON& Tower with Radar,75,14,36,2,127,0,0,9,1,10,75,14,45,3,137,28,0,28,165
01/23/2022,SAV,GA,ASO,ES,Combined TRACON& Tower with Radar,92,10,53,3,158,0,0,67,2,69,92,10,120,5,227,48,0,48,275
01/24/2022,SAV,GA,ASO,ES,Combined TRACON& Tower with Radar,93,20,56,8,177,0,2,72,2,76,93,22,128,10,253,72,6,78,331
01/25/2022,SAV,GA,ASO,ES,Combined TRACON& Tower with Radar,92,30,82,16,220,0,6,66,17,89,92,36,148,33,309,40,0,40,349
01/26/2022,SAV,GA,ASO,ES,Combined TRACON& Tower with Radar,93,36,91,13,233,0,5,67,7,79,93,41,158,20,312,16,0,16,328
01/27/2022,SAV,GA,ASO,ES,Combined TRACON& Tower with Radar,97,51,88,25,261,0,2,90,5,97,97,53,178,30,358,14,12,26,384
01/28/2022,SAV,GA,ASO,ES,Combined TRACON& Tower with Radar,103,46,56,21,226,0,6,74,9,89,103,52,130,30,315,54,0,54,369
01/29/2022,SAV,GA,ASO,ES,Combined TRACON& Tower with Radar,59,18,23,9,109,0,1,36,2,39,59,19,59,11,148,0,0,0,148
01/30/2022,SAV,GA,ASO,ES,Combined TRACON& Tower with Radar,78,25,59,9,171,0,1,72,7,80,78,26,131,16,251,18,0,18,269
01/31/2022,SAV,GA,ASO,ES,Combined TRACON& Tower with Radar,92,33,59,6,190,0,7,76,0,83,92,40,135,6,273,21,0,21,294
02/01/2022,SAV,GA,ASO,ES,Combined TRACON& Tower with Radar,89,26,79,17,211,0,10,83,3,96,89,36,162,20,307,36,0,36,343
02/02/2022,SAV,GA,ASO,ES,Combined TRACON& Tower with Radar,94,53,83,10,240,0,6,78,1,85,94,59,161,11,325,29,8,37,362
02/03/2022,SAV,GA,ASO,ES,Combined TRACON& Tower with Radar,90,32,59,24,205,0,3,37,5,45,90,35,96,29,250,6,35,41,291
02/04/2022,SAV,GA,ASO,ES,Combined TRACON& Tower with Radar,70,22,54,9,155,0,0,11,1,12,70,22,65,10,167,77,0,77,244
02/05/2022,SAV,GA,ASO,ES,Combined TRACON& Tower with Radar,71,25,61,0,157,0,0,67,6,73,71,25,128,6,230,14,0,14,244
02/06/2022,SAV,GA,ASO,ES,Combined TRACON& Tower with Radar,94,26,57,6,183,0,0,4,0,4,94,26,61,6,187,0,0,0,187
02/07/2022,SAV,GA,ASO,ES,Combined TRACON& Tower with Radar,94,33,54,1,182,0,0,0,0,0,94,33,54,1,182,0,0,0,182
02/08/2022,SAV,GA,ASO,ES,Combined TRACON& Tower with Radar,92,29,75,7,203,0,2,70,3,75,92,31,145,10,278,72,0,72,350
02/09/2022,SAV,GA,ASO,ES,Combined TRACON& Tower with Radar,95,39,84,10,228,0,0,104,9,113,95,39,188,19,341,78,0,78,419
02/10/2022,SAV,GA,ASO,ES,Combined TRACON& Tower with Radar,94,45,92,10,241,0,2,104,6,112,94,47,196,16,353,0,0,0,353
02/11/2022,SAV,GA,ASO,ES,Combined TRACON& Tower with Radar,94,41,79,9,223,0,1,116,2,119,94,42,195,11,342,0,0,0,342
02/12/2022,SAV,GA,ASO,ES,Combined TRACON& Tower with Radar,78,25,84,29,216,0,2,80,4,86,78,27,164,33,302,0,0,0,302
02/13/2022,SAV,GA,ASO,ES,Combined TRACON& Tower with Radar,88,39,67,3,197,0,0,56,2,58,88,39,123,5,255,0,0,0,255
02/14/2022,SAV,GA,ASO,ES,Combined TRACON& Tower with Radar,93,31,52,4,180,0,2,77,0,79,93,33,129,4,259,0,0,0,259
02/15/2022,SAV,GA,ASO,ES,Combined TRACON& Tower with Radar,89,58,71,8,226,0,16,87,8,111,89,74,158,16,337,0,0,0,337
02/16/2022,SAV,GA,ASO,ES,Combined TRACON& Tower with Radar,94,42,106,16,258,0,6,56,6,68,94,48,162,22,326,32,0,32,358
02/17/2022,SAV,GA,ASO,ES,Combined TRACON& Tower with Radar,94,52,98,10,254,0,3,29,2,34,94,55,127,12,288,12,0,12,300
02/18/2022,SAV,GA,ASO,ES,Combined TRACON& Tower with Radar,92,38,108,11,249,0,2,23,0,25,92,40,131,11,274,0,0,0,274
02/19/2022,SAV,GA,ASO,ES,Combined TRACON& Tower with Radar,78,29,68,4,179,0,2,81,0,83,78,31,149,4,262,0,0,0,262
02/20/2022,SAV,GA,ASO,ES,Combined TRACON& Tower with Radar,91,39,79,1,210,0,0,99,9,108,91,39,178,10,318,0,0,0,318
02/21/2022,SAV,GA,ASO,ES,Combined TRACON& Tower with Radar,99,35,107,0,241,0,7,83,0,90,99,42,190,0,331,32,0,32,363
02/22/2022,SAV,GA,ASO,ES,Combined TRACON& Tower with Radar,95,48,68,21,232,0,1,67,0,68,95,49,135,21,300,38,20,58,358
02/23/2022,SAV,GA,ASO,ES,Combined TRACON& Tower with Radar,91,44,74,6,215,0,4,83,6,93,91,48,157,12,308,18,0,18,326
02/24/2022,SAV,GA,ASO,ES,Combined TRACON& Tower with Radar,90,45,88,21,244,0,6,88,13,107,90,51,176,34,351,58,4,62,413
02/25/2022,SAV,GA,ASO,ES,Combined TRACON& Tower with Radar,94,31,87,26,238,0,3,74,5,82,94,34,161,31,320,60,0,60,380
02/26/2022,SAV,GA,ASO,ES,Combined TRACON& Tower with Radar,78,18,70,4,170,0,6,69,1,76,78,24,139,5,246,4,0,4,250
02/27/2022,SAV,GA,ASO,ES,Combined TRACON& Tower with Radar,96,29,88,8,221,0,0,0,0,0,96,29,88,8,221,0,0,0,221
02/28/2022,SAV,GA,ASO,ES,Combined TRACON& Tower with Radar,96,30,66,7,199,0,0,65,3,68,96,30,131,10,267,26,0,26,293
03/01/2022,SAV,GA,ASO,ES,Combined TRACON& Tower with Radar,90,44,85,22,241,0,3,95,2,100,90,47,180,24,341,69,0,69,410
03/02/2022,SAV,GA,ASO,ES,Combined TRACON& Tower with Radar,93,49,76,5,223,0,0,76,3,79,93,49,152,8,302,14,0,14,316
03/03/2022,SAV,GA,ASO,ES,Combined TRACON& Tower with Radar,104,30,95,12,241,0,5,87,4,96,104,35,182,16,337,30,2,32,369
03/04/2022,SAV,GA,ASO,ES,Combined TRACON& Tower with Radar,100,55,83,20,258,0,2,80,5,87,100,57,163,25,345,2,0,2,347
03/05/2022,SAV,GA,ASO,ES,Combined TRACON& Tower with Radar,79,41,47,10,177,0,0,57,4,61,79,41,104,14,238,40,4,44,282
03/06/2022,SAV,GA,ASO,ES,Combined TRACON& Tower with Radar,100,38,73,21,232,0,0,81,10,91,100,38,154,31,323,0,14,14,337
03/07/2022,SAV,GA,ASO,ES,Combined TRACON& Tower with Radar,98,44,65,22,229,0,0,68,0,68,98,44,133,22,297,18,10,28,325
03/08/2022,SAV,GA,ASO,ES,Combined TRACON& Tower with Radar,102,40,62,3,207,0,1,46,3,50,102,41,108,6,257,16,19,35,292
03/09/2022,SAV,GA,ASO,ES,Combined TRACON& Tower with Radar,92,61,65,9,227,0,0,9,4,13,92,61,74,13,240,0,0,0,240
03/10/2022,SAV,GA,ASO,ES,Combined TRACON& Tower with Radar,106,52,76,6,240,0,0,20,1,21,106,52,96,7,261,0,0,0,261
03/11/2022,SAV,GA,ASO,ES,Combined TRACON& Tower with Radar,100,37,71,5,213,0,0,6,0,6,100,37,77,5,219,0,0,0,219
03/12/2022,SAV,GA,ASO,ES,Combined TRACON& Tower with Radar,85,50,55,1,191,0,0,2,0,2,85,50,57,1,193,0,0,0,193
03/13/2022,SAV,GA,ASO,ES,Combined TRACON& Tower with Radar,96,44,97,3,240,0,0,96,0,96,96,44,193,3,336,34,0,34,370
03/14/2022,SAV,GA,ASO,ES,Combined TRACON& Tower with Radar,105,56,65,7,233,0,10,82,6,98,105,66,147,13,331,22,0,22,353
03/15/2022,SAV,GA,ASO,ES,Combined TRACON& Tower with Radar,93,52,74,6,225,0,6,79,3,88,93,58,153,9,313,23,0,23,336
03/16/2022,SAV,GA,ASO,ES,Combined TRACON& Tower with Radar,98,54,78,8,238,0,0,7,1,8,98,54,85,9,246,59,0,59,305
03/17/2022,SAV,GA,ASO,ES,Combined TRACON& Tower with Radar,103,54,111,25,293,0,5,78,6,89,103,59,189,31,382,63,0,63,445
03/18/2022,SAV,GA,ASO,ES,Combined TRACON& Tower with Radar,100,50,90,24,264,0,4,49,1,54,100,54,139,25,318,17,6,23,341
03/19/2022,SAV,GA,ASO,ES,Combined TRACON& Tower with Radar,93,32,59,1,185,0,0,39,3,42,93,32,98,4,227,4,0,4,231
03/20/2022,SAV,GA,ASO,ES,Combined TRACON& Tower with Radar,103,33,107,3,246,0,0,80,0,80,103,33,187,3,326,20,0,20,346
03/21/2022,SAV,GA,ASO,ES,Combined TRACON& Tower with Radar,96,38,87,9,230,0,0,80,3,83,96,38,167,12,313,38,0,38,351
03/22/2022,SAV,GA,ASO,ES,Combined TRACON& Tower with Radar,99,37,75,4,215,0,7,75,5,87,99,44,150,9,302,38,0,38,340
03/23/2022,SAV,GA,ASO,ES,Combined TRACON& Tower with Radar,97,54,78,7,236,0,2,19,1,22,97,56,97,8,258,0,0,0,258
03/24/2022,SAV,GA,ASO,ES,Combined TRACON& Tower with Radar,109,36,72,2,219,0,1,4,0,5,109,37,76,2,224,4,0,4,228
03/25/2022,SAV,GA,ASO,ES,Combined TRACON& Tower with Radar,102,42,97,9,250,0,2,77,2,81,102,44,174,11,331,52,0,52,383
03/26/2022,SAV,GA,ASO,ES,Combined TRACON& Tower with Radar,97,41,55,0,193,0,1,40,0,41,97,42,95,0,234,22,0,22,256
03/27/2022,SAV,GA,ASO,ES,Combined TRACON& Tower with Radar,105,33,94,2,234,0,0,48,2,50,105,33,142,4,284,32,0,32,316
03/28/2022,SAV,GA,ASO,ES,Combined TRACON& Tower with Radar,104,34,94,7,239,0,8,77,2,87,104,42,171,9,326,30,4,34,360
03/29/2022,SAV,GA,ASO,ES,Combined TRACON& Tower with Radar,98,57,92,1,248,0,9,99,1,109,98,66,191,2,357,28,0,28,385
03/30/2022,SAV,GA,ASO,ES,Combined TRACON& Tower with Radar,107,31,72,18,228,0,4,32,3,39,107,35,104,21,267,12,0,12,279
03/31/2022,SAV,GA,ASO,ES,Combined TRACON& Tower with Radar,110,37,55,4,206,0,2,4,4,10,110,39,59,8,216,0,0,0,216
04/01/2022,SAV,GA,ASO,ES,Combined TRACON& Tower with Radar,104,31,94,18,247,0,2,87,2,91,104,33,181,20,338,24,0,24,362
04/02/2022,SAV,GA,ASO,ES,Combined TRACON& Tower with Radar,90,31,67,3,191,0,0,59,1,60,90,31,126,4,251,71,0,71,322
04/03/2022,SAV,GA,ASO,ES,Combined TRACON& Tower with Radar,94,47,78,7,226,0,1,78,0,79,94,48,156,7,305,6,0,6,311
04/04/2022,SAV,GA,ASO,ES,Combined TRACON& Tower with Radar,105,33,86,3,227,0,6,60,0,66,105,39,146,3,293,56,0,56,349
04/05/2022,SAV,GA,ASO,ES,Combined TRACON& Tower with Radar,105,34,71,9,219,0,0,24,2,26,105,34,95,11,245,100,2,102,347
04/06/2022,SAV,GA,ASO,ES,Combined TRACON& Tower with Radar,104,38,78,11,231,0,2,8,0,10,104,40,86,11,241,0,0,0,241
04/07/2022,SAV,GA,ASO,ES,Combined TRACON& Tower with Radar,114,67,114,22,317,0,0,42,1,43,114,67,156,23,360,4,0,4,364
04/08/2022,SAV,GA,ASO,ES,Combined TRACON& Tower with Radar,104,70,102,10,286,0,9,82,1,92,104,79,184,11,378,30,0,30,408
04/09/2022,SAV,GA,ASO,ES,Combined TRACON& Tower with Radar,99,42,68,0,209,0,0,53,2,55,99,42,121,2,264,32,0,32,296
04/10/2022,SAV,GA,ASO,ES,Combined TRACON& Tower with Radar,106,54,121,0,281,0,2,82,0,84,106,56,203,0,365,19,0,19,384
04/11/2022,SAV,GA,ASO,ES,Combined TRACON& Tower with Radar,110,46,99,6,261,0,14,65,6,85,110,60,164,12,346,72,0,72,418
04/12/2022,SAV,GA,ASO,ES,Combined TRACON& Tower with Radar,108,41,75,5,229,0,2,78,6,86,108,43,153,11,315,4,0,4,319
04/13/2022,SAV,GA,ASO,ES,Combined TRACON& Tower with Radar,109,70,95,5,279,0,0,61,2,63,109,70,156,7,342,6,10,16,358
04/14/2022,SAV,GA,ASO,ES,Combined TRACON& Tower with Radar,121,74,107,6,308,0,4,58,2,64,121,78,165,8,372,12,0,12,384
04/15/2022,SAV,GA,ASO,ES,Combined TRACON& Tower with Radar,115,53,103,15,286,0,2,75,0,77,115,55,178,15,363,11,0,11,374
04/16/2022,SAV,GA,ASO,ES,Combined TRACON& Tower with Radar,106,23,82,8,219,0,0,24,0,24,106,23,106,8,243,68,0,68,311
04/17/2022,SAV,GA,ASO,ES,Combined TRACON& Tower with Radar,115,24,51,0,190,0,0,27,0,27,115,24,78,0,217,12,0,12,229
04/18/2022,SAV,GA,ASO,ES,Combined TRACON& Tower with Radar,117,62,83,3,265,0,0,12,0,12,117,62,95,3,277,4,0,4,281
04/19/2022,SAV,GA,ASO,ES,Combined TRACON& Tower with Radar,106,52,77,3,238,0,6,88,2,96,106,58,165,5,334,42,0,42,376
04/20/2022,SAV,GA,ASO,ES,Combined TRACON& Tower with Radar,108,50,95,4,257,0,3,59,3,65,108,53,154,7,322,52,0,52,374
04/21/2022,SAV,GA,ASO,ES,Combined TRACON& Tower with Radar,122,60,99,9,290,0,6,84,2,92,122,66,183,11,382,79,2,81,463
04/22/2022,SAV,GA,ASO,ES,Combined TRACON& Tower with Radar,115,56,98,25,294,0,4,89,4,97,115,60,187,29,391,32,0,32,423
04/23/2022,SAV,GA,ASO,ES,Combined TRACON& Tower with Radar,107,34,74,3,218,0,1,74,0,75,107,35,148,3,293,14,4,18,311
04/24/2022,SAV,GA,ASO,ES,Combined TRACON& Tower with Radar,115,54,97,5,271,0,2,71,1,74,115,56,168,6,345,0,0,0,345
04/25/2022,SAV,GA,ASO,ES,Combined TRACON& Tower with Radar,117,33,73,7,230,0,8,71,6,85,117,41,144,13,315,28,12,40,355
04/26/2022,SAV,GA,ASO,ES,Combined TRACON& Tower with Radar,108,49,86,6,249,0,4,61,1,66,108,53,147,7,315,34,0,34,349
04/27/2022,SAV,GA,ASO,ES,Combined TRACON& Tower with Radar,107,52,95,19,273,0,1,65,4,70,107,53,160,23,343,13,0,13,356
04/28/2022,SAV,GA,ASO,ES,Combined TRACON& Tower with Radar,122,55,114,9,300,0,5,82,2,89,122,60,196,11,389,44,0,44,433
04/29/2022,SAV,GA,ASO,ES,Combined TRACON& Tower with Radar,124,44,92,15,275,0,2,63,1,66,124,46,155,16,341,12,2,14,355
04/30/2022,SAV,GA,ASO,ES,Combined TRACON& Tower with Radar,114,34,64,8,220,0,0,100,6,106,114,34,164,14,326,0,0,0,326
05/01/2022,SAV,GA,ASO,ES,Combined TRACON& Tower with Radar,128,40,78,5,251,0,0,74,2,76,128,40,152,7,327,10,0,10,337
05/02/2022,SAV,GA,ASO,ES,Combined TRACON& Tower with Radar,119,40,73,70,302,0,0,48,2,50,119,40,121,72,352,4,80,84,436
05/03/2022,SAV,GA,ASO,ES,Combined TRACON& Tower with Radar,104,44,74,49,271,0,5,45,5,55,104,49,119,54,326,2,53,55,381
05/04/2022,SAV,GA,ASO,ES,Combined TRACON& Tower with Radar,107,43,89,50,289,0,3,65,4,72,107,46,154,54,361,51,64,115,476
05/05/2022,SAV,GA,ASO,ES,Combined TRACON& Tower with Radar,123,57,68,59,307,0,3,67,11,81,123,60,135,70,388,50,106,156,544
05/06/2022,SAV,GA,ASO,ES,Combined TRACON& Tower with Radar,118,40,87,48,293,0,2,55,10,67,118,42,142,58,360,7,25,32,392
05/07/2022,SAV,GA,ASO,ES,Combined TRACON& Tower with Radar,110,36,49,1,196,0,2,43,6,51,110,38,92,7,247,18,0,18,265
05/08/2022,SAV,GA,ASO,ES,Combined TRACON& Tower with Radar,119,48,73,5,245,0,0,30,0,30,119,48,103,5,275,52,1,53,328
05/09/2022,SAV,GA,ASO,ES,Combined TRACON& Tower with Radar,115,47,88,46,296,0,3,66,8,77,115,50,154,54,373,48,46,94,467
05/10/2022,SAV,GA,ASO,ES,Combined TRACON& Tower with Radar,107,49,71,48,275,0,8,71,9,88,107,57,142,57,363,25,66,91,454
05/11/2022,SAV,GA,ASO,ES,Combined TRACON& Tower with Radar,109,56,90,54,309,0,6,76,6,88,109,62,166,60,397,32,90,122,519
05/12/2022,SAV,GA,ASO,ES,Combined TRACON& Tower with Radar,124,48,99,62,333,0,3,50,5,58,124,51,149,67,391,2,8,10,401
05/13/2022,SAV,GA,ASO,ES,Combined TRACON& Tower with Radar,117,52,69,15,253,0,0,24,4,28,117,52,93,19,281,38,0,38,319
05/14/2022,SAV,GA,ASO,ES,Combined TRACON& Tower with Radar,100,36,48,24,208,0,0,44,1,45,100,36,92,25,253,47,0,47,300
05/15/2022,SAV,GA,ASO,ES,Combined TRACON& Tower with Radar,123,57,77,5,262,0,0,67,5,72,123,57,144,10,334,42,0,42,376
05/16/2022,SAV,GA,ASO,ES,Combined TRACON& Tower with Radar,109,64,63,1,237,0,2,94,0,96,109,66,157,1,333,95,0,95,428
05/17/2022,SAV,GA,ASO,ES,Combined TRACON& Tower with Radar,106,38,91,5,240,0,12,88,0,100,106,50,179,5,340,72,0,72,412
05/18/2022,SAV,GA,ASO,ES,Combined TRACON& Tower with Radar,102,39,84,7,232,0,7,105,1,113,102,46,189,8,345,22,0,22,367
05/19/2022,SAV,GA,ASO,ES,Combined TRACON& Tower with Radar,113,48,103,3,267,0,3,85,5,93,113,51,188,8,360,14,0,14,374
05/20/2022,SAV,GA,ASO,ES,Combined TRACON& Tower with Radar,112,37,78,18,245,0,0,71,5,76,112,37,149,23,321,66,0,66,387
05/21/2022,SAV,GA,ASO,ES,Combined TRACON& Tower with Radar,108,29,43,14,194,0,0,39,1,40,108,29,82,15,234,27,6,33,267
05/22/2022,SAV,GA,ASO,ES,Combined TRACON& Tower with Radar,107,31,69,7,214,0,2,21,2,25,107,33,90,9,239,8,0,8,247
05/23/2022,SAV,GA,ASO,ES,Combined TRACON& Tower with Radar,118,31,71,9,229,0,0,26,2,28,118,31,97,11,257,89,0,89,346
05/24/2022,SAV,GA,ASO,ES,Combined TRACON& Tower with Radar,103,45,76,21,245,0,3,51,2,56,103,48,127,23,301,112,24,136,437
05/25/2022,SAV,GA,ASO,ES,Combined TRACON& Tower with Radar,101,52,91,2,246,1,6,57,7,71,102,58,148,9,317,31,2,33,350
05/26/2022,SAV,GA,ASO,ES,Combined TRACON& Tower with Radar,120,49,94,14,277,0,5,96,7,108,120,54,190,21,385,72,36,108,493
05/27/2022,SAV,GA,ASO,ES,Combined TRACON& Tower with Radar,111,40,78,1,230,0,0,42,1,43,111,40,120,2,273,26,8,34,307
05/28/2022,SAV,GA,ASO,ES,Combined TRACON& Tower with Radar,108,28,54,0,190,0,1,99,2,102,108,29,153,2,292,32,0,32,324
05/29/2022,SAV,GA,ASO,ES,Combined TRACON& Tower with Radar,110,25,34,0,169,0,1,86,0,87,110,26,120,0,256,44,0,44,300
05/30/2022,SAV,GA,ASO,ES,Combined TRACON& Tower with Radar,111,41,57,0,209,0,1,70,2,73,111,42,127,2,282,2,0,2,284
05/31/2022,SAV,GA,ASO,ES,Combined TRACON& Tower with Radar,105,65,61,3,234,0,2,57,3,62,105,67,118,6,296,0,0,0,296
06/01/2022,SAV,GA,ASO,ES,Combined TRACON& Tower with Radar,106,46,66,15,233,0,12,87,7,106,106,58,153,22,339,75,4,79,418
06/02/2022,SAV,GA,ASO,ES,Combined TRACON& Tower with Radar,109,65,80,0,254,0,1,83,0,84,109,66,163,0,338,70,0,70,408
06/03/2022,SAV,GA,ASO,ES,Combined TRACON& Tower with Radar,105,30,83,3,221,0,0,66,3,69,105,30,149,6,290,17,0,17,307
06/04/2022,SAV,GA,ASO,ES,Combined TRACON& Tower with Radar,124,36,45,9,214,0,0,9,0,9,124,36,54,9,223,0,0,0,223
06/05/2022,SAV,GA,ASO,ES,Combined TRACON& Tower with Radar,101,26,76,2,205,0,0,59,3,62,101,26,135,5,267,22,0,22,289
06/06/2022,SAV,GA,ASO,ES,Combined TRACON& Tower with Radar,109,31,65,5,210,0,1,53,1,55,109,32,118,6,265,76,0,76,341
06/07/2022,SAV,GA,ASO,ES,Combined TRACON& Tower with Radar,102,53,55,9,219,0,8,77,2,87,102,61,132,11,306,44,0,44,350
06/08/2022,SAV,GA,ASO,ES,Combined TRACON& Tower with Radar,113,35,76,13,237,0,1,76,1,78,113,36,152,14,315,56,0,56,371
06/09/2022,SAV,GA,ASO,ES,Combined TRACON& Tower with Radar,112,34,72,9,227,0,0,59,4,63,112,34,131,13,290,7,20,27,317
06/10/2022,SAV,GA,ASO,ES,Combined TRACON& Tower with Radar,113,51,68,14,246,0,2,94,13,109,113,53,162,27,355,2,0,2,357
06/11/2022,SAV,GA,ASO,ES,Combined TRACON& Tower with Radar,128,32,41,6,207,0,0,56,1,57,128,32,97,7,264,27,0,27,291
06/12/2022,SAV,GA,ASO,ES,Combined TRACON& Tower with Radar,99,26,73,28,226,0,0,87,5,92,99,26,160,33,318,32,0,32,350
06/13/2022,SAV,GA,ASO,ES,Combined TRACON& Tower with Radar,109,40,88,2,239,0,4,50,1,55,109,44,138,3,294,179,0,179,473
06/14/2022,SAV,GA,ASO,ES,Combined TRACON& Tower with Radar,101,40,77,3,221,0,5,82,4,91,101,45,159,7,312,50,6,56,368
06/15/2022,SAV,GA,ASO,ES,Combined TRACON& Tower with Radar,112,53,96,7,268,5,10,105,4,124,117,63,201,11,392,44,0,44,436
06/16/2022,SAV,GA,ASO,ES,Combined TRACON& Tower with Radar,92,37,90,6,225,0,2,92,8,102,92,39,182,14,327,68,0,68,395
06/17/2022,SAV,GA,ASO,ES,Combined TRACON& Tower with Radar,95,22,59,4,180,0,4,72,0,76,95,26,131,4,256,28,0,28,284
06/18/2022,SAV,GA,ASO,ES,Combined TRACON& Tower with Radar,123,25,50,5,203,0,0,76,0,76,123,25,126,5,279,10,0,10,289
06/19/2022,SAV,GA,ASO,ES,Combined TRACON& Tower with Radar,101,36,55,14,206,0,0,55,1,56,101,36,110,15,262,30,0,30,292
06/20/2022,SAV,GA,ASO,ES,Combined TRACON& Tower with Radar,109,45,92,2,248,0,4,89,3,96,109,49,181,5,344,28,0,28,372
06/21/2022,SAV,GA,ASO,ES,Combined TRACON& Tower with Radar,97,28,74,3,202,0,2,84,0,86,97,30,158,3,288,15,0,15,303
06/22/2022,SAV,GA,ASO,ES,Combined TRACON& Tower with Radar,97,52,88,7,244,0,6,87,5,98,97,58,175,12,342,20,0,20,362
06/23/2022,SAV,GA,ASO,ES,Combined TRACON& Tower with Radar,107,54,86,9,256,0,3,96,2,101,107,57,182,11,357,36,0,36,393
06/24/2022,SAV,GA,ASO,ES,Combined TRACON& Tower with Radar,120,32,89,8,249,0,4,81,1,86,120,36,170,9,335,14,0,14,349
06/25/2022,SAV,GA,ASO,ES,Combined TRACON& Tower with Radar,124,32,78,6,240,0,2,70,0,72,124,34,148,6,312,12,0,12,324
06/26/2022,SAV,GA,ASO,ES,Combined TRACON& Tower with Radar,110,39,79,8,236,0,0,65,1,66,110,39,144,9,302,53,20,73,375
06/27/2022,SAV,GA,ASO,ES,Combined TRACON& Tower with Radar,103,67,78,1,249,0,0,84,2,86,103,67,162,3,335,32,0,32,367
06/28/2022,SAV,GA,ASO,ES,Combined TRACON& Tower with Radar,96,42,79,6,223,0,2,42,2,46,96,44,121,8,269,42,0,42,311
06/29/2022,SAV,GA,ASO,ES,Combined TRACON& Tower with Radar,103,47,89,2,241,0,0,40,0,40,103,47,129,2,281,24,0,24,305
06/30/2022,SAV,GA,ASO,ES,Combined TRACON& Tower with Radar,113,52,97,3,265,0,0,50,0,50,113,52,147,3,315,18,0,18,333
07/01/2022,SAV,GA,ASO,ES,Combined TRACON& Tower with Radar,103,46,72,3,224,0,0,35,0,35,103,46,107,3,259,10,0,10,269
07/02/2022,SAV,GA,ASO,ES,Combined TRACON& Tower with Radar,119,24,64,1,208,0,0,47,0,47,119,24,111,1,255,34,0,34,289
07/03/2022,SAV,GA,ASO,ES,Combined TRACON& Tower with Radar,104,15,48,0,167,0,0,64,0,64,104,15,112,0,231,30,0,30,261
07/04/2022,SAV,GA,ASO,ES,Combined TRACON& Tower with Radar,101,22,28,0,151,0,0,66,0,66,101,22,94,0,217,42,0,42,259
07/05/2022,SAV,GA,ASO,ES,Combined TRACON& Tower with Radar,89,36,79,0,204,0,2,70,0,72,89,38,149,0,276,42,0,42,318
07/06/2022,SAV,GA,ASO,ES,Combined TRACON& Tower with Radar,97,34,75,8,214,0,3,76,6,85,97,37,151,14,299,0,0,0,299
07/07/2022,SAV,GA,ASO,ES,Combined TRACON& Tower with Radar,111,32,54,3,200,0,0,57,13,70,111,32,111,16,270,0,0,0,270
07/08/2022,SAV,GA,ASO,ES,Combined TRACON& Tower with Radar,109,31,42,1,183,0,3,49,3,55,109,34,91,4,238,29,6,35,273
07/09/2022,SAV,GA,ASO,ES,Combined TRACON& Tower with Radar,131,33,57,5,226,0,7,72,2,81,131,40,129,7,307,171,0,171,478
07/10/2022,SAV,GA,ASO,ES,Combined TRACON& Tower with Radar,114,30,63,9,216,0,0,8,0,8,114,30,71,9,224,13,0,13,237
07/11/2022,SAV,GA,ASO,ES,Combined TRACON& Tower with Radar,107,49,66,3,225,0,1,2,0,3,107,50,68,3,228,0,0,0,228
07/12/2022,SAV,GA,ASO,ES,Combined TRACON& Tower with Radar,88,47,66,2,203,0,0,24,0,24,88,47,90,2,227,28,4,32,259
07/13/2022,SAV,GA,ASO,ES,Combined TRACON& Tower with Radar,98,38,76,4,216,0,2,66,1,69,98,40,142,5,285,79,0,79,364
07/14/2022,SAV,GA,ASO,ES,Combined TRACON& Tower with Radar,110,42,84,9,245,0,0,70,0,70,110,42,154,9,315,2,0,2,317
07/15/2022,SAV,GA,ASO,ES,Combined TRACON& Tower with Radar,105,55,60,13,233,0,0,56,3,59,105,55,116,16,292,62,2,64,356
07/16/2022,SAV,GA,ASO,ES,Combined TRACON& Tower with Radar,115,26,48,6,195,0,0,47,3,50,115,26,95,9,245,0,0,0,245
07/17/2022,SAV,GA,ASO,ES,Combined TRACON& Tower with Radar,103,22,50,6,181,0,0,46,3,49,103,22,96,9,230,66,0,66,296
07/18/2022,SAV,GA,ASO,ES,Combined TRACON& Tower with Radar,95,29,76,3,203,0,0,65,1,66,95,29,141,4,269,10,0,10,279
07/19/2022,SAV,GA,ASO,ES,Combined TRACON& Tower with Radar,79,34,70,9,192,0,0,84,4,88,79,34,154,13,280,12,0,12,292
07/20/2022,SAV,GA,ASO,ES,Combined TRACON& Tower with Radar,97,48,85,16,246,0,1,52,3,56,97,49,137,19,302,20,0,20,322
07/21/2022,SAV,GA,ASO,ES,Combined TRACON& Tower with Radar,115,40,77,33,265,0,5,50,4,59,115,45,127,37,324,16,0,16,340
07/22/2022,SAV,GA,ASO,ES,Combined TRACON& Tower with Radar,106,49,70,34,259,0,5,67,1,73,106,54,137,35,332,66,10,76,408
07/23/2022,SAV,GA,ASO,ES,Combined TRACON& Tower with Radar,121,20,62,26,229,0,2,84,1,87,121,22,146,27,316,46,8,54,370
07/24/2022,SAV,GA,ASO,ES,Combined TRACON& Tower with Radar,104,18,48,12,182,0,2,75,3,80,104,20,123,15,262,28,0,28,290
07/25/2022,SAV,GA,ASO,ES,Combined TRACON& Tower with Radar,95,39,91,31,256,0,4,90,2,96,95,43,181,33,352,56,0,56,408
07/26/2022,SAV,GA,ASO,ES,Combined TRACON& Tower with Radar,87,35,81,32,235,0,2,96,2,100,87,37,177,34,335,40,10,50,385
07/27/2022,SAV,GA,ASO,ES,Combined TRACON& Tower with Radar,96,44,69,14,223,0,2,88,7,97,96,46,157,21,320,59,0,59,379
07/28/2022,SAV,GA,ASO,ES,Combined TRACON& Tower with Radar,107,47,73,11,238,0,1,101,1,103,107,48,174,12,341,62,20,82,423
07/29/2022,SAV,GA,ASO,ES,Combined TRACON& Tower with Radar,108,27,61,12,208,0,0,83,4,87,108,27,144,16,295,40,6,46,341
07/30/2022,SAV,GA,ASO,ES,Combined TRACON& Tower with Radar,121,20,54,1,196,0,0,68,1,69,121,20,122,2,265,56,0,56,321
07/31/2022,SAV,GA,ASO,ES,Combined TRACON& Tower with Radar,108,34,54,10,206,0,2,63,3,68,108,36,117,13,274,6,0,6,280
08/01/2022,SAV,GA,ASO,ES,Combined TRACON& Tower with Radar,104,48,74,4,230,0,0,79,1,80,104,48,153,5,310,34,0,34,344
08/02/2022,SAV,GA,ASO,ES,Combined TRACON& Tower with Radar,86,43,60,5,194,0,0,96,2,98,86,43,156,7,292,83,2,85,377
08/03/2022,SAV,GA,ASO,ES,Combined TRACON& Tower with Radar,101,43,46,5,195,0,1,72,8,81,101,44,118,13,276,44,4,48,324
08/04/2022,SAV,GA,ASO,ES,Combined TRACON& Tower with Radar,102,38,75,16,231,0,2,101,8,111,102,40,176,24,342,64,4,68,410
08/05/2022,SAV,GA,ASO,ES,Combined TRACON& Tower with Radar,89,43,89,26,247,0,0,80,13,93,89,43,169,39,340,97,0,97,437
08/06/2022,SAV,GA,ASO,ES,Combined TRACON& Tower with Radar,120,29,46,13,208,0,7,74,1,82,120,36,120,14,290,30,0,30,320
08/07/2022,SAV,GA,ASO,ES,Combined TRACON& Tower with Radar,103,23,54,13,193,0,1,30,3,34,103,24,84,16,227,39,0,39,266
08/08/2022,SAV,GA,ASO,ES,Combined TRACON& Tower with Radar,100,20,52,14,186,0,2,60,2,64,100,22,112,16,250,46,0,46,296
08/09/2022,SAV,GA,ASO,ES,Combined TRACON& Tower with Radar,83,23,65,24,195,0,3,91,9,103,83,26,156,33,298,50,14,64,362
08/10/2022,SAV,GA,ASO,ES,Combined TRACON& Tower with Radar,87,37,86,17,227,0,3,85,0,88,87,40,171,17,315,56,0,56,371
08/11/2022,SAV,GA,ASO,ES,Combined TRACON& Tower with Radar,103,21,66,13,203,0,2,56,8,66,103,23,122,21,269,44,0,44,313
08/12/2022,SAV,GA,ASO,ES,Combined TRACON& Tower with Radar,111,29,91,26,257,0,0,65,2,67,111,29,156,28,324,88,8,96,420
08/13/2022,SAV,GA,ASO,ES,Combined TRACON& Tower with Radar,123,12,69,21,225,0,0,58,0,58,123,12,127,21,283,42,0,42,325
08/14/2022,SAV,GA,ASO,ES,Combined TRACON& Tower with Radar,107,18,56,9,190,0,1,78,4,83,107,19,134,13,273,86,0,86,359
08/15/2022,SAV,GA,ASO,ES,Combined TRACON& Tower with Radar,99,27,84,11,221,0,0,82,6,88,99,27,166,17,309,29,0,29,338
08/16/2022,SAV,GA,ASO,ES,Combined TRACON& Tower with Radar,88,23,86,17,214,0,0,59,5,64,88,23,145,22,278,40,0,40,318
08/17/2022,SAV,GA,ASO,ES,Combined TRACON& Tower with Radar,89,29,77,9,204,0,0,76,3,79,89,29,153,12,283,98,0,98,381
08/18/2022,SAV,GA,ASO,ES,Combined TRACON& Tower with Radar,100,31,88,11,230,0,0,27,1,28,100,31,115,12,258,8,0,8,266
08/19/2022,SAV,GA,ASO,ES,Combined TRACON& Tower with Radar,98,37,63,9,207,0,1,39,7,47,98,38,102,16,254,66,0,66,320
08/20/2022,SAV,GA,ASO,ES,Combined TRACON& Tower with Radar,109,14,60,12,195,0,0,66,1,67,109,14,126,13,262,56,0,56,318
08/21/2022,SAV,GA,ASO,ES,Combined TRACON& Tower with Radar,97,15,50,8,170,0,0,29,4,33,97,15,79,12,203,66,0,66,269
08/22/2022,SAV,GA,ASO,ES,Combined TRACON& Tower with Radar,93,31,63,2,189,0,0,46,0,46,93,31,109,2,235,44,0,44,279
08/23/2022,SAV,GA,ASO,ES,Combined TRACON& Tower with Radar,83,40,80,23,226,0,3,71,2,76,83,43,151,25,302,56,0,56,358
08/24/2022,SAV,GA,ASO,ES,Combined TRACON& Tower with Radar,86,36,94,5,221,0,2,100,2,104,86,38,194,7,325,47,0,47,372
08/25/2022,SAV,GA,ASO,ES,Combined TRACON& Tower with Radar,105,35,77,3,220,0,0,38,2,40,105,35,115,5,260,130,2,132,392
08/26/2022,SAV,GA,ASO,ES,Combined TRACON& Tower with Radar,101,26,73,7,207,0,0,71,0,71,101,26,144,7,278,80,0,80,358
08/27/2022,SAV,GA,ASO,ES,Combined TRACON& Tower with Radar,108,19,47,10,184,0,0,53,0,53,108,19,100,10,237,30,0,30,267
08/28/2022,SAV,GA,ASO,ES,Combined TRACON& Tower with Radar,103,22,63,7,195,0,0,29,0,29,103,22,92,7,224,56,0,56,280
08/29/2022,SAV,GA,ASO,ES,Combined TRACON& Tower with Radar,100,32,60,2,194,0,0,15,4,19,100,32,75,6,213,34,4,38,251
08/30/2022,SAV,GA,ASO,ES,Combined TRACON& Tower with Radar,79,38,80,5,202,0,0,34,5,39,79,38,114,10,241,6,0,6,247
08/31/2022,SAV,GA,ASO,ES,Combined TRACON& Tower with Radar,89,46,82,13,230,0,4,90,8,102,89,50,172,21,332,49,30,79,411
09/01/2022,SAV,GA,ASO,ES,Combined TRACON& Tower with Radar,109,49,90,9,257,0,0,36,2,38,109,49,126,11,295,29,12,41,336
09/02/2022,SAV,GA,ASO,ES,Combined TRACON& Tower with Radar,116,44,96,3,259,0,0,75,1,76,116,44,171,4,335,11,0,11,346
09/03/2022,SAV,GA,ASO,ES,Combined TRACON& Tower with Radar,103,13,47,1,164,0,0,37,0,37,103,13,84,1,201,26,0,26,227
09/04/2022,SAV,GA,ASO,ES,Combined TRACON& Tower with Radar,91,12,43,2,148,0,0,29,1,30,91,12,72,3,178,61,0,61,239
09/05/2022,SAV,GA,ASO,ES,Combined TRACON& Tower with Radar,113,23,81,2,219,0,1,71,0,72,113,24,152,2,291,0,0,0,291
09/06/2022,SAV,GA,ASO,ES,Combined TRACON& Tower with Radar,93,27,88,10,218,0,1,106,2,109,93,28,194,12,327,46,8,54,381
09/07/2022,SAV,GA,ASO,ES,Combined TRACON& Tower with Radar,97,39,67,6,209,0,0,103,5,108,97,39,170,11,317,41,2,43,360
09/08/2022,SAV,GA,ASO,ES,Combined TRACON& Tower with Radar,104,44,95,12,255,0,5,41,0,46,104,49,136,12,301,46,0,46,347
09/09/2022,SAV,GA,ASO,ES,Combined TRACON& Tower with Radar,97,39,78,4,218,0,0,4,0,4,97,39,82,4,222,0,0,0,222
09/10/2022,SAV,GA,ASO,ES,Combined TRACON& Tower with Radar,108,31,52,2,193,0,0,49,0,49,108,31,101,2,242,64,0,64,306
09/11/2022,SAV,GA,ASO,ES,Combined TRACON& Tower with Radar,106,24,80,4,214,0,0,63,4,67,106,24,143,8,281,18,24,42,323
09/12/2022,SAV,GA,ASO,ES,Combined TRACON& Tower with Radar,96,27,74,5,202,0,4,75,1,80,96,31,149,6,282,56,4,60,342
09/13/2022,SAV,GA,ASO,ES,Combined TRACON& Tower with Radar,92,29,84,8,213,0,6,90,1,97,92,35,174,9,310,42,0,42,352
09/14/2022,SAV,GA,ASO,ES,Combined TRACON& Tower with Radar,95,47,68,9,219,0,1,112,6,119,95,48,180,15,338,66,6,72,410
09/15/2022,SAV,GA,ASO,ES,Combined TRACON& Tower with Radar,104,58,87,11,260,0,0,122,5,127,104,58,209,16,387,64,0,64,451
09/16/2022,SAV,GA,ASO,ES,Combined TRACON& Tower with Radar,103,40,97,13,253,0,2,91,1,94,103,42,188,14,347,45,2,47,394
09/17/2022,SAV,GA,ASO,ES,Combined TRACON& Tower with Radar,102,14,41,1,158,0,2,93,0,95,102,16,134,1,253,26,0,26,279
09/18/2022,SAV,GA,ASO,ES,Combined TRACON& Tower with Radar,108,25,48,2,183,0,4,57,2,63,108,29,105,4,246,30,0,30,276
09/19/2022,SAV,GA,ASO,ES,Combined TRACON& Tower with Radar,102,47,70,10,229,0,1,63,1,65,102,48,133,11,294,26,0,26,320
09/20/2022,SAV,GA,ASO,ES,Combined TRACON& Tower with Radar,93,29,57,9,188,0,2,110,4,116,93,31,167,13,304,42,0,42,346
09/21/2022,SAV,GA,ASO,ES,Combined TRACON& Tower with Radar,97,35,77,2,211,0,4,97,1,102,97,39,174,3,313,56,0,56,369
09/22/2022,SAV,GA,ASO,ES,Combined TRACON& Tower with Radar,97,37,88,6,228,0,0,101,2,103,97,37,189,8,331,24,0,24,355
09/23/2022,SAV,GA,ASO,ES,Combined TRACON& Tower with Radar,106,44,83,13,246,0,5,76,4,85,106,49,159,17,331,55,2,57,388
09/24/2022,SAV,GA,ASO,ES,Combined TRACON& Tower with Radar,105,24,51,2,182,0,0,107,5,112,105,24,158,7,294,62,0,62,356
09/25/2022,SAV,GA,ASO,ES,Combined TRACON& Tower with Radar,110,26,71,5,212,0,1,77,3,81,110,27,148,8,293,30,0,30,323
09/26/2022,SAV,GA,ASO,ES,Combined TRACON& Tower with Radar,101,36,71,4,212,0,7,102,1,110,101,43,173,5,322,50,0,50,372
09/27/2022,SAV,GA,ASO,ES,Combined TRACON& Tower with Radar,92,35,80,4,211,0,0,80,0,80,92,35,160,4,291,24,0,24,315
09/28/2022,SAV,GA,ASO,ES,Combined TRACON& Tower with Radar,93,46,51,10,200,0,0,25,0,25,93,46,76,10,225,8,0,8,233
09/29/2022,SAV,GA,ASO,ES,Combined TRACON& Tower with Radar,55,23,12,0,90,0,0,2,0,2,55,23,14,0,92,0,0,0,92
09/30/2022,SAV,GA,ASO,ES,Combined TRACON& Tower with Radar,12,10,1,0,23,0,0,2,2,4,12,10,3,2,27,0,0,0,27
10/01/2022,SAV,GA,ASO,ES,Combined TRACON& Tower with Radar,90,10,33,0,133,0,3,57,0,60,90,13,90,0,193,12,0,12,205
10/02/2022,SAV,GA,ASO,ES,Combined TRACON& Tower with Radar,113,38,46,5,202,0,0,61,0,61,113,38,107,5,263,44,0,44,307
10/03/2022,SAV,GA,ASO,ES,Combined TRACON& Tower with Radar,104,50,65,5,224,0,0,52,1,53,104,50,117,6,277,0,0,0,277
10/04/2022,SAV,GA,ASO,ES,Combined TRACON& Tower with Radar,95,38,69,11,213,0,6,102,2,110,95,44,171,13,323,0,0,0,323
10/05/2022,SAV,GA,ASO,ES,Combined TRACON& Tower with Radar,98,45,79,7,229,0,3,109,1,113,98,48,188,8,342,0,0,0,342
10/06/2022,SAV,GA,ASO,ES,Combined TRACON& Tower with Radar,109,68,96,10,283,0,4,98,2,104,109,72,194,12,387,0,0,0,387
10/07/2022,SAV,GA,ASO,ES,Combined TRACON& Tower with Radar,113,65,91,5,274,0,3,126,2,131,113,68,217,7,405,0,0,0,405
10/08/2022,SAV,GA,ASO,ES,Combined TRACON& Tower with Radar,109,37,67,2,215,0,2,80,1,83,109,39,147,3,298,0,0,0,298
10/09/2022,SAV,GA,ASO,ES,Combined TRACON& Tower with Radar,109,41,104,1,255,0,1,60,0,61,109,42,164,1,316,0,0,0,316
10/10/2022,SAV,GA,ASO,ES,Combined TRACON& Tower with Radar,112,32,83,0,227,0,1,42,0,43,112,33,125,0,270,0,0,0,270
10/11/2022,SAV,GA,ASO,ES,Combined TRACON& Tower with Radar,94,36,96,24,250,0,0,73,7,80,94,36,169,31,330,24,0,24,354
10/12/2022,SAV,GA,ASO,ES,Combined TRACON& Tower with Radar,95,42,70,8,215,0,0,54,7,61,95,42,124,15,276,0,0,0,276
10/13/2022,SAV,GA,ASO,ES,Combined TRACON& Tower with Radar,110,52,119,13,294,0,5,34,6,45,110,57,153,19,339,36,8,44,383
10/14/2022,SAV,GA,ASO,ES,Combined TRACON& Tower with Radar,112,40,96,11,259,0,3,107,12,122,112,43,203,23,381,0,0,0,381
10/15/2022,SAV,GA,ASO,ES,Combined TRACON& Tower with Radar,108,51,67,2,228,0,1,85,2,88,108,52,152,4,316,0,0,0,316
10/16/2022,SAV,GA,ASO,ES,Combined TRACON& Tower with Radar,115,51,104,4,274,0,2,71,17,90,115,53,175,21,364,0,0,0,364
10/17/2022,SAV,GA,ASO,ES,Combined TRACON& Tower with Radar,112,38,75,6,231,0,4,57,4,65,112,42,132,10,296,0,0,0,296
10/18/2022,SAV,GA,ASO,ES,Combined TRACON& Tower with Radar,99,38,79,4,220,0,4,82,8,94,99,42,161,12,314,0,0,0,314
10/19/2022,SAV,GA,ASO,ES,Combined TRACON& Tower with Radar,98,38,96,8,240,0,8,118,0,126,98,46,214,8,366,0,0,0,366
10/20/2022,SAV,GA,ASO,ES,Combined TRACON& Tower with Radar,113,44,75,14,246,0,7,86,14,107,113,51,161,28,353,0,0,0,353
10/21/2022,SAV,GA,ASO,ES,Combined TRACON& Tower with Radar,114,66,109,24,313,0,2,100,21,123,114,68,209,45,436,0,0,0,436
10/22/2022,SAV,GA,ASO,ES,Combined TRACON& Tower with Radar,110,24,31,1,166,0,0,66,2,68,110,24,97,3,234,0,0,0,234
10/23/2022,SAV,GA,ASO,ES,Combined TRACON& Tower with Radar,111,53,83,24,271,0,0,62,4,66,111,53,145,28,337,0,0,0,337
10/24/2022,SAV,GA,ASO,ES,Combined TRACON& Tower with Radar,108,46,101,4,259,0,5,76,1,82,108,51,177,5,341,30,0,30,371
10/25/2022,SAV,GA,ASO,ES,Combined TRACON& Tower with Radar,84,74,98,0,256,0,2,74,4,80,84,76,172,4,336,39,0,39,375
10/26/2022,SAV,GA,ASO,ES,Combined TRACON& Tower with Radar,94,54,77,2,227,0,2,74,0,76,94,56,151,2,303,58,0,58,361
10/27/2022,SAV,GA,ASO,ES,Combined TRACON& Tower with Radar,108,54,91,6,259,0,0,73,4,77,108,54,164,10,336,30,0,30,366
10/28/2022,SAV,GA,ASO,ES,Combined TRACON& Tower with Radar,119,51,85,15,270,0,1,52,3,56,119,52,137,18,326,0,0,0,326
10/29/2022,SAV,GA,ASO,ES,Combined TRACON& Tower with Radar,105,28,41,6,180,0,0,2,0,2,105,28,43,6,182,0,0,0,182
10/30/2022,SAV,GA,ASO,ES,Combined TRACON& Tower with Radar,98,42,58,2,200,0,0,2,0,2,98,42,60,2,202,0,0,0,202
10/31/2022,SAV,GA,ASO,ES,Combined TRACON& Tower with Radar,99,45,53,3,200,0,2,52,0,54,99,47,105,3,254,64,0,64,318
11/01/2022,SAV,GA,ASO,ES,Combined TRACON& Tower with Radar,60,39,36,4,139,0,1,50,3,54,60,40,86,7,193,65,0,65,258
11/02/2022,SAV,GA,ASO,ES,Combined TRACON& Tower with Radar,88,64,95,3,250,0,5,104,2,111,88,69,199,5,361,24,0,24,385
11/03/2022,SAV,GA,ASO,ES,Combined TRACON& Tower with Radar,100,44,107,13,264,0,3,99,3,105,100,47,206,16,369,48,0,48,417
11/04/2022,SAV,GA,ASO,ES,Combined TRACON& Tower with Radar,93,35,100,15,243,0,0,96,6,102,93,35,196,21,345,48,38,86,431
11/05/2022,SAV,GA,ASO,ES,Combined TRACON& Tower with Radar,91,29,75,14,209,0,2,42,4,48,91,31,117,18,257,34,2,36,293
11/06/2022,SAV,GA,ASO,ES,Combined TRACON& Tower with Radar,92,36,88,16,232,0,1,13,1,15,92,37,101,17,247,16,0,16,263
11/07/2022,SAV,GA,ASO,ES,Combined TRACON& Tower with Radar,102,42,82,10,236,0,0,72,1,73,102,42,154,11,309,10,0,10,319
11/08/2022,SAV,GA,ASO,ES,Combined TRACON& Tower with Radar,90,59,55,4,208,0,1,74,4,79,90,60,129,8,287,63,0,63,350
11/09/2022,SAV,GA,ASO,ES,Combined TRACON& Tower with Radar,90,71,83,2,246,0,1,34,0,35,90,72,117,2,281,34,0,34,315
11/10/2022,SAV,GA,ASO,ES,Combined TRACON& Tower with Radar,94,21,20,0,135,0,0,0,0,0,94,21,20,0,135,0,0,0,135
11/11/2022,SAV,GA,ASO,ES,Combined TRACON& Tower with Radar,89,35,32,1,157,0,0,0,0,0,89,35,32,1,157,0,0,0,157
11/12/2022,SAV,GA,ASO,ES,Combined TRACON& Tower with Radar,83,30,58,7,178,0,2,50,2,54,83,32,108,9,232,8,0,8,240
11/13/2022,SAV,GA,ASO,ES,Combined TRACON& Tower with Radar,93,29,66,4,192,0,3,60,0,63,93,32,126,4,255,16,0,16,271
11/14/2022,SAV,GA,ASO,ES,Combined TRACON& Tower with Radar,97,60,102,3,262,0,2,74,1,77,97,62,176,4,339,10,0,10,349
11/15/2022,SAV,GA,ASO,ES,Combined TRACON& Tower with Radar,87,62,77,8,234,0,2,61,0,63,87,64,138,8,297,72,4,76,373
11/16/2022,SAV,GA,ASO,ES,Combined TRACON& Tower with Radar,88,57,119,3,267,0,2,44,0,46,88,59,163,3,313,34,0,34,347
11/17/2022,SAV,GA,ASO,ES,Combined TRACON& Tower with Radar,96,48,92,16,252,0,4,97,2,103,96,52,189,18,355,38,0,38,393
11/18/2022,SAV,GA,ASO,ES,Combined TRACON& Tower with Radar,99,59,102,14,274,0,6,107,7,120,99,65,209,21,394,5,0,5,399
11/19/2022,SAV,GA,ASO,ES,Combined TRACON& Tower with Radar,84,35,77,8,204,0,4,116,6,126,84,39,193,14,330,28,0,28,358
11/20/2022,SAV,GA,ASO,ES,Combined TRACON& Tower with Radar,91,57,85,21,254,0,0,51,5,56,91,57,136,26,310,8,0,8,318
11/21/2022,SAV,GA,ASO,ES,Combined TRACON& Tower with Radar,96,54,105,4,259,0,2,75,1,78,96,56,180,5,337,16,0,16,353
11/22/2022,SAV,GA,ASO,ES,Combined TRACON& Tower with Radar,94,64,112,18,288,0,0,65,3,68,94,64,177,21,356,0,0,0,356
11/23/2022,SAV,GA,ASO,ES,Combined TRACON& Tower with Radar,101,54,81,3,239,0,0,23,0,23,101,54,104,3,262,2,0,2,264
11/24/2022,SAV,GA,ASO,ES,Combined TRACON& Tower with Radar,61,13,21,0,95,0,0,6,0,6,61,13,27,0,101,0,0,0,101
11/25/2022,SAV,GA,ASO,ES,Combined TRACON& Tower with Radar,83,35,20,1,139,0,0,2,0,2,83,35,22,1,141,0,0,0,141
11/26/2022,SAV,GA,ASO,ES,Combined TRACON& Tower with Radar,97,48,63,0,208,0,0,65,0,65,97,48,128,0,273,6,0,6,279
11/27/2022,SAV,GA,ASO,ES,Combined TRACON& Tower with Radar,96,76,91,0,263,0,0,14,0,14,96,76,105,0,277,4,0,4,281
11/28/2022,SAV,GA,ASO,ES,Combined TRACON& Tower with Radar,98,54,83,2,237,0,8,103,2,113,98,62,186,4,350,22,8,30,380
11/29/2022,SAV,GA,ASO,ES,Combined TRACON& Tower with Radar,83,57,74,18,232,0,16,80,0,96,83,73,154,18,328,16,0,16,344
11/30/2022,SAV,GA,ASO,ES,Combined TRACON& Tower with Radar,80,54,64,3,201,0,3,25,3,31,80,57,89,6,232,29,0,29,261
12/01/2022,SAV,GA,ASO,ES,Combined TRACON& Tower with Radar,89,52,84,9,234,0,5,95,1,101,89,57,179,10,335,23,8,31,366
12/02/2022,SAV,GA,ASO,ES,Combined TRACON& Tower with Radar,95,56,68,4,223,0,10,78,5,93,95,66,146,9,316,48,0,48,364
12/03/2022,SAV,GA,ASO,ES,Combined TRACON& Tower with Radar,76,23,68,1,168,0,3,66,0,69,76,26,134,1,237,7,1,8,245
12/04/2022,SAV,GA,ASO,ES,Combined TRACON& Tower with Radar,83,47,68,7,205,0,0,35,5,40,83,47,103,12,245,24,0,24,269
12/05/2022,SAV,GA,ASO,ES,Combined TRACON& Tower with Radar,93,55,78,2,228,0,5,14,6,25,93,60,92,8,253,16,4,20,273
12/06/2022,SAV,GA,ASO,ES,Combined TRACON& Tower with Radar,87,57,87,27,258,0,7,61,13,81,87,64,148,40,339,10,0,10,349
12/07/2022,SAV,GA,ASO,ES,Combined TRACON& Tower with Radar,80,53,79,15,227,0,8,88,3,99,80,61,167,18,326,98,2,100,426
12/08/2022,SAV,GA,ASO,ES,Combined TRACON& Tower with Radar,90,68,94,5,257,0,8,68,6,82,90,76,162,11,339,0,0,0,339
12/09/2022,SAV,GA,ASO,ES,Combined TRACON& Tower with Radar,94,57,74,13,238,0,5,47,5,57,94,62,121,18,295,23,0,23,318
12/10/2022,SAV,GA,ASO,ES,Combined TRACON& Tower with Radar,76,32,47,1,156,0,0,3,0,3,76,32,50,1,159,0,0,0,159
12/11/2022,SAV,GA,ASO,ES,Combined TRACON& Tower with Radar,86,37,73,15,211,0,0,34,3,37,86,37,107,18,248,18,2,20,268
12/12/2022,SAV,GA,ASO,ES,Combined TRACON& Tower with Radar,94,45,73,23,235,0,2,33,0,35,94,47,106,23,270,56,12,68,338
12/13/2022,SAV,GA,ASO,ES,Combined TRACON& Tower with Radar,79,54,95,15,243,0,7,76,1,84,79,61,171,16,327,14,4,18,345
12/14/2022,SAV,GA,ASO,ES,Combined TRACON& Tower with Radar,78,47,60,6,191,0,0,17,1,18,78,47,77,7,209,0,0,0,209
12/15/2022,SAV,GA,ASO,ES,Combined TRACON& Tower with Radar,81,51,56,8,196,0,0,9,1,10,81,51,65,9,206,4,10,14,220
12/16/2022,SAV,GA,ASO,ES,Combined TRACON& Tower with Radar,89,35,93,7,224,0,11,90,2,103,89,46,183,9,327,38,0,38,365
12/17/2022,SAV,GA,ASO,ES,Combined TRACON& Tower with Radar,87,36,63,0,186,0,0,85,0,85,87,36,148,0,271,20,0,20,291
12/18/2022,SAV,GA,ASO,ES,Combined TRACON& Tower with Radar,77,25,64,5,171,0,0,61,1,62,77,25,125,6,233,32,0,32,265
12/19/2022,SAV,GA,ASO,ES,Combined TRACON& Tower with Radar,90,45,76,2,213,0,8,88,0,96,90,53,164,2,309,2,0,2,311
12/20/2022,SAV,GA,ASO,ES,Combined TRACON& Tower with Radar,88,40,78,3,209,0,1,3,1,5,88,41,81,4,214,2,0,2,216
12/21/2022,SAV,GA,ASO,ES,Combined TRACON& Tower with Radar,92,34,62,4,192,0,0,0,0,0,92,34,62,4,192,0,0,0,192
12/22/2022,SAV,GA,ASO,ES,Combined TRACON& Tower with Radar,88,35,53,4,180,0,0,0,0,0,88,35,53,4,180,0,0,0,180
12/23/2022,SAV,GA,ASO,ES,Combined TRACON& Tower with Radar,76,29,34,4,143,0,0,10,2,12,76,29,44,6,155,8,0,8,163
12/24/2022,SAV,GA,ASO,ES,Combined TRACON& Tower with Radar,63,10,25,0,98,0,0,14,0,14,63,10,39,0,112,0,0,0,112
12/25/2022,SAV,GA,ASO,ES,Combined TRACON& Tower with Radar,56,16,11,0,83,0,0,5,0,5,56,16,16,0,88,0,0,0,88
12/26/2022,SAV,GA,ASO,ES,Combined TRACON& Tower with Radar,76,36,71,0,183,0,3,41,0,44,76,39,112,0,227,8,0,8,235
12/27/2022,SAV,GA,ASO,ES,Combined TRACON& Tower with Radar,75,34,59,0,168,0,0,72,0,72,75,34,131,0,240,32,0,32,272
12/28/2022,SAV,GA,ASO,ES,Combined TRACON& Tower with Radar,81,38,84,4,207,0,0,78,0,78,81,38,162,4,285,0,44,44,329
12/29/2022,SAV,GA,ASO,ES,Combined TRACON& Tower with Radar,79,37,83,5,204,0,0,105,0,105,79,37,188,5,309,12,0,12,321
12/30/2022,SAV,GA,ASO,ES,Combined TRACON& Tower with Radar,92,51,76,0,219,0,1,25,1,27,92,52,101,1,246,38,0,38,284
12/31/2022,SAV,GA,ASO,ES,Combined TRACON& Tower with Radar,68,22,33,0,123,0,0,5,0,5,68,22,38,0,128,0,0,0,128
01/01/2023,SAV,GA,ASO,ES,Combined TRACON& Tower with Radar,58,27,45,0,130,0,0,3,0,3,58,27,48,0,133,0,0,0,133
01/02/2023,SAV,GA,ASO,ES,Combined TRACON& Tower with Radar,92,32,80,0,204,0,0,65,0,65,92,32,145,0,269,0,0,0,269
01/03/2023,SAV,GA,ASO,ES,Combined TRACON& Tower with Radar,81,44,58,3,186,0,5,39,1,45,81,49,97,4,231,20,9,29,260
01/04/2023,SAV,GA,ASO,ES,Combined TRACON& Tower with Radar,79,32,34,4,149,0,1,2,0,3,79,33,36,4,152,0,0,0,152
01/05/2023,SAV,GA,ASO,ES,Combined TRACON& Tower with Radar,83,51,79,7,220,0,3,79,1,83,83,54,158,8,303,4,0,4,307
01/06/2023,SAV,GA,ASO,ES,Combined TRACON& Tower with Radar,82,45,67,15,209,0,2,83,4,89,82,47,150,19,298,46,0,46,344
01/07/2023,SAV,GA,ASO,ES,Combined TRACON& Tower with Radar,76,40,55,8,179,0,2,85,0,87,76,42,140,8,266,0,0,0,266
01/08/2023,SAV,GA,ASO,ES,Combined TRACON& Tower with Radar,84,21,54,16,175,0,0,54,8,62,84,21,108,24,237,25,0,25,262
01/09/2023,SAV,GA,ASO,ES,Combined TRACON& Tower with Radar,84,32,65,4,185,0,1,72,2,75,84,33,137,6,260,26,0,26,286
01/10/2023,SAV,GA,ASO,ES,Combined TRACON& Tower with Radar,81,35,65,14,195,0,3,60,3,66,81,38,125,17,261,52,0,52,313
01/11/2023,SAV,GA,ASO,ES,Combined TRACON& Tower with Radar,73,36,74,18,201,0,5,89,3,97,73,41,163,21,298,29,18,47,345
01/12/2023,SAV,GA,ASO,ES,Combined TRACON& Tower with Radar,84,45,59,3,191,0,3,67,4,74,84,48,126,7,265,38,0,38,303
01/13/2023,SAV,GA,ASO,ES,Combined TRACON& Tower with Radar,91,58,87,6,242,0,2,43,2,47,91,60,130,8,289,18,0,18,307
01/14/2023,SAV,GA,ASO,ES,Combined TRACON& Tower with Radar,71,29,44,2,146,0,9,40,1,50,71,38,84,3,196,26,0,26,222
01/15/2023,SAV,GA,ASO,ES,Combined TRACON& Tower with Radar,79,31,63,1,174,0,0,87,0,87,79,31,150,1,261,6,0,6,267
01/16/2023,SAV,GA,ASO,ES,Combined TRACON& Tower with Radar,87,38,75,0,200,0,8,86,0,94,87,46,161,0,294,8,0,8,302
01/17/2023,SAV,GA,ASO,ES,Combined TRACON& Tower with Radar,81,46,68,7,202,0,4,72,3,79,81,50,140,10,281,14,0,14,295
01/18/2023,SAV,GA,ASO,ES,Combined TRACON& Tower with Radar,77,50,90,5,222,0,3,26,8,37,77,53,116,13,259,7,0,7,266
01/19/2023,SAV,GA,ASO,ES,Combined TRACON& Tower with Radar,90,45,77,7,219,0,15,52,7,74,90,60,129,14,293,6,8,14,307
01/20/2023,SAV,GA,ASO,ES,Combined TRACON& Tower with Radar,93,41,80,16,230,0,9,93,6,108,93,50,173,22,338,51,12,63,401
01/21/2023,SAV,GA,ASO,ES,Combined TRACON& Tower with Radar,72,23,65,2,162,0,1,114,2,117,72,24,179,4,279,0,0,0,279
01/22/2023,SAV,GA,ASO,ES,Combined TRACON& Tower with Radar,85,24,31,2,142,0,0,0,0,0,85,24,31,2,142,0,0,0,142
01/23/2023,SAV,GA,ASO,ES,Combined TRACON& Tower with Radar,83,36,52,11,182,0,0,63,7,70,83,36,115,18,252,56,1,57,309
01/24/2023,SAV,GA,ASO,ES,Combined TRACON& Tower with Radar,80,40,87,11,218,0,3,103,8,114,80,43,190,19,332,24,6,30,362
01/25/2023,SAV,GA,ASO,ES,Combined TRACON& Tower with Radar,77,40,38,13,168,0,2,4,4,10,77,42,42,17,178,10,2,12,190
01/26/2023,SAV,GA,ASO,ES,Combined TRACON& Tower with Radar,89,48,75,12,224,0,3,77,11,91,89,51,152,23,315,10,0,10,325
01/27/2023,SAV,GA,ASO,ES,Combined TRACON& Tower with Radar,93,43,74,5,215,0,11,111,2,124,93,54,185,7,339,0,0,0,339
01/28/2023,SAV,GA,ASO,ES,Combined TRACON& Tower with Radar,75,24,73,1,173,0,2,83,3,88,75,26,156,4,261,24,0,24,285
01/29/2023,SAV,GA,ASO,ES,Combined TRACON& Tower with Radar,83,25,48,1,157,0,0,19,2,21,83,25,67,3,178,6,0,6,184
01/30/2023,SAV,GA,ASO,ES,Combined TRACON& Tower with Radar,77,38,62,6,183,0,0,2,0,2,77,38,64,6,185,0,0,0,185
01/31/2023,SAV,GA,ASO,ES,Combined TRACON& Tower with Radar,74,37,70,5,186,0,0,6,1,7,74,37,76,6,193,0,0,0,193
02/01/2023,SAV,GA,ASO,ES,Combined TRACON& Tower with Radar,73,30,60,4,167,0,5,62,0,67,73,35,122,4,234,28,0,28,262
02/02/2023,SAV,GA,ASO,ES,Combined TRACON& Tower with Radar,85,35,77,8,205,0,0,6,0,6,85,35,83,8,211,0,0,0,211
02/03/2023,SAV,GA,ASO,ES,Combined TRACON& Tower with Radar,92,33,71,9,205,0,1,32,2,35,92,34,103,11,240,28,0,28,268
02/04/2023,SAV,GA,ASO,ES,Combined TRACON& Tower with Radar,80,24,58,9,171,0,2,105,3,110,80,26,163,12,281,38,0,38,319
02/05/2023,SAV,GA,ASO,ES,Combined TRACON& Tower with Radar,83,28,64,10,185,0,2,51,1,54,83,30,115,11,239,10,0,10,249
02/06/2023,SAV,GA,ASO,ES,Combined TRACON& Tower with Radar,91,40,75,28,234,0,3,111,6,120,91,43,186,34,354,22,0,22,376
02/07/2023,SAV,GA,ASO,ES,Combined TRACON& Tower with Radar,81,45,78,36,240,0,5,94,6,105,81,50,172,42,345,12,3,15,360
02/08/2023,SAV,GA,ASO,ES,Combined TRACON& Tower with Radar,85,38,78,30,231,0,4,88,6,98,85,42,166,36,329,28,16,44,373
02/09/2023,SAV,GA,ASO,ES,Combined TRACON& Tower with Radar,88,33,114,40,275,0,3,92,8,103,88,36,206,48,378,34,0,34,412
02/10/2023,SAV,GA,ASO,ES,Combined TRACON& Tower with Radar,90,36,43,21,190,0,0,1,0,1,90,36,44,21,191,0,0,0,191
02/11/2023,SAV,GA,ASO,ES,Combined TRACON& Tower with Radar,81,21,20,0,122,0,0,0,0,0,81,21,20,0,122,0,0,0,122
02/12/2023,SAV,GA,ASO,ES,Combined TRACON& Tower with Radar,84,36,45,2,167,0,0,5,0,5,84,36,50,2,172,0,0,0,172
02/13/2023,SAV,GA,ASO,ES,Combined TRACON& Tower with Radar,91,44,74,33,242,0,7,107,1,115,91,51,181,34,357,25,0,25,382
02/14/2023,SAV,GA,ASO,ES,Combined TRACON& Tower with Radar,84,45,76,26,231,0,2,110,2,114,84,47,186,28,345,0,0,0,345
02/15/2023,SAV,GA,ASO,ES,Combined TRACON& Tower with Radar,85,43,72,32,232,0,2,99,1,102,85,45,171,33,334,12,0,12,346
02/16/2023,SAV,GA,ASO,ES,Combined TRACON& Tower with Radar,99,34,81,44,258,0,3,76,4,83,99,37,157,48,341,5,0,5,346
02/17/2023,SAV,GA,ASO,ES,Combined TRACON& Tower with Radar,96,53,107,14,270,0,2,20,1,23,96,55,127,15,293,0,0,0,293
02/18/2023,SAV,GA,ASO,ES,Combined TRACON& Tower with Radar,85,31,62,1,179,0,9,105,0,114,85,40,167,1,293,18,0,18,311
02/19/2023,SAV,GA,ASO,ES,Combined TRACON& Tower with Radar,94,33,79,5,211,0,5,68,0,73,94,38,147,5,284,0,5,5,289
02/20/2023,SAV,GA,ASO,ES,Combined TRACON& Tower with Radar,99,38,54,1,192,0,9,90,0,99,99,47,144,1,291,20,0,20,311
02/21/2023,SAV,GA,ASO,ES,Combined TRACON& Tower with Radar,87,44,83,23,237,0,3,57,4,64,87,47,140,27,301,44,0,44,345
02/22/2023,SAV,GA,ASO,ES,Combined TRACON& Tower with Radar,99,40,72,28,239,0,7,87,0,94,99,47,159,28,333,71,2,73,406
02/23/2023,SAV,GA,ASO,ES,Combined TRACON& Tower with Radar,98,44,79,11,232,0,3,63,5,71,98,47,142,16,303,12,0,12,315
02/24/2023,SAV,GA,ASO,ES,Combined TRACON& Tower with Radar,100,48,112,33,293,0,5,52,3,60,100,53,164,36,353,30,0,30,383
02/25/2023,SAV,GA,ASO,ES,Combined TRACON& Tower with Radar,87,25,53,4,169,0,3,31,4,38,87,28,84,8,207,18,0,18,225
02/26/2023,SAV,GA,ASO,ES,Combined TRACON& Tower with Radar,94,45,90,6,235,0,1,69,2,72,94,46,159,8,307,47,6,53,360
02/27/2023,SAV,GA,ASO,ES,Combined TRACON& Tower with Radar,98,44,70,14,226,0,2,44,2,48,98,46,114,16,274,8,0,8,282
02/28/2023,SAV,GA,ASO,ES,Combined TRACON& Tower with Radar,83,50,85,25,243,0,6,97,10,113,83,56,182,35,356,14,0,14,370
03/01/2023,SAV,GA,ASO,ES,Combined TRACON& Tower with Radar,93,54,92,12,251,0,3,54,4,61,93,57,146,16,312,25,12,37,349
03/02/2023,SAV,GA,ASO,ES,Combined TRACON& Tower with Radar,96,53,86,32,267,0,0,53,20,73,96,53,139,52,340,5,23,28,368
03/03/2023,SAV,GA,ASO,ES,Combined TRACON& Tower with Radar,109,52,71,24,256,0,0,43,16,59,109,52,114,40,315,12,4,16,331
03/04/2023,SAV,GA,ASO,ES,Combined TRACON& Tower with Radar,86,36,79,1,202,0,0,89,10,99,86,36,168,11,301,6,0,6,307
03/05/2023,SAV,GA,ASO,ES,Combined TRACON& Tower with Radar,96,31,89,7,223,0,2,105,9,116,96,33,194,16,339,26,2,28,367
03/06/2023,SAV,GA,ASO,ES,Combined TRACON& Tower with Radar,106,53,76,13,248,0,10,78,13,101,106,63,154,26,349,14,4,18,367
03/07/2023,SAV,GA,ASO,ES,Combined TRACON& Tower with Radar,90,48,72,6,216,0,1,61,15,77,90,49,133,21,293,16,0,16,309
03/08/2023,SAV,GA,ASO,ES,Combined TRACON& Tower with Radar,101,55,84,18,258,0,0,96,2,98,101,55,180,20,356,4,0,4,360
03/09/2023,SAV,GA,ASO,ES,Combined TRACON& Tower with Radar,104,55,72,6,237,0,7,83,3,93,104,62,155,9,330,8,0,8,338
03/10/2023,SAV,GA,ASO,ES,Combined TRACON& Tower with Radar,116,46,65,11,238,0,0,5,1,6,116,46,70,12,244,0,0,0,244
03/11/2023,SAV,GA,ASO,ES,Combined TRACON& Tower with Radar,103,55,76,2,236,0,4,104,2,110,103,59,180,4,346,12,0,12,358
03/12/2023,SAV,GA,ASO,ES,Combined TRACON& Tower with Radar,113,33,70,3,219,0,1,27,1,29,113,34,97,4,248,12,0,12,260
03/13/2023,SAV,GA,ASO,ES,Combined TRACON& Tower with Radar,111,52,94,4,261,0,0,45,3,48,111,52,139,7,309,12,0,12,321
03/14/2023,SAV,GA,ASO,ES,Combined TRACON& Tower with Radar,89,53,84,9,235,0,3,86,2,91,89,56,170,11,326,39,0,39,365
03/15/2023,SAV,GA,ASO,ES,Combined TRACON& Tower with Radar,108,70,79,16,273,0,15,126,3,144,108,85,205,19,417,14,0,14,431
03/16/2023,SAV,GA,ASO,ES,Combined TRACON& Tower with Radar,110,63,82,12,267,0,3,105,9,117,110,66,187,21,384,38,0,38,422
03/17/2023,SAV,GA,ASO,ES,Combined TRACON& Tower with Radar,109,47,57,10,223,0,4,52,7,63,109,51,109,17,286,14,0,14,300
03/18/2023,SAV,GA,ASO,ES,Combined TRACON& Tower with Radar,119,40,52,5,216,0,1,15,1,17,119,41,67,6,233,0,0,0,233
03/19/2023,SAV,GA,ASO,ES,Combined TRACON& Tower with Radar,113,41,76,1,231,0,2,91,2,95,113,43,167,3,326,0,0,0,326
03/20/2023,SAV,GA,ASO,ES,Combined TRACON& Tower with Radar,113,50,53,10,226,0,7,110,0,117,113,57,163,10,343,20,0,20,363
03/21/2023,SAV,GA,ASO,ES,Combined TRACON& Tower with Radar,95,44,63,5,207,0,3,94,1,98,95,47,157,6,305,35,3,38,343
03/22/2023,SAV,GA,ASO,ES,Combined TRACON& Tower with Radar,107,53,105,22,287,0,2,33,5,40,107,55,138,27,327,2,0,2,329
03/23/2023,SAV,GA,ASO,ES,Combined TRACON& Tower with Radar,108,74,104,16,302,0,3,99,2,104,108,77,203,18,406,20,0,20,426
03/24/2023,SAV,GA,ASO,ES,Combined TRACON& Tower with Radar,114,43,71,42,270,0,9,119,5,133,114,52,190,47,403,4,17,21,424
03/25/2023,SAV,GA,ASO,ES,Combined TRACON& Tower with Radar,107,32,73,3,215,0,0,32,5,37,107,32,105,8,252,4,0,4,256
03/26/2023,SAV,GA,ASO,ES,Combined TRACON& Tower with Radar,110,39,100,2,251,0,0,29,0,29,110,39,129,2,280,0,0,0,280
03/27/2023,SAV,GA,ASO,ES,Combined TRACON& Tower with Radar,117,47,64,4,232,0,1,50,0,51,117,48,114,4,283,14,0,14,297
03/28/2023,SAV,GA,ASO,ES,Combined TRACON& Tower with Radar,96,64,69,0,229,0,0,12,0,12,96,64,81,0,241,0,0,0,241
03/29/2023,SAV,GA,ASO,ES,Combined TRACON& Tower with Radar,105,49,64,17,235,0,1,108,3,112,105,50,172,20,347,16,0,16,363
03/30/2023,SAV,GA,ASO,ES,Combined TRACON& Tower with Radar,114,51,72,8,245,0,13,126,6,145,114,64,198,14,390,16,0,16,406
03/31/2023,SAV,GA,ASO,ES,Combined TRACON& Tower with Radar,110,39,112,4,265,0,0,116,2,118,110,39,228,6,383,0,0,0,383
04/01/2023,SAV,GA,ASO,ES,Combined TRACON& Tower with Radar,113,31,42,3,189,0,4,13,0,17,113,35,55,3,206,0,0,0,206
04/02/2023,SAV,GA,ASO,ES,Combined TRACON& Tower with Radar,114,45,82,0,241,0,3,67,0,70,114,48,149,0,311,0,0,0,311
04/03/2023,SAV,GA,ASO,ES,Combined TRACON& Tower with Radar,116,27,71,3,217,0,6,50,1,57,116,33,121,4,274,7,0,7,281
04/04/2023,SAV,GA,ASO,ES,Combined TRACON& Tower with Radar,96,38,83,6,223,0,1,53,1,55,96,39,136,7,278,81,0,81,359
04/05/2023,SAV,GA,ASO,ES,Combined TRACON& Tower with Radar,100,63,104,13,280,0,2,101,0,103,100,65,205,13,383,20,4,24,407
04/06/2023,SAV,GA,ASO,ES,Combined TRACON& Tower with Radar,110,75,102,4,291,0,3,95,1,99,110,78,197,5,390,0,0,0,390
04/07/2023,SAV,GA,ASO,ES,Combined TRACON& Tower with Radar,125,42,87,0,254,0,0,77,1,78,125,42,164,1,332,6,0,6,338
04/08/2023,SAV,GA,ASO,ES,Combined TRACON& Tower with Radar,109,39,37,0,185,0,0,0,0,0,109,39,37,0,185,0,0,0,185
04/09/2023,SAV,GA,ASO,ES,Combined TRACON& Tower with Radar,127,32,35,0,194,0,0,11,0,11,127,32,46,0,205,4,0,4,209
04/10/2023,SAV,GA,ASO,ES,Combined TRACON& Tower with Radar,121,46,98,1,266,0,3,75,0,78,121,49,173,1,344,5,0,5,349
04/11/2023,SAV,GA,ASO,ES,Combined TRACON& Tower with Radar,103,63,78,2,246,0,4,102,4,110,103,67,180,6,356,2,0,2,358
04/12/2023,SAV,GA,ASO,ES,Combined TRACON& Tower with Radar,108,49,75,6,238,0,2,98,3,103,108,51,173,9,341,8,0,8,349
04/13/2023,SAV,GA,ASO,ES,Combined TRACON& Tower with Radar,125,34,80,5,244,0,0,17,0,17,125,34,97,5,261,4,0,4,265
04/14/2023,SAV,GA,ASO,ES,Combined TRACON& Tower with Radar,125,44,96,17,282,0,0,54,2,56,125,44,150,19,338,4,0,4,342
04/15/2023,SAV,GA,ASO,ES,Combined TRACON& Tower with Radar,109,46,71,0,226,0,10,101,0,111,109,56,172,0,337,30,0,30,367
04/16/2023,SAV,GA,ASO,ES,Combined TRACON& Tower with Radar,126,56,73,6,261,0,0,42,0,42,126,56,115,6,303,23,0,23,326
04/17/2023,SAV,GA,ASO,ES,Combined TRACON& Tower with Radar,122,45,70,2,239,0,2,75,4,81,122,47,145,6,320,0,0,0,320
04/18/2023,SAV,GA,ASO,ES,Combined TRACON& Tower with Radar,104,59,61,11,235,0,3,108,4,115,104,62,169,15,350,58,0,58,408
04/19/2023,SAV,GA,ASO,ES,Combined TRACON& Tower with Radar,106,48,77,11,242,0,4,107,6,117,106,52,184,17,359,12,0,12,371
04/20/2023,SAV,GA,ASO,ES,Combined TRACON& Tower with Radar,120,64,99,5,288,0,1,104,7,112,120,65,203,12,400,4,0,4,404
04/21/2023,SAV,GA,ASO,ES,Combined TRACON& Tower with Radar,126,58,104,12,300,0,8,107,7,122,126,66,211,19,422,12,0,12,434
04/22/2023,SAV,GA,ASO,ES,Combined TRACON& Tower with Radar,116,33,54,7,210,0,0,55,5,60,116,33,109,12,270,0,0,0,270
04/23/2023,SAV,GA,ASO,ES,Combined TRACON& Tower with Radar,125,33,85,4,247,0,0,114,5,119,125,33,199,9,366,0,0,0,366
04/24/2023,SAV,GA,ASO,ES,Combined TRACON& Tower with Radar,124,50,96,11,281,0,5,54,6,65,124,55,150,17,346,8,0,8,354
04/25/2023,SAV,GA,ASO,ES,Combined TRACON& Tower with Radar,102,56,86,7,251,0,3,58,7,68,102,59,144,14,319,0,0,0,319
04/26/2023,SAV,GA,ASO,ES,Combined TRACON& Tower with Radar,104,37,57,14,212,0,3,61,7,71,104,40,118,21,283,30,0,30,313
04/27/2023,SAV,GA,ASO,ES,Combined TRACON& Tower with Radar,117,53,57,13,240,0,0,4,1,5,117,53,61,14,245,22,6,28,273
04/28/2023,SAV,GA,ASO,ES,Combined TRACON& Tower with Radar,127,62,82,6,277,0,1,28,2,31,127,63,110,8,308,0,0,0,308
04/29/2023,SAV,GA,ASO,ES,Combined TRACON& Tower with Radar,111,36,26,0,173,0,3,76,4,83,111,39,102,4,256,0,0,0,256
04/30/2023,SAV,GA,ASO,ES,Combined TRACON& Tower with Radar,122,27,72,0,221,0,0,10,0,10,122,27,82,0,231,0,0,0,231
05/01/2023,SAV,GA,ASO,ES,Combined TRACON& Tower with Radar,125,36,59,5,225,0,3,66,5,74,125,39,125,10,299,8,0,8,307
05/02/2023,SAV,GA,ASO,ES,Combined TRACON& Tower with Radar,103,47,68,5,223,0,0,72,1,73,103,47,140,6,296,20,0,20,316
05/03/2023,SAV,GA,ASO,ES,Combined TRACON& Tower with Radar,109,39,60,15,223,0,5,76,7,88,109,44,136,22,311,32,30,62,373
05/04/2023,SAV,GA,ASO,ES,Combined TRACON& Tower with Radar,118,49,89,16,272,0,3,151,5,159,118,52,240,21,431,36,1,37,468
05/05/2023,SAV,GA,ASO,ES,Combined TRACON& Tower with Radar,127,62,86,3,278,0,2,95,1,98,127,64,181,4,376,16,0,16,392
05/06/2023,SAV,GA,ASO,ES,Combined TRACON& Tower with Radar,118,44,67,2,231,0,1,26,2,29,118,45,93,4,260,0,0,0,260
05/07/2023,SAV,GA,ASO,ES,Combined TRACON& Tower with Radar,127,47,75,9,258,0,0,60,0,60,127,47,135,9,318,0,0,0,318
05/08/2023,SAV,GA,ASO,ES,Combined TRACON& Tower with Radar,119,36,77,10,242,0,7,82,1,90,119,43,159,11,332,41,0,41,373
05/09/2023,SAV,GA,ASO,ES,Combined TRACON& Tower with Radar,102,51,47,3,203,0,0,88,3,91,102,51,135,6,294,0,0,0,294
05/10/2023,SAV,GA,ASO,ES,Combined TRACON& Tower with Radar,107,63,111,5,286,0,1,47,3,51,107,64,158,8,337,12,0,12,349
05/11/2023,SAV,GA,ASO,ES,Combined TRACON& Tower with Radar,122,67,88,9,286,0,4,63,4,71,122,71,151,13,357,22,0,22,379
05/12/2023,SAV,GA,ASO,ES,Combined TRACON& Tower with Radar,125,34,83,6,248,0,4,63,2,69,125,38,146,8,317,0,4,4,321
05/13/2023,SAV,GA,ASO,ES,Combined TRACON& Tower with Radar,115,24,59,4,202,0,2,71,0,73,115,26,130,4,275,0,0,0,275
05/14/2023,SAV,GA,ASO,ES,Combined TRACON& Tower with Radar,123,43,56,2,224,0,0,73,0,73,123,43,129,2,297,13,0,13,310
05/15/2023,SAV,GA,ASO,ES,Combined TRACON& Tower with Radar,125,45,80,16,266,0,0,34,0,34,125,45,114,16,300,0,0,0,300
05/16/2023,SAV,GA,ASO,ES,Combined TRACON& Tower with Radar,109,45,68,14,236,0,8,99,3,110,109,53,167,17,346,0,10,10,356
05/17/2023,SAV,GA,ASO,ES,Combined TRACON& Tower with Radar,109,48,79,16,252,0,3,80,4,87,109,51,159,20,339,28,25,53,392
05/18/2023,SAV,GA,ASO,ES,Combined TRACON& Tower with Radar,117,54,112,3,286,0,1,2,2,5,117,55,114,5,291,0,0,0,291
05/19/2023,SAV,GA,ASO,ES,Combined TRACON& Tower with Radar,123,45,100,12,280,0,0,7,2,9,123,45,107,14,289,0,0,0,289
05/20/2023,SAV,GA,ASO,ES,Combined TRACON& Tower with Radar,118,27,74,11,230,0,0,81,2,83,118,27,155,13,313,6,0,6,319
05/21/2023,SAV,GA,ASO,ES,Combined TRACON& Tower with Radar,126,22,66,2,216,0,0,6,2,8,126,22,72,4,224,6,0,6,230
05/22/2023,SAV,GA,ASO,ES,Combined TRACON& Tower with Radar,127,29,81,5,242,0,2,36,3,41,127,31,117,8,283,14,0,14,297
05/23/2023,SAV,GA,ASO,ES,Combined TRACON& Tower with Radar,107,46,78,20,251,0,2,69,0,71,107,48,147,20,322,4,16,20,342
05/24/2023,SAV,GA,ASO,ES,Combined TRACON& Tower with Radar,104,60,71,4,239,0,0,120,4,124,104,60,191,8,363,15,0,15,378
05/25/2023,SAV,GA,ASO,ES,Combined TRACON& Tower with Radar,123,74,66,2,265,0,2,103,0,105,123,76,169,2,370,8,0,8,378
05/26/2023,SAV,GA,ASO,ES,Combined TRACON& Tower with Radar,127,43,93,3,266,0,1,22,0,23,127,44,115,3,289,0,0,0,289
05/27/2023,SAV,GA,ASO,ES,Combined TRACON& Tower with Radar,118,19,32,2,171,0,0,0,0,0,118,19,32,2,171,0,0,0,171
05/28/2023,SAV,GA,ASO,ES,Combined TRACON& Tower with Radar,120,25,43,4,192,0,1,3,0,4,120,26,46,4,196,0,0,0,196
05/29/2023,SAV,GA,ASO,ES,Combined TRACON& Tower with Radar,124,28,49,3,204,0,2,82,2,86,124,30,131,5,290,24,0,24,314
05/30/2023,SAV,GA,ASO,ES,Combined TRACON& Tower with Radar,107,44,62,5,218,0,7,106,3,116,107,51,168,8,334,28,0,28,362
05/31/2023,SAV,GA,ASO,ES,Combined TRACON& Tower with Radar,103,38,100,8,249,0,0,75,6,81,103,38,175,14,330,0,0,0,330
06/01/2023,SAV,GA,ASO,ES,Combined TRACON& Tower with Radar,118,52,89,7,266,0,0,86,6,92,118,52,175,13,358,12,5,17,375
06/02/2023,SAV,GA,ASO,ES,Combined TRACON& Tower with Radar,116,63,67,21,267,0,3,105,5,113,116,66,172,26,380,13,12,25,405
06/03/2023,SAV,GA,ASO,ES,Combined TRACON& Tower with Radar,128,31,50,4,213,0,1,69,1,71,128,32,119,5,284,0,0,0,284
06/04/2023,SAV,GA,ASO,ES,Combined TRACON& Tower with Radar,125,29,73,3,230,0,0,12,1,13,125,29,85,4,243,0,0,0,243
06/05/2023,SAV,GA,ASO,ES,Combined TRACON& Tower with Radar,119,52,82,4,257,0,4,108,0,112,119,56,190,4,369,14,0,14,383
06/06/2023,SAV,GA,ASO,ES,Combined TRACON& Tower with Radar,107,60,54,14,235,0,4,96,0,100,107,64,150,14,335,13,12,25,360
06/07/2023,SAV,GA,ASO,ES,Combined TRACON& Tower with Radar,103,29,85,12,229,0,7,81,1,89,103,36,166,13,318,11,0,11,329
06/08/2023,SAV,GA,ASO,ES,Combined TRACON& Tower with Radar,115,40,105,3,263,0,6,57,1,64,115,46,162,4,327,16,0,16,343
06/09/2023,SAV,GA,ASO,ES,Combined TRACON& Tower with Radar,116,39,104,20,279,0,8,88,3,99,116,47,192,23,378,27,0,27,405
06/10/2023,SAV,GA,ASO,ES,Combined TRACON& Tower with Radar,133,26,40,3,202,1,0,69,0,70,134,26,109,3,272,20,0,20,292
06/11/2023,SAV,GA,ASO,ES,Combined TRACON& Tower with Radar,127,36,68,5,236,0,0,31,0,31,127,36,99,5,267,0,0,0,267
06/12/2023,SAV,GA,ASO,ES,Combined TRACON& Tower with Radar,114,23,39,3,179,0,1,56,1,58,114,24,95,4,237,10,2,12,249
06/13/2023,SAV,GA,ASO,ES,Combined TRACON& Tower with Radar,104,39,60,1,204,0,5,74,0,79,104,44,134,1,283,10,0,10,293
06/14/2023,SAV,GA,ASO,ES,Combined TRACON& Tower with Radar,101,36,52,1,190,0,3,35,0,38,101,39,87,1,228,24,0,24,252
06/15/2023,SAV,GA,ASO,ES,Combined TRACON& Tower with Radar,114,57,71,4,246,0,3,36,4,43,114,60,107,8,289,18,0,18,307
06/16/2023,SAV,GA,ASO,ES,Combined TRACON& Tower with Radar,112,35,90,4,241,0,4,45,1,50,112,39,135,5,291,16,0,16,307
06/17/2023,SAV,GA,ASO,ES,Combined TRACON& Tower with Radar,127,15,69,1,212,0,1,76,0,77,127,16,145,1,289,36,0,36,325
06/18/2023,SAV,GA,ASO,ES,Combined TRACON& Tower with Radar,122,40,49,1,212,0,4,54,1,59,122,44,103,2,271,0,0,0,271
06/19/2023,SAV,GA,ASO,ES,Combined TRACON& Tower with Radar,112,39,75,0,226,0,0,17,2,19,112,39,92,2,245,20,0,20,265
06/20/2023,SAV,GA,ASO,ES,Combined TRACON& Tower with Radar,98,38,73,3,212,0,0,25,0,25,98,38,98,3,237,31,0,31,268
06/21/2023,SAV,GA,ASO,ES,Combined TRACON& Tower with Radar,96,40,55,5,196,0,4,48,0,52,96,44,103,5,248,38,0,38,286
06/22/2023,SAV,GA,ASO,ES,Combined TRACON& Tower with Radar,112,37,65,7,221,0,2,31,1,34,112,39,96,8,255,18,11,29,284
06/23/2023,SAV,GA,ASO,ES,Combined TRACON& Tower with Radar,110,34,68,4,216,0,0,44,1,45,110,34,112,5,261,20,0,20,281
06/24/2023,SAV,GA,ASO,ES,Combined TRACON& Tower with Radar,134,19,59,7,219,0,1,65,3,69,134,20,124,10,288,4,0,4,292
06/25/2023,SAV,GA,ASO,ES,Combined TRACON& Tower with Radar,125,20,61,1,207,0,3,79,1,83,125,23,140,2,290,0,0,0,290
06/26/2023,SAV,GA,ASO,ES,Combined TRACON& Tower with Radar,100,40,63,9,212,0,11,97,4,112,100,51,160,13,324,20,10,30,354
06/27/2023,SAV,GA,ASO,ES,Combined TRACON& Tower with Radar,95,48,62,14,219,0,7,94,1,102,95,55,156,15,321,12,0,12,333
06/28/2023,SAV,GA,ASO,ES,Combined TRACON& Tower with Radar,98,28,53,12,191,0,2,146,2,150,98,30,199,14,341,22,2,24,365
06/29/2023,SAV,GA,ASO,ES,Combined TRACON& Tower with Radar,117,50,83,19,269,0,9,107,1,117,117,59,190,20,386,36,0,36,422
06/30/2023,SAV,GA,ASO,ES,Combined TRACON& Tower with Radar,116,54,84,7,261,0,10,97,3,110,116,64,181,10,371,0,0,0,371
07/01/2023,SAV,GA,ASO,ES,Combined TRACON& Tower with Radar,134,28,63,0,225,0,0,59,0,59,134,28,122,0,284,0,0,0,284
07/02/2023,SAV,GA,ASO,ES,Combined TRACON& Tower with Radar,118,34,33,2,187,0,3,69,0,72,118,37,102,2,259,0,0,0,259
07/03/2023,SAV,GA,ASO,ES,Combined TRACON& Tower with Radar,105,27,22,0,154,0,2,60,0,62,105,29,82,0,216,2,0,2,218
07/04/2023,SAV,GA,ASO,ES,Combined TRACON& Tower with Radar,88,21,21,0,130,0,2,29,0,31,88,23,50,0,161,25,0,25,186
07/05/2023,SAV,GA,ASO,ES,Combined TRACON& Tower with Radar,114,24,57,7,202,0,9,60,1,70,114,33,117,8,272,20,0,20,292
07/06/2023,SAV,GA,ASO,ES,Combined TRACON& Tower with Radar,111,41,79,9,240,0,4,104,11,119,111,45,183,20,359,14,30,44,403
07/07/2023,SAV,GA,ASO,ES,Combined TRACON& Tower with Radar,122,26,51,5,204,0,1,95,6,102,122,27,146,11,306,11,0,11,317
07/08/2023,SAV,GA,ASO,ES,Combined TRACON& Tower with Radar,144,15,54,0,213,0,4,73,4,81,144,19,127,4,294,4,0,4,298
07/09/2023,SAV,GA,ASO,ES,Combined TRACON& Tower with Radar,120,21,63,6,210,0,0,43,7,50,120,21,106,13,260,18,0,18,278
07/10/2023,SAV,GA,ASO,ES,Combined TRACON& Tower with Radar,117,35,54,8,214,0,0,9,0,9,117,35,63,8,223,20,0,20,243
07/11/2023,SAV,GA,ASO,ES,Combined TRACON& Tower with Radar,100,38,69,8,215,0,2,85,2,89,100,40,154,10,304,0,0,0,304
07/12/2023,SAV,GA,ASO,ES,Combined TRACON& Tower with Radar,106,33,86,9,234,0,7,103,2,112,106,40,189,11,346,14,0,14,360
07/13/2023,SAV,GA,ASO,ES,Combined TRACON& Tower with Radar,113,26,76,18,233,0,1,67,0,68,113,27,143,18,301,0,0,0,301
07/14/2023,SAV,GA,ASO,ES,Combined TRACON& Tower with Radar,109,31,63,6,209,0,0,92,0,92,109,31,155,6,301,0,0,0,301
07/15/2023,SAV,GA,ASO,ES,Combined TRACON& Tower with Radar,145,35,78,6,264,0,2,58,0,60,145,37,136,6,324,16,0,16,340
07/16/2023,SAV,GA,ASO,ES,Combined TRACON& Tower with Radar,113,20,62,3,198,0,4,48,0,52,113,24,110,3,250,14,0,14,264
07/17/2023,SAV,GA,ASO,ES,Combined TRACON& Tower with Radar,115,38,60,3,216,0,0,73,0,73,115,38,133,3,289,0,0,0,289
07/18/2023,SAV,GA,ASO,ES,Combined TRACON& Tower with Radar,96,49,70,15,230,0,2,69,1,72,96,51,139,16,302,9,10,19,321
07/19/2023,SAV,GA,ASO,ES,Combined TRACON& Tower with Radar,110,31,71,3,215,0,4,64,0,68,110,35,135,3,283,6,0,6,289
07/20/2023,SAV,GA,ASO,ES,Combined TRACON& Tower with Radar,128,34,69,6,237,0,5,83,0,88,128,39,152,6,325,0,9,9,334
07/21/2023,SAV,GA,ASO,ES,Combined TRACON& Tower with Radar,121,33,65,15,234,0,12,66,3,81,121,45,131,18,315,6,8,14,329
07/22/2023,SAV,GA,ASO,ES,Combined TRACON& Tower with Radar,146,29,39,3,217,0,4,53,3,60,146,33,92,6,277,2,0,2,279
07/23/2023,SAV,GA,ASO,ES,Combined TRACON& Tower with Radar,125,21,48,15,209,0,0,39,1,40,125,21,87,16,249,4,0,4,253
07/24/2023,SAV,GA,ASO,ES,Combined TRACON& Tower with Radar,118,39,55,2,214,0,4,46,1,51,118,43,101,3,265,0,0,0,265
07/25/2023,SAV,GA,ASO,ES,Combined TRACON& Tower with Radar,99,37,93,4,233,0,6,86,2,94,99,43,179,6,327,18,0,18,345
07/26/2023,SAV,GA,ASO,ES,Combined TRACON& Tower with Radar,91,33,70,6,200,0,2,76,0,78,91,35,146,6,278,13,0,13,291
07/27/2023,SAV,GA,ASO,ES,Combined TRACON& Tower with Radar,119,39,99,3,260,0,2,56,0,58,119,41,155,3,318,22,0,22,340
07/28/2023,SAV,GA,ASO,ES,Combined TRACON& Tower with Radar,114,26,65,0,205,0,0,4,2,6,114,26,69,2,211,6,0,6,217
07/29/2023,SAV,GA,ASO,ES,Combined TRACON& Tower with Radar,140,24,41,0,205,0,0,3,0,3,140,24,44,0,208,20,0,20,228
07/30/2023,SAV,GA,ASO,ES,Combined TRACON& Tower with Radar,122,19,48,5,194,0,1,73,1,75,122,20,121,6,269,9,0,9,278
07/31/2023,SAV,GA,ASO,ES,Combined TRACON& Tower with Radar,123,44,91,10,268,0,0,59,0,59,123,44,150,10,327,14,6,20,347
08/01/2023,SAV,GA,ASO,ES,Combined TRACON& Tower with Radar,109,30,56,13,208,0,6,74,1,81,109,36,130,14,289,14,0,14,303
08/02/2023,SAV,GA,ASO,ES,Combined TRACON& Tower with Radar,106,50,69,10,235,0,4,77,0,81,106,54,146,10,316,14,0,14,330
08/03/2023,SAV,GA,ASO,ES,Combined TRACON& Tower with Radar,121,41,66,10,238,0,1,86,0,87,121,42,152,10,325,0,0,0,325
08/04/2023,SAV,GA,ASO,ES,Combined TRACON& Tower with Radar,109,33,59,3,204,0,0,22,0,22,109,33,81,3,226,4,0,4,230
08/05/2023,SAV,GA,ASO,ES,Combined TRACON& Tower with Radar,136,31,53,8,228,0,1,69,0,70,136,32,122,8,298,10,0,10,308
08/06/2023,SAV,GA,ASO,ES,Combined TRACON& Tower with Radar,133,24,60,3,220,0,0,37,0,37,133,24,97,3,257,0,0,0,257
08/07/2023,SAV,GA,ASO,ES,Combined TRACON& Tower with Radar,105,29,67,2,203,0,11,94,3,108,105,40,161,5,311,28,0,28,339
08/08/2023,SAV,GA,ASO,ES,Combined TRACON& Tower with Radar,99,47,45,6,197,0,5,75,0,80,99,52,120,6,277,4,0,4,281
08/09/2023,SAV,GA,ASO,ES,Combined TRACON& Tower with Radar,106,25,78,4,213,0,3,99,1,103,106,28,177,5,316,20,8,28,344
08/10/2023,SAV,GA,ASO,ES,Combined TRACON& Tower with Radar,113,38,75,3,229,0,7,86,4,97,113,45,161,7,326,39,0,39,365
08/11/2023,SAV,GA,ASO,ES,Combined TRACON& Tower with Radar,114,24,46,12,196,0,2,77,0,79,114,26,123,12,275,8,0,8,283
08/12/2023,SAV,GA,ASO,ES,Combined TRACON& Tower with Radar,141,33,49,1,224,0,4,95,0,99,141,37,144,1,323,0,0,0,323
08/13/2023,SAV,GA,ASO,ES,Combined TRACON& Tower with Radar,128,27,75,1,231,0,7,67,3,77,128,34,142,4,308,0,12,12,320
08/14/2023,SAV,GA,ASO,ES,Combined TRACON& Tower with Radar,114,26,56,0,196,0,7,59,3,69,114,33,115,3,265,34,0,34,299
08/15/2023,SAV,GA,ASO,ES,Combined TRACON& Tower with Radar,98,13,68,1,180,0,3,68,3,74,98,16,136,4,254,3,0,3,257
08/16/2023,SAV,GA,ASO,ES,Combined TRACON& Tower with Radar,109,33,78,5,225,0,0,64,8,72,109,33,142,13,297,0,0,0,297
08/17/2023,SAV,GA,ASO,ES,Combined TRACON& Tower with Radar,117,48,72,8,245,0,10,76,2,88,117,58,148,10,333,68,0,68,401
08/18/2023,SAV,GA,ASO,ES,Combined TRACON& Tower with Radar,109,33,62,14,218,0,9,126,9,144,109,42,188,23,362,30,16,46,408
08/19/2023,SAV,GA,ASO,ES,Combined TRACON& Tower with Radar,115,16,49,6,186,0,5,96,0,101,115,21,145,6,287,32,2,34,321
08/20/2023,SAV,GA,ASO,ES,Combined TRACON& Tower with Radar,113,29,52,4,198,0,1,47,6,54,113,30,99,10,252,9,0,9,261
08/21/2023,SAV,GA,ASO,ES,Combined TRACON& Tower with Radar,103,28,60,7,198,0,5,71,0,76,103,33,131,7,274,24,0,24,298
08/22/2023,SAV,GA,ASO,ES,Combined TRACON& Tower with Radar,102,45,63,11,221,0,0,115,1,116,102,45,178,12,337,2,2,4,341
08/23/2023,SAV,GA,ASO,ES,Combined TRACON& Tower with Radar,100,36,64,10,210,0,4,76,5,85,100,40,140,15,295,18,0,18,313
08/24/2023,SAV,GA,ASO,ES,Combined TRACON& Tower with Radar,110,40,60,9,219,0,2,97,6,105,110,42,157,15,324,12,0,12,336
08/25/2023,SAV,GA,ASO,ES,Combined TRACON& Tower with Radar,106,51,78,34,269,0,4,88,8,100,106,55,166,42,369,2,18,20,389
08/26/2023,SAV,GA,ASO,ES,Combined TRACON& Tower with Radar,115,25,35,2,177,0,2,94,6,102,115,27,129,8,279,21,0,21,300
08/27/2023,SAV,GA,ASO,ES,Combined TRACON& Tower with Radar,111,30,47,0,188,0,4,55,1,60,111,34,102,1,248,0,0,0,248
08/28/2023,SAV,GA,ASO,ES,Combined TRACON& Tower with Radar,103,58,84,12,257,0,1,47,1,49,103,59,131,13,306,4,0,4,310
08/29/2023,SAV,GA,ASO,ES,Combined TRACON& Tower with Radar,104,50,62,3,219,0,0,15,0,15,104,50,77,3,234,14,0,14,248
08/30/2023,SAV,GA,ASO,ES,Combined TRACON& Tower with Radar,32,3,2,0,37,0,0,0,0,0,32,3,2,0,37,0,0,0,37
08/31/2023,SAV,GA,ASO,ES,Combined TRACON& Tower with Radar,97,38,66,8,209,0,0,87,0,87,97,38,153,8,296,12,0,12,308
