01/01/2020,SAW,MI,AGL,CE,Federal Contract Tower,0,10,1,0,11,0,0,7,0,7,0,10,8,0,18,0,0,0,18
01/02/2020,SAW,MI,AGL,CE,Federal Contract Tower,0,17,2,0,19,7,2,0,0,9,7,19,2,0,28,0,0,0,28
01/03/2020,SAW,MI,AGL,CE,Federal Contract Tower,4,23,2,0,29,2,2,0,0,4,6,25,2,0,33,0,0,0,33
01/04/2020,SAW,MI,AGL,CE,Federal Contract Tower,1,9,1,0,11,0,0,2,0,2,1,9,3,0,13,0,0,0,13
01/05/2020,SAW,MI,AGL,CE,Federal Contract Tower,0,6,0,0,6,0,1,0,0,1,0,7,0,0,7,0,0,0,7
01/06/2020,SAW,MI,AGL,CE,Federal Contract Tower,0,17,1,0,18,0,3,3,0,6,0,20,4,0,24,6,0,6,30
01/07/2020,SAW,MI,AGL,CE,Federal Contract Tower,0,21,0,0,21,0,4,0,0,4,0,25,0,0,25,0,0,0,25
01/08/2020,SAW,MI,AGL,CE,Federal Contract Tower,0,20,0,0,20,4,2,0,0,6,4,22,0,0,26,0,0,0,26
01/09/2020,SAW,MI,AGL,CE,Federal Contract Tower,0,18,0,0,18,0,4,0,0,4,0,22,0,0,22,0,0,0,22
01/10/2020,SAW,MI,AGL,CE,Federal Contract Tower,0,20,1,0,21,0,1,4,2,7,0,21,5,2,28,0,0,0,28
01/11/2020,SAW,MI,AGL,CE,Federal Contract Tower,0,8,0,0,8,0,0,0,0,0,0,8,0,0,8,0,0,0,8
01/12/2020,SAW,MI,AGL,CE,Federal Contract Tower,0,7,1,0,8,0,2,0,0,2,0,9,1,0,10,0,0,0,10
01/13/2020,SAW,MI,AGL,CE,Federal Contract Tower,3,15,2,0,20,2,6,4,0,12,5,21,6,0,32,30,0,30,62
01/14/2020,SAW,MI,AGL,CE,Federal Contract Tower,0,20,2,0,22,0,2,5,0,7,0,22,7,0,29,34,0,34,63
01/15/2020,SAW,MI,AGL,CE,Federal Contract Tower,0,14,0,0,14,0,2,0,0,2,0,16,0,0,16,0,0,0,16
01/16/2020,SAW,MI,AGL,CE,Federal Contract Tower,0,16,0,0,16,1,1,4,0,6,1,17,4,0,22,0,0,0,22
01/17/2020,SAW,MI,AGL,CE,Federal Contract Tower,0,18,1,0,19,0,1,11,2,14,0,19,12,2,33,18,0,18,51
01/18/2020,SAW,MI,AGL,CE,Federal Contract Tower,0,3,0,0,3,0,0,0,0,0,0,3,0,0,3,0,0,0,3
01/19/2020,SAW,MI,AGL,CE,Federal Contract Tower,0,4,1,0,5,0,2,0,0,2,0,6,1,0,7,0,0,0,7
01/20/2020,SAW,MI,AGL,CE,Federal Contract Tower,0,17,0,0,17,0,2,7,0,9,0,19,7,0,26,12,0,12,38
01/21/2020,SAW,MI,AGL,CE,Federal Contract Tower,0,16,1,0,17,0,4,7,0,11,0,20,8,0,28,4,0,4,32
01/22/2020,SAW,MI,AGL,CE,Federal Contract Tower,0,21,1,0,22,0,2,0,0,2,0,23,1,0,24,0,0,0,24
01/23/2020,SAW,MI,AGL,CE,Federal Contract Tower,0,16,1,0,17,0,1,0,0,1,0,17,1,0,18,0,0,0,18
01/24/2020,SAW,MI,AGL,CE,Federal Contract Tower,0,16,1,0,17,0,1,0,0,1,0,17,1,0,18,0,0,0,18
01/25/2020,SAW,MI,AGL,CE,Federal Contract Tower,0,8,0,0,8,0,0,0,0,0,0,8,0,0,8,0,0,0,8
01/26/2020,SAW,MI,AGL,CE,Federal Contract Tower,0,9,0,0,9,0,2,0,0,2,0,11,0,0,11,0,0,0,11
01/27/2020,SAW,MI,AGL,CE,Federal Contract Tower,0,14,0,0,14,0,3,2,0,5,0,17,2,0,19,14,0,14,33
01/28/2020,SAW,MI,AGL,CE,Federal Contract Tower,0,20,2,0,22,0,2,0,0,2,0,22,2,0,24,1,0,1,25
01/29/2020,SAW,MI,AGL,CE,Federal Contract Tower,0,20,3,0,23,1,1,0,0,2,1,21,3,0,25,0,0,0,25
01/30/2020,SAW,MI,AGL,CE,Federal Contract Tower,0,19,0,2,21,0,2,0,0,2,0,21,0,2,23,0,0,0,23
01/31/2020,SAW,MI,AGL,CE,Federal Contract Tower,0,16,3,0,19,0,3,0,0,3,0,19,3,0,22,0,0,0,22
02/01/2020,SAW,MI,AGL,CE,Federal Contract Tower,0,10,1,0,11,0,1,5,0,6,0,11,6,0,17,36,0,36,53
02/02/2020,SAW,MI,AGL,CE,Federal Contract Tower,0,10,6,0,16,0,2,0,0,2,0,12,6,0,18,0,0,0,18
02/03/2020,SAW,MI,AGL,CE,Federal Contract Tower,0,17,4,0,21,0,3,6,0,9,0,20,10,0,30,20,0,20,50
02/04/2020,SAW,MI,AGL,CE,Federal Contract Tower,0,13,0,0,13,0,2,19,0,21,0,15,19,0,34,46,0,46,80
02/05/2020,SAW,MI,AGL,CE,Federal Contract Tower,0,16,0,0,16,1,1,5,0,7,1,17,5,0,23,4,0,4,27
02/06/2020,SAW,MI,AGL,CE,Federal Contract Tower,0,12,6,0,18,1,1,14,0,16,1,13,20,0,34,10,0,10,44
02/07/2020,SAW,MI,AGL,CE,Federal Contract Tower,0,17,0,0,17,0,14,0,0,14,0,31,0,0,31,0,0,0,31
02/08/2020,SAW,MI,AGL,CE,Federal Contract Tower,0,10,2,0,12,8,0,4,0,12,8,10,6,0,24,12,0,12,36
02/09/2020,SAW,MI,AGL,CE,Federal Contract Tower,0,7,0,0,7,0,2,2,0,4,0,9,2,0,11,0,0,0,11
02/10/2020,SAW,MI,AGL,CE,Federal Contract Tower,3,12,0,1,16,0,5,5,0,10,3,17,5,1,26,16,0,16,42
02/11/2020,SAW,MI,AGL,CE,Federal Contract Tower,0,19,0,0,19,0,2,2,1,5,0,21,2,1,24,0,0,0,24
02/12/2020,SAW,MI,AGL,CE,Federal Contract Tower,0,27,2,0,29,0,10,2,1,13,0,37,4,1,42,0,0,0,42
02/13/2020,SAW,MI,AGL,CE,Federal Contract Tower,0,16,1,0,17,4,5,0,2,11,4,21,1,2,28,0,0,0,28
02/14/2020,SAW,MI,AGL,CE,Federal Contract Tower,2,16,6,0,24,1,2,2,4,9,3,18,8,4,33,0,0,0,33
02/15/2020,SAW,MI,AGL,CE,Federal Contract Tower,0,8,5,0,13,0,0,0,0,0,0,8,5,0,13,0,0,0,13
02/16/2020,SAW,MI,AGL,CE,Federal Contract Tower,0,8,0,0,8,0,1,3,0,4,0,9,3,0,12,0,0,0,12
02/17/2020,SAW,MI,AGL,CE,Federal Contract Tower,0,14,2,0,16,0,4,0,0,4,0,18,2,0,20,0,0,0,20
02/18/2020,SAW,MI,AGL,CE,Federal Contract Tower,0,13,3,0,16,0,2,0,0,2,0,15,3,0,18,0,0,0,18
02/19/2020,SAW,MI,AGL,CE,Federal Contract Tower,1,17,1,0,19,2,1,0,2,5,3,18,1,2,24,0,0,0,24
02/20/2020,SAW,MI,AGL,CE,Federal Contract Tower,0,18,2,0,20,0,2,9,0,11,0,20,11,0,31,16,0,16,47
02/21/2020,SAW,MI,AGL,CE,Federal Contract Tower,0,13,1,0,14,0,3,3,2,8,0,16,4,2,22,0,0,0,22
02/22/2020,SAW,MI,AGL,CE,Federal Contract Tower,0,11,2,0,13,0,0,18,11,29,0,11,20,11,42,22,34,56,98
02/23/2020,SAW,MI,AGL,CE,Federal Contract Tower,0,6,0,0,6,1,1,9,0,11,1,7,9,0,17,0,0,0,17
02/24/2020,SAW,MI,AGL,CE,Federal Contract Tower,0,9,3,0,12,0,3,14,2,19,0,12,17,2,31,0,4,4,35
02/25/2020,SAW,MI,AGL,CE,Federal Contract Tower,0,16,0,2,18,0,3,0,2,5,0,19,0,4,23,0,0,0,23
02/26/2020,SAW,MI,AGL,CE,Federal Contract Tower,0,18,1,1,20,0,2,0,0,2,0,20,1,1,22,0,0,0,22
02/27/2020,SAW,MI,AGL,CE,Federal Contract Tower,0,17,0,0,17,0,2,0,0,2,0,19,0,0,19,0,0,0,19
02/28/2020,SAW,MI,AGL,CE,Federal Contract Tower,0,16,2,2,20,0,2,2,3,7,0,18,4,5,27,0,0,0,27
02/29/2020,SAW,MI,AGL,CE,Federal Contract Tower,0,8,2,0,10,0,0,7,4,11,0,8,9,4,21,16,0,16,37
03/01/2020,SAW,MI,AGL,CE,Federal Contract Tower,0,10,2,0,12,0,2,4,0,6,0,12,6,0,18,0,0,0,18
03/02/2020,SAW,MI,AGL,CE,Federal Contract Tower,0,17,3,0,20,0,2,2,4,8,0,19,5,4,28,8,0,8,36
03/03/2020,SAW,MI,AGL,CE,Federal Contract Tower,0,15,2,0,17,0,2,0,2,4,0,17,2,2,21,0,2,2,23
03/04/2020,SAW,MI,AGL,CE,Federal Contract Tower,0,27,3,0,30,1,1,1,20,23,1,28,4,20,53,0,54,54,107
03/05/2020,SAW,MI,AGL,CE,Federal Contract Tower,0,16,1,0,17,0,1,0,0,1,0,17,1,0,18,0,0,0,18
03/06/2020,SAW,MI,AGL,CE,Federal Contract Tower,0,22,1,0,23,0,4,1,0,5,0,26,2,0,28,0,0,0,28
03/07/2020,SAW,MI,AGL,CE,Federal Contract Tower,0,10,3,0,13,0,0,18,15,33,0,10,21,15,46,16,50,66,112
03/08/2020,SAW,MI,AGL,CE,Federal Contract Tower,0,8,1,0,9,0,2,13,0,15,0,10,14,0,24,14,0,14,38
03/09/2020,SAW,MI,AGL,CE,Federal Contract Tower,0,10,3,0,13,0,2,0,0,2,0,12,3,0,15,0,0,0,15
03/10/2020,SAW,MI,AGL,CE,Federal Contract Tower,0,15,1,0,16,0,2,7,20,29,0,17,8,20,45,20,56,76,121
03/11/2020,SAW,MI,AGL,CE,Federal Contract Tower,0,20,3,0,23,0,2,0,0,2,0,22,3,0,25,0,0,0,25
03/12/2020,SAW,MI,AGL,CE,Federal Contract Tower,0,18,2,0,20,0,1,0,0,1,0,19,2,0,21,0,0,0,21
03/13/2020,SAW,MI,AGL,CE,Federal Contract Tower,0,14,0,0,14,0,2,0,0,2,0,16,0,0,16,0,0,0,16
03/14/2020,SAW,MI,AGL,CE,Federal Contract Tower,0,12,5,0,17,6,0,0,0,6,6,12,5,0,23,0,0,0,23
03/15/2020,SAW,MI,AGL,CE,Federal Contract Tower,0,5,0,0,5,0,1,18,0,19,0,6,18,0,24,10,0,10,34
03/17/2020,SAW,MI,AGL,CE,Federal Contract Tower,0,16,0,1,17,0,4,13,0,17,0,20,13,1,34,18,0,18,52
03/18/2020,SAW,MI,AGL,CE,Federal Contract Tower,2,18,0,0,20,2,2,9,0,13,4,20,9,0,33,26,0,26,59
03/19/2020,SAW,MI,AGL,CE,Federal Contract Tower,0,17,0,0,17,0,2,0,0,2,0,19,0,0,19,0,0,0,19
03/20/2020,SAW,MI,AGL,CE,Federal Contract Tower,0,10,0,0,10,0,1,0,0,1,0,11,0,0,11,0,0,0,11
03/21/2020,SAW,MI,AGL,CE,Federal Contract Tower,0,9,2,0,11,0,0,13,0,13,0,9,15,0,24,20,0,20,44
03/22/2020,SAW,MI,AGL,CE,Federal Contract Tower,0,5,7,0,12,0,0,7,0,7,0,5,14,0,19,6,0,6,25
03/23/2020,SAW,MI,AGL,CE,Federal Contract Tower,0,10,1,0,11,0,3,7,0,10,0,13,8,0,21,0,0,0,21
03/24/2020,SAW,MI,AGL,CE,Federal Contract Tower,0,15,2,0,17,0,2,10,0,12,0,17,12,0,29,18,0,18,47
03/25/2020,SAW,MI,AGL,CE,Federal Contract Tower,0,18,1,0,19,6,2,0,0,8,6,20,1,0,27,0,0,0,27
03/26/2020,SAW,MI,AGL,CE,Federal Contract Tower,0,13,0,0,13,0,5,0,0,5,0,18,0,0,18,0,0,0,18
03/27/2020,SAW,MI,AGL,CE,Federal Contract Tower,0,13,1,0,14,0,7,3,0,10,0,20,4,0,24,0,0,0,24
03/28/2020,SAW,MI,AGL,CE,Federal Contract Tower,0,19,0,0,19,0,0,2,0,2,0,19,2,0,21,0,0,0,21
03/29/2020,SAW,MI,AGL,CE,Federal Contract Tower,0,8,1,0,9,0,1,0,0,1,0,9,1,0,10,0,0,0,10
03/30/2020,SAW,MI,AGL,CE,Federal Contract Tower,0,17,0,0,17,0,3,4,0,7,0,20,4,0,24,0,0,0,24
03/31/2020,SAW,MI,AGL,CE,Federal Contract Tower,0,18,2,0,20,0,2,0,0,2,0,20,2,0,22,0,0,0,22
04/01/2020,SAW,MI,AGL,CE,Federal Contract Tower,0,18,0,0,18,0,7,2,0,9,0,25,2,0,27,0,0,0,27
04/02/2020,SAW,MI,AGL,CE,Federal Contract Tower,0,20,1,0,21,0,1,8,0,9,0,21,9,0,30,0,0,0,30
04/03/2020,SAW,MI,AGL,CE,Federal Contract Tower,0,10,0,0,10,0,2,7,0,9,0,12,7,0,19,0,0,0,19
04/04/2020,SAW,MI,AGL,CE,Federal Contract Tower,3,10,0,0,13,0,0,1,0,1,3,10,1,0,14,0,0,0,14
04/05/2020,SAW,MI,AGL,CE,Federal Contract Tower,0,4,0,0,4,0,1,12,0,13,0,5,12,0,17,4,0,4,21
04/06/2020,SAW,MI,AGL,CE,Federal Contract Tower,0,8,2,0,10,1,2,4,0,7,1,10,6,0,17,6,0,6,23
04/07/2020,SAW,MI,AGL,CE,Federal Contract Tower,0,13,0,0,13,2,3,2,0,7,2,16,2,0,20,0,0,0,20
04/08/2020,SAW,MI,AGL,CE,Federal Contract Tower,0,13,0,0,13,0,2,2,0,4,0,15,2,0,17,2,0,2,19
04/09/2020,SAW,MI,AGL,CE,Federal Contract Tower,0,14,0,0,14,0,4,0,0,4,0,18,0,0,18,0,0,0,18
04/10/2020,SAW,MI,AGL,CE,Federal Contract Tower,0,12,2,0,14,4,8,2,0,14,4,20,4,0,28,0,0,0,28
04/11/2020,SAW,MI,AGL,CE,Federal Contract Tower,0,9,1,0,10,0,0,8,0,8,0,9,9,0,18,6,0,6,24
04/12/2020,SAW,MI,AGL,CE,Federal Contract Tower,0,4,1,0,5,0,1,0,0,1,0,5,1,0,6,0,0,0,6
04/13/2020,SAW,MI,AGL,CE,Federal Contract Tower,0,5,0,0,5,0,1,0,0,1,0,6,0,0,6,0,0,0,6
04/14/2020,SAW,MI,AGL,CE,Federal Contract Tower,0,11,1,0,12,0,2,1,0,3,0,13,2,0,15,0,0,0,15
04/15/2020,SAW,MI,AGL,CE,Federal Contract Tower,0,16,1,0,17,0,2,0,0,2,0,18,1,0,19,0,0,0,19
04/16/2020,SAW,MI,AGL,CE,Federal Contract Tower,0,12,0,0,12,0,1,2,0,3,0,13,2,0,15,4,0,4,19
04/17/2020,SAW,MI,AGL,CE,Federal Contract Tower,0,12,0,0,12,0,4,8,0,12,0,16,8,0,24,20,0,20,44
04/18/2020,SAW,MI,AGL,CE,Federal Contract Tower,0,7,2,0,9,2,0,1,0,3,2,7,3,0,12,0,0,0,12
04/19/2020,SAW,MI,AGL,CE,Federal Contract Tower,0,5,1,0,6,0,1,6,0,7,0,6,7,0,13,12,0,12,25
04/20/2020,SAW,MI,AGL,CE,Federal Contract Tower,0,12,1,0,13,0,2,2,0,4,0,14,3,0,17,8,0,8,25
04/21/2020,SAW,MI,AGL,CE,Federal Contract Tower,0,14,0,0,14,0,2,7,0,9,0,16,7,0,23,0,0,0,23
04/22/2020,SAW,MI,AGL,CE,Federal Contract Tower,0,13,0,0,13,0,2,9,0,11,0,15,9,0,24,28,0,28,52
04/23/2020,SAW,MI,AGL,CE,Federal Contract Tower,0,15,2,0,17,0,2,14,0,16,0,17,16,0,33,0,0,0,33
04/24/2020,SAW,MI,AGL,CE,Federal Contract Tower,0,11,0,0,11,0,3,19,0,22,0,14,19,0,33,10,0,10,43
04/25/2020,SAW,MI,AGL,CE,Federal Contract Tower,4,11,0,0,15,0,0,14,0,14,4,11,14,0,29,44,0,44,73
04/26/2020,SAW,MI,AGL,CE,Federal Contract Tower,0,5,1,0,6,0,5,17,0,22,0,10,18,0,28,8,0,8,36
04/27/2020,SAW,MI,AGL,CE,Federal Contract Tower,0,10,0,0,10,0,7,7,0,14,0,17,7,0,24,0,0,0,24
04/28/2020,SAW,MI,AGL,CE,Federal Contract Tower,0,16,0,0,16,0,6,0,0,6,0,22,0,0,22,0,0,0,22
04/29/2020,SAW,MI,AGL,CE,Federal Contract Tower,0,15,0,0,15,0,2,0,0,2,0,17,0,0,17,0,0,0,17
04/30/2020,SAW,MI,AGL,CE,Federal Contract Tower,0,12,0,0,12,0,2,6,0,8,0,14,6,0,20,2,0,2,22
05/01/2020,SAW,MI,AGL,CE,Federal Contract Tower,0,11,0,0,11,0,1,26,0,27,0,12,26,0,38,46,0,46,84
05/02/2020,SAW,MI,AGL,CE,Federal Contract Tower,0,3,0,0,3,0,0,8,0,8,0,3,8,0,11,8,0,8,19
05/03/2020,SAW,MI,AGL,CE,Federal Contract Tower,0,4,0,0,4,0,2,0,0,2,0,6,0,0,6,0,0,0,6
05/04/2020,SAW,MI,AGL,CE,Federal Contract Tower,0,10,1,0,11,0,2,5,0,7,0,12,6,0,18,14,0,14,32
05/05/2020,SAW,MI,AGL,CE,Federal Contract Tower,0,11,0,0,11,0,0,18,0,18,0,11,18,0,29,48,0,48,77
05/06/2020,SAW,MI,AGL,CE,Federal Contract Tower,0,12,2,2,16,0,14,36,0,50,0,26,38,2,66,86,0,86,152
05/07/2020,SAW,MI,AGL,CE,Federal Contract Tower,0,15,1,2,18,0,4,4,0,8,0,19,5,2,26,4,0,4,30
05/08/2020,SAW,MI,AGL,CE,Federal Contract Tower,0,14,0,0,14,0,4,0,0,4,0,18,0,0,18,0,0,0,18
05/09/2020,SAW,MI,AGL,CE,Federal Contract Tower,0,8,2,0,10,0,6,16,2,24,0,14,18,2,34,68,0,68,102
05/10/2020,SAW,MI,AGL,CE,Federal Contract Tower,0,4,0,0,4,0,2,4,0,6,0,6,4,0,10,0,0,0,10
05/11/2020,SAW,MI,AGL,CE,Federal Contract Tower,0,11,0,0,11,0,2,18,0,20,0,13,18,0,31,22,0,22,53
05/12/2020,SAW,MI,AGL,CE,Federal Contract Tower,0,9,0,0,9,0,0,18,6,24,0,9,18,6,33,40,0,40,73
05/13/2020,SAW,MI,AGL,CE,Federal Contract Tower,0,18,0,0,18,12,1,22,0,35,12,19,22,0,53,38,0,38,91
05/14/2020,SAW,MI,AGL,CE,Federal Contract Tower,0,16,2,2,20,0,2,0,0,2,0,18,2,2,22,0,0,0,22
05/15/2020,SAW,MI,AGL,CE,Federal Contract Tower,0,16,0,2,18,0,1,9,0,10,0,17,9,2,28,4,0,4,32
05/16/2020,SAW,MI,AGL,CE,Federal Contract Tower,0,7,0,0,7,0,1,17,0,18,0,8,17,0,25,74,0,74,99
05/17/2020,SAW,MI,AGL,CE,Federal Contract Tower,0,4,0,0,4,0,2,7,0,9,0,6,7,0,13,12,0,12,25
05/18/2020,SAW,MI,AGL,CE,Federal Contract Tower,0,10,0,0,10,0,1,6,0,7,0,11,6,0,17,8,0,8,25
05/19/2020,SAW,MI,AGL,CE,Federal Contract Tower,1,10,1,0,12,0,10,38,0,48,1,20,39,0,60,82,0,82,142
05/20/2020,SAW,MI,AGL,CE,Federal Contract Tower,0,14,9,0,23,0,1,35,0,36,0,15,44,0,59,54,0,54,113
05/21/2020,SAW,MI,AGL,CE,Federal Contract Tower,0,12,6,0,18,0,0,11,0,11,0,12,17,0,29,8,0,8,37
05/22/2020,SAW,MI,AGL,CE,Federal Contract Tower,0,13,2,0,15,0,1,16,0,17,0,14,18,0,32,36,0,36,68
05/23/2020,SAW,MI,AGL,CE,Federal Contract Tower,0,6,5,0,11,0,1,15,0,16,0,7,20,0,27,24,0,24,51
05/24/2020,SAW,MI,AGL,CE,Federal Contract Tower,0,6,1,0,7,0,0,8,0,8,0,6,9,0,15,12,0,12,27
05/25/2020,SAW,MI,AGL,CE,Federal Contract Tower,0,4,3,0,7,0,0,3,0,3,0,4,6,0,10,4,0,4,14
05/26/2020,SAW,MI,AGL,CE,Federal Contract Tower,0,8,2,0,10,0,8,25,0,33,0,16,27,0,43,12,0,12,55
05/27/2020,SAW,MI,AGL,CE,Federal Contract Tower,0,14,0,1,15,0,1,10,9,20,0,15,10,10,35,62,0,62,97
05/28/2020,SAW,MI,AGL,CE,Federal Contract Tower,0,19,0,0,19,0,1,2,0,3,0,20,2,0,22,0,0,0,22
05/29/2020,SAW,MI,AGL,CE,Federal Contract Tower,0,11,4,0,15,0,1,17,0,18,0,12,21,0,33,24,0,24,57
05/30/2020,SAW,MI,AGL,CE,Federal Contract Tower,0,3,0,0,3,0,1,11,0,12,0,4,11,0,15,6,0,6,21
05/31/2020,SAW,MI,AGL,CE,Federal Contract Tower,0,7,4,0,11,0,1,14,0,15,0,8,18,0,26,10,0,10,36
06/01/2020,SAW,MI,AGL,CE,Federal Contract Tower,0,11,2,0,13,0,0,9,0,9,0,11,11,0,22,18,0,18,40
06/02/2020,SAW,MI,AGL,CE,Federal Contract Tower,0,12,2,0,14,0,0,13,0,13,0,12,15,0,27,34,0,34,61
06/03/2020,SAW,MI,AGL,CE,Federal Contract Tower,0,17,5,0,22,0,2,27,0,29,0,19,32,0,51,42,0,42,93
06/04/2020,SAW,MI,AGL,CE,Federal Contract Tower,0,13,0,0,13,0,2,19,0,21,0,15,19,0,34,42,0,42,76
06/05/2020,SAW,MI,AGL,CE,Federal Contract Tower,0,12,10,0,22,0,2,21,0,23,0,14,31,0,45,8,0,8,53
06/06/2020,SAW,MI,AGL,CE,Federal Contract Tower,0,3,11,0,14,0,0,10,0,10,0,3,21,0,24,10,0,10,34
06/07/2020,SAW,MI,AGL,CE,Federal Contract Tower,0,6,7,0,13,0,2,14,0,16,0,8,21,0,29,10,0,10,39
06/08/2020,SAW,MI,AGL,CE,Federal Contract Tower,0,11,1,0,12,0,0,3,0,3,0,11,4,0,15,0,0,0,15
06/09/2020,SAW,MI,AGL,CE,Federal Contract Tower,0,14,0,0,14,0,1,15,0,16,0,15,15,0,30,6,0,6,36
06/10/2020,SAW,MI,AGL,CE,Federal Contract Tower,0,12,0,0,12,0,0,0,0,0,0,12,0,0,12,0,0,0,12
06/11/2020,SAW,MI,AGL,CE,Federal Contract Tower,0,16,0,0,16,0,0,0,0,0,0,16,0,0,16,0,0,0,16
06/12/2020,SAW,MI,AGL,CE,Federal Contract Tower,0,18,6,0,24,0,1,5,0,6,0,19,11,0,30,10,0,10,40
06/13/2020,SAW,MI,AGL,CE,Federal Contract Tower,0,4,3,0,7,0,1,24,0,25,0,5,27,0,32,26,0,26,58
06/14/2020,SAW,MI,AGL,CE,Federal Contract Tower,0,9,0,1,10,0,0,28,1,29,0,9,28,2,39,12,0,12,51
06/15/2020,SAW,MI,AGL,CE,Federal Contract Tower,0,10,2,0,12,0,1,16,0,17,0,11,18,0,29,28,0,28,57
06/16/2020,SAW,MI,AGL,CE,Federal Contract Tower,0,11,0,0,11,0,1,14,0,15,0,12,14,0,26,42,0,42,68
06/17/2020,SAW,MI,AGL,CE,Federal Contract Tower,0,12,0,0,12,0,0,14,0,14,0,12,14,0,26,14,0,14,40
06/18/2020,SAW,MI,AGL,CE,Federal Contract Tower,0,20,0,0,20,0,0,19,0,19,0,20,19,0,39,42,0,42,81
06/19/2020,SAW,MI,AGL,CE,Federal Contract Tower,0,13,2,0,15,0,2,15,0,17,0,15,17,0,32,16,0,16,48
06/20/2020,SAW,MI,AGL,CE,Federal Contract Tower,0,6,2,0,8,0,1,0,0,1,0,7,2,0,9,0,0,0,9
06/21/2020,SAW,MI,AGL,CE,Federal Contract Tower,0,5,0,0,5,0,1,18,0,19,0,6,18,0,24,10,0,10,34
06/22/2020,SAW,MI,AGL,CE,Federal Contract Tower,0,13,0,0,13,0,1,11,0,12,0,14,11,0,25,12,0,12,37
06/23/2020,SAW,MI,AGL,CE,Federal Contract Tower,0,25,0,0,25,0,2,7,0,9,0,27,7,0,34,0,0,0,34
06/24/2020,SAW,MI,AGL,CE,Federal Contract Tower,0,13,0,0,13,0,11,19,0,30,0,24,19,0,43,38,0,38,81
06/25/2020,SAW,MI,AGL,CE,Federal Contract Tower,0,14,0,4,18,0,0,48,2,50,0,14,48,6,68,108,8,116,184
06/26/2020,SAW,MI,AGL,CE,Federal Contract Tower,0,13,5,0,18,0,0,21,0,21,0,13,26,0,39,42,0,42,81
06/27/2020,SAW,MI,AGL,CE,Federal Contract Tower,0,9,6,0,15,0,2,38,0,40,0,11,44,0,55,64,0,64,119
06/28/2020,SAW,MI,AGL,CE,Federal Contract Tower,0,12,1,0,13,0,0,45,0,45,0,12,46,0,58,62,0,62,120
06/29/2020,SAW,MI,AGL,CE,Federal Contract Tower,0,13,6,0,19,0,1,12,0,13,0,14,18,0,32,2,0,2,34
06/30/2020,SAW,MI,AGL,CE,Federal Contract Tower,0,12,0,0,12,0,2,20,0,22,0,14,20,0,34,44,0,44,78
07/01/2020,SAW,MI,AGL,CE,Federal Contract Tower,0,19,1,8,28,0,0,32,6,38,0,19,33,14,66,98,0,98,164
07/02/2020,SAW,MI,AGL,CE,Federal Contract Tower,0,18,4,0,22,0,1,21,0,22,0,19,25,0,44,26,0,26,70
07/03/2020,SAW,MI,AGL,CE,Federal Contract Tower,0,22,6,0,28,0,1,18,2,21,0,23,24,2,49,26,0,26,75
07/04/2020,SAW,MI,AGL,CE,Federal Contract Tower,0,5,1,0,6,0,0,12,0,12,0,5,13,0,18,16,0,16,34
07/05/2020,SAW,MI,AGL,CE,Federal Contract Tower,1,16,2,0,19,0,1,15,0,16,1,17,17,0,35,30,0,30,65
07/06/2020,SAW,MI,AGL,CE,Federal Contract Tower,0,19,3,0,22,0,1,6,0,7,0,20,9,0,29,0,0,0,29
07/07/2020,SAW,MI,AGL,CE,Federal Contract Tower,0,23,3,2,28,0,0,20,0,20,0,23,23,2,48,80,0,80,128
07/08/2020,SAW,MI,AGL,CE,Federal Contract Tower,0,27,3,0,30,0,0,14,0,14,0,27,17,0,44,58,0,58,102
07/09/2020,SAW,MI,AGL,CE,Federal Contract Tower,0,21,2,0,23,0,2,11,0,13,0,23,13,0,36,30,0,30,66
07/10/2020,SAW,MI,AGL,CE,Federal Contract Tower,0,22,5,0,27,0,3,8,0,11,0,25,13,0,38,10,0,10,48
07/11/2020,SAW,MI,AGL,CE,Federal Contract Tower,0,10,3,0,13,0,0,19,0,19,0,10,22,0,32,20,0,20,52
07/12/2020,SAW,MI,AGL,CE,Federal Contract Tower,0,13,2,0,15,0,2,11,0,13,0,15,13,0,28,4,0,4,32
07/13/2020,SAW,MI,AGL,CE,Federal Contract Tower,0,14,0,0,14,0,3,18,0,21,0,17,18,0,35,0,0,0,35
07/14/2020,SAW,MI,AGL,CE,Federal Contract Tower,0,17,0,0,17,0,1,0,0,1,0,18,0,0,18,0,0,0,18
07/15/2020,SAW,MI,AGL,CE,Federal Contract Tower,0,22,4,0,26,0,1,7,0,8,0,23,11,0,34,6,0,6,40
07/16/2020,SAW,MI,AGL,CE,Federal Contract Tower,0,19,1,0,20,0,1,19,0,20,0,20,20,0,40,82,0,82,122
07/17/2020,SAW,MI,AGL,CE,Federal Contract Tower,0,16,1,0,17,0,2,14,0,16,0,18,15,0,33,0,0,0,33
07/18/2020,SAW,MI,AGL,CE,Federal Contract Tower,0,8,2,0,10,0,0,6,0,6,0,8,8,0,16,0,0,0,16
07/19/2020,SAW,MI,AGL,CE,Federal Contract Tower,0,9,2,0,11,0,1,4,0,5,0,10,6,0,16,0,0,0,16
07/20/2020,SAW,MI,AGL,CE,Federal Contract Tower,0,16,3,0,19,0,1,8,0,9,0,17,11,0,28,16,0,16,44
07/21/2020,SAW,MI,AGL,CE,Federal Contract Tower,0,20,1,0,21,0,5,14,0,19,0,25,15,0,40,54,0,54,94
07/22/2020,SAW,MI,AGL,CE,Federal Contract Tower,0,22,4,2,28,0,2,0,0,2,0,24,4,2,30,0,0,0,30
07/23/2020,SAW,MI,AGL,CE,Federal Contract Tower,0,21,10,5,36,0,1,47,8,56,0,22,57,13,92,50,14,64,156
07/24/2020,SAW,MI,AGL,CE,Federal Contract Tower,2,16,4,0,22,0,1,22,0,23,2,17,26,0,45,10,0,10,55
07/25/2020,SAW,MI,AGL,CE,Federal Contract Tower,0,11,10,0,21,0,0,15,0,15,0,11,25,0,36,0,0,0,36
07/26/2020,SAW,MI,AGL,CE,Federal Contract Tower,0,9,3,0,12,0,1,2,0,3,0,10,5,0,15,0,0,0,15
07/27/2020,SAW,MI,AGL,CE,Federal Contract Tower,0,22,2,0,24,0,3,15,0,18,0,25,17,0,42,6,0,6,48
07/28/2020,SAW,MI,AGL,CE,Federal Contract Tower,0,21,8,0,29,0,1,12,0,13,0,22,20,0,42,6,0,6,48
07/29/2020,SAW,MI,AGL,CE,Federal Contract Tower,0,24,7,9,40,0,3,32,2,37,0,27,39,11,77,80,10,90,167
07/30/2020,SAW,MI,AGL,CE,Federal Contract Tower,0,25,7,0,32,0,1,16,0,17,0,26,23,0,49,2,0,2,51
07/31/2020,SAW,MI,AGL,CE,Federal Contract Tower,0,22,7,1,30,0,8,36,1,45,0,30,43,2,75,80,22,102,177
08/01/2020,SAW,MI,AGL,CE,Federal Contract Tower,0,15,1,0,16,0,0,26,0,26,0,15,27,0,42,108,0,108,150
08/02/2020,SAW,MI,AGL,CE,Federal Contract Tower,0,8,3,0,11,0,0,0,0,0,0,8,3,0,11,0,0,0,11
08/03/2020,SAW,MI,AGL,CE,Federal Contract Tower,0,16,4,0,20,0,5,25,0,30,0,21,29,0,50,56,0,56,106
08/04/2020,SAW,MI,AGL,CE,Federal Contract Tower,0,26,3,0,29,0,1,25,0,26,0,27,28,0,55,94,0,94,149
08/05/2020,SAW,MI,AGL,CE,Federal Contract Tower,0,23,2,0,25,0,2,16,0,18,0,25,18,0,43,40,0,40,83
08/06/2020,SAW,MI,AGL,CE,Federal Contract Tower,1,19,7,0,27,0,1,13,0,14,1,20,20,0,41,32,0,32,73
08/07/2020,SAW,MI,AGL,CE,Federal Contract Tower,0,21,5,0,26,0,3,29,0,32,0,24,34,0,58,46,0,46,104
08/08/2020,SAW,MI,AGL,CE,Federal Contract Tower,2,11,2,0,15,0,1,0,0,1,2,12,2,0,16,0,0,0,16
08/09/2020,SAW,MI,AGL,CE,Federal Contract Tower,0,9,9,0,18,0,1,11,0,12,0,10,20,0,30,20,0,20,50
08/10/2020,SAW,MI,AGL,CE,Federal Contract Tower,0,16,0,1,17,0,1,4,0,5,0,17,4,1,22,0,0,0,22
08/11/2020,SAW,MI,AGL,CE,Federal Contract Tower,0,22,1,0,23,0,2,25,0,27,0,24,26,0,50,42,0,42,92
08/12/2020,SAW,MI,AGL,CE,Federal Contract Tower,0,32,1,0,33,0,1,25,0,26,0,33,26,0,59,20,0,20,79
08/13/2020,SAW,MI,AGL,CE,Federal Contract Tower,0,19,1,0,20,0,1,51,0,52,0,20,52,0,72,92,0,92,164
08/14/2020,SAW,MI,AGL,CE,Federal Contract Tower,0,20,1,0,21,0,2,20,0,22,0,22,21,0,43,28,0,28,71
08/15/2020,SAW,MI,AGL,CE,Federal Contract Tower,0,14,3,0,17,0,2,12,0,14,0,16,15,0,31,2,0,2,33
08/16/2020,SAW,MI,AGL,CE,Federal Contract Tower,0,15,4,0,19,0,1,30,0,31,0,16,34,0,50,48,0,48,98
08/17/2020,SAW,MI,AGL,CE,Federal Contract Tower,0,17,1,1,19,0,2,12,1,15,0,19,13,2,34,30,0,30,64
08/18/2020,SAW,MI,AGL,CE,Federal Contract Tower,0,25,11,0,36,0,2,24,0,26,0,27,35,0,62,30,0,30,92
08/19/2020,SAW,MI,AGL,CE,Federal Contract Tower,3,22,2,0,27,0,0,9,0,9,3,22,11,0,36,24,0,24,60
08/20/2020,SAW,MI,AGL,CE,Federal Contract Tower,1,24,4,0,29,4,1,4,0,9,5,25,8,0,38,24,0,24,62
08/21/2020,SAW,MI,AGL,CE,Federal Contract Tower,0,27,4,2,33,0,6,3,0,9,0,33,7,2,42,0,0,0,42
08/22/2020,SAW,MI,AGL,CE,Federal Contract Tower,0,18,2,0,20,0,0,16,0,16,0,18,18,0,36,44,0,44,80
08/23/2020,SAW,MI,AGL,CE,Federal Contract Tower,0,11,2,0,13,0,1,8,0,9,0,12,10,0,22,0,0,0,22
08/24/2020,SAW,MI,AGL,CE,Federal Contract Tower,0,29,3,0,32,0,2,6,2,10,0,31,9,2,42,24,0,24,66
08/25/2020,SAW,MI,AGL,CE,Federal Contract Tower,0,20,1,1,22,0,2,35,3,40,0,22,36,4,62,12,0,12,74
08/26/2020,SAW,MI,AGL,CE,Federal Contract Tower,0,27,0,0,27,0,0,0,0,0,0,27,0,0,27,0,0,0,27
08/27/2020,SAW,MI,AGL,CE,Federal Contract Tower,1,25,3,0,29,2,0,28,8,38,3,25,31,8,67,40,0,40,107
08/28/2020,SAW,MI,AGL,CE,Federal Contract Tower,0,22,1,0,23,0,1,2,0,3,0,23,3,0,26,0,0,0,26
08/29/2020,SAW,MI,AGL,CE,Federal Contract Tower,0,13,4,0,17,0,0,9,0,9,0,13,13,0,26,0,0,0,26
08/30/2020,SAW,MI,AGL,CE,Federal Contract Tower,0,13,1,0,14,0,1,14,0,15,0,14,15,0,29,10,0,10,39
08/31/2020,SAW,MI,AGL,CE,Federal Contract Tower,0,18,3,0,21,0,2,4,0,6,0,20,7,0,27,0,0,0,27
09/01/2020,SAW,MI,AGL,CE,Federal Contract Tower,0,25,7,0,32,0,1,15,0,16,0,26,22,0,48,8,0,8,56
09/02/2020,SAW,MI,AGL,CE,Federal Contract Tower,0,24,4,0,28,0,2,15,0,17,0,26,19,0,45,14,0,14,59
09/03/2020,SAW,MI,AGL,CE,Federal Contract Tower,0,22,3,0,25,0,1,0,0,1,0,23,3,0,26,0,0,0,26
09/04/2020,SAW,MI,AGL,CE,Federal Contract Tower,0,19,6,0,25,0,1,10,0,11,0,20,16,0,36,0,0,0,36
09/05/2020,SAW,MI,AGL,CE,Federal Contract Tower,0,9,0,0,9,0,0,37,0,37,0,9,37,0,46,26,0,26,72
09/06/2020,SAW,MI,AGL,CE,Federal Contract Tower,0,6,9,0,15,0,0,6,0,6,0,6,15,0,21,0,0,0,21
09/07/2020,SAW,MI,AGL,CE,Federal Contract Tower,0,12,6,0,18,0,0,4,0,4,0,12,10,0,22,0,0,0,22
09/08/2020,SAW,MI,AGL,CE,Federal Contract Tower,0,20,9,0,29,0,1,16,0,17,0,21,25,0,46,36,0,36,82
09/09/2020,SAW,MI,AGL,CE,Federal Contract Tower,0,23,0,0,23,0,0,4,0,4,0,23,4,0,27,2,0,2,29
09/10/2020,SAW,MI,AGL,CE,Federal Contract Tower,0,24,3,0,27,0,0,25,0,25,0,24,28,0,52,96,0,96,148
09/11/2020,SAW,MI,AGL,CE,Federal Contract Tower,0,19,12,0,31,0,1,17,0,18,0,20,29,0,49,34,0,34,83
09/12/2020,SAW,MI,AGL,CE,Federal Contract Tower,0,9,8,0,17,0,1,0,0,1,0,10,8,0,18,0,0,0,18
09/13/2020,SAW,MI,AGL,CE,Federal Contract Tower,0,9,4,0,13,0,0,3,0,3,0,9,7,0,16,0,0,0,16
09/14/2020,SAW,MI,AGL,CE,Federal Contract Tower,0,22,3,0,25,0,1,14,0,15,0,23,17,0,40,36,0,36,76
09/15/2020,SAW,MI,AGL,CE,Federal Contract Tower,0,14,4,0,18,0,2,11,0,13,0,16,15,0,31,0,0,0,31
09/16/2020,SAW,MI,AGL,CE,Federal Contract Tower,0,22,5,8,35,0,0,15,2,17,0,22,20,10,52,38,4,42,94
09/17/2020,SAW,MI,AGL,CE,Federal Contract Tower,0,17,4,0,21,0,2,27,0,29,0,19,31,0,50,34,0,34,84
09/18/2020,SAW,MI,AGL,CE,Federal Contract Tower,0,21,3,2,26,0,1,21,0,22,0,22,24,2,48,16,0,16,64
09/19/2020,SAW,MI,AGL,CE,Federal Contract Tower,0,11,1,0,12,0,0,7,0,7,0,11,8,0,19,0,0,0,19
09/20/2020,SAW,MI,AGL,CE,Federal Contract Tower,0,6,3,0,9,0,0,14,0,14,0,6,17,0,23,2,0,2,25
09/21/2020,SAW,MI,AGL,CE,Federal Contract Tower,0,22,0,0,22,0,1,2,0,3,0,23,2,0,25,0,0,0,25
09/22/2020,SAW,MI,AGL,CE,Federal Contract Tower,1,19,4,0,24,7,1,34,2,44,8,20,38,2,68,50,0,50,118
09/23/2020,SAW,MI,AGL,CE,Federal Contract Tower,2,27,3,0,32,0,7,33,0,40,2,34,36,0,72,42,0,42,114
09/24/2020,SAW,MI,AGL,CE,Federal Contract Tower,0,26,3,0,29,0,1,2,0,3,0,27,5,0,32,6,0,6,38
09/25/2020,SAW,MI,AGL,CE,Federal Contract Tower,0,18,7,0,25,0,0,3,0,3,0,18,10,0,28,0,0,0,28
09/26/2020,SAW,MI,AGL,CE,Federal Contract Tower,0,11,4,0,15,0,0,1,0,1,0,11,5,0,16,0,0,0,16
09/27/2020,SAW,MI,AGL,CE,Federal Contract Tower,0,13,6,0,19,0,1,6,0,7,0,14,12,0,26,6,0,6,32
09/28/2020,SAW,MI,AGL,CE,Federal Contract Tower,0,17,1,0,18,0,0,0,0,0,0,17,1,0,18,0,0,0,18
09/29/2020,SAW,MI,AGL,CE,Federal Contract Tower,0,15,6,0,21,0,1,0,0,1,0,16,6,0,22,0,0,0,22
09/30/2020,SAW,MI,AGL,CE,Federal Contract Tower,0,22,1,0,23,0,2,1,0,3,0,24,2,0,26,0,0,0,26
10/01/2020,SAW,MI,AGL,CE,Federal Contract Tower,0,14,0,0,14,0,0,0,0,0,0,14,0,0,14,0,0,0,14
10/02/2020,SAW,MI,AGL,CE,Federal Contract Tower,0,21,3,0,24,0,1,0,0,1,0,22,3,0,25,0,0,0,25
10/03/2020,SAW,MI,AGL,CE,Federal Contract Tower,0,14,1,0,15,0,0,13,0,13,0,14,14,0,28,32,0,32,60
10/04/2020,SAW,MI,AGL,CE,Federal Contract Tower,0,8,4,0,12,0,0,25,0,25,0,8,29,0,37,64,0,64,101
10/05/2020,SAW,MI,AGL,CE,Federal Contract Tower,0,12,1,0,13,0,0,7,0,7,0,12,8,0,20,2,0,2,22
10/06/2020,SAW,MI,AGL,CE,Federal Contract Tower,0,15,2,0,17,0,0,6,0,6,0,15,8,0,23,12,0,12,35
10/07/2020,SAW,MI,AGL,CE,Federal Contract Tower,0,15,7,0,22,0,3,2,0,5,0,18,9,0,27,0,0,0,27
10/08/2020,SAW,MI,AGL,CE,Federal Contract Tower,0,16,7,0,23,0,0,28,2,30,0,16,35,2,53,0,0,0,53
10/09/2020,SAW,MI,AGL,CE,Federal Contract Tower,0,12,2,0,14,0,1,7,0,8,0,13,9,0,22,0,0,0,22
10/10/2020,SAW,MI,AGL,CE,Federal Contract Tower,0,6,0,0,6,0,1,12,0,13,0,7,12,0,19,10,0,10,29
10/11/2020,SAW,MI,AGL,CE,Federal Contract Tower,0,9,5,0,14,0,0,20,0,20,0,9,25,0,34,8,0,8,42
10/12/2020,SAW,MI,AGL,CE,Federal Contract Tower,0,12,0,0,12,0,2,0,0,2,0,14,0,0,14,0,0,0,14
10/13/2020,SAW,MI,AGL,CE,Federal Contract Tower,0,21,0,0,21,0,0,10,0,10,0,21,10,0,31,10,0,10,41
10/14/2020,SAW,MI,AGL,CE,Federal Contract Tower,0,19,4,1,24,0,0,3,0,3,0,19,7,1,27,2,0,2,29
10/15/2020,SAW,MI,AGL,CE,Federal Contract Tower,0,20,0,0,20,0,0,2,0,2,0,20,2,0,22,6,0,6,28
10/16/2020,SAW,MI,AGL,CE,Federal Contract Tower,0,14,7,0,21,0,2,9,0,11,0,16,16,0,32,10,0,10,42
10/17/2020,SAW,MI,AGL,CE,Federal Contract Tower,1,10,1,0,12,1,0,0,0,1,2,10,1,0,13,0,0,0,13
10/18/2020,SAW,MI,AGL,CE,Federal Contract Tower,1,6,2,0,9,0,0,3,0,3,1,6,5,0,12,2,0,2,14
10/19/2020,SAW,MI,AGL,CE,Federal Contract Tower,0,17,0,0,17,0,0,10,0,10,0,17,10,0,27,30,0,30,57
10/20/2020,SAW,MI,AGL,CE,Federal Contract Tower,0,23,0,1,24,0,0,8,2,10,0,23,8,3,34,20,4,24,58
10/21/2020,SAW,MI,AGL,CE,Federal Contract Tower,0,23,6,3,32,0,0,4,0,4,0,23,10,3,36,4,0,4,40
10/22/2020,SAW,MI,AGL,CE,Federal Contract Tower,0,13,2,0,15,0,1,0,14,15,0,14,2,14,30,0,20,20,50
10/23/2020,SAW,MI,AGL,CE,Federal Contract Tower,0,15,4,0,19,0,0,0,0,0,0,15,4,0,19,0,0,0,19
10/24/2020,SAW,MI,AGL,CE,Federal Contract Tower,0,7,1,0,8,0,0,4,0,4,0,7,5,0,12,0,0,0,12
10/25/2020,SAW,MI,AGL,CE,Federal Contract Tower,0,5,0,0,5,0,1,0,0,1,0,6,0,0,6,0,0,0,6
10/26/2020,SAW,MI,AGL,CE,Federal Contract Tower,0,18,0,2,20,0,2,2,0,4,0,20,2,2,24,8,0,8,32
10/27/2020,SAW,MI,AGL,CE,Federal Contract Tower,0,23,1,2,26,0,1,8,16,25,0,24,9,18,51,14,24,38,89
10/28/2020,SAW,MI,AGL,CE,Federal Contract Tower,0,22,1,0,23,0,0,7,14,21,0,22,8,14,44,8,10,18,62
10/29/2020,SAW,MI,AGL,CE,Federal Contract Tower,0,18,0,0,18,0,0,2,0,2,0,18,2,0,20,0,0,0,20
10/30/2020,SAW,MI,AGL,CE,Federal Contract Tower,0,16,1,0,17,0,1,13,4,18,0,17,14,4,35,56,0,56,91
10/31/2020,SAW,MI,AGL,CE,Federal Contract Tower,0,13,1,0,14,0,0,5,0,5,0,13,6,0,19,0,0,0,19
11/01/2020,SAW,MI,AGL,CE,Federal Contract Tower,0,11,1,0,12,0,9,0,0,9,0,20,1,0,21,0,0,0,21
11/02/2020,SAW,MI,AGL,CE,Federal Contract Tower,0,14,2,1,17,0,1,1,12,14,0,15,3,13,31,0,26,26,57
11/03/2020,SAW,MI,AGL,CE,Federal Contract Tower,0,12,7,0,19,0,2,8,4,14,0,14,15,4,33,22,8,30,63
11/04/2020,SAW,MI,AGL,CE,Federal Contract Tower,3,20,1,5,29,2,2,35,2,41,5,22,36,7,70,74,18,92,162
11/05/2020,SAW,MI,AGL,CE,Federal Contract Tower,0,19,3,0,22,0,1,23,0,24,0,20,26,0,46,22,0,22,68
11/06/2020,SAW,MI,AGL,CE,Federal Contract Tower,0,18,0,0,18,0,0,4,10,14,0,18,4,10,32,0,38,38,70
11/07/2020,SAW,MI,AGL,CE,Federal Contract Tower,0,11,4,0,15,0,0,17,0,17,0,11,21,0,32,12,0,12,44
11/08/2020,SAW,MI,AGL,CE,Federal Contract Tower,0,9,1,0,10,0,0,11,0,11,0,9,12,0,21,14,0,14,35
11/09/2020,SAW,MI,AGL,CE,Federal Contract Tower,0,19,0,0,19,2,1,0,0,3,2,20,0,0,22,0,0,0,22
11/10/2020,SAW,MI,AGL,CE,Federal Contract Tower,0,13,0,0,13,0,0,0,0,0,0,13,0,0,13,0,0,0,13
11/11/2020,SAW,MI,AGL,CE,Federal Contract Tower,0,21,0,0,21,0,1,3,6,10,0,22,3,6,31,4,0,4,35
11/12/2020,SAW,MI,AGL,CE,Federal Contract Tower,0,21,0,0,21,0,2,6,6,14,0,23,6,6,35,0,20,20,55
11/13/2020,SAW,MI,AGL,CE,Federal Contract Tower,0,18,1,0,19,0,0,2,0,2,0,18,3,0,21,0,0,0,21
11/14/2020,SAW,MI,AGL,CE,Federal Contract Tower,0,10,2,0,12,0,0,11,0,11,0,10,13,0,23,22,0,22,45
11/15/2020,SAW,MI,AGL,CE,Federal Contract Tower,0,8,0,0,8,0,0,0,0,0,0,8,0,0,8,0,0,0,8
11/16/2020,SAW,MI,AGL,CE,Federal Contract Tower,0,14,0,0,14,0,0,5,0,5,0,14,5,0,19,24,0,24,43
11/17/2020,SAW,MI,AGL,CE,Federal Contract Tower,0,17,2,0,19,0,0,1,2,3,0,17,3,2,22,0,6,6,28
11/18/2020,SAW,MI,AGL,CE,Federal Contract Tower,0,25,2,0,27,0,0,6,12,18,0,25,8,12,45,2,20,22,67
11/19/2020,SAW,MI,AGL,CE,Federal Contract Tower,0,20,4,16,40,0,1,13,2,16,0,21,17,18,56,12,10,22,78
11/20/2020,SAW,MI,AGL,CE,Federal Contract Tower,0,20,0,0,20,0,3,0,0,3,0,23,0,0,23,0,0,0,23
11/21/2020,SAW,MI,AGL,CE,Federal Contract Tower,0,15,0,4,19,0,1,11,0,12,0,16,11,4,31,8,0,8,39
11/22/2020,SAW,MI,AGL,CE,Federal Contract Tower,0,10,4,0,14,0,1,2,14,17,0,11,6,14,31,8,38,46,77
11/23/2020,SAW,MI,AGL,CE,Federal Contract Tower,0,13,0,0,13,0,0,2,3,5,0,13,2,3,18,0,22,22,40
11/24/2020,SAW,MI,AGL,CE,Federal Contract Tower,0,22,2,0,24,0,0,0,0,0,0,22,2,0,24,0,0,0,24
11/25/2020,SAW,MI,AGL,CE,Federal Contract Tower,0,23,0,0,23,0,1,0,16,17,0,24,0,16,40,0,44,44,84
11/26/2020,SAW,MI,AGL,CE,Federal Contract Tower,0,2,0,0,2,0,0,0,0,0,0,2,0,0,2,0,0,0,2
11/27/2020,SAW,MI,AGL,CE,Federal Contract Tower,0,13,3,0,16,0,1,9,6,16,0,14,12,6,32,0,6,6,38
11/28/2020,SAW,MI,AGL,CE,Federal Contract Tower,2,15,0,0,17,0,5,24,0,29,2,20,24,0,46,52,0,52,98
11/29/2020,SAW,MI,AGL,CE,Federal Contract Tower,2,15,0,0,17,0,12,0,2,14,2,27,0,2,31,8,0,8,39
11/30/2020,SAW,MI,AGL,CE,Federal Contract Tower,0,17,0,0,17,3,6,0,4,13,3,23,0,4,30,0,4,4,34
12/01/2020,SAW,MI,AGL,CE,Federal Contract Tower,0,17,2,0,19,0,2,4,16,22,0,19,6,16,41,0,10,10,51
12/02/2020,SAW,MI,AGL,CE,Federal Contract Tower,0,24,2,0,26,0,1,4,0,5,0,25,6,0,31,0,0,0,31
12/03/2020,SAW,MI,AGL,CE,Federal Contract Tower,3,29,3,0,35,0,1,16,9,26,3,30,19,9,61,36,4,40,101
12/04/2020,SAW,MI,AGL,CE,Federal Contract Tower,0,21,3,0,24,0,1,0,2,3,0,22,3,2,27,0,24,24,51
12/05/2020,SAW,MI,AGL,CE,Federal Contract Tower,0,14,3,0,17,0,1,0,0,1,0,15,3,0,18,0,0,0,18
12/06/2020,SAW,MI,AGL,CE,Federal Contract Tower,0,9,2,0,11,0,0,4,0,4,0,9,6,0,15,6,0,6,21
12/07/2020,SAW,MI,AGL,CE,Federal Contract Tower,0,12,0,0,12,0,1,1,0,2,0,13,1,0,14,2,0,2,16
12/08/2020,SAW,MI,AGL,CE,Federal Contract Tower,0,17,0,0,17,0,2,10,0,12,0,19,10,0,29,36,0,36,65
12/09/2020,SAW,MI,AGL,CE,Federal Contract Tower,0,26,4,1,31,0,0,22,9,31,0,26,26,10,62,58,40,98,160
12/10/2020,SAW,MI,AGL,CE,Federal Contract Tower,0,24,0,0,24,0,1,21,0,22,0,25,21,0,46,16,0,16,62
12/11/2020,SAW,MI,AGL,CE,Federal Contract Tower,0,20,3,2,25,0,1,0,0,1,0,21,3,2,26,0,0,0,26
12/12/2020,SAW,MI,AGL,CE,Federal Contract Tower,0,13,0,2,15,0,6,0,4,10,0,19,0,6,25,0,34,34,59
12/13/2020,SAW,MI,AGL,CE,Federal Contract Tower,0,11,3,0,14,0,0,3,0,3,0,11,6,0,17,10,0,10,27
12/14/2020,SAW,MI,AGL,CE,Federal Contract Tower,0,19,0,0,19,0,0,0,2,2,0,19,0,2,21,0,0,0,21
12/15/2020,SAW,MI,AGL,CE,Federal Contract Tower,0,20,0,0,20,0,4,9,6,19,0,24,9,6,39,8,0,8,47
12/16/2020,SAW,MI,AGL,CE,Federal Contract Tower,0,21,0,0,21,0,1,12,0,13,0,22,12,0,34,46,0,46,80
12/17/2020,SAW,MI,AGL,CE,Federal Contract Tower,0,18,2,2,22,0,1,0,10,11,0,19,2,12,33,0,0,0,33
12/18/2020,SAW,MI,AGL,CE,Federal Contract Tower,0,17,6,3,26,0,2,10,1,13,0,19,16,4,39,14,0,14,53
12/19/2020,SAW,MI,AGL,CE,Federal Contract Tower,0,13,2,0,15,0,1,0,0,1,0,14,2,0,16,0,0,0,16
12/20/2020,SAW,MI,AGL,CE,Federal Contract Tower,0,8,0,0,8,0,0,3,0,3,0,8,3,0,11,0,0,0,11
12/21/2020,SAW,MI,AGL,CE,Federal Contract Tower,0,20,0,0,20,0,0,2,0,2,0,20,2,0,22,0,0,0,22
12/22/2020,SAW,MI,AGL,CE,Federal Contract Tower,0,16,2,0,18,0,3,5,0,8,0,19,7,0,26,0,0,0,26
12/23/2020,SAW,MI,AGL,CE,Federal Contract Tower,0,25,0,2,27,8,0,0,0,8,8,25,0,2,35,0,0,0,35
12/24/2020,SAW,MI,AGL,CE,Federal Contract Tower,0,20,3,0,23,4,1,0,0,5,4,21,3,0,28,0,0,0,28
12/25/2020,SAW,MI,AGL,CE,Federal Contract Tower,0,4,0,0,4,0,0,0,0,0,0,4,0,0,4,0,0,0,4
12/26/2020,SAW,MI,AGL,CE,Federal Contract Tower,0,10,0,0,10,0,1,0,0,1,0,11,0,0,11,0,0,0,11
12/27/2020,SAW,MI,AGL,CE,Federal Contract Tower,0,8,3,0,11,0,0,0,0,0,0,8,3,0,11,0,0,0,11
12/28/2020,SAW,MI,AGL,CE,Federal Contract Tower,0,15,0,0,15,0,2,1,0,3,0,17,1,0,18,4,0,4,22
12/29/2020,SAW,MI,AGL,CE,Federal Contract Tower,0,22,2,0,24,0,4,9,0,13,0,26,11,0,37,42,0,42,79
12/30/2020,SAW,MI,AGL,CE,Federal Contract Tower,0,20,0,0,20,0,1,0,0,1,0,21,0,0,21,0,0,0,21
12/31/2020,SAW,MI,AGL,CE,Federal Contract Tower,2,17,0,0,19,4,0,18,0,22,6,17,18,0,41,12,0,12,53
01/01/2021,SAW,MI,AGL,CE,Federal Contract Tower,1,8,4,0,13,0,2,0,0,2,1,10,4,0,15,0,0,0,15
01/02/2021,SAW,MI,AGL,CE,Federal Contract Tower,0,13,2,0,15,0,1,0,0,1,0,14,2,0,16,0,0,0,16
01/03/2021,SAW,MI,AGL,CE,Federal Contract Tower,0,11,0,0,11,0,1,13,0,14,0,12,13,0,25,36,0,36,61
01/04/2021,SAW,MI,AGL,CE,Federal Contract Tower,0,13,1,3,17,0,1,0,0,1,0,14,1,3,18,0,0,0,18
01/05/2021,SAW,MI,AGL,CE,Federal Contract Tower,0,13,1,4,18,0,0,7,0,7,0,13,8,4,25,12,0,12,37
01/06/2021,SAW,MI,AGL,CE,Federal Contract Tower,0,23,1,0,24,0,7,0,0,7,0,30,1,0,31,0,0,0,31
01/07/2021,SAW,MI,AGL,CE,Federal Contract Tower,0,18,1,0,19,0,1,12,0,13,0,19,13,0,32,66,0,66,98
01/08/2021,SAW,MI,AGL,CE,Federal Contract Tower,0,12,2,0,14,0,4,4,0,8,0,16,6,0,22,0,0,0,22
01/09/2021,SAW,MI,AGL,CE,Federal Contract Tower,0,10,0,0,10,0,2,0,0,2,0,12,0,0,12,0,0,0,12
01/10/2021,SAW,MI,AGL,CE,Federal Contract Tower,0,9,2,0,11,0,0,4,0,4,0,9,6,0,15,0,0,0,15
01/11/2021,SAW,MI,AGL,CE,Federal Contract Tower,2,12,1,0,15,0,1,0,0,1,2,13,1,0,16,0,0,0,16
01/12/2021,SAW,MI,AGL,CE,Federal Contract Tower,0,18,0,3,21,0,2,1,8,11,0,20,1,11,32,0,14,14,46
01/13/2021,SAW,MI,AGL,CE,Federal Contract Tower,1,20,0,4,25,0,1,30,16,47,1,21,30,20,72,56,6,62,134
01/14/2021,SAW,MI,AGL,CE,Federal Contract Tower,0,18,0,2,20,0,1,0,8,9,0,19,0,10,29,0,44,44,73
01/15/2021,SAW,MI,AGL,CE,Federal Contract Tower,0,16,2,0,18,0,0,0,2,2,0,16,2,2,20,0,48,48,68
01/16/2021,SAW,MI,AGL,CE,Federal Contract Tower,0,12,2,1,15,0,2,0,2,4,0,14,2,3,19,0,16,16,35
01/17/2021,SAW,MI,AGL,CE,Federal Contract Tower,6,5,0,0,11,0,2,0,0,2,6,7,0,0,13,0,0,0,13
01/18/2021,SAW,MI,AGL,CE,Federal Contract Tower,0,13,0,0,13,0,1,2,5,8,0,14,2,5,21,0,16,16,37
01/19/2021,SAW,MI,AGL,CE,Federal Contract Tower,0,15,2,0,17,0,0,0,8,8,0,15,2,8,25,0,18,18,43
01/20/2021,SAW,MI,AGL,CE,Federal Contract Tower,0,21,1,0,22,0,4,0,6,10,0,25,1,6,32,0,24,24,56
01/21/2021,SAW,MI,AGL,CE,Federal Contract Tower,0,16,1,5,22,0,1,0,6,7,0,17,1,11,29,0,0,0,29
01/22/2021,SAW,MI,AGL,CE,Federal Contract Tower,0,14,0,2,16,0,2,3,2,7,0,16,3,4,23,0,4,4,27
01/23/2021,SAW,MI,AGL,CE,Federal Contract Tower,0,10,0,0,10,0,5,5,2,12,0,15,5,2,22,4,0,4,26
01/24/2021,SAW,MI,AGL,CE,Federal Contract Tower,6,9,0,2,17,0,2,2,0,4,6,11,2,2,21,0,0,0,21
01/25/2021,SAW,MI,AGL,CE,Federal Contract Tower,0,11,2,0,13,0,0,10,9,19,0,11,12,9,32,18,16,34,66
01/26/2021,SAW,MI,AGL,CE,Federal Contract Tower,0,19,0,101,120,0,0,0,0,0,0,19,0,101,120,0,0,0,120
01/27/2021,SAW,MI,AGL,CE,Federal Contract Tower,0,19,3,0,22,0,2,0,4,6,0,21,3,4,28,0,38,38,66
01/28/2021,SAW,MI,AGL,CE,Federal Contract Tower,0,18,1,0,19,0,2,4,0,6,0,20,5,0,25,30,0,30,55
01/29/2021,SAW,MI,AGL,CE,Federal Contract Tower,0,15,2,0,17,0,4,30,8,42,0,19,32,8,59,44,0,44,103
01/30/2021,SAW,MI,AGL,CE,Federal Contract Tower,0,8,0,0,8,0,2,0,0,2,0,10,0,0,10,0,0,0,10
01/31/2021,SAW,MI,AGL,CE,Federal Contract Tower,0,8,0,0,8,0,0,4,0,4,0,8,4,0,12,0,0,0,12
02/01/2021,SAW,MI,AGL,CE,Federal Contract Tower,0,18,1,0,19,0,2,2,17,21,0,20,3,17,40,8,22,30,70
02/02/2021,SAW,MI,AGL,CE,Federal Contract Tower,0,18,1,0,19,0,1,10,8,19,0,19,11,8,38,14,14,28,66
02/03/2021,SAW,MI,AGL,CE,Federal Contract Tower,0,27,4,2,33,0,4,29,0,33,0,31,33,2,66,54,0,54,120
02/04/2021,SAW,MI,AGL,CE,Federal Contract Tower,0,10,0,5,15,0,0,0,4,4,0,10,0,9,19,0,24,24,43
02/05/2021,SAW,MI,AGL,CE,Federal Contract Tower,0,10,0,2,12,0,12,0,4,16,0,22,0,6,28,0,42,42,70
02/06/2021,SAW,MI,AGL,CE,Federal Contract Tower,0,14,3,0,17,0,2,0,0,2,0,16,3,0,19,0,0,0,19
02/07/2021,SAW,MI,AGL,CE,Federal Contract Tower,0,10,5,0,15,0,4,2,0,6,0,14,7,0,21,4,0,4,25
02/08/2021,SAW,MI,AGL,CE,Federal Contract Tower,0,14,0,0,14,0,2,3,0,5,0,16,3,0,19,2,0,2,21
02/09/2021,SAW,MI,AGL,CE,Federal Contract Tower,0,14,1,0,15,0,2,6,0,8,0,16,7,0,23,20,0,20,43
02/10/2021,SAW,MI,AGL,CE,Federal Contract Tower,0,18,1,0,19,0,1,5,0,6,0,19,6,0,25,12,0,12,37
02/11/2021,SAW,MI,AGL,CE,Federal Contract Tower,0,16,1,4,21,0,0,19,0,19,0,16,20,4,40,46,0,46,86
02/12/2021,SAW,MI,AGL,CE,Federal Contract Tower,0,19,0,5,24,0,1,0,8,9,0,20,0,13,33,0,50,50,83
02/13/2021,SAW,MI,AGL,CE,Federal Contract Tower,0,9,2,3,14,0,2,0,6,8,0,11,2,9,22,0,18,18,40
02/14/2021,SAW,MI,AGL,CE,Federal Contract Tower,0,5,4,0,9,0,1,2,0,3,0,6,6,0,12,0,0,0,12
02/15/2021,SAW,MI,AGL,CE,Federal Contract Tower,0,12,6,0,18,0,0,4,0,4,0,12,10,0,22,0,0,0,22
02/16/2021,SAW,MI,AGL,CE,Federal Contract Tower,0,10,0,0,10,0,0,5,0,5,0,10,5,0,15,4,0,4,19
02/17/2021,SAW,MI,AGL,CE,Federal Contract Tower,0,13,9,0,22,0,1,22,6,29,0,14,31,6,51,48,20,68,119
02/18/2021,SAW,MI,AGL,CE,Federal Contract Tower,0,20,4,0,24,0,1,5,0,6,0,21,9,0,30,0,0,0,30
02/19/2021,SAW,MI,AGL,CE,Federal Contract Tower,0,20,1,26,47,0,1,1,0,2,0,21,2,26,49,0,0,0,49
02/20/2021,SAW,MI,AGL,CE,Federal Contract Tower,0,10,1,0,11,0,1,16,4,21,0,11,17,4,32,10,0,10,42
02/21/2021,SAW,MI,AGL,CE,Federal Contract Tower,1,6,0,0,7,0,1,0,0,1,1,7,0,0,8,0,0,0,8
02/22/2021,SAW,MI,AGL,CE,Federal Contract Tower,0,17,4,0,21,0,1,1,6,8,0,18,5,6,29,2,18,20,49
02/23/2021,SAW,MI,AGL,CE,Federal Contract Tower,0,13,1,0,14,0,0,2,0,2,0,13,3,0,16,0,0,0,16
02/24/2021,SAW,MI,AGL,CE,Federal Contract Tower,0,17,0,0,17,0,2,0,0,2,0,19,0,0,19,0,0,0,19
02/25/2021,SAW,MI,AGL,CE,Federal Contract Tower,0,16,0,0,16,0,1,10,1,12,0,17,10,1,28,50,0,50,78
02/26/2021,SAW,MI,AGL,CE,Federal Contract Tower,0,16,3,2,21,0,2,2,2,6,0,18,5,4,27,0,2,2,29
02/27/2021,SAW,MI,AGL,CE,Federal Contract Tower,0,10,4,0,14,0,2,12,0,14,0,12,16,0,28,6,0,6,34
02/28/2021,SAW,MI,AGL,CE,Federal Contract Tower,0,6,0,0,6,0,0,0,0,0,0,6,0,0,6,0,0,0,6
03/01/2021,SAW,MI,AGL,CE,Federal Contract Tower,0,11,1,0,12,0,2,3,0,5,0,13,4,0,17,2,0,2,19
03/02/2021,SAW,MI,AGL,CE,Federal Contract Tower,0,16,0,0,16,0,2,2,4,8,0,18,2,4,24,0,4,4,28
03/03/2021,SAW,MI,AGL,CE,Federal Contract Tower,0,16,0,5,21,0,2,0,3,5,0,18,0,8,26,0,8,8,34
03/04/2021,SAW,MI,AGL,CE,Federal Contract Tower,0,19,4,2,25,0,1,8,3,12,0,20,12,5,37,10,0,10,47
03/05/2021,SAW,MI,AGL,CE,Federal Contract Tower,0,18,2,2,22,0,2,7,3,12,0,20,9,5,34,8,4,12,46
03/06/2021,SAW,MI,AGL,CE,Federal Contract Tower,0,9,3,0,12,0,4,13,0,17,0,13,16,0,29,18,0,18,47
03/07/2021,SAW,MI,AGL,CE,Federal Contract Tower,0,5,2,0,7,0,2,8,0,10,0,7,10,0,17,0,0,0,17
03/08/2021,SAW,MI,AGL,CE,Federal Contract Tower,0,19,1,0,20,0,1,6,0,7,0,20,7,0,27,4,0,4,31
03/09/2021,SAW,MI,AGL,CE,Federal Contract Tower,0,19,1,0,20,0,12,7,0,19,0,31,8,0,39,20,0,20,59
03/10/2021,SAW,MI,AGL,CE,Federal Contract Tower,0,12,0,0,12,0,0,0,0,0,0,12,0,0,12,0,0,0,12
03/11/2021,SAW,MI,AGL,CE,Federal Contract Tower,0,28,5,4,37,0,2,0,0,2,0,30,5,4,39,2,0,2,41
03/12/2021,SAW,MI,AGL,CE,Federal Contract Tower,0,19,3,0,22,0,4,2,2,8,0,23,5,2,30,2,0,2,32
03/13/2021,SAW,MI,AGL,CE,Federal Contract Tower,0,9,5,0,14,0,1,2,0,3,0,10,7,0,17,0,0,0,17
03/14/2021,SAW,MI,AGL,CE,Federal Contract Tower,1,6,2,0,9,0,1,1,0,2,1,7,3,0,11,0,0,0,11
03/15/2021,SAW,MI,AGL,CE,Federal Contract Tower,0,16,3,0,19,0,0,3,2,5,0,16,6,2,24,0,0,0,24
03/16/2021,SAW,MI,AGL,CE,Federal Contract Tower,0,16,0,4,20,0,0,8,2,10,0,16,8,6,30,6,4,10,40
03/17/2021,SAW,MI,AGL,CE,Federal Contract Tower,0,20,4,0,24,0,0,17,0,17,0,20,21,0,41,74,0,74,115
03/18/2021,SAW,MI,AGL,CE,Federal Contract Tower,0,20,1,0,21,0,3,12,0,15,0,23,13,0,36,22,0,22,58
03/19/2021,SAW,MI,AGL,CE,Federal Contract Tower,0,16,1,0,17,0,2,17,0,19,0,18,18,0,36,18,0,18,54
03/20/2021,SAW,MI,AGL,CE,Federal Contract Tower,0,8,3,0,11,0,2,5,0,7,0,10,8,0,18,0,0,0,18
03/21/2021,SAW,MI,AGL,CE,Federal Contract Tower,0,10,2,0,12,0,1,4,0,5,0,11,6,0,17,0,0,0,17
03/22/2021,SAW,MI,AGL,CE,Federal Contract Tower,1,12,0,2,15,0,1,5,0,6,1,13,5,2,21,0,0,0,21
03/23/2021,SAW,MI,AGL,CE,Federal Contract Tower,0,9,0,0,9,0,0,0,0,0,0,9,0,0,9,0,0,0,9
03/24/2021,SAW,MI,AGL,CE,Federal Contract Tower,0,25,0,0,25,0,2,0,0,2,0,27,0,0,27,0,0,0,27
03/25/2021,SAW,MI,AGL,CE,Federal Contract Tower,0,21,0,4,25,0,1,0,2,3,0,22,0,6,28,0,8,8,36
03/26/2021,SAW,MI,AGL,CE,Federal Contract Tower,0,14,0,0,14,0,2,2,0,4,0,16,2,0,18,0,0,0,18
03/27/2021,SAW,MI,AGL,CE,Federal Contract Tower,0,11,1,0,12,0,2,0,0,2,0,13,1,0,14,0,0,0,14
03/28/2021,SAW,MI,AGL,CE,Federal Contract Tower,0,7,1,0,8,0,0,1,1,2,0,7,2,1,10,0,0,0,10
03/29/2021,SAW,MI,AGL,CE,Federal Contract Tower,0,23,1,1,25,0,3,8,0,11,0,26,9,1,36,0,0,0,36
03/30/2021,SAW,MI,AGL,CE,Federal Contract Tower,0,17,1,0,18,0,1,6,0,7,0,18,7,0,25,0,0,0,25
03/31/2021,SAW,MI,AGL,CE,Federal Contract Tower,0,18,2,0,20,0,2,0,0,2,0,20,2,0,22,0,0,0,22
04/01/2021,SAW,MI,AGL,CE,Federal Contract Tower,0,14,0,0,14,0,0,23,0,23,0,14,23,0,37,42,0,42,79
04/02/2021,SAW,MI,AGL,CE,Federal Contract Tower,0,16,0,1,17,0,2,20,1,23,0,18,20,2,40,8,0,8,48
04/03/2021,SAW,MI,AGL,CE,Federal Contract Tower,0,11,0,0,11,0,1,8,0,9,0,12,8,0,20,2,0,2,22
04/04/2021,SAW,MI,AGL,CE,Federal Contract Tower,0,11,1,0,12,0,0,8,0,8,0,11,9,0,20,8,0,8,28
04/05/2021,SAW,MI,AGL,CE,Federal Contract Tower,0,15,0,0,15,0,5,10,1,16,0,20,10,1,31,24,0,24,55
04/06/2021,SAW,MI,AGL,CE,Federal Contract Tower,0,13,4,0,17,0,1,5,0,6,0,14,9,0,23,0,0,0,23
04/07/2021,SAW,MI,AGL,CE,Federal Contract Tower,0,23,3,0,26,0,2,16,0,18,0,25,19,0,44,44,0,44,88
04/08/2021,SAW,MI,AGL,CE,Federal Contract Tower,0,20,0,0,20,1,0,5,0,6,1,20,5,0,26,24,0,24,50
04/09/2021,SAW,MI,AGL,CE,Federal Contract Tower,0,13,3,0,16,0,8,0,0,8,0,21,3,0,24,0,0,0,24
04/10/2021,SAW,MI,AGL,CE,Federal Contract Tower,0,17,1,0,18,0,1,3,0,4,0,18,4,0,22,24,0,24,46
04/11/2021,SAW,MI,AGL,CE,Federal Contract Tower,0,9,1,4,14,0,6,0,0,6,0,15,1,4,20,0,0,0,20
04/12/2021,SAW,MI,AGL,CE,Federal Contract Tower,0,13,0,0,13,0,3,0,0,3,0,16,0,0,16,0,0,0,16
04/13/2021,SAW,MI,AGL,CE,Federal Contract Tower,0,26,0,0,26,0,3,4,0,7,0,29,4,0,33,18,0,18,51
04/14/2021,SAW,MI,AGL,CE,Federal Contract Tower,0,17,1,0,18,0,2,0,0,2,0,19,1,0,20,0,0,0,20
04/15/2021,SAW,MI,AGL,CE,Federal Contract Tower,0,19,7,0,26,0,2,0,0,2,0,21,7,0,28,0,0,0,28
04/16/2021,SAW,MI,AGL,CE,Federal Contract Tower,0,24,8,0,32,0,3,7,0,10,0,27,15,0,42,30,0,30,72
04/17/2021,SAW,MI,AGL,CE,Federal Contract Tower,0,13,4,0,17,0,3,27,0,30,0,16,31,0,47,102,0,102,149
04/18/2021,SAW,MI,AGL,CE,Federal Contract Tower,0,8,2,0,10,0,0,26,0,26,0,8,28,0,36,14,0,14,50
04/19/2021,SAW,MI,AGL,CE,Federal Contract Tower,0,13,1,0,14,0,0,0,0,0,0,13,1,0,14,0,0,0,14
04/20/2021,SAW,MI,AGL,CE,Federal Contract Tower,0,15,1,0,16,0,0,0,0,0,0,15,1,0,16,0,0,0,16
04/21/2021,SAW,MI,AGL,CE,Federal Contract Tower,0,18,0,0,18,0,1,0,0,1,0,19,0,0,19,0,0,0,19
04/22/2021,SAW,MI,AGL,CE,Federal Contract Tower,0,18,3,0,21,0,2,30,0,32,0,20,33,0,53,94,0,94,147
04/23/2021,SAW,MI,AGL,CE,Federal Contract Tower,0,16,2,0,18,0,2,15,0,17,0,18,17,0,35,40,0,40,75
04/24/2021,SAW,MI,AGL,CE,Federal Contract Tower,0,14,4,0,18,0,2,2,0,4,0,16,6,0,22,12,0,12,34
04/25/2021,SAW,MI,AGL,CE,Federal Contract Tower,0,7,1,0,8,0,0,20,0,20,0,7,21,0,28,2,0,2,30
04/26/2021,SAW,MI,AGL,CE,Federal Contract Tower,0,13,0,0,13,0,0,0,0,0,0,13,0,0,13,0,0,0,13
04/27/2021,SAW,MI,AGL,CE,Federal Contract Tower,0,13,0,0,13,0,0,0,0,0,0,13,0,0,13,0,0,0,13
04/28/2021,SAW,MI,AGL,CE,Federal Contract Tower,0,22,1,1,24,0,2,23,2,27,0,24,24,3,51,98,0,98,149
04/29/2021,SAW,MI,AGL,CE,Federal Contract Tower,0,18,1,0,19,0,1,0,0,1,0,19,1,0,20,0,0,0,20
04/30/2021,SAW,MI,AGL,CE,Federal Contract Tower,0,16,6,0,22,0,2,17,0,19,0,18,23,0,41,2,0,2,43
05/01/2021,SAW,MI,AGL,CE,Federal Contract Tower,0,10,2,0,12,0,1,2,0,3,0,11,4,0,15,0,0,0,15
05/02/2021,SAW,MI,AGL,CE,Federal Contract Tower,0,11,2,0,13,0,0,10,0,10,0,11,12,0,23,0,0,0,23
05/03/2021,SAW,MI,AGL,CE,Federal Contract Tower,0,10,0,0,10,0,0,0,0,0,0,10,0,0,10,0,0,0,10
05/04/2021,SAW,MI,AGL,CE,Federal Contract Tower,0,16,0,0,16,0,1,1,0,2,0,17,1,0,18,0,0,0,18
05/05/2021,SAW,MI,AGL,CE,Federal Contract Tower,0,19,3,0,22,0,2,16,0,18,0,21,19,0,40,82,0,82,122
05/06/2021,SAW,MI,AGL,CE,Federal Contract Tower,0,23,7,0,30,0,2,31,0,33,0,25,38,0,63,194,0,194,257
05/07/2021,SAW,MI,AGL,CE,Federal Contract Tower,0,17,0,0,17,0,4,1,0,5,0,21,1,0,22,0,0,0,22
05/08/2021,SAW,MI,AGL,CE,Federal Contract Tower,0,12,0,0,12,0,3,22,0,25,0,15,22,0,37,26,0,26,63
05/09/2021,SAW,MI,AGL,CE,Federal Contract Tower,0,10,2,0,12,0,0,10,0,10,0,10,12,0,22,20,0,20,42
05/10/2021,SAW,MI,AGL,CE,Federal Contract Tower,0,17,0,0,17,0,1,0,1,2,0,18,0,1,19,0,0,0,19
05/11/2021,SAW,MI,AGL,CE,Federal Contract Tower,0,18,1,0,19,0,4,4,4,12,0,22,5,4,31,0,0,0,31
05/12/2021,SAW,MI,AGL,CE,Federal Contract Tower,0,28,1,2,31,0,3,17,8,28,0,31,18,10,59,2,24,26,85
05/13/2021,SAW,MI,AGL,CE,Federal Contract Tower,0,24,6,0,30,0,2,30,1,33,0,26,36,1,63,30,0,30,93
05/14/2021,SAW,MI,AGL,CE,Federal Contract Tower,0,18,7,0,25,0,6,6,0,12,0,24,13,0,37,0,0,0,37
05/15/2021,SAW,MI,AGL,CE,Federal Contract Tower,0,25,3,2,30,0,10,16,0,26,0,35,19,2,56,26,0,26,82
05/16/2021,SAW,MI,AGL,CE,Federal Contract Tower,0,14,4,0,18,0,7,7,0,14,0,21,11,0,32,4,0,4,36
05/17/2021,SAW,MI,AGL,CE,Federal Contract Tower,0,20,4,16,40,0,0,20,0,20,0,20,24,16,60,12,0,12,72
05/18/2021,SAW,MI,AGL,CE,Federal Contract Tower,0,19,2,2,23,0,3,27,39,69,0,22,29,41,92,42,148,190,282
05/19/2021,SAW,MI,AGL,CE,Federal Contract Tower,0,17,5,9,31,0,0,0,0,0,0,17,5,9,31,0,2,2,33
05/20/2021,SAW,MI,AGL,CE,Federal Contract Tower,0,24,2,11,37,0,4,3,33,40,0,28,5,44,77,0,10,10,87
05/21/2021,SAW,MI,AGL,CE,Federal Contract Tower,0,23,6,2,31,0,3,3,5,11,0,26,9,7,42,0,0,0,42
05/22/2021,SAW,MI,AGL,CE,Federal Contract Tower,0,11,2,0,13,0,2,6,0,8,0,13,8,0,21,10,0,10,31
05/23/2021,SAW,MI,AGL,CE,Federal Contract Tower,0,10,4,0,14,0,0,0,0,0,0,10,4,0,14,0,0,0,14
05/24/2021,SAW,MI,AGL,CE,Federal Contract Tower,0,17,2,0,19,0,1,0,0,1,0,18,2,0,20,0,0,0,20
05/25/2021,SAW,MI,AGL,CE,Federal Contract Tower,0,17,2,0,19,0,3,7,0,10,0,20,9,0,29,24,0,24,53
05/26/2021,SAW,MI,AGL,CE,Federal Contract Tower,0,21,2,0,23,0,2,5,0,7,0,23,7,0,30,2,0,2,32
05/27/2021,SAW,MI,AGL,CE,Federal Contract Tower,0,26,8,0,34,0,0,13,0,13,0,26,21,0,47,16,0,16,63
05/28/2021,SAW,MI,AGL,CE,Federal Contract Tower,0,19,2,0,21,0,6,7,1,14,0,25,9,1,35,0,2,2,37
05/29/2021,SAW,MI,AGL,CE,Federal Contract Tower,0,18,9,0,27,0,8,20,2,30,0,26,29,2,57,2,0,2,59
05/30/2021,SAW,MI,AGL,CE,Federal Contract Tower,2,9,1,0,12,0,0,21,0,21,2,9,22,0,33,16,0,16,49
05/31/2021,SAW,MI,AGL,CE,Federal Contract Tower,0,16,0,0,16,0,3,9,0,12,0,19,9,0,28,10,0,10,38
06/01/2021,SAW,MI,AGL,CE,Federal Contract Tower,0,14,0,0,14,0,1,17,0,18,0,15,17,0,32,40,0,40,72
06/02/2021,SAW,MI,AGL,CE,Federal Contract Tower,0,20,2,0,22,0,2,9,2,13,0,22,11,2,35,8,0,8,43
06/03/2021,SAW,MI,AGL,CE,Federal Contract Tower,0,18,0,0,18,0,3,10,0,13,0,21,10,0,31,26,0,26,57
06/04/2021,SAW,MI,AGL,CE,Federal Contract Tower,0,21,6,0,27,0,1,13,0,14,0,22,19,0,41,50,0,50,91
06/05/2021,SAW,MI,AGL,CE,Federal Contract Tower,0,13,7,0,20,0,2,5,0,7,0,15,12,0,27,0,0,0,27
06/06/2021,SAW,MI,AGL,CE,Federal Contract Tower,0,12,1,0,13,0,0,7,0,7,0,12,8,0,20,0,0,0,20
06/07/2021,SAW,MI,AGL,CE,Federal Contract Tower,0,15,1,2,18,0,0,9,2,11,0,15,10,4,29,42,0,42,71
06/08/2021,SAW,MI,AGL,CE,Federal Contract Tower,0,18,5,2,25,0,4,13,0,17,0,22,18,2,42,6,0,6,48
06/09/2021,SAW,MI,AGL,CE,Federal Contract Tower,0,20,2,0,22,0,3,23,0,26,0,23,25,0,48,20,0,20,68
06/10/2021,SAW,MI,AGL,CE,Federal Contract Tower,0,24,1,2,27,0,1,10,0,11,0,25,11,2,38,34,0,34,72
06/11/2021,SAW,MI,AGL,CE,Federal Contract Tower,0,18,4,0,22,0,1,6,0,7,0,19,10,0,29,0,0,0,29
06/12/2021,SAW,MI,AGL,CE,Federal Contract Tower,0,12,6,0,18,0,6,8,0,14,0,18,14,0,32,6,0,6,38
06/13/2021,SAW,MI,AGL,CE,Federal Contract Tower,0,13,3,0,16,0,0,39,0,39,0,13,42,0,55,8,0,8,63
06/14/2021,SAW,MI,AGL,CE,Federal Contract Tower,0,18,1,2,21,0,8,13,2,23,0,26,14,4,44,17,18,35,79
06/15/2021,SAW,MI,AGL,CE,Federal Contract Tower,0,22,2,0,24,0,5,24,0,29,0,27,26,0,53,56,0,56,109
06/16/2021,SAW,MI,AGL,CE,Federal Contract Tower,0,23,1,0,24,0,12,22,0,34,0,35,23,0,58,34,0,34,92
06/17/2021,SAW,MI,AGL,CE,Federal Contract Tower,0,21,14,0,35,0,1,20,0,21,0,22,34,0,56,12,0,12,68
06/18/2021,SAW,MI,AGL,CE,Federal Contract Tower,0,22,1,0,23,0,1,4,0,5,0,23,5,0,28,0,0,0,28
06/19/2021,SAW,MI,AGL,CE,Federal Contract Tower,0,12,1,0,13,0,1,4,0,5,0,13,5,0,18,0,0,0,18
06/20/2021,SAW,MI,AGL,CE,Federal Contract Tower,0,9,5,0,14,0,2,9,0,11,0,11,14,0,25,6,0,6,31
06/21/2021,SAW,MI,AGL,CE,Federal Contract Tower,0,21,3,0,24,0,1,0,0,1,0,22,3,0,25,0,0,0,25
06/22/2021,SAW,MI,AGL,CE,Federal Contract Tower,0,23,6,0,29,0,1,10,0,11,0,24,16,0,40,18,0,18,58
06/23/2021,SAW,MI,AGL,CE,Federal Contract Tower,0,22,2,0,24,0,2,9,2,13,0,24,11,2,37,18,6,24,61
06/24/2021,SAW,MI,AGL,CE,Federal Contract Tower,0,21,4,0,25,0,1,11,0,12,0,22,15,0,37,28,0,28,65
06/25/2021,SAW,MI,AGL,CE,Federal Contract Tower,0,23,5,0,28,0,1,22,0,23,0,24,27,0,51,12,0,12,63
06/26/2021,SAW,MI,AGL,CE,Federal Contract Tower,0,14,4,0,18,0,1,15,0,16,0,15,19,0,34,12,0,12,46
06/27/2021,SAW,MI,AGL,CE,Federal Contract Tower,0,12,8,0,20,0,1,21,0,22,0,13,29,0,42,34,0,34,76
06/28/2021,SAW,MI,AGL,CE,Federal Contract Tower,0,16,5,0,21,0,0,5,0,5,0,16,10,0,26,8,0,8,34
06/29/2021,SAW,MI,AGL,CE,Federal Contract Tower,0,18,5,0,23,0,3,2,0,5,0,21,7,0,28,0,0,0,28
06/30/2021,SAW,MI,AGL,CE,Federal Contract Tower,0,20,1,0,21,0,1,10,0,11,0,21,11,0,32,0,0,0,32
07/01/2021,SAW,MI,AGL,CE,Federal Contract Tower,0,19,7,0,26,0,1,13,0,14,0,20,20,0,40,34,0,34,74
07/02/2021,SAW,MI,AGL,CE,Federal Contract Tower,0,21,4,0,25,0,4,23,21,48,0,25,27,21,73,26,16,42,115
07/03/2021,SAW,MI,AGL,CE,Federal Contract Tower,0,14,0,0,14,0,2,15,1,18,0,16,15,1,32,0,0,0,32
07/04/2021,SAW,MI,AGL,CE,Federal Contract Tower,0,11,1,0,12,0,0,9,0,9,0,11,10,0,21,0,0,0,21
07/05/2021,SAW,MI,AGL,CE,Federal Contract Tower,0,16,3,0,19,0,2,24,0,26,0,18,27,0,45,0,0,0,45
07/06/2021,SAW,MI,AGL,CE,Federal Contract Tower,0,16,5,0,21,0,1,6,0,7,0,17,11,0,28,10,0,10,38
07/07/2021,SAW,MI,AGL,CE,Federal Contract Tower,0,21,2,0,23,0,1,10,0,11,0,22,12,0,34,38,0,38,72
07/08/2021,SAW,MI,AGL,CE,Federal Contract Tower,0,22,7,0,29,0,2,20,0,22,0,24,27,0,51,16,0,16,67
07/09/2021,SAW,MI,AGL,CE,Federal Contract Tower,0,19,8,0,27,0,3,39,0,42,0,22,47,0,69,14,0,14,83
07/10/2021,SAW,MI,AGL,CE,Federal Contract Tower,0,16,5,0,21,0,1,14,0,15,0,17,19,0,36,2,0,2,38
07/11/2021,SAW,MI,AGL,CE,Federal Contract Tower,0,14,3,0,17,0,0,23,0,23,0,14,26,0,40,16,0,16,56
07/12/2021,SAW,MI,AGL,CE,Federal Contract Tower,0,19,2,0,21,0,1,25,0,26,0,20,27,0,47,2,0,2,49
07/13/2021,SAW,MI,AGL,CE,Federal Contract Tower,0,22,7,0,29,0,3,20,0,23,0,25,27,0,52,44,0,44,96
07/14/2021,SAW,MI,AGL,CE,Federal Contract Tower,0,22,8,0,30,0,1,0,0,1,0,23,8,0,31,0,0,0,31
07/15/2021,SAW,MI,AGL,CE,Federal Contract Tower,0,22,2,0,24,0,2,4,0,6,0,24,6,0,30,8,0,8,38
07/16/2021,SAW,MI,AGL,CE,Federal Contract Tower,0,21,4,0,25,0,7,21,1,29,0,28,25,1,54,0,0,0,54
07/17/2021,SAW,MI,AGL,CE,Federal Contract Tower,0,15,0,0,15,0,2,21,0,23,0,17,21,0,38,44,0,44,82
07/18/2021,SAW,MI,AGL,CE,Federal Contract Tower,0,13,5,1,19,0,2,16,0,18,0,15,21,1,37,6,0,6,43
07/19/2021,SAW,MI,AGL,CE,Federal Contract Tower,0,17,4,0,21,0,2,35,0,37,0,19,39,0,58,10,0,10,68
07/20/2021,SAW,MI,AGL,CE,Federal Contract Tower,0,18,9,0,27,0,9,3,0,12,0,27,12,0,39,0,0,0,39
07/21/2021,SAW,MI,AGL,CE,Federal Contract Tower,0,21,1,0,22,0,1,17,0,18,0,22,18,0,40,20,0,20,60
07/22/2021,SAW,MI,AGL,CE,Federal Contract Tower,0,28,11,0,39,0,1,16,0,17,0,29,27,0,56,18,0,18,74
07/23/2021,SAW,MI,AGL,CE,Federal Contract Tower,0,17,6,0,23,0,1,13,0,14,0,18,19,0,37,0,0,0,37
07/24/2021,SAW,MI,AGL,CE,Federal Contract Tower,0,15,8,0,23,0,0,8,0,8,0,15,16,0,31,4,0,4,35
07/25/2021,SAW,MI,AGL,CE,Federal Contract Tower,0,9,8,0,17,0,1,26,0,27,0,10,34,0,44,146,0,146,190
07/26/2021,SAW,MI,AGL,CE,Federal Contract Tower,0,21,7,0,28,0,1,21,4,26,0,22,28,4,54,14,0,14,68
07/27/2021,SAW,MI,AGL,CE,Federal Contract Tower,0,23,11,1,35,0,3,13,4,20,0,26,24,5,55,20,0,20,75
07/28/2021,SAW,MI,AGL,CE,Federal Contract Tower,0,25,1,0,26,0,0,17,8,25,0,25,18,8,51,0,0,0,51
07/29/2021,SAW,MI,AGL,CE,Federal Contract Tower,0,27,4,2,33,0,1,4,0,5,0,28,8,2,38,0,0,0,38
07/30/2021,SAW,MI,AGL,CE,Federal Contract Tower,0,17,7,0,24,0,5,36,1,42,0,22,43,1,66,78,0,78,144
07/31/2021,SAW,MI,AGL,CE,Federal Contract Tower,0,14,8,2,24,0,2,10,0,12,0,16,18,2,36,8,0,8,44
08/01/2021,SAW,MI,AGL,CE,Federal Contract Tower,0,15,7,0,22,0,1,5,0,6,0,16,12,0,28,0,0,0,28
08/02/2021,SAW,MI,AGL,CE,Federal Contract Tower,0,17,7,0,24,0,1,17,0,18,0,18,24,0,42,24,0,24,66
08/03/2021,SAW,MI,AGL,CE,Federal Contract Tower,0,17,3,4,24,0,3,12,6,21,0,20,15,10,45,0,2,2,47
08/04/2021,SAW,MI,AGL,CE,Federal Contract Tower,0,21,3,0,24,0,1,15,0,16,0,22,18,0,40,16,0,16,56
08/05/2021,SAW,MI,AGL,CE,Federal Contract Tower,0,22,7,3,32,0,1,15,5,21,0,23,22,8,53,10,14,24,77
08/06/2021,SAW,MI,AGL,CE,Federal Contract Tower,0,19,5,1,25,0,1,2,0,3,0,20,7,1,28,0,0,0,28
08/07/2021,SAW,MI,AGL,CE,Federal Contract Tower,0,14,0,0,14,0,2,9,0,11,0,16,9,0,25,34,0,34,59
08/08/2021,SAW,MI,AGL,CE,Federal Contract Tower,0,17,2,1,20,0,0,3,0,3,0,17,5,1,23,0,0,0,23
08/09/2021,SAW,MI,AGL,CE,Federal Contract Tower,0,22,5,0,27,0,0,7,0,7,0,22,12,0,34,8,0,8,42
08/10/2021,SAW,MI,AGL,CE,Federal Contract Tower,0,17,3,0,20,0,1,4,0,5,0,18,7,0,25,2,0,2,27
08/11/2021,SAW,MI,AGL,CE,Federal Contract Tower,0,24,4,0,28,0,1,6,0,7,0,25,10,0,35,0,0,0,35
08/12/2021,SAW,MI,AGL,CE,Federal Contract Tower,0,24,7,0,31,0,1,16,5,22,0,25,23,5,53,10,0,10,63
08/13/2021,SAW,MI,AGL,CE,Federal Contract Tower,0,25,8,0,33,0,3,19,0,22,0,28,27,0,55,16,0,16,71
08/14/2021,SAW,MI,AGL,CE,Federal Contract Tower,0,21,0,0,21,0,15,23,0,38,0,36,23,0,59,42,0,42,101
08/15/2021,SAW,MI,AGL,CE,Federal Contract Tower,0,19,5,0,24,0,1,14,0,15,0,20,19,0,39,0,0,0,39
08/16/2021,SAW,MI,AGL,CE,Federal Contract Tower,0,24,2,0,26,0,3,25,0,28,0,27,27,0,54,18,0,18,72
08/17/2021,SAW,MI,AGL,CE,Federal Contract Tower,0,23,5,0,28,0,1,23,2,26,0,24,28,2,54,10,0,10,64
08/18/2021,SAW,MI,AGL,CE,Federal Contract Tower,0,28,1,2,31,0,2,18,2,22,0,30,19,4,53,18,0,18,71
08/19/2021,SAW,MI,AGL,CE,Federal Contract Tower,0,27,2,0,29,0,3,24,0,27,0,30,26,0,56,80,0,80,136
08/20/2021,SAW,MI,AGL,CE,Federal Contract Tower,0,27,1,0,28,0,2,15,0,17,0,29,16,0,45,8,0,8,53
08/21/2021,SAW,MI,AGL,CE,Federal Contract Tower,0,19,2,0,21,0,8,4,0,12,0,27,6,0,33,0,0,0,33
08/22/2021,SAW,MI,AGL,CE,Federal Contract Tower,0,13,7,0,20,0,1,17,0,18,0,14,24,0,38,0,0,0,38
08/23/2021,SAW,MI,AGL,CE,Federal Contract Tower,1,26,5,0,32,8,2,25,0,35,9,28,30,0,67,10,0,10,77
08/24/2021,SAW,MI,AGL,CE,Federal Contract Tower,0,19,2,0,21,0,0,36,0,36,0,19,38,0,57,76,0,76,133
08/25/2021,SAW,MI,AGL,CE,Federal Contract Tower,0,22,4,0,26,0,2,7,0,9,0,24,11,0,35,6,0,6,41
08/26/2021,SAW,MI,AGL,CE,Federal Contract Tower,0,22,2,0,24,0,4,38,1,43,0,26,40,1,67,98,0,98,165
08/27/2021,SAW,MI,AGL,CE,Federal Contract Tower,0,21,1,0,22,0,2,4,1,7,0,23,5,1,29,8,0,8,37
08/28/2021,SAW,MI,AGL,CE,Federal Contract Tower,0,12,17,0,29,0,1,5,0,6,0,13,22,0,35,14,0,14,49
08/29/2021,SAW,MI,AGL,CE,Federal Contract Tower,0,9,2,0,11,0,0,3,0,3,0,9,5,0,14,0,0,0,14
08/30/2021,SAW,MI,AGL,CE,Federal Contract Tower,0,24,4,0,28,0,5,12,0,17,0,29,16,0,45,0,0,0,45
08/31/2021,SAW,MI,AGL,CE,Federal Contract Tower,0,20,3,0,23,0,6,22,2,30,0,26,25,2,53,40,4,44,97
09/01/2021,SAW,MI,AGL,CE,Federal Contract Tower,0,26,15,8,49,0,2,47,0,49,0,28,62,8,98,118,8,126,224
09/02/2021,SAW,MI,AGL,CE,Federal Contract Tower,2,23,14,0,39,0,0,20,0,20,2,23,34,0,59,24,0,24,83
09/03/2021,SAW,MI,AGL,CE,Federal Contract Tower,2,21,5,0,28,16,1,36,0,53,18,22,41,0,81,148,0,148,229
09/04/2021,SAW,MI,AGL,CE,Federal Contract Tower,2,16,1,0,19,0,1,3,0,4,2,17,4,0,23,0,0,0,23
09/05/2021,SAW,MI,AGL,CE,Federal Contract Tower,0,9,5,0,14,0,1,33,0,34,0,10,38,0,48,182,0,182,230
09/06/2021,SAW,MI,AGL,CE,Federal Contract Tower,0,9,6,0,15,0,1,17,0,18,0,10,23,0,33,24,0,24,57
09/07/2021,SAW,MI,AGL,CE,Federal Contract Tower,0,16,0,1,17,0,1,1,0,2,0,17,1,1,19,0,0,0,19
09/08/2021,SAW,MI,AGL,CE,Federal Contract Tower,0,24,9,0,33,0,2,3,0,5,0,26,12,0,38,0,0,0,38
09/09/2021,SAW,MI,AGL,CE,Federal Contract Tower,0,24,7,1,32,0,1,29,0,30,0,25,36,1,62,52,0,52,114
09/10/2021,SAW,MI,AGL,CE,Federal Contract Tower,0,24,6,2,32,0,5,25,0,30,0,29,31,2,62,24,2,26,88
09/11/2021,SAW,MI,AGL,CE,Federal Contract Tower,0,18,2,0,20,0,2,6,0,8,0,20,8,0,28,0,0,0,28
09/12/2021,SAW,MI,AGL,CE,Federal Contract Tower,0,11,2,0,13,0,0,20,0,20,0,11,22,0,33,0,0,0,33
09/13/2021,SAW,MI,AGL,CE,Federal Contract Tower,2,26,4,0,32,8,10,19,0,37,10,36,23,0,69,22,0,22,91
09/14/2021,SAW,MI,AGL,CE,Federal Contract Tower,0,23,0,0,23,0,3,2,0,5,0,26,2,0,28,0,0,0,28
09/15/2021,SAW,MI,AGL,CE,Federal Contract Tower,0,21,8,0,29,0,7,15,4,26,0,28,23,4,55,88,20,108,163
09/16/2021,SAW,MI,AGL,CE,Federal Contract Tower,0,27,2,0,29,0,2,3,0,5,0,29,5,0,34,0,0,0,34
09/17/2021,SAW,MI,AGL,CE,Federal Contract Tower,0,17,6,0,23,0,5,2,2,9,0,22,8,2,32,0,0,0,32
09/18/2021,SAW,MI,AGL,CE,Federal Contract Tower,0,15,6,0,21,0,2,10,0,12,0,17,16,0,33,4,0,4,37
09/19/2021,SAW,MI,AGL,CE,Federal Contract Tower,0,13,4,0,17,0,0,6,0,6,0,13,10,0,23,0,0,0,23
09/20/2021,SAW,MI,AGL,CE,Federal Contract Tower,0,24,0,2,26,0,0,1,0,1,0,24,1,2,27,0,0,0,27
09/21/2021,SAW,MI,AGL,CE,Federal Contract Tower,2,17,0,0,19,1,1,2,2,6,3,18,2,2,25,0,0,0,25
09/22/2021,SAW,MI,AGL,CE,Federal Contract Tower,0,33,6,0,39,0,2,33,4,39,0,35,39,4,78,118,0,118,196
09/23/2021,SAW,MI,AGL,CE,Federal Contract Tower,0,28,3,0,31,0,1,2,3,6,0,29,5,3,37,0,0,0,37
09/24/2021,SAW,MI,AGL,CE,Federal Contract Tower,0,25,5,2,32,0,3,18,0,21,0,28,23,2,53,0,0,0,53
09/25/2021,SAW,MI,AGL,CE,Federal Contract Tower,0,12,2,1,15,0,2,13,2,17,0,14,15,3,32,30,12,42,74
09/26/2021,SAW,MI,AGL,CE,Federal Contract Tower,0,12,7,1,20,0,1,9,0,10,0,13,16,1,30,4,0,4,34
09/27/2021,SAW,MI,AGL,CE,Federal Contract Tower,0,23,5,0,28,1,0,21,0,22,1,23,26,0,50,6,0,6,56
09/28/2021,SAW,MI,AGL,CE,Federal Contract Tower,0,17,1,0,18,0,0,10,1,11,0,17,11,1,29,8,0,8,37
09/29/2021,SAW,MI,AGL,CE,Federal Contract Tower,1,22,4,0,27,0,2,26,3,31,1,24,30,3,58,24,0,24,82
09/30/2021,SAW,MI,AGL,CE,Federal Contract Tower,0,26,7,4,37,0,0,0,0,0,0,26,7,4,37,100,0,100,137
10/01/2021,SAW,MI,AGL,CE,Federal Contract Tower,0,28,14,0,42,0,1,23,0,24,0,29,37,0,66,8,0,8,74
10/02/2021,SAW,MI,AGL,CE,Federal Contract Tower,0,20,2,0,22,0,1,3,0,4,0,21,5,0,26,0,0,0,26
10/03/2021,SAW,MI,AGL,CE,Federal Contract Tower,0,10,3,0,13,0,0,0,0,0,0,10,3,0,13,0,0,0,13
10/04/2021,SAW,MI,AGL,CE,Federal Contract Tower,0,22,4,0,26,0,0,0,0,0,0,22,4,0,26,0,0,0,26
10/05/2021,SAW,MI,AGL,CE,Federal Contract Tower,0,26,1,4,31,0,1,11,0,12,0,27,12,4,43,20,0,20,63
10/06/2021,SAW,MI,AGL,CE,Federal Contract Tower,0,21,11,0,32,0,1,4,0,5,0,22,15,0,37,2,0,2,39
10/07/2021,SAW,MI,AGL,CE,Federal Contract Tower,0,14,5,0,19,0,0,6,0,6,0,14,11,0,25,4,0,4,29
10/08/2021,SAW,MI,AGL,CE,Federal Contract Tower,0,20,3,0,23,0,1,1,0,2,0,21,4,0,25,0,0,0,25
10/09/2021,SAW,MI,AGL,CE,Federal Contract Tower,0,18,7,0,25,0,2,4,0,6,0,20,11,0,31,0,0,0,31
10/10/2021,SAW,MI,AGL,CE,Federal Contract Tower,0,14,5,0,19,0,1,0,0,1,0,15,5,0,20,0,0,0,20
10/11/2021,SAW,MI,AGL,CE,Federal Contract Tower,0,19,5,0,24,0,1,3,0,4,0,20,8,0,28,0,0,0,28
10/12/2021,SAW,MI,AGL,CE,Federal Contract Tower,0,19,0,0,19,0,1,0,0,1,0,20,0,0,20,0,0,0,20
10/13/2021,SAW,MI,AGL,CE,Federal Contract Tower,0,25,0,0,25,0,3,6,0,9,0,28,6,0,34,0,0,0,34
10/14/2021,SAW,MI,AGL,CE,Federal Contract Tower,1,19,8,2,30,0,0,34,4,38,1,19,42,6,68,68,0,68,136
10/15/2021,SAW,MI,AGL,CE,Federal Contract Tower,0,18,7,10,35,0,2,34,4,40,0,20,41,14,75,96,26,122,197
10/16/2021,SAW,MI,AGL,CE,Federal Contract Tower,0,23,5,0,28,0,3,6,0,9,0,26,11,0,37,0,26,26,63
10/17/2021,SAW,MI,AGL,CE,Federal Contract Tower,0,11,8,0,19,5,1,11,0,17,5,12,19,0,36,6,0,6,42
10/18/2021,SAW,MI,AGL,CE,Federal Contract Tower,1,21,3,0,25,4,0,18,0,22,5,21,21,0,47,4,0,4,51
10/19/2021,SAW,MI,AGL,CE,Federal Contract Tower,1,28,11,2,42,12,1,18,0,31,13,29,29,2,73,14,0,14,87
10/20/2021,SAW,MI,AGL,CE,Federal Contract Tower,0,20,3,0,23,0,0,0,0,0,0,20,3,0,23,0,0,0,23
10/21/2021,SAW,MI,AGL,CE,Federal Contract Tower,0,23,1,0,24,0,1,1,0,2,0,24,2,0,26,0,0,0,26
10/22/2021,SAW,MI,AGL,CE,Federal Contract Tower,0,19,6,4,29,0,2,17,0,19,0,21,23,4,48,8,0,8,56
10/23/2021,SAW,MI,AGL,CE,Federal Contract Tower,0,15,0,0,15,0,2,5,0,7,0,17,5,0,22,6,0,6,28
10/24/2021,SAW,MI,AGL,CE,Federal Contract Tower,1,11,1,0,13,4,0,1,0,5,5,11,2,0,18,0,0,0,18
10/25/2021,SAW,MI,AGL,CE,Federal Contract Tower,1,18,1,0,20,0,1,0,0,1,1,19,1,0,21,0,0,0,21
10/26/2021,SAW,MI,AGL,CE,Federal Contract Tower,0,15,2,0,17,0,0,11,0,11,0,15,13,0,28,10,0,10,38
10/27/2021,SAW,MI,AGL,CE,Federal Contract Tower,0,22,3,2,27,0,0,18,0,18,0,22,21,2,45,84,0,84,129
10/28/2021,SAW,MI,AGL,CE,Federal Contract Tower,2,18,3,5,28,0,0,3,2,5,2,18,6,7,33,0,4,4,37
10/29/2021,SAW,MI,AGL,CE,Federal Contract Tower,0,22,3,3,28,0,1,2,2,5,0,23,5,5,33,10,4,14,47
10/30/2021,SAW,MI,AGL,CE,Federal Contract Tower,0,17,2,0,19,0,2,5,0,7,0,19,7,0,26,0,0,0,26
10/31/2021,SAW,MI,AGL,CE,Federal Contract Tower,0,10,0,0,10,0,0,3,0,3,0,10,3,0,13,24,0,24,37
11/01/2021,SAW,MI,AGL,CE,Federal Contract Tower,1,18,0,1,20,6,0,4,0,10,7,18,4,1,30,0,0,0,30
11/02/2021,SAW,MI,AGL,CE,Federal Contract Tower,0,16,1,0,17,0,2,0,0,2,0,18,1,0,19,0,0,0,19
11/03/2021,SAW,MI,AGL,CE,Federal Contract Tower,1,22,2,0,25,0,0,13,0,13,1,22,15,0,38,46,0,46,84
11/04/2021,SAW,MI,AGL,CE,Federal Contract Tower,1,23,2,0,26,0,2,20,0,22,1,25,22,0,48,32,0,32,80
11/05/2021,SAW,MI,AGL,CE,Federal Contract Tower,0,19,8,0,27,0,4,11,4,19,0,23,19,4,46,42,0,42,88
11/06/2021,SAW,MI,AGL,CE,Federal Contract Tower,0,15,0,0,15,0,1,4,0,5,0,16,4,0,20,28,0,28,48
11/07/2021,SAW,MI,AGL,CE,Federal Contract Tower,0,12,2,0,14,0,1,17,0,18,0,13,19,0,32,30,0,30,62
11/08/2021,SAW,MI,AGL,CE,Federal Contract Tower,0,22,6,0,28,4,1,15,0,20,4,23,21,0,48,12,0,12,60
11/09/2021,SAW,MI,AGL,CE,Federal Contract Tower,2,18,9,0,29,1,2,23,0,26,3,20,32,0,55,20,0,20,75
11/10/2021,SAW,MI,AGL,CE,Federal Contract Tower,0,26,6,2,34,0,1,23,13,37,0,27,29,15,71,52,50,102,173
11/11/2021,SAW,MI,AGL,CE,Federal Contract Tower,0,24,0,0,24,0,0,0,0,0,0,24,0,0,24,0,0,0,24
11/12/2021,SAW,MI,AGL,CE,Federal Contract Tower,0,16,5,2,23,0,2,1,0,3,0,18,6,2,26,0,18,18,44
11/13/2021,SAW,MI,AGL,CE,Federal Contract Tower,0,16,2,0,18,0,6,2,0,8,0,22,4,0,26,0,0,0,26
11/14/2021,SAW,MI,AGL,CE,Federal Contract Tower,1,9,0,0,10,0,2,0,0,2,1,11,0,0,12,0,0,0,12
11/15/2021,SAW,MI,AGL,CE,Federal Contract Tower,0,24,3,0,27,0,4,3,0,7,0,28,6,0,34,0,0,0,34
11/16/2021,SAW,MI,AGL,CE,Federal Contract Tower,0,30,7,6,43,0,1,12,4,17,0,31,19,10,60,34,12,46,106
11/17/2021,SAW,MI,AGL,CE,Federal Contract Tower,0,19,1,0,20,0,1,2,2,5,0,20,3,2,25,0,4,4,29
11/18/2021,SAW,MI,AGL,CE,Federal Contract Tower,0,22,4,0,26,0,0,0,0,0,0,22,4,0,26,0,0,0,26
11/19/2021,SAW,MI,AGL,CE,Federal Contract Tower,0,18,1,0,19,0,1,15,0,16,0,19,16,0,35,38,0,38,73
11/20/2021,SAW,MI,AGL,CE,Federal Contract Tower,0,15,2,0,17,0,1,8,6,15,0,16,10,6,32,2,14,16,48
11/21/2021,SAW,MI,AGL,CE,Federal Contract Tower,0,9,0,0,9,0,1,0,0,1,0,10,0,0,10,0,0,0,10
11/22/2021,SAW,MI,AGL,CE,Federal Contract Tower,0,25,2,0,27,0,2,0,4,6,0,27,2,4,33,0,2,2,35
11/23/2021,SAW,MI,AGL,CE,Federal Contract Tower,0,21,5,0,26,0,2,12,2,16,0,23,17,2,42,2,0,2,44
11/24/2021,SAW,MI,AGL,CE,Federal Contract Tower,0,26,5,0,31,0,0,2,0,2,0,26,7,0,33,0,0,0,33
11/25/2021,SAW,MI,AGL,CE,Federal Contract Tower,0,12,1,0,13,0,0,1,0,1,0,12,2,0,14,0,0,0,14
11/26/2021,SAW,MI,AGL,CE,Federal Contract Tower,0,31,2,0,33,0,2,5,0,7,0,33,7,0,40,8,0,8,48
11/27/2021,SAW,MI,AGL,CE,Federal Contract Tower,0,13,1,0,14,0,1,1,0,2,0,14,2,0,16,0,0,0,16
11/28/2021,SAW,MI,AGL,CE,Federal Contract Tower,0,21,3,0,24,0,0,3,0,3,0,21,6,0,27,0,0,0,27
11/29/2021,SAW,MI,AGL,CE,Federal Contract Tower,0,19,2,0,21,0,1,7,2,10,0,20,9,2,31,44,0,44,75
11/30/2021,SAW,MI,AGL,CE,Federal Contract Tower,0,21,2,0,23,0,1,2,3,6,0,22,4,3,29,2,3,5,34
12/01/2021,SAW,MI,AGL,CE,Federal Contract Tower,0,18,3,2,23,0,1,0,0,1,0,19,3,2,24,0,0,0,24
12/02/2021,SAW,MI,AGL,CE,Federal Contract Tower,0,27,1,0,28,0,1,0,1,2,0,28,1,1,30,0,0,0,30
12/03/2021,SAW,MI,AGL,CE,Federal Contract Tower,0,23,4,0,27,0,2,2,0,4,0,25,6,0,31,0,0,0,31
12/04/2021,SAW,MI,AGL,CE,Federal Contract Tower,0,17,2,0,19,0,3,0,0,3,0,20,2,0,22,0,0,0,22
12/05/2021,SAW,MI,AGL,CE,Federal Contract Tower,0,9,0,0,9,0,1,0,0,1,0,10,0,0,10,0,0,0,10
12/06/2021,SAW,MI,AGL,CE,Federal Contract Tower,0,13,0,0,13,0,0,0,0,0,0,13,0,0,13,0,0,0,13
12/07/2021,SAW,MI,AGL,CE,Federal Contract Tower,0,16,2,0,18,0,0,4,4,8,0,16,6,4,26,0,0,0,26
12/08/2021,SAW,MI,AGL,CE,Federal Contract Tower,0,23,0,0,23,0,1,17,10,28,0,24,17,10,51,12,0,12,63
12/09/2021,SAW,MI,AGL,CE,Federal Contract Tower,0,22,3,0,25,0,2,0,0,2,0,24,3,0,27,0,0,0,27
12/10/2021,SAW,MI,AGL,CE,Federal Contract Tower,0,20,2,0,22,0,3,0,0,3,0,23,2,0,25,0,0,0,25
12/11/2021,SAW,MI,AGL,CE,Federal Contract Tower,0,7,2,0,9,0,1,0,0,1,0,8,2,0,10,0,0,0,10
12/12/2021,SAW,MI,AGL,CE,Federal Contract Tower,0,11,8,0,19,0,8,3,0,11,0,19,11,0,30,0,0,0,30
12/13/2021,SAW,MI,AGL,CE,Federal Contract Tower,0,18,4,0,22,0,0,17,5,22,0,18,21,5,44,42,4,46,90
12/14/2021,SAW,MI,AGL,CE,Federal Contract Tower,0,24,1,0,25,0,1,5,2,8,0,25,6,2,33,0,0,0,33
12/15/2021,SAW,MI,AGL,CE,Federal Contract Tower,0,13,0,0,13,0,1,0,0,1,0,14,0,0,14,0,0,0,14
12/16/2021,SAW,MI,AGL,CE,Federal Contract Tower,1,10,0,1,12,1,1,0,2,4,2,11,0,3,16,0,0,0,16
12/17/2021,SAW,MI,AGL,CE,Federal Contract Tower,2,25,3,0,30,0,1,0,0,1,2,26,3,0,31,0,0,0,31
12/18/2021,SAW,MI,AGL,CE,Federal Contract Tower,0,15,2,0,17,0,2,0,0,2,0,17,2,0,19,0,0,0,19
12/19/2021,SAW,MI,AGL,CE,Federal Contract Tower,0,14,5,0,19,0,1,8,0,9,0,15,13,0,28,0,0,0,28
12/20/2021,SAW,MI,AGL,CE,Federal Contract Tower,0,18,2,0,20,0,1,4,0,5,0,19,6,0,25,0,0,0,25
12/21/2021,SAW,MI,AGL,CE,Federal Contract Tower,0,20,0,2,22,0,0,2,0,2,0,20,2,2,24,0,0,0,24
12/22/2021,SAW,MI,AGL,CE,Federal Contract Tower,1,22,1,0,24,4,1,2,2,9,5,23,3,2,33,0,0,0,33
12/23/2021,SAW,MI,AGL,CE,Federal Contract Tower,0,20,0,0,20,0,1,1,0,2,0,21,1,0,22,0,0,0,22
12/24/2021,SAW,MI,AGL,CE,Federal Contract Tower,0,12,0,0,12,0,1,0,0,1,0,13,0,0,13,0,0,0,13
12/25/2021,SAW,MI,AGL,CE,Federal Contract Tower,0,10,2,0,12,0,1,6,0,7,0,11,8,0,19,0,0,0,19
12/26/2021,SAW,MI,AGL,CE,Federal Contract Tower,0,10,0,0,10,0,1,1,0,2,0,11,1,0,12,0,0,0,12
12/27/2021,SAW,MI,AGL,CE,Federal Contract Tower,0,16,1,0,17,0,2,0,0,2,0,18,1,0,19,0,0,0,19
12/28/2021,SAW,MI,AGL,CE,Federal Contract Tower,0,13,0,0,13,0,1,0,0,1,0,14,0,0,14,0,0,0,14
12/29/2021,SAW,MI,AGL,CE,Federal Contract Tower,0,21,2,0,23,0,0,4,0,4,0,21,6,0,27,0,0,0,27
12/30/2021,SAW,MI,AGL,CE,Federal Contract Tower,0,19,0,2,21,0,1,0,0,1,0,20,0,2,22,0,0,0,22
12/31/2021,SAW,MI,AGL,CE,Federal Contract Tower,0,13,1,0,14,0,1,8,0,9,0,14,9,0,23,30,0,30,53
01/01/2022,SAW,MI,AGL,CE,Federal Contract Tower,0,7,2,0,9,0,1,0,0,1,0,8,2,0,10,0,0,0,10
01/02/2022,SAW,MI,AGL,CE,Federal Contract Tower,0,11,3,0,14,0,1,0,0,1,0,12,3,0,15,0,0,0,15
01/03/2022,SAW,MI,AGL,CE,Federal Contract Tower,0,21,1,0,22,0,0,7,0,7,0,21,8,0,29,14,0,14,43
01/04/2022,SAW,MI,AGL,CE,Federal Contract Tower,0,21,4,0,25,0,0,3,0,3,0,21,7,0,28,0,0,0,28
01/05/2022,SAW,MI,AGL,CE,Federal Contract Tower,0,4,0,0,4,0,1,0,0,1,0,5,0,0,5,0,0,0,5
01/06/2022,SAW,MI,AGL,CE,Federal Contract Tower,0,6,0,0,6,0,0,0,0,0,0,6,0,0,6,0,0,0,6
01/07/2022,SAW,MI,AGL,CE,Federal Contract Tower,0,12,4,0,16,0,0,13,0,13,0,12,17,0,29,20,0,20,49
01/08/2022,SAW,MI,AGL,CE,Federal Contract Tower,1,12,1,0,14,0,1,0,0,1,1,13,1,0,15,0,0,0,15
01/09/2022,SAW,MI,AGL,CE,Federal Contract Tower,0,9,3,0,12,0,0,0,0,0,0,9,3,0,12,0,0,0,12
01/10/2022,SAW,MI,AGL,CE,Federal Contract Tower,0,17,1,0,18,0,2,5,0,7,0,19,6,0,25,0,0,0,25
01/11/2022,SAW,MI,AGL,CE,Federal Contract Tower,0,10,0,0,10,0,1,3,0,4,0,11,3,0,14,0,0,0,14
01/12/2022,SAW,MI,AGL,CE,Federal Contract Tower,0,19,3,0,22,0,1,1,0,2,0,20,4,0,24,0,0,0,24
01/13/2022,SAW,MI,AGL,CE,Federal Contract Tower,0,21,3,0,24,0,1,0,0,1,0,22,3,0,25,0,0,0,25
01/14/2022,SAW,MI,AGL,CE,Federal Contract Tower,0,17,4,0,21,0,1,0,0,1,0,18,4,0,22,0,0,0,22
01/15/2022,SAW,MI,AGL,CE,Federal Contract Tower,0,15,6,0,21,0,1,7,0,8,0,16,13,0,29,4,0,4,33
01/16/2022,SAW,MI,AGL,CE,Federal Contract Tower,0,11,1,0,12,0,2,1,0,3,0,13,2,0,15,0,0,0,15
01/17/2022,SAW,MI,AGL,CE,Federal Contract Tower,0,14,0,0,14,0,2,5,0,7,0,16,5,0,21,12,0,12,33
01/18/2022,SAW,MI,AGL,CE,Federal Contract Tower,0,8,0,0,8,0,2,0,0,2,0,10,0,0,10,0,0,0,10
01/19/2022,SAW,MI,AGL,CE,Federal Contract Tower,0,7,4,0,11,0,0,0,0,0,0,7,4,0,11,0,0,0,11
01/20/2022,SAW,MI,AGL,CE,Federal Contract Tower,2,20,3,0,25,0,0,1,0,1,2,20,4,0,26,0,0,0,26
01/21/2022,SAW,MI,AGL,CE,Federal Contract Tower,0,21,1,0,22,0,1,4,0,5,0,22,5,0,27,8,0,8,35
01/22/2022,SAW,MI,AGL,CE,Federal Contract Tower,0,10,2,0,12,0,1,0,0,1,0,11,2,0,13,0,0,0,13
01/23/2022,SAW,MI,AGL,CE,Federal Contract Tower,0,11,3,0,14,0,1,0,0,1,0,12,3,0,15,0,0,0,15
01/24/2022,SAW,MI,AGL,CE,Federal Contract Tower,0,11,4,0,15,0,3,5,0,8,0,14,9,0,23,10,0,10,33
01/25/2022,SAW,MI,AGL,CE,Federal Contract Tower,0,14,4,0,18,0,0,0,0,0,0,14,4,0,18,0,0,0,18
01/26/2022,SAW,MI,AGL,CE,Federal Contract Tower,0,16,2,0,18,0,1,2,0,3,0,17,4,0,21,0,0,0,21
01/27/2022,SAW,MI,AGL,CE,Federal Contract Tower,0,24,7,0,31,0,2,0,0,2,0,26,7,0,33,0,0,0,33
01/28/2022,SAW,MI,AGL,CE,Federal Contract Tower,0,15,1,0,16,0,3,3,0,6,0,18,4,0,22,0,0,0,22
01/29/2022,SAW,MI,AGL,CE,Federal Contract Tower,0,10,5,0,15,0,1,5,0,6,0,11,10,0,21,0,0,0,21
01/30/2022,SAW,MI,AGL,CE,Federal Contract Tower,0,8,2,0,10,0,2,0,0,2,0,10,2,0,12,0,0,0,12
01/31/2022,SAW,MI,AGL,CE,Federal Contract Tower,1,15,5,3,24,3,1,2,0,6,4,16,7,3,30,0,0,0,30
02/01/2022,SAW,MI,AGL,CE,Federal Contract Tower,0,21,2,0,23,1,1,8,0,10,1,22,10,0,33,18,0,18,51
02/02/2022,SAW,MI,AGL,CE,Federal Contract Tower,0,20,0,0,20,0,3,0,2,5,0,23,0,2,25,0,8,8,33
02/03/2022,SAW,MI,AGL,CE,Federal Contract Tower,0,21,3,0,24,0,1,0,2,3,0,22,3,2,27,0,0,0,27
02/04/2022,SAW,MI,AGL,CE,Federal Contract Tower,0,14,0,0,14,0,2,7,2,11,0,16,7,2,25,40,18,58,83
02/05/2022,SAW,MI,AGL,CE,Federal Contract Tower,0,13,0,0,13,0,4,0,6,10,0,17,0,6,23,0,14,14,37
02/06/2022,SAW,MI,AGL,CE,Federal Contract Tower,0,10,5,0,15,0,1,0,0,1,0,11,5,0,16,0,0,0,16
02/07/2022,SAW,MI,AGL,CE,Federal Contract Tower,0,18,3,6,27,0,4,2,7,13,0,22,5,13,40,0,16,16,56
02/08/2022,SAW,MI,AGL,CE,Federal Contract Tower,0,17,0,0,17,0,0,5,4,9,0,17,5,4,26,22,32,54,80
02/09/2022,SAW,MI,AGL,CE,Federal Contract Tower,0,24,0,0,24,0,4,0,0,4,0,28,0,0,28,0,0,0,28
02/10/2022,SAW,MI,AGL,CE,Federal Contract Tower,0,29,5,2,36,0,1,3,2,6,0,30,8,4,42,10,0,10,52
02/11/2022,SAW,MI,AGL,CE,Federal Contract Tower,0,17,4,0,21,0,1,0,0,1,0,18,4,0,22,0,0,0,22
02/12/2022,SAW,MI,AGL,CE,Federal Contract Tower,0,19,3,0,22,0,1,0,4,5,0,20,3,4,27,0,10,10,37
02/13/2022,SAW,MI,AGL,CE,Federal Contract Tower,0,8,2,0,10,0,1,2,0,3,0,9,4,0,13,0,0,0,13
02/14/2022,SAW,MI,AGL,CE,Federal Contract Tower,0,20,4,0,24,0,1,11,4,16,0,21,15,4,40,14,12,26,66
02/15/2022,SAW,MI,AGL,CE,Federal Contract Tower,0,19,1,0,20,0,0,0,0,0,0,19,1,0,20,0,0,0,20
02/16/2022,SAW,MI,AGL,CE,Federal Contract Tower,0,16,7,0,23,0,2,0,0,2,0,18,7,0,25,0,0,0,25
02/17/2022,SAW,MI,AGL,CE,Federal Contract Tower,0,15,0,0,15,0,3,2,0,5,0,18,2,0,20,0,0,0,20
02/18/2022,SAW,MI,AGL,CE,Federal Contract Tower,0,17,5,0,22,0,0,7,0,7,0,17,12,0,29,28,0,28,57
02/19/2022,SAW,MI,AGL,CE,Federal Contract Tower,2,10,3,0,15,1,1,4,0,6,3,11,7,0,21,0,0,0,21
02/20/2022,SAW,MI,AGL,CE,Federal Contract Tower,1,13,1,0,15,0,2,0,0,2,1,15,1,0,17,0,0,0,17
02/21/2022,SAW,MI,AGL,CE,Federal Contract Tower,0,13,0,0,13,0,10,0,0,10,0,23,0,0,23,0,0,0,23
02/22/2022,SAW,MI,AGL,CE,Federal Contract Tower,0,9,2,0,11,0,5,0,0,5,0,14,2,0,16,0,0,0,16
02/23/2022,SAW,MI,AGL,CE,Federal Contract Tower,0,25,3,0,28,0,4,0,0,4,0,29,3,0,32,4,0,4,36
02/24/2022,SAW,MI,AGL,CE,Federal Contract Tower,0,19,4,3,26,0,1,0,0,1,0,20,4,3,27,0,0,0,27
02/25/2022,SAW,MI,AGL,CE,Federal Contract Tower,0,14,2,0,16,0,1,9,2,12,0,15,11,2,28,52,0,52,80
02/26/2022,SAW,MI,AGL,CE,Federal Contract Tower,0,14,0,0,14,0,1,6,0,7,0,15,6,0,21,0,0,0,21
02/27/2022,SAW,MI,AGL,CE,Federal Contract Tower,0,10,0,0,10,0,6,0,0,6,0,16,0,0,16,0,0,0,16
02/28/2022,SAW,MI,AGL,CE,Federal Contract Tower,0,13,1,12,26,0,2,0,4,6,0,15,1,16,32,0,0,0,32
03/01/2022,SAW,MI,AGL,CE,Federal Contract Tower,0,20,5,2,27,0,2,2,2,6,0,22,7,4,33,0,6,6,39
03/02/2022,SAW,MI,AGL,CE,Federal Contract Tower,0,21,1,0,22,0,2,0,0,2,0,23,1,0,24,0,0,0,24
03/03/2022,SAW,MI,AGL,CE,Federal Contract Tower,0,25,1,1,27,0,2,4,7,13,0,27,5,8,40,4,0,4,44
03/04/2022,SAW,MI,AGL,CE,Federal Contract Tower,0,16,2,0,18,0,2,12,0,14,0,18,14,0,32,20,0,20,52
03/05/2022,SAW,MI,AGL,CE,Federal Contract Tower,0,6,0,0,6,0,2,0,0,2,0,8,0,0,8,0,0,0,8
03/06/2022,SAW,MI,AGL,CE,Federal Contract Tower,0,7,1,1,9,0,4,0,2,6,0,11,1,3,15,0,0,0,15
03/07/2022,SAW,MI,AGL,CE,Federal Contract Tower,2,19,2,0,23,0,1,4,2,7,2,20,6,2,30,16,0,16,46
03/08/2022,SAW,MI,AGL,CE,Federal Contract Tower,0,15,1,0,16,6,4,9,17,36,6,19,10,17,52,0,20,20,72
03/09/2022,SAW,MI,AGL,CE,Federal Contract Tower,1,15,0,4,20,1,1,0,0,2,2,16,0,4,22,0,0,0,22
03/10/2022,SAW,MI,AGL,CE,Federal Contract Tower,1,17,4,0,22,1,0,10,6,17,2,17,14,6,39,6,20,26,65
03/11/2022,SAW,MI,AGL,CE,Federal Contract Tower,0,16,6,0,22,0,2,2,0,4,0,18,8,0,26,0,0,0,26
03/12/2022,SAW,MI,AGL,CE,Federal Contract Tower,0,11,0,0,11,0,2,3,16,21,0,13,3,16,32,0,64,64,96
03/13/2022,SAW,MI,AGL,CE,Federal Contract Tower,0,7,0,0,7,0,0,2,2,4,0,7,2,2,11,12,0,12,23
03/14/2022,SAW,MI,AGL,CE,Federal Contract Tower,0,15,0,0,15,0,1,6,0,7,0,16,6,0,22,26,0,26,48
03/15/2022,SAW,MI,AGL,CE,Federal Contract Tower,0,19,0,0,19,0,0,0,0,0,0,19,0,0,19,16,56,72,91
03/16/2022,SAW,MI,AGL,CE,Federal Contract Tower,0,16,1,0,17,0,4,3,6,13,0,20,4,6,30,4,40,44,74
03/17/2022,SAW,MI,AGL,CE,Federal Contract Tower,0,21,3,0,24,0,2,1,14,17,0,23,4,14,41,0,38,38,79
03/18/2022,SAW,MI,AGL,CE,Federal Contract Tower,0,16,3,2,21,0,9,0,4,13,0,25,3,6,34,0,0,0,34
03/19/2022,SAW,MI,AGL,CE,Federal Contract Tower,0,15,4,0,19,0,2,6,8,16,0,17,10,8,35,6,0,6,41
03/20/2022,SAW,MI,AGL,CE,Federal Contract Tower,0,7,1,0,8,0,1,13,6,20,0,8,14,6,28,18,0,18,46
03/21/2022,SAW,MI,AGL,CE,Federal Contract Tower,0,21,4,2,27,0,1,2,0,3,0,22,6,2,30,6,0,6,36
03/22/2022,SAW,MI,AGL,CE,Federal Contract Tower,0,16,1,0,17,0,1,0,0,1,0,17,1,0,18,0,0,0,18
03/23/2022,SAW,MI,AGL,CE,Federal Contract Tower,0,11,0,4,15,0,2,0,0,2,0,13,0,4,17,0,0,0,17
03/24/2022,SAW,MI,AGL,CE,Federal Contract Tower,0,16,3,0,19,0,2,0,0,2,0,18,3,0,21,0,0,0,21
03/25/2022,SAW,MI,AGL,CE,Federal Contract Tower,0,18,1,6,25,0,1,5,2,8,0,19,6,8,33,4,14,18,51
03/26/2022,SAW,MI,AGL,CE,Federal Contract Tower,3,13,4,0,20,0,2,0,0,2,3,15,4,0,22,0,0,0,22
03/27/2022,SAW,MI,AGL,CE,Federal Contract Tower,0,5,3,0,8,0,7,7,0,14,0,12,10,0,22,0,0,0,22
03/28/2022,SAW,MI,AGL,CE,Federal Contract Tower,0,14,0,0,14,0,1,15,0,16,0,15,15,0,30,40,0,40,70
03/29/2022,SAW,MI,AGL,CE,Federal Contract Tower,0,20,1,0,21,0,0,5,6,11,0,20,6,6,32,4,12,16,48
03/30/2022,SAW,MI,AGL,CE,Federal Contract Tower,0,2,0,0,2,0,0,0,0,0,0,2,0,0,2,0,0,0,2
03/31/2022,SAW,MI,AGL,CE,Federal Contract Tower,0,20,1,28,49,0,1,0,0,1,0,21,1,28,50,0,0,0,50
04/01/2022,SAW,MI,AGL,CE,Federal Contract Tower,0,21,4,2,27,0,2,2,5,9,0,23,6,7,36,4,28,32,68
04/02/2022,SAW,MI,AGL,CE,Federal Contract Tower,0,16,2,2,20,0,1,0,0,1,0,17,2,2,21,0,0,0,21
04/03/2022,SAW,MI,AGL,CE,Federal Contract Tower,0,10,1,0,11,0,1,1,2,4,0,11,2,2,15,0,0,0,15
04/04/2022,SAW,MI,AGL,CE,Federal Contract Tower,0,17,5,0,22,0,0,2,0,2,0,17,7,0,24,0,0,0,24
04/05/2022,SAW,MI,AGL,CE,Federal Contract Tower,0,20,4,1,25,0,0,0,0,0,0,20,4,1,25,0,0,0,25
04/06/2022,SAW,MI,AGL,CE,Federal Contract Tower,0,19,5,0,24,0,0,0,0,0,0,19,5,0,24,0,0,0,24
04/07/2022,SAW,MI,AGL,CE,Federal Contract Tower,0,15,0,0,15,0,0,0,0,0,0,15,0,0,15,0,0,0,15
04/08/2022,SAW,MI,AGL,CE,Federal Contract Tower,0,19,0,0,19,0,0,0,0,0,0,19,0,0,19,0,0,0,19
04/09/2022,SAW,MI,AGL,CE,Federal Contract Tower,0,13,4,0,17,0,1,8,3,12,0,14,12,3,29,4,0,4,33
04/10/2022,SAW,MI,AGL,CE,Federal Contract Tower,0,10,4,0,14,0,1,13,4,18,0,11,17,4,32,14,0,14,46
04/11/2022,SAW,MI,AGL,CE,Federal Contract Tower,0,16,5,2,23,2,0,4,0,6,2,16,9,2,29,0,0,0,29
04/12/2022,SAW,MI,AGL,CE,Federal Contract Tower,1,16,1,0,18,0,0,11,0,11,1,16,12,0,29,0,0,0,29
04/13/2022,SAW,MI,AGL,CE,Federal Contract Tower,0,7,0,0,7,0,0,0,0,0,0,7,0,0,7,0,0,0,7
04/14/2022,SAW,MI,AGL,CE,Federal Contract Tower,0,21,0,0,21,0,1,0,0,1,0,22,0,0,22,0,0,0,22
04/15/2022,SAW,MI,AGL,CE,Federal Contract Tower,1,16,1,0,18,0,1,5,0,6,1,17,6,0,24,0,0,0,24
04/16/2022,SAW,MI,AGL,CE,Federal Contract Tower,0,12,4,0,16,0,1,3,0,4,0,13,7,0,20,0,0,0,20
04/17/2022,SAW,MI,AGL,CE,Federal Contract Tower,3,10,0,0,13,1,0,8,0,9,4,10,8,0,22,6,0,6,28
04/18/2022,SAW,MI,AGL,CE,Federal Contract Tower,1,13,3,0,17,2,0,0,0,2,3,13,3,0,19,0,0,0,19
04/19/2022,SAW,MI,AGL,CE,Federal Contract Tower,1,18,8,0,27,0,5,0,0,5,1,23,8,0,32,0,0,0,32
04/20/2022,SAW,MI,AGL,CE,Federal Contract Tower,0,17,3,4,24,0,1,2,6,9,0,18,5,10,33,4,0,4,37
04/21/2022,SAW,MI,AGL,CE,Federal Contract Tower,0,27,7,0,34,0,1,1,0,2,0,28,8,0,36,0,0,0,36
04/22/2022,SAW,MI,AGL,CE,Federal Contract Tower,0,13,14,0,27,0,2,7,0,9,0,15,21,0,36,8,0,8,44
04/23/2022,SAW,MI,AGL,CE,Federal Contract Tower,0,7,0,0,7,0,1,0,0,1,0,8,0,0,8,0,0,0,8
04/24/2022,SAW,MI,AGL,CE,Federal Contract Tower,0,10,1,0,11,0,2,5,0,7,0,12,6,0,18,0,0,0,18
04/25/2022,SAW,MI,AGL,CE,Federal Contract Tower,0,20,7,0,27,0,0,5,0,5,0,20,12,0,32,4,0,4,36
04/26/2022,SAW,MI,AGL,CE,Federal Contract Tower,0,17,3,0,20,0,1,0,0,1,0,18,3,0,21,0,0,0,21
04/27/2022,SAW,MI,AGL,CE,Federal Contract Tower,2,17,9,0,28,1,1,14,0,16,3,18,23,0,44,16,0,16,60
04/28/2022,SAW,MI,AGL,CE,Federal Contract Tower,0,19,9,0,28,0,2,21,0,23,0,21,30,0,51,18,0,18,69
04/29/2022,SAW,MI,AGL,CE,Federal Contract Tower,0,20,6,0,26,0,2,10,0,12,0,22,16,0,38,0,0,0,38
04/30/2022,SAW,MI,AGL,CE,Federal Contract Tower,0,12,0,0,12,0,1,4,0,5,0,13,4,0,17,0,0,0,17
05/01/2022,SAW,MI,AGL,CE,Federal Contract Tower,0,9,0,0,9,0,0,0,0,0,0,9,0,0,9,0,0,0,9
05/02/2022,SAW,MI,AGL,CE,Federal Contract Tower,0,12,3,3,18,0,5,3,2,10,0,17,6,5,28,14,4,18,46
05/03/2022,SAW,MI,AGL,CE,Federal Contract Tower,0,18,5,0,23,8,1,15,2,26,8,19,20,2,49,42,6,48,97
05/04/2022,SAW,MI,AGL,CE,Federal Contract Tower,0,19,2,0,21,0,1,23,0,24,0,20,25,0,45,30,0,30,75
05/05/2022,SAW,MI,AGL,CE,Federal Contract Tower,2,21,5,0,28,0,1,7,1,9,2,22,12,1,37,14,0,14,51
05/06/2022,SAW,MI,AGL,CE,Federal Contract Tower,2,18,5,0,25,4,1,14,1,20,6,19,19,1,45,10,0,10,55
05/07/2022,SAW,MI,AGL,CE,Federal Contract Tower,2,9,4,0,15,2,1,16,1,20,4,10,20,1,35,22,0,22,57
05/08/2022,SAW,MI,AGL,CE,Federal Contract Tower,0,7,5,0,12,0,3,4,0,7,0,10,9,0,19,0,0,0,19
05/09/2022,SAW,MI,AGL,CE,Federal Contract Tower,0,17,3,0,20,0,1,9,0,10,0,18,12,0,30,4,0,4,34
05/10/2022,SAW,MI,AGL,CE,Federal Contract Tower,2,14,1,0,17,0,2,14,6,22,2,16,15,6,39,34,6,40,79
05/11/2022,SAW,MI,AGL,CE,Federal Contract Tower,0,24,0,0,24,0,4,10,0,14,0,28,10,0,38,14,0,14,52
05/12/2022,SAW,MI,AGL,CE,Federal Contract Tower,0,16,0,0,16,0,3,8,0,11,0,19,8,0,27,64,0,64,91
05/13/2022,SAW,MI,AGL,CE,Federal Contract Tower,0,18,3,0,21,0,2,17,0,19,0,20,20,0,40,0,0,0,40
05/14/2022,SAW,MI,AGL,CE,Federal Contract Tower,0,8,2,0,10,0,5,9,2,16,0,13,11,2,26,34,0,34,60
05/15/2022,SAW,MI,AGL,CE,Federal Contract Tower,0,15,3,0,18,0,1,12,0,13,0,16,15,0,31,0,0,0,31
05/16/2022,SAW,MI,AGL,CE,Federal Contract Tower,0,17,0,0,17,0,5,17,0,22,0,22,17,0,39,33,0,33,72
05/17/2022,SAW,MI,AGL,CE,Federal Contract Tower,0,17,3,2,22,0,4,16,0,20,0,21,19,2,42,30,0,30,72
05/18/2022,SAW,MI,AGL,CE,Federal Contract Tower,0,19,1,0,20,0,3,9,0,12,0,22,10,0,32,40,0,40,72
05/19/2022,SAW,MI,AGL,CE,Federal Contract Tower,2,17,6,0,25,0,2,21,4,27,2,19,27,4,52,130,0,130,182
05/20/2022,SAW,MI,AGL,CE,Federal Contract Tower,0,19,2,0,21,0,2,8,0,10,0,21,10,0,31,42,0,42,73
05/21/2022,SAW,MI,AGL,CE,Federal Contract Tower,0,19,3,0,22,0,2,10,0,12,0,21,13,0,34,0,0,0,34
05/22/2022,SAW,MI,AGL,CE,Federal Contract Tower,0,5,0,0,5,1,0,4,0,5,1,5,4,0,10,0,0,0,10
05/23/2022,SAW,MI,AGL,CE,Federal Contract Tower,0,15,0,2,17,0,0,45,0,45,0,15,45,2,62,10,0,10,72
05/24/2022,SAW,MI,AGL,CE,Federal Contract Tower,1,19,3,0,23,1,0,23,1,25,2,19,26,1,48,82,0,82,130
05/25/2022,SAW,MI,AGL,CE,Federal Contract Tower,0,21,2,0,23,0,0,14,0,14,0,21,16,0,37,78,0,78,115
05/26/2022,SAW,MI,AGL,CE,Federal Contract Tower,0,20,3,0,23,0,2,0,0,2,0,22,3,0,25,0,0,0,25
05/27/2022,SAW,MI,AGL,CE,Federal Contract Tower,1,17,5,0,23,0,1,13,0,14,1,18,18,0,37,80,0,80,117
05/28/2022,SAW,MI,AGL,CE,Federal Contract Tower,0,17,0,0,17,0,1,13,0,14,0,18,13,0,31,50,0,50,81
05/29/2022,SAW,MI,AGL,CE,Federal Contract Tower,0,8,3,0,11,0,1,2,0,3,0,9,5,0,14,0,0,0,14
05/30/2022,SAW,MI,AGL,CE,Federal Contract Tower,0,9,4,0,13,0,0,13,5,18,0,9,17,5,31,36,12,48,79
05/31/2022,SAW,MI,AGL,CE,Federal Contract Tower,0,15,0,1,16,0,1,7,6,14,0,16,7,7,30,4,26,30,60
06/01/2022,SAW,MI,AGL,CE,Federal Contract Tower,0,22,0,3,25,0,3,21,6,30,0,25,21,9,55,30,20,50,105
06/02/2022,SAW,MI,AGL,CE,Federal Contract Tower,0,18,9,4,31,0,7,20,3,30,0,25,29,7,61,2,42,44,105
06/03/2022,SAW,MI,AGL,CE,Federal Contract Tower,0,19,7,0,26,0,2,24,1,27,0,21,31,1,53,62,0,62,115
06/04/2022,SAW,MI,AGL,CE,Federal Contract Tower,0,12,0,0,12,0,1,12,0,13,0,13,12,0,25,38,0,38,63
06/05/2022,SAW,MI,AGL,CE,Federal Contract Tower,0,7,10,0,17,0,3,21,0,24,0,10,31,0,41,22,0,22,63
06/06/2022,SAW,MI,AGL,CE,Federal Contract Tower,2,17,6,0,25,0,0,1,0,1,2,17,7,0,26,0,0,0,26
06/07/2022,SAW,MI,AGL,CE,Federal Contract Tower,0,14,4,0,18,0,7,17,4,28,0,21,21,4,46,62,4,66,112
06/08/2022,SAW,MI,AGL,CE,Federal Contract Tower,0,20,0,6,26,0,3,11,6,20,0,23,11,12,46,46,34,80,126
06/09/2022,SAW,MI,AGL,CE,Federal Contract Tower,1,19,8,0,28,1,1,20,0,22,2,20,28,0,50,50,0,50,100
06/10/2022,SAW,MI,AGL,CE,Federal Contract Tower,0,21,3,0,24,0,2,39,0,41,0,23,42,0,65,118,0,118,183
06/11/2022,SAW,MI,AGL,CE,Federal Contract Tower,1,11,0,2,14,1,1,15,1,18,2,12,15,3,32,0,0,0,32
06/12/2022,SAW,MI,AGL,CE,Federal Contract Tower,1,3,11,0,15,1,0,16,0,17,2,3,27,0,32,14,0,14,46
06/13/2022,SAW,MI,AGL,CE,Federal Contract Tower,1,15,10,0,26,1,0,14,0,15,2,15,24,0,41,32,0,32,73
06/14/2022,SAW,MI,AGL,CE,Federal Contract Tower,0,16,3,2,21,0,1,12,16,29,0,17,15,18,50,44,0,44,94
06/15/2022,SAW,MI,AGL,CE,Federal Contract Tower,0,16,1,0,17,0,1,0,0,1,0,17,1,0,18,0,0,0,18
06/16/2022,SAW,MI,AGL,CE,Federal Contract Tower,0,15,1,0,16,0,0,0,0,0,0,15,1,0,16,0,0,0,16
06/17/2022,SAW,MI,AGL,CE,Federal Contract Tower,0,16,3,0,19,0,3,21,0,24,0,19,24,0,43,32,0,32,75
06/18/2022,SAW,MI,AGL,CE,Federal Contract Tower,0,17,8,0,25,0,3,67,0,70,0,20,75,0,95,30,0,30,125
06/19/2022,SAW,MI,AGL,CE,Federal Contract Tower,0,8,0,0,8,0,0,9,0,9,0,8,9,0,17,34,0,34,51
06/20/2022,SAW,MI,AGL,CE,Federal Contract Tower,1,18,7,0,26,0,5,9,0,14,1,23,16,0,40,10,0,10,50
06/21/2022,SAW,MI,AGL,CE,Federal Contract Tower,0,23,0,0,23,0,0,1,0,1,0,23,1,0,24,0,0,0,24
06/22/2022,SAW,MI,AGL,CE,Federal Contract Tower,0,21,7,6,34,0,2,12,2,16,0,23,19,8,50,0,0,0,50
06/23/2022,SAW,MI,AGL,CE,Federal Contract Tower,0,21,5,0,26,0,3,23,0,26,0,24,28,0,52,10,0,10,62
06/24/2022,SAW,MI,AGL,CE,Federal Contract Tower,0,14,4,0,18,0,2,25,0,27,0,16,29,0,45,84,0,84,129
06/25/2022,SAW,MI,AGL,CE,Federal Contract Tower,2,18,3,2,25,0,3,10,0,13,2,21,13,2,38,72,0,72,110
06/26/2022,SAW,MI,AGL,CE,Federal Contract Tower,0,15,0,0,15,0,1,5,0,6,0,16,5,0,21,0,0,0,21
06/27/2022,SAW,MI,AGL,CE,Federal Contract Tower,0,12,2,4,18,0,0,21,1,22,0,12,23,5,40,26,0,26,66
06/28/2022,SAW,MI,AGL,CE,Federal Contract Tower,0,13,1,9,23,0,0,7,13,20,0,13,8,22,43,24,18,42,85
06/29/2022,SAW,MI,AGL,CE,Federal Contract Tower,0,14,5,16,35,0,11,26,26,63,0,25,31,42,98,72,32,104,202
06/30/2022,SAW,MI,AGL,CE,Federal Contract Tower,0,23,5,11,39,0,1,4,2,7,0,24,9,13,46,0,0,0,46
07/01/2022,SAW,MI,AGL,CE,Federal Contract Tower,0,25,4,0,29,0,3,33,0,36,0,28,37,0,65,44,0,44,109
07/02/2022,SAW,MI,AGL,CE,Federal Contract Tower,0,11,1,0,12,4,1,20,0,25,4,12,21,0,37,0,0,0,37
07/03/2022,SAW,MI,AGL,CE,Federal Contract Tower,0,6,9,0,15,0,0,29,0,29,0,6,38,0,44,20,0,20,64
07/04/2022,SAW,MI,AGL,CE,Federal Contract Tower,0,4,6,0,10,0,1,2,0,3,0,5,8,0,13,0,0,0,13
07/05/2022,SAW,MI,AGL,CE,Federal Contract Tower,0,14,4,0,18,0,0,0,0,0,0,14,4,0,18,0,0,0,18
07/06/2022,SAW,MI,AGL,CE,Federal Contract Tower,0,20,4,2,26,6,0,27,0,33,6,20,31,2,59,58,0,58,117
07/07/2022,SAW,MI,AGL,CE,Federal Contract Tower,0,22,2,0,24,6,1,18,0,25,6,23,20,0,49,98,0,98,147
07/08/2022,SAW,MI,AGL,CE,Federal Contract Tower,4,25,12,2,43,0,3,17,0,20,4,28,29,2,63,48,0,48,111
07/09/2022,SAW,MI,AGL,CE,Federal Contract Tower,0,12,4,0,16,4,2,22,0,28,4,14,26,0,44,48,0,48,92
07/10/2022,SAW,MI,AGL,CE,Federal Contract Tower,1,11,10,0,22,0,4,10,0,14,1,15,20,0,36,8,0,8,44
07/11/2022,SAW,MI,AGL,CE,Federal Contract Tower,0,16,0,0,16,3,5,6,0,14,3,21,6,0,30,12,0,12,42
07/12/2022,SAW,MI,AGL,CE,Federal Contract Tower,0,22,6,0,28,0,0,11,0,11,0,22,17,0,39,18,0,18,57
07/13/2022,SAW,MI,AGL,CE,Federal Contract Tower,0,18,1,0,19,0,1,18,0,19,0,19,19,0,38,50,0,50,88
07/14/2022,SAW,MI,AGL,CE,Federal Contract Tower,0,18,12,2,32,0,3,23,0,26,0,21,35,2,58,62,0,62,120
07/15/2022,SAW,MI,AGL,CE,Federal Contract Tower,0,14,9,0,23,0,2,29,2,33,0,16,38,2,56,54,0,54,110
07/16/2022,SAW,MI,AGL,CE,Federal Contract Tower,0,15,7,0,22,0,2,14,0,16,0,17,21,0,38,34,0,34,72
07/17/2022,SAW,MI,AGL,CE,Federal Contract Tower,0,13,7,0,20,0,1,16,0,17,0,14,23,0,37,0,0,0,37
07/18/2022,SAW,MI,AGL,CE,Federal Contract Tower,0,12,5,2,19,0,2,14,0,16,0,14,19,2,35,32,0,32,67
07/19/2022,SAW,MI,AGL,CE,Federal Contract Tower,0,18,3,0,21,0,0,16,0,16,0,18,19,0,37,66,0,66,103
07/20/2022,SAW,MI,AGL,CE,Federal Contract Tower,0,22,1,0,23,0,1,3,0,4,0,23,4,0,27,24,0,24,51
07/21/2022,SAW,MI,AGL,CE,Federal Contract Tower,0,19,7,5,31,0,1,19,1,21,0,20,26,6,52,4,0,4,56
07/22/2022,SAW,MI,AGL,CE,Federal Contract Tower,0,18,6,0,24,0,4,19,0,23,0,22,25,0,47,8,0,8,55
07/23/2022,SAW,MI,AGL,CE,Federal Contract Tower,0,13,6,0,19,0,3,29,0,32,0,16,35,0,51,50,0,50,101
07/24/2022,SAW,MI,AGL,CE,Federal Contract Tower,0,9,3,0,12,0,1,26,0,27,0,10,29,0,39,4,0,4,43
07/25/2022,SAW,MI,AGL,CE,Federal Contract Tower,0,18,3,0,21,0,2,26,0,28,0,20,29,0,49,34,0,34,83
07/26/2022,SAW,MI,AGL,CE,Federal Contract Tower,0,18,0,0,18,0,0,22,2,24,0,18,22,2,42,38,4,42,84
07/27/2022,SAW,MI,AGL,CE,Federal Contract Tower,0,25,4,0,29,0,1,20,2,23,0,26,24,2,52,6,0,6,58
07/28/2022,SAW,MI,AGL,CE,Federal Contract Tower,0,17,3,0,20,0,1,3,0,4,0,18,6,0,24,6,0,6,30
07/29/2022,SAW,MI,AGL,CE,Federal Contract Tower,1,23,2,0,26,0,3,15,0,18,1,26,17,0,44,0,0,0,44
07/30/2022,SAW,MI,AGL,CE,Federal Contract Tower,0,12,4,0,16,0,5,12,0,17,0,17,16,0,33,26,0,26,59
07/31/2022,SAW,MI,AGL,CE,Federal Contract Tower,0,9,3,1,13,0,1,11,2,14,0,10,14,3,27,0,4,4,31
08/01/2022,SAW,MI,AGL,CE,Federal Contract Tower,0,14,1,0,15,0,1,2,2,5,0,15,3,2,20,0,0,0,20
08/02/2022,SAW,MI,AGL,CE,Federal Contract Tower,0,17,5,0,22,0,4,46,50,100,0,21,51,50,122,48,2,50,172
08/03/2022,SAW,MI,AGL,CE,Federal Contract Tower,0,24,2,0,26,0,5,18,49,72,0,29,20,49,98,22,0,22,120
08/04/2022,SAW,MI,AGL,CE,Federal Contract Tower,0,17,4,0,21,0,5,46,24,75,0,22,50,24,96,68,0,68,164
08/05/2022,SAW,MI,AGL,CE,Federal Contract Tower,0,20,2,0,22,0,2,21,0,23,0,22,23,0,45,22,0,22,67
08/06/2022,SAW,MI,AGL,CE,Federal Contract Tower,0,17,2,0,19,0,2,7,0,9,0,19,9,0,28,56,0,56,84
08/07/2022,SAW,MI,AGL,CE,Federal Contract Tower,0,8,2,0,10,0,1,0,0,1,0,9,2,0,11,0,0,0,11
08/08/2022,SAW,MI,AGL,CE,Federal Contract Tower,0,15,3,0,18,1,1,3,0,5,1,16,6,0,23,0,0,0,23
08/09/2022,SAW,MI,AGL,CE,Federal Contract Tower,0,26,4,0,30,0,4,27,4,35,0,30,31,4,65,8,0,8,73
08/10/2022,SAW,MI,AGL,CE,Federal Contract Tower,0,20,4,0,24,0,2,15,0,17,0,22,19,0,41,60,0,60,101
08/11/2022,SAW,MI,AGL,CE,Federal Contract Tower,0,14,9,0,23,0,2,23,0,25,0,16,32,0,48,18,0,18,66
08/12/2022,SAW,MI,AGL,CE,Federal Contract Tower,0,15,3,0,18,2,1,27,0,30,2,16,30,0,48,70,4,74,122
08/13/2022,SAW,MI,AGL,CE,Federal Contract Tower,0,14,3,0,17,2,2,0,0,4,2,16,3,0,21,0,0,0,21
08/14/2022,SAW,MI,AGL,CE,Federal Contract Tower,0,13,8,0,21,0,1,0,0,1,0,14,8,0,22,0,0,0,22
08/15/2022,SAW,MI,AGL,CE,Federal Contract Tower,0,18,9,0,27,0,1,17,0,18,0,19,26,0,45,40,0,40,85
08/16/2022,SAW,MI,AGL,CE,Federal Contract Tower,0,17,0,0,17,0,4,15,2,21,0,21,15,2,38,0,14,14,52
08/17/2022,SAW,MI,AGL,CE,Federal Contract Tower,5,20,15,1,41,7,4,33,0,44,12,24,48,1,85,50,0,50,135
08/18/2022,SAW,MI,AGL,CE,Federal Contract Tower,6,15,1,0,22,8,2,6,0,16,14,17,7,0,38,24,0,24,62
08/19/2022,SAW,MI,AGL,CE,Federal Contract Tower,0,24,5,0,29,0,2,12,0,14,0,26,17,0,43,2,0,2,45
08/20/2022,SAW,MI,AGL,CE,Federal Contract Tower,0,13,4,1,18,0,6,6,0,12,0,19,10,1,30,0,0,0,30
08/21/2022,SAW,MI,AGL,CE,Federal Contract Tower,0,12,4,0,16,0,0,11,0,11,0,12,15,0,27,8,0,8,35
08/22/2022,SAW,MI,AGL,CE,Federal Contract Tower,0,20,1,4,25,0,8,22,0,30,0,28,23,4,55,30,6,36,91
08/23/2022,SAW,MI,AGL,CE,Federal Contract Tower,0,16,6,0,22,0,0,30,0,30,0,16,36,0,52,94,0,94,146
08/24/2022,SAW,MI,AGL,CE,Federal Contract Tower,0,20,2,0,22,0,2,0,0,2,0,22,2,0,24,0,0,0,24
08/25/2022,SAW,MI,AGL,CE,Federal Contract Tower,0,20,4,0,24,0,3,0,0,3,0,23,4,0,27,0,0,0,27
08/26/2022,SAW,MI,AGL,CE,Federal Contract Tower,0,23,3,0,26,0,2,18,0,20,0,25,21,0,46,68,0,68,114
08/27/2022,SAW,MI,AGL,CE,Federal Contract Tower,0,13,5,0,18,0,1,12,0,13,0,14,17,0,31,0,0,0,31
08/28/2022,SAW,MI,AGL,CE,Federal Contract Tower,0,11,5,0,16,0,1,11,0,12,0,12,16,0,28,0,0,0,28
08/29/2022,SAW,MI,AGL,CE,Federal Contract Tower,0,14,6,0,20,0,1,3,0,4,0,15,9,0,24,4,0,4,28
08/30/2022,SAW,MI,AGL,CE,Federal Contract Tower,0,20,1,0,21,0,4,7,0,11,0,24,8,0,32,10,0,10,42
08/31/2022,SAW,MI,AGL,CE,Federal Contract Tower,0,22,7,0,29,0,4,20,0,24,0,26,27,0,53,20,0,20,73
09/01/2022,SAW,MI,AGL,CE,Federal Contract Tower,0,18,2,0,20,0,2,29,0,31,0,20,31,0,51,52,0,52,103
09/02/2022,SAW,MI,AGL,CE,Federal Contract Tower,0,17,2,0,19,0,2,12,0,14,0,19,14,0,33,0,0,0,33
09/03/2022,SAW,MI,AGL,CE,Federal Contract Tower,0,19,2,0,21,0,1,19,0,20,0,20,21,0,41,8,0,8,49
09/04/2022,SAW,MI,AGL,CE,Federal Contract Tower,0,10,3,0,13,0,1,11,0,12,0,11,14,0,25,2,0,2,27
09/05/2022,SAW,MI,AGL,CE,Federal Contract Tower,0,11,2,0,13,0,2,23,1,26,0,13,25,1,39,48,2,50,89
09/06/2022,SAW,MI,AGL,CE,Federal Contract Tower,0,23,6,2,31,0,2,36,0,38,0,25,42,2,69,60,0,60,129
09/07/2022,SAW,MI,AGL,CE,Federal Contract Tower,0,24,3,0,27,0,9,40,0,49,0,33,43,0,76,68,0,68,144
09/08/2022,SAW,MI,AGL,CE,Federal Contract Tower,0,21,3,2,26,0,5,23,0,28,0,26,26,2,54,50,0,50,104
09/09/2022,SAW,MI,AGL,CE,Federal Contract Tower,1,14,7,2,24,4,1,32,0,37,5,15,39,2,61,50,0,50,111
09/10/2022,SAW,MI,AGL,CE,Federal Contract Tower,1,12,2,0,15,2,1,0,0,3,3,13,2,0,18,0,0,0,18
09/11/2022,SAW,MI,AGL,CE,Federal Contract Tower,0,8,11,0,19,0,1,0,0,1,0,9,11,0,20,0,0,0,20
09/12/2022,SAW,MI,AGL,CE,Federal Contract Tower,0,19,4,0,23,0,1,9,0,10,0,20,13,0,33,26,0,26,59
09/13/2022,SAW,MI,AGL,CE,Federal Contract Tower,0,12,3,0,15,0,2,17,2,21,0,14,20,2,36,4,0,4,40
09/14/2022,SAW,MI,AGL,CE,Federal Contract Tower,0,18,13,0,31,0,2,13,0,15,0,20,26,0,46,0,0,0,46
09/15/2022,SAW,MI,AGL,CE,Federal Contract Tower,0,21,6,0,27,0,4,7,0,11,0,25,13,0,38,10,0,10,48
09/16/2022,SAW,MI,AGL,CE,Federal Contract Tower,0,24,6,5,35,0,2,2,0,4,0,26,8,5,39,0,0,0,39
09/17/2022,SAW,MI,AGL,CE,Federal Contract Tower,0,13,9,0,22,0,2,9,0,11,0,15,18,0,33,4,0,4,37
09/18/2022,SAW,MI,AGL,CE,Federal Contract Tower,0,17,3,2,22,0,2,1,0,3,0,19,4,2,25,0,0,0,25
09/19/2022,SAW,MI,AGL,CE,Federal Contract Tower,0,16,0,2,18,0,1,14,0,15,0,17,14,2,33,44,0,44,77
09/20/2022,SAW,MI,AGL,CE,Federal Contract Tower,2,19,3,2,26,0,1,25,0,26,2,20,28,2,52,64,0,64,116
09/21/2022,SAW,MI,AGL,CE,Federal Contract Tower,4,15,2,2,23,0,1,5,0,6,4,16,7,2,29,2,0,2,31
09/22/2022,SAW,MI,AGL,CE,Federal Contract Tower,3,24,1,3,31,1,0,1,0,2,4,24,2,3,33,0,2,2,35
09/23/2022,SAW,MI,AGL,CE,Federal Contract Tower,0,18,4,0,22,0,2,19,0,21,0,20,23,0,43,98,0,98,141
09/24/2022,SAW,MI,AGL,CE,Federal Contract Tower,2,10,2,0,14,0,2,0,0,2,2,12,2,0,16,0,0,0,16
09/25/2022,SAW,MI,AGL,CE,Federal Contract Tower,1,8,2,0,11,0,1,4,0,5,1,9,6,0,16,12,0,12,28
09/26/2022,SAW,MI,AGL,CE,Federal Contract Tower,3,17,1,0,21,1,0,0,0,1,4,17,1,0,22,0,0,0,22
09/27/2022,SAW,MI,AGL,CE,Federal Contract Tower,0,19,0,0,19,0,0,0,0,0,0,19,0,0,19,0,0,0,19
09/28/2022,SAW,MI,AGL,CE,Federal Contract Tower,0,20,5,0,25,0,2,16,0,18,0,22,21,0,43,22,0,22,65
09/29/2022,SAW,MI,AGL,CE,Federal Contract Tower,0,21,3,0,24,0,4,23,0,27,0,25,26,0,51,48,0,48,99
09/30/2022,SAW,MI,AGL,CE,Federal Contract Tower,0,13,1,0,14,0,3,16,0,19,0,16,17,0,33,34,0,34,67
10/01/2022,SAW,MI,AGL,CE,Federal Contract Tower,0,11,5,0,16,0,2,25,0,27,0,13,30,0,43,38,0,38,81
10/02/2022,SAW,MI,AGL,CE,Federal Contract Tower,1,12,5,0,18,0,1,7,0,8,1,13,12,0,26,4,0,4,30
10/03/2022,SAW,MI,AGL,CE,Federal Contract Tower,1,13,1,0,15,1,0,38,0,39,2,13,39,0,54,68,0,68,122
10/04/2022,SAW,MI,AGL,CE,Federal Contract Tower,0,15,2,0,17,0,5,23,0,28,0,20,25,0,45,74,0,74,119
10/05/2022,SAW,MI,AGL,CE,Federal Contract Tower,0,17,0,0,17,0,4,35,0,39,0,21,35,0,56,124,0,124,180
10/06/2022,SAW,MI,AGL,CE,Federal Contract Tower,0,19,3,0,22,0,4,0,0,4,0,23,3,0,26,0,0,0,26
10/07/2022,SAW,MI,AGL,CE,Federal Contract Tower,2,12,2,0,16,0,2,4,0,6,2,14,6,0,22,0,0,0,22
10/08/2022,SAW,MI,AGL,CE,Federal Contract Tower,0,15,2,0,17,0,2,1,0,3,0,17,3,0,20,0,0,0,20
10/09/2022,SAW,MI,AGL,CE,Federal Contract Tower,0,9,3,0,12,0,1,8,0,9,0,10,11,0,21,6,0,6,27
10/10/2022,SAW,MI,AGL,CE,Federal Contract Tower,0,13,2,0,15,0,1,28,0,29,0,14,30,0,44,70,0,70,114
10/11/2022,SAW,MI,AGL,CE,Federal Contract Tower,0,14,7,0,21,0,6,14,0,20,0,20,21,0,41,14,0,14,55
10/12/2022,SAW,MI,AGL,CE,Federal Contract Tower,0,20,3,0,23,0,2,1,0,3,0,22,4,0,26,0,0,0,26
10/14/2022,SAW,MI,AGL,CE,Federal Contract Tower,0,15,3,0,18,0,6,3,0,9,0,21,6,0,27,2,0,2,29
10/15/2022,SAW,MI,AGL,CE,Federal Contract Tower,0,11,7,0,18,0,1,0,0,1,0,12,7,0,19,0,0,0,19
10/16/2022,SAW,MI,AGL,CE,Federal Contract Tower,0,12,3,0,15,0,0,4,0,4,0,12,7,0,19,0,0,0,19
10/17/2022,SAW,MI,AGL,CE,Federal Contract Tower,0,13,0,0,13,0,1,0,0,1,0,14,0,0,14,0,0,0,14
10/18/2022,SAW,MI,AGL,CE,Federal Contract Tower,0,9,0,0,9,5,0,0,0,5,5,9,0,0,14,0,0,0,14
10/19/2022,SAW,MI,AGL,CE,Federal Contract Tower,1,19,5,0,25,1,1,6,0,8,2,20,11,0,33,10,0,10,43
10/20/2022,SAW,MI,AGL,CE,Federal Contract Tower,0,19,4,0,23,0,10,31,0,41,0,29,35,0,64,74,0,74,138
10/21/2022,SAW,MI,AGL,CE,Federal Contract Tower,1,13,4,6,24,4,7,54,0,65,5,20,58,6,89,130,0,130,219
10/22/2022,SAW,MI,AGL,CE,Federal Contract Tower,1,9,4,0,14,1,1,22,0,24,2,10,26,0,38,46,0,46,84
10/23/2022,SAW,MI,AGL,CE,Federal Contract Tower,1,5,1,0,7,1,0,4,0,5,2,5,5,0,12,0,0,0,12
10/24/2022,SAW,MI,AGL,CE,Federal Contract Tower,0,19,3,4,26,0,2,2,0,4,0,21,5,4,30,0,0,0,30
10/25/2022,SAW,MI,AGL,CE,Federal Contract Tower,3,24,6,0,33,2,4,2,0,8,5,28,8,0,41,0,0,0,41
10/26/2022,SAW,MI,AGL,CE,Federal Contract Tower,3,18,5,0,26,0,1,7,0,8,3,19,12,0,34,6,0,6,40
10/27/2022,SAW,MI,AGL,CE,Federal Contract Tower,1,19,1,0,21,2,4,29,3,38,3,23,30,3,59,34,0,34,93
10/28/2022,SAW,MI,AGL,CE,Federal Contract Tower,1,13,9,0,23,1,1,8,0,10,2,14,17,0,33,14,8,22,55
10/29/2022,SAW,MI,AGL,CE,Federal Contract Tower,0,11,1,0,12,0,3,27,9,39,0,14,28,9,51,34,0,34,85
10/30/2022,SAW,MI,AGL,CE,Federal Contract Tower,0,13,6,0,19,0,2,16,0,18,0,15,22,0,37,38,0,38,75
10/31/2022,SAW,MI,AGL,CE,Federal Contract Tower,0,12,0,0,12,6,1,19,0,26,6,13,19,0,38,26,0,26,64
11/01/2022,SAW,MI,AGL,CE,Federal Contract Tower,6,13,1,0,20,2,3,19,0,24,8,16,20,0,44,28,0,28,72
11/02/2022,SAW,MI,AGL,CE,Federal Contract Tower,0,17,3,0,20,0,3,14,0,17,0,20,17,0,37,46,0,46,83
11/03/2022,SAW,MI,AGL,CE,Federal Contract Tower,2,22,0,0,24,0,1,0,0,1,2,23,0,0,25,0,0,0,25
11/04/2022,SAW,MI,AGL,CE,Federal Contract Tower,0,13,4,0,17,0,0,0,0,0,0,13,4,0,17,0,0,0,17
11/05/2022,SAW,MI,AGL,CE,Federal Contract Tower,0,6,0,0,6,0,0,0,0,0,0,6,0,0,6,0,0,0,6
11/06/2022,SAW,MI,AGL,CE,Federal Contract Tower,0,6,2,4,12,0,0,0,0,0,0,6,2,4,12,0,4,4,16
11/07/2022,SAW,MI,AGL,CE,Federal Contract Tower,0,18,1,0,19,0,0,1,0,1,0,18,2,0,20,0,0,0,20
11/08/2022,SAW,MI,AGL,CE,Federal Contract Tower,0,16,2,1,19,0,0,13,1,14,0,16,15,2,33,44,0,44,77
11/09/2022,SAW,MI,AGL,CE,Federal Contract Tower,0,22,0,0,22,0,0,1,0,1,0,22,1,0,23,0,0,0,23
11/10/2022,SAW,MI,AGL,CE,Federal Contract Tower,0,17,0,0,17,0,0,0,0,0,0,17,0,0,17,0,0,0,17
11/11/2022,SAW,MI,AGL,CE,Federal Contract Tower,0,18,2,0,20,3,1,2,0,6,3,19,4,0,26,0,0,0,26
11/12/2022,SAW,MI,AGL,CE,Federal Contract Tower,0,11,0,2,13,0,0,0,0,0,0,11,0,2,13,0,0,0,13
11/13/2022,SAW,MI,AGL,CE,Federal Contract Tower,2,8,0,0,10,1,0,1,0,2,3,8,1,0,12,0,0,0,12
11/14/2022,SAW,MI,AGL,CE,Federal Contract Tower,1,16,0,0,17,0,0,7,2,9,1,16,7,2,26,4,14,18,44
11/15/2022,SAW,MI,AGL,CE,Federal Contract Tower,0,26,0,0,26,0,3,1,0,4,0,29,1,0,30,12,0,12,42
11/16/2022,SAW,MI,AGL,CE,Federal Contract Tower,1,21,1,0,23,0,0,2,0,2,1,21,3,0,25,0,0,0,25
11/17/2022,SAW,MI,AGL,CE,Federal Contract Tower,0,18,2,2,22,0,1,1,0,2,0,19,3,2,24,0,0,0,24
11/18/2022,SAW,MI,AGL,CE,Federal Contract Tower,0,14,5,1,20,0,0,3,0,3,0,14,8,1,23,6,0,6,29
11/19/2022,SAW,MI,AGL,CE,Federal Contract Tower,0,7,0,0,7,0,0,1,0,1,0,7,1,0,8,0,0,0,8
11/20/2022,SAW,MI,AGL,CE,Federal Contract Tower,0,8,0,0,8,0,0,8,0,8,0,8,8,0,16,14,0,14,30
11/21/2022,SAW,MI,AGL,CE,Federal Contract Tower,0,19,1,0,20,0,0,4,0,4,0,19,5,0,24,4,0,4,28
11/22/2022,SAW,MI,AGL,CE,Federal Contract Tower,0,17,0,0,17,0,2,2,0,4,0,19,2,0,21,0,0,0,21
11/23/2022,SAW,MI,AGL,CE,Federal Contract Tower,0,12,3,0,15,0,0,24,0,24,0,12,27,0,39,50,0,50,89
11/24/2022,SAW,MI,AGL,CE,Federal Contract Tower,0,4,0,0,4,0,0,3,1,4,0,4,3,1,8,4,0,4,12
11/25/2022,SAW,MI,AGL,CE,Federal Contract Tower,0,14,1,0,15,0,2,9,0,11,0,16,10,0,26,8,0,8,34
11/26/2022,SAW,MI,AGL,CE,Federal Contract Tower,0,15,0,0,15,0,5,7,0,12,0,20,7,0,27,6,0,6,33
11/27/2022,SAW,MI,AGL,CE,Federal Contract Tower,0,5,0,1,6,0,0,0,1,1,0,5,0,2,7,0,0,0,7
11/28/2022,SAW,MI,AGL,CE,Federal Contract Tower,0,15,1,0,16,0,0,14,0,14,0,15,15,0,30,42,0,42,72
11/29/2022,SAW,MI,AGL,CE,Federal Contract Tower,0,26,0,0,26,0,0,0,0,0,0,26,0,0,26,0,0,0,26
11/30/2022,SAW,MI,AGL,CE,Federal Contract Tower,0,16,0,0,16,0,1,1,0,2,0,17,1,0,18,0,0,0,18
12/01/2022,SAW,MI,AGL,CE,Federal Contract Tower,1,24,8,0,33,0,0,5,0,5,1,24,13,0,38,0,0,0,38
12/02/2022,SAW,MI,AGL,CE,Federal Contract Tower,0,16,0,0,16,0,2,6,0,8,0,18,6,0,24,0,0,0,24
12/03/2022,SAW,MI,AGL,CE,Federal Contract Tower,0,15,4,1,20,0,0,0,0,0,0,15,4,1,20,0,0,0,20
12/04/2022,SAW,MI,AGL,CE,Federal Contract Tower,0,7,0,0,7,0,2,5,0,7,0,9,5,0,14,4,0,4,18
12/05/2022,SAW,MI,AGL,CE,Federal Contract Tower,0,24,0,0,24,0,4,10,0,14,0,28,10,0,38,16,0,16,54
12/06/2022,SAW,MI,AGL,CE,Federal Contract Tower,0,16,4,1,21,0,4,8,2,14,0,20,12,3,35,14,0,14,49
12/07/2022,SAW,MI,AGL,CE,Federal Contract Tower,0,19,0,0,19,2,0,0,0,2,2,19,0,0,21,0,0,0,21
12/08/2022,SAW,MI,AGL,CE,Federal Contract Tower,0,23,0,1,24,0,0,15,0,15,0,23,15,1,39,10,0,10,49
12/09/2022,SAW,MI,AGL,CE,Federal Contract Tower,0,21,0,0,21,0,2,0,0,2,0,23,0,0,23,0,0,0,23
12/10/2022,SAW,MI,AGL,CE,Federal Contract Tower,5,12,1,0,18,0,3,0,0,3,5,15,1,0,21,0,0,0,21
12/11/2022,SAW,MI,AGL,CE,Federal Contract Tower,0,7,3,0,10,0,1,1,0,2,0,8,4,0,12,0,0,0,12
12/12/2022,SAW,MI,AGL,CE,Federal Contract Tower,0,11,0,0,11,0,1,3,0,4,0,12,3,0,15,12,0,12,27
12/13/2022,SAW,MI,AGL,CE,Federal Contract Tower,0,18,2,0,20,0,2,0,0,2,0,20,2,0,22,0,0,0,22
12/14/2022,SAW,MI,AGL,CE,Federal Contract Tower,0,14,0,0,14,0,1,0,0,1,0,15,0,0,15,0,0,0,15
12/15/2022,SAW,MI,AGL,CE,Federal Contract Tower,2,13,2,0,17,0,0,0,0,0,2,13,2,0,17,0,0,0,17
12/16/2022,SAW,MI,AGL,CE,Federal Contract Tower,0,18,2,0,20,0,1,0,0,1,0,19,2,0,21,0,0,0,21
12/17/2022,SAW,MI,AGL,CE,Federal Contract Tower,0,12,0,0,12,0,0,8,0,8,0,12,8,0,20,12,0,12,32
12/18/2022,SAW,MI,AGL,CE,Federal Contract Tower,0,12,0,0,12,0,2,0,0,2,0,14,0,0,14,0,0,0,14
12/19/2022,SAW,MI,AGL,CE,Federal Contract Tower,0,16,1,2,19,0,5,2,0,7,0,21,3,2,26,10,12,22,48
12/20/2022,SAW,MI,AGL,CE,Federal Contract Tower,0,17,0,0,17,0,0,4,0,4,0,17,4,0,21,0,0,0,21
12/21/2022,SAW,MI,AGL,CE,Federal Contract Tower,0,23,1,0,24,0,0,10,0,10,0,23,11,0,34,0,0,0,34
12/22/2022,SAW,MI,AGL,CE,Federal Contract Tower,0,9,0,0,9,0,0,0,0,0,0,9,0,0,9,0,0,0,9
12/23/2022,SAW,MI,AGL,CE,Federal Contract Tower,0,2,0,0,2,0,0,0,0,0,0,2,0,0,2,0,0,0,2
12/24/2022,SAW,MI,AGL,CE,Federal Contract Tower,0,0,0,0,0,0,0,0,0,0,0,0,0,0,0,0,0,0,0
12/25/2022,SAW,MI,AGL,CE,Federal Contract Tower,0,6,1,0,7,0,0,0,0,0,0,6,1,0,7,0,0,0,7
12/26/2022,SAW,MI,AGL,CE,Federal Contract Tower,2,3,3,0,8,0,0,0,0,0,2,3,3,0,8,0,0,0,8
12/27/2022,SAW,MI,AGL,CE,Federal Contract Tower,1,19,2,0,22,0,1,1,0,2,1,20,3,0,24,0,0,0,24
12/28/2022,SAW,MI,AGL,CE,Federal Contract Tower,0,13,2,0,15,0,0,5,0,5,0,13,7,0,20,4,0,4,24
12/29/2022,SAW,MI,AGL,CE,Federal Contract Tower,0,15,1,0,16,0,1,0,0,1,0,16,1,0,17,0,0,0,17
12/30/2022,SAW,MI,AGL,CE,Federal Contract Tower,0,13,3,0,16,0,0,0,0,0,0,13,3,0,16,0,0,0,16
12/31/2022,SAW,MI,AGL,CE,Federal Contract Tower,0,11,2,0,13,0,1,0,0,1,0,12,2,0,14,0,0,0,14
01/01/2023,SAW,MI,AGL,CE,Federal Contract Tower,0,7,1,0,8,0,0,0,0,0,0,7,1,0,8,0,0,0,8
01/02/2023,SAW,MI,AGL,CE,Federal Contract Tower,0,21,0,0,21,0,3,0,0,3,0,24,0,0,24,0,0,0,24
01/03/2023,SAW,MI,AGL,CE,Federal Contract Tower,0,14,0,0,14,0,0,0,0,0,0,14,0,0,14,0,0,0,14
01/04/2023,SAW,MI,AGL,CE,Federal Contract Tower,0,2,0,0,2,0,0,0,0,0,0,2,0,0,2,0,0,0,2
01/05/2023,SAW,MI,AGL,CE,Federal Contract Tower,3,20,2,0,25,1,1,0,0,2,4,21,2,0,27,0,0,0,27
01/06/2023,SAW,MI,AGL,CE,Federal Contract Tower,2,14,0,0,16,0,1,18,2,21,2,15,18,2,37,18,0,18,55
01/07/2023,SAW,MI,AGL,CE,Federal Contract Tower,0,15,0,2,17,0,1,5,4,10,0,16,5,6,27,0,0,0,27
01/08/2023,SAW,MI,AGL,CE,Federal Contract Tower,0,15,5,0,20,0,0,24,0,24,0,15,29,0,44,44,0,44,88
01/09/2023,SAW,MI,AGL,CE,Federal Contract Tower,0,15,0,0,15,0,0,0,0,0,0,15,0,0,15,0,0,0,15
01/10/2023,SAW,MI,AGL,CE,Federal Contract Tower,0,28,0,0,28,0,1,0,0,1,0,29,0,0,29,0,0,0,29
01/11/2023,SAW,MI,AGL,CE,Federal Contract Tower,0,12,0,0,12,0,0,0,0,0,0,12,0,0,12,0,0,0,12
01/12/2023,SAW,MI,AGL,CE,Federal Contract Tower,0,18,0,0,18,0,0,0,0,0,0,18,0,0,18,0,0,0,18
01/13/2023,SAW,MI,AGL,CE,Federal Contract Tower,0,16,4,0,20,0,0,0,0,0,0,16,4,0,20,0,0,0,20
01/14/2023,SAW,MI,AGL,CE,Federal Contract Tower,0,10,2,2,14,0,0,14,6,20,0,10,16,8,34,16,0,16,50
01/15/2023,SAW,MI,AGL,CE,Federal Contract Tower,0,6,0,0,6,0,0,6,4,10,0,6,6,4,16,4,18,22,38
01/16/2023,SAW,MI,AGL,CE,Federal Contract Tower,0,8,0,0,8,0,0,0,0,0,0,8,0,0,8,0,0,0,8
01/17/2023,SAW,MI,AGL,CE,Federal Contract Tower,0,12,0,0,12,0,0,0,0,0,0,12,0,0,12,0,0,0,12
01/18/2023,SAW,MI,AGL,CE,Federal Contract Tower,0,17,0,0,17,0,0,0,0,0,0,17,0,0,17,0,0,0,17
01/19/2023,SAW,MI,AGL,CE,Federal Contract Tower,0,19,0,0,19,0,0,0,0,0,0,19,0,0,19,0,0,0,19
01/20/2023,SAW,MI,AGL,CE,Federal Contract Tower,2,9,0,0,11,2,0,0,0,2,4,9,0,0,13,0,0,0,13
01/21/2023,SAW,MI,AGL,CE,Federal Contract Tower,0,15,2,0,17,0,0,0,2,2,0,15,2,2,19,0,0,0,19
01/22/2023,SAW,MI,AGL,CE,Federal Contract Tower,0,4,0,0,4,0,0,0,0,0,0,4,0,0,4,0,0,0,4
01/23/2023,SAW,MI,AGL,CE,Federal Contract Tower,0,17,4,0,21,0,0,5,8,13,0,17,9,8,34,4,6,10,44
01/24/2023,SAW,MI,AGL,CE,Federal Contract Tower,0,23,4,0,27,4,0,10,6,20,4,23,14,6,47,0,0,0,47
01/25/2023,SAW,MI,AGL,CE,Federal Contract Tower,0,18,0,0,18,0,6,3,15,24,0,24,3,15,42,22,0,22,64
01/26/2023,SAW,MI,AGL,CE,Federal Contract Tower,1,14,1,0,16,0,0,16,9,25,1,14,17,9,41,128,0,128,169
01/27/2023,SAW,MI,AGL,CE,Federal Contract Tower,0,14,0,0,14,0,1,0,0,1,0,15,0,0,15,0,0,0,15
01/28/2023,SAW,MI,AGL,CE,Federal Contract Tower,0,11,1,0,12,2,0,12,7,21,2,11,13,7,33,24,42,66,99
01/29/2023,SAW,MI,AGL,CE,Federal Contract Tower,0,4,4,0,8,0,2,11,6,19,0,6,15,6,27,8,10,18,45
01/30/2023,SAW,MI,AGL,CE,Federal Contract Tower,5,19,0,2,26,0,0,8,0,8,5,19,8,2,34,14,0,14,48
01/31/2023,SAW,MI,AGL,CE,Federal Contract Tower,0,19,0,0,19,0,5,12,8,25,0,24,12,8,44,19,0,19,63
02/01/2023,SAW,MI,AGL,CE,Federal Contract Tower,0,15,2,0,17,0,1,15,10,26,0,16,17,10,43,4,0,4,47
02/02/2023,SAW,MI,AGL,CE,Federal Contract Tower,0,21,2,2,25,0,0,0,0,0,0,21,2,2,25,0,0,0,25
02/03/2023,SAW,MI,AGL,CE,Federal Contract Tower,0,13,2,1,16,0,0,15,3,18,0,13,17,4,34,14,16,30,64
02/04/2023,SAW,MI,AGL,CE,Federal Contract Tower,0,8,0,0,8,0,1,11,0,12,0,9,11,0,20,34,0,34,54
02/05/2023,SAW,MI,AGL,CE,Federal Contract Tower,0,12,1,0,13,0,0,1,0,1,0,12,2,0,14,0,0,0,14
02/06/2023,SAW,MI,AGL,CE,Federal Contract Tower,0,19,0,4,23,0,0,0,1,1,0,19,0,5,24,0,0,0,24
02/07/2023,SAW,MI,AGL,CE,Federal Contract Tower,0,22,0,0,22,0,0,2,6,8,0,22,2,6,30,0,0,0,30
02/08/2023,SAW,MI,AGL,CE,Federal Contract Tower,0,19,8,0,27,0,4,31,10,45,0,23,39,10,72,82,22,104,176
02/09/2023,SAW,MI,AGL,CE,Federal Contract Tower,1,20,0,0,21,0,1,9,2,12,1,21,9,2,33,28,0,28,61
02/10/2023,SAW,MI,AGL,CE,Federal Contract Tower,0,17,5,0,22,0,0,0,0,0,0,17,5,0,22,0,0,0,22
02/11/2023,SAW,MI,AGL,CE,Federal Contract Tower,0,11,1,0,12,0,1,9,22,32,0,12,10,22,44,0,30,30,74
02/12/2023,SAW,MI,AGL,CE,Federal Contract Tower,2,9,3,0,14,0,0,20,13,33,2,9,23,13,47,12,0,12,59
02/13/2023,SAW,MI,AGL,CE,Federal Contract Tower,0,17,1,2,20,0,5,0,6,11,0,22,1,8,31,0,16,16,47
02/14/2023,SAW,MI,AGL,CE,Federal Contract Tower,2,17,4,0,23,1,0,2,2,5,3,17,6,2,28,0,0,0,28
02/15/2023,SAW,MI,AGL,CE,Federal Contract Tower,0,15,1,0,16,0,0,0,0,0,0,15,1,0,16,0,0,0,16
02/16/2023,SAW,MI,AGL,CE,Federal Contract Tower,0,14,1,0,15,0,0,0,0,0,0,14,1,0,15,0,0,0,15
02/17/2023,SAW,MI,AGL,CE,Federal Contract Tower,1,15,6,0,22,0,1,2,10,13,1,16,8,10,35,4,24,28,63
02/18/2023,SAW,MI,AGL,CE,Federal Contract Tower,0,12,2,0,14,0,0,10,18,28,0,12,12,18,42,0,18,18,60
02/19/2023,SAW,MI,AGL,CE,Federal Contract Tower,0,6,2,0,8,0,0,11,7,18,0,6,13,7,26,14,4,18,44
02/20/2023,SAW,MI,AGL,CE,Federal Contract Tower,0,12,0,2,14,0,2,7,0,9,0,14,7,2,23,4,0,4,27
02/21/2023,SAW,MI,AGL,CE,Federal Contract Tower,0,14,0,2,16,0,0,0,0,0,0,14,0,2,16,0,0,0,16
02/22/2023,SAW,MI,AGL,CE,Federal Contract Tower,0,9,0,0,9,0,0,0,0,0,0,9,0,0,9,0,0,0,9
02/23/2023,SAW,MI,AGL,CE,Federal Contract Tower,0,2,0,0,2,0,0,0,0,0,0,2,0,0,2,0,0,0,2
02/24/2023,SAW,MI,AGL,CE,Federal Contract Tower,2,12,0,2,16,0,0,7,4,11,2,12,7,6,27,20,4,24,51
02/25/2023,SAW,MI,AGL,CE,Federal Contract Tower,2,8,2,0,12,0,0,8,14,22,2,8,10,14,34,34,4,38,72
02/26/2023,SAW,MI,AGL,CE,Federal Contract Tower,0,11,2,0,13,0,10,6,6,22,0,21,8,6,35,0,16,16,51
02/27/2023,SAW,MI,AGL,CE,Federal Contract Tower,0,14,0,0,14,0,0,0,0,0,0,14,0,0,14,0,0,0,14
02/28/2023,SAW,MI,AGL,CE,Federal Contract Tower,0,22,0,0,22,0,4,16,12,32,0,26,16,12,54,0,56,56,110
03/01/2023,SAW,MI,AGL,CE,Federal Contract Tower,0,13,1,0,14,0,0,0,6,6,0,13,1,6,20,0,22,22,42
03/02/2023,SAW,MI,AGL,CE,Federal Contract Tower,0,20,2,0,22,0,0,6,4,10,0,20,8,4,32,12,12,24,56
03/03/2023,SAW,MI,AGL,CE,Federal Contract Tower,0,12,1,0,13,0,0,0,0,0,0,12,1,0,13,0,0,0,13
03/04/2023,SAW,MI,AGL,CE,Federal Contract Tower,0,13,0,0,13,2,0,7,6,15,2,13,7,6,28,14,6,20,48
03/05/2023,SAW,MI,AGL,CE,Federal Contract Tower,2,13,2,0,17,0,2,24,8,34,2,15,26,8,51,28,10,38,89
03/06/2023,SAW,MI,AGL,CE,Federal Contract Tower,0,11,0,0,11,0,0,0,0,0,0,11,0,0,11,0,0,0,11
03/07/2023,SAW,MI,AGL,CE,Federal Contract Tower,0,22,2,4,28,0,6,12,8,26,0,28,14,12,54,28,26,54,108
03/08/2023,SAW,MI,AGL,CE,Federal Contract Tower,0,18,1,3,22,0,6,13,2,21,0,24,14,5,43,32,0,32,75
03/09/2023,SAW,MI,AGL,CE,Federal Contract Tower,0,16,2,0,18,0,3,6,0,9,0,19,8,0,27,18,0,18,45
03/10/2023,SAW,MI,AGL,CE,Federal Contract Tower,2,7,2,0,11,0,0,0,0,0,2,7,2,0,11,0,0,0,11
03/11/2023,SAW,MI,AGL,CE,Federal Contract Tower,2,12,2,1,17,0,0,5,13,18,2,12,7,14,35,12,16,28,63
03/12/2023,SAW,MI,AGL,CE,Federal Contract Tower,2,4,0,0,6,0,0,0,0,0,2,4,0,0,6,0,0,0,6
03/13/2023,SAW,MI,AGL,CE,Federal Contract Tower,2,7,0,2,11,0,0,0,0,0,2,7,0,2,11,0,8,8,19
03/14/2023,SAW,MI,AGL,CE,Federal Contract Tower,4,15,1,0,20,2,0,19,10,31,6,15,20,10,51,38,24,62,113
03/15/2023,SAW,MI,AGL,CE,Federal Contract Tower,4,16,0,0,20,0,0,10,8,18,4,16,10,8,38,2,10,12,50
03/16/2023,SAW,MI,AGL,CE,Federal Contract Tower,0,13,0,0,13,0,0,2,0,2,0,13,2,0,15,16,0,16,31
03/17/2023,SAW,MI,AGL,CE,Federal Contract Tower,7,5,0,0,12,0,0,0,0,0,7,5,0,0,12,0,0,0,12
03/18/2023,SAW,MI,AGL,CE,Federal Contract Tower,1,6,0,0,7,0,0,0,0,0,1,6,0,0,7,0,0,0,7
03/19/2023,SAW,MI,AGL,CE,Federal Contract Tower,2,6,1,0,9,0,0,2,12,14,2,6,3,12,23,2,24,26,49
03/20/2023,SAW,MI,AGL,CE,Federal Contract Tower,2,16,2,0,20,0,3,1,2,6,2,19,3,2,26,0,12,12,38
03/21/2023,SAW,MI,AGL,CE,Federal Contract Tower,3,19,0,0,22,2,1,7,2,12,5,20,7,2,34,44,2,46,80
03/22/2023,SAW,MI,AGL,CE,Federal Contract Tower,2,19,2,0,23,0,0,0,0,0,2,19,2,0,23,0,0,0,23
03/23/2023,SAW,MI,AGL,CE,Federal Contract Tower,0,18,11,1,30,0,0,9,0,9,0,18,20,1,39,10,0,10,49
03/24/2023,SAW,MI,AGL,CE,Federal Contract Tower,2,16,0,0,18,0,0,15,0,15,2,16,15,0,33,16,0,16,49
03/25/2023,SAW,MI,AGL,CE,Federal Contract Tower,2,8,3,0,13,0,0,9,0,9,2,8,12,0,22,6,0,6,28
03/26/2023,SAW,MI,AGL,CE,Federal Contract Tower,4,3,0,0,7,3,0,0,4,7,7,3,0,4,14,0,10,10,24
03/27/2023,SAW,MI,AGL,CE,Federal Contract Tower,4,6,1,1,12,0,2,4,8,14,4,8,5,9,26,0,18,18,44
03/28/2023,SAW,MI,AGL,CE,Federal Contract Tower,4,9,0,2,15,0,1,4,0,5,4,10,4,2,20,0,0,0,20
03/29/2023,SAW,MI,AGL,CE,Federal Contract Tower,0,14,0,0,14,0,0,2,8,10,0,14,2,8,24,0,0,0,24
03/30/2023,SAW,MI,AGL,CE,Federal Contract Tower,0,20,7,1,28,0,1,6,13,20,0,21,13,14,48,0,2,2,50
03/31/2023,SAW,MI,AGL,CE,Federal Contract Tower,0,16,0,0,16,0,0,0,0,0,0,16,0,0,16,0,0,0,16
04/01/2023,SAW,MI,AGL,CE,Federal Contract Tower,2,1,0,0,3,0,0,0,0,0,2,1,0,0,3,0,0,0,3
04/02/2023,SAW,MI,AGL,CE,Federal Contract Tower,4,6,0,0,10,0,0,0,6,6,4,6,0,6,16,0,6,6,22
04/03/2023,SAW,MI,AGL,CE,Federal Contract Tower,2,8,1,0,11,0,0,7,6,13,2,8,8,6,24,22,14,36,60
04/04/2023,SAW,MI,AGL,CE,Federal Contract Tower,4,9,0,0,13,0,0,0,2,2,4,9,0,2,15,0,0,0,15
04/05/2023,SAW,MI,AGL,CE,Federal Contract Tower,2,3,0,0,5,0,0,0,1,1,2,3,0,1,6,0,0,0,6
04/06/2023,SAW,MI,AGL,CE,Federal Contract Tower,0,19,0,1,20,0,1,0,3,4,0,20,0,4,24,0,0,0,24
04/07/2023,SAW,MI,AGL,CE,Federal Contract Tower,2,14,0,0,16,0,2,30,0,32,2,16,30,0,48,36,0,36,84
04/08/2023,SAW,MI,AGL,CE,Federal Contract Tower,2,9,4,0,15,0,0,20,0,20,2,9,24,0,35,64,0,64,99
04/09/2023,SAW,MI,AGL,CE,Federal Contract Tower,2,2,0,0,4,0,0,3,0,3,2,2,3,0,7,6,0,6,13
04/10/2023,SAW,MI,AGL,CE,Federal Contract Tower,2,14,0,0,16,2,4,18,0,24,4,18,18,0,40,48,0,48,88
04/11/2023,SAW,MI,AGL,CE,Federal Contract Tower,2,16,0,0,18,0,4,12,2,18,2,20,12,2,36,16,0,16,52
04/12/2023,SAW,MI,AGL,CE,Federal Contract Tower,4,12,0,2,18,4,0,16,0,20,8,12,16,2,38,18,0,18,56
04/13/2023,SAW,MI,AGL,CE,Federal Contract Tower,0,18,2,0,20,0,2,17,0,19,0,20,19,0,39,32,0,32,71
04/14/2023,SAW,MI,AGL,CE,Federal Contract Tower,1,20,5,2,28,0,0,31,2,33,1,20,36,4,61,30,0,30,91
04/15/2023,SAW,MI,AGL,CE,Federal Contract Tower,2,7,1,0,10,0,0,14,0,14,2,7,15,0,24,14,0,14,38
04/16/2023,SAW,MI,AGL,CE,Federal Contract Tower,0,6,0,0,6,0,0,0,0,0,0,6,0,0,6,0,0,0,6
04/17/2023,SAW,MI,AGL,CE,Federal Contract Tower,2,9,0,0,11,0,0,0,0,0,2,9,0,0,11,0,0,0,11
04/18/2023,SAW,MI,AGL,CE,Federal Contract Tower,2,21,1,0,24,0,0,2,0,2,2,21,3,0,26,0,0,0,26
04/19/2023,SAW,MI,AGL,CE,Federal Contract Tower,2,20,0,0,22,0,0,18,2,20,2,20,18,2,42,48,2,50,92
04/20/2023,SAW,MI,AGL,CE,Federal Contract Tower,0,13,1,2,16,0,0,0,0,0,0,13,1,2,16,0,0,0,16
04/21/2023,SAW,MI,AGL,CE,Federal Contract Tower,2,12,6,0,20,0,0,11,7,18,2,12,17,7,38,28,0,28,66
04/22/2023,SAW,MI,AGL,CE,Federal Contract Tower,2,9,1,0,12,0,0,2,2,4,2,9,3,2,16,0,0,0,16
04/23/2023,SAW,MI,AGL,CE,Federal Contract Tower,2,5,0,0,7,0,0,3,0,3,2,5,3,0,10,0,0,0,10
04/24/2023,SAW,MI,AGL,CE,Federal Contract Tower,2,13,2,0,17,0,0,10,4,14,2,13,12,4,31,16,10,26,57
04/25/2023,SAW,MI,AGL,CE,Federal Contract Tower,2,11,2,0,15,0,3,10,1,14,2,14,12,1,29,28,0,28,57
04/26/2023,SAW,MI,AGL,CE,Federal Contract Tower,2,20,0,2,24,0,0,25,18,43,2,20,25,20,67,34,68,102,169
04/27/2023,SAW,MI,AGL,CE,Federal Contract Tower,0,18,1,0,19,0,0,1,0,1,0,18,2,0,20,0,0,0,20
04/28/2023,SAW,MI,AGL,CE,Federal Contract Tower,9,15,1,0,25,0,4,13,0,17,9,19,14,0,42,54,0,54,96
04/29/2023,SAW,MI,AGL,CE,Federal Contract Tower,2,9,0,0,11,0,0,0,0,0,2,9,0,0,11,0,0,0,11
04/30/2023,SAW,MI,AGL,CE,Federal Contract Tower,2,7,0,0,9,0,0,0,0,0,2,7,0,0,9,0,0,0,9
05/01/2023,SAW,MI,AGL,CE,Federal Contract Tower,0,0,0,0,0,0,0,0,0,0,0,0,0,0,0,0,0,0,0
05/02/2023,SAW,MI,AGL,CE,Federal Contract Tower,2,4,0,0,6,0,0,0,0,0,2,4,0,0,6,0,0,0,6
05/03/2023,SAW,MI,AGL,CE,Federal Contract Tower,4,18,0,0,22,0,0,8,2,10,4,18,8,2,32,0,0,0,32
05/04/2023,SAW,MI,AGL,CE,Federal Contract Tower,2,18,1,0,21,0,0,5,0,5,2,18,6,0,26,2,0,2,28
05/05/2023,SAW,MI,AGL,CE,Federal Contract Tower,0,14,0,0,14,0,0,2,0,2,0,14,2,0,16,0,0,0,16
05/06/2023,SAW,MI,AGL,CE,Federal Contract Tower,0,13,2,0,15,0,0,0,0,0,0,13,2,0,15,0,0,0,15
05/07/2023,SAW,MI,AGL,CE,Federal Contract Tower,2,6,1,0,9,0,0,0,0,0,2,6,1,0,9,0,0,0,9
05/08/2023,SAW,MI,AGL,CE,Federal Contract Tower,2,22,3,0,27,0,0,27,2,29,2,22,30,2,56,38,0,38,94
05/09/2023,SAW,MI,AGL,CE,Federal Contract Tower,3,25,6,0,34,0,4,33,0,37,3,29,39,0,71,50,0,50,121
05/10/2023,SAW,MI,AGL,CE,Federal Contract Tower,2,13,2,0,17,0,0,23,0,23,2,13,25,0,40,32,0,32,72
05/11/2023,SAW,MI,AGL,CE,Federal Contract Tower,8,18,5,0,31,0,3,14,0,17,8,21,19,0,48,34,0,34,82
05/12/2023,SAW,MI,AGL,CE,Federal Contract Tower,0,14,1,2,17,0,2,24,2,28,0,16,25,4,45,16,0,16,61
05/13/2023,SAW,MI,AGL,CE,Federal Contract Tower,0,16,2,0,18,0,0,10,9,19,0,16,12,9,37,0,0,0,37
05/14/2023,SAW,MI,AGL,CE,Federal Contract Tower,1,6,4,0,11,0,0,15,0,15,1,6,19,0,26,12,0,12,38
05/15/2023,SAW,MI,AGL,CE,Federal Contract Tower,2,11,1,0,14,0,6,18,0,24,2,17,19,0,38,10,0,10,48
05/16/2023,SAW,MI,AGL,CE,Federal Contract Tower,2,18,6,5,31,0,4,13,0,17,2,22,19,5,48,2,2,4,52
05/17/2023,SAW,MI,AGL,CE,Federal Contract Tower,2,17,6,0,25,0,3,22,2,27,2,20,28,2,52,50,0,50,102
05/18/2023,SAW,MI,AGL,CE,Federal Contract Tower,2,25,2,0,29,0,0,11,0,11,2,25,13,0,40,2,0,2,42
05/19/2023,SAW,MI,AGL,CE,Federal Contract Tower,2,15,3,2,22,0,0,0,0,0,2,15,3,2,22,0,0,0,22
05/20/2023,SAW,MI,AGL,CE,Federal Contract Tower,2,8,2,0,12,0,0,18,0,18,2,8,20,0,30,18,0,18,48
05/21/2023,SAW,MI,AGL,CE,Federal Contract Tower,1,7,1,0,9,0,0,42,0,42,1,7,43,0,51,4,0,4,55
05/22/2023,SAW,MI,AGL,CE,Federal Contract Tower,2,13,1,0,16,0,5,29,0,34,2,18,30,0,50,44,0,44,94
05/23/2023,SAW,MI,AGL,CE,Federal Contract Tower,2,17,0,0,19,0,2,18,2,22,2,19,18,2,41,34,0,34,75
05/24/2023,SAW,MI,AGL,CE,Federal Contract Tower,0,21,7,0,28,0,2,18,0,20,0,23,25,0,48,24,0,24,72
05/25/2023,SAW,MI,AGL,CE,Federal Contract Tower,0,20,4,0,24,0,1,25,4,30,0,21,29,4,54,36,0,36,90
05/26/2023,SAW,MI,AGL,CE,Federal Contract Tower,0,17,8,0,25,0,0,24,0,24,0,17,32,0,49,32,0,32,81
05/27/2023,SAW,MI,AGL,CE,Federal Contract Tower,2,12,1,0,15,0,6,7,1,14,2,18,8,1,29,20,0,20,49
05/28/2023,SAW,MI,AGL,CE,Federal Contract Tower,2,9,0,0,11,0,3,15,0,18,2,12,15,0,29,0,0,0,29
05/29/2023,SAW,MI,AGL,CE,Federal Contract Tower,2,7,2,0,11,0,1,19,2,22,2,8,21,2,33,20,0,20,53
05/30/2023,SAW,MI,AGL,CE,Federal Contract Tower,2,15,0,0,17,0,3,16,6,25,2,18,16,6,42,6,0,6,48
05/31/2023,SAW,MI,AGL,CE,Federal Contract Tower,1,15,1,0,17,0,0,12,1,13,1,15,13,1,30,12,0,12,42
06/01/2023,SAW,MI,AGL,CE,Federal Contract Tower,2,14,1,0,17,0,2,15,0,17,2,16,16,0,34,36,0,36,70
06/02/2023,SAW,MI,AGL,CE,Federal Contract Tower,4,9,1,0,14,2,6,34,0,42,6,15,35,0,56,62,0,62,118
06/03/2023,SAW,MI,AGL,CE,Federal Contract Tower,3,7,1,0,11,0,4,13,0,17,3,11,14,0,28,8,0,8,36
06/04/2023,SAW,MI,AGL,CE,Federal Contract Tower,4,4,1,0,9,0,1,15,0,16,4,5,16,0,25,16,0,16,41
06/05/2023,SAW,MI,AGL,CE,Federal Contract Tower,10,11,6,2,29,0,2,8,0,10,10,13,14,2,39,22,0,22,61
06/06/2023,SAW,MI,AGL,CE,Federal Contract Tower,6,13,1,2,22,0,4,21,1,26,6,17,22,3,48,6,6,12,60
06/07/2023,SAW,MI,AGL,CE,Federal Contract Tower,3,13,0,3,19,0,0,26,4,30,3,13,26,7,49,0,0,0,49
06/08/2023,SAW,MI,AGL,CE,Federal Contract Tower,6,10,7,0,23,0,1,22,3,26,6,11,29,3,49,70,0,70,119
06/09/2023,SAW,MI,AGL,CE,Federal Contract Tower,4,17,7,0,28,0,8,30,2,40,4,25,37,2,68,56,0,56,124
06/10/2023,SAW,MI,AGL,CE,Federal Contract Tower,3,8,6,0,17,2,0,3,0,5,5,8,9,0,22,6,0,6,28
06/11/2023,SAW,MI,AGL,CE,Federal Contract Tower,3,4,4,0,11,3,0,0,0,3,6,4,4,0,14,0,0,0,14
06/12/2023,SAW,MI,AGL,CE,Federal Contract Tower,4,14,6,0,24,0,0,3,0,3,4,14,9,0,27,16,0,16,43
06/13/2023,SAW,MI,AGL,CE,Federal Contract Tower,3,18,2,0,23,0,0,0,0,0,3,18,2,0,23,0,0,0,23
06/14/2023,SAW,MI,AGL,CE,Federal Contract Tower,2,14,3,0,19,0,0,16,0,16,2,14,19,0,35,44,0,44,79
06/15/2023,SAW,MI,AGL,CE,Federal Contract Tower,8,16,3,0,27,0,2,0,0,2,8,18,3,0,29,0,0,0,29
06/16/2023,SAW,MI,AGL,CE,Federal Contract Tower,4,10,5,0,19,1,0,31,8,40,5,10,36,8,59,94,0,94,153
06/17/2023,SAW,MI,AGL,CE,Federal Contract Tower,2,6,4,0,12,0,0,71,0,71,2,6,75,0,83,28,0,28,111
06/18/2023,SAW,MI,AGL,CE,Federal Contract Tower,4,3,5,0,12,0,2,6,0,8,4,5,11,0,20,0,0,0,20
06/19/2023,SAW,MI,AGL,CE,Federal Contract Tower,6,13,0,0,19,0,3,17,0,20,6,16,17,0,39,30,0,30,69
06/20/2023,SAW,MI,AGL,CE,Federal Contract Tower,3,21,1,0,25,0,1,13,0,14,3,22,14,0,39,0,0,0,39
06/21/2023,SAW,MI,AGL,CE,Federal Contract Tower,3,13,5,0,21,0,1,13,0,14,3,14,18,0,35,0,0,0,35
06/22/2023,SAW,MI,AGL,CE,Federal Contract Tower,4,16,2,0,22,0,0,24,4,28,4,16,26,4,50,12,0,12,62
06/23/2023,SAW,MI,AGL,CE,Federal Contract Tower,4,14,6,9,33,0,2,20,5,27,4,16,26,14,60,28,16,44,104
06/24/2023,SAW,MI,AGL,CE,Federal Contract Tower,3,5,3,0,11,0,2,6,2,10,3,7,9,2,21,10,0,10,31
06/25/2023,SAW,MI,AGL,CE,Federal Contract Tower,4,3,3,0,10,0,0,1,0,1,4,3,4,0,11,0,0,0,11
06/27/2023,SAW,MI,AGL,CE,Federal Contract Tower,3,22,2,2,29,0,2,33,6,41,3,24,35,8,70,54,0,54,124
06/28/2023,SAW,MI,AGL,CE,Federal Contract Tower,3,16,7,0,26,0,0,6,0,6,3,16,13,0,32,12,0,12,44
06/29/2023,SAW,MI,AGL,CE,Federal Contract Tower,5,20,4,0,29,0,0,6,0,6,5,20,10,0,35,18,0,18,53
06/30/2023,SAW,MI,AGL,CE,Federal Contract Tower,4,20,1,2,27,0,3,14,3,20,4,23,15,5,47,30,0,30,77
07/01/2023,SAW,MI,AGL,CE,Federal Contract Tower,3,7,0,0,10,2,2,12,2,18,5,9,12,2,28,18,0,18,46
07/02/2023,SAW,MI,AGL,CE,Federal Contract Tower,5,5,0,0,10,0,0,21,0,21,5,5,21,0,31,12,0,12,43
07/03/2023,SAW,MI,AGL,CE,Federal Contract Tower,5,6,3,4,18,0,0,35,4,39,5,6,38,8,57,84,10,94,151
07/04/2023,SAW,MI,AGL,CE,Federal Contract Tower,4,0,0,0,4,0,0,11,0,11,4,0,11,0,15,12,0,12,27
07/05/2023,SAW,MI,AGL,CE,Federal Contract Tower,8,13,0,0,21,0,0,0,0,0,8,13,0,0,21,0,0,0,21
07/06/2023,SAW,MI,AGL,CE,Federal Contract Tower,5,11,1,2,19,0,0,17,14,31,5,11,18,16,50,14,0,14,64
07/07/2023,SAW,MI,AGL,CE,Federal Contract Tower,5,15,1,0,21,0,0,21,1,22,5,15,22,1,43,44,0,44,87
07/08/2023,SAW,MI,AGL,CE,Federal Contract Tower,4,7,1,1,13,0,0,12,1,13,4,7,13,2,26,8,2,10,36
07/09/2023,SAW,MI,AGL,CE,Federal Contract Tower,5,6,1,1,13,0,0,6,2,8,5,6,7,3,21,0,0,0,21
07/10/2023,SAW,MI,AGL,CE,Federal Contract Tower,5,9,3,0,17,0,0,15,0,15,5,9,18,0,32,52,0,52,84
07/11/2023,SAW,MI,AGL,CE,Federal Contract Tower,5,21,2,0,28,0,0,28,0,28,5,21,30,0,56,34,0,34,90
07/12/2023,SAW,MI,AGL,CE,Federal Contract Tower,5,15,6,0,26,0,1,21,0,22,5,16,27,0,48,64,0,64,112
07/13/2023,SAW,MI,AGL,CE,Federal Contract Tower,5,9,5,1,20,0,2,20,3,25,5,11,25,4,45,94,32,126,171
07/14/2023,SAW,MI,AGL,CE,Federal Contract Tower,5,12,0,0,17,0,2,5,0,7,5,14,5,0,24,0,0,0,24
07/15/2023,SAW,MI,AGL,CE,Federal Contract Tower,3,8,5,0,16,0,2,4,0,6,3,10,9,0,22,2,0,2,24
07/17/2023,SAW,MI,AGL,CE,Federal Contract Tower,4,15,6,0,25,0,0,8,0,8,4,15,14,0,33,20,0,20,53
07/18/2023,SAW,MI,AGL,CE,Federal Contract Tower,5,14,4,1,24,0,3,29,1,33,5,17,33,2,57,20,0,20,77
07/19/2023,SAW,MI,AGL,CE,Federal Contract Tower,5,25,5,0,35,0,0,14,0,14,5,25,19,0,49,76,0,76,125
07/20/2023,SAW,MI,AGL,CE,Federal Contract Tower,6,11,5,0,22,0,0,0,0,0,6,11,5,0,22,0,0,0,22
07/21/2023,SAW,MI,AGL,CE,Federal Contract Tower,5,14,3,0,22,0,2,55,0,57,5,16,58,0,79,84,0,84,163
07/22/2023,SAW,MI,AGL,CE,Federal Contract Tower,3,8,1,0,12,0,0,20,0,20,3,8,21,0,32,10,0,10,42
07/23/2023,SAW,MI,AGL,CE,Federal Contract Tower,5,4,3,0,12,0,0,18,0,18,5,4,21,0,30,0,0,0,30
07/24/2023,SAW,MI,AGL,CE,Federal Contract Tower,9,14,1,0,24,0,0,12,0,12,9,14,13,0,36,24,0,24,60
07/25/2023,SAW,MI,AGL,CE,Federal Contract Tower,5,16,3,0,24,0,0,22,2,24,5,16,25,2,48,30,0,30,78
07/26/2023,SAW,MI,AGL,CE,Federal Contract Tower,6,6,5,0,17,0,1,6,0,7,6,7,11,0,24,6,0,6,30
07/27/2023,SAW,MI,AGL,CE,Federal Contract Tower,6,17,5,0,28,0,0,8,0,8,6,17,13,0,36,4,0,4,40
07/28/2023,SAW,MI,AGL,CE,Federal Contract Tower,5,14,3,0,22,0,0,15,0,15,5,14,18,0,37,32,0,32,69
07/29/2023,SAW,MI,AGL,CE,Federal Contract Tower,3,15,1,0,19,0,1,18,0,19,3,16,19,0,38,26,0,26,64
07/30/2023,SAW,MI,AGL,CE,Federal Contract Tower,5,5,4,0,14,0,2,9,0,11,5,7,13,0,25,8,0,8,33
07/31/2023,SAW,MI,AGL,CE,Federal Contract Tower,5,11,2,0,18,0,0,21,0,21,5,11,23,0,39,72,0,72,111
08/01/2023,SAW,MI,AGL,CE,Federal Contract Tower,5,18,0,0,23,0,1,22,0,23,5,19,22,0,46,72,0,72,118
08/02/2023,SAW,MI,AGL,CE,Federal Contract Tower,5,20,4,0,29,0,0,16,0,16,5,20,20,0,45,58,0,58,103
08/03/2023,SAW,MI,AGL,CE,Federal Contract Tower,5,12,6,0,23,0,0,14,0,14,5,12,20,0,37,22,0,22,59
08/04/2023,SAW,MI,AGL,CE,Federal Contract Tower,6,10,12,0,28,0,0,15,0,15,6,10,27,0,43,6,0,6,49
08/05/2023,SAW,MI,AGL,CE,Federal Contract Tower,5,8,3,1,17,0,0,27,0,27,5,8,30,1,44,22,0,22,66
08/06/2023,SAW,MI,AGL,CE,Federal Contract Tower,5,8,6,2,21,0,2,12,1,15,5,10,18,3,36,20,0,20,56
08/07/2023,SAW,MI,AGL,CE,Federal Contract Tower,5,15,3,0,23,0,0,25,0,25,5,15,28,0,48,62,0,62,110
08/08/2023,SAW,MI,AGL,CE,Federal Contract Tower,5,11,2,0,18,0,1,24,3,28,5,12,26,3,46,54,14,68,114
08/09/2023,SAW,MI,AGL,CE,Federal Contract Tower,3,11,1,5,20,0,0,13,1,14,3,11,14,6,34,30,38,68,102
08/10/2023,SAW,MI,AGL,CE,Federal Contract Tower,6,12,3,4,25,2,0,12,2,16,8,12,15,6,41,4,18,22,63
08/11/2023,SAW,MI,AGL,CE,Federal Contract Tower,7,14,7,0,28,0,0,0,0,0,7,14,7,0,28,0,0,0,28
08/12/2023,SAW,MI,AGL,CE,Federal Contract Tower,5,13,2,0,20,0,0,0,0,0,5,13,2,0,20,0,0,0,20
08/13/2023,SAW,MI,AGL,CE,Federal Contract Tower,6,2,6,0,14,0,0,26,0,26,6,2,32,0,40,58,0,58,98
08/14/2023,SAW,MI,AGL,CE,Federal Contract Tower,5,11,3,0,19,0,0,20,1,21,5,11,23,1,40,50,0,50,90
08/15/2023,SAW,MI,AGL,CE,Federal Contract Tower,3,18,0,8,29,0,3,31,0,34,3,21,31,8,63,66,0,66,129
08/16/2023,SAW,MI,AGL,CE,Federal Contract Tower,7,22,0,0,29,0,1,18,1,20,7,23,18,1,49,36,0,36,85
08/17/2023,SAW,MI,AGL,CE,Federal Contract Tower,4,18,0,0,22,0,0,0,0,0,4,18,0,0,22,0,0,0,22
08/18/2023,SAW,MI,AGL,CE,Federal Contract Tower,3,19,4,0,26,2,0,29,0,31,5,19,33,0,57,34,0,34,91
08/19/2023,SAW,MI,AGL,CE,Federal Contract Tower,2,13,3,2,20,0,3,10,0,13,2,16,13,2,33,2,0,2,35
08/20/2023,SAW,MI,AGL,CE,Federal Contract Tower,2,5,6,0,13,0,0,8,0,8,2,5,14,0,21,0,0,0,21
08/21/2023,SAW,MI,AGL,CE,Federal Contract Tower,2,17,2,0,21,0,1,26,0,27,2,18,28,0,48,32,0,32,80
08/22/2023,SAW,MI,AGL,CE,Federal Contract Tower,2,14,12,0,28,0,0,0,0,0,2,14,12,0,28,0,0,0,28
08/23/2023,SAW,MI,AGL,CE,Federal Contract Tower,4,19,8,0,31,0,0,0,0,0,4,19,8,0,31,0,0,0,31
08/24/2023,SAW,MI,AGL,CE,Federal Contract Tower,3,26,3,0,32,0,0,0,0,0,3,26,3,0,32,2,0,2,34
08/25/2023,SAW,MI,AGL,CE,Federal Contract Tower,2,23,10,0,35,0,0,15,0,15,2,23,25,0,50,46,0,46,96
08/26/2023,SAW,MI,AGL,CE,Federal Contract Tower,3,13,4,0,20,0,0,30,0,30,3,13,34,0,50,0,0,0,50
08/27/2023,SAW,MI,AGL,CE,Federal Contract Tower,2,8,4,0,14,0,0,44,0,44,2,8,48,0,58,60,0,60,118
08/28/2023,SAW,MI,AGL,CE,Federal Contract Tower,11,17,4,1,33,0,0,42,1,43,11,17,46,2,76,26,4,30,106
08/29/2023,SAW,MI,AGL,CE,Federal Contract Tower,2,19,4,0,25,0,0,0,0,0,2,19,4,0,25,0,0,0,25
08/30/2023,SAW,MI,AGL,CE,Federal Contract Tower,2,16,0,5,23,0,0,35,0,35,2,16,35,5,58,68,2,70,128
08/31/2023,SAW,MI,AGL,CE,Federal Contract Tower,2,15,5,0,22,0,7,45,0,52,2,22,50,0,74,38,0,38,112
01/01/2020,SAW,MI,AGL,CE,Federal Contract Tower,0,10,1,0,11,0,0,7,0,7,0,10,8,0,18,0,0,0,18
01/02/2020,SAW,MI,AGL,CE,Federal Contract Tower,0,17,2,0,19,7,2,0,0,9,7,19,2,0,28,0,0,0,28
01/03/2020,SAW,MI,AGL,CE,Federal Contract Tower,4,23,2,0,29,2,2,0,0,4,6,25,2,0,33,0,0,0,33
01/04/2020,SAW,MI,AGL,CE,Federal Contract Tower,1,9,1,0,11,0,0,2,0,2,1,9,3,0,13,0,0,0,13
01/05/2020,SAW,MI,AGL,CE,Federal Contract Tower,0,6,0,0,6,0,1,0,0,1,0,7,0,0,7,0,0,0,7
01/06/2020,SAW,MI,AGL,CE,Federal Contract Tower,0,17,1,0,18,0,3,3,0,6,0,20,4,0,24,6,0,6,30
01/07/2020,SAW,MI,AGL,CE,Federal Contract Tower,0,21,0,0,21,0,4,0,0,4,0,25,0,0,25,0,0,0,25
01/08/2020,SAW,MI,AGL,CE,Federal Contract Tower,0,20,0,0,20,4,2,0,0,6,4,22,0,0,26,0,0,0,26
01/09/2020,SAW,MI,AGL,CE,Federal Contract Tower,0,18,0,0,18,0,4,0,0,4,0,22,0,0,22,0,0,0,22
01/10/2020,SAW,MI,AGL,CE,Federal Contract Tower,0,20,1,0,21,0,1,4,2,7,0,21,5,2,28,0,0,0,28
01/11/2020,SAW,MI,AGL,CE,Federal Contract Tower,0,8,0,0,8,0,0,0,0,0,0,8,0,0,8,0,0,0,8
01/12/2020,SAW,MI,AGL,CE,Federal Contract Tower,0,7,1,0,8,0,2,0,0,2,0,9,1,0,10,0,0,0,10
01/13/2020,SAW,MI,AGL,CE,Federal Contract Tower,3,15,2,0,20,2,6,4,0,12,5,21,6,0,32,30,0,30,62
01/14/2020,SAW,MI,AGL,CE,Federal Contract Tower,0,20,2,0,22,0,2,5,0,7,0,22,7,0,29,34,0,34,63
01/15/2020,SAW,MI,AGL,CE,Federal Contract Tower,0,14,0,0,14,0,2,0,0,2,0,16,0,0,16,0,0,0,16
01/16/2020,SAW,MI,AGL,CE,Federal Contract Tower,0,16,0,0,16,1,1,4,0,6,1,17,4,0,22,0,0,0,22
01/17/2020,SAW,MI,AGL,CE,Federal Contract Tower,0,18,1,0,19,0,1,11,2,14,0,19,12,2,33,18,0,18,51
01/18/2020,SAW,MI,AGL,CE,Federal Contract Tower,0,3,0,0,3,0,0,0,0,0,0,3,0,0,3,0,0,0,3
01/19/2020,SAW,MI,AGL,CE,Federal Contract Tower,0,4,1,0,5,0,2,0,0,2,0,6,1,0,7,0,0,0,7
01/20/2020,SAW,MI,AGL,CE,Federal Contract Tower,0,17,0,0,17,0,2,7,0,9,0,19,7,0,26,12,0,12,38
01/21/2020,SAW,MI,AGL,CE,Federal Contract Tower,0,16,1,0,17,0,4,7,0,11,0,20,8,0,28,4,0,4,32
01/22/2020,SAW,MI,AGL,CE,Federal Contract Tower,0,21,1,0,22,0,2,0,0,2,0,23,1,0,24,0,0,0,24
01/23/2020,SAW,MI,AGL,CE,Federal Contract Tower,0,16,1,0,17,0,1,0,0,1,0,17,1,0,18,0,0,0,18
01/24/2020,SAW,MI,AGL,CE,Federal Contract Tower,0,16,1,0,17,0,1,0,0,1,0,17,1,0,18,0,0,0,18
01/25/2020,SAW,MI,AGL,CE,Federal Contract Tower,0,8,0,0,8,0,0,0,0,0,0,8,0,0,8,0,0,0,8
01/26/2020,SAW,MI,AGL,CE,Federal Contract Tower,0,9,0,0,9,0,2,0,0,2,0,11,0,0,11,0,0,0,11
01/27/2020,SAW,MI,AGL,CE,Federal Contract Tower,0,14,0,0,14,0,3,2,0,5,0,17,2,0,19,14,0,14,33
01/28/2020,SAW,MI,AGL,CE,Federal Contract Tower,0,20,2,0,22,0,2,0,0,2,0,22,2,0,24,1,0,1,25
01/29/2020,SAW,MI,AGL,CE,Federal Contract Tower,0,20,3,0,23,1,1,0,0,2,1,21,3,0,25,0,0,0,25
01/30/2020,SAW,MI,AGL,CE,Federal Contract Tower,0,19,0,2,21,0,2,0,0,2,0,21,0,2,23,0,0,0,23
01/31/2020,SAW,MI,AGL,CE,Federal Contract Tower,0,16,3,0,19,0,3,0,0,3,0,19,3,0,22,0,0,0,22
02/01/2020,SAW,MI,AGL,CE,Federal Contract Tower,0,10,1,0,11,0,1,5,0,6,0,11,6,0,17,36,0,36,53
02/02/2020,SAW,MI,AGL,CE,Federal Contract Tower,0,10,6,0,16,0,2,0,0,2,0,12,6,0,18,0,0,0,18
02/03/2020,SAW,MI,AGL,CE,Federal Contract Tower,0,17,4,0,21,0,3,6,0,9,0,20,10,0,30,20,0,20,50
02/04/2020,SAW,MI,AGL,CE,Federal Contract Tower,0,13,0,0,13,0,2,19,0,21,0,15,19,0,34,46,0,46,80
02/05/2020,SAW,MI,AGL,CE,Federal Contract Tower,0,16,0,0,16,1,1,5,0,7,1,17,5,0,23,4,0,4,27
02/06/2020,SAW,MI,AGL,CE,Federal Contract Tower,0,12,6,0,18,1,1,14,0,16,1,13,20,0,34,10,0,10,44
02/07/2020,SAW,MI,AGL,CE,Federal Contract Tower,0,17,0,0,17,0,14,0,0,14,0,31,0,0,31,0,0,0,31
02/08/2020,SAW,MI,AGL,CE,Federal Contract Tower,0,10,2,0,12,8,0,4,0,12,8,10,6,0,24,12,0,12,36
02/09/2020,SAW,MI,AGL,CE,Federal Contract Tower,0,7,0,0,7,0,2,2,0,4,0,9,2,0,11,0,0,0,11
02/10/2020,SAW,MI,AGL,CE,Federal Contract Tower,3,12,0,1,16,0,5,5,0,10,3,17,5,1,26,16,0,16,42
02/11/2020,SAW,MI,AGL,CE,Federal Contract Tower,0,19,0,0,19,0,2,2,1,5,0,21,2,1,24,0,0,0,24
02/12/2020,SAW,MI,AGL,CE,Federal Contract Tower,0,27,2,0,29,0,10,2,1,13,0,37,4,1,42,0,0,0,42
02/13/2020,SAW,MI,AGL,CE,Federal Contract Tower,0,16,1,0,17,4,5,0,2,11,4,21,1,2,28,0,0,0,28
02/14/2020,SAW,MI,AGL,CE,Federal Contract Tower,2,16,6,0,24,1,2,2,4,9,3,18,8,4,33,0,0,0,33
02/15/2020,SAW,MI,AGL,CE,Federal Contract Tower,0,8,5,0,13,0,0,0,0,0,0,8,5,0,13,0,0,0,13
02/16/2020,SAW,MI,AGL,CE,Federal Contract Tower,0,8,0,0,8,0,1,3,0,4,0,9,3,0,12,0,0,0,12
02/17/2020,SAW,MI,AGL,CE,Federal Contract Tower,0,14,2,0,16,0,4,0,0,4,0,18,2,0,20,0,0,0,20
02/18/2020,SAW,MI,AGL,CE,Federal Contract Tower,0,13,3,0,16,0,2,0,0,2,0,15,3,0,18,0,0,0,18
02/19/2020,SAW,MI,AGL,CE,Federal Contract Tower,1,17,1,0,19,2,1,0,2,5,3,18,1,2,24,0,0,0,24
02/20/2020,SAW,MI,AGL,CE,Federal Contract Tower,0,18,2,0,20,0,2,9,0,11,0,20,11,0,31,16,0,16,47
02/21/2020,SAW,MI,AGL,CE,Federal Contract Tower,0,13,1,0,14,0,3,3,2,8,0,16,4,2,22,0,0,0,22
02/22/2020,SAW,MI,AGL,CE,Federal Contract Tower,0,11,2,0,13,0,0,18,11,29,0,11,20,11,42,22,34,56,98
02/23/2020,SAW,MI,AGL,CE,Federal Contract Tower,0,6,0,0,6,1,1,9,0,11,1,7,9,0,17,0,0,0,17
02/24/2020,SAW,MI,AGL,CE,Federal Contract Tower,0,9,3,0,12,0,3,14,2,19,0,12,17,2,31,0,4,4,35
02/25/2020,SAW,MI,AGL,CE,Federal Contract Tower,0,16,0,2,18,0,3,0,2,5,0,19,0,4,23,0,0,0,23
02/26/2020,SAW,MI,AGL,CE,Federal Contract Tower,0,18,1,1,20,0,2,0,0,2,0,20,1,1,22,0,0,0,22
02/27/2020,SAW,MI,AGL,CE,Federal Contract Tower,0,17,0,0,17,0,2,0,0,2,0,19,0,0,19,0,0,0,19
02/28/2020,SAW,MI,AGL,CE,Federal Contract Tower,0,16,2,2,20,0,2,2,3,7,0,18,4,5,27,0,0,0,27
02/29/2020,SAW,MI,AGL,CE,Federal Contract Tower,0,8,2,0,10,0,0,7,4,11,0,8,9,4,21,16,0,16,37
03/01/2020,SAW,MI,AGL,CE,Federal Contract Tower,0,10,2,0,12,0,2,4,0,6,0,12,6,0,18,0,0,0,18
03/02/2020,SAW,MI,AGL,CE,Federal Contract Tower,0,17,3,0,20,0,2,2,4,8,0,19,5,4,28,8,0,8,36
03/03/2020,SAW,MI,AGL,CE,Federal Contract Tower,0,15,2,0,17,0,2,0,2,4,0,17,2,2,21,0,2,2,23
03/04/2020,SAW,MI,AGL,CE,Federal Contract Tower,0,27,3,0,30,1,1,1,20,23,1,28,4,20,53,0,54,54,107
03/05/2020,SAW,MI,AGL,CE,Federal Contract Tower,0,16,1,0,17,0,1,0,0,1,0,17,1,0,18,0,0,0,18
03/06/2020,SAW,MI,AGL,CE,Federal Contract Tower,0,22,1,0,23,0,4,1,0,5,0,26,2,0,28,0,0,0,28
03/07/2020,SAW,MI,AGL,CE,Federal Contract Tower,0,10,3,0,13,0,0,18,15,33,0,10,21,15,46,16,50,66,112
03/08/2020,SAW,MI,AGL,CE,Federal Contract Tower,0,8,1,0,9,0,2,13,0,15,0,10,14,0,24,14,0,14,38
03/09/2020,SAW,MI,AGL,CE,Federal Contract Tower,0,10,3,0,13,0,2,0,0,2,0,12,3,0,15,0,0,0,15
03/10/2020,SAW,MI,AGL,CE,Federal Contract Tower,0,15,1,0,16,0,2,7,20,29,0,17,8,20,45,20,56,76,121
03/11/2020,SAW,MI,AGL,CE,Federal Contract Tower,0,20,3,0,23,0,2,0,0,2,0,22,3,0,25,0,0,0,25
03/12/2020,SAW,MI,AGL,CE,Federal Contract Tower,0,18,2,0,20,0,1,0,0,1,0,19,2,0,21,0,0,0,21
03/13/2020,SAW,MI,AGL,CE,Federal Contract Tower,0,14,0,0,14,0,2,0,0,2,0,16,0,0,16,0,0,0,16
03/14/2020,SAW,MI,AGL,CE,Federal Contract Tower,0,12,5,0,17,6,0,0,0,6,6,12,5,0,23,0,0,0,23
03/15/2020,SAW,MI,AGL,CE,Federal Contract Tower,0,5,0,0,5,0,1,18,0,19,0,6,18,0,24,10,0,10,34
03/17/2020,SAW,MI,AGL,CE,Federal Contract Tower,0,16,0,1,17,0,4,13,0,17,0,20,13,1,34,18,0,18,52
03/18/2020,SAW,MI,AGL,CE,Federal Contract Tower,2,18,0,0,20,2,2,9,0,13,4,20,9,0,33,26,0,26,59
03/19/2020,SAW,MI,AGL,CE,Federal Contract Tower,0,17,0,0,17,0,2,0,0,2,0,19,0,0,19,0,0,0,19
03/20/2020,SAW,MI,AGL,CE,Federal Contract Tower,0,10,0,0,10,0,1,0,0,1,0,11,0,0,11,0,0,0,11
03/21/2020,SAW,MI,AGL,CE,Federal Contract Tower,0,9,2,0,11,0,0,13,0,13,0,9,15,0,24,20,0,20,44
03/22/2020,SAW,MI,AGL,CE,Federal Contract Tower,0,5,7,0,12,0,0,7,0,7,0,5,14,0,19,6,0,6,25
03/23/2020,SAW,MI,AGL,CE,Federal Contract Tower,0,10,1,0,11,0,3,7,0,10,0,13,8,0,21,0,0,0,21
03/24/2020,SAW,MI,AGL,CE,Federal Contract Tower,0,15,2,0,17,0,2,10,0,12,0,17,12,0,29,18,0,18,47
03/25/2020,SAW,MI,AGL,CE,Federal Contract Tower,0,18,1,0,19,6,2,0,0,8,6,20,1,0,27,0,0,0,27
03/26/2020,SAW,MI,AGL,CE,Federal Contract Tower,0,13,0,0,13,0,5,0,0,5,0,18,0,0,18,0,0,0,18
03/27/2020,SAW,MI,AGL,CE,Federal Contract Tower,0,13,1,0,14,0,7,3,0,10,0,20,4,0,24,0,0,0,24
03/28/2020,SAW,MI,AGL,CE,Federal Contract Tower,0,19,0,0,19,0,0,2,0,2,0,19,2,0,21,0,0,0,21
03/29/2020,SAW,MI,AGL,CE,Federal Contract Tower,0,8,1,0,9,0,1,0,0,1,0,9,1,0,10,0,0,0,10
03/30/2020,SAW,MI,AGL,CE,Federal Contract Tower,0,17,0,0,17,0,3,4,0,7,0,20,4,0,24,0,0,0,24
03/31/2020,SAW,MI,AGL,CE,Federal Contract Tower,0,18,2,0,20,0,2,0,0,2,0,20,2,0,22,0,0,0,22
04/01/2020,SAW,MI,AGL,CE,Federal Contract Tower,0,18,0,0,18,0,7,2,0,9,0,25,2,0,27,0,0,0,27
04/02/2020,SAW,MI,AGL,CE,Federal Contract Tower,0,20,1,0,21,0,1,8,0,9,0,21,9,0,30,0,0,0,30
04/03/2020,SAW,MI,AGL,CE,Federal Contract Tower,0,10,0,0,10,0,2,7,0,9,0,12,7,0,19,0,0,0,19
04/04/2020,SAW,MI,AGL,CE,Federal Contract Tower,3,10,0,0,13,0,0,1,0,1,3,10,1,0,14,0,0,0,14
04/05/2020,SAW,MI,AGL,CE,Federal Contract Tower,0,4,0,0,4,0,1,12,0,13,0,5,12,0,17,4,0,4,21
04/06/2020,SAW,MI,AGL,CE,Federal Contract Tower,0,8,2,0,10,1,2,4,0,7,1,10,6,0,17,6,0,6,23
04/07/2020,SAW,MI,AGL,CE,Federal Contract Tower,0,13,0,0,13,2,3,2,0,7,2,16,2,0,20,0,0,0,20
04/08/2020,SAW,MI,AGL,CE,Federal Contract Tower,0,13,0,0,13,0,2,2,0,4,0,15,2,0,17,2,0,2,19
04/09/2020,SAW,MI,AGL,CE,Federal Contract Tower,0,14,0,0,14,0,4,0,0,4,0,18,0,0,18,0,0,0,18
04/10/2020,SAW,MI,AGL,CE,Federal Contract Tower,0,12,2,0,14,4,8,2,0,14,4,20,4,0,28,0,0,0,28
04/11/2020,SAW,MI,AGL,CE,Federal Contract Tower,0,9,1,0,10,0,0,8,0,8,0,9,9,0,18,6,0,6,24
04/12/2020,SAW,MI,AGL,CE,Federal Contract Tower,0,4,1,0,5,0,1,0,0,1,0,5,1,0,6,0,0,0,6
04/13/2020,SAW,MI,AGL,CE,Federal Contract Tower,0,5,0,0,5,0,1,0,0,1,0,6,0,0,6,0,0,0,6
04/14/2020,SAW,MI,AGL,CE,Federal Contract Tower,0,11,1,0,12,0,2,1,0,3,0,13,2,0,15,0,0,0,15
04/15/2020,SAW,MI,AGL,CE,Federal Contract Tower,0,16,1,0,17,0,2,0,0,2,0,18,1,0,19,0,0,0,19
04/16/2020,SAW,MI,AGL,CE,Federal Contract Tower,0,12,0,0,12,0,1,2,0,3,0,13,2,0,15,4,0,4,19
04/17/2020,SAW,MI,AGL,CE,Federal Contract Tower,0,12,0,0,12,0,4,8,0,12,0,16,8,0,24,20,0,20,44
04/18/2020,SAW,MI,AGL,CE,Federal Contract Tower,0,7,2,0,9,2,0,1,0,3,2,7,3,0,12,0,0,0,12
04/19/2020,SAW,MI,AGL,CE,Federal Contract Tower,0,5,1,0,6,0,1,6,0,7,0,6,7,0,13,12,0,12,25
04/20/2020,SAW,MI,AGL,CE,Federal Contract Tower,0,12,1,0,13,0,2,2,0,4,0,14,3,0,17,8,0,8,25
04/21/2020,SAW,MI,AGL,CE,Federal Contract Tower,0,14,0,0,14,0,2,7,0,9,0,16,7,0,23,0,0,0,23
04/22/2020,SAW,MI,AGL,CE,Federal Contract Tower,0,13,0,0,13,0,2,9,0,11,0,15,9,0,24,28,0,28,52
04/23/2020,SAW,MI,AGL,CE,Federal Contract Tower,0,15,2,0,17,0,2,14,0,16,0,17,16,0,33,0,0,0,33
04/24/2020,SAW,MI,AGL,CE,Federal Contract Tower,0,11,0,0,11,0,3,19,0,22,0,14,19,0,33,10,0,10,43
04/25/2020,SAW,MI,AGL,CE,Federal Contract Tower,4,11,0,0,15,0,0,14,0,14,4,11,14,0,29,44,0,44,73
04/26/2020,SAW,MI,AGL,CE,Federal Contract Tower,0,5,1,0,6,0,5,17,0,22,0,10,18,0,28,8,0,8,36
04/27/2020,SAW,MI,AGL,CE,Federal Contract Tower,0,10,0,0,10,0,7,7,0,14,0,17,7,0,24,0,0,0,24
04/28/2020,SAW,MI,AGL,CE,Federal Contract Tower,0,16,0,0,16,0,6,0,0,6,0,22,0,0,22,0,0,0,22
04/29/2020,SAW,MI,AGL,CE,Federal Contract Tower,0,15,0,0,15,0,2,0,0,2,0,17,0,0,17,0,0,0,17
04/30/2020,SAW,MI,AGL,CE,Federal Contract Tower,0,12,0,0,12,0,2,6,0,8,0,14,6,0,20,2,0,2,22
05/01/2020,SAW,MI,AGL,CE,Federal Contract Tower,0,11,0,0,11,0,1,26,0,27,0,12,26,0,38,46,0,46,84
05/02/2020,SAW,MI,AGL,CE,Federal Contract Tower,0,3,0,0,3,0,0,8,0,8,0,3,8,0,11,8,0,8,19
05/03/2020,SAW,MI,AGL,CE,Federal Contract Tower,0,4,0,0,4,0,2,0,0,2,0,6,0,0,6,0,0,0,6
05/04/2020,SAW,MI,AGL,CE,Federal Contract Tower,0,10,1,0,11,0,2,5,0,7,0,12,6,0,18,14,0,14,32
05/05/2020,SAW,MI,AGL,CE,Federal Contract Tower,0,11,0,0,11,0,0,18,0,18,0,11,18,0,29,48,0,48,77
05/06/2020,SAW,MI,AGL,CE,Federal Contract Tower,0,12,2,2,16,0,14,36,0,50,0,26,38,2,66,86,0,86,152
05/07/2020,SAW,MI,AGL,CE,Federal Contract Tower,0,15,1,2,18,0,4,4,0,8,0,19,5,2,26,4,0,4,30
05/08/2020,SAW,MI,AGL,CE,Federal Contract Tower,0,14,0,0,14,0,4,0,0,4,0,18,0,0,18,0,0,0,18
05/09/2020,SAW,MI,AGL,CE,Federal Contract Tower,0,8,2,0,10,0,6,16,2,24,0,14,18,2,34,68,0,68,102
05/10/2020,SAW,MI,AGL,CE,Federal Contract Tower,0,4,0,0,4,0,2,4,0,6,0,6,4,0,10,0,0,0,10
05/11/2020,SAW,MI,AGL,CE,Federal Contract Tower,0,11,0,0,11,0,2,18,0,20,0,13,18,0,31,22,0,22,53
05/12/2020,SAW,MI,AGL,CE,Federal Contract Tower,0,9,0,0,9,0,0,18,6,24,0,9,18,6,33,40,0,40,73
05/13/2020,SAW,MI,AGL,CE,Federal Contract Tower,0,18,0,0,18,12,1,22,0,35,12,19,22,0,53,38,0,38,91
05/14/2020,SAW,MI,AGL,CE,Federal Contract Tower,0,16,2,2,20,0,2,0,0,2,0,18,2,2,22,0,0,0,22
05/15/2020,SAW,MI,AGL,CE,Federal Contract Tower,0,16,0,2,18,0,1,9,0,10,0,17,9,2,28,4,0,4,32
05/16/2020,SAW,MI,AGL,CE,Federal Contract Tower,0,7,0,0,7,0,1,17,0,18,0,8,17,0,25,74,0,74,99
05/17/2020,SAW,MI,AGL,CE,Federal Contract Tower,0,4,0,0,4,0,2,7,0,9,0,6,7,0,13,12,0,12,25
05/18/2020,SAW,MI,AGL,CE,Federal Contract Tower,0,10,0,0,10,0,1,6,0,7,0,11,6,0,17,8,0,8,25
05/19/2020,SAW,MI,AGL,CE,Federal Contract Tower,1,10,1,0,12,0,10,38,0,48,1,20,39,0,60,82,0,82,142
05/20/2020,SAW,MI,AGL,CE,Federal Contract Tower,0,14,9,0,23,0,1,35,0,36,0,15,44,0,59,54,0,54,113
05/21/2020,SAW,MI,AGL,CE,Federal Contract Tower,0,12,6,0,18,0,0,11,0,11,0,12,17,0,29,8,0,8,37
05/22/2020,SAW,MI,AGL,CE,Federal Contract Tower,0,13,2,0,15,0,1,16,0,17,0,14,18,0,32,36,0,36,68
05/23/2020,SAW,MI,AGL,CE,Federal Contract Tower,0,6,5,0,11,0,1,15,0,16,0,7,20,0,27,24,0,24,51
05/24/2020,SAW,MI,AGL,CE,Federal Contract Tower,0,6,1,0,7,0,0,8,0,8,0,6,9,0,15,12,0,12,27
05/25/2020,SAW,MI,AGL,CE,Federal Contract Tower,0,4,3,0,7,0,0,3,0,3,0,4,6,0,10,4,0,4,14
05/26/2020,SAW,MI,AGL,CE,Federal Contract Tower,0,8,2,0,10,0,8,25,0,33,0,16,27,0,43,12,0,12,55
05/27/2020,SAW,MI,AGL,CE,Federal Contract Tower,0,14,0,1,15,0,1,10,9,20,0,15,10,10,35,62,0,62,97
05/28/2020,SAW,MI,AGL,CE,Federal Contract Tower,0,19,0,0,19,0,1,2,0,3,0,20,2,0,22,0,0,0,22
05/29/2020,SAW,MI,AGL,CE,Federal Contract Tower,0,11,4,0,15,0,1,17,0,18,0,12,21,0,33,24,0,24,57
05/30/2020,SAW,MI,AGL,CE,Federal Contract Tower,0,3,0,0,3,0,1,11,0,12,0,4,11,0,15,6,0,6,21
05/31/2020,SAW,MI,AGL,CE,Federal Contract Tower,0,7,4,0,11,0,1,14,0,15,0,8,18,0,26,10,0,10,36
06/01/2020,SAW,MI,AGL,CE,Federal Contract Tower,0,11,2,0,13,0,0,9,0,9,0,11,11,0,22,18,0,18,40
06/02/2020,SAW,MI,AGL,CE,Federal Contract Tower,0,12,2,0,14,0,0,13,0,13,0,12,15,0,27,34,0,34,61
06/03/2020,SAW,MI,AGL,CE,Federal Contract Tower,0,17,5,0,22,0,2,27,0,29,0,19,32,0,51,42,0,42,93
06/04/2020,SAW,MI,AGL,CE,Federal Contract Tower,0,13,0,0,13,0,2,19,0,21,0,15,19,0,34,42,0,42,76
06/05/2020,SAW,MI,AGL,CE,Federal Contract Tower,0,12,10,0,22,0,2,21,0,23,0,14,31,0,45,8,0,8,53
06/06/2020,SAW,MI,AGL,CE,Federal Contract Tower,0,3,11,0,14,0,0,10,0,10,0,3,21,0,24,10,0,10,34
06/07/2020,SAW,MI,AGL,CE,Federal Contract Tower,0,6,7,0,13,0,2,14,0,16,0,8,21,0,29,10,0,10,39
06/08/2020,SAW,MI,AGL,CE,Federal Contract Tower,0,11,1,0,12,0,0,3,0,3,0,11,4,0,15,0,0,0,15
06/09/2020,SAW,MI,AGL,CE,Federal Contract Tower,0,14,0,0,14,0,1,15,0,16,0,15,15,0,30,6,0,6,36
06/10/2020,SAW,MI,AGL,CE,Federal Contract Tower,0,12,0,0,12,0,0,0,0,0,0,12,0,0,12,0,0,0,12
06/11/2020,SAW,MI,AGL,CE,Federal Contract Tower,0,16,0,0,16,0,0,0,0,0,0,16,0,0,16,0,0,0,16
06/12/2020,SAW,MI,AGL,CE,Federal Contract Tower,0,18,6,0,24,0,1,5,0,6,0,19,11,0,30,10,0,10,40
06/13/2020,SAW,MI,AGL,CE,Federal Contract Tower,0,4,3,0,7,0,1,24,0,25,0,5,27,0,32,26,0,26,58
06/14/2020,SAW,MI,AGL,CE,Federal Contract Tower,0,9,0,1,10,0,0,28,1,29,0,9,28,2,39,12,0,12,51
06/15/2020,SAW,MI,AGL,CE,Federal Contract Tower,0,10,2,0,12,0,1,16,0,17,0,11,18,0,29,28,0,28,57
06/16/2020,SAW,MI,AGL,CE,Federal Contract Tower,0,11,0,0,11,0,1,14,0,15,0,12,14,0,26,42,0,42,68
06/17/2020,SAW,MI,AGL,CE,Federal Contract Tower,0,12,0,0,12,0,0,14,0,14,0,12,14,0,26,14,0,14,40
06/18/2020,SAW,MI,AGL,CE,Federal Contract Tower,0,20,0,0,20,0,0,19,0,19,0,20,19,0,39,42,0,42,81
06/19/2020,SAW,MI,AGL,CE,Federal Contract Tower,0,13,2,0,15,0,2,15,0,17,0,15,17,0,32,16,0,16,48
06/20/2020,SAW,MI,AGL,CE,Federal Contract Tower,0,6,2,0,8,0,1,0,0,1,0,7,2,0,9,0,0,0,9
06/21/2020,SAW,MI,AGL,CE,Federal Contract Tower,0,5,0,0,5,0,1,18,0,19,0,6,18,0,24,10,0,10,34
06/22/2020,SAW,MI,AGL,CE,Federal Contract Tower,0,13,0,0,13,0,1,11,0,12,0,14,11,0,25,12,0,12,37
06/23/2020,SAW,MI,AGL,CE,Federal Contract Tower,0,25,0,0,25,0,2,7,0,9,0,27,7,0,34,0,0,0,34
06/24/2020,SAW,MI,AGL,CE,Federal Contract Tower,0,13,0,0,13,0,11,19,0,30,0,24,19,0,43,38,0,38,81
06/25/2020,SAW,MI,AGL,CE,Federal Contract Tower,0,14,0,4,18,0,0,48,2,50,0,14,48,6,68,108,8,116,184
06/26/2020,SAW,MI,AGL,CE,Federal Contract Tower,0,13,5,0,18,0,0,21,0,21,0,13,26,0,39,42,0,42,81
06/27/2020,SAW,MI,AGL,CE,Federal Contract Tower,0,9,6,0,15,0,2,38,0,40,0,11,44,0,55,64,0,64,119
06/28/2020,SAW,MI,AGL,CE,Federal Contract Tower,0,12,1,0,13,0,0,45,0,45,0,12,46,0,58,62,0,62,120
06/29/2020,SAW,MI,AGL,CE,Federal Contract Tower,0,13,6,0,19,0,1,12,0,13,0,14,18,0,32,2,0,2,34
06/30/2020,SAW,MI,AGL,CE,Federal Contract Tower,0,12,0,0,12,0,2,20,0,22,0,14,20,0,34,44,0,44,78
07/01/2020,SAW,MI,AGL,CE,Federal Contract Tower,0,19,1,8,28,0,0,32,6,38,0,19,33,14,66,98,0,98,164
07/02/2020,SAW,MI,AGL,CE,Federal Contract Tower,0,18,4,0,22,0,1,21,0,22,0,19,25,0,44,26,0,26,70
07/03/2020,SAW,MI,AGL,CE,Federal Contract Tower,0,22,6,0,28,0,1,18,2,21,0,23,24,2,49,26,0,26,75
07/04/2020,SAW,MI,AGL,CE,Federal Contract Tower,0,5,1,0,6,0,0,12,0,12,0,5,13,0,18,16,0,16,34
07/05/2020,SAW,MI,AGL,CE,Federal Contract Tower,1,16,2,0,19,0,1,15,0,16,1,17,17,0,35,30,0,30,65
07/06/2020,SAW,MI,AGL,CE,Federal Contract Tower,0,19,3,0,22,0,1,6,0,7,0,20,9,0,29,0,0,0,29
07/07/2020,SAW,MI,AGL,CE,Federal Contract Tower,0,23,3,2,28,0,0,20,0,20,0,23,23,2,48,80,0,80,128
07/08/2020,SAW,MI,AGL,CE,Federal Contract Tower,0,27,3,0,30,0,0,14,0,14,0,27,17,0,44,58,0,58,102
07/09/2020,SAW,MI,AGL,CE,Federal Contract Tower,0,21,2,0,23,0,2,11,0,13,0,23,13,0,36,30,0,30,66
07/10/2020,SAW,MI,AGL,CE,Federal Contract Tower,0,22,5,0,27,0,3,8,0,11,0,25,13,0,38,10,0,10,48
07/11/2020,SAW,MI,AGL,CE,Federal Contract Tower,0,10,3,0,13,0,0,19,0,19,0,10,22,0,32,20,0,20,52
07/12/2020,SAW,MI,AGL,CE,Federal Contract Tower,0,13,2,0,15,0,2,11,0,13,0,15,13,0,28,4,0,4,32
07/13/2020,SAW,MI,AGL,CE,Federal Contract Tower,0,14,0,0,14,0,3,18,0,21,0,17,18,0,35,0,0,0,35
07/14/2020,SAW,MI,AGL,CE,Federal Contract Tower,0,17,0,0,17,0,1,0,0,1,0,18,0,0,18,0,0,0,18
07/15/2020,SAW,MI,AGL,CE,Federal Contract Tower,0,22,4,0,26,0,1,7,0,8,0,23,11,0,34,6,0,6,40
07/16/2020,SAW,MI,AGL,CE,Federal Contract Tower,0,19,1,0,20,0,1,19,0,20,0,20,20,0,40,82,0,82,122
07/17/2020,SAW,MI,AGL,CE,Federal Contract Tower,0,16,1,0,17,0,2,14,0,16,0,18,15,0,33,0,0,0,33
07/18/2020,SAW,MI,AGL,CE,Federal Contract Tower,0,8,2,0,10,0,0,6,0,6,0,8,8,0,16,0,0,0,16
07/19/2020,SAW,MI,AGL,CE,Federal Contract Tower,0,9,2,0,11,0,1,4,0,5,0,10,6,0,16,0,0,0,16
07/20/2020,SAW,MI,AGL,CE,Federal Contract Tower,0,16,3,0,19,0,1,8,0,9,0,17,11,0,28,16,0,16,44
07/21/2020,SAW,MI,AGL,CE,Federal Contract Tower,0,20,1,0,21,0,5,14,0,19,0,25,15,0,40,54,0,54,94
07/22/2020,SAW,MI,AGL,CE,Federal Contract Tower,0,22,4,2,28,0,2,0,0,2,0,24,4,2,30,0,0,0,30
07/23/2020,SAW,MI,AGL,CE,Federal Contract Tower,0,21,10,5,36,0,1,47,8,56,0,22,57,13,92,50,14,64,156
07/24/2020,SAW,MI,AGL,CE,Federal Contract Tower,2,16,4,0,22,0,1,22,0,23,2,17,26,0,45,10,0,10,55
07/25/2020,SAW,MI,AGL,CE,Federal Contract Tower,0,11,10,0,21,0,0,15,0,15,0,11,25,0,36,0,0,0,36
07/26/2020,SAW,MI,AGL,CE,Federal Contract Tower,0,9,3,0,12,0,1,2,0,3,0,10,5,0,15,0,0,0,15
07/27/2020,SAW,MI,AGL,CE,Federal Contract Tower,0,22,2,0,24,0,3,15,0,18,0,25,17,0,42,6,0,6,48
07/28/2020,SAW,MI,AGL,CE,Federal Contract Tower,0,21,8,0,29,0,1,12,0,13,0,22,20,0,42,6,0,6,48
07/29/2020,SAW,MI,AGL,CE,Federal Contract Tower,0,24,7,9,40,0,3,32,2,37,0,27,39,11,77,80,10,90,167
07/30/2020,SAW,MI,AGL,CE,Federal Contract Tower,0,25,7,0,32,0,1,16,0,17,0,26,23,0,49,2,0,2,51
07/31/2020,SAW,MI,AGL,CE,Federal Contract Tower,0,22,7,1,30,0,8,36,1,45,0,30,43,2,75,80,22,102,177
08/01/2020,SAW,MI,AGL,CE,Federal Contract Tower,0,15,1,0,16,0,0,26,0,26,0,15,27,0,42,108,0,108,150
08/02/2020,SAW,MI,AGL,CE,Federal Contract Tower,0,8,3,0,11,0,0,0,0,0,0,8,3,0,11,0,0,0,11
08/03/2020,SAW,MI,AGL,CE,Federal Contract Tower,0,16,4,0,20,0,5,25,0,30,0,21,29,0,50,56,0,56,106
08/04/2020,SAW,MI,AGL,CE,Federal Contract Tower,0,26,3,0,29,0,1,25,0,26,0,27,28,0,55,94,0,94,149
08/05/2020,SAW,MI,AGL,CE,Federal Contract Tower,0,23,2,0,25,0,2,16,0,18,0,25,18,0,43,40,0,40,83
08/06/2020,SAW,MI,AGL,CE,Federal Contract Tower,1,19,7,0,27,0,1,13,0,14,1,20,20,0,41,32,0,32,73
08/07/2020,SAW,MI,AGL,CE,Federal Contract Tower,0,21,5,0,26,0,3,29,0,32,0,24,34,0,58,46,0,46,104
08/08/2020,SAW,MI,AGL,CE,Federal Contract Tower,2,11,2,0,15,0,1,0,0,1,2,12,2,0,16,0,0,0,16
08/09/2020,SAW,MI,AGL,CE,Federal Contract Tower,0,9,9,0,18,0,1,11,0,12,0,10,20,0,30,20,0,20,50
08/10/2020,SAW,MI,AGL,CE,Federal Contract Tower,0,16,0,1,17,0,1,4,0,5,0,17,4,1,22,0,0,0,22
08/11/2020,SAW,MI,AGL,CE,Federal Contract Tower,0,22,1,0,23,0,2,25,0,27,0,24,26,0,50,42,0,42,92
08/12/2020,SAW,MI,AGL,CE,Federal Contract Tower,0,32,1,0,33,0,1,25,0,26,0,33,26,0,59,20,0,20,79
08/13/2020,SAW,MI,AGL,CE,Federal Contract Tower,0,19,1,0,20,0,1,51,0,52,0,20,52,0,72,92,0,92,164
08/14/2020,SAW,MI,AGL,CE,Federal Contract Tower,0,20,1,0,21,0,2,20,0,22,0,22,21,0,43,28,0,28,71
08/15/2020,SAW,MI,AGL,CE,Federal Contract Tower,0,14,3,0,17,0,2,12,0,14,0,16,15,0,31,2,0,2,33
08/16/2020,SAW,MI,AGL,CE,Federal Contract Tower,0,15,4,0,19,0,1,30,0,31,0,16,34,0,50,48,0,48,98
08/17/2020,SAW,MI,AGL,CE,Federal Contract Tower,0,17,1,1,19,0,2,12,1,15,0,19,13,2,34,30,0,30,64
08/18/2020,SAW,MI,AGL,CE,Federal Contract Tower,0,25,11,0,36,0,2,24,0,26,0,27,35,0,62,30,0,30,92
08/19/2020,SAW,MI,AGL,CE,Federal Contract Tower,3,22,2,0,27,0,0,9,0,9,3,22,11,0,36,24,0,24,60
08/20/2020,SAW,MI,AGL,CE,Federal Contract Tower,1,24,4,0,29,4,1,4,0,9,5,25,8,0,38,24,0,24,62
08/21/2020,SAW,MI,AGL,CE,Federal Contract Tower,0,27,4,2,33,0,6,3,0,9,0,33,7,2,42,0,0,0,42
08/22/2020,SAW,MI,AGL,CE,Federal Contract Tower,0,18,2,0,20,0,0,16,0,16,0,18,18,0,36,44,0,44,80
08/23/2020,SAW,MI,AGL,CE,Federal Contract Tower,0,11,2,0,13,0,1,8,0,9,0,12,10,0,22,0,0,0,22
08/24/2020,SAW,MI,AGL,CE,Federal Contract Tower,0,29,3,0,32,0,2,6,2,10,0,31,9,2,42,24,0,24,66
08/25/2020,SAW,MI,AGL,CE,Federal Contract Tower,0,20,1,1,22,0,2,35,3,40,0,22,36,4,62,12,0,12,74
08/26/2020,SAW,MI,AGL,CE,Federal Contract Tower,0,27,0,0,27,0,0,0,0,0,0,27,0,0,27,0,0,0,27
08/27/2020,SAW,MI,AGL,CE,Federal Contract Tower,1,25,3,0,29,2,0,28,8,38,3,25,31,8,67,40,0,40,107
08/28/2020,SAW,MI,AGL,CE,Federal Contract Tower,0,22,1,0,23,0,1,2,0,3,0,23,3,0,26,0,0,0,26
08/29/2020,SAW,MI,AGL,CE,Federal Contract Tower,0,13,4,0,17,0,0,9,0,9,0,13,13,0,26,0,0,0,26
08/30/2020,SAW,MI,AGL,CE,Federal Contract Tower,0,13,1,0,14,0,1,14,0,15,0,14,15,0,29,10,0,10,39
08/31/2020,SAW,MI,AGL,CE,Federal Contract Tower,0,18,3,0,21,0,2,4,0,6,0,20,7,0,27,0,0,0,27
09/01/2020,SAW,MI,AGL,CE,Federal Contract Tower,0,25,7,0,32,0,1,15,0,16,0,26,22,0,48,8,0,8,56
09/02/2020,SAW,MI,AGL,CE,Federal Contract Tower,0,24,4,0,28,0,2,15,0,17,0,26,19,0,45,14,0,14,59
09/03/2020,SAW,MI,AGL,CE,Federal Contract Tower,0,22,3,0,25,0,1,0,0,1,0,23,3,0,26,0,0,0,26
09/04/2020,SAW,MI,AGL,CE,Federal Contract Tower,0,19,6,0,25,0,1,10,0,11,0,20,16,0,36,0,0,0,36
09/05/2020,SAW,MI,AGL,CE,Federal Contract Tower,0,9,0,0,9,0,0,37,0,37,0,9,37,0,46,26,0,26,72
09/06/2020,SAW,MI,AGL,CE,Federal Contract Tower,0,6,9,0,15,0,0,6,0,6,0,6,15,0,21,0,0,0,21
09/07/2020,SAW,MI,AGL,CE,Federal Contract Tower,0,12,6,0,18,0,0,4,0,4,0,12,10,0,22,0,0,0,22
09/08/2020,SAW,MI,AGL,CE,Federal Contract Tower,0,20,9,0,29,0,1,16,0,17,0,21,25,0,46,36,0,36,82
09/09/2020,SAW,MI,AGL,CE,Federal Contract Tower,0,23,0,0,23,0,0,4,0,4,0,23,4,0,27,2,0,2,29
09/10/2020,SAW,MI,AGL,CE,Federal Contract Tower,0,24,3,0,27,0,0,25,0,25,0,24,28,0,52,96,0,96,148
09/11/2020,SAW,MI,AGL,CE,Federal Contract Tower,0,19,12,0,31,0,1,17,0,18,0,20,29,0,49,34,0,34,83
09/12/2020,SAW,MI,AGL,CE,Federal Contract Tower,0,9,8,0,17,0,1,0,0,1,0,10,8,0,18,0,0,0,18
09/13/2020,SAW,MI,AGL,CE,Federal Contract Tower,0,9,4,0,13,0,0,3,0,3,0,9,7,0,16,0,0,0,16
09/14/2020,SAW,MI,AGL,CE,Federal Contract Tower,0,22,3,0,25,0,1,14,0,15,0,23,17,0,40,36,0,36,76
09/15/2020,SAW,MI,AGL,CE,Federal Contract Tower,0,14,4,0,18,0,2,11,0,13,0,16,15,0,31,0,0,0,31
09/16/2020,SAW,MI,AGL,CE,Federal Contract Tower,0,22,5,8,35,0,0,15,2,17,0,22,20,10,52,38,4,42,94
09/17/2020,SAW,MI,AGL,CE,Federal Contract Tower,0,17,4,0,21,0,2,27,0,29,0,19,31,0,50,34,0,34,84
09/18/2020,SAW,MI,AGL,CE,Federal Contract Tower,0,21,3,2,26,0,1,21,0,22,0,22,24,2,48,16,0,16,64
09/19/2020,SAW,MI,AGL,CE,Federal Contract Tower,0,11,1,0,12,0,0,7,0,7,0,11,8,0,19,0,0,0,19
09/20/2020,SAW,MI,AGL,CE,Federal Contract Tower,0,6,3,0,9,0,0,14,0,14,0,6,17,0,23,2,0,2,25
09/21/2020,SAW,MI,AGL,CE,Federal Contract Tower,0,22,0,0,22,0,1,2,0,3,0,23,2,0,25,0,0,0,25
09/22/2020,SAW,MI,AGL,CE,Federal Contract Tower,1,19,4,0,24,7,1,34,2,44,8,20,38,2,68,50,0,50,118
09/23/2020,SAW,MI,AGL,CE,Federal Contract Tower,2,27,3,0,32,0,7,33,0,40,2,34,36,0,72,42,0,42,114
09/24/2020,SAW,MI,AGL,CE,Federal Contract Tower,0,26,3,0,29,0,1,2,0,3,0,27,5,0,32,6,0,6,38
09/25/2020,SAW,MI,AGL,CE,Federal Contract Tower,0,18,7,0,25,0,0,3,0,3,0,18,10,0,28,0,0,0,28
09/26/2020,SAW,MI,AGL,CE,Federal Contract Tower,0,11,4,0,15,0,0,1,0,1,0,11,5,0,16,0,0,0,16
09/27/2020,SAW,MI,AGL,CE,Federal Contract Tower,0,13,6,0,19,0,1,6,0,7,0,14,12,0,26,6,0,6,32
09/28/2020,SAW,MI,AGL,CE,Federal Contract Tower,0,17,1,0,18,0,0,0,0,0,0,17,1,0,18,0,0,0,18
09/29/2020,SAW,MI,AGL,CE,Federal Contract Tower,0,15,6,0,21,0,1,0,0,1,0,16,6,0,22,0,0,0,22
09/30/2020,SAW,MI,AGL,CE,Federal Contract Tower,0,22,1,0,23,0,2,1,0,3,0,24,2,0,26,0,0,0,26
10/01/2020,SAW,MI,AGL,CE,Federal Contract Tower,0,14,0,0,14,0,0,0,0,0,0,14,0,0,14,0,0,0,14
10/02/2020,SAW,MI,AGL,CE,Federal Contract Tower,0,21,3,0,24,0,1,0,0,1,0,22,3,0,25,0,0,0,25
10/03/2020,SAW,MI,AGL,CE,Federal Contract Tower,0,14,1,0,15,0,0,13,0,13,0,14,14,0,28,32,0,32,60
10/04/2020,SAW,MI,AGL,CE,Federal Contract Tower,0,8,4,0,12,0,0,25,0,25,0,8,29,0,37,64,0,64,101
10/05/2020,SAW,MI,AGL,CE,Federal Contract Tower,0,12,1,0,13,0,0,7,0,7,0,12,8,0,20,2,0,2,22
10/06/2020,SAW,MI,AGL,CE,Federal Contract Tower,0,15,2,0,17,0,0,6,0,6,0,15,8,0,23,12,0,12,35
10/07/2020,SAW,MI,AGL,CE,Federal Contract Tower,0,15,7,0,22,0,3,2,0,5,0,18,9,0,27,0,0,0,27
10/08/2020,SAW,MI,AGL,CE,Federal Contract Tower,0,16,7,0,23,0,0,28,2,30,0,16,35,2,53,0,0,0,53
10/09/2020,SAW,MI,AGL,CE,Federal Contract Tower,0,12,2,0,14,0,1,7,0,8,0,13,9,0,22,0,0,0,22
10/10/2020,SAW,MI,AGL,CE,Federal Contract Tower,0,6,0,0,6,0,1,12,0,13,0,7,12,0,19,10,0,10,29
10/11/2020,SAW,MI,AGL,CE,Federal Contract Tower,0,9,5,0,14,0,0,20,0,20,0,9,25,0,34,8,0,8,42
10/12/2020,SAW,MI,AGL,CE,Federal Contract Tower,0,12,0,0,12,0,2,0,0,2,0,14,0,0,14,0,0,0,14
10/13/2020,SAW,MI,AGL,CE,Federal Contract Tower,0,21,0,0,21,0,0,10,0,10,0,21,10,0,31,10,0,10,41
10/14/2020,SAW,MI,AGL,CE,Federal Contract Tower,0,19,4,1,24,0,0,3,0,3,0,19,7,1,27,2,0,2,29
10/15/2020,SAW,MI,AGL,CE,Federal Contract Tower,0,20,0,0,20,0,0,2,0,2,0,20,2,0,22,6,0,6,28
10/16/2020,SAW,MI,AGL,CE,Federal Contract Tower,0,14,7,0,21,0,2,9,0,11,0,16,16,0,32,10,0,10,42
10/17/2020,SAW,MI,AGL,CE,Federal Contract Tower,1,10,1,0,12,1,0,0,0,1,2,10,1,0,13,0,0,0,13
10/18/2020,SAW,MI,AGL,CE,Federal Contract Tower,1,6,2,0,9,0,0,3,0,3,1,6,5,0,12,2,0,2,14
10/19/2020,SAW,MI,AGL,CE,Federal Contract Tower,0,17,0,0,17,0,0,10,0,10,0,17,10,0,27,30,0,30,57
10/20/2020,SAW,MI,AGL,CE,Federal Contract Tower,0,23,0,1,24,0,0,8,2,10,0,23,8,3,34,20,4,24,58
10/21/2020,SAW,MI,AGL,CE,Federal Contract Tower,0,23,6,3,32,0,0,4,0,4,0,23,10,3,36,4,0,4,40
10/22/2020,SAW,MI,AGL,CE,Federal Contract Tower,0,13,2,0,15,0,1,0,14,15,0,14,2,14,30,0,20,20,50
10/23/2020,SAW,MI,AGL,CE,Federal Contract Tower,0,15,4,0,19,0,0,0,0,0,0,15,4,0,19,0,0,0,19
10/24/2020,SAW,MI,AGL,CE,Federal Contract Tower,0,7,1,0,8,0,0,4,0,4,0,7,5,0,12,0,0,0,12
10/25/2020,SAW,MI,AGL,CE,Federal Contract Tower,0,5,0,0,5,0,1,0,0,1,0,6,0,0,6,0,0,0,6
10/26/2020,SAW,MI,AGL,CE,Federal Contract Tower,0,18,0,2,20,0,2,2,0,4,0,20,2,2,24,8,0,8,32
10/27/2020,SAW,MI,AGL,CE,Federal Contract Tower,0,23,1,2,26,0,1,8,16,25,0,24,9,18,51,14,24,38,89
10/28/2020,SAW,MI,AGL,CE,Federal Contract Tower,0,22,1,0,23,0,0,7,14,21,0,22,8,14,44,8,10,18,62
10/29/2020,SAW,MI,AGL,CE,Federal Contract Tower,0,18,0,0,18,0,0,2,0,2,0,18,2,0,20,0,0,0,20
10/30/2020,SAW,MI,AGL,CE,Federal Contract Tower,0,16,1,0,17,0,1,13,4,18,0,17,14,4,35,56,0,56,91
10/31/2020,SAW,MI,AGL,CE,Federal Contract Tower,0,13,1,0,14,0,0,5,0,5,0,13,6,0,19,0,0,0,19
11/01/2020,SAW,MI,AGL,CE,Federal Contract Tower,0,11,1,0,12,0,9,0,0,9,0,20,1,0,21,0,0,0,21
11/02/2020,SAW,MI,AGL,CE,Federal Contract Tower,0,14,2,1,17,0,1,1,12,14,0,15,3,13,31,0,26,26,57
11/03/2020,SAW,MI,AGL,CE,Federal Contract Tower,0,12,7,0,19,0,2,8,4,14,0,14,15,4,33,22,8,30,63
11/04/2020,SAW,MI,AGL,CE,Federal Contract Tower,3,20,1,5,29,2,2,35,2,41,5,22,36,7,70,74,18,92,162
11/05/2020,SAW,MI,AGL,CE,Federal Contract Tower,0,19,3,0,22,0,1,23,0,24,0,20,26,0,46,22,0,22,68
11/06/2020,SAW,MI,AGL,CE,Federal Contract Tower,0,18,0,0,18,0,0,4,10,14,0,18,4,10,32,0,38,38,70
11/07/2020,SAW,MI,AGL,CE,Federal Contract Tower,0,11,4,0,15,0,0,17,0,17,0,11,21,0,32,12,0,12,44
11/08/2020,SAW,MI,AGL,CE,Federal Contract Tower,0,9,1,0,10,0,0,11,0,11,0,9,12,0,21,14,0,14,35
11/09/2020,SAW,MI,AGL,CE,Federal Contract Tower,0,19,0,0,19,2,1,0,0,3,2,20,0,0,22,0,0,0,22
11/10/2020,SAW,MI,AGL,CE,Federal Contract Tower,0,13,0,0,13,0,0,0,0,0,0,13,0,0,13,0,0,0,13
11/11/2020,SAW,MI,AGL,CE,Federal Contract Tower,0,21,0,0,21,0,1,3,6,10,0,22,3,6,31,4,0,4,35
11/12/2020,SAW,MI,AGL,CE,Federal Contract Tower,0,21,0,0,21,0,2,6,6,14,0,23,6,6,35,0,20,20,55
11/13/2020,SAW,MI,AGL,CE,Federal Contract Tower,0,18,1,0,19,0,0,2,0,2,0,18,3,0,21,0,0,0,21
11/14/2020,SAW,MI,AGL,CE,Federal Contract Tower,0,10,2,0,12,0,0,11,0,11,0,10,13,0,23,22,0,22,45
11/15/2020,SAW,MI,AGL,CE,Federal Contract Tower,0,8,0,0,8,0,0,0,0,0,0,8,0,0,8,0,0,0,8
11/16/2020,SAW,MI,AGL,CE,Federal Contract Tower,0,14,0,0,14,0,0,5,0,5,0,14,5,0,19,24,0,24,43
11/17/2020,SAW,MI,AGL,CE,Federal Contract Tower,0,17,2,0,19,0,0,1,2,3,0,17,3,2,22,0,6,6,28
11/18/2020,SAW,MI,AGL,CE,Federal Contract Tower,0,25,2,0,27,0,0,6,12,18,0,25,8,12,45,2,20,22,67
11/19/2020,SAW,MI,AGL,CE,Federal Contract Tower,0,20,4,16,40,0,1,13,2,16,0,21,17,18,56,12,10,22,78
11/20/2020,SAW,MI,AGL,CE,Federal Contract Tower,0,20,0,0,20,0,3,0,0,3,0,23,0,0,23,0,0,0,23
11/21/2020,SAW,MI,AGL,CE,Federal Contract Tower,0,15,0,4,19,0,1,11,0,12,0,16,11,4,31,8,0,8,39
11/22/2020,SAW,MI,AGL,CE,Federal Contract Tower,0,10,4,0,14,0,1,2,14,17,0,11,6,14,31,8,38,46,77
11/23/2020,SAW,MI,AGL,CE,Federal Contract Tower,0,13,0,0,13,0,0,2,3,5,0,13,2,3,18,0,22,22,40
11/24/2020,SAW,MI,AGL,CE,Federal Contract Tower,0,22,2,0,24,0,0,0,0,0,0,22,2,0,24,0,0,0,24
11/25/2020,SAW,MI,AGL,CE,Federal Contract Tower,0,23,0,0,23,0,1,0,16,17,0,24,0,16,40,0,44,44,84
11/26/2020,SAW,MI,AGL,CE,Federal Contract Tower,0,2,0,0,2,0,0,0,0,0,0,2,0,0,2,0,0,0,2
11/27/2020,SAW,MI,AGL,CE,Federal Contract Tower,0,13,3,0,16,0,1,9,6,16,0,14,12,6,32,0,6,6,38
11/28/2020,SAW,MI,AGL,CE,Federal Contract Tower,2,15,0,0,17,0,5,24,0,29,2,20,24,0,46,52,0,52,98
11/29/2020,SAW,MI,AGL,CE,Federal Contract Tower,2,15,0,0,17,0,12,0,2,14,2,27,0,2,31,8,0,8,39
11/30/2020,SAW,MI,AGL,CE,Federal Contract Tower,0,17,0,0,17,3,6,0,4,13,3,23,0,4,30,0,4,4,34
12/01/2020,SAW,MI,AGL,CE,Federal Contract Tower,0,17,2,0,19,0,2,4,16,22,0,19,6,16,41,0,10,10,51
12/02/2020,SAW,MI,AGL,CE,Federal Contract Tower,0,24,2,0,26,0,1,4,0,5,0,25,6,0,31,0,0,0,31
12/03/2020,SAW,MI,AGL,CE,Federal Contract Tower,3,29,3,0,35,0,1,16,9,26,3,30,19,9,61,36,4,40,101
12/04/2020,SAW,MI,AGL,CE,Federal Contract Tower,0,21,3,0,24,0,1,0,2,3,0,22,3,2,27,0,24,24,51
12/05/2020,SAW,MI,AGL,CE,Federal Contract Tower,0,14,3,0,17,0,1,0,0,1,0,15,3,0,18,0,0,0,18
12/06/2020,SAW,MI,AGL,CE,Federal Contract Tower,0,9,2,0,11,0,0,4,0,4,0,9,6,0,15,6,0,6,21
12/07/2020,SAW,MI,AGL,CE,Federal Contract Tower,0,12,0,0,12,0,1,1,0,2,0,13,1,0,14,2,0,2,16
12/08/2020,SAW,MI,AGL,CE,Federal Contract Tower,0,17,0,0,17,0,2,10,0,12,0,19,10,0,29,36,0,36,65
12/09/2020,SAW,MI,AGL,CE,Federal Contract Tower,0,26,4,1,31,0,0,22,9,31,0,26,26,10,62,58,40,98,160
12/10/2020,SAW,MI,AGL,CE,Federal Contract Tower,0,24,0,0,24,0,1,21,0,22,0,25,21,0,46,16,0,16,62
12/11/2020,SAW,MI,AGL,CE,Federal Contract Tower,0,20,3,2,25,0,1,0,0,1,0,21,3,2,26,0,0,0,26
12/12/2020,SAW,MI,AGL,CE,Federal Contract Tower,0,13,0,2,15,0,6,0,4,10,0,19,0,6,25,0,34,34,59
12/13/2020,SAW,MI,AGL,CE,Federal Contract Tower,0,11,3,0,14,0,0,3,0,3,0,11,6,0,17,10,0,10,27
12/14/2020,SAW,MI,AGL,CE,Federal Contract Tower,0,19,0,0,19,0,0,0,2,2,0,19,0,2,21,0,0,0,21
12/15/2020,SAW,MI,AGL,CE,Federal Contract Tower,0,20,0,0,20,0,4,9,6,19,0,24,9,6,39,8,0,8,47
12/16/2020,SAW,MI,AGL,CE,Federal Contract Tower,0,21,0,0,21,0,1,12,0,13,0,22,12,0,34,46,0,46,80
12/17/2020,SAW,MI,AGL,CE,Federal Contract Tower,0,18,2,2,22,0,1,0,10,11,0,19,2,12,33,0,0,0,33
12/18/2020,SAW,MI,AGL,CE,Federal Contract Tower,0,17,6,3,26,0,2,10,1,13,0,19,16,4,39,14,0,14,53
12/19/2020,SAW,MI,AGL,CE,Federal Contract Tower,0,13,2,0,15,0,1,0,0,1,0,14,2,0,16,0,0,0,16
12/20/2020,SAW,MI,AGL,CE,Federal Contract Tower,0,8,0,0,8,0,0,3,0,3,0,8,3,0,11,0,0,0,11
12/21/2020,SAW,MI,AGL,CE,Federal Contract Tower,0,20,0,0,20,0,0,2,0,2,0,20,2,0,22,0,0,0,22
12/22/2020,SAW,MI,AGL,CE,Federal Contract Tower,0,16,2,0,18,0,3,5,0,8,0,19,7,0,26,0,0,0,26
12/23/2020,SAW,MI,AGL,CE,Federal Contract Tower,0,25,0,2,27,8,0,0,0,8,8,25,0,2,35,0,0,0,35
12/24/2020,SAW,MI,AGL,CE,Federal Contract Tower,0,20,3,0,23,4,1,0,0,5,4,21,3,0,28,0,0,0,28
12/25/2020,SAW,MI,AGL,CE,Federal Contract Tower,0,4,0,0,4,0,0,0,0,0,0,4,0,0,4,0,0,0,4
12/26/2020,SAW,MI,AGL,CE,Federal Contract Tower,0,10,0,0,10,0,1,0,0,1,0,11,0,0,11,0,0,0,11
12/27/2020,SAW,MI,AGL,CE,Federal Contract Tower,0,8,3,0,11,0,0,0,0,0,0,8,3,0,11,0,0,0,11
12/28/2020,SAW,MI,AGL,CE,Federal Contract Tower,0,15,0,0,15,0,2,1,0,3,0,17,1,0,18,4,0,4,22
12/29/2020,SAW,MI,AGL,CE,Federal Contract Tower,0,22,2,0,24,0,4,9,0,13,0,26,11,0,37,42,0,42,79
12/30/2020,SAW,MI,AGL,CE,Federal Contract Tower,0,20,0,0,20,0,1,0,0,1,0,21,0,0,21,0,0,0,21
12/31/2020,SAW,MI,AGL,CE,Federal Contract Tower,2,17,0,0,19,4,0,18,0,22,6,17,18,0,41,12,0,12,53
01/01/2021,SAW,MI,AGL,CE,Federal Contract Tower,1,8,4,0,13,0,2,0,0,2,1,10,4,0,15,0,0,0,15
01/02/2021,SAW,MI,AGL,CE,Federal Contract Tower,0,13,2,0,15,0,1,0,0,1,0,14,2,0,16,0,0,0,16
01/03/2021,SAW,MI,AGL,CE,Federal Contract Tower,0,11,0,0,11,0,1,13,0,14,0,12,13,0,25,36,0,36,61
01/04/2021,SAW,MI,AGL,CE,Federal Contract Tower,0,13,1,3,17,0,1,0,0,1,0,14,1,3,18,0,0,0,18
01/05/2021,SAW,MI,AGL,CE,Federal Contract Tower,0,13,1,4,18,0,0,7,0,7,0,13,8,4,25,12,0,12,37
01/06/2021,SAW,MI,AGL,CE,Federal Contract Tower,0,23,1,0,24,0,7,0,0,7,0,30,1,0,31,0,0,0,31
01/07/2021,SAW,MI,AGL,CE,Federal Contract Tower,0,18,1,0,19,0,1,12,0,13,0,19,13,0,32,66,0,66,98
01/08/2021,SAW,MI,AGL,CE,Federal Contract Tower,0,12,2,0,14,0,4,4,0,8,0,16,6,0,22,0,0,0,22
01/09/2021,SAW,MI,AGL,CE,Federal Contract Tower,0,10,0,0,10,0,2,0,0,2,0,12,0,0,12,0,0,0,12
01/10/2021,SAW,MI,AGL,CE,Federal Contract Tower,0,9,2,0,11,0,0,4,0,4,0,9,6,0,15,0,0,0,15
01/11/2021,SAW,MI,AGL,CE,Federal Contract Tower,2,12,1,0,15,0,1,0,0,1,2,13,1,0,16,0,0,0,16
01/12/2021,SAW,MI,AGL,CE,Federal Contract Tower,0,18,0,3,21,0,2,1,8,11,0,20,1,11,32,0,14,14,46
01/13/2021,SAW,MI,AGL,CE,Federal Contract Tower,1,20,0,4,25,0,1,30,16,47,1,21,30,20,72,56,6,62,134
01/14/2021,SAW,MI,AGL,CE,Federal Contract Tower,0,18,0,2,20,0,1,0,8,9,0,19,0,10,29,0,44,44,73
01/15/2021,SAW,MI,AGL,CE,Federal Contract Tower,0,16,2,0,18,0,0,0,2,2,0,16,2,2,20,0,48,48,68
01/16/2021,SAW,MI,AGL,CE,Federal Contract Tower,0,12,2,1,15,0,2,0,2,4,0,14,2,3,19,0,16,16,35
01/17/2021,SAW,MI,AGL,CE,Federal Contract Tower,6,5,0,0,11,0,2,0,0,2,6,7,0,0,13,0,0,0,13
01/18/2021,SAW,MI,AGL,CE,Federal Contract Tower,0,13,0,0,13,0,1,2,5,8,0,14,2,5,21,0,16,16,37
01/19/2021,SAW,MI,AGL,CE,Federal Contract Tower,0,15,2,0,17,0,0,0,8,8,0,15,2,8,25,0,18,18,43
01/20/2021,SAW,MI,AGL,CE,Federal Contract Tower,0,21,1,0,22,0,4,0,6,10,0,25,1,6,32,0,24,24,56
01/21/2021,SAW,MI,AGL,CE,Federal Contract Tower,0,16,1,5,22,0,1,0,6,7,0,17,1,11,29,0,0,0,29
01/22/2021,SAW,MI,AGL,CE,Federal Contract Tower,0,14,0,2,16,0,2,3,2,7,0,16,3,4,23,0,4,4,27
01/23/2021,SAW,MI,AGL,CE,Federal Contract Tower,0,10,0,0,10,0,5,5,2,12,0,15,5,2,22,4,0,4,26
01/24/2021,SAW,MI,AGL,CE,Federal Contract Tower,6,9,0,2,17,0,2,2,0,4,6,11,2,2,21,0,0,0,21
01/25/2021,SAW,MI,AGL,CE,Federal Contract Tower,0,11,2,0,13,0,0,10,9,19,0,11,12,9,32,18,16,34,66
01/26/2021,SAW,MI,AGL,CE,Federal Contract Tower,0,19,0,101,120,0,0,0,0,0,0,19,0,101,120,0,0,0,120
01/27/2021,SAW,MI,AGL,CE,Federal Contract Tower,0,19,3,0,22,0,2,0,4,6,0,21,3,4,28,0,38,38,66
01/28/2021,SAW,MI,AGL,CE,Federal Contract Tower,0,18,1,0,19,0,2,4,0,6,0,20,5,0,25,30,0,30,55
01/29/2021,SAW,MI,AGL,CE,Federal Contract Tower,0,15,2,0,17,0,4,30,8,42,0,19,32,8,59,44,0,44,103
01/30/2021,SAW,MI,AGL,CE,Federal Contract Tower,0,8,0,0,8,0,2,0,0,2,0,10,0,0,10,0,0,0,10
01/31/2021,SAW,MI,AGL,CE,Federal Contract Tower,0,8,0,0,8,0,0,4,0,4,0,8,4,0,12,0,0,0,12
02/01/2021,SAW,MI,AGL,CE,Federal Contract Tower,0,18,1,0,19,0,2,2,17,21,0,20,3,17,40,8,22,30,70
02/02/2021,SAW,MI,AGL,CE,Federal Contract Tower,0,18,1,0,19,0,1,10,8,19,0,19,11,8,38,14,14,28,66
02/03/2021,SAW,MI,AGL,CE,Federal Contract Tower,0,27,4,2,33,0,4,29,0,33,0,31,33,2,66,54,0,54,120
02/04/2021,SAW,MI,AGL,CE,Federal Contract Tower,0,10,0,5,15,0,0,0,4,4,0,10,0,9,19,0,24,24,43
02/05/2021,SAW,MI,AGL,CE,Federal Contract Tower,0,10,0,2,12,0,12,0,4,16,0,22,0,6,28,0,42,42,70
02/06/2021,SAW,MI,AGL,CE,Federal Contract Tower,0,14,3,0,17,0,2,0,0,2,0,16,3,0,19,0,0,0,19
02/07/2021,SAW,MI,AGL,CE,Federal Contract Tower,0,10,5,0,15,0,4,2,0,6,0,14,7,0,21,4,0,4,25
02/08/2021,SAW,MI,AGL,CE,Federal Contract Tower,0,14,0,0,14,0,2,3,0,5,0,16,3,0,19,2,0,2,21
02/09/2021,SAW,MI,AGL,CE,Federal Contract Tower,0,14,1,0,15,0,2,6,0,8,0,16,7,0,23,20,0,20,43
02/10/2021,SAW,MI,AGL,CE,Federal Contract Tower,0,18,1,0,19,0,1,5,0,6,0,19,6,0,25,12,0,12,37
02/11/2021,SAW,MI,AGL,CE,Federal Contract Tower,0,16,1,4,21,0,0,19,0,19,0,16,20,4,40,46,0,46,86
02/12/2021,SAW,MI,AGL,CE,Federal Contract Tower,0,19,0,5,24,0,1,0,8,9,0,20,0,13,33,0,50,50,83
02/13/2021,SAW,MI,AGL,CE,Federal Contract Tower,0,9,2,3,14,0,2,0,6,8,0,11,2,9,22,0,18,18,40
02/14/2021,SAW,MI,AGL,CE,Federal Contract Tower,0,5,4,0,9,0,1,2,0,3,0,6,6,0,12,0,0,0,12
02/15/2021,SAW,MI,AGL,CE,Federal Contract Tower,0,12,6,0,18,0,0,4,0,4,0,12,10,0,22,0,0,0,22
02/16/2021,SAW,MI,AGL,CE,Federal Contract Tower,0,10,0,0,10,0,0,5,0,5,0,10,5,0,15,4,0,4,19
02/17/2021,SAW,MI,AGL,CE,Federal Contract Tower,0,13,9,0,22,0,1,22,6,29,0,14,31,6,51,48,20,68,119
02/18/2021,SAW,MI,AGL,CE,Federal Contract Tower,0,20,4,0,24,0,1,5,0,6,0,21,9,0,30,0,0,0,30
02/19/2021,SAW,MI,AGL,CE,Federal Contract Tower,0,20,1,26,47,0,1,1,0,2,0,21,2,26,49,0,0,0,49
02/20/2021,SAW,MI,AGL,CE,Federal Contract Tower,0,10,1,0,11,0,1,16,4,21,0,11,17,4,32,10,0,10,42
02/21/2021,SAW,MI,AGL,CE,Federal Contract Tower,1,6,0,0,7,0,1,0,0,1,1,7,0,0,8,0,0,0,8
02/22/2021,SAW,MI,AGL,CE,Federal Contract Tower,0,17,4,0,21,0,1,1,6,8,0,18,5,6,29,2,18,20,49
02/23/2021,SAW,MI,AGL,CE,Federal Contract Tower,0,13,1,0,14,0,0,2,0,2,0,13,3,0,16,0,0,0,16
02/24/2021,SAW,MI,AGL,CE,Federal Contract Tower,0,17,0,0,17,0,2,0,0,2,0,19,0,0,19,0,0,0,19
02/25/2021,SAW,MI,AGL,CE,Federal Contract Tower,0,16,0,0,16,0,1,10,1,12,0,17,10,1,28,50,0,50,78
02/26/2021,SAW,MI,AGL,CE,Federal Contract Tower,0,16,3,2,21,0,2,2,2,6,0,18,5,4,27,0,2,2,29
02/27/2021,SAW,MI,AGL,CE,Federal Contract Tower,0,10,4,0,14,0,2,12,0,14,0,12,16,0,28,6,0,6,34
02/28/2021,SAW,MI,AGL,CE,Federal Contract Tower,0,6,0,0,6,0,0,0,0,0,0,6,0,0,6,0,0,0,6
03/01/2021,SAW,MI,AGL,CE,Federal Contract Tower,0,11,1,0,12,0,2,3,0,5,0,13,4,0,17,2,0,2,19
03/02/2021,SAW,MI,AGL,CE,Federal Contract Tower,0,16,0,0,16,0,2,2,4,8,0,18,2,4,24,0,4,4,28
03/03/2021,SAW,MI,AGL,CE,Federal Contract Tower,0,16,0,5,21,0,2,0,3,5,0,18,0,8,26,0,8,8,34
03/04/2021,SAW,MI,AGL,CE,Federal Contract Tower,0,19,4,2,25,0,1,8,3,12,0,20,12,5,37,10,0,10,47
03/05/2021,SAW,MI,AGL,CE,Federal Contract Tower,0,18,2,2,22,0,2,7,3,12,0,20,9,5,34,8,4,12,46
03/06/2021,SAW,MI,AGL,CE,Federal Contract Tower,0,9,3,0,12,0,4,13,0,17,0,13,16,0,29,18,0,18,47
03/07/2021,SAW,MI,AGL,CE,Federal Contract Tower,0,5,2,0,7,0,2,8,0,10,0,7,10,0,17,0,0,0,17
03/08/2021,SAW,MI,AGL,CE,Federal Contract Tower,0,19,1,0,20,0,1,6,0,7,0,20,7,0,27,4,0,4,31
03/09/2021,SAW,MI,AGL,CE,Federal Contract Tower,0,19,1,0,20,0,12,7,0,19,0,31,8,0,39,20,0,20,59
03/10/2021,SAW,MI,AGL,CE,Federal Contract Tower,0,12,0,0,12,0,0,0,0,0,0,12,0,0,12,0,0,0,12
03/11/2021,SAW,MI,AGL,CE,Federal Contract Tower,0,28,5,4,37,0,2,0,0,2,0,30,5,4,39,2,0,2,41
03/12/2021,SAW,MI,AGL,CE,Federal Contract Tower,0,19,3,0,22,0,4,2,2,8,0,23,5,2,30,2,0,2,32
03/13/2021,SAW,MI,AGL,CE,Federal Contract Tower,0,9,5,0,14,0,1,2,0,3,0,10,7,0,17,0,0,0,17
03/14/2021,SAW,MI,AGL,CE,Federal Contract Tower,1,6,2,0,9,0,1,1,0,2,1,7,3,0,11,0,0,0,11
03/15/2021,SAW,MI,AGL,CE,Federal Contract Tower,0,16,3,0,19,0,0,3,2,5,0,16,6,2,24,0,0,0,24
03/16/2021,SAW,MI,AGL,CE,Federal Contract Tower,0,16,0,4,20,0,0,8,2,10,0,16,8,6,30,6,4,10,40
03/17/2021,SAW,MI,AGL,CE,Federal Contract Tower,0,20,4,0,24,0,0,17,0,17,0,20,21,0,41,74,0,74,115
03/18/2021,SAW,MI,AGL,CE,Federal Contract Tower,0,20,1,0,21,0,3,12,0,15,0,23,13,0,36,22,0,22,58
03/19/2021,SAW,MI,AGL,CE,Federal Contract Tower,0,16,1,0,17,0,2,17,0,19,0,18,18,0,36,18,0,18,54
03/20/2021,SAW,MI,AGL,CE,Federal Contract Tower,0,8,3,0,11,0,2,5,0,7,0,10,8,0,18,0,0,0,18
03/21/2021,SAW,MI,AGL,CE,Federal Contract Tower,0,10,2,0,12,0,1,4,0,5,0,11,6,0,17,0,0,0,17
03/22/2021,SAW,MI,AGL,CE,Federal Contract Tower,1,12,0,2,15,0,1,5,0,6,1,13,5,2,21,0,0,0,21
03/23/2021,SAW,MI,AGL,CE,Federal Contract Tower,0,9,0,0,9,0,0,0,0,0,0,9,0,0,9,0,0,0,9
03/24/2021,SAW,MI,AGL,CE,Federal Contract Tower,0,25,0,0,25,0,2,0,0,2,0,27,0,0,27,0,0,0,27
03/25/2021,SAW,MI,AGL,CE,Federal Contract Tower,0,21,0,4,25,0,1,0,2,3,0,22,0,6,28,0,8,8,36
03/26/2021,SAW,MI,AGL,CE,Federal Contract Tower,0,14,0,0,14,0,2,2,0,4,0,16,2,0,18,0,0,0,18
03/27/2021,SAW,MI,AGL,CE,Federal Contract Tower,0,11,1,0,12,0,2,0,0,2,0,13,1,0,14,0,0,0,14
03/28/2021,SAW,MI,AGL,CE,Federal Contract Tower,0,7,1,0,8,0,0,1,1,2,0,7,2,1,10,0,0,0,10
03/29/2021,SAW,MI,AGL,CE,Federal Contract Tower,0,23,1,1,25,0,3,8,0,11,0,26,9,1,36,0,0,0,36
03/30/2021,SAW,MI,AGL,CE,Federal Contract Tower,0,17,1,0,18,0,1,6,0,7,0,18,7,0,25,0,0,0,25
03/31/2021,SAW,MI,AGL,CE,Federal Contract Tower,0,18,2,0,20,0,2,0,0,2,0,20,2,0,22,0,0,0,22
04/01/2021,SAW,MI,AGL,CE,Federal Contract Tower,0,14,0,0,14,0,0,23,0,23,0,14,23,0,37,42,0,42,79
04/02/2021,SAW,MI,AGL,CE,Federal Contract Tower,0,16,0,1,17,0,2,20,1,23,0,18,20,2,40,8,0,8,48
04/03/2021,SAW,MI,AGL,CE,Federal Contract Tower,0,11,0,0,11,0,1,8,0,9,0,12,8,0,20,2,0,2,22
04/04/2021,SAW,MI,AGL,CE,Federal Contract Tower,0,11,1,0,12,0,0,8,0,8,0,11,9,0,20,8,0,8,28
04/05/2021,SAW,MI,AGL,CE,Federal Contract Tower,0,15,0,0,15,0,5,10,1,16,0,20,10,1,31,24,0,24,55
04/06/2021,SAW,MI,AGL,CE,Federal Contract Tower,0,13,4,0,17,0,1,5,0,6,0,14,9,0,23,0,0,0,23
04/07/2021,SAW,MI,AGL,CE,Federal Contract Tower,0,23,3,0,26,0,2,16,0,18,0,25,19,0,44,44,0,44,88
04/08/2021,SAW,MI,AGL,CE,Federal Contract Tower,0,20,0,0,20,1,0,5,0,6,1,20,5,0,26,24,0,24,50
04/09/2021,SAW,MI,AGL,CE,Federal Contract Tower,0,13,3,0,16,0,8,0,0,8,0,21,3,0,24,0,0,0,24
04/10/2021,SAW,MI,AGL,CE,Federal Contract Tower,0,17,1,0,18,0,1,3,0,4,0,18,4,0,22,24,0,24,46
04/11/2021,SAW,MI,AGL,CE,Federal Contract Tower,0,9,1,4,14,0,6,0,0,6,0,15,1,4,20,0,0,0,20
04/12/2021,SAW,MI,AGL,CE,Federal Contract Tower,0,13,0,0,13,0,3,0,0,3,0,16,0,0,16,0,0,0,16
04/13/2021,SAW,MI,AGL,CE,Federal Contract Tower,0,26,0,0,26,0,3,4,0,7,0,29,4,0,33,18,0,18,51
04/14/2021,SAW,MI,AGL,CE,Federal Contract Tower,0,17,1,0,18,0,2,0,0,2,0,19,1,0,20,0,0,0,20
04/15/2021,SAW,MI,AGL,CE,Federal Contract Tower,0,19,7,0,26,0,2,0,0,2,0,21,7,0,28,0,0,0,28
04/16/2021,SAW,MI,AGL,CE,Federal Contract Tower,0,24,8,0,32,0,3,7,0,10,0,27,15,0,42,30,0,30,72
04/17/2021,SAW,MI,AGL,CE,Federal Contract Tower,0,13,4,0,17,0,3,27,0,30,0,16,31,0,47,102,0,102,149
04/18/2021,SAW,MI,AGL,CE,Federal Contract Tower,0,8,2,0,10,0,0,26,0,26,0,8,28,0,36,14,0,14,50
04/19/2021,SAW,MI,AGL,CE,Federal Contract Tower,0,13,1,0,14,0,0,0,0,0,0,13,1,0,14,0,0,0,14
04/20/2021,SAW,MI,AGL,CE,Federal Contract Tower,0,15,1,0,16,0,0,0,0,0,0,15,1,0,16,0,0,0,16
04/21/2021,SAW,MI,AGL,CE,Federal Contract Tower,0,18,0,0,18,0,1,0,0,1,0,19,0,0,19,0,0,0,19
04/22/2021,SAW,MI,AGL,CE,Federal Contract Tower,0,18,3,0,21,0,2,30,0,32,0,20,33,0,53,94,0,94,147
04/23/2021,SAW,MI,AGL,CE,Federal Contract Tower,0,16,2,0,18,0,2,15,0,17,0,18,17,0,35,40,0,40,75
04/24/2021,SAW,MI,AGL,CE,Federal Contract Tower,0,14,4,0,18,0,2,2,0,4,0,16,6,0,22,12,0,12,34
04/25/2021,SAW,MI,AGL,CE,Federal Contract Tower,0,7,1,0,8,0,0,20,0,20,0,7,21,0,28,2,0,2,30
04/26/2021,SAW,MI,AGL,CE,Federal Contract Tower,0,13,0,0,13,0,0,0,0,0,0,13,0,0,13,0,0,0,13
04/27/2021,SAW,MI,AGL,CE,Federal Contract Tower,0,13,0,0,13,0,0,0,0,0,0,13,0,0,13,0,0,0,13
04/28/2021,SAW,MI,AGL,CE,Federal Contract Tower,0,22,1,1,24,0,2,23,2,27,0,24,24,3,51,98,0,98,149
04/29/2021,SAW,MI,AGL,CE,Federal Contract Tower,0,18,1,0,19,0,1,0,0,1,0,19,1,0,20,0,0,0,20
04/30/2021,SAW,MI,AGL,CE,Federal Contract Tower,0,16,6,0,22,0,2,17,0,19,0,18,23,0,41,2,0,2,43
05/01/2021,SAW,MI,AGL,CE,Federal Contract Tower,0,10,2,0,12,0,1,2,0,3,0,11,4,0,15,0,0,0,15
05/02/2021,SAW,MI,AGL,CE,Federal Contract Tower,0,11,2,0,13,0,0,10,0,10,0,11,12,0,23,0,0,0,23
05/03/2021,SAW,MI,AGL,CE,Federal Contract Tower,0,10,0,0,10,0,0,0,0,0,0,10,0,0,10,0,0,0,10
05/04/2021,SAW,MI,AGL,CE,Federal Contract Tower,0,16,0,0,16,0,1,1,0,2,0,17,1,0,18,0,0,0,18
05/05/2021,SAW,MI,AGL,CE,Federal Contract Tower,0,19,3,0,22,0,2,16,0,18,0,21,19,0,40,82,0,82,122
05/06/2021,SAW,MI,AGL,CE,Federal Contract Tower,0,23,7,0,30,0,2,31,0,33,0,25,38,0,63,194,0,194,257
05/07/2021,SAW,MI,AGL,CE,Federal Contract Tower,0,17,0,0,17,0,4,1,0,5,0,21,1,0,22,0,0,0,22
05/08/2021,SAW,MI,AGL,CE,Federal Contract Tower,0,12,0,0,12,0,3,22,0,25,0,15,22,0,37,26,0,26,63
05/09/2021,SAW,MI,AGL,CE,Federal Contract Tower,0,10,2,0,12,0,0,10,0,10,0,10,12,0,22,20,0,20,42
05/10/2021,SAW,MI,AGL,CE,Federal Contract Tower,0,17,0,0,17,0,1,0,1,2,0,18,0,1,19,0,0,0,19
05/11/2021,SAW,MI,AGL,CE,Federal Contract Tower,0,18,1,0,19,0,4,4,4,12,0,22,5,4,31,0,0,0,31
05/12/2021,SAW,MI,AGL,CE,Federal Contract Tower,0,28,1,2,31,0,3,17,8,28,0,31,18,10,59,2,24,26,85
05/13/2021,SAW,MI,AGL,CE,Federal Contract Tower,0,24,6,0,30,0,2,30,1,33,0,26,36,1,63,30,0,30,93
05/14/2021,SAW,MI,AGL,CE,Federal Contract Tower,0,18,7,0,25,0,6,6,0,12,0,24,13,0,37,0,0,0,37
05/15/2021,SAW,MI,AGL,CE,Federal Contract Tower,0,25,3,2,30,0,10,16,0,26,0,35,19,2,56,26,0,26,82
05/16/2021,SAW,MI,AGL,CE,Federal Contract Tower,0,14,4,0,18,0,7,7,0,14,0,21,11,0,32,4,0,4,36
05/17/2021,SAW,MI,AGL,CE,Federal Contract Tower,0,20,4,16,40,0,0,20,0,20,0,20,24,16,60,12,0,12,72
05/18/2021,SAW,MI,AGL,CE,Federal Contract Tower,0,19,2,2,23,0,3,27,39,69,0,22,29,41,92,42,148,190,282
05/19/2021,SAW,MI,AGL,CE,Federal Contract Tower,0,17,5,9,31,0,0,0,0,0,0,17,5,9,31,0,2,2,33
05/20/2021,SAW,MI,AGL,CE,Federal Contract Tower,0,24,2,11,37,0,4,3,33,40,0,28,5,44,77,0,10,10,87
05/21/2021,SAW,MI,AGL,CE,Federal Contract Tower,0,23,6,2,31,0,3,3,5,11,0,26,9,7,42,0,0,0,42
05/22/2021,SAW,MI,AGL,CE,Federal Contract Tower,0,11,2,0,13,0,2,6,0,8,0,13,8,0,21,10,0,10,31
05/23/2021,SAW,MI,AGL,CE,Federal Contract Tower,0,10,4,0,14,0,0,0,0,0,0,10,4,0,14,0,0,0,14
05/24/2021,SAW,MI,AGL,CE,Federal Contract Tower,0,17,2,0,19,0,1,0,0,1,0,18,2,0,20,0,0,0,20
05/25/2021,SAW,MI,AGL,CE,Federal Contract Tower,0,17,2,0,19,0,3,7,0,10,0,20,9,0,29,24,0,24,53
05/26/2021,SAW,MI,AGL,CE,Federal Contract Tower,0,21,2,0,23,0,2,5,0,7,0,23,7,0,30,2,0,2,32
05/27/2021,SAW,MI,AGL,CE,Federal Contract Tower,0,26,8,0,34,0,0,13,0,13,0,26,21,0,47,16,0,16,63
05/28/2021,SAW,MI,AGL,CE,Federal Contract Tower,0,19,2,0,21,0,6,7,1,14,0,25,9,1,35,0,2,2,37
05/29/2021,SAW,MI,AGL,CE,Federal Contract Tower,0,18,9,0,27,0,8,20,2,30,0,26,29,2,57,2,0,2,59
05/30/2021,SAW,MI,AGL,CE,Federal Contract Tower,2,9,1,0,12,0,0,21,0,21,2,9,22,0,33,16,0,16,49
05/31/2021,SAW,MI,AGL,CE,Federal Contract Tower,0,16,0,0,16,0,3,9,0,12,0,19,9,0,28,10,0,10,38
06/01/2021,SAW,MI,AGL,CE,Federal Contract Tower,0,14,0,0,14,0,1,17,0,18,0,15,17,0,32,40,0,40,72
06/02/2021,SAW,MI,AGL,CE,Federal Contract Tower,0,20,2,0,22,0,2,9,2,13,0,22,11,2,35,8,0,8,43
06/03/2021,SAW,MI,AGL,CE,Federal Contract Tower,0,18,0,0,18,0,3,10,0,13,0,21,10,0,31,26,0,26,57
06/04/2021,SAW,MI,AGL,CE,Federal Contract Tower,0,21,6,0,27,0,1,13,0,14,0,22,19,0,41,50,0,50,91
06/05/2021,SAW,MI,AGL,CE,Federal Contract Tower,0,13,7,0,20,0,2,5,0,7,0,15,12,0,27,0,0,0,27
06/06/2021,SAW,MI,AGL,CE,Federal Contract Tower,0,12,1,0,13,0,0,7,0,7,0,12,8,0,20,0,0,0,20
06/07/2021,SAW,MI,AGL,CE,Federal Contract Tower,0,15,1,2,18,0,0,9,2,11,0,15,10,4,29,42,0,42,71
06/08/2021,SAW,MI,AGL,CE,Federal Contract Tower,0,18,5,2,25,0,4,13,0,17,0,22,18,2,42,6,0,6,48
06/09/2021,SAW,MI,AGL,CE,Federal Contract Tower,0,20,2,0,22,0,3,23,0,26,0,23,25,0,48,20,0,20,68
06/10/2021,SAW,MI,AGL,CE,Federal Contract Tower,0,24,1,2,27,0,1,10,0,11,0,25,11,2,38,34,0,34,72
06/11/2021,SAW,MI,AGL,CE,Federal Contract Tower,0,18,4,0,22,0,1,6,0,7,0,19,10,0,29,0,0,0,29
06/12/2021,SAW,MI,AGL,CE,Federal Contract Tower,0,12,6,0,18,0,6,8,0,14,0,18,14,0,32,6,0,6,38
06/13/2021,SAW,MI,AGL,CE,Federal Contract Tower,0,13,3,0,16,0,0,39,0,39,0,13,42,0,55,8,0,8,63
06/14/2021,SAW,MI,AGL,CE,Federal Contract Tower,0,18,1,2,21,0,8,13,2,23,0,26,14,4,44,17,18,35,79
06/15/2021,SAW,MI,AGL,CE,Federal Contract Tower,0,22,2,0,24,0,5,24,0,29,0,27,26,0,53,56,0,56,109
06/16/2021,SAW,MI,AGL,CE,Federal Contract Tower,0,23,1,0,24,0,12,22,0,34,0,35,23,0,58,34,0,34,92
06/17/2021,SAW,MI,AGL,CE,Federal Contract Tower,0,21,14,0,35,0,1,20,0,21,0,22,34,0,56,12,0,12,68
06/18/2021,SAW,MI,AGL,CE,Federal Contract Tower,0,22,1,0,23,0,1,4,0,5,0,23,5,0,28,0,0,0,28
06/19/2021,SAW,MI,AGL,CE,Federal Contract Tower,0,12,1,0,13,0,1,4,0,5,0,13,5,0,18,0,0,0,18
06/20/2021,SAW,MI,AGL,CE,Federal Contract Tower,0,9,5,0,14,0,2,9,0,11,0,11,14,0,25,6,0,6,31
06/21/2021,SAW,MI,AGL,CE,Federal Contract Tower,0,21,3,0,24,0,1,0,0,1,0,22,3,0,25,0,0,0,25
06/22/2021,SAW,MI,AGL,CE,Federal Contract Tower,0,23,6,0,29,0,1,10,0,11,0,24,16,0,40,18,0,18,58
06/23/2021,SAW,MI,AGL,CE,Federal Contract Tower,0,22,2,0,24,0,2,9,2,13,0,24,11,2,37,18,6,24,61
06/24/2021,SAW,MI,AGL,CE,Federal Contract Tower,0,21,4,0,25,0,1,11,0,12,0,22,15,0,37,28,0,28,65
06/25/2021,SAW,MI,AGL,CE,Federal Contract Tower,0,23,5,0,28,0,1,22,0,23,0,24,27,0,51,12,0,12,63
06/26/2021,SAW,MI,AGL,CE,Federal Contract Tower,0,14,4,0,18,0,1,15,0,16,0,15,19,0,34,12,0,12,46
06/27/2021,SAW,MI,AGL,CE,Federal Contract Tower,0,12,8,0,20,0,1,21,0,22,0,13,29,0,42,34,0,34,76
06/28/2021,SAW,MI,AGL,CE,Federal Contract Tower,0,16,5,0,21,0,0,5,0,5,0,16,10,0,26,8,0,8,34
06/29/2021,SAW,MI,AGL,CE,Federal Contract Tower,0,18,5,0,23,0,3,2,0,5,0,21,7,0,28,0,0,0,28
06/30/2021,SAW,MI,AGL,CE,Federal Contract Tower,0,20,1,0,21,0,1,10,0,11,0,21,11,0,32,0,0,0,32
07/01/2021,SAW,MI,AGL,CE,Federal Contract Tower,0,19,7,0,26,0,1,13,0,14,0,20,20,0,40,34,0,34,74
07/02/2021,SAW,MI,AGL,CE,Federal Contract Tower,0,21,4,0,25,0,4,23,21,48,0,25,27,21,73,26,16,42,115
07/03/2021,SAW,MI,AGL,CE,Federal Contract Tower,0,14,0,0,14,0,2,15,1,18,0,16,15,1,32,0,0,0,32
07/04/2021,SAW,MI,AGL,CE,Federal Contract Tower,0,11,1,0,12,0,0,9,0,9,0,11,10,0,21,0,0,0,21
07/05/2021,SAW,MI,AGL,CE,Federal Contract Tower,0,16,3,0,19,0,2,24,0,26,0,18,27,0,45,0,0,0,45
07/06/2021,SAW,MI,AGL,CE,Federal Contract Tower,0,16,5,0,21,0,1,6,0,7,0,17,11,0,28,10,0,10,38
07/07/2021,SAW,MI,AGL,CE,Federal Contract Tower,0,21,2,0,23,0,1,10,0,11,0,22,12,0,34,38,0,38,72
07/08/2021,SAW,MI,AGL,CE,Federal Contract Tower,0,22,7,0,29,0,2,20,0,22,0,24,27,0,51,16,0,16,67
07/09/2021,SAW,MI,AGL,CE,Federal Contract Tower,0,19,8,0,27,0,3,39,0,42,0,22,47,0,69,14,0,14,83
07/10/2021,SAW,MI,AGL,CE,Federal Contract Tower,0,16,5,0,21,0,1,14,0,15,0,17,19,0,36,2,0,2,38
07/11/2021,SAW,MI,AGL,CE,Federal Contract Tower,0,14,3,0,17,0,0,23,0,23,0,14,26,0,40,16,0,16,56
07/12/2021,SAW,MI,AGL,CE,Federal Contract Tower,0,19,2,0,21,0,1,25,0,26,0,20,27,0,47,2,0,2,49
07/13/2021,SAW,MI,AGL,CE,Federal Contract Tower,0,22,7,0,29,0,3,20,0,23,0,25,27,0,52,44,0,44,96
07/14/2021,SAW,MI,AGL,CE,Federal Contract Tower,0,22,8,0,30,0,1,0,0,1,0,23,8,0,31,0,0,0,31
07/15/2021,SAW,MI,AGL,CE,Federal Contract Tower,0,22,2,0,24,0,2,4,0,6,0,24,6,0,30,8,0,8,38
07/16/2021,SAW,MI,AGL,CE,Federal Contract Tower,0,21,4,0,25,0,7,21,1,29,0,28,25,1,54,0,0,0,54
07/17/2021,SAW,MI,AGL,CE,Federal Contract Tower,0,15,0,0,15,0,2,21,0,23,0,17,21,0,38,44,0,44,82
07/18/2021,SAW,MI,AGL,CE,Federal Contract Tower,0,13,5,1,19,0,2,16,0,18,0,15,21,1,37,6,0,6,43
07/19/2021,SAW,MI,AGL,CE,Federal Contract Tower,0,17,4,0,21,0,2,35,0,37,0,19,39,0,58,10,0,10,68
07/20/2021,SAW,MI,AGL,CE,Federal Contract Tower,0,18,9,0,27,0,9,3,0,12,0,27,12,0,39,0,0,0,39
07/21/2021,SAW,MI,AGL,CE,Federal Contract Tower,0,21,1,0,22,0,1,17,0,18,0,22,18,0,40,20,0,20,60
07/22/2021,SAW,MI,AGL,CE,Federal Contract Tower,0,28,11,0,39,0,1,16,0,17,0,29,27,0,56,18,0,18,74
07/23/2021,SAW,MI,AGL,CE,Federal Contract Tower,0,17,6,0,23,0,1,13,0,14,0,18,19,0,37,0,0,0,37
07/24/2021,SAW,MI,AGL,CE,Federal Contract Tower,0,15,8,0,23,0,0,8,0,8,0,15,16,0,31,4,0,4,35
07/25/2021,SAW,MI,AGL,CE,Federal Contract Tower,0,9,8,0,17,0,1,26,0,27,0,10,34,0,44,146,0,146,190
07/26/2021,SAW,MI,AGL,CE,Federal Contract Tower,0,21,7,0,28,0,1,21,4,26,0,22,28,4,54,14,0,14,68
07/27/2021,SAW,MI,AGL,CE,Federal Contract Tower,0,23,11,1,35,0,3,13,4,20,0,26,24,5,55,20,0,20,75
07/28/2021,SAW,MI,AGL,CE,Federal Contract Tower,0,25,1,0,26,0,0,17,8,25,0,25,18,8,51,0,0,0,51
07/29/2021,SAW,MI,AGL,CE,Federal Contract Tower,0,27,4,2,33,0,1,4,0,5,0,28,8,2,38,0,0,0,38
07/30/2021,SAW,MI,AGL,CE,Federal Contract Tower,0,17,7,0,24,0,5,36,1,42,0,22,43,1,66,78,0,78,144
07/31/2021,SAW,MI,AGL,CE,Federal Contract Tower,0,14,8,2,24,0,2,10,0,12,0,16,18,2,36,8,0,8,44
08/01/2021,SAW,MI,AGL,CE,Federal Contract Tower,0,15,7,0,22,0,1,5,0,6,0,16,12,0,28,0,0,0,28
08/02/2021,SAW,MI,AGL,CE,Federal Contract Tower,0,17,7,0,24,0,1,17,0,18,0,18,24,0,42,24,0,24,66
08/03/2021,SAW,MI,AGL,CE,Federal Contract Tower,0,17,3,4,24,0,3,12,6,21,0,20,15,10,45,0,2,2,47
08/04/2021,SAW,MI,AGL,CE,Federal Contract Tower,0,21,3,0,24,0,1,15,0,16,0,22,18,0,40,16,0,16,56
08/05/2021,SAW,MI,AGL,CE,Federal Contract Tower,0,22,7,3,32,0,1,15,5,21,0,23,22,8,53,10,14,24,77
08/06/2021,SAW,MI,AGL,CE,Federal Contract Tower,0,19,5,1,25,0,1,2,0,3,0,20,7,1,28,0,0,0,28
08/07/2021,SAW,MI,AGL,CE,Federal Contract Tower,0,14,0,0,14,0,2,9,0,11,0,16,9,0,25,34,0,34,59
08/08/2021,SAW,MI,AGL,CE,Federal Contract Tower,0,17,2,1,20,0,0,3,0,3,0,17,5,1,23,0,0,0,23
08/09/2021,SAW,MI,AGL,CE,Federal Contract Tower,0,22,5,0,27,0,0,7,0,7,0,22,12,0,34,8,0,8,42
08/10/2021,SAW,MI,AGL,CE,Federal Contract Tower,0,17,3,0,20,0,1,4,0,5,0,18,7,0,25,2,0,2,27
08/11/2021,SAW,MI,AGL,CE,Federal Contract Tower,0,24,4,0,28,0,1,6,0,7,0,25,10,0,35,0,0,0,35
08/12/2021,SAW,MI,AGL,CE,Federal Contract Tower,0,24,7,0,31,0,1,16,5,22,0,25,23,5,53,10,0,10,63
08/13/2021,SAW,MI,AGL,CE,Federal Contract Tower,0,25,8,0,33,0,3,19,0,22,0,28,27,0,55,16,0,16,71
08/14/2021,SAW,MI,AGL,CE,Federal Contract Tower,0,21,0,0,21,0,15,23,0,38,0,36,23,0,59,42,0,42,101
08/15/2021,SAW,MI,AGL,CE,Federal Contract Tower,0,19,5,0,24,0,1,14,0,15,0,20,19,0,39,0,0,0,39
08/16/2021,SAW,MI,AGL,CE,Federal Contract Tower,0,24,2,0,26,0,3,25,0,28,0,27,27,0,54,18,0,18,72
08/17/2021,SAW,MI,AGL,CE,Federal Contract Tower,0,23,5,0,28,0,1,23,2,26,0,24,28,2,54,10,0,10,64
08/18/2021,SAW,MI,AGL,CE,Federal Contract Tower,0,28,1,2,31,0,2,18,2,22,0,30,19,4,53,18,0,18,71
08/19/2021,SAW,MI,AGL,CE,Federal Contract Tower,0,27,2,0,29,0,3,24,0,27,0,30,26,0,56,80,0,80,136
08/20/2021,SAW,MI,AGL,CE,Federal Contract Tower,0,27,1,0,28,0,2,15,0,17,0,29,16,0,45,8,0,8,53
08/21/2021,SAW,MI,AGL,CE,Federal Contract Tower,0,19,2,0,21,0,8,4,0,12,0,27,6,0,33,0,0,0,33
08/22/2021,SAW,MI,AGL,CE,Federal Contract Tower,0,13,7,0,20,0,1,17,0,18,0,14,24,0,38,0,0,0,38
08/23/2021,SAW,MI,AGL,CE,Federal Contract Tower,1,26,5,0,32,8,2,25,0,35,9,28,30,0,67,10,0,10,77
08/24/2021,SAW,MI,AGL,CE,Federal Contract Tower,0,19,2,0,21,0,0,36,0,36,0,19,38,0,57,76,0,76,133
08/25/2021,SAW,MI,AGL,CE,Federal Contract Tower,0,22,4,0,26,0,2,7,0,9,0,24,11,0,35,6,0,6,41
08/26/2021,SAW,MI,AGL,CE,Federal Contract Tower,0,22,2,0,24,0,4,38,1,43,0,26,40,1,67,98,0,98,165
08/27/2021,SAW,MI,AGL,CE,Federal Contract Tower,0,21,1,0,22,0,2,4,1,7,0,23,5,1,29,8,0,8,37
08/28/2021,SAW,MI,AGL,CE,Federal Contract Tower,0,12,17,0,29,0,1,5,0,6,0,13,22,0,35,14,0,14,49
08/29/2021,SAW,MI,AGL,CE,Federal Contract Tower,0,9,2,0,11,0,0,3,0,3,0,9,5,0,14,0,0,0,14
08/30/2021,SAW,MI,AGL,CE,Federal Contract Tower,0,24,4,0,28,0,5,12,0,17,0,29,16,0,45,0,0,0,45
08/31/2021,SAW,MI,AGL,CE,Federal Contract Tower,0,20,3,0,23,0,6,22,2,30,0,26,25,2,53,40,4,44,97
09/01/2021,SAW,MI,AGL,CE,Federal Contract Tower,0,26,15,8,49,0,2,47,0,49,0,28,62,8,98,118,8,126,224
09/02/2021,SAW,MI,AGL,CE,Federal Contract Tower,2,23,14,0,39,0,0,20,0,20,2,23,34,0,59,24,0,24,83
09/03/2021,SAW,MI,AGL,CE,Federal Contract Tower,2,21,5,0,28,16,1,36,0,53,18,22,41,0,81,148,0,148,229
09/04/2021,SAW,MI,AGL,CE,Federal Contract Tower,2,16,1,0,19,0,1,3,0,4,2,17,4,0,23,0,0,0,23
09/05/2021,SAW,MI,AGL,CE,Federal Contract Tower,0,9,5,0,14,0,1,33,0,34,0,10,38,0,48,182,0,182,230
09/06/2021,SAW,MI,AGL,CE,Federal Contract Tower,0,9,6,0,15,0,1,17,0,18,0,10,23,0,33,24,0,24,57
09/07/2021,SAW,MI,AGL,CE,Federal Contract Tower,0,16,0,1,17,0,1,1,0,2,0,17,1,1,19,0,0,0,19
09/08/2021,SAW,MI,AGL,CE,Federal Contract Tower,0,24,9,0,33,0,2,3,0,5,0,26,12,0,38,0,0,0,38
09/09/2021,SAW,MI,AGL,CE,Federal Contract Tower,0,24,7,1,32,0,1,29,0,30,0,25,36,1,62,52,0,52,114
09/10/2021,SAW,MI,AGL,CE,Federal Contract Tower,0,24,6,2,32,0,5,25,0,30,0,29,31,2,62,24,2,26,88
09/11/2021,SAW,MI,AGL,CE,Federal Contract Tower,0,18,2,0,20,0,2,6,0,8,0,20,8,0,28,0,0,0,28
09/12/2021,SAW,MI,AGL,CE,Federal Contract Tower,0,11,2,0,13,0,0,20,0,20,0,11,22,0,33,0,0,0,33
09/13/2021,SAW,MI,AGL,CE,Federal Contract Tower,2,26,4,0,32,8,10,19,0,37,10,36,23,0,69,22,0,22,91
09/14/2021,SAW,MI,AGL,CE,Federal Contract Tower,0,23,0,0,23,0,3,2,0,5,0,26,2,0,28,0,0,0,28
09/15/2021,SAW,MI,AGL,CE,Federal Contract Tower,0,21,8,0,29,0,7,15,4,26,0,28,23,4,55,88,20,108,163
09/16/2021,SAW,MI,AGL,CE,Federal Contract Tower,0,27,2,0,29,0,2,3,0,5,0,29,5,0,34,0,0,0,34
09/17/2021,SAW,MI,AGL,CE,Federal Contract Tower,0,17,6,0,23,0,5,2,2,9,0,22,8,2,32,0,0,0,32
09/18/2021,SAW,MI,AGL,CE,Federal Contract Tower,0,15,6,0,21,0,2,10,0,12,0,17,16,0,33,4,0,4,37
09/19/2021,SAW,MI,AGL,CE,Federal Contract Tower,0,13,4,0,17,0,0,6,0,6,0,13,10,0,23,0,0,0,23
09/20/2021,SAW,MI,AGL,CE,Federal Contract Tower,0,24,0,2,26,0,0,1,0,1,0,24,1,2,27,0,0,0,27
09/21/2021,SAW,MI,AGL,CE,Federal Contract Tower,2,17,0,0,19,1,1,2,2,6,3,18,2,2,25,0,0,0,25
09/22/2021,SAW,MI,AGL,CE,Federal Contract Tower,0,33,6,0,39,0,2,33,4,39,0,35,39,4,78,118,0,118,196
09/23/2021,SAW,MI,AGL,CE,Federal Contract Tower,0,28,3,0,31,0,1,2,3,6,0,29,5,3,37,0,0,0,37
09/24/2021,SAW,MI,AGL,CE,Federal Contract Tower,0,25,5,2,32,0,3,18,0,21,0,28,23,2,53,0,0,0,53
09/25/2021,SAW,MI,AGL,CE,Federal Contract Tower,0,12,2,1,15,0,2,13,2,17,0,14,15,3,32,30,12,42,74
09/26/2021,SAW,MI,AGL,CE,Federal Contract Tower,0,12,7,1,20,0,1,9,0,10,0,13,16,1,30,4,0,4,34
09/27/2021,SAW,MI,AGL,CE,Federal Contract Tower,0,23,5,0,28,1,0,21,0,22,1,23,26,0,50,6,0,6,56
09/28/2021,SAW,MI,AGL,CE,Federal Contract Tower,0,17,1,0,18,0,0,10,1,11,0,17,11,1,29,8,0,8,37
09/29/2021,SAW,MI,AGL,CE,Federal Contract Tower,1,22,4,0,27,0,2,26,3,31,1,24,30,3,58,24,0,24,82
09/30/2021,SAW,MI,AGL,CE,Federal Contract Tower,0,26,7,4,37,0,0,0,0,0,0,26,7,4,37,100,0,100,137
10/01/2021,SAW,MI,AGL,CE,Federal Contract Tower,0,28,14,0,42,0,1,23,0,24,0,29,37,0,66,8,0,8,74
10/02/2021,SAW,MI,AGL,CE,Federal Contract Tower,0,20,2,0,22,0,1,3,0,4,0,21,5,0,26,0,0,0,26
10/03/2021,SAW,MI,AGL,CE,Federal Contract Tower,0,10,3,0,13,0,0,0,0,0,0,10,3,0,13,0,0,0,13
10/04/2021,SAW,MI,AGL,CE,Federal Contract Tower,0,22,4,0,26,0,0,0,0,0,0,22,4,0,26,0,0,0,26
10/05/2021,SAW,MI,AGL,CE,Federal Contract Tower,0,26,1,4,31,0,1,11,0,12,0,27,12,4,43,20,0,20,63
10/06/2021,SAW,MI,AGL,CE,Federal Contract Tower,0,21,11,0,32,0,1,4,0,5,0,22,15,0,37,2,0,2,39
10/07/2021,SAW,MI,AGL,CE,Federal Contract Tower,0,14,5,0,19,0,0,6,0,6,0,14,11,0,25,4,0,4,29
10/08/2021,SAW,MI,AGL,CE,Federal Contract Tower,0,20,3,0,23,0,1,1,0,2,0,21,4,0,25,0,0,0,25
10/09/2021,SAW,MI,AGL,CE,Federal Contract Tower,0,18,7,0,25,0,2,4,0,6,0,20,11,0,31,0,0,0,31
10/10/2021,SAW,MI,AGL,CE,Federal Contract Tower,0,14,5,0,19,0,1,0,0,1,0,15,5,0,20,0,0,0,20
10/11/2021,SAW,MI,AGL,CE,Federal Contract Tower,0,19,5,0,24,0,1,3,0,4,0,20,8,0,28,0,0,0,28
10/12/2021,SAW,MI,AGL,CE,Federal Contract Tower,0,19,0,0,19,0,1,0,0,1,0,20,0,0,20,0,0,0,20
10/13/2021,SAW,MI,AGL,CE,Federal Contract Tower,0,25,0,0,25,0,3,6,0,9,0,28,6,0,34,0,0,0,34
10/14/2021,SAW,MI,AGL,CE,Federal Contract Tower,1,19,8,2,30,0,0,34,4,38,1,19,42,6,68,68,0,68,136
10/15/2021,SAW,MI,AGL,CE,Federal Contract Tower,0,18,7,10,35,0,2,34,4,40,0,20,41,14,75,96,26,122,197
10/16/2021,SAW,MI,AGL,CE,Federal Contract Tower,0,23,5,0,28,0,3,6,0,9,0,26,11,0,37,0,26,26,63
10/17/2021,SAW,MI,AGL,CE,Federal Contract Tower,0,11,8,0,19,5,1,11,0,17,5,12,19,0,36,6,0,6,42
10/18/2021,SAW,MI,AGL,CE,Federal Contract Tower,1,21,3,0,25,4,0,18,0,22,5,21,21,0,47,4,0,4,51
10/19/2021,SAW,MI,AGL,CE,Federal Contract Tower,1,28,11,2,42,12,1,18,0,31,13,29,29,2,73,14,0,14,87
10/20/2021,SAW,MI,AGL,CE,Federal Contract Tower,0,20,3,0,23,0,0,0,0,0,0,20,3,0,23,0,0,0,23
10/21/2021,SAW,MI,AGL,CE,Federal Contract Tower,0,23,1,0,24,0,1,1,0,2,0,24,2,0,26,0,0,0,26
10/22/2021,SAW,MI,AGL,CE,Federal Contract Tower,0,19,6,4,29,0,2,17,0,19,0,21,23,4,48,8,0,8,56
10/23/2021,SAW,MI,AGL,CE,Federal Contract Tower,0,15,0,0,15,0,2,5,0,7,0,17,5,0,22,6,0,6,28
10/24/2021,SAW,MI,AGL,CE,Federal Contract Tower,1,11,1,0,13,4,0,1,0,5,5,11,2,0,18,0,0,0,18
10/25/2021,SAW,MI,AGL,CE,Federal Contract Tower,1,18,1,0,20,0,1,0,0,1,1,19,1,0,21,0,0,0,21
10/26/2021,SAW,MI,AGL,CE,Federal Contract Tower,0,15,2,0,17,0,0,11,0,11,0,15,13,0,28,10,0,10,38
10/27/2021,SAW,MI,AGL,CE,Federal Contract Tower,0,22,3,2,27,0,0,18,0,18,0,22,21,2,45,84,0,84,129
10/28/2021,SAW,MI,AGL,CE,Federal Contract Tower,2,18,3,5,28,0,0,3,2,5,2,18,6,7,33,0,4,4,37
10/29/2021,SAW,MI,AGL,CE,Federal Contract Tower,0,22,3,3,28,0,1,2,2,5,0,23,5,5,33,10,4,14,47
10/30/2021,SAW,MI,AGL,CE,Federal Contract Tower,0,17,2,0,19,0,2,5,0,7,0,19,7,0,26,0,0,0,26
10/31/2021,SAW,MI,AGL,CE,Federal Contract Tower,0,10,0,0,10,0,0,3,0,3,0,10,3,0,13,24,0,24,37
11/01/2021,SAW,MI,AGL,CE,Federal Contract Tower,1,18,0,1,20,6,0,4,0,10,7,18,4,1,30,0,0,0,30
11/02/2021,SAW,MI,AGL,CE,Federal Contract Tower,0,16,1,0,17,0,2,0,0,2,0,18,1,0,19,0,0,0,19
11/03/2021,SAW,MI,AGL,CE,Federal Contract Tower,1,22,2,0,25,0,0,13,0,13,1,22,15,0,38,46,0,46,84
11/04/2021,SAW,MI,AGL,CE,Federal Contract Tower,1,23,2,0,26,0,2,20,0,22,1,25,22,0,48,32,0,32,80
11/05/2021,SAW,MI,AGL,CE,Federal Contract Tower,0,19,8,0,27,0,4,11,4,19,0,23,19,4,46,42,0,42,88
11/06/2021,SAW,MI,AGL,CE,Federal Contract Tower,0,15,0,0,15,0,1,4,0,5,0,16,4,0,20,28,0,28,48
11/07/2021,SAW,MI,AGL,CE,Federal Contract Tower,0,12,2,0,14,0,1,17,0,18,0,13,19,0,32,30,0,30,62
11/08/2021,SAW,MI,AGL,CE,Federal Contract Tower,0,22,6,0,28,4,1,15,0,20,4,23,21,0,48,12,0,12,60
11/09/2021,SAW,MI,AGL,CE,Federal Contract Tower,2,18,9,0,29,1,2,23,0,26,3,20,32,0,55,20,0,20,75
11/10/2021,SAW,MI,AGL,CE,Federal Contract Tower,0,26,6,2,34,0,1,23,13,37,0,27,29,15,71,52,50,102,173
11/11/2021,SAW,MI,AGL,CE,Federal Contract Tower,0,24,0,0,24,0,0,0,0,0,0,24,0,0,24,0,0,0,24
11/12/2021,SAW,MI,AGL,CE,Federal Contract Tower,0,16,5,2,23,0,2,1,0,3,0,18,6,2,26,0,18,18,44
11/13/2021,SAW,MI,AGL,CE,Federal Contract Tower,0,16,2,0,18,0,6,2,0,8,0,22,4,0,26,0,0,0,26
11/14/2021,SAW,MI,AGL,CE,Federal Contract Tower,1,9,0,0,10,0,2,0,0,2,1,11,0,0,12,0,0,0,12
11/15/2021,SAW,MI,AGL,CE,Federal Contract Tower,0,24,3,0,27,0,4,3,0,7,0,28,6,0,34,0,0,0,34
11/16/2021,SAW,MI,AGL,CE,Federal Contract Tower,0,30,7,6,43,0,1,12,4,17,0,31,19,10,60,34,12,46,106
11/17/2021,SAW,MI,AGL,CE,Federal Contract Tower,0,19,1,0,20,0,1,2,2,5,0,20,3,2,25,0,4,4,29
11/18/2021,SAW,MI,AGL,CE,Federal Contract Tower,0,22,4,0,26,0,0,0,0,0,0,22,4,0,26,0,0,0,26
11/19/2021,SAW,MI,AGL,CE,Federal Contract Tower,0,18,1,0,19,0,1,15,0,16,0,19,16,0,35,38,0,38,73
11/20/2021,SAW,MI,AGL,CE,Federal Contract Tower,0,15,2,0,17,0,1,8,6,15,0,16,10,6,32,2,14,16,48
11/21/2021,SAW,MI,AGL,CE,Federal Contract Tower,0,9,0,0,9,0,1,0,0,1,0,10,0,0,10,0,0,0,10
11/22/2021,SAW,MI,AGL,CE,Federal Contract Tower,0,25,2,0,27,0,2,0,4,6,0,27,2,4,33,0,2,2,35
11/23/2021,SAW,MI,AGL,CE,Federal Contract Tower,0,21,5,0,26,0,2,12,2,16,0,23,17,2,42,2,0,2,44
11/24/2021,SAW,MI,AGL,CE,Federal Contract Tower,0,26,5,0,31,0,0,2,0,2,0,26,7,0,33,0,0,0,33
11/25/2021,SAW,MI,AGL,CE,Federal Contract Tower,0,12,1,0,13,0,0,1,0,1,0,12,2,0,14,0,0,0,14
11/26/2021,SAW,MI,AGL,CE,Federal Contract Tower,0,31,2,0,33,0,2,5,0,7,0,33,7,0,40,8,0,8,48
11/27/2021,SAW,MI,AGL,CE,Federal Contract Tower,0,13,1,0,14,0,1,1,0,2,0,14,2,0,16,0,0,0,16
11/28/2021,SAW,MI,AGL,CE,Federal Contract Tower,0,21,3,0,24,0,0,3,0,3,0,21,6,0,27,0,0,0,27
11/29/2021,SAW,MI,AGL,CE,Federal Contract Tower,0,19,2,0,21,0,1,7,2,10,0,20,9,2,31,44,0,44,75
11/30/2021,SAW,MI,AGL,CE,Federal Contract Tower,0,21,2,0,23,0,1,2,3,6,0,22,4,3,29,2,3,5,34
12/01/2021,SAW,MI,AGL,CE,Federal Contract Tower,0,18,3,2,23,0,1,0,0,1,0,19,3,2,24,0,0,0,24
12/02/2021,SAW,MI,AGL,CE,Federal Contract Tower,0,27,1,0,28,0,1,0,1,2,0,28,1,1,30,0,0,0,30
12/03/2021,SAW,MI,AGL,CE,Federal Contract Tower,0,23,4,0,27,0,2,2,0,4,0,25,6,0,31,0,0,0,31
12/04/2021,SAW,MI,AGL,CE,Federal Contract Tower,0,17,2,0,19,0,3,0,0,3,0,20,2,0,22,0,0,0,22
12/05/2021,SAW,MI,AGL,CE,Federal Contract Tower,0,9,0,0,9,0,1,0,0,1,0,10,0,0,10,0,0,0,10
12/06/2021,SAW,MI,AGL,CE,Federal Contract Tower,0,13,0,0,13,0,0,0,0,0,0,13,0,0,13,0,0,0,13
12/07/2021,SAW,MI,AGL,CE,Federal Contract Tower,0,16,2,0,18,0,0,4,4,8,0,16,6,4,26,0,0,0,26
12/08/2021,SAW,MI,AGL,CE,Federal Contract Tower,0,23,0,0,23,0,1,17,10,28,0,24,17,10,51,12,0,12,63
12/09/2021,SAW,MI,AGL,CE,Federal Contract Tower,0,22,3,0,25,0,2,0,0,2,0,24,3,0,27,0,0,0,27
12/10/2021,SAW,MI,AGL,CE,Federal Contract Tower,0,20,2,0,22,0,3,0,0,3,0,23,2,0,25,0,0,0,25
12/11/2021,SAW,MI,AGL,CE,Federal Contract Tower,0,7,2,0,9,0,1,0,0,1,0,8,2,0,10,0,0,0,10
12/12/2021,SAW,MI,AGL,CE,Federal Contract Tower,0,11,8,0,19,0,8,3,0,11,0,19,11,0,30,0,0,0,30
12/13/2021,SAW,MI,AGL,CE,Federal Contract Tower,0,18,4,0,22,0,0,17,5,22,0,18,21,5,44,42,4,46,90
12/14/2021,SAW,MI,AGL,CE,Federal Contract Tower,0,24,1,0,25,0,1,5,2,8,0,25,6,2,33,0,0,0,33
12/15/2021,SAW,MI,AGL,CE,Federal Contract Tower,0,13,0,0,13,0,1,0,0,1,0,14,0,0,14,0,0,0,14
12/16/2021,SAW,MI,AGL,CE,Federal Contract Tower,1,10,0,1,12,1,1,0,2,4,2,11,0,3,16,0,0,0,16
12/17/2021,SAW,MI,AGL,CE,Federal Contract Tower,2,25,3,0,30,0,1,0,0,1,2,26,3,0,31,0,0,0,31
12/18/2021,SAW,MI,AGL,CE,Federal Contract Tower,0,15,2,0,17,0,2,0,0,2,0,17,2,0,19,0,0,0,19
12/19/2021,SAW,MI,AGL,CE,Federal Contract Tower,0,14,5,0,19,0,1,8,0,9,0,15,13,0,28,0,0,0,28
12/20/2021,SAW,MI,AGL,CE,Federal Contract Tower,0,18,2,0,20,0,1,4,0,5,0,19,6,0,25,0,0,0,25
12/21/2021,SAW,MI,AGL,CE,Federal Contract Tower,0,20,0,2,22,0,0,2,0,2,0,20,2,2,24,0,0,0,24
12/22/2021,SAW,MI,AGL,CE,Federal Contract Tower,1,22,1,0,24,4,1,2,2,9,5,23,3,2,33,0,0,0,33
12/23/2021,SAW,MI,AGL,CE,Federal Contract Tower,0,20,0,0,20,0,1,1,0,2,0,21,1,0,22,0,0,0,22
12/24/2021,SAW,MI,AGL,CE,Federal Contract Tower,0,12,0,0,12,0,1,0,0,1,0,13,0,0,13,0,0,0,13
12/25/2021,SAW,MI,AGL,CE,Federal Contract Tower,0,10,2,0,12,0,1,6,0,7,0,11,8,0,19,0,0,0,19
12/26/2021,SAW,MI,AGL,CE,Federal Contract Tower,0,10,0,0,10,0,1,1,0,2,0,11,1,0,12,0,0,0,12
12/27/2021,SAW,MI,AGL,CE,Federal Contract Tower,0,16,1,0,17,0,2,0,0,2,0,18,1,0,19,0,0,0,19
12/28/2021,SAW,MI,AGL,CE,Federal Contract Tower,0,13,0,0,13,0,1,0,0,1,0,14,0,0,14,0,0,0,14
12/29/2021,SAW,MI,AGL,CE,Federal Contract Tower,0,21,2,0,23,0,0,4,0,4,0,21,6,0,27,0,0,0,27
12/30/2021,SAW,MI,AGL,CE,Federal Contract Tower,0,19,0,2,21,0,1,0,0,1,0,20,0,2,22,0,0,0,22
12/31/2021,SAW,MI,AGL,CE,Federal Contract Tower,0,13,1,0,14,0,1,8,0,9,0,14,9,0,23,30,0,30,53
01/01/2022,SAW,MI,AGL,CE,Federal Contract Tower,0,7,2,0,9,0,1,0,0,1,0,8,2,0,10,0,0,0,10
01/02/2022,SAW,MI,AGL,CE,Federal Contract Tower,0,11,3,0,14,0,1,0,0,1,0,12,3,0,15,0,0,0,15
01/03/2022,SAW,MI,AGL,CE,Federal Contract Tower,0,21,1,0,22,0,0,7,0,7,0,21,8,0,29,14,0,14,43
01/04/2022,SAW,MI,AGL,CE,Federal Contract Tower,0,21,4,0,25,0,0,3,0,3,0,21,7,0,28,0,0,0,28
01/05/2022,SAW,MI,AGL,CE,Federal Contract Tower,0,4,0,0,4,0,1,0,0,1,0,5,0,0,5,0,0,0,5
01/06/2022,SAW,MI,AGL,CE,Federal Contract Tower,0,6,0,0,6,0,0,0,0,0,0,6,0,0,6,0,0,0,6
01/07/2022,SAW,MI,AGL,CE,Federal Contract Tower,0,12,4,0,16,0,0,13,0,13,0,12,17,0,29,20,0,20,49
01/08/2022,SAW,MI,AGL,CE,Federal Contract Tower,1,12,1,0,14,0,1,0,0,1,1,13,1,0,15,0,0,0,15
01/09/2022,SAW,MI,AGL,CE,Federal Contract Tower,0,9,3,0,12,0,0,0,0,0,0,9,3,0,12,0,0,0,12
01/10/2022,SAW,MI,AGL,CE,Federal Contract Tower,0,17,1,0,18,0,2,5,0,7,0,19,6,0,25,0,0,0,25
01/11/2022,SAW,MI,AGL,CE,Federal Contract Tower,0,10,0,0,10,0,1,3,0,4,0,11,3,0,14,0,0,0,14
01/12/2022,SAW,MI,AGL,CE,Federal Contract Tower,0,19,3,0,22,0,1,1,0,2,0,20,4,0,24,0,0,0,24
01/13/2022,SAW,MI,AGL,CE,Federal Contract Tower,0,21,3,0,24,0,1,0,0,1,0,22,3,0,25,0,0,0,25
01/14/2022,SAW,MI,AGL,CE,Federal Contract Tower,0,17,4,0,21,0,1,0,0,1,0,18,4,0,22,0,0,0,22
01/15/2022,SAW,MI,AGL,CE,Federal Contract Tower,0,15,6,0,21,0,1,7,0,8,0,16,13,0,29,4,0,4,33
01/16/2022,SAW,MI,AGL,CE,Federal Contract Tower,0,11,1,0,12,0,2,1,0,3,0,13,2,0,15,0,0,0,15
01/17/2022,SAW,MI,AGL,CE,Federal Contract Tower,0,14,0,0,14,0,2,5,0,7,0,16,5,0,21,12,0,12,33
01/18/2022,SAW,MI,AGL,CE,Federal Contract Tower,0,8,0,0,8,0,2,0,0,2,0,10,0,0,10,0,0,0,10
01/19/2022,SAW,MI,AGL,CE,Federal Contract Tower,0,7,4,0,11,0,0,0,0,0,0,7,4,0,11,0,0,0,11
01/20/2022,SAW,MI,AGL,CE,Federal Contract Tower,2,20,3,0,25,0,0,1,0,1,2,20,4,0,26,0,0,0,26
01/21/2022,SAW,MI,AGL,CE,Federal Contract Tower,0,21,1,0,22,0,1,4,0,5,0,22,5,0,27,8,0,8,35
01/22/2022,SAW,MI,AGL,CE,Federal Contract Tower,0,10,2,0,12,0,1,0,0,1,0,11,2,0,13,0,0,0,13
01/23/2022,SAW,MI,AGL,CE,Federal Contract Tower,0,11,3,0,14,0,1,0,0,1,0,12,3,0,15,0,0,0,15
01/24/2022,SAW,MI,AGL,CE,Federal Contract Tower,0,11,4,0,15,0,3,5,0,8,0,14,9,0,23,10,0,10,33
01/25/2022,SAW,MI,AGL,CE,Federal Contract Tower,0,14,4,0,18,0,0,0,0,0,0,14,4,0,18,0,0,0,18
01/26/2022,SAW,MI,AGL,CE,Federal Contract Tower,0,16,2,0,18,0,1,2,0,3,0,17,4,0,21,0,0,0,21
01/27/2022,SAW,MI,AGL,CE,Federal Contract Tower,0,24,7,0,31,0,2,0,0,2,0,26,7,0,33,0,0,0,33
01/28/2022,SAW,MI,AGL,CE,Federal Contract Tower,0,15,1,0,16,0,3,3,0,6,0,18,4,0,22,0,0,0,22
01/29/2022,SAW,MI,AGL,CE,Federal Contract Tower,0,10,5,0,15,0,1,5,0,6,0,11,10,0,21,0,0,0,21
01/30/2022,SAW,MI,AGL,CE,Federal Contract Tower,0,8,2,0,10,0,2,0,0,2,0,10,2,0,12,0,0,0,12
01/31/2022,SAW,MI,AGL,CE,Federal Contract Tower,1,15,5,3,24,3,1,2,0,6,4,16,7,3,30,0,0,0,30
02/01/2022,SAW,MI,AGL,CE,Federal Contract Tower,0,21,2,0,23,1,1,8,0,10,1,22,10,0,33,18,0,18,51
02/02/2022,SAW,MI,AGL,CE,Federal Contract Tower,0,20,0,0,20,0,3,0,2,5,0,23,0,2,25,0,8,8,33
02/03/2022,SAW,MI,AGL,CE,Federal Contract Tower,0,21,3,0,24,0,1,0,2,3,0,22,3,2,27,0,0,0,27
02/04/2022,SAW,MI,AGL,CE,Federal Contract Tower,0,14,0,0,14,0,2,7,2,11,0,16,7,2,25,40,18,58,83
02/05/2022,SAW,MI,AGL,CE,Federal Contract Tower,0,13,0,0,13,0,4,0,6,10,0,17,0,6,23,0,14,14,37
02/06/2022,SAW,MI,AGL,CE,Federal Contract Tower,0,10,5,0,15,0,1,0,0,1,0,11,5,0,16,0,0,0,16
02/07/2022,SAW,MI,AGL,CE,Federal Contract Tower,0,18,3,6,27,0,4,2,7,13,0,22,5,13,40,0,16,16,56
02/08/2022,SAW,MI,AGL,CE,Federal Contract Tower,0,17,0,0,17,0,0,5,4,9,0,17,5,4,26,22,32,54,80
02/09/2022,SAW,MI,AGL,CE,Federal Contract Tower,0,24,0,0,24,0,4,0,0,4,0,28,0,0,28,0,0,0,28
02/10/2022,SAW,MI,AGL,CE,Federal Contract Tower,0,29,5,2,36,0,1,3,2,6,0,30,8,4,42,10,0,10,52
02/11/2022,SAW,MI,AGL,CE,Federal Contract Tower,0,17,4,0,21,0,1,0,0,1,0,18,4,0,22,0,0,0,22
02/12/2022,SAW,MI,AGL,CE,Federal Contract Tower,0,19,3,0,22,0,1,0,4,5,0,20,3,4,27,0,10,10,37
02/13/2022,SAW,MI,AGL,CE,Federal Contract Tower,0,8,2,0,10,0,1,2,0,3,0,9,4,0,13,0,0,0,13
02/14/2022,SAW,MI,AGL,CE,Federal Contract Tower,0,20,4,0,24,0,1,11,4,16,0,21,15,4,40,14,12,26,66
02/15/2022,SAW,MI,AGL,CE,Federal Contract Tower,0,19,1,0,20,0,0,0,0,0,0,19,1,0,20,0,0,0,20
02/16/2022,SAW,MI,AGL,CE,Federal Contract Tower,0,16,7,0,23,0,2,0,0,2,0,18,7,0,25,0,0,0,25
02/17/2022,SAW,MI,AGL,CE,Federal Contract Tower,0,15,0,0,15,0,3,2,0,5,0,18,2,0,20,0,0,0,20
02/18/2022,SAW,MI,AGL,CE,Federal Contract Tower,0,17,5,0,22,0,0,7,0,7,0,17,12,0,29,28,0,28,57
02/19/2022,SAW,MI,AGL,CE,Federal Contract Tower,2,10,3,0,15,1,1,4,0,6,3,11,7,0,21,0,0,0,21
02/20/2022,SAW,MI,AGL,CE,Federal Contract Tower,1,13,1,0,15,0,2,0,0,2,1,15,1,0,17,0,0,0,17
02/21/2022,SAW,MI,AGL,CE,Federal Contract Tower,0,13,0,0,13,0,10,0,0,10,0,23,0,0,23,0,0,0,23
02/22/2022,SAW,MI,AGL,CE,Federal Contract Tower,0,9,2,0,11,0,5,0,0,5,0,14,2,0,16,0,0,0,16
02/23/2022,SAW,MI,AGL,CE,Federal Contract Tower,0,25,3,0,28,0,4,0,0,4,0,29,3,0,32,4,0,4,36
02/24/2022,SAW,MI,AGL,CE,Federal Contract Tower,0,19,4,3,26,0,1,0,0,1,0,20,4,3,27,0,0,0,27
02/25/2022,SAW,MI,AGL,CE,Federal Contract Tower,0,14,2,0,16,0,1,9,2,12,0,15,11,2,28,52,0,52,80
02/26/2022,SAW,MI,AGL,CE,Federal Contract Tower,0,14,0,0,14,0,1,6,0,7,0,15,6,0,21,0,0,0,21
02/27/2022,SAW,MI,AGL,CE,Federal Contract Tower,0,10,0,0,10,0,6,0,0,6,0,16,0,0,16,0,0,0,16
02/28/2022,SAW,MI,AGL,CE,Federal Contract Tower,0,13,1,12,26,0,2,0,4,6,0,15,1,16,32,0,0,0,32
03/01/2022,SAW,MI,AGL,CE,Federal Contract Tower,0,20,5,2,27,0,2,2,2,6,0,22,7,4,33,0,6,6,39
03/02/2022,SAW,MI,AGL,CE,Federal Contract Tower,0,21,1,0,22,0,2,0,0,2,0,23,1,0,24,0,0,0,24
03/03/2022,SAW,MI,AGL,CE,Federal Contract Tower,0,25,1,1,27,0,2,4,7,13,0,27,5,8,40,4,0,4,44
03/04/2022,SAW,MI,AGL,CE,Federal Contract Tower,0,16,2,0,18,0,2,12,0,14,0,18,14,0,32,20,0,20,52
03/05/2022,SAW,MI,AGL,CE,Federal Contract Tower,0,6,0,0,6,0,2,0,0,2,0,8,0,0,8,0,0,0,8
03/06/2022,SAW,MI,AGL,CE,Federal Contract Tower,0,7,1,1,9,0,4,0,2,6,0,11,1,3,15,0,0,0,15
03/07/2022,SAW,MI,AGL,CE,Federal Contract Tower,2,19,2,0,23,0,1,4,2,7,2,20,6,2,30,16,0,16,46
03/08/2022,SAW,MI,AGL,CE,Federal Contract Tower,0,15,1,0,16,6,4,9,17,36,6,19,10,17,52,0,20,20,72
03/09/2022,SAW,MI,AGL,CE,Federal Contract Tower,1,15,0,4,20,1,1,0,0,2,2,16,0,4,22,0,0,0,22
03/10/2022,SAW,MI,AGL,CE,Federal Contract Tower,1,17,4,0,22,1,0,10,6,17,2,17,14,6,39,6,20,26,65
03/11/2022,SAW,MI,AGL,CE,Federal Contract Tower,0,16,6,0,22,0,2,2,0,4,0,18,8,0,26,0,0,0,26
03/12/2022,SAW,MI,AGL,CE,Federal Contract Tower,0,11,0,0,11,0,2,3,16,21,0,13,3,16,32,0,64,64,96
03/13/2022,SAW,MI,AGL,CE,Federal Contract Tower,0,7,0,0,7,0,0,2,2,4,0,7,2,2,11,12,0,12,23
03/14/2022,SAW,MI,AGL,CE,Federal Contract Tower,0,15,0,0,15,0,1,6,0,7,0,16,6,0,22,26,0,26,48
03/15/2022,SAW,MI,AGL,CE,Federal Contract Tower,0,19,0,0,19,0,0,0,0,0,0,19,0,0,19,16,56,72,91
03/16/2022,SAW,MI,AGL,CE,Federal Contract Tower,0,16,1,0,17,0,4,3,6,13,0,20,4,6,30,4,40,44,74
03/17/2022,SAW,MI,AGL,CE,Federal Contract Tower,0,21,3,0,24,0,2,1,14,17,0,23,4,14,41,0,38,38,79
03/18/2022,SAW,MI,AGL,CE,Federal Contract Tower,0,16,3,2,21,0,9,0,4,13,0,25,3,6,34,0,0,0,34
03/19/2022,SAW,MI,AGL,CE,Federal Contract Tower,0,15,4,0,19,0,2,6,8,16,0,17,10,8,35,6,0,6,41
03/20/2022,SAW,MI,AGL,CE,Federal Contract Tower,0,7,1,0,8,0,1,13,6,20,0,8,14,6,28,18,0,18,46
03/21/2022,SAW,MI,AGL,CE,Federal Contract Tower,0,21,4,2,27,0,1,2,0,3,0,22,6,2,30,6,0,6,36
03/22/2022,SAW,MI,AGL,CE,Federal Contract Tower,0,16,1,0,17,0,1,0,0,1,0,17,1,0,18,0,0,0,18
03/23/2022,SAW,MI,AGL,CE,Federal Contract Tower,0,11,0,4,15,0,2,0,0,2,0,13,0,4,17,0,0,0,17
03/24/2022,SAW,MI,AGL,CE,Federal Contract Tower,0,16,3,0,19,0,2,0,0,2,0,18,3,0,21,0,0,0,21
03/25/2022,SAW,MI,AGL,CE,Federal Contract Tower,0,18,1,6,25,0,1,5,2,8,0,19,6,8,33,4,14,18,51
03/26/2022,SAW,MI,AGL,CE,Federal Contract Tower,3,13,4,0,20,0,2,0,0,2,3,15,4,0,22,0,0,0,22
03/27/2022,SAW,MI,AGL,CE,Federal Contract Tower,0,5,3,0,8,0,7,7,0,14,0,12,10,0,22,0,0,0,22
03/28/2022,SAW,MI,AGL,CE,Federal Contract Tower,0,14,0,0,14,0,1,15,0,16,0,15,15,0,30,40,0,40,70
03/29/2022,SAW,MI,AGL,CE,Federal Contract Tower,0,20,1,0,21,0,0,5,6,11,0,20,6,6,32,4,12,16,48
03/30/2022,SAW,MI,AGL,CE,Federal Contract Tower,0,2,0,0,2,0,0,0,0,0,0,2,0,0,2,0,0,0,2
03/31/2022,SAW,MI,AGL,CE,Federal Contract Tower,0,20,1,28,49,0,1,0,0,1,0,21,1,28,50,0,0,0,50
04/01/2022,SAW,MI,AGL,CE,Federal Contract Tower,0,21,4,2,27,0,2,2,5,9,0,23,6,7,36,4,28,32,68
04/02/2022,SAW,MI,AGL,CE,Federal Contract Tower,0,16,2,2,20,0,1,0,0,1,0,17,2,2,21,0,0,0,21
04/03/2022,SAW,MI,AGL,CE,Federal Contract Tower,0,10,1,0,11,0,1,1,2,4,0,11,2,2,15,0,0,0,15
04/04/2022,SAW,MI,AGL,CE,Federal Contract Tower,0,17,5,0,22,0,0,2,0,2,0,17,7,0,24,0,0,0,24
04/05/2022,SAW,MI,AGL,CE,Federal Contract Tower,0,20,4,1,25,0,0,0,0,0,0,20,4,1,25,0,0,0,25
04/06/2022,SAW,MI,AGL,CE,Federal Contract Tower,0,19,5,0,24,0,0,0,0,0,0,19,5,0,24,0,0,0,24
04/07/2022,SAW,MI,AGL,CE,Federal Contract Tower,0,15,0,0,15,0,0,0,0,0,0,15,0,0,15,0,0,0,15
04/08/2022,SAW,MI,AGL,CE,Federal Contract Tower,0,19,0,0,19,0,0,0,0,0,0,19,0,0,19,0,0,0,19
04/09/2022,SAW,MI,AGL,CE,Federal Contract Tower,0,13,4,0,17,0,1,8,3,12,0,14,12,3,29,4,0,4,33
04/10/2022,SAW,MI,AGL,CE,Federal Contract Tower,0,10,4,0,14,0,1,13,4,18,0,11,17,4,32,14,0,14,46
04/11/2022,SAW,MI,AGL,CE,Federal Contract Tower,0,16,5,2,23,2,0,4,0,6,2,16,9,2,29,0,0,0,29
04/12/2022,SAW,MI,AGL,CE,Federal Contract Tower,1,16,1,0,18,0,0,11,0,11,1,16,12,0,29,0,0,0,29
04/13/2022,SAW,MI,AGL,CE,Federal Contract Tower,0,7,0,0,7,0,0,0,0,0,0,7,0,0,7,0,0,0,7
04/14/2022,SAW,MI,AGL,CE,Federal Contract Tower,0,21,0,0,21,0,1,0,0,1,0,22,0,0,22,0,0,0,22
04/15/2022,SAW,MI,AGL,CE,Federal Contract Tower,1,16,1,0,18,0,1,5,0,6,1,17,6,0,24,0,0,0,24
04/16/2022,SAW,MI,AGL,CE,Federal Contract Tower,0,12,4,0,16,0,1,3,0,4,0,13,7,0,20,0,0,0,20
04/17/2022,SAW,MI,AGL,CE,Federal Contract Tower,3,10,0,0,13,1,0,8,0,9,4,10,8,0,22,6,0,6,28
04/18/2022,SAW,MI,AGL,CE,Federal Contract Tower,1,13,3,0,17,2,0,0,0,2,3,13,3,0,19,0,0,0,19
04/19/2022,SAW,MI,AGL,CE,Federal Contract Tower,1,18,8,0,27,0,5,0,0,5,1,23,8,0,32,0,0,0,32
04/20/2022,SAW,MI,AGL,CE,Federal Contract Tower,0,17,3,4,24,0,1,2,6,9,0,18,5,10,33,4,0,4,37
04/21/2022,SAW,MI,AGL,CE,Federal Contract Tower,0,27,7,0,34,0,1,1,0,2,0,28,8,0,36,0,0,0,36
04/22/2022,SAW,MI,AGL,CE,Federal Contract Tower,0,13,14,0,27,0,2,7,0,9,0,15,21,0,36,8,0,8,44
04/23/2022,SAW,MI,AGL,CE,Federal Contract Tower,0,7,0,0,7,0,1,0,0,1,0,8,0,0,8,0,0,0,8
04/24/2022,SAW,MI,AGL,CE,Federal Contract Tower,0,10,1,0,11,0,2,5,0,7,0,12,6,0,18,0,0,0,18
04/25/2022,SAW,MI,AGL,CE,Federal Contract Tower,0,20,7,0,27,0,0,5,0,5,0,20,12,0,32,4,0,4,36
04/26/2022,SAW,MI,AGL,CE,Federal Contract Tower,0,17,3,0,20,0,1,0,0,1,0,18,3,0,21,0,0,0,21
04/27/2022,SAW,MI,AGL,CE,Federal Contract Tower,2,17,9,0,28,1,1,14,0,16,3,18,23,0,44,16,0,16,60
04/28/2022,SAW,MI,AGL,CE,Federal Contract Tower,0,19,9,0,28,0,2,21,0,23,0,21,30,0,51,18,0,18,69
04/29/2022,SAW,MI,AGL,CE,Federal Contract Tower,0,20,6,0,26,0,2,10,0,12,0,22,16,0,38,0,0,0,38
04/30/2022,SAW,MI,AGL,CE,Federal Contract Tower,0,12,0,0,12,0,1,4,0,5,0,13,4,0,17,0,0,0,17
05/01/2022,SAW,MI,AGL,CE,Federal Contract Tower,0,9,0,0,9,0,0,0,0,0,0,9,0,0,9,0,0,0,9
05/02/2022,SAW,MI,AGL,CE,Federal Contract Tower,0,12,3,3,18,0,5,3,2,10,0,17,6,5,28,14,4,18,46
05/03/2022,SAW,MI,AGL,CE,Federal Contract Tower,0,18,5,0,23,8,1,15,2,26,8,19,20,2,49,42,6,48,97
05/04/2022,SAW,MI,AGL,CE,Federal Contract Tower,0,19,2,0,21,0,1,23,0,24,0,20,25,0,45,30,0,30,75
05/05/2022,SAW,MI,AGL,CE,Federal Contract Tower,2,21,5,0,28,0,1,7,1,9,2,22,12,1,37,14,0,14,51
05/06/2022,SAW,MI,AGL,CE,Federal Contract Tower,2,18,5,0,25,4,1,14,1,20,6,19,19,1,45,10,0,10,55
05/07/2022,SAW,MI,AGL,CE,Federal Contract Tower,2,9,4,0,15,2,1,16,1,20,4,10,20,1,35,22,0,22,57
05/08/2022,SAW,MI,AGL,CE,Federal Contract Tower,0,7,5,0,12,0,3,4,0,7,0,10,9,0,19,0,0,0,19
05/09/2022,SAW,MI,AGL,CE,Federal Contract Tower,0,17,3,0,20,0,1,9,0,10,0,18,12,0,30,4,0,4,34
05/10/2022,SAW,MI,AGL,CE,Federal Contract Tower,2,14,1,0,17,0,2,14,6,22,2,16,15,6,39,34,6,40,79
05/11/2022,SAW,MI,AGL,CE,Federal Contract Tower,0,24,0,0,24,0,4,10,0,14,0,28,10,0,38,14,0,14,52
05/12/2022,SAW,MI,AGL,CE,Federal Contract Tower,0,16,0,0,16,0,3,8,0,11,0,19,8,0,27,64,0,64,91
05/13/2022,SAW,MI,AGL,CE,Federal Contract Tower,0,18,3,0,21,0,2,17,0,19,0,20,20,0,40,0,0,0,40
05/14/2022,SAW,MI,AGL,CE,Federal Contract Tower,0,8,2,0,10,0,5,9,2,16,0,13,11,2,26,34,0,34,60
05/15/2022,SAW,MI,AGL,CE,Federal Contract Tower,0,15,3,0,18,0,1,12,0,13,0,16,15,0,31,0,0,0,31
05/16/2022,SAW,MI,AGL,CE,Federal Contract Tower,0,17,0,0,17,0,5,17,0,22,0,22,17,0,39,33,0,33,72
05/17/2022,SAW,MI,AGL,CE,Federal Contract Tower,0,17,3,2,22,0,4,16,0,20,0,21,19,2,42,30,0,30,72
05/18/2022,SAW,MI,AGL,CE,Federal Contract Tower,0,19,1,0,20,0,3,9,0,12,0,22,10,0,32,40,0,40,72
05/19/2022,SAW,MI,AGL,CE,Federal Contract Tower,2,17,6,0,25,0,2,21,4,27,2,19,27,4,52,130,0,130,182
05/20/2022,SAW,MI,AGL,CE,Federal Contract Tower,0,19,2,0,21,0,2,8,0,10,0,21,10,0,31,42,0,42,73
05/21/2022,SAW,MI,AGL,CE,Federal Contract Tower,0,19,3,0,22,0,2,10,0,12,0,21,13,0,34,0,0,0,34
05/22/2022,SAW,MI,AGL,CE,Federal Contract Tower,0,5,0,0,5,1,0,4,0,5,1,5,4,0,10,0,0,0,10
05/23/2022,SAW,MI,AGL,CE,Federal Contract Tower,0,15,0,2,17,0,0,45,0,45,0,15,45,2,62,10,0,10,72
05/24/2022,SAW,MI,AGL,CE,Federal Contract Tower,1,19,3,0,23,1,0,23,1,25,2,19,26,1,48,82,0,82,130
05/25/2022,SAW,MI,AGL,CE,Federal Contract Tower,0,21,2,0,23,0,0,14,0,14,0,21,16,0,37,78,0,78,115
05/26/2022,SAW,MI,AGL,CE,Federal Contract Tower,0,20,3,0,23,0,2,0,0,2,0,22,3,0,25,0,0,0,25
05/27/2022,SAW,MI,AGL,CE,Federal Contract Tower,1,17,5,0,23,0,1,13,0,14,1,18,18,0,37,80,0,80,117
05/28/2022,SAW,MI,AGL,CE,Federal Contract Tower,0,17,0,0,17,0,1,13,0,14,0,18,13,0,31,50,0,50,81
05/29/2022,SAW,MI,AGL,CE,Federal Contract Tower,0,8,3,0,11,0,1,2,0,3,0,9,5,0,14,0,0,0,14
05/30/2022,SAW,MI,AGL,CE,Federal Contract Tower,0,9,4,0,13,0,0,13,5,18,0,9,17,5,31,36,12,48,79
05/31/2022,SAW,MI,AGL,CE,Federal Contract Tower,0,15,0,1,16,0,1,7,6,14,0,16,7,7,30,4,26,30,60
06/01/2022,SAW,MI,AGL,CE,Federal Contract Tower,0,22,0,3,25,0,3,21,6,30,0,25,21,9,55,30,20,50,105
06/02/2022,SAW,MI,AGL,CE,Federal Contract Tower,0,18,9,4,31,0,7,20,3,30,0,25,29,7,61,2,42,44,105
06/03/2022,SAW,MI,AGL,CE,Federal Contract Tower,0,19,7,0,26,0,2,24,1,27,0,21,31,1,53,62,0,62,115
06/04/2022,SAW,MI,AGL,CE,Federal Contract Tower,0,12,0,0,12,0,1,12,0,13,0,13,12,0,25,38,0,38,63
06/05/2022,SAW,MI,AGL,CE,Federal Contract Tower,0,7,10,0,17,0,3,21,0,24,0,10,31,0,41,22,0,22,63
06/06/2022,SAW,MI,AGL,CE,Federal Contract Tower,2,17,6,0,25,0,0,1,0,1,2,17,7,0,26,0,0,0,26
06/07/2022,SAW,MI,AGL,CE,Federal Contract Tower,0,14,4,0,18,0,7,17,4,28,0,21,21,4,46,62,4,66,112
06/08/2022,SAW,MI,AGL,CE,Federal Contract Tower,0,20,0,6,26,0,3,11,6,20,0,23,11,12,46,46,34,80,126
06/09/2022,SAW,MI,AGL,CE,Federal Contract Tower,1,19,8,0,28,1,1,20,0,22,2,20,28,0,50,50,0,50,100
06/10/2022,SAW,MI,AGL,CE,Federal Contract Tower,0,21,3,0,24,0,2,39,0,41,0,23,42,0,65,118,0,118,183
06/11/2022,SAW,MI,AGL,CE,Federal Contract Tower,1,11,0,2,14,1,1,15,1,18,2,12,15,3,32,0,0,0,32
06/12/2022,SAW,MI,AGL,CE,Federal Contract Tower,1,3,11,0,15,1,0,16,0,17,2,3,27,0,32,14,0,14,46
06/13/2022,SAW,MI,AGL,CE,Federal Contract Tower,1,15,10,0,26,1,0,14,0,15,2,15,24,0,41,32,0,32,73
06/14/2022,SAW,MI,AGL,CE,Federal Contract Tower,0,16,3,2,21,0,1,12,16,29,0,17,15,18,50,44,0,44,94
06/15/2022,SAW,MI,AGL,CE,Federal Contract Tower,0,16,1,0,17,0,1,0,0,1,0,17,1,0,18,0,0,0,18
06/16/2022,SAW,MI,AGL,CE,Federal Contract Tower,0,15,1,0,16,0,0,0,0,0,0,15,1,0,16,0,0,0,16
06/17/2022,SAW,MI,AGL,CE,Federal Contract Tower,0,16,3,0,19,0,3,21,0,24,0,19,24,0,43,32,0,32,75
06/18/2022,SAW,MI,AGL,CE,Federal Contract Tower,0,17,8,0,25,0,3,67,0,70,0,20,75,0,95,30,0,30,125
06/19/2022,SAW,MI,AGL,CE,Federal Contract Tower,0,8,0,0,8,0,0,9,0,9,0,8,9,0,17,34,0,34,51
06/20/2022,SAW,MI,AGL,CE,Federal Contract Tower,1,18,7,0,26,0,5,9,0,14,1,23,16,0,40,10,0,10,50
06/21/2022,SAW,MI,AGL,CE,Federal Contract Tower,0,23,0,0,23,0,0,1,0,1,0,23,1,0,24,0,0,0,24
06/22/2022,SAW,MI,AGL,CE,Federal Contract Tower,0,21,7,6,34,0,2,12,2,16,0,23,19,8,50,0,0,0,50
06/23/2022,SAW,MI,AGL,CE,Federal Contract Tower,0,21,5,0,26,0,3,23,0,26,0,24,28,0,52,10,0,10,62
06/24/2022,SAW,MI,AGL,CE,Federal Contract Tower,0,14,4,0,18,0,2,25,0,27,0,16,29,0,45,84,0,84,129
06/25/2022,SAW,MI,AGL,CE,Federal Contract Tower,2,18,3,2,25,0,3,10,0,13,2,21,13,2,38,72,0,72,110
06/26/2022,SAW,MI,AGL,CE,Federal Contract Tower,0,15,0,0,15,0,1,5,0,6,0,16,5,0,21,0,0,0,21
06/27/2022,SAW,MI,AGL,CE,Federal Contract Tower,0,12,2,4,18,0,0,21,1,22,0,12,23,5,40,26,0,26,66
06/28/2022,SAW,MI,AGL,CE,Federal Contract Tower,0,13,1,9,23,0,0,7,13,20,0,13,8,22,43,24,18,42,85
06/29/2022,SAW,MI,AGL,CE,Federal Contract Tower,0,14,5,16,35,0,11,26,26,63,0,25,31,42,98,72,32,104,202
06/30/2022,SAW,MI,AGL,CE,Federal Contract Tower,0,23,5,11,39,0,1,4,2,7,0,24,9,13,46,0,0,0,46
07/01/2022,SAW,MI,AGL,CE,Federal Contract Tower,0,25,4,0,29,0,3,33,0,36,0,28,37,0,65,44,0,44,109
07/02/2022,SAW,MI,AGL,CE,Federal Contract Tower,0,11,1,0,12,4,1,20,0,25,4,12,21,0,37,0,0,0,37
07/03/2022,SAW,MI,AGL,CE,Federal Contract Tower,0,6,9,0,15,0,0,29,0,29,0,6,38,0,44,20,0,20,64
07/04/2022,SAW,MI,AGL,CE,Federal Contract Tower,0,4,6,0,10,0,1,2,0,3,0,5,8,0,13,0,0,0,13
07/05/2022,SAW,MI,AGL,CE,Federal Contract Tower,0,14,4,0,18,0,0,0,0,0,0,14,4,0,18,0,0,0,18
07/06/2022,SAW,MI,AGL,CE,Federal Contract Tower,0,20,4,2,26,6,0,27,0,33,6,20,31,2,59,58,0,58,117
07/07/2022,SAW,MI,AGL,CE,Federal Contract Tower,0,22,2,0,24,6,1,18,0,25,6,23,20,0,49,98,0,98,147
07/08/2022,SAW,MI,AGL,CE,Federal Contract Tower,4,25,12,2,43,0,3,17,0,20,4,28,29,2,63,48,0,48,111
07/09/2022,SAW,MI,AGL,CE,Federal Contract Tower,0,12,4,0,16,4,2,22,0,28,4,14,26,0,44,48,0,48,92
07/10/2022,SAW,MI,AGL,CE,Federal Contract Tower,1,11,10,0,22,0,4,10,0,14,1,15,20,0,36,8,0,8,44
07/11/2022,SAW,MI,AGL,CE,Federal Contract Tower,0,16,0,0,16,3,5,6,0,14,3,21,6,0,30,12,0,12,42
07/12/2022,SAW,MI,AGL,CE,Federal Contract Tower,0,22,6,0,28,0,0,11,0,11,0,22,17,0,39,18,0,18,57
07/13/2022,SAW,MI,AGL,CE,Federal Contract Tower,0,18,1,0,19,0,1,18,0,19,0,19,19,0,38,50,0,50,88
07/14/2022,SAW,MI,AGL,CE,Federal Contract Tower,0,18,12,2,32,0,3,23,0,26,0,21,35,2,58,62,0,62,120
07/15/2022,SAW,MI,AGL,CE,Federal Contract Tower,0,14,9,0,23,0,2,29,2,33,0,16,38,2,56,54,0,54,110
07/16/2022,SAW,MI,AGL,CE,Federal Contract Tower,0,15,7,0,22,0,2,14,0,16,0,17,21,0,38,34,0,34,72
07/17/2022,SAW,MI,AGL,CE,Federal Contract Tower,0,13,7,0,20,0,1,16,0,17,0,14,23,0,37,0,0,0,37
07/18/2022,SAW,MI,AGL,CE,Federal Contract Tower,0,12,5,2,19,0,2,14,0,16,0,14,19,2,35,32,0,32,67
07/19/2022,SAW,MI,AGL,CE,Federal Contract Tower,0,18,3,0,21,0,0,16,0,16,0,18,19,0,37,66,0,66,103
07/20/2022,SAW,MI,AGL,CE,Federal Contract Tower,0,22,1,0,23,0,1,3,0,4,0,23,4,0,27,24,0,24,51
07/21/2022,SAW,MI,AGL,CE,Federal Contract Tower,0,19,7,5,31,0,1,19,1,21,0,20,26,6,52,4,0,4,56
07/22/2022,SAW,MI,AGL,CE,Federal Contract Tower,0,18,6,0,24,0,4,19,0,23,0,22,25,0,47,8,0,8,55
07/23/2022,SAW,MI,AGL,CE,Federal Contract Tower,0,13,6,0,19,0,3,29,0,32,0,16,35,0,51,50,0,50,101
07/24/2022,SAW,MI,AGL,CE,Federal Contract Tower,0,9,3,0,12,0,1,26,0,27,0,10,29,0,39,4,0,4,43
07/25/2022,SAW,MI,AGL,CE,Federal Contract Tower,0,18,3,0,21,0,2,26,0,28,0,20,29,0,49,34,0,34,83
07/26/2022,SAW,MI,AGL,CE,Federal Contract Tower,0,18,0,0,18,0,0,22,2,24,0,18,22,2,42,38,4,42,84
07/27/2022,SAW,MI,AGL,CE,Federal Contract Tower,0,25,4,0,29,0,1,20,2,23,0,26,24,2,52,6,0,6,58
07/28/2022,SAW,MI,AGL,CE,Federal Contract Tower,0,17,3,0,20,0,1,3,0,4,0,18,6,0,24,6,0,6,30
07/29/2022,SAW,MI,AGL,CE,Federal Contract Tower,1,23,2,0,26,0,3,15,0,18,1,26,17,0,44,0,0,0,44
07/30/2022,SAW,MI,AGL,CE,Federal Contract Tower,0,12,4,0,16,0,5,12,0,17,0,17,16,0,33,26,0,26,59
07/31/2022,SAW,MI,AGL,CE,Federal Contract Tower,0,9,3,1,13,0,1,11,2,14,0,10,14,3,27,0,4,4,31
08/01/2022,SAW,MI,AGL,CE,Federal Contract Tower,0,14,1,0,15,0,1,2,2,5,0,15,3,2,20,0,0,0,20
08/02/2022,SAW,MI,AGL,CE,Federal Contract Tower,0,17,5,0,22,0,4,46,50,100,0,21,51,50,122,48,2,50,172
08/03/2022,SAW,MI,AGL,CE,Federal Contract Tower,0,24,2,0,26,0,5,18,49,72,0,29,20,49,98,22,0,22,120
08/04/2022,SAW,MI,AGL,CE,Federal Contract Tower,0,17,4,0,21,0,5,46,24,75,0,22,50,24,96,68,0,68,164
08/05/2022,SAW,MI,AGL,CE,Federal Contract Tower,0,20,2,0,22,0,2,21,0,23,0,22,23,0,45,22,0,22,67
08/06/2022,SAW,MI,AGL,CE,Federal Contract Tower,0,17,2,0,19,0,2,7,0,9,0,19,9,0,28,56,0,56,84
08/07/2022,SAW,MI,AGL,CE,Federal Contract Tower,0,8,2,0,10,0,1,0,0,1,0,9,2,0,11,0,0,0,11
08/08/2022,SAW,MI,AGL,CE,Federal Contract Tower,0,15,3,0,18,1,1,3,0,5,1,16,6,0,23,0,0,0,23
08/09/2022,SAW,MI,AGL,CE,Federal Contract Tower,0,26,4,0,30,0,4,27,4,35,0,30,31,4,65,8,0,8,73
08/10/2022,SAW,MI,AGL,CE,Federal Contract Tower,0,20,4,0,24,0,2,15,0,17,0,22,19,0,41,60,0,60,101
08/11/2022,SAW,MI,AGL,CE,Federal Contract Tower,0,14,9,0,23,0,2,23,0,25,0,16,32,0,48,18,0,18,66
08/12/2022,SAW,MI,AGL,CE,Federal Contract Tower,0,15,3,0,18,2,1,27,0,30,2,16,30,0,48,70,4,74,122
08/13/2022,SAW,MI,AGL,CE,Federal Contract Tower,0,14,3,0,17,2,2,0,0,4,2,16,3,0,21,0,0,0,21
08/14/2022,SAW,MI,AGL,CE,Federal Contract Tower,0,13,8,0,21,0,1,0,0,1,0,14,8,0,22,0,0,0,22
08/15/2022,SAW,MI,AGL,CE,Federal Contract Tower,0,18,9,0,27,0,1,17,0,18,0,19,26,0,45,40,0,40,85
08/16/2022,SAW,MI,AGL,CE,Federal Contract Tower,0,17,0,0,17,0,4,15,2,21,0,21,15,2,38,0,14,14,52
08/17/2022,SAW,MI,AGL,CE,Federal Contract Tower,5,20,15,1,41,7,4,33,0,44,12,24,48,1,85,50,0,50,135
08/18/2022,SAW,MI,AGL,CE,Federal Contract Tower,6,15,1,0,22,8,2,6,0,16,14,17,7,0,38,24,0,24,62
08/19/2022,SAW,MI,AGL,CE,Federal Contract Tower,0,24,5,0,29,0,2,12,0,14,0,26,17,0,43,2,0,2,45
08/20/2022,SAW,MI,AGL,CE,Federal Contract Tower,0,13,4,1,18,0,6,6,0,12,0,19,10,1,30,0,0,0,30
08/21/2022,SAW,MI,AGL,CE,Federal Contract Tower,0,12,4,0,16,0,0,11,0,11,0,12,15,0,27,8,0,8,35
08/22/2022,SAW,MI,AGL,CE,Federal Contract Tower,0,20,1,4,25,0,8,22,0,30,0,28,23,4,55,30,6,36,91
08/23/2022,SAW,MI,AGL,CE,Federal Contract Tower,0,16,6,0,22,0,0,30,0,30,0,16,36,0,52,94,0,94,146
08/24/2022,SAW,MI,AGL,CE,Federal Contract Tower,0,20,2,0,22,0,2,0,0,2,0,22,2,0,24,0,0,0,24
08/25/2022,SAW,MI,AGL,CE,Federal Contract Tower,0,20,4,0,24,0,3,0,0,3,0,23,4,0,27,0,0,0,27
08/26/2022,SAW,MI,AGL,CE,Federal Contract Tower,0,23,3,0,26,0,2,18,0,20,0,25,21,0,46,68,0,68,114
08/27/2022,SAW,MI,AGL,CE,Federal Contract Tower,0,13,5,0,18,0,1,12,0,13,0,14,17,0,31,0,0,0,31
08/28/2022,SAW,MI,AGL,CE,Federal Contract Tower,0,11,5,0,16,0,1,11,0,12,0,12,16,0,28,0,0,0,28
08/29/2022,SAW,MI,AGL,CE,Federal Contract Tower,0,14,6,0,20,0,1,3,0,4,0,15,9,0,24,4,0,4,28
08/30/2022,SAW,MI,AGL,CE,Federal Contract Tower,0,20,1,0,21,0,4,7,0,11,0,24,8,0,32,10,0,10,42
08/31/2022,SAW,MI,AGL,CE,Federal Contract Tower,0,22,7,0,29,0,4,20,0,24,0,26,27,0,53,20,0,20,73
09/01/2022,SAW,MI,AGL,CE,Federal Contract Tower,0,18,2,0,20,0,2,29,0,31,0,20,31,0,51,52,0,52,103
09/02/2022,SAW,MI,AGL,CE,Federal Contract Tower,0,17,2,0,19,0,2,12,0,14,0,19,14,0,33,0,0,0,33
09/03/2022,SAW,MI,AGL,CE,Federal Contract Tower,0,19,2,0,21,0,1,19,0,20,0,20,21,0,41,8,0,8,49
09/04/2022,SAW,MI,AGL,CE,Federal Contract Tower,0,10,3,0,13,0,1,11,0,12,0,11,14,0,25,2,0,2,27
09/05/2022,SAW,MI,AGL,CE,Federal Contract Tower,0,11,2,0,13,0,2,23,1,26,0,13,25,1,39,48,2,50,89
09/06/2022,SAW,MI,AGL,CE,Federal Contract Tower,0,23,6,2,31,0,2,36,0,38,0,25,42,2,69,60,0,60,129
09/07/2022,SAW,MI,AGL,CE,Federal Contract Tower,0,24,3,0,27,0,9,40,0,49,0,33,43,0,76,68,0,68,144
09/08/2022,SAW,MI,AGL,CE,Federal Contract Tower,0,21,3,2,26,0,5,23,0,28,0,26,26,2,54,50,0,50,104
09/09/2022,SAW,MI,AGL,CE,Federal Contract Tower,1,14,7,2,24,4,1,32,0,37,5,15,39,2,61,50,0,50,111
09/10/2022,SAW,MI,AGL,CE,Federal Contract Tower,1,12,2,0,15,2,1,0,0,3,3,13,2,0,18,0,0,0,18
09/11/2022,SAW,MI,AGL,CE,Federal Contract Tower,0,8,11,0,19,0,1,0,0,1,0,9,11,0,20,0,0,0,20
09/12/2022,SAW,MI,AGL,CE,Federal Contract Tower,0,19,4,0,23,0,1,9,0,10,0,20,13,0,33,26,0,26,59
09/13/2022,SAW,MI,AGL,CE,Federal Contract Tower,0,12,3,0,15,0,2,17,2,21,0,14,20,2,36,4,0,4,40
09/14/2022,SAW,MI,AGL,CE,Federal Contract Tower,0,18,13,0,31,0,2,13,0,15,0,20,26,0,46,0,0,0,46
09/15/2022,SAW,MI,AGL,CE,Federal Contract Tower,0,21,6,0,27,0,4,7,0,11,0,25,13,0,38,10,0,10,48
09/16/2022,SAW,MI,AGL,CE,Federal Contract Tower,0,24,6,5,35,0,2,2,0,4,0,26,8,5,39,0,0,0,39
09/17/2022,SAW,MI,AGL,CE,Federal Contract Tower,0,13,9,0,22,0,2,9,0,11,0,15,18,0,33,4,0,4,37
09/18/2022,SAW,MI,AGL,CE,Federal Contract Tower,0,17,3,2,22,0,2,1,0,3,0,19,4,2,25,0,0,0,25
09/19/2022,SAW,MI,AGL,CE,Federal Contract Tower,0,16,0,2,18,0,1,14,0,15,0,17,14,2,33,44,0,44,77
09/20/2022,SAW,MI,AGL,CE,Federal Contract Tower,2,19,3,2,26,0,1,25,0,26,2,20,28,2,52,64,0,64,116
09/21/2022,SAW,MI,AGL,CE,Federal Contract Tower,4,15,2,2,23,0,1,5,0,6,4,16,7,2,29,2,0,2,31
09/22/2022,SAW,MI,AGL,CE,Federal Contract Tower,3,24,1,3,31,1,0,1,0,2,4,24,2,3,33,0,2,2,35
09/23/2022,SAW,MI,AGL,CE,Federal Contract Tower,0,18,4,0,22,0,2,19,0,21,0,20,23,0,43,98,0,98,141
09/24/2022,SAW,MI,AGL,CE,Federal Contract Tower,2,10,2,0,14,0,2,0,0,2,2,12,2,0,16,0,0,0,16
09/25/2022,SAW,MI,AGL,CE,Federal Contract Tower,1,8,2,0,11,0,1,4,0,5,1,9,6,0,16,12,0,12,28
09/26/2022,SAW,MI,AGL,CE,Federal Contract Tower,3,17,1,0,21,1,0,0,0,1,4,17,1,0,22,0,0,0,22
09/27/2022,SAW,MI,AGL,CE,Federal Contract Tower,0,19,0,0,19,0,0,0,0,0,0,19,0,0,19,0,0,0,19
09/28/2022,SAW,MI,AGL,CE,Federal Contract Tower,0,20,5,0,25,0,2,16,0,18,0,22,21,0,43,22,0,22,65
09/29/2022,SAW,MI,AGL,CE,Federal Contract Tower,0,21,3,0,24,0,4,23,0,27,0,25,26,0,51,48,0,48,99
09/30/2022,SAW,MI,AGL,CE,Federal Contract Tower,0,13,1,0,14,0,3,16,0,19,0,16,17,0,33,34,0,34,67
10/01/2022,SAW,MI,AGL,CE,Federal Contract Tower,0,11,5,0,16,0,2,25,0,27,0,13,30,0,43,38,0,38,81
10/02/2022,SAW,MI,AGL,CE,Federal Contract Tower,1,12,5,0,18,0,1,7,0,8,1,13,12,0,26,4,0,4,30
10/03/2022,SAW,MI,AGL,CE,Federal Contract Tower,1,13,1,0,15,1,0,38,0,39,2,13,39,0,54,68,0,68,122
10/04/2022,SAW,MI,AGL,CE,Federal Contract Tower,0,15,2,0,17,0,5,23,0,28,0,20,25,0,45,74,0,74,119
10/05/2022,SAW,MI,AGL,CE,Federal Contract Tower,0,17,0,0,17,0,4,35,0,39,0,21,35,0,56,124,0,124,180
10/06/2022,SAW,MI,AGL,CE,Federal Contract Tower,0,19,3,0,22,0,4,0,0,4,0,23,3,0,26,0,0,0,26
10/07/2022,SAW,MI,AGL,CE,Federal Contract Tower,2,12,2,0,16,0,2,4,0,6,2,14,6,0,22,0,0,0,22
10/08/2022,SAW,MI,AGL,CE,Federal Contract Tower,0,15,2,0,17,0,2,1,0,3,0,17,3,0,20,0,0,0,20
10/09/2022,SAW,MI,AGL,CE,Federal Contract Tower,0,9,3,0,12,0,1,8,0,9,0,10,11,0,21,6,0,6,27
10/10/2022,SAW,MI,AGL,CE,Federal Contract Tower,0,13,2,0,15,0,1,28,0,29,0,14,30,0,44,70,0,70,114
10/11/2022,SAW,MI,AGL,CE,Federal Contract Tower,0,14,7,0,21,0,6,14,0,20,0,20,21,0,41,14,0,14,55
10/12/2022,SAW,MI,AGL,CE,Federal Contract Tower,0,20,3,0,23,0,2,1,0,3,0,22,4,0,26,0,0,0,26
10/14/2022,SAW,MI,AGL,CE,Federal Contract Tower,0,15,3,0,18,0,6,3,0,9,0,21,6,0,27,2,0,2,29
10/15/2022,SAW,MI,AGL,CE,Federal Contract Tower,0,11,7,0,18,0,1,0,0,1,0,12,7,0,19,0,0,0,19
10/16/2022,SAW,MI,AGL,CE,Federal Contract Tower,0,12,3,0,15,0,0,4,0,4,0,12,7,0,19,0,0,0,19
10/17/2022,SAW,MI,AGL,CE,Federal Contract Tower,0,13,0,0,13,0,1,0,0,1,0,14,0,0,14,0,0,0,14
10/18/2022,SAW,MI,AGL,CE,Federal Contract Tower,0,9,0,0,9,5,0,0,0,5,5,9,0,0,14,0,0,0,14
10/19/2022,SAW,MI,AGL,CE,Federal Contract Tower,1,19,5,0,25,1,1,6,0,8,2,20,11,0,33,10,0,10,43
10/20/2022,SAW,MI,AGL,CE,Federal Contract Tower,0,19,4,0,23,0,10,31,0,41,0,29,35,0,64,74,0,74,138
10/21/2022,SAW,MI,AGL,CE,Federal Contract Tower,1,13,4,6,24,4,7,54,0,65,5,20,58,6,89,130,0,130,219
10/22/2022,SAW,MI,AGL,CE,Federal Contract Tower,1,9,4,0,14,1,1,22,0,24,2,10,26,0,38,46,0,46,84
10/23/2022,SAW,MI,AGL,CE,Federal Contract Tower,1,5,1,0,7,1,0,4,0,5,2,5,5,0,12,0,0,0,12
10/24/2022,SAW,MI,AGL,CE,Federal Contract Tower,0,19,3,4,26,0,2,2,0,4,0,21,5,4,30,0,0,0,30
10/25/2022,SAW,MI,AGL,CE,Federal Contract Tower,3,24,6,0,33,2,4,2,0,8,5,28,8,0,41,0,0,0,41
10/26/2022,SAW,MI,AGL,CE,Federal Contract Tower,3,18,5,0,26,0,1,7,0,8,3,19,12,0,34,6,0,6,40
10/27/2022,SAW,MI,AGL,CE,Federal Contract Tower,1,19,1,0,21,2,4,29,3,38,3,23,30,3,59,34,0,34,93
10/28/2022,SAW,MI,AGL,CE,Federal Contract Tower,1,13,9,0,23,1,1,8,0,10,2,14,17,0,33,14,8,22,55
10/29/2022,SAW,MI,AGL,CE,Federal Contract Tower,0,11,1,0,12,0,3,27,9,39,0,14,28,9,51,34,0,34,85
10/30/2022,SAW,MI,AGL,CE,Federal Contract Tower,0,13,6,0,19,0,2,16,0,18,0,15,22,0,37,38,0,38,75
10/31/2022,SAW,MI,AGL,CE,Federal Contract Tower,0,12,0,0,12,6,1,19,0,26,6,13,19,0,38,26,0,26,64
11/01/2022,SAW,MI,AGL,CE,Federal Contract Tower,6,13,1,0,20,2,3,19,0,24,8,16,20,0,44,28,0,28,72
11/02/2022,SAW,MI,AGL,CE,Federal Contract Tower,0,17,3,0,20,0,3,14,0,17,0,20,17,0,37,46,0,46,83
11/03/2022,SAW,MI,AGL,CE,Federal Contract Tower,2,22,0,0,24,0,1,0,0,1,2,23,0,0,25,0,0,0,25
11/04/2022,SAW,MI,AGL,CE,Federal Contract Tower,0,13,4,0,17,0,0,0,0,0,0,13,4,0,17,0,0,0,17
11/05/2022,SAW,MI,AGL,CE,Federal Contract Tower,0,6,0,0,6,0,0,0,0,0,0,6,0,0,6,0,0,0,6
11/06/2022,SAW,MI,AGL,CE,Federal Contract Tower,0,6,2,4,12,0,0,0,0,0,0,6,2,4,12,0,4,4,16
11/07/2022,SAW,MI,AGL,CE,Federal Contract Tower,0,18,1,0,19,0,0,1,0,1,0,18,2,0,20,0,0,0,20
11/08/2022,SAW,MI,AGL,CE,Federal Contract Tower,0,16,2,1,19,0,0,13,1,14,0,16,15,2,33,44,0,44,77
11/09/2022,SAW,MI,AGL,CE,Federal Contract Tower,0,22,0,0,22,0,0,1,0,1,0,22,1,0,23,0,0,0,23
11/10/2022,SAW,MI,AGL,CE,Federal Contract Tower,0,17,0,0,17,0,0,0,0,0,0,17,0,0,17,0,0,0,17
11/11/2022,SAW,MI,AGL,CE,Federal Contract Tower,0,18,2,0,20,3,1,2,0,6,3,19,4,0,26,0,0,0,26
11/12/2022,SAW,MI,AGL,CE,Federal Contract Tower,0,11,0,2,13,0,0,0,0,0,0,11,0,2,13,0,0,0,13
11/13/2022,SAW,MI,AGL,CE,Federal Contract Tower,2,8,0,0,10,1,0,1,0,2,3,8,1,0,12,0,0,0,12
11/14/2022,SAW,MI,AGL,CE,Federal Contract Tower,1,16,0,0,17,0,0,7,2,9,1,16,7,2,26,4,14,18,44
11/15/2022,SAW,MI,AGL,CE,Federal Contract Tower,0,26,0,0,26,0,3,1,0,4,0,29,1,0,30,12,0,12,42
11/16/2022,SAW,MI,AGL,CE,Federal Contract Tower,1,21,1,0,23,0,0,2,0,2,1,21,3,0,25,0,0,0,25
11/17/2022,SAW,MI,AGL,CE,Federal Contract Tower,0,18,2,2,22,0,1,1,0,2,0,19,3,2,24,0,0,0,24
11/18/2022,SAW,MI,AGL,CE,Federal Contract Tower,0,14,5,1,20,0,0,3,0,3,0,14,8,1,23,6,0,6,29
11/19/2022,SAW,MI,AGL,CE,Federal Contract Tower,0,7,0,0,7,0,0,1,0,1,0,7,1,0,8,0,0,0,8
11/20/2022,SAW,MI,AGL,CE,Federal Contract Tower,0,8,0,0,8,0,0,8,0,8,0,8,8,0,16,14,0,14,30
11/21/2022,SAW,MI,AGL,CE,Federal Contract Tower,0,19,1,0,20,0,0,4,0,4,0,19,5,0,24,4,0,4,28
11/22/2022,SAW,MI,AGL,CE,Federal Contract Tower,0,17,0,0,17,0,2,2,0,4,0,19,2,0,21,0,0,0,21
11/23/2022,SAW,MI,AGL,CE,Federal Contract Tower,0,12,3,0,15,0,0,24,0,24,0,12,27,0,39,50,0,50,89
11/24/2022,SAW,MI,AGL,CE,Federal Contract Tower,0,4,0,0,4,0,0,3,1,4,0,4,3,1,8,4,0,4,12
11/25/2022,SAW,MI,AGL,CE,Federal Contract Tower,0,14,1,0,15,0,2,9,0,11,0,16,10,0,26,8,0,8,34
11/26/2022,SAW,MI,AGL,CE,Federal Contract Tower,0,15,0,0,15,0,5,7,0,12,0,20,7,0,27,6,0,6,33
11/27/2022,SAW,MI,AGL,CE,Federal Contract Tower,0,5,0,1,6,0,0,0,1,1,0,5,0,2,7,0,0,0,7
11/28/2022,SAW,MI,AGL,CE,Federal Contract Tower,0,15,1,0,16,0,0,14,0,14,0,15,15,0,30,42,0,42,72
11/29/2022,SAW,MI,AGL,CE,Federal Contract Tower,0,26,0,0,26,0,0,0,0,0,0,26,0,0,26,0,0,0,26
11/30/2022,SAW,MI,AGL,CE,Federal Contract Tower,0,16,0,0,16,0,1,1,0,2,0,17,1,0,18,0,0,0,18
12/01/2022,SAW,MI,AGL,CE,Federal Contract Tower,1,24,8,0,33,0,0,5,0,5,1,24,13,0,38,0,0,0,38
12/02/2022,SAW,MI,AGL,CE,Federal Contract Tower,0,16,0,0,16,0,2,6,0,8,0,18,6,0,24,0,0,0,24
12/03/2022,SAW,MI,AGL,CE,Federal Contract Tower,0,15,4,1,20,0,0,0,0,0,0,15,4,1,20,0,0,0,20
12/04/2022,SAW,MI,AGL,CE,Federal Contract Tower,0,7,0,0,7,0,2,5,0,7,0,9,5,0,14,4,0,4,18
12/05/2022,SAW,MI,AGL,CE,Federal Contract Tower,0,24,0,0,24,0,4,10,0,14,0,28,10,0,38,16,0,16,54
12/06/2022,SAW,MI,AGL,CE,Federal Contract Tower,0,16,4,1,21,0,4,8,2,14,0,20,12,3,35,14,0,14,49
12/07/2022,SAW,MI,AGL,CE,Federal Contract Tower,0,19,0,0,19,2,0,0,0,2,2,19,0,0,21,0,0,0,21
12/08/2022,SAW,MI,AGL,CE,Federal Contract Tower,0,23,0,1,24,0,0,15,0,15,0,23,15,1,39,10,0,10,49
12/09/2022,SAW,MI,AGL,CE,Federal Contract Tower,0,21,0,0,21,0,2,0,0,2,0,23,0,0,23,0,0,0,23
12/10/2022,SAW,MI,AGL,CE,Federal Contract Tower,5,12,1,0,18,0,3,0,0,3,5,15,1,0,21,0,0,0,21
12/11/2022,SAW,MI,AGL,CE,Federal Contract Tower,0,7,3,0,10,0,1,1,0,2,0,8,4,0,12,0,0,0,12
12/12/2022,SAW,MI,AGL,CE,Federal Contract Tower,0,11,0,0,11,0,1,3,0,4,0,12,3,0,15,12,0,12,27
12/13/2022,SAW,MI,AGL,CE,Federal Contract Tower,0,18,2,0,20,0,2,0,0,2,0,20,2,0,22,0,0,0,22
12/14/2022,SAW,MI,AGL,CE,Federal Contract Tower,0,14,0,0,14,0,1,0,0,1,0,15,0,0,15,0,0,0,15
12/15/2022,SAW,MI,AGL,CE,Federal Contract Tower,2,13,2,0,17,0,0,0,0,0,2,13,2,0,17,0,0,0,17
12/16/2022,SAW,MI,AGL,CE,Federal Contract Tower,0,18,2,0,20,0,1,0,0,1,0,19,2,0,21,0,0,0,21
12/17/2022,SAW,MI,AGL,CE,Federal Contract Tower,0,12,0,0,12,0,0,8,0,8,0,12,8,0,20,12,0,12,32
12/18/2022,SAW,MI,AGL,CE,Federal Contract Tower,0,12,0,0,12,0,2,0,0,2,0,14,0,0,14,0,0,0,14
12/19/2022,SAW,MI,AGL,CE,Federal Contract Tower,0,16,1,2,19,0,5,2,0,7,0,21,3,2,26,10,12,22,48
12/20/2022,SAW,MI,AGL,CE,Federal Contract Tower,0,17,0,0,17,0,0,4,0,4,0,17,4,0,21,0,0,0,21
12/21/2022,SAW,MI,AGL,CE,Federal Contract Tower,0,23,1,0,24,0,0,10,0,10,0,23,11,0,34,0,0,0,34
12/22/2022,SAW,MI,AGL,CE,Federal Contract Tower,0,9,0,0,9,0,0,0,0,0,0,9,0,0,9,0,0,0,9
12/23/2022,SAW,MI,AGL,CE,Federal Contract Tower,0,2,0,0,2,0,0,0,0,0,0,2,0,0,2,0,0,0,2
12/24/2022,SAW,MI,AGL,CE,Federal Contract Tower,0,0,0,0,0,0,0,0,0,0,0,0,0,0,0,0,0,0,0
12/25/2022,SAW,MI,AGL,CE,Federal Contract Tower,0,6,1,0,7,0,0,0,0,0,0,6,1,0,7,0,0,0,7
12/26/2022,SAW,MI,AGL,CE,Federal Contract Tower,2,3,3,0,8,0,0,0,0,0,2,3,3,0,8,0,0,0,8
12/27/2022,SAW,MI,AGL,CE,Federal Contract Tower,1,19,2,0,22,0,1,1,0,2,1,20,3,0,24,0,0,0,24
12/28/2022,SAW,MI,AGL,CE,Federal Contract Tower,0,13,2,0,15,0,0,5,0,5,0,13,7,0,20,4,0,4,24
12/29/2022,SAW,MI,AGL,CE,Federal Contract Tower,0,15,1,0,16,0,1,0,0,1,0,16,1,0,17,0,0,0,17
12/30/2022,SAW,MI,AGL,CE,Federal Contract Tower,0,13,3,0,16,0,0,0,0,0,0,13,3,0,16,0,0,0,16
12/31/2022,SAW,MI,AGL,CE,Federal Contract Tower,0,11,2,0,13,0,1,0,0,1,0,12,2,0,14,0,0,0,14
01/01/2023,SAW,MI,AGL,CE,Federal Contract Tower,0,7,1,0,8,0,0,0,0,0,0,7,1,0,8,0,0,0,8
01/02/2023,SAW,MI,AGL,CE,Federal Contract Tower,0,21,0,0,21,0,3,0,0,3,0,24,0,0,24,0,0,0,24
01/03/2023,SAW,MI,AGL,CE,Federal Contract Tower,0,14,0,0,14,0,0,0,0,0,0,14,0,0,14,0,0,0,14
01/04/2023,SAW,MI,AGL,CE,Federal Contract Tower,0,2,0,0,2,0,0,0,0,0,0,2,0,0,2,0,0,0,2
01/05/2023,SAW,MI,AGL,CE,Federal Contract Tower,3,20,2,0,25,1,1,0,0,2,4,21,2,0,27,0,0,0,27
01/06/2023,SAW,MI,AGL,CE,Federal Contract Tower,2,14,0,0,16,0,1,18,2,21,2,15,18,2,37,18,0,18,55
01/07/2023,SAW,MI,AGL,CE,Federal Contract Tower,0,15,0,2,17,0,1,5,4,10,0,16,5,6,27,0,0,0,27
01/08/2023,SAW,MI,AGL,CE,Federal Contract Tower,0,15,5,0,20,0,0,24,0,24,0,15,29,0,44,44,0,44,88
01/09/2023,SAW,MI,AGL,CE,Federal Contract Tower,0,15,0,0,15,0,0,0,0,0,0,15,0,0,15,0,0,0,15
01/10/2023,SAW,MI,AGL,CE,Federal Contract Tower,0,28,0,0,28,0,1,0,0,1,0,29,0,0,29,0,0,0,29
01/11/2023,SAW,MI,AGL,CE,Federal Contract Tower,0,12,0,0,12,0,0,0,0,0,0,12,0,0,12,0,0,0,12
01/12/2023,SAW,MI,AGL,CE,Federal Contract Tower,0,18,0,0,18,0,0,0,0,0,0,18,0,0,18,0,0,0,18
01/13/2023,SAW,MI,AGL,CE,Federal Contract Tower,0,16,4,0,20,0,0,0,0,0,0,16,4,0,20,0,0,0,20
01/14/2023,SAW,MI,AGL,CE,Federal Contract Tower,0,10,2,2,14,0,0,14,6,20,0,10,16,8,34,16,0,16,50
01/15/2023,SAW,MI,AGL,CE,Federal Contract Tower,0,6,0,0,6,0,0,6,4,10,0,6,6,4,16,4,18,22,38
01/16/2023,SAW,MI,AGL,CE,Federal Contract Tower,0,8,0,0,8,0,0,0,0,0,0,8,0,0,8,0,0,0,8
01/17/2023,SAW,MI,AGL,CE,Federal Contract Tower,0,12,0,0,12,0,0,0,0,0,0,12,0,0,12,0,0,0,12
01/18/2023,SAW,MI,AGL,CE,Federal Contract Tower,0,17,0,0,17,0,0,0,0,0,0,17,0,0,17,0,0,0,17
01/19/2023,SAW,MI,AGL,CE,Federal Contract Tower,0,19,0,0,19,0,0,0,0,0,0,19,0,0,19,0,0,0,19
01/20/2023,SAW,MI,AGL,CE,Federal Contract Tower,2,9,0,0,11,2,0,0,0,2,4,9,0,0,13,0,0,0,13
01/21/2023,SAW,MI,AGL,CE,Federal Contract Tower,0,15,2,0,17,0,0,0,2,2,0,15,2,2,19,0,0,0,19
01/22/2023,SAW,MI,AGL,CE,Federal Contract Tower,0,4,0,0,4,0,0,0,0,0,0,4,0,0,4,0,0,0,4
01/23/2023,SAW,MI,AGL,CE,Federal Contract Tower,0,17,4,0,21,0,0,5,8,13,0,17,9,8,34,4,6,10,44
01/24/2023,SAW,MI,AGL,CE,Federal Contract Tower,0,23,4,0,27,4,0,10,6,20,4,23,14,6,47,0,0,0,47
01/25/2023,SAW,MI,AGL,CE,Federal Contract Tower,0,18,0,0,18,0,6,3,15,24,0,24,3,15,42,22,0,22,64
01/26/2023,SAW,MI,AGL,CE,Federal Contract Tower,1,14,1,0,16,0,0,16,9,25,1,14,17,9,41,128,0,128,169
01/27/2023,SAW,MI,AGL,CE,Federal Contract Tower,0,14,0,0,14,0,1,0,0,1,0,15,0,0,15,0,0,0,15
01/28/2023,SAW,MI,AGL,CE,Federal Contract Tower,0,11,1,0,12,2,0,12,7,21,2,11,13,7,33,24,42,66,99
01/29/2023,SAW,MI,AGL,CE,Federal Contract Tower,0,4,4,0,8,0,2,11,6,19,0,6,15,6,27,8,10,18,45
01/30/2023,SAW,MI,AGL,CE,Federal Contract Tower,5,19,0,2,26,0,0,8,0,8,5,19,8,2,34,14,0,14,48
01/31/2023,SAW,MI,AGL,CE,Federal Contract Tower,0,19,0,0,19,0,5,12,8,25,0,24,12,8,44,19,0,19,63
02/01/2023,SAW,MI,AGL,CE,Federal Contract Tower,0,15,2,0,17,0,1,15,10,26,0,16,17,10,43,4,0,4,47
02/02/2023,SAW,MI,AGL,CE,Federal Contract Tower,0,21,2,2,25,0,0,0,0,0,0,21,2,2,25,0,0,0,25
02/03/2023,SAW,MI,AGL,CE,Federal Contract Tower,0,13,2,1,16,0,0,15,3,18,0,13,17,4,34,14,16,30,64
02/04/2023,SAW,MI,AGL,CE,Federal Contract Tower,0,8,0,0,8,0,1,11,0,12,0,9,11,0,20,34,0,34,54
02/05/2023,SAW,MI,AGL,CE,Federal Contract Tower,0,12,1,0,13,0,0,1,0,1,0,12,2,0,14,0,0,0,14
02/06/2023,SAW,MI,AGL,CE,Federal Contract Tower,0,19,0,4,23,0,0,0,1,1,0,19,0,5,24,0,0,0,24
02/07/2023,SAW,MI,AGL,CE,Federal Contract Tower,0,22,0,0,22,0,0,2,6,8,0,22,2,6,30,0,0,0,30
02/08/2023,SAW,MI,AGL,CE,Federal Contract Tower,0,19,8,0,27,0,4,31,10,45,0,23,39,10,72,82,22,104,176
02/09/2023,SAW,MI,AGL,CE,Federal Contract Tower,1,20,0,0,21,0,1,9,2,12,1,21,9,2,33,28,0,28,61
02/10/2023,SAW,MI,AGL,CE,Federal Contract Tower,0,17,5,0,22,0,0,0,0,0,0,17,5,0,22,0,0,0,22
02/11/2023,SAW,MI,AGL,CE,Federal Contract Tower,0,11,1,0,12,0,1,9,22,32,0,12,10,22,44,0,30,30,74
02/12/2023,SAW,MI,AGL,CE,Federal Contract Tower,2,9,3,0,14,0,0,20,13,33,2,9,23,13,47,12,0,12,59
02/13/2023,SAW,MI,AGL,CE,Federal Contract Tower,0,17,1,2,20,0,5,0,6,11,0,22,1,8,31,0,16,16,47
02/14/2023,SAW,MI,AGL,CE,Federal Contract Tower,2,17,4,0,23,1,0,2,2,5,3,17,6,2,28,0,0,0,28
02/15/2023,SAW,MI,AGL,CE,Federal Contract Tower,0,15,1,0,16,0,0,0,0,0,0,15,1,0,16,0,0,0,16
02/16/2023,SAW,MI,AGL,CE,Federal Contract Tower,0,14,1,0,15,0,0,0,0,0,0,14,1,0,15,0,0,0,15
02/17/2023,SAW,MI,AGL,CE,Federal Contract Tower,1,15,6,0,22,0,1,2,10,13,1,16,8,10,35,4,24,28,63
02/18/2023,SAW,MI,AGL,CE,Federal Contract Tower,0,12,2,0,14,0,0,10,18,28,0,12,12,18,42,0,18,18,60
02/19/2023,SAW,MI,AGL,CE,Federal Contract Tower,0,6,2,0,8,0,0,11,7,18,0,6,13,7,26,14,4,18,44
02/20/2023,SAW,MI,AGL,CE,Federal Contract Tower,0,12,0,2,14,0,2,7,0,9,0,14,7,2,23,4,0,4,27
02/21/2023,SAW,MI,AGL,CE,Federal Contract Tower,0,14,0,2,16,0,0,0,0,0,0,14,0,2,16,0,0,0,16
02/22/2023,SAW,MI,AGL,CE,Federal Contract Tower,0,9,0,0,9,0,0,0,0,0,0,9,0,0,9,0,0,0,9
02/23/2023,SAW,MI,AGL,CE,Federal Contract Tower,0,2,0,0,2,0,0,0,0,0,0,2,0,0,2,0,0,0,2
02/24/2023,SAW,MI,AGL,CE,Federal Contract Tower,2,12,0,2,16,0,0,7,4,11,2,12,7,6,27,20,4,24,51
02/25/2023,SAW,MI,AGL,CE,Federal Contract Tower,2,8,2,0,12,0,0,8,14,22,2,8,10,14,34,34,4,38,72
02/26/2023,SAW,MI,AGL,CE,Federal Contract Tower,0,11,2,0,13,0,10,6,6,22,0,21,8,6,35,0,16,16,51
02/27/2023,SAW,MI,AGL,CE,Federal Contract Tower,0,14,0,0,14,0,0,0,0,0,0,14,0,0,14,0,0,0,14
02/28/2023,SAW,MI,AGL,CE,Federal Contract Tower,0,22,0,0,22,0,4,16,12,32,0,26,16,12,54,0,56,56,110
03/01/2023,SAW,MI,AGL,CE,Federal Contract Tower,0,13,1,0,14,0,0,0,6,6,0,13,1,6,20,0,22,22,42
03/02/2023,SAW,MI,AGL,CE,Federal Contract Tower,0,20,2,0,22,0,0,6,4,10,0,20,8,4,32,12,12,24,56
03/03/2023,SAW,MI,AGL,CE,Federal Contract Tower,0,12,1,0,13,0,0,0,0,0,0,12,1,0,13,0,0,0,13
03/04/2023,SAW,MI,AGL,CE,Federal Contract Tower,0,13,0,0,13,2,0,7,6,15,2,13,7,6,28,14,6,20,48
03/05/2023,SAW,MI,AGL,CE,Federal Contract Tower,2,13,2,0,17,0,2,24,8,34,2,15,26,8,51,28,10,38,89
03/06/2023,SAW,MI,AGL,CE,Federal Contract Tower,0,11,0,0,11,0,0,0,0,0,0,11,0,0,11,0,0,0,11
03/07/2023,SAW,MI,AGL,CE,Federal Contract Tower,0,22,2,4,28,0,6,12,8,26,0,28,14,12,54,28,26,54,108
03/08/2023,SAW,MI,AGL,CE,Federal Contract Tower,0,18,1,3,22,0,6,13,2,21,0,24,14,5,43,32,0,32,75
03/09/2023,SAW,MI,AGL,CE,Federal Contract Tower,0,16,2,0,18,0,3,6,0,9,0,19,8,0,27,18,0,18,45
03/10/2023,SAW,MI,AGL,CE,Federal Contract Tower,2,7,2,0,11,0,0,0,0,0,2,7,2,0,11,0,0,0,11
03/11/2023,SAW,MI,AGL,CE,Federal Contract Tower,2,12,2,1,17,0,0,5,13,18,2,12,7,14,35,12,16,28,63
03/12/2023,SAW,MI,AGL,CE,Federal Contract Tower,2,4,0,0,6,0,0,0,0,0,2,4,0,0,6,0,0,0,6
03/13/2023,SAW,MI,AGL,CE,Federal Contract Tower,2,7,0,2,11,0,0,0,0,0,2,7,0,2,11,0,8,8,19
03/14/2023,SAW,MI,AGL,CE,Federal Contract Tower,4,15,1,0,20,2,0,19,10,31,6,15,20,10,51,38,24,62,113
03/15/2023,SAW,MI,AGL,CE,Federal Contract Tower,4,16,0,0,20,0,0,10,8,18,4,16,10,8,38,2,10,12,50
03/16/2023,SAW,MI,AGL,CE,Federal Contract Tower,0,13,0,0,13,0,0,2,0,2,0,13,2,0,15,16,0,16,31
03/17/2023,SAW,MI,AGL,CE,Federal Contract Tower,7,5,0,0,12,0,0,0,0,0,7,5,0,0,12,0,0,0,12
03/18/2023,SAW,MI,AGL,CE,Federal Contract Tower,1,6,0,0,7,0,0,0,0,0,1,6,0,0,7,0,0,0,7
03/19/2023,SAW,MI,AGL,CE,Federal Contract Tower,2,6,1,0,9,0,0,2,12,14,2,6,3,12,23,2,24,26,49
03/20/2023,SAW,MI,AGL,CE,Federal Contract Tower,2,16,2,0,20,0,3,1,2,6,2,19,3,2,26,0,12,12,38
03/21/2023,SAW,MI,AGL,CE,Federal Contract Tower,3,19,0,0,22,2,1,7,2,12,5,20,7,2,34,44,2,46,80
03/22/2023,SAW,MI,AGL,CE,Federal Contract Tower,2,19,2,0,23,0,0,0,0,0,2,19,2,0,23,0,0,0,23
03/23/2023,SAW,MI,AGL,CE,Federal Contract Tower,0,18,11,1,30,0,0,9,0,9,0,18,20,1,39,10,0,10,49
03/24/2023,SAW,MI,AGL,CE,Federal Contract Tower,2,16,0,0,18,0,0,15,0,15,2,16,15,0,33,16,0,16,49
03/25/2023,SAW,MI,AGL,CE,Federal Contract Tower,2,8,3,0,13,0,0,9,0,9,2,8,12,0,22,6,0,6,28
03/26/2023,SAW,MI,AGL,CE,Federal Contract Tower,4,3,0,0,7,3,0,0,4,7,7,3,0,4,14,0,10,10,24
03/27/2023,SAW,MI,AGL,CE,Federal Contract Tower,4,6,1,1,12,0,2,4,8,14,4,8,5,9,26,0,18,18,44
03/28/2023,SAW,MI,AGL,CE,Federal Contract Tower,4,9,0,2,15,0,1,4,0,5,4,10,4,2,20,0,0,0,20
03/29/2023,SAW,MI,AGL,CE,Federal Contract Tower,0,14,0,0,14,0,0,2,8,10,0,14,2,8,24,0,0,0,24
03/30/2023,SAW,MI,AGL,CE,Federal Contract Tower,0,20,7,1,28,0,1,6,13,20,0,21,13,14,48,0,2,2,50
03/31/2023,SAW,MI,AGL,CE,Federal Contract Tower,0,16,0,0,16,0,0,0,0,0,0,16,0,0,16,0,0,0,16
04/01/2023,SAW,MI,AGL,CE,Federal Contract Tower,2,1,0,0,3,0,0,0,0,0,2,1,0,0,3,0,0,0,3
04/02/2023,SAW,MI,AGL,CE,Federal Contract Tower,4,6,0,0,10,0,0,0,6,6,4,6,0,6,16,0,6,6,22
04/03/2023,SAW,MI,AGL,CE,Federal Contract Tower,2,8,1,0,11,0,0,7,6,13,2,8,8,6,24,22,14,36,60
04/04/2023,SAW,MI,AGL,CE,Federal Contract Tower,4,9,0,0,13,0,0,0,2,2,4,9,0,2,15,0,0,0,15
04/05/2023,SAW,MI,AGL,CE,Federal Contract Tower,2,3,0,0,5,0,0,0,1,1,2,3,0,1,6,0,0,0,6
04/06/2023,SAW,MI,AGL,CE,Federal Contract Tower,0,19,0,1,20,0,1,0,3,4,0,20,0,4,24,0,0,0,24
04/07/2023,SAW,MI,AGL,CE,Federal Contract Tower,2,14,0,0,16,0,2,30,0,32,2,16,30,0,48,36,0,36,84
04/08/2023,SAW,MI,AGL,CE,Federal Contract Tower,2,9,4,0,15,0,0,20,0,20,2,9,24,0,35,64,0,64,99
04/09/2023,SAW,MI,AGL,CE,Federal Contract Tower,2,2,0,0,4,0,0,3,0,3,2,2,3,0,7,6,0,6,13
04/10/2023,SAW,MI,AGL,CE,Federal Contract Tower,2,14,0,0,16,2,4,18,0,24,4,18,18,0,40,48,0,48,88
04/11/2023,SAW,MI,AGL,CE,Federal Contract Tower,2,16,0,0,18,0,4,12,2,18,2,20,12,2,36,16,0,16,52
04/12/2023,SAW,MI,AGL,CE,Federal Contract Tower,4,12,0,2,18,4,0,16,0,20,8,12,16,2,38,18,0,18,56
04/13/2023,SAW,MI,AGL,CE,Federal Contract Tower,0,18,2,0,20,0,2,17,0,19,0,20,19,0,39,32,0,32,71
04/14/2023,SAW,MI,AGL,CE,Federal Contract Tower,1,20,5,2,28,0,0,31,2,33,1,20,36,4,61,30,0,30,91
04/15/2023,SAW,MI,AGL,CE,Federal Contract Tower,2,7,1,0,10,0,0,14,0,14,2,7,15,0,24,14,0,14,38
04/16/2023,SAW,MI,AGL,CE,Federal Contract Tower,0,6,0,0,6,0,0,0,0,0,0,6,0,0,6,0,0,0,6
04/17/2023,SAW,MI,AGL,CE,Federal Contract Tower,2,9,0,0,11,0,0,0,0,0,2,9,0,0,11,0,0,0,11
04/18/2023,SAW,MI,AGL,CE,Federal Contract Tower,2,21,1,0,24,0,0,2,0,2,2,21,3,0,26,0,0,0,26
04/19/2023,SAW,MI,AGL,CE,Federal Contract Tower,2,20,0,0,22,0,0,18,2,20,2,20,18,2,42,48,2,50,92
04/20/2023,SAW,MI,AGL,CE,Federal Contract Tower,0,13,1,2,16,0,0,0,0,0,0,13,1,2,16,0,0,0,16
04/21/2023,SAW,MI,AGL,CE,Federal Contract Tower,2,12,6,0,20,0,0,11,7,18,2,12,17,7,38,28,0,28,66
04/22/2023,SAW,MI,AGL,CE,Federal Contract Tower,2,9,1,0,12,0,0,2,2,4,2,9,3,2,16,0,0,0,16
04/23/2023,SAW,MI,AGL,CE,Federal Contract Tower,2,5,0,0,7,0,0,3,0,3,2,5,3,0,10,0,0,0,10
04/24/2023,SAW,MI,AGL,CE,Federal Contract Tower,2,13,2,0,17,0,0,10,4,14,2,13,12,4,31,16,10,26,57
04/25/2023,SAW,MI,AGL,CE,Federal Contract Tower,2,11,2,0,15,0,3,10,1,14,2,14,12,1,29,28,0,28,57
04/26/2023,SAW,MI,AGL,CE,Federal Contract Tower,2,20,0,2,24,0,0,25,18,43,2,20,25,20,67,34,68,102,169
04/27/2023,SAW,MI,AGL,CE,Federal Contract Tower,0,18,1,0,19,0,0,1,0,1,0,18,2,0,20,0,0,0,20
04/28/2023,SAW,MI,AGL,CE,Federal Contract Tower,9,15,1,0,25,0,4,13,0,17,9,19,14,0,42,54,0,54,96
04/29/2023,SAW,MI,AGL,CE,Federal Contract Tower,2,9,0,0,11,0,0,0,0,0,2,9,0,0,11,0,0,0,11
04/30/2023,SAW,MI,AGL,CE,Federal Contract Tower,2,7,0,0,9,0,0,0,0,0,2,7,0,0,9,0,0,0,9
05/01/2023,SAW,MI,AGL,CE,Federal Contract Tower,0,0,0,0,0,0,0,0,0,0,0,0,0,0,0,0,0,0,0
05/02/2023,SAW,MI,AGL,CE,Federal Contract Tower,2,4,0,0,6,0,0,0,0,0,2,4,0,0,6,0,0,0,6
05/03/2023,SAW,MI,AGL,CE,Federal Contract Tower,4,18,0,0,22,0,0,8,2,10,4,18,8,2,32,0,0,0,32
05/04/2023,SAW,MI,AGL,CE,Federal Contract Tower,2,18,1,0,21,0,0,5,0,5,2,18,6,0,26,2,0,2,28
05/05/2023,SAW,MI,AGL,CE,Federal Contract Tower,0,14,0,0,14,0,0,2,0,2,0,14,2,0,16,0,0,0,16
05/06/2023,SAW,MI,AGL,CE,Federal Contract Tower,0,13,2,0,15,0,0,0,0,0,0,13,2,0,15,0,0,0,15
05/07/2023,SAW,MI,AGL,CE,Federal Contract Tower,2,6,1,0,9,0,0,0,0,0,2,6,1,0,9,0,0,0,9
05/08/2023,SAW,MI,AGL,CE,Federal Contract Tower,2,22,3,0,27,0,0,27,2,29,2,22,30,2,56,38,0,38,94
05/09/2023,SAW,MI,AGL,CE,Federal Contract Tower,3,25,6,0,34,0,4,33,0,37,3,29,39,0,71,50,0,50,121
05/10/2023,SAW,MI,AGL,CE,Federal Contract Tower,2,13,2,0,17,0,0,23,0,23,2,13,25,0,40,32,0,32,72
05/11/2023,SAW,MI,AGL,CE,Federal Contract Tower,8,18,5,0,31,0,3,14,0,17,8,21,19,0,48,34,0,34,82
05/12/2023,SAW,MI,AGL,CE,Federal Contract Tower,0,14,1,2,17,0,2,24,2,28,0,16,25,4,45,16,0,16,61
05/13/2023,SAW,MI,AGL,CE,Federal Contract Tower,0,16,2,0,18,0,0,10,9,19,0,16,12,9,37,0,0,0,37
05/14/2023,SAW,MI,AGL,CE,Federal Contract Tower,1,6,4,0,11,0,0,15,0,15,1,6,19,0,26,12,0,12,38
05/15/2023,SAW,MI,AGL,CE,Federal Contract Tower,2,11,1,0,14,0,6,18,0,24,2,17,19,0,38,10,0,10,48
05/16/2023,SAW,MI,AGL,CE,Federal Contract Tower,2,18,6,5,31,0,4,13,0,17,2,22,19,5,48,2,2,4,52
05/17/2023,SAW,MI,AGL,CE,Federal Contract Tower,2,17,6,0,25,0,3,22,2,27,2,20,28,2,52,50,0,50,102
05/18/2023,SAW,MI,AGL,CE,Federal Contract Tower,2,25,2,0,29,0,0,11,0,11,2,25,13,0,40,2,0,2,42
05/19/2023,SAW,MI,AGL,CE,Federal Contract Tower,2,15,3,2,22,0,0,0,0,0,2,15,3,2,22,0,0,0,22
05/20/2023,SAW,MI,AGL,CE,Federal Contract Tower,2,8,2,0,12,0,0,18,0,18,2,8,20,0,30,18,0,18,48
05/21/2023,SAW,MI,AGL,CE,Federal Contract Tower,1,7,1,0,9,0,0,42,0,42,1,7,43,0,51,4,0,4,55
05/22/2023,SAW,MI,AGL,CE,Federal Contract Tower,2,13,1,0,16,0,5,29,0,34,2,18,30,0,50,44,0,44,94
05/23/2023,SAW,MI,AGL,CE,Federal Contract Tower,2,17,0,0,19,0,2,18,2,22,2,19,18,2,41,34,0,34,75
05/24/2023,SAW,MI,AGL,CE,Federal Contract Tower,0,21,7,0,28,0,2,18,0,20,0,23,25,0,48,24,0,24,72
05/25/2023,SAW,MI,AGL,CE,Federal Contract Tower,0,20,4,0,24,0,1,25,4,30,0,21,29,4,54,36,0,36,90
05/26/2023,SAW,MI,AGL,CE,Federal Contract Tower,0,17,8,0,25,0,0,24,0,24,0,17,32,0,49,32,0,32,81
05/27/2023,SAW,MI,AGL,CE,Federal Contract Tower,2,12,1,0,15,0,6,7,1,14,2,18,8,1,29,20,0,20,49
05/28/2023,SAW,MI,AGL,CE,Federal Contract Tower,2,9,0,0,11,0,3,15,0,18,2,12,15,0,29,0,0,0,29
05/29/2023,SAW,MI,AGL,CE,Federal Contract Tower,2,7,2,0,11,0,1,19,2,22,2,8,21,2,33,20,0,20,53
05/30/2023,SAW,MI,AGL,CE,Federal Contract Tower,2,15,0,0,17,0,3,16,6,25,2,18,16,6,42,6,0,6,48
05/31/2023,SAW,MI,AGL,CE,Federal Contract Tower,1,15,1,0,17,0,0,12,1,13,1,15,13,1,30,12,0,12,42
06/01/2023,SAW,MI,AGL,CE,Federal Contract Tower,2,14,1,0,17,0,2,15,0,17,2,16,16,0,34,36,0,36,70
06/02/2023,SAW,MI,AGL,CE,Federal Contract Tower,4,9,1,0,14,2,6,34,0,42,6,15,35,0,56,62,0,62,118
06/03/2023,SAW,MI,AGL,CE,Federal Contract Tower,3,7,1,0,11,0,4,13,0,17,3,11,14,0,28,8,0,8,36
06/04/2023,SAW,MI,AGL,CE,Federal Contract Tower,4,4,1,0,9,0,1,15,0,16,4,5,16,0,25,16,0,16,41
06/05/2023,SAW,MI,AGL,CE,Federal Contract Tower,10,11,6,2,29,0,2,8,0,10,10,13,14,2,39,22,0,22,61
06/06/2023,SAW,MI,AGL,CE,Federal Contract Tower,6,13,1,2,22,0,4,21,1,26,6,17,22,3,48,6,6,12,60
06/07/2023,SAW,MI,AGL,CE,Federal Contract Tower,3,13,0,3,19,0,0,26,4,30,3,13,26,7,49,0,0,0,49
06/08/2023,SAW,MI,AGL,CE,Federal Contract Tower,6,10,7,0,23,0,1,22,3,26,6,11,29,3,49,70,0,70,119
06/09/2023,SAW,MI,AGL,CE,Federal Contract Tower,4,17,7,0,28,0,8,30,2,40,4,25,37,2,68,56,0,56,124
06/10/2023,SAW,MI,AGL,CE,Federal Contract Tower,3,8,6,0,17,2,0,3,0,5,5,8,9,0,22,6,0,6,28
06/11/2023,SAW,MI,AGL,CE,Federal Contract Tower,3,4,4,0,11,3,0,0,0,3,6,4,4,0,14,0,0,0,14
06/12/2023,SAW,MI,AGL,CE,Federal Contract Tower,4,14,6,0,24,0,0,3,0,3,4,14,9,0,27,16,0,16,43
06/13/2023,SAW,MI,AGL,CE,Federal Contract Tower,3,18,2,0,23,0,0,0,0,0,3,18,2,0,23,0,0,0,23
06/14/2023,SAW,MI,AGL,CE,Federal Contract Tower,2,14,3,0,19,0,0,16,0,16,2,14,19,0,35,44,0,44,79
06/15/2023,SAW,MI,AGL,CE,Federal Contract Tower,8,16,3,0,27,0,2,0,0,2,8,18,3,0,29,0,0,0,29
06/16/2023,SAW,MI,AGL,CE,Federal Contract Tower,4,10,5,0,19,1,0,31,8,40,5,10,36,8,59,94,0,94,153
06/17/2023,SAW,MI,AGL,CE,Federal Contract Tower,2,6,4,0,12,0,0,71,0,71,2,6,75,0,83,28,0,28,111
06/18/2023,SAW,MI,AGL,CE,Federal Contract Tower,4,3,5,0,12,0,2,6,0,8,4,5,11,0,20,0,0,0,20
06/19/2023,SAW,MI,AGL,CE,Federal Contract Tower,6,13,0,0,19,0,3,17,0,20,6,16,17,0,39,30,0,30,69
06/20/2023,SAW,MI,AGL,CE,Federal Contract Tower,3,21,1,0,25,0,1,13,0,14,3,22,14,0,39,0,0,0,39
06/21/2023,SAW,MI,AGL,CE,Federal Contract Tower,3,13,5,0,21,0,1,13,0,14,3,14,18,0,35,0,0,0,35
06/22/2023,SAW,MI,AGL,CE,Federal Contract Tower,4,16,2,0,22,0,0,24,4,28,4,16,26,4,50,12,0,12,62
06/23/2023,SAW,MI,AGL,CE,Federal Contract Tower,4,14,6,9,33,0,2,20,5,27,4,16,26,14,60,28,16,44,104
06/24/2023,SAW,MI,AGL,CE,Federal Contract Tower,3,5,3,0,11,0,2,6,2,10,3,7,9,2,21,10,0,10,31
06/25/2023,SAW,MI,AGL,CE,Federal Contract Tower,4,3,3,0,10,0,0,1,0,1,4,3,4,0,11,0,0,0,11
06/27/2023,SAW,MI,AGL,CE,Federal Contract Tower,3,22,2,2,29,0,2,33,6,41,3,24,35,8,70,54,0,54,124
06/28/2023,SAW,MI,AGL,CE,Federal Contract Tower,3,16,7,0,26,0,0,6,0,6,3,16,13,0,32,12,0,12,44
06/29/2023,SAW,MI,AGL,CE,Federal Contract Tower,5,20,4,0,29,0,0,6,0,6,5,20,10,0,35,18,0,18,53
06/30/2023,SAW,MI,AGL,CE,Federal Contract Tower,4,20,1,2,27,0,3,14,3,20,4,23,15,5,47,30,0,30,77
07/01/2023,SAW,MI,AGL,CE,Federal Contract Tower,3,7,0,0,10,2,2,12,2,18,5,9,12,2,28,18,0,18,46
07/02/2023,SAW,MI,AGL,CE,Federal Contract Tower,5,5,0,0,10,0,0,21,0,21,5,5,21,0,31,12,0,12,43
07/03/2023,SAW,MI,AGL,CE,Federal Contract Tower,5,6,3,4,18,0,0,35,4,39,5,6,38,8,57,84,10,94,151
07/04/2023,SAW,MI,AGL,CE,Federal Contract Tower,4,0,0,0,4,0,0,11,0,11,4,0,11,0,15,12,0,12,27
07/05/2023,SAW,MI,AGL,CE,Federal Contract Tower,8,13,0,0,21,0,0,0,0,0,8,13,0,0,21,0,0,0,21
07/06/2023,SAW,MI,AGL,CE,Federal Contract Tower,5,11,1,2,19,0,0,17,14,31,5,11,18,16,50,14,0,14,64
07/07/2023,SAW,MI,AGL,CE,Federal Contract Tower,5,15,1,0,21,0,0,21,1,22,5,15,22,1,43,44,0,44,87
07/08/2023,SAW,MI,AGL,CE,Federal Contract Tower,4,7,1,1,13,0,0,12,1,13,4,7,13,2,26,8,2,10,36
07/09/2023,SAW,MI,AGL,CE,Federal Contract Tower,5,6,1,1,13,0,0,6,2,8,5,6,7,3,21,0,0,0,21
07/10/2023,SAW,MI,AGL,CE,Federal Contract Tower,5,9,3,0,17,0,0,15,0,15,5,9,18,0,32,52,0,52,84
07/11/2023,SAW,MI,AGL,CE,Federal Contract Tower,5,21,2,0,28,0,0,28,0,28,5,21,30,0,56,34,0,34,90
07/12/2023,SAW,MI,AGL,CE,Federal Contract Tower,5,15,6,0,26,0,1,21,0,22,5,16,27,0,48,64,0,64,112
07/13/2023,SAW,MI,AGL,CE,Federal Contract Tower,5,9,5,1,20,0,2,20,3,25,5,11,25,4,45,94,32,126,171
07/14/2023,SAW,MI,AGL,CE,Federal Contract Tower,5,12,0,0,17,0,2,5,0,7,5,14,5,0,24,0,0,0,24
07/15/2023,SAW,MI,AGL,CE,Federal Contract Tower,3,8,5,0,16,0,2,4,0,6,3,10,9,0,22,2,0,2,24
07/17/2023,SAW,MI,AGL,CE,Federal Contract Tower,4,15,6,0,25,0,0,8,0,8,4,15,14,0,33,20,0,20,53
07/18/2023,SAW,MI,AGL,CE,Federal Contract Tower,5,14,4,1,24,0,3,29,1,33,5,17,33,2,57,20,0,20,77
07/19/2023,SAW,MI,AGL,CE,Federal Contract Tower,5,25,5,0,35,0,0,14,0,14,5,25,19,0,49,76,0,76,125
07/20/2023,SAW,MI,AGL,CE,Federal Contract Tower,6,11,5,0,22,0,0,0,0,0,6,11,5,0,22,0,0,0,22
07/21/2023,SAW,MI,AGL,CE,Federal Contract Tower,5,14,3,0,22,0,2,55,0,57,5,16,58,0,79,84,0,84,163
07/22/2023,SAW,MI,AGL,CE,Federal Contract Tower,3,8,1,0,12,0,0,20,0,20,3,8,21,0,32,10,0,10,42
07/23/2023,SAW,MI,AGL,CE,Federal Contract Tower,5,4,3,0,12,0,0,18,0,18,5,4,21,0,30,0,0,0,30
07/24/2023,SAW,MI,AGL,CE,Federal Contract Tower,9,14,1,0,24,0,0,12,0,12,9,14,13,0,36,24,0,24,60
07/25/2023,SAW,MI,AGL,CE,Federal Contract Tower,5,16,3,0,24,0,0,22,2,24,5,16,25,2,48,30,0,30,78
07/26/2023,SAW,MI,AGL,CE,Federal Contract Tower,6,6,5,0,17,0,1,6,0,7,6,7,11,0,24,6,0,6,30
07/27/2023,SAW,MI,AGL,CE,Federal Contract Tower,6,17,5,0,28,0,0,8,0,8,6,17,13,0,36,4,0,4,40
07/28/2023,SAW,MI,AGL,CE,Federal Contract Tower,5,14,3,0,22,0,0,15,0,15,5,14,18,0,37,32,0,32,69
07/29/2023,SAW,MI,AGL,CE,Federal Contract Tower,3,15,1,0,19,0,1,18,0,19,3,16,19,0,38,26,0,26,64
07/30/2023,SAW,MI,AGL,CE,Federal Contract Tower,5,5,4,0,14,0,2,9,0,11,5,7,13,0,25,8,0,8,33
07/31/2023,SAW,MI,AGL,CE,Federal Contract Tower,5,11,2,0,18,0,0,21,0,21,5,11,23,0,39,72,0,72,111
08/01/2023,SAW,MI,AGL,CE,Federal Contract Tower,5,18,0,0,23,0,1,22,0,23,5,19,22,0,46,72,0,72,118
08/02/2023,SAW,MI,AGL,CE,Federal Contract Tower,5,20,4,0,29,0,0,16,0,16,5,20,20,0,45,58,0,58,103
08/03/2023,SAW,MI,AGL,CE,Federal Contract Tower,5,12,6,0,23,0,0,14,0,14,5,12,20,0,37,22,0,22,59
08/04/2023,SAW,MI,AGL,CE,Federal Contract Tower,6,10,12,0,28,0,0,15,0,15,6,10,27,0,43,6,0,6,49
08/05/2023,SAW,MI,AGL,CE,Federal Contract Tower,5,8,3,1,17,0,0,27,0,27,5,8,30,1,44,22,0,22,66
08/06/2023,SAW,MI,AGL,CE,Federal Contract Tower,5,8,6,2,21,0,2,12,1,15,5,10,18,3,36,20,0,20,56
08/07/2023,SAW,MI,AGL,CE,Federal Contract Tower,5,15,3,0,23,0,0,25,0,25,5,15,28,0,48,62,0,62,110
08/08/2023,SAW,MI,AGL,CE,Federal Contract Tower,5,11,2,0,18,0,1,24,3,28,5,12,26,3,46,54,14,68,114
08/09/2023,SAW,MI,AGL,CE,Federal Contract Tower,3,11,1,5,20,0,0,13,1,14,3,11,14,6,34,30,38,68,102
08/10/2023,SAW,MI,AGL,CE,Federal Contract Tower,6,12,3,4,25,2,0,12,2,16,8,12,15,6,41,4,18,22,63
08/11/2023,SAW,MI,AGL,CE,Federal Contract Tower,7,14,7,0,28,0,0,0,0,0,7,14,7,0,28,0,0,0,28
08/12/2023,SAW,MI,AGL,CE,Federal Contract Tower,5,13,2,0,20,0,0,0,0,0,5,13,2,0,20,0,0,0,20
08/13/2023,SAW,MI,AGL,CE,Federal Contract Tower,6,2,6,0,14,0,0,26,0,26,6,2,32,0,40,58,0,58,98
08/14/2023,SAW,MI,AGL,CE,Federal Contract Tower,5,11,3,0,19,0,0,20,1,21,5,11,23,1,40,50,0,50,90
08/15/2023,SAW,MI,AGL,CE,Federal Contract Tower,3,18,0,8,29,0,3,31,0,34,3,21,31,8,63,66,0,66,129
08/16/2023,SAW,MI,AGL,CE,Federal Contract Tower,7,22,0,0,29,0,1,18,1,20,7,23,18,1,49,36,0,36,85
08/17/2023,SAW,MI,AGL,CE,Federal Contract Tower,4,18,0,0,22,0,0,0,0,0,4,18,0,0,22,0,0,0,22
08/18/2023,SAW,MI,AGL,CE,Federal Contract Tower,3,19,4,0,26,2,0,29,0,31,5,19,33,0,57,34,0,34,91
08/19/2023,SAW,MI,AGL,CE,Federal Contract Tower,2,13,3,2,20,0,3,10,0,13,2,16,13,2,33,2,0,2,35
08/20/2023,SAW,MI,AGL,CE,Federal Contract Tower,2,5,6,0,13,0,0,8,0,8,2,5,14,0,21,0,0,0,21
08/21/2023,SAW,MI,AGL,CE,Federal Contract Tower,2,17,2,0,21,0,1,26,0,27,2,18,28,0,48,32,0,32,80
08/22/2023,SAW,MI,AGL,CE,Federal Contract Tower,2,14,12,0,28,0,0,0,0,0,2,14,12,0,28,0,0,0,28
08/23/2023,SAW,MI,AGL,CE,Federal Contract Tower,4,19,8,0,31,0,0,0,0,0,4,19,8,0,31,0,0,0,31
08/24/2023,SAW,MI,AGL,CE,Federal Contract Tower,3,26,3,0,32,0,0,0,0,0,3,26,3,0,32,2,0,2,34
08/25/2023,SAW,MI,AGL,CE,Federal Contract Tower,2,23,10,0,35,0,0,15,0,15,2,23,25,0,50,46,0,46,96
08/26/2023,SAW,MI,AGL,CE,Federal Contract Tower,3,13,4,0,20,0,0,30,0,30,3,13,34,0,50,0,0,0,50
08/27/2023,SAW,MI,AGL,CE,Federal Contract Tower,2,8,4,0,14,0,0,44,0,44,2,8,48,0,58,60,0,60,118
08/28/2023,SAW,MI,AGL,CE,Federal Contract Tower,11,17,4,1,33,0,0,42,1,43,11,17,46,2,76,26,4,30,106
08/29/2023,SAW,MI,AGL,CE,Federal Contract Tower,2,19,4,0,25,0,0,0,0,0,2,19,4,0,25,0,0,0,25
08/30/2023,SAW,MI,AGL,CE,Federal Contract Tower,2,16,0,5,23,0,0,35,0,35,2,16,35,5,58,68,2,70,128
08/31/2023,SAW,MI,AGL,CE,Federal Contract Tower,2,15,5,0,22,0,7,45,0,52,2,22,50,0,74,38,0,38,112
