01/01/2020,SBA,CA,AWP,WE,Combined TRACON& Tower with Radar,27,42,28,0,97,0,1,47,0,48,27,43,75,0,145,22,0,22,167
01/02/2020,SBA,CA,AWP,WE,Combined TRACON& Tower with Radar,28,52,63,3,146,0,0,67,2,69,28,52,130,5,215,136,0,136,351
01/03/2020,SBA,CA,AWP,WE,Combined TRACON& Tower with Radar,28,56,38,0,122,0,4,87,2,93,28,60,125,2,215,122,0,122,337
01/04/2020,SBA,CA,AWP,WE,Combined TRACON& Tower with Radar,28,49,43,0,120,0,4,84,0,88,28,53,127,0,208,124,0,124,332
01/05/2020,SBA,CA,AWP,WE,Combined TRACON& Tower with Radar,29,46,51,0,126,0,3,86,0,89,29,49,137,0,215,78,0,78,293
01/06/2020,SBA,CA,AWP,WE,Combined TRACON& Tower with Radar,29,50,29,2,110,0,2,68,0,70,29,52,97,2,180,52,0,52,232
01/07/2020,SBA,CA,AWP,WE,Combined TRACON& Tower with Radar,26,47,32,3,108,0,0,83,2,85,26,47,115,5,193,148,0,148,341
01/08/2020,SBA,CA,AWP,WE,Combined TRACON& Tower with Radar,30,42,35,6,113,0,2,67,1,70,30,44,102,7,183,138,4,142,325
01/09/2020,SBA,CA,AWP,WE,Combined TRACON& Tower with Radar,32,55,35,2,124,0,0,41,4,45,32,55,76,6,169,82,0,82,251
01/10/2020,SBA,CA,AWP,WE,Combined TRACON& Tower with Radar,26,46,38,2,112,0,8,90,3,101,26,54,128,5,213,226,0,226,439
01/11/2020,SBA,CA,AWP,WE,Combined TRACON& Tower with Radar,23,32,39,0,94,0,1,76,0,77,23,33,115,0,171,176,0,176,347
01/12/2020,SBA,CA,AWP,WE,Combined TRACON& Tower with Radar,30,36,39,0,105,0,0,94,0,94,30,36,133,0,199,162,0,162,361
01/13/2020,SBA,CA,AWP,WE,Combined TRACON& Tower with Radar,29,49,36,5,119,0,2,68,0,70,29,51,104,5,189,98,0,98,287
01/14/2020,SBA,CA,AWP,WE,Combined TRACON& Tower with Radar,26,43,40,0,109,0,3,74,1,78,26,46,114,1,187,122,0,122,309
01/15/2020,SBA,CA,AWP,WE,Combined TRACON& Tower with Radar,31,46,31,10,118,0,2,75,0,77,31,48,106,10,195,138,24,162,357
01/16/2020,SBA,CA,AWP,WE,Combined TRACON& Tower with Radar,30,50,46,4,130,0,0,9,2,11,30,50,55,6,141,168,0,168,309
01/17/2020,SBA,CA,AWP,WE,Combined TRACON& Tower with Radar,30,57,36,4,127,0,1,105,0,106,30,58,141,4,233,126,0,126,359
01/18/2020,SBA,CA,AWP,WE,Combined TRACON& Tower with Radar,22,37,35,0,94,0,2,85,2,89,22,39,120,2,183,96,0,96,279
01/19/2020,SBA,CA,AWP,WE,Combined TRACON& Tower with Radar,33,52,44,0,129,0,0,95,1,96,33,52,139,1,225,62,0,62,287
01/20/2020,SBA,CA,AWP,WE,Combined TRACON& Tower with Radar,29,55,53,0,137,0,1,86,0,87,29,56,139,0,224,118,2,120,344
01/21/2020,SBA,CA,AWP,WE,Combined TRACON& Tower with Radar,27,57,53,2,139,0,2,59,0,61,27,59,112,2,200,70,2,72,272
01/22/2020,SBA,CA,AWP,WE,Combined TRACON& Tower with Radar,29,40,34,0,103,0,0,60,5,65,29,40,94,5,168,102,0,102,270
01/23/2020,SBA,CA,AWP,WE,Combined TRACON& Tower with Radar,29,60,37,5,131,0,2,92,1,95,29,62,129,6,226,64,0,64,290
01/24/2020,SBA,CA,AWP,WE,Combined TRACON& Tower with Radar,29,64,32,4,129,0,2,113,3,118,29,66,145,7,247,192,0,192,439
01/25/2020,SBA,CA,AWP,WE,Combined TRACON& Tower with Radar,24,32,33,1,90,0,1,113,2,116,24,33,146,3,206,144,0,144,350
01/26/2020,SBA,CA,AWP,WE,Combined TRACON& Tower with Radar,31,47,50,0,128,0,0,40,0,40,31,47,90,0,168,120,0,120,288
01/27/2020,SBA,CA,AWP,WE,Combined TRACON& Tower with Radar,29,59,39,0,127,0,3,63,0,66,29,62,102,0,193,82,0,82,275
01/28/2020,SBA,CA,AWP,WE,Combined TRACON& Tower with Radar,26,47,25,2,100,0,1,67,3,71,26,48,92,5,171,142,0,142,313
01/29/2020,SBA,CA,AWP,WE,Combined TRACON& Tower with Radar,28,40,35,0,103,0,3,37,0,40,28,43,72,0,143,132,0,132,275
01/30/2020,SBA,CA,AWP,WE,Combined TRACON& Tower with Radar,30,48,32,2,112,0,1,85,2,88,30,49,117,4,200,142,0,142,342
01/31/2020,SBA,CA,AWP,WE,Combined TRACON& Tower with Radar,30,45,43,1,119,0,2,96,0,98,30,47,139,1,217,96,0,96,313
02/01/2020,SBA,CA,AWP,WE,Combined TRACON& Tower with Radar,24,34,21,0,79,0,0,116,0,116,24,34,137,0,195,64,0,64,259
02/02/2020,SBA,CA,AWP,WE,Combined TRACON& Tower with Radar,28,37,24,2,91,0,0,43,0,43,28,37,67,2,134,98,2,100,234
02/03/2020,SBA,CA,AWP,WE,Combined TRACON& Tower with Radar,29,46,19,1,95,0,1,33,0,34,29,47,52,1,129,28,0,28,157
02/04/2020,SBA,CA,AWP,WE,Combined TRACON& Tower with Radar,28,41,26,8,103,0,1,75,1,77,28,42,101,9,180,94,2,96,276
02/05/2020,SBA,CA,AWP,WE,Combined TRACON& Tower with Radar,33,38,31,0,102,0,7,113,0,120,33,45,144,0,222,90,0,90,312
02/06/2020,SBA,CA,AWP,WE,Combined TRACON& Tower with Radar,33,41,43,2,119,0,3,102,3,108,33,44,145,5,227,152,0,152,379
02/07/2020,SBA,CA,AWP,WE,Combined TRACON& Tower with Radar,32,49,36,0,117,0,0,107,0,107,32,49,143,0,224,62,0,62,286
02/08/2020,SBA,CA,AWP,WE,Combined TRACON& Tower with Radar,25,35,50,0,110,0,1,59,2,62,25,36,109,2,172,60,0,60,232
02/09/2020,SBA,CA,AWP,WE,Combined TRACON& Tower with Radar,29,51,35,0,115,0,0,42,5,47,29,51,77,5,162,120,0,120,282
02/10/2020,SBA,CA,AWP,WE,Combined TRACON& Tower with Radar,29,51,35,0,115,0,0,62,0,62,29,51,97,0,177,45,0,45,222
02/11/2020,SBA,CA,AWP,WE,Combined TRACON& Tower with Radar,26,44,26,9,105,0,0,58,0,58,26,44,84,9,163,188,4,192,355
02/12/2020,SBA,CA,AWP,WE,Combined TRACON& Tower with Radar,32,50,37,5,124,0,2,75,0,77,32,52,112,5,201,88,0,88,289
02/13/2020,SBA,CA,AWP,WE,Combined TRACON& Tower with Radar,33,54,29,2,118,0,1,99,0,100,33,55,128,2,218,154,0,154,372
02/14/2020,SBA,CA,AWP,WE,Combined TRACON& Tower with Radar,31,52,71,0,154,0,2,108,0,110,31,54,179,0,264,102,0,102,366
02/15/2020,SBA,CA,AWP,WE,Combined TRACON& Tower with Radar,28,34,29,1,92,0,0,136,1,137,28,34,165,2,229,82,0,82,311
02/16/2020,SBA,CA,AWP,WE,Combined TRACON& Tower with Radar,28,40,38,0,106,0,0,129,0,129,28,40,167,0,235,144,0,144,379
02/17/2020,SBA,CA,AWP,WE,Combined TRACON& Tower with Radar,31,53,57,0,141,0,3,103,0,106,31,56,160,0,247,80,0,80,327
02/18/2020,SBA,CA,AWP,WE,Combined TRACON& Tower with Radar,30,45,55,0,130,0,1,44,0,45,30,46,99,0,175,76,0,76,251
02/19/2020,SBA,CA,AWP,WE,Combined TRACON& Tower with Radar,29,43,52,0,124,0,0,65,2,67,29,43,117,2,191,28,2,30,221
02/20/2020,SBA,CA,AWP,WE,Combined TRACON& Tower with Radar,31,64,57,2,154,0,4,80,1,85,31,68,137,3,239,76,6,82,321
02/21/2020,SBA,CA,AWP,WE,Combined TRACON& Tower with Radar,32,55,43,3,133,0,2,97,1,100,32,57,140,4,233,114,2,116,349
02/22/2020,SBA,CA,AWP,WE,Combined TRACON& Tower with Radar,27,36,38,0,101,0,1,33,0,34,27,37,71,0,135,104,0,104,239
02/23/2020,SBA,CA,AWP,WE,Combined TRACON& Tower with Radar,31,36,55,3,125,0,1,118,1,120,31,37,173,4,245,167,8,175,420
02/24/2020,SBA,CA,AWP,WE,Combined TRACON& Tower with Radar,32,45,31,2,110,0,0,80,0,80,32,45,111,2,190,146,0,146,336
02/25/2020,SBA,CA,AWP,WE,Combined TRACON& Tower with Radar,31,44,23,2,100,0,2,102,0,104,31,46,125,2,204,158,0,158,362
02/26/2020,SBA,CA,AWP,WE,Combined TRACON& Tower with Radar,29,43,30,0,102,0,0,79,0,79,29,43,109,0,181,54,0,54,235
02/27/2020,SBA,CA,AWP,WE,Combined TRACON& Tower with Radar,31,48,41,4,124,0,3,113,0,116,31,51,154,4,240,148,0,148,388
02/28/2020,SBA,CA,AWP,WE,Combined TRACON& Tower with Radar,29,60,44,0,133,0,0,92,0,92,29,60,136,0,225,108,0,108,333
02/29/2020,SBA,CA,AWP,WE,Combined TRACON& Tower with Radar,28,37,40,0,105,0,1,120,2,123,28,38,160,2,228,82,0,82,310
03/01/2020,SBA,CA,AWP,WE,Combined TRACON& Tower with Radar,33,55,41,0,129,0,1,18,1,20,33,56,59,1,149,130,0,130,279
03/02/2020,SBA,CA,AWP,WE,Combined TRACON& Tower with Radar,34,45,20,6,105,0,1,51,5,57,34,46,71,11,162,48,0,48,210
03/03/2020,SBA,CA,AWP,WE,Combined TRACON& Tower with Radar,29,43,20,1,93,0,1,63,1,65,29,44,83,2,158,92,0,92,250
03/04/2020,SBA,CA,AWP,WE,Combined TRACON& Tower with Radar,28,49,63,2,142,0,1,23,0,24,28,50,86,2,166,124,0,124,290
03/05/2020,SBA,CA,AWP,WE,Combined TRACON& Tower with Radar,35,53,49,4,141,0,1,75,5,81,35,54,124,9,222,102,12,114,336
03/06/2020,SBA,CA,AWP,WE,Combined TRACON& Tower with Radar,31,65,47,0,143,0,0,77,1,78,31,65,124,1,221,110,0,110,331
03/07/2020,SBA,CA,AWP,WE,Combined TRACON& Tower with Radar,30,41,37,0,108,0,0,39,0,39,30,41,76,0,147,182,0,182,329
03/08/2020,SBA,CA,AWP,WE,Combined TRACON& Tower with Radar,34,57,41,2,134,0,3,93,0,96,34,60,134,2,230,94,0,94,324
03/09/2020,SBA,CA,AWP,WE,Combined TRACON& Tower with Radar,31,60,35,4,130,0,2,45,0,47,31,62,80,4,177,66,0,66,243
03/10/2020,SBA,CA,AWP,WE,Combined TRACON& Tower with Radar,33,46,33,8,120,0,0,0,0,0,33,46,33,8,120,46,8,54,174
03/11/2020,SBA,CA,AWP,WE,Combined TRACON& Tower with Radar,30,49,67,0,146,0,0,19,0,19,30,49,86,0,165,98,0,98,263
03/12/2020,SBA,CA,AWP,WE,Combined TRACON& Tower with Radar,31,58,43,2,134,0,0,26,0,26,31,58,69,2,160,132,2,134,294
03/13/2020,SBA,CA,AWP,WE,Combined TRACON& Tower with Radar,29,50,88,0,167,0,0,0,0,0,29,50,88,0,167,74,4,78,245
03/14/2020,SBA,CA,AWP,WE,Combined TRACON& Tower with Radar,31,30,41,9,111,0,2,2,0,4,31,32,43,9,115,102,0,102,217
03/15/2020,SBA,CA,AWP,WE,Combined TRACON& Tower with Radar,32,48,33,0,113,0,2,20,2,24,32,50,53,2,137,66,0,66,203
03/16/2020,SBA,CA,AWP,WE,Combined TRACON& Tower with Radar,29,40,25,0,94,0,0,3,0,3,29,40,28,0,97,24,0,24,121
03/17/2020,SBA,CA,AWP,WE,Combined TRACON& Tower with Radar,29,42,18,0,89,0,0,32,0,32,29,42,50,0,121,162,0,162,283
03/18/2020,SBA,CA,AWP,WE,Combined TRACON& Tower with Radar,23,40,37,7,107,0,1,75,0,76,23,41,112,7,183,174,2,176,359
03/19/2020,SBA,CA,AWP,WE,Combined TRACON& Tower with Radar,27,36,19,0,82,0,1,33,2,36,27,37,52,2,118,144,0,144,262
03/20/2020,SBA,CA,AWP,WE,Combined TRACON& Tower with Radar,23,31,21,2,77,0,0,17,1,18,23,31,38,3,95,76,0,76,171
03/21/2020,SBA,CA,AWP,WE,Combined TRACON& Tower with Radar,26,21,25,0,72,0,0,78,0,78,26,21,103,0,150,132,0,132,282
03/22/2020,SBA,CA,AWP,WE,Combined TRACON& Tower with Radar,23,12,15,0,50,0,0,13,0,13,23,12,28,0,63,58,0,58,121
03/23/2020,SBA,CA,AWP,WE,Combined TRACON& Tower with Radar,18,22,22,0,62,0,0,26,0,26,18,22,48,0,88,36,0,36,124
03/24/2020,SBA,CA,AWP,WE,Combined TRACON& Tower with Radar,17,21,10,0,48,0,1,23,2,26,17,22,33,2,74,128,0,128,202
03/25/2020,SBA,CA,AWP,WE,Combined TRACON& Tower with Radar,15,20,14,4,53,0,0,28,0,28,15,20,42,4,81,70,0,70,151
03/26/2020,SBA,CA,AWP,WE,Combined TRACON& Tower with Radar,14,24,18,2,58,0,5,22,0,27,14,29,40,2,85,52,0,52,137
03/27/2020,SBA,CA,AWP,WE,Combined TRACON& Tower with Radar,16,23,21,2,62,0,0,61,0,61,16,23,82,2,123,46,2,48,171
03/28/2020,SBA,CA,AWP,WE,Combined TRACON& Tower with Radar,11,12,19,1,43,0,5,81,1,87,11,17,100,2,130,102,4,106,236
03/29/2020,SBA,CA,AWP,WE,Combined TRACON& Tower with Radar,16,15,17,2,50,0,0,36,1,37,16,15,53,3,87,16,0,16,103
03/30/2020,SBA,CA,AWP,WE,Combined TRACON& Tower with Radar,15,14,16,2,47,0,0,74,0,74,15,14,90,2,121,98,0,98,219
03/31/2020,SBA,CA,AWP,WE,Combined TRACON& Tower with Radar,11,19,13,9,52,0,0,84,2,86,11,19,97,11,138,60,8,68,206
04/01/2020,SBA,CA,AWP,WE,Combined TRACON& Tower with Radar,7,10,14,2,33,0,1,58,1,60,7,11,72,3,93,2,0,2,95
04/02/2020,SBA,CA,AWP,WE,Combined TRACON& Tower with Radar,9,13,8,2,32,0,1,63,0,64,9,14,71,2,96,28,0,28,124
04/03/2020,SBA,CA,AWP,WE,Combined TRACON& Tower with Radar,10,11,20,0,41,0,2,85,1,88,10,13,105,1,129,4,0,4,133
04/04/2020,SBA,CA,AWP,WE,Combined TRACON& Tower with Radar,10,12,13,0,35,0,0,39,0,39,10,12,52,0,74,0,0,0,74
04/05/2020,SBA,CA,AWP,WE,Combined TRACON& Tower with Radar,10,6,6,0,22,0,0,2,0,2,10,6,8,0,24,2,0,2,26
04/06/2020,SBA,CA,AWP,WE,Combined TRACON& Tower with Radar,10,10,9,2,31,0,0,12,0,12,10,10,21,2,43,0,0,0,43
04/07/2020,SBA,CA,AWP,WE,Combined TRACON& Tower with Radar,12,11,10,0,33,0,0,30,3,33,12,11,40,3,66,0,0,0,66
04/08/2020,SBA,CA,AWP,WE,Combined TRACON& Tower with Radar,13,10,9,1,33,0,0,19,3,22,13,10,28,4,55,22,4,26,81
04/09/2020,SBA,CA,AWP,WE,Combined TRACON& Tower with Radar,8,17,16,0,41,0,0,2,2,4,8,17,18,2,45,0,0,0,45
04/10/2020,SBA,CA,AWP,WE,Combined TRACON& Tower with Radar,13,11,4,1,29,0,0,69,2,71,13,11,73,3,100,0,0,0,100
04/11/2020,SBA,CA,AWP,WE,Combined TRACON& Tower with Radar,12,5,14,0,31,0,5,119,2,126,12,10,133,2,157,16,0,16,173
04/12/2020,SBA,CA,AWP,WE,Combined TRACON& Tower with Radar,12,5,29,1,47,0,0,0,2,2,12,5,29,3,49,0,0,0,49
04/13/2020,SBA,CA,AWP,WE,Combined TRACON& Tower with Radar,9,6,19,1,35,0,3,28,0,31,9,9,47,1,66,17,0,17,83
04/14/2020,SBA,CA,AWP,WE,Combined TRACON& Tower with Radar,11,12,9,4,36,0,1,77,2,80,11,13,86,6,116,20,0,20,136
04/15/2020,SBA,CA,AWP,WE,Combined TRACON& Tower with Radar,13,9,8,0,30,0,4,94,2,100,13,13,102,2,130,14,0,14,144
04/16/2020,SBA,CA,AWP,WE,Combined TRACON& Tower with Radar,9,5,22,0,36,0,0,66,6,72,9,5,88,6,108,16,2,18,126
04/17/2020,SBA,CA,AWP,WE,Combined TRACON& Tower with Radar,10,10,14,6,40,0,0,45,2,47,10,10,59,8,87,12,6,18,105
04/18/2020,SBA,CA,AWP,WE,Combined TRACON& Tower with Radar,7,8,14,2,31,0,0,29,1,30,7,8,43,3,61,4,2,6,67
04/19/2020,SBA,CA,AWP,WE,Combined TRACON& Tower with Radar,10,0,28,0,38,0,0,27,2,29,10,0,55,2,67,0,0,0,67
04/20/2020,SBA,CA,AWP,WE,Combined TRACON& Tower with Radar,9,11,9,0,29,0,2,33,2,37,9,13,42,2,66,2,0,2,68
04/21/2020,SBA,CA,AWP,WE,Combined TRACON& Tower with Radar,10,4,12,0,26,0,0,75,1,76,10,4,87,1,102,10,0,10,112
04/22/2020,SBA,CA,AWP,WE,Combined TRACON& Tower with Radar,10,9,19,2,40,0,4,89,0,93,10,13,108,2,133,12,0,12,145
04/23/2020,SBA,CA,AWP,WE,Combined TRACON& Tower with Radar,9,10,10,0,29,0,8,47,0,55,9,18,57,0,84,0,0,0,84
04/24/2020,SBA,CA,AWP,WE,Combined TRACON& Tower with Radar,10,11,15,2,38,0,0,99,2,101,10,11,114,4,139,0,0,0,139
04/25/2020,SBA,CA,AWP,WE,Combined TRACON& Tower with Radar,9,13,14,0,36,0,2,128,3,133,9,15,142,3,169,6,0,6,175
04/26/2020,SBA,CA,AWP,WE,Combined TRACON& Tower with Radar,9,7,19,0,35,0,3,107,0,110,9,10,126,0,145,0,0,0,145
04/27/2020,SBA,CA,AWP,WE,Combined TRACON& Tower with Radar,9,11,13,0,33,0,1,66,0,67,9,12,79,0,100,2,0,2,102
04/28/2020,SBA,CA,AWP,WE,Combined TRACON& Tower with Radar,7,15,22,1,45,0,0,67,1,68,7,15,89,2,113,36,0,36,149
04/29/2020,SBA,CA,AWP,WE,Combined TRACON& Tower with Radar,9,10,25,0,44,0,0,1,0,1,9,10,26,0,45,0,0,0,45
04/30/2020,SBA,CA,AWP,WE,Combined TRACON& Tower with Radar,10,18,31,2,61,0,0,28,0,28,10,18,59,2,89,38,0,38,127
05/01/2020,SBA,CA,AWP,WE,Combined TRACON& Tower with Radar,10,11,15,2,38,0,4,81,0,85,10,15,96,2,123,20,0,20,143
05/02/2020,SBA,CA,AWP,WE,Combined TRACON& Tower with Radar,10,9,12,0,31,0,2,85,2,89,10,11,97,2,120,14,0,14,134
05/03/2020,SBA,CA,AWP,WE,Combined TRACON& Tower with Radar,12,13,18,0,43,0,1,84,0,85,12,14,102,0,128,10,0,10,138
05/04/2020,SBA,CA,AWP,WE,Combined TRACON& Tower with Radar,12,12,13,0,37,0,0,82,0,82,12,12,95,0,119,32,0,32,151
05/05/2020,SBA,CA,AWP,WE,Combined TRACON& Tower with Radar,9,12,11,0,32,0,1,65,0,66,9,13,76,0,98,6,0,6,104
05/06/2020,SBA,CA,AWP,WE,Combined TRACON& Tower with Radar,12,15,14,3,44,0,0,75,1,76,12,15,89,4,120,16,6,22,142
05/07/2020,SBA,CA,AWP,WE,Combined TRACON& Tower with Radar,13,16,13,0,42,0,4,96,0,100,13,20,109,0,142,4,0,4,146
05/08/2020,SBA,CA,AWP,WE,Combined TRACON& Tower with Radar,12,17,11,0,40,0,1,79,0,80,12,18,90,0,120,0,0,0,120
05/09/2020,SBA,CA,AWP,WE,Combined TRACON& Tower with Radar,8,11,46,0,65,0,0,20,0,20,8,11,66,0,85,0,0,0,85
05/10/2020,SBA,CA,AWP,WE,Combined TRACON& Tower with Radar,12,6,28,0,46,0,0,4,0,4,12,6,32,0,50,0,0,0,50
05/11/2020,SBA,CA,AWP,WE,Combined TRACON& Tower with Radar,14,22,26,5,67,0,0,26,1,27,14,22,52,6,94,0,0,0,94
05/12/2020,SBA,CA,AWP,WE,Combined TRACON& Tower with Radar,8,12,27,0,47,0,3,46,0,49,8,15,73,0,96,0,0,0,96
05/13/2020,SBA,CA,AWP,WE,Combined TRACON& Tower with Radar,12,17,13,1,43,0,0,76,1,77,12,17,89,2,120,4,4,8,128
05/14/2020,SBA,CA,AWP,WE,Combined TRACON& Tower with Radar,15,24,18,3,60,0,0,63,2,65,15,24,81,5,125,20,4,24,149
05/15/2020,SBA,CA,AWP,WE,Combined TRACON& Tower with Radar,13,22,9,2,46,0,2,69,3,74,13,24,78,5,120,28,0,28,148
05/16/2020,SBA,CA,AWP,WE,Combined TRACON& Tower with Radar,10,12,27,0,49,0,2,127,1,130,10,14,154,1,179,54,0,54,233
05/17/2020,SBA,CA,AWP,WE,Combined TRACON& Tower with Radar,12,14,35,1,62,0,0,75,1,76,12,14,110,2,138,18,0,18,156
05/18/2020,SBA,CA,AWP,WE,Combined TRACON& Tower with Radar,14,18,11,0,43,0,0,16,1,17,14,18,27,1,60,0,0,0,60
05/19/2020,SBA,CA,AWP,WE,Combined TRACON& Tower with Radar,10,14,13,0,37,0,3,41,2,46,10,17,54,2,83,8,0,8,91
05/20/2020,SBA,CA,AWP,WE,Combined TRACON& Tower with Radar,12,17,20,2,51,0,0,99,2,101,12,17,119,4,152,26,2,28,180
05/21/2020,SBA,CA,AWP,WE,Combined TRACON& Tower with Radar,14,22,17,0,53,0,3,110,4,117,14,25,127,4,170,50,0,50,220
05/22/2020,SBA,CA,AWP,WE,Combined TRACON& Tower with Radar,12,17,27,1,57,0,4,84,5,93,12,21,111,6,150,20,0,20,170
05/23/2020,SBA,CA,AWP,WE,Combined TRACON& Tower with Radar,10,13,26,0,49,0,2,78,2,82,10,15,104,2,131,0,0,0,131
05/24/2020,SBA,CA,AWP,WE,Combined TRACON& Tower with Radar,12,14,28,0,54,0,4,117,1,122,12,18,145,1,176,0,0,0,176
05/25/2020,SBA,CA,AWP,WE,Combined TRACON& Tower with Radar,14,10,22,0,46,0,0,123,4,127,14,10,145,4,173,0,0,0,173
05/26/2020,SBA,CA,AWP,WE,Combined TRACON& Tower with Radar,12,20,34,1,67,0,3,31,1,35,12,23,65,2,102,0,0,0,102
05/27/2020,SBA,CA,AWP,WE,Combined TRACON& Tower with Radar,12,27,34,0,73,0,0,35,1,36,12,27,69,1,109,0,0,0,109
05/28/2020,SBA,CA,AWP,WE,Combined TRACON& Tower with Radar,14,17,37,3,71,0,3,32,0,35,14,20,69,3,106,10,0,10,116
05/29/2020,SBA,CA,AWP,WE,Combined TRACON& Tower with Radar,12,17,40,0,69,0,1,6,0,7,12,18,46,0,76,8,0,8,84
05/30/2020,SBA,CA,AWP,WE,Combined TRACON& Tower with Radar,10,11,30,0,51,0,5,84,2,91,10,16,114,2,142,0,0,0,142
05/31/2020,SBA,CA,AWP,WE,Combined TRACON& Tower with Radar,12,12,18,0,42,0,5,80,1,86,12,17,98,1,128,36,0,36,164
06/01/2020,SBA,CA,AWP,WE,Combined TRACON& Tower with Radar,14,29,19,0,62,0,1,70,2,73,14,30,89,2,135,52,0,52,187
06/02/2020,SBA,CA,AWP,WE,Combined TRACON& Tower with Radar,10,26,17,0,53,0,5,62,1,68,10,31,79,1,121,72,0,72,193
06/03/2020,SBA,CA,AWP,WE,Combined TRACON& Tower with Radar,10,8,12,0,30,0,4,78,0,82,10,12,90,0,112,116,0,116,228
06/04/2020,SBA,CA,AWP,WE,Combined TRACON& Tower with Radar,12,19,46,0,77,0,0,21,0,21,12,19,67,0,98,88,0,88,186
06/05/2020,SBA,CA,AWP,WE,Combined TRACON& Tower with Radar,10,23,51,1,85,0,7,22,0,29,10,30,73,1,114,38,0,38,152
06/06/2020,SBA,CA,AWP,WE,Combined TRACON& Tower with Radar,14,14,40,0,68,0,0,63,4,67,14,14,103,4,135,98,0,98,233
06/07/2020,SBA,CA,AWP,WE,Combined TRACON& Tower with Radar,14,15,29,0,58,0,1,90,3,94,14,16,119,3,152,0,0,0,152
06/08/2020,SBA,CA,AWP,WE,Combined TRACON& Tower with Radar,12,11,23,0,46,0,4,76,2,82,12,15,99,2,128,40,0,40,168
06/09/2020,SBA,CA,AWP,WE,Combined TRACON& Tower with Radar,14,12,24,2,52,0,3,115,4,122,14,15,139,6,174,2,0,2,176
06/10/2020,SBA,CA,AWP,WE,Combined TRACON& Tower with Radar,12,12,21,1,46,0,2,103,0,105,12,14,124,1,151,0,0,0,151
06/11/2020,SBA,CA,AWP,WE,Combined TRACON& Tower with Radar,14,31,28,1,74,0,1,109,2,112,14,32,137,3,186,0,0,0,186
06/12/2020,SBA,CA,AWP,WE,Combined TRACON& Tower with Radar,12,23,54,2,91,0,3,69,2,74,12,26,123,4,165,128,2,130,295
06/13/2020,SBA,CA,AWP,WE,Combined TRACON& Tower with Radar,16,9,29,0,54,0,0,88,0,88,16,9,117,0,142,60,0,60,202
06/14/2020,SBA,CA,AWP,WE,Combined TRACON& Tower with Radar,14,19,41,0,74,0,1,154,0,155,14,20,195,0,229,78,0,78,307
06/15/2020,SBA,CA,AWP,WE,Combined TRACON& Tower with Radar,12,19,27,11,69,0,6,109,1,116,12,25,136,12,185,126,4,130,315
06/16/2020,SBA,CA,AWP,WE,Combined TRACON& Tower with Radar,14,19,49,6,88,0,0,40,2,42,14,19,89,8,130,90,6,96,226
06/17/2020,SBA,CA,AWP,WE,Combined TRACON& Tower with Radar,12,29,48,2,91,0,6,52,0,58,12,35,100,2,149,100,2,102,251
06/18/2020,SBA,CA,AWP,WE,Combined TRACON& Tower with Radar,14,20,71,1,106,0,3,8,1,12,14,23,79,2,118,12,0,12,130
06/19/2020,SBA,CA,AWP,WE,Combined TRACON& Tower with Radar,12,17,57,0,86,0,0,29,0,29,12,17,86,0,115,108,0,108,223
06/20/2020,SBA,CA,AWP,WE,Combined TRACON& Tower with Radar,14,23,50,2,89,0,0,19,2,21,14,23,69,4,110,44,2,46,156
06/21/2020,SBA,CA,AWP,WE,Combined TRACON& Tower with Radar,14,21,47,0,82,0,3,26,0,29,14,24,73,0,111,74,0,74,185
06/22/2020,SBA,CA,AWP,WE,Combined TRACON& Tower with Radar,14,22,74,5,115,0,4,29,1,34,14,26,103,6,149,24,4,28,177
06/23/2020,SBA,CA,AWP,WE,Combined TRACON& Tower with Radar,14,21,50,0,85,0,2,38,0,40,14,23,88,0,125,152,0,152,277
06/24/2020,SBA,CA,AWP,WE,Combined TRACON& Tower with Radar,12,22,70,2,106,0,2,39,0,41,12,24,109,2,147,44,0,44,191
06/25/2020,SBA,CA,AWP,WE,Combined TRACON& Tower with Radar,14,36,58,2,110,0,5,47,2,54,14,41,105,4,164,88,0,88,252
06/26/2020,SBA,CA,AWP,WE,Combined TRACON& Tower with Radar,12,32,59,6,109,0,1,25,1,27,12,33,84,7,136,32,2,34,170
06/27/2020,SBA,CA,AWP,WE,Combined TRACON& Tower with Radar,14,25,55,2,96,0,0,63,3,66,14,25,118,5,162,92,0,92,254
06/28/2020,SBA,CA,AWP,WE,Combined TRACON& Tower with Radar,17,26,63,5,111,0,0,30,2,32,17,26,93,7,143,126,0,126,269
06/29/2020,SBA,CA,AWP,WE,Combined TRACON& Tower with Radar,13,18,49,4,84,0,0,85,1,86,13,18,134,5,170,120,0,120,290
06/30/2020,SBA,CA,AWP,WE,Combined TRACON& Tower with Radar,14,22,50,0,86,0,5,91,1,97,14,27,141,1,183,130,0,130,313
07/01/2020,SBA,CA,AWP,WE,Combined TRACON& Tower with Radar,15,31,74,3,123,0,1,19,0,20,15,32,93,3,143,208,0,208,351
07/02/2020,SBA,CA,AWP,WE,Combined TRACON& Tower with Radar,20,37,53,0,110,0,1,84,0,85,20,38,137,0,195,192,0,192,387
07/03/2020,SBA,CA,AWP,WE,Combined TRACON& Tower with Radar,17,26,35,0,78,0,4,138,2,144,17,30,173,2,222,140,0,140,362
07/04/2020,SBA,CA,AWP,WE,Combined TRACON& Tower with Radar,16,9,22,0,47,0,3,69,2,74,16,12,91,2,121,66,0,66,187
07/05/2020,SBA,CA,AWP,WE,Combined TRACON& Tower with Radar,16,22,41,0,79,0,4,102,0,106,16,26,143,0,185,114,0,114,299
07/06/2020,SBA,CA,AWP,WE,Combined TRACON& Tower with Radar,17,23,28,0,68,0,2,98,3,103,17,25,126,3,171,136,0,136,307
07/07/2020,SBA,CA,AWP,WE,Combined TRACON& Tower with Radar,14,21,24,0,59,0,3,101,0,104,14,24,125,0,163,118,0,118,281
07/08/2020,SBA,CA,AWP,WE,Combined TRACON& Tower with Radar,18,20,27,2,67,0,6,131,0,137,18,26,158,2,204,218,0,218,422
07/09/2020,SBA,CA,AWP,WE,Combined TRACON& Tower with Radar,18,22,59,1,100,0,6,58,1,65,18,28,117,2,165,24,0,24,189
07/10/2020,SBA,CA,AWP,WE,Combined TRACON& Tower with Radar,20,17,41,2,80,0,1,63,2,66,20,18,104,4,146,188,0,188,334
07/11/2020,SBA,CA,AWP,WE,Combined TRACON& Tower with Radar,18,19,33,0,70,0,0,111,3,114,18,19,144,3,184,54,0,54,238
07/12/2020,SBA,CA,AWP,WE,Combined TRACON& Tower with Radar,20,18,56,0,94,0,1,130,6,137,20,19,186,6,231,98,0,98,329
07/13/2020,SBA,CA,AWP,WE,Combined TRACON& Tower with Radar,19,13,34,2,68,0,1,67,4,72,19,14,101,6,140,106,0,106,246
07/14/2020,SBA,CA,AWP,WE,Combined TRACON& Tower with Radar,14,17,34,0,65,0,1,54,0,55,14,18,88,0,120,120,0,120,240
07/15/2020,SBA,CA,AWP,WE,Combined TRACON& Tower with Radar,17,22,68,6,113,0,0,52,4,56,17,22,120,10,169,148,4,152,321
07/16/2020,SBA,CA,AWP,WE,Combined TRACON& Tower with Radar,18,19,58,0,95,0,0,71,1,72,18,19,129,1,167,156,0,156,323
07/17/2020,SBA,CA,AWP,WE,Combined TRACON& Tower with Radar,22,33,50,3,108,0,1,96,1,98,22,34,146,4,206,100,0,100,306
07/18/2020,SBA,CA,AWP,WE,Combined TRACON& Tower with Radar,18,18,22,0,58,0,3,107,4,114,18,21,129,4,172,68,0,68,240
07/19/2020,SBA,CA,AWP,WE,Combined TRACON& Tower with Radar,18,20,47,0,85,0,0,68,2,70,18,20,115,2,155,76,0,76,231
07/20/2020,SBA,CA,AWP,WE,Combined TRACON& Tower with Radar,20,27,43,1,91,0,0,74,3,77,20,27,117,4,168,112,10,122,290
07/21/2020,SBA,CA,AWP,WE,Combined TRACON& Tower with Radar,14,20,32,8,74,0,4,86,4,94,14,24,118,12,168,186,2,188,356
07/22/2020,SBA,CA,AWP,WE,Combined TRACON& Tower with Radar,18,21,55,0,94,0,0,27,0,27,18,21,82,0,121,100,0,100,221
07/23/2020,SBA,CA,AWP,WE,Combined TRACON& Tower with Radar,18,34,64,3,119,0,0,36,0,36,18,34,100,3,155,128,2,130,285
07/24/2020,SBA,CA,AWP,WE,Combined TRACON& Tower with Radar,18,31,47,0,96,0,2,89,4,95,18,33,136,4,191,146,0,146,337
07/25/2020,SBA,CA,AWP,WE,Combined TRACON& Tower with Radar,18,14,65,0,97,0,6,85,2,93,18,20,150,2,190,174,0,174,364
07/26/2020,SBA,CA,AWP,WE,Combined TRACON& Tower with Radar,20,31,67,0,118,0,0,95,1,96,20,31,162,1,214,76,2,78,292
07/27/2020,SBA,CA,AWP,WE,Combined TRACON& Tower with Radar,20,21,40,6,87,0,0,59,1,60,20,21,99,7,147,124,0,124,271
07/28/2020,SBA,CA,AWP,WE,Combined TRACON& Tower with Radar,14,31,33,11,89,0,0,73,0,73,14,31,106,11,162,178,8,186,348
07/29/2020,SBA,CA,AWP,WE,Combined TRACON& Tower with Radar,18,30,54,3,105,0,2,60,1,63,18,32,114,4,168,40,0,40,208
07/30/2020,SBA,CA,AWP,WE,Combined TRACON& Tower with Radar,18,23,33,3,77,0,2,87,7,96,18,25,120,10,173,154,0,154,327
07/31/2020,SBA,CA,AWP,WE,Combined TRACON& Tower with Radar,20,29,52,0,101,0,4,114,2,120,20,33,166,2,221,216,0,216,437
08/01/2020,SBA,CA,AWP,WE,Combined TRACON& Tower with Radar,18,20,33,0,71,0,4,113,2,119,18,24,146,2,190,184,0,184,374
08/02/2020,SBA,CA,AWP,WE,Combined TRACON& Tower with Radar,18,20,57,0,95,0,2,123,1,126,18,22,180,1,221,96,0,96,317
08/03/2020,SBA,CA,AWP,WE,Combined TRACON& Tower with Radar,15,28,44,2,89,0,1,49,0,50,15,29,93,2,139,92,0,92,231
08/04/2020,SBA,CA,AWP,WE,Combined TRACON& Tower with Radar,12,30,50,5,97,0,2,39,0,41,12,32,89,5,138,106,0,106,244
08/05/2020,SBA,CA,AWP,WE,Combined TRACON& Tower with Radar,12,25,51,4,92,0,4,65,2,71,12,29,116,6,163,144,4,148,311
08/06/2020,SBA,CA,AWP,WE,Combined TRACON& Tower with Radar,14,28,46,0,88,0,1,57,2,60,14,29,103,2,148,136,0,136,284
08/07/2020,SBA,CA,AWP,WE,Combined TRACON& Tower with Radar,14,35,31,3,83,0,3,84,0,87,14,38,115,3,170,136,0,136,306
08/08/2020,SBA,CA,AWP,WE,Combined TRACON& Tower with Radar,14,27,28,4,73,0,4,102,0,106,14,31,130,4,179,184,0,184,363
08/09/2020,SBA,CA,AWP,WE,Combined TRACON& Tower with Radar,14,24,55,4,97,0,3,84,0,87,14,27,139,4,184,84,0,84,268
08/10/2020,SBA,CA,AWP,WE,Combined TRACON& Tower with Radar,14,36,51,4,105,0,0,54,1,55,14,36,105,5,160,172,0,172,332
08/11/2020,SBA,CA,AWP,WE,Combined TRACON& Tower with Radar,12,31,54,6,103,0,0,51,0,51,12,31,105,6,154,64,6,70,224
08/12/2020,SBA,CA,AWP,WE,Combined TRACON& Tower with Radar,12,38,42,0,92,0,4,84,0,88,12,42,126,0,180,118,0,118,298
08/13/2020,SBA,CA,AWP,WE,Combined TRACON& Tower with Radar,14,39,38,5,96,0,4,63,2,69,14,43,101,7,165,102,4,106,271
08/14/2020,SBA,CA,AWP,WE,Combined TRACON& Tower with Radar,14,32,59,0,105,0,4,106,0,110,14,36,165,0,215,238,0,238,453
08/15/2020,SBA,CA,AWP,WE,Combined TRACON& Tower with Radar,14,26,44,0,84,0,3,101,0,104,14,29,145,0,188,126,0,126,314
08/16/2020,SBA,CA,AWP,WE,Combined TRACON& Tower with Radar,13,29,36,0,78,0,3,113,5,121,13,32,149,5,199,60,0,60,259
08/17/2020,SBA,CA,AWP,WE,Combined TRACON& Tower with Radar,14,37,45,4,100,0,8,88,0,96,14,45,133,4,196,110,0,110,306
08/18/2020,SBA,CA,AWP,WE,Combined TRACON& Tower with Radar,12,28,41,8,89,0,2,78,4,84,12,30,119,12,173,168,0,168,341
08/19/2020,SBA,CA,AWP,WE,Combined TRACON& Tower with Radar,12,21,53,3,89,0,3,59,4,66,12,24,112,7,155,100,2,102,257
08/20/2020,SBA,CA,AWP,WE,Combined TRACON& Tower with Radar,12,32,46,5,95,0,2,53,5,60,12,34,99,10,155,126,12,138,293
08/21/2020,SBA,CA,AWP,WE,Combined TRACON& Tower with Radar,14,21,45,0,80,0,3,36,0,39,14,24,81,0,119,214,0,214,333
08/22/2020,SBA,CA,AWP,WE,Combined TRACON& Tower with Radar,14,23,47,1,85,0,3,66,1,70,14,26,113,2,155,238,24,262,417
08/23/2020,SBA,CA,AWP,WE,Combined TRACON& Tower with Radar,14,26,47,2,89,0,1,81,1,83,14,27,128,3,172,178,2,180,352
08/24/2020,SBA,CA,AWP,WE,Combined TRACON& Tower with Radar,14,24,33,0,71,0,4,41,0,45,14,28,74,0,116,102,0,102,218
08/25/2020,SBA,CA,AWP,WE,Combined TRACON& Tower with Radar,12,28,44,8,92,0,5,78,0,83,12,33,122,8,175,94,14,108,283
08/26/2020,SBA,CA,AWP,WE,Combined TRACON& Tower with Radar,12,29,36,4,81,0,2,78,2,82,12,31,114,6,163,102,0,102,265
08/27/2020,SBA,CA,AWP,WE,Combined TRACON& Tower with Radar,14,27,36,3,80,0,2,118,1,121,14,29,154,4,201,190,0,190,391
08/28/2020,SBA,CA,AWP,WE,Combined TRACON& Tower with Radar,14,42,53,9,118,0,3,89,0,92,14,45,142,9,210,122,6,128,338
08/29/2020,SBA,CA,AWP,WE,Combined TRACON& Tower with Radar,14,22,40,0,76,0,2,93,0,95,14,24,133,0,171,152,0,152,323
08/30/2020,SBA,CA,AWP,WE,Combined TRACON& Tower with Radar,14,28,57,0,99,0,0,103,0,103,14,28,160,0,202,100,0,100,302
08/31/2020,SBA,CA,AWP,WE,Combined TRACON& Tower with Radar,13,29,55,2,99,0,2,49,1,52,13,31,104,3,151,106,2,108,259
09/01/2020,SBA,CA,AWP,WE,Combined TRACON& Tower with Radar,13,33,67,6,119,0,0,47,2,49,13,33,114,8,168,124,4,128,296
09/02/2020,SBA,CA,AWP,WE,Combined TRACON& Tower with Radar,16,27,41,4,88,0,0,79,2,81,16,27,120,6,169,162,0,162,331
09/03/2020,SBA,CA,AWP,WE,Combined TRACON& Tower with Radar,18,33,45,3,99,0,0,97,0,97,18,33,142,3,196,176,0,176,372
09/04/2020,SBA,CA,AWP,WE,Combined TRACON& Tower with Radar,18,33,40,0,91,0,4,124,0,128,18,37,164,0,219,150,0,150,369
09/05/2020,SBA,CA,AWP,WE,Combined TRACON& Tower with Radar,17,19,33,5,74,0,1,119,0,120,17,20,152,5,194,126,2,128,322
09/06/2020,SBA,CA,AWP,WE,Combined TRACON& Tower with Radar,16,22,28,2,68,0,2,60,0,62,16,24,88,2,130,136,0,136,266
09/07/2020,SBA,CA,AWP,WE,Combined TRACON& Tower with Radar,19,21,57,0,97,0,0,70,2,72,19,21,127,2,169,70,0,70,239
09/08/2020,SBA,CA,AWP,WE,Combined TRACON& Tower with Radar,14,27,48,5,94,0,0,4,2,6,14,27,52,7,100,126,0,126,226
09/09/2020,SBA,CA,AWP,WE,Combined TRACON& Tower with Radar,18,40,60,0,118,0,0,39,1,40,18,40,99,1,158,106,0,106,264
09/10/2020,SBA,CA,AWP,WE,Combined TRACON& Tower with Radar,18,35,42,4,99,0,0,33,1,34,18,35,75,5,133,124,2,126,259
09/11/2020,SBA,CA,AWP,WE,Combined TRACON& Tower with Radar,18,31,45,3,97,0,0,43,0,43,18,31,88,3,140,82,0,82,222
09/12/2020,SBA,CA,AWP,WE,Combined TRACON& Tower with Radar,18,21,48,4,91,0,1,26,0,27,18,22,74,4,118,70,0,70,188
09/13/2020,SBA,CA,AWP,WE,Combined TRACON& Tower with Radar,16,31,61,2,110,0,2,35,0,37,16,33,96,2,147,38,0,38,185
09/14/2020,SBA,CA,AWP,WE,Combined TRACON& Tower with Radar,18,21,33,1,73,0,3,19,0,22,18,24,52,1,95,38,0,38,133
09/15/2020,SBA,CA,AWP,WE,Combined TRACON& Tower with Radar,16,28,56,3,103,0,0,28,1,29,16,28,84,4,132,122,0,122,254
09/16/2020,SBA,CA,AWP,WE,Combined TRACON& Tower with Radar,17,28,47,4,96,0,5,39,0,44,17,33,86,4,140,78,0,78,218
09/17/2020,SBA,CA,AWP,WE,Combined TRACON& Tower with Radar,19,26,34,6,85,0,1,65,0,66,19,27,99,6,151,154,6,160,311
09/18/2020,SBA,CA,AWP,WE,Combined TRACON& Tower with Radar,18,36,35,7,96,0,1,94,5,100,18,37,129,12,196,126,2,128,324
09/19/2020,SBA,CA,AWP,WE,Combined TRACON& Tower with Radar,18,22,47,0,87,0,1,106,0,107,18,23,153,0,194,160,0,160,354
09/20/2020,SBA,CA,AWP,WE,Combined TRACON& Tower with Radar,18,20,62,4,104,0,0,45,3,48,18,20,107,7,152,38,0,38,190
09/21/2020,SBA,CA,AWP,WE,Combined TRACON& Tower with Radar,18,31,37,5,91,0,0,54,2,56,18,31,91,7,147,60,0,60,207
09/22/2020,SBA,CA,AWP,WE,Combined TRACON& Tower with Radar,16,28,63,12,119,0,0,73,0,73,16,28,136,12,192,166,10,176,368
09/23/2020,SBA,CA,AWP,WE,Combined TRACON& Tower with Radar,18,29,32,10,89,0,0,95,3,98,18,29,127,13,187,66,8,74,261
09/24/2020,SBA,CA,AWP,WE,Combined TRACON& Tower with Radar,18,40,44,0,102,0,0,73,0,73,18,40,117,0,175,122,0,122,297
09/25/2020,SBA,CA,AWP,WE,Combined TRACON& Tower with Radar,18,38,49,6,111,0,1,88,5,94,18,39,137,11,205,68,0,68,273
09/26/2020,SBA,CA,AWP,WE,Combined TRACON& Tower with Radar,18,31,47,4,100,0,0,81,2,83,18,31,128,6,183,76,0,76,259
09/27/2020,SBA,CA,AWP,WE,Combined TRACON& Tower with Radar,18,35,47,0,100,0,5,65,13,83,18,40,112,13,183,44,0,44,227
09/28/2020,SBA,CA,AWP,WE,Combined TRACON& Tower with Radar,18,49,53,6,126,0,2,16,0,18,18,51,69,6,144,0,0,0,144
09/29/2020,SBA,CA,AWP,WE,Combined TRACON& Tower with Radar,16,43,28,4,91,0,2,74,2,78,16,45,102,6,169,108,0,108,277
09/30/2020,SBA,CA,AWP,WE,Combined TRACON& Tower with Radar,18,41,44,1,104,0,4,67,6,77,18,45,111,7,181,160,0,160,341
10/01/2020,SBA,CA,AWP,WE,Combined TRACON& Tower with Radar,18,38,40,4,100,0,0,75,0,75,18,38,115,4,175,178,0,178,353
10/02/2020,SBA,CA,AWP,WE,Combined TRACON& Tower with Radar,17,36,53,1,107,0,4,78,2,84,17,40,131,3,191,80,0,80,271
10/03/2020,SBA,CA,AWP,WE,Combined TRACON& Tower with Radar,19,23,36,0,78,0,4,109,0,113,19,27,145,0,191,142,0,142,333
10/04/2020,SBA,CA,AWP,WE,Combined TRACON& Tower with Radar,19,26,45,1,91,0,1,71,2,74,19,27,116,3,165,98,0,98,263
10/05/2020,SBA,CA,AWP,WE,Combined TRACON& Tower with Radar,19,31,27,5,82,0,0,44,2,46,19,31,71,7,128,82,8,90,218
10/06/2020,SBA,CA,AWP,WE,Combined TRACON& Tower with Radar,17,26,38,3,84,0,1,39,1,41,17,27,77,4,125,84,4,88,213
10/07/2020,SBA,CA,AWP,WE,Combined TRACON& Tower with Radar,22,19,50,6,97,0,2,69,0,71,22,21,119,6,168,100,0,100,268
10/08/2020,SBA,CA,AWP,WE,Combined TRACON& Tower with Radar,21,41,66,2,130,0,1,48,2,51,21,42,114,4,181,70,0,70,251
10/09/2020,SBA,CA,AWP,WE,Combined TRACON& Tower with Radar,21,43,41,11,116,0,0,55,0,55,21,43,96,11,171,128,4,132,303
10/10/2020,SBA,CA,AWP,WE,Combined TRACON& Tower with Radar,21,26,42,4,93,0,6,60,0,66,21,32,102,4,159,128,0,128,287
10/11/2020,SBA,CA,AWP,WE,Combined TRACON& Tower with Radar,21,33,55,3,112,0,5,135,2,142,21,38,190,5,254,138,0,138,392
10/12/2020,SBA,CA,AWP,WE,Combined TRACON& Tower with Radar,21,31,37,4,93,0,4,82,1,87,21,35,119,5,180,30,0,30,210
10/13/2020,SBA,CA,AWP,WE,Combined TRACON& Tower with Radar,22,33,25,3,83,0,1,71,2,74,22,34,96,5,157,134,0,134,291
10/14/2020,SBA,CA,AWP,WE,Combined TRACON& Tower with Radar,21,38,31,1,91,0,3,113,0,116,21,41,144,1,207,158,0,158,365
10/15/2020,SBA,CA,AWP,WE,Combined TRACON& Tower with Radar,23,25,34,5,87,0,8,91,4,103,23,33,125,9,190,104,2,106,296
10/16/2020,SBA,CA,AWP,WE,Combined TRACON& Tower with Radar,21,34,35,6,96,0,6,108,1,115,21,40,143,7,211,38,2,40,251
10/17/2020,SBA,CA,AWP,WE,Combined TRACON& Tower with Radar,21,16,32,12,81,0,2,126,0,128,21,18,158,12,209,144,0,144,353
10/18/2020,SBA,CA,AWP,WE,Combined TRACON& Tower with Radar,21,42,74,9,146,0,1,67,0,68,21,43,141,9,214,42,0,42,256
10/19/2020,SBA,CA,AWP,WE,Combined TRACON& Tower with Radar,21,21,67,11,120,0,1,31,0,32,21,22,98,11,152,8,0,8,160
10/20/2020,SBA,CA,AWP,WE,Combined TRACON& Tower with Radar,20,18,106,4,148,0,0,3,0,3,20,18,109,4,151,22,4,26,177
10/21/2020,SBA,CA,AWP,WE,Combined TRACON& Tower with Radar,21,36,88,0,145,0,0,1,0,1,21,36,89,0,146,14,0,14,160
10/22/2020,SBA,CA,AWP,WE,Combined TRACON& Tower with Radar,21,50,43,0,114,0,0,16,0,16,21,50,59,0,130,128,0,128,258
10/23/2020,SBA,CA,AWP,WE,Combined TRACON& Tower with Radar,21,33,93,12,159,0,2,24,2,28,21,35,117,14,187,110,6,116,303
10/24/2020,SBA,CA,AWP,WE,Combined TRACON& Tower with Radar,23,19,46,0,88,0,2,30,0,32,23,21,76,0,120,216,0,216,336
10/25/2020,SBA,CA,AWP,WE,Combined TRACON& Tower with Radar,20,30,70,0,120,0,3,44,0,47,20,33,114,0,167,130,0,130,297
10/26/2020,SBA,CA,AWP,WE,Combined TRACON& Tower with Radar,21,23,27,0,71,0,3,47,3,53,21,26,74,3,124,176,0,176,300
10/27/2020,SBA,CA,AWP,WE,Combined TRACON& Tower with Radar,20,29,43,14,106,0,1,95,0,96,20,30,138,14,202,170,4,174,376
10/28/2020,SBA,CA,AWP,WE,Combined TRACON& Tower with Radar,20,24,33,4,81,0,1,134,0,135,20,25,167,4,216,150,4,154,370
10/29/2020,SBA,CA,AWP,WE,Combined TRACON& Tower with Radar,22,27,27,1,77,0,1,124,2,127,22,28,151,3,204,174,0,174,378
10/30/2020,SBA,CA,AWP,WE,Combined TRACON& Tower with Radar,21,36,42,4,103,0,3,98,1,102,21,39,140,5,205,80,4,84,289
10/31/2020,SBA,CA,AWP,WE,Combined TRACON& Tower with Radar,17,8,36,0,61,0,1,103,2,106,17,9,139,2,167,54,0,54,221
11/01/2020,SBA,CA,AWP,WE,Combined TRACON& Tower with Radar,21,20,36,0,77,0,0,122,0,122,21,20,158,0,199,118,0,118,317
11/02/2020,SBA,CA,AWP,WE,Combined TRACON& Tower with Radar,21,26,62,2,111,0,0,11,0,11,21,26,73,2,122,6,2,8,130
11/03/2020,SBA,CA,AWP,WE,Combined TRACON& Tower with Radar,21,12,33,6,72,0,0,38,1,39,21,12,71,7,111,164,6,170,281
11/04/2020,SBA,CA,AWP,WE,Combined TRACON& Tower with Radar,21,21,32,6,80,0,0,107,2,109,21,21,139,8,189,138,4,142,331
11/05/2020,SBA,CA,AWP,WE,Combined TRACON& Tower with Radar,19,26,28,18,91,0,1,95,2,98,19,27,123,20,189,158,10,168,357
11/06/2020,SBA,CA,AWP,WE,Combined TRACON& Tower with Radar,19,35,49,1,104,0,0,44,1,45,19,35,93,2,149,76,0,76,225
11/07/2020,SBA,CA,AWP,WE,Combined TRACON& Tower with Radar,19,16,19,0,54,0,0,20,0,20,19,16,39,0,74,182,0,182,256
11/08/2020,SBA,CA,AWP,WE,Combined TRACON& Tower with Radar,19,31,28,0,78,0,2,17,0,19,19,33,45,0,97,82,0,82,179
11/09/2020,SBA,CA,AWP,WE,Combined TRACON& Tower with Radar,20,28,28,0,76,0,4,86,0,90,20,32,114,0,166,138,0,138,304
11/10/2020,SBA,CA,AWP,WE,Combined TRACON& Tower with Radar,19,29,33,0,81,0,1,96,2,99,19,30,129,2,180,202,0,202,382
11/11/2020,SBA,CA,AWP,WE,Combined TRACON& Tower with Radar,19,27,47,2,95,0,3,109,1,113,19,30,156,3,208,74,0,74,282
11/12/2020,SBA,CA,AWP,WE,Combined TRACON& Tower with Radar,19,25,37,0,81,0,1,87,0,88,19,26,124,0,169,126,0,126,295
11/13/2020,SBA,CA,AWP,WE,Combined TRACON& Tower with Radar,19,32,42,0,93,0,5,112,2,119,19,37,154,2,212,158,0,158,370
11/14/2020,SBA,CA,AWP,WE,Combined TRACON& Tower with Radar,19,12,31,1,63,0,0,95,0,95,19,12,126,1,158,92,0,92,250
11/15/2020,SBA,CA,AWP,WE,Combined TRACON& Tower with Radar,19,31,38,1,89,0,2,155,2,159,19,33,193,3,248,164,2,166,414
11/16/2020,SBA,CA,AWP,WE,Combined TRACON& Tower with Radar,19,30,21,3,73,0,2,70,4,76,19,32,91,7,149,108,4,112,261
11/17/2020,SBA,CA,AWP,WE,Combined TRACON& Tower with Radar,19,21,37,0,77,0,0,68,3,71,19,21,105,3,148,120,0,120,268
11/18/2020,SBA,CA,AWP,WE,Combined TRACON& Tower with Radar,21,24,47,3,95,0,0,19,0,19,21,24,66,3,114,146,2,148,262
11/19/2020,SBA,CA,AWP,WE,Combined TRACON& Tower with Radar,19,28,45,6,98,0,1,50,1,52,19,29,95,7,150,10,6,16,166
11/20/2020,SBA,CA,AWP,WE,Combined TRACON& Tower with Radar,21,36,57,0,114,0,1,106,6,113,21,37,163,6,227,196,0,196,423
11/21/2020,SBA,CA,AWP,WE,Combined TRACON& Tower with Radar,21,29,37,2,89,0,4,111,0,115,21,33,148,2,204,104,2,106,310
11/22/2020,SBA,CA,AWP,WE,Combined TRACON& Tower with Radar,21,21,27,0,69,0,5,132,5,142,21,26,159,5,211,104,0,104,315
11/23/2020,SBA,CA,AWP,WE,Combined TRACON& Tower with Radar,21,36,24,8,89,0,1,85,0,86,21,37,109,8,175,108,6,114,289
11/24/2020,SBA,CA,AWP,WE,Combined TRACON& Tower with Radar,23,41,50,7,121,0,3,96,0,99,23,44,146,7,220,162,6,168,388
11/25/2020,SBA,CA,AWP,WE,Combined TRACON& Tower with Radar,23,16,25,3,67,0,5,75,0,80,23,21,100,3,147,156,2,158,305
11/26/2020,SBA,CA,AWP,WE,Combined TRACON& Tower with Radar,10,10,7,0,27,0,0,34,0,34,10,10,41,0,61,38,0,38,99
11/27/2020,SBA,CA,AWP,WE,Combined TRACON& Tower with Radar,21,28,22,0,71,0,1,78,0,79,21,29,100,0,150,150,0,150,300
11/28/2020,SBA,CA,AWP,WE,Combined TRACON& Tower with Radar,27,17,41,2,87,0,0,122,0,122,27,17,163,2,209,98,0,98,307
11/29/2020,SBA,CA,AWP,WE,Combined TRACON& Tower with Radar,25,34,51,0,110,0,1,124,2,127,25,35,175,2,237,132,0,132,369
11/30/2020,SBA,CA,AWP,WE,Combined TRACON& Tower with Radar,23,16,31,0,70,0,1,57,2,60,23,17,88,2,130,60,0,60,190
12/01/2020,SBA,CA,AWP,WE,Combined TRACON& Tower with Radar,23,37,22,0,82,0,0,65,0,65,23,37,87,0,147,176,0,176,323
12/02/2020,SBA,CA,AWP,WE,Combined TRACON& Tower with Radar,21,21,24,4,70,0,5,72,0,77,21,26,96,4,147,158,4,162,309
12/03/2020,SBA,CA,AWP,WE,Combined TRACON& Tower with Radar,21,23,22,0,66,0,2,52,0,54,21,25,74,0,120,88,0,88,208
12/04/2020,SBA,CA,AWP,WE,Combined TRACON& Tower with Radar,19,27,33,2,81,0,0,65,0,65,19,27,98,2,146,92,0,92,238
12/05/2020,SBA,CA,AWP,WE,Combined TRACON& Tower with Radar,17,12,32,0,61,0,0,114,0,114,17,12,146,0,175,170,0,170,345
12/06/2020,SBA,CA,AWP,WE,Combined TRACON& Tower with Radar,19,21,30,0,70,0,0,105,0,105,19,21,135,0,175,102,0,102,277
12/07/2020,SBA,CA,AWP,WE,Combined TRACON& Tower with Radar,19,21,19,0,59,0,0,38,0,38,19,21,57,0,97,44,0,44,141
12/08/2020,SBA,CA,AWP,WE,Combined TRACON& Tower with Radar,21,14,21,5,61,0,4,34,0,38,21,18,55,5,99,106,4,110,209
12/09/2020,SBA,CA,AWP,WE,Combined TRACON& Tower with Radar,19,27,26,0,72,0,3,93,2,98,19,30,119,2,170,102,0,102,272
12/10/2020,SBA,CA,AWP,WE,Combined TRACON& Tower with Radar,21,18,40,0,79,0,0,44,0,44,21,18,84,0,123,130,0,130,253
12/11/2020,SBA,CA,AWP,WE,Combined TRACON& Tower with Radar,19,31,29,8,87,0,2,56,0,58,19,33,85,8,145,70,0,70,215
12/12/2020,SBA,CA,AWP,WE,Combined TRACON& Tower with Radar,19,18,19,0,56,0,1,20,0,21,19,19,39,0,77,112,0,112,189
12/13/2020,SBA,CA,AWP,WE,Combined TRACON& Tower with Radar,21,23,35,0,79,0,0,70,2,72,21,23,105,2,151,88,0,88,239
12/14/2020,SBA,CA,AWP,WE,Combined TRACON& Tower with Radar,23,17,26,2,68,0,0,31,0,31,23,17,57,2,99,28,0,28,127
12/15/2020,SBA,CA,AWP,WE,Combined TRACON& Tower with Radar,19,11,23,0,53,0,2,59,0,61,19,13,82,0,114,114,0,114,228
12/16/2020,SBA,CA,AWP,WE,Combined TRACON& Tower with Radar,21,20,25,7,73,0,1,69,0,70,21,21,94,7,143,92,2,94,237
12/17/2020,SBA,CA,AWP,WE,Combined TRACON& Tower with Radar,21,37,34,4,96,0,2,24,0,26,21,39,58,4,122,12,0,12,134
12/18/2020,SBA,CA,AWP,WE,Combined TRACON& Tower with Radar,21,27,56,2,106,0,1,67,0,68,21,28,123,2,174,146,0,146,320
12/19/2020,SBA,CA,AWP,WE,Combined TRACON& Tower with Radar,22,27,41,4,94,0,0,116,0,116,22,27,157,4,210,152,0,152,362
12/20/2020,SBA,CA,AWP,WE,Combined TRACON& Tower with Radar,23,26,41,4,94,0,4,123,0,127,23,30,164,4,221,118,0,118,339
12/21/2020,SBA,CA,AWP,WE,Combined TRACON& Tower with Radar,19,20,28,0,67,0,4,81,2,87,19,24,109,2,154,144,8,152,306
12/22/2020,SBA,CA,AWP,WE,Combined TRACON& Tower with Radar,21,26,30,8,85,0,6,82,0,88,21,32,112,8,173,72,4,76,249
12/23/2020,SBA,CA,AWP,WE,Combined TRACON& Tower with Radar,20,27,39,2,88,0,0,55,0,55,20,27,94,2,143,204,0,204,347
12/24/2020,SBA,CA,AWP,WE,Combined TRACON& Tower with Radar,17,16,13,0,46,0,0,30,0,30,17,16,43,0,76,142,0,142,218
12/25/2020,SBA,CA,AWP,WE,Combined TRACON& Tower with Radar,17,7,9,0,33,0,0,29,0,29,17,7,38,0,62,36,0,36,98
12/26/2020,SBA,CA,AWP,WE,Combined TRACON& Tower with Radar,20,37,36,2,95,0,1,65,0,66,20,38,101,2,161,106,0,106,267
12/27/2020,SBA,CA,AWP,WE,Combined TRACON& Tower with Radar,21,22,39,0,82,0,1,30,0,31,21,23,69,0,113,24,0,24,137
12/28/2020,SBA,CA,AWP,WE,Combined TRACON& Tower with Radar,21,29,39,0,89,0,0,0,0,0,21,29,39,0,89,8,0,8,97
12/29/2020,SBA,CA,AWP,WE,Combined TRACON& Tower with Radar,22,29,43,2,96,0,4,66,0,70,22,33,109,2,166,82,2,84,250
12/30/2020,SBA,CA,AWP,WE,Combined TRACON& Tower with Radar,22,33,25,0,80,0,3,91,2,96,22,36,116,2,176,106,0,106,282
12/31/2020,SBA,CA,AWP,WE,Combined TRACON& Tower with Radar,17,17,19,0,53,0,1,27,0,28,17,18,46,0,81,54,0,54,135
01/01/2021,SBA,CA,AWP,WE,Combined TRACON& Tower with Radar,19,10,18,0,47,0,3,57,1,61,19,13,75,1,108,14,0,14,122
01/02/2021,SBA,CA,AWP,WE,Combined TRACON& Tower with Radar,21,23,52,0,96,0,3,76,0,79,21,26,128,0,175,68,0,68,243
01/03/2021,SBA,CA,AWP,WE,Combined TRACON& Tower with Radar,21,14,44,0,79,0,0,53,0,53,21,14,97,0,132,16,0,16,148
01/04/2021,SBA,CA,AWP,WE,Combined TRACON& Tower with Radar,22,23,39,0,84,0,0,31,0,31,22,23,70,0,115,58,0,58,173
01/05/2021,SBA,CA,AWP,WE,Combined TRACON& Tower with Radar,19,12,41,2,74,0,1,60,1,62,19,13,101,3,136,94,4,98,234
01/06/2021,SBA,CA,AWP,WE,Combined TRACON& Tower with Radar,20,18,28,0,66,0,0,52,0,52,20,18,80,0,118,80,0,80,198
01/07/2021,SBA,CA,AWP,WE,Combined TRACON& Tower with Radar,23,24,13,1,61,0,1,56,0,57,23,25,69,1,118,74,0,74,192
01/08/2021,SBA,CA,AWP,WE,Combined TRACON& Tower with Radar,25,22,31,1,79,0,2,75,2,79,25,24,106,3,158,52,0,52,210
01/09/2021,SBA,CA,AWP,WE,Combined TRACON& Tower with Radar,20,18,26,1,65,0,4,78,0,82,20,22,104,1,147,136,0,136,283
01/10/2021,SBA,CA,AWP,WE,Combined TRACON& Tower with Radar,23,20,44,1,88,0,1,102,0,103,23,21,146,1,191,108,0,108,299
01/11/2021,SBA,CA,AWP,WE,Combined TRACON& Tower with Radar,28,16,28,1,73,1,0,53,0,54,29,16,81,1,127,92,0,92,219
01/12/2021,SBA,CA,AWP,WE,Combined TRACON& Tower with Radar,20,24,27,4,75,0,0,84,2,86,20,24,111,6,161,86,0,86,247
01/13/2021,SBA,CA,AWP,WE,Combined TRACON& Tower with Radar,20,19,39,6,84,0,2,71,4,77,20,21,110,10,161,134,6,140,301
01/14/2021,SBA,CA,AWP,WE,Combined TRACON& Tower with Radar,23,23,25,8,79,0,5,82,0,87,23,28,107,8,166,120,0,120,286
01/15/2021,SBA,CA,AWP,WE,Combined TRACON& Tower with Radar,23,19,29,6,77,0,0,79,5,84,23,19,108,11,161,44,4,48,209
01/16/2021,SBA,CA,AWP,WE,Combined TRACON& Tower with Radar,19,30,40,1,90,0,6,99,1,106,19,36,139,2,196,188,0,188,384
01/17/2021,SBA,CA,AWP,WE,Combined TRACON& Tower with Radar,23,22,20,0,65,0,1,129,1,131,23,23,149,1,196,96,0,96,292
01/18/2021,SBA,CA,AWP,WE,Combined TRACON& Tower with Radar,23,29,29,2,83,0,1,78,1,80,23,30,107,3,163,64,2,66,229
01/19/2021,SBA,CA,AWP,WE,Combined TRACON& Tower with Radar,19,16,21,5,61,0,1,4,3,8,19,17,25,8,69,106,4,110,179
01/20/2021,SBA,CA,AWP,WE,Combined TRACON& Tower with Radar,18,18,25,4,65,0,2,60,0,62,18,20,85,4,127,176,0,176,303
01/21/2021,SBA,CA,AWP,WE,Combined TRACON& Tower with Radar,23,32,45,0,100,0,0,111,2,113,23,32,156,2,213,126,10,136,349
01/22/2021,SBA,CA,AWP,WE,Combined TRACON& Tower with Radar,23,18,48,0,89,0,4,29,0,33,23,22,77,0,122,98,0,98,220
01/23/2021,SBA,CA,AWP,WE,Combined TRACON& Tower with Radar,19,13,34,0,66,0,0,24,0,24,19,13,58,0,90,76,0,76,166
01/24/2021,SBA,CA,AWP,WE,Combined TRACON& Tower with Radar,22,22,34,0,78,0,0,51,0,51,22,22,85,0,129,80,0,80,209
01/25/2021,SBA,CA,AWP,WE,Combined TRACON& Tower with Radar,25,16,23,0,64,0,0,6,1,7,25,16,29,1,71,0,0,0,71
01/26/2021,SBA,CA,AWP,WE,Combined TRACON& Tower with Radar,19,23,59,2,103,0,2,71,1,74,19,25,130,3,177,60,0,60,237
01/27/2021,SBA,CA,AWP,WE,Combined TRACON& Tower with Radar,19,17,16,0,52,0,0,0,0,0,19,17,16,0,52,0,0,0,52
01/28/2021,SBA,CA,AWP,WE,Combined TRACON& Tower with Radar,23,13,9,0,45,0,0,0,0,0,23,13,9,0,45,6,0,6,51
01/29/2021,SBA,CA,AWP,WE,Combined TRACON& Tower with Radar,22,21,51,0,94,0,0,14,0,14,22,21,65,0,108,94,2,96,204
01/30/2021,SBA,CA,AWP,WE,Combined TRACON& Tower with Radar,19,18,47,0,84,0,2,144,0,146,19,20,191,0,230,116,0,116,346
01/31/2021,SBA,CA,AWP,WE,Combined TRACON& Tower with Radar,23,22,40,0,85,0,2,96,0,98,23,24,136,0,183,48,0,48,231
02/01/2021,SBA,CA,AWP,WE,Combined TRACON& Tower with Radar,24,18,27,2,71,0,2,57,0,59,24,20,84,2,130,90,0,90,220
02/02/2021,SBA,CA,AWP,WE,Combined TRACON& Tower with Radar,20,22,19,0,61,0,5,54,0,59,20,27,73,0,120,164,0,164,284
02/03/2021,SBA,CA,AWP,WE,Combined TRACON& Tower with Radar,19,20,29,0,68,0,5,83,0,88,19,25,112,0,156,150,0,150,306
02/04/2021,SBA,CA,AWP,WE,Combined TRACON& Tower with Radar,24,33,47,0,104,0,3,98,0,101,24,36,145,0,205,184,0,184,389
02/05/2021,SBA,CA,AWP,WE,Combined TRACON& Tower with Radar,23,24,44,0,91,0,0,112,0,112,23,24,156,0,203,92,0,92,295
02/06/2021,SBA,CA,AWP,WE,Combined TRACON& Tower with Radar,20,18,34,0,72,0,0,149,0,149,20,18,183,0,221,138,0,138,359
02/07/2021,SBA,CA,AWP,WE,Combined TRACON& Tower with Radar,24,23,47,0,94,0,1,68,0,69,24,24,115,0,163,94,0,94,257
02/08/2021,SBA,CA,AWP,WE,Combined TRACON& Tower with Radar,25,19,57,2,103,0,0,19,0,19,25,19,76,2,122,38,0,38,160
02/09/2021,SBA,CA,AWP,WE,Combined TRACON& Tower with Radar,20,31,44,0,95,0,2,7,0,9,20,33,51,0,104,80,0,80,184
02/10/2021,SBA,CA,AWP,WE,Combined TRACON& Tower with Radar,20,36,42,0,98,0,1,85,4,90,20,37,127,4,188,74,4,78,266
02/11/2021,SBA,CA,AWP,WE,Combined TRACON& Tower with Radar,21,35,55,1,112,0,0,35,2,37,21,35,90,3,149,80,0,80,229
02/12/2021,SBA,CA,AWP,WE,Combined TRACON& Tower with Radar,24,39,32,2,97,0,1,37,0,38,24,40,69,2,135,60,0,60,195
02/13/2021,SBA,CA,AWP,WE,Combined TRACON& Tower with Radar,16,22,20,0,58,0,0,31,0,31,16,22,51,0,89,84,0,84,173
02/14/2021,SBA,CA,AWP,WE,Combined TRACON& Tower with Radar,17,27,29,0,73,0,0,62,0,62,17,27,91,0,135,60,0,60,195
02/15/2021,SBA,CA,AWP,WE,Combined TRACON& Tower with Radar,19,32,44,0,95,0,5,49,0,54,19,37,93,0,149,136,0,136,285
02/16/2021,SBA,CA,AWP,WE,Combined TRACON& Tower with Radar,15,36,30,2,83,0,0,51,0,51,15,36,81,2,134,24,0,24,158
02/17/2021,SBA,CA,AWP,WE,Combined TRACON& Tower with Radar,18,32,44,16,110,0,1,41,3,45,18,33,85,19,155,64,6,70,225
02/18/2021,SBA,CA,AWP,WE,Combined TRACON& Tower with Radar,21,28,45,4,98,0,2,93,1,96,21,30,138,5,194,100,12,112,306
02/19/2021,SBA,CA,AWP,WE,Combined TRACON& Tower with Radar,23,30,33,13,99,0,1,107,3,111,23,31,140,16,210,180,2,182,392
02/20/2021,SBA,CA,AWP,WE,Combined TRACON& Tower with Radar,21,31,26,1,79,0,2,33,2,37,21,33,59,3,116,10,0,10,126
02/21/2021,SBA,CA,AWP,WE,Combined TRACON& Tower with Radar,23,32,54,2,111,0,0,143,1,144,23,32,197,3,255,254,0,254,509
02/22/2021,SBA,CA,AWP,WE,Combined TRACON& Tower with Radar,23,18,44,2,87,0,0,67,2,69,23,18,111,4,156,98,0,98,254
02/23/2021,SBA,CA,AWP,WE,Combined TRACON& Tower with Radar,19,17,38,16,90,0,1,68,0,69,19,18,106,16,159,46,14,60,219
02/24/2021,SBA,CA,AWP,WE,Combined TRACON& Tower with Radar,19,31,21,1,72,0,3,94,0,97,19,34,115,1,169,104,0,104,273
02/25/2021,SBA,CA,AWP,WE,Combined TRACON& Tower with Radar,23,26,30,0,79,0,2,50,0,52,23,28,80,0,131,112,0,112,243
02/26/2021,SBA,CA,AWP,WE,Combined TRACON& Tower with Radar,23,35,45,0,103,0,2,97,0,99,23,37,142,0,202,120,0,120,322
02/27/2021,SBA,CA,AWP,WE,Combined TRACON& Tower with Radar,21,21,25,2,69,0,0,66,2,68,21,21,91,4,137,62,0,62,199
02/28/2021,SBA,CA,AWP,WE,Combined TRACON& Tower with Radar,23,33,50,2,108,0,2,85,0,87,23,35,135,2,195,198,0,198,393
03/01/2021,SBA,CA,AWP,WE,Combined TRACON& Tower with Radar,23,35,33,0,91,0,0,77,0,77,23,35,110,0,168,72,0,72,240
03/02/2021,SBA,CA,AWP,WE,Combined TRACON& Tower with Radar,21,28,43,0,92,0,7,78,0,85,21,35,121,0,177,98,2,100,277
03/03/2021,SBA,CA,AWP,WE,Combined TRACON& Tower with Radar,19,36,49,1,105,0,1,16,2,19,19,37,65,3,124,88,0,88,212
03/04/2021,SBA,CA,AWP,WE,Combined TRACON& Tower with Radar,20,35,46,6,107,0,4,125,2,131,20,39,171,8,238,152,4,156,394
03/05/2021,SBA,CA,AWP,WE,Combined TRACON& Tower with Radar,23,32,45,2,102,0,0,103,3,106,23,32,148,5,208,212,2,214,422
03/06/2021,SBA,CA,AWP,WE,Combined TRACON& Tower with Radar,23,19,38,0,80,0,5,111,1,117,23,24,149,1,197,94,0,94,291
03/07/2021,SBA,CA,AWP,WE,Combined TRACON& Tower with Radar,23,23,83,1,130,0,0,30,0,30,23,23,113,1,160,116,0,116,276
03/08/2021,SBA,CA,AWP,WE,Combined TRACON& Tower with Radar,23,23,39,7,92,0,0,40,3,43,23,23,79,10,135,94,6,100,235
03/09/2021,SBA,CA,AWP,WE,Combined TRACON& Tower with Radar,20,33,31,1,85,0,0,20,0,20,20,33,51,1,105,52,0,52,157
03/10/2021,SBA,CA,AWP,WE,Combined TRACON& Tower with Radar,20,26,32,3,81,0,1,3,0,4,20,27,35,3,85,72,0,72,157
03/11/2021,SBA,CA,AWP,WE,Combined TRACON& Tower with Radar,23,34,45,2,104,0,0,32,10,42,23,34,77,12,146,40,2,42,188
03/12/2021,SBA,CA,AWP,WE,Combined TRACON& Tower with Radar,23,43,40,2,108,0,3,43,3,49,23,46,83,5,157,56,14,70,227
03/13/2021,SBA,CA,AWP,WE,Combined TRACON& Tower with Radar,23,22,31,0,76,0,0,69,1,70,23,22,100,1,146,54,0,54,200
03/14/2021,SBA,CA,AWP,WE,Combined TRACON& Tower with Radar,22,33,50,1,106,0,0,49,2,51,22,33,99,3,157,176,0,176,333
03/15/2021,SBA,CA,AWP,WE,Combined TRACON& Tower with Radar,22,25,31,0,78,0,0,8,2,10,22,25,39,2,88,6,0,6,94
03/16/2021,SBA,CA,AWP,WE,Combined TRACON& Tower with Radar,19,30,48,8,105,0,3,112,0,115,19,33,160,8,220,174,2,176,396
03/17/2021,SBA,CA,AWP,WE,Combined TRACON& Tower with Radar,19,28,35,3,85,0,4,91,1,96,19,32,126,4,181,232,4,236,417
03/18/2021,SBA,CA,AWP,WE,Combined TRACON& Tower with Radar,23,30,43,3,99,0,1,109,8,118,23,31,152,11,217,124,10,134,351
03/19/2021,SBA,CA,AWP,WE,Combined TRACON& Tower with Radar,23,34,45,0,102,0,2,63,3,68,23,36,108,3,170,100,0,100,270
03/20/2021,SBA,CA,AWP,WE,Combined TRACON& Tower with Radar,23,32,50,0,105,0,1,52,1,54,23,33,102,1,159,88,0,88,247
03/21/2021,SBA,CA,AWP,WE,Combined TRACON& Tower with Radar,24,42,33,1,100,0,0,76,1,77,24,42,109,2,177,68,0,68,245
03/22/2021,SBA,CA,AWP,WE,Combined TRACON& Tower with Radar,23,36,34,2,95,0,1,71,0,72,23,37,105,2,167,46,2,48,215
03/23/2021,SBA,CA,AWP,WE,Combined TRACON& Tower with Radar,20,19,48,11,98,0,1,52,4,57,20,20,100,15,155,80,22,102,257
03/24/2021,SBA,CA,AWP,WE,Combined TRACON& Tower with Radar,20,34,36,2,92,0,1,81,0,82,20,35,117,2,174,72,2,74,248
03/25/2021,SBA,CA,AWP,WE,Combined TRACON& Tower with Radar,23,28,39,4,94,0,6,28,1,35,23,34,67,5,129,55,2,57,186
03/26/2021,SBA,CA,AWP,WE,Combined TRACON& Tower with Radar,23,29,69,6,127,0,5,100,1,106,23,34,169,7,233,146,0,146,379
03/27/2021,SBA,CA,AWP,WE,Combined TRACON& Tower with Radar,23,31,45,1,100,0,3,129,1,133,23,34,174,2,233,148,0,148,381
03/28/2021,SBA,CA,AWP,WE,Combined TRACON& Tower with Radar,21,29,50,0,100,0,1,147,1,149,21,30,197,1,249,66,0,66,315
03/29/2021,SBA,CA,AWP,WE,Combined TRACON& Tower with Radar,24,32,35,0,91,0,4,107,1,112,24,36,142,1,203,86,0,86,289
03/30/2021,SBA,CA,AWP,WE,Combined TRACON& Tower with Radar,21,26,48,0,95,0,0,66,0,66,21,26,114,0,161,162,0,162,323
03/31/2021,SBA,CA,AWP,WE,Combined TRACON& Tower with Radar,21,33,37,2,93,0,4,74,0,78,21,37,111,2,171,162,2,164,335
04/01/2021,SBA,CA,AWP,WE,Combined TRACON& Tower with Radar,23,36,47,12,118,0,0,110,3,113,23,36,157,15,231,126,12,138,369
04/02/2021,SBA,CA,AWP,WE,Combined TRACON& Tower with Radar,24,33,39,0,96,0,1,85,2,88,24,34,124,2,184,76,0,76,260
04/03/2021,SBA,CA,AWP,WE,Combined TRACON& Tower with Radar,23,28,60,0,111,0,4,112,2,118,23,32,172,2,229,106,0,106,335
04/04/2021,SBA,CA,AWP,WE,Combined TRACON& Tower with Radar,27,25,38,5,95,0,0,70,2,72,27,25,108,7,167,62,0,62,229
04/05/2021,SBA,CA,AWP,WE,Combined TRACON& Tower with Radar,25,33,48,2,108,0,2,67,2,71,25,35,115,4,179,82,0,82,261
04/06/2021,SBA,CA,AWP,WE,Combined TRACON& Tower with Radar,23,32,49,5,109,0,1,75,2,78,23,33,124,7,187,58,4,62,249
04/07/2021,SBA,CA,AWP,WE,Combined TRACON& Tower with Radar,23,26,52,4,105,0,6,91,2,99,23,32,143,6,204,0,0,0,204
04/08/2021,SBA,CA,AWP,WE,Combined TRACON& Tower with Radar,25,31,38,0,94,0,6,93,5,104,25,37,131,5,198,142,0,142,340
04/09/2021,SBA,CA,AWP,WE,Combined TRACON& Tower with Radar,26,25,39,0,90,0,1,97,3,101,26,26,136,3,191,96,0,96,287
04/10/2021,SBA,CA,AWP,WE,Combined TRACON& Tower with Radar,23,25,43,3,94,0,0,93,1,94,23,25,136,4,188,164,2,166,354
04/11/2021,SBA,CA,AWP,WE,Combined TRACON& Tower with Radar,25,36,43,1,105,0,0,99,4,103,25,36,142,5,208,96,0,96,304
04/12/2021,SBA,CA,AWP,WE,Combined TRACON& Tower with Radar,34,23,42,5,104,0,0,27,1,28,34,23,69,6,132,96,4,100,232
04/13/2021,SBA,CA,AWP,WE,Combined TRACON& Tower with Radar,33,30,49,1,113,0,1,14,1,16,33,31,63,2,129,64,0,64,193
04/14/2021,SBA,CA,AWP,WE,Combined TRACON& Tower with Radar,33,38,46,3,120,0,0,58,0,58,33,38,104,3,178,116,0,116,294
04/15/2021,SBA,CA,AWP,WE,Combined TRACON& Tower with Radar,35,39,44,11,129,0,1,138,1,140,35,40,182,12,269,116,2,118,387
04/16/2021,SBA,CA,AWP,WE,Combined TRACON& Tower with Radar,35,44,44,1,124,0,0,121,1,122,35,44,165,2,246,38,0,38,284
04/17/2021,SBA,CA,AWP,WE,Combined TRACON& Tower with Radar,33,14,30,0,77,0,5,107,2,114,33,19,137,2,191,86,4,90,281
04/18/2021,SBA,CA,AWP,WE,Combined TRACON& Tower with Radar,35,34,41,0,110,0,2,80,6,88,35,36,121,6,198,74,0,74,272
04/19/2021,SBA,CA,AWP,WE,Combined TRACON& Tower with Radar,34,22,49,5,110,0,0,67,1,68,34,22,116,6,178,116,4,120,298
04/20/2021,SBA,CA,AWP,WE,Combined TRACON& Tower with Radar,31,24,41,3,99,0,1,73,0,74,31,25,114,3,173,104,0,104,277
04/21/2021,SBA,CA,AWP,WE,Combined TRACON& Tower with Radar,33,37,52,1,123,0,1,52,2,55,33,38,104,3,178,118,0,118,296
04/22/2021,SBA,CA,AWP,WE,Combined TRACON& Tower with Radar,36,28,63,0,127,0,0,37,2,39,36,28,100,2,166,136,0,136,302
04/23/2021,SBA,CA,AWP,WE,Combined TRACON& Tower with Radar,35,30,83,1,149,0,3,50,0,53,35,33,133,1,202,116,0,116,318
04/24/2021,SBA,CA,AWP,WE,Combined TRACON& Tower with Radar,33,26,58,1,118,0,0,67,0,67,33,26,125,1,185,128,0,128,313
04/25/2021,SBA,CA,AWP,WE,Combined TRACON& Tower with Radar,35,33,73,6,147,0,1,39,0,40,35,34,112,6,187,130,4,134,321
04/26/2021,SBA,CA,AWP,WE,Combined TRACON& Tower with Radar,35,29,28,6,98,0,2,64,1,67,35,31,92,7,165,30,14,44,209
04/27/2021,SBA,CA,AWP,WE,Combined TRACON& Tower with Radar,32,20,42,0,94,0,3,90,0,93,32,23,132,0,187,114,2,116,303
04/28/2021,SBA,CA,AWP,WE,Combined TRACON& Tower with Radar,36,20,28,0,84,0,1,96,0,97,36,21,124,0,181,92,2,94,275
04/29/2021,SBA,CA,AWP,WE,Combined TRACON& Tower with Radar,35,31,40,0,106,0,0,137,0,137,35,31,177,0,243,146,0,146,389
04/30/2021,SBA,CA,AWP,WE,Combined TRACON& Tower with Radar,35,28,48,0,111,0,3,123,0,126,35,31,171,0,237,68,0,68,305
05/01/2021,SBA,CA,AWP,WE,Combined TRACON& Tower with Radar,33,20,51,0,104,0,0,127,0,127,33,20,178,0,231,158,0,158,389
05/02/2021,SBA,CA,AWP,WE,Combined TRACON& Tower with Radar,34,31,42,0,107,0,2,85,0,87,34,33,127,0,194,74,0,74,268
05/03/2021,SBA,CA,AWP,WE,Combined TRACON& Tower with Radar,35,35,42,1,113,0,2,94,2,98,35,37,136,3,211,50,10,60,271
05/04/2021,SBA,CA,AWP,WE,Combined TRACON& Tower with Radar,33,34,41,3,111,0,0,71,3,74,33,34,112,6,185,98,0,98,283
05/05/2021,SBA,CA,AWP,WE,Combined TRACON& Tower with Radar,32,33,64,0,129,0,0,21,0,21,32,33,85,0,150,24,0,24,174
05/06/2021,SBA,CA,AWP,WE,Combined TRACON& Tower with Radar,36,41,99,6,182,0,0,7,0,7,36,41,106,6,189,18,0,18,207
05/07/2021,SBA,CA,AWP,WE,Combined TRACON& Tower with Radar,36,35,61,4,136,0,1,58,0,59,36,36,119,4,195,106,0,106,301
05/08/2021,SBA,CA,AWP,WE,Combined TRACON& Tower with Radar,41,36,45,0,122,0,1,119,0,120,41,37,164,0,242,134,0,134,376
05/09/2021,SBA,CA,AWP,WE,Combined TRACON& Tower with Radar,39,41,50,0,130,0,0,29,4,33,39,41,79,4,163,96,0,96,259
05/10/2021,SBA,CA,AWP,WE,Combined TRACON& Tower with Radar,36,42,56,2,136,0,1,8,2,11,36,43,64,4,147,4,0,4,151
05/11/2021,SBA,CA,AWP,WE,Combined TRACON& Tower with Radar,34,33,55,10,132,0,0,32,1,33,34,33,87,11,165,44,6,50,215
05/12/2021,SBA,CA,AWP,WE,Combined TRACON& Tower with Radar,36,37,90,4,167,0,1,2,0,3,36,38,92,4,170,0,4,4,174
05/13/2021,SBA,CA,AWP,WE,Combined TRACON& Tower with Radar,38,42,98,2,180,0,0,1,0,1,38,42,99,2,181,4,2,6,187
05/14/2021,SBA,CA,AWP,WE,Combined TRACON& Tower with Radar,39,35,83,0,157,0,4,2,0,6,39,39,85,0,163,10,0,10,173
05/15/2021,SBA,CA,AWP,WE,Combined TRACON& Tower with Radar,39,29,41,0,109,0,1,43,7,51,39,30,84,7,160,266,0,266,426
05/16/2021,SBA,CA,AWP,WE,Combined TRACON& Tower with Radar,39,32,49,0,120,0,0,46,0,46,39,32,95,0,166,170,2,172,338
05/17/2021,SBA,CA,AWP,WE,Combined TRACON& Tower with Radar,37,24,66,0,127,0,0,41,0,41,37,24,107,0,168,88,0,88,256
05/18/2021,SBA,CA,AWP,WE,Combined TRACON& Tower with Radar,33,27,35,6,101,0,0,79,0,79,33,27,114,6,180,118,6,124,304
05/19/2021,SBA,CA,AWP,WE,Combined TRACON& Tower with Radar,35,42,42,3,122,0,4,89,0,93,35,46,131,3,215,74,0,74,289
05/20/2021,SBA,CA,AWP,WE,Combined TRACON& Tower with Radar,38,39,54,5,136,0,4,90,2,96,38,43,144,7,232,120,0,120,352
05/21/2021,SBA,CA,AWP,WE,Combined TRACON& Tower with Radar,39,33,34,4,110,0,1,62,1,64,39,34,96,5,174,26,8,34,208
05/22/2021,SBA,CA,AWP,WE,Combined TRACON& Tower with Radar,38,22,47,0,107,0,0,104,0,104,38,22,151,0,211,162,0,162,373
05/23/2021,SBA,CA,AWP,WE,Combined TRACON& Tower with Radar,39,34,38,0,111,0,7,122,0,129,39,41,160,0,240,150,2,152,392
05/24/2021,SBA,CA,AWP,WE,Combined TRACON& Tower with Radar,37,51,33,4,125,0,0,124,0,124,37,51,157,4,249,96,6,102,351
05/25/2021,SBA,CA,AWP,WE,Combined TRACON& Tower with Radar,33,35,30,4,102,0,1,98,0,99,33,36,128,4,201,104,0,104,305
05/26/2021,SBA,CA,AWP,WE,Combined TRACON& Tower with Radar,35,37,53,3,128,0,8,99,0,107,35,45,152,3,235,196,2,198,433
05/27/2021,SBA,CA,AWP,WE,Combined TRACON& Tower with Radar,37,45,69,2,153,0,1,60,1,62,37,46,129,3,215,140,0,140,355
05/28/2021,SBA,CA,AWP,WE,Combined TRACON& Tower with Radar,37,63,75,0,175,0,1,90,0,91,37,64,165,0,266,74,0,74,340
05/29/2021,SBA,CA,AWP,WE,Combined TRACON& Tower with Radar,38,33,44,0,115,0,0,51,2,53,38,33,95,2,168,122,0,122,290
05/30/2021,SBA,CA,AWP,WE,Combined TRACON& Tower with Radar,38,21,30,0,89,0,2,89,0,91,38,23,119,0,180,200,0,200,380
05/31/2021,SBA,CA,AWP,WE,Combined TRACON& Tower with Radar,36,54,63,0,153,0,2,67,1,70,36,56,130,1,223,56,0,56,279
06/01/2021,SBA,CA,AWP,WE,Combined TRACON& Tower with Radar,33,59,52,0,144,0,0,18,0,18,33,59,70,0,162,38,0,38,200
06/02/2021,SBA,CA,AWP,WE,Combined TRACON& Tower with Radar,35,50,58,2,145,0,3,37,0,40,35,53,95,2,185,50,0,50,235
06/03/2021,SBA,CA,AWP,WE,Combined TRACON& Tower with Radar,37,45,77,0,159,0,1,60,0,61,37,46,137,0,220,82,0,82,302
06/04/2021,SBA,CA,AWP,WE,Combined TRACON& Tower with Radar,36,48,54,0,138,0,3,45,0,48,36,51,99,0,186,10,0,10,196
06/05/2021,SBA,CA,AWP,WE,Combined TRACON& Tower with Radar,37,35,49,0,121,0,0,55,0,55,37,35,104,0,176,74,0,74,250
06/06/2021,SBA,CA,AWP,WE,Combined TRACON& Tower with Radar,35,47,57,0,139,0,0,54,0,54,35,47,111,0,193,116,0,116,309
06/07/2021,SBA,CA,AWP,WE,Combined TRACON& Tower with Radar,35,28,49,1,113,0,0,21,1,22,35,28,70,2,135,72,0,72,207
06/08/2021,SBA,CA,AWP,WE,Combined TRACON& Tower with Radar,35,43,46,0,124,0,0,77,0,77,35,43,123,0,201,130,0,130,331
06/09/2021,SBA,CA,AWP,WE,Combined TRACON& Tower with Radar,35,41,35,2,113,0,4,80,7,91,35,45,115,9,204,54,10,64,268
06/10/2021,SBA,CA,AWP,WE,Combined TRACON& Tower with Radar,33,37,35,0,105,0,2,90,0,92,33,39,125,0,197,114,0,114,311
06/11/2021,SBA,CA,AWP,WE,Combined TRACON& Tower with Radar,36,47,46,4,133,0,1,136,0,137,36,48,182,4,270,182,0,182,452
06/12/2021,SBA,CA,AWP,WE,Combined TRACON& Tower with Radar,38,31,34,1,104,0,6,115,2,123,38,37,149,3,227,82,0,82,309
06/13/2021,SBA,CA,AWP,WE,Combined TRACON& Tower with Radar,37,32,48,0,117,0,0,91,0,91,37,32,139,0,208,156,0,156,364
06/14/2021,SBA,CA,AWP,WE,Combined TRACON& Tower with Radar,36,39,44,0,119,0,1,89,2,92,36,40,133,2,211,126,0,126,337
06/15/2021,SBA,CA,AWP,WE,Combined TRACON& Tower with Radar,35,35,55,2,127,0,0,75,0,75,35,35,130,2,202,98,2,100,302
06/16/2021,SBA,CA,AWP,WE,Combined TRACON& Tower with Radar,33,34,53,4,124,0,3,100,0,103,33,37,153,4,227,120,0,120,347
06/17/2021,SBA,CA,AWP,WE,Combined TRACON& Tower with Radar,38,36,54,5,133,0,0,13,0,13,38,36,67,5,146,8,2,10,156
06/18/2021,SBA,CA,AWP,WE,Combined TRACON& Tower with Radar,38,48,105,0,191,0,0,15,0,15,38,48,120,0,206,6,0,6,212
06/19/2021,SBA,CA,AWP,WE,Combined TRACON& Tower with Radar,39,30,83,1,153,0,1,46,0,47,39,31,129,1,200,58,0,58,258
06/20/2021,SBA,CA,AWP,WE,Combined TRACON& Tower with Radar,38,33,66,0,137,0,0,23,0,23,38,33,89,0,160,4,0,4,164
06/21/2021,SBA,CA,AWP,WE,Combined TRACON& Tower with Radar,36,43,81,0,160,0,0,46,0,46,36,43,127,0,206,16,0,16,222
06/22/2021,SBA,CA,AWP,WE,Combined TRACON& Tower with Radar,35,34,45,0,114,0,0,71,0,71,35,34,116,0,185,50,0,50,235
06/23/2021,SBA,CA,AWP,WE,Combined TRACON& Tower with Radar,43,48,27,1,119,0,1,97,3,101,43,49,124,4,220,116,0,116,336
06/24/2021,SBA,CA,AWP,WE,Combined TRACON& Tower with Radar,36,33,45,2,116,0,1,79,2,82,36,34,124,4,198,80,0,80,278
06/25/2021,SBA,CA,AWP,WE,Combined TRACON& Tower with Radar,36,45,53,2,136,0,0,107,1,108,36,45,160,3,244,64,0,64,308
06/26/2021,SBA,CA,AWP,WE,Combined TRACON& Tower with Radar,38,36,43,2,119,0,4,124,0,128,38,40,167,2,247,150,0,150,397
06/27/2021,SBA,CA,AWP,WE,Combined TRACON& Tower with Radar,38,37,67,2,144,0,2,124,0,126,38,39,191,2,270,224,0,224,494
06/28/2021,SBA,CA,AWP,WE,Combined TRACON& Tower with Radar,36,45,46,0,127,0,0,62,0,62,36,45,108,0,189,64,0,64,253
06/29/2021,SBA,CA,AWP,WE,Combined TRACON& Tower with Radar,37,44,50,9,140,0,0,25,0,25,37,44,75,9,165,32,8,40,205
06/30/2021,SBA,CA,AWP,WE,Combined TRACON& Tower with Radar,37,35,51,2,125,0,0,31,0,31,37,35,82,2,156,46,0,46,202
07/01/2021,SBA,CA,AWP,WE,Combined TRACON& Tower with Radar,35,51,67,5,158,0,3,82,0,85,35,54,149,5,243,194,0,194,437
07/02/2021,SBA,CA,AWP,WE,Combined TRACON& Tower with Radar,39,38,73,0,150,0,0,85,0,85,39,38,158,0,235,98,0,98,333
07/03/2021,SBA,CA,AWP,WE,Combined TRACON& Tower with Radar,38,32,32,0,102,0,0,102,0,102,38,32,134,0,204,108,0,108,312
07/04/2021,SBA,CA,AWP,WE,Combined TRACON& Tower with Radar,37,19,35,0,91,0,1,48,0,49,37,20,83,0,140,22,0,22,162
07/05/2021,SBA,CA,AWP,WE,Combined TRACON& Tower with Radar,39,24,57,0,120,0,0,113,0,113,39,24,170,0,233,110,0,110,343
07/06/2021,SBA,CA,AWP,WE,Combined TRACON& Tower with Radar,39,52,73,2,166,0,0,51,1,52,39,52,124,3,218,76,2,78,296
07/07/2021,SBA,CA,AWP,WE,Combined TRACON& Tower with Radar,33,48,42,1,124,0,0,72,1,73,33,48,114,2,197,198,0,198,395
07/08/2021,SBA,CA,AWP,WE,Combined TRACON& Tower with Radar,39,46,46,3,134,0,2,105,4,111,39,48,151,7,245,188,0,188,433
07/09/2021,SBA,CA,AWP,WE,Combined TRACON& Tower with Radar,38,49,43,3,133,0,1,128,2,131,38,50,171,5,264,114,0,114,378
07/10/2021,SBA,CA,AWP,WE,Combined TRACON& Tower with Radar,41,33,27,2,103,0,0,99,0,99,41,33,126,2,202,100,0,100,302
07/11/2021,SBA,CA,AWP,WE,Combined TRACON& Tower with Radar,42,22,48,0,112,0,0,124,0,124,42,22,172,0,236,106,0,106,342
07/12/2021,SBA,CA,AWP,WE,Combined TRACON& Tower with Radar,39,45,36,2,122,0,0,76,4,80,39,45,112,6,202,58,0,58,260
07/13/2021,SBA,CA,AWP,WE,Combined TRACON& Tower with Radar,39,36,48,13,136,0,0,61,0,61,39,36,109,13,197,88,10,98,295
07/14/2021,SBA,CA,AWP,WE,Combined TRACON& Tower with Radar,34,38,41,0,113,0,0,65,0,65,34,38,106,0,178,74,0,74,252
07/15/2021,SBA,CA,AWP,WE,Combined TRACON& Tower with Radar,39,51,55,0,145,0,0,58,0,58,39,51,113,0,203,122,0,122,325
07/16/2021,SBA,CA,AWP,WE,Combined TRACON& Tower with Radar,39,46,61,9,155,0,0,80,1,81,39,46,141,10,236,152,0,152,388
07/17/2021,SBA,CA,AWP,WE,Combined TRACON& Tower with Radar,41,29,38,3,111,0,2,111,0,113,41,31,149,3,224,106,2,108,332
07/18/2021,SBA,CA,AWP,WE,Combined TRACON& Tower with Radar,41,43,39,0,123,0,0,83,0,83,41,43,122,0,206,114,0,114,320
07/19/2021,SBA,CA,AWP,WE,Combined TRACON& Tower with Radar,41,35,37,6,119,0,0,86,0,86,41,35,123,6,205,76,0,76,281
07/20/2021,SBA,CA,AWP,WE,Combined TRACON& Tower with Radar,37,38,42,4,121,0,2,103,0,105,37,40,145,4,226,88,0,88,314
07/21/2021,SBA,CA,AWP,WE,Combined TRACON& Tower with Radar,35,44,46,6,131,0,3,100,3,106,35,47,146,9,237,146,0,146,383
07/22/2021,SBA,CA,AWP,WE,Combined TRACON& Tower with Radar,38,37,52,10,137,0,4,124,7,135,38,41,176,17,272,150,8,158,430
07/23/2021,SBA,CA,AWP,WE,Combined TRACON& Tower with Radar,40,45,43,6,134,0,1,85,0,86,40,46,128,6,220,190,4,194,414
07/24/2021,SBA,CA,AWP,WE,Combined TRACON& Tower with Radar,41,33,87,1,162,0,0,19,0,19,41,33,106,1,181,8,0,8,189
07/25/2021,SBA,CA,AWP,WE,Combined TRACON& Tower with Radar,42,41,64,0,147,0,0,45,0,45,42,41,109,0,192,74,0,74,266
07/26/2021,SBA,CA,AWP,WE,Combined TRACON& Tower with Radar,39,46,67,1,153,0,1,54,1,56,39,47,121,2,209,124,0,124,333
07/27/2021,SBA,CA,AWP,WE,Combined TRACON& Tower with Radar,41,47,51,8,147,0,2,49,0,51,41,49,100,8,198,176,0,176,374
07/28/2021,SBA,CA,AWP,WE,Combined TRACON& Tower with Radar,35,48,33,5,121,0,0,71,0,71,35,48,104,5,192,219,0,219,411
07/29/2021,SBA,CA,AWP,WE,Combined TRACON& Tower with Radar,38,43,40,4,125,0,3,82,0,85,38,46,122,4,210,120,4,124,334
07/30/2021,SBA,CA,AWP,WE,Combined TRACON& Tower with Radar,39,43,49,10,141,0,0,85,0,85,39,43,134,10,226,108,12,120,346
07/31/2021,SBA,CA,AWP,WE,Combined TRACON& Tower with Radar,42,31,59,0,132,0,0,64,0,64,42,31,123,0,196,156,0,156,352
08/01/2021,SBA,CA,AWP,WE,Combined TRACON& Tower with Radar,35,59,48,0,142,0,0,120,1,121,35,59,168,1,263,46,0,46,309
08/02/2021,SBA,CA,AWP,WE,Combined TRACON& Tower with Radar,33,44,26,0,103,0,0,91,0,91,33,44,117,0,194,138,0,138,332
08/03/2021,SBA,CA,AWP,WE,Combined TRACON& Tower with Radar,35,44,31,11,121,0,0,99,5,104,35,44,130,16,225,150,16,166,391
08/04/2021,SBA,CA,AWP,WE,Combined TRACON& Tower with Radar,35,51,44,8,138,0,1,89,0,90,35,52,133,8,228,188,8,196,424
08/05/2021,SBA,CA,AWP,WE,Combined TRACON& Tower with Radar,39,45,49,2,135,0,1,98,0,99,39,46,147,2,234,178,0,178,412
08/06/2021,SBA,CA,AWP,WE,Combined TRACON& Tower with Radar,31,54,47,1,133,0,0,88,7,95,31,54,135,8,228,238,54,292,520
08/07/2021,SBA,CA,AWP,WE,Combined TRACON& Tower with Radar,38,35,78,0,151,0,0,58,1,59,38,35,136,1,210,54,0,54,264
08/08/2021,SBA,CA,AWP,WE,Combined TRACON& Tower with Radar,35,52,74,0,161,0,0,43,0,43,35,52,117,0,204,34,0,34,238
08/09/2021,SBA,CA,AWP,WE,Combined TRACON& Tower with Radar,34,45,51,3,133,0,0,58,3,61,34,45,109,6,194,86,2,88,282
08/10/2021,SBA,CA,AWP,WE,Combined TRACON& Tower with Radar,35,42,49,2,128,0,0,63,0,63,35,42,112,2,191,0,0,0,191
08/11/2021,SBA,CA,AWP,WE,Combined TRACON& Tower with Radar,33,51,50,1,135,0,2,90,1,93,33,53,140,2,228,196,20,216,444
08/12/2021,SBA,CA,AWP,WE,Combined TRACON& Tower with Radar,37,61,38,2,138,0,0,114,1,115,37,61,152,3,253,206,2,208,461
08/13/2021,SBA,CA,AWP,WE,Combined TRACON& Tower with Radar,36,43,48,0,127,0,3,114,4,121,36,46,162,4,248,80,0,80,328
08/14/2021,SBA,CA,AWP,WE,Combined TRACON& Tower with Radar,37,39,47,0,123,0,0,76,0,76,37,39,123,0,199,142,0,142,341
08/15/2021,SBA,CA,AWP,WE,Combined TRACON& Tower with Radar,39,48,71,0,158,0,0,119,4,123,39,48,190,4,281,138,0,138,419
08/16/2021,SBA,CA,AWP,WE,Combined TRACON& Tower with Radar,34,45,45,7,131,0,0,80,0,80,34,45,125,7,211,0,0,0,211
08/17/2021,SBA,CA,AWP,WE,Combined TRACON& Tower with Radar,31,41,63,3,138,0,0,44,0,44,31,41,107,3,182,86,0,86,268
08/18/2021,SBA,CA,AWP,WE,Combined TRACON& Tower with Radar,32,55,94,0,181,0,0,3,0,3,32,55,97,0,184,66,0,66,250
08/19/2021,SBA,CA,AWP,WE,Combined TRACON& Tower with Radar,36,38,39,8,121,0,0,54,1,55,36,38,93,9,176,130,4,134,310
08/20/2021,SBA,CA,AWP,WE,Combined TRACON& Tower with Radar,35,71,70,2,178,0,1,65,0,66,35,72,135,2,244,96,0,96,340
08/21/2021,SBA,CA,AWP,WE,Combined TRACON& Tower with Radar,35,41,50,0,126,0,3,20,2,25,35,44,70,2,151,84,0,84,235
08/22/2021,SBA,CA,AWP,WE,Combined TRACON& Tower with Radar,37,33,64,5,139,0,1,67,0,68,37,34,131,5,207,84,6,90,297
08/23/2021,SBA,CA,AWP,WE,Combined TRACON& Tower with Radar,35,43,60,4,142,0,2,53,0,55,35,45,113,4,197,84,4,88,285
08/24/2021,SBA,CA,AWP,WE,Combined TRACON& Tower with Radar,32,43,68,7,150,0,0,64,3,67,32,43,132,10,217,128,4,132,349
08/25/2021,SBA,CA,AWP,WE,Combined TRACON& Tower with Radar,33,46,35,6,120,0,0,94,0,94,33,46,129,6,214,70,4,74,288
08/26/2021,SBA,CA,AWP,WE,Combined TRACON& Tower with Radar,33,57,39,4,133,0,2,105,0,107,33,59,144,4,240,172,0,172,412
08/27/2021,SBA,CA,AWP,WE,Combined TRACON& Tower with Radar,36,55,53,0,144,0,3,110,2,115,36,58,163,2,259,78,2,80,339
08/28/2021,SBA,CA,AWP,WE,Combined TRACON& Tower with Radar,37,49,47,0,133,0,0,73,0,73,37,49,120,0,206,30,0,30,236
08/29/2021,SBA,CA,AWP,WE,Combined TRACON& Tower with Radar,36,55,80,0,171,0,0,89,0,89,36,55,169,0,260,22,0,22,282
08/30/2021,SBA,CA,AWP,WE,Combined TRACON& Tower with Radar,35,43,66,0,144,0,0,44,0,44,35,43,110,0,188,16,0,16,204
08/31/2021,SBA,CA,AWP,WE,Combined TRACON& Tower with Radar,33,34,48,4,119,0,0,31,2,33,33,34,79,6,152,86,4,90,242
09/01/2021,SBA,CA,AWP,WE,Combined TRACON& Tower with Radar,33,32,60,6,131,0,1,42,0,43,33,33,102,6,174,90,4,94,268
09/02/2021,SBA,CA,AWP,WE,Combined TRACON& Tower with Radar,35,39,64,1,139,0,1,80,1,82,35,40,144,2,221,102,0,102,323
09/03/2021,SBA,CA,AWP,WE,Combined TRACON& Tower with Radar,34,43,50,0,127,0,1,109,0,110,34,44,159,0,237,132,0,132,369
09/04/2021,SBA,CA,AWP,WE,Combined TRACON& Tower with Radar,37,33,49,0,119,0,1,73,0,74,37,34,122,0,193,58,0,58,251
09/05/2021,SBA,CA,AWP,WE,Combined TRACON& Tower with Radar,39,32,42,0,113,0,0,81,0,81,39,32,123,0,194,60,0,60,254
09/06/2021,SBA,CA,AWP,WE,Combined TRACON& Tower with Radar,35,49,62,1,147,0,1,87,0,88,35,50,149,1,235,150,0,150,385
09/07/2021,SBA,CA,AWP,WE,Combined TRACON& Tower with Radar,34,45,39,5,123,0,2,79,0,81,34,47,118,5,204,162,0,162,366
09/08/2021,SBA,CA,AWP,WE,Combined TRACON& Tower with Radar,36,44,50,9,139,0,1,21,0,22,36,45,71,9,161,22,6,28,189
09/09/2021,SBA,CA,AWP,WE,Combined TRACON& Tower with Radar,39,44,50,3,136,0,1,94,4,99,39,45,144,7,235,102,0,102,337
09/10/2021,SBA,CA,AWP,WE,Combined TRACON& Tower with Radar,38,36,46,1,121,0,3,92,0,95,38,39,138,1,216,134,0,134,350
09/11/2021,SBA,CA,AWP,WE,Combined TRACON& Tower with Radar,36,33,37,0,106,0,6,127,0,133,36,39,164,0,239,212,0,212,451
09/12/2021,SBA,CA,AWP,WE,Combined TRACON& Tower with Radar,40,38,58,0,136,0,0,104,2,106,40,38,162,2,242,106,0,106,348
09/13/2021,SBA,CA,AWP,WE,Combined TRACON& Tower with Radar,37,33,56,0,126,0,0,47,0,47,37,33,103,0,173,28,0,28,201
09/14/2021,SBA,CA,AWP,WE,Combined TRACON& Tower with Radar,37,38,41,4,120,0,2,53,0,55,37,40,94,4,175,60,6,66,241
09/15/2021,SBA,CA,AWP,WE,Combined TRACON& Tower with Radar,37,65,51,16,169,0,2,76,0,78,37,67,127,16,247,110,10,120,367
09/16/2021,SBA,CA,AWP,WE,Combined TRACON& Tower with Radar,39,47,56,2,144,0,0,63,0,63,39,47,119,2,207,122,0,122,329
09/17/2021,SBA,CA,AWP,WE,Combined TRACON& Tower with Radar,39,32,78,0,149,0,0,74,0,74,39,32,152,0,223,102,0,102,325
09/18/2021,SBA,CA,AWP,WE,Combined TRACON& Tower with Radar,35,33,35,0,103,0,1,87,0,88,35,34,122,0,191,138,0,138,329
09/19/2021,SBA,CA,AWP,WE,Combined TRACON& Tower with Radar,39,33,68,0,140,0,0,126,0,126,39,33,194,0,266,154,0,154,420
09/20/2021,SBA,CA,AWP,WE,Combined TRACON& Tower with Radar,37,29,31,0,97,0,1,80,0,81,37,30,111,0,178,114,2,116,294
09/21/2021,SBA,CA,AWP,WE,Combined TRACON& Tower with Radar,37,36,44,9,126,0,0,65,0,65,37,36,109,9,191,110,2,112,303
09/22/2021,SBA,CA,AWP,WE,Combined TRACON& Tower with Radar,36,48,47,0,131,0,2,86,0,88,36,50,133,0,219,158,0,158,377
09/23/2021,SBA,CA,AWP,WE,Combined TRACON& Tower with Radar,40,46,64,0,150,0,1,71,0,72,40,47,135,0,222,72,0,72,294
09/24/2021,SBA,CA,AWP,WE,Combined TRACON& Tower with Radar,39,45,95,7,186,0,0,6,0,6,39,45,101,7,192,12,4,16,208
09/25/2021,SBA,CA,AWP,WE,Combined TRACON& Tower with Radar,35,31,48,0,114,0,0,39,0,39,35,31,87,0,153,58,0,58,211
09/26/2021,SBA,CA,AWP,WE,Combined TRACON& Tower with Radar,38,51,98,0,187,0,1,4,0,5,38,52,102,0,192,65,0,65,257
09/27/2021,SBA,CA,AWP,WE,Combined TRACON& Tower with Radar,39,36,56,7,138,0,0,13,1,14,39,36,69,8,152,68,0,68,220
09/28/2021,SBA,CA,AWP,WE,Combined TRACON& Tower with Radar,36,46,44,15,141,0,1,38,2,41,36,47,82,17,182,96,4,100,282
09/29/2021,SBA,CA,AWP,WE,Combined TRACON& Tower with Radar,36,42,36,4,118,0,0,106,0,106,36,42,142,4,224,142,0,142,366
09/30/2021,SBA,CA,AWP,WE,Combined TRACON& Tower with Radar,38,48,32,4,122,0,2,97,0,99,38,50,129,4,221,132,0,132,353
10/01/2021,SBA,CA,AWP,WE,Combined TRACON& Tower with Radar,36,52,47,0,135,0,2,117,0,119,36,54,164,0,254,96,4,100,354
10/02/2021,SBA,CA,AWP,WE,Combined TRACON& Tower with Radar,33,32,28,0,93,0,1,104,0,105,33,33,132,0,198,132,0,132,330
10/03/2021,SBA,CA,AWP,WE,Combined TRACON& Tower with Radar,37,41,50,0,128,0,0,128,0,128,37,41,178,0,256,78,0,78,334
10/04/2021,SBA,CA,AWP,WE,Combined TRACON& Tower with Radar,38,39,29,5,111,0,0,64,0,64,38,39,93,5,175,20,0,20,195
10/05/2021,SBA,CA,AWP,WE,Combined TRACON& Tower with Radar,34,41,26,7,108,0,2,91,2,95,34,43,117,9,203,104,4,108,311
10/06/2021,SBA,CA,AWP,WE,Combined TRACON& Tower with Radar,33,35,75,5,148,0,1,42,1,44,33,36,117,6,192,96,0,96,288
10/07/2021,SBA,CA,AWP,WE,Combined TRACON& Tower with Radar,31,54,81,2,168,0,1,1,0,2,31,55,82,2,170,16,0,16,186
10/08/2021,SBA,CA,AWP,WE,Combined TRACON& Tower with Radar,34,56,73,3,166,0,3,64,1,68,34,59,137,4,234,54,2,56,290
10/09/2021,SBA,CA,AWP,WE,Combined TRACON& Tower with Radar,26,32,37,0,95,0,3,110,0,113,26,35,147,0,208,58,0,58,266
10/10/2021,SBA,CA,AWP,WE,Combined TRACON& Tower with Radar,27,29,66,0,122,0,0,111,0,111,27,29,177,0,233,44,0,44,277
10/11/2021,SBA,CA,AWP,WE,Combined TRACON& Tower with Radar,28,41,32,0,101,0,1,46,0,47,28,42,78,0,148,26,2,28,176
10/12/2021,SBA,CA,AWP,WE,Combined TRACON& Tower with Radar,28,46,26,0,100,0,0,67,0,67,28,46,93,0,167,134,0,134,301
10/13/2021,SBA,CA,AWP,WE,Combined TRACON& Tower with Radar,27,34,43,0,104,0,0,69,1,70,27,34,112,1,174,42,0,42,216
10/14/2021,SBA,CA,AWP,WE,Combined TRACON& Tower with Radar,31,49,47,2,129,0,14,68,0,82,31,63,115,2,211,174,0,174,385
10/15/2021,SBA,CA,AWP,WE,Combined TRACON& Tower with Radar,33,45,38,2,118,0,10,91,2,103,33,55,129,4,221,198,16,214,435
10/16/2021,SBA,CA,AWP,WE,Combined TRACON& Tower with Radar,28,47,47,0,122,0,3,97,8,108,28,50,144,8,230,154,22,176,406
10/17/2021,SBA,CA,AWP,WE,Combined TRACON& Tower with Radar,31,68,52,0,151,0,2,101,1,104,31,70,153,1,255,66,0,66,321
10/18/2021,SBA,CA,AWP,WE,Combined TRACON& Tower with Radar,32,38,44,2,116,0,0,36,1,37,32,38,80,3,153,68,0,68,221
10/19/2021,SBA,CA,AWP,WE,Combined TRACON& Tower with Radar,29,43,43,5,120,0,0,74,3,77,29,43,117,8,197,166,4,170,367
10/20/2021,SBA,CA,AWP,WE,Combined TRACON& Tower with Radar,27,32,44,0,103,0,0,97,2,99,27,32,141,2,202,134,0,134,336
10/21/2021,SBA,CA,AWP,WE,Combined TRACON& Tower with Radar,30,53,49,2,134,0,0,71,0,71,30,53,120,2,205,154,0,154,359
10/22/2021,SBA,CA,AWP,WE,Combined TRACON& Tower with Radar,25,34,80,4,143,0,0,29,0,29,25,34,109,4,172,14,0,14,186
10/23/2021,SBA,CA,AWP,WE,Combined TRACON& Tower with Radar,28,35,42,1,106,0,0,65,0,65,28,35,107,1,171,194,0,194,365
10/24/2021,SBA,CA,AWP,WE,Combined TRACON& Tower with Radar,33,43,60,1,137,0,0,51,0,51,33,43,111,1,188,72,0,72,260
10/25/2021,SBA,CA,AWP,WE,Combined TRACON& Tower with Radar,31,32,35,0,98,0,1,7,0,8,31,33,42,0,106,20,0,20,126
10/26/2021,SBA,CA,AWP,WE,Combined TRACON& Tower with Radar,28,41,46,6,121,0,7,100,2,109,28,48,146,8,230,70,2,72,302
10/27/2021,SBA,CA,AWP,WE,Combined TRACON& Tower with Radar,28,50,60,3,141,0,6,99,2,107,28,56,159,5,248,74,2,76,324
10/28/2021,SBA,CA,AWP,WE,Combined TRACON& Tower with Radar,29,54,31,3,117,0,7,80,4,91,29,61,111,7,208,70,10,80,288
10/29/2021,SBA,CA,AWP,WE,Combined TRACON& Tower with Radar,37,50,56,3,146,0,3,122,2,127,37,53,178,5,273,156,0,156,429
10/30/2021,SBA,CA,AWP,WE,Combined TRACON& Tower with Radar,27,31,81,0,139,0,0,0,0,0,27,31,81,0,139,0,0,0,139
10/31/2021,SBA,CA,AWP,WE,Combined TRACON& Tower with Radar,32,37,63,0,132,0,0,10,0,10,32,37,73,0,142,8,0,8,150
11/01/2021,SBA,CA,AWP,WE,Combined TRACON& Tower with Radar,32,42,55,10,139,0,3,49,1,53,32,45,104,11,192,34,4,38,230
11/02/2021,SBA,CA,AWP,WE,Combined TRACON& Tower with Radar,31,30,39,5,105,0,1,56,0,57,31,31,95,5,162,68,4,72,234
11/03/2021,SBA,CA,AWP,WE,Combined TRACON& Tower with Radar,33,55,52,7,147,0,1,52,2,55,33,56,104,9,202,20,0,20,222
11/04/2021,SBA,CA,AWP,WE,Combined TRACON& Tower with Radar,32,49,39,0,120,0,0,15,0,15,32,49,54,0,135,18,0,18,153
11/05/2021,SBA,CA,AWP,WE,Combined TRACON& Tower with Radar,47,37,64,4,152,0,0,18,0,18,47,37,82,4,170,6,0,6,176
11/06/2021,SBA,CA,AWP,WE,Combined TRACON& Tower with Radar,35,28,42,1,106,0,0,11,0,11,35,28,53,1,117,16,0,16,133
11/07/2021,SBA,CA,AWP,WE,Combined TRACON& Tower with Radar,35,44,59,0,138,0,1,52,0,53,35,45,111,0,191,54,0,54,245
11/08/2021,SBA,CA,AWP,WE,Combined TRACON& Tower with Radar,34,30,47,2,113,0,0,40,0,40,34,30,87,2,153,64,0,64,217
11/09/2021,SBA,CA,AWP,WE,Combined TRACON& Tower with Radar,33,40,52,8,133,0,0,25,0,25,33,40,77,8,158,64,8,72,230
11/10/2021,SBA,CA,AWP,WE,Combined TRACON& Tower with Radar,34,36,44,5,119,0,5,92,4,101,34,41,136,9,220,120,10,130,350
11/11/2021,SBA,CA,AWP,WE,Combined TRACON& Tower with Radar,35,46,45,0,126,0,2,116,0,118,35,48,161,0,244,318,0,318,562
11/12/2021,SBA,CA,AWP,WE,Combined TRACON& Tower with Radar,37,43,56,0,136,0,0,120,0,120,37,43,176,0,256,276,0,276,532
11/13/2021,SBA,CA,AWP,WE,Combined TRACON& Tower with Radar,31,30,25,0,86,0,0,121,0,121,31,30,146,0,207,194,0,194,401
11/14/2021,SBA,CA,AWP,WE,Combined TRACON& Tower with Radar,36,47,71,0,154,0,1,140,0,141,36,48,211,0,295,66,0,66,361
11/15/2021,SBA,CA,AWP,WE,Combined TRACON& Tower with Radar,38,20,64,2,124,0,0,41,1,42,38,20,105,3,166,80,4,84,250
11/16/2021,SBA,CA,AWP,WE,Combined TRACON& Tower with Radar,34,41,58,4,137,0,1,57,0,58,34,42,115,4,195,116,2,118,313
11/17/2021,SBA,CA,AWP,WE,Combined TRACON& Tower with Radar,36,46,53,11,146,0,2,55,2,59,36,48,108,13,205,84,8,92,297
11/18/2021,SBA,CA,AWP,WE,Combined TRACON& Tower with Radar,36,42,49,4,131,0,0,55,0,55,36,42,104,4,186,80,0,80,266
11/19/2021,SBA,CA,AWP,WE,Combined TRACON& Tower with Radar,38,47,57,0,142,0,1,67,4,72,38,48,124,4,214,214,0,214,428
11/20/2021,SBA,CA,AWP,WE,Combined TRACON& Tower with Radar,35,37,58,4,134,0,0,53,0,53,35,37,111,4,187,108,0,108,295
11/21/2021,SBA,CA,AWP,WE,Combined TRACON& Tower with Radar,37,40,45,2,124,0,2,108,0,110,37,42,153,2,234,96,0,96,330
11/22/2021,SBA,CA,AWP,WE,Combined TRACON& Tower with Radar,37,31,46,5,119,0,0,91,3,94,37,31,137,8,213,192,0,192,405
11/23/2021,SBA,CA,AWP,WE,Combined TRACON& Tower with Radar,35,42,37,5,119,0,1,100,0,101,35,43,137,5,220,150,0,150,370
11/24/2021,SBA,CA,AWP,WE,Combined TRACON& Tower with Radar,40,47,59,0,146,0,4,113,0,117,40,51,172,0,263,240,2,242,505
11/25/2021,SBA,CA,AWP,WE,Combined TRACON& Tower with Radar,23,17,10,0,50,0,0,24,0,24,23,17,34,0,74,8,0,8,82
11/26/2021,SBA,CA,AWP,WE,Combined TRACON& Tower with Radar,33,35,30,0,98,0,0,111,0,111,33,35,141,0,209,168,0,168,377
11/27/2021,SBA,CA,AWP,WE,Combined TRACON& Tower with Radar,37,28,51,0,116,0,0,98,0,98,37,28,149,0,214,170,0,170,384
11/28/2021,SBA,CA,AWP,WE,Combined TRACON& Tower with Radar,39,37,83,0,159,0,2,120,0,122,39,39,203,0,281,80,0,80,361
11/29/2021,SBA,CA,AWP,WE,Combined TRACON& Tower with Radar,39,45,36,4,124,0,2,89,0,91,39,47,125,4,215,82,4,86,301
11/30/2021,SBA,CA,AWP,WE,Combined TRACON& Tower with Radar,37,40,49,1,127,0,1,28,0,29,37,41,77,1,156,48,0,48,204
12/01/2021,SBA,CA,AWP,WE,Combined TRACON& Tower with Radar,30,29,43,3,105,0,0,15,1,16,30,29,58,4,121,14,0,14,135
12/02/2021,SBA,CA,AWP,WE,Combined TRACON& Tower with Radar,38,31,96,2,167,0,0,5,0,5,38,31,101,2,172,0,0,0,172
12/03/2021,SBA,CA,AWP,WE,Combined TRACON& Tower with Radar,35,31,75,0,141,0,1,23,1,25,35,32,98,1,166,74,0,74,240
12/04/2021,SBA,CA,AWP,WE,Combined TRACON& Tower with Radar,28,25,52,0,105,0,0,40,0,40,28,25,92,0,145,100,0,100,245
12/05/2021,SBA,CA,AWP,WE,Combined TRACON& Tower with Radar,35,33,35,0,103,0,0,95,0,95,35,33,130,0,198,102,0,102,300
12/06/2021,SBA,CA,AWP,WE,Combined TRACON& Tower with Radar,35,28,76,2,141,0,0,18,0,18,35,28,94,2,159,34,0,34,193
12/07/2021,SBA,CA,AWP,WE,Combined TRACON& Tower with Radar,32,21,48,0,101,0,0,20,4,24,32,21,68,4,125,168,0,168,293
12/08/2021,SBA,CA,AWP,WE,Combined TRACON& Tower with Radar,31,33,39,2,105,0,2,73,5,80,31,35,112,7,185,178,0,178,363
12/09/2021,SBA,CA,AWP,WE,Combined TRACON& Tower with Radar,36,46,38,7,127,0,2,22,0,24,36,48,60,7,151,124,6,130,281
12/10/2021,SBA,CA,AWP,WE,Combined TRACON& Tower with Radar,32,31,50,2,115,0,0,115,2,117,32,31,165,4,232,156,0,156,388
12/11/2021,SBA,CA,AWP,WE,Combined TRACON& Tower with Radar,29,30,16,4,79,0,0,105,3,108,29,30,121,7,187,220,0,220,407
12/12/2021,SBA,CA,AWP,WE,Combined TRACON& Tower with Radar,33,36,36,7,112,0,1,97,1,99,33,37,133,8,211,110,0,110,321
12/13/2021,SBA,CA,AWP,WE,Combined TRACON& Tower with Radar,35,29,45,0,109,0,0,5,0,5,35,29,50,0,114,96,0,96,210
12/14/2021,SBA,CA,AWP,WE,Combined TRACON& Tower with Radar,31,27,30,0,88,0,0,5,0,5,31,27,35,0,93,46,0,46,139
12/15/2021,SBA,CA,AWP,WE,Combined TRACON& Tower with Radar,34,37,57,15,143,0,3,93,1,97,34,40,150,16,240,128,12,140,380
12/16/2021,SBA,CA,AWP,WE,Combined TRACON& Tower with Radar,28,49,49,4,130,0,0,4,0,4,28,49,53,4,134,12,0,12,146
12/17/2021,SBA,CA,AWP,WE,Combined TRACON& Tower with Radar,30,34,54,2,120,0,2,94,0,96,30,36,148,2,216,236,0,236,452
12/18/2021,SBA,CA,AWP,WE,Combined TRACON& Tower with Radar,29,26,58,0,113,0,0,107,0,107,29,26,165,0,220,180,0,180,400
12/19/2021,SBA,CA,AWP,WE,Combined TRACON& Tower with Radar,31,36,52,0,119,0,1,122,0,123,31,37,174,0,242,134,0,134,376
12/20/2021,SBA,CA,AWP,WE,Combined TRACON& Tower with Radar,33,27,46,6,112,0,0,65,1,66,33,27,111,7,178,120,2,122,300
12/21/2021,SBA,CA,AWP,WE,Combined TRACON& Tower with Radar,29,35,30,0,94,0,1,91,0,92,29,36,121,0,186,134,2,136,322
12/22/2021,SBA,CA,AWP,WE,Combined TRACON& Tower with Radar,28,36,55,6,125,0,0,35,0,35,28,36,90,6,160,172,6,178,338
12/23/2021,SBA,CA,AWP,WE,Combined TRACON& Tower with Radar,30,41,30,0,101,0,0,0,0,0,30,41,30,0,101,0,0,0,101
12/24/2021,SBA,CA,AWP,WE,Combined TRACON& Tower with Radar,28,12,38,0,78,0,0,14,0,14,28,12,52,0,92,114,0,114,206
12/25/2021,SBA,CA,AWP,WE,Combined TRACON& Tower with Radar,21,13,13,0,47,0,0,5,0,5,21,13,18,0,52,0,0,0,52
12/26/2021,SBA,CA,AWP,WE,Combined TRACON& Tower with Radar,32,31,39,0,102,0,0,74,0,74,32,31,113,0,176,90,0,90,266
12/27/2021,SBA,CA,AWP,WE,Combined TRACON& Tower with Radar,33,34,25,0,92,0,2,1,0,3,33,36,26,0,95,2,0,2,97
12/28/2021,SBA,CA,AWP,WE,Combined TRACON& Tower with Radar,30,50,65,0,145,0,4,48,0,52,30,54,113,0,197,66,0,66,263
12/29/2021,SBA,CA,AWP,WE,Combined TRACON& Tower with Radar,28,34,24,0,86,0,0,0,0,0,28,34,24,0,86,4,0,4,90
12/30/2021,SBA,CA,AWP,WE,Combined TRACON& Tower with Radar,30,41,34,0,105,0,0,12,0,12,30,41,46,0,117,120,0,120,237
12/31/2021,SBA,CA,AWP,WE,Combined TRACON& Tower with Radar,32,36,26,0,94,0,0,69,0,69,32,36,95,0,163,106,0,106,269
01/01/2022,SBA,CA,AWP,WE,Combined TRACON& Tower with Radar,23,28,21,0,72,0,0,83,0,83,23,28,104,0,155,6,0,6,161
01/02/2022,SBA,CA,AWP,WE,Combined TRACON& Tower with Radar,29,27,66,0,122,0,0,104,0,104,29,27,170,0,226,134,0,134,360
01/03/2022,SBA,CA,AWP,WE,Combined TRACON& Tower with Radar,31,33,46,0,110,0,1,77,0,78,31,34,123,0,188,116,0,116,304
01/04/2022,SBA,CA,AWP,WE,Combined TRACON& Tower with Radar,32,41,42,2,117,0,4,83,0,87,32,45,125,2,204,138,0,138,342
01/05/2022,SBA,CA,AWP,WE,Combined TRACON& Tower with Radar,28,25,29,1,83,0,1,48,1,50,28,26,77,2,133,164,0,164,297
01/06/2022,SBA,CA,AWP,WE,Combined TRACON& Tower with Radar,34,30,36,4,104,0,1,99,0,100,34,31,135,4,204,104,4,108,312
01/07/2022,SBA,CA,AWP,WE,Combined TRACON& Tower with Radar,34,36,46,0,116,0,0,21,0,21,34,36,67,0,137,108,0,108,245
01/08/2022,SBA,CA,AWP,WE,Combined TRACON& Tower with Radar,26,16,32,0,74,0,0,70,1,71,26,16,102,1,145,102,0,102,247
01/09/2022,SBA,CA,AWP,WE,Combined TRACON& Tower with Radar,31,28,39,2,100,0,0,111,0,111,31,28,150,2,211,248,0,248,459
01/10/2022,SBA,CA,AWP,WE,Combined TRACON& Tower with Radar,36,25,21,0,82,0,1,61,0,62,36,26,82,0,144,108,0,108,252
01/11/2022,SBA,CA,AWP,WE,Combined TRACON& Tower with Radar,30,24,35,2,91,0,2,96,0,98,30,26,131,2,189,170,0,170,359
01/12/2022,SBA,CA,AWP,WE,Combined TRACON& Tower with Radar,26,28,37,7,98,0,1,82,1,84,26,29,119,8,182,96,2,98,280
01/13/2022,SBA,CA,AWP,WE,Combined TRACON& Tower with Radar,33,44,46,2,125,0,1,102,3,106,33,45,148,5,231,152,2,154,385
01/14/2022,SBA,CA,AWP,WE,Combined TRACON& Tower with Radar,31,28,56,1,116,0,2,88,3,93,31,30,144,4,209,178,0,178,387
01/15/2022,SBA,CA,AWP,WE,Combined TRACON& Tower with Radar,26,23,44,1,94,0,2,67,0,69,26,25,111,1,163,128,0,128,291
01/16/2022,SBA,CA,AWP,WE,Combined TRACON& Tower with Radar,35,12,41,2,90,0,0,116,0,116,35,12,157,2,206,122,0,122,328
01/17/2022,SBA,CA,AWP,WE,Combined TRACON& Tower with Radar,36,32,67,0,135,0,0,34,0,34,36,32,101,0,169,86,0,86,255
01/18/2022,SBA,CA,AWP,WE,Combined TRACON& Tower with Radar,30,30,37,0,97,0,0,49,0,49,30,30,86,0,146,170,0,170,316
01/19/2022,SBA,CA,AWP,WE,Combined TRACON& Tower with Radar,29,37,51,10,127,0,1,28,0,29,29,38,79,10,156,150,6,156,312
01/20/2022,SBA,CA,AWP,WE,Combined TRACON& Tower with Radar,36,31,34,6,107,0,3,106,0,109,36,34,140,6,216,208,4,212,428
01/21/2022,SBA,CA,AWP,WE,Combined TRACON& Tower with Radar,33,29,38,0,100,0,1,76,1,78,33,30,114,1,178,192,0,192,370
01/22/2022,SBA,CA,AWP,WE,Combined TRACON& Tower with Radar,27,17,17,0,61,0,1,89,0,90,27,18,106,0,151,100,0,100,251
01/23/2022,SBA,CA,AWP,WE,Combined TRACON& Tower with Radar,33,37,40,0,110,0,0,120,0,120,33,37,160,0,230,122,0,122,352
01/24/2022,SBA,CA,AWP,WE,Combined TRACON& Tower with Radar,33,22,37,2,94,0,0,115,0,115,33,22,152,2,209,172,0,172,381
01/25/2022,SBA,CA,AWP,WE,Combined TRACON& Tower with Radar,28,35,36,2,101,0,0,102,0,102,28,35,138,2,203,222,0,222,425
01/26/2022,SBA,CA,AWP,WE,Combined TRACON& Tower with Radar,33,34,38,8,113,0,0,79,0,79,33,34,117,8,192,184,0,184,376
01/27/2022,SBA,CA,AWP,WE,Combined TRACON& Tower with Radar,35,28,37,3,103,0,2,100,1,103,35,30,137,4,206,162,0,162,368
01/28/2022,SBA,CA,AWP,WE,Combined TRACON& Tower with Radar,34,42,42,2,120,0,4,84,2,90,34,46,126,4,210,62,0,62,272
01/29/2022,SBA,CA,AWP,WE,Combined TRACON& Tower with Radar,25,28,42,1,96,0,0,108,1,109,25,28,150,2,205,136,0,136,341
01/30/2022,SBA,CA,AWP,WE,Combined TRACON& Tower with Radar,34,41,50,1,126,0,0,131,0,131,34,41,181,1,257,64,0,64,321
01/31/2022,SBA,CA,AWP,WE,Combined TRACON& Tower with Radar,37,36,31,1,105,0,2,74,0,76,37,38,105,1,181,86,2,88,269
02/01/2022,SBA,CA,AWP,WE,Combined TRACON& Tower with Radar,31,28,31,5,95,0,0,72,1,73,31,28,103,6,168,134,0,134,302
02/02/2022,SBA,CA,AWP,WE,Combined TRACON& Tower with Radar,29,26,18,0,73,0,1,57,4,62,29,27,75,4,135,274,0,274,409
02/03/2022,SBA,CA,AWP,WE,Combined TRACON& Tower with Radar,30,29,25,1,85,0,0,85,4,89,30,29,110,5,174,136,0,136,310
02/04/2022,SBA,CA,AWP,WE,Combined TRACON& Tower with Radar,34,25,42,0,101,0,0,82,0,82,34,25,124,0,183,114,0,114,297
02/05/2022,SBA,CA,AWP,WE,Combined TRACON& Tower with Radar,28,24,34,3,89,0,2,101,1,104,28,26,135,4,193,137,0,137,330
02/06/2022,SBA,CA,AWP,WE,Combined TRACON& Tower with Radar,36,30,50,0,116,0,0,96,1,97,36,30,146,1,213,140,0,140,353
02/07/2022,SBA,CA,AWP,WE,Combined TRACON& Tower with Radar,39,34,36,6,115,0,5,92,0,97,39,39,128,6,212,132,0,132,344
02/08/2022,SBA,CA,AWP,WE,Combined TRACON& Tower with Radar,32,28,31,1,92,0,5,116,6,127,32,33,147,7,219,164,0,164,383
02/09/2022,SBA,CA,AWP,WE,Combined TRACON& Tower with Radar,34,42,34,0,110,0,2,100,0,102,34,44,134,0,212,228,0,228,440
02/10/2022,SBA,CA,AWP,WE,Combined TRACON& Tower with Radar,38,54,30,0,122,0,0,82,0,82,38,54,112,0,204,220,0,220,424
02/11/2022,SBA,CA,AWP,WE,Combined TRACON& Tower with Radar,34,44,40,0,118,0,1,123,1,125,34,45,163,1,243,210,0,210,453
02/12/2022,SBA,CA,AWP,WE,Combined TRACON& Tower with Radar,26,34,47,0,107,0,1,95,2,98,26,35,142,2,205,176,0,176,381
02/13/2022,SBA,CA,AWP,WE,Combined TRACON& Tower with Radar,32,42,35,0,109,0,0,75,1,76,32,42,110,1,185,152,0,152,337
02/14/2022,SBA,CA,AWP,WE,Combined TRACON& Tower with Radar,33,31,26,1,91,0,0,86,0,86,33,31,112,1,177,74,0,74,251
02/15/2022,SBA,CA,AWP,WE,Combined TRACON& Tower with Radar,25,40,26,8,99,0,0,17,2,19,25,40,43,10,118,6,0,6,124
02/16/2022,SBA,CA,AWP,WE,Combined TRACON& Tower with Radar,27,47,26,4,104,0,1,86,2,89,27,48,112,6,193,180,2,182,375
02/17/2022,SBA,CA,AWP,WE,Combined TRACON& Tower with Radar,33,39,43,0,115,0,0,84,0,84,33,39,127,0,199,136,0,136,335
02/18/2022,SBA,CA,AWP,WE,Combined TRACON& Tower with Radar,34,48,39,0,121,0,0,139,0,139,34,48,178,0,260,76,0,76,336
02/19/2022,SBA,CA,AWP,WE,Combined TRACON& Tower with Radar,25,29,40,0,94,0,0,118,0,118,25,29,158,0,212,138,0,138,350
02/20/2022,SBA,CA,AWP,WE,Combined TRACON& Tower with Radar,33,36,54,0,123,0,0,43,0,43,33,36,97,0,166,20,0,20,186
02/21/2022,SBA,CA,AWP,WE,Combined TRACON& Tower with Radar,33,38,40,0,111,0,0,65,0,65,33,38,105,0,176,96,0,96,272
02/22/2022,SBA,CA,AWP,WE,Combined TRACON& Tower with Radar,27,44,42,2,115,0,0,21,0,21,27,44,63,2,136,50,4,54,190
02/23/2022,SBA,CA,AWP,WE,Combined TRACON& Tower with Radar,26,42,37,4,109,0,1,48,0,49,26,43,85,4,158,24,2,26,184
02/24/2022,SBA,CA,AWP,WE,Combined TRACON& Tower with Radar,31,37,43,1,112,0,5,87,1,93,31,42,130,2,205,118,2,120,325
02/25/2022,SBA,CA,AWP,WE,Combined TRACON& Tower with Radar,29,51,44,6,130,0,1,101,0,102,29,52,145,6,232,88,0,88,320
02/26/2022,SBA,CA,AWP,WE,Combined TRACON& Tower with Radar,27,26,46,2,101,0,2,117,4,123,27,28,163,6,224,176,4,180,404
02/27/2022,SBA,CA,AWP,WE,Combined TRACON& Tower with Radar,32,48,45,0,125,0,0,140,0,140,32,48,185,0,265,142,0,142,407
02/28/2022,SBA,CA,AWP,WE,Combined TRACON& Tower with Radar,34,38,27,2,101,0,3,72,0,75,34,41,99,2,176,92,0,92,268
03/01/2022,SBA,CA,AWP,WE,Combined TRACON& Tower with Radar,27,45,16,2,90,0,1,78,0,79,27,46,94,2,169,148,2,150,319
03/02/2022,SBA,CA,AWP,WE,Combined TRACON& Tower with Radar,30,40,42,1,113,0,1,78,0,79,30,41,120,1,192,110,0,110,302
03/03/2022,SBA,CA,AWP,WE,Combined TRACON& Tower with Radar,32,53,39,4,128,0,0,58,0,58,32,53,97,4,186,94,0,94,280
03/04/2022,SBA,CA,AWP,WE,Combined TRACON& Tower with Radar,29,49,33,0,111,0,0,27,0,27,29,49,60,0,138,106,0,106,244
03/05/2022,SBA,CA,AWP,WE,Combined TRACON& Tower with Radar,24,21,8,1,54,0,0,23,2,25,24,21,31,3,79,30,32,62,141
03/06/2022,SBA,CA,AWP,WE,Combined TRACON& Tower with Radar,32,36,25,3,96,0,1,120,0,121,32,37,145,3,217,158,0,158,375
03/07/2022,SBA,CA,AWP,WE,Combined TRACON& Tower with Radar,32,27,29,2,90,0,0,75,6,81,32,27,104,8,171,154,0,154,325
03/08/2022,SBA,CA,AWP,WE,Combined TRACON& Tower with Radar,26,31,32,5,94,0,0,87,0,87,26,31,119,5,181,80,0,80,261
03/09/2022,SBA,CA,AWP,WE,Combined TRACON& Tower with Radar,26,34,30,8,98,0,2,97,0,99,26,36,127,8,197,110,0,110,307
03/10/2022,SBA,CA,AWP,WE,Combined TRACON& Tower with Radar,32,29,36,2,99,0,0,69,10,79,32,29,105,12,178,82,0,82,260
03/11/2022,SBA,CA,AWP,WE,Combined TRACON& Tower with Radar,32,34,66,3,135,0,5,103,0,108,32,39,169,3,243,162,0,162,405
03/12/2022,SBA,CA,AWP,WE,Combined TRACON& Tower with Radar,25,33,41,3,102,0,2,137,1,140,25,35,178,4,242,150,12,162,404
03/13/2022,SBA,CA,AWP,WE,Combined TRACON& Tower with Radar,31,24,66,0,121,0,2,103,0,105,31,26,169,0,226,38,0,38,264
03/14/2022,SBA,CA,AWP,WE,Combined TRACON& Tower with Radar,33,26,39,0,98,0,0,95,0,95,33,26,134,0,193,100,0,100,293
03/15/2022,SBA,CA,AWP,WE,Combined TRACON& Tower with Radar,26,35,53,2,116,0,0,65,0,65,26,35,118,2,181,110,0,110,291
03/16/2022,SBA,CA,AWP,WE,Combined TRACON& Tower with Radar,26,35,43,2,106,0,0,57,0,57,26,35,100,2,163,64,2,66,229
03/17/2022,SBA,CA,AWP,WE,Combined TRACON& Tower with Radar,36,53,51,0,140,0,0,111,4,115,36,53,162,4,255,78,0,78,333
03/18/2022,SBA,CA,AWP,WE,Combined TRACON& Tower with Radar,35,45,51,1,132,0,0,107,0,107,35,45,158,1,239,210,0,210,449
03/19/2022,SBA,CA,AWP,WE,Combined TRACON& Tower with Radar,30,41,46,0,117,0,0,55,0,55,30,41,101,0,172,210,0,210,382
03/20/2022,SBA,CA,AWP,WE,Combined TRACON& Tower with Radar,35,36,44,0,115,0,0,39,0,39,35,36,83,0,154,36,0,36,190
03/21/2022,SBA,CA,AWP,WE,Combined TRACON& Tower with Radar,35,34,38,0,107,0,1,82,0,83,35,35,120,0,190,100,0,100,290
03/22/2022,SBA,CA,AWP,WE,Combined TRACON& Tower with Radar,29,49,44,6,128,0,3,93,0,96,29,52,137,6,224,138,0,138,362
03/23/2022,SBA,CA,AWP,WE,Combined TRACON& Tower with Radar,27,35,52,3,117,0,1,90,2,93,27,36,142,5,210,220,2,222,432
03/24/2022,SBA,CA,AWP,WE,Combined TRACON& Tower with Radar,34,38,47,2,121,0,1,91,0,92,34,39,138,2,213,98,0,98,311
03/25/2022,SBA,CA,AWP,WE,Combined TRACON& Tower with Radar,36,40,58,4,138,0,0,67,0,67,36,40,125,4,205,140,0,140,345
03/26/2022,SBA,CA,AWP,WE,Combined TRACON& Tower with Radar,29,35,69,0,133,0,0,35,2,37,29,35,104,2,170,4,0,4,174
03/27/2022,SBA,CA,AWP,WE,Combined TRACON& Tower with Radar,34,35,108,0,177,0,0,13,0,13,34,35,121,0,190,140,4,144,334
03/28/2022,SBA,CA,AWP,WE,Combined TRACON& Tower with Radar,33,31,60,3,127,0,0,3,1,4,33,31,63,4,131,50,2,52,183
03/29/2022,SBA,CA,AWP,WE,Combined TRACON& Tower with Radar,28,43,42,10,123,0,0,62,0,62,28,43,104,10,185,110,8,118,303
03/30/2022,SBA,CA,AWP,WE,Combined TRACON& Tower with Radar,28,51,66,0,145,0,1,72,3,76,28,52,138,3,221,148,0,148,369
03/31/2022,SBA,CA,AWP,WE,Combined TRACON& Tower with Radar,34,63,59,1,157,0,0,44,1,45,34,63,103,2,202,120,0,120,322
04/01/2022,SBA,CA,AWP,WE,Combined TRACON& Tower with Radar,35,39,74,0,148,0,0,97,0,97,35,39,171,0,245,164,0,164,409
04/02/2022,SBA,CA,AWP,WE,Combined TRACON& Tower with Radar,30,29,63,0,122,0,0,16,0,16,30,29,79,0,138,60,0,60,198
04/03/2022,SBA,CA,AWP,WE,Combined TRACON& Tower with Radar,33,33,82,0,148,0,0,30,0,30,33,33,112,0,178,180,0,180,358
04/04/2022,SBA,CA,AWP,WE,Combined TRACON& Tower with Radar,31,34,34,1,100,0,1,75,1,77,31,35,109,2,177,152,0,152,329
04/05/2022,SBA,CA,AWP,WE,Combined TRACON& Tower with Radar,28,37,54,4,123,0,4,66,1,71,28,41,120,5,194,54,4,58,252
04/06/2022,SBA,CA,AWP,WE,Combined TRACON& Tower with Radar,31,42,38,1,112,0,3,103,1,107,31,45,141,2,219,110,0,110,329
04/07/2022,SBA,CA,AWP,WE,Combined TRACON& Tower with Radar,36,30,31,0,97,0,1,70,0,71,36,31,101,0,168,124,0,124,292
04/08/2022,SBA,CA,AWP,WE,Combined TRACON& Tower with Radar,38,31,40,3,112,0,2,114,3,119,38,33,154,6,231,194,4,198,429
04/09/2022,SBA,CA,AWP,WE,Combined TRACON& Tower with Radar,31,29,30,2,92,0,1,112,0,113,31,30,142,2,205,142,0,142,347
04/10/2022,SBA,CA,AWP,WE,Combined TRACON& Tower with Radar,35,35,42,0,112,0,0,56,0,56,35,35,98,0,168,82,0,82,250
04/11/2022,SBA,CA,AWP,WE,Combined TRACON& Tower with Radar,35,42,41,1,119,0,0,36,0,36,35,42,77,1,155,78,0,78,233
04/12/2022,SBA,CA,AWP,WE,Combined TRACON& Tower with Radar,34,53,28,5,120,0,1,37,1,39,34,54,65,6,159,26,4,30,189
04/13/2022,SBA,CA,AWP,WE,Combined TRACON& Tower with Radar,33,46,40,2,121,0,3,101,4,108,33,49,141,6,229,110,10,120,349
04/14/2022,SBA,CA,AWP,WE,Combined TRACON& Tower with Radar,37,36,71,9,153,0,1,122,0,123,37,37,193,9,276,130,6,136,412
04/15/2022,SBA,CA,AWP,WE,Combined TRACON& Tower with Radar,37,54,47,2,140,0,1,117,4,122,37,55,164,6,262,134,4,138,400
04/16/2022,SBA,CA,AWP,WE,Combined TRACON& Tower with Radar,31,28,56,0,115,0,0,59,3,62,31,28,115,3,177,44,0,44,221
04/17/2022,SBA,CA,AWP,WE,Combined TRACON& Tower with Radar,35,47,44,0,126,0,0,66,0,66,35,47,110,0,192,158,0,158,350
04/18/2022,SBA,CA,AWP,WE,Combined TRACON& Tower with Radar,38,36,34,1,109,0,1,107,0,108,38,37,141,1,217,154,0,154,371
04/19/2022,SBA,CA,AWP,WE,Combined TRACON& Tower with Radar,34,34,41,6,115,0,4,68,1,73,34,38,109,7,188,112,2,114,302
04/20/2022,SBA,CA,AWP,WE,Combined TRACON& Tower with Radar,35,41,47,4,127,0,0,93,0,93,35,41,140,4,220,148,0,148,368
04/21/2022,SBA,CA,AWP,WE,Combined TRACON& Tower with Radar,40,41,61,2,144,0,1,47,0,48,40,42,108,2,192,154,2,156,348
04/22/2022,SBA,CA,AWP,WE,Combined TRACON& Tower with Radar,35,41,44,2,122,0,1,59,0,60,35,42,103,2,182,62,0,62,244
04/23/2022,SBA,CA,AWP,WE,Combined TRACON& Tower with Radar,32,34,35,0,101,0,1,136,0,137,32,35,171,0,238,186,0,186,424
04/24/2022,SBA,CA,AWP,WE,Combined TRACON& Tower with Radar,35,50,50,0,135,0,2,135,0,137,35,52,185,0,272,238,0,238,510
04/25/2022,SBA,CA,AWP,WE,Combined TRACON& Tower with Radar,36,46,42,0,124,0,0,104,0,104,36,46,146,0,228,166,0,166,394
04/26/2022,SBA,CA,AWP,WE,Combined TRACON& Tower with Radar,34,33,41,1,109,0,2,87,0,89,34,35,128,1,198,195,0,195,393
04/27/2022,SBA,CA,AWP,WE,Combined TRACON& Tower with Radar,35,54,40,1,130,0,0,64,1,65,35,54,104,2,195,108,4,112,307
04/28/2022,SBA,CA,AWP,WE,Combined TRACON& Tower with Radar,37,46,48,0,131,0,1,96,1,98,37,47,144,1,229,136,0,136,365
04/29/2022,SBA,CA,AWP,WE,Combined TRACON& Tower with Radar,37,39,40,4,120,0,3,87,0,90,37,42,127,4,210,166,2,168,378
04/30/2022,SBA,CA,AWP,WE,Combined TRACON& Tower with Radar,31,23,50,0,104,0,2,155,0,157,31,25,205,0,261,164,0,164,425
05/01/2022,SBA,CA,AWP,WE,Combined TRACON& Tower with Radar,33,43,44,2,122,0,0,118,1,119,33,43,162,3,241,128,0,128,369
05/02/2022,SBA,CA,AWP,WE,Combined TRACON& Tower with Radar,39,47,53,3,142,0,1,24,0,25,39,48,77,3,167,116,0,116,283
05/03/2022,SBA,CA,AWP,WE,Combined TRACON& Tower with Radar,35,54,59,2,150,0,0,68,0,68,35,54,127,2,218,122,2,124,342
05/04/2022,SBA,CA,AWP,WE,Combined TRACON& Tower with Radar,32,58,45,4,139,0,0,119,1,120,32,58,164,5,259,134,0,134,393
05/05/2022,SBA,CA,AWP,WE,Combined TRACON& Tower with Radar,35,67,96,0,198,0,0,54,0,54,35,67,150,0,252,144,0,144,396
05/06/2022,SBA,CA,AWP,WE,Combined TRACON& Tower with Radar,36,38,38,2,114,0,0,115,3,118,36,38,153,5,232,182,0,182,414
05/07/2022,SBA,CA,AWP,WE,Combined TRACON& Tower with Radar,30,31,31,2,94,0,3,113,0,116,30,34,144,2,210,186,0,186,396
05/08/2022,SBA,CA,AWP,WE,Combined TRACON& Tower with Radar,33,38,35,0,106,0,3,53,0,56,33,41,88,0,162,14,0,14,176
05/09/2022,SBA,CA,AWP,WE,Combined TRACON& Tower with Radar,37,41,30,2,110,0,0,66,0,66,37,41,96,2,176,24,0,24,200
05/10/2022,SBA,CA,AWP,WE,Combined TRACON& Tower with Radar,33,32,38,2,105,0,1,63,0,64,33,33,101,2,169,44,0,44,213
05/11/2022,SBA,CA,AWP,WE,Combined TRACON& Tower with Radar,33,28,38,4,103,0,2,60,0,62,33,30,98,4,165,50,2,52,217
05/12/2022,SBA,CA,AWP,WE,Combined TRACON& Tower with Radar,37,42,50,4,133,0,0,105,4,109,37,42,155,8,242,94,0,94,336
05/13/2022,SBA,CA,AWP,WE,Combined TRACON& Tower with Radar,36,44,47,2,129,0,3,121,0,124,36,47,168,2,253,102,0,102,355
05/14/2022,SBA,CA,AWP,WE,Combined TRACON& Tower with Radar,32,29,36,0,97,0,6,139,0,145,32,35,175,0,242,150,0,150,392
05/15/2022,SBA,CA,AWP,WE,Combined TRACON& Tower with Radar,38,31,59,0,128,0,0,96,2,98,38,31,155,2,226,152,0,152,378
05/16/2022,SBA,CA,AWP,WE,Combined TRACON& Tower with Radar,35,35,46,9,125,0,2,83,3,88,35,37,129,12,213,176,0,176,389
05/17/2022,SBA,CA,AWP,WE,Combined TRACON& Tower with Radar,31,27,46,0,104,0,3,71,0,74,31,30,117,0,178,80,0,80,258
05/18/2022,SBA,CA,AWP,WE,Combined TRACON& Tower with Radar,31,26,45,0,102,0,0,75,0,75,31,26,120,0,177,122,0,122,299
05/19/2022,SBA,CA,AWP,WE,Combined TRACON& Tower with Radar,39,37,55,0,131,0,0,14,0,14,39,37,69,0,145,82,0,82,227
05/20/2022,SBA,CA,AWP,WE,Combined TRACON& Tower with Radar,36,56,84,1,177,0,1,16,3,20,36,57,100,4,197,64,0,64,261
05/21/2022,SBA,CA,AWP,WE,Combined TRACON& Tower with Radar,30,22,44,0,96,0,4,68,0,72,30,26,112,0,168,108,0,108,276
05/22/2022,SBA,CA,AWP,WE,Combined TRACON& Tower with Radar,35,43,62,2,142,0,0,77,0,77,35,43,139,2,219,44,0,44,263
05/23/2022,SBA,CA,AWP,WE,Combined TRACON& Tower with Radar,32,35,76,0,143,0,0,21,0,21,32,35,97,0,164,86,0,86,250
05/24/2022,SBA,CA,AWP,WE,Combined TRACON& Tower with Radar,37,44,72,11,164,0,0,33,0,33,37,44,105,11,197,64,0,64,261
05/25/2022,SBA,CA,AWP,WE,Combined TRACON& Tower with Radar,32,49,72,4,157,0,0,17,0,17,32,49,89,4,174,0,0,0,174
05/26/2022,SBA,CA,AWP,WE,Combined TRACON& Tower with Radar,35,38,99,0,172,0,0,0,0,0,35,38,99,0,172,12,0,12,184
05/27/2022,SBA,CA,AWP,WE,Combined TRACON& Tower with Radar,37,44,82,0,163,0,2,35,2,39,37,46,117,2,202,118,0,118,320
05/28/2022,SBA,CA,AWP,WE,Combined TRACON& Tower with Radar,30,24,44,0,98,0,4,70,0,74,30,28,114,0,172,222,0,222,394
05/29/2022,SBA,CA,AWP,WE,Combined TRACON& Tower with Radar,32,25,21,0,78,0,1,57,1,59,32,26,78,1,137,90,0,90,227
05/30/2022,SBA,CA,AWP,WE,Combined TRACON& Tower with Radar,34,43,56,0,133,0,2,112,1,115,34,45,168,1,248,188,0,188,436
05/31/2022,SBA,CA,AWP,WE,Combined TRACON& Tower with Radar,31,35,46,10,122,0,2,90,1,93,31,37,136,11,215,146,0,146,361
06/01/2022,SBA,CA,AWP,WE,Combined TRACON& Tower with Radar,30,37,35,4,106,0,3,84,0,87,30,40,119,4,193,140,6,146,339
06/02/2022,SBA,CA,AWP,WE,Combined TRACON& Tower with Radar,33,25,21,3,82,0,6,72,3,81,33,31,93,6,163,126,0,126,289
06/03/2022,SBA,CA,AWP,WE,Combined TRACON& Tower with Radar,36,42,77,0,155,0,2,32,0,34,36,44,109,0,189,134,0,134,323
06/04/2022,SBA,CA,AWP,WE,Combined TRACON& Tower with Radar,33,34,38,0,105,0,2,45,0,47,33,36,83,0,152,108,0,108,260
06/05/2022,SBA,CA,AWP,WE,Combined TRACON& Tower with Radar,42,45,56,2,145,0,3,95,2,100,42,48,151,4,245,150,0,150,395
06/06/2022,SBA,CA,AWP,WE,Combined TRACON& Tower with Radar,39,22,45,2,108,0,0,107,2,109,39,22,152,4,217,130,4,134,351
06/07/2022,SBA,CA,AWP,WE,Combined TRACON& Tower with Radar,40,29,38,2,109,0,2,99,0,101,40,31,137,2,210,94,0,94,304
06/08/2022,SBA,CA,AWP,WE,Combined TRACON& Tower with Radar,40,25,63,1,129,0,0,64,1,65,40,25,127,2,194,130,0,130,324
06/09/2022,SBA,CA,AWP,WE,Combined TRACON& Tower with Radar,40,41,54,1,136,0,1,35,5,41,40,42,89,6,177,42,6,48,225
06/10/2022,SBA,CA,AWP,WE,Combined TRACON& Tower with Radar,40,40,68,0,148,0,0,19,0,19,40,40,87,0,167,46,0,46,213
06/11/2022,SBA,CA,AWP,WE,Combined TRACON& Tower with Radar,34,27,60,0,121,0,2,38,0,40,34,29,98,0,161,8,0,8,169
06/12/2022,SBA,CA,AWP,WE,Combined TRACON& Tower with Radar,40,24,57,0,121,0,0,57,0,57,40,24,114,0,178,10,0,10,188
06/13/2022,SBA,CA,AWP,WE,Combined TRACON& Tower with Radar,40,25,63,5,133,0,0,80,0,80,40,25,143,5,213,142,0,142,355
06/14/2022,SBA,CA,AWP,WE,Combined TRACON& Tower with Radar,39,21,37,9,106,0,0,80,1,81,39,21,117,10,187,228,4,232,419
06/15/2022,SBA,CA,AWP,WE,Combined TRACON& Tower with Radar,42,42,31,5,120,0,1,111,1,113,42,43,142,6,233,216,2,218,451
06/16/2022,SBA,CA,AWP,WE,Combined TRACON& Tower with Radar,42,36,81,2,161,0,2,37,2,41,42,38,118,4,202,108,0,108,310
06/17/2022,SBA,CA,AWP,WE,Combined TRACON& Tower with Radar,37,32,41,2,112,0,2,62,0,64,37,34,103,2,176,174,0,174,350
06/18/2022,SBA,CA,AWP,WE,Combined TRACON& Tower with Radar,33,19,43,0,95,0,3,123,0,126,33,22,166,0,221,182,0,182,403
06/19/2022,SBA,CA,AWP,WE,Combined TRACON& Tower with Radar,43,18,39,0,100,0,0,116,0,116,43,18,155,0,216,202,0,202,418
06/20/2022,SBA,CA,AWP,WE,Combined TRACON& Tower with Radar,46,52,53,0,151,0,3,122,0,125,46,55,175,0,276,186,0,186,462
06/21/2022,SBA,CA,AWP,WE,Combined TRACON& Tower with Radar,39,43,53,0,135,0,1,74,0,75,39,44,127,0,210,176,0,176,386
06/22/2022,SBA,CA,AWP,WE,Combined TRACON& Tower with Radar,39,42,45,4,130,0,2,46,1,49,39,44,91,5,179,170,4,174,353
06/23/2022,SBA,CA,AWP,WE,Combined TRACON& Tower with Radar,41,30,52,6,129,0,1,55,5,61,41,31,107,11,190,72,0,72,262
06/24/2022,SBA,CA,AWP,WE,Combined TRACON& Tower with Radar,41,27,56,2,126,0,0,69,2,71,41,27,125,4,197,62,4,66,263
06/25/2022,SBA,CA,AWP,WE,Combined TRACON& Tower with Radar,34,24,36,0,94,0,0,87,1,88,34,24,123,1,182,136,0,136,318
06/26/2022,SBA,CA,AWP,WE,Combined TRACON& Tower with Radar,41,36,62,0,139,0,0,82,5,87,41,36,144,5,226,32,0,32,258
06/27/2022,SBA,CA,AWP,WE,Combined TRACON& Tower with Radar,43,21,47,3,114,0,0,79,1,80,43,21,126,4,194,74,0,74,268
06/28/2022,SBA,CA,AWP,WE,Combined TRACON& Tower with Radar,37,34,34,2,107,0,1,82,2,85,37,35,116,4,192,152,4,156,348
06/29/2022,SBA,CA,AWP,WE,Combined TRACON& Tower with Radar,37,29,54,1,121,0,1,92,1,94,37,30,146,2,215,130,0,130,345
06/30/2022,SBA,CA,AWP,WE,Combined TRACON& Tower with Radar,41,27,54,0,122,0,3,86,1,90,41,30,140,1,212,216,4,220,432
07/01/2022,SBA,CA,AWP,WE,Combined TRACON& Tower with Radar,40,36,49,0,125,0,4,81,2,87,40,40,130,2,212,172,4,176,388
07/02/2022,SBA,CA,AWP,WE,Combined TRACON& Tower with Radar,33,29,37,0,99,0,2,112,0,114,33,31,149,0,213,176,0,176,389
07/03/2022,SBA,CA,AWP,WE,Combined TRACON& Tower with Radar,40,11,30,0,81,0,0,99,0,99,40,11,129,0,180,152,0,152,332
07/04/2022,SBA,CA,AWP,WE,Combined TRACON& Tower with Radar,42,27,24,0,93,0,0,63,0,63,42,27,87,0,156,12,0,12,168
07/05/2022,SBA,CA,AWP,WE,Combined TRACON& Tower with Radar,37,34,36,0,107,0,2,69,0,71,37,36,105,0,178,166,0,166,344
07/06/2022,SBA,CA,AWP,WE,Combined TRACON& Tower with Radar,36,32,36,10,114,0,0,75,0,75,36,32,111,10,189,170,6,176,365
07/07/2022,SBA,CA,AWP,WE,Combined TRACON& Tower with Radar,40,29,43,7,119,0,1,93,1,95,40,30,136,8,214,146,6,152,366
07/08/2022,SBA,CA,AWP,WE,Combined TRACON& Tower with Radar,40,32,56,2,130,0,1,65,0,66,40,33,121,2,196,82,0,82,278
07/09/2022,SBA,CA,AWP,WE,Combined TRACON& Tower with Radar,34,28,42,0,104,0,0,55,0,55,34,28,97,0,159,116,0,116,275
07/10/2022,SBA,CA,AWP,WE,Combined TRACON& Tower with Radar,40,38,35,0,113,0,0,124,2,126,40,38,159,2,239,190,0,190,429
07/11/2022,SBA,CA,AWP,WE,Combined TRACON& Tower with Radar,39,36,48,6,129,0,0,51,1,52,39,36,99,7,181,40,0,40,221
07/12/2022,SBA,CA,AWP,WE,Combined TRACON& Tower with Radar,38,31,56,0,125,0,1,39,0,40,38,32,95,0,165,56,0,56,221
07/13/2022,SBA,CA,AWP,WE,Combined TRACON& Tower with Radar,36,33,43,0,112,0,0,33,0,33,36,33,76,0,145,96,0,96,241
07/14/2022,SBA,CA,AWP,WE,Combined TRACON& Tower with Radar,37,43,44,6,130,0,1,57,1,59,37,44,101,7,189,66,4,70,259
07/15/2022,SBA,CA,AWP,WE,Combined TRACON& Tower with Radar,38,39,37,0,114,0,1,110,4,115,38,40,147,4,229,172,0,172,401
07/16/2022,SBA,CA,AWP,WE,Combined TRACON& Tower with Radar,33,25,34,0,92,0,3,96,0,99,33,28,130,0,191,192,0,192,383
07/17/2022,SBA,CA,AWP,WE,Combined TRACON& Tower with Radar,40,32,36,0,108,0,4,106,2,112,40,36,142,2,220,134,0,134,354
07/18/2022,SBA,CA,AWP,WE,Combined TRACON& Tower with Radar,39,37,38,0,114,0,0,81,0,81,39,37,119,0,195,274,0,274,469
07/19/2022,SBA,CA,AWP,WE,Combined TRACON& Tower with Radar,37,27,48,2,114,0,0,52,0,52,37,27,100,2,166,142,0,142,308
07/20/2022,SBA,CA,AWP,WE,Combined TRACON& Tower with Radar,38,31,42,2,113,0,2,101,2,105,38,33,143,4,218,78,0,78,296
07/21/2022,SBA,CA,AWP,WE,Combined TRACON& Tower with Radar,40,40,36,0,116,0,0,70,4,74,40,40,106,4,190,172,0,172,362
07/22/2022,SBA,CA,AWP,WE,Combined TRACON& Tower with Radar,40,43,43,0,126,0,0,78,0,78,40,43,121,0,204,118,0,118,322
07/23/2022,SBA,CA,AWP,WE,Combined TRACON& Tower with Radar,35,19,44,0,98,0,0,74,1,75,35,19,118,1,173,136,0,136,309
07/24/2022,SBA,CA,AWP,WE,Combined TRACON& Tower with Radar,38,31,59,0,128,0,0,81,1,82,38,31,140,1,210,88,0,88,298
07/25/2022,SBA,CA,AWP,WE,Combined TRACON& Tower with Radar,40,26,50,2,118,0,0,22,0,22,40,26,72,2,140,38,0,38,178
07/26/2022,SBA,CA,AWP,WE,Combined TRACON& Tower with Radar,36,22,41,2,101,0,0,19,0,19,36,22,60,2,120,42,0,42,162
07/27/2022,SBA,CA,AWP,WE,Combined TRACON& Tower with Radar,36,43,42,4,125,0,1,56,0,57,36,44,98,4,182,92,4,96,278
07/28/2022,SBA,CA,AWP,WE,Combined TRACON& Tower with Radar,39,29,38,0,106,0,0,58,5,63,39,29,96,5,169,94,0,94,263
07/29/2022,SBA,CA,AWP,WE,Combined TRACON& Tower with Radar,40,36,33,0,109,0,2,94,0,96,40,38,127,0,205,192,0,192,397
07/30/2022,SBA,CA,AWP,WE,Combined TRACON& Tower with Radar,32,30,39,0,101,0,6,78,0,84,32,36,117,0,185,68,0,68,253
07/31/2022,SBA,CA,AWP,WE,Combined TRACON& Tower with Radar,40,44,49,0,133,0,1,108,0,109,40,45,157,0,242,84,0,84,326
08/01/2022,SBA,CA,AWP,WE,Combined TRACON& Tower with Radar,41,44,47,2,134,0,4,81,0,85,41,48,128,2,219,118,0,118,337
08/02/2022,SBA,CA,AWP,WE,Combined TRACON& Tower with Radar,38,35,44,0,117,0,0,56,1,57,38,35,100,1,174,36,14,50,224
08/03/2022,SBA,CA,AWP,WE,Combined TRACON& Tower with Radar,37,22,37,4,100,0,1,97,0,98,37,23,134,4,198,158,4,162,360
08/04/2022,SBA,CA,AWP,WE,Combined TRACON& Tower with Radar,37,43,33,14,127,0,2,106,4,112,37,45,139,18,239,182,20,202,441
08/05/2022,SBA,CA,AWP,WE,Combined TRACON& Tower with Radar,41,42,48,0,131,0,0,114,0,114,41,42,162,0,245,162,0,162,407
08/06/2022,SBA,CA,AWP,WE,Combined TRACON& Tower with Radar,32,28,39,0,99,0,2,100,0,102,32,30,139,0,201,228,0,228,429
08/07/2022,SBA,CA,AWP,WE,Combined TRACON& Tower with Radar,38,43,49,0,130,0,1,126,0,127,38,44,175,0,257,108,0,108,365
08/08/2022,SBA,CA,AWP,WE,Combined TRACON& Tower with Radar,36,26,38,6,106,0,0,81,0,81,36,26,119,6,187,168,4,172,359
08/09/2022,SBA,CA,AWP,WE,Combined TRACON& Tower with Radar,36,36,34,10,116,0,0,97,3,100,36,36,131,13,216,170,14,184,400
08/10/2022,SBA,CA,AWP,WE,Combined TRACON& Tower with Radar,36,34,52,11,133,0,1,96,3,100,36,35,148,14,233,170,16,186,419
08/11/2022,SBA,CA,AWP,WE,Combined TRACON& Tower with Radar,39,37,46,6,128,0,3,73,8,84,39,40,119,14,212,150,2,152,364
08/12/2022,SBA,CA,AWP,WE,Combined TRACON& Tower with Radar,38,40,47,0,125,0,3,123,0,126,38,43,170,0,251,240,0,240,491
08/13/2022,SBA,CA,AWP,WE,Combined TRACON& Tower with Radar,30,38,38,0,106,0,2,120,0,122,30,40,158,0,228,219,0,219,447
08/14/2022,SBA,CA,AWP,WE,Combined TRACON& Tower with Radar,37,44,47,0,128,0,2,118,0,120,37,46,165,0,248,86,0,86,334
08/15/2022,SBA,CA,AWP,WE,Combined TRACON& Tower with Radar,39,47,41,12,139,0,0,81,0,81,39,47,122,12,220,64,8,72,292
08/16/2022,SBA,CA,AWP,WE,Combined TRACON& Tower with Radar,38,36,45,3,122,0,0,62,3,65,38,36,107,6,187,118,14,132,319
08/17/2022,SBA,CA,AWP,WE,Combined TRACON& Tower with Radar,39,44,45,9,137,0,2,88,0,90,39,46,133,9,227,136,2,138,365
08/18/2022,SBA,CA,AWP,WE,Combined TRACON& Tower with Radar,39,41,53,13,146,0,2,62,6,70,39,43,115,19,216,46,4,50,266
08/19/2022,SBA,CA,AWP,WE,Combined TRACON& Tower with Radar,37,48,55,2,142,0,4,84,2,90,37,52,139,4,232,140,0,140,372
08/20/2022,SBA,CA,AWP,WE,Combined TRACON& Tower with Radar,31,32,53,0,116,0,1,81,3,85,31,33,134,3,201,126,0,126,327
08/21/2022,SBA,CA,AWP,WE,Combined TRACON& Tower with Radar,37,53,63,0,153,0,1,44,0,45,37,54,107,0,198,132,0,132,330
08/22/2022,SBA,CA,AWP,WE,Combined TRACON& Tower with Radar,41,47,40,0,128,0,1,52,2,55,41,48,92,2,183,48,0,48,231
08/23/2022,SBA,CA,AWP,WE,Combined TRACON& Tower with Radar,38,42,52,0,132,0,3,60,0,63,38,45,112,0,195,56,0,56,251
08/24/2022,SBA,CA,AWP,WE,Combined TRACON& Tower with Radar,35,35,27,4,101,0,1,94,0,95,35,36,121,4,196,80,0,80,276
08/25/2022,SBA,CA,AWP,WE,Combined TRACON& Tower with Radar,37,43,42,6,128,0,0,85,0,85,37,43,127,6,213,106,0,106,319
08/26/2022,SBA,CA,AWP,WE,Combined TRACON& Tower with Radar,34,49,81,4,168,0,5,76,0,81,34,54,157,4,249,76,2,78,327
08/27/2022,SBA,CA,AWP,WE,Combined TRACON& Tower with Radar,30,47,51,0,128,0,0,59,0,59,30,47,110,0,187,108,0,108,295
08/28/2022,SBA,CA,AWP,WE,Combined TRACON& Tower with Radar,40,34,66,0,140,0,2,49,2,53,40,36,115,2,193,48,0,48,241
08/29/2022,SBA,CA,AWP,WE,Combined TRACON& Tower with Radar,39,30,40,8,117,0,0,107,0,107,39,30,147,8,224,174,6,180,404
08/30/2022,SBA,CA,AWP,WE,Combined TRACON& Tower with Radar,38,36,33,1,108,0,2,79,2,83,38,38,112,3,191,78,4,82,273
08/31/2022,SBA,CA,AWP,WE,Combined TRACON& Tower with Radar,40,40,54,4,138,0,4,102,1,107,40,44,156,5,245,144,0,144,389
09/01/2022,SBA,CA,AWP,WE,Combined TRACON& Tower with Radar,37,53,42,8,140,0,0,122,4,126,37,53,164,12,266,184,6,190,456
09/02/2022,SBA,CA,AWP,WE,Combined TRACON& Tower with Radar,39,42,46,0,127,0,7,111,0,118,39,49,157,0,245,178,0,178,423
09/03/2022,SBA,CA,AWP,WE,Combined TRACON& Tower with Radar,30,39,40,0,109,0,4,107,0,111,30,43,147,0,220,96,0,96,316
09/04/2022,SBA,CA,AWP,WE,Combined TRACON& Tower with Radar,35,23,31,0,89,0,0,76,0,76,35,23,107,0,165,60,0,60,225
09/05/2022,SBA,CA,AWP,WE,Combined TRACON& Tower with Radar,42,47,43,0,132,0,3,132,0,135,42,50,175,0,267,192,0,192,459
09/06/2022,SBA,CA,AWP,WE,Combined TRACON& Tower with Radar,39,39,32,4,114,0,0,86,0,86,39,39,118,4,200,162,2,164,364
09/07/2022,SBA,CA,AWP,WE,Combined TRACON& Tower with Radar,34,32,38,8,112,0,1,86,4,91,34,33,124,12,203,46,10,56,259
09/08/2022,SBA,CA,AWP,WE,Combined TRACON& Tower with Radar,36,45,23,2,106,0,2,55,2,59,36,47,78,4,165,30,2,32,197
09/09/2022,SBA,CA,AWP,WE,Combined TRACON& Tower with Radar,35,44,47,0,126,0,0,56,1,57,35,44,103,1,183,120,0,120,303
09/10/2022,SBA,CA,AWP,WE,Combined TRACON& Tower with Radar,30,40,38,0,108,0,6,28,0,34,30,46,66,0,142,84,0,84,226
09/11/2022,SBA,CA,AWP,WE,Combined TRACON& Tower with Radar,35,33,69,0,137,0,1,38,0,39,35,34,107,0,176,106,0,106,282
09/12/2022,SBA,CA,AWP,WE,Combined TRACON& Tower with Radar,36,38,31,4,109,0,0,94,0,94,36,38,125,4,203,130,4,134,337
09/13/2022,SBA,CA,AWP,WE,Combined TRACON& Tower with Radar,32,27,54,4,117,0,2,85,4,91,32,29,139,8,208,186,8,194,402
09/14/2022,SBA,CA,AWP,WE,Combined TRACON& Tower with Radar,33,37,51,0,121,0,6,72,0,78,33,43,123,0,199,100,0,100,299
09/15/2022,SBA,CA,AWP,WE,Combined TRACON& Tower with Radar,34,34,37,2,107,0,0,77,0,77,34,34,114,2,184,148,2,150,334
09/16/2022,SBA,CA,AWP,WE,Combined TRACON& Tower with Radar,35,25,31,0,91,0,5,110,0,115,35,30,141,0,206,148,0,148,354
09/17/2022,SBA,CA,AWP,WE,Combined TRACON& Tower with Radar,32,31,40,2,105,0,0,66,3,69,32,31,106,5,174,168,0,168,342
09/18/2022,SBA,CA,AWP,WE,Combined TRACON& Tower with Radar,36,36,66,0,138,0,0,55,0,55,36,36,121,0,193,138,0,138,331
09/19/2022,SBA,CA,AWP,WE,Combined TRACON& Tower with Radar,35,30,47,2,114,0,4,34,0,38,35,34,81,2,152,66,0,66,218
09/20/2022,SBA,CA,AWP,WE,Combined TRACON& Tower with Radar,33,34,35,8,110,0,1,35,0,36,33,35,70,8,146,104,4,108,254
09/21/2022,SBA,CA,AWP,WE,Combined TRACON& Tower with Radar,33,51,29,0,113,0,1,70,2,73,33,52,99,2,186,80,0,80,266
09/22/2022,SBA,CA,AWP,WE,Combined TRACON& Tower with Radar,35,39,30,0,104,0,1,91,4,96,35,40,121,4,200,116,0,116,316
09/23/2022,SBA,CA,AWP,WE,Combined TRACON& Tower with Radar,35,50,25,0,110,0,1,117,0,118,35,51,142,0,228,124,0,124,352
09/24/2022,SBA,CA,AWP,WE,Combined TRACON& Tower with Radar,31,25,36,0,92,0,0,108,1,109,31,25,144,1,201,108,2,110,311
09/25/2022,SBA,CA,AWP,WE,Combined TRACON& Tower with Radar,34,28,46,0,108,0,1,95,1,97,34,29,141,1,205,130,0,130,335
09/26/2022,SBA,CA,AWP,WE,Combined TRACON& Tower with Radar,38,37,37,2,114,0,1,96,0,97,38,38,133,2,211,124,2,126,337
09/27/2022,SBA,CA,AWP,WE,Combined TRACON& Tower with Radar,32,39,29,4,104,0,2,79,0,81,32,41,108,4,185,108,4,112,297
09/28/2022,SBA,CA,AWP,WE,Combined TRACON& Tower with Radar,33,42,31,2,108,0,0,89,0,89,33,42,120,2,197,126,2,128,325
09/29/2022,SBA,CA,AWP,WE,Combined TRACON& Tower with Radar,35,45,49,0,129,0,2,85,1,88,35,47,134,1,217,204,2,206,423
09/30/2022,SBA,CA,AWP,WE,Combined TRACON& Tower with Radar,35,38,77,3,153,0,0,69,1,70,35,38,146,4,223,104,0,104,327
10/01/2022,SBA,CA,AWP,WE,Combined TRACON& Tower with Radar,28,32,34,0,94,0,2,37,0,39,28,34,71,0,133,68,0,68,201
10/02/2022,SBA,CA,AWP,WE,Combined TRACON& Tower with Radar,38,49,50,0,137,0,0,88,1,89,38,49,138,1,226,68,0,68,294
10/03/2022,SBA,CA,AWP,WE,Combined TRACON& Tower with Radar,36,36,25,6,103,0,5,79,3,87,36,41,104,9,190,106,0,106,296
10/04/2022,SBA,CA,AWP,WE,Combined TRACON& Tower with Radar,35,29,32,3,99,0,0,81,1,82,35,29,113,4,181,128,0,128,309
10/05/2022,SBA,CA,AWP,WE,Combined TRACON& Tower with Radar,34,25,55,4,118,0,2,32,1,35,34,27,87,5,153,6,4,10,163
10/06/2022,SBA,CA,AWP,WE,Combined TRACON& Tower with Radar,37,46,77,0,160,0,0,3,0,3,37,46,80,0,163,8,0,8,171
10/07/2022,SBA,CA,AWP,WE,Combined TRACON& Tower with Radar,33,43,79,0,155,0,0,32,1,33,33,43,111,1,188,20,0,20,208
10/08/2022,SBA,CA,AWP,WE,Combined TRACON& Tower with Radar,33,34,52,1,120,0,0,3,0,3,33,34,55,1,123,0,0,0,123
10/09/2022,SBA,CA,AWP,WE,Combined TRACON& Tower with Radar,37,32,83,0,152,0,0,50,0,50,37,32,133,0,202,32,0,32,234
10/10/2022,SBA,CA,AWP,WE,Combined TRACON& Tower with Radar,36,43,76,2,157,0,0,10,0,10,36,43,86,2,167,0,0,0,167
10/11/2022,SBA,CA,AWP,WE,Combined TRACON& Tower with Radar,35,37,51,6,129,0,2,22,2,26,35,39,73,8,155,72,2,74,229
10/12/2022,SBA,CA,AWP,WE,Combined TRACON& Tower with Radar,35,38,43,2,118,0,0,10,0,10,35,38,53,2,128,16,0,16,144
10/13/2022,SBA,CA,AWP,WE,Combined TRACON& Tower with Radar,33,41,67,0,141,0,0,4,0,4,33,41,71,0,145,0,0,0,145
10/14/2022,SBA,CA,AWP,WE,Combined TRACON& Tower with Radar,37,55,95,0,187,0,0,3,0,3,37,55,98,0,190,16,0,16,206
10/15/2022,SBA,CA,AWP,WE,Combined TRACON& Tower with Radar,31,40,55,0,126,0,2,15,0,17,31,42,70,0,143,30,0,30,173
10/16/2022,SBA,CA,AWP,WE,Combined TRACON& Tower with Radar,38,45,67,2,152,0,0,42,0,42,38,45,109,2,194,82,0,82,276
10/17/2022,SBA,CA,AWP,WE,Combined TRACON& Tower with Radar,37,46,32,3,118,0,0,93,1,94,37,46,125,4,212,66,2,68,280
10/18/2022,SBA,CA,AWP,WE,Combined TRACON& Tower with Radar,35,27,33,9,104,0,2,102,3,107,35,29,135,12,211,120,24,144,355
10/19/2022,SBA,CA,AWP,WE,Combined TRACON& Tower with Radar,35,28,26,4,93,0,2,73,2,77,35,30,99,6,170,82,6,88,258
10/20/2022,SBA,CA,AWP,WE,Combined TRACON& Tower with Radar,35,35,46,1,117,0,1,103,6,110,35,36,149,7,227,152,0,152,379
10/21/2022,SBA,CA,AWP,WE,Combined TRACON& Tower with Radar,37,24,69,1,131,0,2,62,1,65,37,26,131,2,196,106,0,106,302
10/22/2022,SBA,CA,AWP,WE,Combined TRACON& Tower with Radar,33,21,45,0,99,0,0,15,0,15,33,21,60,0,114,104,0,104,218
10/23/2022,SBA,CA,AWP,WE,Combined TRACON& Tower with Radar,37,36,53,0,126,0,0,124,0,124,37,36,177,0,250,124,0,124,374
10/24/2022,SBA,CA,AWP,WE,Combined TRACON& Tower with Radar,36,39,41,5,121,0,3,76,1,80,36,42,117,6,201,120,4,124,325
10/25/2022,SBA,CA,AWP,WE,Combined TRACON& Tower with Radar,35,34,39,4,112,0,2,110,0,112,35,36,149,4,224,144,0,144,368
10/26/2022,SBA,CA,AWP,WE,Combined TRACON& Tower with Radar,36,35,35,0,106,0,2,99,0,101,36,37,134,0,207,130,0,130,337
10/27/2022,SBA,CA,AWP,WE,Combined TRACON& Tower with Radar,37,36,27,0,100,0,0,95,0,95,37,36,122,0,195,116,0,116,311
10/28/2022,SBA,CA,AWP,WE,Combined TRACON& Tower with Radar,38,46,27,0,111,0,1,104,0,105,38,47,131,0,216,170,0,170,386
10/29/2022,SBA,CA,AWP,WE,Combined TRACON& Tower with Radar,29,34,23,0,86,0,1,104,0,105,29,35,127,0,191,84,0,84,275
10/30/2022,SBA,CA,AWP,WE,Combined TRACON& Tower with Radar,37,28,37,0,102,0,5,112,0,117,37,33,149,0,219,116,0,116,335
10/31/2022,SBA,CA,AWP,WE,Combined TRACON& Tower with Radar,33,25,33,0,91,0,4,92,0,96,33,29,125,0,187,122,0,122,309
11/01/2022,SBA,CA,AWP,WE,Combined TRACON& Tower with Radar,34,36,39,4,113,0,0,25,2,27,34,36,64,6,140,38,2,40,180
11/02/2022,SBA,CA,AWP,WE,Combined TRACON& Tower with Radar,33,29,33,4,99,0,0,37,4,41,33,29,70,8,140,82,12,94,234
11/03/2022,SBA,CA,AWP,WE,Combined TRACON& Tower with Radar,34,32,33,0,99,0,1,47,1,49,34,33,80,1,148,56,0,56,204
11/04/2022,SBA,CA,AWP,WE,Combined TRACON& Tower with Radar,33,46,46,2,127,0,0,106,5,111,33,46,152,7,238,292,0,292,530
11/05/2022,SBA,CA,AWP,WE,Combined TRACON& Tower with Radar,31,36,37,0,104,0,0,98,0,98,31,36,135,0,202,102,0,102,304
11/06/2022,SBA,CA,AWP,WE,Combined TRACON& Tower with Radar,35,31,53,0,119,0,6,94,0,100,35,37,147,0,219,56,0,56,275
11/07/2022,SBA,CA,AWP,WE,Combined TRACON& Tower with Radar,34,32,42,0,108,0,0,3,0,3,34,32,45,0,111,0,0,0,111
11/08/2022,SBA,CA,AWP,WE,Combined TRACON& Tower with Radar,33,37,12,0,82,0,0,0,0,0,33,37,12,0,82,10,0,10,92
11/09/2022,SBA,CA,AWP,WE,Combined TRACON& Tower with Radar,33,27,34,8,102,0,3,76,2,81,33,30,110,10,183,72,4,76,259
11/10/2022,SBA,CA,AWP,WE,Combined TRACON& Tower with Radar,31,34,35,1,101,0,0,108,0,108,31,34,143,1,209,0,0,0,209
11/11/2022,SBA,CA,AWP,WE,Combined TRACON& Tower with Radar,35,38,36,0,109,0,1,105,2,108,35,39,141,2,217,146,0,146,363
11/12/2022,SBA,CA,AWP,WE,Combined TRACON& Tower with Radar,30,18,24,2,74,0,2,87,0,89,30,20,111,2,163,142,0,142,305
11/13/2022,SBA,CA,AWP,WE,Combined TRACON& Tower with Radar,34,27,52,0,113,0,0,75,1,76,34,27,127,1,189,86,0,86,275
11/14/2022,SBA,CA,AWP,WE,Combined TRACON& Tower with Radar,34,38,32,0,104,0,0,99,0,99,34,38,131,0,203,74,0,74,277
11/15/2022,SBA,CA,AWP,WE,Combined TRACON& Tower with Radar,34,41,45,4,124,0,0,81,2,83,34,41,126,6,207,164,0,164,371
11/16/2022,SBA,CA,AWP,WE,Combined TRACON& Tower with Radar,33,37,33,0,103,0,2,60,2,64,33,39,93,2,167,74,0,74,241
11/17/2022,SBA,CA,AWP,WE,Combined TRACON& Tower with Radar,33,38,51,3,125,0,3,91,0,94,33,41,142,3,219,98,0,98,317
11/18/2022,SBA,CA,AWP,WE,Combined TRACON& Tower with Radar,32,43,56,1,132,0,3,112,1,116,32,46,168,2,248,152,0,152,400
11/19/2022,SBA,CA,AWP,WE,Combined TRACON& Tower with Radar,32,30,49,0,111,0,0,76,0,76,32,30,125,0,187,150,0,150,337
11/20/2022,SBA,CA,AWP,WE,Combined TRACON& Tower with Radar,34,39,50,0,123,0,0,101,0,101,34,39,151,0,224,148,0,148,372
11/21/2022,SBA,CA,AWP,WE,Combined TRACON& Tower with Radar,33,37,21,1,92,0,2,98,3,103,33,39,119,4,195,132,0,132,327
11/22/2022,SBA,CA,AWP,WE,Combined TRACON& Tower with Radar,33,29,42,4,108,0,2,91,0,93,33,31,133,4,201,104,4,108,309
11/23/2022,SBA,CA,AWP,WE,Combined TRACON& Tower with Radar,36,36,56,3,131,0,1,108,1,110,36,37,164,4,241,96,2,98,339
11/24/2022,SBA,CA,AWP,WE,Combined TRACON& Tower with Radar,26,8,9,0,43,0,0,43,0,43,26,8,52,0,86,32,0,32,118
11/25/2022,SBA,CA,AWP,WE,Combined TRACON& Tower with Radar,33,26,40,0,99,0,1,89,0,90,33,27,129,0,189,26,0,26,215
11/26/2022,SBA,CA,AWP,WE,Combined TRACON& Tower with Radar,33,32,41,0,106,0,4,96,0,100,33,36,137,0,206,50,0,50,256
11/27/2022,SBA,CA,AWP,WE,Combined TRACON& Tower with Radar,34,36,62,0,132,0,4,110,0,114,34,40,172,0,246,66,0,66,312
11/28/2022,SBA,CA,AWP,WE,Combined TRACON& Tower with Radar,33,34,42,1,110,0,1,33,0,34,33,35,75,1,144,42,0,42,186
11/29/2022,SBA,CA,AWP,WE,Combined TRACON& Tower with Radar,33,23,21,2,79,0,2,55,0,57,33,25,76,2,136,88,0,88,224
11/30/2022,SBA,CA,AWP,WE,Combined TRACON& Tower with Radar,31,36,34,1,102,0,0,17,0,17,31,36,51,1,119,154,0,154,273
12/01/2022,SBA,CA,AWP,WE,Combined TRACON& Tower with Radar,29,36,41,0,106,0,0,0,0,0,29,36,41,0,106,60,0,60,166
12/02/2022,SBA,CA,AWP,WE,Combined TRACON& Tower with Radar,34,33,48,2,117,0,0,2,0,2,34,33,50,2,119,12,0,12,131
12/03/2022,SBA,CA,AWP,WE,Combined TRACON& Tower with Radar,28,26,31,0,85,0,0,15,0,15,28,26,46,0,100,64,0,64,164
12/04/2022,SBA,CA,AWP,WE,Combined TRACON& Tower with Radar,33,26,42,0,101,0,0,7,0,7,33,26,49,0,108,32,0,32,140
12/05/2022,SBA,CA,AWP,WE,Combined TRACON& Tower with Radar,32,22,25,2,81,0,2,71,0,73,32,24,96,2,154,72,0,72,226
12/06/2022,SBA,CA,AWP,WE,Combined TRACON& Tower with Radar,34,26,27,2,89,0,0,40,0,40,34,26,67,2,129,146,0,146,275
12/07/2022,SBA,CA,AWP,WE,Combined TRACON& Tower with Radar,32,27,43,0,102,0,3,78,0,81,32,30,121,0,183,64,0,64,247
12/08/2022,SBA,CA,AWP,WE,Combined TRACON& Tower with Radar,31,30,33,6,100,0,0,75,7,82,31,30,108,13,182,96,22,118,300
12/09/2022,SBA,CA,AWP,WE,Combined TRACON& Tower with Radar,34,48,39,5,126,0,2,98,1,101,34,50,137,6,227,74,0,74,301
12/10/2022,SBA,CA,AWP,WE,Combined TRACON& Tower with Radar,28,14,35,2,79,0,0,0,0,0,28,14,35,2,79,0,0,0,79
12/11/2022,SBA,CA,AWP,WE,Combined TRACON& Tower with Radar,33,26,27,1,87,0,0,17,0,17,33,26,44,1,104,54,0,54,158
12/12/2022,SBA,CA,AWP,WE,Combined TRACON& Tower with Radar,32,34,28,2,96,0,0,31,1,32,32,34,59,3,128,68,0,68,196
12/13/2022,SBA,CA,AWP,WE,Combined TRACON& Tower with Radar,32,30,37,5,104,0,1,86,4,91,32,31,123,9,195,128,8,136,331
12/14/2022,SBA,CA,AWP,WE,Combined TRACON& Tower with Radar,31,34,35,1,101,0,0,83,1,84,31,34,118,2,185,46,0,46,231
12/15/2022,SBA,CA,AWP,WE,Combined TRACON& Tower with Radar,29,44,48,2,123,0,3,67,1,71,29,47,115,3,194,112,0,112,306
12/16/2022,SBA,CA,AWP,WE,Combined TRACON& Tower with Radar,29,53,49,3,134,0,3,88,1,92,29,56,137,4,226,136,0,136,362
12/17/2022,SBA,CA,AWP,WE,Combined TRACON& Tower with Radar,30,27,40,0,97,0,0,90,0,90,30,27,130,0,187,96,0,96,283
12/18/2022,SBA,CA,AWP,WE,Combined TRACON& Tower with Radar,31,30,25,0,86,0,0,108,0,108,31,30,133,0,194,60,0,60,254
12/19/2022,SBA,CA,AWP,WE,Combined TRACON& Tower with Radar,31,30,44,0,105,0,2,74,0,76,31,32,118,0,181,92,0,92,273
12/20/2022,SBA,CA,AWP,WE,Combined TRACON& Tower with Radar,31,40,19,10,100,0,2,59,0,61,31,42,78,10,161,94,8,102,263
12/21/2022,SBA,CA,AWP,WE,Combined TRACON& Tower with Radar,28,38,27,1,94,0,1,86,1,88,28,39,113,2,182,128,0,128,310
12/22/2022,SBA,CA,AWP,WE,Combined TRACON& Tower with Radar,25,35,32,0,92,0,0,89,0,89,25,35,121,0,181,96,0,96,277
12/23/2022,SBA,CA,AWP,WE,Combined TRACON& Tower with Radar,23,45,28,2,98,0,0,96,0,96,23,45,124,2,194,160,4,164,358
12/24/2022,SBA,CA,AWP,WE,Combined TRACON& Tower with Radar,14,19,16,0,49,0,0,64,0,64,14,19,80,0,113,80,0,80,193
12/25/2022,SBA,CA,AWP,WE,Combined TRACON& Tower with Radar,16,17,10,0,43,0,0,45,0,45,16,17,55,0,88,10,0,10,98
12/26/2022,SBA,CA,AWP,WE,Combined TRACON& Tower with Radar,25,30,58,0,113,0,2,94,1,97,25,32,152,1,210,118,0,118,328
12/27/2022,SBA,CA,AWP,WE,Combined TRACON& Tower with Radar,25,28,37,0,90,0,0,9,0,9,25,28,46,0,99,0,0,0,99
12/28/2022,SBA,CA,AWP,WE,Combined TRACON& Tower with Radar,23,34,53,0,110,0,0,74,0,74,23,34,127,0,184,96,0,96,280
12/29/2022,SBA,CA,AWP,WE,Combined TRACON& Tower with Radar,23,48,44,3,118,0,0,10,1,11,23,48,54,4,129,38,4,42,171
12/30/2022,SBA,CA,AWP,WE,Combined TRACON& Tower with Radar,35,43,49,0,127,0,0,0,0,0,35,43,49,0,127,4,0,4,131
12/31/2022,SBA,CA,AWP,WE,Combined TRACON& Tower with Radar,27,25,18,0,70,0,0,0,0,0,27,25,18,0,70,0,0,0,70
01/01/2023,SBA,CA,AWP,WE,Combined TRACON& Tower with Radar,29,28,25,0,82,0,9,12,0,21,29,37,37,0,103,0,0,0,103
01/02/2023,SBA,CA,AWP,WE,Combined TRACON& Tower with Radar,34,35,49,0,118,0,1,36,0,37,34,36,85,0,155,48,0,48,203
01/03/2023,SBA,CA,AWP,WE,Combined TRACON& Tower with Radar,31,31,32,2,96,0,0,27,0,27,31,31,59,2,123,138,0,138,261
01/04/2023,SBA,CA,AWP,WE,Combined TRACON& Tower with Radar,32,44,10,4,90,0,0,0,0,0,32,44,10,4,90,0,0,0,90
01/05/2023,SBA,CA,AWP,WE,Combined TRACON& Tower with Radar,33,24,15,4,76,0,4,2,0,6,33,28,17,4,82,0,2,2,84
01/06/2023,SBA,CA,AWP,WE,Combined TRACON& Tower with Radar,32,38,43,1,114,0,7,129,1,137,32,45,172,2,251,176,0,176,427
01/07/2023,SBA,CA,AWP,WE,Combined TRACON& Tower with Radar,30,32,22,2,86,0,1,52,0,53,30,33,74,2,139,156,0,156,295
01/08/2023,SBA,CA,AWP,WE,Combined TRACON& Tower with Radar,29,32,46,0,107,0,1,9,0,10,29,33,55,0,117,62,0,62,179
01/09/2023,SBA,CA,AWP,WE,Combined TRACON& Tower with Radar,9,4,2,0,15,0,0,0,0,0,9,4,2,0,15,0,0,0,15
01/10/2023,SBA,CA,AWP,WE,Combined TRACON& Tower with Radar,3,7,4,0,14,0,6,0,2,8,3,13,4,2,22,0,0,0,22
01/11/2023,SBA,CA,AWP,WE,Combined TRACON& Tower with Radar,28,38,28,2,96,0,2,41,2,45,28,40,69,4,141,46,0,46,187
01/12/2023,SBA,CA,AWP,WE,Combined TRACON& Tower with Radar,29,27,26,1,83,0,1,65,3,69,29,28,91,4,152,98,0,98,250
01/13/2023,SBA,CA,AWP,WE,Combined TRACON& Tower with Radar,33,45,23,1,102,0,0,62,0,62,33,45,85,1,164,50,0,50,214
01/14/2023,SBA,CA,AWP,WE,Combined TRACON& Tower with Radar,30,17,16,1,64,0,0,0,0,0,30,17,16,1,64,0,0,0,64
01/15/2023,SBA,CA,AWP,WE,Combined TRACON& Tower with Radar,29,15,18,0,62,0,0,10,0,10,29,15,28,0,72,48,0,48,120
01/16/2023,SBA,CA,AWP,WE,Combined TRACON& Tower with Radar,31,27,23,0,81,0,0,7,0,7,31,27,30,0,88,16,0,16,104
01/17/2023,SBA,CA,AWP,WE,Combined TRACON& Tower with Radar,30,24,26,4,84,0,1,58,0,59,30,25,84,4,143,48,8,56,199
01/18/2023,SBA,CA,AWP,WE,Combined TRACON& Tower with Radar,29,26,31,2,88,0,2,74,0,76,29,28,105,2,164,107,2,109,273
01/19/2023,SBA,CA,AWP,WE,Combined TRACON& Tower with Radar,29,31,40,7,107,0,4,34,0,38,29,35,74,7,145,92,4,96,241
01/20/2023,SBA,CA,AWP,WE,Combined TRACON& Tower with Radar,33,32,36,0,101,0,1,102,1,104,33,33,138,1,205,40,0,40,245
01/21/2023,SBA,CA,AWP,WE,Combined TRACON& Tower with Radar,28,19,34,0,81,0,0,137,0,137,28,19,171,0,218,170,0,170,388
01/22/2023,SBA,CA,AWP,WE,Combined TRACON& Tower with Radar,29,33,31,0,93,0,0,101,0,101,29,33,132,0,194,108,0,108,302
01/23/2023,SBA,CA,AWP,WE,Combined TRACON& Tower with Radar,29,30,27,2,88,0,1,59,0,60,29,31,86,2,148,0,0,0,148
01/24/2023,SBA,CA,AWP,WE,Combined TRACON& Tower with Radar,30,25,32,6,93,0,4,74,1,79,30,29,106,7,172,82,8,90,262
01/25/2023,SBA,CA,AWP,WE,Combined TRACON& Tower with Radar,31,45,41,1,118,0,1,74,1,76,31,46,115,2,194,74,0,74,268
01/26/2023,SBA,CA,AWP,WE,Combined TRACON& Tower with Radar,33,40,25,2,100,0,5,55,1,61,33,45,80,3,161,66,4,70,231
01/27/2023,SBA,CA,AWP,WE,Combined TRACON& Tower with Radar,36,32,47,4,119,0,3,124,0,127,36,35,171,4,246,164,4,168,414
01/28/2023,SBA,CA,AWP,WE,Combined TRACON& Tower with Radar,28,21,38,1,88,0,0,116,2,118,28,21,154,3,206,144,0,144,350
01/29/2023,SBA,CA,AWP,WE,Combined TRACON& Tower with Radar,29,31,42,0,102,0,1,29,0,30,29,32,71,0,132,160,0,160,292
01/30/2023,SBA,CA,AWP,WE,Combined TRACON& Tower with Radar,29,24,26,0,79,0,0,27,0,27,29,24,53,0,106,84,0,84,190
01/31/2023,SBA,CA,AWP,WE,Combined TRACON& Tower with Radar,28,29,21,4,82,0,6,52,1,59,28,35,73,5,141,117,4,121,262
02/01/2023,SBA,CA,AWP,WE,Combined TRACON& Tower with Radar,29,30,17,0,76,0,0,93,0,93,29,30,110,0,169,118,4,122,291
02/02/2023,SBA,CA,AWP,WE,Combined TRACON& Tower with Radar,28,36,33,0,97,0,1,91,0,92,28,37,124,0,189,58,0,58,247
02/03/2023,SBA,CA,AWP,WE,Combined TRACON& Tower with Radar,31,41,45,2,119,0,2,100,6,108,31,43,145,8,227,90,0,90,317
02/04/2023,SBA,CA,AWP,WE,Combined TRACON& Tower with Radar,27,29,39,0,95,0,5,134,4,143,27,34,173,4,238,108,0,108,346
02/05/2023,SBA,CA,AWP,WE,Combined TRACON& Tower with Radar,30,26,26,2,84,0,0,33,2,35,30,26,59,4,119,14,2,16,135
02/06/2023,SBA,CA,AWP,WE,Combined TRACON& Tower with Radar,29,38,23,0,90,0,0,69,0,69,29,38,92,0,159,118,0,118,277
02/07/2023,SBA,CA,AWP,WE,Combined TRACON& Tower with Radar,29,27,28,0,84,0,1,75,0,76,29,28,103,0,160,178,0,178,338
02/08/2023,SBA,CA,AWP,WE,Combined TRACON& Tower with Radar,29,38,35,2,104,0,0,93,0,93,29,38,128,2,197,128,4,132,329
02/09/2023,SBA,CA,AWP,WE,Combined TRACON& Tower with Radar,29,42,39,4,114,0,0,81,0,81,29,42,120,4,195,158,6,164,359
02/10/2023,SBA,CA,AWP,WE,Combined TRACON& Tower with Radar,36,45,34,2,117,0,1,128,2,131,36,46,162,4,248,174,0,174,422
02/11/2023,SBA,CA,AWP,WE,Combined TRACON& Tower with Radar,30,24,21,0,75,0,0,44,0,44,30,24,65,0,119,16,0,16,135
02/12/2023,SBA,CA,AWP,WE,Combined TRACON& Tower with Radar,33,26,24,0,83,0,0,91,2,93,33,26,115,2,176,161,0,161,337
02/13/2023,SBA,CA,AWP,WE,Combined TRACON& Tower with Radar,32,31,36,8,107,0,2,42,0,44,32,33,78,8,151,126,8,134,285
02/14/2023,SBA,CA,AWP,WE,Combined TRACON& Tower with Radar,32,33,23,7,95,0,3,19,1,23,32,36,42,8,118,62,18,80,198
02/15/2023,SBA,CA,AWP,WE,Combined TRACON& Tower with Radar,33,39,33,0,105,0,6,80,4,90,33,45,113,4,195,96,0,96,291
02/16/2023,SBA,CA,AWP,WE,Combined TRACON& Tower with Radar,37,52,43,0,132,0,2,77,2,81,37,54,120,2,213,88,0,88,301
02/17/2023,SBA,CA,AWP,WE,Combined TRACON& Tower with Radar,37,48,51,2,138,0,2,83,0,85,37,50,134,2,223,96,0,96,319
02/18/2023,SBA,CA,AWP,WE,Combined TRACON& Tower with Radar,30,37,38,0,105,0,0,136,0,136,30,37,174,0,241,110,0,110,351
02/19/2023,SBA,CA,AWP,WE,Combined TRACON& Tower with Radar,32,23,46,0,101,0,0,111,0,111,32,23,157,0,212,130,0,130,342
02/20/2023,SBA,CA,AWP,WE,Combined TRACON& Tower with Radar,35,33,54,0,122,0,0,114,1,115,35,33,168,1,237,64,0,64,301
02/21/2023,SBA,CA,AWP,WE,Combined TRACON& Tower with Radar,35,34,29,2,100,0,0,34,5,39,35,34,63,7,139,88,2,90,229
02/22/2023,SBA,CA,AWP,WE,Combined TRACON& Tower with Radar,34,13,12,3,62,0,0,11,9,20,34,13,23,12,82,0,2,2,84
02/23/2023,SBA,CA,AWP,WE,Combined TRACON& Tower with Radar,34,23,28,0,85,0,0,4,0,4,34,23,32,0,89,46,0,46,135
02/24/2023,SBA,CA,AWP,WE,Combined TRACON& Tower with Radar,30,24,11,0,65,0,0,0,0,0,30,24,11,0,65,0,0,0,65
02/25/2023,SBA,CA,AWP,WE,Combined TRACON& Tower with Radar,30,32,17,0,79,0,0,6,0,6,30,32,23,0,85,32,0,32,117
02/26/2023,SBA,CA,AWP,WE,Combined TRACON& Tower with Radar,33,34,30,3,100,0,0,58,1,59,33,34,88,4,159,110,0,110,269
02/27/2023,SBA,CA,AWP,WE,Combined TRACON& Tower with Radar,35,22,9,0,66,0,0,10,0,10,35,22,19,0,76,110,0,110,186
02/28/2023,SBA,CA,AWP,WE,Combined TRACON& Tower with Radar,36,27,23,2,88,0,2,27,3,32,36,29,50,5,120,128,0,128,248
03/01/2023,SBA,CA,AWP,WE,Combined TRACON& Tower with Radar,34,35,19,5,93,0,0,11,3,14,34,35,30,8,107,0,0,0,107
03/02/2023,SBA,CA,AWP,WE,Combined TRACON& Tower with Radar,36,35,53,0,124,0,2,135,2,139,36,37,188,2,263,168,2,170,433
03/03/2023,SBA,CA,AWP,WE,Combined TRACON& Tower with Radar,33,35,38,0,106,0,0,116,0,116,33,35,154,0,222,132,0,132,354
03/04/2023,SBA,CA,AWP,WE,Combined TRACON& Tower with Radar,36,16,28,2,82,0,0,24,1,25,36,16,52,3,107,92,0,92,199
03/05/2023,SBA,CA,AWP,WE,Combined TRACON& Tower with Radar,32,48,35,1,116,0,0,20,2,22,32,48,55,3,138,58,0,58,196
03/06/2023,SBA,CA,AWP,WE,Combined TRACON& Tower with Radar,33,34,41,0,108,0,0,65,2,67,33,34,106,2,175,86,2,88,263
03/07/2023,SBA,CA,AWP,WE,Combined TRACON& Tower with Radar,33,34,30,2,99,0,1,115,0,116,33,35,145,2,215,106,0,106,321
03/08/2023,SBA,CA,AWP,WE,Combined TRACON& Tower with Radar,33,40,50,4,127,0,4,51,0,55,33,44,101,4,182,107,0,107,289
03/09/2023,SBA,CA,AWP,WE,Combined TRACON& Tower with Radar,34,40,34,4,112,0,0,92,1,93,34,40,126,5,205,112,6,118,323
03/10/2023,SBA,CA,AWP,WE,Combined TRACON& Tower with Radar,33,21,29,0,83,0,0,0,0,0,33,21,29,0,83,4,0,4,87
03/11/2023,SBA,CA,AWP,WE,Combined TRACON& Tower with Radar,33,21,54,0,108,0,0,1,0,1,33,21,55,0,109,0,0,0,109
03/12/2023,SBA,CA,AWP,WE,Combined TRACON& Tower with Radar,31,30,41,0,102,0,0,9,0,9,31,30,50,0,111,0,0,0,111
03/13/2023,SBA,CA,AWP,WE,Combined TRACON& Tower with Radar,31,31,69,0,131,0,0,0,0,0,31,31,69,0,131,10,0,10,141
03/14/2023,SBA,CA,AWP,WE,Combined TRACON& Tower with Radar,32,29,21,0,82,0,0,0,0,0,32,29,21,0,82,0,0,0,82
03/15/2023,SBA,CA,AWP,WE,Combined TRACON& Tower with Radar,34,26,40,2,102,0,3,39,0,42,34,29,79,2,144,72,0,72,216
03/16/2023,SBA,CA,AWP,WE,Combined TRACON& Tower with Radar,33,29,46,3,111,0,4,40,1,45,33,33,86,4,156,200,0,200,356
03/17/2023,SBA,CA,AWP,WE,Combined TRACON& Tower with Radar,35,40,38,0,113,0,6,90,0,96,35,46,128,0,209,112,0,112,321
03/18/2023,SBA,CA,AWP,WE,Combined TRACON& Tower with Radar,34,28,41,0,103,0,5,139,0,144,34,33,180,0,247,186,0,186,433
03/19/2023,SBA,CA,AWP,WE,Combined TRACON& Tower with Radar,32,31,55,2,120,0,0,14,0,14,32,31,69,2,134,70,0,70,204
03/20/2023,SBA,CA,AWP,WE,Combined TRACON& Tower with Radar,34,33,47,6,120,0,0,7,0,7,34,33,54,6,127,34,6,40,167
03/21/2023,SBA,CA,AWP,WE,Combined TRACON& Tower with Radar,29,16,8,0,53,0,0,0,0,0,29,16,8,0,53,0,0,0,53
03/22/2023,SBA,CA,AWP,WE,Combined TRACON& Tower with Radar,35,39,21,0,95,0,0,7,0,7,35,39,28,0,102,76,0,76,178
03/23/2023,SBA,CA,AWP,WE,Combined TRACON& Tower with Radar,34,29,34,0,97,0,0,48,2,50,34,29,82,2,147,98,0,98,245
03/24/2023,SBA,CA,AWP,WE,Combined TRACON& Tower with Radar,34,37,37,0,108,0,4,83,1,88,34,41,120,1,196,90,0,90,286
03/25/2023,SBA,CA,AWP,WE,Combined TRACON& Tower with Radar,33,22,39,2,96,0,0,100,2,102,33,22,139,4,198,156,0,156,354
03/26/2023,SBA,CA,AWP,WE,Combined TRACON& Tower with Radar,29,37,48,0,114,0,3,106,0,109,29,40,154,0,223,86,0,86,309
03/27/2023,SBA,CA,AWP,WE,Combined TRACON& Tower with Radar,29,33,36,3,101,0,1,99,1,101,29,34,135,4,202,112,2,114,316
03/28/2023,SBA,CA,AWP,WE,Combined TRACON& Tower with Radar,33,37,28,0,98,0,1,79,0,80,33,38,107,0,178,86,0,86,264
03/29/2023,SBA,CA,AWP,WE,Combined TRACON& Tower with Radar,31,31,18,0,80,0,2,17,0,19,31,33,35,0,99,26,0,26,125
03/30/2023,SBA,CA,AWP,WE,Combined TRACON& Tower with Radar,31,35,33,3,102,0,2,33,4,39,31,37,66,7,141,120,2,122,263
03/31/2023,SBA,CA,AWP,WE,Combined TRACON& Tower with Radar,27,47,28,0,102,0,0,102,3,105,27,47,130,3,207,132,0,132,339
04/01/2023,SBA,CA,AWP,WE,Combined TRACON& Tower with Radar,28,32,34,4,98,0,5,136,0,141,28,37,170,4,239,64,0,64,303
04/02/2023,SBA,CA,AWP,WE,Combined TRACON& Tower with Radar,26,36,34,3,99,0,3,130,1,134,26,39,164,4,233,92,0,92,325
04/03/2023,SBA,CA,AWP,WE,Combined TRACON& Tower with Radar,31,39,12,7,89,0,0,20,3,23,31,39,32,10,112,22,0,22,134
04/04/2023,SBA,CA,AWP,WE,Combined TRACON& Tower with Radar,32,39,26,6,103,0,1,47,2,50,32,40,73,8,153,54,0,54,207
04/05/2023,SBA,CA,AWP,WE,Combined TRACON& Tower with Radar,31,42,34,7,114,0,2,105,2,109,31,44,139,9,223,90,6,96,319
04/06/2023,SBA,CA,AWP,WE,Combined TRACON& Tower with Radar,30,42,53,6,131,0,2,109,0,111,30,44,162,6,242,92,0,92,334
04/07/2023,SBA,CA,AWP,WE,Combined TRACON& Tower with Radar,30,43,31,0,104,0,2,92,1,95,30,45,123,1,199,140,0,140,339
04/08/2023,SBA,CA,AWP,WE,Combined TRACON& Tower with Radar,28,26,27,4,85,0,0,113,0,113,28,26,140,4,198,110,0,110,308
04/09/2023,SBA,CA,AWP,WE,Combined TRACON& Tower with Radar,28,32,45,0,105,0,1,18,0,19,28,33,63,0,124,0,0,0,124
04/10/2023,SBA,CA,AWP,WE,Combined TRACON& Tower with Radar,30,50,63,0,143,0,0,15,0,15,30,50,78,0,158,2,0,2,160
04/11/2023,SBA,CA,AWP,WE,Combined TRACON& Tower with Radar,36,41,62,3,142,0,0,3,1,4,36,41,65,4,146,2,0,2,148
04/12/2023,SBA,CA,AWP,WE,Combined TRACON& Tower with Radar,33,53,57,0,143,0,2,6,1,9,33,55,63,1,152,2,0,2,154
04/13/2023,SBA,CA,AWP,WE,Combined TRACON& Tower with Radar,32,41,32,0,105,0,0,53,2,55,32,41,85,2,160,62,2,64,224
04/14/2023,SBA,CA,AWP,WE,Combined TRACON& Tower with Radar,29,49,35,0,113,0,0,74,0,74,29,49,109,0,187,92,0,92,279
04/15/2023,SBA,CA,AWP,WE,Combined TRACON& Tower with Radar,29,31,43,0,103,0,0,125,0,125,29,31,168,0,228,68,0,68,296
04/16/2023,SBA,CA,AWP,WE,Combined TRACON& Tower with Radar,29,38,60,0,127,0,0,43,2,45,29,38,103,2,172,56,0,56,228
04/17/2023,SBA,CA,AWP,WE,Combined TRACON& Tower with Radar,31,57,54,4,146,0,1,13,0,14,31,58,67,4,160,42,0,42,202
04/18/2023,SBA,CA,AWP,WE,Combined TRACON& Tower with Radar,29,81,60,2,172,0,1,78,0,79,29,82,138,2,251,63,2,65,316
04/19/2023,SBA,CA,AWP,WE,Combined TRACON& Tower with Radar,30,41,42,0,113,0,0,87,1,88,30,41,129,1,201,104,0,104,305
04/20/2023,SBA,CA,AWP,WE,Combined TRACON& Tower with Radar,29,73,64,0,166,0,6,127,4,137,29,79,191,4,303,146,0,146,449
04/21/2023,SBA,CA,AWP,WE,Combined TRACON& Tower with Radar,30,62,38,2,132,0,3,137,0,140,30,65,175,2,272,126,0,126,398
04/22/2023,SBA,CA,AWP,WE,Combined TRACON& Tower with Radar,31,52,30,0,113,0,4,113,2,119,31,56,143,2,232,170,0,170,402
04/23/2023,SBA,CA,AWP,WE,Combined TRACON& Tower with Radar,30,36,41,2,109,0,3,116,0,119,30,39,157,2,228,92,0,92,320
04/24/2023,SBA,CA,AWP,WE,Combined TRACON& Tower with Radar,29,39,36,2,106,0,6,59,0,65,29,45,95,2,171,66,0,66,237
04/25/2023,SBA,CA,AWP,WE,Combined TRACON& Tower with Radar,28,37,51,2,118,0,2,36,1,39,28,39,87,3,157,134,2,136,293
04/26/2023,SBA,CA,AWP,WE,Combined TRACON& Tower with Radar,29,33,76,0,138,0,0,7,0,7,29,33,83,0,145,0,0,0,145
04/27/2023,SBA,CA,AWP,WE,Combined TRACON& Tower with Radar,28,52,47,0,127,0,1,9,0,10,28,53,56,0,137,0,0,0,137
04/28/2023,SBA,CA,AWP,WE,Combined TRACON& Tower with Radar,40,68,64,0,172,0,2,13,0,15,40,70,77,0,187,2,0,2,189
04/29/2023,SBA,CA,AWP,WE,Combined TRACON& Tower with Radar,35,30,53,1,119,0,0,14,1,15,35,30,67,2,134,6,0,6,140
04/30/2023,SBA,CA,AWP,WE,Combined TRACON& Tower with Radar,34,51,85,1,171,0,0,24,0,24,34,51,109,1,195,18,0,18,213
05/01/2023,SBA,CA,AWP,WE,Combined TRACON& Tower with Radar,31,50,51,1,133,0,7,31,0,38,31,57,82,1,171,108,0,108,279
05/02/2023,SBA,CA,AWP,WE,Combined TRACON& Tower with Radar,29,28,27,2,86,0,1,28,0,29,29,29,55,2,115,60,0,60,175
05/03/2023,SBA,CA,AWP,WE,Combined TRACON& Tower with Radar,31,55,28,2,116,0,1,42,6,49,31,56,70,8,165,112,0,112,277
05/04/2023,SBA,CA,AWP,WE,Combined TRACON& Tower with Radar,30,40,34,7,111,0,1,31,5,37,30,41,65,12,148,134,0,134,282
05/05/2023,SBA,CA,AWP,WE,Combined TRACON& Tower with Radar,30,43,42,0,115,0,0,66,2,68,30,43,108,2,183,134,0,134,317
05/06/2023,SBA,CA,AWP,WE,Combined TRACON& Tower with Radar,30,35,39,1,105,0,4,101,1,106,30,39,140,2,211,118,0,118,329
05/07/2023,SBA,CA,AWP,WE,Combined TRACON& Tower with Radar,30,42,55,0,127,0,4,108,0,112,30,46,163,0,239,132,0,132,371
05/08/2023,SBA,CA,AWP,WE,Combined TRACON& Tower with Radar,32,39,44,4,119,0,5,104,0,109,32,44,148,4,228,146,2,148,376
05/09/2023,SBA,CA,AWP,WE,Combined TRACON& Tower with Radar,28,44,56,4,132,0,1,29,4,34,28,45,85,8,166,90,4,94,260
05/10/2023,SBA,CA,AWP,WE,Combined TRACON& Tower with Radar,31,42,41,2,116,0,8,104,2,114,31,50,145,4,230,180,0,180,410
05/11/2023,SBA,CA,AWP,WE,Combined TRACON& Tower with Radar,35,74,35,0,144,0,5,92,0,97,35,79,127,0,241,166,0,166,407
05/12/2023,SBA,CA,AWP,WE,Combined TRACON& Tower with Radar,31,55,44,0,130,0,9,111,3,123,31,64,155,3,253,110,0,110,363
05/13/2023,SBA,CA,AWP,WE,Combined TRACON& Tower with Radar,33,29,65,0,127,0,7,23,1,31,33,36,88,1,158,16,0,16,174
05/14/2023,SBA,CA,AWP,WE,Combined TRACON& Tower with Radar,29,39,60,0,128,0,1,6,0,7,29,40,66,0,135,0,0,0,135
05/15/2023,SBA,CA,AWP,WE,Combined TRACON& Tower with Radar,31,34,60,4,129,0,0,0,0,0,31,34,60,4,129,0,0,0,129
05/16/2023,SBA,CA,AWP,WE,Combined TRACON& Tower with Radar,28,40,61,2,131,0,0,4,0,4,28,40,65,2,135,0,2,2,137
05/17/2023,SBA,CA,AWP,WE,Combined TRACON& Tower with Radar,32,47,55,0,134,0,0,10,0,10,32,47,65,0,144,34,0,34,178
05/18/2023,SBA,CA,AWP,WE,Combined TRACON& Tower with Radar,31,47,43,2,123,0,0,1,0,1,31,47,44,2,124,28,4,32,156
05/19/2023,SBA,CA,AWP,WE,Combined TRACON& Tower with Radar,31,54,83,2,170,0,0,6,2,8,31,54,89,4,178,54,0,54,232
05/20/2023,SBA,CA,AWP,WE,Combined TRACON& Tower with Radar,30,47,65,0,142,0,1,39,0,40,30,48,104,0,182,114,0,114,296
05/21/2023,SBA,CA,AWP,WE,Combined TRACON& Tower with Radar,30,53,67,0,150,0,5,5,2,12,30,58,72,2,162,6,0,6,168
05/22/2023,SBA,CA,AWP,WE,Combined TRACON& Tower with Radar,33,67,67,0,167,0,0,1,0,1,33,67,68,0,168,0,0,0,168
05/23/2023,SBA,CA,AWP,WE,Combined TRACON& Tower with Radar,28,62,58,0,148,0,0,3,0,3,28,62,61,0,151,40,0,40,191
05/24/2023,SBA,CA,AWP,WE,Combined TRACON& Tower with Radar,33,52,78,0,163,0,3,31,0,34,33,55,109,0,197,206,0,206,403
05/25/2023,SBA,CA,AWP,WE,Combined TRACON& Tower with Radar,32,62,52,5,151,0,3,33,1,37,32,65,85,6,188,150,14,164,352
05/26/2023,SBA,CA,AWP,WE,Combined TRACON& Tower with Radar,32,66,65,4,167,0,1,48,0,49,32,67,113,4,216,110,0,110,326
05/27/2023,SBA,CA,AWP,WE,Combined TRACON& Tower with Radar,29,37,38,0,104,0,3,57,0,60,29,40,95,0,164,164,0,164,328
05/28/2023,SBA,CA,AWP,WE,Combined TRACON& Tower with Radar,29,30,54,0,113,0,0,4,0,4,29,30,58,0,117,74,0,74,191
05/29/2023,SBA,CA,AWP,WE,Combined TRACON& Tower with Radar,34,56,70,0,160,0,2,23,0,25,34,58,93,0,185,80,0,80,265
05/30/2023,SBA,CA,AWP,WE,Combined TRACON& Tower with Radar,30,50,35,4,119,0,0,13,2,15,30,50,48,6,134,120,2,122,256
05/31/2023,SBA,CA,AWP,WE,Combined TRACON& Tower with Radar,32,55,65,4,156,0,0,50,8,58,32,55,115,12,214,154,2,156,370
06/01/2023,SBA,CA,AWP,WE,Combined TRACON& Tower with Radar,30,43,61,8,142,0,3,31,2,36,30,46,92,10,178,156,4,160,338
06/02/2023,SBA,CA,AWP,WE,Combined TRACON& Tower with Radar,33,42,39,0,114,0,0,85,4,89,33,42,124,4,203,116,0,116,319
06/03/2023,SBA,CA,AWP,WE,Combined TRACON& Tower with Radar,30,33,34,4,101,0,6,148,1,155,30,39,182,5,256,104,0,104,360
06/04/2023,SBA,CA,AWP,WE,Combined TRACON& Tower with Radar,26,34,51,1,112,0,2,3,0,5,26,36,54,1,117,0,0,0,117
06/05/2023,SBA,CA,AWP,WE,Combined TRACON& Tower with Radar,32,31,43,3,109,0,0,7,0,7,32,31,50,3,116,22,0,22,138
06/06/2023,SBA,CA,AWP,WE,Combined TRACON& Tower with Radar,30,52,47,0,129,0,0,12,3,15,30,52,59,3,144,68,0,68,212
06/07/2023,SBA,CA,AWP,WE,Combined TRACON& Tower with Radar,32,41,65,4,142,0,2,44,0,46,32,43,109,4,188,118,0,118,306
06/08/2023,SBA,CA,AWP,WE,Combined TRACON& Tower with Radar,32,40,59,2,133,0,4,38,2,44,32,44,97,4,177,160,0,160,337
06/09/2023,SBA,CA,AWP,WE,Combined TRACON& Tower with Radar,32,43,69,0,144,0,1,6,0,7,32,44,75,0,151,230,0,230,381
06/10/2023,SBA,CA,AWP,WE,Combined TRACON& Tower with Radar,29,48,60,2,139,0,1,13,2,16,29,49,73,4,155,32,0,32,187
06/11/2023,SBA,CA,AWP,WE,Combined TRACON& Tower with Radar,26,29,51,0,106,0,0,23,0,23,26,29,74,0,129,82,0,82,211
06/12/2023,SBA,CA,AWP,WE,Combined TRACON& Tower with Radar,33,44,59,2,138,0,5,29,0,34,33,49,88,2,172,86,0,86,258
06/13/2023,SBA,CA,AWP,WE,Combined TRACON& Tower with Radar,31,31,50,4,116,0,0,30,1,31,31,31,80,5,147,132,2,134,281
06/14/2023,SBA,CA,AWP,WE,Combined TRACON& Tower with Radar,31,43,47,0,121,0,1,2,2,5,31,44,49,2,126,120,0,120,246
06/15/2023,SBA,CA,AWP,WE,Combined TRACON& Tower with Radar,31,45,58,1,135,0,3,7,1,11,31,48,65,2,146,84,0,84,230
06/16/2023,SBA,CA,AWP,WE,Combined TRACON& Tower with Radar,34,39,74,0,147,0,2,17,0,19,34,41,91,0,166,132,0,132,298
06/17/2023,SBA,CA,AWP,WE,Combined TRACON& Tower with Radar,31,32,48,0,111,0,3,92,0,95,31,35,140,0,206,42,0,42,248
06/18/2023,SBA,CA,AWP,WE,Combined TRACON& Tower with Radar,27,38,62,1,128,0,0,8,2,10,27,38,70,3,138,22,1,23,161
06/19/2023,SBA,CA,AWP,WE,Combined TRACON& Tower with Radar,33,65,60,0,158,0,0,67,1,68,33,65,127,1,226,148,0,148,374
06/20/2023,SBA,CA,AWP,WE,Combined TRACON& Tower with Radar,31,47,28,4,110,0,1,114,4,119,31,48,142,8,229,108,8,116,345
06/21/2023,SBA,CA,AWP,WE,Combined TRACON& Tower with Radar,31,61,36,0,128,0,2,105,2,109,31,63,141,2,237,202,4,206,443
06/22/2023,SBA,CA,AWP,WE,Combined TRACON& Tower with Radar,31,37,30,4,102,0,2,64,0,66,31,39,94,4,168,124,2,126,294
06/23/2023,SBA,CA,AWP,WE,Combined TRACON& Tower with Radar,32,47,45,0,124,0,1,95,0,96,32,48,140,0,220,80,0,80,300
06/24/2023,SBA,CA,AWP,WE,Combined TRACON& Tower with Radar,29,32,40,0,101,0,3,112,0,115,29,35,152,0,216,124,0,124,340
06/25/2023,SBA,CA,AWP,WE,Combined TRACON& Tower with Radar,24,42,41,0,107,0,8,123,0,131,24,50,164,0,238,146,0,146,384
06/26/2023,SBA,CA,AWP,WE,Combined TRACON& Tower with Radar,32,35,34,13,114,0,6,88,1,95,32,41,122,14,209,64,2,66,275
06/27/2023,SBA,CA,AWP,WE,Combined TRACON& Tower with Radar,29,48,40,3,120,0,1,110,2,113,29,49,150,5,233,102,12,114,347
06/28/2023,SBA,CA,AWP,WE,Combined TRACON& Tower with Radar,29,38,50,5,122,0,0,97,1,98,29,38,147,6,220,154,26,180,400
06/29/2023,SBA,CA,AWP,WE,Combined TRACON& Tower with Radar,29,36,71,1,137,0,3,79,3,85,29,39,150,4,222,102,10,112,334
06/30/2023,SBA,CA,AWP,WE,Combined TRACON& Tower with Radar,32,43,83,0,158,0,1,31,0,32,32,44,114,0,190,6,0,6,196
07/01/2023,SBA,CA,AWP,WE,Combined TRACON& Tower with Radar,31,38,83,0,152,0,0,26,0,26,31,38,109,0,178,36,0,36,214
07/02/2023,SBA,CA,AWP,WE,Combined TRACON& Tower with Radar,26,26,34,0,86,0,0,35,0,35,26,26,69,0,121,28,0,28,149
07/03/2023,SBA,CA,AWP,WE,Combined TRACON& Tower with Radar,31,30,36,1,98,0,4,60,0,64,31,34,96,1,162,46,0,46,208
07/04/2023,SBA,CA,AWP,WE,Combined TRACON& Tower with Radar,31,14,27,0,72,0,0,20,0,20,31,14,47,0,92,14,0,14,106
07/05/2023,SBA,CA,AWP,WE,Combined TRACON& Tower with Radar,34,45,51,1,131,0,2,41,0,43,34,47,92,1,174,40,0,40,214
07/06/2023,SBA,CA,AWP,WE,Combined TRACON& Tower with Radar,34,37,52,2,125,0,0,84,2,86,34,37,136,4,211,96,0,96,307
07/07/2023,SBA,CA,AWP,WE,Combined TRACON& Tower with Radar,38,34,49,0,121,0,0,52,0,52,38,34,101,0,173,98,0,98,271
07/08/2023,SBA,CA,AWP,WE,Combined TRACON& Tower with Radar,31,33,57,2,123,0,0,107,0,107,31,33,164,2,230,148,0,148,378
07/09/2023,SBA,CA,AWP,WE,Combined TRACON& Tower with Radar,28,39,39,0,106,0,1,108,0,109,28,40,147,0,215,162,0,162,377
07/10/2023,SBA,CA,AWP,WE,Combined TRACON& Tower with Radar,35,53,32,0,120,0,7,99,0,106,35,60,131,0,226,158,0,158,384
07/11/2023,SBA,CA,AWP,WE,Combined TRACON& Tower with Radar,32,42,24,4,102,0,1,33,0,34,32,43,57,4,136,22,0,22,158
07/12/2023,SBA,CA,AWP,WE,Combined TRACON& Tower with Radar,35,40,37,0,112,0,5,79,2,86,35,45,116,2,198,98,0,98,296
07/13/2023,SBA,CA,AWP,WE,Combined TRACON& Tower with Radar,21,36,20,2,79,0,2,64,0,66,21,38,84,2,145,82,4,86,231
07/14/2023,SBA,CA,AWP,WE,Combined TRACON& Tower with Radar,36,43,36,8,123,0,1,118,0,119,36,44,154,8,242,184,2,186,428
07/15/2023,SBA,CA,AWP,WE,Combined TRACON& Tower with Radar,31,37,33,1,102,0,6,109,1,116,31,43,142,2,218,134,0,134,352
07/16/2023,SBA,CA,AWP,WE,Combined TRACON& Tower with Radar,29,41,46,1,117,0,2,86,0,88,29,43,132,1,205,62,0,62,267
07/17/2023,SBA,CA,AWP,WE,Combined TRACON& Tower with Radar,36,36,29,3,104,0,1,72,0,73,36,37,101,3,177,121,0,121,298
07/18/2023,SBA,CA,AWP,WE,Combined TRACON& Tower with Radar,34,33,32,8,107,0,4,65,2,71,34,37,97,10,178,48,12,60,238
07/19/2023,SBA,CA,AWP,WE,Combined TRACON& Tower with Radar,36,29,48,4,117,0,3,67,0,70,36,32,115,4,187,60,0,60,247
07/20/2023,SBA,CA,AWP,WE,Combined TRACON& Tower with Radar,34,39,51,1,125,0,3,89,3,95,34,42,140,4,220,106,4,110,330
07/21/2023,SBA,CA,AWP,WE,Combined TRACON& Tower with Radar,35,52,32,1,120,0,3,86,1,90,35,55,118,2,210,86,0,86,296
07/22/2023,SBA,CA,AWP,WE,Combined TRACON& Tower with Radar,33,28,63,0,124,0,1,59,2,62,33,29,122,2,186,18,2,20,206
07/23/2023,SBA,CA,AWP,WE,Combined TRACON& Tower with Radar,28,44,44,0,116,0,2,39,0,41,28,46,83,0,157,40,0,40,197
07/24/2023,SBA,CA,AWP,WE,Combined TRACON& Tower with Radar,35,46,40,8,129,0,2,58,0,60,35,48,98,8,189,140,2,142,331
07/25/2023,SBA,CA,AWP,WE,Combined TRACON& Tower with Radar,33,35,27,2,97,0,5,50,0,55,33,40,77,2,152,84,2,86,238
07/26/2023,SBA,CA,AWP,WE,Combined TRACON& Tower with Radar,35,46,24,0,105,0,2,107,0,109,35,48,131,0,214,98,0,98,312
07/27/2023,SBA,CA,AWP,WE,Combined TRACON& Tower with Radar,35,36,39,1,111,0,4,104,3,111,35,40,143,4,222,114,14,128,350
07/28/2023,SBA,CA,AWP,WE,Combined TRACON& Tower with Radar,34,42,53,0,129,0,2,92,0,94,34,44,145,0,223,54,0,54,277
07/29/2023,SBA,CA,AWP,WE,Combined TRACON& Tower with Radar,30,40,37,0,107,0,0,133,0,133,30,40,170,0,240,132,0,132,372
07/30/2023,SBA,CA,AWP,WE,Combined TRACON& Tower with Radar,31,48,35,0,114,0,3,92,0,95,31,51,127,0,209,70,0,70,279
07/31/2023,SBA,CA,AWP,WE,Combined TRACON& Tower with Radar,35,31,37,0,103,0,0,53,0,53,35,31,90,0,156,32,0,32,188
08/01/2023,SBA,CA,AWP,WE,Combined TRACON& Tower with Radar,34,45,32,0,111,0,6,91,0,97,34,51,123,0,208,116,0,116,324
08/02/2023,SBA,CA,AWP,WE,Combined TRACON& Tower with Radar,35,43,24,5,107,0,2,84,1,87,35,45,108,6,194,68,0,68,262
08/03/2023,SBA,CA,AWP,WE,Combined TRACON& Tower with Radar,36,48,38,0,122,0,0,108,0,108,36,48,146,0,230,156,0,156,386
08/04/2023,SBA,CA,AWP,WE,Combined TRACON& Tower with Radar,35,43,32,0,110,0,0,109,2,111,35,43,141,2,221,152,0,152,373
08/05/2023,SBA,CA,AWP,WE,Combined TRACON& Tower with Radar,34,27,29,0,90,0,0,134,0,134,34,27,163,0,224,88,0,88,312
08/06/2023,SBA,CA,AWP,WE,Combined TRACON& Tower with Radar,29,41,74,0,144,0,2,73,0,75,29,43,147,0,219,28,0,28,247
08/07/2023,SBA,CA,AWP,WE,Combined TRACON& Tower with Radar,37,42,42,10,131,0,0,48,0,48,37,42,90,10,179,132,2,134,313
08/08/2023,SBA,CA,AWP,WE,Combined TRACON& Tower with Radar,38,47,18,2,105,0,5,70,0,75,38,52,88,2,180,54,0,54,234
08/09/2023,SBA,CA,AWP,WE,Combined TRACON& Tower with Radar,36,52,63,0,151,0,5,43,1,49,36,57,106,1,200,22,0,22,222
08/10/2023,SBA,CA,AWP,WE,Combined TRACON& Tower with Radar,35,51,59,0,145,0,0,7,0,7,35,51,66,0,152,0,0,0,152
08/11/2023,SBA,CA,AWP,WE,Combined TRACON& Tower with Radar,36,53,51,0,140,0,0,13,0,13,36,53,64,0,153,62,0,62,215
08/12/2023,SBA,CA,AWP,WE,Combined TRACON& Tower with Radar,33,28,52,0,113,0,1,78,0,79,33,29,130,0,192,150,0,150,342
08/13/2023,SBA,CA,AWP,WE,Combined TRACON& Tower with Radar,32,47,50,0,129,0,2,133,0,135,32,49,183,0,264,84,0,84,348
08/14/2023,SBA,CA,AWP,WE,Combined TRACON& Tower with Radar,36,32,59,0,127,0,0,24,0,24,36,32,83,0,151,14,0,14,165
08/15/2023,SBA,CA,AWP,WE,Combined TRACON& Tower with Radar,33,45,28,7,113,0,0,50,1,51,33,45,78,8,164,24,8,32,196
08/16/2023,SBA,CA,AWP,WE,Combined TRACON& Tower with Radar,36,42,37,0,115,0,7,64,0,71,36,49,101,0,186,56,0,56,242
08/17/2023,SBA,CA,AWP,WE,Combined TRACON& Tower with Radar,34,44,41,4,123,0,1,54,0,55,34,45,95,4,178,78,0,78,256
08/18/2023,SBA,CA,AWP,WE,Combined TRACON& Tower with Radar,32,47,50,0,129,0,4,84,0,88,32,51,134,0,217,96,0,96,313
08/19/2023,SBA,CA,AWP,WE,Combined TRACON& Tower with Radar,31,30,44,0,105,0,0,82,0,82,31,30,126,0,187,120,0,120,307
08/20/2023,SBA,CA,AWP,WE,Combined TRACON& Tower with Radar,35,35,18,1,89,0,0,12,0,12,35,35,30,1,101,30,0,30,131
08/21/2023,SBA,CA,AWP,WE,Combined TRACON& Tower with Radar,34,33,38,1,106,0,1,28,0,29,34,34,66,1,135,44,0,44,179
08/22/2023,SBA,CA,AWP,WE,Combined TRACON& Tower with Radar,34,43,40,0,117,0,5,84,0,89,34,48,124,0,206,94,0,94,300
08/23/2023,SBA,CA,AWP,WE,Combined TRACON& Tower with Radar,36,42,35,3,116,0,1,81,2,84,36,43,116,5,200,58,2,60,260
08/24/2023,SBA,CA,AWP,WE,Combined TRACON& Tower with Radar,37,42,62,7,148,0,3,59,0,62,37,45,121,7,210,36,0,36,246
08/25/2023,SBA,CA,AWP,WE,Combined TRACON& Tower with Radar,34,54,36,0,124,0,3,109,0,112,34,57,145,0,236,88,0,88,324
08/26/2023,SBA,CA,AWP,WE,Combined TRACON& Tower with Radar,31,34,37,0,102,0,3,104,0,107,31,37,141,0,209,50,0,50,259
08/27/2023,SBA,CA,AWP,WE,Combined TRACON& Tower with Radar,33,37,47,0,117,0,5,120,0,125,33,42,167,0,242,52,0,52,294
08/28/2023,SBA,CA,AWP,WE,Combined TRACON& Tower with Radar,34,41,44,0,119,0,6,80,0,86,34,47,124,0,205,80,0,80,285
08/29/2023,SBA,CA,AWP,WE,Combined TRACON& Tower with Radar,34,57,31,3,125,0,6,86,4,96,34,63,117,7,221,78,20,98,319
08/30/2023,SBA,CA,AWP,WE,Combined TRACON& Tower with Radar,35,37,38,1,111,0,7,87,1,95,35,44,125,2,206,90,0,90,296
08/31/2023,SBA,CA,AWP,WE,Combined TRACON& Tower with Radar,31,46,56,0,133,0,0,35,0,35,31,46,91,0,168,46,0,46,214
01/01/2020,SBA,CA,AWP,WE,Combined TRACON& Tower with Radar,27,42,28,0,97,0,1,47,0,48,27,43,75,0,145,22,0,22,167
01/02/2020,SBA,CA,AWP,WE,Combined TRACON& Tower with Radar,28,52,63,3,146,0,0,67,2,69,28,52,130,5,215,136,0,136,351
01/03/2020,SBA,CA,AWP,WE,Combined TRACON& Tower with Radar,28,56,38,0,122,0,4,87,2,93,28,60,125,2,215,122,0,122,337
01/04/2020,SBA,CA,AWP,WE,Combined TRACON& Tower with Radar,28,49,43,0,120,0,4,84,0,88,28,53,127,0,208,124,0,124,332
01/05/2020,SBA,CA,AWP,WE,Combined TRACON& Tower with Radar,29,46,51,0,126,0,3,86,0,89,29,49,137,0,215,78,0,78,293
01/06/2020,SBA,CA,AWP,WE,Combined TRACON& Tower with Radar,29,50,29,2,110,0,2,68,0,70,29,52,97,2,180,52,0,52,232
01/07/2020,SBA,CA,AWP,WE,Combined TRACON& Tower with Radar,26,47,32,3,108,0,0,83,2,85,26,47,115,5,193,148,0,148,341
01/08/2020,SBA,CA,AWP,WE,Combined TRACON& Tower with Radar,30,42,35,6,113,0,2,67,1,70,30,44,102,7,183,138,4,142,325
01/09/2020,SBA,CA,AWP,WE,Combined TRACON& Tower with Radar,32,55,35,2,124,0,0,41,4,45,32,55,76,6,169,82,0,82,251
01/10/2020,SBA,CA,AWP,WE,Combined TRACON& Tower with Radar,26,46,38,2,112,0,8,90,3,101,26,54,128,5,213,226,0,226,439
01/11/2020,SBA,CA,AWP,WE,Combined TRACON& Tower with Radar,23,32,39,0,94,0,1,76,0,77,23,33,115,0,171,176,0,176,347
01/12/2020,SBA,CA,AWP,WE,Combined TRACON& Tower with Radar,30,36,39,0,105,0,0,94,0,94,30,36,133,0,199,162,0,162,361
01/13/2020,SBA,CA,AWP,WE,Combined TRACON& Tower with Radar,29,49,36,5,119,0,2,68,0,70,29,51,104,5,189,98,0,98,287
01/14/2020,SBA,CA,AWP,WE,Combined TRACON& Tower with Radar,26,43,40,0,109,0,3,74,1,78,26,46,114,1,187,122,0,122,309
01/15/2020,SBA,CA,AWP,WE,Combined TRACON& Tower with Radar,31,46,31,10,118,0,2,75,0,77,31,48,106,10,195,138,24,162,357
01/16/2020,SBA,CA,AWP,WE,Combined TRACON& Tower with Radar,30,50,46,4,130,0,0,9,2,11,30,50,55,6,141,168,0,168,309
01/17/2020,SBA,CA,AWP,WE,Combined TRACON& Tower with Radar,30,57,36,4,127,0,1,105,0,106,30,58,141,4,233,126,0,126,359
01/18/2020,SBA,CA,AWP,WE,Combined TRACON& Tower with Radar,22,37,35,0,94,0,2,85,2,89,22,39,120,2,183,96,0,96,279
01/19/2020,SBA,CA,AWP,WE,Combined TRACON& Tower with Radar,33,52,44,0,129,0,0,95,1,96,33,52,139,1,225,62,0,62,287
01/20/2020,SBA,CA,AWP,WE,Combined TRACON& Tower with Radar,29,55,53,0,137,0,1,86,0,87,29,56,139,0,224,118,2,120,344
01/21/2020,SBA,CA,AWP,WE,Combined TRACON& Tower with Radar,27,57,53,2,139,0,2,59,0,61,27,59,112,2,200,70,2,72,272
01/22/2020,SBA,CA,AWP,WE,Combined TRACON& Tower with Radar,29,40,34,0,103,0,0,60,5,65,29,40,94,5,168,102,0,102,270
01/23/2020,SBA,CA,AWP,WE,Combined TRACON& Tower with Radar,29,60,37,5,131,0,2,92,1,95,29,62,129,6,226,64,0,64,290
01/24/2020,SBA,CA,AWP,WE,Combined TRACON& Tower with Radar,29,64,32,4,129,0,2,113,3,118,29,66,145,7,247,192,0,192,439
01/25/2020,SBA,CA,AWP,WE,Combined TRACON& Tower with Radar,24,32,33,1,90,0,1,113,2,116,24,33,146,3,206,144,0,144,350
01/26/2020,SBA,CA,AWP,WE,Combined TRACON& Tower with Radar,31,47,50,0,128,0,0,40,0,40,31,47,90,0,168,120,0,120,288
01/27/2020,SBA,CA,AWP,WE,Combined TRACON& Tower with Radar,29,59,39,0,127,0,3,63,0,66,29,62,102,0,193,82,0,82,275
01/28/2020,SBA,CA,AWP,WE,Combined TRACON& Tower with Radar,26,47,25,2,100,0,1,67,3,71,26,48,92,5,171,142,0,142,313
01/29/2020,SBA,CA,AWP,WE,Combined TRACON& Tower with Radar,28,40,35,0,103,0,3,37,0,40,28,43,72,0,143,132,0,132,275
01/30/2020,SBA,CA,AWP,WE,Combined TRACON& Tower with Radar,30,48,32,2,112,0,1,85,2,88,30,49,117,4,200,142,0,142,342
01/31/2020,SBA,CA,AWP,WE,Combined TRACON& Tower with Radar,30,45,43,1,119,0,2,96,0,98,30,47,139,1,217,96,0,96,313
02/01/2020,SBA,CA,AWP,WE,Combined TRACON& Tower with Radar,24,34,21,0,79,0,0,116,0,116,24,34,137,0,195,64,0,64,259
02/02/2020,SBA,CA,AWP,WE,Combined TRACON& Tower with Radar,28,37,24,2,91,0,0,43,0,43,28,37,67,2,134,98,2,100,234
02/03/2020,SBA,CA,AWP,WE,Combined TRACON& Tower with Radar,29,46,19,1,95,0,1,33,0,34,29,47,52,1,129,28,0,28,157
02/04/2020,SBA,CA,AWP,WE,Combined TRACON& Tower with Radar,28,41,26,8,103,0,1,75,1,77,28,42,101,9,180,94,2,96,276
02/05/2020,SBA,CA,AWP,WE,Combined TRACON& Tower with Radar,33,38,31,0,102,0,7,113,0,120,33,45,144,0,222,90,0,90,312
02/06/2020,SBA,CA,AWP,WE,Combined TRACON& Tower with Radar,33,41,43,2,119,0,3,102,3,108,33,44,145,5,227,152,0,152,379
02/07/2020,SBA,CA,AWP,WE,Combined TRACON& Tower with Radar,32,49,36,0,117,0,0,107,0,107,32,49,143,0,224,62,0,62,286
02/08/2020,SBA,CA,AWP,WE,Combined TRACON& Tower with Radar,25,35,50,0,110,0,1,59,2,62,25,36,109,2,172,60,0,60,232
02/09/2020,SBA,CA,AWP,WE,Combined TRACON& Tower with Radar,29,51,35,0,115,0,0,42,5,47,29,51,77,5,162,120,0,120,282
02/10/2020,SBA,CA,AWP,WE,Combined TRACON& Tower with Radar,29,51,35,0,115,0,0,62,0,62,29,51,97,0,177,45,0,45,222
02/11/2020,SBA,CA,AWP,WE,Combined TRACON& Tower with Radar,26,44,26,9,105,0,0,58,0,58,26,44,84,9,163,188,4,192,355
02/12/2020,SBA,CA,AWP,WE,Combined TRACON& Tower with Radar,32,50,37,5,124,0,2,75,0,77,32,52,112,5,201,88,0,88,289
02/13/2020,SBA,CA,AWP,WE,Combined TRACON& Tower with Radar,33,54,29,2,118,0,1,99,0,100,33,55,128,2,218,154,0,154,372
02/14/2020,SBA,CA,AWP,WE,Combined TRACON& Tower with Radar,31,52,71,0,154,0,2,108,0,110,31,54,179,0,264,102,0,102,366
02/15/2020,SBA,CA,AWP,WE,Combined TRACON& Tower with Radar,28,34,29,1,92,0,0,136,1,137,28,34,165,2,229,82,0,82,311
02/16/2020,SBA,CA,AWP,WE,Combined TRACON& Tower with Radar,28,40,38,0,106,0,0,129,0,129,28,40,167,0,235,144,0,144,379
02/17/2020,SBA,CA,AWP,WE,Combined TRACON& Tower with Radar,31,53,57,0,141,0,3,103,0,106,31,56,160,0,247,80,0,80,327
02/18/2020,SBA,CA,AWP,WE,Combined TRACON& Tower with Radar,30,45,55,0,130,0,1,44,0,45,30,46,99,0,175,76,0,76,251
02/19/2020,SBA,CA,AWP,WE,Combined TRACON& Tower with Radar,29,43,52,0,124,0,0,65,2,67,29,43,117,2,191,28,2,30,221
02/20/2020,SBA,CA,AWP,WE,Combined TRACON& Tower with Radar,31,64,57,2,154,0,4,80,1,85,31,68,137,3,239,76,6,82,321
02/21/2020,SBA,CA,AWP,WE,Combined TRACON& Tower with Radar,32,55,43,3,133,0,2,97,1,100,32,57,140,4,233,114,2,116,349
02/22/2020,SBA,CA,AWP,WE,Combined TRACON& Tower with Radar,27,36,38,0,101,0,1,33,0,34,27,37,71,0,135,104,0,104,239
02/23/2020,SBA,CA,AWP,WE,Combined TRACON& Tower with Radar,31,36,55,3,125,0,1,118,1,120,31,37,173,4,245,167,8,175,420
02/24/2020,SBA,CA,AWP,WE,Combined TRACON& Tower with Radar,32,45,31,2,110,0,0,80,0,80,32,45,111,2,190,146,0,146,336
02/25/2020,SBA,CA,AWP,WE,Combined TRACON& Tower with Radar,31,44,23,2,100,0,2,102,0,104,31,46,125,2,204,158,0,158,362
02/26/2020,SBA,CA,AWP,WE,Combined TRACON& Tower with Radar,29,43,30,0,102,0,0,79,0,79,29,43,109,0,181,54,0,54,235
02/27/2020,SBA,CA,AWP,WE,Combined TRACON& Tower with Radar,31,48,41,4,124,0,3,113,0,116,31,51,154,4,240,148,0,148,388
02/28/2020,SBA,CA,AWP,WE,Combined TRACON& Tower with Radar,29,60,44,0,133,0,0,92,0,92,29,60,136,0,225,108,0,108,333
02/29/2020,SBA,CA,AWP,WE,Combined TRACON& Tower with Radar,28,37,40,0,105,0,1,120,2,123,28,38,160,2,228,82,0,82,310
03/01/2020,SBA,CA,AWP,WE,Combined TRACON& Tower with Radar,33,55,41,0,129,0,1,18,1,20,33,56,59,1,149,130,0,130,279
03/02/2020,SBA,CA,AWP,WE,Combined TRACON& Tower with Radar,34,45,20,6,105,0,1,51,5,57,34,46,71,11,162,48,0,48,210
03/03/2020,SBA,CA,AWP,WE,Combined TRACON& Tower with Radar,29,43,20,1,93,0,1,63,1,65,29,44,83,2,158,92,0,92,250
03/04/2020,SBA,CA,AWP,WE,Combined TRACON& Tower with Radar,28,49,63,2,142,0,1,23,0,24,28,50,86,2,166,124,0,124,290
03/05/2020,SBA,CA,AWP,WE,Combined TRACON& Tower with Radar,35,53,49,4,141,0,1,75,5,81,35,54,124,9,222,102,12,114,336
03/06/2020,SBA,CA,AWP,WE,Combined TRACON& Tower with Radar,31,65,47,0,143,0,0,77,1,78,31,65,124,1,221,110,0,110,331
03/07/2020,SBA,CA,AWP,WE,Combined TRACON& Tower with Radar,30,41,37,0,108,0,0,39,0,39,30,41,76,0,147,182,0,182,329
03/08/2020,SBA,CA,AWP,WE,Combined TRACON& Tower with Radar,34,57,41,2,134,0,3,93,0,96,34,60,134,2,230,94,0,94,324
03/09/2020,SBA,CA,AWP,WE,Combined TRACON& Tower with Radar,31,60,35,4,130,0,2,45,0,47,31,62,80,4,177,66,0,66,243
03/10/2020,SBA,CA,AWP,WE,Combined TRACON& Tower with Radar,33,46,33,8,120,0,0,0,0,0,33,46,33,8,120,46,8,54,174
03/11/2020,SBA,CA,AWP,WE,Combined TRACON& Tower with Radar,30,49,67,0,146,0,0,19,0,19,30,49,86,0,165,98,0,98,263
03/12/2020,SBA,CA,AWP,WE,Combined TRACON& Tower with Radar,31,58,43,2,134,0,0,26,0,26,31,58,69,2,160,132,2,134,294
03/13/2020,SBA,CA,AWP,WE,Combined TRACON& Tower with Radar,29,50,88,0,167,0,0,0,0,0,29,50,88,0,167,74,4,78,245
03/14/2020,SBA,CA,AWP,WE,Combined TRACON& Tower with Radar,31,30,41,9,111,0,2,2,0,4,31,32,43,9,115,102,0,102,217
03/15/2020,SBA,CA,AWP,WE,Combined TRACON& Tower with Radar,32,48,33,0,113,0,2,20,2,24,32,50,53,2,137,66,0,66,203
03/16/2020,SBA,CA,AWP,WE,Combined TRACON& Tower with Radar,29,40,25,0,94,0,0,3,0,3,29,40,28,0,97,24,0,24,121
03/17/2020,SBA,CA,AWP,WE,Combined TRACON& Tower with Radar,29,42,18,0,89,0,0,32,0,32,29,42,50,0,121,162,0,162,283
03/18/2020,SBA,CA,AWP,WE,Combined TRACON& Tower with Radar,23,40,37,7,107,0,1,75,0,76,23,41,112,7,183,174,2,176,359
03/19/2020,SBA,CA,AWP,WE,Combined TRACON& Tower with Radar,27,36,19,0,82,0,1,33,2,36,27,37,52,2,118,144,0,144,262
03/20/2020,SBA,CA,AWP,WE,Combined TRACON& Tower with Radar,23,31,21,2,77,0,0,17,1,18,23,31,38,3,95,76,0,76,171
03/21/2020,SBA,CA,AWP,WE,Combined TRACON& Tower with Radar,26,21,25,0,72,0,0,78,0,78,26,21,103,0,150,132,0,132,282
03/22/2020,SBA,CA,AWP,WE,Combined TRACON& Tower with Radar,23,12,15,0,50,0,0,13,0,13,23,12,28,0,63,58,0,58,121
03/23/2020,SBA,CA,AWP,WE,Combined TRACON& Tower with Radar,18,22,22,0,62,0,0,26,0,26,18,22,48,0,88,36,0,36,124
03/24/2020,SBA,CA,AWP,WE,Combined TRACON& Tower with Radar,17,21,10,0,48,0,1,23,2,26,17,22,33,2,74,128,0,128,202
03/25/2020,SBA,CA,AWP,WE,Combined TRACON& Tower with Radar,15,20,14,4,53,0,0,28,0,28,15,20,42,4,81,70,0,70,151
03/26/2020,SBA,CA,AWP,WE,Combined TRACON& Tower with Radar,14,24,18,2,58,0,5,22,0,27,14,29,40,2,85,52,0,52,137
03/27/2020,SBA,CA,AWP,WE,Combined TRACON& Tower with Radar,16,23,21,2,62,0,0,61,0,61,16,23,82,2,123,46,2,48,171
03/28/2020,SBA,CA,AWP,WE,Combined TRACON& Tower with Radar,11,12,19,1,43,0,5,81,1,87,11,17,100,2,130,102,4,106,236
03/29/2020,SBA,CA,AWP,WE,Combined TRACON& Tower with Radar,16,15,17,2,50,0,0,36,1,37,16,15,53,3,87,16,0,16,103
03/30/2020,SBA,CA,AWP,WE,Combined TRACON& Tower with Radar,15,14,16,2,47,0,0,74,0,74,15,14,90,2,121,98,0,98,219
03/31/2020,SBA,CA,AWP,WE,Combined TRACON& Tower with Radar,11,19,13,9,52,0,0,84,2,86,11,19,97,11,138,60,8,68,206
04/01/2020,SBA,CA,AWP,WE,Combined TRACON& Tower with Radar,7,10,14,2,33,0,1,58,1,60,7,11,72,3,93,2,0,2,95
04/02/2020,SBA,CA,AWP,WE,Combined TRACON& Tower with Radar,9,13,8,2,32,0,1,63,0,64,9,14,71,2,96,28,0,28,124
04/03/2020,SBA,CA,AWP,WE,Combined TRACON& Tower with Radar,10,11,20,0,41,0,2,85,1,88,10,13,105,1,129,4,0,4,133
04/04/2020,SBA,CA,AWP,WE,Combined TRACON& Tower with Radar,10,12,13,0,35,0,0,39,0,39,10,12,52,0,74,0,0,0,74
04/05/2020,SBA,CA,AWP,WE,Combined TRACON& Tower with Radar,10,6,6,0,22,0,0,2,0,2,10,6,8,0,24,2,0,2,26
04/06/2020,SBA,CA,AWP,WE,Combined TRACON& Tower with Radar,10,10,9,2,31,0,0,12,0,12,10,10,21,2,43,0,0,0,43
04/07/2020,SBA,CA,AWP,WE,Combined TRACON& Tower with Radar,12,11,10,0,33,0,0,30,3,33,12,11,40,3,66,0,0,0,66
04/08/2020,SBA,CA,AWP,WE,Combined TRACON& Tower with Radar,13,10,9,1,33,0,0,19,3,22,13,10,28,4,55,22,4,26,81
04/09/2020,SBA,CA,AWP,WE,Combined TRACON& Tower with Radar,8,17,16,0,41,0,0,2,2,4,8,17,18,2,45,0,0,0,45
04/10/2020,SBA,CA,AWP,WE,Combined TRACON& Tower with Radar,13,11,4,1,29,0,0,69,2,71,13,11,73,3,100,0,0,0,100
04/11/2020,SBA,CA,AWP,WE,Combined TRACON& Tower with Radar,12,5,14,0,31,0,5,119,2,126,12,10,133,2,157,16,0,16,173
04/12/2020,SBA,CA,AWP,WE,Combined TRACON& Tower with Radar,12,5,29,1,47,0,0,0,2,2,12,5,29,3,49,0,0,0,49
04/13/2020,SBA,CA,AWP,WE,Combined TRACON& Tower with Radar,9,6,19,1,35,0,3,28,0,31,9,9,47,1,66,17,0,17,83
04/14/2020,SBA,CA,AWP,WE,Combined TRACON& Tower with Radar,11,12,9,4,36,0,1,77,2,80,11,13,86,6,116,20,0,20,136
04/15/2020,SBA,CA,AWP,WE,Combined TRACON& Tower with Radar,13,9,8,0,30,0,4,94,2,100,13,13,102,2,130,14,0,14,144
04/16/2020,SBA,CA,AWP,WE,Combined TRACON& Tower with Radar,9,5,22,0,36,0,0,66,6,72,9,5,88,6,108,16,2,18,126
04/17/2020,SBA,CA,AWP,WE,Combined TRACON& Tower with Radar,10,10,14,6,40,0,0,45,2,47,10,10,59,8,87,12,6,18,105
04/18/2020,SBA,CA,AWP,WE,Combined TRACON& Tower with Radar,7,8,14,2,31,0,0,29,1,30,7,8,43,3,61,4,2,6,67
04/19/2020,SBA,CA,AWP,WE,Combined TRACON& Tower with Radar,10,0,28,0,38,0,0,27,2,29,10,0,55,2,67,0,0,0,67
04/20/2020,SBA,CA,AWP,WE,Combined TRACON& Tower with Radar,9,11,9,0,29,0,2,33,2,37,9,13,42,2,66,2,0,2,68
04/21/2020,SBA,CA,AWP,WE,Combined TRACON& Tower with Radar,10,4,12,0,26,0,0,75,1,76,10,4,87,1,102,10,0,10,112
04/22/2020,SBA,CA,AWP,WE,Combined TRACON& Tower with Radar,10,9,19,2,40,0,4,89,0,93,10,13,108,2,133,12,0,12,145
04/23/2020,SBA,CA,AWP,WE,Combined TRACON& Tower with Radar,9,10,10,0,29,0,8,47,0,55,9,18,57,0,84,0,0,0,84
04/24/2020,SBA,CA,AWP,WE,Combined TRACON& Tower with Radar,10,11,15,2,38,0,0,99,2,101,10,11,114,4,139,0,0,0,139
04/25/2020,SBA,CA,AWP,WE,Combined TRACON& Tower with Radar,9,13,14,0,36,0,2,128,3,133,9,15,142,3,169,6,0,6,175
04/26/2020,SBA,CA,AWP,WE,Combined TRACON& Tower with Radar,9,7,19,0,35,0,3,107,0,110,9,10,126,0,145,0,0,0,145
04/27/2020,SBA,CA,AWP,WE,Combined TRACON& Tower with Radar,9,11,13,0,33,0,1,66,0,67,9,12,79,0,100,2,0,2,102
04/28/2020,SBA,CA,AWP,WE,Combined TRACON& Tower with Radar,7,15,22,1,45,0,0,67,1,68,7,15,89,2,113,36,0,36,149
04/29/2020,SBA,CA,AWP,WE,Combined TRACON& Tower with Radar,9,10,25,0,44,0,0,1,0,1,9,10,26,0,45,0,0,0,45
04/30/2020,SBA,CA,AWP,WE,Combined TRACON& Tower with Radar,10,18,31,2,61,0,0,28,0,28,10,18,59,2,89,38,0,38,127
05/01/2020,SBA,CA,AWP,WE,Combined TRACON& Tower with Radar,10,11,15,2,38,0,4,81,0,85,10,15,96,2,123,20,0,20,143
05/02/2020,SBA,CA,AWP,WE,Combined TRACON& Tower with Radar,10,9,12,0,31,0,2,85,2,89,10,11,97,2,120,14,0,14,134
05/03/2020,SBA,CA,AWP,WE,Combined TRACON& Tower with Radar,12,13,18,0,43,0,1,84,0,85,12,14,102,0,128,10,0,10,138
05/04/2020,SBA,CA,AWP,WE,Combined TRACON& Tower with Radar,12,12,13,0,37,0,0,82,0,82,12,12,95,0,119,32,0,32,151
05/05/2020,SBA,CA,AWP,WE,Combined TRACON& Tower with Radar,9,12,11,0,32,0,1,65,0,66,9,13,76,0,98,6,0,6,104
05/06/2020,SBA,CA,AWP,WE,Combined TRACON& Tower with Radar,12,15,14,3,44,0,0,75,1,76,12,15,89,4,120,16,6,22,142
05/07/2020,SBA,CA,AWP,WE,Combined TRACON& Tower with Radar,13,16,13,0,42,0,4,96,0,100,13,20,109,0,142,4,0,4,146
05/08/2020,SBA,CA,AWP,WE,Combined TRACON& Tower with Radar,12,17,11,0,40,0,1,79,0,80,12,18,90,0,120,0,0,0,120
05/09/2020,SBA,CA,AWP,WE,Combined TRACON& Tower with Radar,8,11,46,0,65,0,0,20,0,20,8,11,66,0,85,0,0,0,85
05/10/2020,SBA,CA,AWP,WE,Combined TRACON& Tower with Radar,12,6,28,0,46,0,0,4,0,4,12,6,32,0,50,0,0,0,50
05/11/2020,SBA,CA,AWP,WE,Combined TRACON& Tower with Radar,14,22,26,5,67,0,0,26,1,27,14,22,52,6,94,0,0,0,94
05/12/2020,SBA,CA,AWP,WE,Combined TRACON& Tower with Radar,8,12,27,0,47,0,3,46,0,49,8,15,73,0,96,0,0,0,96
05/13/2020,SBA,CA,AWP,WE,Combined TRACON& Tower with Radar,12,17,13,1,43,0,0,76,1,77,12,17,89,2,120,4,4,8,128
05/14/2020,SBA,CA,AWP,WE,Combined TRACON& Tower with Radar,15,24,18,3,60,0,0,63,2,65,15,24,81,5,125,20,4,24,149
05/15/2020,SBA,CA,AWP,WE,Combined TRACON& Tower with Radar,13,22,9,2,46,0,2,69,3,74,13,24,78,5,120,28,0,28,148
05/16/2020,SBA,CA,AWP,WE,Combined TRACON& Tower with Radar,10,12,27,0,49,0,2,127,1,130,10,14,154,1,179,54,0,54,233
05/17/2020,SBA,CA,AWP,WE,Combined TRACON& Tower with Radar,12,14,35,1,62,0,0,75,1,76,12,14,110,2,138,18,0,18,156
05/18/2020,SBA,CA,AWP,WE,Combined TRACON& Tower with Radar,14,18,11,0,43,0,0,16,1,17,14,18,27,1,60,0,0,0,60
05/19/2020,SBA,CA,AWP,WE,Combined TRACON& Tower with Radar,10,14,13,0,37,0,3,41,2,46,10,17,54,2,83,8,0,8,91
05/20/2020,SBA,CA,AWP,WE,Combined TRACON& Tower with Radar,12,17,20,2,51,0,0,99,2,101,12,17,119,4,152,26,2,28,180
05/21/2020,SBA,CA,AWP,WE,Combined TRACON& Tower with Radar,14,22,17,0,53,0,3,110,4,117,14,25,127,4,170,50,0,50,220
05/22/2020,SBA,CA,AWP,WE,Combined TRACON& Tower with Radar,12,17,27,1,57,0,4,84,5,93,12,21,111,6,150,20,0,20,170
05/23/2020,SBA,CA,AWP,WE,Combined TRACON& Tower with Radar,10,13,26,0,49,0,2,78,2,82,10,15,104,2,131,0,0,0,131
05/24/2020,SBA,CA,AWP,WE,Combined TRACON& Tower with Radar,12,14,28,0,54,0,4,117,1,122,12,18,145,1,176,0,0,0,176
05/25/2020,SBA,CA,AWP,WE,Combined TRACON& Tower with Radar,14,10,22,0,46,0,0,123,4,127,14,10,145,4,173,0,0,0,173
05/26/2020,SBA,CA,AWP,WE,Combined TRACON& Tower with Radar,12,20,34,1,67,0,3,31,1,35,12,23,65,2,102,0,0,0,102
05/27/2020,SBA,CA,AWP,WE,Combined TRACON& Tower with Radar,12,27,34,0,73,0,0,35,1,36,12,27,69,1,109,0,0,0,109
05/28/2020,SBA,CA,AWP,WE,Combined TRACON& Tower with Radar,14,17,37,3,71,0,3,32,0,35,14,20,69,3,106,10,0,10,116
05/29/2020,SBA,CA,AWP,WE,Combined TRACON& Tower with Radar,12,17,40,0,69,0,1,6,0,7,12,18,46,0,76,8,0,8,84
05/30/2020,SBA,CA,AWP,WE,Combined TRACON& Tower with Radar,10,11,30,0,51,0,5,84,2,91,10,16,114,2,142,0,0,0,142
05/31/2020,SBA,CA,AWP,WE,Combined TRACON& Tower with Radar,12,12,18,0,42,0,5,80,1,86,12,17,98,1,128,36,0,36,164
06/01/2020,SBA,CA,AWP,WE,Combined TRACON& Tower with Radar,14,29,19,0,62,0,1,70,2,73,14,30,89,2,135,52,0,52,187
06/02/2020,SBA,CA,AWP,WE,Combined TRACON& Tower with Radar,10,26,17,0,53,0,5,62,1,68,10,31,79,1,121,72,0,72,193
06/03/2020,SBA,CA,AWP,WE,Combined TRACON& Tower with Radar,10,8,12,0,30,0,4,78,0,82,10,12,90,0,112,116,0,116,228
06/04/2020,SBA,CA,AWP,WE,Combined TRACON& Tower with Radar,12,19,46,0,77,0,0,21,0,21,12,19,67,0,98,88,0,88,186
06/05/2020,SBA,CA,AWP,WE,Combined TRACON& Tower with Radar,10,23,51,1,85,0,7,22,0,29,10,30,73,1,114,38,0,38,152
06/06/2020,SBA,CA,AWP,WE,Combined TRACON& Tower with Radar,14,14,40,0,68,0,0,63,4,67,14,14,103,4,135,98,0,98,233
06/07/2020,SBA,CA,AWP,WE,Combined TRACON& Tower with Radar,14,15,29,0,58,0,1,90,3,94,14,16,119,3,152,0,0,0,152
06/08/2020,SBA,CA,AWP,WE,Combined TRACON& Tower with Radar,12,11,23,0,46,0,4,76,2,82,12,15,99,2,128,40,0,40,168
06/09/2020,SBA,CA,AWP,WE,Combined TRACON& Tower with Radar,14,12,24,2,52,0,3,115,4,122,14,15,139,6,174,2,0,2,176
06/10/2020,SBA,CA,AWP,WE,Combined TRACON& Tower with Radar,12,12,21,1,46,0,2,103,0,105,12,14,124,1,151,0,0,0,151
06/11/2020,SBA,CA,AWP,WE,Combined TRACON& Tower with Radar,14,31,28,1,74,0,1,109,2,112,14,32,137,3,186,0,0,0,186
06/12/2020,SBA,CA,AWP,WE,Combined TRACON& Tower with Radar,12,23,54,2,91,0,3,69,2,74,12,26,123,4,165,128,2,130,295
06/13/2020,SBA,CA,AWP,WE,Combined TRACON& Tower with Radar,16,9,29,0,54,0,0,88,0,88,16,9,117,0,142,60,0,60,202
06/14/2020,SBA,CA,AWP,WE,Combined TRACON& Tower with Radar,14,19,41,0,74,0,1,154,0,155,14,20,195,0,229,78,0,78,307
06/15/2020,SBA,CA,AWP,WE,Combined TRACON& Tower with Radar,12,19,27,11,69,0,6,109,1,116,12,25,136,12,185,126,4,130,315
06/16/2020,SBA,CA,AWP,WE,Combined TRACON& Tower with Radar,14,19,49,6,88,0,0,40,2,42,14,19,89,8,130,90,6,96,226
06/17/2020,SBA,CA,AWP,WE,Combined TRACON& Tower with Radar,12,29,48,2,91,0,6,52,0,58,12,35,100,2,149,100,2,102,251
06/18/2020,SBA,CA,AWP,WE,Combined TRACON& Tower with Radar,14,20,71,1,106,0,3,8,1,12,14,23,79,2,118,12,0,12,130
06/19/2020,SBA,CA,AWP,WE,Combined TRACON& Tower with Radar,12,17,57,0,86,0,0,29,0,29,12,17,86,0,115,108,0,108,223
06/20/2020,SBA,CA,AWP,WE,Combined TRACON& Tower with Radar,14,23,50,2,89,0,0,19,2,21,14,23,69,4,110,44,2,46,156
06/21/2020,SBA,CA,AWP,WE,Combined TRACON& Tower with Radar,14,21,47,0,82,0,3,26,0,29,14,24,73,0,111,74,0,74,185
06/22/2020,SBA,CA,AWP,WE,Combined TRACON& Tower with Radar,14,22,74,5,115,0,4,29,1,34,14,26,103,6,149,24,4,28,177
06/23/2020,SBA,CA,AWP,WE,Combined TRACON& Tower with Radar,14,21,50,0,85,0,2,38,0,40,14,23,88,0,125,152,0,152,277
06/24/2020,SBA,CA,AWP,WE,Combined TRACON& Tower with Radar,12,22,70,2,106,0,2,39,0,41,12,24,109,2,147,44,0,44,191
06/25/2020,SBA,CA,AWP,WE,Combined TRACON& Tower with Radar,14,36,58,2,110,0,5,47,2,54,14,41,105,4,164,88,0,88,252
06/26/2020,SBA,CA,AWP,WE,Combined TRACON& Tower with Radar,12,32,59,6,109,0,1,25,1,27,12,33,84,7,136,32,2,34,170
06/27/2020,SBA,CA,AWP,WE,Combined TRACON& Tower with Radar,14,25,55,2,96,0,0,63,3,66,14,25,118,5,162,92,0,92,254
06/28/2020,SBA,CA,AWP,WE,Combined TRACON& Tower with Radar,17,26,63,5,111,0,0,30,2,32,17,26,93,7,143,126,0,126,269
06/29/2020,SBA,CA,AWP,WE,Combined TRACON& Tower with Radar,13,18,49,4,84,0,0,85,1,86,13,18,134,5,170,120,0,120,290
06/30/2020,SBA,CA,AWP,WE,Combined TRACON& Tower with Radar,14,22,50,0,86,0,5,91,1,97,14,27,141,1,183,130,0,130,313
07/01/2020,SBA,CA,AWP,WE,Combined TRACON& Tower with Radar,15,31,74,3,123,0,1,19,0,20,15,32,93,3,143,208,0,208,351
07/02/2020,SBA,CA,AWP,WE,Combined TRACON& Tower with Radar,20,37,53,0,110,0,1,84,0,85,20,38,137,0,195,192,0,192,387
07/03/2020,SBA,CA,AWP,WE,Combined TRACON& Tower with Radar,17,26,35,0,78,0,4,138,2,144,17,30,173,2,222,140,0,140,362
07/04/2020,SBA,CA,AWP,WE,Combined TRACON& Tower with Radar,16,9,22,0,47,0,3,69,2,74,16,12,91,2,121,66,0,66,187
07/05/2020,SBA,CA,AWP,WE,Combined TRACON& Tower with Radar,16,22,41,0,79,0,4,102,0,106,16,26,143,0,185,114,0,114,299
07/06/2020,SBA,CA,AWP,WE,Combined TRACON& Tower with Radar,17,23,28,0,68,0,2,98,3,103,17,25,126,3,171,136,0,136,307
07/07/2020,SBA,CA,AWP,WE,Combined TRACON& Tower with Radar,14,21,24,0,59,0,3,101,0,104,14,24,125,0,163,118,0,118,281
07/08/2020,SBA,CA,AWP,WE,Combined TRACON& Tower with Radar,18,20,27,2,67,0,6,131,0,137,18,26,158,2,204,218,0,218,422
07/09/2020,SBA,CA,AWP,WE,Combined TRACON& Tower with Radar,18,22,59,1,100,0,6,58,1,65,18,28,117,2,165,24,0,24,189
07/10/2020,SBA,CA,AWP,WE,Combined TRACON& Tower with Radar,20,17,41,2,80,0,1,63,2,66,20,18,104,4,146,188,0,188,334
07/11/2020,SBA,CA,AWP,WE,Combined TRACON& Tower with Radar,18,19,33,0,70,0,0,111,3,114,18,19,144,3,184,54,0,54,238
07/12/2020,SBA,CA,AWP,WE,Combined TRACON& Tower with Radar,20,18,56,0,94,0,1,130,6,137,20,19,186,6,231,98,0,98,329
07/13/2020,SBA,CA,AWP,WE,Combined TRACON& Tower with Radar,19,13,34,2,68,0,1,67,4,72,19,14,101,6,140,106,0,106,246
07/14/2020,SBA,CA,AWP,WE,Combined TRACON& Tower with Radar,14,17,34,0,65,0,1,54,0,55,14,18,88,0,120,120,0,120,240
07/15/2020,SBA,CA,AWP,WE,Combined TRACON& Tower with Radar,17,22,68,6,113,0,0,52,4,56,17,22,120,10,169,148,4,152,321
07/16/2020,SBA,CA,AWP,WE,Combined TRACON& Tower with Radar,18,19,58,0,95,0,0,71,1,72,18,19,129,1,167,156,0,156,323
07/17/2020,SBA,CA,AWP,WE,Combined TRACON& Tower with Radar,22,33,50,3,108,0,1,96,1,98,22,34,146,4,206,100,0,100,306
07/18/2020,SBA,CA,AWP,WE,Combined TRACON& Tower with Radar,18,18,22,0,58,0,3,107,4,114,18,21,129,4,172,68,0,68,240
07/19/2020,SBA,CA,AWP,WE,Combined TRACON& Tower with Radar,18,20,47,0,85,0,0,68,2,70,18,20,115,2,155,76,0,76,231
07/20/2020,SBA,CA,AWP,WE,Combined TRACON& Tower with Radar,20,27,43,1,91,0,0,74,3,77,20,27,117,4,168,112,10,122,290
07/21/2020,SBA,CA,AWP,WE,Combined TRACON& Tower with Radar,14,20,32,8,74,0,4,86,4,94,14,24,118,12,168,186,2,188,356
07/22/2020,SBA,CA,AWP,WE,Combined TRACON& Tower with Radar,18,21,55,0,94,0,0,27,0,27,18,21,82,0,121,100,0,100,221
07/23/2020,SBA,CA,AWP,WE,Combined TRACON& Tower with Radar,18,34,64,3,119,0,0,36,0,36,18,34,100,3,155,128,2,130,285
07/24/2020,SBA,CA,AWP,WE,Combined TRACON& Tower with Radar,18,31,47,0,96,0,2,89,4,95,18,33,136,4,191,146,0,146,337
07/25/2020,SBA,CA,AWP,WE,Combined TRACON& Tower with Radar,18,14,65,0,97,0,6,85,2,93,18,20,150,2,190,174,0,174,364
07/26/2020,SBA,CA,AWP,WE,Combined TRACON& Tower with Radar,20,31,67,0,118,0,0,95,1,96,20,31,162,1,214,76,2,78,292
07/27/2020,SBA,CA,AWP,WE,Combined TRACON& Tower with Radar,20,21,40,6,87,0,0,59,1,60,20,21,99,7,147,124,0,124,271
07/28/2020,SBA,CA,AWP,WE,Combined TRACON& Tower with Radar,14,31,33,11,89,0,0,73,0,73,14,31,106,11,162,178,8,186,348
07/29/2020,SBA,CA,AWP,WE,Combined TRACON& Tower with Radar,18,30,54,3,105,0,2,60,1,63,18,32,114,4,168,40,0,40,208
07/30/2020,SBA,CA,AWP,WE,Combined TRACON& Tower with Radar,18,23,33,3,77,0,2,87,7,96,18,25,120,10,173,154,0,154,327
07/31/2020,SBA,CA,AWP,WE,Combined TRACON& Tower with Radar,20,29,52,0,101,0,4,114,2,120,20,33,166,2,221,216,0,216,437
08/01/2020,SBA,CA,AWP,WE,Combined TRACON& Tower with Radar,18,20,33,0,71,0,4,113,2,119,18,24,146,2,190,184,0,184,374
08/02/2020,SBA,CA,AWP,WE,Combined TRACON& Tower with Radar,18,20,57,0,95,0,2,123,1,126,18,22,180,1,221,96,0,96,317
08/03/2020,SBA,CA,AWP,WE,Combined TRACON& Tower with Radar,15,28,44,2,89,0,1,49,0,50,15,29,93,2,139,92,0,92,231
08/04/2020,SBA,CA,AWP,WE,Combined TRACON& Tower with Radar,12,30,50,5,97,0,2,39,0,41,12,32,89,5,138,106,0,106,244
08/05/2020,SBA,CA,AWP,WE,Combined TRACON& Tower with Radar,12,25,51,4,92,0,4,65,2,71,12,29,116,6,163,144,4,148,311
08/06/2020,SBA,CA,AWP,WE,Combined TRACON& Tower with Radar,14,28,46,0,88,0,1,57,2,60,14,29,103,2,148,136,0,136,284
08/07/2020,SBA,CA,AWP,WE,Combined TRACON& Tower with Radar,14,35,31,3,83,0,3,84,0,87,14,38,115,3,170,136,0,136,306
08/08/2020,SBA,CA,AWP,WE,Combined TRACON& Tower with Radar,14,27,28,4,73,0,4,102,0,106,14,31,130,4,179,184,0,184,363
08/09/2020,SBA,CA,AWP,WE,Combined TRACON& Tower with Radar,14,24,55,4,97,0,3,84,0,87,14,27,139,4,184,84,0,84,268
08/10/2020,SBA,CA,AWP,WE,Combined TRACON& Tower with Radar,14,36,51,4,105,0,0,54,1,55,14,36,105,5,160,172,0,172,332
08/11/2020,SBA,CA,AWP,WE,Combined TRACON& Tower with Radar,12,31,54,6,103,0,0,51,0,51,12,31,105,6,154,64,6,70,224
08/12/2020,SBA,CA,AWP,WE,Combined TRACON& Tower with Radar,12,38,42,0,92,0,4,84,0,88,12,42,126,0,180,118,0,118,298
08/13/2020,SBA,CA,AWP,WE,Combined TRACON& Tower with Radar,14,39,38,5,96,0,4,63,2,69,14,43,101,7,165,102,4,106,271
08/14/2020,SBA,CA,AWP,WE,Combined TRACON& Tower with Radar,14,32,59,0,105,0,4,106,0,110,14,36,165,0,215,238,0,238,453
08/15/2020,SBA,CA,AWP,WE,Combined TRACON& Tower with Radar,14,26,44,0,84,0,3,101,0,104,14,29,145,0,188,126,0,126,314
08/16/2020,SBA,CA,AWP,WE,Combined TRACON& Tower with Radar,13,29,36,0,78,0,3,113,5,121,13,32,149,5,199,60,0,60,259
08/17/2020,SBA,CA,AWP,WE,Combined TRACON& Tower with Radar,14,37,45,4,100,0,8,88,0,96,14,45,133,4,196,110,0,110,306
08/18/2020,SBA,CA,AWP,WE,Combined TRACON& Tower with Radar,12,28,41,8,89,0,2,78,4,84,12,30,119,12,173,168,0,168,341
08/19/2020,SBA,CA,AWP,WE,Combined TRACON& Tower with Radar,12,21,53,3,89,0,3,59,4,66,12,24,112,7,155,100,2,102,257
08/20/2020,SBA,CA,AWP,WE,Combined TRACON& Tower with Radar,12,32,46,5,95,0,2,53,5,60,12,34,99,10,155,126,12,138,293
08/21/2020,SBA,CA,AWP,WE,Combined TRACON& Tower with Radar,14,21,45,0,80,0,3,36,0,39,14,24,81,0,119,214,0,214,333
08/22/2020,SBA,CA,AWP,WE,Combined TRACON& Tower with Radar,14,23,47,1,85,0,3,66,1,70,14,26,113,2,155,238,24,262,417
08/23/2020,SBA,CA,AWP,WE,Combined TRACON& Tower with Radar,14,26,47,2,89,0,1,81,1,83,14,27,128,3,172,178,2,180,352
08/24/2020,SBA,CA,AWP,WE,Combined TRACON& Tower with Radar,14,24,33,0,71,0,4,41,0,45,14,28,74,0,116,102,0,102,218
08/25/2020,SBA,CA,AWP,WE,Combined TRACON& Tower with Radar,12,28,44,8,92,0,5,78,0,83,12,33,122,8,175,94,14,108,283
08/26/2020,SBA,CA,AWP,WE,Combined TRACON& Tower with Radar,12,29,36,4,81,0,2,78,2,82,12,31,114,6,163,102,0,102,265
08/27/2020,SBA,CA,AWP,WE,Combined TRACON& Tower with Radar,14,27,36,3,80,0,2,118,1,121,14,29,154,4,201,190,0,190,391
08/28/2020,SBA,CA,AWP,WE,Combined TRACON& Tower with Radar,14,42,53,9,118,0,3,89,0,92,14,45,142,9,210,122,6,128,338
08/29/2020,SBA,CA,AWP,WE,Combined TRACON& Tower with Radar,14,22,40,0,76,0,2,93,0,95,14,24,133,0,171,152,0,152,323
08/30/2020,SBA,CA,AWP,WE,Combined TRACON& Tower with Radar,14,28,57,0,99,0,0,103,0,103,14,28,160,0,202,100,0,100,302
08/31/2020,SBA,CA,AWP,WE,Combined TRACON& Tower with Radar,13,29,55,2,99,0,2,49,1,52,13,31,104,3,151,106,2,108,259
09/01/2020,SBA,CA,AWP,WE,Combined TRACON& Tower with Radar,13,33,67,6,119,0,0,47,2,49,13,33,114,8,168,124,4,128,296
09/02/2020,SBA,CA,AWP,WE,Combined TRACON& Tower with Radar,16,27,41,4,88,0,0,79,2,81,16,27,120,6,169,162,0,162,331
09/03/2020,SBA,CA,AWP,WE,Combined TRACON& Tower with Radar,18,33,45,3,99,0,0,97,0,97,18,33,142,3,196,176,0,176,372
09/04/2020,SBA,CA,AWP,WE,Combined TRACON& Tower with Radar,18,33,40,0,91,0,4,124,0,128,18,37,164,0,219,150,0,150,369
09/05/2020,SBA,CA,AWP,WE,Combined TRACON& Tower with Radar,17,19,33,5,74,0,1,119,0,120,17,20,152,5,194,126,2,128,322
09/06/2020,SBA,CA,AWP,WE,Combined TRACON& Tower with Radar,16,22,28,2,68,0,2,60,0,62,16,24,88,2,130,136,0,136,266
09/07/2020,SBA,CA,AWP,WE,Combined TRACON& Tower with Radar,19,21,57,0,97,0,0,70,2,72,19,21,127,2,169,70,0,70,239
09/08/2020,SBA,CA,AWP,WE,Combined TRACON& Tower with Radar,14,27,48,5,94,0,0,4,2,6,14,27,52,7,100,126,0,126,226
09/09/2020,SBA,CA,AWP,WE,Combined TRACON& Tower with Radar,18,40,60,0,118,0,0,39,1,40,18,40,99,1,158,106,0,106,264
09/10/2020,SBA,CA,AWP,WE,Combined TRACON& Tower with Radar,18,35,42,4,99,0,0,33,1,34,18,35,75,5,133,124,2,126,259
09/11/2020,SBA,CA,AWP,WE,Combined TRACON& Tower with Radar,18,31,45,3,97,0,0,43,0,43,18,31,88,3,140,82,0,82,222
09/12/2020,SBA,CA,AWP,WE,Combined TRACON& Tower with Radar,18,21,48,4,91,0,1,26,0,27,18,22,74,4,118,70,0,70,188
09/13/2020,SBA,CA,AWP,WE,Combined TRACON& Tower with Radar,16,31,61,2,110,0,2,35,0,37,16,33,96,2,147,38,0,38,185
09/14/2020,SBA,CA,AWP,WE,Combined TRACON& Tower with Radar,18,21,33,1,73,0,3,19,0,22,18,24,52,1,95,38,0,38,133
09/15/2020,SBA,CA,AWP,WE,Combined TRACON& Tower with Radar,16,28,56,3,103,0,0,28,1,29,16,28,84,4,132,122,0,122,254
09/16/2020,SBA,CA,AWP,WE,Combined TRACON& Tower with Radar,17,28,47,4,96,0,5,39,0,44,17,33,86,4,140,78,0,78,218
09/17/2020,SBA,CA,AWP,WE,Combined TRACON& Tower with Radar,19,26,34,6,85,0,1,65,0,66,19,27,99,6,151,154,6,160,311
09/18/2020,SBA,CA,AWP,WE,Combined TRACON& Tower with Radar,18,36,35,7,96,0,1,94,5,100,18,37,129,12,196,126,2,128,324
09/19/2020,SBA,CA,AWP,WE,Combined TRACON& Tower with Radar,18,22,47,0,87,0,1,106,0,107,18,23,153,0,194,160,0,160,354
09/20/2020,SBA,CA,AWP,WE,Combined TRACON& Tower with Radar,18,20,62,4,104,0,0,45,3,48,18,20,107,7,152,38,0,38,190
09/21/2020,SBA,CA,AWP,WE,Combined TRACON& Tower with Radar,18,31,37,5,91,0,0,54,2,56,18,31,91,7,147,60,0,60,207
09/22/2020,SBA,CA,AWP,WE,Combined TRACON& Tower with Radar,16,28,63,12,119,0,0,73,0,73,16,28,136,12,192,166,10,176,368
09/23/2020,SBA,CA,AWP,WE,Combined TRACON& Tower with Radar,18,29,32,10,89,0,0,95,3,98,18,29,127,13,187,66,8,74,261
09/24/2020,SBA,CA,AWP,WE,Combined TRACON& Tower with Radar,18,40,44,0,102,0,0,73,0,73,18,40,117,0,175,122,0,122,297
09/25/2020,SBA,CA,AWP,WE,Combined TRACON& Tower with Radar,18,38,49,6,111,0,1,88,5,94,18,39,137,11,205,68,0,68,273
09/26/2020,SBA,CA,AWP,WE,Combined TRACON& Tower with Radar,18,31,47,4,100,0,0,81,2,83,18,31,128,6,183,76,0,76,259
09/27/2020,SBA,CA,AWP,WE,Combined TRACON& Tower with Radar,18,35,47,0,100,0,5,65,13,83,18,40,112,13,183,44,0,44,227
09/28/2020,SBA,CA,AWP,WE,Combined TRACON& Tower with Radar,18,49,53,6,126,0,2,16,0,18,18,51,69,6,144,0,0,0,144
09/29/2020,SBA,CA,AWP,WE,Combined TRACON& Tower with Radar,16,43,28,4,91,0,2,74,2,78,16,45,102,6,169,108,0,108,277
09/30/2020,SBA,CA,AWP,WE,Combined TRACON& Tower with Radar,18,41,44,1,104,0,4,67,6,77,18,45,111,7,181,160,0,160,341
10/01/2020,SBA,CA,AWP,WE,Combined TRACON& Tower with Radar,18,38,40,4,100,0,0,75,0,75,18,38,115,4,175,178,0,178,353
10/02/2020,SBA,CA,AWP,WE,Combined TRACON& Tower with Radar,17,36,53,1,107,0,4,78,2,84,17,40,131,3,191,80,0,80,271
10/03/2020,SBA,CA,AWP,WE,Combined TRACON& Tower with Radar,19,23,36,0,78,0,4,109,0,113,19,27,145,0,191,142,0,142,333
10/04/2020,SBA,CA,AWP,WE,Combined TRACON& Tower with Radar,19,26,45,1,91,0,1,71,2,74,19,27,116,3,165,98,0,98,263
10/05/2020,SBA,CA,AWP,WE,Combined TRACON& Tower with Radar,19,31,27,5,82,0,0,44,2,46,19,31,71,7,128,82,8,90,218
10/06/2020,SBA,CA,AWP,WE,Combined TRACON& Tower with Radar,17,26,38,3,84,0,1,39,1,41,17,27,77,4,125,84,4,88,213
10/07/2020,SBA,CA,AWP,WE,Combined TRACON& Tower with Radar,22,19,50,6,97,0,2,69,0,71,22,21,119,6,168,100,0,100,268
10/08/2020,SBA,CA,AWP,WE,Combined TRACON& Tower with Radar,21,41,66,2,130,0,1,48,2,51,21,42,114,4,181,70,0,70,251
10/09/2020,SBA,CA,AWP,WE,Combined TRACON& Tower with Radar,21,43,41,11,116,0,0,55,0,55,21,43,96,11,171,128,4,132,303
10/10/2020,SBA,CA,AWP,WE,Combined TRACON& Tower with Radar,21,26,42,4,93,0,6,60,0,66,21,32,102,4,159,128,0,128,287
10/11/2020,SBA,CA,AWP,WE,Combined TRACON& Tower with Radar,21,33,55,3,112,0,5,135,2,142,21,38,190,5,254,138,0,138,392
10/12/2020,SBA,CA,AWP,WE,Combined TRACON& Tower with Radar,21,31,37,4,93,0,4,82,1,87,21,35,119,5,180,30,0,30,210
10/13/2020,SBA,CA,AWP,WE,Combined TRACON& Tower with Radar,22,33,25,3,83,0,1,71,2,74,22,34,96,5,157,134,0,134,291
10/14/2020,SBA,CA,AWP,WE,Combined TRACON& Tower with Radar,21,38,31,1,91,0,3,113,0,116,21,41,144,1,207,158,0,158,365
10/15/2020,SBA,CA,AWP,WE,Combined TRACON& Tower with Radar,23,25,34,5,87,0,8,91,4,103,23,33,125,9,190,104,2,106,296
10/16/2020,SBA,CA,AWP,WE,Combined TRACON& Tower with Radar,21,34,35,6,96,0,6,108,1,115,21,40,143,7,211,38,2,40,251
10/17/2020,SBA,CA,AWP,WE,Combined TRACON& Tower with Radar,21,16,32,12,81,0,2,126,0,128,21,18,158,12,209,144,0,144,353
10/18/2020,SBA,CA,AWP,WE,Combined TRACON& Tower with Radar,21,42,74,9,146,0,1,67,0,68,21,43,141,9,214,42,0,42,256
10/19/2020,SBA,CA,AWP,WE,Combined TRACON& Tower with Radar,21,21,67,11,120,0,1,31,0,32,21,22,98,11,152,8,0,8,160
10/20/2020,SBA,CA,AWP,WE,Combined TRACON& Tower with Radar,20,18,106,4,148,0,0,3,0,3,20,18,109,4,151,22,4,26,177
10/21/2020,SBA,CA,AWP,WE,Combined TRACON& Tower with Radar,21,36,88,0,145,0,0,1,0,1,21,36,89,0,146,14,0,14,160
10/22/2020,SBA,CA,AWP,WE,Combined TRACON& Tower with Radar,21,50,43,0,114,0,0,16,0,16,21,50,59,0,130,128,0,128,258
10/23/2020,SBA,CA,AWP,WE,Combined TRACON& Tower with Radar,21,33,93,12,159,0,2,24,2,28,21,35,117,14,187,110,6,116,303
10/24/2020,SBA,CA,AWP,WE,Combined TRACON& Tower with Radar,23,19,46,0,88,0,2,30,0,32,23,21,76,0,120,216,0,216,336
10/25/2020,SBA,CA,AWP,WE,Combined TRACON& Tower with Radar,20,30,70,0,120,0,3,44,0,47,20,33,114,0,167,130,0,130,297
10/26/2020,SBA,CA,AWP,WE,Combined TRACON& Tower with Radar,21,23,27,0,71,0,3,47,3,53,21,26,74,3,124,176,0,176,300
10/27/2020,SBA,CA,AWP,WE,Combined TRACON& Tower with Radar,20,29,43,14,106,0,1,95,0,96,20,30,138,14,202,170,4,174,376
10/28/2020,SBA,CA,AWP,WE,Combined TRACON& Tower with Radar,20,24,33,4,81,0,1,134,0,135,20,25,167,4,216,150,4,154,370
10/29/2020,SBA,CA,AWP,WE,Combined TRACON& Tower with Radar,22,27,27,1,77,0,1,124,2,127,22,28,151,3,204,174,0,174,378
10/30/2020,SBA,CA,AWP,WE,Combined TRACON& Tower with Radar,21,36,42,4,103,0,3,98,1,102,21,39,140,5,205,80,4,84,289
10/31/2020,SBA,CA,AWP,WE,Combined TRACON& Tower with Radar,17,8,36,0,61,0,1,103,2,106,17,9,139,2,167,54,0,54,221
11/01/2020,SBA,CA,AWP,WE,Combined TRACON& Tower with Radar,21,20,36,0,77,0,0,122,0,122,21,20,158,0,199,118,0,118,317
11/02/2020,SBA,CA,AWP,WE,Combined TRACON& Tower with Radar,21,26,62,2,111,0,0,11,0,11,21,26,73,2,122,6,2,8,130
11/03/2020,SBA,CA,AWP,WE,Combined TRACON& Tower with Radar,21,12,33,6,72,0,0,38,1,39,21,12,71,7,111,164,6,170,281
11/04/2020,SBA,CA,AWP,WE,Combined TRACON& Tower with Radar,21,21,32,6,80,0,0,107,2,109,21,21,139,8,189,138,4,142,331
11/05/2020,SBA,CA,AWP,WE,Combined TRACON& Tower with Radar,19,26,28,18,91,0,1,95,2,98,19,27,123,20,189,158,10,168,357
11/06/2020,SBA,CA,AWP,WE,Combined TRACON& Tower with Radar,19,35,49,1,104,0,0,44,1,45,19,35,93,2,149,76,0,76,225
11/07/2020,SBA,CA,AWP,WE,Combined TRACON& Tower with Radar,19,16,19,0,54,0,0,20,0,20,19,16,39,0,74,182,0,182,256
11/08/2020,SBA,CA,AWP,WE,Combined TRACON& Tower with Radar,19,31,28,0,78,0,2,17,0,19,19,33,45,0,97,82,0,82,179
11/09/2020,SBA,CA,AWP,WE,Combined TRACON& Tower with Radar,20,28,28,0,76,0,4,86,0,90,20,32,114,0,166,138,0,138,304
11/10/2020,SBA,CA,AWP,WE,Combined TRACON& Tower with Radar,19,29,33,0,81,0,1,96,2,99,19,30,129,2,180,202,0,202,382
11/11/2020,SBA,CA,AWP,WE,Combined TRACON& Tower with Radar,19,27,47,2,95,0,3,109,1,113,19,30,156,3,208,74,0,74,282
11/12/2020,SBA,CA,AWP,WE,Combined TRACON& Tower with Radar,19,25,37,0,81,0,1,87,0,88,19,26,124,0,169,126,0,126,295
11/13/2020,SBA,CA,AWP,WE,Combined TRACON& Tower with Radar,19,32,42,0,93,0,5,112,2,119,19,37,154,2,212,158,0,158,370
11/14/2020,SBA,CA,AWP,WE,Combined TRACON& Tower with Radar,19,12,31,1,63,0,0,95,0,95,19,12,126,1,158,92,0,92,250
11/15/2020,SBA,CA,AWP,WE,Combined TRACON& Tower with Radar,19,31,38,1,89,0,2,155,2,159,19,33,193,3,248,164,2,166,414
11/16/2020,SBA,CA,AWP,WE,Combined TRACON& Tower with Radar,19,30,21,3,73,0,2,70,4,76,19,32,91,7,149,108,4,112,261
11/17/2020,SBA,CA,AWP,WE,Combined TRACON& Tower with Radar,19,21,37,0,77,0,0,68,3,71,19,21,105,3,148,120,0,120,268
11/18/2020,SBA,CA,AWP,WE,Combined TRACON& Tower with Radar,21,24,47,3,95,0,0,19,0,19,21,24,66,3,114,146,2,148,262
11/19/2020,SBA,CA,AWP,WE,Combined TRACON& Tower with Radar,19,28,45,6,98,0,1,50,1,52,19,29,95,7,150,10,6,16,166
11/20/2020,SBA,CA,AWP,WE,Combined TRACON& Tower with Radar,21,36,57,0,114,0,1,106,6,113,21,37,163,6,227,196,0,196,423
11/21/2020,SBA,CA,AWP,WE,Combined TRACON& Tower with Radar,21,29,37,2,89,0,4,111,0,115,21,33,148,2,204,104,2,106,310
11/22/2020,SBA,CA,AWP,WE,Combined TRACON& Tower with Radar,21,21,27,0,69,0,5,132,5,142,21,26,159,5,211,104,0,104,315
11/23/2020,SBA,CA,AWP,WE,Combined TRACON& Tower with Radar,21,36,24,8,89,0,1,85,0,86,21,37,109,8,175,108,6,114,289
11/24/2020,SBA,CA,AWP,WE,Combined TRACON& Tower with Radar,23,41,50,7,121,0,3,96,0,99,23,44,146,7,220,162,6,168,388
11/25/2020,SBA,CA,AWP,WE,Combined TRACON& Tower with Radar,23,16,25,3,67,0,5,75,0,80,23,21,100,3,147,156,2,158,305
11/26/2020,SBA,CA,AWP,WE,Combined TRACON& Tower with Radar,10,10,7,0,27,0,0,34,0,34,10,10,41,0,61,38,0,38,99
11/27/2020,SBA,CA,AWP,WE,Combined TRACON& Tower with Radar,21,28,22,0,71,0,1,78,0,79,21,29,100,0,150,150,0,150,300
11/28/2020,SBA,CA,AWP,WE,Combined TRACON& Tower with Radar,27,17,41,2,87,0,0,122,0,122,27,17,163,2,209,98,0,98,307
11/29/2020,SBA,CA,AWP,WE,Combined TRACON& Tower with Radar,25,34,51,0,110,0,1,124,2,127,25,35,175,2,237,132,0,132,369
11/30/2020,SBA,CA,AWP,WE,Combined TRACON& Tower with Radar,23,16,31,0,70,0,1,57,2,60,23,17,88,2,130,60,0,60,190
12/01/2020,SBA,CA,AWP,WE,Combined TRACON& Tower with Radar,23,37,22,0,82,0,0,65,0,65,23,37,87,0,147,176,0,176,323
12/02/2020,SBA,CA,AWP,WE,Combined TRACON& Tower with Radar,21,21,24,4,70,0,5,72,0,77,21,26,96,4,147,158,4,162,309
12/03/2020,SBA,CA,AWP,WE,Combined TRACON& Tower with Radar,21,23,22,0,66,0,2,52,0,54,21,25,74,0,120,88,0,88,208
12/04/2020,SBA,CA,AWP,WE,Combined TRACON& Tower with Radar,19,27,33,2,81,0,0,65,0,65,19,27,98,2,146,92,0,92,238
12/05/2020,SBA,CA,AWP,WE,Combined TRACON& Tower with Radar,17,12,32,0,61,0,0,114,0,114,17,12,146,0,175,170,0,170,345
12/06/2020,SBA,CA,AWP,WE,Combined TRACON& Tower with Radar,19,21,30,0,70,0,0,105,0,105,19,21,135,0,175,102,0,102,277
12/07/2020,SBA,CA,AWP,WE,Combined TRACON& Tower with Radar,19,21,19,0,59,0,0,38,0,38,19,21,57,0,97,44,0,44,141
12/08/2020,SBA,CA,AWP,WE,Combined TRACON& Tower with Radar,21,14,21,5,61,0,4,34,0,38,21,18,55,5,99,106,4,110,209
12/09/2020,SBA,CA,AWP,WE,Combined TRACON& Tower with Radar,19,27,26,0,72,0,3,93,2,98,19,30,119,2,170,102,0,102,272
12/10/2020,SBA,CA,AWP,WE,Combined TRACON& Tower with Radar,21,18,40,0,79,0,0,44,0,44,21,18,84,0,123,130,0,130,253
12/11/2020,SBA,CA,AWP,WE,Combined TRACON& Tower with Radar,19,31,29,8,87,0,2,56,0,58,19,33,85,8,145,70,0,70,215
12/12/2020,SBA,CA,AWP,WE,Combined TRACON& Tower with Radar,19,18,19,0,56,0,1,20,0,21,19,19,39,0,77,112,0,112,189
12/13/2020,SBA,CA,AWP,WE,Combined TRACON& Tower with Radar,21,23,35,0,79,0,0,70,2,72,21,23,105,2,151,88,0,88,239
12/14/2020,SBA,CA,AWP,WE,Combined TRACON& Tower with Radar,23,17,26,2,68,0,0,31,0,31,23,17,57,2,99,28,0,28,127
12/15/2020,SBA,CA,AWP,WE,Combined TRACON& Tower with Radar,19,11,23,0,53,0,2,59,0,61,19,13,82,0,114,114,0,114,228
12/16/2020,SBA,CA,AWP,WE,Combined TRACON& Tower with Radar,21,20,25,7,73,0,1,69,0,70,21,21,94,7,143,92,2,94,237
12/17/2020,SBA,CA,AWP,WE,Combined TRACON& Tower with Radar,21,37,34,4,96,0,2,24,0,26,21,39,58,4,122,12,0,12,134
12/18/2020,SBA,CA,AWP,WE,Combined TRACON& Tower with Radar,21,27,56,2,106,0,1,67,0,68,21,28,123,2,174,146,0,146,320
12/19/2020,SBA,CA,AWP,WE,Combined TRACON& Tower with Radar,22,27,41,4,94,0,0,116,0,116,22,27,157,4,210,152,0,152,362
12/20/2020,SBA,CA,AWP,WE,Combined TRACON& Tower with Radar,23,26,41,4,94,0,4,123,0,127,23,30,164,4,221,118,0,118,339
12/21/2020,SBA,CA,AWP,WE,Combined TRACON& Tower with Radar,19,20,28,0,67,0,4,81,2,87,19,24,109,2,154,144,8,152,306
12/22/2020,SBA,CA,AWP,WE,Combined TRACON& Tower with Radar,21,26,30,8,85,0,6,82,0,88,21,32,112,8,173,72,4,76,249
12/23/2020,SBA,CA,AWP,WE,Combined TRACON& Tower with Radar,20,27,39,2,88,0,0,55,0,55,20,27,94,2,143,204,0,204,347
12/24/2020,SBA,CA,AWP,WE,Combined TRACON& Tower with Radar,17,16,13,0,46,0,0,30,0,30,17,16,43,0,76,142,0,142,218
12/25/2020,SBA,CA,AWP,WE,Combined TRACON& Tower with Radar,17,7,9,0,33,0,0,29,0,29,17,7,38,0,62,36,0,36,98
12/26/2020,SBA,CA,AWP,WE,Combined TRACON& Tower with Radar,20,37,36,2,95,0,1,65,0,66,20,38,101,2,161,106,0,106,267
12/27/2020,SBA,CA,AWP,WE,Combined TRACON& Tower with Radar,21,22,39,0,82,0,1,30,0,31,21,23,69,0,113,24,0,24,137
12/28/2020,SBA,CA,AWP,WE,Combined TRACON& Tower with Radar,21,29,39,0,89,0,0,0,0,0,21,29,39,0,89,8,0,8,97
12/29/2020,SBA,CA,AWP,WE,Combined TRACON& Tower with Radar,22,29,43,2,96,0,4,66,0,70,22,33,109,2,166,82,2,84,250
12/30/2020,SBA,CA,AWP,WE,Combined TRACON& Tower with Radar,22,33,25,0,80,0,3,91,2,96,22,36,116,2,176,106,0,106,282
12/31/2020,SBA,CA,AWP,WE,Combined TRACON& Tower with Radar,17,17,19,0,53,0,1,27,0,28,17,18,46,0,81,54,0,54,135
01/01/2021,SBA,CA,AWP,WE,Combined TRACON& Tower with Radar,19,10,18,0,47,0,3,57,1,61,19,13,75,1,108,14,0,14,122
01/02/2021,SBA,CA,AWP,WE,Combined TRACON& Tower with Radar,21,23,52,0,96,0,3,76,0,79,21,26,128,0,175,68,0,68,243
01/03/2021,SBA,CA,AWP,WE,Combined TRACON& Tower with Radar,21,14,44,0,79,0,0,53,0,53,21,14,97,0,132,16,0,16,148
01/04/2021,SBA,CA,AWP,WE,Combined TRACON& Tower with Radar,22,23,39,0,84,0,0,31,0,31,22,23,70,0,115,58,0,58,173
01/05/2021,SBA,CA,AWP,WE,Combined TRACON& Tower with Radar,19,12,41,2,74,0,1,60,1,62,19,13,101,3,136,94,4,98,234
01/06/2021,SBA,CA,AWP,WE,Combined TRACON& Tower with Radar,20,18,28,0,66,0,0,52,0,52,20,18,80,0,118,80,0,80,198
01/07/2021,SBA,CA,AWP,WE,Combined TRACON& Tower with Radar,23,24,13,1,61,0,1,56,0,57,23,25,69,1,118,74,0,74,192
01/08/2021,SBA,CA,AWP,WE,Combined TRACON& Tower with Radar,25,22,31,1,79,0,2,75,2,79,25,24,106,3,158,52,0,52,210
01/09/2021,SBA,CA,AWP,WE,Combined TRACON& Tower with Radar,20,18,26,1,65,0,4,78,0,82,20,22,104,1,147,136,0,136,283
01/10/2021,SBA,CA,AWP,WE,Combined TRACON& Tower with Radar,23,20,44,1,88,0,1,102,0,103,23,21,146,1,191,108,0,108,299
01/11/2021,SBA,CA,AWP,WE,Combined TRACON& Tower with Radar,28,16,28,1,73,1,0,53,0,54,29,16,81,1,127,92,0,92,219
01/12/2021,SBA,CA,AWP,WE,Combined TRACON& Tower with Radar,20,24,27,4,75,0,0,84,2,86,20,24,111,6,161,86,0,86,247
01/13/2021,SBA,CA,AWP,WE,Combined TRACON& Tower with Radar,20,19,39,6,84,0,2,71,4,77,20,21,110,10,161,134,6,140,301
01/14/2021,SBA,CA,AWP,WE,Combined TRACON& Tower with Radar,23,23,25,8,79,0,5,82,0,87,23,28,107,8,166,120,0,120,286
01/15/2021,SBA,CA,AWP,WE,Combined TRACON& Tower with Radar,23,19,29,6,77,0,0,79,5,84,23,19,108,11,161,44,4,48,209
01/16/2021,SBA,CA,AWP,WE,Combined TRACON& Tower with Radar,19,30,40,1,90,0,6,99,1,106,19,36,139,2,196,188,0,188,384
01/17/2021,SBA,CA,AWP,WE,Combined TRACON& Tower with Radar,23,22,20,0,65,0,1,129,1,131,23,23,149,1,196,96,0,96,292
01/18/2021,SBA,CA,AWP,WE,Combined TRACON& Tower with Radar,23,29,29,2,83,0,1,78,1,80,23,30,107,3,163,64,2,66,229
01/19/2021,SBA,CA,AWP,WE,Combined TRACON& Tower with Radar,19,16,21,5,61,0,1,4,3,8,19,17,25,8,69,106,4,110,179
01/20/2021,SBA,CA,AWP,WE,Combined TRACON& Tower with Radar,18,18,25,4,65,0,2,60,0,62,18,20,85,4,127,176,0,176,303
01/21/2021,SBA,CA,AWP,WE,Combined TRACON& Tower with Radar,23,32,45,0,100,0,0,111,2,113,23,32,156,2,213,126,10,136,349
01/22/2021,SBA,CA,AWP,WE,Combined TRACON& Tower with Radar,23,18,48,0,89,0,4,29,0,33,23,22,77,0,122,98,0,98,220
01/23/2021,SBA,CA,AWP,WE,Combined TRACON& Tower with Radar,19,13,34,0,66,0,0,24,0,24,19,13,58,0,90,76,0,76,166
01/24/2021,SBA,CA,AWP,WE,Combined TRACON& Tower with Radar,22,22,34,0,78,0,0,51,0,51,22,22,85,0,129,80,0,80,209
01/25/2021,SBA,CA,AWP,WE,Combined TRACON& Tower with Radar,25,16,23,0,64,0,0,6,1,7,25,16,29,1,71,0,0,0,71
01/26/2021,SBA,CA,AWP,WE,Combined TRACON& Tower with Radar,19,23,59,2,103,0,2,71,1,74,19,25,130,3,177,60,0,60,237
01/27/2021,SBA,CA,AWP,WE,Combined TRACON& Tower with Radar,19,17,16,0,52,0,0,0,0,0,19,17,16,0,52,0,0,0,52
01/28/2021,SBA,CA,AWP,WE,Combined TRACON& Tower with Radar,23,13,9,0,45,0,0,0,0,0,23,13,9,0,45,6,0,6,51
01/29/2021,SBA,CA,AWP,WE,Combined TRACON& Tower with Radar,22,21,51,0,94,0,0,14,0,14,22,21,65,0,108,94,2,96,204
01/30/2021,SBA,CA,AWP,WE,Combined TRACON& Tower with Radar,19,18,47,0,84,0,2,144,0,146,19,20,191,0,230,116,0,116,346
01/31/2021,SBA,CA,AWP,WE,Combined TRACON& Tower with Radar,23,22,40,0,85,0,2,96,0,98,23,24,136,0,183,48,0,48,231
02/01/2021,SBA,CA,AWP,WE,Combined TRACON& Tower with Radar,24,18,27,2,71,0,2,57,0,59,24,20,84,2,130,90,0,90,220
02/02/2021,SBA,CA,AWP,WE,Combined TRACON& Tower with Radar,20,22,19,0,61,0,5,54,0,59,20,27,73,0,120,164,0,164,284
02/03/2021,SBA,CA,AWP,WE,Combined TRACON& Tower with Radar,19,20,29,0,68,0,5,83,0,88,19,25,112,0,156,150,0,150,306
02/04/2021,SBA,CA,AWP,WE,Combined TRACON& Tower with Radar,24,33,47,0,104,0,3,98,0,101,24,36,145,0,205,184,0,184,389
02/05/2021,SBA,CA,AWP,WE,Combined TRACON& Tower with Radar,23,24,44,0,91,0,0,112,0,112,23,24,156,0,203,92,0,92,295
02/06/2021,SBA,CA,AWP,WE,Combined TRACON& Tower with Radar,20,18,34,0,72,0,0,149,0,149,20,18,183,0,221,138,0,138,359
02/07/2021,SBA,CA,AWP,WE,Combined TRACON& Tower with Radar,24,23,47,0,94,0,1,68,0,69,24,24,115,0,163,94,0,94,257
02/08/2021,SBA,CA,AWP,WE,Combined TRACON& Tower with Radar,25,19,57,2,103,0,0,19,0,19,25,19,76,2,122,38,0,38,160
02/09/2021,SBA,CA,AWP,WE,Combined TRACON& Tower with Radar,20,31,44,0,95,0,2,7,0,9,20,33,51,0,104,80,0,80,184
02/10/2021,SBA,CA,AWP,WE,Combined TRACON& Tower with Radar,20,36,42,0,98,0,1,85,4,90,20,37,127,4,188,74,4,78,266
02/11/2021,SBA,CA,AWP,WE,Combined TRACON& Tower with Radar,21,35,55,1,112,0,0,35,2,37,21,35,90,3,149,80,0,80,229
02/12/2021,SBA,CA,AWP,WE,Combined TRACON& Tower with Radar,24,39,32,2,97,0,1,37,0,38,24,40,69,2,135,60,0,60,195
02/13/2021,SBA,CA,AWP,WE,Combined TRACON& Tower with Radar,16,22,20,0,58,0,0,31,0,31,16,22,51,0,89,84,0,84,173
02/14/2021,SBA,CA,AWP,WE,Combined TRACON& Tower with Radar,17,27,29,0,73,0,0,62,0,62,17,27,91,0,135,60,0,60,195
02/15/2021,SBA,CA,AWP,WE,Combined TRACON& Tower with Radar,19,32,44,0,95,0,5,49,0,54,19,37,93,0,149,136,0,136,285
02/16/2021,SBA,CA,AWP,WE,Combined TRACON& Tower with Radar,15,36,30,2,83,0,0,51,0,51,15,36,81,2,134,24,0,24,158
02/17/2021,SBA,CA,AWP,WE,Combined TRACON& Tower with Radar,18,32,44,16,110,0,1,41,3,45,18,33,85,19,155,64,6,70,225
02/18/2021,SBA,CA,AWP,WE,Combined TRACON& Tower with Radar,21,28,45,4,98,0,2,93,1,96,21,30,138,5,194,100,12,112,306
02/19/2021,SBA,CA,AWP,WE,Combined TRACON& Tower with Radar,23,30,33,13,99,0,1,107,3,111,23,31,140,16,210,180,2,182,392
02/20/2021,SBA,CA,AWP,WE,Combined TRACON& Tower with Radar,21,31,26,1,79,0,2,33,2,37,21,33,59,3,116,10,0,10,126
02/21/2021,SBA,CA,AWP,WE,Combined TRACON& Tower with Radar,23,32,54,2,111,0,0,143,1,144,23,32,197,3,255,254,0,254,509
02/22/2021,SBA,CA,AWP,WE,Combined TRACON& Tower with Radar,23,18,44,2,87,0,0,67,2,69,23,18,111,4,156,98,0,98,254
02/23/2021,SBA,CA,AWP,WE,Combined TRACON& Tower with Radar,19,17,38,16,90,0,1,68,0,69,19,18,106,16,159,46,14,60,219
02/24/2021,SBA,CA,AWP,WE,Combined TRACON& Tower with Radar,19,31,21,1,72,0,3,94,0,97,19,34,115,1,169,104,0,104,273
02/25/2021,SBA,CA,AWP,WE,Combined TRACON& Tower with Radar,23,26,30,0,79,0,2,50,0,52,23,28,80,0,131,112,0,112,243
02/26/2021,SBA,CA,AWP,WE,Combined TRACON& Tower with Radar,23,35,45,0,103,0,2,97,0,99,23,37,142,0,202,120,0,120,322
02/27/2021,SBA,CA,AWP,WE,Combined TRACON& Tower with Radar,21,21,25,2,69,0,0,66,2,68,21,21,91,4,137,62,0,62,199
02/28/2021,SBA,CA,AWP,WE,Combined TRACON& Tower with Radar,23,33,50,2,108,0,2,85,0,87,23,35,135,2,195,198,0,198,393
03/01/2021,SBA,CA,AWP,WE,Combined TRACON& Tower with Radar,23,35,33,0,91,0,0,77,0,77,23,35,110,0,168,72,0,72,240
03/02/2021,SBA,CA,AWP,WE,Combined TRACON& Tower with Radar,21,28,43,0,92,0,7,78,0,85,21,35,121,0,177,98,2,100,277
03/03/2021,SBA,CA,AWP,WE,Combined TRACON& Tower with Radar,19,36,49,1,105,0,1,16,2,19,19,37,65,3,124,88,0,88,212
03/04/2021,SBA,CA,AWP,WE,Combined TRACON& Tower with Radar,20,35,46,6,107,0,4,125,2,131,20,39,171,8,238,152,4,156,394
03/05/2021,SBA,CA,AWP,WE,Combined TRACON& Tower with Radar,23,32,45,2,102,0,0,103,3,106,23,32,148,5,208,212,2,214,422
03/06/2021,SBA,CA,AWP,WE,Combined TRACON& Tower with Radar,23,19,38,0,80,0,5,111,1,117,23,24,149,1,197,94,0,94,291
03/07/2021,SBA,CA,AWP,WE,Combined TRACON& Tower with Radar,23,23,83,1,130,0,0,30,0,30,23,23,113,1,160,116,0,116,276
03/08/2021,SBA,CA,AWP,WE,Combined TRACON& Tower with Radar,23,23,39,7,92,0,0,40,3,43,23,23,79,10,135,94,6,100,235
03/09/2021,SBA,CA,AWP,WE,Combined TRACON& Tower with Radar,20,33,31,1,85,0,0,20,0,20,20,33,51,1,105,52,0,52,157
03/10/2021,SBA,CA,AWP,WE,Combined TRACON& Tower with Radar,20,26,32,3,81,0,1,3,0,4,20,27,35,3,85,72,0,72,157
03/11/2021,SBA,CA,AWP,WE,Combined TRACON& Tower with Radar,23,34,45,2,104,0,0,32,10,42,23,34,77,12,146,40,2,42,188
03/12/2021,SBA,CA,AWP,WE,Combined TRACON& Tower with Radar,23,43,40,2,108,0,3,43,3,49,23,46,83,5,157,56,14,70,227
03/13/2021,SBA,CA,AWP,WE,Combined TRACON& Tower with Radar,23,22,31,0,76,0,0,69,1,70,23,22,100,1,146,54,0,54,200
03/14/2021,SBA,CA,AWP,WE,Combined TRACON& Tower with Radar,22,33,50,1,106,0,0,49,2,51,22,33,99,3,157,176,0,176,333
03/15/2021,SBA,CA,AWP,WE,Combined TRACON& Tower with Radar,22,25,31,0,78,0,0,8,2,10,22,25,39,2,88,6,0,6,94
03/16/2021,SBA,CA,AWP,WE,Combined TRACON& Tower with Radar,19,30,48,8,105,0,3,112,0,115,19,33,160,8,220,174,2,176,396
03/17/2021,SBA,CA,AWP,WE,Combined TRACON& Tower with Radar,19,28,35,3,85,0,4,91,1,96,19,32,126,4,181,232,4,236,417
03/18/2021,SBA,CA,AWP,WE,Combined TRACON& Tower with Radar,23,30,43,3,99,0,1,109,8,118,23,31,152,11,217,124,10,134,351
03/19/2021,SBA,CA,AWP,WE,Combined TRACON& Tower with Radar,23,34,45,0,102,0,2,63,3,68,23,36,108,3,170,100,0,100,270
03/20/2021,SBA,CA,AWP,WE,Combined TRACON& Tower with Radar,23,32,50,0,105,0,1,52,1,54,23,33,102,1,159,88,0,88,247
03/21/2021,SBA,CA,AWP,WE,Combined TRACON& Tower with Radar,24,42,33,1,100,0,0,76,1,77,24,42,109,2,177,68,0,68,245
03/22/2021,SBA,CA,AWP,WE,Combined TRACON& Tower with Radar,23,36,34,2,95,0,1,71,0,72,23,37,105,2,167,46,2,48,215
03/23/2021,SBA,CA,AWP,WE,Combined TRACON& Tower with Radar,20,19,48,11,98,0,1,52,4,57,20,20,100,15,155,80,22,102,257
03/24/2021,SBA,CA,AWP,WE,Combined TRACON& Tower with Radar,20,34,36,2,92,0,1,81,0,82,20,35,117,2,174,72,2,74,248
03/25/2021,SBA,CA,AWP,WE,Combined TRACON& Tower with Radar,23,28,39,4,94,0,6,28,1,35,23,34,67,5,129,55,2,57,186
03/26/2021,SBA,CA,AWP,WE,Combined TRACON& Tower with Radar,23,29,69,6,127,0,5,100,1,106,23,34,169,7,233,146,0,146,379
03/27/2021,SBA,CA,AWP,WE,Combined TRACON& Tower with Radar,23,31,45,1,100,0,3,129,1,133,23,34,174,2,233,148,0,148,381
03/28/2021,SBA,CA,AWP,WE,Combined TRACON& Tower with Radar,21,29,50,0,100,0,1,147,1,149,21,30,197,1,249,66,0,66,315
03/29/2021,SBA,CA,AWP,WE,Combined TRACON& Tower with Radar,24,32,35,0,91,0,4,107,1,112,24,36,142,1,203,86,0,86,289
03/30/2021,SBA,CA,AWP,WE,Combined TRACON& Tower with Radar,21,26,48,0,95,0,0,66,0,66,21,26,114,0,161,162,0,162,323
03/31/2021,SBA,CA,AWP,WE,Combined TRACON& Tower with Radar,21,33,37,2,93,0,4,74,0,78,21,37,111,2,171,162,2,164,335
04/01/2021,SBA,CA,AWP,WE,Combined TRACON& Tower with Radar,23,36,47,12,118,0,0,110,3,113,23,36,157,15,231,126,12,138,369
04/02/2021,SBA,CA,AWP,WE,Combined TRACON& Tower with Radar,24,33,39,0,96,0,1,85,2,88,24,34,124,2,184,76,0,76,260
04/03/2021,SBA,CA,AWP,WE,Combined TRACON& Tower with Radar,23,28,60,0,111,0,4,112,2,118,23,32,172,2,229,106,0,106,335
04/04/2021,SBA,CA,AWP,WE,Combined TRACON& Tower with Radar,27,25,38,5,95,0,0,70,2,72,27,25,108,7,167,62,0,62,229
04/05/2021,SBA,CA,AWP,WE,Combined TRACON& Tower with Radar,25,33,48,2,108,0,2,67,2,71,25,35,115,4,179,82,0,82,261
04/06/2021,SBA,CA,AWP,WE,Combined TRACON& Tower with Radar,23,32,49,5,109,0,1,75,2,78,23,33,124,7,187,58,4,62,249
04/07/2021,SBA,CA,AWP,WE,Combined TRACON& Tower with Radar,23,26,52,4,105,0,6,91,2,99,23,32,143,6,204,0,0,0,204
04/08/2021,SBA,CA,AWP,WE,Combined TRACON& Tower with Radar,25,31,38,0,94,0,6,93,5,104,25,37,131,5,198,142,0,142,340
04/09/2021,SBA,CA,AWP,WE,Combined TRACON& Tower with Radar,26,25,39,0,90,0,1,97,3,101,26,26,136,3,191,96,0,96,287
04/10/2021,SBA,CA,AWP,WE,Combined TRACON& Tower with Radar,23,25,43,3,94,0,0,93,1,94,23,25,136,4,188,164,2,166,354
04/11/2021,SBA,CA,AWP,WE,Combined TRACON& Tower with Radar,25,36,43,1,105,0,0,99,4,103,25,36,142,5,208,96,0,96,304
04/12/2021,SBA,CA,AWP,WE,Combined TRACON& Tower with Radar,34,23,42,5,104,0,0,27,1,28,34,23,69,6,132,96,4,100,232
04/13/2021,SBA,CA,AWP,WE,Combined TRACON& Tower with Radar,33,30,49,1,113,0,1,14,1,16,33,31,63,2,129,64,0,64,193
04/14/2021,SBA,CA,AWP,WE,Combined TRACON& Tower with Radar,33,38,46,3,120,0,0,58,0,58,33,38,104,3,178,116,0,116,294
04/15/2021,SBA,CA,AWP,WE,Combined TRACON& Tower with Radar,35,39,44,11,129,0,1,138,1,140,35,40,182,12,269,116,2,118,387
04/16/2021,SBA,CA,AWP,WE,Combined TRACON& Tower with Radar,35,44,44,1,124,0,0,121,1,122,35,44,165,2,246,38,0,38,284
04/17/2021,SBA,CA,AWP,WE,Combined TRACON& Tower with Radar,33,14,30,0,77,0,5,107,2,114,33,19,137,2,191,86,4,90,281
04/18/2021,SBA,CA,AWP,WE,Combined TRACON& Tower with Radar,35,34,41,0,110,0,2,80,6,88,35,36,121,6,198,74,0,74,272
04/19/2021,SBA,CA,AWP,WE,Combined TRACON& Tower with Radar,34,22,49,5,110,0,0,67,1,68,34,22,116,6,178,116,4,120,298
04/20/2021,SBA,CA,AWP,WE,Combined TRACON& Tower with Radar,31,24,41,3,99,0,1,73,0,74,31,25,114,3,173,104,0,104,277
04/21/2021,SBA,CA,AWP,WE,Combined TRACON& Tower with Radar,33,37,52,1,123,0,1,52,2,55,33,38,104,3,178,118,0,118,296
04/22/2021,SBA,CA,AWP,WE,Combined TRACON& Tower with Radar,36,28,63,0,127,0,0,37,2,39,36,28,100,2,166,136,0,136,302
04/23/2021,SBA,CA,AWP,WE,Combined TRACON& Tower with Radar,35,30,83,1,149,0,3,50,0,53,35,33,133,1,202,116,0,116,318
04/24/2021,SBA,CA,AWP,WE,Combined TRACON& Tower with Radar,33,26,58,1,118,0,0,67,0,67,33,26,125,1,185,128,0,128,313
04/25/2021,SBA,CA,AWP,WE,Combined TRACON& Tower with Radar,35,33,73,6,147,0,1,39,0,40,35,34,112,6,187,130,4,134,321
04/26/2021,SBA,CA,AWP,WE,Combined TRACON& Tower with Radar,35,29,28,6,98,0,2,64,1,67,35,31,92,7,165,30,14,44,209
04/27/2021,SBA,CA,AWP,WE,Combined TRACON& Tower with Radar,32,20,42,0,94,0,3,90,0,93,32,23,132,0,187,114,2,116,303
04/28/2021,SBA,CA,AWP,WE,Combined TRACON& Tower with Radar,36,20,28,0,84,0,1,96,0,97,36,21,124,0,181,92,2,94,275
04/29/2021,SBA,CA,AWP,WE,Combined TRACON& Tower with Radar,35,31,40,0,106,0,0,137,0,137,35,31,177,0,243,146,0,146,389
04/30/2021,SBA,CA,AWP,WE,Combined TRACON& Tower with Radar,35,28,48,0,111,0,3,123,0,126,35,31,171,0,237,68,0,68,305
05/01/2021,SBA,CA,AWP,WE,Combined TRACON& Tower with Radar,33,20,51,0,104,0,0,127,0,127,33,20,178,0,231,158,0,158,389
05/02/2021,SBA,CA,AWP,WE,Combined TRACON& Tower with Radar,34,31,42,0,107,0,2,85,0,87,34,33,127,0,194,74,0,74,268
05/03/2021,SBA,CA,AWP,WE,Combined TRACON& Tower with Radar,35,35,42,1,113,0,2,94,2,98,35,37,136,3,211,50,10,60,271
05/04/2021,SBA,CA,AWP,WE,Combined TRACON& Tower with Radar,33,34,41,3,111,0,0,71,3,74,33,34,112,6,185,98,0,98,283
05/05/2021,SBA,CA,AWP,WE,Combined TRACON& Tower with Radar,32,33,64,0,129,0,0,21,0,21,32,33,85,0,150,24,0,24,174
05/06/2021,SBA,CA,AWP,WE,Combined TRACON& Tower with Radar,36,41,99,6,182,0,0,7,0,7,36,41,106,6,189,18,0,18,207
05/07/2021,SBA,CA,AWP,WE,Combined TRACON& Tower with Radar,36,35,61,4,136,0,1,58,0,59,36,36,119,4,195,106,0,106,301
05/08/2021,SBA,CA,AWP,WE,Combined TRACON& Tower with Radar,41,36,45,0,122,0,1,119,0,120,41,37,164,0,242,134,0,134,376
05/09/2021,SBA,CA,AWP,WE,Combined TRACON& Tower with Radar,39,41,50,0,130,0,0,29,4,33,39,41,79,4,163,96,0,96,259
05/10/2021,SBA,CA,AWP,WE,Combined TRACON& Tower with Radar,36,42,56,2,136,0,1,8,2,11,36,43,64,4,147,4,0,4,151
05/11/2021,SBA,CA,AWP,WE,Combined TRACON& Tower with Radar,34,33,55,10,132,0,0,32,1,33,34,33,87,11,165,44,6,50,215
05/12/2021,SBA,CA,AWP,WE,Combined TRACON& Tower with Radar,36,37,90,4,167,0,1,2,0,3,36,38,92,4,170,0,4,4,174
05/13/2021,SBA,CA,AWP,WE,Combined TRACON& Tower with Radar,38,42,98,2,180,0,0,1,0,1,38,42,99,2,181,4,2,6,187
05/14/2021,SBA,CA,AWP,WE,Combined TRACON& Tower with Radar,39,35,83,0,157,0,4,2,0,6,39,39,85,0,163,10,0,10,173
05/15/2021,SBA,CA,AWP,WE,Combined TRACON& Tower with Radar,39,29,41,0,109,0,1,43,7,51,39,30,84,7,160,266,0,266,426
05/16/2021,SBA,CA,AWP,WE,Combined TRACON& Tower with Radar,39,32,49,0,120,0,0,46,0,46,39,32,95,0,166,170,2,172,338
05/17/2021,SBA,CA,AWP,WE,Combined TRACON& Tower with Radar,37,24,66,0,127,0,0,41,0,41,37,24,107,0,168,88,0,88,256
05/18/2021,SBA,CA,AWP,WE,Combined TRACON& Tower with Radar,33,27,35,6,101,0,0,79,0,79,33,27,114,6,180,118,6,124,304
05/19/2021,SBA,CA,AWP,WE,Combined TRACON& Tower with Radar,35,42,42,3,122,0,4,89,0,93,35,46,131,3,215,74,0,74,289
05/20/2021,SBA,CA,AWP,WE,Combined TRACON& Tower with Radar,38,39,54,5,136,0,4,90,2,96,38,43,144,7,232,120,0,120,352
05/21/2021,SBA,CA,AWP,WE,Combined TRACON& Tower with Radar,39,33,34,4,110,0,1,62,1,64,39,34,96,5,174,26,8,34,208
05/22/2021,SBA,CA,AWP,WE,Combined TRACON& Tower with Radar,38,22,47,0,107,0,0,104,0,104,38,22,151,0,211,162,0,162,373
05/23/2021,SBA,CA,AWP,WE,Combined TRACON& Tower with Radar,39,34,38,0,111,0,7,122,0,129,39,41,160,0,240,150,2,152,392
05/24/2021,SBA,CA,AWP,WE,Combined TRACON& Tower with Radar,37,51,33,4,125,0,0,124,0,124,37,51,157,4,249,96,6,102,351
05/25/2021,SBA,CA,AWP,WE,Combined TRACON& Tower with Radar,33,35,30,4,102,0,1,98,0,99,33,36,128,4,201,104,0,104,305
05/26/2021,SBA,CA,AWP,WE,Combined TRACON& Tower with Radar,35,37,53,3,128,0,8,99,0,107,35,45,152,3,235,196,2,198,433
05/27/2021,SBA,CA,AWP,WE,Combined TRACON& Tower with Radar,37,45,69,2,153,0,1,60,1,62,37,46,129,3,215,140,0,140,355
05/28/2021,SBA,CA,AWP,WE,Combined TRACON& Tower with Radar,37,63,75,0,175,0,1,90,0,91,37,64,165,0,266,74,0,74,340
05/29/2021,SBA,CA,AWP,WE,Combined TRACON& Tower with Radar,38,33,44,0,115,0,0,51,2,53,38,33,95,2,168,122,0,122,290
05/30/2021,SBA,CA,AWP,WE,Combined TRACON& Tower with Radar,38,21,30,0,89,0,2,89,0,91,38,23,119,0,180,200,0,200,380
05/31/2021,SBA,CA,AWP,WE,Combined TRACON& Tower with Radar,36,54,63,0,153,0,2,67,1,70,36,56,130,1,223,56,0,56,279
06/01/2021,SBA,CA,AWP,WE,Combined TRACON& Tower with Radar,33,59,52,0,144,0,0,18,0,18,33,59,70,0,162,38,0,38,200
06/02/2021,SBA,CA,AWP,WE,Combined TRACON& Tower with Radar,35,50,58,2,145,0,3,37,0,40,35,53,95,2,185,50,0,50,235
06/03/2021,SBA,CA,AWP,WE,Combined TRACON& Tower with Radar,37,45,77,0,159,0,1,60,0,61,37,46,137,0,220,82,0,82,302
06/04/2021,SBA,CA,AWP,WE,Combined TRACON& Tower with Radar,36,48,54,0,138,0,3,45,0,48,36,51,99,0,186,10,0,10,196
06/05/2021,SBA,CA,AWP,WE,Combined TRACON& Tower with Radar,37,35,49,0,121,0,0,55,0,55,37,35,104,0,176,74,0,74,250
06/06/2021,SBA,CA,AWP,WE,Combined TRACON& Tower with Radar,35,47,57,0,139,0,0,54,0,54,35,47,111,0,193,116,0,116,309
06/07/2021,SBA,CA,AWP,WE,Combined TRACON& Tower with Radar,35,28,49,1,113,0,0,21,1,22,35,28,70,2,135,72,0,72,207
06/08/2021,SBA,CA,AWP,WE,Combined TRACON& Tower with Radar,35,43,46,0,124,0,0,77,0,77,35,43,123,0,201,130,0,130,331
06/09/2021,SBA,CA,AWP,WE,Combined TRACON& Tower with Radar,35,41,35,2,113,0,4,80,7,91,35,45,115,9,204,54,10,64,268
06/10/2021,SBA,CA,AWP,WE,Combined TRACON& Tower with Radar,33,37,35,0,105,0,2,90,0,92,33,39,125,0,197,114,0,114,311
06/11/2021,SBA,CA,AWP,WE,Combined TRACON& Tower with Radar,36,47,46,4,133,0,1,136,0,137,36,48,182,4,270,182,0,182,452
06/12/2021,SBA,CA,AWP,WE,Combined TRACON& Tower with Radar,38,31,34,1,104,0,6,115,2,123,38,37,149,3,227,82,0,82,309
06/13/2021,SBA,CA,AWP,WE,Combined TRACON& Tower with Radar,37,32,48,0,117,0,0,91,0,91,37,32,139,0,208,156,0,156,364
06/14/2021,SBA,CA,AWP,WE,Combined TRACON& Tower with Radar,36,39,44,0,119,0,1,89,2,92,36,40,133,2,211,126,0,126,337
06/15/2021,SBA,CA,AWP,WE,Combined TRACON& Tower with Radar,35,35,55,2,127,0,0,75,0,75,35,35,130,2,202,98,2,100,302
06/16/2021,SBA,CA,AWP,WE,Combined TRACON& Tower with Radar,33,34,53,4,124,0,3,100,0,103,33,37,153,4,227,120,0,120,347
06/17/2021,SBA,CA,AWP,WE,Combined TRACON& Tower with Radar,38,36,54,5,133,0,0,13,0,13,38,36,67,5,146,8,2,10,156
06/18/2021,SBA,CA,AWP,WE,Combined TRACON& Tower with Radar,38,48,105,0,191,0,0,15,0,15,38,48,120,0,206,6,0,6,212
06/19/2021,SBA,CA,AWP,WE,Combined TRACON& Tower with Radar,39,30,83,1,153,0,1,46,0,47,39,31,129,1,200,58,0,58,258
06/20/2021,SBA,CA,AWP,WE,Combined TRACON& Tower with Radar,38,33,66,0,137,0,0,23,0,23,38,33,89,0,160,4,0,4,164
06/21/2021,SBA,CA,AWP,WE,Combined TRACON& Tower with Radar,36,43,81,0,160,0,0,46,0,46,36,43,127,0,206,16,0,16,222
06/22/2021,SBA,CA,AWP,WE,Combined TRACON& Tower with Radar,35,34,45,0,114,0,0,71,0,71,35,34,116,0,185,50,0,50,235
06/23/2021,SBA,CA,AWP,WE,Combined TRACON& Tower with Radar,43,48,27,1,119,0,1,97,3,101,43,49,124,4,220,116,0,116,336
06/24/2021,SBA,CA,AWP,WE,Combined TRACON& Tower with Radar,36,33,45,2,116,0,1,79,2,82,36,34,124,4,198,80,0,80,278
06/25/2021,SBA,CA,AWP,WE,Combined TRACON& Tower with Radar,36,45,53,2,136,0,0,107,1,108,36,45,160,3,244,64,0,64,308
06/26/2021,SBA,CA,AWP,WE,Combined TRACON& Tower with Radar,38,36,43,2,119,0,4,124,0,128,38,40,167,2,247,150,0,150,397
06/27/2021,SBA,CA,AWP,WE,Combined TRACON& Tower with Radar,38,37,67,2,144,0,2,124,0,126,38,39,191,2,270,224,0,224,494
06/28/2021,SBA,CA,AWP,WE,Combined TRACON& Tower with Radar,36,45,46,0,127,0,0,62,0,62,36,45,108,0,189,64,0,64,253
06/29/2021,SBA,CA,AWP,WE,Combined TRACON& Tower with Radar,37,44,50,9,140,0,0,25,0,25,37,44,75,9,165,32,8,40,205
06/30/2021,SBA,CA,AWP,WE,Combined TRACON& Tower with Radar,37,35,51,2,125,0,0,31,0,31,37,35,82,2,156,46,0,46,202
07/01/2021,SBA,CA,AWP,WE,Combined TRACON& Tower with Radar,35,51,67,5,158,0,3,82,0,85,35,54,149,5,243,194,0,194,437
07/02/2021,SBA,CA,AWP,WE,Combined TRACON& Tower with Radar,39,38,73,0,150,0,0,85,0,85,39,38,158,0,235,98,0,98,333
07/03/2021,SBA,CA,AWP,WE,Combined TRACON& Tower with Radar,38,32,32,0,102,0,0,102,0,102,38,32,134,0,204,108,0,108,312
07/04/2021,SBA,CA,AWP,WE,Combined TRACON& Tower with Radar,37,19,35,0,91,0,1,48,0,49,37,20,83,0,140,22,0,22,162
07/05/2021,SBA,CA,AWP,WE,Combined TRACON& Tower with Radar,39,24,57,0,120,0,0,113,0,113,39,24,170,0,233,110,0,110,343
07/06/2021,SBA,CA,AWP,WE,Combined TRACON& Tower with Radar,39,52,73,2,166,0,0,51,1,52,39,52,124,3,218,76,2,78,296
07/07/2021,SBA,CA,AWP,WE,Combined TRACON& Tower with Radar,33,48,42,1,124,0,0,72,1,73,33,48,114,2,197,198,0,198,395
07/08/2021,SBA,CA,AWP,WE,Combined TRACON& Tower with Radar,39,46,46,3,134,0,2,105,4,111,39,48,151,7,245,188,0,188,433
07/09/2021,SBA,CA,AWP,WE,Combined TRACON& Tower with Radar,38,49,43,3,133,0,1,128,2,131,38,50,171,5,264,114,0,114,378
07/10/2021,SBA,CA,AWP,WE,Combined TRACON& Tower with Radar,41,33,27,2,103,0,0,99,0,99,41,33,126,2,202,100,0,100,302
07/11/2021,SBA,CA,AWP,WE,Combined TRACON& Tower with Radar,42,22,48,0,112,0,0,124,0,124,42,22,172,0,236,106,0,106,342
07/12/2021,SBA,CA,AWP,WE,Combined TRACON& Tower with Radar,39,45,36,2,122,0,0,76,4,80,39,45,112,6,202,58,0,58,260
07/13/2021,SBA,CA,AWP,WE,Combined TRACON& Tower with Radar,39,36,48,13,136,0,0,61,0,61,39,36,109,13,197,88,10,98,295
07/14/2021,SBA,CA,AWP,WE,Combined TRACON& Tower with Radar,34,38,41,0,113,0,0,65,0,65,34,38,106,0,178,74,0,74,252
07/15/2021,SBA,CA,AWP,WE,Combined TRACON& Tower with Radar,39,51,55,0,145,0,0,58,0,58,39,51,113,0,203,122,0,122,325
07/16/2021,SBA,CA,AWP,WE,Combined TRACON& Tower with Radar,39,46,61,9,155,0,0,80,1,81,39,46,141,10,236,152,0,152,388
07/17/2021,SBA,CA,AWP,WE,Combined TRACON& Tower with Radar,41,29,38,3,111,0,2,111,0,113,41,31,149,3,224,106,2,108,332
07/18/2021,SBA,CA,AWP,WE,Combined TRACON& Tower with Radar,41,43,39,0,123,0,0,83,0,83,41,43,122,0,206,114,0,114,320
07/19/2021,SBA,CA,AWP,WE,Combined TRACON& Tower with Radar,41,35,37,6,119,0,0,86,0,86,41,35,123,6,205,76,0,76,281
07/20/2021,SBA,CA,AWP,WE,Combined TRACON& Tower with Radar,37,38,42,4,121,0,2,103,0,105,37,40,145,4,226,88,0,88,314
07/21/2021,SBA,CA,AWP,WE,Combined TRACON& Tower with Radar,35,44,46,6,131,0,3,100,3,106,35,47,146,9,237,146,0,146,383
07/22/2021,SBA,CA,AWP,WE,Combined TRACON& Tower with Radar,38,37,52,10,137,0,4,124,7,135,38,41,176,17,272,150,8,158,430
07/23/2021,SBA,CA,AWP,WE,Combined TRACON& Tower with Radar,40,45,43,6,134,0,1,85,0,86,40,46,128,6,220,190,4,194,414
07/24/2021,SBA,CA,AWP,WE,Combined TRACON& Tower with Radar,41,33,87,1,162,0,0,19,0,19,41,33,106,1,181,8,0,8,189
07/25/2021,SBA,CA,AWP,WE,Combined TRACON& Tower with Radar,42,41,64,0,147,0,0,45,0,45,42,41,109,0,192,74,0,74,266
07/26/2021,SBA,CA,AWP,WE,Combined TRACON& Tower with Radar,39,46,67,1,153,0,1,54,1,56,39,47,121,2,209,124,0,124,333
07/27/2021,SBA,CA,AWP,WE,Combined TRACON& Tower with Radar,41,47,51,8,147,0,2,49,0,51,41,49,100,8,198,176,0,176,374
07/28/2021,SBA,CA,AWP,WE,Combined TRACON& Tower with Radar,35,48,33,5,121,0,0,71,0,71,35,48,104,5,192,219,0,219,411
07/29/2021,SBA,CA,AWP,WE,Combined TRACON& Tower with Radar,38,43,40,4,125,0,3,82,0,85,38,46,122,4,210,120,4,124,334
07/30/2021,SBA,CA,AWP,WE,Combined TRACON& Tower with Radar,39,43,49,10,141,0,0,85,0,85,39,43,134,10,226,108,12,120,346
07/31/2021,SBA,CA,AWP,WE,Combined TRACON& Tower with Radar,42,31,59,0,132,0,0,64,0,64,42,31,123,0,196,156,0,156,352
08/01/2021,SBA,CA,AWP,WE,Combined TRACON& Tower with Radar,35,59,48,0,142,0,0,120,1,121,35,59,168,1,263,46,0,46,309
08/02/2021,SBA,CA,AWP,WE,Combined TRACON& Tower with Radar,33,44,26,0,103,0,0,91,0,91,33,44,117,0,194,138,0,138,332
08/03/2021,SBA,CA,AWP,WE,Combined TRACON& Tower with Radar,35,44,31,11,121,0,0,99,5,104,35,44,130,16,225,150,16,166,391
08/04/2021,SBA,CA,AWP,WE,Combined TRACON& Tower with Radar,35,51,44,8,138,0,1,89,0,90,35,52,133,8,228,188,8,196,424
08/05/2021,SBA,CA,AWP,WE,Combined TRACON& Tower with Radar,39,45,49,2,135,0,1,98,0,99,39,46,147,2,234,178,0,178,412
08/06/2021,SBA,CA,AWP,WE,Combined TRACON& Tower with Radar,31,54,47,1,133,0,0,88,7,95,31,54,135,8,228,238,54,292,520
08/07/2021,SBA,CA,AWP,WE,Combined TRACON& Tower with Radar,38,35,78,0,151,0,0,58,1,59,38,35,136,1,210,54,0,54,264
08/08/2021,SBA,CA,AWP,WE,Combined TRACON& Tower with Radar,35,52,74,0,161,0,0,43,0,43,35,52,117,0,204,34,0,34,238
08/09/2021,SBA,CA,AWP,WE,Combined TRACON& Tower with Radar,34,45,51,3,133,0,0,58,3,61,34,45,109,6,194,86,2,88,282
08/10/2021,SBA,CA,AWP,WE,Combined TRACON& Tower with Radar,35,42,49,2,128,0,0,63,0,63,35,42,112,2,191,0,0,0,191
08/11/2021,SBA,CA,AWP,WE,Combined TRACON& Tower with Radar,33,51,50,1,135,0,2,90,1,93,33,53,140,2,228,196,20,216,444
08/12/2021,SBA,CA,AWP,WE,Combined TRACON& Tower with Radar,37,61,38,2,138,0,0,114,1,115,37,61,152,3,253,206,2,208,461
08/13/2021,SBA,CA,AWP,WE,Combined TRACON& Tower with Radar,36,43,48,0,127,0,3,114,4,121,36,46,162,4,248,80,0,80,328
08/14/2021,SBA,CA,AWP,WE,Combined TRACON& Tower with Radar,37,39,47,0,123,0,0,76,0,76,37,39,123,0,199,142,0,142,341
08/15/2021,SBA,CA,AWP,WE,Combined TRACON& Tower with Radar,39,48,71,0,158,0,0,119,4,123,39,48,190,4,281,138,0,138,419
08/16/2021,SBA,CA,AWP,WE,Combined TRACON& Tower with Radar,34,45,45,7,131,0,0,80,0,80,34,45,125,7,211,0,0,0,211
08/17/2021,SBA,CA,AWP,WE,Combined TRACON& Tower with Radar,31,41,63,3,138,0,0,44,0,44,31,41,107,3,182,86,0,86,268
08/18/2021,SBA,CA,AWP,WE,Combined TRACON& Tower with Radar,32,55,94,0,181,0,0,3,0,3,32,55,97,0,184,66,0,66,250
08/19/2021,SBA,CA,AWP,WE,Combined TRACON& Tower with Radar,36,38,39,8,121,0,0,54,1,55,36,38,93,9,176,130,4,134,310
08/20/2021,SBA,CA,AWP,WE,Combined TRACON& Tower with Radar,35,71,70,2,178,0,1,65,0,66,35,72,135,2,244,96,0,96,340
08/21/2021,SBA,CA,AWP,WE,Combined TRACON& Tower with Radar,35,41,50,0,126,0,3,20,2,25,35,44,70,2,151,84,0,84,235
08/22/2021,SBA,CA,AWP,WE,Combined TRACON& Tower with Radar,37,33,64,5,139,0,1,67,0,68,37,34,131,5,207,84,6,90,297
08/23/2021,SBA,CA,AWP,WE,Combined TRACON& Tower with Radar,35,43,60,4,142,0,2,53,0,55,35,45,113,4,197,84,4,88,285
08/24/2021,SBA,CA,AWP,WE,Combined TRACON& Tower with Radar,32,43,68,7,150,0,0,64,3,67,32,43,132,10,217,128,4,132,349
08/25/2021,SBA,CA,AWP,WE,Combined TRACON& Tower with Radar,33,46,35,6,120,0,0,94,0,94,33,46,129,6,214,70,4,74,288
08/26/2021,SBA,CA,AWP,WE,Combined TRACON& Tower with Radar,33,57,39,4,133,0,2,105,0,107,33,59,144,4,240,172,0,172,412
08/27/2021,SBA,CA,AWP,WE,Combined TRACON& Tower with Radar,36,55,53,0,144,0,3,110,2,115,36,58,163,2,259,78,2,80,339
08/28/2021,SBA,CA,AWP,WE,Combined TRACON& Tower with Radar,37,49,47,0,133,0,0,73,0,73,37,49,120,0,206,30,0,30,236
08/29/2021,SBA,CA,AWP,WE,Combined TRACON& Tower with Radar,36,55,80,0,171,0,0,89,0,89,36,55,169,0,260,22,0,22,282
08/30/2021,SBA,CA,AWP,WE,Combined TRACON& Tower with Radar,35,43,66,0,144,0,0,44,0,44,35,43,110,0,188,16,0,16,204
08/31/2021,SBA,CA,AWP,WE,Combined TRACON& Tower with Radar,33,34,48,4,119,0,0,31,2,33,33,34,79,6,152,86,4,90,242
09/01/2021,SBA,CA,AWP,WE,Combined TRACON& Tower with Radar,33,32,60,6,131,0,1,42,0,43,33,33,102,6,174,90,4,94,268
09/02/2021,SBA,CA,AWP,WE,Combined TRACON& Tower with Radar,35,39,64,1,139,0,1,80,1,82,35,40,144,2,221,102,0,102,323
09/03/2021,SBA,CA,AWP,WE,Combined TRACON& Tower with Radar,34,43,50,0,127,0,1,109,0,110,34,44,159,0,237,132,0,132,369
09/04/2021,SBA,CA,AWP,WE,Combined TRACON& Tower with Radar,37,33,49,0,119,0,1,73,0,74,37,34,122,0,193,58,0,58,251
09/05/2021,SBA,CA,AWP,WE,Combined TRACON& Tower with Radar,39,32,42,0,113,0,0,81,0,81,39,32,123,0,194,60,0,60,254
09/06/2021,SBA,CA,AWP,WE,Combined TRACON& Tower with Radar,35,49,62,1,147,0,1,87,0,88,35,50,149,1,235,150,0,150,385
09/07/2021,SBA,CA,AWP,WE,Combined TRACON& Tower with Radar,34,45,39,5,123,0,2,79,0,81,34,47,118,5,204,162,0,162,366
09/08/2021,SBA,CA,AWP,WE,Combined TRACON& Tower with Radar,36,44,50,9,139,0,1,21,0,22,36,45,71,9,161,22,6,28,189
09/09/2021,SBA,CA,AWP,WE,Combined TRACON& Tower with Radar,39,44,50,3,136,0,1,94,4,99,39,45,144,7,235,102,0,102,337
09/10/2021,SBA,CA,AWP,WE,Combined TRACON& Tower with Radar,38,36,46,1,121,0,3,92,0,95,38,39,138,1,216,134,0,134,350
09/11/2021,SBA,CA,AWP,WE,Combined TRACON& Tower with Radar,36,33,37,0,106,0,6,127,0,133,36,39,164,0,239,212,0,212,451
09/12/2021,SBA,CA,AWP,WE,Combined TRACON& Tower with Radar,40,38,58,0,136,0,0,104,2,106,40,38,162,2,242,106,0,106,348
09/13/2021,SBA,CA,AWP,WE,Combined TRACON& Tower with Radar,37,33,56,0,126,0,0,47,0,47,37,33,103,0,173,28,0,28,201
09/14/2021,SBA,CA,AWP,WE,Combined TRACON& Tower with Radar,37,38,41,4,120,0,2,53,0,55,37,40,94,4,175,60,6,66,241
09/15/2021,SBA,CA,AWP,WE,Combined TRACON& Tower with Radar,37,65,51,16,169,0,2,76,0,78,37,67,127,16,247,110,10,120,367
09/16/2021,SBA,CA,AWP,WE,Combined TRACON& Tower with Radar,39,47,56,2,144,0,0,63,0,63,39,47,119,2,207,122,0,122,329
09/17/2021,SBA,CA,AWP,WE,Combined TRACON& Tower with Radar,39,32,78,0,149,0,0,74,0,74,39,32,152,0,223,102,0,102,325
09/18/2021,SBA,CA,AWP,WE,Combined TRACON& Tower with Radar,35,33,35,0,103,0,1,87,0,88,35,34,122,0,191,138,0,138,329
09/19/2021,SBA,CA,AWP,WE,Combined TRACON& Tower with Radar,39,33,68,0,140,0,0,126,0,126,39,33,194,0,266,154,0,154,420
09/20/2021,SBA,CA,AWP,WE,Combined TRACON& Tower with Radar,37,29,31,0,97,0,1,80,0,81,37,30,111,0,178,114,2,116,294
09/21/2021,SBA,CA,AWP,WE,Combined TRACON& Tower with Radar,37,36,44,9,126,0,0,65,0,65,37,36,109,9,191,110,2,112,303
09/22/2021,SBA,CA,AWP,WE,Combined TRACON& Tower with Radar,36,48,47,0,131,0,2,86,0,88,36,50,133,0,219,158,0,158,377
09/23/2021,SBA,CA,AWP,WE,Combined TRACON& Tower with Radar,40,46,64,0,150,0,1,71,0,72,40,47,135,0,222,72,0,72,294
09/24/2021,SBA,CA,AWP,WE,Combined TRACON& Tower with Radar,39,45,95,7,186,0,0,6,0,6,39,45,101,7,192,12,4,16,208
09/25/2021,SBA,CA,AWP,WE,Combined TRACON& Tower with Radar,35,31,48,0,114,0,0,39,0,39,35,31,87,0,153,58,0,58,211
09/26/2021,SBA,CA,AWP,WE,Combined TRACON& Tower with Radar,38,51,98,0,187,0,1,4,0,5,38,52,102,0,192,65,0,65,257
09/27/2021,SBA,CA,AWP,WE,Combined TRACON& Tower with Radar,39,36,56,7,138,0,0,13,1,14,39,36,69,8,152,68,0,68,220
09/28/2021,SBA,CA,AWP,WE,Combined TRACON& Tower with Radar,36,46,44,15,141,0,1,38,2,41,36,47,82,17,182,96,4,100,282
09/29/2021,SBA,CA,AWP,WE,Combined TRACON& Tower with Radar,36,42,36,4,118,0,0,106,0,106,36,42,142,4,224,142,0,142,366
09/30/2021,SBA,CA,AWP,WE,Combined TRACON& Tower with Radar,38,48,32,4,122,0,2,97,0,99,38,50,129,4,221,132,0,132,353
10/01/2021,SBA,CA,AWP,WE,Combined TRACON& Tower with Radar,36,52,47,0,135,0,2,117,0,119,36,54,164,0,254,96,4,100,354
10/02/2021,SBA,CA,AWP,WE,Combined TRACON& Tower with Radar,33,32,28,0,93,0,1,104,0,105,33,33,132,0,198,132,0,132,330
10/03/2021,SBA,CA,AWP,WE,Combined TRACON& Tower with Radar,37,41,50,0,128,0,0,128,0,128,37,41,178,0,256,78,0,78,334
10/04/2021,SBA,CA,AWP,WE,Combined TRACON& Tower with Radar,38,39,29,5,111,0,0,64,0,64,38,39,93,5,175,20,0,20,195
10/05/2021,SBA,CA,AWP,WE,Combined TRACON& Tower with Radar,34,41,26,7,108,0,2,91,2,95,34,43,117,9,203,104,4,108,311
10/06/2021,SBA,CA,AWP,WE,Combined TRACON& Tower with Radar,33,35,75,5,148,0,1,42,1,44,33,36,117,6,192,96,0,96,288
10/07/2021,SBA,CA,AWP,WE,Combined TRACON& Tower with Radar,31,54,81,2,168,0,1,1,0,2,31,55,82,2,170,16,0,16,186
10/08/2021,SBA,CA,AWP,WE,Combined TRACON& Tower with Radar,34,56,73,3,166,0,3,64,1,68,34,59,137,4,234,54,2,56,290
10/09/2021,SBA,CA,AWP,WE,Combined TRACON& Tower with Radar,26,32,37,0,95,0,3,110,0,113,26,35,147,0,208,58,0,58,266
10/10/2021,SBA,CA,AWP,WE,Combined TRACON& Tower with Radar,27,29,66,0,122,0,0,111,0,111,27,29,177,0,233,44,0,44,277
10/11/2021,SBA,CA,AWP,WE,Combined TRACON& Tower with Radar,28,41,32,0,101,0,1,46,0,47,28,42,78,0,148,26,2,28,176
10/12/2021,SBA,CA,AWP,WE,Combined TRACON& Tower with Radar,28,46,26,0,100,0,0,67,0,67,28,46,93,0,167,134,0,134,301
10/13/2021,SBA,CA,AWP,WE,Combined TRACON& Tower with Radar,27,34,43,0,104,0,0,69,1,70,27,34,112,1,174,42,0,42,216
10/14/2021,SBA,CA,AWP,WE,Combined TRACON& Tower with Radar,31,49,47,2,129,0,14,68,0,82,31,63,115,2,211,174,0,174,385
10/15/2021,SBA,CA,AWP,WE,Combined TRACON& Tower with Radar,33,45,38,2,118,0,10,91,2,103,33,55,129,4,221,198,16,214,435
10/16/2021,SBA,CA,AWP,WE,Combined TRACON& Tower with Radar,28,47,47,0,122,0,3,97,8,108,28,50,144,8,230,154,22,176,406
10/17/2021,SBA,CA,AWP,WE,Combined TRACON& Tower with Radar,31,68,52,0,151,0,2,101,1,104,31,70,153,1,255,66,0,66,321
10/18/2021,SBA,CA,AWP,WE,Combined TRACON& Tower with Radar,32,38,44,2,116,0,0,36,1,37,32,38,80,3,153,68,0,68,221
10/19/2021,SBA,CA,AWP,WE,Combined TRACON& Tower with Radar,29,43,43,5,120,0,0,74,3,77,29,43,117,8,197,166,4,170,367
10/20/2021,SBA,CA,AWP,WE,Combined TRACON& Tower with Radar,27,32,44,0,103,0,0,97,2,99,27,32,141,2,202,134,0,134,336
10/21/2021,SBA,CA,AWP,WE,Combined TRACON& Tower with Radar,30,53,49,2,134,0,0,71,0,71,30,53,120,2,205,154,0,154,359
10/22/2021,SBA,CA,AWP,WE,Combined TRACON& Tower with Radar,25,34,80,4,143,0,0,29,0,29,25,34,109,4,172,14,0,14,186
10/23/2021,SBA,CA,AWP,WE,Combined TRACON& Tower with Radar,28,35,42,1,106,0,0,65,0,65,28,35,107,1,171,194,0,194,365
10/24/2021,SBA,CA,AWP,WE,Combined TRACON& Tower with Radar,33,43,60,1,137,0,0,51,0,51,33,43,111,1,188,72,0,72,260
10/25/2021,SBA,CA,AWP,WE,Combined TRACON& Tower with Radar,31,32,35,0,98,0,1,7,0,8,31,33,42,0,106,20,0,20,126
10/26/2021,SBA,CA,AWP,WE,Combined TRACON& Tower with Radar,28,41,46,6,121,0,7,100,2,109,28,48,146,8,230,70,2,72,302
10/27/2021,SBA,CA,AWP,WE,Combined TRACON& Tower with Radar,28,50,60,3,141,0,6,99,2,107,28,56,159,5,248,74,2,76,324
10/28/2021,SBA,CA,AWP,WE,Combined TRACON& Tower with Radar,29,54,31,3,117,0,7,80,4,91,29,61,111,7,208,70,10,80,288
10/29/2021,SBA,CA,AWP,WE,Combined TRACON& Tower with Radar,37,50,56,3,146,0,3,122,2,127,37,53,178,5,273,156,0,156,429
10/30/2021,SBA,CA,AWP,WE,Combined TRACON& Tower with Radar,27,31,81,0,139,0,0,0,0,0,27,31,81,0,139,0,0,0,139
10/31/2021,SBA,CA,AWP,WE,Combined TRACON& Tower with Radar,32,37,63,0,132,0,0,10,0,10,32,37,73,0,142,8,0,8,150
11/01/2021,SBA,CA,AWP,WE,Combined TRACON& Tower with Radar,32,42,55,10,139,0,3,49,1,53,32,45,104,11,192,34,4,38,230
11/02/2021,SBA,CA,AWP,WE,Combined TRACON& Tower with Radar,31,30,39,5,105,0,1,56,0,57,31,31,95,5,162,68,4,72,234
11/03/2021,SBA,CA,AWP,WE,Combined TRACON& Tower with Radar,33,55,52,7,147,0,1,52,2,55,33,56,104,9,202,20,0,20,222
11/04/2021,SBA,CA,AWP,WE,Combined TRACON& Tower with Radar,32,49,39,0,120,0,0,15,0,15,32,49,54,0,135,18,0,18,153
11/05/2021,SBA,CA,AWP,WE,Combined TRACON& Tower with Radar,47,37,64,4,152,0,0,18,0,18,47,37,82,4,170,6,0,6,176
11/06/2021,SBA,CA,AWP,WE,Combined TRACON& Tower with Radar,35,28,42,1,106,0,0,11,0,11,35,28,53,1,117,16,0,16,133
11/07/2021,SBA,CA,AWP,WE,Combined TRACON& Tower with Radar,35,44,59,0,138,0,1,52,0,53,35,45,111,0,191,54,0,54,245
11/08/2021,SBA,CA,AWP,WE,Combined TRACON& Tower with Radar,34,30,47,2,113,0,0,40,0,40,34,30,87,2,153,64,0,64,217
11/09/2021,SBA,CA,AWP,WE,Combined TRACON& Tower with Radar,33,40,52,8,133,0,0,25,0,25,33,40,77,8,158,64,8,72,230
11/10/2021,SBA,CA,AWP,WE,Combined TRACON& Tower with Radar,34,36,44,5,119,0,5,92,4,101,34,41,136,9,220,120,10,130,350
11/11/2021,SBA,CA,AWP,WE,Combined TRACON& Tower with Radar,35,46,45,0,126,0,2,116,0,118,35,48,161,0,244,318,0,318,562
11/12/2021,SBA,CA,AWP,WE,Combined TRACON& Tower with Radar,37,43,56,0,136,0,0,120,0,120,37,43,176,0,256,276,0,276,532
11/13/2021,SBA,CA,AWP,WE,Combined TRACON& Tower with Radar,31,30,25,0,86,0,0,121,0,121,31,30,146,0,207,194,0,194,401
11/14/2021,SBA,CA,AWP,WE,Combined TRACON& Tower with Radar,36,47,71,0,154,0,1,140,0,141,36,48,211,0,295,66,0,66,361
11/15/2021,SBA,CA,AWP,WE,Combined TRACON& Tower with Radar,38,20,64,2,124,0,0,41,1,42,38,20,105,3,166,80,4,84,250
11/16/2021,SBA,CA,AWP,WE,Combined TRACON& Tower with Radar,34,41,58,4,137,0,1,57,0,58,34,42,115,4,195,116,2,118,313
11/17/2021,SBA,CA,AWP,WE,Combined TRACON& Tower with Radar,36,46,53,11,146,0,2,55,2,59,36,48,108,13,205,84,8,92,297
11/18/2021,SBA,CA,AWP,WE,Combined TRACON& Tower with Radar,36,42,49,4,131,0,0,55,0,55,36,42,104,4,186,80,0,80,266
11/19/2021,SBA,CA,AWP,WE,Combined TRACON& Tower with Radar,38,47,57,0,142,0,1,67,4,72,38,48,124,4,214,214,0,214,428
11/20/2021,SBA,CA,AWP,WE,Combined TRACON& Tower with Radar,35,37,58,4,134,0,0,53,0,53,35,37,111,4,187,108,0,108,295
11/21/2021,SBA,CA,AWP,WE,Combined TRACON& Tower with Radar,37,40,45,2,124,0,2,108,0,110,37,42,153,2,234,96,0,96,330
11/22/2021,SBA,CA,AWP,WE,Combined TRACON& Tower with Radar,37,31,46,5,119,0,0,91,3,94,37,31,137,8,213,192,0,192,405
11/23/2021,SBA,CA,AWP,WE,Combined TRACON& Tower with Radar,35,42,37,5,119,0,1,100,0,101,35,43,137,5,220,150,0,150,370
11/24/2021,SBA,CA,AWP,WE,Combined TRACON& Tower with Radar,40,47,59,0,146,0,4,113,0,117,40,51,172,0,263,240,2,242,505
11/25/2021,SBA,CA,AWP,WE,Combined TRACON& Tower with Radar,23,17,10,0,50,0,0,24,0,24,23,17,34,0,74,8,0,8,82
11/26/2021,SBA,CA,AWP,WE,Combined TRACON& Tower with Radar,33,35,30,0,98,0,0,111,0,111,33,35,141,0,209,168,0,168,377
11/27/2021,SBA,CA,AWP,WE,Combined TRACON& Tower with Radar,37,28,51,0,116,0,0,98,0,98,37,28,149,0,214,170,0,170,384
11/28/2021,SBA,CA,AWP,WE,Combined TRACON& Tower with Radar,39,37,83,0,159,0,2,120,0,122,39,39,203,0,281,80,0,80,361
11/29/2021,SBA,CA,AWP,WE,Combined TRACON& Tower with Radar,39,45,36,4,124,0,2,89,0,91,39,47,125,4,215,82,4,86,301
11/30/2021,SBA,CA,AWP,WE,Combined TRACON& Tower with Radar,37,40,49,1,127,0,1,28,0,29,37,41,77,1,156,48,0,48,204
12/01/2021,SBA,CA,AWP,WE,Combined TRACON& Tower with Radar,30,29,43,3,105,0,0,15,1,16,30,29,58,4,121,14,0,14,135
12/02/2021,SBA,CA,AWP,WE,Combined TRACON& Tower with Radar,38,31,96,2,167,0,0,5,0,5,38,31,101,2,172,0,0,0,172
12/03/2021,SBA,CA,AWP,WE,Combined TRACON& Tower with Radar,35,31,75,0,141,0,1,23,1,25,35,32,98,1,166,74,0,74,240
12/04/2021,SBA,CA,AWP,WE,Combined TRACON& Tower with Radar,28,25,52,0,105,0,0,40,0,40,28,25,92,0,145,100,0,100,245
12/05/2021,SBA,CA,AWP,WE,Combined TRACON& Tower with Radar,35,33,35,0,103,0,0,95,0,95,35,33,130,0,198,102,0,102,300
12/06/2021,SBA,CA,AWP,WE,Combined TRACON& Tower with Radar,35,28,76,2,141,0,0,18,0,18,35,28,94,2,159,34,0,34,193
12/07/2021,SBA,CA,AWP,WE,Combined TRACON& Tower with Radar,32,21,48,0,101,0,0,20,4,24,32,21,68,4,125,168,0,168,293
12/08/2021,SBA,CA,AWP,WE,Combined TRACON& Tower with Radar,31,33,39,2,105,0,2,73,5,80,31,35,112,7,185,178,0,178,363
12/09/2021,SBA,CA,AWP,WE,Combined TRACON& Tower with Radar,36,46,38,7,127,0,2,22,0,24,36,48,60,7,151,124,6,130,281
12/10/2021,SBA,CA,AWP,WE,Combined TRACON& Tower with Radar,32,31,50,2,115,0,0,115,2,117,32,31,165,4,232,156,0,156,388
12/11/2021,SBA,CA,AWP,WE,Combined TRACON& Tower with Radar,29,30,16,4,79,0,0,105,3,108,29,30,121,7,187,220,0,220,407
12/12/2021,SBA,CA,AWP,WE,Combined TRACON& Tower with Radar,33,36,36,7,112,0,1,97,1,99,33,37,133,8,211,110,0,110,321
12/13/2021,SBA,CA,AWP,WE,Combined TRACON& Tower with Radar,35,29,45,0,109,0,0,5,0,5,35,29,50,0,114,96,0,96,210
12/14/2021,SBA,CA,AWP,WE,Combined TRACON& Tower with Radar,31,27,30,0,88,0,0,5,0,5,31,27,35,0,93,46,0,46,139
12/15/2021,SBA,CA,AWP,WE,Combined TRACON& Tower with Radar,34,37,57,15,143,0,3,93,1,97,34,40,150,16,240,128,12,140,380
12/16/2021,SBA,CA,AWP,WE,Combined TRACON& Tower with Radar,28,49,49,4,130,0,0,4,0,4,28,49,53,4,134,12,0,12,146
12/17/2021,SBA,CA,AWP,WE,Combined TRACON& Tower with Radar,30,34,54,2,120,0,2,94,0,96,30,36,148,2,216,236,0,236,452
12/18/2021,SBA,CA,AWP,WE,Combined TRACON& Tower with Radar,29,26,58,0,113,0,0,107,0,107,29,26,165,0,220,180,0,180,400
12/19/2021,SBA,CA,AWP,WE,Combined TRACON& Tower with Radar,31,36,52,0,119,0,1,122,0,123,31,37,174,0,242,134,0,134,376
12/20/2021,SBA,CA,AWP,WE,Combined TRACON& Tower with Radar,33,27,46,6,112,0,0,65,1,66,33,27,111,7,178,120,2,122,300
12/21/2021,SBA,CA,AWP,WE,Combined TRACON& Tower with Radar,29,35,30,0,94,0,1,91,0,92,29,36,121,0,186,134,2,136,322
12/22/2021,SBA,CA,AWP,WE,Combined TRACON& Tower with Radar,28,36,55,6,125,0,0,35,0,35,28,36,90,6,160,172,6,178,338
12/23/2021,SBA,CA,AWP,WE,Combined TRACON& Tower with Radar,30,41,30,0,101,0,0,0,0,0,30,41,30,0,101,0,0,0,101
12/24/2021,SBA,CA,AWP,WE,Combined TRACON& Tower with Radar,28,12,38,0,78,0,0,14,0,14,28,12,52,0,92,114,0,114,206
12/25/2021,SBA,CA,AWP,WE,Combined TRACON& Tower with Radar,21,13,13,0,47,0,0,5,0,5,21,13,18,0,52,0,0,0,52
12/26/2021,SBA,CA,AWP,WE,Combined TRACON& Tower with Radar,32,31,39,0,102,0,0,74,0,74,32,31,113,0,176,90,0,90,266
12/27/2021,SBA,CA,AWP,WE,Combined TRACON& Tower with Radar,33,34,25,0,92,0,2,1,0,3,33,36,26,0,95,2,0,2,97
12/28/2021,SBA,CA,AWP,WE,Combined TRACON& Tower with Radar,30,50,65,0,145,0,4,48,0,52,30,54,113,0,197,66,0,66,263
12/29/2021,SBA,CA,AWP,WE,Combined TRACON& Tower with Radar,28,34,24,0,86,0,0,0,0,0,28,34,24,0,86,4,0,4,90
12/30/2021,SBA,CA,AWP,WE,Combined TRACON& Tower with Radar,30,41,34,0,105,0,0,12,0,12,30,41,46,0,117,120,0,120,237
12/31/2021,SBA,CA,AWP,WE,Combined TRACON& Tower with Radar,32,36,26,0,94,0,0,69,0,69,32,36,95,0,163,106,0,106,269
01/01/2022,SBA,CA,AWP,WE,Combined TRACON& Tower with Radar,23,28,21,0,72,0,0,83,0,83,23,28,104,0,155,6,0,6,161
01/02/2022,SBA,CA,AWP,WE,Combined TRACON& Tower with Radar,29,27,66,0,122,0,0,104,0,104,29,27,170,0,226,134,0,134,360
01/03/2022,SBA,CA,AWP,WE,Combined TRACON& Tower with Radar,31,33,46,0,110,0,1,77,0,78,31,34,123,0,188,116,0,116,304
01/04/2022,SBA,CA,AWP,WE,Combined TRACON& Tower with Radar,32,41,42,2,117,0,4,83,0,87,32,45,125,2,204,138,0,138,342
01/05/2022,SBA,CA,AWP,WE,Combined TRACON& Tower with Radar,28,25,29,1,83,0,1,48,1,50,28,26,77,2,133,164,0,164,297
01/06/2022,SBA,CA,AWP,WE,Combined TRACON& Tower with Radar,34,30,36,4,104,0,1,99,0,100,34,31,135,4,204,104,4,108,312
01/07/2022,SBA,CA,AWP,WE,Combined TRACON& Tower with Radar,34,36,46,0,116,0,0,21,0,21,34,36,67,0,137,108,0,108,245
01/08/2022,SBA,CA,AWP,WE,Combined TRACON& Tower with Radar,26,16,32,0,74,0,0,70,1,71,26,16,102,1,145,102,0,102,247
01/09/2022,SBA,CA,AWP,WE,Combined TRACON& Tower with Radar,31,28,39,2,100,0,0,111,0,111,31,28,150,2,211,248,0,248,459
01/10/2022,SBA,CA,AWP,WE,Combined TRACON& Tower with Radar,36,25,21,0,82,0,1,61,0,62,36,26,82,0,144,108,0,108,252
01/11/2022,SBA,CA,AWP,WE,Combined TRACON& Tower with Radar,30,24,35,2,91,0,2,96,0,98,30,26,131,2,189,170,0,170,359
01/12/2022,SBA,CA,AWP,WE,Combined TRACON& Tower with Radar,26,28,37,7,98,0,1,82,1,84,26,29,119,8,182,96,2,98,280
01/13/2022,SBA,CA,AWP,WE,Combined TRACON& Tower with Radar,33,44,46,2,125,0,1,102,3,106,33,45,148,5,231,152,2,154,385
01/14/2022,SBA,CA,AWP,WE,Combined TRACON& Tower with Radar,31,28,56,1,116,0,2,88,3,93,31,30,144,4,209,178,0,178,387
01/15/2022,SBA,CA,AWP,WE,Combined TRACON& Tower with Radar,26,23,44,1,94,0,2,67,0,69,26,25,111,1,163,128,0,128,291
01/16/2022,SBA,CA,AWP,WE,Combined TRACON& Tower with Radar,35,12,41,2,90,0,0,116,0,116,35,12,157,2,206,122,0,122,328
01/17/2022,SBA,CA,AWP,WE,Combined TRACON& Tower with Radar,36,32,67,0,135,0,0,34,0,34,36,32,101,0,169,86,0,86,255
01/18/2022,SBA,CA,AWP,WE,Combined TRACON& Tower with Radar,30,30,37,0,97,0,0,49,0,49,30,30,86,0,146,170,0,170,316
01/19/2022,SBA,CA,AWP,WE,Combined TRACON& Tower with Radar,29,37,51,10,127,0,1,28,0,29,29,38,79,10,156,150,6,156,312
01/20/2022,SBA,CA,AWP,WE,Combined TRACON& Tower with Radar,36,31,34,6,107,0,3,106,0,109,36,34,140,6,216,208,4,212,428
01/21/2022,SBA,CA,AWP,WE,Combined TRACON& Tower with Radar,33,29,38,0,100,0,1,76,1,78,33,30,114,1,178,192,0,192,370
01/22/2022,SBA,CA,AWP,WE,Combined TRACON& Tower with Radar,27,17,17,0,61,0,1,89,0,90,27,18,106,0,151,100,0,100,251
01/23/2022,SBA,CA,AWP,WE,Combined TRACON& Tower with Radar,33,37,40,0,110,0,0,120,0,120,33,37,160,0,230,122,0,122,352
01/24/2022,SBA,CA,AWP,WE,Combined TRACON& Tower with Radar,33,22,37,2,94,0,0,115,0,115,33,22,152,2,209,172,0,172,381
01/25/2022,SBA,CA,AWP,WE,Combined TRACON& Tower with Radar,28,35,36,2,101,0,0,102,0,102,28,35,138,2,203,222,0,222,425
01/26/2022,SBA,CA,AWP,WE,Combined TRACON& Tower with Radar,33,34,38,8,113,0,0,79,0,79,33,34,117,8,192,184,0,184,376
01/27/2022,SBA,CA,AWP,WE,Combined TRACON& Tower with Radar,35,28,37,3,103,0,2,100,1,103,35,30,137,4,206,162,0,162,368
01/28/2022,SBA,CA,AWP,WE,Combined TRACON& Tower with Radar,34,42,42,2,120,0,4,84,2,90,34,46,126,4,210,62,0,62,272
01/29/2022,SBA,CA,AWP,WE,Combined TRACON& Tower with Radar,25,28,42,1,96,0,0,108,1,109,25,28,150,2,205,136,0,136,341
01/30/2022,SBA,CA,AWP,WE,Combined TRACON& Tower with Radar,34,41,50,1,126,0,0,131,0,131,34,41,181,1,257,64,0,64,321
01/31/2022,SBA,CA,AWP,WE,Combined TRACON& Tower with Radar,37,36,31,1,105,0,2,74,0,76,37,38,105,1,181,86,2,88,269
02/01/2022,SBA,CA,AWP,WE,Combined TRACON& Tower with Radar,31,28,31,5,95,0,0,72,1,73,31,28,103,6,168,134,0,134,302
02/02/2022,SBA,CA,AWP,WE,Combined TRACON& Tower with Radar,29,26,18,0,73,0,1,57,4,62,29,27,75,4,135,274,0,274,409
02/03/2022,SBA,CA,AWP,WE,Combined TRACON& Tower with Radar,30,29,25,1,85,0,0,85,4,89,30,29,110,5,174,136,0,136,310
02/04/2022,SBA,CA,AWP,WE,Combined TRACON& Tower with Radar,34,25,42,0,101,0,0,82,0,82,34,25,124,0,183,114,0,114,297
02/05/2022,SBA,CA,AWP,WE,Combined TRACON& Tower with Radar,28,24,34,3,89,0,2,101,1,104,28,26,135,4,193,137,0,137,330
02/06/2022,SBA,CA,AWP,WE,Combined TRACON& Tower with Radar,36,30,50,0,116,0,0,96,1,97,36,30,146,1,213,140,0,140,353
02/07/2022,SBA,CA,AWP,WE,Combined TRACON& Tower with Radar,39,34,36,6,115,0,5,92,0,97,39,39,128,6,212,132,0,132,344
02/08/2022,SBA,CA,AWP,WE,Combined TRACON& Tower with Radar,32,28,31,1,92,0,5,116,6,127,32,33,147,7,219,164,0,164,383
02/09/2022,SBA,CA,AWP,WE,Combined TRACON& Tower with Radar,34,42,34,0,110,0,2,100,0,102,34,44,134,0,212,228,0,228,440
02/10/2022,SBA,CA,AWP,WE,Combined TRACON& Tower with Radar,38,54,30,0,122,0,0,82,0,82,38,54,112,0,204,220,0,220,424
02/11/2022,SBA,CA,AWP,WE,Combined TRACON& Tower with Radar,34,44,40,0,118,0,1,123,1,125,34,45,163,1,243,210,0,210,453
02/12/2022,SBA,CA,AWP,WE,Combined TRACON& Tower with Radar,26,34,47,0,107,0,1,95,2,98,26,35,142,2,205,176,0,176,381
02/13/2022,SBA,CA,AWP,WE,Combined TRACON& Tower with Radar,32,42,35,0,109,0,0,75,1,76,32,42,110,1,185,152,0,152,337
02/14/2022,SBA,CA,AWP,WE,Combined TRACON& Tower with Radar,33,31,26,1,91,0,0,86,0,86,33,31,112,1,177,74,0,74,251
02/15/2022,SBA,CA,AWP,WE,Combined TRACON& Tower with Radar,25,40,26,8,99,0,0,17,2,19,25,40,43,10,118,6,0,6,124
02/16/2022,SBA,CA,AWP,WE,Combined TRACON& Tower with Radar,27,47,26,4,104,0,1,86,2,89,27,48,112,6,193,180,2,182,375
02/17/2022,SBA,CA,AWP,WE,Combined TRACON& Tower with Radar,33,39,43,0,115,0,0,84,0,84,33,39,127,0,199,136,0,136,335
02/18/2022,SBA,CA,AWP,WE,Combined TRACON& Tower with Radar,34,48,39,0,121,0,0,139,0,139,34,48,178,0,260,76,0,76,336
02/19/2022,SBA,CA,AWP,WE,Combined TRACON& Tower with Radar,25,29,40,0,94,0,0,118,0,118,25,29,158,0,212,138,0,138,350
02/20/2022,SBA,CA,AWP,WE,Combined TRACON& Tower with Radar,33,36,54,0,123,0,0,43,0,43,33,36,97,0,166,20,0,20,186
02/21/2022,SBA,CA,AWP,WE,Combined TRACON& Tower with Radar,33,38,40,0,111,0,0,65,0,65,33,38,105,0,176,96,0,96,272
02/22/2022,SBA,CA,AWP,WE,Combined TRACON& Tower with Radar,27,44,42,2,115,0,0,21,0,21,27,44,63,2,136,50,4,54,190
02/23/2022,SBA,CA,AWP,WE,Combined TRACON& Tower with Radar,26,42,37,4,109,0,1,48,0,49,26,43,85,4,158,24,2,26,184
02/24/2022,SBA,CA,AWP,WE,Combined TRACON& Tower with Radar,31,37,43,1,112,0,5,87,1,93,31,42,130,2,205,118,2,120,325
02/25/2022,SBA,CA,AWP,WE,Combined TRACON& Tower with Radar,29,51,44,6,130,0,1,101,0,102,29,52,145,6,232,88,0,88,320
02/26/2022,SBA,CA,AWP,WE,Combined TRACON& Tower with Radar,27,26,46,2,101,0,2,117,4,123,27,28,163,6,224,176,4,180,404
02/27/2022,SBA,CA,AWP,WE,Combined TRACON& Tower with Radar,32,48,45,0,125,0,0,140,0,140,32,48,185,0,265,142,0,142,407
02/28/2022,SBA,CA,AWP,WE,Combined TRACON& Tower with Radar,34,38,27,2,101,0,3,72,0,75,34,41,99,2,176,92,0,92,268
03/01/2022,SBA,CA,AWP,WE,Combined TRACON& Tower with Radar,27,45,16,2,90,0,1,78,0,79,27,46,94,2,169,148,2,150,319
03/02/2022,SBA,CA,AWP,WE,Combined TRACON& Tower with Radar,30,40,42,1,113,0,1,78,0,79,30,41,120,1,192,110,0,110,302
03/03/2022,SBA,CA,AWP,WE,Combined TRACON& Tower with Radar,32,53,39,4,128,0,0,58,0,58,32,53,97,4,186,94,0,94,280
03/04/2022,SBA,CA,AWP,WE,Combined TRACON& Tower with Radar,29,49,33,0,111,0,0,27,0,27,29,49,60,0,138,106,0,106,244
03/05/2022,SBA,CA,AWP,WE,Combined TRACON& Tower with Radar,24,21,8,1,54,0,0,23,2,25,24,21,31,3,79,30,32,62,141
03/06/2022,SBA,CA,AWP,WE,Combined TRACON& Tower with Radar,32,36,25,3,96,0,1,120,0,121,32,37,145,3,217,158,0,158,375
03/07/2022,SBA,CA,AWP,WE,Combined TRACON& Tower with Radar,32,27,29,2,90,0,0,75,6,81,32,27,104,8,171,154,0,154,325
03/08/2022,SBA,CA,AWP,WE,Combined TRACON& Tower with Radar,26,31,32,5,94,0,0,87,0,87,26,31,119,5,181,80,0,80,261
03/09/2022,SBA,CA,AWP,WE,Combined TRACON& Tower with Radar,26,34,30,8,98,0,2,97,0,99,26,36,127,8,197,110,0,110,307
03/10/2022,SBA,CA,AWP,WE,Combined TRACON& Tower with Radar,32,29,36,2,99,0,0,69,10,79,32,29,105,12,178,82,0,82,260
03/11/2022,SBA,CA,AWP,WE,Combined TRACON& Tower with Radar,32,34,66,3,135,0,5,103,0,108,32,39,169,3,243,162,0,162,405
03/12/2022,SBA,CA,AWP,WE,Combined TRACON& Tower with Radar,25,33,41,3,102,0,2,137,1,140,25,35,178,4,242,150,12,162,404
03/13/2022,SBA,CA,AWP,WE,Combined TRACON& Tower with Radar,31,24,66,0,121,0,2,103,0,105,31,26,169,0,226,38,0,38,264
03/14/2022,SBA,CA,AWP,WE,Combined TRACON& Tower with Radar,33,26,39,0,98,0,0,95,0,95,33,26,134,0,193,100,0,100,293
03/15/2022,SBA,CA,AWP,WE,Combined TRACON& Tower with Radar,26,35,53,2,116,0,0,65,0,65,26,35,118,2,181,110,0,110,291
03/16/2022,SBA,CA,AWP,WE,Combined TRACON& Tower with Radar,26,35,43,2,106,0,0,57,0,57,26,35,100,2,163,64,2,66,229
03/17/2022,SBA,CA,AWP,WE,Combined TRACON& Tower with Radar,36,53,51,0,140,0,0,111,4,115,36,53,162,4,255,78,0,78,333
03/18/2022,SBA,CA,AWP,WE,Combined TRACON& Tower with Radar,35,45,51,1,132,0,0,107,0,107,35,45,158,1,239,210,0,210,449
03/19/2022,SBA,CA,AWP,WE,Combined TRACON& Tower with Radar,30,41,46,0,117,0,0,55,0,55,30,41,101,0,172,210,0,210,382
03/20/2022,SBA,CA,AWP,WE,Combined TRACON& Tower with Radar,35,36,44,0,115,0,0,39,0,39,35,36,83,0,154,36,0,36,190
03/21/2022,SBA,CA,AWP,WE,Combined TRACON& Tower with Radar,35,34,38,0,107,0,1,82,0,83,35,35,120,0,190,100,0,100,290
03/22/2022,SBA,CA,AWP,WE,Combined TRACON& Tower with Radar,29,49,44,6,128,0,3,93,0,96,29,52,137,6,224,138,0,138,362
03/23/2022,SBA,CA,AWP,WE,Combined TRACON& Tower with Radar,27,35,52,3,117,0,1,90,2,93,27,36,142,5,210,220,2,222,432
03/24/2022,SBA,CA,AWP,WE,Combined TRACON& Tower with Radar,34,38,47,2,121,0,1,91,0,92,34,39,138,2,213,98,0,98,311
03/25/2022,SBA,CA,AWP,WE,Combined TRACON& Tower with Radar,36,40,58,4,138,0,0,67,0,67,36,40,125,4,205,140,0,140,345
03/26/2022,SBA,CA,AWP,WE,Combined TRACON& Tower with Radar,29,35,69,0,133,0,0,35,2,37,29,35,104,2,170,4,0,4,174
03/27/2022,SBA,CA,AWP,WE,Combined TRACON& Tower with Radar,34,35,108,0,177,0,0,13,0,13,34,35,121,0,190,140,4,144,334
03/28/2022,SBA,CA,AWP,WE,Combined TRACON& Tower with Radar,33,31,60,3,127,0,0,3,1,4,33,31,63,4,131,50,2,52,183
03/29/2022,SBA,CA,AWP,WE,Combined TRACON& Tower with Radar,28,43,42,10,123,0,0,62,0,62,28,43,104,10,185,110,8,118,303
03/30/2022,SBA,CA,AWP,WE,Combined TRACON& Tower with Radar,28,51,66,0,145,0,1,72,3,76,28,52,138,3,221,148,0,148,369
03/31/2022,SBA,CA,AWP,WE,Combined TRACON& Tower with Radar,34,63,59,1,157,0,0,44,1,45,34,63,103,2,202,120,0,120,322
04/01/2022,SBA,CA,AWP,WE,Combined TRACON& Tower with Radar,35,39,74,0,148,0,0,97,0,97,35,39,171,0,245,164,0,164,409
04/02/2022,SBA,CA,AWP,WE,Combined TRACON& Tower with Radar,30,29,63,0,122,0,0,16,0,16,30,29,79,0,138,60,0,60,198
04/03/2022,SBA,CA,AWP,WE,Combined TRACON& Tower with Radar,33,33,82,0,148,0,0,30,0,30,33,33,112,0,178,180,0,180,358
04/04/2022,SBA,CA,AWP,WE,Combined TRACON& Tower with Radar,31,34,34,1,100,0,1,75,1,77,31,35,109,2,177,152,0,152,329
04/05/2022,SBA,CA,AWP,WE,Combined TRACON& Tower with Radar,28,37,54,4,123,0,4,66,1,71,28,41,120,5,194,54,4,58,252
04/06/2022,SBA,CA,AWP,WE,Combined TRACON& Tower with Radar,31,42,38,1,112,0,3,103,1,107,31,45,141,2,219,110,0,110,329
04/07/2022,SBA,CA,AWP,WE,Combined TRACON& Tower with Radar,36,30,31,0,97,0,1,70,0,71,36,31,101,0,168,124,0,124,292
04/08/2022,SBA,CA,AWP,WE,Combined TRACON& Tower with Radar,38,31,40,3,112,0,2,114,3,119,38,33,154,6,231,194,4,198,429
04/09/2022,SBA,CA,AWP,WE,Combined TRACON& Tower with Radar,31,29,30,2,92,0,1,112,0,113,31,30,142,2,205,142,0,142,347
04/10/2022,SBA,CA,AWP,WE,Combined TRACON& Tower with Radar,35,35,42,0,112,0,0,56,0,56,35,35,98,0,168,82,0,82,250
04/11/2022,SBA,CA,AWP,WE,Combined TRACON& Tower with Radar,35,42,41,1,119,0,0,36,0,36,35,42,77,1,155,78,0,78,233
04/12/2022,SBA,CA,AWP,WE,Combined TRACON& Tower with Radar,34,53,28,5,120,0,1,37,1,39,34,54,65,6,159,26,4,30,189
04/13/2022,SBA,CA,AWP,WE,Combined TRACON& Tower with Radar,33,46,40,2,121,0,3,101,4,108,33,49,141,6,229,110,10,120,349
04/14/2022,SBA,CA,AWP,WE,Combined TRACON& Tower with Radar,37,36,71,9,153,0,1,122,0,123,37,37,193,9,276,130,6,136,412
04/15/2022,SBA,CA,AWP,WE,Combined TRACON& Tower with Radar,37,54,47,2,140,0,1,117,4,122,37,55,164,6,262,134,4,138,400
04/16/2022,SBA,CA,AWP,WE,Combined TRACON& Tower with Radar,31,28,56,0,115,0,0,59,3,62,31,28,115,3,177,44,0,44,221
04/17/2022,SBA,CA,AWP,WE,Combined TRACON& Tower with Radar,35,47,44,0,126,0,0,66,0,66,35,47,110,0,192,158,0,158,350
04/18/2022,SBA,CA,AWP,WE,Combined TRACON& Tower with Radar,38,36,34,1,109,0,1,107,0,108,38,37,141,1,217,154,0,154,371
04/19/2022,SBA,CA,AWP,WE,Combined TRACON& Tower with Radar,34,34,41,6,115,0,4,68,1,73,34,38,109,7,188,112,2,114,302
04/20/2022,SBA,CA,AWP,WE,Combined TRACON& Tower with Radar,35,41,47,4,127,0,0,93,0,93,35,41,140,4,220,148,0,148,368
04/21/2022,SBA,CA,AWP,WE,Combined TRACON& Tower with Radar,40,41,61,2,144,0,1,47,0,48,40,42,108,2,192,154,2,156,348
04/22/2022,SBA,CA,AWP,WE,Combined TRACON& Tower with Radar,35,41,44,2,122,0,1,59,0,60,35,42,103,2,182,62,0,62,244
04/23/2022,SBA,CA,AWP,WE,Combined TRACON& Tower with Radar,32,34,35,0,101,0,1,136,0,137,32,35,171,0,238,186,0,186,424
04/24/2022,SBA,CA,AWP,WE,Combined TRACON& Tower with Radar,35,50,50,0,135,0,2,135,0,137,35,52,185,0,272,238,0,238,510
04/25/2022,SBA,CA,AWP,WE,Combined TRACON& Tower with Radar,36,46,42,0,124,0,0,104,0,104,36,46,146,0,228,166,0,166,394
04/26/2022,SBA,CA,AWP,WE,Combined TRACON& Tower with Radar,34,33,41,1,109,0,2,87,0,89,34,35,128,1,198,195,0,195,393
04/27/2022,SBA,CA,AWP,WE,Combined TRACON& Tower with Radar,35,54,40,1,130,0,0,64,1,65,35,54,104,2,195,108,4,112,307
04/28/2022,SBA,CA,AWP,WE,Combined TRACON& Tower with Radar,37,46,48,0,131,0,1,96,1,98,37,47,144,1,229,136,0,136,365
04/29/2022,SBA,CA,AWP,WE,Combined TRACON& Tower with Radar,37,39,40,4,120,0,3,87,0,90,37,42,127,4,210,166,2,168,378
04/30/2022,SBA,CA,AWP,WE,Combined TRACON& Tower with Radar,31,23,50,0,104,0,2,155,0,157,31,25,205,0,261,164,0,164,425
05/01/2022,SBA,CA,AWP,WE,Combined TRACON& Tower with Radar,33,43,44,2,122,0,0,118,1,119,33,43,162,3,241,128,0,128,369
05/02/2022,SBA,CA,AWP,WE,Combined TRACON& Tower with Radar,39,47,53,3,142,0,1,24,0,25,39,48,77,3,167,116,0,116,283
05/03/2022,SBA,CA,AWP,WE,Combined TRACON& Tower with Radar,35,54,59,2,150,0,0,68,0,68,35,54,127,2,218,122,2,124,342
05/04/2022,SBA,CA,AWP,WE,Combined TRACON& Tower with Radar,32,58,45,4,139,0,0,119,1,120,32,58,164,5,259,134,0,134,393
05/05/2022,SBA,CA,AWP,WE,Combined TRACON& Tower with Radar,35,67,96,0,198,0,0,54,0,54,35,67,150,0,252,144,0,144,396
05/06/2022,SBA,CA,AWP,WE,Combined TRACON& Tower with Radar,36,38,38,2,114,0,0,115,3,118,36,38,153,5,232,182,0,182,414
05/07/2022,SBA,CA,AWP,WE,Combined TRACON& Tower with Radar,30,31,31,2,94,0,3,113,0,116,30,34,144,2,210,186,0,186,396
05/08/2022,SBA,CA,AWP,WE,Combined TRACON& Tower with Radar,33,38,35,0,106,0,3,53,0,56,33,41,88,0,162,14,0,14,176
05/09/2022,SBA,CA,AWP,WE,Combined TRACON& Tower with Radar,37,41,30,2,110,0,0,66,0,66,37,41,96,2,176,24,0,24,200
05/10/2022,SBA,CA,AWP,WE,Combined TRACON& Tower with Radar,33,32,38,2,105,0,1,63,0,64,33,33,101,2,169,44,0,44,213
05/11/2022,SBA,CA,AWP,WE,Combined TRACON& Tower with Radar,33,28,38,4,103,0,2,60,0,62,33,30,98,4,165,50,2,52,217
05/12/2022,SBA,CA,AWP,WE,Combined TRACON& Tower with Radar,37,42,50,4,133,0,0,105,4,109,37,42,155,8,242,94,0,94,336
05/13/2022,SBA,CA,AWP,WE,Combined TRACON& Tower with Radar,36,44,47,2,129,0,3,121,0,124,36,47,168,2,253,102,0,102,355
05/14/2022,SBA,CA,AWP,WE,Combined TRACON& Tower with Radar,32,29,36,0,97,0,6,139,0,145,32,35,175,0,242,150,0,150,392
05/15/2022,SBA,CA,AWP,WE,Combined TRACON& Tower with Radar,38,31,59,0,128,0,0,96,2,98,38,31,155,2,226,152,0,152,378
05/16/2022,SBA,CA,AWP,WE,Combined TRACON& Tower with Radar,35,35,46,9,125,0,2,83,3,88,35,37,129,12,213,176,0,176,389
05/17/2022,SBA,CA,AWP,WE,Combined TRACON& Tower with Radar,31,27,46,0,104,0,3,71,0,74,31,30,117,0,178,80,0,80,258
05/18/2022,SBA,CA,AWP,WE,Combined TRACON& Tower with Radar,31,26,45,0,102,0,0,75,0,75,31,26,120,0,177,122,0,122,299
05/19/2022,SBA,CA,AWP,WE,Combined TRACON& Tower with Radar,39,37,55,0,131,0,0,14,0,14,39,37,69,0,145,82,0,82,227
05/20/2022,SBA,CA,AWP,WE,Combined TRACON& Tower with Radar,36,56,84,1,177,0,1,16,3,20,36,57,100,4,197,64,0,64,261
05/21/2022,SBA,CA,AWP,WE,Combined TRACON& Tower with Radar,30,22,44,0,96,0,4,68,0,72,30,26,112,0,168,108,0,108,276
05/22/2022,SBA,CA,AWP,WE,Combined TRACON& Tower with Radar,35,43,62,2,142,0,0,77,0,77,35,43,139,2,219,44,0,44,263
05/23/2022,SBA,CA,AWP,WE,Combined TRACON& Tower with Radar,32,35,76,0,143,0,0,21,0,21,32,35,97,0,164,86,0,86,250
05/24/2022,SBA,CA,AWP,WE,Combined TRACON& Tower with Radar,37,44,72,11,164,0,0,33,0,33,37,44,105,11,197,64,0,64,261
05/25/2022,SBA,CA,AWP,WE,Combined TRACON& Tower with Radar,32,49,72,4,157,0,0,17,0,17,32,49,89,4,174,0,0,0,174
05/26/2022,SBA,CA,AWP,WE,Combined TRACON& Tower with Radar,35,38,99,0,172,0,0,0,0,0,35,38,99,0,172,12,0,12,184
05/27/2022,SBA,CA,AWP,WE,Combined TRACON& Tower with Radar,37,44,82,0,163,0,2,35,2,39,37,46,117,2,202,118,0,118,320
05/28/2022,SBA,CA,AWP,WE,Combined TRACON& Tower with Radar,30,24,44,0,98,0,4,70,0,74,30,28,114,0,172,222,0,222,394
05/29/2022,SBA,CA,AWP,WE,Combined TRACON& Tower with Radar,32,25,21,0,78,0,1,57,1,59,32,26,78,1,137,90,0,90,227
05/30/2022,SBA,CA,AWP,WE,Combined TRACON& Tower with Radar,34,43,56,0,133,0,2,112,1,115,34,45,168,1,248,188,0,188,436
05/31/2022,SBA,CA,AWP,WE,Combined TRACON& Tower with Radar,31,35,46,10,122,0,2,90,1,93,31,37,136,11,215,146,0,146,361
06/01/2022,SBA,CA,AWP,WE,Combined TRACON& Tower with Radar,30,37,35,4,106,0,3,84,0,87,30,40,119,4,193,140,6,146,339
06/02/2022,SBA,CA,AWP,WE,Combined TRACON& Tower with Radar,33,25,21,3,82,0,6,72,3,81,33,31,93,6,163,126,0,126,289
06/03/2022,SBA,CA,AWP,WE,Combined TRACON& Tower with Radar,36,42,77,0,155,0,2,32,0,34,36,44,109,0,189,134,0,134,323
06/04/2022,SBA,CA,AWP,WE,Combined TRACON& Tower with Radar,33,34,38,0,105,0,2,45,0,47,33,36,83,0,152,108,0,108,260
06/05/2022,SBA,CA,AWP,WE,Combined TRACON& Tower with Radar,42,45,56,2,145,0,3,95,2,100,42,48,151,4,245,150,0,150,395
06/06/2022,SBA,CA,AWP,WE,Combined TRACON& Tower with Radar,39,22,45,2,108,0,0,107,2,109,39,22,152,4,217,130,4,134,351
06/07/2022,SBA,CA,AWP,WE,Combined TRACON& Tower with Radar,40,29,38,2,109,0,2,99,0,101,40,31,137,2,210,94,0,94,304
06/08/2022,SBA,CA,AWP,WE,Combined TRACON& Tower with Radar,40,25,63,1,129,0,0,64,1,65,40,25,127,2,194,130,0,130,324
06/09/2022,SBA,CA,AWP,WE,Combined TRACON& Tower with Radar,40,41,54,1,136,0,1,35,5,41,40,42,89,6,177,42,6,48,225
06/10/2022,SBA,CA,AWP,WE,Combined TRACON& Tower with Radar,40,40,68,0,148,0,0,19,0,19,40,40,87,0,167,46,0,46,213
06/11/2022,SBA,CA,AWP,WE,Combined TRACON& Tower with Radar,34,27,60,0,121,0,2,38,0,40,34,29,98,0,161,8,0,8,169
06/12/2022,SBA,CA,AWP,WE,Combined TRACON& Tower with Radar,40,24,57,0,121,0,0,57,0,57,40,24,114,0,178,10,0,10,188
06/13/2022,SBA,CA,AWP,WE,Combined TRACON& Tower with Radar,40,25,63,5,133,0,0,80,0,80,40,25,143,5,213,142,0,142,355
06/14/2022,SBA,CA,AWP,WE,Combined TRACON& Tower with Radar,39,21,37,9,106,0,0,80,1,81,39,21,117,10,187,228,4,232,419
06/15/2022,SBA,CA,AWP,WE,Combined TRACON& Tower with Radar,42,42,31,5,120,0,1,111,1,113,42,43,142,6,233,216,2,218,451
06/16/2022,SBA,CA,AWP,WE,Combined TRACON& Tower with Radar,42,36,81,2,161,0,2,37,2,41,42,38,118,4,202,108,0,108,310
06/17/2022,SBA,CA,AWP,WE,Combined TRACON& Tower with Radar,37,32,41,2,112,0,2,62,0,64,37,34,103,2,176,174,0,174,350
06/18/2022,SBA,CA,AWP,WE,Combined TRACON& Tower with Radar,33,19,43,0,95,0,3,123,0,126,33,22,166,0,221,182,0,182,403
06/19/2022,SBA,CA,AWP,WE,Combined TRACON& Tower with Radar,43,18,39,0,100,0,0,116,0,116,43,18,155,0,216,202,0,202,418
06/20/2022,SBA,CA,AWP,WE,Combined TRACON& Tower with Radar,46,52,53,0,151,0,3,122,0,125,46,55,175,0,276,186,0,186,462
06/21/2022,SBA,CA,AWP,WE,Combined TRACON& Tower with Radar,39,43,53,0,135,0,1,74,0,75,39,44,127,0,210,176,0,176,386
06/22/2022,SBA,CA,AWP,WE,Combined TRACON& Tower with Radar,39,42,45,4,130,0,2,46,1,49,39,44,91,5,179,170,4,174,353
06/23/2022,SBA,CA,AWP,WE,Combined TRACON& Tower with Radar,41,30,52,6,129,0,1,55,5,61,41,31,107,11,190,72,0,72,262
06/24/2022,SBA,CA,AWP,WE,Combined TRACON& Tower with Radar,41,27,56,2,126,0,0,69,2,71,41,27,125,4,197,62,4,66,263
06/25/2022,SBA,CA,AWP,WE,Combined TRACON& Tower with Radar,34,24,36,0,94,0,0,87,1,88,34,24,123,1,182,136,0,136,318
06/26/2022,SBA,CA,AWP,WE,Combined TRACON& Tower with Radar,41,36,62,0,139,0,0,82,5,87,41,36,144,5,226,32,0,32,258
06/27/2022,SBA,CA,AWP,WE,Combined TRACON& Tower with Radar,43,21,47,3,114,0,0,79,1,80,43,21,126,4,194,74,0,74,268
06/28/2022,SBA,CA,AWP,WE,Combined TRACON& Tower with Radar,37,34,34,2,107,0,1,82,2,85,37,35,116,4,192,152,4,156,348
06/29/2022,SBA,CA,AWP,WE,Combined TRACON& Tower with Radar,37,29,54,1,121,0,1,92,1,94,37,30,146,2,215,130,0,130,345
06/30/2022,SBA,CA,AWP,WE,Combined TRACON& Tower with Radar,41,27,54,0,122,0,3,86,1,90,41,30,140,1,212,216,4,220,432
07/01/2022,SBA,CA,AWP,WE,Combined TRACON& Tower with Radar,40,36,49,0,125,0,4,81,2,87,40,40,130,2,212,172,4,176,388
07/02/2022,SBA,CA,AWP,WE,Combined TRACON& Tower with Radar,33,29,37,0,99,0,2,112,0,114,33,31,149,0,213,176,0,176,389
07/03/2022,SBA,CA,AWP,WE,Combined TRACON& Tower with Radar,40,11,30,0,81,0,0,99,0,99,40,11,129,0,180,152,0,152,332
07/04/2022,SBA,CA,AWP,WE,Combined TRACON& Tower with Radar,42,27,24,0,93,0,0,63,0,63,42,27,87,0,156,12,0,12,168
07/05/2022,SBA,CA,AWP,WE,Combined TRACON& Tower with Radar,37,34,36,0,107,0,2,69,0,71,37,36,105,0,178,166,0,166,344
07/06/2022,SBA,CA,AWP,WE,Combined TRACON& Tower with Radar,36,32,36,10,114,0,0,75,0,75,36,32,111,10,189,170,6,176,365
07/07/2022,SBA,CA,AWP,WE,Combined TRACON& Tower with Radar,40,29,43,7,119,0,1,93,1,95,40,30,136,8,214,146,6,152,366
07/08/2022,SBA,CA,AWP,WE,Combined TRACON& Tower with Radar,40,32,56,2,130,0,1,65,0,66,40,33,121,2,196,82,0,82,278
07/09/2022,SBA,CA,AWP,WE,Combined TRACON& Tower with Radar,34,28,42,0,104,0,0,55,0,55,34,28,97,0,159,116,0,116,275
07/10/2022,SBA,CA,AWP,WE,Combined TRACON& Tower with Radar,40,38,35,0,113,0,0,124,2,126,40,38,159,2,239,190,0,190,429
07/11/2022,SBA,CA,AWP,WE,Combined TRACON& Tower with Radar,39,36,48,6,129,0,0,51,1,52,39,36,99,7,181,40,0,40,221
07/12/2022,SBA,CA,AWP,WE,Combined TRACON& Tower with Radar,38,31,56,0,125,0,1,39,0,40,38,32,95,0,165,56,0,56,221
07/13/2022,SBA,CA,AWP,WE,Combined TRACON& Tower with Radar,36,33,43,0,112,0,0,33,0,33,36,33,76,0,145,96,0,96,241
07/14/2022,SBA,CA,AWP,WE,Combined TRACON& Tower with Radar,37,43,44,6,130,0,1,57,1,59,37,44,101,7,189,66,4,70,259
07/15/2022,SBA,CA,AWP,WE,Combined TRACON& Tower with Radar,38,39,37,0,114,0,1,110,4,115,38,40,147,4,229,172,0,172,401
07/16/2022,SBA,CA,AWP,WE,Combined TRACON& Tower with Radar,33,25,34,0,92,0,3,96,0,99,33,28,130,0,191,192,0,192,383
07/17/2022,SBA,CA,AWP,WE,Combined TRACON& Tower with Radar,40,32,36,0,108,0,4,106,2,112,40,36,142,2,220,134,0,134,354
07/18/2022,SBA,CA,AWP,WE,Combined TRACON& Tower with Radar,39,37,38,0,114,0,0,81,0,81,39,37,119,0,195,274,0,274,469
07/19/2022,SBA,CA,AWP,WE,Combined TRACON& Tower with Radar,37,27,48,2,114,0,0,52,0,52,37,27,100,2,166,142,0,142,308
07/20/2022,SBA,CA,AWP,WE,Combined TRACON& Tower with Radar,38,31,42,2,113,0,2,101,2,105,38,33,143,4,218,78,0,78,296
07/21/2022,SBA,CA,AWP,WE,Combined TRACON& Tower with Radar,40,40,36,0,116,0,0,70,4,74,40,40,106,4,190,172,0,172,362
07/22/2022,SBA,CA,AWP,WE,Combined TRACON& Tower with Radar,40,43,43,0,126,0,0,78,0,78,40,43,121,0,204,118,0,118,322
07/23/2022,SBA,CA,AWP,WE,Combined TRACON& Tower with Radar,35,19,44,0,98,0,0,74,1,75,35,19,118,1,173,136,0,136,309
07/24/2022,SBA,CA,AWP,WE,Combined TRACON& Tower with Radar,38,31,59,0,128,0,0,81,1,82,38,31,140,1,210,88,0,88,298
07/25/2022,SBA,CA,AWP,WE,Combined TRACON& Tower with Radar,40,26,50,2,118,0,0,22,0,22,40,26,72,2,140,38,0,38,178
07/26/2022,SBA,CA,AWP,WE,Combined TRACON& Tower with Radar,36,22,41,2,101,0,0,19,0,19,36,22,60,2,120,42,0,42,162
07/27/2022,SBA,CA,AWP,WE,Combined TRACON& Tower with Radar,36,43,42,4,125,0,1,56,0,57,36,44,98,4,182,92,4,96,278
07/28/2022,SBA,CA,AWP,WE,Combined TRACON& Tower with Radar,39,29,38,0,106,0,0,58,5,63,39,29,96,5,169,94,0,94,263
07/29/2022,SBA,CA,AWP,WE,Combined TRACON& Tower with Radar,40,36,33,0,109,0,2,94,0,96,40,38,127,0,205,192,0,192,397
07/30/2022,SBA,CA,AWP,WE,Combined TRACON& Tower with Radar,32,30,39,0,101,0,6,78,0,84,32,36,117,0,185,68,0,68,253
07/31/2022,SBA,CA,AWP,WE,Combined TRACON& Tower with Radar,40,44,49,0,133,0,1,108,0,109,40,45,157,0,242,84,0,84,326
08/01/2022,SBA,CA,AWP,WE,Combined TRACON& Tower with Radar,41,44,47,2,134,0,4,81,0,85,41,48,128,2,219,118,0,118,337
08/02/2022,SBA,CA,AWP,WE,Combined TRACON& Tower with Radar,38,35,44,0,117,0,0,56,1,57,38,35,100,1,174,36,14,50,224
08/03/2022,SBA,CA,AWP,WE,Combined TRACON& Tower with Radar,37,22,37,4,100,0,1,97,0,98,37,23,134,4,198,158,4,162,360
08/04/2022,SBA,CA,AWP,WE,Combined TRACON& Tower with Radar,37,43,33,14,127,0,2,106,4,112,37,45,139,18,239,182,20,202,441
08/05/2022,SBA,CA,AWP,WE,Combined TRACON& Tower with Radar,41,42,48,0,131,0,0,114,0,114,41,42,162,0,245,162,0,162,407
08/06/2022,SBA,CA,AWP,WE,Combined TRACON& Tower with Radar,32,28,39,0,99,0,2,100,0,102,32,30,139,0,201,228,0,228,429
08/07/2022,SBA,CA,AWP,WE,Combined TRACON& Tower with Radar,38,43,49,0,130,0,1,126,0,127,38,44,175,0,257,108,0,108,365
08/08/2022,SBA,CA,AWP,WE,Combined TRACON& Tower with Radar,36,26,38,6,106,0,0,81,0,81,36,26,119,6,187,168,4,172,359
08/09/2022,SBA,CA,AWP,WE,Combined TRACON& Tower with Radar,36,36,34,10,116,0,0,97,3,100,36,36,131,13,216,170,14,184,400
08/10/2022,SBA,CA,AWP,WE,Combined TRACON& Tower with Radar,36,34,52,11,133,0,1,96,3,100,36,35,148,14,233,170,16,186,419
08/11/2022,SBA,CA,AWP,WE,Combined TRACON& Tower with Radar,39,37,46,6,128,0,3,73,8,84,39,40,119,14,212,150,2,152,364
08/12/2022,SBA,CA,AWP,WE,Combined TRACON& Tower with Radar,38,40,47,0,125,0,3,123,0,126,38,43,170,0,251,240,0,240,491
08/13/2022,SBA,CA,AWP,WE,Combined TRACON& Tower with Radar,30,38,38,0,106,0,2,120,0,122,30,40,158,0,228,219,0,219,447
08/14/2022,SBA,CA,AWP,WE,Combined TRACON& Tower with Radar,37,44,47,0,128,0,2,118,0,120,37,46,165,0,248,86,0,86,334
08/15/2022,SBA,CA,AWP,WE,Combined TRACON& Tower with Radar,39,47,41,12,139,0,0,81,0,81,39,47,122,12,220,64,8,72,292
08/16/2022,SBA,CA,AWP,WE,Combined TRACON& Tower with Radar,38,36,45,3,122,0,0,62,3,65,38,36,107,6,187,118,14,132,319
08/17/2022,SBA,CA,AWP,WE,Combined TRACON& Tower with Radar,39,44,45,9,137,0,2,88,0,90,39,46,133,9,227,136,2,138,365
08/18/2022,SBA,CA,AWP,WE,Combined TRACON& Tower with Radar,39,41,53,13,146,0,2,62,6,70,39,43,115,19,216,46,4,50,266
08/19/2022,SBA,CA,AWP,WE,Combined TRACON& Tower with Radar,37,48,55,2,142,0,4,84,2,90,37,52,139,4,232,140,0,140,372
08/20/2022,SBA,CA,AWP,WE,Combined TRACON& Tower with Radar,31,32,53,0,116,0,1,81,3,85,31,33,134,3,201,126,0,126,327
08/21/2022,SBA,CA,AWP,WE,Combined TRACON& Tower with Radar,37,53,63,0,153,0,1,44,0,45,37,54,107,0,198,132,0,132,330
08/22/2022,SBA,CA,AWP,WE,Combined TRACON& Tower with Radar,41,47,40,0,128,0,1,52,2,55,41,48,92,2,183,48,0,48,231
08/23/2022,SBA,CA,AWP,WE,Combined TRACON& Tower with Radar,38,42,52,0,132,0,3,60,0,63,38,45,112,0,195,56,0,56,251
08/24/2022,SBA,CA,AWP,WE,Combined TRACON& Tower with Radar,35,35,27,4,101,0,1,94,0,95,35,36,121,4,196,80,0,80,276
08/25/2022,SBA,CA,AWP,WE,Combined TRACON& Tower with Radar,37,43,42,6,128,0,0,85,0,85,37,43,127,6,213,106,0,106,319
08/26/2022,SBA,CA,AWP,WE,Combined TRACON& Tower with Radar,34,49,81,4,168,0,5,76,0,81,34,54,157,4,249,76,2,78,327
08/27/2022,SBA,CA,AWP,WE,Combined TRACON& Tower with Radar,30,47,51,0,128,0,0,59,0,59,30,47,110,0,187,108,0,108,295
08/28/2022,SBA,CA,AWP,WE,Combined TRACON& Tower with Radar,40,34,66,0,140,0,2,49,2,53,40,36,115,2,193,48,0,48,241
08/29/2022,SBA,CA,AWP,WE,Combined TRACON& Tower with Radar,39,30,40,8,117,0,0,107,0,107,39,30,147,8,224,174,6,180,404
08/30/2022,SBA,CA,AWP,WE,Combined TRACON& Tower with Radar,38,36,33,1,108,0,2,79,2,83,38,38,112,3,191,78,4,82,273
08/31/2022,SBA,CA,AWP,WE,Combined TRACON& Tower with Radar,40,40,54,4,138,0,4,102,1,107,40,44,156,5,245,144,0,144,389
09/01/2022,SBA,CA,AWP,WE,Combined TRACON& Tower with Radar,37,53,42,8,140,0,0,122,4,126,37,53,164,12,266,184,6,190,456
09/02/2022,SBA,CA,AWP,WE,Combined TRACON& Tower with Radar,39,42,46,0,127,0,7,111,0,118,39,49,157,0,245,178,0,178,423
09/03/2022,SBA,CA,AWP,WE,Combined TRACON& Tower with Radar,30,39,40,0,109,0,4,107,0,111,30,43,147,0,220,96,0,96,316
09/04/2022,SBA,CA,AWP,WE,Combined TRACON& Tower with Radar,35,23,31,0,89,0,0,76,0,76,35,23,107,0,165,60,0,60,225
09/05/2022,SBA,CA,AWP,WE,Combined TRACON& Tower with Radar,42,47,43,0,132,0,3,132,0,135,42,50,175,0,267,192,0,192,459
09/06/2022,SBA,CA,AWP,WE,Combined TRACON& Tower with Radar,39,39,32,4,114,0,0,86,0,86,39,39,118,4,200,162,2,164,364
09/07/2022,SBA,CA,AWP,WE,Combined TRACON& Tower with Radar,34,32,38,8,112,0,1,86,4,91,34,33,124,12,203,46,10,56,259
09/08/2022,SBA,CA,AWP,WE,Combined TRACON& Tower with Radar,36,45,23,2,106,0,2,55,2,59,36,47,78,4,165,30,2,32,197
09/09/2022,SBA,CA,AWP,WE,Combined TRACON& Tower with Radar,35,44,47,0,126,0,0,56,1,57,35,44,103,1,183,120,0,120,303
09/10/2022,SBA,CA,AWP,WE,Combined TRACON& Tower with Radar,30,40,38,0,108,0,6,28,0,34,30,46,66,0,142,84,0,84,226
09/11/2022,SBA,CA,AWP,WE,Combined TRACON& Tower with Radar,35,33,69,0,137,0,1,38,0,39,35,34,107,0,176,106,0,106,282
09/12/2022,SBA,CA,AWP,WE,Combined TRACON& Tower with Radar,36,38,31,4,109,0,0,94,0,94,36,38,125,4,203,130,4,134,337
09/13/2022,SBA,CA,AWP,WE,Combined TRACON& Tower with Radar,32,27,54,4,117,0,2,85,4,91,32,29,139,8,208,186,8,194,402
09/14/2022,SBA,CA,AWP,WE,Combined TRACON& Tower with Radar,33,37,51,0,121,0,6,72,0,78,33,43,123,0,199,100,0,100,299
09/15/2022,SBA,CA,AWP,WE,Combined TRACON& Tower with Radar,34,34,37,2,107,0,0,77,0,77,34,34,114,2,184,148,2,150,334
09/16/2022,SBA,CA,AWP,WE,Combined TRACON& Tower with Radar,35,25,31,0,91,0,5,110,0,115,35,30,141,0,206,148,0,148,354
09/17/2022,SBA,CA,AWP,WE,Combined TRACON& Tower with Radar,32,31,40,2,105,0,0,66,3,69,32,31,106,5,174,168,0,168,342
09/18/2022,SBA,CA,AWP,WE,Combined TRACON& Tower with Radar,36,36,66,0,138,0,0,55,0,55,36,36,121,0,193,138,0,138,331
09/19/2022,SBA,CA,AWP,WE,Combined TRACON& Tower with Radar,35,30,47,2,114,0,4,34,0,38,35,34,81,2,152,66,0,66,218
09/20/2022,SBA,CA,AWP,WE,Combined TRACON& Tower with Radar,33,34,35,8,110,0,1,35,0,36,33,35,70,8,146,104,4,108,254
09/21/2022,SBA,CA,AWP,WE,Combined TRACON& Tower with Radar,33,51,29,0,113,0,1,70,2,73,33,52,99,2,186,80,0,80,266
09/22/2022,SBA,CA,AWP,WE,Combined TRACON& Tower with Radar,35,39,30,0,104,0,1,91,4,96,35,40,121,4,200,116,0,116,316
09/23/2022,SBA,CA,AWP,WE,Combined TRACON& Tower with Radar,35,50,25,0,110,0,1,117,0,118,35,51,142,0,228,124,0,124,352
09/24/2022,SBA,CA,AWP,WE,Combined TRACON& Tower with Radar,31,25,36,0,92,0,0,108,1,109,31,25,144,1,201,108,2,110,311
09/25/2022,SBA,CA,AWP,WE,Combined TRACON& Tower with Radar,34,28,46,0,108,0,1,95,1,97,34,29,141,1,205,130,0,130,335
09/26/2022,SBA,CA,AWP,WE,Combined TRACON& Tower with Radar,38,37,37,2,114,0,1,96,0,97,38,38,133,2,211,124,2,126,337
09/27/2022,SBA,CA,AWP,WE,Combined TRACON& Tower with Radar,32,39,29,4,104,0,2,79,0,81,32,41,108,4,185,108,4,112,297
09/28/2022,SBA,CA,AWP,WE,Combined TRACON& Tower with Radar,33,42,31,2,108,0,0,89,0,89,33,42,120,2,197,126,2,128,325
09/29/2022,SBA,CA,AWP,WE,Combined TRACON& Tower with Radar,35,45,49,0,129,0,2,85,1,88,35,47,134,1,217,204,2,206,423
09/30/2022,SBA,CA,AWP,WE,Combined TRACON& Tower with Radar,35,38,77,3,153,0,0,69,1,70,35,38,146,4,223,104,0,104,327
10/01/2022,SBA,CA,AWP,WE,Combined TRACON& Tower with Radar,28,32,34,0,94,0,2,37,0,39,28,34,71,0,133,68,0,68,201
10/02/2022,SBA,CA,AWP,WE,Combined TRACON& Tower with Radar,38,49,50,0,137,0,0,88,1,89,38,49,138,1,226,68,0,68,294
10/03/2022,SBA,CA,AWP,WE,Combined TRACON& Tower with Radar,36,36,25,6,103,0,5,79,3,87,36,41,104,9,190,106,0,106,296
10/04/2022,SBA,CA,AWP,WE,Combined TRACON& Tower with Radar,35,29,32,3,99,0,0,81,1,82,35,29,113,4,181,128,0,128,309
10/05/2022,SBA,CA,AWP,WE,Combined TRACON& Tower with Radar,34,25,55,4,118,0,2,32,1,35,34,27,87,5,153,6,4,10,163
10/06/2022,SBA,CA,AWP,WE,Combined TRACON& Tower with Radar,37,46,77,0,160,0,0,3,0,3,37,46,80,0,163,8,0,8,171
10/07/2022,SBA,CA,AWP,WE,Combined TRACON& Tower with Radar,33,43,79,0,155,0,0,32,1,33,33,43,111,1,188,20,0,20,208
10/08/2022,SBA,CA,AWP,WE,Combined TRACON& Tower with Radar,33,34,52,1,120,0,0,3,0,3,33,34,55,1,123,0,0,0,123
10/09/2022,SBA,CA,AWP,WE,Combined TRACON& Tower with Radar,37,32,83,0,152,0,0,50,0,50,37,32,133,0,202,32,0,32,234
10/10/2022,SBA,CA,AWP,WE,Combined TRACON& Tower with Radar,36,43,76,2,157,0,0,10,0,10,36,43,86,2,167,0,0,0,167
10/11/2022,SBA,CA,AWP,WE,Combined TRACON& Tower with Radar,35,37,51,6,129,0,2,22,2,26,35,39,73,8,155,72,2,74,229
10/12/2022,SBA,CA,AWP,WE,Combined TRACON& Tower with Radar,35,38,43,2,118,0,0,10,0,10,35,38,53,2,128,16,0,16,144
10/13/2022,SBA,CA,AWP,WE,Combined TRACON& Tower with Radar,33,41,67,0,141,0,0,4,0,4,33,41,71,0,145,0,0,0,145
10/14/2022,SBA,CA,AWP,WE,Combined TRACON& Tower with Radar,37,55,95,0,187,0,0,3,0,3,37,55,98,0,190,16,0,16,206
10/15/2022,SBA,CA,AWP,WE,Combined TRACON& Tower with Radar,31,40,55,0,126,0,2,15,0,17,31,42,70,0,143,30,0,30,173
10/16/2022,SBA,CA,AWP,WE,Combined TRACON& Tower with Radar,38,45,67,2,152,0,0,42,0,42,38,45,109,2,194,82,0,82,276
10/17/2022,SBA,CA,AWP,WE,Combined TRACON& Tower with Radar,37,46,32,3,118,0,0,93,1,94,37,46,125,4,212,66,2,68,280
10/18/2022,SBA,CA,AWP,WE,Combined TRACON& Tower with Radar,35,27,33,9,104,0,2,102,3,107,35,29,135,12,211,120,24,144,355
10/19/2022,SBA,CA,AWP,WE,Combined TRACON& Tower with Radar,35,28,26,4,93,0,2,73,2,77,35,30,99,6,170,82,6,88,258
10/20/2022,SBA,CA,AWP,WE,Combined TRACON& Tower with Radar,35,35,46,1,117,0,1,103,6,110,35,36,149,7,227,152,0,152,379
10/21/2022,SBA,CA,AWP,WE,Combined TRACON& Tower with Radar,37,24,69,1,131,0,2,62,1,65,37,26,131,2,196,106,0,106,302
10/22/2022,SBA,CA,AWP,WE,Combined TRACON& Tower with Radar,33,21,45,0,99,0,0,15,0,15,33,21,60,0,114,104,0,104,218
10/23/2022,SBA,CA,AWP,WE,Combined TRACON& Tower with Radar,37,36,53,0,126,0,0,124,0,124,37,36,177,0,250,124,0,124,374
10/24/2022,SBA,CA,AWP,WE,Combined TRACON& Tower with Radar,36,39,41,5,121,0,3,76,1,80,36,42,117,6,201,120,4,124,325
10/25/2022,SBA,CA,AWP,WE,Combined TRACON& Tower with Radar,35,34,39,4,112,0,2,110,0,112,35,36,149,4,224,144,0,144,368
10/26/2022,SBA,CA,AWP,WE,Combined TRACON& Tower with Radar,36,35,35,0,106,0,2,99,0,101,36,37,134,0,207,130,0,130,337
10/27/2022,SBA,CA,AWP,WE,Combined TRACON& Tower with Radar,37,36,27,0,100,0,0,95,0,95,37,36,122,0,195,116,0,116,311
10/28/2022,SBA,CA,AWP,WE,Combined TRACON& Tower with Radar,38,46,27,0,111,0,1,104,0,105,38,47,131,0,216,170,0,170,386
10/29/2022,SBA,CA,AWP,WE,Combined TRACON& Tower with Radar,29,34,23,0,86,0,1,104,0,105,29,35,127,0,191,84,0,84,275
10/30/2022,SBA,CA,AWP,WE,Combined TRACON& Tower with Radar,37,28,37,0,102,0,5,112,0,117,37,33,149,0,219,116,0,116,335
10/31/2022,SBA,CA,AWP,WE,Combined TRACON& Tower with Radar,33,25,33,0,91,0,4,92,0,96,33,29,125,0,187,122,0,122,309
11/01/2022,SBA,CA,AWP,WE,Combined TRACON& Tower with Radar,34,36,39,4,113,0,0,25,2,27,34,36,64,6,140,38,2,40,180
11/02/2022,SBA,CA,AWP,WE,Combined TRACON& Tower with Radar,33,29,33,4,99,0,0,37,4,41,33,29,70,8,140,82,12,94,234
11/03/2022,SBA,CA,AWP,WE,Combined TRACON& Tower with Radar,34,32,33,0,99,0,1,47,1,49,34,33,80,1,148,56,0,56,204
11/04/2022,SBA,CA,AWP,WE,Combined TRACON& Tower with Radar,33,46,46,2,127,0,0,106,5,111,33,46,152,7,238,292,0,292,530
11/05/2022,SBA,CA,AWP,WE,Combined TRACON& Tower with Radar,31,36,37,0,104,0,0,98,0,98,31,36,135,0,202,102,0,102,304
11/06/2022,SBA,CA,AWP,WE,Combined TRACON& Tower with Radar,35,31,53,0,119,0,6,94,0,100,35,37,147,0,219,56,0,56,275
11/07/2022,SBA,CA,AWP,WE,Combined TRACON& Tower with Radar,34,32,42,0,108,0,0,3,0,3,34,32,45,0,111,0,0,0,111
11/08/2022,SBA,CA,AWP,WE,Combined TRACON& Tower with Radar,33,37,12,0,82,0,0,0,0,0,33,37,12,0,82,10,0,10,92
11/09/2022,SBA,CA,AWP,WE,Combined TRACON& Tower with Radar,33,27,34,8,102,0,3,76,2,81,33,30,110,10,183,72,4,76,259
11/10/2022,SBA,CA,AWP,WE,Combined TRACON& Tower with Radar,31,34,35,1,101,0,0,108,0,108,31,34,143,1,209,0,0,0,209
11/11/2022,SBA,CA,AWP,WE,Combined TRACON& Tower with Radar,35,38,36,0,109,0,1,105,2,108,35,39,141,2,217,146,0,146,363
11/12/2022,SBA,CA,AWP,WE,Combined TRACON& Tower with Radar,30,18,24,2,74,0,2,87,0,89,30,20,111,2,163,142,0,142,305
11/13/2022,SBA,CA,AWP,WE,Combined TRACON& Tower with Radar,34,27,52,0,113,0,0,75,1,76,34,27,127,1,189,86,0,86,275
11/14/2022,SBA,CA,AWP,WE,Combined TRACON& Tower with Radar,34,38,32,0,104,0,0,99,0,99,34,38,131,0,203,74,0,74,277
11/15/2022,SBA,CA,AWP,WE,Combined TRACON& Tower with Radar,34,41,45,4,124,0,0,81,2,83,34,41,126,6,207,164,0,164,371
11/16/2022,SBA,CA,AWP,WE,Combined TRACON& Tower with Radar,33,37,33,0,103,0,2,60,2,64,33,39,93,2,167,74,0,74,241
11/17/2022,SBA,CA,AWP,WE,Combined TRACON& Tower with Radar,33,38,51,3,125,0,3,91,0,94,33,41,142,3,219,98,0,98,317
11/18/2022,SBA,CA,AWP,WE,Combined TRACON& Tower with Radar,32,43,56,1,132,0,3,112,1,116,32,46,168,2,248,152,0,152,400
11/19/2022,SBA,CA,AWP,WE,Combined TRACON& Tower with Radar,32,30,49,0,111,0,0,76,0,76,32,30,125,0,187,150,0,150,337
11/20/2022,SBA,CA,AWP,WE,Combined TRACON& Tower with Radar,34,39,50,0,123,0,0,101,0,101,34,39,151,0,224,148,0,148,372
11/21/2022,SBA,CA,AWP,WE,Combined TRACON& Tower with Radar,33,37,21,1,92,0,2,98,3,103,33,39,119,4,195,132,0,132,327
11/22/2022,SBA,CA,AWP,WE,Combined TRACON& Tower with Radar,33,29,42,4,108,0,2,91,0,93,33,31,133,4,201,104,4,108,309
11/23/2022,SBA,CA,AWP,WE,Combined TRACON& Tower with Radar,36,36,56,3,131,0,1,108,1,110,36,37,164,4,241,96,2,98,339
11/24/2022,SBA,CA,AWP,WE,Combined TRACON& Tower with Radar,26,8,9,0,43,0,0,43,0,43,26,8,52,0,86,32,0,32,118
11/25/2022,SBA,CA,AWP,WE,Combined TRACON& Tower with Radar,33,26,40,0,99,0,1,89,0,90,33,27,129,0,189,26,0,26,215
11/26/2022,SBA,CA,AWP,WE,Combined TRACON& Tower with Radar,33,32,41,0,106,0,4,96,0,100,33,36,137,0,206,50,0,50,256
11/27/2022,SBA,CA,AWP,WE,Combined TRACON& Tower with Radar,34,36,62,0,132,0,4,110,0,114,34,40,172,0,246,66,0,66,312
11/28/2022,SBA,CA,AWP,WE,Combined TRACON& Tower with Radar,33,34,42,1,110,0,1,33,0,34,33,35,75,1,144,42,0,42,186
11/29/2022,SBA,CA,AWP,WE,Combined TRACON& Tower with Radar,33,23,21,2,79,0,2,55,0,57,33,25,76,2,136,88,0,88,224
11/30/2022,SBA,CA,AWP,WE,Combined TRACON& Tower with Radar,31,36,34,1,102,0,0,17,0,17,31,36,51,1,119,154,0,154,273
12/01/2022,SBA,CA,AWP,WE,Combined TRACON& Tower with Radar,29,36,41,0,106,0,0,0,0,0,29,36,41,0,106,60,0,60,166
12/02/2022,SBA,CA,AWP,WE,Combined TRACON& Tower with Radar,34,33,48,2,117,0,0,2,0,2,34,33,50,2,119,12,0,12,131
12/03/2022,SBA,CA,AWP,WE,Combined TRACON& Tower with Radar,28,26,31,0,85,0,0,15,0,15,28,26,46,0,100,64,0,64,164
12/04/2022,SBA,CA,AWP,WE,Combined TRACON& Tower with Radar,33,26,42,0,101,0,0,7,0,7,33,26,49,0,108,32,0,32,140
12/05/2022,SBA,CA,AWP,WE,Combined TRACON& Tower with Radar,32,22,25,2,81,0,2,71,0,73,32,24,96,2,154,72,0,72,226
12/06/2022,SBA,CA,AWP,WE,Combined TRACON& Tower with Radar,34,26,27,2,89,0,0,40,0,40,34,26,67,2,129,146,0,146,275
12/07/2022,SBA,CA,AWP,WE,Combined TRACON& Tower with Radar,32,27,43,0,102,0,3,78,0,81,32,30,121,0,183,64,0,64,247
12/08/2022,SBA,CA,AWP,WE,Combined TRACON& Tower with Radar,31,30,33,6,100,0,0,75,7,82,31,30,108,13,182,96,22,118,300
12/09/2022,SBA,CA,AWP,WE,Combined TRACON& Tower with Radar,34,48,39,5,126,0,2,98,1,101,34,50,137,6,227,74,0,74,301
12/10/2022,SBA,CA,AWP,WE,Combined TRACON& Tower with Radar,28,14,35,2,79,0,0,0,0,0,28,14,35,2,79,0,0,0,79
12/11/2022,SBA,CA,AWP,WE,Combined TRACON& Tower with Radar,33,26,27,1,87,0,0,17,0,17,33,26,44,1,104,54,0,54,158
12/12/2022,SBA,CA,AWP,WE,Combined TRACON& Tower with Radar,32,34,28,2,96,0,0,31,1,32,32,34,59,3,128,68,0,68,196
12/13/2022,SBA,CA,AWP,WE,Combined TRACON& Tower with Radar,32,30,37,5,104,0,1,86,4,91,32,31,123,9,195,128,8,136,331
12/14/2022,SBA,CA,AWP,WE,Combined TRACON& Tower with Radar,31,34,35,1,101,0,0,83,1,84,31,34,118,2,185,46,0,46,231
12/15/2022,SBA,CA,AWP,WE,Combined TRACON& Tower with Radar,29,44,48,2,123,0,3,67,1,71,29,47,115,3,194,112,0,112,306
12/16/2022,SBA,CA,AWP,WE,Combined TRACON& Tower with Radar,29,53,49,3,134,0,3,88,1,92,29,56,137,4,226,136,0,136,362
12/17/2022,SBA,CA,AWP,WE,Combined TRACON& Tower with Radar,30,27,40,0,97,0,0,90,0,90,30,27,130,0,187,96,0,96,283
12/18/2022,SBA,CA,AWP,WE,Combined TRACON& Tower with Radar,31,30,25,0,86,0,0,108,0,108,31,30,133,0,194,60,0,60,254
12/19/2022,SBA,CA,AWP,WE,Combined TRACON& Tower with Radar,31,30,44,0,105,0,2,74,0,76,31,32,118,0,181,92,0,92,273
12/20/2022,SBA,CA,AWP,WE,Combined TRACON& Tower with Radar,31,40,19,10,100,0,2,59,0,61,31,42,78,10,161,94,8,102,263
12/21/2022,SBA,CA,AWP,WE,Combined TRACON& Tower with Radar,28,38,27,1,94,0,1,86,1,88,28,39,113,2,182,128,0,128,310
12/22/2022,SBA,CA,AWP,WE,Combined TRACON& Tower with Radar,25,35,32,0,92,0,0,89,0,89,25,35,121,0,181,96,0,96,277
12/23/2022,SBA,CA,AWP,WE,Combined TRACON& Tower with Radar,23,45,28,2,98,0,0,96,0,96,23,45,124,2,194,160,4,164,358
12/24/2022,SBA,CA,AWP,WE,Combined TRACON& Tower with Radar,14,19,16,0,49,0,0,64,0,64,14,19,80,0,113,80,0,80,193
12/25/2022,SBA,CA,AWP,WE,Combined TRACON& Tower with Radar,16,17,10,0,43,0,0,45,0,45,16,17,55,0,88,10,0,10,98
12/26/2022,SBA,CA,AWP,WE,Combined TRACON& Tower with Radar,25,30,58,0,113,0,2,94,1,97,25,32,152,1,210,118,0,118,328
12/27/2022,SBA,CA,AWP,WE,Combined TRACON& Tower with Radar,25,28,37,0,90,0,0,9,0,9,25,28,46,0,99,0,0,0,99
12/28/2022,SBA,CA,AWP,WE,Combined TRACON& Tower with Radar,23,34,53,0,110,0,0,74,0,74,23,34,127,0,184,96,0,96,280
12/29/2022,SBA,CA,AWP,WE,Combined TRACON& Tower with Radar,23,48,44,3,118,0,0,10,1,11,23,48,54,4,129,38,4,42,171
12/30/2022,SBA,CA,AWP,WE,Combined TRACON& Tower with Radar,35,43,49,0,127,0,0,0,0,0,35,43,49,0,127,4,0,4,131
12/31/2022,SBA,CA,AWP,WE,Combined TRACON& Tower with Radar,27,25,18,0,70,0,0,0,0,0,27,25,18,0,70,0,0,0,70
01/01/2023,SBA,CA,AWP,WE,Combined TRACON& Tower with Radar,29,28,25,0,82,0,9,12,0,21,29,37,37,0,103,0,0,0,103
01/02/2023,SBA,CA,AWP,WE,Combined TRACON& Tower with Radar,34,35,49,0,118,0,1,36,0,37,34,36,85,0,155,48,0,48,203
01/03/2023,SBA,CA,AWP,WE,Combined TRACON& Tower with Radar,31,31,32,2,96,0,0,27,0,27,31,31,59,2,123,138,0,138,261
01/04/2023,SBA,CA,AWP,WE,Combined TRACON& Tower with Radar,32,44,10,4,90,0,0,0,0,0,32,44,10,4,90,0,0,0,90
01/05/2023,SBA,CA,AWP,WE,Combined TRACON& Tower with Radar,33,24,15,4,76,0,4,2,0,6,33,28,17,4,82,0,2,2,84
01/06/2023,SBA,CA,AWP,WE,Combined TRACON& Tower with Radar,32,38,43,1,114,0,7,129,1,137,32,45,172,2,251,176,0,176,427
01/07/2023,SBA,CA,AWP,WE,Combined TRACON& Tower with Radar,30,32,22,2,86,0,1,52,0,53,30,33,74,2,139,156,0,156,295
01/08/2023,SBA,CA,AWP,WE,Combined TRACON& Tower with Radar,29,32,46,0,107,0,1,9,0,10,29,33,55,0,117,62,0,62,179
01/09/2023,SBA,CA,AWP,WE,Combined TRACON& Tower with Radar,9,4,2,0,15,0,0,0,0,0,9,4,2,0,15,0,0,0,15
01/10/2023,SBA,CA,AWP,WE,Combined TRACON& Tower with Radar,3,7,4,0,14,0,6,0,2,8,3,13,4,2,22,0,0,0,22
01/11/2023,SBA,CA,AWP,WE,Combined TRACON& Tower with Radar,28,38,28,2,96,0,2,41,2,45,28,40,69,4,141,46,0,46,187
01/12/2023,SBA,CA,AWP,WE,Combined TRACON& Tower with Radar,29,27,26,1,83,0,1,65,3,69,29,28,91,4,152,98,0,98,250
01/13/2023,SBA,CA,AWP,WE,Combined TRACON& Tower with Radar,33,45,23,1,102,0,0,62,0,62,33,45,85,1,164,50,0,50,214
01/14/2023,SBA,CA,AWP,WE,Combined TRACON& Tower with Radar,30,17,16,1,64,0,0,0,0,0,30,17,16,1,64,0,0,0,64
01/15/2023,SBA,CA,AWP,WE,Combined TRACON& Tower with Radar,29,15,18,0,62,0,0,10,0,10,29,15,28,0,72,48,0,48,120
01/16/2023,SBA,CA,AWP,WE,Combined TRACON& Tower with Radar,31,27,23,0,81,0,0,7,0,7,31,27,30,0,88,16,0,16,104
01/17/2023,SBA,CA,AWP,WE,Combined TRACON& Tower with Radar,30,24,26,4,84,0,1,58,0,59,30,25,84,4,143,48,8,56,199
01/18/2023,SBA,CA,AWP,WE,Combined TRACON& Tower with Radar,29,26,31,2,88,0,2,74,0,76,29,28,105,2,164,107,2,109,273
01/19/2023,SBA,CA,AWP,WE,Combined TRACON& Tower with Radar,29,31,40,7,107,0,4,34,0,38,29,35,74,7,145,92,4,96,241
01/20/2023,SBA,CA,AWP,WE,Combined TRACON& Tower with Radar,33,32,36,0,101,0,1,102,1,104,33,33,138,1,205,40,0,40,245
01/21/2023,SBA,CA,AWP,WE,Combined TRACON& Tower with Radar,28,19,34,0,81,0,0,137,0,137,28,19,171,0,218,170,0,170,388
01/22/2023,SBA,CA,AWP,WE,Combined TRACON& Tower with Radar,29,33,31,0,93,0,0,101,0,101,29,33,132,0,194,108,0,108,302
01/23/2023,SBA,CA,AWP,WE,Combined TRACON& Tower with Radar,29,30,27,2,88,0,1,59,0,60,29,31,86,2,148,0,0,0,148
01/24/2023,SBA,CA,AWP,WE,Combined TRACON& Tower with Radar,30,25,32,6,93,0,4,74,1,79,30,29,106,7,172,82,8,90,262
01/25/2023,SBA,CA,AWP,WE,Combined TRACON& Tower with Radar,31,45,41,1,118,0,1,74,1,76,31,46,115,2,194,74,0,74,268
01/26/2023,SBA,CA,AWP,WE,Combined TRACON& Tower with Radar,33,40,25,2,100,0,5,55,1,61,33,45,80,3,161,66,4,70,231
01/27/2023,SBA,CA,AWP,WE,Combined TRACON& Tower with Radar,36,32,47,4,119,0,3,124,0,127,36,35,171,4,246,164,4,168,414
01/28/2023,SBA,CA,AWP,WE,Combined TRACON& Tower with Radar,28,21,38,1,88,0,0,116,2,118,28,21,154,3,206,144,0,144,350
01/29/2023,SBA,CA,AWP,WE,Combined TRACON& Tower with Radar,29,31,42,0,102,0,1,29,0,30,29,32,71,0,132,160,0,160,292
01/30/2023,SBA,CA,AWP,WE,Combined TRACON& Tower with Radar,29,24,26,0,79,0,0,27,0,27,29,24,53,0,106,84,0,84,190
01/31/2023,SBA,CA,AWP,WE,Combined TRACON& Tower with Radar,28,29,21,4,82,0,6,52,1,59,28,35,73,5,141,117,4,121,262
02/01/2023,SBA,CA,AWP,WE,Combined TRACON& Tower with Radar,29,30,17,0,76,0,0,93,0,93,29,30,110,0,169,118,4,122,291
02/02/2023,SBA,CA,AWP,WE,Combined TRACON& Tower with Radar,28,36,33,0,97,0,1,91,0,92,28,37,124,0,189,58,0,58,247
02/03/2023,SBA,CA,AWP,WE,Combined TRACON& Tower with Radar,31,41,45,2,119,0,2,100,6,108,31,43,145,8,227,90,0,90,317
02/04/2023,SBA,CA,AWP,WE,Combined TRACON& Tower with Radar,27,29,39,0,95,0,5,134,4,143,27,34,173,4,238,108,0,108,346
02/05/2023,SBA,CA,AWP,WE,Combined TRACON& Tower with Radar,30,26,26,2,84,0,0,33,2,35,30,26,59,4,119,14,2,16,135
02/06/2023,SBA,CA,AWP,WE,Combined TRACON& Tower with Radar,29,38,23,0,90,0,0,69,0,69,29,38,92,0,159,118,0,118,277
02/07/2023,SBA,CA,AWP,WE,Combined TRACON& Tower with Radar,29,27,28,0,84,0,1,75,0,76,29,28,103,0,160,178,0,178,338
02/08/2023,SBA,CA,AWP,WE,Combined TRACON& Tower with Radar,29,38,35,2,104,0,0,93,0,93,29,38,128,2,197,128,4,132,329
02/09/2023,SBA,CA,AWP,WE,Combined TRACON& Tower with Radar,29,42,39,4,114,0,0,81,0,81,29,42,120,4,195,158,6,164,359
02/10/2023,SBA,CA,AWP,WE,Combined TRACON& Tower with Radar,36,45,34,2,117,0,1,128,2,131,36,46,162,4,248,174,0,174,422
02/11/2023,SBA,CA,AWP,WE,Combined TRACON& Tower with Radar,30,24,21,0,75,0,0,44,0,44,30,24,65,0,119,16,0,16,135
02/12/2023,SBA,CA,AWP,WE,Combined TRACON& Tower with Radar,33,26,24,0,83,0,0,91,2,93,33,26,115,2,176,161,0,161,337
02/13/2023,SBA,CA,AWP,WE,Combined TRACON& Tower with Radar,32,31,36,8,107,0,2,42,0,44,32,33,78,8,151,126,8,134,285
02/14/2023,SBA,CA,AWP,WE,Combined TRACON& Tower with Radar,32,33,23,7,95,0,3,19,1,23,32,36,42,8,118,62,18,80,198
02/15/2023,SBA,CA,AWP,WE,Combined TRACON& Tower with Radar,33,39,33,0,105,0,6,80,4,90,33,45,113,4,195,96,0,96,291
02/16/2023,SBA,CA,AWP,WE,Combined TRACON& Tower with Radar,37,52,43,0,132,0,2,77,2,81,37,54,120,2,213,88,0,88,301
02/17/2023,SBA,CA,AWP,WE,Combined TRACON& Tower with Radar,37,48,51,2,138,0,2,83,0,85,37,50,134,2,223,96,0,96,319
02/18/2023,SBA,CA,AWP,WE,Combined TRACON& Tower with Radar,30,37,38,0,105,0,0,136,0,136,30,37,174,0,241,110,0,110,351
02/19/2023,SBA,CA,AWP,WE,Combined TRACON& Tower with Radar,32,23,46,0,101,0,0,111,0,111,32,23,157,0,212,130,0,130,342
02/20/2023,SBA,CA,AWP,WE,Combined TRACON& Tower with Radar,35,33,54,0,122,0,0,114,1,115,35,33,168,1,237,64,0,64,301
02/21/2023,SBA,CA,AWP,WE,Combined TRACON& Tower with Radar,35,34,29,2,100,0,0,34,5,39,35,34,63,7,139,88,2,90,229
02/22/2023,SBA,CA,AWP,WE,Combined TRACON& Tower with Radar,34,13,12,3,62,0,0,11,9,20,34,13,23,12,82,0,2,2,84
02/23/2023,SBA,CA,AWP,WE,Combined TRACON& Tower with Radar,34,23,28,0,85,0,0,4,0,4,34,23,32,0,89,46,0,46,135
02/24/2023,SBA,CA,AWP,WE,Combined TRACON& Tower with Radar,30,24,11,0,65,0,0,0,0,0,30,24,11,0,65,0,0,0,65
02/25/2023,SBA,CA,AWP,WE,Combined TRACON& Tower with Radar,30,32,17,0,79,0,0,6,0,6,30,32,23,0,85,32,0,32,117
02/26/2023,SBA,CA,AWP,WE,Combined TRACON& Tower with Radar,33,34,30,3,100,0,0,58,1,59,33,34,88,4,159,110,0,110,269
02/27/2023,SBA,CA,AWP,WE,Combined TRACON& Tower with Radar,35,22,9,0,66,0,0,10,0,10,35,22,19,0,76,110,0,110,186
02/28/2023,SBA,CA,AWP,WE,Combined TRACON& Tower with Radar,36,27,23,2,88,0,2,27,3,32,36,29,50,5,120,128,0,128,248
03/01/2023,SBA,CA,AWP,WE,Combined TRACON& Tower with Radar,34,35,19,5,93,0,0,11,3,14,34,35,30,8,107,0,0,0,107
03/02/2023,SBA,CA,AWP,WE,Combined TRACON& Tower with Radar,36,35,53,0,124,0,2,135,2,139,36,37,188,2,263,168,2,170,433
03/03/2023,SBA,CA,AWP,WE,Combined TRACON& Tower with Radar,33,35,38,0,106,0,0,116,0,116,33,35,154,0,222,132,0,132,354
03/04/2023,SBA,CA,AWP,WE,Combined TRACON& Tower with Radar,36,16,28,2,82,0,0,24,1,25,36,16,52,3,107,92,0,92,199
03/05/2023,SBA,CA,AWP,WE,Combined TRACON& Tower with Radar,32,48,35,1,116,0,0,20,2,22,32,48,55,3,138,58,0,58,196
03/06/2023,SBA,CA,AWP,WE,Combined TRACON& Tower with Radar,33,34,41,0,108,0,0,65,2,67,33,34,106,2,175,86,2,88,263
03/07/2023,SBA,CA,AWP,WE,Combined TRACON& Tower with Radar,33,34,30,2,99,0,1,115,0,116,33,35,145,2,215,106,0,106,321
03/08/2023,SBA,CA,AWP,WE,Combined TRACON& Tower with Radar,33,40,50,4,127,0,4,51,0,55,33,44,101,4,182,107,0,107,289
03/09/2023,SBA,CA,AWP,WE,Combined TRACON& Tower with Radar,34,40,34,4,112,0,0,92,1,93,34,40,126,5,205,112,6,118,323
03/10/2023,SBA,CA,AWP,WE,Combined TRACON& Tower with Radar,33,21,29,0,83,0,0,0,0,0,33,21,29,0,83,4,0,4,87
03/11/2023,SBA,CA,AWP,WE,Combined TRACON& Tower with Radar,33,21,54,0,108,0,0,1,0,1,33,21,55,0,109,0,0,0,109
03/12/2023,SBA,CA,AWP,WE,Combined TRACON& Tower with Radar,31,30,41,0,102,0,0,9,0,9,31,30,50,0,111,0,0,0,111
03/13/2023,SBA,CA,AWP,WE,Combined TRACON& Tower with Radar,31,31,69,0,131,0,0,0,0,0,31,31,69,0,131,10,0,10,141
03/14/2023,SBA,CA,AWP,WE,Combined TRACON& Tower with Radar,32,29,21,0,82,0,0,0,0,0,32,29,21,0,82,0,0,0,82
03/15/2023,SBA,CA,AWP,WE,Combined TRACON& Tower with Radar,34,26,40,2,102,0,3,39,0,42,34,29,79,2,144,72,0,72,216
03/16/2023,SBA,CA,AWP,WE,Combined TRACON& Tower with Radar,33,29,46,3,111,0,4,40,1,45,33,33,86,4,156,200,0,200,356
03/17/2023,SBA,CA,AWP,WE,Combined TRACON& Tower with Radar,35,40,38,0,113,0,6,90,0,96,35,46,128,0,209,112,0,112,321
03/18/2023,SBA,CA,AWP,WE,Combined TRACON& Tower with Radar,34,28,41,0,103,0,5,139,0,144,34,33,180,0,247,186,0,186,433
03/19/2023,SBA,CA,AWP,WE,Combined TRACON& Tower with Radar,32,31,55,2,120,0,0,14,0,14,32,31,69,2,134,70,0,70,204
03/20/2023,SBA,CA,AWP,WE,Combined TRACON& Tower with Radar,34,33,47,6,120,0,0,7,0,7,34,33,54,6,127,34,6,40,167
03/21/2023,SBA,CA,AWP,WE,Combined TRACON& Tower with Radar,29,16,8,0,53,0,0,0,0,0,29,16,8,0,53,0,0,0,53
03/22/2023,SBA,CA,AWP,WE,Combined TRACON& Tower with Radar,35,39,21,0,95,0,0,7,0,7,35,39,28,0,102,76,0,76,178
03/23/2023,SBA,CA,AWP,WE,Combined TRACON& Tower with Radar,34,29,34,0,97,0,0,48,2,50,34,29,82,2,147,98,0,98,245
03/24/2023,SBA,CA,AWP,WE,Combined TRACON& Tower with Radar,34,37,37,0,108,0,4,83,1,88,34,41,120,1,196,90,0,90,286
03/25/2023,SBA,CA,AWP,WE,Combined TRACON& Tower with Radar,33,22,39,2,96,0,0,100,2,102,33,22,139,4,198,156,0,156,354
03/26/2023,SBA,CA,AWP,WE,Combined TRACON& Tower with Radar,29,37,48,0,114,0,3,106,0,109,29,40,154,0,223,86,0,86,309
03/27/2023,SBA,CA,AWP,WE,Combined TRACON& Tower with Radar,29,33,36,3,101,0,1,99,1,101,29,34,135,4,202,112,2,114,316
03/28/2023,SBA,CA,AWP,WE,Combined TRACON& Tower with Radar,33,37,28,0,98,0,1,79,0,80,33,38,107,0,178,86,0,86,264
03/29/2023,SBA,CA,AWP,WE,Combined TRACON& Tower with Radar,31,31,18,0,80,0,2,17,0,19,31,33,35,0,99,26,0,26,125
03/30/2023,SBA,CA,AWP,WE,Combined TRACON& Tower with Radar,31,35,33,3,102,0,2,33,4,39,31,37,66,7,141,120,2,122,263
03/31/2023,SBA,CA,AWP,WE,Combined TRACON& Tower with Radar,27,47,28,0,102,0,0,102,3,105,27,47,130,3,207,132,0,132,339
04/01/2023,SBA,CA,AWP,WE,Combined TRACON& Tower with Radar,28,32,34,4,98,0,5,136,0,141,28,37,170,4,239,64,0,64,303
04/02/2023,SBA,CA,AWP,WE,Combined TRACON& Tower with Radar,26,36,34,3,99,0,3,130,1,134,26,39,164,4,233,92,0,92,325
04/03/2023,SBA,CA,AWP,WE,Combined TRACON& Tower with Radar,31,39,12,7,89,0,0,20,3,23,31,39,32,10,112,22,0,22,134
04/04/2023,SBA,CA,AWP,WE,Combined TRACON& Tower with Radar,32,39,26,6,103,0,1,47,2,50,32,40,73,8,153,54,0,54,207
04/05/2023,SBA,CA,AWP,WE,Combined TRACON& Tower with Radar,31,42,34,7,114,0,2,105,2,109,31,44,139,9,223,90,6,96,319
04/06/2023,SBA,CA,AWP,WE,Combined TRACON& Tower with Radar,30,42,53,6,131,0,2,109,0,111,30,44,162,6,242,92,0,92,334
04/07/2023,SBA,CA,AWP,WE,Combined TRACON& Tower with Radar,30,43,31,0,104,0,2,92,1,95,30,45,123,1,199,140,0,140,339
04/08/2023,SBA,CA,AWP,WE,Combined TRACON& Tower with Radar,28,26,27,4,85,0,0,113,0,113,28,26,140,4,198,110,0,110,308
04/09/2023,SBA,CA,AWP,WE,Combined TRACON& Tower with Radar,28,32,45,0,105,0,1,18,0,19,28,33,63,0,124,0,0,0,124
04/10/2023,SBA,CA,AWP,WE,Combined TRACON& Tower with Radar,30,50,63,0,143,0,0,15,0,15,30,50,78,0,158,2,0,2,160
04/11/2023,SBA,CA,AWP,WE,Combined TRACON& Tower with Radar,36,41,62,3,142,0,0,3,1,4,36,41,65,4,146,2,0,2,148
04/12/2023,SBA,CA,AWP,WE,Combined TRACON& Tower with Radar,33,53,57,0,143,0,2,6,1,9,33,55,63,1,152,2,0,2,154
04/13/2023,SBA,CA,AWP,WE,Combined TRACON& Tower with Radar,32,41,32,0,105,0,0,53,2,55,32,41,85,2,160,62,2,64,224
04/14/2023,SBA,CA,AWP,WE,Combined TRACON& Tower with Radar,29,49,35,0,113,0,0,74,0,74,29,49,109,0,187,92,0,92,279
04/15/2023,SBA,CA,AWP,WE,Combined TRACON& Tower with Radar,29,31,43,0,103,0,0,125,0,125,29,31,168,0,228,68,0,68,296
04/16/2023,SBA,CA,AWP,WE,Combined TRACON& Tower with Radar,29,38,60,0,127,0,0,43,2,45,29,38,103,2,172,56,0,56,228
04/17/2023,SBA,CA,AWP,WE,Combined TRACON& Tower with Radar,31,57,54,4,146,0,1,13,0,14,31,58,67,4,160,42,0,42,202
04/18/2023,SBA,CA,AWP,WE,Combined TRACON& Tower with Radar,29,81,60,2,172,0,1,78,0,79,29,82,138,2,251,63,2,65,316
04/19/2023,SBA,CA,AWP,WE,Combined TRACON& Tower with Radar,30,41,42,0,113,0,0,87,1,88,30,41,129,1,201,104,0,104,305
04/20/2023,SBA,CA,AWP,WE,Combined TRACON& Tower with Radar,29,73,64,0,166,0,6,127,4,137,29,79,191,4,303,146,0,146,449
04/21/2023,SBA,CA,AWP,WE,Combined TRACON& Tower with Radar,30,62,38,2,132,0,3,137,0,140,30,65,175,2,272,126,0,126,398
04/22/2023,SBA,CA,AWP,WE,Combined TRACON& Tower with Radar,31,52,30,0,113,0,4,113,2,119,31,56,143,2,232,170,0,170,402
04/23/2023,SBA,CA,AWP,WE,Combined TRACON& Tower with Radar,30,36,41,2,109,0,3,116,0,119,30,39,157,2,228,92,0,92,320
04/24/2023,SBA,CA,AWP,WE,Combined TRACON& Tower with Radar,29,39,36,2,106,0,6,59,0,65,29,45,95,2,171,66,0,66,237
04/25/2023,SBA,CA,AWP,WE,Combined TRACON& Tower with Radar,28,37,51,2,118,0,2,36,1,39,28,39,87,3,157,134,2,136,293
04/26/2023,SBA,CA,AWP,WE,Combined TRACON& Tower with Radar,29,33,76,0,138,0,0,7,0,7,29,33,83,0,145,0,0,0,145
04/27/2023,SBA,CA,AWP,WE,Combined TRACON& Tower with Radar,28,52,47,0,127,0,1,9,0,10,28,53,56,0,137,0,0,0,137
04/28/2023,SBA,CA,AWP,WE,Combined TRACON& Tower with Radar,40,68,64,0,172,0,2,13,0,15,40,70,77,0,187,2,0,2,189
04/29/2023,SBA,CA,AWP,WE,Combined TRACON& Tower with Radar,35,30,53,1,119,0,0,14,1,15,35,30,67,2,134,6,0,6,140
04/30/2023,SBA,CA,AWP,WE,Combined TRACON& Tower with Radar,34,51,85,1,171,0,0,24,0,24,34,51,109,1,195,18,0,18,213
05/01/2023,SBA,CA,AWP,WE,Combined TRACON& Tower with Radar,31,50,51,1,133,0,7,31,0,38,31,57,82,1,171,108,0,108,279
05/02/2023,SBA,CA,AWP,WE,Combined TRACON& Tower with Radar,29,28,27,2,86,0,1,28,0,29,29,29,55,2,115,60,0,60,175
05/03/2023,SBA,CA,AWP,WE,Combined TRACON& Tower with Radar,31,55,28,2,116,0,1,42,6,49,31,56,70,8,165,112,0,112,277
05/04/2023,SBA,CA,AWP,WE,Combined TRACON& Tower with Radar,30,40,34,7,111,0,1,31,5,37,30,41,65,12,148,134,0,134,282
05/05/2023,SBA,CA,AWP,WE,Combined TRACON& Tower with Radar,30,43,42,0,115,0,0,66,2,68,30,43,108,2,183,134,0,134,317
05/06/2023,SBA,CA,AWP,WE,Combined TRACON& Tower with Radar,30,35,39,1,105,0,4,101,1,106,30,39,140,2,211,118,0,118,329
05/07/2023,SBA,CA,AWP,WE,Combined TRACON& Tower with Radar,30,42,55,0,127,0,4,108,0,112,30,46,163,0,239,132,0,132,371
05/08/2023,SBA,CA,AWP,WE,Combined TRACON& Tower with Radar,32,39,44,4,119,0,5,104,0,109,32,44,148,4,228,146,2,148,376
05/09/2023,SBA,CA,AWP,WE,Combined TRACON& Tower with Radar,28,44,56,4,132,0,1,29,4,34,28,45,85,8,166,90,4,94,260
05/10/2023,SBA,CA,AWP,WE,Combined TRACON& Tower with Radar,31,42,41,2,116,0,8,104,2,114,31,50,145,4,230,180,0,180,410
05/11/2023,SBA,CA,AWP,WE,Combined TRACON& Tower with Radar,35,74,35,0,144,0,5,92,0,97,35,79,127,0,241,166,0,166,407
05/12/2023,SBA,CA,AWP,WE,Combined TRACON& Tower with Radar,31,55,44,0,130,0,9,111,3,123,31,64,155,3,253,110,0,110,363
05/13/2023,SBA,CA,AWP,WE,Combined TRACON& Tower with Radar,33,29,65,0,127,0,7,23,1,31,33,36,88,1,158,16,0,16,174
05/14/2023,SBA,CA,AWP,WE,Combined TRACON& Tower with Radar,29,39,60,0,128,0,1,6,0,7,29,40,66,0,135,0,0,0,135
05/15/2023,SBA,CA,AWP,WE,Combined TRACON& Tower with Radar,31,34,60,4,129,0,0,0,0,0,31,34,60,4,129,0,0,0,129
05/16/2023,SBA,CA,AWP,WE,Combined TRACON& Tower with Radar,28,40,61,2,131,0,0,4,0,4,28,40,65,2,135,0,2,2,137
05/17/2023,SBA,CA,AWP,WE,Combined TRACON& Tower with Radar,32,47,55,0,134,0,0,10,0,10,32,47,65,0,144,34,0,34,178
05/18/2023,SBA,CA,AWP,WE,Combined TRACON& Tower with Radar,31,47,43,2,123,0,0,1,0,1,31,47,44,2,124,28,4,32,156
05/19/2023,SBA,CA,AWP,WE,Combined TRACON& Tower with Radar,31,54,83,2,170,0,0,6,2,8,31,54,89,4,178,54,0,54,232
05/20/2023,SBA,CA,AWP,WE,Combined TRACON& Tower with Radar,30,47,65,0,142,0,1,39,0,40,30,48,104,0,182,114,0,114,296
05/21/2023,SBA,CA,AWP,WE,Combined TRACON& Tower with Radar,30,53,67,0,150,0,5,5,2,12,30,58,72,2,162,6,0,6,168
05/22/2023,SBA,CA,AWP,WE,Combined TRACON& Tower with Radar,33,67,67,0,167,0,0,1,0,1,33,67,68,0,168,0,0,0,168
05/23/2023,SBA,CA,AWP,WE,Combined TRACON& Tower with Radar,28,62,58,0,148,0,0,3,0,3,28,62,61,0,151,40,0,40,191
05/24/2023,SBA,CA,AWP,WE,Combined TRACON& Tower with Radar,33,52,78,0,163,0,3,31,0,34,33,55,109,0,197,206,0,206,403
05/25/2023,SBA,CA,AWP,WE,Combined TRACON& Tower with Radar,32,62,52,5,151,0,3,33,1,37,32,65,85,6,188,150,14,164,352
05/26/2023,SBA,CA,AWP,WE,Combined TRACON& Tower with Radar,32,66,65,4,167,0,1,48,0,49,32,67,113,4,216,110,0,110,326
05/27/2023,SBA,CA,AWP,WE,Combined TRACON& Tower with Radar,29,37,38,0,104,0,3,57,0,60,29,40,95,0,164,164,0,164,328
05/28/2023,SBA,CA,AWP,WE,Combined TRACON& Tower with Radar,29,30,54,0,113,0,0,4,0,4,29,30,58,0,117,74,0,74,191
05/29/2023,SBA,CA,AWP,WE,Combined TRACON& Tower with Radar,34,56,70,0,160,0,2,23,0,25,34,58,93,0,185,80,0,80,265
05/30/2023,SBA,CA,AWP,WE,Combined TRACON& Tower with Radar,30,50,35,4,119,0,0,13,2,15,30,50,48,6,134,120,2,122,256
05/31/2023,SBA,CA,AWP,WE,Combined TRACON& Tower with Radar,32,55,65,4,156,0,0,50,8,58,32,55,115,12,214,154,2,156,370
06/01/2023,SBA,CA,AWP,WE,Combined TRACON& Tower with Radar,30,43,61,8,142,0,3,31,2,36,30,46,92,10,178,156,4,160,338
06/02/2023,SBA,CA,AWP,WE,Combined TRACON& Tower with Radar,33,42,39,0,114,0,0,85,4,89,33,42,124,4,203,116,0,116,319
06/03/2023,SBA,CA,AWP,WE,Combined TRACON& Tower with Radar,30,33,34,4,101,0,6,148,1,155,30,39,182,5,256,104,0,104,360
06/04/2023,SBA,CA,AWP,WE,Combined TRACON& Tower with Radar,26,34,51,1,112,0,2,3,0,5,26,36,54,1,117,0,0,0,117
06/05/2023,SBA,CA,AWP,WE,Combined TRACON& Tower with Radar,32,31,43,3,109,0,0,7,0,7,32,31,50,3,116,22,0,22,138
06/06/2023,SBA,CA,AWP,WE,Combined TRACON& Tower with Radar,30,52,47,0,129,0,0,12,3,15,30,52,59,3,144,68,0,68,212
06/07/2023,SBA,CA,AWP,WE,Combined TRACON& Tower with Radar,32,41,65,4,142,0,2,44,0,46,32,43,109,4,188,118,0,118,306
06/08/2023,SBA,CA,AWP,WE,Combined TRACON& Tower with Radar,32,40,59,2,133,0,4,38,2,44,32,44,97,4,177,160,0,160,337
06/09/2023,SBA,CA,AWP,WE,Combined TRACON& Tower with Radar,32,43,69,0,144,0,1,6,0,7,32,44,75,0,151,230,0,230,381
06/10/2023,SBA,CA,AWP,WE,Combined TRACON& Tower with Radar,29,48,60,2,139,0,1,13,2,16,29,49,73,4,155,32,0,32,187
06/11/2023,SBA,CA,AWP,WE,Combined TRACON& Tower with Radar,26,29,51,0,106,0,0,23,0,23,26,29,74,0,129,82,0,82,211
06/12/2023,SBA,CA,AWP,WE,Combined TRACON& Tower with Radar,33,44,59,2,138,0,5,29,0,34,33,49,88,2,172,86,0,86,258
06/13/2023,SBA,CA,AWP,WE,Combined TRACON& Tower with Radar,31,31,50,4,116,0,0,30,1,31,31,31,80,5,147,132,2,134,281
06/14/2023,SBA,CA,AWP,WE,Combined TRACON& Tower with Radar,31,43,47,0,121,0,1,2,2,5,31,44,49,2,126,120,0,120,246
06/15/2023,SBA,CA,AWP,WE,Combined TRACON& Tower with Radar,31,45,58,1,135,0,3,7,1,11,31,48,65,2,146,84,0,84,230
06/16/2023,SBA,CA,AWP,WE,Combined TRACON& Tower with Radar,34,39,74,0,147,0,2,17,0,19,34,41,91,0,166,132,0,132,298
06/17/2023,SBA,CA,AWP,WE,Combined TRACON& Tower with Radar,31,32,48,0,111,0,3,92,0,95,31,35,140,0,206,42,0,42,248
06/18/2023,SBA,CA,AWP,WE,Combined TRACON& Tower with Radar,27,38,62,1,128,0,0,8,2,10,27,38,70,3,138,22,1,23,161
06/19/2023,SBA,CA,AWP,WE,Combined TRACON& Tower with Radar,33,65,60,0,158,0,0,67,1,68,33,65,127,1,226,148,0,148,374
06/20/2023,SBA,CA,AWP,WE,Combined TRACON& Tower with Radar,31,47,28,4,110,0,1,114,4,119,31,48,142,8,229,108,8,116,345
06/21/2023,SBA,CA,AWP,WE,Combined TRACON& Tower with Radar,31,61,36,0,128,0,2,105,2,109,31,63,141,2,237,202,4,206,443
06/22/2023,SBA,CA,AWP,WE,Combined TRACON& Tower with Radar,31,37,30,4,102,0,2,64,0,66,31,39,94,4,168,124,2,126,294
06/23/2023,SBA,CA,AWP,WE,Combined TRACON& Tower with Radar,32,47,45,0,124,0,1,95,0,96,32,48,140,0,220,80,0,80,300
06/24/2023,SBA,CA,AWP,WE,Combined TRACON& Tower with Radar,29,32,40,0,101,0,3,112,0,115,29,35,152,0,216,124,0,124,340
06/25/2023,SBA,CA,AWP,WE,Combined TRACON& Tower with Radar,24,42,41,0,107,0,8,123,0,131,24,50,164,0,238,146,0,146,384
06/26/2023,SBA,CA,AWP,WE,Combined TRACON& Tower with Radar,32,35,34,13,114,0,6,88,1,95,32,41,122,14,209,64,2,66,275
06/27/2023,SBA,CA,AWP,WE,Combined TRACON& Tower with Radar,29,48,40,3,120,0,1,110,2,113,29,49,150,5,233,102,12,114,347
06/28/2023,SBA,CA,AWP,WE,Combined TRACON& Tower with Radar,29,38,50,5,122,0,0,97,1,98,29,38,147,6,220,154,26,180,400
06/29/2023,SBA,CA,AWP,WE,Combined TRACON& Tower with Radar,29,36,71,1,137,0,3,79,3,85,29,39,150,4,222,102,10,112,334
06/30/2023,SBA,CA,AWP,WE,Combined TRACON& Tower with Radar,32,43,83,0,158,0,1,31,0,32,32,44,114,0,190,6,0,6,196
07/01/2023,SBA,CA,AWP,WE,Combined TRACON& Tower with Radar,31,38,83,0,152,0,0,26,0,26,31,38,109,0,178,36,0,36,214
07/02/2023,SBA,CA,AWP,WE,Combined TRACON& Tower with Radar,26,26,34,0,86,0,0,35,0,35,26,26,69,0,121,28,0,28,149
07/03/2023,SBA,CA,AWP,WE,Combined TRACON& Tower with Radar,31,30,36,1,98,0,4,60,0,64,31,34,96,1,162,46,0,46,208
07/04/2023,SBA,CA,AWP,WE,Combined TRACON& Tower with Radar,31,14,27,0,72,0,0,20,0,20,31,14,47,0,92,14,0,14,106
07/05/2023,SBA,CA,AWP,WE,Combined TRACON& Tower with Radar,34,45,51,1,131,0,2,41,0,43,34,47,92,1,174,40,0,40,214
07/06/2023,SBA,CA,AWP,WE,Combined TRACON& Tower with Radar,34,37,52,2,125,0,0,84,2,86,34,37,136,4,211,96,0,96,307
07/07/2023,SBA,CA,AWP,WE,Combined TRACON& Tower with Radar,38,34,49,0,121,0,0,52,0,52,38,34,101,0,173,98,0,98,271
07/08/2023,SBA,CA,AWP,WE,Combined TRACON& Tower with Radar,31,33,57,2,123,0,0,107,0,107,31,33,164,2,230,148,0,148,378
07/09/2023,SBA,CA,AWP,WE,Combined TRACON& Tower with Radar,28,39,39,0,106,0,1,108,0,109,28,40,147,0,215,162,0,162,377
07/10/2023,SBA,CA,AWP,WE,Combined TRACON& Tower with Radar,35,53,32,0,120,0,7,99,0,106,35,60,131,0,226,158,0,158,384
07/11/2023,SBA,CA,AWP,WE,Combined TRACON& Tower with Radar,32,42,24,4,102,0,1,33,0,34,32,43,57,4,136,22,0,22,158
07/12/2023,SBA,CA,AWP,WE,Combined TRACON& Tower with Radar,35,40,37,0,112,0,5,79,2,86,35,45,116,2,198,98,0,98,296
07/13/2023,SBA,CA,AWP,WE,Combined TRACON& Tower with Radar,21,36,20,2,79,0,2,64,0,66,21,38,84,2,145,82,4,86,231
07/14/2023,SBA,CA,AWP,WE,Combined TRACON& Tower with Radar,36,43,36,8,123,0,1,118,0,119,36,44,154,8,242,184,2,186,428
07/15/2023,SBA,CA,AWP,WE,Combined TRACON& Tower with Radar,31,37,33,1,102,0,6,109,1,116,31,43,142,2,218,134,0,134,352
07/16/2023,SBA,CA,AWP,WE,Combined TRACON& Tower with Radar,29,41,46,1,117,0,2,86,0,88,29,43,132,1,205,62,0,62,267
07/17/2023,SBA,CA,AWP,WE,Combined TRACON& Tower with Radar,36,36,29,3,104,0,1,72,0,73,36,37,101,3,177,121,0,121,298
07/18/2023,SBA,CA,AWP,WE,Combined TRACON& Tower with Radar,34,33,32,8,107,0,4,65,2,71,34,37,97,10,178,48,12,60,238
07/19/2023,SBA,CA,AWP,WE,Combined TRACON& Tower with Radar,36,29,48,4,117,0,3,67,0,70,36,32,115,4,187,60,0,60,247
07/20/2023,SBA,CA,AWP,WE,Combined TRACON& Tower with Radar,34,39,51,1,125,0,3,89,3,95,34,42,140,4,220,106,4,110,330
07/21/2023,SBA,CA,AWP,WE,Combined TRACON& Tower with Radar,35,52,32,1,120,0,3,86,1,90,35,55,118,2,210,86,0,86,296
07/22/2023,SBA,CA,AWP,WE,Combined TRACON& Tower with Radar,33,28,63,0,124,0,1,59,2,62,33,29,122,2,186,18,2,20,206
07/23/2023,SBA,CA,AWP,WE,Combined TRACON& Tower with Radar,28,44,44,0,116,0,2,39,0,41,28,46,83,0,157,40,0,40,197
07/24/2023,SBA,CA,AWP,WE,Combined TRACON& Tower with Radar,35,46,40,8,129,0,2,58,0,60,35,48,98,8,189,140,2,142,331
07/25/2023,SBA,CA,AWP,WE,Combined TRACON& Tower with Radar,33,35,27,2,97,0,5,50,0,55,33,40,77,2,152,84,2,86,238
07/26/2023,SBA,CA,AWP,WE,Combined TRACON& Tower with Radar,35,46,24,0,105,0,2,107,0,109,35,48,131,0,214,98,0,98,312
07/27/2023,SBA,CA,AWP,WE,Combined TRACON& Tower with Radar,35,36,39,1,111,0,4,104,3,111,35,40,143,4,222,114,14,128,350
07/28/2023,SBA,CA,AWP,WE,Combined TRACON& Tower with Radar,34,42,53,0,129,0,2,92,0,94,34,44,145,0,223,54,0,54,277
07/29/2023,SBA,CA,AWP,WE,Combined TRACON& Tower with Radar,30,40,37,0,107,0,0,133,0,133,30,40,170,0,240,132,0,132,372
07/30/2023,SBA,CA,AWP,WE,Combined TRACON& Tower with Radar,31,48,35,0,114,0,3,92,0,95,31,51,127,0,209,70,0,70,279
07/31/2023,SBA,CA,AWP,WE,Combined TRACON& Tower with Radar,35,31,37,0,103,0,0,53,0,53,35,31,90,0,156,32,0,32,188
08/01/2023,SBA,CA,AWP,WE,Combined TRACON& Tower with Radar,34,45,32,0,111,0,6,91,0,97,34,51,123,0,208,116,0,116,324
08/02/2023,SBA,CA,AWP,WE,Combined TRACON& Tower with Radar,35,43,24,5,107,0,2,84,1,87,35,45,108,6,194,68,0,68,262
08/03/2023,SBA,CA,AWP,WE,Combined TRACON& Tower with Radar,36,48,38,0,122,0,0,108,0,108,36,48,146,0,230,156,0,156,386
08/04/2023,SBA,CA,AWP,WE,Combined TRACON& Tower with Radar,35,43,32,0,110,0,0,109,2,111,35,43,141,2,221,152,0,152,373
08/05/2023,SBA,CA,AWP,WE,Combined TRACON& Tower with Radar,34,27,29,0,90,0,0,134,0,134,34,27,163,0,224,88,0,88,312
08/06/2023,SBA,CA,AWP,WE,Combined TRACON& Tower with Radar,29,41,74,0,144,0,2,73,0,75,29,43,147,0,219,28,0,28,247
08/07/2023,SBA,CA,AWP,WE,Combined TRACON& Tower with Radar,37,42,42,10,131,0,0,48,0,48,37,42,90,10,179,132,2,134,313
08/08/2023,SBA,CA,AWP,WE,Combined TRACON& Tower with Radar,38,47,18,2,105,0,5,70,0,75,38,52,88,2,180,54,0,54,234
08/09/2023,SBA,CA,AWP,WE,Combined TRACON& Tower with Radar,36,52,63,0,151,0,5,43,1,49,36,57,106,1,200,22,0,22,222
08/10/2023,SBA,CA,AWP,WE,Combined TRACON& Tower with Radar,35,51,59,0,145,0,0,7,0,7,35,51,66,0,152,0,0,0,152
08/11/2023,SBA,CA,AWP,WE,Combined TRACON& Tower with Radar,36,53,51,0,140,0,0,13,0,13,36,53,64,0,153,62,0,62,215
08/12/2023,SBA,CA,AWP,WE,Combined TRACON& Tower with Radar,33,28,52,0,113,0,1,78,0,79,33,29,130,0,192,150,0,150,342
08/13/2023,SBA,CA,AWP,WE,Combined TRACON& Tower with Radar,32,47,50,0,129,0,2,133,0,135,32,49,183,0,264,84,0,84,348
08/14/2023,SBA,CA,AWP,WE,Combined TRACON& Tower with Radar,36,32,59,0,127,0,0,24,0,24,36,32,83,0,151,14,0,14,165
08/15/2023,SBA,CA,AWP,WE,Combined TRACON& Tower with Radar,33,45,28,7,113,0,0,50,1,51,33,45,78,8,164,24,8,32,196
08/16/2023,SBA,CA,AWP,WE,Combined TRACON& Tower with Radar,36,42,37,0,115,0,7,64,0,71,36,49,101,0,186,56,0,56,242
08/17/2023,SBA,CA,AWP,WE,Combined TRACON& Tower with Radar,34,44,41,4,123,0,1,54,0,55,34,45,95,4,178,78,0,78,256
08/18/2023,SBA,CA,AWP,WE,Combined TRACON& Tower with Radar,32,47,50,0,129,0,4,84,0,88,32,51,134,0,217,96,0,96,313
08/19/2023,SBA,CA,AWP,WE,Combined TRACON& Tower with Radar,31,30,44,0,105,0,0,82,0,82,31,30,126,0,187,120,0,120,307
08/20/2023,SBA,CA,AWP,WE,Combined TRACON& Tower with Radar,35,35,18,1,89,0,0,12,0,12,35,35,30,1,101,30,0,30,131
08/21/2023,SBA,CA,AWP,WE,Combined TRACON& Tower with Radar,34,33,38,1,106,0,1,28,0,29,34,34,66,1,135,44,0,44,179
08/22/2023,SBA,CA,AWP,WE,Combined TRACON& Tower with Radar,34,43,40,0,117,0,5,84,0,89,34,48,124,0,206,94,0,94,300
08/23/2023,SBA,CA,AWP,WE,Combined TRACON& Tower with Radar,36,42,35,3,116,0,1,81,2,84,36,43,116,5,200,58,2,60,260
08/24/2023,SBA,CA,AWP,WE,Combined TRACON& Tower with Radar,37,42,62,7,148,0,3,59,0,62,37,45,121,7,210,36,0,36,246
08/25/2023,SBA,CA,AWP,WE,Combined TRACON& Tower with Radar,34,54,36,0,124,0,3,109,0,112,34,57,145,0,236,88,0,88,324
08/26/2023,SBA,CA,AWP,WE,Combined TRACON& Tower with Radar,31,34,37,0,102,0,3,104,0,107,31,37,141,0,209,50,0,50,259
08/27/2023,SBA,CA,AWP,WE,Combined TRACON& Tower with Radar,33,37,47,0,117,0,5,120,0,125,33,42,167,0,242,52,0,52,294
08/28/2023,SBA,CA,AWP,WE,Combined TRACON& Tower with Radar,34,41,44,0,119,0,6,80,0,86,34,47,124,0,205,80,0,80,285
08/29/2023,SBA,CA,AWP,WE,Combined TRACON& Tower with Radar,34,57,31,3,125,0,6,86,4,96,34,63,117,7,221,78,20,98,319
08/30/2023,SBA,CA,AWP,WE,Combined TRACON& Tower with Radar,35,37,38,1,111,0,7,87,1,95,35,44,125,2,206,90,0,90,296
08/31/2023,SBA,CA,AWP,WE,Combined TRACON& Tower with Radar,31,46,56,0,133,0,0,35,0,35,31,46,91,0,168,46,0,46,214
