07/01/2021,SBD,CA,AWP,WE,Federal Contract Tower,18,6,14,0,38,0,16,48,0,64,18,22,62,0,102,46,0,46,148
07/02/2021,SBD,CA,AWP,WE,Federal Contract Tower,15,2,5,0,22,0,16,49,0,65,15,18,54,0,87,46,0,46,133
07/03/2021,SBD,CA,AWP,WE,Federal Contract Tower,8,0,7,0,15,0,30,53,0,83,8,30,60,0,98,54,0,54,152
07/04/2021,SBD,CA,AWP,WE,Federal Contract Tower,2,0,4,0,6,3,31,30,0,64,5,31,34,0,70,50,0,50,120
07/05/2021,SBD,CA,AWP,WE,Federal Contract Tower,7,4,4,0,15,0,16,27,0,43,7,20,31,0,58,56,0,56,114
07/06/2021,SBD,CA,AWP,WE,Federal Contract Tower,16,6,12,1,35,1,24,29,2,56,17,30,41,3,91,44,0,44,135
07/07/2021,SBD,CA,AWP,WE,Federal Contract Tower,19,4,11,0,34,0,18,33,0,51,19,22,44,0,85,56,0,56,141
07/08/2021,SBD,CA,AWP,WE,Federal Contract Tower,19,2,5,0,26,0,9,59,0,68,19,11,64,0,94,72,0,72,166
07/09/2021,SBD,CA,AWP,WE,Federal Contract Tower,11,2,4,0,17,0,12,48,0,60,11,14,52,0,77,42,0,42,119
07/10/2021,SBD,CA,AWP,WE,Federal Contract Tower,9,2,14,0,25,2,21,54,0,77,11,23,68,0,102,50,0,50,152
07/11/2021,SBD,CA,AWP,WE,Federal Contract Tower,12,0,6,0,18,0,11,37,0,48,12,11,43,0,66,30,0,30,96
07/12/2021,SBD,CA,AWP,WE,Federal Contract Tower,17,2,11,0,30,0,29,53,0,82,17,31,64,0,112,88,0,88,200
07/13/2021,SBD,CA,AWP,WE,Federal Contract Tower,20,0,2,3,25,0,15,12,0,27,20,15,14,3,52,24,6,30,82
07/14/2021,SBD,CA,AWP,WE,Federal Contract Tower,16,2,10,0,28,0,14,33,0,47,16,16,43,0,75,76,0,76,151
07/15/2021,SBD,CA,AWP,WE,Federal Contract Tower,21,2,10,0,33,0,29,65,0,94,21,31,75,0,127,76,0,76,203
07/16/2021,SBD,CA,AWP,WE,Federal Contract Tower,14,4,17,0,35,0,17,46,0,63,14,21,63,0,98,32,0,32,130
07/17/2021,SBD,CA,AWP,WE,Federal Contract Tower,9,1,2,0,12,0,23,49,0,72,9,24,51,0,84,62,0,62,146
07/18/2021,SBD,CA,AWP,WE,Federal Contract Tower,12,1,4,0,17,0,21,27,0,48,12,22,31,0,65,29,0,29,94
07/19/2021,SBD,CA,AWP,WE,Federal Contract Tower,16,4,12,0,32,0,29,30,0,59,16,33,42,0,91,32,0,32,123
07/20/2021,SBD,CA,AWP,WE,Federal Contract Tower,18,2,8,0,28,2,23,48,0,73,20,25,56,0,101,52,0,52,153
07/21/2021,SBD,CA,AWP,WE,Federal Contract Tower,18,2,8,0,28,2,30,58,2,92,20,32,66,2,120,72,0,72,192
07/22/2021,SBD,CA,AWP,WE,Federal Contract Tower,19,1,7,0,27,0,33,46,2,81,19,34,53,2,108,94,0,94,202
07/23/2021,SBD,CA,AWP,WE,Federal Contract Tower,15,0,5,0,20,0,26,58,0,84,15,26,63,0,104,44,0,44,148
07/24/2021,SBD,CA,AWP,WE,Federal Contract Tower,8,1,3,0,12,0,16,55,0,71,8,17,58,0,83,44,0,44,127
07/25/2021,SBD,CA,AWP,WE,Federal Contract Tower,19,0,7,0,26,0,32,30,0,62,19,32,37,0,88,36,0,36,124
07/26/2021,SBD,CA,AWP,WE,Federal Contract Tower,18,10,4,2,34,0,15,24,0,39,18,25,28,2,73,28,0,28,101
07/27/2021,SBD,CA,AWP,WE,Federal Contract Tower,19,0,6,0,25,0,26,24,0,50,19,26,30,0,75,20,0,20,95
07/28/2021,SBD,CA,AWP,WE,Federal Contract Tower,18,4,7,0,29,0,9,57,2,68,18,13,64,2,97,22,0,22,119
07/29/2021,SBD,CA,AWP,WE,Federal Contract Tower,20,3,3,0,26,0,15,37,0,52,20,18,40,0,78,22,0,22,100
07/30/2021,SBD,CA,AWP,WE,Federal Contract Tower,15,2,7,0,24,0,15,43,0,58,15,17,50,0,82,86,0,86,168
07/31/2021,SBD,CA,AWP,WE,Federal Contract Tower,8,1,9,0,18,0,28,56,0,84,8,29,65,0,102,28,0,28,130
08/01/2021,SBD,CA,AWP,WE,Federal Contract Tower,13,4,4,0,21,0,28,24,0,52,13,32,28,0,73,36,0,36,109
08/02/2021,SBD,CA,AWP,WE,Federal Contract Tower,14,4,11,0,29,0,39,37,0,76,14,43,48,0,105,36,0,36,141
08/03/2021,SBD,CA,AWP,WE,Federal Contract Tower,22,11,9,0,42,4,37,28,0,69,26,48,37,0,111,14,0,14,125
08/04/2021,SBD,CA,AWP,WE,Federal Contract Tower,18,5,8,0,31,0,8,35,0,43,18,13,43,0,74,50,0,50,124
08/05/2021,SBD,CA,AWP,WE,Federal Contract Tower,18,0,3,0,21,0,15,52,0,67,18,15,55,0,88,32,0,32,120
08/06/2021,SBD,CA,AWP,WE,Federal Contract Tower,13,1,10,0,24,0,21,48,0,69,13,22,58,0,93,48,0,48,141
08/07/2021,SBD,CA,AWP,WE,Federal Contract Tower,10,3,4,0,17,0,35,52,0,87,10,38,56,0,104,16,0,16,120
08/08/2021,SBD,CA,AWP,WE,Federal Contract Tower,8,2,6,0,16,0,6,34,0,40,8,8,40,0,56,18,0,18,74
08/09/2021,SBD,CA,AWP,WE,Federal Contract Tower,17,2,6,0,25,0,32,72,0,104,17,34,78,0,129,66,0,66,195
08/10/2021,SBD,CA,AWP,WE,Federal Contract Tower,19,4,8,0,31,0,40,30,2,72,19,44,38,2,103,66,0,66,169
08/11/2021,SBD,CA,AWP,WE,Federal Contract Tower,21,0,13,0,34,1,29,47,0,77,22,29,60,0,111,90,0,90,201
08/12/2021,SBD,CA,AWP,WE,Federal Contract Tower,17,0,20,0,37,0,28,47,1,76,17,28,67,1,113,48,0,48,161
08/13/2021,SBD,CA,AWP,WE,Federal Contract Tower,13,0,8,0,21,0,37,49,0,86,13,37,57,0,107,80,0,80,187
08/14/2021,SBD,CA,AWP,WE,Federal Contract Tower,9,4,4,0,17,0,27,67,0,94,9,31,71,0,111,66,0,66,177
08/15/2021,SBD,CA,AWP,WE,Federal Contract Tower,14,1,5,0,20,0,26,26,0,52,14,27,31,0,72,80,0,80,152
08/16/2021,SBD,CA,AWP,WE,Federal Contract Tower,16,2,12,0,30,0,37,46,3,86,16,39,58,3,116,60,0,60,176
08/17/2021,SBD,CA,AWP,WE,Federal Contract Tower,18,4,8,0,30,0,56,63,0,119,18,60,71,0,149,54,0,54,203
08/18/2021,SBD,CA,AWP,WE,Federal Contract Tower,18,7,21,1,47,0,42,31,5,78,18,49,52,6,125,62,0,62,187
08/19/2021,SBD,CA,AWP,WE,Federal Contract Tower,20,2,11,0,33,0,41,56,2,99,20,43,67,2,132,114,0,114,246
08/20/2021,SBD,CA,AWP,WE,Federal Contract Tower,14,1,9,0,24,9,24,30,0,63,23,25,39,0,87,60,0,60,147
08/21/2021,SBD,CA,AWP,WE,Federal Contract Tower,8,7,9,0,24,5,37,14,0,56,13,44,23,0,80,14,0,14,94
08/22/2021,SBD,CA,AWP,WE,Federal Contract Tower,11,0,3,0,14,1,29,28,0,58,12,29,31,0,72,72,0,72,144
08/23/2021,SBD,CA,AWP,WE,Federal Contract Tower,18,1,7,0,26,1,37,25,0,63,19,38,32,0,89,56,0,56,145
08/24/2021,SBD,CA,AWP,WE,Federal Contract Tower,19,3,1,1,24,2,14,18,0,34,21,17,19,1,58,52,0,52,110
08/25/2021,SBD,CA,AWP,WE,Federal Contract Tower,20,0,8,0,28,26,87,31,0,144,46,87,39,0,172,52,0,52,224
08/26/2021,SBD,CA,AWP,WE,Federal Contract Tower,19,0,6,0,25,18,55,41,0,114,37,55,47,0,139,16,0,16,155
08/27/2021,SBD,CA,AWP,WE,Federal Contract Tower,14,3,5,0,22,10,50,41,0,101,24,53,46,0,123,6,0,6,129
08/28/2021,SBD,CA,AWP,WE,Federal Contract Tower,10,2,0,0,12,76,74,20,0,170,86,76,20,0,182,0,0,0,182
08/29/2021,SBD,CA,AWP,WE,Federal Contract Tower,12,0,4,0,16,32,30,30,0,92,44,30,34,0,108,18,0,18,126
08/30/2021,SBD,CA,AWP,WE,Federal Contract Tower,15,0,6,0,21,0,35,26,0,61,15,35,32,0,82,16,0,16,98
08/31/2021,SBD,CA,AWP,WE,Federal Contract Tower,20,6,15,0,41,0,12,17,0,29,20,18,32,0,70,34,0,34,104
09/01/2021,SBD,CA,AWP,WE,Federal Contract Tower,18,4,14,0,36,0,10,28,0,38,18,14,42,0,74,40,0,40,114
09/02/2021,SBD,CA,AWP,WE,Federal Contract Tower,21,2,12,0,35,0,4,22,0,26,21,6,34,0,61,28,0,28,89
09/03/2021,SBD,CA,AWP,WE,Federal Contract Tower,14,2,4,0,20,0,24,34,0,58,14,26,38,0,78,34,0,34,112
09/04/2021,SBD,CA,AWP,WE,Federal Contract Tower,9,0,4,0,13,0,18,34,0,52,9,18,38,0,65,40,0,40,105
09/05/2021,SBD,CA,AWP,WE,Federal Contract Tower,11,0,4,0,15,0,20,35,0,55,11,20,39,0,70,12,0,12,82
09/06/2021,SBD,CA,AWP,WE,Federal Contract Tower,9,4,5,1,19,0,37,52,0,89,9,41,57,1,108,62,0,62,170
09/07/2021,SBD,CA,AWP,WE,Federal Contract Tower,20,1,2,0,23,0,11,26,2,39,20,12,28,2,62,48,0,48,110
09/08/2021,SBD,CA,AWP,WE,Federal Contract Tower,21,5,8,0,34,0,5,26,0,31,21,10,34,0,65,86,0,86,151
09/09/2021,SBD,CA,AWP,WE,Federal Contract Tower,16,2,11,0,29,2,12,29,0,43,18,14,40,0,72,38,0,38,110
09/10/2021,SBD,CA,AWP,WE,Federal Contract Tower,13,6,5,0,24,0,23,55,0,78,13,29,60,0,102,80,0,80,182
09/11/2021,SBD,CA,AWP,WE,Federal Contract Tower,10,1,5,0,16,4,32,68,0,104,14,33,73,0,120,38,0,38,158
09/12/2021,SBD,CA,AWP,WE,Federal Contract Tower,14,4,5,0,23,0,13,27,0,40,14,17,32,0,63,16,0,16,79
09/13/2021,SBD,CA,AWP,WE,Federal Contract Tower,17,0,13,2,32,0,21,63,2,86,17,21,76,4,118,106,0,106,224
09/14/2021,SBD,CA,AWP,WE,Federal Contract Tower,17,4,11,0,32,0,22,49,5,76,17,26,60,5,108,50,0,50,158
09/15/2021,SBD,CA,AWP,WE,Federal Contract Tower,20,3,9,0,32,0,4,45,0,49,20,7,54,0,81,70,0,70,151
09/16/2021,SBD,CA,AWP,WE,Federal Contract Tower,20,1,12,0,33,1,9,36,0,46,21,10,48,0,79,52,0,52,131
09/17/2021,SBD,CA,AWP,WE,Federal Contract Tower,15,4,7,0,26,2,15,37,0,54,17,19,44,0,80,90,0,90,170
09/18/2021,SBD,CA,AWP,WE,Federal Contract Tower,10,1,8,0,19,0,32,42,0,74,10,33,50,0,93,44,0,44,137
09/19/2021,SBD,CA,AWP,WE,Federal Contract Tower,10,5,11,0,26,0,17,26,0,43,10,22,37,0,69,10,0,10,79
09/20/2021,SBD,CA,AWP,WE,Federal Contract Tower,20,4,6,0,30,0,15,36,0,51,20,19,42,0,81,52,0,52,133
09/21/2021,SBD,CA,AWP,WE,Federal Contract Tower,18,1,5,0,24,0,9,34,0,43,18,10,39,0,67,38,0,38,105
09/22/2021,SBD,CA,AWP,WE,Federal Contract Tower,16,0,7,0,23,17,28,72,0,117,33,28,79,0,140,14,0,14,154
09/23/2021,SBD,CA,AWP,WE,Federal Contract Tower,23,0,10,0,33,1,32,53,2,88,24,32,63,2,121,22,0,22,143
09/24/2021,SBD,CA,AWP,WE,Federal Contract Tower,14,0,8,4,26,0,16,65,0,81,14,16,73,4,107,64,2,66,173
09/25/2021,SBD,CA,AWP,WE,Federal Contract Tower,11,7,2,0,20,0,18,44,0,62,11,25,46,0,82,78,0,78,160
09/26/2021,SBD,CA,AWP,WE,Federal Contract Tower,13,1,16,0,30,0,23,14,0,37,13,24,30,0,67,42,0,42,109
09/27/2021,SBD,CA,AWP,WE,Federal Contract Tower,14,4,13,0,31,1,24,13,0,38,15,28,26,0,69,0,0,0,69
09/28/2021,SBD,CA,AWP,WE,Federal Contract Tower,24,2,6,0,32,1,11,21,0,33,25,13,27,0,65,18,0,18,83
09/29/2021,SBD,CA,AWP,WE,Federal Contract Tower,15,8,6,0,29,1,25,27,0,53,16,33,33,0,82,16,0,16,98
09/30/2021,SBD,CA,AWP,WE,Federal Contract Tower,19,2,4,2,27,3,15,43,0,61,22,17,47,2,88,18,0,18,106
10/01/2021,SBD,CA,AWP,WE,Federal Contract Tower,12,3,10,0,25,0,7,51,0,58,12,10,61,0,83,114,0,114,197
10/02/2021,SBD,CA,AWP,WE,Federal Contract Tower,8,1,11,0,20,0,7,49,0,56,8,8,60,0,76,36,0,36,112
10/03/2021,SBD,CA,AWP,WE,Federal Contract Tower,13,0,6,0,19,4,28,26,0,58,17,28,32,0,77,8,0,8,85
10/04/2021,SBD,CA,AWP,WE,Federal Contract Tower,17,1,10,0,28,1,41,37,0,79,18,42,47,0,107,42,0,42,149
10/05/2021,SBD,CA,AWP,WE,Federal Contract Tower,17,0,9,0,26,4,16,30,0,50,21,16,39,0,76,10,0,10,86
10/06/2021,SBD,CA,AWP,WE,Federal Contract Tower,19,3,11,1,34,0,16,21,0,37,19,19,32,1,71,18,0,18,89
10/07/2021,SBD,CA,AWP,WE,Federal Contract Tower,23,4,13,0,40,0,4,12,1,17,23,8,25,1,57,28,0,28,85
10/08/2021,SBD,CA,AWP,WE,Federal Contract Tower,12,1,9,1,23,0,17,15,0,32,12,18,24,1,55,12,0,12,67
10/09/2021,SBD,CA,AWP,WE,Federal Contract Tower,13,1,14,0,28,0,31,35,0,66,13,32,49,0,94,38,0,38,132
10/10/2021,SBD,CA,AWP,WE,Federal Contract Tower,16,0,8,0,24,0,18,27,0,45,16,18,35,0,69,30,0,30,99
10/11/2021,SBD,CA,AWP,WE,Federal Contract Tower,12,3,9,0,24,0,7,28,0,35,12,10,37,0,59,38,0,38,97
10/12/2021,SBD,CA,AWP,WE,Federal Contract Tower,21,2,3,0,26,0,16,29,2,47,21,18,32,2,73,16,6,22,95
10/13/2021,SBD,CA,AWP,WE,Federal Contract Tower,24,0,8,0,32,6,79,71,1,157,30,79,79,1,189,50,2,52,241
10/14/2021,SBD,CA,AWP,WE,Federal Contract Tower,23,2,8,0,33,6,79,71,1,157,29,81,79,1,190,38,0,38,228
10/15/2021,SBD,CA,AWP,WE,Federal Contract Tower,17,4,4,1,26,2,12,30,0,44,19,16,34,1,70,22,0,22,92
10/16/2021,SBD,CA,AWP,WE,Federal Contract Tower,9,0,6,0,15,1,41,47,0,89,10,41,53,0,104,10,0,10,114
10/17/2021,SBD,CA,AWP,WE,Federal Contract Tower,14,0,6,0,20,0,18,27,0,45,14,18,33,0,65,48,0,48,113
10/18/2021,SBD,CA,AWP,WE,Federal Contract Tower,16,4,4,0,24,0,19,16,0,35,16,23,20,0,59,100,0,100,159
10/19/2021,SBD,CA,AWP,WE,Federal Contract Tower,18,4,7,1,30,1,17,45,2,65,19,21,52,3,95,50,0,50,145
10/20/2021,SBD,CA,AWP,WE,Federal Contract Tower,16,3,5,0,24,0,24,38,2,64,16,27,43,2,88,82,0,82,170
10/21/2021,SBD,CA,AWP,WE,Federal Contract Tower,23,3,9,0,35,0,17,33,2,52,23,20,42,2,87,54,0,54,141
10/22/2021,SBD,CA,AWP,WE,Federal Contract Tower,15,1,9,0,25,1,21,49,0,71,16,22,58,0,96,50,0,50,146
10/23/2021,SBD,CA,AWP,WE,Federal Contract Tower,9,3,9,0,21,0,22,13,0,35,9,25,22,0,56,10,0,10,66
10/24/2021,SBD,CA,AWP,WE,Federal Contract Tower,14,1,12,0,27,0,18,25,0,43,14,19,37,0,70,6,0,6,76
10/25/2021,SBD,CA,AWP,WE,Federal Contract Tower,17,0,3,1,21,0,5,3,1,9,17,5,6,2,30,12,0,12,42
10/26/2021,SBD,CA,AWP,WE,Federal Contract Tower,21,3,8,2,34,0,14,46,1,61,21,17,54,3,95,34,0,34,129
10/27/2021,SBD,CA,AWP,WE,Federal Contract Tower,24,1,8,0,33,0,27,34,0,61,24,28,42,0,94,34,0,34,128
10/28/2021,SBD,CA,AWP,WE,Federal Contract Tower,20,3,17,0,40,2,32,43,0,77,22,35,60,0,117,20,2,22,139
10/29/2021,SBD,CA,AWP,WE,Federal Contract Tower,14,1,4,0,19,0,39,33,0,72,14,40,37,0,91,52,0,52,143
10/30/2021,SBD,CA,AWP,WE,Federal Contract Tower,7,5,7,0,19,0,17,47,0,64,7,22,54,0,83,36,0,36,119
10/31/2021,SBD,CA,AWP,WE,Federal Contract Tower,12,5,14,0,31,0,17,7,0,24,12,22,21,0,55,0,0,0,55
11/01/2021,SBD,CA,AWP,WE,Federal Contract Tower,18,1,12,2,33,0,22,25,3,50,18,23,37,5,83,30,0,30,113
11/02/2021,SBD,CA,AWP,WE,Federal Contract Tower,21,2,10,0,33,0,14,23,0,37,21,16,33,0,70,56,0,56,126
11/03/2021,SBD,CA,AWP,WE,Federal Contract Tower,20,0,8,0,28,0,19,50,0,69,20,19,58,0,97,56,0,56,153
11/04/2021,SBD,CA,AWP,WE,Federal Contract Tower,23,6,19,0,48,0,20,41,0,61,23,26,60,0,109,26,0,26,135
11/05/2021,SBD,CA,AWP,WE,Federal Contract Tower,12,0,11,0,23,2,29,21,0,52,14,29,32,0,75,32,0,32,107
11/06/2021,SBD,CA,AWP,WE,Federal Contract Tower,10,6,15,0,31,0,19,21,0,40,10,25,36,0,71,10,0,10,81
11/07/2021,SBD,CA,AWP,WE,Federal Contract Tower,15,2,10,0,27,2,23,15,0,40,17,25,25,0,67,4,0,4,71
11/08/2021,SBD,CA,AWP,WE,Federal Contract Tower,20,10,10,0,40,0,9,10,0,19,20,19,20,0,59,40,0,40,99
11/09/2021,SBD,CA,AWP,WE,Federal Contract Tower,19,0,7,0,26,0,6,17,0,23,19,6,24,0,49,30,0,30,79
11/10/2021,SBD,CA,AWP,WE,Federal Contract Tower,20,8,14,0,42,0,10,37,4,51,20,18,51,4,93,88,0,88,181
11/11/2021,SBD,CA,AWP,WE,Federal Contract Tower,21,1,10,0,32,0,17,47,0,64,21,18,57,0,96,96,0,96,192
11/12/2021,SBD,CA,AWP,WE,Federal Contract Tower,16,3,6,0,25,0,18,29,0,47,16,21,35,0,72,44,0,44,116
11/13/2021,SBD,CA,AWP,WE,Federal Contract Tower,19,3,6,1,29,0,25,47,0,72,19,28,53,1,101,80,0,80,181
11/14/2021,SBD,CA,AWP,WE,Federal Contract Tower,10,0,15,0,25,0,34,54,0,88,10,34,69,0,113,32,0,32,145
11/15/2021,SBD,CA,AWP,WE,Federal Contract Tower,22,1,5,0,28,0,24,39,0,63,22,25,44,0,91,98,0,98,189
11/16/2021,SBD,CA,AWP,WE,Federal Contract Tower,22,0,7,0,29,0,14,35,0,49,22,14,42,0,78,32,0,32,110
11/17/2021,SBD,CA,AWP,WE,Federal Contract Tower,21,6,10,0,37,0,13,35,0,48,21,19,45,0,85,22,0,22,107
11/18/2021,SBD,CA,AWP,WE,Federal Contract Tower,22,4,16,0,42,0,16,29,0,45,22,20,45,0,87,50,0,50,137
11/19/2021,SBD,CA,AWP,WE,Federal Contract Tower,21,5,13,0,39,0,14,34,0,48,21,19,47,0,87,72,0,72,159
11/20/2021,SBD,CA,AWP,WE,Federal Contract Tower,19,3,7,0,29,0,17,26,0,43,19,20,33,0,72,6,0,6,78
11/21/2021,SBD,CA,AWP,WE,Federal Contract Tower,15,3,7,0,25,0,22,25,0,47,15,25,32,0,72,0,0,0,72
11/22/2021,SBD,CA,AWP,WE,Federal Contract Tower,24,0,6,0,30,0,43,51,0,94,24,43,57,0,124,16,0,16,140
11/23/2021,SBD,CA,AWP,WE,Federal Contract Tower,24,4,7,3,38,0,34,35,0,69,24,38,42,3,107,12,0,12,119
11/24/2021,SBD,CA,AWP,WE,Federal Contract Tower,26,4,4,0,34,2,11,12,0,25,28,15,16,0,59,6,0,6,65
11/25/2021,SBD,CA,AWP,WE,Federal Contract Tower,3,0,1,0,4,0,13,0,0,13,3,13,1,0,17,2,0,2,19
11/26/2021,SBD,CA,AWP,WE,Federal Contract Tower,7,0,12,0,19,0,34,23,0,57,7,34,35,0,76,22,0,22,98
11/27/2021,SBD,CA,AWP,WE,Federal Contract Tower,14,0,5,0,19,0,29,42,0,71,14,29,47,0,90,6,0,6,96
11/28/2021,SBD,CA,AWP,WE,Federal Contract Tower,15,10,6,0,31,0,29,29,0,58,15,39,35,0,89,12,0,12,101
11/29/2021,SBD,CA,AWP,WE,Federal Contract Tower,22,1,11,0,34,0,39,60,1,100,22,40,71,1,134,46,32,78,212
11/30/2021,SBD,CA,AWP,WE,Federal Contract Tower,26,2,4,1,33,0,5,27,0,32,26,7,31,1,65,66,0,66,131
12/01/2021,SBD,CA,AWP,WE,Federal Contract Tower,28,1,10,0,39,0,13,21,1,35,28,14,31,1,74,64,2,66,140
12/02/2021,SBD,CA,AWP,WE,Federal Contract Tower,26,0,13,0,39,0,27,29,0,56,26,27,42,0,95,22,0,22,117
12/03/2021,SBD,CA,AWP,WE,Federal Contract Tower,23,6,13,0,42,0,13,13,0,26,23,19,26,0,68,6,0,6,74
12/04/2021,SBD,CA,AWP,WE,Federal Contract Tower,15,7,11,0,33,0,25,6,0,31,15,32,17,0,64,0,0,0,64
12/05/2021,SBD,CA,AWP,WE,Federal Contract Tower,15,0,9,0,24,2,14,12,0,28,17,14,21,0,52,34,0,34,86
12/06/2021,SBD,CA,AWP,WE,Federal Contract Tower,23,1,9,2,35,0,15,46,3,64,23,16,55,5,99,70,48,118,217
12/07/2021,SBD,CA,AWP,WE,Federal Contract Tower,30,11,5,0,46,0,13,25,0,38,30,24,30,0,84,8,0,8,92
12/08/2021,SBD,CA,AWP,WE,Federal Contract Tower,28,9,12,2,51,0,15,22,2,39,28,24,34,4,90,18,0,18,108
12/09/2021,SBD,CA,AWP,WE,Federal Contract Tower,26,3,13,0,42,0,4,4,1,9,26,7,17,1,51,0,0,0,51
12/10/2021,SBD,CA,AWP,WE,Federal Contract Tower,25,8,8,0,41,0,12,57,0,69,25,20,65,0,110,84,0,84,194
12/11/2021,SBD,CA,AWP,WE,Federal Contract Tower,13,2,5,0,20,0,28,63,0,91,13,30,68,0,111,76,0,76,187
12/12/2021,SBD,CA,AWP,WE,Federal Contract Tower,19,2,3,0,24,0,30,56,0,86,19,32,59,0,110,30,0,30,140
12/13/2021,SBD,CA,AWP,WE,Federal Contract Tower,28,2,9,0,39,0,13,22,0,35,28,15,31,0,74,48,0,48,122
12/14/2021,SBD,CA,AWP,WE,Federal Contract Tower,26,2,1,0,29,0,0,2,0,2,26,2,3,0,31,0,0,0,31
12/15/2021,SBD,CA,AWP,WE,Federal Contract Tower,26,1,10,0,37,0,13,30,0,43,26,14,40,0,80,42,0,42,122
12/16/2021,SBD,CA,AWP,WE,Federal Contract Tower,26,0,9,0,35,0,14,20,0,34,26,14,29,0,69,36,0,36,105
12/17/2021,SBD,CA,AWP,WE,Federal Contract Tower,28,5,14,0,47,0,12,25,0,37,28,17,39,0,84,36,0,36,120
12/18/2021,SBD,CA,AWP,WE,Federal Contract Tower,27,2,1,0,30,0,29,45,0,74,27,31,46,0,104,38,0,38,142
12/19/2021,SBD,CA,AWP,WE,Federal Contract Tower,24,0,9,0,33,0,20,36,0,56,24,20,45,0,89,54,0,54,143
12/20/2021,SBD,CA,AWP,WE,Federal Contract Tower,28,2,9,0,39,1,39,54,1,95,29,41,63,1,134,54,0,54,188
12/21/2021,SBD,CA,AWP,WE,Federal Contract Tower,29,5,4,0,38,0,9,33,0,42,29,14,37,0,80,54,0,54,134
12/22/2021,SBD,CA,AWP,WE,Federal Contract Tower,31,3,5,0,39,0,13,36,0,49,31,16,41,0,88,54,0,54,142
12/23/2021,SBD,CA,AWP,WE,Federal Contract Tower,28,4,10,0,42,0,2,6,0,8,28,6,16,0,50,16,0,16,66
12/24/2021,SBD,CA,AWP,WE,Federal Contract Tower,7,1,0,0,8,0,3,0,0,3,7,4,0,0,11,0,0,0,11
12/25/2021,SBD,CA,AWP,WE,Federal Contract Tower,1,2,0,0,3,0,4,0,0,4,1,6,0,0,7,0,0,0,7
12/26/2021,SBD,CA,AWP,WE,Federal Contract Tower,2,3,13,0,18,0,21,28,0,49,2,24,41,0,67,0,0,0,67
12/27/2021,SBD,CA,AWP,WE,Federal Contract Tower,21,0,9,0,30,0,8,17,0,25,21,8,26,0,55,30,0,30,85
12/28/2021,SBD,CA,AWP,WE,Federal Contract Tower,28,1,6,0,35,1,8,10,0,19,29,9,16,0,54,24,0,24,78
12/29/2021,SBD,CA,AWP,WE,Federal Contract Tower,28,4,6,0,38,0,14,1,0,15,28,18,7,0,53,16,0,16,69
12/30/2021,SBD,CA,AWP,WE,Federal Contract Tower,27,3,4,2,36,0,9,7,0,16,27,12,11,2,52,40,0,40,92
12/31/2021,SBD,CA,AWP,WE,Federal Contract Tower,4,5,2,0,11,0,14,19,0,33,4,19,21,0,44,32,0,32,76
01/01/2022,SBD,CA,AWP,WE,Federal Contract Tower,0,4,1,0,5,0,23,19,0,42,0,27,20,0,47,20,0,20,67
01/02/2022,SBD,CA,AWP,WE,Federal Contract Tower,14,6,8,0,28,0,17,17,0,34,14,23,25,0,62,44,0,44,106
01/03/2022,SBD,CA,AWP,WE,Federal Contract Tower,24,2,9,0,35,0,9,24,0,33,24,11,33,0,68,18,0,18,86
01/04/2022,SBD,CA,AWP,WE,Federal Contract Tower,23,6,7,3,39,0,18,27,1,46,23,24,34,4,85,40,0,40,125
01/05/2022,SBD,CA,AWP,WE,Federal Contract Tower,23,0,9,0,32,0,23,38,2,63,23,23,47,2,95,30,0,30,125
01/06/2022,SBD,CA,AWP,WE,Federal Contract Tower,26,3,3,0,32,0,22,29,0,51,26,25,32,0,83,46,0,46,129
01/07/2022,SBD,CA,AWP,WE,Federal Contract Tower,19,3,14,1,37,0,19,25,0,44,19,22,39,1,81,50,0,50,131
01/08/2022,SBD,CA,AWP,WE,Federal Contract Tower,15,1,10,0,26,0,18,35,0,53,15,19,45,0,79,42,0,42,121
01/09/2022,SBD,CA,AWP,WE,Federal Contract Tower,14,0,9,0,23,0,26,27,0,53,14,26,36,0,76,46,0,46,122
01/10/2022,SBD,CA,AWP,WE,Federal Contract Tower,22,5,15,0,42,0,27,43,0,70,22,32,58,0,112,46,0,46,158
01/11/2022,SBD,CA,AWP,WE,Federal Contract Tower,23,1,10,1,35,0,9,25,2,36,23,10,35,3,71,36,10,46,117
01/12/2022,SBD,CA,AWP,WE,Federal Contract Tower,19,3,6,0,28,0,12,27,0,39,19,15,33,0,67,68,0,68,135
01/13/2022,SBD,CA,AWP,WE,Federal Contract Tower,26,3,6,0,35,1,14,29,0,44,27,17,35,0,79,78,0,78,157
01/14/2022,SBD,CA,AWP,WE,Federal Contract Tower,19,2,7,0,28,0,16,19,0,35,19,18,26,0,63,30,0,30,93
01/15/2022,SBD,CA,AWP,WE,Federal Contract Tower,15,1,7,0,23,0,32,19,0,51,15,33,26,0,74,52,0,52,126
01/16/2022,SBD,CA,AWP,WE,Federal Contract Tower,15,2,11,0,28,0,16,30,0,46,15,18,41,0,74,36,0,36,110
01/17/2022,SBD,CA,AWP,WE,Federal Contract Tower,22,2,13,0,37,0,21,29,0,50,22,23,42,0,87,32,0,32,119
01/18/2022,SBD,CA,AWP,WE,Federal Contract Tower,23,3,18,0,44,0,14,7,1,22,23,17,25,1,66,14,0,14,80
01/19/2022,SBD,CA,AWP,WE,Federal Contract Tower,23,1,6,0,30,0,23,22,1,46,23,24,28,1,76,22,0,22,98
01/20/2022,SBD,CA,AWP,WE,Federal Contract Tower,25,4,7,2,38,0,15,35,1,51,25,19,42,3,89,40,0,40,129
01/21/2022,SBD,CA,AWP,WE,Federal Contract Tower,17,2,3,0,22,0,9,3,6,18,17,11,6,6,40,0,0,0,40
01/22/2022,SBD,CA,AWP,WE,Federal Contract Tower,16,2,2,0,20,0,9,8,1,18,16,11,10,1,38,0,0,0,38
01/23/2022,SBD,CA,AWP,WE,Federal Contract Tower,14,3,4,0,21,0,17,36,0,53,14,20,40,0,74,36,0,36,110
01/24/2022,SBD,CA,AWP,WE,Federal Contract Tower,19,2,10,0,31,0,38,49,1,88,19,40,59,1,119,80,0,80,199
01/25/2022,SBD,CA,AWP,WE,Federal Contract Tower,27,0,6,2,35,0,16,29,0,45,27,16,35,2,80,30,0,30,110
01/26/2022,SBD,CA,AWP,WE,Federal Contract Tower,25,1,5,0,31,1,41,34,5,81,26,42,39,5,112,70,0,70,182
01/27/2022,SBD,CA,AWP,WE,Federal Contract Tower,26,0,10,0,36,0,23,34,0,57,26,23,44,0,93,76,0,76,169
01/28/2022,SBD,CA,AWP,WE,Federal Contract Tower,15,3,11,0,29,0,15,32,0,47,15,18,43,0,76,62,0,62,138
01/29/2022,SBD,CA,AWP,WE,Federal Contract Tower,11,6,8,0,25,0,22,59,0,81,11,28,67,0,106,38,0,38,144
01/30/2022,SBD,CA,AWP,WE,Federal Contract Tower,14,0,11,0,25,0,18,36,0,54,14,18,47,0,79,34,0,34,113
01/31/2022,SBD,CA,AWP,WE,Federal Contract Tower,20,0,7,0,27,0,21,66,0,87,20,21,73,0,114,50,0,50,164
02/01/2022,SBD,CA,AWP,WE,Federal Contract Tower,24,6,10,1,41,0,13,33,0,46,24,19,43,1,87,68,0,68,155
02/02/2022,SBD,CA,AWP,WE,Federal Contract Tower,23,2,2,0,27,0,2,5,0,7,23,4,7,0,34,8,0,8,42
02/03/2022,SBD,CA,AWP,WE,Federal Contract Tower,20,0,2,0,22,0,25,21,2,48,20,25,23,2,70,0,24,24,94
02/04/2022,SBD,CA,AWP,WE,Federal Contract Tower,19,6,10,0,35,0,23,40,0,63,19,29,50,0,98,74,0,74,172
02/05/2022,SBD,CA,AWP,WE,Federal Contract Tower,14,2,9,0,25,0,28,41,0,69,14,30,50,0,94,50,0,50,144
02/06/2022,SBD,CA,AWP,WE,Federal Contract Tower,19,0,4,0,23,0,23,31,0,54,19,23,35,0,77,16,0,16,93
02/07/2022,SBD,CA,AWP,WE,Federal Contract Tower,22,2,7,0,31,0,21,33,1,55,22,23,40,1,86,42,0,42,128
02/08/2022,SBD,CA,AWP,WE,Federal Contract Tower,25,0,9,2,36,0,19,14,0,33,25,19,23,2,69,10,14,24,93
02/09/2022,SBD,CA,AWP,WE,Federal Contract Tower,22,1,12,2,37,2,12,21,0,35,24,13,33,2,72,54,0,54,126
02/10/2022,SBD,CA,AWP,WE,Federal Contract Tower,23,4,7,4,38,0,14,5,0,19,23,18,12,4,57,2,0,2,59
02/11/2022,SBD,CA,AWP,WE,Federal Contract Tower,18,3,6,0,27,0,22,43,0,65,18,25,49,0,92,64,0,64,156
02/12/2022,SBD,CA,AWP,WE,Federal Contract Tower,15,1,8,0,24,0,24,42,0,66,15,25,50,0,90,56,0,56,146
02/13/2022,SBD,CA,AWP,WE,Federal Contract Tower,17,3,4,0,24,0,27,24,0,51,17,30,28,0,75,20,0,20,95
02/14/2022,SBD,CA,AWP,WE,Federal Contract Tower,24,4,5,0,33,2,34,44,3,83,26,38,49,3,116,52,0,52,168
02/15/2022,SBD,CA,AWP,WE,Federal Contract Tower,25,4,8,0,37,0,4,1,0,5,25,8,9,0,42,2,0,2,44
02/16/2022,SBD,CA,AWP,WE,Federal Contract Tower,20,4,13,1,38,0,18,38,1,57,20,22,51,2,95,32,0,32,127
02/17/2022,SBD,CA,AWP,WE,Federal Contract Tower,23,2,12,0,37,0,13,39,0,52,23,15,51,0,89,0,0,0,89
02/18/2022,SBD,CA,AWP,WE,Federal Contract Tower,17,5,16,1,39,0,13,48,0,61,17,18,64,1,100,106,0,106,206
02/19/2022,SBD,CA,AWP,WE,Federal Contract Tower,13,0,10,0,23,0,37,56,0,93,13,37,66,0,116,24,0,24,140
02/20/2022,SBD,CA,AWP,WE,Federal Contract Tower,17,0,14,4,35,1,36,32,5,74,18,36,46,9,109,22,16,38,147
02/21/2022,SBD,CA,AWP,WE,Federal Contract Tower,22,4,13,0,39,0,8,14,0,22,22,12,27,0,61,50,0,50,111
02/22/2022,SBD,CA,AWP,WE,Federal Contract Tower,28,3,9,0,40,0,8,6,2,16,28,11,15,2,56,18,2,20,76
02/23/2022,SBD,CA,AWP,WE,Federal Contract Tower,22,1,6,2,31,0,5,6,0,11,22,6,12,2,42,14,0,14,56
02/24/2022,SBD,CA,AWP,WE,Federal Contract Tower,25,2,15,0,42,0,13,39,0,52,25,15,54,0,94,26,0,26,120
02/25/2022,SBD,CA,AWP,WE,Federal Contract Tower,24,1,8,0,33,0,12,36,0,48,24,13,44,0,81,46,0,46,127
02/26/2022,SBD,CA,AWP,WE,Federal Contract Tower,14,2,6,0,22,0,38,34,0,72,14,40,40,0,94,44,0,44,138
02/27/2022,SBD,CA,AWP,WE,Federal Contract Tower,16,1,11,0,28,0,23,19,0,42,16,24,30,0,70,22,0,22,92
02/28/2022,SBD,CA,AWP,WE,Federal Contract Tower,23,0,5,0,28,0,15,25,2,42,23,15,30,2,70,48,6,54,124
03/01/2022,SBD,CA,AWP,WE,Federal Contract Tower,20,4,7,0,31,1,22,44,0,67,21,26,51,0,98,88,0,88,186
03/02/2022,SBD,CA,AWP,WE,Federal Contract Tower,23,3,4,2,32,0,26,40,3,69,23,29,44,5,101,96,12,108,209
03/03/2022,SBD,CA,AWP,WE,Federal Contract Tower,22,5,9,0,36,2,25,40,1,68,24,30,49,1,104,64,4,68,172
03/04/2022,SBD,CA,AWP,WE,Federal Contract Tower,20,7,4,0,31,1,20,12,0,33,21,27,16,0,64,2,0,2,66
03/05/2022,SBD,CA,AWP,WE,Federal Contract Tower,14,3,7,0,24,0,10,5,0,15,14,13,12,0,39,38,0,38,77
03/06/2022,SBD,CA,AWP,WE,Federal Contract Tower,17,2,8,0,27,0,34,47,0,81,17,36,55,0,108,64,0,64,172
03/07/2022,SBD,CA,AWP,WE,Federal Contract Tower,22,2,5,0,29,0,18,22,0,40,22,20,27,0,69,6,0,6,75
03/08/2022,SBD,CA,AWP,WE,Federal Contract Tower,24,2,8,0,34,0,8,34,0,42,24,10,42,0,76,48,0,48,124
03/09/2022,SBD,CA,AWP,WE,Federal Contract Tower,25,1,12,3,41,7,0,39,0,46,32,1,51,3,87,76,0,76,163
03/10/2022,SBD,CA,AWP,WE,Federal Contract Tower,25,0,20,0,45,0,16,15,0,31,25,16,35,0,76,22,0,22,98
03/11/2022,SBD,CA,AWP,WE,Federal Contract Tower,17,4,21,0,42,0,13,35,0,48,17,17,56,0,90,56,0,56,146
03/12/2022,SBD,CA,AWP,WE,Federal Contract Tower,13,0,6,0,19,0,15,66,0,81,13,15,72,0,100,36,0,36,136
03/13/2022,SBD,CA,AWP,WE,Federal Contract Tower,17,0,4,0,21,0,17,58,0,75,17,17,62,0,96,42,0,42,138
03/14/2022,SBD,CA,AWP,WE,Federal Contract Tower,22,2,15,0,39,0,31,64,0,95,22,33,79,0,134,20,0,20,154
03/15/2022,SBD,CA,AWP,WE,Federal Contract Tower,25,11,8,0,44,0,14,32,0,46,25,25,40,0,90,50,0,50,140
03/16/2022,SBD,CA,AWP,WE,Federal Contract Tower,23,2,8,0,33,0,19,39,3,61,23,21,47,3,94,64,0,64,158
03/17/2022,SBD,CA,AWP,WE,Federal Contract Tower,22,3,4,0,29,0,21,42,0,63,22,24,46,0,92,56,0,56,148
03/18/2022,SBD,CA,AWP,WE,Federal Contract Tower,20,6,7,0,33,0,11,73,0,84,20,17,80,0,117,92,2,94,211
03/19/2022,SBD,CA,AWP,WE,Federal Contract Tower,14,0,8,0,22,0,26,26,0,52,14,26,34,0,74,62,0,62,136
03/20/2022,SBD,CA,AWP,WE,Federal Contract Tower,16,4,12,0,32,0,28,29,0,57,16,32,41,0,89,36,0,36,125
03/21/2022,SBD,CA,AWP,WE,Federal Contract Tower,20,1,11,0,32,0,28,18,0,46,20,29,29,0,78,4,0,4,82
03/22/2022,SBD,CA,AWP,WE,Federal Contract Tower,24,3,11,0,38,0,8,11,0,19,24,11,22,0,57,2,0,2,59
03/23/2022,SBD,CA,AWP,WE,Federal Contract Tower,23,2,11,0,36,0,19,46,0,65,23,21,57,0,101,34,0,34,135
03/24/2022,SBD,CA,AWP,WE,Federal Contract Tower,24,1,5,0,30,0,9,57,0,66,24,10,62,0,96,82,0,82,178
03/25/2022,SBD,CA,AWP,WE,Federal Contract Tower,20,1,10,0,31,0,12,35,0,47,20,13,45,0,78,68,0,68,146
03/26/2022,SBD,CA,AWP,WE,Federal Contract Tower,13,2,7,0,22,0,17,72,0,89,13,19,79,0,111,54,0,54,165
03/27/2022,SBD,CA,AWP,WE,Federal Contract Tower,16,3,5,0,24,0,22,20,0,42,16,25,25,0,66,54,0,54,120
03/28/2022,SBD,CA,AWP,WE,Federal Contract Tower,20,0,9,0,29,0,15,11,0,26,20,15,20,0,55,12,0,12,67
03/29/2022,SBD,CA,AWP,WE,Federal Contract Tower,25,6,5,0,36,0,10,8,0,18,25,16,13,0,54,32,0,32,86
03/30/2022,SBD,CA,AWP,WE,Federal Contract Tower,22,2,10,2,36,0,9,28,0,37,22,11,38,2,73,64,0,64,137
03/31/2022,SBD,CA,AWP,WE,Federal Contract Tower,20,6,9,3,38,0,18,15,0,33,20,24,24,3,71,28,0,28,99
04/01/2022,SBD,CA,AWP,WE,Federal Contract Tower,17,5,22,0,44,0,13,18,0,31,17,18,40,0,75,12,0,12,87
04/02/2022,SBD,CA,AWP,WE,Federal Contract Tower,12,6,9,0,27,0,18,4,0,22,12,24,13,0,49,14,0,14,63
04/03/2022,SBD,CA,AWP,WE,Federal Contract Tower,14,9,15,0,38,0,19,10,0,29,14,28,25,0,67,16,0,16,83
04/04/2022,SBD,CA,AWP,WE,Federal Contract Tower,19,2,20,0,41,0,16,34,2,52,19,18,54,2,93,74,4,78,171
04/05/2022,SBD,CA,AWP,WE,Federal Contract Tower,25,3,4,0,32,0,17,42,0,59,25,20,46,0,91,60,0,60,151
04/06/2022,SBD,CA,AWP,WE,Federal Contract Tower,28,4,5,0,37,0,22,42,0,64,28,26,47,0,101,26,0,26,127
04/07/2022,SBD,CA,AWP,WE,Federal Contract Tower,20,2,2,0,24,0,9,19,0,28,20,11,21,0,52,24,0,24,76
04/08/2022,SBD,CA,AWP,WE,Federal Contract Tower,17,4,7,0,28,0,19,30,0,49,17,23,37,0,77,40,0,40,117
04/09/2022,SBD,CA,AWP,WE,Federal Contract Tower,12,3,10,0,25,0,40,40,0,80,12,43,50,0,105,54,0,54,159
04/10/2022,SBD,CA,AWP,WE,Federal Contract Tower,11,1,4,0,16,0,14,17,0,31,11,15,21,0,47,14,0,14,61
04/11/2022,SBD,CA,AWP,WE,Federal Contract Tower,20,2,7,1,30,0,35,19,0,54,20,37,26,1,84,50,0,50,134
04/12/2022,SBD,CA,AWP,WE,Federal Contract Tower,21,1,0,0,22,0,13,10,0,23,21,14,10,0,45,34,0,34,79
04/13/2022,SBD,CA,AWP,WE,Federal Contract Tower,24,4,4,0,32,0,31,41,0,72,24,35,45,0,104,36,0,36,140
04/14/2022,SBD,CA,AWP,WE,Federal Contract Tower,23,3,9,0,35,0,13,46,0,59,23,16,55,0,94,52,0,52,146
04/15/2022,SBD,CA,AWP,WE,Federal Contract Tower,16,0,14,0,30,0,38,72,0,110,16,38,86,0,140,74,0,74,214
04/16/2022,SBD,CA,AWP,WE,Federal Contract Tower,12,2,10,0,24,0,26,23,0,49,12,28,33,0,73,18,0,18,91
04/17/2022,SBD,CA,AWP,WE,Federal Contract Tower,15,5,9,0,29,0,30,45,0,75,15,35,54,0,104,18,0,18,122
04/18/2022,SBD,CA,AWP,WE,Federal Contract Tower,19,3,1,0,23,0,16,51,0,67,19,19,52,0,90,72,0,72,162
04/19/2022,SBD,CA,AWP,WE,Federal Contract Tower,25,3,10,2,40,0,10,22,0,32,25,13,32,2,72,42,0,42,114
04/20/2022,SBD,CA,AWP,WE,Federal Contract Tower,20,7,12,0,39,0,12,23,0,35,20,19,35,0,74,26,0,26,100
04/21/2022,SBD,CA,AWP,WE,Federal Contract Tower,16,3,11,0,30,0,22,21,0,43,16,25,32,0,73,18,54,72,145
04/22/2022,SBD,CA,AWP,WE,Federal Contract Tower,6,3,17,0,26,0,13,15,0,28,6,16,32,0,54,48,0,48,102
04/23/2022,SBD,CA,AWP,WE,Federal Contract Tower,13,3,7,0,23,0,38,60,0,98,13,41,67,0,121,40,0,40,161
04/24/2022,SBD,CA,AWP,WE,Federal Contract Tower,15,0,6,0,21,0,32,42,0,74,15,32,48,0,95,34,0,34,129
04/25/2022,SBD,CA,AWP,WE,Federal Contract Tower,18,3,10,0,31,0,27,53,0,80,18,30,63,0,111,10,0,10,121
04/26/2022,SBD,CA,AWP,WE,Federal Contract Tower,20,4,8,0,32,0,22,39,0,61,20,26,47,0,93,66,0,66,159
04/27/2022,SBD,CA,AWP,WE,Federal Contract Tower,22,3,9,0,34,0,13,28,0,41,22,16,37,0,75,36,0,36,111
04/28/2022,SBD,CA,AWP,WE,Federal Contract Tower,21,0,16,0,37,0,16,13,0,29,21,16,29,0,66,13,0,13,79
04/29/2022,SBD,CA,AWP,WE,Federal Contract Tower,15,5,12,0,32,0,16,28,0,44,15,21,40,0,76,12,0,12,88
04/30/2022,SBD,CA,AWP,WE,Federal Contract Tower,12,0,7,0,19,0,24,43,2,69,12,24,50,2,88,24,10,34,122
05/01/2022,SBD,CA,AWP,WE,Federal Contract Tower,15,1,2,0,18,0,44,34,0,78,15,45,36,0,96,56,0,56,152
05/02/2022,SBD,CA,AWP,WE,Federal Contract Tower,18,0,12,0,30,0,21,36,0,57,18,21,48,0,87,66,0,66,153
05/03/2022,SBD,CA,AWP,WE,Federal Contract Tower,22,3,2,0,27,0,18,21,0,39,22,21,23,0,66,36,0,36,102
05/04/2022,SBD,CA,AWP,WE,Federal Contract Tower,18,0,19,0,37,0,27,27,1,55,18,27,46,1,92,29,0,29,121
05/05/2022,SBD,CA,AWP,WE,Federal Contract Tower,22,0,12,1,35,0,23,47,0,70,22,23,59,1,105,88,0,88,193
05/06/2022,SBD,CA,AWP,WE,Federal Contract Tower,18,3,5,0,26,0,29,76,0,105,18,32,81,0,131,96,0,96,227
05/07/2022,SBD,CA,AWP,WE,Federal Contract Tower,12,1,14,0,27,0,33,47,0,80,12,34,61,0,107,84,0,84,191
05/08/2022,SBD,CA,AWP,WE,Federal Contract Tower,14,7,13,0,34,0,26,19,1,46,14,33,32,1,80,76,0,76,156
05/09/2022,SBD,CA,AWP,WE,Federal Contract Tower,20,4,9,0,33,0,26,10,0,36,20,30,19,0,69,22,12,34,103
05/10/2022,SBD,CA,AWP,WE,Federal Contract Tower,16,1,11,2,30,0,12,25,0,37,16,13,36,2,67,24,0,24,91
05/11/2022,SBD,CA,AWP,WE,Federal Contract Tower,23,4,8,2,37,0,17,26,0,43,23,21,34,2,80,2,0,2,82
05/12/2022,SBD,CA,AWP,WE,Federal Contract Tower,21,5,10,0,36,0,26,28,2,56,21,31,38,2,92,24,22,46,138
05/13/2022,SBD,CA,AWP,WE,Federal Contract Tower,16,2,15,0,33,0,13,41,0,54,16,15,56,0,87,30,0,30,117
05/14/2022,SBD,CA,AWP,WE,Federal Contract Tower,13,2,14,0,29,0,26,70,0,96,13,28,84,0,125,58,0,58,183
05/15/2022,SBD,CA,AWP,WE,Federal Contract Tower,13,3,4,0,20,0,24,30,0,54,13,27,34,0,74,16,0,16,90
05/16/2022,SBD,CA,AWP,WE,Federal Contract Tower,19,1,14,0,34,0,28,23,0,51,19,29,37,0,85,16,14,30,115
05/17/2022,SBD,CA,AWP,WE,Federal Contract Tower,22,2,10,0,34,0,11,16,0,27,22,13,26,0,61,36,14,50,111
05/18/2022,SBD,CA,AWP,WE,Federal Contract Tower,17,2,8,0,27,0,20,29,1,50,17,22,37,1,77,44,0,44,121
05/19/2022,SBD,CA,AWP,WE,Federal Contract Tower,18,2,13,0,33,0,33,14,0,47,18,35,27,0,80,6,0,6,86
05/20/2022,SBD,CA,AWP,WE,Federal Contract Tower,15,8,3,1,27,0,8,11,1,20,15,16,14,2,47,8,0,8,55
05/21/2022,SBD,CA,AWP,WE,Federal Contract Tower,12,6,6,1,25,0,34,15,0,49,12,40,21,1,74,6,0,6,80
05/22/2022,SBD,CA,AWP,WE,Federal Contract Tower,15,1,6,0,22,0,34,31,0,65,15,35,37,0,87,22,0,22,109
05/23/2022,SBD,CA,AWP,WE,Federal Contract Tower,20,0,16,0,36,0,24,37,0,61,20,24,53,0,97,44,8,52,149
05/24/2022,SBD,CA,AWP,WE,Federal Contract Tower,22,0,7,0,29,0,9,29,0,38,22,9,36,0,67,44,0,44,111
05/25/2022,SBD,CA,AWP,WE,Federal Contract Tower,24,2,9,0,35,0,17,33,0,50,24,19,42,0,85,46,12,58,143
05/26/2022,SBD,CA,AWP,WE,Federal Contract Tower,25,0,7,1,33,0,27,20,1,48,25,27,27,2,81,74,0,74,155
05/27/2022,SBD,CA,AWP,WE,Federal Contract Tower,15,3,12,0,30,0,30,38,0,68,15,33,50,0,98,36,0,36,134
05/28/2022,SBD,CA,AWP,WE,Federal Contract Tower,8,2,9,0,19,0,10,12,0,22,8,12,21,0,41,4,0,4,45
05/29/2022,SBD,CA,AWP,WE,Federal Contract Tower,11,4,10,0,25,0,18,22,0,40,11,22,32,0,65,40,0,40,105
05/30/2022,SBD,CA,AWP,WE,Federal Contract Tower,13,0,7,0,20,0,25,48,0,73,13,25,55,0,93,46,0,46,139
05/31/2022,SBD,CA,AWP,WE,Federal Contract Tower,22,0,5,0,27,0,17,32,0,49,22,17,37,0,76,78,0,78,154
06/01/2022,SBD,CA,AWP,WE,Federal Contract Tower,18,0,13,0,31,0,17,22,0,39,18,17,35,0,70,40,0,40,110
06/02/2022,SBD,CA,AWP,WE,Federal Contract Tower,15,0,10,0,25,0,18,28,1,47,15,18,38,1,72,60,0,60,132
06/03/2022,SBD,CA,AWP,WE,Federal Contract Tower,13,3,12,0,28,0,15,21,0,36,13,18,33,0,64,20,0,20,84
06/04/2022,SBD,CA,AWP,WE,Federal Contract Tower,11,2,8,0,21,0,22,30,0,52,11,24,38,0,73,12,0,12,85
06/05/2022,SBD,CA,AWP,WE,Federal Contract Tower,14,0,16,0,30,0,26,34,0,60,14,26,50,0,90,78,0,78,168
06/06/2022,SBD,CA,AWP,WE,Federal Contract Tower,20,2,8,3,33,0,53,39,2,94,20,55,47,5,127,92,0,92,219
06/07/2022,SBD,CA,AWP,WE,Federal Contract Tower,21,1,15,1,38,0,30,31,0,61,21,31,46,1,99,74,0,74,173
06/08/2022,SBD,CA,AWP,WE,Federal Contract Tower,23,0,10,0,33,0,22,29,0,51,23,22,39,0,84,52,0,52,136
06/09/2022,SBD,CA,AWP,WE,Federal Contract Tower,19,1,19,1,40,0,23,54,0,77,19,24,73,1,117,76,0,76,193
06/10/2022,SBD,CA,AWP,WE,Federal Contract Tower,15,3,14,0,32,0,20,37,0,57,15,23,51,0,89,74,0,74,163
06/11/2022,SBD,CA,AWP,WE,Federal Contract Tower,8,0,3,0,11,0,15,20,0,35,8,15,23,0,46,0,0,0,46
06/12/2022,SBD,CA,AWP,WE,Federal Contract Tower,17,6,7,0,30,16,43,47,0,106,33,49,54,0,136,43,0,43,179
06/13/2022,SBD,CA,AWP,WE,Federal Contract Tower,19,6,7,0,32,0,0,1,0,1,19,6,8,0,33,66,0,66,99
06/14/2022,SBD,CA,AWP,WE,Federal Contract Tower,23,10,9,0,42,2,15,28,0,45,25,25,37,0,87,53,0,53,140
06/15/2022,SBD,CA,AWP,WE,Federal Contract Tower,27,2,9,0,38,3,37,40,0,80,30,39,49,0,118,38,0,38,156
06/16/2022,SBD,CA,AWP,WE,Federal Contract Tower,20,3,7,0,30,0,28,30,0,58,20,31,37,0,88,50,0,50,138
06/17/2022,SBD,CA,AWP,WE,Federal Contract Tower,17,1,7,0,25,0,22,32,2,56,17,23,39,2,81,64,16,80,161
06/18/2022,SBD,CA,AWP,WE,Federal Contract Tower,13,2,3,0,18,0,30,35,0,65,13,32,38,0,83,20,0,20,103
06/19/2022,SBD,CA,AWP,WE,Federal Contract Tower,13,1,6,0,20,0,25,44,0,69,13,26,50,0,89,38,0,38,127
06/20/2022,SBD,CA,AWP,WE,Federal Contract Tower,12,3,3,0,18,0,23,59,0,82,12,26,62,0,100,48,0,48,148
06/21/2022,SBD,CA,AWP,WE,Federal Contract Tower,29,5,5,0,39,3,18,58,1,80,32,23,63,1,119,28,0,28,147
06/22/2022,SBD,CA,AWP,WE,Federal Contract Tower,20,3,2,0,25,1,24,27,0,52,21,27,29,0,77,10,0,10,87
06/23/2022,SBD,CA,AWP,WE,Federal Contract Tower,19,3,14,0,36,0,20,61,1,82,19,23,75,1,118,70,2,72,190
06/24/2022,SBD,CA,AWP,WE,Federal Contract Tower,13,2,8,0,23,6,23,84,0,113,19,25,92,0,136,52,0,52,188
06/25/2022,SBD,CA,AWP,WE,Federal Contract Tower,14,1,2,0,17,10,65,47,0,122,24,66,49,0,139,38,0,38,177
06/26/2022,SBD,CA,AWP,WE,Federal Contract Tower,15,1,3,0,19,1,51,31,0,83,16,52,34,0,102,24,0,24,126
06/27/2022,SBD,CA,AWP,WE,Federal Contract Tower,17,0,7,0,24,1,30,53,2,86,18,30,60,2,110,60,0,60,170
06/28/2022,SBD,CA,AWP,WE,Federal Contract Tower,19,10,8,2,39,0,17,42,0,59,19,27,50,2,98,62,0,62,160
07/01/2022,SBD,CA,AWP,WE,Federal Contract Tower,16,6,14,0,36,0,27,47,0,74,16,33,61,0,110,18,0,18,128
07/02/2022,SBD,CA,AWP,WE,Federal Contract Tower,12,3,6,0,21,2,31,36,0,69,14,34,42,0,90,50,0,50,140
07/03/2022,SBD,CA,AWP,WE,Federal Contract Tower,13,0,2,0,15,2,37,50,0,89,15,37,52,0,104,22,0,22,126
07/04/2022,SBD,CA,AWP,WE,Federal Contract Tower,2,2,1,0,5,0,37,49,0,86,2,39,50,0,91,66,0,66,157
07/05/2022,SBD,CA,AWP,WE,Federal Contract Tower,11,0,8,0,19,2,12,25,0,39,13,12,33,0,58,46,0,46,104
07/06/2022,SBD,CA,AWP,WE,Federal Contract Tower,22,7,11,0,40,0,18,30,0,48,22,25,41,0,88,80,0,80,168
07/07/2022,SBD,CA,AWP,WE,Federal Contract Tower,21,4,3,0,28,0,7,40,1,48,21,11,43,1,76,38,6,44,120
07/08/2022,SBD,CA,AWP,WE,Federal Contract Tower,14,4,5,0,23,4,38,57,0,99,18,42,62,0,122,58,0,58,180
07/09/2022,SBD,CA,AWP,WE,Federal Contract Tower,11,1,2,0,14,1,20,43,0,64,12,21,45,0,78,48,0,48,126
07/10/2022,SBD,CA,AWP,WE,Federal Contract Tower,13,0,6,0,19,2,21,41,0,64,15,21,47,0,83,58,0,58,141
07/11/2022,SBD,CA,AWP,WE,Federal Contract Tower,18,3,6,1,28,0,14,61,3,78,18,17,67,4,106,64,8,72,178
07/12/2022,SBD,CA,AWP,WE,Federal Contract Tower,17,1,15,0,33,1,20,25,0,46,18,21,40,0,79,44,0,44,123
07/13/2022,SBD,CA,AWP,WE,Federal Contract Tower,21,2,6,0,29,0,31,52,1,84,21,33,58,1,113,80,0,80,193
07/14/2022,SBD,CA,AWP,WE,Federal Contract Tower,22,1,8,0,31,3,22,53,11,89,25,23,61,11,120,106,0,106,226
07/15/2022,SBD,CA,AWP,WE,Federal Contract Tower,13,1,13,0,27,0,12,40,0,52,13,13,53,0,79,34,0,34,113
07/16/2022,SBD,CA,AWP,WE,Federal Contract Tower,10,1,12,0,23,0,30,35,0,65,10,31,47,0,88,62,0,62,150
07/17/2022,SBD,CA,AWP,WE,Federal Contract Tower,13,5,14,0,32,0,26,30,0,56,13,31,44,0,88,18,0,18,106
07/18/2022,SBD,CA,AWP,WE,Federal Contract Tower,20,0,8,1,29,0,16,54,4,74,20,16,62,5,103,60,0,60,163
07/19/2022,SBD,CA,AWP,WE,Federal Contract Tower,20,4,2,1,27,2,25,29,3,59,22,29,31,4,86,36,0,36,122
07/20/2022,SBD,CA,AWP,WE,Federal Contract Tower,25,1,12,1,39,0,16,51,5,72,25,17,63,6,111,48,0,48,159
07/21/2022,SBD,CA,AWP,WE,Federal Contract Tower,18,4,11,0,33,0,12,37,3,52,18,16,48,3,85,50,0,50,135
07/22/2022,SBD,CA,AWP,WE,Federal Contract Tower,12,2,15,0,29,0,30,75,0,105,12,32,90,0,134,90,0,90,224
07/23/2022,SBD,CA,AWP,WE,Federal Contract Tower,10,6,9,0,25,0,15,30,0,45,10,21,39,0,70,34,0,34,104
07/24/2022,SBD,CA,AWP,WE,Federal Contract Tower,13,3,11,0,27,0,17,38,0,55,13,20,49,0,82,42,0,42,124
07/25/2022,SBD,CA,AWP,WE,Federal Contract Tower,18,2,3,0,23,0,31,25,2,58,18,33,28,2,81,30,0,30,111
07/26/2022,SBD,CA,AWP,WE,Federal Contract Tower,21,7,4,0,32,0,24,12,0,36,21,31,16,0,68,66,0,66,134
07/27/2022,SBD,CA,AWP,WE,Federal Contract Tower,20,4,6,0,30,0,17,33,0,50,20,21,39,0,80,50,0,50,130
07/28/2022,SBD,CA,AWP,WE,Federal Contract Tower,22,4,5,0,31,0,29,38,0,67,22,33,43,0,98,28,0,28,126
07/29/2022,SBD,CA,AWP,WE,Federal Contract Tower,13,4,12,0,29,4,55,41,0,100,17,59,53,0,129,72,0,72,201
07/30/2022,SBD,CA,AWP,WE,Federal Contract Tower,10,1,3,0,14,0,27,33,0,60,10,28,36,0,74,62,0,62,136
07/31/2022,SBD,CA,AWP,WE,Federal Contract Tower,13,2,8,0,23,0,23,36,0,59,13,25,44,0,82,8,0,8,90
08/01/2022,SBD,CA,AWP,WE,Federal Contract Tower,17,3,4,0,24,0,23,34,0,57,17,26,38,0,81,28,0,28,109
08/02/2022,SBD,CA,AWP,WE,Federal Contract Tower,20,4,4,0,28,0,15,11,0,26,20,19,15,0,54,68,0,68,122
08/03/2022,SBD,CA,AWP,WE,Federal Contract Tower,17,4,8,0,29,0,14,26,0,40,17,18,34,0,69,18,0,18,87
08/04/2022,SBD,CA,AWP,WE,Federal Contract Tower,19,3,5,0,27,0,11,42,0,53,19,14,47,0,80,60,0,60,140
08/05/2022,SBD,CA,AWP,WE,Federal Contract Tower,15,5,10,0,30,0,25,48,0,73,15,30,58,0,103,80,0,80,183
08/06/2022,SBD,CA,AWP,WE,Federal Contract Tower,10,0,3,0,13,0,14,46,0,60,10,14,49,0,73,82,0,82,155
08/07/2022,SBD,CA,AWP,WE,Federal Contract Tower,14,0,9,0,23,0,29,32,0,61,14,29,41,0,84,50,0,50,134
08/08/2022,SBD,CA,AWP,WE,Federal Contract Tower,20,0,8,0,28,0,17,41,0,58,20,17,49,0,86,26,0,26,112
08/09/2022,SBD,CA,AWP,WE,Federal Contract Tower,19,5,6,0,30,0,13,31,0,44,19,18,37,0,74,40,0,40,114
08/10/2022,SBD,CA,AWP,WE,Federal Contract Tower,21,6,10,2,39,0,12,40,0,52,21,18,50,2,91,64,0,64,155
08/11/2022,SBD,CA,AWP,WE,Federal Contract Tower,21,8,8,0,37,0,21,33,0,54,21,29,41,0,91,46,0,46,137
08/12/2022,SBD,CA,AWP,WE,Federal Contract Tower,16,5,4,0,25,0,31,40,0,71,16,36,44,0,96,22,0,22,118
08/13/2022,SBD,CA,AWP,WE,Federal Contract Tower,12,4,4,0,20,0,43,49,0,92,12,47,53,0,112,42,0,42,154
08/14/2022,SBD,CA,AWP,WE,Federal Contract Tower,15,0,7,1,23,4,28,51,0,83,19,28,58,1,106,40,0,40,146
08/15/2022,SBD,CA,AWP,WE,Federal Contract Tower,19,2,11,2,34,0,32,43,3,78,19,34,54,5,112,38,0,38,150
08/16/2022,SBD,CA,AWP,WE,Federal Contract Tower,22,1,10,0,33,0,27,37,2,66,22,28,47,2,99,34,6,40,139
08/17/2022,SBD,CA,AWP,WE,Federal Contract Tower,19,5,9,0,33,5,33,47,2,87,24,38,56,2,120,40,0,40,160
08/18/2022,SBD,CA,AWP,WE,Federal Contract Tower,22,6,9,0,37,0,15,42,0,57,22,21,51,0,94,88,0,88,182
08/19/2022,SBD,CA,AWP,WE,Federal Contract Tower,15,0,5,0,20,4,18,36,0,58,19,18,41,0,78,40,0,40,118
08/20/2022,SBD,CA,AWP,WE,Federal Contract Tower,12,2,7,0,21,0,25,45,0,70,12,27,52,0,91,92,0,92,183
08/21/2022,SBD,CA,AWP,WE,Federal Contract Tower,14,0,13,0,27,0,25,25,0,50,14,25,38,0,77,20,0,20,97
08/22/2022,SBD,CA,AWP,WE,Federal Contract Tower,19,4,5,0,28,10,35,29,0,74,29,39,34,0,102,60,0,60,162
08/23/2022,SBD,CA,AWP,WE,Federal Contract Tower,25,3,5,1,34,0,18,36,0,54,25,21,41,1,88,36,0,36,124
08/24/2022,SBD,CA,AWP,WE,Federal Contract Tower,22,2,4,0,28,0,22,33,0,55,22,24,37,0,83,48,0,48,131
08/25/2022,SBD,CA,AWP,WE,Federal Contract Tower,20,0,4,0,24,11,65,45,0,121,31,65,49,0,145,100,0,100,245
08/26/2022,SBD,CA,AWP,WE,Federal Contract Tower,15,9,13,0,37,1,33,26,0,60,16,42,39,0,97,44,0,44,141
08/27/2022,SBD,CA,AWP,WE,Federal Contract Tower,12,2,2,0,16,0,19,31,0,50,12,21,33,0,66,32,0,32,98
08/28/2022,SBD,CA,AWP,WE,Federal Contract Tower,15,4,9,0,28,0,24,29,0,53,15,28,38,0,81,16,0,16,97
08/29/2022,SBD,CA,AWP,WE,Federal Contract Tower,22,2,2,0,26,34,103,58,3,198,56,105,60,3,224,86,0,86,310
08/30/2022,SBD,CA,AWP,WE,Federal Contract Tower,27,4,5,1,37,3,24,22,0,49,30,28,27,1,86,46,0,46,132
08/31/2022,SBD,CA,AWP,WE,Federal Contract Tower,21,1,6,3,31,8,39,33,1,81,29,40,39,4,112,30,12,42,154
09/01/2022,SBD,CA,AWP,WE,Federal Contract Tower,20,0,2,0,22,6,28,18,0,52,26,28,20,0,74,24,0,24,98
09/02/2022,SBD,CA,AWP,WE,Federal Contract Tower,16,2,4,0,22,4,34,26,0,64,20,36,30,0,86,42,0,42,128
09/03/2022,SBD,CA,AWP,WE,Federal Contract Tower,12,5,2,0,19,1,26,40,0,67,13,31,42,0,86,54,0,54,140
09/04/2022,SBD,CA,AWP,WE,Federal Contract Tower,13,3,1,0,17,1,30,27,0,58,14,33,28,0,75,46,0,46,121
09/05/2022,SBD,CA,AWP,WE,Federal Contract Tower,12,3,9,1,25,29,89,23,1,142,41,92,32,2,167,12,0,12,179
09/06/2022,SBD,CA,AWP,WE,Federal Contract Tower,19,1,4,0,24,129,67,17,0,213,148,68,21,0,237,14,0,14,251
09/07/2022,SBD,CA,AWP,WE,Federal Contract Tower,21,2,9,0,32,94,53,10,0,157,115,55,19,0,189,4,0,4,193
09/08/2022,SBD,CA,AWP,WE,Federal Contract Tower,23,1,8,0,32,21,30,12,0,63,44,31,20,0,95,0,0,0,95
09/09/2022,SBD,CA,AWP,WE,Federal Contract Tower,14,5,3,0,22,0,16,26,0,42,14,21,29,0,64,32,0,32,96
09/10/2022,SBD,CA,AWP,WE,Federal Contract Tower,12,5,5,0,22,0,24,7,0,31,12,29,12,0,53,8,0,8,61
09/11/2022,SBD,CA,AWP,WE,Federal Contract Tower,16,4,10,0,30,0,34,14,0,48,16,38,24,0,78,8,0,8,86
09/12/2022,SBD,CA,AWP,WE,Federal Contract Tower,23,0,7,0,30,0,27,19,0,46,23,27,26,0,76,82,0,82,158
09/13/2022,SBD,CA,AWP,WE,Federal Contract Tower,20,5,7,0,32,0,20,21,0,41,20,25,28,0,73,60,0,60,133
09/14/2022,SBD,CA,AWP,WE,Federal Contract Tower,23,4,4,0,31,0,30,30,0,60,23,34,34,0,91,40,0,40,131
09/15/2022,SBD,CA,AWP,WE,Federal Contract Tower,24,6,12,0,42,0,27,31,3,61,24,33,43,3,103,68,0,68,171
09/16/2022,SBD,CA,AWP,WE,Federal Contract Tower,17,6,22,0,45,0,51,41,0,92,17,57,63,0,137,58,0,58,195
09/17/2022,SBD,CA,AWP,WE,Federal Contract Tower,11,7,8,0,26,0,22,46,0,68,11,29,54,0,94,38,0,38,132
09/18/2022,SBD,CA,AWP,WE,Federal Contract Tower,14,1,9,0,24,0,45,38,0,83,14,46,47,0,107,48,0,48,155
09/19/2022,SBD,CA,AWP,WE,Federal Contract Tower,17,2,1,0,20,0,43,34,0,77,17,45,35,0,97,58,0,58,155
09/20/2022,SBD,CA,AWP,WE,Federal Contract Tower,22,3,6,0,31,0,13,34,0,47,22,16,40,0,78,68,0,68,146
09/21/2022,SBD,CA,AWP,WE,Federal Contract Tower,24,1,6,0,31,0,12,39,0,51,24,13,45,0,82,52,0,52,134
09/22/2022,SBD,CA,AWP,WE,Federal Contract Tower,29,1,5,0,35,0,17,29,0,46,29,18,34,0,81,40,0,40,121
09/23/2022,SBD,CA,AWP,WE,Federal Contract Tower,15,4,8,0,27,8,52,18,2,80,23,56,26,2,107,82,0,82,189
09/24/2022,SBD,CA,AWP,WE,Federal Contract Tower,14,3,13,0,30,3,20,25,0,48,17,23,38,0,78,20,0,20,98
09/25/2022,SBD,CA,AWP,WE,Federal Contract Tower,15,2,4,0,21,0,25,56,0,81,15,27,60,0,102,52,0,52,154
09/26/2022,SBD,CA,AWP,WE,Federal Contract Tower,20,3,2,0,25,0,29,40,0,69,20,32,42,0,94,78,0,78,172
09/27/2022,SBD,CA,AWP,WE,Federal Contract Tower,20,6,2,0,28,0,24,36,0,60,20,30,38,0,88,64,0,64,152
09/28/2022,SBD,CA,AWP,WE,Federal Contract Tower,19,0,1,2,22,0,18,26,0,44,19,18,27,2,66,48,0,48,114
09/29/2022,SBD,CA,AWP,WE,Federal Contract Tower,24,2,5,0,31,0,16,45,0,61,24,18,50,0,92,38,0,38,130
09/30/2022,SBD,CA,AWP,WE,Federal Contract Tower,19,6,10,0,35,0,25,47,0,72,19,31,57,0,107,74,0,74,181
10/01/2022,SBD,CA,AWP,WE,Federal Contract Tower,10,3,5,0,18,0,42,13,0,55,10,45,18,0,73,8,0,8,81
10/02/2022,SBD,CA,AWP,WE,Federal Contract Tower,14,0,0,1,15,0,12,21,0,33,14,12,21,1,48,26,0,26,74
10/03/2022,SBD,CA,AWP,WE,Federal Contract Tower,20,0,9,0,29,0,25,46,4,75,20,25,55,4,104,96,0,96,200
10/04/2022,SBD,CA,AWP,WE,Federal Contract Tower,22,2,6,0,30,0,17,39,0,56,22,19,45,0,86,40,0,40,126
10/05/2022,SBD,CA,AWP,WE,Federal Contract Tower,25,2,7,1,35,0,27,34,0,61,25,29,41,1,96,90,0,90,186
10/06/2022,SBD,CA,AWP,WE,Federal Contract Tower,25,8,9,0,42,0,13,22,0,35,25,21,31,0,77,52,0,52,129
10/07/2022,SBD,CA,AWP,WE,Federal Contract Tower,18,3,7,0,28,0,18,36,2,56,18,21,43,2,84,44,0,44,128
10/08/2022,SBD,CA,AWP,WE,Federal Contract Tower,11,4,8,0,23,2,36,43,0,81,13,40,51,0,104,72,0,72,176
10/09/2022,SBD,CA,AWP,WE,Federal Contract Tower,15,6,12,0,33,0,28,40,1,69,15,34,52,1,102,72,0,72,174
10/10/2022,SBD,CA,AWP,WE,Federal Contract Tower,19,1,8,0,28,0,35,26,0,61,19,36,34,0,89,82,0,82,171
10/11/2022,SBD,CA,AWP,WE,Federal Contract Tower,21,4,2,0,27,0,11,4,0,15,21,15,6,0,42,10,0,10,52
10/12/2022,SBD,CA,AWP,WE,Federal Contract Tower,26,5,5,2,38,0,21,11,0,32,26,26,16,2,70,26,0,26,96
10/13/2022,SBD,CA,AWP,WE,Federal Contract Tower,25,1,13,3,42,0,10,5,0,15,25,11,18,3,57,0,0,0,57
10/14/2022,SBD,CA,AWP,WE,Federal Contract Tower,20,8,12,0,40,0,12,7,4,23,20,20,19,4,63,16,0,16,79
10/15/2022,SBD,CA,AWP,WE,Federal Contract Tower,15,3,0,1,19,0,7,1,2,10,15,10,1,3,29,0,0,0,29
10/16/2022,SBD,CA,AWP,WE,Federal Contract Tower,15,11,6,0,32,0,16,5,0,21,15,27,11,0,53,14,0,14,67
10/17/2022,SBD,CA,AWP,WE,Federal Contract Tower,22,3,12,0,37,0,23,54,0,77,22,26,66,0,114,120,0,120,234
10/18/2022,SBD,CA,AWP,WE,Federal Contract Tower,22,3,6,3,34,0,20,28,0,48,22,23,34,3,82,64,0,64,146
10/19/2022,SBD,CA,AWP,WE,Federal Contract Tower,22,0,0,4,26,0,23,45,0,68,22,23,45,4,94,80,0,80,174
10/20/2022,SBD,CA,AWP,WE,Federal Contract Tower,22,5,14,0,41,0,12,29,1,42,22,17,43,1,83,32,0,32,115
10/21/2022,SBD,CA,AWP,WE,Federal Contract Tower,18,1,10,0,29,0,16,36,0,52,18,17,46,0,81,26,0,26,107
10/22/2022,SBD,CA,AWP,WE,Federal Contract Tower,5,6,6,0,17,0,16,21,0,37,5,22,27,0,54,38,0,38,92
10/23/2022,SBD,CA,AWP,WE,Federal Contract Tower,15,1,5,0,21,0,21,35,3,59,15,22,40,3,80,68,0,68,148
10/24/2022,SBD,CA,AWP,WE,Federal Contract Tower,20,0,3,0,23,0,34,33,0,67,20,34,36,0,90,90,0,90,180
10/25/2022,SBD,CA,AWP,WE,Federal Contract Tower,24,1,3,1,29,0,29,61,2,92,24,30,64,3,121,84,0,84,205
10/26/2022,SBD,CA,AWP,WE,Federal Contract Tower,23,3,3,0,29,0,42,46,0,88,23,45,49,0,117,116,2,118,235
10/27/2022,SBD,CA,AWP,WE,Federal Contract Tower,26,3,8,0,37,0,15,38,0,53,26,18,46,0,90,62,0,62,152
10/28/2022,SBD,CA,AWP,WE,Federal Contract Tower,15,1,7,0,23,1,18,48,0,67,16,19,55,0,90,106,0,106,196
10/29/2022,SBD,CA,AWP,WE,Federal Contract Tower,14,0,9,0,23,0,23,37,0,60,14,23,46,0,83,44,2,46,129
10/30/2022,SBD,CA,AWP,WE,Federal Contract Tower,14,0,5,0,19,0,26,47,0,73,14,26,52,0,92,60,0,60,152
10/31/2022,SBD,CA,AWP,WE,Federal Contract Tower,19,0,6,0,25,0,18,46,0,64,19,18,52,0,89,76,0,76,165
11/01/2022,SBD,CA,AWP,WE,Federal Contract Tower,21,1,7,1,30,0,17,23,2,42,21,18,30,3,72,60,0,60,132
11/02/2022,SBD,CA,AWP,WE,Federal Contract Tower,24,1,5,0,30,0,18,10,0,28,24,19,15,0,58,22,0,22,80
11/03/2022,SBD,CA,AWP,WE,Federal Contract Tower,28,3,4,0,35,0,10,23,2,35,28,13,27,2,70,46,0,46,116
11/04/2022,SBD,CA,AWP,WE,Federal Contract Tower,18,0,4,0,22,0,30,38,0,68,18,30,42,0,90,112,0,112,202
11/05/2022,SBD,CA,AWP,WE,Federal Contract Tower,14,1,3,1,19,0,29,65,0,94,14,30,68,1,113,66,0,66,179
11/06/2022,SBD,CA,AWP,WE,Federal Contract Tower,16,5,5,0,26,0,16,40,0,56,16,21,45,0,82,74,0,74,156
11/07/2022,SBD,CA,AWP,WE,Federal Contract Tower,23,5,7,0,35,0,12,5,0,17,23,17,12,0,52,2,0,2,54
11/08/2022,SBD,CA,AWP,WE,Federal Contract Tower,14,2,4,0,20,0,4,0,0,4,14,6,4,0,24,0,0,0,24
11/09/2022,SBD,CA,AWP,WE,Federal Contract Tower,23,4,5,0,32,0,25,39,0,64,23,29,44,0,96,34,0,34,130
11/10/2022,SBD,CA,AWP,WE,Federal Contract Tower,27,6,7,2,42,0,15,38,0,53,27,21,45,2,95,50,0,50,145
11/11/2022,SBD,CA,AWP,WE,Federal Contract Tower,18,3,19,0,40,0,26,46,4,76,18,29,65,4,116,20,0,20,136
11/12/2022,SBD,CA,AWP,WE,Federal Contract Tower,15,2,5,0,22,0,31,62,0,93,15,33,67,0,115,64,0,64,179
11/13/2022,SBD,CA,AWP,WE,Federal Contract Tower,18,0,2,0,20,4,19,14,0,37,22,19,16,0,57,30,0,30,87
11/14/2022,SBD,CA,AWP,WE,Federal Contract Tower,23,6,8,0,37,0,40,54,0,94,23,46,62,0,131,74,0,74,205
11/15/2022,SBD,CA,AWP,WE,Federal Contract Tower,26,2,7,0,35,0,31,32,1,64,26,33,39,1,99,68,12,80,179
11/16/2022,SBD,CA,AWP,WE,Federal Contract Tower,26,0,2,0,28,0,27,12,0,39,26,27,14,0,67,26,0,26,93
11/17/2022,SBD,CA,AWP,WE,Federal Contract Tower,24,3,11,0,38,0,27,36,0,63,24,30,47,0,101,100,0,100,201
11/18/2022,SBD,CA,AWP,WE,Federal Contract Tower,18,4,10,1,33,0,13,47,0,60,18,17,57,1,93,72,0,72,165
11/19/2022,SBD,CA,AWP,WE,Federal Contract Tower,18,1,5,0,24,0,35,11,1,47,18,36,16,1,71,20,4,24,95
11/20/2022,SBD,CA,AWP,WE,Federal Contract Tower,18,4,6,0,28,0,31,45,0,76,18,35,51,0,104,60,0,60,164
11/21/2022,SBD,CA,AWP,WE,Federal Contract Tower,27,0,7,0,34,0,42,79,0,121,27,42,86,0,155,76,0,76,231
11/22/2022,SBD,CA,AWP,WE,Federal Contract Tower,28,1,7,0,36,0,17,34,0,51,28,18,41,0,87,80,0,80,167
11/23/2022,SBD,CA,AWP,WE,Federal Contract Tower,25,3,1,0,29,0,26,40,1,67,25,29,41,1,96,48,0,48,144
11/24/2022,SBD,CA,AWP,WE,Federal Contract Tower,2,0,1,0,3,2,14,6,0,22,4,14,7,0,25,8,0,8,33
11/25/2022,SBD,CA,AWP,WE,Federal Contract Tower,8,1,5,0,14,0,25,35,0,60,8,26,40,0,74,72,0,72,146
11/26/2022,SBD,CA,AWP,WE,Federal Contract Tower,20,0,10,0,30,0,39,64,0,103,20,39,74,0,133,70,0,70,203
11/27/2022,SBD,CA,AWP,WE,Federal Contract Tower,20,1,13,0,34,0,16,26,0,42,20,17,39,0,76,24,0,24,100
11/28/2022,SBD,CA,AWP,WE,Federal Contract Tower,27,2,8,0,37,0,29,7,0,36,27,31,15,0,73,18,0,18,91
11/29/2022,SBD,CA,AWP,WE,Federal Contract Tower,30,2,6,0,38,0,28,17,0,45,30,30,23,0,83,86,0,86,169
11/30/2022,SBD,CA,AWP,WE,Federal Contract Tower,29,2,3,0,34,0,11,14,0,25,29,13,17,0,59,60,0,60,119
12/01/2022,SBD,CA,AWP,WE,Federal Contract Tower,31,1,3,0,35,0,30,16,0,46,31,31,19,0,81,80,0,80,161
12/02/2022,SBD,CA,AWP,WE,Federal Contract Tower,19,8,6,0,33,1,10,36,0,47,20,18,42,0,80,30,0,30,110
12/03/2022,SBD,CA,AWP,WE,Federal Contract Tower,19,0,4,0,23,0,32,7,0,39,19,32,11,0,62,22,0,22,84
12/04/2022,SBD,CA,AWP,WE,Federal Contract Tower,20,1,4,0,25,0,32,7,0,39,20,33,11,0,64,22,0,22,86
12/05/2022,SBD,CA,AWP,WE,Federal Contract Tower,29,3,1,0,33,0,22,12,1,35,29,25,13,1,68,16,0,16,84
12/06/2022,SBD,CA,AWP,WE,Federal Contract Tower,30,12,6,2,50,0,30,11,0,41,30,42,17,2,91,44,0,44,135
12/07/2022,SBD,CA,AWP,WE,Federal Contract Tower,31,13,6,0,50,0,27,28,0,55,31,40,34,0,105,74,0,74,179
12/08/2022,SBD,CA,AWP,WE,Federal Contract Tower,35,10,3,0,48,0,18,31,0,49,35,28,34,0,97,18,0,18,115
12/09/2022,SBD,CA,AWP,WE,Federal Contract Tower,22,4,5,0,31,0,31,31,0,62,22,35,36,0,93,52,0,52,145
12/10/2022,SBD,CA,AWP,WE,Federal Contract Tower,18,1,6,0,25,0,18,27,0,45,18,19,33,0,70,46,0,46,116
12/11/2022,SBD,CA,AWP,WE,Federal Contract Tower,19,1,2,0,22,0,3,0,0,3,19,4,2,0,25,0,0,0,25
12/12/2022,SBD,CA,AWP,WE,Federal Contract Tower,28,4,8,0,40,0,19,3,0,22,28,23,11,0,62,12,0,12,74
12/13/2022,SBD,CA,AWP,WE,Federal Contract Tower,29,3,9,0,41,0,16,25,0,41,29,19,34,0,82,10,0,10,92
12/14/2022,SBD,CA,AWP,WE,Federal Contract Tower,24,2,5,0,31,0,25,25,0,50,24,27,30,0,81,40,0,40,121
12/15/2022,SBD,CA,AWP,WE,Federal Contract Tower,33,8,3,0,44,0,20,19,0,39,33,28,22,0,83,12,0,12,95
12/16/2022,SBD,CA,AWP,WE,Federal Contract Tower,26,8,6,0,40,0,15,36,0,51,26,23,42,0,91,36,0,36,127
12/17/2022,SBD,CA,AWP,WE,Federal Contract Tower,27,2,8,0,37,0,32,46,0,78,27,34,54,0,115,8,0,8,123
12/18/2022,SBD,CA,AWP,WE,Federal Contract Tower,21,0,9,0,30,0,36,36,0,72,21,36,45,0,102,12,0,12,114
12/19/2022,SBD,CA,AWP,WE,Federal Contract Tower,29,3,18,0,50,0,38,42,0,80,29,41,60,0,130,16,0,16,146
12/20/2022,SBD,CA,AWP,WE,Federal Contract Tower,0,0,0,0,0,0,0,0,0,0,0,0,0,0,0,0,0,0,0
12/21/2022,SBD,CA,AWP,WE,Federal Contract Tower,0,0,0,0,0,0,0,0,0,0,0,0,0,0,0,0,0,0,0
12/27/2022,SBD,CA,AWP,WE,Federal Contract Tower,29,1,5,0,35,0,14,12,0,26,29,15,17,0,61,8,0,8,69
12/28/2022,SBD,CA,AWP,WE,Federal Contract Tower,29,1,5,0,35,0,14,12,0,26,29,15,17,0,61,8,0,8,69
12/29/2022,SBD,CA,AWP,WE,Federal Contract Tower,36,5,7,0,48,0,7,4,0,11,36,12,11,0,59,2,0,2,61
12/30/2022,SBD,CA,AWP,WE,Federal Contract Tower,22,2,5,0,29,0,10,2,0,12,22,12,7,0,41,0,0,0,41
12/31/2022,SBD,CA,AWP,WE,Federal Contract Tower,5,2,5,0,12,0,3,0,0,3,5,5,5,0,15,0,0,0,15
01/01/2023,SBD,CA,AWP,WE,Federal Contract Tower,4,1,6,0,11,0,12,3,0,15,4,13,9,0,26,0,0,0,26
01/02/2023,SBD,CA,AWP,WE,Federal Contract Tower,19,1,5,0,25,0,13,24,0,37,19,14,29,0,62,0,0,0,62
01/03/2023,SBD,CA,AWP,WE,Federal Contract Tower,33,5,6,0,44,0,7,0,0,7,33,12,6,0,51,0,0,0,51
01/04/2023,SBD,CA,AWP,WE,Federal Contract Tower,30,3,4,0,37,0,15,5,0,20,30,18,9,0,57,30,0,30,87
01/05/2023,SBD,CA,AWP,WE,Federal Contract Tower,25,0,3,0,28,0,6,1,0,7,25,6,4,0,35,0,0,0,35
01/06/2023,SBD,CA,AWP,WE,Federal Contract Tower,26,6,9,0,41,0,28,51,0,79,26,34,60,0,120,42,0,42,162
01/07/2023,SBD,CA,AWP,WE,Federal Contract Tower,15,1,5,0,21,0,11,26,0,37,15,12,31,0,58,120,0,120,178
01/08/2023,SBD,CA,AWP,WE,Federal Contract Tower,18,6,8,0,32,0,18,37,0,55,18,24,45,0,87,100,0,100,187
01/09/2023,SBD,CA,AWP,WE,Federal Contract Tower,24,3,10,0,37,0,25,2,0,27,24,28,12,0,64,24,0,24,88
01/10/2023,SBD,CA,AWP,WE,Federal Contract Tower,29,4,5,0,38,0,9,0,0,9,29,13,5,0,47,0,0,0,47
01/11/2023,SBD,CA,AWP,WE,Federal Contract Tower,27,3,12,0,42,0,21,39,0,60,27,24,51,0,102,98,0,98,200
01/12/2023,SBD,CA,AWP,WE,Federal Contract Tower,25,2,7,1,35,0,25,26,2,53,25,27,33,3,88,18,0,18,106
01/13/2023,SBD,CA,AWP,WE,Federal Contract Tower,21,3,14,0,38,0,20,32,1,53,21,23,46,1,91,36,0,36,127
01/14/2023,SBD,CA,AWP,WE,Federal Contract Tower,17,0,2,0,19,0,5,5,0,10,17,5,7,0,29,10,0,10,39
01/15/2023,SBD,CA,AWP,WE,Federal Contract Tower,16,1,5,0,22,0,10,6,0,16,16,11,11,0,38,14,0,14,52
01/16/2023,SBD,CA,AWP,WE,Federal Contract Tower,24,5,2,0,31,0,9,2,0,11,24,14,4,0,42,30,0,30,72
01/17/2023,SBD,CA,AWP,WE,Federal Contract Tower,23,1,6,0,30,0,28,32,1,61,23,29,38,1,91,74,6,80,171
01/18/2023,SBD,CA,AWP,WE,Federal Contract Tower,26,1,6,0,33,0,19,25,0,44,26,20,31,0,77,68,0,68,145
01/19/2023,SBD,CA,AWP,WE,Federal Contract Tower,21,4,9,0,34,0,27,56,0,83,21,31,65,0,117,80,0,80,197
01/20/2023,SBD,CA,AWP,WE,Federal Contract Tower,20,0,3,2,25,0,19,47,0,66,20,19,50,2,91,34,0,34,125
01/21/2023,SBD,CA,AWP,WE,Federal Contract Tower,15,2,5,0,22,0,64,40,0,104,15,66,45,0,126,4,2,6,132
01/22/2023,SBD,CA,AWP,WE,Federal Contract Tower,17,0,6,0,23,0,28,17,0,45,17,28,23,0,68,46,0,46,114
01/23/2023,SBD,CA,AWP,WE,Federal Contract Tower,22,0,5,0,27,0,16,4,0,20,22,16,9,0,47,0,0,0,47
01/24/2023,SBD,CA,AWP,WE,Federal Contract Tower,22,0,6,0,28,0,31,31,0,62,22,31,37,0,90,110,0,110,200
01/25/2023,SBD,CA,AWP,WE,Federal Contract Tower,21,2,4,0,27,0,22,26,0,48,21,24,30,0,75,22,0,22,97
01/26/2023,SBD,CA,AWP,WE,Federal Contract Tower,28,1,4,0,33,0,5,3,2,10,28,6,7,2,43,0,0,0,43
01/27/2023,SBD,CA,AWP,WE,Federal Contract Tower,22,4,4,0,30,0,24,35,0,59,22,28,39,0,89,32,0,32,121
01/28/2023,SBD,CA,AWP,WE,Federal Contract Tower,18,2,3,0,23,0,39,50,0,89,18,41,53,0,112,34,0,34,146
01/29/2023,SBD,CA,AWP,WE,Federal Contract Tower,19,0,6,0,25,0,6,1,0,7,19,6,7,0,32,0,0,0,32
01/30/2023,SBD,CA,AWP,WE,Federal Contract Tower,20,3,1,0,24,0,14,14,0,28,20,17,15,0,52,44,0,44,96
01/31/2023,SBD,CA,AWP,WE,Federal Contract Tower,25,3,0,0,28,0,10,9,0,19,25,13,9,0,47,4,0,4,51
02/01/2023,SBD,CA,AWP,WE,Federal Contract Tower,21,1,5,0,27,0,29,36,0,65,21,30,41,0,92,50,0,50,142
02/02/2023,SBD,CA,AWP,WE,Federal Contract Tower,26,3,8,0,37,0,15,30,0,45,26,18,38,0,82,120,0,120,202
02/03/2023,SBD,CA,AWP,WE,Federal Contract Tower,26,2,13,0,41,0,26,53,0,79,26,28,66,0,120,98,0,98,218
02/04/2023,SBD,CA,AWP,WE,Federal Contract Tower,17,0,4,0,21,0,32,43,0,75,17,32,47,0,96,40,0,40,136
02/05/2023,SBD,CA,AWP,WE,Federal Contract Tower,17,0,5,0,22,0,25,11,0,36,17,25,16,0,58,26,0,26,84
02/06/2023,SBD,CA,AWP,WE,Federal Contract Tower,22,3,4,0,29,0,15,12,0,27,22,18,16,0,56,2,0,2,58
02/07/2023,SBD,CA,AWP,WE,Federal Contract Tower,22,3,6,0,31,2,14,28,0,44,24,17,34,0,75,42,0,42,117
02/08/2023,SBD,CA,AWP,WE,Federal Contract Tower,25,3,1,0,29,0,36,42,0,78,25,39,43,0,107,22,0,22,129
02/09/2023,SBD,CA,AWP,WE,Federal Contract Tower,21,1,9,0,31,0,24,48,2,74,21,25,57,2,105,28,6,34,139
02/10/2023,SBD,CA,AWP,WE,Federal Contract Tower,22,0,6,0,28,0,7,26,0,33,22,7,32,0,61,58,0,58,119
02/11/2023,SBD,CA,AWP,WE,Federal Contract Tower,16,3,8,0,27,0,20,28,0,48,16,23,36,0,75,44,0,44,119
02/12/2023,SBD,CA,AWP,WE,Federal Contract Tower,19,2,6,0,27,2,33,23,0,58,21,35,29,0,85,60,0,60,145
02/13/2023,SBD,CA,AWP,WE,Federal Contract Tower,26,4,7,0,37,0,27,27,0,54,26,31,34,0,91,30,0,30,121
02/14/2023,SBD,CA,AWP,WE,Federal Contract Tower,24,1,6,0,31,0,12,1,2,15,24,13,7,2,46,18,0,18,64
02/15/2023,SBD,CA,AWP,WE,Federal Contract Tower,30,1,8,0,39,0,37,19,0,56,30,38,27,0,95,6,0,6,101
02/16/2023,SBD,CA,AWP,WE,Federal Contract Tower,26,2,9,0,37,0,9,27,0,36,26,11,36,0,73,32,0,32,105
02/17/2023,SBD,CA,AWP,WE,Federal Contract Tower,26,0,6,0,32,0,11,37,0,48,26,11,43,0,80,68,0,68,148
02/18/2023,SBD,CA,AWP,WE,Federal Contract Tower,20,2,7,0,29,0,13,44,0,57,20,15,51,0,86,48,0,48,134
02/19/2023,SBD,CA,AWP,WE,Federal Contract Tower,20,3,3,0,26,0,30,35,0,65,20,33,38,0,91,16,0,16,107
02/20/2023,SBD,CA,AWP,WE,Federal Contract Tower,23,1,8,0,32,0,30,64,0,94,23,31,72,0,126,80,0,80,206
02/21/2023,SBD,CA,AWP,WE,Federal Contract Tower,25,2,5,0,32,0,14,36,0,50,25,16,41,0,82,34,0,34,116
02/22/2023,SBD,CA,AWP,WE,Federal Contract Tower,25,3,2,0,30,0,5,10,0,15,25,8,12,0,45,18,0,18,63
02/23/2023,SBD,CA,AWP,WE,Federal Contract Tower,30,2,6,0,38,0,4,1,0,5,30,6,7,0,43,0,0,0,43
02/24/2023,SBD,CA,AWP,WE,Federal Contract Tower,19,2,1,0,22,0,5,3,0,8,19,7,4,0,30,2,0,2,32
02/25/2023,SBD,CA,AWP,WE,Federal Contract Tower,15,0,3,0,18,0,0,2,0,2,15,0,5,0,20,0,0,0,20
02/26/2023,SBD,CA,AWP,WE,Federal Contract Tower,22,1,8,0,31,0,25,30,0,55,22,26,38,0,86,6,0,6,92
02/27/2023,SBD,CA,AWP,WE,Federal Contract Tower,24,0,10,0,34,0,11,11,1,23,24,11,21,1,57,42,0,42,99
02/28/2023,SBD,CA,AWP,WE,Federal Contract Tower,24,0,0,0,24,0,30,7,0,37,24,30,7,0,61,0,0,0,61
03/01/2023,SBD,CA,AWP,WE,Federal Contract Tower,24,1,11,0,36,0,8,0,0,8,24,9,11,0,44,0,0,0,44
03/02/2023,SBD,CA,AWP,WE,Federal Contract Tower,31,7,4,0,42,0,55,41,9,105,31,62,45,9,147,42,0,42,189
03/03/2023,SBD,CA,AWP,WE,Federal Contract Tower,15,1,2,3,21,0,31,77,0,108,15,32,79,3,129,92,0,92,221
03/04/2023,SBD,CA,AWP,WE,Federal Contract Tower,18,1,6,0,25,0,25,18,0,43,18,26,24,0,68,52,0,52,120
03/05/2023,SBD,CA,AWP,WE,Federal Contract Tower,21,1,6,0,28,0,22,8,0,30,21,23,14,0,58,0,0,0,58
03/06/2023,SBD,CA,AWP,WE,Federal Contract Tower,23,4,11,0,38,0,33,45,2,80,23,37,56,2,118,46,6,52,170
03/07/2023,SBD,CA,AWP,WE,Federal Contract Tower,23,4,13,4,44,0,21,40,2,63,23,25,53,6,107,72,0,72,179
03/08/2023,SBD,CA,AWP,WE,Federal Contract Tower,27,6,13,0,46,2,21,73,2,98,29,27,86,2,144,68,6,74,218
03/09/2023,SBD,CA,AWP,WE,Federal Contract Tower,27,0,12,2,41,0,18,48,0,66,27,18,60,2,107,78,0,78,185
03/10/2023,SBD,CA,AWP,WE,Federal Contract Tower,23,2,1,0,26,0,1,0,0,1,23,3,1,0,27,0,0,0,27
03/11/2023,SBD,CA,AWP,WE,Federal Contract Tower,16,1,3,1,21,0,19,2,0,21,16,20,5,1,42,0,0,0,42
03/12/2023,SBD,CA,AWP,WE,Federal Contract Tower,19,0,2,0,21,3,29,16,3,51,22,29,18,3,72,4,2,6,78
03/13/2023,SBD,CA,AWP,WE,Federal Contract Tower,20,4,5,2,31,4,26,41,0,71,24,30,46,2,102,44,0,44,146
03/14/2023,SBD,CA,AWP,WE,Federal Contract Tower,24,4,5,0,33,0,16,0,0,16,24,20,5,0,49,2,0,2,51
03/15/2023,SBD,CA,AWP,WE,Federal Contract Tower,25,1,7,1,34,0,14,0,2,16,25,15,7,3,50,0,0,0,50
03/16/2023,SBD,CA,AWP,WE,Federal Contract Tower,26,1,12,0,39,0,18,15,0,33,26,19,27,0,72,80,0,80,152
03/17/2023,SBD,CA,AWP,WE,Federal Contract Tower,22,5,7,0,34,0,21,42,0,63,22,26,49,0,97,78,0,78,175
03/18/2023,SBD,CA,AWP,WE,Federal Contract Tower,16,0,5,0,21,0,22,59,0,81,16,22,64,0,102,50,0,50,152
03/19/2023,SBD,CA,AWP,WE,Federal Contract Tower,20,4,5,0,29,0,20,19,0,39,20,24,24,0,68,34,0,34,102
03/20/2023,SBD,CA,AWP,WE,Federal Contract Tower,23,1,9,0,33,0,19,6,0,25,23,20,15,0,58,0,0,0,58
03/21/2023,SBD,CA,AWP,WE,Federal Contract Tower,22,1,3,0,26,0,3,0,0,3,22,4,3,0,29,0,0,0,29
03/22/2023,SBD,CA,AWP,WE,Federal Contract Tower,33,1,3,0,37,0,10,0,0,10,33,11,3,0,47,0,0,0,47
03/23/2023,SBD,CA,AWP,WE,Federal Contract Tower,29,5,5,0,39,0,20,9,0,29,29,25,14,0,68,26,0,26,94
03/24/2023,SBD,CA,AWP,WE,Federal Contract Tower,20,1,8,2,31,0,20,43,1,64,20,21,51,3,95,94,0,94,189
03/25/2023,SBD,CA,AWP,WE,Federal Contract Tower,16,2,11,0,29,0,42,42,0,84,16,44,53,0,113,96,0,96,209
03/26/2023,SBD,CA,AWP,WE,Federal Contract Tower,17,1,8,0,26,0,33,58,0,91,17,34,66,0,117,42,0,42,159
03/27/2023,SBD,CA,AWP,WE,Federal Contract Tower,23,1,12,0,36,0,30,50,0,80,23,31,62,0,116,64,0,64,180
03/28/2023,SBD,CA,AWP,WE,Federal Contract Tower,25,1,13,1,40,0,25,70,0,95,25,26,83,1,135,140,0,140,275
03/29/2023,SBD,CA,AWP,WE,Federal Contract Tower,25,3,2,2,32,0,6,5,2,13,25,9,7,4,45,12,0,12,57
03/30/2023,SBD,CA,AWP,WE,Federal Contract Tower,26,1,3,2,32,0,20,10,0,30,26,21,13,2,62,20,0,20,82
03/31/2023,SBD,CA,AWP,WE,Federal Contract Tower,18,5,11,0,34,0,22,47,0,69,18,27,58,0,103,164,0,164,267
04/01/2023,SBD,CA,AWP,WE,Federal Contract Tower,10,0,12,0,22,0,25,63,0,88,10,25,75,0,110,86,0,86,196
04/02/2023,SBD,CA,AWP,WE,Federal Contract Tower,17,2,2,0,21,0,31,56,1,88,17,33,58,1,109,58,0,58,167
04/03/2023,SBD,CA,AWP,WE,Federal Contract Tower,19,2,5,0,26,0,10,14,0,24,19,12,19,0,50,14,0,14,64
04/04/2023,SBD,CA,AWP,WE,Federal Contract Tower,15,0,2,2,19,0,19,22,0,41,15,19,24,2,60,28,0,28,88
04/05/2023,SBD,CA,AWP,WE,Federal Contract Tower,22,2,6,1,31,0,20,59,0,79,22,22,65,1,110,90,0,90,200
04/06/2023,SBD,CA,AWP,WE,Federal Contract Tower,24,6,8,0,38,0,19,52,0,71,24,25,60,0,109,40,0,40,149
04/07/2023,SBD,CA,AWP,WE,Federal Contract Tower,25,5,16,0,46,0,14,58,0,72,25,19,74,0,118,26,0,26,144
04/08/2023,SBD,CA,AWP,WE,Federal Contract Tower,17,2,8,0,27,0,29,58,0,87,17,31,66,0,114,92,0,92,206
04/09/2023,SBD,CA,AWP,WE,Federal Contract Tower,21,2,8,0,31,0,27,24,0,51,21,29,32,0,82,26,0,26,108
04/10/2023,SBD,CA,AWP,WE,Federal Contract Tower,23,4,8,2,37,0,11,47,2,60,23,15,55,4,97,36,0,36,133
04/11/2023,SBD,CA,AWP,WE,Federal Contract Tower,20,5,12,2,39,0,9,50,0,59,20,14,62,2,98,76,0,76,174
04/12/2023,SBD,CA,AWP,WE,Federal Contract Tower,26,2,3,5,36,0,5,13,1,19,26,7,16,6,55,0,0,0,55
04/13/2023,SBD,CA,AWP,WE,Federal Contract Tower,24,6,5,4,39,0,0,5,0,5,24,6,10,4,44,10,0,10,54
04/14/2023,SBD,CA,AWP,WE,Federal Contract Tower,19,4,7,3,33,0,24,22,0,46,19,28,29,3,79,60,0,60,139
04/15/2023,SBD,CA,AWP,WE,Federal Contract Tower,15,3,1,0,19,0,13,43,2,58,15,16,44,2,77,94,0,94,171
04/16/2023,SBD,CA,AWP,WE,Federal Contract Tower,18,0,11,0,29,0,23,44,0,67,18,23,55,0,96,68,0,68,164
04/17/2023,SBD,CA,AWP,WE,Federal Contract Tower,29,7,9,0,45,0,28,14,0,42,29,35,23,0,87,2,0,2,89
04/18/2023,SBD,CA,AWP,WE,Federal Contract Tower,23,1,7,0,31,0,19,26,0,45,23,20,33,0,76,56,0,56,132
04/19/2023,SBD,CA,AWP,WE,Federal Contract Tower,22,2,12,1,37,0,14,41,1,56,22,16,53,2,93,34,0,34,127
04/20/2023,SBD,CA,AWP,WE,Federal Contract Tower,23,3,14,0,40,0,28,61,0,89,23,31,75,0,129,44,0,44,173
04/21/2023,SBD,CA,AWP,WE,Federal Contract Tower,23,0,8,0,31,0,28,71,0,99,23,28,79,0,130,128,0,128,258
04/22/2023,SBD,CA,AWP,WE,Federal Contract Tower,15,8,6,0,29,0,16,43,0,59,15,24,49,0,88,68,0,68,156
04/23/2023,SBD,CA,AWP,WE,Federal Contract Tower,20,3,10,0,33,0,28,52,0,80,20,31,62,0,113,6,0,6,119
04/24/2023,SBD,CA,AWP,WE,Federal Contract Tower,20,1,5,0,26,0,25,23,2,50,20,26,28,2,76,60,0,60,136
04/25/2023,SBD,CA,AWP,WE,Federal Contract Tower,22,7,7,6,42,0,31,27,0,58,22,38,34,6,100,60,0,60,160
04/26/2023,SBD,CA,AWP,WE,Federal Contract Tower,24,2,9,0,35,6,67,49,0,122,30,69,58,0,157,30,0,30,187
04/27/2023,SBD,CA,AWP,WE,Federal Contract Tower,28,0,11,0,39,0,26,60,0,86,28,26,71,0,125,40,0,40,165
04/28/2023,SBD,CA,AWP,WE,Federal Contract Tower,21,6,13,0,40,0,43,67,0,110,21,49,80,0,150,130,0,130,280
04/29/2023,SBD,CA,AWP,WE,Federal Contract Tower,16,1,7,0,24,0,33,43,0,76,16,34,50,0,100,56,0,56,156
04/30/2023,SBD,CA,AWP,WE,Federal Contract Tower,20,7,12,0,39,0,14,19,0,33,20,21,31,0,72,20,0,20,92
05/01/2023,SBD,CA,AWP,WE,Federal Contract Tower,24,5,10,0,39,0,16,12,0,28,24,21,22,0,67,44,0,44,111
05/02/2023,SBD,CA,AWP,WE,Federal Contract Tower,19,5,9,0,33,0,6,10,1,17,19,11,19,1,50,6,0,6,56
05/03/2023,SBD,CA,AWP,WE,Federal Contract Tower,27,6,14,1,48,0,17,34,4,55,27,23,48,5,103,42,0,42,145
05/04/2023,SBD,CA,AWP,WE,Federal Contract Tower,29,1,3,0,33,0,7,6,0,13,29,8,9,0,46,16,0,16,62
05/05/2023,SBD,CA,AWP,WE,Federal Contract Tower,18,2,8,0,28,0,7,16,2,25,18,9,24,2,53,68,0,68,121
05/06/2023,SBD,CA,AWP,WE,Federal Contract Tower,18,1,7,0,26,0,31,39,0,70,18,32,46,0,96,32,0,32,128
05/07/2023,SBD,CA,AWP,WE,Federal Contract Tower,17,0,9,0,26,0,12,38,0,50,17,12,47,0,76,46,0,46,122
05/08/2023,SBD,CA,AWP,WE,Federal Contract Tower,22,4,8,0,34,0,26,70,2,98,22,30,78,2,132,82,0,82,214
05/09/2023,SBD,CA,AWP,WE,Federal Contract Tower,24,6,8,2,40,0,17,16,0,33,24,23,24,2,73,52,0,52,125
05/10/2023,SBD,CA,AWP,WE,Federal Contract Tower,23,1,17,4,45,0,12,31,0,43,23,13,48,4,88,52,0,52,140
05/11/2023,SBD,CA,AWP,WE,Federal Contract Tower,30,2,12,0,44,0,3,29,2,34,30,5,41,2,78,56,0,56,134
05/12/2023,SBD,CA,AWP,WE,Federal Contract Tower,22,8,4,0,34,0,37,38,0,75,22,45,42,0,109,48,0,48,157
05/13/2023,SBD,CA,AWP,WE,Federal Contract Tower,17,4,5,0,26,1,16,46,0,63,18,20,51,0,89,72,0,72,161
05/14/2023,SBD,CA,AWP,WE,Federal Contract Tower,20,5,5,0,30,0,44,33,0,77,20,49,38,0,107,22,0,22,129
05/15/2023,SBD,CA,AWP,WE,Federal Contract Tower,22,3,7,0,32,0,19,47,0,66,22,22,54,0,98,86,0,86,184
05/16/2023,SBD,CA,AWP,WE,Federal Contract Tower,20,2,8,1,31,0,15,53,0,68,20,17,61,1,99,88,0,88,187
05/17/2023,SBD,CA,AWP,WE,Federal Contract Tower,24,7,13,1,45,0,54,45,0,99,24,61,58,1,144,66,0,66,210
05/18/2023,SBD,CA,AWP,WE,Federal Contract Tower,25,4,5,1,35,0,34,32,1,67,25,38,37,2,102,30,0,30,132
05/19/2023,SBD,CA,AWP,WE,Federal Contract Tower,20,4,7,0,31,0,42,16,0,58,20,46,23,0,89,6,0,6,95
05/20/2023,SBD,CA,AWP,WE,Federal Contract Tower,15,0,8,0,23,0,22,36,0,58,15,22,44,0,81,36,0,36,117
05/21/2023,SBD,CA,AWP,WE,Federal Contract Tower,19,2,5,0,26,0,21,12,0,33,19,23,17,0,59,48,0,48,107
05/22/2023,SBD,CA,AWP,WE,Federal Contract Tower,20,3,8,0,31,0,20,29,0,49,20,23,37,0,80,38,0,38,118
05/23/2023,SBD,CA,AWP,WE,Federal Contract Tower,20,4,16,0,40,5,11,16,0,32,25,15,32,0,72,24,0,24,96
05/24/2023,SBD,CA,AWP,WE,Federal Contract Tower,21,2,1,2,26,0,17,19,0,36,21,19,20,2,62,30,0,30,92
05/25/2023,SBD,CA,AWP,WE,Federal Contract Tower,21,0,12,1,34,0,14,18,1,33,21,14,30,2,67,28,0,28,95
05/26/2023,SBD,CA,AWP,WE,Federal Contract Tower,19,10,7,0,36,0,21,37,0,58,19,31,44,0,94,30,0,30,124
05/27/2023,SBD,CA,AWP,WE,Federal Contract Tower,17,2,11,0,30,0,30,46,0,76,17,32,57,0,106,10,0,10,116
05/28/2023,SBD,CA,AWP,WE,Federal Contract Tower,17,2,3,0,22,0,11,15,0,26,17,13,18,0,48,28,0,28,76
05/29/2023,SBD,CA,AWP,WE,Federal Contract Tower,13,3,11,0,27,2,38,23,0,63,15,41,34,0,90,52,0,52,142
05/30/2023,SBD,CA,AWP,WE,Federal Contract Tower,18,10,5,0,33,0,11,17,0,28,18,21,22,0,61,18,0,18,79
05/31/2023,SBD,CA,AWP,WE,Federal Contract Tower,23,5,9,0,37,0,24,36,0,60,23,29,45,0,97,62,0,62,159
06/01/2023,SBD,CA,AWP,WE,Federal Contract Tower,23,1,10,3,37,0,10,15,1,26,23,11,25,4,63,62,0,62,125
06/02/2023,SBD,CA,AWP,WE,Federal Contract Tower,15,3,6,0,24,0,13,24,0,37,15,16,30,0,61,56,0,56,117
06/03/2023,SBD,CA,AWP,WE,Federal Contract Tower,14,3,7,0,24,0,38,68,0,106,14,41,75,0,130,78,0,78,208
06/04/2023,SBD,CA,AWP,WE,Federal Contract Tower,16,3,7,0,26,0,22,31,0,53,16,25,38,0,79,32,0,32,111
06/05/2023,SBD,CA,AWP,WE,Federal Contract Tower,19,4,5,2,30,0,30,21,0,51,19,34,26,2,81,18,0,18,99
06/06/2023,SBD,CA,AWP,WE,Federal Contract Tower,22,2,14,0,38,0,15,28,0,43,22,17,42,0,81,56,0,56,137
06/07/2023,SBD,CA,AWP,WE,Federal Contract Tower,23,3,13,3,42,0,19,35,1,55,23,22,48,4,97,82,0,82,179
06/08/2023,SBD,CA,AWP,WE,Federal Contract Tower,28,3,17,0,48,0,6,38,3,47,28,9,55,3,95,62,0,62,157
06/09/2023,SBD,CA,AWP,WE,Federal Contract Tower,18,5,13,0,36,0,28,9,0,37,18,33,22,0,73,0,0,0,73
06/10/2023,SBD,CA,AWP,WE,Federal Contract Tower,22,1,16,0,39,0,19,38,0,57,22,20,54,0,96,36,0,36,132
06/11/2023,SBD,CA,AWP,WE,Federal Contract Tower,20,4,4,0,28,0,22,0,0,22,20,26,4,0,50,12,0,12,62
06/12/2023,SBD,CA,AWP,WE,Federal Contract Tower,17,6,13,0,36,0,16,17,0,33,17,22,30,0,69,44,0,44,113
06/13/2023,SBD,CA,AWP,WE,Federal Contract Tower,23,7,15,0,45,0,14,29,0,43,23,21,44,0,88,0,0,0,88
06/14/2023,SBD,CA,AWP,WE,Federal Contract Tower,25,1,21,0,47,0,24,20,0,44,25,25,41,0,91,54,0,54,145
06/15/2023,SBD,CA,AWP,WE,Federal Contract Tower,25,2,23,0,50,0,14,16,0,30,25,16,39,0,80,16,0,16,96
06/16/2023,SBD,CA,AWP,WE,Federal Contract Tower,19,4,18,0,41,0,12,23,0,35,19,16,41,0,76,20,0,20,96
06/17/2023,SBD,CA,AWP,WE,Federal Contract Tower,19,3,21,0,43,0,42,69,0,111,19,45,90,0,154,48,0,48,202
06/18/2023,SBD,CA,AWP,WE,Federal Contract Tower,22,5,4,0,31,0,23,39,0,62,22,28,43,0,93,30,0,30,123
06/19/2023,SBD,CA,AWP,WE,Federal Contract Tower,27,4,8,0,39,0,32,35,0,67,27,36,43,0,106,40,0,40,146
06/20/2023,SBD,CA,AWP,WE,Federal Contract Tower,22,2,17,0,41,0,23,47,0,70,22,25,64,0,111,8,0,8,119
06/21/2023,SBD,CA,AWP,WE,Federal Contract Tower,29,2,11,0,42,1,29,28,0,58,30,31,39,0,100,0,0,0,100
06/22/2023,SBD,CA,AWP,WE,Federal Contract Tower,27,4,16,0,47,0,25,58,0,83,27,29,74,0,130,34,0,34,164
06/23/2023,SBD,CA,AWP,WE,Federal Contract Tower,19,5,12,0,36,0,20,81,0,101,19,25,93,0,137,80,0,80,217
06/24/2023,SBD,CA,AWP,WE,Federal Contract Tower,18,3,3,0,24,2,43,58,0,103,20,46,61,0,127,26,0,26,153
06/25/2023,SBD,CA,AWP,WE,Federal Contract Tower,23,0,9,0,32,0,20,43,0,63,23,20,52,0,95,30,0,30,125
06/26/2023,SBD,CA,AWP,WE,Federal Contract Tower,27,4,10,0,41,0,33,54,0,87,27,37,64,0,128,56,0,56,184
06/27/2023,SBD,CA,AWP,WE,Federal Contract Tower,22,3,6,0,31,13,56,68,2,139,35,59,74,2,170,10,0,10,180
06/28/2023,SBD,CA,AWP,WE,Federal Contract Tower,28,10,9,0,47,0,19,30,2,51,28,29,39,2,98,28,0,28,126
06/29/2023,SBD,CA,AWP,WE,Federal Contract Tower,29,4,18,3,54,0,29,51,1,81,29,33,69,4,135,90,0,90,225
06/30/2023,SBD,CA,AWP,WE,Federal Contract Tower,20,3,5,0,28,0,22,59,0,81,20,25,64,0,109,90,0,90,199
07/01/2023,SBD,CA,AWP,WE,Federal Contract Tower,20,0,8,0,28,9,21,38,0,68,29,21,46,0,96,36,0,36,132
07/02/2023,SBD,CA,AWP,WE,Federal Contract Tower,22,0,9,0,31,2,34,46,0,82,24,34,55,0,113,28,0,28,141
07/03/2023,SBD,CA,AWP,WE,Federal Contract Tower,21,1,10,0,32,6,32,58,0,96,27,33,68,0,128,66,0,66,194
07/04/2023,SBD,CA,AWP,WE,Federal Contract Tower,3,1,1,0,5,1,19,25,0,45,4,20,26,0,50,18,0,18,68
07/05/2023,SBD,CA,AWP,WE,Federal Contract Tower,18,6,1,0,25,4,17,31,0,52,22,23,32,0,77,36,0,36,113
07/06/2023,SBD,CA,AWP,WE,Federal Contract Tower,29,3,5,0,37,0,30,51,0,81,29,33,56,0,118,66,0,66,184
07/07/2023,SBD,CA,AWP,WE,Federal Contract Tower,19,4,12,0,35,0,25,66,0,91,19,29,78,0,126,90,0,90,216
07/08/2023,SBD,CA,AWP,WE,Federal Contract Tower,20,0,9,0,29,2,37,53,0,92,22,37,62,0,121,22,0,22,143
07/09/2023,SBD,CA,AWP,WE,Federal Contract Tower,23,1,14,0,38,0,43,53,0,96,23,44,67,0,134,22,0,22,156
07/10/2023,SBD,CA,AWP,WE,Federal Contract Tower,25,0,8,3,36,2,19,64,2,87,27,19,72,5,123,50,0,50,173
07/11/2023,SBD,CA,AWP,WE,Federal Contract Tower,29,5,6,0,40,7,21,55,3,86,36,26,61,3,126,86,0,86,212
07/12/2023,SBD,CA,AWP,WE,Federal Contract Tower,26,2,6,0,34,2,29,29,0,60,28,31,35,0,94,34,0,34,128
07/13/2023,SBD,CA,AWP,WE,Federal Contract Tower,26,0,21,0,47,0,23,39,0,62,26,23,60,0,109,36,0,36,145
07/14/2023,SBD,CA,AWP,WE,Federal Contract Tower,20,4,10,0,34,87,44,41,0,172,107,48,51,0,206,36,0,36,242
07/15/2023,SBD,CA,AWP,WE,Federal Contract Tower,25,0,2,0,27,68,33,22,0,123,93,33,24,0,150,26,0,26,176
07/16/2023,SBD,CA,AWP,WE,Federal Contract Tower,18,1,10,0,29,0,38,31,0,69,18,39,41,0,98,18,0,18,116
07/17/2023,SBD,CA,AWP,WE,Federal Contract Tower,24,4,6,0,34,0,31,38,0,69,24,35,44,0,103,22,0,22,125
07/18/2023,SBD,CA,AWP,WE,Federal Contract Tower,27,4,3,0,34,0,23,37,1,61,27,27,40,1,95,32,2,34,129
07/19/2023,SBD,CA,AWP,WE,Federal Contract Tower,29,6,10,2,47,3,71,49,0,123,32,77,59,2,170,44,0,44,214
07/20/2023,SBD,CA,AWP,WE,Federal Contract Tower,30,2,7,1,40,0,23,41,0,64,30,25,48,1,104,48,0,48,152
07/21/2023,SBD,CA,AWP,WE,Federal Contract Tower,19,5,11,0,35,2,15,38,0,55,21,20,49,0,90,52,0,52,142
07/22/2023,SBD,CA,AWP,WE,Federal Contract Tower,18,4,8,0,30,1,36,50,2,89,19,40,58,2,119,50,0,50,169
07/23/2023,SBD,CA,AWP,WE,Federal Contract Tower,22,2,6,0,30,1,31,29,0,61,23,33,35,0,91,66,0,66,157
07/24/2023,SBD,CA,AWP,WE,Federal Contract Tower,24,3,14,0,41,1,12,48,2,63,25,15,62,2,104,50,0,50,154
07/25/2023,SBD,CA,AWP,WE,Federal Contract Tower,28,5,5,4,42,11,12,33,0,56,39,17,38,4,98,18,0,18,116
07/26/2023,SBD,CA,AWP,WE,Federal Contract Tower,25,1,0,0,26,2,11,27,1,41,27,12,27,1,67,0,0,0,67
07/27/2023,SBD,CA,AWP,WE,Federal Contract Tower,30,0,4,0,34,27,35,48,0,110,57,35,52,0,144,26,0,26,170
07/28/2023,SBD,CA,AWP,WE,Federal Contract Tower,20,4,3,0,27,117,41,23,0,181,137,45,26,0,208,16,0,16,224
07/29/2023,SBD,CA,AWP,WE,Federal Contract Tower,17,1,4,0,22,54,42,15,0,111,71,43,19,0,133,0,0,0,133
07/30/2023,SBD,CA,AWP,WE,Federal Contract Tower,20,1,8,0,29,0,30,42,26,98,20,31,50,26,127,14,0,14,141
07/31/2023,SBD,CA,AWP,WE,Federal Contract Tower,26,0,6,0,32,5,17,2,0,24,31,17,8,0,56,26,0,26,82
08/01/2023,SBD,CA,AWP,WE,Federal Contract Tower,27,1,0,0,28,1,22,34,0,57,28,23,34,0,85,42,0,42,127
08/02/2023,SBD,CA,AWP,WE,Federal Contract Tower,26,0,4,0,30,25,15,40,0,80,51,15,44,0,110,36,0,36,146
08/03/2023,SBD,CA,AWP,WE,Federal Contract Tower,28,3,5,0,36,0,14,39,0,53,28,17,44,0,89,42,0,42,131
08/04/2023,SBD,CA,AWP,WE,Federal Contract Tower,20,2,9,0,31,0,20,40,0,60,20,22,49,0,91,22,0,22,113
08/05/2023,SBD,CA,AWP,WE,Federal Contract Tower,17,1,9,0,27,14,36,59,0,109,31,37,68,0,136,14,0,14,150
08/06/2023,SBD,CA,AWP,WE,Federal Contract Tower,19,2,7,0,28,4,39,46,0,89,23,41,53,0,117,4,0,4,121
08/07/2023,SBD,CA,AWP,WE,Federal Contract Tower,23,4,6,0,33,0,24,39,2,65,23,28,45,2,98,0,0,0,98
08/08/2023,SBD,CA,AWP,WE,Federal Contract Tower,25,2,10,2,39,0,21,54,1,76,25,23,64,3,115,58,0,58,173
08/09/2023,SBD,CA,AWP,WE,Federal Contract Tower,30,1,4,0,35,0,28,38,0,66,30,29,42,0,101,74,0,74,175
08/10/2023,SBD,CA,AWP,WE,Federal Contract Tower,32,0,7,0,39,0,30,14,0,44,32,30,21,0,83,26,0,26,109
08/11/2023,SBD,CA,AWP,WE,Federal Contract Tower,19,11,13,0,43,0,14,30,0,44,19,25,43,0,87,30,0,30,117
08/12/2023,SBD,CA,AWP,WE,Federal Contract Tower,17,2,6,0,25,0,33,45,0,78,17,35,51,0,103,36,0,36,139
08/13/2023,SBD,CA,AWP,WE,Federal Contract Tower,21,5,12,0,38,0,22,53,0,75,21,27,65,0,113,36,0,36,149
08/14/2023,SBD,CA,AWP,WE,Federal Contract Tower,21,0,6,0,27,0,29,68,0,97,21,29,74,0,124,56,0,56,180
08/15/2023,SBD,CA,AWP,WE,Federal Contract Tower,23,5,2,0,30,0,36,30,0,66,23,41,32,0,96,2,0,2,98
08/16/2023,SBD,CA,AWP,WE,Federal Contract Tower,23,3,2,3,31,0,23,30,0,53,23,26,32,3,84,34,0,34,118
08/17/2023,SBD,CA,AWP,WE,Federal Contract Tower,31,5,4,0,40,12,23,41,0,76,43,28,45,0,116,28,0,28,144
08/18/2023,SBD,CA,AWP,WE,Federal Contract Tower,21,7,6,0,34,0,15,45,0,60,21,22,51,0,94,48,0,48,142
08/19/2023,SBD,CA,AWP,WE,Federal Contract Tower,17,0,2,0,19,1,13,20,0,34,18,13,22,0,53,20,0,20,73
08/20/2023,SBD,CA,AWP,WE,Federal Contract Tower,15,0,0,0,15,0,8,1,0,9,15,8,1,0,24,0,0,0,24
08/21/2023,SBD,CA,AWP,WE,Federal Contract Tower,25,3,6,0,34,1,40,23,0,64,26,43,29,0,98,46,0,46,144
08/22/2023,SBD,CA,AWP,WE,Federal Contract Tower,24,1,0,0,25,0,43,47,0,90,24,44,47,0,115,64,0,64,179
08/23/2023,SBD,CA,AWP,WE,Federal Contract Tower,21,9,4,2,36,3,20,51,3,77,24,29,55,5,113,64,0,64,177
08/24/2023,SBD,CA,AWP,WE,Federal Contract Tower,27,0,8,2,37,0,27,46,2,75,27,27,54,4,112,78,0,78,190
08/25/2023,SBD,CA,AWP,WE,Federal Contract Tower,21,3,7,0,31,0,17,40,2,59,21,20,47,2,90,56,0,56,146
08/26/2023,SBD,CA,AWP,WE,Federal Contract Tower,15,2,8,0,25,0,30,50,1,81,15,32,58,1,106,120,0,120,226
08/27/2023,SBD,CA,AWP,WE,Federal Contract Tower,20,0,1,0,21,0,31,44,0,75,20,31,45,0,96,30,0,30,126
08/28/2023,SBD,CA,AWP,WE,Federal Contract Tower,23,1,5,0,29,0,22,56,0,78,23,23,61,0,107,62,0,62,169
08/29/2023,SBD,CA,AWP,WE,Federal Contract Tower,22,2,9,4,37,0,17,41,0,58,22,19,50,4,95,34,0,34,129
08/30/2023,SBD,CA,AWP,WE,Federal Contract Tower,21,8,15,0,44,0,13,55,0,68,21,21,70,0,112,42,0,42,154
08/31/2023,SBD,CA,AWP,WE,Federal Contract Tower,26,1,14,0,41,0,25,40,0,65,26,26,54,0,106,22,0,22,128
07/01/2021,SBD,CA,AWP,WE,Federal Contract Tower,18,6,14,0,38,0,16,48,0,64,18,22,62,0,102,46,0,46,148
07/02/2021,SBD,CA,AWP,WE,Federal Contract Tower,15,2,5,0,22,0,16,49,0,65,15,18,54,0,87,46,0,46,133
07/03/2021,SBD,CA,AWP,WE,Federal Contract Tower,8,0,7,0,15,0,30,53,0,83,8,30,60,0,98,54,0,54,152
07/04/2021,SBD,CA,AWP,WE,Federal Contract Tower,2,0,4,0,6,3,31,30,0,64,5,31,34,0,70,50,0,50,120
07/05/2021,SBD,CA,AWP,WE,Federal Contract Tower,7,4,4,0,15,0,16,27,0,43,7,20,31,0,58,56,0,56,114
07/06/2021,SBD,CA,AWP,WE,Federal Contract Tower,16,6,12,1,35,1,24,29,2,56,17,30,41,3,91,44,0,44,135
07/07/2021,SBD,CA,AWP,WE,Federal Contract Tower,19,4,11,0,34,0,18,33,0,51,19,22,44,0,85,56,0,56,141
07/08/2021,SBD,CA,AWP,WE,Federal Contract Tower,19,2,5,0,26,0,9,59,0,68,19,11,64,0,94,72,0,72,166
07/09/2021,SBD,CA,AWP,WE,Federal Contract Tower,11,2,4,0,17,0,12,48,0,60,11,14,52,0,77,42,0,42,119
07/10/2021,SBD,CA,AWP,WE,Federal Contract Tower,9,2,14,0,25,2,21,54,0,77,11,23,68,0,102,50,0,50,152
07/11/2021,SBD,CA,AWP,WE,Federal Contract Tower,12,0,6,0,18,0,11,37,0,48,12,11,43,0,66,30,0,30,96
07/12/2021,SBD,CA,AWP,WE,Federal Contract Tower,17,2,11,0,30,0,29,53,0,82,17,31,64,0,112,88,0,88,200
07/13/2021,SBD,CA,AWP,WE,Federal Contract Tower,20,0,2,3,25,0,15,12,0,27,20,15,14,3,52,24,6,30,82
07/14/2021,SBD,CA,AWP,WE,Federal Contract Tower,16,2,10,0,28,0,14,33,0,47,16,16,43,0,75,76,0,76,151
07/15/2021,SBD,CA,AWP,WE,Federal Contract Tower,21,2,10,0,33,0,29,65,0,94,21,31,75,0,127,76,0,76,203
07/16/2021,SBD,CA,AWP,WE,Federal Contract Tower,14,4,17,0,35,0,17,46,0,63,14,21,63,0,98,32,0,32,130
07/17/2021,SBD,CA,AWP,WE,Federal Contract Tower,9,1,2,0,12,0,23,49,0,72,9,24,51,0,84,62,0,62,146
07/18/2021,SBD,CA,AWP,WE,Federal Contract Tower,12,1,4,0,17,0,21,27,0,48,12,22,31,0,65,29,0,29,94
07/19/2021,SBD,CA,AWP,WE,Federal Contract Tower,16,4,12,0,32,0,29,30,0,59,16,33,42,0,91,32,0,32,123
07/20/2021,SBD,CA,AWP,WE,Federal Contract Tower,18,2,8,0,28,2,23,48,0,73,20,25,56,0,101,52,0,52,153
07/21/2021,SBD,CA,AWP,WE,Federal Contract Tower,18,2,8,0,28,2,30,58,2,92,20,32,66,2,120,72,0,72,192
07/22/2021,SBD,CA,AWP,WE,Federal Contract Tower,19,1,7,0,27,0,33,46,2,81,19,34,53,2,108,94,0,94,202
07/23/2021,SBD,CA,AWP,WE,Federal Contract Tower,15,0,5,0,20,0,26,58,0,84,15,26,63,0,104,44,0,44,148
07/24/2021,SBD,CA,AWP,WE,Federal Contract Tower,8,1,3,0,12,0,16,55,0,71,8,17,58,0,83,44,0,44,127
07/25/2021,SBD,CA,AWP,WE,Federal Contract Tower,19,0,7,0,26,0,32,30,0,62,19,32,37,0,88,36,0,36,124
07/26/2021,SBD,CA,AWP,WE,Federal Contract Tower,18,10,4,2,34,0,15,24,0,39,18,25,28,2,73,28,0,28,101
07/27/2021,SBD,CA,AWP,WE,Federal Contract Tower,19,0,6,0,25,0,26,24,0,50,19,26,30,0,75,20,0,20,95
07/28/2021,SBD,CA,AWP,WE,Federal Contract Tower,18,4,7,0,29,0,9,57,2,68,18,13,64,2,97,22,0,22,119
07/29/2021,SBD,CA,AWP,WE,Federal Contract Tower,20,3,3,0,26,0,15,37,0,52,20,18,40,0,78,22,0,22,100
07/30/2021,SBD,CA,AWP,WE,Federal Contract Tower,15,2,7,0,24,0,15,43,0,58,15,17,50,0,82,86,0,86,168
07/31/2021,SBD,CA,AWP,WE,Federal Contract Tower,8,1,9,0,18,0,28,56,0,84,8,29,65,0,102,28,0,28,130
08/01/2021,SBD,CA,AWP,WE,Federal Contract Tower,13,4,4,0,21,0,28,24,0,52,13,32,28,0,73,36,0,36,109
08/02/2021,SBD,CA,AWP,WE,Federal Contract Tower,14,4,11,0,29,0,39,37,0,76,14,43,48,0,105,36,0,36,141
08/03/2021,SBD,CA,AWP,WE,Federal Contract Tower,22,11,9,0,42,4,37,28,0,69,26,48,37,0,111,14,0,14,125
08/04/2021,SBD,CA,AWP,WE,Federal Contract Tower,18,5,8,0,31,0,8,35,0,43,18,13,43,0,74,50,0,50,124
08/05/2021,SBD,CA,AWP,WE,Federal Contract Tower,18,0,3,0,21,0,15,52,0,67,18,15,55,0,88,32,0,32,120
08/06/2021,SBD,CA,AWP,WE,Federal Contract Tower,13,1,10,0,24,0,21,48,0,69,13,22,58,0,93,48,0,48,141
08/07/2021,SBD,CA,AWP,WE,Federal Contract Tower,10,3,4,0,17,0,35,52,0,87,10,38,56,0,104,16,0,16,120
08/08/2021,SBD,CA,AWP,WE,Federal Contract Tower,8,2,6,0,16,0,6,34,0,40,8,8,40,0,56,18,0,18,74
08/09/2021,SBD,CA,AWP,WE,Federal Contract Tower,17,2,6,0,25,0,32,72,0,104,17,34,78,0,129,66,0,66,195
08/10/2021,SBD,CA,AWP,WE,Federal Contract Tower,19,4,8,0,31,0,40,30,2,72,19,44,38,2,103,66,0,66,169
08/11/2021,SBD,CA,AWP,WE,Federal Contract Tower,21,0,13,0,34,1,29,47,0,77,22,29,60,0,111,90,0,90,201
08/12/2021,SBD,CA,AWP,WE,Federal Contract Tower,17,0,20,0,37,0,28,47,1,76,17,28,67,1,113,48,0,48,161
08/13/2021,SBD,CA,AWP,WE,Federal Contract Tower,13,0,8,0,21,0,37,49,0,86,13,37,57,0,107,80,0,80,187
08/14/2021,SBD,CA,AWP,WE,Federal Contract Tower,9,4,4,0,17,0,27,67,0,94,9,31,71,0,111,66,0,66,177
08/15/2021,SBD,CA,AWP,WE,Federal Contract Tower,14,1,5,0,20,0,26,26,0,52,14,27,31,0,72,80,0,80,152
08/16/2021,SBD,CA,AWP,WE,Federal Contract Tower,16,2,12,0,30,0,37,46,3,86,16,39,58,3,116,60,0,60,176
08/17/2021,SBD,CA,AWP,WE,Federal Contract Tower,18,4,8,0,30,0,56,63,0,119,18,60,71,0,149,54,0,54,203
08/18/2021,SBD,CA,AWP,WE,Federal Contract Tower,18,7,21,1,47,0,42,31,5,78,18,49,52,6,125,62,0,62,187
08/19/2021,SBD,CA,AWP,WE,Federal Contract Tower,20,2,11,0,33,0,41,56,2,99,20,43,67,2,132,114,0,114,246
08/20/2021,SBD,CA,AWP,WE,Federal Contract Tower,14,1,9,0,24,9,24,30,0,63,23,25,39,0,87,60,0,60,147
08/21/2021,SBD,CA,AWP,WE,Federal Contract Tower,8,7,9,0,24,5,37,14,0,56,13,44,23,0,80,14,0,14,94
08/22/2021,SBD,CA,AWP,WE,Federal Contract Tower,11,0,3,0,14,1,29,28,0,58,12,29,31,0,72,72,0,72,144
08/23/2021,SBD,CA,AWP,WE,Federal Contract Tower,18,1,7,0,26,1,37,25,0,63,19,38,32,0,89,56,0,56,145
08/24/2021,SBD,CA,AWP,WE,Federal Contract Tower,19,3,1,1,24,2,14,18,0,34,21,17,19,1,58,52,0,52,110
08/25/2021,SBD,CA,AWP,WE,Federal Contract Tower,20,0,8,0,28,26,87,31,0,144,46,87,39,0,172,52,0,52,224
08/26/2021,SBD,CA,AWP,WE,Federal Contract Tower,19,0,6,0,25,18,55,41,0,114,37,55,47,0,139,16,0,16,155
08/27/2021,SBD,CA,AWP,WE,Federal Contract Tower,14,3,5,0,22,10,50,41,0,101,24,53,46,0,123,6,0,6,129
08/28/2021,SBD,CA,AWP,WE,Federal Contract Tower,10,2,0,0,12,76,74,20,0,170,86,76,20,0,182,0,0,0,182
08/29/2021,SBD,CA,AWP,WE,Federal Contract Tower,12,0,4,0,16,32,30,30,0,92,44,30,34,0,108,18,0,18,126
08/30/2021,SBD,CA,AWP,WE,Federal Contract Tower,15,0,6,0,21,0,35,26,0,61,15,35,32,0,82,16,0,16,98
08/31/2021,SBD,CA,AWP,WE,Federal Contract Tower,20,6,15,0,41,0,12,17,0,29,20,18,32,0,70,34,0,34,104
09/01/2021,SBD,CA,AWP,WE,Federal Contract Tower,18,4,14,0,36,0,10,28,0,38,18,14,42,0,74,40,0,40,114
09/02/2021,SBD,CA,AWP,WE,Federal Contract Tower,21,2,12,0,35,0,4,22,0,26,21,6,34,0,61,28,0,28,89
09/03/2021,SBD,CA,AWP,WE,Federal Contract Tower,14,2,4,0,20,0,24,34,0,58,14,26,38,0,78,34,0,34,112
09/04/2021,SBD,CA,AWP,WE,Federal Contract Tower,9,0,4,0,13,0,18,34,0,52,9,18,38,0,65,40,0,40,105
09/05/2021,SBD,CA,AWP,WE,Federal Contract Tower,11,0,4,0,15,0,20,35,0,55,11,20,39,0,70,12,0,12,82
09/06/2021,SBD,CA,AWP,WE,Federal Contract Tower,9,4,5,1,19,0,37,52,0,89,9,41,57,1,108,62,0,62,170
09/07/2021,SBD,CA,AWP,WE,Federal Contract Tower,20,1,2,0,23,0,11,26,2,39,20,12,28,2,62,48,0,48,110
09/08/2021,SBD,CA,AWP,WE,Federal Contract Tower,21,5,8,0,34,0,5,26,0,31,21,10,34,0,65,86,0,86,151
09/09/2021,SBD,CA,AWP,WE,Federal Contract Tower,16,2,11,0,29,2,12,29,0,43,18,14,40,0,72,38,0,38,110
09/10/2021,SBD,CA,AWP,WE,Federal Contract Tower,13,6,5,0,24,0,23,55,0,78,13,29,60,0,102,80,0,80,182
09/11/2021,SBD,CA,AWP,WE,Federal Contract Tower,10,1,5,0,16,4,32,68,0,104,14,33,73,0,120,38,0,38,158
09/12/2021,SBD,CA,AWP,WE,Federal Contract Tower,14,4,5,0,23,0,13,27,0,40,14,17,32,0,63,16,0,16,79
09/13/2021,SBD,CA,AWP,WE,Federal Contract Tower,17,0,13,2,32,0,21,63,2,86,17,21,76,4,118,106,0,106,224
09/14/2021,SBD,CA,AWP,WE,Federal Contract Tower,17,4,11,0,32,0,22,49,5,76,17,26,60,5,108,50,0,50,158
09/15/2021,SBD,CA,AWP,WE,Federal Contract Tower,20,3,9,0,32,0,4,45,0,49,20,7,54,0,81,70,0,70,151
09/16/2021,SBD,CA,AWP,WE,Federal Contract Tower,20,1,12,0,33,1,9,36,0,46,21,10,48,0,79,52,0,52,131
09/17/2021,SBD,CA,AWP,WE,Federal Contract Tower,15,4,7,0,26,2,15,37,0,54,17,19,44,0,80,90,0,90,170
09/18/2021,SBD,CA,AWP,WE,Federal Contract Tower,10,1,8,0,19,0,32,42,0,74,10,33,50,0,93,44,0,44,137
09/19/2021,SBD,CA,AWP,WE,Federal Contract Tower,10,5,11,0,26,0,17,26,0,43,10,22,37,0,69,10,0,10,79
09/20/2021,SBD,CA,AWP,WE,Federal Contract Tower,20,4,6,0,30,0,15,36,0,51,20,19,42,0,81,52,0,52,133
09/21/2021,SBD,CA,AWP,WE,Federal Contract Tower,18,1,5,0,24,0,9,34,0,43,18,10,39,0,67,38,0,38,105
09/22/2021,SBD,CA,AWP,WE,Federal Contract Tower,16,0,7,0,23,17,28,72,0,117,33,28,79,0,140,14,0,14,154
09/23/2021,SBD,CA,AWP,WE,Federal Contract Tower,23,0,10,0,33,1,32,53,2,88,24,32,63,2,121,22,0,22,143
09/24/2021,SBD,CA,AWP,WE,Federal Contract Tower,14,0,8,4,26,0,16,65,0,81,14,16,73,4,107,64,2,66,173
09/25/2021,SBD,CA,AWP,WE,Federal Contract Tower,11,7,2,0,20,0,18,44,0,62,11,25,46,0,82,78,0,78,160
09/26/2021,SBD,CA,AWP,WE,Federal Contract Tower,13,1,16,0,30,0,23,14,0,37,13,24,30,0,67,42,0,42,109
09/27/2021,SBD,CA,AWP,WE,Federal Contract Tower,14,4,13,0,31,1,24,13,0,38,15,28,26,0,69,0,0,0,69
09/28/2021,SBD,CA,AWP,WE,Federal Contract Tower,24,2,6,0,32,1,11,21,0,33,25,13,27,0,65,18,0,18,83
09/29/2021,SBD,CA,AWP,WE,Federal Contract Tower,15,8,6,0,29,1,25,27,0,53,16,33,33,0,82,16,0,16,98
09/30/2021,SBD,CA,AWP,WE,Federal Contract Tower,19,2,4,2,27,3,15,43,0,61,22,17,47,2,88,18,0,18,106
10/01/2021,SBD,CA,AWP,WE,Federal Contract Tower,12,3,10,0,25,0,7,51,0,58,12,10,61,0,83,114,0,114,197
10/02/2021,SBD,CA,AWP,WE,Federal Contract Tower,8,1,11,0,20,0,7,49,0,56,8,8,60,0,76,36,0,36,112
10/03/2021,SBD,CA,AWP,WE,Federal Contract Tower,13,0,6,0,19,4,28,26,0,58,17,28,32,0,77,8,0,8,85
10/04/2021,SBD,CA,AWP,WE,Federal Contract Tower,17,1,10,0,28,1,41,37,0,79,18,42,47,0,107,42,0,42,149
10/05/2021,SBD,CA,AWP,WE,Federal Contract Tower,17,0,9,0,26,4,16,30,0,50,21,16,39,0,76,10,0,10,86
10/06/2021,SBD,CA,AWP,WE,Federal Contract Tower,19,3,11,1,34,0,16,21,0,37,19,19,32,1,71,18,0,18,89
10/07/2021,SBD,CA,AWP,WE,Federal Contract Tower,23,4,13,0,40,0,4,12,1,17,23,8,25,1,57,28,0,28,85
10/08/2021,SBD,CA,AWP,WE,Federal Contract Tower,12,1,9,1,23,0,17,15,0,32,12,18,24,1,55,12,0,12,67
10/09/2021,SBD,CA,AWP,WE,Federal Contract Tower,13,1,14,0,28,0,31,35,0,66,13,32,49,0,94,38,0,38,132
10/10/2021,SBD,CA,AWP,WE,Federal Contract Tower,16,0,8,0,24,0,18,27,0,45,16,18,35,0,69,30,0,30,99
10/11/2021,SBD,CA,AWP,WE,Federal Contract Tower,12,3,9,0,24,0,7,28,0,35,12,10,37,0,59,38,0,38,97
10/12/2021,SBD,CA,AWP,WE,Federal Contract Tower,21,2,3,0,26,0,16,29,2,47,21,18,32,2,73,16,6,22,95
10/13/2021,SBD,CA,AWP,WE,Federal Contract Tower,24,0,8,0,32,6,79,71,1,157,30,79,79,1,189,50,2,52,241
10/14/2021,SBD,CA,AWP,WE,Federal Contract Tower,23,2,8,0,33,6,79,71,1,157,29,81,79,1,190,38,0,38,228
10/15/2021,SBD,CA,AWP,WE,Federal Contract Tower,17,4,4,1,26,2,12,30,0,44,19,16,34,1,70,22,0,22,92
10/16/2021,SBD,CA,AWP,WE,Federal Contract Tower,9,0,6,0,15,1,41,47,0,89,10,41,53,0,104,10,0,10,114
10/17/2021,SBD,CA,AWP,WE,Federal Contract Tower,14,0,6,0,20,0,18,27,0,45,14,18,33,0,65,48,0,48,113
10/18/2021,SBD,CA,AWP,WE,Federal Contract Tower,16,4,4,0,24,0,19,16,0,35,16,23,20,0,59,100,0,100,159
10/19/2021,SBD,CA,AWP,WE,Federal Contract Tower,18,4,7,1,30,1,17,45,2,65,19,21,52,3,95,50,0,50,145
10/20/2021,SBD,CA,AWP,WE,Federal Contract Tower,16,3,5,0,24,0,24,38,2,64,16,27,43,2,88,82,0,82,170
10/21/2021,SBD,CA,AWP,WE,Federal Contract Tower,23,3,9,0,35,0,17,33,2,52,23,20,42,2,87,54,0,54,141
10/22/2021,SBD,CA,AWP,WE,Federal Contract Tower,15,1,9,0,25,1,21,49,0,71,16,22,58,0,96,50,0,50,146
10/23/2021,SBD,CA,AWP,WE,Federal Contract Tower,9,3,9,0,21,0,22,13,0,35,9,25,22,0,56,10,0,10,66
10/24/2021,SBD,CA,AWP,WE,Federal Contract Tower,14,1,12,0,27,0,18,25,0,43,14,19,37,0,70,6,0,6,76
10/25/2021,SBD,CA,AWP,WE,Federal Contract Tower,17,0,3,1,21,0,5,3,1,9,17,5,6,2,30,12,0,12,42
10/26/2021,SBD,CA,AWP,WE,Federal Contract Tower,21,3,8,2,34,0,14,46,1,61,21,17,54,3,95,34,0,34,129
10/27/2021,SBD,CA,AWP,WE,Federal Contract Tower,24,1,8,0,33,0,27,34,0,61,24,28,42,0,94,34,0,34,128
10/28/2021,SBD,CA,AWP,WE,Federal Contract Tower,20,3,17,0,40,2,32,43,0,77,22,35,60,0,117,20,2,22,139
10/29/2021,SBD,CA,AWP,WE,Federal Contract Tower,14,1,4,0,19,0,39,33,0,72,14,40,37,0,91,52,0,52,143
10/30/2021,SBD,CA,AWP,WE,Federal Contract Tower,7,5,7,0,19,0,17,47,0,64,7,22,54,0,83,36,0,36,119
10/31/2021,SBD,CA,AWP,WE,Federal Contract Tower,12,5,14,0,31,0,17,7,0,24,12,22,21,0,55,0,0,0,55
11/01/2021,SBD,CA,AWP,WE,Federal Contract Tower,18,1,12,2,33,0,22,25,3,50,18,23,37,5,83,30,0,30,113
11/02/2021,SBD,CA,AWP,WE,Federal Contract Tower,21,2,10,0,33,0,14,23,0,37,21,16,33,0,70,56,0,56,126
11/03/2021,SBD,CA,AWP,WE,Federal Contract Tower,20,0,8,0,28,0,19,50,0,69,20,19,58,0,97,56,0,56,153
11/04/2021,SBD,CA,AWP,WE,Federal Contract Tower,23,6,19,0,48,0,20,41,0,61,23,26,60,0,109,26,0,26,135
11/05/2021,SBD,CA,AWP,WE,Federal Contract Tower,12,0,11,0,23,2,29,21,0,52,14,29,32,0,75,32,0,32,107
11/06/2021,SBD,CA,AWP,WE,Federal Contract Tower,10,6,15,0,31,0,19,21,0,40,10,25,36,0,71,10,0,10,81
11/07/2021,SBD,CA,AWP,WE,Federal Contract Tower,15,2,10,0,27,2,23,15,0,40,17,25,25,0,67,4,0,4,71
11/08/2021,SBD,CA,AWP,WE,Federal Contract Tower,20,10,10,0,40,0,9,10,0,19,20,19,20,0,59,40,0,40,99
11/09/2021,SBD,CA,AWP,WE,Federal Contract Tower,19,0,7,0,26,0,6,17,0,23,19,6,24,0,49,30,0,30,79
11/10/2021,SBD,CA,AWP,WE,Federal Contract Tower,20,8,14,0,42,0,10,37,4,51,20,18,51,4,93,88,0,88,181
11/11/2021,SBD,CA,AWP,WE,Federal Contract Tower,21,1,10,0,32,0,17,47,0,64,21,18,57,0,96,96,0,96,192
11/12/2021,SBD,CA,AWP,WE,Federal Contract Tower,16,3,6,0,25,0,18,29,0,47,16,21,35,0,72,44,0,44,116
11/13/2021,SBD,CA,AWP,WE,Federal Contract Tower,19,3,6,1,29,0,25,47,0,72,19,28,53,1,101,80,0,80,181
11/14/2021,SBD,CA,AWP,WE,Federal Contract Tower,10,0,15,0,25,0,34,54,0,88,10,34,69,0,113,32,0,32,145
11/15/2021,SBD,CA,AWP,WE,Federal Contract Tower,22,1,5,0,28,0,24,39,0,63,22,25,44,0,91,98,0,98,189
11/16/2021,SBD,CA,AWP,WE,Federal Contract Tower,22,0,7,0,29,0,14,35,0,49,22,14,42,0,78,32,0,32,110
11/17/2021,SBD,CA,AWP,WE,Federal Contract Tower,21,6,10,0,37,0,13,35,0,48,21,19,45,0,85,22,0,22,107
11/18/2021,SBD,CA,AWP,WE,Federal Contract Tower,22,4,16,0,42,0,16,29,0,45,22,20,45,0,87,50,0,50,137
11/19/2021,SBD,CA,AWP,WE,Federal Contract Tower,21,5,13,0,39,0,14,34,0,48,21,19,47,0,87,72,0,72,159
11/20/2021,SBD,CA,AWP,WE,Federal Contract Tower,19,3,7,0,29,0,17,26,0,43,19,20,33,0,72,6,0,6,78
11/21/2021,SBD,CA,AWP,WE,Federal Contract Tower,15,3,7,0,25,0,22,25,0,47,15,25,32,0,72,0,0,0,72
11/22/2021,SBD,CA,AWP,WE,Federal Contract Tower,24,0,6,0,30,0,43,51,0,94,24,43,57,0,124,16,0,16,140
11/23/2021,SBD,CA,AWP,WE,Federal Contract Tower,24,4,7,3,38,0,34,35,0,69,24,38,42,3,107,12,0,12,119
11/24/2021,SBD,CA,AWP,WE,Federal Contract Tower,26,4,4,0,34,2,11,12,0,25,28,15,16,0,59,6,0,6,65
11/25/2021,SBD,CA,AWP,WE,Federal Contract Tower,3,0,1,0,4,0,13,0,0,13,3,13,1,0,17,2,0,2,19
11/26/2021,SBD,CA,AWP,WE,Federal Contract Tower,7,0,12,0,19,0,34,23,0,57,7,34,35,0,76,22,0,22,98
11/27/2021,SBD,CA,AWP,WE,Federal Contract Tower,14,0,5,0,19,0,29,42,0,71,14,29,47,0,90,6,0,6,96
11/28/2021,SBD,CA,AWP,WE,Federal Contract Tower,15,10,6,0,31,0,29,29,0,58,15,39,35,0,89,12,0,12,101
11/29/2021,SBD,CA,AWP,WE,Federal Contract Tower,22,1,11,0,34,0,39,60,1,100,22,40,71,1,134,46,32,78,212
11/30/2021,SBD,CA,AWP,WE,Federal Contract Tower,26,2,4,1,33,0,5,27,0,32,26,7,31,1,65,66,0,66,131
12/01/2021,SBD,CA,AWP,WE,Federal Contract Tower,28,1,10,0,39,0,13,21,1,35,28,14,31,1,74,64,2,66,140
12/02/2021,SBD,CA,AWP,WE,Federal Contract Tower,26,0,13,0,39,0,27,29,0,56,26,27,42,0,95,22,0,22,117
12/03/2021,SBD,CA,AWP,WE,Federal Contract Tower,23,6,13,0,42,0,13,13,0,26,23,19,26,0,68,6,0,6,74
12/04/2021,SBD,CA,AWP,WE,Federal Contract Tower,15,7,11,0,33,0,25,6,0,31,15,32,17,0,64,0,0,0,64
12/05/2021,SBD,CA,AWP,WE,Federal Contract Tower,15,0,9,0,24,2,14,12,0,28,17,14,21,0,52,34,0,34,86
12/06/2021,SBD,CA,AWP,WE,Federal Contract Tower,23,1,9,2,35,0,15,46,3,64,23,16,55,5,99,70,48,118,217
12/07/2021,SBD,CA,AWP,WE,Federal Contract Tower,30,11,5,0,46,0,13,25,0,38,30,24,30,0,84,8,0,8,92
12/08/2021,SBD,CA,AWP,WE,Federal Contract Tower,28,9,12,2,51,0,15,22,2,39,28,24,34,4,90,18,0,18,108
12/09/2021,SBD,CA,AWP,WE,Federal Contract Tower,26,3,13,0,42,0,4,4,1,9,26,7,17,1,51,0,0,0,51
12/10/2021,SBD,CA,AWP,WE,Federal Contract Tower,25,8,8,0,41,0,12,57,0,69,25,20,65,0,110,84,0,84,194
12/11/2021,SBD,CA,AWP,WE,Federal Contract Tower,13,2,5,0,20,0,28,63,0,91,13,30,68,0,111,76,0,76,187
12/12/2021,SBD,CA,AWP,WE,Federal Contract Tower,19,2,3,0,24,0,30,56,0,86,19,32,59,0,110,30,0,30,140
12/13/2021,SBD,CA,AWP,WE,Federal Contract Tower,28,2,9,0,39,0,13,22,0,35,28,15,31,0,74,48,0,48,122
12/14/2021,SBD,CA,AWP,WE,Federal Contract Tower,26,2,1,0,29,0,0,2,0,2,26,2,3,0,31,0,0,0,31
12/15/2021,SBD,CA,AWP,WE,Federal Contract Tower,26,1,10,0,37,0,13,30,0,43,26,14,40,0,80,42,0,42,122
12/16/2021,SBD,CA,AWP,WE,Federal Contract Tower,26,0,9,0,35,0,14,20,0,34,26,14,29,0,69,36,0,36,105
12/17/2021,SBD,CA,AWP,WE,Federal Contract Tower,28,5,14,0,47,0,12,25,0,37,28,17,39,0,84,36,0,36,120
12/18/2021,SBD,CA,AWP,WE,Federal Contract Tower,27,2,1,0,30,0,29,45,0,74,27,31,46,0,104,38,0,38,142
12/19/2021,SBD,CA,AWP,WE,Federal Contract Tower,24,0,9,0,33,0,20,36,0,56,24,20,45,0,89,54,0,54,143
12/20/2021,SBD,CA,AWP,WE,Federal Contract Tower,28,2,9,0,39,1,39,54,1,95,29,41,63,1,134,54,0,54,188
12/21/2021,SBD,CA,AWP,WE,Federal Contract Tower,29,5,4,0,38,0,9,33,0,42,29,14,37,0,80,54,0,54,134
12/22/2021,SBD,CA,AWP,WE,Federal Contract Tower,31,3,5,0,39,0,13,36,0,49,31,16,41,0,88,54,0,54,142
12/23/2021,SBD,CA,AWP,WE,Federal Contract Tower,28,4,10,0,42,0,2,6,0,8,28,6,16,0,50,16,0,16,66
12/24/2021,SBD,CA,AWP,WE,Federal Contract Tower,7,1,0,0,8,0,3,0,0,3,7,4,0,0,11,0,0,0,11
12/25/2021,SBD,CA,AWP,WE,Federal Contract Tower,1,2,0,0,3,0,4,0,0,4,1,6,0,0,7,0,0,0,7
12/26/2021,SBD,CA,AWP,WE,Federal Contract Tower,2,3,13,0,18,0,21,28,0,49,2,24,41,0,67,0,0,0,67
12/27/2021,SBD,CA,AWP,WE,Federal Contract Tower,21,0,9,0,30,0,8,17,0,25,21,8,26,0,55,30,0,30,85
12/28/2021,SBD,CA,AWP,WE,Federal Contract Tower,28,1,6,0,35,1,8,10,0,19,29,9,16,0,54,24,0,24,78
12/29/2021,SBD,CA,AWP,WE,Federal Contract Tower,28,4,6,0,38,0,14,1,0,15,28,18,7,0,53,16,0,16,69
12/30/2021,SBD,CA,AWP,WE,Federal Contract Tower,27,3,4,2,36,0,9,7,0,16,27,12,11,2,52,40,0,40,92
12/31/2021,SBD,CA,AWP,WE,Federal Contract Tower,4,5,2,0,11,0,14,19,0,33,4,19,21,0,44,32,0,32,76
01/01/2022,SBD,CA,AWP,WE,Federal Contract Tower,0,4,1,0,5,0,23,19,0,42,0,27,20,0,47,20,0,20,67
01/02/2022,SBD,CA,AWP,WE,Federal Contract Tower,14,6,8,0,28,0,17,17,0,34,14,23,25,0,62,44,0,44,106
01/03/2022,SBD,CA,AWP,WE,Federal Contract Tower,24,2,9,0,35,0,9,24,0,33,24,11,33,0,68,18,0,18,86
01/04/2022,SBD,CA,AWP,WE,Federal Contract Tower,23,6,7,3,39,0,18,27,1,46,23,24,34,4,85,40,0,40,125
01/05/2022,SBD,CA,AWP,WE,Federal Contract Tower,23,0,9,0,32,0,23,38,2,63,23,23,47,2,95,30,0,30,125
01/06/2022,SBD,CA,AWP,WE,Federal Contract Tower,26,3,3,0,32,0,22,29,0,51,26,25,32,0,83,46,0,46,129
01/07/2022,SBD,CA,AWP,WE,Federal Contract Tower,19,3,14,1,37,0,19,25,0,44,19,22,39,1,81,50,0,50,131
01/08/2022,SBD,CA,AWP,WE,Federal Contract Tower,15,1,10,0,26,0,18,35,0,53,15,19,45,0,79,42,0,42,121
01/09/2022,SBD,CA,AWP,WE,Federal Contract Tower,14,0,9,0,23,0,26,27,0,53,14,26,36,0,76,46,0,46,122
01/10/2022,SBD,CA,AWP,WE,Federal Contract Tower,22,5,15,0,42,0,27,43,0,70,22,32,58,0,112,46,0,46,158
01/11/2022,SBD,CA,AWP,WE,Federal Contract Tower,23,1,10,1,35,0,9,25,2,36,23,10,35,3,71,36,10,46,117
01/12/2022,SBD,CA,AWP,WE,Federal Contract Tower,19,3,6,0,28,0,12,27,0,39,19,15,33,0,67,68,0,68,135
01/13/2022,SBD,CA,AWP,WE,Federal Contract Tower,26,3,6,0,35,1,14,29,0,44,27,17,35,0,79,78,0,78,157
01/14/2022,SBD,CA,AWP,WE,Federal Contract Tower,19,2,7,0,28,0,16,19,0,35,19,18,26,0,63,30,0,30,93
01/15/2022,SBD,CA,AWP,WE,Federal Contract Tower,15,1,7,0,23,0,32,19,0,51,15,33,26,0,74,52,0,52,126
01/16/2022,SBD,CA,AWP,WE,Federal Contract Tower,15,2,11,0,28,0,16,30,0,46,15,18,41,0,74,36,0,36,110
01/17/2022,SBD,CA,AWP,WE,Federal Contract Tower,22,2,13,0,37,0,21,29,0,50,22,23,42,0,87,32,0,32,119
01/18/2022,SBD,CA,AWP,WE,Federal Contract Tower,23,3,18,0,44,0,14,7,1,22,23,17,25,1,66,14,0,14,80
01/19/2022,SBD,CA,AWP,WE,Federal Contract Tower,23,1,6,0,30,0,23,22,1,46,23,24,28,1,76,22,0,22,98
01/20/2022,SBD,CA,AWP,WE,Federal Contract Tower,25,4,7,2,38,0,15,35,1,51,25,19,42,3,89,40,0,40,129
01/21/2022,SBD,CA,AWP,WE,Federal Contract Tower,17,2,3,0,22,0,9,3,6,18,17,11,6,6,40,0,0,0,40
01/22/2022,SBD,CA,AWP,WE,Federal Contract Tower,16,2,2,0,20,0,9,8,1,18,16,11,10,1,38,0,0,0,38
01/23/2022,SBD,CA,AWP,WE,Federal Contract Tower,14,3,4,0,21,0,17,36,0,53,14,20,40,0,74,36,0,36,110
01/24/2022,SBD,CA,AWP,WE,Federal Contract Tower,19,2,10,0,31,0,38,49,1,88,19,40,59,1,119,80,0,80,199
01/25/2022,SBD,CA,AWP,WE,Federal Contract Tower,27,0,6,2,35,0,16,29,0,45,27,16,35,2,80,30,0,30,110
01/26/2022,SBD,CA,AWP,WE,Federal Contract Tower,25,1,5,0,31,1,41,34,5,81,26,42,39,5,112,70,0,70,182
01/27/2022,SBD,CA,AWP,WE,Federal Contract Tower,26,0,10,0,36,0,23,34,0,57,26,23,44,0,93,76,0,76,169
01/28/2022,SBD,CA,AWP,WE,Federal Contract Tower,15,3,11,0,29,0,15,32,0,47,15,18,43,0,76,62,0,62,138
01/29/2022,SBD,CA,AWP,WE,Federal Contract Tower,11,6,8,0,25,0,22,59,0,81,11,28,67,0,106,38,0,38,144
01/30/2022,SBD,CA,AWP,WE,Federal Contract Tower,14,0,11,0,25,0,18,36,0,54,14,18,47,0,79,34,0,34,113
01/31/2022,SBD,CA,AWP,WE,Federal Contract Tower,20,0,7,0,27,0,21,66,0,87,20,21,73,0,114,50,0,50,164
02/01/2022,SBD,CA,AWP,WE,Federal Contract Tower,24,6,10,1,41,0,13,33,0,46,24,19,43,1,87,68,0,68,155
02/02/2022,SBD,CA,AWP,WE,Federal Contract Tower,23,2,2,0,27,0,2,5,0,7,23,4,7,0,34,8,0,8,42
02/03/2022,SBD,CA,AWP,WE,Federal Contract Tower,20,0,2,0,22,0,25,21,2,48,20,25,23,2,70,0,24,24,94
02/04/2022,SBD,CA,AWP,WE,Federal Contract Tower,19,6,10,0,35,0,23,40,0,63,19,29,50,0,98,74,0,74,172
02/05/2022,SBD,CA,AWP,WE,Federal Contract Tower,14,2,9,0,25,0,28,41,0,69,14,30,50,0,94,50,0,50,144
02/06/2022,SBD,CA,AWP,WE,Federal Contract Tower,19,0,4,0,23,0,23,31,0,54,19,23,35,0,77,16,0,16,93
02/07/2022,SBD,CA,AWP,WE,Federal Contract Tower,22,2,7,0,31,0,21,33,1,55,22,23,40,1,86,42,0,42,128
02/08/2022,SBD,CA,AWP,WE,Federal Contract Tower,25,0,9,2,36,0,19,14,0,33,25,19,23,2,69,10,14,24,93
02/09/2022,SBD,CA,AWP,WE,Federal Contract Tower,22,1,12,2,37,2,12,21,0,35,24,13,33,2,72,54,0,54,126
02/10/2022,SBD,CA,AWP,WE,Federal Contract Tower,23,4,7,4,38,0,14,5,0,19,23,18,12,4,57,2,0,2,59
02/11/2022,SBD,CA,AWP,WE,Federal Contract Tower,18,3,6,0,27,0,22,43,0,65,18,25,49,0,92,64,0,64,156
02/12/2022,SBD,CA,AWP,WE,Federal Contract Tower,15,1,8,0,24,0,24,42,0,66,15,25,50,0,90,56,0,56,146
02/13/2022,SBD,CA,AWP,WE,Federal Contract Tower,17,3,4,0,24,0,27,24,0,51,17,30,28,0,75,20,0,20,95
02/14/2022,SBD,CA,AWP,WE,Federal Contract Tower,24,4,5,0,33,2,34,44,3,83,26,38,49,3,116,52,0,52,168
02/15/2022,SBD,CA,AWP,WE,Federal Contract Tower,25,4,8,0,37,0,4,1,0,5,25,8,9,0,42,2,0,2,44
02/16/2022,SBD,CA,AWP,WE,Federal Contract Tower,20,4,13,1,38,0,18,38,1,57,20,22,51,2,95,32,0,32,127
02/17/2022,SBD,CA,AWP,WE,Federal Contract Tower,23,2,12,0,37,0,13,39,0,52,23,15,51,0,89,0,0,0,89
02/18/2022,SBD,CA,AWP,WE,Federal Contract Tower,17,5,16,1,39,0,13,48,0,61,17,18,64,1,100,106,0,106,206
02/19/2022,SBD,CA,AWP,WE,Federal Contract Tower,13,0,10,0,23,0,37,56,0,93,13,37,66,0,116,24,0,24,140
02/20/2022,SBD,CA,AWP,WE,Federal Contract Tower,17,0,14,4,35,1,36,32,5,74,18,36,46,9,109,22,16,38,147
02/21/2022,SBD,CA,AWP,WE,Federal Contract Tower,22,4,13,0,39,0,8,14,0,22,22,12,27,0,61,50,0,50,111
02/22/2022,SBD,CA,AWP,WE,Federal Contract Tower,28,3,9,0,40,0,8,6,2,16,28,11,15,2,56,18,2,20,76
02/23/2022,SBD,CA,AWP,WE,Federal Contract Tower,22,1,6,2,31,0,5,6,0,11,22,6,12,2,42,14,0,14,56
02/24/2022,SBD,CA,AWP,WE,Federal Contract Tower,25,2,15,0,42,0,13,39,0,52,25,15,54,0,94,26,0,26,120
02/25/2022,SBD,CA,AWP,WE,Federal Contract Tower,24,1,8,0,33,0,12,36,0,48,24,13,44,0,81,46,0,46,127
02/26/2022,SBD,CA,AWP,WE,Federal Contract Tower,14,2,6,0,22,0,38,34,0,72,14,40,40,0,94,44,0,44,138
02/27/2022,SBD,CA,AWP,WE,Federal Contract Tower,16,1,11,0,28,0,23,19,0,42,16,24,30,0,70,22,0,22,92
02/28/2022,SBD,CA,AWP,WE,Federal Contract Tower,23,0,5,0,28,0,15,25,2,42,23,15,30,2,70,48,6,54,124
03/01/2022,SBD,CA,AWP,WE,Federal Contract Tower,20,4,7,0,31,1,22,44,0,67,21,26,51,0,98,88,0,88,186
03/02/2022,SBD,CA,AWP,WE,Federal Contract Tower,23,3,4,2,32,0,26,40,3,69,23,29,44,5,101,96,12,108,209
03/03/2022,SBD,CA,AWP,WE,Federal Contract Tower,22,5,9,0,36,2,25,40,1,68,24,30,49,1,104,64,4,68,172
03/04/2022,SBD,CA,AWP,WE,Federal Contract Tower,20,7,4,0,31,1,20,12,0,33,21,27,16,0,64,2,0,2,66
03/05/2022,SBD,CA,AWP,WE,Federal Contract Tower,14,3,7,0,24,0,10,5,0,15,14,13,12,0,39,38,0,38,77
03/06/2022,SBD,CA,AWP,WE,Federal Contract Tower,17,2,8,0,27,0,34,47,0,81,17,36,55,0,108,64,0,64,172
03/07/2022,SBD,CA,AWP,WE,Federal Contract Tower,22,2,5,0,29,0,18,22,0,40,22,20,27,0,69,6,0,6,75
03/08/2022,SBD,CA,AWP,WE,Federal Contract Tower,24,2,8,0,34,0,8,34,0,42,24,10,42,0,76,48,0,48,124
03/09/2022,SBD,CA,AWP,WE,Federal Contract Tower,25,1,12,3,41,7,0,39,0,46,32,1,51,3,87,76,0,76,163
03/10/2022,SBD,CA,AWP,WE,Federal Contract Tower,25,0,20,0,45,0,16,15,0,31,25,16,35,0,76,22,0,22,98
03/11/2022,SBD,CA,AWP,WE,Federal Contract Tower,17,4,21,0,42,0,13,35,0,48,17,17,56,0,90,56,0,56,146
03/12/2022,SBD,CA,AWP,WE,Federal Contract Tower,13,0,6,0,19,0,15,66,0,81,13,15,72,0,100,36,0,36,136
03/13/2022,SBD,CA,AWP,WE,Federal Contract Tower,17,0,4,0,21,0,17,58,0,75,17,17,62,0,96,42,0,42,138
03/14/2022,SBD,CA,AWP,WE,Federal Contract Tower,22,2,15,0,39,0,31,64,0,95,22,33,79,0,134,20,0,20,154
03/15/2022,SBD,CA,AWP,WE,Federal Contract Tower,25,11,8,0,44,0,14,32,0,46,25,25,40,0,90,50,0,50,140
03/16/2022,SBD,CA,AWP,WE,Federal Contract Tower,23,2,8,0,33,0,19,39,3,61,23,21,47,3,94,64,0,64,158
03/17/2022,SBD,CA,AWP,WE,Federal Contract Tower,22,3,4,0,29,0,21,42,0,63,22,24,46,0,92,56,0,56,148
03/18/2022,SBD,CA,AWP,WE,Federal Contract Tower,20,6,7,0,33,0,11,73,0,84,20,17,80,0,117,92,2,94,211
03/19/2022,SBD,CA,AWP,WE,Federal Contract Tower,14,0,8,0,22,0,26,26,0,52,14,26,34,0,74,62,0,62,136
03/20/2022,SBD,CA,AWP,WE,Federal Contract Tower,16,4,12,0,32,0,28,29,0,57,16,32,41,0,89,36,0,36,125
03/21/2022,SBD,CA,AWP,WE,Federal Contract Tower,20,1,11,0,32,0,28,18,0,46,20,29,29,0,78,4,0,4,82
03/22/2022,SBD,CA,AWP,WE,Federal Contract Tower,24,3,11,0,38,0,8,11,0,19,24,11,22,0,57,2,0,2,59
03/23/2022,SBD,CA,AWP,WE,Federal Contract Tower,23,2,11,0,36,0,19,46,0,65,23,21,57,0,101,34,0,34,135
03/24/2022,SBD,CA,AWP,WE,Federal Contract Tower,24,1,5,0,30,0,9,57,0,66,24,10,62,0,96,82,0,82,178
03/25/2022,SBD,CA,AWP,WE,Federal Contract Tower,20,1,10,0,31,0,12,35,0,47,20,13,45,0,78,68,0,68,146
03/26/2022,SBD,CA,AWP,WE,Federal Contract Tower,13,2,7,0,22,0,17,72,0,89,13,19,79,0,111,54,0,54,165
03/27/2022,SBD,CA,AWP,WE,Federal Contract Tower,16,3,5,0,24,0,22,20,0,42,16,25,25,0,66,54,0,54,120
03/28/2022,SBD,CA,AWP,WE,Federal Contract Tower,20,0,9,0,29,0,15,11,0,26,20,15,20,0,55,12,0,12,67
03/29/2022,SBD,CA,AWP,WE,Federal Contract Tower,25,6,5,0,36,0,10,8,0,18,25,16,13,0,54,32,0,32,86
03/30/2022,SBD,CA,AWP,WE,Federal Contract Tower,22,2,10,2,36,0,9,28,0,37,22,11,38,2,73,64,0,64,137
03/31/2022,SBD,CA,AWP,WE,Federal Contract Tower,20,6,9,3,38,0,18,15,0,33,20,24,24,3,71,28,0,28,99
04/01/2022,SBD,CA,AWP,WE,Federal Contract Tower,17,5,22,0,44,0,13,18,0,31,17,18,40,0,75,12,0,12,87
04/02/2022,SBD,CA,AWP,WE,Federal Contract Tower,12,6,9,0,27,0,18,4,0,22,12,24,13,0,49,14,0,14,63
04/03/2022,SBD,CA,AWP,WE,Federal Contract Tower,14,9,15,0,38,0,19,10,0,29,14,28,25,0,67,16,0,16,83
04/04/2022,SBD,CA,AWP,WE,Federal Contract Tower,19,2,20,0,41,0,16,34,2,52,19,18,54,2,93,74,4,78,171
04/05/2022,SBD,CA,AWP,WE,Federal Contract Tower,25,3,4,0,32,0,17,42,0,59,25,20,46,0,91,60,0,60,151
04/06/2022,SBD,CA,AWP,WE,Federal Contract Tower,28,4,5,0,37,0,22,42,0,64,28,26,47,0,101,26,0,26,127
04/07/2022,SBD,CA,AWP,WE,Federal Contract Tower,20,2,2,0,24,0,9,19,0,28,20,11,21,0,52,24,0,24,76
04/08/2022,SBD,CA,AWP,WE,Federal Contract Tower,17,4,7,0,28,0,19,30,0,49,17,23,37,0,77,40,0,40,117
04/09/2022,SBD,CA,AWP,WE,Federal Contract Tower,12,3,10,0,25,0,40,40,0,80,12,43,50,0,105,54,0,54,159
04/10/2022,SBD,CA,AWP,WE,Federal Contract Tower,11,1,4,0,16,0,14,17,0,31,11,15,21,0,47,14,0,14,61
04/11/2022,SBD,CA,AWP,WE,Federal Contract Tower,20,2,7,1,30,0,35,19,0,54,20,37,26,1,84,50,0,50,134
04/12/2022,SBD,CA,AWP,WE,Federal Contract Tower,21,1,0,0,22,0,13,10,0,23,21,14,10,0,45,34,0,34,79
04/13/2022,SBD,CA,AWP,WE,Federal Contract Tower,24,4,4,0,32,0,31,41,0,72,24,35,45,0,104,36,0,36,140
04/14/2022,SBD,CA,AWP,WE,Federal Contract Tower,23,3,9,0,35,0,13,46,0,59,23,16,55,0,94,52,0,52,146
04/15/2022,SBD,CA,AWP,WE,Federal Contract Tower,16,0,14,0,30,0,38,72,0,110,16,38,86,0,140,74,0,74,214
04/16/2022,SBD,CA,AWP,WE,Federal Contract Tower,12,2,10,0,24,0,26,23,0,49,12,28,33,0,73,18,0,18,91
04/17/2022,SBD,CA,AWP,WE,Federal Contract Tower,15,5,9,0,29,0,30,45,0,75,15,35,54,0,104,18,0,18,122
04/18/2022,SBD,CA,AWP,WE,Federal Contract Tower,19,3,1,0,23,0,16,51,0,67,19,19,52,0,90,72,0,72,162
04/19/2022,SBD,CA,AWP,WE,Federal Contract Tower,25,3,10,2,40,0,10,22,0,32,25,13,32,2,72,42,0,42,114
04/20/2022,SBD,CA,AWP,WE,Federal Contract Tower,20,7,12,0,39,0,12,23,0,35,20,19,35,0,74,26,0,26,100
04/21/2022,SBD,CA,AWP,WE,Federal Contract Tower,16,3,11,0,30,0,22,21,0,43,16,25,32,0,73,18,54,72,145
04/22/2022,SBD,CA,AWP,WE,Federal Contract Tower,6,3,17,0,26,0,13,15,0,28,6,16,32,0,54,48,0,48,102
04/23/2022,SBD,CA,AWP,WE,Federal Contract Tower,13,3,7,0,23,0,38,60,0,98,13,41,67,0,121,40,0,40,161
04/24/2022,SBD,CA,AWP,WE,Federal Contract Tower,15,0,6,0,21,0,32,42,0,74,15,32,48,0,95,34,0,34,129
04/25/2022,SBD,CA,AWP,WE,Federal Contract Tower,18,3,10,0,31,0,27,53,0,80,18,30,63,0,111,10,0,10,121
04/26/2022,SBD,CA,AWP,WE,Federal Contract Tower,20,4,8,0,32,0,22,39,0,61,20,26,47,0,93,66,0,66,159
04/27/2022,SBD,CA,AWP,WE,Federal Contract Tower,22,3,9,0,34,0,13,28,0,41,22,16,37,0,75,36,0,36,111
04/28/2022,SBD,CA,AWP,WE,Federal Contract Tower,21,0,16,0,37,0,16,13,0,29,21,16,29,0,66,13,0,13,79
04/29/2022,SBD,CA,AWP,WE,Federal Contract Tower,15,5,12,0,32,0,16,28,0,44,15,21,40,0,76,12,0,12,88
04/30/2022,SBD,CA,AWP,WE,Federal Contract Tower,12,0,7,0,19,0,24,43,2,69,12,24,50,2,88,24,10,34,122
05/01/2022,SBD,CA,AWP,WE,Federal Contract Tower,15,1,2,0,18,0,44,34,0,78,15,45,36,0,96,56,0,56,152
05/02/2022,SBD,CA,AWP,WE,Federal Contract Tower,18,0,12,0,30,0,21,36,0,57,18,21,48,0,87,66,0,66,153
05/03/2022,SBD,CA,AWP,WE,Federal Contract Tower,22,3,2,0,27,0,18,21,0,39,22,21,23,0,66,36,0,36,102
05/04/2022,SBD,CA,AWP,WE,Federal Contract Tower,18,0,19,0,37,0,27,27,1,55,18,27,46,1,92,29,0,29,121
05/05/2022,SBD,CA,AWP,WE,Federal Contract Tower,22,0,12,1,35,0,23,47,0,70,22,23,59,1,105,88,0,88,193
05/06/2022,SBD,CA,AWP,WE,Federal Contract Tower,18,3,5,0,26,0,29,76,0,105,18,32,81,0,131,96,0,96,227
05/07/2022,SBD,CA,AWP,WE,Federal Contract Tower,12,1,14,0,27,0,33,47,0,80,12,34,61,0,107,84,0,84,191
05/08/2022,SBD,CA,AWP,WE,Federal Contract Tower,14,7,13,0,34,0,26,19,1,46,14,33,32,1,80,76,0,76,156
05/09/2022,SBD,CA,AWP,WE,Federal Contract Tower,20,4,9,0,33,0,26,10,0,36,20,30,19,0,69,22,12,34,103
05/10/2022,SBD,CA,AWP,WE,Federal Contract Tower,16,1,11,2,30,0,12,25,0,37,16,13,36,2,67,24,0,24,91
05/11/2022,SBD,CA,AWP,WE,Federal Contract Tower,23,4,8,2,37,0,17,26,0,43,23,21,34,2,80,2,0,2,82
05/12/2022,SBD,CA,AWP,WE,Federal Contract Tower,21,5,10,0,36,0,26,28,2,56,21,31,38,2,92,24,22,46,138
05/13/2022,SBD,CA,AWP,WE,Federal Contract Tower,16,2,15,0,33,0,13,41,0,54,16,15,56,0,87,30,0,30,117
05/14/2022,SBD,CA,AWP,WE,Federal Contract Tower,13,2,14,0,29,0,26,70,0,96,13,28,84,0,125,58,0,58,183
05/15/2022,SBD,CA,AWP,WE,Federal Contract Tower,13,3,4,0,20,0,24,30,0,54,13,27,34,0,74,16,0,16,90
05/16/2022,SBD,CA,AWP,WE,Federal Contract Tower,19,1,14,0,34,0,28,23,0,51,19,29,37,0,85,16,14,30,115
05/17/2022,SBD,CA,AWP,WE,Federal Contract Tower,22,2,10,0,34,0,11,16,0,27,22,13,26,0,61,36,14,50,111
05/18/2022,SBD,CA,AWP,WE,Federal Contract Tower,17,2,8,0,27,0,20,29,1,50,17,22,37,1,77,44,0,44,121
05/19/2022,SBD,CA,AWP,WE,Federal Contract Tower,18,2,13,0,33,0,33,14,0,47,18,35,27,0,80,6,0,6,86
05/20/2022,SBD,CA,AWP,WE,Federal Contract Tower,15,8,3,1,27,0,8,11,1,20,15,16,14,2,47,8,0,8,55
05/21/2022,SBD,CA,AWP,WE,Federal Contract Tower,12,6,6,1,25,0,34,15,0,49,12,40,21,1,74,6,0,6,80
05/22/2022,SBD,CA,AWP,WE,Federal Contract Tower,15,1,6,0,22,0,34,31,0,65,15,35,37,0,87,22,0,22,109
05/23/2022,SBD,CA,AWP,WE,Federal Contract Tower,20,0,16,0,36,0,24,37,0,61,20,24,53,0,97,44,8,52,149
05/24/2022,SBD,CA,AWP,WE,Federal Contract Tower,22,0,7,0,29,0,9,29,0,38,22,9,36,0,67,44,0,44,111
05/25/2022,SBD,CA,AWP,WE,Federal Contract Tower,24,2,9,0,35,0,17,33,0,50,24,19,42,0,85,46,12,58,143
05/26/2022,SBD,CA,AWP,WE,Federal Contract Tower,25,0,7,1,33,0,27,20,1,48,25,27,27,2,81,74,0,74,155
05/27/2022,SBD,CA,AWP,WE,Federal Contract Tower,15,3,12,0,30,0,30,38,0,68,15,33,50,0,98,36,0,36,134
05/28/2022,SBD,CA,AWP,WE,Federal Contract Tower,8,2,9,0,19,0,10,12,0,22,8,12,21,0,41,4,0,4,45
05/29/2022,SBD,CA,AWP,WE,Federal Contract Tower,11,4,10,0,25,0,18,22,0,40,11,22,32,0,65,40,0,40,105
05/30/2022,SBD,CA,AWP,WE,Federal Contract Tower,13,0,7,0,20,0,25,48,0,73,13,25,55,0,93,46,0,46,139
05/31/2022,SBD,CA,AWP,WE,Federal Contract Tower,22,0,5,0,27,0,17,32,0,49,22,17,37,0,76,78,0,78,154
06/01/2022,SBD,CA,AWP,WE,Federal Contract Tower,18,0,13,0,31,0,17,22,0,39,18,17,35,0,70,40,0,40,110
06/02/2022,SBD,CA,AWP,WE,Federal Contract Tower,15,0,10,0,25,0,18,28,1,47,15,18,38,1,72,60,0,60,132
06/03/2022,SBD,CA,AWP,WE,Federal Contract Tower,13,3,12,0,28,0,15,21,0,36,13,18,33,0,64,20,0,20,84
06/04/2022,SBD,CA,AWP,WE,Federal Contract Tower,11,2,8,0,21,0,22,30,0,52,11,24,38,0,73,12,0,12,85
06/05/2022,SBD,CA,AWP,WE,Federal Contract Tower,14,0,16,0,30,0,26,34,0,60,14,26,50,0,90,78,0,78,168
06/06/2022,SBD,CA,AWP,WE,Federal Contract Tower,20,2,8,3,33,0,53,39,2,94,20,55,47,5,127,92,0,92,219
06/07/2022,SBD,CA,AWP,WE,Federal Contract Tower,21,1,15,1,38,0,30,31,0,61,21,31,46,1,99,74,0,74,173
06/08/2022,SBD,CA,AWP,WE,Federal Contract Tower,23,0,10,0,33,0,22,29,0,51,23,22,39,0,84,52,0,52,136
06/09/2022,SBD,CA,AWP,WE,Federal Contract Tower,19,1,19,1,40,0,23,54,0,77,19,24,73,1,117,76,0,76,193
06/10/2022,SBD,CA,AWP,WE,Federal Contract Tower,15,3,14,0,32,0,20,37,0,57,15,23,51,0,89,74,0,74,163
06/11/2022,SBD,CA,AWP,WE,Federal Contract Tower,8,0,3,0,11,0,15,20,0,35,8,15,23,0,46,0,0,0,46
06/12/2022,SBD,CA,AWP,WE,Federal Contract Tower,17,6,7,0,30,16,43,47,0,106,33,49,54,0,136,43,0,43,179
06/13/2022,SBD,CA,AWP,WE,Federal Contract Tower,19,6,7,0,32,0,0,1,0,1,19,6,8,0,33,66,0,66,99
06/14/2022,SBD,CA,AWP,WE,Federal Contract Tower,23,10,9,0,42,2,15,28,0,45,25,25,37,0,87,53,0,53,140
06/15/2022,SBD,CA,AWP,WE,Federal Contract Tower,27,2,9,0,38,3,37,40,0,80,30,39,49,0,118,38,0,38,156
06/16/2022,SBD,CA,AWP,WE,Federal Contract Tower,20,3,7,0,30,0,28,30,0,58,20,31,37,0,88,50,0,50,138
06/17/2022,SBD,CA,AWP,WE,Federal Contract Tower,17,1,7,0,25,0,22,32,2,56,17,23,39,2,81,64,16,80,161
06/18/2022,SBD,CA,AWP,WE,Federal Contract Tower,13,2,3,0,18,0,30,35,0,65,13,32,38,0,83,20,0,20,103
06/19/2022,SBD,CA,AWP,WE,Federal Contract Tower,13,1,6,0,20,0,25,44,0,69,13,26,50,0,89,38,0,38,127
06/20/2022,SBD,CA,AWP,WE,Federal Contract Tower,12,3,3,0,18,0,23,59,0,82,12,26,62,0,100,48,0,48,148
06/21/2022,SBD,CA,AWP,WE,Federal Contract Tower,29,5,5,0,39,3,18,58,1,80,32,23,63,1,119,28,0,28,147
06/22/2022,SBD,CA,AWP,WE,Federal Contract Tower,20,3,2,0,25,1,24,27,0,52,21,27,29,0,77,10,0,10,87
06/23/2022,SBD,CA,AWP,WE,Federal Contract Tower,19,3,14,0,36,0,20,61,1,82,19,23,75,1,118,70,2,72,190
06/24/2022,SBD,CA,AWP,WE,Federal Contract Tower,13,2,8,0,23,6,23,84,0,113,19,25,92,0,136,52,0,52,188
06/25/2022,SBD,CA,AWP,WE,Federal Contract Tower,14,1,2,0,17,10,65,47,0,122,24,66,49,0,139,38,0,38,177
06/26/2022,SBD,CA,AWP,WE,Federal Contract Tower,15,1,3,0,19,1,51,31,0,83,16,52,34,0,102,24,0,24,126
06/27/2022,SBD,CA,AWP,WE,Federal Contract Tower,17,0,7,0,24,1,30,53,2,86,18,30,60,2,110,60,0,60,170
06/28/2022,SBD,CA,AWP,WE,Federal Contract Tower,19,10,8,2,39,0,17,42,0,59,19,27,50,2,98,62,0,62,160
07/01/2022,SBD,CA,AWP,WE,Federal Contract Tower,16,6,14,0,36,0,27,47,0,74,16,33,61,0,110,18,0,18,128
07/02/2022,SBD,CA,AWP,WE,Federal Contract Tower,12,3,6,0,21,2,31,36,0,69,14,34,42,0,90,50,0,50,140
07/03/2022,SBD,CA,AWP,WE,Federal Contract Tower,13,0,2,0,15,2,37,50,0,89,15,37,52,0,104,22,0,22,126
07/04/2022,SBD,CA,AWP,WE,Federal Contract Tower,2,2,1,0,5,0,37,49,0,86,2,39,50,0,91,66,0,66,157
07/05/2022,SBD,CA,AWP,WE,Federal Contract Tower,11,0,8,0,19,2,12,25,0,39,13,12,33,0,58,46,0,46,104
07/06/2022,SBD,CA,AWP,WE,Federal Contract Tower,22,7,11,0,40,0,18,30,0,48,22,25,41,0,88,80,0,80,168
07/07/2022,SBD,CA,AWP,WE,Federal Contract Tower,21,4,3,0,28,0,7,40,1,48,21,11,43,1,76,38,6,44,120
07/08/2022,SBD,CA,AWP,WE,Federal Contract Tower,14,4,5,0,23,4,38,57,0,99,18,42,62,0,122,58,0,58,180
07/09/2022,SBD,CA,AWP,WE,Federal Contract Tower,11,1,2,0,14,1,20,43,0,64,12,21,45,0,78,48,0,48,126
07/10/2022,SBD,CA,AWP,WE,Federal Contract Tower,13,0,6,0,19,2,21,41,0,64,15,21,47,0,83,58,0,58,141
07/11/2022,SBD,CA,AWP,WE,Federal Contract Tower,18,3,6,1,28,0,14,61,3,78,18,17,67,4,106,64,8,72,178
07/12/2022,SBD,CA,AWP,WE,Federal Contract Tower,17,1,15,0,33,1,20,25,0,46,18,21,40,0,79,44,0,44,123
07/13/2022,SBD,CA,AWP,WE,Federal Contract Tower,21,2,6,0,29,0,31,52,1,84,21,33,58,1,113,80,0,80,193
07/14/2022,SBD,CA,AWP,WE,Federal Contract Tower,22,1,8,0,31,3,22,53,11,89,25,23,61,11,120,106,0,106,226
07/15/2022,SBD,CA,AWP,WE,Federal Contract Tower,13,1,13,0,27,0,12,40,0,52,13,13,53,0,79,34,0,34,113
07/16/2022,SBD,CA,AWP,WE,Federal Contract Tower,10,1,12,0,23,0,30,35,0,65,10,31,47,0,88,62,0,62,150
07/17/2022,SBD,CA,AWP,WE,Federal Contract Tower,13,5,14,0,32,0,26,30,0,56,13,31,44,0,88,18,0,18,106
07/18/2022,SBD,CA,AWP,WE,Federal Contract Tower,20,0,8,1,29,0,16,54,4,74,20,16,62,5,103,60,0,60,163
07/19/2022,SBD,CA,AWP,WE,Federal Contract Tower,20,4,2,1,27,2,25,29,3,59,22,29,31,4,86,36,0,36,122
07/20/2022,SBD,CA,AWP,WE,Federal Contract Tower,25,1,12,1,39,0,16,51,5,72,25,17,63,6,111,48,0,48,159
07/21/2022,SBD,CA,AWP,WE,Federal Contract Tower,18,4,11,0,33,0,12,37,3,52,18,16,48,3,85,50,0,50,135
07/22/2022,SBD,CA,AWP,WE,Federal Contract Tower,12,2,15,0,29,0,30,75,0,105,12,32,90,0,134,90,0,90,224
07/23/2022,SBD,CA,AWP,WE,Federal Contract Tower,10,6,9,0,25,0,15,30,0,45,10,21,39,0,70,34,0,34,104
07/24/2022,SBD,CA,AWP,WE,Federal Contract Tower,13,3,11,0,27,0,17,38,0,55,13,20,49,0,82,42,0,42,124
07/25/2022,SBD,CA,AWP,WE,Federal Contract Tower,18,2,3,0,23,0,31,25,2,58,18,33,28,2,81,30,0,30,111
07/26/2022,SBD,CA,AWP,WE,Federal Contract Tower,21,7,4,0,32,0,24,12,0,36,21,31,16,0,68,66,0,66,134
07/27/2022,SBD,CA,AWP,WE,Federal Contract Tower,20,4,6,0,30,0,17,33,0,50,20,21,39,0,80,50,0,50,130
07/28/2022,SBD,CA,AWP,WE,Federal Contract Tower,22,4,5,0,31,0,29,38,0,67,22,33,43,0,98,28,0,28,126
07/29/2022,SBD,CA,AWP,WE,Federal Contract Tower,13,4,12,0,29,4,55,41,0,100,17,59,53,0,129,72,0,72,201
07/30/2022,SBD,CA,AWP,WE,Federal Contract Tower,10,1,3,0,14,0,27,33,0,60,10,28,36,0,74,62,0,62,136
07/31/2022,SBD,CA,AWP,WE,Federal Contract Tower,13,2,8,0,23,0,23,36,0,59,13,25,44,0,82,8,0,8,90
08/01/2022,SBD,CA,AWP,WE,Federal Contract Tower,17,3,4,0,24,0,23,34,0,57,17,26,38,0,81,28,0,28,109
08/02/2022,SBD,CA,AWP,WE,Federal Contract Tower,20,4,4,0,28,0,15,11,0,26,20,19,15,0,54,68,0,68,122
08/03/2022,SBD,CA,AWP,WE,Federal Contract Tower,17,4,8,0,29,0,14,26,0,40,17,18,34,0,69,18,0,18,87
08/04/2022,SBD,CA,AWP,WE,Federal Contract Tower,19,3,5,0,27,0,11,42,0,53,19,14,47,0,80,60,0,60,140
08/05/2022,SBD,CA,AWP,WE,Federal Contract Tower,15,5,10,0,30,0,25,48,0,73,15,30,58,0,103,80,0,80,183
08/06/2022,SBD,CA,AWP,WE,Federal Contract Tower,10,0,3,0,13,0,14,46,0,60,10,14,49,0,73,82,0,82,155
08/07/2022,SBD,CA,AWP,WE,Federal Contract Tower,14,0,9,0,23,0,29,32,0,61,14,29,41,0,84,50,0,50,134
08/08/2022,SBD,CA,AWP,WE,Federal Contract Tower,20,0,8,0,28,0,17,41,0,58,20,17,49,0,86,26,0,26,112
08/09/2022,SBD,CA,AWP,WE,Federal Contract Tower,19,5,6,0,30,0,13,31,0,44,19,18,37,0,74,40,0,40,114
08/10/2022,SBD,CA,AWP,WE,Federal Contract Tower,21,6,10,2,39,0,12,40,0,52,21,18,50,2,91,64,0,64,155
08/11/2022,SBD,CA,AWP,WE,Federal Contract Tower,21,8,8,0,37,0,21,33,0,54,21,29,41,0,91,46,0,46,137
08/12/2022,SBD,CA,AWP,WE,Federal Contract Tower,16,5,4,0,25,0,31,40,0,71,16,36,44,0,96,22,0,22,118
08/13/2022,SBD,CA,AWP,WE,Federal Contract Tower,12,4,4,0,20,0,43,49,0,92,12,47,53,0,112,42,0,42,154
08/14/2022,SBD,CA,AWP,WE,Federal Contract Tower,15,0,7,1,23,4,28,51,0,83,19,28,58,1,106,40,0,40,146
08/15/2022,SBD,CA,AWP,WE,Federal Contract Tower,19,2,11,2,34,0,32,43,3,78,19,34,54,5,112,38,0,38,150
08/16/2022,SBD,CA,AWP,WE,Federal Contract Tower,22,1,10,0,33,0,27,37,2,66,22,28,47,2,99,34,6,40,139
08/17/2022,SBD,CA,AWP,WE,Federal Contract Tower,19,5,9,0,33,5,33,47,2,87,24,38,56,2,120,40,0,40,160
08/18/2022,SBD,CA,AWP,WE,Federal Contract Tower,22,6,9,0,37,0,15,42,0,57,22,21,51,0,94,88,0,88,182
08/19/2022,SBD,CA,AWP,WE,Federal Contract Tower,15,0,5,0,20,4,18,36,0,58,19,18,41,0,78,40,0,40,118
08/20/2022,SBD,CA,AWP,WE,Federal Contract Tower,12,2,7,0,21,0,25,45,0,70,12,27,52,0,91,92,0,92,183
08/21/2022,SBD,CA,AWP,WE,Federal Contract Tower,14,0,13,0,27,0,25,25,0,50,14,25,38,0,77,20,0,20,97
08/22/2022,SBD,CA,AWP,WE,Federal Contract Tower,19,4,5,0,28,10,35,29,0,74,29,39,34,0,102,60,0,60,162
08/23/2022,SBD,CA,AWP,WE,Federal Contract Tower,25,3,5,1,34,0,18,36,0,54,25,21,41,1,88,36,0,36,124
08/24/2022,SBD,CA,AWP,WE,Federal Contract Tower,22,2,4,0,28,0,22,33,0,55,22,24,37,0,83,48,0,48,131
08/25/2022,SBD,CA,AWP,WE,Federal Contract Tower,20,0,4,0,24,11,65,45,0,121,31,65,49,0,145,100,0,100,245
08/26/2022,SBD,CA,AWP,WE,Federal Contract Tower,15,9,13,0,37,1,33,26,0,60,16,42,39,0,97,44,0,44,141
08/27/2022,SBD,CA,AWP,WE,Federal Contract Tower,12,2,2,0,16,0,19,31,0,50,12,21,33,0,66,32,0,32,98
08/28/2022,SBD,CA,AWP,WE,Federal Contract Tower,15,4,9,0,28,0,24,29,0,53,15,28,38,0,81,16,0,16,97
08/29/2022,SBD,CA,AWP,WE,Federal Contract Tower,22,2,2,0,26,34,103,58,3,198,56,105,60,3,224,86,0,86,310
08/30/2022,SBD,CA,AWP,WE,Federal Contract Tower,27,4,5,1,37,3,24,22,0,49,30,28,27,1,86,46,0,46,132
08/31/2022,SBD,CA,AWP,WE,Federal Contract Tower,21,1,6,3,31,8,39,33,1,81,29,40,39,4,112,30,12,42,154
09/01/2022,SBD,CA,AWP,WE,Federal Contract Tower,20,0,2,0,22,6,28,18,0,52,26,28,20,0,74,24,0,24,98
09/02/2022,SBD,CA,AWP,WE,Federal Contract Tower,16,2,4,0,22,4,34,26,0,64,20,36,30,0,86,42,0,42,128
09/03/2022,SBD,CA,AWP,WE,Federal Contract Tower,12,5,2,0,19,1,26,40,0,67,13,31,42,0,86,54,0,54,140
09/04/2022,SBD,CA,AWP,WE,Federal Contract Tower,13,3,1,0,17,1,30,27,0,58,14,33,28,0,75,46,0,46,121
09/05/2022,SBD,CA,AWP,WE,Federal Contract Tower,12,3,9,1,25,29,89,23,1,142,41,92,32,2,167,12,0,12,179
09/06/2022,SBD,CA,AWP,WE,Federal Contract Tower,19,1,4,0,24,129,67,17,0,213,148,68,21,0,237,14,0,14,251
09/07/2022,SBD,CA,AWP,WE,Federal Contract Tower,21,2,9,0,32,94,53,10,0,157,115,55,19,0,189,4,0,4,193
09/08/2022,SBD,CA,AWP,WE,Federal Contract Tower,23,1,8,0,32,21,30,12,0,63,44,31,20,0,95,0,0,0,95
09/09/2022,SBD,CA,AWP,WE,Federal Contract Tower,14,5,3,0,22,0,16,26,0,42,14,21,29,0,64,32,0,32,96
09/10/2022,SBD,CA,AWP,WE,Federal Contract Tower,12,5,5,0,22,0,24,7,0,31,12,29,12,0,53,8,0,8,61
09/11/2022,SBD,CA,AWP,WE,Federal Contract Tower,16,4,10,0,30,0,34,14,0,48,16,38,24,0,78,8,0,8,86
09/12/2022,SBD,CA,AWP,WE,Federal Contract Tower,23,0,7,0,30,0,27,19,0,46,23,27,26,0,76,82,0,82,158
09/13/2022,SBD,CA,AWP,WE,Federal Contract Tower,20,5,7,0,32,0,20,21,0,41,20,25,28,0,73,60,0,60,133
09/14/2022,SBD,CA,AWP,WE,Federal Contract Tower,23,4,4,0,31,0,30,30,0,60,23,34,34,0,91,40,0,40,131
09/15/2022,SBD,CA,AWP,WE,Federal Contract Tower,24,6,12,0,42,0,27,31,3,61,24,33,43,3,103,68,0,68,171
09/16/2022,SBD,CA,AWP,WE,Federal Contract Tower,17,6,22,0,45,0,51,41,0,92,17,57,63,0,137,58,0,58,195
09/17/2022,SBD,CA,AWP,WE,Federal Contract Tower,11,7,8,0,26,0,22,46,0,68,11,29,54,0,94,38,0,38,132
09/18/2022,SBD,CA,AWP,WE,Federal Contract Tower,14,1,9,0,24,0,45,38,0,83,14,46,47,0,107,48,0,48,155
09/19/2022,SBD,CA,AWP,WE,Federal Contract Tower,17,2,1,0,20,0,43,34,0,77,17,45,35,0,97,58,0,58,155
09/20/2022,SBD,CA,AWP,WE,Federal Contract Tower,22,3,6,0,31,0,13,34,0,47,22,16,40,0,78,68,0,68,146
09/21/2022,SBD,CA,AWP,WE,Federal Contract Tower,24,1,6,0,31,0,12,39,0,51,24,13,45,0,82,52,0,52,134
09/22/2022,SBD,CA,AWP,WE,Federal Contract Tower,29,1,5,0,35,0,17,29,0,46,29,18,34,0,81,40,0,40,121
09/23/2022,SBD,CA,AWP,WE,Federal Contract Tower,15,4,8,0,27,8,52,18,2,80,23,56,26,2,107,82,0,82,189
09/24/2022,SBD,CA,AWP,WE,Federal Contract Tower,14,3,13,0,30,3,20,25,0,48,17,23,38,0,78,20,0,20,98
09/25/2022,SBD,CA,AWP,WE,Federal Contract Tower,15,2,4,0,21,0,25,56,0,81,15,27,60,0,102,52,0,52,154
09/26/2022,SBD,CA,AWP,WE,Federal Contract Tower,20,3,2,0,25,0,29,40,0,69,20,32,42,0,94,78,0,78,172
09/27/2022,SBD,CA,AWP,WE,Federal Contract Tower,20,6,2,0,28,0,24,36,0,60,20,30,38,0,88,64,0,64,152
09/28/2022,SBD,CA,AWP,WE,Federal Contract Tower,19,0,1,2,22,0,18,26,0,44,19,18,27,2,66,48,0,48,114
09/29/2022,SBD,CA,AWP,WE,Federal Contract Tower,24,2,5,0,31,0,16,45,0,61,24,18,50,0,92,38,0,38,130
09/30/2022,SBD,CA,AWP,WE,Federal Contract Tower,19,6,10,0,35,0,25,47,0,72,19,31,57,0,107,74,0,74,181
10/01/2022,SBD,CA,AWP,WE,Federal Contract Tower,10,3,5,0,18,0,42,13,0,55,10,45,18,0,73,8,0,8,81
10/02/2022,SBD,CA,AWP,WE,Federal Contract Tower,14,0,0,1,15,0,12,21,0,33,14,12,21,1,48,26,0,26,74
10/03/2022,SBD,CA,AWP,WE,Federal Contract Tower,20,0,9,0,29,0,25,46,4,75,20,25,55,4,104,96,0,96,200
10/04/2022,SBD,CA,AWP,WE,Federal Contract Tower,22,2,6,0,30,0,17,39,0,56,22,19,45,0,86,40,0,40,126
10/05/2022,SBD,CA,AWP,WE,Federal Contract Tower,25,2,7,1,35,0,27,34,0,61,25,29,41,1,96,90,0,90,186
10/06/2022,SBD,CA,AWP,WE,Federal Contract Tower,25,8,9,0,42,0,13,22,0,35,25,21,31,0,77,52,0,52,129
10/07/2022,SBD,CA,AWP,WE,Federal Contract Tower,18,3,7,0,28,0,18,36,2,56,18,21,43,2,84,44,0,44,128
10/08/2022,SBD,CA,AWP,WE,Federal Contract Tower,11,4,8,0,23,2,36,43,0,81,13,40,51,0,104,72,0,72,176
10/09/2022,SBD,CA,AWP,WE,Federal Contract Tower,15,6,12,0,33,0,28,40,1,69,15,34,52,1,102,72,0,72,174
10/10/2022,SBD,CA,AWP,WE,Federal Contract Tower,19,1,8,0,28,0,35,26,0,61,19,36,34,0,89,82,0,82,171
10/11/2022,SBD,CA,AWP,WE,Federal Contract Tower,21,4,2,0,27,0,11,4,0,15,21,15,6,0,42,10,0,10,52
10/12/2022,SBD,CA,AWP,WE,Federal Contract Tower,26,5,5,2,38,0,21,11,0,32,26,26,16,2,70,26,0,26,96
10/13/2022,SBD,CA,AWP,WE,Federal Contract Tower,25,1,13,3,42,0,10,5,0,15,25,11,18,3,57,0,0,0,57
10/14/2022,SBD,CA,AWP,WE,Federal Contract Tower,20,8,12,0,40,0,12,7,4,23,20,20,19,4,63,16,0,16,79
10/15/2022,SBD,CA,AWP,WE,Federal Contract Tower,15,3,0,1,19,0,7,1,2,10,15,10,1,3,29,0,0,0,29
10/16/2022,SBD,CA,AWP,WE,Federal Contract Tower,15,11,6,0,32,0,16,5,0,21,15,27,11,0,53,14,0,14,67
10/17/2022,SBD,CA,AWP,WE,Federal Contract Tower,22,3,12,0,37,0,23,54,0,77,22,26,66,0,114,120,0,120,234
10/18/2022,SBD,CA,AWP,WE,Federal Contract Tower,22,3,6,3,34,0,20,28,0,48,22,23,34,3,82,64,0,64,146
10/19/2022,SBD,CA,AWP,WE,Federal Contract Tower,22,0,0,4,26,0,23,45,0,68,22,23,45,4,94,80,0,80,174
10/20/2022,SBD,CA,AWP,WE,Federal Contract Tower,22,5,14,0,41,0,12,29,1,42,22,17,43,1,83,32,0,32,115
10/21/2022,SBD,CA,AWP,WE,Federal Contract Tower,18,1,10,0,29,0,16,36,0,52,18,17,46,0,81,26,0,26,107
10/22/2022,SBD,CA,AWP,WE,Federal Contract Tower,5,6,6,0,17,0,16,21,0,37,5,22,27,0,54,38,0,38,92
10/23/2022,SBD,CA,AWP,WE,Federal Contract Tower,15,1,5,0,21,0,21,35,3,59,15,22,40,3,80,68,0,68,148
10/24/2022,SBD,CA,AWP,WE,Federal Contract Tower,20,0,3,0,23,0,34,33,0,67,20,34,36,0,90,90,0,90,180
10/25/2022,SBD,CA,AWP,WE,Federal Contract Tower,24,1,3,1,29,0,29,61,2,92,24,30,64,3,121,84,0,84,205
10/26/2022,SBD,CA,AWP,WE,Federal Contract Tower,23,3,3,0,29,0,42,46,0,88,23,45,49,0,117,116,2,118,235
10/27/2022,SBD,CA,AWP,WE,Federal Contract Tower,26,3,8,0,37,0,15,38,0,53,26,18,46,0,90,62,0,62,152
10/28/2022,SBD,CA,AWP,WE,Federal Contract Tower,15,1,7,0,23,1,18,48,0,67,16,19,55,0,90,106,0,106,196
10/29/2022,SBD,CA,AWP,WE,Federal Contract Tower,14,0,9,0,23,0,23,37,0,60,14,23,46,0,83,44,2,46,129
10/30/2022,SBD,CA,AWP,WE,Federal Contract Tower,14,0,5,0,19,0,26,47,0,73,14,26,52,0,92,60,0,60,152
10/31/2022,SBD,CA,AWP,WE,Federal Contract Tower,19,0,6,0,25,0,18,46,0,64,19,18,52,0,89,76,0,76,165
11/01/2022,SBD,CA,AWP,WE,Federal Contract Tower,21,1,7,1,30,0,17,23,2,42,21,18,30,3,72,60,0,60,132
11/02/2022,SBD,CA,AWP,WE,Federal Contract Tower,24,1,5,0,30,0,18,10,0,28,24,19,15,0,58,22,0,22,80
11/03/2022,SBD,CA,AWP,WE,Federal Contract Tower,28,3,4,0,35,0,10,23,2,35,28,13,27,2,70,46,0,46,116
11/04/2022,SBD,CA,AWP,WE,Federal Contract Tower,18,0,4,0,22,0,30,38,0,68,18,30,42,0,90,112,0,112,202
11/05/2022,SBD,CA,AWP,WE,Federal Contract Tower,14,1,3,1,19,0,29,65,0,94,14,30,68,1,113,66,0,66,179
11/06/2022,SBD,CA,AWP,WE,Federal Contract Tower,16,5,5,0,26,0,16,40,0,56,16,21,45,0,82,74,0,74,156
11/07/2022,SBD,CA,AWP,WE,Federal Contract Tower,23,5,7,0,35,0,12,5,0,17,23,17,12,0,52,2,0,2,54
11/08/2022,SBD,CA,AWP,WE,Federal Contract Tower,14,2,4,0,20,0,4,0,0,4,14,6,4,0,24,0,0,0,24
11/09/2022,SBD,CA,AWP,WE,Federal Contract Tower,23,4,5,0,32,0,25,39,0,64,23,29,44,0,96,34,0,34,130
11/10/2022,SBD,CA,AWP,WE,Federal Contract Tower,27,6,7,2,42,0,15,38,0,53,27,21,45,2,95,50,0,50,145
11/11/2022,SBD,CA,AWP,WE,Federal Contract Tower,18,3,19,0,40,0,26,46,4,76,18,29,65,4,116,20,0,20,136
11/12/2022,SBD,CA,AWP,WE,Federal Contract Tower,15,2,5,0,22,0,31,62,0,93,15,33,67,0,115,64,0,64,179
11/13/2022,SBD,CA,AWP,WE,Federal Contract Tower,18,0,2,0,20,4,19,14,0,37,22,19,16,0,57,30,0,30,87
11/14/2022,SBD,CA,AWP,WE,Federal Contract Tower,23,6,8,0,37,0,40,54,0,94,23,46,62,0,131,74,0,74,205
11/15/2022,SBD,CA,AWP,WE,Federal Contract Tower,26,2,7,0,35,0,31,32,1,64,26,33,39,1,99,68,12,80,179
11/16/2022,SBD,CA,AWP,WE,Federal Contract Tower,26,0,2,0,28,0,27,12,0,39,26,27,14,0,67,26,0,26,93
11/17/2022,SBD,CA,AWP,WE,Federal Contract Tower,24,3,11,0,38,0,27,36,0,63,24,30,47,0,101,100,0,100,201
11/18/2022,SBD,CA,AWP,WE,Federal Contract Tower,18,4,10,1,33,0,13,47,0,60,18,17,57,1,93,72,0,72,165
11/19/2022,SBD,CA,AWP,WE,Federal Contract Tower,18,1,5,0,24,0,35,11,1,47,18,36,16,1,71,20,4,24,95
11/20/2022,SBD,CA,AWP,WE,Federal Contract Tower,18,4,6,0,28,0,31,45,0,76,18,35,51,0,104,60,0,60,164
11/21/2022,SBD,CA,AWP,WE,Federal Contract Tower,27,0,7,0,34,0,42,79,0,121,27,42,86,0,155,76,0,76,231
11/22/2022,SBD,CA,AWP,WE,Federal Contract Tower,28,1,7,0,36,0,17,34,0,51,28,18,41,0,87,80,0,80,167
11/23/2022,SBD,CA,AWP,WE,Federal Contract Tower,25,3,1,0,29,0,26,40,1,67,25,29,41,1,96,48,0,48,144
11/24/2022,SBD,CA,AWP,WE,Federal Contract Tower,2,0,1,0,3,2,14,6,0,22,4,14,7,0,25,8,0,8,33
11/25/2022,SBD,CA,AWP,WE,Federal Contract Tower,8,1,5,0,14,0,25,35,0,60,8,26,40,0,74,72,0,72,146
11/26/2022,SBD,CA,AWP,WE,Federal Contract Tower,20,0,10,0,30,0,39,64,0,103,20,39,74,0,133,70,0,70,203
11/27/2022,SBD,CA,AWP,WE,Federal Contract Tower,20,1,13,0,34,0,16,26,0,42,20,17,39,0,76,24,0,24,100
11/28/2022,SBD,CA,AWP,WE,Federal Contract Tower,27,2,8,0,37,0,29,7,0,36,27,31,15,0,73,18,0,18,91
11/29/2022,SBD,CA,AWP,WE,Federal Contract Tower,30,2,6,0,38,0,28,17,0,45,30,30,23,0,83,86,0,86,169
11/30/2022,SBD,CA,AWP,WE,Federal Contract Tower,29,2,3,0,34,0,11,14,0,25,29,13,17,0,59,60,0,60,119
12/01/2022,SBD,CA,AWP,WE,Federal Contract Tower,31,1,3,0,35,0,30,16,0,46,31,31,19,0,81,80,0,80,161
12/02/2022,SBD,CA,AWP,WE,Federal Contract Tower,19,8,6,0,33,1,10,36,0,47,20,18,42,0,80,30,0,30,110
12/03/2022,SBD,CA,AWP,WE,Federal Contract Tower,19,0,4,0,23,0,32,7,0,39,19,32,11,0,62,22,0,22,84
12/04/2022,SBD,CA,AWP,WE,Federal Contract Tower,20,1,4,0,25,0,32,7,0,39,20,33,11,0,64,22,0,22,86
12/05/2022,SBD,CA,AWP,WE,Federal Contract Tower,29,3,1,0,33,0,22,12,1,35,29,25,13,1,68,16,0,16,84
12/06/2022,SBD,CA,AWP,WE,Federal Contract Tower,30,12,6,2,50,0,30,11,0,41,30,42,17,2,91,44,0,44,135
12/07/2022,SBD,CA,AWP,WE,Federal Contract Tower,31,13,6,0,50,0,27,28,0,55,31,40,34,0,105,74,0,74,179
12/08/2022,SBD,CA,AWP,WE,Federal Contract Tower,35,10,3,0,48,0,18,31,0,49,35,28,34,0,97,18,0,18,115
12/09/2022,SBD,CA,AWP,WE,Federal Contract Tower,22,4,5,0,31,0,31,31,0,62,22,35,36,0,93,52,0,52,145
12/10/2022,SBD,CA,AWP,WE,Federal Contract Tower,18,1,6,0,25,0,18,27,0,45,18,19,33,0,70,46,0,46,116
12/11/2022,SBD,CA,AWP,WE,Federal Contract Tower,19,1,2,0,22,0,3,0,0,3,19,4,2,0,25,0,0,0,25
12/12/2022,SBD,CA,AWP,WE,Federal Contract Tower,28,4,8,0,40,0,19,3,0,22,28,23,11,0,62,12,0,12,74
12/13/2022,SBD,CA,AWP,WE,Federal Contract Tower,29,3,9,0,41,0,16,25,0,41,29,19,34,0,82,10,0,10,92
12/14/2022,SBD,CA,AWP,WE,Federal Contract Tower,24,2,5,0,31,0,25,25,0,50,24,27,30,0,81,40,0,40,121
12/15/2022,SBD,CA,AWP,WE,Federal Contract Tower,33,8,3,0,44,0,20,19,0,39,33,28,22,0,83,12,0,12,95
12/16/2022,SBD,CA,AWP,WE,Federal Contract Tower,26,8,6,0,40,0,15,36,0,51,26,23,42,0,91,36,0,36,127
12/17/2022,SBD,CA,AWP,WE,Federal Contract Tower,27,2,8,0,37,0,32,46,0,78,27,34,54,0,115,8,0,8,123
12/18/2022,SBD,CA,AWP,WE,Federal Contract Tower,21,0,9,0,30,0,36,36,0,72,21,36,45,0,102,12,0,12,114
12/19/2022,SBD,CA,AWP,WE,Federal Contract Tower,29,3,18,0,50,0,38,42,0,80,29,41,60,0,130,16,0,16,146
12/20/2022,SBD,CA,AWP,WE,Federal Contract Tower,0,0,0,0,0,0,0,0,0,0,0,0,0,0,0,0,0,0,0
12/21/2022,SBD,CA,AWP,WE,Federal Contract Tower,0,0,0,0,0,0,0,0,0,0,0,0,0,0,0,0,0,0,0
12/27/2022,SBD,CA,AWP,WE,Federal Contract Tower,29,1,5,0,35,0,14,12,0,26,29,15,17,0,61,8,0,8,69
12/28/2022,SBD,CA,AWP,WE,Federal Contract Tower,29,1,5,0,35,0,14,12,0,26,29,15,17,0,61,8,0,8,69
12/29/2022,SBD,CA,AWP,WE,Federal Contract Tower,36,5,7,0,48,0,7,4,0,11,36,12,11,0,59,2,0,2,61
12/30/2022,SBD,CA,AWP,WE,Federal Contract Tower,22,2,5,0,29,0,10,2,0,12,22,12,7,0,41,0,0,0,41
12/31/2022,SBD,CA,AWP,WE,Federal Contract Tower,5,2,5,0,12,0,3,0,0,3,5,5,5,0,15,0,0,0,15
01/01/2023,SBD,CA,AWP,WE,Federal Contract Tower,4,1,6,0,11,0,12,3,0,15,4,13,9,0,26,0,0,0,26
01/02/2023,SBD,CA,AWP,WE,Federal Contract Tower,19,1,5,0,25,0,13,24,0,37,19,14,29,0,62,0,0,0,62
01/03/2023,SBD,CA,AWP,WE,Federal Contract Tower,33,5,6,0,44,0,7,0,0,7,33,12,6,0,51,0,0,0,51
01/04/2023,SBD,CA,AWP,WE,Federal Contract Tower,30,3,4,0,37,0,15,5,0,20,30,18,9,0,57,30,0,30,87
01/05/2023,SBD,CA,AWP,WE,Federal Contract Tower,25,0,3,0,28,0,6,1,0,7,25,6,4,0,35,0,0,0,35
01/06/2023,SBD,CA,AWP,WE,Federal Contract Tower,26,6,9,0,41,0,28,51,0,79,26,34,60,0,120,42,0,42,162
01/07/2023,SBD,CA,AWP,WE,Federal Contract Tower,15,1,5,0,21,0,11,26,0,37,15,12,31,0,58,120,0,120,178
01/08/2023,SBD,CA,AWP,WE,Federal Contract Tower,18,6,8,0,32,0,18,37,0,55,18,24,45,0,87,100,0,100,187
01/09/2023,SBD,CA,AWP,WE,Federal Contract Tower,24,3,10,0,37,0,25,2,0,27,24,28,12,0,64,24,0,24,88
01/10/2023,SBD,CA,AWP,WE,Federal Contract Tower,29,4,5,0,38,0,9,0,0,9,29,13,5,0,47,0,0,0,47
01/11/2023,SBD,CA,AWP,WE,Federal Contract Tower,27,3,12,0,42,0,21,39,0,60,27,24,51,0,102,98,0,98,200
01/12/2023,SBD,CA,AWP,WE,Federal Contract Tower,25,2,7,1,35,0,25,26,2,53,25,27,33,3,88,18,0,18,106
01/13/2023,SBD,CA,AWP,WE,Federal Contract Tower,21,3,14,0,38,0,20,32,1,53,21,23,46,1,91,36,0,36,127
01/14/2023,SBD,CA,AWP,WE,Federal Contract Tower,17,0,2,0,19,0,5,5,0,10,17,5,7,0,29,10,0,10,39
01/15/2023,SBD,CA,AWP,WE,Federal Contract Tower,16,1,5,0,22,0,10,6,0,16,16,11,11,0,38,14,0,14,52
01/16/2023,SBD,CA,AWP,WE,Federal Contract Tower,24,5,2,0,31,0,9,2,0,11,24,14,4,0,42,30,0,30,72
01/17/2023,SBD,CA,AWP,WE,Federal Contract Tower,23,1,6,0,30,0,28,32,1,61,23,29,38,1,91,74,6,80,171
01/18/2023,SBD,CA,AWP,WE,Federal Contract Tower,26,1,6,0,33,0,19,25,0,44,26,20,31,0,77,68,0,68,145
01/19/2023,SBD,CA,AWP,WE,Federal Contract Tower,21,4,9,0,34,0,27,56,0,83,21,31,65,0,117,80,0,80,197
01/20/2023,SBD,CA,AWP,WE,Federal Contract Tower,20,0,3,2,25,0,19,47,0,66,20,19,50,2,91,34,0,34,125
01/21/2023,SBD,CA,AWP,WE,Federal Contract Tower,15,2,5,0,22,0,64,40,0,104,15,66,45,0,126,4,2,6,132
01/22/2023,SBD,CA,AWP,WE,Federal Contract Tower,17,0,6,0,23,0,28,17,0,45,17,28,23,0,68,46,0,46,114
01/23/2023,SBD,CA,AWP,WE,Federal Contract Tower,22,0,5,0,27,0,16,4,0,20,22,16,9,0,47,0,0,0,47
01/24/2023,SBD,CA,AWP,WE,Federal Contract Tower,22,0,6,0,28,0,31,31,0,62,22,31,37,0,90,110,0,110,200
01/25/2023,SBD,CA,AWP,WE,Federal Contract Tower,21,2,4,0,27,0,22,26,0,48,21,24,30,0,75,22,0,22,97
01/26/2023,SBD,CA,AWP,WE,Federal Contract Tower,28,1,4,0,33,0,5,3,2,10,28,6,7,2,43,0,0,0,43
01/27/2023,SBD,CA,AWP,WE,Federal Contract Tower,22,4,4,0,30,0,24,35,0,59,22,28,39,0,89,32,0,32,121
01/28/2023,SBD,CA,AWP,WE,Federal Contract Tower,18,2,3,0,23,0,39,50,0,89,18,41,53,0,112,34,0,34,146
01/29/2023,SBD,CA,AWP,WE,Federal Contract Tower,19,0,6,0,25,0,6,1,0,7,19,6,7,0,32,0,0,0,32
01/30/2023,SBD,CA,AWP,WE,Federal Contract Tower,20,3,1,0,24,0,14,14,0,28,20,17,15,0,52,44,0,44,96
01/31/2023,SBD,CA,AWP,WE,Federal Contract Tower,25,3,0,0,28,0,10,9,0,19,25,13,9,0,47,4,0,4,51
02/01/2023,SBD,CA,AWP,WE,Federal Contract Tower,21,1,5,0,27,0,29,36,0,65,21,30,41,0,92,50,0,50,142
02/02/2023,SBD,CA,AWP,WE,Federal Contract Tower,26,3,8,0,37,0,15,30,0,45,26,18,38,0,82,120,0,120,202
02/03/2023,SBD,CA,AWP,WE,Federal Contract Tower,26,2,13,0,41,0,26,53,0,79,26,28,66,0,120,98,0,98,218
02/04/2023,SBD,CA,AWP,WE,Federal Contract Tower,17,0,4,0,21,0,32,43,0,75,17,32,47,0,96,40,0,40,136
02/05/2023,SBD,CA,AWP,WE,Federal Contract Tower,17,0,5,0,22,0,25,11,0,36,17,25,16,0,58,26,0,26,84
02/06/2023,SBD,CA,AWP,WE,Federal Contract Tower,22,3,4,0,29,0,15,12,0,27,22,18,16,0,56,2,0,2,58
02/07/2023,SBD,CA,AWP,WE,Federal Contract Tower,22,3,6,0,31,2,14,28,0,44,24,17,34,0,75,42,0,42,117
02/08/2023,SBD,CA,AWP,WE,Federal Contract Tower,25,3,1,0,29,0,36,42,0,78,25,39,43,0,107,22,0,22,129
02/09/2023,SBD,CA,AWP,WE,Federal Contract Tower,21,1,9,0,31,0,24,48,2,74,21,25,57,2,105,28,6,34,139
02/10/2023,SBD,CA,AWP,WE,Federal Contract Tower,22,0,6,0,28,0,7,26,0,33,22,7,32,0,61,58,0,58,119
02/11/2023,SBD,CA,AWP,WE,Federal Contract Tower,16,3,8,0,27,0,20,28,0,48,16,23,36,0,75,44,0,44,119
02/12/2023,SBD,CA,AWP,WE,Federal Contract Tower,19,2,6,0,27,2,33,23,0,58,21,35,29,0,85,60,0,60,145
02/13/2023,SBD,CA,AWP,WE,Federal Contract Tower,26,4,7,0,37,0,27,27,0,54,26,31,34,0,91,30,0,30,121
02/14/2023,SBD,CA,AWP,WE,Federal Contract Tower,24,1,6,0,31,0,12,1,2,15,24,13,7,2,46,18,0,18,64
02/15/2023,SBD,CA,AWP,WE,Federal Contract Tower,30,1,8,0,39,0,37,19,0,56,30,38,27,0,95,6,0,6,101
02/16/2023,SBD,CA,AWP,WE,Federal Contract Tower,26,2,9,0,37,0,9,27,0,36,26,11,36,0,73,32,0,32,105
02/17/2023,SBD,CA,AWP,WE,Federal Contract Tower,26,0,6,0,32,0,11,37,0,48,26,11,43,0,80,68,0,68,148
02/18/2023,SBD,CA,AWP,WE,Federal Contract Tower,20,2,7,0,29,0,13,44,0,57,20,15,51,0,86,48,0,48,134
02/19/2023,SBD,CA,AWP,WE,Federal Contract Tower,20,3,3,0,26,0,30,35,0,65,20,33,38,0,91,16,0,16,107
02/20/2023,SBD,CA,AWP,WE,Federal Contract Tower,23,1,8,0,32,0,30,64,0,94,23,31,72,0,126,80,0,80,206
02/21/2023,SBD,CA,AWP,WE,Federal Contract Tower,25,2,5,0,32,0,14,36,0,50,25,16,41,0,82,34,0,34,116
02/22/2023,SBD,CA,AWP,WE,Federal Contract Tower,25,3,2,0,30,0,5,10,0,15,25,8,12,0,45,18,0,18,63
02/23/2023,SBD,CA,AWP,WE,Federal Contract Tower,30,2,6,0,38,0,4,1,0,5,30,6,7,0,43,0,0,0,43
02/24/2023,SBD,CA,AWP,WE,Federal Contract Tower,19,2,1,0,22,0,5,3,0,8,19,7,4,0,30,2,0,2,32
02/25/2023,SBD,CA,AWP,WE,Federal Contract Tower,15,0,3,0,18,0,0,2,0,2,15,0,5,0,20,0,0,0,20
02/26/2023,SBD,CA,AWP,WE,Federal Contract Tower,22,1,8,0,31,0,25,30,0,55,22,26,38,0,86,6,0,6,92
02/27/2023,SBD,CA,AWP,WE,Federal Contract Tower,24,0,10,0,34,0,11,11,1,23,24,11,21,1,57,42,0,42,99
02/28/2023,SBD,CA,AWP,WE,Federal Contract Tower,24,0,0,0,24,0,30,7,0,37,24,30,7,0,61,0,0,0,61
03/01/2023,SBD,CA,AWP,WE,Federal Contract Tower,24,1,11,0,36,0,8,0,0,8,24,9,11,0,44,0,0,0,44
03/02/2023,SBD,CA,AWP,WE,Federal Contract Tower,31,7,4,0,42,0,55,41,9,105,31,62,45,9,147,42,0,42,189
03/03/2023,SBD,CA,AWP,WE,Federal Contract Tower,15,1,2,3,21,0,31,77,0,108,15,32,79,3,129,92,0,92,221
03/04/2023,SBD,CA,AWP,WE,Federal Contract Tower,18,1,6,0,25,0,25,18,0,43,18,26,24,0,68,52,0,52,120
03/05/2023,SBD,CA,AWP,WE,Federal Contract Tower,21,1,6,0,28,0,22,8,0,30,21,23,14,0,58,0,0,0,58
03/06/2023,SBD,CA,AWP,WE,Federal Contract Tower,23,4,11,0,38,0,33,45,2,80,23,37,56,2,118,46,6,52,170
03/07/2023,SBD,CA,AWP,WE,Federal Contract Tower,23,4,13,4,44,0,21,40,2,63,23,25,53,6,107,72,0,72,179
03/08/2023,SBD,CA,AWP,WE,Federal Contract Tower,27,6,13,0,46,2,21,73,2,98,29,27,86,2,144,68,6,74,218
03/09/2023,SBD,CA,AWP,WE,Federal Contract Tower,27,0,12,2,41,0,18,48,0,66,27,18,60,2,107,78,0,78,185
03/10/2023,SBD,CA,AWP,WE,Federal Contract Tower,23,2,1,0,26,0,1,0,0,1,23,3,1,0,27,0,0,0,27
03/11/2023,SBD,CA,AWP,WE,Federal Contract Tower,16,1,3,1,21,0,19,2,0,21,16,20,5,1,42,0,0,0,42
03/12/2023,SBD,CA,AWP,WE,Federal Contract Tower,19,0,2,0,21,3,29,16,3,51,22,29,18,3,72,4,2,6,78
03/13/2023,SBD,CA,AWP,WE,Federal Contract Tower,20,4,5,2,31,4,26,41,0,71,24,30,46,2,102,44,0,44,146
03/14/2023,SBD,CA,AWP,WE,Federal Contract Tower,24,4,5,0,33,0,16,0,0,16,24,20,5,0,49,2,0,2,51
03/15/2023,SBD,CA,AWP,WE,Federal Contract Tower,25,1,7,1,34,0,14,0,2,16,25,15,7,3,50,0,0,0,50
03/16/2023,SBD,CA,AWP,WE,Federal Contract Tower,26,1,12,0,39,0,18,15,0,33,26,19,27,0,72,80,0,80,152
03/17/2023,SBD,CA,AWP,WE,Federal Contract Tower,22,5,7,0,34,0,21,42,0,63,22,26,49,0,97,78,0,78,175
03/18/2023,SBD,CA,AWP,WE,Federal Contract Tower,16,0,5,0,21,0,22,59,0,81,16,22,64,0,102,50,0,50,152
03/19/2023,SBD,CA,AWP,WE,Federal Contract Tower,20,4,5,0,29,0,20,19,0,39,20,24,24,0,68,34,0,34,102
03/20/2023,SBD,CA,AWP,WE,Federal Contract Tower,23,1,9,0,33,0,19,6,0,25,23,20,15,0,58,0,0,0,58
03/21/2023,SBD,CA,AWP,WE,Federal Contract Tower,22,1,3,0,26,0,3,0,0,3,22,4,3,0,29,0,0,0,29
03/22/2023,SBD,CA,AWP,WE,Federal Contract Tower,33,1,3,0,37,0,10,0,0,10,33,11,3,0,47,0,0,0,47
03/23/2023,SBD,CA,AWP,WE,Federal Contract Tower,29,5,5,0,39,0,20,9,0,29,29,25,14,0,68,26,0,26,94
03/24/2023,SBD,CA,AWP,WE,Federal Contract Tower,20,1,8,2,31,0,20,43,1,64,20,21,51,3,95,94,0,94,189
03/25/2023,SBD,CA,AWP,WE,Federal Contract Tower,16,2,11,0,29,0,42,42,0,84,16,44,53,0,113,96,0,96,209
03/26/2023,SBD,CA,AWP,WE,Federal Contract Tower,17,1,8,0,26,0,33,58,0,91,17,34,66,0,117,42,0,42,159
03/27/2023,SBD,CA,AWP,WE,Federal Contract Tower,23,1,12,0,36,0,30,50,0,80,23,31,62,0,116,64,0,64,180
03/28/2023,SBD,CA,AWP,WE,Federal Contract Tower,25,1,13,1,40,0,25,70,0,95,25,26,83,1,135,140,0,140,275
03/29/2023,SBD,CA,AWP,WE,Federal Contract Tower,25,3,2,2,32,0,6,5,2,13,25,9,7,4,45,12,0,12,57
03/30/2023,SBD,CA,AWP,WE,Federal Contract Tower,26,1,3,2,32,0,20,10,0,30,26,21,13,2,62,20,0,20,82
03/31/2023,SBD,CA,AWP,WE,Federal Contract Tower,18,5,11,0,34,0,22,47,0,69,18,27,58,0,103,164,0,164,267
04/01/2023,SBD,CA,AWP,WE,Federal Contract Tower,10,0,12,0,22,0,25,63,0,88,10,25,75,0,110,86,0,86,196
04/02/2023,SBD,CA,AWP,WE,Federal Contract Tower,17,2,2,0,21,0,31,56,1,88,17,33,58,1,109,58,0,58,167
04/03/2023,SBD,CA,AWP,WE,Federal Contract Tower,19,2,5,0,26,0,10,14,0,24,19,12,19,0,50,14,0,14,64
04/04/2023,SBD,CA,AWP,WE,Federal Contract Tower,15,0,2,2,19,0,19,22,0,41,15,19,24,2,60,28,0,28,88
04/05/2023,SBD,CA,AWP,WE,Federal Contract Tower,22,2,6,1,31,0,20,59,0,79,22,22,65,1,110,90,0,90,200
04/06/2023,SBD,CA,AWP,WE,Federal Contract Tower,24,6,8,0,38,0,19,52,0,71,24,25,60,0,109,40,0,40,149
04/07/2023,SBD,CA,AWP,WE,Federal Contract Tower,25,5,16,0,46,0,14,58,0,72,25,19,74,0,118,26,0,26,144
04/08/2023,SBD,CA,AWP,WE,Federal Contract Tower,17,2,8,0,27,0,29,58,0,87,17,31,66,0,114,92,0,92,206
04/09/2023,SBD,CA,AWP,WE,Federal Contract Tower,21,2,8,0,31,0,27,24,0,51,21,29,32,0,82,26,0,26,108
04/10/2023,SBD,CA,AWP,WE,Federal Contract Tower,23,4,8,2,37,0,11,47,2,60,23,15,55,4,97,36,0,36,133
04/11/2023,SBD,CA,AWP,WE,Federal Contract Tower,20,5,12,2,39,0,9,50,0,59,20,14,62,2,98,76,0,76,174
04/12/2023,SBD,CA,AWP,WE,Federal Contract Tower,26,2,3,5,36,0,5,13,1,19,26,7,16,6,55,0,0,0,55
04/13/2023,SBD,CA,AWP,WE,Federal Contract Tower,24,6,5,4,39,0,0,5,0,5,24,6,10,4,44,10,0,10,54
04/14/2023,SBD,CA,AWP,WE,Federal Contract Tower,19,4,7,3,33,0,24,22,0,46,19,28,29,3,79,60,0,60,139
04/15/2023,SBD,CA,AWP,WE,Federal Contract Tower,15,3,1,0,19,0,13,43,2,58,15,16,44,2,77,94,0,94,171
04/16/2023,SBD,CA,AWP,WE,Federal Contract Tower,18,0,11,0,29,0,23,44,0,67,18,23,55,0,96,68,0,68,164
04/17/2023,SBD,CA,AWP,WE,Federal Contract Tower,29,7,9,0,45,0,28,14,0,42,29,35,23,0,87,2,0,2,89
04/18/2023,SBD,CA,AWP,WE,Federal Contract Tower,23,1,7,0,31,0,19,26,0,45,23,20,33,0,76,56,0,56,132
04/19/2023,SBD,CA,AWP,WE,Federal Contract Tower,22,2,12,1,37,0,14,41,1,56,22,16,53,2,93,34,0,34,127
04/20/2023,SBD,CA,AWP,WE,Federal Contract Tower,23,3,14,0,40,0,28,61,0,89,23,31,75,0,129,44,0,44,173
04/21/2023,SBD,CA,AWP,WE,Federal Contract Tower,23,0,8,0,31,0,28,71,0,99,23,28,79,0,130,128,0,128,258
04/22/2023,SBD,CA,AWP,WE,Federal Contract Tower,15,8,6,0,29,0,16,43,0,59,15,24,49,0,88,68,0,68,156
04/23/2023,SBD,CA,AWP,WE,Federal Contract Tower,20,3,10,0,33,0,28,52,0,80,20,31,62,0,113,6,0,6,119
04/24/2023,SBD,CA,AWP,WE,Federal Contract Tower,20,1,5,0,26,0,25,23,2,50,20,26,28,2,76,60,0,60,136
04/25/2023,SBD,CA,AWP,WE,Federal Contract Tower,22,7,7,6,42,0,31,27,0,58,22,38,34,6,100,60,0,60,160
04/26/2023,SBD,CA,AWP,WE,Federal Contract Tower,24,2,9,0,35,6,67,49,0,122,30,69,58,0,157,30,0,30,187
04/27/2023,SBD,CA,AWP,WE,Federal Contract Tower,28,0,11,0,39,0,26,60,0,86,28,26,71,0,125,40,0,40,165
04/28/2023,SBD,CA,AWP,WE,Federal Contract Tower,21,6,13,0,40,0,43,67,0,110,21,49,80,0,150,130,0,130,280
04/29/2023,SBD,CA,AWP,WE,Federal Contract Tower,16,1,7,0,24,0,33,43,0,76,16,34,50,0,100,56,0,56,156
04/30/2023,SBD,CA,AWP,WE,Federal Contract Tower,20,7,12,0,39,0,14,19,0,33,20,21,31,0,72,20,0,20,92
05/01/2023,SBD,CA,AWP,WE,Federal Contract Tower,24,5,10,0,39,0,16,12,0,28,24,21,22,0,67,44,0,44,111
05/02/2023,SBD,CA,AWP,WE,Federal Contract Tower,19,5,9,0,33,0,6,10,1,17,19,11,19,1,50,6,0,6,56
05/03/2023,SBD,CA,AWP,WE,Federal Contract Tower,27,6,14,1,48,0,17,34,4,55,27,23,48,5,103,42,0,42,145
05/04/2023,SBD,CA,AWP,WE,Federal Contract Tower,29,1,3,0,33,0,7,6,0,13,29,8,9,0,46,16,0,16,62
05/05/2023,SBD,CA,AWP,WE,Federal Contract Tower,18,2,8,0,28,0,7,16,2,25,18,9,24,2,53,68,0,68,121
05/06/2023,SBD,CA,AWP,WE,Federal Contract Tower,18,1,7,0,26,0,31,39,0,70,18,32,46,0,96,32,0,32,128
05/07/2023,SBD,CA,AWP,WE,Federal Contract Tower,17,0,9,0,26,0,12,38,0,50,17,12,47,0,76,46,0,46,122
05/08/2023,SBD,CA,AWP,WE,Federal Contract Tower,22,4,8,0,34,0,26,70,2,98,22,30,78,2,132,82,0,82,214
05/09/2023,SBD,CA,AWP,WE,Federal Contract Tower,24,6,8,2,40,0,17,16,0,33,24,23,24,2,73,52,0,52,125
05/10/2023,SBD,CA,AWP,WE,Federal Contract Tower,23,1,17,4,45,0,12,31,0,43,23,13,48,4,88,52,0,52,140
05/11/2023,SBD,CA,AWP,WE,Federal Contract Tower,30,2,12,0,44,0,3,29,2,34,30,5,41,2,78,56,0,56,134
05/12/2023,SBD,CA,AWP,WE,Federal Contract Tower,22,8,4,0,34,0,37,38,0,75,22,45,42,0,109,48,0,48,157
05/13/2023,SBD,CA,AWP,WE,Federal Contract Tower,17,4,5,0,26,1,16,46,0,63,18,20,51,0,89,72,0,72,161
05/14/2023,SBD,CA,AWP,WE,Federal Contract Tower,20,5,5,0,30,0,44,33,0,77,20,49,38,0,107,22,0,22,129
05/15/2023,SBD,CA,AWP,WE,Federal Contract Tower,22,3,7,0,32,0,19,47,0,66,22,22,54,0,98,86,0,86,184
05/16/2023,SBD,CA,AWP,WE,Federal Contract Tower,20,2,8,1,31,0,15,53,0,68,20,17,61,1,99,88,0,88,187
05/17/2023,SBD,CA,AWP,WE,Federal Contract Tower,24,7,13,1,45,0,54,45,0,99,24,61,58,1,144,66,0,66,210
05/18/2023,SBD,CA,AWP,WE,Federal Contract Tower,25,4,5,1,35,0,34,32,1,67,25,38,37,2,102,30,0,30,132
05/19/2023,SBD,CA,AWP,WE,Federal Contract Tower,20,4,7,0,31,0,42,16,0,58,20,46,23,0,89,6,0,6,95
05/20/2023,SBD,CA,AWP,WE,Federal Contract Tower,15,0,8,0,23,0,22,36,0,58,15,22,44,0,81,36,0,36,117
05/21/2023,SBD,CA,AWP,WE,Federal Contract Tower,19,2,5,0,26,0,21,12,0,33,19,23,17,0,59,48,0,48,107
05/22/2023,SBD,CA,AWP,WE,Federal Contract Tower,20,3,8,0,31,0,20,29,0,49,20,23,37,0,80,38,0,38,118
05/23/2023,SBD,CA,AWP,WE,Federal Contract Tower,20,4,16,0,40,5,11,16,0,32,25,15,32,0,72,24,0,24,96
05/24/2023,SBD,CA,AWP,WE,Federal Contract Tower,21,2,1,2,26,0,17,19,0,36,21,19,20,2,62,30,0,30,92
05/25/2023,SBD,CA,AWP,WE,Federal Contract Tower,21,0,12,1,34,0,14,18,1,33,21,14,30,2,67,28,0,28,95
05/26/2023,SBD,CA,AWP,WE,Federal Contract Tower,19,10,7,0,36,0,21,37,0,58,19,31,44,0,94,30,0,30,124
05/27/2023,SBD,CA,AWP,WE,Federal Contract Tower,17,2,11,0,30,0,30,46,0,76,17,32,57,0,106,10,0,10,116
05/28/2023,SBD,CA,AWP,WE,Federal Contract Tower,17,2,3,0,22,0,11,15,0,26,17,13,18,0,48,28,0,28,76
05/29/2023,SBD,CA,AWP,WE,Federal Contract Tower,13,3,11,0,27,2,38,23,0,63,15,41,34,0,90,52,0,52,142
05/30/2023,SBD,CA,AWP,WE,Federal Contract Tower,18,10,5,0,33,0,11,17,0,28,18,21,22,0,61,18,0,18,79
05/31/2023,SBD,CA,AWP,WE,Federal Contract Tower,23,5,9,0,37,0,24,36,0,60,23,29,45,0,97,62,0,62,159
06/01/2023,SBD,CA,AWP,WE,Federal Contract Tower,23,1,10,3,37,0,10,15,1,26,23,11,25,4,63,62,0,62,125
06/02/2023,SBD,CA,AWP,WE,Federal Contract Tower,15,3,6,0,24,0,13,24,0,37,15,16,30,0,61,56,0,56,117
06/03/2023,SBD,CA,AWP,WE,Federal Contract Tower,14,3,7,0,24,0,38,68,0,106,14,41,75,0,130,78,0,78,208
06/04/2023,SBD,CA,AWP,WE,Federal Contract Tower,16,3,7,0,26,0,22,31,0,53,16,25,38,0,79,32,0,32,111
06/05/2023,SBD,CA,AWP,WE,Federal Contract Tower,19,4,5,2,30,0,30,21,0,51,19,34,26,2,81,18,0,18,99
06/06/2023,SBD,CA,AWP,WE,Federal Contract Tower,22,2,14,0,38,0,15,28,0,43,22,17,42,0,81,56,0,56,137
06/07/2023,SBD,CA,AWP,WE,Federal Contract Tower,23,3,13,3,42,0,19,35,1,55,23,22,48,4,97,82,0,82,179
06/08/2023,SBD,CA,AWP,WE,Federal Contract Tower,28,3,17,0,48,0,6,38,3,47,28,9,55,3,95,62,0,62,157
06/09/2023,SBD,CA,AWP,WE,Federal Contract Tower,18,5,13,0,36,0,28,9,0,37,18,33,22,0,73,0,0,0,73
06/10/2023,SBD,CA,AWP,WE,Federal Contract Tower,22,1,16,0,39,0,19,38,0,57,22,20,54,0,96,36,0,36,132
06/11/2023,SBD,CA,AWP,WE,Federal Contract Tower,20,4,4,0,28,0,22,0,0,22,20,26,4,0,50,12,0,12,62
06/12/2023,SBD,CA,AWP,WE,Federal Contract Tower,17,6,13,0,36,0,16,17,0,33,17,22,30,0,69,44,0,44,113
06/13/2023,SBD,CA,AWP,WE,Federal Contract Tower,23,7,15,0,45,0,14,29,0,43,23,21,44,0,88,0,0,0,88
06/14/2023,SBD,CA,AWP,WE,Federal Contract Tower,25,1,21,0,47,0,24,20,0,44,25,25,41,0,91,54,0,54,145
06/15/2023,SBD,CA,AWP,WE,Federal Contract Tower,25,2,23,0,50,0,14,16,0,30,25,16,39,0,80,16,0,16,96
06/16/2023,SBD,CA,AWP,WE,Federal Contract Tower,19,4,18,0,41,0,12,23,0,35,19,16,41,0,76,20,0,20,96
06/17/2023,SBD,CA,AWP,WE,Federal Contract Tower,19,3,21,0,43,0,42,69,0,111,19,45,90,0,154,48,0,48,202
06/18/2023,SBD,CA,AWP,WE,Federal Contract Tower,22,5,4,0,31,0,23,39,0,62,22,28,43,0,93,30,0,30,123
06/19/2023,SBD,CA,AWP,WE,Federal Contract Tower,27,4,8,0,39,0,32,35,0,67,27,36,43,0,106,40,0,40,146
06/20/2023,SBD,CA,AWP,WE,Federal Contract Tower,22,2,17,0,41,0,23,47,0,70,22,25,64,0,111,8,0,8,119
06/21/2023,SBD,CA,AWP,WE,Federal Contract Tower,29,2,11,0,42,1,29,28,0,58,30,31,39,0,100,0,0,0,100
06/22/2023,SBD,CA,AWP,WE,Federal Contract Tower,27,4,16,0,47,0,25,58,0,83,27,29,74,0,130,34,0,34,164
06/23/2023,SBD,CA,AWP,WE,Federal Contract Tower,19,5,12,0,36,0,20,81,0,101,19,25,93,0,137,80,0,80,217
06/24/2023,SBD,CA,AWP,WE,Federal Contract Tower,18,3,3,0,24,2,43,58,0,103,20,46,61,0,127,26,0,26,153
06/25/2023,SBD,CA,AWP,WE,Federal Contract Tower,23,0,9,0,32,0,20,43,0,63,23,20,52,0,95,30,0,30,125
06/26/2023,SBD,CA,AWP,WE,Federal Contract Tower,27,4,10,0,41,0,33,54,0,87,27,37,64,0,128,56,0,56,184
06/27/2023,SBD,CA,AWP,WE,Federal Contract Tower,22,3,6,0,31,13,56,68,2,139,35,59,74,2,170,10,0,10,180
06/28/2023,SBD,CA,AWP,WE,Federal Contract Tower,28,10,9,0,47,0,19,30,2,51,28,29,39,2,98,28,0,28,126
06/29/2023,SBD,CA,AWP,WE,Federal Contract Tower,29,4,18,3,54,0,29,51,1,81,29,33,69,4,135,90,0,90,225
06/30/2023,SBD,CA,AWP,WE,Federal Contract Tower,20,3,5,0,28,0,22,59,0,81,20,25,64,0,109,90,0,90,199
07/01/2023,SBD,CA,AWP,WE,Federal Contract Tower,20,0,8,0,28,9,21,38,0,68,29,21,46,0,96,36,0,36,132
07/02/2023,SBD,CA,AWP,WE,Federal Contract Tower,22,0,9,0,31,2,34,46,0,82,24,34,55,0,113,28,0,28,141
07/03/2023,SBD,CA,AWP,WE,Federal Contract Tower,21,1,10,0,32,6,32,58,0,96,27,33,68,0,128,66,0,66,194
07/04/2023,SBD,CA,AWP,WE,Federal Contract Tower,3,1,1,0,5,1,19,25,0,45,4,20,26,0,50,18,0,18,68
07/05/2023,SBD,CA,AWP,WE,Federal Contract Tower,18,6,1,0,25,4,17,31,0,52,22,23,32,0,77,36,0,36,113
07/06/2023,SBD,CA,AWP,WE,Federal Contract Tower,29,3,5,0,37,0,30,51,0,81,29,33,56,0,118,66,0,66,184
07/07/2023,SBD,CA,AWP,WE,Federal Contract Tower,19,4,12,0,35,0,25,66,0,91,19,29,78,0,126,90,0,90,216
07/08/2023,SBD,CA,AWP,WE,Federal Contract Tower,20,0,9,0,29,2,37,53,0,92,22,37,62,0,121,22,0,22,143
07/09/2023,SBD,CA,AWP,WE,Federal Contract Tower,23,1,14,0,38,0,43,53,0,96,23,44,67,0,134,22,0,22,156
07/10/2023,SBD,CA,AWP,WE,Federal Contract Tower,25,0,8,3,36,2,19,64,2,87,27,19,72,5,123,50,0,50,173
07/11/2023,SBD,CA,AWP,WE,Federal Contract Tower,29,5,6,0,40,7,21,55,3,86,36,26,61,3,126,86,0,86,212
07/12/2023,SBD,CA,AWP,WE,Federal Contract Tower,26,2,6,0,34,2,29,29,0,60,28,31,35,0,94,34,0,34,128
07/13/2023,SBD,CA,AWP,WE,Federal Contract Tower,26,0,21,0,47,0,23,39,0,62,26,23,60,0,109,36,0,36,145
07/14/2023,SBD,CA,AWP,WE,Federal Contract Tower,20,4,10,0,34,87,44,41,0,172,107,48,51,0,206,36,0,36,242
07/15/2023,SBD,CA,AWP,WE,Federal Contract Tower,25,0,2,0,27,68,33,22,0,123,93,33,24,0,150,26,0,26,176
07/16/2023,SBD,CA,AWP,WE,Federal Contract Tower,18,1,10,0,29,0,38,31,0,69,18,39,41,0,98,18,0,18,116
07/17/2023,SBD,CA,AWP,WE,Federal Contract Tower,24,4,6,0,34,0,31,38,0,69,24,35,44,0,103,22,0,22,125
07/18/2023,SBD,CA,AWP,WE,Federal Contract Tower,27,4,3,0,34,0,23,37,1,61,27,27,40,1,95,32,2,34,129
07/19/2023,SBD,CA,AWP,WE,Federal Contract Tower,29,6,10,2,47,3,71,49,0,123,32,77,59,2,170,44,0,44,214
07/20/2023,SBD,CA,AWP,WE,Federal Contract Tower,30,2,7,1,40,0,23,41,0,64,30,25,48,1,104,48,0,48,152
07/21/2023,SBD,CA,AWP,WE,Federal Contract Tower,19,5,11,0,35,2,15,38,0,55,21,20,49,0,90,52,0,52,142
07/22/2023,SBD,CA,AWP,WE,Federal Contract Tower,18,4,8,0,30,1,36,50,2,89,19,40,58,2,119,50,0,50,169
07/23/2023,SBD,CA,AWP,WE,Federal Contract Tower,22,2,6,0,30,1,31,29,0,61,23,33,35,0,91,66,0,66,157
07/24/2023,SBD,CA,AWP,WE,Federal Contract Tower,24,3,14,0,41,1,12,48,2,63,25,15,62,2,104,50,0,50,154
07/25/2023,SBD,CA,AWP,WE,Federal Contract Tower,28,5,5,4,42,11,12,33,0,56,39,17,38,4,98,18,0,18,116
07/26/2023,SBD,CA,AWP,WE,Federal Contract Tower,25,1,0,0,26,2,11,27,1,41,27,12,27,1,67,0,0,0,67
07/27/2023,SBD,CA,AWP,WE,Federal Contract Tower,30,0,4,0,34,27,35,48,0,110,57,35,52,0,144,26,0,26,170
07/28/2023,SBD,CA,AWP,WE,Federal Contract Tower,20,4,3,0,27,117,41,23,0,181,137,45,26,0,208,16,0,16,224
07/29/2023,SBD,CA,AWP,WE,Federal Contract Tower,17,1,4,0,22,54,42,15,0,111,71,43,19,0,133,0,0,0,133
07/30/2023,SBD,CA,AWP,WE,Federal Contract Tower,20,1,8,0,29,0,30,42,26,98,20,31,50,26,127,14,0,14,141
07/31/2023,SBD,CA,AWP,WE,Federal Contract Tower,26,0,6,0,32,5,17,2,0,24,31,17,8,0,56,26,0,26,82
08/01/2023,SBD,CA,AWP,WE,Federal Contract Tower,27,1,0,0,28,1,22,34,0,57,28,23,34,0,85,42,0,42,127
08/02/2023,SBD,CA,AWP,WE,Federal Contract Tower,26,0,4,0,30,25,15,40,0,80,51,15,44,0,110,36,0,36,146
08/03/2023,SBD,CA,AWP,WE,Federal Contract Tower,28,3,5,0,36,0,14,39,0,53,28,17,44,0,89,42,0,42,131
08/04/2023,SBD,CA,AWP,WE,Federal Contract Tower,20,2,9,0,31,0,20,40,0,60,20,22,49,0,91,22,0,22,113
08/05/2023,SBD,CA,AWP,WE,Federal Contract Tower,17,1,9,0,27,14,36,59,0,109,31,37,68,0,136,14,0,14,150
08/06/2023,SBD,CA,AWP,WE,Federal Contract Tower,19,2,7,0,28,4,39,46,0,89,23,41,53,0,117,4,0,4,121
08/07/2023,SBD,CA,AWP,WE,Federal Contract Tower,23,4,6,0,33,0,24,39,2,65,23,28,45,2,98,0,0,0,98
08/08/2023,SBD,CA,AWP,WE,Federal Contract Tower,25,2,10,2,39,0,21,54,1,76,25,23,64,3,115,58,0,58,173
08/09/2023,SBD,CA,AWP,WE,Federal Contract Tower,30,1,4,0,35,0,28,38,0,66,30,29,42,0,101,74,0,74,175
08/10/2023,SBD,CA,AWP,WE,Federal Contract Tower,32,0,7,0,39,0,30,14,0,44,32,30,21,0,83,26,0,26,109
08/11/2023,SBD,CA,AWP,WE,Federal Contract Tower,19,11,13,0,43,0,14,30,0,44,19,25,43,0,87,30,0,30,117
08/12/2023,SBD,CA,AWP,WE,Federal Contract Tower,17,2,6,0,25,0,33,45,0,78,17,35,51,0,103,36,0,36,139
08/13/2023,SBD,CA,AWP,WE,Federal Contract Tower,21,5,12,0,38,0,22,53,0,75,21,27,65,0,113,36,0,36,149
08/14/2023,SBD,CA,AWP,WE,Federal Contract Tower,21,0,6,0,27,0,29,68,0,97,21,29,74,0,124,56,0,56,180
08/15/2023,SBD,CA,AWP,WE,Federal Contract Tower,23,5,2,0,30,0,36,30,0,66,23,41,32,0,96,2,0,2,98
08/16/2023,SBD,CA,AWP,WE,Federal Contract Tower,23,3,2,3,31,0,23,30,0,53,23,26,32,3,84,34,0,34,118
08/17/2023,SBD,CA,AWP,WE,Federal Contract Tower,31,5,4,0,40,12,23,41,0,76,43,28,45,0,116,28,0,28,144
08/18/2023,SBD,CA,AWP,WE,Federal Contract Tower,21,7,6,0,34,0,15,45,0,60,21,22,51,0,94,48,0,48,142
08/19/2023,SBD,CA,AWP,WE,Federal Contract Tower,17,0,2,0,19,1,13,20,0,34,18,13,22,0,53,20,0,20,73
08/20/2023,SBD,CA,AWP,WE,Federal Contract Tower,15,0,0,0,15,0,8,1,0,9,15,8,1,0,24,0,0,0,24
08/21/2023,SBD,CA,AWP,WE,Federal Contract Tower,25,3,6,0,34,1,40,23,0,64,26,43,29,0,98,46,0,46,144
08/22/2023,SBD,CA,AWP,WE,Federal Contract Tower,24,1,0,0,25,0,43,47,0,90,24,44,47,0,115,64,0,64,179
08/23/2023,SBD,CA,AWP,WE,Federal Contract Tower,21,9,4,2,36,3,20,51,3,77,24,29,55,5,113,64,0,64,177
08/24/2023,SBD,CA,AWP,WE,Federal Contract Tower,27,0,8,2,37,0,27,46,2,75,27,27,54,4,112,78,0,78,190
08/25/2023,SBD,CA,AWP,WE,Federal Contract Tower,21,3,7,0,31,0,17,40,2,59,21,20,47,2,90,56,0,56,146
08/26/2023,SBD,CA,AWP,WE,Federal Contract Tower,15,2,8,0,25,0,30,50,1,81,15,32,58,1,106,120,0,120,226
08/27/2023,SBD,CA,AWP,WE,Federal Contract Tower,20,0,1,0,21,0,31,44,0,75,20,31,45,0,96,30,0,30,126
08/28/2023,SBD,CA,AWP,WE,Federal Contract Tower,23,1,5,0,29,0,22,56,0,78,23,23,61,0,107,62,0,62,169
08/29/2023,SBD,CA,AWP,WE,Federal Contract Tower,22,2,9,4,37,0,17,41,0,58,22,19,50,4,95,34,0,34,129
08/30/2023,SBD,CA,AWP,WE,Federal Contract Tower,21,8,15,0,44,0,13,55,0,68,21,21,70,0,112,42,0,42,154
08/31/2023,SBD,CA,AWP,WE,Federal Contract Tower,26,1,14,0,41,0,25,40,0,65,26,26,54,0,106,22,0,22,128
