01/01/2020,SBN,IN,AGL,CE,Combined TRACON& Tower with Radar,12,23,3,0,38,0,1,16,0,17,12,24,19,0,55,26,0,26,81
01/02/2020,SBN,IN,AGL,CE,Combined TRACON& Tower with Radar,15,32,11,0,58,0,3,13,1,17,15,35,24,1,75,20,0,20,95
01/03/2020,SBN,IN,AGL,CE,Combined TRACON& Tower with Radar,20,31,6,0,57,0,0,1,1,2,20,31,7,1,59,4,0,4,63
01/04/2020,SBN,IN,AGL,CE,Combined TRACON& Tower with Radar,15,32,3,0,50,0,0,2,0,2,15,32,5,0,52,0,0,0,52
01/05/2020,SBN,IN,AGL,CE,Combined TRACON& Tower with Radar,13,32,4,0,49,0,0,10,0,10,13,32,14,0,59,0,0,0,59
01/06/2020,SBN,IN,AGL,CE,Combined TRACON& Tower with Radar,19,33,10,0,62,0,2,19,0,21,19,35,29,0,83,36,0,36,119
01/07/2020,SBN,IN,AGL,CE,Combined TRACON& Tower with Radar,14,36,10,0,60,0,0,21,0,21,14,36,31,0,81,18,0,18,99
01/08/2020,SBN,IN,AGL,CE,Combined TRACON& Tower with Radar,14,36,15,0,65,0,1,8,0,9,14,37,23,0,74,24,0,24,98
01/09/2020,SBN,IN,AGL,CE,Combined TRACON& Tower with Radar,14,35,15,0,64,0,4,2,0,6,14,39,17,0,70,6,0,6,76
01/10/2020,SBN,IN,AGL,CE,Combined TRACON& Tower with Radar,18,35,6,0,59,0,0,0,0,0,18,35,6,0,59,0,0,0,59
01/11/2020,SBN,IN,AGL,CE,Combined TRACON& Tower with Radar,16,23,5,0,44,0,0,0,0,0,16,23,5,0,44,0,0,0,44
01/12/2020,SBN,IN,AGL,CE,Combined TRACON& Tower with Radar,10,41,22,0,73,0,0,2,0,2,10,41,24,0,75,26,0,26,101
01/13/2020,SBN,IN,AGL,CE,Combined TRACON& Tower with Radar,15,36,26,0,77,0,0,6,0,6,15,36,32,0,83,12,0,12,95
01/14/2020,SBN,IN,AGL,CE,Combined TRACON& Tower with Radar,12,36,13,0,61,0,0,2,0,2,12,36,15,0,63,0,0,0,63
01/15/2020,SBN,IN,AGL,CE,Combined TRACON& Tower with Radar,14,38,19,0,71,0,0,0,0,0,14,38,19,0,71,0,0,0,71
01/16/2020,SBN,IN,AGL,CE,Combined TRACON& Tower with Radar,14,35,18,0,67,0,1,0,0,1,14,36,18,0,68,14,0,14,82
01/17/2020,SBN,IN,AGL,CE,Combined TRACON& Tower with Radar,16,40,24,0,80,0,0,22,0,22,16,40,46,0,102,22,0,22,124
01/18/2020,SBN,IN,AGL,CE,Combined TRACON& Tower with Radar,13,19,2,0,34,0,0,0,0,0,13,19,2,0,34,0,0,0,34
01/19/2020,SBN,IN,AGL,CE,Combined TRACON& Tower with Radar,12,28,11,0,51,0,0,0,0,0,12,28,11,0,51,0,0,0,51
01/20/2020,SBN,IN,AGL,CE,Combined TRACON& Tower with Radar,18,34,13,0,65,0,1,0,0,1,18,35,13,0,66,0,0,0,66
01/21/2020,SBN,IN,AGL,CE,Combined TRACON& Tower with Radar,13,32,23,0,68,0,3,25,0,28,13,35,48,0,96,24,0,24,120
01/22/2020,SBN,IN,AGL,CE,Combined TRACON& Tower with Radar,15,34,27,0,76,0,3,30,2,35,15,37,57,2,111,43,10,53,164
01/23/2020,SBN,IN,AGL,CE,Combined TRACON& Tower with Radar,14,43,21,0,78,0,0,0,0,0,14,43,21,0,78,0,0,0,78
01/24/2020,SBN,IN,AGL,CE,Combined TRACON& Tower with Radar,19,37,17,2,75,0,0,0,0,0,19,37,17,2,75,0,0,0,75
01/25/2020,SBN,IN,AGL,CE,Combined TRACON& Tower with Radar,15,26,6,0,47,0,0,0,0,0,15,26,6,0,47,0,0,0,47
01/26/2020,SBN,IN,AGL,CE,Combined TRACON& Tower with Radar,13,34,17,2,66,0,0,0,0,0,13,34,17,2,66,0,0,0,66
01/27/2020,SBN,IN,AGL,CE,Combined TRACON& Tower with Radar,15,39,12,0,66,0,0,2,0,2,15,39,14,0,68,2,0,2,70
01/28/2020,SBN,IN,AGL,CE,Combined TRACON& Tower with Radar,16,36,13,0,65,0,0,2,0,2,16,36,15,0,67,4,0,4,71
01/29/2020,SBN,IN,AGL,CE,Combined TRACON& Tower with Radar,14,39,20,0,73,0,1,18,1,20,14,40,38,1,93,47,0,47,140
01/30/2020,SBN,IN,AGL,CE,Combined TRACON& Tower with Radar,16,47,30,0,93,0,0,27,0,27,16,47,57,0,120,26,0,26,146
01/31/2020,SBN,IN,AGL,CE,Combined TRACON& Tower with Radar,20,44,15,0,79,0,0,1,0,1,20,44,16,0,80,4,0,4,84
02/01/2020,SBN,IN,AGL,CE,Combined TRACON& Tower with Radar,17,31,9,0,57,0,0,2,0,2,17,31,11,0,59,14,0,14,73
02/02/2020,SBN,IN,AGL,CE,Combined TRACON& Tower with Radar,10,29,11,0,50,0,3,4,0,7,10,32,15,0,57,70,0,70,127
02/03/2020,SBN,IN,AGL,CE,Combined TRACON& Tower with Radar,16,36,26,0,78,0,0,49,1,50,16,36,75,1,128,100,0,100,228
02/04/2020,SBN,IN,AGL,CE,Combined TRACON& Tower with Radar,13,34,20,0,67,0,0,7,0,7,13,34,27,0,74,14,0,14,88
02/05/2020,SBN,IN,AGL,CE,Combined TRACON& Tower with Radar,13,37,12,0,62,0,0,9,0,9,13,37,21,0,71,16,0,16,87
02/06/2020,SBN,IN,AGL,CE,Combined TRACON& Tower with Radar,13,30,4,0,47,0,0,0,0,0,13,30,4,0,47,2,0,2,49
02/07/2020,SBN,IN,AGL,CE,Combined TRACON& Tower with Radar,16,42,17,0,75,0,0,14,0,14,16,42,31,0,89,24,0,24,113
02/08/2020,SBN,IN,AGL,CE,Combined TRACON& Tower with Radar,15,30,15,0,60,0,0,14,0,14,15,30,29,0,74,58,0,58,132
02/09/2020,SBN,IN,AGL,CE,Combined TRACON& Tower with Radar,16,45,12,0,73,0,1,2,0,3,16,46,14,0,76,2,0,2,78
02/10/2020,SBN,IN,AGL,CE,Combined TRACON& Tower with Radar,16,42,39,0,97,0,3,6,0,9,16,45,45,0,106,40,0,40,146
02/11/2020,SBN,IN,AGL,CE,Combined TRACON& Tower with Radar,14,33,34,0,81,0,0,24,2,26,14,33,58,2,107,50,0,50,157
02/12/2020,SBN,IN,AGL,CE,Combined TRACON& Tower with Radar,20,40,18,0,78,0,0,22,0,22,20,40,40,0,100,12,0,12,112
02/13/2020,SBN,IN,AGL,CE,Combined TRACON& Tower with Radar,18,42,12,0,72,0,0,0,0,0,18,42,12,0,72,0,0,0,72
02/14/2020,SBN,IN,AGL,CE,Combined TRACON& Tower with Radar,18,49,34,0,101,0,1,39,0,40,18,50,73,0,141,76,0,76,217
02/15/2020,SBN,IN,AGL,CE,Combined TRACON& Tower with Radar,17,32,11,0,60,0,1,4,0,5,17,33,15,0,65,8,0,8,73
02/16/2020,SBN,IN,AGL,CE,Combined TRACON& Tower with Radar,15,39,19,0,73,0,0,21,0,21,15,39,40,0,94,30,0,30,124
02/17/2020,SBN,IN,AGL,CE,Combined TRACON& Tower with Radar,21,45,11,0,77,0,1,12,0,13,21,46,23,0,90,14,0,14,104
02/18/2020,SBN,IN,AGL,CE,Combined TRACON& Tower with Radar,14,35,19,0,68,0,1,8,0,9,14,36,27,0,77,10,0,10,87
02/19/2020,SBN,IN,AGL,CE,Combined TRACON& Tower with Radar,18,39,41,0,98,0,1,32,0,33,18,40,73,0,131,36,0,36,167
02/20/2020,SBN,IN,AGL,CE,Combined TRACON& Tower with Radar,15,35,38,0,88,0,0,14,0,14,15,35,52,0,102,34,0,34,136
02/21/2020,SBN,IN,AGL,CE,Combined TRACON& Tower with Radar,21,41,28,0,90,0,0,31,0,31,21,41,59,0,121,54,0,54,175
02/22/2020,SBN,IN,AGL,CE,Combined TRACON& Tower with Radar,20,29,8,0,57,0,2,23,0,25,20,31,31,0,82,26,0,26,108
02/23/2020,SBN,IN,AGL,CE,Combined TRACON& Tower with Radar,16,37,23,0,76,0,3,22,0,25,16,40,45,0,101,39,0,39,140
02/24/2020,SBN,IN,AGL,CE,Combined TRACON& Tower with Radar,22,40,18,0,80,0,0,2,1,3,22,40,20,1,83,32,0,32,115
02/25/2020,SBN,IN,AGL,CE,Combined TRACON& Tower with Radar,22,38,31,0,91,0,0,0,1,1,22,38,31,1,92,2,0,2,94
02/26/2020,SBN,IN,AGL,CE,Combined TRACON& Tower with Radar,21,37,8,0,66,0,0,0,0,0,21,37,8,0,66,0,0,0,66
02/27/2020,SBN,IN,AGL,CE,Combined TRACON& Tower with Radar,17,45,25,0,87,0,0,5,0,5,17,45,30,0,92,2,0,2,94
02/28/2020,SBN,IN,AGL,CE,Combined TRACON& Tower with Radar,23,39,35,0,97,0,2,12,0,14,23,41,47,0,111,4,0,4,115
02/29/2020,SBN,IN,AGL,CE,Combined TRACON& Tower with Radar,21,33,15,0,69,0,0,42,0,42,21,33,57,0,111,58,0,58,169
03/01/2020,SBN,IN,AGL,CE,Combined TRACON& Tower with Radar,14,52,12,0,78,0,2,17,0,19,14,54,29,0,97,6,0,6,103
03/02/2020,SBN,IN,AGL,CE,Combined TRACON& Tower with Radar,20,38,9,0,67,0,3,8,0,11,20,41,17,0,78,18,0,18,96
03/03/2020,SBN,IN,AGL,CE,Combined TRACON& Tower with Radar,19,35,24,0,78,0,1,11,0,12,19,36,35,0,90,4,0,4,94
03/04/2020,SBN,IN,AGL,CE,Combined TRACON& Tower with Radar,21,39,18,0,78,0,2,15,0,17,21,41,33,0,95,8,0,8,103
03/05/2020,SBN,IN,AGL,CE,Combined TRACON& Tower with Radar,19,43,24,0,86,0,0,15,1,16,19,43,39,1,102,42,0,42,144
03/06/2020,SBN,IN,AGL,CE,Combined TRACON& Tower with Radar,23,37,13,0,73,0,2,5,0,7,23,39,18,0,80,4,0,4,84
03/07/2020,SBN,IN,AGL,CE,Combined TRACON& Tower with Radar,13,28,17,0,58,0,2,42,0,44,13,30,59,0,102,32,0,32,134
03/08/2020,SBN,IN,AGL,CE,Combined TRACON& Tower with Radar,16,34,10,2,62,0,1,8,0,9,16,35,18,2,71,8,0,8,79
03/09/2020,SBN,IN,AGL,CE,Combined TRACON& Tower with Radar,21,31,21,0,73,0,2,6,0,8,21,33,27,0,81,2,0,2,83
03/10/2020,SBN,IN,AGL,CE,Combined TRACON& Tower with Radar,16,35,15,0,66,0,0,2,0,2,16,35,17,0,68,0,0,0,68
03/11/2020,SBN,IN,AGL,CE,Combined TRACON& Tower with Radar,20,34,20,0,74,0,2,0,0,2,20,36,20,0,76,46,0,46,122
03/12/2020,SBN,IN,AGL,CE,Combined TRACON& Tower with Radar,20,40,21,2,83,0,2,9,0,11,20,42,30,2,94,26,0,26,120
03/13/2020,SBN,IN,AGL,CE,Combined TRACON& Tower with Radar,27,34,15,0,76,0,1,23,0,24,27,35,38,0,100,24,0,24,124
03/14/2020,SBN,IN,AGL,CE,Combined TRACON& Tower with Radar,13,31,11,0,55,0,0,20,0,20,13,31,31,0,75,8,0,8,83
03/15/2020,SBN,IN,AGL,CE,Combined TRACON& Tower with Radar,16,43,24,0,83,0,0,29,0,29,16,43,53,0,112,60,0,60,172
03/16/2020,SBN,IN,AGL,CE,Combined TRACON& Tower with Radar,21,37,12,0,70,0,0,9,0,9,21,37,21,0,79,42,0,42,121
03/17/2020,SBN,IN,AGL,CE,Combined TRACON& Tower with Radar,17,39,17,0,73,0,2,20,0,22,17,41,37,0,95,4,0,4,99
03/18/2020,SBN,IN,AGL,CE,Combined TRACON& Tower with Radar,23,34,8,0,65,0,0,4,0,4,23,34,12,0,69,48,0,48,117
03/19/2020,SBN,IN,AGL,CE,Combined TRACON& Tower with Radar,16,35,4,0,55,0,0,0,0,0,16,35,4,0,55,0,0,0,55
03/20/2020,SBN,IN,AGL,CE,Combined TRACON& Tower with Radar,24,36,5,0,65,0,0,0,0,0,24,36,5,0,65,0,0,0,65
03/21/2020,SBN,IN,AGL,CE,Combined TRACON& Tower with Radar,17,23,10,0,50,0,2,16,0,18,17,25,26,0,68,36,0,36,104
03/22/2020,SBN,IN,AGL,CE,Combined TRACON& Tower with Radar,14,30,6,0,50,0,2,16,0,18,14,32,22,0,68,10,0,10,78
03/23/2020,SBN,IN,AGL,CE,Combined TRACON& Tower with Radar,24,34,2,0,60,0,3,4,0,7,24,37,6,0,67,18,0,18,85
03/24/2020,SBN,IN,AGL,CE,Combined TRACON& Tower with Radar,12,31,5,0,48,0,8,6,0,14,12,39,11,0,62,42,0,42,104
03/25/2020,SBN,IN,AGL,CE,Combined TRACON& Tower with Radar,20,29,5,3,57,0,0,5,0,5,20,29,10,3,62,30,0,30,92
03/26/2020,SBN,IN,AGL,CE,Combined TRACON& Tower with Radar,13,23,4,0,40,0,0,0,0,0,13,23,4,0,40,0,0,0,40
03/27/2020,SBN,IN,AGL,CE,Combined TRACON& Tower with Radar,21,16,20,0,57,0,0,0,0,0,21,16,20,0,57,6,0,6,63
03/28/2020,SBN,IN,AGL,CE,Combined TRACON& Tower with Radar,12,27,0,0,39,0,0,0,0,0,12,27,0,0,39,12,0,12,51
03/29/2020,SBN,IN,AGL,CE,Combined TRACON& Tower with Radar,15,28,0,0,43,0,0,3,0,3,15,28,3,0,46,14,0,14,60
03/30/2020,SBN,IN,AGL,CE,Combined TRACON& Tower with Radar,11,16,8,0,35,0,3,2,0,5,11,19,10,0,40,4,0,4,44
03/31/2020,SBN,IN,AGL,CE,Combined TRACON& Tower with Radar,10,17,0,0,27,0,0,2,0,2,10,17,2,0,29,2,0,2,31
04/01/2020,SBN,IN,AGL,CE,Combined TRACON& Tower with Radar,21,15,1,0,37,0,1,7,0,8,21,16,8,0,45,16,0,16,61
04/02/2020,SBN,IN,AGL,CE,Combined TRACON& Tower with Radar,14,17,13,0,44,0,1,19,1,21,14,18,32,1,65,22,0,22,87
04/03/2020,SBN,IN,AGL,CE,Combined TRACON& Tower with Radar,20,12,6,0,38,0,0,26,1,27,20,12,32,1,65,28,0,28,93
04/04/2020,SBN,IN,AGL,CE,Combined TRACON& Tower with Radar,12,6,4,0,22,0,0,0,0,0,12,6,4,0,22,0,0,0,22
04/05/2020,SBN,IN,AGL,CE,Combined TRACON& Tower with Radar,10,6,4,0,20,0,1,19,0,20,10,7,23,0,40,27,0,27,67
04/06/2020,SBN,IN,AGL,CE,Combined TRACON& Tower with Radar,14,8,6,0,28,0,0,10,0,10,14,8,16,0,38,6,0,6,44
04/07/2020,SBN,IN,AGL,CE,Combined TRACON& Tower with Radar,14,6,6,0,26,0,0,5,0,5,14,6,11,0,31,10,0,10,41
04/08/2020,SBN,IN,AGL,CE,Combined TRACON& Tower with Radar,15,7,13,0,35,0,0,9,0,9,15,7,22,0,44,6,0,6,50
04/09/2020,SBN,IN,AGL,CE,Combined TRACON& Tower with Radar,12,11,4,0,27,0,1,7,0,8,12,12,11,0,35,0,0,0,35
04/10/2020,SBN,IN,AGL,CE,Combined TRACON& Tower with Radar,27,5,18,0,50,0,1,14,0,15,27,6,32,0,65,4,0,4,69
04/11/2020,SBN,IN,AGL,CE,Combined TRACON& Tower with Radar,8,11,4,0,23,0,0,28,0,28,8,11,32,0,51,50,0,50,101
04/12/2020,SBN,IN,AGL,CE,Combined TRACON& Tower with Radar,7,5,1,0,13,0,1,7,0,8,7,6,8,0,21,10,0,10,31
04/13/2020,SBN,IN,AGL,CE,Combined TRACON& Tower with Radar,16,6,2,0,24,0,0,3,0,3,16,6,5,0,27,4,0,4,31
04/14/2020,SBN,IN,AGL,CE,Combined TRACON& Tower with Radar,13,4,1,0,18,0,0,18,0,18,13,4,19,0,36,8,0,8,44
04/15/2020,SBN,IN,AGL,CE,Combined TRACON& Tower with Radar,13,6,1,0,20,0,0,2,0,2,13,6,3,0,22,2,0,2,24
04/16/2020,SBN,IN,AGL,CE,Combined TRACON& Tower with Radar,12,6,9,4,31,0,4,22,0,26,12,10,31,4,57,70,0,70,127
04/17/2020,SBN,IN,AGL,CE,Combined TRACON& Tower with Radar,14,5,7,0,26,0,0,0,0,0,14,5,7,0,26,0,0,0,26
04/18/2020,SBN,IN,AGL,CE,Combined TRACON& Tower with Radar,7,8,9,0,24,0,0,17,0,17,7,8,26,0,41,20,0,20,61
04/19/2020,SBN,IN,AGL,CE,Combined TRACON& Tower with Radar,6,6,4,0,16,0,0,23,0,23,6,6,27,0,39,40,0,40,79
04/20/2020,SBN,IN,AGL,CE,Combined TRACON& Tower with Radar,8,9,4,0,21,0,0,30,4,34,8,9,34,4,55,12,0,12,67
04/21/2020,SBN,IN,AGL,CE,Combined TRACON& Tower with Radar,8,10,5,0,23,0,0,4,1,5,8,10,9,1,28,2,0,2,30
04/22/2020,SBN,IN,AGL,CE,Combined TRACON& Tower with Radar,7,14,9,0,30,0,0,14,0,14,7,14,23,0,44,14,0,14,58
04/23/2020,SBN,IN,AGL,CE,Combined TRACON& Tower with Radar,9,7,8,0,24,0,0,7,0,7,9,7,15,0,31,0,0,0,31
04/24/2020,SBN,IN,AGL,CE,Combined TRACON& Tower with Radar,14,9,11,0,34,0,0,3,0,3,14,9,14,0,37,4,0,4,41
04/25/2020,SBN,IN,AGL,CE,Combined TRACON& Tower with Radar,7,11,11,0,29,0,0,0,0,0,7,11,11,0,29,0,0,0,29
04/26/2020,SBN,IN,AGL,CE,Combined TRACON& Tower with Radar,5,5,8,0,18,0,0,19,0,19,5,5,27,0,37,0,0,0,37
04/27/2020,SBN,IN,AGL,CE,Combined TRACON& Tower with Radar,12,6,25,2,45,0,1,18,0,19,12,7,43,2,64,26,0,26,90
04/28/2020,SBN,IN,AGL,CE,Combined TRACON& Tower with Radar,10,8,2,0,20,0,0,6,0,6,10,8,8,0,26,10,0,10,36
04/29/2020,SBN,IN,AGL,CE,Combined TRACON& Tower with Radar,8,8,12,0,28,0,0,0,0,0,8,8,12,0,28,0,0,0,28
04/30/2020,SBN,IN,AGL,CE,Combined TRACON& Tower with Radar,10,8,3,0,21,0,0,1,0,1,10,8,4,0,22,0,0,0,22
05/01/2020,SBN,IN,AGL,CE,Combined TRACON& Tower with Radar,15,7,22,0,44,0,1,43,0,44,15,8,65,0,88,22,0,22,110
05/02/2020,SBN,IN,AGL,CE,Combined TRACON& Tower with Radar,7,8,13,0,28,0,0,27,0,27,7,8,40,0,55,12,0,12,67
05/03/2020,SBN,IN,AGL,CE,Combined TRACON& Tower with Radar,4,6,6,0,16,0,1,28,0,29,4,7,34,0,45,18,0,18,63
05/04/2020,SBN,IN,AGL,CE,Combined TRACON& Tower with Radar,12,5,4,0,21,0,0,20,1,21,12,5,24,1,42,24,0,24,66
05/05/2020,SBN,IN,AGL,CE,Combined TRACON& Tower with Radar,6,7,6,0,19,0,0,6,3,9,6,7,12,3,28,24,0,24,52
05/06/2020,SBN,IN,AGL,CE,Combined TRACON& Tower with Radar,10,8,24,0,42,0,1,31,4,36,10,9,55,4,78,0,0,0,78
05/07/2020,SBN,IN,AGL,CE,Combined TRACON& Tower with Radar,10,10,15,0,35,0,1,26,0,27,10,11,41,0,62,0,0,0,62
05/08/2020,SBN,IN,AGL,CE,Combined TRACON& Tower with Radar,17,9,3,0,29,0,0,16,0,16,17,9,19,0,45,4,0,4,49
05/09/2020,SBN,IN,AGL,CE,Combined TRACON& Tower with Radar,8,9,10,0,27,0,0,20,0,20,8,9,30,0,47,42,0,42,89
05/10/2020,SBN,IN,AGL,CE,Combined TRACON& Tower with Radar,6,7,1,0,14,0,0,0,0,0,6,7,1,0,14,8,0,8,22
05/11/2020,SBN,IN,AGL,CE,Combined TRACON& Tower with Radar,15,6,8,0,29,0,0,8,0,8,15,6,16,0,37,2,0,2,39
05/12/2020,SBN,IN,AGL,CE,Combined TRACON& Tower with Radar,9,4,14,0,27,0,0,28,0,28,9,4,42,0,55,18,0,18,73
05/13/2020,SBN,IN,AGL,CE,Combined TRACON& Tower with Radar,8,10,18,0,36,0,1,29,0,30,8,11,47,0,66,26,0,26,92
05/14/2020,SBN,IN,AGL,CE,Combined TRACON& Tower with Radar,11,9,5,0,25,0,0,0,0,0,11,9,5,0,25,0,0,0,25
05/15/2020,SBN,IN,AGL,CE,Combined TRACON& Tower with Radar,12,11,12,0,35,0,0,5,0,5,12,11,17,0,40,22,0,22,62
05/16/2020,SBN,IN,AGL,CE,Combined TRACON& Tower with Radar,9,8,8,0,25,0,1,23,0,24,9,9,31,0,49,24,0,24,73
05/17/2020,SBN,IN,AGL,CE,Combined TRACON& Tower with Radar,8,7,3,0,18,0,0,0,0,0,8,7,3,0,18,0,0,0,18
05/18/2020,SBN,IN,AGL,CE,Combined TRACON& Tower with Radar,11,8,16,0,35,0,4,6,0,10,11,12,22,0,45,76,0,76,121
05/19/2020,SBN,IN,AGL,CE,Combined TRACON& Tower with Radar,9,7,10,0,26,0,3,0,1,4,9,10,10,1,30,4,0,4,34
05/20/2020,SBN,IN,AGL,CE,Combined TRACON& Tower with Radar,9,5,11,0,25,0,0,14,1,15,9,5,25,1,40,13,0,13,53
05/21/2020,SBN,IN,AGL,CE,Combined TRACON& Tower with Radar,13,7,23,0,43,0,1,16,0,17,13,8,39,0,60,26,0,26,86
05/22/2020,SBN,IN,AGL,CE,Combined TRACON& Tower with Radar,13,6,15,0,34,0,1,11,1,13,13,7,26,1,47,10,0,10,57
05/23/2020,SBN,IN,AGL,CE,Combined TRACON& Tower with Radar,9,11,19,0,39,0,0,14,0,14,9,11,33,0,53,36,0,36,89
05/24/2020,SBN,IN,AGL,CE,Combined TRACON& Tower with Radar,8,12,5,0,25,0,1,19,0,20,8,13,24,0,45,16,0,16,61
05/25/2020,SBN,IN,AGL,CE,Combined TRACON& Tower with Radar,10,8,9,0,27,0,2,13,0,15,10,10,22,0,42,62,0,62,104
05/26/2020,SBN,IN,AGL,CE,Combined TRACON& Tower with Radar,8,10,24,0,42,0,0,4,0,4,8,10,28,0,46,24,0,24,70
05/27/2020,SBN,IN,AGL,CE,Combined TRACON& Tower with Radar,9,12,23,0,44,0,1,14,0,15,9,13,37,0,59,8,0,8,67
05/28/2020,SBN,IN,AGL,CE,Combined TRACON& Tower with Radar,12,12,18,0,42,0,3,8,1,12,12,15,26,1,54,0,0,0,54
05/29/2020,SBN,IN,AGL,CE,Combined TRACON& Tower with Radar,12,12,9,0,33,0,1,7,0,8,12,13,16,0,41,14,0,14,55
05/30/2020,SBN,IN,AGL,CE,Combined TRACON& Tower with Radar,9,15,10,0,34,0,3,26,0,29,9,18,36,0,63,8,0,8,71
05/31/2020,SBN,IN,AGL,CE,Combined TRACON& Tower with Radar,9,9,21,0,39,0,1,22,0,23,9,10,43,0,62,22,0,22,84
06/01/2020,SBN,IN,AGL,CE,Combined TRACON& Tower with Radar,13,13,23,0,49,0,1,20,0,21,13,14,43,0,70,38,0,38,108
06/02/2020,SBN,IN,AGL,CE,Combined TRACON& Tower with Radar,9,12,19,0,40,0,1,16,2,19,9,13,35,2,59,12,0,12,71
06/03/2020,SBN,IN,AGL,CE,Combined TRACON& Tower with Radar,11,10,25,0,46,0,2,15,2,19,11,12,40,2,65,10,0,10,75
06/04/2020,SBN,IN,AGL,CE,Combined TRACON& Tower with Radar,16,13,15,0,44,0,0,18,0,18,16,13,33,0,62,0,0,0,62
06/05/2020,SBN,IN,AGL,CE,Combined TRACON& Tower with Radar,12,11,11,0,34,0,3,7,0,10,12,14,18,0,44,0,0,0,44
06/06/2020,SBN,IN,AGL,CE,Combined TRACON& Tower with Radar,11,9,15,0,35,0,1,20,0,21,11,10,35,0,56,42,0,42,98
06/07/2020,SBN,IN,AGL,CE,Combined TRACON& Tower with Radar,8,9,10,0,27,0,4,21,0,25,8,13,31,0,52,10,0,10,62
06/08/2020,SBN,IN,AGL,CE,Combined TRACON& Tower with Radar,12,10,10,0,32,0,0,21,1,22,12,10,31,1,54,12,0,12,66
06/09/2020,SBN,IN,AGL,CE,Combined TRACON& Tower with Radar,9,9,10,0,28,0,0,3,0,3,9,9,13,0,31,4,0,4,35
06/10/2020,SBN,IN,AGL,CE,Combined TRACON& Tower with Radar,11,7,17,0,35,0,1,4,0,5,11,8,21,0,40,0,0,0,40
06/11/2020,SBN,IN,AGL,CE,Combined TRACON& Tower with Radar,13,10,12,0,35,0,4,14,0,18,13,14,26,0,53,8,0,8,61
06/12/2020,SBN,IN,AGL,CE,Combined TRACON& Tower with Radar,11,8,17,0,36,0,2,23,0,25,11,10,40,0,61,12,0,12,73
06/13/2020,SBN,IN,AGL,CE,Combined TRACON& Tower with Radar,11,13,15,0,39,0,2,7,0,9,11,15,22,0,48,14,0,14,62
06/14/2020,SBN,IN,AGL,CE,Combined TRACON& Tower with Radar,9,8,15,0,32,0,0,34,0,34,9,8,49,0,66,30,0,30,96
06/15/2020,SBN,IN,AGL,CE,Combined TRACON& Tower with Radar,13,16,19,0,48,0,3,10,2,15,13,19,29,2,63,16,0,16,79
06/16/2020,SBN,IN,AGL,CE,Combined TRACON& Tower with Radar,9,4,17,0,30,0,7,28,1,36,9,11,45,1,66,30,0,30,96
06/17/2020,SBN,IN,AGL,CE,Combined TRACON& Tower with Radar,11,10,15,0,36,0,1,35,1,37,11,11,50,1,73,28,0,28,101
06/18/2020,SBN,IN,AGL,CE,Combined TRACON& Tower with Radar,13,13,19,0,45,1,0,23,0,24,14,13,42,0,69,24,0,24,93
06/19/2020,SBN,IN,AGL,CE,Combined TRACON& Tower with Radar,11,9,28,0,48,0,1,25,0,26,11,10,53,0,74,38,0,38,112
06/20/2020,SBN,IN,AGL,CE,Combined TRACON& Tower with Radar,11,6,11,0,28,0,3,19,0,22,11,9,30,0,50,22,0,22,72
06/21/2020,SBN,IN,AGL,CE,Combined TRACON& Tower with Radar,7,8,6,0,21,0,1,6,0,7,7,9,12,0,28,10,0,10,38
06/22/2020,SBN,IN,AGL,CE,Combined TRACON& Tower with Radar,13,13,8,0,34,0,2,3,0,5,13,15,11,0,39,18,0,18,57
06/23/2020,SBN,IN,AGL,CE,Combined TRACON& Tower with Radar,9,11,7,0,27,0,5,6,0,11,9,16,13,0,38,0,0,0,38
06/24/2020,SBN,IN,AGL,CE,Combined TRACON& Tower with Radar,11,9,18,0,38,0,3,16,2,21,11,12,34,2,59,8,0,8,67
06/25/2020,SBN,IN,AGL,CE,Combined TRACON& Tower with Radar,12,14,27,0,53,0,0,30,0,30,12,14,57,0,83,52,0,52,135
06/26/2020,SBN,IN,AGL,CE,Combined TRACON& Tower with Radar,11,9,2,0,22,0,0,3,0,3,11,9,5,0,25,42,0,42,67
06/27/2020,SBN,IN,AGL,CE,Combined TRACON& Tower with Radar,12,14,3,3,32,0,2,12,0,14,12,16,15,3,46,16,0,16,62
06/28/2020,SBN,IN,AGL,CE,Combined TRACON& Tower with Radar,7,14,10,0,31,0,0,14,0,14,7,14,24,0,45,6,0,6,51
06/29/2020,SBN,IN,AGL,CE,Combined TRACON& Tower with Radar,13,10,4,0,27,0,3,16,3,22,13,13,20,3,49,10,0,10,59
06/30/2020,SBN,IN,AGL,CE,Combined TRACON& Tower with Radar,10,11,15,0,36,0,4,20,1,25,10,15,35,1,61,38,0,38,99
07/01/2020,SBN,IN,AGL,CE,Combined TRACON& Tower with Radar,11,7,14,0,32,0,7,36,1,44,11,14,50,1,76,32,0,32,108
07/02/2020,SBN,IN,AGL,CE,Combined TRACON& Tower with Radar,13,14,9,0,36,0,0,12,0,12,13,14,21,0,48,4,0,4,52
07/03/2020,SBN,IN,AGL,CE,Combined TRACON& Tower with Radar,14,14,3,0,31,0,1,12,0,13,14,15,15,0,44,14,0,14,58
07/04/2020,SBN,IN,AGL,CE,Combined TRACON& Tower with Radar,12,10,5,1,28,0,2,15,0,17,12,12,20,1,45,16,0,16,61
07/05/2020,SBN,IN,AGL,CE,Combined TRACON& Tower with Radar,8,11,26,0,45,0,0,4,0,4,8,11,30,0,49,20,0,20,69
07/06/2020,SBN,IN,AGL,CE,Combined TRACON& Tower with Radar,12,24,18,3,57,0,5,17,0,22,12,29,35,3,79,44,0,44,123
07/07/2020,SBN,IN,AGL,CE,Combined TRACON& Tower with Radar,12,13,12,0,37,0,1,18,0,19,12,14,30,0,56,28,0,28,84
07/08/2020,SBN,IN,AGL,CE,Combined TRACON& Tower with Radar,14,16,11,0,41,1,1,23,0,25,15,17,34,0,66,36,0,36,102
07/09/2020,SBN,IN,AGL,CE,Combined TRACON& Tower with Radar,19,17,15,0,51,0,0,12,0,12,19,17,27,0,63,12,0,12,75
07/10/2020,SBN,IN,AGL,CE,Combined TRACON& Tower with Radar,16,17,3,0,36,0,0,1,0,1,16,17,4,0,37,0,0,0,37
07/11/2020,SBN,IN,AGL,CE,Combined TRACON& Tower with Radar,12,16,9,0,37,0,3,21,0,24,12,19,30,0,61,0,0,0,61
07/12/2020,SBN,IN,AGL,CE,Combined TRACON& Tower with Radar,10,13,14,0,37,0,0,16,0,16,10,13,30,0,53,42,0,42,95
07/13/2020,SBN,IN,AGL,CE,Combined TRACON& Tower with Radar,15,18,19,0,52,0,6,15,1,22,15,24,34,1,74,32,0,32,106
07/14/2020,SBN,IN,AGL,CE,Combined TRACON& Tower with Radar,13,12,15,0,40,0,2,25,1,28,13,14,40,1,68,25,0,25,93
07/15/2020,SBN,IN,AGL,CE,Combined TRACON& Tower with Radar,13,14,14,0,41,0,0,9,0,9,13,14,23,0,50,56,0,56,106
07/16/2020,SBN,IN,AGL,CE,Combined TRACON& Tower with Radar,18,18,22,0,58,0,0,3,0,3,18,18,25,0,61,20,0,20,81
07/17/2020,SBN,IN,AGL,CE,Combined TRACON& Tower with Radar,16,14,11,7,48,0,2,26,0,28,16,16,37,7,76,44,0,44,120
07/18/2020,SBN,IN,AGL,CE,Combined TRACON& Tower with Radar,14,19,4,0,37,0,6,13,0,19,14,25,17,0,56,38,0,38,94
07/19/2020,SBN,IN,AGL,CE,Combined TRACON& Tower with Radar,10,12,12,0,34,0,0,3,0,3,10,12,15,0,37,10,0,10,47
07/20/2020,SBN,IN,AGL,CE,Combined TRACON& Tower with Radar,15,14,6,0,35,0,2,27,1,30,15,16,33,1,65,12,0,12,77
07/21/2020,SBN,IN,AGL,CE,Combined TRACON& Tower with Radar,9,10,16,0,35,0,4,14,0,18,9,14,30,0,53,38,0,38,91
07/22/2020,SBN,IN,AGL,CE,Combined TRACON& Tower with Radar,15,16,12,0,43,0,0,4,0,4,15,16,16,0,47,44,0,44,91
07/23/2020,SBN,IN,AGL,CE,Combined TRACON& Tower with Radar,15,25,33,0,73,0,3,14,0,17,15,28,47,0,90,12,0,12,102
07/24/2020,SBN,IN,AGL,CE,Combined TRACON& Tower with Radar,14,17,14,9,54,0,10,15,0,25,14,27,29,9,79,54,26,80,159
07/25/2020,SBN,IN,AGL,CE,Combined TRACON& Tower with Radar,14,25,9,0,48,0,1,17,0,18,14,26,26,0,66,52,0,52,118
07/26/2020,SBN,IN,AGL,CE,Combined TRACON& Tower with Radar,9,14,19,0,42,0,4,19,0,23,9,18,38,0,65,50,0,50,115
07/27/2020,SBN,IN,AGL,CE,Combined TRACON& Tower with Radar,15,14,12,0,41,0,0,7,0,7,15,14,19,0,48,10,0,10,58
07/28/2020,SBN,IN,AGL,CE,Combined TRACON& Tower with Radar,15,15,13,0,43,0,4,30,2,36,15,19,43,2,79,58,4,62,141
07/29/2020,SBN,IN,AGL,CE,Combined TRACON& Tower with Radar,13,17,17,0,47,0,1,15,1,17,13,18,32,1,64,58,0,58,122
07/30/2020,SBN,IN,AGL,CE,Combined TRACON& Tower with Radar,14,14,20,0,48,0,0,18,0,18,14,14,38,0,66,26,0,26,92
07/31/2020,SBN,IN,AGL,CE,Combined TRACON& Tower with Radar,17,16,16,0,49,0,2,30,0,32,17,18,46,0,81,8,0,8,89
08/01/2020,SBN,IN,AGL,CE,Combined TRACON& Tower with Radar,15,24,9,0,48,0,2,5,0,7,15,26,14,0,55,24,0,24,79
08/02/2020,SBN,IN,AGL,CE,Combined TRACON& Tower with Radar,12,27,16,0,55,0,1,14,0,15,12,28,30,0,70,0,0,0,70
08/03/2020,SBN,IN,AGL,CE,Combined TRACON& Tower with Radar,15,23,19,0,57,0,0,8,0,8,15,23,27,0,65,36,0,36,101
08/04/2020,SBN,IN,AGL,CE,Combined TRACON& Tower with Radar,11,33,24,0,68,0,2,14,0,16,11,35,38,0,84,24,0,24,108
08/05/2020,SBN,IN,AGL,CE,Combined TRACON& Tower with Radar,13,33,27,0,73,0,0,25,1,26,13,33,52,1,99,38,6,44,143
08/06/2020,SBN,IN,AGL,CE,Combined TRACON& Tower with Radar,16,35,30,0,81,0,0,22,1,23,16,35,52,1,104,50,0,50,154
08/07/2020,SBN,IN,AGL,CE,Combined TRACON& Tower with Radar,14,34,24,1,73,0,2,22,0,24,14,36,46,1,97,26,0,26,123
08/08/2020,SBN,IN,AGL,CE,Combined TRACON& Tower with Radar,13,32,25,0,70,0,1,16,0,17,13,33,41,0,87,34,0,34,121
08/09/2020,SBN,IN,AGL,CE,Combined TRACON& Tower with Radar,8,25,17,0,50,0,4,14,0,18,8,29,31,0,68,26,0,26,94
08/10/2020,SBN,IN,AGL,CE,Combined TRACON& Tower with Radar,16,27,15,0,58,0,0,5,0,5,16,27,20,0,63,2,0,2,65
08/11/2020,SBN,IN,AGL,CE,Combined TRACON& Tower with Radar,11,27,15,0,53,0,1,7,1,9,11,28,22,1,62,28,0,28,90
08/12/2020,SBN,IN,AGL,CE,Combined TRACON& Tower with Radar,13,21,15,0,49,0,2,22,1,25,13,23,37,1,74,32,0,32,106
08/13/2020,SBN,IN,AGL,CE,Combined TRACON& Tower with Radar,15,23,25,0,63,0,6,35,0,41,15,29,60,0,104,6,0,6,110
08/14/2020,SBN,IN,AGL,CE,Combined TRACON& Tower with Radar,14,24,9,0,47,0,0,20,1,21,14,24,29,1,68,23,0,23,91
08/15/2020,SBN,IN,AGL,CE,Combined TRACON& Tower with Radar,11,24,1,0,36,0,5,14,1,20,11,29,15,1,56,8,0,8,64
08/16/2020,SBN,IN,AGL,CE,Combined TRACON& Tower with Radar,9,24,13,0,46,0,0,16,0,16,9,24,29,0,62,16,0,16,78
08/17/2020,SBN,IN,AGL,CE,Combined TRACON& Tower with Radar,15,18,6,0,39,0,1,23,0,24,15,19,29,0,63,13,0,13,76
08/18/2020,SBN,IN,AGL,CE,Combined TRACON& Tower with Radar,11,22,14,0,47,0,2,28,1,31,11,24,42,1,78,32,0,32,110
08/19/2020,SBN,IN,AGL,CE,Combined TRACON& Tower with Radar,14,24,17,0,55,0,2,32,0,34,14,26,49,0,89,33,0,33,122
08/20/2020,SBN,IN,AGL,CE,Combined TRACON& Tower with Radar,15,26,27,20,88,0,5,45,1,51,15,31,72,21,139,16,6,22,161
08/21/2020,SBN,IN,AGL,CE,Combined TRACON& Tower with Radar,14,30,20,0,64,0,1,18,0,19,14,31,38,0,83,8,0,8,91
08/22/2020,SBN,IN,AGL,CE,Combined TRACON& Tower with Radar,11,23,11,0,45,0,3,21,0,24,11,26,32,0,69,53,0,53,122
08/23/2020,SBN,IN,AGL,CE,Combined TRACON& Tower with Radar,12,19,15,0,46,0,1,16,0,17,12,20,31,0,63,22,0,22,85
08/24/2020,SBN,IN,AGL,CE,Combined TRACON& Tower with Radar,13,18,17,0,48,0,4,9,0,13,13,22,26,0,61,38,0,38,99
08/25/2020,SBN,IN,AGL,CE,Combined TRACON& Tower with Radar,11,20,9,0,40,0,6,11,0,17,11,26,20,0,57,10,0,10,67
08/26/2020,SBN,IN,AGL,CE,Combined TRACON& Tower with Radar,13,22,27,0,62,0,3,23,0,26,13,25,50,0,88,22,0,22,110
08/27/2020,SBN,IN,AGL,CE,Combined TRACON& Tower with Radar,15,21,2,0,38,0,0,13,0,13,15,21,15,0,51,2,0,2,53
08/28/2020,SBN,IN,AGL,CE,Combined TRACON& Tower with Radar,14,20,12,0,46,0,1,10,0,11,14,21,22,0,57,24,0,24,81
08/29/2020,SBN,IN,AGL,CE,Combined TRACON& Tower with Radar,11,21,13,2,47,0,5,3,0,8,11,26,16,2,55,36,0,36,91
08/30/2020,SBN,IN,AGL,CE,Combined TRACON& Tower with Radar,12,22,16,0,50,0,7,31,0,38,12,29,47,0,88,36,0,36,124
08/31/2020,SBN,IN,AGL,CE,Combined TRACON& Tower with Radar,13,20,16,0,49,0,2,32,0,34,13,22,48,0,83,25,0,25,108
09/01/2020,SBN,IN,AGL,CE,Combined TRACON& Tower with Radar,11,21,25,1,58,0,0,6,0,6,11,21,31,1,64,8,0,8,72
09/02/2020,SBN,IN,AGL,CE,Combined TRACON& Tower with Radar,13,28,15,0,56,0,2,12,0,14,13,30,27,0,70,12,0,12,82
09/03/2020,SBN,IN,AGL,CE,Combined TRACON& Tower with Radar,15,26,17,0,58,0,3,12,0,15,15,29,29,0,73,16,0,16,89
09/04/2020,SBN,IN,AGL,CE,Combined TRACON& Tower with Radar,16,25,16,0,57,0,11,43,1,55,16,36,59,1,112,32,0,32,144
09/05/2020,SBN,IN,AGL,CE,Combined TRACON& Tower with Radar,11,23,11,0,45,0,7,22,0,29,11,30,33,0,74,10,0,10,84
09/06/2020,SBN,IN,AGL,CE,Combined TRACON& Tower with Radar,12,18,13,0,43,0,2,7,0,9,12,20,20,0,52,12,0,12,64
09/07/2020,SBN,IN,AGL,CE,Combined TRACON& Tower with Radar,12,28,12,0,52,0,2,14,0,16,12,30,26,0,68,58,0,58,126
09/08/2020,SBN,IN,AGL,CE,Combined TRACON& Tower with Radar,9,30,17,0,56,0,1,0,1,2,9,31,17,1,58,32,0,32,90
09/09/2020,SBN,IN,AGL,CE,Combined TRACON& Tower with Radar,12,22,27,2,63,0,0,6,1,7,12,22,33,3,70,18,0,18,88
09/10/2020,SBN,IN,AGL,CE,Combined TRACON& Tower with Radar,17,27,27,0,71,0,2,2,0,4,17,29,29,0,75,20,0,20,95
09/11/2020,SBN,IN,AGL,CE,Combined TRACON& Tower with Radar,15,29,26,0,70,0,9,15,0,24,15,38,41,0,94,4,14,18,112
09/12/2020,SBN,IN,AGL,CE,Combined TRACON& Tower with Radar,12,31,14,0,57,0,1,0,0,1,12,32,14,0,58,0,0,0,58
09/13/2020,SBN,IN,AGL,CE,Combined TRACON& Tower with Radar,12,38,21,0,71,0,5,26,0,31,12,43,47,0,102,55,0,55,157
09/14/2020,SBN,IN,AGL,CE,Combined TRACON& Tower with Radar,16,19,16,0,51,0,10,38,1,49,16,29,54,1,100,66,0,66,166
09/15/2020,SBN,IN,AGL,CE,Combined TRACON& Tower with Radar,12,26,31,0,69,0,15,36,0,51,12,41,67,0,120,92,0,92,212
09/16/2020,SBN,IN,AGL,CE,Combined TRACON& Tower with Radar,16,24,26,0,66,0,10,29,0,39,16,34,55,0,105,28,0,28,133
09/17/2020,SBN,IN,AGL,CE,Combined TRACON& Tower with Radar,16,29,12,7,64,0,9,20,0,29,16,38,32,7,93,26,6,32,125
09/18/2020,SBN,IN,AGL,CE,Combined TRACON& Tower with Radar,16,29,18,0,63,0,6,24,0,30,16,35,42,0,93,54,0,54,147
09/19/2020,SBN,IN,AGL,CE,Combined TRACON& Tower with Radar,12,21,15,0,48,0,4,28,0,32,12,25,43,0,80,36,0,36,116
09/20/2020,SBN,IN,AGL,CE,Combined TRACON& Tower with Radar,12,36,26,0,74,0,3,32,0,35,12,39,58,0,109,20,0,20,129
09/21/2020,SBN,IN,AGL,CE,Combined TRACON& Tower with Radar,10,19,18,13,60,0,4,13,2,19,10,23,31,15,79,23,12,35,114
09/22/2020,SBN,IN,AGL,CE,Combined TRACON& Tower with Radar,13,24,18,1,56,0,2,24,1,27,13,26,42,2,83,38,0,38,121
09/23/2020,SBN,IN,AGL,CE,Combined TRACON& Tower with Radar,10,23,12,0,45,0,3,20,0,23,10,26,32,0,68,28,0,28,96
09/24/2020,SBN,IN,AGL,CE,Combined TRACON& Tower with Radar,16,26,7,0,49,0,13,17,1,31,16,39,24,1,80,34,0,34,114
09/25/2020,SBN,IN,AGL,CE,Combined TRACON& Tower with Radar,15,30,30,0,75,0,8,34,0,42,15,38,64,0,117,26,0,26,143
09/26/2020,SBN,IN,AGL,CE,Combined TRACON& Tower with Radar,11,24,11,4,50,0,6,25,0,31,11,30,36,4,81,30,0,30,111
09/27/2020,SBN,IN,AGL,CE,Combined TRACON& Tower with Radar,2,15,9,0,26,0,0,5,0,5,2,15,14,0,31,6,0,6,37
09/28/2020,SBN,IN,AGL,CE,Combined TRACON& Tower with Radar,16,20,30,0,66,0,1,2,0,3,16,21,32,0,69,8,0,8,77
09/29/2020,SBN,IN,AGL,CE,Combined TRACON& Tower with Radar,12,28,15,0,55,0,5,25,0,30,12,33,40,0,85,38,0,38,123
09/30/2020,SBN,IN,AGL,CE,Combined TRACON& Tower with Radar,16,32,16,0,64,0,3,27,2,32,16,35,43,2,96,33,0,33,129
10/01/2020,SBN,IN,AGL,CE,Combined TRACON& Tower with Radar,16,29,14,0,59,0,4,18,0,22,16,33,32,0,81,20,0,20,101
10/02/2020,SBN,IN,AGL,CE,Combined TRACON& Tower with Radar,17,29,15,0,61,0,2,31,0,33,17,31,46,0,94,28,0,28,122
10/03/2020,SBN,IN,AGL,CE,Combined TRACON& Tower with Radar,14,23,26,0,63,0,3,39,2,44,14,26,65,2,107,68,0,68,175
10/04/2020,SBN,IN,AGL,CE,Combined TRACON& Tower with Radar,12,31,14,0,57,0,1,4,0,5,12,32,18,0,62,16,0,16,78
10/05/2020,SBN,IN,AGL,CE,Combined TRACON& Tower with Radar,14,30,11,0,55,0,6,37,0,43,14,36,48,0,98,52,0,52,150
10/06/2020,SBN,IN,AGL,CE,Combined TRACON& Tower with Radar,14,31,24,11,80,0,6,31,0,37,14,37,55,11,117,66,0,66,183
10/07/2020,SBN,IN,AGL,CE,Combined TRACON& Tower with Radar,16,26,29,0,71,0,1,25,0,26,16,27,54,0,97,27,0,27,124
10/08/2020,SBN,IN,AGL,CE,Combined TRACON& Tower with Radar,16,33,12,0,61,0,1,32,1,34,16,34,44,1,95,18,0,18,113
10/09/2020,SBN,IN,AGL,CE,Combined TRACON& Tower with Radar,15,33,22,0,70,0,5,14,0,19,15,38,36,0,89,20,0,20,109
10/10/2020,SBN,IN,AGL,CE,Combined TRACON& Tower with Radar,15,28,11,0,54,0,8,21,0,29,15,36,32,0,83,34,0,34,117
10/11/2020,SBN,IN,AGL,CE,Combined TRACON& Tower with Radar,12,38,13,0,63,0,2,20,0,22,12,40,33,0,85,6,0,6,91
10/12/2020,SBN,IN,AGL,CE,Combined TRACON& Tower with Radar,13,33,10,0,56,0,0,1,0,1,13,33,11,0,57,2,0,2,59
10/13/2020,SBN,IN,AGL,CE,Combined TRACON& Tower with Radar,14,28,8,0,50,0,5,12,0,17,14,33,20,0,67,40,0,40,107
10/14/2020,SBN,IN,AGL,CE,Combined TRACON& Tower with Radar,16,25,15,0,56,0,1,25,0,26,16,26,40,0,82,34,0,34,116
10/15/2020,SBN,IN,AGL,CE,Combined TRACON& Tower with Radar,16,37,11,2,66,0,0,23,0,23,16,37,34,2,89,32,2,34,123
10/16/2020,SBN,IN,AGL,CE,Combined TRACON& Tower with Radar,16,43,16,0,75,0,2,30,0,32,16,45,46,0,107,10,0,10,117
10/17/2020,SBN,IN,AGL,CE,Combined TRACON& Tower with Radar,17,28,14,0,59,0,3,41,0,44,17,31,55,0,103,18,0,18,121
10/18/2020,SBN,IN,AGL,CE,Combined TRACON& Tower with Radar,14,31,18,0,63,0,2,6,0,8,14,33,24,0,71,0,0,0,71
10/19/2020,SBN,IN,AGL,CE,Combined TRACON& Tower with Radar,18,28,22,0,68,0,1,6,0,7,18,29,28,0,75,16,0,16,91
10/20/2020,SBN,IN,AGL,CE,Combined TRACON& Tower with Radar,16,20,11,0,47,0,0,11,0,11,16,20,22,0,58,16,0,16,74
10/21/2020,SBN,IN,AGL,CE,Combined TRACON& Tower with Radar,16,27,16,0,59,0,0,9,0,9,16,27,25,0,68,18,0,18,86
10/22/2020,SBN,IN,AGL,CE,Combined TRACON& Tower with Radar,17,38,21,0,76,0,1,28,0,29,17,39,49,0,105,33,0,33,138
10/23/2020,SBN,IN,AGL,CE,Combined TRACON& Tower with Radar,17,24,6,0,47,0,1,0,0,1,17,25,6,0,48,0,0,0,48
10/24/2020,SBN,IN,AGL,CE,Combined TRACON& Tower with Radar,19,20,4,0,43,0,6,25,0,31,19,26,29,0,74,28,0,28,102
10/25/2020,SBN,IN,AGL,CE,Combined TRACON& Tower with Radar,13,20,12,0,45,0,8,14,0,22,13,28,26,0,67,20,8,28,95
10/26/2020,SBN,IN,AGL,CE,Combined TRACON& Tower with Radar,13,24,10,0,47,0,1,5,0,6,13,25,15,0,53,14,0,14,67
10/27/2020,SBN,IN,AGL,CE,Combined TRACON& Tower with Radar,14,20,13,0,47,0,0,0,0,0,14,20,13,0,47,4,0,4,51
10/28/2020,SBN,IN,AGL,CE,Combined TRACON& Tower with Radar,16,22,27,0,65,0,11,36,1,48,16,33,63,1,113,92,0,92,205
10/29/2020,SBN,IN,AGL,CE,Combined TRACON& Tower with Radar,16,25,17,0,58,0,5,11,0,16,16,30,28,0,74,50,0,50,124
10/30/2020,SBN,IN,AGL,CE,Combined TRACON& Tower with Radar,19,19,7,0,45,0,7,32,0,39,19,26,39,0,84,2,0,2,86
10/31/2020,SBN,IN,AGL,CE,Combined TRACON& Tower with Radar,13,12,15,0,40,0,0,28,0,28,13,12,43,0,68,8,0,8,76
11/01/2020,SBN,IN,AGL,CE,Combined TRACON& Tower with Radar,10,23,7,0,40,0,2,1,0,3,10,25,8,0,43,80,0,80,123
11/02/2020,SBN,IN,AGL,CE,Combined TRACON& Tower with Radar,14,22,10,0,46,0,3,16,0,19,14,25,26,0,65,8,0,8,73
11/03/2020,SBN,IN,AGL,CE,Combined TRACON& Tower with Radar,12,15,12,1,40,0,7,30,1,38,12,22,42,2,78,40,4,44,122
11/04/2020,SBN,IN,AGL,CE,Combined TRACON& Tower with Radar,16,26,20,0,62,0,7,16,0,23,16,33,36,0,85,35,0,35,120
11/05/2020,SBN,IN,AGL,CE,Combined TRACON& Tower with Radar,16,32,19,0,67,0,5,21,0,26,16,37,40,0,93,42,0,42,135
11/06/2020,SBN,IN,AGL,CE,Combined TRACON& Tower with Radar,17,29,24,0,70,0,5,35,0,40,17,34,59,0,110,58,0,58,168
11/07/2020,SBN,IN,AGL,CE,Combined TRACON& Tower with Radar,11,24,21,0,56,0,4,21,0,25,11,28,42,0,81,37,0,37,118
11/08/2020,SBN,IN,AGL,CE,Combined TRACON& Tower with Radar,12,45,20,0,77,0,11,31,0,42,12,56,51,0,119,26,0,26,145
11/09/2020,SBN,IN,AGL,CE,Combined TRACON& Tower with Radar,14,34,10,0,58,0,9,10,0,19,14,43,20,0,77,16,0,16,93
11/10/2020,SBN,IN,AGL,CE,Combined TRACON& Tower with Radar,14,25,7,0,46,0,1,6,0,7,14,26,13,0,53,26,0,26,79
11/11/2020,SBN,IN,AGL,CE,Combined TRACON& Tower with Radar,13,24,17,0,54,0,2,20,0,22,13,26,37,0,76,22,0,22,98
11/12/2020,SBN,IN,AGL,CE,Combined TRACON& Tower with Radar,19,25,24,0,68,0,5,33,1,39,19,30,57,1,107,40,0,40,147
11/13/2020,SBN,IN,AGL,CE,Combined TRACON& Tower with Radar,19,24,18,0,61,0,2,10,0,12,19,26,28,0,73,40,0,40,113
11/14/2020,SBN,IN,AGL,CE,Combined TRACON& Tower with Radar,14,23,3,0,40,0,0,19,0,19,14,23,22,0,59,6,0,6,65
11/15/2020,SBN,IN,AGL,CE,Combined TRACON& Tower with Radar,16,23,1,0,40,0,0,0,0,0,16,23,1,0,40,6,0,6,46
11/16/2020,SBN,IN,AGL,CE,Combined TRACON& Tower with Radar,16,25,10,0,51,0,4,23,0,27,16,29,33,0,78,14,0,14,92
11/17/2020,SBN,IN,AGL,CE,Combined TRACON& Tower with Radar,12,24,14,0,50,0,4,30,0,34,12,28,44,0,84,44,0,44,128
11/18/2020,SBN,IN,AGL,CE,Combined TRACON& Tower with Radar,14,26,15,0,55,0,2,8,1,11,14,28,23,1,66,12,0,12,78
11/19/2020,SBN,IN,AGL,CE,Combined TRACON& Tower with Radar,21,48,16,0,85,0,5,6,0,11,21,53,22,0,96,4,0,4,100
11/20/2020,SBN,IN,AGL,CE,Combined TRACON& Tower with Radar,17,42,19,0,78,0,2,21,0,23,17,44,40,0,101,10,0,10,111
11/21/2020,SBN,IN,AGL,CE,Combined TRACON& Tower with Radar,11,31,15,0,57,0,0,19,0,19,11,31,34,0,76,75,0,75,151
11/22/2020,SBN,IN,AGL,CE,Combined TRACON& Tower with Radar,18,29,3,0,50,0,0,1,0,1,18,29,4,0,51,0,0,0,51
11/23/2020,SBN,IN,AGL,CE,Combined TRACON& Tower with Radar,17,31,5,2,55,0,4,21,0,25,17,35,26,2,80,40,0,40,120
11/24/2020,SBN,IN,AGL,CE,Combined TRACON& Tower with Radar,20,30,11,0,61,0,0,0,0,0,20,30,11,0,61,0,0,0,61
11/25/2020,SBN,IN,AGL,CE,Combined TRACON& Tower with Radar,21,31,15,0,67,0,0,0,0,0,21,31,15,0,67,0,0,0,67
11/26/2020,SBN,IN,AGL,CE,Combined TRACON& Tower with Radar,10,15,2,0,27,0,1,1,0,2,10,16,3,0,29,2,0,2,31
11/27/2020,SBN,IN,AGL,CE,Combined TRACON& Tower with Radar,13,23,12,0,48,0,0,1,0,1,13,23,13,0,49,2,0,2,51
11/28/2020,SBN,IN,AGL,CE,Combined TRACON& Tower with Radar,21,37,13,0,71,0,1,28,0,29,21,38,41,0,100,30,0,30,130
11/29/2020,SBN,IN,AGL,CE,Combined TRACON& Tower with Radar,17,34,10,0,61,0,1,20,0,21,17,35,30,0,82,10,0,10,92
11/30/2020,SBN,IN,AGL,CE,Combined TRACON& Tower with Radar,20,29,9,0,58,0,0,1,0,1,20,29,10,0,59,0,0,0,59
12/01/2020,SBN,IN,AGL,CE,Combined TRACON& Tower with Radar,12,24,5,0,41,0,2,0,0,2,12,26,5,0,43,6,0,6,49
12/02/2020,SBN,IN,AGL,CE,Combined TRACON& Tower with Radar,15,27,8,0,50,0,3,31,0,34,15,30,39,0,84,32,0,32,116
12/03/2020,SBN,IN,AGL,CE,Combined TRACON& Tower with Radar,16,27,23,0,66,0,5,19,0,24,16,32,42,0,90,36,0,36,126
12/04/2020,SBN,IN,AGL,CE,Combined TRACON& Tower with Radar,19,24,11,0,54,0,3,31,0,34,19,27,42,0,88,34,0,34,122
12/05/2020,SBN,IN,AGL,CE,Combined TRACON& Tower with Radar,16,21,5,0,42,0,2,36,1,39,16,23,41,1,81,24,0,24,105
12/06/2020,SBN,IN,AGL,CE,Combined TRACON& Tower with Radar,14,26,9,0,49,0,0,1,0,1,14,26,10,0,50,26,0,26,76
12/07/2020,SBN,IN,AGL,CE,Combined TRACON& Tower with Radar,18,21,5,0,44,0,2,19,0,21,18,23,24,0,65,24,0,24,89
12/08/2020,SBN,IN,AGL,CE,Combined TRACON& Tower with Radar,17,24,12,0,53,0,4,6,1,11,17,28,18,1,64,28,0,28,92
12/09/2020,SBN,IN,AGL,CE,Combined TRACON& Tower with Radar,14,26,11,0,51,0,6,36,0,42,14,32,47,0,93,58,0,58,151
12/10/2020,SBN,IN,AGL,CE,Combined TRACON& Tower with Radar,16,36,14,1,67,0,0,18,1,19,16,36,32,2,86,26,0,26,112
12/11/2020,SBN,IN,AGL,CE,Combined TRACON& Tower with Radar,21,28,27,0,76,0,0,19,0,19,21,28,46,0,95,30,0,30,125
12/12/2020,SBN,IN,AGL,CE,Combined TRACON& Tower with Radar,16,20,12,0,48,0,0,0,0,0,16,20,12,0,48,0,0,0,48
12/13/2020,SBN,IN,AGL,CE,Combined TRACON& Tower with Radar,12,23,9,0,44,0,0,0,0,0,12,23,9,0,44,0,0,0,44
12/14/2020,SBN,IN,AGL,CE,Combined TRACON& Tower with Radar,16,23,11,0,50,0,4,7,1,12,16,27,18,1,62,28,0,28,90
12/15/2020,SBN,IN,AGL,CE,Combined TRACON& Tower with Radar,14,29,21,0,64,0,7,29,0,36,14,36,50,0,100,86,0,86,186
12/16/2020,SBN,IN,AGL,CE,Combined TRACON& Tower with Radar,11,18,7,0,36,0,0,0,0,0,11,18,7,0,36,0,0,0,36
12/17/2020,SBN,IN,AGL,CE,Combined TRACON& Tower with Radar,17,25,6,0,48,0,1,1,0,2,17,26,7,0,50,0,0,0,50
12/18/2020,SBN,IN,AGL,CE,Combined TRACON& Tower with Radar,22,40,18,7,87,0,1,22,0,23,22,41,40,7,110,24,16,40,150
12/19/2020,SBN,IN,AGL,CE,Combined TRACON& Tower with Radar,16,33,12,0,61,0,0,5,0,5,16,33,17,0,66,0,0,0,66
12/20/2020,SBN,IN,AGL,CE,Combined TRACON& Tower with Radar,17,26,11,1,55,0,0,12,1,13,17,26,23,2,68,8,0,8,76
12/21/2020,SBN,IN,AGL,CE,Combined TRACON& Tower with Radar,19,24,5,0,48,0,0,4,0,4,19,24,9,0,52,0,0,0,52
12/22/2020,SBN,IN,AGL,CE,Combined TRACON& Tower with Radar,16,32,12,0,60,0,0,13,0,13,16,32,25,0,73,0,0,0,73
12/23/2020,SBN,IN,AGL,CE,Combined TRACON& Tower with Radar,24,30,9,0,63,0,0,6,0,6,24,30,15,0,69,10,0,10,79
12/24/2020,SBN,IN,AGL,CE,Combined TRACON& Tower with Radar,15,19,5,0,39,0,0,0,0,0,15,19,5,0,39,18,0,18,57
12/25/2020,SBN,IN,AGL,CE,Combined TRACON& Tower with Radar,8,17,1,0,26,0,0,0,0,0,8,17,1,0,26,0,0,0,26
12/26/2020,SBN,IN,AGL,CE,Combined TRACON& Tower with Radar,15,26,9,0,50,0,0,3,0,3,15,26,12,0,53,8,0,8,61
12/27/2020,SBN,IN,AGL,CE,Combined TRACON& Tower with Radar,18,23,9,0,50,0,4,9,0,13,18,27,18,0,63,2,0,2,65
12/28/2020,SBN,IN,AGL,CE,Combined TRACON& Tower with Radar,18,28,2,2,50,0,3,5,2,10,18,31,7,4,60,6,0,6,66
12/29/2020,SBN,IN,AGL,CE,Combined TRACON& Tower with Radar,12,42,24,0,78,0,5,17,1,23,12,47,41,1,101,36,0,36,137
12/30/2020,SBN,IN,AGL,CE,Combined TRACON& Tower with Radar,21,31,5,0,57,0,1,0,0,1,21,32,5,0,58,4,0,4,62
12/31/2020,SBN,IN,AGL,CE,Combined TRACON& Tower with Radar,17,13,6,0,36,0,1,7,0,8,17,14,13,0,44,48,0,48,92
01/01/2021,SBN,IN,AGL,CE,Combined TRACON& Tower with Radar,12,12,6,0,30,0,0,0,0,0,12,12,6,0,30,0,0,0,30
01/02/2021,SBN,IN,AGL,CE,Combined TRACON& Tower with Radar,16,32,11,0,59,0,0,0,0,0,16,32,11,0,59,0,0,0,59
01/03/2021,SBN,IN,AGL,CE,Combined TRACON& Tower with Radar,17,22,7,0,46,0,0,0,0,0,17,22,7,0,46,0,0,0,46
01/04/2021,SBN,IN,AGL,CE,Combined TRACON& Tower with Radar,19,27,7,2,55,0,0,0,0,0,19,27,7,2,55,0,0,0,55
01/05/2021,SBN,IN,AGL,CE,Combined TRACON& Tower with Radar,15,23,5,0,43,0,0,0,0,0,15,23,5,0,43,16,0,16,59
01/06/2021,SBN,IN,AGL,CE,Combined TRACON& Tower with Radar,15,23,7,0,45,0,3,5,0,8,15,26,12,0,53,30,0,30,83
01/07/2021,SBN,IN,AGL,CE,Combined TRACON& Tower with Radar,17,23,10,2,52,0,3,4,0,7,17,26,14,2,59,30,0,30,89
01/08/2021,SBN,IN,AGL,CE,Combined TRACON& Tower with Radar,19,22,10,0,51,0,1,6,0,7,19,23,16,0,58,15,0,15,73
01/09/2021,SBN,IN,AGL,CE,Combined TRACON& Tower with Radar,15,17,9,0,41,0,0,25,0,25,15,17,34,0,66,76,0,76,142
01/10/2021,SBN,IN,AGL,CE,Combined TRACON& Tower with Radar,10,20,10,0,40,0,0,2,0,2,10,20,12,0,42,0,0,0,42
01/11/2021,SBN,IN,AGL,CE,Combined TRACON& Tower with Radar,22,22,8,0,52,0,0,0,0,0,22,22,8,0,52,0,0,0,52
01/12/2021,SBN,IN,AGL,CE,Combined TRACON& Tower with Radar,13,20,6,0,39,0,0,5,0,5,13,20,11,0,44,42,0,42,86
01/13/2021,SBN,IN,AGL,CE,Combined TRACON& Tower with Radar,17,21,24,0,62,0,10,30,0,40,17,31,54,0,102,46,0,46,148
01/14/2021,SBN,IN,AGL,CE,Combined TRACON& Tower with Radar,18,30,7,0,55,0,2,8,0,10,18,32,15,0,65,24,0,24,89
01/15/2021,SBN,IN,AGL,CE,Combined TRACON& Tower with Radar,21,19,13,0,53,0,0,8,0,8,21,19,21,0,61,22,0,22,83
01/16/2021,SBN,IN,AGL,CE,Combined TRACON& Tower with Radar,14,19,2,0,35,0,0,0,0,0,14,19,2,0,35,0,0,0,35
01/17/2021,SBN,IN,AGL,CE,Combined TRACON& Tower with Radar,12,17,4,0,33,0,0,2,0,2,12,17,6,0,35,0,0,0,35
01/18/2021,SBN,IN,AGL,CE,Combined TRACON& Tower with Radar,19,19,11,0,49,0,0,5,0,5,19,19,16,0,54,26,0,26,80
01/19/2021,SBN,IN,AGL,CE,Combined TRACON& Tower with Radar,12,20,6,0,38,0,2,5,0,7,12,22,11,0,45,4,0,4,49
01/20/2021,SBN,IN,AGL,CE,Combined TRACON& Tower with Radar,15,31,9,0,55,0,7,25,0,32,15,38,34,0,87,74,0,74,161
01/21/2021,SBN,IN,AGL,CE,Combined TRACON& Tower with Radar,14,22,11,0,47,0,0,19,0,19,14,22,30,0,66,38,0,38,104
01/22/2021,SBN,IN,AGL,CE,Combined TRACON& Tower with Radar,21,30,4,0,55,0,1,0,0,1,21,31,4,0,56,13,0,13,69
01/23/2021,SBN,IN,AGL,CE,Combined TRACON& Tower with Radar,15,18,8,0,41,0,10,39,0,49,15,28,47,0,90,24,0,24,114
01/24/2021,SBN,IN,AGL,CE,Combined TRACON& Tower with Radar,12,21,2,0,35,0,1,0,0,1,12,22,2,0,36,0,0,0,36
01/25/2021,SBN,IN,AGL,CE,Combined TRACON& Tower with Radar,19,17,5,0,41,0,1,7,1,9,19,18,12,1,50,8,0,8,58
01/26/2021,SBN,IN,AGL,CE,Combined TRACON& Tower with Radar,13,16,5,0,34,0,0,0,0,0,13,16,5,0,34,0,0,0,34
01/27/2021,SBN,IN,AGL,CE,Combined TRACON& Tower with Radar,17,16,20,0,53,0,8,20,1,29,17,24,40,1,82,55,2,57,139
01/28/2021,SBN,IN,AGL,CE,Combined TRACON& Tower with Radar,13,20,11,0,44,0,2,16,0,18,13,22,27,0,62,32,0,32,94
01/29/2021,SBN,IN,AGL,CE,Combined TRACON& Tower with Radar,23,31,13,0,67,0,22,35,0,57,23,53,48,0,124,64,0,64,188
01/30/2021,SBN,IN,AGL,CE,Combined TRACON& Tower with Radar,11,22,12,0,45,0,3,18,0,21,11,25,30,0,66,41,0,41,107
01/31/2021,SBN,IN,AGL,CE,Combined TRACON& Tower with Radar,10,29,16,0,55,0,0,0,0,0,10,29,16,0,55,0,0,0,55
02/01/2021,SBN,IN,AGL,CE,Combined TRACON& Tower with Radar,21,31,17,0,69,0,7,6,1,14,21,38,23,1,83,30,0,30,113
02/02/2021,SBN,IN,AGL,CE,Combined TRACON& Tower with Radar,15,25,13,0,53,0,1,14,0,15,15,26,27,0,68,16,0,16,84
02/03/2021,SBN,IN,AGL,CE,Combined TRACON& Tower with Radar,16,28,32,0,76,0,7,29,0,36,16,35,61,0,112,68,0,68,180
02/04/2021,SBN,IN,AGL,CE,Combined TRACON& Tower with Radar,14,18,17,0,49,0,1,11,0,12,14,19,28,0,61,6,0,6,67
02/05/2021,SBN,IN,AGL,CE,Combined TRACON& Tower with Radar,19,27,12,1,59,0,0,0,0,0,19,27,12,1,59,4,0,4,63
02/06/2021,SBN,IN,AGL,CE,Combined TRACON& Tower with Radar,12,25,26,1,64,0,6,14,0,20,12,31,40,1,84,25,0,25,109
02/07/2021,SBN,IN,AGL,CE,Combined TRACON& Tower with Radar,10,16,5,0,31,0,0,3,0,3,10,16,8,0,34,14,0,14,48
02/08/2021,SBN,IN,AGL,CE,Combined TRACON& Tower with Radar,19,26,4,0,49,0,0,0,0,0,19,26,4,0,49,0,0,0,49
02/09/2021,SBN,IN,AGL,CE,Combined TRACON& Tower with Radar,14,17,11,0,42,0,0,4,2,6,14,17,15,2,48,4,0,4,52
02/10/2021,SBN,IN,AGL,CE,Combined TRACON& Tower with Radar,17,20,17,0,54,0,0,4,0,4,17,20,21,0,58,2,0,2,60
02/11/2021,SBN,IN,AGL,CE,Combined TRACON& Tower with Radar,14,31,9,0,54,0,8,25,0,33,14,39,34,0,87,48,0,48,135
02/12/2021,SBN,IN,AGL,CE,Combined TRACON& Tower with Radar,21,21,8,0,50,0,3,5,0,8,21,24,13,0,58,6,0,6,64
02/13/2021,SBN,IN,AGL,CE,Combined TRACON& Tower with Radar,21,16,6,0,43,0,0,0,0,0,21,16,6,0,43,0,0,0,43
02/14/2021,SBN,IN,AGL,CE,Combined TRACON& Tower with Radar,14,25,6,0,45,0,0,0,0,0,14,25,6,0,45,0,0,0,45
02/15/2021,SBN,IN,AGL,CE,Combined TRACON& Tower with Radar,12,17,6,0,35,0,0,0,0,0,12,17,6,0,35,0,0,0,35
02/16/2021,SBN,IN,AGL,CE,Combined TRACON& Tower with Radar,11,16,8,0,35,0,2,7,0,9,11,18,15,0,44,0,0,0,44
02/17/2021,SBN,IN,AGL,CE,Combined TRACON& Tower with Radar,12,22,26,0,60,0,5,7,0,12,12,27,33,0,72,52,0,52,124
02/18/2021,SBN,IN,AGL,CE,Combined TRACON& Tower with Radar,16,30,11,0,57,0,1,0,0,1,16,31,11,0,58,4,0,4,62
02/19/2021,SBN,IN,AGL,CE,Combined TRACON& Tower with Radar,22,24,18,0,64,0,0,13,1,14,22,24,31,1,78,33,0,33,111
02/20/2021,SBN,IN,AGL,CE,Combined TRACON& Tower with Radar,16,15,20,0,51,0,2,26,0,28,16,17,46,0,79,46,0,46,125
02/21/2021,SBN,IN,AGL,CE,Combined TRACON& Tower with Radar,13,26,6,0,45,0,1,10,0,11,13,27,16,0,56,17,0,17,73
02/22/2021,SBN,IN,AGL,CE,Combined TRACON& Tower with Radar,23,24,6,0,53,0,1,0,0,1,23,25,6,0,54,0,0,0,54
02/23/2021,SBN,IN,AGL,CE,Combined TRACON& Tower with Radar,17,23,14,0,54,0,13,24,0,37,17,36,38,0,91,48,0,48,139
02/24/2021,SBN,IN,AGL,CE,Combined TRACON& Tower with Radar,22,24,22,0,68,0,2,17,2,21,22,26,39,2,89,38,0,38,127
02/25/2021,SBN,IN,AGL,CE,Combined TRACON& Tower with Radar,18,26,18,0,62,0,8,22,0,30,18,34,40,0,92,40,0,40,132
02/26/2021,SBN,IN,AGL,CE,Combined TRACON& Tower with Radar,25,32,20,0,77,0,9,26,1,36,25,41,46,1,113,56,0,56,169
02/27/2021,SBN,IN,AGL,CE,Combined TRACON& Tower with Radar,17,20,15,0,52,0,0,19,0,19,17,20,34,0,71,18,0,18,89
02/28/2021,SBN,IN,AGL,CE,Combined TRACON& Tower with Radar,17,23,13,0,53,0,0,2,0,2,17,23,15,0,55,6,0,6,61
03/01/2021,SBN,IN,AGL,CE,Combined TRACON& Tower with Radar,23,23,12,0,58,0,7,14,1,22,23,30,26,1,80,22,0,22,102
03/02/2021,SBN,IN,AGL,CE,Combined TRACON& Tower with Radar,20,20,11,0,51,0,10,17,0,27,20,30,28,0,78,45,0,45,123
03/03/2021,SBN,IN,AGL,CE,Combined TRACON& Tower with Radar,29,20,21,0,70,0,4,32,0,36,29,24,53,0,106,46,0,46,152
03/04/2021,SBN,IN,AGL,CE,Combined TRACON& Tower with Radar,25,25,16,0,66,0,2,19,0,21,25,27,35,0,87,18,0,18,105
03/05/2021,SBN,IN,AGL,CE,Combined TRACON& Tower with Radar,29,27,17,0,73,0,17,27,0,44,29,44,44,0,117,44,0,44,161
03/06/2021,SBN,IN,AGL,CE,Combined TRACON& Tower with Radar,25,19,8,0,52,0,9,31,0,40,25,28,39,0,92,107,0,107,199
03/07/2021,SBN,IN,AGL,CE,Combined TRACON& Tower with Radar,20,17,14,0,51,0,4,23,0,27,20,21,37,0,78,40,0,40,118
03/08/2021,SBN,IN,AGL,CE,Combined TRACON& Tower with Radar,27,20,13,0,60,0,3,9,2,14,27,23,22,2,74,36,0,36,110
03/09/2021,SBN,IN,AGL,CE,Combined TRACON& Tower with Radar,20,18,20,0,58,0,25,24,1,50,20,43,44,1,108,6,0,6,114
03/10/2021,SBN,IN,AGL,CE,Combined TRACON& Tower with Radar,25,16,11,0,52,0,0,2,0,2,25,16,13,0,54,56,0,56,110
03/11/2021,SBN,IN,AGL,CE,Combined TRACON& Tower with Radar,28,22,12,0,62,0,5,5,0,10,28,27,17,0,72,10,0,10,82
03/12/2021,SBN,IN,AGL,CE,Combined TRACON& Tower with Radar,33,26,16,0,75,0,6,30,0,36,33,32,46,0,111,59,0,59,170
03/13/2021,SBN,IN,AGL,CE,Combined TRACON& Tower with Radar,19,18,16,0,53,0,8,37,0,45,19,26,53,0,98,86,0,86,184
03/14/2021,SBN,IN,AGL,CE,Combined TRACON& Tower with Radar,20,21,11,0,52,0,0,12,0,12,20,21,23,0,64,12,0,12,76
03/15/2021,SBN,IN,AGL,CE,Combined TRACON& Tower with Radar,24,20,8,0,52,0,0,0,0,0,24,20,8,0,52,0,0,0,52
03/16/2021,SBN,IN,AGL,CE,Combined TRACON& Tower with Radar,25,26,16,0,67,0,0,0,0,0,25,26,16,0,67,2,0,2,69
03/17/2021,SBN,IN,AGL,CE,Combined TRACON& Tower with Radar,24,18,8,2,52,0,5,15,1,21,24,23,23,3,73,32,0,32,105
03/18/2021,SBN,IN,AGL,CE,Combined TRACON& Tower with Radar,23,17,8,0,48,0,0,0,0,0,23,17,8,0,48,0,0,0,48
03/19/2021,SBN,IN,AGL,CE,Combined TRACON& Tower with Radar,37,23,16,2,78,0,2,48,0,50,37,25,64,2,128,48,0,48,176
03/20/2021,SBN,IN,AGL,CE,Combined TRACON& Tower with Radar,27,15,24,0,66,0,10,36,0,46,27,25,60,0,112,61,0,61,173
03/21/2021,SBN,IN,AGL,CE,Combined TRACON& Tower with Radar,22,18,18,1,59,0,8,31,1,40,22,26,49,2,99,22,4,26,125
03/22/2021,SBN,IN,AGL,CE,Combined TRACON& Tower with Radar,26,17,10,0,53,0,8,21,1,30,26,25,31,1,83,42,0,42,125
03/23/2021,SBN,IN,AGL,CE,Combined TRACON& Tower with Radar,21,20,20,0,61,0,13,13,1,27,21,33,33,1,88,30,0,30,118
03/24/2021,SBN,IN,AGL,CE,Combined TRACON& Tower with Radar,30,18,24,4,76,0,0,2,0,2,30,18,26,4,78,14,0,14,92
03/25/2021,SBN,IN,AGL,CE,Combined TRACON& Tower with Radar,25,20,22,0,67,0,2,6,0,8,25,22,28,0,75,56,0,56,131
03/26/2021,SBN,IN,AGL,CE,Combined TRACON& Tower with Radar,30,21,19,2,72,0,0,1,0,1,30,21,20,2,73,6,0,6,79
03/27/2021,SBN,IN,AGL,CE,Combined TRACON& Tower with Radar,31,14,19,0,64,0,1,6,0,7,31,15,25,0,71,4,0,4,75
03/28/2021,SBN,IN,AGL,CE,Combined TRACON& Tower with Radar,19,12,10,0,41,0,0,3,0,3,19,12,13,0,44,9,0,9,53
03/29/2021,SBN,IN,AGL,CE,Combined TRACON& Tower with Radar,26,20,17,0,63,0,10,21,0,31,26,30,38,0,94,51,0,51,145
03/30/2021,SBN,IN,AGL,CE,Combined TRACON& Tower with Radar,20,25,12,0,57,0,4,6,0,10,20,29,18,0,67,2,0,2,69
03/31/2021,SBN,IN,AGL,CE,Combined TRACON& Tower with Radar,27,20,21,0,68,0,1,11,0,12,27,21,32,0,80,16,2,18,98
04/01/2021,SBN,IN,AGL,CE,Combined TRACON& Tower with Radar,29,22,27,2,80,0,1,8,0,9,29,23,35,2,89,0,0,0,89
04/02/2021,SBN,IN,AGL,CE,Combined TRACON& Tower with Radar,31,25,15,0,71,0,14,42,0,56,31,39,57,0,127,96,0,96,223
04/03/2021,SBN,IN,AGL,CE,Combined TRACON& Tower with Radar,29,21,13,0,63,0,4,11,0,15,29,25,24,0,78,12,0,12,90
04/04/2021,SBN,IN,AGL,CE,Combined TRACON& Tower with Radar,19,30,18,0,67,0,0,24,0,24,19,30,42,0,91,40,0,40,131
04/05/2021,SBN,IN,AGL,CE,Combined TRACON& Tower with Radar,29,23,24,0,76,0,4,11,0,15,29,27,35,0,91,0,0,0,91
04/06/2021,SBN,IN,AGL,CE,Combined TRACON& Tower with Radar,18,18,20,0,56,0,14,20,1,35,18,32,40,1,91,50,0,50,141
04/07/2021,SBN,IN,AGL,CE,Combined TRACON& Tower with Radar,24,14,20,0,58,0,7,12,1,20,24,21,32,1,78,40,0,40,118
04/08/2021,SBN,IN,AGL,CE,Combined TRACON& Tower with Radar,20,28,17,3,68,1,0,3,0,4,21,28,20,3,72,0,0,0,72
04/09/2021,SBN,IN,AGL,CE,Combined TRACON& Tower with Radar,29,21,21,2,73,0,1,11,0,12,29,22,32,2,85,30,0,30,115
04/10/2021,SBN,IN,AGL,CE,Combined TRACON& Tower with Radar,28,20,10,0,58,0,4,5,0,9,28,24,15,0,67,12,0,12,79
04/11/2021,SBN,IN,AGL,CE,Combined TRACON& Tower with Radar,19,34,18,0,71,0,1,2,0,3,19,35,20,0,74,22,0,22,96
04/12/2021,SBN,IN,AGL,CE,Combined TRACON& Tower with Radar,24,29,11,0,64,0,2,15,0,17,24,31,26,0,81,34,0,34,115
04/13/2021,SBN,IN,AGL,CE,Combined TRACON& Tower with Radar,20,19,18,0,57,0,11,29,0,40,20,30,47,0,97,60,0,60,157
04/14/2021,SBN,IN,AGL,CE,Combined TRACON& Tower with Radar,18,18,16,0,52,0,10,21,0,31,18,28,37,0,83,30,0,30,113
04/15/2021,SBN,IN,AGL,CE,Combined TRACON& Tower with Radar,22,24,27,16,89,0,5,6,0,11,22,29,33,16,100,36,0,36,136
04/16/2021,SBN,IN,AGL,CE,Combined TRACON& Tower with Radar,27,21,26,0,74,0,1,21,0,22,27,22,47,0,96,86,0,86,182
04/17/2021,SBN,IN,AGL,CE,Combined TRACON& Tower with Radar,15,15,10,2,42,0,10,17,3,30,15,25,27,5,72,76,0,76,148
04/18/2021,SBN,IN,AGL,CE,Combined TRACON& Tower with Radar,17,13,15,0,45,0,6,31,0,37,17,19,46,0,82,41,0,41,123
04/19/2021,SBN,IN,AGL,CE,Combined TRACON& Tower with Radar,24,22,6,0,52,0,3,3,0,6,24,25,9,0,58,22,0,22,80
04/20/2021,SBN,IN,AGL,CE,Combined TRACON& Tower with Radar,18,17,8,0,43,0,0,1,0,1,18,17,9,0,44,0,0,0,44
04/21/2021,SBN,IN,AGL,CE,Combined TRACON& Tower with Radar,19,24,22,0,65,0,2,9,0,11,19,26,31,0,76,50,0,50,126
04/22/2021,SBN,IN,AGL,CE,Combined TRACON& Tower with Radar,20,33,16,0,69,0,4,35,0,39,20,37,51,0,108,40,0,40,148
04/23/2021,SBN,IN,AGL,CE,Combined TRACON& Tower with Radar,24,19,21,0,64,0,13,29,0,42,24,32,50,0,106,67,0,67,173
04/24/2021,SBN,IN,AGL,CE,Combined TRACON& Tower with Radar,15,15,10,0,40,0,0,4,2,6,15,15,14,2,46,6,0,6,52
04/25/2021,SBN,IN,AGL,CE,Combined TRACON& Tower with Radar,16,17,25,0,58,0,4,21,0,25,16,21,46,0,83,24,0,24,107
04/26/2021,SBN,IN,AGL,CE,Combined TRACON& Tower with Radar,24,26,16,0,66,0,0,6,0,6,24,26,22,0,72,18,0,18,90
04/27/2021,SBN,IN,AGL,CE,Combined TRACON& Tower with Radar,25,24,18,0,67,0,5,19,0,24,25,29,37,0,91,48,0,48,139
04/28/2021,SBN,IN,AGL,CE,Combined TRACON& Tower with Radar,20,19,34,0,73,0,0,0,0,0,20,19,34,0,73,4,0,4,77
04/29/2021,SBN,IN,AGL,CE,Combined TRACON& Tower with Radar,22,19,29,0,70,0,1,5,0,6,22,20,34,0,76,16,0,16,92
04/30/2021,SBN,IN,AGL,CE,Combined TRACON& Tower with Radar,27,25,16,0,68,0,2,11,0,13,27,27,27,0,81,32,0,32,113
05/01/2021,SBN,IN,AGL,CE,Combined TRACON& Tower with Radar,19,22,9,0,50,0,4,19,1,24,19,26,28,1,74,36,0,36,110
05/02/2021,SBN,IN,AGL,CE,Combined TRACON& Tower with Radar,19,25,19,0,63,0,2,10,0,12,19,27,29,0,75,6,0,6,81
05/03/2021,SBN,IN,AGL,CE,Combined TRACON& Tower with Radar,24,33,16,0,73,0,0,2,2,4,24,33,18,2,77,32,0,32,109
05/04/2021,SBN,IN,AGL,CE,Combined TRACON& Tower with Radar,18,15,19,0,52,0,0,3,0,3,18,15,22,0,55,18,0,18,73
05/05/2021,SBN,IN,AGL,CE,Combined TRACON& Tower with Radar,19,23,9,0,51,0,7,23,0,30,19,30,32,0,81,98,0,98,179
05/06/2021,SBN,IN,AGL,CE,Combined TRACON& Tower with Radar,24,23,11,0,58,0,2,0,0,2,24,25,11,0,60,2,0,2,62
05/07/2021,SBN,IN,AGL,CE,Combined TRACON& Tower with Radar,28,21,10,0,59,0,6,15,0,21,28,27,25,0,80,49,0,49,129
05/08/2021,SBN,IN,AGL,CE,Combined TRACON& Tower with Radar,21,15,13,0,49,0,4,32,3,39,21,19,45,3,88,31,0,31,119
05/09/2021,SBN,IN,AGL,CE,Combined TRACON& Tower with Radar,20,19,4,0,43,0,0,13,2,15,20,19,17,2,58,28,0,28,86
05/10/2021,SBN,IN,AGL,CE,Combined TRACON& Tower with Radar,26,19,18,0,63,0,5,26,2,33,26,24,44,2,96,86,0,86,182
05/11/2021,SBN,IN,AGL,CE,Combined TRACON& Tower with Radar,22,21,15,0,58,0,19,20,0,39,22,40,35,0,97,12,0,12,109
05/12/2021,SBN,IN,AGL,CE,Combined TRACON& Tower with Radar,24,29,13,0,66,0,9,39,0,48,24,38,52,0,114,76,0,76,190
05/13/2021,SBN,IN,AGL,CE,Combined TRACON& Tower with Radar,22,20,15,1,58,0,8,35,0,43,22,28,50,1,101,58,8,66,167
05/14/2021,SBN,IN,AGL,CE,Combined TRACON& Tower with Radar,29,26,32,0,87,0,13,13,0,26,29,39,45,0,113,92,0,92,205
05/15/2021,SBN,IN,AGL,CE,Combined TRACON& Tower with Radar,19,17,14,0,50,0,3,21,0,24,19,20,35,0,74,41,0,41,115
05/16/2021,SBN,IN,AGL,CE,Combined TRACON& Tower with Radar,18,16,22,0,56,0,4,18,0,22,18,20,40,0,78,60,0,60,138
05/17/2021,SBN,IN,AGL,CE,Combined TRACON& Tower with Radar,26,30,29,2,87,0,6,11,1,18,26,36,40,3,105,54,2,56,161
05/18/2021,SBN,IN,AGL,CE,Combined TRACON& Tower with Radar,23,36,15,0,74,0,9,19,1,29,23,45,34,1,103,56,0,56,159
05/19/2021,SBN,IN,AGL,CE,Combined TRACON& Tower with Radar,21,28,26,0,75,0,4,12,0,16,21,32,38,0,91,26,0,26,117
05/20/2021,SBN,IN,AGL,CE,Combined TRACON& Tower with Radar,28,44,35,0,107,0,6,14,0,20,28,50,49,0,127,0,0,0,127
05/21/2021,SBN,IN,AGL,CE,Combined TRACON& Tower with Radar,34,41,65,0,140,0,3,18,0,21,34,44,83,0,161,52,0,52,213
05/22/2021,SBN,IN,AGL,CE,Combined TRACON& Tower with Radar,20,24,14,0,58,0,9,17,0,26,20,33,31,0,84,20,0,20,104
05/23/2021,SBN,IN,AGL,CE,Combined TRACON& Tower with Radar,27,45,45,0,117,0,1,5,0,6,27,46,50,0,123,28,0,28,151
05/24/2021,SBN,IN,AGL,CE,Combined TRACON& Tower with Radar,31,30,43,0,104,0,0,16,0,16,31,30,59,0,120,38,0,38,158
05/25/2021,SBN,IN,AGL,CE,Combined TRACON& Tower with Radar,21,25,21,0,67,0,8,25,1,34,21,33,46,1,101,32,0,32,133
05/26/2021,SBN,IN,AGL,CE,Combined TRACON& Tower with Radar,22,21,21,0,64,0,9,3,0,12,22,30,24,0,76,40,0,40,116
05/27/2021,SBN,IN,AGL,CE,Combined TRACON& Tower with Radar,20,24,23,0,67,0,5,14,0,19,20,29,37,0,86,20,0,20,106
05/28/2021,SBN,IN,AGL,CE,Combined TRACON& Tower with Radar,25,15,13,0,53,0,1,1,0,2,25,16,14,0,55,0,0,0,55
05/29/2021,SBN,IN,AGL,CE,Combined TRACON& Tower with Radar,23,22,9,0,54,0,3,12,0,15,23,25,21,0,69,22,0,22,91
05/30/2021,SBN,IN,AGL,CE,Combined TRACON& Tower with Radar,16,15,9,0,40,0,4,17,0,21,16,19,26,0,61,18,0,18,79
05/31/2021,SBN,IN,AGL,CE,Combined TRACON& Tower with Radar,23,18,10,0,51,0,2,10,0,12,23,20,20,0,63,16,0,16,79
06/01/2021,SBN,IN,AGL,CE,Combined TRACON& Tower with Radar,22,21,20,0,63,0,13,20,0,33,22,34,40,0,96,41,0,41,137
06/02/2021,SBN,IN,AGL,CE,Combined TRACON& Tower with Radar,27,26,15,0,68,0,3,12,5,20,27,29,27,5,88,38,8,46,134
06/03/2021,SBN,IN,AGL,CE,Combined TRACON& Tower with Radar,20,21,32,0,73,0,10,20,1,31,20,31,52,1,104,50,0,50,154
06/04/2021,SBN,IN,AGL,CE,Combined TRACON& Tower with Radar,29,17,19,0,65,0,9,24,0,33,29,26,43,0,98,62,0,62,160
06/05/2021,SBN,IN,AGL,CE,Combined TRACON& Tower with Radar,23,21,11,1,56,0,2,19,2,23,23,23,30,3,79,38,0,38,117
06/06/2021,SBN,IN,AGL,CE,Combined TRACON& Tower with Radar,17,18,13,0,48,0,1,21,0,22,17,19,34,0,70,17,0,17,87
06/07/2021,SBN,IN,AGL,CE,Combined TRACON& Tower with Radar,25,21,14,0,60,0,3,6,0,9,25,24,20,0,69,15,0,15,84
06/08/2021,SBN,IN,AGL,CE,Combined TRACON& Tower with Radar,20,19,13,0,52,0,1,9,0,10,20,20,22,0,62,6,0,6,68
06/09/2021,SBN,IN,AGL,CE,Combined TRACON& Tower with Radar,27,32,23,0,82,0,1,8,0,9,27,33,31,0,91,28,0,28,119
06/10/2021,SBN,IN,AGL,CE,Combined TRACON& Tower with Radar,23,20,21,0,64,0,2,9,0,11,23,22,30,0,75,62,0,62,137
06/11/2021,SBN,IN,AGL,CE,Combined TRACON& Tower with Radar,27,37,20,2,86,0,5,16,0,21,27,42,36,2,107,44,0,44,151
06/12/2021,SBN,IN,AGL,CE,Combined TRACON& Tower with Radar,21,19,3,0,43,0,3,9,1,13,21,22,12,1,56,12,0,12,68
06/13/2021,SBN,IN,AGL,CE,Combined TRACON& Tower with Radar,16,23,8,0,47,0,2,14,0,16,16,25,22,0,63,6,0,6,69
06/14/2021,SBN,IN,AGL,CE,Combined TRACON& Tower with Radar,25,23,25,2,75,0,3,16,0,19,25,26,41,2,94,44,0,44,138
06/15/2021,SBN,IN,AGL,CE,Combined TRACON& Tower with Radar,25,22,24,0,71,0,19,13,0,32,25,41,37,0,103,48,0,48,151
06/16/2021,SBN,IN,AGL,CE,Combined TRACON& Tower with Radar,28,32,14,1,75,0,12,24,0,36,28,44,38,1,111,28,0,28,139
06/17/2021,SBN,IN,AGL,CE,Combined TRACON& Tower with Radar,20,29,17,0,66,0,8,24,0,32,20,37,41,0,98,44,0,44,142
06/18/2021,SBN,IN,AGL,CE,Combined TRACON& Tower with Radar,29,22,16,0,67,0,1,10,0,11,29,23,26,0,78,25,0,25,103
06/19/2021,SBN,IN,AGL,CE,Combined TRACON& Tower with Radar,20,18,17,0,55,0,2,11,2,15,20,20,28,2,70,50,0,50,120
06/20/2021,SBN,IN,AGL,CE,Combined TRACON& Tower with Radar,16,18,8,0,42,0,2,5,0,7,16,20,13,0,49,8,0,8,57
06/21/2021,SBN,IN,AGL,CE,Combined TRACON& Tower with Radar,26,17,24,2,69,0,4,8,0,12,26,21,32,2,81,44,0,44,125
06/22/2021,SBN,IN,AGL,CE,Combined TRACON& Tower with Radar,23,24,36,0,83,0,9,13,1,23,23,33,49,1,106,56,0,56,162
06/23/2021,SBN,IN,AGL,CE,Combined TRACON& Tower with Radar,30,25,19,0,74,0,7,6,0,13,30,32,25,0,87,62,0,62,149
06/24/2021,SBN,IN,AGL,CE,Combined TRACON& Tower with Radar,21,34,7,0,62,0,0,7,0,7,21,34,14,0,69,4,0,4,73
06/25/2021,SBN,IN,AGL,CE,Combined TRACON& Tower with Radar,25,21,14,0,60,0,1,1,0,2,25,22,15,0,62,0,0,0,62
06/26/2021,SBN,IN,AGL,CE,Combined TRACON& Tower with Radar,22,22,10,0,54,1,2,1,0,4,23,24,11,0,58,0,0,0,58
06/27/2021,SBN,IN,AGL,CE,Combined TRACON& Tower with Radar,16,29,21,0,66,0,0,5,0,5,16,29,26,0,71,12,0,12,83
06/28/2021,SBN,IN,AGL,CE,Combined TRACON& Tower with Radar,27,20,28,0,75,0,1,1,0,2,27,21,29,0,77,12,0,12,89
06/29/2021,SBN,IN,AGL,CE,Combined TRACON& Tower with Radar,22,26,16,0,64,0,6,1,0,7,22,32,17,0,71,17,0,17,88
06/30/2021,SBN,IN,AGL,CE,Combined TRACON& Tower with Radar,31,21,29,0,81,0,10,7,0,17,31,31,36,0,98,18,0,18,116
07/01/2021,SBN,IN,AGL,CE,Combined TRACON& Tower with Radar,18,20,33,0,71,0,3,24,2,29,18,23,57,2,100,36,0,36,136
07/02/2021,SBN,IN,AGL,CE,Combined TRACON& Tower with Radar,27,19,25,10,81,0,5,33,1,39,27,24,58,11,120,68,14,82,202
07/03/2021,SBN,IN,AGL,CE,Combined TRACON& Tower with Radar,23,20,7,0,50,0,2,23,0,25,23,22,30,0,75,50,0,50,125
07/04/2021,SBN,IN,AGL,CE,Combined TRACON& Tower with Radar,15,20,3,0,38,0,2,8,2,12,15,22,11,2,50,31,0,31,81
07/05/2021,SBN,IN,AGL,CE,Combined TRACON& Tower with Radar,21,19,12,0,52,0,2,10,0,12,21,21,22,0,64,58,0,58,122
07/06/2021,SBN,IN,AGL,CE,Combined TRACON& Tower with Radar,21,22,23,0,66,0,14,20,1,35,21,36,43,1,101,66,0,66,167
07/07/2021,SBN,IN,AGL,CE,Combined TRACON& Tower with Radar,29,17,16,0,62,0,10,10,0,20,29,27,26,0,82,14,0,14,96
07/08/2021,SBN,IN,AGL,CE,Combined TRACON& Tower with Radar,21,26,56,0,103,0,5,0,0,5,21,31,56,0,108,4,0,4,112
07/09/2021,SBN,IN,AGL,CE,Combined TRACON& Tower with Radar,27,19,20,0,66,0,5,20,0,25,27,24,40,0,91,66,0,66,157
07/10/2021,SBN,IN,AGL,CE,Combined TRACON& Tower with Radar,19,28,15,0,62,0,2,19,0,21,19,30,34,0,83,72,0,72,155
07/11/2021,SBN,IN,AGL,CE,Combined TRACON& Tower with Radar,16,22,20,0,58,0,0,1,0,1,16,22,21,0,59,48,0,48,107
07/12/2021,SBN,IN,AGL,CE,Combined TRACON& Tower with Radar,29,24,8,0,61,0,3,3,0,6,29,27,11,0,67,0,0,0,67
07/13/2021,SBN,IN,AGL,CE,Combined TRACON& Tower with Radar,24,33,17,0,74,0,1,8,0,9,24,34,25,0,83,56,0,56,139
07/14/2021,SBN,IN,AGL,CE,Combined TRACON& Tower with Radar,28,31,24,0,83,0,11,19,0,30,28,42,43,0,113,100,0,100,213
07/15/2021,SBN,IN,AGL,CE,Combined TRACON& Tower with Radar,22,23,21,0,66,0,1,15,0,16,22,24,36,0,82,28,0,28,110
07/16/2021,SBN,IN,AGL,CE,Combined TRACON& Tower with Radar,30,22,27,0,79,0,0,0,0,0,30,22,27,0,79,2,0,2,81
07/17/2021,SBN,IN,AGL,CE,Combined TRACON& Tower with Radar,17,33,19,0,69,0,0,2,0,2,17,33,21,0,71,38,0,38,109
07/18/2021,SBN,IN,AGL,CE,Combined TRACON& Tower with Radar,17,32,17,0,66,0,1,21,0,22,17,33,38,0,88,74,0,74,162
07/19/2021,SBN,IN,AGL,CE,Combined TRACON& Tower with Radar,23,29,13,0,65,0,8,34,3,45,23,37,47,3,110,120,6,126,236
07/20/2021,SBN,IN,AGL,CE,Combined TRACON& Tower with Radar,23,35,20,1,79,0,14,25,1,40,23,49,45,2,119,78,0,78,197
07/21/2021,SBN,IN,AGL,CE,Combined TRACON& Tower with Radar,24,31,16,0,71,1,14,2,2,19,25,45,18,2,90,106,0,106,196
07/22/2021,SBN,IN,AGL,CE,Combined TRACON& Tower with Radar,20,29,21,0,70,0,10,21,0,31,20,39,42,0,101,30,0,30,131
07/23/2021,SBN,IN,AGL,CE,Combined TRACON& Tower with Radar,27,30,15,2,74,0,3,7,0,10,27,33,22,2,84,6,0,6,90
07/24/2021,SBN,IN,AGL,CE,Combined TRACON& Tower with Radar,22,22,16,0,60,0,3,9,0,12,22,25,25,0,72,14,0,14,86
07/25/2021,SBN,IN,AGL,CE,Combined TRACON& Tower with Radar,17,21,14,0,52,0,3,19,0,22,17,24,33,0,74,32,0,32,106
07/26/2021,SBN,IN,AGL,CE,Combined TRACON& Tower with Radar,23,24,18,1,66,0,14,25,0,39,23,38,43,1,105,62,0,62,167
07/27/2021,SBN,IN,AGL,CE,Combined TRACON& Tower with Radar,21,30,25,0,76,0,16,16,0,32,21,46,41,0,108,30,0,30,138
07/28/2021,SBN,IN,AGL,CE,Combined TRACON& Tower with Radar,26,21,13,0,60,0,6,21,0,27,26,27,34,0,87,82,2,84,171
07/29/2021,SBN,IN,AGL,CE,Combined TRACON& Tower with Radar,20,22,17,0,59,0,2,9,0,11,20,24,26,0,70,6,0,6,76
07/30/2021,SBN,IN,AGL,CE,Combined TRACON& Tower with Radar,27,22,17,0,66,0,6,19,0,25,27,28,36,0,91,92,0,92,183
07/31/2021,SBN,IN,AGL,CE,Combined TRACON& Tower with Radar,19,31,9,0,59,0,7,22,0,29,19,38,31,0,88,190,0,190,278
08/01/2021,SBN,IN,AGL,CE,Combined TRACON& Tower with Radar,13,30,19,0,62,0,5,10,0,15,13,35,29,0,77,18,4,22,99
08/02/2021,SBN,IN,AGL,CE,Combined TRACON& Tower with Radar,24,39,17,0,80,0,16,20,1,37,24,55,37,1,117,32,0,32,149
08/03/2021,SBN,IN,AGL,CE,Combined TRACON& Tower with Radar,20,33,19,0,72,0,20,30,0,50,20,53,49,0,122,106,0,106,228
08/04/2021,SBN,IN,AGL,CE,Combined TRACON& Tower with Radar,22,30,11,0,63,0,14,33,0,47,22,44,44,0,110,86,0,86,196
08/05/2021,SBN,IN,AGL,CE,Combined TRACON& Tower with Radar,23,22,16,2,63,0,7,42,3,52,23,29,58,5,115,50,10,60,175
08/06/2021,SBN,IN,AGL,CE,Combined TRACON& Tower with Radar,25,25,9,0,59,0,3,5,0,8,25,28,14,0,67,32,0,32,99
08/07/2021,SBN,IN,AGL,CE,Combined TRACON& Tower with Radar,18,25,6,0,49,0,1,7,0,8,18,26,13,0,57,34,0,34,91
08/08/2021,SBN,IN,AGL,CE,Combined TRACON& Tower with Radar,18,22,12,0,52,0,0,7,0,7,18,22,19,0,59,50,0,50,109
08/09/2021,SBN,IN,AGL,CE,Combined TRACON& Tower with Radar,26,25,20,0,71,0,4,1,2,7,26,29,21,2,78,12,0,12,90
08/10/2021,SBN,IN,AGL,CE,Combined TRACON& Tower with Radar,18,20,18,0,56,0,0,8,0,8,18,20,26,0,64,40,0,40,104
08/11/2021,SBN,IN,AGL,CE,Combined TRACON& Tower with Radar,24,30,19,0,73,0,0,6,0,6,24,30,25,0,79,0,0,0,79
08/12/2021,SBN,IN,AGL,CE,Combined TRACON& Tower with Radar,22,20,10,0,52,0,5,16,2,23,22,25,26,2,75,70,0,70,145
08/13/2021,SBN,IN,AGL,CE,Combined TRACON& Tower with Radar,26,25,8,0,59,0,4,27,0,31,26,29,35,0,90,10,0,10,100
08/14/2021,SBN,IN,AGL,CE,Combined TRACON& Tower with Radar,20,29,13,0,62,0,4,36,0,40,20,33,49,0,102,54,0,54,156
08/15/2021,SBN,IN,AGL,CE,Combined TRACON& Tower with Radar,15,21,20,0,56,0,4,21,1,26,15,25,41,1,82,38,0,38,120
08/16/2021,SBN,IN,AGL,CE,Combined TRACON& Tower with Radar,24,26,35,0,85,0,10,19,0,29,24,36,54,0,114,42,0,42,156
08/17/2021,SBN,IN,AGL,CE,Combined TRACON& Tower with Radar,21,34,29,0,84,0,6,7,0,13,21,40,36,0,97,54,0,54,151
08/18/2021,SBN,IN,AGL,CE,Combined TRACON& Tower with Radar,23,33,13,0,69,0,0,10,0,10,23,33,23,0,79,40,0,40,119
08/19/2021,SBN,IN,AGL,CE,Combined TRACON& Tower with Radar,23,33,34,2,92,0,3,12,0,15,23,36,46,2,107,80,0,80,187
08/20/2021,SBN,IN,AGL,CE,Combined TRACON& Tower with Radar,28,42,14,2,86,0,4,17,0,21,28,46,31,2,107,47,0,47,154
08/21/2021,SBN,IN,AGL,CE,Combined TRACON& Tower with Radar,21,41,16,4,82,0,3,16,4,23,21,44,32,8,105,20,0,20,125
08/22/2021,SBN,IN,AGL,CE,Combined TRACON& Tower with Radar,23,43,28,0,94,0,3,23,1,27,23,46,51,1,121,43,0,43,164
08/23/2021,SBN,IN,AGL,CE,Combined TRACON& Tower with Radar,24,33,15,0,72,0,9,20,0,29,24,42,35,0,101,46,0,46,147
08/24/2021,SBN,IN,AGL,CE,Combined TRACON& Tower with Radar,24,25,16,0,65,1,5,27,1,34,25,30,43,1,99,32,4,36,135
08/25/2021,SBN,IN,AGL,CE,Combined TRACON& Tower with Radar,23,33,13,0,69,0,6,4,4,14,23,39,17,4,83,24,2,26,109
08/26/2021,SBN,IN,AGL,CE,Combined TRACON& Tower with Radar,26,31,17,0,74,0,4,10,0,14,26,35,27,0,88,64,0,64,152
08/27/2021,SBN,IN,AGL,CE,Combined TRACON& Tower with Radar,28,34,22,0,84,0,5,19,0,24,28,39,41,0,108,69,0,69,177
08/28/2021,SBN,IN,AGL,CE,Combined TRACON& Tower with Radar,16,28,13,0,57,0,7,3,0,10,16,35,16,0,67,20,0,20,87
08/29/2021,SBN,IN,AGL,CE,Combined TRACON& Tower with Radar,24,18,3,0,45,0,0,13,0,13,24,18,16,0,58,26,0,26,84
08/30/2021,SBN,IN,AGL,CE,Combined TRACON& Tower with Radar,23,23,18,0,64,0,4,14,0,18,23,27,32,0,82,80,0,80,162
08/31/2021,SBN,IN,AGL,CE,Combined TRACON& Tower with Radar,24,27,25,2,78,0,7,17,7,31,24,34,42,9,109,18,6,24,133
09/01/2021,SBN,IN,AGL,CE,Combined TRACON& Tower with Radar,28,28,15,0,71,0,5,21,1,27,28,33,36,1,98,64,0,64,162
09/02/2021,SBN,IN,AGL,CE,Combined TRACON& Tower with Radar,26,40,16,0,82,0,9,38,0,47,26,49,54,0,129,48,0,48,177
09/03/2021,SBN,IN,AGL,CE,Combined TRACON& Tower with Radar,27,28,13,0,68,0,6,17,0,23,27,34,30,0,91,20,4,24,115
09/04/2021,SBN,IN,AGL,CE,Combined TRACON& Tower with Radar,24,27,6,0,57,0,3,4,0,7,24,30,10,0,64,34,0,34,98
09/05/2021,SBN,IN,AGL,CE,Combined TRACON& Tower with Radar,21,25,14,0,60,0,3,19,0,22,21,28,33,0,82,54,0,54,136
09/06/2021,SBN,IN,AGL,CE,Combined TRACON& Tower with Radar,22,29,15,0,66,0,1,22,0,23,22,30,37,0,89,0,0,0,89
09/07/2021,SBN,IN,AGL,CE,Combined TRACON& Tower with Radar,20,24,8,0,52,0,0,1,0,1,20,24,9,0,53,6,0,6,59
09/08/2021,SBN,IN,AGL,CE,Combined TRACON& Tower with Radar,20,33,18,0,71,0,2,18,0,20,20,35,36,0,91,32,0,32,123
09/09/2021,SBN,IN,AGL,CE,Combined TRACON& Tower with Radar,22,45,31,1,99,0,2,12,1,15,22,47,43,2,114,16,0,16,130
09/10/2021,SBN,IN,AGL,CE,Combined TRACON& Tower with Radar,25,54,31,0,110,0,12,28,1,41,25,66,59,1,151,69,0,69,220
09/11/2021,SBN,IN,AGL,CE,Combined TRACON& Tower with Radar,17,61,40,0,118,0,5,21,3,29,17,66,61,3,147,74,4,78,225
09/12/2021,SBN,IN,AGL,CE,Combined TRACON& Tower with Radar,23,69,34,0,126,0,6,6,0,12,23,75,40,0,138,48,0,48,186
09/13/2021,SBN,IN,AGL,CE,Combined TRACON& Tower with Radar,26,30,12,1,69,0,13,27,0,40,26,43,39,1,109,90,0,90,199
09/14/2021,SBN,IN,AGL,CE,Combined TRACON& Tower with Radar,21,33,9,0,63,0,2,4,0,6,21,35,13,0,69,14,0,14,83
09/15/2021,SBN,IN,AGL,CE,Combined TRACON& Tower with Radar,24,25,23,0,72,0,5,35,0,40,24,30,58,0,112,66,0,66,178
09/16/2021,SBN,IN,AGL,CE,Combined TRACON& Tower with Radar,27,43,30,0,100,0,19,21,0,40,27,62,51,0,140,102,0,102,242
09/17/2021,SBN,IN,AGL,CE,Combined TRACON& Tower with Radar,31,69,54,0,154,0,9,22,3,34,31,78,76,3,188,30,20,50,238
09/18/2021,SBN,IN,AGL,CE,Combined TRACON& Tower with Radar,23,79,65,0,167,0,9,30,2,41,23,88,95,2,208,112,0,112,320
09/19/2021,SBN,IN,AGL,CE,Combined TRACON& Tower with Radar,27,77,55,0,159,0,4,31,2,37,27,81,86,2,196,16,0,16,212
09/20/2021,SBN,IN,AGL,CE,Combined TRACON& Tower with Radar,24,32,10,0,66,0,1,0,0,1,24,33,10,0,67,10,0,10,77
09/21/2021,SBN,IN,AGL,CE,Combined TRACON& Tower with Radar,23,24,21,0,68,0,0,0,0,0,23,24,21,0,68,2,0,2,70
09/22/2021,SBN,IN,AGL,CE,Combined TRACON& Tower with Radar,24,31,20,0,75,0,2,2,0,4,24,33,22,0,79,8,0,8,87
09/23/2021,SBN,IN,AGL,CE,Combined TRACON& Tower with Radar,32,36,28,0,96,0,1,5,0,6,32,37,33,0,102,4,0,4,106
09/24/2021,SBN,IN,AGL,CE,Combined TRACON& Tower with Radar,26,23,19,1,69,0,3,20,0,23,26,26,39,1,92,68,0,68,160
09/25/2021,SBN,IN,AGL,CE,Combined TRACON& Tower with Radar,20,22,11,0,53,0,4,12,0,16,20,26,23,0,69,6,0,6,75
09/26/2021,SBN,IN,AGL,CE,Combined TRACON& Tower with Radar,23,34,18,0,75,0,2,20,0,22,23,36,38,0,97,22,0,22,119
09/27/2021,SBN,IN,AGL,CE,Combined TRACON& Tower with Radar,26,34,7,0,67,0,8,18,0,26,26,42,25,0,93,85,0,85,178
09/28/2021,SBN,IN,AGL,CE,Combined TRACON& Tower with Radar,22,39,11,2,74,0,20,13,1,34,22,59,24,3,108,50,0,50,158
09/29/2021,SBN,IN,AGL,CE,Combined TRACON& Tower with Radar,24,38,23,2,87,0,10,37,1,48,24,48,60,3,135,108,0,108,243
09/30/2021,SBN,IN,AGL,CE,Combined TRACON& Tower with Radar,25,59,38,4,126,0,17,25,0,42,25,76,63,4,168,10,2,12,180
10/01/2021,SBN,IN,AGL,CE,Combined TRACON& Tower with Radar,29,76,65,0,170,0,19,29,0,48,29,95,94,0,218,86,0,86,304
10/02/2021,SBN,IN,AGL,CE,Combined TRACON& Tower with Radar,21,94,100,0,215,0,5,16,4,25,21,99,116,4,240,20,0,20,260
10/03/2021,SBN,IN,AGL,CE,Combined TRACON& Tower with Radar,20,91,89,2,202,0,0,0,0,0,20,91,89,2,202,0,0,0,202
10/04/2021,SBN,IN,AGL,CE,Combined TRACON& Tower with Radar,30,25,12,0,67,0,0,0,0,0,30,25,12,0,67,20,0,20,87
10/05/2021,SBN,IN,AGL,CE,Combined TRACON& Tower with Radar,22,40,34,0,96,0,3,10,0,13,22,43,44,0,109,10,0,10,119
10/06/2021,SBN,IN,AGL,CE,Combined TRACON& Tower with Radar,30,45,31,1,107,0,0,2,3,5,30,45,33,4,112,20,0,20,132
10/07/2021,SBN,IN,AGL,CE,Combined TRACON& Tower with Radar,26,41,22,0,89,0,3,4,0,7,26,44,26,0,96,22,0,22,118
10/08/2021,SBN,IN,AGL,CE,Combined TRACON& Tower with Radar,31,26,15,0,72,0,4,2,0,6,31,30,17,0,78,10,0,10,88
10/09/2021,SBN,IN,AGL,CE,Combined TRACON& Tower with Radar,24,30,15,0,69,0,10,15,0,25,24,40,30,0,94,40,4,44,138
10/10/2021,SBN,IN,AGL,CE,Combined TRACON& Tower with Radar,25,30,13,0,68,0,3,20,0,23,25,33,33,0,91,38,0,38,129
10/11/2021,SBN,IN,AGL,CE,Combined TRACON& Tower with Radar,24,28,17,0,69,0,5,6,0,11,24,33,23,0,80,6,0,6,86
10/12/2021,SBN,IN,AGL,CE,Combined TRACON& Tower with Radar,20,30,18,0,68,0,2,0,0,2,20,32,18,0,70,0,0,0,70
10/13/2021,SBN,IN,AGL,CE,Combined TRACON& Tower with Radar,29,32,24,0,85,0,6,4,0,10,29,38,28,0,95,58,0,58,153
10/14/2021,SBN,IN,AGL,CE,Combined TRACON& Tower with Radar,25,41,25,0,91,0,2,5,0,7,25,43,30,0,98,0,0,0,98
10/15/2021,SBN,IN,AGL,CE,Combined TRACON& Tower with Radar,26,34,40,0,100,0,1,2,0,3,26,35,42,0,103,46,0,46,149
10/16/2021,SBN,IN,AGL,CE,Combined TRACON& Tower with Radar,21,28,17,0,66,0,17,13,1,31,21,45,30,1,97,56,0,56,153
10/17/2021,SBN,IN,AGL,CE,Combined TRACON& Tower with Radar,19,30,19,0,68,0,15,23,0,38,19,45,42,0,106,22,0,22,128
10/18/2021,SBN,IN,AGL,CE,Combined TRACON& Tower with Radar,25,27,13,0,65,0,11,36,0,47,25,38,49,0,112,134,0,134,246
10/19/2021,SBN,IN,AGL,CE,Combined TRACON& Tower with Radar,20,34,18,0,72,0,26,19,0,45,20,60,37,0,117,30,0,30,147
10/20/2021,SBN,IN,AGL,CE,Combined TRACON& Tower with Radar,24,47,24,1,96,0,8,21,3,32,24,55,45,4,128,18,4,22,150
10/21/2021,SBN,IN,AGL,CE,Combined TRACON& Tower with Radar,21,52,45,0,118,0,0,7,1,8,21,52,52,1,126,12,0,12,138
10/22/2021,SBN,IN,AGL,CE,Combined TRACON& Tower with Radar,31,116,95,0,242,0,6,15,0,21,31,122,110,0,263,22,0,22,285
10/23/2021,SBN,IN,AGL,CE,Combined TRACON& Tower with Radar,22,103,100,0,225,0,5,23,2,30,22,108,123,2,255,184,0,184,439
10/24/2021,SBN,IN,AGL,CE,Combined TRACON& Tower with Radar,28,133,100,0,261,0,0,2,0,2,28,133,102,0,263,0,0,0,263
10/25/2021,SBN,IN,AGL,CE,Combined TRACON& Tower with Radar,25,31,18,0,74,0,2,0,0,2,25,33,18,0,76,8,0,8,84
10/26/2021,SBN,IN,AGL,CE,Combined TRACON& Tower with Radar,19,21,10,0,50,0,26,44,0,70,19,47,54,0,120,70,0,70,190
10/27/2021,SBN,IN,AGL,CE,Combined TRACON& Tower with Radar,26,35,14,0,75,0,9,31,0,40,26,44,45,0,115,68,0,68,183
10/28/2021,SBN,IN,AGL,CE,Combined TRACON& Tower with Radar,27,46,47,3,123,0,0,4,0,4,27,46,51,3,127,12,0,12,139
10/29/2021,SBN,IN,AGL,CE,Combined TRACON& Tower with Radar,28,74,43,0,145,0,0,0,0,0,28,74,43,0,145,2,0,2,147
10/30/2021,SBN,IN,AGL,CE,Combined TRACON& Tower with Radar,18,79,41,0,138,0,3,16,0,19,18,82,57,0,157,244,0,244,401
10/31/2021,SBN,IN,AGL,CE,Combined TRACON& Tower with Radar,27,78,73,0,178,0,1,9,0,10,27,79,82,0,188,32,0,32,220
11/01/2021,SBN,IN,AGL,CE,Combined TRACON& Tower with Radar,26,26,4,0,56,0,10,32,1,43,26,36,36,1,99,38,0,38,137
11/02/2021,SBN,IN,AGL,CE,Combined TRACON& Tower with Radar,18,28,11,0,57,0,8,19,0,27,18,36,30,0,84,50,0,50,134
11/03/2021,SBN,IN,AGL,CE,Combined TRACON& Tower with Radar,19,25,12,0,56,0,15,27,0,42,19,40,39,0,98,110,0,110,208
11/04/2021,SBN,IN,AGL,CE,Combined TRACON& Tower with Radar,21,41,32,0,94,0,20,16,0,36,21,61,48,0,130,74,0,74,204
11/05/2021,SBN,IN,AGL,CE,Combined TRACON& Tower with Radar,30,72,68,29,199,0,14,36,1,51,30,86,104,30,250,28,20,48,298
11/06/2021,SBN,IN,AGL,CE,Combined TRACON& Tower with Radar,17,67,53,2,139,0,5,27,5,37,17,72,80,7,176,124,14,138,314
11/07/2021,SBN,IN,AGL,CE,Combined TRACON& Tower with Radar,24,70,64,4,162,0,7,34,0,41,24,77,98,4,203,0,0,0,203
11/08/2021,SBN,IN,AGL,CE,Combined TRACON& Tower with Radar,21,35,24,2,82,0,8,22,0,30,21,43,46,2,112,22,2,24,136
11/09/2021,SBN,IN,AGL,CE,Combined TRACON& Tower with Radar,20,40,15,0,75,0,7,4,0,11,20,47,19,0,86,38,0,38,124
11/10/2021,SBN,IN,AGL,CE,Combined TRACON& Tower with Radar,21,28,13,1,63,0,7,23,2,32,21,35,36,3,95,52,0,52,147
11/11/2021,SBN,IN,AGL,CE,Combined TRACON& Tower with Radar,21,38,14,0,73,0,0,4,0,4,21,38,18,0,77,0,0,0,77
11/12/2021,SBN,IN,AGL,CE,Combined TRACON& Tower with Radar,24,29,6,0,59,0,2,3,0,5,24,31,9,0,64,8,0,8,72
11/13/2021,SBN,IN,AGL,CE,Combined TRACON& Tower with Radar,16,24,11,0,51,0,0,0,0,0,16,24,11,0,51,26,0,26,77
11/14/2021,SBN,IN,AGL,CE,Combined TRACON& Tower with Radar,16,22,17,0,55,0,0,0,0,0,16,22,17,0,55,0,0,0,55
11/15/2021,SBN,IN,AGL,CE,Combined TRACON& Tower with Radar,23,26,19,0,68,0,3,17,0,20,23,29,36,0,88,36,0,36,124
11/16/2021,SBN,IN,AGL,CE,Combined TRACON& Tower with Radar,20,28,19,0,67,0,4,16,0,20,20,32,35,0,87,44,0,44,131
11/17/2021,SBN,IN,AGL,CE,Combined TRACON& Tower with Radar,18,21,14,3,56,0,1,0,0,1,18,22,14,3,57,0,0,0,57
11/18/2021,SBN,IN,AGL,CE,Combined TRACON& Tower with Radar,22,56,31,0,109,0,2,11,0,13,22,58,42,0,122,18,0,18,140
11/19/2021,SBN,IN,AGL,CE,Combined TRACON& Tower with Radar,32,50,39,0,121,0,8,44,0,52,32,58,83,0,173,62,0,62,235
11/20/2021,SBN,IN,AGL,CE,Combined TRACON& Tower with Radar,18,52,63,0,133,0,4,21,0,25,18,56,84,0,158,72,0,72,230
11/21/2021,SBN,IN,AGL,CE,Combined TRACON& Tower with Radar,23,55,31,0,109,0,2,6,0,8,23,57,37,0,117,6,0,6,123
11/22/2021,SBN,IN,AGL,CE,Combined TRACON& Tower with Radar,22,23,7,0,52,0,3,23,0,26,22,26,30,0,78,48,0,48,126
11/23/2021,SBN,IN,AGL,CE,Combined TRACON& Tower with Radar,23,45,32,0,100,0,19,38,0,57,23,64,70,0,157,53,0,53,210
11/24/2021,SBN,IN,AGL,CE,Combined TRACON& Tower with Radar,23,29,17,0,69,0,1,2,0,3,23,30,19,0,72,6,0,6,78
11/25/2021,SBN,IN,AGL,CE,Combined TRACON& Tower with Radar,14,18,7,0,39,0,0,0,0,0,14,18,7,0,39,0,0,0,39
11/26/2021,SBN,IN,AGL,CE,Combined TRACON& Tower with Radar,20,24,6,0,50,0,2,19,0,21,20,26,25,0,71,28,0,28,99
11/27/2021,SBN,IN,AGL,CE,Combined TRACON& Tower with Radar,21,25,8,0,54,0,0,15,0,15,21,25,23,0,69,14,0,14,83
11/28/2021,SBN,IN,AGL,CE,Combined TRACON& Tower with Radar,24,52,41,0,117,0,2,15,0,17,24,54,56,0,134,16,0,16,150
11/29/2021,SBN,IN,AGL,CE,Combined TRACON& Tower with Radar,27,26,22,0,75,0,4,20,0,24,27,30,42,0,99,12,0,12,111
11/30/2021,SBN,IN,AGL,CE,Combined TRACON& Tower with Radar,17,32,20,2,71,0,8,13,2,23,17,40,33,4,94,58,0,58,152
12/01/2021,SBN,IN,AGL,CE,Combined TRACON& Tower with Radar,19,25,12,4,60,0,3,9,0,12,19,28,21,4,72,76,0,76,148
12/02/2021,SBN,IN,AGL,CE,Combined TRACON& Tower with Radar,22,25,11,1,59,0,8,20,1,29,22,33,31,2,88,16,0,16,104
12/03/2021,SBN,IN,AGL,CE,Combined TRACON& Tower with Radar,26,23,15,0,64,0,7,18,0,25,26,30,33,0,89,0,0,0,89
12/04/2021,SBN,IN,AGL,CE,Combined TRACON& Tower with Radar,14,26,7,0,47,0,3,14,0,17,14,29,21,0,64,4,0,4,68
12/05/2021,SBN,IN,AGL,CE,Combined TRACON& Tower with Radar,17,17,3,0,37,0,0,0,0,0,17,17,3,0,37,2,0,2,39
12/06/2021,SBN,IN,AGL,CE,Combined TRACON& Tower with Radar,23,28,10,0,61,0,1,0,0,1,23,29,10,0,62,2,0,2,64
12/07/2021,SBN,IN,AGL,CE,Combined TRACON& Tower with Radar,18,17,18,0,53,0,13,19,0,32,18,30,37,0,85,64,0,64,149
12/08/2021,SBN,IN,AGL,CE,Combined TRACON& Tower with Radar,22,19,17,0,58,0,2,2,0,4,22,21,19,0,62,16,0,16,78
12/09/2021,SBN,IN,AGL,CE,Combined TRACON& Tower with Radar,22,28,15,0,65,0,1,13,0,14,22,29,28,0,79,18,0,18,97
12/10/2021,SBN,IN,AGL,CE,Combined TRACON& Tower with Radar,30,24,14,0,68,0,0,0,0,0,30,24,14,0,68,6,0,6,74
12/11/2021,SBN,IN,AGL,CE,Combined TRACON& Tower with Radar,13,28,1,0,42,0,4,0,0,4,13,32,1,0,46,0,0,0,46
12/12/2021,SBN,IN,AGL,CE,Combined TRACON& Tower with Radar,18,25,17,0,60,0,6,10,0,16,18,31,27,0,76,10,0,10,86
12/13/2021,SBN,IN,AGL,CE,Combined TRACON& Tower with Radar,23,28,10,0,61,0,9,14,0,23,23,37,24,0,84,0,0,0,84
12/14/2021,SBN,IN,AGL,CE,Combined TRACON& Tower with Radar,18,33,23,0,74,0,17,17,1,35,18,50,40,1,109,20,0,20,129
12/15/2021,SBN,IN,AGL,CE,Combined TRACON& Tower with Radar,19,33,32,0,84,0,4,1,0,5,19,37,33,0,89,6,0,6,95
12/16/2021,SBN,IN,AGL,CE,Combined TRACON& Tower with Radar,17,28,16,0,61,0,0,5,0,5,17,28,21,0,66,0,0,0,66
12/17/2021,SBN,IN,AGL,CE,Combined TRACON& Tower with Radar,25,24,12,0,61,0,14,20,2,36,25,38,32,2,97,48,0,48,145
12/18/2021,SBN,IN,AGL,CE,Combined TRACON& Tower with Radar,19,26,7,0,52,0,0,0,0,0,19,26,7,0,52,0,0,0,52
12/19/2021,SBN,IN,AGL,CE,Combined TRACON& Tower with Radar,19,24,12,0,55,0,5,14,0,19,19,29,26,0,74,32,0,32,106
12/20/2021,SBN,IN,AGL,CE,Combined TRACON& Tower with Radar,24,24,22,0,70,0,7,10,0,17,24,31,32,0,87,20,0,20,107
12/21/2021,SBN,IN,AGL,CE,Combined TRACON& Tower with Radar,18,23,19,1,61,0,0,7,0,7,18,23,26,1,68,14,0,14,82
12/22/2021,SBN,IN,AGL,CE,Combined TRACON& Tower with Radar,23,31,13,5,72,0,5,6,0,11,23,36,19,5,83,42,12,54,137
12/23/2021,SBN,IN,AGL,CE,Combined TRACON& Tower with Radar,26,30,23,0,79,0,1,7,0,8,26,31,30,0,87,12,0,12,99
12/24/2021,SBN,IN,AGL,CE,Combined TRACON& Tower with Radar,20,13,4,0,37,0,1,2,0,3,20,14,6,0,40,6,0,6,46
12/25/2021,SBN,IN,AGL,CE,Combined TRACON& Tower with Radar,14,21,0,0,35,0,0,0,0,0,14,21,0,0,35,0,0,0,35
12/26/2021,SBN,IN,AGL,CE,Combined TRACON& Tower with Radar,19,19,7,0,45,0,2,8,0,10,19,21,15,0,55,28,0,28,83
12/27/2021,SBN,IN,AGL,CE,Combined TRACON& Tower with Radar,28,22,11,0,61,0,2,0,0,2,28,24,11,0,63,0,0,0,63
12/28/2021,SBN,IN,AGL,CE,Combined TRACON& Tower with Radar,18,30,2,0,50,0,0,2,0,2,18,30,4,0,52,0,0,0,52
12/29/2021,SBN,IN,AGL,CE,Combined TRACON& Tower with Radar,25,19,5,0,49,0,0,0,0,0,25,19,5,0,49,6,0,6,55
12/30/2021,SBN,IN,AGL,CE,Combined TRACON& Tower with Radar,24,24,10,0,58,0,2,0,0,2,24,26,10,0,60,8,0,8,68
12/31/2021,SBN,IN,AGL,CE,Combined TRACON& Tower with Radar,18,17,9,0,44,0,0,0,0,0,18,17,9,0,44,46,0,46,90
01/01/2022,SBN,IN,AGL,CE,Combined TRACON& Tower with Radar,13,12,3,0,28,0,0,0,0,0,13,12,3,0,28,0,0,0,28
01/02/2022,SBN,IN,AGL,CE,Combined TRACON& Tower with Radar,17,23,12,0,52,0,0,3,0,3,17,23,15,0,55,2,0,2,57
01/03/2022,SBN,IN,AGL,CE,Combined TRACON& Tower with Radar,24,18,7,0,49,0,6,18,0,24,24,24,25,0,73,62,0,62,135
01/04/2022,SBN,IN,AGL,CE,Combined TRACON& Tower with Radar,18,23,10,0,51,0,5,4,0,9,18,28,14,0,60,4,0,4,64
01/05/2022,SBN,IN,AGL,CE,Combined TRACON& Tower with Radar,18,14,4,0,36,0,0,0,0,0,18,14,4,0,36,0,0,0,36
01/06/2022,SBN,IN,AGL,CE,Combined TRACON& Tower with Radar,23,18,9,0,50,0,0,0,0,0,23,18,9,0,50,0,0,0,50
01/07/2022,SBN,IN,AGL,CE,Combined TRACON& Tower with Radar,23,14,11,0,48,0,0,4,0,4,23,14,15,0,52,8,0,8,60
01/08/2022,SBN,IN,AGL,CE,Combined TRACON& Tower with Radar,18,16,9,0,43,0,4,9,0,13,18,20,18,0,56,32,0,32,88
01/09/2022,SBN,IN,AGL,CE,Combined TRACON& Tower with Radar,13,27,24,0,64,0,2,0,0,2,13,29,24,0,66,6,0,6,72
01/10/2022,SBN,IN,AGL,CE,Combined TRACON& Tower with Radar,18,25,10,0,53,0,1,5,0,6,18,26,15,0,59,0,0,0,59
01/11/2022,SBN,IN,AGL,CE,Combined TRACON& Tower with Radar,19,21,10,0,50,0,3,4,0,7,19,24,14,0,57,2,0,2,59
01/12/2022,SBN,IN,AGL,CE,Combined TRACON& Tower with Radar,17,21,10,0,48,0,6,32,0,38,17,27,42,0,86,46,0,46,132
01/13/2022,SBN,IN,AGL,CE,Combined TRACON& Tower with Radar,22,18,6,0,46,0,1,2,0,3,22,19,8,0,49,0,0,0,49
01/14/2022,SBN,IN,AGL,CE,Combined TRACON& Tower with Radar,22,17,8,0,47,0,0,0,0,0,22,17,8,0,47,2,0,2,49
01/15/2022,SBN,IN,AGL,CE,Combined TRACON& Tower with Radar,21,18,3,0,42,0,2,17,0,19,21,20,20,0,61,22,0,22,83
01/16/2022,SBN,IN,AGL,CE,Combined TRACON& Tower with Radar,14,20,10,0,44,0,5,23,0,28,14,25,33,0,72,62,0,62,134
01/17/2022,SBN,IN,AGL,CE,Combined TRACON& Tower with Radar,22,21,3,0,46,0,0,0,0,0,22,21,3,0,46,2,0,2,48
01/18/2022,SBN,IN,AGL,CE,Combined TRACON& Tower with Radar,20,22,20,0,62,0,6,0,0,6,20,28,20,0,68,30,0,30,98
01/19/2022,SBN,IN,AGL,CE,Combined TRACON& Tower with Radar,23,17,17,0,57,0,0,6,2,8,23,17,23,2,65,48,2,50,115
01/20/2022,SBN,IN,AGL,CE,Combined TRACON& Tower with Radar,23,22,14,0,59,0,0,1,0,1,23,22,15,0,60,0,0,0,60
01/21/2022,SBN,IN,AGL,CE,Combined TRACON& Tower with Radar,27,25,11,1,64,0,17,25,0,42,27,42,36,1,106,72,4,76,182
01/22/2022,SBN,IN,AGL,CE,Combined TRACON& Tower with Radar,19,26,7,1,53,0,3,0,0,3,19,29,7,1,56,4,0,4,60
01/23/2022,SBN,IN,AGL,CE,Combined TRACON& Tower with Radar,15,23,14,0,52,0,0,5,0,5,15,23,19,0,57,2,0,2,59
01/24/2022,SBN,IN,AGL,CE,Combined TRACON& Tower with Radar,22,22,10,0,54,0,0,0,0,0,22,22,10,0,54,0,0,0,54
01/25/2022,SBN,IN,AGL,CE,Combined TRACON& Tower with Radar,21,19,6,0,46,0,2,5,2,9,21,21,11,2,55,10,0,10,65
01/26/2022,SBN,IN,AGL,CE,Combined TRACON& Tower with Radar,22,21,11,0,54,0,6,12,0,18,22,27,23,0,72,54,0,54,126
01/27/2022,SBN,IN,AGL,CE,Combined TRACON& Tower with Radar,24,20,16,0,60,0,0,10,0,10,24,20,26,0,70,0,0,0,70
01/28/2022,SBN,IN,AGL,CE,Combined TRACON& Tower with Radar,25,23,16,0,64,0,9,19,0,28,25,32,35,0,92,40,0,40,132
01/29/2022,SBN,IN,AGL,CE,Combined TRACON& Tower with Radar,22,28,10,0,60,0,15,15,0,30,22,43,25,0,90,30,0,30,120
01/30/2022,SBN,IN,AGL,CE,Combined TRACON& Tower with Radar,21,27,14,0,62,0,3,28,0,31,21,30,42,0,93,72,0,72,165
01/31/2022,SBN,IN,AGL,CE,Combined TRACON& Tower with Radar,24,26,8,0,58,0,6,29,0,35,24,32,37,0,93,112,0,112,205
02/01/2022,SBN,IN,AGL,CE,Combined TRACON& Tower with Radar,20,26,11,0,57,0,4,2,0,6,20,30,13,0,63,14,0,14,77
02/02/2022,SBN,IN,AGL,CE,Combined TRACON& Tower with Radar,13,7,3,0,23,0,0,1,0,1,13,7,4,0,24,0,0,0,24
02/03/2022,SBN,IN,AGL,CE,Combined TRACON& Tower with Radar,19,14,17,0,50,0,0,2,0,2,19,14,19,0,52,0,0,0,52
02/04/2022,SBN,IN,AGL,CE,Combined TRACON& Tower with Radar,17,31,12,0,60,0,1,13,0,14,17,32,25,0,74,12,0,12,86
02/05/2022,SBN,IN,AGL,CE,Combined TRACON& Tower with Radar,24,20,17,0,61,0,0,15,0,15,24,20,32,0,76,40,0,40,116
02/06/2022,SBN,IN,AGL,CE,Combined TRACON& Tower with Radar,20,22,17,0,59,0,1,13,0,14,20,23,30,0,73,52,0,52,125
02/07/2022,SBN,IN,AGL,CE,Combined TRACON& Tower with Radar,18,19,5,0,42,0,0,0,0,0,18,19,5,0,42,6,0,6,48
02/08/2022,SBN,IN,AGL,CE,Combined TRACON& Tower with Radar,19,19,14,0,52,0,1,25,0,26,19,20,39,0,78,52,0,52,130
02/09/2022,SBN,IN,AGL,CE,Combined TRACON& Tower with Radar,24,23,13,0,60,0,0,10,0,10,24,23,23,0,70,30,0,30,100
02/10/2022,SBN,IN,AGL,CE,Combined TRACON& Tower with Radar,20,32,12,0,64,0,0,0,0,0,20,32,12,0,64,6,0,6,70
02/11/2022,SBN,IN,AGL,CE,Combined TRACON& Tower with Radar,25,28,22,0,75,0,0,2,0,2,25,28,24,0,77,2,0,2,79
02/12/2022,SBN,IN,AGL,CE,Combined TRACON& Tower with Radar,20,22,7,0,49,0,0,0,0,0,20,22,7,0,49,16,0,16,65
02/13/2022,SBN,IN,AGL,CE,Combined TRACON& Tower with Radar,16,24,17,0,57,0,0,2,0,2,16,24,19,0,59,0,0,0,59
02/14/2022,SBN,IN,AGL,CE,Combined TRACON& Tower with Radar,19,24,15,5,63,0,8,26,0,34,19,32,41,5,97,42,0,42,139
02/15/2022,SBN,IN,AGL,CE,Combined TRACON& Tower with Radar,17,26,18,0,61,0,7,17,0,24,17,33,35,0,85,26,0,26,111
02/16/2022,SBN,IN,AGL,CE,Combined TRACON& Tower with Radar,24,22,10,0,56,0,0,0,0,0,24,22,10,0,56,0,0,0,56
02/17/2022,SBN,IN,AGL,CE,Combined TRACON& Tower with Radar,17,12,9,0,38,0,0,0,0,0,17,12,9,0,38,0,0,0,38
02/18/2022,SBN,IN,AGL,CE,Combined TRACON& Tower with Radar,23,24,25,0,72,0,0,15,0,15,23,24,40,0,87,0,0,0,87
02/19/2022,SBN,IN,AGL,CE,Combined TRACON& Tower with Radar,19,25,15,0,59,0,0,3,0,3,19,25,18,0,62,16,0,16,78
02/20/2022,SBN,IN,AGL,CE,Combined TRACON& Tower with Radar,16,21,16,0,53,0,0,2,0,2,16,21,18,0,55,26,0,26,81
02/21/2022,SBN,IN,AGL,CE,Combined TRACON& Tower with Radar,23,26,17,0,66,0,19,21,0,40,23,45,38,0,106,84,0,84,190
02/22/2022,SBN,IN,AGL,CE,Combined TRACON& Tower with Radar,21,22,4,0,47,0,0,0,0,0,21,22,4,0,47,0,0,0,47
02/23/2022,SBN,IN,AGL,CE,Combined TRACON& Tower with Radar,24,21,13,0,58,0,0,4,0,4,24,21,17,0,62,12,0,12,74
02/24/2022,SBN,IN,AGL,CE,Combined TRACON& Tower with Radar,16,24,11,0,51,0,0,3,0,3,16,24,14,0,54,16,0,16,70
02/25/2022,SBN,IN,AGL,CE,Combined TRACON& Tower with Radar,27,20,13,0,60,0,1,8,0,9,27,21,21,0,69,6,0,6,75
02/26/2022,SBN,IN,AGL,CE,Combined TRACON& Tower with Radar,24,21,11,0,56,0,2,22,0,24,24,23,33,0,80,20,0,20,100
02/27/2022,SBN,IN,AGL,CE,Combined TRACON& Tower with Radar,15,28,13,0,56,0,2,14,0,16,15,30,27,0,72,4,0,4,76
02/28/2022,SBN,IN,AGL,CE,Combined TRACON& Tower with Radar,21,26,14,0,61,0,3,19,0,22,21,29,33,0,83,20,0,20,103
03/01/2022,SBN,IN,AGL,CE,Combined TRACON& Tower with Radar,18,26,9,0,53,0,13,16,0,29,18,39,25,0,82,86,0,86,168
03/02/2022,SBN,IN,AGL,CE,Combined TRACON& Tower with Radar,24,20,10,0,54,0,10,13,0,23,24,30,23,0,77,36,0,36,113
03/03/2022,SBN,IN,AGL,CE,Combined TRACON& Tower with Radar,19,25,21,0,65,0,12,22,0,34,19,37,43,0,99,108,0,108,207
03/04/2022,SBN,IN,AGL,CE,Combined TRACON& Tower with Radar,25,34,12,0,71,0,11,27,0,38,25,45,39,0,109,76,0,76,185
03/05/2022,SBN,IN,AGL,CE,Combined TRACON& Tower with Radar,27,21,14,0,62,0,4,22,0,26,27,25,36,0,88,32,0,32,120
03/06/2022,SBN,IN,AGL,CE,Combined TRACON& Tower with Radar,16,18,11,0,45,0,2,16,0,18,16,20,27,0,63,18,0,18,81
03/07/2022,SBN,IN,AGL,CE,Combined TRACON& Tower with Radar,24,18,10,0,52,0,0,0,0,0,24,18,10,0,52,0,0,0,52
03/08/2022,SBN,IN,AGL,CE,Combined TRACON& Tower with Radar,17,19,12,0,48,0,10,31,0,41,17,29,43,0,89,104,0,104,193
03/09/2022,SBN,IN,AGL,CE,Combined TRACON& Tower with Radar,20,21,13,0,54,0,12,27,1,40,20,33,40,1,94,48,0,48,142
03/10/2022,SBN,IN,AGL,CE,Combined TRACON& Tower with Radar,17,24,11,8,60,0,0,9,2,11,17,24,20,10,71,30,0,30,101
03/11/2022,SBN,IN,AGL,CE,Combined TRACON& Tower with Radar,19,21,9,0,49,0,0,2,0,2,19,21,11,0,51,0,0,0,51
03/12/2022,SBN,IN,AGL,CE,Combined TRACON& Tower with Radar,20,20,2,0,42,0,0,2,0,2,20,20,4,0,44,2,0,2,46
03/13/2022,SBN,IN,AGL,CE,Combined TRACON& Tower with Radar,13,24,15,0,52,0,3,7,0,10,13,27,22,0,62,6,0,6,68
03/14/2022,SBN,IN,AGL,CE,Combined TRACON& Tower with Radar,20,22,19,0,61,0,17,6,0,23,20,39,25,0,84,36,0,36,120
03/15/2022,SBN,IN,AGL,CE,Combined TRACON& Tower with Radar,15,28,21,9,73,0,13,22,0,35,15,41,43,9,108,22,0,22,130
03/16/2022,SBN,IN,AGL,CE,Combined TRACON& Tower with Radar,25,24,18,0,67,0,7,21,0,28,25,31,39,0,95,18,0,18,113
03/17/2022,SBN,IN,AGL,CE,Combined TRACON& Tower with Radar,17,23,17,0,57,0,8,26,0,34,17,31,43,0,91,18,0,18,109
03/18/2022,SBN,IN,AGL,CE,Combined TRACON& Tower with Radar,21,25,8,0,54,0,4,5,0,9,21,29,13,0,63,4,0,4,67
03/19/2022,SBN,IN,AGL,CE,Combined TRACON& Tower with Radar,20,24,5,0,49,0,0,0,0,0,20,24,5,0,49,0,0,0,49
03/20/2022,SBN,IN,AGL,CE,Combined TRACON& Tower with Radar,13,21,11,0,45,0,4,29,0,33,13,25,40,0,78,22,0,22,100
03/21/2022,SBN,IN,AGL,CE,Combined TRACON& Tower with Radar,19,29,13,0,61,0,13,20,0,33,19,42,33,0,94,56,0,56,150
03/22/2022,SBN,IN,AGL,CE,Combined TRACON& Tower with Radar,22,16,10,0,48,0,0,8,0,8,22,16,18,0,56,22,0,22,78
03/23/2022,SBN,IN,AGL,CE,Combined TRACON& Tower with Radar,24,25,2,2,53,0,0,0,0,0,24,25,2,2,53,4,0,4,57
03/24/2022,SBN,IN,AGL,CE,Combined TRACON& Tower with Radar,20,30,17,0,67,0,2,1,0,3,20,32,18,0,70,12,0,12,82
03/25/2022,SBN,IN,AGL,CE,Combined TRACON& Tower with Radar,25,31,5,0,61,0,0,0,0,0,25,31,5,0,61,0,0,0,61
03/26/2022,SBN,IN,AGL,CE,Combined TRACON& Tower with Radar,24,19,5,0,48,0,0,2,0,2,24,19,7,0,50,0,0,0,50
03/27/2022,SBN,IN,AGL,CE,Combined TRACON& Tower with Radar,17,15,17,0,49,0,0,15,0,15,17,15,32,0,64,10,0,10,74
03/28/2022,SBN,IN,AGL,CE,Combined TRACON& Tower with Radar,20,28,25,0,73,0,14,32,0,46,20,42,57,0,119,82,0,82,201
03/29/2022,SBN,IN,AGL,CE,Combined TRACON& Tower with Radar,18,32,10,0,60,0,11,30,0,41,18,43,40,0,101,38,0,38,139
03/30/2022,SBN,IN,AGL,CE,Combined TRACON& Tower with Radar,22,27,11,0,60,0,0,0,0,0,22,27,11,0,60,0,0,0,60
03/31/2022,SBN,IN,AGL,CE,Combined TRACON& Tower with Radar,23,28,21,0,72,0,0,0,0,0,23,28,21,0,72,0,0,0,72
04/01/2022,SBN,IN,AGL,CE,Combined TRACON& Tower with Radar,25,32,16,0,73,0,0,22,0,22,25,32,38,0,95,36,0,36,131
04/02/2022,SBN,IN,AGL,CE,Combined TRACON& Tower with Radar,21,25,13,0,59,0,4,18,0,22,21,29,31,0,81,24,0,24,105
04/03/2022,SBN,IN,AGL,CE,Combined TRACON& Tower with Radar,15,28,18,0,61,0,0,14,0,14,15,28,32,0,75,34,0,34,109
04/04/2022,SBN,IN,AGL,CE,Combined TRACON& Tower with Radar,25,18,17,0,60,0,3,8,0,11,25,21,25,0,71,24,0,24,95
04/05/2022,SBN,IN,AGL,CE,Combined TRACON& Tower with Radar,19,17,12,0,48,0,2,5,0,7,19,19,17,0,55,20,0,20,75
04/06/2022,SBN,IN,AGL,CE,Combined TRACON& Tower with Radar,22,17,14,0,53,0,3,4,0,7,22,20,18,0,60,0,0,0,60
04/07/2022,SBN,IN,AGL,CE,Combined TRACON& Tower with Radar,20,22,30,0,72,0,0,2,0,2,20,22,32,0,74,36,0,36,110
04/08/2022,SBN,IN,AGL,CE,Combined TRACON& Tower with Radar,22,17,12,0,51,0,0,0,0,0,22,17,12,0,51,0,0,0,51
04/09/2022,SBN,IN,AGL,CE,Combined TRACON& Tower with Radar,22,22,14,0,58,0,0,7,0,7,22,22,21,0,65,20,0,20,85
04/10/2022,SBN,IN,AGL,CE,Combined TRACON& Tower with Radar,18,30,22,0,70,0,1,31,0,32,18,31,53,0,102,44,0,44,146
04/11/2022,SBN,IN,AGL,CE,Combined TRACON& Tower with Radar,19,16,21,0,56,0,4,20,0,24,19,20,41,0,80,58,0,58,138
04/12/2022,SBN,IN,AGL,CE,Combined TRACON& Tower with Radar,18,25,11,0,54,1,8,31,0,40,19,33,42,0,94,72,0,72,166
04/13/2022,SBN,IN,AGL,CE,Combined TRACON& Tower with Radar,20,21,15,0,56,0,0,1,0,1,20,21,16,0,57,4,0,4,61
04/14/2022,SBN,IN,AGL,CE,Combined TRACON& Tower with Radar,22,25,26,1,74,0,0,10,1,11,22,25,36,2,85,44,0,44,129
04/15/2022,SBN,IN,AGL,CE,Combined TRACON& Tower with Radar,25,21,13,0,59,0,2,17,0,19,25,23,30,0,78,40,0,40,118
04/16/2022,SBN,IN,AGL,CE,Combined TRACON& Tower with Radar,22,22,9,0,53,0,6,28,0,34,22,28,37,0,87,24,0,24,111
04/17/2022,SBN,IN,AGL,CE,Combined TRACON& Tower with Radar,16,17,11,0,44,0,4,13,0,17,16,21,24,0,61,24,0,24,85
04/18/2022,SBN,IN,AGL,CE,Combined TRACON& Tower with Radar,18,26,27,0,71,0,0,3,0,3,18,26,30,0,74,4,0,4,78
04/19/2022,SBN,IN,AGL,CE,Combined TRACON& Tower with Radar,20,24,23,0,67,0,12,15,0,27,20,36,38,0,94,80,0,80,174
04/20/2022,SBN,IN,AGL,CE,Combined TRACON& Tower with Radar,24,19,36,2,81,0,8,10,0,18,24,27,46,2,99,40,6,46,145
04/21/2022,SBN,IN,AGL,CE,Combined TRACON& Tower with Radar,24,39,35,0,98,0,3,33,0,36,24,42,68,0,134,86,0,86,220
04/22/2022,SBN,IN,AGL,CE,Combined TRACON& Tower with Radar,25,31,14,0,70,0,8,10,0,18,25,39,24,0,88,20,0,20,108
04/23/2022,SBN,IN,AGL,CE,Combined TRACON& Tower with Radar,20,32,10,0,62,0,5,23,0,28,20,37,33,0,90,34,0,34,124
04/24/2022,SBN,IN,AGL,CE,Combined TRACON& Tower with Radar,17,31,17,0,65,0,0,1,0,1,17,31,18,0,66,2,0,2,68
04/25/2022,SBN,IN,AGL,CE,Combined TRACON& Tower with Radar,25,25,9,0,59,0,8,12,0,20,25,33,21,0,79,40,0,40,119
04/26/2022,SBN,IN,AGL,CE,Combined TRACON& Tower with Radar,20,16,19,0,55,0,12,16,0,28,20,28,35,0,83,48,0,48,131
04/27/2022,SBN,IN,AGL,CE,Combined TRACON& Tower with Radar,24,31,37,0,92,0,7,37,0,44,24,38,74,0,136,72,0,72,208
04/28/2022,SBN,IN,AGL,CE,Combined TRACON& Tower with Radar,25,27,25,0,77,0,13,40,0,53,25,40,65,0,130,86,0,86,216
04/29/2022,SBN,IN,AGL,CE,Combined TRACON& Tower with Radar,30,32,17,0,79,0,1,33,0,34,30,33,50,0,113,48,0,48,161
04/30/2022,SBN,IN,AGL,CE,Combined TRACON& Tower with Radar,29,21,3,0,53,0,0,3,0,3,29,21,6,0,56,0,0,0,56
05/01/2022,SBN,IN,AGL,CE,Combined TRACON& Tower with Radar,21,17,13,0,51,0,0,6,0,6,21,17,19,0,57,6,0,6,63
05/02/2022,SBN,IN,AGL,CE,Combined TRACON& Tower with Radar,22,15,16,0,53,0,0,10,0,10,22,15,26,0,63,34,0,34,97
05/03/2022,SBN,IN,AGL,CE,Combined TRACON& Tower with Radar,23,19,16,0,58,0,0,0,0,0,23,19,16,0,58,0,0,0,58
05/04/2022,SBN,IN,AGL,CE,Combined TRACON& Tower with Radar,22,35,27,0,84,0,0,9,0,9,22,35,36,0,93,12,0,12,105
05/05/2022,SBN,IN,AGL,CE,Combined TRACON& Tower with Radar,24,23,30,0,77,0,3,11,2,16,24,26,41,2,93,10,12,22,115
05/06/2022,SBN,IN,AGL,CE,Combined TRACON& Tower with Radar,26,31,28,0,85,0,0,0,0,0,26,31,28,0,85,4,0,4,89
05/07/2022,SBN,IN,AGL,CE,Combined TRACON& Tower with Radar,26,31,23,0,80,0,4,30,1,35,26,35,53,1,115,144,0,144,259
05/08/2022,SBN,IN,AGL,CE,Combined TRACON& Tower with Radar,20,22,24,0,66,0,0,29,0,29,20,22,53,0,95,44,0,44,139
05/09/2022,SBN,IN,AGL,CE,Combined TRACON& Tower with Radar,23,18,17,0,58,0,2,8,0,10,23,20,25,0,68,16,0,16,84
05/10/2022,SBN,IN,AGL,CE,Combined TRACON& Tower with Radar,19,26,19,0,64,0,13,14,2,29,19,39,33,2,93,54,6,60,153
05/11/2022,SBN,IN,AGL,CE,Combined TRACON& Tower with Radar,23,31,19,0,73,0,15,31,0,46,23,46,50,0,119,92,0,92,211
05/12/2022,SBN,IN,AGL,CE,Combined TRACON& Tower with Radar,21,28,24,0,73,0,8,24,0,32,21,36,48,0,105,24,0,24,129
05/13/2022,SBN,IN,AGL,CE,Combined TRACON& Tower with Radar,25,40,39,1,105,0,0,35,8,43,25,40,74,9,148,32,10,42,190
05/14/2022,SBN,IN,AGL,CE,Combined TRACON& Tower with Radar,23,33,29,0,85,0,10,14,0,24,23,43,43,0,109,34,0,34,143
05/15/2022,SBN,IN,AGL,CE,Combined TRACON& Tower with Radar,19,44,31,0,94,0,4,13,0,17,19,48,44,0,111,76,0,76,187
05/16/2022,SBN,IN,AGL,CE,Combined TRACON& Tower with Radar,22,39,23,0,84,0,6,27,0,33,22,45,50,0,117,54,0,54,171
05/17/2022,SBN,IN,AGL,CE,Combined TRACON& Tower with Radar,18,25,13,0,56,0,14,31,0,45,18,39,44,0,101,0,0,0,101
05/18/2022,SBN,IN,AGL,CE,Combined TRACON& Tower with Radar,22,31,19,2,74,0,2,5,0,7,22,33,24,2,81,12,0,12,93
05/19/2022,SBN,IN,AGL,CE,Combined TRACON& Tower with Radar,26,15,40,1,82,0,2,16,3,21,26,17,56,4,103,62,0,62,165
05/20/2022,SBN,IN,AGL,CE,Combined TRACON& Tower with Radar,22,20,10,0,52,0,0,7,0,7,22,20,17,0,59,6,0,6,65
05/21/2022,SBN,IN,AGL,CE,Combined TRACON& Tower with Radar,20,22,14,0,56,0,0,14,0,14,20,22,28,0,70,50,0,50,120
05/22/2022,SBN,IN,AGL,CE,Combined TRACON& Tower with Radar,20,19,16,0,55,0,5,15,0,20,20,24,31,0,75,12,0,12,87
05/23/2022,SBN,IN,AGL,CE,Combined TRACON& Tower with Radar,21,18,20,0,59,0,12,22,0,34,21,30,42,0,93,44,0,44,137
05/24/2022,SBN,IN,AGL,CE,Combined TRACON& Tower with Radar,19,23,15,0,57,0,7,19,0,26,19,30,34,0,83,76,0,76,159
05/25/2022,SBN,IN,AGL,CE,Combined TRACON& Tower with Radar,26,22,15,0,63,0,1,1,0,2,26,23,16,0,65,22,0,22,87
05/26/2022,SBN,IN,AGL,CE,Combined TRACON& Tower with Radar,23,25,25,0,73,0,0,3,0,3,23,25,28,0,76,32,0,32,108
05/27/2022,SBN,IN,AGL,CE,Combined TRACON& Tower with Radar,21,28,29,0,78,0,0,1,0,1,21,28,30,0,79,2,0,2,81
05/28/2022,SBN,IN,AGL,CE,Combined TRACON& Tower with Radar,19,22,21,0,62,0,4,27,0,31,19,26,48,0,93,30,0,30,123
05/29/2022,SBN,IN,AGL,CE,Combined TRACON& Tower with Radar,20,31,30,0,81,0,4,15,0,19,20,35,45,0,100,16,0,16,116
05/30/2022,SBN,IN,AGL,CE,Combined TRACON& Tower with Radar,16,15,14,0,45,0,3,14,0,17,16,18,28,0,62,52,0,52,114
05/31/2022,SBN,IN,AGL,CE,Combined TRACON& Tower with Radar,23,20,11,0,54,0,8,8,0,16,23,28,19,0,70,24,0,24,94
06/01/2022,SBN,IN,AGL,CE,Combined TRACON& Tower with Radar,24,26,11,1,62,0,8,19,0,27,24,34,30,1,89,30,0,30,119
06/02/2022,SBN,IN,AGL,CE,Combined TRACON& Tower with Radar,21,19,19,0,59,0,9,26,0,35,21,28,45,0,94,62,0,62,156
06/03/2022,SBN,IN,AGL,CE,Combined TRACON& Tower with Radar,20,27,25,0,72,0,4,23,0,27,20,31,48,0,99,14,0,14,113
06/04/2022,SBN,IN,AGL,CE,Combined TRACON& Tower with Radar,21,24,12,0,57,0,7,15,0,22,21,31,27,0,79,108,0,108,187
06/05/2022,SBN,IN,AGL,CE,Combined TRACON& Tower with Radar,18,29,14,0,61,0,5,13,0,18,18,34,27,0,79,24,0,24,103
06/06/2022,SBN,IN,AGL,CE,Combined TRACON& Tower with Radar,19,19,9,0,47,0,0,8,0,8,19,19,17,0,55,44,0,44,99
06/07/2022,SBN,IN,AGL,CE,Combined TRACON& Tower with Radar,16,21,14,0,51,0,11,7,0,18,16,32,21,0,69,34,0,34,103
06/08/2022,SBN,IN,AGL,CE,Combined TRACON& Tower with Radar,22,23,12,0,57,0,13,15,0,28,22,36,27,0,85,70,0,70,155
06/09/2022,SBN,IN,AGL,CE,Combined TRACON& Tower with Radar,22,28,15,0,65,0,8,14,0,22,22,36,29,0,87,44,0,44,131
06/10/2022,SBN,IN,AGL,CE,Combined TRACON& Tower with Radar,17,23,27,0,67,0,6,15,0,21,17,29,42,0,88,70,0,70,158
06/11/2022,SBN,IN,AGL,CE,Combined TRACON& Tower with Radar,18,26,10,0,54,0,4,13,0,17,18,30,23,0,71,70,0,70,141
06/12/2022,SBN,IN,AGL,CE,Combined TRACON& Tower with Radar,18,21,14,0,53,0,0,5,0,5,18,21,19,0,58,58,0,58,116
06/13/2022,SBN,IN,AGL,CE,Combined TRACON& Tower with Radar,16,25,12,0,53,0,0,12,0,12,16,25,24,0,65,12,0,12,77
06/14/2022,SBN,IN,AGL,CE,Combined TRACON& Tower with Radar,17,22,18,0,57,0,5,27,0,32,17,27,45,0,89,46,0,46,135
06/15/2022,SBN,IN,AGL,CE,Combined TRACON& Tower with Radar,22,29,13,1,65,0,0,18,1,19,22,29,31,2,84,58,2,60,144
06/16/2022,SBN,IN,AGL,CE,Combined TRACON& Tower with Radar,22,16,20,10,68,0,6,19,0,25,22,22,39,10,93,24,10,34,127
06/17/2022,SBN,IN,AGL,CE,Combined TRACON& Tower with Radar,18,22,8,0,48,0,8,17,0,25,18,30,25,0,73,14,0,14,87
06/18/2022,SBN,IN,AGL,CE,Combined TRACON& Tower with Radar,17,23,6,0,46,0,5,22,0,27,17,28,28,0,73,61,0,61,134
06/19/2022,SBN,IN,AGL,CE,Combined TRACON& Tower with Radar,21,21,8,3,53,0,2,16,0,18,21,23,24,3,71,36,8,44,115
06/20/2022,SBN,IN,AGL,CE,Combined TRACON& Tower with Radar,17,26,23,0,66,0,5,19,0,24,17,31,42,0,90,18,0,18,108
06/21/2022,SBN,IN,AGL,CE,Combined TRACON& Tower with Radar,16,25,18,0,59,0,10,16,0,26,16,35,34,0,85,48,0,48,133
06/22/2022,SBN,IN,AGL,CE,Combined TRACON& Tower with Radar,22,25,10,8,65,0,2,21,0,23,22,27,31,8,88,84,0,84,172
06/23/2022,SBN,IN,AGL,CE,Combined TRACON& Tower with Radar,21,28,16,6,71,0,6,17,0,23,21,34,33,6,94,54,0,54,148
06/24/2022,SBN,IN,AGL,CE,Combined TRACON& Tower with Radar,16,33,17,0,66,0,9,25,2,36,16,42,42,2,102,46,0,46,148
06/25/2022,SBN,IN,AGL,CE,Combined TRACON& Tower with Radar,18,32,28,0,78,0,3,21,2,26,18,35,49,2,104,70,0,70,174
06/26/2022,SBN,IN,AGL,CE,Combined TRACON& Tower with Radar,18,29,32,0,79,0,2,17,0,19,18,31,49,0,98,62,0,62,160
06/27/2022,SBN,IN,AGL,CE,Combined TRACON& Tower with Radar,14,20,23,0,57,0,7,14,0,21,14,27,37,0,78,66,0,66,144
06/28/2022,SBN,IN,AGL,CE,Combined TRACON& Tower with Radar,18,20,16,0,54,0,20,25,0,45,18,40,41,0,99,118,0,118,217
06/29/2022,SBN,IN,AGL,CE,Combined TRACON& Tower with Radar,24,14,17,0,55,0,5,33,0,38,24,19,50,0,93,32,0,32,125
06/30/2022,SBN,IN,AGL,CE,Combined TRACON& Tower with Radar,22,18,27,0,67,0,0,21,0,21,22,18,48,0,88,46,0,46,134
07/01/2022,SBN,IN,AGL,CE,Combined TRACON& Tower with Radar,21,18,20,0,59,0,4,12,0,16,21,22,32,0,75,6,0,6,81
07/02/2022,SBN,IN,AGL,CE,Combined TRACON& Tower with Radar,17,27,10,0,54,0,0,15,0,15,17,27,25,0,69,26,0,26,95
07/03/2022,SBN,IN,AGL,CE,Combined TRACON& Tower with Radar,18,18,11,0,47,0,2,14,0,16,18,20,25,0,63,10,0,10,73
07/04/2022,SBN,IN,AGL,CE,Combined TRACON& Tower with Radar,14,16,10,0,40,0,0,6,0,6,14,16,16,0,46,14,0,14,60
07/05/2022,SBN,IN,AGL,CE,Combined TRACON& Tower with Radar,16,14,11,0,41,0,0,6,0,6,16,14,17,0,47,119,0,119,166
07/06/2022,SBN,IN,AGL,CE,Combined TRACON& Tower with Radar,23,17,5,0,45,0,2,2,0,4,23,19,7,0,49,26,0,26,75
07/07/2022,SBN,IN,AGL,CE,Combined TRACON& Tower with Radar,24,28,24,0,76,0,7,23,0,30,24,35,47,0,106,0,0,0,106
07/08/2022,SBN,IN,AGL,CE,Combined TRACON& Tower with Radar,17,19,15,0,51,0,0,10,0,10,17,19,25,0,61,28,0,28,89
07/09/2022,SBN,IN,AGL,CE,Combined TRACON& Tower with Radar,17,34,15,0,66,0,6,25,0,31,17,40,40,0,97,16,0,16,113
07/10/2022,SBN,IN,AGL,CE,Combined TRACON& Tower with Radar,18,20,16,0,54,0,2,14,0,16,18,22,30,0,70,94,0,94,164
07/11/2022,SBN,IN,AGL,CE,Combined TRACON& Tower with Radar,20,21,10,0,51,0,4,13,0,17,20,25,23,0,68,44,0,44,112
07/12/2022,SBN,IN,AGL,CE,Combined TRACON& Tower with Radar,18,16,13,2,49,0,8,17,0,25,18,24,30,2,74,22,0,22,96
07/13/2022,SBN,IN,AGL,CE,Combined TRACON& Tower with Radar,22,25,16,0,63,0,12,23,0,35,22,37,39,0,98,72,0,72,170
07/14/2022,SBN,IN,AGL,CE,Combined TRACON& Tower with Radar,20,28,24,0,72,0,7,29,0,36,20,35,53,0,108,82,0,82,190
07/15/2022,SBN,IN,AGL,CE,Combined TRACON& Tower with Radar,17,20,9,0,46,0,2,3,0,5,17,22,12,0,51,8,0,8,59
07/16/2022,SBN,IN,AGL,CE,Combined TRACON& Tower with Radar,18,22,27,4,71,0,0,5,0,5,18,22,32,4,76,32,8,40,116
07/17/2022,SBN,IN,AGL,CE,Combined TRACON& Tower with Radar,17,19,18,0,54,0,0,1,0,1,17,19,19,0,55,18,0,18,73
07/18/2022,SBN,IN,AGL,CE,Combined TRACON& Tower with Radar,16,22,22,0,60,0,4,24,0,28,16,26,46,0,88,62,0,62,150
07/19/2022,SBN,IN,AGL,CE,Combined TRACON& Tower with Radar,18,15,5,0,38,0,14,18,0,32,18,29,23,0,70,48,0,48,118
07/20/2022,SBN,IN,AGL,CE,Combined TRACON& Tower with Radar,22,18,13,0,53,0,4,22,0,26,22,22,35,0,79,32,0,32,111
07/21/2022,SBN,IN,AGL,CE,Combined TRACON& Tower with Radar,23,20,15,0,58,0,2,27,3,32,23,22,42,3,90,56,2,58,148
07/22/2022,SBN,IN,AGL,CE,Combined TRACON& Tower with Radar,17,21,13,8,59,0,6,42,3,51,17,27,55,11,110,42,6,48,158
07/23/2022,SBN,IN,AGL,CE,Combined TRACON& Tower with Radar,18,13,6,0,37,0,1,12,0,13,18,14,18,0,50,22,0,22,72
07/24/2022,SBN,IN,AGL,CE,Combined TRACON& Tower with Radar,19,14,17,1,51,0,0,11,0,11,19,14,28,1,62,2,0,2,64
07/25/2022,SBN,IN,AGL,CE,Combined TRACON& Tower with Radar,16,20,9,0,45,0,6,20,0,26,16,26,29,0,71,0,0,0,71
07/26/2022,SBN,IN,AGL,CE,Combined TRACON& Tower with Radar,18,33,20,0,71,0,8,21,0,29,18,41,41,0,100,20,0,20,120
07/27/2022,SBN,IN,AGL,CE,Combined TRACON& Tower with Radar,22,18,11,0,51,0,2,6,0,8,22,20,17,0,59,0,0,0,59
07/28/2022,SBN,IN,AGL,CE,Combined TRACON& Tower with Radar,22,26,18,0,66,0,8,22,0,30,22,34,40,0,96,80,0,80,176
07/29/2022,SBN,IN,AGL,CE,Combined TRACON& Tower with Radar,15,18,20,0,53,0,4,30,8,42,15,22,50,8,95,30,42,72,167
07/30/2022,SBN,IN,AGL,CE,Combined TRACON& Tower with Radar,17,22,12,12,63,0,2,31,0,33,17,24,43,12,96,30,12,42,138
07/31/2022,SBN,IN,AGL,CE,Combined TRACON& Tower with Radar,17,25,12,0,54,0,3,24,0,27,17,28,36,0,81,86,0,86,167
08/01/2022,SBN,IN,AGL,CE,Combined TRACON& Tower with Radar,17,20,13,0,50,0,4,6,0,10,17,24,19,0,60,70,0,70,130
08/02/2022,SBN,IN,AGL,CE,Combined TRACON& Tower with Radar,17,28,15,0,60,0,23,22,0,45,17,51,37,0,105,56,0,56,161
08/03/2022,SBN,IN,AGL,CE,Combined TRACON& Tower with Radar,23,19,15,0,57,0,2,20,0,22,23,21,35,0,79,14,0,14,93
08/04/2022,SBN,IN,AGL,CE,Combined TRACON& Tower with Radar,21,28,22,0,71,0,2,3,2,7,21,30,25,2,78,66,8,74,152
08/05/2022,SBN,IN,AGL,CE,Combined TRACON& Tower with Radar,18,22,26,0,66,0,1,9,0,10,18,23,35,0,76,10,0,10,86
08/06/2022,SBN,IN,AGL,CE,Combined TRACON& Tower with Radar,16,26,8,0,50,0,0,16,0,16,16,26,24,0,66,68,0,68,134
08/07/2022,SBN,IN,AGL,CE,Combined TRACON& Tower with Radar,17,22,8,0,47,0,0,8,0,8,17,22,16,0,55,44,0,44,99
08/08/2022,SBN,IN,AGL,CE,Combined TRACON& Tower with Radar,15,17,12,0,44,0,0,3,0,3,15,17,15,0,47,0,0,0,47
08/09/2022,SBN,IN,AGL,CE,Combined TRACON& Tower with Radar,18,20,18,0,56,0,2,15,0,17,18,22,33,0,73,70,0,70,143
08/10/2022,SBN,IN,AGL,CE,Combined TRACON& Tower with Radar,20,19,11,0,50,0,10,18,0,28,20,29,29,0,78,50,0,50,128
08/11/2022,SBN,IN,AGL,CE,Combined TRACON& Tower with Radar,20,25,17,4,66,0,2,15,0,17,20,27,32,4,83,74,0,74,157
08/12/2022,SBN,IN,AGL,CE,Combined TRACON& Tower with Radar,15,21,9,0,45,0,7,27,0,34,15,28,36,0,79,108,0,108,187
08/13/2022,SBN,IN,AGL,CE,Combined TRACON& Tower with Radar,16,23,5,0,44,0,0,22,0,22,16,23,27,0,66,50,0,50,116
08/14/2022,SBN,IN,AGL,CE,Combined TRACON& Tower with Radar,18,18,18,0,54,0,0,5,0,5,18,18,23,0,59,6,0,6,65
08/15/2022,SBN,IN,AGL,CE,Combined TRACON& Tower with Radar,15,22,13,4,54,0,8,31,0,39,15,30,44,4,93,14,0,14,107
08/16/2022,SBN,IN,AGL,CE,Combined TRACON& Tower with Radar,18,28,18,2,66,0,7,21,2,30,18,35,39,4,96,26,18,44,140
08/17/2022,SBN,IN,AGL,CE,Combined TRACON& Tower with Radar,17,27,15,0,59,0,6,26,0,32,17,33,41,0,91,58,40,98,189
08/18/2022,SBN,IN,AGL,CE,Combined TRACON& Tower with Radar,22,32,21,0,75,0,7,29,0,36,22,39,50,0,111,68,0,68,179
08/19/2022,SBN,IN,AGL,CE,Combined TRACON& Tower with Radar,18,33,21,0,72,0,4,26,2,32,18,37,47,2,104,28,2,30,134
08/20/2022,SBN,IN,AGL,CE,Combined TRACON& Tower with Radar,17,31,8,0,56,0,0,3,0,3,17,31,11,0,59,14,0,14,73
08/21/2022,SBN,IN,AGL,CE,Combined TRACON& Tower with Radar,16,30,20,0,66,0,0,4,0,4,16,30,24,0,70,6,0,6,76
08/22/2022,SBN,IN,AGL,CE,Combined TRACON& Tower with Radar,16,26,13,0,55,0,1,13,0,14,16,27,26,0,69,14,0,14,83
08/23/2022,SBN,IN,AGL,CE,Combined TRACON& Tower with Radar,18,17,17,2,54,0,11,28,0,39,18,28,45,2,93,104,2,106,199
08/24/2022,SBN,IN,AGL,CE,Combined TRACON& Tower with Radar,22,23,25,0,70,0,9,33,0,42,22,32,58,0,112,68,0,68,180
08/25/2022,SBN,IN,AGL,CE,Combined TRACON& Tower with Radar,20,19,12,0,51,0,2,13,0,15,20,21,25,0,66,4,0,4,70
08/26/2022,SBN,IN,AGL,CE,Combined TRACON& Tower with Radar,19,19,12,0,50,0,10,29,2,41,19,29,41,2,91,62,0,62,153
08/27/2022,SBN,IN,AGL,CE,Combined TRACON& Tower with Radar,15,28,8,0,51,0,5,107,2,114,15,33,115,2,165,104,0,104,269
08/28/2022,SBN,IN,AGL,CE,Combined TRACON& Tower with Radar,19,23,7,0,49,0,0,4,0,4,19,23,11,0,53,2,0,2,55
08/29/2022,SBN,IN,AGL,CE,Combined TRACON& Tower with Radar,18,20,20,0,58,0,0,5,0,5,18,20,25,0,63,4,0,4,67
08/30/2022,SBN,IN,AGL,CE,Combined TRACON& Tower with Radar,18,21,17,0,56,0,9,20,0,29,18,30,37,0,85,40,0,40,125
08/31/2022,SBN,IN,AGL,CE,Combined TRACON& Tower with Radar,19,21,15,0,55,0,4,30,0,34,19,25,45,0,89,54,0,54,143
09/01/2022,SBN,IN,AGL,CE,Combined TRACON& Tower with Radar,19,23,28,0,70,0,4,30,0,34,19,27,58,0,104,16,0,16,120
09/02/2022,SBN,IN,AGL,CE,Combined TRACON& Tower with Radar,23,19,16,4,62,0,7,27,0,34,23,26,43,4,96,34,0,34,130
09/03/2022,SBN,IN,AGL,CE,Combined TRACON& Tower with Radar,13,22,13,0,48,0,8,14,0,22,13,30,27,0,70,24,0,24,94
09/04/2022,SBN,IN,AGL,CE,Combined TRACON& Tower with Radar,18,15,14,1,48,0,0,0,0,0,18,15,14,1,48,4,0,4,52
09/05/2022,SBN,IN,AGL,CE,Combined TRACON& Tower with Radar,12,18,7,0,37,0,0,0,0,0,12,18,7,0,37,24,0,24,61
09/06/2022,SBN,IN,AGL,CE,Combined TRACON& Tower with Radar,22,18,20,0,60,0,0,12,0,12,22,18,32,0,72,98,0,98,170
09/07/2022,SBN,IN,AGL,CE,Combined TRACON& Tower with Radar,22,18,18,0,58,0,2,11,0,13,22,20,29,0,71,50,0,50,121
09/08/2022,SBN,IN,AGL,CE,Combined TRACON& Tower with Radar,22,34,43,0,99,0,8,25,0,33,22,42,68,0,132,118,0,118,250
09/09/2022,SBN,IN,AGL,CE,Combined TRACON& Tower with Radar,28,64,38,1,131,0,11,31,1,43,28,75,69,2,174,58,0,58,232
09/10/2022,SBN,IN,AGL,CE,Combined TRACON& Tower with Radar,20,60,59,0,139,0,0,53,17,70,20,60,112,17,209,82,0,82,291
09/11/2022,SBN,IN,AGL,CE,Combined TRACON& Tower with Radar,24,37,42,2,105,0,0,0,0,0,24,37,42,2,105,4,0,4,109
09/12/2022,SBN,IN,AGL,CE,Combined TRACON& Tower with Radar,24,21,20,0,65,0,0,0,0,0,24,21,20,0,65,0,0,0,65
09/13/2022,SBN,IN,AGL,CE,Combined TRACON& Tower with Radar,20,30,28,0,78,0,0,6,0,6,20,30,34,0,84,4,0,4,88
09/14/2022,SBN,IN,AGL,CE,Combined TRACON& Tower with Radar,22,34,28,0,84,0,13,28,0,41,22,47,56,0,125,40,0,40,165
09/15/2022,SBN,IN,AGL,CE,Combined TRACON& Tower with Radar,27,59,42,0,128,0,5,22,0,27,27,64,64,0,155,68,0,68,223
09/16/2022,SBN,IN,AGL,CE,Combined TRACON& Tower with Radar,30,73,60,2,165,0,3,22,0,25,30,76,82,2,190,24,2,26,216
09/17/2022,SBN,IN,AGL,CE,Combined TRACON& Tower with Radar,23,72,67,0,162,0,4,31,2,37,23,76,98,2,199,232,0,232,431
09/18/2022,SBN,IN,AGL,CE,Combined TRACON& Tower with Radar,26,88,77,0,191,0,0,14,0,14,26,88,91,0,205,10,0,10,215
09/19/2022,SBN,IN,AGL,CE,Combined TRACON& Tower with Radar,26,30,20,0,76,0,7,13,0,20,26,37,33,0,96,80,0,80,176
09/20/2022,SBN,IN,AGL,CE,Combined TRACON& Tower with Radar,23,28,16,0,67,0,8,17,0,25,23,36,33,0,92,14,0,14,106
09/21/2022,SBN,IN,AGL,CE,Combined TRACON& Tower with Radar,24,27,24,0,75,0,6,18,2,26,24,33,42,2,101,70,6,76,177
09/22/2022,SBN,IN,AGL,CE,Combined TRACON& Tower with Radar,28,26,20,0,74,0,0,30,0,30,28,26,50,0,104,94,0,94,198
09/23/2022,SBN,IN,AGL,CE,Combined TRACON& Tower with Radar,35,24,19,0,78,0,8,24,4,36,35,32,43,4,114,52,4,56,170
09/24/2022,SBN,IN,AGL,CE,Combined TRACON& Tower with Radar,21,24,16,0,61,0,11,17,0,28,21,35,33,0,89,62,0,62,151
09/25/2022,SBN,IN,AGL,CE,Combined TRACON& Tower with Radar,30,20,30,0,80,0,0,4,0,4,30,20,34,0,84,0,0,0,84
09/26/2022,SBN,IN,AGL,CE,Combined TRACON& Tower with Radar,25,16,28,0,69,0,0,8,0,8,25,16,36,0,77,26,0,26,103
09/27/2022,SBN,IN,AGL,CE,Combined TRACON& Tower with Radar,19,23,10,0,52,0,0,6,0,6,19,23,16,0,58,16,0,16,74
09/28/2022,SBN,IN,AGL,CE,Combined TRACON& Tower with Radar,21,27,25,0,73,0,5,21,0,26,21,32,46,0,99,76,0,76,175
09/29/2022,SBN,IN,AGL,CE,Combined TRACON& Tower with Radar,26,24,25,0,75,0,4,27,0,31,26,28,52,0,106,16,0,16,122
09/30/2022,SBN,IN,AGL,CE,Combined TRACON& Tower with Radar,23,21,27,0,71,0,7,42,0,49,23,28,69,0,120,80,0,80,200
10/01/2022,SBN,IN,AGL,CE,Combined TRACON& Tower with Radar,19,20,18,0,57,0,6,22,0,28,19,26,40,0,85,52,0,52,137
10/02/2022,SBN,IN,AGL,CE,Combined TRACON& Tower with Radar,22,21,22,0,65,0,0,15,0,15,22,21,37,0,80,20,0,20,100
10/03/2022,SBN,IN,AGL,CE,Combined TRACON& Tower with Radar,25,23,10,0,58,0,11,7,0,18,25,34,17,0,76,46,0,46,122
10/04/2022,SBN,IN,AGL,CE,Combined TRACON& Tower with Radar,20,16,16,0,52,0,1,20,0,21,20,17,36,0,73,48,0,48,121
10/05/2022,SBN,IN,AGL,CE,Combined TRACON& Tower with Radar,26,18,16,0,60,0,11,33,0,44,26,29,49,0,104,136,0,136,240
10/06/2022,SBN,IN,AGL,CE,Combined TRACON& Tower with Radar,30,22,23,0,75,1,2,9,0,12,31,24,32,0,87,20,0,20,107
10/07/2022,SBN,IN,AGL,CE,Combined TRACON& Tower with Radar,32,19,13,0,64,0,2,15,0,17,32,21,28,0,81,30,0,30,111
10/08/2022,SBN,IN,AGL,CE,Combined TRACON& Tower with Radar,25,16,14,2,57,0,3,18,2,23,25,19,32,4,80,16,0,16,96
10/09/2022,SBN,IN,AGL,CE,Combined TRACON& Tower with Radar,27,21,24,0,72,0,0,17,0,17,27,21,41,0,89,2,0,2,91
10/10/2022,SBN,IN,AGL,CE,Combined TRACON& Tower with Radar,28,18,11,0,57,0,7,18,0,25,28,25,29,0,82,24,0,24,106
10/11/2022,SBN,IN,AGL,CE,Combined TRACON& Tower with Radar,23,17,18,0,58,0,0,7,0,7,23,17,25,0,65,4,0,4,69
10/12/2022,SBN,IN,AGL,CE,Combined TRACON& Tower with Radar,28,32,18,0,78,0,0,2,0,2,28,32,20,0,80,0,0,0,80
10/13/2022,SBN,IN,AGL,CE,Combined TRACON& Tower with Radar,30,44,29,0,103,0,3,15,0,18,30,47,44,0,121,8,0,8,129
10/14/2022,SBN,IN,AGL,CE,Combined TRACON& Tower with Radar,38,70,49,1,158,0,6,9,0,15,38,76,58,1,173,4,0,4,177
10/15/2022,SBN,IN,AGL,CE,Combined TRACON& Tower with Radar,24,72,58,0,154,0,2,34,0,36,24,74,92,0,190,150,0,150,340
10/16/2022,SBN,IN,AGL,CE,Combined TRACON& Tower with Radar,37,92,67,0,196,0,0,26,0,26,37,92,93,0,222,20,0,20,242
10/17/2022,SBN,IN,AGL,CE,Combined TRACON& Tower with Radar,28,20,14,0,62,0,0,2,0,2,28,20,16,0,64,2,0,2,66
10/18/2022,SBN,IN,AGL,CE,Combined TRACON& Tower with Radar,23,18,10,0,51,0,0,0,0,0,23,18,10,0,51,0,0,0,51
10/19/2022,SBN,IN,AGL,CE,Combined TRACON& Tower with Radar,29,19,13,0,61,0,2,12,0,14,29,21,25,0,75,38,0,38,113
10/20/2022,SBN,IN,AGL,CE,Combined TRACON& Tower with Radar,29,27,34,0,90,0,5,30,0,35,29,32,64,0,125,26,0,26,151
10/21/2022,SBN,IN,AGL,CE,Combined TRACON& Tower with Radar,34,46,42,0,122,0,2,34,0,36,34,48,76,0,158,80,0,80,238
10/22/2022,SBN,IN,AGL,CE,Combined TRACON& Tower with Radar,28,47,48,0,123,0,0,19,0,19,28,47,67,0,142,98,0,98,240
10/23/2022,SBN,IN,AGL,CE,Combined TRACON& Tower with Radar,31,42,37,0,110,0,0,20,0,20,31,42,57,0,130,22,0,22,152
10/24/2022,SBN,IN,AGL,CE,Combined TRACON& Tower with Radar,28,18,16,2,64,0,2,27,0,29,28,20,43,2,93,46,0,46,139
10/25/2022,SBN,IN,AGL,CE,Combined TRACON& Tower with Radar,24,19,5,0,48,0,2,3,0,5,24,21,8,0,53,18,0,18,71
10/26/2022,SBN,IN,AGL,CE,Combined TRACON& Tower with Radar,27,16,22,0,65,0,0,7,0,7,27,16,29,0,72,64,0,64,136
10/27/2022,SBN,IN,AGL,CE,Combined TRACON& Tower with Radar,27,24,14,0,65,0,13,25,0,38,27,37,39,0,103,14,0,14,117
10/28/2022,SBN,IN,AGL,CE,Combined TRACON& Tower with Radar,32,15,26,0,73,0,9,20,0,29,32,24,46,0,102,58,0,58,160
10/29/2022,SBN,IN,AGL,CE,Combined TRACON& Tower with Radar,25,20,6,0,51,0,3,26,0,29,25,23,32,0,80,6,0,6,86
10/30/2022,SBN,IN,AGL,CE,Combined TRACON& Tower with Radar,22,12,21,0,55,0,0,12,0,12,22,12,33,0,67,6,0,6,73
10/31/2022,SBN,IN,AGL,CE,Combined TRACON& Tower with Radar,27,14,12,0,53,0,0,0,0,0,27,14,12,0,53,0,0,0,53
11/01/2022,SBN,IN,AGL,CE,Combined TRACON& Tower with Radar,22,15,18,0,55,0,1,6,0,7,22,16,24,0,62,16,0,16,78
11/02/2022,SBN,IN,AGL,CE,Combined TRACON& Tower with Radar,28,15,19,0,62,0,10,28,0,38,28,25,47,0,100,68,0,68,168
11/03/2022,SBN,IN,AGL,CE,Combined TRACON& Tower with Radar,31,44,62,0,137,0,17,25,0,42,31,61,87,0,179,28,0,28,207
11/04/2022,SBN,IN,AGL,CE,Combined TRACON& Tower with Radar,45,89,87,0,221,0,0,18,0,18,45,89,105,0,239,12,0,12,251
11/05/2022,SBN,IN,AGL,CE,Combined TRACON& Tower with Radar,22,68,68,0,158,0,0,6,3,9,22,68,74,3,167,12,0,12,179
11/06/2022,SBN,IN,AGL,CE,Combined TRACON& Tower with Radar,42,112,111,1,266,0,2,19,0,21,42,114,130,1,287,4,0,4,291
11/07/2022,SBN,IN,AGL,CE,Combined TRACON& Tower with Radar,26,34,25,0,85,0,7,35,0,42,26,41,60,0,127,22,0,22,149
11/08/2022,SBN,IN,AGL,CE,Combined TRACON& Tower with Radar,21,20,11,2,54,0,13,24,0,37,21,33,35,2,91,28,0,28,119
11/09/2022,SBN,IN,AGL,CE,Combined TRACON& Tower with Radar,26,18,28,0,72,0,2,26,0,28,26,20,54,0,100,48,0,48,148
11/10/2022,SBN,IN,AGL,CE,Combined TRACON& Tower with Radar,28,23,13,0,64,0,6,26,0,32,28,29,39,0,96,12,0,12,108
11/11/2022,SBN,IN,AGL,CE,Combined TRACON& Tower with Radar,29,20,12,1,62,0,0,4,0,4,29,20,16,1,66,4,0,4,70
11/12/2022,SBN,IN,AGL,CE,Combined TRACON& Tower with Radar,22,13,6,0,41,0,0,0,3,3,22,13,6,3,44,0,4,4,48
11/13/2022,SBN,IN,AGL,CE,Combined TRACON& Tower with Radar,20,18,12,0,50,0,0,12,0,12,20,18,24,0,62,40,0,40,102
11/14/2022,SBN,IN,AGL,CE,Combined TRACON& Tower with Radar,28,18,22,3,71,0,10,18,0,28,28,28,40,3,99,20,2,22,121
11/15/2022,SBN,IN,AGL,CE,Combined TRACON& Tower with Radar,23,12,12,0,47,0,0,2,0,2,23,12,14,0,49,16,0,16,65
11/16/2022,SBN,IN,AGL,CE,Combined TRACON& Tower with Radar,27,14,13,0,54,0,0,0,0,0,27,14,13,0,54,0,0,0,54
11/17/2022,SBN,IN,AGL,CE,Combined TRACON& Tower with Radar,24,45,20,0,89,0,0,0,0,0,24,45,20,0,89,0,0,0,89
11/18/2022,SBN,IN,AGL,CE,Combined TRACON& Tower with Radar,37,62,53,1,153,0,0,0,0,0,37,62,53,1,153,0,0,0,153
11/19/2022,SBN,IN,AGL,CE,Combined TRACON& Tower with Radar,26,65,49,0,140,0,0,6,2,8,26,65,55,2,148,0,0,0,148
11/20/2022,SBN,IN,AGL,CE,Combined TRACON& Tower with Radar,30,72,58,0,160,0,0,15,0,15,30,72,73,0,175,4,0,4,179
11/21/2022,SBN,IN,AGL,CE,Combined TRACON& Tower with Radar,25,33,19,1,78,0,10,6,0,16,25,43,25,1,94,20,0,20,114
11/22/2022,SBN,IN,AGL,CE,Combined TRACON& Tower with Radar,27,40,51,1,119,0,11,33,0,44,27,51,84,1,163,60,0,60,223
11/23/2022,SBN,IN,AGL,CE,Combined TRACON& Tower with Radar,35,27,16,0,78,0,8,25,0,33,35,35,41,0,111,40,0,40,151
11/24/2022,SBN,IN,AGL,CE,Combined TRACON& Tower with Radar,18,11,12,0,41,0,0,5,0,5,18,11,17,0,46,0,0,0,46
11/25/2022,SBN,IN,AGL,CE,Combined TRACON& Tower with Radar,28,25,25,0,78,0,0,9,0,9,28,25,34,0,87,18,0,18,105
11/26/2022,SBN,IN,AGL,CE,Combined TRACON& Tower with Radar,24,15,14,0,53,0,0,19,0,19,24,15,33,0,72,41,0,41,113
11/27/2022,SBN,IN,AGL,CE,Combined TRACON& Tower with Radar,30,36,27,0,93,0,0,1,0,1,30,36,28,0,94,0,0,0,94
11/28/2022,SBN,IN,AGL,CE,Combined TRACON& Tower with Radar,29,19,21,0,69,0,4,4,1,9,29,23,25,1,78,30,0,30,108
11/29/2022,SBN,IN,AGL,CE,Combined TRACON& Tower with Radar,20,20,20,0,60,0,2,4,0,6,20,22,24,0,66,18,0,18,84
11/30/2022,SBN,IN,AGL,CE,Combined TRACON& Tower with Radar,26,10,16,0,52,0,0,5,0,5,26,10,21,0,57,2,0,2,59
12/01/2022,SBN,IN,AGL,CE,Combined TRACON& Tower with Radar,28,15,13,8,64,0,12,17,0,29,28,27,30,8,93,58,10,68,161
12/02/2022,SBN,IN,AGL,CE,Combined TRACON& Tower with Radar,29,26,9,0,64,0,0,13,4,17,29,26,22,4,81,22,8,30,111
12/03/2022,SBN,IN,AGL,CE,Combined TRACON& Tower with Radar,24,17,9,0,50,0,0,7,0,7,24,17,16,0,57,0,0,0,57
12/04/2022,SBN,IN,AGL,CE,Combined TRACON& Tower with Radar,23,17,8,0,48,0,0,24,0,24,23,17,32,0,72,10,0,10,82
12/05/2022,SBN,IN,AGL,CE,Combined TRACON& Tower with Radar,26,18,10,1,55,0,4,12,3,19,26,22,22,4,74,32,0,32,106
12/06/2022,SBN,IN,AGL,CE,Combined TRACON& Tower with Radar,22,23,15,0,60,0,0,2,0,2,22,23,17,0,62,20,0,20,82
12/07/2022,SBN,IN,AGL,CE,Combined TRACON& Tower with Radar,25,12,15,0,52,0,0,2,0,2,25,12,17,0,54,2,0,2,56
12/08/2022,SBN,IN,AGL,CE,Combined TRACON& Tower with Radar,30,24,9,1,64,0,4,17,0,21,30,28,26,1,85,32,0,32,117
12/09/2022,SBN,IN,AGL,CE,Combined TRACON& Tower with Radar,28,19,7,0,54,0,0,0,0,0,28,19,7,0,54,2,0,2,56
12/10/2022,SBN,IN,AGL,CE,Combined TRACON& Tower with Radar,24,13,3,0,40,0,0,0,0,0,24,13,3,0,40,0,0,0,40
12/11/2022,SBN,IN,AGL,CE,Combined TRACON& Tower with Radar,23,17,4,0,44,0,0,2,0,2,23,17,6,0,46,0,0,0,46
12/12/2022,SBN,IN,AGL,CE,Combined TRACON& Tower with Radar,27,11,16,0,54,0,3,17,0,20,27,14,33,0,74,18,0,18,92
12/13/2022,SBN,IN,AGL,CE,Combined TRACON& Tower with Radar,24,19,20,10,73,0,0,10,0,10,24,19,30,10,83,22,12,34,117
12/14/2022,SBN,IN,AGL,CE,Combined TRACON& Tower with Radar,26,14,12,0,52,0,0,0,0,0,26,14,12,0,52,0,0,0,52
12/15/2022,SBN,IN,AGL,CE,Combined TRACON& Tower with Radar,26,19,22,0,67,0,0,4,0,4,26,19,26,0,71,16,0,16,87
12/16/2022,SBN,IN,AGL,CE,Combined TRACON& Tower with Radar,22,26,19,0,67,0,0,1,0,1,22,26,20,0,68,14,0,14,82
12/17/2022,SBN,IN,AGL,CE,Combined TRACON& Tower with Radar,27,16,3,0,46,0,0,0,0,0,27,16,3,0,46,0,0,0,46
12/18/2022,SBN,IN,AGL,CE,Combined TRACON& Tower with Radar,26,11,10,0,47,0,0,3,0,3,26,11,13,0,50,0,0,0,50
12/19/2022,SBN,IN,AGL,CE,Combined TRACON& Tower with Radar,24,18,7,0,49,0,0,3,0,3,24,18,10,0,52,2,0,2,54
12/20/2022,SBN,IN,AGL,CE,Combined TRACON& Tower with Radar,27,19,20,0,66,0,12,7,0,19,27,31,27,0,85,56,0,56,141
12/21/2022,SBN,IN,AGL,CE,Combined TRACON& Tower with Radar,28,32,9,0,69,0,0,3,0,3,28,32,12,0,72,16,0,16,88
12/22/2022,SBN,IN,AGL,CE,Combined TRACON& Tower with Radar,18,15,6,0,39,0,0,4,0,4,18,15,10,0,43,6,0,6,49
12/23/2022,SBN,IN,AGL,CE,Combined TRACON& Tower with Radar,4,1,1,0,6,0,0,0,0,0,4,1,1,0,6,0,0,0,6
12/24/2022,SBN,IN,AGL,CE,Combined TRACON& Tower with Radar,13,6,0,0,19,0,0,0,0,0,13,6,0,0,19,0,0,0,19
12/25/2022,SBN,IN,AGL,CE,Combined TRACON& Tower with Radar,26,14,0,0,40,0,0,2,0,2,26,14,2,0,42,8,0,8,50
12/26/2022,SBN,IN,AGL,CE,Combined TRACON& Tower with Radar,22,14,14,0,50,0,0,1,0,1,22,14,15,0,51,4,0,4,55
12/27/2022,SBN,IN,AGL,CE,Combined TRACON& Tower with Radar,29,15,12,0,56,0,0,10,0,10,29,15,22,0,66,42,0,42,108
12/28/2022,SBN,IN,AGL,CE,Combined TRACON& Tower with Radar,28,22,12,0,62,0,0,13,4,17,28,22,25,4,79,32,0,32,111
12/29/2022,SBN,IN,AGL,CE,Combined TRACON& Tower with Radar,29,17,7,0,53,0,0,2,0,2,29,17,9,0,55,0,0,0,55
12/30/2022,SBN,IN,AGL,CE,Combined TRACON& Tower with Radar,25,16,17,0,58,0,0,0,0,0,25,16,17,0,58,0,0,0,58
12/31/2022,SBN,IN,AGL,CE,Combined TRACON& Tower with Radar,26,13,11,0,50,0,0,2,0,2,26,13,13,0,52,0,0,0,52
01/01/2023,SBN,IN,AGL,CE,Combined TRACON& Tower with Radar,23,13,9,0,45,0,0,0,0,0,23,13,9,0,45,0,0,0,45
01/02/2023,SBN,IN,AGL,CE,Combined TRACON& Tower with Radar,25,18,3,0,46,0,0,0,0,0,25,18,3,0,46,0,0,0,46
01/03/2023,SBN,IN,AGL,CE,Combined TRACON& Tower with Radar,29,17,11,0,57,0,0,0,0,0,29,17,11,0,57,0,0,0,57
01/04/2023,SBN,IN,AGL,CE,Combined TRACON& Tower with Radar,20,19,9,0,48,0,0,18,0,18,20,19,27,0,66,22,0,22,88
01/05/2023,SBN,IN,AGL,CE,Combined TRACON& Tower with Radar,24,21,7,0,52,0,0,0,0,0,24,21,7,0,52,0,0,0,52
01/06/2023,SBN,IN,AGL,CE,Combined TRACON& Tower with Radar,28,14,8,0,50,0,0,2,0,2,28,14,10,0,52,12,0,12,64
01/07/2023,SBN,IN,AGL,CE,Combined TRACON& Tower with Radar,21,21,11,0,53,0,0,5,0,5,21,21,16,0,58,2,0,2,60
01/08/2023,SBN,IN,AGL,CE,Combined TRACON& Tower with Radar,23,21,13,0,57,1,0,9,0,10,24,21,22,0,67,30,0,30,97
01/09/2023,SBN,IN,AGL,CE,Combined TRACON& Tower with Radar,25,18,9,0,52,0,7,19,0,26,25,25,28,0,78,38,0,38,116
01/10/2023,SBN,IN,AGL,CE,Combined TRACON& Tower with Radar,23,13,11,0,47,0,2,9,0,11,23,15,20,0,58,38,0,38,96
01/11/2023,SBN,IN,AGL,CE,Combined TRACON& Tower with Radar,25,13,12,0,50,0,2,11,0,13,25,15,23,0,63,0,0,0,63
01/12/2023,SBN,IN,AGL,CE,Combined TRACON& Tower with Radar,29,19,5,0,53,0,0,0,0,0,29,19,5,0,53,0,0,0,53
01/13/2023,SBN,IN,AGL,CE,Combined TRACON& Tower with Radar,27,20,11,0,58,0,3,2,0,5,27,23,13,0,63,0,0,0,63
01/14/2023,SBN,IN,AGL,CE,Combined TRACON& Tower with Radar,22,17,3,0,42,0,1,11,0,12,22,18,14,0,54,2,0,2,56
01/15/2023,SBN,IN,AGL,CE,Combined TRACON& Tower with Radar,23,19,10,0,52,0,0,35,0,35,23,19,45,0,87,48,0,48,135
01/16/2023,SBN,IN,AGL,CE,Combined TRACON& Tower with Radar,25,20,24,0,69,0,0,2,0,2,25,20,26,0,71,10,0,10,81
01/17/2023,SBN,IN,AGL,CE,Combined TRACON& Tower with Radar,21,15,14,13,63,0,0,0,0,0,21,15,14,13,63,0,0,0,63
01/18/2023,SBN,IN,AGL,CE,Combined TRACON& Tower with Radar,24,18,14,0,56,0,0,2,3,5,24,18,16,3,61,6,0,6,67
01/19/2023,SBN,IN,AGL,CE,Combined TRACON& Tower with Radar,26,17,9,0,52,0,0,0,0,0,26,17,9,0,52,0,0,0,52
01/20/2023,SBN,IN,AGL,CE,Combined TRACON& Tower with Radar,27,24,20,0,71,0,0,0,0,0,27,24,20,0,71,0,0,0,71
01/21/2023,SBN,IN,AGL,CE,Combined TRACON& Tower with Radar,23,19,3,0,45,0,0,4,0,4,23,19,7,0,49,22,0,22,71
01/22/2023,SBN,IN,AGL,CE,Combined TRACON& Tower with Radar,21,15,14,0,50,0,0,0,0,0,21,15,14,0,50,13,0,13,63
01/23/2023,SBN,IN,AGL,CE,Combined TRACON& Tower with Radar,26,17,7,0,50,0,0,7,0,7,26,17,14,0,57,20,0,20,77
01/24/2023,SBN,IN,AGL,CE,Combined TRACON& Tower with Radar,20,14,13,0,47,0,0,0,0,0,20,14,13,0,47,0,0,0,47
01/25/2023,SBN,IN,AGL,CE,Combined TRACON& Tower with Radar,23,13,5,0,41,0,0,0,0,0,23,13,5,0,41,0,0,0,41
01/26/2023,SBN,IN,AGL,CE,Combined TRACON& Tower with Radar,25,15,12,0,52,0,0,0,0,0,25,15,12,0,52,0,0,0,52
01/27/2023,SBN,IN,AGL,CE,Combined TRACON& Tower with Radar,28,22,10,0,60,0,0,3,0,3,28,22,13,0,63,0,0,0,63
01/28/2023,SBN,IN,AGL,CE,Combined TRACON& Tower with Radar,32,10,9,0,51,0,2,11,0,13,32,12,20,0,64,32,0,32,96
01/29/2023,SBN,IN,AGL,CE,Combined TRACON& Tower with Radar,23,17,7,0,47,0,0,0,0,0,23,17,7,0,47,0,0,0,47
01/30/2023,SBN,IN,AGL,CE,Combined TRACON& Tower with Radar,25,21,4,0,50,0,0,0,0,0,25,21,4,0,50,0,0,0,50
01/31/2023,SBN,IN,AGL,CE,Combined TRACON& Tower with Radar,15,26,16,0,57,0,19,22,0,41,15,45,38,0,98,72,0,72,170
02/01/2023,SBN,IN,AGL,CE,Combined TRACON& Tower with Radar,20,25,14,0,59,0,12,22,0,34,20,37,36,0,93,36,0,36,129
02/02/2023,SBN,IN,AGL,CE,Combined TRACON& Tower with Radar,22,19,15,0,56,0,2,14,0,16,22,21,29,0,72,22,0,22,94
02/03/2023,SBN,IN,AGL,CE,Combined TRACON& Tower with Radar,27,18,14,0,59,0,1,1,0,2,27,19,15,0,61,0,0,0,61
02/04/2023,SBN,IN,AGL,CE,Combined TRACON& Tower with Radar,26,17,9,0,52,0,1,7,0,8,26,18,16,0,60,8,0,8,68
02/05/2023,SBN,IN,AGL,CE,Combined TRACON& Tower with Radar,24,18,8,0,50,0,0,12,0,12,24,18,20,0,62,6,0,6,68
02/06/2023,SBN,IN,AGL,CE,Combined TRACON& Tower with Radar,24,18,10,0,52,0,6,12,0,18,24,24,22,0,70,44,0,44,114
02/07/2023,SBN,IN,AGL,CE,Combined TRACON& Tower with Radar,24,16,11,3,54,0,0,6,2,8,24,16,17,5,62,14,2,16,78
02/08/2023,SBN,IN,AGL,CE,Combined TRACON& Tower with Radar,28,22,10,0,60,0,8,11,0,19,28,30,21,0,79,54,0,54,133
02/09/2023,SBN,IN,AGL,CE,Combined TRACON& Tower with Radar,25,25,8,0,58,0,0,0,0,0,25,25,8,0,58,0,0,0,58
02/10/2023,SBN,IN,AGL,CE,Combined TRACON& Tower with Radar,25,28,11,0,64,0,5,4,0,9,25,33,15,0,73,8,0,8,81
02/11/2023,SBN,IN,AGL,CE,Combined TRACON& Tower with Radar,28,24,10,0,62,0,14,33,0,47,28,38,43,0,109,71,0,71,180
02/12/2023,SBN,IN,AGL,CE,Combined TRACON& Tower with Radar,23,21,9,0,53,0,2,36,0,38,23,23,45,0,91,24,0,24,115
02/13/2023,SBN,IN,AGL,CE,Combined TRACON& Tower with Radar,25,26,18,0,69,0,8,7,0,15,25,34,25,0,84,40,0,40,124
02/14/2023,SBN,IN,AGL,CE,Combined TRACON& Tower with Radar,24,26,11,0,61,0,0,1,0,1,24,26,12,0,62,16,0,16,78
02/15/2023,SBN,IN,AGL,CE,Combined TRACON& Tower with Radar,28,18,10,0,56,0,0,2,0,2,28,18,12,0,58,0,0,0,58
02/16/2023,SBN,IN,AGL,CE,Combined TRACON& Tower with Radar,28,18,10,0,56,0,0,0,0,0,28,18,10,0,56,106,0,106,162
02/17/2023,SBN,IN,AGL,CE,Combined TRACON& Tower with Radar,29,18,22,0,69,0,0,8,0,8,29,18,30,0,77,12,0,12,89
02/18/2023,SBN,IN,AGL,CE,Combined TRACON& Tower with Radar,25,23,5,0,53,0,3,11,0,14,25,26,16,0,67,54,0,54,121
02/19/2023,SBN,IN,AGL,CE,Combined TRACON& Tower with Radar,27,31,12,0,70,0,2,7,0,9,27,33,19,0,79,20,0,20,99
02/20/2023,SBN,IN,AGL,CE,Combined TRACON& Tower with Radar,25,20,24,0,69,0,17,35,0,52,25,37,59,0,121,0,0,0,121
02/21/2023,SBN,IN,AGL,CE,Combined TRACON& Tower with Radar,25,25,13,0,63,0,10,16,0,26,25,35,29,0,89,36,0,36,125
02/22/2023,SBN,IN,AGL,CE,Combined TRACON& Tower with Radar,25,24,13,0,62,0,0,0,0,0,25,24,13,0,62,0,0,0,62
02/23/2023,SBN,IN,AGL,CE,Combined TRACON& Tower with Radar,24,28,13,0,65,0,0,0,0,0,24,28,13,0,65,0,0,0,65
02/24/2023,SBN,IN,AGL,CE,Combined TRACON& Tower with Radar,29,27,11,1,68,0,5,18,0,23,29,32,29,1,91,30,0,30,121
02/25/2023,SBN,IN,AGL,CE,Combined TRACON& Tower with Radar,26,17,7,0,50,0,0,17,0,17,26,17,24,0,67,6,0,6,73
02/26/2023,SBN,IN,AGL,CE,Combined TRACON& Tower with Radar,23,25,8,0,56,0,6,34,0,40,23,31,42,0,96,54,0,54,150
02/27/2023,SBN,IN,AGL,CE,Combined TRACON& Tower with Radar,23,15,2,0,40,0,0,0,0,0,23,15,2,0,40,0,0,0,40
02/28/2023,SBN,IN,AGL,CE,Combined TRACON& Tower with Radar,27,22,9,0,58,0,6,10,0,16,27,28,19,0,74,40,0,40,114
03/01/2023,SBN,IN,AGL,CE,Combined TRACON& Tower with Radar,23,26,26,3,78,0,5,29,0,34,23,31,55,3,112,64,0,64,176
03/02/2023,SBN,IN,AGL,CE,Combined TRACON& Tower with Radar,24,23,10,0,57,0,0,4,0,4,24,23,14,0,61,8,0,8,69
03/03/2023,SBN,IN,AGL,CE,Combined TRACON& Tower with Radar,25,7,2,0,34,0,0,3,0,3,25,7,5,0,37,0,0,0,37
03/04/2023,SBN,IN,AGL,CE,Combined TRACON& Tower with Radar,26,12,3,0,41,0,0,9,0,9,26,12,12,0,50,8,0,8,58
03/05/2023,SBN,IN,AGL,CE,Combined TRACON& Tower with Radar,24,16,9,0,49,0,2,19,0,21,24,18,28,0,70,74,0,74,144
03/06/2023,SBN,IN,AGL,CE,Combined TRACON& Tower with Radar,24,18,5,0,47,0,0,4,0,4,24,18,9,0,51,14,0,14,65
03/07/2023,SBN,IN,AGL,CE,Combined TRACON& Tower with Radar,22,20,9,0,51,0,6,27,0,33,22,26,36,0,84,24,0,24,108
03/08/2023,SBN,IN,AGL,CE,Combined TRACON& Tower with Radar,26,23,19,0,68,0,8,42,0,50,26,31,61,0,118,56,0,56,174
03/09/2023,SBN,IN,AGL,CE,Combined TRACON& Tower with Radar,25,25,20,0,70,0,8,2,1,11,25,33,22,1,81,12,0,12,93
03/10/2023,SBN,IN,AGL,CE,Combined TRACON& Tower with Radar,29,20,9,0,58,0,0,1,0,1,29,20,10,0,59,0,0,0,59
03/11/2023,SBN,IN,AGL,CE,Combined TRACON& Tower with Radar,25,22,15,0,62,0,0,22,0,22,25,22,37,0,84,55,0,55,139
03/12/2023,SBN,IN,AGL,CE,Combined TRACON& Tower with Radar,21,18,2,0,41,0,0,0,0,0,21,18,2,0,41,0,0,0,41
03/13/2023,SBN,IN,AGL,CE,Combined TRACON& Tower with Radar,32,14,6,0,52,0,0,0,0,0,32,14,6,0,52,0,0,0,52
03/14/2023,SBN,IN,AGL,CE,Combined TRACON& Tower with Radar,26,23,21,0,70,0,4,19,1,24,26,27,40,1,94,48,0,48,142
03/15/2023,SBN,IN,AGL,CE,Combined TRACON& Tower with Radar,30,31,29,4,94,0,17,36,0,53,30,48,65,4,147,44,0,44,191
03/16/2023,SBN,IN,AGL,CE,Combined TRACON& Tower with Radar,25,13,8,0,46,0,4,6,0,10,25,17,14,0,56,0,0,0,56
03/17/2023,SBN,IN,AGL,CE,Combined TRACON& Tower with Radar,31,24,8,0,63,0,0,2,0,2,31,24,10,0,65,0,0,0,65
03/18/2023,SBN,IN,AGL,CE,Combined TRACON& Tower with Radar,27,16,9,2,54,0,0,0,0,0,27,16,9,2,54,0,0,0,54
03/19/2023,SBN,IN,AGL,CE,Combined TRACON& Tower with Radar,24,33,12,0,69,0,4,22,0,26,24,37,34,0,95,18,0,18,113
03/20/2023,SBN,IN,AGL,CE,Combined TRACON& Tower with Radar,28,17,16,0,61,0,3,6,0,9,28,20,22,0,70,16,0,16,86
03/21/2023,SBN,IN,AGL,CE,Combined TRACON& Tower with Radar,24,17,25,0,66,0,9,33,0,42,24,26,58,0,108,44,0,44,152
03/22/2023,SBN,IN,AGL,CE,Combined TRACON& Tower with Radar,25,18,9,0,52,0,0,0,0,0,25,18,9,0,52,0,0,0,52
03/23/2023,SBN,IN,AGL,CE,Combined TRACON& Tower with Radar,29,21,10,1,61,0,0,2,2,4,29,21,12,3,65,2,0,2,67
03/24/2023,SBN,IN,AGL,CE,Combined TRACON& Tower with Radar,29,28,14,0,71,0,2,10,0,12,29,30,24,0,83,21,0,21,104
03/25/2023,SBN,IN,AGL,CE,Combined TRACON& Tower with Radar,30,16,5,0,51,0,0,1,0,1,30,16,6,0,52,0,0,0,52
03/26/2023,SBN,IN,AGL,CE,Combined TRACON& Tower with Radar,22,20,18,0,60,0,4,29,0,33,22,24,47,0,93,66,0,66,159
03/27/2023,SBN,IN,AGL,CE,Combined TRACON& Tower with Radar,28,15,14,0,57,0,4,10,0,14,28,19,24,0,71,12,0,12,83
03/28/2023,SBN,IN,AGL,CE,Combined TRACON& Tower with Radar,24,18,10,0,52,0,6,29,0,35,24,24,39,0,87,36,0,36,123
03/29/2023,SBN,IN,AGL,CE,Combined TRACON& Tower with Radar,27,20,13,0,60,0,2,10,0,12,27,22,23,0,72,6,0,6,78
03/30/2023,SBN,IN,AGL,CE,Combined TRACON& Tower with Radar,29,26,11,0,66,0,11,36,0,47,29,37,47,0,113,14,0,14,127
03/31/2023,SBN,IN,AGL,CE,Combined TRACON& Tower with Radar,31,23,5,0,59,0,0,2,0,2,31,23,7,0,61,0,0,0,61
04/01/2023,SBN,IN,AGL,CE,Combined TRACON& Tower with Radar,29,17,6,0,52,0,0,0,0,0,29,17,6,0,52,0,0,0,52
04/02/2023,SBN,IN,AGL,CE,Combined TRACON& Tower with Radar,23,31,12,0,66,0,2,20,0,22,23,33,32,0,88,32,0,32,120
04/03/2023,SBN,IN,AGL,CE,Combined TRACON& Tower with Radar,28,22,9,0,59,0,8,9,0,17,28,30,18,0,76,42,0,42,118
04/04/2023,SBN,IN,AGL,CE,Combined TRACON& Tower with Radar,23,17,7,2,49,0,0,0,0,0,23,17,7,2,49,0,0,0,49
04/05/2023,SBN,IN,AGL,CE,Combined TRACON& Tower with Radar,32,19,5,0,56,0,0,0,0,0,32,19,5,0,56,0,0,0,56
04/06/2023,SBN,IN,AGL,CE,Combined TRACON& Tower with Radar,23,29,29,0,81,0,4,38,0,42,23,33,67,0,123,43,0,43,166
04/07/2023,SBN,IN,AGL,CE,Combined TRACON& Tower with Radar,30,22,17,0,69,0,0,32,0,32,30,22,49,0,101,46,0,46,147
04/08/2023,SBN,IN,AGL,CE,Combined TRACON& Tower with Radar,27,19,26,0,72,0,2,33,0,35,27,21,59,0,107,44,0,44,151
04/09/2023,SBN,IN,AGL,CE,Combined TRACON& Tower with Radar,20,22,3,0,45,0,1,20,0,21,20,23,23,0,66,12,0,12,78
04/10/2023,SBN,IN,AGL,CE,Combined TRACON& Tower with Radar,28,39,29,0,96,0,11,27,0,38,28,50,56,0,134,26,0,26,160
04/11/2023,SBN,IN,AGL,CE,Combined TRACON& Tower with Radar,22,30,23,2,77,0,2,9,2,13,22,32,32,4,90,10,0,10,100
04/12/2023,SBN,IN,AGL,CE,Combined TRACON& Tower with Radar,27,29,25,0,81,0,0,24,1,25,27,29,49,1,106,26,0,26,132
04/13/2023,SBN,IN,AGL,CE,Combined TRACON& Tower with Radar,26,20,18,3,67,0,10,21,1,32,26,30,39,4,99,25,0,25,124
04/14/2023,SBN,IN,AGL,CE,Combined TRACON& Tower with Radar,27,34,18,0,79,0,17,20,0,37,27,51,38,0,116,4,0,4,120
04/15/2023,SBN,IN,AGL,CE,Combined TRACON& Tower with Radar,22,20,17,0,59,0,0,26,0,26,22,20,43,0,85,6,0,6,91
04/16/2023,SBN,IN,AGL,CE,Combined TRACON& Tower with Radar,21,26,14,0,61,0,0,0,0,0,21,26,14,0,61,2,0,2,63
04/17/2023,SBN,IN,AGL,CE,Combined TRACON& Tower with Radar,22,33,13,0,68,0,0,0,2,2,22,33,13,2,70,0,0,0,70
04/18/2023,SBN,IN,AGL,CE,Combined TRACON& Tower with Radar,20,23,19,1,63,0,2,28,3,33,20,25,47,4,96,12,0,12,108
04/19/2023,SBN,IN,AGL,CE,Combined TRACON& Tower with Radar,23,33,12,0,68,0,2,9,0,11,23,35,21,0,79,16,0,16,95
04/20/2023,SBN,IN,AGL,CE,Combined TRACON& Tower with Radar,31,21,22,0,74,0,1,3,0,4,31,22,25,0,78,4,0,4,82
04/21/2023,SBN,IN,AGL,CE,Combined TRACON& Tower with Radar,23,27,17,2,69,0,15,18,3,36,23,42,35,5,105,27,0,27,132
04/22/2023,SBN,IN,AGL,CE,Combined TRACON& Tower with Radar,22,20,10,0,52,0,0,6,0,6,22,20,16,0,58,12,0,12,70
04/23/2023,SBN,IN,AGL,CE,Combined TRACON& Tower with Radar,23,27,11,0,61,0,0,0,0,0,23,27,11,0,61,0,0,0,61
04/24/2023,SBN,IN,AGL,CE,Combined TRACON& Tower with Radar,22,16,12,0,50,0,7,9,0,16,22,23,21,0,66,6,0,6,72
04/25/2023,SBN,IN,AGL,CE,Combined TRACON& Tower with Radar,21,16,14,0,51,0,0,0,0,0,21,16,14,0,51,2,0,2,53
04/26/2023,SBN,IN,AGL,CE,Combined TRACON& Tower with Radar,22,28,25,0,75,0,6,32,0,38,22,34,57,0,113,24,0,24,137
04/27/2023,SBN,IN,AGL,CE,Combined TRACON& Tower with Radar,25,20,26,0,71,0,7,44,0,51,25,27,70,0,122,30,0,30,152
04/28/2023,SBN,IN,AGL,CE,Combined TRACON& Tower with Radar,24,21,18,0,63,0,0,9,0,9,24,21,27,0,72,20,0,20,92
04/29/2023,SBN,IN,AGL,CE,Combined TRACON& Tower with Radar,26,16,9,0,51,0,0,28,0,28,26,16,37,0,79,56,0,56,135
04/30/2023,SBN,IN,AGL,CE,Combined TRACON& Tower with Radar,24,25,12,0,61,0,0,9,0,9,24,25,21,0,70,4,0,4,74
05/01/2023,SBN,IN,AGL,CE,Combined TRACON& Tower with Radar,25,15,11,0,51,0,0,0,0,0,25,15,11,0,51,0,0,0,51
05/02/2023,SBN,IN,AGL,CE,Combined TRACON& Tower with Radar,20,18,8,0,46,0,0,0,0,0,20,18,8,0,46,0,0,0,46
05/03/2023,SBN,IN,AGL,CE,Combined TRACON& Tower with Radar,23,32,19,0,74,0,8,15,0,23,23,40,34,0,97,22,0,22,119
05/04/2023,SBN,IN,AGL,CE,Combined TRACON& Tower with Radar,25,34,28,0,87,0,7,38,0,45,25,41,66,0,132,38,0,38,170
05/05/2023,SBN,IN,AGL,CE,Combined TRACON& Tower with Radar,28,29,27,0,84,0,6,27,0,33,28,35,54,0,117,14,0,14,131
05/06/2023,SBN,IN,AGL,CE,Combined TRACON& Tower with Radar,23,20,14,0,57,0,4,10,0,14,23,24,24,0,71,14,0,14,85
05/07/2023,SBN,IN,AGL,CE,Combined TRACON& Tower with Radar,20,19,17,0,56,0,0,4,0,4,20,19,21,0,60,0,0,0,60
05/08/2023,SBN,IN,AGL,CE,Combined TRACON& Tower with Radar,25,24,15,0,64,0,0,3,0,3,25,24,18,0,67,12,0,12,79
05/09/2023,SBN,IN,AGL,CE,Combined TRACON& Tower with Radar,22,28,3,0,53,0,9,32,0,41,22,37,35,0,94,62,0,62,156
05/10/2023,SBN,IN,AGL,CE,Combined TRACON& Tower with Radar,25,21,24,0,70,0,11,42,0,53,25,32,66,0,123,4,0,4,127
05/11/2023,SBN,IN,AGL,CE,Combined TRACON& Tower with Radar,30,28,12,16,86,0,3,5,0,8,30,31,17,16,94,0,0,0,94
05/12/2023,SBN,IN,AGL,CE,Combined TRACON& Tower with Radar,29,18,18,2,67,0,0,13,0,13,29,18,31,2,80,0,0,0,80
05/13/2023,SBN,IN,AGL,CE,Combined TRACON& Tower with Radar,27,21,19,0,67,0,0,4,0,4,27,21,23,0,71,6,0,6,77
05/14/2023,SBN,IN,AGL,CE,Combined TRACON& Tower with Radar,24,20,9,0,53,0,0,9,0,9,24,20,18,0,62,2,0,2,64
05/15/2023,SBN,IN,AGL,CE,Combined TRACON& Tower with Radar,28,19,16,0,63,0,0,17,0,17,28,19,33,0,80,20,0,20,100
05/16/2023,SBN,IN,AGL,CE,Combined TRACON& Tower with Radar,20,21,26,0,67,0,6,19,0,25,20,27,45,0,92,64,0,64,156
05/17/2023,SBN,IN,AGL,CE,Combined TRACON& Tower with Radar,26,14,30,9,79,0,4,23,0,27,26,18,53,9,106,28,2,30,136
05/18/2023,SBN,IN,AGL,CE,Combined TRACON& Tower with Radar,31,60,29,1,121,0,10,17,5,32,31,70,46,6,153,36,16,52,205
05/19/2023,SBN,IN,AGL,CE,Combined TRACON& Tower with Radar,24,37,41,0,102,2,2,4,0,8,26,39,45,0,110,14,0,14,124
05/20/2023,SBN,IN,AGL,CE,Combined TRACON& Tower with Radar,23,30,16,0,69,0,3,11,0,14,23,33,27,0,83,28,0,28,111
05/21/2023,SBN,IN,AGL,CE,Combined TRACON& Tower with Radar,28,59,48,0,135,0,0,24,0,24,28,59,72,0,159,10,0,10,169
05/22/2023,SBN,IN,AGL,CE,Combined TRACON& Tower with Radar,25,44,29,0,98,0,7,16,9,32,25,51,45,9,130,26,0,26,156
05/23/2023,SBN,IN,AGL,CE,Combined TRACON& Tower with Radar,24,17,12,0,53,0,0,35,0,35,24,17,47,0,88,40,0,40,128
05/24/2023,SBN,IN,AGL,CE,Combined TRACON& Tower with Radar,24,23,20,0,67,0,4,7,0,11,24,27,27,0,78,24,0,24,102
05/25/2023,SBN,IN,AGL,CE,Combined TRACON& Tower with Radar,30,30,26,0,86,0,5,18,0,23,30,35,44,0,109,58,0,58,167
05/26/2023,SBN,IN,AGL,CE,Combined TRACON& Tower with Radar,28,19,24,2,73,0,11,12,0,23,28,30,36,2,96,96,0,96,192
05/27/2023,SBN,IN,AGL,CE,Combined TRACON& Tower with Radar,23,22,4,0,49,0,3,12,0,15,23,25,16,0,64,26,0,26,90
05/28/2023,SBN,IN,AGL,CE,Combined TRACON& Tower with Radar,27,13,6,0,46,0,0,14,0,14,27,13,20,0,60,14,0,14,74
05/29/2023,SBN,IN,AGL,CE,Combined TRACON& Tower with Radar,24,25,7,0,56,0,0,26,0,26,24,25,33,0,82,78,0,78,160
05/30/2023,SBN,IN,AGL,CE,Combined TRACON& Tower with Radar,23,41,4,12,80,0,8,22,0,30,23,49,26,12,110,56,14,70,180
05/31/2023,SBN,IN,AGL,CE,Combined TRACON& Tower with Radar,24,36,10,2,72,0,5,18,6,29,24,41,28,8,101,30,0,30,131
06/01/2023,SBN,IN,AGL,CE,Combined TRACON& Tower with Radar,31,15,21,0,67,0,1,12,0,13,31,16,33,0,80,42,0,42,122
06/02/2023,SBN,IN,AGL,CE,Combined TRACON& Tower with Radar,27,22,19,0,68,0,2,17,0,19,27,24,36,0,87,30,0,30,117
06/03/2023,SBN,IN,AGL,CE,Combined TRACON& Tower with Radar,21,16,11,0,48,0,8,13,0,21,21,24,24,0,69,24,0,24,93
06/04/2023,SBN,IN,AGL,CE,Combined TRACON& Tower with Radar,27,19,7,0,53,0,2,18,0,20,27,21,25,0,73,45,0,45,118
06/05/2023,SBN,IN,AGL,CE,Combined TRACON& Tower with Radar,26,33,27,0,86,0,11,16,0,27,26,44,43,0,113,34,0,34,147
06/06/2023,SBN,IN,AGL,CE,Combined TRACON& Tower with Radar,21,23,19,0,63,0,11,30,0,41,21,34,49,0,104,84,0,84,188
06/07/2023,SBN,IN,AGL,CE,Combined TRACON& Tower with Radar,27,17,13,0,57,0,5,9,3,17,27,22,22,3,74,42,0,42,116
06/08/2023,SBN,IN,AGL,CE,Combined TRACON& Tower with Radar,30,23,26,0,79,0,15,32,0,47,30,38,58,0,126,86,0,86,212
06/09/2023,SBN,IN,AGL,CE,Combined TRACON& Tower with Radar,27,16,12,0,55,0,7,13,0,20,27,23,25,0,75,40,0,40,115
06/10/2023,SBN,IN,AGL,CE,Combined TRACON& Tower with Radar,18,25,16,0,59,0,5,24,0,29,18,30,40,0,88,38,0,38,126
06/11/2023,SBN,IN,AGL,CE,Combined TRACON& Tower with Radar,24,22,8,0,54,0,0,3,0,3,24,22,11,0,57,18,0,18,75
06/12/2023,SBN,IN,AGL,CE,Combined TRACON& Tower with Radar,24,19,15,0,58,0,6,4,2,12,24,25,19,2,70,50,0,50,120
06/13/2023,SBN,IN,AGL,CE,Combined TRACON& Tower with Radar,22,18,14,0,54,0,1,2,2,5,22,19,16,2,59,18,4,22,81
06/14/2023,SBN,IN,AGL,CE,Combined TRACON& Tower with Radar,28,17,30,2,77,0,6,9,0,15,28,23,39,2,92,36,0,36,128
06/15/2023,SBN,IN,AGL,CE,Combined TRACON& Tower with Radar,32,20,28,0,80,0,4,11,0,15,32,24,39,0,95,8,0,8,103
06/16/2023,SBN,IN,AGL,CE,Combined TRACON& Tower with Radar,28,30,23,0,81,0,0,8,0,8,28,30,31,0,89,8,0,8,97
06/17/2023,SBN,IN,AGL,CE,Combined TRACON& Tower with Radar,21,19,10,0,50,0,6,23,0,29,21,25,33,0,79,24,0,24,103
06/18/2023,SBN,IN,AGL,CE,Combined TRACON& Tower with Radar,25,15,4,0,44,0,3,13,0,16,25,18,17,0,60,62,0,62,122
06/19/2023,SBN,IN,AGL,CE,Combined TRACON& Tower with Radar,26,17,17,0,60,0,10,23,0,33,26,27,40,0,93,46,0,46,139
06/20/2023,SBN,IN,AGL,CE,Combined TRACON& Tower with Radar,23,18,18,0,59,0,15,23,0,38,23,33,41,0,97,48,0,48,145
06/21/2023,SBN,IN,AGL,CE,Combined TRACON& Tower with Radar,25,26,20,0,71,0,9,11,0,20,25,35,31,0,91,32,0,32,123
06/22/2023,SBN,IN,AGL,CE,Combined TRACON& Tower with Radar,30,26,13,29,98,0,7,17,0,24,30,33,30,29,122,15,0,15,137
06/23/2023,SBN,IN,AGL,CE,Combined TRACON& Tower with Radar,28,11,13,2,54,0,8,16,2,26,28,19,29,4,80,46,0,46,126
06/24/2023,SBN,IN,AGL,CE,Combined TRACON& Tower with Radar,21,15,6,0,42,0,5,28,0,33,21,20,34,0,75,13,0,13,88
06/25/2023,SBN,IN,AGL,CE,Combined TRACON& Tower with Radar,26,16,6,0,48,0,0,3,0,3,26,16,9,0,51,14,0,14,65
06/26/2023,SBN,IN,AGL,CE,Combined TRACON& Tower with Radar,37,10,17,0,64,0,0,0,0,0,37,10,17,0,64,2,0,2,66
06/27/2023,SBN,IN,AGL,CE,Combined TRACON& Tower with Radar,25,34,19,0,78,0,0,0,0,0,25,34,19,0,78,10,0,10,88
06/28/2023,SBN,IN,AGL,CE,Combined TRACON& Tower with Radar,28,25,28,0,81,0,0,0,0,0,28,25,28,0,81,8,0,8,89
06/29/2023,SBN,IN,AGL,CE,Combined TRACON& Tower with Radar,32,18,38,0,88,0,0,2,0,2,32,18,40,0,90,0,0,0,90
06/30/2023,SBN,IN,AGL,CE,Combined TRACON& Tower with Radar,26,18,16,0,60,0,0,7,0,7,26,18,23,0,67,20,0,20,87
07/01/2023,SBN,IN,AGL,CE,Combined TRACON& Tower with Radar,20,21,15,0,56,0,0,6,0,6,20,21,21,0,62,2,0,2,64
07/02/2023,SBN,IN,AGL,CE,Combined TRACON& Tower with Radar,24,11,15,0,50,0,0,0,0,0,24,11,15,0,50,0,0,0,50
07/03/2023,SBN,IN,AGL,CE,Combined TRACON& Tower with Radar,22,19,15,0,56,0,10,17,0,27,22,29,32,0,83,42,0,42,125
07/04/2023,SBN,IN,AGL,CE,Combined TRACON& Tower with Radar,14,16,9,0,39,0,2,15,0,17,14,18,24,0,56,26,0,26,82
07/05/2023,SBN,IN,AGL,CE,Combined TRACON& Tower with Radar,29,27,9,0,65,0,4,8,2,14,29,31,17,2,79,56,0,56,135
07/06/2023,SBN,IN,AGL,CE,Combined TRACON& Tower with Radar,29,16,12,0,57,0,5,12,1,18,29,21,24,1,75,18,0,18,93
07/07/2023,SBN,IN,AGL,CE,Combined TRACON& Tower with Radar,25,17,14,0,56,0,13,31,0,44,25,30,45,0,100,70,0,70,170
07/08/2023,SBN,IN,AGL,CE,Combined TRACON& Tower with Radar,19,22,15,0,56,0,3,2,0,5,19,25,17,0,61,30,0,30,91
07/09/2023,SBN,IN,AGL,CE,Combined TRACON& Tower with Radar,27,12,8,0,47,0,0,13,1,14,27,12,21,1,61,29,0,29,90
07/10/2023,SBN,IN,AGL,CE,Combined TRACON& Tower with Radar,26,34,13,2,75,0,17,19,0,36,26,51,32,2,111,74,0,74,185
07/11/2023,SBN,IN,AGL,CE,Combined TRACON& Tower with Radar,24,25,9,0,58,0,6,10,0,16,24,31,19,0,74,16,0,16,90
07/12/2023,SBN,IN,AGL,CE,Combined TRACON& Tower with Radar,29,17,12,0,58,0,0,2,0,2,29,17,14,0,60,2,0,2,62
07/13/2023,SBN,IN,AGL,CE,Combined TRACON& Tower with Radar,33,19,8,0,60,0,0,5,0,5,33,19,13,0,65,15,0,15,80
07/14/2023,SBN,IN,AGL,CE,Combined TRACON& Tower with Radar,27,23,10,0,60,0,5,15,0,20,27,28,25,0,80,20,0,20,100
07/15/2023,SBN,IN,AGL,CE,Combined TRACON& Tower with Radar,18,19,14,0,51,0,2,7,0,9,18,21,21,0,60,8,0,8,68
07/16/2023,SBN,IN,AGL,CE,Combined TRACON& Tower with Radar,26,23,9,0,58,0,0,13,0,13,26,23,22,0,71,0,0,0,71
07/17/2023,SBN,IN,AGL,CE,Combined TRACON& Tower with Radar,26,33,12,0,71,0,2,15,0,17,26,35,27,0,88,18,0,18,106
07/18/2023,SBN,IN,AGL,CE,Combined TRACON& Tower with Radar,23,28,28,0,79,0,8,21,0,29,23,36,49,0,108,62,0,62,170
07/19/2023,SBN,IN,AGL,CE,Combined TRACON& Tower with Radar,33,30,13,0,76,0,9,15,0,24,33,39,28,0,100,45,0,45,145
07/20/2023,SBN,IN,AGL,CE,Combined TRACON& Tower with Radar,34,26,23,0,83,0,1,1,0,2,34,27,24,0,85,0,0,0,85
07/21/2023,SBN,IN,AGL,CE,Combined TRACON& Tower with Radar,26,20,29,2,77,0,3,16,0,19,26,23,45,2,96,27,0,27,123
07/22/2023,SBN,IN,AGL,CE,Combined TRACON& Tower with Radar,21,12,7,0,40,0,2,34,0,36,21,14,41,0,76,52,0,52,128
07/23/2023,SBN,IN,AGL,CE,Combined TRACON& Tower with Radar,25,16,13,0,54,0,0,12,0,12,25,16,25,0,66,51,0,51,117
07/24/2023,SBN,IN,AGL,CE,Combined TRACON& Tower with Radar,26,22,20,0,68,0,2,23,0,25,26,24,43,0,93,54,0,54,147
07/25/2023,SBN,IN,AGL,CE,Combined TRACON& Tower with Radar,24,17,20,0,61,0,0,13,0,13,24,17,33,0,74,34,0,34,108
07/26/2023,SBN,IN,AGL,CE,Combined TRACON& Tower with Radar,32,16,27,0,75,0,1,7,0,8,32,17,34,0,83,0,0,0,83
07/27/2023,SBN,IN,AGL,CE,Combined TRACON& Tower with Radar,30,18,15,0,63,0,4,28,0,32,30,22,43,0,95,59,0,59,154
07/28/2023,SBN,IN,AGL,CE,Combined TRACON& Tower with Radar,32,20,14,0,66,0,0,16,0,16,32,20,30,0,82,25,0,25,107
07/29/2023,SBN,IN,AGL,CE,Combined TRACON& Tower with Radar,19,12,16,0,47,0,0,12,0,12,19,12,28,0,59,66,0,66,125
07/30/2023,SBN,IN,AGL,CE,Combined TRACON& Tower with Radar,26,21,6,0,53,0,0,9,0,9,26,21,15,0,62,54,0,54,116
07/31/2023,SBN,IN,AGL,CE,Combined TRACON& Tower with Radar,25,19,8,0,52,0,16,35,0,51,25,35,43,0,103,82,0,82,185
08/01/2023,SBN,IN,AGL,CE,Combined TRACON& Tower with Radar,24,15,14,0,53,0,8,30,0,38,24,23,44,0,91,128,0,128,219
08/02/2023,SBN,IN,AGL,CE,Combined TRACON& Tower with Radar,26,24,19,0,69,0,3,12,0,15,26,27,31,0,84,24,0,24,108
08/03/2023,SBN,IN,AGL,CE,Combined TRACON& Tower with Radar,29,23,6,0,58,0,8,23,2,33,29,31,29,2,91,29,44,73,164
08/04/2023,SBN,IN,AGL,CE,Combined TRACON& Tower with Radar,28,16,17,0,61,0,4,22,0,26,28,20,39,0,87,34,0,34,121
08/05/2023,SBN,IN,AGL,CE,Combined TRACON& Tower with Radar,21,19,5,0,45,0,7,6,0,13,21,26,11,0,58,14,0,14,72
08/06/2023,SBN,IN,AGL,CE,Combined TRACON& Tower with Radar,27,23,13,0,63,0,0,0,0,0,27,23,13,0,63,4,0,4,67
08/07/2023,SBN,IN,AGL,CE,Combined TRACON& Tower with Radar,27,22,10,0,59,0,2,4,2,8,27,24,14,2,67,33,0,33,100
08/08/2023,SBN,IN,AGL,CE,Combined TRACON& Tower with Radar,22,20,15,0,57,0,17,36,0,53,22,37,51,0,110,205,0,205,315
08/09/2023,SBN,IN,AGL,CE,Combined TRACON& Tower with Radar,24,27,18,0,69,0,4,16,0,20,24,31,34,0,89,76,0,76,165
08/10/2023,SBN,IN,AGL,CE,Combined TRACON& Tower with Radar,32,29,18,0,79,0,3,9,0,12,32,32,27,0,91,11,0,11,102
08/11/2023,SBN,IN,AGL,CE,Combined TRACON& Tower with Radar,27,38,15,0,80,0,3,26,0,29,27,41,41,0,109,52,0,52,161
08/12/2023,SBN,IN,AGL,CE,Combined TRACON& Tower with Radar,23,23,10,0,56,0,5,55,1,61,23,28,65,1,117,147,0,147,264
08/13/2023,SBN,IN,AGL,CE,Combined TRACON& Tower with Radar,26,14,12,0,52,0,5,20,0,25,26,19,32,0,77,240,0,240,317
08/14/2023,SBN,IN,AGL,CE,Combined TRACON& Tower with Radar,28,20,19,0,67,0,0,8,0,8,28,20,27,0,75,6,0,6,81
08/15/2023,SBN,IN,AGL,CE,Combined TRACON& Tower with Radar,21,18,19,0,58,0,0,7,0,7,21,18,26,0,65,10,0,10,75
08/16/2023,SBN,IN,AGL,CE,Combined TRACON& Tower with Radar,24,20,18,0,62,0,0,27,4,31,24,20,45,4,93,30,0,30,123
08/17/2023,SBN,IN,AGL,CE,Combined TRACON& Tower with Radar,28,35,21,0,84,0,0,3,2,5,28,35,24,2,89,10,0,10,99
08/18/2023,SBN,IN,AGL,CE,Combined TRACON& Tower with Radar,27,33,20,0,80,0,1,10,5,16,27,34,30,5,96,30,0,30,126
08/19/2023,SBN,IN,AGL,CE,Combined TRACON& Tower with Radar,23,26,20,0,69,0,4,19,0,23,23,30,39,0,92,32,0,32,124
08/20/2023,SBN,IN,AGL,CE,Combined TRACON& Tower with Radar,24,46,22,0,92,0,0,13,0,13,24,46,35,0,105,54,0,54,159
08/21/2023,SBN,IN,AGL,CE,Combined TRACON& Tower with Radar,25,28,15,0,68,0,1,8,0,9,25,29,23,0,77,17,0,17,94
08/22/2023,SBN,IN,AGL,CE,Combined TRACON& Tower with Radar,21,22,30,0,73,0,3,21,0,24,21,25,51,0,97,75,0,75,172
08/23/2023,SBN,IN,AGL,CE,Combined TRACON& Tower with Radar,26,19,15,0,60,0,1,18,0,19,26,20,33,0,79,40,0,40,119
08/24/2023,SBN,IN,AGL,CE,Combined TRACON& Tower with Radar,28,22,25,0,75,0,0,13,0,13,28,22,38,0,88,30,0,30,118
08/25/2023,SBN,IN,AGL,CE,Combined TRACON& Tower with Radar,27,16,23,0,66,0,0,3,0,3,27,16,26,0,69,16,0,16,85
08/26/2023,SBN,IN,AGL,CE,Combined TRACON& Tower with Radar,25,13,17,0,55,0,2,11,0,13,25,15,28,0,68,52,0,52,120
08/27/2023,SBN,IN,AGL,CE,Combined TRACON& Tower with Radar,24,20,14,0,58,0,0,30,0,30,24,20,44,0,88,50,0,50,138
08/28/2023,SBN,IN,AGL,CE,Combined TRACON& Tower with Radar,26,13,28,0,67,0,4,19,0,23,26,17,47,0,90,29,0,29,119
08/29/2023,SBN,IN,AGL,CE,Combined TRACON& Tower with Radar,21,20,20,0,61,0,6,22,0,28,21,26,42,0,89,60,0,60,149
08/30/2023,SBN,IN,AGL,CE,Combined TRACON& Tower with Radar,22,24,9,2,57,0,5,21,0,26,22,29,30,2,83,41,0,41,124
08/31/2023,SBN,IN,AGL,CE,Combined TRACON& Tower with Radar,30,31,30,5,96,0,6,21,1,28,30,37,51,6,124,66,0,66,190
01/01/2020,SBN,IN,AGL,CE,Combined TRACON& Tower with Radar,12,23,3,0,38,0,1,16,0,17,12,24,19,0,55,26,0,26,81
01/02/2020,SBN,IN,AGL,CE,Combined TRACON& Tower with Radar,15,32,11,0,58,0,3,13,1,17,15,35,24,1,75,20,0,20,95
01/03/2020,SBN,IN,AGL,CE,Combined TRACON& Tower with Radar,20,31,6,0,57,0,0,1,1,2,20,31,7,1,59,4,0,4,63
01/04/2020,SBN,IN,AGL,CE,Combined TRACON& Tower with Radar,15,32,3,0,50,0,0,2,0,2,15,32,5,0,52,0,0,0,52
01/05/2020,SBN,IN,AGL,CE,Combined TRACON& Tower with Radar,13,32,4,0,49,0,0,10,0,10,13,32,14,0,59,0,0,0,59
01/06/2020,SBN,IN,AGL,CE,Combined TRACON& Tower with Radar,19,33,10,0,62,0,2,19,0,21,19,35,29,0,83,36,0,36,119
01/07/2020,SBN,IN,AGL,CE,Combined TRACON& Tower with Radar,14,36,10,0,60,0,0,21,0,21,14,36,31,0,81,18,0,18,99
01/08/2020,SBN,IN,AGL,CE,Combined TRACON& Tower with Radar,14,36,15,0,65,0,1,8,0,9,14,37,23,0,74,24,0,24,98
01/09/2020,SBN,IN,AGL,CE,Combined TRACON& Tower with Radar,14,35,15,0,64,0,4,2,0,6,14,39,17,0,70,6,0,6,76
01/10/2020,SBN,IN,AGL,CE,Combined TRACON& Tower with Radar,18,35,6,0,59,0,0,0,0,0,18,35,6,0,59,0,0,0,59
01/11/2020,SBN,IN,AGL,CE,Combined TRACON& Tower with Radar,16,23,5,0,44,0,0,0,0,0,16,23,5,0,44,0,0,0,44
01/12/2020,SBN,IN,AGL,CE,Combined TRACON& Tower with Radar,10,41,22,0,73,0,0,2,0,2,10,41,24,0,75,26,0,26,101
01/13/2020,SBN,IN,AGL,CE,Combined TRACON& Tower with Radar,15,36,26,0,77,0,0,6,0,6,15,36,32,0,83,12,0,12,95
01/14/2020,SBN,IN,AGL,CE,Combined TRACON& Tower with Radar,12,36,13,0,61,0,0,2,0,2,12,36,15,0,63,0,0,0,63
01/15/2020,SBN,IN,AGL,CE,Combined TRACON& Tower with Radar,14,38,19,0,71,0,0,0,0,0,14,38,19,0,71,0,0,0,71
01/16/2020,SBN,IN,AGL,CE,Combined TRACON& Tower with Radar,14,35,18,0,67,0,1,0,0,1,14,36,18,0,68,14,0,14,82
01/17/2020,SBN,IN,AGL,CE,Combined TRACON& Tower with Radar,16,40,24,0,80,0,0,22,0,22,16,40,46,0,102,22,0,22,124
01/18/2020,SBN,IN,AGL,CE,Combined TRACON& Tower with Radar,13,19,2,0,34,0,0,0,0,0,13,19,2,0,34,0,0,0,34
01/19/2020,SBN,IN,AGL,CE,Combined TRACON& Tower with Radar,12,28,11,0,51,0,0,0,0,0,12,28,11,0,51,0,0,0,51
01/20/2020,SBN,IN,AGL,CE,Combined TRACON& Tower with Radar,18,34,13,0,65,0,1,0,0,1,18,35,13,0,66,0,0,0,66
01/21/2020,SBN,IN,AGL,CE,Combined TRACON& Tower with Radar,13,32,23,0,68,0,3,25,0,28,13,35,48,0,96,24,0,24,120
01/22/2020,SBN,IN,AGL,CE,Combined TRACON& Tower with Radar,15,34,27,0,76,0,3,30,2,35,15,37,57,2,111,43,10,53,164
01/23/2020,SBN,IN,AGL,CE,Combined TRACON& Tower with Radar,14,43,21,0,78,0,0,0,0,0,14,43,21,0,78,0,0,0,78
01/24/2020,SBN,IN,AGL,CE,Combined TRACON& Tower with Radar,19,37,17,2,75,0,0,0,0,0,19,37,17,2,75,0,0,0,75
01/25/2020,SBN,IN,AGL,CE,Combined TRACON& Tower with Radar,15,26,6,0,47,0,0,0,0,0,15,26,6,0,47,0,0,0,47
01/26/2020,SBN,IN,AGL,CE,Combined TRACON& Tower with Radar,13,34,17,2,66,0,0,0,0,0,13,34,17,2,66,0,0,0,66
01/27/2020,SBN,IN,AGL,CE,Combined TRACON& Tower with Radar,15,39,12,0,66,0,0,2,0,2,15,39,14,0,68,2,0,2,70
01/28/2020,SBN,IN,AGL,CE,Combined TRACON& Tower with Radar,16,36,13,0,65,0,0,2,0,2,16,36,15,0,67,4,0,4,71
01/29/2020,SBN,IN,AGL,CE,Combined TRACON& Tower with Radar,14,39,20,0,73,0,1,18,1,20,14,40,38,1,93,47,0,47,140
01/30/2020,SBN,IN,AGL,CE,Combined TRACON& Tower with Radar,16,47,30,0,93,0,0,27,0,27,16,47,57,0,120,26,0,26,146
01/31/2020,SBN,IN,AGL,CE,Combined TRACON& Tower with Radar,20,44,15,0,79,0,0,1,0,1,20,44,16,0,80,4,0,4,84
02/01/2020,SBN,IN,AGL,CE,Combined TRACON& Tower with Radar,17,31,9,0,57,0,0,2,0,2,17,31,11,0,59,14,0,14,73
02/02/2020,SBN,IN,AGL,CE,Combined TRACON& Tower with Radar,10,29,11,0,50,0,3,4,0,7,10,32,15,0,57,70,0,70,127
02/03/2020,SBN,IN,AGL,CE,Combined TRACON& Tower with Radar,16,36,26,0,78,0,0,49,1,50,16,36,75,1,128,100,0,100,228
02/04/2020,SBN,IN,AGL,CE,Combined TRACON& Tower with Radar,13,34,20,0,67,0,0,7,0,7,13,34,27,0,74,14,0,14,88
02/05/2020,SBN,IN,AGL,CE,Combined TRACON& Tower with Radar,13,37,12,0,62,0,0,9,0,9,13,37,21,0,71,16,0,16,87
02/06/2020,SBN,IN,AGL,CE,Combined TRACON& Tower with Radar,13,30,4,0,47,0,0,0,0,0,13,30,4,0,47,2,0,2,49
02/07/2020,SBN,IN,AGL,CE,Combined TRACON& Tower with Radar,16,42,17,0,75,0,0,14,0,14,16,42,31,0,89,24,0,24,113
02/08/2020,SBN,IN,AGL,CE,Combined TRACON& Tower with Radar,15,30,15,0,60,0,0,14,0,14,15,30,29,0,74,58,0,58,132
02/09/2020,SBN,IN,AGL,CE,Combined TRACON& Tower with Radar,16,45,12,0,73,0,1,2,0,3,16,46,14,0,76,2,0,2,78
02/10/2020,SBN,IN,AGL,CE,Combined TRACON& Tower with Radar,16,42,39,0,97,0,3,6,0,9,16,45,45,0,106,40,0,40,146
02/11/2020,SBN,IN,AGL,CE,Combined TRACON& Tower with Radar,14,33,34,0,81,0,0,24,2,26,14,33,58,2,107,50,0,50,157
02/12/2020,SBN,IN,AGL,CE,Combined TRACON& Tower with Radar,20,40,18,0,78,0,0,22,0,22,20,40,40,0,100,12,0,12,112
02/13/2020,SBN,IN,AGL,CE,Combined TRACON& Tower with Radar,18,42,12,0,72,0,0,0,0,0,18,42,12,0,72,0,0,0,72
02/14/2020,SBN,IN,AGL,CE,Combined TRACON& Tower with Radar,18,49,34,0,101,0,1,39,0,40,18,50,73,0,141,76,0,76,217
02/15/2020,SBN,IN,AGL,CE,Combined TRACON& Tower with Radar,17,32,11,0,60,0,1,4,0,5,17,33,15,0,65,8,0,8,73
02/16/2020,SBN,IN,AGL,CE,Combined TRACON& Tower with Radar,15,39,19,0,73,0,0,21,0,21,15,39,40,0,94,30,0,30,124
02/17/2020,SBN,IN,AGL,CE,Combined TRACON& Tower with Radar,21,45,11,0,77,0,1,12,0,13,21,46,23,0,90,14,0,14,104
02/18/2020,SBN,IN,AGL,CE,Combined TRACON& Tower with Radar,14,35,19,0,68,0,1,8,0,9,14,36,27,0,77,10,0,10,87
02/19/2020,SBN,IN,AGL,CE,Combined TRACON& Tower with Radar,18,39,41,0,98,0,1,32,0,33,18,40,73,0,131,36,0,36,167
02/20/2020,SBN,IN,AGL,CE,Combined TRACON& Tower with Radar,15,35,38,0,88,0,0,14,0,14,15,35,52,0,102,34,0,34,136
02/21/2020,SBN,IN,AGL,CE,Combined TRACON& Tower with Radar,21,41,28,0,90,0,0,31,0,31,21,41,59,0,121,54,0,54,175
02/22/2020,SBN,IN,AGL,CE,Combined TRACON& Tower with Radar,20,29,8,0,57,0,2,23,0,25,20,31,31,0,82,26,0,26,108
02/23/2020,SBN,IN,AGL,CE,Combined TRACON& Tower with Radar,16,37,23,0,76,0,3,22,0,25,16,40,45,0,101,39,0,39,140
02/24/2020,SBN,IN,AGL,CE,Combined TRACON& Tower with Radar,22,40,18,0,80,0,0,2,1,3,22,40,20,1,83,32,0,32,115
02/25/2020,SBN,IN,AGL,CE,Combined TRACON& Tower with Radar,22,38,31,0,91,0,0,0,1,1,22,38,31,1,92,2,0,2,94
02/26/2020,SBN,IN,AGL,CE,Combined TRACON& Tower with Radar,21,37,8,0,66,0,0,0,0,0,21,37,8,0,66,0,0,0,66
02/27/2020,SBN,IN,AGL,CE,Combined TRACON& Tower with Radar,17,45,25,0,87,0,0,5,0,5,17,45,30,0,92,2,0,2,94
02/28/2020,SBN,IN,AGL,CE,Combined TRACON& Tower with Radar,23,39,35,0,97,0,2,12,0,14,23,41,47,0,111,4,0,4,115
02/29/2020,SBN,IN,AGL,CE,Combined TRACON& Tower with Radar,21,33,15,0,69,0,0,42,0,42,21,33,57,0,111,58,0,58,169
03/01/2020,SBN,IN,AGL,CE,Combined TRACON& Tower with Radar,14,52,12,0,78,0,2,17,0,19,14,54,29,0,97,6,0,6,103
03/02/2020,SBN,IN,AGL,CE,Combined TRACON& Tower with Radar,20,38,9,0,67,0,3,8,0,11,20,41,17,0,78,18,0,18,96
03/03/2020,SBN,IN,AGL,CE,Combined TRACON& Tower with Radar,19,35,24,0,78,0,1,11,0,12,19,36,35,0,90,4,0,4,94
03/04/2020,SBN,IN,AGL,CE,Combined TRACON& Tower with Radar,21,39,18,0,78,0,2,15,0,17,21,41,33,0,95,8,0,8,103
03/05/2020,SBN,IN,AGL,CE,Combined TRACON& Tower with Radar,19,43,24,0,86,0,0,15,1,16,19,43,39,1,102,42,0,42,144
03/06/2020,SBN,IN,AGL,CE,Combined TRACON& Tower with Radar,23,37,13,0,73,0,2,5,0,7,23,39,18,0,80,4,0,4,84
03/07/2020,SBN,IN,AGL,CE,Combined TRACON& Tower with Radar,13,28,17,0,58,0,2,42,0,44,13,30,59,0,102,32,0,32,134
03/08/2020,SBN,IN,AGL,CE,Combined TRACON& Tower with Radar,16,34,10,2,62,0,1,8,0,9,16,35,18,2,71,8,0,8,79
03/09/2020,SBN,IN,AGL,CE,Combined TRACON& Tower with Radar,21,31,21,0,73,0,2,6,0,8,21,33,27,0,81,2,0,2,83
03/10/2020,SBN,IN,AGL,CE,Combined TRACON& Tower with Radar,16,35,15,0,66,0,0,2,0,2,16,35,17,0,68,0,0,0,68
03/11/2020,SBN,IN,AGL,CE,Combined TRACON& Tower with Radar,20,34,20,0,74,0,2,0,0,2,20,36,20,0,76,46,0,46,122
03/12/2020,SBN,IN,AGL,CE,Combined TRACON& Tower with Radar,20,40,21,2,83,0,2,9,0,11,20,42,30,2,94,26,0,26,120
03/13/2020,SBN,IN,AGL,CE,Combined TRACON& Tower with Radar,27,34,15,0,76,0,1,23,0,24,27,35,38,0,100,24,0,24,124
03/14/2020,SBN,IN,AGL,CE,Combined TRACON& Tower with Radar,13,31,11,0,55,0,0,20,0,20,13,31,31,0,75,8,0,8,83
03/15/2020,SBN,IN,AGL,CE,Combined TRACON& Tower with Radar,16,43,24,0,83,0,0,29,0,29,16,43,53,0,112,60,0,60,172
03/16/2020,SBN,IN,AGL,CE,Combined TRACON& Tower with Radar,21,37,12,0,70,0,0,9,0,9,21,37,21,0,79,42,0,42,121
03/17/2020,SBN,IN,AGL,CE,Combined TRACON& Tower with Radar,17,39,17,0,73,0,2,20,0,22,17,41,37,0,95,4,0,4,99
03/18/2020,SBN,IN,AGL,CE,Combined TRACON& Tower with Radar,23,34,8,0,65,0,0,4,0,4,23,34,12,0,69,48,0,48,117
03/19/2020,SBN,IN,AGL,CE,Combined TRACON& Tower with Radar,16,35,4,0,55,0,0,0,0,0,16,35,4,0,55,0,0,0,55
03/20/2020,SBN,IN,AGL,CE,Combined TRACON& Tower with Radar,24,36,5,0,65,0,0,0,0,0,24,36,5,0,65,0,0,0,65
03/21/2020,SBN,IN,AGL,CE,Combined TRACON& Tower with Radar,17,23,10,0,50,0,2,16,0,18,17,25,26,0,68,36,0,36,104
03/22/2020,SBN,IN,AGL,CE,Combined TRACON& Tower with Radar,14,30,6,0,50,0,2,16,0,18,14,32,22,0,68,10,0,10,78
03/23/2020,SBN,IN,AGL,CE,Combined TRACON& Tower with Radar,24,34,2,0,60,0,3,4,0,7,24,37,6,0,67,18,0,18,85
03/24/2020,SBN,IN,AGL,CE,Combined TRACON& Tower with Radar,12,31,5,0,48,0,8,6,0,14,12,39,11,0,62,42,0,42,104
03/25/2020,SBN,IN,AGL,CE,Combined TRACON& Tower with Radar,20,29,5,3,57,0,0,5,0,5,20,29,10,3,62,30,0,30,92
03/26/2020,SBN,IN,AGL,CE,Combined TRACON& Tower with Radar,13,23,4,0,40,0,0,0,0,0,13,23,4,0,40,0,0,0,40
03/27/2020,SBN,IN,AGL,CE,Combined TRACON& Tower with Radar,21,16,20,0,57,0,0,0,0,0,21,16,20,0,57,6,0,6,63
03/28/2020,SBN,IN,AGL,CE,Combined TRACON& Tower with Radar,12,27,0,0,39,0,0,0,0,0,12,27,0,0,39,12,0,12,51
03/29/2020,SBN,IN,AGL,CE,Combined TRACON& Tower with Radar,15,28,0,0,43,0,0,3,0,3,15,28,3,0,46,14,0,14,60
03/30/2020,SBN,IN,AGL,CE,Combined TRACON& Tower with Radar,11,16,8,0,35,0,3,2,0,5,11,19,10,0,40,4,0,4,44
03/31/2020,SBN,IN,AGL,CE,Combined TRACON& Tower with Radar,10,17,0,0,27,0,0,2,0,2,10,17,2,0,29,2,0,2,31
04/01/2020,SBN,IN,AGL,CE,Combined TRACON& Tower with Radar,21,15,1,0,37,0,1,7,0,8,21,16,8,0,45,16,0,16,61
04/02/2020,SBN,IN,AGL,CE,Combined TRACON& Tower with Radar,14,17,13,0,44,0,1,19,1,21,14,18,32,1,65,22,0,22,87
04/03/2020,SBN,IN,AGL,CE,Combined TRACON& Tower with Radar,20,12,6,0,38,0,0,26,1,27,20,12,32,1,65,28,0,28,93
04/04/2020,SBN,IN,AGL,CE,Combined TRACON& Tower with Radar,12,6,4,0,22,0,0,0,0,0,12,6,4,0,22,0,0,0,22
04/05/2020,SBN,IN,AGL,CE,Combined TRACON& Tower with Radar,10,6,4,0,20,0,1,19,0,20,10,7,23,0,40,27,0,27,67
04/06/2020,SBN,IN,AGL,CE,Combined TRACON& Tower with Radar,14,8,6,0,28,0,0,10,0,10,14,8,16,0,38,6,0,6,44
04/07/2020,SBN,IN,AGL,CE,Combined TRACON& Tower with Radar,14,6,6,0,26,0,0,5,0,5,14,6,11,0,31,10,0,10,41
04/08/2020,SBN,IN,AGL,CE,Combined TRACON& Tower with Radar,15,7,13,0,35,0,0,9,0,9,15,7,22,0,44,6,0,6,50
04/09/2020,SBN,IN,AGL,CE,Combined TRACON& Tower with Radar,12,11,4,0,27,0,1,7,0,8,12,12,11,0,35,0,0,0,35
04/10/2020,SBN,IN,AGL,CE,Combined TRACON& Tower with Radar,27,5,18,0,50,0,1,14,0,15,27,6,32,0,65,4,0,4,69
04/11/2020,SBN,IN,AGL,CE,Combined TRACON& Tower with Radar,8,11,4,0,23,0,0,28,0,28,8,11,32,0,51,50,0,50,101
04/12/2020,SBN,IN,AGL,CE,Combined TRACON& Tower with Radar,7,5,1,0,13,0,1,7,0,8,7,6,8,0,21,10,0,10,31
04/13/2020,SBN,IN,AGL,CE,Combined TRACON& Tower with Radar,16,6,2,0,24,0,0,3,0,3,16,6,5,0,27,4,0,4,31
04/14/2020,SBN,IN,AGL,CE,Combined TRACON& Tower with Radar,13,4,1,0,18,0,0,18,0,18,13,4,19,0,36,8,0,8,44
04/15/2020,SBN,IN,AGL,CE,Combined TRACON& Tower with Radar,13,6,1,0,20,0,0,2,0,2,13,6,3,0,22,2,0,2,24
04/16/2020,SBN,IN,AGL,CE,Combined TRACON& Tower with Radar,12,6,9,4,31,0,4,22,0,26,12,10,31,4,57,70,0,70,127
04/17/2020,SBN,IN,AGL,CE,Combined TRACON& Tower with Radar,14,5,7,0,26,0,0,0,0,0,14,5,7,0,26,0,0,0,26
04/18/2020,SBN,IN,AGL,CE,Combined TRACON& Tower with Radar,7,8,9,0,24,0,0,17,0,17,7,8,26,0,41,20,0,20,61
04/19/2020,SBN,IN,AGL,CE,Combined TRACON& Tower with Radar,6,6,4,0,16,0,0,23,0,23,6,6,27,0,39,40,0,40,79
04/20/2020,SBN,IN,AGL,CE,Combined TRACON& Tower with Radar,8,9,4,0,21,0,0,30,4,34,8,9,34,4,55,12,0,12,67
04/21/2020,SBN,IN,AGL,CE,Combined TRACON& Tower with Radar,8,10,5,0,23,0,0,4,1,5,8,10,9,1,28,2,0,2,30
04/22/2020,SBN,IN,AGL,CE,Combined TRACON& Tower with Radar,7,14,9,0,30,0,0,14,0,14,7,14,23,0,44,14,0,14,58
04/23/2020,SBN,IN,AGL,CE,Combined TRACON& Tower with Radar,9,7,8,0,24,0,0,7,0,7,9,7,15,0,31,0,0,0,31
04/24/2020,SBN,IN,AGL,CE,Combined TRACON& Tower with Radar,14,9,11,0,34,0,0,3,0,3,14,9,14,0,37,4,0,4,41
04/25/2020,SBN,IN,AGL,CE,Combined TRACON& Tower with Radar,7,11,11,0,29,0,0,0,0,0,7,11,11,0,29,0,0,0,29
04/26/2020,SBN,IN,AGL,CE,Combined TRACON& Tower with Radar,5,5,8,0,18,0,0,19,0,19,5,5,27,0,37,0,0,0,37
04/27/2020,SBN,IN,AGL,CE,Combined TRACON& Tower with Radar,12,6,25,2,45,0,1,18,0,19,12,7,43,2,64,26,0,26,90
04/28/2020,SBN,IN,AGL,CE,Combined TRACON& Tower with Radar,10,8,2,0,20,0,0,6,0,6,10,8,8,0,26,10,0,10,36
04/29/2020,SBN,IN,AGL,CE,Combined TRACON& Tower with Radar,8,8,12,0,28,0,0,0,0,0,8,8,12,0,28,0,0,0,28
04/30/2020,SBN,IN,AGL,CE,Combined TRACON& Tower with Radar,10,8,3,0,21,0,0,1,0,1,10,8,4,0,22,0,0,0,22
05/01/2020,SBN,IN,AGL,CE,Combined TRACON& Tower with Radar,15,7,22,0,44,0,1,43,0,44,15,8,65,0,88,22,0,22,110
05/02/2020,SBN,IN,AGL,CE,Combined TRACON& Tower with Radar,7,8,13,0,28,0,0,27,0,27,7,8,40,0,55,12,0,12,67
05/03/2020,SBN,IN,AGL,CE,Combined TRACON& Tower with Radar,4,6,6,0,16,0,1,28,0,29,4,7,34,0,45,18,0,18,63
05/04/2020,SBN,IN,AGL,CE,Combined TRACON& Tower with Radar,12,5,4,0,21,0,0,20,1,21,12,5,24,1,42,24,0,24,66
05/05/2020,SBN,IN,AGL,CE,Combined TRACON& Tower with Radar,6,7,6,0,19,0,0,6,3,9,6,7,12,3,28,24,0,24,52
05/06/2020,SBN,IN,AGL,CE,Combined TRACON& Tower with Radar,10,8,24,0,42,0,1,31,4,36,10,9,55,4,78,0,0,0,78
05/07/2020,SBN,IN,AGL,CE,Combined TRACON& Tower with Radar,10,10,15,0,35,0,1,26,0,27,10,11,41,0,62,0,0,0,62
05/08/2020,SBN,IN,AGL,CE,Combined TRACON& Tower with Radar,17,9,3,0,29,0,0,16,0,16,17,9,19,0,45,4,0,4,49
05/09/2020,SBN,IN,AGL,CE,Combined TRACON& Tower with Radar,8,9,10,0,27,0,0,20,0,20,8,9,30,0,47,42,0,42,89
05/10/2020,SBN,IN,AGL,CE,Combined TRACON& Tower with Radar,6,7,1,0,14,0,0,0,0,0,6,7,1,0,14,8,0,8,22
05/11/2020,SBN,IN,AGL,CE,Combined TRACON& Tower with Radar,15,6,8,0,29,0,0,8,0,8,15,6,16,0,37,2,0,2,39
05/12/2020,SBN,IN,AGL,CE,Combined TRACON& Tower with Radar,9,4,14,0,27,0,0,28,0,28,9,4,42,0,55,18,0,18,73
05/13/2020,SBN,IN,AGL,CE,Combined TRACON& Tower with Radar,8,10,18,0,36,0,1,29,0,30,8,11,47,0,66,26,0,26,92
05/14/2020,SBN,IN,AGL,CE,Combined TRACON& Tower with Radar,11,9,5,0,25,0,0,0,0,0,11,9,5,0,25,0,0,0,25
05/15/2020,SBN,IN,AGL,CE,Combined TRACON& Tower with Radar,12,11,12,0,35,0,0,5,0,5,12,11,17,0,40,22,0,22,62
05/16/2020,SBN,IN,AGL,CE,Combined TRACON& Tower with Radar,9,8,8,0,25,0,1,23,0,24,9,9,31,0,49,24,0,24,73
05/17/2020,SBN,IN,AGL,CE,Combined TRACON& Tower with Radar,8,7,3,0,18,0,0,0,0,0,8,7,3,0,18,0,0,0,18
05/18/2020,SBN,IN,AGL,CE,Combined TRACON& Tower with Radar,11,8,16,0,35,0,4,6,0,10,11,12,22,0,45,76,0,76,121
05/19/2020,SBN,IN,AGL,CE,Combined TRACON& Tower with Radar,9,7,10,0,26,0,3,0,1,4,9,10,10,1,30,4,0,4,34
05/20/2020,SBN,IN,AGL,CE,Combined TRACON& Tower with Radar,9,5,11,0,25,0,0,14,1,15,9,5,25,1,40,13,0,13,53
05/21/2020,SBN,IN,AGL,CE,Combined TRACON& Tower with Radar,13,7,23,0,43,0,1,16,0,17,13,8,39,0,60,26,0,26,86
05/22/2020,SBN,IN,AGL,CE,Combined TRACON& Tower with Radar,13,6,15,0,34,0,1,11,1,13,13,7,26,1,47,10,0,10,57
05/23/2020,SBN,IN,AGL,CE,Combined TRACON& Tower with Radar,9,11,19,0,39,0,0,14,0,14,9,11,33,0,53,36,0,36,89
05/24/2020,SBN,IN,AGL,CE,Combined TRACON& Tower with Radar,8,12,5,0,25,0,1,19,0,20,8,13,24,0,45,16,0,16,61
05/25/2020,SBN,IN,AGL,CE,Combined TRACON& Tower with Radar,10,8,9,0,27,0,2,13,0,15,10,10,22,0,42,62,0,62,104
05/26/2020,SBN,IN,AGL,CE,Combined TRACON& Tower with Radar,8,10,24,0,42,0,0,4,0,4,8,10,28,0,46,24,0,24,70
05/27/2020,SBN,IN,AGL,CE,Combined TRACON& Tower with Radar,9,12,23,0,44,0,1,14,0,15,9,13,37,0,59,8,0,8,67
05/28/2020,SBN,IN,AGL,CE,Combined TRACON& Tower with Radar,12,12,18,0,42,0,3,8,1,12,12,15,26,1,54,0,0,0,54
05/29/2020,SBN,IN,AGL,CE,Combined TRACON& Tower with Radar,12,12,9,0,33,0,1,7,0,8,12,13,16,0,41,14,0,14,55
05/30/2020,SBN,IN,AGL,CE,Combined TRACON& Tower with Radar,9,15,10,0,34,0,3,26,0,29,9,18,36,0,63,8,0,8,71
05/31/2020,SBN,IN,AGL,CE,Combined TRACON& Tower with Radar,9,9,21,0,39,0,1,22,0,23,9,10,43,0,62,22,0,22,84
06/01/2020,SBN,IN,AGL,CE,Combined TRACON& Tower with Radar,13,13,23,0,49,0,1,20,0,21,13,14,43,0,70,38,0,38,108
06/02/2020,SBN,IN,AGL,CE,Combined TRACON& Tower with Radar,9,12,19,0,40,0,1,16,2,19,9,13,35,2,59,12,0,12,71
06/03/2020,SBN,IN,AGL,CE,Combined TRACON& Tower with Radar,11,10,25,0,46,0,2,15,2,19,11,12,40,2,65,10,0,10,75
06/04/2020,SBN,IN,AGL,CE,Combined TRACON& Tower with Radar,16,13,15,0,44,0,0,18,0,18,16,13,33,0,62,0,0,0,62
06/05/2020,SBN,IN,AGL,CE,Combined TRACON& Tower with Radar,12,11,11,0,34,0,3,7,0,10,12,14,18,0,44,0,0,0,44
06/06/2020,SBN,IN,AGL,CE,Combined TRACON& Tower with Radar,11,9,15,0,35,0,1,20,0,21,11,10,35,0,56,42,0,42,98
06/07/2020,SBN,IN,AGL,CE,Combined TRACON& Tower with Radar,8,9,10,0,27,0,4,21,0,25,8,13,31,0,52,10,0,10,62
06/08/2020,SBN,IN,AGL,CE,Combined TRACON& Tower with Radar,12,10,10,0,32,0,0,21,1,22,12,10,31,1,54,12,0,12,66
06/09/2020,SBN,IN,AGL,CE,Combined TRACON& Tower with Radar,9,9,10,0,28,0,0,3,0,3,9,9,13,0,31,4,0,4,35
06/10/2020,SBN,IN,AGL,CE,Combined TRACON& Tower with Radar,11,7,17,0,35,0,1,4,0,5,11,8,21,0,40,0,0,0,40
06/11/2020,SBN,IN,AGL,CE,Combined TRACON& Tower with Radar,13,10,12,0,35,0,4,14,0,18,13,14,26,0,53,8,0,8,61
06/12/2020,SBN,IN,AGL,CE,Combined TRACON& Tower with Radar,11,8,17,0,36,0,2,23,0,25,11,10,40,0,61,12,0,12,73
06/13/2020,SBN,IN,AGL,CE,Combined TRACON& Tower with Radar,11,13,15,0,39,0,2,7,0,9,11,15,22,0,48,14,0,14,62
06/14/2020,SBN,IN,AGL,CE,Combined TRACON& Tower with Radar,9,8,15,0,32,0,0,34,0,34,9,8,49,0,66,30,0,30,96
06/15/2020,SBN,IN,AGL,CE,Combined TRACON& Tower with Radar,13,16,19,0,48,0,3,10,2,15,13,19,29,2,63,16,0,16,79
06/16/2020,SBN,IN,AGL,CE,Combined TRACON& Tower with Radar,9,4,17,0,30,0,7,28,1,36,9,11,45,1,66,30,0,30,96
06/17/2020,SBN,IN,AGL,CE,Combined TRACON& Tower with Radar,11,10,15,0,36,0,1,35,1,37,11,11,50,1,73,28,0,28,101
06/18/2020,SBN,IN,AGL,CE,Combined TRACON& Tower with Radar,13,13,19,0,45,1,0,23,0,24,14,13,42,0,69,24,0,24,93
06/19/2020,SBN,IN,AGL,CE,Combined TRACON& Tower with Radar,11,9,28,0,48,0,1,25,0,26,11,10,53,0,74,38,0,38,112
06/20/2020,SBN,IN,AGL,CE,Combined TRACON& Tower with Radar,11,6,11,0,28,0,3,19,0,22,11,9,30,0,50,22,0,22,72
06/21/2020,SBN,IN,AGL,CE,Combined TRACON& Tower with Radar,7,8,6,0,21,0,1,6,0,7,7,9,12,0,28,10,0,10,38
06/22/2020,SBN,IN,AGL,CE,Combined TRACON& Tower with Radar,13,13,8,0,34,0,2,3,0,5,13,15,11,0,39,18,0,18,57
06/23/2020,SBN,IN,AGL,CE,Combined TRACON& Tower with Radar,9,11,7,0,27,0,5,6,0,11,9,16,13,0,38,0,0,0,38
06/24/2020,SBN,IN,AGL,CE,Combined TRACON& Tower with Radar,11,9,18,0,38,0,3,16,2,21,11,12,34,2,59,8,0,8,67
06/25/2020,SBN,IN,AGL,CE,Combined TRACON& Tower with Radar,12,14,27,0,53,0,0,30,0,30,12,14,57,0,83,52,0,52,135
06/26/2020,SBN,IN,AGL,CE,Combined TRACON& Tower with Radar,11,9,2,0,22,0,0,3,0,3,11,9,5,0,25,42,0,42,67
06/27/2020,SBN,IN,AGL,CE,Combined TRACON& Tower with Radar,12,14,3,3,32,0,2,12,0,14,12,16,15,3,46,16,0,16,62
06/28/2020,SBN,IN,AGL,CE,Combined TRACON& Tower with Radar,7,14,10,0,31,0,0,14,0,14,7,14,24,0,45,6,0,6,51
06/29/2020,SBN,IN,AGL,CE,Combined TRACON& Tower with Radar,13,10,4,0,27,0,3,16,3,22,13,13,20,3,49,10,0,10,59
06/30/2020,SBN,IN,AGL,CE,Combined TRACON& Tower with Radar,10,11,15,0,36,0,4,20,1,25,10,15,35,1,61,38,0,38,99
07/01/2020,SBN,IN,AGL,CE,Combined TRACON& Tower with Radar,11,7,14,0,32,0,7,36,1,44,11,14,50,1,76,32,0,32,108
07/02/2020,SBN,IN,AGL,CE,Combined TRACON& Tower with Radar,13,14,9,0,36,0,0,12,0,12,13,14,21,0,48,4,0,4,52
07/03/2020,SBN,IN,AGL,CE,Combined TRACON& Tower with Radar,14,14,3,0,31,0,1,12,0,13,14,15,15,0,44,14,0,14,58
07/04/2020,SBN,IN,AGL,CE,Combined TRACON& Tower with Radar,12,10,5,1,28,0,2,15,0,17,12,12,20,1,45,16,0,16,61
07/05/2020,SBN,IN,AGL,CE,Combined TRACON& Tower with Radar,8,11,26,0,45,0,0,4,0,4,8,11,30,0,49,20,0,20,69
07/06/2020,SBN,IN,AGL,CE,Combined TRACON& Tower with Radar,12,24,18,3,57,0,5,17,0,22,12,29,35,3,79,44,0,44,123
07/07/2020,SBN,IN,AGL,CE,Combined TRACON& Tower with Radar,12,13,12,0,37,0,1,18,0,19,12,14,30,0,56,28,0,28,84
07/08/2020,SBN,IN,AGL,CE,Combined TRACON& Tower with Radar,14,16,11,0,41,1,1,23,0,25,15,17,34,0,66,36,0,36,102
07/09/2020,SBN,IN,AGL,CE,Combined TRACON& Tower with Radar,19,17,15,0,51,0,0,12,0,12,19,17,27,0,63,12,0,12,75
07/10/2020,SBN,IN,AGL,CE,Combined TRACON& Tower with Radar,16,17,3,0,36,0,0,1,0,1,16,17,4,0,37,0,0,0,37
07/11/2020,SBN,IN,AGL,CE,Combined TRACON& Tower with Radar,12,16,9,0,37,0,3,21,0,24,12,19,30,0,61,0,0,0,61
07/12/2020,SBN,IN,AGL,CE,Combined TRACON& Tower with Radar,10,13,14,0,37,0,0,16,0,16,10,13,30,0,53,42,0,42,95
07/13/2020,SBN,IN,AGL,CE,Combined TRACON& Tower with Radar,15,18,19,0,52,0,6,15,1,22,15,24,34,1,74,32,0,32,106
07/14/2020,SBN,IN,AGL,CE,Combined TRACON& Tower with Radar,13,12,15,0,40,0,2,25,1,28,13,14,40,1,68,25,0,25,93
07/15/2020,SBN,IN,AGL,CE,Combined TRACON& Tower with Radar,13,14,14,0,41,0,0,9,0,9,13,14,23,0,50,56,0,56,106
07/16/2020,SBN,IN,AGL,CE,Combined TRACON& Tower with Radar,18,18,22,0,58,0,0,3,0,3,18,18,25,0,61,20,0,20,81
07/17/2020,SBN,IN,AGL,CE,Combined TRACON& Tower with Radar,16,14,11,7,48,0,2,26,0,28,16,16,37,7,76,44,0,44,120
07/18/2020,SBN,IN,AGL,CE,Combined TRACON& Tower with Radar,14,19,4,0,37,0,6,13,0,19,14,25,17,0,56,38,0,38,94
07/19/2020,SBN,IN,AGL,CE,Combined TRACON& Tower with Radar,10,12,12,0,34,0,0,3,0,3,10,12,15,0,37,10,0,10,47
07/20/2020,SBN,IN,AGL,CE,Combined TRACON& Tower with Radar,15,14,6,0,35,0,2,27,1,30,15,16,33,1,65,12,0,12,77
07/21/2020,SBN,IN,AGL,CE,Combined TRACON& Tower with Radar,9,10,16,0,35,0,4,14,0,18,9,14,30,0,53,38,0,38,91
07/22/2020,SBN,IN,AGL,CE,Combined TRACON& Tower with Radar,15,16,12,0,43,0,0,4,0,4,15,16,16,0,47,44,0,44,91
07/23/2020,SBN,IN,AGL,CE,Combined TRACON& Tower with Radar,15,25,33,0,73,0,3,14,0,17,15,28,47,0,90,12,0,12,102
07/24/2020,SBN,IN,AGL,CE,Combined TRACON& Tower with Radar,14,17,14,9,54,0,10,15,0,25,14,27,29,9,79,54,26,80,159
07/25/2020,SBN,IN,AGL,CE,Combined TRACON& Tower with Radar,14,25,9,0,48,0,1,17,0,18,14,26,26,0,66,52,0,52,118
07/26/2020,SBN,IN,AGL,CE,Combined TRACON& Tower with Radar,9,14,19,0,42,0,4,19,0,23,9,18,38,0,65,50,0,50,115
07/27/2020,SBN,IN,AGL,CE,Combined TRACON& Tower with Radar,15,14,12,0,41,0,0,7,0,7,15,14,19,0,48,10,0,10,58
07/28/2020,SBN,IN,AGL,CE,Combined TRACON& Tower with Radar,15,15,13,0,43,0,4,30,2,36,15,19,43,2,79,58,4,62,141
07/29/2020,SBN,IN,AGL,CE,Combined TRACON& Tower with Radar,13,17,17,0,47,0,1,15,1,17,13,18,32,1,64,58,0,58,122
07/30/2020,SBN,IN,AGL,CE,Combined TRACON& Tower with Radar,14,14,20,0,48,0,0,18,0,18,14,14,38,0,66,26,0,26,92
07/31/2020,SBN,IN,AGL,CE,Combined TRACON& Tower with Radar,17,16,16,0,49,0,2,30,0,32,17,18,46,0,81,8,0,8,89
08/01/2020,SBN,IN,AGL,CE,Combined TRACON& Tower with Radar,15,24,9,0,48,0,2,5,0,7,15,26,14,0,55,24,0,24,79
08/02/2020,SBN,IN,AGL,CE,Combined TRACON& Tower with Radar,12,27,16,0,55,0,1,14,0,15,12,28,30,0,70,0,0,0,70
08/03/2020,SBN,IN,AGL,CE,Combined TRACON& Tower with Radar,15,23,19,0,57,0,0,8,0,8,15,23,27,0,65,36,0,36,101
08/04/2020,SBN,IN,AGL,CE,Combined TRACON& Tower with Radar,11,33,24,0,68,0,2,14,0,16,11,35,38,0,84,24,0,24,108
08/05/2020,SBN,IN,AGL,CE,Combined TRACON& Tower with Radar,13,33,27,0,73,0,0,25,1,26,13,33,52,1,99,38,6,44,143
08/06/2020,SBN,IN,AGL,CE,Combined TRACON& Tower with Radar,16,35,30,0,81,0,0,22,1,23,16,35,52,1,104,50,0,50,154
08/07/2020,SBN,IN,AGL,CE,Combined TRACON& Tower with Radar,14,34,24,1,73,0,2,22,0,24,14,36,46,1,97,26,0,26,123
08/08/2020,SBN,IN,AGL,CE,Combined TRACON& Tower with Radar,13,32,25,0,70,0,1,16,0,17,13,33,41,0,87,34,0,34,121
08/09/2020,SBN,IN,AGL,CE,Combined TRACON& Tower with Radar,8,25,17,0,50,0,4,14,0,18,8,29,31,0,68,26,0,26,94
08/10/2020,SBN,IN,AGL,CE,Combined TRACON& Tower with Radar,16,27,15,0,58,0,0,5,0,5,16,27,20,0,63,2,0,2,65
08/11/2020,SBN,IN,AGL,CE,Combined TRACON& Tower with Radar,11,27,15,0,53,0,1,7,1,9,11,28,22,1,62,28,0,28,90
08/12/2020,SBN,IN,AGL,CE,Combined TRACON& Tower with Radar,13,21,15,0,49,0,2,22,1,25,13,23,37,1,74,32,0,32,106
08/13/2020,SBN,IN,AGL,CE,Combined TRACON& Tower with Radar,15,23,25,0,63,0,6,35,0,41,15,29,60,0,104,6,0,6,110
08/14/2020,SBN,IN,AGL,CE,Combined TRACON& Tower with Radar,14,24,9,0,47,0,0,20,1,21,14,24,29,1,68,23,0,23,91
08/15/2020,SBN,IN,AGL,CE,Combined TRACON& Tower with Radar,11,24,1,0,36,0,5,14,1,20,11,29,15,1,56,8,0,8,64
08/16/2020,SBN,IN,AGL,CE,Combined TRACON& Tower with Radar,9,24,13,0,46,0,0,16,0,16,9,24,29,0,62,16,0,16,78
08/17/2020,SBN,IN,AGL,CE,Combined TRACON& Tower with Radar,15,18,6,0,39,0,1,23,0,24,15,19,29,0,63,13,0,13,76
08/18/2020,SBN,IN,AGL,CE,Combined TRACON& Tower with Radar,11,22,14,0,47,0,2,28,1,31,11,24,42,1,78,32,0,32,110
08/19/2020,SBN,IN,AGL,CE,Combined TRACON& Tower with Radar,14,24,17,0,55,0,2,32,0,34,14,26,49,0,89,33,0,33,122
08/20/2020,SBN,IN,AGL,CE,Combined TRACON& Tower with Radar,15,26,27,20,88,0,5,45,1,51,15,31,72,21,139,16,6,22,161
08/21/2020,SBN,IN,AGL,CE,Combined TRACON& Tower with Radar,14,30,20,0,64,0,1,18,0,19,14,31,38,0,83,8,0,8,91
08/22/2020,SBN,IN,AGL,CE,Combined TRACON& Tower with Radar,11,23,11,0,45,0,3,21,0,24,11,26,32,0,69,53,0,53,122
08/23/2020,SBN,IN,AGL,CE,Combined TRACON& Tower with Radar,12,19,15,0,46,0,1,16,0,17,12,20,31,0,63,22,0,22,85
08/24/2020,SBN,IN,AGL,CE,Combined TRACON& Tower with Radar,13,18,17,0,48,0,4,9,0,13,13,22,26,0,61,38,0,38,99
08/25/2020,SBN,IN,AGL,CE,Combined TRACON& Tower with Radar,11,20,9,0,40,0,6,11,0,17,11,26,20,0,57,10,0,10,67
08/26/2020,SBN,IN,AGL,CE,Combined TRACON& Tower with Radar,13,22,27,0,62,0,3,23,0,26,13,25,50,0,88,22,0,22,110
08/27/2020,SBN,IN,AGL,CE,Combined TRACON& Tower with Radar,15,21,2,0,38,0,0,13,0,13,15,21,15,0,51,2,0,2,53
08/28/2020,SBN,IN,AGL,CE,Combined TRACON& Tower with Radar,14,20,12,0,46,0,1,10,0,11,14,21,22,0,57,24,0,24,81
08/29/2020,SBN,IN,AGL,CE,Combined TRACON& Tower with Radar,11,21,13,2,47,0,5,3,0,8,11,26,16,2,55,36,0,36,91
08/30/2020,SBN,IN,AGL,CE,Combined TRACON& Tower with Radar,12,22,16,0,50,0,7,31,0,38,12,29,47,0,88,36,0,36,124
08/31/2020,SBN,IN,AGL,CE,Combined TRACON& Tower with Radar,13,20,16,0,49,0,2,32,0,34,13,22,48,0,83,25,0,25,108
09/01/2020,SBN,IN,AGL,CE,Combined TRACON& Tower with Radar,11,21,25,1,58,0,0,6,0,6,11,21,31,1,64,8,0,8,72
09/02/2020,SBN,IN,AGL,CE,Combined TRACON& Tower with Radar,13,28,15,0,56,0,2,12,0,14,13,30,27,0,70,12,0,12,82
09/03/2020,SBN,IN,AGL,CE,Combined TRACON& Tower with Radar,15,26,17,0,58,0,3,12,0,15,15,29,29,0,73,16,0,16,89
09/04/2020,SBN,IN,AGL,CE,Combined TRACON& Tower with Radar,16,25,16,0,57,0,11,43,1,55,16,36,59,1,112,32,0,32,144
09/05/2020,SBN,IN,AGL,CE,Combined TRACON& Tower with Radar,11,23,11,0,45,0,7,22,0,29,11,30,33,0,74,10,0,10,84
09/06/2020,SBN,IN,AGL,CE,Combined TRACON& Tower with Radar,12,18,13,0,43,0,2,7,0,9,12,20,20,0,52,12,0,12,64
09/07/2020,SBN,IN,AGL,CE,Combined TRACON& Tower with Radar,12,28,12,0,52,0,2,14,0,16,12,30,26,0,68,58,0,58,126
09/08/2020,SBN,IN,AGL,CE,Combined TRACON& Tower with Radar,9,30,17,0,56,0,1,0,1,2,9,31,17,1,58,32,0,32,90
09/09/2020,SBN,IN,AGL,CE,Combined TRACON& Tower with Radar,12,22,27,2,63,0,0,6,1,7,12,22,33,3,70,18,0,18,88
09/10/2020,SBN,IN,AGL,CE,Combined TRACON& Tower with Radar,17,27,27,0,71,0,2,2,0,4,17,29,29,0,75,20,0,20,95
09/11/2020,SBN,IN,AGL,CE,Combined TRACON& Tower with Radar,15,29,26,0,70,0,9,15,0,24,15,38,41,0,94,4,14,18,112
09/12/2020,SBN,IN,AGL,CE,Combined TRACON& Tower with Radar,12,31,14,0,57,0,1,0,0,1,12,32,14,0,58,0,0,0,58
09/13/2020,SBN,IN,AGL,CE,Combined TRACON& Tower with Radar,12,38,21,0,71,0,5,26,0,31,12,43,47,0,102,55,0,55,157
09/14/2020,SBN,IN,AGL,CE,Combined TRACON& Tower with Radar,16,19,16,0,51,0,10,38,1,49,16,29,54,1,100,66,0,66,166
09/15/2020,SBN,IN,AGL,CE,Combined TRACON& Tower with Radar,12,26,31,0,69,0,15,36,0,51,12,41,67,0,120,92,0,92,212
09/16/2020,SBN,IN,AGL,CE,Combined TRACON& Tower with Radar,16,24,26,0,66,0,10,29,0,39,16,34,55,0,105,28,0,28,133
09/17/2020,SBN,IN,AGL,CE,Combined TRACON& Tower with Radar,16,29,12,7,64,0,9,20,0,29,16,38,32,7,93,26,6,32,125
09/18/2020,SBN,IN,AGL,CE,Combined TRACON& Tower with Radar,16,29,18,0,63,0,6,24,0,30,16,35,42,0,93,54,0,54,147
09/19/2020,SBN,IN,AGL,CE,Combined TRACON& Tower with Radar,12,21,15,0,48,0,4,28,0,32,12,25,43,0,80,36,0,36,116
09/20/2020,SBN,IN,AGL,CE,Combined TRACON& Tower with Radar,12,36,26,0,74,0,3,32,0,35,12,39,58,0,109,20,0,20,129
09/21/2020,SBN,IN,AGL,CE,Combined TRACON& Tower with Radar,10,19,18,13,60,0,4,13,2,19,10,23,31,15,79,23,12,35,114
09/22/2020,SBN,IN,AGL,CE,Combined TRACON& Tower with Radar,13,24,18,1,56,0,2,24,1,27,13,26,42,2,83,38,0,38,121
09/23/2020,SBN,IN,AGL,CE,Combined TRACON& Tower with Radar,10,23,12,0,45,0,3,20,0,23,10,26,32,0,68,28,0,28,96
09/24/2020,SBN,IN,AGL,CE,Combined TRACON& Tower with Radar,16,26,7,0,49,0,13,17,1,31,16,39,24,1,80,34,0,34,114
09/25/2020,SBN,IN,AGL,CE,Combined TRACON& Tower with Radar,15,30,30,0,75,0,8,34,0,42,15,38,64,0,117,26,0,26,143
09/26/2020,SBN,IN,AGL,CE,Combined TRACON& Tower with Radar,11,24,11,4,50,0,6,25,0,31,11,30,36,4,81,30,0,30,111
09/27/2020,SBN,IN,AGL,CE,Combined TRACON& Tower with Radar,2,15,9,0,26,0,0,5,0,5,2,15,14,0,31,6,0,6,37
09/28/2020,SBN,IN,AGL,CE,Combined TRACON& Tower with Radar,16,20,30,0,66,0,1,2,0,3,16,21,32,0,69,8,0,8,77
09/29/2020,SBN,IN,AGL,CE,Combined TRACON& Tower with Radar,12,28,15,0,55,0,5,25,0,30,12,33,40,0,85,38,0,38,123
09/30/2020,SBN,IN,AGL,CE,Combined TRACON& Tower with Radar,16,32,16,0,64,0,3,27,2,32,16,35,43,2,96,33,0,33,129
10/01/2020,SBN,IN,AGL,CE,Combined TRACON& Tower with Radar,16,29,14,0,59,0,4,18,0,22,16,33,32,0,81,20,0,20,101
10/02/2020,SBN,IN,AGL,CE,Combined TRACON& Tower with Radar,17,29,15,0,61,0,2,31,0,33,17,31,46,0,94,28,0,28,122
10/03/2020,SBN,IN,AGL,CE,Combined TRACON& Tower with Radar,14,23,26,0,63,0,3,39,2,44,14,26,65,2,107,68,0,68,175
10/04/2020,SBN,IN,AGL,CE,Combined TRACON& Tower with Radar,12,31,14,0,57,0,1,4,0,5,12,32,18,0,62,16,0,16,78
10/05/2020,SBN,IN,AGL,CE,Combined TRACON& Tower with Radar,14,30,11,0,55,0,6,37,0,43,14,36,48,0,98,52,0,52,150
10/06/2020,SBN,IN,AGL,CE,Combined TRACON& Tower with Radar,14,31,24,11,80,0,6,31,0,37,14,37,55,11,117,66,0,66,183
10/07/2020,SBN,IN,AGL,CE,Combined TRACON& Tower with Radar,16,26,29,0,71,0,1,25,0,26,16,27,54,0,97,27,0,27,124
10/08/2020,SBN,IN,AGL,CE,Combined TRACON& Tower with Radar,16,33,12,0,61,0,1,32,1,34,16,34,44,1,95,18,0,18,113
10/09/2020,SBN,IN,AGL,CE,Combined TRACON& Tower with Radar,15,33,22,0,70,0,5,14,0,19,15,38,36,0,89,20,0,20,109
10/10/2020,SBN,IN,AGL,CE,Combined TRACON& Tower with Radar,15,28,11,0,54,0,8,21,0,29,15,36,32,0,83,34,0,34,117
10/11/2020,SBN,IN,AGL,CE,Combined TRACON& Tower with Radar,12,38,13,0,63,0,2,20,0,22,12,40,33,0,85,6,0,6,91
10/12/2020,SBN,IN,AGL,CE,Combined TRACON& Tower with Radar,13,33,10,0,56,0,0,1,0,1,13,33,11,0,57,2,0,2,59
10/13/2020,SBN,IN,AGL,CE,Combined TRACON& Tower with Radar,14,28,8,0,50,0,5,12,0,17,14,33,20,0,67,40,0,40,107
10/14/2020,SBN,IN,AGL,CE,Combined TRACON& Tower with Radar,16,25,15,0,56,0,1,25,0,26,16,26,40,0,82,34,0,34,116
10/15/2020,SBN,IN,AGL,CE,Combined TRACON& Tower with Radar,16,37,11,2,66,0,0,23,0,23,16,37,34,2,89,32,2,34,123
10/16/2020,SBN,IN,AGL,CE,Combined TRACON& Tower with Radar,16,43,16,0,75,0,2,30,0,32,16,45,46,0,107,10,0,10,117
10/17/2020,SBN,IN,AGL,CE,Combined TRACON& Tower with Radar,17,28,14,0,59,0,3,41,0,44,17,31,55,0,103,18,0,18,121
10/18/2020,SBN,IN,AGL,CE,Combined TRACON& Tower with Radar,14,31,18,0,63,0,2,6,0,8,14,33,24,0,71,0,0,0,71
10/19/2020,SBN,IN,AGL,CE,Combined TRACON& Tower with Radar,18,28,22,0,68,0,1,6,0,7,18,29,28,0,75,16,0,16,91
10/20/2020,SBN,IN,AGL,CE,Combined TRACON& Tower with Radar,16,20,11,0,47,0,0,11,0,11,16,20,22,0,58,16,0,16,74
10/21/2020,SBN,IN,AGL,CE,Combined TRACON& Tower with Radar,16,27,16,0,59,0,0,9,0,9,16,27,25,0,68,18,0,18,86
10/22/2020,SBN,IN,AGL,CE,Combined TRACON& Tower with Radar,17,38,21,0,76,0,1,28,0,29,17,39,49,0,105,33,0,33,138
10/23/2020,SBN,IN,AGL,CE,Combined TRACON& Tower with Radar,17,24,6,0,47,0,1,0,0,1,17,25,6,0,48,0,0,0,48
10/24/2020,SBN,IN,AGL,CE,Combined TRACON& Tower with Radar,19,20,4,0,43,0,6,25,0,31,19,26,29,0,74,28,0,28,102
10/25/2020,SBN,IN,AGL,CE,Combined TRACON& Tower with Radar,13,20,12,0,45,0,8,14,0,22,13,28,26,0,67,20,8,28,95
10/26/2020,SBN,IN,AGL,CE,Combined TRACON& Tower with Radar,13,24,10,0,47,0,1,5,0,6,13,25,15,0,53,14,0,14,67
10/27/2020,SBN,IN,AGL,CE,Combined TRACON& Tower with Radar,14,20,13,0,47,0,0,0,0,0,14,20,13,0,47,4,0,4,51
10/28/2020,SBN,IN,AGL,CE,Combined TRACON& Tower with Radar,16,22,27,0,65,0,11,36,1,48,16,33,63,1,113,92,0,92,205
10/29/2020,SBN,IN,AGL,CE,Combined TRACON& Tower with Radar,16,25,17,0,58,0,5,11,0,16,16,30,28,0,74,50,0,50,124
10/30/2020,SBN,IN,AGL,CE,Combined TRACON& Tower with Radar,19,19,7,0,45,0,7,32,0,39,19,26,39,0,84,2,0,2,86
10/31/2020,SBN,IN,AGL,CE,Combined TRACON& Tower with Radar,13,12,15,0,40,0,0,28,0,28,13,12,43,0,68,8,0,8,76
11/01/2020,SBN,IN,AGL,CE,Combined TRACON& Tower with Radar,10,23,7,0,40,0,2,1,0,3,10,25,8,0,43,80,0,80,123
11/02/2020,SBN,IN,AGL,CE,Combined TRACON& Tower with Radar,14,22,10,0,46,0,3,16,0,19,14,25,26,0,65,8,0,8,73
11/03/2020,SBN,IN,AGL,CE,Combined TRACON& Tower with Radar,12,15,12,1,40,0,7,30,1,38,12,22,42,2,78,40,4,44,122
11/04/2020,SBN,IN,AGL,CE,Combined TRACON& Tower with Radar,16,26,20,0,62,0,7,16,0,23,16,33,36,0,85,35,0,35,120
11/05/2020,SBN,IN,AGL,CE,Combined TRACON& Tower with Radar,16,32,19,0,67,0,5,21,0,26,16,37,40,0,93,42,0,42,135
11/06/2020,SBN,IN,AGL,CE,Combined TRACON& Tower with Radar,17,29,24,0,70,0,5,35,0,40,17,34,59,0,110,58,0,58,168
11/07/2020,SBN,IN,AGL,CE,Combined TRACON& Tower with Radar,11,24,21,0,56,0,4,21,0,25,11,28,42,0,81,37,0,37,118
11/08/2020,SBN,IN,AGL,CE,Combined TRACON& Tower with Radar,12,45,20,0,77,0,11,31,0,42,12,56,51,0,119,26,0,26,145
11/09/2020,SBN,IN,AGL,CE,Combined TRACON& Tower with Radar,14,34,10,0,58,0,9,10,0,19,14,43,20,0,77,16,0,16,93
11/10/2020,SBN,IN,AGL,CE,Combined TRACON& Tower with Radar,14,25,7,0,46,0,1,6,0,7,14,26,13,0,53,26,0,26,79
11/11/2020,SBN,IN,AGL,CE,Combined TRACON& Tower with Radar,13,24,17,0,54,0,2,20,0,22,13,26,37,0,76,22,0,22,98
11/12/2020,SBN,IN,AGL,CE,Combined TRACON& Tower with Radar,19,25,24,0,68,0,5,33,1,39,19,30,57,1,107,40,0,40,147
11/13/2020,SBN,IN,AGL,CE,Combined TRACON& Tower with Radar,19,24,18,0,61,0,2,10,0,12,19,26,28,0,73,40,0,40,113
11/14/2020,SBN,IN,AGL,CE,Combined TRACON& Tower with Radar,14,23,3,0,40,0,0,19,0,19,14,23,22,0,59,6,0,6,65
11/15/2020,SBN,IN,AGL,CE,Combined TRACON& Tower with Radar,16,23,1,0,40,0,0,0,0,0,16,23,1,0,40,6,0,6,46
11/16/2020,SBN,IN,AGL,CE,Combined TRACON& Tower with Radar,16,25,10,0,51,0,4,23,0,27,16,29,33,0,78,14,0,14,92
11/17/2020,SBN,IN,AGL,CE,Combined TRACON& Tower with Radar,12,24,14,0,50,0,4,30,0,34,12,28,44,0,84,44,0,44,128
11/18/2020,SBN,IN,AGL,CE,Combined TRACON& Tower with Radar,14,26,15,0,55,0,2,8,1,11,14,28,23,1,66,12,0,12,78
11/19/2020,SBN,IN,AGL,CE,Combined TRACON& Tower with Radar,21,48,16,0,85,0,5,6,0,11,21,53,22,0,96,4,0,4,100
11/20/2020,SBN,IN,AGL,CE,Combined TRACON& Tower with Radar,17,42,19,0,78,0,2,21,0,23,17,44,40,0,101,10,0,10,111
11/21/2020,SBN,IN,AGL,CE,Combined TRACON& Tower with Radar,11,31,15,0,57,0,0,19,0,19,11,31,34,0,76,75,0,75,151
11/22/2020,SBN,IN,AGL,CE,Combined TRACON& Tower with Radar,18,29,3,0,50,0,0,1,0,1,18,29,4,0,51,0,0,0,51
11/23/2020,SBN,IN,AGL,CE,Combined TRACON& Tower with Radar,17,31,5,2,55,0,4,21,0,25,17,35,26,2,80,40,0,40,120
11/24/2020,SBN,IN,AGL,CE,Combined TRACON& Tower with Radar,20,30,11,0,61,0,0,0,0,0,20,30,11,0,61,0,0,0,61
11/25/2020,SBN,IN,AGL,CE,Combined TRACON& Tower with Radar,21,31,15,0,67,0,0,0,0,0,21,31,15,0,67,0,0,0,67
11/26/2020,SBN,IN,AGL,CE,Combined TRACON& Tower with Radar,10,15,2,0,27,0,1,1,0,2,10,16,3,0,29,2,0,2,31
11/27/2020,SBN,IN,AGL,CE,Combined TRACON& Tower with Radar,13,23,12,0,48,0,0,1,0,1,13,23,13,0,49,2,0,2,51
11/28/2020,SBN,IN,AGL,CE,Combined TRACON& Tower with Radar,21,37,13,0,71,0,1,28,0,29,21,38,41,0,100,30,0,30,130
11/29/2020,SBN,IN,AGL,CE,Combined TRACON& Tower with Radar,17,34,10,0,61,0,1,20,0,21,17,35,30,0,82,10,0,10,92
11/30/2020,SBN,IN,AGL,CE,Combined TRACON& Tower with Radar,20,29,9,0,58,0,0,1,0,1,20,29,10,0,59,0,0,0,59
12/01/2020,SBN,IN,AGL,CE,Combined TRACON& Tower with Radar,12,24,5,0,41,0,2,0,0,2,12,26,5,0,43,6,0,6,49
12/02/2020,SBN,IN,AGL,CE,Combined TRACON& Tower with Radar,15,27,8,0,50,0,3,31,0,34,15,30,39,0,84,32,0,32,116
12/03/2020,SBN,IN,AGL,CE,Combined TRACON& Tower with Radar,16,27,23,0,66,0,5,19,0,24,16,32,42,0,90,36,0,36,126
12/04/2020,SBN,IN,AGL,CE,Combined TRACON& Tower with Radar,19,24,11,0,54,0,3,31,0,34,19,27,42,0,88,34,0,34,122
12/05/2020,SBN,IN,AGL,CE,Combined TRACON& Tower with Radar,16,21,5,0,42,0,2,36,1,39,16,23,41,1,81,24,0,24,105
12/06/2020,SBN,IN,AGL,CE,Combined TRACON& Tower with Radar,14,26,9,0,49,0,0,1,0,1,14,26,10,0,50,26,0,26,76
12/07/2020,SBN,IN,AGL,CE,Combined TRACON& Tower with Radar,18,21,5,0,44,0,2,19,0,21,18,23,24,0,65,24,0,24,89
12/08/2020,SBN,IN,AGL,CE,Combined TRACON& Tower with Radar,17,24,12,0,53,0,4,6,1,11,17,28,18,1,64,28,0,28,92
12/09/2020,SBN,IN,AGL,CE,Combined TRACON& Tower with Radar,14,26,11,0,51,0,6,36,0,42,14,32,47,0,93,58,0,58,151
12/10/2020,SBN,IN,AGL,CE,Combined TRACON& Tower with Radar,16,36,14,1,67,0,0,18,1,19,16,36,32,2,86,26,0,26,112
12/11/2020,SBN,IN,AGL,CE,Combined TRACON& Tower with Radar,21,28,27,0,76,0,0,19,0,19,21,28,46,0,95,30,0,30,125
12/12/2020,SBN,IN,AGL,CE,Combined TRACON& Tower with Radar,16,20,12,0,48,0,0,0,0,0,16,20,12,0,48,0,0,0,48
12/13/2020,SBN,IN,AGL,CE,Combined TRACON& Tower with Radar,12,23,9,0,44,0,0,0,0,0,12,23,9,0,44,0,0,0,44
12/14/2020,SBN,IN,AGL,CE,Combined TRACON& Tower with Radar,16,23,11,0,50,0,4,7,1,12,16,27,18,1,62,28,0,28,90
12/15/2020,SBN,IN,AGL,CE,Combined TRACON& Tower with Radar,14,29,21,0,64,0,7,29,0,36,14,36,50,0,100,86,0,86,186
12/16/2020,SBN,IN,AGL,CE,Combined TRACON& Tower with Radar,11,18,7,0,36,0,0,0,0,0,11,18,7,0,36,0,0,0,36
12/17/2020,SBN,IN,AGL,CE,Combined TRACON& Tower with Radar,17,25,6,0,48,0,1,1,0,2,17,26,7,0,50,0,0,0,50
12/18/2020,SBN,IN,AGL,CE,Combined TRACON& Tower with Radar,22,40,18,7,87,0,1,22,0,23,22,41,40,7,110,24,16,40,150
12/19/2020,SBN,IN,AGL,CE,Combined TRACON& Tower with Radar,16,33,12,0,61,0,0,5,0,5,16,33,17,0,66,0,0,0,66
12/20/2020,SBN,IN,AGL,CE,Combined TRACON& Tower with Radar,17,26,11,1,55,0,0,12,1,13,17,26,23,2,68,8,0,8,76
12/21/2020,SBN,IN,AGL,CE,Combined TRACON& Tower with Radar,19,24,5,0,48,0,0,4,0,4,19,24,9,0,52,0,0,0,52
12/22/2020,SBN,IN,AGL,CE,Combined TRACON& Tower with Radar,16,32,12,0,60,0,0,13,0,13,16,32,25,0,73,0,0,0,73
12/23/2020,SBN,IN,AGL,CE,Combined TRACON& Tower with Radar,24,30,9,0,63,0,0,6,0,6,24,30,15,0,69,10,0,10,79
12/24/2020,SBN,IN,AGL,CE,Combined TRACON& Tower with Radar,15,19,5,0,39,0,0,0,0,0,15,19,5,0,39,18,0,18,57
12/25/2020,SBN,IN,AGL,CE,Combined TRACON& Tower with Radar,8,17,1,0,26,0,0,0,0,0,8,17,1,0,26,0,0,0,26
12/26/2020,SBN,IN,AGL,CE,Combined TRACON& Tower with Radar,15,26,9,0,50,0,0,3,0,3,15,26,12,0,53,8,0,8,61
12/27/2020,SBN,IN,AGL,CE,Combined TRACON& Tower with Radar,18,23,9,0,50,0,4,9,0,13,18,27,18,0,63,2,0,2,65
12/28/2020,SBN,IN,AGL,CE,Combined TRACON& Tower with Radar,18,28,2,2,50,0,3,5,2,10,18,31,7,4,60,6,0,6,66
12/29/2020,SBN,IN,AGL,CE,Combined TRACON& Tower with Radar,12,42,24,0,78,0,5,17,1,23,12,47,41,1,101,36,0,36,137
12/30/2020,SBN,IN,AGL,CE,Combined TRACON& Tower with Radar,21,31,5,0,57,0,1,0,0,1,21,32,5,0,58,4,0,4,62
12/31/2020,SBN,IN,AGL,CE,Combined TRACON& Tower with Radar,17,13,6,0,36,0,1,7,0,8,17,14,13,0,44,48,0,48,92
01/01/2021,SBN,IN,AGL,CE,Combined TRACON& Tower with Radar,12,12,6,0,30,0,0,0,0,0,12,12,6,0,30,0,0,0,30
01/02/2021,SBN,IN,AGL,CE,Combined TRACON& Tower with Radar,16,32,11,0,59,0,0,0,0,0,16,32,11,0,59,0,0,0,59
01/03/2021,SBN,IN,AGL,CE,Combined TRACON& Tower with Radar,17,22,7,0,46,0,0,0,0,0,17,22,7,0,46,0,0,0,46
01/04/2021,SBN,IN,AGL,CE,Combined TRACON& Tower with Radar,19,27,7,2,55,0,0,0,0,0,19,27,7,2,55,0,0,0,55
01/05/2021,SBN,IN,AGL,CE,Combined TRACON& Tower with Radar,15,23,5,0,43,0,0,0,0,0,15,23,5,0,43,16,0,16,59
01/06/2021,SBN,IN,AGL,CE,Combined TRACON& Tower with Radar,15,23,7,0,45,0,3,5,0,8,15,26,12,0,53,30,0,30,83
01/07/2021,SBN,IN,AGL,CE,Combined TRACON& Tower with Radar,17,23,10,2,52,0,3,4,0,7,17,26,14,2,59,30,0,30,89
01/08/2021,SBN,IN,AGL,CE,Combined TRACON& Tower with Radar,19,22,10,0,51,0,1,6,0,7,19,23,16,0,58,15,0,15,73
01/09/2021,SBN,IN,AGL,CE,Combined TRACON& Tower with Radar,15,17,9,0,41,0,0,25,0,25,15,17,34,0,66,76,0,76,142
01/10/2021,SBN,IN,AGL,CE,Combined TRACON& Tower with Radar,10,20,10,0,40,0,0,2,0,2,10,20,12,0,42,0,0,0,42
01/11/2021,SBN,IN,AGL,CE,Combined TRACON& Tower with Radar,22,22,8,0,52,0,0,0,0,0,22,22,8,0,52,0,0,0,52
01/12/2021,SBN,IN,AGL,CE,Combined TRACON& Tower with Radar,13,20,6,0,39,0,0,5,0,5,13,20,11,0,44,42,0,42,86
01/13/2021,SBN,IN,AGL,CE,Combined TRACON& Tower with Radar,17,21,24,0,62,0,10,30,0,40,17,31,54,0,102,46,0,46,148
01/14/2021,SBN,IN,AGL,CE,Combined TRACON& Tower with Radar,18,30,7,0,55,0,2,8,0,10,18,32,15,0,65,24,0,24,89
01/15/2021,SBN,IN,AGL,CE,Combined TRACON& Tower with Radar,21,19,13,0,53,0,0,8,0,8,21,19,21,0,61,22,0,22,83
01/16/2021,SBN,IN,AGL,CE,Combined TRACON& Tower with Radar,14,19,2,0,35,0,0,0,0,0,14,19,2,0,35,0,0,0,35
01/17/2021,SBN,IN,AGL,CE,Combined TRACON& Tower with Radar,12,17,4,0,33,0,0,2,0,2,12,17,6,0,35,0,0,0,35
01/18/2021,SBN,IN,AGL,CE,Combined TRACON& Tower with Radar,19,19,11,0,49,0,0,5,0,5,19,19,16,0,54,26,0,26,80
01/19/2021,SBN,IN,AGL,CE,Combined TRACON& Tower with Radar,12,20,6,0,38,0,2,5,0,7,12,22,11,0,45,4,0,4,49
01/20/2021,SBN,IN,AGL,CE,Combined TRACON& Tower with Radar,15,31,9,0,55,0,7,25,0,32,15,38,34,0,87,74,0,74,161
01/21/2021,SBN,IN,AGL,CE,Combined TRACON& Tower with Radar,14,22,11,0,47,0,0,19,0,19,14,22,30,0,66,38,0,38,104
01/22/2021,SBN,IN,AGL,CE,Combined TRACON& Tower with Radar,21,30,4,0,55,0,1,0,0,1,21,31,4,0,56,13,0,13,69
01/23/2021,SBN,IN,AGL,CE,Combined TRACON& Tower with Radar,15,18,8,0,41,0,10,39,0,49,15,28,47,0,90,24,0,24,114
01/24/2021,SBN,IN,AGL,CE,Combined TRACON& Tower with Radar,12,21,2,0,35,0,1,0,0,1,12,22,2,0,36,0,0,0,36
01/25/2021,SBN,IN,AGL,CE,Combined TRACON& Tower with Radar,19,17,5,0,41,0,1,7,1,9,19,18,12,1,50,8,0,8,58
01/26/2021,SBN,IN,AGL,CE,Combined TRACON& Tower with Radar,13,16,5,0,34,0,0,0,0,0,13,16,5,0,34,0,0,0,34
01/27/2021,SBN,IN,AGL,CE,Combined TRACON& Tower with Radar,17,16,20,0,53,0,8,20,1,29,17,24,40,1,82,55,2,57,139
01/28/2021,SBN,IN,AGL,CE,Combined TRACON& Tower with Radar,13,20,11,0,44,0,2,16,0,18,13,22,27,0,62,32,0,32,94
01/29/2021,SBN,IN,AGL,CE,Combined TRACON& Tower with Radar,23,31,13,0,67,0,22,35,0,57,23,53,48,0,124,64,0,64,188
01/30/2021,SBN,IN,AGL,CE,Combined TRACON& Tower with Radar,11,22,12,0,45,0,3,18,0,21,11,25,30,0,66,41,0,41,107
01/31/2021,SBN,IN,AGL,CE,Combined TRACON& Tower with Radar,10,29,16,0,55,0,0,0,0,0,10,29,16,0,55,0,0,0,55
02/01/2021,SBN,IN,AGL,CE,Combined TRACON& Tower with Radar,21,31,17,0,69,0,7,6,1,14,21,38,23,1,83,30,0,30,113
02/02/2021,SBN,IN,AGL,CE,Combined TRACON& Tower with Radar,15,25,13,0,53,0,1,14,0,15,15,26,27,0,68,16,0,16,84
02/03/2021,SBN,IN,AGL,CE,Combined TRACON& Tower with Radar,16,28,32,0,76,0,7,29,0,36,16,35,61,0,112,68,0,68,180
02/04/2021,SBN,IN,AGL,CE,Combined TRACON& Tower with Radar,14,18,17,0,49,0,1,11,0,12,14,19,28,0,61,6,0,6,67
02/05/2021,SBN,IN,AGL,CE,Combined TRACON& Tower with Radar,19,27,12,1,59,0,0,0,0,0,19,27,12,1,59,4,0,4,63
02/06/2021,SBN,IN,AGL,CE,Combined TRACON& Tower with Radar,12,25,26,1,64,0,6,14,0,20,12,31,40,1,84,25,0,25,109
02/07/2021,SBN,IN,AGL,CE,Combined TRACON& Tower with Radar,10,16,5,0,31,0,0,3,0,3,10,16,8,0,34,14,0,14,48
02/08/2021,SBN,IN,AGL,CE,Combined TRACON& Tower with Radar,19,26,4,0,49,0,0,0,0,0,19,26,4,0,49,0,0,0,49
02/09/2021,SBN,IN,AGL,CE,Combined TRACON& Tower with Radar,14,17,11,0,42,0,0,4,2,6,14,17,15,2,48,4,0,4,52
02/10/2021,SBN,IN,AGL,CE,Combined TRACON& Tower with Radar,17,20,17,0,54,0,0,4,0,4,17,20,21,0,58,2,0,2,60
02/11/2021,SBN,IN,AGL,CE,Combined TRACON& Tower with Radar,14,31,9,0,54,0,8,25,0,33,14,39,34,0,87,48,0,48,135
02/12/2021,SBN,IN,AGL,CE,Combined TRACON& Tower with Radar,21,21,8,0,50,0,3,5,0,8,21,24,13,0,58,6,0,6,64
02/13/2021,SBN,IN,AGL,CE,Combined TRACON& Tower with Radar,21,16,6,0,43,0,0,0,0,0,21,16,6,0,43,0,0,0,43
02/14/2021,SBN,IN,AGL,CE,Combined TRACON& Tower with Radar,14,25,6,0,45,0,0,0,0,0,14,25,6,0,45,0,0,0,45
02/15/2021,SBN,IN,AGL,CE,Combined TRACON& Tower with Radar,12,17,6,0,35,0,0,0,0,0,12,17,6,0,35,0,0,0,35
02/16/2021,SBN,IN,AGL,CE,Combined TRACON& Tower with Radar,11,16,8,0,35,0,2,7,0,9,11,18,15,0,44,0,0,0,44
02/17/2021,SBN,IN,AGL,CE,Combined TRACON& Tower with Radar,12,22,26,0,60,0,5,7,0,12,12,27,33,0,72,52,0,52,124
02/18/2021,SBN,IN,AGL,CE,Combined TRACON& Tower with Radar,16,30,11,0,57,0,1,0,0,1,16,31,11,0,58,4,0,4,62
02/19/2021,SBN,IN,AGL,CE,Combined TRACON& Tower with Radar,22,24,18,0,64,0,0,13,1,14,22,24,31,1,78,33,0,33,111
02/20/2021,SBN,IN,AGL,CE,Combined TRACON& Tower with Radar,16,15,20,0,51,0,2,26,0,28,16,17,46,0,79,46,0,46,125
02/21/2021,SBN,IN,AGL,CE,Combined TRACON& Tower with Radar,13,26,6,0,45,0,1,10,0,11,13,27,16,0,56,17,0,17,73
02/22/2021,SBN,IN,AGL,CE,Combined TRACON& Tower with Radar,23,24,6,0,53,0,1,0,0,1,23,25,6,0,54,0,0,0,54
02/23/2021,SBN,IN,AGL,CE,Combined TRACON& Tower with Radar,17,23,14,0,54,0,13,24,0,37,17,36,38,0,91,48,0,48,139
02/24/2021,SBN,IN,AGL,CE,Combined TRACON& Tower with Radar,22,24,22,0,68,0,2,17,2,21,22,26,39,2,89,38,0,38,127
02/25/2021,SBN,IN,AGL,CE,Combined TRACON& Tower with Radar,18,26,18,0,62,0,8,22,0,30,18,34,40,0,92,40,0,40,132
02/26/2021,SBN,IN,AGL,CE,Combined TRACON& Tower with Radar,25,32,20,0,77,0,9,26,1,36,25,41,46,1,113,56,0,56,169
02/27/2021,SBN,IN,AGL,CE,Combined TRACON& Tower with Radar,17,20,15,0,52,0,0,19,0,19,17,20,34,0,71,18,0,18,89
02/28/2021,SBN,IN,AGL,CE,Combined TRACON& Tower with Radar,17,23,13,0,53,0,0,2,0,2,17,23,15,0,55,6,0,6,61
03/01/2021,SBN,IN,AGL,CE,Combined TRACON& Tower with Radar,23,23,12,0,58,0,7,14,1,22,23,30,26,1,80,22,0,22,102
03/02/2021,SBN,IN,AGL,CE,Combined TRACON& Tower with Radar,20,20,11,0,51,0,10,17,0,27,20,30,28,0,78,45,0,45,123
03/03/2021,SBN,IN,AGL,CE,Combined TRACON& Tower with Radar,29,20,21,0,70,0,4,32,0,36,29,24,53,0,106,46,0,46,152
03/04/2021,SBN,IN,AGL,CE,Combined TRACON& Tower with Radar,25,25,16,0,66,0,2,19,0,21,25,27,35,0,87,18,0,18,105
03/05/2021,SBN,IN,AGL,CE,Combined TRACON& Tower with Radar,29,27,17,0,73,0,17,27,0,44,29,44,44,0,117,44,0,44,161
03/06/2021,SBN,IN,AGL,CE,Combined TRACON& Tower with Radar,25,19,8,0,52,0,9,31,0,40,25,28,39,0,92,107,0,107,199
03/07/2021,SBN,IN,AGL,CE,Combined TRACON& Tower with Radar,20,17,14,0,51,0,4,23,0,27,20,21,37,0,78,40,0,40,118
03/08/2021,SBN,IN,AGL,CE,Combined TRACON& Tower with Radar,27,20,13,0,60,0,3,9,2,14,27,23,22,2,74,36,0,36,110
03/09/2021,SBN,IN,AGL,CE,Combined TRACON& Tower with Radar,20,18,20,0,58,0,25,24,1,50,20,43,44,1,108,6,0,6,114
03/10/2021,SBN,IN,AGL,CE,Combined TRACON& Tower with Radar,25,16,11,0,52,0,0,2,0,2,25,16,13,0,54,56,0,56,110
03/11/2021,SBN,IN,AGL,CE,Combined TRACON& Tower with Radar,28,22,12,0,62,0,5,5,0,10,28,27,17,0,72,10,0,10,82
03/12/2021,SBN,IN,AGL,CE,Combined TRACON& Tower with Radar,33,26,16,0,75,0,6,30,0,36,33,32,46,0,111,59,0,59,170
03/13/2021,SBN,IN,AGL,CE,Combined TRACON& Tower with Radar,19,18,16,0,53,0,8,37,0,45,19,26,53,0,98,86,0,86,184
03/14/2021,SBN,IN,AGL,CE,Combined TRACON& Tower with Radar,20,21,11,0,52,0,0,12,0,12,20,21,23,0,64,12,0,12,76
03/15/2021,SBN,IN,AGL,CE,Combined TRACON& Tower with Radar,24,20,8,0,52,0,0,0,0,0,24,20,8,0,52,0,0,0,52
03/16/2021,SBN,IN,AGL,CE,Combined TRACON& Tower with Radar,25,26,16,0,67,0,0,0,0,0,25,26,16,0,67,2,0,2,69
03/17/2021,SBN,IN,AGL,CE,Combined TRACON& Tower with Radar,24,18,8,2,52,0,5,15,1,21,24,23,23,3,73,32,0,32,105
03/18/2021,SBN,IN,AGL,CE,Combined TRACON& Tower with Radar,23,17,8,0,48,0,0,0,0,0,23,17,8,0,48,0,0,0,48
03/19/2021,SBN,IN,AGL,CE,Combined TRACON& Tower with Radar,37,23,16,2,78,0,2,48,0,50,37,25,64,2,128,48,0,48,176
03/20/2021,SBN,IN,AGL,CE,Combined TRACON& Tower with Radar,27,15,24,0,66,0,10,36,0,46,27,25,60,0,112,61,0,61,173
03/21/2021,SBN,IN,AGL,CE,Combined TRACON& Tower with Radar,22,18,18,1,59,0,8,31,1,40,22,26,49,2,99,22,4,26,125
03/22/2021,SBN,IN,AGL,CE,Combined TRACON& Tower with Radar,26,17,10,0,53,0,8,21,1,30,26,25,31,1,83,42,0,42,125
03/23/2021,SBN,IN,AGL,CE,Combined TRACON& Tower with Radar,21,20,20,0,61,0,13,13,1,27,21,33,33,1,88,30,0,30,118
03/24/2021,SBN,IN,AGL,CE,Combined TRACON& Tower with Radar,30,18,24,4,76,0,0,2,0,2,30,18,26,4,78,14,0,14,92
03/25/2021,SBN,IN,AGL,CE,Combined TRACON& Tower with Radar,25,20,22,0,67,0,2,6,0,8,25,22,28,0,75,56,0,56,131
03/26/2021,SBN,IN,AGL,CE,Combined TRACON& Tower with Radar,30,21,19,2,72,0,0,1,0,1,30,21,20,2,73,6,0,6,79
03/27/2021,SBN,IN,AGL,CE,Combined TRACON& Tower with Radar,31,14,19,0,64,0,1,6,0,7,31,15,25,0,71,4,0,4,75
03/28/2021,SBN,IN,AGL,CE,Combined TRACON& Tower with Radar,19,12,10,0,41,0,0,3,0,3,19,12,13,0,44,9,0,9,53
03/29/2021,SBN,IN,AGL,CE,Combined TRACON& Tower with Radar,26,20,17,0,63,0,10,21,0,31,26,30,38,0,94,51,0,51,145
03/30/2021,SBN,IN,AGL,CE,Combined TRACON& Tower with Radar,20,25,12,0,57,0,4,6,0,10,20,29,18,0,67,2,0,2,69
03/31/2021,SBN,IN,AGL,CE,Combined TRACON& Tower with Radar,27,20,21,0,68,0,1,11,0,12,27,21,32,0,80,16,2,18,98
04/01/2021,SBN,IN,AGL,CE,Combined TRACON& Tower with Radar,29,22,27,2,80,0,1,8,0,9,29,23,35,2,89,0,0,0,89
04/02/2021,SBN,IN,AGL,CE,Combined TRACON& Tower with Radar,31,25,15,0,71,0,14,42,0,56,31,39,57,0,127,96,0,96,223
04/03/2021,SBN,IN,AGL,CE,Combined TRACON& Tower with Radar,29,21,13,0,63,0,4,11,0,15,29,25,24,0,78,12,0,12,90
04/04/2021,SBN,IN,AGL,CE,Combined TRACON& Tower with Radar,19,30,18,0,67,0,0,24,0,24,19,30,42,0,91,40,0,40,131
04/05/2021,SBN,IN,AGL,CE,Combined TRACON& Tower with Radar,29,23,24,0,76,0,4,11,0,15,29,27,35,0,91,0,0,0,91
04/06/2021,SBN,IN,AGL,CE,Combined TRACON& Tower with Radar,18,18,20,0,56,0,14,20,1,35,18,32,40,1,91,50,0,50,141
04/07/2021,SBN,IN,AGL,CE,Combined TRACON& Tower with Radar,24,14,20,0,58,0,7,12,1,20,24,21,32,1,78,40,0,40,118
04/08/2021,SBN,IN,AGL,CE,Combined TRACON& Tower with Radar,20,28,17,3,68,1,0,3,0,4,21,28,20,3,72,0,0,0,72
04/09/2021,SBN,IN,AGL,CE,Combined TRACON& Tower with Radar,29,21,21,2,73,0,1,11,0,12,29,22,32,2,85,30,0,30,115
04/10/2021,SBN,IN,AGL,CE,Combined TRACON& Tower with Radar,28,20,10,0,58,0,4,5,0,9,28,24,15,0,67,12,0,12,79
04/11/2021,SBN,IN,AGL,CE,Combined TRACON& Tower with Radar,19,34,18,0,71,0,1,2,0,3,19,35,20,0,74,22,0,22,96
04/12/2021,SBN,IN,AGL,CE,Combined TRACON& Tower with Radar,24,29,11,0,64,0,2,15,0,17,24,31,26,0,81,34,0,34,115
04/13/2021,SBN,IN,AGL,CE,Combined TRACON& Tower with Radar,20,19,18,0,57,0,11,29,0,40,20,30,47,0,97,60,0,60,157
04/14/2021,SBN,IN,AGL,CE,Combined TRACON& Tower with Radar,18,18,16,0,52,0,10,21,0,31,18,28,37,0,83,30,0,30,113
04/15/2021,SBN,IN,AGL,CE,Combined TRACON& Tower with Radar,22,24,27,16,89,0,5,6,0,11,22,29,33,16,100,36,0,36,136
04/16/2021,SBN,IN,AGL,CE,Combined TRACON& Tower with Radar,27,21,26,0,74,0,1,21,0,22,27,22,47,0,96,86,0,86,182
04/17/2021,SBN,IN,AGL,CE,Combined TRACON& Tower with Radar,15,15,10,2,42,0,10,17,3,30,15,25,27,5,72,76,0,76,148
04/18/2021,SBN,IN,AGL,CE,Combined TRACON& Tower with Radar,17,13,15,0,45,0,6,31,0,37,17,19,46,0,82,41,0,41,123
04/19/2021,SBN,IN,AGL,CE,Combined TRACON& Tower with Radar,24,22,6,0,52,0,3,3,0,6,24,25,9,0,58,22,0,22,80
04/20/2021,SBN,IN,AGL,CE,Combined TRACON& Tower with Radar,18,17,8,0,43,0,0,1,0,1,18,17,9,0,44,0,0,0,44
04/21/2021,SBN,IN,AGL,CE,Combined TRACON& Tower with Radar,19,24,22,0,65,0,2,9,0,11,19,26,31,0,76,50,0,50,126
04/22/2021,SBN,IN,AGL,CE,Combined TRACON& Tower with Radar,20,33,16,0,69,0,4,35,0,39,20,37,51,0,108,40,0,40,148
04/23/2021,SBN,IN,AGL,CE,Combined TRACON& Tower with Radar,24,19,21,0,64,0,13,29,0,42,24,32,50,0,106,67,0,67,173
04/24/2021,SBN,IN,AGL,CE,Combined TRACON& Tower with Radar,15,15,10,0,40,0,0,4,2,6,15,15,14,2,46,6,0,6,52
04/25/2021,SBN,IN,AGL,CE,Combined TRACON& Tower with Radar,16,17,25,0,58,0,4,21,0,25,16,21,46,0,83,24,0,24,107
04/26/2021,SBN,IN,AGL,CE,Combined TRACON& Tower with Radar,24,26,16,0,66,0,0,6,0,6,24,26,22,0,72,18,0,18,90
04/27/2021,SBN,IN,AGL,CE,Combined TRACON& Tower with Radar,25,24,18,0,67,0,5,19,0,24,25,29,37,0,91,48,0,48,139
04/28/2021,SBN,IN,AGL,CE,Combined TRACON& Tower with Radar,20,19,34,0,73,0,0,0,0,0,20,19,34,0,73,4,0,4,77
04/29/2021,SBN,IN,AGL,CE,Combined TRACON& Tower with Radar,22,19,29,0,70,0,1,5,0,6,22,20,34,0,76,16,0,16,92
04/30/2021,SBN,IN,AGL,CE,Combined TRACON& Tower with Radar,27,25,16,0,68,0,2,11,0,13,27,27,27,0,81,32,0,32,113
05/01/2021,SBN,IN,AGL,CE,Combined TRACON& Tower with Radar,19,22,9,0,50,0,4,19,1,24,19,26,28,1,74,36,0,36,110
05/02/2021,SBN,IN,AGL,CE,Combined TRACON& Tower with Radar,19,25,19,0,63,0,2,10,0,12,19,27,29,0,75,6,0,6,81
05/03/2021,SBN,IN,AGL,CE,Combined TRACON& Tower with Radar,24,33,16,0,73,0,0,2,2,4,24,33,18,2,77,32,0,32,109
05/04/2021,SBN,IN,AGL,CE,Combined TRACON& Tower with Radar,18,15,19,0,52,0,0,3,0,3,18,15,22,0,55,18,0,18,73
05/05/2021,SBN,IN,AGL,CE,Combined TRACON& Tower with Radar,19,23,9,0,51,0,7,23,0,30,19,30,32,0,81,98,0,98,179
05/06/2021,SBN,IN,AGL,CE,Combined TRACON& Tower with Radar,24,23,11,0,58,0,2,0,0,2,24,25,11,0,60,2,0,2,62
05/07/2021,SBN,IN,AGL,CE,Combined TRACON& Tower with Radar,28,21,10,0,59,0,6,15,0,21,28,27,25,0,80,49,0,49,129
05/08/2021,SBN,IN,AGL,CE,Combined TRACON& Tower with Radar,21,15,13,0,49,0,4,32,3,39,21,19,45,3,88,31,0,31,119
05/09/2021,SBN,IN,AGL,CE,Combined TRACON& Tower with Radar,20,19,4,0,43,0,0,13,2,15,20,19,17,2,58,28,0,28,86
05/10/2021,SBN,IN,AGL,CE,Combined TRACON& Tower with Radar,26,19,18,0,63,0,5,26,2,33,26,24,44,2,96,86,0,86,182
05/11/2021,SBN,IN,AGL,CE,Combined TRACON& Tower with Radar,22,21,15,0,58,0,19,20,0,39,22,40,35,0,97,12,0,12,109
05/12/2021,SBN,IN,AGL,CE,Combined TRACON& Tower with Radar,24,29,13,0,66,0,9,39,0,48,24,38,52,0,114,76,0,76,190
05/13/2021,SBN,IN,AGL,CE,Combined TRACON& Tower with Radar,22,20,15,1,58,0,8,35,0,43,22,28,50,1,101,58,8,66,167
05/14/2021,SBN,IN,AGL,CE,Combined TRACON& Tower with Radar,29,26,32,0,87,0,13,13,0,26,29,39,45,0,113,92,0,92,205
05/15/2021,SBN,IN,AGL,CE,Combined TRACON& Tower with Radar,19,17,14,0,50,0,3,21,0,24,19,20,35,0,74,41,0,41,115
05/16/2021,SBN,IN,AGL,CE,Combined TRACON& Tower with Radar,18,16,22,0,56,0,4,18,0,22,18,20,40,0,78,60,0,60,138
05/17/2021,SBN,IN,AGL,CE,Combined TRACON& Tower with Radar,26,30,29,2,87,0,6,11,1,18,26,36,40,3,105,54,2,56,161
05/18/2021,SBN,IN,AGL,CE,Combined TRACON& Tower with Radar,23,36,15,0,74,0,9,19,1,29,23,45,34,1,103,56,0,56,159
05/19/2021,SBN,IN,AGL,CE,Combined TRACON& Tower with Radar,21,28,26,0,75,0,4,12,0,16,21,32,38,0,91,26,0,26,117
05/20/2021,SBN,IN,AGL,CE,Combined TRACON& Tower with Radar,28,44,35,0,107,0,6,14,0,20,28,50,49,0,127,0,0,0,127
05/21/2021,SBN,IN,AGL,CE,Combined TRACON& Tower with Radar,34,41,65,0,140,0,3,18,0,21,34,44,83,0,161,52,0,52,213
05/22/2021,SBN,IN,AGL,CE,Combined TRACON& Tower with Radar,20,24,14,0,58,0,9,17,0,26,20,33,31,0,84,20,0,20,104
05/23/2021,SBN,IN,AGL,CE,Combined TRACON& Tower with Radar,27,45,45,0,117,0,1,5,0,6,27,46,50,0,123,28,0,28,151
05/24/2021,SBN,IN,AGL,CE,Combined TRACON& Tower with Radar,31,30,43,0,104,0,0,16,0,16,31,30,59,0,120,38,0,38,158
05/25/2021,SBN,IN,AGL,CE,Combined TRACON& Tower with Radar,21,25,21,0,67,0,8,25,1,34,21,33,46,1,101,32,0,32,133
05/26/2021,SBN,IN,AGL,CE,Combined TRACON& Tower with Radar,22,21,21,0,64,0,9,3,0,12,22,30,24,0,76,40,0,40,116
05/27/2021,SBN,IN,AGL,CE,Combined TRACON& Tower with Radar,20,24,23,0,67,0,5,14,0,19,20,29,37,0,86,20,0,20,106
05/28/2021,SBN,IN,AGL,CE,Combined TRACON& Tower with Radar,25,15,13,0,53,0,1,1,0,2,25,16,14,0,55,0,0,0,55
05/29/2021,SBN,IN,AGL,CE,Combined TRACON& Tower with Radar,23,22,9,0,54,0,3,12,0,15,23,25,21,0,69,22,0,22,91
05/30/2021,SBN,IN,AGL,CE,Combined TRACON& Tower with Radar,16,15,9,0,40,0,4,17,0,21,16,19,26,0,61,18,0,18,79
05/31/2021,SBN,IN,AGL,CE,Combined TRACON& Tower with Radar,23,18,10,0,51,0,2,10,0,12,23,20,20,0,63,16,0,16,79
06/01/2021,SBN,IN,AGL,CE,Combined TRACON& Tower with Radar,22,21,20,0,63,0,13,20,0,33,22,34,40,0,96,41,0,41,137
06/02/2021,SBN,IN,AGL,CE,Combined TRACON& Tower with Radar,27,26,15,0,68,0,3,12,5,20,27,29,27,5,88,38,8,46,134
06/03/2021,SBN,IN,AGL,CE,Combined TRACON& Tower with Radar,20,21,32,0,73,0,10,20,1,31,20,31,52,1,104,50,0,50,154
06/04/2021,SBN,IN,AGL,CE,Combined TRACON& Tower with Radar,29,17,19,0,65,0,9,24,0,33,29,26,43,0,98,62,0,62,160
06/05/2021,SBN,IN,AGL,CE,Combined TRACON& Tower with Radar,23,21,11,1,56,0,2,19,2,23,23,23,30,3,79,38,0,38,117
06/06/2021,SBN,IN,AGL,CE,Combined TRACON& Tower with Radar,17,18,13,0,48,0,1,21,0,22,17,19,34,0,70,17,0,17,87
06/07/2021,SBN,IN,AGL,CE,Combined TRACON& Tower with Radar,25,21,14,0,60,0,3,6,0,9,25,24,20,0,69,15,0,15,84
06/08/2021,SBN,IN,AGL,CE,Combined TRACON& Tower with Radar,20,19,13,0,52,0,1,9,0,10,20,20,22,0,62,6,0,6,68
06/09/2021,SBN,IN,AGL,CE,Combined TRACON& Tower with Radar,27,32,23,0,82,0,1,8,0,9,27,33,31,0,91,28,0,28,119
06/10/2021,SBN,IN,AGL,CE,Combined TRACON& Tower with Radar,23,20,21,0,64,0,2,9,0,11,23,22,30,0,75,62,0,62,137
06/11/2021,SBN,IN,AGL,CE,Combined TRACON& Tower with Radar,27,37,20,2,86,0,5,16,0,21,27,42,36,2,107,44,0,44,151
06/12/2021,SBN,IN,AGL,CE,Combined TRACON& Tower with Radar,21,19,3,0,43,0,3,9,1,13,21,22,12,1,56,12,0,12,68
06/13/2021,SBN,IN,AGL,CE,Combined TRACON& Tower with Radar,16,23,8,0,47,0,2,14,0,16,16,25,22,0,63,6,0,6,69
06/14/2021,SBN,IN,AGL,CE,Combined TRACON& Tower with Radar,25,23,25,2,75,0,3,16,0,19,25,26,41,2,94,44,0,44,138
06/15/2021,SBN,IN,AGL,CE,Combined TRACON& Tower with Radar,25,22,24,0,71,0,19,13,0,32,25,41,37,0,103,48,0,48,151
06/16/2021,SBN,IN,AGL,CE,Combined TRACON& Tower with Radar,28,32,14,1,75,0,12,24,0,36,28,44,38,1,111,28,0,28,139
06/17/2021,SBN,IN,AGL,CE,Combined TRACON& Tower with Radar,20,29,17,0,66,0,8,24,0,32,20,37,41,0,98,44,0,44,142
06/18/2021,SBN,IN,AGL,CE,Combined TRACON& Tower with Radar,29,22,16,0,67,0,1,10,0,11,29,23,26,0,78,25,0,25,103
06/19/2021,SBN,IN,AGL,CE,Combined TRACON& Tower with Radar,20,18,17,0,55,0,2,11,2,15,20,20,28,2,70,50,0,50,120
06/20/2021,SBN,IN,AGL,CE,Combined TRACON& Tower with Radar,16,18,8,0,42,0,2,5,0,7,16,20,13,0,49,8,0,8,57
06/21/2021,SBN,IN,AGL,CE,Combined TRACON& Tower with Radar,26,17,24,2,69,0,4,8,0,12,26,21,32,2,81,44,0,44,125
06/22/2021,SBN,IN,AGL,CE,Combined TRACON& Tower with Radar,23,24,36,0,83,0,9,13,1,23,23,33,49,1,106,56,0,56,162
06/23/2021,SBN,IN,AGL,CE,Combined TRACON& Tower with Radar,30,25,19,0,74,0,7,6,0,13,30,32,25,0,87,62,0,62,149
06/24/2021,SBN,IN,AGL,CE,Combined TRACON& Tower with Radar,21,34,7,0,62,0,0,7,0,7,21,34,14,0,69,4,0,4,73
06/25/2021,SBN,IN,AGL,CE,Combined TRACON& Tower with Radar,25,21,14,0,60,0,1,1,0,2,25,22,15,0,62,0,0,0,62
06/26/2021,SBN,IN,AGL,CE,Combined TRACON& Tower with Radar,22,22,10,0,54,1,2,1,0,4,23,24,11,0,58,0,0,0,58
06/27/2021,SBN,IN,AGL,CE,Combined TRACON& Tower with Radar,16,29,21,0,66,0,0,5,0,5,16,29,26,0,71,12,0,12,83
06/28/2021,SBN,IN,AGL,CE,Combined TRACON& Tower with Radar,27,20,28,0,75,0,1,1,0,2,27,21,29,0,77,12,0,12,89
06/29/2021,SBN,IN,AGL,CE,Combined TRACON& Tower with Radar,22,26,16,0,64,0,6,1,0,7,22,32,17,0,71,17,0,17,88
06/30/2021,SBN,IN,AGL,CE,Combined TRACON& Tower with Radar,31,21,29,0,81,0,10,7,0,17,31,31,36,0,98,18,0,18,116
07/01/2021,SBN,IN,AGL,CE,Combined TRACON& Tower with Radar,18,20,33,0,71,0,3,24,2,29,18,23,57,2,100,36,0,36,136
07/02/2021,SBN,IN,AGL,CE,Combined TRACON& Tower with Radar,27,19,25,10,81,0,5,33,1,39,27,24,58,11,120,68,14,82,202
07/03/2021,SBN,IN,AGL,CE,Combined TRACON& Tower with Radar,23,20,7,0,50,0,2,23,0,25,23,22,30,0,75,50,0,50,125
07/04/2021,SBN,IN,AGL,CE,Combined TRACON& Tower with Radar,15,20,3,0,38,0,2,8,2,12,15,22,11,2,50,31,0,31,81
07/05/2021,SBN,IN,AGL,CE,Combined TRACON& Tower with Radar,21,19,12,0,52,0,2,10,0,12,21,21,22,0,64,58,0,58,122
07/06/2021,SBN,IN,AGL,CE,Combined TRACON& Tower with Radar,21,22,23,0,66,0,14,20,1,35,21,36,43,1,101,66,0,66,167
07/07/2021,SBN,IN,AGL,CE,Combined TRACON& Tower with Radar,29,17,16,0,62,0,10,10,0,20,29,27,26,0,82,14,0,14,96
07/08/2021,SBN,IN,AGL,CE,Combined TRACON& Tower with Radar,21,26,56,0,103,0,5,0,0,5,21,31,56,0,108,4,0,4,112
07/09/2021,SBN,IN,AGL,CE,Combined TRACON& Tower with Radar,27,19,20,0,66,0,5,20,0,25,27,24,40,0,91,66,0,66,157
07/10/2021,SBN,IN,AGL,CE,Combined TRACON& Tower with Radar,19,28,15,0,62,0,2,19,0,21,19,30,34,0,83,72,0,72,155
07/11/2021,SBN,IN,AGL,CE,Combined TRACON& Tower with Radar,16,22,20,0,58,0,0,1,0,1,16,22,21,0,59,48,0,48,107
07/12/2021,SBN,IN,AGL,CE,Combined TRACON& Tower with Radar,29,24,8,0,61,0,3,3,0,6,29,27,11,0,67,0,0,0,67
07/13/2021,SBN,IN,AGL,CE,Combined TRACON& Tower with Radar,24,33,17,0,74,0,1,8,0,9,24,34,25,0,83,56,0,56,139
07/14/2021,SBN,IN,AGL,CE,Combined TRACON& Tower with Radar,28,31,24,0,83,0,11,19,0,30,28,42,43,0,113,100,0,100,213
07/15/2021,SBN,IN,AGL,CE,Combined TRACON& Tower with Radar,22,23,21,0,66,0,1,15,0,16,22,24,36,0,82,28,0,28,110
07/16/2021,SBN,IN,AGL,CE,Combined TRACON& Tower with Radar,30,22,27,0,79,0,0,0,0,0,30,22,27,0,79,2,0,2,81
07/17/2021,SBN,IN,AGL,CE,Combined TRACON& Tower with Radar,17,33,19,0,69,0,0,2,0,2,17,33,21,0,71,38,0,38,109
07/18/2021,SBN,IN,AGL,CE,Combined TRACON& Tower with Radar,17,32,17,0,66,0,1,21,0,22,17,33,38,0,88,74,0,74,162
07/19/2021,SBN,IN,AGL,CE,Combined TRACON& Tower with Radar,23,29,13,0,65,0,8,34,3,45,23,37,47,3,110,120,6,126,236
07/20/2021,SBN,IN,AGL,CE,Combined TRACON& Tower with Radar,23,35,20,1,79,0,14,25,1,40,23,49,45,2,119,78,0,78,197
07/21/2021,SBN,IN,AGL,CE,Combined TRACON& Tower with Radar,24,31,16,0,71,1,14,2,2,19,25,45,18,2,90,106,0,106,196
07/22/2021,SBN,IN,AGL,CE,Combined TRACON& Tower with Radar,20,29,21,0,70,0,10,21,0,31,20,39,42,0,101,30,0,30,131
07/23/2021,SBN,IN,AGL,CE,Combined TRACON& Tower with Radar,27,30,15,2,74,0,3,7,0,10,27,33,22,2,84,6,0,6,90
07/24/2021,SBN,IN,AGL,CE,Combined TRACON& Tower with Radar,22,22,16,0,60,0,3,9,0,12,22,25,25,0,72,14,0,14,86
07/25/2021,SBN,IN,AGL,CE,Combined TRACON& Tower with Radar,17,21,14,0,52,0,3,19,0,22,17,24,33,0,74,32,0,32,106
07/26/2021,SBN,IN,AGL,CE,Combined TRACON& Tower with Radar,23,24,18,1,66,0,14,25,0,39,23,38,43,1,105,62,0,62,167
07/27/2021,SBN,IN,AGL,CE,Combined TRACON& Tower with Radar,21,30,25,0,76,0,16,16,0,32,21,46,41,0,108,30,0,30,138
07/28/2021,SBN,IN,AGL,CE,Combined TRACON& Tower with Radar,26,21,13,0,60,0,6,21,0,27,26,27,34,0,87,82,2,84,171
07/29/2021,SBN,IN,AGL,CE,Combined TRACON& Tower with Radar,20,22,17,0,59,0,2,9,0,11,20,24,26,0,70,6,0,6,76
07/30/2021,SBN,IN,AGL,CE,Combined TRACON& Tower with Radar,27,22,17,0,66,0,6,19,0,25,27,28,36,0,91,92,0,92,183
07/31/2021,SBN,IN,AGL,CE,Combined TRACON& Tower with Radar,19,31,9,0,59,0,7,22,0,29,19,38,31,0,88,190,0,190,278
08/01/2021,SBN,IN,AGL,CE,Combined TRACON& Tower with Radar,13,30,19,0,62,0,5,10,0,15,13,35,29,0,77,18,4,22,99
08/02/2021,SBN,IN,AGL,CE,Combined TRACON& Tower with Radar,24,39,17,0,80,0,16,20,1,37,24,55,37,1,117,32,0,32,149
08/03/2021,SBN,IN,AGL,CE,Combined TRACON& Tower with Radar,20,33,19,0,72,0,20,30,0,50,20,53,49,0,122,106,0,106,228
08/04/2021,SBN,IN,AGL,CE,Combined TRACON& Tower with Radar,22,30,11,0,63,0,14,33,0,47,22,44,44,0,110,86,0,86,196
08/05/2021,SBN,IN,AGL,CE,Combined TRACON& Tower with Radar,23,22,16,2,63,0,7,42,3,52,23,29,58,5,115,50,10,60,175
08/06/2021,SBN,IN,AGL,CE,Combined TRACON& Tower with Radar,25,25,9,0,59,0,3,5,0,8,25,28,14,0,67,32,0,32,99
08/07/2021,SBN,IN,AGL,CE,Combined TRACON& Tower with Radar,18,25,6,0,49,0,1,7,0,8,18,26,13,0,57,34,0,34,91
08/08/2021,SBN,IN,AGL,CE,Combined TRACON& Tower with Radar,18,22,12,0,52,0,0,7,0,7,18,22,19,0,59,50,0,50,109
08/09/2021,SBN,IN,AGL,CE,Combined TRACON& Tower with Radar,26,25,20,0,71,0,4,1,2,7,26,29,21,2,78,12,0,12,90
08/10/2021,SBN,IN,AGL,CE,Combined TRACON& Tower with Radar,18,20,18,0,56,0,0,8,0,8,18,20,26,0,64,40,0,40,104
08/11/2021,SBN,IN,AGL,CE,Combined TRACON& Tower with Radar,24,30,19,0,73,0,0,6,0,6,24,30,25,0,79,0,0,0,79
08/12/2021,SBN,IN,AGL,CE,Combined TRACON& Tower with Radar,22,20,10,0,52,0,5,16,2,23,22,25,26,2,75,70,0,70,145
08/13/2021,SBN,IN,AGL,CE,Combined TRACON& Tower with Radar,26,25,8,0,59,0,4,27,0,31,26,29,35,0,90,10,0,10,100
08/14/2021,SBN,IN,AGL,CE,Combined TRACON& Tower with Radar,20,29,13,0,62,0,4,36,0,40,20,33,49,0,102,54,0,54,156
08/15/2021,SBN,IN,AGL,CE,Combined TRACON& Tower with Radar,15,21,20,0,56,0,4,21,1,26,15,25,41,1,82,38,0,38,120
08/16/2021,SBN,IN,AGL,CE,Combined TRACON& Tower with Radar,24,26,35,0,85,0,10,19,0,29,24,36,54,0,114,42,0,42,156
08/17/2021,SBN,IN,AGL,CE,Combined TRACON& Tower with Radar,21,34,29,0,84,0,6,7,0,13,21,40,36,0,97,54,0,54,151
08/18/2021,SBN,IN,AGL,CE,Combined TRACON& Tower with Radar,23,33,13,0,69,0,0,10,0,10,23,33,23,0,79,40,0,40,119
08/19/2021,SBN,IN,AGL,CE,Combined TRACON& Tower with Radar,23,33,34,2,92,0,3,12,0,15,23,36,46,2,107,80,0,80,187
08/20/2021,SBN,IN,AGL,CE,Combined TRACON& Tower with Radar,28,42,14,2,86,0,4,17,0,21,28,46,31,2,107,47,0,47,154
08/21/2021,SBN,IN,AGL,CE,Combined TRACON& Tower with Radar,21,41,16,4,82,0,3,16,4,23,21,44,32,8,105,20,0,20,125
08/22/2021,SBN,IN,AGL,CE,Combined TRACON& Tower with Radar,23,43,28,0,94,0,3,23,1,27,23,46,51,1,121,43,0,43,164
08/23/2021,SBN,IN,AGL,CE,Combined TRACON& Tower with Radar,24,33,15,0,72,0,9,20,0,29,24,42,35,0,101,46,0,46,147
08/24/2021,SBN,IN,AGL,CE,Combined TRACON& Tower with Radar,24,25,16,0,65,1,5,27,1,34,25,30,43,1,99,32,4,36,135
08/25/2021,SBN,IN,AGL,CE,Combined TRACON& Tower with Radar,23,33,13,0,69,0,6,4,4,14,23,39,17,4,83,24,2,26,109
08/26/2021,SBN,IN,AGL,CE,Combined TRACON& Tower with Radar,26,31,17,0,74,0,4,10,0,14,26,35,27,0,88,64,0,64,152
08/27/2021,SBN,IN,AGL,CE,Combined TRACON& Tower with Radar,28,34,22,0,84,0,5,19,0,24,28,39,41,0,108,69,0,69,177
08/28/2021,SBN,IN,AGL,CE,Combined TRACON& Tower with Radar,16,28,13,0,57,0,7,3,0,10,16,35,16,0,67,20,0,20,87
08/29/2021,SBN,IN,AGL,CE,Combined TRACON& Tower with Radar,24,18,3,0,45,0,0,13,0,13,24,18,16,0,58,26,0,26,84
08/30/2021,SBN,IN,AGL,CE,Combined TRACON& Tower with Radar,23,23,18,0,64,0,4,14,0,18,23,27,32,0,82,80,0,80,162
08/31/2021,SBN,IN,AGL,CE,Combined TRACON& Tower with Radar,24,27,25,2,78,0,7,17,7,31,24,34,42,9,109,18,6,24,133
09/01/2021,SBN,IN,AGL,CE,Combined TRACON& Tower with Radar,28,28,15,0,71,0,5,21,1,27,28,33,36,1,98,64,0,64,162
09/02/2021,SBN,IN,AGL,CE,Combined TRACON& Tower with Radar,26,40,16,0,82,0,9,38,0,47,26,49,54,0,129,48,0,48,177
09/03/2021,SBN,IN,AGL,CE,Combined TRACON& Tower with Radar,27,28,13,0,68,0,6,17,0,23,27,34,30,0,91,20,4,24,115
09/04/2021,SBN,IN,AGL,CE,Combined TRACON& Tower with Radar,24,27,6,0,57,0,3,4,0,7,24,30,10,0,64,34,0,34,98
09/05/2021,SBN,IN,AGL,CE,Combined TRACON& Tower with Radar,21,25,14,0,60,0,3,19,0,22,21,28,33,0,82,54,0,54,136
09/06/2021,SBN,IN,AGL,CE,Combined TRACON& Tower with Radar,22,29,15,0,66,0,1,22,0,23,22,30,37,0,89,0,0,0,89
09/07/2021,SBN,IN,AGL,CE,Combined TRACON& Tower with Radar,20,24,8,0,52,0,0,1,0,1,20,24,9,0,53,6,0,6,59
09/08/2021,SBN,IN,AGL,CE,Combined TRACON& Tower with Radar,20,33,18,0,71,0,2,18,0,20,20,35,36,0,91,32,0,32,123
09/09/2021,SBN,IN,AGL,CE,Combined TRACON& Tower with Radar,22,45,31,1,99,0,2,12,1,15,22,47,43,2,114,16,0,16,130
09/10/2021,SBN,IN,AGL,CE,Combined TRACON& Tower with Radar,25,54,31,0,110,0,12,28,1,41,25,66,59,1,151,69,0,69,220
09/11/2021,SBN,IN,AGL,CE,Combined TRACON& Tower with Radar,17,61,40,0,118,0,5,21,3,29,17,66,61,3,147,74,4,78,225
09/12/2021,SBN,IN,AGL,CE,Combined TRACON& Tower with Radar,23,69,34,0,126,0,6,6,0,12,23,75,40,0,138,48,0,48,186
09/13/2021,SBN,IN,AGL,CE,Combined TRACON& Tower with Radar,26,30,12,1,69,0,13,27,0,40,26,43,39,1,109,90,0,90,199
09/14/2021,SBN,IN,AGL,CE,Combined TRACON& Tower with Radar,21,33,9,0,63,0,2,4,0,6,21,35,13,0,69,14,0,14,83
09/15/2021,SBN,IN,AGL,CE,Combined TRACON& Tower with Radar,24,25,23,0,72,0,5,35,0,40,24,30,58,0,112,66,0,66,178
09/16/2021,SBN,IN,AGL,CE,Combined TRACON& Tower with Radar,27,43,30,0,100,0,19,21,0,40,27,62,51,0,140,102,0,102,242
09/17/2021,SBN,IN,AGL,CE,Combined TRACON& Tower with Radar,31,69,54,0,154,0,9,22,3,34,31,78,76,3,188,30,20,50,238
09/18/2021,SBN,IN,AGL,CE,Combined TRACON& Tower with Radar,23,79,65,0,167,0,9,30,2,41,23,88,95,2,208,112,0,112,320
09/19/2021,SBN,IN,AGL,CE,Combined TRACON& Tower with Radar,27,77,55,0,159,0,4,31,2,37,27,81,86,2,196,16,0,16,212
09/20/2021,SBN,IN,AGL,CE,Combined TRACON& Tower with Radar,24,32,10,0,66,0,1,0,0,1,24,33,10,0,67,10,0,10,77
09/21/2021,SBN,IN,AGL,CE,Combined TRACON& Tower with Radar,23,24,21,0,68,0,0,0,0,0,23,24,21,0,68,2,0,2,70
09/22/2021,SBN,IN,AGL,CE,Combined TRACON& Tower with Radar,24,31,20,0,75,0,2,2,0,4,24,33,22,0,79,8,0,8,87
09/23/2021,SBN,IN,AGL,CE,Combined TRACON& Tower with Radar,32,36,28,0,96,0,1,5,0,6,32,37,33,0,102,4,0,4,106
09/24/2021,SBN,IN,AGL,CE,Combined TRACON& Tower with Radar,26,23,19,1,69,0,3,20,0,23,26,26,39,1,92,68,0,68,160
09/25/2021,SBN,IN,AGL,CE,Combined TRACON& Tower with Radar,20,22,11,0,53,0,4,12,0,16,20,26,23,0,69,6,0,6,75
09/26/2021,SBN,IN,AGL,CE,Combined TRACON& Tower with Radar,23,34,18,0,75,0,2,20,0,22,23,36,38,0,97,22,0,22,119
09/27/2021,SBN,IN,AGL,CE,Combined TRACON& Tower with Radar,26,34,7,0,67,0,8,18,0,26,26,42,25,0,93,85,0,85,178
09/28/2021,SBN,IN,AGL,CE,Combined TRACON& Tower with Radar,22,39,11,2,74,0,20,13,1,34,22,59,24,3,108,50,0,50,158
09/29/2021,SBN,IN,AGL,CE,Combined TRACON& Tower with Radar,24,38,23,2,87,0,10,37,1,48,24,48,60,3,135,108,0,108,243
09/30/2021,SBN,IN,AGL,CE,Combined TRACON& Tower with Radar,25,59,38,4,126,0,17,25,0,42,25,76,63,4,168,10,2,12,180
10/01/2021,SBN,IN,AGL,CE,Combined TRACON& Tower with Radar,29,76,65,0,170,0,19,29,0,48,29,95,94,0,218,86,0,86,304
10/02/2021,SBN,IN,AGL,CE,Combined TRACON& Tower with Radar,21,94,100,0,215,0,5,16,4,25,21,99,116,4,240,20,0,20,260
10/03/2021,SBN,IN,AGL,CE,Combined TRACON& Tower with Radar,20,91,89,2,202,0,0,0,0,0,20,91,89,2,202,0,0,0,202
10/04/2021,SBN,IN,AGL,CE,Combined TRACON& Tower with Radar,30,25,12,0,67,0,0,0,0,0,30,25,12,0,67,20,0,20,87
10/05/2021,SBN,IN,AGL,CE,Combined TRACON& Tower with Radar,22,40,34,0,96,0,3,10,0,13,22,43,44,0,109,10,0,10,119
10/06/2021,SBN,IN,AGL,CE,Combined TRACON& Tower with Radar,30,45,31,1,107,0,0,2,3,5,30,45,33,4,112,20,0,20,132
10/07/2021,SBN,IN,AGL,CE,Combined TRACON& Tower with Radar,26,41,22,0,89,0,3,4,0,7,26,44,26,0,96,22,0,22,118
10/08/2021,SBN,IN,AGL,CE,Combined TRACON& Tower with Radar,31,26,15,0,72,0,4,2,0,6,31,30,17,0,78,10,0,10,88
10/09/2021,SBN,IN,AGL,CE,Combined TRACON& Tower with Radar,24,30,15,0,69,0,10,15,0,25,24,40,30,0,94,40,4,44,138
10/10/2021,SBN,IN,AGL,CE,Combined TRACON& Tower with Radar,25,30,13,0,68,0,3,20,0,23,25,33,33,0,91,38,0,38,129
10/11/2021,SBN,IN,AGL,CE,Combined TRACON& Tower with Radar,24,28,17,0,69,0,5,6,0,11,24,33,23,0,80,6,0,6,86
10/12/2021,SBN,IN,AGL,CE,Combined TRACON& Tower with Radar,20,30,18,0,68,0,2,0,0,2,20,32,18,0,70,0,0,0,70
10/13/2021,SBN,IN,AGL,CE,Combined TRACON& Tower with Radar,29,32,24,0,85,0,6,4,0,10,29,38,28,0,95,58,0,58,153
10/14/2021,SBN,IN,AGL,CE,Combined TRACON& Tower with Radar,25,41,25,0,91,0,2,5,0,7,25,43,30,0,98,0,0,0,98
10/15/2021,SBN,IN,AGL,CE,Combined TRACON& Tower with Radar,26,34,40,0,100,0,1,2,0,3,26,35,42,0,103,46,0,46,149
10/16/2021,SBN,IN,AGL,CE,Combined TRACON& Tower with Radar,21,28,17,0,66,0,17,13,1,31,21,45,30,1,97,56,0,56,153
10/17/2021,SBN,IN,AGL,CE,Combined TRACON& Tower with Radar,19,30,19,0,68,0,15,23,0,38,19,45,42,0,106,22,0,22,128
10/18/2021,SBN,IN,AGL,CE,Combined TRACON& Tower with Radar,25,27,13,0,65,0,11,36,0,47,25,38,49,0,112,134,0,134,246
10/19/2021,SBN,IN,AGL,CE,Combined TRACON& Tower with Radar,20,34,18,0,72,0,26,19,0,45,20,60,37,0,117,30,0,30,147
10/20/2021,SBN,IN,AGL,CE,Combined TRACON& Tower with Radar,24,47,24,1,96,0,8,21,3,32,24,55,45,4,128,18,4,22,150
10/21/2021,SBN,IN,AGL,CE,Combined TRACON& Tower with Radar,21,52,45,0,118,0,0,7,1,8,21,52,52,1,126,12,0,12,138
10/22/2021,SBN,IN,AGL,CE,Combined TRACON& Tower with Radar,31,116,95,0,242,0,6,15,0,21,31,122,110,0,263,22,0,22,285
10/23/2021,SBN,IN,AGL,CE,Combined TRACON& Tower with Radar,22,103,100,0,225,0,5,23,2,30,22,108,123,2,255,184,0,184,439
10/24/2021,SBN,IN,AGL,CE,Combined TRACON& Tower with Radar,28,133,100,0,261,0,0,2,0,2,28,133,102,0,263,0,0,0,263
10/25/2021,SBN,IN,AGL,CE,Combined TRACON& Tower with Radar,25,31,18,0,74,0,2,0,0,2,25,33,18,0,76,8,0,8,84
10/26/2021,SBN,IN,AGL,CE,Combined TRACON& Tower with Radar,19,21,10,0,50,0,26,44,0,70,19,47,54,0,120,70,0,70,190
10/27/2021,SBN,IN,AGL,CE,Combined TRACON& Tower with Radar,26,35,14,0,75,0,9,31,0,40,26,44,45,0,115,68,0,68,183
10/28/2021,SBN,IN,AGL,CE,Combined TRACON& Tower with Radar,27,46,47,3,123,0,0,4,0,4,27,46,51,3,127,12,0,12,139
10/29/2021,SBN,IN,AGL,CE,Combined TRACON& Tower with Radar,28,74,43,0,145,0,0,0,0,0,28,74,43,0,145,2,0,2,147
10/30/2021,SBN,IN,AGL,CE,Combined TRACON& Tower with Radar,18,79,41,0,138,0,3,16,0,19,18,82,57,0,157,244,0,244,401
10/31/2021,SBN,IN,AGL,CE,Combined TRACON& Tower with Radar,27,78,73,0,178,0,1,9,0,10,27,79,82,0,188,32,0,32,220
11/01/2021,SBN,IN,AGL,CE,Combined TRACON& Tower with Radar,26,26,4,0,56,0,10,32,1,43,26,36,36,1,99,38,0,38,137
11/02/2021,SBN,IN,AGL,CE,Combined TRACON& Tower with Radar,18,28,11,0,57,0,8,19,0,27,18,36,30,0,84,50,0,50,134
11/03/2021,SBN,IN,AGL,CE,Combined TRACON& Tower with Radar,19,25,12,0,56,0,15,27,0,42,19,40,39,0,98,110,0,110,208
11/04/2021,SBN,IN,AGL,CE,Combined TRACON& Tower with Radar,21,41,32,0,94,0,20,16,0,36,21,61,48,0,130,74,0,74,204
11/05/2021,SBN,IN,AGL,CE,Combined TRACON& Tower with Radar,30,72,68,29,199,0,14,36,1,51,30,86,104,30,250,28,20,48,298
11/06/2021,SBN,IN,AGL,CE,Combined TRACON& Tower with Radar,17,67,53,2,139,0,5,27,5,37,17,72,80,7,176,124,14,138,314
11/07/2021,SBN,IN,AGL,CE,Combined TRACON& Tower with Radar,24,70,64,4,162,0,7,34,0,41,24,77,98,4,203,0,0,0,203
11/08/2021,SBN,IN,AGL,CE,Combined TRACON& Tower with Radar,21,35,24,2,82,0,8,22,0,30,21,43,46,2,112,22,2,24,136
11/09/2021,SBN,IN,AGL,CE,Combined TRACON& Tower with Radar,20,40,15,0,75,0,7,4,0,11,20,47,19,0,86,38,0,38,124
11/10/2021,SBN,IN,AGL,CE,Combined TRACON& Tower with Radar,21,28,13,1,63,0,7,23,2,32,21,35,36,3,95,52,0,52,147
11/11/2021,SBN,IN,AGL,CE,Combined TRACON& Tower with Radar,21,38,14,0,73,0,0,4,0,4,21,38,18,0,77,0,0,0,77
11/12/2021,SBN,IN,AGL,CE,Combined TRACON& Tower with Radar,24,29,6,0,59,0,2,3,0,5,24,31,9,0,64,8,0,8,72
11/13/2021,SBN,IN,AGL,CE,Combined TRACON& Tower with Radar,16,24,11,0,51,0,0,0,0,0,16,24,11,0,51,26,0,26,77
11/14/2021,SBN,IN,AGL,CE,Combined TRACON& Tower with Radar,16,22,17,0,55,0,0,0,0,0,16,22,17,0,55,0,0,0,55
11/15/2021,SBN,IN,AGL,CE,Combined TRACON& Tower with Radar,23,26,19,0,68,0,3,17,0,20,23,29,36,0,88,36,0,36,124
11/16/2021,SBN,IN,AGL,CE,Combined TRACON& Tower with Radar,20,28,19,0,67,0,4,16,0,20,20,32,35,0,87,44,0,44,131
11/17/2021,SBN,IN,AGL,CE,Combined TRACON& Tower with Radar,18,21,14,3,56,0,1,0,0,1,18,22,14,3,57,0,0,0,57
11/18/2021,SBN,IN,AGL,CE,Combined TRACON& Tower with Radar,22,56,31,0,109,0,2,11,0,13,22,58,42,0,122,18,0,18,140
11/19/2021,SBN,IN,AGL,CE,Combined TRACON& Tower with Radar,32,50,39,0,121,0,8,44,0,52,32,58,83,0,173,62,0,62,235
11/20/2021,SBN,IN,AGL,CE,Combined TRACON& Tower with Radar,18,52,63,0,133,0,4,21,0,25,18,56,84,0,158,72,0,72,230
11/21/2021,SBN,IN,AGL,CE,Combined TRACON& Tower with Radar,23,55,31,0,109,0,2,6,0,8,23,57,37,0,117,6,0,6,123
11/22/2021,SBN,IN,AGL,CE,Combined TRACON& Tower with Radar,22,23,7,0,52,0,3,23,0,26,22,26,30,0,78,48,0,48,126
11/23/2021,SBN,IN,AGL,CE,Combined TRACON& Tower with Radar,23,45,32,0,100,0,19,38,0,57,23,64,70,0,157,53,0,53,210
11/24/2021,SBN,IN,AGL,CE,Combined TRACON& Tower with Radar,23,29,17,0,69,0,1,2,0,3,23,30,19,0,72,6,0,6,78
11/25/2021,SBN,IN,AGL,CE,Combined TRACON& Tower with Radar,14,18,7,0,39,0,0,0,0,0,14,18,7,0,39,0,0,0,39
11/26/2021,SBN,IN,AGL,CE,Combined TRACON& Tower with Radar,20,24,6,0,50,0,2,19,0,21,20,26,25,0,71,28,0,28,99
11/27/2021,SBN,IN,AGL,CE,Combined TRACON& Tower with Radar,21,25,8,0,54,0,0,15,0,15,21,25,23,0,69,14,0,14,83
11/28/2021,SBN,IN,AGL,CE,Combined TRACON& Tower with Radar,24,52,41,0,117,0,2,15,0,17,24,54,56,0,134,16,0,16,150
11/29/2021,SBN,IN,AGL,CE,Combined TRACON& Tower with Radar,27,26,22,0,75,0,4,20,0,24,27,30,42,0,99,12,0,12,111
11/30/2021,SBN,IN,AGL,CE,Combined TRACON& Tower with Radar,17,32,20,2,71,0,8,13,2,23,17,40,33,4,94,58,0,58,152
12/01/2021,SBN,IN,AGL,CE,Combined TRACON& Tower with Radar,19,25,12,4,60,0,3,9,0,12,19,28,21,4,72,76,0,76,148
12/02/2021,SBN,IN,AGL,CE,Combined TRACON& Tower with Radar,22,25,11,1,59,0,8,20,1,29,22,33,31,2,88,16,0,16,104
12/03/2021,SBN,IN,AGL,CE,Combined TRACON& Tower with Radar,26,23,15,0,64,0,7,18,0,25,26,30,33,0,89,0,0,0,89
12/04/2021,SBN,IN,AGL,CE,Combined TRACON& Tower with Radar,14,26,7,0,47,0,3,14,0,17,14,29,21,0,64,4,0,4,68
12/05/2021,SBN,IN,AGL,CE,Combined TRACON& Tower with Radar,17,17,3,0,37,0,0,0,0,0,17,17,3,0,37,2,0,2,39
12/06/2021,SBN,IN,AGL,CE,Combined TRACON& Tower with Radar,23,28,10,0,61,0,1,0,0,1,23,29,10,0,62,2,0,2,64
12/07/2021,SBN,IN,AGL,CE,Combined TRACON& Tower with Radar,18,17,18,0,53,0,13,19,0,32,18,30,37,0,85,64,0,64,149
12/08/2021,SBN,IN,AGL,CE,Combined TRACON& Tower with Radar,22,19,17,0,58,0,2,2,0,4,22,21,19,0,62,16,0,16,78
12/09/2021,SBN,IN,AGL,CE,Combined TRACON& Tower with Radar,22,28,15,0,65,0,1,13,0,14,22,29,28,0,79,18,0,18,97
12/10/2021,SBN,IN,AGL,CE,Combined TRACON& Tower with Radar,30,24,14,0,68,0,0,0,0,0,30,24,14,0,68,6,0,6,74
12/11/2021,SBN,IN,AGL,CE,Combined TRACON& Tower with Radar,13,28,1,0,42,0,4,0,0,4,13,32,1,0,46,0,0,0,46
12/12/2021,SBN,IN,AGL,CE,Combined TRACON& Tower with Radar,18,25,17,0,60,0,6,10,0,16,18,31,27,0,76,10,0,10,86
12/13/2021,SBN,IN,AGL,CE,Combined TRACON& Tower with Radar,23,28,10,0,61,0,9,14,0,23,23,37,24,0,84,0,0,0,84
12/14/2021,SBN,IN,AGL,CE,Combined TRACON& Tower with Radar,18,33,23,0,74,0,17,17,1,35,18,50,40,1,109,20,0,20,129
12/15/2021,SBN,IN,AGL,CE,Combined TRACON& Tower with Radar,19,33,32,0,84,0,4,1,0,5,19,37,33,0,89,6,0,6,95
12/16/2021,SBN,IN,AGL,CE,Combined TRACON& Tower with Radar,17,28,16,0,61,0,0,5,0,5,17,28,21,0,66,0,0,0,66
12/17/2021,SBN,IN,AGL,CE,Combined TRACON& Tower with Radar,25,24,12,0,61,0,14,20,2,36,25,38,32,2,97,48,0,48,145
12/18/2021,SBN,IN,AGL,CE,Combined TRACON& Tower with Radar,19,26,7,0,52,0,0,0,0,0,19,26,7,0,52,0,0,0,52
12/19/2021,SBN,IN,AGL,CE,Combined TRACON& Tower with Radar,19,24,12,0,55,0,5,14,0,19,19,29,26,0,74,32,0,32,106
12/20/2021,SBN,IN,AGL,CE,Combined TRACON& Tower with Radar,24,24,22,0,70,0,7,10,0,17,24,31,32,0,87,20,0,20,107
12/21/2021,SBN,IN,AGL,CE,Combined TRACON& Tower with Radar,18,23,19,1,61,0,0,7,0,7,18,23,26,1,68,14,0,14,82
12/22/2021,SBN,IN,AGL,CE,Combined TRACON& Tower with Radar,23,31,13,5,72,0,5,6,0,11,23,36,19,5,83,42,12,54,137
12/23/2021,SBN,IN,AGL,CE,Combined TRACON& Tower with Radar,26,30,23,0,79,0,1,7,0,8,26,31,30,0,87,12,0,12,99
12/24/2021,SBN,IN,AGL,CE,Combined TRACON& Tower with Radar,20,13,4,0,37,0,1,2,0,3,20,14,6,0,40,6,0,6,46
12/25/2021,SBN,IN,AGL,CE,Combined TRACON& Tower with Radar,14,21,0,0,35,0,0,0,0,0,14,21,0,0,35,0,0,0,35
12/26/2021,SBN,IN,AGL,CE,Combined TRACON& Tower with Radar,19,19,7,0,45,0,2,8,0,10,19,21,15,0,55,28,0,28,83
12/27/2021,SBN,IN,AGL,CE,Combined TRACON& Tower with Radar,28,22,11,0,61,0,2,0,0,2,28,24,11,0,63,0,0,0,63
12/28/2021,SBN,IN,AGL,CE,Combined TRACON& Tower with Radar,18,30,2,0,50,0,0,2,0,2,18,30,4,0,52,0,0,0,52
12/29/2021,SBN,IN,AGL,CE,Combined TRACON& Tower with Radar,25,19,5,0,49,0,0,0,0,0,25,19,5,0,49,6,0,6,55
12/30/2021,SBN,IN,AGL,CE,Combined TRACON& Tower with Radar,24,24,10,0,58,0,2,0,0,2,24,26,10,0,60,8,0,8,68
12/31/2021,SBN,IN,AGL,CE,Combined TRACON& Tower with Radar,18,17,9,0,44,0,0,0,0,0,18,17,9,0,44,46,0,46,90
01/01/2022,SBN,IN,AGL,CE,Combined TRACON& Tower with Radar,13,12,3,0,28,0,0,0,0,0,13,12,3,0,28,0,0,0,28
01/02/2022,SBN,IN,AGL,CE,Combined TRACON& Tower with Radar,17,23,12,0,52,0,0,3,0,3,17,23,15,0,55,2,0,2,57
01/03/2022,SBN,IN,AGL,CE,Combined TRACON& Tower with Radar,24,18,7,0,49,0,6,18,0,24,24,24,25,0,73,62,0,62,135
01/04/2022,SBN,IN,AGL,CE,Combined TRACON& Tower with Radar,18,23,10,0,51,0,5,4,0,9,18,28,14,0,60,4,0,4,64
01/05/2022,SBN,IN,AGL,CE,Combined TRACON& Tower with Radar,18,14,4,0,36,0,0,0,0,0,18,14,4,0,36,0,0,0,36
01/06/2022,SBN,IN,AGL,CE,Combined TRACON& Tower with Radar,23,18,9,0,50,0,0,0,0,0,23,18,9,0,50,0,0,0,50
01/07/2022,SBN,IN,AGL,CE,Combined TRACON& Tower with Radar,23,14,11,0,48,0,0,4,0,4,23,14,15,0,52,8,0,8,60
01/08/2022,SBN,IN,AGL,CE,Combined TRACON& Tower with Radar,18,16,9,0,43,0,4,9,0,13,18,20,18,0,56,32,0,32,88
01/09/2022,SBN,IN,AGL,CE,Combined TRACON& Tower with Radar,13,27,24,0,64,0,2,0,0,2,13,29,24,0,66,6,0,6,72
01/10/2022,SBN,IN,AGL,CE,Combined TRACON& Tower with Radar,18,25,10,0,53,0,1,5,0,6,18,26,15,0,59,0,0,0,59
01/11/2022,SBN,IN,AGL,CE,Combined TRACON& Tower with Radar,19,21,10,0,50,0,3,4,0,7,19,24,14,0,57,2,0,2,59
01/12/2022,SBN,IN,AGL,CE,Combined TRACON& Tower with Radar,17,21,10,0,48,0,6,32,0,38,17,27,42,0,86,46,0,46,132
01/13/2022,SBN,IN,AGL,CE,Combined TRACON& Tower with Radar,22,18,6,0,46,0,1,2,0,3,22,19,8,0,49,0,0,0,49
01/14/2022,SBN,IN,AGL,CE,Combined TRACON& Tower with Radar,22,17,8,0,47,0,0,0,0,0,22,17,8,0,47,2,0,2,49
01/15/2022,SBN,IN,AGL,CE,Combined TRACON& Tower with Radar,21,18,3,0,42,0,2,17,0,19,21,20,20,0,61,22,0,22,83
01/16/2022,SBN,IN,AGL,CE,Combined TRACON& Tower with Radar,14,20,10,0,44,0,5,23,0,28,14,25,33,0,72,62,0,62,134
01/17/2022,SBN,IN,AGL,CE,Combined TRACON& Tower with Radar,22,21,3,0,46,0,0,0,0,0,22,21,3,0,46,2,0,2,48
01/18/2022,SBN,IN,AGL,CE,Combined TRACON& Tower with Radar,20,22,20,0,62,0,6,0,0,6,20,28,20,0,68,30,0,30,98
01/19/2022,SBN,IN,AGL,CE,Combined TRACON& Tower with Radar,23,17,17,0,57,0,0,6,2,8,23,17,23,2,65,48,2,50,115
01/20/2022,SBN,IN,AGL,CE,Combined TRACON& Tower with Radar,23,22,14,0,59,0,0,1,0,1,23,22,15,0,60,0,0,0,60
01/21/2022,SBN,IN,AGL,CE,Combined TRACON& Tower with Radar,27,25,11,1,64,0,17,25,0,42,27,42,36,1,106,72,4,76,182
01/22/2022,SBN,IN,AGL,CE,Combined TRACON& Tower with Radar,19,26,7,1,53,0,3,0,0,3,19,29,7,1,56,4,0,4,60
01/23/2022,SBN,IN,AGL,CE,Combined TRACON& Tower with Radar,15,23,14,0,52,0,0,5,0,5,15,23,19,0,57,2,0,2,59
01/24/2022,SBN,IN,AGL,CE,Combined TRACON& Tower with Radar,22,22,10,0,54,0,0,0,0,0,22,22,10,0,54,0,0,0,54
01/25/2022,SBN,IN,AGL,CE,Combined TRACON& Tower with Radar,21,19,6,0,46,0,2,5,2,9,21,21,11,2,55,10,0,10,65
01/26/2022,SBN,IN,AGL,CE,Combined TRACON& Tower with Radar,22,21,11,0,54,0,6,12,0,18,22,27,23,0,72,54,0,54,126
01/27/2022,SBN,IN,AGL,CE,Combined TRACON& Tower with Radar,24,20,16,0,60,0,0,10,0,10,24,20,26,0,70,0,0,0,70
01/28/2022,SBN,IN,AGL,CE,Combined TRACON& Tower with Radar,25,23,16,0,64,0,9,19,0,28,25,32,35,0,92,40,0,40,132
01/29/2022,SBN,IN,AGL,CE,Combined TRACON& Tower with Radar,22,28,10,0,60,0,15,15,0,30,22,43,25,0,90,30,0,30,120
01/30/2022,SBN,IN,AGL,CE,Combined TRACON& Tower with Radar,21,27,14,0,62,0,3,28,0,31,21,30,42,0,93,72,0,72,165
01/31/2022,SBN,IN,AGL,CE,Combined TRACON& Tower with Radar,24,26,8,0,58,0,6,29,0,35,24,32,37,0,93,112,0,112,205
02/01/2022,SBN,IN,AGL,CE,Combined TRACON& Tower with Radar,20,26,11,0,57,0,4,2,0,6,20,30,13,0,63,14,0,14,77
02/02/2022,SBN,IN,AGL,CE,Combined TRACON& Tower with Radar,13,7,3,0,23,0,0,1,0,1,13,7,4,0,24,0,0,0,24
02/03/2022,SBN,IN,AGL,CE,Combined TRACON& Tower with Radar,19,14,17,0,50,0,0,2,0,2,19,14,19,0,52,0,0,0,52
02/04/2022,SBN,IN,AGL,CE,Combined TRACON& Tower with Radar,17,31,12,0,60,0,1,13,0,14,17,32,25,0,74,12,0,12,86
02/05/2022,SBN,IN,AGL,CE,Combined TRACON& Tower with Radar,24,20,17,0,61,0,0,15,0,15,24,20,32,0,76,40,0,40,116
02/06/2022,SBN,IN,AGL,CE,Combined TRACON& Tower with Radar,20,22,17,0,59,0,1,13,0,14,20,23,30,0,73,52,0,52,125
02/07/2022,SBN,IN,AGL,CE,Combined TRACON& Tower with Radar,18,19,5,0,42,0,0,0,0,0,18,19,5,0,42,6,0,6,48
02/08/2022,SBN,IN,AGL,CE,Combined TRACON& Tower with Radar,19,19,14,0,52,0,1,25,0,26,19,20,39,0,78,52,0,52,130
02/09/2022,SBN,IN,AGL,CE,Combined TRACON& Tower with Radar,24,23,13,0,60,0,0,10,0,10,24,23,23,0,70,30,0,30,100
02/10/2022,SBN,IN,AGL,CE,Combined TRACON& Tower with Radar,20,32,12,0,64,0,0,0,0,0,20,32,12,0,64,6,0,6,70
02/11/2022,SBN,IN,AGL,CE,Combined TRACON& Tower with Radar,25,28,22,0,75,0,0,2,0,2,25,28,24,0,77,2,0,2,79
02/12/2022,SBN,IN,AGL,CE,Combined TRACON& Tower with Radar,20,22,7,0,49,0,0,0,0,0,20,22,7,0,49,16,0,16,65
02/13/2022,SBN,IN,AGL,CE,Combined TRACON& Tower with Radar,16,24,17,0,57,0,0,2,0,2,16,24,19,0,59,0,0,0,59
02/14/2022,SBN,IN,AGL,CE,Combined TRACON& Tower with Radar,19,24,15,5,63,0,8,26,0,34,19,32,41,5,97,42,0,42,139
02/15/2022,SBN,IN,AGL,CE,Combined TRACON& Tower with Radar,17,26,18,0,61,0,7,17,0,24,17,33,35,0,85,26,0,26,111
02/16/2022,SBN,IN,AGL,CE,Combined TRACON& Tower with Radar,24,22,10,0,56,0,0,0,0,0,24,22,10,0,56,0,0,0,56
02/17/2022,SBN,IN,AGL,CE,Combined TRACON& Tower with Radar,17,12,9,0,38,0,0,0,0,0,17,12,9,0,38,0,0,0,38
02/18/2022,SBN,IN,AGL,CE,Combined TRACON& Tower with Radar,23,24,25,0,72,0,0,15,0,15,23,24,40,0,87,0,0,0,87
02/19/2022,SBN,IN,AGL,CE,Combined TRACON& Tower with Radar,19,25,15,0,59,0,0,3,0,3,19,25,18,0,62,16,0,16,78
02/20/2022,SBN,IN,AGL,CE,Combined TRACON& Tower with Radar,16,21,16,0,53,0,0,2,0,2,16,21,18,0,55,26,0,26,81
02/21/2022,SBN,IN,AGL,CE,Combined TRACON& Tower with Radar,23,26,17,0,66,0,19,21,0,40,23,45,38,0,106,84,0,84,190
02/22/2022,SBN,IN,AGL,CE,Combined TRACON& Tower with Radar,21,22,4,0,47,0,0,0,0,0,21,22,4,0,47,0,0,0,47
02/23/2022,SBN,IN,AGL,CE,Combined TRACON& Tower with Radar,24,21,13,0,58,0,0,4,0,4,24,21,17,0,62,12,0,12,74
02/24/2022,SBN,IN,AGL,CE,Combined TRACON& Tower with Radar,16,24,11,0,51,0,0,3,0,3,16,24,14,0,54,16,0,16,70
02/25/2022,SBN,IN,AGL,CE,Combined TRACON& Tower with Radar,27,20,13,0,60,0,1,8,0,9,27,21,21,0,69,6,0,6,75
02/26/2022,SBN,IN,AGL,CE,Combined TRACON& Tower with Radar,24,21,11,0,56,0,2,22,0,24,24,23,33,0,80,20,0,20,100
02/27/2022,SBN,IN,AGL,CE,Combined TRACON& Tower with Radar,15,28,13,0,56,0,2,14,0,16,15,30,27,0,72,4,0,4,76
02/28/2022,SBN,IN,AGL,CE,Combined TRACON& Tower with Radar,21,26,14,0,61,0,3,19,0,22,21,29,33,0,83,20,0,20,103
03/01/2022,SBN,IN,AGL,CE,Combined TRACON& Tower with Radar,18,26,9,0,53,0,13,16,0,29,18,39,25,0,82,86,0,86,168
03/02/2022,SBN,IN,AGL,CE,Combined TRACON& Tower with Radar,24,20,10,0,54,0,10,13,0,23,24,30,23,0,77,36,0,36,113
03/03/2022,SBN,IN,AGL,CE,Combined TRACON& Tower with Radar,19,25,21,0,65,0,12,22,0,34,19,37,43,0,99,108,0,108,207
03/04/2022,SBN,IN,AGL,CE,Combined TRACON& Tower with Radar,25,34,12,0,71,0,11,27,0,38,25,45,39,0,109,76,0,76,185
03/05/2022,SBN,IN,AGL,CE,Combined TRACON& Tower with Radar,27,21,14,0,62,0,4,22,0,26,27,25,36,0,88,32,0,32,120
03/06/2022,SBN,IN,AGL,CE,Combined TRACON& Tower with Radar,16,18,11,0,45,0,2,16,0,18,16,20,27,0,63,18,0,18,81
03/07/2022,SBN,IN,AGL,CE,Combined TRACON& Tower with Radar,24,18,10,0,52,0,0,0,0,0,24,18,10,0,52,0,0,0,52
03/08/2022,SBN,IN,AGL,CE,Combined TRACON& Tower with Radar,17,19,12,0,48,0,10,31,0,41,17,29,43,0,89,104,0,104,193
03/09/2022,SBN,IN,AGL,CE,Combined TRACON& Tower with Radar,20,21,13,0,54,0,12,27,1,40,20,33,40,1,94,48,0,48,142
03/10/2022,SBN,IN,AGL,CE,Combined TRACON& Tower with Radar,17,24,11,8,60,0,0,9,2,11,17,24,20,10,71,30,0,30,101
03/11/2022,SBN,IN,AGL,CE,Combined TRACON& Tower with Radar,19,21,9,0,49,0,0,2,0,2,19,21,11,0,51,0,0,0,51
03/12/2022,SBN,IN,AGL,CE,Combined TRACON& Tower with Radar,20,20,2,0,42,0,0,2,0,2,20,20,4,0,44,2,0,2,46
03/13/2022,SBN,IN,AGL,CE,Combined TRACON& Tower with Radar,13,24,15,0,52,0,3,7,0,10,13,27,22,0,62,6,0,6,68
03/14/2022,SBN,IN,AGL,CE,Combined TRACON& Tower with Radar,20,22,19,0,61,0,17,6,0,23,20,39,25,0,84,36,0,36,120
03/15/2022,SBN,IN,AGL,CE,Combined TRACON& Tower with Radar,15,28,21,9,73,0,13,22,0,35,15,41,43,9,108,22,0,22,130
03/16/2022,SBN,IN,AGL,CE,Combined TRACON& Tower with Radar,25,24,18,0,67,0,7,21,0,28,25,31,39,0,95,18,0,18,113
03/17/2022,SBN,IN,AGL,CE,Combined TRACON& Tower with Radar,17,23,17,0,57,0,8,26,0,34,17,31,43,0,91,18,0,18,109
03/18/2022,SBN,IN,AGL,CE,Combined TRACON& Tower with Radar,21,25,8,0,54,0,4,5,0,9,21,29,13,0,63,4,0,4,67
03/19/2022,SBN,IN,AGL,CE,Combined TRACON& Tower with Radar,20,24,5,0,49,0,0,0,0,0,20,24,5,0,49,0,0,0,49
03/20/2022,SBN,IN,AGL,CE,Combined TRACON& Tower with Radar,13,21,11,0,45,0,4,29,0,33,13,25,40,0,78,22,0,22,100
03/21/2022,SBN,IN,AGL,CE,Combined TRACON& Tower with Radar,19,29,13,0,61,0,13,20,0,33,19,42,33,0,94,56,0,56,150
03/22/2022,SBN,IN,AGL,CE,Combined TRACON& Tower with Radar,22,16,10,0,48,0,0,8,0,8,22,16,18,0,56,22,0,22,78
03/23/2022,SBN,IN,AGL,CE,Combined TRACON& Tower with Radar,24,25,2,2,53,0,0,0,0,0,24,25,2,2,53,4,0,4,57
03/24/2022,SBN,IN,AGL,CE,Combined TRACON& Tower with Radar,20,30,17,0,67,0,2,1,0,3,20,32,18,0,70,12,0,12,82
03/25/2022,SBN,IN,AGL,CE,Combined TRACON& Tower with Radar,25,31,5,0,61,0,0,0,0,0,25,31,5,0,61,0,0,0,61
03/26/2022,SBN,IN,AGL,CE,Combined TRACON& Tower with Radar,24,19,5,0,48,0,0,2,0,2,24,19,7,0,50,0,0,0,50
03/27/2022,SBN,IN,AGL,CE,Combined TRACON& Tower with Radar,17,15,17,0,49,0,0,15,0,15,17,15,32,0,64,10,0,10,74
03/28/2022,SBN,IN,AGL,CE,Combined TRACON& Tower with Radar,20,28,25,0,73,0,14,32,0,46,20,42,57,0,119,82,0,82,201
03/29/2022,SBN,IN,AGL,CE,Combined TRACON& Tower with Radar,18,32,10,0,60,0,11,30,0,41,18,43,40,0,101,38,0,38,139
03/30/2022,SBN,IN,AGL,CE,Combined TRACON& Tower with Radar,22,27,11,0,60,0,0,0,0,0,22,27,11,0,60,0,0,0,60
03/31/2022,SBN,IN,AGL,CE,Combined TRACON& Tower with Radar,23,28,21,0,72,0,0,0,0,0,23,28,21,0,72,0,0,0,72
04/01/2022,SBN,IN,AGL,CE,Combined TRACON& Tower with Radar,25,32,16,0,73,0,0,22,0,22,25,32,38,0,95,36,0,36,131
04/02/2022,SBN,IN,AGL,CE,Combined TRACON& Tower with Radar,21,25,13,0,59,0,4,18,0,22,21,29,31,0,81,24,0,24,105
04/03/2022,SBN,IN,AGL,CE,Combined TRACON& Tower with Radar,15,28,18,0,61,0,0,14,0,14,15,28,32,0,75,34,0,34,109
04/04/2022,SBN,IN,AGL,CE,Combined TRACON& Tower with Radar,25,18,17,0,60,0,3,8,0,11,25,21,25,0,71,24,0,24,95
04/05/2022,SBN,IN,AGL,CE,Combined TRACON& Tower with Radar,19,17,12,0,48,0,2,5,0,7,19,19,17,0,55,20,0,20,75
04/06/2022,SBN,IN,AGL,CE,Combined TRACON& Tower with Radar,22,17,14,0,53,0,3,4,0,7,22,20,18,0,60,0,0,0,60
04/07/2022,SBN,IN,AGL,CE,Combined TRACON& Tower with Radar,20,22,30,0,72,0,0,2,0,2,20,22,32,0,74,36,0,36,110
04/08/2022,SBN,IN,AGL,CE,Combined TRACON& Tower with Radar,22,17,12,0,51,0,0,0,0,0,22,17,12,0,51,0,0,0,51
04/09/2022,SBN,IN,AGL,CE,Combined TRACON& Tower with Radar,22,22,14,0,58,0,0,7,0,7,22,22,21,0,65,20,0,20,85
04/10/2022,SBN,IN,AGL,CE,Combined TRACON& Tower with Radar,18,30,22,0,70,0,1,31,0,32,18,31,53,0,102,44,0,44,146
04/11/2022,SBN,IN,AGL,CE,Combined TRACON& Tower with Radar,19,16,21,0,56,0,4,20,0,24,19,20,41,0,80,58,0,58,138
04/12/2022,SBN,IN,AGL,CE,Combined TRACON& Tower with Radar,18,25,11,0,54,1,8,31,0,40,19,33,42,0,94,72,0,72,166
04/13/2022,SBN,IN,AGL,CE,Combined TRACON& Tower with Radar,20,21,15,0,56,0,0,1,0,1,20,21,16,0,57,4,0,4,61
04/14/2022,SBN,IN,AGL,CE,Combined TRACON& Tower with Radar,22,25,26,1,74,0,0,10,1,11,22,25,36,2,85,44,0,44,129
04/15/2022,SBN,IN,AGL,CE,Combined TRACON& Tower with Radar,25,21,13,0,59,0,2,17,0,19,25,23,30,0,78,40,0,40,118
04/16/2022,SBN,IN,AGL,CE,Combined TRACON& Tower with Radar,22,22,9,0,53,0,6,28,0,34,22,28,37,0,87,24,0,24,111
04/17/2022,SBN,IN,AGL,CE,Combined TRACON& Tower with Radar,16,17,11,0,44,0,4,13,0,17,16,21,24,0,61,24,0,24,85
04/18/2022,SBN,IN,AGL,CE,Combined TRACON& Tower with Radar,18,26,27,0,71,0,0,3,0,3,18,26,30,0,74,4,0,4,78
04/19/2022,SBN,IN,AGL,CE,Combined TRACON& Tower with Radar,20,24,23,0,67,0,12,15,0,27,20,36,38,0,94,80,0,80,174
04/20/2022,SBN,IN,AGL,CE,Combined TRACON& Tower with Radar,24,19,36,2,81,0,8,10,0,18,24,27,46,2,99,40,6,46,145
04/21/2022,SBN,IN,AGL,CE,Combined TRACON& Tower with Radar,24,39,35,0,98,0,3,33,0,36,24,42,68,0,134,86,0,86,220
04/22/2022,SBN,IN,AGL,CE,Combined TRACON& Tower with Radar,25,31,14,0,70,0,8,10,0,18,25,39,24,0,88,20,0,20,108
04/23/2022,SBN,IN,AGL,CE,Combined TRACON& Tower with Radar,20,32,10,0,62,0,5,23,0,28,20,37,33,0,90,34,0,34,124
04/24/2022,SBN,IN,AGL,CE,Combined TRACON& Tower with Radar,17,31,17,0,65,0,0,1,0,1,17,31,18,0,66,2,0,2,68
04/25/2022,SBN,IN,AGL,CE,Combined TRACON& Tower with Radar,25,25,9,0,59,0,8,12,0,20,25,33,21,0,79,40,0,40,119
04/26/2022,SBN,IN,AGL,CE,Combined TRACON& Tower with Radar,20,16,19,0,55,0,12,16,0,28,20,28,35,0,83,48,0,48,131
04/27/2022,SBN,IN,AGL,CE,Combined TRACON& Tower with Radar,24,31,37,0,92,0,7,37,0,44,24,38,74,0,136,72,0,72,208
04/28/2022,SBN,IN,AGL,CE,Combined TRACON& Tower with Radar,25,27,25,0,77,0,13,40,0,53,25,40,65,0,130,86,0,86,216
04/29/2022,SBN,IN,AGL,CE,Combined TRACON& Tower with Radar,30,32,17,0,79,0,1,33,0,34,30,33,50,0,113,48,0,48,161
04/30/2022,SBN,IN,AGL,CE,Combined TRACON& Tower with Radar,29,21,3,0,53,0,0,3,0,3,29,21,6,0,56,0,0,0,56
05/01/2022,SBN,IN,AGL,CE,Combined TRACON& Tower with Radar,21,17,13,0,51,0,0,6,0,6,21,17,19,0,57,6,0,6,63
05/02/2022,SBN,IN,AGL,CE,Combined TRACON& Tower with Radar,22,15,16,0,53,0,0,10,0,10,22,15,26,0,63,34,0,34,97
05/03/2022,SBN,IN,AGL,CE,Combined TRACON& Tower with Radar,23,19,16,0,58,0,0,0,0,0,23,19,16,0,58,0,0,0,58
05/04/2022,SBN,IN,AGL,CE,Combined TRACON& Tower with Radar,22,35,27,0,84,0,0,9,0,9,22,35,36,0,93,12,0,12,105
05/05/2022,SBN,IN,AGL,CE,Combined TRACON& Tower with Radar,24,23,30,0,77,0,3,11,2,16,24,26,41,2,93,10,12,22,115
05/06/2022,SBN,IN,AGL,CE,Combined TRACON& Tower with Radar,26,31,28,0,85,0,0,0,0,0,26,31,28,0,85,4,0,4,89
05/07/2022,SBN,IN,AGL,CE,Combined TRACON& Tower with Radar,26,31,23,0,80,0,4,30,1,35,26,35,53,1,115,144,0,144,259
05/08/2022,SBN,IN,AGL,CE,Combined TRACON& Tower with Radar,20,22,24,0,66,0,0,29,0,29,20,22,53,0,95,44,0,44,139
05/09/2022,SBN,IN,AGL,CE,Combined TRACON& Tower with Radar,23,18,17,0,58,0,2,8,0,10,23,20,25,0,68,16,0,16,84
05/10/2022,SBN,IN,AGL,CE,Combined TRACON& Tower with Radar,19,26,19,0,64,0,13,14,2,29,19,39,33,2,93,54,6,60,153
05/11/2022,SBN,IN,AGL,CE,Combined TRACON& Tower with Radar,23,31,19,0,73,0,15,31,0,46,23,46,50,0,119,92,0,92,211
05/12/2022,SBN,IN,AGL,CE,Combined TRACON& Tower with Radar,21,28,24,0,73,0,8,24,0,32,21,36,48,0,105,24,0,24,129
05/13/2022,SBN,IN,AGL,CE,Combined TRACON& Tower with Radar,25,40,39,1,105,0,0,35,8,43,25,40,74,9,148,32,10,42,190
05/14/2022,SBN,IN,AGL,CE,Combined TRACON& Tower with Radar,23,33,29,0,85,0,10,14,0,24,23,43,43,0,109,34,0,34,143
05/15/2022,SBN,IN,AGL,CE,Combined TRACON& Tower with Radar,19,44,31,0,94,0,4,13,0,17,19,48,44,0,111,76,0,76,187
05/16/2022,SBN,IN,AGL,CE,Combined TRACON& Tower with Radar,22,39,23,0,84,0,6,27,0,33,22,45,50,0,117,54,0,54,171
05/17/2022,SBN,IN,AGL,CE,Combined TRACON& Tower with Radar,18,25,13,0,56,0,14,31,0,45,18,39,44,0,101,0,0,0,101
05/18/2022,SBN,IN,AGL,CE,Combined TRACON& Tower with Radar,22,31,19,2,74,0,2,5,0,7,22,33,24,2,81,12,0,12,93
05/19/2022,SBN,IN,AGL,CE,Combined TRACON& Tower with Radar,26,15,40,1,82,0,2,16,3,21,26,17,56,4,103,62,0,62,165
05/20/2022,SBN,IN,AGL,CE,Combined TRACON& Tower with Radar,22,20,10,0,52,0,0,7,0,7,22,20,17,0,59,6,0,6,65
05/21/2022,SBN,IN,AGL,CE,Combined TRACON& Tower with Radar,20,22,14,0,56,0,0,14,0,14,20,22,28,0,70,50,0,50,120
05/22/2022,SBN,IN,AGL,CE,Combined TRACON& Tower with Radar,20,19,16,0,55,0,5,15,0,20,20,24,31,0,75,12,0,12,87
05/23/2022,SBN,IN,AGL,CE,Combined TRACON& Tower with Radar,21,18,20,0,59,0,12,22,0,34,21,30,42,0,93,44,0,44,137
05/24/2022,SBN,IN,AGL,CE,Combined TRACON& Tower with Radar,19,23,15,0,57,0,7,19,0,26,19,30,34,0,83,76,0,76,159
05/25/2022,SBN,IN,AGL,CE,Combined TRACON& Tower with Radar,26,22,15,0,63,0,1,1,0,2,26,23,16,0,65,22,0,22,87
05/26/2022,SBN,IN,AGL,CE,Combined TRACON& Tower with Radar,23,25,25,0,73,0,0,3,0,3,23,25,28,0,76,32,0,32,108
05/27/2022,SBN,IN,AGL,CE,Combined TRACON& Tower with Radar,21,28,29,0,78,0,0,1,0,1,21,28,30,0,79,2,0,2,81
05/28/2022,SBN,IN,AGL,CE,Combined TRACON& Tower with Radar,19,22,21,0,62,0,4,27,0,31,19,26,48,0,93,30,0,30,123
05/29/2022,SBN,IN,AGL,CE,Combined TRACON& Tower with Radar,20,31,30,0,81,0,4,15,0,19,20,35,45,0,100,16,0,16,116
05/30/2022,SBN,IN,AGL,CE,Combined TRACON& Tower with Radar,16,15,14,0,45,0,3,14,0,17,16,18,28,0,62,52,0,52,114
05/31/2022,SBN,IN,AGL,CE,Combined TRACON& Tower with Radar,23,20,11,0,54,0,8,8,0,16,23,28,19,0,70,24,0,24,94
06/01/2022,SBN,IN,AGL,CE,Combined TRACON& Tower with Radar,24,26,11,1,62,0,8,19,0,27,24,34,30,1,89,30,0,30,119
06/02/2022,SBN,IN,AGL,CE,Combined TRACON& Tower with Radar,21,19,19,0,59,0,9,26,0,35,21,28,45,0,94,62,0,62,156
06/03/2022,SBN,IN,AGL,CE,Combined TRACON& Tower with Radar,20,27,25,0,72,0,4,23,0,27,20,31,48,0,99,14,0,14,113
06/04/2022,SBN,IN,AGL,CE,Combined TRACON& Tower with Radar,21,24,12,0,57,0,7,15,0,22,21,31,27,0,79,108,0,108,187
06/05/2022,SBN,IN,AGL,CE,Combined TRACON& Tower with Radar,18,29,14,0,61,0,5,13,0,18,18,34,27,0,79,24,0,24,103
06/06/2022,SBN,IN,AGL,CE,Combined TRACON& Tower with Radar,19,19,9,0,47,0,0,8,0,8,19,19,17,0,55,44,0,44,99
06/07/2022,SBN,IN,AGL,CE,Combined TRACON& Tower with Radar,16,21,14,0,51,0,11,7,0,18,16,32,21,0,69,34,0,34,103
06/08/2022,SBN,IN,AGL,CE,Combined TRACON& Tower with Radar,22,23,12,0,57,0,13,15,0,28,22,36,27,0,85,70,0,70,155
06/09/2022,SBN,IN,AGL,CE,Combined TRACON& Tower with Radar,22,28,15,0,65,0,8,14,0,22,22,36,29,0,87,44,0,44,131
06/10/2022,SBN,IN,AGL,CE,Combined TRACON& Tower with Radar,17,23,27,0,67,0,6,15,0,21,17,29,42,0,88,70,0,70,158
06/11/2022,SBN,IN,AGL,CE,Combined TRACON& Tower with Radar,18,26,10,0,54,0,4,13,0,17,18,30,23,0,71,70,0,70,141
06/12/2022,SBN,IN,AGL,CE,Combined TRACON& Tower with Radar,18,21,14,0,53,0,0,5,0,5,18,21,19,0,58,58,0,58,116
06/13/2022,SBN,IN,AGL,CE,Combined TRACON& Tower with Radar,16,25,12,0,53,0,0,12,0,12,16,25,24,0,65,12,0,12,77
06/14/2022,SBN,IN,AGL,CE,Combined TRACON& Tower with Radar,17,22,18,0,57,0,5,27,0,32,17,27,45,0,89,46,0,46,135
06/15/2022,SBN,IN,AGL,CE,Combined TRACON& Tower with Radar,22,29,13,1,65,0,0,18,1,19,22,29,31,2,84,58,2,60,144
06/16/2022,SBN,IN,AGL,CE,Combined TRACON& Tower with Radar,22,16,20,10,68,0,6,19,0,25,22,22,39,10,93,24,10,34,127
06/17/2022,SBN,IN,AGL,CE,Combined TRACON& Tower with Radar,18,22,8,0,48,0,8,17,0,25,18,30,25,0,73,14,0,14,87
06/18/2022,SBN,IN,AGL,CE,Combined TRACON& Tower with Radar,17,23,6,0,46,0,5,22,0,27,17,28,28,0,73,61,0,61,134
06/19/2022,SBN,IN,AGL,CE,Combined TRACON& Tower with Radar,21,21,8,3,53,0,2,16,0,18,21,23,24,3,71,36,8,44,115
06/20/2022,SBN,IN,AGL,CE,Combined TRACON& Tower with Radar,17,26,23,0,66,0,5,19,0,24,17,31,42,0,90,18,0,18,108
06/21/2022,SBN,IN,AGL,CE,Combined TRACON& Tower with Radar,16,25,18,0,59,0,10,16,0,26,16,35,34,0,85,48,0,48,133
06/22/2022,SBN,IN,AGL,CE,Combined TRACON& Tower with Radar,22,25,10,8,65,0,2,21,0,23,22,27,31,8,88,84,0,84,172
06/23/2022,SBN,IN,AGL,CE,Combined TRACON& Tower with Radar,21,28,16,6,71,0,6,17,0,23,21,34,33,6,94,54,0,54,148
06/24/2022,SBN,IN,AGL,CE,Combined TRACON& Tower with Radar,16,33,17,0,66,0,9,25,2,36,16,42,42,2,102,46,0,46,148
06/25/2022,SBN,IN,AGL,CE,Combined TRACON& Tower with Radar,18,32,28,0,78,0,3,21,2,26,18,35,49,2,104,70,0,70,174
06/26/2022,SBN,IN,AGL,CE,Combined TRACON& Tower with Radar,18,29,32,0,79,0,2,17,0,19,18,31,49,0,98,62,0,62,160
06/27/2022,SBN,IN,AGL,CE,Combined TRACON& Tower with Radar,14,20,23,0,57,0,7,14,0,21,14,27,37,0,78,66,0,66,144
06/28/2022,SBN,IN,AGL,CE,Combined TRACON& Tower with Radar,18,20,16,0,54,0,20,25,0,45,18,40,41,0,99,118,0,118,217
06/29/2022,SBN,IN,AGL,CE,Combined TRACON& Tower with Radar,24,14,17,0,55,0,5,33,0,38,24,19,50,0,93,32,0,32,125
06/30/2022,SBN,IN,AGL,CE,Combined TRACON& Tower with Radar,22,18,27,0,67,0,0,21,0,21,22,18,48,0,88,46,0,46,134
07/01/2022,SBN,IN,AGL,CE,Combined TRACON& Tower with Radar,21,18,20,0,59,0,4,12,0,16,21,22,32,0,75,6,0,6,81
07/02/2022,SBN,IN,AGL,CE,Combined TRACON& Tower with Radar,17,27,10,0,54,0,0,15,0,15,17,27,25,0,69,26,0,26,95
07/03/2022,SBN,IN,AGL,CE,Combined TRACON& Tower with Radar,18,18,11,0,47,0,2,14,0,16,18,20,25,0,63,10,0,10,73
07/04/2022,SBN,IN,AGL,CE,Combined TRACON& Tower with Radar,14,16,10,0,40,0,0,6,0,6,14,16,16,0,46,14,0,14,60
07/05/2022,SBN,IN,AGL,CE,Combined TRACON& Tower with Radar,16,14,11,0,41,0,0,6,0,6,16,14,17,0,47,119,0,119,166
07/06/2022,SBN,IN,AGL,CE,Combined TRACON& Tower with Radar,23,17,5,0,45,0,2,2,0,4,23,19,7,0,49,26,0,26,75
07/07/2022,SBN,IN,AGL,CE,Combined TRACON& Tower with Radar,24,28,24,0,76,0,7,23,0,30,24,35,47,0,106,0,0,0,106
07/08/2022,SBN,IN,AGL,CE,Combined TRACON& Tower with Radar,17,19,15,0,51,0,0,10,0,10,17,19,25,0,61,28,0,28,89
07/09/2022,SBN,IN,AGL,CE,Combined TRACON& Tower with Radar,17,34,15,0,66,0,6,25,0,31,17,40,40,0,97,16,0,16,113
07/10/2022,SBN,IN,AGL,CE,Combined TRACON& Tower with Radar,18,20,16,0,54,0,2,14,0,16,18,22,30,0,70,94,0,94,164
07/11/2022,SBN,IN,AGL,CE,Combined TRACON& Tower with Radar,20,21,10,0,51,0,4,13,0,17,20,25,23,0,68,44,0,44,112
07/12/2022,SBN,IN,AGL,CE,Combined TRACON& Tower with Radar,18,16,13,2,49,0,8,17,0,25,18,24,30,2,74,22,0,22,96
07/13/2022,SBN,IN,AGL,CE,Combined TRACON& Tower with Radar,22,25,16,0,63,0,12,23,0,35,22,37,39,0,98,72,0,72,170
07/14/2022,SBN,IN,AGL,CE,Combined TRACON& Tower with Radar,20,28,24,0,72,0,7,29,0,36,20,35,53,0,108,82,0,82,190
07/15/2022,SBN,IN,AGL,CE,Combined TRACON& Tower with Radar,17,20,9,0,46,0,2,3,0,5,17,22,12,0,51,8,0,8,59
07/16/2022,SBN,IN,AGL,CE,Combined TRACON& Tower with Radar,18,22,27,4,71,0,0,5,0,5,18,22,32,4,76,32,8,40,116
07/17/2022,SBN,IN,AGL,CE,Combined TRACON& Tower with Radar,17,19,18,0,54,0,0,1,0,1,17,19,19,0,55,18,0,18,73
07/18/2022,SBN,IN,AGL,CE,Combined TRACON& Tower with Radar,16,22,22,0,60,0,4,24,0,28,16,26,46,0,88,62,0,62,150
07/19/2022,SBN,IN,AGL,CE,Combined TRACON& Tower with Radar,18,15,5,0,38,0,14,18,0,32,18,29,23,0,70,48,0,48,118
07/20/2022,SBN,IN,AGL,CE,Combined TRACON& Tower with Radar,22,18,13,0,53,0,4,22,0,26,22,22,35,0,79,32,0,32,111
07/21/2022,SBN,IN,AGL,CE,Combined TRACON& Tower with Radar,23,20,15,0,58,0,2,27,3,32,23,22,42,3,90,56,2,58,148
07/22/2022,SBN,IN,AGL,CE,Combined TRACON& Tower with Radar,17,21,13,8,59,0,6,42,3,51,17,27,55,11,110,42,6,48,158
07/23/2022,SBN,IN,AGL,CE,Combined TRACON& Tower with Radar,18,13,6,0,37,0,1,12,0,13,18,14,18,0,50,22,0,22,72
07/24/2022,SBN,IN,AGL,CE,Combined TRACON& Tower with Radar,19,14,17,1,51,0,0,11,0,11,19,14,28,1,62,2,0,2,64
07/25/2022,SBN,IN,AGL,CE,Combined TRACON& Tower with Radar,16,20,9,0,45,0,6,20,0,26,16,26,29,0,71,0,0,0,71
07/26/2022,SBN,IN,AGL,CE,Combined TRACON& Tower with Radar,18,33,20,0,71,0,8,21,0,29,18,41,41,0,100,20,0,20,120
07/27/2022,SBN,IN,AGL,CE,Combined TRACON& Tower with Radar,22,18,11,0,51,0,2,6,0,8,22,20,17,0,59,0,0,0,59
07/28/2022,SBN,IN,AGL,CE,Combined TRACON& Tower with Radar,22,26,18,0,66,0,8,22,0,30,22,34,40,0,96,80,0,80,176
07/29/2022,SBN,IN,AGL,CE,Combined TRACON& Tower with Radar,15,18,20,0,53,0,4,30,8,42,15,22,50,8,95,30,42,72,167
07/30/2022,SBN,IN,AGL,CE,Combined TRACON& Tower with Radar,17,22,12,12,63,0,2,31,0,33,17,24,43,12,96,30,12,42,138
07/31/2022,SBN,IN,AGL,CE,Combined TRACON& Tower with Radar,17,25,12,0,54,0,3,24,0,27,17,28,36,0,81,86,0,86,167
08/01/2022,SBN,IN,AGL,CE,Combined TRACON& Tower with Radar,17,20,13,0,50,0,4,6,0,10,17,24,19,0,60,70,0,70,130
08/02/2022,SBN,IN,AGL,CE,Combined TRACON& Tower with Radar,17,28,15,0,60,0,23,22,0,45,17,51,37,0,105,56,0,56,161
08/03/2022,SBN,IN,AGL,CE,Combined TRACON& Tower with Radar,23,19,15,0,57,0,2,20,0,22,23,21,35,0,79,14,0,14,93
08/04/2022,SBN,IN,AGL,CE,Combined TRACON& Tower with Radar,21,28,22,0,71,0,2,3,2,7,21,30,25,2,78,66,8,74,152
08/05/2022,SBN,IN,AGL,CE,Combined TRACON& Tower with Radar,18,22,26,0,66,0,1,9,0,10,18,23,35,0,76,10,0,10,86
08/06/2022,SBN,IN,AGL,CE,Combined TRACON& Tower with Radar,16,26,8,0,50,0,0,16,0,16,16,26,24,0,66,68,0,68,134
08/07/2022,SBN,IN,AGL,CE,Combined TRACON& Tower with Radar,17,22,8,0,47,0,0,8,0,8,17,22,16,0,55,44,0,44,99
08/08/2022,SBN,IN,AGL,CE,Combined TRACON& Tower with Radar,15,17,12,0,44,0,0,3,0,3,15,17,15,0,47,0,0,0,47
08/09/2022,SBN,IN,AGL,CE,Combined TRACON& Tower with Radar,18,20,18,0,56,0,2,15,0,17,18,22,33,0,73,70,0,70,143
08/10/2022,SBN,IN,AGL,CE,Combined TRACON& Tower with Radar,20,19,11,0,50,0,10,18,0,28,20,29,29,0,78,50,0,50,128
08/11/2022,SBN,IN,AGL,CE,Combined TRACON& Tower with Radar,20,25,17,4,66,0,2,15,0,17,20,27,32,4,83,74,0,74,157
08/12/2022,SBN,IN,AGL,CE,Combined TRACON& Tower with Radar,15,21,9,0,45,0,7,27,0,34,15,28,36,0,79,108,0,108,187
08/13/2022,SBN,IN,AGL,CE,Combined TRACON& Tower with Radar,16,23,5,0,44,0,0,22,0,22,16,23,27,0,66,50,0,50,116
08/14/2022,SBN,IN,AGL,CE,Combined TRACON& Tower with Radar,18,18,18,0,54,0,0,5,0,5,18,18,23,0,59,6,0,6,65
08/15/2022,SBN,IN,AGL,CE,Combined TRACON& Tower with Radar,15,22,13,4,54,0,8,31,0,39,15,30,44,4,93,14,0,14,107
08/16/2022,SBN,IN,AGL,CE,Combined TRACON& Tower with Radar,18,28,18,2,66,0,7,21,2,30,18,35,39,4,96,26,18,44,140
08/17/2022,SBN,IN,AGL,CE,Combined TRACON& Tower with Radar,17,27,15,0,59,0,6,26,0,32,17,33,41,0,91,58,40,98,189
08/18/2022,SBN,IN,AGL,CE,Combined TRACON& Tower with Radar,22,32,21,0,75,0,7,29,0,36,22,39,50,0,111,68,0,68,179
08/19/2022,SBN,IN,AGL,CE,Combined TRACON& Tower with Radar,18,33,21,0,72,0,4,26,2,32,18,37,47,2,104,28,2,30,134
08/20/2022,SBN,IN,AGL,CE,Combined TRACON& Tower with Radar,17,31,8,0,56,0,0,3,0,3,17,31,11,0,59,14,0,14,73
08/21/2022,SBN,IN,AGL,CE,Combined TRACON& Tower with Radar,16,30,20,0,66,0,0,4,0,4,16,30,24,0,70,6,0,6,76
08/22/2022,SBN,IN,AGL,CE,Combined TRACON& Tower with Radar,16,26,13,0,55,0,1,13,0,14,16,27,26,0,69,14,0,14,83
08/23/2022,SBN,IN,AGL,CE,Combined TRACON& Tower with Radar,18,17,17,2,54,0,11,28,0,39,18,28,45,2,93,104,2,106,199
08/24/2022,SBN,IN,AGL,CE,Combined TRACON& Tower with Radar,22,23,25,0,70,0,9,33,0,42,22,32,58,0,112,68,0,68,180
08/25/2022,SBN,IN,AGL,CE,Combined TRACON& Tower with Radar,20,19,12,0,51,0,2,13,0,15,20,21,25,0,66,4,0,4,70
08/26/2022,SBN,IN,AGL,CE,Combined TRACON& Tower with Radar,19,19,12,0,50,0,10,29,2,41,19,29,41,2,91,62,0,62,153
08/27/2022,SBN,IN,AGL,CE,Combined TRACON& Tower with Radar,15,28,8,0,51,0,5,107,2,114,15,33,115,2,165,104,0,104,269
08/28/2022,SBN,IN,AGL,CE,Combined TRACON& Tower with Radar,19,23,7,0,49,0,0,4,0,4,19,23,11,0,53,2,0,2,55
08/29/2022,SBN,IN,AGL,CE,Combined TRACON& Tower with Radar,18,20,20,0,58,0,0,5,0,5,18,20,25,0,63,4,0,4,67
08/30/2022,SBN,IN,AGL,CE,Combined TRACON& Tower with Radar,18,21,17,0,56,0,9,20,0,29,18,30,37,0,85,40,0,40,125
08/31/2022,SBN,IN,AGL,CE,Combined TRACON& Tower with Radar,19,21,15,0,55,0,4,30,0,34,19,25,45,0,89,54,0,54,143
09/01/2022,SBN,IN,AGL,CE,Combined TRACON& Tower with Radar,19,23,28,0,70,0,4,30,0,34,19,27,58,0,104,16,0,16,120
09/02/2022,SBN,IN,AGL,CE,Combined TRACON& Tower with Radar,23,19,16,4,62,0,7,27,0,34,23,26,43,4,96,34,0,34,130
09/03/2022,SBN,IN,AGL,CE,Combined TRACON& Tower with Radar,13,22,13,0,48,0,8,14,0,22,13,30,27,0,70,24,0,24,94
09/04/2022,SBN,IN,AGL,CE,Combined TRACON& Tower with Radar,18,15,14,1,48,0,0,0,0,0,18,15,14,1,48,4,0,4,52
09/05/2022,SBN,IN,AGL,CE,Combined TRACON& Tower with Radar,12,18,7,0,37,0,0,0,0,0,12,18,7,0,37,24,0,24,61
09/06/2022,SBN,IN,AGL,CE,Combined TRACON& Tower with Radar,22,18,20,0,60,0,0,12,0,12,22,18,32,0,72,98,0,98,170
09/07/2022,SBN,IN,AGL,CE,Combined TRACON& Tower with Radar,22,18,18,0,58,0,2,11,0,13,22,20,29,0,71,50,0,50,121
09/08/2022,SBN,IN,AGL,CE,Combined TRACON& Tower with Radar,22,34,43,0,99,0,8,25,0,33,22,42,68,0,132,118,0,118,250
09/09/2022,SBN,IN,AGL,CE,Combined TRACON& Tower with Radar,28,64,38,1,131,0,11,31,1,43,28,75,69,2,174,58,0,58,232
09/10/2022,SBN,IN,AGL,CE,Combined TRACON& Tower with Radar,20,60,59,0,139,0,0,53,17,70,20,60,112,17,209,82,0,82,291
09/11/2022,SBN,IN,AGL,CE,Combined TRACON& Tower with Radar,24,37,42,2,105,0,0,0,0,0,24,37,42,2,105,4,0,4,109
09/12/2022,SBN,IN,AGL,CE,Combined TRACON& Tower with Radar,24,21,20,0,65,0,0,0,0,0,24,21,20,0,65,0,0,0,65
09/13/2022,SBN,IN,AGL,CE,Combined TRACON& Tower with Radar,20,30,28,0,78,0,0,6,0,6,20,30,34,0,84,4,0,4,88
09/14/2022,SBN,IN,AGL,CE,Combined TRACON& Tower with Radar,22,34,28,0,84,0,13,28,0,41,22,47,56,0,125,40,0,40,165
09/15/2022,SBN,IN,AGL,CE,Combined TRACON& Tower with Radar,27,59,42,0,128,0,5,22,0,27,27,64,64,0,155,68,0,68,223
09/16/2022,SBN,IN,AGL,CE,Combined TRACON& Tower with Radar,30,73,60,2,165,0,3,22,0,25,30,76,82,2,190,24,2,26,216
09/17/2022,SBN,IN,AGL,CE,Combined TRACON& Tower with Radar,23,72,67,0,162,0,4,31,2,37,23,76,98,2,199,232,0,232,431
09/18/2022,SBN,IN,AGL,CE,Combined TRACON& Tower with Radar,26,88,77,0,191,0,0,14,0,14,26,88,91,0,205,10,0,10,215
09/19/2022,SBN,IN,AGL,CE,Combined TRACON& Tower with Radar,26,30,20,0,76,0,7,13,0,20,26,37,33,0,96,80,0,80,176
09/20/2022,SBN,IN,AGL,CE,Combined TRACON& Tower with Radar,23,28,16,0,67,0,8,17,0,25,23,36,33,0,92,14,0,14,106
09/21/2022,SBN,IN,AGL,CE,Combined TRACON& Tower with Radar,24,27,24,0,75,0,6,18,2,26,24,33,42,2,101,70,6,76,177
09/22/2022,SBN,IN,AGL,CE,Combined TRACON& Tower with Radar,28,26,20,0,74,0,0,30,0,30,28,26,50,0,104,94,0,94,198
09/23/2022,SBN,IN,AGL,CE,Combined TRACON& Tower with Radar,35,24,19,0,78,0,8,24,4,36,35,32,43,4,114,52,4,56,170
09/24/2022,SBN,IN,AGL,CE,Combined TRACON& Tower with Radar,21,24,16,0,61,0,11,17,0,28,21,35,33,0,89,62,0,62,151
09/25/2022,SBN,IN,AGL,CE,Combined TRACON& Tower with Radar,30,20,30,0,80,0,0,4,0,4,30,20,34,0,84,0,0,0,84
09/26/2022,SBN,IN,AGL,CE,Combined TRACON& Tower with Radar,25,16,28,0,69,0,0,8,0,8,25,16,36,0,77,26,0,26,103
09/27/2022,SBN,IN,AGL,CE,Combined TRACON& Tower with Radar,19,23,10,0,52,0,0,6,0,6,19,23,16,0,58,16,0,16,74
09/28/2022,SBN,IN,AGL,CE,Combined TRACON& Tower with Radar,21,27,25,0,73,0,5,21,0,26,21,32,46,0,99,76,0,76,175
09/29/2022,SBN,IN,AGL,CE,Combined TRACON& Tower with Radar,26,24,25,0,75,0,4,27,0,31,26,28,52,0,106,16,0,16,122
09/30/2022,SBN,IN,AGL,CE,Combined TRACON& Tower with Radar,23,21,27,0,71,0,7,42,0,49,23,28,69,0,120,80,0,80,200
10/01/2022,SBN,IN,AGL,CE,Combined TRACON& Tower with Radar,19,20,18,0,57,0,6,22,0,28,19,26,40,0,85,52,0,52,137
10/02/2022,SBN,IN,AGL,CE,Combined TRACON& Tower with Radar,22,21,22,0,65,0,0,15,0,15,22,21,37,0,80,20,0,20,100
10/03/2022,SBN,IN,AGL,CE,Combined TRACON& Tower with Radar,25,23,10,0,58,0,11,7,0,18,25,34,17,0,76,46,0,46,122
10/04/2022,SBN,IN,AGL,CE,Combined TRACON& Tower with Radar,20,16,16,0,52,0,1,20,0,21,20,17,36,0,73,48,0,48,121
10/05/2022,SBN,IN,AGL,CE,Combined TRACON& Tower with Radar,26,18,16,0,60,0,11,33,0,44,26,29,49,0,104,136,0,136,240
10/06/2022,SBN,IN,AGL,CE,Combined TRACON& Tower with Radar,30,22,23,0,75,1,2,9,0,12,31,24,32,0,87,20,0,20,107
10/07/2022,SBN,IN,AGL,CE,Combined TRACON& Tower with Radar,32,19,13,0,64,0,2,15,0,17,32,21,28,0,81,30,0,30,111
10/08/2022,SBN,IN,AGL,CE,Combined TRACON& Tower with Radar,25,16,14,2,57,0,3,18,2,23,25,19,32,4,80,16,0,16,96
10/09/2022,SBN,IN,AGL,CE,Combined TRACON& Tower with Radar,27,21,24,0,72,0,0,17,0,17,27,21,41,0,89,2,0,2,91
10/10/2022,SBN,IN,AGL,CE,Combined TRACON& Tower with Radar,28,18,11,0,57,0,7,18,0,25,28,25,29,0,82,24,0,24,106
10/11/2022,SBN,IN,AGL,CE,Combined TRACON& Tower with Radar,23,17,18,0,58,0,0,7,0,7,23,17,25,0,65,4,0,4,69
10/12/2022,SBN,IN,AGL,CE,Combined TRACON& Tower with Radar,28,32,18,0,78,0,0,2,0,2,28,32,20,0,80,0,0,0,80
10/13/2022,SBN,IN,AGL,CE,Combined TRACON& Tower with Radar,30,44,29,0,103,0,3,15,0,18,30,47,44,0,121,8,0,8,129
10/14/2022,SBN,IN,AGL,CE,Combined TRACON& Tower with Radar,38,70,49,1,158,0,6,9,0,15,38,76,58,1,173,4,0,4,177
10/15/2022,SBN,IN,AGL,CE,Combined TRACON& Tower with Radar,24,72,58,0,154,0,2,34,0,36,24,74,92,0,190,150,0,150,340
10/16/2022,SBN,IN,AGL,CE,Combined TRACON& Tower with Radar,37,92,67,0,196,0,0,26,0,26,37,92,93,0,222,20,0,20,242
10/17/2022,SBN,IN,AGL,CE,Combined TRACON& Tower with Radar,28,20,14,0,62,0,0,2,0,2,28,20,16,0,64,2,0,2,66
10/18/2022,SBN,IN,AGL,CE,Combined TRACON& Tower with Radar,23,18,10,0,51,0,0,0,0,0,23,18,10,0,51,0,0,0,51
10/19/2022,SBN,IN,AGL,CE,Combined TRACON& Tower with Radar,29,19,13,0,61,0,2,12,0,14,29,21,25,0,75,38,0,38,113
10/20/2022,SBN,IN,AGL,CE,Combined TRACON& Tower with Radar,29,27,34,0,90,0,5,30,0,35,29,32,64,0,125,26,0,26,151
10/21/2022,SBN,IN,AGL,CE,Combined TRACON& Tower with Radar,34,46,42,0,122,0,2,34,0,36,34,48,76,0,158,80,0,80,238
10/22/2022,SBN,IN,AGL,CE,Combined TRACON& Tower with Radar,28,47,48,0,123,0,0,19,0,19,28,47,67,0,142,98,0,98,240
10/23/2022,SBN,IN,AGL,CE,Combined TRACON& Tower with Radar,31,42,37,0,110,0,0,20,0,20,31,42,57,0,130,22,0,22,152
10/24/2022,SBN,IN,AGL,CE,Combined TRACON& Tower with Radar,28,18,16,2,64,0,2,27,0,29,28,20,43,2,93,46,0,46,139
10/25/2022,SBN,IN,AGL,CE,Combined TRACON& Tower with Radar,24,19,5,0,48,0,2,3,0,5,24,21,8,0,53,18,0,18,71
10/26/2022,SBN,IN,AGL,CE,Combined TRACON& Tower with Radar,27,16,22,0,65,0,0,7,0,7,27,16,29,0,72,64,0,64,136
10/27/2022,SBN,IN,AGL,CE,Combined TRACON& Tower with Radar,27,24,14,0,65,0,13,25,0,38,27,37,39,0,103,14,0,14,117
10/28/2022,SBN,IN,AGL,CE,Combined TRACON& Tower with Radar,32,15,26,0,73,0,9,20,0,29,32,24,46,0,102,58,0,58,160
10/29/2022,SBN,IN,AGL,CE,Combined TRACON& Tower with Radar,25,20,6,0,51,0,3,26,0,29,25,23,32,0,80,6,0,6,86
10/30/2022,SBN,IN,AGL,CE,Combined TRACON& Tower with Radar,22,12,21,0,55,0,0,12,0,12,22,12,33,0,67,6,0,6,73
10/31/2022,SBN,IN,AGL,CE,Combined TRACON& Tower with Radar,27,14,12,0,53,0,0,0,0,0,27,14,12,0,53,0,0,0,53
11/01/2022,SBN,IN,AGL,CE,Combined TRACON& Tower with Radar,22,15,18,0,55,0,1,6,0,7,22,16,24,0,62,16,0,16,78
11/02/2022,SBN,IN,AGL,CE,Combined TRACON& Tower with Radar,28,15,19,0,62,0,10,28,0,38,28,25,47,0,100,68,0,68,168
11/03/2022,SBN,IN,AGL,CE,Combined TRACON& Tower with Radar,31,44,62,0,137,0,17,25,0,42,31,61,87,0,179,28,0,28,207
11/04/2022,SBN,IN,AGL,CE,Combined TRACON& Tower with Radar,45,89,87,0,221,0,0,18,0,18,45,89,105,0,239,12,0,12,251
11/05/2022,SBN,IN,AGL,CE,Combined TRACON& Tower with Radar,22,68,68,0,158,0,0,6,3,9,22,68,74,3,167,12,0,12,179
11/06/2022,SBN,IN,AGL,CE,Combined TRACON& Tower with Radar,42,112,111,1,266,0,2,19,0,21,42,114,130,1,287,4,0,4,291
11/07/2022,SBN,IN,AGL,CE,Combined TRACON& Tower with Radar,26,34,25,0,85,0,7,35,0,42,26,41,60,0,127,22,0,22,149
11/08/2022,SBN,IN,AGL,CE,Combined TRACON& Tower with Radar,21,20,11,2,54,0,13,24,0,37,21,33,35,2,91,28,0,28,119
11/09/2022,SBN,IN,AGL,CE,Combined TRACON& Tower with Radar,26,18,28,0,72,0,2,26,0,28,26,20,54,0,100,48,0,48,148
11/10/2022,SBN,IN,AGL,CE,Combined TRACON& Tower with Radar,28,23,13,0,64,0,6,26,0,32,28,29,39,0,96,12,0,12,108
11/11/2022,SBN,IN,AGL,CE,Combined TRACON& Tower with Radar,29,20,12,1,62,0,0,4,0,4,29,20,16,1,66,4,0,4,70
11/12/2022,SBN,IN,AGL,CE,Combined TRACON& Tower with Radar,22,13,6,0,41,0,0,0,3,3,22,13,6,3,44,0,4,4,48
11/13/2022,SBN,IN,AGL,CE,Combined TRACON& Tower with Radar,20,18,12,0,50,0,0,12,0,12,20,18,24,0,62,40,0,40,102
11/14/2022,SBN,IN,AGL,CE,Combined TRACON& Tower with Radar,28,18,22,3,71,0,10,18,0,28,28,28,40,3,99,20,2,22,121
11/15/2022,SBN,IN,AGL,CE,Combined TRACON& Tower with Radar,23,12,12,0,47,0,0,2,0,2,23,12,14,0,49,16,0,16,65
11/16/2022,SBN,IN,AGL,CE,Combined TRACON& Tower with Radar,27,14,13,0,54,0,0,0,0,0,27,14,13,0,54,0,0,0,54
11/17/2022,SBN,IN,AGL,CE,Combined TRACON& Tower with Radar,24,45,20,0,89,0,0,0,0,0,24,45,20,0,89,0,0,0,89
11/18/2022,SBN,IN,AGL,CE,Combined TRACON& Tower with Radar,37,62,53,1,153,0,0,0,0,0,37,62,53,1,153,0,0,0,153
11/19/2022,SBN,IN,AGL,CE,Combined TRACON& Tower with Radar,26,65,49,0,140,0,0,6,2,8,26,65,55,2,148,0,0,0,148
11/20/2022,SBN,IN,AGL,CE,Combined TRACON& Tower with Radar,30,72,58,0,160,0,0,15,0,15,30,72,73,0,175,4,0,4,179
11/21/2022,SBN,IN,AGL,CE,Combined TRACON& Tower with Radar,25,33,19,1,78,0,10,6,0,16,25,43,25,1,94,20,0,20,114
11/22/2022,SBN,IN,AGL,CE,Combined TRACON& Tower with Radar,27,40,51,1,119,0,11,33,0,44,27,51,84,1,163,60,0,60,223
11/23/2022,SBN,IN,AGL,CE,Combined TRACON& Tower with Radar,35,27,16,0,78,0,8,25,0,33,35,35,41,0,111,40,0,40,151
11/24/2022,SBN,IN,AGL,CE,Combined TRACON& Tower with Radar,18,11,12,0,41,0,0,5,0,5,18,11,17,0,46,0,0,0,46
11/25/2022,SBN,IN,AGL,CE,Combined TRACON& Tower with Radar,28,25,25,0,78,0,0,9,0,9,28,25,34,0,87,18,0,18,105
11/26/2022,SBN,IN,AGL,CE,Combined TRACON& Tower with Radar,24,15,14,0,53,0,0,19,0,19,24,15,33,0,72,41,0,41,113
11/27/2022,SBN,IN,AGL,CE,Combined TRACON& Tower with Radar,30,36,27,0,93,0,0,1,0,1,30,36,28,0,94,0,0,0,94
11/28/2022,SBN,IN,AGL,CE,Combined TRACON& Tower with Radar,29,19,21,0,69,0,4,4,1,9,29,23,25,1,78,30,0,30,108
11/29/2022,SBN,IN,AGL,CE,Combined TRACON& Tower with Radar,20,20,20,0,60,0,2,4,0,6,20,22,24,0,66,18,0,18,84
11/30/2022,SBN,IN,AGL,CE,Combined TRACON& Tower with Radar,26,10,16,0,52,0,0,5,0,5,26,10,21,0,57,2,0,2,59
12/01/2022,SBN,IN,AGL,CE,Combined TRACON& Tower with Radar,28,15,13,8,64,0,12,17,0,29,28,27,30,8,93,58,10,68,161
12/02/2022,SBN,IN,AGL,CE,Combined TRACON& Tower with Radar,29,26,9,0,64,0,0,13,4,17,29,26,22,4,81,22,8,30,111
12/03/2022,SBN,IN,AGL,CE,Combined TRACON& Tower with Radar,24,17,9,0,50,0,0,7,0,7,24,17,16,0,57,0,0,0,57
12/04/2022,SBN,IN,AGL,CE,Combined TRACON& Tower with Radar,23,17,8,0,48,0,0,24,0,24,23,17,32,0,72,10,0,10,82
12/05/2022,SBN,IN,AGL,CE,Combined TRACON& Tower with Radar,26,18,10,1,55,0,4,12,3,19,26,22,22,4,74,32,0,32,106
12/06/2022,SBN,IN,AGL,CE,Combined TRACON& Tower with Radar,22,23,15,0,60,0,0,2,0,2,22,23,17,0,62,20,0,20,82
12/07/2022,SBN,IN,AGL,CE,Combined TRACON& Tower with Radar,25,12,15,0,52,0,0,2,0,2,25,12,17,0,54,2,0,2,56
12/08/2022,SBN,IN,AGL,CE,Combined TRACON& Tower with Radar,30,24,9,1,64,0,4,17,0,21,30,28,26,1,85,32,0,32,117
12/09/2022,SBN,IN,AGL,CE,Combined TRACON& Tower with Radar,28,19,7,0,54,0,0,0,0,0,28,19,7,0,54,2,0,2,56
12/10/2022,SBN,IN,AGL,CE,Combined TRACON& Tower with Radar,24,13,3,0,40,0,0,0,0,0,24,13,3,0,40,0,0,0,40
12/11/2022,SBN,IN,AGL,CE,Combined TRACON& Tower with Radar,23,17,4,0,44,0,0,2,0,2,23,17,6,0,46,0,0,0,46
12/12/2022,SBN,IN,AGL,CE,Combined TRACON& Tower with Radar,27,11,16,0,54,0,3,17,0,20,27,14,33,0,74,18,0,18,92
12/13/2022,SBN,IN,AGL,CE,Combined TRACON& Tower with Radar,24,19,20,10,73,0,0,10,0,10,24,19,30,10,83,22,12,34,117
12/14/2022,SBN,IN,AGL,CE,Combined TRACON& Tower with Radar,26,14,12,0,52,0,0,0,0,0,26,14,12,0,52,0,0,0,52
12/15/2022,SBN,IN,AGL,CE,Combined TRACON& Tower with Radar,26,19,22,0,67,0,0,4,0,4,26,19,26,0,71,16,0,16,87
12/16/2022,SBN,IN,AGL,CE,Combined TRACON& Tower with Radar,22,26,19,0,67,0,0,1,0,1,22,26,20,0,68,14,0,14,82
12/17/2022,SBN,IN,AGL,CE,Combined TRACON& Tower with Radar,27,16,3,0,46,0,0,0,0,0,27,16,3,0,46,0,0,0,46
12/18/2022,SBN,IN,AGL,CE,Combined TRACON& Tower with Radar,26,11,10,0,47,0,0,3,0,3,26,11,13,0,50,0,0,0,50
12/19/2022,SBN,IN,AGL,CE,Combined TRACON& Tower with Radar,24,18,7,0,49,0,0,3,0,3,24,18,10,0,52,2,0,2,54
12/20/2022,SBN,IN,AGL,CE,Combined TRACON& Tower with Radar,27,19,20,0,66,0,12,7,0,19,27,31,27,0,85,56,0,56,141
12/21/2022,SBN,IN,AGL,CE,Combined TRACON& Tower with Radar,28,32,9,0,69,0,0,3,0,3,28,32,12,0,72,16,0,16,88
12/22/2022,SBN,IN,AGL,CE,Combined TRACON& Tower with Radar,18,15,6,0,39,0,0,4,0,4,18,15,10,0,43,6,0,6,49
12/23/2022,SBN,IN,AGL,CE,Combined TRACON& Tower with Radar,4,1,1,0,6,0,0,0,0,0,4,1,1,0,6,0,0,0,6
12/24/2022,SBN,IN,AGL,CE,Combined TRACON& Tower with Radar,13,6,0,0,19,0,0,0,0,0,13,6,0,0,19,0,0,0,19
12/25/2022,SBN,IN,AGL,CE,Combined TRACON& Tower with Radar,26,14,0,0,40,0,0,2,0,2,26,14,2,0,42,8,0,8,50
12/26/2022,SBN,IN,AGL,CE,Combined TRACON& Tower with Radar,22,14,14,0,50,0,0,1,0,1,22,14,15,0,51,4,0,4,55
12/27/2022,SBN,IN,AGL,CE,Combined TRACON& Tower with Radar,29,15,12,0,56,0,0,10,0,10,29,15,22,0,66,42,0,42,108
12/28/2022,SBN,IN,AGL,CE,Combined TRACON& Tower with Radar,28,22,12,0,62,0,0,13,4,17,28,22,25,4,79,32,0,32,111
12/29/2022,SBN,IN,AGL,CE,Combined TRACON& Tower with Radar,29,17,7,0,53,0,0,2,0,2,29,17,9,0,55,0,0,0,55
12/30/2022,SBN,IN,AGL,CE,Combined TRACON& Tower with Radar,25,16,17,0,58,0,0,0,0,0,25,16,17,0,58,0,0,0,58
12/31/2022,SBN,IN,AGL,CE,Combined TRACON& Tower with Radar,26,13,11,0,50,0,0,2,0,2,26,13,13,0,52,0,0,0,52
01/01/2023,SBN,IN,AGL,CE,Combined TRACON& Tower with Radar,23,13,9,0,45,0,0,0,0,0,23,13,9,0,45,0,0,0,45
01/02/2023,SBN,IN,AGL,CE,Combined TRACON& Tower with Radar,25,18,3,0,46,0,0,0,0,0,25,18,3,0,46,0,0,0,46
01/03/2023,SBN,IN,AGL,CE,Combined TRACON& Tower with Radar,29,17,11,0,57,0,0,0,0,0,29,17,11,0,57,0,0,0,57
01/04/2023,SBN,IN,AGL,CE,Combined TRACON& Tower with Radar,20,19,9,0,48,0,0,18,0,18,20,19,27,0,66,22,0,22,88
01/05/2023,SBN,IN,AGL,CE,Combined TRACON& Tower with Radar,24,21,7,0,52,0,0,0,0,0,24,21,7,0,52,0,0,0,52
01/06/2023,SBN,IN,AGL,CE,Combined TRACON& Tower with Radar,28,14,8,0,50,0,0,2,0,2,28,14,10,0,52,12,0,12,64
01/07/2023,SBN,IN,AGL,CE,Combined TRACON& Tower with Radar,21,21,11,0,53,0,0,5,0,5,21,21,16,0,58,2,0,2,60
01/08/2023,SBN,IN,AGL,CE,Combined TRACON& Tower with Radar,23,21,13,0,57,1,0,9,0,10,24,21,22,0,67,30,0,30,97
01/09/2023,SBN,IN,AGL,CE,Combined TRACON& Tower with Radar,25,18,9,0,52,0,7,19,0,26,25,25,28,0,78,38,0,38,116
01/10/2023,SBN,IN,AGL,CE,Combined TRACON& Tower with Radar,23,13,11,0,47,0,2,9,0,11,23,15,20,0,58,38,0,38,96
01/11/2023,SBN,IN,AGL,CE,Combined TRACON& Tower with Radar,25,13,12,0,50,0,2,11,0,13,25,15,23,0,63,0,0,0,63
01/12/2023,SBN,IN,AGL,CE,Combined TRACON& Tower with Radar,29,19,5,0,53,0,0,0,0,0,29,19,5,0,53,0,0,0,53
01/13/2023,SBN,IN,AGL,CE,Combined TRACON& Tower with Radar,27,20,11,0,58,0,3,2,0,5,27,23,13,0,63,0,0,0,63
01/14/2023,SBN,IN,AGL,CE,Combined TRACON& Tower with Radar,22,17,3,0,42,0,1,11,0,12,22,18,14,0,54,2,0,2,56
01/15/2023,SBN,IN,AGL,CE,Combined TRACON& Tower with Radar,23,19,10,0,52,0,0,35,0,35,23,19,45,0,87,48,0,48,135
01/16/2023,SBN,IN,AGL,CE,Combined TRACON& Tower with Radar,25,20,24,0,69,0,0,2,0,2,25,20,26,0,71,10,0,10,81
01/17/2023,SBN,IN,AGL,CE,Combined TRACON& Tower with Radar,21,15,14,13,63,0,0,0,0,0,21,15,14,13,63,0,0,0,63
01/18/2023,SBN,IN,AGL,CE,Combined TRACON& Tower with Radar,24,18,14,0,56,0,0,2,3,5,24,18,16,3,61,6,0,6,67
01/19/2023,SBN,IN,AGL,CE,Combined TRACON& Tower with Radar,26,17,9,0,52,0,0,0,0,0,26,17,9,0,52,0,0,0,52
01/20/2023,SBN,IN,AGL,CE,Combined TRACON& Tower with Radar,27,24,20,0,71,0,0,0,0,0,27,24,20,0,71,0,0,0,71
01/21/2023,SBN,IN,AGL,CE,Combined TRACON& Tower with Radar,23,19,3,0,45,0,0,4,0,4,23,19,7,0,49,22,0,22,71
01/22/2023,SBN,IN,AGL,CE,Combined TRACON& Tower with Radar,21,15,14,0,50,0,0,0,0,0,21,15,14,0,50,13,0,13,63
01/23/2023,SBN,IN,AGL,CE,Combined TRACON& Tower with Radar,26,17,7,0,50,0,0,7,0,7,26,17,14,0,57,20,0,20,77
01/24/2023,SBN,IN,AGL,CE,Combined TRACON& Tower with Radar,20,14,13,0,47,0,0,0,0,0,20,14,13,0,47,0,0,0,47
01/25/2023,SBN,IN,AGL,CE,Combined TRACON& Tower with Radar,23,13,5,0,41,0,0,0,0,0,23,13,5,0,41,0,0,0,41
01/26/2023,SBN,IN,AGL,CE,Combined TRACON& Tower with Radar,25,15,12,0,52,0,0,0,0,0,25,15,12,0,52,0,0,0,52
01/27/2023,SBN,IN,AGL,CE,Combined TRACON& Tower with Radar,28,22,10,0,60,0,0,3,0,3,28,22,13,0,63,0,0,0,63
01/28/2023,SBN,IN,AGL,CE,Combined TRACON& Tower with Radar,32,10,9,0,51,0,2,11,0,13,32,12,20,0,64,32,0,32,96
01/29/2023,SBN,IN,AGL,CE,Combined TRACON& Tower with Radar,23,17,7,0,47,0,0,0,0,0,23,17,7,0,47,0,0,0,47
01/30/2023,SBN,IN,AGL,CE,Combined TRACON& Tower with Radar,25,21,4,0,50,0,0,0,0,0,25,21,4,0,50,0,0,0,50
01/31/2023,SBN,IN,AGL,CE,Combined TRACON& Tower with Radar,15,26,16,0,57,0,19,22,0,41,15,45,38,0,98,72,0,72,170
02/01/2023,SBN,IN,AGL,CE,Combined TRACON& Tower with Radar,20,25,14,0,59,0,12,22,0,34,20,37,36,0,93,36,0,36,129
02/02/2023,SBN,IN,AGL,CE,Combined TRACON& Tower with Radar,22,19,15,0,56,0,2,14,0,16,22,21,29,0,72,22,0,22,94
02/03/2023,SBN,IN,AGL,CE,Combined TRACON& Tower with Radar,27,18,14,0,59,0,1,1,0,2,27,19,15,0,61,0,0,0,61
02/04/2023,SBN,IN,AGL,CE,Combined TRACON& Tower with Radar,26,17,9,0,52,0,1,7,0,8,26,18,16,0,60,8,0,8,68
02/05/2023,SBN,IN,AGL,CE,Combined TRACON& Tower with Radar,24,18,8,0,50,0,0,12,0,12,24,18,20,0,62,6,0,6,68
02/06/2023,SBN,IN,AGL,CE,Combined TRACON& Tower with Radar,24,18,10,0,52,0,6,12,0,18,24,24,22,0,70,44,0,44,114
02/07/2023,SBN,IN,AGL,CE,Combined TRACON& Tower with Radar,24,16,11,3,54,0,0,6,2,8,24,16,17,5,62,14,2,16,78
02/08/2023,SBN,IN,AGL,CE,Combined TRACON& Tower with Radar,28,22,10,0,60,0,8,11,0,19,28,30,21,0,79,54,0,54,133
02/09/2023,SBN,IN,AGL,CE,Combined TRACON& Tower with Radar,25,25,8,0,58,0,0,0,0,0,25,25,8,0,58,0,0,0,58
02/10/2023,SBN,IN,AGL,CE,Combined TRACON& Tower with Radar,25,28,11,0,64,0,5,4,0,9,25,33,15,0,73,8,0,8,81
02/11/2023,SBN,IN,AGL,CE,Combined TRACON& Tower with Radar,28,24,10,0,62,0,14,33,0,47,28,38,43,0,109,71,0,71,180
02/12/2023,SBN,IN,AGL,CE,Combined TRACON& Tower with Radar,23,21,9,0,53,0,2,36,0,38,23,23,45,0,91,24,0,24,115
02/13/2023,SBN,IN,AGL,CE,Combined TRACON& Tower with Radar,25,26,18,0,69,0,8,7,0,15,25,34,25,0,84,40,0,40,124
02/14/2023,SBN,IN,AGL,CE,Combined TRACON& Tower with Radar,24,26,11,0,61,0,0,1,0,1,24,26,12,0,62,16,0,16,78
02/15/2023,SBN,IN,AGL,CE,Combined TRACON& Tower with Radar,28,18,10,0,56,0,0,2,0,2,28,18,12,0,58,0,0,0,58
02/16/2023,SBN,IN,AGL,CE,Combined TRACON& Tower with Radar,28,18,10,0,56,0,0,0,0,0,28,18,10,0,56,106,0,106,162
02/17/2023,SBN,IN,AGL,CE,Combined TRACON& Tower with Radar,29,18,22,0,69,0,0,8,0,8,29,18,30,0,77,12,0,12,89
02/18/2023,SBN,IN,AGL,CE,Combined TRACON& Tower with Radar,25,23,5,0,53,0,3,11,0,14,25,26,16,0,67,54,0,54,121
02/19/2023,SBN,IN,AGL,CE,Combined TRACON& Tower with Radar,27,31,12,0,70,0,2,7,0,9,27,33,19,0,79,20,0,20,99
02/20/2023,SBN,IN,AGL,CE,Combined TRACON& Tower with Radar,25,20,24,0,69,0,17,35,0,52,25,37,59,0,121,0,0,0,121
02/21/2023,SBN,IN,AGL,CE,Combined TRACON& Tower with Radar,25,25,13,0,63,0,10,16,0,26,25,35,29,0,89,36,0,36,125
02/22/2023,SBN,IN,AGL,CE,Combined TRACON& Tower with Radar,25,24,13,0,62,0,0,0,0,0,25,24,13,0,62,0,0,0,62
02/23/2023,SBN,IN,AGL,CE,Combined TRACON& Tower with Radar,24,28,13,0,65,0,0,0,0,0,24,28,13,0,65,0,0,0,65
02/24/2023,SBN,IN,AGL,CE,Combined TRACON& Tower with Radar,29,27,11,1,68,0,5,18,0,23,29,32,29,1,91,30,0,30,121
02/25/2023,SBN,IN,AGL,CE,Combined TRACON& Tower with Radar,26,17,7,0,50,0,0,17,0,17,26,17,24,0,67,6,0,6,73
02/26/2023,SBN,IN,AGL,CE,Combined TRACON& Tower with Radar,23,25,8,0,56,0,6,34,0,40,23,31,42,0,96,54,0,54,150
02/27/2023,SBN,IN,AGL,CE,Combined TRACON& Tower with Radar,23,15,2,0,40,0,0,0,0,0,23,15,2,0,40,0,0,0,40
02/28/2023,SBN,IN,AGL,CE,Combined TRACON& Tower with Radar,27,22,9,0,58,0,6,10,0,16,27,28,19,0,74,40,0,40,114
03/01/2023,SBN,IN,AGL,CE,Combined TRACON& Tower with Radar,23,26,26,3,78,0,5,29,0,34,23,31,55,3,112,64,0,64,176
03/02/2023,SBN,IN,AGL,CE,Combined TRACON& Tower with Radar,24,23,10,0,57,0,0,4,0,4,24,23,14,0,61,8,0,8,69
03/03/2023,SBN,IN,AGL,CE,Combined TRACON& Tower with Radar,25,7,2,0,34,0,0,3,0,3,25,7,5,0,37,0,0,0,37
03/04/2023,SBN,IN,AGL,CE,Combined TRACON& Tower with Radar,26,12,3,0,41,0,0,9,0,9,26,12,12,0,50,8,0,8,58
03/05/2023,SBN,IN,AGL,CE,Combined TRACON& Tower with Radar,24,16,9,0,49,0,2,19,0,21,24,18,28,0,70,74,0,74,144
03/06/2023,SBN,IN,AGL,CE,Combined TRACON& Tower with Radar,24,18,5,0,47,0,0,4,0,4,24,18,9,0,51,14,0,14,65
03/07/2023,SBN,IN,AGL,CE,Combined TRACON& Tower with Radar,22,20,9,0,51,0,6,27,0,33,22,26,36,0,84,24,0,24,108
03/08/2023,SBN,IN,AGL,CE,Combined TRACON& Tower with Radar,26,23,19,0,68,0,8,42,0,50,26,31,61,0,118,56,0,56,174
03/09/2023,SBN,IN,AGL,CE,Combined TRACON& Tower with Radar,25,25,20,0,70,0,8,2,1,11,25,33,22,1,81,12,0,12,93
03/10/2023,SBN,IN,AGL,CE,Combined TRACON& Tower with Radar,29,20,9,0,58,0,0,1,0,1,29,20,10,0,59,0,0,0,59
03/11/2023,SBN,IN,AGL,CE,Combined TRACON& Tower with Radar,25,22,15,0,62,0,0,22,0,22,25,22,37,0,84,55,0,55,139
03/12/2023,SBN,IN,AGL,CE,Combined TRACON& Tower with Radar,21,18,2,0,41,0,0,0,0,0,21,18,2,0,41,0,0,0,41
03/13/2023,SBN,IN,AGL,CE,Combined TRACON& Tower with Radar,32,14,6,0,52,0,0,0,0,0,32,14,6,0,52,0,0,0,52
03/14/2023,SBN,IN,AGL,CE,Combined TRACON& Tower with Radar,26,23,21,0,70,0,4,19,1,24,26,27,40,1,94,48,0,48,142
03/15/2023,SBN,IN,AGL,CE,Combined TRACON& Tower with Radar,30,31,29,4,94,0,17,36,0,53,30,48,65,4,147,44,0,44,191
03/16/2023,SBN,IN,AGL,CE,Combined TRACON& Tower with Radar,25,13,8,0,46,0,4,6,0,10,25,17,14,0,56,0,0,0,56
03/17/2023,SBN,IN,AGL,CE,Combined TRACON& Tower with Radar,31,24,8,0,63,0,0,2,0,2,31,24,10,0,65,0,0,0,65
03/18/2023,SBN,IN,AGL,CE,Combined TRACON& Tower with Radar,27,16,9,2,54,0,0,0,0,0,27,16,9,2,54,0,0,0,54
03/19/2023,SBN,IN,AGL,CE,Combined TRACON& Tower with Radar,24,33,12,0,69,0,4,22,0,26,24,37,34,0,95,18,0,18,113
03/20/2023,SBN,IN,AGL,CE,Combined TRACON& Tower with Radar,28,17,16,0,61,0,3,6,0,9,28,20,22,0,70,16,0,16,86
03/21/2023,SBN,IN,AGL,CE,Combined TRACON& Tower with Radar,24,17,25,0,66,0,9,33,0,42,24,26,58,0,108,44,0,44,152
03/22/2023,SBN,IN,AGL,CE,Combined TRACON& Tower with Radar,25,18,9,0,52,0,0,0,0,0,25,18,9,0,52,0,0,0,52
03/23/2023,SBN,IN,AGL,CE,Combined TRACON& Tower with Radar,29,21,10,1,61,0,0,2,2,4,29,21,12,3,65,2,0,2,67
03/24/2023,SBN,IN,AGL,CE,Combined TRACON& Tower with Radar,29,28,14,0,71,0,2,10,0,12,29,30,24,0,83,21,0,21,104
03/25/2023,SBN,IN,AGL,CE,Combined TRACON& Tower with Radar,30,16,5,0,51,0,0,1,0,1,30,16,6,0,52,0,0,0,52
03/26/2023,SBN,IN,AGL,CE,Combined TRACON& Tower with Radar,22,20,18,0,60,0,4,29,0,33,22,24,47,0,93,66,0,66,159
03/27/2023,SBN,IN,AGL,CE,Combined TRACON& Tower with Radar,28,15,14,0,57,0,4,10,0,14,28,19,24,0,71,12,0,12,83
03/28/2023,SBN,IN,AGL,CE,Combined TRACON& Tower with Radar,24,18,10,0,52,0,6,29,0,35,24,24,39,0,87,36,0,36,123
03/29/2023,SBN,IN,AGL,CE,Combined TRACON& Tower with Radar,27,20,13,0,60,0,2,10,0,12,27,22,23,0,72,6,0,6,78
03/30/2023,SBN,IN,AGL,CE,Combined TRACON& Tower with Radar,29,26,11,0,66,0,11,36,0,47,29,37,47,0,113,14,0,14,127
03/31/2023,SBN,IN,AGL,CE,Combined TRACON& Tower with Radar,31,23,5,0,59,0,0,2,0,2,31,23,7,0,61,0,0,0,61
04/01/2023,SBN,IN,AGL,CE,Combined TRACON& Tower with Radar,29,17,6,0,52,0,0,0,0,0,29,17,6,0,52,0,0,0,52
04/02/2023,SBN,IN,AGL,CE,Combined TRACON& Tower with Radar,23,31,12,0,66,0,2,20,0,22,23,33,32,0,88,32,0,32,120
04/03/2023,SBN,IN,AGL,CE,Combined TRACON& Tower with Radar,28,22,9,0,59,0,8,9,0,17,28,30,18,0,76,42,0,42,118
04/04/2023,SBN,IN,AGL,CE,Combined TRACON& Tower with Radar,23,17,7,2,49,0,0,0,0,0,23,17,7,2,49,0,0,0,49
04/05/2023,SBN,IN,AGL,CE,Combined TRACON& Tower with Radar,32,19,5,0,56,0,0,0,0,0,32,19,5,0,56,0,0,0,56
04/06/2023,SBN,IN,AGL,CE,Combined TRACON& Tower with Radar,23,29,29,0,81,0,4,38,0,42,23,33,67,0,123,43,0,43,166
04/07/2023,SBN,IN,AGL,CE,Combined TRACON& Tower with Radar,30,22,17,0,69,0,0,32,0,32,30,22,49,0,101,46,0,46,147
04/08/2023,SBN,IN,AGL,CE,Combined TRACON& Tower with Radar,27,19,26,0,72,0,2,33,0,35,27,21,59,0,107,44,0,44,151
04/09/2023,SBN,IN,AGL,CE,Combined TRACON& Tower with Radar,20,22,3,0,45,0,1,20,0,21,20,23,23,0,66,12,0,12,78
04/10/2023,SBN,IN,AGL,CE,Combined TRACON& Tower with Radar,28,39,29,0,96,0,11,27,0,38,28,50,56,0,134,26,0,26,160
04/11/2023,SBN,IN,AGL,CE,Combined TRACON& Tower with Radar,22,30,23,2,77,0,2,9,2,13,22,32,32,4,90,10,0,10,100
04/12/2023,SBN,IN,AGL,CE,Combined TRACON& Tower with Radar,27,29,25,0,81,0,0,24,1,25,27,29,49,1,106,26,0,26,132
04/13/2023,SBN,IN,AGL,CE,Combined TRACON& Tower with Radar,26,20,18,3,67,0,10,21,1,32,26,30,39,4,99,25,0,25,124
04/14/2023,SBN,IN,AGL,CE,Combined TRACON& Tower with Radar,27,34,18,0,79,0,17,20,0,37,27,51,38,0,116,4,0,4,120
04/15/2023,SBN,IN,AGL,CE,Combined TRACON& Tower with Radar,22,20,17,0,59,0,0,26,0,26,22,20,43,0,85,6,0,6,91
04/16/2023,SBN,IN,AGL,CE,Combined TRACON& Tower with Radar,21,26,14,0,61,0,0,0,0,0,21,26,14,0,61,2,0,2,63
04/17/2023,SBN,IN,AGL,CE,Combined TRACON& Tower with Radar,22,33,13,0,68,0,0,0,2,2,22,33,13,2,70,0,0,0,70
04/18/2023,SBN,IN,AGL,CE,Combined TRACON& Tower with Radar,20,23,19,1,63,0,2,28,3,33,20,25,47,4,96,12,0,12,108
04/19/2023,SBN,IN,AGL,CE,Combined TRACON& Tower with Radar,23,33,12,0,68,0,2,9,0,11,23,35,21,0,79,16,0,16,95
04/20/2023,SBN,IN,AGL,CE,Combined TRACON& Tower with Radar,31,21,22,0,74,0,1,3,0,4,31,22,25,0,78,4,0,4,82
04/21/2023,SBN,IN,AGL,CE,Combined TRACON& Tower with Radar,23,27,17,2,69,0,15,18,3,36,23,42,35,5,105,27,0,27,132
04/22/2023,SBN,IN,AGL,CE,Combined TRACON& Tower with Radar,22,20,10,0,52,0,0,6,0,6,22,20,16,0,58,12,0,12,70
04/23/2023,SBN,IN,AGL,CE,Combined TRACON& Tower with Radar,23,27,11,0,61,0,0,0,0,0,23,27,11,0,61,0,0,0,61
04/24/2023,SBN,IN,AGL,CE,Combined TRACON& Tower with Radar,22,16,12,0,50,0,7,9,0,16,22,23,21,0,66,6,0,6,72
04/25/2023,SBN,IN,AGL,CE,Combined TRACON& Tower with Radar,21,16,14,0,51,0,0,0,0,0,21,16,14,0,51,2,0,2,53
04/26/2023,SBN,IN,AGL,CE,Combined TRACON& Tower with Radar,22,28,25,0,75,0,6,32,0,38,22,34,57,0,113,24,0,24,137
04/27/2023,SBN,IN,AGL,CE,Combined TRACON& Tower with Radar,25,20,26,0,71,0,7,44,0,51,25,27,70,0,122,30,0,30,152
04/28/2023,SBN,IN,AGL,CE,Combined TRACON& Tower with Radar,24,21,18,0,63,0,0,9,0,9,24,21,27,0,72,20,0,20,92
04/29/2023,SBN,IN,AGL,CE,Combined TRACON& Tower with Radar,26,16,9,0,51,0,0,28,0,28,26,16,37,0,79,56,0,56,135
04/30/2023,SBN,IN,AGL,CE,Combined TRACON& Tower with Radar,24,25,12,0,61,0,0,9,0,9,24,25,21,0,70,4,0,4,74
05/01/2023,SBN,IN,AGL,CE,Combined TRACON& Tower with Radar,25,15,11,0,51,0,0,0,0,0,25,15,11,0,51,0,0,0,51
05/02/2023,SBN,IN,AGL,CE,Combined TRACON& Tower with Radar,20,18,8,0,46,0,0,0,0,0,20,18,8,0,46,0,0,0,46
05/03/2023,SBN,IN,AGL,CE,Combined TRACON& Tower with Radar,23,32,19,0,74,0,8,15,0,23,23,40,34,0,97,22,0,22,119
05/04/2023,SBN,IN,AGL,CE,Combined TRACON& Tower with Radar,25,34,28,0,87,0,7,38,0,45,25,41,66,0,132,38,0,38,170
05/05/2023,SBN,IN,AGL,CE,Combined TRACON& Tower with Radar,28,29,27,0,84,0,6,27,0,33,28,35,54,0,117,14,0,14,131
05/06/2023,SBN,IN,AGL,CE,Combined TRACON& Tower with Radar,23,20,14,0,57,0,4,10,0,14,23,24,24,0,71,14,0,14,85
05/07/2023,SBN,IN,AGL,CE,Combined TRACON& Tower with Radar,20,19,17,0,56,0,0,4,0,4,20,19,21,0,60,0,0,0,60
05/08/2023,SBN,IN,AGL,CE,Combined TRACON& Tower with Radar,25,24,15,0,64,0,0,3,0,3,25,24,18,0,67,12,0,12,79
05/09/2023,SBN,IN,AGL,CE,Combined TRACON& Tower with Radar,22,28,3,0,53,0,9,32,0,41,22,37,35,0,94,62,0,62,156
05/10/2023,SBN,IN,AGL,CE,Combined TRACON& Tower with Radar,25,21,24,0,70,0,11,42,0,53,25,32,66,0,123,4,0,4,127
05/11/2023,SBN,IN,AGL,CE,Combined TRACON& Tower with Radar,30,28,12,16,86,0,3,5,0,8,30,31,17,16,94,0,0,0,94
05/12/2023,SBN,IN,AGL,CE,Combined TRACON& Tower with Radar,29,18,18,2,67,0,0,13,0,13,29,18,31,2,80,0,0,0,80
05/13/2023,SBN,IN,AGL,CE,Combined TRACON& Tower with Radar,27,21,19,0,67,0,0,4,0,4,27,21,23,0,71,6,0,6,77
05/14/2023,SBN,IN,AGL,CE,Combined TRACON& Tower with Radar,24,20,9,0,53,0,0,9,0,9,24,20,18,0,62,2,0,2,64
05/15/2023,SBN,IN,AGL,CE,Combined TRACON& Tower with Radar,28,19,16,0,63,0,0,17,0,17,28,19,33,0,80,20,0,20,100
05/16/2023,SBN,IN,AGL,CE,Combined TRACON& Tower with Radar,20,21,26,0,67,0,6,19,0,25,20,27,45,0,92,64,0,64,156
05/17/2023,SBN,IN,AGL,CE,Combined TRACON& Tower with Radar,26,14,30,9,79,0,4,23,0,27,26,18,53,9,106,28,2,30,136
05/18/2023,SBN,IN,AGL,CE,Combined TRACON& Tower with Radar,31,60,29,1,121,0,10,17,5,32,31,70,46,6,153,36,16,52,205
05/19/2023,SBN,IN,AGL,CE,Combined TRACON& Tower with Radar,24,37,41,0,102,2,2,4,0,8,26,39,45,0,110,14,0,14,124
05/20/2023,SBN,IN,AGL,CE,Combined TRACON& Tower with Radar,23,30,16,0,69,0,3,11,0,14,23,33,27,0,83,28,0,28,111
05/21/2023,SBN,IN,AGL,CE,Combined TRACON& Tower with Radar,28,59,48,0,135,0,0,24,0,24,28,59,72,0,159,10,0,10,169
05/22/2023,SBN,IN,AGL,CE,Combined TRACON& Tower with Radar,25,44,29,0,98,0,7,16,9,32,25,51,45,9,130,26,0,26,156
05/23/2023,SBN,IN,AGL,CE,Combined TRACON& Tower with Radar,24,17,12,0,53,0,0,35,0,35,24,17,47,0,88,40,0,40,128
05/24/2023,SBN,IN,AGL,CE,Combined TRACON& Tower with Radar,24,23,20,0,67,0,4,7,0,11,24,27,27,0,78,24,0,24,102
05/25/2023,SBN,IN,AGL,CE,Combined TRACON& Tower with Radar,30,30,26,0,86,0,5,18,0,23,30,35,44,0,109,58,0,58,167
05/26/2023,SBN,IN,AGL,CE,Combined TRACON& Tower with Radar,28,19,24,2,73,0,11,12,0,23,28,30,36,2,96,96,0,96,192
05/27/2023,SBN,IN,AGL,CE,Combined TRACON& Tower with Radar,23,22,4,0,49,0,3,12,0,15,23,25,16,0,64,26,0,26,90
05/28/2023,SBN,IN,AGL,CE,Combined TRACON& Tower with Radar,27,13,6,0,46,0,0,14,0,14,27,13,20,0,60,14,0,14,74
05/29/2023,SBN,IN,AGL,CE,Combined TRACON& Tower with Radar,24,25,7,0,56,0,0,26,0,26,24,25,33,0,82,78,0,78,160
05/30/2023,SBN,IN,AGL,CE,Combined TRACON& Tower with Radar,23,41,4,12,80,0,8,22,0,30,23,49,26,12,110,56,14,70,180
05/31/2023,SBN,IN,AGL,CE,Combined TRACON& Tower with Radar,24,36,10,2,72,0,5,18,6,29,24,41,28,8,101,30,0,30,131
06/01/2023,SBN,IN,AGL,CE,Combined TRACON& Tower with Radar,31,15,21,0,67,0,1,12,0,13,31,16,33,0,80,42,0,42,122
06/02/2023,SBN,IN,AGL,CE,Combined TRACON& Tower with Radar,27,22,19,0,68,0,2,17,0,19,27,24,36,0,87,30,0,30,117
06/03/2023,SBN,IN,AGL,CE,Combined TRACON& Tower with Radar,21,16,11,0,48,0,8,13,0,21,21,24,24,0,69,24,0,24,93
06/04/2023,SBN,IN,AGL,CE,Combined TRACON& Tower with Radar,27,19,7,0,53,0,2,18,0,20,27,21,25,0,73,45,0,45,118
06/05/2023,SBN,IN,AGL,CE,Combined TRACON& Tower with Radar,26,33,27,0,86,0,11,16,0,27,26,44,43,0,113,34,0,34,147
06/06/2023,SBN,IN,AGL,CE,Combined TRACON& Tower with Radar,21,23,19,0,63,0,11,30,0,41,21,34,49,0,104,84,0,84,188
06/07/2023,SBN,IN,AGL,CE,Combined TRACON& Tower with Radar,27,17,13,0,57,0,5,9,3,17,27,22,22,3,74,42,0,42,116
06/08/2023,SBN,IN,AGL,CE,Combined TRACON& Tower with Radar,30,23,26,0,79,0,15,32,0,47,30,38,58,0,126,86,0,86,212
06/09/2023,SBN,IN,AGL,CE,Combined TRACON& Tower with Radar,27,16,12,0,55,0,7,13,0,20,27,23,25,0,75,40,0,40,115
06/10/2023,SBN,IN,AGL,CE,Combined TRACON& Tower with Radar,18,25,16,0,59,0,5,24,0,29,18,30,40,0,88,38,0,38,126
06/11/2023,SBN,IN,AGL,CE,Combined TRACON& Tower with Radar,24,22,8,0,54,0,0,3,0,3,24,22,11,0,57,18,0,18,75
06/12/2023,SBN,IN,AGL,CE,Combined TRACON& Tower with Radar,24,19,15,0,58,0,6,4,2,12,24,25,19,2,70,50,0,50,120
06/13/2023,SBN,IN,AGL,CE,Combined TRACON& Tower with Radar,22,18,14,0,54,0,1,2,2,5,22,19,16,2,59,18,4,22,81
06/14/2023,SBN,IN,AGL,CE,Combined TRACON& Tower with Radar,28,17,30,2,77,0,6,9,0,15,28,23,39,2,92,36,0,36,128
06/15/2023,SBN,IN,AGL,CE,Combined TRACON& Tower with Radar,32,20,28,0,80,0,4,11,0,15,32,24,39,0,95,8,0,8,103
06/16/2023,SBN,IN,AGL,CE,Combined TRACON& Tower with Radar,28,30,23,0,81,0,0,8,0,8,28,30,31,0,89,8,0,8,97
06/17/2023,SBN,IN,AGL,CE,Combined TRACON& Tower with Radar,21,19,10,0,50,0,6,23,0,29,21,25,33,0,79,24,0,24,103
06/18/2023,SBN,IN,AGL,CE,Combined TRACON& Tower with Radar,25,15,4,0,44,0,3,13,0,16,25,18,17,0,60,62,0,62,122
06/19/2023,SBN,IN,AGL,CE,Combined TRACON& Tower with Radar,26,17,17,0,60,0,10,23,0,33,26,27,40,0,93,46,0,46,139
06/20/2023,SBN,IN,AGL,CE,Combined TRACON& Tower with Radar,23,18,18,0,59,0,15,23,0,38,23,33,41,0,97,48,0,48,145
06/21/2023,SBN,IN,AGL,CE,Combined TRACON& Tower with Radar,25,26,20,0,71,0,9,11,0,20,25,35,31,0,91,32,0,32,123
06/22/2023,SBN,IN,AGL,CE,Combined TRACON& Tower with Radar,30,26,13,29,98,0,7,17,0,24,30,33,30,29,122,15,0,15,137
06/23/2023,SBN,IN,AGL,CE,Combined TRACON& Tower with Radar,28,11,13,2,54,0,8,16,2,26,28,19,29,4,80,46,0,46,126
06/24/2023,SBN,IN,AGL,CE,Combined TRACON& Tower with Radar,21,15,6,0,42,0,5,28,0,33,21,20,34,0,75,13,0,13,88
06/25/2023,SBN,IN,AGL,CE,Combined TRACON& Tower with Radar,26,16,6,0,48,0,0,3,0,3,26,16,9,0,51,14,0,14,65
06/26/2023,SBN,IN,AGL,CE,Combined TRACON& Tower with Radar,37,10,17,0,64,0,0,0,0,0,37,10,17,0,64,2,0,2,66
06/27/2023,SBN,IN,AGL,CE,Combined TRACON& Tower with Radar,25,34,19,0,78,0,0,0,0,0,25,34,19,0,78,10,0,10,88
06/28/2023,SBN,IN,AGL,CE,Combined TRACON& Tower with Radar,28,25,28,0,81,0,0,0,0,0,28,25,28,0,81,8,0,8,89
06/29/2023,SBN,IN,AGL,CE,Combined TRACON& Tower with Radar,32,18,38,0,88,0,0,2,0,2,32,18,40,0,90,0,0,0,90
06/30/2023,SBN,IN,AGL,CE,Combined TRACON& Tower with Radar,26,18,16,0,60,0,0,7,0,7,26,18,23,0,67,20,0,20,87
07/01/2023,SBN,IN,AGL,CE,Combined TRACON& Tower with Radar,20,21,15,0,56,0,0,6,0,6,20,21,21,0,62,2,0,2,64
07/02/2023,SBN,IN,AGL,CE,Combined TRACON& Tower with Radar,24,11,15,0,50,0,0,0,0,0,24,11,15,0,50,0,0,0,50
07/03/2023,SBN,IN,AGL,CE,Combined TRACON& Tower with Radar,22,19,15,0,56,0,10,17,0,27,22,29,32,0,83,42,0,42,125
07/04/2023,SBN,IN,AGL,CE,Combined TRACON& Tower with Radar,14,16,9,0,39,0,2,15,0,17,14,18,24,0,56,26,0,26,82
07/05/2023,SBN,IN,AGL,CE,Combined TRACON& Tower with Radar,29,27,9,0,65,0,4,8,2,14,29,31,17,2,79,56,0,56,135
07/06/2023,SBN,IN,AGL,CE,Combined TRACON& Tower with Radar,29,16,12,0,57,0,5,12,1,18,29,21,24,1,75,18,0,18,93
07/07/2023,SBN,IN,AGL,CE,Combined TRACON& Tower with Radar,25,17,14,0,56,0,13,31,0,44,25,30,45,0,100,70,0,70,170
07/08/2023,SBN,IN,AGL,CE,Combined TRACON& Tower with Radar,19,22,15,0,56,0,3,2,0,5,19,25,17,0,61,30,0,30,91
07/09/2023,SBN,IN,AGL,CE,Combined TRACON& Tower with Radar,27,12,8,0,47,0,0,13,1,14,27,12,21,1,61,29,0,29,90
07/10/2023,SBN,IN,AGL,CE,Combined TRACON& Tower with Radar,26,34,13,2,75,0,17,19,0,36,26,51,32,2,111,74,0,74,185
07/11/2023,SBN,IN,AGL,CE,Combined TRACON& Tower with Radar,24,25,9,0,58,0,6,10,0,16,24,31,19,0,74,16,0,16,90
07/12/2023,SBN,IN,AGL,CE,Combined TRACON& Tower with Radar,29,17,12,0,58,0,0,2,0,2,29,17,14,0,60,2,0,2,62
07/13/2023,SBN,IN,AGL,CE,Combined TRACON& Tower with Radar,33,19,8,0,60,0,0,5,0,5,33,19,13,0,65,15,0,15,80
07/14/2023,SBN,IN,AGL,CE,Combined TRACON& Tower with Radar,27,23,10,0,60,0,5,15,0,20,27,28,25,0,80,20,0,20,100
07/15/2023,SBN,IN,AGL,CE,Combined TRACON& Tower with Radar,18,19,14,0,51,0,2,7,0,9,18,21,21,0,60,8,0,8,68
07/16/2023,SBN,IN,AGL,CE,Combined TRACON& Tower with Radar,26,23,9,0,58,0,0,13,0,13,26,23,22,0,71,0,0,0,71
07/17/2023,SBN,IN,AGL,CE,Combined TRACON& Tower with Radar,26,33,12,0,71,0,2,15,0,17,26,35,27,0,88,18,0,18,106
07/18/2023,SBN,IN,AGL,CE,Combined TRACON& Tower with Radar,23,28,28,0,79,0,8,21,0,29,23,36,49,0,108,62,0,62,170
07/19/2023,SBN,IN,AGL,CE,Combined TRACON& Tower with Radar,33,30,13,0,76,0,9,15,0,24,33,39,28,0,100,45,0,45,145
07/20/2023,SBN,IN,AGL,CE,Combined TRACON& Tower with Radar,34,26,23,0,83,0,1,1,0,2,34,27,24,0,85,0,0,0,85
07/21/2023,SBN,IN,AGL,CE,Combined TRACON& Tower with Radar,26,20,29,2,77,0,3,16,0,19,26,23,45,2,96,27,0,27,123
07/22/2023,SBN,IN,AGL,CE,Combined TRACON& Tower with Radar,21,12,7,0,40,0,2,34,0,36,21,14,41,0,76,52,0,52,128
07/23/2023,SBN,IN,AGL,CE,Combined TRACON& Tower with Radar,25,16,13,0,54,0,0,12,0,12,25,16,25,0,66,51,0,51,117
07/24/2023,SBN,IN,AGL,CE,Combined TRACON& Tower with Radar,26,22,20,0,68,0,2,23,0,25,26,24,43,0,93,54,0,54,147
07/25/2023,SBN,IN,AGL,CE,Combined TRACON& Tower with Radar,24,17,20,0,61,0,0,13,0,13,24,17,33,0,74,34,0,34,108
07/26/2023,SBN,IN,AGL,CE,Combined TRACON& Tower with Radar,32,16,27,0,75,0,1,7,0,8,32,17,34,0,83,0,0,0,83
07/27/2023,SBN,IN,AGL,CE,Combined TRACON& Tower with Radar,30,18,15,0,63,0,4,28,0,32,30,22,43,0,95,59,0,59,154
07/28/2023,SBN,IN,AGL,CE,Combined TRACON& Tower with Radar,32,20,14,0,66,0,0,16,0,16,32,20,30,0,82,25,0,25,107
07/29/2023,SBN,IN,AGL,CE,Combined TRACON& Tower with Radar,19,12,16,0,47,0,0,12,0,12,19,12,28,0,59,66,0,66,125
07/30/2023,SBN,IN,AGL,CE,Combined TRACON& Tower with Radar,26,21,6,0,53,0,0,9,0,9,26,21,15,0,62,54,0,54,116
07/31/2023,SBN,IN,AGL,CE,Combined TRACON& Tower with Radar,25,19,8,0,52,0,16,35,0,51,25,35,43,0,103,82,0,82,185
08/01/2023,SBN,IN,AGL,CE,Combined TRACON& Tower with Radar,24,15,14,0,53,0,8,30,0,38,24,23,44,0,91,128,0,128,219
08/02/2023,SBN,IN,AGL,CE,Combined TRACON& Tower with Radar,26,24,19,0,69,0,3,12,0,15,26,27,31,0,84,24,0,24,108
08/03/2023,SBN,IN,AGL,CE,Combined TRACON& Tower with Radar,29,23,6,0,58,0,8,23,2,33,29,31,29,2,91,29,44,73,164
08/04/2023,SBN,IN,AGL,CE,Combined TRACON& Tower with Radar,28,16,17,0,61,0,4,22,0,26,28,20,39,0,87,34,0,34,121
08/05/2023,SBN,IN,AGL,CE,Combined TRACON& Tower with Radar,21,19,5,0,45,0,7,6,0,13,21,26,11,0,58,14,0,14,72
08/06/2023,SBN,IN,AGL,CE,Combined TRACON& Tower with Radar,27,23,13,0,63,0,0,0,0,0,27,23,13,0,63,4,0,4,67
08/07/2023,SBN,IN,AGL,CE,Combined TRACON& Tower with Radar,27,22,10,0,59,0,2,4,2,8,27,24,14,2,67,33,0,33,100
08/08/2023,SBN,IN,AGL,CE,Combined TRACON& Tower with Radar,22,20,15,0,57,0,17,36,0,53,22,37,51,0,110,205,0,205,315
08/09/2023,SBN,IN,AGL,CE,Combined TRACON& Tower with Radar,24,27,18,0,69,0,4,16,0,20,24,31,34,0,89,76,0,76,165
08/10/2023,SBN,IN,AGL,CE,Combined TRACON& Tower with Radar,32,29,18,0,79,0,3,9,0,12,32,32,27,0,91,11,0,11,102
08/11/2023,SBN,IN,AGL,CE,Combined TRACON& Tower with Radar,27,38,15,0,80,0,3,26,0,29,27,41,41,0,109,52,0,52,161
08/12/2023,SBN,IN,AGL,CE,Combined TRACON& Tower with Radar,23,23,10,0,56,0,5,55,1,61,23,28,65,1,117,147,0,147,264
08/13/2023,SBN,IN,AGL,CE,Combined TRACON& Tower with Radar,26,14,12,0,52,0,5,20,0,25,26,19,32,0,77,240,0,240,317
08/14/2023,SBN,IN,AGL,CE,Combined TRACON& Tower with Radar,28,20,19,0,67,0,0,8,0,8,28,20,27,0,75,6,0,6,81
08/15/2023,SBN,IN,AGL,CE,Combined TRACON& Tower with Radar,21,18,19,0,58,0,0,7,0,7,21,18,26,0,65,10,0,10,75
08/16/2023,SBN,IN,AGL,CE,Combined TRACON& Tower with Radar,24,20,18,0,62,0,0,27,4,31,24,20,45,4,93,30,0,30,123
08/17/2023,SBN,IN,AGL,CE,Combined TRACON& Tower with Radar,28,35,21,0,84,0,0,3,2,5,28,35,24,2,89,10,0,10,99
08/18/2023,SBN,IN,AGL,CE,Combined TRACON& Tower with Radar,27,33,20,0,80,0,1,10,5,16,27,34,30,5,96,30,0,30,126
08/19/2023,SBN,IN,AGL,CE,Combined TRACON& Tower with Radar,23,26,20,0,69,0,4,19,0,23,23,30,39,0,92,32,0,32,124
08/20/2023,SBN,IN,AGL,CE,Combined TRACON& Tower with Radar,24,46,22,0,92,0,0,13,0,13,24,46,35,0,105,54,0,54,159
08/21/2023,SBN,IN,AGL,CE,Combined TRACON& Tower with Radar,25,28,15,0,68,0,1,8,0,9,25,29,23,0,77,17,0,17,94
08/22/2023,SBN,IN,AGL,CE,Combined TRACON& Tower with Radar,21,22,30,0,73,0,3,21,0,24,21,25,51,0,97,75,0,75,172
08/23/2023,SBN,IN,AGL,CE,Combined TRACON& Tower with Radar,26,19,15,0,60,0,1,18,0,19,26,20,33,0,79,40,0,40,119
08/24/2023,SBN,IN,AGL,CE,Combined TRACON& Tower with Radar,28,22,25,0,75,0,0,13,0,13,28,22,38,0,88,30,0,30,118
08/25/2023,SBN,IN,AGL,CE,Combined TRACON& Tower with Radar,27,16,23,0,66,0,0,3,0,3,27,16,26,0,69,16,0,16,85
08/26/2023,SBN,IN,AGL,CE,Combined TRACON& Tower with Radar,25,13,17,0,55,0,2,11,0,13,25,15,28,0,68,52,0,52,120
08/27/2023,SBN,IN,AGL,CE,Combined TRACON& Tower with Radar,24,20,14,0,58,0,0,30,0,30,24,20,44,0,88,50,0,50,138
08/28/2023,SBN,IN,AGL,CE,Combined TRACON& Tower with Radar,26,13,28,0,67,0,4,19,0,23,26,17,47,0,90,29,0,29,119
08/29/2023,SBN,IN,AGL,CE,Combined TRACON& Tower with Radar,21,20,20,0,61,0,6,22,0,28,21,26,42,0,89,60,0,60,149
08/30/2023,SBN,IN,AGL,CE,Combined TRACON& Tower with Radar,22,24,9,2,57,0,5,21,0,26,22,29,30,2,83,41,0,41,124
08/31/2023,SBN,IN,AGL,CE,Combined TRACON& Tower with Radar,30,31,30,5,96,0,6,21,1,28,30,37,51,6,124,66,0,66,190
