01/01/2020,SBP,CA,AWP,WE,Federal Contract Tower,14,16,13,0,43,0,0,70,0,70,14,16,83,0,113,64,0,64,177
01/02/2020,SBP,CA,AWP,WE,Federal Contract Tower,22,24,14,0,60,0,4,72,0,76,22,28,86,0,136,24,0,24,160
01/04/2020,SBP,CA,AWP,WE,Federal Contract Tower,14,16,12,0,42,0,1,115,0,116,14,17,127,0,158,66,0,66,224
01/05/2020,SBP,CA,AWP,WE,Federal Contract Tower,16,20,19,0,55,0,0,64,0,64,16,20,83,0,119,28,0,28,147
01/06/2020,SBP,CA,AWP,WE,Federal Contract Tower,16,22,21,3,62,0,2,75,0,77,16,24,96,3,139,28,0,28,167
01/07/2020,SBP,CA,AWP,WE,Federal Contract Tower,16,20,26,2,64,0,2,86,7,95,16,22,112,9,159,96,0,96,255
01/08/2020,SBP,CA,AWP,WE,Federal Contract Tower,17,21,20,4,62,0,2,69,0,71,17,23,89,4,133,88,0,88,221
01/09/2020,SBP,CA,AWP,WE,Federal Contract Tower,18,28,25,0,71,0,2,40,0,42,18,30,65,0,113,35,0,35,148
01/10/2020,SBP,CA,AWP,WE,Federal Contract Tower,17,25,33,2,77,0,5,119,0,124,17,30,152,2,201,102,0,102,303
01/11/2020,SBP,CA,AWP,WE,Federal Contract Tower,15,14,21,0,50,0,1,113,1,115,15,15,134,1,165,66,0,66,231
01/12/2020,SBP,CA,AWP,WE,Federal Contract Tower,20,16,21,0,57,0,4,107,0,111,20,20,128,0,168,70,0,70,238
01/14/2020,SBP,CA,AWP,WE,Federal Contract Tower,17,21,22,1,61,0,8,77,4,89,17,29,99,5,150,76,0,76,226
01/15/2020,SBP,CA,AWP,WE,Federal Contract Tower,18,23,30,2,73,0,2,99,1,102,18,25,129,3,175,124,12,136,311
01/16/2020,SBP,CA,AWP,WE,Federal Contract Tower,19,27,24,0,70,0,2,13,0,15,19,29,37,0,85,26,0,26,111
01/17/2020,SBP,CA,AWP,WE,Federal Contract Tower,18,22,22,2,64,0,4,81,6,91,18,26,103,8,155,70,0,70,225
01/18/2020,SBP,CA,AWP,WE,Federal Contract Tower,15,12,32,0,59,0,1,110,0,111,15,13,142,0,170,60,0,60,230
01/19/2020,SBP,CA,AWP,WE,Federal Contract Tower,18,10,23,0,51,0,0,112,0,112,18,10,135,0,163,30,0,30,193
01/20/2020,SBP,CA,AWP,WE,Federal Contract Tower,19,19,27,0,65,0,1,71,6,78,19,20,98,6,143,40,0,40,183
01/21/2020,SBP,CA,AWP,WE,Federal Contract Tower,16,25,12,2,55,0,14,53,3,70,16,39,65,5,125,74,0,74,199
01/22/2020,SBP,CA,AWP,WE,Federal Contract Tower,18,25,26,3,72,0,4,55,6,65,18,29,81,9,137,58,0,58,195
01/23/2020,SBP,CA,AWP,WE,Federal Contract Tower,16,23,21,0,60,0,3,107,3,113,16,26,128,3,173,60,0,60,233
01/24/2020,SBP,CA,AWP,WE,Federal Contract Tower,19,27,30,0,76,0,5,86,3,94,19,32,116,3,170,78,0,78,248
01/25/2020,SBP,CA,AWP,WE,Federal Contract Tower,16,15,11,2,44,0,0,96,0,96,16,15,107,2,140,96,0,96,236
01/26/2020,SBP,CA,AWP,WE,Federal Contract Tower,18,17,17,0,52,0,0,26,0,26,18,17,43,0,78,6,0,6,84
01/27/2020,SBP,CA,AWP,WE,Federal Contract Tower,19,17,8,0,44,0,0,52,7,59,19,17,60,7,103,46,0,46,149
01/28/2020,SBP,CA,AWP,WE,Federal Contract Tower,16,22,29,4,71,0,3,68,3,74,16,25,97,7,145,72,0,72,217
01/29/2020,SBP,CA,AWP,WE,Federal Contract Tower,18,21,13,0,52,0,4,60,1,65,18,25,73,1,117,72,0,72,189
01/30/2020,SBP,CA,AWP,WE,Federal Contract Tower,20,24,29,1,74,0,5,97,10,112,20,29,126,11,186,86,0,86,272
01/31/2020,SBP,CA,AWP,WE,Federal Contract Tower,19,24,27,0,70,0,1,130,2,133,19,25,157,2,203,62,0,62,265
02/01/2020,SBP,CA,AWP,WE,Federal Contract Tower,17,13,13,0,43,0,3,105,0,108,17,16,118,0,151,74,0,74,225
02/02/2020,SBP,CA,AWP,WE,Federal Contract Tower,17,15,7,0,39,0,0,31,0,31,17,15,38,0,70,20,0,20,90
02/03/2020,SBP,CA,AWP,WE,Federal Contract Tower,20,23,8,0,51,0,0,38,0,38,20,23,46,0,89,34,0,34,123
02/04/2020,SBP,CA,AWP,WE,Federal Contract Tower,16,21,10,0,47,0,5,64,0,69,16,26,74,0,116,56,0,56,172
02/05/2020,SBP,CA,AWP,WE,Federal Contract Tower,18,24,14,2,58,0,4,100,3,107,18,28,114,5,165,118,0,118,283
02/06/2020,SBP,CA,AWP,WE,Federal Contract Tower,21,22,14,1,58,0,7,84,3,94,21,29,98,4,152,90,0,90,242
02/07/2020,SBP,CA,AWP,WE,Federal Contract Tower,18,22,22,1,63,0,3,109,0,112,18,25,131,1,175,86,0,86,261
02/08/2020,SBP,CA,AWP,WE,Federal Contract Tower,15,17,21,1,54,0,2,103,2,107,15,19,124,3,161,41,0,41,202
02/09/2020,SBP,CA,AWP,WE,Federal Contract Tower,19,21,13,0,53,0,0,57,0,57,19,21,70,0,110,58,0,58,168
02/10/2020,SBP,CA,AWP,WE,Federal Contract Tower,19,21,13,1,54,0,0,64,0,64,19,21,77,1,118,74,0,74,192
02/14/2020,SBP,CA,AWP,WE,Federal Contract Tower,19,40,26,0,85,0,3,85,0,88,19,43,111,0,173,48,0,48,221
02/15/2020,SBP,CA,AWP,WE,Federal Contract Tower,14,19,12,1,46,0,2,155,0,157,14,21,167,1,203,58,0,58,261
02/16/2020,SBP,CA,AWP,WE,Federal Contract Tower,17,16,15,0,48,0,0,116,0,116,17,16,131,0,164,40,24,64,228
02/17/2020,SBP,CA,AWP,WE,Federal Contract Tower,19,18,25,1,63,0,2,105,0,107,19,20,130,1,170,60,0,60,230
02/18/2020,SBP,CA,AWP,WE,Federal Contract Tower,18,21,8,2,49,0,6,58,1,65,18,27,66,3,114,100,0,100,214
02/19/2020,SBP,CA,AWP,WE,Federal Contract Tower,15,30,20,4,69,0,3,80,4,87,15,33,100,8,156,104,0,104,260
02/20/2020,SBP,CA,AWP,WE,Federal Contract Tower,22,25,23,2,72,0,2,121,3,126,22,27,144,5,198,130,0,130,328
02/21/2020,SBP,CA,AWP,WE,Federal Contract Tower,18,23,28,5,74,0,1,102,2,105,18,24,130,7,179,118,0,118,297
02/22/2020,SBP,CA,AWP,WE,Federal Contract Tower,14,15,17,0,46,0,0,48,0,48,14,15,65,0,94,134,0,134,228
02/23/2020,SBP,CA,AWP,WE,Federal Contract Tower,14,17,21,0,52,0,0,120,1,121,14,17,141,1,173,64,0,64,237
02/24/2020,SBP,CA,AWP,WE,Federal Contract Tower,15,21,16,2,54,0,1,89,1,91,15,22,105,3,145,34,0,34,179
02/25/2020,SBP,CA,AWP,WE,Federal Contract Tower,19,25,15,4,63,0,4,95,4,103,19,29,110,8,166,26,0,26,192
02/26/2020,SBP,CA,AWP,WE,Federal Contract Tower,14,23,19,0,56,0,1,78,0,79,14,24,97,0,135,86,0,86,221
02/27/2020,SBP,CA,AWP,WE,Federal Contract Tower,19,25,18,1,63,0,0,112,1,113,19,25,130,2,176,92,0,92,268
02/28/2020,SBP,CA,AWP,WE,Federal Contract Tower,18,21,17,0,56,0,5,129,0,134,18,26,146,0,190,68,0,68,258
02/29/2020,SBP,CA,AWP,WE,Federal Contract Tower,14,15,31,2,62,0,0,87,2,89,14,15,118,4,151,156,0,156,307
03/01/2020,SBP,CA,AWP,WE,Federal Contract Tower,18,19,17,0,54,0,0,36,0,36,18,19,53,0,90,38,0,38,128
03/02/2020,SBP,CA,AWP,WE,Federal Contract Tower,18,20,12,7,57,0,0,57,1,58,18,20,69,8,115,104,2,106,221
03/03/2020,SBP,CA,AWP,WE,Federal Contract Tower,19,24,11,0,54,0,2,71,0,73,19,26,82,0,127,48,0,48,175
03/04/2020,SBP,CA,AWP,WE,Federal Contract Tower,14,27,16,1,58,0,4,90,5,99,14,31,106,6,157,82,0,82,239
03/05/2020,SBP,CA,AWP,WE,Federal Contract Tower,13,26,28,0,67,0,0,74,0,74,13,26,102,0,141,126,0,126,267
03/06/2020,SBP,CA,AWP,WE,Federal Contract Tower,12,26,23,0,61,0,0,105,0,105,12,26,128,0,166,128,0,128,294
03/07/2020,SBP,CA,AWP,WE,Federal Contract Tower,13,17,18,0,48,0,0,23,0,23,13,17,41,0,71,52,0,52,123
03/08/2020,SBP,CA,AWP,WE,Federal Contract Tower,13,18,25,0,56,0,0,78,0,78,13,18,103,0,134,74,0,74,208
03/09/2020,SBP,CA,AWP,WE,Federal Contract Tower,14,21,9,2,46,0,0,48,0,48,14,21,57,2,94,92,0,92,186
03/10/2020,SBP,CA,AWP,WE,Federal Contract Tower,15,23,7,4,49,0,0,15,0,15,15,23,22,4,64,0,0,0,64
03/11/2020,SBP,CA,AWP,WE,Federal Contract Tower,15,26,20,0,61,0,0,32,0,32,15,26,52,0,93,50,0,50,143
03/12/2020,SBP,CA,AWP,WE,Federal Contract Tower,13,24,23,2,62,0,2,91,0,93,13,26,114,2,155,144,2,146,301
03/13/2020,SBP,CA,AWP,WE,Federal Contract Tower,13,29,30,2,74,0,0,18,9,27,13,29,48,11,101,126,0,126,227
03/14/2020,SBP,CA,AWP,WE,Federal Contract Tower,15,23,15,0,53,0,0,14,0,14,15,23,29,0,67,50,0,50,117
03/15/2020,SBP,CA,AWP,WE,Federal Contract Tower,14,19,11,0,44,0,0,5,0,5,14,19,16,0,49,14,0,14,63
03/16/2020,SBP,CA,AWP,WE,Federal Contract Tower,13,20,17,0,50,0,0,2,0,2,13,20,19,0,52,10,0,10,62
03/17/2020,SBP,CA,AWP,WE,Federal Contract Tower,14,26,9,2,51,0,2,35,0,37,14,28,44,2,88,42,0,42,130
03/18/2020,SBP,CA,AWP,WE,Federal Contract Tower,13,24,7,0,44,0,3,73,2,78,13,27,80,2,122,54,0,54,176
03/19/2020,SBP,CA,AWP,WE,Federal Contract Tower,13,19,6,0,38,0,4,51,0,55,13,23,57,0,93,118,0,118,211
03/20/2020,SBP,CA,AWP,WE,Federal Contract Tower,22,22,6,3,53,0,0,23,0,23,22,22,29,3,76,24,0,24,100
03/21/2020,SBP,CA,AWP,WE,Federal Contract Tower,14,9,9,0,32,0,0,42,0,42,14,9,51,0,74,32,0,32,106
03/22/2020,SBP,CA,AWP,WE,Federal Contract Tower,13,10,4,0,27,0,0,14,0,14,13,10,18,0,41,12,0,12,53
03/23/2020,SBP,CA,AWP,WE,Federal Contract Tower,11,13,2,3,29,0,0,3,0,3,11,13,5,3,32,2,0,2,34
03/24/2020,SBP,CA,AWP,WE,Federal Contract Tower,11,22,9,0,42,0,2,4,0,6,11,24,13,0,48,0,0,0,48
03/25/2020,SBP,CA,AWP,WE,Federal Contract Tower,11,23,1,0,35,0,4,11,0,15,11,27,12,0,50,0,0,0,50
03/26/2020,SBP,CA,AWP,WE,Federal Contract Tower,11,18,8,0,37,0,3,18,0,21,11,21,26,0,58,4,0,4,62
03/27/2020,SBP,CA,AWP,WE,Federal Contract Tower,13,22,7,1,43,0,3,63,1,67,13,25,70,2,110,12,2,14,124
03/28/2020,SBP,CA,AWP,WE,Federal Contract Tower,11,10,5,2,28,0,1,44,0,45,11,11,49,2,73,32,0,32,105
03/29/2020,SBP,CA,AWP,WE,Federal Contract Tower,11,8,1,0,20,0,0,23,0,23,11,8,24,0,43,32,0,32,75
03/30/2020,SBP,CA,AWP,WE,Federal Contract Tower,12,7,5,0,24,0,1,37,0,38,12,8,42,0,62,0,0,0,62
03/31/2020,SBP,CA,AWP,WE,Federal Contract Tower,13,14,4,0,31,0,3,30,0,33,13,17,34,0,64,0,0,0,64
04/01/2020,SBP,CA,AWP,WE,Federal Contract Tower,12,13,3,4,32,0,9,23,3,35,12,22,26,7,67,4,0,4,71
04/03/2020,SBP,CA,AWP,WE,Federal Contract Tower,8,14,6,0,28,0,4,70,0,74,8,18,76,0,102,24,0,24,126
04/04/2020,SBP,CA,AWP,WE,Federal Contract Tower,8,5,14,0,27,0,1,74,0,75,8,6,88,0,102,18,0,18,120
04/05/2020,SBP,CA,AWP,WE,Federal Contract Tower,8,5,4,0,17,0,0,0,0,0,8,5,4,0,17,0,0,0,17
04/06/2020,SBP,CA,AWP,WE,Federal Contract Tower,6,10,13,0,29,0,0,8,0,8,6,10,21,0,37,0,0,0,37
04/07/2020,SBP,CA,AWP,WE,Federal Contract Tower,3,13,2,0,18,2,16,2,0,20,5,29,4,0,38,0,0,0,38
04/08/2020,SBP,CA,AWP,WE,Federal Contract Tower,6,12,3,2,23,0,2,8,2,12,6,14,11,4,35,16,0,16,51
04/09/2020,SBP,CA,AWP,WE,Federal Contract Tower,4,15,6,0,25,0,0,2,2,4,4,15,8,2,29,42,0,42,71
04/10/2020,SBP,CA,AWP,WE,Federal Contract Tower,6,11,1,1,19,0,2,41,1,44,6,13,42,2,63,24,0,24,87
04/11/2020,SBP,CA,AWP,WE,Federal Contract Tower,6,7,10,0,23,0,1,83,0,84,6,8,93,0,107,18,0,18,125
04/12/2020,SBP,CA,AWP,WE,Federal Contract Tower,6,2,6,0,14,0,0,4,0,4,6,2,10,0,18,10,0,10,28
04/13/2020,SBP,CA,AWP,WE,Federal Contract Tower,5,5,23,0,33,0,0,0,0,0,5,5,23,0,33,0,0,0,33
04/14/2020,SBP,CA,AWP,WE,Federal Contract Tower,6,12,14,0,32,0,1,73,4,78,6,13,87,4,110,34,0,34,144
04/15/2020,SBP,CA,AWP,WE,Federal Contract Tower,4,14,4,1,23,0,2,86,6,94,4,16,90,7,117,10,0,10,127
04/16/2020,SBP,CA,AWP,WE,Federal Contract Tower,6,16,19,0,41,0,0,34,2,36,6,16,53,2,77,2,0,2,79
04/17/2020,SBP,CA,AWP,WE,Federal Contract Tower,7,16,7,0,30,0,0,15,2,17,7,16,22,2,47,20,0,20,67
04/18/2020,SBP,CA,AWP,WE,Federal Contract Tower,6,5,12,0,23,0,1,27,2,30,6,6,39,2,53,6,0,6,59
04/19/2020,SBP,CA,AWP,WE,Federal Contract Tower,6,5,8,0,19,0,0,51,2,53,6,5,59,2,72,10,0,10,82
04/20/2020,SBP,CA,AWP,WE,Federal Contract Tower,8,8,17,2,35,0,0,4,1,5,8,8,21,3,40,0,0,0,40
04/21/2020,SBP,CA,AWP,WE,Federal Contract Tower,3,12,7,3,25,0,2,32,1,35,3,14,39,4,60,10,0,10,70
04/22/2020,SBP,CA,AWP,WE,Federal Contract Tower,6,11,5,1,23,0,4,59,3,66,6,15,64,4,89,12,0,12,101
04/23/2020,SBP,CA,AWP,WE,Federal Contract Tower,5,9,5,2,21,2,2,41,2,47,7,11,46,4,68,10,0,10,78
04/24/2020,SBP,CA,AWP,WE,Federal Contract Tower,7,7,7,2,23,0,6,94,0,100,7,13,101,2,123,22,0,22,145
04/25/2020,SBP,CA,AWP,WE,Federal Contract Tower,6,4,2,0,12,0,3,123,0,126,6,7,125,0,138,34,0,34,172
04/26/2020,SBP,CA,AWP,WE,Federal Contract Tower,8,5,6,0,19,0,2,85,0,87,8,7,91,0,106,58,0,58,164
04/27/2020,SBP,CA,AWP,WE,Federal Contract Tower,7,10,7,0,24,0,3,45,0,48,7,13,52,0,72,12,0,12,84
04/28/2020,SBP,CA,AWP,WE,Federal Contract Tower,4,10,6,2,22,0,4,79,2,85,4,14,85,4,107,66,0,66,173
04/29/2020,SBP,CA,AWP,WE,Federal Contract Tower,9,14,9,2,34,3,8,59,2,72,12,22,68,4,106,46,0,46,152
04/30/2020,SBP,CA,AWP,WE,Federal Contract Tower,7,12,7,1,27,0,0,40,3,43,7,12,47,4,70,8,6,14,84
05/01/2020,SBP,CA,AWP,WE,Federal Contract Tower,7,12,4,0,23,0,5,58,0,63,7,17,62,0,86,38,0,38,124
05/02/2020,SBP,CA,AWP,WE,Federal Contract Tower,4,6,19,0,29,0,1,74,0,75,4,7,93,0,104,50,0,50,154
05/03/2020,SBP,CA,AWP,WE,Federal Contract Tower,7,1,9,0,17,0,1,60,0,61,7,2,69,0,78,68,0,68,146
05/04/2020,SBP,CA,AWP,WE,Federal Contract Tower,7,10,8,4,29,0,0,61,0,61,7,10,69,4,90,28,0,28,118
05/05/2020,SBP,CA,AWP,WE,Federal Contract Tower,6,13,11,0,30,0,3,60,0,63,6,16,71,0,93,30,0,30,123
05/06/2020,SBP,CA,AWP,WE,Federal Contract Tower,7,12,2,4,25,0,2,51,0,53,7,14,53,4,78,22,0,22,100
05/07/2020,SBP,CA,AWP,WE,Federal Contract Tower,9,11,11,2,33,0,5,80,3,88,9,16,91,5,121,48,0,48,169
05/08/2020,SBP,CA,AWP,WE,Federal Contract Tower,8,11,7,0,26,0,6,106,0,112,8,17,113,0,138,90,0,90,228
05/09/2020,SBP,CA,AWP,WE,Federal Contract Tower,7,8,11,0,26,0,0,83,0,83,7,8,94,0,109,140,0,140,249
05/10/2020,SBP,CA,AWP,WE,Federal Contract Tower,9,4,16,0,29,0,0,36,0,36,9,4,52,0,65,40,0,40,105
05/11/2020,SBP,CA,AWP,WE,Federal Contract Tower,10,6,10,0,26,0,0,49,0,49,10,6,59,0,75,62,0,62,137
05/12/2020,SBP,CA,AWP,WE,Federal Contract Tower,5,11,14,0,30,0,2,47,0,49,5,13,61,0,79,86,0,86,165
05/13/2020,SBP,CA,AWP,WE,Federal Contract Tower,10,10,12,2,34,0,1,73,0,74,10,11,85,2,108,116,0,116,224
05/14/2020,SBP,CA,AWP,WE,Federal Contract Tower,10,8,2,2,22,0,4,89,2,95,10,12,91,4,117,58,0,58,175
05/15/2020,SBP,CA,AWP,WE,Federal Contract Tower,9,8,14,0,31,0,5,87,2,94,9,13,101,2,125,70,0,70,195
05/16/2020,SBP,CA,AWP,WE,Federal Contract Tower,10,3,13,0,26,0,1,82,1,84,10,4,95,1,110,68,0,68,178
05/17/2020,SBP,CA,AWP,WE,Federal Contract Tower,9,6,12,0,27,0,3,44,0,47,9,9,56,0,74,92,0,92,166
05/18/2020,SBP,CA,AWP,WE,Federal Contract Tower,11,5,7,2,25,0,0,25,0,25,11,5,32,2,50,72,0,72,122
05/19/2020,SBP,CA,AWP,WE,Federal Contract Tower,6,11,8,0,25,0,2,72,0,74,6,13,80,0,99,86,0,86,185
05/20/2020,SBP,CA,AWP,WE,Federal Contract Tower,11,13,14,1,39,0,2,90,2,94,11,15,104,3,133,60,0,60,193
05/21/2020,SBP,CA,AWP,WE,Federal Contract Tower,11,10,8,0,29,0,4,76,2,82,11,14,84,2,111,110,0,110,221
05/22/2020,SBP,CA,AWP,WE,Federal Contract Tower,8,13,11,0,32,0,4,78,0,82,8,17,89,0,114,52,0,52,166
05/23/2020,SBP,CA,AWP,WE,Federal Contract Tower,9,5,13,0,27,0,1,112,0,113,9,6,125,0,140,24,0,24,164
05/24/2020,SBP,CA,AWP,WE,Federal Contract Tower,11,3,11,0,25,0,1,109,0,110,11,4,120,0,135,62,0,62,197
05/25/2020,SBP,CA,AWP,WE,Federal Contract Tower,9,5,16,0,30,0,0,103,0,103,9,5,119,0,133,108,0,108,241
05/26/2020,SBP,CA,AWP,WE,Federal Contract Tower,7,6,11,0,24,0,0,98,0,98,7,6,109,0,122,104,0,104,226
05/27/2020,SBP,CA,AWP,WE,Federal Contract Tower,13,8,14,4,39,0,4,111,0,115,13,12,125,4,154,102,2,104,258
05/28/2020,SBP,CA,AWP,WE,Federal Contract Tower,9,13,11,0,33,0,6,84,0,90,9,19,95,0,123,168,0,168,291
05/29/2020,SBP,CA,AWP,WE,Federal Contract Tower,8,14,30,0,52,0,0,24,0,24,8,14,54,0,76,44,0,44,120
05/30/2020,SBP,CA,AWP,WE,Federal Contract Tower,8,3,21,0,32,0,1,26,0,27,8,4,47,0,59,32,0,32,91
05/31/2020,SBP,CA,AWP,WE,Federal Contract Tower,12,2,22,0,36,0,0,89,0,89,12,2,111,0,125,68,0,68,193
06/01/2020,SBP,CA,AWP,WE,Federal Contract Tower,8,4,21,0,33,0,7,54,0,61,8,11,75,0,94,48,0,48,142
06/03/2020,SBP,CA,AWP,WE,Federal Contract Tower,6,21,8,4,39,0,8,49,4,61,6,29,57,8,100,36,0,36,136
06/04/2020,SBP,CA,AWP,WE,Federal Contract Tower,8,11,13,1,33,0,9,60,0,69,8,20,73,1,102,150,4,154,256
06/05/2020,SBP,CA,AWP,WE,Federal Contract Tower,5,12,29,0,46,0,3,27,0,30,5,15,56,0,76,146,0,146,222
06/06/2020,SBP,CA,AWP,WE,Federal Contract Tower,8,3,20,3,34,0,3,103,1,107,8,6,123,4,141,72,0,72,213
06/07/2020,SBP,CA,AWP,WE,Federal Contract Tower,5,2,14,0,21,0,1,24,0,25,5,3,38,0,46,66,0,66,112
06/08/2020,SBP,CA,AWP,WE,Federal Contract Tower,6,6,5,0,17,0,1,70,0,71,6,7,75,0,88,76,0,76,164
06/09/2020,SBP,CA,AWP,WE,Federal Contract Tower,8,15,6,2,31,0,4,103,0,107,8,19,109,2,138,130,0,130,268
06/10/2020,SBP,CA,AWP,WE,Federal Contract Tower,7,13,6,0,26,0,3,91,0,94,7,16,97,0,120,120,0,120,240
06/11/2020,SBP,CA,AWP,WE,Federal Contract Tower,9,12,9,0,30,0,6,109,4,119,9,18,118,4,149,146,0,146,295
06/12/2020,SBP,CA,AWP,WE,Federal Contract Tower,6,13,22,0,41,0,1,89,0,90,6,14,111,0,131,56,0,56,187
06/13/2020,SBP,CA,AWP,WE,Federal Contract Tower,7,8,9,0,24,0,2,131,0,133,7,10,140,0,157,40,0,40,197
06/14/2020,SBP,CA,AWP,WE,Federal Contract Tower,8,4,9,0,21,0,0,113,0,113,8,4,122,0,134,72,0,72,206
06/15/2020,SBP,CA,AWP,WE,Federal Contract Tower,6,10,7,0,23,0,4,62,0,66,6,14,69,0,89,98,2,100,189
06/16/2020,SBP,CA,AWP,WE,Federal Contract Tower,9,8,6,1,24,0,6,82,0,88,9,14,88,1,112,104,0,104,216
06/17/2020,SBP,CA,AWP,WE,Federal Contract Tower,7,13,17,1,38,0,4,111,4,119,7,17,128,5,157,114,0,114,271
06/18/2020,SBP,CA,AWP,WE,Federal Contract Tower,8,11,17,1,37,0,3,108,2,113,8,14,125,3,150,86,0,86,236
06/19/2020,SBP,CA,AWP,WE,Federal Contract Tower,7,12,36,0,55,0,1,64,0,65,7,13,100,0,120,78,0,78,198
06/20/2020,SBP,CA,AWP,WE,Federal Contract Tower,6,9,26,0,41,0,3,83,0,86,6,12,109,0,127,72,0,72,199
06/21/2020,SBP,CA,AWP,WE,Federal Contract Tower,7,3,18,0,28,0,1,106,0,107,7,4,124,0,135,66,0,66,201
06/22/2020,SBP,CA,AWP,WE,Federal Contract Tower,7,7,29,0,43,0,1,68,1,70,7,8,97,1,113,110,0,110,223
06/23/2020,SBP,CA,AWP,WE,Federal Contract Tower,9,15,16,0,40,0,2,94,9,105,9,17,110,9,145,114,0,114,259
06/24/2020,SBP,CA,AWP,WE,Federal Contract Tower,6,16,16,3,41,0,0,99,1,100,6,16,115,4,141,98,0,98,239
06/25/2020,SBP,CA,AWP,WE,Federal Contract Tower,9,12,32,1,54,0,0,67,1,68,9,12,99,2,122,60,0,60,182
06/26/2020,SBP,CA,AWP,WE,Federal Contract Tower,6,13,19,2,40,0,1,121,2,124,6,14,140,4,164,158,0,158,322
06/27/2020,SBP,CA,AWP,WE,Federal Contract Tower,7,7,17,2,33,0,0,95,1,96,7,7,112,3,129,92,0,92,221
06/28/2020,SBP,CA,AWP,WE,Federal Contract Tower,7,6,22,1,36,0,1,33,0,34,7,7,55,1,70,90,0,90,160
06/29/2020,SBP,CA,AWP,WE,Federal Contract Tower,7,5,13,1,26,0,2,107,0,109,7,7,120,1,135,114,0,114,249
06/30/2020,SBP,CA,AWP,WE,Federal Contract Tower,8,10,17,0,35,0,7,92,0,99,8,17,109,0,134,128,0,128,262
07/01/2020,SBP,CA,AWP,WE,Federal Contract Tower,4,15,34,0,53,0,0,61,0,61,4,15,95,0,114,96,0,96,210
07/02/2020,SBP,CA,AWP,WE,Federal Contract Tower,8,14,23,5,50,0,1,68,0,69,8,15,91,5,119,66,0,66,185
07/03/2020,SBP,CA,AWP,WE,Federal Contract Tower,4,19,16,0,39,0,0,97,0,97,4,19,113,0,136,128,0,128,264
07/04/2020,SBP,CA,AWP,WE,Federal Contract Tower,7,4,11,0,22,0,1,112,0,113,7,5,123,0,135,24,0,24,159
07/05/2020,SBP,CA,AWP,WE,Federal Contract Tower,10,1,17,0,28,0,1,88,0,89,10,2,105,0,117,18,0,18,135
07/06/2020,SBP,CA,AWP,WE,Federal Contract Tower,5,8,11,0,24,0,1,80,1,82,5,9,91,1,106,122,0,122,228
07/07/2020,SBP,CA,AWP,WE,Federal Contract Tower,7,21,15,0,43,0,6,76,2,84,7,27,91,2,127,134,0,134,261
07/08/2020,SBP,CA,AWP,WE,Federal Contract Tower,8,17,14,0,39,0,1,75,0,76,8,18,89,0,115,64,0,64,179
07/09/2020,SBP,CA,AWP,WE,Federal Contract Tower,10,23,24,2,59,0,0,115,1,116,10,23,139,3,175,138,0,138,313
07/10/2020,SBP,CA,AWP,WE,Federal Contract Tower,9,12,18,1,40,0,5,111,1,117,9,17,129,2,157,122,0,122,279
07/11/2020,SBP,CA,AWP,WE,Federal Contract Tower,7,11,10,0,28,0,1,149,0,150,7,12,159,0,178,90,0,90,268
07/12/2020,SBP,CA,AWP,WE,Federal Contract Tower,8,6,19,0,33,0,1,96,0,97,8,7,115,0,130,108,0,108,238
07/13/2020,SBP,CA,AWP,WE,Federal Contract Tower,9,12,15,0,36,0,1,91,0,92,9,13,106,0,128,78,0,78,206
07/14/2020,SBP,CA,AWP,WE,Federal Contract Tower,10,13,30,1,54,0,1,55,0,56,10,14,85,1,110,138,0,138,248
07/15/2020,SBP,CA,AWP,WE,Federal Contract Tower,8,19,19,1,47,0,0,76,1,77,8,19,95,2,124,116,0,116,240
07/16/2020,SBP,CA,AWP,WE,Federal Contract Tower,8,19,17,2,46,0,3,87,1,91,8,22,104,3,137,144,0,144,281
07/17/2020,SBP,CA,AWP,WE,Federal Contract Tower,9,17,21,2,49,0,1,81,0,82,9,18,102,2,131,136,0,136,267
07/18/2020,SBP,CA,AWP,WE,Federal Contract Tower,8,12,29,0,49,0,1,94,0,95,8,13,123,0,144,96,0,96,240
07/19/2020,SBP,CA,AWP,WE,Federal Contract Tower,10,8,17,0,35,0,0,93,0,93,10,8,110,0,128,66,0,66,194
07/21/2020,SBP,CA,AWP,WE,Federal Contract Tower,8,21,16,2,47,0,0,76,0,76,8,21,92,2,123,142,0,142,265
07/22/2020,SBP,CA,AWP,WE,Federal Contract Tower,8,21,26,2,57,0,3,84,0,87,8,24,110,2,144,150,0,150,294
07/23/2020,SBP,CA,AWP,WE,Federal Contract Tower,8,19,28,0,55,0,0,90,0,90,8,19,118,0,145,100,0,100,245
07/24/2020,SBP,CA,AWP,WE,Federal Contract Tower,9,20,29,0,58,0,2,115,0,117,9,22,144,0,175,90,0,90,265
07/25/2020,SBP,CA,AWP,WE,Federal Contract Tower,9,12,29,0,50,0,0,70,0,70,9,12,99,0,120,54,0,54,174
07/26/2020,SBP,CA,AWP,WE,Federal Contract Tower,6,9,22,0,37,0,1,111,4,116,6,10,133,4,153,78,0,78,231
07/27/2020,SBP,CA,AWP,WE,Federal Contract Tower,11,12,20,0,43,0,1,72,0,73,11,13,92,0,116,188,0,188,304
07/28/2020,SBP,CA,AWP,WE,Federal Contract Tower,9,22,22,2,55,0,3,90,0,93,9,25,112,2,148,174,0,174,322
07/29/2020,SBP,CA,AWP,WE,Federal Contract Tower,7,16,31,1,55,0,0,100,2,102,7,16,131,3,157,174,0,174,331
07/30/2020,SBP,CA,AWP,WE,Federal Contract Tower,8,21,13,0,42,0,1,82,0,83,8,22,95,0,125,52,0,52,177
07/31/2020,SBP,CA,AWP,WE,Federal Contract Tower,7,22,21,0,50,0,1,104,0,105,7,23,125,0,155,106,0,106,261
08/01/2020,SBP,CA,AWP,WE,Federal Contract Tower,8,13,14,0,35,0,1,104,0,105,8,14,118,0,140,46,0,46,186
08/02/2020,SBP,CA,AWP,WE,Federal Contract Tower,9,6,9,0,24,0,1,106,0,107,9,7,115,0,131,100,0,100,231
08/03/2020,SBP,CA,AWP,WE,Federal Contract Tower,12,14,11,0,37,0,1,84,3,88,12,15,95,3,125,90,0,90,215
08/04/2020,SBP,CA,AWP,WE,Federal Contract Tower,11,23,9,3,46,0,1,62,2,65,11,24,71,5,111,118,8,126,237
08/05/2020,SBP,CA,AWP,WE,Federal Contract Tower,10,21,26,1,58,0,0,71,0,71,10,21,97,1,129,96,0,96,225
08/06/2020,SBP,CA,AWP,WE,Federal Contract Tower,9,20,15,2,46,0,2,61,2,65,9,22,76,4,111,130,0,130,241
08/07/2020,SBP,CA,AWP,WE,Federal Contract Tower,11,15,16,1,43,0,1,95,0,96,11,16,111,1,139,102,0,102,241
08/08/2020,SBP,CA,AWP,WE,Federal Contract Tower,10,13,11,0,34,0,0,150,0,150,10,13,161,0,184,80,0,80,264
08/09/2020,SBP,CA,AWP,WE,Federal Contract Tower,10,6,21,2,39,0,1,146,0,147,10,7,167,2,186,104,0,104,290
08/10/2020,SBP,CA,AWP,WE,Federal Contract Tower,9,15,15,8,47,0,0,100,1,101,9,15,115,9,148,96,0,96,244
08/11/2020,SBP,CA,AWP,WE,Federal Contract Tower,10,23,29,0,62,0,0,86,0,86,10,23,115,0,148,114,0,114,262
08/12/2020,SBP,CA,AWP,WE,Federal Contract Tower,10,20,16,0,46,0,2,85,0,87,10,22,101,0,133,94,0,94,227
08/13/2020,SBP,CA,AWP,WE,Federal Contract Tower,10,19,13,0,42,0,5,55,0,60,10,24,68,0,102,32,0,32,134
08/14/2020,SBP,CA,AWP,WE,Federal Contract Tower,8,14,24,1,47,0,5,95,2,102,8,19,119,3,149,146,4,150,299
08/15/2020,SBP,CA,AWP,WE,Federal Contract Tower,9,16,12,1,38,0,1,107,0,108,9,17,119,1,146,60,0,60,206
08/16/2020,SBP,CA,AWP,WE,Federal Contract Tower,10,8,19,0,37,0,2,116,0,118,10,10,135,0,155,76,0,76,231
08/17/2020,SBP,CA,AWP,WE,Federal Contract Tower,10,14,18,0,42,0,1,106,4,111,10,15,124,4,153,136,0,136,289
08/18/2020,SBP,CA,AWP,WE,Federal Contract Tower,8,15,15,2,40,0,8,75,0,83,8,23,90,2,123,96,0,96,219
08/19/2020,SBP,CA,AWP,WE,Federal Contract Tower,7,20,31,0,58,0,0,10,0,10,7,20,41,0,68,36,0,36,104
08/20/2020,SBP,CA,AWP,WE,Federal Contract Tower,10,27,31,0,68,0,0,4,0,4,10,27,35,0,72,30,0,30,102
08/21/2020,SBP,CA,AWP,WE,Federal Contract Tower,9,19,27,2,57,0,1,14,0,15,9,20,41,2,72,20,0,20,92
08/22/2020,SBP,CA,AWP,WE,Federal Contract Tower,8,15,23,2,48,0,1,46,0,47,8,16,69,2,95,90,0,90,185
08/23/2020,SBP,CA,AWP,WE,Federal Contract Tower,9,8,18,2,37,0,0,63,1,64,9,8,81,3,101,14,0,14,115
08/24/2020,SBP,CA,AWP,WE,Federal Contract Tower,10,14,19,0,43,0,3,66,1,70,10,17,85,1,113,114,0,114,227
08/25/2020,SBP,CA,AWP,WE,Federal Contract Tower,10,26,25,0,61,0,0,49,0,49,10,26,74,0,110,54,0,54,164
08/26/2020,SBP,CA,AWP,WE,Federal Contract Tower,11,31,13,1,56,0,0,66,3,69,11,31,79,4,125,143,0,143,268
08/27/2020,SBP,CA,AWP,WE,Federal Contract Tower,10,24,18,1,53,0,1,94,1,96,10,25,112,2,149,98,6,104,253
08/28/2020,SBP,CA,AWP,WE,Federal Contract Tower,9,13,20,0,42,1,2,126,3,132,10,15,146,3,174,126,0,126,300
08/29/2020,SBP,CA,AWP,WE,Federal Contract Tower,8,11,22,0,41,0,1,92,2,95,8,12,114,2,136,106,0,106,242
08/30/2020,SBP,CA,AWP,WE,Federal Contract Tower,9,9,35,2,55,0,0,82,1,83,9,9,117,3,138,60,0,60,198
08/31/2020,SBP,CA,AWP,WE,Federal Contract Tower,9,15,28,4,56,0,0,54,0,54,9,15,82,4,110,78,0,78,188
09/01/2020,SBP,CA,AWP,WE,Federal Contract Tower,10,26,22,0,58,0,1,31,0,32,10,27,53,0,90,102,0,102,192
09/02/2020,SBP,CA,AWP,WE,Federal Contract Tower,8,20,16,0,44,0,2,88,0,90,8,22,104,0,134,134,0,134,268
09/03/2020,SBP,CA,AWP,WE,Federal Contract Tower,11,18,32,2,63,0,3,90,0,93,11,21,122,2,156,118,0,118,274
09/04/2020,SBP,CA,AWP,WE,Federal Contract Tower,7,19,21,0,47,0,2,105,1,108,7,21,126,1,155,48,12,60,215
09/05/2020,SBP,CA,AWP,WE,Federal Contract Tower,8,13,22,0,43,0,0,132,0,132,8,13,154,0,175,80,0,80,255
09/06/2020,SBP,CA,AWP,WE,Federal Contract Tower,7,8,13,0,28,0,4,61,0,65,7,12,74,0,93,50,0,50,143
09/07/2020,SBP,CA,AWP,WE,Federal Contract Tower,10,9,11,0,30,0,0,72,5,77,10,9,83,5,107,26,0,26,133
09/09/2020,SBP,CA,AWP,WE,Federal Contract Tower,12,22,23,2,59,0,1,56,0,57,12,23,79,2,116,64,0,64,180
09/10/2020,SBP,CA,AWP,WE,Federal Contract Tower,11,14,14,0,39,0,0,46,0,46,11,14,60,0,85,78,0,78,163
09/11/2020,SBP,CA,AWP,WE,Federal Contract Tower,7,23,23,4,57,0,0,17,0,17,7,23,40,4,74,30,0,30,104
09/12/2020,SBP,CA,AWP,WE,Federal Contract Tower,9,11,12,0,32,0,0,26,0,26,9,11,38,0,58,28,0,28,86
09/13/2020,SBP,CA,AWP,WE,Federal Contract Tower,9,13,33,0,55,0,0,10,0,10,9,13,43,0,65,8,0,8,73
09/14/2020,SBP,CA,AWP,WE,Federal Contract Tower,10,17,29,0,56,0,0,10,0,10,10,17,39,0,66,10,0,10,76
09/15/2020,SBP,CA,AWP,WE,Federal Contract Tower,8,20,22,2,52,0,3,39,0,42,8,23,61,2,94,106,0,106,200
09/16/2020,SBP,CA,AWP,WE,Federal Contract Tower,12,15,15,3,45,0,2,74,3,79,12,17,89,6,124,78,4,82,206
09/17/2020,SBP,CA,AWP,WE,Federal Contract Tower,11,15,23,1,50,0,5,62,1,68,11,20,85,2,118,120,0,120,238
09/18/2020,SBP,CA,AWP,WE,Federal Contract Tower,7,15,14,0,36,0,5,86,1,92,7,20,100,1,128,76,0,76,204
09/19/2020,SBP,CA,AWP,WE,Federal Contract Tower,10,13,7,0,30,0,0,124,0,124,10,13,131,0,154,80,0,80,234
09/20/2020,SBP,CA,AWP,WE,Federal Contract Tower,11,9,17,0,37,0,1,100,0,101,11,10,117,0,138,90,0,90,228
09/21/2020,SBP,CA,AWP,WE,Federal Contract Tower,11,11,12,0,34,0,2,67,0,69,11,13,79,0,103,164,0,164,267
09/22/2020,SBP,CA,AWP,WE,Federal Contract Tower,6,23,27,1,57,0,0,78,0,78,6,23,105,1,135,84,2,86,221
09/23/2020,SBP,CA,AWP,WE,Federal Contract Tower,11,9,19,2,41,0,2,99,2,103,11,11,118,4,144,108,2,110,254
09/24/2020,SBP,CA,AWP,WE,Federal Contract Tower,12,14,14,2,42,0,1,80,0,81,12,15,94,2,123,96,0,96,219
09/25/2020,SBP,CA,AWP,WE,Federal Contract Tower,9,18,18,2,47,0,2,95,3,100,9,20,113,5,147,98,2,100,247
09/26/2020,SBP,CA,AWP,WE,Federal Contract Tower,9,10,15,0,34,0,2,71,7,80,9,12,86,7,114,28,26,54,168
09/27/2020,SBP,CA,AWP,WE,Federal Contract Tower,10,11,8,0,29,0,2,128,0,130,10,13,136,0,159,50,0,50,209
09/28/2020,SBP,CA,AWP,WE,Federal Contract Tower,9,12,22,5,48,0,0,75,3,78,9,12,97,8,126,104,0,104,230
09/29/2020,SBP,CA,AWP,WE,Federal Contract Tower,10,14,13,0,37,0,5,88,8,101,10,19,101,8,138,138,4,142,280
09/30/2020,SBP,CA,AWP,WE,Federal Contract Tower,11,15,18,5,49,0,2,92,6,100,11,17,110,11,149,122,0,122,271
10/01/2020,SBP,CA,AWP,WE,Federal Contract Tower,12,16,13,3,44,0,3,80,5,88,12,19,93,8,132,90,2,92,224
10/02/2020,SBP,CA,AWP,WE,Federal Contract Tower,8,19,24,0,51,0,2,47,6,55,8,21,71,6,106,100,0,100,206
10/03/2020,SBP,CA,AWP,WE,Federal Contract Tower,8,12,15,0,35,0,1,47,0,48,8,13,62,0,83,50,0,50,133
10/04/2020,SBP,CA,AWP,WE,Federal Contract Tower,9,12,21,0,42,0,0,83,1,84,9,12,104,1,126,72,0,72,198
10/05/2020,SBP,CA,AWP,WE,Federal Contract Tower,7,15,14,0,36,0,0,62,3,65,7,15,76,3,101,126,0,126,227
10/06/2020,SBP,CA,AWP,WE,Federal Contract Tower,7,17,8,0,32,0,7,91,6,104,7,24,99,6,136,104,0,104,240
10/07/2020,SBP,CA,AWP,WE,Federal Contract Tower,10,22,15,2,49,0,1,95,2,98,10,23,110,4,147,138,0,138,285
10/08/2020,SBP,CA,AWP,WE,Federal Contract Tower,8,18,32,2,60,0,77,0,0,77,8,95,32,2,137,70,0,70,207
10/09/2020,SBP,CA,AWP,WE,Federal Contract Tower,6,18,24,0,48,0,3,87,0,90,6,21,111,0,138,110,2,112,250
10/10/2020,SBP,CA,AWP,WE,Federal Contract Tower,8,16,15,0,39,0,1,114,0,115,8,17,129,0,154,92,0,92,246
10/11/2020,SBP,CA,AWP,WE,Federal Contract Tower,8,11,13,0,32,0,0,135,0,135,8,11,148,0,167,80,0,80,247
10/12/2020,SBP,CA,AWP,WE,Federal Contract Tower,9,13,12,1,35,0,0,70,2,72,9,13,82,3,107,22,0,22,129
10/13/2020,SBP,CA,AWP,WE,Federal Contract Tower,8,19,13,0,40,0,4,86,0,90,8,23,99,0,130,98,0,98,228
10/14/2020,SBP,CA,AWP,WE,Federal Contract Tower,10,20,22,0,52,0,3,86,0,89,10,23,108,0,141,58,0,58,199
10/15/2020,SBP,CA,AWP,WE,Federal Contract Tower,11,18,18,0,47,0,4,122,0,126,11,22,140,0,173,126,0,126,299
10/16/2020,SBP,CA,AWP,WE,Federal Contract Tower,6,18,32,1,57,0,3,93,2,98,6,21,125,3,155,114,2,116,271
10/17/2020,SBP,CA,AWP,WE,Federal Contract Tower,8,15,20,1,44,0,0,132,1,133,8,15,152,2,177,110,0,110,287
10/18/2020,SBP,CA,AWP,WE,Federal Contract Tower,9,13,25,0,47,0,0,122,0,122,9,13,147,0,169,112,0,112,281
10/19/2020,SBP,CA,AWP,WE,Federal Contract Tower,9,13,20,2,44,0,0,74,0,74,9,13,94,2,118,40,0,40,158
10/20/2020,SBP,CA,AWP,WE,Federal Contract Tower,9,20,22,4,55,0,0,47,0,47,9,20,69,4,102,54,0,54,156
10/21/2020,SBP,CA,AWP,WE,Federal Contract Tower,10,16,30,0,56,0,1,64,0,65,10,17,94,0,121,64,0,64,185
10/22/2020,SBP,CA,AWP,WE,Federal Contract Tower,10,19,34,0,63,0,0,15,0,15,10,19,49,0,78,70,0,70,148
10/23/2020,SBP,CA,AWP,WE,Federal Contract Tower,8,20,21,2,51,0,1,63,0,64,8,21,84,2,115,70,0,70,185
10/24/2020,SBP,CA,AWP,WE,Federal Contract Tower,4,19,29,0,52,0,0,61,0,61,4,19,90,0,113,46,0,46,159
10/25/2020,SBP,CA,AWP,WE,Federal Contract Tower,7,15,24,0,46,0,0,25,0,25,7,15,49,0,71,68,0,68,139
10/26/2020,SBP,CA,AWP,WE,Federal Contract Tower,6,15,2,0,23,0,0,60,0,60,6,15,62,0,83,46,0,46,129
10/27/2020,SBP,CA,AWP,WE,Federal Contract Tower,9,17,12,2,40,0,2,82,0,84,9,19,94,2,124,78,4,82,206
10/28/2020,SBP,CA,AWP,WE,Federal Contract Tower,9,21,12,3,45,0,4,86,0,90,9,25,98,3,135,66,0,66,201
10/29/2020,SBP,CA,AWP,WE,Federal Contract Tower,10,19,9,0,38,0,2,113,1,116,10,21,122,1,154,72,0,72,226
10/30/2020,SBP,CA,AWP,WE,Federal Contract Tower,7,21,21,2,51,0,1,106,0,107,7,22,127,2,158,74,0,74,232
10/31/2020,SBP,CA,AWP,WE,Federal Contract Tower,6,14,7,0,27,0,2,113,0,115,6,16,120,0,142,44,0,44,186
11/01/2020,SBP,CA,AWP,WE,Federal Contract Tower,8,13,9,0,30,0,0,147,0,147,8,13,156,0,177,48,0,48,225
11/02/2020,SBP,CA,AWP,WE,Federal Contract Tower,9,14,12,2,37,0,0,63,0,63,9,14,75,2,100,42,0,42,142
11/03/2020,SBP,CA,AWP,WE,Federal Contract Tower,9,15,14,2,40,0,7,46,0,53,9,22,60,2,93,98,0,98,191
11/04/2020,SBP,CA,AWP,WE,Federal Contract Tower,9,15,13,0,37,0,2,93,0,95,9,17,106,0,132,64,0,64,196
11/05/2020,SBP,CA,AWP,WE,Federal Contract Tower,11,18,7,2,38,0,3,118,2,123,11,21,125,4,161,96,0,96,257
11/06/2020,SBP,CA,AWP,WE,Federal Contract Tower,8,36,15,0,59,0,1,46,1,48,8,37,61,1,107,18,0,18,125
11/07/2020,SBP,CA,AWP,WE,Federal Contract Tower,4,19,5,0,28,0,0,6,0,6,4,19,11,0,34,0,0,0,34
11/08/2020,SBP,CA,AWP,WE,Federal Contract Tower,10,9,10,0,29,0,0,11,0,11,10,9,21,0,40,0,0,0,40
11/09/2020,SBP,CA,AWP,WE,Federal Contract Tower,9,13,11,1,34,0,0,69,0,69,9,13,80,1,103,60,0,60,163
11/10/2020,SBP,CA,AWP,WE,Federal Contract Tower,9,18,14,2,43,0,7,66,0,73,9,25,80,2,116,42,0,42,158
11/11/2020,SBP,CA,AWP,WE,Federal Contract Tower,10,17,15,0,42,0,0,133,0,133,10,17,148,0,175,93,0,93,268
11/12/2020,SBP,CA,AWP,WE,Federal Contract Tower,10,18,11,0,39,0,4,123,0,127,10,22,134,0,166,148,0,148,314
11/13/2020,SBP,CA,AWP,WE,Federal Contract Tower,9,18,14,1,42,0,2,100,1,103,9,20,114,2,145,118,2,120,265
11/14/2020,SBP,CA,AWP,WE,Federal Contract Tower,8,10,6,2,26,0,1,107,0,108,8,11,113,2,134,80,0,80,214
11/15/2020,SBP,CA,AWP,WE,Federal Contract Tower,8,18,15,0,41,0,0,132,4,136,8,18,147,4,177,92,0,92,269
11/16/2020,SBP,CA,AWP,WE,Federal Contract Tower,8,17,8,0,33,0,0,65,0,65,8,17,73,0,98,74,0,74,172
11/17/2020,SBP,CA,AWP,WE,Federal Contract Tower,8,22,24,4,58,0,0,16,5,21,8,22,40,9,79,64,0,64,143
11/18/2020,SBP,CA,AWP,WE,Federal Contract Tower,10,19,13,2,44,0,0,16,0,16,10,19,29,2,60,34,2,36,96
11/19/2020,SBP,CA,AWP,WE,Federal Contract Tower,10,18,21,0,49,0,2,71,0,73,10,20,92,0,122,30,0,30,152
11/20/2020,SBP,CA,AWP,WE,Federal Contract Tower,5,22,11,0,38,3,10,50,0,63,8,32,61,0,101,108,0,108,209
11/21/2020,SBP,CA,AWP,WE,Federal Contract Tower,8,16,17,0,41,0,0,144,0,144,8,16,161,0,185,54,0,54,239
11/22/2020,SBP,CA,AWP,WE,Federal Contract Tower,10,11,12,0,33,0,0,113,0,113,10,11,125,0,146,70,0,70,216
11/23/2020,SBP,CA,AWP,WE,Federal Contract Tower,7,18,5,2,32,0,0,70,1,71,7,18,75,3,103,64,4,68,171
11/24/2020,SBP,CA,AWP,WE,Federal Contract Tower,10,22,17,0,49,0,4,109,1,114,10,26,126,1,163,66,0,66,229
11/25/2020,SBP,CA,AWP,WE,Federal Contract Tower,12,17,8,0,37,0,5,88,2,95,12,22,96,2,132,48,0,48,180
11/26/2020,SBP,CA,AWP,WE,Federal Contract Tower,3,9,1,0,13,0,4,26,4,34,3,13,27,4,47,6,0,6,53
11/27/2020,SBP,CA,AWP,WE,Federal Contract Tower,7,19,8,0,34,0,2,107,4,113,7,21,115,4,147,92,0,92,239
11/28/2020,SBP,CA,AWP,WE,Federal Contract Tower,7,16,14,1,38,0,0,127,1,128,7,16,141,2,166,34,0,34,200
11/29/2020,SBP,CA,AWP,WE,Federal Contract Tower,6,18,19,0,43,0,0,135,0,135,6,18,154,0,178,64,0,64,242
11/30/2020,SBP,CA,AWP,WE,Federal Contract Tower,11,16,8,2,37,0,0,88,0,88,11,16,96,2,125,38,0,38,163
12/01/2020,SBP,CA,AWP,WE,Federal Contract Tower,9,19,8,0,36,0,1,75,0,76,9,20,83,0,112,86,0,86,198
12/02/2020,SBP,CA,AWP,WE,Federal Contract Tower,9,15,14,1,39,0,3,78,0,81,9,18,92,1,120,102,0,102,222
12/03/2020,SBP,CA,AWP,WE,Federal Contract Tower,9,17,18,2,46,0,0,72,1,73,9,17,90,3,119,50,0,50,169
12/04/2020,SBP,CA,AWP,WE,Federal Contract Tower,7,18,8,0,33,0,0,102,0,102,7,18,110,0,135,64,0,64,199
12/05/2020,SBP,CA,AWP,WE,Federal Contract Tower,12,10,18,1,41,0,0,99,1,100,12,10,117,2,141,82,0,82,223
12/06/2020,SBP,CA,AWP,WE,Federal Contract Tower,9,10,12,0,31,0,4,97,0,101,9,14,109,0,132,86,0,86,218
12/07/2020,SBP,CA,AWP,WE,Federal Contract Tower,9,17,3,2,31,0,0,21,0,21,9,17,24,2,52,0,0,0,52
12/08/2020,SBP,CA,AWP,WE,Federal Contract Tower,7,21,15,2,45,0,2,49,2,53,7,23,64,4,98,12,0,12,110
12/09/2020,SBP,CA,AWP,WE,Federal Contract Tower,10,18,9,0,37,0,3,83,0,86,10,21,92,0,123,62,0,62,185
12/10/2020,SBP,CA,AWP,WE,Federal Contract Tower,10,22,12,2,46,0,1,82,0,83,10,23,94,2,129,108,0,108,237
12/11/2020,SBP,CA,AWP,WE,Federal Contract Tower,8,21,16,0,45,0,1,56,0,57,8,22,72,0,102,98,0,98,200
12/12/2020,SBP,CA,AWP,WE,Federal Contract Tower,9,11,11,0,31,0,0,9,0,9,9,11,20,0,40,2,0,2,42
12/13/2020,SBP,CA,AWP,WE,Federal Contract Tower,9,11,17,0,37,0,0,28,0,28,9,11,45,0,65,28,0,28,93
12/14/2020,SBP,CA,AWP,WE,Federal Contract Tower,7,16,16,0,39,0,1,64,0,65,7,17,80,0,104,56,0,56,160
12/15/2020,SBP,CA,AWP,WE,Federal Contract Tower,8,24,20,0,52,0,2,75,0,77,8,26,95,0,129,74,12,86,215
12/16/2020,SBP,CA,AWP,WE,Federal Contract Tower,11,16,4,0,31,0,2,99,5,106,11,18,103,5,137,98,0,98,235
12/17/2020,SBP,CA,AWP,WE,Federal Contract Tower,13,18,16,0,47,0,0,25,0,25,13,18,41,0,72,116,0,116,188
12/18/2020,SBP,CA,AWP,WE,Federal Contract Tower,10,20,17,0,47,0,2,85,2,89,10,22,102,2,136,82,0,82,218
12/19/2020,SBP,CA,AWP,WE,Federal Contract Tower,8,18,15,0,41,0,1,85,0,86,8,19,100,0,127,88,0,88,215
12/20/2020,SBP,CA,AWP,WE,Federal Contract Tower,10,13,7,0,30,0,0,117,0,117,10,13,124,0,147,112,0,112,259
12/21/2020,SBP,CA,AWP,WE,Federal Contract Tower,10,18,16,0,44,0,0,87,0,87,10,18,103,0,131,74,0,74,205
12/22/2020,SBP,CA,AWP,WE,Federal Contract Tower,11,23,10,2,46,0,0,74,1,75,11,23,84,3,121,94,0,94,215
12/23/2020,SBP,CA,AWP,WE,Federal Contract Tower,12,19,19,0,50,0,3,80,0,83,12,22,99,0,133,54,0,54,187
12/24/2020,SBP,CA,AWP,WE,Federal Contract Tower,8,17,8,0,33,0,2,42,0,44,8,19,50,0,77,22,0,22,99
12/25/2020,SBP,CA,AWP,WE,Federal Contract Tower,6,5,1,0,12,0,0,29,0,29,6,5,30,0,41,8,0,8,49
12/26/2020,SBP,CA,AWP,WE,Federal Contract Tower,12,12,18,0,42,0,0,51,0,51,12,12,69,0,93,72,0,72,165
12/27/2020,SBP,CA,AWP,WE,Federal Contract Tower,11,10,19,0,40,0,0,41,0,41,11,10,60,0,81,0,0,0,81
12/28/2020,SBP,CA,AWP,WE,Federal Contract Tower,11,12,12,0,35,0,0,2,0,2,11,12,14,0,37,0,0,0,37
12/29/2020,SBP,CA,AWP,WE,Federal Contract Tower,11,16,16,0,43,0,3,95,0,98,11,19,111,0,141,44,0,44,185
12/30/2020,SBP,CA,AWP,WE,Federal Contract Tower,14,21,9,1,45,0,2,102,6,110,14,23,111,7,155,98,0,98,253
12/31/2020,SBP,CA,AWP,WE,Federal Contract Tower,8,17,18,0,43,0,4,62,0,66,8,21,80,0,109,18,0,18,127
01/01/2021,SBP,CA,AWP,WE,Federal Contract Tower,10,13,4,0,27,0,0,77,0,77,10,13,81,0,104,50,0,50,154
01/02/2021,SBP,CA,AWP,WE,Federal Contract Tower,12,11,9,0,32,0,1,50,0,51,12,12,59,0,83,86,0,86,169
01/03/2021,SBP,CA,AWP,WE,Federal Contract Tower,12,6,16,0,34,0,0,67,0,67,12,6,83,0,101,34,0,34,135
01/04/2021,SBP,CA,AWP,WE,Federal Contract Tower,13,16,8,0,37,0,0,10,0,10,13,16,18,0,47,84,0,84,131
01/05/2021,SBP,CA,AWP,WE,Federal Contract Tower,6,17,6,0,29,0,1,71,0,72,6,18,77,0,101,70,0,70,171
01/06/2021,SBP,CA,AWP,WE,Federal Contract Tower,9,18,15,0,42,0,4,68,0,72,9,22,83,0,114,100,0,100,214
01/07/2021,SBP,CA,AWP,WE,Federal Contract Tower,11,18,22,2,53,0,3,78,0,81,11,21,100,2,134,50,0,50,184
01/08/2021,SBP,CA,AWP,WE,Federal Contract Tower,11,16,12,2,41,0,4,68,1,73,11,20,80,3,114,78,8,86,200
01/09/2021,SBP,CA,AWP,WE,Federal Contract Tower,10,13,10,1,34,0,1,86,0,87,10,14,96,1,121,74,0,74,195
01/10/2021,SBP,CA,AWP,WE,Federal Contract Tower,10,8,19,1,38,0,0,90,1,91,10,8,109,2,129,76,0,76,205
01/11/2021,SBP,CA,AWP,WE,Federal Contract Tower,10,12,5,2,29,0,0,72,3,75,10,12,77,5,104,60,0,60,164
01/12/2021,SBP,CA,AWP,WE,Federal Contract Tower,8,17,11,1,37,0,1,64,3,68,8,18,75,4,105,82,0,82,187
01/13/2021,SBP,CA,AWP,WE,Federal Contract Tower,8,23,12,2,45,0,1,63,6,70,8,24,75,8,115,38,4,42,157
01/14/2021,SBP,CA,AWP,WE,Federal Contract Tower,10,18,10,0,38,0,2,59,6,67,10,20,69,6,105,34,0,34,139
01/15/2021,SBP,CA,AWP,WE,Federal Contract Tower,11,26,11,0,48,0,0,89,0,89,11,26,100,0,137,132,0,132,269
01/16/2021,SBP,CA,AWP,WE,Federal Contract Tower,8,12,12,1,33,0,1,124,2,127,8,13,136,3,160,46,0,46,206
01/18/2021,SBP,CA,AWP,WE,Federal Contract Tower,10,17,16,0,43,0,0,75,1,76,10,17,91,1,119,44,0,44,163
01/19/2021,SBP,CA,AWP,WE,Federal Contract Tower,9,20,2,2,33,0,0,17,4,21,9,20,19,6,54,0,0,0,54
01/20/2021,SBP,CA,AWP,WE,Federal Contract Tower,8,20,6,0,34,0,6,55,6,67,8,26,61,6,101,6,0,6,107
01/21/2021,SBP,CA,AWP,WE,Federal Contract Tower,11,16,16,4,47,0,3,111,6,120,11,19,127,10,167,106,0,106,273
01/22/2021,SBP,CA,AWP,WE,Federal Contract Tower,13,25,4,3,45,0,2,8,1,11,13,27,12,4,56,38,0,38,94
01/23/2021,SBP,CA,AWP,WE,Federal Contract Tower,8,9,9,0,26,0,1,42,0,43,8,10,51,0,69,82,0,82,151
01/24/2021,SBP,CA,AWP,WE,Federal Contract Tower,9,9,14,0,32,0,2,61,0,63,9,11,75,0,95,58,0,58,153
01/25/2021,SBP,CA,AWP,WE,Federal Contract Tower,10,13,10,0,33,0,0,2,0,2,10,13,12,0,35,16,0,16,51
01/26/2021,SBP,CA,AWP,WE,Federal Contract Tower,8,16,5,1,30,0,1,109,4,114,8,17,114,5,144,70,0,70,214
01/27/2021,SBP,CA,AWP,WE,Federal Contract Tower,8,17,10,2,37,0,0,0,0,0,8,17,10,2,37,0,0,0,37
01/28/2021,SBP,CA,AWP,WE,Federal Contract Tower,10,16,15,0,41,0,0,0,0,0,10,16,15,0,41,0,0,0,41
01/29/2021,SBP,CA,AWP,WE,Federal Contract Tower,10,19,7,0,36,0,1,38,2,41,10,20,45,2,77,112,0,112,189
01/30/2021,SBP,CA,AWP,WE,Federal Contract Tower,8,13,7,0,28,0,1,157,0,158,8,14,164,0,186,82,0,82,268
01/31/2021,SBP,CA,AWP,WE,Federal Contract Tower,10,8,15,0,33,0,0,117,0,117,10,8,132,0,150,84,0,84,234
02/01/2021,SBP,CA,AWP,WE,Federal Contract Tower,11,8,10,2,31,0,1,50,0,51,11,9,60,2,82,72,0,72,154
02/02/2021,SBP,CA,AWP,WE,Federal Contract Tower,7,14,13,0,34,0,1,46,0,47,7,15,59,0,81,90,0,90,171
02/03/2021,SBP,CA,AWP,WE,Federal Contract Tower,8,14,14,0,36,0,2,83,0,85,8,16,97,0,121,126,0,126,247
02/04/2021,SBP,CA,AWP,WE,Federal Contract Tower,10,12,17,4,43,0,4,88,0,92,10,16,105,4,135,56,0,56,191
02/05/2021,SBP,CA,AWP,WE,Federal Contract Tower,10,14,20,1,45,0,3,98,2,103,10,17,118,3,148,46,4,50,198
02/06/2021,SBP,CA,AWP,WE,Federal Contract Tower,8,11,25,0,44,0,1,133,0,134,8,12,158,0,178,72,0,72,250
02/07/2021,SBP,CA,AWP,WE,Federal Contract Tower,9,9,15,1,34,0,0,128,0,128,9,9,143,1,162,54,0,54,216
02/08/2021,SBP,CA,AWP,WE,Federal Contract Tower,13,12,10,2,37,0,2,28,0,30,13,14,38,2,67,48,0,48,115
02/09/2021,SBP,CA,AWP,WE,Federal Contract Tower,8,20,21,2,51,0,0,16,0,16,8,20,37,2,67,42,0,42,109
02/10/2021,SBP,CA,AWP,WE,Federal Contract Tower,8,13,18,0,39,0,2,114,2,118,8,15,132,2,157,94,16,110,267
02/11/2021,SBP,CA,AWP,WE,Federal Contract Tower,12,16,9,0,37,0,3,74,2,79,12,19,83,2,116,94,0,94,210
02/12/2021,SBP,CA,AWP,WE,Federal Contract Tower,12,13,20,0,45,0,5,48,16,69,12,18,68,16,114,34,8,42,156
02/13/2021,SBP,CA,AWP,WE,Federal Contract Tower,7,8,17,0,32,0,0,45,0,45,7,8,62,0,77,166,0,166,243
02/14/2021,SBP,CA,AWP,WE,Federal Contract Tower,8,7,13,0,28,0,0,70,0,70,8,7,83,0,98,54,0,54,152
02/15/2021,SBP,CA,AWP,WE,Federal Contract Tower,9,9,27,0,45,0,0,58,0,58,9,9,85,0,103,46,0,46,149
02/16/2021,SBP,CA,AWP,WE,Federal Contract Tower,7,11,10,0,28,0,1,71,0,72,7,12,81,0,100,48,0,48,148
02/17/2021,SBP,CA,AWP,WE,Federal Contract Tower,7,17,10,4,38,0,3,74,0,77,7,20,84,4,115,64,0,64,179
02/18/2021,SBP,CA,AWP,WE,Federal Contract Tower,12,11,23,1,47,0,7,104,0,111,12,18,127,1,158,98,0,98,256
02/19/2021,SBP,CA,AWP,WE,Federal Contract Tower,12,17,31,5,65,0,4,114,5,123,12,21,145,10,188,102,0,102,290
02/20/2021,SBP,CA,AWP,WE,Federal Contract Tower,10,5,7,0,22,0,1,40,4,45,10,6,47,4,67,6,0,6,73
02/21/2021,SBP,CA,AWP,WE,Federal Contract Tower,11,9,13,0,33,0,0,137,0,137,11,9,150,0,170,74,0,74,244
02/22/2021,SBP,CA,AWP,WE,Federal Contract Tower,12,15,11,0,38,0,0,88,0,88,12,15,99,0,126,98,0,98,224
02/23/2021,SBP,CA,AWP,WE,Federal Contract Tower,8,13,18,5,44,0,1,104,0,105,8,14,122,5,149,50,4,54,203
02/24/2021,SBP,CA,AWP,WE,Federal Contract Tower,7,11,6,4,28,0,5,112,0,117,7,16,118,4,145,150,0,150,295
02/25/2021,SBP,CA,AWP,WE,Federal Contract Tower,10,12,17,0,39,0,4,89,0,93,10,16,106,0,132,62,0,62,194
02/26/2021,SBP,CA,AWP,WE,Federal Contract Tower,12,10,13,1,36,0,3,81,0,84,12,13,94,1,120,60,0,60,180
02/27/2021,SBP,CA,AWP,WE,Federal Contract Tower,9,6,4,0,19,0,2,89,0,91,9,8,93,0,110,12,0,12,122
02/28/2021,SBP,CA,AWP,WE,Federal Contract Tower,10,7,18,0,35,0,0,134,0,134,10,7,152,0,169,109,0,109,278
03/01/2021,SBP,CA,AWP,WE,Federal Contract Tower,12,8,14,1,35,0,0,93,0,93,12,8,107,1,128,42,0,42,170
03/02/2021,SBP,CA,AWP,WE,Federal Contract Tower,9,12,11,0,32,0,4,69,1,74,9,16,80,1,106,50,0,50,156
03/03/2021,SBP,CA,AWP,WE,Federal Contract Tower,8,16,16,0,40,0,2,64,0,66,8,18,80,0,106,76,0,76,182
03/04/2021,SBP,CA,AWP,WE,Federal Contract Tower,9,13,15,2,39,0,2,80,0,82,9,15,95,2,121,52,0,52,173
03/05/2021,SBP,CA,AWP,WE,Federal Contract Tower,10,17,24,0,51,0,1,106,0,107,10,18,130,0,158,56,0,56,214
03/06/2021,SBP,CA,AWP,WE,Federal Contract Tower,10,11,32,0,53,0,1,58,0,59,10,12,90,0,112,72,0,72,184
03/07/2021,SBP,CA,AWP,WE,Federal Contract Tower,10,9,17,0,36,0,0,116,0,116,10,9,133,0,152,80,0,80,232
03/08/2021,SBP,CA,AWP,WE,Federal Contract Tower,11,9,2,0,22,0,1,49,0,50,11,10,51,0,72,140,0,140,212
03/09/2021,SBP,CA,AWP,WE,Federal Contract Tower,10,10,11,0,31,0,0,40,0,40,10,10,51,0,71,84,0,84,155
03/10/2021,SBP,CA,AWP,WE,Federal Contract Tower,11,20,13,0,44,0,2,13,4,19,11,22,26,4,63,12,0,12,75
03/11/2021,SBP,CA,AWP,WE,Federal Contract Tower,10,18,24,2,54,0,2,26,2,30,10,20,50,4,84,30,0,30,114
03/12/2021,SBP,CA,AWP,WE,Federal Contract Tower,10,9,29,0,48,0,3,75,0,78,10,12,104,0,126,100,0,100,226
03/13/2021,SBP,CA,AWP,WE,Federal Contract Tower,10,13,27,0,50,0,0,50,0,50,10,13,77,0,100,48,0,48,148
03/14/2021,SBP,CA,AWP,WE,Federal Contract Tower,11,6,37,0,54,0,0,52,0,52,11,6,89,0,106,64,0,64,170
03/15/2021,SBP,CA,AWP,WE,Federal Contract Tower,10,12,11,0,33,0,0,30,0,30,10,12,41,0,63,20,0,20,83
03/16/2021,SBP,CA,AWP,WE,Federal Contract Tower,11,14,14,0,39,0,4,84,0,88,11,18,98,0,127,122,0,122,249
03/17/2021,SBP,CA,AWP,WE,Federal Contract Tower,10,20,24,2,56,0,2,96,2,100,10,22,120,4,156,102,12,114,270
03/18/2021,SBP,CA,AWP,WE,Federal Contract Tower,12,16,16,0,44,0,4,77,2,83,12,20,93,2,127,38,0,38,165
03/19/2021,SBP,CA,AWP,WE,Federal Contract Tower,12,18,31,0,61,0,1,31,0,32,12,19,62,0,93,50,0,50,143
03/20/2021,SBP,CA,AWP,WE,Federal Contract Tower,12,12,24,0,48,0,1,79,0,80,12,13,103,0,128,62,0,62,190
03/21/2021,SBP,CA,AWP,WE,Federal Contract Tower,12,13,24,0,49,0,1,113,0,114,12,14,137,0,163,50,0,50,213
03/22/2021,SBP,CA,AWP,WE,Federal Contract Tower,12,7,14,0,33,0,0,55,0,55,12,7,69,0,88,56,0,56,144
03/23/2021,SBP,CA,AWP,WE,Federal Contract Tower,12,15,7,3,37,0,3,50,0,53,12,18,57,3,90,56,0,56,146
03/24/2021,SBP,CA,AWP,WE,Federal Contract Tower,12,19,22,0,53,0,5,81,5,91,12,24,103,5,144,64,0,64,208
03/25/2021,SBP,CA,AWP,WE,Federal Contract Tower,12,18,27,3,60,0,1,30,20,51,12,19,57,23,111,74,0,74,185
03/26/2021,SBP,CA,AWP,WE,Federal Contract Tower,12,15,20,0,47,0,3,158,0,161,12,18,178,0,208,128,0,128,336
03/27/2021,SBP,CA,AWP,WE,Federal Contract Tower,13,10,23,0,46,0,1,179,0,180,13,11,202,0,226,98,0,98,324
03/28/2021,SBP,CA,AWP,WE,Federal Contract Tower,13,6,22,0,41,0,2,148,0,150,13,8,170,0,191,28,0,28,219
03/29/2021,SBP,CA,AWP,WE,Federal Contract Tower,14,6,14,0,34,0,0,61,0,61,14,6,75,0,95,96,0,96,191
03/30/2021,SBP,CA,AWP,WE,Federal Contract Tower,12,15,9,1,37,0,5,86,1,92,12,20,95,2,129,62,0,62,191
03/31/2021,SBP,CA,AWP,WE,Federal Contract Tower,13,19,10,0,42,0,4,85,4,93,13,23,95,4,135,66,2,68,203
04/01/2021,SBP,CA,AWP,WE,Federal Contract Tower,15,17,19,2,53,0,3,90,0,93,15,20,109,2,146,84,0,84,230
04/02/2021,SBP,CA,AWP,WE,Federal Contract Tower,13,17,20,0,50,0,0,78,2,80,13,17,98,2,130,142,0,142,272
04/03/2021,SBP,CA,AWP,WE,Federal Contract Tower,12,8,24,0,44,0,0,85,0,85,12,8,109,0,129,40,0,40,169
04/04/2021,SBP,CA,AWP,WE,Federal Contract Tower,13,7,16,0,36,0,0,96,0,96,13,7,112,0,132,30,0,30,162
04/05/2021,SBP,CA,AWP,WE,Federal Contract Tower,13,10,8,0,31,0,3,68,0,71,13,13,76,0,102,92,0,92,194
04/06/2021,SBP,CA,AWP,WE,Federal Contract Tower,13,14,15,2,44,0,1,76,0,77,13,15,91,2,121,78,0,78,199
04/07/2021,SBP,CA,AWP,WE,Federal Contract Tower,13,17,19,2,51,0,4,120,0,124,13,21,139,2,175,122,0,122,297
04/08/2021,SBP,CA,AWP,WE,Federal Contract Tower,14,15,23,0,52,0,4,100,0,104,14,19,123,0,156,166,0,166,322
04/09/2021,SBP,CA,AWP,WE,Federal Contract Tower,13,14,18,0,45,0,3,73,0,76,13,17,91,0,121,74,0,74,195
04/10/2021,SBP,CA,AWP,WE,Federal Contract Tower,13,9,13,2,37,0,1,79,0,80,13,10,92,2,117,56,0,56,173
04/11/2021,SBP,CA,AWP,WE,Federal Contract Tower,15,7,13,0,35,0,2,114,0,116,15,9,127,0,151,96,0,96,247
04/12/2021,SBP,CA,AWP,WE,Federal Contract Tower,12,9,18,6,45,0,2,43,0,45,12,11,61,6,90,88,0,88,178
04/13/2021,SBP,CA,AWP,WE,Federal Contract Tower,13,13,41,2,69,0,0,21,0,21,13,13,62,2,90,100,0,100,190
04/14/2021,SBP,CA,AWP,WE,Federal Contract Tower,12,17,19,2,50,0,2,78,0,80,12,19,97,2,130,198,0,198,328
04/15/2021,SBP,CA,AWP,WE,Federal Contract Tower,13,14,22,0,49,0,2,90,0,92,13,16,112,0,141,78,0,78,219
04/16/2021,SBP,CA,AWP,WE,Federal Contract Tower,12,14,19,0,45,0,3,101,2,106,12,17,120,2,151,146,0,146,297
04/17/2021,SBP,CA,AWP,WE,Federal Contract Tower,13,11,14,0,38,0,2,91,0,93,13,13,105,0,131,106,0,106,237
04/18/2021,SBP,CA,AWP,WE,Federal Contract Tower,13,12,18,0,43,0,0,103,1,104,13,12,121,1,147,72,0,72,219
04/19/2021,SBP,CA,AWP,WE,Federal Contract Tower,12,9,15,2,38,0,0,49,0,49,12,9,64,2,87,112,0,112,199
04/20/2021,SBP,CA,AWP,WE,Federal Contract Tower,13,14,26,0,53,0,1,44,0,45,13,15,70,0,98,148,0,148,246
04/21/2021,SBP,CA,AWP,WE,Federal Contract Tower,13,19,47,0,79,0,0,14,0,14,13,19,61,0,93,72,0,72,165
04/22/2021,SBP,CA,AWP,WE,Federal Contract Tower,13,23,37,4,77,0,0,24,0,24,13,23,61,4,101,14,0,14,115
04/23/2021,SBP,CA,AWP,WE,Federal Contract Tower,13,19,37,0,69,0,0,48,0,48,13,19,85,0,117,124,0,124,241
04/24/2021,SBP,CA,AWP,WE,Federal Contract Tower,13,9,39,0,61,0,0,67,0,67,13,9,106,0,128,112,0,112,240
04/25/2021,SBP,CA,AWP,WE,Federal Contract Tower,13,14,25,0,52,0,0,45,0,45,13,14,70,0,97,90,0,90,187
04/26/2021,SBP,CA,AWP,WE,Federal Contract Tower,12,8,6,4,30,0,58,3,0,61,12,66,9,4,91,90,0,90,181
04/27/2021,SBP,CA,AWP,WE,Federal Contract Tower,12,11,23,0,46,0,1,124,3,128,12,12,147,3,174,120,0,120,294
04/28/2021,SBP,CA,AWP,WE,Federal Contract Tower,13,17,9,0,39,0,3,126,0,129,13,20,135,0,168,172,0,172,340
04/29/2021,SBP,CA,AWP,WE,Federal Contract Tower,13,19,15,0,47,0,3,102,0,105,13,22,117,0,152,96,0,96,248
04/30/2021,SBP,CA,AWP,WE,Federal Contract Tower,13,18,15,3,49,0,2,121,1,124,13,20,136,4,173,144,0,144,317
05/01/2021,SBP,CA,AWP,WE,Federal Contract Tower,11,11,17,0,39,0,0,99,2,101,11,11,116,2,140,58,0,58,198
05/02/2021,SBP,CA,AWP,WE,Federal Contract Tower,14,14,17,0,45,0,0,84,0,84,14,14,101,0,129,68,0,68,197
05/03/2021,SBP,CA,AWP,WE,Federal Contract Tower,13,10,23,2,48,0,0,69,0,69,13,10,92,2,117,172,0,172,289
05/04/2021,SBP,CA,AWP,WE,Federal Contract Tower,13,17,17,0,47,0,1,116,0,117,13,18,133,0,164,118,0,118,282
05/05/2021,SBP,CA,AWP,WE,Federal Contract Tower,14,16,18,0,48,0,2,95,0,97,14,18,113,0,145,156,0,156,301
05/06/2021,SBP,CA,AWP,WE,Federal Contract Tower,12,15,27,3,57,0,0,103,0,103,12,15,130,3,160,88,0,88,248
05/07/2021,SBP,CA,AWP,WE,Federal Contract Tower,12,20,21,3,56,0,2,107,0,109,12,22,128,3,165,66,0,66,231
05/08/2021,SBP,CA,AWP,WE,Federal Contract Tower,13,9,11,0,33,0,0,113,0,113,13,9,124,0,146,76,0,76,222
05/09/2021,SBP,CA,AWP,WE,Federal Contract Tower,13,14,18,0,45,0,0,87,0,87,13,14,105,0,132,62,0,62,194
05/10/2021,SBP,CA,AWP,WE,Federal Contract Tower,13,9,22,0,44,0,2,72,0,74,13,11,94,0,118,40,0,40,158
05/11/2021,SBP,CA,AWP,WE,Federal Contract Tower,13,17,15,0,45,0,2,82,0,84,13,19,97,0,129,106,0,106,235
05/12/2021,SBP,CA,AWP,WE,Federal Contract Tower,13,18,19,0,50,0,1,71,0,72,13,19,90,0,122,64,0,64,186
05/13/2021,SBP,CA,AWP,WE,Federal Contract Tower,14,19,25,4,62,0,0,65,0,65,14,19,90,4,127,70,0,70,197
05/14/2021,SBP,CA,AWP,WE,Federal Contract Tower,13,19,33,1,66,0,1,65,1,67,13,20,98,2,133,76,0,76,209
05/15/2021,SBP,CA,AWP,WE,Federal Contract Tower,13,10,56,0,79,0,0,15,1,16,13,10,71,1,95,34,0,34,129
05/16/2021,SBP,CA,AWP,WE,Federal Contract Tower,13,9,49,0,71,0,0,39,0,39,13,9,88,0,110,84,0,84,194
05/17/2021,SBP,CA,AWP,WE,Federal Contract Tower,13,7,24,0,44,0,0,55,0,55,13,7,79,0,99,38,0,38,137
05/18/2021,SBP,CA,AWP,WE,Federal Contract Tower,13,16,9,0,38,0,0,65,0,65,13,16,74,0,103,24,2,26,129
05/19/2021,SBP,CA,AWP,WE,Federal Contract Tower,15,14,6,3,38,0,2,77,0,79,15,16,83,3,117,70,0,70,187
05/20/2021,SBP,CA,AWP,WE,Federal Contract Tower,12,14,15,5,46,0,3,71,0,74,12,17,86,5,120,26,0,26,146
05/21/2021,SBP,CA,AWP,WE,Federal Contract Tower,14,17,20,0,51,0,1,67,0,68,14,18,87,0,119,102,0,102,221
05/22/2021,SBP,CA,AWP,WE,Federal Contract Tower,15,12,20,0,47,0,0,76,0,76,15,12,96,0,123,106,0,106,229
05/23/2021,SBP,CA,AWP,WE,Federal Contract Tower,13,9,25,0,47,0,2,112,0,114,13,11,137,0,161,92,0,92,253
05/24/2021,SBP,CA,AWP,WE,Federal Contract Tower,13,7,9,2,31,0,0,87,1,88,13,7,96,3,119,88,0,88,207
05/25/2021,SBP,CA,AWP,WE,Federal Contract Tower,13,15,13,0,41,0,1,83,1,85,13,16,96,1,126,66,0,66,192
05/26/2021,SBP,CA,AWP,WE,Federal Contract Tower,12,16,19,0,47,0,1,90,0,91,12,17,109,0,138,110,0,110,248
05/27/2021,SBP,CA,AWP,WE,Federal Contract Tower,11,16,21,1,49,0,1,85,0,86,11,17,106,1,135,100,0,100,235
05/28/2021,SBP,CA,AWP,WE,Federal Contract Tower,11,15,24,0,50,0,0,102,0,102,11,15,126,0,152,38,0,38,190
05/29/2021,SBP,CA,AWP,WE,Federal Contract Tower,11,12,24,0,47,0,0,92,0,92,11,12,116,0,139,4,0,4,143
05/30/2021,SBP,CA,AWP,WE,Federal Contract Tower,11,6,17,0,34,0,0,96,0,96,11,6,113,0,130,132,0,132,262
05/31/2021,SBP,CA,AWP,WE,Federal Contract Tower,10,4,18,0,32,0,0,132,0,132,10,4,150,0,164,88,0,88,252
06/01/2021,SBP,CA,AWP,WE,Federal Contract Tower,14,12,22,3,51,0,1,106,1,108,14,13,128,4,159,138,6,144,303
06/02/2021,SBP,CA,AWP,WE,Federal Contract Tower,13,16,16,0,45,0,0,90,0,90,13,16,106,0,135,150,0,150,285
06/03/2021,SBP,CA,AWP,WE,Federal Contract Tower,13,16,15,0,44,0,4,62,0,66,13,20,77,0,110,34,0,34,144
06/04/2021,SBP,CA,AWP,WE,Federal Contract Tower,13,17,21,1,52,0,0,109,0,109,13,17,130,1,161,110,0,110,271
06/05/2021,SBP,CA,AWP,WE,Federal Contract Tower,12,7,17,0,36,0,0,97,0,97,12,7,114,0,133,24,0,24,157
06/06/2021,SBP,CA,AWP,WE,Federal Contract Tower,12,7,52,0,71,0,2,64,0,66,12,9,116,0,137,76,0,76,213
06/07/2021,SBP,CA,AWP,WE,Federal Contract Tower,12,8,24,2,46,0,3,54,0,57,12,11,78,2,103,40,0,40,143
06/08/2021,SBP,CA,AWP,WE,Federal Contract Tower,12,15,23,3,53,0,2,104,0,106,12,17,127,3,159,104,0,104,263
06/09/2021,SBP,CA,AWP,WE,Federal Contract Tower,12,14,13,3,42,0,2,73,0,75,12,16,86,3,117,72,0,72,189
06/10/2021,SBP,CA,AWP,WE,Federal Contract Tower,12,12,17,2,43,0,3,61,0,64,12,15,78,2,107,32,0,32,139
06/11/2021,SBP,CA,AWP,WE,Federal Contract Tower,13,18,21,0,52,0,4,103,0,107,13,22,124,0,159,90,0,90,249
06/12/2021,SBP,CA,AWP,WE,Federal Contract Tower,11,10,19,0,40,0,0,142,1,143,11,10,161,1,183,102,0,102,285
06/13/2021,SBP,CA,AWP,WE,Federal Contract Tower,13,14,23,0,50,0,0,119,0,119,13,14,142,0,169,28,0,28,197
06/14/2021,SBP,CA,AWP,WE,Federal Contract Tower,13,10,14,0,37,0,0,87,4,91,13,10,101,4,128,68,0,68,196
06/15/2021,SBP,CA,AWP,WE,Federal Contract Tower,13,14,10,5,42,0,1,47,2,50,13,15,57,7,92,26,0,26,118
06/16/2021,SBP,CA,AWP,WE,Federal Contract Tower,12,14,10,2,38,0,12,66,4,82,12,26,76,6,120,86,0,86,206
06/17/2021,SBP,CA,AWP,WE,Federal Contract Tower,16,20,18,4,58,0,4,116,4,124,16,24,134,8,182,98,0,98,280
06/18/2021,SBP,CA,AWP,WE,Federal Contract Tower,19,15,23,1,58,0,1,108,0,109,19,16,131,1,167,154,0,154,321
06/19/2021,SBP,CA,AWP,WE,Federal Contract Tower,17,8,22,1,48,0,1,177,0,178,17,9,199,1,226,46,0,46,272
06/20/2021,SBP,CA,AWP,WE,Federal Contract Tower,16,8,25,1,50,0,0,114,0,114,16,8,139,1,164,60,0,60,224
06/21/2021,SBP,CA,AWP,WE,Federal Contract Tower,15,9,23,3,50,0,0,51,2,53,15,9,74,5,103,30,0,30,133
06/22/2021,SBP,CA,AWP,WE,Federal Contract Tower,17,15,12,3,47,0,2,79,2,83,17,17,91,5,130,80,0,80,210
06/23/2021,SBP,CA,AWP,WE,Federal Contract Tower,16,19,25,3,63,0,6,87,2,95,16,25,112,5,158,76,0,76,234
06/24/2021,SBP,CA,AWP,WE,Federal Contract Tower,16,17,32,2,67,0,3,85,0,88,16,20,117,2,155,56,0,56,211
06/25/2021,SBP,CA,AWP,WE,Federal Contract Tower,16,13,25,4,58,0,39,72,2,113,16,52,97,6,171,74,0,74,245
06/26/2021,SBP,CA,AWP,WE,Federal Contract Tower,16,11,15,0,42,0,0,117,0,117,16,11,132,0,159,28,0,28,187
06/27/2021,SBP,CA,AWP,WE,Federal Contract Tower,16,5,32,0,53,0,0,87,0,87,16,5,119,0,140,26,0,26,166
06/28/2021,SBP,CA,AWP,WE,Federal Contract Tower,14,8,11,3,36,0,3,87,0,90,14,11,98,3,126,96,0,96,222
06/29/2021,SBP,CA,AWP,WE,Federal Contract Tower,17,15,8,0,40,0,2,109,0,111,17,17,117,0,151,58,0,58,209
06/30/2021,SBP,CA,AWP,WE,Federal Contract Tower,15,17,36,3,71,0,1,87,3,91,15,18,123,6,162,52,2,54,216
07/01/2021,SBP,CA,AWP,WE,Federal Contract Tower,19,13,24,2,58,0,2,103,13,118,19,15,127,15,176,50,2,52,228
07/02/2021,SBP,CA,AWP,WE,Federal Contract Tower,17,15,29,2,63,0,0,104,92,196,17,15,133,94,259,70,0,70,329
07/03/2021,SBP,CA,AWP,WE,Federal Contract Tower,13,10,25,1,49,0,0,110,0,110,13,10,135,1,159,58,0,58,217
07/04/2021,SBP,CA,AWP,WE,Federal Contract Tower,15,4,10,0,29,0,2,78,0,80,15,6,88,0,109,36,0,36,145
07/05/2021,SBP,CA,AWP,WE,Federal Contract Tower,16,11,14,0,41,0,1,105,2,108,16,12,119,2,149,52,0,52,201
07/06/2021,SBP,CA,AWP,WE,Federal Contract Tower,16,10,19,4,49,0,3,72,4,79,16,13,91,8,128,64,0,64,192
07/07/2021,SBP,CA,AWP,WE,Federal Contract Tower,18,14,24,2,58,0,2,106,12,120,18,16,130,14,178,60,0,60,238
07/08/2021,SBP,CA,AWP,WE,Federal Contract Tower,16,16,10,1,43,0,1,121,2,124,16,17,131,3,167,68,0,68,235
07/10/2021,SBP,CA,AWP,WE,Federal Contract Tower,17,9,18,0,44,0,3,104,1,108,17,12,122,1,152,36,0,36,188
07/11/2021,SBP,CA,AWP,WE,Federal Contract Tower,17,9,22,0,48,0,1,124,0,125,17,10,146,0,173,82,0,82,255
07/12/2021,SBP,CA,AWP,WE,Federal Contract Tower,2,0,2,0,4,0,2,0,0,2,2,2,2,0,6,0,0,0,6
07/13/2021,SBP,CA,AWP,WE,Federal Contract Tower,0,0,0,0,0,0,0,0,0,0,0,0,0,0,0,0,0,0,0
07/14/2021,SBP,CA,AWP,WE,Federal Contract Tower,15,20,29,2,66,0,0,73,0,73,15,20,102,2,139,90,0,90,229
07/15/2021,SBP,CA,AWP,WE,Federal Contract Tower,16,20,26,2,64,0,2,65,2,69,16,22,91,4,133,40,0,40,173
07/16/2021,SBP,CA,AWP,WE,Federal Contract Tower,15,15,25,0,55,0,0,119,1,120,15,15,144,1,175,132,0,132,307
07/17/2021,SBP,CA,AWP,WE,Federal Contract Tower,16,6,21,0,43,0,1,109,0,110,16,7,130,0,153,42,0,42,195
07/18/2021,SBP,CA,AWP,WE,Federal Contract Tower,17,12,22,2,53,0,0,89,4,93,17,12,111,6,146,78,0,78,224
07/19/2021,SBP,CA,AWP,WE,Federal Contract Tower,15,7,20,0,42,0,0,66,0,66,15,7,86,0,108,28,4,32,140
07/20/2021,SBP,CA,AWP,WE,Federal Contract Tower,14,13,19,0,46,0,5,83,4,92,14,18,102,4,138,88,0,88,226
07/21/2021,SBP,CA,AWP,WE,Federal Contract Tower,16,17,10,0,43,0,6,78,0,84,16,23,88,0,127,96,0,96,223
07/22/2021,SBP,CA,AWP,WE,Federal Contract Tower,18,21,21,3,63,0,0,92,0,92,18,21,113,3,155,106,0,106,261
07/23/2021,SBP,CA,AWP,WE,Federal Contract Tower,16,24,18,4,62,0,0,96,1,97,16,24,114,5,159,118,0,118,277
07/24/2021,SBP,CA,AWP,WE,Federal Contract Tower,19,7,29,0,55,0,1,87,0,88,19,8,116,0,143,94,0,94,237
07/25/2021,SBP,CA,AWP,WE,Federal Contract Tower,16,6,16,0,38,0,1,82,3,86,16,7,98,3,124,50,0,50,174
07/26/2021,SBP,CA,AWP,WE,Federal Contract Tower,16,10,18,0,44,0,3,46,2,51,16,13,64,2,95,38,0,38,133
07/27/2021,SBP,CA,AWP,WE,Federal Contract Tower,16,15,16,2,49,0,1,63,3,67,16,16,79,5,116,90,0,90,206
07/28/2021,SBP,CA,AWP,WE,Federal Contract Tower,17,16,23,2,58,0,1,79,3,83,17,17,102,5,141,92,0,92,233
07/29/2021,SBP,CA,AWP,WE,Federal Contract Tower,17,17,21,1,56,0,1,84,4,89,17,18,105,5,145,90,2,92,237
07/30/2021,SBP,CA,AWP,WE,Federal Contract Tower,16,15,16,2,49,0,0,92,0,92,16,15,108,2,141,108,0,108,249
07/31/2021,SBP,CA,AWP,WE,Federal Contract Tower,17,9,29,4,59,0,0,94,2,96,17,9,123,6,155,40,0,40,195
08/02/2021,SBP,CA,AWP,WE,Federal Contract Tower,15,9,6,0,30,0,6,79,0,85,15,15,85,0,115,48,0,48,163
08/03/2021,SBP,CA,AWP,WE,Federal Contract Tower,14,16,14,1,45,0,0,80,6,86,14,16,94,7,131,96,2,98,229
08/04/2021,SBP,CA,AWP,WE,Federal Contract Tower,16,15,16,2,49,0,0,91,2,93,16,15,107,4,142,84,0,84,226
08/05/2021,SBP,CA,AWP,WE,Federal Contract Tower,16,21,21,0,58,0,1,67,1,69,16,22,88,1,127,66,6,72,199
08/06/2021,SBP,CA,AWP,WE,Federal Contract Tower,14,28,13,2,57,0,0,108,4,112,14,28,121,6,169,36,0,36,205
08/07/2021,SBP,CA,AWP,WE,Federal Contract Tower,17,12,32,3,64,0,0,84,0,84,17,12,116,3,148,60,0,60,208
08/08/2021,SBP,CA,AWP,WE,Federal Contract Tower,18,11,24,0,53,0,0,123,0,123,18,11,147,0,176,106,0,106,282
08/09/2021,SBP,CA,AWP,WE,Federal Contract Tower,16,8,23,1,48,0,0,80,1,81,16,8,103,2,129,46,0,46,175
08/10/2021,SBP,CA,AWP,WE,Federal Contract Tower,16,18,8,0,42,0,1,58,0,59,16,19,66,0,101,90,0,90,191
08/11/2021,SBP,CA,AWP,WE,Federal Contract Tower,16,14,22,0,52,0,2,102,0,104,16,16,124,0,156,66,0,66,222
08/12/2021,SBP,CA,AWP,WE,Federal Contract Tower,13,13,6,0,32,0,3,78,0,81,13,16,84,0,113,86,0,86,199
08/13/2021,SBP,CA,AWP,WE,Federal Contract Tower,17,18,20,0,55,0,4,64,13,81,17,22,84,13,136,44,0,44,180
08/14/2021,SBP,CA,AWP,WE,Federal Contract Tower,17,9,22,1,49,0,2,114,0,116,17,11,136,1,165,54,0,54,219
08/15/2021,SBP,CA,AWP,WE,Federal Contract Tower,16,13,18,0,47,0,0,114,1,115,16,13,132,1,162,90,0,90,252
08/16/2021,SBP,CA,AWP,WE,Federal Contract Tower,2,1,1,0,4,0,0,0,0,0,2,1,1,0,4,0,0,0,4
08/17/2021,SBP,CA,AWP,WE,Federal Contract Tower,0,0,0,0,0,0,0,0,0,0,0,0,0,0,0,0,0,0,0
08/18/2021,SBP,CA,AWP,WE,Federal Contract Tower,8,15,35,4,62,0,0,29,0,29,8,15,64,4,91,120,0,120,211
08/19/2021,SBP,CA,AWP,WE,Federal Contract Tower,15,20,36,3,74,0,2,65,1,68,15,22,101,4,142,86,0,86,228
08/20/2021,SBP,CA,AWP,WE,Federal Contract Tower,16,22,28,2,68,0,2,78,7,87,16,24,106,9,155,66,0,66,221
08/21/2021,SBP,CA,AWP,WE,Federal Contract Tower,17,7,37,0,61,0,1,28,2,31,17,8,65,2,92,60,0,60,152
08/22/2021,SBP,CA,AWP,WE,Federal Contract Tower,15,7,29,1,52,0,1,91,0,92,15,8,120,1,144,76,0,76,220
08/23/2021,SBP,CA,AWP,WE,Federal Contract Tower,17,9,24,2,52,0,0,66,0,66,17,9,90,2,118,68,0,68,186
08/24/2021,SBP,CA,AWP,WE,Federal Contract Tower,16,19,28,0,63,0,1,70,0,71,16,20,98,0,134,96,0,96,230
08/25/2021,SBP,CA,AWP,WE,Federal Contract Tower,15,17,26,0,58,0,0,72,0,72,15,17,98,0,130,48,0,48,178
08/26/2021,SBP,CA,AWP,WE,Federal Contract Tower,17,11,27,0,55,0,9,86,2,97,17,20,113,2,152,70,2,72,224
08/27/2021,SBP,CA,AWP,WE,Federal Contract Tower,16,10,16,1,43,0,4,101,0,105,16,14,117,1,148,54,0,54,202
08/28/2021,SBP,CA,AWP,WE,Federal Contract Tower,17,8,23,0,48,0,0,71,0,71,17,8,94,0,119,44,0,44,163
08/29/2021,SBP,CA,AWP,WE,Federal Contract Tower,16,7,20,0,43,0,1,104,0,105,16,8,124,0,148,40,0,40,188
08/30/2021,SBP,CA,AWP,WE,Federal Contract Tower,15,16,19,2,52,0,2,64,0,66,15,18,83,2,118,30,0,30,148
08/31/2021,SBP,CA,AWP,WE,Federal Contract Tower,17,17,16,0,50,0,1,47,0,48,17,18,63,0,98,76,0,76,174
09/01/2021,SBP,CA,AWP,WE,Federal Contract Tower,17,16,21,0,54,0,3,43,2,48,17,19,64,2,102,82,0,82,184
09/02/2021,SBP,CA,AWP,WE,Federal Contract Tower,15,17,24,0,56,0,2,74,0,76,15,19,98,0,132,66,2,68,200
09/03/2021,SBP,CA,AWP,WE,Federal Contract Tower,16,17,14,0,47,0,2,119,2,123,16,19,133,2,170,152,0,152,322
09/04/2021,SBP,CA,AWP,WE,Federal Contract Tower,17,10,29,0,56,0,0,85,0,85,17,10,114,0,141,52,0,52,193
09/05/2021,SBP,CA,AWP,WE,Federal Contract Tower,14,4,12,1,31,0,0,82,2,84,14,4,94,3,115,62,0,62,177
09/06/2021,SBP,CA,AWP,WE,Federal Contract Tower,16,7,27,1,51,0,5,115,2,122,16,12,142,3,173,100,0,100,273
09/07/2021,SBP,CA,AWP,WE,Federal Contract Tower,16,12,9,0,37,0,0,73,0,73,16,12,82,0,110,56,0,56,166
09/08/2021,SBP,CA,AWP,WE,Federal Contract Tower,18,9,15,0,42,0,5,74,0,79,18,14,89,0,121,136,0,136,257
09/09/2021,SBP,CA,AWP,WE,Federal Contract Tower,18,8,25,2,53,0,1,81,0,82,18,9,106,2,135,86,0,86,221
09/10/2021,SBP,CA,AWP,WE,Federal Contract Tower,18,8,15,1,42,0,3,78,0,81,18,11,93,1,123,94,0,94,217
09/11/2021,SBP,CA,AWP,WE,Federal Contract Tower,19,5,25,0,49,0,0,145,0,145,19,5,170,0,194,90,0,90,284
09/12/2021,SBP,CA,AWP,WE,Federal Contract Tower,19,7,37,0,63,0,4,120,4,128,19,11,157,4,191,100,0,100,291
09/13/2021,SBP,CA,AWP,WE,Federal Contract Tower,19,4,16,2,41,0,0,83,0,83,19,4,99,2,124,86,0,86,210
09/14/2021,SBP,CA,AWP,WE,Federal Contract Tower,19,14,30,1,64,0,0,82,3,85,19,14,112,4,149,120,0,120,269
09/15/2021,SBP,CA,AWP,WE,Federal Contract Tower,20,15,23,1,59,0,3,84,1,88,20,18,107,2,147,86,0,86,233
09/16/2021,SBP,CA,AWP,WE,Federal Contract Tower,18,13,28,0,59,0,1,77,2,80,18,14,105,2,139,74,0,74,213
09/17/2021,SBP,CA,AWP,WE,Federal Contract Tower,19,14,39,3,75,0,0,71,3,74,19,14,110,6,149,102,0,102,251
09/18/2021,SBP,CA,AWP,WE,Federal Contract Tower,19,8,26,0,53,0,0,99,0,99,19,8,125,0,152,102,0,102,254
09/19/2021,SBP,CA,AWP,WE,Federal Contract Tower,18,5,28,0,51,0,0,85,0,85,18,5,113,0,136,42,0,42,178
09/20/2021,SBP,CA,AWP,WE,Federal Contract Tower,18,3,15,0,36,0,0,81,0,81,18,3,96,0,117,178,0,178,295
09/21/2021,SBP,CA,AWP,WE,Federal Contract Tower,18,8,10,0,36,0,2,113,0,115,18,10,123,0,151,168,0,168,319
09/22/2021,SBP,CA,AWP,WE,Federal Contract Tower,18,11,23,2,54,0,4,88,2,94,18,15,111,4,148,130,0,130,278
09/23/2021,SBP,CA,AWP,WE,Federal Contract Tower,17,13,32,2,64,0,0,81,0,81,17,13,113,2,145,82,0,82,227
09/24/2021,SBP,CA,AWP,WE,Federal Contract Tower,20,15,33,1,69,0,0,65,0,65,20,15,98,1,134,96,0,96,230
09/25/2021,SBP,CA,AWP,WE,Federal Contract Tower,20,3,28,0,51,0,0,83,0,83,20,3,111,0,134,120,0,120,254
09/27/2021,SBP,CA,AWP,WE,Federal Contract Tower,18,8,25,1,52,0,0,32,0,32,18,8,57,1,84,102,0,102,186
09/28/2021,SBP,CA,AWP,WE,Federal Contract Tower,18,8,10,2,38,0,2,46,1,49,18,10,56,3,87,38,4,42,129
09/29/2021,SBP,CA,AWP,WE,Federal Contract Tower,18,11,8,4,41,0,4,98,0,102,18,15,106,4,143,132,0,132,275
09/30/2021,SBP,CA,AWP,WE,Federal Contract Tower,17,16,16,3,52,0,3,68,4,75,17,19,84,7,127,86,0,86,213
10/01/2021,SBP,CA,AWP,WE,Federal Contract Tower,23,11,17,0,51,0,3,117,0,120,23,14,134,0,171,92,0,92,263
10/02/2021,SBP,CA,AWP,WE,Federal Contract Tower,17,6,13,0,36,0,0,113,0,113,17,6,126,0,149,116,0,116,265
10/03/2021,SBP,CA,AWP,WE,Federal Contract Tower,19,11,17,0,47,0,0,112,2,114,19,11,129,2,161,78,0,78,239
10/04/2021,SBP,CA,AWP,WE,Federal Contract Tower,19,6,13,4,42,0,0,76,0,76,19,6,89,4,118,164,0,164,282
10/05/2021,SBP,CA,AWP,WE,Federal Contract Tower,16,11,17,2,46,0,7,84,0,91,16,18,101,2,137,138,0,138,275
10/06/2021,SBP,CA,AWP,WE,Federal Contract Tower,14,16,31,0,61,0,1,89,2,92,14,17,120,2,153,122,0,122,275
10/07/2021,SBP,CA,AWP,WE,Federal Contract Tower,12,19,23,0,54,0,0,78,0,78,12,19,101,0,132,150,0,150,282
10/08/2021,SBP,CA,AWP,WE,Federal Contract Tower,21,19,22,0,62,0,2,83,4,89,21,21,105,4,151,66,0,66,217
10/09/2021,SBP,CA,AWP,WE,Federal Contract Tower,15,15,17,2,49,0,2,149,0,151,15,17,166,2,200,74,0,74,274
10/10/2021,SBP,CA,AWP,WE,Federal Contract Tower,18,11,21,0,50,0,0,123,0,123,18,11,144,0,173,50,0,50,223
10/11/2021,SBP,CA,AWP,WE,Federal Contract Tower,24,8,11,1,44,0,1,50,0,51,24,9,61,1,95,68,0,68,163
10/12/2021,SBP,CA,AWP,WE,Federal Contract Tower,15,13,9,1,38,0,1,61,2,64,15,14,70,3,102,92,0,92,194
10/13/2021,SBP,CA,AWP,WE,Federal Contract Tower,12,15,17,0,44,0,5,58,0,63,12,20,75,0,107,108,0,108,215
10/14/2021,SBP,CA,AWP,WE,Federal Contract Tower,18,18,33,0,69,0,6,116,1,123,18,24,149,1,192,52,0,52,244
10/15/2021,SBP,CA,AWP,WE,Federal Contract Tower,15,10,27,0,52,0,1,109,0,110,15,11,136,0,162,102,0,102,264
10/16/2021,SBP,CA,AWP,WE,Federal Contract Tower,20,7,21,0,48,0,0,144,0,144,20,7,165,0,192,78,0,78,270
10/17/2021,SBP,CA,AWP,WE,Federal Contract Tower,19,6,22,1,48,1,0,121,0,122,20,6,143,1,170,72,0,72,242
10/18/2021,SBP,CA,AWP,WE,Federal Contract Tower,18,6,23,0,47,0,0,57,1,58,18,6,80,1,105,148,0,148,253
10/19/2021,SBP,CA,AWP,WE,Federal Contract Tower,16,16,8,0,40,0,4,80,0,84,16,20,88,0,124,102,0,102,226
10/20/2021,SBP,CA,AWP,WE,Federal Contract Tower,14,11,18,1,44,0,4,115,1,120,14,15,133,2,164,116,0,116,280
10/21/2021,SBP,CA,AWP,WE,Federal Contract Tower,11,16,34,1,62,0,13,56,3,72,11,29,90,4,134,120,2,122,256
10/22/2021,SBP,CA,AWP,WE,Federal Contract Tower,13,18,40,2,73,0,0,21,0,21,13,18,61,2,94,108,0,108,202
10/23/2021,SBP,CA,AWP,WE,Federal Contract Tower,16,11,30,0,57,0,0,86,1,87,16,11,116,1,144,172,0,172,316
10/24/2021,SBP,CA,AWP,WE,Federal Contract Tower,17,7,27,0,51,0,0,6,0,6,17,7,33,0,57,20,0,20,77
10/25/2021,SBP,CA,AWP,WE,Federal Contract Tower,18,12,11,0,41,0,0,16,0,16,18,12,27,0,57,38,0,38,95
10/26/2021,SBP,CA,AWP,WE,Federal Contract Tower,12,20,24,4,60,0,1,85,0,86,12,21,109,4,146,72,0,72,218
10/28/2021,SBP,CA,AWP,WE,Federal Contract Tower,15,16,15,0,46,0,4,110,4,118,15,20,125,4,164,134,0,134,298
10/29/2021,SBP,CA,AWP,WE,Federal Contract Tower,20,14,16,1,51,0,3,118,1,122,20,17,134,2,173,70,0,70,243
10/30/2021,SBP,CA,AWP,WE,Federal Contract Tower,13,8,35,0,56,0,0,46,0,46,13,8,81,0,102,82,0,82,184
10/31/2021,SBP,CA,AWP,WE,Federal Contract Tower,18,11,20,0,49,0,0,85,0,85,18,11,105,0,134,32,0,32,166
11/01/2021,SBP,CA,AWP,WE,Federal Contract Tower,15,14,32,0,61,0,0,18,2,20,15,14,50,2,81,10,0,10,91
11/02/2021,SBP,CA,AWP,WE,Federal Contract Tower,10,19,19,0,48,0,0,75,0,75,10,19,94,0,123,228,0,228,351
11/03/2021,SBP,CA,AWP,WE,Federal Contract Tower,12,22,24,0,58,0,1,84,2,87,12,23,108,2,145,142,0,142,287
11/04/2021,SBP,CA,AWP,WE,Federal Contract Tower,14,20,20,2,56,0,0,79,3,82,14,20,99,5,138,60,0,60,198
11/05/2021,SBP,CA,AWP,WE,Federal Contract Tower,15,23,28,0,66,0,4,107,1,112,15,27,135,1,178,158,0,158,336
11/06/2021,SBP,CA,AWP,WE,Federal Contract Tower,10,15,20,0,45,0,0,178,0,178,10,15,198,0,223,118,0,118,341
11/07/2021,SBP,CA,AWP,WE,Federal Contract Tower,16,14,20,0,50,0,0,73,0,73,16,14,93,0,123,12,0,12,135
11/08/2021,SBP,CA,AWP,WE,Federal Contract Tower,16,18,18,0,52,0,0,63,0,63,16,18,81,0,115,44,0,44,159
11/09/2021,SBP,CA,AWP,WE,Federal Contract Tower,11,26,41,0,78,0,0,0,0,0,11,26,41,0,78,0,0,0,78
11/10/2021,SBP,CA,AWP,WE,Federal Contract Tower,12,21,14,0,47,0,3,83,0,86,12,24,97,0,133,116,0,116,249
11/11/2021,SBP,CA,AWP,WE,Federal Contract Tower,16,19,16,0,51,0,5,113,0,118,16,24,129,0,169,78,0,78,247
11/12/2021,SBP,CA,AWP,WE,Federal Contract Tower,18,19,31,0,68,0,2,96,0,98,18,21,127,0,166,154,0,154,320
11/13/2021,SBP,CA,AWP,WE,Federal Contract Tower,12,15,20,0,47,0,0,131,0,131,12,15,151,0,178,96,0,96,274
11/14/2021,SBP,CA,AWP,WE,Federal Contract Tower,15,19,18,0,52,0,0,106,0,106,15,19,124,0,158,58,0,58,216
11/15/2021,SBP,CA,AWP,WE,Federal Contract Tower,16,18,19,3,56,0,1,77,2,80,16,19,96,5,136,86,0,86,222
11/16/2021,SBP,CA,AWP,WE,Federal Contract Tower,10,18,15,0,43,0,0,75,0,75,10,18,90,0,118,124,0,124,242
11/17/2021,SBP,CA,AWP,WE,Federal Contract Tower,12,22,10,0,44,0,4,76,3,83,12,26,86,3,127,144,0,144,271
11/18/2021,SBP,CA,AWP,WE,Federal Contract Tower,12,21,35,0,68,0,9,75,3,87,12,30,110,3,155,126,6,132,287
11/19/2021,SBP,CA,AWP,WE,Federal Contract Tower,14,17,36,0,67,0,1,96,0,97,14,18,132,0,164,110,0,110,274
11/20/2021,SBP,CA,AWP,WE,Federal Contract Tower,11,15,27,2,55,0,1,113,1,115,11,16,140,3,170,144,0,144,314
11/21/2021,SBP,CA,AWP,WE,Federal Contract Tower,9,14,17,0,40,0,0,91,0,91,9,14,108,0,131,76,0,76,207
11/22/2021,SBP,CA,AWP,WE,Federal Contract Tower,13,21,11,3,48,0,0,81,5,86,13,21,92,8,134,154,0,154,288
11/23/2021,SBP,CA,AWP,WE,Federal Contract Tower,10,27,16,0,53,0,3,78,0,81,10,30,94,0,134,150,0,150,284
11/24/2021,SBP,CA,AWP,WE,Federal Contract Tower,12,21,13,0,46,0,3,92,0,95,12,24,105,0,141,22,0,22,163
11/25/2021,SBP,CA,AWP,WE,Federal Contract Tower,6,8,4,0,18,0,0,58,0,58,6,8,62,0,76,30,0,30,106
11/26/2021,SBP,CA,AWP,WE,Federal Contract Tower,11,21,12,0,44,0,3,100,0,103,11,24,112,0,147,50,0,50,197
11/27/2021,SBP,CA,AWP,WE,Federal Contract Tower,9,13,23,0,45,0,0,119,1,120,9,13,142,1,165,74,0,74,239
11/28/2021,SBP,CA,AWP,WE,Federal Contract Tower,12,16,30,0,58,0,0,101,0,101,12,16,131,0,159,104,0,104,263
11/29/2021,SBP,CA,AWP,WE,Federal Contract Tower,12,16,21,2,51,0,1,87,3,91,12,17,108,5,142,72,0,72,214
11/30/2021,SBP,CA,AWP,WE,Federal Contract Tower,11,24,25,0,60,0,2,81,4,87,11,26,106,4,147,164,0,164,311
12/01/2021,SBP,CA,AWP,WE,Federal Contract Tower,12,24,25,8,69,0,2,101,4,107,12,26,126,12,176,98,12,110,286
12/02/2021,SBP,CA,AWP,WE,Federal Contract Tower,17,20,28,6,71,0,0,74,1,75,17,20,102,7,146,108,10,118,264
12/03/2021,SBP,CA,AWP,WE,Federal Contract Tower,16,22,44,1,83,0,0,12,0,12,16,22,56,1,95,8,0,8,103
12/04/2021,SBP,CA,AWP,WE,Federal Contract Tower,8,21,32,0,61,0,2,90,0,92,8,23,122,0,153,96,0,96,249
12/05/2021,SBP,CA,AWP,WE,Federal Contract Tower,16,14,35,0,65,0,0,68,0,68,16,14,103,0,133,94,0,94,227
12/06/2021,SBP,CA,AWP,WE,Federal Contract Tower,16,17,25,3,61,0,0,48,1,49,16,17,73,4,110,102,0,102,212
12/07/2021,SBP,CA,AWP,WE,Federal Contract Tower,10,21,21,2,54,0,0,28,1,29,10,21,49,3,83,86,0,86,169
12/08/2021,SBP,CA,AWP,WE,Federal Contract Tower,12,30,21,1,64,0,2,55,0,57,12,32,76,1,121,52,0,52,173
12/09/2021,SBP,CA,AWP,WE,Federal Contract Tower,16,28,21,0,65,0,0,17,0,17,16,28,38,0,82,76,0,76,158
12/10/2021,SBP,CA,AWP,WE,Federal Contract Tower,16,25,28,0,69,0,0,141,0,141,16,25,169,0,210,72,0,72,282
12/11/2021,SBP,CA,AWP,WE,Federal Contract Tower,7,11,23,0,41,0,0,137,2,139,7,11,160,2,180,54,0,54,234
12/12/2021,SBP,CA,AWP,WE,Federal Contract Tower,16,11,27,0,54,0,0,109,0,109,16,11,136,0,163,72,0,72,235
12/13/2021,SBP,CA,AWP,WE,Federal Contract Tower,16,17,10,2,45,0,0,0,0,0,16,17,10,2,45,0,0,0,45
12/14/2021,SBP,CA,AWP,WE,Federal Contract Tower,10,20,13,0,43,0,0,0,0,0,10,20,13,0,43,0,0,0,43
12/15/2021,SBP,CA,AWP,WE,Federal Contract Tower,12,26,16,0,54,0,2,90,5,97,12,28,106,5,151,80,0,80,231
12/16/2021,SBP,CA,AWP,WE,Federal Contract Tower,12,21,22,0,55,0,0,6,1,7,12,21,28,1,62,0,0,0,62
12/17/2021,SBP,CA,AWP,WE,Federal Contract Tower,15,23,29,1,68,0,2,119,4,125,15,25,148,5,193,100,0,100,293
12/18/2021,SBP,CA,AWP,WE,Federal Contract Tower,17,11,27,0,55,0,1,112,0,113,17,12,139,0,168,120,0,120,288
12/19/2021,SBP,CA,AWP,WE,Federal Contract Tower,16,11,31,0,58,0,0,96,0,96,16,11,127,0,154,94,0,94,248
12/20/2021,SBP,CA,AWP,WE,Federal Contract Tower,14,17,13,0,44,0,1,57,0,58,14,18,70,0,102,140,0,140,242
12/21/2021,SBP,CA,AWP,WE,Federal Contract Tower,12,23,11,0,46,0,2,56,0,58,12,25,67,0,104,66,0,66,170
12/22/2021,SBP,CA,AWP,WE,Federal Contract Tower,9,20,24,2,55,0,0,1,0,1,9,20,25,2,56,0,0,0,56
12/23/2021,SBP,CA,AWP,WE,Federal Contract Tower,13,22,14,0,49,0,0,0,0,0,13,22,14,0,49,0,0,0,49
12/24/2021,SBP,CA,AWP,WE,Federal Contract Tower,17,17,20,0,54,0,0,3,0,3,17,17,23,0,57,0,0,0,57
12/25/2021,SBP,CA,AWP,WE,Federal Contract Tower,6,5,4,0,15,0,0,9,0,9,6,5,13,0,24,4,0,4,28
12/26/2021,SBP,CA,AWP,WE,Federal Contract Tower,14,9,18,0,41,0,0,65,0,65,14,9,83,0,106,34,0,34,140
12/27/2021,SBP,CA,AWP,WE,Federal Contract Tower,16,13,10,0,39,0,1,0,0,1,16,14,10,0,40,0,0,0,40
12/28/2021,SBP,CA,AWP,WE,Federal Contract Tower,3,5,6,0,14,0,0,44,0,44,3,5,50,0,58,28,0,28,86
12/29/2021,SBP,CA,AWP,WE,Federal Contract Tower,12,18,22,0,52,0,0,0,0,0,12,18,22,0,52,0,0,0,52
12/30/2021,SBP,CA,AWP,WE,Federal Contract Tower,11,16,16,0,43,0,2,55,4,61,11,18,71,4,104,34,0,34,138
12/31/2021,SBP,CA,AWP,WE,Federal Contract Tower,16,16,14,0,46,0,1,66,0,67,16,17,80,0,113,42,0,42,155
01/01/2022,SBP,CA,AWP,WE,Federal Contract Tower,8,8,17,0,33,0,1,83,0,84,8,9,100,0,117,48,0,48,165
01/02/2022,SBP,CA,AWP,WE,Federal Contract Tower,16,12,24,0,52,0,0,124,0,124,16,12,148,0,176,48,0,48,224
01/03/2022,SBP,CA,AWP,WE,Federal Contract Tower,12,11,25,0,48,0,0,70,0,70,12,11,95,0,118,130,0,130,248
01/04/2022,SBP,CA,AWP,WE,Federal Contract Tower,15,15,25,2,57,0,2,67,0,69,15,17,92,2,126,98,4,102,228
01/05/2022,SBP,CA,AWP,WE,Federal Contract Tower,13,14,21,0,48,0,0,78,7,85,13,14,99,7,133,128,0,128,261
01/06/2022,SBP,CA,AWP,WE,Federal Contract Tower,19,25,26,4,74,0,0,77,2,79,19,25,103,6,153,96,0,96,249
01/07/2022,SBP,CA,AWP,WE,Federal Contract Tower,17,17,18,2,54,0,0,55,0,55,17,17,73,2,109,100,0,100,209
01/08/2022,SBP,CA,AWP,WE,Federal Contract Tower,13,13,21,1,48,0,0,111,0,111,13,13,132,1,159,66,0,66,225
01/09/2022,SBP,CA,AWP,WE,Federal Contract Tower,17,7,25,1,50,0,1,111,0,112,17,8,136,1,162,84,0,84,246
01/10/2022,SBP,CA,AWP,WE,Federal Contract Tower,16,12,12,1,41,0,2,83,0,85,16,14,95,1,126,110,0,110,236
01/11/2022,SBP,CA,AWP,WE,Federal Contract Tower,15,13,15,0,43,0,6,111,0,117,15,19,126,0,160,14,0,14,174
01/12/2022,SBP,CA,AWP,WE,Federal Contract Tower,13,17,13,4,47,0,3,92,4,99,13,20,105,8,146,62,0,62,208
01/13/2022,SBP,CA,AWP,WE,Federal Contract Tower,19,14,18,1,52,0,3,83,5,91,19,17,101,6,143,42,0,42,185
01/14/2022,SBP,CA,AWP,WE,Federal Contract Tower,18,14,31,0,63,0,4,122,0,126,18,18,153,0,189,66,0,66,255
01/15/2022,SBP,CA,AWP,WE,Federal Contract Tower,11,7,18,0,36,0,0,111,0,111,11,7,129,0,147,68,0,68,215
01/16/2022,SBP,CA,AWP,WE,Federal Contract Tower,19,5,24,0,48,0,1,107,0,108,19,6,131,0,156,68,0,68,224
01/17/2022,SBP,CA,AWP,WE,Federal Contract Tower,19,10,30,0,59,0,0,74,2,76,19,10,104,2,135,106,0,106,241
01/18/2022,SBP,CA,AWP,WE,Federal Contract Tower,12,22,17,1,52,0,3,70,2,75,12,25,87,3,127,118,0,118,245
01/19/2022,SBP,CA,AWP,WE,Federal Contract Tower,13,20,13,6,52,0,0,77,5,82,13,20,90,11,134,98,0,98,232
01/20/2022,SBP,CA,AWP,WE,Federal Contract Tower,15,12,16,3,46,0,4,91,2,97,15,16,107,5,143,36,0,36,179
01/21/2022,SBP,CA,AWP,WE,Federal Contract Tower,18,13,16,7,54,0,0,98,1,99,18,13,114,8,153,30,0,30,183
01/22/2022,SBP,CA,AWP,WE,Federal Contract Tower,13,7,12,0,32,0,0,145,0,145,13,7,157,0,177,0,0,0,177
01/23/2022,SBP,CA,AWP,WE,Federal Contract Tower,17,10,19,0,46,0,0,138,0,138,17,10,157,0,184,18,0,18,202
01/24/2022,SBP,CA,AWP,WE,Federal Contract Tower,18,12,12,0,42,0,0,80,0,80,18,12,92,0,122,0,0,0,122
01/25/2022,SBP,CA,AWP,WE,Federal Contract Tower,15,16,10,2,43,0,2,105,1,108,15,18,115,3,151,0,0,0,151
01/26/2022,SBP,CA,AWP,WE,Federal Contract Tower,12,16,18,2,48,0,2,103,1,106,12,18,121,3,154,42,0,42,196
01/27/2022,SBP,CA,AWP,WE,Federal Contract Tower,13,6,8,2,29,0,0,101,2,103,13,6,109,4,132,0,0,0,132
01/28/2022,SBP,CA,AWP,WE,Federal Contract Tower,11,8,11,0,30,0,0,111,1,112,11,8,122,1,142,28,0,28,170
01/29/2022,SBP,CA,AWP,WE,Federal Contract Tower,12,11,26,0,49,0,0,118,1,119,12,11,144,1,168,8,0,8,176
01/30/2022,SBP,CA,AWP,WE,Federal Contract Tower,18,7,17,0,42,0,0,160,2,162,18,7,177,2,204,108,0,108,312
01/31/2022,SBP,CA,AWP,WE,Federal Contract Tower,18,13,14,1,46,0,1,66,0,67,18,14,80,1,113,68,0,68,181
02/01/2022,SBP,CA,AWP,WE,Federal Contract Tower,10,15,4,0,29,0,1,66,0,67,10,16,70,0,96,102,0,102,198
02/02/2022,SBP,CA,AWP,WE,Federal Contract Tower,11,17,16,8,52,0,2,79,0,81,11,19,95,8,133,44,0,44,177
02/03/2022,SBP,CA,AWP,WE,Federal Contract Tower,16,16,15,0,47,0,4,114,3,121,16,20,129,3,168,76,0,76,244
02/04/2022,SBP,CA,AWP,WE,Federal Contract Tower,18,12,16,0,46,0,2,103,4,109,18,14,119,4,155,102,8,110,265
02/05/2022,SBP,CA,AWP,WE,Federal Contract Tower,0,0,0,0,0,0,0,0,0,0,0,0,0,0,0,0,0,0,0
02/06/2022,SBP,CA,AWP,WE,Federal Contract Tower,17,8,25,0,50,0,0,127,0,127,17,8,152,0,177,48,0,48,225
02/07/2022,SBP,CA,AWP,WE,Federal Contract Tower,15,9,10,1,35,0,1,121,0,122,15,10,131,1,157,96,0,96,253
02/08/2022,SBP,CA,AWP,WE,Federal Contract Tower,11,16,14,0,41,0,1,111,0,112,11,17,125,0,153,152,0,152,305
02/09/2022,SBP,CA,AWP,WE,Federal Contract Tower,11,13,24,0,48,0,3,107,0,110,11,16,131,0,158,74,0,74,232
02/10/2022,SBP,CA,AWP,WE,Federal Contract Tower,15,19,13,0,47,0,4,120,1,125,15,23,133,1,172,120,0,120,292
02/11/2022,SBP,CA,AWP,WE,Federal Contract Tower,11,13,24,0,48,0,3,107,0,110,11,16,131,0,158,74,0,74,232
02/12/2022,SBP,CA,AWP,WE,Federal Contract Tower,15,19,13,0,47,0,4,120,1,125,15,23,133,1,172,120,0,120,292
02/13/2022,SBP,CA,AWP,WE,Federal Contract Tower,17,11,10,0,38,0,0,115,0,115,17,11,125,0,153,80,0,80,233
02/14/2022,SBP,CA,AWP,WE,Federal Contract Tower,12,29,17,0,58,0,0,80,4,84,12,29,97,4,142,8,0,8,150
02/15/2022,SBP,CA,AWP,WE,Federal Contract Tower,7,19,16,0,42,0,4,34,0,38,7,23,50,0,80,98,0,98,178
02/16/2022,SBP,CA,AWP,WE,Federal Contract Tower,11,15,15,2,43,0,4,137,1,142,11,19,152,3,185,80,0,80,265
02/17/2022,SBP,CA,AWP,WE,Federal Contract Tower,15,18,16,1,50,0,4,128,0,132,15,22,144,1,182,68,2,70,252
02/18/2022,SBP,CA,AWP,WE,Federal Contract Tower,17,21,28,0,66,0,0,162,0,162,17,21,190,0,228,96,0,96,324
02/19/2022,SBP,CA,AWP,WE,Federal Contract Tower,11,14,19,0,44,0,2,195,0,197,11,16,214,0,241,72,0,72,313
02/20/2022,SBP,CA,AWP,WE,Federal Contract Tower,14,9,31,0,54,0,0,114,0,114,14,9,145,0,168,74,0,74,242
02/21/2022,SBP,CA,AWP,WE,Federal Contract Tower,17,18,11,1,47,0,0,94,0,94,17,18,105,1,141,86,0,86,227
02/22/2022,SBP,CA,AWP,WE,Federal Contract Tower,12,22,12,0,46,0,3,22,0,25,12,25,34,0,71,64,0,64,135
02/23/2022,SBP,CA,AWP,WE,Federal Contract Tower,7,17,8,5,37,0,4,103,10,117,7,21,111,15,154,114,10,124,278
02/24/2022,SBP,CA,AWP,WE,Federal Contract Tower,12,19,14,0,45,0,0,0,0,0,12,19,14,0,45,74,0,74,119
02/25/2022,SBP,CA,AWP,WE,Federal Contract Tower,17,20,16,0,53,0,3,132,0,135,17,23,148,0,188,72,0,72,260
02/26/2022,SBP,CA,AWP,WE,Federal Contract Tower,6,14,8,0,28,0,0,112,0,112,6,14,120,0,140,122,0,122,262
02/27/2022,SBP,CA,AWP,WE,Federal Contract Tower,13,13,13,0,39,0,1,119,1,121,13,14,132,1,160,54,0,54,214
02/28/2022,SBP,CA,AWP,WE,Federal Contract Tower,15,14,10,0,39,0,0,73,0,73,15,14,83,0,112,76,0,76,188
03/01/2022,SBP,CA,AWP,WE,Federal Contract Tower,12,17,9,1,39,0,0,122,0,122,12,17,131,1,161,162,0,162,323
03/02/2022,SBP,CA,AWP,WE,Federal Contract Tower,10,19,8,0,37,0,3,128,2,133,10,22,136,2,170,260,4,264,434
03/03/2022,SBP,CA,AWP,WE,Federal Contract Tower,15,16,19,6,56,0,9,70,0,79,15,25,89,6,135,160,0,160,295
03/04/2022,SBP,CA,AWP,WE,Federal Contract Tower,16,20,38,1,75,0,2,15,0,17,16,22,53,1,92,16,0,16,108
03/05/2022,SBP,CA,AWP,WE,Federal Contract Tower,11,9,7,0,27,0,0,51,0,51,11,9,58,0,78,24,0,24,102
03/06/2022,SBP,CA,AWP,WE,Federal Contract Tower,15,10,18,0,43,0,0,108,0,108,15,10,126,0,151,104,0,104,255
03/07/2022,SBP,CA,AWP,WE,Federal Contract Tower,15,12,12,0,39,0,0,103,1,104,15,12,115,1,143,136,0,136,279
03/08/2022,SBP,CA,AWP,WE,Federal Contract Tower,12,16,16,0,44,0,2,134,0,136,12,18,150,0,180,170,0,170,350
03/09/2022,SBP,CA,AWP,WE,Federal Contract Tower,13,15,25,1,54,0,4,128,12,144,13,19,153,13,198,210,0,210,408
03/10/2022,SBP,CA,AWP,WE,Federal Contract Tower,15,16,19,1,51,0,2,104,0,106,15,18,123,1,157,102,0,102,259
03/11/2022,SBP,CA,AWP,WE,Federal Contract Tower,18,14,19,1,52,0,4,141,4,149,18,18,160,5,201,138,0,138,339
03/12/2022,SBP,CA,AWP,WE,Federal Contract Tower,11,9,13,6,39,0,0,128,1,129,11,9,141,7,168,66,0,66,234
03/13/2022,SBP,CA,AWP,WE,Federal Contract Tower,15,7,22,3,47,0,0,113,0,113,15,7,135,3,160,46,0,46,206
03/14/2022,SBP,CA,AWP,WE,Federal Contract Tower,15,12,19,10,56,0,0,79,0,79,15,12,98,10,135,54,0,54,189
03/15/2022,SBP,CA,AWP,WE,Federal Contract Tower,12,19,19,3,53,0,1,81,0,82,12,20,100,3,135,88,0,88,223
03/16/2022,SBP,CA,AWP,WE,Federal Contract Tower,12,22,19,3,56,0,3,122,0,125,12,25,141,3,181,100,0,100,281
03/17/2022,SBP,CA,AWP,WE,Federal Contract Tower,15,16,17,5,53,0,4,134,2,140,15,20,151,7,193,98,0,98,291
03/18/2022,SBP,CA,AWP,WE,Federal Contract Tower,15,13,24,6,58,0,2,152,0,154,15,15,176,6,212,112,0,112,324
03/19/2022,SBP,CA,AWP,WE,Federal Contract Tower,11,9,34,2,56,0,0,3,2,5,11,9,37,4,61,2,0,2,63
03/20/2022,SBP,CA,AWP,WE,Federal Contract Tower,11,7,13,1,32,0,0,36,2,38,11,7,49,3,70,36,2,38,108
03/21/2022,SBP,CA,AWP,WE,Federal Contract Tower,15,10,13,3,41,0,0,72,0,72,15,10,85,3,113,112,0,112,225
03/22/2022,SBP,CA,AWP,WE,Federal Contract Tower,14,13,17,7,51,0,3,95,2,100,14,16,112,9,151,58,6,64,215
03/23/2022,SBP,CA,AWP,WE,Federal Contract Tower,14,19,17,0,50,0,2,124,1,127,14,21,141,1,177,144,0,144,321
03/24/2022,SBP,CA,AWP,WE,Federal Contract Tower,19,20,26,0,65,0,6,133,0,139,19,26,159,0,204,80,0,80,284
03/25/2022,SBP,CA,AWP,WE,Federal Contract Tower,15,17,17,1,50,0,0,93,0,93,15,17,110,1,143,94,0,94,237
03/26/2022,SBP,CA,AWP,WE,Federal Contract Tower,11,12,23,1,47,0,0,80,0,80,11,12,103,1,127,98,0,98,225
03/27/2022,SBP,CA,AWP,WE,Federal Contract Tower,14,11,44,1,70,0,2,31,0,33,14,13,75,1,103,52,0,52,155
03/28/2022,SBP,CA,AWP,WE,Federal Contract Tower,15,12,12,2,41,0,1,1,0,2,15,13,13,2,43,0,0,0,43
03/29/2022,SBP,CA,AWP,WE,Federal Contract Tower,13,18,30,2,63,0,0,89,0,89,13,18,119,2,152,152,0,152,304
03/30/2022,SBP,CA,AWP,WE,Federal Contract Tower,13,20,27,2,62,0,2,119,4,125,13,22,146,6,187,144,0,144,331
03/31/2022,SBP,CA,AWP,WE,Federal Contract Tower,14,18,26,2,60,0,3,102,2,107,14,21,128,4,167,164,0,164,331
04/01/2022,SBP,CA,AWP,WE,Federal Contract Tower,13,10,30,3,56,0,4,110,0,114,13,14,140,3,170,92,0,92,262
04/02/2022,SBP,CA,AWP,WE,Federal Contract Tower,10,12,42,2,66,0,0,36,0,36,10,12,78,2,102,34,0,34,136
04/03/2022,SBP,CA,AWP,WE,Federal Contract Tower,14,10,42,1,67,0,4,49,0,53,14,14,91,1,120,52,0,52,172
04/04/2022,SBP,CA,AWP,WE,Federal Contract Tower,15,10,9,2,36,0,0,68,0,68,15,10,77,2,104,102,0,102,206
04/05/2022,SBP,CA,AWP,WE,Federal Contract Tower,8,18,12,0,38,0,1,101,2,104,8,19,113,2,142,54,0,54,196
04/06/2022,SBP,CA,AWP,WE,Federal Contract Tower,11,15,16,0,42,0,4,81,0,85,11,19,97,0,127,52,0,52,179
04/07/2022,SBP,CA,AWP,WE,Federal Contract Tower,17,15,20,7,59,0,2,129,0,131,17,17,149,7,190,96,0,96,286
04/08/2022,SBP,CA,AWP,WE,Federal Contract Tower,15,19,18,1,53,0,3,165,0,168,15,22,183,1,221,98,0,98,319
04/09/2022,SBP,CA,AWP,WE,Federal Contract Tower,11,12,16,0,39,0,0,113,0,113,11,12,129,0,152,50,0,50,202
04/10/2022,SBP,CA,AWP,WE,Federal Contract Tower,14,11,10,0,35,0,5,123,0,128,14,16,133,0,163,86,0,86,249
04/11/2022,SBP,CA,AWP,WE,Federal Contract Tower,15,10,17,4,46,0,0,33,0,33,15,10,50,4,79,94,0,94,173
04/12/2022,SBP,CA,AWP,WE,Federal Contract Tower,9,12,5,3,29,0,3,70,0,73,9,15,75,3,102,40,0,40,142
04/13/2022,SBP,CA,AWP,WE,Federal Contract Tower,11,14,16,6,47,0,4,83,3,90,11,18,99,9,137,124,0,124,261
04/14/2022,SBP,CA,AWP,WE,Federal Contract Tower,15,16,18,4,53,0,4,76,1,81,15,20,94,5,134,100,0,100,234
04/15/2022,SBP,CA,AWP,WE,Federal Contract Tower,15,10,28,0,53,0,3,114,0,117,15,13,142,0,170,176,0,176,346
04/16/2022,SBP,CA,AWP,WE,Federal Contract Tower,10,9,32,5,56,0,0,18,0,18,10,9,50,5,74,32,0,32,106
04/17/2022,SBP,CA,AWP,WE,Federal Contract Tower,14,18,14,2,48,0,0,127,0,127,14,18,141,2,175,74,0,74,249
04/18/2022,SBP,CA,AWP,WE,Federal Contract Tower,15,14,28,1,58,0,0,97,0,97,15,14,125,1,155,152,0,152,307
04/19/2022,SBP,CA,AWP,WE,Federal Contract Tower,11,15,33,5,64,0,3,67,2,72,11,18,100,7,136,70,0,70,206
04/20/2022,SBP,CA,AWP,WE,Federal Contract Tower,10,21,24,2,57,0,5,130,5,140,10,26,154,7,197,160,0,160,357
04/21/2022,SBP,CA,AWP,WE,Federal Contract Tower,15,22,25,7,69,0,0,29,0,29,15,22,54,7,98,26,2,28,126
04/22/2022,SBP,CA,AWP,WE,Federal Contract Tower,14,24,15,7,60,0,1,55,0,56,14,25,70,7,116,44,0,44,160
04/23/2022,SBP,CA,AWP,WE,Federal Contract Tower,11,12,19,7,49,0,0,128,0,128,11,12,147,7,177,88,0,88,265
04/24/2022,SBP,CA,AWP,WE,Federal Contract Tower,15,13,9,2,39,0,0,157,0,157,15,13,166,2,196,104,0,104,300
04/25/2022,SBP,CA,AWP,WE,Federal Contract Tower,15,10,19,5,49,0,0,181,0,181,15,10,200,5,230,166,0,166,396
04/26/2022,SBP,CA,AWP,WE,Federal Contract Tower,10,18,12,0,40,0,3,64,0,67,10,21,76,0,107,84,0,84,191
04/27/2022,SBP,CA,AWP,WE,Federal Contract Tower,11,26,20,1,58,0,2,105,6,113,11,28,125,7,171,142,0,142,313
04/28/2022,SBP,CA,AWP,WE,Federal Contract Tower,15,19,14,2,50,0,5,99,0,104,15,24,113,2,154,68,2,70,224
04/29/2022,SBP,CA,AWP,WE,Federal Contract Tower,16,22,12,0,50,0,1,103,0,104,16,23,115,0,154,34,0,34,188
04/30/2022,SBP,CA,AWP,WE,Federal Contract Tower,11,11,15,0,37,0,1,121,0,122,11,12,136,0,159,146,0,146,305
05/01/2022,SBP,CA,AWP,WE,Federal Contract Tower,16,13,22,0,51,0,0,145,0,145,16,13,167,0,196,36,0,36,232
05/02/2022,SBP,CA,AWP,WE,Federal Contract Tower,15,12,15,1,43,0,1,55,2,58,15,13,70,3,101,8,0,8,109
05/03/2022,SBP,CA,AWP,WE,Federal Contract Tower,11,16,14,4,45,0,0,104,0,104,11,16,118,4,149,104,2,106,255
05/04/2022,SBP,CA,AWP,WE,Federal Contract Tower,11,16,19,2,48,0,2,107,0,109,11,18,126,2,157,184,0,184,341
05/05/2022,SBP,CA,AWP,WE,Federal Contract Tower,13,22,26,2,63,0,4,106,2,112,13,26,132,4,175,182,0,182,357
05/06/2022,SBP,CA,AWP,WE,Federal Contract Tower,17,17,18,2,54,0,0,94,0,94,17,17,112,2,148,74,0,74,222
05/07/2022,SBP,CA,AWP,WE,Federal Contract Tower,12,8,8,2,30,0,1,40,2,43,12,9,48,4,73,108,0,108,181
05/08/2022,SBP,CA,AWP,WE,Federal Contract Tower,18,8,18,1,45,0,0,59,0,59,18,8,77,1,104,20,0,20,124
05/09/2022,SBP,CA,AWP,WE,Federal Contract Tower,18,7,9,0,34,0,2,58,0,60,18,9,67,0,94,126,0,126,220
05/10/2022,SBP,CA,AWP,WE,Federal Contract Tower,13,12,15,0,40,0,0,76,0,76,13,12,91,0,116,126,0,126,242
05/11/2022,SBP,CA,AWP,WE,Federal Contract Tower,11,19,17,1,48,0,3,76,1,80,11,22,93,2,128,176,0,176,304
05/12/2022,SBP,CA,AWP,WE,Federal Contract Tower,18,14,14,0,46,0,3,121,0,124,18,17,135,0,170,90,20,110,280
05/13/2022,SBP,CA,AWP,WE,Federal Contract Tower,18,11,12,0,41,0,4,91,4,99,18,15,103,4,140,80,0,80,220
05/14/2022,SBP,CA,AWP,WE,Federal Contract Tower,12,6,12,0,30,0,1,146,2,149,12,7,158,2,179,150,0,150,329
05/15/2022,SBP,CA,AWP,WE,Federal Contract Tower,18,12,22,0,52,0,0,89,3,92,18,12,111,3,144,136,0,136,280
05/16/2022,SBP,CA,AWP,WE,Federal Contract Tower,17,9,13,5,44,0,0,82,0,82,17,9,95,5,126,108,0,108,234
05/17/2022,SBP,CA,AWP,WE,Federal Contract Tower,11,20,13,4,48,0,1,76,3,80,11,21,89,7,128,158,0,158,286
05/18/2022,SBP,CA,AWP,WE,Federal Contract Tower,12,18,17,2,49,0,2,105,8,115,12,20,122,10,164,118,0,118,282
05/19/2022,SBP,CA,AWP,WE,Federal Contract Tower,18,16,18,4,56,0,0,91,3,94,18,16,109,7,150,144,0,144,294
05/20/2022,SBP,CA,AWP,WE,Federal Contract Tower,18,21,18,5,62,0,1,110,1,112,18,22,128,6,174,158,0,158,332
05/21/2022,SBP,CA,AWP,WE,Federal Contract Tower,14,10,11,1,36,0,0,134,0,134,14,10,145,1,170,224,0,224,394
05/22/2022,SBP,CA,AWP,WE,Federal Contract Tower,18,7,23,1,49,0,0,109,0,109,18,7,132,1,158,130,0,130,288
05/23/2022,SBP,CA,AWP,WE,Federal Contract Tower,17,17,10,0,44,0,2,91,0,93,17,19,101,0,137,78,0,78,215
05/24/2022,SBP,CA,AWP,WE,Federal Contract Tower,15,14,10,2,41,0,0,103,4,107,15,14,113,6,148,166,0,166,314
05/25/2022,SBP,CA,AWP,WE,Federal Contract Tower,14,18,22,3,57,0,1,87,4,92,14,19,109,7,149,140,0,140,289
05/26/2022,SBP,CA,AWP,WE,Federal Contract Tower,18,18,40,0,76,0,1,43,1,45,18,19,83,1,121,86,0,86,207
05/27/2022,SBP,CA,AWP,WE,Federal Contract Tower,18,25,30,0,73,0,6,74,0,80,18,31,104,0,153,94,0,94,247
05/28/2022,SBP,CA,AWP,WE,Federal Contract Tower,13,13,20,0,46,0,1,90,0,91,13,14,110,0,137,148,0,148,285
05/29/2022,SBP,CA,AWP,WE,Federal Contract Tower,18,6,18,0,42,0,0,80,0,80,18,6,98,0,122,86,0,86,208
05/30/2022,SBP,CA,AWP,WE,Federal Contract Tower,38,12,30,0,80,0,0,96,0,96,38,12,126,0,176,152,0,152,328
05/31/2022,SBP,CA,AWP,WE,Federal Contract Tower,14,9,18,0,41,0,1,101,0,102,14,10,119,0,143,142,0,142,285
06/01/2022,SBP,CA,AWP,WE,Federal Contract Tower,14,14,9,0,37,0,1,88,0,89,14,15,97,0,126,158,0,158,284
06/02/2022,SBP,CA,AWP,WE,Federal Contract Tower,21,14,9,0,44,0,0,101,0,101,21,14,110,0,145,154,0,154,299
06/03/2022,SBP,CA,AWP,WE,Federal Contract Tower,17,15,22,1,55,0,0,93,0,93,17,15,115,1,148,126,0,126,274
06/04/2022,SBP,CA,AWP,WE,Federal Contract Tower,30,15,16,2,63,0,0,91,0,91,30,15,107,2,154,172,0,172,326
06/05/2022,SBP,CA,AWP,WE,Federal Contract Tower,16,10,28,1,55,0,0,78,1,79,16,10,106,2,134,66,0,66,200
06/06/2022,SBP,CA,AWP,WE,Federal Contract Tower,16,11,20,4,51,0,1,78,5,84,16,12,98,9,135,106,0,106,241
06/07/2022,SBP,CA,AWP,WE,Federal Contract Tower,17,22,20,4,63,0,5,89,1,95,17,27,109,5,158,154,0,154,312
06/08/2022,SBP,CA,AWP,WE,Federal Contract Tower,16,15,10,4,45,0,7,100,3,110,16,22,110,7,155,66,0,66,221
06/09/2022,SBP,CA,AWP,WE,Federal Contract Tower,17,17,25,3,62,0,3,105,0,108,17,20,130,3,170,168,0,168,338
06/10/2022,SBP,CA,AWP,WE,Federal Contract Tower,17,21,15,3,56,0,1,96,0,97,17,22,111,3,153,134,0,134,287
06/11/2022,SBP,CA,AWP,WE,Federal Contract Tower,19,13,11,1,44,0,1,154,0,155,19,14,165,1,199,178,0,178,377
06/12/2022,SBP,CA,AWP,WE,Federal Contract Tower,17,15,23,2,57,0,0,116,0,116,17,15,139,2,173,90,0,90,263
06/13/2022,SBP,CA,AWP,WE,Federal Contract Tower,19,15,18,0,52,0,1,72,3,76,19,16,90,3,128,48,0,48,176
06/14/2022,SBP,CA,AWP,WE,Federal Contract Tower,17,16,13,3,49,0,1,52,5,58,17,17,65,8,107,98,0,98,205
06/15/2022,SBP,CA,AWP,WE,Federal Contract Tower,14,17,22,2,55,0,4,115,7,126,14,21,137,9,181,26,0,26,207
06/16/2022,SBP,CA,AWP,WE,Federal Contract Tower,20,19,13,2,54,0,3,100,4,107,20,22,113,6,161,90,0,90,251
06/17/2022,SBP,CA,AWP,WE,Federal Contract Tower,18,12,33,1,64,0,5,102,0,107,18,17,135,1,171,34,0,34,205
06/18/2022,SBP,CA,AWP,WE,Federal Contract Tower,19,7,14,0,40,0,1,117,2,120,19,8,131,2,160,32,0,32,192
06/19/2022,SBP,CA,AWP,WE,Federal Contract Tower,19,9,13,0,41,0,7,126,0,133,19,16,139,0,174,34,0,34,208
06/20/2022,SBP,CA,AWP,WE,Federal Contract Tower,20,12,33,1,66,0,0,120,0,120,20,12,153,1,186,60,0,60,246
06/21/2022,SBP,CA,AWP,WE,Federal Contract Tower,21,16,9,2,48,0,1,98,2,101,21,17,107,4,149,160,0,160,309
06/22/2022,SBP,CA,AWP,WE,Federal Contract Tower,18,18,7,1,44,0,3,67,0,70,18,21,74,1,114,60,2,62,176
06/23/2022,SBP,CA,AWP,WE,Federal Contract Tower,19,17,13,5,54,0,1,82,4,87,19,18,95,9,141,86,2,88,229
06/24/2022,SBP,CA,AWP,WE,Federal Contract Tower,20,16,29,1,66,0,3,113,1,117,20,19,142,2,183,192,0,192,375
06/25/2022,SBP,CA,AWP,WE,Federal Contract Tower,21,13,18,0,52,0,0,120,2,122,21,13,138,2,174,86,0,86,260
06/26/2022,SBP,CA,AWP,WE,Federal Contract Tower,19,9,28,0,56,0,0,131,6,137,19,9,159,6,193,106,0,106,299
06/27/2022,SBP,CA,AWP,WE,Federal Contract Tower,19,11,11,2,43,0,0,80,2,82,19,11,91,4,125,86,0,86,211
06/28/2022,SBP,CA,AWP,WE,Federal Contract Tower,19,15,16,2,52,0,1,90,1,92,19,16,106,3,144,106,0,106,250
06/29/2022,SBP,CA,AWP,WE,Federal Contract Tower,19,20,11,1,51,0,4,100,1,105,19,24,111,2,156,200,0,200,356
06/30/2022,SBP,CA,AWP,WE,Federal Contract Tower,20,16,16,3,55,0,2,76,1,79,20,18,92,4,134,114,16,130,264
07/01/2022,SBP,CA,AWP,WE,Federal Contract Tower,18,17,17,2,54,0,0,96,0,96,18,17,113,2,150,198,0,198,348
07/02/2022,SBP,CA,AWP,WE,Federal Contract Tower,19,13,20,0,52,0,1,94,0,95,19,14,114,0,147,26,0,26,173
07/03/2022,SBP,CA,AWP,WE,Federal Contract Tower,19,6,13,0,38,0,3,93,0,96,19,9,106,0,134,114,0,114,248
07/04/2022,SBP,CA,AWP,WE,Federal Contract Tower,18,6,3,0,27,0,2,53,0,55,18,8,56,0,82,30,0,30,112
07/05/2022,SBP,CA,AWP,WE,Federal Contract Tower,19,14,19,1,53,0,0,97,2,99,19,14,116,3,152,50,0,50,202
07/06/2022,SBP,CA,AWP,WE,Federal Contract Tower,20,20,26,0,66,0,1,86,3,90,20,21,112,3,156,122,0,122,278
07/07/2022,SBP,CA,AWP,WE,Federal Contract Tower,19,19,18,5,61,0,0,89,6,95,19,19,107,11,156,106,0,106,262
07/08/2022,SBP,CA,AWP,WE,Federal Contract Tower,19,17,14,6,56,0,3,107,0,110,19,20,121,6,166,148,0,148,314
07/09/2022,SBP,CA,AWP,WE,Federal Contract Tower,18,12,6,0,36,0,0,125,0,125,18,12,131,0,161,138,0,138,299
07/10/2022,SBP,CA,AWP,WE,Federal Contract Tower,19,8,13,2,42,0,0,135,0,135,19,8,148,2,177,96,0,96,273
07/11/2022,SBP,CA,AWP,WE,Federal Contract Tower,19,9,19,2,49,0,0,72,1,73,19,9,91,3,122,72,0,72,194
07/12/2022,SBP,CA,AWP,WE,Federal Contract Tower,19,25,19,2,65,0,1,72,2,75,19,26,91,4,140,150,0,150,290
07/13/2022,SBP,CA,AWP,WE,Federal Contract Tower,19,25,18,1,63,0,1,84,1,86,19,26,102,2,149,144,0,144,293
07/14/2022,SBP,CA,AWP,WE,Federal Contract Tower,18,18,18,1,55,0,5,72,1,78,18,23,90,2,133,114,0,114,247
07/15/2022,SBP,CA,AWP,WE,Federal Contract Tower,20,17,10,1,48,0,0,100,3,103,20,17,110,4,151,94,2,96,247
07/16/2022,SBP,CA,AWP,WE,Federal Contract Tower,20,12,15,0,47,0,2,125,0,127,20,14,140,0,174,130,0,130,304
07/17/2022,SBP,CA,AWP,WE,Federal Contract Tower,19,11,14,0,44,0,0,97,0,97,19,11,111,0,141,40,0,40,181
07/18/2022,SBP,CA,AWP,WE,Federal Contract Tower,19,9,20,0,48,0,0,70,2,72,19,9,90,2,120,112,0,112,232
07/19/2022,SBP,CA,AWP,WE,Federal Contract Tower,19,16,15,2,52,0,2,98,1,101,19,18,113,3,153,116,0,116,269
07/20/2022,SBP,CA,AWP,WE,Federal Contract Tower,19,16,30,10,75,0,0,96,3,99,19,16,126,13,174,96,0,96,270
07/21/2022,SBP,CA,AWP,WE,Federal Contract Tower,19,21,31,4,75,0,2,104,8,114,19,23,135,12,189,122,0,122,311
07/22/2022,SBP,CA,AWP,WE,Federal Contract Tower,21,21,26,0,68,0,5,138,2,145,21,26,164,2,213,30,0,30,243
07/23/2022,SBP,CA,AWP,WE,Federal Contract Tower,19,13,13,2,47,0,0,118,0,118,19,13,131,2,165,24,0,24,189
07/24/2022,SBP,CA,AWP,WE,Federal Contract Tower,16,12,35,0,63,0,1,79,0,80,16,13,114,0,143,34,0,34,177
07/25/2022,SBP,CA,AWP,WE,Federal Contract Tower,20,16,17,2,55,0,2,79,1,82,20,18,96,3,137,0,108,108,245
07/26/2022,SBP,CA,AWP,WE,Federal Contract Tower,19,16,16,3,54,0,1,79,3,83,19,17,95,6,137,132,0,132,269
07/27/2022,SBP,CA,AWP,WE,Federal Contract Tower,19,19,11,3,52,0,1,87,3,91,19,20,98,6,143,88,0,88,231
07/28/2022,SBP,CA,AWP,WE,Federal Contract Tower,17,25,20,3,65,0,0,100,5,105,17,25,120,8,170,150,0,150,320
07/29/2022,SBP,CA,AWP,WE,Federal Contract Tower,18,21,28,4,71,0,0,89,1,90,18,21,117,5,161,98,0,98,259
07/30/2022,SBP,CA,AWP,WE,Federal Contract Tower,18,12,23,0,53,0,1,84,1,86,18,13,107,1,139,70,0,70,209
07/31/2022,SBP,CA,AWP,WE,Federal Contract Tower,18,10,17,0,45,0,0,81,0,81,18,10,98,0,126,60,0,60,186
08/01/2022,SBP,CA,AWP,WE,Federal Contract Tower,18,8,20,5,51,0,1,81,3,85,18,9,101,8,136,46,0,46,182
08/02/2022,SBP,CA,AWP,WE,Federal Contract Tower,16,17,13,2,48,0,0,70,3,73,16,17,83,5,121,152,0,152,273
08/03/2022,SBP,CA,AWP,WE,Federal Contract Tower,16,23,18,2,59,0,4,110,4,118,16,27,128,6,177,103,0,103,280
08/04/2022,SBP,CA,AWP,WE,Federal Contract Tower,19,17,15,1,52,0,4,129,2,135,19,21,144,3,187,150,2,152,339
08/05/2022,SBP,CA,AWP,WE,Federal Contract Tower,18,20,21,0,59,0,0,107,3,110,18,20,128,3,169,146,0,146,315
08/06/2022,SBP,CA,AWP,WE,Federal Contract Tower,17,11,19,1,48,0,1,114,0,115,17,12,133,1,163,32,0,32,195
08/07/2022,SBP,CA,AWP,WE,Federal Contract Tower,17,13,17,1,48,0,1,103,0,104,17,14,120,1,152,56,0,56,208
08/08/2022,SBP,CA,AWP,WE,Federal Contract Tower,17,12,17,1,47,0,2,88,3,93,17,14,105,4,140,154,10,164,304
08/09/2022,SBP,CA,AWP,WE,Federal Contract Tower,16,24,36,2,78,0,0,99,1,100,16,24,135,3,178,120,0,120,298
08/10/2022,SBP,CA,AWP,WE,Federal Contract Tower,16,21,21,0,58,0,4,95,0,99,16,25,116,0,157,154,0,154,311
08/11/2022,SBP,CA,AWP,WE,Federal Contract Tower,18,22,18,2,60,0,0,97,1,98,18,22,115,3,158,150,0,150,308
08/12/2022,SBP,CA,AWP,WE,Federal Contract Tower,18,18,20,1,57,0,4,122,12,138,18,22,142,13,195,20,0,20,215
08/13/2022,SBP,CA,AWP,WE,Federal Contract Tower,18,10,9,2,39,0,1,106,4,111,18,11,115,6,150,102,0,102,252
08/14/2022,SBP,CA,AWP,WE,Federal Contract Tower,18,7,19,5,49,0,0,122,4,126,18,7,141,9,175,44,0,44,219
08/15/2022,SBP,CA,AWP,WE,Federal Contract Tower,19,16,25,4,64,0,1,105,2,108,19,17,130,6,172,86,0,86,258
08/16/2022,SBP,CA,AWP,WE,Federal Contract Tower,9,23,12,2,46,0,0,100,0,100,9,23,112,2,146,62,2,64,210
08/17/2022,SBP,CA,AWP,WE,Federal Contract Tower,8,18,22,4,52,0,4,143,2,149,8,22,165,6,201,128,0,128,329
08/18/2022,SBP,CA,AWP,WE,Federal Contract Tower,14,28,24,4,70,0,0,122,5,127,14,28,146,9,197,114,0,114,311
08/19/2022,SBP,CA,AWP,WE,Federal Contract Tower,16,22,25,0,63,0,1,112,0,113,16,23,137,0,176,94,0,94,270
08/20/2022,SBP,CA,AWP,WE,Federal Contract Tower,14,16,23,0,53,0,0,110,0,110,14,16,133,0,163,68,0,68,231
08/21/2022,SBP,CA,AWP,WE,Federal Contract Tower,16,20,35,1,72,0,0,73,0,73,16,20,108,1,145,56,0,56,201
08/22/2022,SBP,CA,AWP,WE,Federal Contract Tower,16,12,13,0,41,0,4,73,2,79,16,16,86,2,120,54,0,54,174
08/23/2022,SBP,CA,AWP,WE,Federal Contract Tower,10,18,7,2,37,0,2,79,2,83,10,20,86,4,120,54,0,54,174
08/24/2022,SBP,CA,AWP,WE,Federal Contract Tower,12,21,23,3,59,0,0,109,2,111,12,21,132,5,170,126,0,126,296
08/25/2022,SBP,CA,AWP,WE,Federal Contract Tower,14,22,13,4,53,0,2,106,1,109,14,24,119,5,162,94,0,94,256
08/26/2022,SBP,CA,AWP,WE,Federal Contract Tower,16,22,26,2,66,0,1,106,6,113,16,23,132,8,179,30,0,30,209
08/27/2022,SBP,CA,AWP,WE,Federal Contract Tower,14,12,20,0,46,0,0,153,0,153,14,12,173,0,199,52,0,52,251
08/28/2022,SBP,CA,AWP,WE,Federal Contract Tower,16,14,45,0,75,0,1,111,0,112,16,15,156,0,187,54,0,54,241
08/29/2022,SBP,CA,AWP,WE,Federal Contract Tower,17,13,19,0,49,0,2,81,0,83,17,15,100,0,132,48,0,48,180
08/30/2022,SBP,CA,AWP,WE,Federal Contract Tower,10,22,4,2,38,0,6,107,0,113,10,28,111,2,151,62,0,62,213
08/31/2022,SBP,CA,AWP,WE,Federal Contract Tower,10,16,13,2,41,0,3,116,0,119,10,19,129,2,160,104,10,114,274
09/01/2022,SBP,CA,AWP,WE,Federal Contract Tower,14,18,12,3,47,2,5,104,8,119,16,23,116,11,166,82,4,86,252
09/02/2022,SBP,CA,AWP,WE,Federal Contract Tower,16,17,22,2,57,0,10,116,0,126,16,27,138,2,183,36,0,36,219
09/03/2022,SBP,CA,AWP,WE,Federal Contract Tower,14,9,16,0,39,0,0,107,0,107,14,9,123,0,146,46,0,46,192
09/04/2022,SBP,CA,AWP,WE,Federal Contract Tower,15,6,11,0,32,0,0,78,2,80,15,6,89,2,112,16,0,16,128
09/05/2022,SBP,CA,AWP,WE,Federal Contract Tower,16,15,15,0,46,0,5,92,0,97,16,20,107,0,143,16,0,16,159
09/06/2022,SBP,CA,AWP,WE,Federal Contract Tower,10,22,16,3,51,0,3,92,1,96,10,25,108,4,147,40,2,42,189
09/07/2022,SBP,CA,AWP,WE,Federal Contract Tower,16,19,11,0,46,0,6,87,1,94,16,25,98,1,140,68,2,70,210
09/08/2022,SBP,CA,AWP,WE,Federal Contract Tower,14,21,16,6,57,0,4,73,2,79,14,25,89,8,136,18,0,18,154
09/09/2022,SBP,CA,AWP,WE,Federal Contract Tower,19,24,15,0,58,0,1,116,0,117,19,25,131,0,175,46,0,46,221
09/10/2022,SBP,CA,AWP,WE,Federal Contract Tower,16,16,15,0,47,0,9,49,0,58,16,25,64,0,105,98,0,98,203
09/11/2022,SBP,CA,AWP,WE,Federal Contract Tower,17,16,27,2,62,0,3,66,0,69,17,19,93,2,131,24,0,24,155
09/12/2022,SBP,CA,AWP,WE,Federal Contract Tower,18,17,23,1,59,0,1,90,0,91,18,18,113,1,150,44,0,44,194
09/13/2022,SBP,CA,AWP,WE,Federal Contract Tower,16,20,30,3,69,0,5,78,0,83,16,25,108,3,152,6,0,6,158
09/14/2022,SBP,CA,AWP,WE,Federal Contract Tower,15,21,14,0,50,0,1,80,0,81,15,22,94,0,131,84,0,84,215
09/15/2022,SBP,CA,AWP,WE,Federal Contract Tower,16,21,17,0,54,0,1,100,2,103,16,22,117,2,157,88,0,88,245
09/16/2022,SBP,CA,AWP,WE,Federal Contract Tower,20,20,18,2,60,0,4,126,4,134,20,24,144,6,194,2,0,2,196
09/17/2022,SBP,CA,AWP,WE,Federal Contract Tower,17,12,26,2,57,0,4,62,2,68,17,16,88,4,125,28,0,28,153
09/18/2022,SBP,CA,AWP,WE,Federal Contract Tower,16,13,19,0,48,0,0,39,0,39,16,13,58,0,87,12,0,12,99
09/19/2022,SBP,CA,AWP,WE,Federal Contract Tower,19,18,22,2,61,0,0,0,0,0,19,18,22,2,61,0,0,0,61
09/20/2022,SBP,CA,AWP,WE,Federal Contract Tower,17,23,20,0,60,0,0,71,1,72,17,23,91,1,132,10,0,10,142
09/21/2022,SBP,CA,AWP,WE,Federal Contract Tower,16,16,16,0,48,0,4,103,6,113,16,20,119,6,161,28,0,28,189
09/22/2022,SBP,CA,AWP,WE,Federal Contract Tower,17,19,21,0,57,0,3,77,1,81,17,22,98,1,138,34,0,34,172
09/23/2022,SBP,CA,AWP,WE,Federal Contract Tower,20,16,16,5,57,0,2,140,0,142,20,18,156,5,199,82,0,82,281
09/24/2022,SBP,CA,AWP,WE,Federal Contract Tower,17,18,14,0,49,0,0,128,0,128,17,18,142,0,177,26,0,26,203
09/25/2022,SBP,CA,AWP,WE,Federal Contract Tower,13,16,21,4,54,0,2,125,1,128,13,18,146,5,182,66,0,66,248
09/26/2022,SBP,CA,AWP,WE,Federal Contract Tower,20,19,20,2,61,0,0,72,0,72,20,19,92,2,133,66,0,66,199
09/27/2022,SBP,CA,AWP,WE,Federal Contract Tower,18,19,20,6,63,0,1,86,0,87,18,20,106,6,150,64,0,64,214
09/28/2022,SBP,CA,AWP,WE,Federal Contract Tower,16,18,20,1,55,0,4,117,0,121,16,22,137,1,176,158,0,158,334
09/29/2022,SBP,CA,AWP,WE,Federal Contract Tower,17,21,18,2,58,0,4,102,2,108,17,25,120,4,166,198,2,200,366
09/30/2022,SBP,CA,AWP,WE,Federal Contract Tower,18,29,31,2,80,0,0,92,4,96,18,29,123,6,176,70,0,70,246
10/01/2022,SBP,CA,AWP,WE,Federal Contract Tower,15,28,43,0,86,0,0,14,8,22,15,28,57,8,108,78,0,78,186
10/02/2022,SBP,CA,AWP,WE,Federal Contract Tower,16,23,27,0,66,0,0,84,2,86,16,23,111,2,152,54,0,54,206
10/03/2022,SBP,CA,AWP,WE,Federal Contract Tower,18,16,18,0,52,0,0,86,0,86,18,16,104,0,138,144,0,144,282
10/05/2022,SBP,CA,AWP,WE,Federal Contract Tower,15,21,14,0,50,0,2,90,2,94,15,23,104,2,144,132,0,132,276
10/06/2022,SBP,CA,AWP,WE,Federal Contract Tower,16,21,25,2,64,0,0,110,3,113,16,21,135,5,177,74,0,74,251
10/07/2022,SBP,CA,AWP,WE,Federal Contract Tower,18,23,21,0,62,0,2,134,0,136,18,25,155,0,198,148,0,148,346
10/08/2022,SBP,CA,AWP,WE,Federal Contract Tower,12,13,30,1,56,0,1,100,0,101,12,14,130,1,157,86,0,86,243
10/09/2022,SBP,CA,AWP,WE,Federal Contract Tower,14,13,37,7,71,0,3,98,0,101,14,16,135,7,172,56,0,56,228
10/10/2022,SBP,CA,AWP,WE,Federal Contract Tower,15,16,29,5,65,0,1,86,0,87,15,17,115,5,152,200,0,200,352
10/11/2022,SBP,CA,AWP,WE,Federal Contract Tower,12,19,28,9,68,0,0,41,7,48,12,19,69,16,116,16,0,16,132
10/12/2022,SBP,CA,AWP,WE,Federal Contract Tower,11,22,27,3,63,0,0,74,0,74,11,22,101,3,137,110,0,110,247
10/13/2022,SBP,CA,AWP,WE,Federal Contract Tower,18,22,18,3,61,0,2,95,0,97,18,24,113,3,158,126,0,126,284
10/14/2022,SBP,CA,AWP,WE,Federal Contract Tower,18,23,39,2,82,0,0,58,0,58,18,23,97,2,140,42,0,42,182
10/15/2022,SBP,CA,AWP,WE,Federal Contract Tower,11,20,33,2,66,0,0,27,0,27,11,20,60,2,93,144,0,144,237
10/16/2022,SBP,CA,AWP,WE,Federal Contract Tower,15,11,33,0,59,0,2,66,0,68,15,13,99,0,127,54,0,54,181
10/17/2022,SBP,CA,AWP,WE,Federal Contract Tower,15,12,17,2,46,0,2,102,0,104,15,14,119,2,150,120,0,120,270
10/18/2022,SBP,CA,AWP,WE,Federal Contract Tower,11,23,19,2,55,0,6,91,0,97,11,29,110,2,152,70,0,70,222
10/19/2022,SBP,CA,AWP,WE,Federal Contract Tower,11,20,13,3,47,0,1,92,12,105,11,21,105,15,152,50,0,50,202
10/20/2022,SBP,CA,AWP,WE,Federal Contract Tower,15,22,25,1,63,0,2,118,2,122,15,24,143,3,185,80,0,80,265
10/21/2022,SBP,CA,AWP,WE,Federal Contract Tower,17,17,30,0,64,0,0,97,0,97,17,17,127,0,161,50,0,50,211
10/22/2022,SBP,CA,AWP,WE,Federal Contract Tower,11,15,52,0,78,0,0,44,0,44,11,15,96,0,122,198,0,198,320
10/23/2022,SBP,CA,AWP,WE,Federal Contract Tower,15,11,32,0,58,0,0,107,0,107,15,11,139,0,165,10,0,10,175
10/24/2022,SBP,CA,AWP,WE,Federal Contract Tower,15,13,21,0,49,0,0,91,2,93,15,13,112,2,142,58,0,58,200
10/25/2022,SBP,CA,AWP,WE,Federal Contract Tower,11,20,24,0,55,0,5,104,0,109,11,25,128,0,164,100,0,100,264
10/26/2022,SBP,CA,AWP,WE,Federal Contract Tower,11,17,21,3,52,0,6,93,9,108,11,23,114,12,160,90,0,90,250
10/27/2022,SBP,CA,AWP,WE,Federal Contract Tower,15,18,14,0,47,0,2,123,0,125,15,20,137,0,172,174,0,174,346
10/28/2022,SBP,CA,AWP,WE,Federal Contract Tower,15,26,18,1,60,0,0,107,1,108,15,26,125,2,168,182,0,182,350
10/29/2022,SBP,CA,AWP,WE,Federal Contract Tower,10,11,12,1,34,0,2,93,2,97,10,13,105,3,131,70,0,70,201
10/30/2022,SBP,CA,AWP,WE,Federal Contract Tower,18,2,26,1,47,0,1,109,3,113,18,3,135,4,160,96,0,96,256
10/31/2022,SBP,CA,AWP,WE,Federal Contract Tower,17,5,17,0,39,0,1,81,0,82,17,6,98,0,121,136,0,136,257
11/01/2022,SBP,CA,AWP,WE,Federal Contract Tower,43,15,25,3,86,0,2,38,0,40,43,17,63,3,126,158,0,158,284
11/02/2022,SBP,CA,AWP,WE,Federal Contract Tower,13,15,13,2,43,0,2,86,5,93,13,17,99,7,136,254,0,254,390
11/03/2022,SBP,CA,AWP,WE,Federal Contract Tower,15,18,19,7,59,1,9,110,0,120,16,27,129,7,179,102,0,102,281
11/04/2022,SBP,CA,AWP,WE,Federal Contract Tower,17,20,26,1,64,0,6,163,0,169,17,26,189,1,233,46,0,46,279
11/05/2022,SBP,CA,AWP,WE,Federal Contract Tower,13,13,28,2,56,0,0,126,0,126,13,13,154,2,182,14,0,14,196
11/06/2022,SBP,CA,AWP,WE,Federal Contract Tower,15,11,27,1,54,0,0,54,0,54,15,11,81,1,108,0,0,0,108
11/07/2022,SBP,CA,AWP,WE,Federal Contract Tower,17,10,23,3,53,0,0,8,0,8,17,10,31,3,61,0,0,0,61
11/08/2022,SBP,CA,AWP,WE,Federal Contract Tower,13,13,12,3,41,0,0,3,0,3,13,13,15,3,44,20,0,20,64
11/09/2022,SBP,CA,AWP,WE,Federal Contract Tower,12,18,12,4,46,0,3,103,2,108,12,21,115,6,154,180,0,180,334
11/10/2022,SBP,CA,AWP,WE,Federal Contract Tower,20,18,14,1,53,0,2,110,2,114,20,20,124,3,167,44,0,44,211
11/11/2022,SBP,CA,AWP,WE,Federal Contract Tower,16,11,21,1,49,0,4,140,0,144,16,15,161,1,193,92,0,92,285
11/12/2022,SBP,CA,AWP,WE,Federal Contract Tower,11,5,13,0,29,0,0,54,0,54,11,5,67,0,83,94,0,94,177
11/13/2022,SBP,CA,AWP,WE,Federal Contract Tower,19,8,16,0,43,0,2,98,0,100,19,10,114,0,143,34,0,34,177
11/14/2022,SBP,CA,AWP,WE,Federal Contract Tower,20,8,12,0,40,0,0,90,0,90,20,8,102,0,130,98,0,98,228
11/15/2022,SBP,CA,AWP,WE,Federal Contract Tower,9,7,14,0,30,0,3,37,0,40,9,10,51,0,70,0,0,0,70
11/16/2022,SBP,CA,AWP,WE,Federal Contract Tower,14,14,9,2,39,0,3,86,4,93,14,17,95,6,132,28,0,28,160
11/17/2022,SBP,CA,AWP,WE,Federal Contract Tower,17,13,16,2,48,0,2,134,0,136,17,15,150,2,184,12,0,12,196
11/18/2022,SBP,CA,AWP,WE,Federal Contract Tower,10,8,16,1,35,0,2,70,0,72,10,10,86,1,107,0,0,0,107
11/19/2022,SBP,CA,AWP,WE,Federal Contract Tower,17,9,18,0,44,0,0,106,0,106,17,9,124,0,150,2,0,2,152
11/20/2022,SBP,CA,AWP,WE,Federal Contract Tower,18,6,20,0,44,0,2,107,0,109,18,8,127,0,153,42,0,42,195
11/21/2022,SBP,CA,AWP,WE,Federal Contract Tower,16,8,25,1,50,0,6,83,0,89,16,14,108,1,139,30,0,30,169
11/22/2022,SBP,CA,AWP,WE,Federal Contract Tower,18,16,20,3,57,0,5,113,0,118,18,21,133,3,175,0,0,0,175
11/23/2022,SBP,CA,AWP,WE,Federal Contract Tower,17,12,16,0,45,0,0,124,0,124,17,12,140,0,169,4,0,4,173
11/24/2022,SBP,CA,AWP,WE,Federal Contract Tower,15,3,4,0,22,0,2,40,0,42,15,5,44,0,64,0,0,0,64
11/25/2022,SBP,CA,AWP,WE,Federal Contract Tower,17,10,13,0,40,0,0,120,0,120,17,10,133,0,160,4,0,4,164
11/26/2022,SBP,CA,AWP,WE,Federal Contract Tower,19,12,15,0,46,0,1,134,0,135,19,13,149,0,181,18,0,18,199
11/27/2022,SBP,CA,AWP,WE,Federal Contract Tower,17,8,29,0,54,0,0,101,0,101,17,8,130,0,155,54,0,54,209
11/28/2022,SBP,CA,AWP,WE,Federal Contract Tower,18,5,17,0,40,0,0,42,0,42,18,5,59,0,82,22,0,22,104
11/29/2022,SBP,CA,AWP,WE,Federal Contract Tower,15,21,5,0,41,0,0,86,0,86,15,21,91,0,127,182,0,182,309
11/30/2022,SBP,CA,AWP,WE,Federal Contract Tower,13,19,23,0,55,0,1,58,4,63,13,20,81,4,118,92,0,92,210
12/01/2022,SBP,CA,AWP,WE,Federal Contract Tower,18,20,22,1,61,0,1,3,0,4,18,21,25,1,65,0,0,0,65
12/02/2022,SBP,CA,AWP,WE,Federal Contract Tower,15,16,37,1,69,0,0,16,0,16,15,16,53,1,85,46,0,46,131
12/03/2022,SBP,CA,AWP,WE,Federal Contract Tower,11,7,18,0,36,0,0,0,0,0,11,7,18,0,36,0,0,0,36
12/04/2022,SBP,CA,AWP,WE,Federal Contract Tower,15,9,23,2,49,0,2,89,0,91,15,11,112,2,140,56,0,56,196
12/05/2022,SBP,CA,AWP,WE,Federal Contract Tower,17,9,22,5,53,0,0,59,0,59,17,9,81,5,112,8,0,8,120
12/06/2022,SBP,CA,AWP,WE,Federal Contract Tower,12,17,13,4,46,0,0,32,0,32,12,17,45,4,78,66,0,66,144
12/07/2022,SBP,CA,AWP,WE,Federal Contract Tower,13,16,13,3,45,0,3,113,0,116,13,19,126,3,161,76,0,76,237
12/08/2022,SBP,CA,AWP,WE,Federal Contract Tower,14,20,21,1,56,0,0,102,0,102,14,20,123,1,158,93,14,107,265
12/09/2022,SBP,CA,AWP,WE,Federal Contract Tower,15,23,17,1,56,0,0,68,0,68,15,23,85,1,124,36,0,36,160
12/10/2022,SBP,CA,AWP,WE,Federal Contract Tower,12,11,14,2,39,0,0,0,0,0,12,11,14,2,39,0,0,0,39
12/11/2022,SBP,CA,AWP,WE,Federal Contract Tower,17,7,14,3,41,0,0,18,0,18,17,7,32,3,59,8,0,8,67
12/12/2022,SBP,CA,AWP,WE,Federal Contract Tower,15,16,11,1,43,0,0,30,0,30,15,16,41,1,73,50,0,50,123
12/13/2022,SBP,CA,AWP,WE,Federal Contract Tower,11,23,27,3,64,0,1,115,5,121,11,24,142,8,185,80,0,80,265
12/14/2022,SBP,CA,AWP,WE,Federal Contract Tower,13,19,10,0,42,0,1,87,4,92,13,20,97,4,134,154,0,154,288
12/15/2022,SBP,CA,AWP,WE,Federal Contract Tower,18,22,22,3,65,0,2,96,0,98,18,24,118,3,163,126,10,136,299
12/16/2022,SBP,CA,AWP,WE,Federal Contract Tower,19,11,19,0,49,0,1,117,0,118,19,12,136,0,167,32,0,32,199
12/17/2022,SBP,CA,AWP,WE,Federal Contract Tower,18,8,17,0,43,0,0,99,0,99,18,8,116,0,142,156,0,156,298
12/18/2022,SBP,CA,AWP,WE,Federal Contract Tower,15,6,28,0,49,0,0,120,7,127,15,6,148,7,176,76,0,76,252
12/19/2022,SBP,CA,AWP,WE,Federal Contract Tower,21,10,21,0,52,0,1,116,0,117,21,11,137,0,169,36,0,36,205
12/20/2022,SBP,CA,AWP,WE,Federal Contract Tower,18,15,27,1,61,0,1,102,0,103,18,16,129,1,164,85,0,85,249
12/21/2022,SBP,CA,AWP,WE,Federal Contract Tower,20,15,15,0,50,0,4,96,0,100,20,19,111,0,150,76,0,76,226
12/22/2022,SBP,CA,AWP,WE,Federal Contract Tower,21,11,16,0,48,0,0,99,0,99,21,11,115,0,147,88,0,88,235
12/23/2022,SBP,CA,AWP,WE,Federal Contract Tower,14,13,38,0,65,0,0,83,0,83,14,13,121,0,148,18,0,18,166
12/24/2022,SBP,CA,AWP,WE,Federal Contract Tower,19,9,18,0,46,0,0,70,0,70,19,9,88,0,116,8,0,8,124
12/25/2022,SBP,CA,AWP,WE,Federal Contract Tower,19,4,7,0,30,0,0,47,0,47,19,4,54,0,77,0,0,0,77
12/26/2022,SBP,CA,AWP,WE,Federal Contract Tower,19,11,16,0,46,0,0,101,0,101,19,11,117,0,147,18,0,18,165
12/27/2022,SBP,CA,AWP,WE,Federal Contract Tower,21,10,21,0,52,0,0,0,0,0,21,10,21,0,52,0,0,0,52
12/28/2022,SBP,CA,AWP,WE,Federal Contract Tower,20,17,9,2,48,0,1,105,0,106,20,18,114,2,154,82,0,82,236
12/29/2022,SBP,CA,AWP,WE,Federal Contract Tower,21,14,9,0,44,0,2,7,0,9,21,16,16,0,53,6,0,6,59
12/30/2022,SBP,CA,AWP,WE,Federal Contract Tower,21,11,24,0,56,0,0,0,0,0,21,11,24,0,56,0,0,0,56
12/31/2022,SBP,CA,AWP,WE,Federal Contract Tower,20,4,10,0,34,0,0,0,0,0,20,4,10,0,34,0,0,0,34
01/01/2023,SBP,CA,AWP,WE,Federal Contract Tower,18,10,9,0,37,0,0,33,0,33,18,10,42,0,70,36,0,36,106
01/02/2023,SBP,CA,AWP,WE,Federal Contract Tower,19,3,19,0,41,0,0,36,0,36,19,3,55,0,77,54,0,54,131
01/03/2023,SBP,CA,AWP,WE,Federal Contract Tower,19,8,15,2,44,0,0,44,0,44,19,8,59,2,88,168,0,168,256
01/04/2023,SBP,CA,AWP,WE,Federal Contract Tower,20,8,13,0,41,0,0,1,0,1,20,8,14,0,42,10,0,10,52
01/05/2023,SBP,CA,AWP,WE,Federal Contract Tower,19,5,8,1,33,0,0,0,0,0,19,5,8,1,33,66,0,66,99
01/06/2023,SBP,CA,AWP,WE,Federal Contract Tower,21,12,16,2,51,0,2,144,0,146,21,14,160,2,197,10,0,10,207
01/07/2023,SBP,CA,AWP,WE,Federal Contract Tower,21,3,15,4,43,0,0,86,1,87,21,3,101,5,130,104,0,104,234
01/08/2023,SBP,CA,AWP,WE,Federal Contract Tower,20,5,22,4,51,0,0,3,1,4,20,5,25,5,55,4,0,4,59
01/09/2023,SBP,CA,AWP,WE,Federal Contract Tower,17,2,12,4,35,0,0,0,1,1,17,2,12,5,36,0,0,0,36
01/10/2023,SBP,CA,AWP,WE,Federal Contract Tower,16,14,2,6,38,0,1,13,2,16,16,15,15,8,54,92,0,92,146
01/11/2023,SBP,CA,AWP,WE,Federal Contract Tower,16,11,17,6,50,0,1,32,0,33,16,12,49,6,83,160,0,160,243
01/12/2023,SBP,CA,AWP,WE,Federal Contract Tower,16,11,36,0,63,0,3,104,3,110,16,14,140,3,173,212,0,212,385
01/13/2023,SBP,CA,AWP,WE,Federal Contract Tower,19,14,15,0,48,0,2,9,0,11,19,16,24,0,59,8,0,8,67
01/14/2023,SBP,CA,AWP,WE,Federal Contract Tower,17,3,13,1,34,0,0,0,0,0,17,3,13,1,34,0,0,0,34
01/15/2023,SBP,CA,AWP,WE,Federal Contract Tower,18,0,4,0,22,0,0,11,3,14,18,0,15,3,36,60,0,60,96
01/16/2023,SBP,CA,AWP,WE,Federal Contract Tower,19,8,15,0,42,0,0,13,0,13,19,8,28,0,55,102,0,102,157
01/17/2023,SBP,CA,AWP,WE,Federal Contract Tower,16,14,23,7,60,0,0,119,0,119,16,14,142,7,179,90,0,90,269
01/18/2023,SBP,CA,AWP,WE,Federal Contract Tower,16,13,18,3,50,0,3,122,5,130,16,16,140,8,180,144,0,144,324
01/19/2023,SBP,CA,AWP,WE,Federal Contract Tower,17,17,24,0,58,0,3,55,1,59,17,20,79,1,117,80,2,82,199
01/20/2023,SBP,CA,AWP,WE,Federal Contract Tower,20,11,16,0,47,0,2,188,2,192,20,13,204,2,239,94,0,94,333
01/21/2023,SBP,CA,AWP,WE,Federal Contract Tower,17,2,17,0,36,0,3,131,0,134,17,5,148,0,170,139,0,139,309
01/22/2023,SBP,CA,AWP,WE,Federal Contract Tower,18,4,19,1,42,0,2,74,0,76,18,6,93,1,118,34,0,34,152
01/23/2023,SBP,CA,AWP,WE,Federal Contract Tower,19,5,14,1,39,0,0,81,0,81,19,5,95,1,120,118,32,150,270
01/24/2023,SBP,CA,AWP,WE,Federal Contract Tower,15,7,19,1,42,0,4,141,3,148,15,11,160,4,190,114,0,114,304
01/25/2023,SBP,CA,AWP,WE,Federal Contract Tower,16,7,10,0,33,0,6,108,0,114,16,13,118,0,147,106,0,106,253
01/26/2023,SBP,CA,AWP,WE,Federal Contract Tower,19,7,12,1,39,0,3,104,1,108,19,10,116,2,147,60,0,60,207
01/27/2023,SBP,CA,AWP,WE,Federal Contract Tower,20,7,28,2,57,0,2,121,0,123,20,9,149,2,180,136,0,136,316
01/28/2023,SBP,CA,AWP,WE,Federal Contract Tower,19,8,26,0,53,0,1,155,0,156,19,9,181,0,209,112,0,112,321
01/29/2023,SBP,CA,AWP,WE,Federal Contract Tower,13,2,21,0,36,0,0,3,0,3,13,2,24,0,39,0,0,0,39
01/30/2023,SBP,CA,AWP,WE,Federal Contract Tower,17,9,11,3,40,0,0,67,0,67,17,9,78,3,107,72,0,72,179
01/31/2023,SBP,CA,AWP,WE,Federal Contract Tower,13,9,17,7,46,0,7,109,4,120,13,16,126,11,166,52,6,58,224
02/01/2023,SBP,CA,AWP,WE,Federal Contract Tower,13,13,17,4,47,0,5,120,1,126,13,18,137,5,173,51,0,51,224
02/02/2023,SBP,CA,AWP,WE,Federal Contract Tower,18,15,28,0,61,0,6,121,0,127,18,21,149,0,188,86,0,86,274
02/03/2023,SBP,CA,AWP,WE,Federal Contract Tower,21,9,22,1,53,0,4,147,0,151,21,13,169,1,204,132,0,132,336
02/04/2023,SBP,CA,AWP,WE,Federal Contract Tower,17,18,11,1,47,0,0,147,0,147,17,18,158,1,194,72,0,72,266
02/05/2023,SBP,CA,AWP,WE,Federal Contract Tower,21,3,25,0,49,0,0,63,0,63,21,3,88,0,112,8,0,8,120
02/06/2023,SBP,CA,AWP,WE,Federal Contract Tower,20,7,15,1,43,0,0,83,0,83,20,7,98,1,126,50,2,52,178
02/07/2023,SBP,CA,AWP,WE,Federal Contract Tower,17,7,18,0,42,0,0,128,6,134,17,7,146,6,176,148,2,150,326
02/08/2023,SBP,CA,AWP,WE,Federal Contract Tower,16,12,27,2,57,0,3,138,2,143,16,15,165,4,200,26,0,26,226
02/09/2023,SBP,CA,AWP,WE,Federal Contract Tower,18,5,25,4,52,0,5,142,0,147,18,10,167,4,199,44,0,44,243
02/10/2023,SBP,CA,AWP,WE,Federal Contract Tower,21,4,36,1,62,0,4,135,0,139,21,8,171,1,201,12,0,12,213
02/11/2023,SBP,CA,AWP,WE,Federal Contract Tower,17,3,21,2,43,0,1,50,0,51,17,4,71,2,94,0,0,0,94
02/12/2023,SBP,CA,AWP,WE,Federal Contract Tower,19,2,24,1,46,0,0,116,0,116,19,2,140,1,162,0,0,0,162
02/13/2023,SBP,CA,AWP,WE,Federal Contract Tower,22,6,40,0,68,0,0,44,0,44,22,6,84,0,112,138,0,138,250
02/14/2023,SBP,CA,AWP,WE,Federal Contract Tower,15,11,14,2,42,0,3,50,2,55,15,14,64,4,97,40,8,48,145
02/15/2023,SBP,CA,AWP,WE,Federal Contract Tower,17,16,18,2,53,0,4,118,0,122,17,20,136,2,175,108,0,108,283
02/16/2023,SBP,CA,AWP,WE,Federal Contract Tower,21,9,23,2,55,0,4,133,0,137,21,13,156,2,192,60,0,60,252
02/17/2023,SBP,CA,AWP,WE,Federal Contract Tower,21,24,22,0,67,0,2,149,0,151,21,26,171,0,218,6,0,6,224
02/18/2023,SBP,CA,AWP,WE,Federal Contract Tower,19,6,32,0,57,0,1,179,4,184,19,7,211,4,241,114,0,114,355
02/19/2023,SBP,CA,AWP,WE,Federal Contract Tower,22,4,22,0,48,0,0,183,0,183,22,4,205,0,231,56,0,56,287
02/20/2023,SBP,CA,AWP,WE,Federal Contract Tower,24,11,18,0,53,0,1,136,0,137,24,12,154,0,190,50,0,50,240
02/21/2023,SBP,CA,AWP,WE,Federal Contract Tower,19,15,20,2,56,0,3,50,0,53,19,18,70,2,109,50,0,50,159
02/22/2023,SBP,CA,AWP,WE,Federal Contract Tower,20,14,10,0,44,0,2,23,4,29,20,16,33,4,73,10,0,10,83
02/23/2023,SBP,CA,AWP,WE,Federal Contract Tower,20,17,9,0,46,0,0,25,0,25,20,17,34,0,71,44,0,44,115
02/24/2023,SBP,CA,AWP,WE,Federal Contract Tower,23,7,4,0,34,0,0,0,0,0,23,7,4,0,34,0,0,0,34
02/25/2023,SBP,CA,AWP,WE,Federal Contract Tower,19,5,5,2,31,0,0,34,0,34,19,5,39,2,65,104,0,104,169
02/26/2023,SBP,CA,AWP,WE,Federal Contract Tower,19,1,13,2,35,0,1,89,0,90,19,2,102,2,125,90,0,90,215
02/27/2023,SBP,CA,AWP,WE,Federal Contract Tower,20,7,18,2,47,0,0,11,0,11,20,7,29,2,58,30,0,30,88
02/28/2023,SBP,CA,AWP,WE,Federal Contract Tower,18,13,14,2,47,0,3,9,2,14,18,16,23,4,61,0,0,0,61
03/01/2023,SBP,CA,AWP,WE,Federal Contract Tower,16,11,10,0,37,0,2,56,0,58,16,13,66,0,95,88,0,88,183
03/02/2023,SBP,CA,AWP,WE,Federal Contract Tower,19,11,20,1,51,0,1,167,0,168,19,12,187,1,219,36,0,36,255
03/03/2023,SBP,CA,AWP,WE,Federal Contract Tower,22,7,21,2,52,0,2,126,0,128,22,9,147,2,180,100,0,100,280
03/04/2023,SBP,CA,AWP,WE,Federal Contract Tower,20,2,29,0,51,0,0,41,0,41,20,2,70,0,92,158,0,158,250
03/05/2023,SBP,CA,AWP,WE,Federal Contract Tower,20,4,21,0,45,0,2,18,0,20,20,6,39,0,65,62,0,62,127
03/06/2023,SBP,CA,AWP,WE,Federal Contract Tower,22,6,9,0,37,0,1,92,0,93,22,7,101,0,130,158,0,158,288
03/07/2023,SBP,CA,AWP,WE,Federal Contract Tower,19,14,10,3,46,0,4,100,0,104,19,18,110,3,150,86,2,88,238
03/08/2023,SBP,CA,AWP,WE,Federal Contract Tower,21,16,18,0,55,0,2,138,6,146,21,18,156,6,201,106,0,106,307
03/09/2023,SBP,CA,AWP,WE,Federal Contract Tower,22,16,25,2,65,0,0,68,0,68,22,16,93,2,133,8,0,8,141
03/10/2023,SBP,CA,AWP,WE,Federal Contract Tower,21,7,9,0,37,0,0,0,0,0,21,7,9,0,37,0,0,0,37
03/11/2023,SBP,CA,AWP,WE,Federal Contract Tower,19,7,14,0,40,0,0,0,0,0,19,7,14,0,40,0,0,0,40
03/12/2023,SBP,CA,AWP,WE,Federal Contract Tower,21,6,36,0,63,0,0,28,0,28,21,6,64,0,91,16,0,16,107
03/13/2023,SBP,CA,AWP,WE,Federal Contract Tower,21,6,13,1,41,0,0,65,2,67,21,6,78,3,108,58,0,58,166
03/14/2023,SBP,CA,AWP,WE,Federal Contract Tower,21,10,6,0,37,0,0,0,0,0,21,10,6,0,37,0,0,0,37
03/15/2023,SBP,CA,AWP,WE,Federal Contract Tower,20,15,14,4,53,0,0,65,0,65,20,15,79,4,118,116,0,116,234
03/16/2023,SBP,CA,AWP,WE,Federal Contract Tower,23,19,43,0,85,0,3,129,3,135,23,22,172,3,220,56,0,56,276
03/17/2023,SBP,CA,AWP,WE,Federal Contract Tower,24,12,23,0,59,0,0,106,0,106,24,12,129,0,165,120,0,120,285
03/18/2023,SBP,CA,AWP,WE,Federal Contract Tower,22,5,19,0,46,0,1,131,0,132,22,6,150,0,178,92,0,92,270
03/22/2023,SBP,CA,AWP,WE,Federal Contract Tower,19,10,15,2,46,0,0,6,1,7,19,10,21,3,53,18,0,18,71
03/25/2023,SBP,CA,AWP,WE,Federal Contract Tower,21,7,21,0,49,0,0,116,1,117,21,7,137,1,166,40,0,40,206
03/26/2023,SBP,CA,AWP,WE,Federal Contract Tower,23,12,17,0,52,0,0,153,0,153,23,12,170,0,205,44,0,44,249
03/27/2023,SBP,CA,AWP,WE,Federal Contract Tower,21,11,22,0,54,0,2,144,3,149,21,13,166,3,203,142,0,142,345
03/28/2023,SBP,CA,AWP,WE,Federal Contract Tower,16,12,12,0,40,0,0,85,0,85,16,12,97,0,125,100,0,100,225
03/29/2023,SBP,CA,AWP,WE,Federal Contract Tower,20,13,10,2,45,0,2,21,0,23,20,15,31,2,68,30,0,30,98
03/30/2023,SBP,CA,AWP,WE,Federal Contract Tower,18,9,19,2,48,0,3,75,0,78,18,12,94,2,126,78,0,78,204
03/31/2023,SBP,CA,AWP,WE,Federal Contract Tower,21,13,24,2,60,0,1,183,0,184,21,14,207,2,244,96,0,96,340
04/01/2023,SBP,CA,AWP,WE,Federal Contract Tower,20,12,8,0,40,0,1,123,0,124,20,13,131,0,164,76,0,76,240
04/02/2023,SBP,CA,AWP,WE,Federal Contract Tower,22,4,23,0,49,2,119,2,0,123,24,123,25,0,172,52,0,52,224
04/03/2023,SBP,CA,AWP,WE,Federal Contract Tower,21,7,4,0,32,0,0,34,2,36,21,7,38,2,68,16,0,16,84
04/04/2023,SBP,CA,AWP,WE,Federal Contract Tower,20,16,12,2,50,0,1,90,4,95,20,17,102,6,145,92,0,92,237
04/05/2023,SBP,CA,AWP,WE,Federal Contract Tower,19,12,11,3,45,0,5,147,3,155,19,17,158,6,200,154,0,154,354
04/06/2023,SBP,CA,AWP,WE,Federal Contract Tower,21,12,23,3,59,0,5,133,1,139,21,17,156,4,198,60,0,60,258
04/07/2023,SBP,CA,AWP,WE,Federal Contract Tower,20,14,30,4,68,0,3,127,1,131,20,17,157,5,199,66,0,66,265
04/08/2023,SBP,CA,AWP,WE,Federal Contract Tower,20,14,24,0,58,0,1,94,0,95,20,15,118,0,153,12,0,12,165
04/09/2023,SBP,CA,AWP,WE,Federal Contract Tower,23,12,11,0,46,0,2,106,0,108,23,14,117,0,154,14,0,14,168
04/10/2023,SBP,CA,AWP,WE,Federal Contract Tower,22,11,10,0,43,0,4,92,0,96,22,15,102,0,139,130,0,130,269
04/11/2023,SBP,CA,AWP,WE,Federal Contract Tower,22,14,18,0,54,0,0,99,2,101,22,14,117,2,155,12,0,12,167
04/12/2023,SBP,CA,AWP,WE,Federal Contract Tower,20,14,8,0,42,1,4,82,1,88,21,18,90,1,130,62,0,62,192
04/13/2023,SBP,CA,AWP,WE,Federal Contract Tower,20,11,16,1,48,0,9,83,0,92,20,20,99,1,140,70,0,70,210
04/14/2023,SBP,CA,AWP,WE,Federal Contract Tower,21,18,15,3,57,0,1,142,4,147,21,19,157,7,204,148,0,148,352
04/15/2023,SBP,CA,AWP,WE,Federal Contract Tower,19,10,16,1,46,0,0,121,4,125,19,10,137,5,171,40,0,40,211
04/16/2023,SBP,CA,AWP,WE,Federal Contract Tower,19,11,24,0,54,0,8,85,1,94,19,19,109,1,148,24,0,24,172
04/17/2023,SBP,CA,AWP,WE,Federal Contract Tower,23,25,26,0,74,0,0,58,0,58,23,25,84,0,132,26,0,26,158
04/18/2023,SBP,CA,AWP,WE,Federal Contract Tower,17,16,10,5,48,0,2,77,0,79,17,18,87,5,127,6,0,6,133
04/19/2023,SBP,CA,AWP,WE,Federal Contract Tower,18,14,18,3,53,0,2,83,0,85,18,16,101,3,138,50,0,50,188
04/20/2023,SBP,CA,AWP,WE,Federal Contract Tower,24,15,22,3,64,0,3,98,0,101,24,18,120,3,165,8,8,16,181
04/21/2023,SBP,CA,AWP,WE,Federal Contract Tower,17,14,9,1,41,0,5,118,1,124,17,19,127,2,165,32,0,32,197
04/22/2023,SBP,CA,AWP,WE,Federal Contract Tower,20,17,11,2,50,0,0,100,4,104,20,17,111,6,154,90,0,90,244
04/23/2023,SBP,CA,AWP,WE,Federal Contract Tower,22,9,16,0,47,0,3,130,0,133,22,12,146,0,180,146,0,146,326
04/24/2023,SBP,CA,AWP,WE,Federal Contract Tower,22,10,18,2,52,0,1,67,0,68,22,11,85,2,120,70,0,70,190
04/25/2023,SBP,CA,AWP,WE,Federal Contract Tower,17,18,7,7,49,0,3,94,2,99,17,21,101,9,148,124,0,124,272
04/26/2023,SBP,CA,AWP,WE,Federal Contract Tower,19,18,4,3,44,0,1,75,1,77,19,19,79,4,121,82,0,82,203
04/27/2023,SBP,CA,AWP,WE,Federal Contract Tower,21,17,18,3,59,0,3,67,2,72,21,20,85,5,131,110,0,110,241
04/28/2023,SBP,CA,AWP,WE,Federal Contract Tower,22,16,12,0,50,1,2,90,0,93,23,18,102,0,143,132,0,132,275
04/29/2023,SBP,CA,AWP,WE,Federal Contract Tower,25,13,16,2,56,0,3,100,6,109,25,16,116,8,165,94,0,94,259
04/30/2023,SBP,CA,AWP,WE,Federal Contract Tower,19,13,33,0,65,0,0,161,0,161,19,13,194,0,226,24,0,24,250
05/01/2023,SBP,CA,AWP,WE,Federal Contract Tower,20,21,19,0,60,0,0,35,0,35,20,21,54,0,95,28,0,28,123
05/02/2023,SBP,CA,AWP,WE,Federal Contract Tower,19,10,18,1,48,0,2,16,0,18,19,12,34,1,66,16,0,16,82
05/03/2023,SBP,CA,AWP,WE,Federal Contract Tower,17,15,16,2,50,0,4,17,2,23,17,19,33,4,73,0,0,0,73
05/04/2023,SBP,CA,AWP,WE,Federal Contract Tower,18,16,26,1,61,0,2,46,0,48,18,18,72,1,109,122,0,122,231
05/05/2023,SBP,CA,AWP,WE,Federal Contract Tower,19,23,17,0,59,0,3,59,0,62,19,26,76,0,121,138,0,138,259
05/06/2023,SBP,CA,AWP,WE,Federal Contract Tower,18,24,13,0,55,0,0,97,2,99,18,24,110,2,154,12,0,12,166
05/07/2023,SBP,CA,AWP,WE,Federal Contract Tower,19,14,24,0,57,0,3,121,0,124,19,17,145,0,181,46,0,46,227
05/08/2023,SBP,CA,AWP,WE,Federal Contract Tower,22,16,14,0,52,0,3,99,2,104,22,19,113,2,156,10,0,10,166
05/09/2023,SBP,CA,AWP,WE,Federal Contract Tower,15,16,18,7,56,0,1,75,2,78,15,17,93,9,134,32,0,32,166
05/10/2023,SBP,CA,AWP,WE,Federal Contract Tower,18,22,21,8,69,0,4,81,1,86,18,26,102,9,155,76,0,76,231
05/11/2023,SBP,CA,AWP,WE,Federal Contract Tower,19,23,20,3,65,0,3,113,1,117,19,26,133,4,182,160,0,160,342
05/12/2023,SBP,CA,AWP,WE,Federal Contract Tower,23,14,10,0,47,0,4,117,0,121,23,18,127,0,168,92,0,92,260
05/13/2023,SBP,CA,AWP,WE,Federal Contract Tower,20,12,22,2,56,0,1,147,0,148,20,13,169,2,204,24,0,24,228
05/14/2023,SBP,CA,AWP,WE,Federal Contract Tower,20,11,18,0,49,0,0,110,0,110,20,11,128,0,159,78,2,80,239
05/15/2023,SBP,CA,AWP,WE,Federal Contract Tower,24,4,34,2,64,0,9,44,0,53,24,13,78,2,117,58,0,58,175
05/16/2023,SBP,CA,AWP,WE,Federal Contract Tower,13,20,15,1,49,0,2,63,0,65,13,22,78,1,114,52,0,52,166
05/17/2023,SBP,CA,AWP,WE,Federal Contract Tower,19,19,13,1,52,0,0,86,1,87,19,19,99,2,139,38,0,38,177
05/18/2023,SBP,CA,AWP,WE,Federal Contract Tower,21,13,13,6,53,0,2,78,1,81,21,15,91,7,134,68,0,68,202
05/19/2023,SBP,CA,AWP,WE,Federal Contract Tower,22,15,42,2,81,0,0,63,0,63,22,15,105,2,144,68,0,68,212
05/20/2023,SBP,CA,AWP,WE,Federal Contract Tower,12,18,24,1,55,0,1,72,0,73,12,19,96,1,128,12,0,12,140
05/21/2023,SBP,CA,AWP,WE,Federal Contract Tower,20,13,30,4,67,0,1,106,1,108,20,14,136,5,175,142,0,142,317
05/22/2023,SBP,CA,AWP,WE,Federal Contract Tower,23,7,22,2,54,0,5,54,0,59,23,12,76,2,113,28,0,28,141
05/23/2023,SBP,CA,AWP,WE,Federal Contract Tower,12,21,27,6,66,0,0,22,3,25,12,21,49,9,91,56,0,56,147
05/24/2023,SBP,CA,AWP,WE,Federal Contract Tower,15,16,34,5,70,0,2,38,0,40,15,18,72,5,110,138,0,138,248
05/25/2023,SBP,CA,AWP,WE,Federal Contract Tower,19,20,18,0,57,0,2,100,0,102,19,22,118,0,159,78,0,78,237
05/26/2023,SBP,CA,AWP,WE,Federal Contract Tower,21,12,30,4,67,0,3,79,0,82,21,15,109,4,149,114,0,114,263
05/27/2023,SBP,CA,AWP,WE,Federal Contract Tower,17,13,21,4,55,0,0,62,0,62,17,13,83,4,117,26,0,26,143
05/28/2023,SBP,CA,AWP,WE,Federal Contract Tower,19,14,31,0,64,0,0,5,0,5,19,14,36,0,69,0,0,0,69
05/29/2023,SBP,CA,AWP,WE,Federal Contract Tower,23,13,47,2,85,0,1,43,0,44,23,14,90,2,129,16,0,16,145
05/30/2023,SBP,CA,AWP,WE,Federal Contract Tower,12,11,23,3,49,0,0,53,4,57,12,11,76,7,106,116,6,122,228
05/31/2023,SBP,CA,AWP,WE,Federal Contract Tower,14,16,17,0,47,0,4,84,1,89,14,20,101,1,136,134,0,134,270
06/01/2023,SBP,CA,AWP,WE,Federal Contract Tower,16,21,31,6,74,0,2,56,0,58,16,23,87,6,132,108,0,108,240
06/02/2023,SBP,CA,AWP,WE,Federal Contract Tower,24,18,20,3,65,0,0,82,0,82,24,18,102,3,147,30,0,30,177
06/03/2023,SBP,CA,AWP,WE,Federal Contract Tower,17,17,16,0,50,0,0,117,2,119,17,17,133,2,169,52,0,52,221
06/04/2023,SBP,CA,AWP,WE,Federal Contract Tower,23,6,25,2,56,0,0,64,0,64,23,6,89,2,120,0,0,0,120
06/05/2023,SBP,CA,AWP,WE,Federal Contract Tower,2,17,37,2,58,0,0,4,0,4,2,17,41,2,62,72,0,72,134
06/06/2023,SBP,CA,AWP,WE,Federal Contract Tower,0,14,26,3,43,0,0,5,2,7,0,14,31,5,50,50,6,56,106
06/07/2023,SBP,CA,AWP,WE,Federal Contract Tower,0,16,33,5,54,0,0,39,0,39,0,16,72,5,93,156,0,156,249
06/08/2023,SBP,CA,AWP,WE,Federal Contract Tower,9,15,17,3,44,0,5,88,0,93,9,20,105,3,137,178,0,178,315
06/09/2023,SBP,CA,AWP,WE,Federal Contract Tower,18,20,43,1,82,0,1,20,0,21,18,21,63,1,103,98,0,98,201
06/10/2023,SBP,CA,AWP,WE,Federal Contract Tower,15,18,34,0,67,0,0,38,0,38,15,18,72,0,105,162,0,162,267
06/11/2023,SBP,CA,AWP,WE,Federal Contract Tower,19,10,38,0,67,0,1,74,3,78,19,11,112,3,145,80,2,82,227
06/13/2023,SBP,CA,AWP,WE,Federal Contract Tower,12,22,14,1,49,0,0,62,1,63,12,22,76,2,112,94,0,94,206
06/14/2023,SBP,CA,AWP,WE,Federal Contract Tower,11,23,30,2,66,0,3,71,2,76,11,26,101,4,142,96,0,96,238
06/15/2023,SBP,CA,AWP,WE,Federal Contract Tower,21,24,40,0,85,0,2,24,0,26,21,26,64,0,111,114,0,114,225
06/16/2023,SBP,CA,AWP,WE,Federal Contract Tower,21,16,48,2,87,0,16,55,5,76,21,32,103,7,163,94,6,100,263
06/17/2023,SBP,CA,AWP,WE,Federal Contract Tower,18,12,34,0,64,0,1,149,0,150,18,13,183,0,214,85,0,85,299
06/18/2023,SBP,CA,AWP,WE,Federal Contract Tower,21,14,34,5,74,0,0,74,1,75,21,14,108,6,149,68,0,68,217
06/19/2023,SBP,CA,AWP,WE,Federal Contract Tower,21,8,25,0,54,0,1,83,0,84,21,9,108,0,138,56,0,56,194
06/20/2023,SBP,CA,AWP,WE,Federal Contract Tower,18,18,9,3,48,0,9,90,4,103,18,27,99,7,151,112,0,112,263
06/21/2023,SBP,CA,AWP,WE,Federal Contract Tower,19,12,14,3,48,0,18,113,1,132,19,30,127,4,180,108,0,108,288
06/22/2023,SBP,CA,AWP,WE,Federal Contract Tower,24,8,29,4,65,0,4,72,0,76,24,12,101,4,141,112,0,112,253
06/23/2023,SBP,CA,AWP,WE,Federal Contract Tower,21,22,27,8,78,0,3,102,5,110,21,25,129,13,188,76,0,76,264
06/24/2023,SBP,CA,AWP,WE,Federal Contract Tower,16,15,21,0,52,0,0,103,0,103,16,15,124,0,155,24,0,24,179
06/25/2023,SBP,CA,AWP,WE,Federal Contract Tower,21,7,27,2,57,0,2,91,0,93,21,9,118,2,150,72,0,72,222
06/26/2023,SBP,CA,AWP,WE,Federal Contract Tower,18,11,17,2,48,0,1,68,0,69,18,12,85,2,117,88,0,88,205
06/27/2023,SBP,CA,AWP,WE,Federal Contract Tower,15,20,16,7,58,0,2,91,0,93,15,22,107,7,151,88,0,88,239
06/28/2023,SBP,CA,AWP,WE,Federal Contract Tower,17,19,27,5,68,0,2,70,2,74,17,21,97,7,142,88,10,98,240
06/29/2023,SBP,CA,AWP,WE,Federal Contract Tower,21,23,20,5,69,0,3,114,0,117,21,26,134,5,186,138,0,138,324
06/30/2023,SBP,CA,AWP,WE,Federal Contract Tower,23,15,21,1,60,0,3,104,2,109,23,18,125,3,169,80,0,80,249
07/01/2023,SBP,CA,AWP,WE,Federal Contract Tower,18,11,24,0,53,0,2,144,0,146,18,13,168,0,199,16,0,16,215
07/02/2023,SBP,CA,AWP,WE,Federal Contract Tower,20,7,17,0,44,0,0,93,0,93,20,7,110,0,137,64,0,64,201
07/03/2023,SBP,CA,AWP,WE,Federal Contract Tower,18,9,23,1,51,0,2,113,1,116,18,11,136,2,167,100,0,100,267
07/04/2023,SBP,CA,AWP,WE,Federal Contract Tower,12,3,12,0,27,0,1,64,0,65,12,4,76,0,92,18,2,20,112
07/05/2023,SBP,CA,AWP,WE,Federal Contract Tower,15,19,23,0,57,0,4,84,1,89,15,23,107,1,146,80,0,80,226
07/06/2023,SBP,CA,AWP,WE,Federal Contract Tower,23,23,17,0,63,0,0,90,0,90,23,23,107,0,153,60,0,60,213
07/07/2023,SBP,CA,AWP,WE,Federal Contract Tower,21,19,30,1,71,0,2,100,1,103,21,21,130,2,174,70,0,70,244
07/08/2023,SBP,CA,AWP,WE,Federal Contract Tower,19,10,11,0,40,0,0,137,0,137,19,10,148,0,177,146,0,146,323
07/09/2023,SBP,CA,AWP,WE,Federal Contract Tower,21,11,27,0,59,0,0,86,0,86,21,11,113,0,145,56,0,56,201
07/10/2023,SBP,CA,AWP,WE,Federal Contract Tower,19,15,12,0,46,0,1,73,0,74,19,16,85,0,120,128,0,128,248
07/11/2023,SBP,CA,AWP,WE,Federal Contract Tower,14,21,9,1,45,0,2,97,6,105,14,23,106,7,150,128,10,138,288
07/12/2023,SBP,CA,AWP,WE,Federal Contract Tower,15,19,17,0,51,0,7,108,2,117,15,26,125,2,168,120,0,120,288
07/13/2023,SBP,CA,AWP,WE,Federal Contract Tower,20,14,22,0,56,0,4,114,0,118,20,18,136,0,174,114,0,114,288
07/14/2023,SBP,CA,AWP,WE,Federal Contract Tower,22,21,15,1,59,0,8,139,1,148,22,29,154,2,207,120,0,120,327
07/15/2023,SBP,CA,AWP,WE,Federal Contract Tower,18,10,14,0,42,0,0,151,0,151,18,10,165,0,193,106,0,106,299
07/16/2023,SBP,CA,AWP,WE,Federal Contract Tower,21,6,22,0,49,0,4,142,0,146,21,10,164,0,195,96,0,96,291
07/17/2023,SBP,CA,AWP,WE,Federal Contract Tower,19,14,16,0,49,0,1,126,3,130,19,15,142,3,179,110,0,110,289
07/18/2023,SBP,CA,AWP,WE,Federal Contract Tower,14,16,19,2,51,0,5,128,2,135,14,21,147,4,186,98,0,98,284
07/19/2023,SBP,CA,AWP,WE,Federal Contract Tower,15,16,21,4,56,0,2,95,0,97,15,18,116,4,153,56,0,56,209
07/20/2023,SBP,CA,AWP,WE,Federal Contract Tower,21,19,23,0,63,0,3,108,0,111,21,22,131,0,174,132,8,140,314
07/21/2023,SBP,CA,AWP,WE,Federal Contract Tower,22,18,12,0,52,0,3,136,0,139,22,21,148,0,191,74,0,74,265
07/22/2023,SBP,CA,AWP,WE,Federal Contract Tower,17,6,18,4,45,0,1,156,0,157,17,7,174,4,202,132,0,132,334
07/23/2023,SBP,CA,AWP,WE,Federal Contract Tower,21,6,15,0,42,0,1,115,0,116,21,7,130,0,158,144,0,144,302
07/24/2023,SBP,CA,AWP,WE,Federal Contract Tower,18,8,15,3,44,0,1,102,1,104,18,9,117,4,148,64,0,64,212
07/25/2023,SBP,CA,AWP,WE,Federal Contract Tower,15,18,15,0,48,0,2,114,6,122,15,20,129,6,170,118,2,120,290
07/27/2023,SBP,CA,AWP,WE,Federal Contract Tower,21,18,21,4,64,0,5,111,3,119,21,23,132,7,183,134,12,146,329
07/28/2023,SBP,CA,AWP,WE,Federal Contract Tower,21,18,8,4,51,0,48,124,4,176,21,66,132,8,227,50,0,50,277
07/29/2023,SBP,CA,AWP,WE,Federal Contract Tower,19,14,20,0,53,0,2,152,0,154,19,16,172,0,207,56,0,56,263
07/30/2023,SBP,CA,AWP,WE,Federal Contract Tower,20,14,16,0,50,0,0,132,0,132,20,14,148,0,182,48,0,48,230
07/31/2023,SBP,CA,AWP,WE,Federal Contract Tower,18,8,11,2,39,0,1,118,0,119,18,9,129,2,158,90,0,90,248
08/01/2023,SBP,CA,AWP,WE,Federal Contract Tower,17,21,20,4,62,0,1,67,2,70,17,22,87,6,132,122,4,126,258
08/02/2023,SBP,CA,AWP,WE,Federal Contract Tower,21,20,9,5,55,0,1,79,17,97,21,21,88,22,152,0,0,0,152
08/03/2023,SBP,CA,AWP,WE,Federal Contract Tower,26,17,11,1,55,0,1,100,0,101,26,18,111,1,156,118,0,118,274
08/04/2023,SBP,CA,AWP,WE,Federal Contract Tower,21,16,9,8,54,0,6,122,2,130,21,22,131,10,184,64,0,64,248
08/05/2023,SBP,CA,AWP,WE,Federal Contract Tower,19,10,22,12,63,0,1,101,1,103,19,11,123,13,166,52,0,52,218
08/06/2023,SBP,CA,AWP,WE,Federal Contract Tower,25,8,19,3,55,0,1,127,1,129,25,9,146,4,184,94,0,94,278
08/07/2023,SBP,CA,AWP,WE,Federal Contract Tower,22,10,11,8,51,0,2,72,5,79,22,12,83,13,130,162,0,162,292
08/08/2023,SBP,CA,AWP,WE,Federal Contract Tower,18,13,16,2,49,0,2,81,0,83,18,15,97,2,132,88,0,88,220
08/09/2023,SBP,CA,AWP,WE,Federal Contract Tower,25,12,19,4,60,0,1,80,3,84,25,13,99,7,144,124,0,124,268
08/10/2023,SBP,CA,AWP,WE,Federal Contract Tower,23,20,40,1,84,0,0,38,0,38,23,20,78,1,122,76,0,76,198
08/11/2023,SBP,CA,AWP,WE,Federal Contract Tower,24,13,24,0,61,0,3,106,0,109,24,16,130,0,170,162,0,162,332
08/12/2023,SBP,CA,AWP,WE,Federal Contract Tower,19,13,8,0,40,0,2,118,1,121,19,15,126,1,161,88,0,88,249
08/13/2023,SBP,CA,AWP,WE,Federal Contract Tower,22,6,16,0,44,0,0,126,0,126,22,6,142,0,170,28,0,28,198
08/14/2023,SBP,CA,AWP,WE,Federal Contract Tower,20,11,21,5,57,0,1,81,0,82,20,12,102,5,139,74,0,74,213
08/15/2023,SBP,CA,AWP,WE,Federal Contract Tower,16,17,28,0,61,0,11,60,0,71,16,28,88,0,132,60,0,60,192
08/16/2023,SBP,CA,AWP,WE,Federal Contract Tower,22,18,18,1,59,0,7,73,0,80,22,25,91,1,139,114,0,114,253
08/17/2023,SBP,CA,AWP,WE,Federal Contract Tower,22,14,22,0,58,0,6,118,0,124,22,20,140,0,182,110,0,110,292
08/18/2023,SBP,CA,AWP,WE,Federal Contract Tower,23,15,32,4,74,0,0,115,4,119,23,15,147,8,193,60,0,60,253
08/19/2023,SBP,CA,AWP,WE,Federal Contract Tower,19,9,14,0,42,0,2,107,1,110,19,11,121,1,152,30,0,30,182
08/20/2023,SBP,CA,AWP,WE,Federal Contract Tower,20,10,16,0,46,0,1,51,2,54,20,11,67,2,100,24,0,24,124
08/21/2023,SBP,CA,AWP,WE,Federal Contract Tower,21,7,20,2,50,0,0,26,0,26,21,7,46,2,76,6,0,6,82
08/22/2023,SBP,CA,AWP,WE,Federal Contract Tower,18,8,18,3,47,0,5,84,12,101,18,13,102,15,148,108,4,112,260
08/23/2023,SBP,CA,AWP,WE,Federal Contract Tower,21,27,5,1,54,0,1,91,10,102,21,28,96,11,156,66,4,70,226
08/24/2023,SBP,CA,AWP,WE,Federal Contract Tower,22,17,33,2,74,0,1,55,1,57,22,18,88,3,131,54,0,54,185
08/25/2023,SBP,CA,AWP,WE,Federal Contract Tower,23,10,18,0,51,0,3,136,0,139,23,13,154,0,190,82,0,82,272
08/26/2023,SBP,CA,AWP,WE,Federal Contract Tower,19,9,25,0,53,0,0,112,0,112,19,9,137,0,165,32,0,32,197
08/27/2023,SBP,CA,AWP,WE,Federal Contract Tower,21,6,13,0,40,0,0,123,0,123,21,6,136,0,163,42,0,42,205
08/28/2023,SBP,CA,AWP,WE,Federal Contract Tower,22,12,10,3,47,0,5,78,1,84,22,17,88,4,131,68,0,68,199
08/29/2023,SBP,CA,AWP,WE,Federal Contract Tower,19,13,18,1,51,0,2,102,4,108,19,15,120,5,159,34,0,34,193
08/30/2023,SBP,CA,AWP,WE,Federal Contract Tower,21,10,11,0,42,0,5,93,0,98,21,15,104,0,140,56,0,56,196
08/31/2023,SBP,CA,AWP,WE,Federal Contract Tower,23,17,9,0,49,0,2,87,0,89,23,19,96,0,138,84,8,92,230
01/01/2020,SBP,CA,AWP,WE,Federal Contract Tower,14,16,13,0,43,0,0,70,0,70,14,16,83,0,113,64,0,64,177
01/02/2020,SBP,CA,AWP,WE,Federal Contract Tower,22,24,14,0,60,0,4,72,0,76,22,28,86,0,136,24,0,24,160
01/04/2020,SBP,CA,AWP,WE,Federal Contract Tower,14,16,12,0,42,0,1,115,0,116,14,17,127,0,158,66,0,66,224
01/05/2020,SBP,CA,AWP,WE,Federal Contract Tower,16,20,19,0,55,0,0,64,0,64,16,20,83,0,119,28,0,28,147
01/06/2020,SBP,CA,AWP,WE,Federal Contract Tower,16,22,21,3,62,0,2,75,0,77,16,24,96,3,139,28,0,28,167
01/07/2020,SBP,CA,AWP,WE,Federal Contract Tower,16,20,26,2,64,0,2,86,7,95,16,22,112,9,159,96,0,96,255
01/08/2020,SBP,CA,AWP,WE,Federal Contract Tower,17,21,20,4,62,0,2,69,0,71,17,23,89,4,133,88,0,88,221
01/09/2020,SBP,CA,AWP,WE,Federal Contract Tower,18,28,25,0,71,0,2,40,0,42,18,30,65,0,113,35,0,35,148
01/10/2020,SBP,CA,AWP,WE,Federal Contract Tower,17,25,33,2,77,0,5,119,0,124,17,30,152,2,201,102,0,102,303
01/11/2020,SBP,CA,AWP,WE,Federal Contract Tower,15,14,21,0,50,0,1,113,1,115,15,15,134,1,165,66,0,66,231
01/12/2020,SBP,CA,AWP,WE,Federal Contract Tower,20,16,21,0,57,0,4,107,0,111,20,20,128,0,168,70,0,70,238
01/14/2020,SBP,CA,AWP,WE,Federal Contract Tower,17,21,22,1,61,0,8,77,4,89,17,29,99,5,150,76,0,76,226
01/15/2020,SBP,CA,AWP,WE,Federal Contract Tower,18,23,30,2,73,0,2,99,1,102,18,25,129,3,175,124,12,136,311
01/16/2020,SBP,CA,AWP,WE,Federal Contract Tower,19,27,24,0,70,0,2,13,0,15,19,29,37,0,85,26,0,26,111
01/17/2020,SBP,CA,AWP,WE,Federal Contract Tower,18,22,22,2,64,0,4,81,6,91,18,26,103,8,155,70,0,70,225
01/18/2020,SBP,CA,AWP,WE,Federal Contract Tower,15,12,32,0,59,0,1,110,0,111,15,13,142,0,170,60,0,60,230
01/19/2020,SBP,CA,AWP,WE,Federal Contract Tower,18,10,23,0,51,0,0,112,0,112,18,10,135,0,163,30,0,30,193
01/20/2020,SBP,CA,AWP,WE,Federal Contract Tower,19,19,27,0,65,0,1,71,6,78,19,20,98,6,143,40,0,40,183
01/21/2020,SBP,CA,AWP,WE,Federal Contract Tower,16,25,12,2,55,0,14,53,3,70,16,39,65,5,125,74,0,74,199
01/22/2020,SBP,CA,AWP,WE,Federal Contract Tower,18,25,26,3,72,0,4,55,6,65,18,29,81,9,137,58,0,58,195
01/23/2020,SBP,CA,AWP,WE,Federal Contract Tower,16,23,21,0,60,0,3,107,3,113,16,26,128,3,173,60,0,60,233
01/24/2020,SBP,CA,AWP,WE,Federal Contract Tower,19,27,30,0,76,0,5,86,3,94,19,32,116,3,170,78,0,78,248
01/25/2020,SBP,CA,AWP,WE,Federal Contract Tower,16,15,11,2,44,0,0,96,0,96,16,15,107,2,140,96,0,96,236
01/26/2020,SBP,CA,AWP,WE,Federal Contract Tower,18,17,17,0,52,0,0,26,0,26,18,17,43,0,78,6,0,6,84
01/27/2020,SBP,CA,AWP,WE,Federal Contract Tower,19,17,8,0,44,0,0,52,7,59,19,17,60,7,103,46,0,46,149
01/28/2020,SBP,CA,AWP,WE,Federal Contract Tower,16,22,29,4,71,0,3,68,3,74,16,25,97,7,145,72,0,72,217
01/29/2020,SBP,CA,AWP,WE,Federal Contract Tower,18,21,13,0,52,0,4,60,1,65,18,25,73,1,117,72,0,72,189
01/30/2020,SBP,CA,AWP,WE,Federal Contract Tower,20,24,29,1,74,0,5,97,10,112,20,29,126,11,186,86,0,86,272
01/31/2020,SBP,CA,AWP,WE,Federal Contract Tower,19,24,27,0,70,0,1,130,2,133,19,25,157,2,203,62,0,62,265
02/01/2020,SBP,CA,AWP,WE,Federal Contract Tower,17,13,13,0,43,0,3,105,0,108,17,16,118,0,151,74,0,74,225
02/02/2020,SBP,CA,AWP,WE,Federal Contract Tower,17,15,7,0,39,0,0,31,0,31,17,15,38,0,70,20,0,20,90
02/03/2020,SBP,CA,AWP,WE,Federal Contract Tower,20,23,8,0,51,0,0,38,0,38,20,23,46,0,89,34,0,34,123
02/04/2020,SBP,CA,AWP,WE,Federal Contract Tower,16,21,10,0,47,0,5,64,0,69,16,26,74,0,116,56,0,56,172
02/05/2020,SBP,CA,AWP,WE,Federal Contract Tower,18,24,14,2,58,0,4,100,3,107,18,28,114,5,165,118,0,118,283
02/06/2020,SBP,CA,AWP,WE,Federal Contract Tower,21,22,14,1,58,0,7,84,3,94,21,29,98,4,152,90,0,90,242
02/07/2020,SBP,CA,AWP,WE,Federal Contract Tower,18,22,22,1,63,0,3,109,0,112,18,25,131,1,175,86,0,86,261
02/08/2020,SBP,CA,AWP,WE,Federal Contract Tower,15,17,21,1,54,0,2,103,2,107,15,19,124,3,161,41,0,41,202
02/09/2020,SBP,CA,AWP,WE,Federal Contract Tower,19,21,13,0,53,0,0,57,0,57,19,21,70,0,110,58,0,58,168
02/10/2020,SBP,CA,AWP,WE,Federal Contract Tower,19,21,13,1,54,0,0,64,0,64,19,21,77,1,118,74,0,74,192
02/14/2020,SBP,CA,AWP,WE,Federal Contract Tower,19,40,26,0,85,0,3,85,0,88,19,43,111,0,173,48,0,48,221
02/15/2020,SBP,CA,AWP,WE,Federal Contract Tower,14,19,12,1,46,0,2,155,0,157,14,21,167,1,203,58,0,58,261
02/16/2020,SBP,CA,AWP,WE,Federal Contract Tower,17,16,15,0,48,0,0,116,0,116,17,16,131,0,164,40,24,64,228
02/17/2020,SBP,CA,AWP,WE,Federal Contract Tower,19,18,25,1,63,0,2,105,0,107,19,20,130,1,170,60,0,60,230
02/18/2020,SBP,CA,AWP,WE,Federal Contract Tower,18,21,8,2,49,0,6,58,1,65,18,27,66,3,114,100,0,100,214
02/19/2020,SBP,CA,AWP,WE,Federal Contract Tower,15,30,20,4,69,0,3,80,4,87,15,33,100,8,156,104,0,104,260
02/20/2020,SBP,CA,AWP,WE,Federal Contract Tower,22,25,23,2,72,0,2,121,3,126,22,27,144,5,198,130,0,130,328
02/21/2020,SBP,CA,AWP,WE,Federal Contract Tower,18,23,28,5,74,0,1,102,2,105,18,24,130,7,179,118,0,118,297
02/22/2020,SBP,CA,AWP,WE,Federal Contract Tower,14,15,17,0,46,0,0,48,0,48,14,15,65,0,94,134,0,134,228
02/23/2020,SBP,CA,AWP,WE,Federal Contract Tower,14,17,21,0,52,0,0,120,1,121,14,17,141,1,173,64,0,64,237
02/24/2020,SBP,CA,AWP,WE,Federal Contract Tower,15,21,16,2,54,0,1,89,1,91,15,22,105,3,145,34,0,34,179
02/25/2020,SBP,CA,AWP,WE,Federal Contract Tower,19,25,15,4,63,0,4,95,4,103,19,29,110,8,166,26,0,26,192
02/26/2020,SBP,CA,AWP,WE,Federal Contract Tower,14,23,19,0,56,0,1,78,0,79,14,24,97,0,135,86,0,86,221
02/27/2020,SBP,CA,AWP,WE,Federal Contract Tower,19,25,18,1,63,0,0,112,1,113,19,25,130,2,176,92,0,92,268
02/28/2020,SBP,CA,AWP,WE,Federal Contract Tower,18,21,17,0,56,0,5,129,0,134,18,26,146,0,190,68,0,68,258
02/29/2020,SBP,CA,AWP,WE,Federal Contract Tower,14,15,31,2,62,0,0,87,2,89,14,15,118,4,151,156,0,156,307
03/01/2020,SBP,CA,AWP,WE,Federal Contract Tower,18,19,17,0,54,0,0,36,0,36,18,19,53,0,90,38,0,38,128
03/02/2020,SBP,CA,AWP,WE,Federal Contract Tower,18,20,12,7,57,0,0,57,1,58,18,20,69,8,115,104,2,106,221
03/03/2020,SBP,CA,AWP,WE,Federal Contract Tower,19,24,11,0,54,0,2,71,0,73,19,26,82,0,127,48,0,48,175
03/04/2020,SBP,CA,AWP,WE,Federal Contract Tower,14,27,16,1,58,0,4,90,5,99,14,31,106,6,157,82,0,82,239
03/05/2020,SBP,CA,AWP,WE,Federal Contract Tower,13,26,28,0,67,0,0,74,0,74,13,26,102,0,141,126,0,126,267
03/06/2020,SBP,CA,AWP,WE,Federal Contract Tower,12,26,23,0,61,0,0,105,0,105,12,26,128,0,166,128,0,128,294
03/07/2020,SBP,CA,AWP,WE,Federal Contract Tower,13,17,18,0,48,0,0,23,0,23,13,17,41,0,71,52,0,52,123
03/08/2020,SBP,CA,AWP,WE,Federal Contract Tower,13,18,25,0,56,0,0,78,0,78,13,18,103,0,134,74,0,74,208
03/09/2020,SBP,CA,AWP,WE,Federal Contract Tower,14,21,9,2,46,0,0,48,0,48,14,21,57,2,94,92,0,92,186
03/10/2020,SBP,CA,AWP,WE,Federal Contract Tower,15,23,7,4,49,0,0,15,0,15,15,23,22,4,64,0,0,0,64
03/11/2020,SBP,CA,AWP,WE,Federal Contract Tower,15,26,20,0,61,0,0,32,0,32,15,26,52,0,93,50,0,50,143
03/12/2020,SBP,CA,AWP,WE,Federal Contract Tower,13,24,23,2,62,0,2,91,0,93,13,26,114,2,155,144,2,146,301
03/13/2020,SBP,CA,AWP,WE,Federal Contract Tower,13,29,30,2,74,0,0,18,9,27,13,29,48,11,101,126,0,126,227
03/14/2020,SBP,CA,AWP,WE,Federal Contract Tower,15,23,15,0,53,0,0,14,0,14,15,23,29,0,67,50,0,50,117
03/15/2020,SBP,CA,AWP,WE,Federal Contract Tower,14,19,11,0,44,0,0,5,0,5,14,19,16,0,49,14,0,14,63
03/16/2020,SBP,CA,AWP,WE,Federal Contract Tower,13,20,17,0,50,0,0,2,0,2,13,20,19,0,52,10,0,10,62
03/17/2020,SBP,CA,AWP,WE,Federal Contract Tower,14,26,9,2,51,0,2,35,0,37,14,28,44,2,88,42,0,42,130
03/18/2020,SBP,CA,AWP,WE,Federal Contract Tower,13,24,7,0,44,0,3,73,2,78,13,27,80,2,122,54,0,54,176
03/19/2020,SBP,CA,AWP,WE,Federal Contract Tower,13,19,6,0,38,0,4,51,0,55,13,23,57,0,93,118,0,118,211
03/20/2020,SBP,CA,AWP,WE,Federal Contract Tower,22,22,6,3,53,0,0,23,0,23,22,22,29,3,76,24,0,24,100
03/21/2020,SBP,CA,AWP,WE,Federal Contract Tower,14,9,9,0,32,0,0,42,0,42,14,9,51,0,74,32,0,32,106
03/22/2020,SBP,CA,AWP,WE,Federal Contract Tower,13,10,4,0,27,0,0,14,0,14,13,10,18,0,41,12,0,12,53
03/23/2020,SBP,CA,AWP,WE,Federal Contract Tower,11,13,2,3,29,0,0,3,0,3,11,13,5,3,32,2,0,2,34
03/24/2020,SBP,CA,AWP,WE,Federal Contract Tower,11,22,9,0,42,0,2,4,0,6,11,24,13,0,48,0,0,0,48
03/25/2020,SBP,CA,AWP,WE,Federal Contract Tower,11,23,1,0,35,0,4,11,0,15,11,27,12,0,50,0,0,0,50
03/26/2020,SBP,CA,AWP,WE,Federal Contract Tower,11,18,8,0,37,0,3,18,0,21,11,21,26,0,58,4,0,4,62
03/27/2020,SBP,CA,AWP,WE,Federal Contract Tower,13,22,7,1,43,0,3,63,1,67,13,25,70,2,110,12,2,14,124
03/28/2020,SBP,CA,AWP,WE,Federal Contract Tower,11,10,5,2,28,0,1,44,0,45,11,11,49,2,73,32,0,32,105
03/29/2020,SBP,CA,AWP,WE,Federal Contract Tower,11,8,1,0,20,0,0,23,0,23,11,8,24,0,43,32,0,32,75
03/30/2020,SBP,CA,AWP,WE,Federal Contract Tower,12,7,5,0,24,0,1,37,0,38,12,8,42,0,62,0,0,0,62
03/31/2020,SBP,CA,AWP,WE,Federal Contract Tower,13,14,4,0,31,0,3,30,0,33,13,17,34,0,64,0,0,0,64
04/01/2020,SBP,CA,AWP,WE,Federal Contract Tower,12,13,3,4,32,0,9,23,3,35,12,22,26,7,67,4,0,4,71
04/03/2020,SBP,CA,AWP,WE,Federal Contract Tower,8,14,6,0,28,0,4,70,0,74,8,18,76,0,102,24,0,24,126
04/04/2020,SBP,CA,AWP,WE,Federal Contract Tower,8,5,14,0,27,0,1,74,0,75,8,6,88,0,102,18,0,18,120
04/05/2020,SBP,CA,AWP,WE,Federal Contract Tower,8,5,4,0,17,0,0,0,0,0,8,5,4,0,17,0,0,0,17
04/06/2020,SBP,CA,AWP,WE,Federal Contract Tower,6,10,13,0,29,0,0,8,0,8,6,10,21,0,37,0,0,0,37
04/07/2020,SBP,CA,AWP,WE,Federal Contract Tower,3,13,2,0,18,2,16,2,0,20,5,29,4,0,38,0,0,0,38
04/08/2020,SBP,CA,AWP,WE,Federal Contract Tower,6,12,3,2,23,0,2,8,2,12,6,14,11,4,35,16,0,16,51
04/09/2020,SBP,CA,AWP,WE,Federal Contract Tower,4,15,6,0,25,0,0,2,2,4,4,15,8,2,29,42,0,42,71
04/10/2020,SBP,CA,AWP,WE,Federal Contract Tower,6,11,1,1,19,0,2,41,1,44,6,13,42,2,63,24,0,24,87
04/11/2020,SBP,CA,AWP,WE,Federal Contract Tower,6,7,10,0,23,0,1,83,0,84,6,8,93,0,107,18,0,18,125
04/12/2020,SBP,CA,AWP,WE,Federal Contract Tower,6,2,6,0,14,0,0,4,0,4,6,2,10,0,18,10,0,10,28
04/13/2020,SBP,CA,AWP,WE,Federal Contract Tower,5,5,23,0,33,0,0,0,0,0,5,5,23,0,33,0,0,0,33
04/14/2020,SBP,CA,AWP,WE,Federal Contract Tower,6,12,14,0,32,0,1,73,4,78,6,13,87,4,110,34,0,34,144
04/15/2020,SBP,CA,AWP,WE,Federal Contract Tower,4,14,4,1,23,0,2,86,6,94,4,16,90,7,117,10,0,10,127
04/16/2020,SBP,CA,AWP,WE,Federal Contract Tower,6,16,19,0,41,0,0,34,2,36,6,16,53,2,77,2,0,2,79
04/17/2020,SBP,CA,AWP,WE,Federal Contract Tower,7,16,7,0,30,0,0,15,2,17,7,16,22,2,47,20,0,20,67
04/18/2020,SBP,CA,AWP,WE,Federal Contract Tower,6,5,12,0,23,0,1,27,2,30,6,6,39,2,53,6,0,6,59
04/19/2020,SBP,CA,AWP,WE,Federal Contract Tower,6,5,8,0,19,0,0,51,2,53,6,5,59,2,72,10,0,10,82
04/20/2020,SBP,CA,AWP,WE,Federal Contract Tower,8,8,17,2,35,0,0,4,1,5,8,8,21,3,40,0,0,0,40
04/21/2020,SBP,CA,AWP,WE,Federal Contract Tower,3,12,7,3,25,0,2,32,1,35,3,14,39,4,60,10,0,10,70
04/22/2020,SBP,CA,AWP,WE,Federal Contract Tower,6,11,5,1,23,0,4,59,3,66,6,15,64,4,89,12,0,12,101
04/23/2020,SBP,CA,AWP,WE,Federal Contract Tower,5,9,5,2,21,2,2,41,2,47,7,11,46,4,68,10,0,10,78
04/24/2020,SBP,CA,AWP,WE,Federal Contract Tower,7,7,7,2,23,0,6,94,0,100,7,13,101,2,123,22,0,22,145
04/25/2020,SBP,CA,AWP,WE,Federal Contract Tower,6,4,2,0,12,0,3,123,0,126,6,7,125,0,138,34,0,34,172
04/26/2020,SBP,CA,AWP,WE,Federal Contract Tower,8,5,6,0,19,0,2,85,0,87,8,7,91,0,106,58,0,58,164
04/27/2020,SBP,CA,AWP,WE,Federal Contract Tower,7,10,7,0,24,0,3,45,0,48,7,13,52,0,72,12,0,12,84
04/28/2020,SBP,CA,AWP,WE,Federal Contract Tower,4,10,6,2,22,0,4,79,2,85,4,14,85,4,107,66,0,66,173
04/29/2020,SBP,CA,AWP,WE,Federal Contract Tower,9,14,9,2,34,3,8,59,2,72,12,22,68,4,106,46,0,46,152
04/30/2020,SBP,CA,AWP,WE,Federal Contract Tower,7,12,7,1,27,0,0,40,3,43,7,12,47,4,70,8,6,14,84
05/01/2020,SBP,CA,AWP,WE,Federal Contract Tower,7,12,4,0,23,0,5,58,0,63,7,17,62,0,86,38,0,38,124
05/02/2020,SBP,CA,AWP,WE,Federal Contract Tower,4,6,19,0,29,0,1,74,0,75,4,7,93,0,104,50,0,50,154
05/03/2020,SBP,CA,AWP,WE,Federal Contract Tower,7,1,9,0,17,0,1,60,0,61,7,2,69,0,78,68,0,68,146
05/04/2020,SBP,CA,AWP,WE,Federal Contract Tower,7,10,8,4,29,0,0,61,0,61,7,10,69,4,90,28,0,28,118
05/05/2020,SBP,CA,AWP,WE,Federal Contract Tower,6,13,11,0,30,0,3,60,0,63,6,16,71,0,93,30,0,30,123
05/06/2020,SBP,CA,AWP,WE,Federal Contract Tower,7,12,2,4,25,0,2,51,0,53,7,14,53,4,78,22,0,22,100
05/07/2020,SBP,CA,AWP,WE,Federal Contract Tower,9,11,11,2,33,0,5,80,3,88,9,16,91,5,121,48,0,48,169
05/08/2020,SBP,CA,AWP,WE,Federal Contract Tower,8,11,7,0,26,0,6,106,0,112,8,17,113,0,138,90,0,90,228
05/09/2020,SBP,CA,AWP,WE,Federal Contract Tower,7,8,11,0,26,0,0,83,0,83,7,8,94,0,109,140,0,140,249
05/10/2020,SBP,CA,AWP,WE,Federal Contract Tower,9,4,16,0,29,0,0,36,0,36,9,4,52,0,65,40,0,40,105
05/11/2020,SBP,CA,AWP,WE,Federal Contract Tower,10,6,10,0,26,0,0,49,0,49,10,6,59,0,75,62,0,62,137
05/12/2020,SBP,CA,AWP,WE,Federal Contract Tower,5,11,14,0,30,0,2,47,0,49,5,13,61,0,79,86,0,86,165
05/13/2020,SBP,CA,AWP,WE,Federal Contract Tower,10,10,12,2,34,0,1,73,0,74,10,11,85,2,108,116,0,116,224
05/14/2020,SBP,CA,AWP,WE,Federal Contract Tower,10,8,2,2,22,0,4,89,2,95,10,12,91,4,117,58,0,58,175
05/15/2020,SBP,CA,AWP,WE,Federal Contract Tower,9,8,14,0,31,0,5,87,2,94,9,13,101,2,125,70,0,70,195
05/16/2020,SBP,CA,AWP,WE,Federal Contract Tower,10,3,13,0,26,0,1,82,1,84,10,4,95,1,110,68,0,68,178
05/17/2020,SBP,CA,AWP,WE,Federal Contract Tower,9,6,12,0,27,0,3,44,0,47,9,9,56,0,74,92,0,92,166
05/18/2020,SBP,CA,AWP,WE,Federal Contract Tower,11,5,7,2,25,0,0,25,0,25,11,5,32,2,50,72,0,72,122
05/19/2020,SBP,CA,AWP,WE,Federal Contract Tower,6,11,8,0,25,0,2,72,0,74,6,13,80,0,99,86,0,86,185
05/20/2020,SBP,CA,AWP,WE,Federal Contract Tower,11,13,14,1,39,0,2,90,2,94,11,15,104,3,133,60,0,60,193
05/21/2020,SBP,CA,AWP,WE,Federal Contract Tower,11,10,8,0,29,0,4,76,2,82,11,14,84,2,111,110,0,110,221
05/22/2020,SBP,CA,AWP,WE,Federal Contract Tower,8,13,11,0,32,0,4,78,0,82,8,17,89,0,114,52,0,52,166
05/23/2020,SBP,CA,AWP,WE,Federal Contract Tower,9,5,13,0,27,0,1,112,0,113,9,6,125,0,140,24,0,24,164
05/24/2020,SBP,CA,AWP,WE,Federal Contract Tower,11,3,11,0,25,0,1,109,0,110,11,4,120,0,135,62,0,62,197
05/25/2020,SBP,CA,AWP,WE,Federal Contract Tower,9,5,16,0,30,0,0,103,0,103,9,5,119,0,133,108,0,108,241
05/26/2020,SBP,CA,AWP,WE,Federal Contract Tower,7,6,11,0,24,0,0,98,0,98,7,6,109,0,122,104,0,104,226
05/27/2020,SBP,CA,AWP,WE,Federal Contract Tower,13,8,14,4,39,0,4,111,0,115,13,12,125,4,154,102,2,104,258
05/28/2020,SBP,CA,AWP,WE,Federal Contract Tower,9,13,11,0,33,0,6,84,0,90,9,19,95,0,123,168,0,168,291
05/29/2020,SBP,CA,AWP,WE,Federal Contract Tower,8,14,30,0,52,0,0,24,0,24,8,14,54,0,76,44,0,44,120
05/30/2020,SBP,CA,AWP,WE,Federal Contract Tower,8,3,21,0,32,0,1,26,0,27,8,4,47,0,59,32,0,32,91
05/31/2020,SBP,CA,AWP,WE,Federal Contract Tower,12,2,22,0,36,0,0,89,0,89,12,2,111,0,125,68,0,68,193
06/01/2020,SBP,CA,AWP,WE,Federal Contract Tower,8,4,21,0,33,0,7,54,0,61,8,11,75,0,94,48,0,48,142
06/03/2020,SBP,CA,AWP,WE,Federal Contract Tower,6,21,8,4,39,0,8,49,4,61,6,29,57,8,100,36,0,36,136
06/04/2020,SBP,CA,AWP,WE,Federal Contract Tower,8,11,13,1,33,0,9,60,0,69,8,20,73,1,102,150,4,154,256
06/05/2020,SBP,CA,AWP,WE,Federal Contract Tower,5,12,29,0,46,0,3,27,0,30,5,15,56,0,76,146,0,146,222
06/06/2020,SBP,CA,AWP,WE,Federal Contract Tower,8,3,20,3,34,0,3,103,1,107,8,6,123,4,141,72,0,72,213
06/07/2020,SBP,CA,AWP,WE,Federal Contract Tower,5,2,14,0,21,0,1,24,0,25,5,3,38,0,46,66,0,66,112
06/08/2020,SBP,CA,AWP,WE,Federal Contract Tower,6,6,5,0,17,0,1,70,0,71,6,7,75,0,88,76,0,76,164
06/09/2020,SBP,CA,AWP,WE,Federal Contract Tower,8,15,6,2,31,0,4,103,0,107,8,19,109,2,138,130,0,130,268
06/10/2020,SBP,CA,AWP,WE,Federal Contract Tower,7,13,6,0,26,0,3,91,0,94,7,16,97,0,120,120,0,120,240
06/11/2020,SBP,CA,AWP,WE,Federal Contract Tower,9,12,9,0,30,0,6,109,4,119,9,18,118,4,149,146,0,146,295
06/12/2020,SBP,CA,AWP,WE,Federal Contract Tower,6,13,22,0,41,0,1,89,0,90,6,14,111,0,131,56,0,56,187
06/13/2020,SBP,CA,AWP,WE,Federal Contract Tower,7,8,9,0,24,0,2,131,0,133,7,10,140,0,157,40,0,40,197
06/14/2020,SBP,CA,AWP,WE,Federal Contract Tower,8,4,9,0,21,0,0,113,0,113,8,4,122,0,134,72,0,72,206
06/15/2020,SBP,CA,AWP,WE,Federal Contract Tower,6,10,7,0,23,0,4,62,0,66,6,14,69,0,89,98,2,100,189
06/16/2020,SBP,CA,AWP,WE,Federal Contract Tower,9,8,6,1,24,0,6,82,0,88,9,14,88,1,112,104,0,104,216
06/17/2020,SBP,CA,AWP,WE,Federal Contract Tower,7,13,17,1,38,0,4,111,4,119,7,17,128,5,157,114,0,114,271
06/18/2020,SBP,CA,AWP,WE,Federal Contract Tower,8,11,17,1,37,0,3,108,2,113,8,14,125,3,150,86,0,86,236
06/19/2020,SBP,CA,AWP,WE,Federal Contract Tower,7,12,36,0,55,0,1,64,0,65,7,13,100,0,120,78,0,78,198
06/20/2020,SBP,CA,AWP,WE,Federal Contract Tower,6,9,26,0,41,0,3,83,0,86,6,12,109,0,127,72,0,72,199
06/21/2020,SBP,CA,AWP,WE,Federal Contract Tower,7,3,18,0,28,0,1,106,0,107,7,4,124,0,135,66,0,66,201
06/22/2020,SBP,CA,AWP,WE,Federal Contract Tower,7,7,29,0,43,0,1,68,1,70,7,8,97,1,113,110,0,110,223
06/23/2020,SBP,CA,AWP,WE,Federal Contract Tower,9,15,16,0,40,0,2,94,9,105,9,17,110,9,145,114,0,114,259
06/24/2020,SBP,CA,AWP,WE,Federal Contract Tower,6,16,16,3,41,0,0,99,1,100,6,16,115,4,141,98,0,98,239
06/25/2020,SBP,CA,AWP,WE,Federal Contract Tower,9,12,32,1,54,0,0,67,1,68,9,12,99,2,122,60,0,60,182
06/26/2020,SBP,CA,AWP,WE,Federal Contract Tower,6,13,19,2,40,0,1,121,2,124,6,14,140,4,164,158,0,158,322
06/27/2020,SBP,CA,AWP,WE,Federal Contract Tower,7,7,17,2,33,0,0,95,1,96,7,7,112,3,129,92,0,92,221
06/28/2020,SBP,CA,AWP,WE,Federal Contract Tower,7,6,22,1,36,0,1,33,0,34,7,7,55,1,70,90,0,90,160
06/29/2020,SBP,CA,AWP,WE,Federal Contract Tower,7,5,13,1,26,0,2,107,0,109,7,7,120,1,135,114,0,114,249
06/30/2020,SBP,CA,AWP,WE,Federal Contract Tower,8,10,17,0,35,0,7,92,0,99,8,17,109,0,134,128,0,128,262
07/01/2020,SBP,CA,AWP,WE,Federal Contract Tower,4,15,34,0,53,0,0,61,0,61,4,15,95,0,114,96,0,96,210
07/02/2020,SBP,CA,AWP,WE,Federal Contract Tower,8,14,23,5,50,0,1,68,0,69,8,15,91,5,119,66,0,66,185
07/03/2020,SBP,CA,AWP,WE,Federal Contract Tower,4,19,16,0,39,0,0,97,0,97,4,19,113,0,136,128,0,128,264
07/04/2020,SBP,CA,AWP,WE,Federal Contract Tower,7,4,11,0,22,0,1,112,0,113,7,5,123,0,135,24,0,24,159
07/05/2020,SBP,CA,AWP,WE,Federal Contract Tower,10,1,17,0,28,0,1,88,0,89,10,2,105,0,117,18,0,18,135
07/06/2020,SBP,CA,AWP,WE,Federal Contract Tower,5,8,11,0,24,0,1,80,1,82,5,9,91,1,106,122,0,122,228
07/07/2020,SBP,CA,AWP,WE,Federal Contract Tower,7,21,15,0,43,0,6,76,2,84,7,27,91,2,127,134,0,134,261
07/08/2020,SBP,CA,AWP,WE,Federal Contract Tower,8,17,14,0,39,0,1,75,0,76,8,18,89,0,115,64,0,64,179
07/09/2020,SBP,CA,AWP,WE,Federal Contract Tower,10,23,24,2,59,0,0,115,1,116,10,23,139,3,175,138,0,138,313
07/10/2020,SBP,CA,AWP,WE,Federal Contract Tower,9,12,18,1,40,0,5,111,1,117,9,17,129,2,157,122,0,122,279
07/11/2020,SBP,CA,AWP,WE,Federal Contract Tower,7,11,10,0,28,0,1,149,0,150,7,12,159,0,178,90,0,90,268
07/12/2020,SBP,CA,AWP,WE,Federal Contract Tower,8,6,19,0,33,0,1,96,0,97,8,7,115,0,130,108,0,108,238
07/13/2020,SBP,CA,AWP,WE,Federal Contract Tower,9,12,15,0,36,0,1,91,0,92,9,13,106,0,128,78,0,78,206
07/14/2020,SBP,CA,AWP,WE,Federal Contract Tower,10,13,30,1,54,0,1,55,0,56,10,14,85,1,110,138,0,138,248
07/15/2020,SBP,CA,AWP,WE,Federal Contract Tower,8,19,19,1,47,0,0,76,1,77,8,19,95,2,124,116,0,116,240
07/16/2020,SBP,CA,AWP,WE,Federal Contract Tower,8,19,17,2,46,0,3,87,1,91,8,22,104,3,137,144,0,144,281
07/17/2020,SBP,CA,AWP,WE,Federal Contract Tower,9,17,21,2,49,0,1,81,0,82,9,18,102,2,131,136,0,136,267
07/18/2020,SBP,CA,AWP,WE,Federal Contract Tower,8,12,29,0,49,0,1,94,0,95,8,13,123,0,144,96,0,96,240
07/19/2020,SBP,CA,AWP,WE,Federal Contract Tower,10,8,17,0,35,0,0,93,0,93,10,8,110,0,128,66,0,66,194
07/21/2020,SBP,CA,AWP,WE,Federal Contract Tower,8,21,16,2,47,0,0,76,0,76,8,21,92,2,123,142,0,142,265
07/22/2020,SBP,CA,AWP,WE,Federal Contract Tower,8,21,26,2,57,0,3,84,0,87,8,24,110,2,144,150,0,150,294
07/23/2020,SBP,CA,AWP,WE,Federal Contract Tower,8,19,28,0,55,0,0,90,0,90,8,19,118,0,145,100,0,100,245
07/24/2020,SBP,CA,AWP,WE,Federal Contract Tower,9,20,29,0,58,0,2,115,0,117,9,22,144,0,175,90,0,90,265
07/25/2020,SBP,CA,AWP,WE,Federal Contract Tower,9,12,29,0,50,0,0,70,0,70,9,12,99,0,120,54,0,54,174
07/26/2020,SBP,CA,AWP,WE,Federal Contract Tower,6,9,22,0,37,0,1,111,4,116,6,10,133,4,153,78,0,78,231
07/27/2020,SBP,CA,AWP,WE,Federal Contract Tower,11,12,20,0,43,0,1,72,0,73,11,13,92,0,116,188,0,188,304
07/28/2020,SBP,CA,AWP,WE,Federal Contract Tower,9,22,22,2,55,0,3,90,0,93,9,25,112,2,148,174,0,174,322
07/29/2020,SBP,CA,AWP,WE,Federal Contract Tower,7,16,31,1,55,0,0,100,2,102,7,16,131,3,157,174,0,174,331
07/30/2020,SBP,CA,AWP,WE,Federal Contract Tower,8,21,13,0,42,0,1,82,0,83,8,22,95,0,125,52,0,52,177
07/31/2020,SBP,CA,AWP,WE,Federal Contract Tower,7,22,21,0,50,0,1,104,0,105,7,23,125,0,155,106,0,106,261
08/01/2020,SBP,CA,AWP,WE,Federal Contract Tower,8,13,14,0,35,0,1,104,0,105,8,14,118,0,140,46,0,46,186
08/02/2020,SBP,CA,AWP,WE,Federal Contract Tower,9,6,9,0,24,0,1,106,0,107,9,7,115,0,131,100,0,100,231
08/03/2020,SBP,CA,AWP,WE,Federal Contract Tower,12,14,11,0,37,0,1,84,3,88,12,15,95,3,125,90,0,90,215
08/04/2020,SBP,CA,AWP,WE,Federal Contract Tower,11,23,9,3,46,0,1,62,2,65,11,24,71,5,111,118,8,126,237
08/05/2020,SBP,CA,AWP,WE,Federal Contract Tower,10,21,26,1,58,0,0,71,0,71,10,21,97,1,129,96,0,96,225
08/06/2020,SBP,CA,AWP,WE,Federal Contract Tower,9,20,15,2,46,0,2,61,2,65,9,22,76,4,111,130,0,130,241
08/07/2020,SBP,CA,AWP,WE,Federal Contract Tower,11,15,16,1,43,0,1,95,0,96,11,16,111,1,139,102,0,102,241
08/08/2020,SBP,CA,AWP,WE,Federal Contract Tower,10,13,11,0,34,0,0,150,0,150,10,13,161,0,184,80,0,80,264
08/09/2020,SBP,CA,AWP,WE,Federal Contract Tower,10,6,21,2,39,0,1,146,0,147,10,7,167,2,186,104,0,104,290
08/10/2020,SBP,CA,AWP,WE,Federal Contract Tower,9,15,15,8,47,0,0,100,1,101,9,15,115,9,148,96,0,96,244
08/11/2020,SBP,CA,AWP,WE,Federal Contract Tower,10,23,29,0,62,0,0,86,0,86,10,23,115,0,148,114,0,114,262
08/12/2020,SBP,CA,AWP,WE,Federal Contract Tower,10,20,16,0,46,0,2,85,0,87,10,22,101,0,133,94,0,94,227
08/13/2020,SBP,CA,AWP,WE,Federal Contract Tower,10,19,13,0,42,0,5,55,0,60,10,24,68,0,102,32,0,32,134
08/14/2020,SBP,CA,AWP,WE,Federal Contract Tower,8,14,24,1,47,0,5,95,2,102,8,19,119,3,149,146,4,150,299
08/15/2020,SBP,CA,AWP,WE,Federal Contract Tower,9,16,12,1,38,0,1,107,0,108,9,17,119,1,146,60,0,60,206
08/16/2020,SBP,CA,AWP,WE,Federal Contract Tower,10,8,19,0,37,0,2,116,0,118,10,10,135,0,155,76,0,76,231
08/17/2020,SBP,CA,AWP,WE,Federal Contract Tower,10,14,18,0,42,0,1,106,4,111,10,15,124,4,153,136,0,136,289
08/18/2020,SBP,CA,AWP,WE,Federal Contract Tower,8,15,15,2,40,0,8,75,0,83,8,23,90,2,123,96,0,96,219
08/19/2020,SBP,CA,AWP,WE,Federal Contract Tower,7,20,31,0,58,0,0,10,0,10,7,20,41,0,68,36,0,36,104
08/20/2020,SBP,CA,AWP,WE,Federal Contract Tower,10,27,31,0,68,0,0,4,0,4,10,27,35,0,72,30,0,30,102
08/21/2020,SBP,CA,AWP,WE,Federal Contract Tower,9,19,27,2,57,0,1,14,0,15,9,20,41,2,72,20,0,20,92
08/22/2020,SBP,CA,AWP,WE,Federal Contract Tower,8,15,23,2,48,0,1,46,0,47,8,16,69,2,95,90,0,90,185
08/23/2020,SBP,CA,AWP,WE,Federal Contract Tower,9,8,18,2,37,0,0,63,1,64,9,8,81,3,101,14,0,14,115
08/24/2020,SBP,CA,AWP,WE,Federal Contract Tower,10,14,19,0,43,0,3,66,1,70,10,17,85,1,113,114,0,114,227
08/25/2020,SBP,CA,AWP,WE,Federal Contract Tower,10,26,25,0,61,0,0,49,0,49,10,26,74,0,110,54,0,54,164
08/26/2020,SBP,CA,AWP,WE,Federal Contract Tower,11,31,13,1,56,0,0,66,3,69,11,31,79,4,125,143,0,143,268
08/27/2020,SBP,CA,AWP,WE,Federal Contract Tower,10,24,18,1,53,0,1,94,1,96,10,25,112,2,149,98,6,104,253
08/28/2020,SBP,CA,AWP,WE,Federal Contract Tower,9,13,20,0,42,1,2,126,3,132,10,15,146,3,174,126,0,126,300
08/29/2020,SBP,CA,AWP,WE,Federal Contract Tower,8,11,22,0,41,0,1,92,2,95,8,12,114,2,136,106,0,106,242
08/30/2020,SBP,CA,AWP,WE,Federal Contract Tower,9,9,35,2,55,0,0,82,1,83,9,9,117,3,138,60,0,60,198
08/31/2020,SBP,CA,AWP,WE,Federal Contract Tower,9,15,28,4,56,0,0,54,0,54,9,15,82,4,110,78,0,78,188
09/01/2020,SBP,CA,AWP,WE,Federal Contract Tower,10,26,22,0,58,0,1,31,0,32,10,27,53,0,90,102,0,102,192
09/02/2020,SBP,CA,AWP,WE,Federal Contract Tower,8,20,16,0,44,0,2,88,0,90,8,22,104,0,134,134,0,134,268
09/03/2020,SBP,CA,AWP,WE,Federal Contract Tower,11,18,32,2,63,0,3,90,0,93,11,21,122,2,156,118,0,118,274
09/04/2020,SBP,CA,AWP,WE,Federal Contract Tower,7,19,21,0,47,0,2,105,1,108,7,21,126,1,155,48,12,60,215
09/05/2020,SBP,CA,AWP,WE,Federal Contract Tower,8,13,22,0,43,0,0,132,0,132,8,13,154,0,175,80,0,80,255
09/06/2020,SBP,CA,AWP,WE,Federal Contract Tower,7,8,13,0,28,0,4,61,0,65,7,12,74,0,93,50,0,50,143
09/07/2020,SBP,CA,AWP,WE,Federal Contract Tower,10,9,11,0,30,0,0,72,5,77,10,9,83,5,107,26,0,26,133
09/09/2020,SBP,CA,AWP,WE,Federal Contract Tower,12,22,23,2,59,0,1,56,0,57,12,23,79,2,116,64,0,64,180
09/10/2020,SBP,CA,AWP,WE,Federal Contract Tower,11,14,14,0,39,0,0,46,0,46,11,14,60,0,85,78,0,78,163
09/11/2020,SBP,CA,AWP,WE,Federal Contract Tower,7,23,23,4,57,0,0,17,0,17,7,23,40,4,74,30,0,30,104
09/12/2020,SBP,CA,AWP,WE,Federal Contract Tower,9,11,12,0,32,0,0,26,0,26,9,11,38,0,58,28,0,28,86
09/13/2020,SBP,CA,AWP,WE,Federal Contract Tower,9,13,33,0,55,0,0,10,0,10,9,13,43,0,65,8,0,8,73
09/14/2020,SBP,CA,AWP,WE,Federal Contract Tower,10,17,29,0,56,0,0,10,0,10,10,17,39,0,66,10,0,10,76
09/15/2020,SBP,CA,AWP,WE,Federal Contract Tower,8,20,22,2,52,0,3,39,0,42,8,23,61,2,94,106,0,106,200
09/16/2020,SBP,CA,AWP,WE,Federal Contract Tower,12,15,15,3,45,0,2,74,3,79,12,17,89,6,124,78,4,82,206
09/17/2020,SBP,CA,AWP,WE,Federal Contract Tower,11,15,23,1,50,0,5,62,1,68,11,20,85,2,118,120,0,120,238
09/18/2020,SBP,CA,AWP,WE,Federal Contract Tower,7,15,14,0,36,0,5,86,1,92,7,20,100,1,128,76,0,76,204
09/19/2020,SBP,CA,AWP,WE,Federal Contract Tower,10,13,7,0,30,0,0,124,0,124,10,13,131,0,154,80,0,80,234
09/20/2020,SBP,CA,AWP,WE,Federal Contract Tower,11,9,17,0,37,0,1,100,0,101,11,10,117,0,138,90,0,90,228
09/21/2020,SBP,CA,AWP,WE,Federal Contract Tower,11,11,12,0,34,0,2,67,0,69,11,13,79,0,103,164,0,164,267
09/22/2020,SBP,CA,AWP,WE,Federal Contract Tower,6,23,27,1,57,0,0,78,0,78,6,23,105,1,135,84,2,86,221
09/23/2020,SBP,CA,AWP,WE,Federal Contract Tower,11,9,19,2,41,0,2,99,2,103,11,11,118,4,144,108,2,110,254
09/24/2020,SBP,CA,AWP,WE,Federal Contract Tower,12,14,14,2,42,0,1,80,0,81,12,15,94,2,123,96,0,96,219
09/25/2020,SBP,CA,AWP,WE,Federal Contract Tower,9,18,18,2,47,0,2,95,3,100,9,20,113,5,147,98,2,100,247
09/26/2020,SBP,CA,AWP,WE,Federal Contract Tower,9,10,15,0,34,0,2,71,7,80,9,12,86,7,114,28,26,54,168
09/27/2020,SBP,CA,AWP,WE,Federal Contract Tower,10,11,8,0,29,0,2,128,0,130,10,13,136,0,159,50,0,50,209
09/28/2020,SBP,CA,AWP,WE,Federal Contract Tower,9,12,22,5,48,0,0,75,3,78,9,12,97,8,126,104,0,104,230
09/29/2020,SBP,CA,AWP,WE,Federal Contract Tower,10,14,13,0,37,0,5,88,8,101,10,19,101,8,138,138,4,142,280
09/30/2020,SBP,CA,AWP,WE,Federal Contract Tower,11,15,18,5,49,0,2,92,6,100,11,17,110,11,149,122,0,122,271
10/01/2020,SBP,CA,AWP,WE,Federal Contract Tower,12,16,13,3,44,0,3,80,5,88,12,19,93,8,132,90,2,92,224
10/02/2020,SBP,CA,AWP,WE,Federal Contract Tower,8,19,24,0,51,0,2,47,6,55,8,21,71,6,106,100,0,100,206
10/03/2020,SBP,CA,AWP,WE,Federal Contract Tower,8,12,15,0,35,0,1,47,0,48,8,13,62,0,83,50,0,50,133
10/04/2020,SBP,CA,AWP,WE,Federal Contract Tower,9,12,21,0,42,0,0,83,1,84,9,12,104,1,126,72,0,72,198
10/05/2020,SBP,CA,AWP,WE,Federal Contract Tower,7,15,14,0,36,0,0,62,3,65,7,15,76,3,101,126,0,126,227
10/06/2020,SBP,CA,AWP,WE,Federal Contract Tower,7,17,8,0,32,0,7,91,6,104,7,24,99,6,136,104,0,104,240
10/07/2020,SBP,CA,AWP,WE,Federal Contract Tower,10,22,15,2,49,0,1,95,2,98,10,23,110,4,147,138,0,138,285
10/08/2020,SBP,CA,AWP,WE,Federal Contract Tower,8,18,32,2,60,0,77,0,0,77,8,95,32,2,137,70,0,70,207
10/09/2020,SBP,CA,AWP,WE,Federal Contract Tower,6,18,24,0,48,0,3,87,0,90,6,21,111,0,138,110,2,112,250
10/10/2020,SBP,CA,AWP,WE,Federal Contract Tower,8,16,15,0,39,0,1,114,0,115,8,17,129,0,154,92,0,92,246
10/11/2020,SBP,CA,AWP,WE,Federal Contract Tower,8,11,13,0,32,0,0,135,0,135,8,11,148,0,167,80,0,80,247
10/12/2020,SBP,CA,AWP,WE,Federal Contract Tower,9,13,12,1,35,0,0,70,2,72,9,13,82,3,107,22,0,22,129
10/13/2020,SBP,CA,AWP,WE,Federal Contract Tower,8,19,13,0,40,0,4,86,0,90,8,23,99,0,130,98,0,98,228
10/14/2020,SBP,CA,AWP,WE,Federal Contract Tower,10,20,22,0,52,0,3,86,0,89,10,23,108,0,141,58,0,58,199
10/15/2020,SBP,CA,AWP,WE,Federal Contract Tower,11,18,18,0,47,0,4,122,0,126,11,22,140,0,173,126,0,126,299
10/16/2020,SBP,CA,AWP,WE,Federal Contract Tower,6,18,32,1,57,0,3,93,2,98,6,21,125,3,155,114,2,116,271
10/17/2020,SBP,CA,AWP,WE,Federal Contract Tower,8,15,20,1,44,0,0,132,1,133,8,15,152,2,177,110,0,110,287
10/18/2020,SBP,CA,AWP,WE,Federal Contract Tower,9,13,25,0,47,0,0,122,0,122,9,13,147,0,169,112,0,112,281
10/19/2020,SBP,CA,AWP,WE,Federal Contract Tower,9,13,20,2,44,0,0,74,0,74,9,13,94,2,118,40,0,40,158
10/20/2020,SBP,CA,AWP,WE,Federal Contract Tower,9,20,22,4,55,0,0,47,0,47,9,20,69,4,102,54,0,54,156
10/21/2020,SBP,CA,AWP,WE,Federal Contract Tower,10,16,30,0,56,0,1,64,0,65,10,17,94,0,121,64,0,64,185
10/22/2020,SBP,CA,AWP,WE,Federal Contract Tower,10,19,34,0,63,0,0,15,0,15,10,19,49,0,78,70,0,70,148
10/23/2020,SBP,CA,AWP,WE,Federal Contract Tower,8,20,21,2,51,0,1,63,0,64,8,21,84,2,115,70,0,70,185
10/24/2020,SBP,CA,AWP,WE,Federal Contract Tower,4,19,29,0,52,0,0,61,0,61,4,19,90,0,113,46,0,46,159
10/25/2020,SBP,CA,AWP,WE,Federal Contract Tower,7,15,24,0,46,0,0,25,0,25,7,15,49,0,71,68,0,68,139
10/26/2020,SBP,CA,AWP,WE,Federal Contract Tower,6,15,2,0,23,0,0,60,0,60,6,15,62,0,83,46,0,46,129
10/27/2020,SBP,CA,AWP,WE,Federal Contract Tower,9,17,12,2,40,0,2,82,0,84,9,19,94,2,124,78,4,82,206
10/28/2020,SBP,CA,AWP,WE,Federal Contract Tower,9,21,12,3,45,0,4,86,0,90,9,25,98,3,135,66,0,66,201
10/29/2020,SBP,CA,AWP,WE,Federal Contract Tower,10,19,9,0,38,0,2,113,1,116,10,21,122,1,154,72,0,72,226
10/30/2020,SBP,CA,AWP,WE,Federal Contract Tower,7,21,21,2,51,0,1,106,0,107,7,22,127,2,158,74,0,74,232
10/31/2020,SBP,CA,AWP,WE,Federal Contract Tower,6,14,7,0,27,0,2,113,0,115,6,16,120,0,142,44,0,44,186
11/01/2020,SBP,CA,AWP,WE,Federal Contract Tower,8,13,9,0,30,0,0,147,0,147,8,13,156,0,177,48,0,48,225
11/02/2020,SBP,CA,AWP,WE,Federal Contract Tower,9,14,12,2,37,0,0,63,0,63,9,14,75,2,100,42,0,42,142
11/03/2020,SBP,CA,AWP,WE,Federal Contract Tower,9,15,14,2,40,0,7,46,0,53,9,22,60,2,93,98,0,98,191
11/04/2020,SBP,CA,AWP,WE,Federal Contract Tower,9,15,13,0,37,0,2,93,0,95,9,17,106,0,132,64,0,64,196
11/05/2020,SBP,CA,AWP,WE,Federal Contract Tower,11,18,7,2,38,0,3,118,2,123,11,21,125,4,161,96,0,96,257
11/06/2020,SBP,CA,AWP,WE,Federal Contract Tower,8,36,15,0,59,0,1,46,1,48,8,37,61,1,107,18,0,18,125
11/07/2020,SBP,CA,AWP,WE,Federal Contract Tower,4,19,5,0,28,0,0,6,0,6,4,19,11,0,34,0,0,0,34
11/08/2020,SBP,CA,AWP,WE,Federal Contract Tower,10,9,10,0,29,0,0,11,0,11,10,9,21,0,40,0,0,0,40
11/09/2020,SBP,CA,AWP,WE,Federal Contract Tower,9,13,11,1,34,0,0,69,0,69,9,13,80,1,103,60,0,60,163
11/10/2020,SBP,CA,AWP,WE,Federal Contract Tower,9,18,14,2,43,0,7,66,0,73,9,25,80,2,116,42,0,42,158
11/11/2020,SBP,CA,AWP,WE,Federal Contract Tower,10,17,15,0,42,0,0,133,0,133,10,17,148,0,175,93,0,93,268
11/12/2020,SBP,CA,AWP,WE,Federal Contract Tower,10,18,11,0,39,0,4,123,0,127,10,22,134,0,166,148,0,148,314
11/13/2020,SBP,CA,AWP,WE,Federal Contract Tower,9,18,14,1,42,0,2,100,1,103,9,20,114,2,145,118,2,120,265
11/14/2020,SBP,CA,AWP,WE,Federal Contract Tower,8,10,6,2,26,0,1,107,0,108,8,11,113,2,134,80,0,80,214
11/15/2020,SBP,CA,AWP,WE,Federal Contract Tower,8,18,15,0,41,0,0,132,4,136,8,18,147,4,177,92,0,92,269
11/16/2020,SBP,CA,AWP,WE,Federal Contract Tower,8,17,8,0,33,0,0,65,0,65,8,17,73,0,98,74,0,74,172
11/17/2020,SBP,CA,AWP,WE,Federal Contract Tower,8,22,24,4,58,0,0,16,5,21,8,22,40,9,79,64,0,64,143
11/18/2020,SBP,CA,AWP,WE,Federal Contract Tower,10,19,13,2,44,0,0,16,0,16,10,19,29,2,60,34,2,36,96
11/19/2020,SBP,CA,AWP,WE,Federal Contract Tower,10,18,21,0,49,0,2,71,0,73,10,20,92,0,122,30,0,30,152
11/20/2020,SBP,CA,AWP,WE,Federal Contract Tower,5,22,11,0,38,3,10,50,0,63,8,32,61,0,101,108,0,108,209
11/21/2020,SBP,CA,AWP,WE,Federal Contract Tower,8,16,17,0,41,0,0,144,0,144,8,16,161,0,185,54,0,54,239
11/22/2020,SBP,CA,AWP,WE,Federal Contract Tower,10,11,12,0,33,0,0,113,0,113,10,11,125,0,146,70,0,70,216
11/23/2020,SBP,CA,AWP,WE,Federal Contract Tower,7,18,5,2,32,0,0,70,1,71,7,18,75,3,103,64,4,68,171
11/24/2020,SBP,CA,AWP,WE,Federal Contract Tower,10,22,17,0,49,0,4,109,1,114,10,26,126,1,163,66,0,66,229
11/25/2020,SBP,CA,AWP,WE,Federal Contract Tower,12,17,8,0,37,0,5,88,2,95,12,22,96,2,132,48,0,48,180
11/26/2020,SBP,CA,AWP,WE,Federal Contract Tower,3,9,1,0,13,0,4,26,4,34,3,13,27,4,47,6,0,6,53
11/27/2020,SBP,CA,AWP,WE,Federal Contract Tower,7,19,8,0,34,0,2,107,4,113,7,21,115,4,147,92,0,92,239
11/28/2020,SBP,CA,AWP,WE,Federal Contract Tower,7,16,14,1,38,0,0,127,1,128,7,16,141,2,166,34,0,34,200
11/29/2020,SBP,CA,AWP,WE,Federal Contract Tower,6,18,19,0,43,0,0,135,0,135,6,18,154,0,178,64,0,64,242
11/30/2020,SBP,CA,AWP,WE,Federal Contract Tower,11,16,8,2,37,0,0,88,0,88,11,16,96,2,125,38,0,38,163
12/01/2020,SBP,CA,AWP,WE,Federal Contract Tower,9,19,8,0,36,0,1,75,0,76,9,20,83,0,112,86,0,86,198
12/02/2020,SBP,CA,AWP,WE,Federal Contract Tower,9,15,14,1,39,0,3,78,0,81,9,18,92,1,120,102,0,102,222
12/03/2020,SBP,CA,AWP,WE,Federal Contract Tower,9,17,18,2,46,0,0,72,1,73,9,17,90,3,119,50,0,50,169
12/04/2020,SBP,CA,AWP,WE,Federal Contract Tower,7,18,8,0,33,0,0,102,0,102,7,18,110,0,135,64,0,64,199
12/05/2020,SBP,CA,AWP,WE,Federal Contract Tower,12,10,18,1,41,0,0,99,1,100,12,10,117,2,141,82,0,82,223
12/06/2020,SBP,CA,AWP,WE,Federal Contract Tower,9,10,12,0,31,0,4,97,0,101,9,14,109,0,132,86,0,86,218
12/07/2020,SBP,CA,AWP,WE,Federal Contract Tower,9,17,3,2,31,0,0,21,0,21,9,17,24,2,52,0,0,0,52
12/08/2020,SBP,CA,AWP,WE,Federal Contract Tower,7,21,15,2,45,0,2,49,2,53,7,23,64,4,98,12,0,12,110
12/09/2020,SBP,CA,AWP,WE,Federal Contract Tower,10,18,9,0,37,0,3,83,0,86,10,21,92,0,123,62,0,62,185
12/10/2020,SBP,CA,AWP,WE,Federal Contract Tower,10,22,12,2,46,0,1,82,0,83,10,23,94,2,129,108,0,108,237
12/11/2020,SBP,CA,AWP,WE,Federal Contract Tower,8,21,16,0,45,0,1,56,0,57,8,22,72,0,102,98,0,98,200
12/12/2020,SBP,CA,AWP,WE,Federal Contract Tower,9,11,11,0,31,0,0,9,0,9,9,11,20,0,40,2,0,2,42
12/13/2020,SBP,CA,AWP,WE,Federal Contract Tower,9,11,17,0,37,0,0,28,0,28,9,11,45,0,65,28,0,28,93
12/14/2020,SBP,CA,AWP,WE,Federal Contract Tower,7,16,16,0,39,0,1,64,0,65,7,17,80,0,104,56,0,56,160
12/15/2020,SBP,CA,AWP,WE,Federal Contract Tower,8,24,20,0,52,0,2,75,0,77,8,26,95,0,129,74,12,86,215
12/16/2020,SBP,CA,AWP,WE,Federal Contract Tower,11,16,4,0,31,0,2,99,5,106,11,18,103,5,137,98,0,98,235
12/17/2020,SBP,CA,AWP,WE,Federal Contract Tower,13,18,16,0,47,0,0,25,0,25,13,18,41,0,72,116,0,116,188
12/18/2020,SBP,CA,AWP,WE,Federal Contract Tower,10,20,17,0,47,0,2,85,2,89,10,22,102,2,136,82,0,82,218
12/19/2020,SBP,CA,AWP,WE,Federal Contract Tower,8,18,15,0,41,0,1,85,0,86,8,19,100,0,127,88,0,88,215
12/20/2020,SBP,CA,AWP,WE,Federal Contract Tower,10,13,7,0,30,0,0,117,0,117,10,13,124,0,147,112,0,112,259
12/21/2020,SBP,CA,AWP,WE,Federal Contract Tower,10,18,16,0,44,0,0,87,0,87,10,18,103,0,131,74,0,74,205
12/22/2020,SBP,CA,AWP,WE,Federal Contract Tower,11,23,10,2,46,0,0,74,1,75,11,23,84,3,121,94,0,94,215
12/23/2020,SBP,CA,AWP,WE,Federal Contract Tower,12,19,19,0,50,0,3,80,0,83,12,22,99,0,133,54,0,54,187
12/24/2020,SBP,CA,AWP,WE,Federal Contract Tower,8,17,8,0,33,0,2,42,0,44,8,19,50,0,77,22,0,22,99
12/25/2020,SBP,CA,AWP,WE,Federal Contract Tower,6,5,1,0,12,0,0,29,0,29,6,5,30,0,41,8,0,8,49
12/26/2020,SBP,CA,AWP,WE,Federal Contract Tower,12,12,18,0,42,0,0,51,0,51,12,12,69,0,93,72,0,72,165
12/27/2020,SBP,CA,AWP,WE,Federal Contract Tower,11,10,19,0,40,0,0,41,0,41,11,10,60,0,81,0,0,0,81
12/28/2020,SBP,CA,AWP,WE,Federal Contract Tower,11,12,12,0,35,0,0,2,0,2,11,12,14,0,37,0,0,0,37
12/29/2020,SBP,CA,AWP,WE,Federal Contract Tower,11,16,16,0,43,0,3,95,0,98,11,19,111,0,141,44,0,44,185
12/30/2020,SBP,CA,AWP,WE,Federal Contract Tower,14,21,9,1,45,0,2,102,6,110,14,23,111,7,155,98,0,98,253
12/31/2020,SBP,CA,AWP,WE,Federal Contract Tower,8,17,18,0,43,0,4,62,0,66,8,21,80,0,109,18,0,18,127
01/01/2021,SBP,CA,AWP,WE,Federal Contract Tower,10,13,4,0,27,0,0,77,0,77,10,13,81,0,104,50,0,50,154
01/02/2021,SBP,CA,AWP,WE,Federal Contract Tower,12,11,9,0,32,0,1,50,0,51,12,12,59,0,83,86,0,86,169
01/03/2021,SBP,CA,AWP,WE,Federal Contract Tower,12,6,16,0,34,0,0,67,0,67,12,6,83,0,101,34,0,34,135
01/04/2021,SBP,CA,AWP,WE,Federal Contract Tower,13,16,8,0,37,0,0,10,0,10,13,16,18,0,47,84,0,84,131
01/05/2021,SBP,CA,AWP,WE,Federal Contract Tower,6,17,6,0,29,0,1,71,0,72,6,18,77,0,101,70,0,70,171
01/06/2021,SBP,CA,AWP,WE,Federal Contract Tower,9,18,15,0,42,0,4,68,0,72,9,22,83,0,114,100,0,100,214
01/07/2021,SBP,CA,AWP,WE,Federal Contract Tower,11,18,22,2,53,0,3,78,0,81,11,21,100,2,134,50,0,50,184
01/08/2021,SBP,CA,AWP,WE,Federal Contract Tower,11,16,12,2,41,0,4,68,1,73,11,20,80,3,114,78,8,86,200
01/09/2021,SBP,CA,AWP,WE,Federal Contract Tower,10,13,10,1,34,0,1,86,0,87,10,14,96,1,121,74,0,74,195
01/10/2021,SBP,CA,AWP,WE,Federal Contract Tower,10,8,19,1,38,0,0,90,1,91,10,8,109,2,129,76,0,76,205
01/11/2021,SBP,CA,AWP,WE,Federal Contract Tower,10,12,5,2,29,0,0,72,3,75,10,12,77,5,104,60,0,60,164
01/12/2021,SBP,CA,AWP,WE,Federal Contract Tower,8,17,11,1,37,0,1,64,3,68,8,18,75,4,105,82,0,82,187
01/13/2021,SBP,CA,AWP,WE,Federal Contract Tower,8,23,12,2,45,0,1,63,6,70,8,24,75,8,115,38,4,42,157
01/14/2021,SBP,CA,AWP,WE,Federal Contract Tower,10,18,10,0,38,0,2,59,6,67,10,20,69,6,105,34,0,34,139
01/15/2021,SBP,CA,AWP,WE,Federal Contract Tower,11,26,11,0,48,0,0,89,0,89,11,26,100,0,137,132,0,132,269
01/16/2021,SBP,CA,AWP,WE,Federal Contract Tower,8,12,12,1,33,0,1,124,2,127,8,13,136,3,160,46,0,46,206
01/18/2021,SBP,CA,AWP,WE,Federal Contract Tower,10,17,16,0,43,0,0,75,1,76,10,17,91,1,119,44,0,44,163
01/19/2021,SBP,CA,AWP,WE,Federal Contract Tower,9,20,2,2,33,0,0,17,4,21,9,20,19,6,54,0,0,0,54
01/20/2021,SBP,CA,AWP,WE,Federal Contract Tower,8,20,6,0,34,0,6,55,6,67,8,26,61,6,101,6,0,6,107
01/21/2021,SBP,CA,AWP,WE,Federal Contract Tower,11,16,16,4,47,0,3,111,6,120,11,19,127,10,167,106,0,106,273
01/22/2021,SBP,CA,AWP,WE,Federal Contract Tower,13,25,4,3,45,0,2,8,1,11,13,27,12,4,56,38,0,38,94
01/23/2021,SBP,CA,AWP,WE,Federal Contract Tower,8,9,9,0,26,0,1,42,0,43,8,10,51,0,69,82,0,82,151
01/24/2021,SBP,CA,AWP,WE,Federal Contract Tower,9,9,14,0,32,0,2,61,0,63,9,11,75,0,95,58,0,58,153
01/25/2021,SBP,CA,AWP,WE,Federal Contract Tower,10,13,10,0,33,0,0,2,0,2,10,13,12,0,35,16,0,16,51
01/26/2021,SBP,CA,AWP,WE,Federal Contract Tower,8,16,5,1,30,0,1,109,4,114,8,17,114,5,144,70,0,70,214
01/27/2021,SBP,CA,AWP,WE,Federal Contract Tower,8,17,10,2,37,0,0,0,0,0,8,17,10,2,37,0,0,0,37
01/28/2021,SBP,CA,AWP,WE,Federal Contract Tower,10,16,15,0,41,0,0,0,0,0,10,16,15,0,41,0,0,0,41
01/29/2021,SBP,CA,AWP,WE,Federal Contract Tower,10,19,7,0,36,0,1,38,2,41,10,20,45,2,77,112,0,112,189
01/30/2021,SBP,CA,AWP,WE,Federal Contract Tower,8,13,7,0,28,0,1,157,0,158,8,14,164,0,186,82,0,82,268
01/31/2021,SBP,CA,AWP,WE,Federal Contract Tower,10,8,15,0,33,0,0,117,0,117,10,8,132,0,150,84,0,84,234
02/01/2021,SBP,CA,AWP,WE,Federal Contract Tower,11,8,10,2,31,0,1,50,0,51,11,9,60,2,82,72,0,72,154
02/02/2021,SBP,CA,AWP,WE,Federal Contract Tower,7,14,13,0,34,0,1,46,0,47,7,15,59,0,81,90,0,90,171
02/03/2021,SBP,CA,AWP,WE,Federal Contract Tower,8,14,14,0,36,0,2,83,0,85,8,16,97,0,121,126,0,126,247
02/04/2021,SBP,CA,AWP,WE,Federal Contract Tower,10,12,17,4,43,0,4,88,0,92,10,16,105,4,135,56,0,56,191
02/05/2021,SBP,CA,AWP,WE,Federal Contract Tower,10,14,20,1,45,0,3,98,2,103,10,17,118,3,148,46,4,50,198
02/06/2021,SBP,CA,AWP,WE,Federal Contract Tower,8,11,25,0,44,0,1,133,0,134,8,12,158,0,178,72,0,72,250
02/07/2021,SBP,CA,AWP,WE,Federal Contract Tower,9,9,15,1,34,0,0,128,0,128,9,9,143,1,162,54,0,54,216
02/08/2021,SBP,CA,AWP,WE,Federal Contract Tower,13,12,10,2,37,0,2,28,0,30,13,14,38,2,67,48,0,48,115
02/09/2021,SBP,CA,AWP,WE,Federal Contract Tower,8,20,21,2,51,0,0,16,0,16,8,20,37,2,67,42,0,42,109
02/10/2021,SBP,CA,AWP,WE,Federal Contract Tower,8,13,18,0,39,0,2,114,2,118,8,15,132,2,157,94,16,110,267
02/11/2021,SBP,CA,AWP,WE,Federal Contract Tower,12,16,9,0,37,0,3,74,2,79,12,19,83,2,116,94,0,94,210
02/12/2021,SBP,CA,AWP,WE,Federal Contract Tower,12,13,20,0,45,0,5,48,16,69,12,18,68,16,114,34,8,42,156
02/13/2021,SBP,CA,AWP,WE,Federal Contract Tower,7,8,17,0,32,0,0,45,0,45,7,8,62,0,77,166,0,166,243
02/14/2021,SBP,CA,AWP,WE,Federal Contract Tower,8,7,13,0,28,0,0,70,0,70,8,7,83,0,98,54,0,54,152
02/15/2021,SBP,CA,AWP,WE,Federal Contract Tower,9,9,27,0,45,0,0,58,0,58,9,9,85,0,103,46,0,46,149
02/16/2021,SBP,CA,AWP,WE,Federal Contract Tower,7,11,10,0,28,0,1,71,0,72,7,12,81,0,100,48,0,48,148
02/17/2021,SBP,CA,AWP,WE,Federal Contract Tower,7,17,10,4,38,0,3,74,0,77,7,20,84,4,115,64,0,64,179
02/18/2021,SBP,CA,AWP,WE,Federal Contract Tower,12,11,23,1,47,0,7,104,0,111,12,18,127,1,158,98,0,98,256
02/19/2021,SBP,CA,AWP,WE,Federal Contract Tower,12,17,31,5,65,0,4,114,5,123,12,21,145,10,188,102,0,102,290
02/20/2021,SBP,CA,AWP,WE,Federal Contract Tower,10,5,7,0,22,0,1,40,4,45,10,6,47,4,67,6,0,6,73
02/21/2021,SBP,CA,AWP,WE,Federal Contract Tower,11,9,13,0,33,0,0,137,0,137,11,9,150,0,170,74,0,74,244
02/22/2021,SBP,CA,AWP,WE,Federal Contract Tower,12,15,11,0,38,0,0,88,0,88,12,15,99,0,126,98,0,98,224
02/23/2021,SBP,CA,AWP,WE,Federal Contract Tower,8,13,18,5,44,0,1,104,0,105,8,14,122,5,149,50,4,54,203
02/24/2021,SBP,CA,AWP,WE,Federal Contract Tower,7,11,6,4,28,0,5,112,0,117,7,16,118,4,145,150,0,150,295
02/25/2021,SBP,CA,AWP,WE,Federal Contract Tower,10,12,17,0,39,0,4,89,0,93,10,16,106,0,132,62,0,62,194
02/26/2021,SBP,CA,AWP,WE,Federal Contract Tower,12,10,13,1,36,0,3,81,0,84,12,13,94,1,120,60,0,60,180
02/27/2021,SBP,CA,AWP,WE,Federal Contract Tower,9,6,4,0,19,0,2,89,0,91,9,8,93,0,110,12,0,12,122
02/28/2021,SBP,CA,AWP,WE,Federal Contract Tower,10,7,18,0,35,0,0,134,0,134,10,7,152,0,169,109,0,109,278
03/01/2021,SBP,CA,AWP,WE,Federal Contract Tower,12,8,14,1,35,0,0,93,0,93,12,8,107,1,128,42,0,42,170
03/02/2021,SBP,CA,AWP,WE,Federal Contract Tower,9,12,11,0,32,0,4,69,1,74,9,16,80,1,106,50,0,50,156
03/03/2021,SBP,CA,AWP,WE,Federal Contract Tower,8,16,16,0,40,0,2,64,0,66,8,18,80,0,106,76,0,76,182
03/04/2021,SBP,CA,AWP,WE,Federal Contract Tower,9,13,15,2,39,0,2,80,0,82,9,15,95,2,121,52,0,52,173
03/05/2021,SBP,CA,AWP,WE,Federal Contract Tower,10,17,24,0,51,0,1,106,0,107,10,18,130,0,158,56,0,56,214
03/06/2021,SBP,CA,AWP,WE,Federal Contract Tower,10,11,32,0,53,0,1,58,0,59,10,12,90,0,112,72,0,72,184
03/07/2021,SBP,CA,AWP,WE,Federal Contract Tower,10,9,17,0,36,0,0,116,0,116,10,9,133,0,152,80,0,80,232
03/08/2021,SBP,CA,AWP,WE,Federal Contract Tower,11,9,2,0,22,0,1,49,0,50,11,10,51,0,72,140,0,140,212
03/09/2021,SBP,CA,AWP,WE,Federal Contract Tower,10,10,11,0,31,0,0,40,0,40,10,10,51,0,71,84,0,84,155
03/10/2021,SBP,CA,AWP,WE,Federal Contract Tower,11,20,13,0,44,0,2,13,4,19,11,22,26,4,63,12,0,12,75
03/11/2021,SBP,CA,AWP,WE,Federal Contract Tower,10,18,24,2,54,0,2,26,2,30,10,20,50,4,84,30,0,30,114
03/12/2021,SBP,CA,AWP,WE,Federal Contract Tower,10,9,29,0,48,0,3,75,0,78,10,12,104,0,126,100,0,100,226
03/13/2021,SBP,CA,AWP,WE,Federal Contract Tower,10,13,27,0,50,0,0,50,0,50,10,13,77,0,100,48,0,48,148
03/14/2021,SBP,CA,AWP,WE,Federal Contract Tower,11,6,37,0,54,0,0,52,0,52,11,6,89,0,106,64,0,64,170
03/15/2021,SBP,CA,AWP,WE,Federal Contract Tower,10,12,11,0,33,0,0,30,0,30,10,12,41,0,63,20,0,20,83
03/16/2021,SBP,CA,AWP,WE,Federal Contract Tower,11,14,14,0,39,0,4,84,0,88,11,18,98,0,127,122,0,122,249
03/17/2021,SBP,CA,AWP,WE,Federal Contract Tower,10,20,24,2,56,0,2,96,2,100,10,22,120,4,156,102,12,114,270
03/18/2021,SBP,CA,AWP,WE,Federal Contract Tower,12,16,16,0,44,0,4,77,2,83,12,20,93,2,127,38,0,38,165
03/19/2021,SBP,CA,AWP,WE,Federal Contract Tower,12,18,31,0,61,0,1,31,0,32,12,19,62,0,93,50,0,50,143
03/20/2021,SBP,CA,AWP,WE,Federal Contract Tower,12,12,24,0,48,0,1,79,0,80,12,13,103,0,128,62,0,62,190
03/21/2021,SBP,CA,AWP,WE,Federal Contract Tower,12,13,24,0,49,0,1,113,0,114,12,14,137,0,163,50,0,50,213
03/22/2021,SBP,CA,AWP,WE,Federal Contract Tower,12,7,14,0,33,0,0,55,0,55,12,7,69,0,88,56,0,56,144
03/23/2021,SBP,CA,AWP,WE,Federal Contract Tower,12,15,7,3,37,0,3,50,0,53,12,18,57,3,90,56,0,56,146
03/24/2021,SBP,CA,AWP,WE,Federal Contract Tower,12,19,22,0,53,0,5,81,5,91,12,24,103,5,144,64,0,64,208
03/25/2021,SBP,CA,AWP,WE,Federal Contract Tower,12,18,27,3,60,0,1,30,20,51,12,19,57,23,111,74,0,74,185
03/26/2021,SBP,CA,AWP,WE,Federal Contract Tower,12,15,20,0,47,0,3,158,0,161,12,18,178,0,208,128,0,128,336
03/27/2021,SBP,CA,AWP,WE,Federal Contract Tower,13,10,23,0,46,0,1,179,0,180,13,11,202,0,226,98,0,98,324
03/28/2021,SBP,CA,AWP,WE,Federal Contract Tower,13,6,22,0,41,0,2,148,0,150,13,8,170,0,191,28,0,28,219
03/29/2021,SBP,CA,AWP,WE,Federal Contract Tower,14,6,14,0,34,0,0,61,0,61,14,6,75,0,95,96,0,96,191
03/30/2021,SBP,CA,AWP,WE,Federal Contract Tower,12,15,9,1,37,0,5,86,1,92,12,20,95,2,129,62,0,62,191
03/31/2021,SBP,CA,AWP,WE,Federal Contract Tower,13,19,10,0,42,0,4,85,4,93,13,23,95,4,135,66,2,68,203
04/01/2021,SBP,CA,AWP,WE,Federal Contract Tower,15,17,19,2,53,0,3,90,0,93,15,20,109,2,146,84,0,84,230
04/02/2021,SBP,CA,AWP,WE,Federal Contract Tower,13,17,20,0,50,0,0,78,2,80,13,17,98,2,130,142,0,142,272
04/03/2021,SBP,CA,AWP,WE,Federal Contract Tower,12,8,24,0,44,0,0,85,0,85,12,8,109,0,129,40,0,40,169
04/04/2021,SBP,CA,AWP,WE,Federal Contract Tower,13,7,16,0,36,0,0,96,0,96,13,7,112,0,132,30,0,30,162
04/05/2021,SBP,CA,AWP,WE,Federal Contract Tower,13,10,8,0,31,0,3,68,0,71,13,13,76,0,102,92,0,92,194
04/06/2021,SBP,CA,AWP,WE,Federal Contract Tower,13,14,15,2,44,0,1,76,0,77,13,15,91,2,121,78,0,78,199
04/07/2021,SBP,CA,AWP,WE,Federal Contract Tower,13,17,19,2,51,0,4,120,0,124,13,21,139,2,175,122,0,122,297
04/08/2021,SBP,CA,AWP,WE,Federal Contract Tower,14,15,23,0,52,0,4,100,0,104,14,19,123,0,156,166,0,166,322
04/09/2021,SBP,CA,AWP,WE,Federal Contract Tower,13,14,18,0,45,0,3,73,0,76,13,17,91,0,121,74,0,74,195
04/10/2021,SBP,CA,AWP,WE,Federal Contract Tower,13,9,13,2,37,0,1,79,0,80,13,10,92,2,117,56,0,56,173
04/11/2021,SBP,CA,AWP,WE,Federal Contract Tower,15,7,13,0,35,0,2,114,0,116,15,9,127,0,151,96,0,96,247
04/12/2021,SBP,CA,AWP,WE,Federal Contract Tower,12,9,18,6,45,0,2,43,0,45,12,11,61,6,90,88,0,88,178
04/13/2021,SBP,CA,AWP,WE,Federal Contract Tower,13,13,41,2,69,0,0,21,0,21,13,13,62,2,90,100,0,100,190
04/14/2021,SBP,CA,AWP,WE,Federal Contract Tower,12,17,19,2,50,0,2,78,0,80,12,19,97,2,130,198,0,198,328
04/15/2021,SBP,CA,AWP,WE,Federal Contract Tower,13,14,22,0,49,0,2,90,0,92,13,16,112,0,141,78,0,78,219
04/16/2021,SBP,CA,AWP,WE,Federal Contract Tower,12,14,19,0,45,0,3,101,2,106,12,17,120,2,151,146,0,146,297
04/17/2021,SBP,CA,AWP,WE,Federal Contract Tower,13,11,14,0,38,0,2,91,0,93,13,13,105,0,131,106,0,106,237
04/18/2021,SBP,CA,AWP,WE,Federal Contract Tower,13,12,18,0,43,0,0,103,1,104,13,12,121,1,147,72,0,72,219
04/19/2021,SBP,CA,AWP,WE,Federal Contract Tower,12,9,15,2,38,0,0,49,0,49,12,9,64,2,87,112,0,112,199
04/20/2021,SBP,CA,AWP,WE,Federal Contract Tower,13,14,26,0,53,0,1,44,0,45,13,15,70,0,98,148,0,148,246
04/21/2021,SBP,CA,AWP,WE,Federal Contract Tower,13,19,47,0,79,0,0,14,0,14,13,19,61,0,93,72,0,72,165
04/22/2021,SBP,CA,AWP,WE,Federal Contract Tower,13,23,37,4,77,0,0,24,0,24,13,23,61,4,101,14,0,14,115
04/23/2021,SBP,CA,AWP,WE,Federal Contract Tower,13,19,37,0,69,0,0,48,0,48,13,19,85,0,117,124,0,124,241
04/24/2021,SBP,CA,AWP,WE,Federal Contract Tower,13,9,39,0,61,0,0,67,0,67,13,9,106,0,128,112,0,112,240
04/25/2021,SBP,CA,AWP,WE,Federal Contract Tower,13,14,25,0,52,0,0,45,0,45,13,14,70,0,97,90,0,90,187
04/26/2021,SBP,CA,AWP,WE,Federal Contract Tower,12,8,6,4,30,0,58,3,0,61,12,66,9,4,91,90,0,90,181
04/27/2021,SBP,CA,AWP,WE,Federal Contract Tower,12,11,23,0,46,0,1,124,3,128,12,12,147,3,174,120,0,120,294
04/28/2021,SBP,CA,AWP,WE,Federal Contract Tower,13,17,9,0,39,0,3,126,0,129,13,20,135,0,168,172,0,172,340
04/29/2021,SBP,CA,AWP,WE,Federal Contract Tower,13,19,15,0,47,0,3,102,0,105,13,22,117,0,152,96,0,96,248
04/30/2021,SBP,CA,AWP,WE,Federal Contract Tower,13,18,15,3,49,0,2,121,1,124,13,20,136,4,173,144,0,144,317
05/01/2021,SBP,CA,AWP,WE,Federal Contract Tower,11,11,17,0,39,0,0,99,2,101,11,11,116,2,140,58,0,58,198
05/02/2021,SBP,CA,AWP,WE,Federal Contract Tower,14,14,17,0,45,0,0,84,0,84,14,14,101,0,129,68,0,68,197
05/03/2021,SBP,CA,AWP,WE,Federal Contract Tower,13,10,23,2,48,0,0,69,0,69,13,10,92,2,117,172,0,172,289
05/04/2021,SBP,CA,AWP,WE,Federal Contract Tower,13,17,17,0,47,0,1,116,0,117,13,18,133,0,164,118,0,118,282
05/05/2021,SBP,CA,AWP,WE,Federal Contract Tower,14,16,18,0,48,0,2,95,0,97,14,18,113,0,145,156,0,156,301
05/06/2021,SBP,CA,AWP,WE,Federal Contract Tower,12,15,27,3,57,0,0,103,0,103,12,15,130,3,160,88,0,88,248
05/07/2021,SBP,CA,AWP,WE,Federal Contract Tower,12,20,21,3,56,0,2,107,0,109,12,22,128,3,165,66,0,66,231
05/08/2021,SBP,CA,AWP,WE,Federal Contract Tower,13,9,11,0,33,0,0,113,0,113,13,9,124,0,146,76,0,76,222
05/09/2021,SBP,CA,AWP,WE,Federal Contract Tower,13,14,18,0,45,0,0,87,0,87,13,14,105,0,132,62,0,62,194
05/10/2021,SBP,CA,AWP,WE,Federal Contract Tower,13,9,22,0,44,0,2,72,0,74,13,11,94,0,118,40,0,40,158
05/11/2021,SBP,CA,AWP,WE,Federal Contract Tower,13,17,15,0,45,0,2,82,0,84,13,19,97,0,129,106,0,106,235
05/12/2021,SBP,CA,AWP,WE,Federal Contract Tower,13,18,19,0,50,0,1,71,0,72,13,19,90,0,122,64,0,64,186
05/13/2021,SBP,CA,AWP,WE,Federal Contract Tower,14,19,25,4,62,0,0,65,0,65,14,19,90,4,127,70,0,70,197
05/14/2021,SBP,CA,AWP,WE,Federal Contract Tower,13,19,33,1,66,0,1,65,1,67,13,20,98,2,133,76,0,76,209
05/15/2021,SBP,CA,AWP,WE,Federal Contract Tower,13,10,56,0,79,0,0,15,1,16,13,10,71,1,95,34,0,34,129
05/16/2021,SBP,CA,AWP,WE,Federal Contract Tower,13,9,49,0,71,0,0,39,0,39,13,9,88,0,110,84,0,84,194
05/17/2021,SBP,CA,AWP,WE,Federal Contract Tower,13,7,24,0,44,0,0,55,0,55,13,7,79,0,99,38,0,38,137
05/18/2021,SBP,CA,AWP,WE,Federal Contract Tower,13,16,9,0,38,0,0,65,0,65,13,16,74,0,103,24,2,26,129
05/19/2021,SBP,CA,AWP,WE,Federal Contract Tower,15,14,6,3,38,0,2,77,0,79,15,16,83,3,117,70,0,70,187
05/20/2021,SBP,CA,AWP,WE,Federal Contract Tower,12,14,15,5,46,0,3,71,0,74,12,17,86,5,120,26,0,26,146
05/21/2021,SBP,CA,AWP,WE,Federal Contract Tower,14,17,20,0,51,0,1,67,0,68,14,18,87,0,119,102,0,102,221
05/22/2021,SBP,CA,AWP,WE,Federal Contract Tower,15,12,20,0,47,0,0,76,0,76,15,12,96,0,123,106,0,106,229
05/23/2021,SBP,CA,AWP,WE,Federal Contract Tower,13,9,25,0,47,0,2,112,0,114,13,11,137,0,161,92,0,92,253
05/24/2021,SBP,CA,AWP,WE,Federal Contract Tower,13,7,9,2,31,0,0,87,1,88,13,7,96,3,119,88,0,88,207
05/25/2021,SBP,CA,AWP,WE,Federal Contract Tower,13,15,13,0,41,0,1,83,1,85,13,16,96,1,126,66,0,66,192
05/26/2021,SBP,CA,AWP,WE,Federal Contract Tower,12,16,19,0,47,0,1,90,0,91,12,17,109,0,138,110,0,110,248
05/27/2021,SBP,CA,AWP,WE,Federal Contract Tower,11,16,21,1,49,0,1,85,0,86,11,17,106,1,135,100,0,100,235
05/28/2021,SBP,CA,AWP,WE,Federal Contract Tower,11,15,24,0,50,0,0,102,0,102,11,15,126,0,152,38,0,38,190
05/29/2021,SBP,CA,AWP,WE,Federal Contract Tower,11,12,24,0,47,0,0,92,0,92,11,12,116,0,139,4,0,4,143
05/30/2021,SBP,CA,AWP,WE,Federal Contract Tower,11,6,17,0,34,0,0,96,0,96,11,6,113,0,130,132,0,132,262
05/31/2021,SBP,CA,AWP,WE,Federal Contract Tower,10,4,18,0,32,0,0,132,0,132,10,4,150,0,164,88,0,88,252
06/01/2021,SBP,CA,AWP,WE,Federal Contract Tower,14,12,22,3,51,0,1,106,1,108,14,13,128,4,159,138,6,144,303
06/02/2021,SBP,CA,AWP,WE,Federal Contract Tower,13,16,16,0,45,0,0,90,0,90,13,16,106,0,135,150,0,150,285
06/03/2021,SBP,CA,AWP,WE,Federal Contract Tower,13,16,15,0,44,0,4,62,0,66,13,20,77,0,110,34,0,34,144
06/04/2021,SBP,CA,AWP,WE,Federal Contract Tower,13,17,21,1,52,0,0,109,0,109,13,17,130,1,161,110,0,110,271
06/05/2021,SBP,CA,AWP,WE,Federal Contract Tower,12,7,17,0,36,0,0,97,0,97,12,7,114,0,133,24,0,24,157
06/06/2021,SBP,CA,AWP,WE,Federal Contract Tower,12,7,52,0,71,0,2,64,0,66,12,9,116,0,137,76,0,76,213
06/07/2021,SBP,CA,AWP,WE,Federal Contract Tower,12,8,24,2,46,0,3,54,0,57,12,11,78,2,103,40,0,40,143
06/08/2021,SBP,CA,AWP,WE,Federal Contract Tower,12,15,23,3,53,0,2,104,0,106,12,17,127,3,159,104,0,104,263
06/09/2021,SBP,CA,AWP,WE,Federal Contract Tower,12,14,13,3,42,0,2,73,0,75,12,16,86,3,117,72,0,72,189
06/10/2021,SBP,CA,AWP,WE,Federal Contract Tower,12,12,17,2,43,0,3,61,0,64,12,15,78,2,107,32,0,32,139
06/11/2021,SBP,CA,AWP,WE,Federal Contract Tower,13,18,21,0,52,0,4,103,0,107,13,22,124,0,159,90,0,90,249
06/12/2021,SBP,CA,AWP,WE,Federal Contract Tower,11,10,19,0,40,0,0,142,1,143,11,10,161,1,183,102,0,102,285
06/13/2021,SBP,CA,AWP,WE,Federal Contract Tower,13,14,23,0,50,0,0,119,0,119,13,14,142,0,169,28,0,28,197
06/14/2021,SBP,CA,AWP,WE,Federal Contract Tower,13,10,14,0,37,0,0,87,4,91,13,10,101,4,128,68,0,68,196
06/15/2021,SBP,CA,AWP,WE,Federal Contract Tower,13,14,10,5,42,0,1,47,2,50,13,15,57,7,92,26,0,26,118
06/16/2021,SBP,CA,AWP,WE,Federal Contract Tower,12,14,10,2,38,0,12,66,4,82,12,26,76,6,120,86,0,86,206
06/17/2021,SBP,CA,AWP,WE,Federal Contract Tower,16,20,18,4,58,0,4,116,4,124,16,24,134,8,182,98,0,98,280
06/18/2021,SBP,CA,AWP,WE,Federal Contract Tower,19,15,23,1,58,0,1,108,0,109,19,16,131,1,167,154,0,154,321
06/19/2021,SBP,CA,AWP,WE,Federal Contract Tower,17,8,22,1,48,0,1,177,0,178,17,9,199,1,226,46,0,46,272
06/20/2021,SBP,CA,AWP,WE,Federal Contract Tower,16,8,25,1,50,0,0,114,0,114,16,8,139,1,164,60,0,60,224
06/21/2021,SBP,CA,AWP,WE,Federal Contract Tower,15,9,23,3,50,0,0,51,2,53,15,9,74,5,103,30,0,30,133
06/22/2021,SBP,CA,AWP,WE,Federal Contract Tower,17,15,12,3,47,0,2,79,2,83,17,17,91,5,130,80,0,80,210
06/23/2021,SBP,CA,AWP,WE,Federal Contract Tower,16,19,25,3,63,0,6,87,2,95,16,25,112,5,158,76,0,76,234
06/24/2021,SBP,CA,AWP,WE,Federal Contract Tower,16,17,32,2,67,0,3,85,0,88,16,20,117,2,155,56,0,56,211
06/25/2021,SBP,CA,AWP,WE,Federal Contract Tower,16,13,25,4,58,0,39,72,2,113,16,52,97,6,171,74,0,74,245
06/26/2021,SBP,CA,AWP,WE,Federal Contract Tower,16,11,15,0,42,0,0,117,0,117,16,11,132,0,159,28,0,28,187
06/27/2021,SBP,CA,AWP,WE,Federal Contract Tower,16,5,32,0,53,0,0,87,0,87,16,5,119,0,140,26,0,26,166
06/28/2021,SBP,CA,AWP,WE,Federal Contract Tower,14,8,11,3,36,0,3,87,0,90,14,11,98,3,126,96,0,96,222
06/29/2021,SBP,CA,AWP,WE,Federal Contract Tower,17,15,8,0,40,0,2,109,0,111,17,17,117,0,151,58,0,58,209
06/30/2021,SBP,CA,AWP,WE,Federal Contract Tower,15,17,36,3,71,0,1,87,3,91,15,18,123,6,162,52,2,54,216
07/01/2021,SBP,CA,AWP,WE,Federal Contract Tower,19,13,24,2,58,0,2,103,13,118,19,15,127,15,176,50,2,52,228
07/02/2021,SBP,CA,AWP,WE,Federal Contract Tower,17,15,29,2,63,0,0,104,92,196,17,15,133,94,259,70,0,70,329
07/03/2021,SBP,CA,AWP,WE,Federal Contract Tower,13,10,25,1,49,0,0,110,0,110,13,10,135,1,159,58,0,58,217
07/04/2021,SBP,CA,AWP,WE,Federal Contract Tower,15,4,10,0,29,0,2,78,0,80,15,6,88,0,109,36,0,36,145
07/05/2021,SBP,CA,AWP,WE,Federal Contract Tower,16,11,14,0,41,0,1,105,2,108,16,12,119,2,149,52,0,52,201
07/06/2021,SBP,CA,AWP,WE,Federal Contract Tower,16,10,19,4,49,0,3,72,4,79,16,13,91,8,128,64,0,64,192
07/07/2021,SBP,CA,AWP,WE,Federal Contract Tower,18,14,24,2,58,0,2,106,12,120,18,16,130,14,178,60,0,60,238
07/08/2021,SBP,CA,AWP,WE,Federal Contract Tower,16,16,10,1,43,0,1,121,2,124,16,17,131,3,167,68,0,68,235
07/10/2021,SBP,CA,AWP,WE,Federal Contract Tower,17,9,18,0,44,0,3,104,1,108,17,12,122,1,152,36,0,36,188
07/11/2021,SBP,CA,AWP,WE,Federal Contract Tower,17,9,22,0,48,0,1,124,0,125,17,10,146,0,173,82,0,82,255
07/12/2021,SBP,CA,AWP,WE,Federal Contract Tower,2,0,2,0,4,0,2,0,0,2,2,2,2,0,6,0,0,0,6
07/13/2021,SBP,CA,AWP,WE,Federal Contract Tower,0,0,0,0,0,0,0,0,0,0,0,0,0,0,0,0,0,0,0
07/14/2021,SBP,CA,AWP,WE,Federal Contract Tower,15,20,29,2,66,0,0,73,0,73,15,20,102,2,139,90,0,90,229
07/15/2021,SBP,CA,AWP,WE,Federal Contract Tower,16,20,26,2,64,0,2,65,2,69,16,22,91,4,133,40,0,40,173
07/16/2021,SBP,CA,AWP,WE,Federal Contract Tower,15,15,25,0,55,0,0,119,1,120,15,15,144,1,175,132,0,132,307
07/17/2021,SBP,CA,AWP,WE,Federal Contract Tower,16,6,21,0,43,0,1,109,0,110,16,7,130,0,153,42,0,42,195
07/18/2021,SBP,CA,AWP,WE,Federal Contract Tower,17,12,22,2,53,0,0,89,4,93,17,12,111,6,146,78,0,78,224
07/19/2021,SBP,CA,AWP,WE,Federal Contract Tower,15,7,20,0,42,0,0,66,0,66,15,7,86,0,108,28,4,32,140
07/20/2021,SBP,CA,AWP,WE,Federal Contract Tower,14,13,19,0,46,0,5,83,4,92,14,18,102,4,138,88,0,88,226
07/21/2021,SBP,CA,AWP,WE,Federal Contract Tower,16,17,10,0,43,0,6,78,0,84,16,23,88,0,127,96,0,96,223
07/22/2021,SBP,CA,AWP,WE,Federal Contract Tower,18,21,21,3,63,0,0,92,0,92,18,21,113,3,155,106,0,106,261
07/23/2021,SBP,CA,AWP,WE,Federal Contract Tower,16,24,18,4,62,0,0,96,1,97,16,24,114,5,159,118,0,118,277
07/24/2021,SBP,CA,AWP,WE,Federal Contract Tower,19,7,29,0,55,0,1,87,0,88,19,8,116,0,143,94,0,94,237
07/25/2021,SBP,CA,AWP,WE,Federal Contract Tower,16,6,16,0,38,0,1,82,3,86,16,7,98,3,124,50,0,50,174
07/26/2021,SBP,CA,AWP,WE,Federal Contract Tower,16,10,18,0,44,0,3,46,2,51,16,13,64,2,95,38,0,38,133
07/27/2021,SBP,CA,AWP,WE,Federal Contract Tower,16,15,16,2,49,0,1,63,3,67,16,16,79,5,116,90,0,90,206
07/28/2021,SBP,CA,AWP,WE,Federal Contract Tower,17,16,23,2,58,0,1,79,3,83,17,17,102,5,141,92,0,92,233
07/29/2021,SBP,CA,AWP,WE,Federal Contract Tower,17,17,21,1,56,0,1,84,4,89,17,18,105,5,145,90,2,92,237
07/30/2021,SBP,CA,AWP,WE,Federal Contract Tower,16,15,16,2,49,0,0,92,0,92,16,15,108,2,141,108,0,108,249
07/31/2021,SBP,CA,AWP,WE,Federal Contract Tower,17,9,29,4,59,0,0,94,2,96,17,9,123,6,155,40,0,40,195
08/02/2021,SBP,CA,AWP,WE,Federal Contract Tower,15,9,6,0,30,0,6,79,0,85,15,15,85,0,115,48,0,48,163
08/03/2021,SBP,CA,AWP,WE,Federal Contract Tower,14,16,14,1,45,0,0,80,6,86,14,16,94,7,131,96,2,98,229
08/04/2021,SBP,CA,AWP,WE,Federal Contract Tower,16,15,16,2,49,0,0,91,2,93,16,15,107,4,142,84,0,84,226
08/05/2021,SBP,CA,AWP,WE,Federal Contract Tower,16,21,21,0,58,0,1,67,1,69,16,22,88,1,127,66,6,72,199
08/06/2021,SBP,CA,AWP,WE,Federal Contract Tower,14,28,13,2,57,0,0,108,4,112,14,28,121,6,169,36,0,36,205
08/07/2021,SBP,CA,AWP,WE,Federal Contract Tower,17,12,32,3,64,0,0,84,0,84,17,12,116,3,148,60,0,60,208
08/08/2021,SBP,CA,AWP,WE,Federal Contract Tower,18,11,24,0,53,0,0,123,0,123,18,11,147,0,176,106,0,106,282
08/09/2021,SBP,CA,AWP,WE,Federal Contract Tower,16,8,23,1,48,0,0,80,1,81,16,8,103,2,129,46,0,46,175
08/10/2021,SBP,CA,AWP,WE,Federal Contract Tower,16,18,8,0,42,0,1,58,0,59,16,19,66,0,101,90,0,90,191
08/11/2021,SBP,CA,AWP,WE,Federal Contract Tower,16,14,22,0,52,0,2,102,0,104,16,16,124,0,156,66,0,66,222
08/12/2021,SBP,CA,AWP,WE,Federal Contract Tower,13,13,6,0,32,0,3,78,0,81,13,16,84,0,113,86,0,86,199
08/13/2021,SBP,CA,AWP,WE,Federal Contract Tower,17,18,20,0,55,0,4,64,13,81,17,22,84,13,136,44,0,44,180
08/14/2021,SBP,CA,AWP,WE,Federal Contract Tower,17,9,22,1,49,0,2,114,0,116,17,11,136,1,165,54,0,54,219
08/15/2021,SBP,CA,AWP,WE,Federal Contract Tower,16,13,18,0,47,0,0,114,1,115,16,13,132,1,162,90,0,90,252
08/16/2021,SBP,CA,AWP,WE,Federal Contract Tower,2,1,1,0,4,0,0,0,0,0,2,1,1,0,4,0,0,0,4
08/17/2021,SBP,CA,AWP,WE,Federal Contract Tower,0,0,0,0,0,0,0,0,0,0,0,0,0,0,0,0,0,0,0
08/18/2021,SBP,CA,AWP,WE,Federal Contract Tower,8,15,35,4,62,0,0,29,0,29,8,15,64,4,91,120,0,120,211
08/19/2021,SBP,CA,AWP,WE,Federal Contract Tower,15,20,36,3,74,0,2,65,1,68,15,22,101,4,142,86,0,86,228
08/20/2021,SBP,CA,AWP,WE,Federal Contract Tower,16,22,28,2,68,0,2,78,7,87,16,24,106,9,155,66,0,66,221
08/21/2021,SBP,CA,AWP,WE,Federal Contract Tower,17,7,37,0,61,0,1,28,2,31,17,8,65,2,92,60,0,60,152
08/22/2021,SBP,CA,AWP,WE,Federal Contract Tower,15,7,29,1,52,0,1,91,0,92,15,8,120,1,144,76,0,76,220
08/23/2021,SBP,CA,AWP,WE,Federal Contract Tower,17,9,24,2,52,0,0,66,0,66,17,9,90,2,118,68,0,68,186
08/24/2021,SBP,CA,AWP,WE,Federal Contract Tower,16,19,28,0,63,0,1,70,0,71,16,20,98,0,134,96,0,96,230
08/25/2021,SBP,CA,AWP,WE,Federal Contract Tower,15,17,26,0,58,0,0,72,0,72,15,17,98,0,130,48,0,48,178
08/26/2021,SBP,CA,AWP,WE,Federal Contract Tower,17,11,27,0,55,0,9,86,2,97,17,20,113,2,152,70,2,72,224
08/27/2021,SBP,CA,AWP,WE,Federal Contract Tower,16,10,16,1,43,0,4,101,0,105,16,14,117,1,148,54,0,54,202
08/28/2021,SBP,CA,AWP,WE,Federal Contract Tower,17,8,23,0,48,0,0,71,0,71,17,8,94,0,119,44,0,44,163
08/29/2021,SBP,CA,AWP,WE,Federal Contract Tower,16,7,20,0,43,0,1,104,0,105,16,8,124,0,148,40,0,40,188
08/30/2021,SBP,CA,AWP,WE,Federal Contract Tower,15,16,19,2,52,0,2,64,0,66,15,18,83,2,118,30,0,30,148
08/31/2021,SBP,CA,AWP,WE,Federal Contract Tower,17,17,16,0,50,0,1,47,0,48,17,18,63,0,98,76,0,76,174
09/01/2021,SBP,CA,AWP,WE,Federal Contract Tower,17,16,21,0,54,0,3,43,2,48,17,19,64,2,102,82,0,82,184
09/02/2021,SBP,CA,AWP,WE,Federal Contract Tower,15,17,24,0,56,0,2,74,0,76,15,19,98,0,132,66,2,68,200
09/03/2021,SBP,CA,AWP,WE,Federal Contract Tower,16,17,14,0,47,0,2,119,2,123,16,19,133,2,170,152,0,152,322
09/04/2021,SBP,CA,AWP,WE,Federal Contract Tower,17,10,29,0,56,0,0,85,0,85,17,10,114,0,141,52,0,52,193
09/05/2021,SBP,CA,AWP,WE,Federal Contract Tower,14,4,12,1,31,0,0,82,2,84,14,4,94,3,115,62,0,62,177
09/06/2021,SBP,CA,AWP,WE,Federal Contract Tower,16,7,27,1,51,0,5,115,2,122,16,12,142,3,173,100,0,100,273
09/07/2021,SBP,CA,AWP,WE,Federal Contract Tower,16,12,9,0,37,0,0,73,0,73,16,12,82,0,110,56,0,56,166
09/08/2021,SBP,CA,AWP,WE,Federal Contract Tower,18,9,15,0,42,0,5,74,0,79,18,14,89,0,121,136,0,136,257
09/09/2021,SBP,CA,AWP,WE,Federal Contract Tower,18,8,25,2,53,0,1,81,0,82,18,9,106,2,135,86,0,86,221
09/10/2021,SBP,CA,AWP,WE,Federal Contract Tower,18,8,15,1,42,0,3,78,0,81,18,11,93,1,123,94,0,94,217
09/11/2021,SBP,CA,AWP,WE,Federal Contract Tower,19,5,25,0,49,0,0,145,0,145,19,5,170,0,194,90,0,90,284
09/12/2021,SBP,CA,AWP,WE,Federal Contract Tower,19,7,37,0,63,0,4,120,4,128,19,11,157,4,191,100,0,100,291
09/13/2021,SBP,CA,AWP,WE,Federal Contract Tower,19,4,16,2,41,0,0,83,0,83,19,4,99,2,124,86,0,86,210
09/14/2021,SBP,CA,AWP,WE,Federal Contract Tower,19,14,30,1,64,0,0,82,3,85,19,14,112,4,149,120,0,120,269
09/15/2021,SBP,CA,AWP,WE,Federal Contract Tower,20,15,23,1,59,0,3,84,1,88,20,18,107,2,147,86,0,86,233
09/16/2021,SBP,CA,AWP,WE,Federal Contract Tower,18,13,28,0,59,0,1,77,2,80,18,14,105,2,139,74,0,74,213
09/17/2021,SBP,CA,AWP,WE,Federal Contract Tower,19,14,39,3,75,0,0,71,3,74,19,14,110,6,149,102,0,102,251
09/18/2021,SBP,CA,AWP,WE,Federal Contract Tower,19,8,26,0,53,0,0,99,0,99,19,8,125,0,152,102,0,102,254
09/19/2021,SBP,CA,AWP,WE,Federal Contract Tower,18,5,28,0,51,0,0,85,0,85,18,5,113,0,136,42,0,42,178
09/20/2021,SBP,CA,AWP,WE,Federal Contract Tower,18,3,15,0,36,0,0,81,0,81,18,3,96,0,117,178,0,178,295
09/21/2021,SBP,CA,AWP,WE,Federal Contract Tower,18,8,10,0,36,0,2,113,0,115,18,10,123,0,151,168,0,168,319
09/22/2021,SBP,CA,AWP,WE,Federal Contract Tower,18,11,23,2,54,0,4,88,2,94,18,15,111,4,148,130,0,130,278
09/23/2021,SBP,CA,AWP,WE,Federal Contract Tower,17,13,32,2,64,0,0,81,0,81,17,13,113,2,145,82,0,82,227
09/24/2021,SBP,CA,AWP,WE,Federal Contract Tower,20,15,33,1,69,0,0,65,0,65,20,15,98,1,134,96,0,96,230
09/25/2021,SBP,CA,AWP,WE,Federal Contract Tower,20,3,28,0,51,0,0,83,0,83,20,3,111,0,134,120,0,120,254
09/27/2021,SBP,CA,AWP,WE,Federal Contract Tower,18,8,25,1,52,0,0,32,0,32,18,8,57,1,84,102,0,102,186
09/28/2021,SBP,CA,AWP,WE,Federal Contract Tower,18,8,10,2,38,0,2,46,1,49,18,10,56,3,87,38,4,42,129
09/29/2021,SBP,CA,AWP,WE,Federal Contract Tower,18,11,8,4,41,0,4,98,0,102,18,15,106,4,143,132,0,132,275
09/30/2021,SBP,CA,AWP,WE,Federal Contract Tower,17,16,16,3,52,0,3,68,4,75,17,19,84,7,127,86,0,86,213
10/01/2021,SBP,CA,AWP,WE,Federal Contract Tower,23,11,17,0,51,0,3,117,0,120,23,14,134,0,171,92,0,92,263
10/02/2021,SBP,CA,AWP,WE,Federal Contract Tower,17,6,13,0,36,0,0,113,0,113,17,6,126,0,149,116,0,116,265
10/03/2021,SBP,CA,AWP,WE,Federal Contract Tower,19,11,17,0,47,0,0,112,2,114,19,11,129,2,161,78,0,78,239
10/04/2021,SBP,CA,AWP,WE,Federal Contract Tower,19,6,13,4,42,0,0,76,0,76,19,6,89,4,118,164,0,164,282
10/05/2021,SBP,CA,AWP,WE,Federal Contract Tower,16,11,17,2,46,0,7,84,0,91,16,18,101,2,137,138,0,138,275
10/06/2021,SBP,CA,AWP,WE,Federal Contract Tower,14,16,31,0,61,0,1,89,2,92,14,17,120,2,153,122,0,122,275
10/07/2021,SBP,CA,AWP,WE,Federal Contract Tower,12,19,23,0,54,0,0,78,0,78,12,19,101,0,132,150,0,150,282
10/08/2021,SBP,CA,AWP,WE,Federal Contract Tower,21,19,22,0,62,0,2,83,4,89,21,21,105,4,151,66,0,66,217
10/09/2021,SBP,CA,AWP,WE,Federal Contract Tower,15,15,17,2,49,0,2,149,0,151,15,17,166,2,200,74,0,74,274
10/10/2021,SBP,CA,AWP,WE,Federal Contract Tower,18,11,21,0,50,0,0,123,0,123,18,11,144,0,173,50,0,50,223
10/11/2021,SBP,CA,AWP,WE,Federal Contract Tower,24,8,11,1,44,0,1,50,0,51,24,9,61,1,95,68,0,68,163
10/12/2021,SBP,CA,AWP,WE,Federal Contract Tower,15,13,9,1,38,0,1,61,2,64,15,14,70,3,102,92,0,92,194
10/13/2021,SBP,CA,AWP,WE,Federal Contract Tower,12,15,17,0,44,0,5,58,0,63,12,20,75,0,107,108,0,108,215
10/14/2021,SBP,CA,AWP,WE,Federal Contract Tower,18,18,33,0,69,0,6,116,1,123,18,24,149,1,192,52,0,52,244
10/15/2021,SBP,CA,AWP,WE,Federal Contract Tower,15,10,27,0,52,0,1,109,0,110,15,11,136,0,162,102,0,102,264
10/16/2021,SBP,CA,AWP,WE,Federal Contract Tower,20,7,21,0,48,0,0,144,0,144,20,7,165,0,192,78,0,78,270
10/17/2021,SBP,CA,AWP,WE,Federal Contract Tower,19,6,22,1,48,1,0,121,0,122,20,6,143,1,170,72,0,72,242
10/18/2021,SBP,CA,AWP,WE,Federal Contract Tower,18,6,23,0,47,0,0,57,1,58,18,6,80,1,105,148,0,148,253
10/19/2021,SBP,CA,AWP,WE,Federal Contract Tower,16,16,8,0,40,0,4,80,0,84,16,20,88,0,124,102,0,102,226
10/20/2021,SBP,CA,AWP,WE,Federal Contract Tower,14,11,18,1,44,0,4,115,1,120,14,15,133,2,164,116,0,116,280
10/21/2021,SBP,CA,AWP,WE,Federal Contract Tower,11,16,34,1,62,0,13,56,3,72,11,29,90,4,134,120,2,122,256
10/22/2021,SBP,CA,AWP,WE,Federal Contract Tower,13,18,40,2,73,0,0,21,0,21,13,18,61,2,94,108,0,108,202
10/23/2021,SBP,CA,AWP,WE,Federal Contract Tower,16,11,30,0,57,0,0,86,1,87,16,11,116,1,144,172,0,172,316
10/24/2021,SBP,CA,AWP,WE,Federal Contract Tower,17,7,27,0,51,0,0,6,0,6,17,7,33,0,57,20,0,20,77
10/25/2021,SBP,CA,AWP,WE,Federal Contract Tower,18,12,11,0,41,0,0,16,0,16,18,12,27,0,57,38,0,38,95
10/26/2021,SBP,CA,AWP,WE,Federal Contract Tower,12,20,24,4,60,0,1,85,0,86,12,21,109,4,146,72,0,72,218
10/28/2021,SBP,CA,AWP,WE,Federal Contract Tower,15,16,15,0,46,0,4,110,4,118,15,20,125,4,164,134,0,134,298
10/29/2021,SBP,CA,AWP,WE,Federal Contract Tower,20,14,16,1,51,0,3,118,1,122,20,17,134,2,173,70,0,70,243
10/30/2021,SBP,CA,AWP,WE,Federal Contract Tower,13,8,35,0,56,0,0,46,0,46,13,8,81,0,102,82,0,82,184
10/31/2021,SBP,CA,AWP,WE,Federal Contract Tower,18,11,20,0,49,0,0,85,0,85,18,11,105,0,134,32,0,32,166
11/01/2021,SBP,CA,AWP,WE,Federal Contract Tower,15,14,32,0,61,0,0,18,2,20,15,14,50,2,81,10,0,10,91
11/02/2021,SBP,CA,AWP,WE,Federal Contract Tower,10,19,19,0,48,0,0,75,0,75,10,19,94,0,123,228,0,228,351
11/03/2021,SBP,CA,AWP,WE,Federal Contract Tower,12,22,24,0,58,0,1,84,2,87,12,23,108,2,145,142,0,142,287
11/04/2021,SBP,CA,AWP,WE,Federal Contract Tower,14,20,20,2,56,0,0,79,3,82,14,20,99,5,138,60,0,60,198
11/05/2021,SBP,CA,AWP,WE,Federal Contract Tower,15,23,28,0,66,0,4,107,1,112,15,27,135,1,178,158,0,158,336
11/06/2021,SBP,CA,AWP,WE,Federal Contract Tower,10,15,20,0,45,0,0,178,0,178,10,15,198,0,223,118,0,118,341
11/07/2021,SBP,CA,AWP,WE,Federal Contract Tower,16,14,20,0,50,0,0,73,0,73,16,14,93,0,123,12,0,12,135
11/08/2021,SBP,CA,AWP,WE,Federal Contract Tower,16,18,18,0,52,0,0,63,0,63,16,18,81,0,115,44,0,44,159
11/09/2021,SBP,CA,AWP,WE,Federal Contract Tower,11,26,41,0,78,0,0,0,0,0,11,26,41,0,78,0,0,0,78
11/10/2021,SBP,CA,AWP,WE,Federal Contract Tower,12,21,14,0,47,0,3,83,0,86,12,24,97,0,133,116,0,116,249
11/11/2021,SBP,CA,AWP,WE,Federal Contract Tower,16,19,16,0,51,0,5,113,0,118,16,24,129,0,169,78,0,78,247
11/12/2021,SBP,CA,AWP,WE,Federal Contract Tower,18,19,31,0,68,0,2,96,0,98,18,21,127,0,166,154,0,154,320
11/13/2021,SBP,CA,AWP,WE,Federal Contract Tower,12,15,20,0,47,0,0,131,0,131,12,15,151,0,178,96,0,96,274
11/14/2021,SBP,CA,AWP,WE,Federal Contract Tower,15,19,18,0,52,0,0,106,0,106,15,19,124,0,158,58,0,58,216
11/15/2021,SBP,CA,AWP,WE,Federal Contract Tower,16,18,19,3,56,0,1,77,2,80,16,19,96,5,136,86,0,86,222
11/16/2021,SBP,CA,AWP,WE,Federal Contract Tower,10,18,15,0,43,0,0,75,0,75,10,18,90,0,118,124,0,124,242
11/17/2021,SBP,CA,AWP,WE,Federal Contract Tower,12,22,10,0,44,0,4,76,3,83,12,26,86,3,127,144,0,144,271
11/18/2021,SBP,CA,AWP,WE,Federal Contract Tower,12,21,35,0,68,0,9,75,3,87,12,30,110,3,155,126,6,132,287
11/19/2021,SBP,CA,AWP,WE,Federal Contract Tower,14,17,36,0,67,0,1,96,0,97,14,18,132,0,164,110,0,110,274
11/20/2021,SBP,CA,AWP,WE,Federal Contract Tower,11,15,27,2,55,0,1,113,1,115,11,16,140,3,170,144,0,144,314
11/21/2021,SBP,CA,AWP,WE,Federal Contract Tower,9,14,17,0,40,0,0,91,0,91,9,14,108,0,131,76,0,76,207
11/22/2021,SBP,CA,AWP,WE,Federal Contract Tower,13,21,11,3,48,0,0,81,5,86,13,21,92,8,134,154,0,154,288
11/23/2021,SBP,CA,AWP,WE,Federal Contract Tower,10,27,16,0,53,0,3,78,0,81,10,30,94,0,134,150,0,150,284
11/24/2021,SBP,CA,AWP,WE,Federal Contract Tower,12,21,13,0,46,0,3,92,0,95,12,24,105,0,141,22,0,22,163
11/25/2021,SBP,CA,AWP,WE,Federal Contract Tower,6,8,4,0,18,0,0,58,0,58,6,8,62,0,76,30,0,30,106
11/26/2021,SBP,CA,AWP,WE,Federal Contract Tower,11,21,12,0,44,0,3,100,0,103,11,24,112,0,147,50,0,50,197
11/27/2021,SBP,CA,AWP,WE,Federal Contract Tower,9,13,23,0,45,0,0,119,1,120,9,13,142,1,165,74,0,74,239
11/28/2021,SBP,CA,AWP,WE,Federal Contract Tower,12,16,30,0,58,0,0,101,0,101,12,16,131,0,159,104,0,104,263
11/29/2021,SBP,CA,AWP,WE,Federal Contract Tower,12,16,21,2,51,0,1,87,3,91,12,17,108,5,142,72,0,72,214
11/30/2021,SBP,CA,AWP,WE,Federal Contract Tower,11,24,25,0,60,0,2,81,4,87,11,26,106,4,147,164,0,164,311
12/01/2021,SBP,CA,AWP,WE,Federal Contract Tower,12,24,25,8,69,0,2,101,4,107,12,26,126,12,176,98,12,110,286
12/02/2021,SBP,CA,AWP,WE,Federal Contract Tower,17,20,28,6,71,0,0,74,1,75,17,20,102,7,146,108,10,118,264
12/03/2021,SBP,CA,AWP,WE,Federal Contract Tower,16,22,44,1,83,0,0,12,0,12,16,22,56,1,95,8,0,8,103
12/04/2021,SBP,CA,AWP,WE,Federal Contract Tower,8,21,32,0,61,0,2,90,0,92,8,23,122,0,153,96,0,96,249
12/05/2021,SBP,CA,AWP,WE,Federal Contract Tower,16,14,35,0,65,0,0,68,0,68,16,14,103,0,133,94,0,94,227
12/06/2021,SBP,CA,AWP,WE,Federal Contract Tower,16,17,25,3,61,0,0,48,1,49,16,17,73,4,110,102,0,102,212
12/07/2021,SBP,CA,AWP,WE,Federal Contract Tower,10,21,21,2,54,0,0,28,1,29,10,21,49,3,83,86,0,86,169
12/08/2021,SBP,CA,AWP,WE,Federal Contract Tower,12,30,21,1,64,0,2,55,0,57,12,32,76,1,121,52,0,52,173
12/09/2021,SBP,CA,AWP,WE,Federal Contract Tower,16,28,21,0,65,0,0,17,0,17,16,28,38,0,82,76,0,76,158
12/10/2021,SBP,CA,AWP,WE,Federal Contract Tower,16,25,28,0,69,0,0,141,0,141,16,25,169,0,210,72,0,72,282
12/11/2021,SBP,CA,AWP,WE,Federal Contract Tower,7,11,23,0,41,0,0,137,2,139,7,11,160,2,180,54,0,54,234
12/12/2021,SBP,CA,AWP,WE,Federal Contract Tower,16,11,27,0,54,0,0,109,0,109,16,11,136,0,163,72,0,72,235
12/13/2021,SBP,CA,AWP,WE,Federal Contract Tower,16,17,10,2,45,0,0,0,0,0,16,17,10,2,45,0,0,0,45
12/14/2021,SBP,CA,AWP,WE,Federal Contract Tower,10,20,13,0,43,0,0,0,0,0,10,20,13,0,43,0,0,0,43
12/15/2021,SBP,CA,AWP,WE,Federal Contract Tower,12,26,16,0,54,0,2,90,5,97,12,28,106,5,151,80,0,80,231
12/16/2021,SBP,CA,AWP,WE,Federal Contract Tower,12,21,22,0,55,0,0,6,1,7,12,21,28,1,62,0,0,0,62
12/17/2021,SBP,CA,AWP,WE,Federal Contract Tower,15,23,29,1,68,0,2,119,4,125,15,25,148,5,193,100,0,100,293
12/18/2021,SBP,CA,AWP,WE,Federal Contract Tower,17,11,27,0,55,0,1,112,0,113,17,12,139,0,168,120,0,120,288
12/19/2021,SBP,CA,AWP,WE,Federal Contract Tower,16,11,31,0,58,0,0,96,0,96,16,11,127,0,154,94,0,94,248
12/20/2021,SBP,CA,AWP,WE,Federal Contract Tower,14,17,13,0,44,0,1,57,0,58,14,18,70,0,102,140,0,140,242
12/21/2021,SBP,CA,AWP,WE,Federal Contract Tower,12,23,11,0,46,0,2,56,0,58,12,25,67,0,104,66,0,66,170
12/22/2021,SBP,CA,AWP,WE,Federal Contract Tower,9,20,24,2,55,0,0,1,0,1,9,20,25,2,56,0,0,0,56
12/23/2021,SBP,CA,AWP,WE,Federal Contract Tower,13,22,14,0,49,0,0,0,0,0,13,22,14,0,49,0,0,0,49
12/24/2021,SBP,CA,AWP,WE,Federal Contract Tower,17,17,20,0,54,0,0,3,0,3,17,17,23,0,57,0,0,0,57
12/25/2021,SBP,CA,AWP,WE,Federal Contract Tower,6,5,4,0,15,0,0,9,0,9,6,5,13,0,24,4,0,4,28
12/26/2021,SBP,CA,AWP,WE,Federal Contract Tower,14,9,18,0,41,0,0,65,0,65,14,9,83,0,106,34,0,34,140
12/27/2021,SBP,CA,AWP,WE,Federal Contract Tower,16,13,10,0,39,0,1,0,0,1,16,14,10,0,40,0,0,0,40
12/28/2021,SBP,CA,AWP,WE,Federal Contract Tower,3,5,6,0,14,0,0,44,0,44,3,5,50,0,58,28,0,28,86
12/29/2021,SBP,CA,AWP,WE,Federal Contract Tower,12,18,22,0,52,0,0,0,0,0,12,18,22,0,52,0,0,0,52
12/30/2021,SBP,CA,AWP,WE,Federal Contract Tower,11,16,16,0,43,0,2,55,4,61,11,18,71,4,104,34,0,34,138
12/31/2021,SBP,CA,AWP,WE,Federal Contract Tower,16,16,14,0,46,0,1,66,0,67,16,17,80,0,113,42,0,42,155
01/01/2022,SBP,CA,AWP,WE,Federal Contract Tower,8,8,17,0,33,0,1,83,0,84,8,9,100,0,117,48,0,48,165
01/02/2022,SBP,CA,AWP,WE,Federal Contract Tower,16,12,24,0,52,0,0,124,0,124,16,12,148,0,176,48,0,48,224
01/03/2022,SBP,CA,AWP,WE,Federal Contract Tower,12,11,25,0,48,0,0,70,0,70,12,11,95,0,118,130,0,130,248
01/04/2022,SBP,CA,AWP,WE,Federal Contract Tower,15,15,25,2,57,0,2,67,0,69,15,17,92,2,126,98,4,102,228
01/05/2022,SBP,CA,AWP,WE,Federal Contract Tower,13,14,21,0,48,0,0,78,7,85,13,14,99,7,133,128,0,128,261
01/06/2022,SBP,CA,AWP,WE,Federal Contract Tower,19,25,26,4,74,0,0,77,2,79,19,25,103,6,153,96,0,96,249
01/07/2022,SBP,CA,AWP,WE,Federal Contract Tower,17,17,18,2,54,0,0,55,0,55,17,17,73,2,109,100,0,100,209
01/08/2022,SBP,CA,AWP,WE,Federal Contract Tower,13,13,21,1,48,0,0,111,0,111,13,13,132,1,159,66,0,66,225
01/09/2022,SBP,CA,AWP,WE,Federal Contract Tower,17,7,25,1,50,0,1,111,0,112,17,8,136,1,162,84,0,84,246
01/10/2022,SBP,CA,AWP,WE,Federal Contract Tower,16,12,12,1,41,0,2,83,0,85,16,14,95,1,126,110,0,110,236
01/11/2022,SBP,CA,AWP,WE,Federal Contract Tower,15,13,15,0,43,0,6,111,0,117,15,19,126,0,160,14,0,14,174
01/12/2022,SBP,CA,AWP,WE,Federal Contract Tower,13,17,13,4,47,0,3,92,4,99,13,20,105,8,146,62,0,62,208
01/13/2022,SBP,CA,AWP,WE,Federal Contract Tower,19,14,18,1,52,0,3,83,5,91,19,17,101,6,143,42,0,42,185
01/14/2022,SBP,CA,AWP,WE,Federal Contract Tower,18,14,31,0,63,0,4,122,0,126,18,18,153,0,189,66,0,66,255
01/15/2022,SBP,CA,AWP,WE,Federal Contract Tower,11,7,18,0,36,0,0,111,0,111,11,7,129,0,147,68,0,68,215
01/16/2022,SBP,CA,AWP,WE,Federal Contract Tower,19,5,24,0,48,0,1,107,0,108,19,6,131,0,156,68,0,68,224
01/17/2022,SBP,CA,AWP,WE,Federal Contract Tower,19,10,30,0,59,0,0,74,2,76,19,10,104,2,135,106,0,106,241
01/18/2022,SBP,CA,AWP,WE,Federal Contract Tower,12,22,17,1,52,0,3,70,2,75,12,25,87,3,127,118,0,118,245
01/19/2022,SBP,CA,AWP,WE,Federal Contract Tower,13,20,13,6,52,0,0,77,5,82,13,20,90,11,134,98,0,98,232
01/20/2022,SBP,CA,AWP,WE,Federal Contract Tower,15,12,16,3,46,0,4,91,2,97,15,16,107,5,143,36,0,36,179
01/21/2022,SBP,CA,AWP,WE,Federal Contract Tower,18,13,16,7,54,0,0,98,1,99,18,13,114,8,153,30,0,30,183
01/22/2022,SBP,CA,AWP,WE,Federal Contract Tower,13,7,12,0,32,0,0,145,0,145,13,7,157,0,177,0,0,0,177
01/23/2022,SBP,CA,AWP,WE,Federal Contract Tower,17,10,19,0,46,0,0,138,0,138,17,10,157,0,184,18,0,18,202
01/24/2022,SBP,CA,AWP,WE,Federal Contract Tower,18,12,12,0,42,0,0,80,0,80,18,12,92,0,122,0,0,0,122
01/25/2022,SBP,CA,AWP,WE,Federal Contract Tower,15,16,10,2,43,0,2,105,1,108,15,18,115,3,151,0,0,0,151
01/26/2022,SBP,CA,AWP,WE,Federal Contract Tower,12,16,18,2,48,0,2,103,1,106,12,18,121,3,154,42,0,42,196
01/27/2022,SBP,CA,AWP,WE,Federal Contract Tower,13,6,8,2,29,0,0,101,2,103,13,6,109,4,132,0,0,0,132
01/28/2022,SBP,CA,AWP,WE,Federal Contract Tower,11,8,11,0,30,0,0,111,1,112,11,8,122,1,142,28,0,28,170
01/29/2022,SBP,CA,AWP,WE,Federal Contract Tower,12,11,26,0,49,0,0,118,1,119,12,11,144,1,168,8,0,8,176
01/30/2022,SBP,CA,AWP,WE,Federal Contract Tower,18,7,17,0,42,0,0,160,2,162,18,7,177,2,204,108,0,108,312
01/31/2022,SBP,CA,AWP,WE,Federal Contract Tower,18,13,14,1,46,0,1,66,0,67,18,14,80,1,113,68,0,68,181
02/01/2022,SBP,CA,AWP,WE,Federal Contract Tower,10,15,4,0,29,0,1,66,0,67,10,16,70,0,96,102,0,102,198
02/02/2022,SBP,CA,AWP,WE,Federal Contract Tower,11,17,16,8,52,0,2,79,0,81,11,19,95,8,133,44,0,44,177
02/03/2022,SBP,CA,AWP,WE,Federal Contract Tower,16,16,15,0,47,0,4,114,3,121,16,20,129,3,168,76,0,76,244
02/04/2022,SBP,CA,AWP,WE,Federal Contract Tower,18,12,16,0,46,0,2,103,4,109,18,14,119,4,155,102,8,110,265
02/05/2022,SBP,CA,AWP,WE,Federal Contract Tower,0,0,0,0,0,0,0,0,0,0,0,0,0,0,0,0,0,0,0
02/06/2022,SBP,CA,AWP,WE,Federal Contract Tower,17,8,25,0,50,0,0,127,0,127,17,8,152,0,177,48,0,48,225
02/07/2022,SBP,CA,AWP,WE,Federal Contract Tower,15,9,10,1,35,0,1,121,0,122,15,10,131,1,157,96,0,96,253
02/08/2022,SBP,CA,AWP,WE,Federal Contract Tower,11,16,14,0,41,0,1,111,0,112,11,17,125,0,153,152,0,152,305
02/09/2022,SBP,CA,AWP,WE,Federal Contract Tower,11,13,24,0,48,0,3,107,0,110,11,16,131,0,158,74,0,74,232
02/10/2022,SBP,CA,AWP,WE,Federal Contract Tower,15,19,13,0,47,0,4,120,1,125,15,23,133,1,172,120,0,120,292
02/11/2022,SBP,CA,AWP,WE,Federal Contract Tower,11,13,24,0,48,0,3,107,0,110,11,16,131,0,158,74,0,74,232
02/12/2022,SBP,CA,AWP,WE,Federal Contract Tower,15,19,13,0,47,0,4,120,1,125,15,23,133,1,172,120,0,120,292
02/13/2022,SBP,CA,AWP,WE,Federal Contract Tower,17,11,10,0,38,0,0,115,0,115,17,11,125,0,153,80,0,80,233
02/14/2022,SBP,CA,AWP,WE,Federal Contract Tower,12,29,17,0,58,0,0,80,4,84,12,29,97,4,142,8,0,8,150
02/15/2022,SBP,CA,AWP,WE,Federal Contract Tower,7,19,16,0,42,0,4,34,0,38,7,23,50,0,80,98,0,98,178
02/16/2022,SBP,CA,AWP,WE,Federal Contract Tower,11,15,15,2,43,0,4,137,1,142,11,19,152,3,185,80,0,80,265
02/17/2022,SBP,CA,AWP,WE,Federal Contract Tower,15,18,16,1,50,0,4,128,0,132,15,22,144,1,182,68,2,70,252
02/18/2022,SBP,CA,AWP,WE,Federal Contract Tower,17,21,28,0,66,0,0,162,0,162,17,21,190,0,228,96,0,96,324
02/19/2022,SBP,CA,AWP,WE,Federal Contract Tower,11,14,19,0,44,0,2,195,0,197,11,16,214,0,241,72,0,72,313
02/20/2022,SBP,CA,AWP,WE,Federal Contract Tower,14,9,31,0,54,0,0,114,0,114,14,9,145,0,168,74,0,74,242
02/21/2022,SBP,CA,AWP,WE,Federal Contract Tower,17,18,11,1,47,0,0,94,0,94,17,18,105,1,141,86,0,86,227
02/22/2022,SBP,CA,AWP,WE,Federal Contract Tower,12,22,12,0,46,0,3,22,0,25,12,25,34,0,71,64,0,64,135
02/23/2022,SBP,CA,AWP,WE,Federal Contract Tower,7,17,8,5,37,0,4,103,10,117,7,21,111,15,154,114,10,124,278
02/24/2022,SBP,CA,AWP,WE,Federal Contract Tower,12,19,14,0,45,0,0,0,0,0,12,19,14,0,45,74,0,74,119
02/25/2022,SBP,CA,AWP,WE,Federal Contract Tower,17,20,16,0,53,0,3,132,0,135,17,23,148,0,188,72,0,72,260
02/26/2022,SBP,CA,AWP,WE,Federal Contract Tower,6,14,8,0,28,0,0,112,0,112,6,14,120,0,140,122,0,122,262
02/27/2022,SBP,CA,AWP,WE,Federal Contract Tower,13,13,13,0,39,0,1,119,1,121,13,14,132,1,160,54,0,54,214
02/28/2022,SBP,CA,AWP,WE,Federal Contract Tower,15,14,10,0,39,0,0,73,0,73,15,14,83,0,112,76,0,76,188
03/01/2022,SBP,CA,AWP,WE,Federal Contract Tower,12,17,9,1,39,0,0,122,0,122,12,17,131,1,161,162,0,162,323
03/02/2022,SBP,CA,AWP,WE,Federal Contract Tower,10,19,8,0,37,0,3,128,2,133,10,22,136,2,170,260,4,264,434
03/03/2022,SBP,CA,AWP,WE,Federal Contract Tower,15,16,19,6,56,0,9,70,0,79,15,25,89,6,135,160,0,160,295
03/04/2022,SBP,CA,AWP,WE,Federal Contract Tower,16,20,38,1,75,0,2,15,0,17,16,22,53,1,92,16,0,16,108
03/05/2022,SBP,CA,AWP,WE,Federal Contract Tower,11,9,7,0,27,0,0,51,0,51,11,9,58,0,78,24,0,24,102
03/06/2022,SBP,CA,AWP,WE,Federal Contract Tower,15,10,18,0,43,0,0,108,0,108,15,10,126,0,151,104,0,104,255
03/07/2022,SBP,CA,AWP,WE,Federal Contract Tower,15,12,12,0,39,0,0,103,1,104,15,12,115,1,143,136,0,136,279
03/08/2022,SBP,CA,AWP,WE,Federal Contract Tower,12,16,16,0,44,0,2,134,0,136,12,18,150,0,180,170,0,170,350
03/09/2022,SBP,CA,AWP,WE,Federal Contract Tower,13,15,25,1,54,0,4,128,12,144,13,19,153,13,198,210,0,210,408
03/10/2022,SBP,CA,AWP,WE,Federal Contract Tower,15,16,19,1,51,0,2,104,0,106,15,18,123,1,157,102,0,102,259
03/11/2022,SBP,CA,AWP,WE,Federal Contract Tower,18,14,19,1,52,0,4,141,4,149,18,18,160,5,201,138,0,138,339
03/12/2022,SBP,CA,AWP,WE,Federal Contract Tower,11,9,13,6,39,0,0,128,1,129,11,9,141,7,168,66,0,66,234
03/13/2022,SBP,CA,AWP,WE,Federal Contract Tower,15,7,22,3,47,0,0,113,0,113,15,7,135,3,160,46,0,46,206
03/14/2022,SBP,CA,AWP,WE,Federal Contract Tower,15,12,19,10,56,0,0,79,0,79,15,12,98,10,135,54,0,54,189
03/15/2022,SBP,CA,AWP,WE,Federal Contract Tower,12,19,19,3,53,0,1,81,0,82,12,20,100,3,135,88,0,88,223
03/16/2022,SBP,CA,AWP,WE,Federal Contract Tower,12,22,19,3,56,0,3,122,0,125,12,25,141,3,181,100,0,100,281
03/17/2022,SBP,CA,AWP,WE,Federal Contract Tower,15,16,17,5,53,0,4,134,2,140,15,20,151,7,193,98,0,98,291
03/18/2022,SBP,CA,AWP,WE,Federal Contract Tower,15,13,24,6,58,0,2,152,0,154,15,15,176,6,212,112,0,112,324
03/19/2022,SBP,CA,AWP,WE,Federal Contract Tower,11,9,34,2,56,0,0,3,2,5,11,9,37,4,61,2,0,2,63
03/20/2022,SBP,CA,AWP,WE,Federal Contract Tower,11,7,13,1,32,0,0,36,2,38,11,7,49,3,70,36,2,38,108
03/21/2022,SBP,CA,AWP,WE,Federal Contract Tower,15,10,13,3,41,0,0,72,0,72,15,10,85,3,113,112,0,112,225
03/22/2022,SBP,CA,AWP,WE,Federal Contract Tower,14,13,17,7,51,0,3,95,2,100,14,16,112,9,151,58,6,64,215
03/23/2022,SBP,CA,AWP,WE,Federal Contract Tower,14,19,17,0,50,0,2,124,1,127,14,21,141,1,177,144,0,144,321
03/24/2022,SBP,CA,AWP,WE,Federal Contract Tower,19,20,26,0,65,0,6,133,0,139,19,26,159,0,204,80,0,80,284
03/25/2022,SBP,CA,AWP,WE,Federal Contract Tower,15,17,17,1,50,0,0,93,0,93,15,17,110,1,143,94,0,94,237
03/26/2022,SBP,CA,AWP,WE,Federal Contract Tower,11,12,23,1,47,0,0,80,0,80,11,12,103,1,127,98,0,98,225
03/27/2022,SBP,CA,AWP,WE,Federal Contract Tower,14,11,44,1,70,0,2,31,0,33,14,13,75,1,103,52,0,52,155
03/28/2022,SBP,CA,AWP,WE,Federal Contract Tower,15,12,12,2,41,0,1,1,0,2,15,13,13,2,43,0,0,0,43
03/29/2022,SBP,CA,AWP,WE,Federal Contract Tower,13,18,30,2,63,0,0,89,0,89,13,18,119,2,152,152,0,152,304
03/30/2022,SBP,CA,AWP,WE,Federal Contract Tower,13,20,27,2,62,0,2,119,4,125,13,22,146,6,187,144,0,144,331
03/31/2022,SBP,CA,AWP,WE,Federal Contract Tower,14,18,26,2,60,0,3,102,2,107,14,21,128,4,167,164,0,164,331
04/01/2022,SBP,CA,AWP,WE,Federal Contract Tower,13,10,30,3,56,0,4,110,0,114,13,14,140,3,170,92,0,92,262
04/02/2022,SBP,CA,AWP,WE,Federal Contract Tower,10,12,42,2,66,0,0,36,0,36,10,12,78,2,102,34,0,34,136
04/03/2022,SBP,CA,AWP,WE,Federal Contract Tower,14,10,42,1,67,0,4,49,0,53,14,14,91,1,120,52,0,52,172
04/04/2022,SBP,CA,AWP,WE,Federal Contract Tower,15,10,9,2,36,0,0,68,0,68,15,10,77,2,104,102,0,102,206
04/05/2022,SBP,CA,AWP,WE,Federal Contract Tower,8,18,12,0,38,0,1,101,2,104,8,19,113,2,142,54,0,54,196
04/06/2022,SBP,CA,AWP,WE,Federal Contract Tower,11,15,16,0,42,0,4,81,0,85,11,19,97,0,127,52,0,52,179
04/07/2022,SBP,CA,AWP,WE,Federal Contract Tower,17,15,20,7,59,0,2,129,0,131,17,17,149,7,190,96,0,96,286
04/08/2022,SBP,CA,AWP,WE,Federal Contract Tower,15,19,18,1,53,0,3,165,0,168,15,22,183,1,221,98,0,98,319
04/09/2022,SBP,CA,AWP,WE,Federal Contract Tower,11,12,16,0,39,0,0,113,0,113,11,12,129,0,152,50,0,50,202
04/10/2022,SBP,CA,AWP,WE,Federal Contract Tower,14,11,10,0,35,0,5,123,0,128,14,16,133,0,163,86,0,86,249
04/11/2022,SBP,CA,AWP,WE,Federal Contract Tower,15,10,17,4,46,0,0,33,0,33,15,10,50,4,79,94,0,94,173
04/12/2022,SBP,CA,AWP,WE,Federal Contract Tower,9,12,5,3,29,0,3,70,0,73,9,15,75,3,102,40,0,40,142
04/13/2022,SBP,CA,AWP,WE,Federal Contract Tower,11,14,16,6,47,0,4,83,3,90,11,18,99,9,137,124,0,124,261
04/14/2022,SBP,CA,AWP,WE,Federal Contract Tower,15,16,18,4,53,0,4,76,1,81,15,20,94,5,134,100,0,100,234
04/15/2022,SBP,CA,AWP,WE,Federal Contract Tower,15,10,28,0,53,0,3,114,0,117,15,13,142,0,170,176,0,176,346
04/16/2022,SBP,CA,AWP,WE,Federal Contract Tower,10,9,32,5,56,0,0,18,0,18,10,9,50,5,74,32,0,32,106
04/17/2022,SBP,CA,AWP,WE,Federal Contract Tower,14,18,14,2,48,0,0,127,0,127,14,18,141,2,175,74,0,74,249
04/18/2022,SBP,CA,AWP,WE,Federal Contract Tower,15,14,28,1,58,0,0,97,0,97,15,14,125,1,155,152,0,152,307
04/19/2022,SBP,CA,AWP,WE,Federal Contract Tower,11,15,33,5,64,0,3,67,2,72,11,18,100,7,136,70,0,70,206
04/20/2022,SBP,CA,AWP,WE,Federal Contract Tower,10,21,24,2,57,0,5,130,5,140,10,26,154,7,197,160,0,160,357
04/21/2022,SBP,CA,AWP,WE,Federal Contract Tower,15,22,25,7,69,0,0,29,0,29,15,22,54,7,98,26,2,28,126
04/22/2022,SBP,CA,AWP,WE,Federal Contract Tower,14,24,15,7,60,0,1,55,0,56,14,25,70,7,116,44,0,44,160
04/23/2022,SBP,CA,AWP,WE,Federal Contract Tower,11,12,19,7,49,0,0,128,0,128,11,12,147,7,177,88,0,88,265
04/24/2022,SBP,CA,AWP,WE,Federal Contract Tower,15,13,9,2,39,0,0,157,0,157,15,13,166,2,196,104,0,104,300
04/25/2022,SBP,CA,AWP,WE,Federal Contract Tower,15,10,19,5,49,0,0,181,0,181,15,10,200,5,230,166,0,166,396
04/26/2022,SBP,CA,AWP,WE,Federal Contract Tower,10,18,12,0,40,0,3,64,0,67,10,21,76,0,107,84,0,84,191
04/27/2022,SBP,CA,AWP,WE,Federal Contract Tower,11,26,20,1,58,0,2,105,6,113,11,28,125,7,171,142,0,142,313
04/28/2022,SBP,CA,AWP,WE,Federal Contract Tower,15,19,14,2,50,0,5,99,0,104,15,24,113,2,154,68,2,70,224
04/29/2022,SBP,CA,AWP,WE,Federal Contract Tower,16,22,12,0,50,0,1,103,0,104,16,23,115,0,154,34,0,34,188
04/30/2022,SBP,CA,AWP,WE,Federal Contract Tower,11,11,15,0,37,0,1,121,0,122,11,12,136,0,159,146,0,146,305
05/01/2022,SBP,CA,AWP,WE,Federal Contract Tower,16,13,22,0,51,0,0,145,0,145,16,13,167,0,196,36,0,36,232
05/02/2022,SBP,CA,AWP,WE,Federal Contract Tower,15,12,15,1,43,0,1,55,2,58,15,13,70,3,101,8,0,8,109
05/03/2022,SBP,CA,AWP,WE,Federal Contract Tower,11,16,14,4,45,0,0,104,0,104,11,16,118,4,149,104,2,106,255
05/04/2022,SBP,CA,AWP,WE,Federal Contract Tower,11,16,19,2,48,0,2,107,0,109,11,18,126,2,157,184,0,184,341
05/05/2022,SBP,CA,AWP,WE,Federal Contract Tower,13,22,26,2,63,0,4,106,2,112,13,26,132,4,175,182,0,182,357
05/06/2022,SBP,CA,AWP,WE,Federal Contract Tower,17,17,18,2,54,0,0,94,0,94,17,17,112,2,148,74,0,74,222
05/07/2022,SBP,CA,AWP,WE,Federal Contract Tower,12,8,8,2,30,0,1,40,2,43,12,9,48,4,73,108,0,108,181
05/08/2022,SBP,CA,AWP,WE,Federal Contract Tower,18,8,18,1,45,0,0,59,0,59,18,8,77,1,104,20,0,20,124
05/09/2022,SBP,CA,AWP,WE,Federal Contract Tower,18,7,9,0,34,0,2,58,0,60,18,9,67,0,94,126,0,126,220
05/10/2022,SBP,CA,AWP,WE,Federal Contract Tower,13,12,15,0,40,0,0,76,0,76,13,12,91,0,116,126,0,126,242
05/11/2022,SBP,CA,AWP,WE,Federal Contract Tower,11,19,17,1,48,0,3,76,1,80,11,22,93,2,128,176,0,176,304
05/12/2022,SBP,CA,AWP,WE,Federal Contract Tower,18,14,14,0,46,0,3,121,0,124,18,17,135,0,170,90,20,110,280
05/13/2022,SBP,CA,AWP,WE,Federal Contract Tower,18,11,12,0,41,0,4,91,4,99,18,15,103,4,140,80,0,80,220
05/14/2022,SBP,CA,AWP,WE,Federal Contract Tower,12,6,12,0,30,0,1,146,2,149,12,7,158,2,179,150,0,150,329
05/15/2022,SBP,CA,AWP,WE,Federal Contract Tower,18,12,22,0,52,0,0,89,3,92,18,12,111,3,144,136,0,136,280
05/16/2022,SBP,CA,AWP,WE,Federal Contract Tower,17,9,13,5,44,0,0,82,0,82,17,9,95,5,126,108,0,108,234
05/17/2022,SBP,CA,AWP,WE,Federal Contract Tower,11,20,13,4,48,0,1,76,3,80,11,21,89,7,128,158,0,158,286
05/18/2022,SBP,CA,AWP,WE,Federal Contract Tower,12,18,17,2,49,0,2,105,8,115,12,20,122,10,164,118,0,118,282
05/19/2022,SBP,CA,AWP,WE,Federal Contract Tower,18,16,18,4,56,0,0,91,3,94,18,16,109,7,150,144,0,144,294
05/20/2022,SBP,CA,AWP,WE,Federal Contract Tower,18,21,18,5,62,0,1,110,1,112,18,22,128,6,174,158,0,158,332
05/21/2022,SBP,CA,AWP,WE,Federal Contract Tower,14,10,11,1,36,0,0,134,0,134,14,10,145,1,170,224,0,224,394
05/22/2022,SBP,CA,AWP,WE,Federal Contract Tower,18,7,23,1,49,0,0,109,0,109,18,7,132,1,158,130,0,130,288
05/23/2022,SBP,CA,AWP,WE,Federal Contract Tower,17,17,10,0,44,0,2,91,0,93,17,19,101,0,137,78,0,78,215
05/24/2022,SBP,CA,AWP,WE,Federal Contract Tower,15,14,10,2,41,0,0,103,4,107,15,14,113,6,148,166,0,166,314
05/25/2022,SBP,CA,AWP,WE,Federal Contract Tower,14,18,22,3,57,0,1,87,4,92,14,19,109,7,149,140,0,140,289
05/26/2022,SBP,CA,AWP,WE,Federal Contract Tower,18,18,40,0,76,0,1,43,1,45,18,19,83,1,121,86,0,86,207
05/27/2022,SBP,CA,AWP,WE,Federal Contract Tower,18,25,30,0,73,0,6,74,0,80,18,31,104,0,153,94,0,94,247
05/28/2022,SBP,CA,AWP,WE,Federal Contract Tower,13,13,20,0,46,0,1,90,0,91,13,14,110,0,137,148,0,148,285
05/29/2022,SBP,CA,AWP,WE,Federal Contract Tower,18,6,18,0,42,0,0,80,0,80,18,6,98,0,122,86,0,86,208
05/30/2022,SBP,CA,AWP,WE,Federal Contract Tower,38,12,30,0,80,0,0,96,0,96,38,12,126,0,176,152,0,152,328
05/31/2022,SBP,CA,AWP,WE,Federal Contract Tower,14,9,18,0,41,0,1,101,0,102,14,10,119,0,143,142,0,142,285
06/01/2022,SBP,CA,AWP,WE,Federal Contract Tower,14,14,9,0,37,0,1,88,0,89,14,15,97,0,126,158,0,158,284
06/02/2022,SBP,CA,AWP,WE,Federal Contract Tower,21,14,9,0,44,0,0,101,0,101,21,14,110,0,145,154,0,154,299
06/03/2022,SBP,CA,AWP,WE,Federal Contract Tower,17,15,22,1,55,0,0,93,0,93,17,15,115,1,148,126,0,126,274
06/04/2022,SBP,CA,AWP,WE,Federal Contract Tower,30,15,16,2,63,0,0,91,0,91,30,15,107,2,154,172,0,172,326
06/05/2022,SBP,CA,AWP,WE,Federal Contract Tower,16,10,28,1,55,0,0,78,1,79,16,10,106,2,134,66,0,66,200
06/06/2022,SBP,CA,AWP,WE,Federal Contract Tower,16,11,20,4,51,0,1,78,5,84,16,12,98,9,135,106,0,106,241
06/07/2022,SBP,CA,AWP,WE,Federal Contract Tower,17,22,20,4,63,0,5,89,1,95,17,27,109,5,158,154,0,154,312
06/08/2022,SBP,CA,AWP,WE,Federal Contract Tower,16,15,10,4,45,0,7,100,3,110,16,22,110,7,155,66,0,66,221
06/09/2022,SBP,CA,AWP,WE,Federal Contract Tower,17,17,25,3,62,0,3,105,0,108,17,20,130,3,170,168,0,168,338
06/10/2022,SBP,CA,AWP,WE,Federal Contract Tower,17,21,15,3,56,0,1,96,0,97,17,22,111,3,153,134,0,134,287
06/11/2022,SBP,CA,AWP,WE,Federal Contract Tower,19,13,11,1,44,0,1,154,0,155,19,14,165,1,199,178,0,178,377
06/12/2022,SBP,CA,AWP,WE,Federal Contract Tower,17,15,23,2,57,0,0,116,0,116,17,15,139,2,173,90,0,90,263
06/13/2022,SBP,CA,AWP,WE,Federal Contract Tower,19,15,18,0,52,0,1,72,3,76,19,16,90,3,128,48,0,48,176
06/14/2022,SBP,CA,AWP,WE,Federal Contract Tower,17,16,13,3,49,0,1,52,5,58,17,17,65,8,107,98,0,98,205
06/15/2022,SBP,CA,AWP,WE,Federal Contract Tower,14,17,22,2,55,0,4,115,7,126,14,21,137,9,181,26,0,26,207
06/16/2022,SBP,CA,AWP,WE,Federal Contract Tower,20,19,13,2,54,0,3,100,4,107,20,22,113,6,161,90,0,90,251
06/17/2022,SBP,CA,AWP,WE,Federal Contract Tower,18,12,33,1,64,0,5,102,0,107,18,17,135,1,171,34,0,34,205
06/18/2022,SBP,CA,AWP,WE,Federal Contract Tower,19,7,14,0,40,0,1,117,2,120,19,8,131,2,160,32,0,32,192
06/19/2022,SBP,CA,AWP,WE,Federal Contract Tower,19,9,13,0,41,0,7,126,0,133,19,16,139,0,174,34,0,34,208
06/20/2022,SBP,CA,AWP,WE,Federal Contract Tower,20,12,33,1,66,0,0,120,0,120,20,12,153,1,186,60,0,60,246
06/21/2022,SBP,CA,AWP,WE,Federal Contract Tower,21,16,9,2,48,0,1,98,2,101,21,17,107,4,149,160,0,160,309
06/22/2022,SBP,CA,AWP,WE,Federal Contract Tower,18,18,7,1,44,0,3,67,0,70,18,21,74,1,114,60,2,62,176
06/23/2022,SBP,CA,AWP,WE,Federal Contract Tower,19,17,13,5,54,0,1,82,4,87,19,18,95,9,141,86,2,88,229
06/24/2022,SBP,CA,AWP,WE,Federal Contract Tower,20,16,29,1,66,0,3,113,1,117,20,19,142,2,183,192,0,192,375
06/25/2022,SBP,CA,AWP,WE,Federal Contract Tower,21,13,18,0,52,0,0,120,2,122,21,13,138,2,174,86,0,86,260
06/26/2022,SBP,CA,AWP,WE,Federal Contract Tower,19,9,28,0,56,0,0,131,6,137,19,9,159,6,193,106,0,106,299
06/27/2022,SBP,CA,AWP,WE,Federal Contract Tower,19,11,11,2,43,0,0,80,2,82,19,11,91,4,125,86,0,86,211
06/28/2022,SBP,CA,AWP,WE,Federal Contract Tower,19,15,16,2,52,0,1,90,1,92,19,16,106,3,144,106,0,106,250
06/29/2022,SBP,CA,AWP,WE,Federal Contract Tower,19,20,11,1,51,0,4,100,1,105,19,24,111,2,156,200,0,200,356
06/30/2022,SBP,CA,AWP,WE,Federal Contract Tower,20,16,16,3,55,0,2,76,1,79,20,18,92,4,134,114,16,130,264
07/01/2022,SBP,CA,AWP,WE,Federal Contract Tower,18,17,17,2,54,0,0,96,0,96,18,17,113,2,150,198,0,198,348
07/02/2022,SBP,CA,AWP,WE,Federal Contract Tower,19,13,20,0,52,0,1,94,0,95,19,14,114,0,147,26,0,26,173
07/03/2022,SBP,CA,AWP,WE,Federal Contract Tower,19,6,13,0,38,0,3,93,0,96,19,9,106,0,134,114,0,114,248
07/04/2022,SBP,CA,AWP,WE,Federal Contract Tower,18,6,3,0,27,0,2,53,0,55,18,8,56,0,82,30,0,30,112
07/05/2022,SBP,CA,AWP,WE,Federal Contract Tower,19,14,19,1,53,0,0,97,2,99,19,14,116,3,152,50,0,50,202
07/06/2022,SBP,CA,AWP,WE,Federal Contract Tower,20,20,26,0,66,0,1,86,3,90,20,21,112,3,156,122,0,122,278
07/07/2022,SBP,CA,AWP,WE,Federal Contract Tower,19,19,18,5,61,0,0,89,6,95,19,19,107,11,156,106,0,106,262
07/08/2022,SBP,CA,AWP,WE,Federal Contract Tower,19,17,14,6,56,0,3,107,0,110,19,20,121,6,166,148,0,148,314
07/09/2022,SBP,CA,AWP,WE,Federal Contract Tower,18,12,6,0,36,0,0,125,0,125,18,12,131,0,161,138,0,138,299
07/10/2022,SBP,CA,AWP,WE,Federal Contract Tower,19,8,13,2,42,0,0,135,0,135,19,8,148,2,177,96,0,96,273
07/11/2022,SBP,CA,AWP,WE,Federal Contract Tower,19,9,19,2,49,0,0,72,1,73,19,9,91,3,122,72,0,72,194
07/12/2022,SBP,CA,AWP,WE,Federal Contract Tower,19,25,19,2,65,0,1,72,2,75,19,26,91,4,140,150,0,150,290
07/13/2022,SBP,CA,AWP,WE,Federal Contract Tower,19,25,18,1,63,0,1,84,1,86,19,26,102,2,149,144,0,144,293
07/14/2022,SBP,CA,AWP,WE,Federal Contract Tower,18,18,18,1,55,0,5,72,1,78,18,23,90,2,133,114,0,114,247
07/15/2022,SBP,CA,AWP,WE,Federal Contract Tower,20,17,10,1,48,0,0,100,3,103,20,17,110,4,151,94,2,96,247
07/16/2022,SBP,CA,AWP,WE,Federal Contract Tower,20,12,15,0,47,0,2,125,0,127,20,14,140,0,174,130,0,130,304
07/17/2022,SBP,CA,AWP,WE,Federal Contract Tower,19,11,14,0,44,0,0,97,0,97,19,11,111,0,141,40,0,40,181
07/18/2022,SBP,CA,AWP,WE,Federal Contract Tower,19,9,20,0,48,0,0,70,2,72,19,9,90,2,120,112,0,112,232
07/19/2022,SBP,CA,AWP,WE,Federal Contract Tower,19,16,15,2,52,0,2,98,1,101,19,18,113,3,153,116,0,116,269
07/20/2022,SBP,CA,AWP,WE,Federal Contract Tower,19,16,30,10,75,0,0,96,3,99,19,16,126,13,174,96,0,96,270
07/21/2022,SBP,CA,AWP,WE,Federal Contract Tower,19,21,31,4,75,0,2,104,8,114,19,23,135,12,189,122,0,122,311
07/22/2022,SBP,CA,AWP,WE,Federal Contract Tower,21,21,26,0,68,0,5,138,2,145,21,26,164,2,213,30,0,30,243
07/23/2022,SBP,CA,AWP,WE,Federal Contract Tower,19,13,13,2,47,0,0,118,0,118,19,13,131,2,165,24,0,24,189
07/24/2022,SBP,CA,AWP,WE,Federal Contract Tower,16,12,35,0,63,0,1,79,0,80,16,13,114,0,143,34,0,34,177
07/25/2022,SBP,CA,AWP,WE,Federal Contract Tower,20,16,17,2,55,0,2,79,1,82,20,18,96,3,137,0,108,108,245
07/26/2022,SBP,CA,AWP,WE,Federal Contract Tower,19,16,16,3,54,0,1,79,3,83,19,17,95,6,137,132,0,132,269
07/27/2022,SBP,CA,AWP,WE,Federal Contract Tower,19,19,11,3,52,0,1,87,3,91,19,20,98,6,143,88,0,88,231
07/28/2022,SBP,CA,AWP,WE,Federal Contract Tower,17,25,20,3,65,0,0,100,5,105,17,25,120,8,170,150,0,150,320
07/29/2022,SBP,CA,AWP,WE,Federal Contract Tower,18,21,28,4,71,0,0,89,1,90,18,21,117,5,161,98,0,98,259
07/30/2022,SBP,CA,AWP,WE,Federal Contract Tower,18,12,23,0,53,0,1,84,1,86,18,13,107,1,139,70,0,70,209
07/31/2022,SBP,CA,AWP,WE,Federal Contract Tower,18,10,17,0,45,0,0,81,0,81,18,10,98,0,126,60,0,60,186
08/01/2022,SBP,CA,AWP,WE,Federal Contract Tower,18,8,20,5,51,0,1,81,3,85,18,9,101,8,136,46,0,46,182
08/02/2022,SBP,CA,AWP,WE,Federal Contract Tower,16,17,13,2,48,0,0,70,3,73,16,17,83,5,121,152,0,152,273
08/03/2022,SBP,CA,AWP,WE,Federal Contract Tower,16,23,18,2,59,0,4,110,4,118,16,27,128,6,177,103,0,103,280
08/04/2022,SBP,CA,AWP,WE,Federal Contract Tower,19,17,15,1,52,0,4,129,2,135,19,21,144,3,187,150,2,152,339
08/05/2022,SBP,CA,AWP,WE,Federal Contract Tower,18,20,21,0,59,0,0,107,3,110,18,20,128,3,169,146,0,146,315
08/06/2022,SBP,CA,AWP,WE,Federal Contract Tower,17,11,19,1,48,0,1,114,0,115,17,12,133,1,163,32,0,32,195
08/07/2022,SBP,CA,AWP,WE,Federal Contract Tower,17,13,17,1,48,0,1,103,0,104,17,14,120,1,152,56,0,56,208
08/08/2022,SBP,CA,AWP,WE,Federal Contract Tower,17,12,17,1,47,0,2,88,3,93,17,14,105,4,140,154,10,164,304
08/09/2022,SBP,CA,AWP,WE,Federal Contract Tower,16,24,36,2,78,0,0,99,1,100,16,24,135,3,178,120,0,120,298
08/10/2022,SBP,CA,AWP,WE,Federal Contract Tower,16,21,21,0,58,0,4,95,0,99,16,25,116,0,157,154,0,154,311
08/11/2022,SBP,CA,AWP,WE,Federal Contract Tower,18,22,18,2,60,0,0,97,1,98,18,22,115,3,158,150,0,150,308
08/12/2022,SBP,CA,AWP,WE,Federal Contract Tower,18,18,20,1,57,0,4,122,12,138,18,22,142,13,195,20,0,20,215
08/13/2022,SBP,CA,AWP,WE,Federal Contract Tower,18,10,9,2,39,0,1,106,4,111,18,11,115,6,150,102,0,102,252
08/14/2022,SBP,CA,AWP,WE,Federal Contract Tower,18,7,19,5,49,0,0,122,4,126,18,7,141,9,175,44,0,44,219
08/15/2022,SBP,CA,AWP,WE,Federal Contract Tower,19,16,25,4,64,0,1,105,2,108,19,17,130,6,172,86,0,86,258
08/16/2022,SBP,CA,AWP,WE,Federal Contract Tower,9,23,12,2,46,0,0,100,0,100,9,23,112,2,146,62,2,64,210
08/17/2022,SBP,CA,AWP,WE,Federal Contract Tower,8,18,22,4,52,0,4,143,2,149,8,22,165,6,201,128,0,128,329
08/18/2022,SBP,CA,AWP,WE,Federal Contract Tower,14,28,24,4,70,0,0,122,5,127,14,28,146,9,197,114,0,114,311
08/19/2022,SBP,CA,AWP,WE,Federal Contract Tower,16,22,25,0,63,0,1,112,0,113,16,23,137,0,176,94,0,94,270
08/20/2022,SBP,CA,AWP,WE,Federal Contract Tower,14,16,23,0,53,0,0,110,0,110,14,16,133,0,163,68,0,68,231
08/21/2022,SBP,CA,AWP,WE,Federal Contract Tower,16,20,35,1,72,0,0,73,0,73,16,20,108,1,145,56,0,56,201
08/22/2022,SBP,CA,AWP,WE,Federal Contract Tower,16,12,13,0,41,0,4,73,2,79,16,16,86,2,120,54,0,54,174
08/23/2022,SBP,CA,AWP,WE,Federal Contract Tower,10,18,7,2,37,0,2,79,2,83,10,20,86,4,120,54,0,54,174
08/24/2022,SBP,CA,AWP,WE,Federal Contract Tower,12,21,23,3,59,0,0,109,2,111,12,21,132,5,170,126,0,126,296
08/25/2022,SBP,CA,AWP,WE,Federal Contract Tower,14,22,13,4,53,0,2,106,1,109,14,24,119,5,162,94,0,94,256
08/26/2022,SBP,CA,AWP,WE,Federal Contract Tower,16,22,26,2,66,0,1,106,6,113,16,23,132,8,179,30,0,30,209
08/27/2022,SBP,CA,AWP,WE,Federal Contract Tower,14,12,20,0,46,0,0,153,0,153,14,12,173,0,199,52,0,52,251
08/28/2022,SBP,CA,AWP,WE,Federal Contract Tower,16,14,45,0,75,0,1,111,0,112,16,15,156,0,187,54,0,54,241
08/29/2022,SBP,CA,AWP,WE,Federal Contract Tower,17,13,19,0,49,0,2,81,0,83,17,15,100,0,132,48,0,48,180
08/30/2022,SBP,CA,AWP,WE,Federal Contract Tower,10,22,4,2,38,0,6,107,0,113,10,28,111,2,151,62,0,62,213
08/31/2022,SBP,CA,AWP,WE,Federal Contract Tower,10,16,13,2,41,0,3,116,0,119,10,19,129,2,160,104,10,114,274
09/01/2022,SBP,CA,AWP,WE,Federal Contract Tower,14,18,12,3,47,2,5,104,8,119,16,23,116,11,166,82,4,86,252
09/02/2022,SBP,CA,AWP,WE,Federal Contract Tower,16,17,22,2,57,0,10,116,0,126,16,27,138,2,183,36,0,36,219
09/03/2022,SBP,CA,AWP,WE,Federal Contract Tower,14,9,16,0,39,0,0,107,0,107,14,9,123,0,146,46,0,46,192
09/04/2022,SBP,CA,AWP,WE,Federal Contract Tower,15,6,11,0,32,0,0,78,2,80,15,6,89,2,112,16,0,16,128
09/05/2022,SBP,CA,AWP,WE,Federal Contract Tower,16,15,15,0,46,0,5,92,0,97,16,20,107,0,143,16,0,16,159
09/06/2022,SBP,CA,AWP,WE,Federal Contract Tower,10,22,16,3,51,0,3,92,1,96,10,25,108,4,147,40,2,42,189
09/07/2022,SBP,CA,AWP,WE,Federal Contract Tower,16,19,11,0,46,0,6,87,1,94,16,25,98,1,140,68,2,70,210
09/08/2022,SBP,CA,AWP,WE,Federal Contract Tower,14,21,16,6,57,0,4,73,2,79,14,25,89,8,136,18,0,18,154
09/09/2022,SBP,CA,AWP,WE,Federal Contract Tower,19,24,15,0,58,0,1,116,0,117,19,25,131,0,175,46,0,46,221
09/10/2022,SBP,CA,AWP,WE,Federal Contract Tower,16,16,15,0,47,0,9,49,0,58,16,25,64,0,105,98,0,98,203
09/11/2022,SBP,CA,AWP,WE,Federal Contract Tower,17,16,27,2,62,0,3,66,0,69,17,19,93,2,131,24,0,24,155
09/12/2022,SBP,CA,AWP,WE,Federal Contract Tower,18,17,23,1,59,0,1,90,0,91,18,18,113,1,150,44,0,44,194
09/13/2022,SBP,CA,AWP,WE,Federal Contract Tower,16,20,30,3,69,0,5,78,0,83,16,25,108,3,152,6,0,6,158
09/14/2022,SBP,CA,AWP,WE,Federal Contract Tower,15,21,14,0,50,0,1,80,0,81,15,22,94,0,131,84,0,84,215
09/15/2022,SBP,CA,AWP,WE,Federal Contract Tower,16,21,17,0,54,0,1,100,2,103,16,22,117,2,157,88,0,88,245
09/16/2022,SBP,CA,AWP,WE,Federal Contract Tower,20,20,18,2,60,0,4,126,4,134,20,24,144,6,194,2,0,2,196
09/17/2022,SBP,CA,AWP,WE,Federal Contract Tower,17,12,26,2,57,0,4,62,2,68,17,16,88,4,125,28,0,28,153
09/18/2022,SBP,CA,AWP,WE,Federal Contract Tower,16,13,19,0,48,0,0,39,0,39,16,13,58,0,87,12,0,12,99
09/19/2022,SBP,CA,AWP,WE,Federal Contract Tower,19,18,22,2,61,0,0,0,0,0,19,18,22,2,61,0,0,0,61
09/20/2022,SBP,CA,AWP,WE,Federal Contract Tower,17,23,20,0,60,0,0,71,1,72,17,23,91,1,132,10,0,10,142
09/21/2022,SBP,CA,AWP,WE,Federal Contract Tower,16,16,16,0,48,0,4,103,6,113,16,20,119,6,161,28,0,28,189
09/22/2022,SBP,CA,AWP,WE,Federal Contract Tower,17,19,21,0,57,0,3,77,1,81,17,22,98,1,138,34,0,34,172
09/23/2022,SBP,CA,AWP,WE,Federal Contract Tower,20,16,16,5,57,0,2,140,0,142,20,18,156,5,199,82,0,82,281
09/24/2022,SBP,CA,AWP,WE,Federal Contract Tower,17,18,14,0,49,0,0,128,0,128,17,18,142,0,177,26,0,26,203
09/25/2022,SBP,CA,AWP,WE,Federal Contract Tower,13,16,21,4,54,0,2,125,1,128,13,18,146,5,182,66,0,66,248
09/26/2022,SBP,CA,AWP,WE,Federal Contract Tower,20,19,20,2,61,0,0,72,0,72,20,19,92,2,133,66,0,66,199
09/27/2022,SBP,CA,AWP,WE,Federal Contract Tower,18,19,20,6,63,0,1,86,0,87,18,20,106,6,150,64,0,64,214
09/28/2022,SBP,CA,AWP,WE,Federal Contract Tower,16,18,20,1,55,0,4,117,0,121,16,22,137,1,176,158,0,158,334
09/29/2022,SBP,CA,AWP,WE,Federal Contract Tower,17,21,18,2,58,0,4,102,2,108,17,25,120,4,166,198,2,200,366
09/30/2022,SBP,CA,AWP,WE,Federal Contract Tower,18,29,31,2,80,0,0,92,4,96,18,29,123,6,176,70,0,70,246
10/01/2022,SBP,CA,AWP,WE,Federal Contract Tower,15,28,43,0,86,0,0,14,8,22,15,28,57,8,108,78,0,78,186
10/02/2022,SBP,CA,AWP,WE,Federal Contract Tower,16,23,27,0,66,0,0,84,2,86,16,23,111,2,152,54,0,54,206
10/03/2022,SBP,CA,AWP,WE,Federal Contract Tower,18,16,18,0,52,0,0,86,0,86,18,16,104,0,138,144,0,144,282
10/05/2022,SBP,CA,AWP,WE,Federal Contract Tower,15,21,14,0,50,0,2,90,2,94,15,23,104,2,144,132,0,132,276
10/06/2022,SBP,CA,AWP,WE,Federal Contract Tower,16,21,25,2,64,0,0,110,3,113,16,21,135,5,177,74,0,74,251
10/07/2022,SBP,CA,AWP,WE,Federal Contract Tower,18,23,21,0,62,0,2,134,0,136,18,25,155,0,198,148,0,148,346
10/08/2022,SBP,CA,AWP,WE,Federal Contract Tower,12,13,30,1,56,0,1,100,0,101,12,14,130,1,157,86,0,86,243
10/09/2022,SBP,CA,AWP,WE,Federal Contract Tower,14,13,37,7,71,0,3,98,0,101,14,16,135,7,172,56,0,56,228
10/10/2022,SBP,CA,AWP,WE,Federal Contract Tower,15,16,29,5,65,0,1,86,0,87,15,17,115,5,152,200,0,200,352
10/11/2022,SBP,CA,AWP,WE,Federal Contract Tower,12,19,28,9,68,0,0,41,7,48,12,19,69,16,116,16,0,16,132
10/12/2022,SBP,CA,AWP,WE,Federal Contract Tower,11,22,27,3,63,0,0,74,0,74,11,22,101,3,137,110,0,110,247
10/13/2022,SBP,CA,AWP,WE,Federal Contract Tower,18,22,18,3,61,0,2,95,0,97,18,24,113,3,158,126,0,126,284
10/14/2022,SBP,CA,AWP,WE,Federal Contract Tower,18,23,39,2,82,0,0,58,0,58,18,23,97,2,140,42,0,42,182
10/15/2022,SBP,CA,AWP,WE,Federal Contract Tower,11,20,33,2,66,0,0,27,0,27,11,20,60,2,93,144,0,144,237
10/16/2022,SBP,CA,AWP,WE,Federal Contract Tower,15,11,33,0,59,0,2,66,0,68,15,13,99,0,127,54,0,54,181
10/17/2022,SBP,CA,AWP,WE,Federal Contract Tower,15,12,17,2,46,0,2,102,0,104,15,14,119,2,150,120,0,120,270
10/18/2022,SBP,CA,AWP,WE,Federal Contract Tower,11,23,19,2,55,0,6,91,0,97,11,29,110,2,152,70,0,70,222
10/19/2022,SBP,CA,AWP,WE,Federal Contract Tower,11,20,13,3,47,0,1,92,12,105,11,21,105,15,152,50,0,50,202
10/20/2022,SBP,CA,AWP,WE,Federal Contract Tower,15,22,25,1,63,0,2,118,2,122,15,24,143,3,185,80,0,80,265
10/21/2022,SBP,CA,AWP,WE,Federal Contract Tower,17,17,30,0,64,0,0,97,0,97,17,17,127,0,161,50,0,50,211
10/22/2022,SBP,CA,AWP,WE,Federal Contract Tower,11,15,52,0,78,0,0,44,0,44,11,15,96,0,122,198,0,198,320
10/23/2022,SBP,CA,AWP,WE,Federal Contract Tower,15,11,32,0,58,0,0,107,0,107,15,11,139,0,165,10,0,10,175
10/24/2022,SBP,CA,AWP,WE,Federal Contract Tower,15,13,21,0,49,0,0,91,2,93,15,13,112,2,142,58,0,58,200
10/25/2022,SBP,CA,AWP,WE,Federal Contract Tower,11,20,24,0,55,0,5,104,0,109,11,25,128,0,164,100,0,100,264
10/26/2022,SBP,CA,AWP,WE,Federal Contract Tower,11,17,21,3,52,0,6,93,9,108,11,23,114,12,160,90,0,90,250
10/27/2022,SBP,CA,AWP,WE,Federal Contract Tower,15,18,14,0,47,0,2,123,0,125,15,20,137,0,172,174,0,174,346
10/28/2022,SBP,CA,AWP,WE,Federal Contract Tower,15,26,18,1,60,0,0,107,1,108,15,26,125,2,168,182,0,182,350
10/29/2022,SBP,CA,AWP,WE,Federal Contract Tower,10,11,12,1,34,0,2,93,2,97,10,13,105,3,131,70,0,70,201
10/30/2022,SBP,CA,AWP,WE,Federal Contract Tower,18,2,26,1,47,0,1,109,3,113,18,3,135,4,160,96,0,96,256
10/31/2022,SBP,CA,AWP,WE,Federal Contract Tower,17,5,17,0,39,0,1,81,0,82,17,6,98,0,121,136,0,136,257
11/01/2022,SBP,CA,AWP,WE,Federal Contract Tower,43,15,25,3,86,0,2,38,0,40,43,17,63,3,126,158,0,158,284
11/02/2022,SBP,CA,AWP,WE,Federal Contract Tower,13,15,13,2,43,0,2,86,5,93,13,17,99,7,136,254,0,254,390
11/03/2022,SBP,CA,AWP,WE,Federal Contract Tower,15,18,19,7,59,1,9,110,0,120,16,27,129,7,179,102,0,102,281
11/04/2022,SBP,CA,AWP,WE,Federal Contract Tower,17,20,26,1,64,0,6,163,0,169,17,26,189,1,233,46,0,46,279
11/05/2022,SBP,CA,AWP,WE,Federal Contract Tower,13,13,28,2,56,0,0,126,0,126,13,13,154,2,182,14,0,14,196
11/06/2022,SBP,CA,AWP,WE,Federal Contract Tower,15,11,27,1,54,0,0,54,0,54,15,11,81,1,108,0,0,0,108
11/07/2022,SBP,CA,AWP,WE,Federal Contract Tower,17,10,23,3,53,0,0,8,0,8,17,10,31,3,61,0,0,0,61
11/08/2022,SBP,CA,AWP,WE,Federal Contract Tower,13,13,12,3,41,0,0,3,0,3,13,13,15,3,44,20,0,20,64
11/09/2022,SBP,CA,AWP,WE,Federal Contract Tower,12,18,12,4,46,0,3,103,2,108,12,21,115,6,154,180,0,180,334
11/10/2022,SBP,CA,AWP,WE,Federal Contract Tower,20,18,14,1,53,0,2,110,2,114,20,20,124,3,167,44,0,44,211
11/11/2022,SBP,CA,AWP,WE,Federal Contract Tower,16,11,21,1,49,0,4,140,0,144,16,15,161,1,193,92,0,92,285
11/12/2022,SBP,CA,AWP,WE,Federal Contract Tower,11,5,13,0,29,0,0,54,0,54,11,5,67,0,83,94,0,94,177
11/13/2022,SBP,CA,AWP,WE,Federal Contract Tower,19,8,16,0,43,0,2,98,0,100,19,10,114,0,143,34,0,34,177
11/14/2022,SBP,CA,AWP,WE,Federal Contract Tower,20,8,12,0,40,0,0,90,0,90,20,8,102,0,130,98,0,98,228
11/15/2022,SBP,CA,AWP,WE,Federal Contract Tower,9,7,14,0,30,0,3,37,0,40,9,10,51,0,70,0,0,0,70
11/16/2022,SBP,CA,AWP,WE,Federal Contract Tower,14,14,9,2,39,0,3,86,4,93,14,17,95,6,132,28,0,28,160
11/17/2022,SBP,CA,AWP,WE,Federal Contract Tower,17,13,16,2,48,0,2,134,0,136,17,15,150,2,184,12,0,12,196
11/18/2022,SBP,CA,AWP,WE,Federal Contract Tower,10,8,16,1,35,0,2,70,0,72,10,10,86,1,107,0,0,0,107
11/19/2022,SBP,CA,AWP,WE,Federal Contract Tower,17,9,18,0,44,0,0,106,0,106,17,9,124,0,150,2,0,2,152
11/20/2022,SBP,CA,AWP,WE,Federal Contract Tower,18,6,20,0,44,0,2,107,0,109,18,8,127,0,153,42,0,42,195
11/21/2022,SBP,CA,AWP,WE,Federal Contract Tower,16,8,25,1,50,0,6,83,0,89,16,14,108,1,139,30,0,30,169
11/22/2022,SBP,CA,AWP,WE,Federal Contract Tower,18,16,20,3,57,0,5,113,0,118,18,21,133,3,175,0,0,0,175
11/23/2022,SBP,CA,AWP,WE,Federal Contract Tower,17,12,16,0,45,0,0,124,0,124,17,12,140,0,169,4,0,4,173
11/24/2022,SBP,CA,AWP,WE,Federal Contract Tower,15,3,4,0,22,0,2,40,0,42,15,5,44,0,64,0,0,0,64
11/25/2022,SBP,CA,AWP,WE,Federal Contract Tower,17,10,13,0,40,0,0,120,0,120,17,10,133,0,160,4,0,4,164
11/26/2022,SBP,CA,AWP,WE,Federal Contract Tower,19,12,15,0,46,0,1,134,0,135,19,13,149,0,181,18,0,18,199
11/27/2022,SBP,CA,AWP,WE,Federal Contract Tower,17,8,29,0,54,0,0,101,0,101,17,8,130,0,155,54,0,54,209
11/28/2022,SBP,CA,AWP,WE,Federal Contract Tower,18,5,17,0,40,0,0,42,0,42,18,5,59,0,82,22,0,22,104
11/29/2022,SBP,CA,AWP,WE,Federal Contract Tower,15,21,5,0,41,0,0,86,0,86,15,21,91,0,127,182,0,182,309
11/30/2022,SBP,CA,AWP,WE,Federal Contract Tower,13,19,23,0,55,0,1,58,4,63,13,20,81,4,118,92,0,92,210
12/01/2022,SBP,CA,AWP,WE,Federal Contract Tower,18,20,22,1,61,0,1,3,0,4,18,21,25,1,65,0,0,0,65
12/02/2022,SBP,CA,AWP,WE,Federal Contract Tower,15,16,37,1,69,0,0,16,0,16,15,16,53,1,85,46,0,46,131
12/03/2022,SBP,CA,AWP,WE,Federal Contract Tower,11,7,18,0,36,0,0,0,0,0,11,7,18,0,36,0,0,0,36
12/04/2022,SBP,CA,AWP,WE,Federal Contract Tower,15,9,23,2,49,0,2,89,0,91,15,11,112,2,140,56,0,56,196
12/05/2022,SBP,CA,AWP,WE,Federal Contract Tower,17,9,22,5,53,0,0,59,0,59,17,9,81,5,112,8,0,8,120
12/06/2022,SBP,CA,AWP,WE,Federal Contract Tower,12,17,13,4,46,0,0,32,0,32,12,17,45,4,78,66,0,66,144
12/07/2022,SBP,CA,AWP,WE,Federal Contract Tower,13,16,13,3,45,0,3,113,0,116,13,19,126,3,161,76,0,76,237
12/08/2022,SBP,CA,AWP,WE,Federal Contract Tower,14,20,21,1,56,0,0,102,0,102,14,20,123,1,158,93,14,107,265
12/09/2022,SBP,CA,AWP,WE,Federal Contract Tower,15,23,17,1,56,0,0,68,0,68,15,23,85,1,124,36,0,36,160
12/10/2022,SBP,CA,AWP,WE,Federal Contract Tower,12,11,14,2,39,0,0,0,0,0,12,11,14,2,39,0,0,0,39
12/11/2022,SBP,CA,AWP,WE,Federal Contract Tower,17,7,14,3,41,0,0,18,0,18,17,7,32,3,59,8,0,8,67
12/12/2022,SBP,CA,AWP,WE,Federal Contract Tower,15,16,11,1,43,0,0,30,0,30,15,16,41,1,73,50,0,50,123
12/13/2022,SBP,CA,AWP,WE,Federal Contract Tower,11,23,27,3,64,0,1,115,5,121,11,24,142,8,185,80,0,80,265
12/14/2022,SBP,CA,AWP,WE,Federal Contract Tower,13,19,10,0,42,0,1,87,4,92,13,20,97,4,134,154,0,154,288
12/15/2022,SBP,CA,AWP,WE,Federal Contract Tower,18,22,22,3,65,0,2,96,0,98,18,24,118,3,163,126,10,136,299
12/16/2022,SBP,CA,AWP,WE,Federal Contract Tower,19,11,19,0,49,0,1,117,0,118,19,12,136,0,167,32,0,32,199
12/17/2022,SBP,CA,AWP,WE,Federal Contract Tower,18,8,17,0,43,0,0,99,0,99,18,8,116,0,142,156,0,156,298
12/18/2022,SBP,CA,AWP,WE,Federal Contract Tower,15,6,28,0,49,0,0,120,7,127,15,6,148,7,176,76,0,76,252
12/19/2022,SBP,CA,AWP,WE,Federal Contract Tower,21,10,21,0,52,0,1,116,0,117,21,11,137,0,169,36,0,36,205
12/20/2022,SBP,CA,AWP,WE,Federal Contract Tower,18,15,27,1,61,0,1,102,0,103,18,16,129,1,164,85,0,85,249
12/21/2022,SBP,CA,AWP,WE,Federal Contract Tower,20,15,15,0,50,0,4,96,0,100,20,19,111,0,150,76,0,76,226
12/22/2022,SBP,CA,AWP,WE,Federal Contract Tower,21,11,16,0,48,0,0,99,0,99,21,11,115,0,147,88,0,88,235
12/23/2022,SBP,CA,AWP,WE,Federal Contract Tower,14,13,38,0,65,0,0,83,0,83,14,13,121,0,148,18,0,18,166
12/24/2022,SBP,CA,AWP,WE,Federal Contract Tower,19,9,18,0,46,0,0,70,0,70,19,9,88,0,116,8,0,8,124
12/25/2022,SBP,CA,AWP,WE,Federal Contract Tower,19,4,7,0,30,0,0,47,0,47,19,4,54,0,77,0,0,0,77
12/26/2022,SBP,CA,AWP,WE,Federal Contract Tower,19,11,16,0,46,0,0,101,0,101,19,11,117,0,147,18,0,18,165
12/27/2022,SBP,CA,AWP,WE,Federal Contract Tower,21,10,21,0,52,0,0,0,0,0,21,10,21,0,52,0,0,0,52
12/28/2022,SBP,CA,AWP,WE,Federal Contract Tower,20,17,9,2,48,0,1,105,0,106,20,18,114,2,154,82,0,82,236
12/29/2022,SBP,CA,AWP,WE,Federal Contract Tower,21,14,9,0,44,0,2,7,0,9,21,16,16,0,53,6,0,6,59
12/30/2022,SBP,CA,AWP,WE,Federal Contract Tower,21,11,24,0,56,0,0,0,0,0,21,11,24,0,56,0,0,0,56
12/31/2022,SBP,CA,AWP,WE,Federal Contract Tower,20,4,10,0,34,0,0,0,0,0,20,4,10,0,34,0,0,0,34
01/01/2023,SBP,CA,AWP,WE,Federal Contract Tower,18,10,9,0,37,0,0,33,0,33,18,10,42,0,70,36,0,36,106
01/02/2023,SBP,CA,AWP,WE,Federal Contract Tower,19,3,19,0,41,0,0,36,0,36,19,3,55,0,77,54,0,54,131
01/03/2023,SBP,CA,AWP,WE,Federal Contract Tower,19,8,15,2,44,0,0,44,0,44,19,8,59,2,88,168,0,168,256
01/04/2023,SBP,CA,AWP,WE,Federal Contract Tower,20,8,13,0,41,0,0,1,0,1,20,8,14,0,42,10,0,10,52
01/05/2023,SBP,CA,AWP,WE,Federal Contract Tower,19,5,8,1,33,0,0,0,0,0,19,5,8,1,33,66,0,66,99
01/06/2023,SBP,CA,AWP,WE,Federal Contract Tower,21,12,16,2,51,0,2,144,0,146,21,14,160,2,197,10,0,10,207
01/07/2023,SBP,CA,AWP,WE,Federal Contract Tower,21,3,15,4,43,0,0,86,1,87,21,3,101,5,130,104,0,104,234
01/08/2023,SBP,CA,AWP,WE,Federal Contract Tower,20,5,22,4,51,0,0,3,1,4,20,5,25,5,55,4,0,4,59
01/09/2023,SBP,CA,AWP,WE,Federal Contract Tower,17,2,12,4,35,0,0,0,1,1,17,2,12,5,36,0,0,0,36
01/10/2023,SBP,CA,AWP,WE,Federal Contract Tower,16,14,2,6,38,0,1,13,2,16,16,15,15,8,54,92,0,92,146
01/11/2023,SBP,CA,AWP,WE,Federal Contract Tower,16,11,17,6,50,0,1,32,0,33,16,12,49,6,83,160,0,160,243
01/12/2023,SBP,CA,AWP,WE,Federal Contract Tower,16,11,36,0,63,0,3,104,3,110,16,14,140,3,173,212,0,212,385
01/13/2023,SBP,CA,AWP,WE,Federal Contract Tower,19,14,15,0,48,0,2,9,0,11,19,16,24,0,59,8,0,8,67
01/14/2023,SBP,CA,AWP,WE,Federal Contract Tower,17,3,13,1,34,0,0,0,0,0,17,3,13,1,34,0,0,0,34
01/15/2023,SBP,CA,AWP,WE,Federal Contract Tower,18,0,4,0,22,0,0,11,3,14,18,0,15,3,36,60,0,60,96
01/16/2023,SBP,CA,AWP,WE,Federal Contract Tower,19,8,15,0,42,0,0,13,0,13,19,8,28,0,55,102,0,102,157
01/17/2023,SBP,CA,AWP,WE,Federal Contract Tower,16,14,23,7,60,0,0,119,0,119,16,14,142,7,179,90,0,90,269
01/18/2023,SBP,CA,AWP,WE,Federal Contract Tower,16,13,18,3,50,0,3,122,5,130,16,16,140,8,180,144,0,144,324
01/19/2023,SBP,CA,AWP,WE,Federal Contract Tower,17,17,24,0,58,0,3,55,1,59,17,20,79,1,117,80,2,82,199
01/20/2023,SBP,CA,AWP,WE,Federal Contract Tower,20,11,16,0,47,0,2,188,2,192,20,13,204,2,239,94,0,94,333
01/21/2023,SBP,CA,AWP,WE,Federal Contract Tower,17,2,17,0,36,0,3,131,0,134,17,5,148,0,170,139,0,139,309
01/22/2023,SBP,CA,AWP,WE,Federal Contract Tower,18,4,19,1,42,0,2,74,0,76,18,6,93,1,118,34,0,34,152
01/23/2023,SBP,CA,AWP,WE,Federal Contract Tower,19,5,14,1,39,0,0,81,0,81,19,5,95,1,120,118,32,150,270
01/24/2023,SBP,CA,AWP,WE,Federal Contract Tower,15,7,19,1,42,0,4,141,3,148,15,11,160,4,190,114,0,114,304
01/25/2023,SBP,CA,AWP,WE,Federal Contract Tower,16,7,10,0,33,0,6,108,0,114,16,13,118,0,147,106,0,106,253
01/26/2023,SBP,CA,AWP,WE,Federal Contract Tower,19,7,12,1,39,0,3,104,1,108,19,10,116,2,147,60,0,60,207
01/27/2023,SBP,CA,AWP,WE,Federal Contract Tower,20,7,28,2,57,0,2,121,0,123,20,9,149,2,180,136,0,136,316
01/28/2023,SBP,CA,AWP,WE,Federal Contract Tower,19,8,26,0,53,0,1,155,0,156,19,9,181,0,209,112,0,112,321
01/29/2023,SBP,CA,AWP,WE,Federal Contract Tower,13,2,21,0,36,0,0,3,0,3,13,2,24,0,39,0,0,0,39
01/30/2023,SBP,CA,AWP,WE,Federal Contract Tower,17,9,11,3,40,0,0,67,0,67,17,9,78,3,107,72,0,72,179
01/31/2023,SBP,CA,AWP,WE,Federal Contract Tower,13,9,17,7,46,0,7,109,4,120,13,16,126,11,166,52,6,58,224
02/01/2023,SBP,CA,AWP,WE,Federal Contract Tower,13,13,17,4,47,0,5,120,1,126,13,18,137,5,173,51,0,51,224
02/02/2023,SBP,CA,AWP,WE,Federal Contract Tower,18,15,28,0,61,0,6,121,0,127,18,21,149,0,188,86,0,86,274
02/03/2023,SBP,CA,AWP,WE,Federal Contract Tower,21,9,22,1,53,0,4,147,0,151,21,13,169,1,204,132,0,132,336
02/04/2023,SBP,CA,AWP,WE,Federal Contract Tower,17,18,11,1,47,0,0,147,0,147,17,18,158,1,194,72,0,72,266
02/05/2023,SBP,CA,AWP,WE,Federal Contract Tower,21,3,25,0,49,0,0,63,0,63,21,3,88,0,112,8,0,8,120
02/06/2023,SBP,CA,AWP,WE,Federal Contract Tower,20,7,15,1,43,0,0,83,0,83,20,7,98,1,126,50,2,52,178
02/07/2023,SBP,CA,AWP,WE,Federal Contract Tower,17,7,18,0,42,0,0,128,6,134,17,7,146,6,176,148,2,150,326
02/08/2023,SBP,CA,AWP,WE,Federal Contract Tower,16,12,27,2,57,0,3,138,2,143,16,15,165,4,200,26,0,26,226
02/09/2023,SBP,CA,AWP,WE,Federal Contract Tower,18,5,25,4,52,0,5,142,0,147,18,10,167,4,199,44,0,44,243
02/10/2023,SBP,CA,AWP,WE,Federal Contract Tower,21,4,36,1,62,0,4,135,0,139,21,8,171,1,201,12,0,12,213
02/11/2023,SBP,CA,AWP,WE,Federal Contract Tower,17,3,21,2,43,0,1,50,0,51,17,4,71,2,94,0,0,0,94
02/12/2023,SBP,CA,AWP,WE,Federal Contract Tower,19,2,24,1,46,0,0,116,0,116,19,2,140,1,162,0,0,0,162
02/13/2023,SBP,CA,AWP,WE,Federal Contract Tower,22,6,40,0,68,0,0,44,0,44,22,6,84,0,112,138,0,138,250
02/14/2023,SBP,CA,AWP,WE,Federal Contract Tower,15,11,14,2,42,0,3,50,2,55,15,14,64,4,97,40,8,48,145
02/15/2023,SBP,CA,AWP,WE,Federal Contract Tower,17,16,18,2,53,0,4,118,0,122,17,20,136,2,175,108,0,108,283
02/16/2023,SBP,CA,AWP,WE,Federal Contract Tower,21,9,23,2,55,0,4,133,0,137,21,13,156,2,192,60,0,60,252
02/17/2023,SBP,CA,AWP,WE,Federal Contract Tower,21,24,22,0,67,0,2,149,0,151,21,26,171,0,218,6,0,6,224
02/18/2023,SBP,CA,AWP,WE,Federal Contract Tower,19,6,32,0,57,0,1,179,4,184,19,7,211,4,241,114,0,114,355
02/19/2023,SBP,CA,AWP,WE,Federal Contract Tower,22,4,22,0,48,0,0,183,0,183,22,4,205,0,231,56,0,56,287
02/20/2023,SBP,CA,AWP,WE,Federal Contract Tower,24,11,18,0,53,0,1,136,0,137,24,12,154,0,190,50,0,50,240
02/21/2023,SBP,CA,AWP,WE,Federal Contract Tower,19,15,20,2,56,0,3,50,0,53,19,18,70,2,109,50,0,50,159
02/22/2023,SBP,CA,AWP,WE,Federal Contract Tower,20,14,10,0,44,0,2,23,4,29,20,16,33,4,73,10,0,10,83
02/23/2023,SBP,CA,AWP,WE,Federal Contract Tower,20,17,9,0,46,0,0,25,0,25,20,17,34,0,71,44,0,44,115
02/24/2023,SBP,CA,AWP,WE,Federal Contract Tower,23,7,4,0,34,0,0,0,0,0,23,7,4,0,34,0,0,0,34
02/25/2023,SBP,CA,AWP,WE,Federal Contract Tower,19,5,5,2,31,0,0,34,0,34,19,5,39,2,65,104,0,104,169
02/26/2023,SBP,CA,AWP,WE,Federal Contract Tower,19,1,13,2,35,0,1,89,0,90,19,2,102,2,125,90,0,90,215
02/27/2023,SBP,CA,AWP,WE,Federal Contract Tower,20,7,18,2,47,0,0,11,0,11,20,7,29,2,58,30,0,30,88
02/28/2023,SBP,CA,AWP,WE,Federal Contract Tower,18,13,14,2,47,0,3,9,2,14,18,16,23,4,61,0,0,0,61
03/01/2023,SBP,CA,AWP,WE,Federal Contract Tower,16,11,10,0,37,0,2,56,0,58,16,13,66,0,95,88,0,88,183
03/02/2023,SBP,CA,AWP,WE,Federal Contract Tower,19,11,20,1,51,0,1,167,0,168,19,12,187,1,219,36,0,36,255
03/03/2023,SBP,CA,AWP,WE,Federal Contract Tower,22,7,21,2,52,0,2,126,0,128,22,9,147,2,180,100,0,100,280
03/04/2023,SBP,CA,AWP,WE,Federal Contract Tower,20,2,29,0,51,0,0,41,0,41,20,2,70,0,92,158,0,158,250
03/05/2023,SBP,CA,AWP,WE,Federal Contract Tower,20,4,21,0,45,0,2,18,0,20,20,6,39,0,65,62,0,62,127
03/06/2023,SBP,CA,AWP,WE,Federal Contract Tower,22,6,9,0,37,0,1,92,0,93,22,7,101,0,130,158,0,158,288
03/07/2023,SBP,CA,AWP,WE,Federal Contract Tower,19,14,10,3,46,0,4,100,0,104,19,18,110,3,150,86,2,88,238
03/08/2023,SBP,CA,AWP,WE,Federal Contract Tower,21,16,18,0,55,0,2,138,6,146,21,18,156,6,201,106,0,106,307
03/09/2023,SBP,CA,AWP,WE,Federal Contract Tower,22,16,25,2,65,0,0,68,0,68,22,16,93,2,133,8,0,8,141
03/10/2023,SBP,CA,AWP,WE,Federal Contract Tower,21,7,9,0,37,0,0,0,0,0,21,7,9,0,37,0,0,0,37
03/11/2023,SBP,CA,AWP,WE,Federal Contract Tower,19,7,14,0,40,0,0,0,0,0,19,7,14,0,40,0,0,0,40
03/12/2023,SBP,CA,AWP,WE,Federal Contract Tower,21,6,36,0,63,0,0,28,0,28,21,6,64,0,91,16,0,16,107
03/13/2023,SBP,CA,AWP,WE,Federal Contract Tower,21,6,13,1,41,0,0,65,2,67,21,6,78,3,108,58,0,58,166
03/14/2023,SBP,CA,AWP,WE,Federal Contract Tower,21,10,6,0,37,0,0,0,0,0,21,10,6,0,37,0,0,0,37
03/15/2023,SBP,CA,AWP,WE,Federal Contract Tower,20,15,14,4,53,0,0,65,0,65,20,15,79,4,118,116,0,116,234
03/16/2023,SBP,CA,AWP,WE,Federal Contract Tower,23,19,43,0,85,0,3,129,3,135,23,22,172,3,220,56,0,56,276
03/17/2023,SBP,CA,AWP,WE,Federal Contract Tower,24,12,23,0,59,0,0,106,0,106,24,12,129,0,165,120,0,120,285
03/18/2023,SBP,CA,AWP,WE,Federal Contract Tower,22,5,19,0,46,0,1,131,0,132,22,6,150,0,178,92,0,92,270
03/22/2023,SBP,CA,AWP,WE,Federal Contract Tower,19,10,15,2,46,0,0,6,1,7,19,10,21,3,53,18,0,18,71
03/25/2023,SBP,CA,AWP,WE,Federal Contract Tower,21,7,21,0,49,0,0,116,1,117,21,7,137,1,166,40,0,40,206
03/26/2023,SBP,CA,AWP,WE,Federal Contract Tower,23,12,17,0,52,0,0,153,0,153,23,12,170,0,205,44,0,44,249
03/27/2023,SBP,CA,AWP,WE,Federal Contract Tower,21,11,22,0,54,0,2,144,3,149,21,13,166,3,203,142,0,142,345
03/28/2023,SBP,CA,AWP,WE,Federal Contract Tower,16,12,12,0,40,0,0,85,0,85,16,12,97,0,125,100,0,100,225
03/29/2023,SBP,CA,AWP,WE,Federal Contract Tower,20,13,10,2,45,0,2,21,0,23,20,15,31,2,68,30,0,30,98
03/30/2023,SBP,CA,AWP,WE,Federal Contract Tower,18,9,19,2,48,0,3,75,0,78,18,12,94,2,126,78,0,78,204
03/31/2023,SBP,CA,AWP,WE,Federal Contract Tower,21,13,24,2,60,0,1,183,0,184,21,14,207,2,244,96,0,96,340
04/01/2023,SBP,CA,AWP,WE,Federal Contract Tower,20,12,8,0,40,0,1,123,0,124,20,13,131,0,164,76,0,76,240
04/02/2023,SBP,CA,AWP,WE,Federal Contract Tower,22,4,23,0,49,2,119,2,0,123,24,123,25,0,172,52,0,52,224
04/03/2023,SBP,CA,AWP,WE,Federal Contract Tower,21,7,4,0,32,0,0,34,2,36,21,7,38,2,68,16,0,16,84
04/04/2023,SBP,CA,AWP,WE,Federal Contract Tower,20,16,12,2,50,0,1,90,4,95,20,17,102,6,145,92,0,92,237
04/05/2023,SBP,CA,AWP,WE,Federal Contract Tower,19,12,11,3,45,0,5,147,3,155,19,17,158,6,200,154,0,154,354
04/06/2023,SBP,CA,AWP,WE,Federal Contract Tower,21,12,23,3,59,0,5,133,1,139,21,17,156,4,198,60,0,60,258
04/07/2023,SBP,CA,AWP,WE,Federal Contract Tower,20,14,30,4,68,0,3,127,1,131,20,17,157,5,199,66,0,66,265
04/08/2023,SBP,CA,AWP,WE,Federal Contract Tower,20,14,24,0,58,0,1,94,0,95,20,15,118,0,153,12,0,12,165
04/09/2023,SBP,CA,AWP,WE,Federal Contract Tower,23,12,11,0,46,0,2,106,0,108,23,14,117,0,154,14,0,14,168
04/10/2023,SBP,CA,AWP,WE,Federal Contract Tower,22,11,10,0,43,0,4,92,0,96,22,15,102,0,139,130,0,130,269
04/11/2023,SBP,CA,AWP,WE,Federal Contract Tower,22,14,18,0,54,0,0,99,2,101,22,14,117,2,155,12,0,12,167
04/12/2023,SBP,CA,AWP,WE,Federal Contract Tower,20,14,8,0,42,1,4,82,1,88,21,18,90,1,130,62,0,62,192
04/13/2023,SBP,CA,AWP,WE,Federal Contract Tower,20,11,16,1,48,0,9,83,0,92,20,20,99,1,140,70,0,70,210
04/14/2023,SBP,CA,AWP,WE,Federal Contract Tower,21,18,15,3,57,0,1,142,4,147,21,19,157,7,204,148,0,148,352
04/15/2023,SBP,CA,AWP,WE,Federal Contract Tower,19,10,16,1,46,0,0,121,4,125,19,10,137,5,171,40,0,40,211
04/16/2023,SBP,CA,AWP,WE,Federal Contract Tower,19,11,24,0,54,0,8,85,1,94,19,19,109,1,148,24,0,24,172
04/17/2023,SBP,CA,AWP,WE,Federal Contract Tower,23,25,26,0,74,0,0,58,0,58,23,25,84,0,132,26,0,26,158
04/18/2023,SBP,CA,AWP,WE,Federal Contract Tower,17,16,10,5,48,0,2,77,0,79,17,18,87,5,127,6,0,6,133
04/19/2023,SBP,CA,AWP,WE,Federal Contract Tower,18,14,18,3,53,0,2,83,0,85,18,16,101,3,138,50,0,50,188
04/20/2023,SBP,CA,AWP,WE,Federal Contract Tower,24,15,22,3,64,0,3,98,0,101,24,18,120,3,165,8,8,16,181
04/21/2023,SBP,CA,AWP,WE,Federal Contract Tower,17,14,9,1,41,0,5,118,1,124,17,19,127,2,165,32,0,32,197
04/22/2023,SBP,CA,AWP,WE,Federal Contract Tower,20,17,11,2,50,0,0,100,4,104,20,17,111,6,154,90,0,90,244
04/23/2023,SBP,CA,AWP,WE,Federal Contract Tower,22,9,16,0,47,0,3,130,0,133,22,12,146,0,180,146,0,146,326
04/24/2023,SBP,CA,AWP,WE,Federal Contract Tower,22,10,18,2,52,0,1,67,0,68,22,11,85,2,120,70,0,70,190
04/25/2023,SBP,CA,AWP,WE,Federal Contract Tower,17,18,7,7,49,0,3,94,2,99,17,21,101,9,148,124,0,124,272
04/26/2023,SBP,CA,AWP,WE,Federal Contract Tower,19,18,4,3,44,0,1,75,1,77,19,19,79,4,121,82,0,82,203
04/27/2023,SBP,CA,AWP,WE,Federal Contract Tower,21,17,18,3,59,0,3,67,2,72,21,20,85,5,131,110,0,110,241
04/28/2023,SBP,CA,AWP,WE,Federal Contract Tower,22,16,12,0,50,1,2,90,0,93,23,18,102,0,143,132,0,132,275
04/29/2023,SBP,CA,AWP,WE,Federal Contract Tower,25,13,16,2,56,0,3,100,6,109,25,16,116,8,165,94,0,94,259
04/30/2023,SBP,CA,AWP,WE,Federal Contract Tower,19,13,33,0,65,0,0,161,0,161,19,13,194,0,226,24,0,24,250
05/01/2023,SBP,CA,AWP,WE,Federal Contract Tower,20,21,19,0,60,0,0,35,0,35,20,21,54,0,95,28,0,28,123
05/02/2023,SBP,CA,AWP,WE,Federal Contract Tower,19,10,18,1,48,0,2,16,0,18,19,12,34,1,66,16,0,16,82
05/03/2023,SBP,CA,AWP,WE,Federal Contract Tower,17,15,16,2,50,0,4,17,2,23,17,19,33,4,73,0,0,0,73
05/04/2023,SBP,CA,AWP,WE,Federal Contract Tower,18,16,26,1,61,0,2,46,0,48,18,18,72,1,109,122,0,122,231
05/05/2023,SBP,CA,AWP,WE,Federal Contract Tower,19,23,17,0,59,0,3,59,0,62,19,26,76,0,121,138,0,138,259
05/06/2023,SBP,CA,AWP,WE,Federal Contract Tower,18,24,13,0,55,0,0,97,2,99,18,24,110,2,154,12,0,12,166
05/07/2023,SBP,CA,AWP,WE,Federal Contract Tower,19,14,24,0,57,0,3,121,0,124,19,17,145,0,181,46,0,46,227
05/08/2023,SBP,CA,AWP,WE,Federal Contract Tower,22,16,14,0,52,0,3,99,2,104,22,19,113,2,156,10,0,10,166
05/09/2023,SBP,CA,AWP,WE,Federal Contract Tower,15,16,18,7,56,0,1,75,2,78,15,17,93,9,134,32,0,32,166
05/10/2023,SBP,CA,AWP,WE,Federal Contract Tower,18,22,21,8,69,0,4,81,1,86,18,26,102,9,155,76,0,76,231
05/11/2023,SBP,CA,AWP,WE,Federal Contract Tower,19,23,20,3,65,0,3,113,1,117,19,26,133,4,182,160,0,160,342
05/12/2023,SBP,CA,AWP,WE,Federal Contract Tower,23,14,10,0,47,0,4,117,0,121,23,18,127,0,168,92,0,92,260
05/13/2023,SBP,CA,AWP,WE,Federal Contract Tower,20,12,22,2,56,0,1,147,0,148,20,13,169,2,204,24,0,24,228
05/14/2023,SBP,CA,AWP,WE,Federal Contract Tower,20,11,18,0,49,0,0,110,0,110,20,11,128,0,159,78,2,80,239
05/15/2023,SBP,CA,AWP,WE,Federal Contract Tower,24,4,34,2,64,0,9,44,0,53,24,13,78,2,117,58,0,58,175
05/16/2023,SBP,CA,AWP,WE,Federal Contract Tower,13,20,15,1,49,0,2,63,0,65,13,22,78,1,114,52,0,52,166
05/17/2023,SBP,CA,AWP,WE,Federal Contract Tower,19,19,13,1,52,0,0,86,1,87,19,19,99,2,139,38,0,38,177
05/18/2023,SBP,CA,AWP,WE,Federal Contract Tower,21,13,13,6,53,0,2,78,1,81,21,15,91,7,134,68,0,68,202
05/19/2023,SBP,CA,AWP,WE,Federal Contract Tower,22,15,42,2,81,0,0,63,0,63,22,15,105,2,144,68,0,68,212
05/20/2023,SBP,CA,AWP,WE,Federal Contract Tower,12,18,24,1,55,0,1,72,0,73,12,19,96,1,128,12,0,12,140
05/21/2023,SBP,CA,AWP,WE,Federal Contract Tower,20,13,30,4,67,0,1,106,1,108,20,14,136,5,175,142,0,142,317
05/22/2023,SBP,CA,AWP,WE,Federal Contract Tower,23,7,22,2,54,0,5,54,0,59,23,12,76,2,113,28,0,28,141
05/23/2023,SBP,CA,AWP,WE,Federal Contract Tower,12,21,27,6,66,0,0,22,3,25,12,21,49,9,91,56,0,56,147
05/24/2023,SBP,CA,AWP,WE,Federal Contract Tower,15,16,34,5,70,0,2,38,0,40,15,18,72,5,110,138,0,138,248
05/25/2023,SBP,CA,AWP,WE,Federal Contract Tower,19,20,18,0,57,0,2,100,0,102,19,22,118,0,159,78,0,78,237
05/26/2023,SBP,CA,AWP,WE,Federal Contract Tower,21,12,30,4,67,0,3,79,0,82,21,15,109,4,149,114,0,114,263
05/27/2023,SBP,CA,AWP,WE,Federal Contract Tower,17,13,21,4,55,0,0,62,0,62,17,13,83,4,117,26,0,26,143
05/28/2023,SBP,CA,AWP,WE,Federal Contract Tower,19,14,31,0,64,0,0,5,0,5,19,14,36,0,69,0,0,0,69
05/29/2023,SBP,CA,AWP,WE,Federal Contract Tower,23,13,47,2,85,0,1,43,0,44,23,14,90,2,129,16,0,16,145
05/30/2023,SBP,CA,AWP,WE,Federal Contract Tower,12,11,23,3,49,0,0,53,4,57,12,11,76,7,106,116,6,122,228
05/31/2023,SBP,CA,AWP,WE,Federal Contract Tower,14,16,17,0,47,0,4,84,1,89,14,20,101,1,136,134,0,134,270
06/01/2023,SBP,CA,AWP,WE,Federal Contract Tower,16,21,31,6,74,0,2,56,0,58,16,23,87,6,132,108,0,108,240
06/02/2023,SBP,CA,AWP,WE,Federal Contract Tower,24,18,20,3,65,0,0,82,0,82,24,18,102,3,147,30,0,30,177
06/03/2023,SBP,CA,AWP,WE,Federal Contract Tower,17,17,16,0,50,0,0,117,2,119,17,17,133,2,169,52,0,52,221
06/04/2023,SBP,CA,AWP,WE,Federal Contract Tower,23,6,25,2,56,0,0,64,0,64,23,6,89,2,120,0,0,0,120
06/05/2023,SBP,CA,AWP,WE,Federal Contract Tower,2,17,37,2,58,0,0,4,0,4,2,17,41,2,62,72,0,72,134
06/06/2023,SBP,CA,AWP,WE,Federal Contract Tower,0,14,26,3,43,0,0,5,2,7,0,14,31,5,50,50,6,56,106
06/07/2023,SBP,CA,AWP,WE,Federal Contract Tower,0,16,33,5,54,0,0,39,0,39,0,16,72,5,93,156,0,156,249
06/08/2023,SBP,CA,AWP,WE,Federal Contract Tower,9,15,17,3,44,0,5,88,0,93,9,20,105,3,137,178,0,178,315
06/09/2023,SBP,CA,AWP,WE,Federal Contract Tower,18,20,43,1,82,0,1,20,0,21,18,21,63,1,103,98,0,98,201
06/10/2023,SBP,CA,AWP,WE,Federal Contract Tower,15,18,34,0,67,0,0,38,0,38,15,18,72,0,105,162,0,162,267
06/11/2023,SBP,CA,AWP,WE,Federal Contract Tower,19,10,38,0,67,0,1,74,3,78,19,11,112,3,145,80,2,82,227
06/13/2023,SBP,CA,AWP,WE,Federal Contract Tower,12,22,14,1,49,0,0,62,1,63,12,22,76,2,112,94,0,94,206
06/14/2023,SBP,CA,AWP,WE,Federal Contract Tower,11,23,30,2,66,0,3,71,2,76,11,26,101,4,142,96,0,96,238
06/15/2023,SBP,CA,AWP,WE,Federal Contract Tower,21,24,40,0,85,0,2,24,0,26,21,26,64,0,111,114,0,114,225
06/16/2023,SBP,CA,AWP,WE,Federal Contract Tower,21,16,48,2,87,0,16,55,5,76,21,32,103,7,163,94,6,100,263
06/17/2023,SBP,CA,AWP,WE,Federal Contract Tower,18,12,34,0,64,0,1,149,0,150,18,13,183,0,214,85,0,85,299
06/18/2023,SBP,CA,AWP,WE,Federal Contract Tower,21,14,34,5,74,0,0,74,1,75,21,14,108,6,149,68,0,68,217
06/19/2023,SBP,CA,AWP,WE,Federal Contract Tower,21,8,25,0,54,0,1,83,0,84,21,9,108,0,138,56,0,56,194
06/20/2023,SBP,CA,AWP,WE,Federal Contract Tower,18,18,9,3,48,0,9,90,4,103,18,27,99,7,151,112,0,112,263
06/21/2023,SBP,CA,AWP,WE,Federal Contract Tower,19,12,14,3,48,0,18,113,1,132,19,30,127,4,180,108,0,108,288
06/22/2023,SBP,CA,AWP,WE,Federal Contract Tower,24,8,29,4,65,0,4,72,0,76,24,12,101,4,141,112,0,112,253
06/23/2023,SBP,CA,AWP,WE,Federal Contract Tower,21,22,27,8,78,0,3,102,5,110,21,25,129,13,188,76,0,76,264
06/24/2023,SBP,CA,AWP,WE,Federal Contract Tower,16,15,21,0,52,0,0,103,0,103,16,15,124,0,155,24,0,24,179
06/25/2023,SBP,CA,AWP,WE,Federal Contract Tower,21,7,27,2,57,0,2,91,0,93,21,9,118,2,150,72,0,72,222
06/26/2023,SBP,CA,AWP,WE,Federal Contract Tower,18,11,17,2,48,0,1,68,0,69,18,12,85,2,117,88,0,88,205
06/27/2023,SBP,CA,AWP,WE,Federal Contract Tower,15,20,16,7,58,0,2,91,0,93,15,22,107,7,151,88,0,88,239
06/28/2023,SBP,CA,AWP,WE,Federal Contract Tower,17,19,27,5,68,0,2,70,2,74,17,21,97,7,142,88,10,98,240
06/29/2023,SBP,CA,AWP,WE,Federal Contract Tower,21,23,20,5,69,0,3,114,0,117,21,26,134,5,186,138,0,138,324
06/30/2023,SBP,CA,AWP,WE,Federal Contract Tower,23,15,21,1,60,0,3,104,2,109,23,18,125,3,169,80,0,80,249
07/01/2023,SBP,CA,AWP,WE,Federal Contract Tower,18,11,24,0,53,0,2,144,0,146,18,13,168,0,199,16,0,16,215
07/02/2023,SBP,CA,AWP,WE,Federal Contract Tower,20,7,17,0,44,0,0,93,0,93,20,7,110,0,137,64,0,64,201
07/03/2023,SBP,CA,AWP,WE,Federal Contract Tower,18,9,23,1,51,0,2,113,1,116,18,11,136,2,167,100,0,100,267
07/04/2023,SBP,CA,AWP,WE,Federal Contract Tower,12,3,12,0,27,0,1,64,0,65,12,4,76,0,92,18,2,20,112
07/05/2023,SBP,CA,AWP,WE,Federal Contract Tower,15,19,23,0,57,0,4,84,1,89,15,23,107,1,146,80,0,80,226
07/06/2023,SBP,CA,AWP,WE,Federal Contract Tower,23,23,17,0,63,0,0,90,0,90,23,23,107,0,153,60,0,60,213
07/07/2023,SBP,CA,AWP,WE,Federal Contract Tower,21,19,30,1,71,0,2,100,1,103,21,21,130,2,174,70,0,70,244
07/08/2023,SBP,CA,AWP,WE,Federal Contract Tower,19,10,11,0,40,0,0,137,0,137,19,10,148,0,177,146,0,146,323
07/09/2023,SBP,CA,AWP,WE,Federal Contract Tower,21,11,27,0,59,0,0,86,0,86,21,11,113,0,145,56,0,56,201
07/10/2023,SBP,CA,AWP,WE,Federal Contract Tower,19,15,12,0,46,0,1,73,0,74,19,16,85,0,120,128,0,128,248
07/11/2023,SBP,CA,AWP,WE,Federal Contract Tower,14,21,9,1,45,0,2,97,6,105,14,23,106,7,150,128,10,138,288
07/12/2023,SBP,CA,AWP,WE,Federal Contract Tower,15,19,17,0,51,0,7,108,2,117,15,26,125,2,168,120,0,120,288
07/13/2023,SBP,CA,AWP,WE,Federal Contract Tower,20,14,22,0,56,0,4,114,0,118,20,18,136,0,174,114,0,114,288
07/14/2023,SBP,CA,AWP,WE,Federal Contract Tower,22,21,15,1,59,0,8,139,1,148,22,29,154,2,207,120,0,120,327
07/15/2023,SBP,CA,AWP,WE,Federal Contract Tower,18,10,14,0,42,0,0,151,0,151,18,10,165,0,193,106,0,106,299
07/16/2023,SBP,CA,AWP,WE,Federal Contract Tower,21,6,22,0,49,0,4,142,0,146,21,10,164,0,195,96,0,96,291
07/17/2023,SBP,CA,AWP,WE,Federal Contract Tower,19,14,16,0,49,0,1,126,3,130,19,15,142,3,179,110,0,110,289
07/18/2023,SBP,CA,AWP,WE,Federal Contract Tower,14,16,19,2,51,0,5,128,2,135,14,21,147,4,186,98,0,98,284
07/19/2023,SBP,CA,AWP,WE,Federal Contract Tower,15,16,21,4,56,0,2,95,0,97,15,18,116,4,153,56,0,56,209
07/20/2023,SBP,CA,AWP,WE,Federal Contract Tower,21,19,23,0,63,0,3,108,0,111,21,22,131,0,174,132,8,140,314
07/21/2023,SBP,CA,AWP,WE,Federal Contract Tower,22,18,12,0,52,0,3,136,0,139,22,21,148,0,191,74,0,74,265
07/22/2023,SBP,CA,AWP,WE,Federal Contract Tower,17,6,18,4,45,0,1,156,0,157,17,7,174,4,202,132,0,132,334
07/23/2023,SBP,CA,AWP,WE,Federal Contract Tower,21,6,15,0,42,0,1,115,0,116,21,7,130,0,158,144,0,144,302
07/24/2023,SBP,CA,AWP,WE,Federal Contract Tower,18,8,15,3,44,0,1,102,1,104,18,9,117,4,148,64,0,64,212
07/25/2023,SBP,CA,AWP,WE,Federal Contract Tower,15,18,15,0,48,0,2,114,6,122,15,20,129,6,170,118,2,120,290
07/27/2023,SBP,CA,AWP,WE,Federal Contract Tower,21,18,21,4,64,0,5,111,3,119,21,23,132,7,183,134,12,146,329
07/28/2023,SBP,CA,AWP,WE,Federal Contract Tower,21,18,8,4,51,0,48,124,4,176,21,66,132,8,227,50,0,50,277
07/29/2023,SBP,CA,AWP,WE,Federal Contract Tower,19,14,20,0,53,0,2,152,0,154,19,16,172,0,207,56,0,56,263
07/30/2023,SBP,CA,AWP,WE,Federal Contract Tower,20,14,16,0,50,0,0,132,0,132,20,14,148,0,182,48,0,48,230
07/31/2023,SBP,CA,AWP,WE,Federal Contract Tower,18,8,11,2,39,0,1,118,0,119,18,9,129,2,158,90,0,90,248
08/01/2023,SBP,CA,AWP,WE,Federal Contract Tower,17,21,20,4,62,0,1,67,2,70,17,22,87,6,132,122,4,126,258
08/02/2023,SBP,CA,AWP,WE,Federal Contract Tower,21,20,9,5,55,0,1,79,17,97,21,21,88,22,152,0,0,0,152
08/03/2023,SBP,CA,AWP,WE,Federal Contract Tower,26,17,11,1,55,0,1,100,0,101,26,18,111,1,156,118,0,118,274
08/04/2023,SBP,CA,AWP,WE,Federal Contract Tower,21,16,9,8,54,0,6,122,2,130,21,22,131,10,184,64,0,64,248
08/05/2023,SBP,CA,AWP,WE,Federal Contract Tower,19,10,22,12,63,0,1,101,1,103,19,11,123,13,166,52,0,52,218
08/06/2023,SBP,CA,AWP,WE,Federal Contract Tower,25,8,19,3,55,0,1,127,1,129,25,9,146,4,184,94,0,94,278
08/07/2023,SBP,CA,AWP,WE,Federal Contract Tower,22,10,11,8,51,0,2,72,5,79,22,12,83,13,130,162,0,162,292
08/08/2023,SBP,CA,AWP,WE,Federal Contract Tower,18,13,16,2,49,0,2,81,0,83,18,15,97,2,132,88,0,88,220
08/09/2023,SBP,CA,AWP,WE,Federal Contract Tower,25,12,19,4,60,0,1,80,3,84,25,13,99,7,144,124,0,124,268
08/10/2023,SBP,CA,AWP,WE,Federal Contract Tower,23,20,40,1,84,0,0,38,0,38,23,20,78,1,122,76,0,76,198
08/11/2023,SBP,CA,AWP,WE,Federal Contract Tower,24,13,24,0,61,0,3,106,0,109,24,16,130,0,170,162,0,162,332
08/12/2023,SBP,CA,AWP,WE,Federal Contract Tower,19,13,8,0,40,0,2,118,1,121,19,15,126,1,161,88,0,88,249
08/13/2023,SBP,CA,AWP,WE,Federal Contract Tower,22,6,16,0,44,0,0,126,0,126,22,6,142,0,170,28,0,28,198
08/14/2023,SBP,CA,AWP,WE,Federal Contract Tower,20,11,21,5,57,0,1,81,0,82,20,12,102,5,139,74,0,74,213
08/15/2023,SBP,CA,AWP,WE,Federal Contract Tower,16,17,28,0,61,0,11,60,0,71,16,28,88,0,132,60,0,60,192
08/16/2023,SBP,CA,AWP,WE,Federal Contract Tower,22,18,18,1,59,0,7,73,0,80,22,25,91,1,139,114,0,114,253
08/17/2023,SBP,CA,AWP,WE,Federal Contract Tower,22,14,22,0,58,0,6,118,0,124,22,20,140,0,182,110,0,110,292
08/18/2023,SBP,CA,AWP,WE,Federal Contract Tower,23,15,32,4,74,0,0,115,4,119,23,15,147,8,193,60,0,60,253
08/19/2023,SBP,CA,AWP,WE,Federal Contract Tower,19,9,14,0,42,0,2,107,1,110,19,11,121,1,152,30,0,30,182
08/20/2023,SBP,CA,AWP,WE,Federal Contract Tower,20,10,16,0,46,0,1,51,2,54,20,11,67,2,100,24,0,24,124
08/21/2023,SBP,CA,AWP,WE,Federal Contract Tower,21,7,20,2,50,0,0,26,0,26,21,7,46,2,76,6,0,6,82
08/22/2023,SBP,CA,AWP,WE,Federal Contract Tower,18,8,18,3,47,0,5,84,12,101,18,13,102,15,148,108,4,112,260
08/23/2023,SBP,CA,AWP,WE,Federal Contract Tower,21,27,5,1,54,0,1,91,10,102,21,28,96,11,156,66,4,70,226
08/24/2023,SBP,CA,AWP,WE,Federal Contract Tower,22,17,33,2,74,0,1,55,1,57,22,18,88,3,131,54,0,54,185
08/25/2023,SBP,CA,AWP,WE,Federal Contract Tower,23,10,18,0,51,0,3,136,0,139,23,13,154,0,190,82,0,82,272
08/26/2023,SBP,CA,AWP,WE,Federal Contract Tower,19,9,25,0,53,0,0,112,0,112,19,9,137,0,165,32,0,32,197
08/27/2023,SBP,CA,AWP,WE,Federal Contract Tower,21,6,13,0,40,0,0,123,0,123,21,6,136,0,163,42,0,42,205
08/28/2023,SBP,CA,AWP,WE,Federal Contract Tower,22,12,10,3,47,0,5,78,1,84,22,17,88,4,131,68,0,68,199
08/29/2023,SBP,CA,AWP,WE,Federal Contract Tower,19,13,18,1,51,0,2,102,4,108,19,15,120,5,159,34,0,34,193
08/30/2023,SBP,CA,AWP,WE,Federal Contract Tower,21,10,11,0,42,0,5,93,0,98,21,15,104,0,140,56,0,56,196
08/31/2023,SBP,CA,AWP,WE,Federal Contract Tower,23,17,9,0,49,0,2,87,0,89,23,19,96,0,138,84,8,92,230
