01/01/2020,SBY,MD,AEA,EN,Federal Contract Tower,0,11,4,0,15,0,8,24,0,32,0,19,28,0,47,0,0,0,47
01/02/2020,SBY,MD,AEA,EN,Federal Contract Tower,0,16,7,0,23,0,2,36,6,44,0,18,43,6,67,18,0,18,85
01/03/2020,SBY,MD,AEA,EN,Federal Contract Tower,0,14,7,0,21,0,2,0,0,2,0,16,7,0,23,0,0,0,23
01/04/2020,SBY,MD,AEA,EN,Federal Contract Tower,0,20,2,0,22,0,0,0,0,0,0,20,2,0,22,0,0,0,22
01/05/2020,SBY,MD,AEA,EN,Federal Contract Tower,0,11,3,0,14,0,2,33,0,35,0,13,36,0,49,44,0,44,93
01/06/2020,SBY,MD,AEA,EN,Federal Contract Tower,0,15,2,0,17,0,0,51,0,51,0,15,53,0,68,48,0,48,116
01/07/2020,SBY,MD,AEA,EN,Federal Contract Tower,0,24,1,4,29,0,0,26,22,48,0,24,27,26,77,18,42,60,137
01/08/2020,SBY,MD,AEA,EN,Federal Contract Tower,0,18,4,0,22,0,11,22,15,48,0,29,26,15,70,0,30,30,100
01/09/2020,SBY,MD,AEA,EN,Federal Contract Tower,0,20,5,0,25,0,0,65,10,75,0,20,70,10,100,50,44,94,194
01/10/2020,SBY,MD,AEA,EN,Federal Contract Tower,0,17,2,0,19,0,0,25,0,25,0,17,27,0,44,12,0,12,56
01/11/2020,SBY,MD,AEA,EN,Federal Contract Tower,0,10,5,0,15,0,0,21,0,21,0,10,26,0,36,38,0,38,74
01/12/2020,SBY,MD,AEA,EN,Federal Contract Tower,0,13,6,0,19,0,4,26,0,30,0,17,32,0,49,4,0,4,53
01/13/2020,SBY,MD,AEA,EN,Federal Contract Tower,0,13,19,0,32,0,0,6,0,6,0,13,25,0,38,12,0,12,50
01/14/2020,SBY,MD,AEA,EN,Federal Contract Tower,0,14,7,0,21,0,0,0,0,0,0,14,7,0,21,0,0,0,21
01/15/2020,SBY,MD,AEA,EN,Federal Contract Tower,0,18,6,9,33,0,0,35,14,49,0,18,41,23,82,32,40,72,154
01/16/2020,SBY,MD,AEA,EN,Federal Contract Tower,0,16,5,1,22,0,6,7,16,29,0,22,12,17,51,0,50,50,101
01/17/2020,SBY,MD,AEA,EN,Federal Contract Tower,0,21,9,0,30,0,0,22,7,29,0,21,31,7,59,0,26,26,85
01/18/2020,SBY,MD,AEA,EN,Federal Contract Tower,0,11,0,0,11,0,0,8,0,8,0,11,8,0,19,12,0,12,31
01/19/2020,SBY,MD,AEA,EN,Federal Contract Tower,0,13,3,0,16,0,0,21,0,21,0,13,24,0,37,62,0,62,99
01/20/2020,SBY,MD,AEA,EN,Federal Contract Tower,0,15,2,0,17,0,2,48,0,50,0,17,50,0,67,88,0,88,155
01/21/2020,SBY,MD,AEA,EN,Federal Contract Tower,0,19,5,2,26,0,5,62,10,77,0,24,67,12,103,36,68,104,207
01/22/2020,SBY,MD,AEA,EN,Federal Contract Tower,0,16,7,1,24,0,0,76,25,101,0,16,83,26,125,34,74,108,233
01/23/2020,SBY,MD,AEA,EN,Federal Contract Tower,0,17,8,0,25,0,6,58,8,72,0,23,66,8,97,16,30,46,143
01/24/2020,SBY,MD,AEA,EN,Federal Contract Tower,0,14,10,0,24,0,0,22,4,26,0,14,32,4,50,26,12,38,88
01/25/2020,SBY,MD,AEA,EN,Federal Contract Tower,0,12,0,0,12,0,0,8,0,8,0,12,8,0,20,26,0,26,46
01/26/2020,SBY,MD,AEA,EN,Federal Contract Tower,0,10,2,0,12,0,2,31,0,33,0,12,33,0,45,0,0,0,45
01/27/2020,SBY,MD,AEA,EN,Federal Contract Tower,0,12,5,0,17,0,2,46,42,90,0,14,51,42,107,50,116,166,273
01/28/2020,SBY,MD,AEA,EN,Federal Contract Tower,0,16,6,0,22,0,2,51,32,85,0,18,57,32,107,48,108,156,263
01/29/2020,SBY,MD,AEA,EN,Federal Contract Tower,0,19,5,0,24,0,0,40,22,62,0,19,45,22,86,6,56,62,148
01/30/2020,SBY,MD,AEA,EN,Federal Contract Tower,0,16,10,2,28,0,0,40,32,72,0,16,50,34,100,8,16,24,124
01/31/2020,SBY,MD,AEA,EN,Federal Contract Tower,0,16,6,0,22,0,0,30,12,42,0,16,36,12,64,32,58,90,154
02/01/2020,SBY,MD,AEA,EN,Federal Contract Tower,0,11,3,0,14,0,0,2,0,2,0,11,5,0,16,0,0,0,16
02/02/2020,SBY,MD,AEA,EN,Federal Contract Tower,0,11,0,0,11,0,0,25,0,25,0,11,25,0,36,46,0,46,82
02/03/2020,SBY,MD,AEA,EN,Federal Contract Tower,0,14,4,2,20,0,0,74,24,98,0,14,78,26,118,126,66,192,310
02/04/2020,SBY,MD,AEA,EN,Federal Contract Tower,0,21,12,0,33,0,0,59,24,83,0,21,71,24,116,62,62,124,240
02/05/2020,SBY,MD,AEA,EN,Federal Contract Tower,0,17,4,0,21,0,0,0,0,0,0,17,4,0,21,0,0,0,21
02/06/2020,SBY,MD,AEA,EN,Federal Contract Tower,0,16,0,0,16,0,0,0,0,0,0,16,0,0,16,0,0,0,16
02/07/2020,SBY,MD,AEA,EN,Federal Contract Tower,0,14,0,0,14,0,0,2,6,8,0,14,2,6,22,6,14,20,42
02/08/2020,SBY,MD,AEA,EN,Federal Contract Tower,0,11,7,0,18,0,0,36,0,36,0,11,43,0,54,74,0,74,128
02/09/2020,SBY,MD,AEA,EN,Federal Contract Tower,0,13,10,0,23,0,5,99,0,104,0,18,109,0,127,128,0,128,255
02/10/2020,SBY,MD,AEA,EN,Federal Contract Tower,0,17,10,4,31,0,1,18,20,39,0,18,28,24,70,16,76,92,162
02/11/2020,SBY,MD,AEA,EN,Federal Contract Tower,0,18,10,0,28,0,0,0,0,0,0,18,10,0,28,0,0,0,28
02/12/2020,SBY,MD,AEA,EN,Federal Contract Tower,0,18,5,0,23,0,11,78,8,97,0,29,83,8,120,88,18,106,226
02/13/2020,SBY,MD,AEA,EN,Federal Contract Tower,0,23,0,9,32,0,2,0,1,3,0,25,0,10,35,0,16,16,51
02/14/2020,SBY,MD,AEA,EN,Federal Contract Tower,0,17,10,0,27,0,1,22,14,37,0,18,32,14,64,0,66,66,130
02/15/2020,SBY,MD,AEA,EN,Federal Contract Tower,0,8,1,0,9,0,0,77,0,77,0,8,78,0,86,92,0,92,178
02/16/2020,SBY,MD,AEA,EN,Federal Contract Tower,0,11,11,0,22,0,0,61,0,61,0,11,72,0,83,30,0,30,113
02/17/2020,SBY,MD,AEA,EN,Federal Contract Tower,0,17,2,0,19,0,0,92,0,92,0,17,94,0,111,144,0,144,255
02/18/2020,SBY,MD,AEA,EN,Federal Contract Tower,0,16,15,4,35,0,4,45,44,93,0,20,60,48,128,74,112,186,314
02/19/2020,SBY,MD,AEA,EN,Federal Contract Tower,0,20,2,6,28,0,14,56,26,96,0,34,58,32,124,84,96,180,304
02/20/2020,SBY,MD,AEA,EN,Federal Contract Tower,0,16,8,0,24,0,11,62,16,89,0,27,70,16,113,96,30,126,239
02/21/2020,SBY,MD,AEA,EN,Federal Contract Tower,0,17,5,0,22,0,0,38,20,58,0,17,43,20,80,24,38,62,142
02/22/2020,SBY,MD,AEA,EN,Federal Contract Tower,0,12,4,0,16,0,0,57,6,63,0,12,61,6,79,84,18,102,181
02/23/2020,SBY,MD,AEA,EN,Federal Contract Tower,0,11,6,0,17,0,2,57,0,59,0,13,63,0,76,118,0,118,194
02/24/2020,SBY,MD,AEA,EN,Federal Contract Tower,0,15,4,0,19,0,3,57,6,66,0,18,61,6,85,56,40,96,181
02/25/2020,SBY,MD,AEA,EN,Federal Contract Tower,0,18,4,0,22,0,0,0,0,0,0,18,4,0,22,0,0,0,22
02/26/2020,SBY,MD,AEA,EN,Federal Contract Tower,0,19,4,0,23,0,0,0,0,0,0,19,4,0,23,0,0,0,23
02/27/2020,SBY,MD,AEA,EN,Federal Contract Tower,0,20,2,12,34,0,1,2,12,15,0,21,4,24,49,0,26,26,75
02/28/2020,SBY,MD,AEA,EN,Federal Contract Tower,0,21,6,0,27,0,1,15,16,32,0,22,21,16,59,0,50,50,109
02/29/2020,SBY,MD,AEA,EN,Federal Contract Tower,0,9,2,0,11,0,0,24,0,24,0,9,26,0,35,48,0,48,83
03/01/2020,SBY,MD,AEA,EN,Federal Contract Tower,0,13,2,0,15,0,4,34,0,38,0,17,36,0,53,16,0,16,69
03/02/2020,SBY,MD,AEA,EN,Federal Contract Tower,0,16,7,1,24,0,2,36,5,43,0,18,43,6,67,6,20,26,93
03/03/2020,SBY,MD,AEA,EN,Federal Contract Tower,0,18,13,4,35,0,4,46,4,54,0,22,59,8,89,54,22,76,165
03/04/2020,SBY,MD,AEA,EN,Federal Contract Tower,0,20,1,1,22,0,4,66,47,117,0,24,67,48,139,52,72,124,263
03/05/2020,SBY,MD,AEA,EN,Federal Contract Tower,0,17,6,0,23,0,3,49,6,58,0,20,55,6,81,48,24,72,153
03/06/2020,SBY,MD,AEA,EN,Federal Contract Tower,0,14,0,0,14,0,2,0,0,2,0,16,0,0,16,0,0,0,16
03/07/2020,SBY,MD,AEA,EN,Federal Contract Tower,0,11,1,0,12,0,0,15,0,15,0,11,16,0,27,22,0,22,49
03/08/2020,SBY,MD,AEA,EN,Federal Contract Tower,0,11,5,0,16,0,2,75,0,77,0,13,80,0,93,112,0,112,205
03/09/2020,SBY,MD,AEA,EN,Federal Contract Tower,0,15,7,0,22,0,0,72,12,84,0,15,79,12,106,116,34,150,256
03/10/2020,SBY,MD,AEA,EN,Federal Contract Tower,0,19,1,1,21,0,2,19,7,28,0,21,20,8,49,0,14,14,63
03/11/2020,SBY,MD,AEA,EN,Federal Contract Tower,0,15,12,2,29,0,0,89,38,127,0,15,101,40,156,94,44,138,294
03/12/2020,SBY,MD,AEA,EN,Federal Contract Tower,0,16,15,0,31,0,2,16,4,22,0,18,31,4,53,34,28,62,115
03/13/2020,SBY,MD,AEA,EN,Federal Contract Tower,0,19,1,0,20,0,4,0,6,10,0,23,1,6,30,0,0,0,30
03/14/2020,SBY,MD,AEA,EN,Federal Contract Tower,0,10,11,0,21,0,2,33,0,35,0,12,44,0,56,86,0,86,142
03/15/2020,SBY,MD,AEA,EN,Federal Contract Tower,0,10,0,0,10,0,0,19,0,19,0,10,19,0,29,22,0,22,51
03/16/2020,SBY,MD,AEA,EN,Federal Contract Tower,0,14,10,1,25,0,1,16,13,30,0,15,26,14,55,12,52,64,119
03/17/2020,SBY,MD,AEA,EN,Federal Contract Tower,0,20,9,0,29,0,3,23,10,36,0,23,32,10,65,14,10,24,89
03/19/2020,SBY,MD,AEA,EN,Federal Contract Tower,0,19,3,1,23,0,0,6,7,13,0,19,9,8,36,0,20,20,56
03/20/2020,SBY,MD,AEA,EN,Federal Contract Tower,0,19,2,6,27,0,0,6,10,16,0,19,8,16,43,2,46,48,91
03/21/2020,SBY,MD,AEA,EN,Federal Contract Tower,0,10,5,0,15,0,0,9,0,9,0,10,14,0,24,4,0,4,28
03/22/2020,SBY,MD,AEA,EN,Federal Contract Tower,0,12,3,0,15,0,8,23,0,31,0,20,26,0,46,2,0,2,48
03/23/2020,SBY,MD,AEA,EN,Federal Contract Tower,0,16,4,6,26,0,0,0,0,0,0,16,4,6,26,0,0,0,26
03/24/2020,SBY,MD,AEA,EN,Federal Contract Tower,0,19,7,0,26,0,4,16,8,28,0,23,23,8,54,4,64,68,122
03/25/2020,SBY,MD,AEA,EN,Federal Contract Tower,0,22,0,0,22,0,0,0,0,0,0,22,0,0,22,0,0,0,22
03/26/2020,SBY,MD,AEA,EN,Federal Contract Tower,0,12,6,2,20,0,2,31,11,44,0,14,37,13,64,54,46,100,164
03/27/2020,SBY,MD,AEA,EN,Federal Contract Tower,0,22,5,0,27,0,0,15,0,15,0,22,20,0,42,12,0,12,54
03/28/2020,SBY,MD,AEA,EN,Federal Contract Tower,0,7,7,0,14,0,0,0,0,0,0,7,7,0,14,0,0,0,14
03/29/2020,SBY,MD,AEA,EN,Federal Contract Tower,0,9,2,0,11,0,10,7,0,17,0,19,9,0,28,0,0,0,28
03/30/2020,SBY,MD,AEA,EN,Federal Contract Tower,0,15,21,0,36,0,1,7,28,36,0,16,28,28,72,8,160,168,240
03/31/2020,SBY,MD,AEA,EN,Federal Contract Tower,0,16,2,0,18,0,0,0,8,8,0,16,2,8,26,0,34,34,60
04/01/2020,SBY,MD,AEA,EN,Federal Contract Tower,0,14,0,0,14,0,4,6,2,12,0,18,6,2,26,0,0,0,26
04/02/2020,SBY,MD,AEA,EN,Federal Contract Tower,0,16,0,2,18,0,4,4,10,18,0,20,4,12,36,0,28,28,64
04/03/2020,SBY,MD,AEA,EN,Federal Contract Tower,0,13,4,0,17,0,4,2,0,6,0,17,6,0,23,0,0,0,23
04/04/2020,SBY,MD,AEA,EN,Federal Contract Tower,0,8,3,0,11,0,0,5,0,5,0,8,8,0,16,18,0,18,34
04/05/2020,SBY,MD,AEA,EN,Federal Contract Tower,0,8,0,0,8,0,0,21,0,21,0,8,21,0,29,24,0,24,53
04/06/2020,SBY,MD,AEA,EN,Federal Contract Tower,0,13,8,0,21,0,5,24,2,31,0,18,32,2,52,4,22,26,78
04/07/2020,SBY,MD,AEA,EN,Federal Contract Tower,0,14,4,0,18,0,2,15,6,23,0,16,19,6,41,0,24,24,65
04/08/2020,SBY,MD,AEA,EN,Federal Contract Tower,0,14,3,4,21,0,0,17,22,39,0,14,20,26,60,0,32,32,92
04/09/2020,SBY,MD,AEA,EN,Federal Contract Tower,0,16,4,0,20,0,3,0,7,10,0,19,4,7,30,0,48,48,78
04/10/2020,SBY,MD,AEA,EN,Federal Contract Tower,0,10,1,0,11,0,1,3,0,4,0,11,4,0,15,0,0,0,15
04/11/2020,SBY,MD,AEA,EN,Federal Contract Tower,0,8,2,0,10,0,0,7,0,7,0,8,9,0,17,6,0,6,23
04/12/2020,SBY,MD,AEA,EN,Federal Contract Tower,0,9,0,0,9,0,0,2,0,2,0,9,2,0,11,2,0,2,13
04/13/2020,SBY,MD,AEA,EN,Federal Contract Tower,0,13,0,0,13,0,4,0,0,4,0,17,0,0,17,0,0,0,17
04/14/2020,SBY,MD,AEA,EN,Federal Contract Tower,0,14,9,2,25,0,0,27,8,35,0,14,36,10,60,26,24,50,110
04/15/2020,SBY,MD,AEA,EN,Federal Contract Tower,0,14,3,0,17,0,2,22,6,30,0,16,25,6,47,6,14,20,67
04/16/2020,SBY,MD,AEA,EN,Federal Contract Tower,0,14,2,0,16,0,0,8,6,14,0,14,10,6,30,4,30,34,64
04/17/2020,SBY,MD,AEA,EN,Federal Contract Tower,0,16,3,0,19,0,0,9,0,9,0,16,12,0,28,0,0,0,28
04/18/2020,SBY,MD,AEA,EN,Federal Contract Tower,0,10,0,0,10,0,0,0,0,0,0,10,0,0,10,0,0,0,10
04/19/2020,SBY,MD,AEA,EN,Federal Contract Tower,0,11,3,0,14,0,6,9,0,15,0,17,12,0,29,2,0,2,31
04/20/2020,SBY,MD,AEA,EN,Federal Contract Tower,0,14,0,2,16,0,0,5,0,5,0,14,5,2,21,0,0,0,21
04/21/2020,SBY,MD,AEA,EN,Federal Contract Tower,0,14,1,0,15,0,0,16,36,52,0,14,17,36,67,14,88,102,169
04/22/2020,SBY,MD,AEA,EN,Federal Contract Tower,0,15,7,1,23,0,11,19,23,53,0,26,26,24,76,12,24,36,112
04/23/2020,SBY,MD,AEA,EN,Federal Contract Tower,0,15,3,8,26,0,0,14,6,20,0,15,17,14,46,0,56,56,102
04/24/2020,SBY,MD,AEA,EN,Federal Contract Tower,0,14,2,12,28,0,0,0,6,6,0,14,2,18,34,0,58,58,92
04/25/2020,SBY,MD,AEA,EN,Federal Contract Tower,0,8,7,0,15,0,0,35,0,35,0,8,42,0,50,42,0,42,92
04/26/2020,SBY,MD,AEA,EN,Federal Contract Tower,0,10,0,0,10,0,12,0,0,12,0,22,0,0,22,0,0,0,22
04/27/2020,SBY,MD,AEA,EN,Federal Contract Tower,0,13,6,2,21,0,1,2,0,3,0,14,8,2,24,0,0,0,24
04/28/2020,SBY,MD,AEA,EN,Federal Contract Tower,0,17,9,2,28,0,8,14,26,48,0,25,23,28,76,30,68,98,174
04/29/2020,SBY,MD,AEA,EN,Federal Contract Tower,0,14,8,2,24,0,2,32,6,40,0,16,40,8,64,14,34,48,112
04/30/2020,SBY,MD,AEA,EN,Federal Contract Tower,0,16,1,0,17,0,0,8,0,8,0,16,9,0,25,22,0,22,47
05/01/2020,SBY,MD,AEA,EN,Federal Contract Tower,0,16,6,0,22,0,0,0,0,0,0,16,6,0,22,0,0,0,22
05/02/2020,SBY,MD,AEA,EN,Federal Contract Tower,0,7,1,0,8,0,1,40,0,41,0,8,41,0,49,0,0,0,49
05/03/2020,SBY,MD,AEA,EN,Federal Contract Tower,0,8,1,0,9,0,2,12,0,14,0,10,13,0,23,2,0,2,25
05/04/2020,SBY,MD,AEA,EN,Federal Contract Tower,0,11,6,0,17,0,8,27,6,41,0,19,33,6,58,38,56,94,152
05/05/2020,SBY,MD,AEA,EN,Federal Contract Tower,0,12,4,3,19,0,2,30,19,51,0,14,34,22,70,0,46,46,116
05/06/2020,SBY,MD,AEA,EN,Federal Contract Tower,0,13,9,0,22,0,0,0,0,0,0,13,9,0,22,0,0,0,22
05/07/2020,SBY,MD,AEA,EN,Federal Contract Tower,0,15,12,0,27,0,4,29,6,39,0,19,41,6,66,6,22,28,94
05/08/2020,SBY,MD,AEA,EN,Federal Contract Tower,0,12,4,2,18,0,0,7,3,10,0,12,11,5,28,20,24,44,72
05/09/2020,SBY,MD,AEA,EN,Federal Contract Tower,0,9,0,0,9,0,0,5,0,5,0,9,5,0,14,36,0,36,50
05/10/2020,SBY,MD,AEA,EN,Federal Contract Tower,0,6,4,0,10,0,0,16,0,16,0,6,20,0,26,4,0,4,30
05/11/2020,SBY,MD,AEA,EN,Federal Contract Tower,0,12,2,0,14,0,30,11,4,45,0,42,13,4,59,34,36,70,129
05/12/2020,SBY,MD,AEA,EN,Federal Contract Tower,0,10,0,2,12,0,9,10,6,25,0,19,10,8,37,34,44,78,115
05/13/2020,SBY,MD,AEA,EN,Federal Contract Tower,0,13,6,1,20,0,16,34,16,66,0,29,40,17,86,24,48,72,158
05/14/2020,SBY,MD,AEA,EN,Federal Contract Tower,0,14,6,1,21,0,0,32,12,44,0,14,38,13,65,36,60,96,161
05/15/2020,SBY,MD,AEA,EN,Federal Contract Tower,0,11,11,0,22,0,2,15,2,19,0,13,26,2,41,0,18,18,59
05/16/2020,SBY,MD,AEA,EN,Federal Contract Tower,0,6,0,1,7,0,0,19,3,22,0,6,19,4,29,2,14,16,45
05/17/2020,SBY,MD,AEA,EN,Federal Contract Tower,0,6,3,0,9,0,0,2,0,2,0,6,5,0,11,6,0,6,17
05/18/2020,SBY,MD,AEA,EN,Federal Contract Tower,0,12,2,0,14,0,0,0,0,0,0,12,2,0,14,0,0,0,14
05/19/2020,SBY,MD,AEA,EN,Federal Contract Tower,0,13,1,1,15,0,4,0,43,47,0,17,1,44,62,0,96,96,158
05/20/2020,SBY,MD,AEA,EN,Federal Contract Tower,0,14,3,3,20,0,10,0,1,11,0,24,3,4,31,0,0,0,31
05/21/2020,SBY,MD,AEA,EN,Federal Contract Tower,0,14,14,0,28,0,0,20,12,32,0,14,34,12,60,36,80,116,176
05/22/2020,SBY,MD,AEA,EN,Federal Contract Tower,0,18,5,0,23,0,0,0,0,0,0,18,5,0,23,0,0,0,23
05/23/2020,SBY,MD,AEA,EN,Federal Contract Tower,0,6,1,0,7,0,0,12,0,12,0,6,13,0,19,8,0,8,27
05/24/2020,SBY,MD,AEA,EN,Federal Contract Tower,0,6,16,0,22,0,2,0,0,2,0,8,16,0,24,0,0,0,24
05/25/2020,SBY,MD,AEA,EN,Federal Contract Tower,0,9,9,0,18,0,6,0,0,6,0,15,9,0,24,0,0,0,24
05/26/2020,SBY,MD,AEA,EN,Federal Contract Tower,0,12,8,0,20,0,2,10,2,14,0,14,18,2,34,0,6,6,40
05/27/2020,SBY,MD,AEA,EN,Federal Contract Tower,0,15,13,0,28,0,2,29,2,33,0,17,42,2,61,22,4,26,87
05/28/2020,SBY,MD,AEA,EN,Federal Contract Tower,0,14,5,0,19,0,0,2,0,2,0,14,7,0,21,0,0,0,21
05/29/2020,SBY,MD,AEA,EN,Federal Contract Tower,0,12,8,0,20,0,0,0,0,0,0,12,8,0,20,0,0,0,20
05/30/2020,SBY,MD,AEA,EN,Federal Contract Tower,0,10,2,0,12,0,0,28,0,28,0,10,30,0,40,26,0,26,66
05/31/2020,SBY,MD,AEA,EN,Federal Contract Tower,0,8,4,0,12,0,2,54,0,56,0,10,58,0,68,46,0,46,114
06/01/2020,SBY,MD,AEA,EN,Federal Contract Tower,0,9,2,0,11,0,2,25,26,53,0,11,27,26,64,20,86,106,170
06/02/2020,SBY,MD,AEA,EN,Federal Contract Tower,0,15,5,4,24,0,0,48,0,48,0,15,53,4,72,56,0,56,128
06/03/2020,SBY,MD,AEA,EN,Federal Contract Tower,0,14,3,2,19,0,13,13,10,36,0,27,16,12,55,2,64,66,121
06/04/2020,SBY,MD,AEA,EN,Federal Contract Tower,0,12,8,0,20,0,0,26,6,32,0,12,34,6,52,18,28,46,98
06/05/2020,SBY,MD,AEA,EN,Federal Contract Tower,0,13,6,0,19,0,2,12,4,18,0,15,18,4,37,0,4,4,41
06/06/2020,SBY,MD,AEA,EN,Federal Contract Tower,0,8,1,0,9,0,2,11,0,13,0,10,12,0,22,16,0,16,38
06/07/2020,SBY,MD,AEA,EN,Federal Contract Tower,0,7,3,0,10,0,0,49,0,49,0,7,52,0,59,36,0,36,95
06/08/2020,SBY,MD,AEA,EN,Federal Contract Tower,0,9,3,4,16,0,10,24,4,38,0,19,27,8,54,26,50,76,130
06/09/2020,SBY,MD,AEA,EN,Federal Contract Tower,0,12,6,0,18,0,5,52,6,63,0,17,58,6,81,32,6,38,119
06/10/2020,SBY,MD,AEA,EN,Federal Contract Tower,0,14,0,0,14,0,16,18,20,54,0,30,18,20,68,18,32,50,118
06/11/2020,SBY,MD,AEA,EN,Federal Contract Tower,0,14,0,0,14,0,2,0,0,2,0,16,0,0,16,0,0,0,16
06/12/2020,SBY,MD,AEA,EN,Federal Contract Tower,0,13,6,4,23,0,0,33,4,37,0,13,39,8,60,28,52,80,140
06/13/2020,SBY,MD,AEA,EN,Federal Contract Tower,0,6,17,0,23,0,1,59,0,60,0,7,76,0,83,48,0,48,131
06/14/2020,SBY,MD,AEA,EN,Federal Contract Tower,0,8,8,0,16,0,2,41,0,43,0,10,49,0,59,22,0,22,81
06/15/2020,SBY,MD,AEA,EN,Federal Contract Tower,0,10,7,0,17,0,0,11,4,15,0,10,18,4,32,0,22,22,54
06/16/2020,SBY,MD,AEA,EN,Federal Contract Tower,0,11,4,5,20,0,10,27,1,38,0,21,31,6,58,10,6,16,74
06/17/2020,SBY,MD,AEA,EN,Federal Contract Tower,0,19,5,0,24,0,0,0,0,0,0,19,5,0,24,0,0,0,24
06/18/2020,SBY,MD,AEA,EN,Federal Contract Tower,0,13,14,2,29,0,4,24,10,38,0,17,38,12,67,32,82,114,181
06/19/2020,SBY,MD,AEA,EN,Federal Contract Tower,0,16,3,0,19,0,0,21,1,22,0,16,24,1,41,10,14,24,65
06/20/2020,SBY,MD,AEA,EN,Federal Contract Tower,0,9,5,0,14,0,1,23,0,24,0,10,28,0,38,10,0,10,48
06/21/2020,SBY,MD,AEA,EN,Federal Contract Tower,0,8,7,0,15,0,6,22,0,28,0,14,29,0,43,4,0,4,47
06/22/2020,SBY,MD,AEA,EN,Federal Contract Tower,0,7,7,0,14,0,0,9,0,9,0,7,16,0,23,22,0,22,45
06/23/2020,SBY,MD,AEA,EN,Federal Contract Tower,0,18,8,0,26,0,4,43,40,87,0,22,51,40,113,10,108,118,231
06/24/2020,SBY,MD,AEA,EN,Federal Contract Tower,0,14,9,0,23,0,20,54,22,96,0,34,63,22,119,56,70,126,245
06/25/2020,SBY,MD,AEA,EN,Federal Contract Tower,0,15,4,0,19,0,0,13,10,23,0,15,17,10,42,32,46,78,120
06/26/2020,SBY,MD,AEA,EN,Federal Contract Tower,0,15,5,1,21,0,0,44,6,50,0,15,49,7,71,54,48,102,173
06/27/2020,SBY,MD,AEA,EN,Federal Contract Tower,0,7,7,0,14,0,0,49,0,49,0,7,56,0,63,102,0,102,165
06/28/2020,SBY,MD,AEA,EN,Federal Contract Tower,0,6,5,0,11,0,4,21,0,25,0,10,26,0,36,12,0,12,48
06/29/2020,SBY,MD,AEA,EN,Federal Contract Tower,0,13,3,0,16,0,8,49,6,63,0,21,52,6,79,52,34,86,165
06/30/2020,SBY,MD,AEA,EN,Federal Contract Tower,0,11,11,6,28,0,4,39,16,59,0,15,50,22,87,12,34,46,133
07/01/2020,SBY,MD,AEA,EN,Federal Contract Tower,0,16,3,0,19,0,2,6,0,8,0,18,9,0,27,6,0,6,33
07/02/2020,SBY,MD,AEA,EN,Federal Contract Tower,0,25,5,0,30,0,5,60,4,69,0,30,65,4,99,40,26,66,165
07/03/2020,SBY,MD,AEA,EN,Federal Contract Tower,0,11,0,0,11,0,2,38,2,42,0,13,38,2,53,28,14,42,95
07/04/2020,SBY,MD,AEA,EN,Federal Contract Tower,0,6,1,0,7,0,0,22,0,22,0,6,23,0,29,14,0,14,43
07/05/2020,SBY,MD,AEA,EN,Federal Contract Tower,0,9,9,0,18,0,1,16,0,17,0,10,25,0,35,2,0,2,37
07/06/2020,SBY,MD,AEA,EN,Federal Contract Tower,0,13,2,0,15,0,0,6,0,6,0,13,8,0,21,6,0,6,27
07/07/2020,SBY,MD,AEA,EN,Federal Contract Tower,0,16,16,0,32,0,4,5,2,11,0,20,21,2,43,8,0,8,51
07/08/2020,SBY,MD,AEA,EN,Federal Contract Tower,0,15,8,0,23,0,0,30,8,38,0,15,38,8,61,34,42,76,137
07/09/2020,SBY,MD,AEA,EN,Federal Contract Tower,0,22,12,2,36,0,9,16,6,31,0,31,28,8,67,40,14,54,121
07/10/2020,SBY,MD,AEA,EN,Federal Contract Tower,0,19,5,0,24,0,2,10,0,12,0,21,15,0,36,16,0,16,52
07/11/2020,SBY,MD,AEA,EN,Federal Contract Tower,0,8,4,0,12,0,2,17,0,19,0,10,21,0,31,64,0,64,95
07/12/2020,SBY,MD,AEA,EN,Federal Contract Tower,0,9,4,0,13,0,2,29,0,31,0,11,33,0,44,16,0,16,60
07/13/2020,SBY,MD,AEA,EN,Federal Contract Tower,0,17,2,0,19,0,0,51,14,65,0,17,53,14,84,92,50,142,226
07/14/2020,SBY,MD,AEA,EN,Federal Contract Tower,0,19,7,0,26,0,1,50,23,74,0,20,57,23,100,44,26,70,170
07/15/2020,SBY,MD,AEA,EN,Federal Contract Tower,0,16,4,2,22,0,9,51,24,84,0,25,55,26,106,76,104,180,286
07/16/2020,SBY,MD,AEA,EN,Federal Contract Tower,0,22,5,1,28,0,6,15,9,30,0,28,20,10,58,24,36,60,118
07/17/2020,SBY,MD,AEA,EN,Federal Contract Tower,0,15,7,0,22,0,0,9,6,15,0,15,16,6,37,0,36,36,73
07/18/2020,SBY,MD,AEA,EN,Federal Contract Tower,0,10,4,0,14,0,0,25,4,29,0,10,29,4,43,20,12,32,75
07/19/2020,SBY,MD,AEA,EN,Federal Contract Tower,0,13,5,0,18,0,0,22,0,22,0,13,27,0,40,14,0,14,54
07/20/2020,SBY,MD,AEA,EN,Federal Contract Tower,0,16,4,0,20,0,1,27,2,30,0,17,31,2,50,12,18,30,80
07/21/2020,SBY,MD,AEA,EN,Federal Contract Tower,0,18,2,0,20,0,13,20,12,45,0,31,22,12,65,10,16,26,91
07/22/2020,SBY,MD,AEA,EN,Federal Contract Tower,0,14,6,0,20,0,6,30,16,52,0,20,36,16,72,40,46,86,158
07/23/2020,SBY,MD,AEA,EN,Federal Contract Tower,0,15,7,0,22,0,0,37,6,43,0,15,44,6,65,44,56,100,165
07/24/2020,SBY,MD,AEA,EN,Federal Contract Tower,0,21,4,2,27,0,1,8,2,11,0,22,12,4,38,42,8,50,88
07/25/2020,SBY,MD,AEA,EN,Federal Contract Tower,0,7,15,0,22,0,0,27,0,27,0,7,42,0,49,18,0,18,67
07/26/2020,SBY,MD,AEA,EN,Federal Contract Tower,0,13,9,0,22,0,4,58,0,62,0,17,67,0,84,34,0,34,118
07/27/2020,SBY,MD,AEA,EN,Federal Contract Tower,0,13,2,0,15,0,7,29,6,42,0,20,31,6,57,46,14,60,117
07/28/2020,SBY,MD,AEA,EN,Federal Contract Tower,0,15,9,2,26,0,2,52,2,56,0,17,61,4,82,52,4,56,138
07/29/2020,SBY,MD,AEA,EN,Federal Contract Tower,0,13,7,2,22,0,2,47,4,53,0,15,54,6,75,36,4,40,115
07/30/2020,SBY,MD,AEA,EN,Federal Contract Tower,0,14,17,0,31,0,2,42,0,44,0,16,59,0,75,22,0,22,97
07/31/2020,SBY,MD,AEA,EN,Federal Contract Tower,0,19,10,0,29,0,4,0,0,4,0,23,10,0,33,2,0,2,35
08/01/2020,SBY,MD,AEA,EN,Federal Contract Tower,0,7,3,0,10,0,0,23,0,23,0,7,26,0,33,30,0,30,63
08/02/2020,SBY,MD,AEA,EN,Federal Contract Tower,0,13,11,0,24,0,16,27,0,43,0,29,38,0,67,0,0,0,67
08/03/2020,SBY,MD,AEA,EN,Federal Contract Tower,0,15,3,0,18,0,4,9,18,31,0,19,12,18,49,6,66,72,121
08/04/2020,SBY,MD,AEA,EN,Federal Contract Tower,0,11,7,0,18,0,0,6,0,6,0,11,13,0,24,4,0,4,28
08/05/2020,SBY,MD,AEA,EN,Federal Contract Tower,0,19,9,0,28,0,9,29,8,46,0,28,38,8,74,12,2,14,88
08/06/2020,SBY,MD,AEA,EN,Federal Contract Tower,0,16,11,0,27,0,0,0,12,12,0,16,11,12,39,0,0,0,39
08/07/2020,SBY,MD,AEA,EN,Federal Contract Tower,0,21,21,0,42,0,0,15,2,17,0,21,36,2,59,26,0,26,85
08/08/2020,SBY,MD,AEA,EN,Federal Contract Tower,0,8,9,0,17,0,12,28,0,40,0,20,37,0,57,26,0,26,83
08/09/2020,SBY,MD,AEA,EN,Federal Contract Tower,0,13,3,0,16,0,0,33,0,33,0,13,36,0,49,60,0,60,109
08/10/2020,SBY,MD,AEA,EN,Federal Contract Tower,0,13,8,10,31,0,2,45,44,91,0,15,53,54,122,52,140,192,314
08/11/2020,SBY,MD,AEA,EN,Federal Contract Tower,0,16,7,0,23,0,1,44,32,77,0,17,51,32,100,42,70,112,212
08/12/2020,SBY,MD,AEA,EN,Federal Contract Tower,0,15,6,0,21,0,2,17,0,19,0,17,23,0,40,10,0,10,50
08/13/2020,SBY,MD,AEA,EN,Federal Contract Tower,0,21,2,0,23,0,0,0,0,0,0,21,2,0,23,0,0,0,23
08/14/2020,SBY,MD,AEA,EN,Federal Contract Tower,0,23,8,4,35,0,0,4,14,18,0,23,12,18,53,4,0,4,57
08/15/2020,SBY,MD,AEA,EN,Federal Contract Tower,0,10,11,0,21,0,0,19,0,19,0,10,30,0,40,0,0,0,40
08/16/2020,SBY,MD,AEA,EN,Federal Contract Tower,0,12,7,0,19,0,0,0,0,0,0,12,7,0,19,0,0,0,19
08/17/2020,SBY,MD,AEA,EN,Federal Contract Tower,0,13,7,0,20,0,21,32,0,53,0,34,39,0,73,0,0,0,73
08/18/2020,SBY,MD,AEA,EN,Federal Contract Tower,0,15,14,2,31,0,4,69,14,87,0,19,83,16,118,44,38,82,200
08/19/2020,SBY,MD,AEA,EN,Federal Contract Tower,0,15,4,0,19,0,2,21,10,33,0,17,25,10,52,12,38,50,102
08/20/2020,SBY,MD,AEA,EN,Federal Contract Tower,0,14,12,0,26,0,0,28,8,36,0,14,40,8,62,56,36,92,154
08/21/2020,SBY,MD,AEA,EN,Federal Contract Tower,0,17,10,0,27,0,6,12,2,20,0,23,22,2,47,12,2,14,61
08/22/2020,SBY,MD,AEA,EN,Federal Contract Tower,0,13,12,0,25,0,0,4,0,4,0,13,16,0,29,4,0,4,33
08/23/2020,SBY,MD,AEA,EN,Federal Contract Tower,0,10,8,0,18,0,0,39,0,39,0,10,47,0,57,64,0,64,121
08/24/2020,SBY,MD,AEA,EN,Federal Contract Tower,0,14,8,0,22,0,20,55,28,103,0,34,63,28,125,64,72,136,261
08/25/2020,SBY,MD,AEA,EN,Federal Contract Tower,0,15,7,1,23,0,4,37,1,42,0,19,44,2,65,22,0,22,87
08/26/2020,SBY,MD,AEA,EN,Federal Contract Tower,0,12,15,2,29,0,3,99,0,102,0,15,114,2,131,94,0,94,225
08/27/2020,SBY,MD,AEA,EN,Federal Contract Tower,0,17,19,2,38,0,2,50,10,62,0,19,69,12,100,36,10,46,146
08/28/2020,SBY,MD,AEA,EN,Federal Contract Tower,0,14,11,0,25,0,16,58,8,82,0,30,69,8,107,2,0,2,109
08/29/2020,SBY,MD,AEA,EN,Federal Contract Tower,0,8,4,0,12,0,7,0,0,7,0,15,4,0,19,0,0,0,19
08/30/2020,SBY,MD,AEA,EN,Federal Contract Tower,0,14,7,0,21,0,0,56,0,56,0,14,63,0,77,46,0,46,123
08/31/2020,SBY,MD,AEA,EN,Federal Contract Tower,0,11,2,4,17,0,6,69,30,105,0,17,71,34,122,146,96,242,364
09/01/2020,SBY,MD,AEA,EN,Federal Contract Tower,0,14,8,0,22,0,10,71,14,95,0,24,79,14,117,46,52,98,215
09/02/2020,SBY,MD,AEA,EN,Federal Contract Tower,0,12,7,8,27,0,0,57,12,69,0,12,64,20,96,58,54,112,208
09/03/2020,SBY,MD,AEA,EN,Federal Contract Tower,0,17,11,2,30,0,10,54,5,69,0,27,65,7,99,42,26,68,167
09/04/2020,SBY,MD,AEA,EN,Federal Contract Tower,0,21,2,0,23,0,6,72,10,88,0,27,74,10,111,104,30,134,245
09/05/2020,SBY,MD,AEA,EN,Federal Contract Tower,0,8,3,0,11,0,0,47,0,47,0,8,50,0,58,68,0,68,126
09/06/2020,SBY,MD,AEA,EN,Federal Contract Tower,0,7,2,0,9,0,10,35,0,45,0,17,37,0,54,26,0,26,80
09/07/2020,SBY,MD,AEA,EN,Federal Contract Tower,0,12,9,0,21,0,5,71,0,76,0,17,80,0,97,40,0,40,137
09/08/2020,SBY,MD,AEA,EN,Federal Contract Tower,0,11,2,4,17,0,1,48,14,63,0,12,50,18,80,80,20,100,180
09/09/2020,SBY,MD,AEA,EN,Federal Contract Tower,0,16,10,0,26,0,0,0,0,0,0,16,10,0,26,0,0,0,26
09/10/2020,SBY,MD,AEA,EN,Federal Contract Tower,0,16,7,0,23,0,0,1,0,1,0,16,8,0,24,0,0,0,24
09/11/2020,SBY,MD,AEA,EN,Federal Contract Tower,0,14,12,0,26,0,0,2,0,2,0,14,14,0,28,18,0,18,46
09/12/2020,SBY,MD,AEA,EN,Federal Contract Tower,0,6,7,0,13,0,0,23,0,23,0,6,30,0,36,38,0,38,74
09/13/2020,SBY,MD,AEA,EN,Federal Contract Tower,0,12,12,0,24,0,0,53,2,55,0,12,65,2,79,28,0,28,107
09/14/2020,SBY,MD,AEA,EN,Federal Contract Tower,0,12,8,0,20,0,0,23,2,25,0,12,31,2,45,40,24,64,109
09/15/2020,SBY,MD,AEA,EN,Federal Contract Tower,0,17,7,0,24,0,26,68,16,110,0,43,75,16,134,110,42,152,286
09/16/2020,SBY,MD,AEA,EN,Federal Contract Tower,0,17,6,2,25,0,0,83,22,105,0,17,89,24,130,56,34,90,220
09/17/2020,SBY,MD,AEA,EN,Federal Contract Tower,0,18,10,2,30,0,0,23,7,30,0,18,33,9,60,78,26,104,164
09/18/2020,SBY,MD,AEA,EN,Federal Contract Tower,0,14,10,0,24,0,0,2,2,4,0,14,12,2,28,8,16,24,52
09/19/2020,SBY,MD,AEA,EN,Federal Contract Tower,0,6,7,0,13,0,0,18,0,18,0,6,25,0,31,6,0,6,37
09/20/2020,SBY,MD,AEA,EN,Federal Contract Tower,0,9,3,0,12,0,6,15,0,21,0,15,18,0,33,4,0,4,37
09/21/2020,SBY,MD,AEA,EN,Federal Contract Tower,0,14,8,0,22,0,1,52,30,83,0,15,60,30,105,92,140,232,337
09/22/2020,SBY,MD,AEA,EN,Federal Contract Tower,0,16,5,0,21,0,3,63,14,80,0,19,68,14,101,82,28,110,211
09/23/2020,SBY,MD,AEA,EN,Federal Contract Tower,0,14,9,7,30,0,4,84,13,101,0,18,93,20,131,66,58,124,255
09/24/2020,SBY,MD,AEA,EN,Federal Contract Tower,0,16,12,0,28,0,4,71,14,89,0,20,83,14,117,64,126,190,307
09/25/2020,SBY,MD,AEA,EN,Federal Contract Tower,0,16,13,0,29,0,0,60,16,76,0,16,73,16,105,48,68,116,221
09/26/2020,SBY,MD,AEA,EN,Federal Contract Tower,0,7,4,0,11,0,0,4,0,4,0,7,8,0,15,0,0,0,15
09/27/2020,SBY,MD,AEA,EN,Federal Contract Tower,0,10,12,0,22,0,0,0,0,0,0,10,12,0,22,0,0,0,22
09/28/2020,SBY,MD,AEA,EN,Federal Contract Tower,0,12,10,0,22,0,4,89,26,119,0,16,99,26,141,66,90,156,297
09/29/2020,SBY,MD,AEA,EN,Federal Contract Tower,0,10,12,0,22,0,0,17,14,31,0,10,29,14,53,26,54,80,133
10/01/2020,SBY,MD,AEA,EN,Federal Contract Tower,0,16,9,0,25,0,0,51,10,61,0,16,60,10,86,70,104,174,260
10/02/2020,SBY,MD,AEA,EN,Federal Contract Tower,0,13,5,0,18,0,0,29,20,49,0,13,34,20,67,36,94,130,197
10/03/2020,SBY,MD,AEA,EN,Federal Contract Tower,0,6,4,0,10,0,0,61,0,61,0,6,65,0,71,106,0,106,177
10/04/2020,SBY,MD,AEA,EN,Federal Contract Tower,0,9,0,0,9,0,0,46,0,46,0,9,46,0,55,90,0,90,145
10/05/2020,SBY,MD,AEA,EN,Federal Contract Tower,0,12,6,5,23,0,18,82,45,145,0,30,88,50,168,74,120,194,362
10/06/2020,SBY,MD,AEA,EN,Federal Contract Tower,0,18,9,2,29,0,2,63,26,91,0,20,72,28,120,78,112,190,310
10/07/2020,SBY,MD,AEA,EN,Federal Contract Tower,0,16,2,2,20,0,0,41,48,89,0,16,43,50,109,54,56,110,219
10/08/2020,SBY,MD,AEA,EN,Federal Contract Tower,0,18,6,0,24,0,2,50,4,56,0,20,56,4,80,38,0,38,118
10/09/2020,SBY,MD,AEA,EN,Federal Contract Tower,0,13,7,1,21,0,0,4,72,76,0,13,11,73,97,64,108,172,269
10/10/2020,SBY,MD,AEA,EN,Federal Contract Tower,0,8,4,0,12,0,8,19,0,27,0,16,23,0,39,16,0,16,55
10/11/2020,SBY,MD,AEA,EN,Federal Contract Tower,0,9,1,0,10,0,2,5,0,7,0,11,6,0,17,2,0,2,19
10/12/2020,SBY,MD,AEA,EN,Federal Contract Tower,0,11,4,0,15,0,0,0,0,0,0,11,4,0,15,0,0,0,15
10/13/2020,SBY,MD,AEA,EN,Federal Contract Tower,0,15,5,12,32,0,0,0,0,0,0,15,5,12,32,0,0,0,32
10/14/2020,SBY,MD,AEA,EN,Federal Contract Tower,0,19,11,1,31,0,22,103,12,137,0,41,114,13,168,118,50,168,336
10/15/2020,SBY,MD,AEA,EN,Federal Contract Tower,0,19,8,0,27,0,0,70,8,78,0,19,78,8,105,90,46,136,241
10/16/2020,SBY,MD,AEA,EN,Federal Contract Tower,0,18,7,0,25,0,0,0,0,0,0,18,7,0,25,0,0,0,25
10/17/2020,SBY,MD,AEA,EN,Federal Contract Tower,0,6,6,0,12,0,0,53,0,53,0,6,59,0,65,28,0,28,93
10/18/2020,SBY,MD,AEA,EN,Federal Contract Tower,0,8,5,0,13,0,0,27,0,27,0,8,32,0,40,16,0,16,56
10/19/2020,SBY,MD,AEA,EN,Federal Contract Tower,0,14,8,2,24,0,9,28,4,41,0,23,36,6,65,40,18,58,123
10/20/2020,SBY,MD,AEA,EN,Federal Contract Tower,0,13,20,1,34,0,22,22,5,49,0,35,42,6,83,30,34,64,147
10/21/2020,SBY,MD,AEA,EN,Federal Contract Tower,0,13,15,1,29,0,4,35,16,55,0,17,50,17,84,82,82,164,248
10/22/2020,SBY,MD,AEA,EN,Federal Contract Tower,0,17,18,4,39,0,2,58,2,62,0,19,76,6,101,34,14,48,149
10/23/2020,SBY,MD,AEA,EN,Federal Contract Tower,0,16,11,0,27,0,0,15,0,15,0,16,26,0,42,0,0,0,42
10/24/2020,SBY,MD,AEA,EN,Federal Contract Tower,0,9,13,1,23,0,0,50,1,51,0,9,63,2,74,72,50,122,196
10/25/2020,SBY,MD,AEA,EN,Federal Contract Tower,0,11,0,0,11,0,0,0,0,0,0,11,0,0,11,0,0,0,11
10/26/2020,SBY,MD,AEA,EN,Federal Contract Tower,0,11,5,0,16,0,4,4,0,8,0,15,9,0,24,8,0,8,32
10/27/2020,SBY,MD,AEA,EN,Federal Contract Tower,0,10,17,0,27,0,2,28,6,36,0,12,45,6,63,34,38,72,135
10/28/2020,SBY,MD,AEA,EN,Federal Contract Tower,0,16,8,1,25,0,2,15,9,26,0,18,23,10,51,26,40,66,117
10/29/2020,SBY,MD,AEA,EN,Federal Contract Tower,0,16,5,0,21,0,0,0,0,0,0,16,5,0,21,0,0,0,21
10/30/2020,SBY,MD,AEA,EN,Federal Contract Tower,0,15,2,0,17,0,1,1,6,8,0,16,3,6,25,0,0,0,25
10/31/2020,SBY,MD,AEA,EN,Federal Contract Tower,0,7,4,0,11,0,2,86,0,88,0,9,90,0,99,102,0,102,201
11/01/2020,SBY,MD,AEA,EN,Federal Contract Tower,0,9,5,0,14,0,0,10,0,10,0,9,15,0,24,0,0,0,24
11/02/2020,SBY,MD,AEA,EN,Federal Contract Tower,0,11,10,0,21,0,2,26,8,36,0,13,36,8,57,0,22,22,79
11/03/2020,SBY,MD,AEA,EN,Federal Contract Tower,0,13,15,0,28,0,42,51,10,103,0,55,66,10,131,26,26,52,183
11/04/2020,SBY,MD,AEA,EN,Federal Contract Tower,0,11,5,1,17,0,15,94,28,137,0,26,99,29,154,72,108,180,334
11/05/2020,SBY,MD,AEA,EN,Federal Contract Tower,0,19,7,0,26,0,9,56,4,69,0,28,63,4,95,60,44,104,199
11/06/2020,SBY,MD,AEA,EN,Federal Contract Tower,0,15,6,1,22,0,0,17,8,25,0,15,23,9,47,16,28,44,91
11/07/2020,SBY,MD,AEA,EN,Federal Contract Tower,0,11,5,3,19,0,0,51,1,52,0,11,56,4,71,40,0,40,111
11/08/2020,SBY,MD,AEA,EN,Federal Contract Tower,0,10,6,0,16,0,2,41,0,43,0,12,47,0,59,76,0,76,135
11/09/2020,SBY,MD,AEA,EN,Federal Contract Tower,0,15,9,0,24,0,14,45,6,65,0,29,54,6,89,20,48,68,157
11/10/2020,SBY,MD,AEA,EN,Federal Contract Tower,0,13,5,1,19,0,10,35,27,72,0,23,40,28,91,44,60,104,195
11/11/2020,SBY,MD,AEA,EN,Federal Contract Tower,0,8,1,0,9,0,0,9,0,9,0,8,10,0,18,10,0,10,28
11/12/2020,SBY,MD,AEA,EN,Federal Contract Tower,0,18,2,0,20,0,0,0,0,0,0,18,2,0,20,0,0,0,20
11/13/2020,SBY,MD,AEA,EN,Federal Contract Tower,0,16,10,0,26,0,0,13,2,15,0,16,23,2,41,0,12,12,53
11/14/2020,SBY,MD,AEA,EN,Federal Contract Tower,0,10,6,0,16,0,0,62,0,62,0,10,68,0,78,70,0,70,148
11/15/2020,SBY,MD,AEA,EN,Federal Contract Tower,0,14,0,0,14,0,8,8,0,16,0,22,8,0,30,10,0,10,40
11/16/2020,SBY,MD,AEA,EN,Federal Contract Tower,0,14,4,1,19,0,0,38,19,57,0,14,42,20,76,36,100,136,212
11/17/2020,SBY,MD,AEA,EN,Federal Contract Tower,0,15,3,0,18,0,2,20,2,24,0,17,23,2,42,14,0,14,56
11/18/2020,SBY,MD,AEA,EN,Federal Contract Tower,0,11,4,0,15,0,2,10,12,24,0,13,14,12,39,0,2,2,41
11/19/2020,SBY,MD,AEA,EN,Federal Contract Tower,0,20,5,0,25,0,12,28,14,54,0,32,33,14,79,22,54,76,155
11/20/2020,SBY,MD,AEA,EN,Federal Contract Tower,0,21,14,0,35,0,0,38,2,40,0,21,52,2,75,16,8,24,99
11/21/2020,SBY,MD,AEA,EN,Federal Contract Tower,0,11,10,0,21,0,0,78,14,92,0,11,88,14,113,120,26,146,259
11/22/2020,SBY,MD,AEA,EN,Federal Contract Tower,0,18,9,0,27,0,0,12,0,12,0,18,21,0,39,0,0,0,39
11/23/2020,SBY,MD,AEA,EN,Federal Contract Tower,0,12,2,8,22,0,2,22,64,88,0,14,24,72,110,10,158,168,278
11/24/2020,SBY,MD,AEA,EN,Federal Contract Tower,0,16,9,2,27,0,4,50,14,68,0,20,59,16,95,34,30,64,159
11/25/2020,SBY,MD,AEA,EN,Federal Contract Tower,0,16,7,0,23,0,6,28,14,48,0,22,35,14,71,16,0,16,87
11/26/2020,SBY,MD,AEA,EN,Federal Contract Tower,0,0,2,0,2,0,0,0,0,0,0,0,2,0,2,0,0,0,2
11/27/2020,SBY,MD,AEA,EN,Federal Contract Tower,0,10,5,0,15,0,8,21,0,29,0,18,26,0,44,56,0,56,100
11/28/2020,SBY,MD,AEA,EN,Federal Contract Tower,0,13,8,0,21,0,0,37,0,37,0,13,45,0,58,42,0,42,100
11/29/2020,SBY,MD,AEA,EN,Federal Contract Tower,0,9,7,0,16,0,24,74,0,98,0,33,81,0,114,66,0,66,180
11/30/2020,SBY,MD,AEA,EN,Federal Contract Tower,0,8,8,0,16,0,14,0,0,14,0,22,8,0,30,0,0,0,30
12/01/2020,SBY,MD,AEA,EN,Federal Contract Tower,0,18,8,0,26,0,4,31,2,37,0,22,39,2,63,12,18,30,93
12/02/2020,SBY,MD,AEA,EN,Federal Contract Tower,0,12,8,0,20,0,0,25,0,25,0,12,33,0,45,12,0,12,57
12/03/2020,SBY,MD,AEA,EN,Federal Contract Tower,0,22,8,2,32,0,0,42,4,46,0,22,50,6,78,22,26,48,126
12/04/2020,SBY,MD,AEA,EN,Federal Contract Tower,0,20,3,0,23,0,0,35,4,39,0,20,38,4,62,10,20,30,92
12/05/2020,SBY,MD,AEA,EN,Federal Contract Tower,0,7,0,0,7,0,0,0,0,0,0,7,0,0,7,0,0,0,7
12/06/2020,SBY,MD,AEA,EN,Federal Contract Tower,0,13,2,1,16,0,5,16,1,22,0,18,18,2,38,2,0,2,40
12/07/2020,SBY,MD,AEA,EN,Federal Contract Tower,0,13,3,5,21,0,6,2,3,11,0,19,5,8,32,0,18,18,50
12/08/2020,SBY,MD,AEA,EN,Federal Contract Tower,0,17,5,0,22,0,6,20,2,28,0,23,25,2,50,22,0,22,72
12/09/2020,SBY,MD,AEA,EN,Federal Contract Tower,0,10,6,3,19,0,3,42,10,55,0,13,48,13,74,46,50,96,170
12/10/2020,SBY,MD,AEA,EN,Federal Contract Tower,0,19,9,0,28,0,6,50,6,62,0,25,59,6,90,36,18,54,144
12/11/2020,SBY,MD,AEA,EN,Federal Contract Tower,0,17,4,0,21,0,3,35,2,40,0,20,39,2,61,40,16,56,117
12/12/2020,SBY,MD,AEA,EN,Federal Contract Tower,0,10,3,0,13,0,0,29,0,29,0,10,32,0,42,24,0,24,66
12/13/2020,SBY,MD,AEA,EN,Federal Contract Tower,0,10,1,0,11,0,16,64,0,80,0,26,65,0,91,124,0,124,215
12/14/2020,SBY,MD,AEA,EN,Federal Contract Tower,0,14,3,0,17,0,2,0,0,2,0,16,3,0,19,0,0,0,19
12/15/2020,SBY,MD,AEA,EN,Federal Contract Tower,0,16,5,0,21,0,4,46,6,56,0,20,51,6,77,30,4,34,111
12/16/2020,SBY,MD,AEA,EN,Federal Contract Tower,0,16,0,4,20,0,4,2,4,10,0,20,2,8,30,0,0,0,30
12/17/2020,SBY,MD,AEA,EN,Federal Contract Tower,0,19,3,2,24,0,5,14,2,21,0,24,17,4,45,0,8,8,53
12/18/2020,SBY,MD,AEA,EN,Federal Contract Tower,0,21,5,0,26,0,0,24,4,28,0,21,29,4,54,10,4,14,68
12/19/2020,SBY,MD,AEA,EN,Federal Contract Tower,0,13,1,0,14,0,0,43,0,43,0,13,44,0,57,106,0,106,163
12/20/2020,SBY,MD,AEA,EN,Federal Contract Tower,0,9,8,0,17,0,0,0,0,0,0,9,8,0,17,0,0,0,17
12/21/2020,SBY,MD,AEA,EN,Federal Contract Tower,0,19,4,0,23,0,0,0,0,0,0,19,4,0,23,0,0,0,23
12/22/2020,SBY,MD,AEA,EN,Federal Contract Tower,0,19,8,0,27,0,16,18,6,40,0,35,26,6,67,8,12,20,87
12/23/2020,SBY,MD,AEA,EN,Federal Contract Tower,0,20,10,0,30,0,0,53,2,55,0,20,63,2,85,48,0,48,133
12/24/2020,SBY,MD,AEA,EN,Federal Contract Tower,0,11,1,0,12,0,2,4,0,6,0,13,5,0,18,0,0,0,18
12/25/2020,SBY,MD,AEA,EN,Federal Contract Tower,0,5,2,0,7,0,2,0,0,2,0,7,2,0,9,0,0,0,9
12/26/2020,SBY,MD,AEA,EN,Federal Contract Tower,0,13,5,0,18,0,0,29,0,29,0,13,34,0,47,4,0,4,51
12/27/2020,SBY,MD,AEA,EN,Federal Contract Tower,0,12,2,0,14,0,2,14,0,16,0,14,16,0,30,6,0,6,36
12/28/2020,SBY,MD,AEA,EN,Federal Contract Tower,0,16,7,0,23,0,13,75,30,118,0,29,82,30,141,76,98,174,315
12/29/2020,SBY,MD,AEA,EN,Federal Contract Tower,0,19,4,0,23,0,8,35,0,43,0,27,39,0,66,24,0,24,90
12/30/2020,SBY,MD,AEA,EN,Federal Contract Tower,0,15,8,0,23,0,8,43,0,51,0,23,51,0,74,8,0,8,82
12/31/2020,SBY,MD,AEA,EN,Federal Contract Tower,0,12,6,0,18,0,0,0,0,0,0,12,6,0,18,0,0,0,18
01/01/2021,SBY,MD,AEA,EN,Federal Contract Tower,0,7,0,0,7,0,0,1,0,1,0,7,1,0,8,0,0,0,8
01/02/2021,SBY,MD,AEA,EN,Federal Contract Tower,0,15,1,0,16,0,0,3,0,3,0,15,4,0,19,10,0,10,29
01/03/2021,SBY,MD,AEA,EN,Federal Contract Tower,0,14,3,0,17,0,0,0,0,0,0,14,3,0,17,0,0,0,17
01/04/2021,SBY,MD,AEA,EN,Federal Contract Tower,0,13,5,0,18,0,1,2,2,5,0,14,7,2,23,8,0,8,31
01/05/2021,SBY,MD,AEA,EN,Federal Contract Tower,0,11,2,5,18,0,0,12,3,15,0,11,14,8,33,26,16,42,75
01/06/2021,SBY,MD,AEA,EN,Federal Contract Tower,0,15,9,0,24,0,3,27,34,64,0,18,36,34,88,2,0,2,90
01/07/2021,SBY,MD,AEA,EN,Federal Contract Tower,0,18,5,2,25,0,10,45,14,69,0,28,50,16,94,20,0,20,114
01/08/2021,SBY,MD,AEA,EN,Federal Contract Tower,0,13,7,0,20,0,0,19,2,21,0,13,26,2,41,12,28,40,81
01/09/2021,SBY,MD,AEA,EN,Federal Contract Tower,0,5,8,0,13,0,6,15,0,21,0,11,23,0,34,20,0,20,54
01/10/2021,SBY,MD,AEA,EN,Federal Contract Tower,0,11,6,0,17,0,1,52,0,53,0,12,58,0,70,20,0,20,90
01/11/2021,SBY,MD,AEA,EN,Federal Contract Tower,0,13,2,0,15,0,2,32,8,42,0,15,34,8,57,24,8,32,89
01/12/2021,SBY,MD,AEA,EN,Federal Contract Tower,0,12,7,0,19,0,2,46,20,68,0,14,53,20,87,40,10,50,137
01/13/2021,SBY,MD,AEA,EN,Federal Contract Tower,0,11,7,2,20,0,2,44,14,60,0,13,51,16,80,14,56,70,150
01/14/2021,SBY,MD,AEA,EN,Federal Contract Tower,0,34,2,0,36,0,0,41,6,47,0,34,43,6,83,46,38,84,167
01/15/2021,SBY,MD,AEA,EN,Federal Contract Tower,0,15,9,2,26,0,2,19,3,24,0,17,28,5,50,16,20,36,86
01/16/2021,SBY,MD,AEA,EN,Federal Contract Tower,0,7,7,0,14,0,0,25,0,25,0,7,32,0,39,24,0,24,63
01/17/2021,SBY,MD,AEA,EN,Federal Contract Tower,0,8,5,0,13,0,0,42,0,42,0,8,47,0,55,30,0,30,85
01/18/2021,SBY,MD,AEA,EN,Federal Contract Tower,0,13,8,0,21,0,8,49,0,57,0,21,57,0,78,44,0,44,122
01/19/2021,SBY,MD,AEA,EN,Federal Contract Tower,0,14,10,0,24,0,10,42,0,52,0,24,52,0,76,26,0,26,102
01/20/2021,SBY,MD,AEA,EN,Federal Contract Tower,0,10,3,2,15,0,0,16,8,24,0,10,19,10,39,2,18,20,59
01/21/2021,SBY,MD,AEA,EN,Federal Contract Tower,0,15,12,2,29,0,7,27,14,48,0,22,39,16,77,32,54,86,163
01/22/2021,SBY,MD,AEA,EN,Federal Contract Tower,0,15,5,0,20,0,2,61,0,63,0,17,66,0,83,38,0,38,121
01/23/2021,SBY,MD,AEA,EN,Federal Contract Tower,0,7,3,0,10,0,1,18,6,25,0,8,21,6,35,8,0,8,43
01/24/2021,SBY,MD,AEA,EN,Federal Contract Tower,0,10,5,0,15,0,38,51,0,89,0,48,56,0,104,66,0,66,170
01/25/2021,SBY,MD,AEA,EN,Federal Contract Tower,0,9,0,0,9,0,2,33,0,35,0,11,33,0,44,0,0,0,44
01/26/2021,SBY,MD,AEA,EN,Federal Contract Tower,0,11,0,0,11,0,0,0,0,0,0,11,0,0,11,0,0,0,11
01/27/2021,SBY,MD,AEA,EN,Federal Contract Tower,0,10,10,8,28,0,2,42,26,70,0,12,52,34,98,62,100,162,260
01/28/2021,SBY,MD,AEA,EN,Federal Contract Tower,0,17,5,0,22,0,11,4,4,19,0,28,9,4,41,2,10,12,53
01/29/2021,SBY,MD,AEA,EN,Federal Contract Tower,0,17,3,0,20,0,6,12,0,18,0,23,15,0,38,0,0,0,38
01/30/2021,SBY,MD,AEA,EN,Federal Contract Tower,0,10,10,0,20,0,0,47,0,47,0,10,57,0,67,16,0,16,83
01/31/2021,SBY,MD,AEA,EN,Federal Contract Tower,0,9,1,0,10,0,0,0,0,0,0,9,1,0,10,0,0,0,10
02/01/2021,SBY,MD,AEA,EN,Federal Contract Tower,0,10,3,0,13,0,0,0,0,0,0,10,3,0,13,0,0,0,13
02/02/2021,SBY,MD,AEA,EN,Federal Contract Tower,0,5,2,0,7,0,0,0,0,0,0,5,2,0,7,0,0,0,7
02/03/2021,SBY,MD,AEA,EN,Federal Contract Tower,0,12,11,0,23,0,11,9,6,26,0,23,20,6,49,2,24,26,75
02/04/2021,SBY,MD,AEA,EN,Federal Contract Tower,0,16,6,0,22,0,2,55,8,65,0,18,61,8,87,92,28,120,207
02/05/2021,SBY,MD,AEA,EN,Federal Contract Tower,0,19,3,0,22,0,2,13,0,15,0,21,16,0,37,24,0,24,61
02/06/2021,SBY,MD,AEA,EN,Federal Contract Tower,0,7,8,0,15,0,0,60,0,60,0,7,68,0,75,66,0,66,141
02/07/2021,SBY,MD,AEA,EN,Federal Contract Tower,0,7,4,0,11,0,0,0,0,0,0,7,4,0,11,0,0,0,11
02/08/2021,SBY,MD,AEA,EN,Federal Contract Tower,0,18,11,0,29,0,18,62,2,82,0,36,73,2,111,138,0,138,249
02/09/2021,SBY,MD,AEA,EN,Federal Contract Tower,0,8,4,2,14,0,8,0,0,8,0,16,4,2,22,0,0,0,22
02/10/2021,SBY,MD,AEA,EN,Federal Contract Tower,0,15,7,4,26,0,23,61,22,106,0,38,68,26,132,102,16,118,250
02/11/2021,SBY,MD,AEA,EN,Federal Contract Tower,0,8,0,0,8,0,0,0,0,0,0,8,0,0,8,0,0,0,8
02/12/2021,SBY,MD,AEA,EN,Federal Contract Tower,0,19,5,0,24,0,0,2,0,2,0,19,7,0,26,0,0,0,26
02/13/2021,SBY,MD,AEA,EN,Federal Contract Tower,0,3,0,0,3,0,0,0,0,0,0,3,0,0,3,0,0,0,3
02/14/2021,SBY,MD,AEA,EN,Federal Contract Tower,0,8,3,0,11,0,0,0,0,0,0,8,3,0,11,0,0,0,11
02/15/2021,SBY,MD,AEA,EN,Federal Contract Tower,0,10,5,0,15,0,0,0,0,0,0,10,5,0,15,0,0,0,15
02/16/2021,SBY,MD,AEA,EN,Federal Contract Tower,0,11,8,0,19,0,19,3,6,28,0,30,11,6,47,0,0,0,47
02/17/2021,SBY,MD,AEA,EN,Federal Contract Tower,0,12,6,0,18,0,0,88,32,120,0,12,94,32,138,88,38,126,264
02/18/2021,SBY,MD,AEA,EN,Federal Contract Tower,0,7,4,0,11,0,0,0,0,0,0,7,4,0,11,0,0,0,11
02/19/2021,SBY,MD,AEA,EN,Federal Contract Tower,0,15,5,0,20,0,0,0,0,0,0,15,5,0,20,0,0,0,20
02/20/2021,SBY,MD,AEA,EN,Federal Contract Tower,0,4,8,0,12,0,1,11,0,12,0,5,19,0,24,4,0,4,28
02/21/2021,SBY,MD,AEA,EN,Federal Contract Tower,0,10,12,0,22,0,18,98,0,116,0,28,110,0,138,162,0,162,300
02/22/2021,SBY,MD,AEA,EN,Federal Contract Tower,0,19,0,0,19,0,18,5,0,23,0,37,5,0,42,38,0,38,80
02/23/2021,SBY,MD,AEA,EN,Federal Contract Tower,0,10,6,2,18,0,8,33,0,41,0,18,39,2,59,164,0,164,223
02/24/2021,SBY,MD,AEA,EN,Federal Contract Tower,0,20,10,3,33,0,5,73,4,82,0,25,83,7,115,108,4,112,227
02/25/2021,SBY,MD,AEA,EN,Federal Contract Tower,0,25,9,1,35,0,4,47,7,58,0,29,56,8,93,74,42,116,209
02/26/2021,SBY,MD,AEA,EN,Federal Contract Tower,0,21,4,2,27,0,7,62,2,71,0,28,66,4,98,108,2,110,208
02/27/2021,SBY,MD,AEA,EN,Federal Contract Tower,0,12,4,0,16,0,0,2,0,2,0,12,6,0,18,10,0,10,28
02/28/2021,SBY,MD,AEA,EN,Federal Contract Tower,0,17,5,0,22,0,0,0,0,0,0,17,5,0,22,0,0,0,22
03/01/2021,SBY,MD,AEA,EN,Federal Contract Tower,0,14,1,0,15,0,0,0,0,0,0,14,1,0,15,0,0,0,15
03/02/2021,SBY,MD,AEA,EN,Federal Contract Tower,0,11,3,3,17,0,10,28,13,51,0,21,31,16,68,80,38,118,186
03/03/2021,SBY,MD,AEA,EN,Federal Contract Tower,0,13,6,0,19,0,0,82,6,88,0,13,88,6,107,128,30,158,265
03/05/2021,SBY,MD,AEA,EN,Federal Contract Tower,0,15,10,2,27,0,0,7,8,15,0,15,17,10,42,0,38,38,80
03/06/2021,SBY,MD,AEA,EN,Federal Contract Tower,0,11,7,0,18,0,0,28,2,30,0,11,35,2,48,22,0,22,70
03/07/2021,SBY,MD,AEA,EN,Federal Contract Tower,0,10,8,0,18,0,18,28,0,46,0,28,36,0,64,34,0,34,98
03/08/2021,SBY,MD,AEA,EN,Federal Contract Tower,0,17,8,0,25,0,0,109,14,123,0,17,117,14,148,220,62,282,430
03/09/2021,SBY,MD,AEA,EN,Federal Contract Tower,0,20,10,2,32,0,10,66,20,96,0,30,76,22,128,156,76,232,360
03/10/2021,SBY,MD,AEA,EN,Federal Contract Tower,0,17,12,0,29,0,18,72,14,104,0,35,84,14,133,132,28,160,293
03/11/2021,SBY,MD,AEA,EN,Federal Contract Tower,0,21,3,0,24,0,2,29,6,37,0,23,32,6,61,14,20,34,95
03/12/2021,SBY,MD,AEA,EN,Federal Contract Tower,0,12,4,2,18,0,1,56,14,71,0,13,60,16,89,80,32,112,201
03/13/2021,SBY,MD,AEA,EN,Federal Contract Tower,0,8,8,0,16,0,0,18,0,18,0,8,26,0,34,14,0,14,48
03/14/2021,SBY,MD,AEA,EN,Federal Contract Tower,0,9,4,0,13,0,5,16,0,21,0,14,20,0,34,4,0,4,38
03/15/2021,SBY,MD,AEA,EN,Federal Contract Tower,0,19,8,0,27,0,12,65,6,83,0,31,73,6,110,122,38,160,270
03/16/2021,SBY,MD,AEA,EN,Federal Contract Tower,0,18,5,0,23,0,0,14,4,18,0,18,19,4,41,0,0,0,41
03/17/2021,SBY,MD,AEA,EN,Federal Contract Tower,0,20,4,2,26,0,2,0,0,2,0,22,4,2,28,0,0,0,28
03/18/2021,SBY,MD,AEA,EN,Federal Contract Tower,0,15,1,0,16,0,0,0,0,0,0,15,1,0,16,0,0,0,16
03/19/2021,SBY,MD,AEA,EN,Federal Contract Tower,0,15,0,0,15,0,0,5,2,7,0,15,5,2,22,0,26,26,48
03/20/2021,SBY,MD,AEA,EN,Federal Contract Tower,0,10,4,0,14,0,2,78,0,80,0,12,82,0,94,56,0,56,150
03/21/2021,SBY,MD,AEA,EN,Federal Contract Tower,0,10,2,0,12,0,4,68,0,72,0,14,70,0,84,78,0,78,162
03/22/2021,SBY,MD,AEA,EN,Federal Contract Tower,0,11,6,1,18,0,19,72,22,113,0,30,78,23,131,118,114,232,363
03/23/2021,SBY,MD,AEA,EN,Federal Contract Tower,0,12,5,0,17,0,0,18,2,20,0,12,23,2,37,56,26,82,119
03/24/2021,SBY,MD,AEA,EN,Federal Contract Tower,0,23,8,0,31,0,0,0,0,0,0,23,8,0,31,0,0,0,31
03/25/2021,SBY,MD,AEA,EN,Federal Contract Tower,0,16,11,2,29,0,4,15,8,27,0,20,26,10,56,4,42,46,102
03/26/2021,SBY,MD,AEA,EN,Federal Contract Tower,0,15,3,2,20,0,1,2,0,3,0,16,5,2,23,0,0,0,23
03/27/2021,SBY,MD,AEA,EN,Federal Contract Tower,0,9,7,0,16,0,0,79,0,79,0,9,86,0,95,62,0,62,157
03/28/2021,SBY,MD,AEA,EN,Federal Contract Tower,0,9,1,0,10,0,0,0,0,0,0,9,1,0,10,0,0,0,10
03/29/2021,SBY,MD,AEA,EN,Federal Contract Tower,0,15,13,0,28,0,23,26,6,55,0,38,39,6,83,34,24,58,141
03/30/2021,SBY,MD,AEA,EN,Federal Contract Tower,0,10,6,0,16,0,18,41,9,68,0,28,47,9,84,58,48,106,190
03/31/2021,SBY,MD,AEA,EN,Federal Contract Tower,0,20,6,2,28,0,0,24,4,28,0,20,30,6,56,58,22,80,136
04/01/2021,SBY,MD,AEA,EN,Federal Contract Tower,0,15,10,3,28,0,0,13,5,18,0,15,23,8,46,12,12,24,70
04/02/2021,SBY,MD,AEA,EN,Federal Contract Tower,0,16,5,0,21,0,0,27,0,27,0,16,32,0,48,12,0,12,60
04/03/2021,SBY,MD,AEA,EN,Federal Contract Tower,0,9,10,0,19,0,0,69,0,69,0,9,79,0,88,72,0,72,160
04/04/2021,SBY,MD,AEA,EN,Federal Contract Tower,0,10,5,0,15,0,12,42,2,56,0,22,47,2,71,64,0,64,135
04/05/2021,SBY,MD,AEA,EN,Federal Contract Tower,0,14,8,0,22,0,23,73,26,122,0,37,81,26,144,132,90,222,366
04/06/2021,SBY,MD,AEA,EN,Federal Contract Tower,0,14,3,0,17,0,8,83,18,109,0,22,86,18,126,126,74,200,326
04/07/2021,SBY,MD,AEA,EN,Federal Contract Tower,0,16,10,0,26,0,18,57,15,90,0,34,67,15,116,124,14,138,254
04/08/2021,SBY,MD,AEA,EN,Federal Contract Tower,0,15,8,8,31,0,1,51,14,66,0,16,59,22,97,106,32,138,235
04/09/2021,SBY,MD,AEA,EN,Federal Contract Tower,0,15,5,0,20,0,1,23,0,24,0,16,28,0,44,74,0,74,118
04/10/2021,SBY,MD,AEA,EN,Federal Contract Tower,0,9,10,0,19,0,0,31,0,31,0,9,41,0,50,20,0,20,70
04/11/2021,SBY,MD,AEA,EN,Federal Contract Tower,0,12,1,0,13,0,0,12,0,12,0,12,13,0,25,46,0,46,71
04/12/2021,SBY,MD,AEA,EN,Federal Contract Tower,0,12,11,0,23,0,30,2,0,32,0,42,13,0,55,0,0,0,55
04/13/2021,SBY,MD,AEA,EN,Federal Contract Tower,0,16,21,4,41,0,4,49,0,53,0,20,70,4,94,24,0,24,118
04/14/2021,SBY,MD,AEA,EN,Federal Contract Tower,0,15,9,0,24,0,5,59,2,66,0,20,68,2,90,132,0,132,222
04/15/2021,SBY,MD,AEA,EN,Federal Contract Tower,0,16,6,3,25,0,0,13,6,19,0,16,19,9,44,22,48,70,114
04/16/2021,SBY,MD,AEA,EN,Federal Contract Tower,0,16,10,0,26,0,0,35,0,35,0,16,45,0,61,24,0,24,85
04/17/2021,SBY,MD,AEA,EN,Federal Contract Tower,0,7,18,0,25,0,0,80,0,80,0,7,98,0,105,68,0,68,173
04/18/2021,SBY,MD,AEA,EN,Federal Contract Tower,0,11,3,0,14,0,4,75,0,79,0,15,78,0,93,58,0,58,151
04/19/2021,SBY,MD,AEA,EN,Federal Contract Tower,0,12,3,0,15,0,0,7,0,7,0,12,10,0,22,0,0,0,22
04/20/2021,SBY,MD,AEA,EN,Federal Contract Tower,0,16,7,2,25,0,23,76,38,137,0,39,83,40,162,124,100,224,386
04/21/2021,SBY,MD,AEA,EN,Federal Contract Tower,0,13,1,0,14,0,2,22,10,34,0,15,23,10,48,74,44,118,166
04/22/2021,SBY,MD,AEA,EN,Federal Contract Tower,0,15,10,4,29,0,0,13,10,23,0,15,23,14,52,24,48,72,124
04/23/2021,SBY,MD,AEA,EN,Federal Contract Tower,0,16,3,0,19,0,6,35,18,59,0,22,38,18,78,26,80,106,184
04/24/2021,SBY,MD,AEA,EN,Federal Contract Tower,0,9,4,0,13,0,5,60,0,65,0,14,64,0,78,80,0,80,158
04/25/2021,SBY,MD,AEA,EN,Federal Contract Tower,0,9,1,0,10,0,5,12,0,17,0,14,13,0,27,0,0,0,27
04/26/2021,SBY,MD,AEA,EN,Federal Contract Tower,0,10,9,0,19,0,14,35,6,55,0,24,44,6,74,62,38,100,174
04/27/2021,SBY,MD,AEA,EN,Federal Contract Tower,0,18,10,3,31,0,8,41,19,68,0,26,51,22,99,40,82,122,221
04/28/2021,SBY,MD,AEA,EN,Federal Contract Tower,0,19,9,1,29,0,8,45,6,59,0,27,54,7,88,14,10,24,112
04/29/2021,SBY,MD,AEA,EN,Federal Contract Tower,0,19,5,0,24,0,7,40,18,65,0,26,45,18,89,42,66,108,197
04/30/2021,SBY,MD,AEA,EN,Federal Contract Tower,0,16,3,0,19,0,0,12,4,16,0,16,15,4,35,6,8,14,49
05/01/2021,SBY,MD,AEA,EN,Federal Contract Tower,0,14,12,0,26,0,2,21,0,23,0,16,33,0,49,4,0,4,53
05/02/2021,SBY,MD,AEA,EN,Federal Contract Tower,0,12,8,0,20,0,2,63,0,65,0,14,71,0,85,42,0,42,127
05/03/2021,SBY,MD,AEA,EN,Federal Contract Tower,0,11,7,0,18,0,3,9,0,12,0,14,16,0,30,10,0,10,40
05/04/2021,SBY,MD,AEA,EN,Federal Contract Tower,0,10,9,0,19,0,6,64,42,112,0,16,73,42,131,64,104,168,299
05/05/2021,SBY,MD,AEA,EN,Federal Contract Tower,0,16,13,0,29,0,8,42,16,66,0,24,55,16,95,46,32,78,173
05/06/2021,SBY,MD,AEA,EN,Federal Contract Tower,0,16,16,7,39,0,2,93,8,103,0,18,109,15,142,136,50,186,328
05/07/2021,SBY,MD,AEA,EN,Federal Contract Tower,0,15,8,0,23,0,4,54,4,62,0,19,62,4,85,128,16,144,229
05/08/2021,SBY,MD,AEA,EN,Federal Contract Tower,0,14,3,0,17,0,0,26,0,26,0,14,29,0,43,14,0,14,57
05/09/2021,SBY,MD,AEA,EN,Federal Contract Tower,0,9,3,0,12,0,2,31,0,33,0,11,34,0,45,12,0,12,57
05/10/2021,SBY,MD,AEA,EN,Federal Contract Tower,0,13,2,0,15,0,4,15,8,27,0,17,17,8,42,18,4,22,64
05/11/2021,SBY,MD,AEA,EN,Federal Contract Tower,0,15,11,0,26,0,2,66,0,68,0,17,77,0,94,86,0,86,180
05/12/2021,SBY,MD,AEA,EN,Federal Contract Tower,0,18,13,13,44,0,0,61,8,69,0,18,74,21,113,50,38,88,201
05/13/2021,SBY,MD,AEA,EN,Federal Contract Tower,0,15,9,2,26,0,10,33,14,57,0,25,42,16,83,30,86,116,199
05/14/2021,SBY,MD,AEA,EN,Federal Contract Tower,0,17,6,2,25,0,2,56,8,66,0,19,62,10,91,38,8,46,137
05/15/2021,SBY,MD,AEA,EN,Federal Contract Tower,0,11,6,0,17,0,0,65,0,65,0,11,71,0,82,94,0,94,176
05/16/2021,SBY,MD,AEA,EN,Federal Contract Tower,0,12,4,0,16,0,2,44,4,50,0,14,48,4,66,26,0,26,92
05/17/2021,SBY,MD,AEA,EN,Federal Contract Tower,0,16,9,5,30,0,0,29,31,60,0,16,38,36,90,22,96,118,208
05/18/2021,SBY,MD,AEA,EN,Federal Contract Tower,0,15,6,0,21,0,6,41,48,95,0,21,47,48,116,6,156,162,278
05/19/2021,SBY,MD,AEA,EN,Federal Contract Tower,0,18,7,5,30,0,6,43,26,75,0,24,50,31,105,26,134,160,265
05/20/2021,SBY,MD,AEA,EN,Federal Contract Tower,0,14,9,1,24,0,23,58,32,113,0,37,67,33,137,58,110,168,305
05/21/2021,SBY,MD,AEA,EN,Federal Contract Tower,0,14,16,0,30,0,0,37,19,56,0,14,53,19,86,0,62,62,148
05/22/2021,SBY,MD,AEA,EN,Federal Contract Tower,0,10,7,0,17,0,3,59,0,62,0,13,66,0,79,22,0,22,101
05/23/2021,SBY,MD,AEA,EN,Federal Contract Tower,0,8,4,0,12,0,2,27,0,29,0,10,31,0,41,4,0,4,45
05/24/2021,SBY,MD,AEA,EN,Federal Contract Tower,0,18,11,0,29,0,6,27,22,55,0,24,38,22,84,70,0,70,154
05/25/2021,SBY,MD,AEA,EN,Federal Contract Tower,0,15,16,2,33,0,16,18,10,44,0,31,34,12,77,24,6,30,107
05/26/2021,SBY,MD,AEA,EN,Federal Contract Tower,0,17,10,0,27,0,7,24,16,47,0,24,34,16,74,24,90,114,188
05/27/2021,SBY,MD,AEA,EN,Federal Contract Tower,0,19,21,1,41,0,32,94,33,159,0,51,115,34,200,80,118,198,398
05/28/2021,SBY,MD,AEA,EN,Federal Contract Tower,0,18,5,0,23,0,6,17,2,25,0,24,22,2,48,28,14,42,90
05/29/2021,SBY,MD,AEA,EN,Federal Contract Tower,0,11,1,0,12,0,0,0,0,0,0,11,1,0,12,0,0,0,12
05/30/2021,SBY,MD,AEA,EN,Federal Contract Tower,0,1,9,0,10,0,0,0,0,0,0,1,9,0,10,0,0,0,10
05/31/2021,SBY,MD,AEA,EN,Federal Contract Tower,0,15,10,0,25,0,23,55,0,78,0,38,65,0,103,62,0,62,165
06/01/2021,SBY,MD,AEA,EN,Federal Contract Tower,0,15,7,0,22,0,2,52,26,80,0,17,59,26,102,26,100,126,228
06/02/2021,SBY,MD,AEA,EN,Federal Contract Tower,0,16,13,1,30,0,9,38,17,64,0,25,51,18,94,24,122,146,240
06/03/2021,SBY,MD,AEA,EN,Federal Contract Tower,0,17,8,8,33,0,0,3,8,11,0,17,11,16,44,0,24,24,68
06/04/2021,SBY,MD,AEA,EN,Federal Contract Tower,0,17,3,0,20,0,0,0,4,4,0,17,3,4,24,0,0,0,24
06/05/2021,SBY,MD,AEA,EN,Federal Contract Tower,0,15,8,1,24,0,18,39,0,57,0,33,47,1,81,48,0,48,129
06/06/2021,SBY,MD,AEA,EN,Federal Contract Tower,0,13,10,0,23,0,11,42,0,53,0,24,52,0,76,60,0,60,136
06/07/2021,SBY,MD,AEA,EN,Federal Contract Tower,0,13,4,4,21,0,6,31,18,55,0,19,35,22,76,42,48,90,166
06/08/2021,SBY,MD,AEA,EN,Federal Contract Tower,0,22,10,0,32,0,6,32,0,38,0,28,42,0,70,34,0,34,104
06/09/2021,SBY,MD,AEA,EN,Federal Contract Tower,0,22,18,0,40,0,0,9,8,17,0,22,27,8,57,8,4,12,69
06/10/2021,SBY,MD,AEA,EN,Federal Contract Tower,0,24,8,0,32,0,2,7,0,9,0,26,15,0,41,2,0,2,43
06/11/2021,SBY,MD,AEA,EN,Federal Contract Tower,0,19,6,0,25,0,0,0,0,0,0,19,6,0,25,0,0,0,25
06/12/2021,SBY,MD,AEA,EN,Federal Contract Tower,0,18,8,0,26,0,4,43,0,47,0,22,51,0,73,36,0,36,109
06/13/2021,SBY,MD,AEA,EN,Federal Contract Tower,0,14,9,0,23,0,6,48,0,54,0,20,57,0,77,48,0,48,125
06/14/2021,SBY,MD,AEA,EN,Federal Contract Tower,0,17,5,4,26,0,6,49,20,75,0,23,54,24,101,4,0,4,105
06/15/2021,SBY,MD,AEA,EN,Federal Contract Tower,0,25,17,8,50,0,28,67,18,113,0,53,84,26,163,72,60,132,295
06/16/2021,SBY,MD,AEA,EN,Federal Contract Tower,0,22,10,10,42,0,5,68,20,93,0,27,78,30,135,68,64,132,267
06/17/2021,SBY,MD,AEA,EN,Federal Contract Tower,0,26,4,0,30,0,14,75,8,97,0,40,79,8,127,76,56,132,259
06/18/2021,SBY,MD,AEA,EN,Federal Contract Tower,0,19,16,0,35,0,6,38,20,64,0,25,54,20,99,40,6,46,145
06/19/2021,SBY,MD,AEA,EN,Federal Contract Tower,0,16,3,0,19,0,5,51,0,56,0,21,54,0,75,24,0,24,99
06/20/2021,SBY,MD,AEA,EN,Federal Contract Tower,0,13,3,0,16,0,9,45,0,54,0,22,48,0,70,34,0,34,104
06/21/2021,SBY,MD,AEA,EN,Federal Contract Tower,0,17,12,0,29,0,6,14,4,24,0,23,26,4,53,6,18,24,77
06/22/2021,SBY,MD,AEA,EN,Federal Contract Tower,0,23,2,2,27,0,0,5,0,5,0,23,7,2,32,8,0,8,40
06/23/2021,SBY,MD,AEA,EN,Federal Contract Tower,0,21,8,0,29,0,6,89,10,105,0,27,97,10,134,42,24,66,200
06/24/2021,SBY,MD,AEA,EN,Federal Contract Tower,0,19,10,2,31,0,20,75,0,95,0,39,85,2,126,26,0,26,152
06/25/2021,SBY,MD,AEA,EN,Federal Contract Tower,0,20,11,2,33,0,15,53,10,78,0,35,64,12,111,156,4,160,271
06/26/2021,SBY,MD,AEA,EN,Federal Contract Tower,0,15,9,0,24,0,0,0,0,0,0,15,9,0,24,0,0,0,24
06/27/2021,SBY,MD,AEA,EN,Federal Contract Tower,0,14,6,0,20,0,8,38,0,46,0,22,44,0,66,4,0,4,70
06/28/2021,SBY,MD,AEA,EN,Federal Contract Tower,0,15,6,0,21,0,34,71,6,111,0,49,77,6,132,114,0,114,246
06/29/2021,SBY,MD,AEA,EN,Federal Contract Tower,0,17,7,0,24,0,2,146,12,160,0,19,153,12,184,386,88,474,658
06/30/2021,SBY,MD,AEA,EN,Federal Contract Tower,0,24,10,0,34,0,4,113,4,121,0,28,123,4,155,176,10,186,341
07/01/2021,SBY,MD,AEA,EN,Federal Contract Tower,0,22,11,0,33,0,0,0,0,0,0,22,11,0,33,274,0,274,307
07/02/2021,SBY,MD,AEA,EN,Federal Contract Tower,0,26,3,0,29,0,2,0,0,2,0,28,3,0,31,0,0,0,31
07/03/2021,SBY,MD,AEA,EN,Federal Contract Tower,0,14,9,0,23,0,7,72,0,79,0,21,81,0,102,326,0,326,428
07/04/2021,SBY,MD,AEA,EN,Federal Contract Tower,0,10,5,0,15,0,2,25,0,27,0,12,30,0,42,6,0,6,48
07/05/2021,SBY,MD,AEA,EN,Federal Contract Tower,0,22,5,0,27,0,8,91,0,99,0,30,96,0,126,392,0,392,518
07/06/2021,SBY,MD,AEA,EN,Federal Contract Tower,0,22,3,0,25,0,6,105,8,119,0,28,108,8,144,382,34,416,560
07/07/2021,SBY,MD,AEA,EN,Federal Contract Tower,0,20,7,2,29,0,7,68,77,152,0,27,75,79,181,58,356,414,595
07/08/2021,SBY,MD,AEA,EN,Federal Contract Tower,0,25,10,0,35,0,0,14,55,69,0,25,24,55,104,0,164,164,268
07/09/2021,SBY,MD,AEA,EN,Federal Contract Tower,0,26,11,0,37,0,8,49,6,63,0,34,60,6,100,52,4,56,156
07/10/2021,SBY,MD,AEA,EN,Federal Contract Tower,0,20,13,0,33,0,2,66,0,68,0,22,79,0,101,284,0,284,385
07/11/2021,SBY,MD,AEA,EN,Federal Contract Tower,0,15,6,0,21,0,10,115,6,131,0,25,121,6,152,358,0,358,510
07/12/2021,SBY,MD,AEA,EN,Federal Contract Tower,0,23,9,1,33,0,16,44,69,129,0,39,53,70,162,114,180,294,456
07/13/2021,SBY,MD,AEA,EN,Federal Contract Tower,0,23,5,0,28,0,0,49,55,104,0,23,54,55,132,44,264,308,440
07/14/2021,SBY,MD,AEA,EN,Federal Contract Tower,0,18,12,0,30,0,4,56,33,93,0,22,68,33,123,12,176,188,311
07/15/2021,SBY,MD,AEA,EN,Federal Contract Tower,0,23,11,0,34,0,18,72,49,139,0,41,83,49,173,30,110,140,313
07/16/2021,SBY,MD,AEA,EN,Federal Contract Tower,0,17,13,0,30,0,7,60,71,138,0,24,73,71,168,46,332,378,546
07/17/2021,SBY,MD,AEA,EN,Federal Contract Tower,0,12,8,0,20,0,6,47,0,53,0,18,55,0,73,22,0,22,95
07/18/2021,SBY,MD,AEA,EN,Federal Contract Tower,0,14,3,0,17,0,2,21,0,23,0,16,24,0,40,0,0,0,40
07/19/2021,SBY,MD,AEA,EN,Federal Contract Tower,0,20,15,5,40,0,0,75,43,118,0,20,90,48,158,20,250,270,428
07/20/2021,SBY,MD,AEA,EN,Federal Contract Tower,0,25,14,2,41,0,3,76,44,123,0,28,90,46,164,92,284,376,540
07/21/2021,SBY,MD,AEA,EN,Federal Contract Tower,0,18,9,0,27,0,19,12,11,42,0,37,21,11,69,0,62,62,131
07/22/2021,SBY,MD,AEA,EN,Federal Contract Tower,0,23,10,0,33,0,0,42,55,97,0,23,52,55,130,8,62,70,200
07/23/2021,SBY,MD,AEA,EN,Federal Contract Tower,0,20,19,2,41,0,10,36,55,101,0,30,55,57,142,32,102,134,276
07/24/2021,SBY,MD,AEA,EN,Federal Contract Tower,0,20,13,0,33,0,23,87,49,159,0,43,100,49,192,66,210,276,468
07/25/2021,SBY,MD,AEA,EN,Federal Contract Tower,0,17,11,0,28,0,14,36,1,51,0,31,47,1,79,6,0,6,85
07/26/2021,SBY,MD,AEA,EN,Federal Contract Tower,0,15,12,0,27,0,34,30,67,131,0,49,42,67,158,38,168,206,364
07/27/2021,SBY,MD,AEA,EN,Federal Contract Tower,0,20,16,0,36,0,8,37,82,127,0,28,53,82,163,0,94,94,257
07/28/2021,SBY,MD,AEA,EN,Federal Contract Tower,0,21,10,5,36,0,2,28,61,91,0,23,38,66,127,14,124,138,265
07/29/2021,SBY,MD,AEA,EN,Federal Contract Tower,0,21,10,0,31,0,10,9,48,67,0,31,19,48,98,0,120,120,218
07/30/2021,SBY,MD,AEA,EN,Federal Contract Tower,0,23,20,0,43,0,2,48,53,103,0,25,68,53,146,22,116,138,284
07/31/2021,SBY,MD,AEA,EN,Federal Contract Tower,0,27,3,0,30,0,4,49,48,101,0,31,52,48,131,40,90,130,261
08/01/2021,SBY,MD,AEA,EN,Federal Contract Tower,0,19,7,0,26,0,12,4,0,16,0,31,11,0,42,10,0,10,52
08/02/2021,SBY,MD,AEA,EN,Federal Contract Tower,0,18,5,0,23,0,10,43,34,87,0,28,48,34,110,22,52,74,184
08/03/2021,SBY,MD,AEA,EN,Federal Contract Tower,0,25,10,0,35,0,20,43,50,113,0,45,53,50,148,12,58,70,218
08/04/2021,SBY,MD,AEA,EN,Federal Contract Tower,0,25,16,2,43,0,2,4,27,33,0,27,20,29,76,0,18,18,94
08/05/2021,SBY,MD,AEA,EN,Federal Contract Tower,0,18,12,2,32,0,6,67,84,157,0,24,79,86,189,22,126,148,337
08/06/2021,SBY,MD,AEA,EN,Federal Contract Tower,0,26,7,0,33,0,18,87,60,165,0,44,94,60,198,46,158,204,402
08/07/2021,SBY,MD,AEA,EN,Federal Contract Tower,0,20,8,0,28,0,0,0,0,0,0,20,8,0,28,0,0,0,28
08/08/2021,SBY,MD,AEA,EN,Federal Contract Tower,0,20,15,0,35,0,6,5,28,39,0,26,20,28,74,0,168,168,242
08/09/2021,SBY,MD,AEA,EN,Federal Contract Tower,0,17,4,0,21,0,12,15,62,89,0,29,19,62,110,0,184,184,294
08/10/2021,SBY,MD,AEA,EN,Federal Contract Tower,0,21,8,4,33,0,4,40,72,116,0,25,48,76,149,50,158,208,357
08/11/2021,SBY,MD,AEA,EN,Federal Contract Tower,0,17,10,10,37,0,17,60,66,143,0,34,70,76,180,18,198,216,396
08/12/2021,SBY,MD,AEA,EN,Federal Contract Tower,0,25,15,1,41,0,7,40,21,68,0,32,55,22,109,18,12,30,139
08/13/2021,SBY,MD,AEA,EN,Federal Contract Tower,0,20,2,0,22,0,4,28,0,32,0,24,30,0,54,6,0,6,60
08/14/2021,SBY,MD,AEA,EN,Federal Contract Tower,0,16,5,0,21,0,2,31,0,33,0,18,36,0,54,20,0,20,74
08/15/2021,SBY,MD,AEA,EN,Federal Contract Tower,0,19,8,0,27,0,10,26,0,36,0,29,34,0,63,8,0,8,71
08/16/2021,SBY,MD,AEA,EN,Federal Contract Tower,0,22,6,2,30,0,10,10,6,26,0,32,16,8,56,56,22,78,134
08/17/2021,SBY,MD,AEA,EN,Federal Contract Tower,0,17,14,1,32,0,27,5,3,35,0,44,19,4,67,14,10,24,91
08/18/2021,SBY,MD,AEA,EN,Federal Contract Tower,0,21,9,0,30,0,13,30,6,49,0,34,39,6,79,6,6,12,91
08/19/2021,SBY,MD,AEA,EN,Federal Contract Tower,0,25,8,0,33,0,6,50,4,60,0,31,58,4,93,68,34,102,195
08/20/2021,SBY,MD,AEA,EN,Federal Contract Tower,0,25,5,0,30,0,0,0,0,0,0,25,5,0,30,0,0,0,30
08/21/2021,SBY,MD,AEA,EN,Federal Contract Tower,0,26,7,0,33,0,2,21,0,23,0,28,28,0,56,30,0,30,86
08/22/2021,SBY,MD,AEA,EN,Federal Contract Tower,0,17,2,0,19,0,0,30,0,30,0,17,32,0,49,28,0,28,77
08/23/2021,SBY,MD,AEA,EN,Federal Contract Tower,0,24,13,0,37,0,8,48,2,58,0,32,61,2,95,82,0,82,177
08/24/2021,SBY,MD,AEA,EN,Federal Contract Tower,0,18,6,0,24,0,0,51,6,57,0,18,57,6,81,32,30,62,143
08/25/2021,SBY,MD,AEA,EN,Federal Contract Tower,0,28,7,0,35,0,11,46,4,61,0,39,53,4,96,14,16,30,126
08/26/2021,SBY,MD,AEA,EN,Federal Contract Tower,0,21,11,0,32,0,3,33,2,38,0,24,44,2,70,30,0,30,100
08/27/2021,SBY,MD,AEA,EN,Federal Contract Tower,0,20,10,2,32,0,11,64,4,79,0,31,74,6,111,20,24,44,155
08/28/2021,SBY,MD,AEA,EN,Federal Contract Tower,0,15,7,0,22,0,0,42,0,42,0,15,49,0,64,46,0,46,110
08/29/2021,SBY,MD,AEA,EN,Federal Contract Tower,0,16,8,0,24,0,0,13,0,13,0,16,21,0,37,0,0,0,37
08/30/2021,SBY,MD,AEA,EN,Federal Contract Tower,0,22,5,0,27,0,2,19,8,29,0,24,24,8,56,16,94,110,166
08/31/2021,SBY,MD,AEA,EN,Federal Contract Tower,0,21,8,0,29,0,8,47,10,65,0,29,55,10,94,46,38,84,178
09/01/2021,SBY,MD,AEA,EN,Federal Contract Tower,0,22,7,2,31,0,2,6,2,10,0,24,13,4,41,6,8,14,55
09/02/2021,SBY,MD,AEA,EN,Federal Contract Tower,0,20,6,6,32,0,6,28,19,53,0,26,34,25,85,12,70,82,167
09/03/2021,SBY,MD,AEA,EN,Federal Contract Tower,0,18,7,0,25,0,7,34,0,41,0,25,41,0,66,8,0,8,74
09/04/2021,SBY,MD,AEA,EN,Federal Contract Tower,0,14,8,0,22,0,2,46,0,48,0,16,54,0,70,8,0,8,78
09/05/2021,SBY,MD,AEA,EN,Federal Contract Tower,0,12,9,0,21,0,2,41,0,43,0,14,50,0,64,0,0,0,64
09/06/2021,SBY,MD,AEA,EN,Federal Contract Tower,0,13,8,0,21,0,2,26,0,28,0,15,34,0,49,6,0,6,55
09/07/2021,SBY,MD,AEA,EN,Federal Contract Tower,0,15,10,1,26,0,8,47,43,98,0,23,57,44,124,66,124,190,314
09/08/2021,SBY,MD,AEA,EN,Federal Contract Tower,0,17,7,3,27,0,12,39,7,58,0,29,46,10,85,16,28,44,129
09/09/2021,SBY,MD,AEA,EN,Federal Contract Tower,0,22,10,2,34,0,2,2,0,4,0,24,12,2,38,0,0,0,38
09/10/2021,SBY,MD,AEA,EN,Federal Contract Tower,0,19,17,0,36,0,12,51,6,69,0,31,68,6,105,66,22,88,193
09/11/2021,SBY,MD,AEA,EN,Federal Contract Tower,0,13,4,0,17,0,14,52,1,67,0,27,56,1,84,22,0,22,106
09/12/2021,SBY,MD,AEA,EN,Federal Contract Tower,0,11,8,0,19,0,0,30,0,30,0,11,38,0,49,12,0,12,61
09/13/2021,SBY,MD,AEA,EN,Federal Contract Tower,0,21,10,0,31,0,17,68,34,119,0,38,78,34,150,114,192,306,456
09/14/2021,SBY,MD,AEA,EN,Federal Contract Tower,0,20,14,0,34,0,12,61,26,99,0,32,75,26,133,64,106,170,303
09/15/2021,SBY,MD,AEA,EN,Federal Contract Tower,0,26,16,0,42,0,15,31,26,72,0,41,47,26,114,32,10,42,156
09/16/2021,SBY,MD,AEA,EN,Federal Contract Tower,0,24,11,26,61,0,0,16,10,26,0,24,27,36,87,32,0,32,119
09/17/2021,SBY,MD,AEA,EN,Federal Contract Tower,0,25,15,1,41,0,2,0,1,3,0,27,15,2,44,0,32,32,76
09/18/2021,SBY,MD,AEA,EN,Federal Contract Tower,0,14,18,0,32,0,17,71,0,88,0,31,89,0,120,116,0,116,236
09/19/2021,SBY,MD,AEA,EN,Federal Contract Tower,0,14,16,0,30,0,1,19,0,20,0,15,35,0,50,32,0,32,82
09/20/2021,SBY,MD,AEA,EN,Federal Contract Tower,0,22,8,0,30,0,8,33,56,97,0,30,41,56,127,2,214,216,343
09/21/2021,SBY,MD,AEA,EN,Federal Contract Tower,0,23,18,7,48,0,35,70,51,156,0,58,88,58,204,52,196,248,452
09/22/2021,SBY,MD,AEA,EN,Federal Contract Tower,0,24,7,5,36,0,6,39,38,83,0,30,46,43,119,36,250,286,405
09/23/2021,SBY,MD,AEA,EN,Federal Contract Tower,0,27,11,0,38,0,10,0,0,10,0,37,11,0,48,0,0,0,48
09/24/2021,SBY,MD,AEA,EN,Federal Contract Tower,0,20,15,2,37,0,14,82,27,123,0,34,97,29,160,100,62,162,322
09/25/2021,SBY,MD,AEA,EN,Federal Contract Tower,0,14,7,0,21,0,15,33,0,48,0,29,40,0,69,20,0,20,89
09/26/2021,SBY,MD,AEA,EN,Federal Contract Tower,0,14,10,0,24,0,8,39,0,47,0,22,49,0,71,0,0,0,71
09/27/2021,SBY,MD,AEA,EN,Federal Contract Tower,0,22,12,0,34,0,2,34,20,56,0,24,46,20,90,20,72,92,182
09/28/2021,SBY,MD,AEA,EN,Federal Contract Tower,0,20,14,2,36,0,6,41,28,75,0,26,55,30,111,18,0,18,129
09/29/2021,SBY,MD,AEA,EN,Federal Contract Tower,0,29,11,4,44,0,9,74,8,91,0,38,85,12,135,54,86,140,275
09/30/2021,SBY,MD,AEA,EN,Federal Contract Tower,0,20,11,0,31,0,14,76,20,110,0,34,87,20,141,98,66,164,305
10/01/2021,SBY,MD,AEA,EN,Federal Contract Tower,0,19,12,0,31,0,1,73,18,92,0,20,85,18,123,140,58,198,321
10/02/2021,SBY,MD,AEA,EN,Federal Contract Tower,0,14,2,0,16,0,6,36,0,42,0,20,38,0,58,24,0,24,82
10/03/2021,SBY,MD,AEA,EN,Federal Contract Tower,0,13,1,0,14,0,3,28,0,31,0,16,29,0,45,2,0,2,47
10/04/2021,SBY,MD,AEA,EN,Federal Contract Tower,0,20,12,1,33,0,1,30,30,61,0,21,42,31,94,22,294,316,410
10/05/2021,SBY,MD,AEA,EN,Federal Contract Tower,0,20,5,1,26,0,0,13,24,37,0,20,18,25,63,0,210,210,273
10/06/2021,SBY,MD,AEA,EN,Federal Contract Tower,0,26,6,0,32,0,0,12,0,12,0,26,18,0,44,14,0,14,58
10/07/2021,SBY,MD,AEA,EN,Federal Contract Tower,0,21,18,1,40,0,2,38,59,99,0,23,56,60,139,38,298,336,475
10/08/2021,SBY,MD,AEA,EN,Federal Contract Tower,0,20,3,3,26,0,0,39,43,82,0,20,42,46,108,58,328,386,494
10/09/2021,SBY,MD,AEA,EN,Federal Contract Tower,0,15,3,0,18,0,2,37,0,39,0,17,40,0,57,74,0,74,131
10/10/2021,SBY,MD,AEA,EN,Federal Contract Tower,0,8,3,0,11,0,0,0,0,0,0,8,3,0,11,0,0,0,11
10/11/2021,SBY,MD,AEA,EN,Federal Contract Tower,0,15,5,0,20,0,0,0,0,0,0,15,5,0,20,0,0,0,20
10/12/2021,SBY,MD,AEA,EN,Federal Contract Tower,0,25,10,2,37,0,0,0,0,0,0,25,10,2,37,0,0,0,37
10/13/2021,SBY,MD,AEA,EN,Federal Contract Tower,0,20,13,5,38,0,2,29,8,39,0,22,42,13,77,118,24,142,219
10/14/2021,SBY,MD,AEA,EN,Federal Contract Tower,0,21,8,0,29,0,0,36,26,62,0,21,44,26,91,62,92,154,245
10/15/2021,SBY,MD,AEA,EN,Federal Contract Tower,0,16,9,0,25,0,12,46,45,103,0,28,55,45,128,38,262,300,428
10/16/2021,SBY,MD,AEA,EN,Federal Contract Tower,0,14,7,0,21,0,0,13,0,13,0,14,20,0,34,0,0,0,34
10/17/2021,SBY,MD,AEA,EN,Federal Contract Tower,0,18,15,0,33,0,0,24,0,24,0,18,39,0,57,14,0,14,71
10/18/2021,SBY,MD,AEA,EN,Federal Contract Tower,0,17,5,0,22,0,6,42,22,70,0,23,47,22,92,4,136,140,232
10/19/2021,SBY,MD,AEA,EN,Federal Contract Tower,0,19,9,6,34,0,3,22,34,59,0,22,31,40,93,0,216,216,309
10/20/2021,SBY,MD,AEA,EN,Federal Contract Tower,0,26,16,2,44,0,12,72,34,118,0,38,88,36,162,40,112,152,314
10/21/2021,SBY,MD,AEA,EN,Federal Contract Tower,0,18,7,4,29,0,31,64,22,117,0,49,71,26,146,70,34,104,250
10/22/2021,SBY,MD,AEA,EN,Federal Contract Tower,0,17,7,0,24,0,1,23,22,46,0,18,30,22,70,34,84,118,188
10/23/2021,SBY,MD,AEA,EN,Federal Contract Tower,0,14,20,0,34,0,0,42,2,44,0,14,62,2,78,36,6,42,120
10/24/2021,SBY,MD,AEA,EN,Federal Contract Tower,0,12,5,0,17,0,6,39,4,49,0,18,44,4,66,36,34,70,136
10/25/2021,SBY,MD,AEA,EN,Federal Contract Tower,0,16,7,0,23,0,14,24,6,44,0,30,31,6,67,2,32,34,101
10/26/2021,SBY,MD,AEA,EN,Federal Contract Tower,0,17,8,7,32,0,8,2,29,39,0,25,10,36,71,0,34,34,105
10/27/2021,SBY,MD,AEA,EN,Federal Contract Tower,0,21,14,7,42,0,17,27,44,88,0,38,41,51,130,42,92,134,264
10/28/2021,SBY,MD,AEA,EN,Federal Contract Tower,0,13,18,10,41,0,7,72,22,101,0,20,90,32,142,52,92,144,286
10/29/2021,SBY,MD,AEA,EN,Federal Contract Tower,0,23,8,0,31,0,4,0,4,8,0,27,8,4,39,0,0,0,39
10/30/2021,SBY,MD,AEA,EN,Federal Contract Tower,0,12,13,0,25,0,6,22,1,29,0,18,35,1,54,30,0,30,84
10/31/2021,SBY,MD,AEA,EN,Federal Contract Tower,0,9,8,0,17,0,14,27,14,55,0,23,35,14,72,46,64,110,182
11/01/2021,SBY,MD,AEA,EN,Federal Contract Tower,0,14,12,2,28,0,18,37,18,73,0,32,49,20,101,36,10,46,147
11/02/2021,SBY,MD,AEA,EN,Federal Contract Tower,0,16,13,6,35,0,0,8,27,35,0,16,21,33,70,16,166,182,252
11/03/2021,SBY,MD,AEA,EN,Federal Contract Tower,0,17,8,2,27,0,23,75,19,117,0,40,83,21,144,102,64,166,310
11/04/2021,SBY,MD,AEA,EN,Federal Contract Tower,0,14,10,0,24,0,10,49,19,78,0,24,59,19,102,68,26,94,196
11/05/2021,SBY,MD,AEA,EN,Federal Contract Tower,0,16,13,2,31,0,3,37,7,47,0,19,50,9,78,40,12,52,130
11/06/2021,SBY,MD,AEA,EN,Federal Contract Tower,0,12,5,0,17,0,0,8,0,8,0,12,13,0,25,10,0,10,35
11/07/2021,SBY,MD,AEA,EN,Federal Contract Tower,0,9,3,0,12,0,8,15,2,25,0,17,18,2,37,22,0,22,59
11/08/2021,SBY,MD,AEA,EN,Federal Contract Tower,0,13,14,0,27,0,0,11,7,18,0,13,25,7,45,6,52,58,103
11/09/2021,SBY,MD,AEA,EN,Federal Contract Tower,0,16,10,0,26,0,2,34,32,68,0,18,44,32,94,20,228,248,342
11/10/2021,SBY,MD,AEA,EN,Federal Contract Tower,0,20,10,0,30,0,10,23,31,64,0,30,33,31,94,16,110,126,220
11/11/2021,SBY,MD,AEA,EN,Federal Contract Tower,0,14,7,8,29,0,16,39,10,65,0,30,46,18,94,8,0,8,102
11/12/2021,SBY,MD,AEA,EN,Federal Contract Tower,0,16,7,6,29,0,2,7,0,9,0,18,14,6,38,0,0,0,38
11/13/2021,SBY,MD,AEA,EN,Federal Contract Tower,0,10,3,0,13,0,0,20,0,20,0,10,23,0,33,8,0,8,41
11/14/2021,SBY,MD,AEA,EN,Federal Contract Tower,0,11,4,0,15,0,6,28,4,38,0,17,32,4,53,12,0,12,65
11/15/2021,SBY,MD,AEA,EN,Federal Contract Tower,0,11,0,4,15,0,4,12,16,32,0,15,12,20,47,22,88,110,157
11/16/2021,SBY,MD,AEA,EN,Federal Contract Tower,0,17,11,0,28,0,0,51,28,79,0,17,62,28,107,50,168,218,325
11/17/2021,SBY,MD,AEA,EN,Federal Contract Tower,0,16,7,4,27,0,2,38,17,57,0,18,45,21,84,2,50,52,136
11/18/2021,SBY,MD,AEA,EN,Federal Contract Tower,0,19,17,0,36,0,7,26,12,45,0,26,43,12,81,8,44,52,133
11/19/2021,SBY,MD,AEA,EN,Federal Contract Tower,0,16,7,1,24,0,10,12,14,36,0,26,19,15,60,30,0,30,90
11/20/2021,SBY,MD,AEA,EN,Federal Contract Tower,0,12,13,0,25,0,0,64,4,68,0,12,77,4,93,98,0,98,191
11/21/2021,SBY,MD,AEA,EN,Federal Contract Tower,0,12,4,0,16,0,6,15,0,21,0,18,19,0,37,2,0,2,39
11/22/2021,SBY,MD,AEA,EN,Federal Contract Tower,0,14,16,0,30,0,6,13,8,27,0,20,29,8,57,26,32,58,115
11/23/2021,SBY,MD,AEA,EN,Federal Contract Tower,0,14,7,0,21,0,16,6,16,38,0,30,13,16,59,0,70,70,129
11/24/2021,SBY,MD,AEA,EN,Federal Contract Tower,0,18,8,0,26,0,0,82,8,90,0,18,90,8,116,52,52,104,220
11/25/2021,SBY,MD,AEA,EN,Federal Contract Tower,0,4,4,0,8,0,6,7,0,13,0,10,11,0,21,6,0,6,27
11/26/2021,SBY,MD,AEA,EN,Federal Contract Tower,0,17,0,0,17,0,7,0,0,7,0,24,0,0,24,0,0,0,24
11/27/2021,SBY,MD,AEA,EN,Federal Contract Tower,0,10,8,0,18,0,0,30,0,30,0,10,38,0,48,6,0,6,54
11/28/2021,SBY,MD,AEA,EN,Federal Contract Tower,0,13,4,0,17,0,6,49,0,55,0,19,53,0,72,50,0,50,122
11/29/2021,SBY,MD,AEA,EN,Federal Contract Tower,0,16,7,0,23,0,10,41,16,67,0,26,48,16,90,58,60,118,208
11/30/2021,SBY,MD,AEA,EN,Federal Contract Tower,0,23,9,1,33,0,23,43,13,79,0,46,52,14,112,50,146,196,308
12/01/2021,SBY,MD,AEA,EN,Federal Contract Tower,0,16,9,1,26,0,25,77,10,112,0,41,86,11,138,70,34,104,242
12/02/2021,SBY,MD,AEA,EN,Federal Contract Tower,0,19,11,0,30,0,17,58,20,95,0,36,69,20,125,30,38,68,193
12/03/2021,SBY,MD,AEA,EN,Federal Contract Tower,0,15,10,0,25,0,0,2,61,63,0,15,12,61,88,52,0,52,140
12/04/2021,SBY,MD,AEA,EN,Federal Contract Tower,0,9,10,0,19,0,6,63,0,69,0,15,73,0,88,120,0,120,208
12/05/2021,SBY,MD,AEA,EN,Federal Contract Tower,0,8,2,0,10,0,6,66,12,84,0,14,68,12,94,70,102,172,266
12/06/2021,SBY,MD,AEA,EN,Federal Contract Tower,0,10,14,0,24,0,16,12,4,32,0,26,26,4,56,4,22,26,82
12/07/2021,SBY,MD,AEA,EN,Federal Contract Tower,0,17,12,4,33,0,22,61,44,127,0,39,73,48,160,46,116,162,322
12/08/2021,SBY,MD,AEA,EN,Federal Contract Tower,0,12,1,0,13,0,10,4,0,14,0,22,5,0,27,4,0,4,31
12/09/2021,SBY,MD,AEA,EN,Federal Contract Tower,0,14,5,1,20,0,26,63,9,98,0,40,68,10,118,104,54,158,276
12/10/2021,SBY,MD,AEA,EN,Federal Contract Tower,0,13,14,0,27,0,12,19,8,39,0,25,33,8,66,8,26,34,100
12/11/2021,SBY,MD,AEA,EN,Federal Contract Tower,0,9,3,0,12,0,0,0,0,0,0,9,3,0,12,0,0,0,12
12/12/2021,SBY,MD,AEA,EN,Federal Contract Tower,0,8,12,0,20,0,4,43,0,47,0,12,55,0,67,42,0,42,109
12/13/2021,SBY,MD,AEA,EN,Federal Contract Tower,0,10,13,0,23,0,6,53,12,71,0,16,66,12,94,54,82,136,230
12/14/2021,SBY,MD,AEA,EN,Federal Contract Tower,0,10,8,0,18,0,17,57,16,90,0,27,65,16,108,62,22,84,192
12/15/2021,SBY,MD,AEA,EN,Federal Contract Tower,0,15,15,0,30,0,3,45,4,52,0,18,60,4,82,40,18,58,140
12/16/2021,SBY,MD,AEA,EN,Federal Contract Tower,0,17,4,0,21,0,15,42,15,72,0,32,46,15,93,48,62,110,203
12/17/2021,SBY,MD,AEA,EN,Federal Contract Tower,0,19,9,0,28,0,16,28,5,49,0,35,37,5,77,38,12,50,127
12/18/2021,SBY,MD,AEA,EN,Federal Contract Tower,0,11,5,0,16,0,0,0,0,0,0,11,5,0,16,0,0,0,16
12/19/2021,SBY,MD,AEA,EN,Federal Contract Tower,0,11,5,0,16,0,2,46,0,48,0,13,51,0,64,26,0,26,90
12/20/2021,SBY,MD,AEA,EN,Federal Contract Tower,0,12,13,0,25,0,0,65,4,69,0,12,78,4,94,60,14,74,168
12/21/2021,SBY,MD,AEA,EN,Federal Contract Tower,0,17,15,2,34,0,4,24,0,28,0,21,39,2,62,4,0,4,66
12/22/2021,SBY,MD,AEA,EN,Federal Contract Tower,0,16,8,0,24,0,1,10,0,11,0,17,18,0,35,6,0,6,41
12/23/2021,SBY,MD,AEA,EN,Federal Contract Tower,0,17,5,0,22,0,2,55,2,59,0,19,60,2,81,22,0,22,103
12/24/2021,SBY,MD,AEA,EN,Federal Contract Tower,0,12,3,0,15,0,8,23,0,31,0,20,26,0,46,0,0,0,46
12/25/2021,SBY,MD,AEA,EN,Federal Contract Tower,0,5,0,0,5,0,4,1,0,5,0,9,1,0,10,0,0,0,10
12/26/2021,SBY,MD,AEA,EN,Federal Contract Tower,0,10,3,0,13,0,4,15,0,19,0,14,18,0,32,4,0,4,36
12/27/2021,SBY,MD,AEA,EN,Federal Contract Tower,0,10,11,0,21,0,0,7,0,7,0,10,18,0,28,20,0,20,48
12/28/2021,SBY,MD,AEA,EN,Federal Contract Tower,0,16,9,0,25,0,16,35,0,51,0,32,44,0,76,54,0,54,130
12/29/2021,SBY,MD,AEA,EN,Federal Contract Tower,0,18,11,0,29,0,4,11,0,15,0,22,22,0,44,54,0,54,98
12/30/2021,SBY,MD,AEA,EN,Federal Contract Tower,0,19,3,2,24,0,0,2,0,2,0,19,5,2,26,0,0,0,26
12/31/2021,SBY,MD,AEA,EN,Federal Contract Tower,0,11,8,0,19,0,0,0,0,0,0,11,8,0,19,0,0,0,19
01/01/2022,SBY,MD,AEA,EN,Federal Contract Tower,0,7,0,0,7,0,2,0,0,2,0,9,0,0,9,0,0,0,9
01/02/2022,SBY,MD,AEA,EN,Federal Contract Tower,0,11,5,0,16,0,0,0,0,0,0,11,5,0,16,0,0,0,16
01/03/2022,SBY,MD,AEA,EN,Federal Contract Tower,0,6,0,0,6,0,0,0,0,0,0,6,0,0,6,0,0,0,6
01/04/2022,SBY,MD,AEA,EN,Federal Contract Tower,0,9,6,2,17,0,0,29,0,29,0,9,35,2,46,8,0,8,54
01/05/2022,SBY,MD,AEA,EN,Federal Contract Tower,0,17,4,2,23,0,3,0,0,3,0,20,4,2,26,0,0,0,26
01/06/2022,SBY,MD,AEA,EN,Federal Contract Tower,0,14,6,0,20,0,24,63,8,95,0,38,69,8,115,56,18,74,189
01/07/2022,SBY,MD,AEA,EN,Federal Contract Tower,0,15,0,0,15,0,7,3,0,10,0,22,3,0,25,0,0,0,25
01/08/2022,SBY,MD,AEA,EN,Federal Contract Tower,0,14,10,0,24,0,2,44,0,46,0,16,54,0,70,62,0,62,132
01/09/2022,SBY,MD,AEA,EN,Federal Contract Tower,0,10,2,0,12,0,0,5,0,5,0,10,7,0,17,0,0,0,17
01/10/2022,SBY,MD,AEA,EN,Federal Contract Tower,0,15,6,0,21,0,5,36,8,49,0,20,42,8,70,66,26,92,162
01/11/2022,SBY,MD,AEA,EN,Federal Contract Tower,0,15,10,0,25,0,0,0,0,0,0,15,10,0,25,28,0,28,53
01/12/2022,SBY,MD,AEA,EN,Federal Contract Tower,0,14,7,2,23,0,8,38,40,86,0,22,45,42,109,24,42,66,175
01/13/2022,SBY,MD,AEA,EN,Federal Contract Tower,0,18,7,0,25,0,12,63,4,79,0,30,70,4,104,62,10,72,176
01/14/2022,SBY,MD,AEA,EN,Federal Contract Tower,0,14,8,2,24,0,1,10,4,15,0,15,18,6,39,0,8,8,47
01/15/2022,SBY,MD,AEA,EN,Federal Contract Tower,0,13,2,0,15,0,2,38,0,40,0,15,40,0,55,64,0,64,119
01/16/2022,SBY,MD,AEA,EN,Federal Contract Tower,0,5,1,0,6,0,0,9,0,9,0,5,10,0,15,26,0,26,41
01/17/2022,SBY,MD,AEA,EN,Federal Contract Tower,0,11,1,1,13,0,0,0,0,0,0,11,1,1,13,0,0,0,13
01/18/2022,SBY,MD,AEA,EN,Federal Contract Tower,0,15,11,4,30,0,0,46,8,54,0,15,57,12,84,58,42,100,184
01/19/2022,SBY,MD,AEA,EN,Federal Contract Tower,0,16,8,0,24,0,14,57,4,75,0,30,65,4,99,22,0,22,121
01/20/2022,SBY,MD,AEA,EN,Federal Contract Tower,0,13,4,0,17,0,2,10,0,12,0,15,14,0,29,24,0,24,53
01/21/2022,SBY,MD,AEA,EN,Federal Contract Tower,0,16,1,0,17,0,1,8,2,11,0,17,9,2,28,14,0,14,42
01/22/2022,SBY,MD,AEA,EN,Federal Contract Tower,0,11,5,0,16,0,2,19,1,22,0,13,24,1,38,4,0,4,42
01/23/2022,SBY,MD,AEA,EN,Federal Contract Tower,0,10,6,0,16,0,2,56,0,58,0,12,62,0,74,56,0,56,130
01/24/2022,SBY,MD,AEA,EN,Federal Contract Tower,0,11,14,0,25,0,8,42,8,58,0,19,56,8,83,100,22,122,205
01/25/2022,SBY,MD,AEA,EN,Federal Contract Tower,0,13,11,0,24,0,2,53,2,57,0,15,64,2,81,48,12,60,141
01/26/2022,SBY,MD,AEA,EN,Federal Contract Tower,0,15,18,0,33,0,24,52,18,94,0,39,70,18,127,66,42,108,235
01/27/2022,SBY,MD,AEA,EN,Federal Contract Tower,0,13,9,4,26,0,8,67,0,75,0,21,76,4,101,26,10,36,137
01/28/2022,SBY,MD,AEA,EN,Federal Contract Tower,0,9,1,4,14,0,2,6,11,19,0,11,7,15,33,0,46,46,79
01/29/2022,SBY,MD,AEA,EN,Federal Contract Tower,0,0,0,0,0,0,0,0,0,0,0,0,0,0,0,0,0,0,0
01/30/2022,SBY,MD,AEA,EN,Federal Contract Tower,0,8,2,0,10,0,31,5,0,36,0,39,7,0,46,10,0,10,56
01/31/2022,SBY,MD,AEA,EN,Federal Contract Tower,0,11,10,0,21,0,8,4,0,12,0,19,14,0,33,0,0,0,33
02/01/2022,SBY,MD,AEA,EN,Federal Contract Tower,0,15,2,5,22,0,0,96,9,105,0,15,98,14,127,108,10,118,245
02/02/2022,SBY,MD,AEA,EN,Federal Contract Tower,0,15,4,0,19,0,0,2,0,2,0,15,6,0,21,4,0,4,25
02/03/2022,SBY,MD,AEA,EN,Federal Contract Tower,0,14,7,2,23,0,3,25,4,32,0,17,32,6,55,64,0,64,119
02/04/2022,SBY,MD,AEA,EN,Federal Contract Tower,0,15,6,10,31,0,0,0,0,0,0,15,6,10,31,0,0,0,31
02/05/2022,SBY,MD,AEA,EN,Federal Contract Tower,0,11,5,0,16,0,0,4,0,4,0,11,9,0,20,0,0,0,20
02/06/2022,SBY,MD,AEA,EN,Federal Contract Tower,0,10,11,0,21,0,2,64,0,66,0,12,75,0,87,114,0,114,201
02/07/2022,SBY,MD,AEA,EN,Federal Contract Tower,0,17,2,12,31,0,0,0,0,0,0,17,2,12,31,0,0,0,31
02/08/2022,SBY,MD,AEA,EN,Federal Contract Tower,0,15,9,0,24,0,2,41,0,43,0,17,50,0,67,10,0,10,77
02/09/2022,SBY,MD,AEA,EN,Federal Contract Tower,0,15,18,2,35,0,28,78,14,120,0,43,96,16,155,70,96,166,321
02/10/2022,SBY,MD,AEA,EN,Federal Contract Tower,0,16,9,0,25,0,8,53,2,63,0,24,62,2,88,36,20,56,144
02/11/2022,SBY,MD,AEA,EN,Federal Contract Tower,0,15,3,0,18,0,4,39,20,63,0,19,42,20,81,92,54,146,227
02/12/2022,SBY,MD,AEA,EN,Federal Contract Tower,0,14,17,0,31,0,0,100,3,103,0,14,117,3,134,152,0,152,286
02/13/2022,SBY,MD,AEA,EN,Federal Contract Tower,0,13,2,0,15,0,22,4,0,26,0,35,6,0,41,0,0,0,41
02/14/2022,SBY,MD,AEA,EN,Federal Contract Tower,0,15,2,0,17,0,6,60,28,94,0,21,62,28,111,66,134,200,311
02/15/2022,SBY,MD,AEA,EN,Federal Contract Tower,0,15,7,0,22,0,1,73,16,90,0,16,80,16,112,66,96,162,274
02/16/2022,SBY,MD,AEA,EN,Federal Contract Tower,0,16,14,6,36,0,26,88,6,120,0,42,102,12,156,86,30,116,272
02/17/2022,SBY,MD,AEA,EN,Federal Contract Tower,0,13,13,0,26,0,0,21,12,33,0,13,34,12,59,0,56,56,115
02/18/2022,SBY,MD,AEA,EN,Federal Contract Tower,0,11,2,0,13,0,0,10,0,10,0,11,12,0,23,20,0,20,43
02/19/2022,SBY,MD,AEA,EN,Federal Contract Tower,0,14,4,0,18,0,8,16,0,24,0,22,20,0,42,0,0,0,42
02/20/2022,SBY,MD,AEA,EN,Federal Contract Tower,0,12,6,0,18,0,2,80,8,90,0,14,86,8,108,104,22,126,234
02/21/2022,SBY,MD,AEA,EN,Federal Contract Tower,0,15,4,0,19,0,0,42,10,52,0,15,46,10,71,110,28,138,209
02/22/2022,SBY,MD,AEA,EN,Federal Contract Tower,0,22,2,0,24,0,9,16,6,31,0,31,18,6,55,24,40,64,119
02/23/2022,SBY,MD,AEA,EN,Federal Contract Tower,0,14,4,2,20,0,14,43,15,72,0,28,47,17,92,38,76,114,206
02/24/2022,SBY,MD,AEA,EN,Federal Contract Tower,0,13,17,0,30,0,6,51,4,61,0,19,68,4,91,76,28,104,195
02/25/2022,SBY,MD,AEA,EN,Federal Contract Tower,0,14,3,0,17,0,0,0,0,0,0,14,3,0,17,0,0,0,17
02/26/2022,SBY,MD,AEA,EN,Federal Contract Tower,0,11,15,0,26,0,4,71,0,75,0,15,86,0,101,136,0,136,237
02/27/2022,SBY,MD,AEA,EN,Federal Contract Tower,0,11,4,0,15,0,4,57,0,61,0,15,61,0,76,70,0,70,146
02/28/2022,SBY,MD,AEA,EN,Federal Contract Tower,0,13,10,0,23,0,6,49,36,91,0,19,59,36,114,80,76,156,270
03/01/2022,SBY,MD,AEA,EN,Federal Contract Tower,0,14,4,0,18,0,14,71,18,103,0,28,75,18,121,54,58,112,233
03/02/2022,SBY,MD,AEA,EN,Federal Contract Tower,0,19,9,0,28,0,8,86,41,135,0,27,95,41,163,52,116,168,331
03/03/2022,SBY,MD,AEA,EN,Federal Contract Tower,0,15,9,10,34,0,14,64,17,95,0,29,73,27,129,36,20,56,185
03/04/2022,SBY,MD,AEA,EN,Federal Contract Tower,0,17,7,1,25,0,0,69,5,74,0,17,76,6,99,116,44,160,259
03/05/2022,SBY,MD,AEA,EN,Federal Contract Tower,0,14,13,0,27,0,0,86,28,114,0,14,99,28,141,130,172,302,443
03/06/2022,SBY,MD,AEA,EN,Federal Contract Tower,0,11,4,0,15,0,12,0,0,12,0,23,4,0,27,0,0,0,27
03/07/2022,SBY,MD,AEA,EN,Federal Contract Tower,0,10,3,0,13,0,6,5,0,11,0,16,8,0,24,0,0,0,24
03/08/2022,SBY,MD,AEA,EN,Federal Contract Tower,0,13,15,1,29,0,21,32,5,58,0,34,47,6,87,34,0,34,121
03/09/2022,SBY,MD,AEA,EN,Federal Contract Tower,0,20,3,0,23,0,0,0,0,0,0,20,3,0,23,0,0,0,23
03/10/2022,SBY,MD,AEA,EN,Federal Contract Tower,0,14,17,2,33,0,3,52,15,70,0,17,69,17,103,72,64,136,239
03/11/2022,SBY,MD,AEA,EN,Federal Contract Tower,0,14,11,0,25,0,1,69,7,77,0,15,80,7,102,66,22,88,190
03/12/2022,SBY,MD,AEA,EN,Federal Contract Tower,0,8,0,0,8,0,0,0,0,0,0,8,0,0,8,0,0,0,8
03/13/2022,SBY,MD,AEA,EN,Federal Contract Tower,0,14,10,0,24,0,4,38,6,48,0,18,48,6,72,8,8,16,88
03/14/2022,SBY,MD,AEA,EN,Federal Contract Tower,0,12,7,0,19,0,10,41,18,69,0,22,48,18,88,94,50,144,232
03/15/2022,SBY,MD,AEA,EN,Federal Contract Tower,0,15,2,0,17,0,10,60,30,100,0,25,62,30,117,68,154,222,339
03/16/2022,SBY,MD,AEA,EN,Federal Contract Tower,0,17,6,2,25,0,6,81,6,93,0,23,87,8,118,68,22,90,208
03/17/2022,SBY,MD,AEA,EN,Federal Contract Tower,0,18,6,0,24,0,0,0,0,0,0,18,6,0,24,0,0,0,24
03/18/2022,SBY,MD,AEA,EN,Federal Contract Tower,0,15,5,0,20,0,0,57,4,61,0,15,62,4,81,58,20,78,159
03/19/2022,SBY,MD,AEA,EN,Federal Contract Tower,0,11,7,0,18,0,0,0,0,0,0,11,7,0,18,16,0,16,34
03/20/2022,SBY,MD,AEA,EN,Federal Contract Tower,0,8,5,0,13,0,2,16,0,18,0,10,21,0,31,42,0,42,73
03/21/2022,SBY,MD,AEA,EN,Federal Contract Tower,0,16,9,0,25,0,4,68,23,95,0,20,77,23,120,110,180,290,410
03/22/2022,SBY,MD,AEA,EN,Federal Contract Tower,0,15,17,0,32,0,25,95,2,122,0,40,112,2,154,208,26,234,388
03/23/2022,SBY,MD,AEA,EN,Federal Contract Tower,0,15,3,0,18,0,20,20,4,44,0,35,23,4,62,0,0,0,62
03/24/2022,SBY,MD,AEA,EN,Federal Contract Tower,0,13,4,0,17,0,0,1,0,1,0,13,5,0,18,0,0,0,18
03/25/2022,SBY,MD,AEA,EN,Federal Contract Tower,0,18,18,0,36,0,6,58,4,68,0,24,76,4,104,72,36,108,212
03/26/2022,SBY,MD,AEA,EN,Federal Contract Tower,0,11,10,0,21,0,2,20,0,22,0,13,30,0,43,24,0,24,67
03/27/2022,SBY,MD,AEA,EN,Federal Contract Tower,0,11,3,0,14,0,8,15,0,23,0,19,18,0,37,14,0,14,51
03/28/2022,SBY,MD,AEA,EN,Federal Contract Tower,0,12,7,0,19,0,1,11,7,19,0,13,18,7,38,4,8,12,50
03/29/2022,SBY,MD,AEA,EN,Federal Contract Tower,0,19,13,0,32,0,0,26,8,34,0,19,39,8,66,20,16,36,102
03/30/2022,SBY,MD,AEA,EN,Federal Contract Tower,0,18,8,0,26,0,3,72,22,97,0,21,80,22,123,54,62,116,239
03/31/2022,SBY,MD,AEA,EN,Federal Contract Tower,0,19,7,6,32,0,0,0,0,0,0,19,7,6,32,0,0,0,32
04/01/2022,SBY,MD,AEA,EN,Federal Contract Tower,0,14,7,0,21,0,6,23,2,31,0,20,30,2,52,0,14,14,66
04/02/2022,SBY,MD,AEA,EN,Federal Contract Tower,0,12,9,0,21,0,2,78,3,83,0,14,87,3,104,98,10,108,212
04/03/2022,SBY,MD,AEA,EN,Federal Contract Tower,0,9,6,2,17,0,14,41,6,61,0,23,47,8,78,38,0,38,116
04/04/2022,SBY,MD,AEA,EN,Federal Contract Tower,0,12,21,0,33,0,46,73,18,137,0,58,94,18,170,68,66,134,304
04/05/2022,SBY,MD,AEA,EN,Federal Contract Tower,0,13,6,0,19,0,3,2,0,5,0,16,8,0,24,0,0,0,24
04/06/2022,SBY,MD,AEA,EN,Federal Contract Tower,0,14,13,0,27,0,0,0,0,0,0,14,13,0,27,0,0,0,27
04/07/2022,SBY,MD,AEA,EN,Federal Contract Tower,0,14,5,0,19,0,0,0,0,0,0,14,5,0,19,0,0,0,19
04/08/2022,SBY,MD,AEA,EN,Federal Contract Tower,0,11,16,0,27,0,0,62,16,78,0,11,78,16,105,70,58,128,233
04/09/2022,SBY,MD,AEA,EN,Federal Contract Tower,0,8,4,0,12,0,3,68,0,71,0,11,72,0,83,92,0,92,175
04/10/2022,SBY,MD,AEA,EN,Federal Contract Tower,0,8,3,0,11,0,4,20,0,24,0,12,23,0,35,14,0,14,49
04/11/2022,SBY,MD,AEA,EN,Federal Contract Tower,0,10,11,0,21,0,16,107,26,149,0,26,118,26,170,118,120,238,408
04/12/2022,SBY,MD,AEA,EN,Federal Contract Tower,0,10,6,2,18,0,20,89,28,137,0,30,95,30,155,68,122,190,345
04/13/2022,SBY,MD,AEA,EN,Federal Contract Tower,0,14,8,0,22,0,10,67,2,79,0,24,75,2,101,16,8,24,125
04/14/2022,SBY,MD,AEA,EN,Federal Contract Tower,0,16,10,2,28,0,0,23,11,34,0,16,33,13,62,0,36,36,98
04/15/2022,SBY,MD,AEA,EN,Federal Contract Tower,0,11,7,0,18,0,1,88,10,99,0,12,95,10,117,80,18,98,215
04/16/2022,SBY,MD,AEA,EN,Federal Contract Tower,0,9,7,0,16,0,0,20,0,20,0,9,27,0,36,0,0,0,36
04/17/2022,SBY,MD,AEA,EN,Federal Contract Tower,0,6,9,0,15,0,0,22,0,22,0,6,31,0,37,2,0,2,39
04/18/2022,SBY,MD,AEA,EN,Federal Contract Tower,0,10,1,0,11,0,6,10,7,23,0,16,11,7,34,28,12,40,74
04/19/2022,SBY,MD,AEA,EN,Federal Contract Tower,0,10,6,0,16,0,6,3,8,17,0,16,9,8,33,0,30,30,63
04/20/2022,SBY,MD,AEA,EN,Federal Contract Tower,0,15,12,0,27,0,15,89,4,108,0,30,101,4,135,104,6,110,245
04/21/2022,SBY,MD,AEA,EN,Federal Contract Tower,0,8,27,2,37,0,0,64,8,72,0,8,91,10,109,38,66,104,213
04/22/2022,SBY,MD,AEA,EN,Federal Contract Tower,0,13,10,0,23,0,12,89,4,105,0,25,99,4,128,60,18,78,206
04/23/2022,SBY,MD,AEA,EN,Federal Contract Tower,0,7,9,0,16,0,10,85,0,95,0,17,94,0,111,72,0,72,183
04/24/2022,SBY,MD,AEA,EN,Federal Contract Tower,0,7,12,0,19,0,12,69,4,85,0,19,81,4,104,74,0,74,178
04/25/2022,SBY,MD,AEA,EN,Federal Contract Tower,0,12,24,1,37,0,0,22,9,31,0,12,46,10,68,46,16,62,130
04/26/2022,SBY,MD,AEA,EN,Federal Contract Tower,0,10,8,0,18,0,26,37,14,77,0,36,45,14,95,26,2,28,123
04/27/2022,SBY,MD,AEA,EN,Federal Contract Tower,0,17,10,2,29,0,0,40,2,42,0,17,50,4,71,28,20,48,119
04/28/2022,SBY,MD,AEA,EN,Federal Contract Tower,0,12,2,2,16,0,5,38,6,49,0,17,40,8,65,14,14,28,93
04/29/2022,SBY,MD,AEA,EN,Federal Contract Tower,0,11,11,1,23,0,4,83,0,87,0,15,94,1,110,89,0,89,199
04/30/2022,SBY,MD,AEA,EN,Federal Contract Tower,0,6,7,3,16,0,11,96,2,109,0,17,103,5,125,94,0,94,219
05/01/2022,SBY,MD,AEA,EN,Federal Contract Tower,0,9,5,0,14,0,0,44,0,44,0,9,49,0,58,26,0,26,84
05/02/2022,SBY,MD,AEA,EN,Federal Contract Tower,0,11,26,7,44,0,6,53,8,67,0,17,79,15,111,34,18,52,163
05/03/2022,SBY,MD,AEA,EN,Federal Contract Tower,0,11,20,0,31,0,2,9,12,23,0,13,29,12,54,0,0,0,54
05/04/2022,SBY,MD,AEA,EN,Federal Contract Tower,0,21,28,2,51,0,17,32,6,55,0,38,60,8,106,68,0,68,174
05/05/2022,SBY,MD,AEA,EN,Federal Contract Tower,0,17,28,4,49,0,4,46,12,62,0,21,74,16,111,76,58,134,245
05/06/2022,SBY,MD,AEA,EN,Federal Contract Tower,0,14,13,0,27,0,0,20,0,20,0,14,33,0,47,50,0,50,97
05/07/2022,SBY,MD,AEA,EN,Federal Contract Tower,0,9,3,0,12,0,0,0,0,0,0,9,3,0,12,0,0,0,12
05/08/2022,SBY,MD,AEA,EN,Federal Contract Tower,0,8,6,0,14,0,0,0,0,0,0,8,6,0,14,0,0,0,14
05/09/2022,SBY,MD,AEA,EN,Federal Contract Tower,0,17,25,0,42,0,19,9,6,34,0,36,34,6,76,12,4,16,92
05/10/2022,SBY,MD,AEA,EN,Federal Contract Tower,0,17,16,0,33,0,4,0,8,12,0,21,16,8,45,0,0,0,45
05/11/2022,SBY,MD,AEA,EN,Federal Contract Tower,0,16,12,2,30,0,0,31,2,33,0,16,43,4,63,2,4,6,69
05/12/2022,SBY,MD,AEA,EN,Federal Contract Tower,0,15,9,0,24,0,0,0,0,0,0,15,9,0,24,0,0,0,24
05/13/2022,SBY,MD,AEA,EN,Federal Contract Tower,0,12,19,0,31,0,0,0,0,0,0,12,19,0,31,0,0,0,31
05/14/2022,SBY,MD,AEA,EN,Federal Contract Tower,0,17,1,0,18,0,14,0,0,14,0,31,1,0,32,0,0,0,32
05/15/2022,SBY,MD,AEA,EN,Federal Contract Tower,0,11,9,2,22,0,0,55,30,85,0,11,64,32,107,68,168,236,343
05/16/2022,SBY,MD,AEA,EN,Federal Contract Tower,0,11,10,6,27,0,10,37,22,69,0,21,47,28,96,92,56,148,244
05/17/2022,SBY,MD,AEA,EN,Federal Contract Tower,0,14,22,1,37,0,11,96,19,126,0,25,118,20,163,42,72,114,277
05/18/2022,SBY,MD,AEA,EN,Federal Contract Tower,0,16,16,0,32,0,13,128,4,145,0,29,144,4,177,64,22,86,263
05/19/2022,SBY,MD,AEA,EN,Federal Contract Tower,0,14,30,0,44,0,0,50,3,53,0,14,80,3,97,64,6,70,167
05/20/2022,SBY,MD,AEA,EN,Federal Contract Tower,0,17,10,4,31,0,2,56,3,61,0,19,66,7,92,62,12,74,166
05/21/2022,SBY,MD,AEA,EN,Federal Contract Tower,0,12,4,0,16,0,2,37,3,42,0,14,41,3,58,48,10,58,116
05/22/2022,SBY,MD,AEA,EN,Federal Contract Tower,0,7,1,0,8,0,4,28,8,40,0,11,29,8,48,0,22,22,70
05/23/2022,SBY,MD,AEA,EN,Federal Contract Tower,0,9,14,2,25,0,8,46,26,80,0,17,60,28,105,40,124,164,269
05/24/2022,SBY,MD,AEA,EN,Federal Contract Tower,0,14,5,1,20,0,1,0,1,2,0,15,5,2,22,0,0,0,22
05/25/2022,SBY,MD,AEA,EN,Federal Contract Tower,0,14,19,4,37,0,15,10,1,26,0,29,29,5,63,0,0,0,63
05/26/2022,SBY,MD,AEA,EN,Federal Contract Tower,0,17,17,5,39,0,4,2,2,8,0,21,19,7,47,0,12,12,59
05/27/2022,SBY,MD,AEA,EN,Federal Contract Tower,0,16,0,0,16,0,0,2,0,2,0,16,2,0,18,0,0,0,18
05/28/2022,SBY,MD,AEA,EN,Federal Contract Tower,0,12,6,0,18,0,0,44,6,50,0,12,50,6,68,38,16,54,122
05/29/2022,SBY,MD,AEA,EN,Federal Contract Tower,0,6,6,0,12,0,2,41,0,43,0,8,47,0,55,0,0,0,55
05/30/2022,SBY,MD,AEA,EN,Federal Contract Tower,0,11,13,3,27,0,7,28,0,35,0,18,41,3,62,40,0,40,102
05/31/2022,SBY,MD,AEA,EN,Federal Contract Tower,0,10,14,0,24,0,12,69,11,92,0,22,83,11,116,62,36,98,214
06/01/2022,SBY,MD,AEA,EN,Federal Contract Tower,0,15,22,0,37,0,26,81,4,111,0,41,103,4,148,80,0,80,228
06/02/2022,SBY,MD,AEA,EN,Federal Contract Tower,0,15,7,0,22,0,0,36,8,44,0,15,43,8,66,68,48,116,182
06/03/2022,SBY,MD,AEA,EN,Federal Contract Tower,0,17,14,0,31,0,1,33,0,34,0,18,47,0,65,72,0,72,137
06/04/2022,SBY,MD,AEA,EN,Federal Contract Tower,0,10,5,0,15,0,1,51,0,52,0,11,56,0,67,38,0,38,105
06/05/2022,SBY,MD,AEA,EN,Federal Contract Tower,0,11,5,0,16,0,16,38,3,57,0,27,43,3,73,22,8,30,103
06/06/2022,SBY,MD,AEA,EN,Federal Contract Tower,0,10,10,5,25,0,12,56,16,84,0,22,66,21,109,66,58,124,233
06/07/2022,SBY,MD,AEA,EN,Federal Contract Tower,0,16,9,0,25,0,1,50,8,59,0,17,59,8,84,38,32,70,154
06/08/2022,SBY,MD,AEA,EN,Federal Contract Tower,0,11,4,2,17,0,15,78,4,97,0,26,82,6,114,94,32,126,240
06/09/2022,SBY,MD,AEA,EN,Federal Contract Tower,0,15,12,0,27,0,11,40,16,67,0,26,52,16,94,8,26,34,128
06/10/2022,SBY,MD,AEA,EN,Federal Contract Tower,0,15,8,0,23,0,12,50,19,81,0,27,58,19,104,60,0,60,164
06/11/2022,SBY,MD,AEA,EN,Federal Contract Tower,0,13,9,0,22,0,12,41,0,53,0,25,50,0,75,58,0,58,133
06/12/2022,SBY,MD,AEA,EN,Federal Contract Tower,0,10,10,0,20,0,2,17,0,19,0,12,27,0,39,0,0,0,39
06/13/2022,SBY,MD,AEA,EN,Federal Contract Tower,0,13,1,1,15,0,4,45,16,65,0,17,46,17,80,62,54,116,196
06/14/2022,SBY,MD,AEA,EN,Federal Contract Tower,0,14,5,0,19,0,16,11,2,29,0,30,16,2,48,10,16,26,74
06/15/2022,SBY,MD,AEA,EN,Federal Contract Tower,0,15,13,0,28,0,20,68,2,90,0,35,81,2,118,80,22,102,220
06/16/2022,SBY,MD,AEA,EN,Federal Contract Tower,2,16,14,0,32,0,9,12,4,25,2,25,26,4,57,12,20,32,89
06/17/2022,SBY,MD,AEA,EN,Federal Contract Tower,0,13,8,0,21,0,0,23,0,23,0,13,31,0,44,28,0,28,72
06/18/2022,SBY,MD,AEA,EN,Federal Contract Tower,0,10,1,0,11,0,0,18,0,18,0,10,19,0,29,2,0,2,31
06/19/2022,SBY,MD,AEA,EN,Federal Contract Tower,0,6,4,0,10,0,2,21,0,23,0,8,25,0,33,14,0,14,47
06/20/2022,SBY,MD,AEA,EN,Federal Contract Tower,0,8,14,0,22,0,4,63,0,67,0,12,77,0,89,76,0,76,165
06/21/2022,SBY,MD,AEA,EN,Federal Contract Tower,0,10,8,0,18,0,42,96,50,188,0,52,104,50,206,92,140,232,438
06/22/2022,SBY,MD,AEA,EN,Federal Contract Tower,0,12,7,1,20,0,2,45,27,74,0,14,52,28,94,24,0,24,118
06/23/2022,SBY,MD,AEA,EN,Federal Contract Tower,0,19,17,0,36,0,0,11,0,11,0,19,28,0,47,34,0,34,81
06/24/2022,SBY,MD,AEA,EN,Federal Contract Tower,0,11,9,0,20,0,9,39,43,91,0,20,48,43,111,30,86,116,227
06/25/2022,SBY,MD,AEA,EN,Federal Contract Tower,0,8,15,0,23,0,11,43,34,88,0,19,58,34,111,43,108,151,262
06/26/2022,SBY,MD,AEA,EN,Federal Contract Tower,0,6,9,6,21,0,0,58,25,83,0,6,67,31,104,64,104,168,272
06/27/2022,SBY,MD,AEA,EN,Federal Contract Tower,0,18,4,0,22,0,26,50,0,76,0,44,54,0,98,92,140,232,330
06/28/2022,SBY,MD,AEA,EN,Federal Contract Tower,0,15,11,2,28,0,8,58,40,106,0,23,69,42,134,0,238,238,372
06/29/2022,SBY,MD,AEA,EN,Federal Contract Tower,0,20,8,0,28,0,2,65,2,69,0,22,73,2,97,14,0,14,111
06/30/2022,SBY,MD,AEA,EN,Federal Contract Tower,0,15,12,2,29,0,7,57,36,100,0,22,69,38,129,64,186,250,379
07/01/2022,SBY,MD,AEA,EN,Federal Contract Tower,0,22,8,0,30,0,20,43,54,117,0,42,51,54,147,28,292,320,467
07/02/2022,SBY,MD,AEA,EN,Federal Contract Tower,0,12,10,0,22,0,2,19,25,46,0,14,29,25,68,0,86,86,154
07/03/2022,SBY,MD,AEA,EN,Federal Contract Tower,0,6,4,0,10,0,18,12,20,50,0,24,16,20,60,0,2,2,62
07/04/2022,SBY,MD,AEA,EN,Federal Contract Tower,0,12,7,0,19,0,2,31,59,92,0,14,38,59,111,20,358,378,489
07/05/2022,SBY,MD,AEA,EN,Federal Contract Tower,0,7,6,1,14,0,0,32,67,99,0,7,38,68,113,28,304,332,445
07/06/2022,SBY,MD,AEA,EN,Federal Contract Tower,0,21,4,3,28,0,16,59,74,149,0,37,63,77,177,32,350,382,559
07/07/2022,SBY,MD,AEA,EN,Federal Contract Tower,0,15,14,4,33,0,6,0,10,16,0,21,14,14,49,0,50,50,99
07/08/2022,SBY,MD,AEA,EN,Federal Contract Tower,0,16,9,1,26,0,8,20,32,60,0,24,29,33,86,0,226,226,312
07/09/2022,SBY,MD,AEA,EN,Federal Contract Tower,0,22,5,0,27,0,0,8,0,8,0,22,13,0,35,20,0,20,55
07/10/2022,SBY,MD,AEA,EN,Federal Contract Tower,0,13,9,0,22,0,4,25,5,34,0,17,34,5,56,6,30,36,92
07/11/2022,SBY,MD,AEA,EN,Federal Contract Tower,0,11,7,2,20,0,3,68,79,150,0,14,75,81,170,94,386,480,650
07/12/2022,SBY,MD,AEA,EN,Federal Contract Tower,0,14,12,4,30,0,3,32,36,71,0,17,44,40,101,10,190,200,301
07/13/2022,SBY,MD,AEA,EN,Federal Contract Tower,0,14,8,0,22,0,10,32,88,130,0,24,40,88,152,8,304,312,464
07/14/2022,SBY,MD,AEA,EN,Federal Contract Tower,0,16,6,0,22,0,3,54,53,110,0,19,60,53,132,54,230,284,416
07/15/2022,SBY,MD,AEA,EN,Federal Contract Tower,0,11,6,2,19,0,6,37,35,78,0,17,43,37,97,44,188,232,329
07/16/2022,SBY,MD,AEA,EN,Federal Contract Tower,0,9,2,0,11,0,0,12,0,12,0,9,14,0,23,10,0,10,33
07/17/2022,SBY,MD,AEA,EN,Federal Contract Tower,0,10,1,0,11,0,1,25,0,26,0,11,26,0,37,40,0,40,77
07/18/2022,SBY,MD,AEA,EN,Federal Contract Tower,0,12,3,0,15,0,8,50,58,116,0,20,53,58,131,100,342,442,573
07/19/2022,SBY,MD,AEA,EN,Federal Contract Tower,0,16,16,0,32,0,2,81,48,131,0,18,97,48,163,62,146,208,371
07/20/2022,SBY,MD,AEA,EN,Federal Contract Tower,0,12,7,0,19,0,13,79,63,155,0,25,86,63,174,76,110,186,360
07/21/2022,SBY,MD,AEA,EN,Federal Contract Tower,0,18,4,4,26,0,0,27,23,50,0,18,31,27,76,30,58,88,164
07/22/2022,SBY,MD,AEA,EN,Federal Contract Tower,0,13,11,0,24,0,4,61,33,98,0,17,72,33,122,50,2,52,174
07/23/2022,SBY,MD,AEA,EN,Federal Contract Tower,0,10,8,0,18,0,4,75,40,119,0,14,83,40,137,42,124,166,303
07/24/2022,SBY,MD,AEA,EN,Federal Contract Tower,0,9,6,0,15,0,5,37,0,42,0,14,43,0,57,2,0,2,59
07/25/2022,SBY,MD,AEA,EN,Federal Contract Tower,0,13,4,0,17,0,10,18,37,65,0,23,22,37,82,6,82,88,170
07/26/2022,SBY,MD,AEA,EN,Federal Contract Tower,0,16,14,4,34,0,2,0,2,4,0,18,14,6,38,0,26,26,64
07/27/2022,SBY,MD,AEA,EN,Federal Contract Tower,0,16,5,1,22,0,10,7,56,73,0,26,12,57,95,0,226,226,321
07/28/2022,SBY,MD,AEA,EN,Federal Contract Tower,0,15,7,1,23,0,14,42,64,120,0,29,49,65,143,14,206,220,363
07/29/2022,SBY,MD,AEA,EN,Federal Contract Tower,0,9,12,0,21,0,0,26,46,72,0,9,38,46,93,22,90,112,205
07/30/2022,SBY,MD,AEA,EN,Federal Contract Tower,0,13,9,1,23,0,2,37,66,105,0,15,46,67,128,56,168,224,352
07/31/2022,SBY,MD,AEA,EN,Federal Contract Tower,0,7,9,0,16,0,0,24,66,90,0,7,33,66,106,36,122,158,264
08/01/2022,SBY,MD,AEA,EN,Federal Contract Tower,0,9,10,0,19,0,4,31,57,92,0,13,41,57,111,20,150,170,281
08/02/2022,SBY,MD,AEA,EN,Federal Contract Tower,0,17,8,6,31,0,9,53,58,120,0,26,61,64,151,88,182,270,421
08/03/2022,SBY,MD,AEA,EN,Federal Contract Tower,0,13,11,0,24,0,16,55,76,147,0,29,66,76,171,14,146,160,331
08/04/2022,SBY,MD,AEA,EN,Federal Contract Tower,0,11,15,2,28,0,10,47,71,128,0,21,62,73,156,20,178,198,354
08/05/2022,SBY,MD,AEA,EN,Federal Contract Tower,0,15,11,0,26,0,6,24,35,65,0,21,35,35,91,16,26,42,133
08/06/2022,SBY,MD,AEA,EN,Federal Contract Tower,0,11,11,0,22,0,0,21,32,53,0,11,32,32,75,12,96,108,183
08/07/2022,SBY,MD,AEA,EN,Federal Contract Tower,0,10,6,0,16,0,2,25,21,48,0,12,31,21,64,0,6,6,70
08/08/2022,SBY,MD,AEA,EN,Federal Contract Tower,0,14,22,6,42,0,4,61,50,115,0,18,83,56,157,72,270,342,499
08/09/2022,SBY,MD,AEA,EN,Federal Contract Tower,0,13,11,6,30,0,6,40,64,110,0,19,51,70,140,60,270,330,470
08/10/2022,SBY,MD,AEA,EN,Federal Contract Tower,0,14,14,0,28,0,6,28,29,63,0,20,42,29,91,2,70,72,163
08/11/2022,SBY,MD,AEA,EN,Federal Contract Tower,0,16,13,13,42,0,19,26,15,60,0,35,39,28,102,42,50,92,194
08/12/2022,SBY,MD,AEA,EN,Federal Contract Tower,0,18,14,0,32,0,10,39,17,66,0,28,53,17,98,10,78,88,186
08/13/2022,SBY,MD,AEA,EN,Federal Contract Tower,0,8,13,0,21,0,1,77,0,78,0,9,90,0,99,126,0,126,225
08/14/2022,SBY,MD,AEA,EN,Federal Contract Tower,0,15,6,0,21,0,0,43,0,43,0,15,49,0,64,2,0,2,66
08/15/2022,SBY,MD,AEA,EN,Federal Contract Tower,0,13,7,8,28,0,29,30,14,73,0,42,37,22,101,4,126,130,231
08/16/2022,SBY,MD,AEA,EN,Federal Contract Tower,0,11,8,7,26,0,2,22,21,45,0,13,30,28,71,24,28,52,123
08/17/2022,SBY,MD,AEA,EN,Federal Contract Tower,0,21,17,0,38,0,6,38,18,62,0,27,55,18,100,8,8,16,116
08/18/2022,SBY,MD,AEA,EN,Federal Contract Tower,0,16,4,5,25,0,8,41,14,63,0,24,45,19,88,2,82,84,172
08/19/2022,SBY,MD,AEA,EN,Federal Contract Tower,0,17,6,2,25,0,13,24,12,49,0,30,30,14,74,32,8,40,114
08/20/2022,SBY,MD,AEA,EN,Federal Contract Tower,0,9,4,0,13,0,12,22,0,34,0,21,26,0,47,0,0,0,47
08/21/2022,SBY,MD,AEA,EN,Federal Contract Tower,0,8,6,0,14,0,6,2,0,8,0,14,8,0,22,12,0,12,34
08/22/2022,SBY,MD,AEA,EN,Federal Contract Tower,0,9,4,4,17,0,18,1,4,23,0,27,5,8,40,0,22,22,62
08/23/2022,SBY,MD,AEA,EN,Federal Contract Tower,0,13,14,6,33,0,13,26,1,40,0,26,40,7,73,122,22,144,217
08/24/2022,SBY,MD,AEA,EN,Federal Contract Tower,0,19,8,5,32,0,0,53,18,71,0,19,61,23,103,40,142,182,285
08/25/2022,SBY,MD,AEA,EN,Federal Contract Tower,0,14,4,0,18,0,8,76,30,114,0,22,80,30,132,98,116,214,346
08/26/2022,SBY,MD,AEA,EN,Federal Contract Tower,0,16,16,0,32,0,2,35,11,48,0,18,51,11,80,20,30,50,130
08/27/2022,SBY,MD,AEA,EN,Federal Contract Tower,0,11,19,0,30,0,4,35,0,39,0,15,54,0,69,46,0,46,115
08/28/2022,SBY,MD,AEA,EN,Federal Contract Tower,0,9,12,0,21,0,0,22,4,26,0,9,34,4,47,4,0,4,51
08/29/2022,SBY,MD,AEA,EN,Federal Contract Tower,0,16,16,0,32,0,0,19,8,27,0,16,35,8,59,16,84,100,159
08/30/2022,SBY,MD,AEA,EN,Federal Contract Tower,0,18,25,0,43,0,2,20,10,32,0,20,45,10,75,22,10,32,107
08/31/2022,SBY,MD,AEA,EN,Federal Contract Tower,0,12,11,10,33,0,16,57,23,96,0,28,68,33,129,12,80,92,221
09/01/2022,SBY,MD,AEA,EN,Federal Contract Tower,0,18,12,0,30,0,10,70,22,102,0,28,82,22,132,76,96,172,304
09/02/2022,SBY,MD,AEA,EN,Federal Contract Tower,0,18,7,0,25,0,30,31,3,64,0,48,38,3,89,42,30,72,161
09/03/2022,SBY,MD,AEA,EN,Federal Contract Tower,0,10,4,0,14,0,2,26,0,28,0,12,30,0,42,0,0,0,42
09/04/2022,SBY,MD,AEA,EN,Federal Contract Tower,0,10,5,0,15,0,10,37,0,47,0,20,42,0,62,22,0,22,84
09/05/2022,SBY,MD,AEA,EN,Federal Contract Tower,0,18,13,0,31,0,0,31,5,36,0,18,44,5,67,30,14,44,111
09/06/2022,SBY,MD,AEA,EN,Federal Contract Tower,0,9,16,8,33,0,5,4,0,9,0,14,20,8,42,6,0,6,48
09/07/2022,SBY,MD,AEA,EN,Federal Contract Tower,0,17,7,0,24,0,0,2,0,2,0,17,9,0,26,0,0,0,26
09/08/2022,SBY,MD,AEA,EN,Federal Contract Tower,0,14,6,12,32,0,3,57,23,83,0,17,63,35,115,38,40,78,193
09/09/2022,SBY,MD,AEA,EN,Federal Contract Tower,0,16,9,4,29,0,0,45,21,66,0,16,54,25,95,10,42,52,147
09/10/2022,SBY,MD,AEA,EN,Federal Contract Tower,0,11,4,0,15,0,0,49,0,49,0,11,53,0,64,38,0,38,102
09/11/2022,SBY,MD,AEA,EN,Federal Contract Tower,0,12,5,0,17,0,0,0,0,0,0,12,5,0,17,0,0,0,17
09/12/2022,SBY,MD,AEA,EN,Federal Contract Tower,0,12,10,0,22,0,0,10,0,10,0,12,20,0,32,0,0,0,32
09/13/2022,SBY,MD,AEA,EN,Federal Contract Tower,0,16,11,8,35,0,4,29,22,55,0,20,40,30,90,28,64,92,182
09/14/2022,SBY,MD,AEA,EN,Federal Contract Tower,0,27,5,8,40,0,14,80,28,122,0,41,85,36,162,20,36,56,218
09/15/2022,SBY,MD,AEA,EN,Federal Contract Tower,0,16,5,8,29,0,21,75,18,114,0,37,80,26,143,36,54,90,233
09/16/2022,SBY,MD,AEA,EN,Federal Contract Tower,0,21,22,2,45,0,4,32,24,60,0,25,54,26,105,2,28,30,135
09/17/2022,SBY,MD,AEA,EN,Federal Contract Tower,0,10,9,0,19,0,15,46,13,74,0,25,55,13,93,42,2,44,137
09/18/2022,SBY,MD,AEA,EN,Federal Contract Tower,0,16,10,0,26,0,12,44,0,56,0,28,54,0,82,52,0,52,134
09/19/2022,SBY,MD,AEA,EN,Federal Contract Tower,0,14,13,0,27,0,9,35,11,55,0,23,48,11,82,12,2,14,96
09/20/2022,SBY,MD,AEA,EN,Federal Contract Tower,0,18,11,2,31,0,4,50,36,90,0,22,61,38,121,66,116,182,303
09/21/2022,SBY,MD,AEA,EN,Federal Contract Tower,0,21,9,6,36,0,11,74,12,97,0,32,83,18,133,102,16,118,251
09/22/2022,SBY,MD,AEA,EN,Federal Contract Tower,0,20,14,0,34,0,0,29,18,47,0,20,43,18,81,14,58,72,153
09/23/2022,SBY,MD,AEA,EN,Federal Contract Tower,0,19,9,0,28,0,10,6,0,16,0,29,15,0,44,4,0,4,48
09/24/2022,SBY,MD,AEA,EN,Federal Contract Tower,0,15,6,0,21,0,2,34,0,36,0,17,40,0,57,60,0,60,117
09/25/2022,SBY,MD,AEA,EN,Federal Contract Tower,0,9,4,0,13,0,0,14,0,14,0,9,18,0,27,6,0,6,33
09/26/2022,SBY,MD,AEA,EN,Federal Contract Tower,0,13,12,3,28,0,20,30,32,82,0,33,42,35,110,20,56,76,186
09/27/2022,SBY,MD,AEA,EN,Federal Contract Tower,0,17,6,2,25,0,4,40,44,88,0,21,46,46,113,60,108,168,281
09/28/2022,SBY,MD,AEA,EN,Federal Contract Tower,0,14,11,0,25,0,8,86,28,122,0,22,97,28,147,92,24,116,263
09/29/2022,SBY,MD,AEA,EN,Federal Contract Tower,0,19,3,0,22,0,6,35,36,77,0,25,38,36,99,46,156,202,301
09/30/2022,SBY,MD,AEA,EN,Federal Contract Tower,0,15,7,0,22,0,0,12,5,17,0,15,19,5,39,18,20,38,77
10/01/2022,SBY,MD,AEA,EN,Federal Contract Tower,0,8,2,0,10,0,0,0,0,0,0,8,2,0,10,0,0,0,10
10/02/2022,SBY,MD,AEA,EN,Federal Contract Tower,0,8,2,0,10,0,0,0,0,0,0,8,2,0,10,0,0,0,10
10/03/2022,SBY,MD,AEA,EN,Federal Contract Tower,0,17,3,0,20,0,0,0,0,0,0,17,3,0,20,0,0,0,20
10/04/2022,SBY,MD,AEA,EN,Federal Contract Tower,0,18,0,0,18,0,0,0,0,0,0,18,0,0,18,0,0,0,18
10/05/2022,SBY,MD,AEA,EN,Federal Contract Tower,0,15,13,4,32,0,0,2,0,2,0,15,15,4,34,0,0,0,34
10/06/2022,SBY,MD,AEA,EN,Federal Contract Tower,0,15,13,1,29,0,11,71,46,128,0,26,84,47,157,52,136,188,345
10/07/2022,SBY,MD,AEA,EN,Federal Contract Tower,0,10,11,0,21,0,12,64,24,100,0,22,75,24,121,96,124,220,341
10/08/2022,SBY,MD,AEA,EN,Federal Contract Tower,0,12,6,0,18,0,1,68,3,72,0,13,74,3,90,72,16,88,178
10/09/2022,SBY,MD,AEA,EN,Federal Contract Tower,0,10,15,0,25,0,44,49,0,93,0,54,64,0,118,12,0,12,130
10/10/2022,SBY,MD,AEA,EN,Federal Contract Tower,0,14,5,0,19,0,0,51,30,81,0,14,56,30,100,58,134,192,292
10/11/2022,SBY,MD,AEA,EN,Federal Contract Tower,0,18,14,0,32,0,28,75,68,171,0,46,89,68,203,62,320,382,585
10/12/2022,SBY,MD,AEA,EN,Federal Contract Tower,0,24,5,0,29,0,7,81,22,110,0,31,86,22,139,82,88,170,309
10/13/2022,SBY,MD,AEA,EN,Federal Contract Tower,0,15,6,0,21,0,0,21,24,45,0,15,27,24,66,30,108,138,204
10/14/2022,SBY,MD,AEA,EN,Federal Contract Tower,0,16,12,5,33,0,6,60,19,85,0,22,72,24,118,86,86,172,290
10/15/2022,SBY,MD,AEA,EN,Federal Contract Tower,0,14,10,1,25,0,4,42,3,49,0,18,52,4,74,50,8,58,132
10/16/2022,SBY,MD,AEA,EN,Federal Contract Tower,0,9,3,0,12,0,7,41,0,48,0,16,44,0,60,84,0,84,144
10/17/2022,SBY,MD,AEA,EN,Federal Contract Tower,0,12,12,6,30,0,4,2,9,15,0,16,14,15,45,0,6,6,51
10/19/2022,SBY,MD,AEA,EN,Federal Contract Tower,0,22,7,0,29,0,6,52,32,90,0,28,59,32,119,18,34,52,171
10/20/2022,SBY,MD,AEA,EN,Federal Contract Tower,0,14,8,1,23,0,9,42,40,91,0,23,50,41,114,68,136,204,318
10/21/2022,SBY,MD,AEA,EN,Federal Contract Tower,0,16,5,0,21,0,8,51,36,95,0,24,56,36,116,60,136,196,312
10/22/2022,SBY,MD,AEA,EN,Federal Contract Tower,0,10,7,0,17,0,6,55,18,79,0,16,62,18,96,194,22,216,312
10/23/2022,SBY,MD,AEA,EN,Federal Contract Tower,0,8,1,0,9,0,0,0,0,0,0,8,1,0,9,0,0,0,9
10/24/2022,SBY,MD,AEA,EN,Federal Contract Tower,0,13,9,10,32,0,0,0,0,0,0,13,9,10,32,0,0,0,32
10/25/2022,SBY,MD,AEA,EN,Federal Contract Tower,0,12,7,2,21,0,0,0,0,0,0,12,7,2,21,0,0,0,21
10/26/2022,SBY,MD,AEA,EN,Federal Contract Tower,0,15,6,0,21,0,2,9,0,11,0,17,15,0,32,16,0,16,48
10/27/2022,SBY,MD,AEA,EN,Federal Contract Tower,0,16,10,0,26,0,12,50,41,103,0,28,60,41,129,32,100,132,261
10/28/2022,SBY,MD,AEA,EN,Federal Contract Tower,0,19,12,2,33,0,8,51,16,75,0,27,63,18,108,100,28,128,236
10/29/2022,SBY,MD,AEA,EN,Federal Contract Tower,0,10,9,0,19,0,2,37,6,45,0,12,46,6,64,36,48,84,148
10/30/2022,SBY,MD,AEA,EN,Federal Contract Tower,0,11,12,0,23,0,0,39,2,41,0,11,51,2,64,34,16,50,114
10/31/2022,SBY,MD,AEA,EN,Federal Contract Tower,0,15,10,0,25,0,4,34,51,89,0,19,44,51,114,58,290,348,462
11/01/2022,SBY,MD,AEA,EN,Federal Contract Tower,0,16,19,11,46,0,13,36,22,71,0,29,55,33,117,60,40,100,217
11/02/2022,SBY,MD,AEA,EN,Federal Contract Tower,0,16,9,2,27,0,2,79,22,103,0,18,88,24,130,116,54,170,300
11/03/2022,SBY,MD,AEA,EN,Federal Contract Tower,0,18,6,4,28,0,29,47,20,96,0,47,53,24,124,26,42,68,192
11/04/2022,SBY,MD,AEA,EN,Federal Contract Tower,0,17,8,0,25,0,0,46,5,51,0,17,54,5,76,20,4,24,100
11/05/2022,SBY,MD,AEA,EN,Federal Contract Tower,0,8,16,0,24,0,0,62,12,74,0,8,78,12,98,28,0,28,126
11/06/2022,SBY,MD,AEA,EN,Federal Contract Tower,0,10,11,0,21,0,15,46,3,64,0,25,57,3,85,18,4,22,107
11/07/2022,SBY,MD,AEA,EN,Federal Contract Tower,0,16,9,2,27,0,13,17,22,52,0,29,26,24,79,0,52,52,131
11/08/2022,SBY,MD,AEA,EN,Federal Contract Tower,0,15,5,0,20,0,2,23,20,45,0,17,28,20,65,2,6,8,73
11/09/2022,SBY,MD,AEA,EN,Federal Contract Tower,0,14,6,0,20,0,13,51,26,90,0,27,57,26,110,36,80,116,226
11/10/2022,SBY,MD,AEA,EN,Federal Contract Tower,0,16,18,2,36,0,12,62,23,97,0,28,80,25,133,42,84,126,259
11/11/2022,SBY,MD,AEA,EN,Federal Contract Tower,0,13,2,0,15,0,0,1,0,1,0,13,3,0,16,0,0,0,16
11/12/2022,SBY,MD,AEA,EN,Federal Contract Tower,0,9,10,0,19,0,0,66,8,74,0,9,76,8,93,104,36,140,233
11/13/2022,SBY,MD,AEA,EN,Federal Contract Tower,0,7,11,0,18,0,2,16,0,18,0,9,27,0,36,24,0,24,60
11/14/2022,SBY,MD,AEA,EN,Federal Contract Tower,0,9,10,7,26,0,4,39,13,56,0,13,49,20,82,26,28,54,136
11/15/2022,SBY,MD,AEA,EN,Federal Contract Tower,0,13,5,1,19,0,0,32,25,57,0,13,37,26,76,52,50,102,178
11/16/2022,SBY,MD,AEA,EN,Federal Contract Tower,0,17,9,2,28,0,8,23,12,43,0,25,32,14,71,22,14,36,107
11/17/2022,SBY,MD,AEA,EN,Federal Contract Tower,0,15,2,0,17,0,4,30,14,48,0,19,32,14,65,20,40,60,125
11/18/2022,SBY,MD,AEA,EN,Federal Contract Tower,0,19,4,0,23,0,7,78,15,100,0,26,82,15,123,100,58,158,281
11/19/2022,SBY,MD,AEA,EN,Federal Contract Tower,0,8,18,2,28,0,0,55,2,57,0,8,73,4,85,64,0,64,149
11/20/2022,SBY,MD,AEA,EN,Federal Contract Tower,0,14,2,0,16,0,18,9,2,29,0,32,11,2,45,0,0,0,45
11/21/2022,SBY,MD,AEA,EN,Federal Contract Tower,0,14,4,2,20,0,4,48,29,81,0,18,52,31,101,44,30,74,175
11/22/2022,SBY,MD,AEA,EN,Federal Contract Tower,0,14,9,0,23,0,1,74,50,125,0,15,83,50,148,66,96,162,310
11/23/2022,SBY,MD,AEA,EN,Federal Contract Tower,0,14,8,1,23,0,4,33,0,37,0,18,41,1,60,52,0,52,112
11/24/2022,SBY,MD,AEA,EN,Federal Contract Tower,0,6,1,0,7,0,0,11,0,11,0,6,12,0,18,6,0,6,24
11/25/2022,SBY,MD,AEA,EN,Federal Contract Tower,0,18,7,0,25,0,18,2,0,20,0,36,9,0,45,0,0,0,45
11/26/2022,SBY,MD,AEA,EN,Federal Contract Tower,0,13,14,0,27,0,0,44,0,44,0,13,58,0,71,0,0,0,71
11/27/2022,SBY,MD,AEA,EN,Federal Contract Tower,0,9,3,0,12,0,0,0,0,0,0,9,3,0,12,0,0,0,12
11/28/2022,SBY,MD,AEA,EN,Federal Contract Tower,0,14,0,0,14,0,4,27,21,52,0,18,27,21,66,0,48,48,114
11/29/2022,SBY,MD,AEA,EN,Federal Contract Tower,0,16,7,1,24,0,0,70,45,115,0,16,77,46,139,36,66,102,241
11/30/2022,SBY,MD,AEA,EN,Federal Contract Tower,0,20,3,2,25,0,0,0,0,0,0,20,3,2,25,0,0,0,25
12/01/2022,SBY,MD,AEA,EN,Federal Contract Tower,0,12,7,5,24,0,8,37,12,57,0,20,44,17,81,46,72,118,199
12/02/2022,SBY,MD,AEA,EN,Federal Contract Tower,0,12,5,0,17,0,12,66,15,93,0,24,71,15,110,60,74,134,244
12/03/2022,SBY,MD,AEA,EN,Federal Contract Tower,0,9,0,0,9,0,2,0,0,2,0,11,0,0,11,0,0,0,11
12/04/2022,SBY,MD,AEA,EN,Federal Contract Tower,0,6,7,0,13,0,8,51,12,71,0,14,58,12,84,42,24,66,150
12/05/2022,SBY,MD,AEA,EN,Federal Contract Tower,0,13,5,0,18,0,6,47,31,84,0,19,52,31,102,60,94,154,256
12/06/2022,SBY,MD,AEA,EN,Federal Contract Tower,0,11,8,3,22,0,10,4,6,20,0,21,12,9,42,0,0,0,42
12/07/2022,SBY,MD,AEA,EN,Federal Contract Tower,0,15,4,0,19,0,0,0,0,0,0,15,4,0,19,0,0,0,19
12/08/2022,SBY,MD,AEA,EN,Federal Contract Tower,0,11,12,0,23,0,10,50,31,91,0,21,62,31,114,30,36,66,180
12/09/2022,SBY,MD,AEA,EN,Federal Contract Tower,0,14,6,0,20,0,10,63,29,102,0,24,69,29,122,44,58,102,224
12/10/2022,SBY,MD,AEA,EN,Federal Contract Tower,0,13,4,0,17,0,0,40,12,52,0,13,44,12,69,66,30,96,165
12/11/2022,SBY,MD,AEA,EN,Federal Contract Tower,0,5,5,0,10,0,0,14,9,23,0,5,19,9,33,0,0,0,33
12/12/2022,SBY,MD,AEA,EN,Federal Contract Tower,0,10,3,0,13,0,18,29,17,64,0,28,32,17,77,4,20,24,101
12/13/2022,SBY,MD,AEA,EN,Federal Contract Tower,0,12,13,0,25,0,2,50,40,92,0,14,63,40,117,32,74,106,223
12/14/2022,SBY,MD,AEA,EN,Federal Contract Tower,0,17,7,5,29,0,8,42,29,79,0,25,49,34,108,32,116,148,256
12/15/2022,SBY,MD,AEA,EN,Federal Contract Tower,0,15,1,0,16,0,0,0,0,0,0,15,1,0,16,0,0,0,16
12/16/2022,SBY,MD,AEA,EN,Federal Contract Tower,0,15,10,0,25,0,0,16,2,18,0,15,26,2,43,0,0,0,43
12/17/2022,SBY,MD,AEA,EN,Federal Contract Tower,0,11,12,0,23,0,6,32,1,39,0,17,44,1,62,6,0,6,68
12/18/2022,SBY,MD,AEA,EN,Federal Contract Tower,0,8,1,0,9,0,0,7,3,10,0,8,8,3,19,0,0,0,19
12/19/2022,SBY,MD,AEA,EN,Federal Contract Tower,0,15,14,0,29,0,28,19,9,56,0,43,33,9,85,22,26,48,133
12/20/2022,SBY,MD,AEA,EN,Federal Contract Tower,0,15,14,4,33,0,10,52,8,70,0,25,66,12,103,38,26,64,167
12/21/2022,SBY,MD,AEA,EN,Federal Contract Tower,0,21,16,2,39,0,24,75,5,104,0,45,91,7,143,62,30,92,235
12/22/2022,SBY,MD,AEA,EN,Federal Contract Tower,0,21,3,0,24,0,0,2,0,2,0,21,5,0,26,0,0,0,26
12/23/2022,SBY,MD,AEA,EN,Federal Contract Tower,0,15,1,0,16,0,0,0,0,0,0,15,1,0,16,0,0,0,16
12/24/2022,SBY,MD,AEA,EN,Federal Contract Tower,0,12,2,0,14,0,1,1,0,2,0,13,3,0,16,0,0,0,16
12/25/2022,SBY,MD,AEA,EN,Federal Contract Tower,0,5,0,0,5,0,1,0,0,1,0,6,0,0,6,0,0,0,6
12/26/2022,SBY,MD,AEA,EN,Federal Contract Tower,0,13,6,1,20,0,4,38,0,42,0,17,44,1,62,52,0,52,114
12/27/2022,SBY,MD,AEA,EN,Federal Contract Tower,0,16,8,0,24,0,30,46,4,80,0,46,54,4,104,8,4,12,116
12/28/2022,SBY,MD,AEA,EN,Federal Contract Tower,0,18,6,0,24,0,5,48,0,53,0,23,54,0,77,30,0,30,107
12/29/2022,SBY,MD,AEA,EN,Federal Contract Tower,0,18,11,0,29,0,13,64,2,79,0,31,75,2,108,42,24,66,174
12/30/2022,SBY,MD,AEA,EN,Federal Contract Tower,0,17,4,0,21,0,1,75,0,76,0,18,79,0,97,32,0,32,129
12/31/2022,SBY,MD,AEA,EN,Federal Contract Tower,0,11,0,0,11,0,0,0,0,0,0,11,0,0,11,0,0,0,11
01/01/2023,SBY,MD,AEA,EN,Federal Contract Tower,0,8,3,0,11,0,6,31,0,37,0,14,34,0,48,28,0,28,76
01/02/2023,SBY,MD,AEA,EN,Federal Contract Tower,0,9,4,0,13,0,0,59,0,59,0,9,63,0,72,102,0,102,174
01/03/2023,SBY,MD,AEA,EN,Federal Contract Tower,0,10,3,0,13,0,0,19,4,23,0,10,22,4,36,0,90,90,126
01/04/2023,SBY,MD,AEA,EN,Federal Contract Tower,0,18,4,4,26,0,5,3,8,16,0,23,7,12,42,18,10,28,70
01/05/2023,SBY,MD,AEA,EN,Federal Contract Tower,0,14,19,4,37,0,4,23,22,49,0,18,42,26,86,20,76,96,182
01/06/2023,SBY,MD,AEA,EN,Federal Contract Tower,0,14,12,0,26,0,4,11,4,19,0,18,23,4,45,0,22,22,67
01/07/2023,SBY,MD,AEA,EN,Federal Contract Tower,0,10,9,0,19,0,0,35,0,35,0,10,44,0,54,2,0,2,56
01/08/2023,SBY,MD,AEA,EN,Federal Contract Tower,0,9,8,0,17,0,8,39,0,47,0,17,47,0,64,20,0,20,84
01/09/2023,SBY,MD,AEA,EN,Federal Contract Tower,0,15,6,0,21,0,12,19,6,37,0,27,25,6,58,0,46,46,104
01/10/2023,SBY,MD,AEA,EN,Federal Contract Tower,0,12,3,2,17,0,7,51,24,82,0,19,54,26,99,34,138,172,271
01/11/2023,SBY,MD,AEA,EN,Federal Contract Tower,0,13,9,1,23,0,4,43,16,63,0,17,52,17,86,20,72,92,178
01/12/2023,SBY,MD,AEA,EN,Federal Contract Tower,0,18,5,7,30,0,4,8,0,12,0,22,13,7,42,20,28,48,90
01/13/2023,SBY,MD,AEA,EN,Federal Contract Tower,0,14,2,6,22,0,10,7,2,19,0,24,9,8,41,8,46,54,95
01/14/2023,SBY,MD,AEA,EN,Federal Contract Tower,0,11,3,0,14,0,10,9,0,19,0,21,12,0,33,14,0,14,47
01/15/2023,SBY,MD,AEA,EN,Federal Contract Tower,0,9,5,0,14,0,2,9,0,11,0,11,14,0,25,0,0,0,25
01/16/2023,SBY,MD,AEA,EN,Federal Contract Tower,0,12,2,0,14,0,28,39,8,75,0,40,41,8,89,14,14,28,117
01/17/2023,SBY,MD,AEA,EN,Federal Contract Tower,0,17,7,0,24,0,6,8,2,16,0,23,15,2,40,0,10,10,50
01/19/2023,SBY,MD,AEA,EN,Federal Contract Tower,0,14,3,3,20,0,5,7,4,16,0,19,10,7,36,6,0,6,42
01/20/2023,SBY,MD,AEA,EN,Federal Contract Tower,0,13,7,0,20,0,1,6,4,11,0,14,13,4,31,4,14,18,49
01/21/2023,SBY,MD,AEA,EN,Federal Contract Tower,0,10,7,0,17,0,4,32,0,36,0,14,39,0,53,26,0,26,79
01/22/2023,SBY,MD,AEA,EN,Federal Contract Tower,0,13,0,0,13,0,2,9,2,13,0,15,9,2,26,0,4,4,30
01/23/2023,SBY,MD,AEA,EN,Federal Contract Tower,0,12,2,2,16,0,3,2,12,17,0,15,4,14,33,0,28,28,61
01/24/2023,SBY,MD,AEA,EN,Federal Contract Tower,0,13,11,0,24,0,2,53,8,63,0,15,64,8,87,0,0,0,87
01/25/2023,SBY,MD,AEA,EN,Federal Contract Tower,0,19,0,6,25,0,0,1,0,1,0,19,1,6,26,0,0,0,26
01/26/2023,SBY,MD,AEA,EN,Federal Contract Tower,0,15,15,0,30,0,10,38,6,54,0,25,53,6,84,12,2,14,98
01/27/2023,SBY,MD,AEA,EN,Federal Contract Tower,0,13,22,0,35,0,5,69,16,90,0,18,91,16,125,74,36,110,235
01/28/2023,SBY,MD,AEA,EN,Federal Contract Tower,0,10,9,0,19,0,0,66,0,66,0,10,75,0,85,50,0,50,135
01/29/2023,SBY,MD,AEA,EN,Federal Contract Tower,0,12,4,0,16,0,4,19,5,28,0,16,23,5,44,4,4,8,52
01/30/2023,SBY,MD,AEA,EN,Federal Contract Tower,0,13,7,0,20,0,8,56,41,105,0,21,63,41,125,68,136,204,329
01/31/2023,SBY,MD,AEA,EN,Federal Contract Tower,0,16,1,2,19,0,12,0,0,12,0,28,1,2,31,0,0,0,31
02/01/2023,SBY,MD,AEA,EN,Federal Contract Tower,0,19,19,5,43,0,4,21,22,47,0,23,40,27,90,52,76,128,218
02/02/2023,SBY,MD,AEA,EN,Federal Contract Tower,0,15,4,0,19,0,2,76,38,116,0,17,80,38,135,46,42,88,223
02/03/2023,SBY,MD,AEA,EN,Federal Contract Tower,0,11,5,0,16,0,2,18,5,25,0,13,23,5,41,10,0,10,51
02/04/2023,SBY,MD,AEA,EN,Federal Contract Tower,0,7,5,0,12,0,0,50,0,50,0,7,55,0,62,4,0,4,66
02/05/2023,SBY,MD,AEA,EN,Federal Contract Tower,0,6,0,0,6,0,0,28,2,30,0,6,28,2,36,0,0,0,36
02/06/2023,SBY,MD,AEA,EN,Federal Contract Tower,0,13,3,6,22,0,20,25,27,72,0,33,28,33,94,28,88,116,210
02/07/2023,SBY,MD,AEA,EN,Federal Contract Tower,0,13,6,7,26,0,0,55,63,118,0,13,61,70,144,38,278,316,460
02/08/2023,SBY,MD,AEA,EN,Federal Contract Tower,0,14,5,4,23,0,12,101,52,165,0,26,106,56,188,112,118,230,418
02/09/2023,SBY,MD,AEA,EN,Federal Contract Tower,0,15,7,0,22,0,0,35,44,79,0,15,42,44,101,18,92,110,211
02/10/2023,SBY,MD,AEA,EN,Federal Contract Tower,0,10,8,0,18,0,5,55,28,88,0,15,63,28,106,102,94,196,302
02/11/2023,SBY,MD,AEA,EN,Federal Contract Tower,0,8,4,1,13,0,0,61,22,83,0,8,65,23,96,124,60,184,280
02/12/2023,SBY,MD,AEA,EN,Federal Contract Tower,0,7,3,0,10,0,6,1,0,7,0,13,4,0,17,0,0,0,17
02/13/2023,SBY,MD,AEA,EN,Federal Contract Tower,0,12,3,5,20,0,0,64,66,130,0,12,67,71,150,106,310,416,566
02/14/2023,SBY,MD,AEA,EN,Federal Contract Tower,0,11,2,0,13,0,0,77,40,117,0,11,79,40,130,84,210,294,424
02/15/2023,SBY,MD,AEA,EN,Federal Contract Tower,0,17,10,0,27,0,2,46,22,70,0,19,56,22,97,32,38,70,167
02/16/2023,SBY,MD,AEA,EN,Federal Contract Tower,0,15,12,0,27,0,14,55,16,85,0,29,67,16,112,58,30,88,200
02/17/2023,SBY,MD,AEA,EN,Federal Contract Tower,0,13,4,0,17,0,0,0,0,0,0,13,4,0,17,0,0,0,17
02/18/2023,SBY,MD,AEA,EN,Federal Contract Tower,0,11,3,0,14,0,9,38,6,53,0,20,41,6,67,20,6,26,93
02/19/2023,SBY,MD,AEA,EN,Federal Contract Tower,0,9,1,0,10,0,18,32,0,50,0,27,33,0,60,10,0,10,70
02/20/2023,SBY,MD,AEA,EN,Federal Contract Tower,0,9,7,0,16,0,6,56,35,97,0,15,63,35,113,60,134,194,307
02/21/2023,SBY,MD,AEA,EN,Federal Contract Tower,0,10,3,4,17,0,4,62,38,104,0,14,65,42,121,40,106,146,267
02/22/2023,SBY,MD,AEA,EN,Federal Contract Tower,0,13,5,0,18,0,6,37,29,72,0,19,42,29,90,64,42,106,196
02/23/2023,SBY,MD,AEA,EN,Federal Contract Tower,0,16,10,2,28,0,2,74,42,118,0,18,84,44,146,58,62,120,266
02/24/2023,SBY,MD,AEA,EN,Federal Contract Tower,0,11,4,2,17,0,3,21,14,38,0,14,25,16,55,22,64,86,141
02/25/2023,SBY,MD,AEA,EN,Federal Contract Tower,0,8,5,0,13,0,0,0,0,0,0,8,5,0,13,2,0,2,15
02/26/2023,SBY,MD,AEA,EN,Federal Contract Tower,0,11,14,2,27,0,8,41,31,80,0,19,55,33,107,86,30,116,223
02/27/2023,SBY,MD,AEA,EN,Federal Contract Tower,0,12,4,0,16,0,12,48,39,99,0,24,52,39,115,90,200,290,405
02/28/2023,SBY,MD,AEA,EN,Federal Contract Tower,0,11,12,1,24,0,4,6,20,30,0,15,18,21,54,0,62,62,116
03/01/2023,SBY,MD,AEA,EN,Federal Contract Tower,0,14,8,5,27,0,0,47,37,84,0,14,55,42,111,60,84,144,255
03/02/2023,SBY,MD,AEA,EN,Federal Contract Tower,0,16,5,5,26,0,4,25,28,57,0,20,30,33,83,26,62,88,171
03/03/2023,SBY,MD,AEA,EN,Federal Contract Tower,0,10,6,0,16,0,4,25,16,45,0,14,31,16,61,48,68,116,177
03/04/2023,SBY,MD,AEA,EN,Federal Contract Tower,0,7,1,0,8,0,6,2,2,10,0,13,3,2,18,16,0,16,34
03/05/2023,SBY,MD,AEA,EN,Federal Contract Tower,0,9,7,0,16,0,10,60,17,87,0,19,67,17,103,62,50,112,215
03/06/2023,SBY,MD,AEA,EN,Federal Contract Tower,0,12,6,0,18,0,24,67,24,115,0,36,73,24,133,82,22,104,237
03/07/2023,SBY,MD,AEA,EN,Federal Contract Tower,0,14,7,0,21,0,1,22,43,66,0,15,29,43,87,38,128,166,253
03/08/2023,SBY,MD,AEA,EN,Federal Contract Tower,0,14,6,7,27,0,4,31,15,50,0,18,37,22,77,8,116,124,201
03/09/2023,SBY,MD,AEA,EN,Federal Contract Tower,0,14,22,20,56,0,6,87,45,138,0,20,109,65,194,78,110,188,382
03/10/2023,SBY,MD,AEA,EN,Federal Contract Tower,0,12,1,3,16,0,4,28,16,48,0,16,29,19,64,6,92,98,162
03/11/2023,SBY,MD,AEA,EN,Federal Contract Tower,0,10,1,0,11,0,6,2,0,8,0,16,3,0,19,0,0,0,19
03/12/2023,SBY,MD,AEA,EN,Federal Contract Tower,0,10,9,0,19,0,0,24,5,29,0,10,33,5,48,10,6,16,64
03/13/2023,SBY,MD,AEA,EN,Federal Contract Tower,0,17,3,0,20,0,0,0,0,0,0,17,3,0,20,0,0,0,20
03/14/2023,SBY,MD,AEA,EN,Federal Contract Tower,0,12,2,1,15,0,0,2,19,21,0,12,4,20,36,0,24,24,60
03/16/2023,SBY,MD,AEA,EN,Federal Contract Tower,0,16,9,0,25,0,16,109,66,191,0,32,118,66,216,82,124,206,422
03/17/2023,SBY,MD,AEA,EN,Federal Contract Tower,0,13,8,0,21,0,9,11,0,20,0,22,19,0,41,8,46,54,95
03/18/2023,SBY,MD,AEA,EN,Federal Contract Tower,0,13,2,0,15,0,2,35,0,37,0,15,37,0,52,34,0,34,86
03/19/2023,SBY,MD,AEA,EN,Federal Contract Tower,0,11,1,0,12,0,2,37,1,40,0,13,38,1,52,0,2,2,54
03/20/2023,SBY,MD,AEA,EN,Federal Contract Tower,0,11,7,3,21,0,27,61,35,123,0,38,68,38,144,78,154,232,376
03/21/2023,SBY,MD,AEA,EN,Federal Contract Tower,0,13,6,0,19,0,6,84,47,137,0,19,90,47,156,62,186,248,404
03/22/2023,SBY,MD,AEA,EN,Federal Contract Tower,0,13,3,1,17,0,32,63,12,107,0,45,66,13,124,26,38,64,188
03/23/2023,SBY,MD,AEA,EN,Federal Contract Tower,0,13,4,0,17,0,0,49,14,63,0,13,53,14,80,80,30,110,190
03/24/2023,SBY,MD,AEA,EN,Federal Contract Tower,0,17,9,1,27,0,0,3,0,3,0,17,12,1,30,8,0,8,38
03/25/2023,SBY,MD,AEA,EN,Federal Contract Tower,0,9,3,0,12,0,8,1,0,9,0,17,4,0,21,4,0,4,25
03/26/2023,SBY,MD,AEA,EN,Federal Contract Tower,0,9,10,0,19,0,15,35,10,60,0,24,45,10,79,8,0,8,87
03/27/2023,SBY,MD,AEA,EN,Federal Contract Tower,0,13,17,0,30,0,14,8,15,37,0,27,25,15,67,10,12,22,89
03/28/2023,SBY,MD,AEA,EN,Federal Contract Tower,0,13,16,3,32,0,18,51,34,103,0,31,67,37,135,40,164,204,339
03/29/2023,SBY,MD,AEA,EN,Federal Contract Tower,0,14,2,0,16,0,3,57,42,102,0,17,59,42,118,56,10,66,184
03/30/2023,SBY,MD,AEA,EN,Federal Contract Tower,0,14,10,1,25,0,6,41,29,76,0,20,51,30,101,86,24,110,211
03/31/2023,SBY,MD,AEA,EN,Federal Contract Tower,0,15,14,0,29,0,9,29,4,42,0,24,43,4,71,4,0,4,75
04/01/2023,SBY,MD,AEA,EN,Federal Contract Tower,0,9,0,0,9,0,6,0,0,6,0,15,0,0,15,0,0,0,15
04/02/2023,SBY,MD,AEA,EN,Federal Contract Tower,0,8,9,1,18,0,6,38,8,52,0,14,47,9,70,24,30,54,124
04/03/2023,SBY,MD,AEA,EN,Federal Contract Tower,0,10,4,0,14,0,22,33,34,89,0,32,37,34,103,34,118,152,255
04/04/2023,SBY,MD,AEA,EN,Federal Contract Tower,0,14,4,4,22,0,6,34,26,66,0,20,38,30,88,58,100,158,246
04/05/2023,SBY,MD,AEA,EN,Federal Contract Tower,0,16,0,1,17,0,12,65,47,124,0,28,65,48,141,90,42,132,273
04/06/2023,SBY,MD,AEA,EN,Federal Contract Tower,0,17,4,0,21,0,4,27,22,53,0,21,31,22,74,22,2,24,98
04/07/2023,SBY,MD,AEA,EN,Federal Contract Tower,0,14,5,4,23,0,12,32,35,79,0,26,37,39,102,38,22,60,162
04/08/2023,SBY,MD,AEA,EN,Federal Contract Tower,0,8,7,0,15,0,4,35,0,39,0,12,42,0,54,0,0,0,54
04/09/2023,SBY,MD,AEA,EN,Federal Contract Tower,0,11,4,0,15,0,6,23,1,30,0,17,27,1,45,0,0,0,45
04/10/2023,SBY,MD,AEA,EN,Federal Contract Tower,0,11,10,1,22,0,2,43,10,55,0,13,53,11,77,20,0,20,97
04/12/2023,SBY,MD,AEA,EN,Federal Contract Tower,0,17,7,10,34,0,10,42,8,60,0,27,49,18,94,12,42,54,148
04/13/2023,SBY,MD,AEA,EN,Federal Contract Tower,0,14,13,8,35,0,18,75,21,114,0,32,88,29,149,62,112,174,323
04/14/2023,SBY,MD,AEA,EN,Federal Contract Tower,0,15,13,1,29,0,13,68,23,104,0,28,81,24,133,66,34,100,233
04/15/2023,SBY,MD,AEA,EN,Federal Contract Tower,0,7,5,0,12,0,0,3,0,3,0,7,8,0,15,0,0,0,15
04/16/2023,SBY,MD,AEA,EN,Federal Contract Tower,0,10,10,0,20,0,24,33,0,57,0,34,43,0,77,8,0,8,85
04/17/2023,SBY,MD,AEA,EN,Federal Contract Tower,0,12,12,2,26,0,4,45,22,71,0,16,57,24,97,26,74,100,197
04/18/2023,SBY,MD,AEA,EN,Federal Contract Tower,0,14,10,0,24,0,1,31,16,48,0,15,41,16,72,20,80,100,172
04/19/2023,SBY,MD,AEA,EN,Federal Contract Tower,0,22,7,10,39,0,0,77,19,96,0,22,84,29,135,24,2,26,161
04/20/2023,SBY,MD,AEA,EN,Federal Contract Tower,0,15,7,0,22,0,6,92,18,116,0,21,99,18,138,92,50,142,280
04/21/2023,SBY,MD,AEA,EN,Federal Contract Tower,0,14,7,1,22,0,9,59,16,84,0,23,66,17,106,24,0,24,130
04/22/2023,SBY,MD,AEA,EN,Federal Contract Tower,0,8,3,0,11,0,0,23,0,23,0,8,26,0,34,8,0,8,42
04/23/2023,SBY,MD,AEA,EN,Federal Contract Tower,0,11,5,0,16,0,15,42,0,57,0,26,47,0,73,34,0,34,107
04/24/2023,SBY,MD,AEA,EN,Federal Contract Tower,0,11,6,0,17,0,6,51,32,89,0,17,57,32,106,54,122,176,282
04/25/2023,SBY,MD,AEA,EN,Federal Contract Tower,0,14,9,1,24,0,16,50,35,101,0,30,59,36,125,50,122,172,297
04/26/2023,SBY,MD,AEA,EN,Federal Contract Tower,0,14,4,3,21,0,4,49,31,84,0,18,53,34,105,50,58,108,213
04/27/2023,SBY,MD,AEA,EN,Federal Contract Tower,0,17,9,1,27,0,6,71,14,91,0,23,80,15,118,74,72,146,264
04/28/2023,SBY,MD,AEA,EN,Federal Contract Tower,0,14,6,0,20,0,0,0,0,0,0,14,6,0,20,0,0,0,20
04/29/2023,SBY,MD,AEA,EN,Federal Contract Tower,0,12,2,1,15,0,2,8,1,11,0,14,10,2,26,0,0,0,26
04/30/2023,SBY,MD,AEA,EN,Federal Contract Tower,0,9,3,0,12,0,0,0,0,0,0,9,3,0,12,0,0,0,12
05/01/2023,SBY,MD,AEA,EN,Federal Contract Tower,0,13,10,0,23,0,12,14,13,39,0,25,24,13,62,18,10,28,90
05/02/2023,SBY,MD,AEA,EN,Federal Contract Tower,0,18,6,1,25,0,0,27,32,59,0,18,33,33,84,0,82,82,166
05/03/2023,SBY,MD,AEA,EN,Federal Contract Tower,0,14,18,5,37,0,0,30,36,66,0,14,48,41,103,82,24,106,209
05/04/2023,SBY,MD,AEA,EN,Federal Contract Tower,0,23,7,0,30,0,20,69,26,115,0,43,76,26,145,32,38,70,215
05/05/2023,SBY,MD,AEA,EN,Federal Contract Tower,0,13,11,1,25,0,14,63,26,103,0,27,74,27,128,50,0,50,178
05/06/2023,SBY,MD,AEA,EN,Federal Contract Tower,0,10,9,0,19,0,12,57,36,105,0,22,66,36,124,50,160,210,334
05/07/2023,SBY,MD,AEA,EN,Federal Contract Tower,0,9,5,0,14,0,5,36,16,57,0,14,41,16,71,36,94,130,201
05/08/2023,SBY,MD,AEA,EN,Federal Contract Tower,0,11,16,0,27,0,10,58,34,102,0,21,74,34,129,110,122,232,361
05/09/2023,SBY,MD,AEA,EN,Federal Contract Tower,0,18,6,3,27,0,0,38,37,75,0,18,44,40,102,68,106,174,276
05/10/2023,SBY,MD,AEA,EN,Federal Contract Tower,0,18,7,5,30,0,9,80,27,116,0,27,87,32,146,92,100,192,338
05/11/2023,SBY,MD,AEA,EN,Federal Contract Tower,0,15,10,5,30,0,1,74,25,100,0,16,84,30,130,56,32,88,218
05/12/2023,SBY,MD,AEA,EN,Federal Contract Tower,0,19,11,1,31,0,2,55,5,62,0,21,66,6,93,76,34,110,203
05/13/2023,SBY,MD,AEA,EN,Federal Contract Tower,0,16,5,0,21,0,3,5,0,8,0,19,10,0,29,6,0,6,35
05/14/2023,SBY,MD,AEA,EN,Federal Contract Tower,0,13,9,0,22,0,2,15,0,17,0,15,24,0,39,0,0,0,39
05/15/2023,SBY,MD,AEA,EN,Federal Contract Tower,0,11,3,3,17,0,16,46,28,90,0,27,49,31,107,66,74,140,247
05/16/2023,SBY,MD,AEA,EN,Federal Contract Tower,0,13,6,2,21,0,17,29,30,76,0,30,35,32,97,60,80,140,237
05/17/2023,SBY,MD,AEA,EN,Federal Contract Tower,0,20,7,2,29,0,22,75,8,105,0,42,82,10,134,56,36,92,226
05/18/2023,SBY,MD,AEA,EN,Federal Contract Tower,0,20,11,0,31,0,14,53,10,77,0,34,64,10,108,60,10,70,178
05/19/2023,SBY,MD,AEA,EN,Federal Contract Tower,0,14,7,1,22,0,0,39,3,42,0,14,46,4,64,42,6,48,112
05/20/2023,SBY,MD,AEA,EN,Federal Contract Tower,0,13,7,0,20,0,0,1,0,1,0,13,8,0,21,0,0,0,21
05/21/2023,SBY,MD,AEA,EN,Federal Contract Tower,0,11,5,0,16,0,4,53,0,57,0,15,58,0,73,56,0,56,129
05/22/2023,SBY,MD,AEA,EN,Federal Contract Tower,0,14,14,2,30,0,6,46,2,54,0,20,60,4,84,94,0,94,178
05/23/2023,SBY,MD,AEA,EN,Federal Contract Tower,0,20,3,0,23,0,2,38,0,40,0,22,41,0,63,50,64,114,177
05/24/2023,SBY,MD,AEA,EN,Federal Contract Tower,0,18,1,0,19,0,2,91,5,98,0,20,92,5,117,100,0,100,217
05/25/2023,SBY,MD,AEA,EN,Federal Contract Tower,0,20,2,2,24,0,8,51,2,61,0,28,53,4,85,136,20,156,241
05/26/2023,SBY,MD,AEA,EN,Federal Contract Tower,0,20,6,0,26,0,0,5,72,77,0,20,11,72,103,156,0,156,259
05/27/2023,SBY,MD,AEA,EN,Federal Contract Tower,0,14,2,0,16,0,10,34,1,45,0,24,36,1,61,46,12,58,119
05/28/2023,SBY,MD,AEA,EN,Federal Contract Tower,0,12,2,0,14,0,4,15,0,19,0,16,17,0,33,2,0,2,35
05/29/2023,SBY,MD,AEA,EN,Federal Contract Tower,0,11,22,0,33,0,5,0,0,5,0,16,22,0,38,0,0,0,38
05/30/2023,SBY,MD,AEA,EN,Federal Contract Tower,0,16,7,6,29,0,4,8,2,14,0,20,15,8,43,0,0,0,43
05/31/2023,SBY,MD,AEA,EN,Federal Contract Tower,0,16,5,2,23,0,7,9,0,16,0,23,14,2,39,6,0,6,45
06/01/2023,SBY,MD,AEA,EN,Federal Contract Tower,0,10,7,2,19,0,6,38,13,57,0,16,45,15,76,84,10,94,170
06/02/2023,SBY,MD,AEA,EN,Federal Contract Tower,0,6,6,0,12,0,10,54,3,67,0,16,60,3,79,68,16,84,163
06/03/2023,SBY,MD,AEA,EN,Federal Contract Tower,0,8,20,0,28,0,4,1,0,5,0,12,21,0,33,0,0,0,33
06/04/2023,SBY,MD,AEA,EN,Federal Contract Tower,0,11,7,0,18,0,3,46,12,61,0,14,53,12,79,34,54,88,167
06/05/2023,SBY,MD,AEA,EN,Federal Contract Tower,0,12,13,0,25,0,13,60,23,96,0,25,73,23,121,124,38,162,283
06/06/2023,SBY,MD,AEA,EN,Federal Contract Tower,0,8,7,5,20,0,13,42,27,82,0,21,49,32,102,40,46,86,188
06/07/2023,SBY,MD,AEA,EN,Federal Contract Tower,0,8,27,0,35,0,2,2,0,4,0,10,29,0,39,0,0,0,39
06/08/2023,SBY,MD,AEA,EN,Federal Contract Tower,0,10,25,8,43,0,0,2,0,2,0,10,27,8,45,2,0,2,47
06/09/2023,SBY,MD,AEA,EN,Federal Contract Tower,0,16,19,0,35,0,8,44,2,54,0,24,63,2,89,72,20,92,181
06/10/2023,SBY,MD,AEA,EN,Federal Contract Tower,0,11,21,0,32,0,6,53,12,71,0,17,74,12,103,60,14,74,177
06/11/2023,SBY,MD,AEA,EN,Federal Contract Tower,0,13,8,0,21,0,5,26,0,31,0,18,34,0,52,6,0,6,58
06/12/2023,SBY,MD,AEA,EN,Federal Contract Tower,0,10,12,3,25,0,8,5,0,13,0,18,17,3,38,0,0,0,38
06/13/2023,SBY,MD,AEA,EN,Federal Contract Tower,0,13,9,0,22,0,26,68,22,116,0,39,77,22,138,48,40,88,226
06/14/2023,SBY,MD,AEA,EN,Federal Contract Tower,0,10,2,0,12,0,9,60,29,98,0,19,62,29,110,62,62,124,234
06/15/2023,SBY,MD,AEA,EN,Federal Contract Tower,0,17,22,2,41,0,12,61,8,81,0,29,83,10,122,54,76,130,252
06/16/2023,SBY,MD,AEA,EN,Federal Contract Tower,0,16,12,0,28,0,2,2,6,10,0,18,14,6,38,30,0,30,68
06/17/2023,SBY,MD,AEA,EN,Federal Contract Tower,0,9,6,0,15,0,6,28,2,36,0,15,34,2,51,14,6,20,71
06/18/2023,SBY,MD,AEA,EN,Federal Contract Tower,0,9,4,0,13,0,13,36,0,49,0,22,40,0,62,32,0,32,94
06/19/2023,SBY,MD,AEA,EN,Federal Contract Tower,0,10,7,0,17,0,0,26,10,36,0,10,33,10,53,42,40,82,135
06/20/2023,SBY,MD,AEA,EN,Federal Contract Tower,0,6,16,2,24,0,21,37,13,71,0,27,53,15,95,72,62,134,229
06/21/2023,SBY,MD,AEA,EN,Federal Contract Tower,0,17,2,0,19,0,3,0,0,3,0,20,2,0,22,0,0,0,22
06/22/2023,SBY,MD,AEA,EN,Federal Contract Tower,0,11,9,8,28,0,0,0,0,0,0,11,9,8,28,0,0,0,28
06/23/2023,SBY,MD,AEA,EN,Federal Contract Tower,0,8,6,0,14,0,0,7,0,7,0,8,13,0,21,0,0,0,21
06/25/2023,SBY,MD,AEA,EN,Federal Contract Tower,0,15,14,0,29,0,2,55,0,57,0,17,69,0,86,88,0,88,174
06/26/2023,SBY,MD,AEA,EN,Federal Contract Tower,0,11,5,0,16,0,0,42,15,57,0,11,47,15,73,54,26,80,153
06/27/2023,SBY,MD,AEA,EN,Federal Contract Tower,0,6,10,0,16,0,5,36,7,48,0,11,46,7,64,106,28,134,198
06/28/2023,SBY,MD,AEA,EN,Federal Contract Tower,0,15,18,11,44,0,2,76,13,91,0,17,94,24,135,52,28,80,215
06/29/2023,SBY,MD,AEA,EN,Federal Contract Tower,0,12,17,3,32,0,0,29,1,30,0,12,46,4,62,64,14,78,140
06/30/2023,SBY,MD,AEA,EN,Federal Contract Tower,0,18,16,0,34,0,20,16,0,36,0,38,32,0,70,0,0,0,70
07/01/2023,SBY,MD,AEA,EN,Federal Contract Tower,0,14,3,0,17,0,0,11,0,11,0,14,14,0,28,10,0,10,38
07/02/2023,SBY,MD,AEA,EN,Federal Contract Tower,0,13,1,0,14,0,4,14,0,18,0,17,15,0,32,0,0,0,32
07/03/2023,SBY,MD,AEA,EN,Federal Contract Tower,0,10,2,0,12,0,6,16,0,22,0,16,18,0,34,16,0,16,50
07/04/2023,SBY,MD,AEA,EN,Federal Contract Tower,0,5,2,0,7,0,12,24,0,36,0,17,26,0,43,0,0,0,43
07/07/2023,SBY,MD,AEA,EN,Federal Contract Tower,0,17,3,0,20,0,1,10,0,11,0,18,13,0,31,12,0,12,43
07/08/2023,SBY,MD,AEA,EN,Federal Contract Tower,0,9,3,0,12,0,2,10,0,12,0,11,13,0,24,2,0,2,26
07/09/2023,SBY,MD,AEA,EN,Federal Contract Tower,0,10,3,0,13,0,6,2,0,8,0,16,5,0,21,0,0,0,21
07/10/2023,SBY,MD,AEA,EN,Federal Contract Tower,0,11,7,0,18,0,2,56,34,92,0,13,63,34,110,68,132,200,310
07/11/2023,SBY,MD,AEA,EN,Federal Contract Tower,0,10,9,0,19,0,5,79,13,97,0,15,88,13,116,86,6,92,208
07/12/2023,SBY,MD,AEA,EN,Federal Contract Tower,0,16,7,2,25,0,17,115,5,137,0,33,122,7,162,118,0,118,280
07/13/2023,SBY,MD,AEA,EN,Federal Contract Tower,0,10,7,2,19,0,16,71,10,97,0,26,78,12,116,28,0,28,144
07/14/2023,SBY,MD,AEA,EN,Federal Contract Tower,0,9,5,0,14,0,8,17,0,25,0,17,22,0,39,44,0,44,83
07/15/2023,SBY,MD,AEA,EN,Federal Contract Tower,0,11,2,0,13,0,6,25,0,31,0,17,27,0,44,16,0,16,60
07/16/2023,SBY,MD,AEA,EN,Federal Contract Tower,0,10,6,0,16,0,0,1,0,1,0,10,7,0,17,0,0,0,17
07/17/2023,SBY,MD,AEA,EN,Federal Contract Tower,0,11,21,2,34,0,10,62,18,90,0,21,83,20,124,86,32,118,242
07/19/2023,SBY,MD,AEA,EN,Federal Contract Tower,0,16,5,0,21,0,10,34,0,44,0,26,39,0,65,56,0,56,121
07/20/2023,SBY,MD,AEA,EN,Federal Contract Tower,0,11,15,0,26,0,3,44,14,61,0,14,59,14,87,30,16,46,133
07/21/2023,SBY,MD,AEA,EN,Federal Contract Tower,0,13,10,2,25,0,16,30,4,50,0,29,40,6,75,34,16,50,125
07/22/2023,SBY,MD,AEA,EN,Federal Contract Tower,0,7,5,0,12,0,4,74,0,78,0,11,79,0,90,64,0,64,154
07/23/2023,SBY,MD,AEA,EN,Federal Contract Tower,0,13,9,0,22,0,27,41,0,68,0,40,50,0,90,28,0,28,118
07/24/2023,SBY,MD,AEA,EN,Federal Contract Tower,0,10,2,0,12,0,0,31,19,50,0,10,33,19,62,52,68,120,182
07/25/2023,SBY,MD,AEA,EN,Federal Contract Tower,0,6,9,0,15,0,0,44,4,48,0,6,53,4,63,136,16,152,215
07/26/2023,SBY,MD,AEA,EN,Federal Contract Tower,0,14,17,1,32,0,3,78,5,86,0,17,95,6,118,32,0,32,150
07/27/2023,SBY,MD,AEA,EN,Federal Contract Tower,0,11,27,0,38,0,5,47,2,54,0,16,74,2,92,46,8,54,146
07/28/2023,SBY,MD,AEA,EN,Federal Contract Tower,0,12,4,0,16,0,20,72,7,99,0,32,76,7,115,52,12,64,179
07/29/2023,SBY,MD,AEA,EN,Federal Contract Tower,0,8,6,0,14,0,1,18,0,19,0,9,24,0,33,36,0,36,69
07/30/2023,SBY,MD,AEA,EN,Federal Contract Tower,0,11,7,0,18,0,0,21,0,21,0,11,28,0,39,16,0,16,55
07/31/2023,SBY,MD,AEA,EN,Federal Contract Tower,0,11,10,0,21,0,6,34,0,40,0,17,44,0,61,82,0,82,143
08/01/2023,SBY,MD,AEA,EN,Federal Contract Tower,0,8,6,0,14,0,7,51,6,64,0,15,57,6,78,110,30,140,218
08/02/2023,SBY,MD,AEA,EN,Federal Contract Tower,0,9,14,0,23,0,6,49,24,79,0,15,63,24,102,20,0,20,122
08/03/2023,SBY,MD,AEA,EN,Federal Contract Tower,0,10,10,2,22,0,4,31,2,37,0,14,41,4,59,26,12,38,97
08/04/2023,SBY,MD,AEA,EN,Federal Contract Tower,0,15,11,0,26,0,0,0,0,0,0,15,11,0,26,0,0,0,26
08/05/2023,SBY,MD,AEA,EN,Federal Contract Tower,0,13,10,0,23,0,6,31,0,37,0,19,41,0,60,0,0,0,60
08/06/2023,SBY,MD,AEA,EN,Federal Contract Tower,0,27,11,0,38,0,12,43,3,58,0,39,54,3,96,16,0,16,112
08/07/2023,SBY,MD,AEA,EN,Federal Contract Tower,0,11,10,1,22,0,8,10,15,33,0,19,20,16,55,0,128,128,183
08/08/2023,SBY,MD,AEA,EN,Federal Contract Tower,0,10,13,2,25,0,27,61,20,108,0,37,74,22,133,58,28,86,219
08/09/2023,SBY,MD,AEA,EN,Federal Contract Tower,0,17,10,4,31,0,8,131,6,145,0,25,141,10,176,140,20,160,336
08/10/2023,SBY,MD,AEA,EN,Federal Contract Tower,0,18,8,4,30,0,6,23,1,30,0,24,31,5,60,50,14,64,124
08/11/2023,SBY,MD,AEA,EN,Federal Contract Tower,0,20,9,0,29,0,12,49,16,77,0,32,58,16,106,68,60,128,234
08/12/2023,SBY,MD,AEA,EN,Federal Contract Tower,0,15,16,0,31,0,6,43,0,49,0,21,59,0,80,62,0,62,142
08/13/2023,SBY,MD,AEA,EN,Federal Contract Tower,0,9,6,1,16,0,14,39,0,53,0,23,45,1,69,48,0,48,117
08/14/2023,SBY,MD,AEA,EN,Federal Contract Tower,0,10,6,0,16,0,0,34,11,45,0,10,40,11,61,64,82,146,207
08/15/2023,SBY,MD,AEA,EN,Federal Contract Tower,0,13,4,0,17,0,2,41,16,59,0,15,45,16,76,70,66,136,212
08/16/2023,SBY,MD,AEA,EN,Federal Contract Tower,0,14,11,8,33,0,2,88,37,127,0,16,99,45,160,130,40,170,330
08/17/2023,SBY,MD,AEA,EN,Federal Contract Tower,0,11,16,0,27,0,10,63,14,87,0,21,79,14,114,32,62,94,208
08/18/2023,SBY,MD,AEA,EN,Federal Contract Tower,0,9,15,0,24,0,10,39,15,64,0,19,54,15,88,56,94,150,238
08/19/2023,SBY,MD,AEA,EN,Federal Contract Tower,0,8,12,0,20,0,9,66,0,75,0,17,78,0,95,74,0,74,169
08/20/2023,SBY,MD,AEA,EN,Federal Contract Tower,0,14,5,0,19,0,0,40,0,40,0,14,45,0,59,24,0,24,83
08/21/2023,SBY,MD,AEA,EN,Federal Contract Tower,0,13,4,6,23,0,2,68,10,80,0,15,72,16,103,84,82,166,269
08/22/2023,SBY,MD,AEA,EN,Federal Contract Tower,0,15,10,0,25,0,4,58,19,81,0,19,68,19,106,78,88,166,272
08/23/2023,SBY,MD,AEA,EN,Federal Contract Tower,0,11,2,0,13,0,6,85,2,93,0,17,87,2,106,110,20,130,236
08/24/2023,SBY,MD,AEA,EN,Federal Contract Tower,0,12,12,6,30,0,0,31,4,35,0,12,43,10,65,18,0,18,83
08/25/2023,SBY,MD,AEA,EN,Federal Contract Tower,0,18,9,0,27,0,9,31,6,46,0,27,40,6,73,44,16,60,133
08/26/2023,SBY,MD,AEA,EN,Federal Contract Tower,0,21,13,0,34,0,5,38,0,43,0,26,51,0,77,18,0,18,95
08/27/2023,SBY,MD,AEA,EN,Federal Contract Tower,0,14,10,0,24,0,12,53,0,65,0,26,63,0,89,38,0,38,127
08/28/2023,SBY,MD,AEA,EN,Federal Contract Tower,0,10,8,2,20,0,6,1,0,7,0,16,9,2,27,0,0,0,27
08/29/2023,SBY,MD,AEA,EN,Federal Contract Tower,0,9,12,2,23,0,0,2,0,2,0,9,14,2,25,0,0,0,25
08/30/2023,SBY,MD,AEA,EN,Federal Contract Tower,0,11,18,9,38,0,23,49,11,83,0,34,67,20,121,40,12,52,173
08/31/2023,SBY,MD,AEA,EN,Federal Contract Tower,0,7,9,1,17,0,14,63,10,87,0,21,72,11,104,46,6,52,156
01/01/2020,SBY,MD,AEA,EN,Federal Contract Tower,0,11,4,0,15,0,8,24,0,32,0,19,28,0,47,0,0,0,47
01/02/2020,SBY,MD,AEA,EN,Federal Contract Tower,0,16,7,0,23,0,2,36,6,44,0,18,43,6,67,18,0,18,85
01/03/2020,SBY,MD,AEA,EN,Federal Contract Tower,0,14,7,0,21,0,2,0,0,2,0,16,7,0,23,0,0,0,23
01/04/2020,SBY,MD,AEA,EN,Federal Contract Tower,0,20,2,0,22,0,0,0,0,0,0,20,2,0,22,0,0,0,22
01/05/2020,SBY,MD,AEA,EN,Federal Contract Tower,0,11,3,0,14,0,2,33,0,35,0,13,36,0,49,44,0,44,93
01/06/2020,SBY,MD,AEA,EN,Federal Contract Tower,0,15,2,0,17,0,0,51,0,51,0,15,53,0,68,48,0,48,116
01/07/2020,SBY,MD,AEA,EN,Federal Contract Tower,0,24,1,4,29,0,0,26,22,48,0,24,27,26,77,18,42,60,137
01/08/2020,SBY,MD,AEA,EN,Federal Contract Tower,0,18,4,0,22,0,11,22,15,48,0,29,26,15,70,0,30,30,100
01/09/2020,SBY,MD,AEA,EN,Federal Contract Tower,0,20,5,0,25,0,0,65,10,75,0,20,70,10,100,50,44,94,194
01/10/2020,SBY,MD,AEA,EN,Federal Contract Tower,0,17,2,0,19,0,0,25,0,25,0,17,27,0,44,12,0,12,56
01/11/2020,SBY,MD,AEA,EN,Federal Contract Tower,0,10,5,0,15,0,0,21,0,21,0,10,26,0,36,38,0,38,74
01/12/2020,SBY,MD,AEA,EN,Federal Contract Tower,0,13,6,0,19,0,4,26,0,30,0,17,32,0,49,4,0,4,53
01/13/2020,SBY,MD,AEA,EN,Federal Contract Tower,0,13,19,0,32,0,0,6,0,6,0,13,25,0,38,12,0,12,50
01/14/2020,SBY,MD,AEA,EN,Federal Contract Tower,0,14,7,0,21,0,0,0,0,0,0,14,7,0,21,0,0,0,21
01/15/2020,SBY,MD,AEA,EN,Federal Contract Tower,0,18,6,9,33,0,0,35,14,49,0,18,41,23,82,32,40,72,154
01/16/2020,SBY,MD,AEA,EN,Federal Contract Tower,0,16,5,1,22,0,6,7,16,29,0,22,12,17,51,0,50,50,101
01/17/2020,SBY,MD,AEA,EN,Federal Contract Tower,0,21,9,0,30,0,0,22,7,29,0,21,31,7,59,0,26,26,85
01/18/2020,SBY,MD,AEA,EN,Federal Contract Tower,0,11,0,0,11,0,0,8,0,8,0,11,8,0,19,12,0,12,31
01/19/2020,SBY,MD,AEA,EN,Federal Contract Tower,0,13,3,0,16,0,0,21,0,21,0,13,24,0,37,62,0,62,99
01/20/2020,SBY,MD,AEA,EN,Federal Contract Tower,0,15,2,0,17,0,2,48,0,50,0,17,50,0,67,88,0,88,155
01/21/2020,SBY,MD,AEA,EN,Federal Contract Tower,0,19,5,2,26,0,5,62,10,77,0,24,67,12,103,36,68,104,207
01/22/2020,SBY,MD,AEA,EN,Federal Contract Tower,0,16,7,1,24,0,0,76,25,101,0,16,83,26,125,34,74,108,233
01/23/2020,SBY,MD,AEA,EN,Federal Contract Tower,0,17,8,0,25,0,6,58,8,72,0,23,66,8,97,16,30,46,143
01/24/2020,SBY,MD,AEA,EN,Federal Contract Tower,0,14,10,0,24,0,0,22,4,26,0,14,32,4,50,26,12,38,88
01/25/2020,SBY,MD,AEA,EN,Federal Contract Tower,0,12,0,0,12,0,0,8,0,8,0,12,8,0,20,26,0,26,46
01/26/2020,SBY,MD,AEA,EN,Federal Contract Tower,0,10,2,0,12,0,2,31,0,33,0,12,33,0,45,0,0,0,45
01/27/2020,SBY,MD,AEA,EN,Federal Contract Tower,0,12,5,0,17,0,2,46,42,90,0,14,51,42,107,50,116,166,273
01/28/2020,SBY,MD,AEA,EN,Federal Contract Tower,0,16,6,0,22,0,2,51,32,85,0,18,57,32,107,48,108,156,263
01/29/2020,SBY,MD,AEA,EN,Federal Contract Tower,0,19,5,0,24,0,0,40,22,62,0,19,45,22,86,6,56,62,148
01/30/2020,SBY,MD,AEA,EN,Federal Contract Tower,0,16,10,2,28,0,0,40,32,72,0,16,50,34,100,8,16,24,124
01/31/2020,SBY,MD,AEA,EN,Federal Contract Tower,0,16,6,0,22,0,0,30,12,42,0,16,36,12,64,32,58,90,154
02/01/2020,SBY,MD,AEA,EN,Federal Contract Tower,0,11,3,0,14,0,0,2,0,2,0,11,5,0,16,0,0,0,16
02/02/2020,SBY,MD,AEA,EN,Federal Contract Tower,0,11,0,0,11,0,0,25,0,25,0,11,25,0,36,46,0,46,82
02/03/2020,SBY,MD,AEA,EN,Federal Contract Tower,0,14,4,2,20,0,0,74,24,98,0,14,78,26,118,126,66,192,310
02/04/2020,SBY,MD,AEA,EN,Federal Contract Tower,0,21,12,0,33,0,0,59,24,83,0,21,71,24,116,62,62,124,240
02/05/2020,SBY,MD,AEA,EN,Federal Contract Tower,0,17,4,0,21,0,0,0,0,0,0,17,4,0,21,0,0,0,21
02/06/2020,SBY,MD,AEA,EN,Federal Contract Tower,0,16,0,0,16,0,0,0,0,0,0,16,0,0,16,0,0,0,16
02/07/2020,SBY,MD,AEA,EN,Federal Contract Tower,0,14,0,0,14,0,0,2,6,8,0,14,2,6,22,6,14,20,42
02/08/2020,SBY,MD,AEA,EN,Federal Contract Tower,0,11,7,0,18,0,0,36,0,36,0,11,43,0,54,74,0,74,128
02/09/2020,SBY,MD,AEA,EN,Federal Contract Tower,0,13,10,0,23,0,5,99,0,104,0,18,109,0,127,128,0,128,255
02/10/2020,SBY,MD,AEA,EN,Federal Contract Tower,0,17,10,4,31,0,1,18,20,39,0,18,28,24,70,16,76,92,162
02/11/2020,SBY,MD,AEA,EN,Federal Contract Tower,0,18,10,0,28,0,0,0,0,0,0,18,10,0,28,0,0,0,28
02/12/2020,SBY,MD,AEA,EN,Federal Contract Tower,0,18,5,0,23,0,11,78,8,97,0,29,83,8,120,88,18,106,226
02/13/2020,SBY,MD,AEA,EN,Federal Contract Tower,0,23,0,9,32,0,2,0,1,3,0,25,0,10,35,0,16,16,51
02/14/2020,SBY,MD,AEA,EN,Federal Contract Tower,0,17,10,0,27,0,1,22,14,37,0,18,32,14,64,0,66,66,130
02/15/2020,SBY,MD,AEA,EN,Federal Contract Tower,0,8,1,0,9,0,0,77,0,77,0,8,78,0,86,92,0,92,178
02/16/2020,SBY,MD,AEA,EN,Federal Contract Tower,0,11,11,0,22,0,0,61,0,61,0,11,72,0,83,30,0,30,113
02/17/2020,SBY,MD,AEA,EN,Federal Contract Tower,0,17,2,0,19,0,0,92,0,92,0,17,94,0,111,144,0,144,255
02/18/2020,SBY,MD,AEA,EN,Federal Contract Tower,0,16,15,4,35,0,4,45,44,93,0,20,60,48,128,74,112,186,314
02/19/2020,SBY,MD,AEA,EN,Federal Contract Tower,0,20,2,6,28,0,14,56,26,96,0,34,58,32,124,84,96,180,304
02/20/2020,SBY,MD,AEA,EN,Federal Contract Tower,0,16,8,0,24,0,11,62,16,89,0,27,70,16,113,96,30,126,239
02/21/2020,SBY,MD,AEA,EN,Federal Contract Tower,0,17,5,0,22,0,0,38,20,58,0,17,43,20,80,24,38,62,142
02/22/2020,SBY,MD,AEA,EN,Federal Contract Tower,0,12,4,0,16,0,0,57,6,63,0,12,61,6,79,84,18,102,181
02/23/2020,SBY,MD,AEA,EN,Federal Contract Tower,0,11,6,0,17,0,2,57,0,59,0,13,63,0,76,118,0,118,194
02/24/2020,SBY,MD,AEA,EN,Federal Contract Tower,0,15,4,0,19,0,3,57,6,66,0,18,61,6,85,56,40,96,181
02/25/2020,SBY,MD,AEA,EN,Federal Contract Tower,0,18,4,0,22,0,0,0,0,0,0,18,4,0,22,0,0,0,22
02/26/2020,SBY,MD,AEA,EN,Federal Contract Tower,0,19,4,0,23,0,0,0,0,0,0,19,4,0,23,0,0,0,23
02/27/2020,SBY,MD,AEA,EN,Federal Contract Tower,0,20,2,12,34,0,1,2,12,15,0,21,4,24,49,0,26,26,75
02/28/2020,SBY,MD,AEA,EN,Federal Contract Tower,0,21,6,0,27,0,1,15,16,32,0,22,21,16,59,0,50,50,109
02/29/2020,SBY,MD,AEA,EN,Federal Contract Tower,0,9,2,0,11,0,0,24,0,24,0,9,26,0,35,48,0,48,83
03/01/2020,SBY,MD,AEA,EN,Federal Contract Tower,0,13,2,0,15,0,4,34,0,38,0,17,36,0,53,16,0,16,69
03/02/2020,SBY,MD,AEA,EN,Federal Contract Tower,0,16,7,1,24,0,2,36,5,43,0,18,43,6,67,6,20,26,93
03/03/2020,SBY,MD,AEA,EN,Federal Contract Tower,0,18,13,4,35,0,4,46,4,54,0,22,59,8,89,54,22,76,165
03/04/2020,SBY,MD,AEA,EN,Federal Contract Tower,0,20,1,1,22,0,4,66,47,117,0,24,67,48,139,52,72,124,263
03/05/2020,SBY,MD,AEA,EN,Federal Contract Tower,0,17,6,0,23,0,3,49,6,58,0,20,55,6,81,48,24,72,153
03/06/2020,SBY,MD,AEA,EN,Federal Contract Tower,0,14,0,0,14,0,2,0,0,2,0,16,0,0,16,0,0,0,16
03/07/2020,SBY,MD,AEA,EN,Federal Contract Tower,0,11,1,0,12,0,0,15,0,15,0,11,16,0,27,22,0,22,49
03/08/2020,SBY,MD,AEA,EN,Federal Contract Tower,0,11,5,0,16,0,2,75,0,77,0,13,80,0,93,112,0,112,205
03/09/2020,SBY,MD,AEA,EN,Federal Contract Tower,0,15,7,0,22,0,0,72,12,84,0,15,79,12,106,116,34,150,256
03/10/2020,SBY,MD,AEA,EN,Federal Contract Tower,0,19,1,1,21,0,2,19,7,28,0,21,20,8,49,0,14,14,63
03/11/2020,SBY,MD,AEA,EN,Federal Contract Tower,0,15,12,2,29,0,0,89,38,127,0,15,101,40,156,94,44,138,294
03/12/2020,SBY,MD,AEA,EN,Federal Contract Tower,0,16,15,0,31,0,2,16,4,22,0,18,31,4,53,34,28,62,115
03/13/2020,SBY,MD,AEA,EN,Federal Contract Tower,0,19,1,0,20,0,4,0,6,10,0,23,1,6,30,0,0,0,30
03/14/2020,SBY,MD,AEA,EN,Federal Contract Tower,0,10,11,0,21,0,2,33,0,35,0,12,44,0,56,86,0,86,142
03/15/2020,SBY,MD,AEA,EN,Federal Contract Tower,0,10,0,0,10,0,0,19,0,19,0,10,19,0,29,22,0,22,51
03/16/2020,SBY,MD,AEA,EN,Federal Contract Tower,0,14,10,1,25,0,1,16,13,30,0,15,26,14,55,12,52,64,119
03/17/2020,SBY,MD,AEA,EN,Federal Contract Tower,0,20,9,0,29,0,3,23,10,36,0,23,32,10,65,14,10,24,89
03/19/2020,SBY,MD,AEA,EN,Federal Contract Tower,0,19,3,1,23,0,0,6,7,13,0,19,9,8,36,0,20,20,56
03/20/2020,SBY,MD,AEA,EN,Federal Contract Tower,0,19,2,6,27,0,0,6,10,16,0,19,8,16,43,2,46,48,91
03/21/2020,SBY,MD,AEA,EN,Federal Contract Tower,0,10,5,0,15,0,0,9,0,9,0,10,14,0,24,4,0,4,28
03/22/2020,SBY,MD,AEA,EN,Federal Contract Tower,0,12,3,0,15,0,8,23,0,31,0,20,26,0,46,2,0,2,48
03/23/2020,SBY,MD,AEA,EN,Federal Contract Tower,0,16,4,6,26,0,0,0,0,0,0,16,4,6,26,0,0,0,26
03/24/2020,SBY,MD,AEA,EN,Federal Contract Tower,0,19,7,0,26,0,4,16,8,28,0,23,23,8,54,4,64,68,122
03/25/2020,SBY,MD,AEA,EN,Federal Contract Tower,0,22,0,0,22,0,0,0,0,0,0,22,0,0,22,0,0,0,22
03/26/2020,SBY,MD,AEA,EN,Federal Contract Tower,0,12,6,2,20,0,2,31,11,44,0,14,37,13,64,54,46,100,164
03/27/2020,SBY,MD,AEA,EN,Federal Contract Tower,0,22,5,0,27,0,0,15,0,15,0,22,20,0,42,12,0,12,54
03/28/2020,SBY,MD,AEA,EN,Federal Contract Tower,0,7,7,0,14,0,0,0,0,0,0,7,7,0,14,0,0,0,14
03/29/2020,SBY,MD,AEA,EN,Federal Contract Tower,0,9,2,0,11,0,10,7,0,17,0,19,9,0,28,0,0,0,28
03/30/2020,SBY,MD,AEA,EN,Federal Contract Tower,0,15,21,0,36,0,1,7,28,36,0,16,28,28,72,8,160,168,240
03/31/2020,SBY,MD,AEA,EN,Federal Contract Tower,0,16,2,0,18,0,0,0,8,8,0,16,2,8,26,0,34,34,60
04/01/2020,SBY,MD,AEA,EN,Federal Contract Tower,0,14,0,0,14,0,4,6,2,12,0,18,6,2,26,0,0,0,26
04/02/2020,SBY,MD,AEA,EN,Federal Contract Tower,0,16,0,2,18,0,4,4,10,18,0,20,4,12,36,0,28,28,64
04/03/2020,SBY,MD,AEA,EN,Federal Contract Tower,0,13,4,0,17,0,4,2,0,6,0,17,6,0,23,0,0,0,23
04/04/2020,SBY,MD,AEA,EN,Federal Contract Tower,0,8,3,0,11,0,0,5,0,5,0,8,8,0,16,18,0,18,34
04/05/2020,SBY,MD,AEA,EN,Federal Contract Tower,0,8,0,0,8,0,0,21,0,21,0,8,21,0,29,24,0,24,53
04/06/2020,SBY,MD,AEA,EN,Federal Contract Tower,0,13,8,0,21,0,5,24,2,31,0,18,32,2,52,4,22,26,78
04/07/2020,SBY,MD,AEA,EN,Federal Contract Tower,0,14,4,0,18,0,2,15,6,23,0,16,19,6,41,0,24,24,65
04/08/2020,SBY,MD,AEA,EN,Federal Contract Tower,0,14,3,4,21,0,0,17,22,39,0,14,20,26,60,0,32,32,92
04/09/2020,SBY,MD,AEA,EN,Federal Contract Tower,0,16,4,0,20,0,3,0,7,10,0,19,4,7,30,0,48,48,78
04/10/2020,SBY,MD,AEA,EN,Federal Contract Tower,0,10,1,0,11,0,1,3,0,4,0,11,4,0,15,0,0,0,15
04/11/2020,SBY,MD,AEA,EN,Federal Contract Tower,0,8,2,0,10,0,0,7,0,7,0,8,9,0,17,6,0,6,23
04/12/2020,SBY,MD,AEA,EN,Federal Contract Tower,0,9,0,0,9,0,0,2,0,2,0,9,2,0,11,2,0,2,13
04/13/2020,SBY,MD,AEA,EN,Federal Contract Tower,0,13,0,0,13,0,4,0,0,4,0,17,0,0,17,0,0,0,17
04/14/2020,SBY,MD,AEA,EN,Federal Contract Tower,0,14,9,2,25,0,0,27,8,35,0,14,36,10,60,26,24,50,110
04/15/2020,SBY,MD,AEA,EN,Federal Contract Tower,0,14,3,0,17,0,2,22,6,30,0,16,25,6,47,6,14,20,67
04/16/2020,SBY,MD,AEA,EN,Federal Contract Tower,0,14,2,0,16,0,0,8,6,14,0,14,10,6,30,4,30,34,64
04/17/2020,SBY,MD,AEA,EN,Federal Contract Tower,0,16,3,0,19,0,0,9,0,9,0,16,12,0,28,0,0,0,28
04/18/2020,SBY,MD,AEA,EN,Federal Contract Tower,0,10,0,0,10,0,0,0,0,0,0,10,0,0,10,0,0,0,10
04/19/2020,SBY,MD,AEA,EN,Federal Contract Tower,0,11,3,0,14,0,6,9,0,15,0,17,12,0,29,2,0,2,31
04/20/2020,SBY,MD,AEA,EN,Federal Contract Tower,0,14,0,2,16,0,0,5,0,5,0,14,5,2,21,0,0,0,21
04/21/2020,SBY,MD,AEA,EN,Federal Contract Tower,0,14,1,0,15,0,0,16,36,52,0,14,17,36,67,14,88,102,169
04/22/2020,SBY,MD,AEA,EN,Federal Contract Tower,0,15,7,1,23,0,11,19,23,53,0,26,26,24,76,12,24,36,112
04/23/2020,SBY,MD,AEA,EN,Federal Contract Tower,0,15,3,8,26,0,0,14,6,20,0,15,17,14,46,0,56,56,102
04/24/2020,SBY,MD,AEA,EN,Federal Contract Tower,0,14,2,12,28,0,0,0,6,6,0,14,2,18,34,0,58,58,92
04/25/2020,SBY,MD,AEA,EN,Federal Contract Tower,0,8,7,0,15,0,0,35,0,35,0,8,42,0,50,42,0,42,92
04/26/2020,SBY,MD,AEA,EN,Federal Contract Tower,0,10,0,0,10,0,12,0,0,12,0,22,0,0,22,0,0,0,22
04/27/2020,SBY,MD,AEA,EN,Federal Contract Tower,0,13,6,2,21,0,1,2,0,3,0,14,8,2,24,0,0,0,24
04/28/2020,SBY,MD,AEA,EN,Federal Contract Tower,0,17,9,2,28,0,8,14,26,48,0,25,23,28,76,30,68,98,174
04/29/2020,SBY,MD,AEA,EN,Federal Contract Tower,0,14,8,2,24,0,2,32,6,40,0,16,40,8,64,14,34,48,112
04/30/2020,SBY,MD,AEA,EN,Federal Contract Tower,0,16,1,0,17,0,0,8,0,8,0,16,9,0,25,22,0,22,47
05/01/2020,SBY,MD,AEA,EN,Federal Contract Tower,0,16,6,0,22,0,0,0,0,0,0,16,6,0,22,0,0,0,22
05/02/2020,SBY,MD,AEA,EN,Federal Contract Tower,0,7,1,0,8,0,1,40,0,41,0,8,41,0,49,0,0,0,49
05/03/2020,SBY,MD,AEA,EN,Federal Contract Tower,0,8,1,0,9,0,2,12,0,14,0,10,13,0,23,2,0,2,25
05/04/2020,SBY,MD,AEA,EN,Federal Contract Tower,0,11,6,0,17,0,8,27,6,41,0,19,33,6,58,38,56,94,152
05/05/2020,SBY,MD,AEA,EN,Federal Contract Tower,0,12,4,3,19,0,2,30,19,51,0,14,34,22,70,0,46,46,116
05/06/2020,SBY,MD,AEA,EN,Federal Contract Tower,0,13,9,0,22,0,0,0,0,0,0,13,9,0,22,0,0,0,22
05/07/2020,SBY,MD,AEA,EN,Federal Contract Tower,0,15,12,0,27,0,4,29,6,39,0,19,41,6,66,6,22,28,94
05/08/2020,SBY,MD,AEA,EN,Federal Contract Tower,0,12,4,2,18,0,0,7,3,10,0,12,11,5,28,20,24,44,72
05/09/2020,SBY,MD,AEA,EN,Federal Contract Tower,0,9,0,0,9,0,0,5,0,5,0,9,5,0,14,36,0,36,50
05/10/2020,SBY,MD,AEA,EN,Federal Contract Tower,0,6,4,0,10,0,0,16,0,16,0,6,20,0,26,4,0,4,30
05/11/2020,SBY,MD,AEA,EN,Federal Contract Tower,0,12,2,0,14,0,30,11,4,45,0,42,13,4,59,34,36,70,129
05/12/2020,SBY,MD,AEA,EN,Federal Contract Tower,0,10,0,2,12,0,9,10,6,25,0,19,10,8,37,34,44,78,115
05/13/2020,SBY,MD,AEA,EN,Federal Contract Tower,0,13,6,1,20,0,16,34,16,66,0,29,40,17,86,24,48,72,158
05/14/2020,SBY,MD,AEA,EN,Federal Contract Tower,0,14,6,1,21,0,0,32,12,44,0,14,38,13,65,36,60,96,161
05/15/2020,SBY,MD,AEA,EN,Federal Contract Tower,0,11,11,0,22,0,2,15,2,19,0,13,26,2,41,0,18,18,59
05/16/2020,SBY,MD,AEA,EN,Federal Contract Tower,0,6,0,1,7,0,0,19,3,22,0,6,19,4,29,2,14,16,45
05/17/2020,SBY,MD,AEA,EN,Federal Contract Tower,0,6,3,0,9,0,0,2,0,2,0,6,5,0,11,6,0,6,17
05/18/2020,SBY,MD,AEA,EN,Federal Contract Tower,0,12,2,0,14,0,0,0,0,0,0,12,2,0,14,0,0,0,14
05/19/2020,SBY,MD,AEA,EN,Federal Contract Tower,0,13,1,1,15,0,4,0,43,47,0,17,1,44,62,0,96,96,158
05/20/2020,SBY,MD,AEA,EN,Federal Contract Tower,0,14,3,3,20,0,10,0,1,11,0,24,3,4,31,0,0,0,31
05/21/2020,SBY,MD,AEA,EN,Federal Contract Tower,0,14,14,0,28,0,0,20,12,32,0,14,34,12,60,36,80,116,176
05/22/2020,SBY,MD,AEA,EN,Federal Contract Tower,0,18,5,0,23,0,0,0,0,0,0,18,5,0,23,0,0,0,23
05/23/2020,SBY,MD,AEA,EN,Federal Contract Tower,0,6,1,0,7,0,0,12,0,12,0,6,13,0,19,8,0,8,27
05/24/2020,SBY,MD,AEA,EN,Federal Contract Tower,0,6,16,0,22,0,2,0,0,2,0,8,16,0,24,0,0,0,24
05/25/2020,SBY,MD,AEA,EN,Federal Contract Tower,0,9,9,0,18,0,6,0,0,6,0,15,9,0,24,0,0,0,24
05/26/2020,SBY,MD,AEA,EN,Federal Contract Tower,0,12,8,0,20,0,2,10,2,14,0,14,18,2,34,0,6,6,40
05/27/2020,SBY,MD,AEA,EN,Federal Contract Tower,0,15,13,0,28,0,2,29,2,33,0,17,42,2,61,22,4,26,87
05/28/2020,SBY,MD,AEA,EN,Federal Contract Tower,0,14,5,0,19,0,0,2,0,2,0,14,7,0,21,0,0,0,21
05/29/2020,SBY,MD,AEA,EN,Federal Contract Tower,0,12,8,0,20,0,0,0,0,0,0,12,8,0,20,0,0,0,20
05/30/2020,SBY,MD,AEA,EN,Federal Contract Tower,0,10,2,0,12,0,0,28,0,28,0,10,30,0,40,26,0,26,66
05/31/2020,SBY,MD,AEA,EN,Federal Contract Tower,0,8,4,0,12,0,2,54,0,56,0,10,58,0,68,46,0,46,114
06/01/2020,SBY,MD,AEA,EN,Federal Contract Tower,0,9,2,0,11,0,2,25,26,53,0,11,27,26,64,20,86,106,170
06/02/2020,SBY,MD,AEA,EN,Federal Contract Tower,0,15,5,4,24,0,0,48,0,48,0,15,53,4,72,56,0,56,128
06/03/2020,SBY,MD,AEA,EN,Federal Contract Tower,0,14,3,2,19,0,13,13,10,36,0,27,16,12,55,2,64,66,121
06/04/2020,SBY,MD,AEA,EN,Federal Contract Tower,0,12,8,0,20,0,0,26,6,32,0,12,34,6,52,18,28,46,98
06/05/2020,SBY,MD,AEA,EN,Federal Contract Tower,0,13,6,0,19,0,2,12,4,18,0,15,18,4,37,0,4,4,41
06/06/2020,SBY,MD,AEA,EN,Federal Contract Tower,0,8,1,0,9,0,2,11,0,13,0,10,12,0,22,16,0,16,38
06/07/2020,SBY,MD,AEA,EN,Federal Contract Tower,0,7,3,0,10,0,0,49,0,49,0,7,52,0,59,36,0,36,95
06/08/2020,SBY,MD,AEA,EN,Federal Contract Tower,0,9,3,4,16,0,10,24,4,38,0,19,27,8,54,26,50,76,130
06/09/2020,SBY,MD,AEA,EN,Federal Contract Tower,0,12,6,0,18,0,5,52,6,63,0,17,58,6,81,32,6,38,119
06/10/2020,SBY,MD,AEA,EN,Federal Contract Tower,0,14,0,0,14,0,16,18,20,54,0,30,18,20,68,18,32,50,118
06/11/2020,SBY,MD,AEA,EN,Federal Contract Tower,0,14,0,0,14,0,2,0,0,2,0,16,0,0,16,0,0,0,16
06/12/2020,SBY,MD,AEA,EN,Federal Contract Tower,0,13,6,4,23,0,0,33,4,37,0,13,39,8,60,28,52,80,140
06/13/2020,SBY,MD,AEA,EN,Federal Contract Tower,0,6,17,0,23,0,1,59,0,60,0,7,76,0,83,48,0,48,131
06/14/2020,SBY,MD,AEA,EN,Federal Contract Tower,0,8,8,0,16,0,2,41,0,43,0,10,49,0,59,22,0,22,81
06/15/2020,SBY,MD,AEA,EN,Federal Contract Tower,0,10,7,0,17,0,0,11,4,15,0,10,18,4,32,0,22,22,54
06/16/2020,SBY,MD,AEA,EN,Federal Contract Tower,0,11,4,5,20,0,10,27,1,38,0,21,31,6,58,10,6,16,74
06/17/2020,SBY,MD,AEA,EN,Federal Contract Tower,0,19,5,0,24,0,0,0,0,0,0,19,5,0,24,0,0,0,24
06/18/2020,SBY,MD,AEA,EN,Federal Contract Tower,0,13,14,2,29,0,4,24,10,38,0,17,38,12,67,32,82,114,181
06/19/2020,SBY,MD,AEA,EN,Federal Contract Tower,0,16,3,0,19,0,0,21,1,22,0,16,24,1,41,10,14,24,65
06/20/2020,SBY,MD,AEA,EN,Federal Contract Tower,0,9,5,0,14,0,1,23,0,24,0,10,28,0,38,10,0,10,48
06/21/2020,SBY,MD,AEA,EN,Federal Contract Tower,0,8,7,0,15,0,6,22,0,28,0,14,29,0,43,4,0,4,47
06/22/2020,SBY,MD,AEA,EN,Federal Contract Tower,0,7,7,0,14,0,0,9,0,9,0,7,16,0,23,22,0,22,45
06/23/2020,SBY,MD,AEA,EN,Federal Contract Tower,0,18,8,0,26,0,4,43,40,87,0,22,51,40,113,10,108,118,231
06/24/2020,SBY,MD,AEA,EN,Federal Contract Tower,0,14,9,0,23,0,20,54,22,96,0,34,63,22,119,56,70,126,245
06/25/2020,SBY,MD,AEA,EN,Federal Contract Tower,0,15,4,0,19,0,0,13,10,23,0,15,17,10,42,32,46,78,120
06/26/2020,SBY,MD,AEA,EN,Federal Contract Tower,0,15,5,1,21,0,0,44,6,50,0,15,49,7,71,54,48,102,173
06/27/2020,SBY,MD,AEA,EN,Federal Contract Tower,0,7,7,0,14,0,0,49,0,49,0,7,56,0,63,102,0,102,165
06/28/2020,SBY,MD,AEA,EN,Federal Contract Tower,0,6,5,0,11,0,4,21,0,25,0,10,26,0,36,12,0,12,48
06/29/2020,SBY,MD,AEA,EN,Federal Contract Tower,0,13,3,0,16,0,8,49,6,63,0,21,52,6,79,52,34,86,165
06/30/2020,SBY,MD,AEA,EN,Federal Contract Tower,0,11,11,6,28,0,4,39,16,59,0,15,50,22,87,12,34,46,133
07/01/2020,SBY,MD,AEA,EN,Federal Contract Tower,0,16,3,0,19,0,2,6,0,8,0,18,9,0,27,6,0,6,33
07/02/2020,SBY,MD,AEA,EN,Federal Contract Tower,0,25,5,0,30,0,5,60,4,69,0,30,65,4,99,40,26,66,165
07/03/2020,SBY,MD,AEA,EN,Federal Contract Tower,0,11,0,0,11,0,2,38,2,42,0,13,38,2,53,28,14,42,95
07/04/2020,SBY,MD,AEA,EN,Federal Contract Tower,0,6,1,0,7,0,0,22,0,22,0,6,23,0,29,14,0,14,43
07/05/2020,SBY,MD,AEA,EN,Federal Contract Tower,0,9,9,0,18,0,1,16,0,17,0,10,25,0,35,2,0,2,37
07/06/2020,SBY,MD,AEA,EN,Federal Contract Tower,0,13,2,0,15,0,0,6,0,6,0,13,8,0,21,6,0,6,27
07/07/2020,SBY,MD,AEA,EN,Federal Contract Tower,0,16,16,0,32,0,4,5,2,11,0,20,21,2,43,8,0,8,51
07/08/2020,SBY,MD,AEA,EN,Federal Contract Tower,0,15,8,0,23,0,0,30,8,38,0,15,38,8,61,34,42,76,137
07/09/2020,SBY,MD,AEA,EN,Federal Contract Tower,0,22,12,2,36,0,9,16,6,31,0,31,28,8,67,40,14,54,121
07/10/2020,SBY,MD,AEA,EN,Federal Contract Tower,0,19,5,0,24,0,2,10,0,12,0,21,15,0,36,16,0,16,52
07/11/2020,SBY,MD,AEA,EN,Federal Contract Tower,0,8,4,0,12,0,2,17,0,19,0,10,21,0,31,64,0,64,95
07/12/2020,SBY,MD,AEA,EN,Federal Contract Tower,0,9,4,0,13,0,2,29,0,31,0,11,33,0,44,16,0,16,60
07/13/2020,SBY,MD,AEA,EN,Federal Contract Tower,0,17,2,0,19,0,0,51,14,65,0,17,53,14,84,92,50,142,226
07/14/2020,SBY,MD,AEA,EN,Federal Contract Tower,0,19,7,0,26,0,1,50,23,74,0,20,57,23,100,44,26,70,170
07/15/2020,SBY,MD,AEA,EN,Federal Contract Tower,0,16,4,2,22,0,9,51,24,84,0,25,55,26,106,76,104,180,286
07/16/2020,SBY,MD,AEA,EN,Federal Contract Tower,0,22,5,1,28,0,6,15,9,30,0,28,20,10,58,24,36,60,118
07/17/2020,SBY,MD,AEA,EN,Federal Contract Tower,0,15,7,0,22,0,0,9,6,15,0,15,16,6,37,0,36,36,73
07/18/2020,SBY,MD,AEA,EN,Federal Contract Tower,0,10,4,0,14,0,0,25,4,29,0,10,29,4,43,20,12,32,75
07/19/2020,SBY,MD,AEA,EN,Federal Contract Tower,0,13,5,0,18,0,0,22,0,22,0,13,27,0,40,14,0,14,54
07/20/2020,SBY,MD,AEA,EN,Federal Contract Tower,0,16,4,0,20,0,1,27,2,30,0,17,31,2,50,12,18,30,80
07/21/2020,SBY,MD,AEA,EN,Federal Contract Tower,0,18,2,0,20,0,13,20,12,45,0,31,22,12,65,10,16,26,91
07/22/2020,SBY,MD,AEA,EN,Federal Contract Tower,0,14,6,0,20,0,6,30,16,52,0,20,36,16,72,40,46,86,158
07/23/2020,SBY,MD,AEA,EN,Federal Contract Tower,0,15,7,0,22,0,0,37,6,43,0,15,44,6,65,44,56,100,165
07/24/2020,SBY,MD,AEA,EN,Federal Contract Tower,0,21,4,2,27,0,1,8,2,11,0,22,12,4,38,42,8,50,88
07/25/2020,SBY,MD,AEA,EN,Federal Contract Tower,0,7,15,0,22,0,0,27,0,27,0,7,42,0,49,18,0,18,67
07/26/2020,SBY,MD,AEA,EN,Federal Contract Tower,0,13,9,0,22,0,4,58,0,62,0,17,67,0,84,34,0,34,118
07/27/2020,SBY,MD,AEA,EN,Federal Contract Tower,0,13,2,0,15,0,7,29,6,42,0,20,31,6,57,46,14,60,117
07/28/2020,SBY,MD,AEA,EN,Federal Contract Tower,0,15,9,2,26,0,2,52,2,56,0,17,61,4,82,52,4,56,138
07/29/2020,SBY,MD,AEA,EN,Federal Contract Tower,0,13,7,2,22,0,2,47,4,53,0,15,54,6,75,36,4,40,115
07/30/2020,SBY,MD,AEA,EN,Federal Contract Tower,0,14,17,0,31,0,2,42,0,44,0,16,59,0,75,22,0,22,97
07/31/2020,SBY,MD,AEA,EN,Federal Contract Tower,0,19,10,0,29,0,4,0,0,4,0,23,10,0,33,2,0,2,35
08/01/2020,SBY,MD,AEA,EN,Federal Contract Tower,0,7,3,0,10,0,0,23,0,23,0,7,26,0,33,30,0,30,63
08/02/2020,SBY,MD,AEA,EN,Federal Contract Tower,0,13,11,0,24,0,16,27,0,43,0,29,38,0,67,0,0,0,67
08/03/2020,SBY,MD,AEA,EN,Federal Contract Tower,0,15,3,0,18,0,4,9,18,31,0,19,12,18,49,6,66,72,121
08/04/2020,SBY,MD,AEA,EN,Federal Contract Tower,0,11,7,0,18,0,0,6,0,6,0,11,13,0,24,4,0,4,28
08/05/2020,SBY,MD,AEA,EN,Federal Contract Tower,0,19,9,0,28,0,9,29,8,46,0,28,38,8,74,12,2,14,88
08/06/2020,SBY,MD,AEA,EN,Federal Contract Tower,0,16,11,0,27,0,0,0,12,12,0,16,11,12,39,0,0,0,39
08/07/2020,SBY,MD,AEA,EN,Federal Contract Tower,0,21,21,0,42,0,0,15,2,17,0,21,36,2,59,26,0,26,85
08/08/2020,SBY,MD,AEA,EN,Federal Contract Tower,0,8,9,0,17,0,12,28,0,40,0,20,37,0,57,26,0,26,83
08/09/2020,SBY,MD,AEA,EN,Federal Contract Tower,0,13,3,0,16,0,0,33,0,33,0,13,36,0,49,60,0,60,109
08/10/2020,SBY,MD,AEA,EN,Federal Contract Tower,0,13,8,10,31,0,2,45,44,91,0,15,53,54,122,52,140,192,314
08/11/2020,SBY,MD,AEA,EN,Federal Contract Tower,0,16,7,0,23,0,1,44,32,77,0,17,51,32,100,42,70,112,212
08/12/2020,SBY,MD,AEA,EN,Federal Contract Tower,0,15,6,0,21,0,2,17,0,19,0,17,23,0,40,10,0,10,50
08/13/2020,SBY,MD,AEA,EN,Federal Contract Tower,0,21,2,0,23,0,0,0,0,0,0,21,2,0,23,0,0,0,23
08/14/2020,SBY,MD,AEA,EN,Federal Contract Tower,0,23,8,4,35,0,0,4,14,18,0,23,12,18,53,4,0,4,57
08/15/2020,SBY,MD,AEA,EN,Federal Contract Tower,0,10,11,0,21,0,0,19,0,19,0,10,30,0,40,0,0,0,40
08/16/2020,SBY,MD,AEA,EN,Federal Contract Tower,0,12,7,0,19,0,0,0,0,0,0,12,7,0,19,0,0,0,19
08/17/2020,SBY,MD,AEA,EN,Federal Contract Tower,0,13,7,0,20,0,21,32,0,53,0,34,39,0,73,0,0,0,73
08/18/2020,SBY,MD,AEA,EN,Federal Contract Tower,0,15,14,2,31,0,4,69,14,87,0,19,83,16,118,44,38,82,200
08/19/2020,SBY,MD,AEA,EN,Federal Contract Tower,0,15,4,0,19,0,2,21,10,33,0,17,25,10,52,12,38,50,102
08/20/2020,SBY,MD,AEA,EN,Federal Contract Tower,0,14,12,0,26,0,0,28,8,36,0,14,40,8,62,56,36,92,154
08/21/2020,SBY,MD,AEA,EN,Federal Contract Tower,0,17,10,0,27,0,6,12,2,20,0,23,22,2,47,12,2,14,61
08/22/2020,SBY,MD,AEA,EN,Federal Contract Tower,0,13,12,0,25,0,0,4,0,4,0,13,16,0,29,4,0,4,33
08/23/2020,SBY,MD,AEA,EN,Federal Contract Tower,0,10,8,0,18,0,0,39,0,39,0,10,47,0,57,64,0,64,121
08/24/2020,SBY,MD,AEA,EN,Federal Contract Tower,0,14,8,0,22,0,20,55,28,103,0,34,63,28,125,64,72,136,261
08/25/2020,SBY,MD,AEA,EN,Federal Contract Tower,0,15,7,1,23,0,4,37,1,42,0,19,44,2,65,22,0,22,87
08/26/2020,SBY,MD,AEA,EN,Federal Contract Tower,0,12,15,2,29,0,3,99,0,102,0,15,114,2,131,94,0,94,225
08/27/2020,SBY,MD,AEA,EN,Federal Contract Tower,0,17,19,2,38,0,2,50,10,62,0,19,69,12,100,36,10,46,146
08/28/2020,SBY,MD,AEA,EN,Federal Contract Tower,0,14,11,0,25,0,16,58,8,82,0,30,69,8,107,2,0,2,109
08/29/2020,SBY,MD,AEA,EN,Federal Contract Tower,0,8,4,0,12,0,7,0,0,7,0,15,4,0,19,0,0,0,19
08/30/2020,SBY,MD,AEA,EN,Federal Contract Tower,0,14,7,0,21,0,0,56,0,56,0,14,63,0,77,46,0,46,123
08/31/2020,SBY,MD,AEA,EN,Federal Contract Tower,0,11,2,4,17,0,6,69,30,105,0,17,71,34,122,146,96,242,364
09/01/2020,SBY,MD,AEA,EN,Federal Contract Tower,0,14,8,0,22,0,10,71,14,95,0,24,79,14,117,46,52,98,215
09/02/2020,SBY,MD,AEA,EN,Federal Contract Tower,0,12,7,8,27,0,0,57,12,69,0,12,64,20,96,58,54,112,208
09/03/2020,SBY,MD,AEA,EN,Federal Contract Tower,0,17,11,2,30,0,10,54,5,69,0,27,65,7,99,42,26,68,167
09/04/2020,SBY,MD,AEA,EN,Federal Contract Tower,0,21,2,0,23,0,6,72,10,88,0,27,74,10,111,104,30,134,245
09/05/2020,SBY,MD,AEA,EN,Federal Contract Tower,0,8,3,0,11,0,0,47,0,47,0,8,50,0,58,68,0,68,126
09/06/2020,SBY,MD,AEA,EN,Federal Contract Tower,0,7,2,0,9,0,10,35,0,45,0,17,37,0,54,26,0,26,80
09/07/2020,SBY,MD,AEA,EN,Federal Contract Tower,0,12,9,0,21,0,5,71,0,76,0,17,80,0,97,40,0,40,137
09/08/2020,SBY,MD,AEA,EN,Federal Contract Tower,0,11,2,4,17,0,1,48,14,63,0,12,50,18,80,80,20,100,180
09/09/2020,SBY,MD,AEA,EN,Federal Contract Tower,0,16,10,0,26,0,0,0,0,0,0,16,10,0,26,0,0,0,26
09/10/2020,SBY,MD,AEA,EN,Federal Contract Tower,0,16,7,0,23,0,0,1,0,1,0,16,8,0,24,0,0,0,24
09/11/2020,SBY,MD,AEA,EN,Federal Contract Tower,0,14,12,0,26,0,0,2,0,2,0,14,14,0,28,18,0,18,46
09/12/2020,SBY,MD,AEA,EN,Federal Contract Tower,0,6,7,0,13,0,0,23,0,23,0,6,30,0,36,38,0,38,74
09/13/2020,SBY,MD,AEA,EN,Federal Contract Tower,0,12,12,0,24,0,0,53,2,55,0,12,65,2,79,28,0,28,107
09/14/2020,SBY,MD,AEA,EN,Federal Contract Tower,0,12,8,0,20,0,0,23,2,25,0,12,31,2,45,40,24,64,109
09/15/2020,SBY,MD,AEA,EN,Federal Contract Tower,0,17,7,0,24,0,26,68,16,110,0,43,75,16,134,110,42,152,286
09/16/2020,SBY,MD,AEA,EN,Federal Contract Tower,0,17,6,2,25,0,0,83,22,105,0,17,89,24,130,56,34,90,220
09/17/2020,SBY,MD,AEA,EN,Federal Contract Tower,0,18,10,2,30,0,0,23,7,30,0,18,33,9,60,78,26,104,164
09/18/2020,SBY,MD,AEA,EN,Federal Contract Tower,0,14,10,0,24,0,0,2,2,4,0,14,12,2,28,8,16,24,52
09/19/2020,SBY,MD,AEA,EN,Federal Contract Tower,0,6,7,0,13,0,0,18,0,18,0,6,25,0,31,6,0,6,37
09/20/2020,SBY,MD,AEA,EN,Federal Contract Tower,0,9,3,0,12,0,6,15,0,21,0,15,18,0,33,4,0,4,37
09/21/2020,SBY,MD,AEA,EN,Federal Contract Tower,0,14,8,0,22,0,1,52,30,83,0,15,60,30,105,92,140,232,337
09/22/2020,SBY,MD,AEA,EN,Federal Contract Tower,0,16,5,0,21,0,3,63,14,80,0,19,68,14,101,82,28,110,211
09/23/2020,SBY,MD,AEA,EN,Federal Contract Tower,0,14,9,7,30,0,4,84,13,101,0,18,93,20,131,66,58,124,255
09/24/2020,SBY,MD,AEA,EN,Federal Contract Tower,0,16,12,0,28,0,4,71,14,89,0,20,83,14,117,64,126,190,307
09/25/2020,SBY,MD,AEA,EN,Federal Contract Tower,0,16,13,0,29,0,0,60,16,76,0,16,73,16,105,48,68,116,221
09/26/2020,SBY,MD,AEA,EN,Federal Contract Tower,0,7,4,0,11,0,0,4,0,4,0,7,8,0,15,0,0,0,15
09/27/2020,SBY,MD,AEA,EN,Federal Contract Tower,0,10,12,0,22,0,0,0,0,0,0,10,12,0,22,0,0,0,22
09/28/2020,SBY,MD,AEA,EN,Federal Contract Tower,0,12,10,0,22,0,4,89,26,119,0,16,99,26,141,66,90,156,297
09/29/2020,SBY,MD,AEA,EN,Federal Contract Tower,0,10,12,0,22,0,0,17,14,31,0,10,29,14,53,26,54,80,133
10/01/2020,SBY,MD,AEA,EN,Federal Contract Tower,0,16,9,0,25,0,0,51,10,61,0,16,60,10,86,70,104,174,260
10/02/2020,SBY,MD,AEA,EN,Federal Contract Tower,0,13,5,0,18,0,0,29,20,49,0,13,34,20,67,36,94,130,197
10/03/2020,SBY,MD,AEA,EN,Federal Contract Tower,0,6,4,0,10,0,0,61,0,61,0,6,65,0,71,106,0,106,177
10/04/2020,SBY,MD,AEA,EN,Federal Contract Tower,0,9,0,0,9,0,0,46,0,46,0,9,46,0,55,90,0,90,145
10/05/2020,SBY,MD,AEA,EN,Federal Contract Tower,0,12,6,5,23,0,18,82,45,145,0,30,88,50,168,74,120,194,362
10/06/2020,SBY,MD,AEA,EN,Federal Contract Tower,0,18,9,2,29,0,2,63,26,91,0,20,72,28,120,78,112,190,310
10/07/2020,SBY,MD,AEA,EN,Federal Contract Tower,0,16,2,2,20,0,0,41,48,89,0,16,43,50,109,54,56,110,219
10/08/2020,SBY,MD,AEA,EN,Federal Contract Tower,0,18,6,0,24,0,2,50,4,56,0,20,56,4,80,38,0,38,118
10/09/2020,SBY,MD,AEA,EN,Federal Contract Tower,0,13,7,1,21,0,0,4,72,76,0,13,11,73,97,64,108,172,269
10/10/2020,SBY,MD,AEA,EN,Federal Contract Tower,0,8,4,0,12,0,8,19,0,27,0,16,23,0,39,16,0,16,55
10/11/2020,SBY,MD,AEA,EN,Federal Contract Tower,0,9,1,0,10,0,2,5,0,7,0,11,6,0,17,2,0,2,19
10/12/2020,SBY,MD,AEA,EN,Federal Contract Tower,0,11,4,0,15,0,0,0,0,0,0,11,4,0,15,0,0,0,15
10/13/2020,SBY,MD,AEA,EN,Federal Contract Tower,0,15,5,12,32,0,0,0,0,0,0,15,5,12,32,0,0,0,32
10/14/2020,SBY,MD,AEA,EN,Federal Contract Tower,0,19,11,1,31,0,22,103,12,137,0,41,114,13,168,118,50,168,336
10/15/2020,SBY,MD,AEA,EN,Federal Contract Tower,0,19,8,0,27,0,0,70,8,78,0,19,78,8,105,90,46,136,241
10/16/2020,SBY,MD,AEA,EN,Federal Contract Tower,0,18,7,0,25,0,0,0,0,0,0,18,7,0,25,0,0,0,25
10/17/2020,SBY,MD,AEA,EN,Federal Contract Tower,0,6,6,0,12,0,0,53,0,53,0,6,59,0,65,28,0,28,93
10/18/2020,SBY,MD,AEA,EN,Federal Contract Tower,0,8,5,0,13,0,0,27,0,27,0,8,32,0,40,16,0,16,56
10/19/2020,SBY,MD,AEA,EN,Federal Contract Tower,0,14,8,2,24,0,9,28,4,41,0,23,36,6,65,40,18,58,123
10/20/2020,SBY,MD,AEA,EN,Federal Contract Tower,0,13,20,1,34,0,22,22,5,49,0,35,42,6,83,30,34,64,147
10/21/2020,SBY,MD,AEA,EN,Federal Contract Tower,0,13,15,1,29,0,4,35,16,55,0,17,50,17,84,82,82,164,248
10/22/2020,SBY,MD,AEA,EN,Federal Contract Tower,0,17,18,4,39,0,2,58,2,62,0,19,76,6,101,34,14,48,149
10/23/2020,SBY,MD,AEA,EN,Federal Contract Tower,0,16,11,0,27,0,0,15,0,15,0,16,26,0,42,0,0,0,42
10/24/2020,SBY,MD,AEA,EN,Federal Contract Tower,0,9,13,1,23,0,0,50,1,51,0,9,63,2,74,72,50,122,196
10/25/2020,SBY,MD,AEA,EN,Federal Contract Tower,0,11,0,0,11,0,0,0,0,0,0,11,0,0,11,0,0,0,11
10/26/2020,SBY,MD,AEA,EN,Federal Contract Tower,0,11,5,0,16,0,4,4,0,8,0,15,9,0,24,8,0,8,32
10/27/2020,SBY,MD,AEA,EN,Federal Contract Tower,0,10,17,0,27,0,2,28,6,36,0,12,45,6,63,34,38,72,135
10/28/2020,SBY,MD,AEA,EN,Federal Contract Tower,0,16,8,1,25,0,2,15,9,26,0,18,23,10,51,26,40,66,117
10/29/2020,SBY,MD,AEA,EN,Federal Contract Tower,0,16,5,0,21,0,0,0,0,0,0,16,5,0,21,0,0,0,21
10/30/2020,SBY,MD,AEA,EN,Federal Contract Tower,0,15,2,0,17,0,1,1,6,8,0,16,3,6,25,0,0,0,25
10/31/2020,SBY,MD,AEA,EN,Federal Contract Tower,0,7,4,0,11,0,2,86,0,88,0,9,90,0,99,102,0,102,201
11/01/2020,SBY,MD,AEA,EN,Federal Contract Tower,0,9,5,0,14,0,0,10,0,10,0,9,15,0,24,0,0,0,24
11/02/2020,SBY,MD,AEA,EN,Federal Contract Tower,0,11,10,0,21,0,2,26,8,36,0,13,36,8,57,0,22,22,79
11/03/2020,SBY,MD,AEA,EN,Federal Contract Tower,0,13,15,0,28,0,42,51,10,103,0,55,66,10,131,26,26,52,183
11/04/2020,SBY,MD,AEA,EN,Federal Contract Tower,0,11,5,1,17,0,15,94,28,137,0,26,99,29,154,72,108,180,334
11/05/2020,SBY,MD,AEA,EN,Federal Contract Tower,0,19,7,0,26,0,9,56,4,69,0,28,63,4,95,60,44,104,199
11/06/2020,SBY,MD,AEA,EN,Federal Contract Tower,0,15,6,1,22,0,0,17,8,25,0,15,23,9,47,16,28,44,91
11/07/2020,SBY,MD,AEA,EN,Federal Contract Tower,0,11,5,3,19,0,0,51,1,52,0,11,56,4,71,40,0,40,111
11/08/2020,SBY,MD,AEA,EN,Federal Contract Tower,0,10,6,0,16,0,2,41,0,43,0,12,47,0,59,76,0,76,135
11/09/2020,SBY,MD,AEA,EN,Federal Contract Tower,0,15,9,0,24,0,14,45,6,65,0,29,54,6,89,20,48,68,157
11/10/2020,SBY,MD,AEA,EN,Federal Contract Tower,0,13,5,1,19,0,10,35,27,72,0,23,40,28,91,44,60,104,195
11/11/2020,SBY,MD,AEA,EN,Federal Contract Tower,0,8,1,0,9,0,0,9,0,9,0,8,10,0,18,10,0,10,28
11/12/2020,SBY,MD,AEA,EN,Federal Contract Tower,0,18,2,0,20,0,0,0,0,0,0,18,2,0,20,0,0,0,20
11/13/2020,SBY,MD,AEA,EN,Federal Contract Tower,0,16,10,0,26,0,0,13,2,15,0,16,23,2,41,0,12,12,53
11/14/2020,SBY,MD,AEA,EN,Federal Contract Tower,0,10,6,0,16,0,0,62,0,62,0,10,68,0,78,70,0,70,148
11/15/2020,SBY,MD,AEA,EN,Federal Contract Tower,0,14,0,0,14,0,8,8,0,16,0,22,8,0,30,10,0,10,40
11/16/2020,SBY,MD,AEA,EN,Federal Contract Tower,0,14,4,1,19,0,0,38,19,57,0,14,42,20,76,36,100,136,212
11/17/2020,SBY,MD,AEA,EN,Federal Contract Tower,0,15,3,0,18,0,2,20,2,24,0,17,23,2,42,14,0,14,56
11/18/2020,SBY,MD,AEA,EN,Federal Contract Tower,0,11,4,0,15,0,2,10,12,24,0,13,14,12,39,0,2,2,41
11/19/2020,SBY,MD,AEA,EN,Federal Contract Tower,0,20,5,0,25,0,12,28,14,54,0,32,33,14,79,22,54,76,155
11/20/2020,SBY,MD,AEA,EN,Federal Contract Tower,0,21,14,0,35,0,0,38,2,40,0,21,52,2,75,16,8,24,99
11/21/2020,SBY,MD,AEA,EN,Federal Contract Tower,0,11,10,0,21,0,0,78,14,92,0,11,88,14,113,120,26,146,259
11/22/2020,SBY,MD,AEA,EN,Federal Contract Tower,0,18,9,0,27,0,0,12,0,12,0,18,21,0,39,0,0,0,39
11/23/2020,SBY,MD,AEA,EN,Federal Contract Tower,0,12,2,8,22,0,2,22,64,88,0,14,24,72,110,10,158,168,278
11/24/2020,SBY,MD,AEA,EN,Federal Contract Tower,0,16,9,2,27,0,4,50,14,68,0,20,59,16,95,34,30,64,159
11/25/2020,SBY,MD,AEA,EN,Federal Contract Tower,0,16,7,0,23,0,6,28,14,48,0,22,35,14,71,16,0,16,87
11/26/2020,SBY,MD,AEA,EN,Federal Contract Tower,0,0,2,0,2,0,0,0,0,0,0,0,2,0,2,0,0,0,2
11/27/2020,SBY,MD,AEA,EN,Federal Contract Tower,0,10,5,0,15,0,8,21,0,29,0,18,26,0,44,56,0,56,100
11/28/2020,SBY,MD,AEA,EN,Federal Contract Tower,0,13,8,0,21,0,0,37,0,37,0,13,45,0,58,42,0,42,100
11/29/2020,SBY,MD,AEA,EN,Federal Contract Tower,0,9,7,0,16,0,24,74,0,98,0,33,81,0,114,66,0,66,180
11/30/2020,SBY,MD,AEA,EN,Federal Contract Tower,0,8,8,0,16,0,14,0,0,14,0,22,8,0,30,0,0,0,30
12/01/2020,SBY,MD,AEA,EN,Federal Contract Tower,0,18,8,0,26,0,4,31,2,37,0,22,39,2,63,12,18,30,93
12/02/2020,SBY,MD,AEA,EN,Federal Contract Tower,0,12,8,0,20,0,0,25,0,25,0,12,33,0,45,12,0,12,57
12/03/2020,SBY,MD,AEA,EN,Federal Contract Tower,0,22,8,2,32,0,0,42,4,46,0,22,50,6,78,22,26,48,126
12/04/2020,SBY,MD,AEA,EN,Federal Contract Tower,0,20,3,0,23,0,0,35,4,39,0,20,38,4,62,10,20,30,92
12/05/2020,SBY,MD,AEA,EN,Federal Contract Tower,0,7,0,0,7,0,0,0,0,0,0,7,0,0,7,0,0,0,7
12/06/2020,SBY,MD,AEA,EN,Federal Contract Tower,0,13,2,1,16,0,5,16,1,22,0,18,18,2,38,2,0,2,40
12/07/2020,SBY,MD,AEA,EN,Federal Contract Tower,0,13,3,5,21,0,6,2,3,11,0,19,5,8,32,0,18,18,50
12/08/2020,SBY,MD,AEA,EN,Federal Contract Tower,0,17,5,0,22,0,6,20,2,28,0,23,25,2,50,22,0,22,72
12/09/2020,SBY,MD,AEA,EN,Federal Contract Tower,0,10,6,3,19,0,3,42,10,55,0,13,48,13,74,46,50,96,170
12/10/2020,SBY,MD,AEA,EN,Federal Contract Tower,0,19,9,0,28,0,6,50,6,62,0,25,59,6,90,36,18,54,144
12/11/2020,SBY,MD,AEA,EN,Federal Contract Tower,0,17,4,0,21,0,3,35,2,40,0,20,39,2,61,40,16,56,117
12/12/2020,SBY,MD,AEA,EN,Federal Contract Tower,0,10,3,0,13,0,0,29,0,29,0,10,32,0,42,24,0,24,66
12/13/2020,SBY,MD,AEA,EN,Federal Contract Tower,0,10,1,0,11,0,16,64,0,80,0,26,65,0,91,124,0,124,215
12/14/2020,SBY,MD,AEA,EN,Federal Contract Tower,0,14,3,0,17,0,2,0,0,2,0,16,3,0,19,0,0,0,19
12/15/2020,SBY,MD,AEA,EN,Federal Contract Tower,0,16,5,0,21,0,4,46,6,56,0,20,51,6,77,30,4,34,111
12/16/2020,SBY,MD,AEA,EN,Federal Contract Tower,0,16,0,4,20,0,4,2,4,10,0,20,2,8,30,0,0,0,30
12/17/2020,SBY,MD,AEA,EN,Federal Contract Tower,0,19,3,2,24,0,5,14,2,21,0,24,17,4,45,0,8,8,53
12/18/2020,SBY,MD,AEA,EN,Federal Contract Tower,0,21,5,0,26,0,0,24,4,28,0,21,29,4,54,10,4,14,68
12/19/2020,SBY,MD,AEA,EN,Federal Contract Tower,0,13,1,0,14,0,0,43,0,43,0,13,44,0,57,106,0,106,163
12/20/2020,SBY,MD,AEA,EN,Federal Contract Tower,0,9,8,0,17,0,0,0,0,0,0,9,8,0,17,0,0,0,17
12/21/2020,SBY,MD,AEA,EN,Federal Contract Tower,0,19,4,0,23,0,0,0,0,0,0,19,4,0,23,0,0,0,23
12/22/2020,SBY,MD,AEA,EN,Federal Contract Tower,0,19,8,0,27,0,16,18,6,40,0,35,26,6,67,8,12,20,87
12/23/2020,SBY,MD,AEA,EN,Federal Contract Tower,0,20,10,0,30,0,0,53,2,55,0,20,63,2,85,48,0,48,133
12/24/2020,SBY,MD,AEA,EN,Federal Contract Tower,0,11,1,0,12,0,2,4,0,6,0,13,5,0,18,0,0,0,18
12/25/2020,SBY,MD,AEA,EN,Federal Contract Tower,0,5,2,0,7,0,2,0,0,2,0,7,2,0,9,0,0,0,9
12/26/2020,SBY,MD,AEA,EN,Federal Contract Tower,0,13,5,0,18,0,0,29,0,29,0,13,34,0,47,4,0,4,51
12/27/2020,SBY,MD,AEA,EN,Federal Contract Tower,0,12,2,0,14,0,2,14,0,16,0,14,16,0,30,6,0,6,36
12/28/2020,SBY,MD,AEA,EN,Federal Contract Tower,0,16,7,0,23,0,13,75,30,118,0,29,82,30,141,76,98,174,315
12/29/2020,SBY,MD,AEA,EN,Federal Contract Tower,0,19,4,0,23,0,8,35,0,43,0,27,39,0,66,24,0,24,90
12/30/2020,SBY,MD,AEA,EN,Federal Contract Tower,0,15,8,0,23,0,8,43,0,51,0,23,51,0,74,8,0,8,82
12/31/2020,SBY,MD,AEA,EN,Federal Contract Tower,0,12,6,0,18,0,0,0,0,0,0,12,6,0,18,0,0,0,18
01/01/2021,SBY,MD,AEA,EN,Federal Contract Tower,0,7,0,0,7,0,0,1,0,1,0,7,1,0,8,0,0,0,8
01/02/2021,SBY,MD,AEA,EN,Federal Contract Tower,0,15,1,0,16,0,0,3,0,3,0,15,4,0,19,10,0,10,29
01/03/2021,SBY,MD,AEA,EN,Federal Contract Tower,0,14,3,0,17,0,0,0,0,0,0,14,3,0,17,0,0,0,17
01/04/2021,SBY,MD,AEA,EN,Federal Contract Tower,0,13,5,0,18,0,1,2,2,5,0,14,7,2,23,8,0,8,31
01/05/2021,SBY,MD,AEA,EN,Federal Contract Tower,0,11,2,5,18,0,0,12,3,15,0,11,14,8,33,26,16,42,75
01/06/2021,SBY,MD,AEA,EN,Federal Contract Tower,0,15,9,0,24,0,3,27,34,64,0,18,36,34,88,2,0,2,90
01/07/2021,SBY,MD,AEA,EN,Federal Contract Tower,0,18,5,2,25,0,10,45,14,69,0,28,50,16,94,20,0,20,114
01/08/2021,SBY,MD,AEA,EN,Federal Contract Tower,0,13,7,0,20,0,0,19,2,21,0,13,26,2,41,12,28,40,81
01/09/2021,SBY,MD,AEA,EN,Federal Contract Tower,0,5,8,0,13,0,6,15,0,21,0,11,23,0,34,20,0,20,54
01/10/2021,SBY,MD,AEA,EN,Federal Contract Tower,0,11,6,0,17,0,1,52,0,53,0,12,58,0,70,20,0,20,90
01/11/2021,SBY,MD,AEA,EN,Federal Contract Tower,0,13,2,0,15,0,2,32,8,42,0,15,34,8,57,24,8,32,89
01/12/2021,SBY,MD,AEA,EN,Federal Contract Tower,0,12,7,0,19,0,2,46,20,68,0,14,53,20,87,40,10,50,137
01/13/2021,SBY,MD,AEA,EN,Federal Contract Tower,0,11,7,2,20,0,2,44,14,60,0,13,51,16,80,14,56,70,150
01/14/2021,SBY,MD,AEA,EN,Federal Contract Tower,0,34,2,0,36,0,0,41,6,47,0,34,43,6,83,46,38,84,167
01/15/2021,SBY,MD,AEA,EN,Federal Contract Tower,0,15,9,2,26,0,2,19,3,24,0,17,28,5,50,16,20,36,86
01/16/2021,SBY,MD,AEA,EN,Federal Contract Tower,0,7,7,0,14,0,0,25,0,25,0,7,32,0,39,24,0,24,63
01/17/2021,SBY,MD,AEA,EN,Federal Contract Tower,0,8,5,0,13,0,0,42,0,42,0,8,47,0,55,30,0,30,85
01/18/2021,SBY,MD,AEA,EN,Federal Contract Tower,0,13,8,0,21,0,8,49,0,57,0,21,57,0,78,44,0,44,122
01/19/2021,SBY,MD,AEA,EN,Federal Contract Tower,0,14,10,0,24,0,10,42,0,52,0,24,52,0,76,26,0,26,102
01/20/2021,SBY,MD,AEA,EN,Federal Contract Tower,0,10,3,2,15,0,0,16,8,24,0,10,19,10,39,2,18,20,59
01/21/2021,SBY,MD,AEA,EN,Federal Contract Tower,0,15,12,2,29,0,7,27,14,48,0,22,39,16,77,32,54,86,163
01/22/2021,SBY,MD,AEA,EN,Federal Contract Tower,0,15,5,0,20,0,2,61,0,63,0,17,66,0,83,38,0,38,121
01/23/2021,SBY,MD,AEA,EN,Federal Contract Tower,0,7,3,0,10,0,1,18,6,25,0,8,21,6,35,8,0,8,43
01/24/2021,SBY,MD,AEA,EN,Federal Contract Tower,0,10,5,0,15,0,38,51,0,89,0,48,56,0,104,66,0,66,170
01/25/2021,SBY,MD,AEA,EN,Federal Contract Tower,0,9,0,0,9,0,2,33,0,35,0,11,33,0,44,0,0,0,44
01/26/2021,SBY,MD,AEA,EN,Federal Contract Tower,0,11,0,0,11,0,0,0,0,0,0,11,0,0,11,0,0,0,11
01/27/2021,SBY,MD,AEA,EN,Federal Contract Tower,0,10,10,8,28,0,2,42,26,70,0,12,52,34,98,62,100,162,260
01/28/2021,SBY,MD,AEA,EN,Federal Contract Tower,0,17,5,0,22,0,11,4,4,19,0,28,9,4,41,2,10,12,53
01/29/2021,SBY,MD,AEA,EN,Federal Contract Tower,0,17,3,0,20,0,6,12,0,18,0,23,15,0,38,0,0,0,38
01/30/2021,SBY,MD,AEA,EN,Federal Contract Tower,0,10,10,0,20,0,0,47,0,47,0,10,57,0,67,16,0,16,83
01/31/2021,SBY,MD,AEA,EN,Federal Contract Tower,0,9,1,0,10,0,0,0,0,0,0,9,1,0,10,0,0,0,10
02/01/2021,SBY,MD,AEA,EN,Federal Contract Tower,0,10,3,0,13,0,0,0,0,0,0,10,3,0,13,0,0,0,13
02/02/2021,SBY,MD,AEA,EN,Federal Contract Tower,0,5,2,0,7,0,0,0,0,0,0,5,2,0,7,0,0,0,7
02/03/2021,SBY,MD,AEA,EN,Federal Contract Tower,0,12,11,0,23,0,11,9,6,26,0,23,20,6,49,2,24,26,75
02/04/2021,SBY,MD,AEA,EN,Federal Contract Tower,0,16,6,0,22,0,2,55,8,65,0,18,61,8,87,92,28,120,207
02/05/2021,SBY,MD,AEA,EN,Federal Contract Tower,0,19,3,0,22,0,2,13,0,15,0,21,16,0,37,24,0,24,61
02/06/2021,SBY,MD,AEA,EN,Federal Contract Tower,0,7,8,0,15,0,0,60,0,60,0,7,68,0,75,66,0,66,141
02/07/2021,SBY,MD,AEA,EN,Federal Contract Tower,0,7,4,0,11,0,0,0,0,0,0,7,4,0,11,0,0,0,11
02/08/2021,SBY,MD,AEA,EN,Federal Contract Tower,0,18,11,0,29,0,18,62,2,82,0,36,73,2,111,138,0,138,249
02/09/2021,SBY,MD,AEA,EN,Federal Contract Tower,0,8,4,2,14,0,8,0,0,8,0,16,4,2,22,0,0,0,22
02/10/2021,SBY,MD,AEA,EN,Federal Contract Tower,0,15,7,4,26,0,23,61,22,106,0,38,68,26,132,102,16,118,250
02/11/2021,SBY,MD,AEA,EN,Federal Contract Tower,0,8,0,0,8,0,0,0,0,0,0,8,0,0,8,0,0,0,8
02/12/2021,SBY,MD,AEA,EN,Federal Contract Tower,0,19,5,0,24,0,0,2,0,2,0,19,7,0,26,0,0,0,26
02/13/2021,SBY,MD,AEA,EN,Federal Contract Tower,0,3,0,0,3,0,0,0,0,0,0,3,0,0,3,0,0,0,3
02/14/2021,SBY,MD,AEA,EN,Federal Contract Tower,0,8,3,0,11,0,0,0,0,0,0,8,3,0,11,0,0,0,11
02/15/2021,SBY,MD,AEA,EN,Federal Contract Tower,0,10,5,0,15,0,0,0,0,0,0,10,5,0,15,0,0,0,15
02/16/2021,SBY,MD,AEA,EN,Federal Contract Tower,0,11,8,0,19,0,19,3,6,28,0,30,11,6,47,0,0,0,47
02/17/2021,SBY,MD,AEA,EN,Federal Contract Tower,0,12,6,0,18,0,0,88,32,120,0,12,94,32,138,88,38,126,264
02/18/2021,SBY,MD,AEA,EN,Federal Contract Tower,0,7,4,0,11,0,0,0,0,0,0,7,4,0,11,0,0,0,11
02/19/2021,SBY,MD,AEA,EN,Federal Contract Tower,0,15,5,0,20,0,0,0,0,0,0,15,5,0,20,0,0,0,20
02/20/2021,SBY,MD,AEA,EN,Federal Contract Tower,0,4,8,0,12,0,1,11,0,12,0,5,19,0,24,4,0,4,28
02/21/2021,SBY,MD,AEA,EN,Federal Contract Tower,0,10,12,0,22,0,18,98,0,116,0,28,110,0,138,162,0,162,300
02/22/2021,SBY,MD,AEA,EN,Federal Contract Tower,0,19,0,0,19,0,18,5,0,23,0,37,5,0,42,38,0,38,80
02/23/2021,SBY,MD,AEA,EN,Federal Contract Tower,0,10,6,2,18,0,8,33,0,41,0,18,39,2,59,164,0,164,223
02/24/2021,SBY,MD,AEA,EN,Federal Contract Tower,0,20,10,3,33,0,5,73,4,82,0,25,83,7,115,108,4,112,227
02/25/2021,SBY,MD,AEA,EN,Federal Contract Tower,0,25,9,1,35,0,4,47,7,58,0,29,56,8,93,74,42,116,209
02/26/2021,SBY,MD,AEA,EN,Federal Contract Tower,0,21,4,2,27,0,7,62,2,71,0,28,66,4,98,108,2,110,208
02/27/2021,SBY,MD,AEA,EN,Federal Contract Tower,0,12,4,0,16,0,0,2,0,2,0,12,6,0,18,10,0,10,28
02/28/2021,SBY,MD,AEA,EN,Federal Contract Tower,0,17,5,0,22,0,0,0,0,0,0,17,5,0,22,0,0,0,22
03/01/2021,SBY,MD,AEA,EN,Federal Contract Tower,0,14,1,0,15,0,0,0,0,0,0,14,1,0,15,0,0,0,15
03/02/2021,SBY,MD,AEA,EN,Federal Contract Tower,0,11,3,3,17,0,10,28,13,51,0,21,31,16,68,80,38,118,186
03/03/2021,SBY,MD,AEA,EN,Federal Contract Tower,0,13,6,0,19,0,0,82,6,88,0,13,88,6,107,128,30,158,265
03/05/2021,SBY,MD,AEA,EN,Federal Contract Tower,0,15,10,2,27,0,0,7,8,15,0,15,17,10,42,0,38,38,80
03/06/2021,SBY,MD,AEA,EN,Federal Contract Tower,0,11,7,0,18,0,0,28,2,30,0,11,35,2,48,22,0,22,70
03/07/2021,SBY,MD,AEA,EN,Federal Contract Tower,0,10,8,0,18,0,18,28,0,46,0,28,36,0,64,34,0,34,98
03/08/2021,SBY,MD,AEA,EN,Federal Contract Tower,0,17,8,0,25,0,0,109,14,123,0,17,117,14,148,220,62,282,430
03/09/2021,SBY,MD,AEA,EN,Federal Contract Tower,0,20,10,2,32,0,10,66,20,96,0,30,76,22,128,156,76,232,360
03/10/2021,SBY,MD,AEA,EN,Federal Contract Tower,0,17,12,0,29,0,18,72,14,104,0,35,84,14,133,132,28,160,293
03/11/2021,SBY,MD,AEA,EN,Federal Contract Tower,0,21,3,0,24,0,2,29,6,37,0,23,32,6,61,14,20,34,95
03/12/2021,SBY,MD,AEA,EN,Federal Contract Tower,0,12,4,2,18,0,1,56,14,71,0,13,60,16,89,80,32,112,201
03/13/2021,SBY,MD,AEA,EN,Federal Contract Tower,0,8,8,0,16,0,0,18,0,18,0,8,26,0,34,14,0,14,48
03/14/2021,SBY,MD,AEA,EN,Federal Contract Tower,0,9,4,0,13,0,5,16,0,21,0,14,20,0,34,4,0,4,38
03/15/2021,SBY,MD,AEA,EN,Federal Contract Tower,0,19,8,0,27,0,12,65,6,83,0,31,73,6,110,122,38,160,270
03/16/2021,SBY,MD,AEA,EN,Federal Contract Tower,0,18,5,0,23,0,0,14,4,18,0,18,19,4,41,0,0,0,41
03/17/2021,SBY,MD,AEA,EN,Federal Contract Tower,0,20,4,2,26,0,2,0,0,2,0,22,4,2,28,0,0,0,28
03/18/2021,SBY,MD,AEA,EN,Federal Contract Tower,0,15,1,0,16,0,0,0,0,0,0,15,1,0,16,0,0,0,16
03/19/2021,SBY,MD,AEA,EN,Federal Contract Tower,0,15,0,0,15,0,0,5,2,7,0,15,5,2,22,0,26,26,48
03/20/2021,SBY,MD,AEA,EN,Federal Contract Tower,0,10,4,0,14,0,2,78,0,80,0,12,82,0,94,56,0,56,150
03/21/2021,SBY,MD,AEA,EN,Federal Contract Tower,0,10,2,0,12,0,4,68,0,72,0,14,70,0,84,78,0,78,162
03/22/2021,SBY,MD,AEA,EN,Federal Contract Tower,0,11,6,1,18,0,19,72,22,113,0,30,78,23,131,118,114,232,363
03/23/2021,SBY,MD,AEA,EN,Federal Contract Tower,0,12,5,0,17,0,0,18,2,20,0,12,23,2,37,56,26,82,119
03/24/2021,SBY,MD,AEA,EN,Federal Contract Tower,0,23,8,0,31,0,0,0,0,0,0,23,8,0,31,0,0,0,31
03/25/2021,SBY,MD,AEA,EN,Federal Contract Tower,0,16,11,2,29,0,4,15,8,27,0,20,26,10,56,4,42,46,102
03/26/2021,SBY,MD,AEA,EN,Federal Contract Tower,0,15,3,2,20,0,1,2,0,3,0,16,5,2,23,0,0,0,23
03/27/2021,SBY,MD,AEA,EN,Federal Contract Tower,0,9,7,0,16,0,0,79,0,79,0,9,86,0,95,62,0,62,157
03/28/2021,SBY,MD,AEA,EN,Federal Contract Tower,0,9,1,0,10,0,0,0,0,0,0,9,1,0,10,0,0,0,10
03/29/2021,SBY,MD,AEA,EN,Federal Contract Tower,0,15,13,0,28,0,23,26,6,55,0,38,39,6,83,34,24,58,141
03/30/2021,SBY,MD,AEA,EN,Federal Contract Tower,0,10,6,0,16,0,18,41,9,68,0,28,47,9,84,58,48,106,190
03/31/2021,SBY,MD,AEA,EN,Federal Contract Tower,0,20,6,2,28,0,0,24,4,28,0,20,30,6,56,58,22,80,136
04/01/2021,SBY,MD,AEA,EN,Federal Contract Tower,0,15,10,3,28,0,0,13,5,18,0,15,23,8,46,12,12,24,70
04/02/2021,SBY,MD,AEA,EN,Federal Contract Tower,0,16,5,0,21,0,0,27,0,27,0,16,32,0,48,12,0,12,60
04/03/2021,SBY,MD,AEA,EN,Federal Contract Tower,0,9,10,0,19,0,0,69,0,69,0,9,79,0,88,72,0,72,160
04/04/2021,SBY,MD,AEA,EN,Federal Contract Tower,0,10,5,0,15,0,12,42,2,56,0,22,47,2,71,64,0,64,135
04/05/2021,SBY,MD,AEA,EN,Federal Contract Tower,0,14,8,0,22,0,23,73,26,122,0,37,81,26,144,132,90,222,366
04/06/2021,SBY,MD,AEA,EN,Federal Contract Tower,0,14,3,0,17,0,8,83,18,109,0,22,86,18,126,126,74,200,326
04/07/2021,SBY,MD,AEA,EN,Federal Contract Tower,0,16,10,0,26,0,18,57,15,90,0,34,67,15,116,124,14,138,254
04/08/2021,SBY,MD,AEA,EN,Federal Contract Tower,0,15,8,8,31,0,1,51,14,66,0,16,59,22,97,106,32,138,235
04/09/2021,SBY,MD,AEA,EN,Federal Contract Tower,0,15,5,0,20,0,1,23,0,24,0,16,28,0,44,74,0,74,118
04/10/2021,SBY,MD,AEA,EN,Federal Contract Tower,0,9,10,0,19,0,0,31,0,31,0,9,41,0,50,20,0,20,70
04/11/2021,SBY,MD,AEA,EN,Federal Contract Tower,0,12,1,0,13,0,0,12,0,12,0,12,13,0,25,46,0,46,71
04/12/2021,SBY,MD,AEA,EN,Federal Contract Tower,0,12,11,0,23,0,30,2,0,32,0,42,13,0,55,0,0,0,55
04/13/2021,SBY,MD,AEA,EN,Federal Contract Tower,0,16,21,4,41,0,4,49,0,53,0,20,70,4,94,24,0,24,118
04/14/2021,SBY,MD,AEA,EN,Federal Contract Tower,0,15,9,0,24,0,5,59,2,66,0,20,68,2,90,132,0,132,222
04/15/2021,SBY,MD,AEA,EN,Federal Contract Tower,0,16,6,3,25,0,0,13,6,19,0,16,19,9,44,22,48,70,114
04/16/2021,SBY,MD,AEA,EN,Federal Contract Tower,0,16,10,0,26,0,0,35,0,35,0,16,45,0,61,24,0,24,85
04/17/2021,SBY,MD,AEA,EN,Federal Contract Tower,0,7,18,0,25,0,0,80,0,80,0,7,98,0,105,68,0,68,173
04/18/2021,SBY,MD,AEA,EN,Federal Contract Tower,0,11,3,0,14,0,4,75,0,79,0,15,78,0,93,58,0,58,151
04/19/2021,SBY,MD,AEA,EN,Federal Contract Tower,0,12,3,0,15,0,0,7,0,7,0,12,10,0,22,0,0,0,22
04/20/2021,SBY,MD,AEA,EN,Federal Contract Tower,0,16,7,2,25,0,23,76,38,137,0,39,83,40,162,124,100,224,386
04/21/2021,SBY,MD,AEA,EN,Federal Contract Tower,0,13,1,0,14,0,2,22,10,34,0,15,23,10,48,74,44,118,166
04/22/2021,SBY,MD,AEA,EN,Federal Contract Tower,0,15,10,4,29,0,0,13,10,23,0,15,23,14,52,24,48,72,124
04/23/2021,SBY,MD,AEA,EN,Federal Contract Tower,0,16,3,0,19,0,6,35,18,59,0,22,38,18,78,26,80,106,184
04/24/2021,SBY,MD,AEA,EN,Federal Contract Tower,0,9,4,0,13,0,5,60,0,65,0,14,64,0,78,80,0,80,158
04/25/2021,SBY,MD,AEA,EN,Federal Contract Tower,0,9,1,0,10,0,5,12,0,17,0,14,13,0,27,0,0,0,27
04/26/2021,SBY,MD,AEA,EN,Federal Contract Tower,0,10,9,0,19,0,14,35,6,55,0,24,44,6,74,62,38,100,174
04/27/2021,SBY,MD,AEA,EN,Federal Contract Tower,0,18,10,3,31,0,8,41,19,68,0,26,51,22,99,40,82,122,221
04/28/2021,SBY,MD,AEA,EN,Federal Contract Tower,0,19,9,1,29,0,8,45,6,59,0,27,54,7,88,14,10,24,112
04/29/2021,SBY,MD,AEA,EN,Federal Contract Tower,0,19,5,0,24,0,7,40,18,65,0,26,45,18,89,42,66,108,197
04/30/2021,SBY,MD,AEA,EN,Federal Contract Tower,0,16,3,0,19,0,0,12,4,16,0,16,15,4,35,6,8,14,49
05/01/2021,SBY,MD,AEA,EN,Federal Contract Tower,0,14,12,0,26,0,2,21,0,23,0,16,33,0,49,4,0,4,53
05/02/2021,SBY,MD,AEA,EN,Federal Contract Tower,0,12,8,0,20,0,2,63,0,65,0,14,71,0,85,42,0,42,127
05/03/2021,SBY,MD,AEA,EN,Federal Contract Tower,0,11,7,0,18,0,3,9,0,12,0,14,16,0,30,10,0,10,40
05/04/2021,SBY,MD,AEA,EN,Federal Contract Tower,0,10,9,0,19,0,6,64,42,112,0,16,73,42,131,64,104,168,299
05/05/2021,SBY,MD,AEA,EN,Federal Contract Tower,0,16,13,0,29,0,8,42,16,66,0,24,55,16,95,46,32,78,173
05/06/2021,SBY,MD,AEA,EN,Federal Contract Tower,0,16,16,7,39,0,2,93,8,103,0,18,109,15,142,136,50,186,328
05/07/2021,SBY,MD,AEA,EN,Federal Contract Tower,0,15,8,0,23,0,4,54,4,62,0,19,62,4,85,128,16,144,229
05/08/2021,SBY,MD,AEA,EN,Federal Contract Tower,0,14,3,0,17,0,0,26,0,26,0,14,29,0,43,14,0,14,57
05/09/2021,SBY,MD,AEA,EN,Federal Contract Tower,0,9,3,0,12,0,2,31,0,33,0,11,34,0,45,12,0,12,57
05/10/2021,SBY,MD,AEA,EN,Federal Contract Tower,0,13,2,0,15,0,4,15,8,27,0,17,17,8,42,18,4,22,64
05/11/2021,SBY,MD,AEA,EN,Federal Contract Tower,0,15,11,0,26,0,2,66,0,68,0,17,77,0,94,86,0,86,180
05/12/2021,SBY,MD,AEA,EN,Federal Contract Tower,0,18,13,13,44,0,0,61,8,69,0,18,74,21,113,50,38,88,201
05/13/2021,SBY,MD,AEA,EN,Federal Contract Tower,0,15,9,2,26,0,10,33,14,57,0,25,42,16,83,30,86,116,199
05/14/2021,SBY,MD,AEA,EN,Federal Contract Tower,0,17,6,2,25,0,2,56,8,66,0,19,62,10,91,38,8,46,137
05/15/2021,SBY,MD,AEA,EN,Federal Contract Tower,0,11,6,0,17,0,0,65,0,65,0,11,71,0,82,94,0,94,176
05/16/2021,SBY,MD,AEA,EN,Federal Contract Tower,0,12,4,0,16,0,2,44,4,50,0,14,48,4,66,26,0,26,92
05/17/2021,SBY,MD,AEA,EN,Federal Contract Tower,0,16,9,5,30,0,0,29,31,60,0,16,38,36,90,22,96,118,208
05/18/2021,SBY,MD,AEA,EN,Federal Contract Tower,0,15,6,0,21,0,6,41,48,95,0,21,47,48,116,6,156,162,278
05/19/2021,SBY,MD,AEA,EN,Federal Contract Tower,0,18,7,5,30,0,6,43,26,75,0,24,50,31,105,26,134,160,265
05/20/2021,SBY,MD,AEA,EN,Federal Contract Tower,0,14,9,1,24,0,23,58,32,113,0,37,67,33,137,58,110,168,305
05/21/2021,SBY,MD,AEA,EN,Federal Contract Tower,0,14,16,0,30,0,0,37,19,56,0,14,53,19,86,0,62,62,148
05/22/2021,SBY,MD,AEA,EN,Federal Contract Tower,0,10,7,0,17,0,3,59,0,62,0,13,66,0,79,22,0,22,101
05/23/2021,SBY,MD,AEA,EN,Federal Contract Tower,0,8,4,0,12,0,2,27,0,29,0,10,31,0,41,4,0,4,45
05/24/2021,SBY,MD,AEA,EN,Federal Contract Tower,0,18,11,0,29,0,6,27,22,55,0,24,38,22,84,70,0,70,154
05/25/2021,SBY,MD,AEA,EN,Federal Contract Tower,0,15,16,2,33,0,16,18,10,44,0,31,34,12,77,24,6,30,107
05/26/2021,SBY,MD,AEA,EN,Federal Contract Tower,0,17,10,0,27,0,7,24,16,47,0,24,34,16,74,24,90,114,188
05/27/2021,SBY,MD,AEA,EN,Federal Contract Tower,0,19,21,1,41,0,32,94,33,159,0,51,115,34,200,80,118,198,398
05/28/2021,SBY,MD,AEA,EN,Federal Contract Tower,0,18,5,0,23,0,6,17,2,25,0,24,22,2,48,28,14,42,90
05/29/2021,SBY,MD,AEA,EN,Federal Contract Tower,0,11,1,0,12,0,0,0,0,0,0,11,1,0,12,0,0,0,12
05/30/2021,SBY,MD,AEA,EN,Federal Contract Tower,0,1,9,0,10,0,0,0,0,0,0,1,9,0,10,0,0,0,10
05/31/2021,SBY,MD,AEA,EN,Federal Contract Tower,0,15,10,0,25,0,23,55,0,78,0,38,65,0,103,62,0,62,165
06/01/2021,SBY,MD,AEA,EN,Federal Contract Tower,0,15,7,0,22,0,2,52,26,80,0,17,59,26,102,26,100,126,228
06/02/2021,SBY,MD,AEA,EN,Federal Contract Tower,0,16,13,1,30,0,9,38,17,64,0,25,51,18,94,24,122,146,240
06/03/2021,SBY,MD,AEA,EN,Federal Contract Tower,0,17,8,8,33,0,0,3,8,11,0,17,11,16,44,0,24,24,68
06/04/2021,SBY,MD,AEA,EN,Federal Contract Tower,0,17,3,0,20,0,0,0,4,4,0,17,3,4,24,0,0,0,24
06/05/2021,SBY,MD,AEA,EN,Federal Contract Tower,0,15,8,1,24,0,18,39,0,57,0,33,47,1,81,48,0,48,129
06/06/2021,SBY,MD,AEA,EN,Federal Contract Tower,0,13,10,0,23,0,11,42,0,53,0,24,52,0,76,60,0,60,136
06/07/2021,SBY,MD,AEA,EN,Federal Contract Tower,0,13,4,4,21,0,6,31,18,55,0,19,35,22,76,42,48,90,166
06/08/2021,SBY,MD,AEA,EN,Federal Contract Tower,0,22,10,0,32,0,6,32,0,38,0,28,42,0,70,34,0,34,104
06/09/2021,SBY,MD,AEA,EN,Federal Contract Tower,0,22,18,0,40,0,0,9,8,17,0,22,27,8,57,8,4,12,69
06/10/2021,SBY,MD,AEA,EN,Federal Contract Tower,0,24,8,0,32,0,2,7,0,9,0,26,15,0,41,2,0,2,43
06/11/2021,SBY,MD,AEA,EN,Federal Contract Tower,0,19,6,0,25,0,0,0,0,0,0,19,6,0,25,0,0,0,25
06/12/2021,SBY,MD,AEA,EN,Federal Contract Tower,0,18,8,0,26,0,4,43,0,47,0,22,51,0,73,36,0,36,109
06/13/2021,SBY,MD,AEA,EN,Federal Contract Tower,0,14,9,0,23,0,6,48,0,54,0,20,57,0,77,48,0,48,125
06/14/2021,SBY,MD,AEA,EN,Federal Contract Tower,0,17,5,4,26,0,6,49,20,75,0,23,54,24,101,4,0,4,105
06/15/2021,SBY,MD,AEA,EN,Federal Contract Tower,0,25,17,8,50,0,28,67,18,113,0,53,84,26,163,72,60,132,295
06/16/2021,SBY,MD,AEA,EN,Federal Contract Tower,0,22,10,10,42,0,5,68,20,93,0,27,78,30,135,68,64,132,267
06/17/2021,SBY,MD,AEA,EN,Federal Contract Tower,0,26,4,0,30,0,14,75,8,97,0,40,79,8,127,76,56,132,259
06/18/2021,SBY,MD,AEA,EN,Federal Contract Tower,0,19,16,0,35,0,6,38,20,64,0,25,54,20,99,40,6,46,145
06/19/2021,SBY,MD,AEA,EN,Federal Contract Tower,0,16,3,0,19,0,5,51,0,56,0,21,54,0,75,24,0,24,99
06/20/2021,SBY,MD,AEA,EN,Federal Contract Tower,0,13,3,0,16,0,9,45,0,54,0,22,48,0,70,34,0,34,104
06/21/2021,SBY,MD,AEA,EN,Federal Contract Tower,0,17,12,0,29,0,6,14,4,24,0,23,26,4,53,6,18,24,77
06/22/2021,SBY,MD,AEA,EN,Federal Contract Tower,0,23,2,2,27,0,0,5,0,5,0,23,7,2,32,8,0,8,40
06/23/2021,SBY,MD,AEA,EN,Federal Contract Tower,0,21,8,0,29,0,6,89,10,105,0,27,97,10,134,42,24,66,200
06/24/2021,SBY,MD,AEA,EN,Federal Contract Tower,0,19,10,2,31,0,20,75,0,95,0,39,85,2,126,26,0,26,152
06/25/2021,SBY,MD,AEA,EN,Federal Contract Tower,0,20,11,2,33,0,15,53,10,78,0,35,64,12,111,156,4,160,271
06/26/2021,SBY,MD,AEA,EN,Federal Contract Tower,0,15,9,0,24,0,0,0,0,0,0,15,9,0,24,0,0,0,24
06/27/2021,SBY,MD,AEA,EN,Federal Contract Tower,0,14,6,0,20,0,8,38,0,46,0,22,44,0,66,4,0,4,70
06/28/2021,SBY,MD,AEA,EN,Federal Contract Tower,0,15,6,0,21,0,34,71,6,111,0,49,77,6,132,114,0,114,246
06/29/2021,SBY,MD,AEA,EN,Federal Contract Tower,0,17,7,0,24,0,2,146,12,160,0,19,153,12,184,386,88,474,658
06/30/2021,SBY,MD,AEA,EN,Federal Contract Tower,0,24,10,0,34,0,4,113,4,121,0,28,123,4,155,176,10,186,341
07/01/2021,SBY,MD,AEA,EN,Federal Contract Tower,0,22,11,0,33,0,0,0,0,0,0,22,11,0,33,274,0,274,307
07/02/2021,SBY,MD,AEA,EN,Federal Contract Tower,0,26,3,0,29,0,2,0,0,2,0,28,3,0,31,0,0,0,31
07/03/2021,SBY,MD,AEA,EN,Federal Contract Tower,0,14,9,0,23,0,7,72,0,79,0,21,81,0,102,326,0,326,428
07/04/2021,SBY,MD,AEA,EN,Federal Contract Tower,0,10,5,0,15,0,2,25,0,27,0,12,30,0,42,6,0,6,48
07/05/2021,SBY,MD,AEA,EN,Federal Contract Tower,0,22,5,0,27,0,8,91,0,99,0,30,96,0,126,392,0,392,518
07/06/2021,SBY,MD,AEA,EN,Federal Contract Tower,0,22,3,0,25,0,6,105,8,119,0,28,108,8,144,382,34,416,560
07/07/2021,SBY,MD,AEA,EN,Federal Contract Tower,0,20,7,2,29,0,7,68,77,152,0,27,75,79,181,58,356,414,595
07/08/2021,SBY,MD,AEA,EN,Federal Contract Tower,0,25,10,0,35,0,0,14,55,69,0,25,24,55,104,0,164,164,268
07/09/2021,SBY,MD,AEA,EN,Federal Contract Tower,0,26,11,0,37,0,8,49,6,63,0,34,60,6,100,52,4,56,156
07/10/2021,SBY,MD,AEA,EN,Federal Contract Tower,0,20,13,0,33,0,2,66,0,68,0,22,79,0,101,284,0,284,385
07/11/2021,SBY,MD,AEA,EN,Federal Contract Tower,0,15,6,0,21,0,10,115,6,131,0,25,121,6,152,358,0,358,510
07/12/2021,SBY,MD,AEA,EN,Federal Contract Tower,0,23,9,1,33,0,16,44,69,129,0,39,53,70,162,114,180,294,456
07/13/2021,SBY,MD,AEA,EN,Federal Contract Tower,0,23,5,0,28,0,0,49,55,104,0,23,54,55,132,44,264,308,440
07/14/2021,SBY,MD,AEA,EN,Federal Contract Tower,0,18,12,0,30,0,4,56,33,93,0,22,68,33,123,12,176,188,311
07/15/2021,SBY,MD,AEA,EN,Federal Contract Tower,0,23,11,0,34,0,18,72,49,139,0,41,83,49,173,30,110,140,313
07/16/2021,SBY,MD,AEA,EN,Federal Contract Tower,0,17,13,0,30,0,7,60,71,138,0,24,73,71,168,46,332,378,546
07/17/2021,SBY,MD,AEA,EN,Federal Contract Tower,0,12,8,0,20,0,6,47,0,53,0,18,55,0,73,22,0,22,95
07/18/2021,SBY,MD,AEA,EN,Federal Contract Tower,0,14,3,0,17,0,2,21,0,23,0,16,24,0,40,0,0,0,40
07/19/2021,SBY,MD,AEA,EN,Federal Contract Tower,0,20,15,5,40,0,0,75,43,118,0,20,90,48,158,20,250,270,428
07/20/2021,SBY,MD,AEA,EN,Federal Contract Tower,0,25,14,2,41,0,3,76,44,123,0,28,90,46,164,92,284,376,540
07/21/2021,SBY,MD,AEA,EN,Federal Contract Tower,0,18,9,0,27,0,19,12,11,42,0,37,21,11,69,0,62,62,131
07/22/2021,SBY,MD,AEA,EN,Federal Contract Tower,0,23,10,0,33,0,0,42,55,97,0,23,52,55,130,8,62,70,200
07/23/2021,SBY,MD,AEA,EN,Federal Contract Tower,0,20,19,2,41,0,10,36,55,101,0,30,55,57,142,32,102,134,276
07/24/2021,SBY,MD,AEA,EN,Federal Contract Tower,0,20,13,0,33,0,23,87,49,159,0,43,100,49,192,66,210,276,468
07/25/2021,SBY,MD,AEA,EN,Federal Contract Tower,0,17,11,0,28,0,14,36,1,51,0,31,47,1,79,6,0,6,85
07/26/2021,SBY,MD,AEA,EN,Federal Contract Tower,0,15,12,0,27,0,34,30,67,131,0,49,42,67,158,38,168,206,364
07/27/2021,SBY,MD,AEA,EN,Federal Contract Tower,0,20,16,0,36,0,8,37,82,127,0,28,53,82,163,0,94,94,257
07/28/2021,SBY,MD,AEA,EN,Federal Contract Tower,0,21,10,5,36,0,2,28,61,91,0,23,38,66,127,14,124,138,265
07/29/2021,SBY,MD,AEA,EN,Federal Contract Tower,0,21,10,0,31,0,10,9,48,67,0,31,19,48,98,0,120,120,218
07/30/2021,SBY,MD,AEA,EN,Federal Contract Tower,0,23,20,0,43,0,2,48,53,103,0,25,68,53,146,22,116,138,284
07/31/2021,SBY,MD,AEA,EN,Federal Contract Tower,0,27,3,0,30,0,4,49,48,101,0,31,52,48,131,40,90,130,261
08/01/2021,SBY,MD,AEA,EN,Federal Contract Tower,0,19,7,0,26,0,12,4,0,16,0,31,11,0,42,10,0,10,52
08/02/2021,SBY,MD,AEA,EN,Federal Contract Tower,0,18,5,0,23,0,10,43,34,87,0,28,48,34,110,22,52,74,184
08/03/2021,SBY,MD,AEA,EN,Federal Contract Tower,0,25,10,0,35,0,20,43,50,113,0,45,53,50,148,12,58,70,218
08/04/2021,SBY,MD,AEA,EN,Federal Contract Tower,0,25,16,2,43,0,2,4,27,33,0,27,20,29,76,0,18,18,94
08/05/2021,SBY,MD,AEA,EN,Federal Contract Tower,0,18,12,2,32,0,6,67,84,157,0,24,79,86,189,22,126,148,337
08/06/2021,SBY,MD,AEA,EN,Federal Contract Tower,0,26,7,0,33,0,18,87,60,165,0,44,94,60,198,46,158,204,402
08/07/2021,SBY,MD,AEA,EN,Federal Contract Tower,0,20,8,0,28,0,0,0,0,0,0,20,8,0,28,0,0,0,28
08/08/2021,SBY,MD,AEA,EN,Federal Contract Tower,0,20,15,0,35,0,6,5,28,39,0,26,20,28,74,0,168,168,242
08/09/2021,SBY,MD,AEA,EN,Federal Contract Tower,0,17,4,0,21,0,12,15,62,89,0,29,19,62,110,0,184,184,294
08/10/2021,SBY,MD,AEA,EN,Federal Contract Tower,0,21,8,4,33,0,4,40,72,116,0,25,48,76,149,50,158,208,357
08/11/2021,SBY,MD,AEA,EN,Federal Contract Tower,0,17,10,10,37,0,17,60,66,143,0,34,70,76,180,18,198,216,396
08/12/2021,SBY,MD,AEA,EN,Federal Contract Tower,0,25,15,1,41,0,7,40,21,68,0,32,55,22,109,18,12,30,139
08/13/2021,SBY,MD,AEA,EN,Federal Contract Tower,0,20,2,0,22,0,4,28,0,32,0,24,30,0,54,6,0,6,60
08/14/2021,SBY,MD,AEA,EN,Federal Contract Tower,0,16,5,0,21,0,2,31,0,33,0,18,36,0,54,20,0,20,74
08/15/2021,SBY,MD,AEA,EN,Federal Contract Tower,0,19,8,0,27,0,10,26,0,36,0,29,34,0,63,8,0,8,71
08/16/2021,SBY,MD,AEA,EN,Federal Contract Tower,0,22,6,2,30,0,10,10,6,26,0,32,16,8,56,56,22,78,134
08/17/2021,SBY,MD,AEA,EN,Federal Contract Tower,0,17,14,1,32,0,27,5,3,35,0,44,19,4,67,14,10,24,91
08/18/2021,SBY,MD,AEA,EN,Federal Contract Tower,0,21,9,0,30,0,13,30,6,49,0,34,39,6,79,6,6,12,91
08/19/2021,SBY,MD,AEA,EN,Federal Contract Tower,0,25,8,0,33,0,6,50,4,60,0,31,58,4,93,68,34,102,195
08/20/2021,SBY,MD,AEA,EN,Federal Contract Tower,0,25,5,0,30,0,0,0,0,0,0,25,5,0,30,0,0,0,30
08/21/2021,SBY,MD,AEA,EN,Federal Contract Tower,0,26,7,0,33,0,2,21,0,23,0,28,28,0,56,30,0,30,86
08/22/2021,SBY,MD,AEA,EN,Federal Contract Tower,0,17,2,0,19,0,0,30,0,30,0,17,32,0,49,28,0,28,77
08/23/2021,SBY,MD,AEA,EN,Federal Contract Tower,0,24,13,0,37,0,8,48,2,58,0,32,61,2,95,82,0,82,177
08/24/2021,SBY,MD,AEA,EN,Federal Contract Tower,0,18,6,0,24,0,0,51,6,57,0,18,57,6,81,32,30,62,143
08/25/2021,SBY,MD,AEA,EN,Federal Contract Tower,0,28,7,0,35,0,11,46,4,61,0,39,53,4,96,14,16,30,126
08/26/2021,SBY,MD,AEA,EN,Federal Contract Tower,0,21,11,0,32,0,3,33,2,38,0,24,44,2,70,30,0,30,100
08/27/2021,SBY,MD,AEA,EN,Federal Contract Tower,0,20,10,2,32,0,11,64,4,79,0,31,74,6,111,20,24,44,155
08/28/2021,SBY,MD,AEA,EN,Federal Contract Tower,0,15,7,0,22,0,0,42,0,42,0,15,49,0,64,46,0,46,110
08/29/2021,SBY,MD,AEA,EN,Federal Contract Tower,0,16,8,0,24,0,0,13,0,13,0,16,21,0,37,0,0,0,37
08/30/2021,SBY,MD,AEA,EN,Federal Contract Tower,0,22,5,0,27,0,2,19,8,29,0,24,24,8,56,16,94,110,166
08/31/2021,SBY,MD,AEA,EN,Federal Contract Tower,0,21,8,0,29,0,8,47,10,65,0,29,55,10,94,46,38,84,178
09/01/2021,SBY,MD,AEA,EN,Federal Contract Tower,0,22,7,2,31,0,2,6,2,10,0,24,13,4,41,6,8,14,55
09/02/2021,SBY,MD,AEA,EN,Federal Contract Tower,0,20,6,6,32,0,6,28,19,53,0,26,34,25,85,12,70,82,167
09/03/2021,SBY,MD,AEA,EN,Federal Contract Tower,0,18,7,0,25,0,7,34,0,41,0,25,41,0,66,8,0,8,74
09/04/2021,SBY,MD,AEA,EN,Federal Contract Tower,0,14,8,0,22,0,2,46,0,48,0,16,54,0,70,8,0,8,78
09/05/2021,SBY,MD,AEA,EN,Federal Contract Tower,0,12,9,0,21,0,2,41,0,43,0,14,50,0,64,0,0,0,64
09/06/2021,SBY,MD,AEA,EN,Federal Contract Tower,0,13,8,0,21,0,2,26,0,28,0,15,34,0,49,6,0,6,55
09/07/2021,SBY,MD,AEA,EN,Federal Contract Tower,0,15,10,1,26,0,8,47,43,98,0,23,57,44,124,66,124,190,314
09/08/2021,SBY,MD,AEA,EN,Federal Contract Tower,0,17,7,3,27,0,12,39,7,58,0,29,46,10,85,16,28,44,129
09/09/2021,SBY,MD,AEA,EN,Federal Contract Tower,0,22,10,2,34,0,2,2,0,4,0,24,12,2,38,0,0,0,38
09/10/2021,SBY,MD,AEA,EN,Federal Contract Tower,0,19,17,0,36,0,12,51,6,69,0,31,68,6,105,66,22,88,193
09/11/2021,SBY,MD,AEA,EN,Federal Contract Tower,0,13,4,0,17,0,14,52,1,67,0,27,56,1,84,22,0,22,106
09/12/2021,SBY,MD,AEA,EN,Federal Contract Tower,0,11,8,0,19,0,0,30,0,30,0,11,38,0,49,12,0,12,61
09/13/2021,SBY,MD,AEA,EN,Federal Contract Tower,0,21,10,0,31,0,17,68,34,119,0,38,78,34,150,114,192,306,456
09/14/2021,SBY,MD,AEA,EN,Federal Contract Tower,0,20,14,0,34,0,12,61,26,99,0,32,75,26,133,64,106,170,303
09/15/2021,SBY,MD,AEA,EN,Federal Contract Tower,0,26,16,0,42,0,15,31,26,72,0,41,47,26,114,32,10,42,156
09/16/2021,SBY,MD,AEA,EN,Federal Contract Tower,0,24,11,26,61,0,0,16,10,26,0,24,27,36,87,32,0,32,119
09/17/2021,SBY,MD,AEA,EN,Federal Contract Tower,0,25,15,1,41,0,2,0,1,3,0,27,15,2,44,0,32,32,76
09/18/2021,SBY,MD,AEA,EN,Federal Contract Tower,0,14,18,0,32,0,17,71,0,88,0,31,89,0,120,116,0,116,236
09/19/2021,SBY,MD,AEA,EN,Federal Contract Tower,0,14,16,0,30,0,1,19,0,20,0,15,35,0,50,32,0,32,82
09/20/2021,SBY,MD,AEA,EN,Federal Contract Tower,0,22,8,0,30,0,8,33,56,97,0,30,41,56,127,2,214,216,343
09/21/2021,SBY,MD,AEA,EN,Federal Contract Tower,0,23,18,7,48,0,35,70,51,156,0,58,88,58,204,52,196,248,452
09/22/2021,SBY,MD,AEA,EN,Federal Contract Tower,0,24,7,5,36,0,6,39,38,83,0,30,46,43,119,36,250,286,405
09/23/2021,SBY,MD,AEA,EN,Federal Contract Tower,0,27,11,0,38,0,10,0,0,10,0,37,11,0,48,0,0,0,48
09/24/2021,SBY,MD,AEA,EN,Federal Contract Tower,0,20,15,2,37,0,14,82,27,123,0,34,97,29,160,100,62,162,322
09/25/2021,SBY,MD,AEA,EN,Federal Contract Tower,0,14,7,0,21,0,15,33,0,48,0,29,40,0,69,20,0,20,89
09/26/2021,SBY,MD,AEA,EN,Federal Contract Tower,0,14,10,0,24,0,8,39,0,47,0,22,49,0,71,0,0,0,71
09/27/2021,SBY,MD,AEA,EN,Federal Contract Tower,0,22,12,0,34,0,2,34,20,56,0,24,46,20,90,20,72,92,182
09/28/2021,SBY,MD,AEA,EN,Federal Contract Tower,0,20,14,2,36,0,6,41,28,75,0,26,55,30,111,18,0,18,129
09/29/2021,SBY,MD,AEA,EN,Federal Contract Tower,0,29,11,4,44,0,9,74,8,91,0,38,85,12,135,54,86,140,275
09/30/2021,SBY,MD,AEA,EN,Federal Contract Tower,0,20,11,0,31,0,14,76,20,110,0,34,87,20,141,98,66,164,305
10/01/2021,SBY,MD,AEA,EN,Federal Contract Tower,0,19,12,0,31,0,1,73,18,92,0,20,85,18,123,140,58,198,321
10/02/2021,SBY,MD,AEA,EN,Federal Contract Tower,0,14,2,0,16,0,6,36,0,42,0,20,38,0,58,24,0,24,82
10/03/2021,SBY,MD,AEA,EN,Federal Contract Tower,0,13,1,0,14,0,3,28,0,31,0,16,29,0,45,2,0,2,47
10/04/2021,SBY,MD,AEA,EN,Federal Contract Tower,0,20,12,1,33,0,1,30,30,61,0,21,42,31,94,22,294,316,410
10/05/2021,SBY,MD,AEA,EN,Federal Contract Tower,0,20,5,1,26,0,0,13,24,37,0,20,18,25,63,0,210,210,273
10/06/2021,SBY,MD,AEA,EN,Federal Contract Tower,0,26,6,0,32,0,0,12,0,12,0,26,18,0,44,14,0,14,58
10/07/2021,SBY,MD,AEA,EN,Federal Contract Tower,0,21,18,1,40,0,2,38,59,99,0,23,56,60,139,38,298,336,475
10/08/2021,SBY,MD,AEA,EN,Federal Contract Tower,0,20,3,3,26,0,0,39,43,82,0,20,42,46,108,58,328,386,494
10/09/2021,SBY,MD,AEA,EN,Federal Contract Tower,0,15,3,0,18,0,2,37,0,39,0,17,40,0,57,74,0,74,131
10/10/2021,SBY,MD,AEA,EN,Federal Contract Tower,0,8,3,0,11,0,0,0,0,0,0,8,3,0,11,0,0,0,11
10/11/2021,SBY,MD,AEA,EN,Federal Contract Tower,0,15,5,0,20,0,0,0,0,0,0,15,5,0,20,0,0,0,20
10/12/2021,SBY,MD,AEA,EN,Federal Contract Tower,0,25,10,2,37,0,0,0,0,0,0,25,10,2,37,0,0,0,37
10/13/2021,SBY,MD,AEA,EN,Federal Contract Tower,0,20,13,5,38,0,2,29,8,39,0,22,42,13,77,118,24,142,219
10/14/2021,SBY,MD,AEA,EN,Federal Contract Tower,0,21,8,0,29,0,0,36,26,62,0,21,44,26,91,62,92,154,245
10/15/2021,SBY,MD,AEA,EN,Federal Contract Tower,0,16,9,0,25,0,12,46,45,103,0,28,55,45,128,38,262,300,428
10/16/2021,SBY,MD,AEA,EN,Federal Contract Tower,0,14,7,0,21,0,0,13,0,13,0,14,20,0,34,0,0,0,34
10/17/2021,SBY,MD,AEA,EN,Federal Contract Tower,0,18,15,0,33,0,0,24,0,24,0,18,39,0,57,14,0,14,71
10/18/2021,SBY,MD,AEA,EN,Federal Contract Tower,0,17,5,0,22,0,6,42,22,70,0,23,47,22,92,4,136,140,232
10/19/2021,SBY,MD,AEA,EN,Federal Contract Tower,0,19,9,6,34,0,3,22,34,59,0,22,31,40,93,0,216,216,309
10/20/2021,SBY,MD,AEA,EN,Federal Contract Tower,0,26,16,2,44,0,12,72,34,118,0,38,88,36,162,40,112,152,314
10/21/2021,SBY,MD,AEA,EN,Federal Contract Tower,0,18,7,4,29,0,31,64,22,117,0,49,71,26,146,70,34,104,250
10/22/2021,SBY,MD,AEA,EN,Federal Contract Tower,0,17,7,0,24,0,1,23,22,46,0,18,30,22,70,34,84,118,188
10/23/2021,SBY,MD,AEA,EN,Federal Contract Tower,0,14,20,0,34,0,0,42,2,44,0,14,62,2,78,36,6,42,120
10/24/2021,SBY,MD,AEA,EN,Federal Contract Tower,0,12,5,0,17,0,6,39,4,49,0,18,44,4,66,36,34,70,136
10/25/2021,SBY,MD,AEA,EN,Federal Contract Tower,0,16,7,0,23,0,14,24,6,44,0,30,31,6,67,2,32,34,101
10/26/2021,SBY,MD,AEA,EN,Federal Contract Tower,0,17,8,7,32,0,8,2,29,39,0,25,10,36,71,0,34,34,105
10/27/2021,SBY,MD,AEA,EN,Federal Contract Tower,0,21,14,7,42,0,17,27,44,88,0,38,41,51,130,42,92,134,264
10/28/2021,SBY,MD,AEA,EN,Federal Contract Tower,0,13,18,10,41,0,7,72,22,101,0,20,90,32,142,52,92,144,286
10/29/2021,SBY,MD,AEA,EN,Federal Contract Tower,0,23,8,0,31,0,4,0,4,8,0,27,8,4,39,0,0,0,39
10/30/2021,SBY,MD,AEA,EN,Federal Contract Tower,0,12,13,0,25,0,6,22,1,29,0,18,35,1,54,30,0,30,84
10/31/2021,SBY,MD,AEA,EN,Federal Contract Tower,0,9,8,0,17,0,14,27,14,55,0,23,35,14,72,46,64,110,182
11/01/2021,SBY,MD,AEA,EN,Federal Contract Tower,0,14,12,2,28,0,18,37,18,73,0,32,49,20,101,36,10,46,147
11/02/2021,SBY,MD,AEA,EN,Federal Contract Tower,0,16,13,6,35,0,0,8,27,35,0,16,21,33,70,16,166,182,252
11/03/2021,SBY,MD,AEA,EN,Federal Contract Tower,0,17,8,2,27,0,23,75,19,117,0,40,83,21,144,102,64,166,310
11/04/2021,SBY,MD,AEA,EN,Federal Contract Tower,0,14,10,0,24,0,10,49,19,78,0,24,59,19,102,68,26,94,196
11/05/2021,SBY,MD,AEA,EN,Federal Contract Tower,0,16,13,2,31,0,3,37,7,47,0,19,50,9,78,40,12,52,130
11/06/2021,SBY,MD,AEA,EN,Federal Contract Tower,0,12,5,0,17,0,0,8,0,8,0,12,13,0,25,10,0,10,35
11/07/2021,SBY,MD,AEA,EN,Federal Contract Tower,0,9,3,0,12,0,8,15,2,25,0,17,18,2,37,22,0,22,59
11/08/2021,SBY,MD,AEA,EN,Federal Contract Tower,0,13,14,0,27,0,0,11,7,18,0,13,25,7,45,6,52,58,103
11/09/2021,SBY,MD,AEA,EN,Federal Contract Tower,0,16,10,0,26,0,2,34,32,68,0,18,44,32,94,20,228,248,342
11/10/2021,SBY,MD,AEA,EN,Federal Contract Tower,0,20,10,0,30,0,10,23,31,64,0,30,33,31,94,16,110,126,220
11/11/2021,SBY,MD,AEA,EN,Federal Contract Tower,0,14,7,8,29,0,16,39,10,65,0,30,46,18,94,8,0,8,102
11/12/2021,SBY,MD,AEA,EN,Federal Contract Tower,0,16,7,6,29,0,2,7,0,9,0,18,14,6,38,0,0,0,38
11/13/2021,SBY,MD,AEA,EN,Federal Contract Tower,0,10,3,0,13,0,0,20,0,20,0,10,23,0,33,8,0,8,41
11/14/2021,SBY,MD,AEA,EN,Federal Contract Tower,0,11,4,0,15,0,6,28,4,38,0,17,32,4,53,12,0,12,65
11/15/2021,SBY,MD,AEA,EN,Federal Contract Tower,0,11,0,4,15,0,4,12,16,32,0,15,12,20,47,22,88,110,157
11/16/2021,SBY,MD,AEA,EN,Federal Contract Tower,0,17,11,0,28,0,0,51,28,79,0,17,62,28,107,50,168,218,325
11/17/2021,SBY,MD,AEA,EN,Federal Contract Tower,0,16,7,4,27,0,2,38,17,57,0,18,45,21,84,2,50,52,136
11/18/2021,SBY,MD,AEA,EN,Federal Contract Tower,0,19,17,0,36,0,7,26,12,45,0,26,43,12,81,8,44,52,133
11/19/2021,SBY,MD,AEA,EN,Federal Contract Tower,0,16,7,1,24,0,10,12,14,36,0,26,19,15,60,30,0,30,90
11/20/2021,SBY,MD,AEA,EN,Federal Contract Tower,0,12,13,0,25,0,0,64,4,68,0,12,77,4,93,98,0,98,191
11/21/2021,SBY,MD,AEA,EN,Federal Contract Tower,0,12,4,0,16,0,6,15,0,21,0,18,19,0,37,2,0,2,39
11/22/2021,SBY,MD,AEA,EN,Federal Contract Tower,0,14,16,0,30,0,6,13,8,27,0,20,29,8,57,26,32,58,115
11/23/2021,SBY,MD,AEA,EN,Federal Contract Tower,0,14,7,0,21,0,16,6,16,38,0,30,13,16,59,0,70,70,129
11/24/2021,SBY,MD,AEA,EN,Federal Contract Tower,0,18,8,0,26,0,0,82,8,90,0,18,90,8,116,52,52,104,220
11/25/2021,SBY,MD,AEA,EN,Federal Contract Tower,0,4,4,0,8,0,6,7,0,13,0,10,11,0,21,6,0,6,27
11/26/2021,SBY,MD,AEA,EN,Federal Contract Tower,0,17,0,0,17,0,7,0,0,7,0,24,0,0,24,0,0,0,24
11/27/2021,SBY,MD,AEA,EN,Federal Contract Tower,0,10,8,0,18,0,0,30,0,30,0,10,38,0,48,6,0,6,54
11/28/2021,SBY,MD,AEA,EN,Federal Contract Tower,0,13,4,0,17,0,6,49,0,55,0,19,53,0,72,50,0,50,122
11/29/2021,SBY,MD,AEA,EN,Federal Contract Tower,0,16,7,0,23,0,10,41,16,67,0,26,48,16,90,58,60,118,208
11/30/2021,SBY,MD,AEA,EN,Federal Contract Tower,0,23,9,1,33,0,23,43,13,79,0,46,52,14,112,50,146,196,308
12/01/2021,SBY,MD,AEA,EN,Federal Contract Tower,0,16,9,1,26,0,25,77,10,112,0,41,86,11,138,70,34,104,242
12/02/2021,SBY,MD,AEA,EN,Federal Contract Tower,0,19,11,0,30,0,17,58,20,95,0,36,69,20,125,30,38,68,193
12/03/2021,SBY,MD,AEA,EN,Federal Contract Tower,0,15,10,0,25,0,0,2,61,63,0,15,12,61,88,52,0,52,140
12/04/2021,SBY,MD,AEA,EN,Federal Contract Tower,0,9,10,0,19,0,6,63,0,69,0,15,73,0,88,120,0,120,208
12/05/2021,SBY,MD,AEA,EN,Federal Contract Tower,0,8,2,0,10,0,6,66,12,84,0,14,68,12,94,70,102,172,266
12/06/2021,SBY,MD,AEA,EN,Federal Contract Tower,0,10,14,0,24,0,16,12,4,32,0,26,26,4,56,4,22,26,82
12/07/2021,SBY,MD,AEA,EN,Federal Contract Tower,0,17,12,4,33,0,22,61,44,127,0,39,73,48,160,46,116,162,322
12/08/2021,SBY,MD,AEA,EN,Federal Contract Tower,0,12,1,0,13,0,10,4,0,14,0,22,5,0,27,4,0,4,31
12/09/2021,SBY,MD,AEA,EN,Federal Contract Tower,0,14,5,1,20,0,26,63,9,98,0,40,68,10,118,104,54,158,276
12/10/2021,SBY,MD,AEA,EN,Federal Contract Tower,0,13,14,0,27,0,12,19,8,39,0,25,33,8,66,8,26,34,100
12/11/2021,SBY,MD,AEA,EN,Federal Contract Tower,0,9,3,0,12,0,0,0,0,0,0,9,3,0,12,0,0,0,12
12/12/2021,SBY,MD,AEA,EN,Federal Contract Tower,0,8,12,0,20,0,4,43,0,47,0,12,55,0,67,42,0,42,109
12/13/2021,SBY,MD,AEA,EN,Federal Contract Tower,0,10,13,0,23,0,6,53,12,71,0,16,66,12,94,54,82,136,230
12/14/2021,SBY,MD,AEA,EN,Federal Contract Tower,0,10,8,0,18,0,17,57,16,90,0,27,65,16,108,62,22,84,192
12/15/2021,SBY,MD,AEA,EN,Federal Contract Tower,0,15,15,0,30,0,3,45,4,52,0,18,60,4,82,40,18,58,140
12/16/2021,SBY,MD,AEA,EN,Federal Contract Tower,0,17,4,0,21,0,15,42,15,72,0,32,46,15,93,48,62,110,203
12/17/2021,SBY,MD,AEA,EN,Federal Contract Tower,0,19,9,0,28,0,16,28,5,49,0,35,37,5,77,38,12,50,127
12/18/2021,SBY,MD,AEA,EN,Federal Contract Tower,0,11,5,0,16,0,0,0,0,0,0,11,5,0,16,0,0,0,16
12/19/2021,SBY,MD,AEA,EN,Federal Contract Tower,0,11,5,0,16,0,2,46,0,48,0,13,51,0,64,26,0,26,90
12/20/2021,SBY,MD,AEA,EN,Federal Contract Tower,0,12,13,0,25,0,0,65,4,69,0,12,78,4,94,60,14,74,168
12/21/2021,SBY,MD,AEA,EN,Federal Contract Tower,0,17,15,2,34,0,4,24,0,28,0,21,39,2,62,4,0,4,66
12/22/2021,SBY,MD,AEA,EN,Federal Contract Tower,0,16,8,0,24,0,1,10,0,11,0,17,18,0,35,6,0,6,41
12/23/2021,SBY,MD,AEA,EN,Federal Contract Tower,0,17,5,0,22,0,2,55,2,59,0,19,60,2,81,22,0,22,103
12/24/2021,SBY,MD,AEA,EN,Federal Contract Tower,0,12,3,0,15,0,8,23,0,31,0,20,26,0,46,0,0,0,46
12/25/2021,SBY,MD,AEA,EN,Federal Contract Tower,0,5,0,0,5,0,4,1,0,5,0,9,1,0,10,0,0,0,10
12/26/2021,SBY,MD,AEA,EN,Federal Contract Tower,0,10,3,0,13,0,4,15,0,19,0,14,18,0,32,4,0,4,36
12/27/2021,SBY,MD,AEA,EN,Federal Contract Tower,0,10,11,0,21,0,0,7,0,7,0,10,18,0,28,20,0,20,48
12/28/2021,SBY,MD,AEA,EN,Federal Contract Tower,0,16,9,0,25,0,16,35,0,51,0,32,44,0,76,54,0,54,130
12/29/2021,SBY,MD,AEA,EN,Federal Contract Tower,0,18,11,0,29,0,4,11,0,15,0,22,22,0,44,54,0,54,98
12/30/2021,SBY,MD,AEA,EN,Federal Contract Tower,0,19,3,2,24,0,0,2,0,2,0,19,5,2,26,0,0,0,26
12/31/2021,SBY,MD,AEA,EN,Federal Contract Tower,0,11,8,0,19,0,0,0,0,0,0,11,8,0,19,0,0,0,19
01/01/2022,SBY,MD,AEA,EN,Federal Contract Tower,0,7,0,0,7,0,2,0,0,2,0,9,0,0,9,0,0,0,9
01/02/2022,SBY,MD,AEA,EN,Federal Contract Tower,0,11,5,0,16,0,0,0,0,0,0,11,5,0,16,0,0,0,16
01/03/2022,SBY,MD,AEA,EN,Federal Contract Tower,0,6,0,0,6,0,0,0,0,0,0,6,0,0,6,0,0,0,6
01/04/2022,SBY,MD,AEA,EN,Federal Contract Tower,0,9,6,2,17,0,0,29,0,29,0,9,35,2,46,8,0,8,54
01/05/2022,SBY,MD,AEA,EN,Federal Contract Tower,0,17,4,2,23,0,3,0,0,3,0,20,4,2,26,0,0,0,26
01/06/2022,SBY,MD,AEA,EN,Federal Contract Tower,0,14,6,0,20,0,24,63,8,95,0,38,69,8,115,56,18,74,189
01/07/2022,SBY,MD,AEA,EN,Federal Contract Tower,0,15,0,0,15,0,7,3,0,10,0,22,3,0,25,0,0,0,25
01/08/2022,SBY,MD,AEA,EN,Federal Contract Tower,0,14,10,0,24,0,2,44,0,46,0,16,54,0,70,62,0,62,132
01/09/2022,SBY,MD,AEA,EN,Federal Contract Tower,0,10,2,0,12,0,0,5,0,5,0,10,7,0,17,0,0,0,17
01/10/2022,SBY,MD,AEA,EN,Federal Contract Tower,0,15,6,0,21,0,5,36,8,49,0,20,42,8,70,66,26,92,162
01/11/2022,SBY,MD,AEA,EN,Federal Contract Tower,0,15,10,0,25,0,0,0,0,0,0,15,10,0,25,28,0,28,53
01/12/2022,SBY,MD,AEA,EN,Federal Contract Tower,0,14,7,2,23,0,8,38,40,86,0,22,45,42,109,24,42,66,175
01/13/2022,SBY,MD,AEA,EN,Federal Contract Tower,0,18,7,0,25,0,12,63,4,79,0,30,70,4,104,62,10,72,176
01/14/2022,SBY,MD,AEA,EN,Federal Contract Tower,0,14,8,2,24,0,1,10,4,15,0,15,18,6,39,0,8,8,47
01/15/2022,SBY,MD,AEA,EN,Federal Contract Tower,0,13,2,0,15,0,2,38,0,40,0,15,40,0,55,64,0,64,119
01/16/2022,SBY,MD,AEA,EN,Federal Contract Tower,0,5,1,0,6,0,0,9,0,9,0,5,10,0,15,26,0,26,41
01/17/2022,SBY,MD,AEA,EN,Federal Contract Tower,0,11,1,1,13,0,0,0,0,0,0,11,1,1,13,0,0,0,13
01/18/2022,SBY,MD,AEA,EN,Federal Contract Tower,0,15,11,4,30,0,0,46,8,54,0,15,57,12,84,58,42,100,184
01/19/2022,SBY,MD,AEA,EN,Federal Contract Tower,0,16,8,0,24,0,14,57,4,75,0,30,65,4,99,22,0,22,121
01/20/2022,SBY,MD,AEA,EN,Federal Contract Tower,0,13,4,0,17,0,2,10,0,12,0,15,14,0,29,24,0,24,53
01/21/2022,SBY,MD,AEA,EN,Federal Contract Tower,0,16,1,0,17,0,1,8,2,11,0,17,9,2,28,14,0,14,42
01/22/2022,SBY,MD,AEA,EN,Federal Contract Tower,0,11,5,0,16,0,2,19,1,22,0,13,24,1,38,4,0,4,42
01/23/2022,SBY,MD,AEA,EN,Federal Contract Tower,0,10,6,0,16,0,2,56,0,58,0,12,62,0,74,56,0,56,130
01/24/2022,SBY,MD,AEA,EN,Federal Contract Tower,0,11,14,0,25,0,8,42,8,58,0,19,56,8,83,100,22,122,205
01/25/2022,SBY,MD,AEA,EN,Federal Contract Tower,0,13,11,0,24,0,2,53,2,57,0,15,64,2,81,48,12,60,141
01/26/2022,SBY,MD,AEA,EN,Federal Contract Tower,0,15,18,0,33,0,24,52,18,94,0,39,70,18,127,66,42,108,235
01/27/2022,SBY,MD,AEA,EN,Federal Contract Tower,0,13,9,4,26,0,8,67,0,75,0,21,76,4,101,26,10,36,137
01/28/2022,SBY,MD,AEA,EN,Federal Contract Tower,0,9,1,4,14,0,2,6,11,19,0,11,7,15,33,0,46,46,79
01/29/2022,SBY,MD,AEA,EN,Federal Contract Tower,0,0,0,0,0,0,0,0,0,0,0,0,0,0,0,0,0,0,0
01/30/2022,SBY,MD,AEA,EN,Federal Contract Tower,0,8,2,0,10,0,31,5,0,36,0,39,7,0,46,10,0,10,56
01/31/2022,SBY,MD,AEA,EN,Federal Contract Tower,0,11,10,0,21,0,8,4,0,12,0,19,14,0,33,0,0,0,33
02/01/2022,SBY,MD,AEA,EN,Federal Contract Tower,0,15,2,5,22,0,0,96,9,105,0,15,98,14,127,108,10,118,245
02/02/2022,SBY,MD,AEA,EN,Federal Contract Tower,0,15,4,0,19,0,0,2,0,2,0,15,6,0,21,4,0,4,25
02/03/2022,SBY,MD,AEA,EN,Federal Contract Tower,0,14,7,2,23,0,3,25,4,32,0,17,32,6,55,64,0,64,119
02/04/2022,SBY,MD,AEA,EN,Federal Contract Tower,0,15,6,10,31,0,0,0,0,0,0,15,6,10,31,0,0,0,31
02/05/2022,SBY,MD,AEA,EN,Federal Contract Tower,0,11,5,0,16,0,0,4,0,4,0,11,9,0,20,0,0,0,20
02/06/2022,SBY,MD,AEA,EN,Federal Contract Tower,0,10,11,0,21,0,2,64,0,66,0,12,75,0,87,114,0,114,201
02/07/2022,SBY,MD,AEA,EN,Federal Contract Tower,0,17,2,12,31,0,0,0,0,0,0,17,2,12,31,0,0,0,31
02/08/2022,SBY,MD,AEA,EN,Federal Contract Tower,0,15,9,0,24,0,2,41,0,43,0,17,50,0,67,10,0,10,77
02/09/2022,SBY,MD,AEA,EN,Federal Contract Tower,0,15,18,2,35,0,28,78,14,120,0,43,96,16,155,70,96,166,321
02/10/2022,SBY,MD,AEA,EN,Federal Contract Tower,0,16,9,0,25,0,8,53,2,63,0,24,62,2,88,36,20,56,144
02/11/2022,SBY,MD,AEA,EN,Federal Contract Tower,0,15,3,0,18,0,4,39,20,63,0,19,42,20,81,92,54,146,227
02/12/2022,SBY,MD,AEA,EN,Federal Contract Tower,0,14,17,0,31,0,0,100,3,103,0,14,117,3,134,152,0,152,286
02/13/2022,SBY,MD,AEA,EN,Federal Contract Tower,0,13,2,0,15,0,22,4,0,26,0,35,6,0,41,0,0,0,41
02/14/2022,SBY,MD,AEA,EN,Federal Contract Tower,0,15,2,0,17,0,6,60,28,94,0,21,62,28,111,66,134,200,311
02/15/2022,SBY,MD,AEA,EN,Federal Contract Tower,0,15,7,0,22,0,1,73,16,90,0,16,80,16,112,66,96,162,274
02/16/2022,SBY,MD,AEA,EN,Federal Contract Tower,0,16,14,6,36,0,26,88,6,120,0,42,102,12,156,86,30,116,272
02/17/2022,SBY,MD,AEA,EN,Federal Contract Tower,0,13,13,0,26,0,0,21,12,33,0,13,34,12,59,0,56,56,115
02/18/2022,SBY,MD,AEA,EN,Federal Contract Tower,0,11,2,0,13,0,0,10,0,10,0,11,12,0,23,20,0,20,43
02/19/2022,SBY,MD,AEA,EN,Federal Contract Tower,0,14,4,0,18,0,8,16,0,24,0,22,20,0,42,0,0,0,42
02/20/2022,SBY,MD,AEA,EN,Federal Contract Tower,0,12,6,0,18,0,2,80,8,90,0,14,86,8,108,104,22,126,234
02/21/2022,SBY,MD,AEA,EN,Federal Contract Tower,0,15,4,0,19,0,0,42,10,52,0,15,46,10,71,110,28,138,209
02/22/2022,SBY,MD,AEA,EN,Federal Contract Tower,0,22,2,0,24,0,9,16,6,31,0,31,18,6,55,24,40,64,119
02/23/2022,SBY,MD,AEA,EN,Federal Contract Tower,0,14,4,2,20,0,14,43,15,72,0,28,47,17,92,38,76,114,206
02/24/2022,SBY,MD,AEA,EN,Federal Contract Tower,0,13,17,0,30,0,6,51,4,61,0,19,68,4,91,76,28,104,195
02/25/2022,SBY,MD,AEA,EN,Federal Contract Tower,0,14,3,0,17,0,0,0,0,0,0,14,3,0,17,0,0,0,17
02/26/2022,SBY,MD,AEA,EN,Federal Contract Tower,0,11,15,0,26,0,4,71,0,75,0,15,86,0,101,136,0,136,237
02/27/2022,SBY,MD,AEA,EN,Federal Contract Tower,0,11,4,0,15,0,4,57,0,61,0,15,61,0,76,70,0,70,146
02/28/2022,SBY,MD,AEA,EN,Federal Contract Tower,0,13,10,0,23,0,6,49,36,91,0,19,59,36,114,80,76,156,270
03/01/2022,SBY,MD,AEA,EN,Federal Contract Tower,0,14,4,0,18,0,14,71,18,103,0,28,75,18,121,54,58,112,233
03/02/2022,SBY,MD,AEA,EN,Federal Contract Tower,0,19,9,0,28,0,8,86,41,135,0,27,95,41,163,52,116,168,331
03/03/2022,SBY,MD,AEA,EN,Federal Contract Tower,0,15,9,10,34,0,14,64,17,95,0,29,73,27,129,36,20,56,185
03/04/2022,SBY,MD,AEA,EN,Federal Contract Tower,0,17,7,1,25,0,0,69,5,74,0,17,76,6,99,116,44,160,259
03/05/2022,SBY,MD,AEA,EN,Federal Contract Tower,0,14,13,0,27,0,0,86,28,114,0,14,99,28,141,130,172,302,443
03/06/2022,SBY,MD,AEA,EN,Federal Contract Tower,0,11,4,0,15,0,12,0,0,12,0,23,4,0,27,0,0,0,27
03/07/2022,SBY,MD,AEA,EN,Federal Contract Tower,0,10,3,0,13,0,6,5,0,11,0,16,8,0,24,0,0,0,24
03/08/2022,SBY,MD,AEA,EN,Federal Contract Tower,0,13,15,1,29,0,21,32,5,58,0,34,47,6,87,34,0,34,121
03/09/2022,SBY,MD,AEA,EN,Federal Contract Tower,0,20,3,0,23,0,0,0,0,0,0,20,3,0,23,0,0,0,23
03/10/2022,SBY,MD,AEA,EN,Federal Contract Tower,0,14,17,2,33,0,3,52,15,70,0,17,69,17,103,72,64,136,239
03/11/2022,SBY,MD,AEA,EN,Federal Contract Tower,0,14,11,0,25,0,1,69,7,77,0,15,80,7,102,66,22,88,190
03/12/2022,SBY,MD,AEA,EN,Federal Contract Tower,0,8,0,0,8,0,0,0,0,0,0,8,0,0,8,0,0,0,8
03/13/2022,SBY,MD,AEA,EN,Federal Contract Tower,0,14,10,0,24,0,4,38,6,48,0,18,48,6,72,8,8,16,88
03/14/2022,SBY,MD,AEA,EN,Federal Contract Tower,0,12,7,0,19,0,10,41,18,69,0,22,48,18,88,94,50,144,232
03/15/2022,SBY,MD,AEA,EN,Federal Contract Tower,0,15,2,0,17,0,10,60,30,100,0,25,62,30,117,68,154,222,339
03/16/2022,SBY,MD,AEA,EN,Federal Contract Tower,0,17,6,2,25,0,6,81,6,93,0,23,87,8,118,68,22,90,208
03/17/2022,SBY,MD,AEA,EN,Federal Contract Tower,0,18,6,0,24,0,0,0,0,0,0,18,6,0,24,0,0,0,24
03/18/2022,SBY,MD,AEA,EN,Federal Contract Tower,0,15,5,0,20,0,0,57,4,61,0,15,62,4,81,58,20,78,159
03/19/2022,SBY,MD,AEA,EN,Federal Contract Tower,0,11,7,0,18,0,0,0,0,0,0,11,7,0,18,16,0,16,34
03/20/2022,SBY,MD,AEA,EN,Federal Contract Tower,0,8,5,0,13,0,2,16,0,18,0,10,21,0,31,42,0,42,73
03/21/2022,SBY,MD,AEA,EN,Federal Contract Tower,0,16,9,0,25,0,4,68,23,95,0,20,77,23,120,110,180,290,410
03/22/2022,SBY,MD,AEA,EN,Federal Contract Tower,0,15,17,0,32,0,25,95,2,122,0,40,112,2,154,208,26,234,388
03/23/2022,SBY,MD,AEA,EN,Federal Contract Tower,0,15,3,0,18,0,20,20,4,44,0,35,23,4,62,0,0,0,62
03/24/2022,SBY,MD,AEA,EN,Federal Contract Tower,0,13,4,0,17,0,0,1,0,1,0,13,5,0,18,0,0,0,18
03/25/2022,SBY,MD,AEA,EN,Federal Contract Tower,0,18,18,0,36,0,6,58,4,68,0,24,76,4,104,72,36,108,212
03/26/2022,SBY,MD,AEA,EN,Federal Contract Tower,0,11,10,0,21,0,2,20,0,22,0,13,30,0,43,24,0,24,67
03/27/2022,SBY,MD,AEA,EN,Federal Contract Tower,0,11,3,0,14,0,8,15,0,23,0,19,18,0,37,14,0,14,51
03/28/2022,SBY,MD,AEA,EN,Federal Contract Tower,0,12,7,0,19,0,1,11,7,19,0,13,18,7,38,4,8,12,50
03/29/2022,SBY,MD,AEA,EN,Federal Contract Tower,0,19,13,0,32,0,0,26,8,34,0,19,39,8,66,20,16,36,102
03/30/2022,SBY,MD,AEA,EN,Federal Contract Tower,0,18,8,0,26,0,3,72,22,97,0,21,80,22,123,54,62,116,239
03/31/2022,SBY,MD,AEA,EN,Federal Contract Tower,0,19,7,6,32,0,0,0,0,0,0,19,7,6,32,0,0,0,32
04/01/2022,SBY,MD,AEA,EN,Federal Contract Tower,0,14,7,0,21,0,6,23,2,31,0,20,30,2,52,0,14,14,66
04/02/2022,SBY,MD,AEA,EN,Federal Contract Tower,0,12,9,0,21,0,2,78,3,83,0,14,87,3,104,98,10,108,212
04/03/2022,SBY,MD,AEA,EN,Federal Contract Tower,0,9,6,2,17,0,14,41,6,61,0,23,47,8,78,38,0,38,116
04/04/2022,SBY,MD,AEA,EN,Federal Contract Tower,0,12,21,0,33,0,46,73,18,137,0,58,94,18,170,68,66,134,304
04/05/2022,SBY,MD,AEA,EN,Federal Contract Tower,0,13,6,0,19,0,3,2,0,5,0,16,8,0,24,0,0,0,24
04/06/2022,SBY,MD,AEA,EN,Federal Contract Tower,0,14,13,0,27,0,0,0,0,0,0,14,13,0,27,0,0,0,27
04/07/2022,SBY,MD,AEA,EN,Federal Contract Tower,0,14,5,0,19,0,0,0,0,0,0,14,5,0,19,0,0,0,19
04/08/2022,SBY,MD,AEA,EN,Federal Contract Tower,0,11,16,0,27,0,0,62,16,78,0,11,78,16,105,70,58,128,233
04/09/2022,SBY,MD,AEA,EN,Federal Contract Tower,0,8,4,0,12,0,3,68,0,71,0,11,72,0,83,92,0,92,175
04/10/2022,SBY,MD,AEA,EN,Federal Contract Tower,0,8,3,0,11,0,4,20,0,24,0,12,23,0,35,14,0,14,49
04/11/2022,SBY,MD,AEA,EN,Federal Contract Tower,0,10,11,0,21,0,16,107,26,149,0,26,118,26,170,118,120,238,408
04/12/2022,SBY,MD,AEA,EN,Federal Contract Tower,0,10,6,2,18,0,20,89,28,137,0,30,95,30,155,68,122,190,345
04/13/2022,SBY,MD,AEA,EN,Federal Contract Tower,0,14,8,0,22,0,10,67,2,79,0,24,75,2,101,16,8,24,125
04/14/2022,SBY,MD,AEA,EN,Federal Contract Tower,0,16,10,2,28,0,0,23,11,34,0,16,33,13,62,0,36,36,98
04/15/2022,SBY,MD,AEA,EN,Federal Contract Tower,0,11,7,0,18,0,1,88,10,99,0,12,95,10,117,80,18,98,215
04/16/2022,SBY,MD,AEA,EN,Federal Contract Tower,0,9,7,0,16,0,0,20,0,20,0,9,27,0,36,0,0,0,36
04/17/2022,SBY,MD,AEA,EN,Federal Contract Tower,0,6,9,0,15,0,0,22,0,22,0,6,31,0,37,2,0,2,39
04/18/2022,SBY,MD,AEA,EN,Federal Contract Tower,0,10,1,0,11,0,6,10,7,23,0,16,11,7,34,28,12,40,74
04/19/2022,SBY,MD,AEA,EN,Federal Contract Tower,0,10,6,0,16,0,6,3,8,17,0,16,9,8,33,0,30,30,63
04/20/2022,SBY,MD,AEA,EN,Federal Contract Tower,0,15,12,0,27,0,15,89,4,108,0,30,101,4,135,104,6,110,245
04/21/2022,SBY,MD,AEA,EN,Federal Contract Tower,0,8,27,2,37,0,0,64,8,72,0,8,91,10,109,38,66,104,213
04/22/2022,SBY,MD,AEA,EN,Federal Contract Tower,0,13,10,0,23,0,12,89,4,105,0,25,99,4,128,60,18,78,206
04/23/2022,SBY,MD,AEA,EN,Federal Contract Tower,0,7,9,0,16,0,10,85,0,95,0,17,94,0,111,72,0,72,183
04/24/2022,SBY,MD,AEA,EN,Federal Contract Tower,0,7,12,0,19,0,12,69,4,85,0,19,81,4,104,74,0,74,178
04/25/2022,SBY,MD,AEA,EN,Federal Contract Tower,0,12,24,1,37,0,0,22,9,31,0,12,46,10,68,46,16,62,130
04/26/2022,SBY,MD,AEA,EN,Federal Contract Tower,0,10,8,0,18,0,26,37,14,77,0,36,45,14,95,26,2,28,123
04/27/2022,SBY,MD,AEA,EN,Federal Contract Tower,0,17,10,2,29,0,0,40,2,42,0,17,50,4,71,28,20,48,119
04/28/2022,SBY,MD,AEA,EN,Federal Contract Tower,0,12,2,2,16,0,5,38,6,49,0,17,40,8,65,14,14,28,93
04/29/2022,SBY,MD,AEA,EN,Federal Contract Tower,0,11,11,1,23,0,4,83,0,87,0,15,94,1,110,89,0,89,199
04/30/2022,SBY,MD,AEA,EN,Federal Contract Tower,0,6,7,3,16,0,11,96,2,109,0,17,103,5,125,94,0,94,219
05/01/2022,SBY,MD,AEA,EN,Federal Contract Tower,0,9,5,0,14,0,0,44,0,44,0,9,49,0,58,26,0,26,84
05/02/2022,SBY,MD,AEA,EN,Federal Contract Tower,0,11,26,7,44,0,6,53,8,67,0,17,79,15,111,34,18,52,163
05/03/2022,SBY,MD,AEA,EN,Federal Contract Tower,0,11,20,0,31,0,2,9,12,23,0,13,29,12,54,0,0,0,54
05/04/2022,SBY,MD,AEA,EN,Federal Contract Tower,0,21,28,2,51,0,17,32,6,55,0,38,60,8,106,68,0,68,174
05/05/2022,SBY,MD,AEA,EN,Federal Contract Tower,0,17,28,4,49,0,4,46,12,62,0,21,74,16,111,76,58,134,245
05/06/2022,SBY,MD,AEA,EN,Federal Contract Tower,0,14,13,0,27,0,0,20,0,20,0,14,33,0,47,50,0,50,97
05/07/2022,SBY,MD,AEA,EN,Federal Contract Tower,0,9,3,0,12,0,0,0,0,0,0,9,3,0,12,0,0,0,12
05/08/2022,SBY,MD,AEA,EN,Federal Contract Tower,0,8,6,0,14,0,0,0,0,0,0,8,6,0,14,0,0,0,14
05/09/2022,SBY,MD,AEA,EN,Federal Contract Tower,0,17,25,0,42,0,19,9,6,34,0,36,34,6,76,12,4,16,92
05/10/2022,SBY,MD,AEA,EN,Federal Contract Tower,0,17,16,0,33,0,4,0,8,12,0,21,16,8,45,0,0,0,45
05/11/2022,SBY,MD,AEA,EN,Federal Contract Tower,0,16,12,2,30,0,0,31,2,33,0,16,43,4,63,2,4,6,69
05/12/2022,SBY,MD,AEA,EN,Federal Contract Tower,0,15,9,0,24,0,0,0,0,0,0,15,9,0,24,0,0,0,24
05/13/2022,SBY,MD,AEA,EN,Federal Contract Tower,0,12,19,0,31,0,0,0,0,0,0,12,19,0,31,0,0,0,31
05/14/2022,SBY,MD,AEA,EN,Federal Contract Tower,0,17,1,0,18,0,14,0,0,14,0,31,1,0,32,0,0,0,32
05/15/2022,SBY,MD,AEA,EN,Federal Contract Tower,0,11,9,2,22,0,0,55,30,85,0,11,64,32,107,68,168,236,343
05/16/2022,SBY,MD,AEA,EN,Federal Contract Tower,0,11,10,6,27,0,10,37,22,69,0,21,47,28,96,92,56,148,244
05/17/2022,SBY,MD,AEA,EN,Federal Contract Tower,0,14,22,1,37,0,11,96,19,126,0,25,118,20,163,42,72,114,277
05/18/2022,SBY,MD,AEA,EN,Federal Contract Tower,0,16,16,0,32,0,13,128,4,145,0,29,144,4,177,64,22,86,263
05/19/2022,SBY,MD,AEA,EN,Federal Contract Tower,0,14,30,0,44,0,0,50,3,53,0,14,80,3,97,64,6,70,167
05/20/2022,SBY,MD,AEA,EN,Federal Contract Tower,0,17,10,4,31,0,2,56,3,61,0,19,66,7,92,62,12,74,166
05/21/2022,SBY,MD,AEA,EN,Federal Contract Tower,0,12,4,0,16,0,2,37,3,42,0,14,41,3,58,48,10,58,116
05/22/2022,SBY,MD,AEA,EN,Federal Contract Tower,0,7,1,0,8,0,4,28,8,40,0,11,29,8,48,0,22,22,70
05/23/2022,SBY,MD,AEA,EN,Federal Contract Tower,0,9,14,2,25,0,8,46,26,80,0,17,60,28,105,40,124,164,269
05/24/2022,SBY,MD,AEA,EN,Federal Contract Tower,0,14,5,1,20,0,1,0,1,2,0,15,5,2,22,0,0,0,22
05/25/2022,SBY,MD,AEA,EN,Federal Contract Tower,0,14,19,4,37,0,15,10,1,26,0,29,29,5,63,0,0,0,63
05/26/2022,SBY,MD,AEA,EN,Federal Contract Tower,0,17,17,5,39,0,4,2,2,8,0,21,19,7,47,0,12,12,59
05/27/2022,SBY,MD,AEA,EN,Federal Contract Tower,0,16,0,0,16,0,0,2,0,2,0,16,2,0,18,0,0,0,18
05/28/2022,SBY,MD,AEA,EN,Federal Contract Tower,0,12,6,0,18,0,0,44,6,50,0,12,50,6,68,38,16,54,122
05/29/2022,SBY,MD,AEA,EN,Federal Contract Tower,0,6,6,0,12,0,2,41,0,43,0,8,47,0,55,0,0,0,55
05/30/2022,SBY,MD,AEA,EN,Federal Contract Tower,0,11,13,3,27,0,7,28,0,35,0,18,41,3,62,40,0,40,102
05/31/2022,SBY,MD,AEA,EN,Federal Contract Tower,0,10,14,0,24,0,12,69,11,92,0,22,83,11,116,62,36,98,214
06/01/2022,SBY,MD,AEA,EN,Federal Contract Tower,0,15,22,0,37,0,26,81,4,111,0,41,103,4,148,80,0,80,228
06/02/2022,SBY,MD,AEA,EN,Federal Contract Tower,0,15,7,0,22,0,0,36,8,44,0,15,43,8,66,68,48,116,182
06/03/2022,SBY,MD,AEA,EN,Federal Contract Tower,0,17,14,0,31,0,1,33,0,34,0,18,47,0,65,72,0,72,137
06/04/2022,SBY,MD,AEA,EN,Federal Contract Tower,0,10,5,0,15,0,1,51,0,52,0,11,56,0,67,38,0,38,105
06/05/2022,SBY,MD,AEA,EN,Federal Contract Tower,0,11,5,0,16,0,16,38,3,57,0,27,43,3,73,22,8,30,103
06/06/2022,SBY,MD,AEA,EN,Federal Contract Tower,0,10,10,5,25,0,12,56,16,84,0,22,66,21,109,66,58,124,233
06/07/2022,SBY,MD,AEA,EN,Federal Contract Tower,0,16,9,0,25,0,1,50,8,59,0,17,59,8,84,38,32,70,154
06/08/2022,SBY,MD,AEA,EN,Federal Contract Tower,0,11,4,2,17,0,15,78,4,97,0,26,82,6,114,94,32,126,240
06/09/2022,SBY,MD,AEA,EN,Federal Contract Tower,0,15,12,0,27,0,11,40,16,67,0,26,52,16,94,8,26,34,128
06/10/2022,SBY,MD,AEA,EN,Federal Contract Tower,0,15,8,0,23,0,12,50,19,81,0,27,58,19,104,60,0,60,164
06/11/2022,SBY,MD,AEA,EN,Federal Contract Tower,0,13,9,0,22,0,12,41,0,53,0,25,50,0,75,58,0,58,133
06/12/2022,SBY,MD,AEA,EN,Federal Contract Tower,0,10,10,0,20,0,2,17,0,19,0,12,27,0,39,0,0,0,39
06/13/2022,SBY,MD,AEA,EN,Federal Contract Tower,0,13,1,1,15,0,4,45,16,65,0,17,46,17,80,62,54,116,196
06/14/2022,SBY,MD,AEA,EN,Federal Contract Tower,0,14,5,0,19,0,16,11,2,29,0,30,16,2,48,10,16,26,74
06/15/2022,SBY,MD,AEA,EN,Federal Contract Tower,0,15,13,0,28,0,20,68,2,90,0,35,81,2,118,80,22,102,220
06/16/2022,SBY,MD,AEA,EN,Federal Contract Tower,2,16,14,0,32,0,9,12,4,25,2,25,26,4,57,12,20,32,89
06/17/2022,SBY,MD,AEA,EN,Federal Contract Tower,0,13,8,0,21,0,0,23,0,23,0,13,31,0,44,28,0,28,72
06/18/2022,SBY,MD,AEA,EN,Federal Contract Tower,0,10,1,0,11,0,0,18,0,18,0,10,19,0,29,2,0,2,31
06/19/2022,SBY,MD,AEA,EN,Federal Contract Tower,0,6,4,0,10,0,2,21,0,23,0,8,25,0,33,14,0,14,47
06/20/2022,SBY,MD,AEA,EN,Federal Contract Tower,0,8,14,0,22,0,4,63,0,67,0,12,77,0,89,76,0,76,165
06/21/2022,SBY,MD,AEA,EN,Federal Contract Tower,0,10,8,0,18,0,42,96,50,188,0,52,104,50,206,92,140,232,438
06/22/2022,SBY,MD,AEA,EN,Federal Contract Tower,0,12,7,1,20,0,2,45,27,74,0,14,52,28,94,24,0,24,118
06/23/2022,SBY,MD,AEA,EN,Federal Contract Tower,0,19,17,0,36,0,0,11,0,11,0,19,28,0,47,34,0,34,81
06/24/2022,SBY,MD,AEA,EN,Federal Contract Tower,0,11,9,0,20,0,9,39,43,91,0,20,48,43,111,30,86,116,227
06/25/2022,SBY,MD,AEA,EN,Federal Contract Tower,0,8,15,0,23,0,11,43,34,88,0,19,58,34,111,43,108,151,262
06/26/2022,SBY,MD,AEA,EN,Federal Contract Tower,0,6,9,6,21,0,0,58,25,83,0,6,67,31,104,64,104,168,272
06/27/2022,SBY,MD,AEA,EN,Federal Contract Tower,0,18,4,0,22,0,26,50,0,76,0,44,54,0,98,92,140,232,330
06/28/2022,SBY,MD,AEA,EN,Federal Contract Tower,0,15,11,2,28,0,8,58,40,106,0,23,69,42,134,0,238,238,372
06/29/2022,SBY,MD,AEA,EN,Federal Contract Tower,0,20,8,0,28,0,2,65,2,69,0,22,73,2,97,14,0,14,111
06/30/2022,SBY,MD,AEA,EN,Federal Contract Tower,0,15,12,2,29,0,7,57,36,100,0,22,69,38,129,64,186,250,379
07/01/2022,SBY,MD,AEA,EN,Federal Contract Tower,0,22,8,0,30,0,20,43,54,117,0,42,51,54,147,28,292,320,467
07/02/2022,SBY,MD,AEA,EN,Federal Contract Tower,0,12,10,0,22,0,2,19,25,46,0,14,29,25,68,0,86,86,154
07/03/2022,SBY,MD,AEA,EN,Federal Contract Tower,0,6,4,0,10,0,18,12,20,50,0,24,16,20,60,0,2,2,62
07/04/2022,SBY,MD,AEA,EN,Federal Contract Tower,0,12,7,0,19,0,2,31,59,92,0,14,38,59,111,20,358,378,489
07/05/2022,SBY,MD,AEA,EN,Federal Contract Tower,0,7,6,1,14,0,0,32,67,99,0,7,38,68,113,28,304,332,445
07/06/2022,SBY,MD,AEA,EN,Federal Contract Tower,0,21,4,3,28,0,16,59,74,149,0,37,63,77,177,32,350,382,559
07/07/2022,SBY,MD,AEA,EN,Federal Contract Tower,0,15,14,4,33,0,6,0,10,16,0,21,14,14,49,0,50,50,99
07/08/2022,SBY,MD,AEA,EN,Federal Contract Tower,0,16,9,1,26,0,8,20,32,60,0,24,29,33,86,0,226,226,312
07/09/2022,SBY,MD,AEA,EN,Federal Contract Tower,0,22,5,0,27,0,0,8,0,8,0,22,13,0,35,20,0,20,55
07/10/2022,SBY,MD,AEA,EN,Federal Contract Tower,0,13,9,0,22,0,4,25,5,34,0,17,34,5,56,6,30,36,92
07/11/2022,SBY,MD,AEA,EN,Federal Contract Tower,0,11,7,2,20,0,3,68,79,150,0,14,75,81,170,94,386,480,650
07/12/2022,SBY,MD,AEA,EN,Federal Contract Tower,0,14,12,4,30,0,3,32,36,71,0,17,44,40,101,10,190,200,301
07/13/2022,SBY,MD,AEA,EN,Federal Contract Tower,0,14,8,0,22,0,10,32,88,130,0,24,40,88,152,8,304,312,464
07/14/2022,SBY,MD,AEA,EN,Federal Contract Tower,0,16,6,0,22,0,3,54,53,110,0,19,60,53,132,54,230,284,416
07/15/2022,SBY,MD,AEA,EN,Federal Contract Tower,0,11,6,2,19,0,6,37,35,78,0,17,43,37,97,44,188,232,329
07/16/2022,SBY,MD,AEA,EN,Federal Contract Tower,0,9,2,0,11,0,0,12,0,12,0,9,14,0,23,10,0,10,33
07/17/2022,SBY,MD,AEA,EN,Federal Contract Tower,0,10,1,0,11,0,1,25,0,26,0,11,26,0,37,40,0,40,77
07/18/2022,SBY,MD,AEA,EN,Federal Contract Tower,0,12,3,0,15,0,8,50,58,116,0,20,53,58,131,100,342,442,573
07/19/2022,SBY,MD,AEA,EN,Federal Contract Tower,0,16,16,0,32,0,2,81,48,131,0,18,97,48,163,62,146,208,371
07/20/2022,SBY,MD,AEA,EN,Federal Contract Tower,0,12,7,0,19,0,13,79,63,155,0,25,86,63,174,76,110,186,360
07/21/2022,SBY,MD,AEA,EN,Federal Contract Tower,0,18,4,4,26,0,0,27,23,50,0,18,31,27,76,30,58,88,164
07/22/2022,SBY,MD,AEA,EN,Federal Contract Tower,0,13,11,0,24,0,4,61,33,98,0,17,72,33,122,50,2,52,174
07/23/2022,SBY,MD,AEA,EN,Federal Contract Tower,0,10,8,0,18,0,4,75,40,119,0,14,83,40,137,42,124,166,303
07/24/2022,SBY,MD,AEA,EN,Federal Contract Tower,0,9,6,0,15,0,5,37,0,42,0,14,43,0,57,2,0,2,59
07/25/2022,SBY,MD,AEA,EN,Federal Contract Tower,0,13,4,0,17,0,10,18,37,65,0,23,22,37,82,6,82,88,170
07/26/2022,SBY,MD,AEA,EN,Federal Contract Tower,0,16,14,4,34,0,2,0,2,4,0,18,14,6,38,0,26,26,64
07/27/2022,SBY,MD,AEA,EN,Federal Contract Tower,0,16,5,1,22,0,10,7,56,73,0,26,12,57,95,0,226,226,321
07/28/2022,SBY,MD,AEA,EN,Federal Contract Tower,0,15,7,1,23,0,14,42,64,120,0,29,49,65,143,14,206,220,363
07/29/2022,SBY,MD,AEA,EN,Federal Contract Tower,0,9,12,0,21,0,0,26,46,72,0,9,38,46,93,22,90,112,205
07/30/2022,SBY,MD,AEA,EN,Federal Contract Tower,0,13,9,1,23,0,2,37,66,105,0,15,46,67,128,56,168,224,352
07/31/2022,SBY,MD,AEA,EN,Federal Contract Tower,0,7,9,0,16,0,0,24,66,90,0,7,33,66,106,36,122,158,264
08/01/2022,SBY,MD,AEA,EN,Federal Contract Tower,0,9,10,0,19,0,4,31,57,92,0,13,41,57,111,20,150,170,281
08/02/2022,SBY,MD,AEA,EN,Federal Contract Tower,0,17,8,6,31,0,9,53,58,120,0,26,61,64,151,88,182,270,421
08/03/2022,SBY,MD,AEA,EN,Federal Contract Tower,0,13,11,0,24,0,16,55,76,147,0,29,66,76,171,14,146,160,331
08/04/2022,SBY,MD,AEA,EN,Federal Contract Tower,0,11,15,2,28,0,10,47,71,128,0,21,62,73,156,20,178,198,354
08/05/2022,SBY,MD,AEA,EN,Federal Contract Tower,0,15,11,0,26,0,6,24,35,65,0,21,35,35,91,16,26,42,133
08/06/2022,SBY,MD,AEA,EN,Federal Contract Tower,0,11,11,0,22,0,0,21,32,53,0,11,32,32,75,12,96,108,183
08/07/2022,SBY,MD,AEA,EN,Federal Contract Tower,0,10,6,0,16,0,2,25,21,48,0,12,31,21,64,0,6,6,70
08/08/2022,SBY,MD,AEA,EN,Federal Contract Tower,0,14,22,6,42,0,4,61,50,115,0,18,83,56,157,72,270,342,499
08/09/2022,SBY,MD,AEA,EN,Federal Contract Tower,0,13,11,6,30,0,6,40,64,110,0,19,51,70,140,60,270,330,470
08/10/2022,SBY,MD,AEA,EN,Federal Contract Tower,0,14,14,0,28,0,6,28,29,63,0,20,42,29,91,2,70,72,163
08/11/2022,SBY,MD,AEA,EN,Federal Contract Tower,0,16,13,13,42,0,19,26,15,60,0,35,39,28,102,42,50,92,194
08/12/2022,SBY,MD,AEA,EN,Federal Contract Tower,0,18,14,0,32,0,10,39,17,66,0,28,53,17,98,10,78,88,186
08/13/2022,SBY,MD,AEA,EN,Federal Contract Tower,0,8,13,0,21,0,1,77,0,78,0,9,90,0,99,126,0,126,225
08/14/2022,SBY,MD,AEA,EN,Federal Contract Tower,0,15,6,0,21,0,0,43,0,43,0,15,49,0,64,2,0,2,66
08/15/2022,SBY,MD,AEA,EN,Federal Contract Tower,0,13,7,8,28,0,29,30,14,73,0,42,37,22,101,4,126,130,231
08/16/2022,SBY,MD,AEA,EN,Federal Contract Tower,0,11,8,7,26,0,2,22,21,45,0,13,30,28,71,24,28,52,123
08/17/2022,SBY,MD,AEA,EN,Federal Contract Tower,0,21,17,0,38,0,6,38,18,62,0,27,55,18,100,8,8,16,116
08/18/2022,SBY,MD,AEA,EN,Federal Contract Tower,0,16,4,5,25,0,8,41,14,63,0,24,45,19,88,2,82,84,172
08/19/2022,SBY,MD,AEA,EN,Federal Contract Tower,0,17,6,2,25,0,13,24,12,49,0,30,30,14,74,32,8,40,114
08/20/2022,SBY,MD,AEA,EN,Federal Contract Tower,0,9,4,0,13,0,12,22,0,34,0,21,26,0,47,0,0,0,47
08/21/2022,SBY,MD,AEA,EN,Federal Contract Tower,0,8,6,0,14,0,6,2,0,8,0,14,8,0,22,12,0,12,34
08/22/2022,SBY,MD,AEA,EN,Federal Contract Tower,0,9,4,4,17,0,18,1,4,23,0,27,5,8,40,0,22,22,62
08/23/2022,SBY,MD,AEA,EN,Federal Contract Tower,0,13,14,6,33,0,13,26,1,40,0,26,40,7,73,122,22,144,217
08/24/2022,SBY,MD,AEA,EN,Federal Contract Tower,0,19,8,5,32,0,0,53,18,71,0,19,61,23,103,40,142,182,285
08/25/2022,SBY,MD,AEA,EN,Federal Contract Tower,0,14,4,0,18,0,8,76,30,114,0,22,80,30,132,98,116,214,346
08/26/2022,SBY,MD,AEA,EN,Federal Contract Tower,0,16,16,0,32,0,2,35,11,48,0,18,51,11,80,20,30,50,130
08/27/2022,SBY,MD,AEA,EN,Federal Contract Tower,0,11,19,0,30,0,4,35,0,39,0,15,54,0,69,46,0,46,115
08/28/2022,SBY,MD,AEA,EN,Federal Contract Tower,0,9,12,0,21,0,0,22,4,26,0,9,34,4,47,4,0,4,51
08/29/2022,SBY,MD,AEA,EN,Federal Contract Tower,0,16,16,0,32,0,0,19,8,27,0,16,35,8,59,16,84,100,159
08/30/2022,SBY,MD,AEA,EN,Federal Contract Tower,0,18,25,0,43,0,2,20,10,32,0,20,45,10,75,22,10,32,107
08/31/2022,SBY,MD,AEA,EN,Federal Contract Tower,0,12,11,10,33,0,16,57,23,96,0,28,68,33,129,12,80,92,221
09/01/2022,SBY,MD,AEA,EN,Federal Contract Tower,0,18,12,0,30,0,10,70,22,102,0,28,82,22,132,76,96,172,304
09/02/2022,SBY,MD,AEA,EN,Federal Contract Tower,0,18,7,0,25,0,30,31,3,64,0,48,38,3,89,42,30,72,161
09/03/2022,SBY,MD,AEA,EN,Federal Contract Tower,0,10,4,0,14,0,2,26,0,28,0,12,30,0,42,0,0,0,42
09/04/2022,SBY,MD,AEA,EN,Federal Contract Tower,0,10,5,0,15,0,10,37,0,47,0,20,42,0,62,22,0,22,84
09/05/2022,SBY,MD,AEA,EN,Federal Contract Tower,0,18,13,0,31,0,0,31,5,36,0,18,44,5,67,30,14,44,111
09/06/2022,SBY,MD,AEA,EN,Federal Contract Tower,0,9,16,8,33,0,5,4,0,9,0,14,20,8,42,6,0,6,48
09/07/2022,SBY,MD,AEA,EN,Federal Contract Tower,0,17,7,0,24,0,0,2,0,2,0,17,9,0,26,0,0,0,26
09/08/2022,SBY,MD,AEA,EN,Federal Contract Tower,0,14,6,12,32,0,3,57,23,83,0,17,63,35,115,38,40,78,193
09/09/2022,SBY,MD,AEA,EN,Federal Contract Tower,0,16,9,4,29,0,0,45,21,66,0,16,54,25,95,10,42,52,147
09/10/2022,SBY,MD,AEA,EN,Federal Contract Tower,0,11,4,0,15,0,0,49,0,49,0,11,53,0,64,38,0,38,102
09/11/2022,SBY,MD,AEA,EN,Federal Contract Tower,0,12,5,0,17,0,0,0,0,0,0,12,5,0,17,0,0,0,17
09/12/2022,SBY,MD,AEA,EN,Federal Contract Tower,0,12,10,0,22,0,0,10,0,10,0,12,20,0,32,0,0,0,32
09/13/2022,SBY,MD,AEA,EN,Federal Contract Tower,0,16,11,8,35,0,4,29,22,55,0,20,40,30,90,28,64,92,182
09/14/2022,SBY,MD,AEA,EN,Federal Contract Tower,0,27,5,8,40,0,14,80,28,122,0,41,85,36,162,20,36,56,218
09/15/2022,SBY,MD,AEA,EN,Federal Contract Tower,0,16,5,8,29,0,21,75,18,114,0,37,80,26,143,36,54,90,233
09/16/2022,SBY,MD,AEA,EN,Federal Contract Tower,0,21,22,2,45,0,4,32,24,60,0,25,54,26,105,2,28,30,135
09/17/2022,SBY,MD,AEA,EN,Federal Contract Tower,0,10,9,0,19,0,15,46,13,74,0,25,55,13,93,42,2,44,137
09/18/2022,SBY,MD,AEA,EN,Federal Contract Tower,0,16,10,0,26,0,12,44,0,56,0,28,54,0,82,52,0,52,134
09/19/2022,SBY,MD,AEA,EN,Federal Contract Tower,0,14,13,0,27,0,9,35,11,55,0,23,48,11,82,12,2,14,96
09/20/2022,SBY,MD,AEA,EN,Federal Contract Tower,0,18,11,2,31,0,4,50,36,90,0,22,61,38,121,66,116,182,303
09/21/2022,SBY,MD,AEA,EN,Federal Contract Tower,0,21,9,6,36,0,11,74,12,97,0,32,83,18,133,102,16,118,251
09/22/2022,SBY,MD,AEA,EN,Federal Contract Tower,0,20,14,0,34,0,0,29,18,47,0,20,43,18,81,14,58,72,153
09/23/2022,SBY,MD,AEA,EN,Federal Contract Tower,0,19,9,0,28,0,10,6,0,16,0,29,15,0,44,4,0,4,48
09/24/2022,SBY,MD,AEA,EN,Federal Contract Tower,0,15,6,0,21,0,2,34,0,36,0,17,40,0,57,60,0,60,117
09/25/2022,SBY,MD,AEA,EN,Federal Contract Tower,0,9,4,0,13,0,0,14,0,14,0,9,18,0,27,6,0,6,33
09/26/2022,SBY,MD,AEA,EN,Federal Contract Tower,0,13,12,3,28,0,20,30,32,82,0,33,42,35,110,20,56,76,186
09/27/2022,SBY,MD,AEA,EN,Federal Contract Tower,0,17,6,2,25,0,4,40,44,88,0,21,46,46,113,60,108,168,281
09/28/2022,SBY,MD,AEA,EN,Federal Contract Tower,0,14,11,0,25,0,8,86,28,122,0,22,97,28,147,92,24,116,263
09/29/2022,SBY,MD,AEA,EN,Federal Contract Tower,0,19,3,0,22,0,6,35,36,77,0,25,38,36,99,46,156,202,301
09/30/2022,SBY,MD,AEA,EN,Federal Contract Tower,0,15,7,0,22,0,0,12,5,17,0,15,19,5,39,18,20,38,77
10/01/2022,SBY,MD,AEA,EN,Federal Contract Tower,0,8,2,0,10,0,0,0,0,0,0,8,2,0,10,0,0,0,10
10/02/2022,SBY,MD,AEA,EN,Federal Contract Tower,0,8,2,0,10,0,0,0,0,0,0,8,2,0,10,0,0,0,10
10/03/2022,SBY,MD,AEA,EN,Federal Contract Tower,0,17,3,0,20,0,0,0,0,0,0,17,3,0,20,0,0,0,20
10/04/2022,SBY,MD,AEA,EN,Federal Contract Tower,0,18,0,0,18,0,0,0,0,0,0,18,0,0,18,0,0,0,18
10/05/2022,SBY,MD,AEA,EN,Federal Contract Tower,0,15,13,4,32,0,0,2,0,2,0,15,15,4,34,0,0,0,34
10/06/2022,SBY,MD,AEA,EN,Federal Contract Tower,0,15,13,1,29,0,11,71,46,128,0,26,84,47,157,52,136,188,345
10/07/2022,SBY,MD,AEA,EN,Federal Contract Tower,0,10,11,0,21,0,12,64,24,100,0,22,75,24,121,96,124,220,341
10/08/2022,SBY,MD,AEA,EN,Federal Contract Tower,0,12,6,0,18,0,1,68,3,72,0,13,74,3,90,72,16,88,178
10/09/2022,SBY,MD,AEA,EN,Federal Contract Tower,0,10,15,0,25,0,44,49,0,93,0,54,64,0,118,12,0,12,130
10/10/2022,SBY,MD,AEA,EN,Federal Contract Tower,0,14,5,0,19,0,0,51,30,81,0,14,56,30,100,58,134,192,292
10/11/2022,SBY,MD,AEA,EN,Federal Contract Tower,0,18,14,0,32,0,28,75,68,171,0,46,89,68,203,62,320,382,585
10/12/2022,SBY,MD,AEA,EN,Federal Contract Tower,0,24,5,0,29,0,7,81,22,110,0,31,86,22,139,82,88,170,309
10/13/2022,SBY,MD,AEA,EN,Federal Contract Tower,0,15,6,0,21,0,0,21,24,45,0,15,27,24,66,30,108,138,204
10/14/2022,SBY,MD,AEA,EN,Federal Contract Tower,0,16,12,5,33,0,6,60,19,85,0,22,72,24,118,86,86,172,290
10/15/2022,SBY,MD,AEA,EN,Federal Contract Tower,0,14,10,1,25,0,4,42,3,49,0,18,52,4,74,50,8,58,132
10/16/2022,SBY,MD,AEA,EN,Federal Contract Tower,0,9,3,0,12,0,7,41,0,48,0,16,44,0,60,84,0,84,144
10/17/2022,SBY,MD,AEA,EN,Federal Contract Tower,0,12,12,6,30,0,4,2,9,15,0,16,14,15,45,0,6,6,51
10/19/2022,SBY,MD,AEA,EN,Federal Contract Tower,0,22,7,0,29,0,6,52,32,90,0,28,59,32,119,18,34,52,171
10/20/2022,SBY,MD,AEA,EN,Federal Contract Tower,0,14,8,1,23,0,9,42,40,91,0,23,50,41,114,68,136,204,318
10/21/2022,SBY,MD,AEA,EN,Federal Contract Tower,0,16,5,0,21,0,8,51,36,95,0,24,56,36,116,60,136,196,312
10/22/2022,SBY,MD,AEA,EN,Federal Contract Tower,0,10,7,0,17,0,6,55,18,79,0,16,62,18,96,194,22,216,312
10/23/2022,SBY,MD,AEA,EN,Federal Contract Tower,0,8,1,0,9,0,0,0,0,0,0,8,1,0,9,0,0,0,9
10/24/2022,SBY,MD,AEA,EN,Federal Contract Tower,0,13,9,10,32,0,0,0,0,0,0,13,9,10,32,0,0,0,32
10/25/2022,SBY,MD,AEA,EN,Federal Contract Tower,0,12,7,2,21,0,0,0,0,0,0,12,7,2,21,0,0,0,21
10/26/2022,SBY,MD,AEA,EN,Federal Contract Tower,0,15,6,0,21,0,2,9,0,11,0,17,15,0,32,16,0,16,48
10/27/2022,SBY,MD,AEA,EN,Federal Contract Tower,0,16,10,0,26,0,12,50,41,103,0,28,60,41,129,32,100,132,261
10/28/2022,SBY,MD,AEA,EN,Federal Contract Tower,0,19,12,2,33,0,8,51,16,75,0,27,63,18,108,100,28,128,236
10/29/2022,SBY,MD,AEA,EN,Federal Contract Tower,0,10,9,0,19,0,2,37,6,45,0,12,46,6,64,36,48,84,148
10/30/2022,SBY,MD,AEA,EN,Federal Contract Tower,0,11,12,0,23,0,0,39,2,41,0,11,51,2,64,34,16,50,114
10/31/2022,SBY,MD,AEA,EN,Federal Contract Tower,0,15,10,0,25,0,4,34,51,89,0,19,44,51,114,58,290,348,462
11/01/2022,SBY,MD,AEA,EN,Federal Contract Tower,0,16,19,11,46,0,13,36,22,71,0,29,55,33,117,60,40,100,217
11/02/2022,SBY,MD,AEA,EN,Federal Contract Tower,0,16,9,2,27,0,2,79,22,103,0,18,88,24,130,116,54,170,300
11/03/2022,SBY,MD,AEA,EN,Federal Contract Tower,0,18,6,4,28,0,29,47,20,96,0,47,53,24,124,26,42,68,192
11/04/2022,SBY,MD,AEA,EN,Federal Contract Tower,0,17,8,0,25,0,0,46,5,51,0,17,54,5,76,20,4,24,100
11/05/2022,SBY,MD,AEA,EN,Federal Contract Tower,0,8,16,0,24,0,0,62,12,74,0,8,78,12,98,28,0,28,126
11/06/2022,SBY,MD,AEA,EN,Federal Contract Tower,0,10,11,0,21,0,15,46,3,64,0,25,57,3,85,18,4,22,107
11/07/2022,SBY,MD,AEA,EN,Federal Contract Tower,0,16,9,2,27,0,13,17,22,52,0,29,26,24,79,0,52,52,131
11/08/2022,SBY,MD,AEA,EN,Federal Contract Tower,0,15,5,0,20,0,2,23,20,45,0,17,28,20,65,2,6,8,73
11/09/2022,SBY,MD,AEA,EN,Federal Contract Tower,0,14,6,0,20,0,13,51,26,90,0,27,57,26,110,36,80,116,226
11/10/2022,SBY,MD,AEA,EN,Federal Contract Tower,0,16,18,2,36,0,12,62,23,97,0,28,80,25,133,42,84,126,259
11/11/2022,SBY,MD,AEA,EN,Federal Contract Tower,0,13,2,0,15,0,0,1,0,1,0,13,3,0,16,0,0,0,16
11/12/2022,SBY,MD,AEA,EN,Federal Contract Tower,0,9,10,0,19,0,0,66,8,74,0,9,76,8,93,104,36,140,233
11/13/2022,SBY,MD,AEA,EN,Federal Contract Tower,0,7,11,0,18,0,2,16,0,18,0,9,27,0,36,24,0,24,60
11/14/2022,SBY,MD,AEA,EN,Federal Contract Tower,0,9,10,7,26,0,4,39,13,56,0,13,49,20,82,26,28,54,136
11/15/2022,SBY,MD,AEA,EN,Federal Contract Tower,0,13,5,1,19,0,0,32,25,57,0,13,37,26,76,52,50,102,178
11/16/2022,SBY,MD,AEA,EN,Federal Contract Tower,0,17,9,2,28,0,8,23,12,43,0,25,32,14,71,22,14,36,107
11/17/2022,SBY,MD,AEA,EN,Federal Contract Tower,0,15,2,0,17,0,4,30,14,48,0,19,32,14,65,20,40,60,125
11/18/2022,SBY,MD,AEA,EN,Federal Contract Tower,0,19,4,0,23,0,7,78,15,100,0,26,82,15,123,100,58,158,281
11/19/2022,SBY,MD,AEA,EN,Federal Contract Tower,0,8,18,2,28,0,0,55,2,57,0,8,73,4,85,64,0,64,149
11/20/2022,SBY,MD,AEA,EN,Federal Contract Tower,0,14,2,0,16,0,18,9,2,29,0,32,11,2,45,0,0,0,45
11/21/2022,SBY,MD,AEA,EN,Federal Contract Tower,0,14,4,2,20,0,4,48,29,81,0,18,52,31,101,44,30,74,175
11/22/2022,SBY,MD,AEA,EN,Federal Contract Tower,0,14,9,0,23,0,1,74,50,125,0,15,83,50,148,66,96,162,310
11/23/2022,SBY,MD,AEA,EN,Federal Contract Tower,0,14,8,1,23,0,4,33,0,37,0,18,41,1,60,52,0,52,112
11/24/2022,SBY,MD,AEA,EN,Federal Contract Tower,0,6,1,0,7,0,0,11,0,11,0,6,12,0,18,6,0,6,24
11/25/2022,SBY,MD,AEA,EN,Federal Contract Tower,0,18,7,0,25,0,18,2,0,20,0,36,9,0,45,0,0,0,45
11/26/2022,SBY,MD,AEA,EN,Federal Contract Tower,0,13,14,0,27,0,0,44,0,44,0,13,58,0,71,0,0,0,71
11/27/2022,SBY,MD,AEA,EN,Federal Contract Tower,0,9,3,0,12,0,0,0,0,0,0,9,3,0,12,0,0,0,12
11/28/2022,SBY,MD,AEA,EN,Federal Contract Tower,0,14,0,0,14,0,4,27,21,52,0,18,27,21,66,0,48,48,114
11/29/2022,SBY,MD,AEA,EN,Federal Contract Tower,0,16,7,1,24,0,0,70,45,115,0,16,77,46,139,36,66,102,241
11/30/2022,SBY,MD,AEA,EN,Federal Contract Tower,0,20,3,2,25,0,0,0,0,0,0,20,3,2,25,0,0,0,25
12/01/2022,SBY,MD,AEA,EN,Federal Contract Tower,0,12,7,5,24,0,8,37,12,57,0,20,44,17,81,46,72,118,199
12/02/2022,SBY,MD,AEA,EN,Federal Contract Tower,0,12,5,0,17,0,12,66,15,93,0,24,71,15,110,60,74,134,244
12/03/2022,SBY,MD,AEA,EN,Federal Contract Tower,0,9,0,0,9,0,2,0,0,2,0,11,0,0,11,0,0,0,11
12/04/2022,SBY,MD,AEA,EN,Federal Contract Tower,0,6,7,0,13,0,8,51,12,71,0,14,58,12,84,42,24,66,150
12/05/2022,SBY,MD,AEA,EN,Federal Contract Tower,0,13,5,0,18,0,6,47,31,84,0,19,52,31,102,60,94,154,256
12/06/2022,SBY,MD,AEA,EN,Federal Contract Tower,0,11,8,3,22,0,10,4,6,20,0,21,12,9,42,0,0,0,42
12/07/2022,SBY,MD,AEA,EN,Federal Contract Tower,0,15,4,0,19,0,0,0,0,0,0,15,4,0,19,0,0,0,19
12/08/2022,SBY,MD,AEA,EN,Federal Contract Tower,0,11,12,0,23,0,10,50,31,91,0,21,62,31,114,30,36,66,180
12/09/2022,SBY,MD,AEA,EN,Federal Contract Tower,0,14,6,0,20,0,10,63,29,102,0,24,69,29,122,44,58,102,224
12/10/2022,SBY,MD,AEA,EN,Federal Contract Tower,0,13,4,0,17,0,0,40,12,52,0,13,44,12,69,66,30,96,165
12/11/2022,SBY,MD,AEA,EN,Federal Contract Tower,0,5,5,0,10,0,0,14,9,23,0,5,19,9,33,0,0,0,33
12/12/2022,SBY,MD,AEA,EN,Federal Contract Tower,0,10,3,0,13,0,18,29,17,64,0,28,32,17,77,4,20,24,101
12/13/2022,SBY,MD,AEA,EN,Federal Contract Tower,0,12,13,0,25,0,2,50,40,92,0,14,63,40,117,32,74,106,223
12/14/2022,SBY,MD,AEA,EN,Federal Contract Tower,0,17,7,5,29,0,8,42,29,79,0,25,49,34,108,32,116,148,256
12/15/2022,SBY,MD,AEA,EN,Federal Contract Tower,0,15,1,0,16,0,0,0,0,0,0,15,1,0,16,0,0,0,16
12/16/2022,SBY,MD,AEA,EN,Federal Contract Tower,0,15,10,0,25,0,0,16,2,18,0,15,26,2,43,0,0,0,43
12/17/2022,SBY,MD,AEA,EN,Federal Contract Tower,0,11,12,0,23,0,6,32,1,39,0,17,44,1,62,6,0,6,68
12/18/2022,SBY,MD,AEA,EN,Federal Contract Tower,0,8,1,0,9,0,0,7,3,10,0,8,8,3,19,0,0,0,19
12/19/2022,SBY,MD,AEA,EN,Federal Contract Tower,0,15,14,0,29,0,28,19,9,56,0,43,33,9,85,22,26,48,133
12/20/2022,SBY,MD,AEA,EN,Federal Contract Tower,0,15,14,4,33,0,10,52,8,70,0,25,66,12,103,38,26,64,167
12/21/2022,SBY,MD,AEA,EN,Federal Contract Tower,0,21,16,2,39,0,24,75,5,104,0,45,91,7,143,62,30,92,235
12/22/2022,SBY,MD,AEA,EN,Federal Contract Tower,0,21,3,0,24,0,0,2,0,2,0,21,5,0,26,0,0,0,26
12/23/2022,SBY,MD,AEA,EN,Federal Contract Tower,0,15,1,0,16,0,0,0,0,0,0,15,1,0,16,0,0,0,16
12/24/2022,SBY,MD,AEA,EN,Federal Contract Tower,0,12,2,0,14,0,1,1,0,2,0,13,3,0,16,0,0,0,16
12/25/2022,SBY,MD,AEA,EN,Federal Contract Tower,0,5,0,0,5,0,1,0,0,1,0,6,0,0,6,0,0,0,6
12/26/2022,SBY,MD,AEA,EN,Federal Contract Tower,0,13,6,1,20,0,4,38,0,42,0,17,44,1,62,52,0,52,114
12/27/2022,SBY,MD,AEA,EN,Federal Contract Tower,0,16,8,0,24,0,30,46,4,80,0,46,54,4,104,8,4,12,116
12/28/2022,SBY,MD,AEA,EN,Federal Contract Tower,0,18,6,0,24,0,5,48,0,53,0,23,54,0,77,30,0,30,107
12/29/2022,SBY,MD,AEA,EN,Federal Contract Tower,0,18,11,0,29,0,13,64,2,79,0,31,75,2,108,42,24,66,174
12/30/2022,SBY,MD,AEA,EN,Federal Contract Tower,0,17,4,0,21,0,1,75,0,76,0,18,79,0,97,32,0,32,129
12/31/2022,SBY,MD,AEA,EN,Federal Contract Tower,0,11,0,0,11,0,0,0,0,0,0,11,0,0,11,0,0,0,11
01/01/2023,SBY,MD,AEA,EN,Federal Contract Tower,0,8,3,0,11,0,6,31,0,37,0,14,34,0,48,28,0,28,76
01/02/2023,SBY,MD,AEA,EN,Federal Contract Tower,0,9,4,0,13,0,0,59,0,59,0,9,63,0,72,102,0,102,174
01/03/2023,SBY,MD,AEA,EN,Federal Contract Tower,0,10,3,0,13,0,0,19,4,23,0,10,22,4,36,0,90,90,126
01/04/2023,SBY,MD,AEA,EN,Federal Contract Tower,0,18,4,4,26,0,5,3,8,16,0,23,7,12,42,18,10,28,70
01/05/2023,SBY,MD,AEA,EN,Federal Contract Tower,0,14,19,4,37,0,4,23,22,49,0,18,42,26,86,20,76,96,182
01/06/2023,SBY,MD,AEA,EN,Federal Contract Tower,0,14,12,0,26,0,4,11,4,19,0,18,23,4,45,0,22,22,67
01/07/2023,SBY,MD,AEA,EN,Federal Contract Tower,0,10,9,0,19,0,0,35,0,35,0,10,44,0,54,2,0,2,56
01/08/2023,SBY,MD,AEA,EN,Federal Contract Tower,0,9,8,0,17,0,8,39,0,47,0,17,47,0,64,20,0,20,84
01/09/2023,SBY,MD,AEA,EN,Federal Contract Tower,0,15,6,0,21,0,12,19,6,37,0,27,25,6,58,0,46,46,104
01/10/2023,SBY,MD,AEA,EN,Federal Contract Tower,0,12,3,2,17,0,7,51,24,82,0,19,54,26,99,34,138,172,271
01/11/2023,SBY,MD,AEA,EN,Federal Contract Tower,0,13,9,1,23,0,4,43,16,63,0,17,52,17,86,20,72,92,178
01/12/2023,SBY,MD,AEA,EN,Federal Contract Tower,0,18,5,7,30,0,4,8,0,12,0,22,13,7,42,20,28,48,90
01/13/2023,SBY,MD,AEA,EN,Federal Contract Tower,0,14,2,6,22,0,10,7,2,19,0,24,9,8,41,8,46,54,95
01/14/2023,SBY,MD,AEA,EN,Federal Contract Tower,0,11,3,0,14,0,10,9,0,19,0,21,12,0,33,14,0,14,47
01/15/2023,SBY,MD,AEA,EN,Federal Contract Tower,0,9,5,0,14,0,2,9,0,11,0,11,14,0,25,0,0,0,25
01/16/2023,SBY,MD,AEA,EN,Federal Contract Tower,0,12,2,0,14,0,28,39,8,75,0,40,41,8,89,14,14,28,117
01/17/2023,SBY,MD,AEA,EN,Federal Contract Tower,0,17,7,0,24,0,6,8,2,16,0,23,15,2,40,0,10,10,50
01/19/2023,SBY,MD,AEA,EN,Federal Contract Tower,0,14,3,3,20,0,5,7,4,16,0,19,10,7,36,6,0,6,42
01/20/2023,SBY,MD,AEA,EN,Federal Contract Tower,0,13,7,0,20,0,1,6,4,11,0,14,13,4,31,4,14,18,49
01/21/2023,SBY,MD,AEA,EN,Federal Contract Tower,0,10,7,0,17,0,4,32,0,36,0,14,39,0,53,26,0,26,79
01/22/2023,SBY,MD,AEA,EN,Federal Contract Tower,0,13,0,0,13,0,2,9,2,13,0,15,9,2,26,0,4,4,30
01/23/2023,SBY,MD,AEA,EN,Federal Contract Tower,0,12,2,2,16,0,3,2,12,17,0,15,4,14,33,0,28,28,61
01/24/2023,SBY,MD,AEA,EN,Federal Contract Tower,0,13,11,0,24,0,2,53,8,63,0,15,64,8,87,0,0,0,87
01/25/2023,SBY,MD,AEA,EN,Federal Contract Tower,0,19,0,6,25,0,0,1,0,1,0,19,1,6,26,0,0,0,26
01/26/2023,SBY,MD,AEA,EN,Federal Contract Tower,0,15,15,0,30,0,10,38,6,54,0,25,53,6,84,12,2,14,98
01/27/2023,SBY,MD,AEA,EN,Federal Contract Tower,0,13,22,0,35,0,5,69,16,90,0,18,91,16,125,74,36,110,235
01/28/2023,SBY,MD,AEA,EN,Federal Contract Tower,0,10,9,0,19,0,0,66,0,66,0,10,75,0,85,50,0,50,135
01/29/2023,SBY,MD,AEA,EN,Federal Contract Tower,0,12,4,0,16,0,4,19,5,28,0,16,23,5,44,4,4,8,52
01/30/2023,SBY,MD,AEA,EN,Federal Contract Tower,0,13,7,0,20,0,8,56,41,105,0,21,63,41,125,68,136,204,329
01/31/2023,SBY,MD,AEA,EN,Federal Contract Tower,0,16,1,2,19,0,12,0,0,12,0,28,1,2,31,0,0,0,31
02/01/2023,SBY,MD,AEA,EN,Federal Contract Tower,0,19,19,5,43,0,4,21,22,47,0,23,40,27,90,52,76,128,218
02/02/2023,SBY,MD,AEA,EN,Federal Contract Tower,0,15,4,0,19,0,2,76,38,116,0,17,80,38,135,46,42,88,223
02/03/2023,SBY,MD,AEA,EN,Federal Contract Tower,0,11,5,0,16,0,2,18,5,25,0,13,23,5,41,10,0,10,51
02/04/2023,SBY,MD,AEA,EN,Federal Contract Tower,0,7,5,0,12,0,0,50,0,50,0,7,55,0,62,4,0,4,66
02/05/2023,SBY,MD,AEA,EN,Federal Contract Tower,0,6,0,0,6,0,0,28,2,30,0,6,28,2,36,0,0,0,36
02/06/2023,SBY,MD,AEA,EN,Federal Contract Tower,0,13,3,6,22,0,20,25,27,72,0,33,28,33,94,28,88,116,210
02/07/2023,SBY,MD,AEA,EN,Federal Contract Tower,0,13,6,7,26,0,0,55,63,118,0,13,61,70,144,38,278,316,460
02/08/2023,SBY,MD,AEA,EN,Federal Contract Tower,0,14,5,4,23,0,12,101,52,165,0,26,106,56,188,112,118,230,418
02/09/2023,SBY,MD,AEA,EN,Federal Contract Tower,0,15,7,0,22,0,0,35,44,79,0,15,42,44,101,18,92,110,211
02/10/2023,SBY,MD,AEA,EN,Federal Contract Tower,0,10,8,0,18,0,5,55,28,88,0,15,63,28,106,102,94,196,302
02/11/2023,SBY,MD,AEA,EN,Federal Contract Tower,0,8,4,1,13,0,0,61,22,83,0,8,65,23,96,124,60,184,280
02/12/2023,SBY,MD,AEA,EN,Federal Contract Tower,0,7,3,0,10,0,6,1,0,7,0,13,4,0,17,0,0,0,17
02/13/2023,SBY,MD,AEA,EN,Federal Contract Tower,0,12,3,5,20,0,0,64,66,130,0,12,67,71,150,106,310,416,566
02/14/2023,SBY,MD,AEA,EN,Federal Contract Tower,0,11,2,0,13,0,0,77,40,117,0,11,79,40,130,84,210,294,424
02/15/2023,SBY,MD,AEA,EN,Federal Contract Tower,0,17,10,0,27,0,2,46,22,70,0,19,56,22,97,32,38,70,167
02/16/2023,SBY,MD,AEA,EN,Federal Contract Tower,0,15,12,0,27,0,14,55,16,85,0,29,67,16,112,58,30,88,200
02/17/2023,SBY,MD,AEA,EN,Federal Contract Tower,0,13,4,0,17,0,0,0,0,0,0,13,4,0,17,0,0,0,17
02/18/2023,SBY,MD,AEA,EN,Federal Contract Tower,0,11,3,0,14,0,9,38,6,53,0,20,41,6,67,20,6,26,93
02/19/2023,SBY,MD,AEA,EN,Federal Contract Tower,0,9,1,0,10,0,18,32,0,50,0,27,33,0,60,10,0,10,70
02/20/2023,SBY,MD,AEA,EN,Federal Contract Tower,0,9,7,0,16,0,6,56,35,97,0,15,63,35,113,60,134,194,307
02/21/2023,SBY,MD,AEA,EN,Federal Contract Tower,0,10,3,4,17,0,4,62,38,104,0,14,65,42,121,40,106,146,267
02/22/2023,SBY,MD,AEA,EN,Federal Contract Tower,0,13,5,0,18,0,6,37,29,72,0,19,42,29,90,64,42,106,196
02/23/2023,SBY,MD,AEA,EN,Federal Contract Tower,0,16,10,2,28,0,2,74,42,118,0,18,84,44,146,58,62,120,266
02/24/2023,SBY,MD,AEA,EN,Federal Contract Tower,0,11,4,2,17,0,3,21,14,38,0,14,25,16,55,22,64,86,141
02/25/2023,SBY,MD,AEA,EN,Federal Contract Tower,0,8,5,0,13,0,0,0,0,0,0,8,5,0,13,2,0,2,15
02/26/2023,SBY,MD,AEA,EN,Federal Contract Tower,0,11,14,2,27,0,8,41,31,80,0,19,55,33,107,86,30,116,223
02/27/2023,SBY,MD,AEA,EN,Federal Contract Tower,0,12,4,0,16,0,12,48,39,99,0,24,52,39,115,90,200,290,405
02/28/2023,SBY,MD,AEA,EN,Federal Contract Tower,0,11,12,1,24,0,4,6,20,30,0,15,18,21,54,0,62,62,116
03/01/2023,SBY,MD,AEA,EN,Federal Contract Tower,0,14,8,5,27,0,0,47,37,84,0,14,55,42,111,60,84,144,255
03/02/2023,SBY,MD,AEA,EN,Federal Contract Tower,0,16,5,5,26,0,4,25,28,57,0,20,30,33,83,26,62,88,171
03/03/2023,SBY,MD,AEA,EN,Federal Contract Tower,0,10,6,0,16,0,4,25,16,45,0,14,31,16,61,48,68,116,177
03/04/2023,SBY,MD,AEA,EN,Federal Contract Tower,0,7,1,0,8,0,6,2,2,10,0,13,3,2,18,16,0,16,34
03/05/2023,SBY,MD,AEA,EN,Federal Contract Tower,0,9,7,0,16,0,10,60,17,87,0,19,67,17,103,62,50,112,215
03/06/2023,SBY,MD,AEA,EN,Federal Contract Tower,0,12,6,0,18,0,24,67,24,115,0,36,73,24,133,82,22,104,237
03/07/2023,SBY,MD,AEA,EN,Federal Contract Tower,0,14,7,0,21,0,1,22,43,66,0,15,29,43,87,38,128,166,253
03/08/2023,SBY,MD,AEA,EN,Federal Contract Tower,0,14,6,7,27,0,4,31,15,50,0,18,37,22,77,8,116,124,201
03/09/2023,SBY,MD,AEA,EN,Federal Contract Tower,0,14,22,20,56,0,6,87,45,138,0,20,109,65,194,78,110,188,382
03/10/2023,SBY,MD,AEA,EN,Federal Contract Tower,0,12,1,3,16,0,4,28,16,48,0,16,29,19,64,6,92,98,162
03/11/2023,SBY,MD,AEA,EN,Federal Contract Tower,0,10,1,0,11,0,6,2,0,8,0,16,3,0,19,0,0,0,19
03/12/2023,SBY,MD,AEA,EN,Federal Contract Tower,0,10,9,0,19,0,0,24,5,29,0,10,33,5,48,10,6,16,64
03/13/2023,SBY,MD,AEA,EN,Federal Contract Tower,0,17,3,0,20,0,0,0,0,0,0,17,3,0,20,0,0,0,20
03/14/2023,SBY,MD,AEA,EN,Federal Contract Tower,0,12,2,1,15,0,0,2,19,21,0,12,4,20,36,0,24,24,60
03/16/2023,SBY,MD,AEA,EN,Federal Contract Tower,0,16,9,0,25,0,16,109,66,191,0,32,118,66,216,82,124,206,422
03/17/2023,SBY,MD,AEA,EN,Federal Contract Tower,0,13,8,0,21,0,9,11,0,20,0,22,19,0,41,8,46,54,95
03/18/2023,SBY,MD,AEA,EN,Federal Contract Tower,0,13,2,0,15,0,2,35,0,37,0,15,37,0,52,34,0,34,86
03/19/2023,SBY,MD,AEA,EN,Federal Contract Tower,0,11,1,0,12,0,2,37,1,40,0,13,38,1,52,0,2,2,54
03/20/2023,SBY,MD,AEA,EN,Federal Contract Tower,0,11,7,3,21,0,27,61,35,123,0,38,68,38,144,78,154,232,376
03/21/2023,SBY,MD,AEA,EN,Federal Contract Tower,0,13,6,0,19,0,6,84,47,137,0,19,90,47,156,62,186,248,404
03/22/2023,SBY,MD,AEA,EN,Federal Contract Tower,0,13,3,1,17,0,32,63,12,107,0,45,66,13,124,26,38,64,188
03/23/2023,SBY,MD,AEA,EN,Federal Contract Tower,0,13,4,0,17,0,0,49,14,63,0,13,53,14,80,80,30,110,190
03/24/2023,SBY,MD,AEA,EN,Federal Contract Tower,0,17,9,1,27,0,0,3,0,3,0,17,12,1,30,8,0,8,38
03/25/2023,SBY,MD,AEA,EN,Federal Contract Tower,0,9,3,0,12,0,8,1,0,9,0,17,4,0,21,4,0,4,25
03/26/2023,SBY,MD,AEA,EN,Federal Contract Tower,0,9,10,0,19,0,15,35,10,60,0,24,45,10,79,8,0,8,87
03/27/2023,SBY,MD,AEA,EN,Federal Contract Tower,0,13,17,0,30,0,14,8,15,37,0,27,25,15,67,10,12,22,89
03/28/2023,SBY,MD,AEA,EN,Federal Contract Tower,0,13,16,3,32,0,18,51,34,103,0,31,67,37,135,40,164,204,339
03/29/2023,SBY,MD,AEA,EN,Federal Contract Tower,0,14,2,0,16,0,3,57,42,102,0,17,59,42,118,56,10,66,184
03/30/2023,SBY,MD,AEA,EN,Federal Contract Tower,0,14,10,1,25,0,6,41,29,76,0,20,51,30,101,86,24,110,211
03/31/2023,SBY,MD,AEA,EN,Federal Contract Tower,0,15,14,0,29,0,9,29,4,42,0,24,43,4,71,4,0,4,75
04/01/2023,SBY,MD,AEA,EN,Federal Contract Tower,0,9,0,0,9,0,6,0,0,6,0,15,0,0,15,0,0,0,15
04/02/2023,SBY,MD,AEA,EN,Federal Contract Tower,0,8,9,1,18,0,6,38,8,52,0,14,47,9,70,24,30,54,124
04/03/2023,SBY,MD,AEA,EN,Federal Contract Tower,0,10,4,0,14,0,22,33,34,89,0,32,37,34,103,34,118,152,255
04/04/2023,SBY,MD,AEA,EN,Federal Contract Tower,0,14,4,4,22,0,6,34,26,66,0,20,38,30,88,58,100,158,246
04/05/2023,SBY,MD,AEA,EN,Federal Contract Tower,0,16,0,1,17,0,12,65,47,124,0,28,65,48,141,90,42,132,273
04/06/2023,SBY,MD,AEA,EN,Federal Contract Tower,0,17,4,0,21,0,4,27,22,53,0,21,31,22,74,22,2,24,98
04/07/2023,SBY,MD,AEA,EN,Federal Contract Tower,0,14,5,4,23,0,12,32,35,79,0,26,37,39,102,38,22,60,162
04/08/2023,SBY,MD,AEA,EN,Federal Contract Tower,0,8,7,0,15,0,4,35,0,39,0,12,42,0,54,0,0,0,54
04/09/2023,SBY,MD,AEA,EN,Federal Contract Tower,0,11,4,0,15,0,6,23,1,30,0,17,27,1,45,0,0,0,45
04/10/2023,SBY,MD,AEA,EN,Federal Contract Tower,0,11,10,1,22,0,2,43,10,55,0,13,53,11,77,20,0,20,97
04/12/2023,SBY,MD,AEA,EN,Federal Contract Tower,0,17,7,10,34,0,10,42,8,60,0,27,49,18,94,12,42,54,148
04/13/2023,SBY,MD,AEA,EN,Federal Contract Tower,0,14,13,8,35,0,18,75,21,114,0,32,88,29,149,62,112,174,323
04/14/2023,SBY,MD,AEA,EN,Federal Contract Tower,0,15,13,1,29,0,13,68,23,104,0,28,81,24,133,66,34,100,233
04/15/2023,SBY,MD,AEA,EN,Federal Contract Tower,0,7,5,0,12,0,0,3,0,3,0,7,8,0,15,0,0,0,15
04/16/2023,SBY,MD,AEA,EN,Federal Contract Tower,0,10,10,0,20,0,24,33,0,57,0,34,43,0,77,8,0,8,85
04/17/2023,SBY,MD,AEA,EN,Federal Contract Tower,0,12,12,2,26,0,4,45,22,71,0,16,57,24,97,26,74,100,197
04/18/2023,SBY,MD,AEA,EN,Federal Contract Tower,0,14,10,0,24,0,1,31,16,48,0,15,41,16,72,20,80,100,172
04/19/2023,SBY,MD,AEA,EN,Federal Contract Tower,0,22,7,10,39,0,0,77,19,96,0,22,84,29,135,24,2,26,161
04/20/2023,SBY,MD,AEA,EN,Federal Contract Tower,0,15,7,0,22,0,6,92,18,116,0,21,99,18,138,92,50,142,280
04/21/2023,SBY,MD,AEA,EN,Federal Contract Tower,0,14,7,1,22,0,9,59,16,84,0,23,66,17,106,24,0,24,130
04/22/2023,SBY,MD,AEA,EN,Federal Contract Tower,0,8,3,0,11,0,0,23,0,23,0,8,26,0,34,8,0,8,42
04/23/2023,SBY,MD,AEA,EN,Federal Contract Tower,0,11,5,0,16,0,15,42,0,57,0,26,47,0,73,34,0,34,107
04/24/2023,SBY,MD,AEA,EN,Federal Contract Tower,0,11,6,0,17,0,6,51,32,89,0,17,57,32,106,54,122,176,282
04/25/2023,SBY,MD,AEA,EN,Federal Contract Tower,0,14,9,1,24,0,16,50,35,101,0,30,59,36,125,50,122,172,297
04/26/2023,SBY,MD,AEA,EN,Federal Contract Tower,0,14,4,3,21,0,4,49,31,84,0,18,53,34,105,50,58,108,213
04/27/2023,SBY,MD,AEA,EN,Federal Contract Tower,0,17,9,1,27,0,6,71,14,91,0,23,80,15,118,74,72,146,264
04/28/2023,SBY,MD,AEA,EN,Federal Contract Tower,0,14,6,0,20,0,0,0,0,0,0,14,6,0,20,0,0,0,20
04/29/2023,SBY,MD,AEA,EN,Federal Contract Tower,0,12,2,1,15,0,2,8,1,11,0,14,10,2,26,0,0,0,26
04/30/2023,SBY,MD,AEA,EN,Federal Contract Tower,0,9,3,0,12,0,0,0,0,0,0,9,3,0,12,0,0,0,12
05/01/2023,SBY,MD,AEA,EN,Federal Contract Tower,0,13,10,0,23,0,12,14,13,39,0,25,24,13,62,18,10,28,90
05/02/2023,SBY,MD,AEA,EN,Federal Contract Tower,0,18,6,1,25,0,0,27,32,59,0,18,33,33,84,0,82,82,166
05/03/2023,SBY,MD,AEA,EN,Federal Contract Tower,0,14,18,5,37,0,0,30,36,66,0,14,48,41,103,82,24,106,209
05/04/2023,SBY,MD,AEA,EN,Federal Contract Tower,0,23,7,0,30,0,20,69,26,115,0,43,76,26,145,32,38,70,215
05/05/2023,SBY,MD,AEA,EN,Federal Contract Tower,0,13,11,1,25,0,14,63,26,103,0,27,74,27,128,50,0,50,178
05/06/2023,SBY,MD,AEA,EN,Federal Contract Tower,0,10,9,0,19,0,12,57,36,105,0,22,66,36,124,50,160,210,334
05/07/2023,SBY,MD,AEA,EN,Federal Contract Tower,0,9,5,0,14,0,5,36,16,57,0,14,41,16,71,36,94,130,201
05/08/2023,SBY,MD,AEA,EN,Federal Contract Tower,0,11,16,0,27,0,10,58,34,102,0,21,74,34,129,110,122,232,361
05/09/2023,SBY,MD,AEA,EN,Federal Contract Tower,0,18,6,3,27,0,0,38,37,75,0,18,44,40,102,68,106,174,276
05/10/2023,SBY,MD,AEA,EN,Federal Contract Tower,0,18,7,5,30,0,9,80,27,116,0,27,87,32,146,92,100,192,338
05/11/2023,SBY,MD,AEA,EN,Federal Contract Tower,0,15,10,5,30,0,1,74,25,100,0,16,84,30,130,56,32,88,218
05/12/2023,SBY,MD,AEA,EN,Federal Contract Tower,0,19,11,1,31,0,2,55,5,62,0,21,66,6,93,76,34,110,203
05/13/2023,SBY,MD,AEA,EN,Federal Contract Tower,0,16,5,0,21,0,3,5,0,8,0,19,10,0,29,6,0,6,35
05/14/2023,SBY,MD,AEA,EN,Federal Contract Tower,0,13,9,0,22,0,2,15,0,17,0,15,24,0,39,0,0,0,39
05/15/2023,SBY,MD,AEA,EN,Federal Contract Tower,0,11,3,3,17,0,16,46,28,90,0,27,49,31,107,66,74,140,247
05/16/2023,SBY,MD,AEA,EN,Federal Contract Tower,0,13,6,2,21,0,17,29,30,76,0,30,35,32,97,60,80,140,237
05/17/2023,SBY,MD,AEA,EN,Federal Contract Tower,0,20,7,2,29,0,22,75,8,105,0,42,82,10,134,56,36,92,226
05/18/2023,SBY,MD,AEA,EN,Federal Contract Tower,0,20,11,0,31,0,14,53,10,77,0,34,64,10,108,60,10,70,178
05/19/2023,SBY,MD,AEA,EN,Federal Contract Tower,0,14,7,1,22,0,0,39,3,42,0,14,46,4,64,42,6,48,112
05/20/2023,SBY,MD,AEA,EN,Federal Contract Tower,0,13,7,0,20,0,0,1,0,1,0,13,8,0,21,0,0,0,21
05/21/2023,SBY,MD,AEA,EN,Federal Contract Tower,0,11,5,0,16,0,4,53,0,57,0,15,58,0,73,56,0,56,129
05/22/2023,SBY,MD,AEA,EN,Federal Contract Tower,0,14,14,2,30,0,6,46,2,54,0,20,60,4,84,94,0,94,178
05/23/2023,SBY,MD,AEA,EN,Federal Contract Tower,0,20,3,0,23,0,2,38,0,40,0,22,41,0,63,50,64,114,177
05/24/2023,SBY,MD,AEA,EN,Federal Contract Tower,0,18,1,0,19,0,2,91,5,98,0,20,92,5,117,100,0,100,217
05/25/2023,SBY,MD,AEA,EN,Federal Contract Tower,0,20,2,2,24,0,8,51,2,61,0,28,53,4,85,136,20,156,241
05/26/2023,SBY,MD,AEA,EN,Federal Contract Tower,0,20,6,0,26,0,0,5,72,77,0,20,11,72,103,156,0,156,259
05/27/2023,SBY,MD,AEA,EN,Federal Contract Tower,0,14,2,0,16,0,10,34,1,45,0,24,36,1,61,46,12,58,119
05/28/2023,SBY,MD,AEA,EN,Federal Contract Tower,0,12,2,0,14,0,4,15,0,19,0,16,17,0,33,2,0,2,35
05/29/2023,SBY,MD,AEA,EN,Federal Contract Tower,0,11,22,0,33,0,5,0,0,5,0,16,22,0,38,0,0,0,38
05/30/2023,SBY,MD,AEA,EN,Federal Contract Tower,0,16,7,6,29,0,4,8,2,14,0,20,15,8,43,0,0,0,43
05/31/2023,SBY,MD,AEA,EN,Federal Contract Tower,0,16,5,2,23,0,7,9,0,16,0,23,14,2,39,6,0,6,45
06/01/2023,SBY,MD,AEA,EN,Federal Contract Tower,0,10,7,2,19,0,6,38,13,57,0,16,45,15,76,84,10,94,170
06/02/2023,SBY,MD,AEA,EN,Federal Contract Tower,0,6,6,0,12,0,10,54,3,67,0,16,60,3,79,68,16,84,163
06/03/2023,SBY,MD,AEA,EN,Federal Contract Tower,0,8,20,0,28,0,4,1,0,5,0,12,21,0,33,0,0,0,33
06/04/2023,SBY,MD,AEA,EN,Federal Contract Tower,0,11,7,0,18,0,3,46,12,61,0,14,53,12,79,34,54,88,167
06/05/2023,SBY,MD,AEA,EN,Federal Contract Tower,0,12,13,0,25,0,13,60,23,96,0,25,73,23,121,124,38,162,283
06/06/2023,SBY,MD,AEA,EN,Federal Contract Tower,0,8,7,5,20,0,13,42,27,82,0,21,49,32,102,40,46,86,188
06/07/2023,SBY,MD,AEA,EN,Federal Contract Tower,0,8,27,0,35,0,2,2,0,4,0,10,29,0,39,0,0,0,39
06/08/2023,SBY,MD,AEA,EN,Federal Contract Tower,0,10,25,8,43,0,0,2,0,2,0,10,27,8,45,2,0,2,47
06/09/2023,SBY,MD,AEA,EN,Federal Contract Tower,0,16,19,0,35,0,8,44,2,54,0,24,63,2,89,72,20,92,181
06/10/2023,SBY,MD,AEA,EN,Federal Contract Tower,0,11,21,0,32,0,6,53,12,71,0,17,74,12,103,60,14,74,177
06/11/2023,SBY,MD,AEA,EN,Federal Contract Tower,0,13,8,0,21,0,5,26,0,31,0,18,34,0,52,6,0,6,58
06/12/2023,SBY,MD,AEA,EN,Federal Contract Tower,0,10,12,3,25,0,8,5,0,13,0,18,17,3,38,0,0,0,38
06/13/2023,SBY,MD,AEA,EN,Federal Contract Tower,0,13,9,0,22,0,26,68,22,116,0,39,77,22,138,48,40,88,226
06/14/2023,SBY,MD,AEA,EN,Federal Contract Tower,0,10,2,0,12,0,9,60,29,98,0,19,62,29,110,62,62,124,234
06/15/2023,SBY,MD,AEA,EN,Federal Contract Tower,0,17,22,2,41,0,12,61,8,81,0,29,83,10,122,54,76,130,252
06/16/2023,SBY,MD,AEA,EN,Federal Contract Tower,0,16,12,0,28,0,2,2,6,10,0,18,14,6,38,30,0,30,68
06/17/2023,SBY,MD,AEA,EN,Federal Contract Tower,0,9,6,0,15,0,6,28,2,36,0,15,34,2,51,14,6,20,71
06/18/2023,SBY,MD,AEA,EN,Federal Contract Tower,0,9,4,0,13,0,13,36,0,49,0,22,40,0,62,32,0,32,94
06/19/2023,SBY,MD,AEA,EN,Federal Contract Tower,0,10,7,0,17,0,0,26,10,36,0,10,33,10,53,42,40,82,135
06/20/2023,SBY,MD,AEA,EN,Federal Contract Tower,0,6,16,2,24,0,21,37,13,71,0,27,53,15,95,72,62,134,229
06/21/2023,SBY,MD,AEA,EN,Federal Contract Tower,0,17,2,0,19,0,3,0,0,3,0,20,2,0,22,0,0,0,22
06/22/2023,SBY,MD,AEA,EN,Federal Contract Tower,0,11,9,8,28,0,0,0,0,0,0,11,9,8,28,0,0,0,28
06/23/2023,SBY,MD,AEA,EN,Federal Contract Tower,0,8,6,0,14,0,0,7,0,7,0,8,13,0,21,0,0,0,21
06/25/2023,SBY,MD,AEA,EN,Federal Contract Tower,0,15,14,0,29,0,2,55,0,57,0,17,69,0,86,88,0,88,174
06/26/2023,SBY,MD,AEA,EN,Federal Contract Tower,0,11,5,0,16,0,0,42,15,57,0,11,47,15,73,54,26,80,153
06/27/2023,SBY,MD,AEA,EN,Federal Contract Tower,0,6,10,0,16,0,5,36,7,48,0,11,46,7,64,106,28,134,198
06/28/2023,SBY,MD,AEA,EN,Federal Contract Tower,0,15,18,11,44,0,2,76,13,91,0,17,94,24,135,52,28,80,215
06/29/2023,SBY,MD,AEA,EN,Federal Contract Tower,0,12,17,3,32,0,0,29,1,30,0,12,46,4,62,64,14,78,140
06/30/2023,SBY,MD,AEA,EN,Federal Contract Tower,0,18,16,0,34,0,20,16,0,36,0,38,32,0,70,0,0,0,70
07/01/2023,SBY,MD,AEA,EN,Federal Contract Tower,0,14,3,0,17,0,0,11,0,11,0,14,14,0,28,10,0,10,38
07/02/2023,SBY,MD,AEA,EN,Federal Contract Tower,0,13,1,0,14,0,4,14,0,18,0,17,15,0,32,0,0,0,32
07/03/2023,SBY,MD,AEA,EN,Federal Contract Tower,0,10,2,0,12,0,6,16,0,22,0,16,18,0,34,16,0,16,50
07/04/2023,SBY,MD,AEA,EN,Federal Contract Tower,0,5,2,0,7,0,12,24,0,36,0,17,26,0,43,0,0,0,43
07/07/2023,SBY,MD,AEA,EN,Federal Contract Tower,0,17,3,0,20,0,1,10,0,11,0,18,13,0,31,12,0,12,43
07/08/2023,SBY,MD,AEA,EN,Federal Contract Tower,0,9,3,0,12,0,2,10,0,12,0,11,13,0,24,2,0,2,26
07/09/2023,SBY,MD,AEA,EN,Federal Contract Tower,0,10,3,0,13,0,6,2,0,8,0,16,5,0,21,0,0,0,21
07/10/2023,SBY,MD,AEA,EN,Federal Contract Tower,0,11,7,0,18,0,2,56,34,92,0,13,63,34,110,68,132,200,310
07/11/2023,SBY,MD,AEA,EN,Federal Contract Tower,0,10,9,0,19,0,5,79,13,97,0,15,88,13,116,86,6,92,208
07/12/2023,SBY,MD,AEA,EN,Federal Contract Tower,0,16,7,2,25,0,17,115,5,137,0,33,122,7,162,118,0,118,280
07/13/2023,SBY,MD,AEA,EN,Federal Contract Tower,0,10,7,2,19,0,16,71,10,97,0,26,78,12,116,28,0,28,144
07/14/2023,SBY,MD,AEA,EN,Federal Contract Tower,0,9,5,0,14,0,8,17,0,25,0,17,22,0,39,44,0,44,83
07/15/2023,SBY,MD,AEA,EN,Federal Contract Tower,0,11,2,0,13,0,6,25,0,31,0,17,27,0,44,16,0,16,60
07/16/2023,SBY,MD,AEA,EN,Federal Contract Tower,0,10,6,0,16,0,0,1,0,1,0,10,7,0,17,0,0,0,17
07/17/2023,SBY,MD,AEA,EN,Federal Contract Tower,0,11,21,2,34,0,10,62,18,90,0,21,83,20,124,86,32,118,242
07/19/2023,SBY,MD,AEA,EN,Federal Contract Tower,0,16,5,0,21,0,10,34,0,44,0,26,39,0,65,56,0,56,121
07/20/2023,SBY,MD,AEA,EN,Federal Contract Tower,0,11,15,0,26,0,3,44,14,61,0,14,59,14,87,30,16,46,133
07/21/2023,SBY,MD,AEA,EN,Federal Contract Tower,0,13,10,2,25,0,16,30,4,50,0,29,40,6,75,34,16,50,125
07/22/2023,SBY,MD,AEA,EN,Federal Contract Tower,0,7,5,0,12,0,4,74,0,78,0,11,79,0,90,64,0,64,154
07/23/2023,SBY,MD,AEA,EN,Federal Contract Tower,0,13,9,0,22,0,27,41,0,68,0,40,50,0,90,28,0,28,118
07/24/2023,SBY,MD,AEA,EN,Federal Contract Tower,0,10,2,0,12,0,0,31,19,50,0,10,33,19,62,52,68,120,182
07/25/2023,SBY,MD,AEA,EN,Federal Contract Tower,0,6,9,0,15,0,0,44,4,48,0,6,53,4,63,136,16,152,215
07/26/2023,SBY,MD,AEA,EN,Federal Contract Tower,0,14,17,1,32,0,3,78,5,86,0,17,95,6,118,32,0,32,150
07/27/2023,SBY,MD,AEA,EN,Federal Contract Tower,0,11,27,0,38,0,5,47,2,54,0,16,74,2,92,46,8,54,146
07/28/2023,SBY,MD,AEA,EN,Federal Contract Tower,0,12,4,0,16,0,20,72,7,99,0,32,76,7,115,52,12,64,179
07/29/2023,SBY,MD,AEA,EN,Federal Contract Tower,0,8,6,0,14,0,1,18,0,19,0,9,24,0,33,36,0,36,69
07/30/2023,SBY,MD,AEA,EN,Federal Contract Tower,0,11,7,0,18,0,0,21,0,21,0,11,28,0,39,16,0,16,55
07/31/2023,SBY,MD,AEA,EN,Federal Contract Tower,0,11,10,0,21,0,6,34,0,40,0,17,44,0,61,82,0,82,143
08/01/2023,SBY,MD,AEA,EN,Federal Contract Tower,0,8,6,0,14,0,7,51,6,64,0,15,57,6,78,110,30,140,218
08/02/2023,SBY,MD,AEA,EN,Federal Contract Tower,0,9,14,0,23,0,6,49,24,79,0,15,63,24,102,20,0,20,122
08/03/2023,SBY,MD,AEA,EN,Federal Contract Tower,0,10,10,2,22,0,4,31,2,37,0,14,41,4,59,26,12,38,97
08/04/2023,SBY,MD,AEA,EN,Federal Contract Tower,0,15,11,0,26,0,0,0,0,0,0,15,11,0,26,0,0,0,26
08/05/2023,SBY,MD,AEA,EN,Federal Contract Tower,0,13,10,0,23,0,6,31,0,37,0,19,41,0,60,0,0,0,60
08/06/2023,SBY,MD,AEA,EN,Federal Contract Tower,0,27,11,0,38,0,12,43,3,58,0,39,54,3,96,16,0,16,112
08/07/2023,SBY,MD,AEA,EN,Federal Contract Tower,0,11,10,1,22,0,8,10,15,33,0,19,20,16,55,0,128,128,183
08/08/2023,SBY,MD,AEA,EN,Federal Contract Tower,0,10,13,2,25,0,27,61,20,108,0,37,74,22,133,58,28,86,219
08/09/2023,SBY,MD,AEA,EN,Federal Contract Tower,0,17,10,4,31,0,8,131,6,145,0,25,141,10,176,140,20,160,336
08/10/2023,SBY,MD,AEA,EN,Federal Contract Tower,0,18,8,4,30,0,6,23,1,30,0,24,31,5,60,50,14,64,124
08/11/2023,SBY,MD,AEA,EN,Federal Contract Tower,0,20,9,0,29,0,12,49,16,77,0,32,58,16,106,68,60,128,234
08/12/2023,SBY,MD,AEA,EN,Federal Contract Tower,0,15,16,0,31,0,6,43,0,49,0,21,59,0,80,62,0,62,142
08/13/2023,SBY,MD,AEA,EN,Federal Contract Tower,0,9,6,1,16,0,14,39,0,53,0,23,45,1,69,48,0,48,117
08/14/2023,SBY,MD,AEA,EN,Federal Contract Tower,0,10,6,0,16,0,0,34,11,45,0,10,40,11,61,64,82,146,207
08/15/2023,SBY,MD,AEA,EN,Federal Contract Tower,0,13,4,0,17,0,2,41,16,59,0,15,45,16,76,70,66,136,212
08/16/2023,SBY,MD,AEA,EN,Federal Contract Tower,0,14,11,8,33,0,2,88,37,127,0,16,99,45,160,130,40,170,330
08/17/2023,SBY,MD,AEA,EN,Federal Contract Tower,0,11,16,0,27,0,10,63,14,87,0,21,79,14,114,32,62,94,208
08/18/2023,SBY,MD,AEA,EN,Federal Contract Tower,0,9,15,0,24,0,10,39,15,64,0,19,54,15,88,56,94,150,238
08/19/2023,SBY,MD,AEA,EN,Federal Contract Tower,0,8,12,0,20,0,9,66,0,75,0,17,78,0,95,74,0,74,169
08/20/2023,SBY,MD,AEA,EN,Federal Contract Tower,0,14,5,0,19,0,0,40,0,40,0,14,45,0,59,24,0,24,83
08/21/2023,SBY,MD,AEA,EN,Federal Contract Tower,0,13,4,6,23,0,2,68,10,80,0,15,72,16,103,84,82,166,269
08/22/2023,SBY,MD,AEA,EN,Federal Contract Tower,0,15,10,0,25,0,4,58,19,81,0,19,68,19,106,78,88,166,272
08/23/2023,SBY,MD,AEA,EN,Federal Contract Tower,0,11,2,0,13,0,6,85,2,93,0,17,87,2,106,110,20,130,236
08/24/2023,SBY,MD,AEA,EN,Federal Contract Tower,0,12,12,6,30,0,0,31,4,35,0,12,43,10,65,18,0,18,83
08/25/2023,SBY,MD,AEA,EN,Federal Contract Tower,0,18,9,0,27,0,9,31,6,46,0,27,40,6,73,44,16,60,133
08/26/2023,SBY,MD,AEA,EN,Federal Contract Tower,0,21,13,0,34,0,5,38,0,43,0,26,51,0,77,18,0,18,95
08/27/2023,SBY,MD,AEA,EN,Federal Contract Tower,0,14,10,0,24,0,12,53,0,65,0,26,63,0,89,38,0,38,127
08/28/2023,SBY,MD,AEA,EN,Federal Contract Tower,0,10,8,2,20,0,6,1,0,7,0,16,9,2,27,0,0,0,27
08/29/2023,SBY,MD,AEA,EN,Federal Contract Tower,0,9,12,2,23,0,0,2,0,2,0,9,14,2,25,0,0,0,25
08/30/2023,SBY,MD,AEA,EN,Federal Contract Tower,0,11,18,9,38,0,23,49,11,83,0,34,67,20,121,40,12,52,173
08/31/2023,SBY,MD,AEA,EN,Federal Contract Tower,0,7,9,1,17,0,14,63,10,87,0,21,72,11,104,46,6,52,156
