01/01/2020,SCK,CA,AWP,WE,Towers with Radar,4,4,5,0,13,0,2,17,0,19,4,6,22,0,32,54,0,54,86
01/02/2020,SCK,CA,AWP,WE,Towers with Radar,5,3,23,0,31,0,2,36,0,38,5,5,59,0,69,134,0,134,203
01/03/2020,SCK,CA,AWP,WE,Towers with Radar,11,3,25,0,39,0,1,25,0,26,11,4,50,0,65,88,0,88,153
01/04/2020,SCK,CA,AWP,WE,Towers with Radar,9,5,19,0,33,0,0,25,0,25,9,5,44,0,58,148,0,148,206
01/05/2020,SCK,CA,AWP,WE,Towers with Radar,10,2,33,2,47,0,4,36,0,40,10,6,69,2,87,94,0,94,181
01/06/2020,SCK,CA,AWP,WE,Towers with Radar,9,3,43,2,57,0,2,51,11,64,9,5,94,13,121,68,8,76,197
01/07/2020,SCK,CA,AWP,WE,Towers with Radar,7,4,31,3,45,0,0,2,0,2,7,4,33,3,47,0,0,0,47
01/08/2020,SCK,CA,AWP,WE,Towers with Radar,9,3,28,2,42,0,0,11,0,11,9,3,39,2,53,18,38,56,109
01/09/2020,SCK,CA,AWP,WE,Towers with Radar,8,4,26,2,40,0,0,9,3,12,8,4,35,5,52,84,10,94,146
01/10/2020,SCK,CA,AWP,WE,Towers with Radar,10,4,31,0,45,0,3,63,0,66,10,7,94,0,111,184,0,184,295
01/11/2020,SCK,CA,AWP,WE,Towers with Radar,6,3,14,0,23,0,9,55,0,64,6,12,69,0,87,68,0,68,155
01/12/2020,SCK,CA,AWP,WE,Towers with Radar,7,7,24,0,38,0,2,32,0,34,7,9,56,0,72,76,0,76,148
01/13/2020,SCK,CA,AWP,WE,Towers with Radar,10,6,24,3,43,0,2,56,13,71,10,8,80,16,114,158,21,179,293
01/14/2020,SCK,CA,AWP,WE,Towers with Radar,8,5,29,1,43,0,0,48,6,54,8,5,77,7,97,98,0,98,195
01/15/2020,SCK,CA,AWP,WE,Towers with Radar,8,9,26,0,43,0,1,41,6,48,8,10,67,6,91,90,4,94,185
01/16/2020,SCK,CA,AWP,WE,Towers with Radar,7,4,7,0,18,0,2,4,0,6,7,6,11,0,24,6,0,6,30
01/17/2020,SCK,CA,AWP,WE,Towers with Radar,10,4,31,0,45,0,1,28,0,29,10,5,59,0,74,62,0,62,136
01/18/2020,SCK,CA,AWP,WE,Towers with Radar,7,9,21,0,37,0,0,5,0,5,7,9,26,0,42,36,0,36,78
01/19/2020,SCK,CA,AWP,WE,Towers with Radar,8,6,18,0,32,0,4,0,0,4,8,10,18,0,36,14,0,14,50
01/20/2020,SCK,CA,AWP,WE,Towers with Radar,11,5,52,0,68,0,0,25,0,25,11,5,77,0,93,102,0,102,195
01/21/2020,SCK,CA,AWP,WE,Towers with Radar,7,6,41,6,60,0,2,40,0,42,7,8,81,6,102,78,0,78,180
01/22/2020,SCK,CA,AWP,WE,Towers with Radar,9,5,38,5,57,0,2,24,4,30,9,7,62,9,87,190,18,208,295
01/23/2020,SCK,CA,AWP,WE,Towers with Radar,8,4,36,2,50,0,2,25,9,36,8,6,61,11,86,148,4,152,238
01/24/2020,SCK,CA,AWP,WE,Towers with Radar,10,8,36,0,54,0,3,61,2,66,10,11,97,2,120,136,0,136,256
01/25/2020,SCK,CA,AWP,WE,Towers with Radar,7,6,51,2,66,0,0,2,0,2,7,6,53,2,68,0,0,0,68
01/26/2020,SCK,CA,AWP,WE,Towers with Radar,8,7,52,0,67,0,0,30,0,30,8,7,82,0,97,61,0,61,158
01/27/2020,SCK,CA,AWP,WE,Towers with Radar,11,7,39,1,58,0,0,92,8,100,11,7,131,9,158,128,10,138,296
01/28/2020,SCK,CA,AWP,WE,Towers with Radar,7,8,22,0,37,0,1,35,4,40,7,9,57,4,77,110,10,120,197
01/29/2020,SCK,CA,AWP,WE,Towers with Radar,9,6,39,9,63,0,0,52,8,60,9,6,91,17,123,150,32,182,305
01/30/2020,SCK,CA,AWP,WE,Towers with Radar,8,4,28,0,40,0,8,57,3,68,8,12,85,3,108,202,0,202,310
01/31/2020,SCK,CA,AWP,WE,Towers with Radar,9,7,35,1,52,0,6,69,0,75,9,13,104,1,127,158,0,158,285
02/01/2020,SCK,CA,AWP,WE,Towers with Radar,7,2,16,0,25,0,4,37,0,41,7,6,53,0,66,42,0,42,108
02/02/2020,SCK,CA,AWP,WE,Towers with Radar,8,5,13,0,26,0,3,10,0,13,8,8,23,0,39,26,0,26,65
02/03/2020,SCK,CA,AWP,WE,Towers with Radar,10,6,25,5,46,0,4,29,1,34,10,10,54,6,80,48,8,56,136
02/04/2020,SCK,CA,AWP,WE,Towers with Radar,7,4,53,1,65,0,1,80,1,82,7,5,133,2,147,108,8,116,263
02/05/2020,SCK,CA,AWP,WE,Towers with Radar,9,3,46,2,60,0,5,71,4,80,9,8,117,6,140,136,0,136,276
02/06/2020,SCK,CA,AWP,WE,Towers with Radar,8,3,39,1,51,0,6,61,2,69,8,9,100,3,120,166,0,166,286
02/07/2020,SCK,CA,AWP,WE,Towers with Radar,10,2,35,2,49,0,1,83,7,91,10,3,118,9,140,198,1,199,339
02/08/2020,SCK,CA,AWP,WE,Towers with Radar,7,2,28,0,37,0,1,50,0,51,7,3,78,0,88,124,0,124,212
02/09/2020,SCK,CA,AWP,WE,Towers with Radar,8,3,7,0,18,0,0,9,2,11,8,3,16,2,29,0,0,0,29
02/10/2020,SCK,CA,AWP,WE,Towers with Radar,10,5,39,4,58,0,2,71,4,77,10,7,110,8,135,210,28,238,373
02/11/2020,SCK,CA,AWP,WE,Towers with Radar,7,3,45,4,59,0,1,64,2,67,7,4,109,6,126,186,0,186,312
02/12/2020,SCK,CA,AWP,WE,Towers with Radar,7,3,29,1,40,0,0,82,3,85,7,3,111,4,125,228,12,240,365
02/13/2020,SCK,CA,AWP,WE,Towers with Radar,11,3,31,2,47,0,4,51,7,62,11,7,82,9,109,185,8,193,302
02/14/2020,SCK,CA,AWP,WE,Towers with Radar,7,4,31,2,44,0,6,45,0,51,7,10,76,2,95,248,0,248,343
02/15/2020,SCK,CA,AWP,WE,Towers with Radar,7,1,21,0,29,0,7,55,1,63,7,8,76,1,92,88,0,88,180
02/16/2020,SCK,CA,AWP,WE,Towers with Radar,8,3,12,0,23,0,0,31,0,31,8,3,43,0,54,72,0,72,126
02/17/2020,SCK,CA,AWP,WE,Towers with Radar,9,5,27,1,42,0,5,53,0,58,9,10,80,1,100,186,0,186,286
02/18/2020,SCK,CA,AWP,WE,Towers with Radar,7,5,36,1,49,0,2,86,7,95,7,7,122,8,144,232,10,242,386
02/19/2020,SCK,CA,AWP,WE,Towers with Radar,6,4,25,3,38,0,4,58,4,66,6,8,83,7,104,316,6,322,426
02/20/2020,SCK,CA,AWP,WE,Towers with Radar,11,7,21,2,41,0,6,54,3,63,11,13,75,5,104,226,0,226,330
02/21/2020,SCK,CA,AWP,WE,Towers with Radar,7,8,41,3,59,0,14,89,1,104,7,22,130,4,163,236,4,240,403
02/22/2020,SCK,CA,AWP,WE,Towers with Radar,7,2,25,1,35,0,4,61,1,66,7,6,86,2,101,140,0,140,241
02/23/2020,SCK,CA,AWP,WE,Towers with Radar,11,3,22,0,36,0,6,39,0,45,11,9,61,0,81,28,0,28,109
02/24/2020,SCK,CA,AWP,WE,Towers with Radar,8,2,41,0,51,0,4,74,1,79,8,6,115,1,130,268,0,268,398
02/25/2020,SCK,CA,AWP,WE,Towers with Radar,7,3,42,0,52,0,6,78,3,87,7,9,120,3,139,206,6,212,351
02/26/2020,SCK,CA,AWP,WE,Towers with Radar,9,3,33,2,47,0,8,53,5,66,9,11,86,7,113,307,0,307,420
02/27/2020,SCK,CA,AWP,WE,Towers with Radar,11,5,25,5,46,0,7,57,1,65,11,12,82,6,111,160,6,166,277
02/28/2020,SCK,CA,AWP,WE,Towers with Radar,8,4,19,0,31,0,3,66,0,69,8,7,85,0,100,212,0,212,312
02/29/2020,SCK,CA,AWP,WE,Towers with Radar,7,2,21,0,30,0,1,43,0,44,7,3,64,0,74,92,0,92,166
03/01/2020,SCK,CA,AWP,WE,Towers with Radar,12,4,28,0,44,0,6,24,0,30,12,10,52,0,74,32,0,32,106
03/02/2020,SCK,CA,AWP,WE,Towers with Radar,8,5,29,1,43,0,0,71,3,74,8,5,100,4,117,176,0,176,293
03/03/2020,SCK,CA,AWP,WE,Towers with Radar,7,5,42,8,62,0,10,85,4,99,7,15,127,12,161,244,60,304,465
03/04/2020,SCK,CA,AWP,WE,Towers with Radar,7,7,44,0,58,0,1,79,7,87,7,8,123,7,145,280,20,300,445
03/05/2020,SCK,CA,AWP,WE,Towers with Radar,13,12,35,0,60,0,3,77,5,85,13,15,112,5,145,268,0,268,413
03/06/2020,SCK,CA,AWP,WE,Towers with Radar,7,5,58,0,70,0,6,65,0,71,7,11,123,0,141,110,0,110,251
03/07/2020,SCK,CA,AWP,WE,Towers with Radar,9,0,33,0,42,0,3,14,0,17,9,3,47,0,59,106,0,106,165
03/08/2020,SCK,CA,AWP,WE,Towers with Radar,13,5,22,0,40,0,8,21,0,29,13,13,43,0,69,88,0,88,157
03/09/2020,SCK,CA,AWP,WE,Towers with Radar,7,7,29,1,44,0,4,84,0,88,7,11,113,1,132,290,0,290,422
03/10/2020,SCK,CA,AWP,WE,Towers with Radar,6,4,44,3,57,0,5,61,4,70,6,9,105,7,127,164,10,174,301
03/11/2020,SCK,CA,AWP,WE,Towers with Radar,5,4,40,0,49,0,4,84,5,93,5,8,124,5,142,134,2,136,278
03/12/2020,SCK,CA,AWP,WE,Towers with Radar,11,3,42,4,60,0,3,60,9,72,11,6,102,13,132,164,12,176,308
03/13/2020,SCK,CA,AWP,WE,Towers with Radar,5,4,35,1,45,0,3,86,11,100,5,7,121,12,145,140,14,154,299
03/14/2020,SCK,CA,AWP,WE,Towers with Radar,4,3,8,0,15,0,0,3,0,3,4,3,11,0,18,22,0,22,40
03/15/2020,SCK,CA,AWP,WE,Towers with Radar,12,7,21,0,40,0,0,7,0,7,12,7,28,0,47,0,0,0,47
03/16/2020,SCK,CA,AWP,WE,Towers with Radar,2,3,14,0,19,0,0,2,0,2,2,3,16,0,21,24,0,24,45
03/17/2020,SCK,CA,AWP,WE,Towers with Radar,4,3,32,9,48,0,4,24,1,29,4,7,56,10,77,127,0,127,204
03/18/2020,SCK,CA,AWP,WE,Towers with Radar,5,0,12,3,20,0,1,53,1,55,5,1,65,4,75,294,8,302,377
03/19/2020,SCK,CA,AWP,WE,Towers with Radar,5,0,15,4,24,0,2,59,9,70,5,2,74,13,94,176,16,192,286
03/20/2020,SCK,CA,AWP,WE,Towers with Radar,3,2,12,0,17,0,1,22,7,30,3,3,34,7,47,8,0,8,55
03/21/2020,SCK,CA,AWP,WE,Towers with Radar,3,1,10,0,14,0,1,21,0,22,3,2,31,0,36,2,0,2,38
03/22/2020,SCK,CA,AWP,WE,Towers with Radar,5,0,4,0,9,0,2,11,0,13,5,2,15,0,22,2,0,2,24
03/23/2020,SCK,CA,AWP,WE,Towers with Radar,4,1,5,0,10,0,2,5,0,7,4,3,10,0,17,10,0,10,27
03/24/2020,SCK,CA,AWP,WE,Towers with Radar,2,2,0,2,6,0,0,1,14,15,2,2,1,16,21,0,6,6,27
03/25/2020,SCK,CA,AWP,WE,Towers with Radar,2,2,11,1,16,0,3,6,1,10,2,5,17,2,26,0,0,0,26
03/26/2020,SCK,CA,AWP,WE,Towers with Radar,2,6,7,0,15,0,2,13,4,19,2,8,20,4,34,4,0,4,38
03/27/2020,SCK,CA,AWP,WE,Towers with Radar,3,0,9,0,12,0,0,29,3,32,3,0,38,3,44,2,0,2,46
03/28/2020,SCK,CA,AWP,WE,Towers with Radar,2,0,19,0,21,0,1,7,0,8,2,1,26,0,29,0,0,0,29
03/29/2020,SCK,CA,AWP,WE,Towers with Radar,2,0,3,0,5,0,0,1,0,1,2,0,4,0,6,0,0,0,6
03/30/2020,SCK,CA,AWP,WE,Towers with Radar,2,0,10,1,13,0,2,9,3,14,2,2,19,4,27,8,2,10,37
03/31/2020,SCK,CA,AWP,WE,Towers with Radar,2,8,5,1,16,0,5,15,1,21,2,13,20,2,37,12,2,14,51
04/01/2020,SCK,CA,AWP,WE,Towers with Radar,3,1,7,3,14,0,0,31,6,37,3,1,38,9,51,20,18,38,89
04/02/2020,SCK,CA,AWP,WE,Towers with Radar,5,1,6,0,12,0,1,20,3,24,5,2,26,3,36,0,0,0,36
04/03/2020,SCK,CA,AWP,WE,Towers with Radar,5,3,9,0,17,0,4,16,0,20,5,7,25,0,37,6,0,6,43
04/04/2020,SCK,CA,AWP,WE,Towers with Radar,3,2,0,8,13,0,2,2,0,4,3,4,2,8,17,0,0,0,17
04/05/2020,SCK,CA,AWP,WE,Towers with Radar,5,1,9,0,15,0,0,1,0,1,5,1,10,0,16,0,0,0,16
04/06/2020,SCK,CA,AWP,WE,Towers with Radar,2,0,1,4,7,0,0,8,2,10,2,0,9,6,17,0,4,4,21
04/07/2020,SCK,CA,AWP,WE,Towers with Radar,3,0,12,0,15,0,3,19,4,26,3,3,31,4,41,18,8,26,67
04/08/2020,SCK,CA,AWP,WE,Towers with Radar,2,4,18,2,26,0,2,33,14,49,2,6,51,16,75,4,2,6,81
04/09/2020,SCK,CA,AWP,WE,Towers with Radar,5,0,2,0,7,0,3,4,0,7,5,3,6,0,14,14,0,14,28
04/10/2020,SCK,CA,AWP,WE,Towers with Radar,3,0,8,1,12,0,5,20,1,26,3,5,28,2,38,0,0,0,38
04/11/2020,SCK,CA,AWP,WE,Towers with Radar,3,0,16,0,19,0,0,24,0,24,3,0,40,0,43,0,0,0,43
04/12/2020,SCK,CA,AWP,WE,Towers with Radar,2,2,6,0,10,0,0,12,0,12,2,2,18,0,22,16,0,16,38
04/13/2020,SCK,CA,AWP,WE,Towers with Radar,3,3,14,6,26,0,1,23,0,24,3,4,37,6,50,6,4,10,60
04/14/2020,SCK,CA,AWP,WE,Towers with Radar,3,1,7,4,15,0,0,20,1,21,3,1,27,5,36,4,0,4,40
04/15/2020,SCK,CA,AWP,WE,Towers with Radar,3,8,13,18,42,0,1,35,7,43,3,9,48,25,85,26,6,32,117
04/16/2020,SCK,CA,AWP,WE,Towers with Radar,3,0,6,0,9,0,0,20,4,24,3,0,26,4,33,8,0,8,41
04/17/2020,SCK,CA,AWP,WE,Towers with Radar,5,0,5,7,17,0,1,20,3,24,5,1,25,10,41,16,8,24,65
04/18/2020,SCK,CA,AWP,WE,Towers with Radar,3,2,23,0,28,0,6,7,0,13,3,8,30,0,41,10,0,10,51
04/19/2020,SCK,CA,AWP,WE,Towers with Radar,5,0,28,1,34,0,6,29,1,36,5,6,57,2,70,6,0,6,76
04/20/2020,SCK,CA,AWP,WE,Towers with Radar,2,0,10,2,14,0,1,20,7,28,2,1,30,9,42,2,8,10,52
04/21/2020,SCK,CA,AWP,WE,Towers with Radar,2,0,13,1,16,0,1,26,6,33,2,1,39,7,49,20,50,70,119
04/22/2020,SCK,CA,AWP,WE,Towers with Radar,2,0,23,2,27,0,0,47,11,58,2,0,70,13,85,5,32,37,122
04/23/2020,SCK,CA,AWP,WE,Towers with Radar,2,0,6,4,12,0,3,14,3,20,2,3,20,7,32,10,2,12,44
04/24/2020,SCK,CA,AWP,WE,Towers with Radar,2,2,16,1,21,0,1,33,7,41,2,3,49,8,62,22,14,36,98
04/25/2020,SCK,CA,AWP,WE,Towers with Radar,2,0,5,0,7,0,2,39,0,41,2,2,44,0,48,58,0,58,106
04/26/2020,SCK,CA,AWP,WE,Towers with Radar,3,2,19,0,24,0,0,44,0,44,3,2,63,0,68,2,0,2,70
04/27/2020,SCK,CA,AWP,WE,Towers with Radar,2,0,6,8,16,0,0,15,2,17,2,0,21,10,33,18,6,24,57
04/28/2020,SCK,CA,AWP,WE,Towers with Radar,2,6,11,4,23,0,2,38,10,50,2,8,49,14,73,22,0,22,95
04/29/2020,SCK,CA,AWP,WE,Towers with Radar,2,0,4,0,6,0,3,29,6,38,2,3,33,6,44,24,0,24,68
04/30/2020,SCK,CA,AWP,WE,Towers with Radar,5,0,23,0,28,0,0,31,2,33,5,0,54,2,61,8,0,8,69
05/01/2020,SCK,CA,AWP,WE,Towers with Radar,5,0,21,0,26,0,3,42,4,49,5,3,63,4,75,22,0,22,97
05/02/2020,SCK,CA,AWP,WE,Towers with Radar,3,2,4,0,9,0,10,12,9,31,3,12,16,9,40,18,28,46,86
05/03/2020,SCK,CA,AWP,WE,Towers with Radar,6,1,15,0,22,0,2,32,3,37,6,3,47,3,59,12,6,18,77
05/04/2020,SCK,CA,AWP,WE,Towers with Radar,2,1,5,0,8,0,0,22,2,24,2,1,27,2,32,30,0,30,62
05/05/2020,SCK,CA,AWP,WE,Towers with Radar,3,0,10,6,19,0,0,28,2,30,3,0,38,8,49,8,6,14,63
05/06/2020,SCK,CA,AWP,WE,Towers with Radar,3,0,18,8,29,0,0,25,5,30,3,0,43,13,59,2,10,12,71
05/07/2020,SCK,CA,AWP,WE,Towers with Radar,4,0,17,0,21,1,3,25,10,39,5,3,42,10,60,4,0,4,64
05/08/2020,SCK,CA,AWP,WE,Towers with Radar,5,0,8,0,13,0,0,41,3,44,5,0,49,3,57,8,0,8,65
05/09/2020,SCK,CA,AWP,WE,Towers with Radar,4,0,12,0,16,0,0,29,0,29,4,0,41,0,45,4,0,4,49
05/10/2020,SCK,CA,AWP,WE,Towers with Radar,4,0,22,0,26,0,0,20,0,20,4,0,42,0,46,0,0,0,46
05/11/2020,SCK,CA,AWP,WE,Towers with Radar,4,0,12,7,23,0,0,13,2,15,4,0,25,9,38,28,10,38,76
05/12/2020,SCK,CA,AWP,WE,Towers with Radar,2,0,14,2,18,0,1,14,4,19,2,1,28,6,37,0,8,8,45
05/13/2020,SCK,CA,AWP,WE,Towers with Radar,2,0,8,1,11,0,0,24,5,29,2,0,32,6,40,22,0,22,62
05/14/2020,SCK,CA,AWP,WE,Towers with Radar,4,2,12,4,22,0,0,37,11,48,4,2,49,15,70,36,4,40,110
05/15/2020,SCK,CA,AWP,WE,Towers with Radar,2,0,17,0,19,0,0,29,1,30,2,0,46,1,49,24,0,24,73
05/16/2020,SCK,CA,AWP,WE,Towers with Radar,2,0,19,0,21,1,1,36,0,38,3,1,55,0,59,8,0,8,67
05/17/2020,SCK,CA,AWP,WE,Towers with Radar,4,4,6,0,14,0,0,4,0,4,4,4,10,0,18,0,0,0,18
05/18/2020,SCK,CA,AWP,WE,Towers with Radar,2,0,9,0,11,0,0,1,2,3,2,0,10,2,14,0,0,0,14
05/19/2020,SCK,CA,AWP,WE,Towers with Radar,4,4,13,0,21,0,2,19,0,21,4,6,32,0,42,98,0,98,140
05/20/2020,SCK,CA,AWP,WE,Towers with Radar,3,2,14,0,19,0,0,40,1,41,3,2,54,1,60,62,0,62,122
05/21/2020,SCK,CA,AWP,WE,Towers with Radar,5,1,10,0,16,0,1,32,8,41,5,2,42,8,57,64,4,68,125
05/22/2020,SCK,CA,AWP,WE,Towers with Radar,6,1,23,0,30,0,1,48,5,54,6,2,71,5,84,46,0,46,130
05/23/2020,SCK,CA,AWP,WE,Towers with Radar,2,2,9,0,13,1,0,19,0,20,3,2,28,0,33,38,0,38,71
05/24/2020,SCK,CA,AWP,WE,Towers with Radar,4,0,12,0,16,0,1,40,0,41,4,1,52,0,57,20,0,20,77
05/25/2020,SCK,CA,AWP,WE,Towers with Radar,5,0,18,0,23,0,0,23,0,23,5,0,41,0,46,32,0,32,78
05/26/2020,SCK,CA,AWP,WE,Towers with Radar,2,2,15,0,19,0,0,16,3,19,2,2,31,3,38,6,0,6,44
05/27/2020,SCK,CA,AWP,WE,Towers with Radar,2,0,17,3,22,0,0,29,3,32,2,0,46,6,54,102,2,104,158
05/28/2020,SCK,CA,AWP,WE,Towers with Radar,4,2,18,1,25,0,0,59,4,63,4,2,77,5,88,86,26,112,200
05/29/2020,SCK,CA,AWP,WE,Towers with Radar,5,0,19,0,24,0,2,41,5,48,5,2,60,5,72,84,0,84,156
05/30/2020,SCK,CA,AWP,WE,Towers with Radar,3,2,3,0,8,0,0,16,3,19,3,2,19,3,27,56,4,60,87
05/31/2020,SCK,CA,AWP,WE,Towers with Radar,5,4,24,1,34,0,0,27,4,31,5,4,51,5,65,90,0,90,155
06/01/2020,SCK,CA,AWP,WE,Towers with Radar,7,0,25,0,32,0,2,48,7,57,7,2,73,7,89,126,2,128,217
06/02/2020,SCK,CA,AWP,WE,Towers with Radar,2,2,29,0,33,0,0,51,5,56,2,2,80,5,89,102,0,102,191
06/03/2020,SCK,CA,AWP,WE,Towers with Radar,4,2,20,2,28,1,4,35,3,43,5,6,55,5,71,96,6,102,173
06/04/2020,SCK,CA,AWP,WE,Towers with Radar,3,4,17,7,31,0,3,35,6,44,3,7,52,13,75,148,42,190,265
06/05/2020,SCK,CA,AWP,WE,Towers with Radar,7,1,24,0,32,0,0,36,2,38,7,1,60,2,70,43,0,43,113
06/06/2020,SCK,CA,AWP,WE,Towers with Radar,5,0,11,0,16,0,2,24,4,30,5,2,35,4,46,36,0,36,82
06/07/2020,SCK,CA,AWP,WE,Towers with Radar,4,4,23,3,34,0,1,30,1,32,4,5,53,4,66,30,0,30,96
06/08/2020,SCK,CA,AWP,WE,Towers with Radar,7,2,33,1,43,0,2,27,9,38,7,4,60,10,81,62,4,66,147
06/09/2020,SCK,CA,AWP,WE,Towers with Radar,3,2,17,0,22,0,0,47,2,49,3,2,64,2,71,138,0,138,209
06/10/2020,SCK,CA,AWP,WE,Towers with Radar,4,2,39,1,46,0,0,35,1,36,4,2,74,2,82,108,0,108,190
06/11/2020,SCK,CA,AWP,WE,Towers with Radar,4,2,33,3,42,0,0,47,20,67,4,2,80,23,109,92,8,100,209
06/12/2020,SCK,CA,AWP,WE,Towers with Radar,7,1,29,0,37,0,1,41,2,44,7,2,70,2,81,86,0,86,167
06/13/2020,SCK,CA,AWP,WE,Towers with Radar,5,0,18,0,23,0,1,37,0,38,5,1,55,0,61,48,0,48,109
06/14/2020,SCK,CA,AWP,WE,Towers with Radar,5,1,16,0,22,0,1,40,0,41,5,2,56,0,63,10,0,10,73
06/15/2020,SCK,CA,AWP,WE,Towers with Radar,7,0,28,1,36,0,0,34,0,34,7,0,62,1,70,44,0,44,114
06/16/2020,SCK,CA,AWP,WE,Towers with Radar,4,2,19,6,31,0,1,47,2,50,4,3,66,8,81,98,2,100,181
06/17/2020,SCK,CA,AWP,WE,Towers with Radar,4,0,16,10,30,1,0,40,11,52,5,0,56,21,82,4,10,14,96
06/18/2020,SCK,CA,AWP,WE,Towers with Radar,4,3,34,0,41,0,0,73,1,74,4,3,107,1,115,80,0,80,195
06/19/2020,SCK,CA,AWP,WE,Towers with Radar,7,5,26,0,38,0,1,55,3,59,7,6,81,3,97,94,0,94,191
06/20/2020,SCK,CA,AWP,WE,Towers with Radar,5,3,21,0,29,0,0,39,0,39,5,3,60,0,68,96,0,96,164
06/21/2020,SCK,CA,AWP,WE,Towers with Radar,5,2,13,0,20,0,0,25,0,25,5,2,38,0,45,14,0,14,59
06/22/2020,SCK,CA,AWP,WE,Towers with Radar,6,4,23,1,34,0,1,32,1,34,6,5,55,2,68,124,0,124,192
06/23/2020,SCK,CA,AWP,WE,Towers with Radar,3,6,20,0,29,0,0,48,0,48,3,6,68,0,77,94,0,94,171
06/24/2020,SCK,CA,AWP,WE,Towers with Radar,5,0,21,1,27,0,0,48,2,50,5,0,69,3,77,44,0,44,121
06/25/2020,SCK,CA,AWP,WE,Towers with Radar,3,4,23,1,31,0,0,57,3,60,3,4,80,4,91,130,0,130,221
06/26/2020,SCK,CA,AWP,WE,Towers with Radar,7,8,19,1,35,0,2,57,4,63,7,10,76,5,98,178,4,182,280
06/27/2020,SCK,CA,AWP,WE,Towers with Radar,5,0,24,0,29,0,0,44,0,44,5,0,68,0,73,74,0,74,147
06/28/2020,SCK,CA,AWP,WE,Towers with Radar,5,0,14,0,19,0,0,29,0,29,5,0,43,0,48,8,0,8,56
06/29/2020,SCK,CA,AWP,WE,Towers with Radar,10,0,31,4,45,0,0,43,1,44,10,0,74,5,89,48,0,48,137
06/30/2020,SCK,CA,AWP,WE,Towers with Radar,5,0,18,2,25,0,2,46,0,48,5,2,64,2,73,64,0,64,137
07/01/2020,SCK,CA,AWP,WE,Towers with Radar,4,5,19,10,38,0,0,42,6,48,4,5,61,16,86,42,14,56,142
07/02/2020,SCK,CA,AWP,WE,Towers with Radar,5,1,22,5,33,0,0,54,4,58,5,1,76,9,91,86,22,108,199
07/03/2020,SCK,CA,AWP,WE,Towers with Radar,5,0,25,0,30,0,0,42,0,42,5,0,67,0,72,60,0,60,132
07/04/2020,SCK,CA,AWP,WE,Towers with Radar,1,0,10,0,11,0,0,38,0,38,1,0,48,0,49,80,0,80,129
07/05/2020,SCK,CA,AWP,WE,Towers with Radar,4,0,8,0,12,0,0,30,0,30,4,0,38,0,42,28,0,28,70
07/06/2020,SCK,CA,AWP,WE,Towers with Radar,7,2,35,5,49,0,2,53,0,55,7,4,88,5,104,100,0,100,204
07/07/2020,SCK,CA,AWP,WE,Towers with Radar,3,4,23,5,35,0,0,41,3,44,3,4,64,8,79,138,8,146,225
07/08/2020,SCK,CA,AWP,WE,Towers with Radar,4,1,14,3,22,0,0,40,2,42,4,1,54,5,64,146,2,148,212
07/09/2020,SCK,CA,AWP,WE,Towers with Radar,5,1,14,12,32,0,2,50,7,59,5,3,64,19,91,46,0,46,137
07/10/2020,SCK,CA,AWP,WE,Towers with Radar,7,0,20,2,29,0,0,54,5,59,7,0,74,7,88,30,0,30,118
07/11/2020,SCK,CA,AWP,WE,Towers with Radar,5,0,12,0,17,0,1,41,2,44,5,1,53,2,61,66,0,66,127
07/12/2020,SCK,CA,AWP,WE,Towers with Radar,7,0,10,0,17,0,0,17,1,18,7,0,27,1,35,0,0,0,35
07/13/2020,SCK,CA,AWP,WE,Towers with Radar,7,2,11,9,29,0,0,41,3,44,7,2,52,12,73,100,12,112,185
07/14/2020,SCK,CA,AWP,WE,Towers with Radar,3,2,19,2,26,0,0,40,0,40,3,2,59,2,66,104,0,104,170
07/15/2020,SCK,CA,AWP,WE,Towers with Radar,5,3,26,5,39,0,2,55,2,59,5,5,81,7,98,136,14,150,248
07/16/2020,SCK,CA,AWP,WE,Towers with Radar,5,2,19,0,26,0,3,45,2,50,5,5,64,2,76,104,0,104,180
07/17/2020,SCK,CA,AWP,WE,Towers with Radar,7,0,29,0,36,0,2,56,1,59,7,2,85,1,95,152,0,152,247
07/18/2020,SCK,CA,AWP,WE,Towers with Radar,5,0,32,0,37,0,0,61,1,62,5,0,93,1,99,36,2,38,137
07/19/2020,SCK,CA,AWP,WE,Towers with Radar,5,0,14,0,19,0,1,37,0,38,5,1,51,0,57,50,0,50,107
07/20/2020,SCK,CA,AWP,WE,Towers with Radar,7,4,21,0,32,0,1,39,0,40,7,5,60,0,72,112,0,112,184
07/21/2020,SCK,CA,AWP,WE,Towers with Radar,3,0,19,1,23,0,0,35,4,39,3,0,54,5,62,82,0,82,144
07/22/2020,SCK,CA,AWP,WE,Towers with Radar,5,2,7,3,17,0,1,56,4,61,5,3,63,7,78,76,6,82,160
07/23/2020,SCK,CA,AWP,WE,Towers with Radar,6,2,11,5,24,0,0,58,3,61,6,2,69,8,85,188,2,190,275
07/24/2020,SCK,CA,AWP,WE,Towers with Radar,7,2,13,0,22,0,2,48,2,52,7,4,61,2,74,104,0,104,178
07/25/2020,SCK,CA,AWP,WE,Towers with Radar,5,1,9,0,15,0,0,44,0,44,5,1,53,0,59,116,0,116,175
07/26/2020,SCK,CA,AWP,WE,Towers with Radar,8,0,9,0,17,0,0,34,1,35,8,0,43,1,52,72,0,72,124
07/27/2020,SCK,CA,AWP,WE,Towers with Radar,7,0,5,10,22,0,0,56,5,61,7,0,61,15,83,78,8,86,169
07/28/2020,SCK,CA,AWP,WE,Towers with Radar,3,0,23,4,30,1,3,32,5,41,4,3,55,9,71,46,12,58,129
07/29/2020,SCK,CA,AWP,WE,Towers with Radar,5,1,22,0,28,0,1,36,3,40,5,2,58,3,68,18,0,18,86
07/30/2020,SCK,CA,AWP,WE,Towers with Radar,4,0,38,2,44,0,0,73,4,77,4,0,111,6,121,70,0,70,191
07/31/2020,SCK,CA,AWP,WE,Towers with Radar,6,0,21,1,28,0,0,41,9,50,6,0,62,10,78,24,6,30,108
08/01/2020,SCK,CA,AWP,WE,Towers with Radar,4,2,13,0,19,0,1,61,0,62,4,3,74,0,81,56,0,56,137
08/02/2020,SCK,CA,AWP,WE,Towers with Radar,5,0,14,0,19,0,1,48,0,49,5,1,62,0,68,18,0,18,86
08/03/2020,SCK,CA,AWP,WE,Towers with Radar,7,3,17,4,31,0,1,39,5,45,7,4,56,9,76,52,0,52,128
08/04/2020,SCK,CA,AWP,WE,Towers with Radar,3,1,15,10,29,0,0,37,6,43,3,1,52,16,72,68,12,80,152
08/05/2020,SCK,CA,AWP,WE,Towers with Radar,5,0,9,3,17,0,0,36,4,40,5,0,45,7,57,4,0,4,61
08/06/2020,SCK,CA,AWP,WE,Towers with Radar,5,2,25,2,34,0,1,57,2,60,5,3,82,4,94,38,0,38,132
08/07/2020,SCK,CA,AWP,WE,Towers with Radar,6,4,16,2,28,1,0,41,3,45,7,4,57,5,73,30,0,30,103
08/08/2020,SCK,CA,AWP,WE,Towers with Radar,3,0,23,0,26,0,0,45,0,45,3,0,68,0,71,34,0,34,105
08/09/2020,SCK,CA,AWP,WE,Towers with Radar,4,2,11,0,17,0,0,51,4,55,4,2,62,4,72,12,0,12,84
08/10/2020,SCK,CA,AWP,WE,Towers with Radar,9,0,26,2,37,0,3,38,0,41,9,3,64,2,78,28,0,28,106
08/11/2020,SCK,CA,AWP,WE,Towers with Radar,3,1,17,0,21,0,0,73,2,75,3,1,90,2,96,86,0,86,182
08/12/2020,SCK,CA,AWP,WE,Towers with Radar,6,3,23,0,32,0,2,45,1,48,6,5,68,1,80,62,0,62,142
08/13/2020,SCK,CA,AWP,WE,Towers with Radar,5,2,14,3,24,0,3,64,1,68,5,5,78,4,92,94,0,94,186
08/14/2020,SCK,CA,AWP,WE,Towers with Radar,6,3,23,1,33,0,2,32,1,35,6,5,55,2,68,24,0,24,92
08/15/2020,SCK,CA,AWP,WE,Towers with Radar,3,0,25,0,28,0,2,38,0,40,3,2,63,0,68,72,0,72,140
08/16/2020,SCK,CA,AWP,WE,Towers with Radar,5,0,10,0,15,0,0,23,0,23,5,0,33,0,38,0,0,0,38
08/17/2020,SCK,CA,AWP,WE,Towers with Radar,9,0,22,1,32,0,4,45,0,49,9,4,67,1,81,36,0,36,117
08/18/2020,SCK,CA,AWP,WE,Towers with Radar,3,0,21,0,24,0,0,27,2,29,3,0,48,2,53,50,2,52,105
08/19/2020,SCK,CA,AWP,WE,Towers with Radar,5,4,16,3,28,0,6,25,2,33,5,10,41,5,61,54,0,54,115
08/20/2020,SCK,CA,AWP,WE,Towers with Radar,6,1,33,1,41,0,0,4,0,4,6,1,37,1,45,0,0,0,45
08/21/2020,SCK,CA,AWP,WE,Towers with Radar,5,6,12,2,25,0,1,4,6,11,5,7,16,8,36,0,4,4,40
08/22/2020,SCK,CA,AWP,WE,Towers with Radar,3,2,23,1,29,0,0,16,11,27,3,2,39,12,56,40,0,40,96
08/23/2020,SCK,CA,AWP,WE,Towers with Radar,5,2,21,0,28,0,1,9,0,10,5,3,30,0,38,0,0,0,38
08/24/2020,SCK,CA,AWP,WE,Towers with Radar,5,1,35,2,43,0,0,6,2,8,5,1,41,4,51,0,2,2,53
08/25/2020,SCK,CA,AWP,WE,Towers with Radar,3,1,30,0,34,0,4,21,4,29,3,5,51,4,63,58,0,58,121
08/26/2020,SCK,CA,AWP,WE,Towers with Radar,5,1,40,4,50,0,3,27,8,38,5,4,67,12,88,28,8,36,124
08/27/2020,SCK,CA,AWP,WE,Towers with Radar,7,1,25,6,39,0,6,29,0,35,7,7,54,6,74,16,4,20,94
08/28/2020,SCK,CA,AWP,WE,Towers with Radar,5,1,16,4,26,0,6,24,2,32,5,7,40,6,58,9,0,9,67
08/29/2020,SCK,CA,AWP,WE,Towers with Radar,3,1,37,0,41,0,4,32,2,38,3,5,69,2,79,24,0,24,103
08/30/2020,SCK,CA,AWP,WE,Towers with Radar,5,3,28,0,36,0,2,20,1,23,5,5,48,1,59,2,0,2,61
08/31/2020,SCK,CA,AWP,WE,Towers with Radar,5,0,29,2,36,0,1,29,0,30,5,1,58,2,66,26,0,26,92
09/01/2020,SCK,CA,AWP,WE,Towers with Radar,3,0,36,1,40,0,0,26,0,26,3,0,62,1,66,18,0,18,84
09/02/2020,SCK,CA,AWP,WE,Towers with Radar,3,3,30,0,36,0,5,41,2,48,3,8,71,2,84,50,0,50,134
09/03/2020,SCK,CA,AWP,WE,Towers with Radar,5,3,24,0,32,0,3,41,4,48,5,6,65,4,80,16,0,16,96
09/04/2020,SCK,CA,AWP,WE,Towers with Radar,6,2,43,0,51,0,6,75,2,83,6,8,118,2,134,58,0,58,192
09/05/2020,SCK,CA,AWP,WE,Towers with Radar,5,1,27,0,33,0,4,55,0,59,5,5,82,0,92,112,0,112,204
09/06/2020,SCK,CA,AWP,WE,Towers with Radar,5,1,7,1,14,0,5,21,1,27,5,6,28,2,41,36,0,36,77
09/07/2020,SCK,CA,AWP,WE,Towers with Radar,7,2,17,0,26,0,3,40,1,44,7,5,57,1,70,48,0,48,118
09/08/2020,SCK,CA,AWP,WE,Towers with Radar,3,2,25,13,43,0,0,3,0,3,3,2,28,13,46,4,0,4,50
09/09/2020,SCK,CA,AWP,WE,Towers with Radar,4,3,15,11,33,0,3,11,2,16,4,6,26,13,49,88,0,88,137
09/10/2020,SCK,CA,AWP,WE,Towers with Radar,7,1,34,1,43,0,0,9,3,12,7,1,43,4,55,40,0,40,95
09/11/2020,SCK,CA,AWP,WE,Towers with Radar,5,6,27,2,40,0,0,0,2,2,5,6,27,4,42,0,6,6,48
09/12/2020,SCK,CA,AWP,WE,Towers with Radar,5,0,45,2,52,0,0,1,0,1,5,0,46,2,53,0,0,0,53
09/13/2020,SCK,CA,AWP,WE,Towers with Radar,7,0,21,1,29,0,0,1,0,1,7,0,22,1,30,0,0,0,30
09/14/2020,SCK,CA,AWP,WE,Towers with Radar,4,0,69,27,100,0,0,0,0,0,4,0,69,27,100,0,2,2,102
09/15/2020,SCK,CA,AWP,WE,Towers with Radar,3,2,47,4,56,0,1,20,1,22,3,3,67,5,78,30,0,30,108
09/16/2020,SCK,CA,AWP,WE,Towers with Radar,4,3,40,0,47,0,3,51,0,54,4,6,91,0,101,164,0,164,265
09/17/2020,SCK,CA,AWP,WE,Towers with Radar,7,11,28,0,46,0,7,49,0,56,7,18,77,0,102,90,0,90,192
09/18/2020,SCK,CA,AWP,WE,Towers with Radar,4,3,38,3,48,0,11,51,4,66,4,14,89,7,114,76,12,88,202
09/19/2020,SCK,CA,AWP,WE,Towers with Radar,5,6,28,1,40,0,9,61,0,70,5,15,89,1,110,96,0,96,206
09/20/2020,SCK,CA,AWP,WE,Towers with Radar,6,0,26,0,32,0,0,50,0,50,6,0,76,0,82,130,0,130,212
09/21/2020,SCK,CA,AWP,WE,Towers with Radar,4,0,36,4,44,0,7,64,4,75,4,7,100,8,119,74,18,92,211
09/22/2020,SCK,CA,AWP,WE,Towers with Radar,2,4,28,10,44,1,6,55,6,68,3,10,83,16,112,28,18,46,158
09/23/2020,SCK,CA,AWP,WE,Towers with Radar,3,2,24,2,31,0,0,63,1,64,3,2,87,3,95,106,4,110,205
09/24/2020,SCK,CA,AWP,WE,Towers with Radar,7,3,33,2,45,0,3,58,1,62,7,6,91,3,107,24,8,32,139
09/25/2020,SCK,CA,AWP,WE,Towers with Radar,5,2,27,0,34,0,2,69,2,73,5,4,96,2,107,62,0,62,169
09/26/2020,SCK,CA,AWP,WE,Towers with Radar,5,0,22,0,27,0,3,32,0,35,5,3,54,0,62,42,0,42,104
09/27/2020,SCK,CA,AWP,WE,Towers with Radar,7,3,17,0,27,0,2,47,0,49,7,5,64,0,76,68,0,68,144
09/28/2020,SCK,CA,AWP,WE,Towers with Radar,5,2,40,4,51,0,7,39,1,47,5,9,79,5,98,60,8,68,166
09/29/2020,SCK,CA,AWP,WE,Towers with Radar,3,3,41,5,52,0,6,42,4,52,3,9,83,9,104,34,14,48,152
09/30/2020,SCK,CA,AWP,WE,Towers with Radar,3,0,35,3,41,0,0,43,0,43,3,0,78,3,84,36,0,36,120
10/01/2020,SCK,CA,AWP,WE,Towers with Radar,6,2,46,1,55,0,2,24,2,28,6,4,70,3,83,26,0,26,109
10/02/2020,SCK,CA,AWP,WE,Towers with Radar,5,1,40,1,47,0,1,13,1,15,5,2,53,2,62,14,0,14,76
10/03/2020,SCK,CA,AWP,WE,Towers with Radar,5,1,35,0,41,0,1,5,0,6,5,2,40,0,47,6,0,6,53
10/04/2020,SCK,CA,AWP,WE,Towers with Radar,6,5,29,0,40,0,1,24,1,26,6,6,53,1,66,36,0,36,102
10/05/2020,SCK,CA,AWP,WE,Towers with Radar,5,0,31,2,38,0,4,57,4,65,5,4,88,6,103,88,0,88,191
10/06/2020,SCK,CA,AWP,WE,Towers with Radar,5,2,37,2,46,0,2,34,8,44,5,4,71,10,90,92,0,92,182
10/07/2020,SCK,CA,AWP,WE,Towers with Radar,5,4,45,1,55,0,2,54,2,58,5,6,99,3,113,50,0,50,163
10/08/2020,SCK,CA,AWP,WE,Towers with Radar,7,8,61,5,81,0,3,58,4,65,7,11,119,9,146,44,0,44,190
10/09/2020,SCK,CA,AWP,WE,Towers with Radar,5,2,37,0,44,0,0,58,0,58,5,2,95,0,102,62,0,62,164
10/10/2020,SCK,CA,AWP,WE,Towers with Radar,5,0,23,0,28,2,3,47,0,52,7,3,70,0,80,86,0,86,166
10/11/2020,SCK,CA,AWP,WE,Towers with Radar,8,0,18,0,26,0,1,32,0,33,8,1,50,0,59,36,0,36,95
10/12/2020,SCK,CA,AWP,WE,Towers with Radar,5,0,47,0,52,0,2,62,0,64,5,2,109,0,116,38,0,38,154
10/13/2020,SCK,CA,AWP,WE,Towers with Radar,2,0,39,4,45,0,1,65,2,68,2,1,104,6,113,88,0,88,201
10/14/2020,SCK,CA,AWP,WE,Towers with Radar,5,0,37,2,44,0,5,67,3,75,5,5,104,5,119,76,2,78,197
10/15/2020,SCK,CA,AWP,WE,Towers with Radar,7,0,39,8,54,0,0,61,0,61,7,0,100,8,115,94,12,106,221
10/16/2020,SCK,CA,AWP,WE,Towers with Radar,4,1,26,0,31,1,4,55,4,64,5,5,81,4,95,40,0,40,135
10/17/2020,SCK,CA,AWP,WE,Towers with Radar,4,0,44,2,50,1,0,56,5,62,5,0,100,7,112,66,20,86,198
10/18/2020,SCK,CA,AWP,WE,Towers with Radar,6,0,24,0,30,0,0,51,11,62,6,0,75,11,92,16,0,16,108
10/19/2020,SCK,CA,AWP,WE,Towers with Radar,5,1,45,2,53,0,0,55,2,57,5,1,100,4,110,58,0,58,168
10/20/2020,SCK,CA,AWP,WE,Towers with Radar,3,4,13,5,25,0,2,43,2,47,3,6,56,7,72,106,0,106,178
10/21/2020,SCK,CA,AWP,WE,Towers with Radar,5,2,38,2,47,0,5,58,3,66,5,7,96,5,113,54,0,54,167
10/22/2020,SCK,CA,AWP,WE,Towers with Radar,6,3,35,0,44,0,0,35,4,39,6,3,70,4,83,100,0,100,183
10/23/2020,SCK,CA,AWP,WE,Towers with Radar,5,5,21,1,32,0,4,58,2,64,5,9,79,3,96,104,8,112,208
10/24/2020,SCK,CA,AWP,WE,Towers with Radar,5,2,39,0,46,0,2,41,0,43,5,4,80,0,89,108,0,108,197
10/25/2020,SCK,CA,AWP,WE,Towers with Radar,7,3,21,0,31,0,0,10,0,10,7,3,31,0,41,2,0,2,43
10/26/2020,SCK,CA,AWP,WE,Towers with Radar,4,2,24,0,30,0,0,39,0,39,4,2,63,0,69,24,0,24,93
10/27/2020,SCK,CA,AWP,WE,Towers with Radar,3,4,16,2,25,0,3,57,0,60,3,7,73,2,85,80,10,90,175
10/28/2020,SCK,CA,AWP,WE,Towers with Radar,5,10,39,1,55,0,5,63,2,70,5,15,102,3,125,100,0,100,225
10/29/2020,SCK,CA,AWP,WE,Towers with Radar,10,5,25,1,41,0,0,47,1,48,10,5,72,2,89,98,0,98,187
10/30/2020,SCK,CA,AWP,WE,Towers with Radar,9,0,32,2,43,0,1,51,5,57,9,1,83,7,100,88,0,88,188
10/31/2020,SCK,CA,AWP,WE,Towers with Radar,8,2,21,2,33,1,3,28,1,33,9,5,49,3,66,98,6,104,170
11/01/2020,SCK,CA,AWP,WE,Towers with Radar,11,1,14,0,26,0,0,40,0,40,11,1,54,0,66,36,0,36,102
11/02/2020,SCK,CA,AWP,WE,Towers with Radar,9,0,32,2,43,0,2,49,4,55,9,2,81,6,98,74,18,92,190
11/03/2020,SCK,CA,AWP,WE,Towers with Radar,8,1,26,9,44,0,3,37,5,45,8,4,63,14,89,134,28,162,251
11/04/2020,SCK,CA,AWP,WE,Towers with Radar,9,0,21,3,33,0,1,47,5,53,9,1,68,8,86,86,16,102,188
11/05/2020,SCK,CA,AWP,WE,Towers with Radar,9,2,14,5,30,2,1,36,2,41,11,3,50,7,71,102,0,102,173
11/06/2020,SCK,CA,AWP,WE,Towers with Radar,7,3,25,0,35,0,3,24,0,27,7,6,49,0,62,32,0,32,94
11/07/2020,SCK,CA,AWP,WE,Towers with Radar,9,1,20,0,30,0,0,37,1,38,9,1,57,1,68,50,0,50,118
11/08/2020,SCK,CA,AWP,WE,Towers with Radar,11,1,10,0,22,0,2,14,3,19,11,3,24,3,41,30,0,30,71
11/09/2020,SCK,CA,AWP,WE,Towers with Radar,9,0,23,0,32,0,8,33,0,41,9,8,56,0,73,52,0,52,125
11/10/2020,SCK,CA,AWP,WE,Towers with Radar,6,3,18,3,30,0,0,38,1,39,6,3,56,4,69,126,14,140,209
11/11/2020,SCK,CA,AWP,WE,Towers with Radar,9,3,43,0,55,0,4,49,0,53,9,7,92,0,108,128,0,128,236
11/12/2020,SCK,CA,AWP,WE,Towers with Radar,10,2,28,1,41,0,4,48,1,53,10,6,76,2,94,136,0,136,230
11/13/2020,SCK,CA,AWP,WE,Towers with Radar,9,0,14,0,23,0,6,20,0,26,9,6,34,0,49,6,0,6,55
11/14/2020,SCK,CA,AWP,WE,Towers with Radar,9,2,38,0,49,0,1,13,0,14,9,3,51,0,63,22,0,22,85
11/15/2020,SCK,CA,AWP,WE,Towers with Radar,11,0,23,0,34,0,2,30,0,32,11,2,53,0,66,10,0,10,76
11/16/2020,SCK,CA,AWP,WE,Towers with Radar,9,0,26,3,38,0,1,40,2,43,9,1,66,5,81,74,4,78,159
11/17/2020,SCK,CA,AWP,WE,Towers with Radar,7,1,20,0,28,0,1,22,2,25,7,2,42,2,53,36,4,40,93
11/18/2020,SCK,CA,AWP,WE,Towers with Radar,9,2,25,15,51,0,1,29,2,32,9,3,54,17,83,106,0,106,189
11/19/2020,SCK,CA,AWP,WE,Towers with Radar,9,3,19,1,32,0,1,46,3,50,9,4,65,4,82,4,4,8,90
11/20/2020,SCK,CA,AWP,WE,Towers with Radar,10,0,34,0,44,0,2,47,0,49,10,2,81,0,93,100,0,100,193
11/21/2020,SCK,CA,AWP,WE,Towers with Radar,9,0,32,0,41,0,7,40,3,50,9,7,72,3,91,66,0,66,157
11/22/2020,SCK,CA,AWP,WE,Towers with Radar,9,2,25,0,36,0,5,36,0,41,9,7,61,0,77,10,0,10,87
11/23/2020,SCK,CA,AWP,WE,Towers with Radar,10,0,20,0,30,0,1,41,0,42,10,1,61,0,72,68,0,68,140
11/24/2020,SCK,CA,AWP,WE,Towers with Radar,9,3,32,3,47,0,0,65,1,66,9,3,97,4,113,58,8,66,179
11/25/2020,SCK,CA,AWP,WE,Towers with Radar,11,3,13,0,27,0,0,33,0,33,11,3,46,0,60,26,0,26,86
11/26/2020,SCK,CA,AWP,WE,Towers with Radar,4,2,10,0,16,0,2,23,0,25,4,4,33,0,41,26,0,26,67
11/27/2020,SCK,CA,AWP,WE,Towers with Radar,7,2,12,0,21,0,3,57,0,60,7,5,69,0,81,90,0,90,171
11/28/2020,SCK,CA,AWP,WE,Towers with Radar,9,0,18,0,27,0,0,24,0,24,9,0,42,0,51,30,0,30,81
11/29/2020,SCK,CA,AWP,WE,Towers with Radar,10,2,11,0,23,0,8,27,0,35,10,10,38,0,58,20,0,20,78
11/30/2020,SCK,CA,AWP,WE,Towers with Radar,10,3,19,0,32,0,0,38,0,38,10,3,57,0,70,70,0,70,140
12/01/2020,SCK,CA,AWP,WE,Towers with Radar,7,1,28,1,37,0,6,61,4,71,7,7,89,5,108,66,6,72,180
12/02/2020,SCK,CA,AWP,WE,Towers with Radar,7,0,38,1,46,0,1,48,9,58,7,1,86,10,104,154,22,176,280
12/03/2020,SCK,CA,AWP,WE,Towers with Radar,7,2,22,4,35,0,0,34,0,34,7,2,56,4,69,56,2,58,127
12/04/2020,SCK,CA,AWP,WE,Towers with Radar,11,0,11,0,22,1,4,24,0,29,12,4,35,0,51,10,0,10,61
12/05/2020,SCK,CA,AWP,WE,Towers with Radar,7,2,24,0,33,0,5,39,0,44,7,7,63,0,77,46,0,46,123
12/06/2020,SCK,CA,AWP,WE,Towers with Radar,7,2,28,0,37,0,2,26,1,29,7,4,54,1,66,58,0,58,124
12/07/2020,SCK,CA,AWP,WE,Towers with Radar,11,1,24,5,41,0,0,26,1,27,11,1,50,6,68,36,0,36,104
12/08/2020,SCK,CA,AWP,WE,Towers with Radar,9,2,26,2,39,0,0,48,6,54,9,2,74,8,93,80,10,90,183
12/09/2020,SCK,CA,AWP,WE,Towers with Radar,7,0,21,3,31,0,1,38,1,40,7,1,59,4,71,62,20,82,153
12/10/2020,SCK,CA,AWP,WE,Towers with Radar,7,1,31,0,39,0,1,47,1,49,7,2,78,1,88,78,0,78,166
12/11/2020,SCK,CA,AWP,WE,Towers with Radar,11,1,48,10,70,0,2,47,6,55,11,3,95,16,125,78,12,90,215
12/12/2020,SCK,CA,AWP,WE,Towers with Radar,7,4,39,0,50,0,1,0,0,1,7,5,39,0,51,0,0,0,51
12/13/2020,SCK,CA,AWP,WE,Towers with Radar,7,5,15,0,27,0,0,0,0,0,7,5,15,0,27,0,0,0,27
12/14/2020,SCK,CA,AWP,WE,Towers with Radar,11,0,26,1,38,0,1,39,1,41,11,1,65,2,79,96,0,96,175
12/15/2020,SCK,CA,AWP,WE,Towers with Radar,7,4,38,0,49,0,2,44,7,53,7,6,82,7,102,58,2,60,162
12/16/2020,SCK,CA,AWP,WE,Towers with Radar,9,1,31,1,42,0,1,20,2,23,9,2,51,3,65,56,0,56,121
12/17/2020,SCK,CA,AWP,WE,Towers with Radar,10,2,22,0,34,0,0,18,0,18,10,2,40,0,52,32,0,32,84
12/18/2020,SCK,CA,AWP,WE,Towers with Radar,10,6,24,0,40,0,2,44,0,46,10,8,68,0,86,32,1,33,119
12/19/2020,SCK,CA,AWP,WE,Towers with Radar,7,0,29,0,36,0,0,13,0,13,7,0,42,0,49,0,0,0,49
12/20/2020,SCK,CA,AWP,WE,Towers with Radar,12,3,14,0,29,0,2,24,0,26,12,5,38,0,55,12,0,12,67
12/21/2020,SCK,CA,AWP,WE,Towers with Radar,8,0,20,0,28,0,0,1,0,1,8,0,21,0,29,0,0,0,29
12/22/2020,SCK,CA,AWP,WE,Towers with Radar,11,0,34,0,45,0,3,9,0,12,11,3,43,0,57,10,0,10,67
12/23/2020,SCK,CA,AWP,WE,Towers with Radar,9,2,31,0,42,0,0,10,5,15,9,2,41,5,57,18,0,18,75
12/24/2020,SCK,CA,AWP,WE,Towers with Radar,8,3,31,0,42,0,0,5,0,5,8,3,36,0,47,0,0,0,47
12/25/2020,SCK,CA,AWP,WE,Towers with Radar,0,1,0,0,1,0,2,2,0,4,0,3,2,0,5,0,0,0,5
12/26/2020,SCK,CA,AWP,WE,Towers with Radar,6,1,21,0,28,0,1,20,0,21,6,2,41,0,49,26,0,26,75
12/27/2020,SCK,CA,AWP,WE,Towers with Radar,10,9,24,0,43,0,2,34,0,36,10,11,58,0,79,26,0,26,105
12/28/2020,SCK,CA,AWP,WE,Towers with Radar,8,0,31,0,39,0,1,16,2,19,8,1,47,2,58,40,2,42,100
12/29/2020,SCK,CA,AWP,WE,Towers with Radar,8,3,28,0,39,0,6,60,0,66,8,9,88,0,105,42,0,42,147
12/30/2020,SCK,CA,AWP,WE,Towers with Radar,9,0,16,8,33,1,2,25,2,30,10,2,41,10,63,30,0,30,93
12/31/2020,SCK,CA,AWP,WE,Towers with Radar,8,0,22,0,30,0,2,22,0,24,8,2,44,0,54,20,0,20,74
01/01/2021,SCK,CA,AWP,WE,Towers with Radar,2,0,12,0,14,0,3,15,0,18,2,3,27,0,32,22,0,22,54
01/02/2021,SCK,CA,AWP,WE,Towers with Radar,5,0,31,2,38,0,2,16,0,18,5,2,47,2,56,16,0,16,72
01/03/2021,SCK,CA,AWP,WE,Towers with Radar,12,1,9,0,22,0,0,13,0,13,12,1,22,0,35,54,0,54,89
01/04/2021,SCK,CA,AWP,WE,Towers with Radar,8,1,16,0,25,0,0,3,0,3,8,1,19,0,28,0,0,0,28
01/05/2021,SCK,CA,AWP,WE,Towers with Radar,7,2,20,2,31,0,2,19,0,21,7,4,39,2,52,16,0,16,68
01/06/2021,SCK,CA,AWP,WE,Towers with Radar,6,0,15,1,22,1,0,22,1,24,7,0,37,2,46,14,0,14,60
01/07/2021,SCK,CA,AWP,WE,Towers with Radar,9,0,27,1,37,0,1,5,0,6,9,1,32,1,43,0,0,0,43
01/08/2021,SCK,CA,AWP,WE,Towers with Radar,11,2,26,0,39,0,0,11,0,11,11,2,37,0,50,0,0,0,50
01/09/2021,SCK,CA,AWP,WE,Towers with Radar,7,0,27,0,34,0,2,42,0,44,7,2,69,0,78,16,0,16,94
01/10/2021,SCK,CA,AWP,WE,Towers with Radar,9,0,18,0,27,0,4,8,1,13,9,4,26,1,40,10,0,10,50
01/11/2021,SCK,CA,AWP,WE,Towers with Radar,11,2,14,0,27,0,0,11,2,13,11,2,25,2,40,36,0,36,76
01/12/2021,SCK,CA,AWP,WE,Towers with Radar,7,6,32,3,48,0,0,26,2,28,7,6,58,5,76,36,0,36,112
01/13/2021,SCK,CA,AWP,WE,Towers with Radar,7,2,32,2,43,0,3,32,2,37,7,5,64,4,80,62,0,62,142
01/14/2021,SCK,CA,AWP,WE,Towers with Radar,8,0,32,12,52,0,1,25,0,26,8,1,57,12,78,6,0,6,84
01/15/2021,SCK,CA,AWP,WE,Towers with Radar,11,2,35,0,48,0,1,16,0,17,11,3,51,0,65,30,6,36,101
01/16/2021,SCK,CA,AWP,WE,Towers with Radar,7,0,24,0,31,0,2,41,2,45,7,2,65,2,76,30,0,30,106
01/17/2021,SCK,CA,AWP,WE,Towers with Radar,9,0,34,0,43,0,4,37,0,41,9,4,71,0,84,52,0,52,136
01/18/2021,SCK,CA,AWP,WE,Towers with Radar,11,0,26,0,37,0,0,12,0,12,11,0,38,0,49,2,0,2,51
01/19/2021,SCK,CA,AWP,WE,Towers with Radar,7,2,16,0,25,0,2,11,0,13,7,4,27,0,38,0,0,0,38
01/20/2021,SCK,CA,AWP,WE,Towers with Radar,7,0,23,0,30,0,1,49,14,64,7,1,72,14,94,102,0,102,196
01/21/2021,SCK,CA,AWP,WE,Towers with Radar,7,1,33,1,42,0,5,61,12,78,7,6,94,13,120,90,24,114,234
01/22/2021,SCK,CA,AWP,WE,Towers with Radar,9,0,16,0,25,0,0,13,8,21,9,0,29,8,46,2,69,71,117
01/23/2021,SCK,CA,AWP,WE,Towers with Radar,5,0,22,0,27,0,1,34,3,38,5,1,56,3,65,42,0,42,107
01/24/2021,SCK,CA,AWP,WE,Towers with Radar,7,2,21,0,30,0,0,4,0,4,7,2,25,0,34,0,0,0,34
01/25/2021,SCK,CA,AWP,WE,Towers with Radar,9,6,25,0,40,1,4,27,1,33,10,10,52,1,73,6,0,6,79
01/26/2021,SCK,CA,AWP,WE,Towers with Radar,6,0,21,8,35,0,0,33,10,43,6,0,54,18,78,36,16,52,130
01/27/2021,SCK,CA,AWP,WE,Towers with Radar,5,2,5,0,12,0,0,1,0,1,5,2,6,0,13,0,0,0,13
01/28/2021,SCK,CA,AWP,WE,Towers with Radar,8,6,14,4,32,0,0,1,0,1,8,6,15,4,33,0,0,0,33
01/29/2021,SCK,CA,AWP,WE,Towers with Radar,9,0,15,0,24,0,5,21,0,26,9,5,36,0,50,60,0,60,110
01/30/2021,SCK,CA,AWP,WE,Towers with Radar,5,0,24,0,29,0,1,44,0,45,5,1,68,0,74,84,0,84,158
01/31/2021,SCK,CA,AWP,WE,Towers with Radar,6,2,19,0,27,0,6,26,0,32,6,8,45,0,59,50,0,50,109
02/01/2021,SCK,CA,AWP,WE,Towers with Radar,11,1,27,5,44,0,2,33,1,36,11,3,60,6,80,48,0,48,128
02/02/2021,SCK,CA,AWP,WE,Towers with Radar,5,0,19,0,24,0,0,4,0,4,5,0,23,0,28,54,18,72,100
02/03/2021,SCK,CA,AWP,WE,Towers with Radar,5,2,30,4,41,0,0,41,1,42,5,2,71,5,83,40,4,44,127
02/04/2021,SCK,CA,AWP,WE,Towers with Radar,6,5,4,0,15,0,1,59,3,63,6,6,63,3,78,86,0,86,164
02/05/2021,SCK,CA,AWP,WE,Towers with Radar,9,1,32,1,43,0,4,50,0,54,9,5,82,1,97,9,0,9,106
02/06/2021,SCK,CA,AWP,WE,Towers with Radar,4,0,26,0,30,0,0,61,0,61,4,0,87,0,91,104,0,104,195
02/07/2021,SCK,CA,AWP,WE,Towers with Radar,6,0,8,0,14,0,2,30,0,32,6,2,38,0,46,36,0,36,82
02/08/2021,SCK,CA,AWP,WE,Towers with Radar,7,2,26,5,40,0,1,29,7,37,7,3,55,12,77,54,30,84,161
02/09/2021,SCK,CA,AWP,WE,Towers with Radar,4,2,38,7,51,0,0,35,1,36,4,2,73,8,87,104,6,110,197
02/10/2021,SCK,CA,AWP,WE,Towers with Radar,7,0,38,8,53,0,0,51,13,64,7,0,89,21,117,110,14,124,241
02/11/2021,SCK,CA,AWP,WE,Towers with Radar,10,6,16,5,37,0,6,19,1,26,10,12,35,6,63,54,6,60,123
02/12/2021,SCK,CA,AWP,WE,Towers with Radar,9,0,27,5,41,0,0,37,3,40,9,0,64,8,81,92,6,98,179
02/13/2021,SCK,CA,AWP,WE,Towers with Radar,6,0,14,0,20,0,0,11,0,11,6,0,25,0,31,40,0,40,71
02/14/2021,SCK,CA,AWP,WE,Towers with Radar,6,0,25,0,31,0,4,21,0,25,6,4,46,0,56,24,0,24,80
02/15/2021,SCK,CA,AWP,WE,Towers with Radar,10,0,31,0,41,1,0,12,0,13,11,0,43,0,54,24,0,24,78
02/16/2021,SCK,CA,AWP,WE,Towers with Radar,6,2,29,13,50,0,1,38,5,44,6,3,67,18,94,108,36,144,238
02/17/2021,SCK,CA,AWP,WE,Towers with Radar,8,1,26,18,53,0,2,41,11,54,8,3,67,29,107,14,12,26,133
02/18/2021,SCK,CA,AWP,WE,Towers with Radar,11,5,14,8,38,0,2,52,11,65,11,7,66,19,103,18,8,26,129
02/19/2021,SCK,CA,AWP,WE,Towers with Radar,9,3,22,0,34,0,7,27,5,39,9,10,49,5,73,22,0,22,95
02/20/2021,SCK,CA,AWP,WE,Towers with Radar,7,0,26,0,33,0,0,35,0,35,7,0,61,0,68,108,0,108,176
02/21/2021,SCK,CA,AWP,WE,Towers with Radar,7,4,11,0,22,1,1,50,2,54,8,5,61,2,76,48,0,48,124
02/22/2021,SCK,CA,AWP,WE,Towers with Radar,7,0,26,9,42,0,1,47,3,51,7,1,73,12,93,50,6,56,149
02/23/2021,SCK,CA,AWP,WE,Towers with Radar,7,2,28,12,49,0,0,33,8,41,7,2,61,20,90,94,48,142,232
02/24/2021,SCK,CA,AWP,WE,Towers with Radar,7,2,19,4,32,0,0,23,13,36,7,2,42,17,68,2,30,32,100
02/25/2021,SCK,CA,AWP,WE,Towers with Radar,10,4,18,2,34,0,2,50,3,55,10,6,68,5,89,134,6,140,229
02/26/2021,SCK,CA,AWP,WE,Towers with Radar,8,6,27,0,41,1,5,49,0,55,9,11,76,0,96,120,0,120,216
02/27/2021,SCK,CA,AWP,WE,Towers with Radar,7,0,12,0,19,0,4,17,4,25,7,4,29,4,44,16,2,18,62
02/28/2021,SCK,CA,AWP,WE,Towers with Radar,9,0,18,0,27,0,0,48,0,48,9,0,66,0,75,12,0,12,87
03/01/2021,SCK,CA,AWP,WE,Towers with Radar,7,2,13,0,22,0,0,51,2,53,7,2,64,2,75,62,0,62,137
03/02/2021,SCK,CA,AWP,WE,Towers with Radar,6,2,29,0,37,0,2,45,10,57,6,4,74,10,94,54,20,74,168
03/03/2021,SCK,CA,AWP,WE,Towers with Radar,9,1,18,3,31,0,0,34,4,38,9,1,52,7,69,64,38,102,171
03/04/2021,SCK,CA,AWP,WE,Towers with Radar,8,1,24,5,38,0,0,47,8,55,8,1,71,13,93,98,12,110,203
03/05/2021,SCK,CA,AWP,WE,Towers with Radar,9,2,22,2,35,0,8,44,4,56,9,10,66,6,91,34,0,34,125
03/06/2021,SCK,CA,AWP,WE,Towers with Radar,7,2,11,1,21,0,6,36,1,43,7,8,47,2,64,38,6,44,108
03/07/2021,SCK,CA,AWP,WE,Towers with Radar,10,7,21,0,38,0,3,29,0,32,10,10,50,0,70,13,0,13,83
03/08/2021,SCK,CA,AWP,WE,Towers with Radar,9,1,19,8,37,0,2,31,6,39,9,3,50,14,76,30,6,36,112
03/09/2021,SCK,CA,AWP,WE,Towers with Radar,7,2,13,6,28,0,2,12,2,16,7,4,25,8,44,42,12,54,98
03/10/2021,SCK,CA,AWP,WE,Towers with Radar,11,0,10,0,21,0,0,4,1,5,11,0,14,1,26,20,0,20,46
03/11/2021,SCK,CA,AWP,WE,Towers with Radar,8,1,33,1,43,0,3,28,1,32,8,4,61,2,75,52,0,52,127
03/12/2021,SCK,CA,AWP,WE,Towers with Radar,8,2,33,1,44,0,3,79,1,83,8,5,112,2,127,138,0,138,265
03/13/2021,SCK,CA,AWP,WE,Towers with Radar,7,1,31,0,39,0,2,56,0,58,7,3,87,0,97,108,0,108,205
03/14/2021,SCK,CA,AWP,WE,Towers with Radar,9,3,15,2,29,0,5,21,0,26,9,8,36,2,55,46,0,46,101
03/15/2021,SCK,CA,AWP,WE,Towers with Radar,7,1,14,2,24,0,4,8,4,16,7,5,22,6,40,56,2,58,98
03/16/2021,SCK,CA,AWP,WE,Towers with Radar,7,2,29,2,40,0,7,52,6,65,7,9,81,8,105,26,16,42,147
03/17/2021,SCK,CA,AWP,WE,Towers with Radar,12,2,18,0,32,0,0,46,4,50,12,2,64,4,82,54,10,64,146
03/18/2021,SCK,CA,AWP,WE,Towers with Radar,7,2,23,1,33,0,0,9,1,10,7,2,32,2,43,14,2,16,59
03/19/2021,SCK,CA,AWP,WE,Towers with Radar,6,4,23,1,34,0,1,22,0,23,6,5,45,1,57,66,0,66,123
03/20/2021,SCK,CA,AWP,WE,Towers with Radar,5,4,21,1,31,0,4,51,0,55,5,8,72,1,86,92,0,92,178
03/21/2021,SCK,CA,AWP,WE,Towers with Radar,7,2,28,0,37,0,2,37,0,39,7,4,65,0,76,48,0,48,124
03/22/2021,SCK,CA,AWP,WE,Towers with Radar,8,7,36,0,51,0,7,53,0,60,8,14,89,0,111,58,0,58,169
03/23/2021,SCK,CA,AWP,WE,Towers with Radar,6,3,14,1,24,0,2,23,1,26,6,5,37,2,50,6,0,6,56
03/24/2021,SCK,CA,AWP,WE,Towers with Radar,8,1,30,2,41,0,8,62,9,79,8,9,92,11,120,46,14,60,180
03/25/2021,SCK,CA,AWP,WE,Towers with Radar,6,0,28,1,35,0,4,36,6,46,6,4,64,7,81,16,2,18,99
03/26/2021,SCK,CA,AWP,WE,Towers with Radar,6,0,34,0,40,0,1,53,0,54,6,1,87,0,94,26,8,34,128
03/27/2021,SCK,CA,AWP,WE,Towers with Radar,6,0,19,0,25,0,5,64,0,69,6,5,83,0,94,136,0,136,230
03/28/2021,SCK,CA,AWP,WE,Towers with Radar,7,0,34,0,41,0,0,52,0,52,7,0,86,0,93,32,0,32,125
03/29/2021,SCK,CA,AWP,WE,Towers with Radar,6,0,26,1,33,0,5,49,3,57,6,5,75,4,90,62,4,66,156
03/30/2021,SCK,CA,AWP,WE,Towers with Radar,6,0,30,5,41,0,2,48,4,54,6,2,78,9,95,46,34,80,175
03/31/2021,SCK,CA,AWP,WE,Towers with Radar,8,6,16,2,32,0,2,61,0,63,8,8,77,2,95,40,10,50,145
04/01/2021,SCK,CA,AWP,WE,Towers with Radar,9,2,22,6,39,0,4,63,1,68,9,6,85,7,107,70,0,70,177
04/02/2021,SCK,CA,AWP,WE,Towers with Radar,7,2,25,2,36,0,5,50,3,58,7,7,75,5,94,50,0,50,144
04/03/2021,SCK,CA,AWP,WE,Towers with Radar,6,0,17,0,23,0,4,43,0,47,6,4,60,0,70,58,0,58,128
04/04/2021,SCK,CA,AWP,WE,Towers with Radar,9,2,10,0,21,0,2,21,0,23,9,4,31,0,44,60,0,60,104
04/05/2021,SCK,CA,AWP,WE,Towers with Radar,8,0,21,4,33,0,2,49,3,54,8,2,70,7,87,26,2,28,115
04/06/2021,SCK,CA,AWP,WE,Towers with Radar,6,4,30,8,48,0,2,61,7,70,6,6,91,15,118,44,4,48,166
04/07/2021,SCK,CA,AWP,WE,Towers with Radar,8,3,28,0,39,0,6,43,2,51,8,9,71,2,90,80,0,80,170
04/08/2021,SCK,CA,AWP,WE,Towers with Radar,8,1,29,0,38,0,4,56,2,62,8,5,85,2,100,122,0,122,222
04/09/2021,SCK,CA,AWP,WE,Towers with Radar,8,2,25,1,36,0,4,66,5,75,8,6,91,6,111,96,0,96,207
04/10/2021,SCK,CA,AWP,WE,Towers with Radar,6,2,38,0,46,0,4,58,0,62,6,6,96,0,108,72,0,72,180
04/11/2021,SCK,CA,AWP,WE,Towers with Radar,8,2,22,0,32,0,0,49,0,49,8,2,71,0,81,54,0,54,135
04/12/2021,SCK,CA,AWP,WE,Towers with Radar,6,1,41,0,48,0,3,58,2,63,6,4,99,2,111,54,0,54,165
04/13/2021,SCK,CA,AWP,WE,Towers with Radar,6,0,18,1,25,0,4,43,6,53,6,4,61,7,78,18,0,18,96
04/14/2021,SCK,CA,AWP,WE,Towers with Radar,6,5,30,1,42,0,5,58,1,64,6,10,88,2,106,60,10,70,176
04/15/2021,SCK,CA,AWP,WE,Towers with Radar,8,1,29,3,41,0,5,55,2,62,8,6,84,5,103,116,0,116,219
04/16/2021,SCK,CA,AWP,WE,Towers with Radar,6,1,29,0,36,0,1,59,5,65,6,2,88,5,101,114,0,114,215
04/17/2021,SCK,CA,AWP,WE,Towers with Radar,6,5,19,0,30,0,11,55,1,67,6,16,74,1,97,120,0,120,217
04/18/2021,SCK,CA,AWP,WE,Towers with Radar,9,0,14,1,24,0,0,30,3,33,9,0,44,4,57,18,0,18,75
04/19/2021,SCK,CA,AWP,WE,Towers with Radar,6,2,31,0,39,0,1,56,0,57,6,3,87,0,96,83,0,83,179
04/20/2021,SCK,CA,AWP,WE,Towers with Radar,6,1,31,1,39,0,6,47,4,57,6,7,78,5,96,32,2,34,130
04/21/2021,SCK,CA,AWP,WE,Towers with Radar,6,3,27,0,36,0,4,65,1,70,6,7,92,1,106,88,0,88,194
04/22/2021,SCK,CA,AWP,WE,Towers with Radar,9,1,28,0,38,0,2,53,3,58,9,3,81,3,96,76,0,76,172
04/23/2021,SCK,CA,AWP,WE,Towers with Radar,6,2,40,0,48,0,2,62,0,64,6,4,102,0,112,156,0,156,268
04/24/2021,SCK,CA,AWP,WE,Towers with Radar,6,5,16,0,27,0,6,50,5,61,6,11,66,5,88,78,0,78,166
04/25/2021,SCK,CA,AWP,WE,Towers with Radar,8,0,18,0,26,0,7,22,0,29,8,7,40,0,55,6,0,6,61
04/26/2021,SCK,CA,AWP,WE,Towers with Radar,6,0,12,3,21,0,0,26,0,26,6,0,38,3,47,42,0,42,89
04/27/2021,SCK,CA,AWP,WE,Towers with Radar,6,0,27,3,36,0,2,49,1,52,6,2,76,4,88,38,2,40,128
04/28/2021,SCK,CA,AWP,WE,Towers with Radar,6,3,31,0,40,0,4,49,1,54,6,7,80,1,94,120,0,120,214
04/29/2021,SCK,CA,AWP,WE,Towers with Radar,8,4,31,2,45,0,4,60,3,67,8,8,91,5,112,96,0,96,208
04/30/2021,SCK,CA,AWP,WE,Towers with Radar,6,0,20,1,27,0,8,57,0,65,6,8,77,1,92,64,0,64,156
05/01/2021,SCK,CA,AWP,WE,Towers with Radar,6,0,25,0,31,0,0,38,0,38,6,0,63,0,69,40,0,40,109
05/02/2021,SCK,CA,AWP,WE,Towers with Radar,9,2,13,0,24,0,1,24,0,25,9,3,37,0,49,22,0,22,71
05/03/2021,SCK,CA,AWP,WE,Towers with Radar,5,0,23,4,32,0,1,29,0,30,5,1,52,4,62,4,0,4,66
05/04/2021,SCK,CA,AWP,WE,Towers with Radar,6,2,20,6,34,0,6,54,4,64,6,8,74,10,98,66,20,86,184
05/05/2021,SCK,CA,AWP,WE,Towers with Radar,6,3,16,0,25,0,4,34,6,44,6,7,50,6,69,138,0,138,207
05/06/2021,SCK,CA,AWP,WE,Towers with Radar,10,1,24,1,36,0,8,60,4,72,10,9,84,5,108,154,16,170,278
05/07/2021,SCK,CA,AWP,WE,Towers with Radar,6,0,20,0,26,0,4,47,3,54,6,4,67,3,80,136,16,152,232
05/08/2021,SCK,CA,AWP,WE,Towers with Radar,6,4,18,0,28,0,2,10,4,16,6,6,28,4,44,26,8,34,78
05/09/2021,SCK,CA,AWP,WE,Towers with Radar,9,4,25,1,39,0,2,43,1,46,9,6,68,2,85,26,6,32,117
05/10/2021,SCK,CA,AWP,WE,Towers with Radar,6,0,17,3,26,0,0,37,2,39,6,0,54,5,65,82,7,89,154
05/11/2021,SCK,CA,AWP,WE,Towers with Radar,6,2,32,1,41,0,4,76,0,80,6,6,108,1,121,168,0,168,289
05/12/2021,SCK,CA,AWP,WE,Towers with Radar,8,5,30,1,44,0,1,65,5,71,8,6,95,6,115,90,2,92,207
05/13/2021,SCK,CA,AWP,WE,Towers with Radar,10,2,32,2,46,0,8,63,5,76,10,10,95,7,122,100,14,114,236
05/14/2021,SCK,CA,AWP,WE,Towers with Radar,6,2,38,0,46,0,3,57,3,63,6,5,95,3,109,150,0,150,259
05/15/2021,SCK,CA,AWP,WE,Towers with Radar,6,0,25,8,39,0,4,43,1,48,6,4,68,9,87,76,0,76,163
05/16/2021,SCK,CA,AWP,WE,Towers with Radar,9,2,31,0,42,0,2,49,3,54,9,4,80,3,96,94,0,94,190
05/17/2021,SCK,CA,AWP,WE,Towers with Radar,6,1,26,3,36,0,0,57,1,58,6,1,83,4,94,114,0,114,208
05/18/2021,SCK,CA,AWP,WE,Towers with Radar,6,1,29,3,39,0,1,66,6,73,6,2,95,9,112,116,8,124,236
05/19/2021,SCK,CA,AWP,WE,Towers with Radar,8,2,26,1,37,0,4,61,5,70,8,6,87,6,107,76,4,80,187
05/20/2021,SCK,CA,AWP,WE,Towers with Radar,10,6,17,1,34,0,2,44,4,50,10,8,61,5,84,84,0,84,168
05/21/2021,SCK,CA,AWP,WE,Towers with Radar,6,4,11,1,22,0,3,29,4,36,6,7,40,5,58,68,2,70,128
05/22/2021,SCK,CA,AWP,WE,Towers with Radar,6,0,17,0,23,0,0,48,0,48,6,0,65,0,71,76,0,76,147
05/23/2021,SCK,CA,AWP,WE,Towers with Radar,8,3,18,0,29,0,4,31,0,35,8,7,49,0,64,38,0,38,102
05/24/2021,SCK,CA,AWP,WE,Towers with Radar,7,0,11,1,19,0,3,41,4,48,7,3,52,5,67,74,6,80,147
05/25/2021,SCK,CA,AWP,WE,Towers with Radar,6,2,18,0,26,0,4,48,0,52,6,6,66,0,78,56,2,58,136
05/26/2021,SCK,CA,AWP,WE,Towers with Radar,6,2,20,0,28,0,7,45,9,61,6,9,65,9,89,104,8,112,201
05/27/2021,SCK,CA,AWP,WE,Towers with Radar,6,1,24,1,32,0,5,65,1,71,6,6,89,2,103,88,0,88,191
05/28/2021,SCK,CA,AWP,WE,Towers with Radar,9,1,30,0,40,0,9,37,6,52,9,10,67,6,92,144,0,144,236
05/29/2021,SCK,CA,AWP,WE,Towers with Radar,6,3,4,0,13,0,4,35,1,40,6,7,39,1,53,46,0,46,99
05/30/2021,SCK,CA,AWP,WE,Towers with Radar,6,6,20,0,32,0,8,38,0,46,6,14,58,0,78,28,0,28,106
05/31/2021,SCK,CA,AWP,WE,Towers with Radar,9,4,14,0,27,0,2,30,0,32,9,6,44,0,59,22,0,22,81
06/01/2021,SCK,CA,AWP,WE,Towers with Radar,6,4,18,0,28,0,1,25,6,32,6,5,43,6,60,114,12,126,186
06/02/2021,SCK,CA,AWP,WE,Towers with Radar,10,1,18,15,44,0,7,36,6,49,10,8,54,21,93,74,26,100,193
06/03/2021,SCK,CA,AWP,WE,Towers with Radar,6,1,14,2,23,0,9,47,0,56,6,10,61,2,79,108,0,108,187
06/04/2021,SCK,CA,AWP,WE,Towers with Radar,8,0,19,0,27,0,2,53,4,59,8,2,72,4,86,152,0,152,238
06/05/2021,SCK,CA,AWP,WE,Towers with Radar,8,2,19,0,29,0,4,32,1,37,8,6,51,1,66,146,0,146,212
06/06/2021,SCK,CA,AWP,WE,Towers with Radar,6,0,29,0,35,0,1,32,0,33,6,1,61,0,68,26,0,26,94
06/07/2021,SCK,CA,AWP,WE,Towers with Radar,8,0,10,6,24,0,4,26,4,34,8,4,36,10,58,44,10,54,112
06/08/2021,SCK,CA,AWP,WE,Towers with Radar,6,3,17,6,32,0,5,47,0,52,6,8,64,6,84,100,20,120,204
06/09/2021,SCK,CA,AWP,WE,Towers with Radar,8,3,20,0,31,0,2,34,4,40,8,5,54,4,71,16,2,18,89
06/10/2021,SCK,CA,AWP,WE,Towers with Radar,8,5,33,1,47,0,0,73,5,78,8,5,106,6,125,32,4,36,161
06/11/2021,SCK,CA,AWP,WE,Towers with Radar,8,6,14,1,29,0,0,39,2,41,8,6,53,3,70,38,0,38,108
06/12/2021,SCK,CA,AWP,WE,Towers with Radar,6,0,32,0,38,0,5,44,0,49,6,5,76,0,87,38,0,38,125
06/13/2021,SCK,CA,AWP,WE,Towers with Radar,6,2,17,0,25,0,1,34,0,35,6,3,51,0,60,0,0,0,60
06/14/2021,SCK,CA,AWP,WE,Towers with Radar,7,2,17,6,32,0,3,35,3,41,7,5,52,9,73,120,0,120,193
06/15/2021,SCK,CA,AWP,WE,Towers with Radar,6,0,15,1,22,0,2,56,4,62,6,2,71,5,84,154,0,154,238
06/16/2021,SCK,CA,AWP,WE,Towers with Radar,8,2,35,0,45,0,2,23,0,25,8,4,58,0,70,106,0,106,176
06/17/2021,SCK,CA,AWP,WE,Towers with Radar,6,2,18,0,26,0,0,43,0,43,6,2,61,0,69,60,0,60,129
06/18/2021,SCK,CA,AWP,WE,Towers with Radar,8,3,33,0,44,0,9,50,6,65,8,12,83,6,109,30,0,30,139
06/19/2021,SCK,CA,AWP,WE,Towers with Radar,8,0,12,0,20,0,1,23,0,24,8,1,35,0,44,34,0,34,78
06/20/2021,SCK,CA,AWP,WE,Towers with Radar,7,3,9,0,19,0,3,39,3,45,7,6,48,3,64,24,0,24,88
06/21/2021,SCK,CA,AWP,WE,Towers with Radar,9,0,20,0,29,0,0,50,3,53,9,0,70,3,82,110,0,110,192
06/22/2021,SCK,CA,AWP,WE,Towers with Radar,6,7,16,2,31,0,5,54,2,61,6,12,70,4,92,54,0,54,146
06/23/2021,SCK,CA,AWP,WE,Towers with Radar,9,5,28,1,43,0,5,65,0,70,9,10,93,1,113,54,0,54,167
06/24/2021,SCK,CA,AWP,WE,Towers with Radar,6,2,15,1,24,0,7,57,3,67,6,9,72,4,91,70,6,76,167
06/25/2021,SCK,CA,AWP,WE,Towers with Radar,9,0,20,0,29,0,4,56,3,63,9,4,76,3,92,32,0,32,124
06/26/2021,SCK,CA,AWP,WE,Towers with Radar,8,3,11,0,22,0,0,34,1,35,8,3,45,1,57,56,0,56,113
06/27/2021,SCK,CA,AWP,WE,Towers with Radar,8,1,23,0,32,0,4,50,0,54,8,5,73,0,86,14,0,14,100
06/28/2021,SCK,CA,AWP,WE,Towers with Radar,8,2,20,1,31,0,1,57,1,59,8,3,77,2,90,128,0,128,218
06/29/2021,SCK,CA,AWP,WE,Towers with Radar,6,0,17,3,26,0,5,65,7,77,6,5,82,10,103,62,14,76,179
06/30/2021,SCK,CA,AWP,WE,Towers with Radar,10,4,24,4,42,0,2,60,3,65,10,6,84,7,107,134,0,134,241
07/01/2021,SCK,CA,AWP,WE,Towers with Radar,8,5,27,2,42,0,1,76,3,80,8,6,103,5,122,70,0,70,192
07/02/2021,SCK,CA,AWP,WE,Towers with Radar,8,0,29,3,40,0,8,47,3,58,8,8,76,6,98,48,0,48,146
07/03/2021,SCK,CA,AWP,WE,Towers with Radar,4,0,15,0,19,0,2,36,0,38,4,2,51,0,57,72,0,72,129
07/04/2021,SCK,CA,AWP,WE,Towers with Radar,4,0,9,0,13,0,0,26,0,26,4,0,35,0,39,8,0,8,47
07/05/2021,SCK,CA,AWP,WE,Towers with Radar,4,2,28,0,34,0,1,37,0,38,4,3,65,0,72,68,0,68,140
07/06/2021,SCK,CA,AWP,WE,Towers with Radar,6,0,17,4,27,0,2,41,2,45,6,2,58,6,72,52,0,52,124
07/07/2021,SCK,CA,AWP,WE,Towers with Radar,10,2,18,2,32,0,2,45,5,52,10,4,63,7,84,108,12,120,204
07/08/2021,SCK,CA,AWP,WE,Towers with Radar,8,3,22,8,41,0,5,61,4,70,8,8,83,12,111,76,0,76,187
07/09/2021,SCK,CA,AWP,WE,Towers with Radar,10,1,11,2,24,0,7,43,6,56,10,8,54,8,80,50,16,66,146
07/10/2021,SCK,CA,AWP,WE,Towers with Radar,5,2,11,0,18,0,3,18,2,23,5,5,29,2,41,18,0,18,59
07/11/2021,SCK,CA,AWP,WE,Towers with Radar,8,2,16,0,26,0,4,18,2,24,8,6,34,2,50,20,0,20,70
07/12/2021,SCK,CA,AWP,WE,Towers with Radar,8,0,21,8,37,0,1,46,1,48,8,1,67,9,85,106,2,108,193
07/13/2021,SCK,CA,AWP,WE,Towers with Radar,8,3,17,5,33,0,3,64,8,75,8,6,81,13,108,62,22,84,192
07/14/2021,SCK,CA,AWP,WE,Towers with Radar,9,0,27,14,50,0,0,46,8,54,9,0,73,22,104,50,12,62,166
07/15/2021,SCK,CA,AWP,WE,Towers with Radar,10,0,20,4,34,0,2,66,3,71,10,2,86,7,105,40,16,56,161
07/16/2021,SCK,CA,AWP,WE,Towers with Radar,10,0,17,1,28,0,0,48,3,51,10,0,65,4,79,42,0,42,121
07/17/2021,SCK,CA,AWP,WE,Towers with Radar,5,0,19,0,24,0,2,48,4,54,5,2,67,4,78,61,0,61,139
07/18/2021,SCK,CA,AWP,WE,Towers with Radar,4,4,13,0,21,0,2,43,0,45,4,6,56,0,66,12,0,12,78
07/19/2021,SCK,CA,AWP,WE,Towers with Radar,8,2,16,7,33,0,6,39,1,46,8,8,55,8,79,37,0,37,116
07/20/2021,SCK,CA,AWP,WE,Towers with Radar,6,7,19,5,37,0,2,60,5,67,6,9,79,10,104,28,10,38,142
07/21/2021,SCK,CA,AWP,WE,Towers with Radar,11,1,9,17,38,0,0,48,4,52,11,1,57,21,90,82,38,120,210
07/22/2021,SCK,CA,AWP,WE,Towers with Radar,8,5,17,11,41,0,2,47,4,53,8,7,64,15,94,54,14,68,162
07/23/2021,SCK,CA,AWP,WE,Towers with Radar,10,3,13,6,32,0,0,49,0,49,10,3,62,6,81,8,0,8,89
07/24/2021,SCK,CA,AWP,WE,Towers with Radar,6,0,9,0,15,0,3,33,2,38,6,3,42,2,53,36,0,36,89
07/25/2021,SCK,CA,AWP,WE,Towers with Radar,8,3,9,0,20,0,5,35,1,41,8,8,44,1,61,42,0,42,103
07/26/2021,SCK,CA,AWP,WE,Towers with Radar,8,0,16,1,25,0,10,48,3,61,8,10,64,4,86,92,0,92,178
07/27/2021,SCK,CA,AWP,WE,Towers with Radar,6,3,21,6,36,0,5,44,6,55,6,8,65,12,91,78,16,94,185
07/28/2021,SCK,CA,AWP,WE,Towers with Radar,10,1,24,20,55,0,1,27,4,32,10,2,51,24,87,52,14,66,153
07/29/2021,SCK,CA,AWP,WE,Towers with Radar,8,0,27,1,36,0,15,57,4,76,8,15,84,5,112,74,16,90,202
07/30/2021,SCK,CA,AWP,WE,Towers with Radar,10,5,18,2,35,0,7,57,0,64,10,12,75,2,99,84,0,84,183
07/31/2021,SCK,CA,AWP,WE,Towers with Radar,6,3,10,0,19,0,3,40,0,43,6,6,50,0,62,72,0,72,134
08/01/2021,SCK,CA,AWP,WE,Towers with Radar,8,6,14,0,28,0,0,29,0,29,8,6,43,0,57,12,0,12,69
08/02/2021,SCK,CA,AWP,WE,Towers with Radar,8,7,11,2,28,0,0,28,3,31,8,7,39,5,59,44,18,62,121
08/03/2021,SCK,CA,AWP,WE,Towers with Radar,6,1,28,4,39,0,2,41,4,47,6,3,69,8,86,64,18,82,168
08/04/2021,SCK,CA,AWP,WE,Towers with Radar,6,1,19,4,30,0,6,62,3,71,6,7,81,7,101,112,16,128,229
08/05/2021,SCK,CA,AWP,WE,Towers with Radar,7,3,20,9,39,0,4,57,6,67,7,7,77,15,106,136,8,144,250
08/06/2021,SCK,CA,AWP,WE,Towers with Radar,10,0,17,8,35,0,5,51,4,60,10,5,68,12,95,94,2,96,191
08/07/2021,SCK,CA,AWP,WE,Towers with Radar,6,4,14,0,24,0,1,11,0,12,6,5,25,0,36,16,0,16,52
08/08/2021,SCK,CA,AWP,WE,Towers with Radar,8,1,9,4,22,0,3,28,0,31,8,4,37,4,53,22,0,22,75
08/09/2021,SCK,CA,AWP,WE,Towers with Radar,8,4,25,2,39,0,7,43,1,51,8,11,68,3,90,110,4,114,204
08/10/2021,SCK,CA,AWP,WE,Towers with Radar,3,1,15,8,27,0,1,44,4,49,3,2,59,12,76,70,14,84,160
08/11/2021,SCK,CA,AWP,WE,Towers with Radar,6,0,20,9,35,0,6,57,9,72,6,6,77,18,107,128,32,160,267
08/12/2021,SCK,CA,AWP,WE,Towers with Radar,6,8,19,9,42,0,2,66,8,76,6,10,85,17,118,66,28,94,212
08/13/2021,SCK,CA,AWP,WE,Towers with Radar,10,5,14,2,31,0,7,38,4,49,10,12,52,6,80,60,4,64,144
08/14/2021,SCK,CA,AWP,WE,Towers with Radar,6,5,12,0,23,0,4,37,0,41,6,9,49,0,64,60,0,60,124
08/15/2021,SCK,CA,AWP,WE,Towers with Radar,8,3,7,0,18,0,3,21,0,24,8,6,28,0,42,8,0,8,50
08/16/2021,SCK,CA,AWP,WE,Towers with Radar,8,1,26,1,36,0,3,36,3,42,8,4,62,4,78,98,0,98,176
08/17/2021,SCK,CA,AWP,WE,Towers with Radar,4,1,11,0,16,0,5,35,4,44,4,6,46,4,60,104,0,104,164
08/18/2021,SCK,CA,AWP,WE,Towers with Radar,6,6,23,2,37,0,0,20,0,20,6,6,43,2,57,54,0,54,111
08/19/2021,SCK,CA,AWP,WE,Towers with Radar,6,3,31,5,45,0,3,31,11,45,6,6,62,16,90,64,18,82,172
08/20/2021,SCK,CA,AWP,WE,Towers with Radar,6,4,46,12,68,0,3,38,4,45,6,7,84,16,113,34,0,34,147
08/21/2021,SCK,CA,AWP,WE,Towers with Radar,6,5,15,1,27,1,4,26,3,34,7,9,41,4,61,36,6,42,103
08/22/2021,SCK,CA,AWP,WE,Towers with Radar,6,2,13,0,21,0,1,39,0,40,6,3,52,0,61,42,0,42,103
08/23/2021,SCK,CA,AWP,WE,Towers with Radar,7,5,30,1,43,0,5,53,1,59,7,10,83,2,102,82,10,92,194
08/24/2021,SCK,CA,AWP,WE,Towers with Radar,3,6,16,2,27,0,1,47,5,53,3,7,63,7,80,60,0,60,140
08/25/2021,SCK,CA,AWP,WE,Towers with Radar,6,5,28,2,41,0,2,44,1,47,6,7,72,3,88,88,0,88,176
08/26/2021,SCK,CA,AWP,WE,Towers with Radar,6,1,27,3,37,0,5,63,2,70,6,6,90,5,107,80,0,80,187
08/27/2021,SCK,CA,AWP,WE,Towers with Radar,4,4,29,1,38,0,5,40,1,46,4,9,69,2,84,56,0,56,140
08/28/2021,SCK,CA,AWP,WE,Towers with Radar,5,0,25,0,30,0,1,14,0,15,5,1,39,0,45,0,0,0,45
08/29/2021,SCK,CA,AWP,WE,Towers with Radar,6,0,18,0,24,0,0,19,0,19,6,0,37,0,43,20,0,20,63
08/30/2021,SCK,CA,AWP,WE,Towers with Radar,6,4,20,6,36,0,5,46,5,56,6,9,66,11,92,64,10,74,166
08/31/2021,SCK,CA,AWP,WE,Towers with Radar,4,0,27,0,31,0,1,42,4,47,4,1,69,4,78,60,0,60,138
09/01/2021,SCK,CA,AWP,WE,Towers with Radar,7,3,27,0,37,0,3,65,4,72,7,6,92,4,109,158,2,160,269
09/02/2021,SCK,CA,AWP,WE,Towers with Radar,6,4,16,7,33,0,4,55,4,63,6,8,71,11,96,58,16,74,170
09/03/2021,SCK,CA,AWP,WE,Towers with Radar,7,2,22,2,33,0,1,53,5,59,7,3,75,7,92,128,10,138,230
09/04/2021,SCK,CA,AWP,WE,Towers with Radar,6,4,6,0,16,0,1,38,0,39,6,5,44,0,55,84,0,84,139
09/05/2021,SCK,CA,AWP,WE,Towers with Radar,5,0,10,0,15,0,1,27,3,31,5,1,37,3,46,76,0,76,122
09/06/2021,SCK,CA,AWP,WE,Towers with Radar,7,2,23,0,32,0,0,42,0,42,7,2,65,0,74,134,0,134,208
09/07/2021,SCK,CA,AWP,WE,Towers with Radar,6,10,32,15,63,0,0,44,2,46,6,10,76,17,109,26,0,26,135
09/08/2021,SCK,CA,AWP,WE,Towers with Radar,6,3,33,5,47,0,4,65,7,76,6,7,98,12,123,22,26,48,171
09/09/2021,SCK,CA,AWP,WE,Towers with Radar,8,6,27,8,49,0,1,60,0,61,8,7,87,8,110,60,0,60,170
09/10/2021,SCK,CA,AWP,WE,Towers with Radar,6,3,33,4,46,0,9,59,8,76,6,12,92,12,122,42,0,42,164
09/11/2021,SCK,CA,AWP,WE,Towers with Radar,8,1,25,0,34,0,2,41,0,43,8,3,66,0,77,94,0,94,171
09/12/2021,SCK,CA,AWP,WE,Towers with Radar,10,1,11,2,24,0,6,38,2,46,10,7,49,4,70,12,0,12,82
09/13/2021,SCK,CA,AWP,WE,Towers with Radar,6,3,16,4,29,0,3,68,17,88,6,6,84,21,117,56,0,56,173
09/14/2021,SCK,CA,AWP,WE,Towers with Radar,6,2,36,5,49,0,0,55,1,56,6,2,91,6,105,52,4,56,161
09/15/2021,SCK,CA,AWP,WE,Towers with Radar,6,3,18,3,30,0,6,67,5,78,6,9,85,8,108,96,10,106,214
09/16/2021,SCK,CA,AWP,WE,Towers with Radar,6,1,22,0,29,0,5,53,2,60,6,6,75,2,89,122,2,124,213
09/17/2021,SCK,CA,AWP,WE,Towers with Radar,6,0,11,4,21,0,5,63,10,78,6,5,74,14,99,98,26,124,223
09/18/2021,SCK,CA,AWP,WE,Towers with Radar,6,0,14,0,20,0,2,45,0,47,6,2,59,0,67,70,0,70,137
09/19/2021,SCK,CA,AWP,WE,Towers with Radar,6,1,14,0,21,0,8,29,0,37,6,9,43,0,58,34,0,34,92
09/20/2021,SCK,CA,AWP,WE,Towers with Radar,5,0,19,1,25,0,1,59,9,69,5,1,78,10,94,24,14,38,132
09/21/2021,SCK,CA,AWP,WE,Towers with Radar,4,4,6,12,26,0,4,47,14,65,4,8,53,26,91,36,34,70,161
09/22/2021,SCK,CA,AWP,WE,Towers with Radar,6,1,38,8,53,0,10,65,4,79,6,11,103,12,132,122,26,148,280
09/23/2021,SCK,CA,AWP,WE,Towers with Radar,7,0,23,4,34,0,5,74,1,80,7,5,97,5,114,92,0,92,206
09/24/2021,SCK,CA,AWP,WE,Towers with Radar,7,0,18,2,27,0,5,44,1,50,7,5,62,3,77,62,0,62,139
09/25/2021,SCK,CA,AWP,WE,Towers with Radar,8,2,22,2,34,0,4,40,0,44,8,6,62,2,78,64,0,64,142
09/26/2021,SCK,CA,AWP,WE,Towers with Radar,8,4,25,0,37,0,2,40,0,42,8,6,65,0,79,62,0,62,141
09/27/2021,SCK,CA,AWP,WE,Towers with Radar,8,2,20,10,40,0,4,49,1,54,8,6,69,11,94,64,10,74,168
09/28/2021,SCK,CA,AWP,WE,Towers with Radar,6,0,20,6,32,0,0,43,1,44,6,0,63,7,76,32,0,32,108
09/29/2021,SCK,CA,AWP,WE,Towers with Radar,6,2,30,17,55,0,4,47,16,67,6,6,77,33,122,36,16,52,174
09/30/2021,SCK,CA,AWP,WE,Towers with Radar,6,2,25,9,42,0,7,61,6,74,6,9,86,15,116,98,24,122,238
10/01/2021,SCK,CA,AWP,WE,Towers with Radar,4,4,34,0,42,0,6,46,6,58,4,10,80,6,100,72,4,76,176
10/02/2021,SCK,CA,AWP,WE,Towers with Radar,10,0,21,0,31,0,7,47,6,60,10,7,68,6,91,54,6,60,151
10/03/2021,SCK,CA,AWP,WE,Towers with Radar,8,6,22,0,36,0,2,33,0,35,8,8,55,0,71,48,0,48,119
10/04/2021,SCK,CA,AWP,WE,Towers with Radar,7,0,33,2,42,0,3,37,3,43,7,3,70,5,85,52,14,66,151
10/05/2021,SCK,CA,AWP,WE,Towers with Radar,4,0,40,6,50,0,5,47,5,57,4,5,87,11,107,98,18,116,223
10/06/2021,SCK,CA,AWP,WE,Towers with Radar,8,0,17,6,31,0,1,54,2,57,8,1,71,8,88,52,2,54,142
10/07/2021,SCK,CA,AWP,WE,Towers with Radar,8,3,18,14,43,0,5,42,5,52,8,8,60,19,95,44,12,56,151
10/08/2021,SCK,CA,AWP,WE,Towers with Radar,7,0,26,6,39,0,2,43,4,49,7,2,69,10,88,88,2,90,178
10/09/2021,SCK,CA,AWP,WE,Towers with Radar,6,1,26,0,33,0,2,48,0,50,6,3,74,0,83,16,0,16,99
10/10/2021,SCK,CA,AWP,WE,Towers with Radar,9,2,15,0,26,0,0,39,0,39,9,2,54,0,65,46,0,46,111
10/11/2021,SCK,CA,AWP,WE,Towers with Radar,7,0,10,0,17,0,5,6,0,11,7,5,16,0,28,0,0,0,28
10/12/2021,SCK,CA,AWP,WE,Towers with Radar,6,4,18,3,31,0,8,19,5,32,6,12,37,8,63,36,8,44,107
10/13/2021,SCK,CA,AWP,WE,Towers with Radar,8,5,30,3,46,0,4,65,6,75,8,9,95,9,121,113,22,135,256
10/14/2021,SCK,CA,AWP,WE,Towers with Radar,6,6,37,6,55,0,3,54,16,73,6,9,91,22,128,55,48,103,231
10/15/2021,SCK,CA,AWP,WE,Towers with Radar,11,3,34,0,48,0,4,55,4,63,11,7,89,4,111,104,0,104,215
10/16/2021,SCK,CA,AWP,WE,Towers with Radar,6,0,26,0,32,0,0,52,2,54,6,0,78,2,86,62,0,62,148
10/17/2021,SCK,CA,AWP,WE,Towers with Radar,5,5,28,0,38,0,3,49,0,52,5,8,77,0,90,22,0,22,112
10/18/2021,SCK,CA,AWP,WE,Towers with Radar,10,1,30,1,42,0,3,27,6,36,10,4,57,7,78,88,16,104,182
10/19/2021,SCK,CA,AWP,WE,Towers with Radar,7,7,30,11,55,0,2,69,16,87,7,9,99,27,142,106,18,124,266
10/20/2021,SCK,CA,AWP,WE,Towers with Radar,8,2,27,4,41,0,2,29,11,42,8,4,56,15,83,146,32,178,261
10/21/2021,SCK,CA,AWP,WE,Towers with Radar,6,4,28,3,41,0,13,46,1,60,6,17,74,4,101,64,8,72,173
10/22/2021,SCK,CA,AWP,WE,Towers with Radar,10,3,16,0,29,0,2,13,4,19,10,5,29,4,48,38,2,40,88
10/23/2021,SCK,CA,AWP,WE,Towers with Radar,6,6,15,0,27,0,2,30,0,32,6,8,45,0,59,64,0,64,123
10/24/2021,SCK,CA,AWP,WE,Towers with Radar,6,1,4,0,11,0,0,0,0,0,6,1,4,0,11,0,0,0,11
10/25/2021,SCK,CA,AWP,WE,Towers with Radar,10,2,12,15,39,0,0,14,6,20,10,2,26,21,59,36,0,36,95
10/26/2021,SCK,CA,AWP,WE,Towers with Radar,4,0,24,3,31,0,2,40,8,50,4,2,64,11,81,92,20,112,193
10/27/2021,SCK,CA,AWP,WE,Towers with Radar,8,0,27,0,35,0,6,39,2,47,8,6,66,2,82,64,0,64,146
10/28/2021,SCK,CA,AWP,WE,Towers with Radar,7,0,21,0,28,0,0,65,3,68,7,0,86,3,96,126,8,134,230
10/29/2021,SCK,CA,AWP,WE,Towers with Radar,12,5,17,0,34,0,6,23,1,30,12,11,40,1,64,52,2,54,118
10/30/2021,SCK,CA,AWP,WE,Towers with Radar,4,3,27,0,34,0,6,36,0,42,4,9,63,0,76,62,0,62,138
10/31/2021,SCK,CA,AWP,WE,Towers with Radar,6,2,26,0,34,0,3,45,0,48,6,5,71,0,82,78,0,78,160
11/01/2021,SCK,CA,AWP,WE,Towers with Radar,8,3,15,3,29,0,3,17,3,23,8,6,32,6,52,84,44,128,180
11/02/2021,SCK,CA,AWP,WE,Towers with Radar,8,0,34,1,43,0,0,26,2,28,8,0,60,3,71,46,12,58,129
11/03/2021,SCK,CA,AWP,WE,Towers with Radar,8,2,16,0,26,0,7,60,3,70,8,9,76,3,96,36,4,40,136
11/04/2021,SCK,CA,AWP,WE,Towers with Radar,6,0,25,5,36,0,3,32,6,41,6,3,57,11,77,76,28,104,181
11/05/2021,SCK,CA,AWP,WE,Towers with Radar,8,0,32,3,43,0,5,42,1,48,8,5,74,4,91,62,0,62,153
11/06/2021,SCK,CA,AWP,WE,Towers with Radar,6,2,22,0,30,0,4,30,1,35,6,6,52,1,65,44,0,44,109
11/07/2021,SCK,CA,AWP,WE,Towers with Radar,5,0,32,0,37,0,3,40,0,43,5,3,72,0,80,22,0,22,102
11/08/2021,SCK,CA,AWP,WE,Towers with Radar,7,1,30,0,38,0,0,52,2,54,7,1,82,2,92,96,2,98,190
11/09/2021,SCK,CA,AWP,WE,Towers with Radar,6,4,17,3,30,0,1,7,2,10,6,5,24,5,40,26,14,40,80
11/10/2021,SCK,CA,AWP,WE,Towers with Radar,7,2,18,3,30,0,1,35,3,39,7,3,53,6,69,28,16,44,113
11/11/2021,SCK,CA,AWP,WE,Towers with Radar,5,1,22,0,28,0,6,39,1,46,5,7,61,1,74,26,0,26,100
11/12/2021,SCK,CA,AWP,WE,Towers with Radar,5,2,42,0,49,0,1,13,0,14,5,3,55,0,63,12,0,12,75
11/13/2021,SCK,CA,AWP,WE,Towers with Radar,9,6,25,0,40,0,0,4,0,4,9,6,29,0,44,0,0,0,44
11/14/2021,SCK,CA,AWP,WE,Towers with Radar,7,0,59,0,66,0,0,4,0,4,7,0,63,0,70,0,0,0,70
11/15/2021,SCK,CA,AWP,WE,Towers with Radar,8,3,35,2,48,0,1,2,2,5,8,4,37,4,53,2,2,4,57
11/16/2021,SCK,CA,AWP,WE,Towers with Radar,4,2,47,10,63,0,0,7,2,9,4,2,54,12,72,8,0,8,80
11/17/2021,SCK,CA,AWP,WE,Towers with Radar,5,0,26,2,33,0,2,14,4,20,5,2,40,6,53,34,4,38,91
11/18/2021,SCK,CA,AWP,WE,Towers with Radar,7,0,17,1,25,0,0,7,5,12,7,0,24,6,37,6,4,10,47
11/19/2021,SCK,CA,AWP,WE,Towers with Radar,7,3,22,4,36,0,1,16,4,21,7,4,38,8,57,68,6,74,131
11/20/2021,SCK,CA,AWP,WE,Towers with Radar,6,2,25,0,33,0,1,53,0,54,6,3,78,0,87,30,0,30,117
11/21/2021,SCK,CA,AWP,WE,Towers with Radar,6,0,27,0,33,0,1,43,0,44,6,1,70,0,77,18,0,18,95
11/22/2021,SCK,CA,AWP,WE,Towers with Radar,6,5,28,1,40,0,1,64,2,67,6,6,92,3,107,22,4,26,133
11/23/2021,SCK,CA,AWP,WE,Towers with Radar,5,2,21,6,34,0,0,24,0,24,5,2,45,6,58,2,16,18,76
11/24/2021,SCK,CA,AWP,WE,Towers with Radar,9,2,31,0,42,0,8,43,0,51,9,10,74,0,93,42,0,42,135
11/25/2021,SCK,CA,AWP,WE,Towers with Radar,2,0,10,0,12,0,2,9,0,11,2,2,19,0,23,22,0,22,45
11/26/2021,SCK,CA,AWP,WE,Towers with Radar,7,0,17,0,24,0,2,22,0,24,7,2,39,0,48,14,0,14,62
11/27/2021,SCK,CA,AWP,WE,Towers with Radar,8,1,16,0,25,0,5,23,0,28,8,6,39,0,53,20,0,20,73
11/28/2021,SCK,CA,AWP,WE,Towers with Radar,8,2,33,2,45,0,1,39,0,40,8,3,72,2,85,20,0,20,105
11/29/2021,SCK,CA,AWP,WE,Towers with Radar,8,0,16,8,32,0,3,33,3,39,8,3,49,11,71,74,24,98,169
11/30/2021,SCK,CA,AWP,WE,Towers with Radar,6,2,24,2,34,0,2,39,8,49,6,4,63,10,83,50,16,66,149
12/01/2021,SCK,CA,AWP,WE,Towers with Radar,6,1,21,12,40,0,1,27,4,32,6,2,48,16,72,106,6,112,184
12/02/2021,SCK,CA,AWP,WE,Towers with Radar,6,2,19,1,28,0,0,24,3,27,6,2,43,4,55,106,0,106,161
12/03/2021,SCK,CA,AWP,WE,Towers with Radar,7,4,27,1,39,0,0,2,0,2,7,4,29,1,41,0,0,0,41
12/04/2021,SCK,CA,AWP,WE,Towers with Radar,6,5,34,1,46,0,0,0,0,0,6,5,34,1,46,0,0,0,46
12/05/2021,SCK,CA,AWP,WE,Towers with Radar,7,0,21,0,28,0,0,4,0,4,7,0,25,0,32,0,0,0,32
12/06/2021,SCK,CA,AWP,WE,Towers with Radar,7,0,14,3,24,0,0,1,1,2,7,0,15,4,26,50,0,50,76
12/07/2021,SCK,CA,AWP,WE,Towers with Radar,8,6,33,1,48,0,2,2,2,6,8,8,35,3,54,28,34,62,116
12/08/2021,SCK,CA,AWP,WE,Towers with Radar,6,8,35,1,50,0,1,2,1,4,6,9,37,2,54,50,4,54,108
12/09/2021,SCK,CA,AWP,WE,Towers with Radar,5,3,12,0,20,0,6,27,1,34,5,9,39,1,54,78,0,78,132
12/10/2021,SCK,CA,AWP,WE,Towers with Radar,8,4,22,1,35,0,5,62,1,68,8,9,84,2,103,102,2,104,207
12/11/2021,SCK,CA,AWP,WE,Towers with Radar,6,4,11,0,21,0,0,37,0,37,6,4,48,0,58,34,0,34,92
12/12/2021,SCK,CA,AWP,WE,Towers with Radar,7,3,10,0,20,0,2,3,0,5,7,5,13,0,25,0,0,0,25
12/13/2021,SCK,CA,AWP,WE,Towers with Radar,7,3,10,0,20,0,0,1,0,1,7,3,11,0,21,0,0,0,21
12/14/2021,SCK,CA,AWP,WE,Towers with Radar,6,5,9,7,27,0,2,17,6,25,6,7,26,13,52,40,40,80,132
12/15/2021,SCK,CA,AWP,WE,Towers with Radar,6,2,10,3,21,0,2,17,13,32,6,4,27,16,53,6,46,52,105
12/16/2021,SCK,CA,AWP,WE,Towers with Radar,8,8,28,12,56,0,1,34,3,38,8,9,62,15,94,38,4,42,136
12/17/2021,SCK,CA,AWP,WE,Towers with Radar,6,1,42,0,49,0,0,31,0,31,6,1,73,0,80,84,0,84,164
12/18/2021,SCK,CA,AWP,WE,Towers with Radar,8,3,39,0,50,0,0,10,0,10,8,3,49,0,60,40,0,40,100
12/19/2021,SCK,CA,AWP,WE,Towers with Radar,6,1,28,0,35,0,0,1,0,1,6,1,29,0,36,0,0,0,36
12/20/2021,SCK,CA,AWP,WE,Towers with Radar,8,6,40,0,54,0,0,6,0,6,8,6,46,0,60,0,20,20,80
12/21/2021,SCK,CA,AWP,WE,Towers with Radar,5,4,35,0,44,0,0,4,3,7,5,4,39,3,51,36,2,38,89
12/22/2021,SCK,CA,AWP,WE,Towers with Radar,6,5,14,0,25,0,0,6,0,6,6,5,20,0,31,82,0,82,113
12/23/2021,SCK,CA,AWP,WE,Towers with Radar,8,5,15,0,28,0,1,3,0,4,8,6,18,0,32,8,0,8,40
12/24/2021,SCK,CA,AWP,WE,Towers with Radar,4,0,9,0,13,0,2,26,0,28,4,2,35,0,41,20,0,20,61
12/25/2021,SCK,CA,AWP,WE,Towers with Radar,2,3,2,0,7,0,0,1,0,1,2,3,3,0,8,0,0,0,8
12/26/2021,SCK,CA,AWP,WE,Towers with Radar,4,5,8,0,17,0,0,5,0,5,4,5,13,0,22,0,0,0,22
12/27/2021,SCK,CA,AWP,WE,Towers with Radar,8,4,27,0,39,0,0,12,0,12,8,4,39,0,51,64,0,64,115
12/28/2021,SCK,CA,AWP,WE,Towers with Radar,6,2,20,0,28,0,5,23,0,28,6,7,43,0,56,100,0,100,156
12/29/2021,SCK,CA,AWP,WE,Towers with Radar,5,4,8,0,17,0,0,6,0,6,5,4,14,0,23,22,0,22,45
12/30/2021,SCK,CA,AWP,WE,Towers with Radar,6,9,24,0,39,0,6,62,0,68,6,15,86,0,107,98,0,98,205
12/31/2021,SCK,CA,AWP,WE,Towers with Radar,5,4,20,0,29,0,4,12,0,16,5,8,32,0,45,34,0,34,79
01/01/2022,SCK,CA,AWP,WE,Towers with Radar,2,1,13,0,16,0,2,27,0,29,2,3,40,0,45,12,0,12,57
01/02/2022,SCK,CA,AWP,WE,Towers with Radar,7,0,24,0,31,0,0,38,0,38,7,0,62,0,69,46,0,46,115
01/03/2022,SCK,CA,AWP,WE,Towers with Radar,7,3,14,0,24,0,0,33,2,35,7,3,47,2,59,50,2,52,111
01/04/2022,SCK,CA,AWP,WE,Towers with Radar,6,2,19,2,29,0,0,13,3,16,6,2,32,5,45,64,16,80,125
01/05/2022,SCK,CA,AWP,WE,Towers with Radar,6,7,27,1,41,0,5,42,2,49,6,12,69,3,90,60,36,96,186
01/06/2022,SCK,CA,AWP,WE,Towers with Radar,7,2,17,0,26,0,2,2,0,4,7,4,19,0,30,10,0,10,40
01/07/2022,SCK,CA,AWP,WE,Towers with Radar,5,2,25,0,32,0,3,7,0,10,5,5,32,0,42,82,0,82,124
01/08/2022,SCK,CA,AWP,WE,Towers with Radar,5,1,40,1,47,0,5,16,1,22,5,6,56,2,69,28,8,36,105
01/09/2022,SCK,CA,AWP,WE,Towers with Radar,6,5,27,0,38,0,5,52,0,57,6,10,79,0,95,66,0,66,161
01/10/2022,SCK,CA,AWP,WE,Towers with Radar,4,3,33,0,40,0,3,51,0,54,4,6,84,0,94,64,0,64,158
01/11/2022,SCK,CA,AWP,WE,Towers with Radar,7,1,27,1,36,0,2,70,2,74,7,3,97,3,110,54,20,74,184
01/12/2022,SCK,CA,AWP,WE,Towers with Radar,7,2,24,7,40,0,3,50,5,58,7,5,74,12,98,102,10,112,210
01/13/2022,SCK,CA,AWP,WE,Towers with Radar,7,1,35,9,52,0,4,30,5,39,7,5,65,14,91,68,18,86,177
01/14/2022,SCK,CA,AWP,WE,Towers with Radar,3,2,25,2,32,0,2,49,4,55,3,4,74,6,87,44,16,60,147
01/15/2022,SCK,CA,AWP,WE,Towers with Radar,5,20,29,0,54,0,0,14,0,14,5,20,43,0,68,22,0,22,90
01/16/2022,SCK,CA,AWP,WE,Towers with Radar,7,0,18,0,25,0,5,30,0,35,7,5,48,0,60,8,0,8,68
01/17/2022,SCK,CA,AWP,WE,Towers with Radar,7,0,33,0,40,0,1,51,0,52,7,1,84,0,92,128,0,128,220
01/18/2022,SCK,CA,AWP,WE,Towers with Radar,5,0,23,4,32,0,1,43,3,47,5,1,66,7,79,80,6,86,165
01/19/2022,SCK,CA,AWP,WE,Towers with Radar,5,4,36,4,49,0,0,31,11,42,5,4,67,15,91,46,0,46,137
01/20/2022,SCK,CA,AWP,WE,Towers with Radar,7,3,19,2,31,0,2,40,1,43,7,5,59,3,74,112,0,112,186
01/21/2022,SCK,CA,AWP,WE,Towers with Radar,5,2,18,2,27,0,4,42,0,46,5,6,60,2,73,70,2,72,145
01/22/2022,SCK,CA,AWP,WE,Towers with Radar,5,3,24,0,32,0,0,33,0,33,5,3,57,0,65,48,0,48,113
01/23/2022,SCK,CA,AWP,WE,Towers with Radar,7,3,22,0,32,0,0,14,0,14,7,3,36,0,46,60,0,60,106
01/24/2022,SCK,CA,AWP,WE,Towers with Radar,8,0,20,0,28,0,0,44,2,46,8,0,64,2,74,54,12,66,140
01/25/2022,SCK,CA,AWP,WE,Towers with Radar,5,1,29,4,39,0,4,38,4,46,5,5,67,8,85,56,22,78,163
01/26/2022,SCK,CA,AWP,WE,Towers with Radar,5,0,22,2,29,0,0,50,10,60,5,0,72,12,89,32,20,52,141
01/27/2022,SCK,CA,AWP,WE,Towers with Radar,7,6,23,3,39,0,8,33,4,45,7,14,56,7,84,44,12,56,140
01/28/2022,SCK,CA,AWP,WE,Towers with Radar,7,0,25,1,33,0,0,43,2,45,7,0,68,3,78,50,6,56,134
01/29/2022,SCK,CA,AWP,WE,Towers with Radar,5,2,21,0,28,0,4,19,1,24,5,6,40,1,52,12,0,12,64
01/30/2022,SCK,CA,AWP,WE,Towers with Radar,7,5,19,1,32,0,2,38,0,40,7,7,57,1,72,76,0,76,148
01/31/2022,SCK,CA,AWP,WE,Towers with Radar,5,1,13,6,25,0,0,33,2,35,5,1,46,8,60,14,6,20,80
02/01/2022,SCK,CA,AWP,WE,Towers with Radar,5,3,10,2,20,0,2,24,6,32,5,5,34,8,52,52,8,60,112
02/02/2022,SCK,CA,AWP,WE,Towers with Radar,4,3,3,5,15,0,5,21,6,32,4,8,24,11,47,20,16,36,83
02/03/2022,SCK,CA,AWP,WE,Towers with Radar,5,2,26,3,36,0,0,56,4,60,5,2,82,7,96,120,20,140,236
02/04/2022,SCK,CA,AWP,WE,Towers with Radar,8,2,17,4,31,0,4,45,11,60,8,6,62,15,91,26,2,28,119
02/05/2022,SCK,CA,AWP,WE,Towers with Radar,5,4,28,1,38,0,2,33,4,39,5,6,61,5,77,44,10,54,131
02/06/2022,SCK,CA,AWP,WE,Towers with Radar,7,1,12,0,20,0,5,28,0,33,7,6,40,0,53,16,0,16,69
02/07/2022,SCK,CA,AWP,WE,Towers with Radar,7,0,28,5,40,0,4,38,8,50,7,4,66,13,90,26,16,42,132
02/08/2022,SCK,CA,AWP,WE,Towers with Radar,5,5,23,1,34,0,2,50,12,64,5,7,73,13,98,64,28,92,190
02/09/2022,SCK,CA,AWP,WE,Towers with Radar,5,6,31,4,46,0,10,40,7,57,5,16,71,11,103,50,22,72,175
02/10/2022,SCK,CA,AWP,WE,Towers with Radar,7,6,20,3,36,0,6,36,8,50,7,12,56,11,86,22,6,28,114
02/11/2022,SCK,CA,AWP,WE,Towers with Radar,7,0,22,0,29,0,2,46,0,48,7,2,68,0,77,126,0,126,203
02/12/2022,SCK,CA,AWP,WE,Towers with Radar,5,0,21,0,26,0,2,43,0,45,5,2,64,0,71,34,0,34,105
02/13/2022,SCK,CA,AWP,WE,Towers with Radar,7,7,5,0,19,0,2,33,1,36,7,9,38,1,55,32,0,32,87
02/14/2022,SCK,CA,AWP,WE,Towers with Radar,5,3,22,1,31,0,4,40,4,48,5,7,62,5,79,120,0,120,199
02/15/2022,SCK,CA,AWP,WE,Towers with Radar,5,4,32,4,45,0,0,29,4,33,5,4,61,8,78,16,6,22,100
02/16/2022,SCK,CA,AWP,WE,Towers with Radar,5,4,25,0,34,0,2,52,4,58,5,6,77,4,92,66,8,74,166
02/17/2022,SCK,CA,AWP,WE,Towers with Radar,6,2,25,4,37,0,1,61,6,68,6,3,86,10,105,176,0,176,281
02/18/2022,SCK,CA,AWP,WE,Towers with Radar,7,1,29,0,37,0,5,50,8,63,7,6,79,8,100,134,24,158,258
02/19/2022,SCK,CA,AWP,WE,Towers with Radar,4,2,23,0,29,0,4,35,0,39,4,6,58,0,68,26,0,26,94
02/20/2022,SCK,CA,AWP,WE,Towers with Radar,9,1,29,0,39,0,3,30,1,34,9,4,59,1,73,32,0,32,105
02/21/2022,SCK,CA,AWP,WE,Towers with Radar,7,1,32,0,40,0,0,44,0,44,7,1,76,0,84,86,0,86,170
02/22/2022,SCK,CA,AWP,WE,Towers with Radar,5,8,15,6,34,0,4,32,5,41,5,12,47,11,75,52,0,52,127
02/23/2022,SCK,CA,AWP,WE,Towers with Radar,5,3,32,3,43,0,11,40,8,59,5,14,72,11,102,76,8,84,186
02/24/2022,SCK,CA,AWP,WE,Towers with Radar,7,2,18,6,33,0,5,56,4,65,7,7,74,10,98,96,0,96,194
02/25/2022,SCK,CA,AWP,WE,Towers with Radar,6,2,22,0,30,0,5,52,2,59,6,7,74,2,89,68,0,68,157
02/26/2022,SCK,CA,AWP,WE,Towers with Radar,5,1,20,0,26,0,1,32,1,34,5,2,52,1,60,40,0,40,100
02/27/2022,SCK,CA,AWP,WE,Towers with Radar,7,4,14,7,32,0,0,25,1,26,7,4,39,8,58,32,22,54,112
02/28/2022,SCK,CA,AWP,WE,Towers with Radar,7,0,22,0,29,0,3,56,3,62,7,3,78,3,91,78,4,82,173
03/01/2022,SCK,CA,AWP,WE,Towers with Radar,5,0,21,8,34,0,4,33,10,47,5,4,54,18,81,38,16,54,135
03/02/2022,SCK,CA,AWP,WE,Towers with Radar,5,2,36,0,43,0,3,49,5,57,5,5,85,5,100,64,0,64,164
03/03/2022,SCK,CA,AWP,WE,Towers with Radar,5,4,16,0,25,0,1,35,2,38,5,5,51,2,63,84,10,94,157
03/04/2022,SCK,CA,AWP,WE,Towers with Radar,9,0,15,0,24,0,2,16,0,18,9,2,31,0,42,118,0,118,160
03/05/2022,SCK,CA,AWP,WE,Towers with Radar,5,2,16,0,23,0,4,24,0,28,5,6,40,0,51,52,0,52,103
03/06/2022,SCK,CA,AWP,WE,Towers with Radar,7,5,17,0,29,0,7,33,0,40,7,12,50,0,69,18,0,18,87
03/07/2022,SCK,CA,AWP,WE,Towers with Radar,7,9,23,12,51,0,4,59,3,66,7,13,82,15,117,54,2,56,173
03/08/2022,SCK,CA,AWP,WE,Towers with Radar,5,6,27,2,40,0,7,57,5,69,5,13,84,7,109,136,8,144,253
03/09/2022,SCK,CA,AWP,WE,Towers with Radar,5,0,27,11,43,0,8,61,7,76,5,8,88,18,119,84,4,88,207
03/10/2022,SCK,CA,AWP,WE,Towers with Radar,5,1,14,5,25,0,3,35,3,41,5,4,49,8,66,38,10,48,114
03/11/2022,SCK,CA,AWP,WE,Towers with Radar,7,2,37,2,48,0,3,54,3,60,7,5,91,5,108,40,0,40,148
03/12/2022,SCK,CA,AWP,WE,Towers with Radar,5,0,15,0,20,0,3,28,0,31,5,3,43,0,51,28,0,28,79
03/13/2022,SCK,CA,AWP,WE,Towers with Radar,5,2,19,0,26,0,1,35,0,36,5,3,54,0,62,20,0,20,82
03/14/2022,SCK,CA,AWP,WE,Towers with Radar,7,0,19,0,26,0,6,62,6,74,7,6,81,6,100,106,0,106,206
03/15/2022,SCK,CA,AWP,WE,Towers with Radar,5,3,26,0,34,0,4,26,13,43,5,7,52,13,77,58,42,100,177
03/16/2022,SCK,CA,AWP,WE,Towers with Radar,5,3,13,3,24,0,1,38,4,43,5,4,51,7,67,98,8,106,173
03/17/2022,SCK,CA,AWP,WE,Towers with Radar,5,3,20,4,32,0,10,68,2,80,5,13,88,6,112,144,20,164,276
03/18/2022,SCK,CA,AWP,WE,Towers with Radar,9,2,25,3,39,0,5,38,1,44,9,7,63,4,83,108,2,110,193
03/19/2022,SCK,CA,AWP,WE,Towers with Radar,5,0,18,0,23,0,4,4,1,9,5,4,22,1,32,28,0,28,60
03/20/2022,SCK,CA,AWP,WE,Towers with Radar,7,2,6,0,15,0,9,10,7,26,7,11,16,7,41,2,22,24,65
03/21/2022,SCK,CA,AWP,WE,Towers with Radar,7,2,35,2,46,0,8,35,3,46,7,10,70,5,92,42,4,46,138
03/22/2022,SCK,CA,AWP,WE,Towers with Radar,5,3,24,2,34,0,7,51,0,58,5,10,75,2,92,98,0,98,190
03/23/2022,SCK,CA,AWP,WE,Towers with Radar,6,0,17,13,36,0,9,54,5,68,6,9,71,18,104,88,8,96,200
03/24/2022,SCK,CA,AWP,WE,Towers with Radar,5,2,16,2,25,0,10,56,3,69,5,12,72,5,94,92,0,92,186
03/25/2022,SCK,CA,AWP,WE,Towers with Radar,7,2,29,0,38,0,7,47,2,56,7,9,76,2,94,70,0,70,164
03/26/2022,SCK,CA,AWP,WE,Towers with Radar,4,0,13,0,17,0,6,27,0,33,4,6,40,0,50,29,0,29,79
03/27/2022,SCK,CA,AWP,WE,Towers with Radar,7,2,17,0,26,0,2,60,1,63,7,4,77,1,89,52,0,52,141
03/28/2022,SCK,CA,AWP,WE,Towers with Radar,7,7,6,1,21,0,5,8,1,14,7,12,14,2,35,0,8,8,43
03/29/2022,SCK,CA,AWP,WE,Towers with Radar,5,3,34,2,44,0,3,50,5,58,5,6,84,7,102,54,2,56,158
03/30/2022,SCK,CA,AWP,WE,Towers with Radar,5,13,29,13,60,0,5,43,1,49,5,18,72,14,109,56,20,76,185
03/31/2022,SCK,CA,AWP,WE,Towers with Radar,5,10,17,0,32,0,7,33,9,49,5,17,50,9,81,18,4,22,103
04/01/2022,SCK,CA,AWP,WE,Towers with Radar,7,2,24,0,33,0,12,55,0,67,7,14,79,0,100,90,0,90,190
04/02/2022,SCK,CA,AWP,WE,Towers with Radar,5,1,30,1,37,0,5,52,2,59,5,6,82,3,96,36,0,36,132
04/03/2022,SCK,CA,AWP,WE,Towers with Radar,7,0,14,0,21,0,7,33,0,40,7,7,47,0,61,6,0,6,67
04/04/2022,SCK,CA,AWP,WE,Towers with Radar,7,2,20,4,33,0,6,39,7,52,7,8,59,11,85,36,22,58,143
04/05/2022,SCK,CA,AWP,WE,Towers with Radar,5,4,16,4,29,0,5,39,0,44,5,9,55,4,73,40,0,40,113
04/06/2022,SCK,CA,AWP,WE,Towers with Radar,5,0,37,3,45,0,6,53,4,63,5,6,90,7,108,60,0,60,168
04/07/2022,SCK,CA,AWP,WE,Towers with Radar,7,2,21,1,31,0,2,57,2,61,7,4,78,3,92,46,0,46,138
04/08/2022,SCK,CA,AWP,WE,Towers with Radar,7,0,13,0,20,0,5,28,2,35,7,5,41,2,55,44,0,44,99
04/09/2022,SCK,CA,AWP,WE,Towers with Radar,5,1,17,0,23,0,0,15,0,15,5,1,32,0,38,4,0,4,42
04/10/2022,SCK,CA,AWP,WE,Towers with Radar,6,3,10,0,19,0,3,22,0,25,6,6,32,0,44,40,0,40,84
04/11/2022,SCK,CA,AWP,WE,Towers with Radar,7,0,3,0,10,0,2,5,3,10,7,2,8,3,20,0,0,0,20
04/12/2022,SCK,CA,AWP,WE,Towers with Radar,5,4,28,3,40,0,1,59,2,62,5,5,87,5,102,80,0,80,182
04/13/2022,SCK,CA,AWP,WE,Towers with Radar,5,3,20,1,29,0,5,47,8,60,5,8,67,9,89,92,0,92,181
04/14/2022,SCK,CA,AWP,WE,Towers with Radar,5,1,15,2,23,0,0,9,6,15,5,1,24,8,38,60,14,74,112
04/15/2022,SCK,CA,AWP,WE,Towers with Radar,7,3,14,6,30,0,6,40,4,50,7,9,54,10,80,22,0,22,102
04/16/2022,SCK,CA,AWP,WE,Towers with Radar,5,0,17,0,22,0,4,36,0,40,5,4,53,0,62,18,0,18,80
04/17/2022,SCK,CA,AWP,WE,Towers with Radar,5,1,15,0,21,0,7,39,0,46,5,8,54,0,67,58,0,58,125
04/18/2022,SCK,CA,AWP,WE,Towers with Radar,7,3,30,8,48,0,2,53,8,63,7,5,83,16,111,52,0,52,163
04/19/2022,SCK,CA,AWP,WE,Towers with Radar,5,4,21,0,30,0,3,29,16,48,5,7,50,16,78,22,26,48,126
04/20/2022,SCK,CA,AWP,WE,Towers with Radar,5,5,11,1,22,0,14,50,7,71,5,19,61,8,93,76,14,90,183
04/21/2022,SCK,CA,AWP,WE,Towers with Radar,5,3,21,1,30,0,2,2,1,5,5,5,23,2,35,0,0,0,35
04/22/2022,SCK,CA,AWP,WE,Towers with Radar,7,1,21,7,36,0,7,18,4,29,7,8,39,11,65,26,16,42,107
04/23/2022,SCK,CA,AWP,WE,Towers with Radar,3,4,17,0,24,0,10,30,8,48,3,14,47,8,72,22,0,22,94
04/24/2022,SCK,CA,AWP,WE,Towers with Radar,5,5,19,0,29,0,4,43,7,54,5,9,62,7,83,74,0,74,157
04/25/2022,SCK,CA,AWP,WE,Towers with Radar,7,3,26,2,38,0,0,54,2,56,7,3,80,4,94,98,0,98,192
04/26/2022,SCK,CA,AWP,WE,Towers with Radar,5,2,16,2,25,0,4,46,3,53,5,6,62,5,78,32,20,52,130
04/27/2022,SCK,CA,AWP,WE,Towers with Radar,6,0,20,5,31,0,4,66,3,73,6,4,86,8,104,64,0,64,168
04/28/2022,SCK,CA,AWP,WE,Towers with Radar,5,5,19,7,36,0,6,35,7,48,5,11,54,14,84,30,14,44,128
04/29/2022,SCK,CA,AWP,WE,Towers with Radar,7,4,33,5,49,0,2,56,3,61,7,6,89,8,110,38,0,38,148
04/30/2022,SCK,CA,AWP,WE,Towers with Radar,5,7,12,0,24,0,5,32,0,37,5,12,44,0,61,26,0,26,87
05/01/2022,SCK,CA,AWP,WE,Towers with Radar,5,0,10,0,15,0,7,30,0,37,5,7,40,0,52,22,0,22,74
05/02/2022,SCK,CA,AWP,WE,Towers with Radar,6,0,17,0,23,0,0,30,3,33,6,0,47,3,56,12,2,14,70
05/03/2022,SCK,CA,AWP,WE,Towers with Radar,5,0,20,1,26,0,4,34,6,44,5,4,54,7,70,30,14,44,114
05/04/2022,SCK,CA,AWP,WE,Towers with Radar,3,0,36,0,39,0,9,61,7,77,3,9,97,7,116,62,2,64,180
05/05/2022,SCK,CA,AWP,WE,Towers with Radar,5,12,17,0,34,0,17,41,4,62,5,29,58,4,96,110,4,114,210
05/06/2022,SCK,CA,AWP,WE,Towers with Radar,5,2,28,1,36,0,4,33,1,38,5,6,61,2,74,70,0,70,144
05/07/2022,SCK,CA,AWP,WE,Towers with Radar,5,2,24,0,31,0,4,37,0,41,5,6,61,0,72,0,0,0,72
05/08/2022,SCK,CA,AWP,WE,Towers with Radar,4,0,12,4,20,0,1,6,0,7,4,1,18,4,27,0,0,0,27
05/09/2022,SCK,CA,AWP,WE,Towers with Radar,7,1,31,12,51,0,1,27,5,33,7,2,58,17,84,8,22,30,114
05/10/2022,SCK,CA,AWP,WE,Towers with Radar,5,5,25,4,39,0,8,36,6,50,5,13,61,10,89,48,10,58,147
05/11/2022,SCK,CA,AWP,WE,Towers with Radar,3,10,21,6,40,0,9,40,5,54,3,19,61,11,94,24,14,38,132
05/12/2022,SCK,CA,AWP,WE,Towers with Radar,5,6,33,2,46,0,9,56,2,67,5,15,89,4,113,56,12,68,181
05/13/2022,SCK,CA,AWP,WE,Towers with Radar,6,0,25,0,31,0,6,32,3,41,6,6,57,3,72,30,0,30,102
05/14/2022,SCK,CA,AWP,WE,Towers with Radar,5,2,34,0,41,0,5,48,1,54,5,7,82,1,95,56,0,56,151
05/15/2022,SCK,CA,AWP,WE,Towers with Radar,5,3,10,0,18,0,3,38,2,43,5,6,48,2,61,32,0,32,93
05/16/2022,SCK,CA,AWP,WE,Towers with Radar,5,0,20,2,27,0,6,24,1,31,5,6,44,3,58,26,4,30,88
05/17/2022,SCK,CA,AWP,WE,Towers with Radar,5,3,35,5,48,0,11,51,5,67,5,14,86,10,115,86,20,106,221
05/18/2022,SCK,CA,AWP,WE,Towers with Radar,3,1,22,3,29,0,2,40,9,51,3,3,62,12,80,68,18,86,166
05/19/2022,SCK,CA,AWP,WE,Towers with Radar,5,1,20,0,26,0,9,37,0,46,5,10,57,0,72,50,0,50,122
05/20/2022,SCK,CA,AWP,WE,Towers with Radar,6,2,15,0,23,0,3,23,0,26,6,5,38,0,49,4,0,4,53
05/21/2022,SCK,CA,AWP,WE,Towers with Radar,5,3,35,0,43,0,8,39,0,47,5,11,74,0,90,40,0,40,130
05/22/2022,SCK,CA,AWP,WE,Towers with Radar,6,2,14,0,22,0,0,48,0,48,6,2,62,0,70,44,0,44,114
05/23/2022,SCK,CA,AWP,WE,Towers with Radar,5,2,20,0,27,0,6,36,2,44,5,8,56,2,71,42,0,42,113
05/24/2022,SCK,CA,AWP,WE,Towers with Radar,5,0,21,1,27,0,3,35,4,42,5,3,56,5,69,18,8,26,95
05/25/2022,SCK,CA,AWP,WE,Towers with Radar,3,2,16,4,25,0,1,41,5,47,3,3,57,9,72,34,24,58,130
05/26/2022,SCK,CA,AWP,WE,Towers with Radar,5,2,16,0,23,0,4,63,1,68,5,6,79,1,91,88,2,90,181
05/27/2022,SCK,CA,AWP,WE,Towers with Radar,8,0,37,2,47,0,14,77,2,93,8,14,114,4,140,64,0,64,204
05/28/2022,SCK,CA,AWP,WE,Towers with Radar,5,3,7,0,15,0,5,27,0,32,5,8,34,0,47,30,0,30,77
05/29/2022,SCK,CA,AWP,WE,Towers with Radar,5,2,6,0,13,0,5,26,2,33,5,7,32,2,46,20,0,20,66
05/30/2022,SCK,CA,AWP,WE,Towers with Radar,8,0,9,0,17,0,0,43,0,43,8,0,52,0,60,26,0,26,86
05/31/2022,SCK,CA,AWP,WE,Towers with Radar,8,3,19,1,31,0,0,43,4,47,8,3,62,5,78,36,0,36,114
06/01/2022,SCK,CA,AWP,WE,Towers with Radar,5,0,29,1,35,0,5,53,1,59,5,5,82,2,94,40,0,40,134
06/02/2022,SCK,CA,AWP,WE,Towers with Radar,5,1,16,0,22,1,0,54,3,58,6,1,70,3,80,80,2,82,162
06/03/2022,SCK,CA,AWP,WE,Towers with Radar,5,3,6,15,29,0,2,60,2,64,5,5,66,17,93,76,12,88,181
06/04/2022,SCK,CA,AWP,WE,Towers with Radar,5,0,23,0,28,0,3,42,0,45,5,3,65,0,73,92,0,92,165
06/05/2022,SCK,CA,AWP,WE,Towers with Radar,5,0,11,1,17,0,0,28,1,29,5,0,39,2,46,2,0,2,48
06/06/2022,SCK,CA,AWP,WE,Towers with Radar,5,1,10,2,18,0,5,48,6,59,5,6,58,8,77,20,20,40,117
06/07/2022,SCK,CA,AWP,WE,Towers with Radar,5,4,19,0,28,0,7,52,8,67,5,11,71,8,95,62,18,80,175
06/08/2022,SCK,CA,AWP,WE,Towers with Radar,5,2,36,3,46,0,0,61,5,66,5,2,97,8,112,112,20,132,244
06/09/2022,SCK,CA,AWP,WE,Towers with Radar,3,3,24,2,32,0,5,70,5,80,3,8,94,7,112,104,14,118,230
06/10/2022,SCK,CA,AWP,WE,Towers with Radar,6,0,21,1,28,0,1,41,2,44,6,1,62,3,72,36,0,36,108
06/11/2022,SCK,CA,AWP,WE,Towers with Radar,5,0,9,0,14,0,5,27,1,33,5,5,36,1,47,26,0,26,73
06/12/2022,SCK,CA,AWP,WE,Towers with Radar,4,0,30,1,35,0,1,37,2,40,4,1,67,3,75,16,0,16,91
06/13/2022,SCK,CA,AWP,WE,Towers with Radar,5,4,23,0,32,0,3,40,0,43,5,7,63,0,75,12,0,12,87
06/14/2022,SCK,CA,AWP,WE,Towers with Radar,5,2,24,0,31,0,6,39,0,45,5,8,63,0,76,34,0,34,110
06/15/2022,SCK,CA,AWP,WE,Towers with Radar,4,3,28,1,36,0,3,62,3,68,4,6,90,4,104,12,10,22,126
06/16/2022,SCK,CA,AWP,WE,Towers with Radar,4,1,15,4,24,0,3,60,4,67,4,4,75,8,91,24,18,42,133
06/17/2022,SCK,CA,AWP,WE,Towers with Radar,5,0,14,2,21,0,1,34,2,37,5,1,48,4,58,60,0,60,118
06/18/2022,SCK,CA,AWP,WE,Towers with Radar,5,0,20,0,25,0,5,35,2,42,5,5,55,2,67,36,0,36,103
06/19/2022,SCK,CA,AWP,WE,Towers with Radar,5,2,10,0,17,0,4,26,0,30,5,6,36,0,47,24,0,24,71
06/20/2022,SCK,CA,AWP,WE,Towers with Radar,5,2,22,0,29,0,6,46,0,52,5,8,68,0,81,106,0,106,187
06/21/2022,SCK,CA,AWP,WE,Towers with Radar,7,0,22,0,29,0,0,44,0,44,7,0,66,0,73,132,0,132,205
06/22/2022,SCK,CA,AWP,WE,Towers with Radar,5,1,16,3,25,1,0,46,1,48,6,1,62,4,73,60,10,70,143
06/23/2022,SCK,CA,AWP,WE,Towers with Radar,5,5,9,0,19,0,6,35,2,43,5,11,44,2,62,94,0,94,156
06/24/2022,SCK,CA,AWP,WE,Towers with Radar,5,0,12,0,17,0,3,26,2,31,5,3,38,2,48,92,0,92,140
06/25/2022,SCK,CA,AWP,WE,Towers with Radar,4,0,9,0,13,0,8,36,1,45,4,8,45,1,58,42,4,46,104
06/26/2022,SCK,CA,AWP,WE,Towers with Radar,5,0,11,0,16,0,1,34,0,35,5,1,45,0,51,46,0,46,97
06/27/2022,SCK,CA,AWP,WE,Towers with Radar,8,1,8,6,23,0,3,29,7,39,8,4,37,13,62,54,8,62,124
06/28/2022,SCK,CA,AWP,WE,Towers with Radar,5,3,18,3,29,0,8,57,3,68,5,11,75,6,97,66,10,76,173
06/29/2022,SCK,CA,AWP,WE,Towers with Radar,5,2,18,2,27,0,6,40,4,50,5,8,58,6,77,70,2,72,149
06/30/2022,SCK,CA,AWP,WE,Towers with Radar,6,4,25,0,35,0,6,52,1,59,6,10,77,1,94,118,0,118,212
07/01/2022,SCK,CA,AWP,WE,Towers with Radar,6,2,15,6,29,0,9,53,1,63,6,11,68,7,92,144,0,144,236
07/02/2022,SCK,CA,AWP,WE,Towers with Radar,5,1,9,0,15,0,7,32,1,40,5,8,41,1,55,8,0,8,63
07/03/2022,SCK,CA,AWP,WE,Towers with Radar,4,4,3,0,11,0,4,25,0,29,4,8,28,0,40,2,0,2,42
07/04/2022,SCK,CA,AWP,WE,Towers with Radar,0,4,12,0,16,0,4,39,2,45,0,8,51,2,61,40,0,40,101
07/05/2022,SCK,CA,AWP,WE,Towers with Radar,5,4,29,5,43,0,3,49,2,54,5,7,78,7,97,122,8,130,227
07/06/2022,SCK,CA,AWP,WE,Towers with Radar,6,1,27,0,34,3,1,61,0,65,9,2,88,0,99,102,0,102,201
07/07/2022,SCK,CA,AWP,WE,Towers with Radar,6,1,13,0,20,0,2,46,1,49,6,3,59,1,69,82,0,82,151
07/08/2022,SCK,CA,AWP,WE,Towers with Radar,4,2,18,1,25,0,3,55,2,60,4,5,73,3,85,86,2,88,173
07/09/2022,SCK,CA,AWP,WE,Towers with Radar,5,2,17,1,25,0,5,35,1,41,5,7,52,2,66,40,2,42,108
07/10/2022,SCK,CA,AWP,WE,Towers with Radar,5,1,18,0,24,0,3,24,0,27,5,4,42,0,51,4,0,4,55
07/11/2022,SCK,CA,AWP,WE,Towers with Radar,8,2,29,0,39,0,7,67,0,74,8,9,96,0,113,44,0,44,157
07/12/2022,SCK,CA,AWP,WE,Towers with Radar,5,1,12,3,21,0,4,55,7,66,5,5,67,10,87,70,28,98,185
07/13/2022,SCK,CA,AWP,WE,Towers with Radar,5,1,28,3,37,0,3,73,3,79,5,4,101,6,116,112,0,112,228
07/14/2022,SCK,CA,AWP,WE,Towers with Radar,5,0,21,3,29,0,5,70,1,76,5,5,91,4,105,128,8,136,241
07/15/2022,SCK,CA,AWP,WE,Towers with Radar,5,3,22,0,30,0,0,31,0,31,5,3,53,0,61,22,0,22,83
07/16/2022,SCK,CA,AWP,WE,Towers with Radar,5,1,26,0,32,0,8,33,0,41,5,9,59,0,73,26,0,26,99
07/17/2022,SCK,CA,AWP,WE,Towers with Radar,5,5,14,0,24,0,0,25,0,25,5,5,39,0,49,30,0,30,79
07/18/2022,SCK,CA,AWP,WE,Towers with Radar,5,2,23,0,30,0,2,77,2,81,5,4,100,2,111,74,0,74,185
07/19/2022,SCK,CA,AWP,WE,Towers with Radar,7,2,39,3,51,0,7,62,5,74,7,9,101,8,125,86,8,94,219
07/20/2022,SCK,CA,AWP,WE,Towers with Radar,5,1,19,1,26,0,3,76,2,81,5,4,95,3,107,150,0,150,257
07/21/2022,SCK,CA,AWP,WE,Towers with Radar,5,0,18,4,27,0,5,75,8,88,5,5,93,12,115,160,36,196,311
07/22/2022,SCK,CA,AWP,WE,Towers with Radar,5,0,8,0,13,0,1,38,0,39,5,1,46,0,52,214,0,214,266
07/23/2022,SCK,CA,AWP,WE,Towers with Radar,5,0,25,4,34,0,5,51,0,56,5,5,76,4,90,12,0,12,102
07/24/2022,SCK,CA,AWP,WE,Towers with Radar,5,2,16,0,23,0,5,53,0,58,5,7,69,0,81,22,0,22,103
07/25/2022,SCK,CA,AWP,WE,Towers with Radar,5,4,21,1,31,0,0,47,0,47,5,4,68,1,78,232,0,232,310
07/26/2022,SCK,CA,AWP,WE,Towers with Radar,5,0,19,2,26,0,3,50,10,63,5,3,69,12,89,194,44,238,327
07/27/2022,SCK,CA,AWP,WE,Towers with Radar,5,5,19,3,32,0,1,50,13,64,5,6,69,16,96,244,54,298,394
07/28/2022,SCK,CA,AWP,WE,Towers with Radar,5,2,18,0,25,0,4,61,4,69,5,6,79,4,94,202,0,202,296
07/29/2022,SCK,CA,AWP,WE,Towers with Radar,6,8,25,0,39,0,4,41,1,46,6,12,66,1,85,284,0,284,369
07/30/2022,SCK,CA,AWP,WE,Towers with Radar,5,3,6,0,14,0,10,39,0,49,5,13,45,0,63,86,0,86,149
07/31/2022,SCK,CA,AWP,WE,Towers with Radar,4,0,19,0,23,0,3,25,0,28,4,3,44,0,51,6,0,6,57
08/01/2022,SCK,CA,AWP,WE,Towers with Radar,6,2,19,2,29,0,0,42,2,44,6,2,61,4,73,246,14,260,333
08/02/2022,SCK,CA,AWP,WE,Towers with Radar,6,2,26,0,34,0,4,43,5,52,6,6,69,5,86,252,0,252,338
08/03/2022,SCK,CA,AWP,WE,Towers with Radar,5,2,22,2,31,0,4,46,8,58,5,6,68,10,89,310,0,310,399
08/04/2022,SCK,CA,AWP,WE,Towers with Radar,5,4,13,15,37,0,4,31,3,38,5,8,44,18,75,194,22,216,291
08/05/2022,SCK,CA,AWP,WE,Towers with Radar,5,2,31,0,38,0,3,43,4,50,5,5,74,4,88,294,0,294,382
08/06/2022,SCK,CA,AWP,WE,Towers with Radar,5,0,10,0,15,0,5,26,13,44,5,5,36,13,59,58,6,64,123
08/07/2022,SCK,CA,AWP,WE,Towers with Radar,7,2,10,0,19,0,0,34,3,37,7,2,44,3,56,104,0,104,160
08/08/2022,SCK,CA,AWP,WE,Towers with Radar,5,0,20,2,27,0,0,41,1,42,5,0,61,3,69,336,6,342,411
08/09/2022,SCK,CA,AWP,WE,Towers with Radar,3,0,12,0,15,0,4,57,4,65,3,4,69,4,80,180,0,180,260
08/10/2022,SCK,CA,AWP,WE,Towers with Radar,5,4,25,4,38,0,0,56,4,60,5,4,81,8,98,254,0,254,352
08/11/2022,SCK,CA,AWP,WE,Towers with Radar,6,6,15,6,33,0,7,60,7,74,6,13,75,13,107,206,6,212,319
08/12/2022,SCK,CA,AWP,WE,Towers with Radar,5,3,10,2,20,0,4,58,1,63,5,7,68,3,83,304,6,310,393
08/13/2022,SCK,CA,AWP,WE,Towers with Radar,5,0,12,0,17,0,1,41,0,42,5,1,53,0,59,76,0,76,135
08/14/2022,SCK,CA,AWP,WE,Towers with Radar,5,0,5,0,10,0,2,34,1,37,5,2,39,1,47,32,0,32,79
08/15/2022,SCK,CA,AWP,WE,Towers with Radar,6,0,12,3,21,0,1,63,6,70,6,1,75,9,91,148,34,182,273
08/16/2022,SCK,CA,AWP,WE,Towers with Radar,3,1,15,2,21,0,0,64,0,64,3,1,79,2,85,220,0,220,305
08/17/2022,SCK,CA,AWP,WE,Towers with Radar,5,1,28,1,35,0,3,83,6,92,5,4,111,7,127,280,4,284,411
08/18/2022,SCK,CA,AWP,WE,Towers with Radar,6,2,19,0,27,0,1,63,3,67,6,3,82,3,94,282,0,282,376
08/19/2022,SCK,CA,AWP,WE,Towers with Radar,8,3,20,0,31,0,4,65,0,69,8,7,85,0,100,276,0,276,376
08/20/2022,SCK,CA,AWP,WE,Towers with Radar,5,1,14,0,20,0,6,32,0,38,5,7,46,0,58,68,0,68,126
08/21/2022,SCK,CA,AWP,WE,Towers with Radar,9,4,13,0,26,0,10,62,0,72,9,14,75,0,98,78,0,78,176
08/22/2022,SCK,CA,AWP,WE,Towers with Radar,8,0,24,2,34,0,0,58,2,60,8,0,82,4,94,104,0,104,198
08/23/2022,SCK,CA,AWP,WE,Towers with Radar,4,2,21,1,28,0,1,74,7,82,4,3,95,8,110,134,20,154,264
08/24/2022,SCK,CA,AWP,WE,Towers with Radar,6,3,22,0,31,0,8,87,3,98,6,11,109,3,129,216,22,238,367
08/25/2022,SCK,CA,AWP,WE,Towers with Radar,6,1,19,3,29,0,4,52,5,61,6,5,71,8,90,144,8,152,242
08/26/2022,SCK,CA,AWP,WE,Towers with Radar,9,3,23,1,36,0,10,75,8,93,9,13,98,9,129,100,12,112,241
08/27/2022,SCK,CA,AWP,WE,Towers with Radar,6,0,10,0,16,0,5,38,0,43,6,5,48,0,59,90,0,90,149
08/28/2022,SCK,CA,AWP,WE,Towers with Radar,8,0,9,0,17,0,3,40,0,43,8,3,49,0,60,52,0,52,112
08/29/2022,SCK,CA,AWP,WE,Towers with Radar,9,4,28,5,46,1,5,67,7,80,10,9,95,12,126,152,26,178,304
08/30/2022,SCK,CA,AWP,WE,Towers with Radar,4,5,27,0,36,0,6,60,10,76,4,11,87,10,112,112,26,138,250
08/31/2022,SCK,CA,AWP,WE,Towers with Radar,4,5,28,3,40,0,5,67,1,73,4,10,95,4,113,184,24,208,321
09/01/2022,SCK,CA,AWP,WE,Towers with Radar,8,4,24,7,43,0,8,55,3,66,8,12,79,10,109,110,16,126,235
09/02/2022,SCK,CA,AWP,WE,Towers with Radar,8,6,6,4,24,0,6,53,0,59,8,12,59,4,83,98,0,98,181
09/03/2022,SCK,CA,AWP,WE,Towers with Radar,8,0,13,0,21,0,0,25,0,25,8,0,38,0,46,14,0,14,60
09/04/2022,SCK,CA,AWP,WE,Towers with Radar,8,4,12,0,24,0,6,22,0,28,8,10,34,0,52,30,0,30,82
09/05/2022,SCK,CA,AWP,WE,Towers with Radar,10,4,20,0,34,0,5,44,0,49,10,9,64,0,83,110,0,110,193
09/06/2022,SCK,CA,AWP,WE,Towers with Radar,9,0,10,1,20,0,3,24,4,31,9,3,34,5,51,70,16,86,137
09/07/2022,SCK,CA,AWP,WE,Towers with Radar,8,0,14,2,24,0,1,54,2,57,8,1,68,4,81,112,14,126,207
09/08/2022,SCK,CA,AWP,WE,Towers with Radar,6,6,18,1,31,0,6,42,5,53,6,12,60,6,84,86,36,122,206
09/09/2022,SCK,CA,AWP,WE,Towers with Radar,8,3,14,1,26,0,3,49,7,59,8,6,63,8,85,106,0,106,191
09/10/2022,SCK,CA,AWP,WE,Towers with Radar,6,5,11,0,22,0,8,40,0,48,6,13,51,0,70,26,0,26,96
09/11/2022,SCK,CA,AWP,WE,Towers with Radar,8,12,25,3,48,0,7,30,2,39,8,19,55,5,87,14,4,18,105
09/12/2022,SCK,CA,AWP,WE,Towers with Radar,8,4,15,1,28,0,0,31,2,33,8,4,46,3,61,48,0,48,109
09/13/2022,SCK,CA,AWP,WE,Towers with Radar,4,4,9,4,21,0,1,53,5,59,4,5,62,9,80,90,30,120,200
09/14/2022,SCK,CA,AWP,WE,Towers with Radar,6,6,20,1,33,0,3,48,3,54,6,9,68,4,87,148,16,164,251
09/15/2022,SCK,CA,AWP,WE,Towers with Radar,6,1,24,0,31,0,8,59,6,73,6,9,83,6,104,86,6,92,196
09/16/2022,SCK,CA,AWP,WE,Towers with Radar,8,0,43,0,51,0,6,58,4,68,8,6,101,4,119,174,0,174,293
09/17/2022,SCK,CA,AWP,WE,Towers with Radar,6,0,35,2,43,0,6,42,0,48,6,6,77,2,91,52,0,52,143
09/18/2022,SCK,CA,AWP,WE,Towers with Radar,9,0,6,0,15,0,2,7,0,9,9,2,13,0,24,0,0,0,24
09/19/2022,SCK,CA,AWP,WE,Towers with Radar,8,2,29,1,40,0,0,22,2,24,8,2,51,3,64,76,0,76,140
09/20/2022,SCK,CA,AWP,WE,Towers with Radar,4,0,26,9,39,0,1,46,2,49,4,1,72,11,88,116,26,142,230
09/21/2022,SCK,CA,AWP,WE,Towers with Radar,7,3,13,4,27,0,5,63,9,77,7,8,76,13,104,116,0,116,220
09/22/2022,SCK,CA,AWP,WE,Towers with Radar,7,0,22,0,29,0,2,66,1,69,7,2,88,1,98,88,0,88,186
09/23/2022,SCK,CA,AWP,WE,Towers with Radar,8,3,29,3,43,0,7,64,5,76,8,10,93,8,119,148,0,148,267
09/24/2022,SCK,CA,AWP,WE,Towers with Radar,6,3,17,0,26,0,10,45,0,55,6,13,62,0,81,26,0,26,107
09/25/2022,SCK,CA,AWP,WE,Towers with Radar,8,4,27,1,40,0,2,47,1,50,8,6,74,2,90,14,12,26,116
09/26/2022,SCK,CA,AWP,WE,Towers with Radar,10,0,25,5,40,0,2,56,4,62,10,2,81,9,102,78,16,94,196
09/27/2022,SCK,CA,AWP,WE,Towers with Radar,4,2,25,7,38,0,1,62,4,67,4,3,87,11,105,114,2,116,221
09/28/2022,SCK,CA,AWP,WE,Towers with Radar,4,2,20,4,30,0,1,50,6,57,4,3,70,10,87,138,28,166,253
09/29/2022,SCK,CA,AWP,WE,Towers with Radar,8,0,18,3,29,0,1,36,3,40,8,1,54,6,69,88,0,88,157
09/30/2022,SCK,CA,AWP,WE,Towers with Radar,5,0,5,0,10,0,3,71,2,76,5,3,76,2,86,114,4,118,204
10/01/2022,SCK,CA,AWP,WE,Towers with Radar,4,1,15,0,20,0,4,36,2,42,4,5,51,2,62,48,0,48,110
10/02/2022,SCK,CA,AWP,WE,Towers with Radar,8,5,15,0,28,0,3,26,0,29,8,8,41,0,57,16,0,16,73
10/03/2022,SCK,CA,AWP,WE,Towers with Radar,7,1,33,8,49,0,6,61,2,69,7,7,94,10,118,180,6,186,304
10/04/2022,SCK,CA,AWP,WE,Towers with Radar,4,3,23,0,30,0,4,77,4,85,4,7,100,4,115,114,24,138,253
10/05/2022,SCK,CA,AWP,WE,Towers with Radar,4,9,15,0,28,0,0,55,0,55,4,9,70,0,83,82,0,82,165
10/06/2022,SCK,CA,AWP,WE,Towers with Radar,6,2,26,0,34,0,2,59,2,63,6,4,85,2,97,102,0,102,199
10/07/2022,SCK,CA,AWP,WE,Towers with Radar,8,3,23,1,35,0,0,44,1,45,8,3,67,2,80,76,0,76,156
10/08/2022,SCK,CA,AWP,WE,Towers with Radar,4,5,15,0,24,0,6,28,0,34,4,11,43,0,58,40,0,40,98
10/09/2022,SCK,CA,AWP,WE,Towers with Radar,6,6,17,0,29,0,3,33,0,36,6,9,50,0,65,28,0,28,93
10/10/2022,SCK,CA,AWP,WE,Towers with Radar,7,3,16,4,30,0,2,58,2,62,7,5,74,6,92,192,0,192,284
10/11/2022,SCK,CA,AWP,WE,Towers with Radar,4,0,10,2,16,0,6,32,2,40,4,6,42,4,56,82,2,84,140
10/12/2022,SCK,CA,AWP,WE,Towers with Radar,4,2,23,3,32,0,3,40,6,49,4,5,63,9,81,122,32,154,235
10/13/2022,SCK,CA,AWP,WE,Towers with Radar,6,2,16,5,29,0,5,37,7,49,6,7,53,12,78,124,18,142,220
10/14/2022,SCK,CA,AWP,WE,Towers with Radar,8,3,13,0,24,0,8,37,0,45,8,11,50,0,69,72,0,72,141
10/15/2022,SCK,CA,AWP,WE,Towers with Radar,4,3,25,0,32,0,2,33,8,43,4,5,58,8,75,76,2,78,153
10/16/2022,SCK,CA,AWP,WE,Towers with Radar,6,1,21,1,29,0,1,30,1,32,6,2,51,2,61,30,0,30,91
10/17/2022,SCK,CA,AWP,WE,Towers with Radar,7,4,16,3,30,0,1,65,2,68,7,5,81,5,98,72,0,72,170
10/18/2022,SCK,CA,AWP,WE,Towers with Radar,4,2,25,0,31,0,0,59,1,60,4,2,84,1,91,92,0,92,183
10/19/2022,SCK,CA,AWP,WE,Towers with Radar,4,2,13,3,22,0,0,56,2,58,4,2,69,5,80,102,0,102,182
10/20/2022,SCK,CA,AWP,WE,Towers with Radar,6,0,17,2,25,0,9,59,7,75,6,9,76,9,100,88,8,96,196
10/21/2022,SCK,CA,AWP,WE,Towers with Radar,8,4,29,3,44,0,8,59,4,71,8,12,88,7,115,50,10,60,175
10/22/2022,SCK,CA,AWP,WE,Towers with Radar,2,3,40,0,45,0,5,26,0,31,2,8,66,0,76,36,0,36,112
10/23/2022,SCK,CA,AWP,WE,Towers with Radar,6,3,32,0,41,0,2,24,0,26,6,5,56,0,67,2,0,2,69
10/24/2022,SCK,CA,AWP,WE,Towers with Radar,8,4,22,2,36,0,1,41,4,46,8,5,63,6,82,61,3,64,146
10/25/2022,SCK,CA,AWP,WE,Towers with Radar,4,2,22,6,34,0,0,35,6,41,4,2,57,12,75,40,8,48,123
10/26/2022,SCK,CA,AWP,WE,Towers with Radar,1,4,24,5,34,0,5,41,10,56,1,9,65,15,90,108,14,122,212
10/27/2022,SCK,CA,AWP,WE,Towers with Radar,6,0,33,3,42,0,3,48,9,60,6,3,81,12,102,46,20,66,168
10/28/2022,SCK,CA,AWP,WE,Towers with Radar,8,2,15,0,25,0,5,48,6,59,8,7,63,6,84,90,20,110,194
10/29/2022,SCK,CA,AWP,WE,Towers with Radar,3,0,6,0,9,0,3,28,0,31,3,3,34,0,40,22,0,22,62
10/30/2022,SCK,CA,AWP,WE,Towers with Radar,7,6,15,0,28,0,2,32,0,34,7,8,47,0,62,60,0,60,122
10/31/2022,SCK,CA,AWP,WE,Towers with Radar,5,2,17,1,25,0,5,54,3,62,5,7,71,4,87,30,32,62,149
11/01/2022,SCK,CA,AWP,WE,Towers with Radar,6,2,12,0,20,0,0,22,0,22,6,2,34,0,42,30,2,32,74
11/02/2022,SCK,CA,AWP,WE,Towers with Radar,5,2,22,3,32,0,0,31,10,41,5,2,53,13,73,82,74,156,229
11/03/2022,SCK,CA,AWP,WE,Towers with Radar,5,6,26,3,40,0,6,37,8,51,5,12,63,11,91,46,40,86,177
11/04/2022,SCK,CA,AWP,WE,Towers with Radar,9,0,12,7,28,0,0,37,5,42,9,0,49,12,70,74,50,124,194
11/05/2022,SCK,CA,AWP,WE,Towers with Radar,3,2,17,0,22,0,0,20,7,27,3,2,37,7,49,6,2,8,57
11/06/2022,SCK,CA,AWP,WE,Towers with Radar,5,2,17,0,24,0,0,33,0,33,5,2,50,0,57,74,0,74,131
11/07/2022,SCK,CA,AWP,WE,Towers with Radar,7,1,5,0,13,0,2,16,2,20,7,3,21,2,33,4,8,12,45
11/08/2022,SCK,CA,AWP,WE,Towers with Radar,3,0,11,2,16,0,5,4,8,17,3,5,15,10,33,2,4,6,39
11/09/2022,SCK,CA,AWP,WE,Towers with Radar,3,4,17,6,30,0,5,37,5,47,3,9,54,11,77,48,30,78,155
11/10/2022,SCK,CA,AWP,WE,Towers with Radar,4,6,17,4,31,0,2,50,3,55,4,8,67,7,86,66,28,94,180
11/11/2022,SCK,CA,AWP,WE,Towers with Radar,7,0,15,0,22,0,8,40,0,48,7,8,55,0,70,42,0,42,112
11/12/2022,SCK,CA,AWP,WE,Towers with Radar,3,4,4,0,11,0,0,32,0,32,3,4,36,0,43,12,0,12,55
11/13/2022,SCK,CA,AWP,WE,Towers with Radar,5,5,22,2,34,0,5,33,0,38,5,10,55,2,72,32,0,32,104
11/14/2022,SCK,CA,AWP,WE,Towers with Radar,7,0,23,6,36,0,4,44,4,52,7,4,67,10,88,26,12,38,126
11/15/2022,SCK,CA,AWP,WE,Towers with Radar,3,5,12,3,23,0,9,52,5,66,3,14,64,8,89,44,0,44,133
11/16/2022,SCK,CA,AWP,WE,Towers with Radar,5,4,8,0,17,0,9,51,6,66,5,13,59,6,83,34,4,38,121
11/17/2022,SCK,CA,AWP,WE,Towers with Radar,5,3,21,7,36,0,6,56,3,65,5,9,77,10,101,30,0,30,131
11/18/2022,SCK,CA,AWP,WE,Towers with Radar,9,5,26,0,40,0,3,50,2,55,9,8,76,2,95,38,12,50,145
11/19/2022,SCK,CA,AWP,WE,Towers with Radar,5,3,14,0,22,0,4,42,0,46,5,7,56,0,68,36,0,36,104
11/20/2022,SCK,CA,AWP,WE,Towers with Radar,5,5,20,0,30,0,10,49,0,59,5,15,69,0,89,12,0,12,101
11/21/2022,SCK,CA,AWP,WE,Towers with Radar,7,6,23,2,38,0,1,41,2,44,7,7,64,4,82,40,28,68,150
11/22/2022,SCK,CA,AWP,WE,Towers with Radar,5,5,34,1,45,0,4,40,6,50,5,9,74,7,95,24,2,26,121
11/23/2022,SCK,CA,AWP,WE,Towers with Radar,7,7,11,4,29,0,6,23,4,33,7,13,34,8,62,80,4,84,146
11/24/2022,SCK,CA,AWP,WE,Towers with Radar,2,0,4,0,6,0,0,12,0,12,2,0,16,0,18,2,0,2,20
11/25/2022,SCK,CA,AWP,WE,Towers with Radar,5,2,9,0,16,0,3,17,0,20,5,5,26,0,36,0,0,0,36
11/26/2022,SCK,CA,AWP,WE,Towers with Radar,5,2,16,0,23,0,8,10,0,18,5,10,26,0,41,0,0,0,41
11/27/2022,SCK,CA,AWP,WE,Towers with Radar,7,2,8,0,17,0,3,37,0,40,7,5,45,0,57,86,0,86,143
11/28/2022,SCK,CA,AWP,WE,Towers with Radar,6,2,10,3,21,0,2,17,1,20,6,4,27,4,41,12,8,20,61
11/29/2022,SCK,CA,AWP,WE,Towers with Radar,3,7,23,0,33,0,6,49,1,56,3,13,72,1,89,26,16,42,131
11/30/2022,SCK,CA,AWP,WE,Towers with Radar,4,2,20,6,32,0,8,58,4,70,4,10,78,10,102,52,20,72,174
12/01/2022,SCK,CA,AWP,WE,Towers with Radar,5,2,13,0,20,0,0,3,0,3,5,2,16,0,23,0,0,0,23
12/02/2022,SCK,CA,AWP,WE,Towers with Radar,7,5,15,2,29,0,2,28,0,30,7,7,43,2,59,16,2,18,77
12/03/2022,SCK,CA,AWP,WE,Towers with Radar,5,3,25,0,33,0,0,0,0,0,5,3,25,0,33,0,0,0,33
12/04/2022,SCK,CA,AWP,WE,Towers with Radar,5,7,14,0,26,0,1,15,0,16,5,8,29,0,42,14,0,14,56
12/05/2022,SCK,CA,AWP,WE,Towers with Radar,7,2,26,2,37,0,4,18,2,24,7,6,44,4,61,20,2,22,83
12/06/2022,SCK,CA,AWP,WE,Towers with Radar,3,3,25,7,38,0,4,25,2,31,3,7,50,9,69,76,2,78,147
12/07/2022,SCK,CA,AWP,WE,Towers with Radar,5,0,24,12,41,0,2,65,16,83,5,2,89,28,124,46,8,54,178
12/08/2022,SCK,CA,AWP,WE,Towers with Radar,4,4,20,4,32,0,0,15,4,19,4,4,35,8,51,2,50,52,103
12/09/2022,SCK,CA,AWP,WE,Towers with Radar,9,7,27,4,47,0,0,11,1,12,9,7,38,5,59,24,16,40,99
12/10/2022,SCK,CA,AWP,WE,Towers with Radar,5,2,1,0,8,0,0,0,0,0,5,2,1,0,8,0,0,0,8
12/11/2022,SCK,CA,AWP,WE,Towers with Radar,5,2,11,0,18,0,2,6,0,8,5,4,17,0,26,8,0,8,34
12/12/2022,SCK,CA,AWP,WE,Towers with Radar,10,2,24,2,38,0,3,20,1,24,10,5,44,3,62,40,26,66,128
12/13/2022,SCK,CA,AWP,WE,Towers with Radar,3,0,28,2,33,0,4,60,12,76,3,4,88,14,109,114,16,130,239
12/14/2022,SCK,CA,AWP,WE,Towers with Radar,5,0,28,3,36,0,0,43,12,55,5,0,71,15,91,100,26,126,217
12/15/2022,SCK,CA,AWP,WE,Towers with Radar,5,9,30,2,46,0,10,54,2,66,5,19,84,4,112,44,10,54,166
12/16/2022,SCK,CA,AWP,WE,Towers with Radar,5,1,45,0,51,0,1,13,0,14,5,2,58,0,65,14,0,14,79
12/17/2022,SCK,CA,AWP,WE,Towers with Radar,6,4,31,2,43,0,1,13,0,14,6,5,44,2,57,84,0,84,141
12/18/2022,SCK,CA,AWP,WE,Towers with Radar,7,5,31,0,43,0,0,1,0,1,7,5,32,0,44,0,0,0,44
12/19/2022,SCK,CA,AWP,WE,Towers with Radar,4,2,28,3,37,0,2,4,2,8,4,4,32,5,45,0,18,18,63
12/20/2022,SCK,CA,AWP,WE,Towers with Radar,6,3,23,3,35,0,1,18,3,22,6,4,41,6,57,64,0,64,121
12/21/2022,SCK,CA,AWP,WE,Towers with Radar,5,1,42,4,52,0,0,4,0,4,5,1,46,4,56,0,0,0,56
12/22/2022,SCK,CA,AWP,WE,Towers with Radar,5,7,41,0,53,0,0,14,0,14,5,7,55,0,67,10,0,10,77
12/23/2022,SCK,CA,AWP,WE,Towers with Radar,3,7,14,0,24,0,0,11,0,11,3,7,25,0,35,8,0,8,43
12/24/2022,SCK,CA,AWP,WE,Towers with Radar,2,2,2,2,8,0,0,5,1,6,2,2,7,3,14,0,0,0,14
12/25/2022,SCK,CA,AWP,WE,Towers with Radar,2,0,12,0,14,0,0,0,0,0,2,0,12,0,14,0,0,0,14
12/26/2022,SCK,CA,AWP,WE,Towers with Radar,2,4,27,0,33,0,0,3,0,3,2,4,30,0,36,0,0,0,36
12/27/2022,SCK,CA,AWP,WE,Towers with Radar,5,7,15,0,27,0,0,0,0,0,5,7,15,0,27,0,0,0,27
12/28/2022,SCK,CA,AWP,WE,Towers with Radar,5,2,29,0,36,0,2,57,0,59,5,4,86,0,95,62,0,62,157
12/29/2022,SCK,CA,AWP,WE,Towers with Radar,5,3,11,6,25,0,1,3,1,5,5,4,14,7,30,0,0,0,30
12/30/2022,SCK,CA,AWP,WE,Towers with Radar,3,7,15,0,25,0,0,0,0,0,3,7,15,0,25,0,0,0,25
12/31/2022,SCK,CA,AWP,WE,Towers with Radar,4,1,1,0,6,0,0,0,0,0,4,1,1,0,6,0,0,0,6
01/01/2023,SCK,CA,AWP,WE,Towers with Radar,4,1,21,0,26,0,1,14,0,15,4,2,35,0,41,8,0,8,49
01/02/2023,SCK,CA,AWP,WE,Towers with Radar,4,3,7,0,14,0,0,18,0,18,4,3,25,0,32,0,0,0,32
01/03/2023,SCK,CA,AWP,WE,Towers with Radar,5,9,24,3,41,0,0,3,2,5,5,9,27,5,46,4,0,4,50
01/04/2023,SCK,CA,AWP,WE,Towers with Radar,5,5,3,0,13,0,0,1,0,1,5,5,4,0,14,0,0,0,14
01/05/2023,SCK,CA,AWP,WE,Towers with Radar,5,1,5,0,11,0,2,0,5,7,5,3,5,5,18,0,36,36,54
01/06/2023,SCK,CA,AWP,WE,Towers with Radar,7,3,12,9,31,0,2,40,2,44,7,5,52,11,75,26,20,46,121
01/07/2023,SCK,CA,AWP,WE,Towers with Radar,3,9,18,0,30,0,2,14,0,16,3,11,32,0,46,0,0,0,46
01/08/2023,SCK,CA,AWP,WE,Towers with Radar,7,7,20,0,34,0,1,16,0,17,7,8,36,0,51,18,0,18,69
01/09/2023,SCK,CA,AWP,WE,Towers with Radar,8,0,10,2,20,0,4,7,7,18,8,4,17,9,38,0,14,14,52
01/10/2023,SCK,CA,AWP,WE,Towers with Radar,5,1,14,1,21,0,0,4,3,7,5,1,18,4,28,0,22,22,50
01/11/2023,SCK,CA,AWP,WE,Towers with Radar,4,6,20,5,35,0,0,2,7,9,4,6,22,12,44,0,24,24,68
01/12/2023,SCK,CA,AWP,WE,Towers with Radar,5,5,25,4,39,0,10,48,7,65,5,15,73,11,104,40,12,52,156
01/13/2023,SCK,CA,AWP,WE,Towers with Radar,7,2,19,0,28,0,0,17,1,18,7,2,36,1,46,10,0,10,56
01/14/2023,SCK,CA,AWP,WE,Towers with Radar,3,2,8,0,13,0,0,1,0,1,3,2,9,0,14,8,0,8,22
01/15/2023,SCK,CA,AWP,WE,Towers with Radar,7,7,12,0,26,0,0,1,0,1,7,7,13,0,27,0,0,0,27
01/16/2023,SCK,CA,AWP,WE,Towers with Radar,7,8,6,0,21,0,0,9,0,9,7,8,15,0,30,6,0,6,36
01/17/2023,SCK,CA,AWP,WE,Towers with Radar,3,3,30,4,40,0,0,46,4,50,3,3,76,8,90,38,0,38,128
01/18/2023,SCK,CA,AWP,WE,Towers with Radar,3,10,20,11,44,0,1,28,3,32,3,11,48,14,76,22,14,36,112
01/19/2023,SCK,CA,AWP,WE,Towers with Radar,5,8,36,2,51,0,0,12,0,12,5,8,48,2,63,24,14,38,101
01/20/2023,SCK,CA,AWP,WE,Towers with Radar,8,6,38,5,57,0,4,52,4,60,8,10,90,9,117,86,12,98,215
01/21/2023,SCK,CA,AWP,WE,Towers with Radar,3,5,33,0,41,0,0,42,0,42,3,5,75,0,83,18,0,18,101
01/22/2023,SCK,CA,AWP,WE,Towers with Radar,7,4,19,0,30,0,4,18,0,22,7,8,37,0,52,38,0,38,90
01/23/2023,SCK,CA,AWP,WE,Towers with Radar,8,5,25,2,40,0,4,39,2,45,8,9,64,4,85,62,6,68,153
01/24/2023,SCK,CA,AWP,WE,Towers with Radar,3,1,47,0,51,0,5,53,2,60,3,6,100,2,111,54,0,54,165
01/25/2023,SCK,CA,AWP,WE,Towers with Radar,4,1,28,16,49,0,1,51,5,57,4,2,79,21,106,62,8,70,176
01/26/2023,SCK,CA,AWP,WE,Towers with Radar,4,4,31,5,44,0,2,48,1,51,4,6,79,6,95,42,16,58,153
01/27/2023,SCK,CA,AWP,WE,Towers with Radar,7,6,27,1,41,0,4,45,2,51,7,10,72,3,92,24,0,24,116
01/28/2023,SCK,CA,AWP,WE,Towers with Radar,3,1,26,0,30,0,4,38,1,43,3,5,64,1,73,64,0,64,137
01/29/2023,SCK,CA,AWP,WE,Towers with Radar,6,3,13,6,28,0,2,3,0,5,6,5,16,6,33,0,0,0,33
01/30/2023,SCK,CA,AWP,WE,Towers with Radar,7,4,22,4,37,0,5,33,3,41,7,9,55,7,78,26,6,32,110
01/31/2023,SCK,CA,AWP,WE,Towers with Radar,2,1,35,2,40,0,5,69,11,85,2,6,104,13,125,53,10,63,188
02/01/2023,SCK,CA,AWP,WE,Towers with Radar,2,1,22,0,25,0,2,64,3,69,2,3,86,3,94,94,26,120,214
02/02/2023,SCK,CA,AWP,WE,Towers with Radar,4,2,21,1,28,0,7,49,5,61,4,9,70,6,89,46,12,58,147
02/03/2023,SCK,CA,AWP,WE,Towers with Radar,7,3,14,0,24,0,2,17,0,19,7,5,31,0,43,2,0,2,45
02/04/2023,SCK,CA,AWP,WE,Towers with Radar,2,0,9,0,11,0,4,4,0,8,2,4,13,0,19,0,0,0,19
02/05/2023,SCK,CA,AWP,WE,Towers with Radar,6,0,14,0,20,0,1,4,0,5,6,1,18,0,25,11,0,11,36
02/06/2023,SCK,CA,AWP,WE,Towers with Radar,9,2,19,5,35,0,6,35,0,41,9,8,54,5,76,38,32,70,146
02/07/2023,SCK,CA,AWP,WE,Towers with Radar,2,2,18,1,23,0,2,28,0,30,2,4,46,1,53,20,0,20,73
02/08/2023,SCK,CA,AWP,WE,Towers with Radar,2,5,33,0,40,0,5,45,4,54,2,10,78,4,94,70,14,84,178
02/09/2023,SCK,CA,AWP,WE,Towers with Radar,3,2,17,1,23,0,2,39,5,46,3,4,56,6,69,43,7,50,119
02/10/2023,SCK,CA,AWP,WE,Towers with Radar,6,2,21,4,33,0,7,22,1,30,6,9,43,5,63,22,6,28,91
02/11/2023,SCK,CA,AWP,WE,Towers with Radar,2,2,1,0,5,0,0,11,0,11,2,2,12,0,16,30,0,30,46
02/12/2023,SCK,CA,AWP,WE,Towers with Radar,6,1,17,0,24,0,0,30,0,30,6,1,47,0,54,84,0,84,138
02/13/2023,SCK,CA,AWP,WE,Towers with Radar,6,4,9,2,21,0,2,29,4,35,6,6,38,6,56,32,18,50,106
02/14/2023,SCK,CA,AWP,WE,Towers with Radar,2,5,12,6,25,0,1,26,4,31,2,6,38,10,56,2,0,2,58
02/15/2023,SCK,CA,AWP,WE,Towers with Radar,2,2,28,1,33,0,0,55,2,57,2,2,83,3,90,62,14,76,166
02/16/2023,SCK,CA,AWP,WE,Towers with Radar,6,5,14,6,31,0,2,48,9,59,6,7,62,15,90,42,36,78,168
02/17/2023,SCK,CA,AWP,WE,Towers with Radar,6,7,21,2,36,0,9,51,1,61,6,16,72,3,97,50,3,53,150
02/18/2023,SCK,CA,AWP,WE,Towers with Radar,2,4,20,0,26,0,5,62,0,67,2,9,82,0,93,94,0,94,187
02/19/2023,SCK,CA,AWP,WE,Towers with Radar,6,7,27,0,40,0,4,47,0,51,6,11,74,0,91,14,0,14,105
02/20/2023,SCK,CA,AWP,WE,Towers with Radar,6,8,32,0,46,0,7,54,0,61,6,15,86,0,107,44,0,44,151
02/21/2023,SCK,CA,AWP,WE,Towers with Radar,4,3,13,10,30,0,0,28,13,41,4,3,41,23,71,22,22,44,115
02/22/2023,SCK,CA,AWP,WE,Towers with Radar,3,5,10,8,26,0,4,18,8,30,3,9,28,16,56,32,62,94,150
02/23/2023,SCK,CA,AWP,WE,Towers with Radar,6,1,7,2,16,0,0,7,6,13,6,1,14,8,29,18,22,40,69
02/24/2023,SCK,CA,AWP,WE,Towers with Radar,6,3,8,2,19,0,0,4,0,4,6,3,12,2,23,4,0,4,27
02/25/2023,SCK,CA,AWP,WE,Towers with Radar,2,4,17,0,23,0,4,0,6,10,2,8,17,6,33,4,8,12,45
02/26/2023,SCK,CA,AWP,WE,Towers with Radar,5,1,3,1,10,0,5,0,1,6,5,6,3,2,16,0,10,10,26
02/27/2023,SCK,CA,AWP,WE,Towers with Radar,6,1,14,0,21,0,2,1,3,6,6,3,15,3,27,0,12,12,39
02/28/2023,SCK,CA,AWP,WE,Towers with Radar,2,0,13,2,17,0,0,2,0,2,2,0,15,2,19,0,0,0,19
03/01/2023,SCK,CA,AWP,WE,Towers with Radar,4,3,22,12,41,0,3,30,12,45,4,6,52,24,86,48,34,82,168
03/02/2023,SCK,CA,AWP,WE,Towers with Radar,5,2,26,5,38,0,7,87,8,102,5,9,113,13,140,54,14,68,208
03/03/2023,SCK,CA,AWP,WE,Towers with Radar,7,2,23,2,34,0,2,57,3,62,7,4,80,5,96,82,2,84,180
03/04/2023,SCK,CA,AWP,WE,Towers with Radar,2,4,8,0,14,0,2,12,0,14,2,6,20,0,28,0,0,0,28
03/05/2023,SCK,CA,AWP,WE,Towers with Radar,4,0,8,0,12,0,2,5,0,7,4,2,13,0,19,0,0,0,19
03/06/2023,SCK,CA,AWP,WE,Towers with Radar,7,3,11,0,21,0,1,21,6,28,7,4,32,6,49,0,18,18,67
03/07/2023,SCK,CA,AWP,WE,Towers with Radar,2,1,21,6,30,0,2,52,1,55,2,3,73,7,85,44,8,52,137
03/08/2023,SCK,CA,AWP,WE,Towers with Radar,4,3,24,2,33,0,5,37,6,48,4,8,61,8,81,28,10,38,119
03/09/2023,SCK,CA,AWP,WE,Towers with Radar,5,1,3,3,12,0,1,13,0,14,5,2,16,3,26,12,0,12,38
03/10/2023,SCK,CA,AWP,WE,Towers with Radar,6,1,8,0,15,0,5,10,1,16,6,6,18,1,31,50,0,50,81
03/11/2023,SCK,CA,AWP,WE,Towers with Radar,3,2,19,1,25,0,0,4,9,13,3,2,23,10,38,27,4,31,69
03/12/2023,SCK,CA,AWP,WE,Towers with Radar,4,0,10,0,14,0,1,3,0,4,4,1,13,0,18,0,0,0,18
03/13/2023,SCK,CA,AWP,WE,Towers with Radar,7,3,4,2,16,0,5,19,4,28,7,8,23,6,44,22,0,22,66
03/14/2023,SCK,CA,AWP,WE,Towers with Radar,2,5,3,4,14,0,0,0,0,0,2,5,3,4,14,0,0,0,14
03/15/2023,SCK,CA,AWP,WE,Towers with Radar,4,2,37,7,50,0,5,38,5,48,4,7,75,12,98,62,0,62,160
03/16/2023,SCK,CA,AWP,WE,Towers with Radar,4,6,29,5,44,0,6,69,4,79,4,12,98,9,123,102,16,118,241
03/17/2023,SCK,CA,AWP,WE,Towers with Radar,6,5,20,0,31,0,5,54,0,59,6,10,74,0,90,62,0,62,152
03/18/2023,SCK,CA,AWP,WE,Towers with Radar,1,0,14,0,15,0,1,34,0,35,1,1,48,0,50,42,0,42,92
03/19/2023,SCK,CA,AWP,WE,Towers with Radar,4,1,4,0,9,0,1,5,0,6,4,2,9,0,15,0,0,0,15
03/20/2023,SCK,CA,AWP,WE,Towers with Radar,6,2,25,3,36,0,2,21,8,31,6,4,46,11,67,32,10,42,109
03/21/2023,SCK,CA,AWP,WE,Towers with Radar,2,2,13,10,27,0,2,0,0,2,2,4,13,10,29,4,6,10,39
03/22/2023,SCK,CA,AWP,WE,Towers with Radar,4,0,12,0,16,0,1,22,2,25,4,1,34,2,41,62,0,62,103
03/23/2023,SCK,CA,AWP,WE,Towers with Radar,4,0,23,2,29,0,16,38,5,59,4,16,61,7,88,74,2,76,164
03/24/2023,SCK,CA,AWP,WE,Towers with Radar,7,7,16,0,30,0,8,41,4,53,7,15,57,4,83,62,5,67,150
03/25/2023,SCK,CA,AWP,WE,Towers with Radar,2,2,20,1,25,0,2,31,1,34,2,4,51,2,59,6,0,6,65
03/26/2023,SCK,CA,AWP,WE,Towers with Radar,4,1,17,1,23,0,7,38,1,46,4,8,55,2,69,10,0,10,79
03/27/2023,SCK,CA,AWP,WE,Towers with Radar,5,3,23,5,36,0,5,40,1,46,5,8,63,6,82,22,0,22,104
03/28/2023,SCK,CA,AWP,WE,Towers with Radar,2,2,3,4,11,0,0,4,0,4,2,2,7,4,15,2,0,2,17
03/29/2023,SCK,CA,AWP,WE,Towers with Radar,4,3,9,0,16,0,0,2,1,3,4,3,11,1,19,0,0,0,19
03/30/2023,SCK,CA,AWP,WE,Towers with Radar,4,3,35,4,46,0,5,54,3,62,4,8,89,7,108,62,32,94,202
03/31/2023,SCK,CA,AWP,WE,Towers with Radar,7,1,48,3,59,0,0,52,0,52,7,1,100,3,111,50,0,50,161
04/01/2023,SCK,CA,AWP,WE,Towers with Radar,2,0,15,1,18,0,6,30,0,36,2,6,45,1,54,69,0,69,123
04/02/2023,SCK,CA,AWP,WE,Towers with Radar,4,0,24,0,28,0,6,41,0,47,4,6,65,0,75,4,0,4,79
04/03/2023,SCK,CA,AWP,WE,Towers with Radar,7,2,11,6,26,0,6,23,8,37,7,8,34,14,63,22,24,46,109
04/04/2023,SCK,CA,AWP,WE,Towers with Radar,2,5,15,0,22,0,6,56,3,65,2,11,71,3,87,22,6,28,115
04/05/2023,SCK,CA,AWP,WE,Towers with Radar,3,3,18,2,26,0,9,48,4,61,3,12,66,6,87,86,10,96,183
04/06/2023,SCK,CA,AWP,WE,Towers with Radar,5,3,22,1,31,0,9,61,3,73,5,12,83,4,104,16,0,16,120
04/07/2023,SCK,CA,AWP,WE,Towers with Radar,8,0,24,0,32,0,1,37,0,38,8,1,61,0,70,50,0,50,120
04/08/2023,SCK,CA,AWP,WE,Towers with Radar,2,1,12,0,15,0,2,35,2,39,2,3,47,2,54,58,0,58,112
04/09/2023,SCK,CA,AWP,WE,Towers with Radar,5,1,14,0,20,0,3,33,0,36,5,4,47,0,56,56,0,56,112
04/10/2023,SCK,CA,AWP,WE,Towers with Radar,8,3,31,0,42,0,6,42,0,48,8,9,73,0,90,84,0,84,174
04/11/2023,SCK,CA,AWP,WE,Towers with Radar,2,0,48,7,57,0,9,64,3,76,2,9,112,10,133,56,10,66,199
04/12/2023,SCK,CA,AWP,WE,Towers with Radar,4,4,11,9,28,0,8,59,2,69,4,12,70,11,97,78,4,82,179
04/13/2023,SCK,CA,AWP,WE,Towers with Radar,5,0,25,6,36,0,8,47,4,59,5,8,72,10,95,96,24,120,215
04/14/2023,SCK,CA,AWP,WE,Towers with Radar,6,4,35,0,45,0,10,54,0,64,6,14,89,0,109,128,0,128,237
04/15/2023,SCK,CA,AWP,WE,Towers with Radar,2,4,22,0,28,0,12,70,0,82,2,16,92,0,110,102,0,102,212
04/16/2023,SCK,CA,AWP,WE,Towers with Radar,5,5,12,0,22,0,6,22,0,28,5,11,34,0,50,12,0,12,62
04/17/2023,SCK,CA,AWP,WE,Towers with Radar,6,5,14,7,32,0,0,36,1,37,6,5,50,8,69,60,4,64,133
04/18/2023,SCK,CA,AWP,WE,Towers with Radar,2,0,33,5,40,0,4,51,2,57,2,4,84,7,97,56,15,71,168
04/19/2023,SCK,CA,AWP,WE,Towers with Radar,4,2,21,5,32,0,0,56,7,63,4,2,77,12,95,74,36,110,205
04/20/2023,SCK,CA,AWP,WE,Towers with Radar,3,3,20,0,26,1,4,55,3,63,4,7,75,3,89,52,4,56,145
04/21/2023,SCK,CA,AWP,WE,Towers with Radar,6,9,33,9,57,0,5,48,3,56,6,14,81,12,113,94,38,132,245
04/22/2023,SCK,CA,AWP,WE,Towers with Radar,2,1,16,0,19,0,3,30,6,39,2,4,46,6,58,110,1,111,169
04/23/2023,SCK,CA,AWP,WE,Towers with Radar,4,1,23,0,28,0,1,20,7,28,4,2,43,7,56,38,1,39,95
04/24/2023,SCK,CA,AWP,WE,Towers with Radar,6,1,20,0,27,0,4,35,4,43,6,5,55,4,70,54,16,70,140
04/25/2023,SCK,CA,AWP,WE,Towers with Radar,2,4,33,6,45,0,3,37,3,43,2,7,70,9,88,141,54,195,283
04/26/2023,SCK,CA,AWP,WE,Towers with Radar,4,4,21,2,31,0,1,30,0,31,4,5,51,2,62,62,2,64,126
04/27/2023,SCK,CA,AWP,WE,Towers with Radar,5,6,18,2,31,0,3,35,3,41,5,9,53,5,72,112,8,120,192
04/28/2023,SCK,CA,AWP,WE,Towers with Radar,6,2,31,1,40,0,1,47,3,51,6,3,78,4,91,106,28,134,225
04/29/2023,SCK,CA,AWP,WE,Towers with Radar,2,1,23,0,26,0,4,65,0,69,2,5,88,0,95,96,0,96,191
04/30/2023,SCK,CA,AWP,WE,Towers with Radar,5,2,17,0,24,0,1,39,0,40,5,3,56,0,64,30,0,30,94
05/01/2023,SCK,CA,AWP,WE,Towers with Radar,6,4,22,0,32,0,2,14,0,16,6,6,36,0,48,14,0,14,62
05/02/2023,SCK,CA,AWP,WE,Towers with Radar,2,0,16,4,22,0,0,7,1,8,2,0,23,5,30,36,30,66,96
05/03/2023,SCK,CA,AWP,WE,Towers with Radar,4,2,30,4,40,0,4,29,3,36,4,6,59,7,76,54,14,68,144
05/04/2023,SCK,CA,AWP,WE,Towers with Radar,3,2,18,10,33,0,11,36,2,49,3,13,54,12,82,50,28,78,160
05/05/2023,SCK,CA,AWP,WE,Towers with Radar,6,0,29,13,48,0,8,33,1,42,6,8,62,14,90,104,6,110,200
05/06/2023,SCK,CA,AWP,WE,Towers with Radar,4,2,9,1,16,0,3,13,0,16,4,5,22,1,32,46,0,46,78
05/07/2023,SCK,CA,AWP,WE,Towers with Radar,4,0,20,1,25,0,3,36,1,40,4,3,56,2,65,62,0,62,127
05/08/2023,SCK,CA,AWP,WE,Towers with Radar,6,4,31,17,58,0,4,32,7,43,6,8,63,24,101,131,14,145,246
05/09/2023,SCK,CA,AWP,WE,Towers with Radar,2,4,17,3,26,0,0,59,2,61,2,4,76,5,87,106,27,133,220
05/10/2023,SCK,CA,AWP,WE,Towers with Radar,4,5,38,7,54,0,8,56,10,74,4,13,94,17,128,54,0,54,182
05/11/2023,SCK,CA,AWP,WE,Towers with Radar,5,2,16,5,28,0,1,65,10,76,5,3,81,15,104,140,24,164,268
05/12/2023,SCK,CA,AWP,WE,Towers with Radar,6,3,21,2,32,0,8,64,5,77,6,11,85,7,109,56,18,74,183
05/13/2023,SCK,CA,AWP,WE,Towers with Radar,4,2,18,0,24,0,5,41,0,46,4,7,59,0,70,90,0,90,160
05/14/2023,SCK,CA,AWP,WE,Towers with Radar,5,6,18,0,29,0,12,41,0,53,5,18,59,0,82,54,0,54,136
05/15/2023,SCK,CA,AWP,WE,Towers with Radar,6,4,22,9,41,0,1,52,12,65,6,5,74,21,106,84,46,130,236
05/16/2023,SCK,CA,AWP,WE,Towers with Radar,2,3,28,7,40,0,4,63,7,74,2,7,91,14,114,128,42,170,284
05/17/2023,SCK,CA,AWP,WE,Towers with Radar,4,1,19,20,44,0,3,48,7,58,4,4,67,27,102,37,20,57,159
05/18/2023,SCK,CA,AWP,WE,Towers with Radar,4,11,19,2,36,0,4,59,10,73,4,15,78,12,109,74,16,90,199
05/19/2023,SCK,CA,AWP,WE,Towers with Radar,6,4,29,1,40,0,6,38,4,48,6,10,67,5,88,94,18,112,200
05/20/2023,SCK,CA,AWP,WE,Towers with Radar,4,3,19,0,26,0,6,22,3,31,4,9,41,3,57,37,0,37,94
05/21/2023,SCK,CA,AWP,WE,Towers with Radar,6,1,19,0,26,0,3,32,0,35,6,4,51,0,61,10,0,10,71
05/22/2023,SCK,CA,AWP,WE,Towers with Radar,4,4,30,1,39,0,7,41,3,51,4,11,71,4,90,72,8,80,170
05/23/2023,SCK,CA,AWP,WE,Towers with Radar,4,1,31,12,48,0,3,57,7,67,4,4,88,19,115,108,28,136,251
05/24/2023,SCK,CA,AWP,WE,Towers with Radar,2,1,32,3,38,0,6,74,1,81,2,7,106,4,119,122,0,122,241
05/25/2023,SCK,CA,AWP,WE,Towers with Radar,4,3,26,11,44,0,8,50,15,73,4,11,76,26,117,166,24,190,307
05/26/2023,SCK,CA,AWP,WE,Towers with Radar,8,6,25,0,39,0,4,33,0,37,8,10,58,0,76,156,0,156,232
05/27/2023,SCK,CA,AWP,WE,Towers with Radar,3,2,15,0,20,0,6,34,0,40,3,8,49,0,60,22,0,22,82
05/28/2023,SCK,CA,AWP,WE,Towers with Radar,6,5,13,0,24,0,10,36,0,46,6,15,49,0,70,10,0,10,80
05/29/2023,SCK,CA,AWP,WE,Towers with Radar,5,4,21,0,30,0,4,49,0,53,5,8,70,0,83,145,0,145,228
05/30/2023,SCK,CA,AWP,WE,Towers with Radar,4,11,23,2,40,0,10,35,6,51,4,21,58,8,91,134,4,138,229
05/31/2023,SCK,CA,AWP,WE,Towers with Radar,2,7,23,2,34,0,7,50,2,59,2,14,73,4,93,168,28,196,289
06/01/2023,SCK,CA,AWP,WE,Towers with Radar,4,5,27,7,43,0,5,64,4,73,4,10,91,11,116,156,0,156,272
06/02/2023,SCK,CA,AWP,WE,Towers with Radar,6,5,22,2,35,0,1,59,3,63,6,6,81,5,98,94,4,98,196
06/03/2023,SCK,CA,AWP,WE,Towers with Radar,4,4,17,0,25,0,12,52,6,70,4,16,69,6,95,40,4,44,139
06/04/2023,SCK,CA,AWP,WE,Towers with Radar,6,4,21,3,34,0,3,26,4,33,6,7,47,7,67,34,8,42,109
06/05/2023,SCK,CA,AWP,WE,Towers with Radar,5,1,47,4,57,0,1,57,2,60,5,2,104,6,117,62,0,62,179
06/06/2023,SCK,CA,AWP,WE,Towers with Radar,6,0,33,5,44,0,1,57,1,59,6,1,90,6,103,151,2,153,256
06/07/2023,SCK,CA,AWP,WE,Towers with Radar,2,7,34,6,49,0,7,72,5,84,2,14,106,11,133,100,12,112,245
06/08/2023,SCK,CA,AWP,WE,Towers with Radar,4,2,32,2,40,0,5,53,1,59,4,7,85,3,99,62,2,64,163
06/09/2023,SCK,CA,AWP,WE,Towers with Radar,6,8,39,2,55,0,9,53,2,64,6,17,92,4,119,26,0,26,145
06/10/2023,SCK,CA,AWP,WE,Towers with Radar,4,0,17,1,22,0,4,27,5,36,4,4,44,6,58,12,0,12,70
06/11/2023,SCK,CA,AWP,WE,Towers with Radar,5,8,18,0,31,0,5,34,10,49,5,13,52,10,80,89,0,89,169
06/12/2023,SCK,CA,AWP,WE,Towers with Radar,4,6,26,8,44,0,0,38,6,44,4,6,64,14,88,64,20,84,172
06/13/2023,SCK,CA,AWP,WE,Towers with Radar,4,2,37,7,50,0,7,69,6,82,4,9,106,13,132,117,11,128,260
06/14/2023,SCK,CA,AWP,WE,Towers with Radar,2,2,33,2,39,0,4,71,0,75,2,6,104,2,114,68,0,68,182
06/15/2023,SCK,CA,AWP,WE,Towers with Radar,4,6,24,0,34,0,3,73,0,76,4,9,97,0,110,141,0,141,251
06/16/2023,SCK,CA,AWP,WE,Towers with Radar,7,7,23,0,37,0,1,54,0,55,7,8,77,0,92,58,0,58,150
06/17/2023,SCK,CA,AWP,WE,Towers with Radar,4,0,19,0,23,0,5,30,0,35,4,5,49,0,58,30,0,30,88
06/18/2023,SCK,CA,AWP,WE,Towers with Radar,6,2,8,0,16,0,6,32,0,38,6,8,40,0,54,24,0,24,78
06/19/2023,SCK,CA,AWP,WE,Towers with Radar,5,2,32,0,39,0,2,65,0,67,5,4,97,0,106,116,0,116,222
06/20/2023,SCK,CA,AWP,WE,Towers with Radar,4,2,19,2,27,0,10,60,1,71,4,12,79,3,98,78,8,86,184
06/21/2023,SCK,CA,AWP,WE,Towers with Radar,2,5,31,4,42,0,3,66,4,73,2,8,97,8,115,90,2,92,207
06/22/2023,SCK,CA,AWP,WE,Towers with Radar,4,0,36,0,40,0,5,53,7,65,4,5,89,7,105,68,6,74,179
06/23/2023,SCK,CA,AWP,WE,Towers with Radar,7,0,37,0,44,0,3,49,4,56,7,3,86,4,100,60,0,60,160
06/24/2023,SCK,CA,AWP,WE,Towers with Radar,5,5,30,0,40,0,1,34,0,35,5,6,64,0,75,44,0,44,119
06/25/2023,SCK,CA,AWP,WE,Towers with Radar,6,0,14,0,20,0,11,53,0,64,6,11,67,0,84,52,0,52,136
06/26/2023,SCK,CA,AWP,WE,Towers with Radar,5,0,18,2,25,0,4,38,5,47,5,4,56,7,72,85,5,90,162
06/27/2023,SCK,CA,AWP,WE,Towers with Radar,4,2,34,5,45,0,2,66,4,72,4,4,100,9,117,85,22,107,224
06/28/2023,SCK,CA,AWP,WE,Towers with Radar,2,2,33,3,40,0,0,78,1,79,2,2,111,4,119,54,11,65,184
06/29/2023,SCK,CA,AWP,WE,Towers with Radar,4,7,27,3,41,0,1,69,1,71,4,8,96,4,112,70,0,70,182
06/30/2023,SCK,CA,AWP,WE,Towers with Radar,6,2,27,6,41,0,2,38,0,40,6,4,65,6,81,42,0,42,123
07/01/2023,SCK,CA,AWP,WE,Towers with Radar,4,0,11,0,15,0,6,36,0,42,4,6,47,0,57,30,0,30,87
07/02/2023,SCK,CA,AWP,WE,Towers with Radar,7,2,12,0,21,0,5,39,0,44,7,7,51,0,65,56,0,56,121
07/03/2023,SCK,CA,AWP,WE,Towers with Radar,5,5,19,0,29,0,3,60,0,63,5,8,79,0,92,78,0,78,170
07/04/2023,SCK,CA,AWP,WE,Towers with Radar,2,8,19,0,29,0,3,62,0,65,2,11,81,0,94,48,0,48,142
07/05/2023,SCK,CA,AWP,WE,Towers with Radar,2,0,38,4,44,0,0,65,8,73,2,0,103,12,117,92,2,94,211
07/06/2023,SCK,CA,AWP,WE,Towers with Radar,4,3,25,2,34,0,3,69,2,74,4,6,94,4,108,118,8,126,234
07/07/2023,SCK,CA,AWP,WE,Towers with Radar,7,0,51,0,58,0,4,82,1,87,7,4,133,1,145,113,0,113,258
07/08/2023,SCK,CA,AWP,WE,Towers with Radar,4,0,18,0,22,0,0,49,0,49,4,0,67,0,71,76,0,76,147
07/09/2023,SCK,CA,AWP,WE,Towers with Radar,6,0,11,0,17,0,6,52,0,58,6,6,63,0,75,104,0,104,179
07/10/2023,SCK,CA,AWP,WE,Towers with Radar,5,5,32,4,46,0,4,63,0,67,5,9,95,4,113,166,9,175,288
07/11/2023,SCK,CA,AWP,WE,Towers with Radar,4,4,18,3,29,0,4,58,1,63,4,8,76,4,92,248,2,250,342
07/12/2023,SCK,CA,AWP,WE,Towers with Radar,4,1,30,2,37,0,4,74,3,81,4,5,104,5,118,292,14,306,424
07/13/2023,SCK,CA,AWP,WE,Towers with Radar,4,1,25,3,33,0,4,54,2,60,4,5,79,5,93,178,4,182,275
07/14/2023,SCK,CA,AWP,WE,Towers with Radar,7,9,20,1,37,0,5,37,3,45,7,14,57,4,82,192,2,194,276
07/15/2023,SCK,CA,AWP,WE,Towers with Radar,4,1,16,0,21,0,4,37,2,43,4,5,53,2,64,184,0,184,248
07/16/2023,SCK,CA,AWP,WE,Towers with Radar,6,4,9,0,19,0,2,31,0,33,6,6,40,0,52,0,0,0,52
07/17/2023,SCK,CA,AWP,WE,Towers with Radar,5,3,19,0,27,0,5,44,0,49,5,8,63,0,76,214,1,215,291
07/18/2023,SCK,CA,AWP,WE,Towers with Radar,4,4,23,2,33,0,5,44,0,49,4,9,67,2,82,297,0,297,379
07/19/2023,SCK,CA,AWP,WE,Towers with Radar,4,1,28,2,35,0,4,70,5,79,4,5,98,7,114,306,4,310,424
07/20/2023,SCK,CA,AWP,WE,Towers with Radar,4,5,24,0,33,0,1,77,4,82,4,6,101,4,115,294,4,298,413
07/21/2023,SCK,CA,AWP,WE,Towers with Radar,6,0,25,0,31,0,0,61,0,61,6,0,86,0,92,254,0,254,346
07/22/2023,SCK,CA,AWP,WE,Towers with Radar,4,0,14,0,18,0,5,31,0,36,4,5,45,0,54,156,0,156,210
07/23/2023,SCK,CA,AWP,WE,Towers with Radar,6,2,17,0,25,0,4,44,0,48,6,6,61,0,73,68,0,68,141
07/24/2023,SCK,CA,AWP,WE,Towers with Radar,5,1,16,1,23,0,2,48,1,51,5,3,64,2,74,296,0,296,370
07/25/2023,SCK,CA,AWP,WE,Towers with Radar,4,11,13,1,29,0,4,144,0,148,4,15,157,1,177,161,0,161,338
07/26/2023,SCK,CA,AWP,WE,Towers with Radar,4,8,26,4,42,0,9,64,3,76,4,17,90,7,118,288,12,300,418
07/27/2023,SCK,CA,AWP,WE,Towers with Radar,4,4,19,2,29,0,3,78,3,84,4,7,97,5,113,316,8,324,437
07/28/2023,SCK,CA,AWP,WE,Towers with Radar,8,3,17,0,28,0,6,64,5,75,8,9,81,5,103,162,0,162,265
07/29/2023,SCK,CA,AWP,WE,Towers with Radar,4,5,14,0,23,0,3,60,0,63,4,8,74,0,86,116,0,116,202
07/30/2023,SCK,CA,AWP,WE,Towers with Radar,6,4,15,0,25,0,3,21,1,25,6,7,36,1,50,10,0,10,60
07/31/2023,SCK,CA,AWP,WE,Towers with Radar,5,0,18,4,27,0,21,49,2,72,5,21,67,6,99,230,4,234,333
08/01/2023,SCK,CA,AWP,WE,Towers with Radar,4,2,34,0,40,1,9,80,7,97,5,11,114,7,137,193,7,200,337
08/02/2023,SCK,CA,AWP,WE,Towers with Radar,3,1,46,1,51,0,5,104,2,111,3,6,150,3,162,176,0,176,338
08/03/2023,SCK,CA,AWP,WE,Towers with Radar,4,2,15,7,28,0,1,56,0,57,4,3,71,7,85,182,0,182,267
08/04/2023,SCK,CA,AWP,WE,Towers with Radar,8,3,16,0,27,0,2,69,2,73,8,5,85,2,100,150,2,152,252
08/05/2023,SCK,CA,AWP,WE,Towers with Radar,2,0,11,1,14,0,4,48,6,58,2,4,59,7,72,102,4,106,178
08/06/2023,SCK,CA,AWP,WE,Towers with Radar,6,5,13,0,24,0,1,29,3,33,6,6,42,3,57,8,2,10,67
08/07/2023,SCK,CA,AWP,WE,Towers with Radar,5,0,20,2,27,0,6,59,1,66,5,6,79,3,93,144,0,144,237
08/08/2023,SCK,CA,AWP,WE,Towers with Radar,2,2,24,6,34,0,12,71,0,83,2,14,95,6,117,250,0,250,367
08/09/2023,SCK,CA,AWP,WE,Towers with Radar,4,4,25,0,33,0,4,92,9,105,4,8,117,9,138,254,3,257,395
08/10/2023,SCK,CA,AWP,WE,Towers with Radar,4,3,28,1,36,0,3,93,0,96,4,6,121,1,132,256,0,256,388
08/11/2023,SCK,CA,AWP,WE,Towers with Radar,8,3,23,1,35,0,3,74,2,79,8,6,97,3,114,176,0,176,290
08/12/2023,SCK,CA,AWP,WE,Towers with Radar,3,2,25,0,30,0,2,50,0,52,3,4,75,0,82,130,0,130,212
08/13/2023,SCK,CA,AWP,WE,Towers with Radar,4,6,19,0,29,0,3,22,0,25,4,9,41,0,54,12,0,12,66
08/14/2023,SCK,CA,AWP,WE,Towers with Radar,5,1,22,0,28,0,4,47,2,53,5,5,69,2,81,114,18,132,213
08/15/2023,SCK,CA,AWP,WE,Towers with Radar,2,6,19,4,31,0,2,54,1,57,2,8,73,5,88,122,2,124,212
08/16/2023,SCK,CA,AWP,WE,Towers with Radar,4,10,24,5,43,0,0,57,4,61,4,10,81,9,104,90,34,124,228
08/17/2023,SCK,CA,AWP,WE,Towers with Radar,4,3,31,0,38,0,3,61,0,64,4,6,92,0,102,52,0,52,154
08/18/2023,SCK,CA,AWP,WE,Towers with Radar,6,2,23,0,31,0,5,63,2,70,6,7,86,2,101,96,2,98,199
08/19/2023,SCK,CA,AWP,WE,Towers with Radar,2,2,8,0,12,0,12,39,0,51,2,14,47,0,63,38,0,38,101
08/20/2023,SCK,CA,AWP,WE,Towers with Radar,5,0,25,0,30,0,2,38,0,40,5,2,63,0,70,20,0,20,90
08/21/2023,SCK,CA,AWP,WE,Towers with Radar,5,2,14,2,23,0,7,28,1,36,5,9,42,3,59,42,0,42,101
08/22/2023,SCK,CA,AWP,WE,Towers with Radar,2,2,32,3,39,0,2,64,7,73,2,4,96,10,112,98,12,110,222
08/23/2023,SCK,CA,AWP,WE,Towers with Radar,4,4,27,5,40,0,4,60,3,67,4,8,87,8,107,92,2,94,201
08/24/2023,SCK,CA,AWP,WE,Towers with Radar,4,5,23,4,36,0,4,85,0,89,4,9,108,4,125,110,8,118,243
08/25/2023,SCK,CA,AWP,WE,Towers with Radar,7,7,41,0,55,0,7,75,1,83,7,14,116,1,138,74,0,74,212
08/26/2023,SCK,CA,AWP,WE,Towers with Radar,3,2,16,0,21,0,7,35,0,42,3,9,51,0,63,52,0,52,115
08/27/2023,SCK,CA,AWP,WE,Towers with Radar,6,0,15,0,21,0,2,53,0,55,6,2,68,0,76,48,0,48,124
08/28/2023,SCK,CA,AWP,WE,Towers with Radar,4,4,22,3,33,0,1,57,7,65,4,5,79,10,98,56,2,58,156
08/29/2023,SCK,CA,AWP,WE,Towers with Radar,2,0,26,1,29,0,2,72,6,80,2,2,98,7,109,64,18,82,191
08/30/2023,SCK,CA,AWP,WE,Towers with Radar,4,7,24,7,42,0,8,53,18,79,4,15,77,25,121,82,22,104,225
08/31/2023,SCK,CA,AWP,WE,Towers with Radar,5,4,24,2,35,0,5,61,5,71,5,9,85,7,106,97,0,97,203
01/01/2020,SCK,CA,AWP,WE,Towers with Radar,4,4,5,0,13,0,2,17,0,19,4,6,22,0,32,54,0,54,86
01/02/2020,SCK,CA,AWP,WE,Towers with Radar,5,3,23,0,31,0,2,36,0,38,5,5,59,0,69,134,0,134,203
01/03/2020,SCK,CA,AWP,WE,Towers with Radar,11,3,25,0,39,0,1,25,0,26,11,4,50,0,65,88,0,88,153
01/04/2020,SCK,CA,AWP,WE,Towers with Radar,9,5,19,0,33,0,0,25,0,25,9,5,44,0,58,148,0,148,206
01/05/2020,SCK,CA,AWP,WE,Towers with Radar,10,2,33,2,47,0,4,36,0,40,10,6,69,2,87,94,0,94,181
01/06/2020,SCK,CA,AWP,WE,Towers with Radar,9,3,43,2,57,0,2,51,11,64,9,5,94,13,121,68,8,76,197
01/07/2020,SCK,CA,AWP,WE,Towers with Radar,7,4,31,3,45,0,0,2,0,2,7,4,33,3,47,0,0,0,47
01/08/2020,SCK,CA,AWP,WE,Towers with Radar,9,3,28,2,42,0,0,11,0,11,9,3,39,2,53,18,38,56,109
01/09/2020,SCK,CA,AWP,WE,Towers with Radar,8,4,26,2,40,0,0,9,3,12,8,4,35,5,52,84,10,94,146
01/10/2020,SCK,CA,AWP,WE,Towers with Radar,10,4,31,0,45,0,3,63,0,66,10,7,94,0,111,184,0,184,295
01/11/2020,SCK,CA,AWP,WE,Towers with Radar,6,3,14,0,23,0,9,55,0,64,6,12,69,0,87,68,0,68,155
01/12/2020,SCK,CA,AWP,WE,Towers with Radar,7,7,24,0,38,0,2,32,0,34,7,9,56,0,72,76,0,76,148
01/13/2020,SCK,CA,AWP,WE,Towers with Radar,10,6,24,3,43,0,2,56,13,71,10,8,80,16,114,158,21,179,293
01/14/2020,SCK,CA,AWP,WE,Towers with Radar,8,5,29,1,43,0,0,48,6,54,8,5,77,7,97,98,0,98,195
01/15/2020,SCK,CA,AWP,WE,Towers with Radar,8,9,26,0,43,0,1,41,6,48,8,10,67,6,91,90,4,94,185
01/16/2020,SCK,CA,AWP,WE,Towers with Radar,7,4,7,0,18,0,2,4,0,6,7,6,11,0,24,6,0,6,30
01/17/2020,SCK,CA,AWP,WE,Towers with Radar,10,4,31,0,45,0,1,28,0,29,10,5,59,0,74,62,0,62,136
01/18/2020,SCK,CA,AWP,WE,Towers with Radar,7,9,21,0,37,0,0,5,0,5,7,9,26,0,42,36,0,36,78
01/19/2020,SCK,CA,AWP,WE,Towers with Radar,8,6,18,0,32,0,4,0,0,4,8,10,18,0,36,14,0,14,50
01/20/2020,SCK,CA,AWP,WE,Towers with Radar,11,5,52,0,68,0,0,25,0,25,11,5,77,0,93,102,0,102,195
01/21/2020,SCK,CA,AWP,WE,Towers with Radar,7,6,41,6,60,0,2,40,0,42,7,8,81,6,102,78,0,78,180
01/22/2020,SCK,CA,AWP,WE,Towers with Radar,9,5,38,5,57,0,2,24,4,30,9,7,62,9,87,190,18,208,295
01/23/2020,SCK,CA,AWP,WE,Towers with Radar,8,4,36,2,50,0,2,25,9,36,8,6,61,11,86,148,4,152,238
01/24/2020,SCK,CA,AWP,WE,Towers with Radar,10,8,36,0,54,0,3,61,2,66,10,11,97,2,120,136,0,136,256
01/25/2020,SCK,CA,AWP,WE,Towers with Radar,7,6,51,2,66,0,0,2,0,2,7,6,53,2,68,0,0,0,68
01/26/2020,SCK,CA,AWP,WE,Towers with Radar,8,7,52,0,67,0,0,30,0,30,8,7,82,0,97,61,0,61,158
01/27/2020,SCK,CA,AWP,WE,Towers with Radar,11,7,39,1,58,0,0,92,8,100,11,7,131,9,158,128,10,138,296
01/28/2020,SCK,CA,AWP,WE,Towers with Radar,7,8,22,0,37,0,1,35,4,40,7,9,57,4,77,110,10,120,197
01/29/2020,SCK,CA,AWP,WE,Towers with Radar,9,6,39,9,63,0,0,52,8,60,9,6,91,17,123,150,32,182,305
01/30/2020,SCK,CA,AWP,WE,Towers with Radar,8,4,28,0,40,0,8,57,3,68,8,12,85,3,108,202,0,202,310
01/31/2020,SCK,CA,AWP,WE,Towers with Radar,9,7,35,1,52,0,6,69,0,75,9,13,104,1,127,158,0,158,285
02/01/2020,SCK,CA,AWP,WE,Towers with Radar,7,2,16,0,25,0,4,37,0,41,7,6,53,0,66,42,0,42,108
02/02/2020,SCK,CA,AWP,WE,Towers with Radar,8,5,13,0,26,0,3,10,0,13,8,8,23,0,39,26,0,26,65
02/03/2020,SCK,CA,AWP,WE,Towers with Radar,10,6,25,5,46,0,4,29,1,34,10,10,54,6,80,48,8,56,136
02/04/2020,SCK,CA,AWP,WE,Towers with Radar,7,4,53,1,65,0,1,80,1,82,7,5,133,2,147,108,8,116,263
02/05/2020,SCK,CA,AWP,WE,Towers with Radar,9,3,46,2,60,0,5,71,4,80,9,8,117,6,140,136,0,136,276
02/06/2020,SCK,CA,AWP,WE,Towers with Radar,8,3,39,1,51,0,6,61,2,69,8,9,100,3,120,166,0,166,286
02/07/2020,SCK,CA,AWP,WE,Towers with Radar,10,2,35,2,49,0,1,83,7,91,10,3,118,9,140,198,1,199,339
02/08/2020,SCK,CA,AWP,WE,Towers with Radar,7,2,28,0,37,0,1,50,0,51,7,3,78,0,88,124,0,124,212
02/09/2020,SCK,CA,AWP,WE,Towers with Radar,8,3,7,0,18,0,0,9,2,11,8,3,16,2,29,0,0,0,29
02/10/2020,SCK,CA,AWP,WE,Towers with Radar,10,5,39,4,58,0,2,71,4,77,10,7,110,8,135,210,28,238,373
02/11/2020,SCK,CA,AWP,WE,Towers with Radar,7,3,45,4,59,0,1,64,2,67,7,4,109,6,126,186,0,186,312
02/12/2020,SCK,CA,AWP,WE,Towers with Radar,7,3,29,1,40,0,0,82,3,85,7,3,111,4,125,228,12,240,365
02/13/2020,SCK,CA,AWP,WE,Towers with Radar,11,3,31,2,47,0,4,51,7,62,11,7,82,9,109,185,8,193,302
02/14/2020,SCK,CA,AWP,WE,Towers with Radar,7,4,31,2,44,0,6,45,0,51,7,10,76,2,95,248,0,248,343
02/15/2020,SCK,CA,AWP,WE,Towers with Radar,7,1,21,0,29,0,7,55,1,63,7,8,76,1,92,88,0,88,180
02/16/2020,SCK,CA,AWP,WE,Towers with Radar,8,3,12,0,23,0,0,31,0,31,8,3,43,0,54,72,0,72,126
02/17/2020,SCK,CA,AWP,WE,Towers with Radar,9,5,27,1,42,0,5,53,0,58,9,10,80,1,100,186,0,186,286
02/18/2020,SCK,CA,AWP,WE,Towers with Radar,7,5,36,1,49,0,2,86,7,95,7,7,122,8,144,232,10,242,386
02/19/2020,SCK,CA,AWP,WE,Towers with Radar,6,4,25,3,38,0,4,58,4,66,6,8,83,7,104,316,6,322,426
02/20/2020,SCK,CA,AWP,WE,Towers with Radar,11,7,21,2,41,0,6,54,3,63,11,13,75,5,104,226,0,226,330
02/21/2020,SCK,CA,AWP,WE,Towers with Radar,7,8,41,3,59,0,14,89,1,104,7,22,130,4,163,236,4,240,403
02/22/2020,SCK,CA,AWP,WE,Towers with Radar,7,2,25,1,35,0,4,61,1,66,7,6,86,2,101,140,0,140,241
02/23/2020,SCK,CA,AWP,WE,Towers with Radar,11,3,22,0,36,0,6,39,0,45,11,9,61,0,81,28,0,28,109
02/24/2020,SCK,CA,AWP,WE,Towers with Radar,8,2,41,0,51,0,4,74,1,79,8,6,115,1,130,268,0,268,398
02/25/2020,SCK,CA,AWP,WE,Towers with Radar,7,3,42,0,52,0,6,78,3,87,7,9,120,3,139,206,6,212,351
02/26/2020,SCK,CA,AWP,WE,Towers with Radar,9,3,33,2,47,0,8,53,5,66,9,11,86,7,113,307,0,307,420
02/27/2020,SCK,CA,AWP,WE,Towers with Radar,11,5,25,5,46,0,7,57,1,65,11,12,82,6,111,160,6,166,277
02/28/2020,SCK,CA,AWP,WE,Towers with Radar,8,4,19,0,31,0,3,66,0,69,8,7,85,0,100,212,0,212,312
02/29/2020,SCK,CA,AWP,WE,Towers with Radar,7,2,21,0,30,0,1,43,0,44,7,3,64,0,74,92,0,92,166
03/01/2020,SCK,CA,AWP,WE,Towers with Radar,12,4,28,0,44,0,6,24,0,30,12,10,52,0,74,32,0,32,106
03/02/2020,SCK,CA,AWP,WE,Towers with Radar,8,5,29,1,43,0,0,71,3,74,8,5,100,4,117,176,0,176,293
03/03/2020,SCK,CA,AWP,WE,Towers with Radar,7,5,42,8,62,0,10,85,4,99,7,15,127,12,161,244,60,304,465
03/04/2020,SCK,CA,AWP,WE,Towers with Radar,7,7,44,0,58,0,1,79,7,87,7,8,123,7,145,280,20,300,445
03/05/2020,SCK,CA,AWP,WE,Towers with Radar,13,12,35,0,60,0,3,77,5,85,13,15,112,5,145,268,0,268,413
03/06/2020,SCK,CA,AWP,WE,Towers with Radar,7,5,58,0,70,0,6,65,0,71,7,11,123,0,141,110,0,110,251
03/07/2020,SCK,CA,AWP,WE,Towers with Radar,9,0,33,0,42,0,3,14,0,17,9,3,47,0,59,106,0,106,165
03/08/2020,SCK,CA,AWP,WE,Towers with Radar,13,5,22,0,40,0,8,21,0,29,13,13,43,0,69,88,0,88,157
03/09/2020,SCK,CA,AWP,WE,Towers with Radar,7,7,29,1,44,0,4,84,0,88,7,11,113,1,132,290,0,290,422
03/10/2020,SCK,CA,AWP,WE,Towers with Radar,6,4,44,3,57,0,5,61,4,70,6,9,105,7,127,164,10,174,301
03/11/2020,SCK,CA,AWP,WE,Towers with Radar,5,4,40,0,49,0,4,84,5,93,5,8,124,5,142,134,2,136,278
03/12/2020,SCK,CA,AWP,WE,Towers with Radar,11,3,42,4,60,0,3,60,9,72,11,6,102,13,132,164,12,176,308
03/13/2020,SCK,CA,AWP,WE,Towers with Radar,5,4,35,1,45,0,3,86,11,100,5,7,121,12,145,140,14,154,299
03/14/2020,SCK,CA,AWP,WE,Towers with Radar,4,3,8,0,15,0,0,3,0,3,4,3,11,0,18,22,0,22,40
03/15/2020,SCK,CA,AWP,WE,Towers with Radar,12,7,21,0,40,0,0,7,0,7,12,7,28,0,47,0,0,0,47
03/16/2020,SCK,CA,AWP,WE,Towers with Radar,2,3,14,0,19,0,0,2,0,2,2,3,16,0,21,24,0,24,45
03/17/2020,SCK,CA,AWP,WE,Towers with Radar,4,3,32,9,48,0,4,24,1,29,4,7,56,10,77,127,0,127,204
03/18/2020,SCK,CA,AWP,WE,Towers with Radar,5,0,12,3,20,0,1,53,1,55,5,1,65,4,75,294,8,302,377
03/19/2020,SCK,CA,AWP,WE,Towers with Radar,5,0,15,4,24,0,2,59,9,70,5,2,74,13,94,176,16,192,286
03/20/2020,SCK,CA,AWP,WE,Towers with Radar,3,2,12,0,17,0,1,22,7,30,3,3,34,7,47,8,0,8,55
03/21/2020,SCK,CA,AWP,WE,Towers with Radar,3,1,10,0,14,0,1,21,0,22,3,2,31,0,36,2,0,2,38
03/22/2020,SCK,CA,AWP,WE,Towers with Radar,5,0,4,0,9,0,2,11,0,13,5,2,15,0,22,2,0,2,24
03/23/2020,SCK,CA,AWP,WE,Towers with Radar,4,1,5,0,10,0,2,5,0,7,4,3,10,0,17,10,0,10,27
03/24/2020,SCK,CA,AWP,WE,Towers with Radar,2,2,0,2,6,0,0,1,14,15,2,2,1,16,21,0,6,6,27
03/25/2020,SCK,CA,AWP,WE,Towers with Radar,2,2,11,1,16,0,3,6,1,10,2,5,17,2,26,0,0,0,26
03/26/2020,SCK,CA,AWP,WE,Towers with Radar,2,6,7,0,15,0,2,13,4,19,2,8,20,4,34,4,0,4,38
03/27/2020,SCK,CA,AWP,WE,Towers with Radar,3,0,9,0,12,0,0,29,3,32,3,0,38,3,44,2,0,2,46
03/28/2020,SCK,CA,AWP,WE,Towers with Radar,2,0,19,0,21,0,1,7,0,8,2,1,26,0,29,0,0,0,29
03/29/2020,SCK,CA,AWP,WE,Towers with Radar,2,0,3,0,5,0,0,1,0,1,2,0,4,0,6,0,0,0,6
03/30/2020,SCK,CA,AWP,WE,Towers with Radar,2,0,10,1,13,0,2,9,3,14,2,2,19,4,27,8,2,10,37
03/31/2020,SCK,CA,AWP,WE,Towers with Radar,2,8,5,1,16,0,5,15,1,21,2,13,20,2,37,12,2,14,51
04/01/2020,SCK,CA,AWP,WE,Towers with Radar,3,1,7,3,14,0,0,31,6,37,3,1,38,9,51,20,18,38,89
04/02/2020,SCK,CA,AWP,WE,Towers with Radar,5,1,6,0,12,0,1,20,3,24,5,2,26,3,36,0,0,0,36
04/03/2020,SCK,CA,AWP,WE,Towers with Radar,5,3,9,0,17,0,4,16,0,20,5,7,25,0,37,6,0,6,43
04/04/2020,SCK,CA,AWP,WE,Towers with Radar,3,2,0,8,13,0,2,2,0,4,3,4,2,8,17,0,0,0,17
04/05/2020,SCK,CA,AWP,WE,Towers with Radar,5,1,9,0,15,0,0,1,0,1,5,1,10,0,16,0,0,0,16
04/06/2020,SCK,CA,AWP,WE,Towers with Radar,2,0,1,4,7,0,0,8,2,10,2,0,9,6,17,0,4,4,21
04/07/2020,SCK,CA,AWP,WE,Towers with Radar,3,0,12,0,15,0,3,19,4,26,3,3,31,4,41,18,8,26,67
04/08/2020,SCK,CA,AWP,WE,Towers with Radar,2,4,18,2,26,0,2,33,14,49,2,6,51,16,75,4,2,6,81
04/09/2020,SCK,CA,AWP,WE,Towers with Radar,5,0,2,0,7,0,3,4,0,7,5,3,6,0,14,14,0,14,28
04/10/2020,SCK,CA,AWP,WE,Towers with Radar,3,0,8,1,12,0,5,20,1,26,3,5,28,2,38,0,0,0,38
04/11/2020,SCK,CA,AWP,WE,Towers with Radar,3,0,16,0,19,0,0,24,0,24,3,0,40,0,43,0,0,0,43
04/12/2020,SCK,CA,AWP,WE,Towers with Radar,2,2,6,0,10,0,0,12,0,12,2,2,18,0,22,16,0,16,38
04/13/2020,SCK,CA,AWP,WE,Towers with Radar,3,3,14,6,26,0,1,23,0,24,3,4,37,6,50,6,4,10,60
04/14/2020,SCK,CA,AWP,WE,Towers with Radar,3,1,7,4,15,0,0,20,1,21,3,1,27,5,36,4,0,4,40
04/15/2020,SCK,CA,AWP,WE,Towers with Radar,3,8,13,18,42,0,1,35,7,43,3,9,48,25,85,26,6,32,117
04/16/2020,SCK,CA,AWP,WE,Towers with Radar,3,0,6,0,9,0,0,20,4,24,3,0,26,4,33,8,0,8,41
04/17/2020,SCK,CA,AWP,WE,Towers with Radar,5,0,5,7,17,0,1,20,3,24,5,1,25,10,41,16,8,24,65
04/18/2020,SCK,CA,AWP,WE,Towers with Radar,3,2,23,0,28,0,6,7,0,13,3,8,30,0,41,10,0,10,51
04/19/2020,SCK,CA,AWP,WE,Towers with Radar,5,0,28,1,34,0,6,29,1,36,5,6,57,2,70,6,0,6,76
04/20/2020,SCK,CA,AWP,WE,Towers with Radar,2,0,10,2,14,0,1,20,7,28,2,1,30,9,42,2,8,10,52
04/21/2020,SCK,CA,AWP,WE,Towers with Radar,2,0,13,1,16,0,1,26,6,33,2,1,39,7,49,20,50,70,119
04/22/2020,SCK,CA,AWP,WE,Towers with Radar,2,0,23,2,27,0,0,47,11,58,2,0,70,13,85,5,32,37,122
04/23/2020,SCK,CA,AWP,WE,Towers with Radar,2,0,6,4,12,0,3,14,3,20,2,3,20,7,32,10,2,12,44
04/24/2020,SCK,CA,AWP,WE,Towers with Radar,2,2,16,1,21,0,1,33,7,41,2,3,49,8,62,22,14,36,98
04/25/2020,SCK,CA,AWP,WE,Towers with Radar,2,0,5,0,7,0,2,39,0,41,2,2,44,0,48,58,0,58,106
04/26/2020,SCK,CA,AWP,WE,Towers with Radar,3,2,19,0,24,0,0,44,0,44,3,2,63,0,68,2,0,2,70
04/27/2020,SCK,CA,AWP,WE,Towers with Radar,2,0,6,8,16,0,0,15,2,17,2,0,21,10,33,18,6,24,57
04/28/2020,SCK,CA,AWP,WE,Towers with Radar,2,6,11,4,23,0,2,38,10,50,2,8,49,14,73,22,0,22,95
04/29/2020,SCK,CA,AWP,WE,Towers with Radar,2,0,4,0,6,0,3,29,6,38,2,3,33,6,44,24,0,24,68
04/30/2020,SCK,CA,AWP,WE,Towers with Radar,5,0,23,0,28,0,0,31,2,33,5,0,54,2,61,8,0,8,69
05/01/2020,SCK,CA,AWP,WE,Towers with Radar,5,0,21,0,26,0,3,42,4,49,5,3,63,4,75,22,0,22,97
05/02/2020,SCK,CA,AWP,WE,Towers with Radar,3,2,4,0,9,0,10,12,9,31,3,12,16,9,40,18,28,46,86
05/03/2020,SCK,CA,AWP,WE,Towers with Radar,6,1,15,0,22,0,2,32,3,37,6,3,47,3,59,12,6,18,77
05/04/2020,SCK,CA,AWP,WE,Towers with Radar,2,1,5,0,8,0,0,22,2,24,2,1,27,2,32,30,0,30,62
05/05/2020,SCK,CA,AWP,WE,Towers with Radar,3,0,10,6,19,0,0,28,2,30,3,0,38,8,49,8,6,14,63
05/06/2020,SCK,CA,AWP,WE,Towers with Radar,3,0,18,8,29,0,0,25,5,30,3,0,43,13,59,2,10,12,71
05/07/2020,SCK,CA,AWP,WE,Towers with Radar,4,0,17,0,21,1,3,25,10,39,5,3,42,10,60,4,0,4,64
05/08/2020,SCK,CA,AWP,WE,Towers with Radar,5,0,8,0,13,0,0,41,3,44,5,0,49,3,57,8,0,8,65
05/09/2020,SCK,CA,AWP,WE,Towers with Radar,4,0,12,0,16,0,0,29,0,29,4,0,41,0,45,4,0,4,49
05/10/2020,SCK,CA,AWP,WE,Towers with Radar,4,0,22,0,26,0,0,20,0,20,4,0,42,0,46,0,0,0,46
05/11/2020,SCK,CA,AWP,WE,Towers with Radar,4,0,12,7,23,0,0,13,2,15,4,0,25,9,38,28,10,38,76
05/12/2020,SCK,CA,AWP,WE,Towers with Radar,2,0,14,2,18,0,1,14,4,19,2,1,28,6,37,0,8,8,45
05/13/2020,SCK,CA,AWP,WE,Towers with Radar,2,0,8,1,11,0,0,24,5,29,2,0,32,6,40,22,0,22,62
05/14/2020,SCK,CA,AWP,WE,Towers with Radar,4,2,12,4,22,0,0,37,11,48,4,2,49,15,70,36,4,40,110
05/15/2020,SCK,CA,AWP,WE,Towers with Radar,2,0,17,0,19,0,0,29,1,30,2,0,46,1,49,24,0,24,73
05/16/2020,SCK,CA,AWP,WE,Towers with Radar,2,0,19,0,21,1,1,36,0,38,3,1,55,0,59,8,0,8,67
05/17/2020,SCK,CA,AWP,WE,Towers with Radar,4,4,6,0,14,0,0,4,0,4,4,4,10,0,18,0,0,0,18
05/18/2020,SCK,CA,AWP,WE,Towers with Radar,2,0,9,0,11,0,0,1,2,3,2,0,10,2,14,0,0,0,14
05/19/2020,SCK,CA,AWP,WE,Towers with Radar,4,4,13,0,21,0,2,19,0,21,4,6,32,0,42,98,0,98,140
05/20/2020,SCK,CA,AWP,WE,Towers with Radar,3,2,14,0,19,0,0,40,1,41,3,2,54,1,60,62,0,62,122
05/21/2020,SCK,CA,AWP,WE,Towers with Radar,5,1,10,0,16,0,1,32,8,41,5,2,42,8,57,64,4,68,125
05/22/2020,SCK,CA,AWP,WE,Towers with Radar,6,1,23,0,30,0,1,48,5,54,6,2,71,5,84,46,0,46,130
05/23/2020,SCK,CA,AWP,WE,Towers with Radar,2,2,9,0,13,1,0,19,0,20,3,2,28,0,33,38,0,38,71
05/24/2020,SCK,CA,AWP,WE,Towers with Radar,4,0,12,0,16,0,1,40,0,41,4,1,52,0,57,20,0,20,77
05/25/2020,SCK,CA,AWP,WE,Towers with Radar,5,0,18,0,23,0,0,23,0,23,5,0,41,0,46,32,0,32,78
05/26/2020,SCK,CA,AWP,WE,Towers with Radar,2,2,15,0,19,0,0,16,3,19,2,2,31,3,38,6,0,6,44
05/27/2020,SCK,CA,AWP,WE,Towers with Radar,2,0,17,3,22,0,0,29,3,32,2,0,46,6,54,102,2,104,158
05/28/2020,SCK,CA,AWP,WE,Towers with Radar,4,2,18,1,25,0,0,59,4,63,4,2,77,5,88,86,26,112,200
05/29/2020,SCK,CA,AWP,WE,Towers with Radar,5,0,19,0,24,0,2,41,5,48,5,2,60,5,72,84,0,84,156
05/30/2020,SCK,CA,AWP,WE,Towers with Radar,3,2,3,0,8,0,0,16,3,19,3,2,19,3,27,56,4,60,87
05/31/2020,SCK,CA,AWP,WE,Towers with Radar,5,4,24,1,34,0,0,27,4,31,5,4,51,5,65,90,0,90,155
06/01/2020,SCK,CA,AWP,WE,Towers with Radar,7,0,25,0,32,0,2,48,7,57,7,2,73,7,89,126,2,128,217
06/02/2020,SCK,CA,AWP,WE,Towers with Radar,2,2,29,0,33,0,0,51,5,56,2,2,80,5,89,102,0,102,191
06/03/2020,SCK,CA,AWP,WE,Towers with Radar,4,2,20,2,28,1,4,35,3,43,5,6,55,5,71,96,6,102,173
06/04/2020,SCK,CA,AWP,WE,Towers with Radar,3,4,17,7,31,0,3,35,6,44,3,7,52,13,75,148,42,190,265
06/05/2020,SCK,CA,AWP,WE,Towers with Radar,7,1,24,0,32,0,0,36,2,38,7,1,60,2,70,43,0,43,113
06/06/2020,SCK,CA,AWP,WE,Towers with Radar,5,0,11,0,16,0,2,24,4,30,5,2,35,4,46,36,0,36,82
06/07/2020,SCK,CA,AWP,WE,Towers with Radar,4,4,23,3,34,0,1,30,1,32,4,5,53,4,66,30,0,30,96
06/08/2020,SCK,CA,AWP,WE,Towers with Radar,7,2,33,1,43,0,2,27,9,38,7,4,60,10,81,62,4,66,147
06/09/2020,SCK,CA,AWP,WE,Towers with Radar,3,2,17,0,22,0,0,47,2,49,3,2,64,2,71,138,0,138,209
06/10/2020,SCK,CA,AWP,WE,Towers with Radar,4,2,39,1,46,0,0,35,1,36,4,2,74,2,82,108,0,108,190
06/11/2020,SCK,CA,AWP,WE,Towers with Radar,4,2,33,3,42,0,0,47,20,67,4,2,80,23,109,92,8,100,209
06/12/2020,SCK,CA,AWP,WE,Towers with Radar,7,1,29,0,37,0,1,41,2,44,7,2,70,2,81,86,0,86,167
06/13/2020,SCK,CA,AWP,WE,Towers with Radar,5,0,18,0,23,0,1,37,0,38,5,1,55,0,61,48,0,48,109
06/14/2020,SCK,CA,AWP,WE,Towers with Radar,5,1,16,0,22,0,1,40,0,41,5,2,56,0,63,10,0,10,73
06/15/2020,SCK,CA,AWP,WE,Towers with Radar,7,0,28,1,36,0,0,34,0,34,7,0,62,1,70,44,0,44,114
06/16/2020,SCK,CA,AWP,WE,Towers with Radar,4,2,19,6,31,0,1,47,2,50,4,3,66,8,81,98,2,100,181
06/17/2020,SCK,CA,AWP,WE,Towers with Radar,4,0,16,10,30,1,0,40,11,52,5,0,56,21,82,4,10,14,96
06/18/2020,SCK,CA,AWP,WE,Towers with Radar,4,3,34,0,41,0,0,73,1,74,4,3,107,1,115,80,0,80,195
06/19/2020,SCK,CA,AWP,WE,Towers with Radar,7,5,26,0,38,0,1,55,3,59,7,6,81,3,97,94,0,94,191
06/20/2020,SCK,CA,AWP,WE,Towers with Radar,5,3,21,0,29,0,0,39,0,39,5,3,60,0,68,96,0,96,164
06/21/2020,SCK,CA,AWP,WE,Towers with Radar,5,2,13,0,20,0,0,25,0,25,5,2,38,0,45,14,0,14,59
06/22/2020,SCK,CA,AWP,WE,Towers with Radar,6,4,23,1,34,0,1,32,1,34,6,5,55,2,68,124,0,124,192
06/23/2020,SCK,CA,AWP,WE,Towers with Radar,3,6,20,0,29,0,0,48,0,48,3,6,68,0,77,94,0,94,171
06/24/2020,SCK,CA,AWP,WE,Towers with Radar,5,0,21,1,27,0,0,48,2,50,5,0,69,3,77,44,0,44,121
06/25/2020,SCK,CA,AWP,WE,Towers with Radar,3,4,23,1,31,0,0,57,3,60,3,4,80,4,91,130,0,130,221
06/26/2020,SCK,CA,AWP,WE,Towers with Radar,7,8,19,1,35,0,2,57,4,63,7,10,76,5,98,178,4,182,280
06/27/2020,SCK,CA,AWP,WE,Towers with Radar,5,0,24,0,29,0,0,44,0,44,5,0,68,0,73,74,0,74,147
06/28/2020,SCK,CA,AWP,WE,Towers with Radar,5,0,14,0,19,0,0,29,0,29,5,0,43,0,48,8,0,8,56
06/29/2020,SCK,CA,AWP,WE,Towers with Radar,10,0,31,4,45,0,0,43,1,44,10,0,74,5,89,48,0,48,137
06/30/2020,SCK,CA,AWP,WE,Towers with Radar,5,0,18,2,25,0,2,46,0,48,5,2,64,2,73,64,0,64,137
07/01/2020,SCK,CA,AWP,WE,Towers with Radar,4,5,19,10,38,0,0,42,6,48,4,5,61,16,86,42,14,56,142
07/02/2020,SCK,CA,AWP,WE,Towers with Radar,5,1,22,5,33,0,0,54,4,58,5,1,76,9,91,86,22,108,199
07/03/2020,SCK,CA,AWP,WE,Towers with Radar,5,0,25,0,30,0,0,42,0,42,5,0,67,0,72,60,0,60,132
07/04/2020,SCK,CA,AWP,WE,Towers with Radar,1,0,10,0,11,0,0,38,0,38,1,0,48,0,49,80,0,80,129
07/05/2020,SCK,CA,AWP,WE,Towers with Radar,4,0,8,0,12,0,0,30,0,30,4,0,38,0,42,28,0,28,70
07/06/2020,SCK,CA,AWP,WE,Towers with Radar,7,2,35,5,49,0,2,53,0,55,7,4,88,5,104,100,0,100,204
07/07/2020,SCK,CA,AWP,WE,Towers with Radar,3,4,23,5,35,0,0,41,3,44,3,4,64,8,79,138,8,146,225
07/08/2020,SCK,CA,AWP,WE,Towers with Radar,4,1,14,3,22,0,0,40,2,42,4,1,54,5,64,146,2,148,212
07/09/2020,SCK,CA,AWP,WE,Towers with Radar,5,1,14,12,32,0,2,50,7,59,5,3,64,19,91,46,0,46,137
07/10/2020,SCK,CA,AWP,WE,Towers with Radar,7,0,20,2,29,0,0,54,5,59,7,0,74,7,88,30,0,30,118
07/11/2020,SCK,CA,AWP,WE,Towers with Radar,5,0,12,0,17,0,1,41,2,44,5,1,53,2,61,66,0,66,127
07/12/2020,SCK,CA,AWP,WE,Towers with Radar,7,0,10,0,17,0,0,17,1,18,7,0,27,1,35,0,0,0,35
07/13/2020,SCK,CA,AWP,WE,Towers with Radar,7,2,11,9,29,0,0,41,3,44,7,2,52,12,73,100,12,112,185
07/14/2020,SCK,CA,AWP,WE,Towers with Radar,3,2,19,2,26,0,0,40,0,40,3,2,59,2,66,104,0,104,170
07/15/2020,SCK,CA,AWP,WE,Towers with Radar,5,3,26,5,39,0,2,55,2,59,5,5,81,7,98,136,14,150,248
07/16/2020,SCK,CA,AWP,WE,Towers with Radar,5,2,19,0,26,0,3,45,2,50,5,5,64,2,76,104,0,104,180
07/17/2020,SCK,CA,AWP,WE,Towers with Radar,7,0,29,0,36,0,2,56,1,59,7,2,85,1,95,152,0,152,247
07/18/2020,SCK,CA,AWP,WE,Towers with Radar,5,0,32,0,37,0,0,61,1,62,5,0,93,1,99,36,2,38,137
07/19/2020,SCK,CA,AWP,WE,Towers with Radar,5,0,14,0,19,0,1,37,0,38,5,1,51,0,57,50,0,50,107
07/20/2020,SCK,CA,AWP,WE,Towers with Radar,7,4,21,0,32,0,1,39,0,40,7,5,60,0,72,112,0,112,184
07/21/2020,SCK,CA,AWP,WE,Towers with Radar,3,0,19,1,23,0,0,35,4,39,3,0,54,5,62,82,0,82,144
07/22/2020,SCK,CA,AWP,WE,Towers with Radar,5,2,7,3,17,0,1,56,4,61,5,3,63,7,78,76,6,82,160
07/23/2020,SCK,CA,AWP,WE,Towers with Radar,6,2,11,5,24,0,0,58,3,61,6,2,69,8,85,188,2,190,275
07/24/2020,SCK,CA,AWP,WE,Towers with Radar,7,2,13,0,22,0,2,48,2,52,7,4,61,2,74,104,0,104,178
07/25/2020,SCK,CA,AWP,WE,Towers with Radar,5,1,9,0,15,0,0,44,0,44,5,1,53,0,59,116,0,116,175
07/26/2020,SCK,CA,AWP,WE,Towers with Radar,8,0,9,0,17,0,0,34,1,35,8,0,43,1,52,72,0,72,124
07/27/2020,SCK,CA,AWP,WE,Towers with Radar,7,0,5,10,22,0,0,56,5,61,7,0,61,15,83,78,8,86,169
07/28/2020,SCK,CA,AWP,WE,Towers with Radar,3,0,23,4,30,1,3,32,5,41,4,3,55,9,71,46,12,58,129
07/29/2020,SCK,CA,AWP,WE,Towers with Radar,5,1,22,0,28,0,1,36,3,40,5,2,58,3,68,18,0,18,86
07/30/2020,SCK,CA,AWP,WE,Towers with Radar,4,0,38,2,44,0,0,73,4,77,4,0,111,6,121,70,0,70,191
07/31/2020,SCK,CA,AWP,WE,Towers with Radar,6,0,21,1,28,0,0,41,9,50,6,0,62,10,78,24,6,30,108
08/01/2020,SCK,CA,AWP,WE,Towers with Radar,4,2,13,0,19,0,1,61,0,62,4,3,74,0,81,56,0,56,137
08/02/2020,SCK,CA,AWP,WE,Towers with Radar,5,0,14,0,19,0,1,48,0,49,5,1,62,0,68,18,0,18,86
08/03/2020,SCK,CA,AWP,WE,Towers with Radar,7,3,17,4,31,0,1,39,5,45,7,4,56,9,76,52,0,52,128
08/04/2020,SCK,CA,AWP,WE,Towers with Radar,3,1,15,10,29,0,0,37,6,43,3,1,52,16,72,68,12,80,152
08/05/2020,SCK,CA,AWP,WE,Towers with Radar,5,0,9,3,17,0,0,36,4,40,5,0,45,7,57,4,0,4,61
08/06/2020,SCK,CA,AWP,WE,Towers with Radar,5,2,25,2,34,0,1,57,2,60,5,3,82,4,94,38,0,38,132
08/07/2020,SCK,CA,AWP,WE,Towers with Radar,6,4,16,2,28,1,0,41,3,45,7,4,57,5,73,30,0,30,103
08/08/2020,SCK,CA,AWP,WE,Towers with Radar,3,0,23,0,26,0,0,45,0,45,3,0,68,0,71,34,0,34,105
08/09/2020,SCK,CA,AWP,WE,Towers with Radar,4,2,11,0,17,0,0,51,4,55,4,2,62,4,72,12,0,12,84
08/10/2020,SCK,CA,AWP,WE,Towers with Radar,9,0,26,2,37,0,3,38,0,41,9,3,64,2,78,28,0,28,106
08/11/2020,SCK,CA,AWP,WE,Towers with Radar,3,1,17,0,21,0,0,73,2,75,3,1,90,2,96,86,0,86,182
08/12/2020,SCK,CA,AWP,WE,Towers with Radar,6,3,23,0,32,0,2,45,1,48,6,5,68,1,80,62,0,62,142
08/13/2020,SCK,CA,AWP,WE,Towers with Radar,5,2,14,3,24,0,3,64,1,68,5,5,78,4,92,94,0,94,186
08/14/2020,SCK,CA,AWP,WE,Towers with Radar,6,3,23,1,33,0,2,32,1,35,6,5,55,2,68,24,0,24,92
08/15/2020,SCK,CA,AWP,WE,Towers with Radar,3,0,25,0,28,0,2,38,0,40,3,2,63,0,68,72,0,72,140
08/16/2020,SCK,CA,AWP,WE,Towers with Radar,5,0,10,0,15,0,0,23,0,23,5,0,33,0,38,0,0,0,38
08/17/2020,SCK,CA,AWP,WE,Towers with Radar,9,0,22,1,32,0,4,45,0,49,9,4,67,1,81,36,0,36,117
08/18/2020,SCK,CA,AWP,WE,Towers with Radar,3,0,21,0,24,0,0,27,2,29,3,0,48,2,53,50,2,52,105
08/19/2020,SCK,CA,AWP,WE,Towers with Radar,5,4,16,3,28,0,6,25,2,33,5,10,41,5,61,54,0,54,115
08/20/2020,SCK,CA,AWP,WE,Towers with Radar,6,1,33,1,41,0,0,4,0,4,6,1,37,1,45,0,0,0,45
08/21/2020,SCK,CA,AWP,WE,Towers with Radar,5,6,12,2,25,0,1,4,6,11,5,7,16,8,36,0,4,4,40
08/22/2020,SCK,CA,AWP,WE,Towers with Radar,3,2,23,1,29,0,0,16,11,27,3,2,39,12,56,40,0,40,96
08/23/2020,SCK,CA,AWP,WE,Towers with Radar,5,2,21,0,28,0,1,9,0,10,5,3,30,0,38,0,0,0,38
08/24/2020,SCK,CA,AWP,WE,Towers with Radar,5,1,35,2,43,0,0,6,2,8,5,1,41,4,51,0,2,2,53
08/25/2020,SCK,CA,AWP,WE,Towers with Radar,3,1,30,0,34,0,4,21,4,29,3,5,51,4,63,58,0,58,121
08/26/2020,SCK,CA,AWP,WE,Towers with Radar,5,1,40,4,50,0,3,27,8,38,5,4,67,12,88,28,8,36,124
08/27/2020,SCK,CA,AWP,WE,Towers with Radar,7,1,25,6,39,0,6,29,0,35,7,7,54,6,74,16,4,20,94
08/28/2020,SCK,CA,AWP,WE,Towers with Radar,5,1,16,4,26,0,6,24,2,32,5,7,40,6,58,9,0,9,67
08/29/2020,SCK,CA,AWP,WE,Towers with Radar,3,1,37,0,41,0,4,32,2,38,3,5,69,2,79,24,0,24,103
08/30/2020,SCK,CA,AWP,WE,Towers with Radar,5,3,28,0,36,0,2,20,1,23,5,5,48,1,59,2,0,2,61
08/31/2020,SCK,CA,AWP,WE,Towers with Radar,5,0,29,2,36,0,1,29,0,30,5,1,58,2,66,26,0,26,92
09/01/2020,SCK,CA,AWP,WE,Towers with Radar,3,0,36,1,40,0,0,26,0,26,3,0,62,1,66,18,0,18,84
09/02/2020,SCK,CA,AWP,WE,Towers with Radar,3,3,30,0,36,0,5,41,2,48,3,8,71,2,84,50,0,50,134
09/03/2020,SCK,CA,AWP,WE,Towers with Radar,5,3,24,0,32,0,3,41,4,48,5,6,65,4,80,16,0,16,96
09/04/2020,SCK,CA,AWP,WE,Towers with Radar,6,2,43,0,51,0,6,75,2,83,6,8,118,2,134,58,0,58,192
09/05/2020,SCK,CA,AWP,WE,Towers with Radar,5,1,27,0,33,0,4,55,0,59,5,5,82,0,92,112,0,112,204
09/06/2020,SCK,CA,AWP,WE,Towers with Radar,5,1,7,1,14,0,5,21,1,27,5,6,28,2,41,36,0,36,77
09/07/2020,SCK,CA,AWP,WE,Towers with Radar,7,2,17,0,26,0,3,40,1,44,7,5,57,1,70,48,0,48,118
09/08/2020,SCK,CA,AWP,WE,Towers with Radar,3,2,25,13,43,0,0,3,0,3,3,2,28,13,46,4,0,4,50
09/09/2020,SCK,CA,AWP,WE,Towers with Radar,4,3,15,11,33,0,3,11,2,16,4,6,26,13,49,88,0,88,137
09/10/2020,SCK,CA,AWP,WE,Towers with Radar,7,1,34,1,43,0,0,9,3,12,7,1,43,4,55,40,0,40,95
09/11/2020,SCK,CA,AWP,WE,Towers with Radar,5,6,27,2,40,0,0,0,2,2,5,6,27,4,42,0,6,6,48
09/12/2020,SCK,CA,AWP,WE,Towers with Radar,5,0,45,2,52,0,0,1,0,1,5,0,46,2,53,0,0,0,53
09/13/2020,SCK,CA,AWP,WE,Towers with Radar,7,0,21,1,29,0,0,1,0,1,7,0,22,1,30,0,0,0,30
09/14/2020,SCK,CA,AWP,WE,Towers with Radar,4,0,69,27,100,0,0,0,0,0,4,0,69,27,100,0,2,2,102
09/15/2020,SCK,CA,AWP,WE,Towers with Radar,3,2,47,4,56,0,1,20,1,22,3,3,67,5,78,30,0,30,108
09/16/2020,SCK,CA,AWP,WE,Towers with Radar,4,3,40,0,47,0,3,51,0,54,4,6,91,0,101,164,0,164,265
09/17/2020,SCK,CA,AWP,WE,Towers with Radar,7,11,28,0,46,0,7,49,0,56,7,18,77,0,102,90,0,90,192
09/18/2020,SCK,CA,AWP,WE,Towers with Radar,4,3,38,3,48,0,11,51,4,66,4,14,89,7,114,76,12,88,202
09/19/2020,SCK,CA,AWP,WE,Towers with Radar,5,6,28,1,40,0,9,61,0,70,5,15,89,1,110,96,0,96,206
09/20/2020,SCK,CA,AWP,WE,Towers with Radar,6,0,26,0,32,0,0,50,0,50,6,0,76,0,82,130,0,130,212
09/21/2020,SCK,CA,AWP,WE,Towers with Radar,4,0,36,4,44,0,7,64,4,75,4,7,100,8,119,74,18,92,211
09/22/2020,SCK,CA,AWP,WE,Towers with Radar,2,4,28,10,44,1,6,55,6,68,3,10,83,16,112,28,18,46,158
09/23/2020,SCK,CA,AWP,WE,Towers with Radar,3,2,24,2,31,0,0,63,1,64,3,2,87,3,95,106,4,110,205
09/24/2020,SCK,CA,AWP,WE,Towers with Radar,7,3,33,2,45,0,3,58,1,62,7,6,91,3,107,24,8,32,139
09/25/2020,SCK,CA,AWP,WE,Towers with Radar,5,2,27,0,34,0,2,69,2,73,5,4,96,2,107,62,0,62,169
09/26/2020,SCK,CA,AWP,WE,Towers with Radar,5,0,22,0,27,0,3,32,0,35,5,3,54,0,62,42,0,42,104
09/27/2020,SCK,CA,AWP,WE,Towers with Radar,7,3,17,0,27,0,2,47,0,49,7,5,64,0,76,68,0,68,144
09/28/2020,SCK,CA,AWP,WE,Towers with Radar,5,2,40,4,51,0,7,39,1,47,5,9,79,5,98,60,8,68,166
09/29/2020,SCK,CA,AWP,WE,Towers with Radar,3,3,41,5,52,0,6,42,4,52,3,9,83,9,104,34,14,48,152
09/30/2020,SCK,CA,AWP,WE,Towers with Radar,3,0,35,3,41,0,0,43,0,43,3,0,78,3,84,36,0,36,120
10/01/2020,SCK,CA,AWP,WE,Towers with Radar,6,2,46,1,55,0,2,24,2,28,6,4,70,3,83,26,0,26,109
10/02/2020,SCK,CA,AWP,WE,Towers with Radar,5,1,40,1,47,0,1,13,1,15,5,2,53,2,62,14,0,14,76
10/03/2020,SCK,CA,AWP,WE,Towers with Radar,5,1,35,0,41,0,1,5,0,6,5,2,40,0,47,6,0,6,53
10/04/2020,SCK,CA,AWP,WE,Towers with Radar,6,5,29,0,40,0,1,24,1,26,6,6,53,1,66,36,0,36,102
10/05/2020,SCK,CA,AWP,WE,Towers with Radar,5,0,31,2,38,0,4,57,4,65,5,4,88,6,103,88,0,88,191
10/06/2020,SCK,CA,AWP,WE,Towers with Radar,5,2,37,2,46,0,2,34,8,44,5,4,71,10,90,92,0,92,182
10/07/2020,SCK,CA,AWP,WE,Towers with Radar,5,4,45,1,55,0,2,54,2,58,5,6,99,3,113,50,0,50,163
10/08/2020,SCK,CA,AWP,WE,Towers with Radar,7,8,61,5,81,0,3,58,4,65,7,11,119,9,146,44,0,44,190
10/09/2020,SCK,CA,AWP,WE,Towers with Radar,5,2,37,0,44,0,0,58,0,58,5,2,95,0,102,62,0,62,164
10/10/2020,SCK,CA,AWP,WE,Towers with Radar,5,0,23,0,28,2,3,47,0,52,7,3,70,0,80,86,0,86,166
10/11/2020,SCK,CA,AWP,WE,Towers with Radar,8,0,18,0,26,0,1,32,0,33,8,1,50,0,59,36,0,36,95
10/12/2020,SCK,CA,AWP,WE,Towers with Radar,5,0,47,0,52,0,2,62,0,64,5,2,109,0,116,38,0,38,154
10/13/2020,SCK,CA,AWP,WE,Towers with Radar,2,0,39,4,45,0,1,65,2,68,2,1,104,6,113,88,0,88,201
10/14/2020,SCK,CA,AWP,WE,Towers with Radar,5,0,37,2,44,0,5,67,3,75,5,5,104,5,119,76,2,78,197
10/15/2020,SCK,CA,AWP,WE,Towers with Radar,7,0,39,8,54,0,0,61,0,61,7,0,100,8,115,94,12,106,221
10/16/2020,SCK,CA,AWP,WE,Towers with Radar,4,1,26,0,31,1,4,55,4,64,5,5,81,4,95,40,0,40,135
10/17/2020,SCK,CA,AWP,WE,Towers with Radar,4,0,44,2,50,1,0,56,5,62,5,0,100,7,112,66,20,86,198
10/18/2020,SCK,CA,AWP,WE,Towers with Radar,6,0,24,0,30,0,0,51,11,62,6,0,75,11,92,16,0,16,108
10/19/2020,SCK,CA,AWP,WE,Towers with Radar,5,1,45,2,53,0,0,55,2,57,5,1,100,4,110,58,0,58,168
10/20/2020,SCK,CA,AWP,WE,Towers with Radar,3,4,13,5,25,0,2,43,2,47,3,6,56,7,72,106,0,106,178
10/21/2020,SCK,CA,AWP,WE,Towers with Radar,5,2,38,2,47,0,5,58,3,66,5,7,96,5,113,54,0,54,167
10/22/2020,SCK,CA,AWP,WE,Towers with Radar,6,3,35,0,44,0,0,35,4,39,6,3,70,4,83,100,0,100,183
10/23/2020,SCK,CA,AWP,WE,Towers with Radar,5,5,21,1,32,0,4,58,2,64,5,9,79,3,96,104,8,112,208
10/24/2020,SCK,CA,AWP,WE,Towers with Radar,5,2,39,0,46,0,2,41,0,43,5,4,80,0,89,108,0,108,197
10/25/2020,SCK,CA,AWP,WE,Towers with Radar,7,3,21,0,31,0,0,10,0,10,7,3,31,0,41,2,0,2,43
10/26/2020,SCK,CA,AWP,WE,Towers with Radar,4,2,24,0,30,0,0,39,0,39,4,2,63,0,69,24,0,24,93
10/27/2020,SCK,CA,AWP,WE,Towers with Radar,3,4,16,2,25,0,3,57,0,60,3,7,73,2,85,80,10,90,175
10/28/2020,SCK,CA,AWP,WE,Towers with Radar,5,10,39,1,55,0,5,63,2,70,5,15,102,3,125,100,0,100,225
10/29/2020,SCK,CA,AWP,WE,Towers with Radar,10,5,25,1,41,0,0,47,1,48,10,5,72,2,89,98,0,98,187
10/30/2020,SCK,CA,AWP,WE,Towers with Radar,9,0,32,2,43,0,1,51,5,57,9,1,83,7,100,88,0,88,188
10/31/2020,SCK,CA,AWP,WE,Towers with Radar,8,2,21,2,33,1,3,28,1,33,9,5,49,3,66,98,6,104,170
11/01/2020,SCK,CA,AWP,WE,Towers with Radar,11,1,14,0,26,0,0,40,0,40,11,1,54,0,66,36,0,36,102
11/02/2020,SCK,CA,AWP,WE,Towers with Radar,9,0,32,2,43,0,2,49,4,55,9,2,81,6,98,74,18,92,190
11/03/2020,SCK,CA,AWP,WE,Towers with Radar,8,1,26,9,44,0,3,37,5,45,8,4,63,14,89,134,28,162,251
11/04/2020,SCK,CA,AWP,WE,Towers with Radar,9,0,21,3,33,0,1,47,5,53,9,1,68,8,86,86,16,102,188
11/05/2020,SCK,CA,AWP,WE,Towers with Radar,9,2,14,5,30,2,1,36,2,41,11,3,50,7,71,102,0,102,173
11/06/2020,SCK,CA,AWP,WE,Towers with Radar,7,3,25,0,35,0,3,24,0,27,7,6,49,0,62,32,0,32,94
11/07/2020,SCK,CA,AWP,WE,Towers with Radar,9,1,20,0,30,0,0,37,1,38,9,1,57,1,68,50,0,50,118
11/08/2020,SCK,CA,AWP,WE,Towers with Radar,11,1,10,0,22,0,2,14,3,19,11,3,24,3,41,30,0,30,71
11/09/2020,SCK,CA,AWP,WE,Towers with Radar,9,0,23,0,32,0,8,33,0,41,9,8,56,0,73,52,0,52,125
11/10/2020,SCK,CA,AWP,WE,Towers with Radar,6,3,18,3,30,0,0,38,1,39,6,3,56,4,69,126,14,140,209
11/11/2020,SCK,CA,AWP,WE,Towers with Radar,9,3,43,0,55,0,4,49,0,53,9,7,92,0,108,128,0,128,236
11/12/2020,SCK,CA,AWP,WE,Towers with Radar,10,2,28,1,41,0,4,48,1,53,10,6,76,2,94,136,0,136,230
11/13/2020,SCK,CA,AWP,WE,Towers with Radar,9,0,14,0,23,0,6,20,0,26,9,6,34,0,49,6,0,6,55
11/14/2020,SCK,CA,AWP,WE,Towers with Radar,9,2,38,0,49,0,1,13,0,14,9,3,51,0,63,22,0,22,85
11/15/2020,SCK,CA,AWP,WE,Towers with Radar,11,0,23,0,34,0,2,30,0,32,11,2,53,0,66,10,0,10,76
11/16/2020,SCK,CA,AWP,WE,Towers with Radar,9,0,26,3,38,0,1,40,2,43,9,1,66,5,81,74,4,78,159
11/17/2020,SCK,CA,AWP,WE,Towers with Radar,7,1,20,0,28,0,1,22,2,25,7,2,42,2,53,36,4,40,93
11/18/2020,SCK,CA,AWP,WE,Towers with Radar,9,2,25,15,51,0,1,29,2,32,9,3,54,17,83,106,0,106,189
11/19/2020,SCK,CA,AWP,WE,Towers with Radar,9,3,19,1,32,0,1,46,3,50,9,4,65,4,82,4,4,8,90
11/20/2020,SCK,CA,AWP,WE,Towers with Radar,10,0,34,0,44,0,2,47,0,49,10,2,81,0,93,100,0,100,193
11/21/2020,SCK,CA,AWP,WE,Towers with Radar,9,0,32,0,41,0,7,40,3,50,9,7,72,3,91,66,0,66,157
11/22/2020,SCK,CA,AWP,WE,Towers with Radar,9,2,25,0,36,0,5,36,0,41,9,7,61,0,77,10,0,10,87
11/23/2020,SCK,CA,AWP,WE,Towers with Radar,10,0,20,0,30,0,1,41,0,42,10,1,61,0,72,68,0,68,140
11/24/2020,SCK,CA,AWP,WE,Towers with Radar,9,3,32,3,47,0,0,65,1,66,9,3,97,4,113,58,8,66,179
11/25/2020,SCK,CA,AWP,WE,Towers with Radar,11,3,13,0,27,0,0,33,0,33,11,3,46,0,60,26,0,26,86
11/26/2020,SCK,CA,AWP,WE,Towers with Radar,4,2,10,0,16,0,2,23,0,25,4,4,33,0,41,26,0,26,67
11/27/2020,SCK,CA,AWP,WE,Towers with Radar,7,2,12,0,21,0,3,57,0,60,7,5,69,0,81,90,0,90,171
11/28/2020,SCK,CA,AWP,WE,Towers with Radar,9,0,18,0,27,0,0,24,0,24,9,0,42,0,51,30,0,30,81
11/29/2020,SCK,CA,AWP,WE,Towers with Radar,10,2,11,0,23,0,8,27,0,35,10,10,38,0,58,20,0,20,78
11/30/2020,SCK,CA,AWP,WE,Towers with Radar,10,3,19,0,32,0,0,38,0,38,10,3,57,0,70,70,0,70,140
12/01/2020,SCK,CA,AWP,WE,Towers with Radar,7,1,28,1,37,0,6,61,4,71,7,7,89,5,108,66,6,72,180
12/02/2020,SCK,CA,AWP,WE,Towers with Radar,7,0,38,1,46,0,1,48,9,58,7,1,86,10,104,154,22,176,280
12/03/2020,SCK,CA,AWP,WE,Towers with Radar,7,2,22,4,35,0,0,34,0,34,7,2,56,4,69,56,2,58,127
12/04/2020,SCK,CA,AWP,WE,Towers with Radar,11,0,11,0,22,1,4,24,0,29,12,4,35,0,51,10,0,10,61
12/05/2020,SCK,CA,AWP,WE,Towers with Radar,7,2,24,0,33,0,5,39,0,44,7,7,63,0,77,46,0,46,123
12/06/2020,SCK,CA,AWP,WE,Towers with Radar,7,2,28,0,37,0,2,26,1,29,7,4,54,1,66,58,0,58,124
12/07/2020,SCK,CA,AWP,WE,Towers with Radar,11,1,24,5,41,0,0,26,1,27,11,1,50,6,68,36,0,36,104
12/08/2020,SCK,CA,AWP,WE,Towers with Radar,9,2,26,2,39,0,0,48,6,54,9,2,74,8,93,80,10,90,183
12/09/2020,SCK,CA,AWP,WE,Towers with Radar,7,0,21,3,31,0,1,38,1,40,7,1,59,4,71,62,20,82,153
12/10/2020,SCK,CA,AWP,WE,Towers with Radar,7,1,31,0,39,0,1,47,1,49,7,2,78,1,88,78,0,78,166
12/11/2020,SCK,CA,AWP,WE,Towers with Radar,11,1,48,10,70,0,2,47,6,55,11,3,95,16,125,78,12,90,215
12/12/2020,SCK,CA,AWP,WE,Towers with Radar,7,4,39,0,50,0,1,0,0,1,7,5,39,0,51,0,0,0,51
12/13/2020,SCK,CA,AWP,WE,Towers with Radar,7,5,15,0,27,0,0,0,0,0,7,5,15,0,27,0,0,0,27
12/14/2020,SCK,CA,AWP,WE,Towers with Radar,11,0,26,1,38,0,1,39,1,41,11,1,65,2,79,96,0,96,175
12/15/2020,SCK,CA,AWP,WE,Towers with Radar,7,4,38,0,49,0,2,44,7,53,7,6,82,7,102,58,2,60,162
12/16/2020,SCK,CA,AWP,WE,Towers with Radar,9,1,31,1,42,0,1,20,2,23,9,2,51,3,65,56,0,56,121
12/17/2020,SCK,CA,AWP,WE,Towers with Radar,10,2,22,0,34,0,0,18,0,18,10,2,40,0,52,32,0,32,84
12/18/2020,SCK,CA,AWP,WE,Towers with Radar,10,6,24,0,40,0,2,44,0,46,10,8,68,0,86,32,1,33,119
12/19/2020,SCK,CA,AWP,WE,Towers with Radar,7,0,29,0,36,0,0,13,0,13,7,0,42,0,49,0,0,0,49
12/20/2020,SCK,CA,AWP,WE,Towers with Radar,12,3,14,0,29,0,2,24,0,26,12,5,38,0,55,12,0,12,67
12/21/2020,SCK,CA,AWP,WE,Towers with Radar,8,0,20,0,28,0,0,1,0,1,8,0,21,0,29,0,0,0,29
12/22/2020,SCK,CA,AWP,WE,Towers with Radar,11,0,34,0,45,0,3,9,0,12,11,3,43,0,57,10,0,10,67
12/23/2020,SCK,CA,AWP,WE,Towers with Radar,9,2,31,0,42,0,0,10,5,15,9,2,41,5,57,18,0,18,75
12/24/2020,SCK,CA,AWP,WE,Towers with Radar,8,3,31,0,42,0,0,5,0,5,8,3,36,0,47,0,0,0,47
12/25/2020,SCK,CA,AWP,WE,Towers with Radar,0,1,0,0,1,0,2,2,0,4,0,3,2,0,5,0,0,0,5
12/26/2020,SCK,CA,AWP,WE,Towers with Radar,6,1,21,0,28,0,1,20,0,21,6,2,41,0,49,26,0,26,75
12/27/2020,SCK,CA,AWP,WE,Towers with Radar,10,9,24,0,43,0,2,34,0,36,10,11,58,0,79,26,0,26,105
12/28/2020,SCK,CA,AWP,WE,Towers with Radar,8,0,31,0,39,0,1,16,2,19,8,1,47,2,58,40,2,42,100
12/29/2020,SCK,CA,AWP,WE,Towers with Radar,8,3,28,0,39,0,6,60,0,66,8,9,88,0,105,42,0,42,147
12/30/2020,SCK,CA,AWP,WE,Towers with Radar,9,0,16,8,33,1,2,25,2,30,10,2,41,10,63,30,0,30,93
12/31/2020,SCK,CA,AWP,WE,Towers with Radar,8,0,22,0,30,0,2,22,0,24,8,2,44,0,54,20,0,20,74
01/01/2021,SCK,CA,AWP,WE,Towers with Radar,2,0,12,0,14,0,3,15,0,18,2,3,27,0,32,22,0,22,54
01/02/2021,SCK,CA,AWP,WE,Towers with Radar,5,0,31,2,38,0,2,16,0,18,5,2,47,2,56,16,0,16,72
01/03/2021,SCK,CA,AWP,WE,Towers with Radar,12,1,9,0,22,0,0,13,0,13,12,1,22,0,35,54,0,54,89
01/04/2021,SCK,CA,AWP,WE,Towers with Radar,8,1,16,0,25,0,0,3,0,3,8,1,19,0,28,0,0,0,28
01/05/2021,SCK,CA,AWP,WE,Towers with Radar,7,2,20,2,31,0,2,19,0,21,7,4,39,2,52,16,0,16,68
01/06/2021,SCK,CA,AWP,WE,Towers with Radar,6,0,15,1,22,1,0,22,1,24,7,0,37,2,46,14,0,14,60
01/07/2021,SCK,CA,AWP,WE,Towers with Radar,9,0,27,1,37,0,1,5,0,6,9,1,32,1,43,0,0,0,43
01/08/2021,SCK,CA,AWP,WE,Towers with Radar,11,2,26,0,39,0,0,11,0,11,11,2,37,0,50,0,0,0,50
01/09/2021,SCK,CA,AWP,WE,Towers with Radar,7,0,27,0,34,0,2,42,0,44,7,2,69,0,78,16,0,16,94
01/10/2021,SCK,CA,AWP,WE,Towers with Radar,9,0,18,0,27,0,4,8,1,13,9,4,26,1,40,10,0,10,50
01/11/2021,SCK,CA,AWP,WE,Towers with Radar,11,2,14,0,27,0,0,11,2,13,11,2,25,2,40,36,0,36,76
01/12/2021,SCK,CA,AWP,WE,Towers with Radar,7,6,32,3,48,0,0,26,2,28,7,6,58,5,76,36,0,36,112
01/13/2021,SCK,CA,AWP,WE,Towers with Radar,7,2,32,2,43,0,3,32,2,37,7,5,64,4,80,62,0,62,142
01/14/2021,SCK,CA,AWP,WE,Towers with Radar,8,0,32,12,52,0,1,25,0,26,8,1,57,12,78,6,0,6,84
01/15/2021,SCK,CA,AWP,WE,Towers with Radar,11,2,35,0,48,0,1,16,0,17,11,3,51,0,65,30,6,36,101
01/16/2021,SCK,CA,AWP,WE,Towers with Radar,7,0,24,0,31,0,2,41,2,45,7,2,65,2,76,30,0,30,106
01/17/2021,SCK,CA,AWP,WE,Towers with Radar,9,0,34,0,43,0,4,37,0,41,9,4,71,0,84,52,0,52,136
01/18/2021,SCK,CA,AWP,WE,Towers with Radar,11,0,26,0,37,0,0,12,0,12,11,0,38,0,49,2,0,2,51
01/19/2021,SCK,CA,AWP,WE,Towers with Radar,7,2,16,0,25,0,2,11,0,13,7,4,27,0,38,0,0,0,38
01/20/2021,SCK,CA,AWP,WE,Towers with Radar,7,0,23,0,30,0,1,49,14,64,7,1,72,14,94,102,0,102,196
01/21/2021,SCK,CA,AWP,WE,Towers with Radar,7,1,33,1,42,0,5,61,12,78,7,6,94,13,120,90,24,114,234
01/22/2021,SCK,CA,AWP,WE,Towers with Radar,9,0,16,0,25,0,0,13,8,21,9,0,29,8,46,2,69,71,117
01/23/2021,SCK,CA,AWP,WE,Towers with Radar,5,0,22,0,27,0,1,34,3,38,5,1,56,3,65,42,0,42,107
01/24/2021,SCK,CA,AWP,WE,Towers with Radar,7,2,21,0,30,0,0,4,0,4,7,2,25,0,34,0,0,0,34
01/25/2021,SCK,CA,AWP,WE,Towers with Radar,9,6,25,0,40,1,4,27,1,33,10,10,52,1,73,6,0,6,79
01/26/2021,SCK,CA,AWP,WE,Towers with Radar,6,0,21,8,35,0,0,33,10,43,6,0,54,18,78,36,16,52,130
01/27/2021,SCK,CA,AWP,WE,Towers with Radar,5,2,5,0,12,0,0,1,0,1,5,2,6,0,13,0,0,0,13
01/28/2021,SCK,CA,AWP,WE,Towers with Radar,8,6,14,4,32,0,0,1,0,1,8,6,15,4,33,0,0,0,33
01/29/2021,SCK,CA,AWP,WE,Towers with Radar,9,0,15,0,24,0,5,21,0,26,9,5,36,0,50,60,0,60,110
01/30/2021,SCK,CA,AWP,WE,Towers with Radar,5,0,24,0,29,0,1,44,0,45,5,1,68,0,74,84,0,84,158
01/31/2021,SCK,CA,AWP,WE,Towers with Radar,6,2,19,0,27,0,6,26,0,32,6,8,45,0,59,50,0,50,109
02/01/2021,SCK,CA,AWP,WE,Towers with Radar,11,1,27,5,44,0,2,33,1,36,11,3,60,6,80,48,0,48,128
02/02/2021,SCK,CA,AWP,WE,Towers with Radar,5,0,19,0,24,0,0,4,0,4,5,0,23,0,28,54,18,72,100
02/03/2021,SCK,CA,AWP,WE,Towers with Radar,5,2,30,4,41,0,0,41,1,42,5,2,71,5,83,40,4,44,127
02/04/2021,SCK,CA,AWP,WE,Towers with Radar,6,5,4,0,15,0,1,59,3,63,6,6,63,3,78,86,0,86,164
02/05/2021,SCK,CA,AWP,WE,Towers with Radar,9,1,32,1,43,0,4,50,0,54,9,5,82,1,97,9,0,9,106
02/06/2021,SCK,CA,AWP,WE,Towers with Radar,4,0,26,0,30,0,0,61,0,61,4,0,87,0,91,104,0,104,195
02/07/2021,SCK,CA,AWP,WE,Towers with Radar,6,0,8,0,14,0,2,30,0,32,6,2,38,0,46,36,0,36,82
02/08/2021,SCK,CA,AWP,WE,Towers with Radar,7,2,26,5,40,0,1,29,7,37,7,3,55,12,77,54,30,84,161
02/09/2021,SCK,CA,AWP,WE,Towers with Radar,4,2,38,7,51,0,0,35,1,36,4,2,73,8,87,104,6,110,197
02/10/2021,SCK,CA,AWP,WE,Towers with Radar,7,0,38,8,53,0,0,51,13,64,7,0,89,21,117,110,14,124,241
02/11/2021,SCK,CA,AWP,WE,Towers with Radar,10,6,16,5,37,0,6,19,1,26,10,12,35,6,63,54,6,60,123
02/12/2021,SCK,CA,AWP,WE,Towers with Radar,9,0,27,5,41,0,0,37,3,40,9,0,64,8,81,92,6,98,179
02/13/2021,SCK,CA,AWP,WE,Towers with Radar,6,0,14,0,20,0,0,11,0,11,6,0,25,0,31,40,0,40,71
02/14/2021,SCK,CA,AWP,WE,Towers with Radar,6,0,25,0,31,0,4,21,0,25,6,4,46,0,56,24,0,24,80
02/15/2021,SCK,CA,AWP,WE,Towers with Radar,10,0,31,0,41,1,0,12,0,13,11,0,43,0,54,24,0,24,78
02/16/2021,SCK,CA,AWP,WE,Towers with Radar,6,2,29,13,50,0,1,38,5,44,6,3,67,18,94,108,36,144,238
02/17/2021,SCK,CA,AWP,WE,Towers with Radar,8,1,26,18,53,0,2,41,11,54,8,3,67,29,107,14,12,26,133
02/18/2021,SCK,CA,AWP,WE,Towers with Radar,11,5,14,8,38,0,2,52,11,65,11,7,66,19,103,18,8,26,129
02/19/2021,SCK,CA,AWP,WE,Towers with Radar,9,3,22,0,34,0,7,27,5,39,9,10,49,5,73,22,0,22,95
02/20/2021,SCK,CA,AWP,WE,Towers with Radar,7,0,26,0,33,0,0,35,0,35,7,0,61,0,68,108,0,108,176
02/21/2021,SCK,CA,AWP,WE,Towers with Radar,7,4,11,0,22,1,1,50,2,54,8,5,61,2,76,48,0,48,124
02/22/2021,SCK,CA,AWP,WE,Towers with Radar,7,0,26,9,42,0,1,47,3,51,7,1,73,12,93,50,6,56,149
02/23/2021,SCK,CA,AWP,WE,Towers with Radar,7,2,28,12,49,0,0,33,8,41,7,2,61,20,90,94,48,142,232
02/24/2021,SCK,CA,AWP,WE,Towers with Radar,7,2,19,4,32,0,0,23,13,36,7,2,42,17,68,2,30,32,100
02/25/2021,SCK,CA,AWP,WE,Towers with Radar,10,4,18,2,34,0,2,50,3,55,10,6,68,5,89,134,6,140,229
02/26/2021,SCK,CA,AWP,WE,Towers with Radar,8,6,27,0,41,1,5,49,0,55,9,11,76,0,96,120,0,120,216
02/27/2021,SCK,CA,AWP,WE,Towers with Radar,7,0,12,0,19,0,4,17,4,25,7,4,29,4,44,16,2,18,62
02/28/2021,SCK,CA,AWP,WE,Towers with Radar,9,0,18,0,27,0,0,48,0,48,9,0,66,0,75,12,0,12,87
03/01/2021,SCK,CA,AWP,WE,Towers with Radar,7,2,13,0,22,0,0,51,2,53,7,2,64,2,75,62,0,62,137
03/02/2021,SCK,CA,AWP,WE,Towers with Radar,6,2,29,0,37,0,2,45,10,57,6,4,74,10,94,54,20,74,168
03/03/2021,SCK,CA,AWP,WE,Towers with Radar,9,1,18,3,31,0,0,34,4,38,9,1,52,7,69,64,38,102,171
03/04/2021,SCK,CA,AWP,WE,Towers with Radar,8,1,24,5,38,0,0,47,8,55,8,1,71,13,93,98,12,110,203
03/05/2021,SCK,CA,AWP,WE,Towers with Radar,9,2,22,2,35,0,8,44,4,56,9,10,66,6,91,34,0,34,125
03/06/2021,SCK,CA,AWP,WE,Towers with Radar,7,2,11,1,21,0,6,36,1,43,7,8,47,2,64,38,6,44,108
03/07/2021,SCK,CA,AWP,WE,Towers with Radar,10,7,21,0,38,0,3,29,0,32,10,10,50,0,70,13,0,13,83
03/08/2021,SCK,CA,AWP,WE,Towers with Radar,9,1,19,8,37,0,2,31,6,39,9,3,50,14,76,30,6,36,112
03/09/2021,SCK,CA,AWP,WE,Towers with Radar,7,2,13,6,28,0,2,12,2,16,7,4,25,8,44,42,12,54,98
03/10/2021,SCK,CA,AWP,WE,Towers with Radar,11,0,10,0,21,0,0,4,1,5,11,0,14,1,26,20,0,20,46
03/11/2021,SCK,CA,AWP,WE,Towers with Radar,8,1,33,1,43,0,3,28,1,32,8,4,61,2,75,52,0,52,127
03/12/2021,SCK,CA,AWP,WE,Towers with Radar,8,2,33,1,44,0,3,79,1,83,8,5,112,2,127,138,0,138,265
03/13/2021,SCK,CA,AWP,WE,Towers with Radar,7,1,31,0,39,0,2,56,0,58,7,3,87,0,97,108,0,108,205
03/14/2021,SCK,CA,AWP,WE,Towers with Radar,9,3,15,2,29,0,5,21,0,26,9,8,36,2,55,46,0,46,101
03/15/2021,SCK,CA,AWP,WE,Towers with Radar,7,1,14,2,24,0,4,8,4,16,7,5,22,6,40,56,2,58,98
03/16/2021,SCK,CA,AWP,WE,Towers with Radar,7,2,29,2,40,0,7,52,6,65,7,9,81,8,105,26,16,42,147
03/17/2021,SCK,CA,AWP,WE,Towers with Radar,12,2,18,0,32,0,0,46,4,50,12,2,64,4,82,54,10,64,146
03/18/2021,SCK,CA,AWP,WE,Towers with Radar,7,2,23,1,33,0,0,9,1,10,7,2,32,2,43,14,2,16,59
03/19/2021,SCK,CA,AWP,WE,Towers with Radar,6,4,23,1,34,0,1,22,0,23,6,5,45,1,57,66,0,66,123
03/20/2021,SCK,CA,AWP,WE,Towers with Radar,5,4,21,1,31,0,4,51,0,55,5,8,72,1,86,92,0,92,178
03/21/2021,SCK,CA,AWP,WE,Towers with Radar,7,2,28,0,37,0,2,37,0,39,7,4,65,0,76,48,0,48,124
03/22/2021,SCK,CA,AWP,WE,Towers with Radar,8,7,36,0,51,0,7,53,0,60,8,14,89,0,111,58,0,58,169
03/23/2021,SCK,CA,AWP,WE,Towers with Radar,6,3,14,1,24,0,2,23,1,26,6,5,37,2,50,6,0,6,56
03/24/2021,SCK,CA,AWP,WE,Towers with Radar,8,1,30,2,41,0,8,62,9,79,8,9,92,11,120,46,14,60,180
03/25/2021,SCK,CA,AWP,WE,Towers with Radar,6,0,28,1,35,0,4,36,6,46,6,4,64,7,81,16,2,18,99
03/26/2021,SCK,CA,AWP,WE,Towers with Radar,6,0,34,0,40,0,1,53,0,54,6,1,87,0,94,26,8,34,128
03/27/2021,SCK,CA,AWP,WE,Towers with Radar,6,0,19,0,25,0,5,64,0,69,6,5,83,0,94,136,0,136,230
03/28/2021,SCK,CA,AWP,WE,Towers with Radar,7,0,34,0,41,0,0,52,0,52,7,0,86,0,93,32,0,32,125
03/29/2021,SCK,CA,AWP,WE,Towers with Radar,6,0,26,1,33,0,5,49,3,57,6,5,75,4,90,62,4,66,156
03/30/2021,SCK,CA,AWP,WE,Towers with Radar,6,0,30,5,41,0,2,48,4,54,6,2,78,9,95,46,34,80,175
03/31/2021,SCK,CA,AWP,WE,Towers with Radar,8,6,16,2,32,0,2,61,0,63,8,8,77,2,95,40,10,50,145
04/01/2021,SCK,CA,AWP,WE,Towers with Radar,9,2,22,6,39,0,4,63,1,68,9,6,85,7,107,70,0,70,177
04/02/2021,SCK,CA,AWP,WE,Towers with Radar,7,2,25,2,36,0,5,50,3,58,7,7,75,5,94,50,0,50,144
04/03/2021,SCK,CA,AWP,WE,Towers with Radar,6,0,17,0,23,0,4,43,0,47,6,4,60,0,70,58,0,58,128
04/04/2021,SCK,CA,AWP,WE,Towers with Radar,9,2,10,0,21,0,2,21,0,23,9,4,31,0,44,60,0,60,104
04/05/2021,SCK,CA,AWP,WE,Towers with Radar,8,0,21,4,33,0,2,49,3,54,8,2,70,7,87,26,2,28,115
04/06/2021,SCK,CA,AWP,WE,Towers with Radar,6,4,30,8,48,0,2,61,7,70,6,6,91,15,118,44,4,48,166
04/07/2021,SCK,CA,AWP,WE,Towers with Radar,8,3,28,0,39,0,6,43,2,51,8,9,71,2,90,80,0,80,170
04/08/2021,SCK,CA,AWP,WE,Towers with Radar,8,1,29,0,38,0,4,56,2,62,8,5,85,2,100,122,0,122,222
04/09/2021,SCK,CA,AWP,WE,Towers with Radar,8,2,25,1,36,0,4,66,5,75,8,6,91,6,111,96,0,96,207
04/10/2021,SCK,CA,AWP,WE,Towers with Radar,6,2,38,0,46,0,4,58,0,62,6,6,96,0,108,72,0,72,180
04/11/2021,SCK,CA,AWP,WE,Towers with Radar,8,2,22,0,32,0,0,49,0,49,8,2,71,0,81,54,0,54,135
04/12/2021,SCK,CA,AWP,WE,Towers with Radar,6,1,41,0,48,0,3,58,2,63,6,4,99,2,111,54,0,54,165
04/13/2021,SCK,CA,AWP,WE,Towers with Radar,6,0,18,1,25,0,4,43,6,53,6,4,61,7,78,18,0,18,96
04/14/2021,SCK,CA,AWP,WE,Towers with Radar,6,5,30,1,42,0,5,58,1,64,6,10,88,2,106,60,10,70,176
04/15/2021,SCK,CA,AWP,WE,Towers with Radar,8,1,29,3,41,0,5,55,2,62,8,6,84,5,103,116,0,116,219
04/16/2021,SCK,CA,AWP,WE,Towers with Radar,6,1,29,0,36,0,1,59,5,65,6,2,88,5,101,114,0,114,215
04/17/2021,SCK,CA,AWP,WE,Towers with Radar,6,5,19,0,30,0,11,55,1,67,6,16,74,1,97,120,0,120,217
04/18/2021,SCK,CA,AWP,WE,Towers with Radar,9,0,14,1,24,0,0,30,3,33,9,0,44,4,57,18,0,18,75
04/19/2021,SCK,CA,AWP,WE,Towers with Radar,6,2,31,0,39,0,1,56,0,57,6,3,87,0,96,83,0,83,179
04/20/2021,SCK,CA,AWP,WE,Towers with Radar,6,1,31,1,39,0,6,47,4,57,6,7,78,5,96,32,2,34,130
04/21/2021,SCK,CA,AWP,WE,Towers with Radar,6,3,27,0,36,0,4,65,1,70,6,7,92,1,106,88,0,88,194
04/22/2021,SCK,CA,AWP,WE,Towers with Radar,9,1,28,0,38,0,2,53,3,58,9,3,81,3,96,76,0,76,172
04/23/2021,SCK,CA,AWP,WE,Towers with Radar,6,2,40,0,48,0,2,62,0,64,6,4,102,0,112,156,0,156,268
04/24/2021,SCK,CA,AWP,WE,Towers with Radar,6,5,16,0,27,0,6,50,5,61,6,11,66,5,88,78,0,78,166
04/25/2021,SCK,CA,AWP,WE,Towers with Radar,8,0,18,0,26,0,7,22,0,29,8,7,40,0,55,6,0,6,61
04/26/2021,SCK,CA,AWP,WE,Towers with Radar,6,0,12,3,21,0,0,26,0,26,6,0,38,3,47,42,0,42,89
04/27/2021,SCK,CA,AWP,WE,Towers with Radar,6,0,27,3,36,0,2,49,1,52,6,2,76,4,88,38,2,40,128
04/28/2021,SCK,CA,AWP,WE,Towers with Radar,6,3,31,0,40,0,4,49,1,54,6,7,80,1,94,120,0,120,214
04/29/2021,SCK,CA,AWP,WE,Towers with Radar,8,4,31,2,45,0,4,60,3,67,8,8,91,5,112,96,0,96,208
04/30/2021,SCK,CA,AWP,WE,Towers with Radar,6,0,20,1,27,0,8,57,0,65,6,8,77,1,92,64,0,64,156
05/01/2021,SCK,CA,AWP,WE,Towers with Radar,6,0,25,0,31,0,0,38,0,38,6,0,63,0,69,40,0,40,109
05/02/2021,SCK,CA,AWP,WE,Towers with Radar,9,2,13,0,24,0,1,24,0,25,9,3,37,0,49,22,0,22,71
05/03/2021,SCK,CA,AWP,WE,Towers with Radar,5,0,23,4,32,0,1,29,0,30,5,1,52,4,62,4,0,4,66
05/04/2021,SCK,CA,AWP,WE,Towers with Radar,6,2,20,6,34,0,6,54,4,64,6,8,74,10,98,66,20,86,184
05/05/2021,SCK,CA,AWP,WE,Towers with Radar,6,3,16,0,25,0,4,34,6,44,6,7,50,6,69,138,0,138,207
05/06/2021,SCK,CA,AWP,WE,Towers with Radar,10,1,24,1,36,0,8,60,4,72,10,9,84,5,108,154,16,170,278
05/07/2021,SCK,CA,AWP,WE,Towers with Radar,6,0,20,0,26,0,4,47,3,54,6,4,67,3,80,136,16,152,232
05/08/2021,SCK,CA,AWP,WE,Towers with Radar,6,4,18,0,28,0,2,10,4,16,6,6,28,4,44,26,8,34,78
05/09/2021,SCK,CA,AWP,WE,Towers with Radar,9,4,25,1,39,0,2,43,1,46,9,6,68,2,85,26,6,32,117
05/10/2021,SCK,CA,AWP,WE,Towers with Radar,6,0,17,3,26,0,0,37,2,39,6,0,54,5,65,82,7,89,154
05/11/2021,SCK,CA,AWP,WE,Towers with Radar,6,2,32,1,41,0,4,76,0,80,6,6,108,1,121,168,0,168,289
05/12/2021,SCK,CA,AWP,WE,Towers with Radar,8,5,30,1,44,0,1,65,5,71,8,6,95,6,115,90,2,92,207
05/13/2021,SCK,CA,AWP,WE,Towers with Radar,10,2,32,2,46,0,8,63,5,76,10,10,95,7,122,100,14,114,236
05/14/2021,SCK,CA,AWP,WE,Towers with Radar,6,2,38,0,46,0,3,57,3,63,6,5,95,3,109,150,0,150,259
05/15/2021,SCK,CA,AWP,WE,Towers with Radar,6,0,25,8,39,0,4,43,1,48,6,4,68,9,87,76,0,76,163
05/16/2021,SCK,CA,AWP,WE,Towers with Radar,9,2,31,0,42,0,2,49,3,54,9,4,80,3,96,94,0,94,190
05/17/2021,SCK,CA,AWP,WE,Towers with Radar,6,1,26,3,36,0,0,57,1,58,6,1,83,4,94,114,0,114,208
05/18/2021,SCK,CA,AWP,WE,Towers with Radar,6,1,29,3,39,0,1,66,6,73,6,2,95,9,112,116,8,124,236
05/19/2021,SCK,CA,AWP,WE,Towers with Radar,8,2,26,1,37,0,4,61,5,70,8,6,87,6,107,76,4,80,187
05/20/2021,SCK,CA,AWP,WE,Towers with Radar,10,6,17,1,34,0,2,44,4,50,10,8,61,5,84,84,0,84,168
05/21/2021,SCK,CA,AWP,WE,Towers with Radar,6,4,11,1,22,0,3,29,4,36,6,7,40,5,58,68,2,70,128
05/22/2021,SCK,CA,AWP,WE,Towers with Radar,6,0,17,0,23,0,0,48,0,48,6,0,65,0,71,76,0,76,147
05/23/2021,SCK,CA,AWP,WE,Towers with Radar,8,3,18,0,29,0,4,31,0,35,8,7,49,0,64,38,0,38,102
05/24/2021,SCK,CA,AWP,WE,Towers with Radar,7,0,11,1,19,0,3,41,4,48,7,3,52,5,67,74,6,80,147
05/25/2021,SCK,CA,AWP,WE,Towers with Radar,6,2,18,0,26,0,4,48,0,52,6,6,66,0,78,56,2,58,136
05/26/2021,SCK,CA,AWP,WE,Towers with Radar,6,2,20,0,28,0,7,45,9,61,6,9,65,9,89,104,8,112,201
05/27/2021,SCK,CA,AWP,WE,Towers with Radar,6,1,24,1,32,0,5,65,1,71,6,6,89,2,103,88,0,88,191
05/28/2021,SCK,CA,AWP,WE,Towers with Radar,9,1,30,0,40,0,9,37,6,52,9,10,67,6,92,144,0,144,236
05/29/2021,SCK,CA,AWP,WE,Towers with Radar,6,3,4,0,13,0,4,35,1,40,6,7,39,1,53,46,0,46,99
05/30/2021,SCK,CA,AWP,WE,Towers with Radar,6,6,20,0,32,0,8,38,0,46,6,14,58,0,78,28,0,28,106
05/31/2021,SCK,CA,AWP,WE,Towers with Radar,9,4,14,0,27,0,2,30,0,32,9,6,44,0,59,22,0,22,81
06/01/2021,SCK,CA,AWP,WE,Towers with Radar,6,4,18,0,28,0,1,25,6,32,6,5,43,6,60,114,12,126,186
06/02/2021,SCK,CA,AWP,WE,Towers with Radar,10,1,18,15,44,0,7,36,6,49,10,8,54,21,93,74,26,100,193
06/03/2021,SCK,CA,AWP,WE,Towers with Radar,6,1,14,2,23,0,9,47,0,56,6,10,61,2,79,108,0,108,187
06/04/2021,SCK,CA,AWP,WE,Towers with Radar,8,0,19,0,27,0,2,53,4,59,8,2,72,4,86,152,0,152,238
06/05/2021,SCK,CA,AWP,WE,Towers with Radar,8,2,19,0,29,0,4,32,1,37,8,6,51,1,66,146,0,146,212
06/06/2021,SCK,CA,AWP,WE,Towers with Radar,6,0,29,0,35,0,1,32,0,33,6,1,61,0,68,26,0,26,94
06/07/2021,SCK,CA,AWP,WE,Towers with Radar,8,0,10,6,24,0,4,26,4,34,8,4,36,10,58,44,10,54,112
06/08/2021,SCK,CA,AWP,WE,Towers with Radar,6,3,17,6,32,0,5,47,0,52,6,8,64,6,84,100,20,120,204
06/09/2021,SCK,CA,AWP,WE,Towers with Radar,8,3,20,0,31,0,2,34,4,40,8,5,54,4,71,16,2,18,89
06/10/2021,SCK,CA,AWP,WE,Towers with Radar,8,5,33,1,47,0,0,73,5,78,8,5,106,6,125,32,4,36,161
06/11/2021,SCK,CA,AWP,WE,Towers with Radar,8,6,14,1,29,0,0,39,2,41,8,6,53,3,70,38,0,38,108
06/12/2021,SCK,CA,AWP,WE,Towers with Radar,6,0,32,0,38,0,5,44,0,49,6,5,76,0,87,38,0,38,125
06/13/2021,SCK,CA,AWP,WE,Towers with Radar,6,2,17,0,25,0,1,34,0,35,6,3,51,0,60,0,0,0,60
06/14/2021,SCK,CA,AWP,WE,Towers with Radar,7,2,17,6,32,0,3,35,3,41,7,5,52,9,73,120,0,120,193
06/15/2021,SCK,CA,AWP,WE,Towers with Radar,6,0,15,1,22,0,2,56,4,62,6,2,71,5,84,154,0,154,238
06/16/2021,SCK,CA,AWP,WE,Towers with Radar,8,2,35,0,45,0,2,23,0,25,8,4,58,0,70,106,0,106,176
06/17/2021,SCK,CA,AWP,WE,Towers with Radar,6,2,18,0,26,0,0,43,0,43,6,2,61,0,69,60,0,60,129
06/18/2021,SCK,CA,AWP,WE,Towers with Radar,8,3,33,0,44,0,9,50,6,65,8,12,83,6,109,30,0,30,139
06/19/2021,SCK,CA,AWP,WE,Towers with Radar,8,0,12,0,20,0,1,23,0,24,8,1,35,0,44,34,0,34,78
06/20/2021,SCK,CA,AWP,WE,Towers with Radar,7,3,9,0,19,0,3,39,3,45,7,6,48,3,64,24,0,24,88
06/21/2021,SCK,CA,AWP,WE,Towers with Radar,9,0,20,0,29,0,0,50,3,53,9,0,70,3,82,110,0,110,192
06/22/2021,SCK,CA,AWP,WE,Towers with Radar,6,7,16,2,31,0,5,54,2,61,6,12,70,4,92,54,0,54,146
06/23/2021,SCK,CA,AWP,WE,Towers with Radar,9,5,28,1,43,0,5,65,0,70,9,10,93,1,113,54,0,54,167
06/24/2021,SCK,CA,AWP,WE,Towers with Radar,6,2,15,1,24,0,7,57,3,67,6,9,72,4,91,70,6,76,167
06/25/2021,SCK,CA,AWP,WE,Towers with Radar,9,0,20,0,29,0,4,56,3,63,9,4,76,3,92,32,0,32,124
06/26/2021,SCK,CA,AWP,WE,Towers with Radar,8,3,11,0,22,0,0,34,1,35,8,3,45,1,57,56,0,56,113
06/27/2021,SCK,CA,AWP,WE,Towers with Radar,8,1,23,0,32,0,4,50,0,54,8,5,73,0,86,14,0,14,100
06/28/2021,SCK,CA,AWP,WE,Towers with Radar,8,2,20,1,31,0,1,57,1,59,8,3,77,2,90,128,0,128,218
06/29/2021,SCK,CA,AWP,WE,Towers with Radar,6,0,17,3,26,0,5,65,7,77,6,5,82,10,103,62,14,76,179
06/30/2021,SCK,CA,AWP,WE,Towers with Radar,10,4,24,4,42,0,2,60,3,65,10,6,84,7,107,134,0,134,241
07/01/2021,SCK,CA,AWP,WE,Towers with Radar,8,5,27,2,42,0,1,76,3,80,8,6,103,5,122,70,0,70,192
07/02/2021,SCK,CA,AWP,WE,Towers with Radar,8,0,29,3,40,0,8,47,3,58,8,8,76,6,98,48,0,48,146
07/03/2021,SCK,CA,AWP,WE,Towers with Radar,4,0,15,0,19,0,2,36,0,38,4,2,51,0,57,72,0,72,129
07/04/2021,SCK,CA,AWP,WE,Towers with Radar,4,0,9,0,13,0,0,26,0,26,4,0,35,0,39,8,0,8,47
07/05/2021,SCK,CA,AWP,WE,Towers with Radar,4,2,28,0,34,0,1,37,0,38,4,3,65,0,72,68,0,68,140
07/06/2021,SCK,CA,AWP,WE,Towers with Radar,6,0,17,4,27,0,2,41,2,45,6,2,58,6,72,52,0,52,124
07/07/2021,SCK,CA,AWP,WE,Towers with Radar,10,2,18,2,32,0,2,45,5,52,10,4,63,7,84,108,12,120,204
07/08/2021,SCK,CA,AWP,WE,Towers with Radar,8,3,22,8,41,0,5,61,4,70,8,8,83,12,111,76,0,76,187
07/09/2021,SCK,CA,AWP,WE,Towers with Radar,10,1,11,2,24,0,7,43,6,56,10,8,54,8,80,50,16,66,146
07/10/2021,SCK,CA,AWP,WE,Towers with Radar,5,2,11,0,18,0,3,18,2,23,5,5,29,2,41,18,0,18,59
07/11/2021,SCK,CA,AWP,WE,Towers with Radar,8,2,16,0,26,0,4,18,2,24,8,6,34,2,50,20,0,20,70
07/12/2021,SCK,CA,AWP,WE,Towers with Radar,8,0,21,8,37,0,1,46,1,48,8,1,67,9,85,106,2,108,193
07/13/2021,SCK,CA,AWP,WE,Towers with Radar,8,3,17,5,33,0,3,64,8,75,8,6,81,13,108,62,22,84,192
07/14/2021,SCK,CA,AWP,WE,Towers with Radar,9,0,27,14,50,0,0,46,8,54,9,0,73,22,104,50,12,62,166
07/15/2021,SCK,CA,AWP,WE,Towers with Radar,10,0,20,4,34,0,2,66,3,71,10,2,86,7,105,40,16,56,161
07/16/2021,SCK,CA,AWP,WE,Towers with Radar,10,0,17,1,28,0,0,48,3,51,10,0,65,4,79,42,0,42,121
07/17/2021,SCK,CA,AWP,WE,Towers with Radar,5,0,19,0,24,0,2,48,4,54,5,2,67,4,78,61,0,61,139
07/18/2021,SCK,CA,AWP,WE,Towers with Radar,4,4,13,0,21,0,2,43,0,45,4,6,56,0,66,12,0,12,78
07/19/2021,SCK,CA,AWP,WE,Towers with Radar,8,2,16,7,33,0,6,39,1,46,8,8,55,8,79,37,0,37,116
07/20/2021,SCK,CA,AWP,WE,Towers with Radar,6,7,19,5,37,0,2,60,5,67,6,9,79,10,104,28,10,38,142
07/21/2021,SCK,CA,AWP,WE,Towers with Radar,11,1,9,17,38,0,0,48,4,52,11,1,57,21,90,82,38,120,210
07/22/2021,SCK,CA,AWP,WE,Towers with Radar,8,5,17,11,41,0,2,47,4,53,8,7,64,15,94,54,14,68,162
07/23/2021,SCK,CA,AWP,WE,Towers with Radar,10,3,13,6,32,0,0,49,0,49,10,3,62,6,81,8,0,8,89
07/24/2021,SCK,CA,AWP,WE,Towers with Radar,6,0,9,0,15,0,3,33,2,38,6,3,42,2,53,36,0,36,89
07/25/2021,SCK,CA,AWP,WE,Towers with Radar,8,3,9,0,20,0,5,35,1,41,8,8,44,1,61,42,0,42,103
07/26/2021,SCK,CA,AWP,WE,Towers with Radar,8,0,16,1,25,0,10,48,3,61,8,10,64,4,86,92,0,92,178
07/27/2021,SCK,CA,AWP,WE,Towers with Radar,6,3,21,6,36,0,5,44,6,55,6,8,65,12,91,78,16,94,185
07/28/2021,SCK,CA,AWP,WE,Towers with Radar,10,1,24,20,55,0,1,27,4,32,10,2,51,24,87,52,14,66,153
07/29/2021,SCK,CA,AWP,WE,Towers with Radar,8,0,27,1,36,0,15,57,4,76,8,15,84,5,112,74,16,90,202
07/30/2021,SCK,CA,AWP,WE,Towers with Radar,10,5,18,2,35,0,7,57,0,64,10,12,75,2,99,84,0,84,183
07/31/2021,SCK,CA,AWP,WE,Towers with Radar,6,3,10,0,19,0,3,40,0,43,6,6,50,0,62,72,0,72,134
08/01/2021,SCK,CA,AWP,WE,Towers with Radar,8,6,14,0,28,0,0,29,0,29,8,6,43,0,57,12,0,12,69
08/02/2021,SCK,CA,AWP,WE,Towers with Radar,8,7,11,2,28,0,0,28,3,31,8,7,39,5,59,44,18,62,121
08/03/2021,SCK,CA,AWP,WE,Towers with Radar,6,1,28,4,39,0,2,41,4,47,6,3,69,8,86,64,18,82,168
08/04/2021,SCK,CA,AWP,WE,Towers with Radar,6,1,19,4,30,0,6,62,3,71,6,7,81,7,101,112,16,128,229
08/05/2021,SCK,CA,AWP,WE,Towers with Radar,7,3,20,9,39,0,4,57,6,67,7,7,77,15,106,136,8,144,250
08/06/2021,SCK,CA,AWP,WE,Towers with Radar,10,0,17,8,35,0,5,51,4,60,10,5,68,12,95,94,2,96,191
08/07/2021,SCK,CA,AWP,WE,Towers with Radar,6,4,14,0,24,0,1,11,0,12,6,5,25,0,36,16,0,16,52
08/08/2021,SCK,CA,AWP,WE,Towers with Radar,8,1,9,4,22,0,3,28,0,31,8,4,37,4,53,22,0,22,75
08/09/2021,SCK,CA,AWP,WE,Towers with Radar,8,4,25,2,39,0,7,43,1,51,8,11,68,3,90,110,4,114,204
08/10/2021,SCK,CA,AWP,WE,Towers with Radar,3,1,15,8,27,0,1,44,4,49,3,2,59,12,76,70,14,84,160
08/11/2021,SCK,CA,AWP,WE,Towers with Radar,6,0,20,9,35,0,6,57,9,72,6,6,77,18,107,128,32,160,267
08/12/2021,SCK,CA,AWP,WE,Towers with Radar,6,8,19,9,42,0,2,66,8,76,6,10,85,17,118,66,28,94,212
08/13/2021,SCK,CA,AWP,WE,Towers with Radar,10,5,14,2,31,0,7,38,4,49,10,12,52,6,80,60,4,64,144
08/14/2021,SCK,CA,AWP,WE,Towers with Radar,6,5,12,0,23,0,4,37,0,41,6,9,49,0,64,60,0,60,124
08/15/2021,SCK,CA,AWP,WE,Towers with Radar,8,3,7,0,18,0,3,21,0,24,8,6,28,0,42,8,0,8,50
08/16/2021,SCK,CA,AWP,WE,Towers with Radar,8,1,26,1,36,0,3,36,3,42,8,4,62,4,78,98,0,98,176
08/17/2021,SCK,CA,AWP,WE,Towers with Radar,4,1,11,0,16,0,5,35,4,44,4,6,46,4,60,104,0,104,164
08/18/2021,SCK,CA,AWP,WE,Towers with Radar,6,6,23,2,37,0,0,20,0,20,6,6,43,2,57,54,0,54,111
08/19/2021,SCK,CA,AWP,WE,Towers with Radar,6,3,31,5,45,0,3,31,11,45,6,6,62,16,90,64,18,82,172
08/20/2021,SCK,CA,AWP,WE,Towers with Radar,6,4,46,12,68,0,3,38,4,45,6,7,84,16,113,34,0,34,147
08/21/2021,SCK,CA,AWP,WE,Towers with Radar,6,5,15,1,27,1,4,26,3,34,7,9,41,4,61,36,6,42,103
08/22/2021,SCK,CA,AWP,WE,Towers with Radar,6,2,13,0,21,0,1,39,0,40,6,3,52,0,61,42,0,42,103
08/23/2021,SCK,CA,AWP,WE,Towers with Radar,7,5,30,1,43,0,5,53,1,59,7,10,83,2,102,82,10,92,194
08/24/2021,SCK,CA,AWP,WE,Towers with Radar,3,6,16,2,27,0,1,47,5,53,3,7,63,7,80,60,0,60,140
08/25/2021,SCK,CA,AWP,WE,Towers with Radar,6,5,28,2,41,0,2,44,1,47,6,7,72,3,88,88,0,88,176
08/26/2021,SCK,CA,AWP,WE,Towers with Radar,6,1,27,3,37,0,5,63,2,70,6,6,90,5,107,80,0,80,187
08/27/2021,SCK,CA,AWP,WE,Towers with Radar,4,4,29,1,38,0,5,40,1,46,4,9,69,2,84,56,0,56,140
08/28/2021,SCK,CA,AWP,WE,Towers with Radar,5,0,25,0,30,0,1,14,0,15,5,1,39,0,45,0,0,0,45
08/29/2021,SCK,CA,AWP,WE,Towers with Radar,6,0,18,0,24,0,0,19,0,19,6,0,37,0,43,20,0,20,63
08/30/2021,SCK,CA,AWP,WE,Towers with Radar,6,4,20,6,36,0,5,46,5,56,6,9,66,11,92,64,10,74,166
08/31/2021,SCK,CA,AWP,WE,Towers with Radar,4,0,27,0,31,0,1,42,4,47,4,1,69,4,78,60,0,60,138
09/01/2021,SCK,CA,AWP,WE,Towers with Radar,7,3,27,0,37,0,3,65,4,72,7,6,92,4,109,158,2,160,269
09/02/2021,SCK,CA,AWP,WE,Towers with Radar,6,4,16,7,33,0,4,55,4,63,6,8,71,11,96,58,16,74,170
09/03/2021,SCK,CA,AWP,WE,Towers with Radar,7,2,22,2,33,0,1,53,5,59,7,3,75,7,92,128,10,138,230
09/04/2021,SCK,CA,AWP,WE,Towers with Radar,6,4,6,0,16,0,1,38,0,39,6,5,44,0,55,84,0,84,139
09/05/2021,SCK,CA,AWP,WE,Towers with Radar,5,0,10,0,15,0,1,27,3,31,5,1,37,3,46,76,0,76,122
09/06/2021,SCK,CA,AWP,WE,Towers with Radar,7,2,23,0,32,0,0,42,0,42,7,2,65,0,74,134,0,134,208
09/07/2021,SCK,CA,AWP,WE,Towers with Radar,6,10,32,15,63,0,0,44,2,46,6,10,76,17,109,26,0,26,135
09/08/2021,SCK,CA,AWP,WE,Towers with Radar,6,3,33,5,47,0,4,65,7,76,6,7,98,12,123,22,26,48,171
09/09/2021,SCK,CA,AWP,WE,Towers with Radar,8,6,27,8,49,0,1,60,0,61,8,7,87,8,110,60,0,60,170
09/10/2021,SCK,CA,AWP,WE,Towers with Radar,6,3,33,4,46,0,9,59,8,76,6,12,92,12,122,42,0,42,164
09/11/2021,SCK,CA,AWP,WE,Towers with Radar,8,1,25,0,34,0,2,41,0,43,8,3,66,0,77,94,0,94,171
09/12/2021,SCK,CA,AWP,WE,Towers with Radar,10,1,11,2,24,0,6,38,2,46,10,7,49,4,70,12,0,12,82
09/13/2021,SCK,CA,AWP,WE,Towers with Radar,6,3,16,4,29,0,3,68,17,88,6,6,84,21,117,56,0,56,173
09/14/2021,SCK,CA,AWP,WE,Towers with Radar,6,2,36,5,49,0,0,55,1,56,6,2,91,6,105,52,4,56,161
09/15/2021,SCK,CA,AWP,WE,Towers with Radar,6,3,18,3,30,0,6,67,5,78,6,9,85,8,108,96,10,106,214
09/16/2021,SCK,CA,AWP,WE,Towers with Radar,6,1,22,0,29,0,5,53,2,60,6,6,75,2,89,122,2,124,213
09/17/2021,SCK,CA,AWP,WE,Towers with Radar,6,0,11,4,21,0,5,63,10,78,6,5,74,14,99,98,26,124,223
09/18/2021,SCK,CA,AWP,WE,Towers with Radar,6,0,14,0,20,0,2,45,0,47,6,2,59,0,67,70,0,70,137
09/19/2021,SCK,CA,AWP,WE,Towers with Radar,6,1,14,0,21,0,8,29,0,37,6,9,43,0,58,34,0,34,92
09/20/2021,SCK,CA,AWP,WE,Towers with Radar,5,0,19,1,25,0,1,59,9,69,5,1,78,10,94,24,14,38,132
09/21/2021,SCK,CA,AWP,WE,Towers with Radar,4,4,6,12,26,0,4,47,14,65,4,8,53,26,91,36,34,70,161
09/22/2021,SCK,CA,AWP,WE,Towers with Radar,6,1,38,8,53,0,10,65,4,79,6,11,103,12,132,122,26,148,280
09/23/2021,SCK,CA,AWP,WE,Towers with Radar,7,0,23,4,34,0,5,74,1,80,7,5,97,5,114,92,0,92,206
09/24/2021,SCK,CA,AWP,WE,Towers with Radar,7,0,18,2,27,0,5,44,1,50,7,5,62,3,77,62,0,62,139
09/25/2021,SCK,CA,AWP,WE,Towers with Radar,8,2,22,2,34,0,4,40,0,44,8,6,62,2,78,64,0,64,142
09/26/2021,SCK,CA,AWP,WE,Towers with Radar,8,4,25,0,37,0,2,40,0,42,8,6,65,0,79,62,0,62,141
09/27/2021,SCK,CA,AWP,WE,Towers with Radar,8,2,20,10,40,0,4,49,1,54,8,6,69,11,94,64,10,74,168
09/28/2021,SCK,CA,AWP,WE,Towers with Radar,6,0,20,6,32,0,0,43,1,44,6,0,63,7,76,32,0,32,108
09/29/2021,SCK,CA,AWP,WE,Towers with Radar,6,2,30,17,55,0,4,47,16,67,6,6,77,33,122,36,16,52,174
09/30/2021,SCK,CA,AWP,WE,Towers with Radar,6,2,25,9,42,0,7,61,6,74,6,9,86,15,116,98,24,122,238
10/01/2021,SCK,CA,AWP,WE,Towers with Radar,4,4,34,0,42,0,6,46,6,58,4,10,80,6,100,72,4,76,176
10/02/2021,SCK,CA,AWP,WE,Towers with Radar,10,0,21,0,31,0,7,47,6,60,10,7,68,6,91,54,6,60,151
10/03/2021,SCK,CA,AWP,WE,Towers with Radar,8,6,22,0,36,0,2,33,0,35,8,8,55,0,71,48,0,48,119
10/04/2021,SCK,CA,AWP,WE,Towers with Radar,7,0,33,2,42,0,3,37,3,43,7,3,70,5,85,52,14,66,151
10/05/2021,SCK,CA,AWP,WE,Towers with Radar,4,0,40,6,50,0,5,47,5,57,4,5,87,11,107,98,18,116,223
10/06/2021,SCK,CA,AWP,WE,Towers with Radar,8,0,17,6,31,0,1,54,2,57,8,1,71,8,88,52,2,54,142
10/07/2021,SCK,CA,AWP,WE,Towers with Radar,8,3,18,14,43,0,5,42,5,52,8,8,60,19,95,44,12,56,151
10/08/2021,SCK,CA,AWP,WE,Towers with Radar,7,0,26,6,39,0,2,43,4,49,7,2,69,10,88,88,2,90,178
10/09/2021,SCK,CA,AWP,WE,Towers with Radar,6,1,26,0,33,0,2,48,0,50,6,3,74,0,83,16,0,16,99
10/10/2021,SCK,CA,AWP,WE,Towers with Radar,9,2,15,0,26,0,0,39,0,39,9,2,54,0,65,46,0,46,111
10/11/2021,SCK,CA,AWP,WE,Towers with Radar,7,0,10,0,17,0,5,6,0,11,7,5,16,0,28,0,0,0,28
10/12/2021,SCK,CA,AWP,WE,Towers with Radar,6,4,18,3,31,0,8,19,5,32,6,12,37,8,63,36,8,44,107
10/13/2021,SCK,CA,AWP,WE,Towers with Radar,8,5,30,3,46,0,4,65,6,75,8,9,95,9,121,113,22,135,256
10/14/2021,SCK,CA,AWP,WE,Towers with Radar,6,6,37,6,55,0,3,54,16,73,6,9,91,22,128,55,48,103,231
10/15/2021,SCK,CA,AWP,WE,Towers with Radar,11,3,34,0,48,0,4,55,4,63,11,7,89,4,111,104,0,104,215
10/16/2021,SCK,CA,AWP,WE,Towers with Radar,6,0,26,0,32,0,0,52,2,54,6,0,78,2,86,62,0,62,148
10/17/2021,SCK,CA,AWP,WE,Towers with Radar,5,5,28,0,38,0,3,49,0,52,5,8,77,0,90,22,0,22,112
10/18/2021,SCK,CA,AWP,WE,Towers with Radar,10,1,30,1,42,0,3,27,6,36,10,4,57,7,78,88,16,104,182
10/19/2021,SCK,CA,AWP,WE,Towers with Radar,7,7,30,11,55,0,2,69,16,87,7,9,99,27,142,106,18,124,266
10/20/2021,SCK,CA,AWP,WE,Towers with Radar,8,2,27,4,41,0,2,29,11,42,8,4,56,15,83,146,32,178,261
10/21/2021,SCK,CA,AWP,WE,Towers with Radar,6,4,28,3,41,0,13,46,1,60,6,17,74,4,101,64,8,72,173
10/22/2021,SCK,CA,AWP,WE,Towers with Radar,10,3,16,0,29,0,2,13,4,19,10,5,29,4,48,38,2,40,88
10/23/2021,SCK,CA,AWP,WE,Towers with Radar,6,6,15,0,27,0,2,30,0,32,6,8,45,0,59,64,0,64,123
10/24/2021,SCK,CA,AWP,WE,Towers with Radar,6,1,4,0,11,0,0,0,0,0,6,1,4,0,11,0,0,0,11
10/25/2021,SCK,CA,AWP,WE,Towers with Radar,10,2,12,15,39,0,0,14,6,20,10,2,26,21,59,36,0,36,95
10/26/2021,SCK,CA,AWP,WE,Towers with Radar,4,0,24,3,31,0,2,40,8,50,4,2,64,11,81,92,20,112,193
10/27/2021,SCK,CA,AWP,WE,Towers with Radar,8,0,27,0,35,0,6,39,2,47,8,6,66,2,82,64,0,64,146
10/28/2021,SCK,CA,AWP,WE,Towers with Radar,7,0,21,0,28,0,0,65,3,68,7,0,86,3,96,126,8,134,230
10/29/2021,SCK,CA,AWP,WE,Towers with Radar,12,5,17,0,34,0,6,23,1,30,12,11,40,1,64,52,2,54,118
10/30/2021,SCK,CA,AWP,WE,Towers with Radar,4,3,27,0,34,0,6,36,0,42,4,9,63,0,76,62,0,62,138
10/31/2021,SCK,CA,AWP,WE,Towers with Radar,6,2,26,0,34,0,3,45,0,48,6,5,71,0,82,78,0,78,160
11/01/2021,SCK,CA,AWP,WE,Towers with Radar,8,3,15,3,29,0,3,17,3,23,8,6,32,6,52,84,44,128,180
11/02/2021,SCK,CA,AWP,WE,Towers with Radar,8,0,34,1,43,0,0,26,2,28,8,0,60,3,71,46,12,58,129
11/03/2021,SCK,CA,AWP,WE,Towers with Radar,8,2,16,0,26,0,7,60,3,70,8,9,76,3,96,36,4,40,136
11/04/2021,SCK,CA,AWP,WE,Towers with Radar,6,0,25,5,36,0,3,32,6,41,6,3,57,11,77,76,28,104,181
11/05/2021,SCK,CA,AWP,WE,Towers with Radar,8,0,32,3,43,0,5,42,1,48,8,5,74,4,91,62,0,62,153
11/06/2021,SCK,CA,AWP,WE,Towers with Radar,6,2,22,0,30,0,4,30,1,35,6,6,52,1,65,44,0,44,109
11/07/2021,SCK,CA,AWP,WE,Towers with Radar,5,0,32,0,37,0,3,40,0,43,5,3,72,0,80,22,0,22,102
11/08/2021,SCK,CA,AWP,WE,Towers with Radar,7,1,30,0,38,0,0,52,2,54,7,1,82,2,92,96,2,98,190
11/09/2021,SCK,CA,AWP,WE,Towers with Radar,6,4,17,3,30,0,1,7,2,10,6,5,24,5,40,26,14,40,80
11/10/2021,SCK,CA,AWP,WE,Towers with Radar,7,2,18,3,30,0,1,35,3,39,7,3,53,6,69,28,16,44,113
11/11/2021,SCK,CA,AWP,WE,Towers with Radar,5,1,22,0,28,0,6,39,1,46,5,7,61,1,74,26,0,26,100
11/12/2021,SCK,CA,AWP,WE,Towers with Radar,5,2,42,0,49,0,1,13,0,14,5,3,55,0,63,12,0,12,75
11/13/2021,SCK,CA,AWP,WE,Towers with Radar,9,6,25,0,40,0,0,4,0,4,9,6,29,0,44,0,0,0,44
11/14/2021,SCK,CA,AWP,WE,Towers with Radar,7,0,59,0,66,0,0,4,0,4,7,0,63,0,70,0,0,0,70
11/15/2021,SCK,CA,AWP,WE,Towers with Radar,8,3,35,2,48,0,1,2,2,5,8,4,37,4,53,2,2,4,57
11/16/2021,SCK,CA,AWP,WE,Towers with Radar,4,2,47,10,63,0,0,7,2,9,4,2,54,12,72,8,0,8,80
11/17/2021,SCK,CA,AWP,WE,Towers with Radar,5,0,26,2,33,0,2,14,4,20,5,2,40,6,53,34,4,38,91
11/18/2021,SCK,CA,AWP,WE,Towers with Radar,7,0,17,1,25,0,0,7,5,12,7,0,24,6,37,6,4,10,47
11/19/2021,SCK,CA,AWP,WE,Towers with Radar,7,3,22,4,36,0,1,16,4,21,7,4,38,8,57,68,6,74,131
11/20/2021,SCK,CA,AWP,WE,Towers with Radar,6,2,25,0,33,0,1,53,0,54,6,3,78,0,87,30,0,30,117
11/21/2021,SCK,CA,AWP,WE,Towers with Radar,6,0,27,0,33,0,1,43,0,44,6,1,70,0,77,18,0,18,95
11/22/2021,SCK,CA,AWP,WE,Towers with Radar,6,5,28,1,40,0,1,64,2,67,6,6,92,3,107,22,4,26,133
11/23/2021,SCK,CA,AWP,WE,Towers with Radar,5,2,21,6,34,0,0,24,0,24,5,2,45,6,58,2,16,18,76
11/24/2021,SCK,CA,AWP,WE,Towers with Radar,9,2,31,0,42,0,8,43,0,51,9,10,74,0,93,42,0,42,135
11/25/2021,SCK,CA,AWP,WE,Towers with Radar,2,0,10,0,12,0,2,9,0,11,2,2,19,0,23,22,0,22,45
11/26/2021,SCK,CA,AWP,WE,Towers with Radar,7,0,17,0,24,0,2,22,0,24,7,2,39,0,48,14,0,14,62
11/27/2021,SCK,CA,AWP,WE,Towers with Radar,8,1,16,0,25,0,5,23,0,28,8,6,39,0,53,20,0,20,73
11/28/2021,SCK,CA,AWP,WE,Towers with Radar,8,2,33,2,45,0,1,39,0,40,8,3,72,2,85,20,0,20,105
11/29/2021,SCK,CA,AWP,WE,Towers with Radar,8,0,16,8,32,0,3,33,3,39,8,3,49,11,71,74,24,98,169
11/30/2021,SCK,CA,AWP,WE,Towers with Radar,6,2,24,2,34,0,2,39,8,49,6,4,63,10,83,50,16,66,149
12/01/2021,SCK,CA,AWP,WE,Towers with Radar,6,1,21,12,40,0,1,27,4,32,6,2,48,16,72,106,6,112,184
12/02/2021,SCK,CA,AWP,WE,Towers with Radar,6,2,19,1,28,0,0,24,3,27,6,2,43,4,55,106,0,106,161
12/03/2021,SCK,CA,AWP,WE,Towers with Radar,7,4,27,1,39,0,0,2,0,2,7,4,29,1,41,0,0,0,41
12/04/2021,SCK,CA,AWP,WE,Towers with Radar,6,5,34,1,46,0,0,0,0,0,6,5,34,1,46,0,0,0,46
12/05/2021,SCK,CA,AWP,WE,Towers with Radar,7,0,21,0,28,0,0,4,0,4,7,0,25,0,32,0,0,0,32
12/06/2021,SCK,CA,AWP,WE,Towers with Radar,7,0,14,3,24,0,0,1,1,2,7,0,15,4,26,50,0,50,76
12/07/2021,SCK,CA,AWP,WE,Towers with Radar,8,6,33,1,48,0,2,2,2,6,8,8,35,3,54,28,34,62,116
12/08/2021,SCK,CA,AWP,WE,Towers with Radar,6,8,35,1,50,0,1,2,1,4,6,9,37,2,54,50,4,54,108
12/09/2021,SCK,CA,AWP,WE,Towers with Radar,5,3,12,0,20,0,6,27,1,34,5,9,39,1,54,78,0,78,132
12/10/2021,SCK,CA,AWP,WE,Towers with Radar,8,4,22,1,35,0,5,62,1,68,8,9,84,2,103,102,2,104,207
12/11/2021,SCK,CA,AWP,WE,Towers with Radar,6,4,11,0,21,0,0,37,0,37,6,4,48,0,58,34,0,34,92
12/12/2021,SCK,CA,AWP,WE,Towers with Radar,7,3,10,0,20,0,2,3,0,5,7,5,13,0,25,0,0,0,25
12/13/2021,SCK,CA,AWP,WE,Towers with Radar,7,3,10,0,20,0,0,1,0,1,7,3,11,0,21,0,0,0,21
12/14/2021,SCK,CA,AWP,WE,Towers with Radar,6,5,9,7,27,0,2,17,6,25,6,7,26,13,52,40,40,80,132
12/15/2021,SCK,CA,AWP,WE,Towers with Radar,6,2,10,3,21,0,2,17,13,32,6,4,27,16,53,6,46,52,105
12/16/2021,SCK,CA,AWP,WE,Towers with Radar,8,8,28,12,56,0,1,34,3,38,8,9,62,15,94,38,4,42,136
12/17/2021,SCK,CA,AWP,WE,Towers with Radar,6,1,42,0,49,0,0,31,0,31,6,1,73,0,80,84,0,84,164
12/18/2021,SCK,CA,AWP,WE,Towers with Radar,8,3,39,0,50,0,0,10,0,10,8,3,49,0,60,40,0,40,100
12/19/2021,SCK,CA,AWP,WE,Towers with Radar,6,1,28,0,35,0,0,1,0,1,6,1,29,0,36,0,0,0,36
12/20/2021,SCK,CA,AWP,WE,Towers with Radar,8,6,40,0,54,0,0,6,0,6,8,6,46,0,60,0,20,20,80
12/21/2021,SCK,CA,AWP,WE,Towers with Radar,5,4,35,0,44,0,0,4,3,7,5,4,39,3,51,36,2,38,89
12/22/2021,SCK,CA,AWP,WE,Towers with Radar,6,5,14,0,25,0,0,6,0,6,6,5,20,0,31,82,0,82,113
12/23/2021,SCK,CA,AWP,WE,Towers with Radar,8,5,15,0,28,0,1,3,0,4,8,6,18,0,32,8,0,8,40
12/24/2021,SCK,CA,AWP,WE,Towers with Radar,4,0,9,0,13,0,2,26,0,28,4,2,35,0,41,20,0,20,61
12/25/2021,SCK,CA,AWP,WE,Towers with Radar,2,3,2,0,7,0,0,1,0,1,2,3,3,0,8,0,0,0,8
12/26/2021,SCK,CA,AWP,WE,Towers with Radar,4,5,8,0,17,0,0,5,0,5,4,5,13,0,22,0,0,0,22
12/27/2021,SCK,CA,AWP,WE,Towers with Radar,8,4,27,0,39,0,0,12,0,12,8,4,39,0,51,64,0,64,115
12/28/2021,SCK,CA,AWP,WE,Towers with Radar,6,2,20,0,28,0,5,23,0,28,6,7,43,0,56,100,0,100,156
12/29/2021,SCK,CA,AWP,WE,Towers with Radar,5,4,8,0,17,0,0,6,0,6,5,4,14,0,23,22,0,22,45
12/30/2021,SCK,CA,AWP,WE,Towers with Radar,6,9,24,0,39,0,6,62,0,68,6,15,86,0,107,98,0,98,205
12/31/2021,SCK,CA,AWP,WE,Towers with Radar,5,4,20,0,29,0,4,12,0,16,5,8,32,0,45,34,0,34,79
01/01/2022,SCK,CA,AWP,WE,Towers with Radar,2,1,13,0,16,0,2,27,0,29,2,3,40,0,45,12,0,12,57
01/02/2022,SCK,CA,AWP,WE,Towers with Radar,7,0,24,0,31,0,0,38,0,38,7,0,62,0,69,46,0,46,115
01/03/2022,SCK,CA,AWP,WE,Towers with Radar,7,3,14,0,24,0,0,33,2,35,7,3,47,2,59,50,2,52,111
01/04/2022,SCK,CA,AWP,WE,Towers with Radar,6,2,19,2,29,0,0,13,3,16,6,2,32,5,45,64,16,80,125
01/05/2022,SCK,CA,AWP,WE,Towers with Radar,6,7,27,1,41,0,5,42,2,49,6,12,69,3,90,60,36,96,186
01/06/2022,SCK,CA,AWP,WE,Towers with Radar,7,2,17,0,26,0,2,2,0,4,7,4,19,0,30,10,0,10,40
01/07/2022,SCK,CA,AWP,WE,Towers with Radar,5,2,25,0,32,0,3,7,0,10,5,5,32,0,42,82,0,82,124
01/08/2022,SCK,CA,AWP,WE,Towers with Radar,5,1,40,1,47,0,5,16,1,22,5,6,56,2,69,28,8,36,105
01/09/2022,SCK,CA,AWP,WE,Towers with Radar,6,5,27,0,38,0,5,52,0,57,6,10,79,0,95,66,0,66,161
01/10/2022,SCK,CA,AWP,WE,Towers with Radar,4,3,33,0,40,0,3,51,0,54,4,6,84,0,94,64,0,64,158
01/11/2022,SCK,CA,AWP,WE,Towers with Radar,7,1,27,1,36,0,2,70,2,74,7,3,97,3,110,54,20,74,184
01/12/2022,SCK,CA,AWP,WE,Towers with Radar,7,2,24,7,40,0,3,50,5,58,7,5,74,12,98,102,10,112,210
01/13/2022,SCK,CA,AWP,WE,Towers with Radar,7,1,35,9,52,0,4,30,5,39,7,5,65,14,91,68,18,86,177
01/14/2022,SCK,CA,AWP,WE,Towers with Radar,3,2,25,2,32,0,2,49,4,55,3,4,74,6,87,44,16,60,147
01/15/2022,SCK,CA,AWP,WE,Towers with Radar,5,20,29,0,54,0,0,14,0,14,5,20,43,0,68,22,0,22,90
01/16/2022,SCK,CA,AWP,WE,Towers with Radar,7,0,18,0,25,0,5,30,0,35,7,5,48,0,60,8,0,8,68
01/17/2022,SCK,CA,AWP,WE,Towers with Radar,7,0,33,0,40,0,1,51,0,52,7,1,84,0,92,128,0,128,220
01/18/2022,SCK,CA,AWP,WE,Towers with Radar,5,0,23,4,32,0,1,43,3,47,5,1,66,7,79,80,6,86,165
01/19/2022,SCK,CA,AWP,WE,Towers with Radar,5,4,36,4,49,0,0,31,11,42,5,4,67,15,91,46,0,46,137
01/20/2022,SCK,CA,AWP,WE,Towers with Radar,7,3,19,2,31,0,2,40,1,43,7,5,59,3,74,112,0,112,186
01/21/2022,SCK,CA,AWP,WE,Towers with Radar,5,2,18,2,27,0,4,42,0,46,5,6,60,2,73,70,2,72,145
01/22/2022,SCK,CA,AWP,WE,Towers with Radar,5,3,24,0,32,0,0,33,0,33,5,3,57,0,65,48,0,48,113
01/23/2022,SCK,CA,AWP,WE,Towers with Radar,7,3,22,0,32,0,0,14,0,14,7,3,36,0,46,60,0,60,106
01/24/2022,SCK,CA,AWP,WE,Towers with Radar,8,0,20,0,28,0,0,44,2,46,8,0,64,2,74,54,12,66,140
01/25/2022,SCK,CA,AWP,WE,Towers with Radar,5,1,29,4,39,0,4,38,4,46,5,5,67,8,85,56,22,78,163
01/26/2022,SCK,CA,AWP,WE,Towers with Radar,5,0,22,2,29,0,0,50,10,60,5,0,72,12,89,32,20,52,141
01/27/2022,SCK,CA,AWP,WE,Towers with Radar,7,6,23,3,39,0,8,33,4,45,7,14,56,7,84,44,12,56,140
01/28/2022,SCK,CA,AWP,WE,Towers with Radar,7,0,25,1,33,0,0,43,2,45,7,0,68,3,78,50,6,56,134
01/29/2022,SCK,CA,AWP,WE,Towers with Radar,5,2,21,0,28,0,4,19,1,24,5,6,40,1,52,12,0,12,64
01/30/2022,SCK,CA,AWP,WE,Towers with Radar,7,5,19,1,32,0,2,38,0,40,7,7,57,1,72,76,0,76,148
01/31/2022,SCK,CA,AWP,WE,Towers with Radar,5,1,13,6,25,0,0,33,2,35,5,1,46,8,60,14,6,20,80
02/01/2022,SCK,CA,AWP,WE,Towers with Radar,5,3,10,2,20,0,2,24,6,32,5,5,34,8,52,52,8,60,112
02/02/2022,SCK,CA,AWP,WE,Towers with Radar,4,3,3,5,15,0,5,21,6,32,4,8,24,11,47,20,16,36,83
02/03/2022,SCK,CA,AWP,WE,Towers with Radar,5,2,26,3,36,0,0,56,4,60,5,2,82,7,96,120,20,140,236
02/04/2022,SCK,CA,AWP,WE,Towers with Radar,8,2,17,4,31,0,4,45,11,60,8,6,62,15,91,26,2,28,119
02/05/2022,SCK,CA,AWP,WE,Towers with Radar,5,4,28,1,38,0,2,33,4,39,5,6,61,5,77,44,10,54,131
02/06/2022,SCK,CA,AWP,WE,Towers with Radar,7,1,12,0,20,0,5,28,0,33,7,6,40,0,53,16,0,16,69
02/07/2022,SCK,CA,AWP,WE,Towers with Radar,7,0,28,5,40,0,4,38,8,50,7,4,66,13,90,26,16,42,132
02/08/2022,SCK,CA,AWP,WE,Towers with Radar,5,5,23,1,34,0,2,50,12,64,5,7,73,13,98,64,28,92,190
02/09/2022,SCK,CA,AWP,WE,Towers with Radar,5,6,31,4,46,0,10,40,7,57,5,16,71,11,103,50,22,72,175
02/10/2022,SCK,CA,AWP,WE,Towers with Radar,7,6,20,3,36,0,6,36,8,50,7,12,56,11,86,22,6,28,114
02/11/2022,SCK,CA,AWP,WE,Towers with Radar,7,0,22,0,29,0,2,46,0,48,7,2,68,0,77,126,0,126,203
02/12/2022,SCK,CA,AWP,WE,Towers with Radar,5,0,21,0,26,0,2,43,0,45,5,2,64,0,71,34,0,34,105
02/13/2022,SCK,CA,AWP,WE,Towers with Radar,7,7,5,0,19,0,2,33,1,36,7,9,38,1,55,32,0,32,87
02/14/2022,SCK,CA,AWP,WE,Towers with Radar,5,3,22,1,31,0,4,40,4,48,5,7,62,5,79,120,0,120,199
02/15/2022,SCK,CA,AWP,WE,Towers with Radar,5,4,32,4,45,0,0,29,4,33,5,4,61,8,78,16,6,22,100
02/16/2022,SCK,CA,AWP,WE,Towers with Radar,5,4,25,0,34,0,2,52,4,58,5,6,77,4,92,66,8,74,166
02/17/2022,SCK,CA,AWP,WE,Towers with Radar,6,2,25,4,37,0,1,61,6,68,6,3,86,10,105,176,0,176,281
02/18/2022,SCK,CA,AWP,WE,Towers with Radar,7,1,29,0,37,0,5,50,8,63,7,6,79,8,100,134,24,158,258
02/19/2022,SCK,CA,AWP,WE,Towers with Radar,4,2,23,0,29,0,4,35,0,39,4,6,58,0,68,26,0,26,94
02/20/2022,SCK,CA,AWP,WE,Towers with Radar,9,1,29,0,39,0,3,30,1,34,9,4,59,1,73,32,0,32,105
02/21/2022,SCK,CA,AWP,WE,Towers with Radar,7,1,32,0,40,0,0,44,0,44,7,1,76,0,84,86,0,86,170
02/22/2022,SCK,CA,AWP,WE,Towers with Radar,5,8,15,6,34,0,4,32,5,41,5,12,47,11,75,52,0,52,127
02/23/2022,SCK,CA,AWP,WE,Towers with Radar,5,3,32,3,43,0,11,40,8,59,5,14,72,11,102,76,8,84,186
02/24/2022,SCK,CA,AWP,WE,Towers with Radar,7,2,18,6,33,0,5,56,4,65,7,7,74,10,98,96,0,96,194
02/25/2022,SCK,CA,AWP,WE,Towers with Radar,6,2,22,0,30,0,5,52,2,59,6,7,74,2,89,68,0,68,157
02/26/2022,SCK,CA,AWP,WE,Towers with Radar,5,1,20,0,26,0,1,32,1,34,5,2,52,1,60,40,0,40,100
02/27/2022,SCK,CA,AWP,WE,Towers with Radar,7,4,14,7,32,0,0,25,1,26,7,4,39,8,58,32,22,54,112
02/28/2022,SCK,CA,AWP,WE,Towers with Radar,7,0,22,0,29,0,3,56,3,62,7,3,78,3,91,78,4,82,173
03/01/2022,SCK,CA,AWP,WE,Towers with Radar,5,0,21,8,34,0,4,33,10,47,5,4,54,18,81,38,16,54,135
03/02/2022,SCK,CA,AWP,WE,Towers with Radar,5,2,36,0,43,0,3,49,5,57,5,5,85,5,100,64,0,64,164
03/03/2022,SCK,CA,AWP,WE,Towers with Radar,5,4,16,0,25,0,1,35,2,38,5,5,51,2,63,84,10,94,157
03/04/2022,SCK,CA,AWP,WE,Towers with Radar,9,0,15,0,24,0,2,16,0,18,9,2,31,0,42,118,0,118,160
03/05/2022,SCK,CA,AWP,WE,Towers with Radar,5,2,16,0,23,0,4,24,0,28,5,6,40,0,51,52,0,52,103
03/06/2022,SCK,CA,AWP,WE,Towers with Radar,7,5,17,0,29,0,7,33,0,40,7,12,50,0,69,18,0,18,87
03/07/2022,SCK,CA,AWP,WE,Towers with Radar,7,9,23,12,51,0,4,59,3,66,7,13,82,15,117,54,2,56,173
03/08/2022,SCK,CA,AWP,WE,Towers with Radar,5,6,27,2,40,0,7,57,5,69,5,13,84,7,109,136,8,144,253
03/09/2022,SCK,CA,AWP,WE,Towers with Radar,5,0,27,11,43,0,8,61,7,76,5,8,88,18,119,84,4,88,207
03/10/2022,SCK,CA,AWP,WE,Towers with Radar,5,1,14,5,25,0,3,35,3,41,5,4,49,8,66,38,10,48,114
03/11/2022,SCK,CA,AWP,WE,Towers with Radar,7,2,37,2,48,0,3,54,3,60,7,5,91,5,108,40,0,40,148
03/12/2022,SCK,CA,AWP,WE,Towers with Radar,5,0,15,0,20,0,3,28,0,31,5,3,43,0,51,28,0,28,79
03/13/2022,SCK,CA,AWP,WE,Towers with Radar,5,2,19,0,26,0,1,35,0,36,5,3,54,0,62,20,0,20,82
03/14/2022,SCK,CA,AWP,WE,Towers with Radar,7,0,19,0,26,0,6,62,6,74,7,6,81,6,100,106,0,106,206
03/15/2022,SCK,CA,AWP,WE,Towers with Radar,5,3,26,0,34,0,4,26,13,43,5,7,52,13,77,58,42,100,177
03/16/2022,SCK,CA,AWP,WE,Towers with Radar,5,3,13,3,24,0,1,38,4,43,5,4,51,7,67,98,8,106,173
03/17/2022,SCK,CA,AWP,WE,Towers with Radar,5,3,20,4,32,0,10,68,2,80,5,13,88,6,112,144,20,164,276
03/18/2022,SCK,CA,AWP,WE,Towers with Radar,9,2,25,3,39,0,5,38,1,44,9,7,63,4,83,108,2,110,193
03/19/2022,SCK,CA,AWP,WE,Towers with Radar,5,0,18,0,23,0,4,4,1,9,5,4,22,1,32,28,0,28,60
03/20/2022,SCK,CA,AWP,WE,Towers with Radar,7,2,6,0,15,0,9,10,7,26,7,11,16,7,41,2,22,24,65
03/21/2022,SCK,CA,AWP,WE,Towers with Radar,7,2,35,2,46,0,8,35,3,46,7,10,70,5,92,42,4,46,138
03/22/2022,SCK,CA,AWP,WE,Towers with Radar,5,3,24,2,34,0,7,51,0,58,5,10,75,2,92,98,0,98,190
03/23/2022,SCK,CA,AWP,WE,Towers with Radar,6,0,17,13,36,0,9,54,5,68,6,9,71,18,104,88,8,96,200
03/24/2022,SCK,CA,AWP,WE,Towers with Radar,5,2,16,2,25,0,10,56,3,69,5,12,72,5,94,92,0,92,186
03/25/2022,SCK,CA,AWP,WE,Towers with Radar,7,2,29,0,38,0,7,47,2,56,7,9,76,2,94,70,0,70,164
03/26/2022,SCK,CA,AWP,WE,Towers with Radar,4,0,13,0,17,0,6,27,0,33,4,6,40,0,50,29,0,29,79
03/27/2022,SCK,CA,AWP,WE,Towers with Radar,7,2,17,0,26,0,2,60,1,63,7,4,77,1,89,52,0,52,141
03/28/2022,SCK,CA,AWP,WE,Towers with Radar,7,7,6,1,21,0,5,8,1,14,7,12,14,2,35,0,8,8,43
03/29/2022,SCK,CA,AWP,WE,Towers with Radar,5,3,34,2,44,0,3,50,5,58,5,6,84,7,102,54,2,56,158
03/30/2022,SCK,CA,AWP,WE,Towers with Radar,5,13,29,13,60,0,5,43,1,49,5,18,72,14,109,56,20,76,185
03/31/2022,SCK,CA,AWP,WE,Towers with Radar,5,10,17,0,32,0,7,33,9,49,5,17,50,9,81,18,4,22,103
04/01/2022,SCK,CA,AWP,WE,Towers with Radar,7,2,24,0,33,0,12,55,0,67,7,14,79,0,100,90,0,90,190
04/02/2022,SCK,CA,AWP,WE,Towers with Radar,5,1,30,1,37,0,5,52,2,59,5,6,82,3,96,36,0,36,132
04/03/2022,SCK,CA,AWP,WE,Towers with Radar,7,0,14,0,21,0,7,33,0,40,7,7,47,0,61,6,0,6,67
04/04/2022,SCK,CA,AWP,WE,Towers with Radar,7,2,20,4,33,0,6,39,7,52,7,8,59,11,85,36,22,58,143
04/05/2022,SCK,CA,AWP,WE,Towers with Radar,5,4,16,4,29,0,5,39,0,44,5,9,55,4,73,40,0,40,113
04/06/2022,SCK,CA,AWP,WE,Towers with Radar,5,0,37,3,45,0,6,53,4,63,5,6,90,7,108,60,0,60,168
04/07/2022,SCK,CA,AWP,WE,Towers with Radar,7,2,21,1,31,0,2,57,2,61,7,4,78,3,92,46,0,46,138
04/08/2022,SCK,CA,AWP,WE,Towers with Radar,7,0,13,0,20,0,5,28,2,35,7,5,41,2,55,44,0,44,99
04/09/2022,SCK,CA,AWP,WE,Towers with Radar,5,1,17,0,23,0,0,15,0,15,5,1,32,0,38,4,0,4,42
04/10/2022,SCK,CA,AWP,WE,Towers with Radar,6,3,10,0,19,0,3,22,0,25,6,6,32,0,44,40,0,40,84
04/11/2022,SCK,CA,AWP,WE,Towers with Radar,7,0,3,0,10,0,2,5,3,10,7,2,8,3,20,0,0,0,20
04/12/2022,SCK,CA,AWP,WE,Towers with Radar,5,4,28,3,40,0,1,59,2,62,5,5,87,5,102,80,0,80,182
04/13/2022,SCK,CA,AWP,WE,Towers with Radar,5,3,20,1,29,0,5,47,8,60,5,8,67,9,89,92,0,92,181
04/14/2022,SCK,CA,AWP,WE,Towers with Radar,5,1,15,2,23,0,0,9,6,15,5,1,24,8,38,60,14,74,112
04/15/2022,SCK,CA,AWP,WE,Towers with Radar,7,3,14,6,30,0,6,40,4,50,7,9,54,10,80,22,0,22,102
04/16/2022,SCK,CA,AWP,WE,Towers with Radar,5,0,17,0,22,0,4,36,0,40,5,4,53,0,62,18,0,18,80
04/17/2022,SCK,CA,AWP,WE,Towers with Radar,5,1,15,0,21,0,7,39,0,46,5,8,54,0,67,58,0,58,125
04/18/2022,SCK,CA,AWP,WE,Towers with Radar,7,3,30,8,48,0,2,53,8,63,7,5,83,16,111,52,0,52,163
04/19/2022,SCK,CA,AWP,WE,Towers with Radar,5,4,21,0,30,0,3,29,16,48,5,7,50,16,78,22,26,48,126
04/20/2022,SCK,CA,AWP,WE,Towers with Radar,5,5,11,1,22,0,14,50,7,71,5,19,61,8,93,76,14,90,183
04/21/2022,SCK,CA,AWP,WE,Towers with Radar,5,3,21,1,30,0,2,2,1,5,5,5,23,2,35,0,0,0,35
04/22/2022,SCK,CA,AWP,WE,Towers with Radar,7,1,21,7,36,0,7,18,4,29,7,8,39,11,65,26,16,42,107
04/23/2022,SCK,CA,AWP,WE,Towers with Radar,3,4,17,0,24,0,10,30,8,48,3,14,47,8,72,22,0,22,94
04/24/2022,SCK,CA,AWP,WE,Towers with Radar,5,5,19,0,29,0,4,43,7,54,5,9,62,7,83,74,0,74,157
04/25/2022,SCK,CA,AWP,WE,Towers with Radar,7,3,26,2,38,0,0,54,2,56,7,3,80,4,94,98,0,98,192
04/26/2022,SCK,CA,AWP,WE,Towers with Radar,5,2,16,2,25,0,4,46,3,53,5,6,62,5,78,32,20,52,130
04/27/2022,SCK,CA,AWP,WE,Towers with Radar,6,0,20,5,31,0,4,66,3,73,6,4,86,8,104,64,0,64,168
04/28/2022,SCK,CA,AWP,WE,Towers with Radar,5,5,19,7,36,0,6,35,7,48,5,11,54,14,84,30,14,44,128
04/29/2022,SCK,CA,AWP,WE,Towers with Radar,7,4,33,5,49,0,2,56,3,61,7,6,89,8,110,38,0,38,148
04/30/2022,SCK,CA,AWP,WE,Towers with Radar,5,7,12,0,24,0,5,32,0,37,5,12,44,0,61,26,0,26,87
05/01/2022,SCK,CA,AWP,WE,Towers with Radar,5,0,10,0,15,0,7,30,0,37,5,7,40,0,52,22,0,22,74
05/02/2022,SCK,CA,AWP,WE,Towers with Radar,6,0,17,0,23,0,0,30,3,33,6,0,47,3,56,12,2,14,70
05/03/2022,SCK,CA,AWP,WE,Towers with Radar,5,0,20,1,26,0,4,34,6,44,5,4,54,7,70,30,14,44,114
05/04/2022,SCK,CA,AWP,WE,Towers with Radar,3,0,36,0,39,0,9,61,7,77,3,9,97,7,116,62,2,64,180
05/05/2022,SCK,CA,AWP,WE,Towers with Radar,5,12,17,0,34,0,17,41,4,62,5,29,58,4,96,110,4,114,210
05/06/2022,SCK,CA,AWP,WE,Towers with Radar,5,2,28,1,36,0,4,33,1,38,5,6,61,2,74,70,0,70,144
05/07/2022,SCK,CA,AWP,WE,Towers with Radar,5,2,24,0,31,0,4,37,0,41,5,6,61,0,72,0,0,0,72
05/08/2022,SCK,CA,AWP,WE,Towers with Radar,4,0,12,4,20,0,1,6,0,7,4,1,18,4,27,0,0,0,27
05/09/2022,SCK,CA,AWP,WE,Towers with Radar,7,1,31,12,51,0,1,27,5,33,7,2,58,17,84,8,22,30,114
05/10/2022,SCK,CA,AWP,WE,Towers with Radar,5,5,25,4,39,0,8,36,6,50,5,13,61,10,89,48,10,58,147
05/11/2022,SCK,CA,AWP,WE,Towers with Radar,3,10,21,6,40,0,9,40,5,54,3,19,61,11,94,24,14,38,132
05/12/2022,SCK,CA,AWP,WE,Towers with Radar,5,6,33,2,46,0,9,56,2,67,5,15,89,4,113,56,12,68,181
05/13/2022,SCK,CA,AWP,WE,Towers with Radar,6,0,25,0,31,0,6,32,3,41,6,6,57,3,72,30,0,30,102
05/14/2022,SCK,CA,AWP,WE,Towers with Radar,5,2,34,0,41,0,5,48,1,54,5,7,82,1,95,56,0,56,151
05/15/2022,SCK,CA,AWP,WE,Towers with Radar,5,3,10,0,18,0,3,38,2,43,5,6,48,2,61,32,0,32,93
05/16/2022,SCK,CA,AWP,WE,Towers with Radar,5,0,20,2,27,0,6,24,1,31,5,6,44,3,58,26,4,30,88
05/17/2022,SCK,CA,AWP,WE,Towers with Radar,5,3,35,5,48,0,11,51,5,67,5,14,86,10,115,86,20,106,221
05/18/2022,SCK,CA,AWP,WE,Towers with Radar,3,1,22,3,29,0,2,40,9,51,3,3,62,12,80,68,18,86,166
05/19/2022,SCK,CA,AWP,WE,Towers with Radar,5,1,20,0,26,0,9,37,0,46,5,10,57,0,72,50,0,50,122
05/20/2022,SCK,CA,AWP,WE,Towers with Radar,6,2,15,0,23,0,3,23,0,26,6,5,38,0,49,4,0,4,53
05/21/2022,SCK,CA,AWP,WE,Towers with Radar,5,3,35,0,43,0,8,39,0,47,5,11,74,0,90,40,0,40,130
05/22/2022,SCK,CA,AWP,WE,Towers with Radar,6,2,14,0,22,0,0,48,0,48,6,2,62,0,70,44,0,44,114
05/23/2022,SCK,CA,AWP,WE,Towers with Radar,5,2,20,0,27,0,6,36,2,44,5,8,56,2,71,42,0,42,113
05/24/2022,SCK,CA,AWP,WE,Towers with Radar,5,0,21,1,27,0,3,35,4,42,5,3,56,5,69,18,8,26,95
05/25/2022,SCK,CA,AWP,WE,Towers with Radar,3,2,16,4,25,0,1,41,5,47,3,3,57,9,72,34,24,58,130
05/26/2022,SCK,CA,AWP,WE,Towers with Radar,5,2,16,0,23,0,4,63,1,68,5,6,79,1,91,88,2,90,181
05/27/2022,SCK,CA,AWP,WE,Towers with Radar,8,0,37,2,47,0,14,77,2,93,8,14,114,4,140,64,0,64,204
05/28/2022,SCK,CA,AWP,WE,Towers with Radar,5,3,7,0,15,0,5,27,0,32,5,8,34,0,47,30,0,30,77
05/29/2022,SCK,CA,AWP,WE,Towers with Radar,5,2,6,0,13,0,5,26,2,33,5,7,32,2,46,20,0,20,66
05/30/2022,SCK,CA,AWP,WE,Towers with Radar,8,0,9,0,17,0,0,43,0,43,8,0,52,0,60,26,0,26,86
05/31/2022,SCK,CA,AWP,WE,Towers with Radar,8,3,19,1,31,0,0,43,4,47,8,3,62,5,78,36,0,36,114
06/01/2022,SCK,CA,AWP,WE,Towers with Radar,5,0,29,1,35,0,5,53,1,59,5,5,82,2,94,40,0,40,134
06/02/2022,SCK,CA,AWP,WE,Towers with Radar,5,1,16,0,22,1,0,54,3,58,6,1,70,3,80,80,2,82,162
06/03/2022,SCK,CA,AWP,WE,Towers with Radar,5,3,6,15,29,0,2,60,2,64,5,5,66,17,93,76,12,88,181
06/04/2022,SCK,CA,AWP,WE,Towers with Radar,5,0,23,0,28,0,3,42,0,45,5,3,65,0,73,92,0,92,165
06/05/2022,SCK,CA,AWP,WE,Towers with Radar,5,0,11,1,17,0,0,28,1,29,5,0,39,2,46,2,0,2,48
06/06/2022,SCK,CA,AWP,WE,Towers with Radar,5,1,10,2,18,0,5,48,6,59,5,6,58,8,77,20,20,40,117
06/07/2022,SCK,CA,AWP,WE,Towers with Radar,5,4,19,0,28,0,7,52,8,67,5,11,71,8,95,62,18,80,175
06/08/2022,SCK,CA,AWP,WE,Towers with Radar,5,2,36,3,46,0,0,61,5,66,5,2,97,8,112,112,20,132,244
06/09/2022,SCK,CA,AWP,WE,Towers with Radar,3,3,24,2,32,0,5,70,5,80,3,8,94,7,112,104,14,118,230
06/10/2022,SCK,CA,AWP,WE,Towers with Radar,6,0,21,1,28,0,1,41,2,44,6,1,62,3,72,36,0,36,108
06/11/2022,SCK,CA,AWP,WE,Towers with Radar,5,0,9,0,14,0,5,27,1,33,5,5,36,1,47,26,0,26,73
06/12/2022,SCK,CA,AWP,WE,Towers with Radar,4,0,30,1,35,0,1,37,2,40,4,1,67,3,75,16,0,16,91
06/13/2022,SCK,CA,AWP,WE,Towers with Radar,5,4,23,0,32,0,3,40,0,43,5,7,63,0,75,12,0,12,87
06/14/2022,SCK,CA,AWP,WE,Towers with Radar,5,2,24,0,31,0,6,39,0,45,5,8,63,0,76,34,0,34,110
06/15/2022,SCK,CA,AWP,WE,Towers with Radar,4,3,28,1,36,0,3,62,3,68,4,6,90,4,104,12,10,22,126
06/16/2022,SCK,CA,AWP,WE,Towers with Radar,4,1,15,4,24,0,3,60,4,67,4,4,75,8,91,24,18,42,133
06/17/2022,SCK,CA,AWP,WE,Towers with Radar,5,0,14,2,21,0,1,34,2,37,5,1,48,4,58,60,0,60,118
06/18/2022,SCK,CA,AWP,WE,Towers with Radar,5,0,20,0,25,0,5,35,2,42,5,5,55,2,67,36,0,36,103
06/19/2022,SCK,CA,AWP,WE,Towers with Radar,5,2,10,0,17,0,4,26,0,30,5,6,36,0,47,24,0,24,71
06/20/2022,SCK,CA,AWP,WE,Towers with Radar,5,2,22,0,29,0,6,46,0,52,5,8,68,0,81,106,0,106,187
06/21/2022,SCK,CA,AWP,WE,Towers with Radar,7,0,22,0,29,0,0,44,0,44,7,0,66,0,73,132,0,132,205
06/22/2022,SCK,CA,AWP,WE,Towers with Radar,5,1,16,3,25,1,0,46,1,48,6,1,62,4,73,60,10,70,143
06/23/2022,SCK,CA,AWP,WE,Towers with Radar,5,5,9,0,19,0,6,35,2,43,5,11,44,2,62,94,0,94,156
06/24/2022,SCK,CA,AWP,WE,Towers with Radar,5,0,12,0,17,0,3,26,2,31,5,3,38,2,48,92,0,92,140
06/25/2022,SCK,CA,AWP,WE,Towers with Radar,4,0,9,0,13,0,8,36,1,45,4,8,45,1,58,42,4,46,104
06/26/2022,SCK,CA,AWP,WE,Towers with Radar,5,0,11,0,16,0,1,34,0,35,5,1,45,0,51,46,0,46,97
06/27/2022,SCK,CA,AWP,WE,Towers with Radar,8,1,8,6,23,0,3,29,7,39,8,4,37,13,62,54,8,62,124
06/28/2022,SCK,CA,AWP,WE,Towers with Radar,5,3,18,3,29,0,8,57,3,68,5,11,75,6,97,66,10,76,173
06/29/2022,SCK,CA,AWP,WE,Towers with Radar,5,2,18,2,27,0,6,40,4,50,5,8,58,6,77,70,2,72,149
06/30/2022,SCK,CA,AWP,WE,Towers with Radar,6,4,25,0,35,0,6,52,1,59,6,10,77,1,94,118,0,118,212
07/01/2022,SCK,CA,AWP,WE,Towers with Radar,6,2,15,6,29,0,9,53,1,63,6,11,68,7,92,144,0,144,236
07/02/2022,SCK,CA,AWP,WE,Towers with Radar,5,1,9,0,15,0,7,32,1,40,5,8,41,1,55,8,0,8,63
07/03/2022,SCK,CA,AWP,WE,Towers with Radar,4,4,3,0,11,0,4,25,0,29,4,8,28,0,40,2,0,2,42
07/04/2022,SCK,CA,AWP,WE,Towers with Radar,0,4,12,0,16,0,4,39,2,45,0,8,51,2,61,40,0,40,101
07/05/2022,SCK,CA,AWP,WE,Towers with Radar,5,4,29,5,43,0,3,49,2,54,5,7,78,7,97,122,8,130,227
07/06/2022,SCK,CA,AWP,WE,Towers with Radar,6,1,27,0,34,3,1,61,0,65,9,2,88,0,99,102,0,102,201
07/07/2022,SCK,CA,AWP,WE,Towers with Radar,6,1,13,0,20,0,2,46,1,49,6,3,59,1,69,82,0,82,151
07/08/2022,SCK,CA,AWP,WE,Towers with Radar,4,2,18,1,25,0,3,55,2,60,4,5,73,3,85,86,2,88,173
07/09/2022,SCK,CA,AWP,WE,Towers with Radar,5,2,17,1,25,0,5,35,1,41,5,7,52,2,66,40,2,42,108
07/10/2022,SCK,CA,AWP,WE,Towers with Radar,5,1,18,0,24,0,3,24,0,27,5,4,42,0,51,4,0,4,55
07/11/2022,SCK,CA,AWP,WE,Towers with Radar,8,2,29,0,39,0,7,67,0,74,8,9,96,0,113,44,0,44,157
07/12/2022,SCK,CA,AWP,WE,Towers with Radar,5,1,12,3,21,0,4,55,7,66,5,5,67,10,87,70,28,98,185
07/13/2022,SCK,CA,AWP,WE,Towers with Radar,5,1,28,3,37,0,3,73,3,79,5,4,101,6,116,112,0,112,228
07/14/2022,SCK,CA,AWP,WE,Towers with Radar,5,0,21,3,29,0,5,70,1,76,5,5,91,4,105,128,8,136,241
07/15/2022,SCK,CA,AWP,WE,Towers with Radar,5,3,22,0,30,0,0,31,0,31,5,3,53,0,61,22,0,22,83
07/16/2022,SCK,CA,AWP,WE,Towers with Radar,5,1,26,0,32,0,8,33,0,41,5,9,59,0,73,26,0,26,99
07/17/2022,SCK,CA,AWP,WE,Towers with Radar,5,5,14,0,24,0,0,25,0,25,5,5,39,0,49,30,0,30,79
07/18/2022,SCK,CA,AWP,WE,Towers with Radar,5,2,23,0,30,0,2,77,2,81,5,4,100,2,111,74,0,74,185
07/19/2022,SCK,CA,AWP,WE,Towers with Radar,7,2,39,3,51,0,7,62,5,74,7,9,101,8,125,86,8,94,219
07/20/2022,SCK,CA,AWP,WE,Towers with Radar,5,1,19,1,26,0,3,76,2,81,5,4,95,3,107,150,0,150,257
07/21/2022,SCK,CA,AWP,WE,Towers with Radar,5,0,18,4,27,0,5,75,8,88,5,5,93,12,115,160,36,196,311
07/22/2022,SCK,CA,AWP,WE,Towers with Radar,5,0,8,0,13,0,1,38,0,39,5,1,46,0,52,214,0,214,266
07/23/2022,SCK,CA,AWP,WE,Towers with Radar,5,0,25,4,34,0,5,51,0,56,5,5,76,4,90,12,0,12,102
07/24/2022,SCK,CA,AWP,WE,Towers with Radar,5,2,16,0,23,0,5,53,0,58,5,7,69,0,81,22,0,22,103
07/25/2022,SCK,CA,AWP,WE,Towers with Radar,5,4,21,1,31,0,0,47,0,47,5,4,68,1,78,232,0,232,310
07/26/2022,SCK,CA,AWP,WE,Towers with Radar,5,0,19,2,26,0,3,50,10,63,5,3,69,12,89,194,44,238,327
07/27/2022,SCK,CA,AWP,WE,Towers with Radar,5,5,19,3,32,0,1,50,13,64,5,6,69,16,96,244,54,298,394
07/28/2022,SCK,CA,AWP,WE,Towers with Radar,5,2,18,0,25,0,4,61,4,69,5,6,79,4,94,202,0,202,296
07/29/2022,SCK,CA,AWP,WE,Towers with Radar,6,8,25,0,39,0,4,41,1,46,6,12,66,1,85,284,0,284,369
07/30/2022,SCK,CA,AWP,WE,Towers with Radar,5,3,6,0,14,0,10,39,0,49,5,13,45,0,63,86,0,86,149
07/31/2022,SCK,CA,AWP,WE,Towers with Radar,4,0,19,0,23,0,3,25,0,28,4,3,44,0,51,6,0,6,57
08/01/2022,SCK,CA,AWP,WE,Towers with Radar,6,2,19,2,29,0,0,42,2,44,6,2,61,4,73,246,14,260,333
08/02/2022,SCK,CA,AWP,WE,Towers with Radar,6,2,26,0,34,0,4,43,5,52,6,6,69,5,86,252,0,252,338
08/03/2022,SCK,CA,AWP,WE,Towers with Radar,5,2,22,2,31,0,4,46,8,58,5,6,68,10,89,310,0,310,399
08/04/2022,SCK,CA,AWP,WE,Towers with Radar,5,4,13,15,37,0,4,31,3,38,5,8,44,18,75,194,22,216,291
08/05/2022,SCK,CA,AWP,WE,Towers with Radar,5,2,31,0,38,0,3,43,4,50,5,5,74,4,88,294,0,294,382
08/06/2022,SCK,CA,AWP,WE,Towers with Radar,5,0,10,0,15,0,5,26,13,44,5,5,36,13,59,58,6,64,123
08/07/2022,SCK,CA,AWP,WE,Towers with Radar,7,2,10,0,19,0,0,34,3,37,7,2,44,3,56,104,0,104,160
08/08/2022,SCK,CA,AWP,WE,Towers with Radar,5,0,20,2,27,0,0,41,1,42,5,0,61,3,69,336,6,342,411
08/09/2022,SCK,CA,AWP,WE,Towers with Radar,3,0,12,0,15,0,4,57,4,65,3,4,69,4,80,180,0,180,260
08/10/2022,SCK,CA,AWP,WE,Towers with Radar,5,4,25,4,38,0,0,56,4,60,5,4,81,8,98,254,0,254,352
08/11/2022,SCK,CA,AWP,WE,Towers with Radar,6,6,15,6,33,0,7,60,7,74,6,13,75,13,107,206,6,212,319
08/12/2022,SCK,CA,AWP,WE,Towers with Radar,5,3,10,2,20,0,4,58,1,63,5,7,68,3,83,304,6,310,393
08/13/2022,SCK,CA,AWP,WE,Towers with Radar,5,0,12,0,17,0,1,41,0,42,5,1,53,0,59,76,0,76,135
08/14/2022,SCK,CA,AWP,WE,Towers with Radar,5,0,5,0,10,0,2,34,1,37,5,2,39,1,47,32,0,32,79
08/15/2022,SCK,CA,AWP,WE,Towers with Radar,6,0,12,3,21,0,1,63,6,70,6,1,75,9,91,148,34,182,273
08/16/2022,SCK,CA,AWP,WE,Towers with Radar,3,1,15,2,21,0,0,64,0,64,3,1,79,2,85,220,0,220,305
08/17/2022,SCK,CA,AWP,WE,Towers with Radar,5,1,28,1,35,0,3,83,6,92,5,4,111,7,127,280,4,284,411
08/18/2022,SCK,CA,AWP,WE,Towers with Radar,6,2,19,0,27,0,1,63,3,67,6,3,82,3,94,282,0,282,376
08/19/2022,SCK,CA,AWP,WE,Towers with Radar,8,3,20,0,31,0,4,65,0,69,8,7,85,0,100,276,0,276,376
08/20/2022,SCK,CA,AWP,WE,Towers with Radar,5,1,14,0,20,0,6,32,0,38,5,7,46,0,58,68,0,68,126
08/21/2022,SCK,CA,AWP,WE,Towers with Radar,9,4,13,0,26,0,10,62,0,72,9,14,75,0,98,78,0,78,176
08/22/2022,SCK,CA,AWP,WE,Towers with Radar,8,0,24,2,34,0,0,58,2,60,8,0,82,4,94,104,0,104,198
08/23/2022,SCK,CA,AWP,WE,Towers with Radar,4,2,21,1,28,0,1,74,7,82,4,3,95,8,110,134,20,154,264
08/24/2022,SCK,CA,AWP,WE,Towers with Radar,6,3,22,0,31,0,8,87,3,98,6,11,109,3,129,216,22,238,367
08/25/2022,SCK,CA,AWP,WE,Towers with Radar,6,1,19,3,29,0,4,52,5,61,6,5,71,8,90,144,8,152,242
08/26/2022,SCK,CA,AWP,WE,Towers with Radar,9,3,23,1,36,0,10,75,8,93,9,13,98,9,129,100,12,112,241
08/27/2022,SCK,CA,AWP,WE,Towers with Radar,6,0,10,0,16,0,5,38,0,43,6,5,48,0,59,90,0,90,149
08/28/2022,SCK,CA,AWP,WE,Towers with Radar,8,0,9,0,17,0,3,40,0,43,8,3,49,0,60,52,0,52,112
08/29/2022,SCK,CA,AWP,WE,Towers with Radar,9,4,28,5,46,1,5,67,7,80,10,9,95,12,126,152,26,178,304
08/30/2022,SCK,CA,AWP,WE,Towers with Radar,4,5,27,0,36,0,6,60,10,76,4,11,87,10,112,112,26,138,250
08/31/2022,SCK,CA,AWP,WE,Towers with Radar,4,5,28,3,40,0,5,67,1,73,4,10,95,4,113,184,24,208,321
09/01/2022,SCK,CA,AWP,WE,Towers with Radar,8,4,24,7,43,0,8,55,3,66,8,12,79,10,109,110,16,126,235
09/02/2022,SCK,CA,AWP,WE,Towers with Radar,8,6,6,4,24,0,6,53,0,59,8,12,59,4,83,98,0,98,181
09/03/2022,SCK,CA,AWP,WE,Towers with Radar,8,0,13,0,21,0,0,25,0,25,8,0,38,0,46,14,0,14,60
09/04/2022,SCK,CA,AWP,WE,Towers with Radar,8,4,12,0,24,0,6,22,0,28,8,10,34,0,52,30,0,30,82
09/05/2022,SCK,CA,AWP,WE,Towers with Radar,10,4,20,0,34,0,5,44,0,49,10,9,64,0,83,110,0,110,193
09/06/2022,SCK,CA,AWP,WE,Towers with Radar,9,0,10,1,20,0,3,24,4,31,9,3,34,5,51,70,16,86,137
09/07/2022,SCK,CA,AWP,WE,Towers with Radar,8,0,14,2,24,0,1,54,2,57,8,1,68,4,81,112,14,126,207
09/08/2022,SCK,CA,AWP,WE,Towers with Radar,6,6,18,1,31,0,6,42,5,53,6,12,60,6,84,86,36,122,206
09/09/2022,SCK,CA,AWP,WE,Towers with Radar,8,3,14,1,26,0,3,49,7,59,8,6,63,8,85,106,0,106,191
09/10/2022,SCK,CA,AWP,WE,Towers with Radar,6,5,11,0,22,0,8,40,0,48,6,13,51,0,70,26,0,26,96
09/11/2022,SCK,CA,AWP,WE,Towers with Radar,8,12,25,3,48,0,7,30,2,39,8,19,55,5,87,14,4,18,105
09/12/2022,SCK,CA,AWP,WE,Towers with Radar,8,4,15,1,28,0,0,31,2,33,8,4,46,3,61,48,0,48,109
09/13/2022,SCK,CA,AWP,WE,Towers with Radar,4,4,9,4,21,0,1,53,5,59,4,5,62,9,80,90,30,120,200
09/14/2022,SCK,CA,AWP,WE,Towers with Radar,6,6,20,1,33,0,3,48,3,54,6,9,68,4,87,148,16,164,251
09/15/2022,SCK,CA,AWP,WE,Towers with Radar,6,1,24,0,31,0,8,59,6,73,6,9,83,6,104,86,6,92,196
09/16/2022,SCK,CA,AWP,WE,Towers with Radar,8,0,43,0,51,0,6,58,4,68,8,6,101,4,119,174,0,174,293
09/17/2022,SCK,CA,AWP,WE,Towers with Radar,6,0,35,2,43,0,6,42,0,48,6,6,77,2,91,52,0,52,143
09/18/2022,SCK,CA,AWP,WE,Towers with Radar,9,0,6,0,15,0,2,7,0,9,9,2,13,0,24,0,0,0,24
09/19/2022,SCK,CA,AWP,WE,Towers with Radar,8,2,29,1,40,0,0,22,2,24,8,2,51,3,64,76,0,76,140
09/20/2022,SCK,CA,AWP,WE,Towers with Radar,4,0,26,9,39,0,1,46,2,49,4,1,72,11,88,116,26,142,230
09/21/2022,SCK,CA,AWP,WE,Towers with Radar,7,3,13,4,27,0,5,63,9,77,7,8,76,13,104,116,0,116,220
09/22/2022,SCK,CA,AWP,WE,Towers with Radar,7,0,22,0,29,0,2,66,1,69,7,2,88,1,98,88,0,88,186
09/23/2022,SCK,CA,AWP,WE,Towers with Radar,8,3,29,3,43,0,7,64,5,76,8,10,93,8,119,148,0,148,267
09/24/2022,SCK,CA,AWP,WE,Towers with Radar,6,3,17,0,26,0,10,45,0,55,6,13,62,0,81,26,0,26,107
09/25/2022,SCK,CA,AWP,WE,Towers with Radar,8,4,27,1,40,0,2,47,1,50,8,6,74,2,90,14,12,26,116
09/26/2022,SCK,CA,AWP,WE,Towers with Radar,10,0,25,5,40,0,2,56,4,62,10,2,81,9,102,78,16,94,196
09/27/2022,SCK,CA,AWP,WE,Towers with Radar,4,2,25,7,38,0,1,62,4,67,4,3,87,11,105,114,2,116,221
09/28/2022,SCK,CA,AWP,WE,Towers with Radar,4,2,20,4,30,0,1,50,6,57,4,3,70,10,87,138,28,166,253
09/29/2022,SCK,CA,AWP,WE,Towers with Radar,8,0,18,3,29,0,1,36,3,40,8,1,54,6,69,88,0,88,157
09/30/2022,SCK,CA,AWP,WE,Towers with Radar,5,0,5,0,10,0,3,71,2,76,5,3,76,2,86,114,4,118,204
10/01/2022,SCK,CA,AWP,WE,Towers with Radar,4,1,15,0,20,0,4,36,2,42,4,5,51,2,62,48,0,48,110
10/02/2022,SCK,CA,AWP,WE,Towers with Radar,8,5,15,0,28,0,3,26,0,29,8,8,41,0,57,16,0,16,73
10/03/2022,SCK,CA,AWP,WE,Towers with Radar,7,1,33,8,49,0,6,61,2,69,7,7,94,10,118,180,6,186,304
10/04/2022,SCK,CA,AWP,WE,Towers with Radar,4,3,23,0,30,0,4,77,4,85,4,7,100,4,115,114,24,138,253
10/05/2022,SCK,CA,AWP,WE,Towers with Radar,4,9,15,0,28,0,0,55,0,55,4,9,70,0,83,82,0,82,165
10/06/2022,SCK,CA,AWP,WE,Towers with Radar,6,2,26,0,34,0,2,59,2,63,6,4,85,2,97,102,0,102,199
10/07/2022,SCK,CA,AWP,WE,Towers with Radar,8,3,23,1,35,0,0,44,1,45,8,3,67,2,80,76,0,76,156
10/08/2022,SCK,CA,AWP,WE,Towers with Radar,4,5,15,0,24,0,6,28,0,34,4,11,43,0,58,40,0,40,98
10/09/2022,SCK,CA,AWP,WE,Towers with Radar,6,6,17,0,29,0,3,33,0,36,6,9,50,0,65,28,0,28,93
10/10/2022,SCK,CA,AWP,WE,Towers with Radar,7,3,16,4,30,0,2,58,2,62,7,5,74,6,92,192,0,192,284
10/11/2022,SCK,CA,AWP,WE,Towers with Radar,4,0,10,2,16,0,6,32,2,40,4,6,42,4,56,82,2,84,140
10/12/2022,SCK,CA,AWP,WE,Towers with Radar,4,2,23,3,32,0,3,40,6,49,4,5,63,9,81,122,32,154,235
10/13/2022,SCK,CA,AWP,WE,Towers with Radar,6,2,16,5,29,0,5,37,7,49,6,7,53,12,78,124,18,142,220
10/14/2022,SCK,CA,AWP,WE,Towers with Radar,8,3,13,0,24,0,8,37,0,45,8,11,50,0,69,72,0,72,141
10/15/2022,SCK,CA,AWP,WE,Towers with Radar,4,3,25,0,32,0,2,33,8,43,4,5,58,8,75,76,2,78,153
10/16/2022,SCK,CA,AWP,WE,Towers with Radar,6,1,21,1,29,0,1,30,1,32,6,2,51,2,61,30,0,30,91
10/17/2022,SCK,CA,AWP,WE,Towers with Radar,7,4,16,3,30,0,1,65,2,68,7,5,81,5,98,72,0,72,170
10/18/2022,SCK,CA,AWP,WE,Towers with Radar,4,2,25,0,31,0,0,59,1,60,4,2,84,1,91,92,0,92,183
10/19/2022,SCK,CA,AWP,WE,Towers with Radar,4,2,13,3,22,0,0,56,2,58,4,2,69,5,80,102,0,102,182
10/20/2022,SCK,CA,AWP,WE,Towers with Radar,6,0,17,2,25,0,9,59,7,75,6,9,76,9,100,88,8,96,196
10/21/2022,SCK,CA,AWP,WE,Towers with Radar,8,4,29,3,44,0,8,59,4,71,8,12,88,7,115,50,10,60,175
10/22/2022,SCK,CA,AWP,WE,Towers with Radar,2,3,40,0,45,0,5,26,0,31,2,8,66,0,76,36,0,36,112
10/23/2022,SCK,CA,AWP,WE,Towers with Radar,6,3,32,0,41,0,2,24,0,26,6,5,56,0,67,2,0,2,69
10/24/2022,SCK,CA,AWP,WE,Towers with Radar,8,4,22,2,36,0,1,41,4,46,8,5,63,6,82,61,3,64,146
10/25/2022,SCK,CA,AWP,WE,Towers with Radar,4,2,22,6,34,0,0,35,6,41,4,2,57,12,75,40,8,48,123
10/26/2022,SCK,CA,AWP,WE,Towers with Radar,1,4,24,5,34,0,5,41,10,56,1,9,65,15,90,108,14,122,212
10/27/2022,SCK,CA,AWP,WE,Towers with Radar,6,0,33,3,42,0,3,48,9,60,6,3,81,12,102,46,20,66,168
10/28/2022,SCK,CA,AWP,WE,Towers with Radar,8,2,15,0,25,0,5,48,6,59,8,7,63,6,84,90,20,110,194
10/29/2022,SCK,CA,AWP,WE,Towers with Radar,3,0,6,0,9,0,3,28,0,31,3,3,34,0,40,22,0,22,62
10/30/2022,SCK,CA,AWP,WE,Towers with Radar,7,6,15,0,28,0,2,32,0,34,7,8,47,0,62,60,0,60,122
10/31/2022,SCK,CA,AWP,WE,Towers with Radar,5,2,17,1,25,0,5,54,3,62,5,7,71,4,87,30,32,62,149
11/01/2022,SCK,CA,AWP,WE,Towers with Radar,6,2,12,0,20,0,0,22,0,22,6,2,34,0,42,30,2,32,74
11/02/2022,SCK,CA,AWP,WE,Towers with Radar,5,2,22,3,32,0,0,31,10,41,5,2,53,13,73,82,74,156,229
11/03/2022,SCK,CA,AWP,WE,Towers with Radar,5,6,26,3,40,0,6,37,8,51,5,12,63,11,91,46,40,86,177
11/04/2022,SCK,CA,AWP,WE,Towers with Radar,9,0,12,7,28,0,0,37,5,42,9,0,49,12,70,74,50,124,194
11/05/2022,SCK,CA,AWP,WE,Towers with Radar,3,2,17,0,22,0,0,20,7,27,3,2,37,7,49,6,2,8,57
11/06/2022,SCK,CA,AWP,WE,Towers with Radar,5,2,17,0,24,0,0,33,0,33,5,2,50,0,57,74,0,74,131
11/07/2022,SCK,CA,AWP,WE,Towers with Radar,7,1,5,0,13,0,2,16,2,20,7,3,21,2,33,4,8,12,45
11/08/2022,SCK,CA,AWP,WE,Towers with Radar,3,0,11,2,16,0,5,4,8,17,3,5,15,10,33,2,4,6,39
11/09/2022,SCK,CA,AWP,WE,Towers with Radar,3,4,17,6,30,0,5,37,5,47,3,9,54,11,77,48,30,78,155
11/10/2022,SCK,CA,AWP,WE,Towers with Radar,4,6,17,4,31,0,2,50,3,55,4,8,67,7,86,66,28,94,180
11/11/2022,SCK,CA,AWP,WE,Towers with Radar,7,0,15,0,22,0,8,40,0,48,7,8,55,0,70,42,0,42,112
11/12/2022,SCK,CA,AWP,WE,Towers with Radar,3,4,4,0,11,0,0,32,0,32,3,4,36,0,43,12,0,12,55
11/13/2022,SCK,CA,AWP,WE,Towers with Radar,5,5,22,2,34,0,5,33,0,38,5,10,55,2,72,32,0,32,104
11/14/2022,SCK,CA,AWP,WE,Towers with Radar,7,0,23,6,36,0,4,44,4,52,7,4,67,10,88,26,12,38,126
11/15/2022,SCK,CA,AWP,WE,Towers with Radar,3,5,12,3,23,0,9,52,5,66,3,14,64,8,89,44,0,44,133
11/16/2022,SCK,CA,AWP,WE,Towers with Radar,5,4,8,0,17,0,9,51,6,66,5,13,59,6,83,34,4,38,121
11/17/2022,SCK,CA,AWP,WE,Towers with Radar,5,3,21,7,36,0,6,56,3,65,5,9,77,10,101,30,0,30,131
11/18/2022,SCK,CA,AWP,WE,Towers with Radar,9,5,26,0,40,0,3,50,2,55,9,8,76,2,95,38,12,50,145
11/19/2022,SCK,CA,AWP,WE,Towers with Radar,5,3,14,0,22,0,4,42,0,46,5,7,56,0,68,36,0,36,104
11/20/2022,SCK,CA,AWP,WE,Towers with Radar,5,5,20,0,30,0,10,49,0,59,5,15,69,0,89,12,0,12,101
11/21/2022,SCK,CA,AWP,WE,Towers with Radar,7,6,23,2,38,0,1,41,2,44,7,7,64,4,82,40,28,68,150
11/22/2022,SCK,CA,AWP,WE,Towers with Radar,5,5,34,1,45,0,4,40,6,50,5,9,74,7,95,24,2,26,121
11/23/2022,SCK,CA,AWP,WE,Towers with Radar,7,7,11,4,29,0,6,23,4,33,7,13,34,8,62,80,4,84,146
11/24/2022,SCK,CA,AWP,WE,Towers with Radar,2,0,4,0,6,0,0,12,0,12,2,0,16,0,18,2,0,2,20
11/25/2022,SCK,CA,AWP,WE,Towers with Radar,5,2,9,0,16,0,3,17,0,20,5,5,26,0,36,0,0,0,36
11/26/2022,SCK,CA,AWP,WE,Towers with Radar,5,2,16,0,23,0,8,10,0,18,5,10,26,0,41,0,0,0,41
11/27/2022,SCK,CA,AWP,WE,Towers with Radar,7,2,8,0,17,0,3,37,0,40,7,5,45,0,57,86,0,86,143
11/28/2022,SCK,CA,AWP,WE,Towers with Radar,6,2,10,3,21,0,2,17,1,20,6,4,27,4,41,12,8,20,61
11/29/2022,SCK,CA,AWP,WE,Towers with Radar,3,7,23,0,33,0,6,49,1,56,3,13,72,1,89,26,16,42,131
11/30/2022,SCK,CA,AWP,WE,Towers with Radar,4,2,20,6,32,0,8,58,4,70,4,10,78,10,102,52,20,72,174
12/01/2022,SCK,CA,AWP,WE,Towers with Radar,5,2,13,0,20,0,0,3,0,3,5,2,16,0,23,0,0,0,23
12/02/2022,SCK,CA,AWP,WE,Towers with Radar,7,5,15,2,29,0,2,28,0,30,7,7,43,2,59,16,2,18,77
12/03/2022,SCK,CA,AWP,WE,Towers with Radar,5,3,25,0,33,0,0,0,0,0,5,3,25,0,33,0,0,0,33
12/04/2022,SCK,CA,AWP,WE,Towers with Radar,5,7,14,0,26,0,1,15,0,16,5,8,29,0,42,14,0,14,56
12/05/2022,SCK,CA,AWP,WE,Towers with Radar,7,2,26,2,37,0,4,18,2,24,7,6,44,4,61,20,2,22,83
12/06/2022,SCK,CA,AWP,WE,Towers with Radar,3,3,25,7,38,0,4,25,2,31,3,7,50,9,69,76,2,78,147
12/07/2022,SCK,CA,AWP,WE,Towers with Radar,5,0,24,12,41,0,2,65,16,83,5,2,89,28,124,46,8,54,178
12/08/2022,SCK,CA,AWP,WE,Towers with Radar,4,4,20,4,32,0,0,15,4,19,4,4,35,8,51,2,50,52,103
12/09/2022,SCK,CA,AWP,WE,Towers with Radar,9,7,27,4,47,0,0,11,1,12,9,7,38,5,59,24,16,40,99
12/10/2022,SCK,CA,AWP,WE,Towers with Radar,5,2,1,0,8,0,0,0,0,0,5,2,1,0,8,0,0,0,8
12/11/2022,SCK,CA,AWP,WE,Towers with Radar,5,2,11,0,18,0,2,6,0,8,5,4,17,0,26,8,0,8,34
12/12/2022,SCK,CA,AWP,WE,Towers with Radar,10,2,24,2,38,0,3,20,1,24,10,5,44,3,62,40,26,66,128
12/13/2022,SCK,CA,AWP,WE,Towers with Radar,3,0,28,2,33,0,4,60,12,76,3,4,88,14,109,114,16,130,239
12/14/2022,SCK,CA,AWP,WE,Towers with Radar,5,0,28,3,36,0,0,43,12,55,5,0,71,15,91,100,26,126,217
12/15/2022,SCK,CA,AWP,WE,Towers with Radar,5,9,30,2,46,0,10,54,2,66,5,19,84,4,112,44,10,54,166
12/16/2022,SCK,CA,AWP,WE,Towers with Radar,5,1,45,0,51,0,1,13,0,14,5,2,58,0,65,14,0,14,79
12/17/2022,SCK,CA,AWP,WE,Towers with Radar,6,4,31,2,43,0,1,13,0,14,6,5,44,2,57,84,0,84,141
12/18/2022,SCK,CA,AWP,WE,Towers with Radar,7,5,31,0,43,0,0,1,0,1,7,5,32,0,44,0,0,0,44
12/19/2022,SCK,CA,AWP,WE,Towers with Radar,4,2,28,3,37,0,2,4,2,8,4,4,32,5,45,0,18,18,63
12/20/2022,SCK,CA,AWP,WE,Towers with Radar,6,3,23,3,35,0,1,18,3,22,6,4,41,6,57,64,0,64,121
12/21/2022,SCK,CA,AWP,WE,Towers with Radar,5,1,42,4,52,0,0,4,0,4,5,1,46,4,56,0,0,0,56
12/22/2022,SCK,CA,AWP,WE,Towers with Radar,5,7,41,0,53,0,0,14,0,14,5,7,55,0,67,10,0,10,77
12/23/2022,SCK,CA,AWP,WE,Towers with Radar,3,7,14,0,24,0,0,11,0,11,3,7,25,0,35,8,0,8,43
12/24/2022,SCK,CA,AWP,WE,Towers with Radar,2,2,2,2,8,0,0,5,1,6,2,2,7,3,14,0,0,0,14
12/25/2022,SCK,CA,AWP,WE,Towers with Radar,2,0,12,0,14,0,0,0,0,0,2,0,12,0,14,0,0,0,14
12/26/2022,SCK,CA,AWP,WE,Towers with Radar,2,4,27,0,33,0,0,3,0,3,2,4,30,0,36,0,0,0,36
12/27/2022,SCK,CA,AWP,WE,Towers with Radar,5,7,15,0,27,0,0,0,0,0,5,7,15,0,27,0,0,0,27
12/28/2022,SCK,CA,AWP,WE,Towers with Radar,5,2,29,0,36,0,2,57,0,59,5,4,86,0,95,62,0,62,157
12/29/2022,SCK,CA,AWP,WE,Towers with Radar,5,3,11,6,25,0,1,3,1,5,5,4,14,7,30,0,0,0,30
12/30/2022,SCK,CA,AWP,WE,Towers with Radar,3,7,15,0,25,0,0,0,0,0,3,7,15,0,25,0,0,0,25
12/31/2022,SCK,CA,AWP,WE,Towers with Radar,4,1,1,0,6,0,0,0,0,0,4,1,1,0,6,0,0,0,6
01/01/2023,SCK,CA,AWP,WE,Towers with Radar,4,1,21,0,26,0,1,14,0,15,4,2,35,0,41,8,0,8,49
01/02/2023,SCK,CA,AWP,WE,Towers with Radar,4,3,7,0,14,0,0,18,0,18,4,3,25,0,32,0,0,0,32
01/03/2023,SCK,CA,AWP,WE,Towers with Radar,5,9,24,3,41,0,0,3,2,5,5,9,27,5,46,4,0,4,50
01/04/2023,SCK,CA,AWP,WE,Towers with Radar,5,5,3,0,13,0,0,1,0,1,5,5,4,0,14,0,0,0,14
01/05/2023,SCK,CA,AWP,WE,Towers with Radar,5,1,5,0,11,0,2,0,5,7,5,3,5,5,18,0,36,36,54
01/06/2023,SCK,CA,AWP,WE,Towers with Radar,7,3,12,9,31,0,2,40,2,44,7,5,52,11,75,26,20,46,121
01/07/2023,SCK,CA,AWP,WE,Towers with Radar,3,9,18,0,30,0,2,14,0,16,3,11,32,0,46,0,0,0,46
01/08/2023,SCK,CA,AWP,WE,Towers with Radar,7,7,20,0,34,0,1,16,0,17,7,8,36,0,51,18,0,18,69
01/09/2023,SCK,CA,AWP,WE,Towers with Radar,8,0,10,2,20,0,4,7,7,18,8,4,17,9,38,0,14,14,52
01/10/2023,SCK,CA,AWP,WE,Towers with Radar,5,1,14,1,21,0,0,4,3,7,5,1,18,4,28,0,22,22,50
01/11/2023,SCK,CA,AWP,WE,Towers with Radar,4,6,20,5,35,0,0,2,7,9,4,6,22,12,44,0,24,24,68
01/12/2023,SCK,CA,AWP,WE,Towers with Radar,5,5,25,4,39,0,10,48,7,65,5,15,73,11,104,40,12,52,156
01/13/2023,SCK,CA,AWP,WE,Towers with Radar,7,2,19,0,28,0,0,17,1,18,7,2,36,1,46,10,0,10,56
01/14/2023,SCK,CA,AWP,WE,Towers with Radar,3,2,8,0,13,0,0,1,0,1,3,2,9,0,14,8,0,8,22
01/15/2023,SCK,CA,AWP,WE,Towers with Radar,7,7,12,0,26,0,0,1,0,1,7,7,13,0,27,0,0,0,27
01/16/2023,SCK,CA,AWP,WE,Towers with Radar,7,8,6,0,21,0,0,9,0,9,7,8,15,0,30,6,0,6,36
01/17/2023,SCK,CA,AWP,WE,Towers with Radar,3,3,30,4,40,0,0,46,4,50,3,3,76,8,90,38,0,38,128
01/18/2023,SCK,CA,AWP,WE,Towers with Radar,3,10,20,11,44,0,1,28,3,32,3,11,48,14,76,22,14,36,112
01/19/2023,SCK,CA,AWP,WE,Towers with Radar,5,8,36,2,51,0,0,12,0,12,5,8,48,2,63,24,14,38,101
01/20/2023,SCK,CA,AWP,WE,Towers with Radar,8,6,38,5,57,0,4,52,4,60,8,10,90,9,117,86,12,98,215
01/21/2023,SCK,CA,AWP,WE,Towers with Radar,3,5,33,0,41,0,0,42,0,42,3,5,75,0,83,18,0,18,101
01/22/2023,SCK,CA,AWP,WE,Towers with Radar,7,4,19,0,30,0,4,18,0,22,7,8,37,0,52,38,0,38,90
01/23/2023,SCK,CA,AWP,WE,Towers with Radar,8,5,25,2,40,0,4,39,2,45,8,9,64,4,85,62,6,68,153
01/24/2023,SCK,CA,AWP,WE,Towers with Radar,3,1,47,0,51,0,5,53,2,60,3,6,100,2,111,54,0,54,165
01/25/2023,SCK,CA,AWP,WE,Towers with Radar,4,1,28,16,49,0,1,51,5,57,4,2,79,21,106,62,8,70,176
01/26/2023,SCK,CA,AWP,WE,Towers with Radar,4,4,31,5,44,0,2,48,1,51,4,6,79,6,95,42,16,58,153
01/27/2023,SCK,CA,AWP,WE,Towers with Radar,7,6,27,1,41,0,4,45,2,51,7,10,72,3,92,24,0,24,116
01/28/2023,SCK,CA,AWP,WE,Towers with Radar,3,1,26,0,30,0,4,38,1,43,3,5,64,1,73,64,0,64,137
01/29/2023,SCK,CA,AWP,WE,Towers with Radar,6,3,13,6,28,0,2,3,0,5,6,5,16,6,33,0,0,0,33
01/30/2023,SCK,CA,AWP,WE,Towers with Radar,7,4,22,4,37,0,5,33,3,41,7,9,55,7,78,26,6,32,110
01/31/2023,SCK,CA,AWP,WE,Towers with Radar,2,1,35,2,40,0,5,69,11,85,2,6,104,13,125,53,10,63,188
02/01/2023,SCK,CA,AWP,WE,Towers with Radar,2,1,22,0,25,0,2,64,3,69,2,3,86,3,94,94,26,120,214
02/02/2023,SCK,CA,AWP,WE,Towers with Radar,4,2,21,1,28,0,7,49,5,61,4,9,70,6,89,46,12,58,147
02/03/2023,SCK,CA,AWP,WE,Towers with Radar,7,3,14,0,24,0,2,17,0,19,7,5,31,0,43,2,0,2,45
02/04/2023,SCK,CA,AWP,WE,Towers with Radar,2,0,9,0,11,0,4,4,0,8,2,4,13,0,19,0,0,0,19
02/05/2023,SCK,CA,AWP,WE,Towers with Radar,6,0,14,0,20,0,1,4,0,5,6,1,18,0,25,11,0,11,36
02/06/2023,SCK,CA,AWP,WE,Towers with Radar,9,2,19,5,35,0,6,35,0,41,9,8,54,5,76,38,32,70,146
02/07/2023,SCK,CA,AWP,WE,Towers with Radar,2,2,18,1,23,0,2,28,0,30,2,4,46,1,53,20,0,20,73
02/08/2023,SCK,CA,AWP,WE,Towers with Radar,2,5,33,0,40,0,5,45,4,54,2,10,78,4,94,70,14,84,178
02/09/2023,SCK,CA,AWP,WE,Towers with Radar,3,2,17,1,23,0,2,39,5,46,3,4,56,6,69,43,7,50,119
02/10/2023,SCK,CA,AWP,WE,Towers with Radar,6,2,21,4,33,0,7,22,1,30,6,9,43,5,63,22,6,28,91
02/11/2023,SCK,CA,AWP,WE,Towers with Radar,2,2,1,0,5,0,0,11,0,11,2,2,12,0,16,30,0,30,46
02/12/2023,SCK,CA,AWP,WE,Towers with Radar,6,1,17,0,24,0,0,30,0,30,6,1,47,0,54,84,0,84,138
02/13/2023,SCK,CA,AWP,WE,Towers with Radar,6,4,9,2,21,0,2,29,4,35,6,6,38,6,56,32,18,50,106
02/14/2023,SCK,CA,AWP,WE,Towers with Radar,2,5,12,6,25,0,1,26,4,31,2,6,38,10,56,2,0,2,58
02/15/2023,SCK,CA,AWP,WE,Towers with Radar,2,2,28,1,33,0,0,55,2,57,2,2,83,3,90,62,14,76,166
02/16/2023,SCK,CA,AWP,WE,Towers with Radar,6,5,14,6,31,0,2,48,9,59,6,7,62,15,90,42,36,78,168
02/17/2023,SCK,CA,AWP,WE,Towers with Radar,6,7,21,2,36,0,9,51,1,61,6,16,72,3,97,50,3,53,150
02/18/2023,SCK,CA,AWP,WE,Towers with Radar,2,4,20,0,26,0,5,62,0,67,2,9,82,0,93,94,0,94,187
02/19/2023,SCK,CA,AWP,WE,Towers with Radar,6,7,27,0,40,0,4,47,0,51,6,11,74,0,91,14,0,14,105
02/20/2023,SCK,CA,AWP,WE,Towers with Radar,6,8,32,0,46,0,7,54,0,61,6,15,86,0,107,44,0,44,151
02/21/2023,SCK,CA,AWP,WE,Towers with Radar,4,3,13,10,30,0,0,28,13,41,4,3,41,23,71,22,22,44,115
02/22/2023,SCK,CA,AWP,WE,Towers with Radar,3,5,10,8,26,0,4,18,8,30,3,9,28,16,56,32,62,94,150
02/23/2023,SCK,CA,AWP,WE,Towers with Radar,6,1,7,2,16,0,0,7,6,13,6,1,14,8,29,18,22,40,69
02/24/2023,SCK,CA,AWP,WE,Towers with Radar,6,3,8,2,19,0,0,4,0,4,6,3,12,2,23,4,0,4,27
02/25/2023,SCK,CA,AWP,WE,Towers with Radar,2,4,17,0,23,0,4,0,6,10,2,8,17,6,33,4,8,12,45
02/26/2023,SCK,CA,AWP,WE,Towers with Radar,5,1,3,1,10,0,5,0,1,6,5,6,3,2,16,0,10,10,26
02/27/2023,SCK,CA,AWP,WE,Towers with Radar,6,1,14,0,21,0,2,1,3,6,6,3,15,3,27,0,12,12,39
02/28/2023,SCK,CA,AWP,WE,Towers with Radar,2,0,13,2,17,0,0,2,0,2,2,0,15,2,19,0,0,0,19
03/01/2023,SCK,CA,AWP,WE,Towers with Radar,4,3,22,12,41,0,3,30,12,45,4,6,52,24,86,48,34,82,168
03/02/2023,SCK,CA,AWP,WE,Towers with Radar,5,2,26,5,38,0,7,87,8,102,5,9,113,13,140,54,14,68,208
03/03/2023,SCK,CA,AWP,WE,Towers with Radar,7,2,23,2,34,0,2,57,3,62,7,4,80,5,96,82,2,84,180
03/04/2023,SCK,CA,AWP,WE,Towers with Radar,2,4,8,0,14,0,2,12,0,14,2,6,20,0,28,0,0,0,28
03/05/2023,SCK,CA,AWP,WE,Towers with Radar,4,0,8,0,12,0,2,5,0,7,4,2,13,0,19,0,0,0,19
03/06/2023,SCK,CA,AWP,WE,Towers with Radar,7,3,11,0,21,0,1,21,6,28,7,4,32,6,49,0,18,18,67
03/07/2023,SCK,CA,AWP,WE,Towers with Radar,2,1,21,6,30,0,2,52,1,55,2,3,73,7,85,44,8,52,137
03/08/2023,SCK,CA,AWP,WE,Towers with Radar,4,3,24,2,33,0,5,37,6,48,4,8,61,8,81,28,10,38,119
03/09/2023,SCK,CA,AWP,WE,Towers with Radar,5,1,3,3,12,0,1,13,0,14,5,2,16,3,26,12,0,12,38
03/10/2023,SCK,CA,AWP,WE,Towers with Radar,6,1,8,0,15,0,5,10,1,16,6,6,18,1,31,50,0,50,81
03/11/2023,SCK,CA,AWP,WE,Towers with Radar,3,2,19,1,25,0,0,4,9,13,3,2,23,10,38,27,4,31,69
03/12/2023,SCK,CA,AWP,WE,Towers with Radar,4,0,10,0,14,0,1,3,0,4,4,1,13,0,18,0,0,0,18
03/13/2023,SCK,CA,AWP,WE,Towers with Radar,7,3,4,2,16,0,5,19,4,28,7,8,23,6,44,22,0,22,66
03/14/2023,SCK,CA,AWP,WE,Towers with Radar,2,5,3,4,14,0,0,0,0,0,2,5,3,4,14,0,0,0,14
03/15/2023,SCK,CA,AWP,WE,Towers with Radar,4,2,37,7,50,0,5,38,5,48,4,7,75,12,98,62,0,62,160
03/16/2023,SCK,CA,AWP,WE,Towers with Radar,4,6,29,5,44,0,6,69,4,79,4,12,98,9,123,102,16,118,241
03/17/2023,SCK,CA,AWP,WE,Towers with Radar,6,5,20,0,31,0,5,54,0,59,6,10,74,0,90,62,0,62,152
03/18/2023,SCK,CA,AWP,WE,Towers with Radar,1,0,14,0,15,0,1,34,0,35,1,1,48,0,50,42,0,42,92
03/19/2023,SCK,CA,AWP,WE,Towers with Radar,4,1,4,0,9,0,1,5,0,6,4,2,9,0,15,0,0,0,15
03/20/2023,SCK,CA,AWP,WE,Towers with Radar,6,2,25,3,36,0,2,21,8,31,6,4,46,11,67,32,10,42,109
03/21/2023,SCK,CA,AWP,WE,Towers with Radar,2,2,13,10,27,0,2,0,0,2,2,4,13,10,29,4,6,10,39
03/22/2023,SCK,CA,AWP,WE,Towers with Radar,4,0,12,0,16,0,1,22,2,25,4,1,34,2,41,62,0,62,103
03/23/2023,SCK,CA,AWP,WE,Towers with Radar,4,0,23,2,29,0,16,38,5,59,4,16,61,7,88,74,2,76,164
03/24/2023,SCK,CA,AWP,WE,Towers with Radar,7,7,16,0,30,0,8,41,4,53,7,15,57,4,83,62,5,67,150
03/25/2023,SCK,CA,AWP,WE,Towers with Radar,2,2,20,1,25,0,2,31,1,34,2,4,51,2,59,6,0,6,65
03/26/2023,SCK,CA,AWP,WE,Towers with Radar,4,1,17,1,23,0,7,38,1,46,4,8,55,2,69,10,0,10,79
03/27/2023,SCK,CA,AWP,WE,Towers with Radar,5,3,23,5,36,0,5,40,1,46,5,8,63,6,82,22,0,22,104
03/28/2023,SCK,CA,AWP,WE,Towers with Radar,2,2,3,4,11,0,0,4,0,4,2,2,7,4,15,2,0,2,17
03/29/2023,SCK,CA,AWP,WE,Towers with Radar,4,3,9,0,16,0,0,2,1,3,4,3,11,1,19,0,0,0,19
03/30/2023,SCK,CA,AWP,WE,Towers with Radar,4,3,35,4,46,0,5,54,3,62,4,8,89,7,108,62,32,94,202
03/31/2023,SCK,CA,AWP,WE,Towers with Radar,7,1,48,3,59,0,0,52,0,52,7,1,100,3,111,50,0,50,161
04/01/2023,SCK,CA,AWP,WE,Towers with Radar,2,0,15,1,18,0,6,30,0,36,2,6,45,1,54,69,0,69,123
04/02/2023,SCK,CA,AWP,WE,Towers with Radar,4,0,24,0,28,0,6,41,0,47,4,6,65,0,75,4,0,4,79
04/03/2023,SCK,CA,AWP,WE,Towers with Radar,7,2,11,6,26,0,6,23,8,37,7,8,34,14,63,22,24,46,109
04/04/2023,SCK,CA,AWP,WE,Towers with Radar,2,5,15,0,22,0,6,56,3,65,2,11,71,3,87,22,6,28,115
04/05/2023,SCK,CA,AWP,WE,Towers with Radar,3,3,18,2,26,0,9,48,4,61,3,12,66,6,87,86,10,96,183
04/06/2023,SCK,CA,AWP,WE,Towers with Radar,5,3,22,1,31,0,9,61,3,73,5,12,83,4,104,16,0,16,120
04/07/2023,SCK,CA,AWP,WE,Towers with Radar,8,0,24,0,32,0,1,37,0,38,8,1,61,0,70,50,0,50,120
04/08/2023,SCK,CA,AWP,WE,Towers with Radar,2,1,12,0,15,0,2,35,2,39,2,3,47,2,54,58,0,58,112
04/09/2023,SCK,CA,AWP,WE,Towers with Radar,5,1,14,0,20,0,3,33,0,36,5,4,47,0,56,56,0,56,112
04/10/2023,SCK,CA,AWP,WE,Towers with Radar,8,3,31,0,42,0,6,42,0,48,8,9,73,0,90,84,0,84,174
04/11/2023,SCK,CA,AWP,WE,Towers with Radar,2,0,48,7,57,0,9,64,3,76,2,9,112,10,133,56,10,66,199
04/12/2023,SCK,CA,AWP,WE,Towers with Radar,4,4,11,9,28,0,8,59,2,69,4,12,70,11,97,78,4,82,179
04/13/2023,SCK,CA,AWP,WE,Towers with Radar,5,0,25,6,36,0,8,47,4,59,5,8,72,10,95,96,24,120,215
04/14/2023,SCK,CA,AWP,WE,Towers with Radar,6,4,35,0,45,0,10,54,0,64,6,14,89,0,109,128,0,128,237
04/15/2023,SCK,CA,AWP,WE,Towers with Radar,2,4,22,0,28,0,12,70,0,82,2,16,92,0,110,102,0,102,212
04/16/2023,SCK,CA,AWP,WE,Towers with Radar,5,5,12,0,22,0,6,22,0,28,5,11,34,0,50,12,0,12,62
04/17/2023,SCK,CA,AWP,WE,Towers with Radar,6,5,14,7,32,0,0,36,1,37,6,5,50,8,69,60,4,64,133
04/18/2023,SCK,CA,AWP,WE,Towers with Radar,2,0,33,5,40,0,4,51,2,57,2,4,84,7,97,56,15,71,168
04/19/2023,SCK,CA,AWP,WE,Towers with Radar,4,2,21,5,32,0,0,56,7,63,4,2,77,12,95,74,36,110,205
04/20/2023,SCK,CA,AWP,WE,Towers with Radar,3,3,20,0,26,1,4,55,3,63,4,7,75,3,89,52,4,56,145
04/21/2023,SCK,CA,AWP,WE,Towers with Radar,6,9,33,9,57,0,5,48,3,56,6,14,81,12,113,94,38,132,245
04/22/2023,SCK,CA,AWP,WE,Towers with Radar,2,1,16,0,19,0,3,30,6,39,2,4,46,6,58,110,1,111,169
04/23/2023,SCK,CA,AWP,WE,Towers with Radar,4,1,23,0,28,0,1,20,7,28,4,2,43,7,56,38,1,39,95
04/24/2023,SCK,CA,AWP,WE,Towers with Radar,6,1,20,0,27,0,4,35,4,43,6,5,55,4,70,54,16,70,140
04/25/2023,SCK,CA,AWP,WE,Towers with Radar,2,4,33,6,45,0,3,37,3,43,2,7,70,9,88,141,54,195,283
04/26/2023,SCK,CA,AWP,WE,Towers with Radar,4,4,21,2,31,0,1,30,0,31,4,5,51,2,62,62,2,64,126
04/27/2023,SCK,CA,AWP,WE,Towers with Radar,5,6,18,2,31,0,3,35,3,41,5,9,53,5,72,112,8,120,192
04/28/2023,SCK,CA,AWP,WE,Towers with Radar,6,2,31,1,40,0,1,47,3,51,6,3,78,4,91,106,28,134,225
04/29/2023,SCK,CA,AWP,WE,Towers with Radar,2,1,23,0,26,0,4,65,0,69,2,5,88,0,95,96,0,96,191
04/30/2023,SCK,CA,AWP,WE,Towers with Radar,5,2,17,0,24,0,1,39,0,40,5,3,56,0,64,30,0,30,94
05/01/2023,SCK,CA,AWP,WE,Towers with Radar,6,4,22,0,32,0,2,14,0,16,6,6,36,0,48,14,0,14,62
05/02/2023,SCK,CA,AWP,WE,Towers with Radar,2,0,16,4,22,0,0,7,1,8,2,0,23,5,30,36,30,66,96
05/03/2023,SCK,CA,AWP,WE,Towers with Radar,4,2,30,4,40,0,4,29,3,36,4,6,59,7,76,54,14,68,144
05/04/2023,SCK,CA,AWP,WE,Towers with Radar,3,2,18,10,33,0,11,36,2,49,3,13,54,12,82,50,28,78,160
05/05/2023,SCK,CA,AWP,WE,Towers with Radar,6,0,29,13,48,0,8,33,1,42,6,8,62,14,90,104,6,110,200
05/06/2023,SCK,CA,AWP,WE,Towers with Radar,4,2,9,1,16,0,3,13,0,16,4,5,22,1,32,46,0,46,78
05/07/2023,SCK,CA,AWP,WE,Towers with Radar,4,0,20,1,25,0,3,36,1,40,4,3,56,2,65,62,0,62,127
05/08/2023,SCK,CA,AWP,WE,Towers with Radar,6,4,31,17,58,0,4,32,7,43,6,8,63,24,101,131,14,145,246
05/09/2023,SCK,CA,AWP,WE,Towers with Radar,2,4,17,3,26,0,0,59,2,61,2,4,76,5,87,106,27,133,220
05/10/2023,SCK,CA,AWP,WE,Towers with Radar,4,5,38,7,54,0,8,56,10,74,4,13,94,17,128,54,0,54,182
05/11/2023,SCK,CA,AWP,WE,Towers with Radar,5,2,16,5,28,0,1,65,10,76,5,3,81,15,104,140,24,164,268
05/12/2023,SCK,CA,AWP,WE,Towers with Radar,6,3,21,2,32,0,8,64,5,77,6,11,85,7,109,56,18,74,183
05/13/2023,SCK,CA,AWP,WE,Towers with Radar,4,2,18,0,24,0,5,41,0,46,4,7,59,0,70,90,0,90,160
05/14/2023,SCK,CA,AWP,WE,Towers with Radar,5,6,18,0,29,0,12,41,0,53,5,18,59,0,82,54,0,54,136
05/15/2023,SCK,CA,AWP,WE,Towers with Radar,6,4,22,9,41,0,1,52,12,65,6,5,74,21,106,84,46,130,236
05/16/2023,SCK,CA,AWP,WE,Towers with Radar,2,3,28,7,40,0,4,63,7,74,2,7,91,14,114,128,42,170,284
05/17/2023,SCK,CA,AWP,WE,Towers with Radar,4,1,19,20,44,0,3,48,7,58,4,4,67,27,102,37,20,57,159
05/18/2023,SCK,CA,AWP,WE,Towers with Radar,4,11,19,2,36,0,4,59,10,73,4,15,78,12,109,74,16,90,199
05/19/2023,SCK,CA,AWP,WE,Towers with Radar,6,4,29,1,40,0,6,38,4,48,6,10,67,5,88,94,18,112,200
05/20/2023,SCK,CA,AWP,WE,Towers with Radar,4,3,19,0,26,0,6,22,3,31,4,9,41,3,57,37,0,37,94
05/21/2023,SCK,CA,AWP,WE,Towers with Radar,6,1,19,0,26,0,3,32,0,35,6,4,51,0,61,10,0,10,71
05/22/2023,SCK,CA,AWP,WE,Towers with Radar,4,4,30,1,39,0,7,41,3,51,4,11,71,4,90,72,8,80,170
05/23/2023,SCK,CA,AWP,WE,Towers with Radar,4,1,31,12,48,0,3,57,7,67,4,4,88,19,115,108,28,136,251
05/24/2023,SCK,CA,AWP,WE,Towers with Radar,2,1,32,3,38,0,6,74,1,81,2,7,106,4,119,122,0,122,241
05/25/2023,SCK,CA,AWP,WE,Towers with Radar,4,3,26,11,44,0,8,50,15,73,4,11,76,26,117,166,24,190,307
05/26/2023,SCK,CA,AWP,WE,Towers with Radar,8,6,25,0,39,0,4,33,0,37,8,10,58,0,76,156,0,156,232
05/27/2023,SCK,CA,AWP,WE,Towers with Radar,3,2,15,0,20,0,6,34,0,40,3,8,49,0,60,22,0,22,82
05/28/2023,SCK,CA,AWP,WE,Towers with Radar,6,5,13,0,24,0,10,36,0,46,6,15,49,0,70,10,0,10,80
05/29/2023,SCK,CA,AWP,WE,Towers with Radar,5,4,21,0,30,0,4,49,0,53,5,8,70,0,83,145,0,145,228
05/30/2023,SCK,CA,AWP,WE,Towers with Radar,4,11,23,2,40,0,10,35,6,51,4,21,58,8,91,134,4,138,229
05/31/2023,SCK,CA,AWP,WE,Towers with Radar,2,7,23,2,34,0,7,50,2,59,2,14,73,4,93,168,28,196,289
06/01/2023,SCK,CA,AWP,WE,Towers with Radar,4,5,27,7,43,0,5,64,4,73,4,10,91,11,116,156,0,156,272
06/02/2023,SCK,CA,AWP,WE,Towers with Radar,6,5,22,2,35,0,1,59,3,63,6,6,81,5,98,94,4,98,196
06/03/2023,SCK,CA,AWP,WE,Towers with Radar,4,4,17,0,25,0,12,52,6,70,4,16,69,6,95,40,4,44,139
06/04/2023,SCK,CA,AWP,WE,Towers with Radar,6,4,21,3,34,0,3,26,4,33,6,7,47,7,67,34,8,42,109
06/05/2023,SCK,CA,AWP,WE,Towers with Radar,5,1,47,4,57,0,1,57,2,60,5,2,104,6,117,62,0,62,179
06/06/2023,SCK,CA,AWP,WE,Towers with Radar,6,0,33,5,44,0,1,57,1,59,6,1,90,6,103,151,2,153,256
06/07/2023,SCK,CA,AWP,WE,Towers with Radar,2,7,34,6,49,0,7,72,5,84,2,14,106,11,133,100,12,112,245
06/08/2023,SCK,CA,AWP,WE,Towers with Radar,4,2,32,2,40,0,5,53,1,59,4,7,85,3,99,62,2,64,163
06/09/2023,SCK,CA,AWP,WE,Towers with Radar,6,8,39,2,55,0,9,53,2,64,6,17,92,4,119,26,0,26,145
06/10/2023,SCK,CA,AWP,WE,Towers with Radar,4,0,17,1,22,0,4,27,5,36,4,4,44,6,58,12,0,12,70
06/11/2023,SCK,CA,AWP,WE,Towers with Radar,5,8,18,0,31,0,5,34,10,49,5,13,52,10,80,89,0,89,169
06/12/2023,SCK,CA,AWP,WE,Towers with Radar,4,6,26,8,44,0,0,38,6,44,4,6,64,14,88,64,20,84,172
06/13/2023,SCK,CA,AWP,WE,Towers with Radar,4,2,37,7,50,0,7,69,6,82,4,9,106,13,132,117,11,128,260
06/14/2023,SCK,CA,AWP,WE,Towers with Radar,2,2,33,2,39,0,4,71,0,75,2,6,104,2,114,68,0,68,182
06/15/2023,SCK,CA,AWP,WE,Towers with Radar,4,6,24,0,34,0,3,73,0,76,4,9,97,0,110,141,0,141,251
06/16/2023,SCK,CA,AWP,WE,Towers with Radar,7,7,23,0,37,0,1,54,0,55,7,8,77,0,92,58,0,58,150
06/17/2023,SCK,CA,AWP,WE,Towers with Radar,4,0,19,0,23,0,5,30,0,35,4,5,49,0,58,30,0,30,88
06/18/2023,SCK,CA,AWP,WE,Towers with Radar,6,2,8,0,16,0,6,32,0,38,6,8,40,0,54,24,0,24,78
06/19/2023,SCK,CA,AWP,WE,Towers with Radar,5,2,32,0,39,0,2,65,0,67,5,4,97,0,106,116,0,116,222
06/20/2023,SCK,CA,AWP,WE,Towers with Radar,4,2,19,2,27,0,10,60,1,71,4,12,79,3,98,78,8,86,184
06/21/2023,SCK,CA,AWP,WE,Towers with Radar,2,5,31,4,42,0,3,66,4,73,2,8,97,8,115,90,2,92,207
06/22/2023,SCK,CA,AWP,WE,Towers with Radar,4,0,36,0,40,0,5,53,7,65,4,5,89,7,105,68,6,74,179
06/23/2023,SCK,CA,AWP,WE,Towers with Radar,7,0,37,0,44,0,3,49,4,56,7,3,86,4,100,60,0,60,160
06/24/2023,SCK,CA,AWP,WE,Towers with Radar,5,5,30,0,40,0,1,34,0,35,5,6,64,0,75,44,0,44,119
06/25/2023,SCK,CA,AWP,WE,Towers with Radar,6,0,14,0,20,0,11,53,0,64,6,11,67,0,84,52,0,52,136
06/26/2023,SCK,CA,AWP,WE,Towers with Radar,5,0,18,2,25,0,4,38,5,47,5,4,56,7,72,85,5,90,162
06/27/2023,SCK,CA,AWP,WE,Towers with Radar,4,2,34,5,45,0,2,66,4,72,4,4,100,9,117,85,22,107,224
06/28/2023,SCK,CA,AWP,WE,Towers with Radar,2,2,33,3,40,0,0,78,1,79,2,2,111,4,119,54,11,65,184
06/29/2023,SCK,CA,AWP,WE,Towers with Radar,4,7,27,3,41,0,1,69,1,71,4,8,96,4,112,70,0,70,182
06/30/2023,SCK,CA,AWP,WE,Towers with Radar,6,2,27,6,41,0,2,38,0,40,6,4,65,6,81,42,0,42,123
07/01/2023,SCK,CA,AWP,WE,Towers with Radar,4,0,11,0,15,0,6,36,0,42,4,6,47,0,57,30,0,30,87
07/02/2023,SCK,CA,AWP,WE,Towers with Radar,7,2,12,0,21,0,5,39,0,44,7,7,51,0,65,56,0,56,121
07/03/2023,SCK,CA,AWP,WE,Towers with Radar,5,5,19,0,29,0,3,60,0,63,5,8,79,0,92,78,0,78,170
07/04/2023,SCK,CA,AWP,WE,Towers with Radar,2,8,19,0,29,0,3,62,0,65,2,11,81,0,94,48,0,48,142
07/05/2023,SCK,CA,AWP,WE,Towers with Radar,2,0,38,4,44,0,0,65,8,73,2,0,103,12,117,92,2,94,211
07/06/2023,SCK,CA,AWP,WE,Towers with Radar,4,3,25,2,34,0,3,69,2,74,4,6,94,4,108,118,8,126,234
07/07/2023,SCK,CA,AWP,WE,Towers with Radar,7,0,51,0,58,0,4,82,1,87,7,4,133,1,145,113,0,113,258
07/08/2023,SCK,CA,AWP,WE,Towers with Radar,4,0,18,0,22,0,0,49,0,49,4,0,67,0,71,76,0,76,147
07/09/2023,SCK,CA,AWP,WE,Towers with Radar,6,0,11,0,17,0,6,52,0,58,6,6,63,0,75,104,0,104,179
07/10/2023,SCK,CA,AWP,WE,Towers with Radar,5,5,32,4,46,0,4,63,0,67,5,9,95,4,113,166,9,175,288
07/11/2023,SCK,CA,AWP,WE,Towers with Radar,4,4,18,3,29,0,4,58,1,63,4,8,76,4,92,248,2,250,342
07/12/2023,SCK,CA,AWP,WE,Towers with Radar,4,1,30,2,37,0,4,74,3,81,4,5,104,5,118,292,14,306,424
07/13/2023,SCK,CA,AWP,WE,Towers with Radar,4,1,25,3,33,0,4,54,2,60,4,5,79,5,93,178,4,182,275
07/14/2023,SCK,CA,AWP,WE,Towers with Radar,7,9,20,1,37,0,5,37,3,45,7,14,57,4,82,192,2,194,276
07/15/2023,SCK,CA,AWP,WE,Towers with Radar,4,1,16,0,21,0,4,37,2,43,4,5,53,2,64,184,0,184,248
07/16/2023,SCK,CA,AWP,WE,Towers with Radar,6,4,9,0,19,0,2,31,0,33,6,6,40,0,52,0,0,0,52
07/17/2023,SCK,CA,AWP,WE,Towers with Radar,5,3,19,0,27,0,5,44,0,49,5,8,63,0,76,214,1,215,291
07/18/2023,SCK,CA,AWP,WE,Towers with Radar,4,4,23,2,33,0,5,44,0,49,4,9,67,2,82,297,0,297,379
07/19/2023,SCK,CA,AWP,WE,Towers with Radar,4,1,28,2,35,0,4,70,5,79,4,5,98,7,114,306,4,310,424
07/20/2023,SCK,CA,AWP,WE,Towers with Radar,4,5,24,0,33,0,1,77,4,82,4,6,101,4,115,294,4,298,413
07/21/2023,SCK,CA,AWP,WE,Towers with Radar,6,0,25,0,31,0,0,61,0,61,6,0,86,0,92,254,0,254,346
07/22/2023,SCK,CA,AWP,WE,Towers with Radar,4,0,14,0,18,0,5,31,0,36,4,5,45,0,54,156,0,156,210
07/23/2023,SCK,CA,AWP,WE,Towers with Radar,6,2,17,0,25,0,4,44,0,48,6,6,61,0,73,68,0,68,141
07/24/2023,SCK,CA,AWP,WE,Towers with Radar,5,1,16,1,23,0,2,48,1,51,5,3,64,2,74,296,0,296,370
07/25/2023,SCK,CA,AWP,WE,Towers with Radar,4,11,13,1,29,0,4,144,0,148,4,15,157,1,177,161,0,161,338
07/26/2023,SCK,CA,AWP,WE,Towers with Radar,4,8,26,4,42,0,9,64,3,76,4,17,90,7,118,288,12,300,418
07/27/2023,SCK,CA,AWP,WE,Towers with Radar,4,4,19,2,29,0,3,78,3,84,4,7,97,5,113,316,8,324,437
07/28/2023,SCK,CA,AWP,WE,Towers with Radar,8,3,17,0,28,0,6,64,5,75,8,9,81,5,103,162,0,162,265
07/29/2023,SCK,CA,AWP,WE,Towers with Radar,4,5,14,0,23,0,3,60,0,63,4,8,74,0,86,116,0,116,202
07/30/2023,SCK,CA,AWP,WE,Towers with Radar,6,4,15,0,25,0,3,21,1,25,6,7,36,1,50,10,0,10,60
07/31/2023,SCK,CA,AWP,WE,Towers with Radar,5,0,18,4,27,0,21,49,2,72,5,21,67,6,99,230,4,234,333
08/01/2023,SCK,CA,AWP,WE,Towers with Radar,4,2,34,0,40,1,9,80,7,97,5,11,114,7,137,193,7,200,337
08/02/2023,SCK,CA,AWP,WE,Towers with Radar,3,1,46,1,51,0,5,104,2,111,3,6,150,3,162,176,0,176,338
08/03/2023,SCK,CA,AWP,WE,Towers with Radar,4,2,15,7,28,0,1,56,0,57,4,3,71,7,85,182,0,182,267
08/04/2023,SCK,CA,AWP,WE,Towers with Radar,8,3,16,0,27,0,2,69,2,73,8,5,85,2,100,150,2,152,252
08/05/2023,SCK,CA,AWP,WE,Towers with Radar,2,0,11,1,14,0,4,48,6,58,2,4,59,7,72,102,4,106,178
08/06/2023,SCK,CA,AWP,WE,Towers with Radar,6,5,13,0,24,0,1,29,3,33,6,6,42,3,57,8,2,10,67
08/07/2023,SCK,CA,AWP,WE,Towers with Radar,5,0,20,2,27,0,6,59,1,66,5,6,79,3,93,144,0,144,237
08/08/2023,SCK,CA,AWP,WE,Towers with Radar,2,2,24,6,34,0,12,71,0,83,2,14,95,6,117,250,0,250,367
08/09/2023,SCK,CA,AWP,WE,Towers with Radar,4,4,25,0,33,0,4,92,9,105,4,8,117,9,138,254,3,257,395
08/10/2023,SCK,CA,AWP,WE,Towers with Radar,4,3,28,1,36,0,3,93,0,96,4,6,121,1,132,256,0,256,388
08/11/2023,SCK,CA,AWP,WE,Towers with Radar,8,3,23,1,35,0,3,74,2,79,8,6,97,3,114,176,0,176,290
08/12/2023,SCK,CA,AWP,WE,Towers with Radar,3,2,25,0,30,0,2,50,0,52,3,4,75,0,82,130,0,130,212
08/13/2023,SCK,CA,AWP,WE,Towers with Radar,4,6,19,0,29,0,3,22,0,25,4,9,41,0,54,12,0,12,66
08/14/2023,SCK,CA,AWP,WE,Towers with Radar,5,1,22,0,28,0,4,47,2,53,5,5,69,2,81,114,18,132,213
08/15/2023,SCK,CA,AWP,WE,Towers with Radar,2,6,19,4,31,0,2,54,1,57,2,8,73,5,88,122,2,124,212
08/16/2023,SCK,CA,AWP,WE,Towers with Radar,4,10,24,5,43,0,0,57,4,61,4,10,81,9,104,90,34,124,228
08/17/2023,SCK,CA,AWP,WE,Towers with Radar,4,3,31,0,38,0,3,61,0,64,4,6,92,0,102,52,0,52,154
08/18/2023,SCK,CA,AWP,WE,Towers with Radar,6,2,23,0,31,0,5,63,2,70,6,7,86,2,101,96,2,98,199
08/19/2023,SCK,CA,AWP,WE,Towers with Radar,2,2,8,0,12,0,12,39,0,51,2,14,47,0,63,38,0,38,101
08/20/2023,SCK,CA,AWP,WE,Towers with Radar,5,0,25,0,30,0,2,38,0,40,5,2,63,0,70,20,0,20,90
08/21/2023,SCK,CA,AWP,WE,Towers with Radar,5,2,14,2,23,0,7,28,1,36,5,9,42,3,59,42,0,42,101
08/22/2023,SCK,CA,AWP,WE,Towers with Radar,2,2,32,3,39,0,2,64,7,73,2,4,96,10,112,98,12,110,222
08/23/2023,SCK,CA,AWP,WE,Towers with Radar,4,4,27,5,40,0,4,60,3,67,4,8,87,8,107,92,2,94,201
08/24/2023,SCK,CA,AWP,WE,Towers with Radar,4,5,23,4,36,0,4,85,0,89,4,9,108,4,125,110,8,118,243
08/25/2023,SCK,CA,AWP,WE,Towers with Radar,7,7,41,0,55,0,7,75,1,83,7,14,116,1,138,74,0,74,212
08/26/2023,SCK,CA,AWP,WE,Towers with Radar,3,2,16,0,21,0,7,35,0,42,3,9,51,0,63,52,0,52,115
08/27/2023,SCK,CA,AWP,WE,Towers with Radar,6,0,15,0,21,0,2,53,0,55,6,2,68,0,76,48,0,48,124
08/28/2023,SCK,CA,AWP,WE,Towers with Radar,4,4,22,3,33,0,1,57,7,65,4,5,79,10,98,56,2,58,156
08/29/2023,SCK,CA,AWP,WE,Towers with Radar,2,0,26,1,29,0,2,72,6,80,2,2,98,7,109,64,18,82,191
08/30/2023,SCK,CA,AWP,WE,Towers with Radar,4,7,24,7,42,0,8,53,18,79,4,15,77,25,121,82,22,104,225
08/31/2023,SCK,CA,AWP,WE,Towers with Radar,5,4,24,2,35,0,5,61,5,71,5,9,85,7,106,97,0,97,203
