01/01/2020,SDF,KY,ASO,CE,Combined TRACON& Tower with Radar,190,29,7,0,226,0,0,2,0,2,190,29,9,0,228,0,0,0,228
01/02/2020,SDF,KY,ASO,CE,Combined TRACON& Tower with Radar,476,59,14,2,551,0,0,0,0,0,476,59,14,2,551,0,0,0,551
01/03/2020,SDF,KY,ASO,CE,Combined TRACON& Tower with Radar,428,78,8,1,515,0,0,0,0,0,428,78,8,1,515,0,0,0,515
01/04/2020,SDF,KY,ASO,CE,Combined TRACON& Tower with Radar,307,57,13,1,378,0,1,2,0,3,307,58,15,1,381,0,0,0,381
01/05/2020,SDF,KY,ASO,CE,Combined TRACON& Tower with Radar,257,52,17,0,326,0,3,18,0,21,257,55,35,0,347,0,0,0,347
01/06/2020,SDF,KY,ASO,CE,Combined TRACON& Tower with Radar,248,53,12,0,313,0,3,9,0,12,248,56,21,0,325,8,0,8,333
01/07/2020,SDF,KY,ASO,CE,Combined TRACON& Tower with Radar,518,70,29,3,620,0,2,9,2,13,518,72,38,5,633,0,0,0,633
01/08/2020,SDF,KY,ASO,CE,Combined TRACON& Tower with Radar,509,69,13,4,595,0,6,3,1,10,509,75,16,5,605,0,0,0,605
01/09/2020,SDF,KY,ASO,CE,Combined TRACON& Tower with Radar,497,64,22,2,585,0,0,6,0,6,497,64,28,2,591,0,0,0,591
01/10/2020,SDF,KY,ASO,CE,Combined TRACON& Tower with Radar,416,65,14,0,495,0,0,1,0,1,416,65,15,0,496,0,0,0,496
01/11/2020,SDF,KY,ASO,CE,Combined TRACON& Tower with Radar,258,49,1,0,308,0,0,0,0,0,258,49,1,0,308,0,0,0,308
01/12/2020,SDF,KY,ASO,CE,Combined TRACON& Tower with Radar,226,39,7,1,273,0,2,4,4,10,226,41,11,5,283,0,0,0,283
01/13/2020,SDF,KY,ASO,CE,Combined TRACON& Tower with Radar,227,44,15,8,294,0,2,5,9,16,227,46,20,17,310,0,0,0,310
01/14/2020,SDF,KY,ASO,CE,Combined TRACON& Tower with Radar,519,58,28,6,611,0,0,4,5,9,519,58,32,11,620,0,0,0,620
01/15/2020,SDF,KY,ASO,CE,Combined TRACON& Tower with Radar,493,77,40,1,611,0,0,1,1,2,493,77,41,2,613,0,0,0,613
01/16/2020,SDF,KY,ASO,CE,Combined TRACON& Tower with Radar,494,68,25,5,592,0,3,8,0,11,494,71,33,5,603,0,0,0,603
01/17/2020,SDF,KY,ASO,CE,Combined TRACON& Tower with Radar,410,69,13,3,495,0,2,3,1,6,410,71,16,4,501,0,0,0,501
01/18/2020,SDF,KY,ASO,CE,Combined TRACON& Tower with Radar,254,45,11,0,310,0,2,2,0,4,254,47,13,0,314,0,0,0,314
01/19/2020,SDF,KY,ASO,CE,Combined TRACON& Tower with Radar,204,32,6,0,242,0,2,0,0,2,204,34,6,0,244,0,0,0,244
01/20/2020,SDF,KY,ASO,CE,Combined TRACON& Tower with Radar,226,45,10,0,281,0,0,1,0,1,226,45,11,0,282,0,0,0,282
01/21/2020,SDF,KY,ASO,CE,Combined TRACON& Tower with Radar,504,61,23,5,593,0,0,3,2,5,504,61,26,7,598,0,34,34,632
01/22/2020,SDF,KY,ASO,CE,Combined TRACON& Tower with Radar,485,71,18,5,579,0,5,6,3,14,485,76,24,8,593,0,0,0,593
01/23/2020,SDF,KY,ASO,CE,Combined TRACON& Tower with Radar,487,66,14,8,575,0,2,3,0,5,487,68,17,8,580,0,0,0,580
01/24/2020,SDF,KY,ASO,CE,Combined TRACON& Tower with Radar,416,61,18,2,497,0,0,0,0,0,416,61,18,2,497,0,0,0,497
01/25/2020,SDF,KY,ASO,CE,Combined TRACON& Tower with Radar,248,48,9,4,309,0,0,0,0,0,248,48,9,4,309,0,0,0,309
01/26/2020,SDF,KY,ASO,CE,Combined TRACON& Tower with Radar,216,44,13,2,275,0,2,9,0,11,216,46,22,2,286,0,0,0,286
01/27/2020,SDF,KY,ASO,CE,Combined TRACON& Tower with Radar,227,47,10,0,284,0,0,0,0,0,227,47,10,0,284,0,0,0,284
01/28/2020,SDF,KY,ASO,CE,Combined TRACON& Tower with Radar,496,63,17,3,579,0,4,4,14,22,496,67,21,17,601,0,0,0,601
01/29/2020,SDF,KY,ASO,CE,Combined TRACON& Tower with Radar,477,60,13,3,553,0,0,2,24,26,477,60,15,27,579,0,0,0,579
01/30/2020,SDF,KY,ASO,CE,Combined TRACON& Tower with Radar,502,62,21,2,587,0,3,9,6,18,502,65,30,8,605,0,2,2,607
01/31/2020,SDF,KY,ASO,CE,Combined TRACON& Tower with Radar,405,60,19,2,486,0,0,0,0,0,405,60,19,2,486,0,0,0,486
02/01/2020,SDF,KY,ASO,CE,Combined TRACON& Tower with Radar,253,44,7,1,305,0,0,5,0,5,253,44,12,1,310,0,0,0,310
02/02/2020,SDF,KY,ASO,CE,Combined TRACON& Tower with Radar,200,38,4,1,243,0,4,7,0,11,200,42,11,1,254,0,0,0,254
02/03/2020,SDF,KY,ASO,CE,Combined TRACON& Tower with Radar,226,43,20,7,296,0,2,12,1,15,226,45,32,8,311,0,0,0,311
02/04/2020,SDF,KY,ASO,CE,Combined TRACON& Tower with Radar,496,74,20,3,593,0,1,0,0,1,496,75,20,3,594,0,0,0,594
02/05/2020,SDF,KY,ASO,CE,Combined TRACON& Tower with Radar,484,45,23,2,554,0,0,0,0,0,484,45,23,2,554,0,0,0,554
02/06/2020,SDF,KY,ASO,CE,Combined TRACON& Tower with Radar,485,70,24,16,595,0,0,0,0,0,485,70,24,16,595,0,0,0,595
02/07/2020,SDF,KY,ASO,CE,Combined TRACON& Tower with Radar,411,62,12,6,491,0,2,3,0,5,411,64,15,6,496,0,0,0,496
02/08/2020,SDF,KY,ASO,CE,Combined TRACON& Tower with Radar,249,46,8,0,303,0,0,1,0,1,249,46,9,0,304,0,0,0,304
02/09/2020,SDF,KY,ASO,CE,Combined TRACON& Tower with Radar,216,38,10,3,267,0,3,8,1,12,216,41,18,4,279,0,0,0,279
02/10/2020,SDF,KY,ASO,CE,Combined TRACON& Tower with Radar,221,40,17,1,279,0,0,0,0,0,221,40,17,1,279,0,0,0,279
02/11/2020,SDF,KY,ASO,CE,Combined TRACON& Tower with Radar,510,68,30,6,614,0,1,4,6,11,510,69,34,12,625,0,0,0,625
02/12/2020,SDF,KY,ASO,CE,Combined TRACON& Tower with Radar,504,57,49,3,613,0,1,1,0,2,504,58,50,3,615,0,0,0,615
02/13/2020,SDF,KY,ASO,CE,Combined TRACON& Tower with Radar,538,79,48,4,669,0,2,0,0,2,538,81,48,4,671,0,0,0,671
02/14/2020,SDF,KY,ASO,CE,Combined TRACON& Tower with Radar,423,76,43,3,545,0,2,5,1,8,423,78,48,4,553,0,0,0,553
02/15/2020,SDF,KY,ASO,CE,Combined TRACON& Tower with Radar,261,56,20,0,337,0,3,9,0,12,261,59,29,0,349,0,0,0,349
02/16/2020,SDF,KY,ASO,CE,Combined TRACON& Tower with Radar,206,43,13,0,262,0,5,8,0,13,206,48,21,0,275,0,0,0,275
02/17/2020,SDF,KY,ASO,CE,Combined TRACON& Tower with Radar,212,56,31,0,299,0,6,0,0,6,212,62,31,0,305,0,0,0,305
02/18/2020,SDF,KY,ASO,CE,Combined TRACON& Tower with Radar,495,68,24,3,590,0,0,2,2,4,495,68,26,5,594,0,0,0,594
02/19/2020,SDF,KY,ASO,CE,Combined TRACON& Tower with Radar,494,69,32,10,605,0,0,18,0,18,494,69,50,10,623,0,0,0,623
02/20/2020,SDF,KY,ASO,CE,Combined TRACON& Tower with Radar,479,70,27,15,591,0,4,7,1,12,479,74,34,16,603,22,0,22,625
02/21/2020,SDF,KY,ASO,CE,Combined TRACON& Tower with Radar,398,70,18,8,494,0,2,10,2,14,398,72,28,10,508,16,0,16,524
02/22/2020,SDF,KY,ASO,CE,Combined TRACON& Tower with Radar,259,62,10,10,341,0,3,21,0,24,259,65,31,10,365,0,0,0,365
02/23/2020,SDF,KY,ASO,CE,Combined TRACON& Tower with Radar,210,43,19,7,279,0,0,5,1,6,210,43,24,8,285,0,0,0,285
02/24/2020,SDF,KY,ASO,CE,Combined TRACON& Tower with Radar,216,49,15,1,281,0,0,0,0,0,216,49,15,1,281,0,0,0,281
02/25/2020,SDF,KY,ASO,CE,Combined TRACON& Tower with Radar,502,75,19,10,606,0,0,1,0,1,502,75,20,10,607,0,0,0,607
02/26/2020,SDF,KY,ASO,CE,Combined TRACON& Tower with Radar,480,68,27,3,578,0,0,0,0,0,480,68,27,3,578,0,0,0,578
02/27/2020,SDF,KY,ASO,CE,Combined TRACON& Tower with Radar,485,59,36,6,586,0,0,4,4,8,485,59,40,10,594,0,0,0,594
02/28/2020,SDF,KY,ASO,CE,Combined TRACON& Tower with Radar,390,71,29,2,492,0,2,1,2,5,390,73,30,4,497,0,0,0,497
02/29/2020,SDF,KY,ASO,CE,Combined TRACON& Tower with Radar,260,53,11,0,324,0,5,9,0,14,260,58,20,0,338,4,0,4,342
03/01/2020,SDF,KY,ASO,CE,Combined TRACON& Tower with Radar,209,37,9,5,260,0,3,4,0,7,209,40,13,5,267,0,0,0,267
03/02/2020,SDF,KY,ASO,CE,Combined TRACON& Tower with Radar,216,61,13,1,291,0,3,2,1,6,216,64,15,2,297,0,0,0,297
03/03/2020,SDF,KY,ASO,CE,Combined TRACON& Tower with Radar,498,65,23,3,589,0,2,6,1,9,498,67,29,4,598,0,0,0,598
03/04/2020,SDF,KY,ASO,CE,Combined TRACON& Tower with Radar,480,70,27,7,584,0,9,9,5,23,480,79,36,12,607,0,0,0,607
03/05/2020,SDF,KY,ASO,CE,Combined TRACON& Tower with Radar,487,62,20,9,578,0,0,14,7,21,487,62,34,16,599,0,0,0,599
03/06/2020,SDF,KY,ASO,CE,Combined TRACON& Tower with Radar,403,66,15,9,493,0,2,0,2,4,403,68,15,11,497,0,0,0,497
03/07/2020,SDF,KY,ASO,CE,Combined TRACON& Tower with Radar,264,47,9,3,323,0,2,2,11,15,264,49,11,14,338,0,0,0,338
03/08/2020,SDF,KY,ASO,CE,Combined TRACON& Tower with Radar,227,50,13,0,290,0,3,4,2,9,227,53,17,2,299,10,0,10,309
03/09/2020,SDF,KY,ASO,CE,Combined TRACON& Tower with Radar,227,39,23,7,296,0,2,0,1,3,227,41,23,8,299,0,0,0,299
03/10/2020,SDF,KY,ASO,CE,Combined TRACON& Tower with Radar,512,62,29,18,621,0,2,1,1,4,512,64,30,19,625,0,0,0,625
03/11/2020,SDF,KY,ASO,CE,Combined TRACON& Tower with Radar,491,70,20,9,590,0,2,6,10,18,491,72,26,19,608,0,12,12,620
03/12/2020,SDF,KY,ASO,CE,Combined TRACON& Tower with Radar,478,58,25,3,564,0,4,0,2,6,478,62,25,5,570,0,0,0,570
03/13/2020,SDF,KY,ASO,CE,Combined TRACON& Tower with Radar,411,66,15,4,496,0,7,10,0,17,411,73,25,4,513,0,0,0,513
03/14/2020,SDF,KY,ASO,CE,Combined TRACON& Tower with Radar,268,49,2,9,328,0,0,0,0,0,268,49,2,9,328,0,0,0,328
03/15/2020,SDF,KY,ASO,CE,Combined TRACON& Tower with Radar,218,51,7,1,277,0,1,2,0,3,218,52,9,1,280,0,0,0,280
03/16/2020,SDF,KY,ASO,CE,Combined TRACON& Tower with Radar,236,40,13,0,289,0,0,2,0,2,236,40,15,0,291,0,0,0,291
03/17/2020,SDF,KY,ASO,CE,Combined TRACON& Tower with Radar,499,58,12,0,569,0,2,3,0,5,499,60,15,0,574,0,0,0,574
03/18/2020,SDF,KY,ASO,CE,Combined TRACON& Tower with Radar,489,54,9,0,552,0,1,0,0,1,489,55,9,0,553,0,0,0,553
03/19/2020,SDF,KY,ASO,CE,Combined TRACON& Tower with Radar,477,58,8,0,543,0,0,0,0,0,477,58,8,0,543,0,0,0,543
03/20/2020,SDF,KY,ASO,CE,Combined TRACON& Tower with Radar,392,49,15,2,458,0,3,5,6,14,392,52,20,8,472,0,0,0,472
03/21/2020,SDF,KY,ASO,CE,Combined TRACON& Tower with Radar,265,44,3,0,312,0,2,1,1,4,265,46,4,1,316,0,0,0,316
03/22/2020,SDF,KY,ASO,CE,Combined TRACON& Tower with Radar,189,37,3,0,229,0,0,5,0,5,189,37,8,0,234,0,0,0,234
03/23/2020,SDF,KY,ASO,CE,Combined TRACON& Tower with Radar,187,32,2,0,221,0,0,2,0,2,187,32,4,0,223,10,0,10,233
03/24/2020,SDF,KY,ASO,CE,Combined TRACON& Tower with Radar,463,42,5,3,513,0,0,2,0,2,463,42,7,3,515,0,0,0,515
03/25/2020,SDF,KY,ASO,CE,Combined TRACON& Tower with Radar,444,50,8,4,506,0,4,6,1,11,444,54,14,5,517,0,0,0,517
03/26/2020,SDF,KY,ASO,CE,Combined TRACON& Tower with Radar,422,42,1,2,467,0,1,2,1,4,422,43,3,3,471,0,0,0,471
03/27/2020,SDF,KY,ASO,CE,Combined TRACON& Tower with Radar,342,44,8,2,396,0,3,1,0,4,342,47,9,2,400,0,0,0,400
03/28/2020,SDF,KY,ASO,CE,Combined TRACON& Tower with Radar,239,34,8,0,281,0,4,4,0,8,239,38,12,0,289,0,0,0,289
03/29/2020,SDF,KY,ASO,CE,Combined TRACON& Tower with Radar,159,23,4,0,186,0,3,0,0,3,159,26,4,0,189,0,0,0,189
03/30/2020,SDF,KY,ASO,CE,Combined TRACON& Tower with Radar,184,31,6,0,221,0,0,11,0,11,184,31,17,0,232,0,0,0,232
03/31/2020,SDF,KY,ASO,CE,Combined TRACON& Tower with Radar,438,41,2,4,485,0,0,4,0,4,438,41,6,4,489,0,0,0,489
04/01/2020,SDF,KY,ASO,CE,Combined TRACON& Tower with Radar,439,34,6,1,480,0,0,6,2,8,439,34,12,3,488,0,0,0,488
04/02/2020,SDF,KY,ASO,CE,Combined TRACON& Tower with Radar,422,28,6,0,456,0,5,15,0,20,422,33,21,0,476,0,0,0,476
04/03/2020,SDF,KY,ASO,CE,Combined TRACON& Tower with Radar,333,31,6,0,370,0,4,14,0,18,333,35,20,0,388,0,0,0,388
04/04/2020,SDF,KY,ASO,CE,Combined TRACON& Tower with Radar,211,35,2,0,248,0,4,16,0,20,211,39,18,0,268,4,0,4,272
04/05/2020,SDF,KY,ASO,CE,Combined TRACON& Tower with Radar,159,6,0,2,167,0,0,4,0,4,159,6,4,2,171,4,0,4,175
04/06/2020,SDF,KY,ASO,CE,Combined TRACON& Tower with Radar,165,16,7,0,188,0,3,12,0,15,165,19,19,0,203,0,0,0,203
04/07/2020,SDF,KY,ASO,CE,Combined TRACON& Tower with Radar,439,23,7,0,469,0,0,6,0,6,439,23,13,0,475,0,0,0,475
04/08/2020,SDF,KY,ASO,CE,Combined TRACON& Tower with Radar,394,23,7,6,430,0,2,16,4,22,394,25,23,10,452,0,0,0,452
04/09/2020,SDF,KY,ASO,CE,Combined TRACON& Tower with Radar,444,31,0,0,475,0,2,0,0,2,444,33,0,0,477,0,0,0,477
04/10/2020,SDF,KY,ASO,CE,Combined TRACON& Tower with Radar,335,26,5,0,366,0,0,2,0,2,335,26,7,0,368,0,0,0,368
04/11/2020,SDF,KY,ASO,CE,Combined TRACON& Tower with Radar,194,21,3,0,218,0,2,4,0,6,194,23,7,0,224,0,0,0,224
04/12/2020,SDF,KY,ASO,CE,Combined TRACON& Tower with Radar,140,6,2,0,148,0,7,0,0,7,140,13,2,0,155,0,0,0,155
04/13/2020,SDF,KY,ASO,CE,Combined TRACON& Tower with Radar,154,12,5,0,171,0,0,1,0,1,154,12,6,0,172,0,0,0,172
04/14/2020,SDF,KY,ASO,CE,Combined TRACON& Tower with Radar,426,24,2,0,452,0,1,10,0,11,426,25,12,0,463,0,0,0,463
04/15/2020,SDF,KY,ASO,CE,Combined TRACON& Tower with Radar,404,27,3,8,442,0,5,3,0,8,404,32,6,8,450,0,0,0,450
04/16/2020,SDF,KY,ASO,CE,Combined TRACON& Tower with Radar,401,29,5,2,437,0,0,9,0,9,401,29,14,2,446,0,0,0,446
04/17/2020,SDF,KY,ASO,CE,Combined TRACON& Tower with Radar,312,24,8,0,344,0,0,3,0,3,312,24,11,0,347,0,0,0,347
04/18/2020,SDF,KY,ASO,CE,Combined TRACON& Tower with Radar,206,22,4,0,232,0,0,13,0,13,206,22,17,0,245,12,2,14,259
04/19/2020,SDF,KY,ASO,CE,Combined TRACON& Tower with Radar,130,7,1,0,138,0,0,4,0,4,130,7,5,0,142,0,0,0,142
04/20/2020,SDF,KY,ASO,CE,Combined TRACON& Tower with Radar,147,9,3,4,163,0,6,7,0,13,147,15,10,4,176,24,0,24,200
04/21/2020,SDF,KY,ASO,CE,Combined TRACON& Tower with Radar,420,24,5,0,449,0,0,17,0,17,420,24,22,0,466,32,0,32,498
04/22/2020,SDF,KY,ASO,CE,Combined TRACON& Tower with Radar,396,22,4,5,427,0,7,14,0,21,396,29,18,5,448,0,0,0,448
04/23/2020,SDF,KY,ASO,CE,Combined TRACON& Tower with Radar,389,28,5,4,426,0,2,1,0,3,389,30,6,4,429,0,0,0,429
04/24/2020,SDF,KY,ASO,CE,Combined TRACON& Tower with Radar,320,32,7,2,361,0,2,6,0,8,320,34,13,2,369,0,0,0,369
04/25/2020,SDF,KY,ASO,CE,Combined TRACON& Tower with Radar,192,27,3,0,222,0,0,1,0,1,192,27,4,0,223,0,0,0,223
04/26/2020,SDF,KY,ASO,CE,Combined TRACON& Tower with Radar,131,10,6,0,147,0,0,0,0,0,131,10,6,0,147,0,0,0,147
04/27/2020,SDF,KY,ASO,CE,Combined TRACON& Tower with Radar,145,12,3,0,160,0,10,5,0,15,145,22,8,0,175,0,0,0,175
04/28/2020,SDF,KY,ASO,CE,Combined TRACON& Tower with Radar,420,28,4,3,455,0,5,0,1,6,420,33,4,4,461,6,0,6,467
04/29/2020,SDF,KY,ASO,CE,Combined TRACON& Tower with Radar,405,30,3,0,438,0,2,1,0,3,405,32,4,0,441,0,0,0,441
04/30/2020,SDF,KY,ASO,CE,Combined TRACON& Tower with Radar,394,27,7,1,429,0,2,2,2,6,394,29,9,3,435,0,0,0,435
05/01/2020,SDF,KY,ASO,CE,Combined TRACON& Tower with Radar,335,32,5,1,373,0,2,15,1,18,335,34,20,2,391,0,0,0,391
05/02/2020,SDF,KY,ASO,CE,Combined TRACON& Tower with Radar,190,30,3,0,223,0,7,12,0,19,190,37,15,0,242,0,0,0,242
05/03/2020,SDF,KY,ASO,CE,Combined TRACON& Tower with Radar,160,8,6,0,174,0,8,4,0,12,160,16,10,0,186,0,0,0,186
05/04/2020,SDF,KY,ASO,CE,Combined TRACON& Tower with Radar,161,9,7,0,177,0,4,7,0,11,161,13,14,0,188,0,0,0,188
05/05/2020,SDF,KY,ASO,CE,Combined TRACON& Tower with Radar,447,21,6,6,480,0,0,0,0,0,447,21,6,6,480,0,0,0,480
05/06/2020,SDF,KY,ASO,CE,Combined TRACON& Tower with Radar,447,27,12,1,487,0,3,19,1,23,447,30,31,2,510,8,0,8,518
05/07/2020,SDF,KY,ASO,CE,Combined TRACON& Tower with Radar,444,23,8,1,476,0,3,8,1,12,444,26,16,2,488,6,0,6,494
05/08/2020,SDF,KY,ASO,CE,Combined TRACON& Tower with Radar,392,29,6,0,427,0,0,1,0,1,392,29,7,0,428,0,0,0,428
05/09/2020,SDF,KY,ASO,CE,Combined TRACON& Tower with Radar,241,25,5,0,271,0,1,14,0,15,241,26,19,0,286,22,0,22,308
05/10/2020,SDF,KY,ASO,CE,Combined TRACON& Tower with Radar,146,13,2,0,161,0,2,0,0,2,146,15,2,0,163,0,0,0,163
05/11/2020,SDF,KY,ASO,CE,Combined TRACON& Tower with Radar,167,10,13,0,190,0,0,4,0,4,167,10,17,0,194,0,0,0,194
05/12/2020,SDF,KY,ASO,CE,Combined TRACON& Tower with Radar,418,26,10,8,462,0,1,6,6,13,418,27,16,14,475,0,0,0,475
05/13/2020,SDF,KY,ASO,CE,Combined TRACON& Tower with Radar,416,28,4,4,452,0,0,0,0,0,416,28,4,4,452,0,0,0,452
05/14/2020,SDF,KY,ASO,CE,Combined TRACON& Tower with Radar,405,31,5,3,444,0,10,14,8,32,405,41,19,11,476,4,4,8,484
05/15/2020,SDF,KY,ASO,CE,Combined TRACON& Tower with Radar,335,30,5,2,372,0,1,0,0,1,335,31,5,2,373,0,0,0,373
05/16/2020,SDF,KY,ASO,CE,Combined TRACON& Tower with Radar,208,29,1,0,238,0,4,1,0,5,208,33,2,0,243,0,0,0,243
05/17/2020,SDF,KY,ASO,CE,Combined TRACON& Tower with Radar,157,7,9,0,173,0,2,3,0,5,157,9,12,0,178,0,0,0,178
05/18/2020,SDF,KY,ASO,CE,Combined TRACON& Tower with Radar,159,13,1,2,175,0,4,0,0,4,159,17,1,2,179,0,0,0,179
05/19/2020,SDF,KY,ASO,CE,Combined TRACON& Tower with Radar,435,31,11,9,486,0,5,4,4,13,435,36,15,13,499,10,12,22,521
05/20/2020,SDF,KY,ASO,CE,Combined TRACON& Tower with Radar,435,27,20,2,484,0,2,2,4,8,435,29,22,6,492,0,0,0,492
05/21/2020,SDF,KY,ASO,CE,Combined TRACON& Tower with Radar,416,32,3,6,457,0,0,3,0,3,416,32,6,6,460,0,0,0,460
05/22/2020,SDF,KY,ASO,CE,Combined TRACON& Tower with Radar,339,30,10,0,379,0,7,4,0,11,339,37,14,0,390,8,0,8,398
05/23/2020,SDF,KY,ASO,CE,Combined TRACON& Tower with Radar,224,31,6,0,261,0,0,0,0,0,224,31,6,0,261,0,0,0,261
05/24/2020,SDF,KY,ASO,CE,Combined TRACON& Tower with Radar,120,10,0,4,134,0,4,8,0,12,120,14,8,4,146,14,0,14,160
05/25/2020,SDF,KY,ASO,CE,Combined TRACON& Tower with Radar,80,7,2,0,89,0,6,5,0,11,80,13,7,0,100,0,0,0,100
05/26/2020,SDF,KY,ASO,CE,Combined TRACON& Tower with Radar,251,18,5,0,274,0,4,7,0,11,251,22,12,0,285,0,0,0,285
05/27/2020,SDF,KY,ASO,CE,Combined TRACON& Tower with Radar,461,38,7,5,511,0,2,0,1,3,461,40,7,6,514,0,0,0,514
05/28/2020,SDF,KY,ASO,CE,Combined TRACON& Tower with Radar,426,38,11,3,478,0,3,4,0,7,426,41,15,3,485,0,0,0,485
05/29/2020,SDF,KY,ASO,CE,Combined TRACON& Tower with Radar,370,27,9,2,408,0,0,10,0,10,370,27,19,2,418,0,0,0,418
05/30/2020,SDF,KY,ASO,CE,Combined TRACON& Tower with Radar,202,35,4,2,243,0,0,11,4,15,202,35,15,6,258,0,0,0,258
05/31/2020,SDF,KY,ASO,CE,Combined TRACON& Tower with Radar,154,8,12,0,174,0,7,7,0,14,154,15,19,0,188,0,0,0,188
06/01/2020,SDF,KY,ASO,CE,Combined TRACON& Tower with Radar,170,26,13,12,221,0,7,8,0,15,170,33,21,12,236,0,0,0,236
06/02/2020,SDF,KY,ASO,CE,Combined TRACON& Tower with Radar,434,34,16,16,500,0,12,7,1,20,434,46,23,17,520,0,0,0,520
06/03/2020,SDF,KY,ASO,CE,Combined TRACON& Tower with Radar,421,34,14,2,471,0,8,13,7,28,421,42,27,9,499,4,16,20,519
06/04/2020,SDF,KY,ASO,CE,Combined TRACON& Tower with Radar,434,34,11,2,481,0,1,3,0,4,434,35,14,2,485,0,0,0,485
06/05/2020,SDF,KY,ASO,CE,Combined TRACON& Tower with Radar,347,34,5,6,392,0,0,6,2,8,347,34,11,8,400,0,0,0,400
06/06/2020,SDF,KY,ASO,CE,Combined TRACON& Tower with Radar,205,32,12,3,252,0,5,6,1,12,205,37,18,4,264,0,0,0,264
06/07/2020,SDF,KY,ASO,CE,Combined TRACON& Tower with Radar,153,17,7,2,179,0,2,4,0,6,153,19,11,2,185,0,0,0,185
06/08/2020,SDF,KY,ASO,CE,Combined TRACON& Tower with Radar,165,14,6,0,185,0,5,6,0,11,165,19,12,0,196,0,0,0,196
06/09/2020,SDF,KY,ASO,CE,Combined TRACON& Tower with Radar,445,35,14,2,496,0,2,22,6,30,445,37,36,8,526,0,0,0,526
06/10/2020,SDF,KY,ASO,CE,Combined TRACON& Tower with Radar,422,33,12,4,471,0,2,0,5,7,422,35,12,9,478,0,0,0,478
06/11/2020,SDF,KY,ASO,CE,Combined TRACON& Tower with Radar,434,36,18,5,493,0,0,4,3,7,434,36,22,8,500,0,0,0,500
06/12/2020,SDF,KY,ASO,CE,Combined TRACON& Tower with Radar,351,41,15,5,412,0,8,6,0,14,351,49,21,5,426,0,0,0,426
06/13/2020,SDF,KY,ASO,CE,Combined TRACON& Tower with Radar,215,28,7,1,251,0,5,9,0,14,215,33,16,1,265,11,0,11,276
06/14/2020,SDF,KY,ASO,CE,Combined TRACON& Tower with Radar,153,19,6,2,180,0,7,7,0,14,153,26,13,2,194,0,0,0,194
06/15/2020,SDF,KY,ASO,CE,Combined TRACON& Tower with Radar,183,21,10,4,218,0,7,7,0,14,183,28,17,4,232,0,0,0,232
06/16/2020,SDF,KY,ASO,CE,Combined TRACON& Tower with Radar,440,41,11,6,498,0,3,2,4,9,440,44,13,10,507,0,0,0,507
06/17/2020,SDF,KY,ASO,CE,Combined TRACON& Tower with Radar,445,34,16,1,496,0,4,9,1,14,445,38,25,2,510,14,0,14,524
06/18/2020,SDF,KY,ASO,CE,Combined TRACON& Tower with Radar,440,40,9,2,491,0,2,5,0,7,440,42,14,2,498,0,0,0,498
06/19/2020,SDF,KY,ASO,CE,Combined TRACON& Tower with Radar,359,38,11,3,411,0,8,5,0,13,359,46,16,3,424,4,0,4,428
06/20/2020,SDF,KY,ASO,CE,Combined TRACON& Tower with Radar,210,39,8,10,267,0,6,5,0,11,210,45,13,10,278,0,0,0,278
06/21/2020,SDF,KY,ASO,CE,Combined TRACON& Tower with Radar,154,13,7,0,174,0,2,4,0,6,154,15,11,0,180,6,0,6,186
06/22/2020,SDF,KY,ASO,CE,Combined TRACON& Tower with Radar,174,23,15,2,214,0,0,2,0,2,174,23,17,2,216,0,0,0,216
06/23/2020,SDF,KY,ASO,CE,Combined TRACON& Tower with Radar,447,34,3,1,485,0,0,3,1,4,447,34,6,2,489,0,0,0,489
06/24/2020,SDF,KY,ASO,CE,Combined TRACON& Tower with Radar,431,40,10,15,496,0,8,7,3,18,431,48,17,18,514,2,0,2,516
06/25/2020,SDF,KY,ASO,CE,Combined TRACON& Tower with Radar,429,43,15,0,487,0,3,12,0,15,429,46,27,0,502,0,0,0,502
06/26/2020,SDF,KY,ASO,CE,Combined TRACON& Tower with Radar,345,39,18,4,406,0,3,3,0,6,345,42,21,4,412,6,0,6,418
06/27/2020,SDF,KY,ASO,CE,Combined TRACON& Tower with Radar,220,32,13,4,269,0,1,1,0,2,220,33,14,4,271,0,0,0,271
06/28/2020,SDF,KY,ASO,CE,Combined TRACON& Tower with Radar,156,20,9,0,185,0,1,3,0,4,156,21,12,0,189,6,0,6,195
06/29/2020,SDF,KY,ASO,CE,Combined TRACON& Tower with Radar,171,18,5,0,194,0,0,2,0,2,171,18,7,0,196,0,0,0,196
06/30/2020,SDF,KY,ASO,CE,Combined TRACON& Tower with Radar,441,36,14,0,491,0,2,2,0,4,441,38,16,0,495,0,0,0,495
07/01/2020,SDF,KY,ASO,CE,Combined TRACON& Tower with Radar,441,31,13,1,486,0,2,3,0,5,441,33,16,1,491,0,0,0,491
07/02/2020,SDF,KY,ASO,CE,Combined TRACON& Tower with Radar,437,37,13,4,491,0,6,6,0,12,437,43,19,4,503,0,0,0,503
07/03/2020,SDF,KY,ASO,CE,Combined TRACON& Tower with Radar,346,34,9,2,391,0,9,6,3,18,346,43,15,5,409,0,0,0,409
07/04/2020,SDF,KY,ASO,CE,Combined TRACON& Tower with Radar,107,7,7,0,121,0,6,2,0,8,107,13,9,0,129,0,0,0,129
07/05/2020,SDF,KY,ASO,CE,Combined TRACON& Tower with Radar,177,17,9,0,203,0,4,4,0,8,177,21,13,0,211,0,0,0,211
07/06/2020,SDF,KY,ASO,CE,Combined TRACON& Tower with Radar,191,19,8,8,226,0,6,4,0,10,191,25,12,8,236,0,0,0,236
07/07/2020,SDF,KY,ASO,CE,Combined TRACON& Tower with Radar,480,34,17,11,542,0,0,5,5,10,480,34,22,16,552,0,0,0,552
07/08/2020,SDF,KY,ASO,CE,Combined TRACON& Tower with Radar,460,32,17,4,513,0,0,4,4,8,460,32,21,8,521,0,0,0,521
07/09/2020,SDF,KY,ASO,CE,Combined TRACON& Tower with Radar,469,37,24,5,535,0,2,7,3,12,469,39,31,8,547,0,0,0,547
07/10/2020,SDF,KY,ASO,CE,Combined TRACON& Tower with Radar,384,28,9,1,422,0,4,7,0,11,384,32,16,1,433,0,0,0,433
07/11/2020,SDF,KY,ASO,CE,Combined TRACON& Tower with Radar,252,31,13,1,297,0,4,4,0,8,252,35,17,1,305,0,0,0,305
07/12/2020,SDF,KY,ASO,CE,Combined TRACON& Tower with Radar,190,22,9,4,225,0,3,4,0,7,190,25,13,4,232,0,0,0,232
07/13/2020,SDF,KY,ASO,CE,Combined TRACON& Tower with Radar,202,17,7,4,230,0,0,6,0,6,202,17,13,4,236,0,0,0,236
07/14/2020,SDF,KY,ASO,CE,Combined TRACON& Tower with Radar,474,34,12,5,525,0,4,4,5,13,474,38,16,10,538,0,0,0,538
07/15/2020,SDF,KY,ASO,CE,Combined TRACON& Tower with Radar,459,29,16,4,508,0,0,10,0,10,459,29,26,4,518,0,0,0,518
07/16/2020,SDF,KY,ASO,CE,Combined TRACON& Tower with Radar,467,33,12,6,518,0,1,6,1,8,467,34,18,7,526,0,0,0,526
07/17/2020,SDF,KY,ASO,CE,Combined TRACON& Tower with Radar,384,38,15,2,439,0,0,10,0,10,384,38,25,2,449,0,0,0,449
07/18/2020,SDF,KY,ASO,CE,Combined TRACON& Tower with Radar,250,39,8,0,297,0,3,10,0,13,250,42,18,0,310,4,0,4,314
07/19/2020,SDF,KY,ASO,CE,Combined TRACON& Tower with Radar,183,14,10,0,207,0,4,1,0,5,183,18,11,0,212,0,0,0,212
07/20/2020,SDF,KY,ASO,CE,Combined TRACON& Tower with Radar,199,15,7,2,223,0,0,4,1,5,199,15,11,3,228,0,0,0,228
07/21/2020,SDF,KY,ASO,CE,Combined TRACON& Tower with Radar,472,33,13,7,525,0,2,3,2,7,472,35,16,9,532,0,0,0,532
07/22/2020,SDF,KY,ASO,CE,Combined TRACON& Tower with Radar,458,31,12,1,502,0,1,2,3,6,458,32,14,4,508,0,0,0,508
07/23/2020,SDF,KY,ASO,CE,Combined TRACON& Tower with Radar,475,34,14,4,527,0,0,0,3,3,475,34,14,7,530,0,0,0,530
07/24/2020,SDF,KY,ASO,CE,Combined TRACON& Tower with Radar,383,32,6,2,423,0,6,2,2,10,383,38,8,4,433,12,0,12,445
07/25/2020,SDF,KY,ASO,CE,Combined TRACON& Tower with Radar,249,28,12,2,291,0,10,11,0,21,249,38,23,2,312,0,0,0,312
07/26/2020,SDF,KY,ASO,CE,Combined TRACON& Tower with Radar,180,18,7,8,213,0,9,3,0,12,180,27,10,8,225,0,0,0,225
07/27/2020,SDF,KY,ASO,CE,Combined TRACON& Tower with Radar,215,24,13,4,256,0,6,2,0,8,215,30,15,4,264,0,0,0,264
07/28/2020,SDF,KY,ASO,CE,Combined TRACON& Tower with Radar,478,28,17,21,544,0,6,3,5,14,478,34,20,26,558,0,0,0,558
07/29/2020,SDF,KY,ASO,CE,Combined TRACON& Tower with Radar,460,30,10,2,502,0,2,3,2,7,460,32,13,4,509,0,0,0,509
07/30/2020,SDF,KY,ASO,CE,Combined TRACON& Tower with Radar,457,40,19,4,520,0,2,0,0,2,457,42,19,4,522,0,0,0,522
07/31/2020,SDF,KY,ASO,CE,Combined TRACON& Tower with Radar,402,31,25,6,464,0,0,2,0,2,402,31,27,6,466,0,0,0,466
08/01/2020,SDF,KY,ASO,CE,Combined TRACON& Tower with Radar,261,31,6,2,300,0,2,0,0,2,261,33,6,2,302,0,0,0,302
08/02/2020,SDF,KY,ASO,CE,Combined TRACON& Tower with Radar,197,13,14,2,226,0,4,5,0,9,197,17,19,2,235,0,0,0,235
08/03/2020,SDF,KY,ASO,CE,Combined TRACON& Tower with Radar,221,15,20,0,256,0,3,5,0,8,221,18,25,0,264,0,0,0,264
08/04/2020,SDF,KY,ASO,CE,Combined TRACON& Tower with Radar,471,29,15,3,518,0,2,3,1,6,471,31,18,4,524,0,0,0,524
08/05/2020,SDF,KY,ASO,CE,Combined TRACON& Tower with Radar,461,34,20,5,520,0,12,15,1,28,461,46,35,6,548,0,0,0,548
08/06/2020,SDF,KY,ASO,CE,Combined TRACON& Tower with Radar,474,39,28,16,557,0,7,7,2,16,474,46,35,18,573,0,0,0,573
08/07/2020,SDF,KY,ASO,CE,Combined TRACON& Tower with Radar,405,31,19,6,461,0,4,5,0,9,405,35,24,6,470,0,0,0,470
08/08/2020,SDF,KY,ASO,CE,Combined TRACON& Tower with Radar,256,31,13,2,302,0,3,12,0,15,256,34,25,2,317,0,0,0,317
08/09/2020,SDF,KY,ASO,CE,Combined TRACON& Tower with Radar,198,14,7,1,220,0,2,1,0,3,198,16,8,1,223,0,0,0,223
08/10/2020,SDF,KY,ASO,CE,Combined TRACON& Tower with Radar,202,11,9,2,224,0,1,7,0,8,202,12,16,2,232,0,0,0,232
08/11/2020,SDF,KY,ASO,CE,Combined TRACON& Tower with Radar,510,29,9,3,551,0,0,7,1,8,510,29,16,4,559,0,0,0,559
08/12/2020,SDF,KY,ASO,CE,Combined TRACON& Tower with Radar,463,33,15,2,513,0,5,9,4,18,463,38,24,6,531,0,0,0,531
08/13/2020,SDF,KY,ASO,CE,Combined TRACON& Tower with Radar,472,31,15,1,519,0,3,1,1,5,472,34,16,2,524,0,0,0,524
08/14/2020,SDF,KY,ASO,CE,Combined TRACON& Tower with Radar,410,44,15,2,471,0,4,0,0,4,410,48,15,2,475,0,0,0,475
08/15/2020,SDF,KY,ASO,CE,Combined TRACON& Tower with Radar,250,31,4,0,285,0,5,4,0,9,250,36,8,0,294,0,0,0,294
08/16/2020,SDF,KY,ASO,CE,Combined TRACON& Tower with Radar,198,7,7,1,213,0,1,0,1,2,198,8,7,2,215,0,0,0,215
08/17/2020,SDF,KY,ASO,CE,Combined TRACON& Tower with Radar,232,16,10,2,260,0,6,2,0,8,232,22,12,2,268,0,0,0,268
08/18/2020,SDF,KY,ASO,CE,Combined TRACON& Tower with Radar,482,46,14,4,546,0,6,7,0,13,482,52,21,4,559,0,0,0,559
08/19/2020,SDF,KY,ASO,CE,Combined TRACON& Tower with Radar,460,37,28,1,526,0,5,9,1,15,460,42,37,2,541,8,2,10,551
08/20/2020,SDF,KY,ASO,CE,Combined TRACON& Tower with Radar,475,31,9,11,526,0,2,4,3,9,475,33,13,14,535,0,0,0,535
08/21/2020,SDF,KY,ASO,CE,Combined TRACON& Tower with Radar,397,34,8,3,442,0,3,5,6,14,397,37,13,9,456,0,0,0,456
08/22/2020,SDF,KY,ASO,CE,Combined TRACON& Tower with Radar,254,30,14,1,299,0,3,5,0,8,254,33,19,1,307,0,0,0,307
08/23/2020,SDF,KY,ASO,CE,Combined TRACON& Tower with Radar,206,9,6,4,225,0,2,0,4,6,206,11,6,8,231,0,0,0,231
08/24/2020,SDF,KY,ASO,CE,Combined TRACON& Tower with Radar,214,18,18,4,254,0,6,3,0,9,214,24,21,4,263,0,0,0,263
08/25/2020,SDF,KY,ASO,CE,Combined TRACON& Tower with Radar,479,25,19,7,530,0,1,13,2,16,479,26,32,9,546,0,0,0,546
08/26/2020,SDF,KY,ASO,CE,Combined TRACON& Tower with Radar,453,26,22,0,501,0,0,6,0,6,453,26,28,0,507,0,0,0,507
08/27/2020,SDF,KY,ASO,CE,Combined TRACON& Tower with Radar,484,38,8,3,533,0,1,6,0,7,484,39,14,3,540,0,0,0,540
08/28/2020,SDF,KY,ASO,CE,Combined TRACON& Tower with Radar,385,39,9,3,436,0,0,0,0,0,385,39,9,3,436,0,0,0,436
08/29/2020,SDF,KY,ASO,CE,Combined TRACON& Tower with Radar,265,41,18,0,324,0,2,3,0,5,265,43,21,0,329,6,0,6,335
08/30/2020,SDF,KY,ASO,CE,Combined TRACON& Tower with Radar,202,14,21,0,237,0,5,9,1,15,202,19,30,1,252,0,0,0,252
08/31/2020,SDF,KY,ASO,CE,Combined TRACON& Tower with Radar,231,18,8,2,259,0,9,0,0,9,231,27,8,2,268,0,0,0,268
09/01/2020,SDF,KY,ASO,CE,Combined TRACON& Tower with Radar,471,32,22,5,530,0,4,1,1,6,471,36,23,6,536,0,0,0,536
09/02/2020,SDF,KY,ASO,CE,Combined TRACON& Tower with Radar,473,36,19,3,531,0,1,2,1,4,473,37,21,4,535,0,0,0,535
09/03/2020,SDF,KY,ASO,CE,Combined TRACON& Tower with Radar,510,40,19,3,572,0,0,2,1,3,510,40,21,4,575,0,0,0,575
09/04/2020,SDF,KY,ASO,CE,Combined TRACON& Tower with Radar,408,35,18,1,462,0,0,12,0,12,408,35,30,1,474,0,0,0,474
09/05/2020,SDF,KY,ASO,CE,Combined TRACON& Tower with Radar,267,40,19,0,326,0,2,27,0,29,267,42,46,0,355,0,0,0,355
09/06/2020,SDF,KY,ASO,CE,Combined TRACON& Tower with Radar,191,12,5,0,208,0,6,2,0,8,191,18,7,0,216,0,0,0,216
09/07/2020,SDF,KY,ASO,CE,Combined TRACON& Tower with Radar,135,6,8,0,149,0,10,8,0,18,135,16,16,0,167,0,0,0,167
09/08/2020,SDF,KY,ASO,CE,Combined TRACON& Tower with Radar,302,25,7,4,338,0,2,11,0,13,302,27,18,4,351,0,0,0,351
09/09/2020,SDF,KY,ASO,CE,Combined TRACON& Tower with Radar,491,46,24,5,566,0,1,3,0,4,491,47,27,5,570,0,0,0,570
09/10/2020,SDF,KY,ASO,CE,Combined TRACON& Tower with Radar,493,49,16,1,559,0,0,8,1,9,493,49,24,2,568,22,0,22,590
09/11/2020,SDF,KY,ASO,CE,Combined TRACON& Tower with Radar,393,37,18,5,453,0,4,0,0,4,393,41,18,5,457,0,0,0,457
09/12/2020,SDF,KY,ASO,CE,Combined TRACON& Tower with Radar,236,33,10,6,285,0,0,2,0,2,236,33,12,6,287,0,0,0,287
09/13/2020,SDF,KY,ASO,CE,Combined TRACON& Tower with Radar,188,15,15,1,219,0,0,4,1,5,188,15,19,2,224,0,0,0,224
09/14/2020,SDF,KY,ASO,CE,Combined TRACON& Tower with Radar,211,24,3,16,254,0,3,2,6,11,211,27,5,22,265,0,28,28,293
09/15/2020,SDF,KY,ASO,CE,Combined TRACON& Tower with Radar,460,37,16,1,514,0,4,13,1,18,460,41,29,2,532,0,0,0,532
09/16/2020,SDF,KY,ASO,CE,Combined TRACON& Tower with Radar,457,42,22,4,525,0,0,3,4,7,457,42,25,8,532,0,2,2,534
09/17/2020,SDF,KY,ASO,CE,Combined TRACON& Tower with Radar,462,41,13,4,520,0,1,5,1,7,462,42,18,5,527,2,0,2,529
09/18/2020,SDF,KY,ASO,CE,Combined TRACON& Tower with Radar,372,45,8,3,428,0,0,4,0,4,372,45,12,3,432,0,0,0,432
09/19/2020,SDF,KY,ASO,CE,Combined TRACON& Tower with Radar,240,36,6,3,285,0,9,16,0,25,240,45,22,3,310,0,0,0,310
09/20/2020,SDF,KY,ASO,CE,Combined TRACON& Tower with Radar,181,14,12,2,209,0,9,9,0,18,181,23,21,2,227,0,0,0,227
09/21/2020,SDF,KY,ASO,CE,Combined TRACON& Tower with Radar,212,22,18,13,265,0,2,4,2,8,212,24,22,15,273,0,0,0,273
09/22/2020,SDF,KY,ASO,CE,Combined TRACON& Tower with Radar,475,49,17,7,548,0,4,1,0,5,475,53,18,7,553,0,12,12,565
09/23/2020,SDF,KY,ASO,CE,Combined TRACON& Tower with Radar,465,51,12,7,535,0,2,16,0,18,465,53,28,7,553,0,0,0,553
09/24/2020,SDF,KY,ASO,CE,Combined TRACON& Tower with Radar,474,50,12,2,538,0,2,6,0,8,474,52,18,2,546,0,0,0,546
09/25/2020,SDF,KY,ASO,CE,Combined TRACON& Tower with Radar,385,47,15,12,459,0,3,15,2,20,385,50,30,14,479,0,0,0,479
09/26/2020,SDF,KY,ASO,CE,Combined TRACON& Tower with Radar,244,34,13,0,291,0,14,5,0,19,244,48,18,0,310,0,0,0,310
09/27/2020,SDF,KY,ASO,CE,Combined TRACON& Tower with Radar,180,22,9,3,214,0,7,12,0,19,180,29,21,3,233,0,0,0,233
09/28/2020,SDF,KY,ASO,CE,Combined TRACON& Tower with Radar,215,26,4,1,246,0,0,4,0,4,215,26,8,1,250,0,0,0,250
09/29/2020,SDF,KY,ASO,CE,Combined TRACON& Tower with Radar,491,41,18,8,558,0,0,7,0,7,491,41,25,8,565,0,0,0,565
09/30/2020,SDF,KY,ASO,CE,Combined TRACON& Tower with Radar,467,46,21,3,537,0,0,2,3,5,467,46,23,6,542,2,4,6,548
10/01/2020,SDF,KY,ASO,CE,Combined TRACON& Tower with Radar,470,53,16,2,541,0,4,4,0,8,470,57,20,2,549,0,0,0,549
10/02/2020,SDF,KY,ASO,CE,Combined TRACON& Tower with Radar,403,34,12,1,450,0,0,4,0,4,403,34,16,1,454,6,0,6,460
10/03/2020,SDF,KY,ASO,CE,Combined TRACON& Tower with Radar,242,27,7,4,280,0,6,8,0,14,242,33,15,4,294,0,0,0,294
10/04/2020,SDF,KY,ASO,CE,Combined TRACON& Tower with Radar,188,16,13,6,223,0,4,5,0,9,188,20,18,6,232,0,0,0,232
10/05/2020,SDF,KY,ASO,CE,Combined TRACON& Tower with Radar,209,23,8,28,268,0,0,7,0,7,209,23,15,28,275,0,12,12,287
10/06/2020,SDF,KY,ASO,CE,Combined TRACON& Tower with Radar,479,39,17,7,542,0,3,0,0,3,479,42,17,7,545,0,0,0,545
10/07/2020,SDF,KY,ASO,CE,Combined TRACON& Tower with Radar,457,33,18,5,513,0,13,10,5,28,457,46,28,10,541,18,4,22,563
10/08/2020,SDF,KY,ASO,CE,Combined TRACON& Tower with Radar,475,38,18,3,534,0,2,4,1,7,475,40,22,4,541,0,0,0,541
10/09/2020,SDF,KY,ASO,CE,Combined TRACON& Tower with Radar,387,34,23,0,444,0,4,0,0,4,387,38,23,0,448,0,0,0,448
10/10/2020,SDF,KY,ASO,CE,Combined TRACON& Tower with Radar,243,32,4,0,279,0,2,2,0,4,243,34,6,0,283,0,0,0,283
10/11/2020,SDF,KY,ASO,CE,Combined TRACON& Tower with Radar,194,9,11,0,214,0,7,4,0,11,194,16,15,0,225,0,0,0,225
10/12/2020,SDF,KY,ASO,CE,Combined TRACON& Tower with Radar,213,19,15,0,247,0,2,2,0,4,213,21,17,0,251,0,0,0,251
10/13/2020,SDF,KY,ASO,CE,Combined TRACON& Tower with Radar,495,40,29,2,566,0,0,4,0,4,495,40,33,2,570,0,0,0,570
10/14/2020,SDF,KY,ASO,CE,Combined TRACON& Tower with Radar,500,46,20,3,569,0,0,10,1,11,500,46,30,4,580,0,0,0,580
10/15/2020,SDF,KY,ASO,CE,Combined TRACON& Tower with Radar,506,29,14,6,555,0,5,3,3,11,506,34,17,9,566,0,0,0,566
10/16/2020,SDF,KY,ASO,CE,Combined TRACON& Tower with Radar,434,34,12,4,484,0,2,4,1,7,434,36,16,5,491,0,0,0,491
10/17/2020,SDF,KY,ASO,CE,Combined TRACON& Tower with Radar,239,33,7,3,282,0,1,3,2,6,239,34,10,5,288,0,0,0,288
10/18/2020,SDF,KY,ASO,CE,Combined TRACON& Tower with Radar,207,12,24,0,243,0,6,3,1,10,207,18,27,1,253,0,0,0,253
10/19/2020,SDF,KY,ASO,CE,Combined TRACON& Tower with Radar,227,16,23,7,273,0,0,3,0,3,227,16,26,7,276,0,0,0,276
10/20/2020,SDF,KY,ASO,CE,Combined TRACON& Tower with Radar,494,36,17,5,552,0,0,0,0,0,494,36,17,5,552,0,0,0,552
10/21/2020,SDF,KY,ASO,CE,Combined TRACON& Tower with Radar,481,35,22,18,556,0,2,16,0,18,481,37,38,18,574,2,0,2,576
10/22/2020,SDF,KY,ASO,CE,Combined TRACON& Tower with Radar,514,29,11,8,562,0,2,18,6,26,514,31,29,14,588,0,0,0,588
10/23/2020,SDF,KY,ASO,CE,Combined TRACON& Tower with Radar,408,31,20,5,464,0,0,2,0,2,408,31,22,5,466,0,0,0,466
10/24/2020,SDF,KY,ASO,CE,Combined TRACON& Tower with Radar,239,32,16,3,290,0,0,2,0,2,239,32,18,3,292,0,0,0,292
10/25/2020,SDF,KY,ASO,CE,Combined TRACON& Tower with Radar,200,7,18,5,230,0,0,0,0,0,200,7,18,5,230,0,0,0,230
10/26/2020,SDF,KY,ASO,CE,Combined TRACON& Tower with Radar,216,19,13,5,253,0,0,0,0,0,216,19,13,5,253,0,0,0,253
10/27/2020,SDF,KY,ASO,CE,Combined TRACON& Tower with Radar,483,27,6,8,524,0,0,1,8,9,483,27,7,16,533,0,0,0,533
10/28/2020,SDF,KY,ASO,CE,Combined TRACON& Tower with Radar,475,32,19,12,538,0,0,0,0,0,475,32,19,12,538,0,0,0,538
10/29/2020,SDF,KY,ASO,CE,Combined TRACON& Tower with Radar,491,35,15,7,548,0,0,0,0,0,491,35,15,7,548,0,0,0,548
10/30/2020,SDF,KY,ASO,CE,Combined TRACON& Tower with Radar,410,34,29,13,486,0,6,18,0,24,410,40,47,13,510,0,0,0,510
10/31/2020,SDF,KY,ASO,CE,Combined TRACON& Tower with Radar,211,37,6,3,257,0,4,6,2,12,211,41,12,5,269,0,0,0,269
11/01/2020,SDF,KY,ASO,CE,Combined TRACON& Tower with Radar,192,12,11,3,218,0,3,2,0,5,192,15,13,3,223,6,0,6,229
11/02/2020,SDF,KY,ASO,CE,Combined TRACON& Tower with Radar,210,18,16,17,261,0,2,2,0,4,210,20,18,17,265,0,0,0,265
11/03/2020,SDF,KY,ASO,CE,Combined TRACON& Tower with Radar,484,40,6,2,532,0,6,3,4,13,484,46,9,6,545,0,0,0,545
11/04/2020,SDF,KY,ASO,CE,Combined TRACON& Tower with Radar,462,33,22,4,521,0,3,7,2,12,462,36,29,6,533,0,0,0,533
11/05/2020,SDF,KY,ASO,CE,Combined TRACON& Tower with Radar,491,37,17,1,546,0,2,3,3,8,491,39,20,4,554,0,0,0,554
11/06/2020,SDF,KY,ASO,CE,Combined TRACON& Tower with Radar,404,49,10,17,480,0,3,5,0,8,404,52,15,17,488,0,0,0,488
11/07/2020,SDF,KY,ASO,CE,Combined TRACON& Tower with Radar,243,36,8,16,303,0,2,5,0,7,243,38,13,16,310,0,0,0,310
11/08/2020,SDF,KY,ASO,CE,Combined TRACON& Tower with Radar,203,21,13,1,238,0,0,11,0,11,203,21,24,1,249,0,0,0,249
11/09/2020,SDF,KY,ASO,CE,Combined TRACON& Tower with Radar,219,11,2,6,238,0,0,4,2,6,219,11,6,8,244,0,0,0,244
11/10/2020,SDF,KY,ASO,CE,Combined TRACON& Tower with Radar,464,34,6,2,506,0,1,2,0,3,464,35,8,2,509,0,0,0,509
11/11/2020,SDF,KY,ASO,CE,Combined TRACON& Tower with Radar,488,26,6,0,520,0,1,6,0,7,488,27,12,0,527,0,0,0,527
11/12/2020,SDF,KY,ASO,CE,Combined TRACON& Tower with Radar,505,41,16,11,573,0,6,20,1,27,505,47,36,12,600,0,0,0,600
11/13/2020,SDF,KY,ASO,CE,Combined TRACON& Tower with Radar,422,37,17,13,489,0,0,6,0,6,422,37,23,13,495,0,0,0,495
11/14/2020,SDF,KY,ASO,CE,Combined TRACON& Tower with Radar,239,34,6,0,279,0,5,1,0,6,239,39,7,0,285,0,0,0,285
11/15/2020,SDF,KY,ASO,CE,Combined TRACON& Tower with Radar,211,12,9,1,233,0,3,3,0,6,211,15,12,1,239,0,0,0,239
11/16/2020,SDF,KY,ASO,CE,Combined TRACON& Tower with Radar,227,23,15,5,270,0,4,3,0,7,227,27,18,5,277,0,0,0,277
11/17/2020,SDF,KY,ASO,CE,Combined TRACON& Tower with Radar,487,39,7,5,538,0,2,2,1,5,487,41,9,6,543,0,0,0,543
11/18/2020,SDF,KY,ASO,CE,Combined TRACON& Tower with Radar,476,35,18,8,537,0,0,1,1,2,476,35,19,9,539,0,0,0,539
11/19/2020,SDF,KY,ASO,CE,Combined TRACON& Tower with Radar,497,37,11,12,557,0,4,2,3,9,497,41,13,15,566,0,0,0,566
11/20/2020,SDF,KY,ASO,CE,Combined TRACON& Tower with Radar,417,42,18,0,477,0,4,2,0,6,417,46,20,0,483,0,0,0,483
11/21/2020,SDF,KY,ASO,CE,Combined TRACON& Tower with Radar,263,37,9,0,309,0,0,0,0,0,263,37,9,0,309,0,0,0,309
11/22/2020,SDF,KY,ASO,CE,Combined TRACON& Tower with Radar,220,24,11,0,255,0,0,0,0,0,220,24,11,0,255,0,0,0,255
11/23/2020,SDF,KY,ASO,CE,Combined TRACON& Tower with Radar,287,30,12,0,329,0,6,8,0,14,287,36,20,0,343,0,0,0,343
11/24/2020,SDF,KY,ASO,CE,Combined TRACON& Tower with Radar,572,55,9,3,639,0,5,14,4,23,572,60,23,7,662,0,0,0,662
11/25/2020,SDF,KY,ASO,CE,Combined TRACON& Tower with Radar,573,40,12,0,625,0,0,0,0,0,573,40,12,0,625,0,0,0,625
11/26/2020,SDF,KY,ASO,CE,Combined TRACON& Tower with Radar,201,13,7,0,221,0,2,0,0,2,201,15,7,0,223,0,0,0,223
11/27/2020,SDF,KY,ASO,CE,Combined TRACON& Tower with Radar,275,24,17,0,316,0,2,4,0,6,275,26,21,0,322,0,0,0,322
11/28/2020,SDF,KY,ASO,CE,Combined TRACON& Tower with Radar,287,35,10,0,332,0,8,4,0,12,287,43,14,0,344,0,0,0,344
11/29/2020,SDF,KY,ASO,CE,Combined TRACON& Tower with Radar,251,21,28,0,300,0,2,8,0,10,251,23,36,0,310,0,0,0,310
11/30/2020,SDF,KY,ASO,CE,Combined TRACON& Tower with Radar,326,28,9,2,365,0,0,0,0,0,326,28,9,2,365,0,0,0,365
12/01/2020,SDF,KY,ASO,CE,Combined TRACON& Tower with Radar,580,35,4,1,620,0,0,15,0,15,580,35,19,1,635,12,0,12,647
12/02/2020,SDF,KY,ASO,CE,Combined TRACON& Tower with Radar,564,46,11,3,624,0,3,16,0,19,564,49,27,3,643,0,0,0,643
12/03/2020,SDF,KY,ASO,CE,Combined TRACON& Tower with Radar,586,42,9,2,639,0,3,10,2,15,586,45,19,4,654,0,0,0,654
12/04/2020,SDF,KY,ASO,CE,Combined TRACON& Tower with Radar,467,34,10,2,513,0,4,0,0,4,467,38,10,2,517,0,0,0,517
12/05/2020,SDF,KY,ASO,CE,Combined TRACON& Tower with Radar,271,31,3,1,306,0,0,7,1,8,271,31,10,2,314,0,0,0,314
12/06/2020,SDF,KY,ASO,CE,Combined TRACON& Tower with Radar,232,15,3,5,255,0,2,6,0,8,232,17,9,5,263,0,0,0,263
12/07/2020,SDF,KY,ASO,CE,Combined TRACON& Tower with Radar,327,16,20,3,366,0,0,0,0,0,327,16,20,3,366,0,0,0,366
12/08/2020,SDF,KY,ASO,CE,Combined TRACON& Tower with Radar,559,38,10,0,607,0,2,14,2,18,559,40,24,2,625,6,0,6,631
12/09/2020,SDF,KY,ASO,CE,Combined TRACON& Tower with Radar,566,33,17,4,620,0,6,4,2,12,566,39,21,6,632,0,0,0,632
12/10/2020,SDF,KY,ASO,CE,Combined TRACON& Tower with Radar,598,43,9,2,652,0,2,7,3,12,598,45,16,5,664,0,0,0,664
12/11/2020,SDF,KY,ASO,CE,Combined TRACON& Tower with Radar,472,43,16,3,534,0,3,8,0,11,472,46,24,3,545,0,0,0,545
12/12/2020,SDF,KY,ASO,CE,Combined TRACON& Tower with Radar,275,34,11,0,320,0,0,2,0,2,275,34,13,0,322,0,0,0,322
12/13/2020,SDF,KY,ASO,CE,Combined TRACON& Tower with Radar,230,12,13,3,258,0,5,8,0,13,230,17,21,3,271,0,0,0,271
12/14/2020,SDF,KY,ASO,CE,Combined TRACON& Tower with Radar,334,30,15,4,383,0,6,5,2,13,334,36,20,6,396,0,0,0,396
12/15/2020,SDF,KY,ASO,CE,Combined TRACON& Tower with Radar,623,31,26,9,689,0,4,4,6,14,623,35,30,15,703,0,0,0,703
12/16/2020,SDF,KY,ASO,CE,Combined TRACON& Tower with Radar,627,49,10,8,694,0,0,0,0,0,627,49,10,8,694,0,0,0,694
12/17/2020,SDF,KY,ASO,CE,Combined TRACON& Tower with Radar,639,56,17,4,716,0,0,4,1,5,639,56,21,5,721,0,0,0,721
12/18/2020,SDF,KY,ASO,CE,Combined TRACON& Tower with Radar,635,53,21,1,710,0,9,9,2,20,635,62,30,3,730,0,0,0,730
12/19/2020,SDF,KY,ASO,CE,Combined TRACON& Tower with Radar,638,40,13,0,691,0,4,4,0,8,638,44,17,0,699,2,0,2,701
12/20/2020,SDF,KY,ASO,CE,Combined TRACON& Tower with Radar,601,30,9,0,640,0,0,0,0,0,601,30,9,0,640,0,0,0,640
12/21/2020,SDF,KY,ASO,CE,Combined TRACON& Tower with Radar,567,35,7,5,614,0,3,3,0,6,567,38,10,5,620,0,0,0,620
12/22/2020,SDF,KY,ASO,CE,Combined TRACON& Tower with Radar,675,62,3,0,740,0,2,10,0,12,675,64,13,0,752,0,0,0,752
12/23/2020,SDF,KY,ASO,CE,Combined TRACON& Tower with Radar,704,47,8,2,761,0,0,2,0,2,704,47,10,2,763,0,0,0,763
12/24/2020,SDF,KY,ASO,CE,Combined TRACON& Tower with Radar,574,38,6,0,618,0,0,0,0,0,574,38,6,0,618,0,0,0,618
12/25/2020,SDF,KY,ASO,CE,Combined TRACON& Tower with Radar,144,6,4,0,154,0,0,0,0,0,144,6,4,0,154,0,0,0,154
12/26/2020,SDF,KY,ASO,CE,Combined TRACON& Tower with Radar,189,36,18,0,243,0,2,9,0,11,189,38,27,0,254,26,22,48,302
12/27/2020,SDF,KY,ASO,CE,Combined TRACON& Tower with Radar,211,31,9,0,251,0,4,0,0,4,211,35,9,0,255,0,0,0,255
12/28/2020,SDF,KY,ASO,CE,Combined TRACON& Tower with Radar,273,33,16,0,322,0,0,1,0,1,273,33,17,0,323,0,0,0,323
12/29/2020,SDF,KY,ASO,CE,Combined TRACON& Tower with Radar,540,54,14,0,608,0,1,4,0,5,540,55,18,0,613,0,0,0,613
12/30/2020,SDF,KY,ASO,CE,Combined TRACON& Tower with Radar,527,33,9,3,572,0,1,1,0,2,527,34,10,3,574,0,0,0,574
12/31/2020,SDF,KY,ASO,CE,Combined TRACON& Tower with Radar,467,30,7,0,504,0,0,0,0,0,467,30,7,0,504,0,0,0,504
01/01/2021,SDF,KY,ASO,CE,Combined TRACON& Tower with Radar,133,10,3,0,146,0,0,3,0,3,133,10,6,0,149,0,0,0,149
01/02/2021,SDF,KY,ASO,CE,Combined TRACON& Tower with Radar,201,36,23,0,260,0,0,5,0,5,201,36,28,0,265,0,0,0,265
01/03/2021,SDF,KY,ASO,CE,Combined TRACON& Tower with Radar,200,32,13,0,245,0,0,0,0,0,200,32,13,0,245,0,0,0,245
01/04/2021,SDF,KY,ASO,CE,Combined TRACON& Tower with Radar,241,37,6,2,286,0,1,5,0,6,241,38,11,2,292,0,0,0,292
01/05/2021,SDF,KY,ASO,CE,Combined TRACON& Tower with Radar,476,52,26,6,560,0,2,12,0,14,476,54,38,6,574,8,0,8,582
01/06/2021,SDF,KY,ASO,CE,Combined TRACON& Tower with Radar,474,34,10,6,524,0,0,3,7,10,474,34,13,13,534,0,22,22,556
01/07/2021,SDF,KY,ASO,CE,Combined TRACON& Tower with Radar,461,36,14,7,518,0,2,0,3,5,461,38,14,10,523,0,0,0,523
01/08/2021,SDF,KY,ASO,CE,Combined TRACON& Tower with Radar,402,45,8,1,456,0,0,9,0,9,402,45,17,1,465,7,0,7,472
01/09/2021,SDF,KY,ASO,CE,Combined TRACON& Tower with Radar,223,36,9,0,268,0,3,14,0,17,223,39,23,0,285,0,0,0,285
01/10/2021,SDF,KY,ASO,CE,Combined TRACON& Tower with Radar,178,27,4,1,210,0,0,3,0,3,178,27,7,1,213,0,0,0,213
01/11/2021,SDF,KY,ASO,CE,Combined TRACON& Tower with Radar,187,24,27,0,238,0,3,4,0,7,187,27,31,0,245,14,0,14,259
01/12/2021,SDF,KY,ASO,CE,Combined TRACON& Tower with Radar,474,38,12,1,525,0,0,8,6,14,474,38,20,7,539,0,0,0,539
01/13/2021,SDF,KY,ASO,CE,Combined TRACON& Tower with Radar,454,50,18,2,524,0,1,14,4,19,454,51,32,6,543,0,0,0,543
01/14/2021,SDF,KY,ASO,CE,Combined TRACON& Tower with Radar,465,59,13,4,541,0,6,4,8,18,465,65,17,12,559,2,0,2,561
01/15/2021,SDF,KY,ASO,CE,Combined TRACON& Tower with Radar,399,43,17,0,459,0,5,4,0,9,399,48,21,0,468,0,0,0,468
01/16/2021,SDF,KY,ASO,CE,Combined TRACON& Tower with Radar,231,33,6,2,272,0,0,0,1,1,231,33,6,3,273,0,0,0,273
01/17/2021,SDF,KY,ASO,CE,Combined TRACON& Tower with Radar,165,19,5,1,190,0,3,0,0,3,165,22,5,1,193,0,0,0,193
01/18/2021,SDF,KY,ASO,CE,Combined TRACON& Tower with Radar,196,30,20,1,247,0,2,12,0,14,196,32,32,1,261,8,0,8,269
01/19/2021,SDF,KY,ASO,CE,Combined TRACON& Tower with Radar,461,37,16,3,517,0,2,3,0,5,461,39,19,3,522,0,0,0,522
01/20/2021,SDF,KY,ASO,CE,Combined TRACON& Tower with Radar,455,45,28,0,528,0,6,5,10,21,455,51,33,10,549,6,16,22,571
01/21/2021,SDF,KY,ASO,CE,Combined TRACON& Tower with Radar,476,38,20,18,552,0,0,11,6,17,476,38,31,24,569,0,0,0,569
01/22/2021,SDF,KY,ASO,CE,Combined TRACON& Tower with Radar,390,33,12,6,441,0,0,8,2,10,390,33,20,8,451,0,0,0,451
01/23/2021,SDF,KY,ASO,CE,Combined TRACON& Tower with Radar,227,35,7,8,277,0,1,8,2,11,227,36,15,10,288,0,0,0,288
01/24/2021,SDF,KY,ASO,CE,Combined TRACON& Tower with Radar,175,21,8,2,206,0,0,0,0,0,175,21,8,2,206,0,0,0,206
01/25/2021,SDF,KY,ASO,CE,Combined TRACON& Tower with Radar,185,25,2,1,213,0,0,0,0,0,185,25,2,1,213,0,0,0,213
01/26/2021,SDF,KY,ASO,CE,Combined TRACON& Tower with Radar,471,33,6,21,531,0,2,0,17,19,471,35,6,38,550,0,0,0,550
01/27/2021,SDF,KY,ASO,CE,Combined TRACON& Tower with Radar,460,39,12,5,516,0,0,8,0,8,460,39,20,5,524,0,8,8,532
01/28/2021,SDF,KY,ASO,CE,Combined TRACON& Tower with Radar,454,46,8,6,514,0,4,12,10,26,454,50,20,16,540,0,0,0,540
01/29/2021,SDF,KY,ASO,CE,Combined TRACON& Tower with Radar,390,39,4,3,436,0,4,8,0,12,390,43,12,3,448,0,0,0,448
01/30/2021,SDF,KY,ASO,CE,Combined TRACON& Tower with Radar,229,43,5,0,277,0,0,3,2,5,229,43,8,2,282,0,0,0,282
01/31/2021,SDF,KY,ASO,CE,Combined TRACON& Tower with Radar,168,23,6,1,198,0,0,0,0,0,168,23,6,1,198,0,0,0,198
02/01/2021,SDF,KY,ASO,CE,Combined TRACON& Tower with Radar,190,23,14,2,229,0,0,0,0,0,190,23,14,2,229,0,0,0,229
02/02/2021,SDF,KY,ASO,CE,Combined TRACON& Tower with Radar,475,33,6,3,517,0,4,3,2,9,475,37,9,5,526,0,0,0,526
02/03/2021,SDF,KY,ASO,CE,Combined TRACON& Tower with Radar,472,37,21,13,543,0,5,11,11,27,472,42,32,24,570,8,14,22,592
02/04/2021,SDF,KY,ASO,CE,Combined TRACON& Tower with Radar,454,46,13,3,516,0,2,3,1,6,454,48,16,4,522,0,0,0,522
02/05/2021,SDF,KY,ASO,CE,Combined TRACON& Tower with Radar,407,43,9,1,460,0,4,6,2,12,407,47,15,3,472,0,0,0,472
02/06/2021,SDF,KY,ASO,CE,Combined TRACON& Tower with Radar,234,39,10,0,283,0,2,8,2,12,234,41,18,2,295,0,0,0,295
02/07/2021,SDF,KY,ASO,CE,Combined TRACON& Tower with Radar,169,22,8,0,199,0,2,4,0,6,169,24,12,0,205,0,0,0,205
02/08/2021,SDF,KY,ASO,CE,Combined TRACON& Tower with Radar,194,24,5,4,227,0,2,2,0,4,194,26,7,4,231,0,0,0,231
02/09/2021,SDF,KY,ASO,CE,Combined TRACON& Tower with Radar,480,29,23,13,545,0,0,0,0,0,480,29,23,13,545,0,0,0,545
02/10/2021,SDF,KY,ASO,CE,Combined TRACON& Tower with Radar,438,32,27,5,502,0,0,0,0,0,438,32,27,5,502,0,3,3,505
02/11/2021,SDF,KY,ASO,CE,Combined TRACON& Tower with Radar,292,65,31,2,390,0,0,1,1,2,292,65,32,3,392,0,0,0,392
02/12/2021,SDF,KY,ASO,CE,Combined TRACON& Tower with Radar,349,54,34,4,441,0,0,4,0,4,349,54,38,4,445,0,0,0,445
02/13/2021,SDF,KY,ASO,CE,Combined TRACON& Tower with Radar,288,36,7,3,334,0,1,0,0,1,288,37,7,3,335,0,0,0,335
02/14/2021,SDF,KY,ASO,CE,Combined TRACON& Tower with Radar,180,29,17,0,226,0,6,0,0,6,180,35,17,0,232,0,0,0,232
02/15/2021,SDF,KY,ASO,CE,Combined TRACON& Tower with Radar,81,8,6,0,95,0,0,0,0,0,81,8,6,0,95,0,0,0,95
02/16/2021,SDF,KY,ASO,CE,Combined TRACON& Tower with Radar,241,16,16,0,273,0,0,1,0,1,241,16,17,0,274,0,0,0,274
02/17/2021,SDF,KY,ASO,CE,Combined TRACON& Tower with Radar,421,33,14,0,468,0,4,1,0,5,421,37,15,0,473,0,0,0,473
02/18/2021,SDF,KY,ASO,CE,Combined TRACON& Tower with Radar,426,39,12,4,481,0,0,0,0,0,426,39,12,4,481,0,0,0,481
02/19/2021,SDF,KY,ASO,CE,Combined TRACON& Tower with Radar,413,50,7,5,475,0,4,6,0,10,413,54,13,5,485,0,0,0,485
02/20/2021,SDF,KY,ASO,CE,Combined TRACON& Tower with Radar,246,51,12,3,312,0,3,15,2,20,246,54,27,5,332,0,0,0,332
02/21/2021,SDF,KY,ASO,CE,Combined TRACON& Tower with Radar,177,30,15,0,222,0,5,5,0,10,177,35,20,0,232,0,0,0,232
02/22/2021,SDF,KY,ASO,CE,Combined TRACON& Tower with Radar,188,32,12,1,233,0,1,0,0,1,188,33,12,1,234,0,0,0,234
02/23/2021,SDF,KY,ASO,CE,Combined TRACON& Tower with Radar,484,37,15,5,541,0,3,13,4,20,484,40,28,9,561,0,2,2,563
02/24/2021,SDF,KY,ASO,CE,Combined TRACON& Tower with Radar,456,34,25,3,518,0,10,7,11,28,456,44,32,14,546,0,0,0,546
02/25/2021,SDF,KY,ASO,CE,Combined TRACON& Tower with Radar,468,48,19,7,542,0,1,12,5,18,468,49,31,12,560,0,0,0,560
02/26/2021,SDF,KY,ASO,CE,Combined TRACON& Tower with Radar,399,44,12,6,461,0,2,5,1,8,399,46,17,7,469,0,0,0,469
02/27/2021,SDF,KY,ASO,CE,Combined TRACON& Tower with Radar,230,33,10,0,273,0,2,1,0,3,230,35,11,0,276,0,0,0,276
02/28/2021,SDF,KY,ASO,CE,Combined TRACON& Tower with Radar,182,24,8,8,222,0,0,0,0,0,182,24,8,8,222,0,0,0,222
03/01/2021,SDF,KY,ASO,CE,Combined TRACON& Tower with Radar,197,26,8,0,231,0,2,11,1,14,197,28,19,1,245,12,0,12,257
03/02/2021,SDF,KY,ASO,CE,Combined TRACON& Tower with Radar,487,34,14,4,539,0,2,5,6,13,487,36,19,10,552,3,0,3,555
03/03/2021,SDF,KY,ASO,CE,Combined TRACON& Tower with Radar,470,40,19,7,536,0,6,6,5,17,470,46,25,12,553,0,0,0,553
03/04/2021,SDF,KY,ASO,CE,Combined TRACON& Tower with Radar,467,52,11,26,556,0,1,7,7,15,467,53,18,33,571,2,0,2,573
03/05/2021,SDF,KY,ASO,CE,Combined TRACON& Tower with Radar,405,49,13,9,476,0,0,5,3,8,405,49,18,12,484,0,0,0,484
03/06/2021,SDF,KY,ASO,CE,Combined TRACON& Tower with Radar,234,47,25,3,309,0,0,8,2,10,234,47,33,5,319,0,0,0,319
03/07/2021,SDF,KY,ASO,CE,Combined TRACON& Tower with Radar,184,28,10,6,228,0,8,4,2,14,184,36,14,8,242,2,0,2,244
03/08/2021,SDF,KY,ASO,CE,Combined TRACON& Tower with Radar,215,31,15,5,266,0,2,7,0,9,215,33,22,5,275,0,0,0,275
03/09/2021,SDF,KY,ASO,CE,Combined TRACON& Tower with Radar,474,56,10,3,543,0,5,15,4,24,474,61,25,7,567,20,0,20,587
03/10/2021,SDF,KY,ASO,CE,Combined TRACON& Tower with Radar,477,49,18,2,546,0,7,3,0,10,477,56,21,2,556,0,0,0,556
03/11/2021,SDF,KY,ASO,CE,Combined TRACON& Tower with Radar,494,54,22,3,573,0,2,8,2,12,494,56,30,5,585,0,0,0,585
03/12/2021,SDF,KY,ASO,CE,Combined TRACON& Tower with Radar,421,49,14,15,499,0,1,0,0,1,421,50,14,15,500,0,0,0,500
03/13/2021,SDF,KY,ASO,CE,Combined TRACON& Tower with Radar,249,46,19,1,315,0,3,11,11,25,249,49,30,12,340,22,0,22,362
03/14/2021,SDF,KY,ASO,CE,Combined TRACON& Tower with Radar,185,28,12,3,228,0,0,5,0,5,185,28,17,3,233,0,0,0,233
03/15/2021,SDF,KY,ASO,CE,Combined TRACON& Tower with Radar,209,24,5,0,238,0,2,0,0,2,209,26,5,0,240,0,0,0,240
03/16/2021,SDF,KY,ASO,CE,Combined TRACON& Tower with Radar,500,51,25,6,582,0,0,11,3,14,500,51,36,9,596,0,0,0,596
03/17/2021,SDF,KY,ASO,CE,Combined TRACON& Tower with Radar,465,47,19,2,533,0,2,1,2,5,465,49,20,4,538,0,0,0,538
03/18/2021,SDF,KY,ASO,CE,Combined TRACON& Tower with Radar,500,43,24,5,572,0,2,0,3,5,500,45,24,8,577,0,0,0,577
03/19/2021,SDF,KY,ASO,CE,Combined TRACON& Tower with Radar,416,60,18,4,498,0,4,5,0,9,416,64,23,4,507,0,0,0,507
03/20/2021,SDF,KY,ASO,CE,Combined TRACON& Tower with Radar,250,48,16,15,329,0,2,10,7,19,250,50,26,22,348,14,0,14,362
03/21/2021,SDF,KY,ASO,CE,Combined TRACON& Tower with Radar,206,23,16,6,251,0,9,9,0,18,206,32,25,6,269,0,0,0,269
03/22/2021,SDF,KY,ASO,CE,Combined TRACON& Tower with Radar,215,35,11,0,261,0,0,11,1,12,215,35,22,1,273,0,0,0,273
03/23/2021,SDF,KY,ASO,CE,Combined TRACON& Tower with Radar,489,44,16,2,551,0,6,7,6,19,489,50,23,8,570,0,0,0,570
03/24/2021,SDF,KY,ASO,CE,Combined TRACON& Tower with Radar,482,41,18,1,542,0,6,0,3,9,482,47,18,4,551,0,0,0,551
03/25/2021,SDF,KY,ASO,CE,Combined TRACON& Tower with Radar,483,54,9,1,547,0,0,0,3,3,483,54,9,4,550,0,0,0,550
03/26/2021,SDF,KY,ASO,CE,Combined TRACON& Tower with Radar,432,64,16,2,514,0,0,7,2,9,432,64,23,4,523,0,0,0,523
03/27/2021,SDF,KY,ASO,CE,Combined TRACON& Tower with Radar,261,54,26,2,343,0,7,9,4,20,261,61,35,6,363,0,0,0,363
03/28/2021,SDF,KY,ASO,CE,Combined TRACON& Tower with Radar,201,25,15,1,242,0,2,0,2,4,201,27,15,3,246,0,0,0,246
03/29/2021,SDF,KY,ASO,CE,Combined TRACON& Tower with Radar,217,31,4,0,252,0,6,10,0,16,217,37,14,0,268,0,0,0,268
03/30/2021,SDF,KY,ASO,CE,Combined TRACON& Tower with Radar,500,48,10,4,562,0,2,0,4,6,500,50,10,8,568,0,0,0,568
03/31/2021,SDF,KY,ASO,CE,Combined TRACON& Tower with Radar,487,34,12,8,541,0,0,10,2,12,487,34,22,10,553,0,0,0,553
04/01/2021,SDF,KY,ASO,CE,Combined TRACON& Tower with Radar,485,45,16,6,552,0,2,2,1,5,485,47,18,7,557,0,0,0,557
04/02/2021,SDF,KY,ASO,CE,Combined TRACON& Tower with Radar,425,51,5,3,484,0,0,5,0,5,425,51,10,3,489,0,0,0,489
04/03/2021,SDF,KY,ASO,CE,Combined TRACON& Tower with Radar,257,43,30,1,331,0,9,8,0,17,257,52,38,1,348,0,0,0,348
04/04/2021,SDF,KY,ASO,CE,Combined TRACON& Tower with Radar,197,29,15,0,241,0,2,6,0,8,197,31,21,0,249,14,0,14,263
04/05/2021,SDF,KY,ASO,CE,Combined TRACON& Tower with Radar,225,25,20,0,270,0,0,5,0,5,225,25,25,0,275,2,0,2,277
04/06/2021,SDF,KY,ASO,CE,Combined TRACON& Tower with Radar,492,42,38,5,577,0,2,8,2,12,492,44,46,7,589,8,0,8,597
04/07/2021,SDF,KY,ASO,CE,Combined TRACON& Tower with Radar,483,44,23,2,552,0,5,9,2,16,483,49,32,4,568,0,0,0,568
04/08/2021,SDF,KY,ASO,CE,Combined TRACON& Tower with Radar,499,72,9,0,580,0,1,0,0,1,499,73,9,0,581,0,0,0,581
04/09/2021,SDF,KY,ASO,CE,Combined TRACON& Tower with Radar,420,46,13,3,482,0,11,4,0,15,420,57,17,3,497,0,0,0,497
04/10/2021,SDF,KY,ASO,CE,Combined TRACON& Tower with Radar,255,32,11,1,299,0,4,0,0,4,255,36,11,1,303,0,0,0,303
04/11/2021,SDF,KY,ASO,CE,Combined TRACON& Tower with Radar,194,26,11,1,232,0,2,2,1,5,194,28,13,2,237,0,0,0,237
04/12/2021,SDF,KY,ASO,CE,Combined TRACON& Tower with Radar,224,47,6,6,283,0,3,3,0,6,224,50,9,6,289,0,0,0,289
04/13/2021,SDF,KY,ASO,CE,Combined TRACON& Tower with Radar,494,38,17,2,551,0,1,10,2,13,494,39,27,4,564,6,0,6,570
04/14/2021,SDF,KY,ASO,CE,Combined TRACON& Tower with Radar,482,44,17,2,545,0,2,4,0,6,482,46,21,2,551,0,0,0,551
04/15/2021,SDF,KY,ASO,CE,Combined TRACON& Tower with Radar,494,48,28,19,589,0,2,4,5,11,494,50,32,24,600,0,0,0,600
04/16/2021,SDF,KY,ASO,CE,Combined TRACON& Tower with Radar,423,45,17,6,491,0,4,8,3,15,423,49,25,9,506,24,0,24,530
04/17/2021,SDF,KY,ASO,CE,Combined TRACON& Tower with Radar,251,34,16,24,325,1,7,12,10,30,252,41,28,34,355,0,0,0,355
04/18/2021,SDF,KY,ASO,CE,Combined TRACON& Tower with Radar,206,29,14,9,258,0,2,8,0,10,206,31,22,9,268,0,0,0,268
04/19/2021,SDF,KY,ASO,CE,Combined TRACON& Tower with Radar,221,34,14,0,269,0,5,7,0,12,221,39,21,0,281,0,0,0,281
04/20/2021,SDF,KY,ASO,CE,Combined TRACON& Tower with Radar,481,49,14,0,544,0,5,6,0,11,481,54,20,0,555,0,0,0,555
04/21/2021,SDF,KY,ASO,CE,Combined TRACON& Tower with Radar,492,35,27,2,556,0,6,14,0,20,492,41,41,2,576,36,0,36,612
04/22/2021,SDF,KY,ASO,CE,Combined TRACON& Tower with Radar,489,44,19,23,575,0,0,12,4,16,489,44,31,27,591,37,0,37,628
04/23/2021,SDF,KY,ASO,CE,Combined TRACON& Tower with Radar,429,42,13,9,493,0,10,19,0,29,429,52,32,9,522,0,0,0,522
04/24/2021,SDF,KY,ASO,CE,Combined TRACON& Tower with Radar,245,31,3,3,282,0,0,0,1,1,245,31,3,4,283,0,0,0,283
04/25/2021,SDF,KY,ASO,CE,Combined TRACON& Tower with Radar,202,31,16,5,254,0,7,2,1,10,202,38,18,6,264,0,0,0,264
04/26/2021,SDF,KY,ASO,CE,Combined TRACON& Tower with Radar,224,24,20,3,271,0,2,20,1,23,224,26,40,4,294,12,0,12,306
04/27/2021,SDF,KY,ASO,CE,Combined TRACON& Tower with Radar,501,41,16,7,565,0,3,7,1,11,501,44,23,8,576,0,0,0,576
04/28/2021,SDF,KY,ASO,CE,Combined TRACON& Tower with Radar,488,60,17,2,567,0,5,1,1,7,488,65,18,3,574,0,0,0,574
04/29/2021,SDF,KY,ASO,CE,Combined TRACON& Tower with Radar,523,123,118,7,771,0,1,4,1,6,523,124,122,8,777,0,0,0,777
04/30/2021,SDF,KY,ASO,CE,Combined TRACON& Tower with Radar,425,76,64,4,569,0,11,9,0,20,425,87,73,4,589,8,0,8,597
05/01/2021,SDF,KY,ASO,CE,Combined TRACON& Tower with Radar,249,107,93,5,454,0,13,12,1,26,249,120,105,6,480,0,0,0,480
05/02/2021,SDF,KY,ASO,CE,Combined TRACON& Tower with Radar,209,126,132,2,469,0,1,2,0,3,209,127,134,2,472,0,0,0,472
05/03/2021,SDF,KY,ASO,CE,Combined TRACON& Tower with Radar,222,44,20,2,288,0,0,2,0,2,222,44,22,2,290,0,0,0,290
05/04/2021,SDF,KY,ASO,CE,Combined TRACON& Tower with Radar,506,40,7,6,559,0,3,1,5,9,506,43,8,11,568,0,0,0,568
05/05/2021,SDF,KY,ASO,CE,Combined TRACON& Tower with Radar,507,45,18,6,576,0,4,5,2,11,507,49,23,8,587,0,0,0,587
05/06/2021,SDF,KY,ASO,CE,Combined TRACON& Tower with Radar,502,49,27,6,584,0,0,6,2,8,502,49,33,8,592,0,0,0,592
05/07/2021,SDF,KY,ASO,CE,Combined TRACON& Tower with Radar,460,51,20,3,534,0,1,9,0,10,460,52,29,3,544,0,0,0,544
05/08/2021,SDF,KY,ASO,CE,Combined TRACON& Tower with Radar,278,40,18,0,336,0,2,6,0,8,278,42,24,0,344,0,0,0,344
05/09/2021,SDF,KY,ASO,CE,Combined TRACON& Tower with Radar,206,32,5,0,243,0,0,0,0,0,206,32,5,0,243,0,0,0,243
05/10/2021,SDF,KY,ASO,CE,Combined TRACON& Tower with Radar,225,35,15,16,291,0,9,3,2,14,225,44,18,18,305,0,0,0,305
05/11/2021,SDF,KY,ASO,CE,Combined TRACON& Tower with Radar,505,40,19,4,568,0,4,7,4,15,505,44,26,8,583,14,0,14,597
05/12/2021,SDF,KY,ASO,CE,Combined TRACON& Tower with Radar,508,45,41,7,601,0,0,8,4,12,508,45,49,11,613,0,0,0,613
05/13/2021,SDF,KY,ASO,CE,Combined TRACON& Tower with Radar,501,44,18,4,567,0,4,2,4,10,501,48,20,8,577,0,0,0,577
05/14/2021,SDF,KY,ASO,CE,Combined TRACON& Tower with Radar,431,54,15,1,501,0,3,8,0,11,431,57,23,1,512,10,0,10,522
05/15/2021,SDF,KY,ASO,CE,Combined TRACON& Tower with Radar,235,38,17,10,300,0,5,14,8,27,235,43,31,18,327,20,0,20,347
05/16/2021,SDF,KY,ASO,CE,Combined TRACON& Tower with Radar,188,34,12,9,243,0,2,4,1,7,188,36,16,10,250,0,0,0,250
05/17/2021,SDF,KY,ASO,CE,Combined TRACON& Tower with Radar,228,34,9,4,275,0,2,4,0,6,228,36,13,4,281,0,0,0,281
05/18/2021,SDF,KY,ASO,CE,Combined TRACON& Tower with Radar,510,48,32,5,595,0,4,5,2,11,510,52,37,7,606,0,0,0,606
05/19/2021,SDF,KY,ASO,CE,Combined TRACON& Tower with Radar,495,61,36,5,597,0,4,16,0,20,495,65,52,5,617,9,0,9,626
05/20/2021,SDF,KY,ASO,CE,Combined TRACON& Tower with Radar,504,51,13,18,586,0,10,9,5,24,504,61,22,23,610,0,0,0,610
05/21/2021,SDF,KY,ASO,CE,Combined TRACON& Tower with Radar,425,48,13,8,494,0,7,7,1,15,425,55,20,9,509,0,0,0,509
05/22/2021,SDF,KY,ASO,CE,Combined TRACON& Tower with Radar,243,42,8,20,313,0,5,9,5,19,243,47,17,25,332,0,0,0,332
05/23/2021,SDF,KY,ASO,CE,Combined TRACON& Tower with Radar,205,28,22,3,258,0,9,5,2,16,205,37,27,5,274,0,0,0,274
05/24/2021,SDF,KY,ASO,CE,Combined TRACON& Tower with Radar,228,27,17,9,281,0,3,8,3,14,228,30,25,12,295,0,0,0,295
05/25/2021,SDF,KY,ASO,CE,Combined TRACON& Tower with Radar,506,46,30,4,586,0,4,4,3,11,506,50,34,7,597,0,0,0,597
05/26/2021,SDF,KY,ASO,CE,Combined TRACON& Tower with Radar,487,34,27,4,552,0,2,4,0,6,487,36,31,4,558,0,0,0,558
05/27/2021,SDF,KY,ASO,CE,Combined TRACON& Tower with Radar,517,54,24,8,603,0,0,6,3,9,517,54,30,11,612,4,0,4,616
05/28/2021,SDF,KY,ASO,CE,Combined TRACON& Tower with Radar,444,48,10,0,502,0,2,4,0,6,444,50,14,0,508,0,0,0,508
05/29/2021,SDF,KY,ASO,CE,Combined TRACON& Tower with Radar,276,39,20,0,335,0,2,0,0,2,276,41,20,0,337,0,0,0,337
05/30/2021,SDF,KY,ASO,CE,Combined TRACON& Tower with Radar,178,20,12,0,210,0,2,12,2,16,178,22,24,2,226,22,0,22,248
05/31/2021,SDF,KY,ASO,CE,Combined TRACON& Tower with Radar,162,26,7,0,195,0,9,10,0,19,162,35,17,0,214,0,0,0,214
06/01/2021,SDF,KY,ASO,CE,Combined TRACON& Tower with Radar,326,47,18,0,391,0,4,6,0,10,326,51,24,0,401,0,0,0,401
06/02/2021,SDF,KY,ASO,CE,Combined TRACON& Tower with Radar,531,45,17,6,599,0,0,2,0,2,531,45,19,6,601,0,0,0,601
06/03/2021,SDF,KY,ASO,CE,Combined TRACON& Tower with Radar,536,46,23,1,606,0,6,0,1,7,536,52,23,2,613,0,0,0,613
06/04/2021,SDF,KY,ASO,CE,Combined TRACON& Tower with Radar,476,60,15,7,558,0,5,4,0,9,476,65,19,7,567,0,0,0,567
06/05/2021,SDF,KY,ASO,CE,Combined TRACON& Tower with Radar,270,57,24,0,351,0,4,8,1,13,270,61,32,1,364,0,0,0,364
06/06/2021,SDF,KY,ASO,CE,Combined TRACON& Tower with Radar,222,33,25,7,287,0,4,2,1,7,222,37,27,8,294,0,0,0,294
06/07/2021,SDF,KY,ASO,CE,Combined TRACON& Tower with Radar,258,37,15,0,310,0,1,9,0,10,258,38,24,0,320,0,0,0,320
06/08/2021,SDF,KY,ASO,CE,Combined TRACON& Tower with Radar,533,57,27,2,619,0,3,2,0,5,533,60,29,2,624,6,0,6,630
06/09/2021,SDF,KY,ASO,CE,Combined TRACON& Tower with Radar,520,46,24,4,594,0,0,6,0,6,520,46,30,4,600,0,0,0,600
06/10/2021,SDF,KY,ASO,CE,Combined TRACON& Tower with Radar,536,41,27,2,606,0,1,3,0,4,536,42,30,2,610,0,0,0,610
06/11/2021,SDF,KY,ASO,CE,Combined TRACON& Tower with Radar,462,49,17,9,537,0,2,3,6,11,462,51,20,15,548,0,0,0,548
06/12/2021,SDF,KY,ASO,CE,Combined TRACON& Tower with Radar,285,55,20,6,366,0,2,13,0,15,285,57,33,6,381,0,0,0,381
06/13/2021,SDF,KY,ASO,CE,Combined TRACON& Tower with Radar,225,38,26,2,291,0,5,1,6,12,225,43,27,8,303,0,0,0,303
06/14/2021,SDF,KY,ASO,CE,Combined TRACON& Tower with Radar,252,34,17,0,303,0,10,0,4,14,252,44,17,4,317,0,0,0,317
06/15/2021,SDF,KY,ASO,CE,Combined TRACON& Tower with Radar,543,60,16,1,620,0,0,6,0,6,543,60,22,1,626,0,0,0,626
06/16/2021,SDF,KY,ASO,CE,Combined TRACON& Tower with Radar,526,54,20,3,603,0,6,6,0,12,526,60,26,3,615,2,0,2,617
06/17/2021,SDF,KY,ASO,CE,Combined TRACON& Tower with Radar,530,59,34,0,623,0,4,9,4,17,530,63,43,4,640,24,0,24,664
06/18/2021,SDF,KY,ASO,CE,Combined TRACON& Tower with Radar,462,53,33,6,554,0,8,1,0,9,462,61,34,6,563,0,0,0,563
06/19/2021,SDF,KY,ASO,CE,Combined TRACON& Tower with Radar,280,36,16,0,332,0,5,7,0,12,280,41,23,0,344,0,0,0,344
06/20/2021,SDF,KY,ASO,CE,Combined TRACON& Tower with Radar,231,28,10,1,270,0,3,5,0,8,231,31,15,1,278,6,0,6,284
06/21/2021,SDF,KY,ASO,CE,Combined TRACON& Tower with Radar,256,36,29,4,325,0,0,3,0,3,256,36,32,4,328,0,0,0,328
06/22/2021,SDF,KY,ASO,CE,Combined TRACON& Tower with Radar,546,54,38,0,638,0,3,13,5,21,546,57,51,5,659,0,0,0,659
06/23/2021,SDF,KY,ASO,CE,Combined TRACON& Tower with Radar,543,43,33,3,622,0,5,5,1,11,543,48,38,4,633,0,0,0,633
06/24/2021,SDF,KY,ASO,CE,Combined TRACON& Tower with Radar,526,47,37,15,625,0,3,8,10,21,526,50,45,25,646,0,0,0,646
06/25/2021,SDF,KY,ASO,CE,Combined TRACON& Tower with Radar,470,65,21,6,562,0,5,6,0,11,470,70,27,6,573,0,0,0,573
06/26/2021,SDF,KY,ASO,CE,Combined TRACON& Tower with Radar,283,42,24,0,349,0,4,5,0,9,283,46,29,0,358,7,0,7,365
06/27/2021,SDF,KY,ASO,CE,Combined TRACON& Tower with Radar,230,28,14,3,275,0,9,11,0,20,230,37,25,3,295,4,0,4,299
06/28/2021,SDF,KY,ASO,CE,Combined TRACON& Tower with Radar,260,37,24,2,323,0,2,11,0,13,260,39,35,2,336,0,0,0,336
06/29/2021,SDF,KY,ASO,CE,Combined TRACON& Tower with Radar,541,48,19,2,610,0,5,1,2,8,541,53,20,4,618,0,0,0,618
06/30/2021,SDF,KY,ASO,CE,Combined TRACON& Tower with Radar,526,49,25,2,602,0,5,2,0,7,526,54,27,2,609,0,0,0,609
07/01/2021,SDF,KY,ASO,CE,Combined TRACON& Tower with Radar,544,55,17,2,618,0,0,7,0,7,544,55,24,2,625,12,0,12,637
07/02/2021,SDF,KY,ASO,CE,Combined TRACON& Tower with Radar,456,58,18,0,532,0,2,3,0,5,456,60,21,0,537,0,0,0,537
07/03/2021,SDF,KY,ASO,CE,Combined TRACON& Tower with Radar,294,45,11,0,350,0,3,14,0,17,294,48,25,0,367,0,0,0,367
07/04/2021,SDF,KY,ASO,CE,Combined TRACON& Tower with Radar,214,21,5,0,240,0,4,4,0,8,214,25,9,0,248,0,0,0,248
07/05/2021,SDF,KY,ASO,CE,Combined TRACON& Tower with Radar,179,30,17,0,226,0,2,5,0,7,179,32,22,0,233,0,0,0,233
07/06/2021,SDF,KY,ASO,CE,Combined TRACON& Tower with Radar,338,34,26,2,400,0,1,3,0,4,338,35,29,2,404,0,0,0,404
07/07/2021,SDF,KY,ASO,CE,Combined TRACON& Tower with Radar,534,52,22,5,613,0,3,5,2,10,534,55,27,7,623,0,0,0,623
07/08/2021,SDF,KY,ASO,CE,Combined TRACON& Tower with Radar,551,63,27,6,647,0,2,5,0,7,551,65,32,6,654,0,0,0,654
07/09/2021,SDF,KY,ASO,CE,Combined TRACON& Tower with Radar,462,63,20,12,557,0,5,8,0,13,462,68,28,12,570,0,0,0,570
07/10/2021,SDF,KY,ASO,CE,Combined TRACON& Tower with Radar,286,57,21,2,366,0,0,1,0,1,286,57,22,2,367,0,0,0,367
07/11/2021,SDF,KY,ASO,CE,Combined TRACON& Tower with Radar,235,31,17,1,284,0,1,3,0,4,235,32,20,1,288,0,0,0,288
07/12/2021,SDF,KY,ASO,CE,Combined TRACON& Tower with Radar,259,35,22,3,319,0,2,2,0,4,259,37,24,3,323,0,0,0,323
07/13/2021,SDF,KY,ASO,CE,Combined TRACON& Tower with Radar,546,56,29,8,639,0,2,0,10,12,546,58,29,18,651,0,0,0,651
07/14/2021,SDF,KY,ASO,CE,Combined TRACON& Tower with Radar,524,57,27,4,612,0,5,7,3,15,524,62,34,7,627,0,0,0,627
07/15/2021,SDF,KY,ASO,CE,Combined TRACON& Tower with Radar,521,60,26,5,612,0,2,6,3,11,521,62,32,8,623,0,0,0,623
07/16/2021,SDF,KY,ASO,CE,Combined TRACON& Tower with Radar,446,56,20,2,524,0,2,5,1,8,446,58,25,3,532,0,0,0,532
07/17/2021,SDF,KY,ASO,CE,Combined TRACON& Tower with Radar,301,53,16,1,371,0,8,3,0,11,301,61,19,1,382,0,0,0,382
07/18/2021,SDF,KY,ASO,CE,Combined TRACON& Tower with Radar,244,34,24,0,302,0,7,6,0,13,244,41,30,0,315,0,0,0,315
07/19/2021,SDF,KY,ASO,CE,Combined TRACON& Tower with Radar,265,44,19,6,334,0,5,12,2,19,265,49,31,8,353,0,0,0,353
07/20/2021,SDF,KY,ASO,CE,Combined TRACON& Tower with Radar,542,60,20,12,634,0,7,12,3,22,542,67,32,15,656,14,0,14,670
07/21/2021,SDF,KY,ASO,CE,Combined TRACON& Tower with Radar,529,63,17,8,617,0,3,6,2,11,529,66,23,10,628,0,0,0,628
07/22/2021,SDF,KY,ASO,CE,Combined TRACON& Tower with Radar,540,63,27,9,639,0,4,3,2,9,540,67,30,11,648,0,0,0,648
07/23/2021,SDF,KY,ASO,CE,Combined TRACON& Tower with Radar,455,53,16,10,534,0,6,3,3,12,455,59,19,13,546,0,0,0,546
07/24/2021,SDF,KY,ASO,CE,Combined TRACON& Tower with Radar,286,55,13,4,358,0,4,8,1,13,286,59,21,5,371,12,0,12,383
07/25/2021,SDF,KY,ASO,CE,Combined TRACON& Tower with Radar,247,35,19,6,307,0,1,5,2,8,247,36,24,8,315,0,0,0,315
07/26/2021,SDF,KY,ASO,CE,Combined TRACON& Tower with Radar,256,37,24,1,318,0,6,7,0,13,256,43,31,1,331,0,0,0,331
07/27/2021,SDF,KY,ASO,CE,Combined TRACON& Tower with Radar,532,43,19,9,603,0,4,2,3,9,532,47,21,12,612,0,0,0,612
07/28/2021,SDF,KY,ASO,CE,Combined TRACON& Tower with Radar,525,55,20,5,605,0,2,7,10,19,525,57,27,15,624,0,0,0,624
07/29/2021,SDF,KY,ASO,CE,Combined TRACON& Tower with Radar,528,61,27,3,619,0,2,6,1,9,528,63,33,4,628,0,0,0,628
07/30/2021,SDF,KY,ASO,CE,Combined TRACON& Tower with Radar,471,56,49,8,584,0,5,11,2,18,471,61,60,10,602,10,0,10,612
07/31/2021,SDF,KY,ASO,CE,Combined TRACON& Tower with Radar,283,47,8,2,340,0,2,3,0,5,283,49,11,2,345,0,0,0,345
08/01/2021,SDF,KY,ASO,CE,Combined TRACON& Tower with Radar,236,37,21,6,300,0,1,5,0,6,236,38,26,6,306,0,0,0,306
08/02/2021,SDF,KY,ASO,CE,Combined TRACON& Tower with Radar,248,40,20,2,310,0,5,13,0,18,248,45,33,2,328,3,0,3,331
08/03/2021,SDF,KY,ASO,CE,Combined TRACON& Tower with Radar,525,54,20,7,606,0,4,8,4,16,525,58,28,11,622,0,0,0,622
08/04/2021,SDF,KY,ASO,CE,Combined TRACON& Tower with Radar,520,55,17,25,617,0,5,18,7,30,520,60,35,32,647,0,0,0,647
08/05/2021,SDF,KY,ASO,CE,Combined TRACON& Tower with Radar,510,63,31,4,608,0,6,8,2,16,510,69,39,6,624,4,0,4,628
08/06/2021,SDF,KY,ASO,CE,Combined TRACON& Tower with Radar,455,43,16,11,525,0,2,7,0,9,455,45,23,11,534,0,0,0,534
08/07/2021,SDF,KY,ASO,CE,Combined TRACON& Tower with Radar,276,41,20,7,344,0,12,8,0,20,276,53,28,7,364,0,0,0,364
08/08/2021,SDF,KY,ASO,CE,Combined TRACON& Tower with Radar,226,36,31,13,306,0,6,3,3,12,226,42,34,16,318,10,0,10,328
08/09/2021,SDF,KY,ASO,CE,Combined TRACON& Tower with Radar,267,33,15,2,317,0,2,3,0,5,267,35,18,2,322,0,0,0,322
08/10/2021,SDF,KY,ASO,CE,Combined TRACON& Tower with Radar,530,47,12,1,590,0,2,4,5,11,530,49,16,6,601,0,0,0,601
08/11/2021,SDF,KY,ASO,CE,Combined TRACON& Tower with Radar,529,47,20,11,607,0,2,4,1,7,529,49,24,12,614,0,0,0,614
08/12/2021,SDF,KY,ASO,CE,Combined TRACON& Tower with Radar,534,51,21,2,608,0,4,5,2,11,534,55,26,4,619,0,0,0,619
08/13/2021,SDF,KY,ASO,CE,Combined TRACON& Tower with Radar,460,53,17,23,553,0,0,4,2,6,460,53,21,25,559,0,0,0,559
08/14/2021,SDF,KY,ASO,CE,Combined TRACON& Tower with Radar,280,40,5,2,327,0,4,2,0,6,280,44,7,2,333,0,0,0,333
08/15/2021,SDF,KY,ASO,CE,Combined TRACON& Tower with Radar,238,33,14,11,296,0,2,0,0,2,238,35,14,11,298,0,0,0,298
08/16/2021,SDF,KY,ASO,CE,Combined TRACON& Tower with Radar,269,36,14,2,321,0,4,0,0,4,269,40,14,2,325,0,0,0,325
08/17/2021,SDF,KY,ASO,CE,Combined TRACON& Tower with Radar,528,53,12,6,599,0,0,3,8,11,528,53,15,14,610,0,14,14,624
08/18/2021,SDF,KY,ASO,CE,Combined TRACON& Tower with Radar,520,49,20,3,592,0,0,3,3,6,520,49,23,6,598,0,0,0,598
08/19/2021,SDF,KY,ASO,CE,Combined TRACON& Tower with Radar,530,59,21,0,610,0,3,2,3,8,530,62,23,3,618,0,0,0,618
08/20/2021,SDF,KY,ASO,CE,Combined TRACON& Tower with Radar,458,54,16,22,550,0,3,13,4,20,458,57,29,26,570,0,0,0,570
08/21/2021,SDF,KY,ASO,CE,Combined TRACON& Tower with Radar,290,62,20,12,384,0,4,15,0,19,290,66,35,12,403,0,0,0,403
08/22/2021,SDF,KY,ASO,CE,Combined TRACON& Tower with Radar,243,28,18,9,298,0,0,2,0,2,243,28,20,9,300,0,0,0,300
08/23/2021,SDF,KY,ASO,CE,Combined TRACON& Tower with Radar,264,42,16,3,325,0,2,10,2,14,264,44,26,5,339,0,0,0,339
08/24/2021,SDF,KY,ASO,CE,Combined TRACON& Tower with Radar,532,48,34,1,615,0,7,5,1,13,532,55,39,2,628,0,0,0,628
08/25/2021,SDF,KY,ASO,CE,Combined TRACON& Tower with Radar,534,63,19,0,616,0,2,6,4,12,534,65,25,4,628,0,0,0,628
08/26/2021,SDF,KY,ASO,CE,Combined TRACON& Tower with Radar,531,65,39,3,638,0,6,4,3,13,531,71,43,6,651,0,0,0,651
08/27/2021,SDF,KY,ASO,CE,Combined TRACON& Tower with Radar,452,52,24,3,531,0,6,2,0,8,452,58,26,3,539,0,0,0,539
08/28/2021,SDF,KY,ASO,CE,Combined TRACON& Tower with Radar,286,48,19,8,361,0,1,5,0,6,286,49,24,8,367,0,0,0,367
08/29/2021,SDF,KY,ASO,CE,Combined TRACON& Tower with Radar,234,46,32,2,314,0,10,6,0,16,234,56,38,2,330,12,0,12,342
08/30/2021,SDF,KY,ASO,CE,Combined TRACON& Tower with Radar,255,28,15,0,298,0,0,4,0,4,255,28,19,0,302,0,0,0,302
08/31/2021,SDF,KY,ASO,CE,Combined TRACON& Tower with Radar,535,53,22,3,613,0,0,0,0,0,535,53,22,3,613,0,0,0,613
09/01/2021,SDF,KY,ASO,CE,Combined TRACON& Tower with Radar,509,50,27,2,588,0,4,9,1,14,509,54,36,3,602,0,0,0,602
09/02/2021,SDF,KY,ASO,CE,Combined TRACON& Tower with Radar,529,50,20,8,607,0,3,2,3,8,529,53,22,11,615,0,0,0,615
09/03/2021,SDF,KY,ASO,CE,Combined TRACON& Tower with Radar,459,65,19,2,545,0,8,6,0,14,459,73,25,2,559,0,0,0,559
09/04/2021,SDF,KY,ASO,CE,Combined TRACON& Tower with Radar,293,45,5,0,343,0,6,7,0,13,293,51,12,0,356,0,0,0,356
09/05/2021,SDF,KY,ASO,CE,Combined TRACON& Tower with Radar,206,23,11,2,242,0,4,2,0,6,206,27,13,2,248,0,0,0,248
09/06/2021,SDF,KY,ASO,CE,Combined TRACON& Tower with Radar,177,27,16,0,220,0,2,10,0,12,177,29,26,0,232,0,0,0,232
09/07/2021,SDF,KY,ASO,CE,Combined TRACON& Tower with Radar,326,34,18,4,382,0,5,7,0,12,326,39,25,4,394,0,0,0,394
09/08/2021,SDF,KY,ASO,CE,Combined TRACON& Tower with Radar,555,57,27,10,649,0,4,2,0,6,555,61,29,10,655,0,0,0,655
09/09/2021,SDF,KY,ASO,CE,Combined TRACON& Tower with Radar,549,58,19,0,626,0,0,13,0,13,549,58,32,0,639,0,0,0,639
09/10/2021,SDF,KY,ASO,CE,Combined TRACON& Tower with Radar,472,67,16,14,569,0,11,4,14,29,472,78,20,28,598,0,0,0,598
09/11/2021,SDF,KY,ASO,CE,Combined TRACON& Tower with Radar,281,57,9,4,351,0,0,6,4,10,281,57,15,8,361,0,0,0,361
09/12/2021,SDF,KY,ASO,CE,Combined TRACON& Tower with Radar,235,31,11,2,279,0,6,5,1,12,235,37,16,3,291,0,0,0,291
09/13/2021,SDF,KY,ASO,CE,Combined TRACON& Tower with Radar,258,40,13,5,316,0,0,2,1,3,258,40,15,6,319,0,0,0,319
09/14/2021,SDF,KY,ASO,CE,Combined TRACON& Tower with Radar,548,46,22,1,617,0,3,2,0,5,548,49,24,1,622,0,0,0,622
09/15/2021,SDF,KY,ASO,CE,Combined TRACON& Tower with Radar,522,57,22,3,604,0,2,6,0,8,522,59,28,3,612,0,0,0,612
09/16/2021,SDF,KY,ASO,CE,Combined TRACON& Tower with Radar,545,59,20,2,626,0,1,2,0,3,545,60,22,2,629,0,0,0,629
09/17/2021,SDF,KY,ASO,CE,Combined TRACON& Tower with Radar,477,59,18,3,557,1,4,7,1,13,478,63,25,4,570,0,0,0,570
09/18/2021,SDF,KY,ASO,CE,Combined TRACON& Tower with Radar,290,44,7,4,345,0,8,6,0,14,290,52,13,4,359,0,0,0,359
09/19/2021,SDF,KY,ASO,CE,Combined TRACON& Tower with Radar,238,28,18,2,286,0,5,4,0,9,238,33,22,2,295,0,0,0,295
09/20/2021,SDF,KY,ASO,CE,Combined TRACON& Tower with Radar,268,31,18,1,318,0,0,0,0,0,268,31,18,1,318,0,0,0,318
09/21/2021,SDF,KY,ASO,CE,Combined TRACON& Tower with Radar,530,50,24,0,604,0,6,0,0,6,530,56,24,0,610,0,0,0,610
09/22/2021,SDF,KY,ASO,CE,Combined TRACON& Tower with Radar,525,49,22,1,597,0,0,1,0,1,525,49,23,1,598,0,0,0,598
09/23/2021,SDF,KY,ASO,CE,Combined TRACON& Tower with Radar,551,72,30,6,659,0,2,16,2,20,551,74,46,8,679,0,0,0,679
09/24/2021,SDF,KY,ASO,CE,Combined TRACON& Tower with Radar,474,60,31,2,567,0,3,13,3,19,474,63,44,5,586,0,0,0,586
09/25/2021,SDF,KY,ASO,CE,Combined TRACON& Tower with Radar,292,50,10,4,356,0,6,17,0,23,292,56,27,4,379,0,0,0,379
09/26/2021,SDF,KY,ASO,CE,Combined TRACON& Tower with Radar,242,38,34,2,316,0,2,8,0,10,242,40,42,2,326,0,0,0,326
09/27/2021,SDF,KY,ASO,CE,Combined TRACON& Tower with Radar,262,48,29,0,339,0,7,3,2,12,262,55,32,2,351,0,0,0,351
09/28/2021,SDF,KY,ASO,CE,Combined TRACON& Tower with Radar,539,79,50,1,669,0,3,4,2,9,539,82,54,3,678,0,0,0,678
09/29/2021,SDF,KY,ASO,CE,Combined TRACON& Tower with Radar,526,85,45,4,660,0,3,6,1,10,526,88,51,5,670,0,0,0,670
09/30/2021,SDF,KY,ASO,CE,Combined TRACON& Tower with Radar,544,67,31,2,644,0,1,4,2,7,544,68,35,4,651,0,0,0,651
10/01/2021,SDF,KY,ASO,CE,Combined TRACON& Tower with Radar,466,65,33,0,564,0,9,7,0,16,466,74,40,0,580,0,0,0,580
10/02/2021,SDF,KY,ASO,CE,Combined TRACON& Tower with Radar,279,55,15,2,351,0,6,8,0,14,279,61,23,2,365,0,0,0,365
10/03/2021,SDF,KY,ASO,CE,Combined TRACON& Tower with Radar,244,49,26,0,319,0,0,1,0,1,244,49,27,0,320,0,0,0,320
10/04/2021,SDF,KY,ASO,CE,Combined TRACON& Tower with Radar,250,38,25,3,316,0,6,8,0,14,250,44,33,3,330,0,0,0,330
10/05/2021,SDF,KY,ASO,CE,Combined TRACON& Tower with Radar,551,56,29,3,639,0,5,2,0,7,551,61,31,3,646,0,0,0,646
10/06/2021,SDF,KY,ASO,CE,Combined TRACON& Tower with Radar,525,54,38,2,619,0,1,3,0,4,525,55,41,2,623,0,0,0,623
10/07/2021,SDF,KY,ASO,CE,Combined TRACON& Tower with Radar,550,69,16,0,635,0,1,2,0,3,550,70,18,0,638,0,0,0,638
10/08/2021,SDF,KY,ASO,CE,Combined TRACON& Tower with Radar,457,82,23,2,564,0,2,1,0,3,457,84,24,2,567,0,0,0,567
10/09/2021,SDF,KY,ASO,CE,Combined TRACON& Tower with Radar,288,47,20,0,355,0,6,13,0,19,288,53,33,0,374,0,0,0,374
10/10/2021,SDF,KY,ASO,CE,Combined TRACON& Tower with Radar,220,41,24,2,287,0,2,6,0,8,220,43,30,2,295,0,0,0,295
10/11/2021,SDF,KY,ASO,CE,Combined TRACON& Tower with Radar,258,42,29,0,329,0,2,0,0,2,258,44,29,0,331,0,0,0,331
10/12/2021,SDF,KY,ASO,CE,Combined TRACON& Tower with Radar,550,65,27,4,646,0,4,0,0,4,550,69,27,4,650,0,0,0,650
10/13/2021,SDF,KY,ASO,CE,Combined TRACON& Tower with Radar,540,72,39,0,651,0,7,2,0,9,540,79,41,0,660,0,0,0,660
10/14/2021,SDF,KY,ASO,CE,Combined TRACON& Tower with Radar,541,63,24,2,630,0,0,4,0,4,541,63,28,2,634,0,0,0,634
10/15/2021,SDF,KY,ASO,CE,Combined TRACON& Tower with Radar,467,52,16,3,538,0,2,0,0,2,467,54,16,3,540,0,0,0,540
10/16/2021,SDF,KY,ASO,CE,Combined TRACON& Tower with Radar,299,48,14,0,361,0,8,7,0,15,299,56,21,0,376,0,0,0,376
10/17/2021,SDF,KY,ASO,CE,Combined TRACON& Tower with Radar,235,44,8,3,290,0,0,4,0,4,235,44,12,3,294,0,0,0,294
10/18/2021,SDF,KY,ASO,CE,Combined TRACON& Tower with Radar,264,47,17,4,332,0,8,8,0,16,264,55,25,4,348,0,0,0,348
10/19/2021,SDF,KY,ASO,CE,Combined TRACON& Tower with Radar,554,61,33,0,648,0,0,4,2,6,554,61,37,2,654,0,0,0,654
10/20/2021,SDF,KY,ASO,CE,Combined TRACON& Tower with Radar,534,63,36,1,634,0,5,6,4,15,534,68,42,5,649,0,0,0,649
10/21/2021,SDF,KY,ASO,CE,Combined TRACON& Tower with Radar,554,62,49,9,674,0,5,2,1,8,554,67,51,10,682,0,0,0,682
10/22/2021,SDF,KY,ASO,CE,Combined TRACON& Tower with Radar,457,70,29,12,568,0,2,4,2,8,457,72,33,14,576,0,0,0,576
10/23/2021,SDF,KY,ASO,CE,Combined TRACON& Tower with Radar,291,49,9,6,355,0,1,6,0,7,291,50,15,6,362,0,0,0,362
10/24/2021,SDF,KY,ASO,CE,Combined TRACON& Tower with Radar,237,37,17,5,296,0,2,2,0,4,237,39,19,5,300,0,0,0,300
10/25/2021,SDF,KY,ASO,CE,Combined TRACON& Tower with Radar,261,32,16,2,311,0,4,0,0,4,261,36,16,2,315,0,0,0,315
10/26/2021,SDF,KY,ASO,CE,Combined TRACON& Tower with Radar,554,56,18,1,629,0,0,4,3,7,554,56,22,4,636,16,0,16,652
10/27/2021,SDF,KY,ASO,CE,Combined TRACON& Tower with Radar,543,69,27,3,642,0,6,11,4,21,543,75,38,7,663,6,0,6,669
10/28/2021,SDF,KY,ASO,CE,Combined TRACON& Tower with Radar,535,46,30,3,614,0,1,4,2,7,535,47,34,5,621,0,0,0,621
10/29/2021,SDF,KY,ASO,CE,Combined TRACON& Tower with Radar,486,51,35,3,575,0,2,0,0,2,486,53,35,3,577,0,0,0,577
10/30/2021,SDF,KY,ASO,CE,Combined TRACON& Tower with Radar,278,42,13,1,334,0,0,0,0,0,278,42,13,1,334,0,0,0,334
10/31/2021,SDF,KY,ASO,CE,Combined TRACON& Tower with Radar,225,29,17,0,271,0,2,5,0,7,225,31,22,0,278,0,0,0,278
11/01/2021,SDF,KY,ASO,CE,Combined TRACON& Tower with Radar,259,39,21,5,324,0,4,0,0,4,259,43,21,5,328,0,0,0,328
11/02/2021,SDF,KY,ASO,CE,Combined TRACON& Tower with Radar,538,39,23,2,602,0,0,1,0,1,538,39,24,2,603,0,0,0,603
11/03/2021,SDF,KY,ASO,CE,Combined TRACON& Tower with Radar,546,49,29,27,651,0,3,7,3,13,546,52,36,30,664,0,0,0,664
11/04/2021,SDF,KY,ASO,CE,Combined TRACON& Tower with Radar,554,48,32,6,640,0,1,15,3,19,554,49,47,9,659,18,0,18,677
11/05/2021,SDF,KY,ASO,CE,Combined TRACON& Tower with Radar,479,49,29,20,577,0,2,3,2,7,479,51,32,22,584,0,0,0,584
11/06/2021,SDF,KY,ASO,CE,Combined TRACON& Tower with Radar,285,44,21,11,361,0,3,3,0,6,285,47,24,11,367,0,0,0,367
11/07/2021,SDF,KY,ASO,CE,Combined TRACON& Tower with Radar,247,29,17,1,294,0,7,8,1,16,247,36,25,2,310,0,0,0,310
11/08/2021,SDF,KY,ASO,CE,Combined TRACON& Tower with Radar,275,26,35,2,338,0,2,19,0,21,275,28,54,2,359,36,0,36,395
11/09/2021,SDF,KY,ASO,CE,Combined TRACON& Tower with Radar,543,40,29,1,613,0,4,9,0,13,543,44,38,1,626,0,0,0,626
11/10/2021,SDF,KY,ASO,CE,Combined TRACON& Tower with Radar,542,51,34,2,629,0,10,5,2,17,542,61,39,4,646,0,0,0,646
11/11/2021,SDF,KY,ASO,CE,Combined TRACON& Tower with Radar,574,45,18,0,637,0,2,1,0,3,574,47,19,0,640,0,0,0,640
11/12/2021,SDF,KY,ASO,CE,Combined TRACON& Tower with Radar,479,43,21,0,543,0,4,2,0,6,479,47,23,0,549,4,0,4,553
11/13/2021,SDF,KY,ASO,CE,Combined TRACON& Tower with Radar,287,33,16,0,336,0,2,8,0,10,287,35,24,0,346,0,0,0,346
11/14/2021,SDF,KY,ASO,CE,Combined TRACON& Tower with Radar,255,21,18,0,294,0,4,0,0,4,255,25,18,0,298,0,0,0,298
11/15/2021,SDF,KY,ASO,CE,Combined TRACON& Tower with Radar,271,35,27,0,333,0,8,11,2,21,271,43,38,2,354,0,0,0,354
11/16/2021,SDF,KY,ASO,CE,Combined TRACON& Tower with Radar,556,46,17,5,624,0,8,4,0,12,556,54,21,5,636,0,0,0,636
11/17/2021,SDF,KY,ASO,CE,Combined TRACON& Tower with Radar,554,56,19,2,631,0,4,6,0,10,554,60,25,2,641,0,0,0,641
11/18/2021,SDF,KY,ASO,CE,Combined TRACON& Tower with Radar,584,44,29,9,666,0,3,7,2,12,584,47,36,11,678,0,0,0,678
11/19/2021,SDF,KY,ASO,CE,Combined TRACON& Tower with Radar,499,44,37,6,586,0,5,8,1,14,499,49,45,7,600,2,0,2,602
11/20/2021,SDF,KY,ASO,CE,Combined TRACON& Tower with Radar,299,31,13,4,347,0,3,2,2,7,299,34,15,6,354,0,0,0,354
11/21/2021,SDF,KY,ASO,CE,Combined TRACON& Tower with Radar,276,30,12,0,318,0,0,0,0,0,276,30,12,0,318,0,0,0,318
11/22/2021,SDF,KY,ASO,CE,Combined TRACON& Tower with Radar,322,22,14,2,360,0,3,2,0,5,322,25,16,2,365,0,0,0,365
11/23/2021,SDF,KY,ASO,CE,Combined TRACON& Tower with Radar,665,49,29,2,745,0,2,6,0,8,665,51,35,2,753,0,0,0,753
11/24/2021,SDF,KY,ASO,CE,Combined TRACON& Tower with Radar,633,37,19,0,689,0,2,3,0,5,633,39,22,0,694,0,0,0,694
11/25/2021,SDF,KY,ASO,CE,Combined TRACON& Tower with Radar,229,23,6,0,258,0,0,3,0,3,229,23,9,0,261,0,0,0,261
11/26/2021,SDF,KY,ASO,CE,Combined TRACON& Tower with Radar,351,23,17,0,391,0,2,3,0,5,351,25,20,0,396,0,0,0,396
11/27/2021,SDF,KY,ASO,CE,Combined TRACON& Tower with Radar,329,41,24,0,394,0,1,7,0,8,329,42,31,0,402,0,0,0,402
11/28/2021,SDF,KY,ASO,CE,Combined TRACON& Tower with Radar,304,30,14,0,348,0,4,3,0,7,304,34,17,0,355,0,0,0,355
11/29/2021,SDF,KY,ASO,CE,Combined TRACON& Tower with Radar,385,27,24,0,436,0,6,3,0,9,385,33,27,0,445,0,0,0,445
11/30/2021,SDF,KY,ASO,CE,Combined TRACON& Tower with Radar,636,68,19,0,723,0,5,6,0,11,636,73,25,0,734,0,0,0,734
12/01/2021,SDF,KY,ASO,CE,Combined TRACON& Tower with Radar,625,52,29,2,708,0,3,4,0,7,625,55,33,2,715,0,0,0,715
12/02/2021,SDF,KY,ASO,CE,Combined TRACON& Tower with Radar,659,65,21,0,745,0,8,6,0,14,659,73,27,0,759,12,0,12,771
12/03/2021,SDF,KY,ASO,CE,Combined TRACON& Tower with Radar,551,56,11,2,620,0,4,6,0,10,551,60,17,2,630,0,0,0,630
12/04/2021,SDF,KY,ASO,CE,Combined TRACON& Tower with Radar,308,36,5,5,354,0,2,8,1,11,308,38,13,6,365,0,0,0,365
12/05/2021,SDF,KY,ASO,CE,Combined TRACON& Tower with Radar,289,31,14,4,338,0,0,0,0,0,289,31,14,4,338,0,0,0,338
12/06/2021,SDF,KY,ASO,CE,Combined TRACON& Tower with Radar,356,28,27,0,411,0,1,1,0,2,356,29,28,0,413,0,0,0,413
12/07/2021,SDF,KY,ASO,CE,Combined TRACON& Tower with Radar,628,59,27,0,714,0,1,2,0,3,628,60,29,0,717,0,0,0,717
12/08/2021,SDF,KY,ASO,CE,Combined TRACON& Tower with Radar,624,48,26,2,700,0,1,5,1,7,624,49,31,3,707,0,0,0,707
12/09/2021,SDF,KY,ASO,CE,Combined TRACON& Tower with Radar,635,52,27,1,715,0,3,7,0,10,635,55,34,1,725,0,0,0,725
12/10/2021,SDF,KY,ASO,CE,Combined TRACON& Tower with Radar,544,42,29,3,618,0,0,0,0,0,544,42,29,3,618,0,0,0,618
12/11/2021,SDF,KY,ASO,CE,Combined TRACON& Tower with Radar,307,42,7,0,356,0,5,1,0,6,307,47,8,0,362,0,0,0,362
12/12/2021,SDF,KY,ASO,CE,Combined TRACON& Tower with Radar,292,25,13,1,331,0,2,5,0,7,292,27,18,1,338,0,0,0,338
12/13/2021,SDF,KY,ASO,CE,Combined TRACON& Tower with Radar,372,33,18,4,427,0,2,5,0,7,372,35,23,4,434,0,0,0,434
12/14/2021,SDF,KY,ASO,CE,Combined TRACON& Tower with Radar,666,49,27,4,746,0,2,12,3,17,666,51,39,7,763,0,0,0,763
12/15/2021,SDF,KY,ASO,CE,Combined TRACON& Tower with Radar,670,52,43,5,770,0,5,3,3,11,670,57,46,8,781,0,0,0,781
12/16/2021,SDF,KY,ASO,CE,Combined TRACON& Tower with Radar,705,35,22,2,764,0,2,6,0,8,705,37,28,2,772,0,0,0,772
12/17/2021,SDF,KY,ASO,CE,Combined TRACON& Tower with Radar,675,43,31,3,752,0,3,4,0,7,675,46,35,3,759,0,0,0,759
12/18/2021,SDF,KY,ASO,CE,Combined TRACON& Tower with Radar,611,38,8,2,659,0,0,0,0,0,611,38,8,2,659,0,0,0,659
12/19/2021,SDF,KY,ASO,CE,Combined TRACON& Tower with Radar,574,30,14,1,619,0,1,7,0,8,574,31,21,1,627,0,0,0,627
12/20/2021,SDF,KY,ASO,CE,Combined TRACON& Tower with Radar,414,30,16,2,462,0,12,8,0,20,414,42,24,2,482,0,0,0,482
12/21/2021,SDF,KY,ASO,CE,Combined TRACON& Tower with Radar,688,46,11,2,747,0,4,3,6,13,688,50,14,8,760,0,0,0,760
12/22/2021,SDF,KY,ASO,CE,Combined TRACON& Tower with Radar,689,37,19,0,745,0,2,5,0,7,689,39,24,0,752,0,0,0,752
12/23/2021,SDF,KY,ASO,CE,Combined TRACON& Tower with Radar,685,46,13,0,744,0,3,11,0,14,685,49,24,0,758,0,0,0,758
12/24/2021,SDF,KY,ASO,CE,Combined TRACON& Tower with Radar,529,35,7,0,571,0,5,7,0,12,529,40,14,0,583,10,0,10,593
12/25/2021,SDF,KY,ASO,CE,Combined TRACON& Tower with Radar,167,8,6,0,181,0,5,1,0,6,167,13,7,0,187,0,0,0,187
12/26/2021,SDF,KY,ASO,CE,Combined TRACON& Tower with Radar,188,25,27,0,240,0,7,3,0,10,188,32,30,0,250,0,0,0,250
12/27/2021,SDF,KY,ASO,CE,Combined TRACON& Tower with Radar,269,26,11,0,306,0,6,3,0,9,269,32,14,0,315,0,0,0,315
12/28/2021,SDF,KY,ASO,CE,Combined TRACON& Tower with Radar,563,45,19,0,627,0,0,0,0,0,563,45,19,0,627,0,0,0,627
12/29/2021,SDF,KY,ASO,CE,Combined TRACON& Tower with Radar,542,34,6,0,582,0,2,4,0,6,542,36,10,0,588,0,0,0,588
12/30/2021,SDF,KY,ASO,CE,Combined TRACON& Tower with Radar,543,36,6,0,585,0,0,0,0,0,543,36,6,0,585,0,0,0,585
12/31/2021,SDF,KY,ASO,CE,Combined TRACON& Tower with Radar,430,37,10,0,477,0,4,2,0,6,430,41,12,0,483,0,0,0,483
01/01/2022,SDF,KY,ASO,CE,Combined TRACON& Tower with Radar,158,15,12,0,185,0,0,0,0,0,158,15,12,0,185,0,0,0,185
01/02/2022,SDF,KY,ASO,CE,Combined TRACON& Tower with Radar,203,19,19,0,241,0,0,0,0,0,203,19,19,0,241,0,0,0,241
01/03/2022,SDF,KY,ASO,CE,Combined TRACON& Tower with Radar,239,14,17,0,270,0,1,2,0,3,239,15,19,0,273,0,0,0,273
01/04/2022,SDF,KY,ASO,CE,Combined TRACON& Tower with Radar,517,41,15,0,573,0,8,1,0,9,517,49,16,0,582,0,0,0,582
01/05/2022,SDF,KY,ASO,CE,Combined TRACON& Tower with Radar,502,49,16,1,568,0,3,2,5,10,502,52,18,6,578,0,0,0,578
01/06/2022,SDF,KY,ASO,CE,Combined TRACON& Tower with Radar,490,52,7,9,558,0,3,0,0,3,490,55,7,9,561,0,0,0,561
01/07/2022,SDF,KY,ASO,CE,Combined TRACON& Tower with Radar,441,44,8,4,497,0,1,7,0,8,441,45,15,4,505,0,0,0,505
01/08/2022,SDF,KY,ASO,CE,Combined TRACON& Tower with Radar,263,33,7,2,305,0,0,0,0,0,263,33,7,2,305,0,0,0,305
01/09/2022,SDF,KY,ASO,CE,Combined TRACON& Tower with Radar,240,26,12,0,278,0,0,0,0,0,240,26,12,0,278,0,0,0,278
01/10/2022,SDF,KY,ASO,CE,Combined TRACON& Tower with Radar,228,22,32,17,299,0,2,12,3,17,228,24,44,20,316,0,0,0,316
01/11/2022,SDF,KY,ASO,CE,Combined TRACON& Tower with Radar,512,49,48,0,609,0,4,3,0,7,512,53,51,0,616,0,0,0,616
01/12/2022,SDF,KY,ASO,CE,Combined TRACON& Tower with Radar,526,38,15,2,581,0,4,16,1,21,526,42,31,3,602,12,0,12,614
01/13/2022,SDF,KY,ASO,CE,Combined TRACON& Tower with Radar,535,47,29,3,614,0,3,12,1,16,535,50,41,4,630,0,0,0,630
01/14/2022,SDF,KY,ASO,CE,Combined TRACON& Tower with Radar,466,38,14,4,522,0,0,1,0,1,466,38,15,4,523,0,0,0,523
01/15/2022,SDF,KY,ASO,CE,Combined TRACON& Tower with Radar,256,32,17,0,305,0,8,0,0,8,256,40,17,0,313,0,0,0,313
01/16/2022,SDF,KY,ASO,CE,Combined TRACON& Tower with Radar,201,18,13,1,233,0,2,6,0,8,201,20,19,1,241,0,0,0,241
01/17/2022,SDF,KY,ASO,CE,Combined TRACON& Tower with Radar,239,20,20,2,281,0,0,3,0,3,239,20,23,2,284,0,0,0,284
01/18/2022,SDF,KY,ASO,CE,Combined TRACON& Tower with Radar,523,45,17,5,590,0,4,7,1,12,523,49,24,6,602,0,0,0,602
01/19/2022,SDF,KY,ASO,CE,Combined TRACON& Tower with Radar,522,42,13,4,581,0,0,7,0,7,522,42,20,4,588,6,0,6,594
01/20/2022,SDF,KY,ASO,CE,Combined TRACON& Tower with Radar,541,38,13,5,597,0,4,10,0,14,541,42,23,5,611,12,0,12,623
01/21/2022,SDF,KY,ASO,CE,Combined TRACON& Tower with Radar,471,45,22,2,540,0,4,4,2,10,471,49,26,4,550,4,0,4,554
01/22/2022,SDF,KY,ASO,CE,Combined TRACON& Tower with Radar,260,37,5,0,302,0,4,3,1,8,260,41,8,1,310,0,0,0,310
01/23/2022,SDF,KY,ASO,CE,Combined TRACON& Tower with Radar,230,26,12,2,270,0,1,2,0,3,230,27,14,2,273,0,0,0,273
01/24/2022,SDF,KY,ASO,CE,Combined TRACON& Tower with Radar,229,23,14,2,268,0,1,4,0,5,229,24,18,2,273,0,0,0,273
01/25/2022,SDF,KY,ASO,CE,Combined TRACON& Tower with Radar,526,40,12,18,596,0,0,7,0,7,526,40,19,18,603,10,0,10,613
01/26/2022,SDF,KY,ASO,CE,Combined TRACON& Tower with Radar,528,49,22,2,601,0,1,7,2,10,528,50,29,4,611,0,0,0,611
01/27/2022,SDF,KY,ASO,CE,Combined TRACON& Tower with Radar,546,46,23,3,618,0,0,4,2,6,546,46,27,5,624,0,0,0,624
01/28/2022,SDF,KY,ASO,CE,Combined TRACON& Tower with Radar,447,48,17,1,513,0,0,0,0,0,447,48,17,1,513,0,0,0,513
01/29/2022,SDF,KY,ASO,CE,Combined TRACON& Tower with Radar,243,41,17,1,302,0,2,7,0,9,243,43,24,1,311,0,0,0,311
01/30/2022,SDF,KY,ASO,CE,Combined TRACON& Tower with Radar,236,20,19,0,275,0,0,0,0,0,236,20,19,0,275,0,0,0,275
01/31/2022,SDF,KY,ASO,CE,Combined TRACON& Tower with Radar,256,28,16,0,300,0,4,10,0,14,256,32,26,0,314,0,0,0,314
02/01/2022,SDF,KY,ASO,CE,Combined TRACON& Tower with Radar,523,51,18,2,594,0,10,9,2,21,523,61,27,4,615,10,0,10,625
02/02/2022,SDF,KY,ASO,CE,Combined TRACON& Tower with Radar,514,36,25,0,575,0,0,0,0,0,514,36,25,0,575,0,0,0,575
02/03/2022,SDF,KY,ASO,CE,Combined TRACON& Tower with Radar,245,12,1,0,258,0,0,0,0,0,245,12,1,0,258,0,0,0,258
02/04/2022,SDF,KY,ASO,CE,Combined TRACON& Tower with Radar,248,18,15,0,281,0,0,1,0,1,248,18,16,0,282,0,0,0,282
02/05/2022,SDF,KY,ASO,CE,Combined TRACON& Tower with Radar,283,34,14,0,331,0,4,0,0,4,283,38,14,0,335,0,0,0,335
02/06/2022,SDF,KY,ASO,CE,Combined TRACON& Tower with Radar,237,28,17,2,284,0,9,6,0,15,237,37,23,2,299,0,0,0,299
02/07/2022,SDF,KY,ASO,CE,Combined TRACON& Tower with Radar,249,26,12,0,287,0,3,9,0,12,249,29,21,0,299,12,0,12,311
02/08/2022,SDF,KY,ASO,CE,Combined TRACON& Tower with Radar,536,35,21,8,600,0,8,2,2,12,536,43,23,10,612,0,0,0,612
02/09/2022,SDF,KY,ASO,CE,Combined TRACON& Tower with Radar,529,37,28,1,595,0,7,3,3,13,529,44,31,4,608,0,0,0,608
02/10/2022,SDF,KY,ASO,CE,Combined TRACON& Tower with Radar,556,50,30,3,639,0,7,11,1,19,556,57,41,4,658,0,0,0,658
02/11/2022,SDF,KY,ASO,CE,Combined TRACON& Tower with Radar,483,48,20,1,552,0,3,2,2,7,483,51,22,3,559,0,0,0,559
02/12/2022,SDF,KY,ASO,CE,Combined TRACON& Tower with Radar,282,52,11,2,347,0,2,0,2,4,282,54,11,4,351,0,0,0,351
02/13/2022,SDF,KY,ASO,CE,Combined TRACON& Tower with Radar,237,27,21,3,288,0,0,0,2,2,237,27,21,5,290,0,4,4,294
02/14/2022,SDF,KY,ASO,CE,Combined TRACON& Tower with Radar,259,27,17,0,303,0,0,5,0,5,259,27,22,0,308,0,0,0,308
02/15/2022,SDF,KY,ASO,CE,Combined TRACON& Tower with Radar,524,48,20,2,594,0,0,0,2,2,524,48,20,4,596,0,0,0,596
02/16/2022,SDF,KY,ASO,CE,Combined TRACON& Tower with Radar,528,46,54,2,630,0,0,2,0,2,528,46,56,2,632,0,0,0,632
02/17/2022,SDF,KY,ASO,CE,Combined TRACON& Tower with Radar,522,44,38,0,604,0,0,0,0,0,522,44,38,0,604,0,0,0,604
02/18/2022,SDF,KY,ASO,CE,Combined TRACON& Tower with Radar,481,42,45,1,569,0,5,4,0,9,481,47,49,1,578,0,0,0,578
02/19/2022,SDF,KY,ASO,CE,Combined TRACON& Tower with Radar,256,38,31,1,326,0,2,5,0,7,256,40,36,1,333,0,0,0,333
02/20/2022,SDF,KY,ASO,CE,Combined TRACON& Tower with Radar,219,23,17,0,259,0,2,6,0,8,219,25,23,0,267,0,0,0,267
02/21/2022,SDF,KY,ASO,CE,Combined TRACON& Tower with Radar,248,31,16,0,295,0,3,10,0,13,248,34,26,0,308,0,0,0,308
02/22/2022,SDF,KY,ASO,CE,Combined TRACON& Tower with Radar,525,39,10,3,577,0,0,0,0,0,525,39,10,3,577,0,0,0,577
02/23/2022,SDF,KY,ASO,CE,Combined TRACON& Tower with Radar,516,38,18,4,576,0,0,1,2,3,516,38,19,6,579,0,0,0,579
02/24/2022,SDF,KY,ASO,CE,Combined TRACON& Tower with Radar,539,44,18,4,605,0,0,0,0,0,539,44,18,4,605,0,0,0,605
02/25/2022,SDF,KY,ASO,CE,Combined TRACON& Tower with Radar,489,46,16,3,554,0,4,0,2,6,489,50,16,5,560,0,0,0,560
02/26/2022,SDF,KY,ASO,CE,Combined TRACON& Tower with Radar,258,40,12,0,310,0,2,10,0,12,258,42,22,0,322,0,0,0,322
02/27/2022,SDF,KY,ASO,CE,Combined TRACON& Tower with Radar,233,23,31,3,290,0,2,6,0,8,233,25,37,3,298,0,4,4,302
02/28/2022,SDF,KY,ASO,CE,Combined TRACON& Tower with Radar,258,34,16,1,309,0,2,1,1,4,258,36,17,2,313,0,0,0,313
03/01/2022,SDF,KY,ASO,CE,Combined TRACON& Tower with Radar,528,57,21,3,609,0,2,5,2,9,528,59,26,5,618,0,0,0,618
03/02/2022,SDF,KY,ASO,CE,Combined TRACON& Tower with Radar,528,47,20,2,597,0,6,11,2,19,528,53,31,4,616,0,0,0,616
03/03/2022,SDF,KY,ASO,CE,Combined TRACON& Tower with Radar,529,37,17,1,584,0,4,7,2,13,529,41,24,3,597,0,0,0,597
03/04/2022,SDF,KY,ASO,CE,Combined TRACON& Tower with Radar,473,48,13,14,548,0,0,6,1,7,473,48,19,15,555,10,0,10,565
03/05/2022,SDF,KY,ASO,CE,Combined TRACON& Tower with Radar,243,33,14,1,291,0,7,0,2,9,243,40,14,3,300,0,0,0,300
03/06/2022,SDF,KY,ASO,CE,Combined TRACON& Tower with Radar,219,34,13,4,270,0,0,0,0,0,219,34,13,4,270,0,0,0,270
03/07/2022,SDF,KY,ASO,CE,Combined TRACON& Tower with Radar,247,36,13,0,296,0,1,0,0,1,247,37,13,0,297,0,0,0,297
03/08/2022,SDF,KY,ASO,CE,Combined TRACON& Tower with Radar,530,48,27,9,614,0,4,5,1,10,530,52,32,10,624,0,0,0,624
03/09/2022,SDF,KY,ASO,CE,Combined TRACON& Tower with Radar,515,50,39,6,610,0,0,14,5,19,515,50,53,11,629,12,0,12,641
03/10/2022,SDF,KY,ASO,CE,Combined TRACON& Tower with Radar,527,50,19,3,599,0,8,6,3,17,527,58,25,6,616,2,0,2,618
03/11/2022,SDF,KY,ASO,CE,Combined TRACON& Tower with Radar,453,40,12,2,507,0,0,1,0,1,453,40,13,2,508,0,0,0,508
03/12/2022,SDF,KY,ASO,CE,Combined TRACON& Tower with Radar,255,45,13,14,327,0,0,3,0,3,255,45,16,14,330,0,0,0,330
03/13/2022,SDF,KY,ASO,CE,Combined TRACON& Tower with Radar,220,23,26,5,274,0,0,3,1,4,220,23,29,6,278,1,0,1,279
03/14/2022,SDF,KY,ASO,CE,Combined TRACON& Tower with Radar,253,33,26,1,313,0,2,7,1,10,253,35,33,2,323,0,0,0,323
03/15/2022,SDF,KY,ASO,CE,Combined TRACON& Tower with Radar,538,51,19,0,608,0,2,6,2,10,538,53,25,2,618,18,0,18,636
03/16/2022,SDF,KY,ASO,CE,Combined TRACON& Tower with Radar,541,50,30,1,622,0,3,6,5,14,541,53,36,6,636,0,0,0,636
03/17/2022,SDF,KY,ASO,CE,Combined TRACON& Tower with Radar,539,48,20,3,610,0,4,2,4,10,539,52,22,7,620,0,0,0,620
03/18/2022,SDF,KY,ASO,CE,Combined TRACON& Tower with Radar,435,47,14,5,501,0,0,2,0,2,435,47,16,5,503,0,0,0,503
03/19/2022,SDF,KY,ASO,CE,Combined TRACON& Tower with Radar,278,44,11,1,334,0,1,0,0,1,278,45,11,1,335,0,0,0,335
03/20/2022,SDF,KY,ASO,CE,Combined TRACON& Tower with Radar,226,26,26,4,282,0,2,10,0,12,226,28,36,4,294,0,0,0,294
03/21/2022,SDF,KY,ASO,CE,Combined TRACON& Tower with Radar,243,34,23,6,306,0,3,12,0,15,243,37,35,6,321,0,0,0,321
03/22/2022,SDF,KY,ASO,CE,Combined TRACON& Tower with Radar,528,52,23,0,603,0,2,1,2,5,528,54,24,2,608,16,0,16,624
03/23/2022,SDF,KY,ASO,CE,Combined TRACON& Tower with Radar,531,46,31,5,613,0,3,1,0,4,531,49,32,5,617,0,0,0,617
03/24/2022,SDF,KY,ASO,CE,Combined TRACON& Tower with Radar,539,63,35,2,639,0,2,4,3,9,539,65,39,5,648,18,0,18,666
03/25/2022,SDF,KY,ASO,CE,Combined TRACON& Tower with Radar,466,48,34,3,551,0,1,7,1,9,466,49,41,4,560,6,0,6,566
03/26/2022,SDF,KY,ASO,CE,Combined TRACON& Tower with Radar,270,46,32,2,350,0,0,0,1,1,270,46,32,3,351,0,0,0,351
03/27/2022,SDF,KY,ASO,CE,Combined TRACON& Tower with Radar,223,34,21,4,282,0,2,7,1,10,223,36,28,5,292,0,0,0,292
03/28/2022,SDF,KY,ASO,CE,Combined TRACON& Tower with Radar,266,29,17,6,318,0,1,4,0,5,266,30,21,6,323,4,0,4,327
03/29/2022,SDF,KY,ASO,CE,Combined TRACON& Tower with Radar,526,51,9,4,590,0,3,7,2,12,526,54,16,6,602,0,0,0,602
03/30/2022,SDF,KY,ASO,CE,Combined TRACON& Tower with Radar,488,50,19,5,562,0,0,3,0,3,488,50,22,5,565,0,0,0,565
03/31/2022,SDF,KY,ASO,CE,Combined TRACON& Tower with Radar,565,50,13,7,635,0,0,0,2,2,565,50,13,9,637,0,0,0,637
04/01/2022,SDF,KY,ASO,CE,Combined TRACON& Tower with Radar,468,70,26,5,569,0,2,9,1,12,468,72,35,6,581,0,0,0,581
04/02/2022,SDF,KY,ASO,CE,Combined TRACON& Tower with Radar,258,46,11,3,318,0,7,2,2,11,258,53,13,5,329,0,0,0,329
04/03/2022,SDF,KY,ASO,CE,Combined TRACON& Tower with Radar,212,27,23,2,264,0,5,19,0,24,212,32,42,2,288,0,0,0,288
04/04/2022,SDF,KY,ASO,CE,Combined TRACON& Tower with Radar,246,37,22,0,305,0,1,6,0,7,246,38,28,0,312,0,0,0,312
04/05/2022,SDF,KY,ASO,CE,Combined TRACON& Tower with Radar,521,49,14,2,586,0,0,0,2,2,521,49,14,4,588,0,16,16,604
04/06/2022,SDF,KY,ASO,CE,Combined TRACON& Tower with Radar,528,32,16,4,580,0,0,1,0,1,528,32,17,4,581,0,0,0,581
04/07/2022,SDF,KY,ASO,CE,Combined TRACON& Tower with Radar,523,46,25,3,597,0,2,6,2,10,523,48,31,5,607,0,0,0,607
04/08/2022,SDF,KY,ASO,CE,Combined TRACON& Tower with Radar,449,49,13,3,514,0,0,3,0,3,449,49,16,3,517,0,0,0,517
04/09/2022,SDF,KY,ASO,CE,Combined TRACON& Tower with Radar,271,52,21,0,344,0,0,2,0,2,271,52,23,0,346,0,0,0,346
04/10/2022,SDF,KY,ASO,CE,Combined TRACON& Tower with Radar,219,45,31,3,298,0,3,8,0,11,219,48,39,3,309,0,0,0,309
04/11/2022,SDF,KY,ASO,CE,Combined TRACON& Tower with Radar,251,41,19,5,316,3,2,0,0,5,254,43,19,5,321,0,0,0,321
04/12/2022,SDF,KY,ASO,CE,Combined TRACON& Tower with Radar,519,55,16,0,590,0,5,0,2,7,519,60,16,2,597,0,0,0,597
04/13/2022,SDF,KY,ASO,CE,Combined TRACON& Tower with Radar,502,41,18,2,563,0,0,2,0,2,502,41,20,2,565,0,0,0,565
04/14/2022,SDF,KY,ASO,CE,Combined TRACON& Tower with Radar,539,45,20,6,610,0,8,5,3,16,539,53,25,9,626,0,0,0,626
04/15/2022,SDF,KY,ASO,CE,Combined TRACON& Tower with Radar,435,49,11,8,503,0,0,4,3,7,435,49,15,11,510,0,0,0,510
04/16/2022,SDF,KY,ASO,CE,Combined TRACON& Tower with Radar,270,35,14,2,321,0,9,4,0,13,270,44,18,2,334,0,0,0,334
04/17/2022,SDF,KY,ASO,CE,Combined TRACON& Tower with Radar,206,21,8,0,235,0,9,2,0,11,206,30,10,0,246,0,0,0,246
04/18/2022,SDF,KY,ASO,CE,Combined TRACON& Tower with Radar,250,25,18,0,293,0,0,2,0,2,250,25,20,0,295,0,0,0,295
04/19/2022,SDF,KY,ASO,CE,Combined TRACON& Tower with Radar,524,49,31,1,605,0,2,10,4,16,524,51,41,5,621,0,0,0,621
04/20/2022,SDF,KY,ASO,CE,Combined TRACON& Tower with Radar,507,44,19,3,573,0,4,6,1,11,507,48,25,4,584,40,0,40,624
04/21/2022,SDF,KY,ASO,CE,Combined TRACON& Tower with Radar,525,63,40,7,635,0,2,5,2,9,525,65,45,9,644,0,0,0,644
04/22/2022,SDF,KY,ASO,CE,Combined TRACON& Tower with Radar,453,54,29,11,547,0,7,40,29,76,453,61,69,40,623,0,0,0,623
04/23/2022,SDF,KY,ASO,CE,Combined TRACON& Tower with Radar,251,44,12,1,308,1,9,15,39,64,252,53,27,40,372,0,0,0,372
04/24/2022,SDF,KY,ASO,CE,Combined TRACON& Tower with Radar,220,30,33,6,289,0,8,12,4,24,220,38,45,10,313,2,0,2,315
04/25/2022,SDF,KY,ASO,CE,Combined TRACON& Tower with Radar,261,33,27,12,333,0,5,1,1,7,261,38,28,13,340,1,0,1,341
04/26/2022,SDF,KY,ASO,CE,Combined TRACON& Tower with Radar,534,54,26,2,616,0,3,8,0,11,534,57,34,2,627,0,0,0,627
04/27/2022,SDF,KY,ASO,CE,Combined TRACON& Tower with Radar,527,45,38,6,616,0,12,17,2,31,527,57,55,8,647,14,0,14,661
04/28/2022,SDF,KY,ASO,CE,Combined TRACON& Tower with Radar,518,43,18,4,583,0,0,11,2,13,518,43,29,6,596,0,0,0,596
04/29/2022,SDF,KY,ASO,CE,Combined TRACON& Tower with Radar,456,50,25,0,531,0,2,12,0,14,456,52,37,0,545,0,0,0,545
04/30/2022,SDF,KY,ASO,CE,Combined TRACON& Tower with Radar,274,43,13,1,331,0,5,3,0,8,274,48,16,1,339,0,0,0,339
05/01/2022,SDF,KY,ASO,CE,Combined TRACON& Tower with Radar,208,29,20,10,267,0,0,10,0,10,208,29,30,10,277,0,0,0,277
05/02/2022,SDF,KY,ASO,CE,Combined TRACON& Tower with Radar,259,28,18,1,306,0,2,22,0,24,259,30,40,1,330,0,0,0,330
05/03/2022,SDF,KY,ASO,CE,Combined TRACON& Tower with Radar,540,53,28,8,629,0,3,4,0,7,540,56,32,8,636,30,12,42,678
05/04/2022,SDF,KY,ASO,CE,Combined TRACON& Tower with Radar,534,57,61,3,655,0,4,3,0,7,534,61,64,3,662,0,0,0,662
05/05/2022,SDF,KY,ASO,CE,Combined TRACON& Tower with Radar,608,248,218,2,1076,0,0,14,0,14,608,248,232,2,1090,0,0,0,1090
05/06/2022,SDF,KY,ASO,CE,Combined TRACON& Tower with Radar,504,122,107,1,734,0,2,13,0,15,504,124,120,1,749,0,0,0,749
05/07/2022,SDF,KY,ASO,CE,Combined TRACON& Tower with Radar,303,159,140,0,602,0,1,30,2,33,303,160,170,2,635,0,0,0,635
05/08/2022,SDF,KY,ASO,CE,Combined TRACON& Tower with Radar,315,249,222,2,788,0,6,3,0,9,315,255,225,2,797,0,0,0,797
05/09/2022,SDF,KY,ASO,CE,Combined TRACON& Tower with Radar,265,44,39,0,348,0,7,1,0,8,265,51,40,0,356,0,0,0,356
05/10/2022,SDF,KY,ASO,CE,Combined TRACON& Tower with Radar,530,59,10,1,600,0,2,5,2,9,530,61,15,3,609,0,0,0,609
05/11/2022,SDF,KY,ASO,CE,Combined TRACON& Tower with Radar,508,54,26,1,589,0,0,6,6,12,508,54,32,7,601,2,0,2,603
05/12/2022,SDF,KY,ASO,CE,Combined TRACON& Tower with Radar,528,46,22,2,598,0,3,10,2,15,528,49,32,4,613,2,0,2,615
05/13/2022,SDF,KY,ASO,CE,Combined TRACON& Tower with Radar,448,50,36,9,543,0,6,9,1,16,448,56,45,10,559,0,0,0,559
05/14/2022,SDF,KY,ASO,CE,Combined TRACON& Tower with Radar,268,38,11,2,319,0,2,1,0,3,268,40,12,2,322,0,0,0,322
05/15/2022,SDF,KY,ASO,CE,Combined TRACON& Tower with Radar,227,27,24,6,284,0,0,3,0,3,227,27,27,6,287,0,0,0,287
05/16/2022,SDF,KY,ASO,CE,Combined TRACON& Tower with Radar,253,20,22,1,296,0,0,6,0,6,253,20,28,1,302,0,0,0,302
05/17/2022,SDF,KY,ASO,CE,Combined TRACON& Tower with Radar,523,44,24,4,595,0,15,7,0,22,523,59,31,4,617,0,0,0,617
05/18/2022,SDF,KY,ASO,CE,Combined TRACON& Tower with Radar,516,42,17,1,576,1,2,3,10,16,517,44,20,11,592,0,0,0,592
05/19/2022,SDF,KY,ASO,CE,Combined TRACON& Tower with Radar,528,53,24,3,608,0,2,8,0,10,528,55,32,3,618,0,0,0,618
05/20/2022,SDF,KY,ASO,CE,Combined TRACON& Tower with Radar,448,45,27,3,523,0,8,3,7,18,448,53,30,10,541,0,0,0,541
05/21/2022,SDF,KY,ASO,CE,Combined TRACON& Tower with Radar,269,49,19,2,339,0,3,7,0,10,269,52,26,2,349,0,0,0,349
05/22/2022,SDF,KY,ASO,CE,Combined TRACON& Tower with Radar,215,26,19,6,266,0,4,4,3,11,215,30,23,9,277,0,0,0,277
05/23/2022,SDF,KY,ASO,CE,Combined TRACON& Tower with Radar,254,29,26,5,314,0,3,7,0,10,254,32,33,5,324,0,0,0,324
05/24/2022,SDF,KY,ASO,CE,Combined TRACON& Tower with Radar,522,49,18,7,596,0,7,3,6,16,522,56,21,13,612,0,0,0,612
05/25/2022,SDF,KY,ASO,CE,Combined TRACON& Tower with Radar,528,48,30,9,615,0,3,4,2,9,528,51,34,11,624,0,0,0,624
05/26/2022,SDF,KY,ASO,CE,Combined TRACON& Tower with Radar,521,37,26,8,592,0,0,0,13,13,521,37,26,21,605,0,4,4,609
05/27/2022,SDF,KY,ASO,CE,Combined TRACON& Tower with Radar,461,41,18,4,524,0,3,2,0,5,461,44,20,4,529,0,0,0,529
05/28/2022,SDF,KY,ASO,CE,Combined TRACON& Tower with Radar,283,35,13,0,331,0,4,0,0,4,283,39,13,0,335,0,0,0,335
05/29/2022,SDF,KY,ASO,CE,Combined TRACON& Tower with Radar,206,34,10,0,250,0,9,2,0,11,206,43,12,0,261,0,0,0,261
05/30/2022,SDF,KY,ASO,CE,Combined TRACON& Tower with Radar,182,21,9,3,215,0,1,0,2,3,182,22,9,5,218,0,0,0,218
05/31/2022,SDF,KY,ASO,CE,Combined TRACON& Tower with Radar,342,35,29,3,409,0,7,4,1,12,342,42,33,4,421,0,0,0,421
06/01/2022,SDF,KY,ASO,CE,Combined TRACON& Tower with Radar,523,55,28,3,609,0,0,4,1,5,523,55,32,4,614,0,0,0,614
06/02/2022,SDF,KY,ASO,CE,Combined TRACON& Tower with Radar,516,64,15,4,599,0,9,3,0,12,516,73,18,4,611,0,0,0,611
06/03/2022,SDF,KY,ASO,CE,Combined TRACON& Tower with Radar,493,48,36,1,578,0,2,5,0,7,493,50,41,1,585,0,0,0,585
06/04/2022,SDF,KY,ASO,CE,Combined TRACON& Tower with Radar,276,48,11,4,339,0,7,14,0,21,276,55,25,4,360,0,0,0,360
06/05/2022,SDF,KY,ASO,CE,Combined TRACON& Tower with Radar,238,23,22,15,298,0,2,6,2,10,238,25,28,17,308,0,0,0,308
06/06/2022,SDF,KY,ASO,CE,Combined TRACON& Tower with Radar,257,23,27,4,311,0,0,2,1,3,257,23,29,5,314,0,0,0,314
06/07/2022,SDF,KY,ASO,CE,Combined TRACON& Tower with Radar,548,38,30,3,619,0,3,4,2,9,548,41,34,5,628,0,0,0,628
06/08/2022,SDF,KY,ASO,CE,Combined TRACON& Tower with Radar,535,47,26,0,608,0,7,2,4,13,535,54,28,4,621,0,6,6,627
06/09/2022,SDF,KY,ASO,CE,Combined TRACON& Tower with Radar,544,56,25,3,628,0,4,4,6,14,544,60,29,9,642,0,0,0,642
06/10/2022,SDF,KY,ASO,CE,Combined TRACON& Tower with Radar,480,49,15,0,544,0,1,6,5,12,480,50,21,5,556,0,0,0,556
06/11/2022,SDF,KY,ASO,CE,Combined TRACON& Tower with Radar,291,33,13,4,341,0,3,10,3,16,291,36,23,7,357,0,0,0,357
06/12/2022,SDF,KY,ASO,CE,Combined TRACON& Tower with Radar,244,21,21,0,286,0,2,3,5,10,244,23,24,5,296,0,0,0,296
06/13/2022,SDF,KY,ASO,CE,Combined TRACON& Tower with Radar,268,32,23,4,327,0,5,3,0,8,268,37,26,4,335,0,0,0,335
06/14/2022,SDF,KY,ASO,CE,Combined TRACON& Tower with Radar,548,50,33,6,637,0,5,8,8,21,548,55,41,14,658,0,0,0,658
06/15/2022,SDF,KY,ASO,CE,Combined TRACON& Tower with Radar,535,52,37,4,628,0,5,8,6,19,535,57,45,10,647,0,0,0,647
06/16/2022,SDF,KY,ASO,CE,Combined TRACON& Tower with Radar,549,40,21,7,617,0,8,4,1,13,549,48,25,8,630,8,0,8,638
06/17/2022,SDF,KY,ASO,CE,Combined TRACON& Tower with Radar,481,43,21,6,551,0,6,5,0,11,481,49,26,6,562,0,0,0,562
06/18/2022,SDF,KY,ASO,CE,Combined TRACON& Tower with Radar,287,30,22,0,339,0,8,6,0,14,287,38,28,0,353,0,0,0,353
06/19/2022,SDF,KY,ASO,CE,Combined TRACON& Tower with Radar,237,22,17,0,276,0,6,3,0,9,237,28,20,0,285,0,0,0,285
06/20/2022,SDF,KY,ASO,CE,Combined TRACON& Tower with Radar,280,16,12,5,313,0,0,5,0,5,280,16,17,5,318,0,0,0,318
06/21/2022,SDF,KY,ASO,CE,Combined TRACON& Tower with Radar,527,45,34,3,609,0,3,2,0,5,527,48,36,3,614,0,0,0,614
06/22/2022,SDF,KY,ASO,CE,Combined TRACON& Tower with Radar,523,45,24,8,600,0,1,7,2,10,523,46,31,10,610,0,0,0,610
06/23/2022,SDF,KY,ASO,CE,Combined TRACON& Tower with Radar,550,45,35,0,630,0,4,2,4,10,550,49,37,4,640,0,0,0,640
06/24/2022,SDF,KY,ASO,CE,Combined TRACON& Tower with Radar,476,35,18,9,538,0,2,10,6,18,476,37,28,15,556,0,0,0,556
06/25/2022,SDF,KY,ASO,CE,Combined TRACON& Tower with Radar,291,34,15,4,344,0,2,10,0,12,291,36,25,4,356,0,0,0,356
06/26/2022,SDF,KY,ASO,CE,Combined TRACON& Tower with Radar,240,22,11,2,275,0,0,4,0,4,240,22,15,2,279,0,0,0,279
06/27/2022,SDF,KY,ASO,CE,Combined TRACON& Tower with Radar,260,25,24,4,313,0,0,2,0,2,260,25,26,4,315,0,0,0,315
06/28/2022,SDF,KY,ASO,CE,Combined TRACON& Tower with Radar,550,48,21,2,621,0,9,9,3,21,550,57,30,5,642,0,0,0,642
06/29/2022,SDF,KY,ASO,CE,Combined TRACON& Tower with Radar,537,50,25,9,621,0,6,11,3,20,537,56,36,12,641,2,0,2,643
06/30/2022,SDF,KY,ASO,CE,Combined TRACON& Tower with Radar,537,53,25,4,619,0,0,7,3,10,537,53,32,7,629,0,0,0,629
07/01/2022,SDF,KY,ASO,CE,Combined TRACON& Tower with Radar,468,36,22,0,526,0,2,10,0,12,468,38,32,0,538,0,0,0,538
07/02/2022,SDF,KY,ASO,CE,Combined TRACON& Tower with Radar,299,31,12,0,342,0,3,2,0,5,299,34,14,0,347,0,0,0,347
07/03/2022,SDF,KY,ASO,CE,Combined TRACON& Tower with Radar,205,16,7,0,228,0,4,4,0,8,205,20,11,0,236,0,0,0,236
07/04/2022,SDF,KY,ASO,CE,Combined TRACON& Tower with Radar,177,24,6,2,209,0,7,6,0,13,177,31,12,2,222,0,0,0,222
07/05/2022,SDF,KY,ASO,CE,Combined TRACON& Tower with Radar,338,31,23,1,393,0,8,2,1,11,338,39,25,2,404,0,0,0,404
07/06/2022,SDF,KY,ASO,CE,Combined TRACON& Tower with Radar,540,38,26,6,610,0,1,4,2,7,540,39,30,8,617,0,0,0,617
07/07/2022,SDF,KY,ASO,CE,Combined TRACON& Tower with Radar,534,48,30,0,612,0,4,6,1,11,534,52,36,1,623,0,0,0,623
07/08/2022,SDF,KY,ASO,CE,Combined TRACON& Tower with Radar,458,46,20,6,530,0,0,1,2,3,458,46,21,8,533,0,0,0,533
07/09/2022,SDF,KY,ASO,CE,Combined TRACON& Tower with Radar,282,46,23,0,351,0,1,1,0,2,282,47,24,0,353,0,0,0,353
07/10/2022,SDF,KY,ASO,CE,Combined TRACON& Tower with Radar,236,24,13,3,276,0,6,5,4,15,236,30,18,7,291,0,0,0,291
07/11/2022,SDF,KY,ASO,CE,Combined TRACON& Tower with Radar,269,29,13,0,311,0,7,5,1,13,269,36,18,1,324,0,0,0,324
07/12/2022,SDF,KY,ASO,CE,Combined TRACON& Tower with Radar,513,35,30,2,580,0,0,5,4,9,513,35,35,6,589,0,0,0,589
07/13/2022,SDF,KY,ASO,CE,Combined TRACON& Tower with Radar,525,44,33,4,606,0,0,7,8,15,525,44,40,12,621,2,0,2,623
07/14/2022,SDF,KY,ASO,CE,Combined TRACON& Tower with Radar,530,40,24,3,597,0,2,9,10,21,530,42,33,13,618,20,6,26,644
07/15/2022,SDF,KY,ASO,CE,Combined TRACON& Tower with Radar,459,39,16,7,521,0,3,5,3,11,459,42,21,10,532,0,0,0,532
07/16/2022,SDF,KY,ASO,CE,Combined TRACON& Tower with Radar,280,36,6,6,328,0,2,2,0,4,280,38,8,6,332,0,0,0,332
07/17/2022,SDF,KY,ASO,CE,Combined TRACON& Tower with Radar,228,24,14,4,270,0,0,0,0,0,228,24,14,4,270,20,0,20,290
07/18/2022,SDF,KY,ASO,CE,Combined TRACON& Tower with Radar,257,31,27,0,315,0,1,17,0,18,257,32,44,0,333,0,0,0,333
07/19/2022,SDF,KY,ASO,CE,Combined TRACON& Tower with Radar,537,37,33,1,608,0,2,5,4,11,537,39,38,5,619,0,4,4,623
07/20/2022,SDF,KY,ASO,CE,Combined TRACON& Tower with Radar,516,45,13,7,581,0,6,10,2,18,516,51,23,9,599,6,0,6,605
07/21/2022,SDF,KY,ASO,CE,Combined TRACON& Tower with Radar,526,37,15,4,582,0,3,10,4,17,526,40,25,8,599,0,0,0,599
07/22/2022,SDF,KY,ASO,CE,Combined TRACON& Tower with Radar,466,38,16,14,534,0,4,4,2,10,466,42,20,16,544,12,0,12,556
07/23/2022,SDF,KY,ASO,CE,Combined TRACON& Tower with Radar,282,37,12,2,333,0,5,13,0,18,282,42,25,2,351,0,0,0,351
07/24/2022,SDF,KY,ASO,CE,Combined TRACON& Tower with Radar,224,15,22,7,268,0,3,3,0,6,224,18,25,7,274,0,0,0,274
07/25/2022,SDF,KY,ASO,CE,Combined TRACON& Tower with Radar,265,26,21,0,312,0,2,2,1,5,265,28,23,1,317,0,0,0,317
07/26/2022,SDF,KY,ASO,CE,Combined TRACON& Tower with Radar,522,32,18,5,577,0,1,0,0,1,522,33,18,5,578,0,0,0,578
07/27/2022,SDF,KY,ASO,CE,Combined TRACON& Tower with Radar,517,38,29,3,587,0,0,5,2,7,517,38,34,5,594,0,0,0,594
07/28/2022,SDF,KY,ASO,CE,Combined TRACON& Tower with Radar,519,43,23,22,607,0,2,3,4,9,519,45,26,26,616,0,0,0,616
07/29/2022,SDF,KY,ASO,CE,Combined TRACON& Tower with Radar,478,48,27,6,559,0,2,2,6,10,478,50,29,12,569,0,0,0,569
07/30/2022,SDF,KY,ASO,CE,Combined TRACON& Tower with Radar,291,43,10,5,349,0,6,7,4,17,291,49,17,9,366,0,0,0,366
07/31/2022,SDF,KY,ASO,CE,Combined TRACON& Tower with Radar,216,23,24,4,267,0,0,0,0,0,216,23,24,4,267,0,0,0,267
08/01/2022,SDF,KY,ASO,CE,Combined TRACON& Tower with Radar,261,34,13,1,309,0,0,2,1,3,261,34,15,2,312,0,0,0,312
08/02/2022,SDF,KY,ASO,CE,Combined TRACON& Tower with Radar,525,35,11,2,573,0,1,7,2,10,525,36,18,4,583,0,0,0,583
08/03/2022,SDF,KY,ASO,CE,Combined TRACON& Tower with Radar,513,42,31,7,593,0,2,13,6,21,513,44,44,13,614,0,0,0,614
08/04/2022,SDF,KY,ASO,CE,Combined TRACON& Tower with Radar,519,38,20,8,585,0,0,6,7,13,519,38,26,15,598,0,0,0,598
08/05/2022,SDF,KY,ASO,CE,Combined TRACON& Tower with Radar,464,47,22,4,537,0,5,2,0,7,464,52,24,4,544,0,0,0,544
08/06/2022,SDF,KY,ASO,CE,Combined TRACON& Tower with Radar,287,32,9,2,330,0,6,3,0,9,287,38,12,2,339,0,0,0,339
08/07/2022,SDF,KY,ASO,CE,Combined TRACON& Tower with Radar,231,27,19,3,280,0,6,6,1,13,231,33,25,4,293,0,0,0,293
08/08/2022,SDF,KY,ASO,CE,Combined TRACON& Tower with Radar,264,37,18,4,323,0,4,6,2,12,264,41,24,6,335,0,0,0,335
08/09/2022,SDF,KY,ASO,CE,Combined TRACON& Tower with Radar,523,33,9,2,567,0,2,4,5,11,523,35,13,7,578,0,0,0,578
08/10/2022,SDF,KY,ASO,CE,Combined TRACON& Tower with Radar,508,38,26,12,584,0,0,1,0,1,508,38,27,12,585,0,0,0,585
08/11/2022,SDF,KY,ASO,CE,Combined TRACON& Tower with Radar,545,53,27,7,632,0,6,6,2,14,545,59,33,9,646,0,4,4,650
08/12/2022,SDF,KY,ASO,CE,Combined TRACON& Tower with Radar,460,49,20,9,538,0,1,10,0,11,460,50,30,9,549,0,0,0,549
08/13/2022,SDF,KY,ASO,CE,Combined TRACON& Tower with Radar,285,47,17,3,352,0,10,5,0,15,285,57,22,3,367,0,0,0,367
08/14/2022,SDF,KY,ASO,CE,Combined TRACON& Tower with Radar,226,29,17,5,277,0,2,4,0,6,226,31,21,5,283,0,0,0,283
08/15/2022,SDF,KY,ASO,CE,Combined TRACON& Tower with Radar,267,37,16,4,324,0,4,1,0,5,267,41,17,4,329,0,0,0,329
08/16/2022,SDF,KY,ASO,CE,Combined TRACON& Tower with Radar,524,52,12,0,588,0,7,8,2,17,524,59,20,2,605,0,0,0,605
08/17/2022,SDF,KY,ASO,CE,Combined TRACON& Tower with Radar,507,42,32,2,583,0,2,16,0,18,507,44,48,2,601,0,0,0,601
08/18/2022,SDF,KY,ASO,CE,Combined TRACON& Tower with Radar,529,38,28,2,597,0,4,6,2,12,529,42,34,4,609,0,0,0,609
08/19/2022,SDF,KY,ASO,CE,Combined TRACON& Tower with Radar,466,45,15,15,541,0,10,2,1,13,466,55,17,16,554,0,0,0,554
08/20/2022,SDF,KY,ASO,CE,Combined TRACON& Tower with Radar,290,31,25,2,348,0,5,10,7,22,290,36,35,9,370,0,0,0,370
08/21/2022,SDF,KY,ASO,CE,Combined TRACON& Tower with Radar,216,21,29,1,267,0,2,0,1,3,216,23,29,2,270,0,0,0,270
08/22/2022,SDF,KY,ASO,CE,Combined TRACON& Tower with Radar,251,36,22,6,315,0,2,8,0,10,251,38,30,6,325,2,0,2,327
08/23/2022,SDF,KY,ASO,CE,Combined TRACON& Tower with Radar,532,41,20,3,596,0,3,10,12,25,532,44,30,15,621,12,0,12,633
08/24/2022,SDF,KY,ASO,CE,Combined TRACON& Tower with Radar,520,49,38,3,610,0,10,9,4,23,520,59,47,7,633,6,0,6,639
08/25/2022,SDF,KY,ASO,CE,Combined TRACON& Tower with Radar,537,58,35,17,647,0,7,10,1,18,537,65,45,18,665,0,0,0,665
08/26/2022,SDF,KY,ASO,CE,Combined TRACON& Tower with Radar,454,48,34,8,544,0,4,8,1,13,454,52,42,9,557,10,4,14,571
08/27/2022,SDF,KY,ASO,CE,Combined TRACON& Tower with Radar,276,42,22,4,344,0,10,3,0,13,276,52,25,4,357,0,0,0,357
08/28/2022,SDF,KY,ASO,CE,Combined TRACON& Tower with Radar,209,34,27,15,285,0,10,5,5,20,209,44,32,20,305,0,0,0,305
08/29/2022,SDF,KY,ASO,CE,Combined TRACON& Tower with Radar,264,17,20,0,301,0,5,2,0,7,264,22,22,0,308,0,0,0,308
08/30/2022,SDF,KY,ASO,CE,Combined TRACON& Tower with Radar,522,37,18,8,585,0,0,2,5,7,522,37,20,13,592,0,0,0,592
08/31/2022,SDF,KY,ASO,CE,Combined TRACON& Tower with Radar,514,33,36,8,591,0,3,6,0,9,514,36,42,8,600,4,0,4,604
09/01/2022,SDF,KY,ASO,CE,Combined TRACON& Tower with Radar,525,44,22,2,593,0,12,4,3,19,525,56,26,5,612,0,0,0,612
09/02/2022,SDF,KY,ASO,CE,Combined TRACON& Tower with Radar,464,48,21,1,534,0,2,6,0,8,464,50,27,1,542,0,0,0,542
09/03/2022,SDF,KY,ASO,CE,Combined TRACON& Tower with Radar,282,34,6,1,323,0,2,3,0,5,282,36,9,1,328,0,0,0,328
09/04/2022,SDF,KY,ASO,CE,Combined TRACON& Tower with Radar,180,21,6,0,207,0,2,0,0,2,180,23,6,0,209,0,0,0,209
09/05/2022,SDF,KY,ASO,CE,Combined TRACON& Tower with Radar,170,23,28,1,222,0,0,0,0,0,170,23,28,1,222,0,0,0,222
09/06/2022,SDF,KY,ASO,CE,Combined TRACON& Tower with Radar,322,36,19,0,377,0,2,4,0,6,322,38,23,0,383,0,0,0,383
09/07/2022,SDF,KY,ASO,CE,Combined TRACON& Tower with Radar,540,48,31,6,625,0,0,9,3,12,540,48,40,9,637,0,0,0,637
09/08/2022,SDF,KY,ASO,CE,Combined TRACON& Tower with Radar,531,45,16,4,596,0,0,10,4,14,531,45,26,8,610,0,0,0,610
09/09/2022,SDF,KY,ASO,CE,Combined TRACON& Tower with Radar,451,48,16,4,519,0,7,4,3,14,451,55,20,7,533,0,0,0,533
09/10/2022,SDF,KY,ASO,CE,Combined TRACON& Tower with Radar,265,35,9,3,312,0,3,3,1,7,265,38,12,4,319,0,0,0,319
09/11/2022,SDF,KY,ASO,CE,Combined TRACON& Tower with Radar,219,39,15,0,273,0,5,0,0,5,219,44,15,0,278,0,0,0,278
09/12/2022,SDF,KY,ASO,CE,Combined TRACON& Tower with Radar,252,32,21,0,305,0,0,3,0,3,252,32,24,0,308,0,0,0,308
09/13/2022,SDF,KY,ASO,CE,Combined TRACON& Tower with Radar,510,56,25,3,594,0,3,10,3,16,510,59,35,6,610,0,2,2,612
09/14/2022,SDF,KY,ASO,CE,Combined TRACON& Tower with Radar,525,60,40,4,629,0,3,19,4,26,525,63,59,8,655,0,0,0,655
09/15/2022,SDF,KY,ASO,CE,Combined TRACON& Tower with Radar,527,57,26,1,611,0,4,10,2,16,527,61,36,3,627,0,0,0,627
09/16/2022,SDF,KY,ASO,CE,Combined TRACON& Tower with Radar,458,54,47,5,564,0,4,9,0,13,458,58,56,5,577,0,0,0,577
09/17/2022,SDF,KY,ASO,CE,Combined TRACON& Tower with Radar,269,50,23,5,347,0,2,4,0,6,269,52,27,5,353,0,0,0,353
09/18/2022,SDF,KY,ASO,CE,Combined TRACON& Tower with Radar,223,41,23,10,297,0,4,13,0,17,223,45,36,10,314,0,0,0,314
09/19/2022,SDF,KY,ASO,CE,Combined TRACON& Tower with Radar,255,38,37,2,332,0,1,10,6,17,255,39,47,8,349,0,0,0,349
09/20/2022,SDF,KY,ASO,CE,Combined TRACON& Tower with Radar,516,51,26,2,595,0,4,1,6,11,516,55,27,8,606,9,12,21,627
09/21/2022,SDF,KY,ASO,CE,Combined TRACON& Tower with Radar,524,59,28,3,614,0,7,12,1,20,524,66,40,4,634,0,0,0,634
09/22/2022,SDF,KY,ASO,CE,Combined TRACON& Tower with Radar,519,49,32,5,605,0,4,16,3,23,519,53,48,8,628,0,0,0,628
09/23/2022,SDF,KY,ASO,CE,Combined TRACON& Tower with Radar,456,59,26,6,547,0,12,8,0,20,456,71,34,6,567,0,0,0,567
09/24/2022,SDF,KY,ASO,CE,Combined TRACON& Tower with Radar,269,42,19,1,331,0,4,10,0,14,269,46,29,1,345,0,0,0,345
09/25/2022,SDF,KY,ASO,CE,Combined TRACON& Tower with Radar,220,41,33,3,297,0,5,0,0,5,220,46,33,3,302,0,0,0,302
09/26/2022,SDF,KY,ASO,CE,Combined TRACON& Tower with Radar,247,55,21,3,326,0,4,5,0,9,247,59,26,3,335,0,0,0,335
09/27/2022,SDF,KY,ASO,CE,Combined TRACON& Tower with Radar,516,50,34,4,604,0,1,6,6,13,516,51,40,10,617,0,8,8,625
09/28/2022,SDF,KY,ASO,CE,Combined TRACON& Tower with Radar,486,43,31,3,563,0,4,8,1,13,486,47,39,4,576,14,0,14,590
09/29/2022,SDF,KY,ASO,CE,Combined TRACON& Tower with Radar,494,57,26,0,577,0,3,5,0,8,494,60,31,0,585,0,0,0,585
09/30/2022,SDF,KY,ASO,CE,Combined TRACON& Tower with Radar,448,60,22,9,539,0,18,11,3,32,448,78,33,12,571,0,0,0,571
10/01/2022,SDF,KY,ASO,CE,Combined TRACON& Tower with Radar,273,46,17,0,336,0,6,7,2,15,273,52,24,2,351,0,0,0,351
10/02/2022,SDF,KY,ASO,CE,Combined TRACON& Tower with Radar,223,31,15,7,276,0,5,1,6,12,223,36,16,13,288,0,0,0,288
10/03/2022,SDF,KY,ASO,CE,Combined TRACON& Tower with Radar,256,29,24,3,312,0,4,8,0,12,256,33,32,3,324,0,0,0,324
10/04/2022,SDF,KY,ASO,CE,Combined TRACON& Tower with Radar,524,48,17,3,592,0,2,4,5,11,524,50,21,8,603,0,0,0,603
10/05/2022,SDF,KY,ASO,CE,Combined TRACON& Tower with Radar,527,52,21,3,603,0,8,16,4,28,527,60,37,7,631,0,0,0,631
10/06/2022,SDF,KY,ASO,CE,Combined TRACON& Tower with Radar,532,48,26,2,608,0,6,10,5,21,532,54,36,7,629,0,0,0,629
10/07/2022,SDF,KY,ASO,CE,Combined TRACON& Tower with Radar,459,43,12,2,516,0,4,7,0,11,459,47,19,2,527,0,0,0,527
10/08/2022,SDF,KY,ASO,CE,Combined TRACON& Tower with Radar,284,38,15,2,339,0,2,9,0,11,284,40,24,2,350,0,0,0,350
10/09/2022,SDF,KY,ASO,CE,Combined TRACON& Tower with Radar,225,35,21,1,282,0,2,7,2,11,225,37,28,3,293,0,0,0,293
10/10/2022,SDF,KY,ASO,CE,Combined TRACON& Tower with Radar,264,28,16,0,308,0,4,19,1,24,264,32,35,1,332,0,0,0,332
10/11/2022,SDF,KY,ASO,CE,Combined TRACON& Tower with Radar,512,40,36,2,590,0,8,2,0,10,512,48,38,2,600,0,0,0,600
10/12/2022,SDF,KY,ASO,CE,Combined TRACON& Tower with Radar,532,47,24,5,608,0,5,1,3,9,532,52,25,8,617,20,20,40,657
10/13/2022,SDF,KY,ASO,CE,Combined TRACON& Tower with Radar,542,43,29,5,619,0,6,3,3,12,542,49,32,8,631,0,0,0,631
10/14/2022,SDF,KY,ASO,CE,Combined TRACON& Tower with Radar,461,44,12,23,540,0,4,4,0,8,461,48,16,23,548,0,0,0,548
10/15/2022,SDF,KY,ASO,CE,Combined TRACON& Tower with Radar,294,36,21,3,354,0,5,2,7,14,294,41,23,10,368,0,0,0,368
10/16/2022,SDF,KY,ASO,CE,Combined TRACON& Tower with Radar,231,44,17,3,295,0,5,7,0,12,231,49,24,3,307,0,0,0,307
10/17/2022,SDF,KY,ASO,CE,Combined TRACON& Tower with Radar,255,35,14,0,304,0,8,6,0,14,255,43,20,0,318,0,0,0,318
10/18/2022,SDF,KY,ASO,CE,Combined TRACON& Tower with Radar,543,51,26,3,623,0,1,19,4,24,543,52,45,7,647,4,20,24,671
10/19/2022,SDF,KY,ASO,CE,Combined TRACON& Tower with Radar,531,50,30,9,620,0,4,9,5,18,531,54,39,14,638,0,0,0,638
10/20/2022,SDF,KY,ASO,CE,Combined TRACON& Tower with Radar,544,47,46,2,639,0,15,3,5,23,544,62,49,7,662,0,0,0,662
10/21/2022,SDF,KY,ASO,CE,Combined TRACON& Tower with Radar,465,47,37,3,552,0,12,9,0,21,465,59,46,3,573,0,0,0,573
10/22/2022,SDF,KY,ASO,CE,Combined TRACON& Tower with Radar,286,43,14,0,343,0,4,9,2,15,286,47,23,2,358,6,0,6,364
10/23/2022,SDF,KY,ASO,CE,Combined TRACON& Tower with Radar,237,26,31,2,296,0,16,7,2,25,237,42,38,4,321,0,0,0,321
10/24/2022,SDF,KY,ASO,CE,Combined TRACON& Tower with Radar,261,27,29,4,321,0,9,5,0,14,261,36,34,4,335,0,0,0,335
10/25/2022,SDF,KY,ASO,CE,Combined TRACON& Tower with Radar,529,34,30,6,599,0,8,6,2,16,529,42,36,8,615,0,0,0,615
10/26/2022,SDF,KY,ASO,CE,Combined TRACON& Tower with Radar,540,54,31,7,632,0,3,0,2,5,540,57,31,9,637,0,0,0,637
10/27/2022,SDF,KY,ASO,CE,Combined TRACON& Tower with Radar,541,42,28,4,615,0,3,2,3,8,541,45,30,7,623,0,0,0,623
10/28/2022,SDF,KY,ASO,CE,Combined TRACON& Tower with Radar,458,54,24,5,541,0,8,5,1,14,458,62,29,6,555,0,0,0,555
10/29/2022,SDF,KY,ASO,CE,Combined TRACON& Tower with Radar,282,36,10,0,328,0,5,12,0,17,282,41,22,0,345,0,0,0,345
10/30/2022,SDF,KY,ASO,CE,Combined TRACON& Tower with Radar,235,30,21,0,286,0,4,0,0,4,235,34,21,0,290,0,0,0,290
10/31/2022,SDF,KY,ASO,CE,Combined TRACON& Tower with Radar,245,24,18,3,290,0,2,1,0,3,245,26,19,3,293,0,0,0,293
11/01/2022,SDF,KY,ASO,CE,Combined TRACON& Tower with Radar,529,44,22,7,602,0,0,4,3,7,529,44,26,10,609,0,0,0,609
11/02/2022,SDF,KY,ASO,CE,Combined TRACON& Tower with Radar,525,42,32,7,606,0,2,3,6,11,525,44,35,13,617,0,0,0,617
11/03/2022,SDF,KY,ASO,CE,Combined TRACON& Tower with Radar,529,46,28,4,607,0,8,6,5,19,529,54,34,9,626,8,0,8,634
11/04/2022,SDF,KY,ASO,CE,Combined TRACON& Tower with Radar,453,40,21,3,517,0,13,4,3,20,453,53,25,6,537,0,0,0,537
11/05/2022,SDF,KY,ASO,CE,Combined TRACON& Tower with Radar,280,32,3,4,319,0,8,1,2,11,280,40,4,6,330,0,0,0,330
11/06/2022,SDF,KY,ASO,CE,Combined TRACON& Tower with Radar,218,29,24,5,276,0,11,3,2,16,218,40,27,7,292,0,0,0,292
11/07/2022,SDF,KY,ASO,CE,Combined TRACON& Tower with Radar,250,28,12,3,293,0,7,18,0,25,250,35,30,3,318,18,0,18,336
11/08/2022,SDF,KY,ASO,CE,Combined TRACON& Tower with Radar,528,43,19,5,595,0,8,2,15,25,528,51,21,20,620,0,28,28,648
11/09/2022,SDF,KY,ASO,CE,Combined TRACON& Tower with Radar,530,44,32,11,617,0,9,9,6,24,530,53,41,17,641,0,0,0,641
11/10/2022,SDF,KY,ASO,CE,Combined TRACON& Tower with Radar,525,37,29,15,606,0,8,14,2,24,525,45,43,17,630,0,0,0,630
11/11/2022,SDF,KY,ASO,CE,Combined TRACON& Tower with Radar,461,46,8,0,515,0,7,1,0,8,461,53,9,0,523,0,0,0,523
11/12/2022,SDF,KY,ASO,CE,Combined TRACON& Tower with Radar,277,42,10,0,329,0,2,2,0,4,277,44,12,0,333,0,0,0,333
11/13/2022,SDF,KY,ASO,CE,Combined TRACON& Tower with Radar,218,33,20,0,271,0,2,5,0,7,218,35,25,0,278,0,0,0,278
11/14/2022,SDF,KY,ASO,CE,Combined TRACON& Tower with Radar,254,30,24,1,309,0,8,7,2,17,254,38,31,3,326,0,0,0,326
11/15/2022,SDF,KY,ASO,CE,Combined TRACON& Tower with Radar,531,56,25,4,616,0,0,1,1,2,531,56,26,5,618,0,0,0,618
11/16/2022,SDF,KY,ASO,CE,Combined TRACON& Tower with Radar,526,53,29,2,610,0,0,4,0,4,526,53,33,2,614,0,0,0,614
11/17/2022,SDF,KY,ASO,CE,Combined TRACON& Tower with Radar,544,43,25,1,613,0,4,4,0,8,544,47,29,1,621,0,0,0,621
11/18/2022,SDF,KY,ASO,CE,Combined TRACON& Tower with Radar,468,49,30,10,557,0,4,3,3,10,468,53,33,13,567,0,0,0,567
11/19/2022,SDF,KY,ASO,CE,Combined TRACON& Tower with Radar,295,42,12,9,358,0,2,8,8,18,295,44,20,17,376,0,0,0,376
11/20/2022,SDF,KY,ASO,CE,Combined TRACON& Tower with Radar,242,21,18,11,292,0,6,7,1,14,242,27,25,12,306,0,0,0,306
11/21/2022,SDF,KY,ASO,CE,Combined TRACON& Tower with Radar,309,20,13,3,345,0,2,11,1,14,309,22,24,4,359,2,48,50,409
11/22/2022,SDF,KY,ASO,CE,Combined TRACON& Tower with Radar,605,39,29,3,676,0,7,7,5,19,605,46,36,8,695,0,0,0,695
11/23/2022,SDF,KY,ASO,CE,Combined TRACON& Tower with Radar,562,40,19,3,624,0,5,4,0,9,562,45,23,3,633,0,0,0,633
11/24/2022,SDF,KY,ASO,CE,Combined TRACON& Tower with Radar,222,10,2,0,234,0,8,9,0,17,222,18,11,0,251,0,0,0,251
11/25/2022,SDF,KY,ASO,CE,Combined TRACON& Tower with Radar,341,23,10,0,374,0,2,13,0,15,341,25,23,0,389,0,0,0,389
11/26/2022,SDF,KY,ASO,CE,Combined TRACON& Tower with Radar,298,48,18,0,364,0,4,6,0,10,298,52,24,0,374,0,0,0,374
11/27/2022,SDF,KY,ASO,CE,Combined TRACON& Tower with Radar,254,26,41,0,321,0,0,0,0,0,254,26,41,0,321,0,0,0,321
11/28/2022,SDF,KY,ASO,CE,Combined TRACON& Tower with Radar,353,30,31,0,414,0,3,0,0,3,353,33,31,0,417,0,0,0,417
11/29/2022,SDF,KY,ASO,CE,Combined TRACON& Tower with Radar,602,30,19,3,654,0,2,1,9,12,602,32,20,12,666,0,0,0,666
11/30/2022,SDF,KY,ASO,CE,Combined TRACON& Tower with Radar,627,36,25,2,690,0,1,2,3,6,627,37,27,5,696,0,0,0,696
12/01/2022,SDF,KY,ASO,CE,Combined TRACON& Tower with Radar,618,43,25,4,690,0,3,4,3,10,618,46,29,7,700,0,0,0,700
12/02/2022,SDF,KY,ASO,CE,Combined TRACON& Tower with Radar,518,48,24,2,592,0,2,4,3,9,518,50,28,5,601,0,0,0,601
12/03/2022,SDF,KY,ASO,CE,Combined TRACON& Tower with Radar,306,32,6,2,346,0,6,7,0,13,306,38,13,2,359,0,0,0,359
12/04/2022,SDF,KY,ASO,CE,Combined TRACON& Tower with Radar,250,29,20,0,299,0,13,0,1,14,250,42,20,1,313,0,0,0,313
12/05/2022,SDF,KY,ASO,CE,Combined TRACON& Tower with Radar,331,29,21,2,383,0,5,0,0,5,331,34,21,2,388,0,0,0,388
12/06/2022,SDF,KY,ASO,CE,Combined TRACON& Tower with Radar,597,41,39,10,687,0,0,0,0,0,597,41,39,10,687,0,0,0,687
12/07/2022,SDF,KY,ASO,CE,Combined TRACON& Tower with Radar,630,57,33,19,739,0,0,0,0,0,630,57,33,19,739,0,0,0,739
12/08/2022,SDF,KY,ASO,CE,Combined TRACON& Tower with Radar,614,65,37,9,725,0,0,0,0,0,614,65,37,9,725,0,0,0,725
12/09/2022,SDF,KY,ASO,CE,Combined TRACON& Tower with Radar,516,48,29,1,594,0,0,0,0,0,516,48,29,1,594,0,0,0,594
12/10/2022,SDF,KY,ASO,CE,Combined TRACON& Tower with Radar,313,28,13,0,354,0,0,0,0,0,313,28,13,0,354,0,0,0,354
12/11/2022,SDF,KY,ASO,CE,Combined TRACON& Tower with Radar,252,32,11,2,297,0,1,6,0,7,252,33,17,2,304,0,0,0,304
12/12/2022,SDF,KY,ASO,CE,Combined TRACON& Tower with Radar,354,28,26,1,409,0,5,10,0,15,354,33,36,1,424,0,0,0,424
12/13/2022,SDF,KY,ASO,CE,Combined TRACON& Tower with Radar,635,45,22,6,708,0,6,3,1,10,635,51,25,7,718,0,0,0,718
12/14/2022,SDF,KY,ASO,CE,Combined TRACON& Tower with Radar,632,47,29,4,712,0,1,0,0,1,632,48,29,4,713,0,0,0,713
12/15/2022,SDF,KY,ASO,CE,Combined TRACON& Tower with Radar,654,49,23,6,732,0,2,6,1,9,654,51,29,7,741,0,0,0,741
12/16/2022,SDF,KY,ASO,CE,Combined TRACON& Tower with Radar,632,44,25,4,705,0,3,5,1,9,632,47,30,5,714,0,0,0,714
12/17/2022,SDF,KY,ASO,CE,Combined TRACON& Tower with Radar,604,28,13,0,645,0,1,5,0,6,604,29,18,0,651,0,0,0,651
12/18/2022,SDF,KY,ASO,CE,Combined TRACON& Tower with Radar,523,25,21,0,569,0,4,1,2,7,523,29,22,2,576,0,0,0,576
12/19/2022,SDF,KY,ASO,CE,Combined TRACON& Tower with Radar,389,10,23,8,430,0,6,6,4,16,389,16,29,12,446,0,0,0,446
12/20/2022,SDF,KY,ASO,CE,Combined TRACON& Tower with Radar,668,28,23,0,719,0,1,18,1,20,668,29,41,1,739,4,0,4,743
12/21/2022,SDF,KY,ASO,CE,Combined TRACON& Tower with Radar,672,35,21,0,728,0,10,14,1,25,672,45,35,1,753,0,0,0,753
12/22/2022,SDF,KY,ASO,CE,Combined TRACON& Tower with Radar,625,35,15,2,677,0,0,1,0,1,625,35,16,2,678,0,0,0,678
12/23/2022,SDF,KY,ASO,CE,Combined TRACON& Tower with Radar,373,10,8,0,391,0,0,0,0,0,373,10,8,0,391,0,0,0,391
12/24/2022,SDF,KY,ASO,CE,Combined TRACON& Tower with Radar,212,19,7,0,238,0,10,0,0,10,212,29,7,0,248,0,0,0,248
12/25/2022,SDF,KY,ASO,CE,Combined TRACON& Tower with Radar,106,21,4,0,131,0,3,0,0,3,106,24,4,0,134,0,0,0,134
12/26/2022,SDF,KY,ASO,CE,Combined TRACON& Tower with Radar,236,21,19,0,276,0,0,1,0,1,236,21,20,0,277,0,0,0,277
12/27/2022,SDF,KY,ASO,CE,Combined TRACON& Tower with Radar,349,19,20,0,388,0,3,6,0,9,349,22,26,0,397,0,0,0,397
12/28/2022,SDF,KY,ASO,CE,Combined TRACON& Tower with Radar,526,38,13,0,577,0,3,7,0,10,526,41,20,0,587,0,0,0,587
12/29/2022,SDF,KY,ASO,CE,Combined TRACON& Tower with Radar,551,33,15,0,599,0,2,7,0,9,551,35,22,0,608,0,0,0,608
12/30/2022,SDF,KY,ASO,CE,Combined TRACON& Tower with Radar,516,30,23,0,569,0,2,13,0,15,516,32,36,0,584,2,0,2,586
12/31/2022,SDF,KY,ASO,CE,Combined TRACON& Tower with Radar,290,21,5,0,316,0,0,0,0,0,290,21,5,0,316,0,0,0,316
01/01/2023,SDF,KY,ASO,CE,Combined TRACON& Tower with Radar,118,8,5,0,131,0,0,0,0,0,118,8,5,0,131,0,0,0,131
01/02/2023,SDF,KY,ASO,CE,Combined TRACON& Tower with Radar,220,28,30,0,278,0,4,0,0,4,220,32,30,0,282,0,0,0,282
01/03/2023,SDF,KY,ASO,CE,Combined TRACON& Tower with Radar,323,24,12,0,359,0,2,0,0,2,323,26,12,0,361,0,0,0,361
01/04/2023,SDF,KY,ASO,CE,Combined TRACON& Tower with Radar,517,41,18,3,579,0,8,4,3,15,517,49,22,6,594,0,0,0,594
01/05/2023,SDF,KY,ASO,CE,Combined TRACON& Tower with Radar,523,31,16,5,575,0,3,4,2,9,523,34,20,7,584,0,0,0,584
01/06/2023,SDF,KY,ASO,CE,Combined TRACON& Tower with Radar,444,37,18,4,503,0,8,7,0,15,444,45,25,4,518,6,0,6,524
01/07/2023,SDF,KY,ASO,CE,Combined TRACON& Tower with Radar,271,35,9,0,315,0,12,4,0,16,271,47,13,0,331,0,0,0,331
01/08/2023,SDF,KY,ASO,CE,Combined TRACON& Tower with Radar,225,21,14,1,261,0,2,2,0,4,225,23,16,1,265,0,0,0,265
01/09/2023,SDF,KY,ASO,CE,Combined TRACON& Tower with Radar,263,10,9,5,287,0,5,0,3,8,263,15,9,8,295,0,0,0,295
01/10/2023,SDF,KY,ASO,CE,Combined TRACON& Tower with Radar,525,42,11,5,583,0,7,3,7,17,525,49,14,12,600,0,0,0,600
01/11/2023,SDF,KY,ASO,CE,Combined TRACON& Tower with Radar,515,34,24,6,579,0,2,6,5,13,515,36,30,11,592,0,0,0,592
01/12/2023,SDF,KY,ASO,CE,Combined TRACON& Tower with Radar,537,48,25,4,614,0,0,0,0,0,537,48,25,4,614,0,0,0,614
01/13/2023,SDF,KY,ASO,CE,Combined TRACON& Tower with Radar,466,42,15,0,523,0,0,1,0,1,466,42,16,0,524,0,0,0,524
01/14/2023,SDF,KY,ASO,CE,Combined TRACON& Tower with Radar,279,29,12,0,320,0,4,6,0,10,279,33,18,0,330,0,0,0,330
01/15/2023,SDF,KY,ASO,CE,Combined TRACON& Tower with Radar,213,23,12,0,248,0,9,4,0,13,213,32,16,0,261,0,0,0,261
01/16/2023,SDF,KY,ASO,CE,Combined TRACON& Tower with Radar,262,22,12,0,296,0,0,2,0,2,262,22,14,0,298,0,0,0,298
01/17/2023,SDF,KY,ASO,CE,Combined TRACON& Tower with Radar,510,43,20,1,574,0,0,6,0,6,510,43,26,1,580,3,0,3,583
01/18/2023,SDF,KY,ASO,CE,Combined TRACON& Tower with Radar,503,42,27,11,583,0,0,2,2,4,503,42,29,13,587,0,0,0,587
01/19/2023,SDF,KY,ASO,CE,Combined TRACON& Tower with Radar,536,43,22,5,606,0,2,1,4,7,536,45,23,9,613,0,0,0,613
01/20/2023,SDF,KY,ASO,CE,Combined TRACON& Tower with Radar,461,45,11,5,522,0,4,2,0,6,461,49,13,5,528,0,0,0,528
01/21/2023,SDF,KY,ASO,CE,Combined TRACON& Tower with Radar,274,35,4,0,313,0,5,3,2,10,274,40,7,2,323,0,0,0,323
01/22/2023,SDF,KY,ASO,CE,Combined TRACON& Tower with Radar,227,32,10,1,270,0,0,0,0,0,227,32,10,1,270,0,0,0,270
01/23/2023,SDF,KY,ASO,CE,Combined TRACON& Tower with Radar,264,24,30,2,320,0,1,15,1,17,264,25,45,3,337,0,0,0,337
01/24/2023,SDF,KY,ASO,CE,Combined TRACON& Tower with Radar,520,40,19,4,583,0,12,15,7,34,520,52,34,11,617,0,0,0,617
01/25/2023,SDF,KY,ASO,CE,Combined TRACON& Tower with Radar,521,49,20,4,594,0,0,0,0,0,521,49,20,4,594,0,0,0,594
01/26/2023,SDF,KY,ASO,CE,Combined TRACON& Tower with Radar,542,51,13,6,612,0,5,0,1,6,542,56,13,7,618,0,0,0,618
01/27/2023,SDF,KY,ASO,CE,Combined TRACON& Tower with Radar,464,45,27,4,540,0,6,4,2,12,464,51,31,6,552,0,0,0,552
01/28/2023,SDF,KY,ASO,CE,Combined TRACON& Tower with Radar,271,32,12,0,315,0,8,9,2,19,271,40,21,2,334,0,0,0,334
01/29/2023,SDF,KY,ASO,CE,Combined TRACON& Tower with Radar,220,18,15,0,253,0,0,0,0,0,220,18,15,0,253,0,0,0,253
01/30/2023,SDF,KY,ASO,CE,Combined TRACON& Tower with Radar,250,23,25,0,298,0,0,0,0,0,250,23,25,0,298,0,0,0,298
01/31/2023,SDF,KY,ASO,CE,Combined TRACON& Tower with Radar,499,32,15,2,548,0,0,0,0,0,499,32,15,2,548,0,0,0,548
02/01/2023,SDF,KY,ASO,CE,Combined TRACON& Tower with Radar,525,46,18,3,592,0,0,5,4,9,525,46,23,7,601,0,0,0,601
02/02/2023,SDF,KY,ASO,CE,Combined TRACON& Tower with Radar,524,48,23,14,609,0,7,39,2,48,524,55,62,16,657,0,0,0,657
02/03/2023,SDF,KY,ASO,CE,Combined TRACON& Tower with Radar,465,42,15,1,523,0,3,12,3,18,465,45,27,4,541,0,0,0,541
02/04/2023,SDF,KY,ASO,CE,Combined TRACON& Tower with Radar,271,33,7,1,312,0,4,7,0,11,271,37,14,1,323,0,0,0,323
02/05/2023,SDF,KY,ASO,CE,Combined TRACON& Tower with Radar,221,18,17,4,260,0,2,4,0,6,221,20,21,4,266,0,0,0,266
02/06/2023,SDF,KY,ASO,CE,Combined TRACON& Tower with Radar,271,21,26,3,321,0,0,7,2,9,271,21,33,5,330,6,0,6,336
02/07/2023,SDF,KY,ASO,CE,Combined TRACON& Tower with Radar,514,36,21,6,577,0,2,13,1,16,514,38,34,7,593,0,0,0,593
02/08/2023,SDF,KY,ASO,CE,Combined TRACON& Tower with Radar,521,45,26,3,595,0,5,5,3,13,521,50,31,6,608,0,0,0,608
02/09/2023,SDF,KY,ASO,CE,Combined TRACON& Tower with Radar,564,47,6,1,618,0,0,0,2,2,564,47,6,3,620,0,0,0,620
02/10/2023,SDF,KY,ASO,CE,Combined TRACON& Tower with Radar,470,44,15,6,535,0,4,10,0,14,470,48,25,6,549,0,0,0,549
02/11/2023,SDF,KY,ASO,CE,Combined TRACON& Tower with Radar,263,32,14,0,309,0,4,10,0,14,263,36,24,0,323,2,0,2,325
02/12/2023,SDF,KY,ASO,CE,Combined TRACON& Tower with Radar,212,20,13,0,245,0,6,8,0,14,212,26,21,0,259,0,0,0,259
02/13/2023,SDF,KY,ASO,CE,Combined TRACON& Tower with Radar,266,27,13,2,308,0,1,18,3,22,266,28,31,5,330,0,0,0,330
02/14/2023,SDF,KY,ASO,CE,Combined TRACON& Tower with Radar,512,37,27,1,577,0,3,2,4,9,512,40,29,5,586,0,0,0,586
02/15/2023,SDF,KY,ASO,CE,Combined TRACON& Tower with Radar,528,40,49,0,617,0,12,16,2,30,528,52,65,2,647,30,0,30,677
02/16/2023,SDF,KY,ASO,CE,Combined TRACON& Tower with Radar,526,39,32,0,597,0,0,0,0,0,526,39,32,0,597,0,0,0,597
02/17/2023,SDF,KY,ASO,CE,Combined TRACON& Tower with Radar,465,48,43,1,557,0,0,2,4,6,465,48,45,5,563,0,0,0,563
02/18/2023,SDF,KY,ASO,CE,Combined TRACON& Tower with Radar,274,43,27,0,344,0,2,13,0,15,274,45,40,0,359,0,0,0,359
02/19/2023,SDF,KY,ASO,CE,Combined TRACON& Tower with Radar,221,15,19,1,256,0,2,7,0,9,221,17,26,1,265,0,0,0,265
02/20/2023,SDF,KY,ASO,CE,Combined TRACON& Tower with Radar,259,34,23,3,319,0,4,2,0,6,259,38,25,3,325,0,0,0,325
02/21/2023,SDF,KY,ASO,CE,Combined TRACON& Tower with Radar,521,43,13,11,588,0,10,7,2,19,521,53,20,13,607,0,0,0,607
02/22/2023,SDF,KY,ASO,CE,Combined TRACON& Tower with Radar,532,41,20,2,595,0,0,1,0,1,532,41,21,2,596,0,0,0,596
02/23/2023,SDF,KY,ASO,CE,Combined TRACON& Tower with Radar,533,48,32,4,617,0,2,7,4,13,533,50,39,8,630,0,0,0,630
02/24/2023,SDF,KY,ASO,CE,Combined TRACON& Tower with Radar,465,55,22,6,548,0,3,1,0,4,465,58,23,6,552,0,0,0,552
02/25/2023,SDF,KY,ASO,CE,Combined TRACON& Tower with Radar,281,35,15,0,331,0,11,3,0,14,281,46,18,0,345,0,0,0,345
02/26/2023,SDF,KY,ASO,CE,Combined TRACON& Tower with Radar,221,27,12,7,267,0,10,9,3,22,221,37,21,10,289,0,0,0,289
02/27/2023,SDF,KY,ASO,CE,Combined TRACON& Tower with Radar,268,18,13,4,303,0,0,1,0,1,268,18,14,4,304,0,0,0,304
02/28/2023,SDF,KY,ASO,CE,Combined TRACON& Tower with Radar,513,58,20,5,596,0,6,12,5,23,513,64,32,10,619,0,0,0,619
03/01/2023,SDF,KY,ASO,CE,Combined TRACON& Tower with Radar,522,39,26,6,593,0,3,13,2,18,522,42,39,8,611,0,0,0,611
03/02/2023,SDF,KY,ASO,CE,Combined TRACON& Tower with Radar,541,60,23,3,627,0,4,6,0,10,541,64,29,3,637,0,0,0,637
03/03/2023,SDF,KY,ASO,CE,Combined TRACON& Tower with Radar,440,24,13,4,481,0,0,0,0,0,440,24,13,4,481,0,0,0,481
03/04/2023,SDF,KY,ASO,CE,Combined TRACON& Tower with Radar,285,39,11,4,339,0,8,1,3,12,285,47,12,7,351,0,0,0,351
03/05/2023,SDF,KY,ASO,CE,Combined TRACON& Tower with Radar,229,22,17,1,269,0,4,5,0,9,229,26,22,1,278,6,0,6,284
03/06/2023,SDF,KY,ASO,CE,Combined TRACON& Tower with Radar,261,30,9,1,301,0,6,8,0,14,261,36,17,1,315,6,0,6,321
03/07/2023,SDF,KY,ASO,CE,Combined TRACON& Tower with Radar,520,40,21,4,585,0,5,5,3,13,520,45,26,7,598,0,0,0,598
03/08/2023,SDF,KY,ASO,CE,Combined TRACON& Tower with Radar,526,44,21,4,595,0,3,12,7,22,526,47,33,11,617,0,0,0,617
03/09/2023,SDF,KY,ASO,CE,Combined TRACON& Tower with Radar,533,38,16,2,589,0,2,4,2,8,533,40,20,4,597,0,0,0,597
03/10/2023,SDF,KY,ASO,CE,Combined TRACON& Tower with Radar,469,41,15,0,525,0,7,1,0,8,469,48,16,0,533,0,0,0,533
03/11/2023,SDF,KY,ASO,CE,Combined TRACON& Tower with Radar,275,37,16,0,328,0,7,2,0,9,275,44,18,0,337,0,0,0,337
03/12/2023,SDF,KY,ASO,CE,Combined TRACON& Tower with Radar,234,23,13,3,273,0,0,2,0,2,234,23,15,3,275,0,0,0,275
03/13/2023,SDF,KY,ASO,CE,Combined TRACON& Tower with Radar,255,27,18,2,302,0,3,3,0,6,255,30,21,2,308,0,0,0,308
03/14/2023,SDF,KY,ASO,CE,Combined TRACON& Tower with Radar,521,45,15,2,583,0,2,4,2,8,521,47,19,4,591,4,0,4,595
03/15/2023,SDF,KY,ASO,CE,Combined TRACON& Tower with Radar,528,37,17,3,585,0,1,6,5,12,528,38,23,8,597,6,3,9,606
03/16/2023,SDF,KY,ASO,CE,Combined TRACON& Tower with Radar,535,35,27,3,600,0,2,3,3,8,535,37,30,6,608,0,0,0,608
03/17/2023,SDF,KY,ASO,CE,Combined TRACON& Tower with Radar,474,32,7,14,527,0,2,0,0,2,474,34,7,14,529,0,5,5,534
03/18/2023,SDF,KY,ASO,CE,Combined TRACON& Tower with Radar,272,31,9,0,312,0,9,2,0,11,272,40,11,0,323,0,0,0,323
03/19/2023,SDF,KY,ASO,CE,Combined TRACON& Tower with Radar,238,14,20,6,278,0,4,5,0,9,238,18,25,6,287,0,0,0,287
03/20/2023,SDF,KY,ASO,CE,Combined TRACON& Tower with Radar,260,18,21,2,301,0,2,3,0,5,260,20,24,2,306,0,0,0,306
03/21/2023,SDF,KY,ASO,CE,Combined TRACON& Tower with Radar,510,41,17,11,579,0,4,5,4,13,510,45,22,15,592,0,4,4,596
03/22/2023,SDF,KY,ASO,CE,Combined TRACON& Tower with Radar,539,45,25,2,611,0,0,2,0,2,539,45,27,2,613,0,0,0,613
03/23/2023,SDF,KY,ASO,CE,Combined TRACON& Tower with Radar,538,58,29,5,630,0,6,5,0,11,538,64,34,5,641,0,0,0,641
03/24/2023,SDF,KY,ASO,CE,Combined TRACON& Tower with Radar,472,84,41,4,601,0,3,3,0,6,472,87,44,4,607,0,0,0,607
03/25/2023,SDF,KY,ASO,CE,Combined TRACON& Tower with Radar,287,58,32,1,378,0,0,1,0,1,287,58,33,1,379,0,0,0,379
03/26/2023,SDF,KY,ASO,CE,Combined TRACON& Tower with Radar,236,49,24,0,309,0,6,11,1,18,236,55,35,1,327,0,0,0,327
03/27/2023,SDF,KY,ASO,CE,Combined TRACON& Tower with Radar,265,32,17,1,315,0,4,2,0,6,265,36,19,1,321,0,0,0,321
03/28/2023,SDF,KY,ASO,CE,Combined TRACON& Tower with Radar,517,41,26,2,586,0,3,18,4,25,517,44,44,6,611,0,0,0,611
03/29/2023,SDF,KY,ASO,CE,Combined TRACON& Tower with Radar,529,41,24,4,598,0,0,11,5,16,529,41,35,9,614,8,0,8,622
03/30/2023,SDF,KY,ASO,CE,Combined TRACON& Tower with Radar,545,62,53,2,662,0,3,8,2,13,545,65,61,4,675,0,0,0,675
03/31/2023,SDF,KY,ASO,CE,Combined TRACON& Tower with Radar,447,36,48,5,536,0,1,1,0,2,447,37,49,5,538,0,0,0,538
04/01/2023,SDF,KY,ASO,CE,Combined TRACON& Tower with Radar,276,42,20,0,338,0,4,1,0,5,276,46,21,0,343,0,0,0,343
04/02/2023,SDF,KY,ASO,CE,Combined TRACON& Tower with Radar,250,27,30,4,311,0,1,9,2,12,250,28,39,6,323,0,0,0,323
04/03/2023,SDF,KY,ASO,CE,Combined TRACON& Tower with Radar,258,19,14,1,292,0,3,2,0,5,258,22,16,1,297,0,0,0,297
04/04/2023,SDF,KY,ASO,CE,Combined TRACON& Tower with Radar,516,40,8,4,568,0,2,3,3,8,516,42,11,7,576,0,0,0,576
04/05/2023,SDF,KY,ASO,CE,Combined TRACON& Tower with Radar,533,24,20,2,579,0,1,0,0,1,533,25,20,2,580,0,0,0,580
04/06/2023,SDF,KY,ASO,CE,Combined TRACON& Tower with Radar,542,38,22,12,614,0,0,6,2,8,542,38,28,14,622,0,0,0,622
04/07/2023,SDF,KY,ASO,CE,Combined TRACON& Tower with Radar,458,42,14,5,519,0,1,6,0,7,458,43,20,5,526,0,0,0,526
04/08/2023,SDF,KY,ASO,CE,Combined TRACON& Tower with Radar,277,31,16,5,329,0,4,12,0,16,277,35,28,5,345,2,0,2,347
04/09/2023,SDF,KY,ASO,CE,Combined TRACON& Tower with Radar,238,21,8,0,267,0,9,5,0,14,238,30,13,0,281,0,0,0,281
04/10/2023,SDF,KY,ASO,CE,Combined TRACON& Tower with Radar,269,18,25,1,313,0,1,11,0,12,269,19,36,1,325,0,0,0,325
04/11/2023,SDF,KY,ASO,CE,Combined TRACON& Tower with Radar,524,47,7,2,580,0,0,1,5,6,524,47,8,7,586,0,0,0,586
04/12/2023,SDF,KY,ASO,CE,Combined TRACON& Tower with Radar,527,43,38,1,609,0,2,8,3,13,527,45,46,4,622,0,0,0,622
04/13/2023,SDF,KY,ASO,CE,Combined TRACON& Tower with Radar,539,37,21,1,598,0,3,13,5,21,539,40,34,6,619,0,0,0,619
04/14/2023,SDF,KY,ASO,CE,Combined TRACON& Tower with Radar,458,43,25,1,527,0,5,7,2,14,458,48,32,3,541,0,0,0,541
04/15/2023,SDF,KY,ASO,CE,Combined TRACON& Tower with Radar,280,36,17,0,333,0,2,2,0,4,280,38,19,0,337,0,0,0,337
04/16/2023,SDF,KY,ASO,CE,Combined TRACON& Tower with Radar,237,34,19,4,294,0,2,4,0,6,237,36,23,4,300,0,0,0,300
04/17/2023,SDF,KY,ASO,CE,Combined TRACON& Tower with Radar,262,21,31,0,314,0,1,1,0,2,262,22,32,0,316,0,0,0,316
04/18/2023,SDF,KY,ASO,CE,Combined TRACON& Tower with Radar,530,50,24,1,605,0,4,3,5,12,530,54,27,6,617,0,0,0,617
04/19/2023,SDF,KY,ASO,CE,Combined TRACON& Tower with Radar,511,43,26,3,583,0,6,6,7,19,511,49,32,10,602,0,0,0,602
04/20/2023,SDF,KY,ASO,CE,Combined TRACON& Tower with Radar,546,41,30,9,626,0,6,8,1,15,546,47,38,10,641,0,0,0,641
04/21/2023,SDF,KY,ASO,CE,Combined TRACON& Tower with Radar,467,39,25,13,544,0,0,7,10,17,467,39,32,23,561,0,0,0,561
04/22/2023,SDF,KY,ASO,CE,Combined TRACON& Tower with Radar,288,32,9,3,332,1,6,5,34,46,289,38,14,37,378,0,0,0,378
04/23/2023,SDF,KY,ASO,CE,Combined TRACON& Tower with Radar,246,35,16,8,305,0,0,8,4,12,246,35,24,12,317,0,0,0,317
04/24/2023,SDF,KY,ASO,CE,Combined TRACON& Tower with Radar,256,25,14,6,301,0,10,5,0,15,256,35,19,6,316,0,0,0,316
04/25/2023,SDF,KY,ASO,CE,Combined TRACON& Tower with Radar,528,50,11,3,592,0,2,9,4,15,528,52,20,7,607,0,0,0,607
04/26/2023,SDF,KY,ASO,CE,Combined TRACON& Tower with Radar,522,56,20,8,606,0,6,29,17,52,522,62,49,25,658,0,0,0,658
04/27/2023,SDF,KY,ASO,CE,Combined TRACON& Tower with Radar,531,48,23,6,608,0,2,1,2,5,531,50,24,8,613,0,0,0,613
04/28/2023,SDF,KY,ASO,CE,Combined TRACON& Tower with Radar,474,42,14,4,534,0,0,0,0,0,474,42,14,4,534,0,0,0,534
04/29/2023,SDF,KY,ASO,CE,Combined TRACON& Tower with Radar,286,43,23,1,353,0,3,8,0,11,286,46,31,1,364,0,0,0,364
04/30/2023,SDF,KY,ASO,CE,Combined TRACON& Tower with Radar,235,29,21,1,286,0,6,6,0,12,235,35,27,1,298,0,0,0,298
05/01/2023,SDF,KY,ASO,CE,Combined TRACON& Tower with Radar,248,22,23,0,293,0,0,3,0,3,248,22,26,0,296,0,0,0,296
05/02/2023,SDF,KY,ASO,CE,Combined TRACON& Tower with Radar,526,44,23,4,597,0,0,9,0,9,526,44,32,4,606,0,0,0,606
05/03/2023,SDF,KY,ASO,CE,Combined TRACON& Tower with Radar,544,75,37,3,659,0,0,6,1,7,544,75,43,4,666,0,0,0,666
05/04/2023,SDF,KY,ASO,CE,Combined TRACON& Tower with Radar,620,215,174,2,1011,0,9,13,1,23,620,224,187,3,1034,0,0,0,1034
05/05/2023,SDF,KY,ASO,CE,Combined TRACON& Tower with Radar,482,119,82,2,685,0,11,16,0,27,482,130,98,2,712,0,0,0,712
05/06/2023,SDF,KY,ASO,CE,Combined TRACON& Tower with Radar,295,140,144,0,579,0,9,14,4,27,295,149,158,4,606,0,0,0,606
05/07/2023,SDF,KY,ASO,CE,Combined TRACON& Tower with Radar,340,188,164,2,694,0,0,1,0,1,340,188,165,2,695,0,0,0,695
05/08/2023,SDF,KY,ASO,CE,Combined TRACON& Tower with Radar,274,47,28,2,351,0,0,0,2,2,274,47,28,4,353,0,0,0,353
05/09/2023,SDF,KY,ASO,CE,Combined TRACON& Tower with Radar,494,47,25,2,568,0,0,8,5,13,494,47,33,7,581,0,0,0,581
05/10/2023,SDF,KY,ASO,CE,Combined TRACON& Tower with Radar,539,51,32,1,623,0,1,10,2,13,539,52,42,3,636,0,0,0,636
05/11/2023,SDF,KY,ASO,CE,Combined TRACON& Tower with Radar,555,53,24,7,639,0,2,6,3,11,555,55,30,10,650,4,0,4,654
05/12/2023,SDF,KY,ASO,CE,Combined TRACON& Tower with Radar,485,38,17,3,543,0,0,1,0,1,485,38,18,3,544,0,0,0,544
05/13/2023,SDF,KY,ASO,CE,Combined TRACON& Tower with Radar,313,38,19,0,370,0,1,0,0,1,313,39,19,0,371,0,0,0,371
05/14/2023,SDF,KY,ASO,CE,Combined TRACON& Tower with Radar,244,16,15,0,275,0,0,4,0,4,244,16,19,0,279,0,0,0,279
05/15/2023,SDF,KY,ASO,CE,Combined TRACON& Tower with Radar,276,20,24,7,327,0,2,5,0,7,276,22,29,7,334,0,0,0,334
05/16/2023,SDF,KY,ASO,CE,Combined TRACON& Tower with Radar,539,36,23,4,602,0,0,2,0,2,539,36,25,4,604,0,0,0,604
05/17/2023,SDF,KY,ASO,CE,Combined TRACON& Tower with Radar,540,37,21,2,600,0,2,10,8,20,540,39,31,10,620,0,0,0,620
05/18/2023,SDF,KY,ASO,CE,Combined TRACON& Tower with Radar,562,34,27,4,627,0,2,14,3,19,562,36,41,7,646,0,0,0,646
05/19/2023,SDF,KY,ASO,CE,Combined TRACON& Tower with Radar,497,52,27,13,589,0,4,5,8,17,497,56,32,21,606,12,0,12,618
05/20/2023,SDF,KY,ASO,CE,Combined TRACON& Tower with Radar,302,40,22,3,367,0,4,1,6,11,302,44,23,9,378,0,0,0,378
05/21/2023,SDF,KY,ASO,CE,Combined TRACON& Tower with Radar,250,25,28,0,303,0,4,0,4,8,250,29,28,4,311,0,0,0,311
05/22/2023,SDF,KY,ASO,CE,Combined TRACON& Tower with Radar,263,16,17,0,296,0,4,5,0,9,263,20,22,0,305,0,0,0,305
05/23/2023,SDF,KY,ASO,CE,Combined TRACON& Tower with Radar,547,42,14,2,605,0,2,13,8,23,547,44,27,10,628,0,0,0,628
05/24/2023,SDF,KY,ASO,CE,Combined TRACON& Tower with Radar,536,57,34,1,628,0,4,12,10,26,536,61,46,11,654,0,0,0,654
05/25/2023,SDF,KY,ASO,CE,Combined TRACON& Tower with Radar,538,34,33,2,607,0,0,5,3,8,538,34,38,5,615,0,0,0,615
05/26/2023,SDF,KY,ASO,CE,Combined TRACON& Tower with Radar,506,39,28,4,577,0,2,9,0,11,506,41,37,4,588,16,0,16,604
05/27/2023,SDF,KY,ASO,CE,Combined TRACON& Tower with Radar,294,33,8,0,335,0,5,2,2,9,294,38,10,2,344,0,0,0,344
05/28/2023,SDF,KY,ASO,CE,Combined TRACON& Tower with Radar,229,21,7,1,258,0,2,0,0,2,229,23,7,1,260,0,0,0,260
05/29/2023,SDF,KY,ASO,CE,Combined TRACON& Tower with Radar,202,11,15,7,235,0,4,10,2,16,202,15,25,9,251,0,0,0,251
05/30/2023,SDF,KY,ASO,CE,Combined TRACON& Tower with Radar,359,21,20,9,409,0,2,23,11,36,359,23,43,20,445,0,0,0,445
05/31/2023,SDF,KY,ASO,CE,Combined TRACON& Tower with Radar,536,29,25,2,592,0,3,8,0,11,536,32,33,2,603,10,12,22,625
06/01/2023,SDF,KY,ASO,CE,Combined TRACON& Tower with Radar,550,41,25,0,616,1,5,14,2,22,551,46,39,2,638,0,0,0,638
06/02/2023,SDF,KY,ASO,CE,Combined TRACON& Tower with Radar,451,36,27,1,515,0,5,3,4,12,451,41,30,5,527,0,0,0,527
06/03/2023,SDF,KY,ASO,CE,Combined TRACON& Tower with Radar,291,42,17,0,350,0,10,11,4,25,291,52,28,4,375,0,0,0,375
06/04/2023,SDF,KY,ASO,CE,Combined TRACON& Tower with Radar,250,30,21,1,302,0,3,8,0,11,250,33,29,1,313,0,0,0,313
06/05/2023,SDF,KY,ASO,CE,Combined TRACON& Tower with Radar,272,25,15,5,317,0,8,7,2,17,272,33,22,7,334,0,0,0,334
06/06/2023,SDF,KY,ASO,CE,Combined TRACON& Tower with Radar,514,53,12,2,581,0,6,1,6,13,514,59,13,8,594,0,0,0,594
06/07/2023,SDF,KY,ASO,CE,Combined TRACON& Tower with Radar,537,48,33,5,623,1,2,6,0,9,538,50,39,5,632,0,0,0,632
06/08/2023,SDF,KY,ASO,CE,Combined TRACON& Tower with Radar,526,40,19,2,587,0,4,8,3,15,526,44,27,5,602,0,0,0,602
06/09/2023,SDF,KY,ASO,CE,Combined TRACON& Tower with Radar,447,53,15,7,522,0,3,8,3,14,447,56,23,10,536,0,0,0,536
06/10/2023,SDF,KY,ASO,CE,Combined TRACON& Tower with Radar,311,40,10,4,365,0,2,7,1,10,311,42,17,5,375,0,0,0,375
06/11/2023,SDF,KY,ASO,CE,Combined TRACON& Tower with Radar,250,30,21,1,302,0,3,8,0,11,250,33,29,1,313,0,0,0,313
06/12/2023,SDF,KY,ASO,CE,Combined TRACON& Tower with Radar,264,27,23,4,318,1,4,5,0,10,265,31,28,4,328,0,0,0,328
06/13/2023,SDF,KY,ASO,CE,Combined TRACON& Tower with Radar,543,40,17,1,601,0,2,4,3,9,543,42,21,4,610,0,0,0,610
06/14/2023,SDF,KY,ASO,CE,Combined TRACON& Tower with Radar,523,45,24,4,596,1,4,3,2,10,524,49,27,6,606,0,0,0,606
06/15/2023,SDF,KY,ASO,CE,Combined TRACON& Tower with Radar,527,40,22,7,596,0,0,4,3,7,527,40,26,10,603,0,0,0,603
06/16/2023,SDF,KY,ASO,CE,Combined TRACON& Tower with Radar,466,53,17,5,541,0,1,3,0,4,466,54,20,5,545,0,0,0,545
06/17/2023,SDF,KY,ASO,CE,Combined TRACON& Tower with Radar,313,44,10,0,367,0,1,7,0,8,313,45,17,0,375,0,0,0,375
06/18/2023,SDF,KY,ASO,CE,Combined TRACON& Tower with Radar,254,29,10,1,294,0,2,3,2,7,254,31,13,3,301,0,0,0,301
06/19/2023,SDF,KY,ASO,CE,Combined TRACON& Tower with Radar,272,34,19,0,325,0,0,0,2,2,272,34,19,2,327,0,0,0,327
06/20/2023,SDF,KY,ASO,CE,Combined TRACON& Tower with Radar,513,51,29,2,595,0,0,0,0,0,513,51,29,2,595,0,0,0,595
06/21/2023,SDF,KY,ASO,CE,Combined TRACON& Tower with Radar,523,44,17,3,587,0,2,4,3,9,523,46,21,6,596,0,0,0,596
06/22/2023,SDF,KY,ASO,CE,Combined TRACON& Tower with Radar,531,57,43,13,644,0,3,5,1,9,531,60,48,14,653,0,0,0,653
06/23/2023,SDF,KY,ASO,CE,Combined TRACON& Tower with Radar,460,49,16,6,531,0,2,0,3,5,460,51,16,9,536,0,0,0,536
06/24/2023,SDF,KY,ASO,CE,Combined TRACON& Tower with Radar,311,40,14,3,368,0,2,2,0,4,311,42,16,3,372,0,0,0,372
06/25/2023,SDF,KY,ASO,CE,Combined TRACON& Tower with Radar,226,15,16,8,265,0,0,1,0,1,226,15,17,8,266,0,0,0,266
06/26/2023,SDF,KY,ASO,CE,Combined TRACON& Tower with Radar,271,39,23,0,333,0,2,6,0,8,271,41,29,0,341,0,0,0,341
06/27/2023,SDF,KY,ASO,CE,Combined TRACON& Tower with Radar,524,49,20,0,593,0,4,2,0,6,524,53,22,0,599,0,0,0,599
06/28/2023,SDF,KY,ASO,CE,Combined TRACON& Tower with Radar,527,52,20,0,599,0,0,2,0,2,527,52,22,0,601,0,0,0,601
06/29/2023,SDF,KY,ASO,CE,Combined TRACON& Tower with Radar,529,49,30,0,608,0,0,0,0,0,529,49,30,0,608,0,0,0,608
06/30/2023,SDF,KY,ASO,CE,Combined TRACON& Tower with Radar,453,36,33,4,526,0,7,4,2,13,453,43,37,6,539,0,0,0,539
07/01/2023,SDF,KY,ASO,CE,Combined TRACON& Tower with Radar,317,28,19,2,366,0,0,4,0,4,317,28,23,2,370,0,0,0,370
07/02/2023,SDF,KY,ASO,CE,Combined TRACON& Tower with Radar,250,13,11,2,276,0,0,0,2,2,250,13,11,4,278,0,0,0,278
07/03/2023,SDF,KY,ASO,CE,Combined TRACON& Tower with Radar,261,9,6,2,278,0,1,4,2,7,261,10,10,4,285,0,0,0,285
07/04/2023,SDF,KY,ASO,CE,Combined TRACON& Tower with Radar,275,9,2,2,288,0,3,7,0,10,275,12,9,2,298,0,0,0,298
07/05/2023,SDF,KY,ASO,CE,Combined TRACON& Tower with Radar,425,29,25,1,480,0,4,8,2,14,425,33,33,3,494,0,0,0,494
07/06/2023,SDF,KY,ASO,CE,Combined TRACON& Tower with Radar,520,36,17,4,577,0,2,7,6,15,520,38,24,10,592,0,0,0,592
07/07/2023,SDF,KY,ASO,CE,Combined TRACON& Tower with Radar,447,29,20,3,499,0,2,11,2,15,447,31,31,5,514,0,0,0,514
07/08/2023,SDF,KY,ASO,CE,Combined TRACON& Tower with Radar,316,35,11,1,363,0,1,1,0,2,316,36,12,1,365,0,0,0,365
07/09/2023,SDF,KY,ASO,CE,Combined TRACON& Tower with Radar,252,36,24,0,312,0,0,2,2,4,252,36,26,2,316,0,0,0,316
07/10/2023,SDF,KY,ASO,CE,Combined TRACON& Tower with Radar,276,29,15,2,322,0,6,0,0,6,276,35,15,2,328,0,0,0,328
07/11/2023,SDF,KY,ASO,CE,Combined TRACON& Tower with Radar,518,39,19,14,590,0,6,9,7,22,518,45,28,21,612,0,0,0,612
07/12/2023,SDF,KY,ASO,CE,Combined TRACON& Tower with Radar,540,53,38,2,633,0,0,7,8,15,540,53,45,10,648,0,0,0,648
07/13/2023,SDF,KY,ASO,CE,Combined TRACON& Tower with Radar,532,40,25,4,601,0,6,14,5,25,532,46,39,9,626,0,0,0,626
07/14/2023,SDF,KY,ASO,CE,Combined TRACON& Tower with Radar,468,35,10,6,519,0,3,8,5,16,468,38,18,11,535,0,0,0,535
07/15/2023,SDF,KY,ASO,CE,Combined TRACON& Tower with Radar,305,32,6,2,345,0,3,1,3,7,305,35,7,5,352,0,0,0,352
07/16/2023,SDF,KY,ASO,CE,Combined TRACON& Tower with Radar,248,13,9,2,272,0,4,2,4,10,248,17,11,6,282,0,0,0,282
07/17/2023,SDF,KY,ASO,CE,Combined TRACON& Tower with Radar,293,23,25,1,342,0,8,2,4,14,293,31,27,5,356,0,0,0,356
07/18/2023,SDF,KY,ASO,CE,Combined TRACON& Tower with Radar,532,35,18,7,592,0,0,0,1,1,532,35,18,8,593,0,0,0,593
07/19/2023,SDF,KY,ASO,CE,Combined TRACON& Tower with Radar,564,47,12,6,629,0,0,4,6,10,564,47,16,12,639,0,0,0,639
07/20/2023,SDF,KY,ASO,CE,Combined TRACON& Tower with Radar,530,34,19,5,588,0,7,6,3,16,530,41,25,8,604,0,0,0,604
07/21/2023,SDF,KY,ASO,CE,Combined TRACON& Tower with Radar,458,42,20,0,520,0,1,7,0,8,458,43,27,0,528,0,0,0,528
07/22/2023,SDF,KY,ASO,CE,Combined TRACON& Tower with Radar,322,33,10,1,366,0,2,4,0,6,322,35,14,1,372,0,0,0,372
07/23/2023,SDF,KY,ASO,CE,Combined TRACON& Tower with Radar,253,19,13,0,285,0,2,6,4,12,253,21,19,4,297,0,0,0,297
07/24/2023,SDF,KY,ASO,CE,Combined TRACON& Tower with Radar,283,27,12,0,322,0,2,0,0,2,283,29,12,0,324,0,0,0,324
07/25/2023,SDF,KY,ASO,CE,Combined TRACON& Tower with Radar,509,34,20,1,564,0,1,6,5,12,509,35,26,6,576,0,0,0,576
07/26/2023,SDF,KY,ASO,CE,Combined TRACON& Tower with Radar,504,50,18,4,576,0,5,1,7,13,504,55,19,11,589,0,0,0,589
07/27/2023,SDF,KY,ASO,CE,Combined TRACON& Tower with Radar,518,36,23,6,583,0,5,1,4,10,518,41,24,10,593,0,0,0,593
07/28/2023,SDF,KY,ASO,CE,Combined TRACON& Tower with Radar,424,43,18,2,487,0,4,3,0,7,424,47,21,2,494,0,0,0,494
07/29/2023,SDF,KY,ASO,CE,Combined TRACON& Tower with Radar,316,37,10,7,370,0,9,3,3,15,316,46,13,10,385,0,0,0,385
07/30/2023,SDF,KY,ASO,CE,Combined TRACON& Tower with Radar,253,19,9,2,283,0,3,4,0,7,253,22,13,2,290,0,0,0,290
07/31/2023,SDF,KY,ASO,CE,Combined TRACON& Tower with Radar,281,25,8,4,318,0,2,4,3,9,281,27,12,7,327,0,0,0,327
08/01/2023,SDF,KY,ASO,CE,Combined TRACON& Tower with Radar,501,45,22,9,577,0,0,9,7,16,501,45,31,16,593,0,0,0,593
08/02/2023,SDF,KY,ASO,CE,Combined TRACON& Tower with Radar,503,45,14,6,568,0,5,3,1,9,503,50,17,7,577,0,0,0,577
08/03/2023,SDF,KY,ASO,CE,Combined TRACON& Tower with Radar,502,32,16,4,554,0,4,1,1,6,502,36,17,5,560,0,0,0,560
08/04/2023,SDF,KY,ASO,CE,Combined TRACON& Tower with Radar,432,23,11,5,471,0,5,9,1,15,432,28,20,6,486,0,0,0,486
08/05/2023,SDF,KY,ASO,CE,Combined TRACON& Tower with Radar,298,30,8,5,341,0,5,8,8,21,298,35,16,13,362,0,0,0,362
08/06/2023,SDF,KY,ASO,CE,Combined TRACON& Tower with Radar,240,13,13,4,270,0,0,1,3,4,240,13,14,7,274,0,0,0,274
08/07/2023,SDF,KY,ASO,CE,Combined TRACON& Tower with Radar,256,15,21,1,293,0,0,0,0,0,256,15,21,1,293,0,0,0,293
08/08/2023,SDF,KY,ASO,CE,Combined TRACON& Tower with Radar,516,43,12,3,574,0,7,10,5,22,516,50,22,8,596,1,1,2,598
08/09/2023,SDF,KY,ASO,CE,Combined TRACON& Tower with Radar,497,40,15,2,554,0,2,7,3,12,497,42,22,5,566,0,0,0,566
08/10/2023,SDF,KY,ASO,CE,Combined TRACON& Tower with Radar,516,28,28,0,572,0,12,5,0,17,516,40,33,0,589,0,0,0,589
08/11/2023,SDF,KY,ASO,CE,Combined TRACON& Tower with Radar,416,23,13,4,456,0,2,4,0,6,416,25,17,4,462,0,0,0,462
08/12/2023,SDF,KY,ASO,CE,Combined TRACON& Tower with Radar,310,26,9,0,345,0,11,7,1,19,310,37,16,1,364,0,0,0,364
08/13/2023,SDF,KY,ASO,CE,Combined TRACON& Tower with Radar,243,21,8,3,275,0,6,2,2,10,243,27,10,5,285,0,0,0,285
08/14/2023,SDF,KY,ASO,CE,Combined TRACON& Tower with Radar,265,17,14,3,299,0,0,2,2,4,265,17,16,5,303,0,0,0,303
08/15/2023,SDF,KY,ASO,CE,Combined TRACON& Tower with Radar,506,42,23,4,575,0,5,2,5,12,506,47,25,9,587,0,0,0,587
08/16/2023,SDF,KY,ASO,CE,Combined TRACON& Tower with Radar,495,48,19,4,566,0,0,5,2,7,495,48,24,6,573,0,0,0,573
08/17/2023,SDF,KY,ASO,CE,Combined TRACON& Tower with Radar,504,40,29,7,580,0,4,3,7,14,504,44,32,14,594,0,0,0,594
08/18/2023,SDF,KY,ASO,CE,Combined TRACON& Tower with Radar,425,37,16,6,484,0,0,6,1,7,425,37,22,7,491,0,0,0,491
08/19/2023,SDF,KY,ASO,CE,Combined TRACON& Tower with Radar,313,28,17,2,360,0,8,2,5,15,313,36,19,7,375,0,0,0,375
08/20/2023,SDF,KY,ASO,CE,Combined TRACON& Tower with Radar,237,20,12,2,271,0,0,1,3,4,237,20,13,5,275,0,0,0,275
08/21/2023,SDF,KY,ASO,CE,Combined TRACON& Tower with Radar,268,8,26,0,302,0,5,7,0,12,268,13,33,0,314,0,0,0,314
08/22/2023,SDF,KY,ASO,CE,Combined TRACON& Tower with Radar,497,29,16,4,546,0,6,12,6,24,497,35,28,10,570,0,0,0,570
08/23/2023,SDF,KY,ASO,CE,Combined TRACON& Tower with Radar,504,36,29,2,571,0,2,22,4,28,504,38,51,6,599,0,0,0,599
08/24/2023,SDF,KY,ASO,CE,Combined TRACON& Tower with Radar,503,41,25,4,573,0,0,10,1,11,503,41,35,5,584,0,0,0,584
08/25/2023,SDF,KY,ASO,CE,Combined TRACON& Tower with Radar,411,41,23,3,478,0,0,3,0,3,411,41,26,3,481,0,0,0,481
08/26/2023,SDF,KY,ASO,CE,Combined TRACON& Tower with Radar,326,35,13,1,375,0,0,5,0,5,326,35,18,1,380,0,0,0,380
08/27/2023,SDF,KY,ASO,CE,Combined TRACON& Tower with Radar,228,35,28,0,291,0,3,2,0,5,228,38,30,0,296,0,0,0,296
08/28/2023,SDF,KY,ASO,CE,Combined TRACON& Tower with Radar,269,18,17,4,308,0,3,3,0,6,269,21,20,4,314,0,0,0,314
08/29/2023,SDF,KY,ASO,CE,Combined TRACON& Tower with Radar,504,32,16,6,558,0,1,6,3,10,504,33,22,9,568,0,0,0,568
08/30/2023,SDF,KY,ASO,CE,Combined TRACON& Tower with Radar,493,42,18,3,556,0,4,8,3,15,493,46,26,6,571,0,0,0,571
08/31/2023,SDF,KY,ASO,CE,Combined TRACON& Tower with Radar,528,34,17,4,583,0,2,3,0,5,528,36,20,4,588,0,0,0,588
01/01/2020,SDF,KY,ASO,CE,Combined TRACON& Tower with Radar,190,29,7,0,226,0,0,2,0,2,190,29,9,0,228,0,0,0,228
01/02/2020,SDF,KY,ASO,CE,Combined TRACON& Tower with Radar,476,59,14,2,551,0,0,0,0,0,476,59,14,2,551,0,0,0,551
01/03/2020,SDF,KY,ASO,CE,Combined TRACON& Tower with Radar,428,78,8,1,515,0,0,0,0,0,428,78,8,1,515,0,0,0,515
01/04/2020,SDF,KY,ASO,CE,Combined TRACON& Tower with Radar,307,57,13,1,378,0,1,2,0,3,307,58,15,1,381,0,0,0,381
01/05/2020,SDF,KY,ASO,CE,Combined TRACON& Tower with Radar,257,52,17,0,326,0,3,18,0,21,257,55,35,0,347,0,0,0,347
01/06/2020,SDF,KY,ASO,CE,Combined TRACON& Tower with Radar,248,53,12,0,313,0,3,9,0,12,248,56,21,0,325,8,0,8,333
01/07/2020,SDF,KY,ASO,CE,Combined TRACON& Tower with Radar,518,70,29,3,620,0,2,9,2,13,518,72,38,5,633,0,0,0,633
01/08/2020,SDF,KY,ASO,CE,Combined TRACON& Tower with Radar,509,69,13,4,595,0,6,3,1,10,509,75,16,5,605,0,0,0,605
01/09/2020,SDF,KY,ASO,CE,Combined TRACON& Tower with Radar,497,64,22,2,585,0,0,6,0,6,497,64,28,2,591,0,0,0,591
01/10/2020,SDF,KY,ASO,CE,Combined TRACON& Tower with Radar,416,65,14,0,495,0,0,1,0,1,416,65,15,0,496,0,0,0,496
01/11/2020,SDF,KY,ASO,CE,Combined TRACON& Tower with Radar,258,49,1,0,308,0,0,0,0,0,258,49,1,0,308,0,0,0,308
01/12/2020,SDF,KY,ASO,CE,Combined TRACON& Tower with Radar,226,39,7,1,273,0,2,4,4,10,226,41,11,5,283,0,0,0,283
01/13/2020,SDF,KY,ASO,CE,Combined TRACON& Tower with Radar,227,44,15,8,294,0,2,5,9,16,227,46,20,17,310,0,0,0,310
01/14/2020,SDF,KY,ASO,CE,Combined TRACON& Tower with Radar,519,58,28,6,611,0,0,4,5,9,519,58,32,11,620,0,0,0,620
01/15/2020,SDF,KY,ASO,CE,Combined TRACON& Tower with Radar,493,77,40,1,611,0,0,1,1,2,493,77,41,2,613,0,0,0,613
01/16/2020,SDF,KY,ASO,CE,Combined TRACON& Tower with Radar,494,68,25,5,592,0,3,8,0,11,494,71,33,5,603,0,0,0,603
01/17/2020,SDF,KY,ASO,CE,Combined TRACON& Tower with Radar,410,69,13,3,495,0,2,3,1,6,410,71,16,4,501,0,0,0,501
01/18/2020,SDF,KY,ASO,CE,Combined TRACON& Tower with Radar,254,45,11,0,310,0,2,2,0,4,254,47,13,0,314,0,0,0,314
01/19/2020,SDF,KY,ASO,CE,Combined TRACON& Tower with Radar,204,32,6,0,242,0,2,0,0,2,204,34,6,0,244,0,0,0,244
01/20/2020,SDF,KY,ASO,CE,Combined TRACON& Tower with Radar,226,45,10,0,281,0,0,1,0,1,226,45,11,0,282,0,0,0,282
01/21/2020,SDF,KY,ASO,CE,Combined TRACON& Tower with Radar,504,61,23,5,593,0,0,3,2,5,504,61,26,7,598,0,34,34,632
01/22/2020,SDF,KY,ASO,CE,Combined TRACON& Tower with Radar,485,71,18,5,579,0,5,6,3,14,485,76,24,8,593,0,0,0,593
01/23/2020,SDF,KY,ASO,CE,Combined TRACON& Tower with Radar,487,66,14,8,575,0,2,3,0,5,487,68,17,8,580,0,0,0,580
01/24/2020,SDF,KY,ASO,CE,Combined TRACON& Tower with Radar,416,61,18,2,497,0,0,0,0,0,416,61,18,2,497,0,0,0,497
01/25/2020,SDF,KY,ASO,CE,Combined TRACON& Tower with Radar,248,48,9,4,309,0,0,0,0,0,248,48,9,4,309,0,0,0,309
01/26/2020,SDF,KY,ASO,CE,Combined TRACON& Tower with Radar,216,44,13,2,275,0,2,9,0,11,216,46,22,2,286,0,0,0,286
01/27/2020,SDF,KY,ASO,CE,Combined TRACON& Tower with Radar,227,47,10,0,284,0,0,0,0,0,227,47,10,0,284,0,0,0,284
01/28/2020,SDF,KY,ASO,CE,Combined TRACON& Tower with Radar,496,63,17,3,579,0,4,4,14,22,496,67,21,17,601,0,0,0,601
01/29/2020,SDF,KY,ASO,CE,Combined TRACON& Tower with Radar,477,60,13,3,553,0,0,2,24,26,477,60,15,27,579,0,0,0,579
01/30/2020,SDF,KY,ASO,CE,Combined TRACON& Tower with Radar,502,62,21,2,587,0,3,9,6,18,502,65,30,8,605,0,2,2,607
01/31/2020,SDF,KY,ASO,CE,Combined TRACON& Tower with Radar,405,60,19,2,486,0,0,0,0,0,405,60,19,2,486,0,0,0,486
02/01/2020,SDF,KY,ASO,CE,Combined TRACON& Tower with Radar,253,44,7,1,305,0,0,5,0,5,253,44,12,1,310,0,0,0,310
02/02/2020,SDF,KY,ASO,CE,Combined TRACON& Tower with Radar,200,38,4,1,243,0,4,7,0,11,200,42,11,1,254,0,0,0,254
02/03/2020,SDF,KY,ASO,CE,Combined TRACON& Tower with Radar,226,43,20,7,296,0,2,12,1,15,226,45,32,8,311,0,0,0,311
02/04/2020,SDF,KY,ASO,CE,Combined TRACON& Tower with Radar,496,74,20,3,593,0,1,0,0,1,496,75,20,3,594,0,0,0,594
02/05/2020,SDF,KY,ASO,CE,Combined TRACON& Tower with Radar,484,45,23,2,554,0,0,0,0,0,484,45,23,2,554,0,0,0,554
02/06/2020,SDF,KY,ASO,CE,Combined TRACON& Tower with Radar,485,70,24,16,595,0,0,0,0,0,485,70,24,16,595,0,0,0,595
02/07/2020,SDF,KY,ASO,CE,Combined TRACON& Tower with Radar,411,62,12,6,491,0,2,3,0,5,411,64,15,6,496,0,0,0,496
02/08/2020,SDF,KY,ASO,CE,Combined TRACON& Tower with Radar,249,46,8,0,303,0,0,1,0,1,249,46,9,0,304,0,0,0,304
02/09/2020,SDF,KY,ASO,CE,Combined TRACON& Tower with Radar,216,38,10,3,267,0,3,8,1,12,216,41,18,4,279,0,0,0,279
02/10/2020,SDF,KY,ASO,CE,Combined TRACON& Tower with Radar,221,40,17,1,279,0,0,0,0,0,221,40,17,1,279,0,0,0,279
02/11/2020,SDF,KY,ASO,CE,Combined TRACON& Tower with Radar,510,68,30,6,614,0,1,4,6,11,510,69,34,12,625,0,0,0,625
02/12/2020,SDF,KY,ASO,CE,Combined TRACON& Tower with Radar,504,57,49,3,613,0,1,1,0,2,504,58,50,3,615,0,0,0,615
02/13/2020,SDF,KY,ASO,CE,Combined TRACON& Tower with Radar,538,79,48,4,669,0,2,0,0,2,538,81,48,4,671,0,0,0,671
02/14/2020,SDF,KY,ASO,CE,Combined TRACON& Tower with Radar,423,76,43,3,545,0,2,5,1,8,423,78,48,4,553,0,0,0,553
02/15/2020,SDF,KY,ASO,CE,Combined TRACON& Tower with Radar,261,56,20,0,337,0,3,9,0,12,261,59,29,0,349,0,0,0,349
02/16/2020,SDF,KY,ASO,CE,Combined TRACON& Tower with Radar,206,43,13,0,262,0,5,8,0,13,206,48,21,0,275,0,0,0,275
02/17/2020,SDF,KY,ASO,CE,Combined TRACON& Tower with Radar,212,56,31,0,299,0,6,0,0,6,212,62,31,0,305,0,0,0,305
02/18/2020,SDF,KY,ASO,CE,Combined TRACON& Tower with Radar,495,68,24,3,590,0,0,2,2,4,495,68,26,5,594,0,0,0,594
02/19/2020,SDF,KY,ASO,CE,Combined TRACON& Tower with Radar,494,69,32,10,605,0,0,18,0,18,494,69,50,10,623,0,0,0,623
02/20/2020,SDF,KY,ASO,CE,Combined TRACON& Tower with Radar,479,70,27,15,591,0,4,7,1,12,479,74,34,16,603,22,0,22,625
02/21/2020,SDF,KY,ASO,CE,Combined TRACON& Tower with Radar,398,70,18,8,494,0,2,10,2,14,398,72,28,10,508,16,0,16,524
02/22/2020,SDF,KY,ASO,CE,Combined TRACON& Tower with Radar,259,62,10,10,341,0,3,21,0,24,259,65,31,10,365,0,0,0,365
02/23/2020,SDF,KY,ASO,CE,Combined TRACON& Tower with Radar,210,43,19,7,279,0,0,5,1,6,210,43,24,8,285,0,0,0,285
02/24/2020,SDF,KY,ASO,CE,Combined TRACON& Tower with Radar,216,49,15,1,281,0,0,0,0,0,216,49,15,1,281,0,0,0,281
02/25/2020,SDF,KY,ASO,CE,Combined TRACON& Tower with Radar,502,75,19,10,606,0,0,1,0,1,502,75,20,10,607,0,0,0,607
02/26/2020,SDF,KY,ASO,CE,Combined TRACON& Tower with Radar,480,68,27,3,578,0,0,0,0,0,480,68,27,3,578,0,0,0,578
02/27/2020,SDF,KY,ASO,CE,Combined TRACON& Tower with Radar,485,59,36,6,586,0,0,4,4,8,485,59,40,10,594,0,0,0,594
02/28/2020,SDF,KY,ASO,CE,Combined TRACON& Tower with Radar,390,71,29,2,492,0,2,1,2,5,390,73,30,4,497,0,0,0,497
02/29/2020,SDF,KY,ASO,CE,Combined TRACON& Tower with Radar,260,53,11,0,324,0,5,9,0,14,260,58,20,0,338,4,0,4,342
03/01/2020,SDF,KY,ASO,CE,Combined TRACON& Tower with Radar,209,37,9,5,260,0,3,4,0,7,209,40,13,5,267,0,0,0,267
03/02/2020,SDF,KY,ASO,CE,Combined TRACON& Tower with Radar,216,61,13,1,291,0,3,2,1,6,216,64,15,2,297,0,0,0,297
03/03/2020,SDF,KY,ASO,CE,Combined TRACON& Tower with Radar,498,65,23,3,589,0,2,6,1,9,498,67,29,4,598,0,0,0,598
03/04/2020,SDF,KY,ASO,CE,Combined TRACON& Tower with Radar,480,70,27,7,584,0,9,9,5,23,480,79,36,12,607,0,0,0,607
03/05/2020,SDF,KY,ASO,CE,Combined TRACON& Tower with Radar,487,62,20,9,578,0,0,14,7,21,487,62,34,16,599,0,0,0,599
03/06/2020,SDF,KY,ASO,CE,Combined TRACON& Tower with Radar,403,66,15,9,493,0,2,0,2,4,403,68,15,11,497,0,0,0,497
03/07/2020,SDF,KY,ASO,CE,Combined TRACON& Tower with Radar,264,47,9,3,323,0,2,2,11,15,264,49,11,14,338,0,0,0,338
03/08/2020,SDF,KY,ASO,CE,Combined TRACON& Tower with Radar,227,50,13,0,290,0,3,4,2,9,227,53,17,2,299,10,0,10,309
03/09/2020,SDF,KY,ASO,CE,Combined TRACON& Tower with Radar,227,39,23,7,296,0,2,0,1,3,227,41,23,8,299,0,0,0,299
03/10/2020,SDF,KY,ASO,CE,Combined TRACON& Tower with Radar,512,62,29,18,621,0,2,1,1,4,512,64,30,19,625,0,0,0,625
03/11/2020,SDF,KY,ASO,CE,Combined TRACON& Tower with Radar,491,70,20,9,590,0,2,6,10,18,491,72,26,19,608,0,12,12,620
03/12/2020,SDF,KY,ASO,CE,Combined TRACON& Tower with Radar,478,58,25,3,564,0,4,0,2,6,478,62,25,5,570,0,0,0,570
03/13/2020,SDF,KY,ASO,CE,Combined TRACON& Tower with Radar,411,66,15,4,496,0,7,10,0,17,411,73,25,4,513,0,0,0,513
03/14/2020,SDF,KY,ASO,CE,Combined TRACON& Tower with Radar,268,49,2,9,328,0,0,0,0,0,268,49,2,9,328,0,0,0,328
03/15/2020,SDF,KY,ASO,CE,Combined TRACON& Tower with Radar,218,51,7,1,277,0,1,2,0,3,218,52,9,1,280,0,0,0,280
03/16/2020,SDF,KY,ASO,CE,Combined TRACON& Tower with Radar,236,40,13,0,289,0,0,2,0,2,236,40,15,0,291,0,0,0,291
03/17/2020,SDF,KY,ASO,CE,Combined TRACON& Tower with Radar,499,58,12,0,569,0,2,3,0,5,499,60,15,0,574,0,0,0,574
03/18/2020,SDF,KY,ASO,CE,Combined TRACON& Tower with Radar,489,54,9,0,552,0,1,0,0,1,489,55,9,0,553,0,0,0,553
03/19/2020,SDF,KY,ASO,CE,Combined TRACON& Tower with Radar,477,58,8,0,543,0,0,0,0,0,477,58,8,0,543,0,0,0,543
03/20/2020,SDF,KY,ASO,CE,Combined TRACON& Tower with Radar,392,49,15,2,458,0,3,5,6,14,392,52,20,8,472,0,0,0,472
03/21/2020,SDF,KY,ASO,CE,Combined TRACON& Tower with Radar,265,44,3,0,312,0,2,1,1,4,265,46,4,1,316,0,0,0,316
03/22/2020,SDF,KY,ASO,CE,Combined TRACON& Tower with Radar,189,37,3,0,229,0,0,5,0,5,189,37,8,0,234,0,0,0,234
03/23/2020,SDF,KY,ASO,CE,Combined TRACON& Tower with Radar,187,32,2,0,221,0,0,2,0,2,187,32,4,0,223,10,0,10,233
03/24/2020,SDF,KY,ASO,CE,Combined TRACON& Tower with Radar,463,42,5,3,513,0,0,2,0,2,463,42,7,3,515,0,0,0,515
03/25/2020,SDF,KY,ASO,CE,Combined TRACON& Tower with Radar,444,50,8,4,506,0,4,6,1,11,444,54,14,5,517,0,0,0,517
03/26/2020,SDF,KY,ASO,CE,Combined TRACON& Tower with Radar,422,42,1,2,467,0,1,2,1,4,422,43,3,3,471,0,0,0,471
03/27/2020,SDF,KY,ASO,CE,Combined TRACON& Tower with Radar,342,44,8,2,396,0,3,1,0,4,342,47,9,2,400,0,0,0,400
03/28/2020,SDF,KY,ASO,CE,Combined TRACON& Tower with Radar,239,34,8,0,281,0,4,4,0,8,239,38,12,0,289,0,0,0,289
03/29/2020,SDF,KY,ASO,CE,Combined TRACON& Tower with Radar,159,23,4,0,186,0,3,0,0,3,159,26,4,0,189,0,0,0,189
03/30/2020,SDF,KY,ASO,CE,Combined TRACON& Tower with Radar,184,31,6,0,221,0,0,11,0,11,184,31,17,0,232,0,0,0,232
03/31/2020,SDF,KY,ASO,CE,Combined TRACON& Tower with Radar,438,41,2,4,485,0,0,4,0,4,438,41,6,4,489,0,0,0,489
04/01/2020,SDF,KY,ASO,CE,Combined TRACON& Tower with Radar,439,34,6,1,480,0,0,6,2,8,439,34,12,3,488,0,0,0,488
04/02/2020,SDF,KY,ASO,CE,Combined TRACON& Tower with Radar,422,28,6,0,456,0,5,15,0,20,422,33,21,0,476,0,0,0,476
04/03/2020,SDF,KY,ASO,CE,Combined TRACON& Tower with Radar,333,31,6,0,370,0,4,14,0,18,333,35,20,0,388,0,0,0,388
04/04/2020,SDF,KY,ASO,CE,Combined TRACON& Tower with Radar,211,35,2,0,248,0,4,16,0,20,211,39,18,0,268,4,0,4,272
04/05/2020,SDF,KY,ASO,CE,Combined TRACON& Tower with Radar,159,6,0,2,167,0,0,4,0,4,159,6,4,2,171,4,0,4,175
04/06/2020,SDF,KY,ASO,CE,Combined TRACON& Tower with Radar,165,16,7,0,188,0,3,12,0,15,165,19,19,0,203,0,0,0,203
04/07/2020,SDF,KY,ASO,CE,Combined TRACON& Tower with Radar,439,23,7,0,469,0,0,6,0,6,439,23,13,0,475,0,0,0,475
04/08/2020,SDF,KY,ASO,CE,Combined TRACON& Tower with Radar,394,23,7,6,430,0,2,16,4,22,394,25,23,10,452,0,0,0,452
04/09/2020,SDF,KY,ASO,CE,Combined TRACON& Tower with Radar,444,31,0,0,475,0,2,0,0,2,444,33,0,0,477,0,0,0,477
04/10/2020,SDF,KY,ASO,CE,Combined TRACON& Tower with Radar,335,26,5,0,366,0,0,2,0,2,335,26,7,0,368,0,0,0,368
04/11/2020,SDF,KY,ASO,CE,Combined TRACON& Tower with Radar,194,21,3,0,218,0,2,4,0,6,194,23,7,0,224,0,0,0,224
04/12/2020,SDF,KY,ASO,CE,Combined TRACON& Tower with Radar,140,6,2,0,148,0,7,0,0,7,140,13,2,0,155,0,0,0,155
04/13/2020,SDF,KY,ASO,CE,Combined TRACON& Tower with Radar,154,12,5,0,171,0,0,1,0,1,154,12,6,0,172,0,0,0,172
04/14/2020,SDF,KY,ASO,CE,Combined TRACON& Tower with Radar,426,24,2,0,452,0,1,10,0,11,426,25,12,0,463,0,0,0,463
04/15/2020,SDF,KY,ASO,CE,Combined TRACON& Tower with Radar,404,27,3,8,442,0,5,3,0,8,404,32,6,8,450,0,0,0,450
04/16/2020,SDF,KY,ASO,CE,Combined TRACON& Tower with Radar,401,29,5,2,437,0,0,9,0,9,401,29,14,2,446,0,0,0,446
04/17/2020,SDF,KY,ASO,CE,Combined TRACON& Tower with Radar,312,24,8,0,344,0,0,3,0,3,312,24,11,0,347,0,0,0,347
04/18/2020,SDF,KY,ASO,CE,Combined TRACON& Tower with Radar,206,22,4,0,232,0,0,13,0,13,206,22,17,0,245,12,2,14,259
04/19/2020,SDF,KY,ASO,CE,Combined TRACON& Tower with Radar,130,7,1,0,138,0,0,4,0,4,130,7,5,0,142,0,0,0,142
04/20/2020,SDF,KY,ASO,CE,Combined TRACON& Tower with Radar,147,9,3,4,163,0,6,7,0,13,147,15,10,4,176,24,0,24,200
04/21/2020,SDF,KY,ASO,CE,Combined TRACON& Tower with Radar,420,24,5,0,449,0,0,17,0,17,420,24,22,0,466,32,0,32,498
04/22/2020,SDF,KY,ASO,CE,Combined TRACON& Tower with Radar,396,22,4,5,427,0,7,14,0,21,396,29,18,5,448,0,0,0,448
04/23/2020,SDF,KY,ASO,CE,Combined TRACON& Tower with Radar,389,28,5,4,426,0,2,1,0,3,389,30,6,4,429,0,0,0,429
04/24/2020,SDF,KY,ASO,CE,Combined TRACON& Tower with Radar,320,32,7,2,361,0,2,6,0,8,320,34,13,2,369,0,0,0,369
04/25/2020,SDF,KY,ASO,CE,Combined TRACON& Tower with Radar,192,27,3,0,222,0,0,1,0,1,192,27,4,0,223,0,0,0,223
04/26/2020,SDF,KY,ASO,CE,Combined TRACON& Tower with Radar,131,10,6,0,147,0,0,0,0,0,131,10,6,0,147,0,0,0,147
04/27/2020,SDF,KY,ASO,CE,Combined TRACON& Tower with Radar,145,12,3,0,160,0,10,5,0,15,145,22,8,0,175,0,0,0,175
04/28/2020,SDF,KY,ASO,CE,Combined TRACON& Tower with Radar,420,28,4,3,455,0,5,0,1,6,420,33,4,4,461,6,0,6,467
04/29/2020,SDF,KY,ASO,CE,Combined TRACON& Tower with Radar,405,30,3,0,438,0,2,1,0,3,405,32,4,0,441,0,0,0,441
04/30/2020,SDF,KY,ASO,CE,Combined TRACON& Tower with Radar,394,27,7,1,429,0,2,2,2,6,394,29,9,3,435,0,0,0,435
05/01/2020,SDF,KY,ASO,CE,Combined TRACON& Tower with Radar,335,32,5,1,373,0,2,15,1,18,335,34,20,2,391,0,0,0,391
05/02/2020,SDF,KY,ASO,CE,Combined TRACON& Tower with Radar,190,30,3,0,223,0,7,12,0,19,190,37,15,0,242,0,0,0,242
05/03/2020,SDF,KY,ASO,CE,Combined TRACON& Tower with Radar,160,8,6,0,174,0,8,4,0,12,160,16,10,0,186,0,0,0,186
05/04/2020,SDF,KY,ASO,CE,Combined TRACON& Tower with Radar,161,9,7,0,177,0,4,7,0,11,161,13,14,0,188,0,0,0,188
05/05/2020,SDF,KY,ASO,CE,Combined TRACON& Tower with Radar,447,21,6,6,480,0,0,0,0,0,447,21,6,6,480,0,0,0,480
05/06/2020,SDF,KY,ASO,CE,Combined TRACON& Tower with Radar,447,27,12,1,487,0,3,19,1,23,447,30,31,2,510,8,0,8,518
05/07/2020,SDF,KY,ASO,CE,Combined TRACON& Tower with Radar,444,23,8,1,476,0,3,8,1,12,444,26,16,2,488,6,0,6,494
05/08/2020,SDF,KY,ASO,CE,Combined TRACON& Tower with Radar,392,29,6,0,427,0,0,1,0,1,392,29,7,0,428,0,0,0,428
05/09/2020,SDF,KY,ASO,CE,Combined TRACON& Tower with Radar,241,25,5,0,271,0,1,14,0,15,241,26,19,0,286,22,0,22,308
05/10/2020,SDF,KY,ASO,CE,Combined TRACON& Tower with Radar,146,13,2,0,161,0,2,0,0,2,146,15,2,0,163,0,0,0,163
05/11/2020,SDF,KY,ASO,CE,Combined TRACON& Tower with Radar,167,10,13,0,190,0,0,4,0,4,167,10,17,0,194,0,0,0,194
05/12/2020,SDF,KY,ASO,CE,Combined TRACON& Tower with Radar,418,26,10,8,462,0,1,6,6,13,418,27,16,14,475,0,0,0,475
05/13/2020,SDF,KY,ASO,CE,Combined TRACON& Tower with Radar,416,28,4,4,452,0,0,0,0,0,416,28,4,4,452,0,0,0,452
05/14/2020,SDF,KY,ASO,CE,Combined TRACON& Tower with Radar,405,31,5,3,444,0,10,14,8,32,405,41,19,11,476,4,4,8,484
05/15/2020,SDF,KY,ASO,CE,Combined TRACON& Tower with Radar,335,30,5,2,372,0,1,0,0,1,335,31,5,2,373,0,0,0,373
05/16/2020,SDF,KY,ASO,CE,Combined TRACON& Tower with Radar,208,29,1,0,238,0,4,1,0,5,208,33,2,0,243,0,0,0,243
05/17/2020,SDF,KY,ASO,CE,Combined TRACON& Tower with Radar,157,7,9,0,173,0,2,3,0,5,157,9,12,0,178,0,0,0,178
05/18/2020,SDF,KY,ASO,CE,Combined TRACON& Tower with Radar,159,13,1,2,175,0,4,0,0,4,159,17,1,2,179,0,0,0,179
05/19/2020,SDF,KY,ASO,CE,Combined TRACON& Tower with Radar,435,31,11,9,486,0,5,4,4,13,435,36,15,13,499,10,12,22,521
05/20/2020,SDF,KY,ASO,CE,Combined TRACON& Tower with Radar,435,27,20,2,484,0,2,2,4,8,435,29,22,6,492,0,0,0,492
05/21/2020,SDF,KY,ASO,CE,Combined TRACON& Tower with Radar,416,32,3,6,457,0,0,3,0,3,416,32,6,6,460,0,0,0,460
05/22/2020,SDF,KY,ASO,CE,Combined TRACON& Tower with Radar,339,30,10,0,379,0,7,4,0,11,339,37,14,0,390,8,0,8,398
05/23/2020,SDF,KY,ASO,CE,Combined TRACON& Tower with Radar,224,31,6,0,261,0,0,0,0,0,224,31,6,0,261,0,0,0,261
05/24/2020,SDF,KY,ASO,CE,Combined TRACON& Tower with Radar,120,10,0,4,134,0,4,8,0,12,120,14,8,4,146,14,0,14,160
05/25/2020,SDF,KY,ASO,CE,Combined TRACON& Tower with Radar,80,7,2,0,89,0,6,5,0,11,80,13,7,0,100,0,0,0,100
05/26/2020,SDF,KY,ASO,CE,Combined TRACON& Tower with Radar,251,18,5,0,274,0,4,7,0,11,251,22,12,0,285,0,0,0,285
05/27/2020,SDF,KY,ASO,CE,Combined TRACON& Tower with Radar,461,38,7,5,511,0,2,0,1,3,461,40,7,6,514,0,0,0,514
05/28/2020,SDF,KY,ASO,CE,Combined TRACON& Tower with Radar,426,38,11,3,478,0,3,4,0,7,426,41,15,3,485,0,0,0,485
05/29/2020,SDF,KY,ASO,CE,Combined TRACON& Tower with Radar,370,27,9,2,408,0,0,10,0,10,370,27,19,2,418,0,0,0,418
05/30/2020,SDF,KY,ASO,CE,Combined TRACON& Tower with Radar,202,35,4,2,243,0,0,11,4,15,202,35,15,6,258,0,0,0,258
05/31/2020,SDF,KY,ASO,CE,Combined TRACON& Tower with Radar,154,8,12,0,174,0,7,7,0,14,154,15,19,0,188,0,0,0,188
06/01/2020,SDF,KY,ASO,CE,Combined TRACON& Tower with Radar,170,26,13,12,221,0,7,8,0,15,170,33,21,12,236,0,0,0,236
06/02/2020,SDF,KY,ASO,CE,Combined TRACON& Tower with Radar,434,34,16,16,500,0,12,7,1,20,434,46,23,17,520,0,0,0,520
06/03/2020,SDF,KY,ASO,CE,Combined TRACON& Tower with Radar,421,34,14,2,471,0,8,13,7,28,421,42,27,9,499,4,16,20,519
06/04/2020,SDF,KY,ASO,CE,Combined TRACON& Tower with Radar,434,34,11,2,481,0,1,3,0,4,434,35,14,2,485,0,0,0,485
06/05/2020,SDF,KY,ASO,CE,Combined TRACON& Tower with Radar,347,34,5,6,392,0,0,6,2,8,347,34,11,8,400,0,0,0,400
06/06/2020,SDF,KY,ASO,CE,Combined TRACON& Tower with Radar,205,32,12,3,252,0,5,6,1,12,205,37,18,4,264,0,0,0,264
06/07/2020,SDF,KY,ASO,CE,Combined TRACON& Tower with Radar,153,17,7,2,179,0,2,4,0,6,153,19,11,2,185,0,0,0,185
06/08/2020,SDF,KY,ASO,CE,Combined TRACON& Tower with Radar,165,14,6,0,185,0,5,6,0,11,165,19,12,0,196,0,0,0,196
06/09/2020,SDF,KY,ASO,CE,Combined TRACON& Tower with Radar,445,35,14,2,496,0,2,22,6,30,445,37,36,8,526,0,0,0,526
06/10/2020,SDF,KY,ASO,CE,Combined TRACON& Tower with Radar,422,33,12,4,471,0,2,0,5,7,422,35,12,9,478,0,0,0,478
06/11/2020,SDF,KY,ASO,CE,Combined TRACON& Tower with Radar,434,36,18,5,493,0,0,4,3,7,434,36,22,8,500,0,0,0,500
06/12/2020,SDF,KY,ASO,CE,Combined TRACON& Tower with Radar,351,41,15,5,412,0,8,6,0,14,351,49,21,5,426,0,0,0,426
06/13/2020,SDF,KY,ASO,CE,Combined TRACON& Tower with Radar,215,28,7,1,251,0,5,9,0,14,215,33,16,1,265,11,0,11,276
06/14/2020,SDF,KY,ASO,CE,Combined TRACON& Tower with Radar,153,19,6,2,180,0,7,7,0,14,153,26,13,2,194,0,0,0,194
06/15/2020,SDF,KY,ASO,CE,Combined TRACON& Tower with Radar,183,21,10,4,218,0,7,7,0,14,183,28,17,4,232,0,0,0,232
06/16/2020,SDF,KY,ASO,CE,Combined TRACON& Tower with Radar,440,41,11,6,498,0,3,2,4,9,440,44,13,10,507,0,0,0,507
06/17/2020,SDF,KY,ASO,CE,Combined TRACON& Tower with Radar,445,34,16,1,496,0,4,9,1,14,445,38,25,2,510,14,0,14,524
06/18/2020,SDF,KY,ASO,CE,Combined TRACON& Tower with Radar,440,40,9,2,491,0,2,5,0,7,440,42,14,2,498,0,0,0,498
06/19/2020,SDF,KY,ASO,CE,Combined TRACON& Tower with Radar,359,38,11,3,411,0,8,5,0,13,359,46,16,3,424,4,0,4,428
06/20/2020,SDF,KY,ASO,CE,Combined TRACON& Tower with Radar,210,39,8,10,267,0,6,5,0,11,210,45,13,10,278,0,0,0,278
06/21/2020,SDF,KY,ASO,CE,Combined TRACON& Tower with Radar,154,13,7,0,174,0,2,4,0,6,154,15,11,0,180,6,0,6,186
06/22/2020,SDF,KY,ASO,CE,Combined TRACON& Tower with Radar,174,23,15,2,214,0,0,2,0,2,174,23,17,2,216,0,0,0,216
06/23/2020,SDF,KY,ASO,CE,Combined TRACON& Tower with Radar,447,34,3,1,485,0,0,3,1,4,447,34,6,2,489,0,0,0,489
06/24/2020,SDF,KY,ASO,CE,Combined TRACON& Tower with Radar,431,40,10,15,496,0,8,7,3,18,431,48,17,18,514,2,0,2,516
06/25/2020,SDF,KY,ASO,CE,Combined TRACON& Tower with Radar,429,43,15,0,487,0,3,12,0,15,429,46,27,0,502,0,0,0,502
06/26/2020,SDF,KY,ASO,CE,Combined TRACON& Tower with Radar,345,39,18,4,406,0,3,3,0,6,345,42,21,4,412,6,0,6,418
06/27/2020,SDF,KY,ASO,CE,Combined TRACON& Tower with Radar,220,32,13,4,269,0,1,1,0,2,220,33,14,4,271,0,0,0,271
06/28/2020,SDF,KY,ASO,CE,Combined TRACON& Tower with Radar,156,20,9,0,185,0,1,3,0,4,156,21,12,0,189,6,0,6,195
06/29/2020,SDF,KY,ASO,CE,Combined TRACON& Tower with Radar,171,18,5,0,194,0,0,2,0,2,171,18,7,0,196,0,0,0,196
06/30/2020,SDF,KY,ASO,CE,Combined TRACON& Tower with Radar,441,36,14,0,491,0,2,2,0,4,441,38,16,0,495,0,0,0,495
07/01/2020,SDF,KY,ASO,CE,Combined TRACON& Tower with Radar,441,31,13,1,486,0,2,3,0,5,441,33,16,1,491,0,0,0,491
07/02/2020,SDF,KY,ASO,CE,Combined TRACON& Tower with Radar,437,37,13,4,491,0,6,6,0,12,437,43,19,4,503,0,0,0,503
07/03/2020,SDF,KY,ASO,CE,Combined TRACON& Tower with Radar,346,34,9,2,391,0,9,6,3,18,346,43,15,5,409,0,0,0,409
07/04/2020,SDF,KY,ASO,CE,Combined TRACON& Tower with Radar,107,7,7,0,121,0,6,2,0,8,107,13,9,0,129,0,0,0,129
07/05/2020,SDF,KY,ASO,CE,Combined TRACON& Tower with Radar,177,17,9,0,203,0,4,4,0,8,177,21,13,0,211,0,0,0,211
07/06/2020,SDF,KY,ASO,CE,Combined TRACON& Tower with Radar,191,19,8,8,226,0,6,4,0,10,191,25,12,8,236,0,0,0,236
07/07/2020,SDF,KY,ASO,CE,Combined TRACON& Tower with Radar,480,34,17,11,542,0,0,5,5,10,480,34,22,16,552,0,0,0,552
07/08/2020,SDF,KY,ASO,CE,Combined TRACON& Tower with Radar,460,32,17,4,513,0,0,4,4,8,460,32,21,8,521,0,0,0,521
07/09/2020,SDF,KY,ASO,CE,Combined TRACON& Tower with Radar,469,37,24,5,535,0,2,7,3,12,469,39,31,8,547,0,0,0,547
07/10/2020,SDF,KY,ASO,CE,Combined TRACON& Tower with Radar,384,28,9,1,422,0,4,7,0,11,384,32,16,1,433,0,0,0,433
07/11/2020,SDF,KY,ASO,CE,Combined TRACON& Tower with Radar,252,31,13,1,297,0,4,4,0,8,252,35,17,1,305,0,0,0,305
07/12/2020,SDF,KY,ASO,CE,Combined TRACON& Tower with Radar,190,22,9,4,225,0,3,4,0,7,190,25,13,4,232,0,0,0,232
07/13/2020,SDF,KY,ASO,CE,Combined TRACON& Tower with Radar,202,17,7,4,230,0,0,6,0,6,202,17,13,4,236,0,0,0,236
07/14/2020,SDF,KY,ASO,CE,Combined TRACON& Tower with Radar,474,34,12,5,525,0,4,4,5,13,474,38,16,10,538,0,0,0,538
07/15/2020,SDF,KY,ASO,CE,Combined TRACON& Tower with Radar,459,29,16,4,508,0,0,10,0,10,459,29,26,4,518,0,0,0,518
07/16/2020,SDF,KY,ASO,CE,Combined TRACON& Tower with Radar,467,33,12,6,518,0,1,6,1,8,467,34,18,7,526,0,0,0,526
07/17/2020,SDF,KY,ASO,CE,Combined TRACON& Tower with Radar,384,38,15,2,439,0,0,10,0,10,384,38,25,2,449,0,0,0,449
07/18/2020,SDF,KY,ASO,CE,Combined TRACON& Tower with Radar,250,39,8,0,297,0,3,10,0,13,250,42,18,0,310,4,0,4,314
07/19/2020,SDF,KY,ASO,CE,Combined TRACON& Tower with Radar,183,14,10,0,207,0,4,1,0,5,183,18,11,0,212,0,0,0,212
07/20/2020,SDF,KY,ASO,CE,Combined TRACON& Tower with Radar,199,15,7,2,223,0,0,4,1,5,199,15,11,3,228,0,0,0,228
07/21/2020,SDF,KY,ASO,CE,Combined TRACON& Tower with Radar,472,33,13,7,525,0,2,3,2,7,472,35,16,9,532,0,0,0,532
07/22/2020,SDF,KY,ASO,CE,Combined TRACON& Tower with Radar,458,31,12,1,502,0,1,2,3,6,458,32,14,4,508,0,0,0,508
07/23/2020,SDF,KY,ASO,CE,Combined TRACON& Tower with Radar,475,34,14,4,527,0,0,0,3,3,475,34,14,7,530,0,0,0,530
07/24/2020,SDF,KY,ASO,CE,Combined TRACON& Tower with Radar,383,32,6,2,423,0,6,2,2,10,383,38,8,4,433,12,0,12,445
07/25/2020,SDF,KY,ASO,CE,Combined TRACON& Tower with Radar,249,28,12,2,291,0,10,11,0,21,249,38,23,2,312,0,0,0,312
07/26/2020,SDF,KY,ASO,CE,Combined TRACON& Tower with Radar,180,18,7,8,213,0,9,3,0,12,180,27,10,8,225,0,0,0,225
07/27/2020,SDF,KY,ASO,CE,Combined TRACON& Tower with Radar,215,24,13,4,256,0,6,2,0,8,215,30,15,4,264,0,0,0,264
07/28/2020,SDF,KY,ASO,CE,Combined TRACON& Tower with Radar,478,28,17,21,544,0,6,3,5,14,478,34,20,26,558,0,0,0,558
07/29/2020,SDF,KY,ASO,CE,Combined TRACON& Tower with Radar,460,30,10,2,502,0,2,3,2,7,460,32,13,4,509,0,0,0,509
07/30/2020,SDF,KY,ASO,CE,Combined TRACON& Tower with Radar,457,40,19,4,520,0,2,0,0,2,457,42,19,4,522,0,0,0,522
07/31/2020,SDF,KY,ASO,CE,Combined TRACON& Tower with Radar,402,31,25,6,464,0,0,2,0,2,402,31,27,6,466,0,0,0,466
08/01/2020,SDF,KY,ASO,CE,Combined TRACON& Tower with Radar,261,31,6,2,300,0,2,0,0,2,261,33,6,2,302,0,0,0,302
08/02/2020,SDF,KY,ASO,CE,Combined TRACON& Tower with Radar,197,13,14,2,226,0,4,5,0,9,197,17,19,2,235,0,0,0,235
08/03/2020,SDF,KY,ASO,CE,Combined TRACON& Tower with Radar,221,15,20,0,256,0,3,5,0,8,221,18,25,0,264,0,0,0,264
08/04/2020,SDF,KY,ASO,CE,Combined TRACON& Tower with Radar,471,29,15,3,518,0,2,3,1,6,471,31,18,4,524,0,0,0,524
08/05/2020,SDF,KY,ASO,CE,Combined TRACON& Tower with Radar,461,34,20,5,520,0,12,15,1,28,461,46,35,6,548,0,0,0,548
08/06/2020,SDF,KY,ASO,CE,Combined TRACON& Tower with Radar,474,39,28,16,557,0,7,7,2,16,474,46,35,18,573,0,0,0,573
08/07/2020,SDF,KY,ASO,CE,Combined TRACON& Tower with Radar,405,31,19,6,461,0,4,5,0,9,405,35,24,6,470,0,0,0,470
08/08/2020,SDF,KY,ASO,CE,Combined TRACON& Tower with Radar,256,31,13,2,302,0,3,12,0,15,256,34,25,2,317,0,0,0,317
08/09/2020,SDF,KY,ASO,CE,Combined TRACON& Tower with Radar,198,14,7,1,220,0,2,1,0,3,198,16,8,1,223,0,0,0,223
08/10/2020,SDF,KY,ASO,CE,Combined TRACON& Tower with Radar,202,11,9,2,224,0,1,7,0,8,202,12,16,2,232,0,0,0,232
08/11/2020,SDF,KY,ASO,CE,Combined TRACON& Tower with Radar,510,29,9,3,551,0,0,7,1,8,510,29,16,4,559,0,0,0,559
08/12/2020,SDF,KY,ASO,CE,Combined TRACON& Tower with Radar,463,33,15,2,513,0,5,9,4,18,463,38,24,6,531,0,0,0,531
08/13/2020,SDF,KY,ASO,CE,Combined TRACON& Tower with Radar,472,31,15,1,519,0,3,1,1,5,472,34,16,2,524,0,0,0,524
08/14/2020,SDF,KY,ASO,CE,Combined TRACON& Tower with Radar,410,44,15,2,471,0,4,0,0,4,410,48,15,2,475,0,0,0,475
08/15/2020,SDF,KY,ASO,CE,Combined TRACON& Tower with Radar,250,31,4,0,285,0,5,4,0,9,250,36,8,0,294,0,0,0,294
08/16/2020,SDF,KY,ASO,CE,Combined TRACON& Tower with Radar,198,7,7,1,213,0,1,0,1,2,198,8,7,2,215,0,0,0,215
08/17/2020,SDF,KY,ASO,CE,Combined TRACON& Tower with Radar,232,16,10,2,260,0,6,2,0,8,232,22,12,2,268,0,0,0,268
08/18/2020,SDF,KY,ASO,CE,Combined TRACON& Tower with Radar,482,46,14,4,546,0,6,7,0,13,482,52,21,4,559,0,0,0,559
08/19/2020,SDF,KY,ASO,CE,Combined TRACON& Tower with Radar,460,37,28,1,526,0,5,9,1,15,460,42,37,2,541,8,2,10,551
08/20/2020,SDF,KY,ASO,CE,Combined TRACON& Tower with Radar,475,31,9,11,526,0,2,4,3,9,475,33,13,14,535,0,0,0,535
08/21/2020,SDF,KY,ASO,CE,Combined TRACON& Tower with Radar,397,34,8,3,442,0,3,5,6,14,397,37,13,9,456,0,0,0,456
08/22/2020,SDF,KY,ASO,CE,Combined TRACON& Tower with Radar,254,30,14,1,299,0,3,5,0,8,254,33,19,1,307,0,0,0,307
08/23/2020,SDF,KY,ASO,CE,Combined TRACON& Tower with Radar,206,9,6,4,225,0,2,0,4,6,206,11,6,8,231,0,0,0,231
08/24/2020,SDF,KY,ASO,CE,Combined TRACON& Tower with Radar,214,18,18,4,254,0,6,3,0,9,214,24,21,4,263,0,0,0,263
08/25/2020,SDF,KY,ASO,CE,Combined TRACON& Tower with Radar,479,25,19,7,530,0,1,13,2,16,479,26,32,9,546,0,0,0,546
08/26/2020,SDF,KY,ASO,CE,Combined TRACON& Tower with Radar,453,26,22,0,501,0,0,6,0,6,453,26,28,0,507,0,0,0,507
08/27/2020,SDF,KY,ASO,CE,Combined TRACON& Tower with Radar,484,38,8,3,533,0,1,6,0,7,484,39,14,3,540,0,0,0,540
08/28/2020,SDF,KY,ASO,CE,Combined TRACON& Tower with Radar,385,39,9,3,436,0,0,0,0,0,385,39,9,3,436,0,0,0,436
08/29/2020,SDF,KY,ASO,CE,Combined TRACON& Tower with Radar,265,41,18,0,324,0,2,3,0,5,265,43,21,0,329,6,0,6,335
08/30/2020,SDF,KY,ASO,CE,Combined TRACON& Tower with Radar,202,14,21,0,237,0,5,9,1,15,202,19,30,1,252,0,0,0,252
08/31/2020,SDF,KY,ASO,CE,Combined TRACON& Tower with Radar,231,18,8,2,259,0,9,0,0,9,231,27,8,2,268,0,0,0,268
09/01/2020,SDF,KY,ASO,CE,Combined TRACON& Tower with Radar,471,32,22,5,530,0,4,1,1,6,471,36,23,6,536,0,0,0,536
09/02/2020,SDF,KY,ASO,CE,Combined TRACON& Tower with Radar,473,36,19,3,531,0,1,2,1,4,473,37,21,4,535,0,0,0,535
09/03/2020,SDF,KY,ASO,CE,Combined TRACON& Tower with Radar,510,40,19,3,572,0,0,2,1,3,510,40,21,4,575,0,0,0,575
09/04/2020,SDF,KY,ASO,CE,Combined TRACON& Tower with Radar,408,35,18,1,462,0,0,12,0,12,408,35,30,1,474,0,0,0,474
09/05/2020,SDF,KY,ASO,CE,Combined TRACON& Tower with Radar,267,40,19,0,326,0,2,27,0,29,267,42,46,0,355,0,0,0,355
09/06/2020,SDF,KY,ASO,CE,Combined TRACON& Tower with Radar,191,12,5,0,208,0,6,2,0,8,191,18,7,0,216,0,0,0,216
09/07/2020,SDF,KY,ASO,CE,Combined TRACON& Tower with Radar,135,6,8,0,149,0,10,8,0,18,135,16,16,0,167,0,0,0,167
09/08/2020,SDF,KY,ASO,CE,Combined TRACON& Tower with Radar,302,25,7,4,338,0,2,11,0,13,302,27,18,4,351,0,0,0,351
09/09/2020,SDF,KY,ASO,CE,Combined TRACON& Tower with Radar,491,46,24,5,566,0,1,3,0,4,491,47,27,5,570,0,0,0,570
09/10/2020,SDF,KY,ASO,CE,Combined TRACON& Tower with Radar,493,49,16,1,559,0,0,8,1,9,493,49,24,2,568,22,0,22,590
09/11/2020,SDF,KY,ASO,CE,Combined TRACON& Tower with Radar,393,37,18,5,453,0,4,0,0,4,393,41,18,5,457,0,0,0,457
09/12/2020,SDF,KY,ASO,CE,Combined TRACON& Tower with Radar,236,33,10,6,285,0,0,2,0,2,236,33,12,6,287,0,0,0,287
09/13/2020,SDF,KY,ASO,CE,Combined TRACON& Tower with Radar,188,15,15,1,219,0,0,4,1,5,188,15,19,2,224,0,0,0,224
09/14/2020,SDF,KY,ASO,CE,Combined TRACON& Tower with Radar,211,24,3,16,254,0,3,2,6,11,211,27,5,22,265,0,28,28,293
09/15/2020,SDF,KY,ASO,CE,Combined TRACON& Tower with Radar,460,37,16,1,514,0,4,13,1,18,460,41,29,2,532,0,0,0,532
09/16/2020,SDF,KY,ASO,CE,Combined TRACON& Tower with Radar,457,42,22,4,525,0,0,3,4,7,457,42,25,8,532,0,2,2,534
09/17/2020,SDF,KY,ASO,CE,Combined TRACON& Tower with Radar,462,41,13,4,520,0,1,5,1,7,462,42,18,5,527,2,0,2,529
09/18/2020,SDF,KY,ASO,CE,Combined TRACON& Tower with Radar,372,45,8,3,428,0,0,4,0,4,372,45,12,3,432,0,0,0,432
09/19/2020,SDF,KY,ASO,CE,Combined TRACON& Tower with Radar,240,36,6,3,285,0,9,16,0,25,240,45,22,3,310,0,0,0,310
09/20/2020,SDF,KY,ASO,CE,Combined TRACON& Tower with Radar,181,14,12,2,209,0,9,9,0,18,181,23,21,2,227,0,0,0,227
09/21/2020,SDF,KY,ASO,CE,Combined TRACON& Tower with Radar,212,22,18,13,265,0,2,4,2,8,212,24,22,15,273,0,0,0,273
09/22/2020,SDF,KY,ASO,CE,Combined TRACON& Tower with Radar,475,49,17,7,548,0,4,1,0,5,475,53,18,7,553,0,12,12,565
09/23/2020,SDF,KY,ASO,CE,Combined TRACON& Tower with Radar,465,51,12,7,535,0,2,16,0,18,465,53,28,7,553,0,0,0,553
09/24/2020,SDF,KY,ASO,CE,Combined TRACON& Tower with Radar,474,50,12,2,538,0,2,6,0,8,474,52,18,2,546,0,0,0,546
09/25/2020,SDF,KY,ASO,CE,Combined TRACON& Tower with Radar,385,47,15,12,459,0,3,15,2,20,385,50,30,14,479,0,0,0,479
09/26/2020,SDF,KY,ASO,CE,Combined TRACON& Tower with Radar,244,34,13,0,291,0,14,5,0,19,244,48,18,0,310,0,0,0,310
09/27/2020,SDF,KY,ASO,CE,Combined TRACON& Tower with Radar,180,22,9,3,214,0,7,12,0,19,180,29,21,3,233,0,0,0,233
09/28/2020,SDF,KY,ASO,CE,Combined TRACON& Tower with Radar,215,26,4,1,246,0,0,4,0,4,215,26,8,1,250,0,0,0,250
09/29/2020,SDF,KY,ASO,CE,Combined TRACON& Tower with Radar,491,41,18,8,558,0,0,7,0,7,491,41,25,8,565,0,0,0,565
09/30/2020,SDF,KY,ASO,CE,Combined TRACON& Tower with Radar,467,46,21,3,537,0,0,2,3,5,467,46,23,6,542,2,4,6,548
10/01/2020,SDF,KY,ASO,CE,Combined TRACON& Tower with Radar,470,53,16,2,541,0,4,4,0,8,470,57,20,2,549,0,0,0,549
10/02/2020,SDF,KY,ASO,CE,Combined TRACON& Tower with Radar,403,34,12,1,450,0,0,4,0,4,403,34,16,1,454,6,0,6,460
10/03/2020,SDF,KY,ASO,CE,Combined TRACON& Tower with Radar,242,27,7,4,280,0,6,8,0,14,242,33,15,4,294,0,0,0,294
10/04/2020,SDF,KY,ASO,CE,Combined TRACON& Tower with Radar,188,16,13,6,223,0,4,5,0,9,188,20,18,6,232,0,0,0,232
10/05/2020,SDF,KY,ASO,CE,Combined TRACON& Tower with Radar,209,23,8,28,268,0,0,7,0,7,209,23,15,28,275,0,12,12,287
10/06/2020,SDF,KY,ASO,CE,Combined TRACON& Tower with Radar,479,39,17,7,542,0,3,0,0,3,479,42,17,7,545,0,0,0,545
10/07/2020,SDF,KY,ASO,CE,Combined TRACON& Tower with Radar,457,33,18,5,513,0,13,10,5,28,457,46,28,10,541,18,4,22,563
10/08/2020,SDF,KY,ASO,CE,Combined TRACON& Tower with Radar,475,38,18,3,534,0,2,4,1,7,475,40,22,4,541,0,0,0,541
10/09/2020,SDF,KY,ASO,CE,Combined TRACON& Tower with Radar,387,34,23,0,444,0,4,0,0,4,387,38,23,0,448,0,0,0,448
10/10/2020,SDF,KY,ASO,CE,Combined TRACON& Tower with Radar,243,32,4,0,279,0,2,2,0,4,243,34,6,0,283,0,0,0,283
10/11/2020,SDF,KY,ASO,CE,Combined TRACON& Tower with Radar,194,9,11,0,214,0,7,4,0,11,194,16,15,0,225,0,0,0,225
10/12/2020,SDF,KY,ASO,CE,Combined TRACON& Tower with Radar,213,19,15,0,247,0,2,2,0,4,213,21,17,0,251,0,0,0,251
10/13/2020,SDF,KY,ASO,CE,Combined TRACON& Tower with Radar,495,40,29,2,566,0,0,4,0,4,495,40,33,2,570,0,0,0,570
10/14/2020,SDF,KY,ASO,CE,Combined TRACON& Tower with Radar,500,46,20,3,569,0,0,10,1,11,500,46,30,4,580,0,0,0,580
10/15/2020,SDF,KY,ASO,CE,Combined TRACON& Tower with Radar,506,29,14,6,555,0,5,3,3,11,506,34,17,9,566,0,0,0,566
10/16/2020,SDF,KY,ASO,CE,Combined TRACON& Tower with Radar,434,34,12,4,484,0,2,4,1,7,434,36,16,5,491,0,0,0,491
10/17/2020,SDF,KY,ASO,CE,Combined TRACON& Tower with Radar,239,33,7,3,282,0,1,3,2,6,239,34,10,5,288,0,0,0,288
10/18/2020,SDF,KY,ASO,CE,Combined TRACON& Tower with Radar,207,12,24,0,243,0,6,3,1,10,207,18,27,1,253,0,0,0,253
10/19/2020,SDF,KY,ASO,CE,Combined TRACON& Tower with Radar,227,16,23,7,273,0,0,3,0,3,227,16,26,7,276,0,0,0,276
10/20/2020,SDF,KY,ASO,CE,Combined TRACON& Tower with Radar,494,36,17,5,552,0,0,0,0,0,494,36,17,5,552,0,0,0,552
10/21/2020,SDF,KY,ASO,CE,Combined TRACON& Tower with Radar,481,35,22,18,556,0,2,16,0,18,481,37,38,18,574,2,0,2,576
10/22/2020,SDF,KY,ASO,CE,Combined TRACON& Tower with Radar,514,29,11,8,562,0,2,18,6,26,514,31,29,14,588,0,0,0,588
10/23/2020,SDF,KY,ASO,CE,Combined TRACON& Tower with Radar,408,31,20,5,464,0,0,2,0,2,408,31,22,5,466,0,0,0,466
10/24/2020,SDF,KY,ASO,CE,Combined TRACON& Tower with Radar,239,32,16,3,290,0,0,2,0,2,239,32,18,3,292,0,0,0,292
10/25/2020,SDF,KY,ASO,CE,Combined TRACON& Tower with Radar,200,7,18,5,230,0,0,0,0,0,200,7,18,5,230,0,0,0,230
10/26/2020,SDF,KY,ASO,CE,Combined TRACON& Tower with Radar,216,19,13,5,253,0,0,0,0,0,216,19,13,5,253,0,0,0,253
10/27/2020,SDF,KY,ASO,CE,Combined TRACON& Tower with Radar,483,27,6,8,524,0,0,1,8,9,483,27,7,16,533,0,0,0,533
10/28/2020,SDF,KY,ASO,CE,Combined TRACON& Tower with Radar,475,32,19,12,538,0,0,0,0,0,475,32,19,12,538,0,0,0,538
10/29/2020,SDF,KY,ASO,CE,Combined TRACON& Tower with Radar,491,35,15,7,548,0,0,0,0,0,491,35,15,7,548,0,0,0,548
10/30/2020,SDF,KY,ASO,CE,Combined TRACON& Tower with Radar,410,34,29,13,486,0,6,18,0,24,410,40,47,13,510,0,0,0,510
10/31/2020,SDF,KY,ASO,CE,Combined TRACON& Tower with Radar,211,37,6,3,257,0,4,6,2,12,211,41,12,5,269,0,0,0,269
11/01/2020,SDF,KY,ASO,CE,Combined TRACON& Tower with Radar,192,12,11,3,218,0,3,2,0,5,192,15,13,3,223,6,0,6,229
11/02/2020,SDF,KY,ASO,CE,Combined TRACON& Tower with Radar,210,18,16,17,261,0,2,2,0,4,210,20,18,17,265,0,0,0,265
11/03/2020,SDF,KY,ASO,CE,Combined TRACON& Tower with Radar,484,40,6,2,532,0,6,3,4,13,484,46,9,6,545,0,0,0,545
11/04/2020,SDF,KY,ASO,CE,Combined TRACON& Tower with Radar,462,33,22,4,521,0,3,7,2,12,462,36,29,6,533,0,0,0,533
11/05/2020,SDF,KY,ASO,CE,Combined TRACON& Tower with Radar,491,37,17,1,546,0,2,3,3,8,491,39,20,4,554,0,0,0,554
11/06/2020,SDF,KY,ASO,CE,Combined TRACON& Tower with Radar,404,49,10,17,480,0,3,5,0,8,404,52,15,17,488,0,0,0,488
11/07/2020,SDF,KY,ASO,CE,Combined TRACON& Tower with Radar,243,36,8,16,303,0,2,5,0,7,243,38,13,16,310,0,0,0,310
11/08/2020,SDF,KY,ASO,CE,Combined TRACON& Tower with Radar,203,21,13,1,238,0,0,11,0,11,203,21,24,1,249,0,0,0,249
11/09/2020,SDF,KY,ASO,CE,Combined TRACON& Tower with Radar,219,11,2,6,238,0,0,4,2,6,219,11,6,8,244,0,0,0,244
11/10/2020,SDF,KY,ASO,CE,Combined TRACON& Tower with Radar,464,34,6,2,506,0,1,2,0,3,464,35,8,2,509,0,0,0,509
11/11/2020,SDF,KY,ASO,CE,Combined TRACON& Tower with Radar,488,26,6,0,520,0,1,6,0,7,488,27,12,0,527,0,0,0,527
11/12/2020,SDF,KY,ASO,CE,Combined TRACON& Tower with Radar,505,41,16,11,573,0,6,20,1,27,505,47,36,12,600,0,0,0,600
11/13/2020,SDF,KY,ASO,CE,Combined TRACON& Tower with Radar,422,37,17,13,489,0,0,6,0,6,422,37,23,13,495,0,0,0,495
11/14/2020,SDF,KY,ASO,CE,Combined TRACON& Tower with Radar,239,34,6,0,279,0,5,1,0,6,239,39,7,0,285,0,0,0,285
11/15/2020,SDF,KY,ASO,CE,Combined TRACON& Tower with Radar,211,12,9,1,233,0,3,3,0,6,211,15,12,1,239,0,0,0,239
11/16/2020,SDF,KY,ASO,CE,Combined TRACON& Tower with Radar,227,23,15,5,270,0,4,3,0,7,227,27,18,5,277,0,0,0,277
11/17/2020,SDF,KY,ASO,CE,Combined TRACON& Tower with Radar,487,39,7,5,538,0,2,2,1,5,487,41,9,6,543,0,0,0,543
11/18/2020,SDF,KY,ASO,CE,Combined TRACON& Tower with Radar,476,35,18,8,537,0,0,1,1,2,476,35,19,9,539,0,0,0,539
11/19/2020,SDF,KY,ASO,CE,Combined TRACON& Tower with Radar,497,37,11,12,557,0,4,2,3,9,497,41,13,15,566,0,0,0,566
11/20/2020,SDF,KY,ASO,CE,Combined TRACON& Tower with Radar,417,42,18,0,477,0,4,2,0,6,417,46,20,0,483,0,0,0,483
11/21/2020,SDF,KY,ASO,CE,Combined TRACON& Tower with Radar,263,37,9,0,309,0,0,0,0,0,263,37,9,0,309,0,0,0,309
11/22/2020,SDF,KY,ASO,CE,Combined TRACON& Tower with Radar,220,24,11,0,255,0,0,0,0,0,220,24,11,0,255,0,0,0,255
11/23/2020,SDF,KY,ASO,CE,Combined TRACON& Tower with Radar,287,30,12,0,329,0,6,8,0,14,287,36,20,0,343,0,0,0,343
11/24/2020,SDF,KY,ASO,CE,Combined TRACON& Tower with Radar,572,55,9,3,639,0,5,14,4,23,572,60,23,7,662,0,0,0,662
11/25/2020,SDF,KY,ASO,CE,Combined TRACON& Tower with Radar,573,40,12,0,625,0,0,0,0,0,573,40,12,0,625,0,0,0,625
11/26/2020,SDF,KY,ASO,CE,Combined TRACON& Tower with Radar,201,13,7,0,221,0,2,0,0,2,201,15,7,0,223,0,0,0,223
11/27/2020,SDF,KY,ASO,CE,Combined TRACON& Tower with Radar,275,24,17,0,316,0,2,4,0,6,275,26,21,0,322,0,0,0,322
11/28/2020,SDF,KY,ASO,CE,Combined TRACON& Tower with Radar,287,35,10,0,332,0,8,4,0,12,287,43,14,0,344,0,0,0,344
11/29/2020,SDF,KY,ASO,CE,Combined TRACON& Tower with Radar,251,21,28,0,300,0,2,8,0,10,251,23,36,0,310,0,0,0,310
11/30/2020,SDF,KY,ASO,CE,Combined TRACON& Tower with Radar,326,28,9,2,365,0,0,0,0,0,326,28,9,2,365,0,0,0,365
12/01/2020,SDF,KY,ASO,CE,Combined TRACON& Tower with Radar,580,35,4,1,620,0,0,15,0,15,580,35,19,1,635,12,0,12,647
12/02/2020,SDF,KY,ASO,CE,Combined TRACON& Tower with Radar,564,46,11,3,624,0,3,16,0,19,564,49,27,3,643,0,0,0,643
12/03/2020,SDF,KY,ASO,CE,Combined TRACON& Tower with Radar,586,42,9,2,639,0,3,10,2,15,586,45,19,4,654,0,0,0,654
12/04/2020,SDF,KY,ASO,CE,Combined TRACON& Tower with Radar,467,34,10,2,513,0,4,0,0,4,467,38,10,2,517,0,0,0,517
12/05/2020,SDF,KY,ASO,CE,Combined TRACON& Tower with Radar,271,31,3,1,306,0,0,7,1,8,271,31,10,2,314,0,0,0,314
12/06/2020,SDF,KY,ASO,CE,Combined TRACON& Tower with Radar,232,15,3,5,255,0,2,6,0,8,232,17,9,5,263,0,0,0,263
12/07/2020,SDF,KY,ASO,CE,Combined TRACON& Tower with Radar,327,16,20,3,366,0,0,0,0,0,327,16,20,3,366,0,0,0,366
12/08/2020,SDF,KY,ASO,CE,Combined TRACON& Tower with Radar,559,38,10,0,607,0,2,14,2,18,559,40,24,2,625,6,0,6,631
12/09/2020,SDF,KY,ASO,CE,Combined TRACON& Tower with Radar,566,33,17,4,620,0,6,4,2,12,566,39,21,6,632,0,0,0,632
12/10/2020,SDF,KY,ASO,CE,Combined TRACON& Tower with Radar,598,43,9,2,652,0,2,7,3,12,598,45,16,5,664,0,0,0,664
12/11/2020,SDF,KY,ASO,CE,Combined TRACON& Tower with Radar,472,43,16,3,534,0,3,8,0,11,472,46,24,3,545,0,0,0,545
12/12/2020,SDF,KY,ASO,CE,Combined TRACON& Tower with Radar,275,34,11,0,320,0,0,2,0,2,275,34,13,0,322,0,0,0,322
12/13/2020,SDF,KY,ASO,CE,Combined TRACON& Tower with Radar,230,12,13,3,258,0,5,8,0,13,230,17,21,3,271,0,0,0,271
12/14/2020,SDF,KY,ASO,CE,Combined TRACON& Tower with Radar,334,30,15,4,383,0,6,5,2,13,334,36,20,6,396,0,0,0,396
12/15/2020,SDF,KY,ASO,CE,Combined TRACON& Tower with Radar,623,31,26,9,689,0,4,4,6,14,623,35,30,15,703,0,0,0,703
12/16/2020,SDF,KY,ASO,CE,Combined TRACON& Tower with Radar,627,49,10,8,694,0,0,0,0,0,627,49,10,8,694,0,0,0,694
12/17/2020,SDF,KY,ASO,CE,Combined TRACON& Tower with Radar,639,56,17,4,716,0,0,4,1,5,639,56,21,5,721,0,0,0,721
12/18/2020,SDF,KY,ASO,CE,Combined TRACON& Tower with Radar,635,53,21,1,710,0,9,9,2,20,635,62,30,3,730,0,0,0,730
12/19/2020,SDF,KY,ASO,CE,Combined TRACON& Tower with Radar,638,40,13,0,691,0,4,4,0,8,638,44,17,0,699,2,0,2,701
12/20/2020,SDF,KY,ASO,CE,Combined TRACON& Tower with Radar,601,30,9,0,640,0,0,0,0,0,601,30,9,0,640,0,0,0,640
12/21/2020,SDF,KY,ASO,CE,Combined TRACON& Tower with Radar,567,35,7,5,614,0,3,3,0,6,567,38,10,5,620,0,0,0,620
12/22/2020,SDF,KY,ASO,CE,Combined TRACON& Tower with Radar,675,62,3,0,740,0,2,10,0,12,675,64,13,0,752,0,0,0,752
12/23/2020,SDF,KY,ASO,CE,Combined TRACON& Tower with Radar,704,47,8,2,761,0,0,2,0,2,704,47,10,2,763,0,0,0,763
12/24/2020,SDF,KY,ASO,CE,Combined TRACON& Tower with Radar,574,38,6,0,618,0,0,0,0,0,574,38,6,0,618,0,0,0,618
12/25/2020,SDF,KY,ASO,CE,Combined TRACON& Tower with Radar,144,6,4,0,154,0,0,0,0,0,144,6,4,0,154,0,0,0,154
12/26/2020,SDF,KY,ASO,CE,Combined TRACON& Tower with Radar,189,36,18,0,243,0,2,9,0,11,189,38,27,0,254,26,22,48,302
12/27/2020,SDF,KY,ASO,CE,Combined TRACON& Tower with Radar,211,31,9,0,251,0,4,0,0,4,211,35,9,0,255,0,0,0,255
12/28/2020,SDF,KY,ASO,CE,Combined TRACON& Tower with Radar,273,33,16,0,322,0,0,1,0,1,273,33,17,0,323,0,0,0,323
12/29/2020,SDF,KY,ASO,CE,Combined TRACON& Tower with Radar,540,54,14,0,608,0,1,4,0,5,540,55,18,0,613,0,0,0,613
12/30/2020,SDF,KY,ASO,CE,Combined TRACON& Tower with Radar,527,33,9,3,572,0,1,1,0,2,527,34,10,3,574,0,0,0,574
12/31/2020,SDF,KY,ASO,CE,Combined TRACON& Tower with Radar,467,30,7,0,504,0,0,0,0,0,467,30,7,0,504,0,0,0,504
01/01/2021,SDF,KY,ASO,CE,Combined TRACON& Tower with Radar,133,10,3,0,146,0,0,3,0,3,133,10,6,0,149,0,0,0,149
01/02/2021,SDF,KY,ASO,CE,Combined TRACON& Tower with Radar,201,36,23,0,260,0,0,5,0,5,201,36,28,0,265,0,0,0,265
01/03/2021,SDF,KY,ASO,CE,Combined TRACON& Tower with Radar,200,32,13,0,245,0,0,0,0,0,200,32,13,0,245,0,0,0,245
01/04/2021,SDF,KY,ASO,CE,Combined TRACON& Tower with Radar,241,37,6,2,286,0,1,5,0,6,241,38,11,2,292,0,0,0,292
01/05/2021,SDF,KY,ASO,CE,Combined TRACON& Tower with Radar,476,52,26,6,560,0,2,12,0,14,476,54,38,6,574,8,0,8,582
01/06/2021,SDF,KY,ASO,CE,Combined TRACON& Tower with Radar,474,34,10,6,524,0,0,3,7,10,474,34,13,13,534,0,22,22,556
01/07/2021,SDF,KY,ASO,CE,Combined TRACON& Tower with Radar,461,36,14,7,518,0,2,0,3,5,461,38,14,10,523,0,0,0,523
01/08/2021,SDF,KY,ASO,CE,Combined TRACON& Tower with Radar,402,45,8,1,456,0,0,9,0,9,402,45,17,1,465,7,0,7,472
01/09/2021,SDF,KY,ASO,CE,Combined TRACON& Tower with Radar,223,36,9,0,268,0,3,14,0,17,223,39,23,0,285,0,0,0,285
01/10/2021,SDF,KY,ASO,CE,Combined TRACON& Tower with Radar,178,27,4,1,210,0,0,3,0,3,178,27,7,1,213,0,0,0,213
01/11/2021,SDF,KY,ASO,CE,Combined TRACON& Tower with Radar,187,24,27,0,238,0,3,4,0,7,187,27,31,0,245,14,0,14,259
01/12/2021,SDF,KY,ASO,CE,Combined TRACON& Tower with Radar,474,38,12,1,525,0,0,8,6,14,474,38,20,7,539,0,0,0,539
01/13/2021,SDF,KY,ASO,CE,Combined TRACON& Tower with Radar,454,50,18,2,524,0,1,14,4,19,454,51,32,6,543,0,0,0,543
01/14/2021,SDF,KY,ASO,CE,Combined TRACON& Tower with Radar,465,59,13,4,541,0,6,4,8,18,465,65,17,12,559,2,0,2,561
01/15/2021,SDF,KY,ASO,CE,Combined TRACON& Tower with Radar,399,43,17,0,459,0,5,4,0,9,399,48,21,0,468,0,0,0,468
01/16/2021,SDF,KY,ASO,CE,Combined TRACON& Tower with Radar,231,33,6,2,272,0,0,0,1,1,231,33,6,3,273,0,0,0,273
01/17/2021,SDF,KY,ASO,CE,Combined TRACON& Tower with Radar,165,19,5,1,190,0,3,0,0,3,165,22,5,1,193,0,0,0,193
01/18/2021,SDF,KY,ASO,CE,Combined TRACON& Tower with Radar,196,30,20,1,247,0,2,12,0,14,196,32,32,1,261,8,0,8,269
01/19/2021,SDF,KY,ASO,CE,Combined TRACON& Tower with Radar,461,37,16,3,517,0,2,3,0,5,461,39,19,3,522,0,0,0,522
01/20/2021,SDF,KY,ASO,CE,Combined TRACON& Tower with Radar,455,45,28,0,528,0,6,5,10,21,455,51,33,10,549,6,16,22,571
01/21/2021,SDF,KY,ASO,CE,Combined TRACON& Tower with Radar,476,38,20,18,552,0,0,11,6,17,476,38,31,24,569,0,0,0,569
01/22/2021,SDF,KY,ASO,CE,Combined TRACON& Tower with Radar,390,33,12,6,441,0,0,8,2,10,390,33,20,8,451,0,0,0,451
01/23/2021,SDF,KY,ASO,CE,Combined TRACON& Tower with Radar,227,35,7,8,277,0,1,8,2,11,227,36,15,10,288,0,0,0,288
01/24/2021,SDF,KY,ASO,CE,Combined TRACON& Tower with Radar,175,21,8,2,206,0,0,0,0,0,175,21,8,2,206,0,0,0,206
01/25/2021,SDF,KY,ASO,CE,Combined TRACON& Tower with Radar,185,25,2,1,213,0,0,0,0,0,185,25,2,1,213,0,0,0,213
01/26/2021,SDF,KY,ASO,CE,Combined TRACON& Tower with Radar,471,33,6,21,531,0,2,0,17,19,471,35,6,38,550,0,0,0,550
01/27/2021,SDF,KY,ASO,CE,Combined TRACON& Tower with Radar,460,39,12,5,516,0,0,8,0,8,460,39,20,5,524,0,8,8,532
01/28/2021,SDF,KY,ASO,CE,Combined TRACON& Tower with Radar,454,46,8,6,514,0,4,12,10,26,454,50,20,16,540,0,0,0,540
01/29/2021,SDF,KY,ASO,CE,Combined TRACON& Tower with Radar,390,39,4,3,436,0,4,8,0,12,390,43,12,3,448,0,0,0,448
01/30/2021,SDF,KY,ASO,CE,Combined TRACON& Tower with Radar,229,43,5,0,277,0,0,3,2,5,229,43,8,2,282,0,0,0,282
01/31/2021,SDF,KY,ASO,CE,Combined TRACON& Tower with Radar,168,23,6,1,198,0,0,0,0,0,168,23,6,1,198,0,0,0,198
02/01/2021,SDF,KY,ASO,CE,Combined TRACON& Tower with Radar,190,23,14,2,229,0,0,0,0,0,190,23,14,2,229,0,0,0,229
02/02/2021,SDF,KY,ASO,CE,Combined TRACON& Tower with Radar,475,33,6,3,517,0,4,3,2,9,475,37,9,5,526,0,0,0,526
02/03/2021,SDF,KY,ASO,CE,Combined TRACON& Tower with Radar,472,37,21,13,543,0,5,11,11,27,472,42,32,24,570,8,14,22,592
02/04/2021,SDF,KY,ASO,CE,Combined TRACON& Tower with Radar,454,46,13,3,516,0,2,3,1,6,454,48,16,4,522,0,0,0,522
02/05/2021,SDF,KY,ASO,CE,Combined TRACON& Tower with Radar,407,43,9,1,460,0,4,6,2,12,407,47,15,3,472,0,0,0,472
02/06/2021,SDF,KY,ASO,CE,Combined TRACON& Tower with Radar,234,39,10,0,283,0,2,8,2,12,234,41,18,2,295,0,0,0,295
02/07/2021,SDF,KY,ASO,CE,Combined TRACON& Tower with Radar,169,22,8,0,199,0,2,4,0,6,169,24,12,0,205,0,0,0,205
02/08/2021,SDF,KY,ASO,CE,Combined TRACON& Tower with Radar,194,24,5,4,227,0,2,2,0,4,194,26,7,4,231,0,0,0,231
02/09/2021,SDF,KY,ASO,CE,Combined TRACON& Tower with Radar,480,29,23,13,545,0,0,0,0,0,480,29,23,13,545,0,0,0,545
02/10/2021,SDF,KY,ASO,CE,Combined TRACON& Tower with Radar,438,32,27,5,502,0,0,0,0,0,438,32,27,5,502,0,3,3,505
02/11/2021,SDF,KY,ASO,CE,Combined TRACON& Tower with Radar,292,65,31,2,390,0,0,1,1,2,292,65,32,3,392,0,0,0,392
02/12/2021,SDF,KY,ASO,CE,Combined TRACON& Tower with Radar,349,54,34,4,441,0,0,4,0,4,349,54,38,4,445,0,0,0,445
02/13/2021,SDF,KY,ASO,CE,Combined TRACON& Tower with Radar,288,36,7,3,334,0,1,0,0,1,288,37,7,3,335,0,0,0,335
02/14/2021,SDF,KY,ASO,CE,Combined TRACON& Tower with Radar,180,29,17,0,226,0,6,0,0,6,180,35,17,0,232,0,0,0,232
02/15/2021,SDF,KY,ASO,CE,Combined TRACON& Tower with Radar,81,8,6,0,95,0,0,0,0,0,81,8,6,0,95,0,0,0,95
02/16/2021,SDF,KY,ASO,CE,Combined TRACON& Tower with Radar,241,16,16,0,273,0,0,1,0,1,241,16,17,0,274,0,0,0,274
02/17/2021,SDF,KY,ASO,CE,Combined TRACON& Tower with Radar,421,33,14,0,468,0,4,1,0,5,421,37,15,0,473,0,0,0,473
02/18/2021,SDF,KY,ASO,CE,Combined TRACON& Tower with Radar,426,39,12,4,481,0,0,0,0,0,426,39,12,4,481,0,0,0,481
02/19/2021,SDF,KY,ASO,CE,Combined TRACON& Tower with Radar,413,50,7,5,475,0,4,6,0,10,413,54,13,5,485,0,0,0,485
02/20/2021,SDF,KY,ASO,CE,Combined TRACON& Tower with Radar,246,51,12,3,312,0,3,15,2,20,246,54,27,5,332,0,0,0,332
02/21/2021,SDF,KY,ASO,CE,Combined TRACON& Tower with Radar,177,30,15,0,222,0,5,5,0,10,177,35,20,0,232,0,0,0,232
02/22/2021,SDF,KY,ASO,CE,Combined TRACON& Tower with Radar,188,32,12,1,233,0,1,0,0,1,188,33,12,1,234,0,0,0,234
02/23/2021,SDF,KY,ASO,CE,Combined TRACON& Tower with Radar,484,37,15,5,541,0,3,13,4,20,484,40,28,9,561,0,2,2,563
02/24/2021,SDF,KY,ASO,CE,Combined TRACON& Tower with Radar,456,34,25,3,518,0,10,7,11,28,456,44,32,14,546,0,0,0,546
02/25/2021,SDF,KY,ASO,CE,Combined TRACON& Tower with Radar,468,48,19,7,542,0,1,12,5,18,468,49,31,12,560,0,0,0,560
02/26/2021,SDF,KY,ASO,CE,Combined TRACON& Tower with Radar,399,44,12,6,461,0,2,5,1,8,399,46,17,7,469,0,0,0,469
02/27/2021,SDF,KY,ASO,CE,Combined TRACON& Tower with Radar,230,33,10,0,273,0,2,1,0,3,230,35,11,0,276,0,0,0,276
02/28/2021,SDF,KY,ASO,CE,Combined TRACON& Tower with Radar,182,24,8,8,222,0,0,0,0,0,182,24,8,8,222,0,0,0,222
03/01/2021,SDF,KY,ASO,CE,Combined TRACON& Tower with Radar,197,26,8,0,231,0,2,11,1,14,197,28,19,1,245,12,0,12,257
03/02/2021,SDF,KY,ASO,CE,Combined TRACON& Tower with Radar,487,34,14,4,539,0,2,5,6,13,487,36,19,10,552,3,0,3,555
03/03/2021,SDF,KY,ASO,CE,Combined TRACON& Tower with Radar,470,40,19,7,536,0,6,6,5,17,470,46,25,12,553,0,0,0,553
03/04/2021,SDF,KY,ASO,CE,Combined TRACON& Tower with Radar,467,52,11,26,556,0,1,7,7,15,467,53,18,33,571,2,0,2,573
03/05/2021,SDF,KY,ASO,CE,Combined TRACON& Tower with Radar,405,49,13,9,476,0,0,5,3,8,405,49,18,12,484,0,0,0,484
03/06/2021,SDF,KY,ASO,CE,Combined TRACON& Tower with Radar,234,47,25,3,309,0,0,8,2,10,234,47,33,5,319,0,0,0,319
03/07/2021,SDF,KY,ASO,CE,Combined TRACON& Tower with Radar,184,28,10,6,228,0,8,4,2,14,184,36,14,8,242,2,0,2,244
03/08/2021,SDF,KY,ASO,CE,Combined TRACON& Tower with Radar,215,31,15,5,266,0,2,7,0,9,215,33,22,5,275,0,0,0,275
03/09/2021,SDF,KY,ASO,CE,Combined TRACON& Tower with Radar,474,56,10,3,543,0,5,15,4,24,474,61,25,7,567,20,0,20,587
03/10/2021,SDF,KY,ASO,CE,Combined TRACON& Tower with Radar,477,49,18,2,546,0,7,3,0,10,477,56,21,2,556,0,0,0,556
03/11/2021,SDF,KY,ASO,CE,Combined TRACON& Tower with Radar,494,54,22,3,573,0,2,8,2,12,494,56,30,5,585,0,0,0,585
03/12/2021,SDF,KY,ASO,CE,Combined TRACON& Tower with Radar,421,49,14,15,499,0,1,0,0,1,421,50,14,15,500,0,0,0,500
03/13/2021,SDF,KY,ASO,CE,Combined TRACON& Tower with Radar,249,46,19,1,315,0,3,11,11,25,249,49,30,12,340,22,0,22,362
03/14/2021,SDF,KY,ASO,CE,Combined TRACON& Tower with Radar,185,28,12,3,228,0,0,5,0,5,185,28,17,3,233,0,0,0,233
03/15/2021,SDF,KY,ASO,CE,Combined TRACON& Tower with Radar,209,24,5,0,238,0,2,0,0,2,209,26,5,0,240,0,0,0,240
03/16/2021,SDF,KY,ASO,CE,Combined TRACON& Tower with Radar,500,51,25,6,582,0,0,11,3,14,500,51,36,9,596,0,0,0,596
03/17/2021,SDF,KY,ASO,CE,Combined TRACON& Tower with Radar,465,47,19,2,533,0,2,1,2,5,465,49,20,4,538,0,0,0,538
03/18/2021,SDF,KY,ASO,CE,Combined TRACON& Tower with Radar,500,43,24,5,572,0,2,0,3,5,500,45,24,8,577,0,0,0,577
03/19/2021,SDF,KY,ASO,CE,Combined TRACON& Tower with Radar,416,60,18,4,498,0,4,5,0,9,416,64,23,4,507,0,0,0,507
03/20/2021,SDF,KY,ASO,CE,Combined TRACON& Tower with Radar,250,48,16,15,329,0,2,10,7,19,250,50,26,22,348,14,0,14,362
03/21/2021,SDF,KY,ASO,CE,Combined TRACON& Tower with Radar,206,23,16,6,251,0,9,9,0,18,206,32,25,6,269,0,0,0,269
03/22/2021,SDF,KY,ASO,CE,Combined TRACON& Tower with Radar,215,35,11,0,261,0,0,11,1,12,215,35,22,1,273,0,0,0,273
03/23/2021,SDF,KY,ASO,CE,Combined TRACON& Tower with Radar,489,44,16,2,551,0,6,7,6,19,489,50,23,8,570,0,0,0,570
03/24/2021,SDF,KY,ASO,CE,Combined TRACON& Tower with Radar,482,41,18,1,542,0,6,0,3,9,482,47,18,4,551,0,0,0,551
03/25/2021,SDF,KY,ASO,CE,Combined TRACON& Tower with Radar,483,54,9,1,547,0,0,0,3,3,483,54,9,4,550,0,0,0,550
03/26/2021,SDF,KY,ASO,CE,Combined TRACON& Tower with Radar,432,64,16,2,514,0,0,7,2,9,432,64,23,4,523,0,0,0,523
03/27/2021,SDF,KY,ASO,CE,Combined TRACON& Tower with Radar,261,54,26,2,343,0,7,9,4,20,261,61,35,6,363,0,0,0,363
03/28/2021,SDF,KY,ASO,CE,Combined TRACON& Tower with Radar,201,25,15,1,242,0,2,0,2,4,201,27,15,3,246,0,0,0,246
03/29/2021,SDF,KY,ASO,CE,Combined TRACON& Tower with Radar,217,31,4,0,252,0,6,10,0,16,217,37,14,0,268,0,0,0,268
03/30/2021,SDF,KY,ASO,CE,Combined TRACON& Tower with Radar,500,48,10,4,562,0,2,0,4,6,500,50,10,8,568,0,0,0,568
03/31/2021,SDF,KY,ASO,CE,Combined TRACON& Tower with Radar,487,34,12,8,541,0,0,10,2,12,487,34,22,10,553,0,0,0,553
04/01/2021,SDF,KY,ASO,CE,Combined TRACON& Tower with Radar,485,45,16,6,552,0,2,2,1,5,485,47,18,7,557,0,0,0,557
04/02/2021,SDF,KY,ASO,CE,Combined TRACON& Tower with Radar,425,51,5,3,484,0,0,5,0,5,425,51,10,3,489,0,0,0,489
04/03/2021,SDF,KY,ASO,CE,Combined TRACON& Tower with Radar,257,43,30,1,331,0,9,8,0,17,257,52,38,1,348,0,0,0,348
04/04/2021,SDF,KY,ASO,CE,Combined TRACON& Tower with Radar,197,29,15,0,241,0,2,6,0,8,197,31,21,0,249,14,0,14,263
04/05/2021,SDF,KY,ASO,CE,Combined TRACON& Tower with Radar,225,25,20,0,270,0,0,5,0,5,225,25,25,0,275,2,0,2,277
04/06/2021,SDF,KY,ASO,CE,Combined TRACON& Tower with Radar,492,42,38,5,577,0,2,8,2,12,492,44,46,7,589,8,0,8,597
04/07/2021,SDF,KY,ASO,CE,Combined TRACON& Tower with Radar,483,44,23,2,552,0,5,9,2,16,483,49,32,4,568,0,0,0,568
04/08/2021,SDF,KY,ASO,CE,Combined TRACON& Tower with Radar,499,72,9,0,580,0,1,0,0,1,499,73,9,0,581,0,0,0,581
04/09/2021,SDF,KY,ASO,CE,Combined TRACON& Tower with Radar,420,46,13,3,482,0,11,4,0,15,420,57,17,3,497,0,0,0,497
04/10/2021,SDF,KY,ASO,CE,Combined TRACON& Tower with Radar,255,32,11,1,299,0,4,0,0,4,255,36,11,1,303,0,0,0,303
04/11/2021,SDF,KY,ASO,CE,Combined TRACON& Tower with Radar,194,26,11,1,232,0,2,2,1,5,194,28,13,2,237,0,0,0,237
04/12/2021,SDF,KY,ASO,CE,Combined TRACON& Tower with Radar,224,47,6,6,283,0,3,3,0,6,224,50,9,6,289,0,0,0,289
04/13/2021,SDF,KY,ASO,CE,Combined TRACON& Tower with Radar,494,38,17,2,551,0,1,10,2,13,494,39,27,4,564,6,0,6,570
04/14/2021,SDF,KY,ASO,CE,Combined TRACON& Tower with Radar,482,44,17,2,545,0,2,4,0,6,482,46,21,2,551,0,0,0,551
04/15/2021,SDF,KY,ASO,CE,Combined TRACON& Tower with Radar,494,48,28,19,589,0,2,4,5,11,494,50,32,24,600,0,0,0,600
04/16/2021,SDF,KY,ASO,CE,Combined TRACON& Tower with Radar,423,45,17,6,491,0,4,8,3,15,423,49,25,9,506,24,0,24,530
04/17/2021,SDF,KY,ASO,CE,Combined TRACON& Tower with Radar,251,34,16,24,325,1,7,12,10,30,252,41,28,34,355,0,0,0,355
04/18/2021,SDF,KY,ASO,CE,Combined TRACON& Tower with Radar,206,29,14,9,258,0,2,8,0,10,206,31,22,9,268,0,0,0,268
04/19/2021,SDF,KY,ASO,CE,Combined TRACON& Tower with Radar,221,34,14,0,269,0,5,7,0,12,221,39,21,0,281,0,0,0,281
04/20/2021,SDF,KY,ASO,CE,Combined TRACON& Tower with Radar,481,49,14,0,544,0,5,6,0,11,481,54,20,0,555,0,0,0,555
04/21/2021,SDF,KY,ASO,CE,Combined TRACON& Tower with Radar,492,35,27,2,556,0,6,14,0,20,492,41,41,2,576,36,0,36,612
04/22/2021,SDF,KY,ASO,CE,Combined TRACON& Tower with Radar,489,44,19,23,575,0,0,12,4,16,489,44,31,27,591,37,0,37,628
04/23/2021,SDF,KY,ASO,CE,Combined TRACON& Tower with Radar,429,42,13,9,493,0,10,19,0,29,429,52,32,9,522,0,0,0,522
04/24/2021,SDF,KY,ASO,CE,Combined TRACON& Tower with Radar,245,31,3,3,282,0,0,0,1,1,245,31,3,4,283,0,0,0,283
04/25/2021,SDF,KY,ASO,CE,Combined TRACON& Tower with Radar,202,31,16,5,254,0,7,2,1,10,202,38,18,6,264,0,0,0,264
04/26/2021,SDF,KY,ASO,CE,Combined TRACON& Tower with Radar,224,24,20,3,271,0,2,20,1,23,224,26,40,4,294,12,0,12,306
04/27/2021,SDF,KY,ASO,CE,Combined TRACON& Tower with Radar,501,41,16,7,565,0,3,7,1,11,501,44,23,8,576,0,0,0,576
04/28/2021,SDF,KY,ASO,CE,Combined TRACON& Tower with Radar,488,60,17,2,567,0,5,1,1,7,488,65,18,3,574,0,0,0,574
04/29/2021,SDF,KY,ASO,CE,Combined TRACON& Tower with Radar,523,123,118,7,771,0,1,4,1,6,523,124,122,8,777,0,0,0,777
04/30/2021,SDF,KY,ASO,CE,Combined TRACON& Tower with Radar,425,76,64,4,569,0,11,9,0,20,425,87,73,4,589,8,0,8,597
05/01/2021,SDF,KY,ASO,CE,Combined TRACON& Tower with Radar,249,107,93,5,454,0,13,12,1,26,249,120,105,6,480,0,0,0,480
05/02/2021,SDF,KY,ASO,CE,Combined TRACON& Tower with Radar,209,126,132,2,469,0,1,2,0,3,209,127,134,2,472,0,0,0,472
05/03/2021,SDF,KY,ASO,CE,Combined TRACON& Tower with Radar,222,44,20,2,288,0,0,2,0,2,222,44,22,2,290,0,0,0,290
05/04/2021,SDF,KY,ASO,CE,Combined TRACON& Tower with Radar,506,40,7,6,559,0,3,1,5,9,506,43,8,11,568,0,0,0,568
05/05/2021,SDF,KY,ASO,CE,Combined TRACON& Tower with Radar,507,45,18,6,576,0,4,5,2,11,507,49,23,8,587,0,0,0,587
05/06/2021,SDF,KY,ASO,CE,Combined TRACON& Tower with Radar,502,49,27,6,584,0,0,6,2,8,502,49,33,8,592,0,0,0,592
05/07/2021,SDF,KY,ASO,CE,Combined TRACON& Tower with Radar,460,51,20,3,534,0,1,9,0,10,460,52,29,3,544,0,0,0,544
05/08/2021,SDF,KY,ASO,CE,Combined TRACON& Tower with Radar,278,40,18,0,336,0,2,6,0,8,278,42,24,0,344,0,0,0,344
05/09/2021,SDF,KY,ASO,CE,Combined TRACON& Tower with Radar,206,32,5,0,243,0,0,0,0,0,206,32,5,0,243,0,0,0,243
05/10/2021,SDF,KY,ASO,CE,Combined TRACON& Tower with Radar,225,35,15,16,291,0,9,3,2,14,225,44,18,18,305,0,0,0,305
05/11/2021,SDF,KY,ASO,CE,Combined TRACON& Tower with Radar,505,40,19,4,568,0,4,7,4,15,505,44,26,8,583,14,0,14,597
05/12/2021,SDF,KY,ASO,CE,Combined TRACON& Tower with Radar,508,45,41,7,601,0,0,8,4,12,508,45,49,11,613,0,0,0,613
05/13/2021,SDF,KY,ASO,CE,Combined TRACON& Tower with Radar,501,44,18,4,567,0,4,2,4,10,501,48,20,8,577,0,0,0,577
05/14/2021,SDF,KY,ASO,CE,Combined TRACON& Tower with Radar,431,54,15,1,501,0,3,8,0,11,431,57,23,1,512,10,0,10,522
05/15/2021,SDF,KY,ASO,CE,Combined TRACON& Tower with Radar,235,38,17,10,300,0,5,14,8,27,235,43,31,18,327,20,0,20,347
05/16/2021,SDF,KY,ASO,CE,Combined TRACON& Tower with Radar,188,34,12,9,243,0,2,4,1,7,188,36,16,10,250,0,0,0,250
05/17/2021,SDF,KY,ASO,CE,Combined TRACON& Tower with Radar,228,34,9,4,275,0,2,4,0,6,228,36,13,4,281,0,0,0,281
05/18/2021,SDF,KY,ASO,CE,Combined TRACON& Tower with Radar,510,48,32,5,595,0,4,5,2,11,510,52,37,7,606,0,0,0,606
05/19/2021,SDF,KY,ASO,CE,Combined TRACON& Tower with Radar,495,61,36,5,597,0,4,16,0,20,495,65,52,5,617,9,0,9,626
05/20/2021,SDF,KY,ASO,CE,Combined TRACON& Tower with Radar,504,51,13,18,586,0,10,9,5,24,504,61,22,23,610,0,0,0,610
05/21/2021,SDF,KY,ASO,CE,Combined TRACON& Tower with Radar,425,48,13,8,494,0,7,7,1,15,425,55,20,9,509,0,0,0,509
05/22/2021,SDF,KY,ASO,CE,Combined TRACON& Tower with Radar,243,42,8,20,313,0,5,9,5,19,243,47,17,25,332,0,0,0,332
05/23/2021,SDF,KY,ASO,CE,Combined TRACON& Tower with Radar,205,28,22,3,258,0,9,5,2,16,205,37,27,5,274,0,0,0,274
05/24/2021,SDF,KY,ASO,CE,Combined TRACON& Tower with Radar,228,27,17,9,281,0,3,8,3,14,228,30,25,12,295,0,0,0,295
05/25/2021,SDF,KY,ASO,CE,Combined TRACON& Tower with Radar,506,46,30,4,586,0,4,4,3,11,506,50,34,7,597,0,0,0,597
05/26/2021,SDF,KY,ASO,CE,Combined TRACON& Tower with Radar,487,34,27,4,552,0,2,4,0,6,487,36,31,4,558,0,0,0,558
05/27/2021,SDF,KY,ASO,CE,Combined TRACON& Tower with Radar,517,54,24,8,603,0,0,6,3,9,517,54,30,11,612,4,0,4,616
05/28/2021,SDF,KY,ASO,CE,Combined TRACON& Tower with Radar,444,48,10,0,502,0,2,4,0,6,444,50,14,0,508,0,0,0,508
05/29/2021,SDF,KY,ASO,CE,Combined TRACON& Tower with Radar,276,39,20,0,335,0,2,0,0,2,276,41,20,0,337,0,0,0,337
05/30/2021,SDF,KY,ASO,CE,Combined TRACON& Tower with Radar,178,20,12,0,210,0,2,12,2,16,178,22,24,2,226,22,0,22,248
05/31/2021,SDF,KY,ASO,CE,Combined TRACON& Tower with Radar,162,26,7,0,195,0,9,10,0,19,162,35,17,0,214,0,0,0,214
06/01/2021,SDF,KY,ASO,CE,Combined TRACON& Tower with Radar,326,47,18,0,391,0,4,6,0,10,326,51,24,0,401,0,0,0,401
06/02/2021,SDF,KY,ASO,CE,Combined TRACON& Tower with Radar,531,45,17,6,599,0,0,2,0,2,531,45,19,6,601,0,0,0,601
06/03/2021,SDF,KY,ASO,CE,Combined TRACON& Tower with Radar,536,46,23,1,606,0,6,0,1,7,536,52,23,2,613,0,0,0,613
06/04/2021,SDF,KY,ASO,CE,Combined TRACON& Tower with Radar,476,60,15,7,558,0,5,4,0,9,476,65,19,7,567,0,0,0,567
06/05/2021,SDF,KY,ASO,CE,Combined TRACON& Tower with Radar,270,57,24,0,351,0,4,8,1,13,270,61,32,1,364,0,0,0,364
06/06/2021,SDF,KY,ASO,CE,Combined TRACON& Tower with Radar,222,33,25,7,287,0,4,2,1,7,222,37,27,8,294,0,0,0,294
06/07/2021,SDF,KY,ASO,CE,Combined TRACON& Tower with Radar,258,37,15,0,310,0,1,9,0,10,258,38,24,0,320,0,0,0,320
06/08/2021,SDF,KY,ASO,CE,Combined TRACON& Tower with Radar,533,57,27,2,619,0,3,2,0,5,533,60,29,2,624,6,0,6,630
06/09/2021,SDF,KY,ASO,CE,Combined TRACON& Tower with Radar,520,46,24,4,594,0,0,6,0,6,520,46,30,4,600,0,0,0,600
06/10/2021,SDF,KY,ASO,CE,Combined TRACON& Tower with Radar,536,41,27,2,606,0,1,3,0,4,536,42,30,2,610,0,0,0,610
06/11/2021,SDF,KY,ASO,CE,Combined TRACON& Tower with Radar,462,49,17,9,537,0,2,3,6,11,462,51,20,15,548,0,0,0,548
06/12/2021,SDF,KY,ASO,CE,Combined TRACON& Tower with Radar,285,55,20,6,366,0,2,13,0,15,285,57,33,6,381,0,0,0,381
06/13/2021,SDF,KY,ASO,CE,Combined TRACON& Tower with Radar,225,38,26,2,291,0,5,1,6,12,225,43,27,8,303,0,0,0,303
06/14/2021,SDF,KY,ASO,CE,Combined TRACON& Tower with Radar,252,34,17,0,303,0,10,0,4,14,252,44,17,4,317,0,0,0,317
06/15/2021,SDF,KY,ASO,CE,Combined TRACON& Tower with Radar,543,60,16,1,620,0,0,6,0,6,543,60,22,1,626,0,0,0,626
06/16/2021,SDF,KY,ASO,CE,Combined TRACON& Tower with Radar,526,54,20,3,603,0,6,6,0,12,526,60,26,3,615,2,0,2,617
06/17/2021,SDF,KY,ASO,CE,Combined TRACON& Tower with Radar,530,59,34,0,623,0,4,9,4,17,530,63,43,4,640,24,0,24,664
06/18/2021,SDF,KY,ASO,CE,Combined TRACON& Tower with Radar,462,53,33,6,554,0,8,1,0,9,462,61,34,6,563,0,0,0,563
06/19/2021,SDF,KY,ASO,CE,Combined TRACON& Tower with Radar,280,36,16,0,332,0,5,7,0,12,280,41,23,0,344,0,0,0,344
06/20/2021,SDF,KY,ASO,CE,Combined TRACON& Tower with Radar,231,28,10,1,270,0,3,5,0,8,231,31,15,1,278,6,0,6,284
06/21/2021,SDF,KY,ASO,CE,Combined TRACON& Tower with Radar,256,36,29,4,325,0,0,3,0,3,256,36,32,4,328,0,0,0,328
06/22/2021,SDF,KY,ASO,CE,Combined TRACON& Tower with Radar,546,54,38,0,638,0,3,13,5,21,546,57,51,5,659,0,0,0,659
06/23/2021,SDF,KY,ASO,CE,Combined TRACON& Tower with Radar,543,43,33,3,622,0,5,5,1,11,543,48,38,4,633,0,0,0,633
06/24/2021,SDF,KY,ASO,CE,Combined TRACON& Tower with Radar,526,47,37,15,625,0,3,8,10,21,526,50,45,25,646,0,0,0,646
06/25/2021,SDF,KY,ASO,CE,Combined TRACON& Tower with Radar,470,65,21,6,562,0,5,6,0,11,470,70,27,6,573,0,0,0,573
06/26/2021,SDF,KY,ASO,CE,Combined TRACON& Tower with Radar,283,42,24,0,349,0,4,5,0,9,283,46,29,0,358,7,0,7,365
06/27/2021,SDF,KY,ASO,CE,Combined TRACON& Tower with Radar,230,28,14,3,275,0,9,11,0,20,230,37,25,3,295,4,0,4,299
06/28/2021,SDF,KY,ASO,CE,Combined TRACON& Tower with Radar,260,37,24,2,323,0,2,11,0,13,260,39,35,2,336,0,0,0,336
06/29/2021,SDF,KY,ASO,CE,Combined TRACON& Tower with Radar,541,48,19,2,610,0,5,1,2,8,541,53,20,4,618,0,0,0,618
06/30/2021,SDF,KY,ASO,CE,Combined TRACON& Tower with Radar,526,49,25,2,602,0,5,2,0,7,526,54,27,2,609,0,0,0,609
07/01/2021,SDF,KY,ASO,CE,Combined TRACON& Tower with Radar,544,55,17,2,618,0,0,7,0,7,544,55,24,2,625,12,0,12,637
07/02/2021,SDF,KY,ASO,CE,Combined TRACON& Tower with Radar,456,58,18,0,532,0,2,3,0,5,456,60,21,0,537,0,0,0,537
07/03/2021,SDF,KY,ASO,CE,Combined TRACON& Tower with Radar,294,45,11,0,350,0,3,14,0,17,294,48,25,0,367,0,0,0,367
07/04/2021,SDF,KY,ASO,CE,Combined TRACON& Tower with Radar,214,21,5,0,240,0,4,4,0,8,214,25,9,0,248,0,0,0,248
07/05/2021,SDF,KY,ASO,CE,Combined TRACON& Tower with Radar,179,30,17,0,226,0,2,5,0,7,179,32,22,0,233,0,0,0,233
07/06/2021,SDF,KY,ASO,CE,Combined TRACON& Tower with Radar,338,34,26,2,400,0,1,3,0,4,338,35,29,2,404,0,0,0,404
07/07/2021,SDF,KY,ASO,CE,Combined TRACON& Tower with Radar,534,52,22,5,613,0,3,5,2,10,534,55,27,7,623,0,0,0,623
07/08/2021,SDF,KY,ASO,CE,Combined TRACON& Tower with Radar,551,63,27,6,647,0,2,5,0,7,551,65,32,6,654,0,0,0,654
07/09/2021,SDF,KY,ASO,CE,Combined TRACON& Tower with Radar,462,63,20,12,557,0,5,8,0,13,462,68,28,12,570,0,0,0,570
07/10/2021,SDF,KY,ASO,CE,Combined TRACON& Tower with Radar,286,57,21,2,366,0,0,1,0,1,286,57,22,2,367,0,0,0,367
07/11/2021,SDF,KY,ASO,CE,Combined TRACON& Tower with Radar,235,31,17,1,284,0,1,3,0,4,235,32,20,1,288,0,0,0,288
07/12/2021,SDF,KY,ASO,CE,Combined TRACON& Tower with Radar,259,35,22,3,319,0,2,2,0,4,259,37,24,3,323,0,0,0,323
07/13/2021,SDF,KY,ASO,CE,Combined TRACON& Tower with Radar,546,56,29,8,639,0,2,0,10,12,546,58,29,18,651,0,0,0,651
07/14/2021,SDF,KY,ASO,CE,Combined TRACON& Tower with Radar,524,57,27,4,612,0,5,7,3,15,524,62,34,7,627,0,0,0,627
07/15/2021,SDF,KY,ASO,CE,Combined TRACON& Tower with Radar,521,60,26,5,612,0,2,6,3,11,521,62,32,8,623,0,0,0,623
07/16/2021,SDF,KY,ASO,CE,Combined TRACON& Tower with Radar,446,56,20,2,524,0,2,5,1,8,446,58,25,3,532,0,0,0,532
07/17/2021,SDF,KY,ASO,CE,Combined TRACON& Tower with Radar,301,53,16,1,371,0,8,3,0,11,301,61,19,1,382,0,0,0,382
07/18/2021,SDF,KY,ASO,CE,Combined TRACON& Tower with Radar,244,34,24,0,302,0,7,6,0,13,244,41,30,0,315,0,0,0,315
07/19/2021,SDF,KY,ASO,CE,Combined TRACON& Tower with Radar,265,44,19,6,334,0,5,12,2,19,265,49,31,8,353,0,0,0,353
07/20/2021,SDF,KY,ASO,CE,Combined TRACON& Tower with Radar,542,60,20,12,634,0,7,12,3,22,542,67,32,15,656,14,0,14,670
07/21/2021,SDF,KY,ASO,CE,Combined TRACON& Tower with Radar,529,63,17,8,617,0,3,6,2,11,529,66,23,10,628,0,0,0,628
07/22/2021,SDF,KY,ASO,CE,Combined TRACON& Tower with Radar,540,63,27,9,639,0,4,3,2,9,540,67,30,11,648,0,0,0,648
07/23/2021,SDF,KY,ASO,CE,Combined TRACON& Tower with Radar,455,53,16,10,534,0,6,3,3,12,455,59,19,13,546,0,0,0,546
07/24/2021,SDF,KY,ASO,CE,Combined TRACON& Tower with Radar,286,55,13,4,358,0,4,8,1,13,286,59,21,5,371,12,0,12,383
07/25/2021,SDF,KY,ASO,CE,Combined TRACON& Tower with Radar,247,35,19,6,307,0,1,5,2,8,247,36,24,8,315,0,0,0,315
07/26/2021,SDF,KY,ASO,CE,Combined TRACON& Tower with Radar,256,37,24,1,318,0,6,7,0,13,256,43,31,1,331,0,0,0,331
07/27/2021,SDF,KY,ASO,CE,Combined TRACON& Tower with Radar,532,43,19,9,603,0,4,2,3,9,532,47,21,12,612,0,0,0,612
07/28/2021,SDF,KY,ASO,CE,Combined TRACON& Tower with Radar,525,55,20,5,605,0,2,7,10,19,525,57,27,15,624,0,0,0,624
07/29/2021,SDF,KY,ASO,CE,Combined TRACON& Tower with Radar,528,61,27,3,619,0,2,6,1,9,528,63,33,4,628,0,0,0,628
07/30/2021,SDF,KY,ASO,CE,Combined TRACON& Tower with Radar,471,56,49,8,584,0,5,11,2,18,471,61,60,10,602,10,0,10,612
07/31/2021,SDF,KY,ASO,CE,Combined TRACON& Tower with Radar,283,47,8,2,340,0,2,3,0,5,283,49,11,2,345,0,0,0,345
08/01/2021,SDF,KY,ASO,CE,Combined TRACON& Tower with Radar,236,37,21,6,300,0,1,5,0,6,236,38,26,6,306,0,0,0,306
08/02/2021,SDF,KY,ASO,CE,Combined TRACON& Tower with Radar,248,40,20,2,310,0,5,13,0,18,248,45,33,2,328,3,0,3,331
08/03/2021,SDF,KY,ASO,CE,Combined TRACON& Tower with Radar,525,54,20,7,606,0,4,8,4,16,525,58,28,11,622,0,0,0,622
08/04/2021,SDF,KY,ASO,CE,Combined TRACON& Tower with Radar,520,55,17,25,617,0,5,18,7,30,520,60,35,32,647,0,0,0,647
08/05/2021,SDF,KY,ASO,CE,Combined TRACON& Tower with Radar,510,63,31,4,608,0,6,8,2,16,510,69,39,6,624,4,0,4,628
08/06/2021,SDF,KY,ASO,CE,Combined TRACON& Tower with Radar,455,43,16,11,525,0,2,7,0,9,455,45,23,11,534,0,0,0,534
08/07/2021,SDF,KY,ASO,CE,Combined TRACON& Tower with Radar,276,41,20,7,344,0,12,8,0,20,276,53,28,7,364,0,0,0,364
08/08/2021,SDF,KY,ASO,CE,Combined TRACON& Tower with Radar,226,36,31,13,306,0,6,3,3,12,226,42,34,16,318,10,0,10,328
08/09/2021,SDF,KY,ASO,CE,Combined TRACON& Tower with Radar,267,33,15,2,317,0,2,3,0,5,267,35,18,2,322,0,0,0,322
08/10/2021,SDF,KY,ASO,CE,Combined TRACON& Tower with Radar,530,47,12,1,590,0,2,4,5,11,530,49,16,6,601,0,0,0,601
08/11/2021,SDF,KY,ASO,CE,Combined TRACON& Tower with Radar,529,47,20,11,607,0,2,4,1,7,529,49,24,12,614,0,0,0,614
08/12/2021,SDF,KY,ASO,CE,Combined TRACON& Tower with Radar,534,51,21,2,608,0,4,5,2,11,534,55,26,4,619,0,0,0,619
08/13/2021,SDF,KY,ASO,CE,Combined TRACON& Tower with Radar,460,53,17,23,553,0,0,4,2,6,460,53,21,25,559,0,0,0,559
08/14/2021,SDF,KY,ASO,CE,Combined TRACON& Tower with Radar,280,40,5,2,327,0,4,2,0,6,280,44,7,2,333,0,0,0,333
08/15/2021,SDF,KY,ASO,CE,Combined TRACON& Tower with Radar,238,33,14,11,296,0,2,0,0,2,238,35,14,11,298,0,0,0,298
08/16/2021,SDF,KY,ASO,CE,Combined TRACON& Tower with Radar,269,36,14,2,321,0,4,0,0,4,269,40,14,2,325,0,0,0,325
08/17/2021,SDF,KY,ASO,CE,Combined TRACON& Tower with Radar,528,53,12,6,599,0,0,3,8,11,528,53,15,14,610,0,14,14,624
08/18/2021,SDF,KY,ASO,CE,Combined TRACON& Tower with Radar,520,49,20,3,592,0,0,3,3,6,520,49,23,6,598,0,0,0,598
08/19/2021,SDF,KY,ASO,CE,Combined TRACON& Tower with Radar,530,59,21,0,610,0,3,2,3,8,530,62,23,3,618,0,0,0,618
08/20/2021,SDF,KY,ASO,CE,Combined TRACON& Tower with Radar,458,54,16,22,550,0,3,13,4,20,458,57,29,26,570,0,0,0,570
08/21/2021,SDF,KY,ASO,CE,Combined TRACON& Tower with Radar,290,62,20,12,384,0,4,15,0,19,290,66,35,12,403,0,0,0,403
08/22/2021,SDF,KY,ASO,CE,Combined TRACON& Tower with Radar,243,28,18,9,298,0,0,2,0,2,243,28,20,9,300,0,0,0,300
08/23/2021,SDF,KY,ASO,CE,Combined TRACON& Tower with Radar,264,42,16,3,325,0,2,10,2,14,264,44,26,5,339,0,0,0,339
08/24/2021,SDF,KY,ASO,CE,Combined TRACON& Tower with Radar,532,48,34,1,615,0,7,5,1,13,532,55,39,2,628,0,0,0,628
08/25/2021,SDF,KY,ASO,CE,Combined TRACON& Tower with Radar,534,63,19,0,616,0,2,6,4,12,534,65,25,4,628,0,0,0,628
08/26/2021,SDF,KY,ASO,CE,Combined TRACON& Tower with Radar,531,65,39,3,638,0,6,4,3,13,531,71,43,6,651,0,0,0,651
08/27/2021,SDF,KY,ASO,CE,Combined TRACON& Tower with Radar,452,52,24,3,531,0,6,2,0,8,452,58,26,3,539,0,0,0,539
08/28/2021,SDF,KY,ASO,CE,Combined TRACON& Tower with Radar,286,48,19,8,361,0,1,5,0,6,286,49,24,8,367,0,0,0,367
08/29/2021,SDF,KY,ASO,CE,Combined TRACON& Tower with Radar,234,46,32,2,314,0,10,6,0,16,234,56,38,2,330,12,0,12,342
08/30/2021,SDF,KY,ASO,CE,Combined TRACON& Tower with Radar,255,28,15,0,298,0,0,4,0,4,255,28,19,0,302,0,0,0,302
08/31/2021,SDF,KY,ASO,CE,Combined TRACON& Tower with Radar,535,53,22,3,613,0,0,0,0,0,535,53,22,3,613,0,0,0,613
09/01/2021,SDF,KY,ASO,CE,Combined TRACON& Tower with Radar,509,50,27,2,588,0,4,9,1,14,509,54,36,3,602,0,0,0,602
09/02/2021,SDF,KY,ASO,CE,Combined TRACON& Tower with Radar,529,50,20,8,607,0,3,2,3,8,529,53,22,11,615,0,0,0,615
09/03/2021,SDF,KY,ASO,CE,Combined TRACON& Tower with Radar,459,65,19,2,545,0,8,6,0,14,459,73,25,2,559,0,0,0,559
09/04/2021,SDF,KY,ASO,CE,Combined TRACON& Tower with Radar,293,45,5,0,343,0,6,7,0,13,293,51,12,0,356,0,0,0,356
09/05/2021,SDF,KY,ASO,CE,Combined TRACON& Tower with Radar,206,23,11,2,242,0,4,2,0,6,206,27,13,2,248,0,0,0,248
09/06/2021,SDF,KY,ASO,CE,Combined TRACON& Tower with Radar,177,27,16,0,220,0,2,10,0,12,177,29,26,0,232,0,0,0,232
09/07/2021,SDF,KY,ASO,CE,Combined TRACON& Tower with Radar,326,34,18,4,382,0,5,7,0,12,326,39,25,4,394,0,0,0,394
09/08/2021,SDF,KY,ASO,CE,Combined TRACON& Tower with Radar,555,57,27,10,649,0,4,2,0,6,555,61,29,10,655,0,0,0,655
09/09/2021,SDF,KY,ASO,CE,Combined TRACON& Tower with Radar,549,58,19,0,626,0,0,13,0,13,549,58,32,0,639,0,0,0,639
09/10/2021,SDF,KY,ASO,CE,Combined TRACON& Tower with Radar,472,67,16,14,569,0,11,4,14,29,472,78,20,28,598,0,0,0,598
09/11/2021,SDF,KY,ASO,CE,Combined TRACON& Tower with Radar,281,57,9,4,351,0,0,6,4,10,281,57,15,8,361,0,0,0,361
09/12/2021,SDF,KY,ASO,CE,Combined TRACON& Tower with Radar,235,31,11,2,279,0,6,5,1,12,235,37,16,3,291,0,0,0,291
09/13/2021,SDF,KY,ASO,CE,Combined TRACON& Tower with Radar,258,40,13,5,316,0,0,2,1,3,258,40,15,6,319,0,0,0,319
09/14/2021,SDF,KY,ASO,CE,Combined TRACON& Tower with Radar,548,46,22,1,617,0,3,2,0,5,548,49,24,1,622,0,0,0,622
09/15/2021,SDF,KY,ASO,CE,Combined TRACON& Tower with Radar,522,57,22,3,604,0,2,6,0,8,522,59,28,3,612,0,0,0,612
09/16/2021,SDF,KY,ASO,CE,Combined TRACON& Tower with Radar,545,59,20,2,626,0,1,2,0,3,545,60,22,2,629,0,0,0,629
09/17/2021,SDF,KY,ASO,CE,Combined TRACON& Tower with Radar,477,59,18,3,557,1,4,7,1,13,478,63,25,4,570,0,0,0,570
09/18/2021,SDF,KY,ASO,CE,Combined TRACON& Tower with Radar,290,44,7,4,345,0,8,6,0,14,290,52,13,4,359,0,0,0,359
09/19/2021,SDF,KY,ASO,CE,Combined TRACON& Tower with Radar,238,28,18,2,286,0,5,4,0,9,238,33,22,2,295,0,0,0,295
09/20/2021,SDF,KY,ASO,CE,Combined TRACON& Tower with Radar,268,31,18,1,318,0,0,0,0,0,268,31,18,1,318,0,0,0,318
09/21/2021,SDF,KY,ASO,CE,Combined TRACON& Tower with Radar,530,50,24,0,604,0,6,0,0,6,530,56,24,0,610,0,0,0,610
09/22/2021,SDF,KY,ASO,CE,Combined TRACON& Tower with Radar,525,49,22,1,597,0,0,1,0,1,525,49,23,1,598,0,0,0,598
09/23/2021,SDF,KY,ASO,CE,Combined TRACON& Tower with Radar,551,72,30,6,659,0,2,16,2,20,551,74,46,8,679,0,0,0,679
09/24/2021,SDF,KY,ASO,CE,Combined TRACON& Tower with Radar,474,60,31,2,567,0,3,13,3,19,474,63,44,5,586,0,0,0,586
09/25/2021,SDF,KY,ASO,CE,Combined TRACON& Tower with Radar,292,50,10,4,356,0,6,17,0,23,292,56,27,4,379,0,0,0,379
09/26/2021,SDF,KY,ASO,CE,Combined TRACON& Tower with Radar,242,38,34,2,316,0,2,8,0,10,242,40,42,2,326,0,0,0,326
09/27/2021,SDF,KY,ASO,CE,Combined TRACON& Tower with Radar,262,48,29,0,339,0,7,3,2,12,262,55,32,2,351,0,0,0,351
09/28/2021,SDF,KY,ASO,CE,Combined TRACON& Tower with Radar,539,79,50,1,669,0,3,4,2,9,539,82,54,3,678,0,0,0,678
09/29/2021,SDF,KY,ASO,CE,Combined TRACON& Tower with Radar,526,85,45,4,660,0,3,6,1,10,526,88,51,5,670,0,0,0,670
09/30/2021,SDF,KY,ASO,CE,Combined TRACON& Tower with Radar,544,67,31,2,644,0,1,4,2,7,544,68,35,4,651,0,0,0,651
10/01/2021,SDF,KY,ASO,CE,Combined TRACON& Tower with Radar,466,65,33,0,564,0,9,7,0,16,466,74,40,0,580,0,0,0,580
10/02/2021,SDF,KY,ASO,CE,Combined TRACON& Tower with Radar,279,55,15,2,351,0,6,8,0,14,279,61,23,2,365,0,0,0,365
10/03/2021,SDF,KY,ASO,CE,Combined TRACON& Tower with Radar,244,49,26,0,319,0,0,1,0,1,244,49,27,0,320,0,0,0,320
10/04/2021,SDF,KY,ASO,CE,Combined TRACON& Tower with Radar,250,38,25,3,316,0,6,8,0,14,250,44,33,3,330,0,0,0,330
10/05/2021,SDF,KY,ASO,CE,Combined TRACON& Tower with Radar,551,56,29,3,639,0,5,2,0,7,551,61,31,3,646,0,0,0,646
10/06/2021,SDF,KY,ASO,CE,Combined TRACON& Tower with Radar,525,54,38,2,619,0,1,3,0,4,525,55,41,2,623,0,0,0,623
10/07/2021,SDF,KY,ASO,CE,Combined TRACON& Tower with Radar,550,69,16,0,635,0,1,2,0,3,550,70,18,0,638,0,0,0,638
10/08/2021,SDF,KY,ASO,CE,Combined TRACON& Tower with Radar,457,82,23,2,564,0,2,1,0,3,457,84,24,2,567,0,0,0,567
10/09/2021,SDF,KY,ASO,CE,Combined TRACON& Tower with Radar,288,47,20,0,355,0,6,13,0,19,288,53,33,0,374,0,0,0,374
10/10/2021,SDF,KY,ASO,CE,Combined TRACON& Tower with Radar,220,41,24,2,287,0,2,6,0,8,220,43,30,2,295,0,0,0,295
10/11/2021,SDF,KY,ASO,CE,Combined TRACON& Tower with Radar,258,42,29,0,329,0,2,0,0,2,258,44,29,0,331,0,0,0,331
10/12/2021,SDF,KY,ASO,CE,Combined TRACON& Tower with Radar,550,65,27,4,646,0,4,0,0,4,550,69,27,4,650,0,0,0,650
10/13/2021,SDF,KY,ASO,CE,Combined TRACON& Tower with Radar,540,72,39,0,651,0,7,2,0,9,540,79,41,0,660,0,0,0,660
10/14/2021,SDF,KY,ASO,CE,Combined TRACON& Tower with Radar,541,63,24,2,630,0,0,4,0,4,541,63,28,2,634,0,0,0,634
10/15/2021,SDF,KY,ASO,CE,Combined TRACON& Tower with Radar,467,52,16,3,538,0,2,0,0,2,467,54,16,3,540,0,0,0,540
10/16/2021,SDF,KY,ASO,CE,Combined TRACON& Tower with Radar,299,48,14,0,361,0,8,7,0,15,299,56,21,0,376,0,0,0,376
10/17/2021,SDF,KY,ASO,CE,Combined TRACON& Tower with Radar,235,44,8,3,290,0,0,4,0,4,235,44,12,3,294,0,0,0,294
10/18/2021,SDF,KY,ASO,CE,Combined TRACON& Tower with Radar,264,47,17,4,332,0,8,8,0,16,264,55,25,4,348,0,0,0,348
10/19/2021,SDF,KY,ASO,CE,Combined TRACON& Tower with Radar,554,61,33,0,648,0,0,4,2,6,554,61,37,2,654,0,0,0,654
10/20/2021,SDF,KY,ASO,CE,Combined TRACON& Tower with Radar,534,63,36,1,634,0,5,6,4,15,534,68,42,5,649,0,0,0,649
10/21/2021,SDF,KY,ASO,CE,Combined TRACON& Tower with Radar,554,62,49,9,674,0,5,2,1,8,554,67,51,10,682,0,0,0,682
10/22/2021,SDF,KY,ASO,CE,Combined TRACON& Tower with Radar,457,70,29,12,568,0,2,4,2,8,457,72,33,14,576,0,0,0,576
10/23/2021,SDF,KY,ASO,CE,Combined TRACON& Tower with Radar,291,49,9,6,355,0,1,6,0,7,291,50,15,6,362,0,0,0,362
10/24/2021,SDF,KY,ASO,CE,Combined TRACON& Tower with Radar,237,37,17,5,296,0,2,2,0,4,237,39,19,5,300,0,0,0,300
10/25/2021,SDF,KY,ASO,CE,Combined TRACON& Tower with Radar,261,32,16,2,311,0,4,0,0,4,261,36,16,2,315,0,0,0,315
10/26/2021,SDF,KY,ASO,CE,Combined TRACON& Tower with Radar,554,56,18,1,629,0,0,4,3,7,554,56,22,4,636,16,0,16,652
10/27/2021,SDF,KY,ASO,CE,Combined TRACON& Tower with Radar,543,69,27,3,642,0,6,11,4,21,543,75,38,7,663,6,0,6,669
10/28/2021,SDF,KY,ASO,CE,Combined TRACON& Tower with Radar,535,46,30,3,614,0,1,4,2,7,535,47,34,5,621,0,0,0,621
10/29/2021,SDF,KY,ASO,CE,Combined TRACON& Tower with Radar,486,51,35,3,575,0,2,0,0,2,486,53,35,3,577,0,0,0,577
10/30/2021,SDF,KY,ASO,CE,Combined TRACON& Tower with Radar,278,42,13,1,334,0,0,0,0,0,278,42,13,1,334,0,0,0,334
10/31/2021,SDF,KY,ASO,CE,Combined TRACON& Tower with Radar,225,29,17,0,271,0,2,5,0,7,225,31,22,0,278,0,0,0,278
11/01/2021,SDF,KY,ASO,CE,Combined TRACON& Tower with Radar,259,39,21,5,324,0,4,0,0,4,259,43,21,5,328,0,0,0,328
11/02/2021,SDF,KY,ASO,CE,Combined TRACON& Tower with Radar,538,39,23,2,602,0,0,1,0,1,538,39,24,2,603,0,0,0,603
11/03/2021,SDF,KY,ASO,CE,Combined TRACON& Tower with Radar,546,49,29,27,651,0,3,7,3,13,546,52,36,30,664,0,0,0,664
11/04/2021,SDF,KY,ASO,CE,Combined TRACON& Tower with Radar,554,48,32,6,640,0,1,15,3,19,554,49,47,9,659,18,0,18,677
11/05/2021,SDF,KY,ASO,CE,Combined TRACON& Tower with Radar,479,49,29,20,577,0,2,3,2,7,479,51,32,22,584,0,0,0,584
11/06/2021,SDF,KY,ASO,CE,Combined TRACON& Tower with Radar,285,44,21,11,361,0,3,3,0,6,285,47,24,11,367,0,0,0,367
11/07/2021,SDF,KY,ASO,CE,Combined TRACON& Tower with Radar,247,29,17,1,294,0,7,8,1,16,247,36,25,2,310,0,0,0,310
11/08/2021,SDF,KY,ASO,CE,Combined TRACON& Tower with Radar,275,26,35,2,338,0,2,19,0,21,275,28,54,2,359,36,0,36,395
11/09/2021,SDF,KY,ASO,CE,Combined TRACON& Tower with Radar,543,40,29,1,613,0,4,9,0,13,543,44,38,1,626,0,0,0,626
11/10/2021,SDF,KY,ASO,CE,Combined TRACON& Tower with Radar,542,51,34,2,629,0,10,5,2,17,542,61,39,4,646,0,0,0,646
11/11/2021,SDF,KY,ASO,CE,Combined TRACON& Tower with Radar,574,45,18,0,637,0,2,1,0,3,574,47,19,0,640,0,0,0,640
11/12/2021,SDF,KY,ASO,CE,Combined TRACON& Tower with Radar,479,43,21,0,543,0,4,2,0,6,479,47,23,0,549,4,0,4,553
11/13/2021,SDF,KY,ASO,CE,Combined TRACON& Tower with Radar,287,33,16,0,336,0,2,8,0,10,287,35,24,0,346,0,0,0,346
11/14/2021,SDF,KY,ASO,CE,Combined TRACON& Tower with Radar,255,21,18,0,294,0,4,0,0,4,255,25,18,0,298,0,0,0,298
11/15/2021,SDF,KY,ASO,CE,Combined TRACON& Tower with Radar,271,35,27,0,333,0,8,11,2,21,271,43,38,2,354,0,0,0,354
11/16/2021,SDF,KY,ASO,CE,Combined TRACON& Tower with Radar,556,46,17,5,624,0,8,4,0,12,556,54,21,5,636,0,0,0,636
11/17/2021,SDF,KY,ASO,CE,Combined TRACON& Tower with Radar,554,56,19,2,631,0,4,6,0,10,554,60,25,2,641,0,0,0,641
11/18/2021,SDF,KY,ASO,CE,Combined TRACON& Tower with Radar,584,44,29,9,666,0,3,7,2,12,584,47,36,11,678,0,0,0,678
11/19/2021,SDF,KY,ASO,CE,Combined TRACON& Tower with Radar,499,44,37,6,586,0,5,8,1,14,499,49,45,7,600,2,0,2,602
11/20/2021,SDF,KY,ASO,CE,Combined TRACON& Tower with Radar,299,31,13,4,347,0,3,2,2,7,299,34,15,6,354,0,0,0,354
11/21/2021,SDF,KY,ASO,CE,Combined TRACON& Tower with Radar,276,30,12,0,318,0,0,0,0,0,276,30,12,0,318,0,0,0,318
11/22/2021,SDF,KY,ASO,CE,Combined TRACON& Tower with Radar,322,22,14,2,360,0,3,2,0,5,322,25,16,2,365,0,0,0,365
11/23/2021,SDF,KY,ASO,CE,Combined TRACON& Tower with Radar,665,49,29,2,745,0,2,6,0,8,665,51,35,2,753,0,0,0,753
11/24/2021,SDF,KY,ASO,CE,Combined TRACON& Tower with Radar,633,37,19,0,689,0,2,3,0,5,633,39,22,0,694,0,0,0,694
11/25/2021,SDF,KY,ASO,CE,Combined TRACON& Tower with Radar,229,23,6,0,258,0,0,3,0,3,229,23,9,0,261,0,0,0,261
11/26/2021,SDF,KY,ASO,CE,Combined TRACON& Tower with Radar,351,23,17,0,391,0,2,3,0,5,351,25,20,0,396,0,0,0,396
11/27/2021,SDF,KY,ASO,CE,Combined TRACON& Tower with Radar,329,41,24,0,394,0,1,7,0,8,329,42,31,0,402,0,0,0,402
11/28/2021,SDF,KY,ASO,CE,Combined TRACON& Tower with Radar,304,30,14,0,348,0,4,3,0,7,304,34,17,0,355,0,0,0,355
11/29/2021,SDF,KY,ASO,CE,Combined TRACON& Tower with Radar,385,27,24,0,436,0,6,3,0,9,385,33,27,0,445,0,0,0,445
11/30/2021,SDF,KY,ASO,CE,Combined TRACON& Tower with Radar,636,68,19,0,723,0,5,6,0,11,636,73,25,0,734,0,0,0,734
12/01/2021,SDF,KY,ASO,CE,Combined TRACON& Tower with Radar,625,52,29,2,708,0,3,4,0,7,625,55,33,2,715,0,0,0,715
12/02/2021,SDF,KY,ASO,CE,Combined TRACON& Tower with Radar,659,65,21,0,745,0,8,6,0,14,659,73,27,0,759,12,0,12,771
12/03/2021,SDF,KY,ASO,CE,Combined TRACON& Tower with Radar,551,56,11,2,620,0,4,6,0,10,551,60,17,2,630,0,0,0,630
12/04/2021,SDF,KY,ASO,CE,Combined TRACON& Tower with Radar,308,36,5,5,354,0,2,8,1,11,308,38,13,6,365,0,0,0,365
12/05/2021,SDF,KY,ASO,CE,Combined TRACON& Tower with Radar,289,31,14,4,338,0,0,0,0,0,289,31,14,4,338,0,0,0,338
12/06/2021,SDF,KY,ASO,CE,Combined TRACON& Tower with Radar,356,28,27,0,411,0,1,1,0,2,356,29,28,0,413,0,0,0,413
12/07/2021,SDF,KY,ASO,CE,Combined TRACON& Tower with Radar,628,59,27,0,714,0,1,2,0,3,628,60,29,0,717,0,0,0,717
12/08/2021,SDF,KY,ASO,CE,Combined TRACON& Tower with Radar,624,48,26,2,700,0,1,5,1,7,624,49,31,3,707,0,0,0,707
12/09/2021,SDF,KY,ASO,CE,Combined TRACON& Tower with Radar,635,52,27,1,715,0,3,7,0,10,635,55,34,1,725,0,0,0,725
12/10/2021,SDF,KY,ASO,CE,Combined TRACON& Tower with Radar,544,42,29,3,618,0,0,0,0,0,544,42,29,3,618,0,0,0,618
12/11/2021,SDF,KY,ASO,CE,Combined TRACON& Tower with Radar,307,42,7,0,356,0,5,1,0,6,307,47,8,0,362,0,0,0,362
12/12/2021,SDF,KY,ASO,CE,Combined TRACON& Tower with Radar,292,25,13,1,331,0,2,5,0,7,292,27,18,1,338,0,0,0,338
12/13/2021,SDF,KY,ASO,CE,Combined TRACON& Tower with Radar,372,33,18,4,427,0,2,5,0,7,372,35,23,4,434,0,0,0,434
12/14/2021,SDF,KY,ASO,CE,Combined TRACON& Tower with Radar,666,49,27,4,746,0,2,12,3,17,666,51,39,7,763,0,0,0,763
12/15/2021,SDF,KY,ASO,CE,Combined TRACON& Tower with Radar,670,52,43,5,770,0,5,3,3,11,670,57,46,8,781,0,0,0,781
12/16/2021,SDF,KY,ASO,CE,Combined TRACON& Tower with Radar,705,35,22,2,764,0,2,6,0,8,705,37,28,2,772,0,0,0,772
12/17/2021,SDF,KY,ASO,CE,Combined TRACON& Tower with Radar,675,43,31,3,752,0,3,4,0,7,675,46,35,3,759,0,0,0,759
12/18/2021,SDF,KY,ASO,CE,Combined TRACON& Tower with Radar,611,38,8,2,659,0,0,0,0,0,611,38,8,2,659,0,0,0,659
12/19/2021,SDF,KY,ASO,CE,Combined TRACON& Tower with Radar,574,30,14,1,619,0,1,7,0,8,574,31,21,1,627,0,0,0,627
12/20/2021,SDF,KY,ASO,CE,Combined TRACON& Tower with Radar,414,30,16,2,462,0,12,8,0,20,414,42,24,2,482,0,0,0,482
12/21/2021,SDF,KY,ASO,CE,Combined TRACON& Tower with Radar,688,46,11,2,747,0,4,3,6,13,688,50,14,8,760,0,0,0,760
12/22/2021,SDF,KY,ASO,CE,Combined TRACON& Tower with Radar,689,37,19,0,745,0,2,5,0,7,689,39,24,0,752,0,0,0,752
12/23/2021,SDF,KY,ASO,CE,Combined TRACON& Tower with Radar,685,46,13,0,744,0,3,11,0,14,685,49,24,0,758,0,0,0,758
12/24/2021,SDF,KY,ASO,CE,Combined TRACON& Tower with Radar,529,35,7,0,571,0,5,7,0,12,529,40,14,0,583,10,0,10,593
12/25/2021,SDF,KY,ASO,CE,Combined TRACON& Tower with Radar,167,8,6,0,181,0,5,1,0,6,167,13,7,0,187,0,0,0,187
12/26/2021,SDF,KY,ASO,CE,Combined TRACON& Tower with Radar,188,25,27,0,240,0,7,3,0,10,188,32,30,0,250,0,0,0,250
12/27/2021,SDF,KY,ASO,CE,Combined TRACON& Tower with Radar,269,26,11,0,306,0,6,3,0,9,269,32,14,0,315,0,0,0,315
12/28/2021,SDF,KY,ASO,CE,Combined TRACON& Tower with Radar,563,45,19,0,627,0,0,0,0,0,563,45,19,0,627,0,0,0,627
12/29/2021,SDF,KY,ASO,CE,Combined TRACON& Tower with Radar,542,34,6,0,582,0,2,4,0,6,542,36,10,0,588,0,0,0,588
12/30/2021,SDF,KY,ASO,CE,Combined TRACON& Tower with Radar,543,36,6,0,585,0,0,0,0,0,543,36,6,0,585,0,0,0,585
12/31/2021,SDF,KY,ASO,CE,Combined TRACON& Tower with Radar,430,37,10,0,477,0,4,2,0,6,430,41,12,0,483,0,0,0,483
01/01/2022,SDF,KY,ASO,CE,Combined TRACON& Tower with Radar,158,15,12,0,185,0,0,0,0,0,158,15,12,0,185,0,0,0,185
01/02/2022,SDF,KY,ASO,CE,Combined TRACON& Tower with Radar,203,19,19,0,241,0,0,0,0,0,203,19,19,0,241,0,0,0,241
01/03/2022,SDF,KY,ASO,CE,Combined TRACON& Tower with Radar,239,14,17,0,270,0,1,2,0,3,239,15,19,0,273,0,0,0,273
01/04/2022,SDF,KY,ASO,CE,Combined TRACON& Tower with Radar,517,41,15,0,573,0,8,1,0,9,517,49,16,0,582,0,0,0,582
01/05/2022,SDF,KY,ASO,CE,Combined TRACON& Tower with Radar,502,49,16,1,568,0,3,2,5,10,502,52,18,6,578,0,0,0,578
01/06/2022,SDF,KY,ASO,CE,Combined TRACON& Tower with Radar,490,52,7,9,558,0,3,0,0,3,490,55,7,9,561,0,0,0,561
01/07/2022,SDF,KY,ASO,CE,Combined TRACON& Tower with Radar,441,44,8,4,497,0,1,7,0,8,441,45,15,4,505,0,0,0,505
01/08/2022,SDF,KY,ASO,CE,Combined TRACON& Tower with Radar,263,33,7,2,305,0,0,0,0,0,263,33,7,2,305,0,0,0,305
01/09/2022,SDF,KY,ASO,CE,Combined TRACON& Tower with Radar,240,26,12,0,278,0,0,0,0,0,240,26,12,0,278,0,0,0,278
01/10/2022,SDF,KY,ASO,CE,Combined TRACON& Tower with Radar,228,22,32,17,299,0,2,12,3,17,228,24,44,20,316,0,0,0,316
01/11/2022,SDF,KY,ASO,CE,Combined TRACON& Tower with Radar,512,49,48,0,609,0,4,3,0,7,512,53,51,0,616,0,0,0,616
01/12/2022,SDF,KY,ASO,CE,Combined TRACON& Tower with Radar,526,38,15,2,581,0,4,16,1,21,526,42,31,3,602,12,0,12,614
01/13/2022,SDF,KY,ASO,CE,Combined TRACON& Tower with Radar,535,47,29,3,614,0,3,12,1,16,535,50,41,4,630,0,0,0,630
01/14/2022,SDF,KY,ASO,CE,Combined TRACON& Tower with Radar,466,38,14,4,522,0,0,1,0,1,466,38,15,4,523,0,0,0,523
01/15/2022,SDF,KY,ASO,CE,Combined TRACON& Tower with Radar,256,32,17,0,305,0,8,0,0,8,256,40,17,0,313,0,0,0,313
01/16/2022,SDF,KY,ASO,CE,Combined TRACON& Tower with Radar,201,18,13,1,233,0,2,6,0,8,201,20,19,1,241,0,0,0,241
01/17/2022,SDF,KY,ASO,CE,Combined TRACON& Tower with Radar,239,20,20,2,281,0,0,3,0,3,239,20,23,2,284,0,0,0,284
01/18/2022,SDF,KY,ASO,CE,Combined TRACON& Tower with Radar,523,45,17,5,590,0,4,7,1,12,523,49,24,6,602,0,0,0,602
01/19/2022,SDF,KY,ASO,CE,Combined TRACON& Tower with Radar,522,42,13,4,581,0,0,7,0,7,522,42,20,4,588,6,0,6,594
01/20/2022,SDF,KY,ASO,CE,Combined TRACON& Tower with Radar,541,38,13,5,597,0,4,10,0,14,541,42,23,5,611,12,0,12,623
01/21/2022,SDF,KY,ASO,CE,Combined TRACON& Tower with Radar,471,45,22,2,540,0,4,4,2,10,471,49,26,4,550,4,0,4,554
01/22/2022,SDF,KY,ASO,CE,Combined TRACON& Tower with Radar,260,37,5,0,302,0,4,3,1,8,260,41,8,1,310,0,0,0,310
01/23/2022,SDF,KY,ASO,CE,Combined TRACON& Tower with Radar,230,26,12,2,270,0,1,2,0,3,230,27,14,2,273,0,0,0,273
01/24/2022,SDF,KY,ASO,CE,Combined TRACON& Tower with Radar,229,23,14,2,268,0,1,4,0,5,229,24,18,2,273,0,0,0,273
01/25/2022,SDF,KY,ASO,CE,Combined TRACON& Tower with Radar,526,40,12,18,596,0,0,7,0,7,526,40,19,18,603,10,0,10,613
01/26/2022,SDF,KY,ASO,CE,Combined TRACON& Tower with Radar,528,49,22,2,601,0,1,7,2,10,528,50,29,4,611,0,0,0,611
01/27/2022,SDF,KY,ASO,CE,Combined TRACON& Tower with Radar,546,46,23,3,618,0,0,4,2,6,546,46,27,5,624,0,0,0,624
01/28/2022,SDF,KY,ASO,CE,Combined TRACON& Tower with Radar,447,48,17,1,513,0,0,0,0,0,447,48,17,1,513,0,0,0,513
01/29/2022,SDF,KY,ASO,CE,Combined TRACON& Tower with Radar,243,41,17,1,302,0,2,7,0,9,243,43,24,1,311,0,0,0,311
01/30/2022,SDF,KY,ASO,CE,Combined TRACON& Tower with Radar,236,20,19,0,275,0,0,0,0,0,236,20,19,0,275,0,0,0,275
01/31/2022,SDF,KY,ASO,CE,Combined TRACON& Tower with Radar,256,28,16,0,300,0,4,10,0,14,256,32,26,0,314,0,0,0,314
02/01/2022,SDF,KY,ASO,CE,Combined TRACON& Tower with Radar,523,51,18,2,594,0,10,9,2,21,523,61,27,4,615,10,0,10,625
02/02/2022,SDF,KY,ASO,CE,Combined TRACON& Tower with Radar,514,36,25,0,575,0,0,0,0,0,514,36,25,0,575,0,0,0,575
02/03/2022,SDF,KY,ASO,CE,Combined TRACON& Tower with Radar,245,12,1,0,258,0,0,0,0,0,245,12,1,0,258,0,0,0,258
02/04/2022,SDF,KY,ASO,CE,Combined TRACON& Tower with Radar,248,18,15,0,281,0,0,1,0,1,248,18,16,0,282,0,0,0,282
02/05/2022,SDF,KY,ASO,CE,Combined TRACON& Tower with Radar,283,34,14,0,331,0,4,0,0,4,283,38,14,0,335,0,0,0,335
02/06/2022,SDF,KY,ASO,CE,Combined TRACON& Tower with Radar,237,28,17,2,284,0,9,6,0,15,237,37,23,2,299,0,0,0,299
02/07/2022,SDF,KY,ASO,CE,Combined TRACON& Tower with Radar,249,26,12,0,287,0,3,9,0,12,249,29,21,0,299,12,0,12,311
02/08/2022,SDF,KY,ASO,CE,Combined TRACON& Tower with Radar,536,35,21,8,600,0,8,2,2,12,536,43,23,10,612,0,0,0,612
02/09/2022,SDF,KY,ASO,CE,Combined TRACON& Tower with Radar,529,37,28,1,595,0,7,3,3,13,529,44,31,4,608,0,0,0,608
02/10/2022,SDF,KY,ASO,CE,Combined TRACON& Tower with Radar,556,50,30,3,639,0,7,11,1,19,556,57,41,4,658,0,0,0,658
02/11/2022,SDF,KY,ASO,CE,Combined TRACON& Tower with Radar,483,48,20,1,552,0,3,2,2,7,483,51,22,3,559,0,0,0,559
02/12/2022,SDF,KY,ASO,CE,Combined TRACON& Tower with Radar,282,52,11,2,347,0,2,0,2,4,282,54,11,4,351,0,0,0,351
02/13/2022,SDF,KY,ASO,CE,Combined TRACON& Tower with Radar,237,27,21,3,288,0,0,0,2,2,237,27,21,5,290,0,4,4,294
02/14/2022,SDF,KY,ASO,CE,Combined TRACON& Tower with Radar,259,27,17,0,303,0,0,5,0,5,259,27,22,0,308,0,0,0,308
02/15/2022,SDF,KY,ASO,CE,Combined TRACON& Tower with Radar,524,48,20,2,594,0,0,0,2,2,524,48,20,4,596,0,0,0,596
02/16/2022,SDF,KY,ASO,CE,Combined TRACON& Tower with Radar,528,46,54,2,630,0,0,2,0,2,528,46,56,2,632,0,0,0,632
02/17/2022,SDF,KY,ASO,CE,Combined TRACON& Tower with Radar,522,44,38,0,604,0,0,0,0,0,522,44,38,0,604,0,0,0,604
02/18/2022,SDF,KY,ASO,CE,Combined TRACON& Tower with Radar,481,42,45,1,569,0,5,4,0,9,481,47,49,1,578,0,0,0,578
02/19/2022,SDF,KY,ASO,CE,Combined TRACON& Tower with Radar,256,38,31,1,326,0,2,5,0,7,256,40,36,1,333,0,0,0,333
02/20/2022,SDF,KY,ASO,CE,Combined TRACON& Tower with Radar,219,23,17,0,259,0,2,6,0,8,219,25,23,0,267,0,0,0,267
02/21/2022,SDF,KY,ASO,CE,Combined TRACON& Tower with Radar,248,31,16,0,295,0,3,10,0,13,248,34,26,0,308,0,0,0,308
02/22/2022,SDF,KY,ASO,CE,Combined TRACON& Tower with Radar,525,39,10,3,577,0,0,0,0,0,525,39,10,3,577,0,0,0,577
02/23/2022,SDF,KY,ASO,CE,Combined TRACON& Tower with Radar,516,38,18,4,576,0,0,1,2,3,516,38,19,6,579,0,0,0,579
02/24/2022,SDF,KY,ASO,CE,Combined TRACON& Tower with Radar,539,44,18,4,605,0,0,0,0,0,539,44,18,4,605,0,0,0,605
02/25/2022,SDF,KY,ASO,CE,Combined TRACON& Tower with Radar,489,46,16,3,554,0,4,0,2,6,489,50,16,5,560,0,0,0,560
02/26/2022,SDF,KY,ASO,CE,Combined TRACON& Tower with Radar,258,40,12,0,310,0,2,10,0,12,258,42,22,0,322,0,0,0,322
02/27/2022,SDF,KY,ASO,CE,Combined TRACON& Tower with Radar,233,23,31,3,290,0,2,6,0,8,233,25,37,3,298,0,4,4,302
02/28/2022,SDF,KY,ASO,CE,Combined TRACON& Tower with Radar,258,34,16,1,309,0,2,1,1,4,258,36,17,2,313,0,0,0,313
03/01/2022,SDF,KY,ASO,CE,Combined TRACON& Tower with Radar,528,57,21,3,609,0,2,5,2,9,528,59,26,5,618,0,0,0,618
03/02/2022,SDF,KY,ASO,CE,Combined TRACON& Tower with Radar,528,47,20,2,597,0,6,11,2,19,528,53,31,4,616,0,0,0,616
03/03/2022,SDF,KY,ASO,CE,Combined TRACON& Tower with Radar,529,37,17,1,584,0,4,7,2,13,529,41,24,3,597,0,0,0,597
03/04/2022,SDF,KY,ASO,CE,Combined TRACON& Tower with Radar,473,48,13,14,548,0,0,6,1,7,473,48,19,15,555,10,0,10,565
03/05/2022,SDF,KY,ASO,CE,Combined TRACON& Tower with Radar,243,33,14,1,291,0,7,0,2,9,243,40,14,3,300,0,0,0,300
03/06/2022,SDF,KY,ASO,CE,Combined TRACON& Tower with Radar,219,34,13,4,270,0,0,0,0,0,219,34,13,4,270,0,0,0,270
03/07/2022,SDF,KY,ASO,CE,Combined TRACON& Tower with Radar,247,36,13,0,296,0,1,0,0,1,247,37,13,0,297,0,0,0,297
03/08/2022,SDF,KY,ASO,CE,Combined TRACON& Tower with Radar,530,48,27,9,614,0,4,5,1,10,530,52,32,10,624,0,0,0,624
03/09/2022,SDF,KY,ASO,CE,Combined TRACON& Tower with Radar,515,50,39,6,610,0,0,14,5,19,515,50,53,11,629,12,0,12,641
03/10/2022,SDF,KY,ASO,CE,Combined TRACON& Tower with Radar,527,50,19,3,599,0,8,6,3,17,527,58,25,6,616,2,0,2,618
03/11/2022,SDF,KY,ASO,CE,Combined TRACON& Tower with Radar,453,40,12,2,507,0,0,1,0,1,453,40,13,2,508,0,0,0,508
03/12/2022,SDF,KY,ASO,CE,Combined TRACON& Tower with Radar,255,45,13,14,327,0,0,3,0,3,255,45,16,14,330,0,0,0,330
03/13/2022,SDF,KY,ASO,CE,Combined TRACON& Tower with Radar,220,23,26,5,274,0,0,3,1,4,220,23,29,6,278,1,0,1,279
03/14/2022,SDF,KY,ASO,CE,Combined TRACON& Tower with Radar,253,33,26,1,313,0,2,7,1,10,253,35,33,2,323,0,0,0,323
03/15/2022,SDF,KY,ASO,CE,Combined TRACON& Tower with Radar,538,51,19,0,608,0,2,6,2,10,538,53,25,2,618,18,0,18,636
03/16/2022,SDF,KY,ASO,CE,Combined TRACON& Tower with Radar,541,50,30,1,622,0,3,6,5,14,541,53,36,6,636,0,0,0,636
03/17/2022,SDF,KY,ASO,CE,Combined TRACON& Tower with Radar,539,48,20,3,610,0,4,2,4,10,539,52,22,7,620,0,0,0,620
03/18/2022,SDF,KY,ASO,CE,Combined TRACON& Tower with Radar,435,47,14,5,501,0,0,2,0,2,435,47,16,5,503,0,0,0,503
03/19/2022,SDF,KY,ASO,CE,Combined TRACON& Tower with Radar,278,44,11,1,334,0,1,0,0,1,278,45,11,1,335,0,0,0,335
03/20/2022,SDF,KY,ASO,CE,Combined TRACON& Tower with Radar,226,26,26,4,282,0,2,10,0,12,226,28,36,4,294,0,0,0,294
03/21/2022,SDF,KY,ASO,CE,Combined TRACON& Tower with Radar,243,34,23,6,306,0,3,12,0,15,243,37,35,6,321,0,0,0,321
03/22/2022,SDF,KY,ASO,CE,Combined TRACON& Tower with Radar,528,52,23,0,603,0,2,1,2,5,528,54,24,2,608,16,0,16,624
03/23/2022,SDF,KY,ASO,CE,Combined TRACON& Tower with Radar,531,46,31,5,613,0,3,1,0,4,531,49,32,5,617,0,0,0,617
03/24/2022,SDF,KY,ASO,CE,Combined TRACON& Tower with Radar,539,63,35,2,639,0,2,4,3,9,539,65,39,5,648,18,0,18,666
03/25/2022,SDF,KY,ASO,CE,Combined TRACON& Tower with Radar,466,48,34,3,551,0,1,7,1,9,466,49,41,4,560,6,0,6,566
03/26/2022,SDF,KY,ASO,CE,Combined TRACON& Tower with Radar,270,46,32,2,350,0,0,0,1,1,270,46,32,3,351,0,0,0,351
03/27/2022,SDF,KY,ASO,CE,Combined TRACON& Tower with Radar,223,34,21,4,282,0,2,7,1,10,223,36,28,5,292,0,0,0,292
03/28/2022,SDF,KY,ASO,CE,Combined TRACON& Tower with Radar,266,29,17,6,318,0,1,4,0,5,266,30,21,6,323,4,0,4,327
03/29/2022,SDF,KY,ASO,CE,Combined TRACON& Tower with Radar,526,51,9,4,590,0,3,7,2,12,526,54,16,6,602,0,0,0,602
03/30/2022,SDF,KY,ASO,CE,Combined TRACON& Tower with Radar,488,50,19,5,562,0,0,3,0,3,488,50,22,5,565,0,0,0,565
03/31/2022,SDF,KY,ASO,CE,Combined TRACON& Tower with Radar,565,50,13,7,635,0,0,0,2,2,565,50,13,9,637,0,0,0,637
04/01/2022,SDF,KY,ASO,CE,Combined TRACON& Tower with Radar,468,70,26,5,569,0,2,9,1,12,468,72,35,6,581,0,0,0,581
04/02/2022,SDF,KY,ASO,CE,Combined TRACON& Tower with Radar,258,46,11,3,318,0,7,2,2,11,258,53,13,5,329,0,0,0,329
04/03/2022,SDF,KY,ASO,CE,Combined TRACON& Tower with Radar,212,27,23,2,264,0,5,19,0,24,212,32,42,2,288,0,0,0,288
04/04/2022,SDF,KY,ASO,CE,Combined TRACON& Tower with Radar,246,37,22,0,305,0,1,6,0,7,246,38,28,0,312,0,0,0,312
04/05/2022,SDF,KY,ASO,CE,Combined TRACON& Tower with Radar,521,49,14,2,586,0,0,0,2,2,521,49,14,4,588,0,16,16,604
04/06/2022,SDF,KY,ASO,CE,Combined TRACON& Tower with Radar,528,32,16,4,580,0,0,1,0,1,528,32,17,4,581,0,0,0,581
04/07/2022,SDF,KY,ASO,CE,Combined TRACON& Tower with Radar,523,46,25,3,597,0,2,6,2,10,523,48,31,5,607,0,0,0,607
04/08/2022,SDF,KY,ASO,CE,Combined TRACON& Tower with Radar,449,49,13,3,514,0,0,3,0,3,449,49,16,3,517,0,0,0,517
04/09/2022,SDF,KY,ASO,CE,Combined TRACON& Tower with Radar,271,52,21,0,344,0,0,2,0,2,271,52,23,0,346,0,0,0,346
04/10/2022,SDF,KY,ASO,CE,Combined TRACON& Tower with Radar,219,45,31,3,298,0,3,8,0,11,219,48,39,3,309,0,0,0,309
04/11/2022,SDF,KY,ASO,CE,Combined TRACON& Tower with Radar,251,41,19,5,316,3,2,0,0,5,254,43,19,5,321,0,0,0,321
04/12/2022,SDF,KY,ASO,CE,Combined TRACON& Tower with Radar,519,55,16,0,590,0,5,0,2,7,519,60,16,2,597,0,0,0,597
04/13/2022,SDF,KY,ASO,CE,Combined TRACON& Tower with Radar,502,41,18,2,563,0,0,2,0,2,502,41,20,2,565,0,0,0,565
04/14/2022,SDF,KY,ASO,CE,Combined TRACON& Tower with Radar,539,45,20,6,610,0,8,5,3,16,539,53,25,9,626,0,0,0,626
04/15/2022,SDF,KY,ASO,CE,Combined TRACON& Tower with Radar,435,49,11,8,503,0,0,4,3,7,435,49,15,11,510,0,0,0,510
04/16/2022,SDF,KY,ASO,CE,Combined TRACON& Tower with Radar,270,35,14,2,321,0,9,4,0,13,270,44,18,2,334,0,0,0,334
04/17/2022,SDF,KY,ASO,CE,Combined TRACON& Tower with Radar,206,21,8,0,235,0,9,2,0,11,206,30,10,0,246,0,0,0,246
04/18/2022,SDF,KY,ASO,CE,Combined TRACON& Tower with Radar,250,25,18,0,293,0,0,2,0,2,250,25,20,0,295,0,0,0,295
04/19/2022,SDF,KY,ASO,CE,Combined TRACON& Tower with Radar,524,49,31,1,605,0,2,10,4,16,524,51,41,5,621,0,0,0,621
04/20/2022,SDF,KY,ASO,CE,Combined TRACON& Tower with Radar,507,44,19,3,573,0,4,6,1,11,507,48,25,4,584,40,0,40,624
04/21/2022,SDF,KY,ASO,CE,Combined TRACON& Tower with Radar,525,63,40,7,635,0,2,5,2,9,525,65,45,9,644,0,0,0,644
04/22/2022,SDF,KY,ASO,CE,Combined TRACON& Tower with Radar,453,54,29,11,547,0,7,40,29,76,453,61,69,40,623,0,0,0,623
04/23/2022,SDF,KY,ASO,CE,Combined TRACON& Tower with Radar,251,44,12,1,308,1,9,15,39,64,252,53,27,40,372,0,0,0,372
04/24/2022,SDF,KY,ASO,CE,Combined TRACON& Tower with Radar,220,30,33,6,289,0,8,12,4,24,220,38,45,10,313,2,0,2,315
04/25/2022,SDF,KY,ASO,CE,Combined TRACON& Tower with Radar,261,33,27,12,333,0,5,1,1,7,261,38,28,13,340,1,0,1,341
04/26/2022,SDF,KY,ASO,CE,Combined TRACON& Tower with Radar,534,54,26,2,616,0,3,8,0,11,534,57,34,2,627,0,0,0,627
04/27/2022,SDF,KY,ASO,CE,Combined TRACON& Tower with Radar,527,45,38,6,616,0,12,17,2,31,527,57,55,8,647,14,0,14,661
04/28/2022,SDF,KY,ASO,CE,Combined TRACON& Tower with Radar,518,43,18,4,583,0,0,11,2,13,518,43,29,6,596,0,0,0,596
04/29/2022,SDF,KY,ASO,CE,Combined TRACON& Tower with Radar,456,50,25,0,531,0,2,12,0,14,456,52,37,0,545,0,0,0,545
04/30/2022,SDF,KY,ASO,CE,Combined TRACON& Tower with Radar,274,43,13,1,331,0,5,3,0,8,274,48,16,1,339,0,0,0,339
05/01/2022,SDF,KY,ASO,CE,Combined TRACON& Tower with Radar,208,29,20,10,267,0,0,10,0,10,208,29,30,10,277,0,0,0,277
05/02/2022,SDF,KY,ASO,CE,Combined TRACON& Tower with Radar,259,28,18,1,306,0,2,22,0,24,259,30,40,1,330,0,0,0,330
05/03/2022,SDF,KY,ASO,CE,Combined TRACON& Tower with Radar,540,53,28,8,629,0,3,4,0,7,540,56,32,8,636,30,12,42,678
05/04/2022,SDF,KY,ASO,CE,Combined TRACON& Tower with Radar,534,57,61,3,655,0,4,3,0,7,534,61,64,3,662,0,0,0,662
05/05/2022,SDF,KY,ASO,CE,Combined TRACON& Tower with Radar,608,248,218,2,1076,0,0,14,0,14,608,248,232,2,1090,0,0,0,1090
05/06/2022,SDF,KY,ASO,CE,Combined TRACON& Tower with Radar,504,122,107,1,734,0,2,13,0,15,504,124,120,1,749,0,0,0,749
05/07/2022,SDF,KY,ASO,CE,Combined TRACON& Tower with Radar,303,159,140,0,602,0,1,30,2,33,303,160,170,2,635,0,0,0,635
05/08/2022,SDF,KY,ASO,CE,Combined TRACON& Tower with Radar,315,249,222,2,788,0,6,3,0,9,315,255,225,2,797,0,0,0,797
05/09/2022,SDF,KY,ASO,CE,Combined TRACON& Tower with Radar,265,44,39,0,348,0,7,1,0,8,265,51,40,0,356,0,0,0,356
05/10/2022,SDF,KY,ASO,CE,Combined TRACON& Tower with Radar,530,59,10,1,600,0,2,5,2,9,530,61,15,3,609,0,0,0,609
05/11/2022,SDF,KY,ASO,CE,Combined TRACON& Tower with Radar,508,54,26,1,589,0,0,6,6,12,508,54,32,7,601,2,0,2,603
05/12/2022,SDF,KY,ASO,CE,Combined TRACON& Tower with Radar,528,46,22,2,598,0,3,10,2,15,528,49,32,4,613,2,0,2,615
05/13/2022,SDF,KY,ASO,CE,Combined TRACON& Tower with Radar,448,50,36,9,543,0,6,9,1,16,448,56,45,10,559,0,0,0,559
05/14/2022,SDF,KY,ASO,CE,Combined TRACON& Tower with Radar,268,38,11,2,319,0,2,1,0,3,268,40,12,2,322,0,0,0,322
05/15/2022,SDF,KY,ASO,CE,Combined TRACON& Tower with Radar,227,27,24,6,284,0,0,3,0,3,227,27,27,6,287,0,0,0,287
05/16/2022,SDF,KY,ASO,CE,Combined TRACON& Tower with Radar,253,20,22,1,296,0,0,6,0,6,253,20,28,1,302,0,0,0,302
05/17/2022,SDF,KY,ASO,CE,Combined TRACON& Tower with Radar,523,44,24,4,595,0,15,7,0,22,523,59,31,4,617,0,0,0,617
05/18/2022,SDF,KY,ASO,CE,Combined TRACON& Tower with Radar,516,42,17,1,576,1,2,3,10,16,517,44,20,11,592,0,0,0,592
05/19/2022,SDF,KY,ASO,CE,Combined TRACON& Tower with Radar,528,53,24,3,608,0,2,8,0,10,528,55,32,3,618,0,0,0,618
05/20/2022,SDF,KY,ASO,CE,Combined TRACON& Tower with Radar,448,45,27,3,523,0,8,3,7,18,448,53,30,10,541,0,0,0,541
05/21/2022,SDF,KY,ASO,CE,Combined TRACON& Tower with Radar,269,49,19,2,339,0,3,7,0,10,269,52,26,2,349,0,0,0,349
05/22/2022,SDF,KY,ASO,CE,Combined TRACON& Tower with Radar,215,26,19,6,266,0,4,4,3,11,215,30,23,9,277,0,0,0,277
05/23/2022,SDF,KY,ASO,CE,Combined TRACON& Tower with Radar,254,29,26,5,314,0,3,7,0,10,254,32,33,5,324,0,0,0,324
05/24/2022,SDF,KY,ASO,CE,Combined TRACON& Tower with Radar,522,49,18,7,596,0,7,3,6,16,522,56,21,13,612,0,0,0,612
05/25/2022,SDF,KY,ASO,CE,Combined TRACON& Tower with Radar,528,48,30,9,615,0,3,4,2,9,528,51,34,11,624,0,0,0,624
05/26/2022,SDF,KY,ASO,CE,Combined TRACON& Tower with Radar,521,37,26,8,592,0,0,0,13,13,521,37,26,21,605,0,4,4,609
05/27/2022,SDF,KY,ASO,CE,Combined TRACON& Tower with Radar,461,41,18,4,524,0,3,2,0,5,461,44,20,4,529,0,0,0,529
05/28/2022,SDF,KY,ASO,CE,Combined TRACON& Tower with Radar,283,35,13,0,331,0,4,0,0,4,283,39,13,0,335,0,0,0,335
05/29/2022,SDF,KY,ASO,CE,Combined TRACON& Tower with Radar,206,34,10,0,250,0,9,2,0,11,206,43,12,0,261,0,0,0,261
05/30/2022,SDF,KY,ASO,CE,Combined TRACON& Tower with Radar,182,21,9,3,215,0,1,0,2,3,182,22,9,5,218,0,0,0,218
05/31/2022,SDF,KY,ASO,CE,Combined TRACON& Tower with Radar,342,35,29,3,409,0,7,4,1,12,342,42,33,4,421,0,0,0,421
06/01/2022,SDF,KY,ASO,CE,Combined TRACON& Tower with Radar,523,55,28,3,609,0,0,4,1,5,523,55,32,4,614,0,0,0,614
06/02/2022,SDF,KY,ASO,CE,Combined TRACON& Tower with Radar,516,64,15,4,599,0,9,3,0,12,516,73,18,4,611,0,0,0,611
06/03/2022,SDF,KY,ASO,CE,Combined TRACON& Tower with Radar,493,48,36,1,578,0,2,5,0,7,493,50,41,1,585,0,0,0,585
06/04/2022,SDF,KY,ASO,CE,Combined TRACON& Tower with Radar,276,48,11,4,339,0,7,14,0,21,276,55,25,4,360,0,0,0,360
06/05/2022,SDF,KY,ASO,CE,Combined TRACON& Tower with Radar,238,23,22,15,298,0,2,6,2,10,238,25,28,17,308,0,0,0,308
06/06/2022,SDF,KY,ASO,CE,Combined TRACON& Tower with Radar,257,23,27,4,311,0,0,2,1,3,257,23,29,5,314,0,0,0,314
06/07/2022,SDF,KY,ASO,CE,Combined TRACON& Tower with Radar,548,38,30,3,619,0,3,4,2,9,548,41,34,5,628,0,0,0,628
06/08/2022,SDF,KY,ASO,CE,Combined TRACON& Tower with Radar,535,47,26,0,608,0,7,2,4,13,535,54,28,4,621,0,6,6,627
06/09/2022,SDF,KY,ASO,CE,Combined TRACON& Tower with Radar,544,56,25,3,628,0,4,4,6,14,544,60,29,9,642,0,0,0,642
06/10/2022,SDF,KY,ASO,CE,Combined TRACON& Tower with Radar,480,49,15,0,544,0,1,6,5,12,480,50,21,5,556,0,0,0,556
06/11/2022,SDF,KY,ASO,CE,Combined TRACON& Tower with Radar,291,33,13,4,341,0,3,10,3,16,291,36,23,7,357,0,0,0,357
06/12/2022,SDF,KY,ASO,CE,Combined TRACON& Tower with Radar,244,21,21,0,286,0,2,3,5,10,244,23,24,5,296,0,0,0,296
06/13/2022,SDF,KY,ASO,CE,Combined TRACON& Tower with Radar,268,32,23,4,327,0,5,3,0,8,268,37,26,4,335,0,0,0,335
06/14/2022,SDF,KY,ASO,CE,Combined TRACON& Tower with Radar,548,50,33,6,637,0,5,8,8,21,548,55,41,14,658,0,0,0,658
06/15/2022,SDF,KY,ASO,CE,Combined TRACON& Tower with Radar,535,52,37,4,628,0,5,8,6,19,535,57,45,10,647,0,0,0,647
06/16/2022,SDF,KY,ASO,CE,Combined TRACON& Tower with Radar,549,40,21,7,617,0,8,4,1,13,549,48,25,8,630,8,0,8,638
06/17/2022,SDF,KY,ASO,CE,Combined TRACON& Tower with Radar,481,43,21,6,551,0,6,5,0,11,481,49,26,6,562,0,0,0,562
06/18/2022,SDF,KY,ASO,CE,Combined TRACON& Tower with Radar,287,30,22,0,339,0,8,6,0,14,287,38,28,0,353,0,0,0,353
06/19/2022,SDF,KY,ASO,CE,Combined TRACON& Tower with Radar,237,22,17,0,276,0,6,3,0,9,237,28,20,0,285,0,0,0,285
06/20/2022,SDF,KY,ASO,CE,Combined TRACON& Tower with Radar,280,16,12,5,313,0,0,5,0,5,280,16,17,5,318,0,0,0,318
06/21/2022,SDF,KY,ASO,CE,Combined TRACON& Tower with Radar,527,45,34,3,609,0,3,2,0,5,527,48,36,3,614,0,0,0,614
06/22/2022,SDF,KY,ASO,CE,Combined TRACON& Tower with Radar,523,45,24,8,600,0,1,7,2,10,523,46,31,10,610,0,0,0,610
06/23/2022,SDF,KY,ASO,CE,Combined TRACON& Tower with Radar,550,45,35,0,630,0,4,2,4,10,550,49,37,4,640,0,0,0,640
06/24/2022,SDF,KY,ASO,CE,Combined TRACON& Tower with Radar,476,35,18,9,538,0,2,10,6,18,476,37,28,15,556,0,0,0,556
06/25/2022,SDF,KY,ASO,CE,Combined TRACON& Tower with Radar,291,34,15,4,344,0,2,10,0,12,291,36,25,4,356,0,0,0,356
06/26/2022,SDF,KY,ASO,CE,Combined TRACON& Tower with Radar,240,22,11,2,275,0,0,4,0,4,240,22,15,2,279,0,0,0,279
06/27/2022,SDF,KY,ASO,CE,Combined TRACON& Tower with Radar,260,25,24,4,313,0,0,2,0,2,260,25,26,4,315,0,0,0,315
06/28/2022,SDF,KY,ASO,CE,Combined TRACON& Tower with Radar,550,48,21,2,621,0,9,9,3,21,550,57,30,5,642,0,0,0,642
06/29/2022,SDF,KY,ASO,CE,Combined TRACON& Tower with Radar,537,50,25,9,621,0,6,11,3,20,537,56,36,12,641,2,0,2,643
06/30/2022,SDF,KY,ASO,CE,Combined TRACON& Tower with Radar,537,53,25,4,619,0,0,7,3,10,537,53,32,7,629,0,0,0,629
07/01/2022,SDF,KY,ASO,CE,Combined TRACON& Tower with Radar,468,36,22,0,526,0,2,10,0,12,468,38,32,0,538,0,0,0,538
07/02/2022,SDF,KY,ASO,CE,Combined TRACON& Tower with Radar,299,31,12,0,342,0,3,2,0,5,299,34,14,0,347,0,0,0,347
07/03/2022,SDF,KY,ASO,CE,Combined TRACON& Tower with Radar,205,16,7,0,228,0,4,4,0,8,205,20,11,0,236,0,0,0,236
07/04/2022,SDF,KY,ASO,CE,Combined TRACON& Tower with Radar,177,24,6,2,209,0,7,6,0,13,177,31,12,2,222,0,0,0,222
07/05/2022,SDF,KY,ASO,CE,Combined TRACON& Tower with Radar,338,31,23,1,393,0,8,2,1,11,338,39,25,2,404,0,0,0,404
07/06/2022,SDF,KY,ASO,CE,Combined TRACON& Tower with Radar,540,38,26,6,610,0,1,4,2,7,540,39,30,8,617,0,0,0,617
07/07/2022,SDF,KY,ASO,CE,Combined TRACON& Tower with Radar,534,48,30,0,612,0,4,6,1,11,534,52,36,1,623,0,0,0,623
07/08/2022,SDF,KY,ASO,CE,Combined TRACON& Tower with Radar,458,46,20,6,530,0,0,1,2,3,458,46,21,8,533,0,0,0,533
07/09/2022,SDF,KY,ASO,CE,Combined TRACON& Tower with Radar,282,46,23,0,351,0,1,1,0,2,282,47,24,0,353,0,0,0,353
07/10/2022,SDF,KY,ASO,CE,Combined TRACON& Tower with Radar,236,24,13,3,276,0,6,5,4,15,236,30,18,7,291,0,0,0,291
07/11/2022,SDF,KY,ASO,CE,Combined TRACON& Tower with Radar,269,29,13,0,311,0,7,5,1,13,269,36,18,1,324,0,0,0,324
07/12/2022,SDF,KY,ASO,CE,Combined TRACON& Tower with Radar,513,35,30,2,580,0,0,5,4,9,513,35,35,6,589,0,0,0,589
07/13/2022,SDF,KY,ASO,CE,Combined TRACON& Tower with Radar,525,44,33,4,606,0,0,7,8,15,525,44,40,12,621,2,0,2,623
07/14/2022,SDF,KY,ASO,CE,Combined TRACON& Tower with Radar,530,40,24,3,597,0,2,9,10,21,530,42,33,13,618,20,6,26,644
07/15/2022,SDF,KY,ASO,CE,Combined TRACON& Tower with Radar,459,39,16,7,521,0,3,5,3,11,459,42,21,10,532,0,0,0,532
07/16/2022,SDF,KY,ASO,CE,Combined TRACON& Tower with Radar,280,36,6,6,328,0,2,2,0,4,280,38,8,6,332,0,0,0,332
07/17/2022,SDF,KY,ASO,CE,Combined TRACON& Tower with Radar,228,24,14,4,270,0,0,0,0,0,228,24,14,4,270,20,0,20,290
07/18/2022,SDF,KY,ASO,CE,Combined TRACON& Tower with Radar,257,31,27,0,315,0,1,17,0,18,257,32,44,0,333,0,0,0,333
07/19/2022,SDF,KY,ASO,CE,Combined TRACON& Tower with Radar,537,37,33,1,608,0,2,5,4,11,537,39,38,5,619,0,4,4,623
07/20/2022,SDF,KY,ASO,CE,Combined TRACON& Tower with Radar,516,45,13,7,581,0,6,10,2,18,516,51,23,9,599,6,0,6,605
07/21/2022,SDF,KY,ASO,CE,Combined TRACON& Tower with Radar,526,37,15,4,582,0,3,10,4,17,526,40,25,8,599,0,0,0,599
07/22/2022,SDF,KY,ASO,CE,Combined TRACON& Tower with Radar,466,38,16,14,534,0,4,4,2,10,466,42,20,16,544,12,0,12,556
07/23/2022,SDF,KY,ASO,CE,Combined TRACON& Tower with Radar,282,37,12,2,333,0,5,13,0,18,282,42,25,2,351,0,0,0,351
07/24/2022,SDF,KY,ASO,CE,Combined TRACON& Tower with Radar,224,15,22,7,268,0,3,3,0,6,224,18,25,7,274,0,0,0,274
07/25/2022,SDF,KY,ASO,CE,Combined TRACON& Tower with Radar,265,26,21,0,312,0,2,2,1,5,265,28,23,1,317,0,0,0,317
07/26/2022,SDF,KY,ASO,CE,Combined TRACON& Tower with Radar,522,32,18,5,577,0,1,0,0,1,522,33,18,5,578,0,0,0,578
07/27/2022,SDF,KY,ASO,CE,Combined TRACON& Tower with Radar,517,38,29,3,587,0,0,5,2,7,517,38,34,5,594,0,0,0,594
07/28/2022,SDF,KY,ASO,CE,Combined TRACON& Tower with Radar,519,43,23,22,607,0,2,3,4,9,519,45,26,26,616,0,0,0,616
07/29/2022,SDF,KY,ASO,CE,Combined TRACON& Tower with Radar,478,48,27,6,559,0,2,2,6,10,478,50,29,12,569,0,0,0,569
07/30/2022,SDF,KY,ASO,CE,Combined TRACON& Tower with Radar,291,43,10,5,349,0,6,7,4,17,291,49,17,9,366,0,0,0,366
07/31/2022,SDF,KY,ASO,CE,Combined TRACON& Tower with Radar,216,23,24,4,267,0,0,0,0,0,216,23,24,4,267,0,0,0,267
08/01/2022,SDF,KY,ASO,CE,Combined TRACON& Tower with Radar,261,34,13,1,309,0,0,2,1,3,261,34,15,2,312,0,0,0,312
08/02/2022,SDF,KY,ASO,CE,Combined TRACON& Tower with Radar,525,35,11,2,573,0,1,7,2,10,525,36,18,4,583,0,0,0,583
08/03/2022,SDF,KY,ASO,CE,Combined TRACON& Tower with Radar,513,42,31,7,593,0,2,13,6,21,513,44,44,13,614,0,0,0,614
08/04/2022,SDF,KY,ASO,CE,Combined TRACON& Tower with Radar,519,38,20,8,585,0,0,6,7,13,519,38,26,15,598,0,0,0,598
08/05/2022,SDF,KY,ASO,CE,Combined TRACON& Tower with Radar,464,47,22,4,537,0,5,2,0,7,464,52,24,4,544,0,0,0,544
08/06/2022,SDF,KY,ASO,CE,Combined TRACON& Tower with Radar,287,32,9,2,330,0,6,3,0,9,287,38,12,2,339,0,0,0,339
08/07/2022,SDF,KY,ASO,CE,Combined TRACON& Tower with Radar,231,27,19,3,280,0,6,6,1,13,231,33,25,4,293,0,0,0,293
08/08/2022,SDF,KY,ASO,CE,Combined TRACON& Tower with Radar,264,37,18,4,323,0,4,6,2,12,264,41,24,6,335,0,0,0,335
08/09/2022,SDF,KY,ASO,CE,Combined TRACON& Tower with Radar,523,33,9,2,567,0,2,4,5,11,523,35,13,7,578,0,0,0,578
08/10/2022,SDF,KY,ASO,CE,Combined TRACON& Tower with Radar,508,38,26,12,584,0,0,1,0,1,508,38,27,12,585,0,0,0,585
08/11/2022,SDF,KY,ASO,CE,Combined TRACON& Tower with Radar,545,53,27,7,632,0,6,6,2,14,545,59,33,9,646,0,4,4,650
08/12/2022,SDF,KY,ASO,CE,Combined TRACON& Tower with Radar,460,49,20,9,538,0,1,10,0,11,460,50,30,9,549,0,0,0,549
08/13/2022,SDF,KY,ASO,CE,Combined TRACON& Tower with Radar,285,47,17,3,352,0,10,5,0,15,285,57,22,3,367,0,0,0,367
08/14/2022,SDF,KY,ASO,CE,Combined TRACON& Tower with Radar,226,29,17,5,277,0,2,4,0,6,226,31,21,5,283,0,0,0,283
08/15/2022,SDF,KY,ASO,CE,Combined TRACON& Tower with Radar,267,37,16,4,324,0,4,1,0,5,267,41,17,4,329,0,0,0,329
08/16/2022,SDF,KY,ASO,CE,Combined TRACON& Tower with Radar,524,52,12,0,588,0,7,8,2,17,524,59,20,2,605,0,0,0,605
08/17/2022,SDF,KY,ASO,CE,Combined TRACON& Tower with Radar,507,42,32,2,583,0,2,16,0,18,507,44,48,2,601,0,0,0,601
08/18/2022,SDF,KY,ASO,CE,Combined TRACON& Tower with Radar,529,38,28,2,597,0,4,6,2,12,529,42,34,4,609,0,0,0,609
08/19/2022,SDF,KY,ASO,CE,Combined TRACON& Tower with Radar,466,45,15,15,541,0,10,2,1,13,466,55,17,16,554,0,0,0,554
08/20/2022,SDF,KY,ASO,CE,Combined TRACON& Tower with Radar,290,31,25,2,348,0,5,10,7,22,290,36,35,9,370,0,0,0,370
08/21/2022,SDF,KY,ASO,CE,Combined TRACON& Tower with Radar,216,21,29,1,267,0,2,0,1,3,216,23,29,2,270,0,0,0,270
08/22/2022,SDF,KY,ASO,CE,Combined TRACON& Tower with Radar,251,36,22,6,315,0,2,8,0,10,251,38,30,6,325,2,0,2,327
08/23/2022,SDF,KY,ASO,CE,Combined TRACON& Tower with Radar,532,41,20,3,596,0,3,10,12,25,532,44,30,15,621,12,0,12,633
08/24/2022,SDF,KY,ASO,CE,Combined TRACON& Tower with Radar,520,49,38,3,610,0,10,9,4,23,520,59,47,7,633,6,0,6,639
08/25/2022,SDF,KY,ASO,CE,Combined TRACON& Tower with Radar,537,58,35,17,647,0,7,10,1,18,537,65,45,18,665,0,0,0,665
08/26/2022,SDF,KY,ASO,CE,Combined TRACON& Tower with Radar,454,48,34,8,544,0,4,8,1,13,454,52,42,9,557,10,4,14,571
08/27/2022,SDF,KY,ASO,CE,Combined TRACON& Tower with Radar,276,42,22,4,344,0,10,3,0,13,276,52,25,4,357,0,0,0,357
08/28/2022,SDF,KY,ASO,CE,Combined TRACON& Tower with Radar,209,34,27,15,285,0,10,5,5,20,209,44,32,20,305,0,0,0,305
08/29/2022,SDF,KY,ASO,CE,Combined TRACON& Tower with Radar,264,17,20,0,301,0,5,2,0,7,264,22,22,0,308,0,0,0,308
08/30/2022,SDF,KY,ASO,CE,Combined TRACON& Tower with Radar,522,37,18,8,585,0,0,2,5,7,522,37,20,13,592,0,0,0,592
08/31/2022,SDF,KY,ASO,CE,Combined TRACON& Tower with Radar,514,33,36,8,591,0,3,6,0,9,514,36,42,8,600,4,0,4,604
09/01/2022,SDF,KY,ASO,CE,Combined TRACON& Tower with Radar,525,44,22,2,593,0,12,4,3,19,525,56,26,5,612,0,0,0,612
09/02/2022,SDF,KY,ASO,CE,Combined TRACON& Tower with Radar,464,48,21,1,534,0,2,6,0,8,464,50,27,1,542,0,0,0,542
09/03/2022,SDF,KY,ASO,CE,Combined TRACON& Tower with Radar,282,34,6,1,323,0,2,3,0,5,282,36,9,1,328,0,0,0,328
09/04/2022,SDF,KY,ASO,CE,Combined TRACON& Tower with Radar,180,21,6,0,207,0,2,0,0,2,180,23,6,0,209,0,0,0,209
09/05/2022,SDF,KY,ASO,CE,Combined TRACON& Tower with Radar,170,23,28,1,222,0,0,0,0,0,170,23,28,1,222,0,0,0,222
09/06/2022,SDF,KY,ASO,CE,Combined TRACON& Tower with Radar,322,36,19,0,377,0,2,4,0,6,322,38,23,0,383,0,0,0,383
09/07/2022,SDF,KY,ASO,CE,Combined TRACON& Tower with Radar,540,48,31,6,625,0,0,9,3,12,540,48,40,9,637,0,0,0,637
09/08/2022,SDF,KY,ASO,CE,Combined TRACON& Tower with Radar,531,45,16,4,596,0,0,10,4,14,531,45,26,8,610,0,0,0,610
09/09/2022,SDF,KY,ASO,CE,Combined TRACON& Tower with Radar,451,48,16,4,519,0,7,4,3,14,451,55,20,7,533,0,0,0,533
09/10/2022,SDF,KY,ASO,CE,Combined TRACON& Tower with Radar,265,35,9,3,312,0,3,3,1,7,265,38,12,4,319,0,0,0,319
09/11/2022,SDF,KY,ASO,CE,Combined TRACON& Tower with Radar,219,39,15,0,273,0,5,0,0,5,219,44,15,0,278,0,0,0,278
09/12/2022,SDF,KY,ASO,CE,Combined TRACON& Tower with Radar,252,32,21,0,305,0,0,3,0,3,252,32,24,0,308,0,0,0,308
09/13/2022,SDF,KY,ASO,CE,Combined TRACON& Tower with Radar,510,56,25,3,594,0,3,10,3,16,510,59,35,6,610,0,2,2,612
09/14/2022,SDF,KY,ASO,CE,Combined TRACON& Tower with Radar,525,60,40,4,629,0,3,19,4,26,525,63,59,8,655,0,0,0,655
09/15/2022,SDF,KY,ASO,CE,Combined TRACON& Tower with Radar,527,57,26,1,611,0,4,10,2,16,527,61,36,3,627,0,0,0,627
09/16/2022,SDF,KY,ASO,CE,Combined TRACON& Tower with Radar,458,54,47,5,564,0,4,9,0,13,458,58,56,5,577,0,0,0,577
09/17/2022,SDF,KY,ASO,CE,Combined TRACON& Tower with Radar,269,50,23,5,347,0,2,4,0,6,269,52,27,5,353,0,0,0,353
09/18/2022,SDF,KY,ASO,CE,Combined TRACON& Tower with Radar,223,41,23,10,297,0,4,13,0,17,223,45,36,10,314,0,0,0,314
09/19/2022,SDF,KY,ASO,CE,Combined TRACON& Tower with Radar,255,38,37,2,332,0,1,10,6,17,255,39,47,8,349,0,0,0,349
09/20/2022,SDF,KY,ASO,CE,Combined TRACON& Tower with Radar,516,51,26,2,595,0,4,1,6,11,516,55,27,8,606,9,12,21,627
09/21/2022,SDF,KY,ASO,CE,Combined TRACON& Tower with Radar,524,59,28,3,614,0,7,12,1,20,524,66,40,4,634,0,0,0,634
09/22/2022,SDF,KY,ASO,CE,Combined TRACON& Tower with Radar,519,49,32,5,605,0,4,16,3,23,519,53,48,8,628,0,0,0,628
09/23/2022,SDF,KY,ASO,CE,Combined TRACON& Tower with Radar,456,59,26,6,547,0,12,8,0,20,456,71,34,6,567,0,0,0,567
09/24/2022,SDF,KY,ASO,CE,Combined TRACON& Tower with Radar,269,42,19,1,331,0,4,10,0,14,269,46,29,1,345,0,0,0,345
09/25/2022,SDF,KY,ASO,CE,Combined TRACON& Tower with Radar,220,41,33,3,297,0,5,0,0,5,220,46,33,3,302,0,0,0,302
09/26/2022,SDF,KY,ASO,CE,Combined TRACON& Tower with Radar,247,55,21,3,326,0,4,5,0,9,247,59,26,3,335,0,0,0,335
09/27/2022,SDF,KY,ASO,CE,Combined TRACON& Tower with Radar,516,50,34,4,604,0,1,6,6,13,516,51,40,10,617,0,8,8,625
09/28/2022,SDF,KY,ASO,CE,Combined TRACON& Tower with Radar,486,43,31,3,563,0,4,8,1,13,486,47,39,4,576,14,0,14,590
09/29/2022,SDF,KY,ASO,CE,Combined TRACON& Tower with Radar,494,57,26,0,577,0,3,5,0,8,494,60,31,0,585,0,0,0,585
09/30/2022,SDF,KY,ASO,CE,Combined TRACON& Tower with Radar,448,60,22,9,539,0,18,11,3,32,448,78,33,12,571,0,0,0,571
10/01/2022,SDF,KY,ASO,CE,Combined TRACON& Tower with Radar,273,46,17,0,336,0,6,7,2,15,273,52,24,2,351,0,0,0,351
10/02/2022,SDF,KY,ASO,CE,Combined TRACON& Tower with Radar,223,31,15,7,276,0,5,1,6,12,223,36,16,13,288,0,0,0,288
10/03/2022,SDF,KY,ASO,CE,Combined TRACON& Tower with Radar,256,29,24,3,312,0,4,8,0,12,256,33,32,3,324,0,0,0,324
10/04/2022,SDF,KY,ASO,CE,Combined TRACON& Tower with Radar,524,48,17,3,592,0,2,4,5,11,524,50,21,8,603,0,0,0,603
10/05/2022,SDF,KY,ASO,CE,Combined TRACON& Tower with Radar,527,52,21,3,603,0,8,16,4,28,527,60,37,7,631,0,0,0,631
10/06/2022,SDF,KY,ASO,CE,Combined TRACON& Tower with Radar,532,48,26,2,608,0,6,10,5,21,532,54,36,7,629,0,0,0,629
10/07/2022,SDF,KY,ASO,CE,Combined TRACON& Tower with Radar,459,43,12,2,516,0,4,7,0,11,459,47,19,2,527,0,0,0,527
10/08/2022,SDF,KY,ASO,CE,Combined TRACON& Tower with Radar,284,38,15,2,339,0,2,9,0,11,284,40,24,2,350,0,0,0,350
10/09/2022,SDF,KY,ASO,CE,Combined TRACON& Tower with Radar,225,35,21,1,282,0,2,7,2,11,225,37,28,3,293,0,0,0,293
10/10/2022,SDF,KY,ASO,CE,Combined TRACON& Tower with Radar,264,28,16,0,308,0,4,19,1,24,264,32,35,1,332,0,0,0,332
10/11/2022,SDF,KY,ASO,CE,Combined TRACON& Tower with Radar,512,40,36,2,590,0,8,2,0,10,512,48,38,2,600,0,0,0,600
10/12/2022,SDF,KY,ASO,CE,Combined TRACON& Tower with Radar,532,47,24,5,608,0,5,1,3,9,532,52,25,8,617,20,20,40,657
10/13/2022,SDF,KY,ASO,CE,Combined TRACON& Tower with Radar,542,43,29,5,619,0,6,3,3,12,542,49,32,8,631,0,0,0,631
10/14/2022,SDF,KY,ASO,CE,Combined TRACON& Tower with Radar,461,44,12,23,540,0,4,4,0,8,461,48,16,23,548,0,0,0,548
10/15/2022,SDF,KY,ASO,CE,Combined TRACON& Tower with Radar,294,36,21,3,354,0,5,2,7,14,294,41,23,10,368,0,0,0,368
10/16/2022,SDF,KY,ASO,CE,Combined TRACON& Tower with Radar,231,44,17,3,295,0,5,7,0,12,231,49,24,3,307,0,0,0,307
10/17/2022,SDF,KY,ASO,CE,Combined TRACON& Tower with Radar,255,35,14,0,304,0,8,6,0,14,255,43,20,0,318,0,0,0,318
10/18/2022,SDF,KY,ASO,CE,Combined TRACON& Tower with Radar,543,51,26,3,623,0,1,19,4,24,543,52,45,7,647,4,20,24,671
10/19/2022,SDF,KY,ASO,CE,Combined TRACON& Tower with Radar,531,50,30,9,620,0,4,9,5,18,531,54,39,14,638,0,0,0,638
10/20/2022,SDF,KY,ASO,CE,Combined TRACON& Tower with Radar,544,47,46,2,639,0,15,3,5,23,544,62,49,7,662,0,0,0,662
10/21/2022,SDF,KY,ASO,CE,Combined TRACON& Tower with Radar,465,47,37,3,552,0,12,9,0,21,465,59,46,3,573,0,0,0,573
10/22/2022,SDF,KY,ASO,CE,Combined TRACON& Tower with Radar,286,43,14,0,343,0,4,9,2,15,286,47,23,2,358,6,0,6,364
10/23/2022,SDF,KY,ASO,CE,Combined TRACON& Tower with Radar,237,26,31,2,296,0,16,7,2,25,237,42,38,4,321,0,0,0,321
10/24/2022,SDF,KY,ASO,CE,Combined TRACON& Tower with Radar,261,27,29,4,321,0,9,5,0,14,261,36,34,4,335,0,0,0,335
10/25/2022,SDF,KY,ASO,CE,Combined TRACON& Tower with Radar,529,34,30,6,599,0,8,6,2,16,529,42,36,8,615,0,0,0,615
10/26/2022,SDF,KY,ASO,CE,Combined TRACON& Tower with Radar,540,54,31,7,632,0,3,0,2,5,540,57,31,9,637,0,0,0,637
10/27/2022,SDF,KY,ASO,CE,Combined TRACON& Tower with Radar,541,42,28,4,615,0,3,2,3,8,541,45,30,7,623,0,0,0,623
10/28/2022,SDF,KY,ASO,CE,Combined TRACON& Tower with Radar,458,54,24,5,541,0,8,5,1,14,458,62,29,6,555,0,0,0,555
10/29/2022,SDF,KY,ASO,CE,Combined TRACON& Tower with Radar,282,36,10,0,328,0,5,12,0,17,282,41,22,0,345,0,0,0,345
10/30/2022,SDF,KY,ASO,CE,Combined TRACON& Tower with Radar,235,30,21,0,286,0,4,0,0,4,235,34,21,0,290,0,0,0,290
10/31/2022,SDF,KY,ASO,CE,Combined TRACON& Tower with Radar,245,24,18,3,290,0,2,1,0,3,245,26,19,3,293,0,0,0,293
11/01/2022,SDF,KY,ASO,CE,Combined TRACON& Tower with Radar,529,44,22,7,602,0,0,4,3,7,529,44,26,10,609,0,0,0,609
11/02/2022,SDF,KY,ASO,CE,Combined TRACON& Tower with Radar,525,42,32,7,606,0,2,3,6,11,525,44,35,13,617,0,0,0,617
11/03/2022,SDF,KY,ASO,CE,Combined TRACON& Tower with Radar,529,46,28,4,607,0,8,6,5,19,529,54,34,9,626,8,0,8,634
11/04/2022,SDF,KY,ASO,CE,Combined TRACON& Tower with Radar,453,40,21,3,517,0,13,4,3,20,453,53,25,6,537,0,0,0,537
11/05/2022,SDF,KY,ASO,CE,Combined TRACON& Tower with Radar,280,32,3,4,319,0,8,1,2,11,280,40,4,6,330,0,0,0,330
11/06/2022,SDF,KY,ASO,CE,Combined TRACON& Tower with Radar,218,29,24,5,276,0,11,3,2,16,218,40,27,7,292,0,0,0,292
11/07/2022,SDF,KY,ASO,CE,Combined TRACON& Tower with Radar,250,28,12,3,293,0,7,18,0,25,250,35,30,3,318,18,0,18,336
11/08/2022,SDF,KY,ASO,CE,Combined TRACON& Tower with Radar,528,43,19,5,595,0,8,2,15,25,528,51,21,20,620,0,28,28,648
11/09/2022,SDF,KY,ASO,CE,Combined TRACON& Tower with Radar,530,44,32,11,617,0,9,9,6,24,530,53,41,17,641,0,0,0,641
11/10/2022,SDF,KY,ASO,CE,Combined TRACON& Tower with Radar,525,37,29,15,606,0,8,14,2,24,525,45,43,17,630,0,0,0,630
11/11/2022,SDF,KY,ASO,CE,Combined TRACON& Tower with Radar,461,46,8,0,515,0,7,1,0,8,461,53,9,0,523,0,0,0,523
11/12/2022,SDF,KY,ASO,CE,Combined TRACON& Tower with Radar,277,42,10,0,329,0,2,2,0,4,277,44,12,0,333,0,0,0,333
11/13/2022,SDF,KY,ASO,CE,Combined TRACON& Tower with Radar,218,33,20,0,271,0,2,5,0,7,218,35,25,0,278,0,0,0,278
11/14/2022,SDF,KY,ASO,CE,Combined TRACON& Tower with Radar,254,30,24,1,309,0,8,7,2,17,254,38,31,3,326,0,0,0,326
11/15/2022,SDF,KY,ASO,CE,Combined TRACON& Tower with Radar,531,56,25,4,616,0,0,1,1,2,531,56,26,5,618,0,0,0,618
11/16/2022,SDF,KY,ASO,CE,Combined TRACON& Tower with Radar,526,53,29,2,610,0,0,4,0,4,526,53,33,2,614,0,0,0,614
11/17/2022,SDF,KY,ASO,CE,Combined TRACON& Tower with Radar,544,43,25,1,613,0,4,4,0,8,544,47,29,1,621,0,0,0,621
11/18/2022,SDF,KY,ASO,CE,Combined TRACON& Tower with Radar,468,49,30,10,557,0,4,3,3,10,468,53,33,13,567,0,0,0,567
11/19/2022,SDF,KY,ASO,CE,Combined TRACON& Tower with Radar,295,42,12,9,358,0,2,8,8,18,295,44,20,17,376,0,0,0,376
11/20/2022,SDF,KY,ASO,CE,Combined TRACON& Tower with Radar,242,21,18,11,292,0,6,7,1,14,242,27,25,12,306,0,0,0,306
11/21/2022,SDF,KY,ASO,CE,Combined TRACON& Tower with Radar,309,20,13,3,345,0,2,11,1,14,309,22,24,4,359,2,48,50,409
11/22/2022,SDF,KY,ASO,CE,Combined TRACON& Tower with Radar,605,39,29,3,676,0,7,7,5,19,605,46,36,8,695,0,0,0,695
11/23/2022,SDF,KY,ASO,CE,Combined TRACON& Tower with Radar,562,40,19,3,624,0,5,4,0,9,562,45,23,3,633,0,0,0,633
11/24/2022,SDF,KY,ASO,CE,Combined TRACON& Tower with Radar,222,10,2,0,234,0,8,9,0,17,222,18,11,0,251,0,0,0,251
11/25/2022,SDF,KY,ASO,CE,Combined TRACON& Tower with Radar,341,23,10,0,374,0,2,13,0,15,341,25,23,0,389,0,0,0,389
11/26/2022,SDF,KY,ASO,CE,Combined TRACON& Tower with Radar,298,48,18,0,364,0,4,6,0,10,298,52,24,0,374,0,0,0,374
11/27/2022,SDF,KY,ASO,CE,Combined TRACON& Tower with Radar,254,26,41,0,321,0,0,0,0,0,254,26,41,0,321,0,0,0,321
11/28/2022,SDF,KY,ASO,CE,Combined TRACON& Tower with Radar,353,30,31,0,414,0,3,0,0,3,353,33,31,0,417,0,0,0,417
11/29/2022,SDF,KY,ASO,CE,Combined TRACON& Tower with Radar,602,30,19,3,654,0,2,1,9,12,602,32,20,12,666,0,0,0,666
11/30/2022,SDF,KY,ASO,CE,Combined TRACON& Tower with Radar,627,36,25,2,690,0,1,2,3,6,627,37,27,5,696,0,0,0,696
12/01/2022,SDF,KY,ASO,CE,Combined TRACON& Tower with Radar,618,43,25,4,690,0,3,4,3,10,618,46,29,7,700,0,0,0,700
12/02/2022,SDF,KY,ASO,CE,Combined TRACON& Tower with Radar,518,48,24,2,592,0,2,4,3,9,518,50,28,5,601,0,0,0,601
12/03/2022,SDF,KY,ASO,CE,Combined TRACON& Tower with Radar,306,32,6,2,346,0,6,7,0,13,306,38,13,2,359,0,0,0,359
12/04/2022,SDF,KY,ASO,CE,Combined TRACON& Tower with Radar,250,29,20,0,299,0,13,0,1,14,250,42,20,1,313,0,0,0,313
12/05/2022,SDF,KY,ASO,CE,Combined TRACON& Tower with Radar,331,29,21,2,383,0,5,0,0,5,331,34,21,2,388,0,0,0,388
12/06/2022,SDF,KY,ASO,CE,Combined TRACON& Tower with Radar,597,41,39,10,687,0,0,0,0,0,597,41,39,10,687,0,0,0,687
12/07/2022,SDF,KY,ASO,CE,Combined TRACON& Tower with Radar,630,57,33,19,739,0,0,0,0,0,630,57,33,19,739,0,0,0,739
12/08/2022,SDF,KY,ASO,CE,Combined TRACON& Tower with Radar,614,65,37,9,725,0,0,0,0,0,614,65,37,9,725,0,0,0,725
12/09/2022,SDF,KY,ASO,CE,Combined TRACON& Tower with Radar,516,48,29,1,594,0,0,0,0,0,516,48,29,1,594,0,0,0,594
12/10/2022,SDF,KY,ASO,CE,Combined TRACON& Tower with Radar,313,28,13,0,354,0,0,0,0,0,313,28,13,0,354,0,0,0,354
12/11/2022,SDF,KY,ASO,CE,Combined TRACON& Tower with Radar,252,32,11,2,297,0,1,6,0,7,252,33,17,2,304,0,0,0,304
12/12/2022,SDF,KY,ASO,CE,Combined TRACON& Tower with Radar,354,28,26,1,409,0,5,10,0,15,354,33,36,1,424,0,0,0,424
12/13/2022,SDF,KY,ASO,CE,Combined TRACON& Tower with Radar,635,45,22,6,708,0,6,3,1,10,635,51,25,7,718,0,0,0,718
12/14/2022,SDF,KY,ASO,CE,Combined TRACON& Tower with Radar,632,47,29,4,712,0,1,0,0,1,632,48,29,4,713,0,0,0,713
12/15/2022,SDF,KY,ASO,CE,Combined TRACON& Tower with Radar,654,49,23,6,732,0,2,6,1,9,654,51,29,7,741,0,0,0,741
12/16/2022,SDF,KY,ASO,CE,Combined TRACON& Tower with Radar,632,44,25,4,705,0,3,5,1,9,632,47,30,5,714,0,0,0,714
12/17/2022,SDF,KY,ASO,CE,Combined TRACON& Tower with Radar,604,28,13,0,645,0,1,5,0,6,604,29,18,0,651,0,0,0,651
12/18/2022,SDF,KY,ASO,CE,Combined TRACON& Tower with Radar,523,25,21,0,569,0,4,1,2,7,523,29,22,2,576,0,0,0,576
12/19/2022,SDF,KY,ASO,CE,Combined TRACON& Tower with Radar,389,10,23,8,430,0,6,6,4,16,389,16,29,12,446,0,0,0,446
12/20/2022,SDF,KY,ASO,CE,Combined TRACON& Tower with Radar,668,28,23,0,719,0,1,18,1,20,668,29,41,1,739,4,0,4,743
12/21/2022,SDF,KY,ASO,CE,Combined TRACON& Tower with Radar,672,35,21,0,728,0,10,14,1,25,672,45,35,1,753,0,0,0,753
12/22/2022,SDF,KY,ASO,CE,Combined TRACON& Tower with Radar,625,35,15,2,677,0,0,1,0,1,625,35,16,2,678,0,0,0,678
12/23/2022,SDF,KY,ASO,CE,Combined TRACON& Tower with Radar,373,10,8,0,391,0,0,0,0,0,373,10,8,0,391,0,0,0,391
12/24/2022,SDF,KY,ASO,CE,Combined TRACON& Tower with Radar,212,19,7,0,238,0,10,0,0,10,212,29,7,0,248,0,0,0,248
12/25/2022,SDF,KY,ASO,CE,Combined TRACON& Tower with Radar,106,21,4,0,131,0,3,0,0,3,106,24,4,0,134,0,0,0,134
12/26/2022,SDF,KY,ASO,CE,Combined TRACON& Tower with Radar,236,21,19,0,276,0,0,1,0,1,236,21,20,0,277,0,0,0,277
12/27/2022,SDF,KY,ASO,CE,Combined TRACON& Tower with Radar,349,19,20,0,388,0,3,6,0,9,349,22,26,0,397,0,0,0,397
12/28/2022,SDF,KY,ASO,CE,Combined TRACON& Tower with Radar,526,38,13,0,577,0,3,7,0,10,526,41,20,0,587,0,0,0,587
12/29/2022,SDF,KY,ASO,CE,Combined TRACON& Tower with Radar,551,33,15,0,599,0,2,7,0,9,551,35,22,0,608,0,0,0,608
12/30/2022,SDF,KY,ASO,CE,Combined TRACON& Tower with Radar,516,30,23,0,569,0,2,13,0,15,516,32,36,0,584,2,0,2,586
12/31/2022,SDF,KY,ASO,CE,Combined TRACON& Tower with Radar,290,21,5,0,316,0,0,0,0,0,290,21,5,0,316,0,0,0,316
01/01/2023,SDF,KY,ASO,CE,Combined TRACON& Tower with Radar,118,8,5,0,131,0,0,0,0,0,118,8,5,0,131,0,0,0,131
01/02/2023,SDF,KY,ASO,CE,Combined TRACON& Tower with Radar,220,28,30,0,278,0,4,0,0,4,220,32,30,0,282,0,0,0,282
01/03/2023,SDF,KY,ASO,CE,Combined TRACON& Tower with Radar,323,24,12,0,359,0,2,0,0,2,323,26,12,0,361,0,0,0,361
01/04/2023,SDF,KY,ASO,CE,Combined TRACON& Tower with Radar,517,41,18,3,579,0,8,4,3,15,517,49,22,6,594,0,0,0,594
01/05/2023,SDF,KY,ASO,CE,Combined TRACON& Tower with Radar,523,31,16,5,575,0,3,4,2,9,523,34,20,7,584,0,0,0,584
01/06/2023,SDF,KY,ASO,CE,Combined TRACON& Tower with Radar,444,37,18,4,503,0,8,7,0,15,444,45,25,4,518,6,0,6,524
01/07/2023,SDF,KY,ASO,CE,Combined TRACON& Tower with Radar,271,35,9,0,315,0,12,4,0,16,271,47,13,0,331,0,0,0,331
01/08/2023,SDF,KY,ASO,CE,Combined TRACON& Tower with Radar,225,21,14,1,261,0,2,2,0,4,225,23,16,1,265,0,0,0,265
01/09/2023,SDF,KY,ASO,CE,Combined TRACON& Tower with Radar,263,10,9,5,287,0,5,0,3,8,263,15,9,8,295,0,0,0,295
01/10/2023,SDF,KY,ASO,CE,Combined TRACON& Tower with Radar,525,42,11,5,583,0,7,3,7,17,525,49,14,12,600,0,0,0,600
01/11/2023,SDF,KY,ASO,CE,Combined TRACON& Tower with Radar,515,34,24,6,579,0,2,6,5,13,515,36,30,11,592,0,0,0,592
01/12/2023,SDF,KY,ASO,CE,Combined TRACON& Tower with Radar,537,48,25,4,614,0,0,0,0,0,537,48,25,4,614,0,0,0,614
01/13/2023,SDF,KY,ASO,CE,Combined TRACON& Tower with Radar,466,42,15,0,523,0,0,1,0,1,466,42,16,0,524,0,0,0,524
01/14/2023,SDF,KY,ASO,CE,Combined TRACON& Tower with Radar,279,29,12,0,320,0,4,6,0,10,279,33,18,0,330,0,0,0,330
01/15/2023,SDF,KY,ASO,CE,Combined TRACON& Tower with Radar,213,23,12,0,248,0,9,4,0,13,213,32,16,0,261,0,0,0,261
01/16/2023,SDF,KY,ASO,CE,Combined TRACON& Tower with Radar,262,22,12,0,296,0,0,2,0,2,262,22,14,0,298,0,0,0,298
01/17/2023,SDF,KY,ASO,CE,Combined TRACON& Tower with Radar,510,43,20,1,574,0,0,6,0,6,510,43,26,1,580,3,0,3,583
01/18/2023,SDF,KY,ASO,CE,Combined TRACON& Tower with Radar,503,42,27,11,583,0,0,2,2,4,503,42,29,13,587,0,0,0,587
01/19/2023,SDF,KY,ASO,CE,Combined TRACON& Tower with Radar,536,43,22,5,606,0,2,1,4,7,536,45,23,9,613,0,0,0,613
01/20/2023,SDF,KY,ASO,CE,Combined TRACON& Tower with Radar,461,45,11,5,522,0,4,2,0,6,461,49,13,5,528,0,0,0,528
01/21/2023,SDF,KY,ASO,CE,Combined TRACON& Tower with Radar,274,35,4,0,313,0,5,3,2,10,274,40,7,2,323,0,0,0,323
01/22/2023,SDF,KY,ASO,CE,Combined TRACON& Tower with Radar,227,32,10,1,270,0,0,0,0,0,227,32,10,1,270,0,0,0,270
01/23/2023,SDF,KY,ASO,CE,Combined TRACON& Tower with Radar,264,24,30,2,320,0,1,15,1,17,264,25,45,3,337,0,0,0,337
01/24/2023,SDF,KY,ASO,CE,Combined TRACON& Tower with Radar,520,40,19,4,583,0,12,15,7,34,520,52,34,11,617,0,0,0,617
01/25/2023,SDF,KY,ASO,CE,Combined TRACON& Tower with Radar,521,49,20,4,594,0,0,0,0,0,521,49,20,4,594,0,0,0,594
01/26/2023,SDF,KY,ASO,CE,Combined TRACON& Tower with Radar,542,51,13,6,612,0,5,0,1,6,542,56,13,7,618,0,0,0,618
01/27/2023,SDF,KY,ASO,CE,Combined TRACON& Tower with Radar,464,45,27,4,540,0,6,4,2,12,464,51,31,6,552,0,0,0,552
01/28/2023,SDF,KY,ASO,CE,Combined TRACON& Tower with Radar,271,32,12,0,315,0,8,9,2,19,271,40,21,2,334,0,0,0,334
01/29/2023,SDF,KY,ASO,CE,Combined TRACON& Tower with Radar,220,18,15,0,253,0,0,0,0,0,220,18,15,0,253,0,0,0,253
01/30/2023,SDF,KY,ASO,CE,Combined TRACON& Tower with Radar,250,23,25,0,298,0,0,0,0,0,250,23,25,0,298,0,0,0,298
01/31/2023,SDF,KY,ASO,CE,Combined TRACON& Tower with Radar,499,32,15,2,548,0,0,0,0,0,499,32,15,2,548,0,0,0,548
02/01/2023,SDF,KY,ASO,CE,Combined TRACON& Tower with Radar,525,46,18,3,592,0,0,5,4,9,525,46,23,7,601,0,0,0,601
02/02/2023,SDF,KY,ASO,CE,Combined TRACON& Tower with Radar,524,48,23,14,609,0,7,39,2,48,524,55,62,16,657,0,0,0,657
02/03/2023,SDF,KY,ASO,CE,Combined TRACON& Tower with Radar,465,42,15,1,523,0,3,12,3,18,465,45,27,4,541,0,0,0,541
02/04/2023,SDF,KY,ASO,CE,Combined TRACON& Tower with Radar,271,33,7,1,312,0,4,7,0,11,271,37,14,1,323,0,0,0,323
02/05/2023,SDF,KY,ASO,CE,Combined TRACON& Tower with Radar,221,18,17,4,260,0,2,4,0,6,221,20,21,4,266,0,0,0,266
02/06/2023,SDF,KY,ASO,CE,Combined TRACON& Tower with Radar,271,21,26,3,321,0,0,7,2,9,271,21,33,5,330,6,0,6,336
02/07/2023,SDF,KY,ASO,CE,Combined TRACON& Tower with Radar,514,36,21,6,577,0,2,13,1,16,514,38,34,7,593,0,0,0,593
02/08/2023,SDF,KY,ASO,CE,Combined TRACON& Tower with Radar,521,45,26,3,595,0,5,5,3,13,521,50,31,6,608,0,0,0,608
02/09/2023,SDF,KY,ASO,CE,Combined TRACON& Tower with Radar,564,47,6,1,618,0,0,0,2,2,564,47,6,3,620,0,0,0,620
02/10/2023,SDF,KY,ASO,CE,Combined TRACON& Tower with Radar,470,44,15,6,535,0,4,10,0,14,470,48,25,6,549,0,0,0,549
02/11/2023,SDF,KY,ASO,CE,Combined TRACON& Tower with Radar,263,32,14,0,309,0,4,10,0,14,263,36,24,0,323,2,0,2,325
02/12/2023,SDF,KY,ASO,CE,Combined TRACON& Tower with Radar,212,20,13,0,245,0,6,8,0,14,212,26,21,0,259,0,0,0,259
02/13/2023,SDF,KY,ASO,CE,Combined TRACON& Tower with Radar,266,27,13,2,308,0,1,18,3,22,266,28,31,5,330,0,0,0,330
02/14/2023,SDF,KY,ASO,CE,Combined TRACON& Tower with Radar,512,37,27,1,577,0,3,2,4,9,512,40,29,5,586,0,0,0,586
02/15/2023,SDF,KY,ASO,CE,Combined TRACON& Tower with Radar,528,40,49,0,617,0,12,16,2,30,528,52,65,2,647,30,0,30,677
02/16/2023,SDF,KY,ASO,CE,Combined TRACON& Tower with Radar,526,39,32,0,597,0,0,0,0,0,526,39,32,0,597,0,0,0,597
02/17/2023,SDF,KY,ASO,CE,Combined TRACON& Tower with Radar,465,48,43,1,557,0,0,2,4,6,465,48,45,5,563,0,0,0,563
02/18/2023,SDF,KY,ASO,CE,Combined TRACON& Tower with Radar,274,43,27,0,344,0,2,13,0,15,274,45,40,0,359,0,0,0,359
02/19/2023,SDF,KY,ASO,CE,Combined TRACON& Tower with Radar,221,15,19,1,256,0,2,7,0,9,221,17,26,1,265,0,0,0,265
02/20/2023,SDF,KY,ASO,CE,Combined TRACON& Tower with Radar,259,34,23,3,319,0,4,2,0,6,259,38,25,3,325,0,0,0,325
02/21/2023,SDF,KY,ASO,CE,Combined TRACON& Tower with Radar,521,43,13,11,588,0,10,7,2,19,521,53,20,13,607,0,0,0,607
02/22/2023,SDF,KY,ASO,CE,Combined TRACON& Tower with Radar,532,41,20,2,595,0,0,1,0,1,532,41,21,2,596,0,0,0,596
02/23/2023,SDF,KY,ASO,CE,Combined TRACON& Tower with Radar,533,48,32,4,617,0,2,7,4,13,533,50,39,8,630,0,0,0,630
02/24/2023,SDF,KY,ASO,CE,Combined TRACON& Tower with Radar,465,55,22,6,548,0,3,1,0,4,465,58,23,6,552,0,0,0,552
02/25/2023,SDF,KY,ASO,CE,Combined TRACON& Tower with Radar,281,35,15,0,331,0,11,3,0,14,281,46,18,0,345,0,0,0,345
02/26/2023,SDF,KY,ASO,CE,Combined TRACON& Tower with Radar,221,27,12,7,267,0,10,9,3,22,221,37,21,10,289,0,0,0,289
02/27/2023,SDF,KY,ASO,CE,Combined TRACON& Tower with Radar,268,18,13,4,303,0,0,1,0,1,268,18,14,4,304,0,0,0,304
02/28/2023,SDF,KY,ASO,CE,Combined TRACON& Tower with Radar,513,58,20,5,596,0,6,12,5,23,513,64,32,10,619,0,0,0,619
03/01/2023,SDF,KY,ASO,CE,Combined TRACON& Tower with Radar,522,39,26,6,593,0,3,13,2,18,522,42,39,8,611,0,0,0,611
03/02/2023,SDF,KY,ASO,CE,Combined TRACON& Tower with Radar,541,60,23,3,627,0,4,6,0,10,541,64,29,3,637,0,0,0,637
03/03/2023,SDF,KY,ASO,CE,Combined TRACON& Tower with Radar,440,24,13,4,481,0,0,0,0,0,440,24,13,4,481,0,0,0,481
03/04/2023,SDF,KY,ASO,CE,Combined TRACON& Tower with Radar,285,39,11,4,339,0,8,1,3,12,285,47,12,7,351,0,0,0,351
03/05/2023,SDF,KY,ASO,CE,Combined TRACON& Tower with Radar,229,22,17,1,269,0,4,5,0,9,229,26,22,1,278,6,0,6,284
03/06/2023,SDF,KY,ASO,CE,Combined TRACON& Tower with Radar,261,30,9,1,301,0,6,8,0,14,261,36,17,1,315,6,0,6,321
03/07/2023,SDF,KY,ASO,CE,Combined TRACON& Tower with Radar,520,40,21,4,585,0,5,5,3,13,520,45,26,7,598,0,0,0,598
03/08/2023,SDF,KY,ASO,CE,Combined TRACON& Tower with Radar,526,44,21,4,595,0,3,12,7,22,526,47,33,11,617,0,0,0,617
03/09/2023,SDF,KY,ASO,CE,Combined TRACON& Tower with Radar,533,38,16,2,589,0,2,4,2,8,533,40,20,4,597,0,0,0,597
03/10/2023,SDF,KY,ASO,CE,Combined TRACON& Tower with Radar,469,41,15,0,525,0,7,1,0,8,469,48,16,0,533,0,0,0,533
03/11/2023,SDF,KY,ASO,CE,Combined TRACON& Tower with Radar,275,37,16,0,328,0,7,2,0,9,275,44,18,0,337,0,0,0,337
03/12/2023,SDF,KY,ASO,CE,Combined TRACON& Tower with Radar,234,23,13,3,273,0,0,2,0,2,234,23,15,3,275,0,0,0,275
03/13/2023,SDF,KY,ASO,CE,Combined TRACON& Tower with Radar,255,27,18,2,302,0,3,3,0,6,255,30,21,2,308,0,0,0,308
03/14/2023,SDF,KY,ASO,CE,Combined TRACON& Tower with Radar,521,45,15,2,583,0,2,4,2,8,521,47,19,4,591,4,0,4,595
03/15/2023,SDF,KY,ASO,CE,Combined TRACON& Tower with Radar,528,37,17,3,585,0,1,6,5,12,528,38,23,8,597,6,3,9,606
03/16/2023,SDF,KY,ASO,CE,Combined TRACON& Tower with Radar,535,35,27,3,600,0,2,3,3,8,535,37,30,6,608,0,0,0,608
03/17/2023,SDF,KY,ASO,CE,Combined TRACON& Tower with Radar,474,32,7,14,527,0,2,0,0,2,474,34,7,14,529,0,5,5,534
03/18/2023,SDF,KY,ASO,CE,Combined TRACON& Tower with Radar,272,31,9,0,312,0,9,2,0,11,272,40,11,0,323,0,0,0,323
03/19/2023,SDF,KY,ASO,CE,Combined TRACON& Tower with Radar,238,14,20,6,278,0,4,5,0,9,238,18,25,6,287,0,0,0,287
03/20/2023,SDF,KY,ASO,CE,Combined TRACON& Tower with Radar,260,18,21,2,301,0,2,3,0,5,260,20,24,2,306,0,0,0,306
03/21/2023,SDF,KY,ASO,CE,Combined TRACON& Tower with Radar,510,41,17,11,579,0,4,5,4,13,510,45,22,15,592,0,4,4,596
03/22/2023,SDF,KY,ASO,CE,Combined TRACON& Tower with Radar,539,45,25,2,611,0,0,2,0,2,539,45,27,2,613,0,0,0,613
03/23/2023,SDF,KY,ASO,CE,Combined TRACON& Tower with Radar,538,58,29,5,630,0,6,5,0,11,538,64,34,5,641,0,0,0,641
03/24/2023,SDF,KY,ASO,CE,Combined TRACON& Tower with Radar,472,84,41,4,601,0,3,3,0,6,472,87,44,4,607,0,0,0,607
03/25/2023,SDF,KY,ASO,CE,Combined TRACON& Tower with Radar,287,58,32,1,378,0,0,1,0,1,287,58,33,1,379,0,0,0,379
03/26/2023,SDF,KY,ASO,CE,Combined TRACON& Tower with Radar,236,49,24,0,309,0,6,11,1,18,236,55,35,1,327,0,0,0,327
03/27/2023,SDF,KY,ASO,CE,Combined TRACON& Tower with Radar,265,32,17,1,315,0,4,2,0,6,265,36,19,1,321,0,0,0,321
03/28/2023,SDF,KY,ASO,CE,Combined TRACON& Tower with Radar,517,41,26,2,586,0,3,18,4,25,517,44,44,6,611,0,0,0,611
03/29/2023,SDF,KY,ASO,CE,Combined TRACON& Tower with Radar,529,41,24,4,598,0,0,11,5,16,529,41,35,9,614,8,0,8,622
03/30/2023,SDF,KY,ASO,CE,Combined TRACON& Tower with Radar,545,62,53,2,662,0,3,8,2,13,545,65,61,4,675,0,0,0,675
03/31/2023,SDF,KY,ASO,CE,Combined TRACON& Tower with Radar,447,36,48,5,536,0,1,1,0,2,447,37,49,5,538,0,0,0,538
04/01/2023,SDF,KY,ASO,CE,Combined TRACON& Tower with Radar,276,42,20,0,338,0,4,1,0,5,276,46,21,0,343,0,0,0,343
04/02/2023,SDF,KY,ASO,CE,Combined TRACON& Tower with Radar,250,27,30,4,311,0,1,9,2,12,250,28,39,6,323,0,0,0,323
04/03/2023,SDF,KY,ASO,CE,Combined TRACON& Tower with Radar,258,19,14,1,292,0,3,2,0,5,258,22,16,1,297,0,0,0,297
04/04/2023,SDF,KY,ASO,CE,Combined TRACON& Tower with Radar,516,40,8,4,568,0,2,3,3,8,516,42,11,7,576,0,0,0,576
04/05/2023,SDF,KY,ASO,CE,Combined TRACON& Tower with Radar,533,24,20,2,579,0,1,0,0,1,533,25,20,2,580,0,0,0,580
04/06/2023,SDF,KY,ASO,CE,Combined TRACON& Tower with Radar,542,38,22,12,614,0,0,6,2,8,542,38,28,14,622,0,0,0,622
04/07/2023,SDF,KY,ASO,CE,Combined TRACON& Tower with Radar,458,42,14,5,519,0,1,6,0,7,458,43,20,5,526,0,0,0,526
04/08/2023,SDF,KY,ASO,CE,Combined TRACON& Tower with Radar,277,31,16,5,329,0,4,12,0,16,277,35,28,5,345,2,0,2,347
04/09/2023,SDF,KY,ASO,CE,Combined TRACON& Tower with Radar,238,21,8,0,267,0,9,5,0,14,238,30,13,0,281,0,0,0,281
04/10/2023,SDF,KY,ASO,CE,Combined TRACON& Tower with Radar,269,18,25,1,313,0,1,11,0,12,269,19,36,1,325,0,0,0,325
04/11/2023,SDF,KY,ASO,CE,Combined TRACON& Tower with Radar,524,47,7,2,580,0,0,1,5,6,524,47,8,7,586,0,0,0,586
04/12/2023,SDF,KY,ASO,CE,Combined TRACON& Tower with Radar,527,43,38,1,609,0,2,8,3,13,527,45,46,4,622,0,0,0,622
04/13/2023,SDF,KY,ASO,CE,Combined TRACON& Tower with Radar,539,37,21,1,598,0,3,13,5,21,539,40,34,6,619,0,0,0,619
04/14/2023,SDF,KY,ASO,CE,Combined TRACON& Tower with Radar,458,43,25,1,527,0,5,7,2,14,458,48,32,3,541,0,0,0,541
04/15/2023,SDF,KY,ASO,CE,Combined TRACON& Tower with Radar,280,36,17,0,333,0,2,2,0,4,280,38,19,0,337,0,0,0,337
04/16/2023,SDF,KY,ASO,CE,Combined TRACON& Tower with Radar,237,34,19,4,294,0,2,4,0,6,237,36,23,4,300,0,0,0,300
04/17/2023,SDF,KY,ASO,CE,Combined TRACON& Tower with Radar,262,21,31,0,314,0,1,1,0,2,262,22,32,0,316,0,0,0,316
04/18/2023,SDF,KY,ASO,CE,Combined TRACON& Tower with Radar,530,50,24,1,605,0,4,3,5,12,530,54,27,6,617,0,0,0,617
04/19/2023,SDF,KY,ASO,CE,Combined TRACON& Tower with Radar,511,43,26,3,583,0,6,6,7,19,511,49,32,10,602,0,0,0,602
04/20/2023,SDF,KY,ASO,CE,Combined TRACON& Tower with Radar,546,41,30,9,626,0,6,8,1,15,546,47,38,10,641,0,0,0,641
04/21/2023,SDF,KY,ASO,CE,Combined TRACON& Tower with Radar,467,39,25,13,544,0,0,7,10,17,467,39,32,23,561,0,0,0,561
04/22/2023,SDF,KY,ASO,CE,Combined TRACON& Tower with Radar,288,32,9,3,332,1,6,5,34,46,289,38,14,37,378,0,0,0,378
04/23/2023,SDF,KY,ASO,CE,Combined TRACON& Tower with Radar,246,35,16,8,305,0,0,8,4,12,246,35,24,12,317,0,0,0,317
04/24/2023,SDF,KY,ASO,CE,Combined TRACON& Tower with Radar,256,25,14,6,301,0,10,5,0,15,256,35,19,6,316,0,0,0,316
04/25/2023,SDF,KY,ASO,CE,Combined TRACON& Tower with Radar,528,50,11,3,592,0,2,9,4,15,528,52,20,7,607,0,0,0,607
04/26/2023,SDF,KY,ASO,CE,Combined TRACON& Tower with Radar,522,56,20,8,606,0,6,29,17,52,522,62,49,25,658,0,0,0,658
04/27/2023,SDF,KY,ASO,CE,Combined TRACON& Tower with Radar,531,48,23,6,608,0,2,1,2,5,531,50,24,8,613,0,0,0,613
04/28/2023,SDF,KY,ASO,CE,Combined TRACON& Tower with Radar,474,42,14,4,534,0,0,0,0,0,474,42,14,4,534,0,0,0,534
04/29/2023,SDF,KY,ASO,CE,Combined TRACON& Tower with Radar,286,43,23,1,353,0,3,8,0,11,286,46,31,1,364,0,0,0,364
04/30/2023,SDF,KY,ASO,CE,Combined TRACON& Tower with Radar,235,29,21,1,286,0,6,6,0,12,235,35,27,1,298,0,0,0,298
05/01/2023,SDF,KY,ASO,CE,Combined TRACON& Tower with Radar,248,22,23,0,293,0,0,3,0,3,248,22,26,0,296,0,0,0,296
05/02/2023,SDF,KY,ASO,CE,Combined TRACON& Tower with Radar,526,44,23,4,597,0,0,9,0,9,526,44,32,4,606,0,0,0,606
05/03/2023,SDF,KY,ASO,CE,Combined TRACON& Tower with Radar,544,75,37,3,659,0,0,6,1,7,544,75,43,4,666,0,0,0,666
05/04/2023,SDF,KY,ASO,CE,Combined TRACON& Tower with Radar,620,215,174,2,1011,0,9,13,1,23,620,224,187,3,1034,0,0,0,1034
05/05/2023,SDF,KY,ASO,CE,Combined TRACON& Tower with Radar,482,119,82,2,685,0,11,16,0,27,482,130,98,2,712,0,0,0,712
05/06/2023,SDF,KY,ASO,CE,Combined TRACON& Tower with Radar,295,140,144,0,579,0,9,14,4,27,295,149,158,4,606,0,0,0,606
05/07/2023,SDF,KY,ASO,CE,Combined TRACON& Tower with Radar,340,188,164,2,694,0,0,1,0,1,340,188,165,2,695,0,0,0,695
05/08/2023,SDF,KY,ASO,CE,Combined TRACON& Tower with Radar,274,47,28,2,351,0,0,0,2,2,274,47,28,4,353,0,0,0,353
05/09/2023,SDF,KY,ASO,CE,Combined TRACON& Tower with Radar,494,47,25,2,568,0,0,8,5,13,494,47,33,7,581,0,0,0,581
05/10/2023,SDF,KY,ASO,CE,Combined TRACON& Tower with Radar,539,51,32,1,623,0,1,10,2,13,539,52,42,3,636,0,0,0,636
05/11/2023,SDF,KY,ASO,CE,Combined TRACON& Tower with Radar,555,53,24,7,639,0,2,6,3,11,555,55,30,10,650,4,0,4,654
05/12/2023,SDF,KY,ASO,CE,Combined TRACON& Tower with Radar,485,38,17,3,543,0,0,1,0,1,485,38,18,3,544,0,0,0,544
05/13/2023,SDF,KY,ASO,CE,Combined TRACON& Tower with Radar,313,38,19,0,370,0,1,0,0,1,313,39,19,0,371,0,0,0,371
05/14/2023,SDF,KY,ASO,CE,Combined TRACON& Tower with Radar,244,16,15,0,275,0,0,4,0,4,244,16,19,0,279,0,0,0,279
05/15/2023,SDF,KY,ASO,CE,Combined TRACON& Tower with Radar,276,20,24,7,327,0,2,5,0,7,276,22,29,7,334,0,0,0,334
05/16/2023,SDF,KY,ASO,CE,Combined TRACON& Tower with Radar,539,36,23,4,602,0,0,2,0,2,539,36,25,4,604,0,0,0,604
05/17/2023,SDF,KY,ASO,CE,Combined TRACON& Tower with Radar,540,37,21,2,600,0,2,10,8,20,540,39,31,10,620,0,0,0,620
05/18/2023,SDF,KY,ASO,CE,Combined TRACON& Tower with Radar,562,34,27,4,627,0,2,14,3,19,562,36,41,7,646,0,0,0,646
05/19/2023,SDF,KY,ASO,CE,Combined TRACON& Tower with Radar,497,52,27,13,589,0,4,5,8,17,497,56,32,21,606,12,0,12,618
05/20/2023,SDF,KY,ASO,CE,Combined TRACON& Tower with Radar,302,40,22,3,367,0,4,1,6,11,302,44,23,9,378,0,0,0,378
05/21/2023,SDF,KY,ASO,CE,Combined TRACON& Tower with Radar,250,25,28,0,303,0,4,0,4,8,250,29,28,4,311,0,0,0,311
05/22/2023,SDF,KY,ASO,CE,Combined TRACON& Tower with Radar,263,16,17,0,296,0,4,5,0,9,263,20,22,0,305,0,0,0,305
05/23/2023,SDF,KY,ASO,CE,Combined TRACON& Tower with Radar,547,42,14,2,605,0,2,13,8,23,547,44,27,10,628,0,0,0,628
05/24/2023,SDF,KY,ASO,CE,Combined TRACON& Tower with Radar,536,57,34,1,628,0,4,12,10,26,536,61,46,11,654,0,0,0,654
05/25/2023,SDF,KY,ASO,CE,Combined TRACON& Tower with Radar,538,34,33,2,607,0,0,5,3,8,538,34,38,5,615,0,0,0,615
05/26/2023,SDF,KY,ASO,CE,Combined TRACON& Tower with Radar,506,39,28,4,577,0,2,9,0,11,506,41,37,4,588,16,0,16,604
05/27/2023,SDF,KY,ASO,CE,Combined TRACON& Tower with Radar,294,33,8,0,335,0,5,2,2,9,294,38,10,2,344,0,0,0,344
05/28/2023,SDF,KY,ASO,CE,Combined TRACON& Tower with Radar,229,21,7,1,258,0,2,0,0,2,229,23,7,1,260,0,0,0,260
05/29/2023,SDF,KY,ASO,CE,Combined TRACON& Tower with Radar,202,11,15,7,235,0,4,10,2,16,202,15,25,9,251,0,0,0,251
05/30/2023,SDF,KY,ASO,CE,Combined TRACON& Tower with Radar,359,21,20,9,409,0,2,23,11,36,359,23,43,20,445,0,0,0,445
05/31/2023,SDF,KY,ASO,CE,Combined TRACON& Tower with Radar,536,29,25,2,592,0,3,8,0,11,536,32,33,2,603,10,12,22,625
06/01/2023,SDF,KY,ASO,CE,Combined TRACON& Tower with Radar,550,41,25,0,616,1,5,14,2,22,551,46,39,2,638,0,0,0,638
06/02/2023,SDF,KY,ASO,CE,Combined TRACON& Tower with Radar,451,36,27,1,515,0,5,3,4,12,451,41,30,5,527,0,0,0,527
06/03/2023,SDF,KY,ASO,CE,Combined TRACON& Tower with Radar,291,42,17,0,350,0,10,11,4,25,291,52,28,4,375,0,0,0,375
06/04/2023,SDF,KY,ASO,CE,Combined TRACON& Tower with Radar,250,30,21,1,302,0,3,8,0,11,250,33,29,1,313,0,0,0,313
06/05/2023,SDF,KY,ASO,CE,Combined TRACON& Tower with Radar,272,25,15,5,317,0,8,7,2,17,272,33,22,7,334,0,0,0,334
06/06/2023,SDF,KY,ASO,CE,Combined TRACON& Tower with Radar,514,53,12,2,581,0,6,1,6,13,514,59,13,8,594,0,0,0,594
06/07/2023,SDF,KY,ASO,CE,Combined TRACON& Tower with Radar,537,48,33,5,623,1,2,6,0,9,538,50,39,5,632,0,0,0,632
06/08/2023,SDF,KY,ASO,CE,Combined TRACON& Tower with Radar,526,40,19,2,587,0,4,8,3,15,526,44,27,5,602,0,0,0,602
06/09/2023,SDF,KY,ASO,CE,Combined TRACON& Tower with Radar,447,53,15,7,522,0,3,8,3,14,447,56,23,10,536,0,0,0,536
06/10/2023,SDF,KY,ASO,CE,Combined TRACON& Tower with Radar,311,40,10,4,365,0,2,7,1,10,311,42,17,5,375,0,0,0,375
06/11/2023,SDF,KY,ASO,CE,Combined TRACON& Tower with Radar,250,30,21,1,302,0,3,8,0,11,250,33,29,1,313,0,0,0,313
06/12/2023,SDF,KY,ASO,CE,Combined TRACON& Tower with Radar,264,27,23,4,318,1,4,5,0,10,265,31,28,4,328,0,0,0,328
06/13/2023,SDF,KY,ASO,CE,Combined TRACON& Tower with Radar,543,40,17,1,601,0,2,4,3,9,543,42,21,4,610,0,0,0,610
06/14/2023,SDF,KY,ASO,CE,Combined TRACON& Tower with Radar,523,45,24,4,596,1,4,3,2,10,524,49,27,6,606,0,0,0,606
06/15/2023,SDF,KY,ASO,CE,Combined TRACON& Tower with Radar,527,40,22,7,596,0,0,4,3,7,527,40,26,10,603,0,0,0,603
06/16/2023,SDF,KY,ASO,CE,Combined TRACON& Tower with Radar,466,53,17,5,541,0,1,3,0,4,466,54,20,5,545,0,0,0,545
06/17/2023,SDF,KY,ASO,CE,Combined TRACON& Tower with Radar,313,44,10,0,367,0,1,7,0,8,313,45,17,0,375,0,0,0,375
06/18/2023,SDF,KY,ASO,CE,Combined TRACON& Tower with Radar,254,29,10,1,294,0,2,3,2,7,254,31,13,3,301,0,0,0,301
06/19/2023,SDF,KY,ASO,CE,Combined TRACON& Tower with Radar,272,34,19,0,325,0,0,0,2,2,272,34,19,2,327,0,0,0,327
06/20/2023,SDF,KY,ASO,CE,Combined TRACON& Tower with Radar,513,51,29,2,595,0,0,0,0,0,513,51,29,2,595,0,0,0,595
06/21/2023,SDF,KY,ASO,CE,Combined TRACON& Tower with Radar,523,44,17,3,587,0,2,4,3,9,523,46,21,6,596,0,0,0,596
06/22/2023,SDF,KY,ASO,CE,Combined TRACON& Tower with Radar,531,57,43,13,644,0,3,5,1,9,531,60,48,14,653,0,0,0,653
06/23/2023,SDF,KY,ASO,CE,Combined TRACON& Tower with Radar,460,49,16,6,531,0,2,0,3,5,460,51,16,9,536,0,0,0,536
06/24/2023,SDF,KY,ASO,CE,Combined TRACON& Tower with Radar,311,40,14,3,368,0,2,2,0,4,311,42,16,3,372,0,0,0,372
06/25/2023,SDF,KY,ASO,CE,Combined TRACON& Tower with Radar,226,15,16,8,265,0,0,1,0,1,226,15,17,8,266,0,0,0,266
06/26/2023,SDF,KY,ASO,CE,Combined TRACON& Tower with Radar,271,39,23,0,333,0,2,6,0,8,271,41,29,0,341,0,0,0,341
06/27/2023,SDF,KY,ASO,CE,Combined TRACON& Tower with Radar,524,49,20,0,593,0,4,2,0,6,524,53,22,0,599,0,0,0,599
06/28/2023,SDF,KY,ASO,CE,Combined TRACON& Tower with Radar,527,52,20,0,599,0,0,2,0,2,527,52,22,0,601,0,0,0,601
06/29/2023,SDF,KY,ASO,CE,Combined TRACON& Tower with Radar,529,49,30,0,608,0,0,0,0,0,529,49,30,0,608,0,0,0,608
06/30/2023,SDF,KY,ASO,CE,Combined TRACON& Tower with Radar,453,36,33,4,526,0,7,4,2,13,453,43,37,6,539,0,0,0,539
07/01/2023,SDF,KY,ASO,CE,Combined TRACON& Tower with Radar,317,28,19,2,366,0,0,4,0,4,317,28,23,2,370,0,0,0,370
07/02/2023,SDF,KY,ASO,CE,Combined TRACON& Tower with Radar,250,13,11,2,276,0,0,0,2,2,250,13,11,4,278,0,0,0,278
07/03/2023,SDF,KY,ASO,CE,Combined TRACON& Tower with Radar,261,9,6,2,278,0,1,4,2,7,261,10,10,4,285,0,0,0,285
07/04/2023,SDF,KY,ASO,CE,Combined TRACON& Tower with Radar,275,9,2,2,288,0,3,7,0,10,275,12,9,2,298,0,0,0,298
07/05/2023,SDF,KY,ASO,CE,Combined TRACON& Tower with Radar,425,29,25,1,480,0,4,8,2,14,425,33,33,3,494,0,0,0,494
07/06/2023,SDF,KY,ASO,CE,Combined TRACON& Tower with Radar,520,36,17,4,577,0,2,7,6,15,520,38,24,10,592,0,0,0,592
07/07/2023,SDF,KY,ASO,CE,Combined TRACON& Tower with Radar,447,29,20,3,499,0,2,11,2,15,447,31,31,5,514,0,0,0,514
07/08/2023,SDF,KY,ASO,CE,Combined TRACON& Tower with Radar,316,35,11,1,363,0,1,1,0,2,316,36,12,1,365,0,0,0,365
07/09/2023,SDF,KY,ASO,CE,Combined TRACON& Tower with Radar,252,36,24,0,312,0,0,2,2,4,252,36,26,2,316,0,0,0,316
07/10/2023,SDF,KY,ASO,CE,Combined TRACON& Tower with Radar,276,29,15,2,322,0,6,0,0,6,276,35,15,2,328,0,0,0,328
07/11/2023,SDF,KY,ASO,CE,Combined TRACON& Tower with Radar,518,39,19,14,590,0,6,9,7,22,518,45,28,21,612,0,0,0,612
07/12/2023,SDF,KY,ASO,CE,Combined TRACON& Tower with Radar,540,53,38,2,633,0,0,7,8,15,540,53,45,10,648,0,0,0,648
07/13/2023,SDF,KY,ASO,CE,Combined TRACON& Tower with Radar,532,40,25,4,601,0,6,14,5,25,532,46,39,9,626,0,0,0,626
07/14/2023,SDF,KY,ASO,CE,Combined TRACON& Tower with Radar,468,35,10,6,519,0,3,8,5,16,468,38,18,11,535,0,0,0,535
07/15/2023,SDF,KY,ASO,CE,Combined TRACON& Tower with Radar,305,32,6,2,345,0,3,1,3,7,305,35,7,5,352,0,0,0,352
07/16/2023,SDF,KY,ASO,CE,Combined TRACON& Tower with Radar,248,13,9,2,272,0,4,2,4,10,248,17,11,6,282,0,0,0,282
07/17/2023,SDF,KY,ASO,CE,Combined TRACON& Tower with Radar,293,23,25,1,342,0,8,2,4,14,293,31,27,5,356,0,0,0,356
07/18/2023,SDF,KY,ASO,CE,Combined TRACON& Tower with Radar,532,35,18,7,592,0,0,0,1,1,532,35,18,8,593,0,0,0,593
07/19/2023,SDF,KY,ASO,CE,Combined TRACON& Tower with Radar,564,47,12,6,629,0,0,4,6,10,564,47,16,12,639,0,0,0,639
07/20/2023,SDF,KY,ASO,CE,Combined TRACON& Tower with Radar,530,34,19,5,588,0,7,6,3,16,530,41,25,8,604,0,0,0,604
07/21/2023,SDF,KY,ASO,CE,Combined TRACON& Tower with Radar,458,42,20,0,520,0,1,7,0,8,458,43,27,0,528,0,0,0,528
07/22/2023,SDF,KY,ASO,CE,Combined TRACON& Tower with Radar,322,33,10,1,366,0,2,4,0,6,322,35,14,1,372,0,0,0,372
07/23/2023,SDF,KY,ASO,CE,Combined TRACON& Tower with Radar,253,19,13,0,285,0,2,6,4,12,253,21,19,4,297,0,0,0,297
07/24/2023,SDF,KY,ASO,CE,Combined TRACON& Tower with Radar,283,27,12,0,322,0,2,0,0,2,283,29,12,0,324,0,0,0,324
07/25/2023,SDF,KY,ASO,CE,Combined TRACON& Tower with Radar,509,34,20,1,564,0,1,6,5,12,509,35,26,6,576,0,0,0,576
07/26/2023,SDF,KY,ASO,CE,Combined TRACON& Tower with Radar,504,50,18,4,576,0,5,1,7,13,504,55,19,11,589,0,0,0,589
07/27/2023,SDF,KY,ASO,CE,Combined TRACON& Tower with Radar,518,36,23,6,583,0,5,1,4,10,518,41,24,10,593,0,0,0,593
07/28/2023,SDF,KY,ASO,CE,Combined TRACON& Tower with Radar,424,43,18,2,487,0,4,3,0,7,424,47,21,2,494,0,0,0,494
07/29/2023,SDF,KY,ASO,CE,Combined TRACON& Tower with Radar,316,37,10,7,370,0,9,3,3,15,316,46,13,10,385,0,0,0,385
07/30/2023,SDF,KY,ASO,CE,Combined TRACON& Tower with Radar,253,19,9,2,283,0,3,4,0,7,253,22,13,2,290,0,0,0,290
07/31/2023,SDF,KY,ASO,CE,Combined TRACON& Tower with Radar,281,25,8,4,318,0,2,4,3,9,281,27,12,7,327,0,0,0,327
08/01/2023,SDF,KY,ASO,CE,Combined TRACON& Tower with Radar,501,45,22,9,577,0,0,9,7,16,501,45,31,16,593,0,0,0,593
08/02/2023,SDF,KY,ASO,CE,Combined TRACON& Tower with Radar,503,45,14,6,568,0,5,3,1,9,503,50,17,7,577,0,0,0,577
08/03/2023,SDF,KY,ASO,CE,Combined TRACON& Tower with Radar,502,32,16,4,554,0,4,1,1,6,502,36,17,5,560,0,0,0,560
08/04/2023,SDF,KY,ASO,CE,Combined TRACON& Tower with Radar,432,23,11,5,471,0,5,9,1,15,432,28,20,6,486,0,0,0,486
08/05/2023,SDF,KY,ASO,CE,Combined TRACON& Tower with Radar,298,30,8,5,341,0,5,8,8,21,298,35,16,13,362,0,0,0,362
08/06/2023,SDF,KY,ASO,CE,Combined TRACON& Tower with Radar,240,13,13,4,270,0,0,1,3,4,240,13,14,7,274,0,0,0,274
08/07/2023,SDF,KY,ASO,CE,Combined TRACON& Tower with Radar,256,15,21,1,293,0,0,0,0,0,256,15,21,1,293,0,0,0,293
08/08/2023,SDF,KY,ASO,CE,Combined TRACON& Tower with Radar,516,43,12,3,574,0,7,10,5,22,516,50,22,8,596,1,1,2,598
08/09/2023,SDF,KY,ASO,CE,Combined TRACON& Tower with Radar,497,40,15,2,554,0,2,7,3,12,497,42,22,5,566,0,0,0,566
08/10/2023,SDF,KY,ASO,CE,Combined TRACON& Tower with Radar,516,28,28,0,572,0,12,5,0,17,516,40,33,0,589,0,0,0,589
08/11/2023,SDF,KY,ASO,CE,Combined TRACON& Tower with Radar,416,23,13,4,456,0,2,4,0,6,416,25,17,4,462,0,0,0,462
08/12/2023,SDF,KY,ASO,CE,Combined TRACON& Tower with Radar,310,26,9,0,345,0,11,7,1,19,310,37,16,1,364,0,0,0,364
08/13/2023,SDF,KY,ASO,CE,Combined TRACON& Tower with Radar,243,21,8,3,275,0,6,2,2,10,243,27,10,5,285,0,0,0,285
08/14/2023,SDF,KY,ASO,CE,Combined TRACON& Tower with Radar,265,17,14,3,299,0,0,2,2,4,265,17,16,5,303,0,0,0,303
08/15/2023,SDF,KY,ASO,CE,Combined TRACON& Tower with Radar,506,42,23,4,575,0,5,2,5,12,506,47,25,9,587,0,0,0,587
08/16/2023,SDF,KY,ASO,CE,Combined TRACON& Tower with Radar,495,48,19,4,566,0,0,5,2,7,495,48,24,6,573,0,0,0,573
08/17/2023,SDF,KY,ASO,CE,Combined TRACON& Tower with Radar,504,40,29,7,580,0,4,3,7,14,504,44,32,14,594,0,0,0,594
08/18/2023,SDF,KY,ASO,CE,Combined TRACON& Tower with Radar,425,37,16,6,484,0,0,6,1,7,425,37,22,7,491,0,0,0,491
08/19/2023,SDF,KY,ASO,CE,Combined TRACON& Tower with Radar,313,28,17,2,360,0,8,2,5,15,313,36,19,7,375,0,0,0,375
08/20/2023,SDF,KY,ASO,CE,Combined TRACON& Tower with Radar,237,20,12,2,271,0,0,1,3,4,237,20,13,5,275,0,0,0,275
08/21/2023,SDF,KY,ASO,CE,Combined TRACON& Tower with Radar,268,8,26,0,302,0,5,7,0,12,268,13,33,0,314,0,0,0,314
08/22/2023,SDF,KY,ASO,CE,Combined TRACON& Tower with Radar,497,29,16,4,546,0,6,12,6,24,497,35,28,10,570,0,0,0,570
08/23/2023,SDF,KY,ASO,CE,Combined TRACON& Tower with Radar,504,36,29,2,571,0,2,22,4,28,504,38,51,6,599,0,0,0,599
08/24/2023,SDF,KY,ASO,CE,Combined TRACON& Tower with Radar,503,41,25,4,573,0,0,10,1,11,503,41,35,5,584,0,0,0,584
08/25/2023,SDF,KY,ASO,CE,Combined TRACON& Tower with Radar,411,41,23,3,478,0,0,3,0,3,411,41,26,3,481,0,0,0,481
08/26/2023,SDF,KY,ASO,CE,Combined TRACON& Tower with Radar,326,35,13,1,375,0,0,5,0,5,326,35,18,1,380,0,0,0,380
08/27/2023,SDF,KY,ASO,CE,Combined TRACON& Tower with Radar,228,35,28,0,291,0,3,2,0,5,228,38,30,0,296,0,0,0,296
08/28/2023,SDF,KY,ASO,CE,Combined TRACON& Tower with Radar,269,18,17,4,308,0,3,3,0,6,269,21,20,4,314,0,0,0,314
08/29/2023,SDF,KY,ASO,CE,Combined TRACON& Tower with Radar,504,32,16,6,558,0,1,6,3,10,504,33,22,9,568,0,0,0,568
08/30/2023,SDF,KY,ASO,CE,Combined TRACON& Tower with Radar,493,42,18,3,556,0,4,8,3,15,493,46,26,6,571,0,0,0,571
08/31/2023,SDF,KY,ASO,CE,Combined TRACON& Tower with Radar,528,34,17,4,583,0,2,3,0,5,528,36,20,4,588,0,0,0,588
