01/01/2020,SDL,AZ,AWP,WE,Towers with Radar,0,38,60,0,98,0,0,88,0,88,0,38,148,0,186,231,0,231,417
01/02/2020,SDL,AZ,AWP,WE,Towers with Radar,0,54,97,2,153,0,10,195,0,205,0,64,292,2,358,206,0,206,564
01/03/2020,SDL,AZ,AWP,WE,Towers with Radar,0,78,109,2,189,0,12,178,0,190,0,90,287,2,379,226,0,226,605
01/04/2020,SDL,AZ,AWP,WE,Towers with Radar,1,61,106,0,168,0,7,167,0,174,1,68,273,0,342,188,0,188,530
01/05/2020,SDL,AZ,AWP,WE,Towers with Radar,0,57,96,0,153,0,3,141,0,144,0,60,237,0,297,154,0,154,451
01/06/2020,SDL,AZ,AWP,WE,Towers with Radar,0,42,85,0,127,0,0,183,7,190,0,42,268,7,317,318,0,318,635
01/07/2020,SDL,AZ,AWP,WE,Towers with Radar,0,30,71,0,101,0,2,208,4,214,0,32,279,4,315,307,0,307,622
01/08/2020,SDL,AZ,AWP,WE,Towers with Radar,0,50,87,2,139,0,8,206,0,214,0,58,293,2,353,289,0,289,642
01/09/2020,SDL,AZ,AWP,WE,Towers with Radar,0,53,93,0,146,0,5,158,0,163,0,58,251,0,309,309,0,309,618
01/10/2020,SDL,AZ,AWP,WE,Towers with Radar,0,55,115,2,172,0,6,207,5,218,0,61,322,7,390,204,0,204,594
01/11/2020,SDL,AZ,AWP,WE,Towers with Radar,0,36,75,0,111,0,5,152,5,162,0,41,227,5,273,183,0,183,456
01/12/2020,SDL,AZ,AWP,WE,Towers with Radar,0,48,103,0,151,0,5,135,2,142,0,53,238,2,293,106,0,106,399
01/13/2020,SDL,AZ,AWP,WE,Towers with Radar,0,40,81,3,124,0,1,193,0,194,0,41,274,3,318,247,0,247,565
01/14/2020,SDL,AZ,AWP,WE,Towers with Radar,0,44,99,0,143,0,1,221,3,225,0,45,320,3,368,355,0,355,723
01/15/2020,SDL,AZ,AWP,WE,Towers with Radar,0,85,132,0,217,0,0,215,1,216,0,85,347,1,433,101,0,101,534
01/16/2020,SDL,AZ,AWP,WE,Towers with Radar,0,68,123,0,191,0,3,170,0,173,0,71,293,0,364,217,0,217,581
01/17/2020,SDL,AZ,AWP,WE,Towers with Radar,0,60,145,0,205,0,1,193,0,194,0,61,338,0,399,148,0,148,547
01/18/2020,SDL,AZ,AWP,WE,Towers with Radar,0,66,136,0,202,0,2,162,0,164,0,68,298,0,366,106,0,106,472
01/19/2020,SDL,AZ,AWP,WE,Towers with Radar,1,64,155,0,220,0,7,138,0,145,1,71,293,0,365,95,0,95,460
01/20/2020,SDL,AZ,AWP,WE,Towers with Radar,0,63,140,0,203,0,1,167,0,168,0,64,307,0,371,210,0,210,581
01/21/2020,SDL,AZ,AWP,WE,Towers with Radar,0,38,101,0,139,0,0,36,0,36,0,38,137,0,175,123,0,123,298
01/22/2020,SDL,AZ,AWP,WE,Towers with Radar,0,63,123,2,188,0,3,162,0,165,0,66,285,2,353,345,0,345,698
01/23/2020,SDL,AZ,AWP,WE,Towers with Radar,1,61,112,1,175,0,11,254,0,265,1,72,366,1,440,246,0,246,686
01/24/2020,SDL,AZ,AWP,WE,Towers with Radar,0,47,118,6,171,0,4,213,3,220,0,51,331,9,391,246,2,248,639
01/25/2020,SDL,AZ,AWP,WE,Towers with Radar,0,32,80,0,112,0,4,194,6,204,0,36,274,6,316,180,0,180,496
01/26/2020,SDL,AZ,AWP,WE,Towers with Radar,0,71,114,5,190,3,7,149,2,161,3,78,263,7,351,183,0,183,534
01/27/2020,SDL,AZ,AWP,WE,Towers with Radar,0,54,118,1,173,0,0,170,1,171,0,54,288,2,344,231,0,231,575
01/28/2020,SDL,AZ,AWP,WE,Towers with Radar,0,52,134,0,186,0,5,209,0,214,0,57,343,0,400,265,0,265,665
01/29/2020,SDL,AZ,AWP,WE,Towers with Radar,0,60,120,2,182,0,5,200,2,207,0,65,320,4,389,259,0,259,648
01/30/2020,SDL,AZ,AWP,WE,Towers with Radar,0,75,157,0,232,0,2,206,1,209,0,77,363,1,441,171,0,171,612
01/31/2020,SDL,AZ,AWP,WE,Towers with Radar,2,84,149,1,236,0,0,170,2,172,2,84,319,3,408,100,0,100,508
02/01/2020,SDL,AZ,AWP,CE,Towers with Radar,0,58,114,4,176,0,5,166,6,177,0,63,280,10,353,83,0,83,436
02/02/2020,SDL,AZ,AWP,CE,Towers with Radar,0,87,80,1,168,0,0,120,2,122,0,87,200,3,290,187,0,187,477
02/03/2020,SDL,AZ,AWP,CE,Towers with Radar,0,85,126,0,211,0,6,117,0,123,0,91,243,0,334,263,0,263,597
02/04/2020,SDL,AZ,AWP,CE,Towers with Radar,1,51,88,2,142,0,10,224,1,235,1,61,312,3,377,341,0,341,718
02/05/2020,SDL,AZ,AWP,CE,Towers with Radar,0,51,111,0,162,0,6,234,0,240,0,57,345,0,402,291,0,291,693
02/06/2020,SDL,AZ,AWP,CE,Towers with Radar,0,71,104,0,175,0,3,250,0,253,0,74,354,0,428,244,0,244,672
02/07/2020,SDL,AZ,AWP,CE,Towers with Radar,0,55,109,1,165,0,4,220,1,225,0,59,329,2,390,241,0,241,631
02/08/2020,SDL,AZ,AWP,CE,Towers with Radar,0,46,79,0,125,0,5,188,1,194,0,51,267,1,319,234,0,234,553
02/09/2020,SDL,AZ,AWP,CE,Towers with Radar,0,66,99,1,166,0,8,108,1,117,0,74,207,2,283,191,0,191,474
02/10/2020,SDL,AZ,AWP,CE,Towers with Radar,0,53,87,0,140,0,3,131,0,134,0,56,218,0,274,254,0,254,528
02/11/2020,SDL,AZ,AWP,CE,Towers with Radar,0,57,104,2,163,0,3,105,0,108,0,60,209,2,271,259,0,259,530
02/12/2020,SDL,AZ,AWP,CE,Towers with Radar,0,66,101,2,169,0,3,252,0,255,0,69,353,2,424,210,0,210,634
02/13/2020,SDL,AZ,AWP,CE,Towers with Radar,1,66,125,3,195,0,15,247,0,262,1,81,372,3,457,192,0,192,649
02/14/2020,SDL,AZ,AWP,CE,Towers with Radar,0,70,128,1,199,0,6,272,2,280,0,76,400,3,479,225,0,225,704
02/15/2020,SDL,AZ,AWP,CE,Towers with Radar,0,56,75,1,132,0,6,153,4,163,0,62,228,5,295,304,0,304,599
02/16/2020,SDL,AZ,AWP,CE,Towers with Radar,0,58,100,4,162,0,11,171,7,189,0,69,271,11,351,244,3,247,598
02/17/2020,SDL,AZ,AWP,CE,Towers with Radar,0,78,140,1,219,0,2,202,3,207,0,80,342,4,426,185,0,185,611
02/18/2020,SDL,AZ,AWP,CE,Towers with Radar,0,44,102,1,147,0,0,218,0,218,0,44,320,1,365,334,0,334,699
02/19/2020,SDL,AZ,AWP,CE,Towers with Radar,0,70,121,5,196,0,4,208,1,213,0,74,329,6,409,202,0,202,611
02/20/2020,SDL,AZ,AWP,CE,Towers with Radar,0,74,116,0,190,0,5,213,0,218,0,79,329,0,408,268,0,268,676
02/21/2020,SDL,AZ,AWP,CE,Towers with Radar,0,66,115,0,181,0,6,188,1,195,0,72,303,1,376,166,0,166,542
02/22/2020,SDL,AZ,AWP,CE,Towers with Radar,0,55,82,0,137,0,1,1,0,2,0,56,83,0,139,9,0,9,148
02/23/2020,SDL,AZ,AWP,CE,Towers with Radar,0,85,125,0,210,0,0,152,9,161,0,85,277,9,371,210,0,210,581
02/24/2020,SDL,AZ,AWP,CE,Towers with Radar,0,46,111,2,159,0,0,210,0,210,0,46,321,2,369,300,0,300,669
02/25/2020,SDL,AZ,AWP,CE,Towers with Radar,0,62,83,0,145,0,5,131,0,136,0,67,214,0,281,129,0,129,410
02/26/2020,SDL,AZ,AWP,CE,Towers with Radar,0,52,118,2,172,0,5,234,0,239,0,57,352,2,411,326,0,326,737
02/27/2020,SDL,AZ,AWP,CE,Towers with Radar,0,58,120,2,180,0,9,214,0,223,0,67,334,2,403,311,0,311,714
02/28/2020,SDL,AZ,AWP,CE,Towers with Radar,0,62,103,1,166,0,6,250,0,256,0,68,353,1,422,256,0,256,678
02/29/2020,SDL,AZ,AWP,CE,Towers with Radar,0,56,82,0,138,0,9,211,2,222,0,65,293,2,360,258,0,258,618
03/01/2020,SDL,AZ,AWP,CE,Towers with Radar,0,63,112,2,177,0,3,134,4,141,0,66,246,6,318,155,0,155,473
03/02/2020,SDL,AZ,AWP,CE,Towers with Radar,0,51,82,1,134,0,3,157,0,160,0,54,239,1,294,198,0,198,492
03/03/2020,SDL,AZ,AWP,CE,Towers with Radar,0,68,94,0,162,0,7,232,0,239,0,75,326,0,401,225,0,225,626
03/04/2020,SDL,AZ,AWP,CE,Towers with Radar,0,71,107,0,178,0,2,197,0,199,0,73,304,0,377,125,0,125,502
03/05/2020,SDL,AZ,AWP,CE,Towers with Radar,0,79,105,0,184,0,2,226,0,228,0,81,331,0,412,174,0,174,586
03/06/2020,SDL,AZ,AWP,CE,Towers with Radar,0,69,114,0,183,0,1,160,4,165,0,70,274,4,348,155,0,155,503
03/07/2020,SDL,AZ,AWP,CE,Towers with Radar,0,47,83,0,130,0,8,178,0,186,0,55,261,0,316,132,0,132,448
03/08/2020,SDL,AZ,AWP,CE,Towers with Radar,0,99,118,0,217,0,12,120,0,132,0,111,238,0,349,240,0,240,589
03/09/2020,SDL,AZ,AWP,CE,Towers with Radar,0,59,103,0,162,0,4,211,1,216,0,63,314,1,378,264,0,264,642
03/10/2020,SDL,AZ,AWP,CE,Towers with Radar,0,42,121,2,165,0,0,132,0,132,0,42,253,2,297,347,0,347,644
03/11/2020,SDL,AZ,AWP,CE,Towers with Radar,0,59,120,0,179,0,0,35,0,35,0,59,155,0,214,18,0,18,232
03/12/2020,SDL,AZ,AWP,CE,Towers with Radar,0,59,144,0,203,0,2,67,0,69,0,61,211,0,272,117,0,117,389
03/13/2020,SDL,AZ,AWP,CE,Towers with Radar,0,80,116,0,196,0,1,80,0,81,0,81,196,0,277,154,0,154,431
03/14/2020,SDL,AZ,AWP,CE,Towers with Radar,0,69,104,0,173,0,6,198,0,204,0,75,302,0,377,179,0,179,556
03/15/2020,SDL,AZ,AWP,CE,Towers with Radar,0,94,140,0,234,0,4,161,0,165,0,98,301,0,399,132,0,132,531
03/16/2020,SDL,AZ,AWP,CE,Towers with Radar,0,63,115,0,178,0,2,217,0,219,0,65,332,0,397,244,0,244,641
03/17/2020,SDL,AZ,AWP,CE,Towers with Radar,0,69,111,0,180,0,10,200,2,212,0,79,311,2,392,238,0,238,630
03/18/2020,SDL,AZ,AWP,CE,Towers with Radar,0,52,85,0,137,0,0,58,0,58,0,52,143,0,195,167,0,167,362
03/19/2020,SDL,AZ,AWP,CE,Towers with Radar,0,54,71,0,125,0,14,119,2,135,0,68,190,2,260,262,0,262,522
03/20/2020,SDL,AZ,AWP,CE,Towers with Radar,0,57,71,2,130,0,11,190,2,203,0,68,261,4,333,341,0,341,674
03/21/2020,SDL,AZ,AWP,CE,Towers with Radar,0,50,68,0,118,0,0,138,0,138,0,50,206,0,256,239,0,239,495
03/22/2020,SDL,AZ,AWP,CE,Towers with Radar,0,40,61,0,101,0,10,121,0,131,0,50,182,0,232,294,0,294,526
03/23/2020,SDL,AZ,AWP,CE,Towers with Radar,0,39,34,0,73,0,13,113,2,128,0,52,147,2,201,169,0,169,370
03/24/2020,SDL,AZ,AWP,CE,Towers with Radar,0,37,40,0,77,0,6,162,2,170,0,43,202,2,247,371,0,371,618
03/25/2020,SDL,AZ,AWP,CE,Towers with Radar,0,44,37,0,81,0,3,193,2,198,0,47,230,2,279,323,0,323,602
03/26/2020,SDL,AZ,AWP,CE,Towers with Radar,0,34,37,0,71,0,7,152,0,159,0,41,189,0,230,347,0,347,577
03/27/2020,SDL,AZ,AWP,CE,Towers with Radar,0,37,47,0,84,0,7,100,0,107,0,44,147,0,191,234,0,234,425
03/28/2020,SDL,AZ,AWP,CE,Towers with Radar,0,26,24,0,50,0,9,142,0,151,0,35,166,0,201,310,0,310,511
03/29/2020,SDL,AZ,AWP,CE,Towers with Radar,0,43,40,0,83,0,15,94,0,109,0,58,134,0,192,202,0,202,394
03/30/2020,SDL,AZ,AWP,CE,Towers with Radar,0,24,27,0,51,0,14,140,0,154,0,38,167,0,205,337,0,337,542
03/31/2020,SDL,AZ,AWP,CE,Towers with Radar,0,30,28,0,58,0,5,151,0,156,0,35,179,0,214,324,0,324,538
04/01/2020,SDL,AZ,AWP,CE,Towers with Radar,0,32,34,0,66,0,3,140,0,143,0,35,174,0,209,242,0,242,451
04/02/2020,SDL,AZ,AWP,CE,Towers with Radar,0,27,38,0,65,0,1,137,0,138,0,28,175,0,203,179,0,179,382
04/03/2020,SDL,AZ,AWP,CE,Towers with Radar,0,33,34,0,67,0,3,171,0,174,0,36,205,0,241,172,0,172,413
04/04/2020,SDL,AZ,AWP,CE,Towers with Radar,0,32,37,0,69,0,0,119,0,119,0,32,156,0,188,182,0,182,370
04/05/2020,SDL,AZ,AWP,CE,Towers with Radar,0,25,17,0,42,0,3,93,0,96,0,28,110,0,138,125,0,125,263
04/06/2020,SDL,AZ,AWP,CE,Towers with Radar,0,32,26,0,58,0,3,137,0,140,0,35,163,0,198,313,0,313,511
04/07/2020,SDL,AZ,AWP,CE,Towers with Radar,0,27,26,1,54,0,4,188,1,193,0,31,214,2,247,324,0,324,571
04/08/2020,SDL,AZ,AWP,CE,Towers with Radar,0,18,26,0,44,0,8,133,0,141,0,26,159,0,185,197,0,197,382
04/09/2020,SDL,AZ,AWP,CE,Towers with Radar,0,30,41,0,71,0,10,178,0,188,0,40,219,0,259,431,0,431,690
04/10/2020,SDL,AZ,AWP,CE,Towers with Radar,0,33,40,0,73,0,9,137,0,146,0,42,177,0,219,330,0,330,549
04/11/2020,SDL,AZ,AWP,CE,Towers with Radar,0,27,33,0,60,0,7,79,0,86,0,34,112,0,146,340,0,340,486
04/12/2020,SDL,AZ,AWP,CE,Towers with Radar,0,15,16,0,31,0,7,98,0,105,0,22,114,0,136,289,0,289,425
04/13/2020,SDL,AZ,AWP,CE,Towers with Radar,0,30,41,0,71,0,1,128,0,129,0,31,169,0,200,258,0,258,458
04/14/2020,SDL,AZ,AWP,CE,Towers with Radar,0,39,45,0,84,0,11,163,0,174,0,50,208,0,258,251,0,251,509
04/15/2020,SDL,AZ,AWP,CE,Towers with Radar,0,35,50,0,85,0,5,204,0,209,0,40,254,0,294,358,6,364,658
04/16/2020,SDL,AZ,AWP,CE,Towers with Radar,0,32,48,0,80,0,16,151,0,167,0,48,199,0,247,325,0,325,572
04/17/2020,SDL,AZ,AWP,CE,Towers with Radar,0,43,41,2,86,0,12,144,0,156,0,55,185,2,242,312,0,312,554
04/18/2020,SDL,AZ,AWP,CE,Towers with Radar,0,42,28,1,71,0,22,139,2,163,0,64,167,3,234,276,0,276,510
04/19/2020,SDL,AZ,AWP,CE,Towers with Radar,0,32,45,0,77,0,17,123,0,140,0,49,168,0,217,215,0,215,432
04/20/2020,SDL,AZ,AWP,CE,Towers with Radar,0,44,46,2,92,0,11,130,2,143,0,55,176,4,235,364,0,364,599
04/21/2020,SDL,AZ,AWP,CE,Towers with Radar,0,32,41,1,74,0,10,166,0,176,0,42,207,1,250,323,0,323,573
04/22/2020,SDL,AZ,AWP,CE,Towers with Radar,0,45,52,0,97,2,25,174,0,201,2,70,226,0,298,358,0,358,656
04/23/2020,SDL,AZ,AWP,CE,Towers with Radar,0,26,50,1,77,0,22,187,1,210,0,48,237,2,287,307,0,307,594
04/24/2020,SDL,AZ,AWP,CE,Towers with Radar,0,33,56,0,89,0,5,191,0,196,0,38,247,0,285,354,0,354,639
04/25/2020,SDL,AZ,AWP,CE,Towers with Radar,0,30,45,0,75,0,14,168,0,182,0,44,213,0,257,305,0,305,562
04/26/2020,SDL,AZ,AWP,CE,Towers with Radar,0,34,38,0,72,0,17,102,0,119,0,51,140,0,191,200,0,200,391
04/27/2020,SDL,AZ,AWP,CE,Towers with Radar,0,30,70,0,100,0,7,157,0,164,0,37,227,0,264,294,0,294,558
04/28/2020,SDL,AZ,AWP,CE,Towers with Radar,0,28,56,0,84,0,18,184,0,202,0,46,240,0,286,272,0,272,558
04/29/2020,SDL,AZ,AWP,CE,Towers with Radar,0,38,60,0,98,0,17,200,0,217,0,55,260,0,315,348,0,348,663
04/30/2020,SDL,AZ,AWP,CE,Towers with Radar,0,43,57,0,100,0,14,162,0,176,0,57,219,0,276,337,0,337,613
05/01/2020,SDL,AZ,AWP,CE,Towers with Radar,0,48,63,0,111,0,10,177,0,187,0,58,240,0,298,383,0,383,681
05/02/2020,SDL,AZ,AWP,CE,Towers with Radar,0,34,55,0,89,0,11,139,0,150,0,45,194,0,239,272,0,272,511
05/03/2020,SDL,AZ,AWP,CE,Towers with Radar,0,44,53,0,97,0,14,122,0,136,0,58,175,0,233,253,0,253,486
05/04/2020,SDL,AZ,AWP,CE,Towers with Radar,0,35,64,1,100,0,13,163,0,176,0,48,227,1,276,358,0,358,634
05/05/2020,SDL,AZ,AWP,CE,Towers with Radar,0,23,80,2,105,0,3,130,2,135,0,26,210,4,240,244,0,244,484
05/06/2020,SDL,AZ,AWP,CE,Towers with Radar,0,56,41,1,98,0,5,218,0,223,0,61,259,1,321,326,0,326,647
05/07/2020,SDL,AZ,AWP,CE,Towers with Radar,0,51,79,1,131,0,16,194,0,210,0,67,273,1,341,199,0,199,540
05/08/2020,SDL,AZ,AWP,CE,Towers with Radar,0,56,84,1,141,0,11,156,0,167,0,67,240,1,308,230,0,230,538
05/09/2020,SDL,AZ,AWP,CE,Towers with Radar,0,48,55,0,103,0,18,153,0,171,0,66,208,0,274,206,0,206,480
05/10/2020,SDL,AZ,AWP,CE,Towers with Radar,0,30,48,0,78,0,4,71,0,75,0,34,119,0,153,170,0,170,323
05/11/2020,SDL,AZ,AWP,CE,Towers with Radar,0,51,63,0,114,0,0,148,0,148,0,51,211,0,262,317,0,317,579
05/12/2020,SDL,AZ,AWP,CE,Towers with Radar,0,36,60,0,96,0,13,184,0,197,0,49,244,0,293,305,0,305,598
05/13/2020,SDL,AZ,AWP,CE,Towers with Radar,0,41,75,0,116,0,6,205,0,211,0,47,280,0,327,449,0,449,776
05/14/2020,SDL,AZ,AWP,CE,Towers with Radar,0,61,68,0,129,0,31,194,0,225,0,92,262,0,354,251,0,251,605
05/15/2020,SDL,AZ,AWP,CE,Towers with Radar,0,58,89,0,147,0,10,231,0,241,0,68,320,0,388,213,0,213,601
05/16/2020,SDL,AZ,AWP,CE,Towers with Radar,0,53,83,0,136,0,14,154,0,168,0,67,237,0,304,218,0,218,522
05/17/2020,SDL,AZ,AWP,CE,Towers with Radar,0,49,79,0,128,0,15,117,0,132,0,64,196,0,260,206,0,206,466
05/18/2020,SDL,AZ,AWP,CE,Towers with Radar,0,48,76,0,124,0,11,166,0,177,0,59,242,0,301,301,0,301,602
05/19/2020,SDL,AZ,AWP,CE,Towers with Radar,0,48,79,0,127,0,13,136,0,149,0,61,215,0,276,271,0,271,547
05/20/2020,SDL,AZ,AWP,CE,Towers with Radar,0,61,94,0,155,0,9,213,0,222,0,70,307,0,377,334,0,334,711
05/21/2020,SDL,AZ,AWP,CE,Towers with Radar,0,57,104,0,161,0,12,162,0,174,0,69,266,0,335,291,0,291,626
05/22/2020,SDL,AZ,AWP,CE,Towers with Radar,0,62,122,0,184,0,8,181,0,189,0,70,303,0,373,216,0,216,589
05/23/2020,SDL,AZ,AWP,CE,Towers with Radar,0,50,69,0,119,0,5,153,0,158,0,55,222,0,277,229,0,229,506
05/24/2020,SDL,AZ,AWP,CE,Towers with Radar,0,49,48,0,97,0,6,113,0,119,0,55,161,0,216,146,0,146,362
05/25/2020,SDL,AZ,AWP,CE,Towers with Radar,0,33,95,0,128,0,10,153,0,163,0,43,248,0,291,226,0,226,517
05/26/2020,SDL,AZ,AWP,CE,Towers with Radar,0,51,100,0,151,0,13,163,0,176,0,64,263,0,327,260,0,260,587
05/27/2020,SDL,AZ,AWP,CE,Towers with Radar,0,63,83,0,146,0,9,194,1,204,0,72,277,1,350,288,0,288,638
05/28/2020,SDL,AZ,AWP,CE,Towers with Radar,0,54,100,0,154,0,6,162,0,168,0,60,262,0,322,285,0,285,607
05/29/2020,SDL,AZ,AWP,CE,Towers with Radar,0,51,100,2,153,0,14,169,0,183,0,65,269,2,336,303,0,303,639
05/30/2020,SDL,AZ,AWP,CE,Towers with Radar,0,59,55,0,114,0,18,139,2,159,0,77,194,2,273,159,0,159,432
05/31/2020,SDL,AZ,AWP,CE,Towers with Radar,0,47,98,0,145,0,3,91,0,94,0,50,189,0,239,260,0,260,499
06/01/2020,SDL,AZ,AWP,CE,Towers with Radar,0,67,73,0,140,0,9,141,0,150,0,76,214,0,290,242,0,242,532
06/02/2020,SDL,AZ,AWP,CE,Towers with Radar,0,60,80,0,140,0,14,205,0,219,0,74,285,0,359,248,0,248,607
06/03/2020,SDL,AZ,AWP,CE,Towers with Radar,0,64,96,0,160,0,19,213,0,232,0,83,309,0,392,235,0,235,627
06/04/2020,SDL,AZ,AWP,CE,Towers with Radar,0,63,90,0,153,0,9,186,0,195,0,72,276,0,348,221,0,221,569
06/05/2020,SDL,AZ,AWP,CE,Towers with Radar,0,52,98,0,150,0,7,179,0,186,0,59,277,0,336,256,0,256,592
06/06/2020,SDL,AZ,AWP,CE,Towers with Radar,0,57,54,0,111,0,8,136,0,144,0,65,190,0,255,182,0,182,437
06/07/2020,SDL,AZ,AWP,CE,Towers with Radar,0,37,75,0,112,0,8,132,0,140,0,45,207,0,252,211,0,211,463
06/08/2020,SDL,AZ,AWP,CE,Towers with Radar,0,44,89,0,133,0,13,162,0,175,0,57,251,0,308,195,0,195,503
06/09/2020,SDL,AZ,AWP,CE,Towers with Radar,0,65,73,0,138,0,4,222,0,226,0,69,295,0,364,241,0,241,605
06/10/2020,SDL,AZ,AWP,CE,Towers with Radar,0,48,97,0,145,0,5,212,0,217,0,53,309,0,362,261,0,261,623
06/11/2020,SDL,AZ,AWP,CE,Towers with Radar,0,67,100,0,167,0,6,180,0,186,0,73,280,0,353,277,0,277,630
06/12/2020,SDL,AZ,AWP,CE,Towers with Radar,0,72,107,0,179,0,20,166,0,186,0,92,273,0,365,137,0,137,502
06/13/2020,SDL,AZ,AWP,CE,Towers with Radar,0,62,53,0,115,0,9,99,0,108,0,71,152,0,223,151,0,151,374
06/14/2020,SDL,AZ,AWP,CE,Towers with Radar,0,53,81,0,134,0,6,122,0,128,0,59,203,0,262,189,0,189,451
06/15/2020,SDL,AZ,AWP,CE,Towers with Radar,0,51,73,0,124,0,6,188,0,194,0,57,261,0,318,288,0,288,606
06/16/2020,SDL,AZ,AWP,CE,Towers with Radar,0,46,65,0,111,0,14,198,0,212,0,60,263,0,323,195,0,195,518
06/17/2020,SDL,AZ,AWP,CE,Towers with Radar,0,66,86,0,152,0,8,217,0,225,0,74,303,0,377,340,0,340,717
06/18/2020,SDL,AZ,AWP,CE,Towers with Radar,0,48,89,2,139,0,20,199,0,219,0,68,288,2,358,342,0,342,700
06/19/2020,SDL,AZ,AWP,CE,Towers with Radar,0,43,70,0,113,0,1,193,2,196,0,44,263,2,309,290,0,290,599
06/20/2020,SDL,AZ,AWP,CE,Towers with Radar,0,37,55,0,92,0,11,168,0,179,0,48,223,0,271,300,0,300,571
06/21/2020,SDL,AZ,AWP,CE,Towers with Radar,0,35,71,0,106,0,1,141,0,142,0,36,212,0,248,281,0,281,529
06/22/2020,SDL,AZ,AWP,CE,Towers with Radar,0,50,89,4,143,0,13,142,0,155,0,63,231,4,298,313,0,313,611
06/23/2020,SDL,AZ,AWP,CE,Towers with Radar,0,29,50,0,79,0,6,120,0,126,0,35,170,0,205,269,0,269,474
06/24/2020,SDL,AZ,AWP,CE,Towers with Radar,0,42,88,0,130,0,4,185,0,189,0,46,273,0,319,384,0,384,703
06/25/2020,SDL,AZ,AWP,CE,Towers with Radar,0,48,69,0,117,0,17,146,0,163,0,65,215,0,280,324,0,324,604
06/26/2020,SDL,AZ,AWP,CE,Towers with Radar,0,54,104,0,158,0,8,156,0,164,0,62,260,0,322,252,0,252,574
06/27/2020,SDL,AZ,AWP,CE,Towers with Radar,0,39,51,0,90,0,21,130,0,151,0,60,181,0,241,324,0,324,565
06/28/2020,SDL,AZ,AWP,CE,Towers with Radar,0,48,70,0,118,0,15,83,0,98,0,63,153,0,216,203,0,203,419
06/29/2020,SDL,AZ,AWP,CE,Towers with Radar,0,37,79,0,116,0,3,152,0,155,0,40,231,0,271,317,0,317,588
06/30/2020,SDL,AZ,AWP,CE,Towers with Radar,0,46,75,0,121,0,14,180,0,194,0,60,255,0,315,272,0,272,587
07/01/2020,SDL,AZ,AWP,CE,Towers with Radar,0,35,104,0,139,0,10,172,0,182,0,45,276,0,321,255,0,255,576
07/02/2020,SDL,AZ,AWP,CE,Towers with Radar,0,57,98,1,156,0,19,168,1,188,0,76,266,2,344,202,0,202,546
07/03/2020,SDL,AZ,AWP,CE,Towers with Radar,0,35,59,0,94,0,10,157,0,167,0,45,216,0,261,310,0,310,571
07/04/2020,SDL,AZ,AWP,CE,Towers with Radar,0,34,23,0,57,0,11,77,0,88,0,45,100,0,145,236,0,236,381
07/05/2020,SDL,AZ,AWP,CE,Towers with Radar,0,37,86,0,123,0,7,47,0,54,0,44,133,0,177,201,0,201,378
07/06/2020,SDL,AZ,AWP,CE,Towers with Radar,0,50,93,0,143,0,5,118,0,123,0,55,211,0,266,267,0,267,533
07/07/2020,SDL,AZ,AWP,CE,Towers with Radar,0,54,90,0,144,0,20,125,0,145,0,74,215,0,289,231,0,231,520
07/08/2020,SDL,AZ,AWP,CE,Towers with Radar,0,37,78,0,115,0,16,193,0,209,0,53,271,0,324,242,0,242,566
07/09/2020,SDL,AZ,AWP,CE,Towers with Radar,0,39,60,0,99,0,8,167,1,176,0,47,227,1,275,163,0,163,438
07/10/2020,SDL,AZ,AWP,CE,Towers with Radar,0,45,78,1,124,0,11,154,3,168,0,56,232,4,292,285,0,285,577
07/11/2020,SDL,AZ,AWP,CE,Towers with Radar,0,33,47,0,80,0,7,96,1,104,0,40,143,1,184,161,0,161,345
07/12/2020,SDL,AZ,AWP,CE,Towers with Radar,0,45,73,1,119,0,10,57,0,67,0,55,130,1,186,74,0,74,260
07/13/2020,SDL,AZ,AWP,CE,Towers with Radar,0,32,62,0,94,0,8,117,3,128,0,40,179,3,222,276,0,276,498
07/14/2020,SDL,AZ,AWP,CE,Towers with Radar,0,42,57,0,99,0,11,149,0,160,0,53,206,0,259,289,0,289,548
07/15/2020,SDL,AZ,AWP,CE,Towers with Radar,0,43,78,0,121,0,13,224,0,237,0,56,302,0,358,167,0,167,525
07/16/2020,SDL,AZ,AWP,CE,Towers with Radar,0,41,73,0,114,0,10,144,0,154,0,51,217,0,268,253,0,253,521
07/17/2020,SDL,AZ,AWP,CE,Towers with Radar,0,48,49,0,97,0,11,157,3,171,0,59,206,3,268,274,0,274,542
07/18/2020,SDL,AZ,AWP,CE,Towers with Radar,0,45,43,0,88,0,20,103,1,124,0,65,146,1,212,203,0,203,415
07/19/2020,SDL,AZ,AWP,CE,Towers with Radar,0,50,63,0,113,4,24,66,0,94,4,74,129,0,207,224,0,224,431
07/20/2020,SDL,AZ,AWP,CE,Towers with Radar,0,41,71,0,112,0,18,162,1,181,0,59,233,1,293,391,0,391,684
07/21/2020,SDL,AZ,AWP,CE,Towers with Radar,0,53,54,0,107,0,31,161,0,192,0,84,215,0,299,206,0,206,505
07/22/2020,SDL,AZ,AWP,CE,Towers with Radar,0,38,64,0,102,0,20,173,0,193,0,58,237,0,295,259,0,259,554
07/23/2020,SDL,AZ,AWP,CE,Towers with Radar,0,36,71,4,111,0,7,113,0,120,0,43,184,4,231,200,0,200,431
07/24/2020,SDL,AZ,AWP,CE,Towers with Radar,0,49,76,0,125,0,2,136,0,138,0,51,212,0,263,231,0,231,494
07/25/2020,SDL,AZ,AWP,CE,Towers with Radar,0,39,49,0,88,0,12,116,0,128,0,51,165,0,216,290,0,290,506
07/26/2020,SDL,AZ,AWP,CE,Towers with Radar,0,45,89,0,134,0,14,112,0,126,0,59,201,0,260,194,0,194,454
07/27/2020,SDL,AZ,AWP,CE,Towers with Radar,0,40,53,0,93,0,13,126,0,139,0,53,179,0,232,218,0,218,450
07/28/2020,SDL,AZ,AWP,CE,Towers with Radar,0,37,76,1,114,0,11,153,1,165,0,48,229,2,279,312,0,312,591
07/29/2020,SDL,AZ,AWP,CE,Towers with Radar,0,38,54,0,92,0,11,138,0,149,0,49,192,0,241,320,0,320,561
07/30/2020,SDL,AZ,AWP,CE,Towers with Radar,0,54,71,0,125,0,15,121,0,136,0,69,192,0,261,263,0,263,524
07/31/2020,SDL,AZ,AWP,CE,Towers with Radar,0,42,61,0,103,0,12,153,0,165,0,54,214,0,268,201,0,201,469
08/01/2020,SDL,AZ,AWP,CE,Towers with Radar,0,53,48,0,101,0,14,108,2,124,0,67,156,2,225,211,0,211,436
08/02/2020,SDL,AZ,AWP,CE,Towers with Radar,0,39,70,0,109,0,13,83,3,99,0,52,153,3,208,157,20,177,385
08/03/2020,SDL,AZ,AWP,CE,Towers with Radar,0,32,75,0,107,0,0,136,0,136,0,32,211,0,243,180,0,180,423
08/04/2020,SDL,AZ,AWP,CE,Towers with Radar,0,52,72,0,124,0,26,112,0,138,0,78,184,0,262,230,0,230,492
08/05/2020,SDL,AZ,AWP,CE,Towers with Radar,0,53,66,0,119,0,6,118,0,124,0,59,184,0,243,143,0,143,386
08/06/2020,SDL,AZ,AWP,CE,Towers with Radar,0,41,77,1,119,0,11,143,0,154,0,52,220,1,273,234,0,234,507
08/07/2020,SDL,AZ,AWP,CE,Towers with Radar,0,46,89,2,137,0,12,124,0,136,0,58,213,2,273,177,0,177,450
08/08/2020,SDL,AZ,AWP,CE,Towers with Radar,0,47,54,0,101,0,21,118,0,139,0,68,172,0,240,204,0,204,444
08/09/2020,SDL,AZ,AWP,CE,Towers with Radar,0,57,80,0,137,0,15,77,0,92,0,72,157,0,229,100,0,100,329
08/10/2020,SDL,AZ,AWP,CE,Towers with Radar,0,48,78,0,126,0,3,115,0,118,0,51,193,0,244,197,0,197,441
08/11/2020,SDL,AZ,AWP,CE,Towers with Radar,0,28,62,0,90,0,9,138,0,147,0,37,200,0,237,197,0,197,434
08/12/2020,SDL,AZ,AWP,CE,Towers with Radar,0,36,64,0,100,0,21,164,0,185,0,57,228,0,285,286,0,286,571
08/13/2020,SDL,AZ,AWP,CE,Towers with Radar,0,60,78,0,138,0,9,138,0,147,0,69,216,0,285,273,0,273,558
08/14/2020,SDL,AZ,AWP,CE,Towers with Radar,0,42,79,0,121,0,10,134,0,144,0,52,213,0,265,223,0,223,488
08/15/2020,SDL,AZ,AWP,CE,Towers with Radar,0,48,55,0,103,0,12,109,1,122,0,60,164,1,225,234,0,234,459
08/16/2020,SDL,AZ,AWP,CE,Towers with Radar,0,48,84,0,132,0,15,69,1,85,0,63,153,1,217,153,0,153,370
08/17/2020,SDL,AZ,AWP,CE,Towers with Radar,0,46,66,0,112,0,19,120,0,139,0,65,186,0,251,220,0,220,471
08/18/2020,SDL,AZ,AWP,CE,Towers with Radar,0,45,47,0,92,0,9,144,2,155,0,54,191,2,247,236,0,236,483
08/19/2020,SDL,AZ,AWP,CE,Towers with Radar,0,52,77,0,129,0,12,146,0,158,0,64,223,0,287,275,0,275,562
08/20/2020,SDL,AZ,AWP,CE,Towers with Radar,0,49,85,0,134,0,17,127,0,144,0,66,212,0,278,191,0,191,469
08/21/2020,SDL,AZ,AWP,CE,Towers with Radar,0,47,67,0,114,0,10,157,0,167,0,57,224,0,281,151,0,151,432
08/22/2020,SDL,AZ,AWP,CE,Towers with Radar,0,42,41,0,83,0,18,158,0,176,0,60,199,0,259,243,0,243,502
08/23/2020,SDL,AZ,AWP,CE,Towers with Radar,0,56,73,0,129,0,8,97,0,105,0,64,170,0,234,113,0,113,347
08/24/2020,SDL,AZ,AWP,CE,Towers with Radar,0,49,72,0,121,0,16,145,0,161,0,65,217,0,282,200,0,200,482
08/25/2020,SDL,AZ,AWP,CE,Towers with Radar,0,62,50,1,113,0,10,148,1,159,0,72,198,2,272,287,0,287,559
08/26/2020,SDL,AZ,AWP,CE,Towers with Radar,0,41,103,0,144,0,6,146,0,152,0,47,249,0,296,278,0,278,574
08/27/2020,SDL,AZ,AWP,CE,Towers with Radar,0,52,72,2,126,0,22,122,0,144,0,74,194,2,270,226,0,226,496
08/28/2020,SDL,AZ,AWP,CE,Towers with Radar,0,34,78,0,112,0,9,137,0,146,0,43,215,0,258,184,0,184,442
08/29/2020,SDL,AZ,AWP,CE,Towers with Radar,0,44,53,0,97,0,4,129,0,133,0,48,182,0,230,181,0,181,411
08/30/2020,SDL,AZ,AWP,CE,Towers with Radar,0,50,67,0,117,0,7,85,0,92,0,57,152,0,209,173,0,173,382
08/31/2020,SDL,AZ,AWP,CE,Towers with Radar,0,46,62,2,110,0,14,122,0,136,0,60,184,2,246,292,0,292,538
09/01/2020,SDL,AZ,AWP,CE,Towers with Radar,0,42,70,0,112,0,23,130,0,153,0,65,200,0,265,284,0,284,549
09/02/2020,SDL,AZ,AWP,CE,Towers with Radar,0,75,82,0,157,0,11,151,0,162,0,86,233,0,319,288,0,288,607
09/03/2020,SDL,AZ,AWP,CE,Towers with Radar,0,65,102,0,167,0,14,179,0,193,0,79,281,0,360,268,0,268,628
09/04/2020,SDL,AZ,AWP,CE,Towers with Radar,0,53,95,0,148,0,13,176,0,189,0,66,271,0,337,200,0,200,537
09/05/2020,SDL,AZ,AWP,CE,Towers with Radar,0,42,32,0,74,0,8,90,0,98,0,50,122,0,172,163,0,163,335
09/06/2020,SDL,AZ,AWP,CE,Towers with Radar,0,34,29,0,63,0,5,77,0,82,0,39,106,0,145,131,0,131,276
09/07/2020,SDL,AZ,AWP,CE,Towers with Radar,0,62,89,0,151,0,6,140,0,146,0,68,229,0,297,290,0,290,587
09/08/2020,SDL,AZ,AWP,CE,Towers with Radar,0,59,100,0,159,0,17,111,0,128,0,76,211,0,287,263,0,263,550
09/09/2020,SDL,AZ,AWP,CE,Towers with Radar,0,55,89,1,145,0,16,206,0,222,0,71,295,1,367,235,0,235,602
09/10/2020,SDL,AZ,AWP,CE,Towers with Radar,0,62,69,0,131,0,19,202,0,221,0,81,271,0,352,245,0,245,597
09/11/2020,SDL,AZ,AWP,CE,Towers with Radar,0,39,65,0,104,0,7,141,0,148,0,46,206,0,252,349,0,349,601
09/12/2020,SDL,AZ,AWP,CE,Towers with Radar,0,49,75,0,124,0,27,149,0,176,0,76,224,0,300,285,0,285,585
09/13/2020,SDL,AZ,AWP,CE,Towers with Radar,0,68,89,0,157,0,13,90,0,103,0,81,179,0,260,165,0,165,425
09/14/2020,SDL,AZ,AWP,CE,Towers with Radar,0,71,93,0,164,0,8,105,0,113,0,79,198,0,277,173,0,173,450
09/15/2020,SDL,AZ,AWP,CE,Towers with Radar,0,56,73,0,129,0,19,215,0,234,0,75,288,0,363,366,0,366,729
09/16/2020,SDL,AZ,AWP,CE,Towers with Radar,0,45,82,2,129,0,21,172,0,193,0,66,254,2,322,302,0,302,624
09/17/2020,SDL,AZ,AWP,CE,Towers with Radar,0,50,79,0,129,0,15,155,0,170,0,65,234,0,299,288,0,288,587
09/18/2020,SDL,AZ,AWP,CE,Towers with Radar,0,59,83,0,142,0,11,199,0,210,0,70,282,0,352,196,0,196,548
09/19/2020,SDL,AZ,AWP,CE,Towers with Radar,0,41,57,0,98,0,6,128,0,134,0,47,185,0,232,205,0,205,437
09/20/2020,SDL,AZ,AWP,CE,Towers with Radar,0,61,74,0,135,0,8,107,0,115,0,69,181,0,250,134,0,134,384
09/21/2020,SDL,AZ,AWP,CE,Towers with Radar,0,58,98,0,156,0,13,133,0,146,0,71,231,0,302,278,0,278,580
09/22/2020,SDL,AZ,AWP,CE,Towers with Radar,0,59,78,0,137,0,7,159,1,167,0,66,237,1,304,229,1,230,534
09/23/2020,SDL,AZ,AWP,CE,Towers with Radar,0,56,121,0,177,0,9,153,1,163,0,65,274,1,340,224,1,225,565
09/24/2020,SDL,AZ,AWP,CE,Towers with Radar,0,84,97,0,181,0,16,181,1,198,0,100,278,1,379,191,2,193,572
09/25/2020,SDL,AZ,AWP,CE,Towers with Radar,0,48,104,0,152,0,13,178,0,191,0,61,282,0,343,257,2,259,602
09/26/2020,SDL,AZ,AWP,CE,Towers with Radar,0,47,61,0,108,0,25,127,0,152,0,72,188,0,260,158,0,158,418
09/27/2020,SDL,AZ,AWP,CE,Towers with Radar,0,46,93,0,139,0,13,107,0,120,0,59,200,0,259,190,0,190,449
09/28/2020,SDL,AZ,AWP,CE,Towers with Radar,0,45,76,0,121,0,8,166,0,174,0,53,242,0,295,285,0,285,580
09/29/2020,SDL,AZ,AWP,CE,Towers with Radar,0,59,52,0,111,0,8,154,0,162,0,67,206,0,273,277,0,277,550
09/30/2020,SDL,AZ,AWP,CE,Towers with Radar,0,47,92,0,139,0,12,172,0,184,0,59,264,0,323,189,0,189,512
10/01/2020,SDL,AZ,AWP,CE,Towers with Radar,0,61,97,0,158,0,16,143,0,159,0,77,240,0,317,299,0,299,616
10/02/2020,SDL,AZ,AWP,CE,Towers with Radar,0,52,89,1,142,0,5,172,0,177,0,57,261,1,319,257,0,257,576
10/03/2020,SDL,AZ,AWP,CE,Towers with Radar,0,61,69,1,131,0,18,118,0,136,0,79,187,1,267,164,0,164,431
10/04/2020,SDL,AZ,AWP,CE,Towers with Radar,0,74,98,0,172,0,12,119,0,131,0,86,217,0,303,197,0,197,500
10/05/2020,SDL,AZ,AWP,CE,Towers with Radar,0,50,88,0,138,0,11,132,0,143,0,61,220,0,281,302,0,302,583
10/06/2020,SDL,AZ,AWP,CE,Towers with Radar,0,55,77,1,133,0,8,175,0,183,0,63,252,1,316,328,0,328,644
10/07/2020,SDL,AZ,AWP,CE,Towers with Radar,0,72,81,0,153,0,19,192,0,211,0,91,273,0,364,263,0,263,627
10/08/2020,SDL,AZ,AWP,CE,Towers with Radar,0,73,89,0,162,0,6,172,0,178,0,79,261,0,340,285,0,285,625
10/09/2020,SDL,AZ,AWP,CE,Towers with Radar,0,67,115,0,182,0,5,157,0,162,0,72,272,0,344,252,0,252,596
10/10/2020,SDL,AZ,AWP,CE,Towers with Radar,0,70,76,0,146,0,10,149,0,159,0,80,225,0,305,222,0,222,527
10/11/2020,SDL,AZ,AWP,CE,Towers with Radar,0,86,97,0,183,0,11,112,0,123,0,97,209,0,306,203,0,203,509
10/12/2020,SDL,AZ,AWP,CE,Towers with Radar,0,63,88,0,151,0,7,137,0,144,0,70,225,0,295,291,0,291,586
10/13/2020,SDL,AZ,AWP,CE,Towers with Radar,0,61,86,2,149,0,13,158,0,171,0,74,244,2,320,339,0,339,659
10/14/2020,SDL,AZ,AWP,CE,Towers with Radar,0,61,90,1,152,0,13,172,0,185,0,74,262,1,337,258,0,258,595
10/15/2020,SDL,AZ,AWP,CE,Towers with Radar,0,85,118,1,204,0,14,148,0,162,0,99,266,1,366,315,0,315,681
10/16/2020,SDL,AZ,AWP,CE,Towers with Radar,1,79,105,2,187,0,8,150,0,158,1,87,255,2,345,290,0,290,635
10/17/2020,SDL,AZ,AWP,CE,Towers with Radar,0,56,60,0,116,0,17,151,0,168,0,73,211,0,284,147,0,147,431
10/18/2020,SDL,AZ,AWP,CE,Towers with Radar,0,88,128,1,217,0,12,111,0,123,0,100,239,1,340,95,0,95,435
10/19/2020,SDL,AZ,AWP,CE,Towers with Radar,0,91,102,4,197,0,9,67,0,76,0,100,169,4,273,147,0,147,420
10/20/2020,SDL,AZ,AWP,CE,Towers with Radar,0,66,118,0,184,0,10,194,0,204,0,76,312,0,388,334,0,334,722
10/21/2020,SDL,AZ,AWP,CE,Towers with Radar,0,71,109,0,180,0,12,195,0,207,0,83,304,0,387,269,0,269,656
10/22/2020,SDL,AZ,AWP,CE,Towers with Radar,0,78,123,0,201,0,25,207,0,232,0,103,330,0,433,303,0,303,736
10/23/2020,SDL,AZ,AWP,CE,Towers with Radar,0,67,124,2,193,0,13,202,0,215,0,80,326,2,408,178,0,178,586
10/24/2020,SDL,AZ,AWP,CE,Towers with Radar,0,68,65,0,133,0,9,143,1,153,0,77,208,1,286,164,0,164,450
10/25/2020,SDL,AZ,AWP,CE,Towers with Radar,0,83,113,1,197,0,4,78,0,82,0,87,191,1,279,164,0,164,443
10/26/2020,SDL,AZ,AWP,CE,Towers with Radar,0,57,89,0,146,0,12,86,4,102,0,69,175,4,248,188,26,214,462
10/27/2020,SDL,AZ,AWP,CE,Towers with Radar,0,60,89,0,149,0,9,141,0,150,0,69,230,0,299,327,0,327,626
10/28/2020,SDL,AZ,AWP,CE,Towers with Radar,0,57,79,0,136,0,11,106,0,117,0,68,185,0,253,218,0,218,471
10/29/2020,SDL,AZ,AWP,CE,Towers with Radar,0,62,112,0,174,0,17,142,0,159,0,79,254,0,333,240,0,240,573
10/30/2020,SDL,AZ,AWP,CE,Towers with Radar,0,83,93,0,176,0,9,149,0,158,0,92,242,0,334,233,0,233,567
10/31/2020,SDL,AZ,AWP,CE,Towers with Radar,0,44,66,0,110,0,3,114,0,117,0,47,180,0,227,250,0,250,477
11/01/2020,SDL,AZ,AWP,CE,Towers with Radar,0,61,100,0,161,0,2,89,0,91,0,63,189,0,252,121,0,121,373
11/02/2020,SDL,AZ,AWP,CE,Towers with Radar,0,55,72,0,127,0,16,127,1,144,0,71,199,1,271,203,0,203,474
11/03/2020,SDL,AZ,AWP,CE,Towers with Radar,0,62,72,0,134,0,13,153,3,169,0,75,225,3,303,269,0,269,572
11/04/2020,SDL,AZ,AWP,CE,Towers with Radar,0,67,117,0,184,0,6,175,0,181,0,73,292,0,365,195,0,195,560
11/05/2020,SDL,AZ,AWP,CE,Towers with Radar,0,63,129,0,192,2,16,180,0,198,2,79,309,0,390,210,0,210,600
11/06/2020,SDL,AZ,AWP,CE,Towers with Radar,0,76,120,0,196,0,4,133,0,137,0,80,253,0,333,244,0,244,577
11/07/2020,SDL,AZ,AWP,CE,Towers with Radar,0,48,68,0,116,0,5,89,0,94,0,53,157,0,210,166,0,166,376
11/08/2020,SDL,AZ,AWP,CE,Towers with Radar,0,69,103,0,172,0,6,80,0,86,0,75,183,0,258,111,0,111,369
11/09/2020,SDL,AZ,AWP,CE,Towers with Radar,0,59,93,0,152,0,9,156,0,165,0,68,249,0,317,367,0,367,684
11/10/2020,SDL,AZ,AWP,CE,Towers with Radar,0,63,73,0,136,0,10,212,0,222,0,73,285,0,358,310,0,310,668
11/11/2020,SDL,AZ,AWP,CE,Towers with Radar,0,75,96,1,172,0,8,197,0,205,0,83,293,1,377,200,0,200,577
11/12/2020,SDL,AZ,AWP,CE,Towers with Radar,0,72,114,3,189,0,7,220,0,227,0,79,334,3,416,181,0,181,597
11/13/2020,SDL,AZ,AWP,CE,Towers with Radar,0,61,114,1,176,0,5,212,0,217,0,66,326,1,393,182,0,182,575
11/14/2020,SDL,AZ,AWP,CE,Towers with Radar,0,55,76,1,132,0,24,171,0,195,0,79,247,1,327,237,0,237,564
11/15/2020,SDL,AZ,AWP,CE,Towers with Radar,1,87,135,0,223,0,5,124,0,129,1,92,259,0,352,99,0,99,451
11/16/2020,SDL,AZ,AWP,CE,Towers with Radar,0,61,107,0,168,0,7,174,0,181,0,68,281,0,349,274,0,274,623
11/17/2020,SDL,AZ,AWP,CE,Towers with Radar,0,53,88,2,143,0,7,179,0,186,0,60,267,2,329,389,0,389,718
11/18/2020,SDL,AZ,AWP,CE,Towers with Radar,0,81,105,0,186,0,13,197,0,210,0,94,302,0,396,288,0,288,684
11/19/2020,SDL,AZ,AWP,CE,Towers with Radar,0,70,94,0,164,0,7,197,0,204,0,77,291,0,368,263,1,264,632
11/20/2020,SDL,AZ,AWP,CE,Towers with Radar,0,78,145,0,223,0,4,186,0,190,0,82,331,0,413,223,0,223,636
11/21/2020,SDL,AZ,AWP,CE,Towers with Radar,0,78,110,0,188,0,4,186,2,192,0,82,296,2,380,163,0,163,543
11/22/2020,SDL,AZ,AWP,CE,Towers with Radar,0,86,129,0,215,0,6,140,2,148,0,92,269,2,363,231,0,231,594
11/23/2020,SDL,AZ,AWP,CE,Towers with Radar,0,64,101,0,165,0,19,163,0,182,0,83,264,0,347,251,0,251,598
11/24/2020,SDL,AZ,AWP,CE,Towers with Radar,0,81,117,0,198,0,7,203,0,210,0,88,320,0,408,250,0,250,658
11/25/2020,SDL,AZ,AWP,CE,Towers with Radar,1,65,113,0,179,0,6,189,0,195,1,71,302,0,374,214,0,214,588
11/26/2020,SDL,AZ,AWP,CE,Towers with Radar,0,33,18,0,51,0,0,45,0,45,0,33,63,0,96,158,0,158,254
11/27/2020,SDL,AZ,AWP,CE,Towers with Radar,0,56,86,0,142,0,1,138,0,139,0,57,224,0,281,116,0,116,397
11/28/2020,SDL,AZ,AWP,CE,Towers with Radar,0,86,87,0,173,0,2,137,0,139,0,88,224,0,312,210,0,210,522
11/29/2020,SDL,AZ,AWP,CE,Towers with Radar,0,101,156,0,257,0,6,108,0,114,0,107,264,0,371,106,0,106,477
11/30/2020,SDL,AZ,AWP,CE,Towers with Radar,1,62,112,2,177,0,8,168,0,176,1,70,280,2,353,264,0,264,617
12/01/2020,SDL,AZ,AWP,CE,Towers with Radar,0,65,92,0,157,0,3,195,2,200,0,68,287,2,357,182,0,182,539
12/02/2020,SDL,AZ,AWP,CE,Towers with Radar,0,57,91,0,148,0,5,170,1,176,0,62,261,1,324,166,0,166,490
12/03/2020,SDL,AZ,AWP,CE,Towers with Radar,0,53,79,0,132,0,6,148,2,156,0,59,227,2,288,235,0,235,523
12/04/2020,SDL,AZ,AWP,CE,Towers with Radar,0,61,87,1,149,0,6,212,0,218,0,67,299,1,367,266,0,266,633
12/05/2020,SDL,AZ,AWP,CE,Towers with Radar,0,68,58,1,127,0,24,152,0,176,0,92,210,1,303,233,0,233,536
12/06/2020,SDL,AZ,AWP,CE,Towers with Radar,0,74,114,2,190,0,0,136,1,137,0,74,250,3,327,149,0,149,476
12/07/2020,SDL,AZ,AWP,CE,Towers with Radar,0,53,82,1,136,0,5,110,0,115,0,58,192,1,251,174,0,174,425
12/08/2020,SDL,AZ,AWP,CE,Towers with Radar,0,51,81,0,132,0,5,192,1,198,0,56,273,1,330,143,1,144,474
12/09/2020,SDL,AZ,AWP,CE,Towers with Radar,0,57,133,0,190,0,4,223,0,227,0,61,356,0,417,199,0,199,616
12/10/2020,SDL,AZ,AWP,CE,Towers with Radar,0,62,139,0,201,0,2,49,0,51,0,64,188,0,252,63,0,63,315
12/11/2020,SDL,AZ,AWP,CE,Towers with Radar,0,66,83,2,151,0,5,187,0,192,0,71,270,2,343,209,0,209,552
12/12/2020,SDL,AZ,AWP,CE,Towers with Radar,0,58,61,1,120,0,2,194,0,196,0,60,255,1,316,233,0,233,549
12/13/2020,SDL,AZ,AWP,CE,Towers with Radar,1,65,98,0,164,0,1,153,0,154,1,66,251,0,318,170,0,170,488
12/14/2020,SDL,AZ,AWP,CE,Towers with Radar,0,60,78,1,139,0,7,217,0,224,0,67,295,1,363,214,0,214,577
12/15/2020,SDL,AZ,AWP,CE,Towers with Radar,0,45,74,0,119,0,6,200,0,206,0,51,274,0,325,330,0,330,655
12/16/2020,SDL,AZ,AWP,CE,Towers with Radar,0,55,98,0,153,0,6,269,0,275,0,61,367,0,428,285,0,285,713
12/17/2020,SDL,AZ,AWP,CE,Towers with Radar,0,83,92,0,175,0,10,220,0,230,0,93,312,0,405,252,0,252,657
12/18/2020,SDL,AZ,AWP,CE,Towers with Radar,0,77,134,0,211,0,3,210,0,213,0,80,344,0,424,190,0,190,614
12/19/2020,SDL,AZ,AWP,CE,Towers with Radar,0,62,103,0,165,0,13,151,0,164,0,75,254,0,329,282,0,282,611
12/20/2020,SDL,AZ,AWP,CE,Towers with Radar,0,84,109,0,193,0,5,143,0,148,0,89,252,0,341,129,0,129,470
12/21/2020,SDL,AZ,AWP,CE,Towers with Radar,0,73,93,0,166,0,6,177,0,183,0,79,270,0,349,162,0,162,511
12/22/2020,SDL,AZ,AWP,CE,Towers with Radar,0,64,73,0,137,0,4,200,0,204,0,68,273,0,341,150,0,150,491
12/23/2020,SDL,AZ,AWP,CE,Towers with Radar,0,85,106,0,191,0,2,146,0,148,0,87,252,0,339,162,0,162,501
12/24/2020,SDL,AZ,AWP,CE,Towers with Radar,0,43,51,0,94,0,5,97,0,102,0,48,148,0,196,121,0,121,317
12/25/2020,SDL,AZ,AWP,CE,Towers with Radar,0,46,24,0,70,0,0,23,0,23,0,46,47,0,93,20,0,20,113
12/26/2020,SDL,AZ,AWP,CE,Towers with Radar,0,110,123,0,233,0,0,139,0,139,0,110,262,0,372,60,0,60,432
12/27/2020,SDL,AZ,AWP,CE,Towers with Radar,0,91,128,0,219,0,3,124,0,127,0,94,252,0,346,136,0,136,482
12/28/2020,SDL,AZ,AWP,CE,Towers with Radar,0,76,142,0,218,0,2,121,0,123,0,78,263,0,341,99,0,99,440
12/29/2020,SDL,AZ,AWP,CE,Towers with Radar,0,87,122,0,209,0,0,159,0,159,0,87,281,0,368,175,0,175,543
12/30/2020,SDL,AZ,AWP,CE,Towers with Radar,0,97,133,0,230,0,3,210,0,213,0,100,343,0,443,84,0,84,527
12/31/2020,SDL,AZ,AWP,CE,Towers with Radar,0,59,74,0,133,0,1,168,0,169,0,60,242,0,302,142,0,142,444
01/01/2021,SDL,AZ,AWP,CE,Towers with Radar,0,57,72,1,130,0,1,64,0,65,0,58,136,1,195,97,0,97,292
01/02/2021,SDL,AZ,AWP,CE,Towers with Radar,0,102,138,0,240,0,2,191,0,193,0,104,329,0,433,110,0,110,543
01/03/2021,SDL,AZ,AWP,CE,Towers with Radar,2,95,157,0,254,0,2,115,0,117,2,97,272,0,371,85,0,85,456
01/04/2021,SDL,AZ,AWP,CE,Towers with Radar,0,75,103,0,178,0,3,150,0,153,0,78,253,0,331,161,0,161,492
01/05/2021,SDL,AZ,AWP,CE,Towers with Radar,0,73,68,0,141,0,10,170,0,180,0,83,238,0,321,198,0,198,519
01/06/2021,SDL,AZ,AWP,CE,Towers with Radar,0,58,81,0,139,0,2,234,0,236,0,60,315,0,375,254,0,254,629
01/07/2021,SDL,AZ,AWP,CE,Towers with Radar,0,72,76,2,150,0,14,197,1,212,0,86,273,3,362,247,0,247,609
01/08/2021,SDL,AZ,AWP,CE,Towers with Radar,0,69,117,0,186,0,6,213,0,219,0,75,330,0,405,233,0,233,638
01/09/2021,SDL,AZ,AWP,CE,Towers with Radar,0,63,72,0,135,0,4,160,0,164,0,67,232,0,299,195,0,195,494
01/10/2021,SDL,AZ,AWP,CE,Towers with Radar,0,66,108,0,174,0,7,126,0,133,0,73,234,0,307,166,0,166,473
01/11/2021,SDL,AZ,AWP,CE,Towers with Radar,0,48,102,0,150,0,5,126,0,131,0,53,228,0,281,142,0,142,423
01/12/2021,SDL,AZ,AWP,CE,Towers with Radar,0,46,86,0,132,0,5,187,0,192,0,51,273,0,324,235,0,235,559
01/13/2021,SDL,AZ,AWP,CE,Towers with Radar,0,66,78,0,144,0,22,192,2,216,0,88,270,2,360,209,0,209,569
01/14/2021,SDL,AZ,AWP,CE,Towers with Radar,0,75,133,0,208,0,5,202,0,207,0,80,335,0,415,135,0,135,550
01/15/2021,SDL,AZ,AWP,CE,Towers with Radar,0,73,117,0,190,0,4,166,0,170,0,77,283,0,360,168,0,168,528
01/16/2021,SDL,AZ,AWP,CE,Towers with Radar,0,65,67,0,132,0,0,186,0,186,0,65,253,0,318,208,0,208,526
01/17/2021,SDL,AZ,AWP,CE,Towers with Radar,0,73,109,0,182,0,5,148,0,153,0,78,257,0,335,166,0,166,501
01/18/2021,SDL,AZ,AWP,CE,Towers with Radar,0,59,124,2,185,0,8,190,0,198,0,67,314,2,383,185,0,185,568
01/19/2021,SDL,AZ,AWP,CE,Towers with Radar,0,54,77,0,131,0,2,132,0,134,0,56,209,0,265,250,0,250,515
01/20/2021,SDL,AZ,AWP,CE,Towers with Radar,0,61,96,3,160,0,4,174,0,178,0,65,270,3,338,198,0,198,536
01/21/2021,SDL,AZ,AWP,CE,Towers with Radar,0,57,99,0,156,0,3,151,0,154,0,60,250,0,310,287,0,287,597
01/22/2021,SDL,AZ,AWP,CE,Towers with Radar,0,62,126,2,190,0,3,138,0,141,0,65,264,2,331,275,0,275,606
01/23/2021,SDL,AZ,AWP,CE,Towers with Radar,0,51,74,0,125,0,2,82,4,88,0,53,156,4,213,180,0,180,393
01/24/2021,SDL,AZ,AWP,CE,Towers with Radar,0,63,111,0,174,0,0,16,1,17,0,63,127,1,191,37,0,37,228
01/25/2021,SDL,AZ,AWP,CE,Towers with Radar,0,68,78,0,146,0,1,21,0,22,0,69,99,0,168,5,0,5,173
01/26/2021,SDL,AZ,AWP,CE,Towers with Radar,0,53,86,0,139,0,3,98,2,103,0,56,184,2,242,233,0,233,475
01/27/2021,SDL,AZ,AWP,CE,Towers with Radar,0,73,91,4,168,0,6,211,4,221,0,79,302,8,389,214,1,215,604
01/28/2021,SDL,AZ,AWP,CE,Towers with Radar,0,84,110,0,194,0,9,214,0,223,0,93,324,0,417,189,0,189,606
01/29/2021,SDL,AZ,AWP,CE,Towers with Radar,0,69,107,2,178,0,5,107,0,112,0,74,214,2,290,151,0,151,441
01/30/2021,SDL,AZ,AWP,CE,Towers with Radar,0,61,72,0,133,0,5,242,0,247,0,66,314,0,380,264,0,264,644
01/31/2021,SDL,AZ,AWP,CE,Towers with Radar,0,76,113,0,189,0,4,187,0,191,0,80,300,0,380,148,0,148,528
02/01/2021,SDL,AZ,AWP,CE,Towers with Radar,0,70,93,0,163,0,52,146,0,198,0,122,239,0,361,242,0,242,603
02/02/2021,SDL,AZ,AWP,CE,Towers with Radar,0,65,77,0,142,0,77,195,0,272,0,142,272,0,414,260,0,260,674
02/03/2021,SDL,AZ,AWP,CE,Towers with Radar,0,62,97,0,159,0,54,168,0,222,0,116,265,0,381,230,0,230,611
02/04/2021,SDL,AZ,AWP,CE,Towers with Radar,0,79,127,0,206,0,39,169,0,208,0,118,296,0,414,93,0,93,507
02/05/2021,SDL,AZ,AWP,CE,Towers with Radar,0,65,117,0,182,0,46,219,0,265,0,111,336,0,447,88,0,88,535
02/06/2021,SDL,AZ,AWP,CE,Towers with Radar,0,58,73,0,131,0,43,141,0,184,0,101,214,0,315,174,0,174,489
02/07/2021,SDL,AZ,AWP,CE,Towers with Radar,0,64,113,0,177,0,26,111,0,137,0,90,224,0,314,90,0,90,404
02/08/2021,SDL,AZ,AWP,CE,Towers with Radar,0,73,128,0,201,0,61,130,0,191,0,134,258,0,392,145,0,145,537
02/09/2021,SDL,AZ,AWP,CE,Towers with Radar,0,67,77,0,144,0,71,184,0,255,0,138,261,0,399,209,0,209,608
02/10/2021,SDL,AZ,AWP,CE,Towers with Radar,0,90,127,0,217,0,61,187,0,248,0,151,314,0,465,219,0,219,684
02/11/2021,SDL,AZ,AWP,CE,Towers with Radar,0,108,153,0,261,0,47,191,0,238,0,155,344,0,499,97,0,97,596
02/12/2021,SDL,AZ,AWP,CE,Towers with Radar,0,93,135,0,228,0,60,190,0,250,0,153,325,0,478,134,0,134,612
02/13/2021,SDL,AZ,AWP,CE,Towers with Radar,0,65,92,0,157,0,32,127,0,159,0,97,219,0,316,149,0,149,465
02/14/2021,SDL,AZ,AWP,CE,Towers with Radar,0,82,87,1,170,0,22,127,0,149,0,104,214,1,319,141,0,141,460
02/15/2021,SDL,AZ,AWP,CE,Towers with Radar,0,108,162,2,272,0,50,136,0,186,0,158,298,2,458,134,0,134,592
02/16/2021,SDL,AZ,AWP,CE,Towers with Radar,0,74,131,1,206,0,40,120,2,162,0,114,251,3,368,118,0,118,486
02/17/2021,SDL,AZ,AWP,CE,Towers with Radar,0,77,129,0,206,0,48,125,0,173,0,125,254,0,379,131,0,131,510
02/18/2021,SDL,AZ,AWP,CE,Towers with Radar,0,83,151,0,234,0,49,163,1,213,0,132,314,1,447,114,0,114,561
02/19/2021,SDL,AZ,AWP,CE,Towers with Radar,0,84,130,0,214,0,53,181,0,234,0,137,311,0,448,170,0,170,618
02/20/2021,SDL,AZ,AWP,CE,Towers with Radar,0,80,95,0,175,0,36,94,2,132,0,116,189,2,307,111,0,111,418
02/21/2021,SDL,AZ,AWP,CE,Towers with Radar,0,106,163,0,269,0,35,143,0,178,0,141,306,0,447,108,0,108,555
02/22/2021,SDL,AZ,AWP,CE,Towers with Radar,0,69,125,0,194,0,75,113,0,188,0,144,238,0,382,204,0,204,586
02/23/2021,SDL,AZ,AWP,CE,Towers with Radar,0,68,109,0,177,0,46,156,0,202,0,114,265,0,379,156,0,156,535
02/24/2021,SDL,AZ,AWP,CE,Towers with Radar,0,72,142,0,214,0,72,135,0,207,0,144,277,0,421,168,0,168,589
02/25/2021,SDL,AZ,AWP,CE,Towers with Radar,0,84,138,0,222,0,39,147,0,186,0,123,285,0,408,152,0,152,560
02/26/2021,SDL,AZ,AWP,CE,Towers with Radar,0,82,120,2,204,0,40,187,0,227,0,122,307,2,431,151,0,151,582
02/27/2021,SDL,AZ,AWP,CE,Towers with Radar,0,73,74,0,147,0,36,177,0,213,0,109,251,0,360,185,0,185,545
02/28/2021,SDL,AZ,AWP,CE,Towers with Radar,0,97,145,0,242,0,10,81,0,91,0,107,226,0,333,47,0,47,380
03/01/2021,SDL,AZ,AWP,CE,Towers with Radar,0,78,113,4,195,2,47,139,0,188,2,125,252,4,383,200,0,200,583
03/02/2021,SDL,AZ,AWP,CE,Towers with Radar,0,78,85,0,163,0,40,133,0,173,0,118,218,0,336,103,0,103,439
03/03/2021,SDL,AZ,AWP,CE,Towers with Radar,0,75,118,0,193,0,21,101,0,122,0,96,219,0,315,109,0,109,424
03/04/2021,SDL,AZ,AWP,CE,Towers with Radar,0,94,112,1,207,0,57,173,0,230,0,151,285,1,437,204,0,204,641
03/05/2021,SDL,AZ,AWP,CE,Towers with Radar,1,94,156,1,252,0,55,202,0,257,1,149,358,1,509,117,0,117,626
03/06/2021,SDL,AZ,AWP,CE,Towers with Radar,0,75,115,0,190,0,40,115,0,155,0,115,230,0,345,174,0,174,519
03/07/2021,SDL,AZ,AWP,CE,Towers with Radar,0,109,184,0,293,0,24,139,0,163,0,133,323,0,456,100,0,100,556
03/08/2021,SDL,AZ,AWP,CE,Towers with Radar,0,75,112,0,187,1,42,143,0,186,1,117,255,0,373,180,0,180,553
03/09/2021,SDL,AZ,AWP,CE,Towers with Radar,0,48,113,0,161,0,41,97,0,138,0,89,210,0,299,167,0,167,466
03/10/2021,SDL,AZ,AWP,CE,Towers with Radar,0,82,134,2,218,0,47,182,0,229,0,129,316,2,447,152,1,153,600
03/11/2021,SDL,AZ,AWP,CE,Towers with Radar,0,91,158,0,249,0,43,144,0,187,0,134,302,0,436,221,0,221,657
03/12/2021,SDL,AZ,AWP,CE,Towers with Radar,0,99,161,1,261,0,21,84,0,105,0,120,245,1,366,79,0,79,445
03/13/2021,SDL,AZ,AWP,CE,Towers with Radar,0,93,135,6,234,0,21,66,0,87,0,114,201,6,321,98,0,98,419
03/14/2021,SDL,AZ,AWP,CE,Towers with Radar,0,99,169,2,270,0,38,99,0,137,0,137,268,2,407,72,0,72,479
03/15/2021,SDL,AZ,AWP,CE,Towers with Radar,0,100,126,3,229,0,39,154,1,194,0,139,280,4,423,113,0,113,536
03/16/2021,SDL,AZ,AWP,CE,Towers with Radar,0,80,127,3,210,0,42,117,0,159,0,122,244,3,369,163,0,163,532
03/17/2021,SDL,AZ,AWP,CE,Towers with Radar,0,117,142,0,259,0,87,183,0,270,0,204,325,0,529,162,0,162,691
03/18/2021,SDL,AZ,AWP,CE,Towers with Radar,0,93,146,2,241,0,75,209,0,284,0,168,355,2,525,106,0,106,631
03/19/2021,SDL,AZ,AWP,CE,Towers with Radar,0,114,199,2,315,0,50,200,0,250,0,164,399,2,565,94,0,94,659
03/20/2021,SDL,AZ,AWP,CE,Towers with Radar,0,82,134,0,216,0,32,149,0,181,0,114,283,0,397,94,0,94,491
03/21/2021,SDL,AZ,AWP,CE,Towers with Radar,0,116,200,0,316,0,28,147,0,175,0,144,347,0,491,57,0,57,548
03/22/2021,SDL,AZ,AWP,CE,Towers with Radar,0,79,121,2,202,0,46,111,0,157,0,125,232,2,359,77,0,77,436
03/23/2021,SDL,AZ,AWP,CE,Towers with Radar,0,79,144,2,225,0,39,113,0,152,0,118,257,2,377,172,0,172,549
03/24/2021,SDL,AZ,AWP,CE,Towers with Radar,0,72,177,0,249,0,60,189,1,250,0,132,366,1,499,131,0,131,630
03/25/2021,SDL,AZ,AWP,CE,Towers with Radar,0,103,157,0,260,0,32,95,3,130,0,135,252,3,390,123,0,123,513
03/26/2021,SDL,AZ,AWP,CE,Towers with Radar,0,88,159,2,249,0,62,160,0,222,0,150,319,2,471,189,2,191,662
03/27/2021,SDL,AZ,AWP,CE,Towers with Radar,0,98,150,0,248,0,64,159,0,223,0,162,309,0,471,136,0,136,607
03/28/2021,SDL,AZ,AWP,CE,Towers with Radar,0,110,213,0,323,0,30,158,0,188,0,140,371,0,511,80,0,80,591
03/29/2021,SDL,AZ,AWP,CE,Towers with Radar,0,74,107,0,181,0,50,151,0,201,0,124,258,0,382,212,0,212,594
03/30/2021,SDL,AZ,AWP,CE,Towers with Radar,0,79,103,0,182,0,60,191,1,252,0,139,294,1,434,176,0,176,610
03/31/2021,SDL,AZ,AWP,CE,Towers with Radar,0,97,119,0,216,0,46,196,0,242,0,143,315,0,458,189,0,189,647
04/01/2021,SDL,AZ,AWP,CE,Towers with Radar,0,106,169,0,275,0,28,149,0,177,0,134,318,0,452,68,0,68,520
04/02/2021,SDL,AZ,AWP,CE,Towers with Radar,0,101,156,0,257,0,67,182,0,249,0,168,338,0,506,185,0,185,691
04/03/2021,SDL,AZ,AWP,CE,Towers with Radar,0,86,96,0,182,0,41,158,0,199,0,127,254,0,381,221,0,221,602
04/04/2021,SDL,AZ,AWP,CE,Towers with Radar,0,79,112,0,191,0,13,85,0,98,0,92,197,0,289,129,0,129,418
04/05/2021,SDL,AZ,AWP,CE,Towers with Radar,0,92,147,0,239,0,50,150,0,200,0,142,297,0,439,148,0,148,587
04/06/2021,SDL,AZ,AWP,CE,Towers with Radar,0,81,110,0,191,0,55,175,0,230,0,136,285,0,421,200,0,200,621
04/07/2021,SDL,AZ,AWP,CE,Towers with Radar,0,68,143,0,211,0,73,212,0,285,0,141,355,0,496,134,0,134,630
04/08/2021,SDL,AZ,AWP,CE,Towers with Radar,0,102,142,0,244,0,31,200,0,231,0,133,342,0,475,149,0,149,624
04/09/2021,SDL,AZ,AWP,CE,Towers with Radar,0,80,150,1,231,0,30,162,0,192,0,110,312,1,423,177,2,179,602
04/10/2021,SDL,AZ,AWP,CE,Towers with Radar,0,81,115,3,199,0,35,147,0,182,0,116,262,3,381,102,0,102,483
04/11/2021,SDL,AZ,AWP,CE,Towers with Radar,0,105,152,3,260,0,15,151,0,166,0,120,303,3,426,54,0,54,480
04/12/2021,SDL,AZ,AWP,CE,Towers with Radar,0,89,135,1,225,0,43,145,0,188,0,132,280,1,413,148,0,148,561
04/13/2021,SDL,AZ,AWP,CE,Towers with Radar,0,82,106,0,188,0,38,163,0,201,0,120,269,0,389,247,0,247,636
04/14/2021,SDL,AZ,AWP,CE,Towers with Radar,0,84,126,3,213,0,57,121,0,178,0,141,247,3,391,200,0,200,591
04/15/2021,SDL,AZ,AWP,CE,Towers with Radar,0,96,188,2,286,0,30,165,0,195,0,126,353,2,481,183,0,183,664
04/16/2021,SDL,AZ,AWP,CE,Towers with Radar,0,65,129,1,195,0,49,160,2,211,0,114,289,3,406,251,0,251,657
04/17/2021,SDL,AZ,AWP,CE,Towers with Radar,0,76,92,1,169,0,33,135,2,170,0,109,227,3,339,160,0,160,499
04/18/2021,SDL,AZ,AWP,CE,Towers with Radar,0,117,165,1,283,0,12,77,0,89,0,129,242,1,372,62,0,62,434
04/19/2021,SDL,AZ,AWP,CE,Towers with Radar,0,81,110,0,191,0,36,135,0,171,0,117,245,0,362,89,0,89,451
04/20/2021,SDL,AZ,AWP,CE,Towers with Radar,0,61,97,0,158,0,61,136,0,197,0,122,233,0,355,205,0,205,560
04/21/2021,SDL,AZ,AWP,CE,Towers with Radar,0,62,123,0,185,0,18,77,0,95,0,80,200,0,280,48,0,48,328
04/22/2021,SDL,AZ,AWP,CE,Towers with Radar,0,92,164,0,256,0,59,183,2,244,0,151,347,2,500,141,0,141,641
04/23/2021,SDL,AZ,AWP,CE,Towers with Radar,0,77,131,1,209,0,37,154,1,192,0,114,285,2,401,199,0,199,600
04/24/2021,SDL,AZ,AWP,CE,Towers with Radar,0,70,72,1,143,0,39,152,1,192,0,109,224,2,335,166,0,166,501
04/25/2021,SDL,AZ,AWP,CE,Towers with Radar,0,106,179,2,287,0,28,142,1,171,0,134,321,3,458,63,0,63,521
04/26/2021,SDL,AZ,AWP,CE,Towers with Radar,0,79,120,1,200,0,41,103,0,144,0,120,223,1,344,121,0,121,465
04/27/2021,SDL,AZ,AWP,CE,Towers with Radar,0,74,84,0,158,0,43,126,1,170,0,117,210,1,328,316,0,316,644
04/28/2021,SDL,AZ,AWP,CE,Towers with Radar,0,85,130,0,215,0,41,156,0,197,0,126,286,0,412,156,0,156,568
04/29/2021,SDL,AZ,AWP,CE,Towers with Radar,0,91,157,0,248,0,37,228,1,266,0,128,385,1,514,147,0,147,661
04/30/2021,SDL,AZ,AWP,CE,Towers with Radar,0,110,116,14,240,0,41,184,0,225,0,151,300,14,465,136,0,136,601
05/01/2021,SDL,AZ,AWP,CE,Towers with Radar,0,76,95,1,172,0,41,139,0,180,0,117,234,1,352,160,0,160,512
05/02/2021,SDL,AZ,AWP,CE,Towers with Radar,1,92,161,10,264,0,25,105,0,130,1,117,266,10,394,82,0,82,476
05/03/2021,SDL,AZ,AWP,CE,Towers with Radar,0,82,113,2,197,0,53,160,0,213,0,135,273,2,410,244,0,244,654
05/04/2021,SDL,AZ,AWP,CE,Towers with Radar,0,77,88,2,167,1,73,114,0,188,1,150,202,2,355,290,0,290,645
05/05/2021,SDL,AZ,AWP,CE,Towers with Radar,0,87,129,1,217,0,56,144,0,200,0,143,273,1,417,244,0,244,661
05/06/2021,SDL,AZ,AWP,CE,Towers with Radar,0,96,142,1,239,0,46,114,0,160,0,142,256,1,399,160,0,160,559
05/07/2021,SDL,AZ,AWP,CE,Towers with Radar,0,99,132,0,231,0,50,161,0,211,0,149,293,0,442,196,0,196,638
05/08/2021,SDL,AZ,AWP,CE,Towers with Radar,0,70,107,0,177,0,43,121,0,164,0,113,228,0,341,190,0,190,531
05/09/2021,SDL,AZ,AWP,CE,Towers with Radar,0,77,128,0,205,0,37,106,0,143,0,114,234,0,348,156,0,156,504
05/10/2021,SDL,AZ,AWP,CE,Towers with Radar,0,90,120,0,210,0,49,137,0,186,0,139,257,0,396,252,0,252,648
05/11/2021,SDL,AZ,AWP,CE,Towers with Radar,0,83,117,0,200,0,43,124,0,167,0,126,241,0,367,158,0,158,525
05/12/2021,SDL,AZ,AWP,CE,Towers with Radar,0,84,131,2,217,0,47,105,0,152,0,131,236,2,369,261,0,261,630
05/13/2021,SDL,AZ,AWP,CE,Towers with Radar,0,92,145,1,238,0,44,133,0,177,0,136,278,1,415,137,0,137,552
05/14/2021,SDL,AZ,AWP,CE,Towers with Radar,0,110,111,1,222,0,41,165,1,207,0,151,276,2,429,186,0,186,615
05/15/2021,SDL,AZ,AWP,CE,Towers with Radar,0,81,84,1,166,0,27,134,0,161,0,108,218,1,327,133,0,133,460
05/16/2021,SDL,AZ,AWP,CE,Towers with Radar,1,89,135,3,228,0,21,90,0,111,1,110,225,3,339,92,0,92,431
05/17/2021,SDL,AZ,AWP,CE,Towers with Radar,0,78,113,1,192,0,51,130,0,181,0,129,243,1,373,171,0,171,544
05/18/2021,SDL,AZ,AWP,CE,Towers with Radar,0,75,88,2,165,0,40,167,0,207,0,115,255,2,372,221,0,221,593
05/19/2021,SDL,AZ,AWP,CE,Towers with Radar,0,73,126,1,200,0,50,168,1,219,0,123,294,2,419,192,1,193,612
05/20/2021,SDL,AZ,AWP,CE,Towers with Radar,0,87,121,6,214,0,29,115,1,145,0,116,236,7,359,217,0,217,576
05/21/2021,SDL,AZ,AWP,CE,Towers with Radar,0,88,121,0,209,0,31,133,3,167,0,119,254,3,376,165,0,165,541
05/22/2021,SDL,AZ,AWP,CE,Towers with Radar,0,59,91,0,150,0,57,130,3,190,0,116,221,3,340,209,0,209,549
05/23/2021,SDL,AZ,AWP,CE,Towers with Radar,0,69,135,0,204,0,44,155,2,201,0,113,290,2,405,164,0,164,569
05/24/2021,SDL,AZ,AWP,CE,Towers with Radar,0,90,121,0,211,0,57,110,0,167,0,147,231,0,378,193,0,193,571
05/25/2021,SDL,AZ,AWP,CE,Towers with Radar,0,63,111,0,174,0,73,143,3,219,0,136,254,3,393,200,0,200,593
05/26/2021,SDL,AZ,AWP,CE,Towers with Radar,0,81,106,0,187,0,55,124,1,180,0,136,230,1,367,171,1,172,539
05/27/2021,SDL,AZ,AWP,CE,Towers with Radar,0,85,166,1,252,0,46,141,0,187,0,131,307,1,439,169,0,169,608
05/28/2021,SDL,AZ,AWP,CE,Towers with Radar,0,81,146,7,234,0,44,133,4,181,0,125,279,11,415,152,5,157,572
05/29/2021,SDL,AZ,AWP,CE,Towers with Radar,0,74,57,10,141,0,21,86,1,108,0,95,143,11,249,176,0,176,425
05/30/2021,SDL,AZ,AWP,CE,Towers with Radar,0,62,59,5,126,0,14,112,1,127,0,76,171,6,253,162,0,162,415
05/31/2021,SDL,AZ,AWP,CE,Towers with Radar,0,88,128,1,217,0,39,139,3,181,0,127,267,4,398,121,0,121,519
06/01/2021,SDL,AZ,AWP,CE,Towers with Radar,0,82,108,0,190,0,34,135,0,169,0,116,243,0,359,187,0,187,546
06/02/2021,SDL,AZ,AWP,CE,Towers with Radar,0,74,103,3,180,0,37,131,0,168,0,111,234,3,348,103,0,103,451
06/03/2021,SDL,AZ,AWP,CE,Towers with Radar,0,69,115,0,184,0,56,141,0,197,0,125,256,0,381,177,0,177,558
06/04/2021,SDL,AZ,AWP,CE,Towers with Radar,0,69,105,1,175,0,57,163,1,221,0,126,268,2,396,168,0,168,564
06/05/2021,SDL,AZ,AWP,CE,Towers with Radar,0,53,66,0,119,0,34,99,0,133,0,87,165,0,252,188,0,188,440
06/06/2021,SDL,AZ,AWP,CE,Towers with Radar,0,78,95,3,176,0,20,75,0,95,0,98,170,3,271,91,0,91,362
06/07/2021,SDL,AZ,AWP,CE,Towers with Radar,1,58,91,2,152,0,76,93,0,169,1,134,184,2,321,154,1,155,476
06/08/2021,SDL,AZ,AWP,CE,Towers with Radar,0,63,71,0,134,0,67,107,0,174,0,130,178,0,308,175,0,175,483
06/09/2021,SDL,AZ,AWP,CE,Towers with Radar,0,55,83,0,138,0,56,139,0,195,0,111,222,0,333,227,0,227,560
06/10/2021,SDL,AZ,AWP,CE,Towers with Radar,0,63,114,2,179,0,46,128,1,175,0,109,242,3,354,151,0,151,505
06/11/2021,SDL,AZ,AWP,CE,Towers with Radar,0,52,91,6,149,0,47,110,0,157,0,99,201,6,306,163,2,165,471
06/12/2021,SDL,AZ,AWP,CE,Towers with Radar,0,37,81,1,119,0,47,125,0,172,0,84,206,1,291,164,0,164,455
06/13/2021,SDL,AZ,AWP,CE,Towers with Radar,0,71,113,1,185,0,24,89,0,113,0,95,202,1,298,173,0,173,471
06/14/2021,SDL,AZ,AWP,CE,Towers with Radar,0,45,115,2,162,0,54,93,2,149,0,99,208,4,311,129,0,129,440
06/15/2021,SDL,AZ,AWP,CE,Towers with Radar,0,49,97,0,146,0,51,86,1,138,0,100,183,1,284,233,1,234,518
06/16/2021,SDL,AZ,AWP,CE,Towers with Radar,0,62,92,0,154,0,42,86,0,128,0,104,178,0,282,132,0,132,414
06/17/2021,SDL,AZ,AWP,CE,Towers with Radar,0,69,95,0,164,0,35,83,0,118,0,104,178,0,282,147,0,147,429
06/18/2021,SDL,AZ,AWP,CE,Towers with Radar,0,48,119,5,172,0,43,105,0,148,0,91,224,5,320,75,0,75,395
06/19/2021,SDL,AZ,AWP,CE,Towers with Radar,0,35,82,0,117,0,36,94,0,130,0,71,176,0,247,165,0,165,412
06/20/2021,SDL,AZ,AWP,CE,Towers with Radar,0,55,99,3,157,0,13,70,0,83,0,68,169,3,240,71,0,71,311
06/21/2021,SDL,AZ,AWP,CE,Towers with Radar,0,72,100,0,172,0,35,87,0,122,0,107,187,0,294,180,0,180,474
06/22/2021,SDL,AZ,AWP,CE,Towers with Radar,1,72,83,0,156,0,42,101,0,143,1,114,184,0,299,190,0,190,489
06/23/2021,SDL,AZ,AWP,CE,Towers with Radar,0,53,95,0,148,0,48,84,0,132,0,101,179,0,280,185,0,185,465
06/24/2021,SDL,AZ,AWP,CE,Towers with Radar,0,63,100,0,163,0,68,142,0,210,0,131,242,0,373,204,0,204,577
06/25/2021,SDL,AZ,AWP,CE,Towers with Radar,0,58,117,1,176,0,57,137,0,194,0,115,254,1,370,187,0,187,557
06/26/2021,SDL,AZ,AWP,CE,Towers with Radar,0,44,58,11,113,0,46,107,5,158,0,90,165,16,271,161,0,161,432
06/27/2021,SDL,AZ,AWP,CE,Towers with Radar,0,46,113,0,159,0,35,77,0,112,0,81,190,0,271,202,0,202,473
06/28/2021,SDL,AZ,AWP,CE,Towers with Radar,0,36,85,5,126,0,42,60,10,112,0,78,145,15,238,88,0,88,326
06/29/2021,SDL,AZ,AWP,CE,Towers with Radar,0,47,52,4,103,0,30,76,0,106,0,77,128,4,209,194,0,194,403
06/30/2021,SDL,AZ,AWP,CE,Towers with Radar,0,61,99,3,163,0,29,87,3,119,0,90,186,6,282,218,0,218,500
07/01/2021,SDL,AZ,AWP,CE,Towers with Radar,0,56,114,3,173,0,51,132,1,184,0,107,246,4,357,190,0,190,547
07/02/2021,SDL,AZ,AWP,CE,Towers with Radar,0,54,94,0,148,0,44,87,0,131,0,98,181,0,279,125,0,125,404
07/03/2021,SDL,AZ,AWP,CE,Towers with Radar,0,31,47,0,78,0,42,74,0,116,0,73,121,0,194,174,0,174,368
07/04/2021,SDL,AZ,AWP,CE,Towers with Radar,0,12,30,0,42,0,13,60,0,73,0,25,90,0,115,132,0,132,247
07/05/2021,SDL,AZ,AWP,CE,Towers with Radar,0,34,73,0,107,0,41,81,0,122,0,75,154,0,229,206,0,206,435
07/06/2021,SDL,AZ,AWP,CE,Towers with Radar,0,1,1,0,2,0,5,2,0,7,0,6,3,0,9,0,0,0,9
07/07/2021,SDL,AZ,AWP,CE,Towers with Radar,0,0,1,1,2,0,2,11,0,13,0,2,12,1,15,0,0,0,15
07/08/2021,SDL,AZ,AWP,CE,Towers with Radar,0,1,0,0,1,0,3,17,0,20,0,4,17,0,21,0,0,0,21
07/09/2021,SDL,AZ,AWP,CE,Towers with Radar,0,1,0,0,1,0,7,9,0,16,0,8,9,0,17,0,0,0,17
07/10/2021,SDL,AZ,AWP,CE,Towers with Radar,0,1,0,0,1,0,1,13,0,14,0,2,13,0,15,0,0,0,15
07/11/2021,SDL,AZ,AWP,CE,Towers with Radar,0,0,0,0,0,0,3,3,0,6,0,3,3,0,6,0,0,0,6
07/12/2021,SDL,AZ,AWP,CE,Towers with Radar,0,0,0,0,0,0,7,6,0,13,0,7,6,0,13,2,0,2,15
07/13/2021,SDL,AZ,AWP,CE,Towers with Radar,0,1,1,0,2,0,6,14,0,20,0,7,15,0,22,2,0,2,24
07/14/2021,SDL,AZ,AWP,CE,Towers with Radar,0,0,1,0,1,0,2,11,0,13,0,2,12,0,14,0,0,0,14
07/15/2021,SDL,AZ,AWP,CE,Towers with Radar,0,0,0,0,0,0,5,18,0,23,0,5,18,0,23,0,0,0,23
07/16/2021,SDL,AZ,AWP,CE,Towers with Radar,0,1,0,0,1,0,0,11,0,11,0,1,11,0,12,12,0,12,24
07/17/2021,SDL,AZ,AWP,CE,Towers with Radar,0,0,1,0,1,0,0,13,1,14,0,0,14,1,15,0,0,0,15
07/18/2021,SDL,AZ,AWP,CE,Towers with Radar,0,0,0,0,0,0,0,3,1,4,0,0,3,1,4,0,0,0,4
07/19/2021,SDL,AZ,AWP,CE,Towers with Radar,0,1,0,0,1,0,1,16,0,17,0,2,16,0,18,0,0,0,18
07/20/2021,SDL,AZ,AWP,CE,Towers with Radar,0,1,1,0,2,0,0,11,0,11,0,1,12,0,13,0,0,0,13
07/21/2021,SDL,AZ,AWP,CE,Towers with Radar,0,0,1,0,1,0,0,1,0,1,0,0,2,0,2,0,0,0,2
07/22/2021,SDL,AZ,AWP,CE,Towers with Radar,0,0,2,0,2,0,0,13,0,13,0,0,15,0,15,0,0,0,15
07/23/2021,SDL,AZ,AWP,CE,Towers with Radar,0,0,0,0,0,0,0,5,0,5,0,0,5,0,5,0,0,0,5
07/24/2021,SDL,AZ,AWP,CE,Towers with Radar,0,0,0,0,0,0,2,2,0,4,0,2,2,0,4,0,0,0,4
07/25/2021,SDL,AZ,AWP,CE,Towers with Radar,0,0,0,0,0,0,0,10,0,10,0,0,10,0,10,0,0,0,10
07/26/2021,SDL,AZ,AWP,CE,Towers with Radar,0,2,3,0,5,0,4,6,0,10,0,6,9,0,15,0,0,0,15
07/27/2021,SDL,AZ,AWP,CE,Towers with Radar,0,4,0,0,4,0,1,19,0,20,0,5,19,0,24,0,0,0,24
07/28/2021,SDL,AZ,AWP,CE,Towers with Radar,0,2,1,0,3,0,2,15,0,17,0,4,16,0,20,0,0,0,20
07/29/2021,SDL,AZ,AWP,CE,Towers with Radar,0,3,0,0,3,0,4,11,0,15,0,7,11,0,18,0,0,0,18
07/30/2021,SDL,AZ,AWP,CE,Towers with Radar,0,1,1,0,2,0,2,13,0,15,0,3,14,0,17,0,0,0,17
07/31/2021,SDL,AZ,AWP,CE,Towers with Radar,0,0,1,0,1,0,1,14,0,15,0,1,15,0,16,0,0,0,16
08/01/2021,SDL,AZ,AWP,CE,Towers with Radar,0,1,0,0,1,0,1,3,0,4,0,2,3,0,5,0,0,0,5
08/02/2021,SDL,AZ,AWP,CE,Towers with Radar,0,1,2,0,3,0,6,11,0,17,0,7,13,0,20,0,0,0,20
08/03/2021,SDL,AZ,AWP,CE,Towers with Radar,0,5,0,0,5,0,6,7,0,13,0,11,7,0,18,0,0,0,18
08/04/2021,SDL,AZ,AWP,CE,Towers with Radar,0,0,0,0,0,0,1,7,0,8,0,1,7,0,8,0,0,0,8
08/05/2021,SDL,AZ,AWP,CE,Towers with Radar,0,0,1,0,1,0,0,9,0,9,0,0,10,0,10,0,0,0,10
08/06/2021,SDL,AZ,AWP,CE,Towers with Radar,0,0,0,0,0,0,4,9,0,13,0,4,9,0,13,0,0,0,13
08/07/2021,SDL,AZ,AWP,CE,Towers with Radar,0,1,0,0,1,0,1,16,1,18,0,2,16,1,19,0,0,0,19
08/08/2021,SDL,AZ,AWP,CE,Towers with Radar,0,0,1,0,1,0,0,4,0,4,0,0,5,0,5,0,0,0,5
08/09/2021,SDL,AZ,AWP,CE,Towers with Radar,0,2,2,0,4,0,2,9,0,11,0,4,11,0,15,0,0,0,15
08/10/2021,SDL,AZ,AWP,CE,Towers with Radar,0,0,1,0,1,0,3,8,0,11,0,3,9,0,12,0,0,0,12
08/11/2021,SDL,AZ,AWP,CE,Towers with Radar,0,1,0,0,1,0,1,8,0,9,0,2,8,0,10,0,0,0,10
08/12/2021,SDL,AZ,AWP,CE,Towers with Radar,0,3,0,0,3,0,2,7,0,9,0,5,7,0,12,0,0,0,12
08/13/2021,SDL,AZ,AWP,CE,Towers with Radar,0,2,0,0,2,0,5,27,0,32,0,7,27,0,34,0,0,0,34
08/14/2021,SDL,AZ,AWP,CE,Towers with Radar,0,4,23,0,27,0,9,43,0,52,0,13,66,0,79,10,0,10,89
08/15/2021,SDL,AZ,AWP,CE,Towers with Radar,0,8,47,0,55,0,20,61,0,81,0,28,108,0,136,128,0,128,264
08/16/2021,SDL,AZ,AWP,CE,Towers with Radar,0,24,63,0,87,0,33,69,0,102,0,57,132,0,189,136,0,136,325
08/17/2021,SDL,AZ,AWP,CE,Towers with Radar,0,30,42,0,72,0,28,79,0,107,0,58,121,0,179,154,0,154,333
08/18/2021,SDL,AZ,AWP,CE,Towers with Radar,0,28,80,0,108,0,20,44,0,64,0,48,124,0,172,157,0,157,329
08/19/2021,SDL,AZ,AWP,CE,Towers with Radar,0,29,72,0,101,0,32,99,0,131,0,61,171,0,232,183,0,183,415
08/20/2021,SDL,AZ,AWP,CE,Towers with Radar,0,45,86,0,131,0,50,101,0,151,0,95,187,0,282,174,0,174,456
08/21/2021,SDL,AZ,AWP,CE,Towers with Radar,0,31,44,0,75,0,34,81,0,115,0,65,125,0,190,124,0,124,314
08/22/2021,SDL,AZ,AWP,CE,Towers with Radar,0,32,81,0,113,0,26,94,0,120,0,58,175,0,233,174,0,174,407
08/23/2021,SDL,AZ,AWP,CE,Towers with Radar,0,49,80,0,129,0,56,92,0,148,0,105,172,0,277,96,0,96,373
08/24/2021,SDL,AZ,AWP,CE,Towers with Radar,0,51,93,0,144,0,52,112,1,165,0,103,205,1,309,188,0,188,497
08/25/2021,SDL,AZ,AWP,CE,Towers with Radar,0,46,73,2,121,0,33,116,4,153,0,79,189,6,274,126,0,126,400
08/26/2021,SDL,AZ,AWP,CE,Towers with Radar,0,39,105,0,144,0,32,88,1,121,0,71,193,1,265,112,0,112,377
08/27/2021,SDL,AZ,AWP,CE,Towers with Radar,0,38,83,2,123,0,38,107,2,147,0,76,190,4,270,159,0,159,429
08/28/2021,SDL,AZ,AWP,CE,Towers with Radar,0,24,60,2,86,0,33,81,0,114,0,57,141,2,200,178,0,178,378
08/29/2021,SDL,AZ,AWP,CE,Towers with Radar,0,42,97,4,143,0,32,70,1,103,0,74,167,5,246,141,0,141,387
08/30/2021,SDL,AZ,AWP,CE,Towers with Radar,0,36,101,0,137,0,42,80,0,122,0,78,181,0,259,208,0,208,467
08/31/2021,SDL,AZ,AWP,CE,Towers with Radar,0,37,70,0,107,0,37,62,0,99,0,74,132,0,206,173,0,173,379
09/01/2021,SDL,AZ,AWP,CE,Towers with Radar,1,57,92,0,150,0,13,62,0,75,1,70,154,0,225,97,0,97,322
09/02/2021,SDL,AZ,AWP,CE,Towers with Radar,0,49,113,1,163,0,40,139,0,179,0,89,252,1,342,152,0,152,494
09/03/2021,SDL,AZ,AWP,CE,Towers with Radar,0,64,132,0,196,0,31,92,2,125,0,95,224,2,321,115,0,115,436
09/04/2021,SDL,AZ,AWP,CE,Towers with Radar,0,25,55,2,82,0,40,103,3,146,0,65,158,5,228,242,0,242,470
09/05/2021,SDL,AZ,AWP,CE,Towers with Radar,0,25,72,0,97,0,22,88,0,110,0,47,160,0,207,106,0,106,313
09/06/2021,SDL,AZ,AWP,CE,Towers with Radar,0,58,124,1,183,0,39,118,0,157,0,97,242,1,340,175,0,175,515
09/07/2021,SDL,AZ,AWP,CE,Towers with Radar,0,57,87,0,144,0,43,90,0,133,0,100,177,0,277,207,0,207,484
09/08/2021,SDL,AZ,AWP,CE,Towers with Radar,0,53,77,0,130,0,49,122,1,172,0,102,199,1,302,162,2,164,466
09/09/2021,SDL,AZ,AWP,CE,Towers with Radar,0,54,90,1,145,0,52,121,2,175,0,106,211,3,320,236,0,236,556
09/10/2021,SDL,AZ,AWP,CE,Towers with Radar,0,51,108,0,159,0,57,155,2,214,0,108,263,2,373,267,4,271,644
09/11/2021,SDL,AZ,AWP,CE,Towers with Radar,0,44,59,0,103,0,33,97,0,130,0,77,156,0,233,139,0,139,372
09/12/2021,SDL,AZ,AWP,CE,Towers with Radar,0,62,116,0,178,0,8,81,1,90,0,70,197,1,268,103,0,103,371
09/13/2021,SDL,AZ,AWP,CE,Towers with Radar,0,45,89,0,134,0,45,85,0,130,0,90,174,0,264,219,0,219,483
09/14/2021,SDL,AZ,AWP,CE,Towers with Radar,0,46,66,0,112,0,31,104,0,135,0,77,170,0,247,279,0,279,526
09/15/2021,SDL,AZ,AWP,CE,Towers with Radar,0,60,98,2,160,0,21,116,0,137,0,81,214,2,297,223,0,223,520
09/16/2021,SDL,AZ,AWP,CE,Towers with Radar,0,54,111,0,165,0,53,129,0,182,0,107,240,0,347,271,0,271,618
09/17/2021,SDL,AZ,AWP,CE,Towers with Radar,0,36,92,0,128,0,31,140,0,171,0,67,232,0,299,148,0,148,447
09/18/2021,SDL,AZ,AWP,CE,Towers with Radar,0,40,64,0,104,0,33,103,2,138,0,73,167,2,242,191,0,191,433
09/19/2021,SDL,AZ,AWP,CE,Towers with Radar,0,78,120,0,198,0,22,111,1,134,0,100,231,1,332,66,0,66,398
09/20/2021,SDL,AZ,AWP,CE,Towers with Radar,0,51,107,0,158,0,37,107,0,144,0,88,214,0,302,180,0,180,482
09/21/2021,SDL,AZ,AWP,CE,Towers with Radar,0,52,79,0,131,0,25,107,0,132,0,77,186,0,263,170,0,170,433
09/22/2021,SDL,AZ,AWP,CE,Towers with Radar,0,54,131,0,185,0,30,174,0,204,0,84,305,0,389,191,0,191,580
09/23/2021,SDL,AZ,AWP,CE,Towers with Radar,0,72,142,0,214,0,54,142,0,196,0,126,284,0,410,129,0,129,539
09/24/2021,SDL,AZ,AWP,CE,Towers with Radar,0,54,142,0,196,0,48,123,0,171,0,102,265,0,367,201,0,201,568
09/25/2021,SDL,AZ,AWP,CE,Towers with Radar,0,41,89,0,130,0,46,126,0,172,0,87,215,0,302,190,0,190,492
09/26/2021,SDL,AZ,AWP,CE,Towers with Radar,0,54,172,0,226,0,4,36,0,40,0,58,208,0,266,31,0,31,297
09/27/2021,SDL,AZ,AWP,CE,Towers with Radar,0,50,111,0,161,0,122,112,0,234,0,172,223,0,395,184,0,184,579
09/28/2021,SDL,AZ,AWP,CE,Towers with Radar,0,52,87,0,139,0,43,124,0,167,0,95,211,0,306,204,0,204,510
09/29/2021,SDL,AZ,AWP,CE,Towers with Radar,0,40,88,0,128,0,57,109,0,166,0,97,197,0,294,211,0,211,505
09/30/2021,SDL,AZ,AWP,CE,Towers with Radar,0,51,124,0,175,0,33,103,0,136,0,84,227,0,311,175,0,175,486
10/01/2021,SDL,AZ,AWP,CE,Towers with Radar,0,70,122,1,193,0,52,150,2,204,0,122,272,3,397,173,0,173,570
10/02/2021,SDL,AZ,AWP,CE,Towers with Radar,0,46,70,3,119,0,35,106,5,146,0,81,176,8,265,154,0,154,419
10/03/2021,SDL,AZ,AWP,CE,Towers with Radar,0,69,138,0,207,0,39,78,0,117,0,108,216,0,324,136,0,136,460
10/04/2021,SDL,AZ,AWP,CE,Towers with Radar,0,75,111,0,186,0,46,104,0,150,0,121,215,0,336,255,0,255,591
10/05/2021,SDL,AZ,AWP,CE,Towers with Radar,0,57,80,0,137,0,29,55,0,84,0,86,135,0,221,119,0,119,340
10/06/2021,SDL,AZ,AWP,CE,Towers with Radar,0,77,122,0,199,0,53,158,0,211,0,130,280,0,410,205,0,205,615
10/07/2021,SDL,AZ,AWP,CE,Towers with Radar,0,81,132,0,213,0,57,153,0,210,0,138,285,0,423,144,0,144,567
10/08/2021,SDL,AZ,AWP,CE,Towers with Radar,0,74,164,0,238,0,52,116,1,169,0,126,280,1,407,215,0,215,622
10/09/2021,SDL,AZ,AWP,CE,Towers with Radar,0,63,97,2,162,0,31,95,0,126,0,94,192,2,288,171,0,171,459
10/10/2021,SDL,AZ,AWP,CE,Towers with Radar,0,65,135,0,200,0,10,92,0,102,0,75,227,0,302,143,0,143,445
10/11/2021,SDL,AZ,AWP,CE,Towers with Radar,0,72,137,1,210,0,36,89,0,125,0,108,226,1,335,80,0,80,415
10/12/2021,SDL,AZ,AWP,CE,Towers with Radar,0,64,113,0,177,0,33,86,0,119,0,97,199,0,296,243,0,243,539
10/13/2021,SDL,AZ,AWP,CE,Towers with Radar,0,65,141,4,210,0,49,130,1,180,0,114,271,5,390,226,1,227,617
10/14/2021,SDL,AZ,AWP,CE,Towers with Radar,0,80,120,0,200,0,51,126,0,177,0,131,246,0,377,131,0,131,508
10/15/2021,SDL,AZ,AWP,CE,Towers with Radar,0,82,150,0,232,0,33,101,0,134,0,115,251,0,366,90,0,90,456
10/16/2021,SDL,AZ,AWP,CE,Towers with Radar,0,54,94,0,148,0,41,101,0,142,0,95,195,0,290,53,0,53,343
10/17/2021,SDL,AZ,AWP,CE,Towers with Radar,0,88,131,0,219,0,21,86,1,108,0,109,217,1,327,75,0,75,402
10/18/2021,SDL,AZ,AWP,CE,Towers with Radar,0,71,114,2,187,0,30,101,0,131,0,101,215,2,318,161,0,161,479
10/19/2021,SDL,AZ,AWP,CE,Towers with Radar,0,64,107,0,171,0,51,100,0,151,0,115,207,0,322,128,0,128,450
10/20/2021,SDL,AZ,AWP,CE,Towers with Radar,0,78,143,1,222,0,53,140,0,193,0,131,283,1,415,194,0,194,609
10/21/2021,SDL,AZ,AWP,CE,Towers with Radar,0,78,133,0,211,0,52,123,1,176,0,130,256,1,387,105,0,105,492
10/22/2021,SDL,AZ,AWP,CE,Towers with Radar,0,82,145,4,231,0,39,157,0,196,0,121,302,4,427,143,0,143,570
10/23/2021,SDL,AZ,AWP,CE,Towers with Radar,0,74,104,0,178,0,27,129,0,156,0,101,233,0,334,180,0,180,514
10/24/2021,SDL,AZ,AWP,CE,Towers with Radar,0,81,151,2,234,0,22,100,0,122,0,103,251,2,356,152,0,152,508
10/25/2021,SDL,AZ,AWP,CE,Towers with Radar,0,60,121,2,183,0,45,97,0,142,0,105,218,2,325,182,0,182,507
10/26/2021,SDL,AZ,AWP,CE,Towers with Radar,0,76,110,0,186,6,62,117,0,185,6,138,227,0,371,180,0,180,551
10/27/2021,SDL,AZ,AWP,CE,Towers with Radar,0,68,129,0,197,0,43,136,0,179,0,111,265,0,376,189,0,189,565
10/28/2021,SDL,AZ,AWP,CE,Towers with Radar,0,71,154,0,225,0,57,161,1,219,0,128,315,1,444,142,0,142,586
10/29/2021,SDL,AZ,AWP,CE,Towers with Radar,0,78,137,1,216,0,48,121,0,169,0,126,258,1,385,155,0,155,540
10/30/2021,SDL,AZ,AWP,CE,Towers with Radar,0,41,78,0,119,0,31,103,0,134,0,72,181,0,253,125,0,125,378
10/31/2021,SDL,AZ,AWP,CE,Towers with Radar,0,67,121,0,188,0,15,73,0,88,0,82,194,0,276,80,0,80,356
11/01/2021,SDL,AZ,AWP,CE,Towers with Radar,0,73,144,1,218,0,38,86,0,124,0,111,230,1,342,141,0,141,483
11/02/2021,SDL,AZ,AWP,CE,Towers with Radar,0,74,111,3,188,0,62,100,1,163,0,136,211,4,351,156,0,156,507
11/03/2021,SDL,AZ,AWP,CE,Towers with Radar,1,91,144,0,236,0,47,141,0,188,1,138,285,0,424,121,0,121,545
11/04/2021,SDL,AZ,AWP,CE,Towers with Radar,0,89,184,1,274,0,36,137,2,175,0,125,321,3,449,155,0,155,604
11/05/2021,SDL,AZ,AWP,CE,Towers with Radar,0,98,151,2,251,0,57,114,0,171,0,155,265,2,422,84,0,84,506
11/06/2021,SDL,AZ,AWP,CE,Towers with Radar,0,72,83,1,156,0,33,119,1,153,0,105,202,2,309,73,0,73,382
11/07/2021,SDL,AZ,AWP,CE,Towers with Radar,0,101,189,0,290,0,18,126,0,144,0,119,315,0,434,60,0,60,494
11/08/2021,SDL,AZ,AWP,CE,Towers with Radar,0,74,143,0,217,0,42,102,1,145,0,116,245,1,362,147,0,147,509
11/09/2021,SDL,AZ,AWP,CE,Towers with Radar,0,88,121,1,210,0,54,85,0,139,0,142,206,1,349,160,0,160,509
11/10/2021,SDL,AZ,AWP,CE,Towers with Radar,0,80,160,0,240,0,40,121,0,161,0,120,281,0,401,102,0,102,503
11/11/2021,SDL,AZ,AWP,CE,Towers with Radar,0,91,153,2,246,0,43,127,0,170,0,134,280,2,416,58,0,58,474
11/12/2021,SDL,AZ,AWP,CE,Towers with Radar,0,89,170,0,259,0,37,186,1,224,0,126,356,1,483,144,0,144,627
11/13/2021,SDL,AZ,AWP,CE,Towers with Radar,0,62,86,2,150,1,52,152,0,205,1,114,238,2,355,146,0,146,501
11/14/2021,SDL,AZ,AWP,CE,Towers with Radar,0,100,147,0,247,0,24,166,0,190,0,124,313,0,437,95,0,95,532
11/15/2021,SDL,AZ,AWP,CE,Towers with Radar,0,78,129,0,207,0,67,154,0,221,0,145,283,0,428,88,0,88,516
11/16/2021,SDL,AZ,AWP,CE,Towers with Radar,0,82,127,0,209,0,60,149,2,211,0,142,276,2,420,187,0,187,607
11/17/2021,SDL,AZ,AWP,CE,Towers with Radar,0,80,144,2,226,0,60,164,1,225,0,140,308,3,451,142,0,142,593
11/18/2021,SDL,AZ,AWP,CE,Towers with Radar,0,108,153,0,261,0,45,147,0,192,0,153,300,0,453,47,0,47,500
11/19/2021,SDL,AZ,AWP,CE,Towers with Radar,0,90,170,2,262,0,66,143,0,209,0,156,313,2,471,62,0,62,533
11/20/2021,SDL,AZ,AWP,CE,Towers with Radar,0,71,108,0,179,0,59,159,1,219,0,130,267,1,398,116,0,116,514
11/21/2021,SDL,AZ,AWP,CE,Towers with Radar,0,95,172,0,267,0,13,87,0,100,0,108,259,0,367,47,0,47,414
11/22/2021,SDL,AZ,AWP,CE,Towers with Radar,0,98,132,2,232,0,66,113,2,181,0,164,245,4,413,99,0,99,512
11/23/2021,SDL,AZ,AWP,CE,Towers with Radar,2,93,141,2,238,0,73,146,0,219,2,166,287,2,457,164,0,164,621
11/24/2021,SDL,AZ,AWP,CE,Towers with Radar,1,71,155,1,228,0,32,123,2,157,1,103,278,3,385,98,0,98,483
11/25/2021,SDL,AZ,AWP,CE,Towers with Radar,0,36,29,0,65,0,3,28,0,31,0,39,57,0,96,17,0,17,113
11/26/2021,SDL,AZ,AWP,CE,Towers with Radar,0,59,86,0,145,0,24,112,0,136,0,83,198,0,281,97,0,97,378
11/27/2021,SDL,AZ,AWP,CE,Towers with Radar,0,99,141,1,241,0,23,118,0,141,0,122,259,1,382,33,0,33,415
11/28/2021,SDL,AZ,AWP,CE,Towers with Radar,1,104,215,0,320,0,22,101,0,123,1,126,316,0,443,61,0,61,504
11/29/2021,SDL,AZ,AWP,CE,Towers with Radar,0,100,124,3,227,0,38,115,0,153,0,138,239,3,380,133,0,133,513
11/30/2021,SDL,AZ,AWP,CE,Towers with Radar,0,91,129,0,220,0,62,155,0,217,0,153,284,0,437,130,0,130,567
12/01/2021,SDL,AZ,AWP,CE,Towers with Radar,0,104,211,0,315,0,29,61,0,90,0,133,272,0,405,121,0,121,526
12/02/2021,SDL,AZ,AWP,CE,Towers with Radar,1,87,147,0,235,0,34,90,0,124,1,121,237,0,359,102,0,102,461
12/03/2021,SDL,AZ,AWP,CE,Towers with Radar,0,83,160,2,245,0,43,111,0,154,0,126,271,2,399,116,0,116,515
12/04/2021,SDL,AZ,AWP,CE,Towers with Radar,0,75,104,0,179,0,54,127,0,181,0,129,231,0,360,156,0,156,516
12/05/2021,SDL,AZ,AWP,CE,Towers with Radar,0,84,141,2,227,0,21,133,0,154,0,105,274,2,381,53,0,53,434
12/06/2021,SDL,AZ,AWP,CE,Towers with Radar,1,82,116,0,199,0,46,99,0,145,1,128,215,0,344,115,0,115,459
12/07/2021,SDL,AZ,AWP,CE,Towers with Radar,0,86,146,0,232,0,59,121,0,180,0,145,267,0,412,138,0,138,550
12/08/2021,SDL,AZ,AWP,CE,Towers with Radar,0,74,123,3,200,0,58,110,0,168,0,132,233,3,368,173,0,173,541
12/09/2021,SDL,AZ,AWP,CE,Towers with Radar,0,73,134,2,209,0,41,71,0,112,0,114,205,2,321,164,0,164,485
12/10/2021,SDL,AZ,AWP,CE,Towers with Radar,0,81,133,0,214,0,49,125,0,174,0,130,258,0,388,129,0,129,517
12/11/2021,SDL,AZ,AWP,CE,Towers with Radar,0,61,71,0,132,0,39,147,0,186,0,100,218,0,318,112,0,112,430
12/12/2021,SDL,AZ,AWP,CE,Towers with Radar,0,69,159,0,228,0,39,83,0,122,0,108,242,0,350,69,0,69,419
12/13/2021,SDL,AZ,AWP,CE,Towers with Radar,0,73,113,0,186,0,48,110,2,160,0,121,223,2,346,117,0,117,463
12/14/2021,SDL,AZ,AWP,CE,Towers with Radar,0,85,129,0,214,0,45,89,4,138,0,130,218,4,352,127,0,127,479
12/15/2021,SDL,AZ,AWP,CE,Towers with Radar,0,69,139,0,208,0,70,119,2,191,0,139,258,2,399,118,0,118,517
12/16/2021,SDL,AZ,AWP,CE,Towers with Radar,0,80,132,0,212,10,80,122,2,214,10,160,254,2,426,83,0,83,509
12/17/2021,SDL,AZ,AWP,CE,Towers with Radar,0,92,185,2,279,0,44,169,1,214,0,136,354,3,493,81,0,81,574
12/18/2021,SDL,AZ,AWP,CE,Towers with Radar,0,84,121,0,205,0,41,121,2,164,0,125,242,2,369,112,0,112,481
12/19/2021,SDL,AZ,AWP,CE,Towers with Radar,1,94,144,0,239,3,20,100,0,123,4,114,244,0,362,37,0,37,399
12/20/2021,SDL,AZ,AWP,CE,Towers with Radar,0,68,118,2,188,0,51,122,0,173,0,119,240,2,361,78,0,78,439
12/21/2021,SDL,AZ,AWP,CE,Towers with Radar,0,95,109,0,204,0,33,138,0,171,0,128,247,0,375,53,0,53,428
12/22/2021,SDL,AZ,AWP,CE,Towers with Radar,0,78,124,2,204,0,45,141,0,186,0,123,265,2,390,127,0,127,517
12/23/2021,SDL,AZ,AWP,CE,Towers with Radar,0,86,107,0,193,0,35,100,0,135,0,121,207,0,328,152,0,152,480
12/24/2021,SDL,AZ,AWP,CE,Towers with Radar,0,20,39,0,59,0,0,0,0,0,0,20,39,0,59,0,0,0,59
12/25/2021,SDL,AZ,AWP,CE,Towers with Radar,0,47,37,0,84,0,0,26,0,26,0,47,63,0,110,53,0,53,163
12/26/2021,SDL,AZ,AWP,CE,Towers with Radar,0,80,158,0,238,0,5,58,0,63,0,85,216,0,301,44,0,44,345
12/27/2021,SDL,AZ,AWP,CE,Towers with Radar,0,88,171,0,259,0,45,106,0,151,0,133,277,0,410,62,0,62,472
12/28/2021,SDL,AZ,AWP,CE,Towers with Radar,0,78,110,0,188,0,13,61,0,74,0,91,171,0,262,122,0,122,384
12/29/2021,SDL,AZ,AWP,CE,Towers with Radar,1,89,159,0,249,0,31,116,0,147,1,120,275,0,396,127,0,127,523
12/30/2021,SDL,AZ,AWP,CE,Towers with Radar,0,76,128,0,204,0,31,79,0,110,0,107,207,0,314,76,0,76,390
12/31/2021,SDL,AZ,AWP,CE,Towers with Radar,0,52,96,0,148,0,3,21,0,24,0,55,117,0,172,37,0,37,209
01/01/2022,SDL,AZ,AWP,CE,Towers with Radar,0,39,72,0,111,0,15,57,0,72,0,54,129,0,183,32,0,32,215
01/02/2022,SDL,AZ,AWP,CE,Towers with Radar,0,75,174,0,249,0,15,91,0,106,0,90,265,0,355,26,0,26,381
01/03/2022,SDL,AZ,AWP,CE,Towers with Radar,0,97,155,0,252,0,52,142,0,194,0,149,297,0,446,99,0,99,545
01/04/2022,SDL,AZ,AWP,CE,Towers with Radar,0,92,104,0,196,0,44,141,0,185,0,136,245,0,381,181,0,181,562
01/05/2022,SDL,AZ,AWP,CE,Towers with Radar,0,73,112,0,185,0,55,154,0,209,0,128,266,0,394,148,0,148,542
01/06/2022,SDL,AZ,AWP,CE,Towers with Radar,0,69,97,1,167,0,67,143,0,210,0,136,240,1,377,110,1,111,488
01/07/2022,SDL,AZ,AWP,CE,Towers with Radar,0,76,117,5,198,0,39,149,2,190,0,115,266,7,388,80,0,80,468
01/08/2022,SDL,AZ,AWP,CE,Towers with Radar,0,58,68,2,128,0,23,105,0,128,0,81,173,2,256,107,0,107,363
01/09/2022,SDL,AZ,AWP,CE,Towers with Radar,0,95,105,2,202,0,23,135,0,158,0,118,240,2,360,86,0,86,446
01/10/2022,SDL,AZ,AWP,CE,Towers with Radar,0,60,89,0,149,0,34,118,0,152,0,94,207,0,301,70,0,70,371
01/11/2022,SDL,AZ,AWP,CE,Towers with Radar,0,57,100,6,163,0,50,137,0,187,0,107,237,6,350,120,0,120,470
01/12/2022,SDL,AZ,AWP,CE,Towers with Radar,0,72,106,0,178,0,53,158,0,211,0,125,264,0,389,188,0,188,577
01/13/2022,SDL,AZ,AWP,CE,Towers with Radar,0,80,146,2,228,0,70,143,0,213,0,150,289,2,441,177,1,178,619
01/14/2022,SDL,AZ,AWP,CE,Towers with Radar,0,80,158,0,238,0,43,178,2,223,0,123,336,2,461,45,0,45,506
01/15/2022,SDL,AZ,AWP,CE,Towers with Radar,0,58,83,4,145,0,25,108,1,134,0,83,191,5,279,105,0,105,384
01/16/2022,SDL,AZ,AWP,CE,Towers with Radar,0,84,122,1,207,0,33,100,0,133,0,117,222,1,340,70,0,70,410
01/17/2022,SDL,AZ,AWP,CE,Towers with Radar,0,84,142,2,228,0,38,116,3,157,0,122,258,5,385,90,0,90,475
01/18/2022,SDL,AZ,AWP,CE,Towers with Radar,0,74,102,0,176,0,57,135,0,192,0,131,237,0,368,126,0,126,494
01/19/2022,SDL,AZ,AWP,CE,Towers with Radar,0,74,128,0,202,0,64,168,0,232,0,138,296,0,434,150,0,150,584
01/20/2022,SDL,AZ,AWP,CE,Towers with Radar,0,67,141,0,208,0,58,139,0,197,0,125,280,0,405,91,0,91,496
01/21/2022,SDL,AZ,AWP,CE,Towers with Radar,0,82,170,0,252,0,64,134,0,198,0,146,304,0,450,57,0,57,507
01/22/2022,SDL,AZ,AWP,CE,Towers with Radar,0,71,91,0,162,0,23,73,0,96,0,94,164,0,258,76,0,76,334
01/23/2022,SDL,AZ,AWP,CE,Towers with Radar,0,97,185,0,282,0,25,93,0,118,0,122,278,0,400,54,0,54,454
01/24/2022,SDL,AZ,AWP,CE,Towers with Radar,0,88,118,0,206,0,54,155,0,209,0,142,273,0,415,87,0,87,502
01/25/2022,SDL,AZ,AWP,CE,Towers with Radar,0,76,110,0,186,0,55,129,0,184,0,131,239,0,370,112,0,112,482
01/26/2022,SDL,AZ,AWP,CE,Towers with Radar,0,107,180,0,287,0,75,154,2,231,0,182,334,2,518,59,0,59,577
01/27/2022,SDL,AZ,AWP,CE,Towers with Radar,0,111,193,0,304,0,59,166,1,226,0,170,359,1,530,69,0,69,599
01/28/2022,SDL,AZ,AWP,CE,Towers with Radar,0,84,158,0,242,0,37,132,0,169,0,121,290,0,411,16,0,16,427
01/29/2022,SDL,AZ,AWP,CE,Towers with Radar,0,83,110,1,194,0,45,107,0,152,0,128,217,1,346,20,0,20,366
01/30/2022,SDL,AZ,AWP,CE,Towers with Radar,1,116,224,0,341,0,32,101,0,133,1,148,325,0,474,26,0,26,500
01/31/2022,SDL,AZ,AWP,CE,Towers with Radar,0,88,124,6,218,0,61,141,1,203,0,149,265,7,421,60,2,62,483
02/01/2022,SDL,AZ,AWP,CE,Towers with Radar,0,92,140,1,233,0,57,138,5,200,0,149,278,6,433,80,8,88,521
02/02/2022,SDL,AZ,AWP,CE,Towers with Radar,0,85,110,5,200,0,61,143,0,204,0,146,253,5,404,131,0,131,535
02/03/2022,SDL,AZ,AWP,CE,Towers with Radar,0,72,93,1,166,0,66,160,4,230,0,138,253,5,396,152,0,152,548
02/04/2022,SDL,AZ,AWP,CE,Towers with Radar,0,115,136,3,254,0,47,132,0,179,0,162,268,3,433,85,0,85,518
02/05/2022,SDL,AZ,AWP,CE,Towers with Radar,0,61,89,0,150,0,43,111,0,154,0,104,200,0,304,70,0,70,374
02/06/2022,SDL,AZ,AWP,CE,Towers with Radar,0,101,168,1,270,0,34,91,0,125,0,135,259,1,395,60,0,60,455
02/07/2022,SDL,AZ,AWP,CE,Towers with Radar,0,87,127,0,214,0,63,140,0,203,0,150,267,0,417,65,0,65,482
02/08/2022,SDL,AZ,AWP,CE,Towers with Radar,1,94,130,4,229,0,69,137,0,206,1,163,267,4,435,75,0,75,510
02/09/2022,SDL,AZ,AWP,CE,Towers with Radar,0,112,202,6,320,0,56,157,0,213,0,168,359,6,533,58,0,58,591
02/10/2022,SDL,AZ,AWP,CE,Towers with Radar,0,128,215,0,343,0,55,132,0,187,0,183,347,0,530,14,0,14,544
02/11/2022,SDL,AZ,AWP,CE,Towers with Radar,0,108,211,2,321,0,54,172,2,228,0,162,383,4,549,39,0,39,588
02/12/2022,SDL,AZ,AWP,CE,Towers with Radar,0,101,137,0,238,0,30,106,2,138,0,131,243,2,376,46,2,48,424
02/13/2022,SDL,AZ,AWP,CE,Towers with Radar,0,123,161,1,285,0,22,112,2,136,0,145,273,3,421,11,0,11,432
02/14/2022,SDL,AZ,AWP,CE,Towers with Radar,0,135,188,1,324,0,58,152,2,212,0,193,340,3,536,6,0,6,542
02/15/2022,SDL,AZ,AWP,CE,Towers with Radar,0,80,130,2,212,0,88,149,0,237,0,168,279,2,449,112,0,112,561
02/16/2022,SDL,AZ,AWP,CE,Towers with Radar,0,112,185,2,299,0,88,119,0,207,0,200,304,2,506,112,0,112,618
02/17/2022,SDL,AZ,AWP,CE,Towers with Radar,0,84,188,2,274,0,53,162,0,215,0,137,350,2,489,122,0,122,611
02/18/2022,SDL,AZ,AWP,CE,Towers with Radar,0,72,183,0,255,0,74,166,3,243,0,146,349,3,498,55,0,55,553
02/19/2022,SDL,AZ,AWP,CE,Towers with Radar,0,72,103,0,175,0,26,110,1,137,0,98,213,1,312,144,0,144,456
02/20/2022,SDL,AZ,AWP,CE,Towers with Radar,0,96,158,0,254,0,35,109,1,145,0,131,267,1,399,25,0,25,424
02/21/2022,SDL,AZ,AWP,CE,Towers with Radar,0,76,198,0,274,0,39,89,2,130,0,115,287,2,404,42,0,42,446
02/22/2022,SDL,AZ,AWP,CE,Towers with Radar,0,80,122,0,202,0,50,115,0,165,0,130,237,0,367,246,0,246,613
02/23/2022,SDL,AZ,AWP,CE,Towers with Radar,0,80,149,0,229,0,3,29,0,32,0,83,178,0,261,93,0,93,354
02/24/2022,SDL,AZ,AWP,CE,Towers with Radar,0,69,164,2,235,0,59,179,0,238,0,128,343,2,473,103,0,103,576
02/25/2022,SDL,AZ,AWP,CE,Towers with Radar,0,100,183,5,288,0,62,192,0,254,0,162,375,5,542,42,0,42,584
02/26/2022,SDL,AZ,AWP,CE,Towers with Radar,0,77,125,4,206,0,36,128,1,165,0,113,253,5,371,88,0,88,459
02/27/2022,SDL,AZ,AWP,CE,Towers with Radar,0,107,180,3,290,0,30,148,6,184,0,137,328,9,474,32,0,32,506
02/28/2022,SDL,AZ,AWP,CE,Towers with Radar,0,82,127,2,211,0,71,111,1,183,0,153,238,3,394,168,0,168,562
03/01/2022,SDL,AZ,AWP,CE,Towers with Radar,1,93,120,1,215,0,90,180,0,270,1,183,300,1,485,133,0,133,618
03/02/2022,SDL,AZ,AWP,CE,Towers with Radar,0,95,145,0,240,0,61,159,0,220,0,156,304,0,460,91,0,91,551
03/03/2022,SDL,AZ,AWP,CE,Towers with Radar,0,102,146,0,248,0,65,190,0,255,0,167,336,0,503,108,0,108,611
03/04/2022,SDL,AZ,AWP,CE,Towers with Radar,0,86,148,0,234,0,42,105,0,147,0,128,253,0,381,123,0,123,504
03/05/2022,SDL,AZ,AWP,CE,Towers with Radar,0,82,102,1,185,0,14,79,0,93,0,96,181,1,278,152,0,152,430
03/06/2022,SDL,AZ,AWP,CE,Towers with Radar,0,96,157,0,253,0,35,148,0,183,0,131,305,0,436,112,0,112,548
03/07/2022,SDL,AZ,AWP,CE,Towers with Radar,0,79,169,1,249,0,58,168,0,226,0,137,337,1,475,111,0,111,586
03/08/2022,SDL,AZ,AWP,CE,Towers with Radar,0,81,129,0,210,0,70,182,0,252,0,151,311,0,462,121,0,121,583
03/09/2022,SDL,AZ,AWP,CE,Towers with Radar,0,87,171,2,260,0,71,193,1,265,0,158,364,3,525,110,0,110,635
03/10/2022,SDL,AZ,AWP,CE,Towers with Radar,0,105,153,0,258,0,55,116,0,171,0,160,269,0,429,72,0,72,501
03/11/2022,SDL,AZ,AWP,CE,Towers with Radar,0,104,201,3,308,0,42,157,0,199,0,146,358,3,507,53,0,53,560
03/12/2022,SDL,AZ,AWP,CE,Towers with Radar,0,88,139,6,233,0,45,118,0,163,0,133,257,6,396,76,0,76,472
03/13/2022,SDL,AZ,AWP,CE,Towers with Radar,0,111,190,0,301,0,44,124,6,174,0,155,314,6,475,16,0,16,491
03/14/2022,SDL,AZ,AWP,CE,Towers with Radar,0,95,127,2,224,0,72,152,0,224,0,167,279,2,448,136,0,136,584
03/15/2022,SDL,AZ,AWP,CE,Towers with Radar,0,79,122,1,202,0,74,173,1,248,0,153,295,2,450,108,0,108,558
03/16/2022,SDL,AZ,AWP,CE,Towers with Radar,0,95,157,4,256,0,57,124,0,181,0,152,281,4,437,89,0,89,526
03/17/2022,SDL,AZ,AWP,CE,Towers with Radar,0,88,172,1,261,0,67,166,0,233,0,155,338,1,494,161,0,161,655
03/18/2022,SDL,AZ,AWP,CE,Towers with Radar,0,88,145,1,234,0,62,165,0,227,0,150,310,1,461,84,0,84,545
03/19/2022,SDL,AZ,AWP,CE,Towers with Radar,1,120,117,2,240,0,56,138,0,194,1,176,255,2,434,47,0,47,481
03/20/2022,SDL,AZ,AWP,CE,Towers with Radar,0,124,193,1,318,0,24,89,0,113,0,148,282,1,431,63,0,63,494
03/21/2022,SDL,AZ,AWP,CE,Towers with Radar,0,76,139,1,216,0,53,112,0,165,0,129,251,1,381,91,0,91,472
03/22/2022,SDL,AZ,AWP,CE,Towers with Radar,0,118,116,0,234,0,82,145,0,227,0,200,261,0,461,112,0,112,573
03/23/2022,SDL,AZ,AWP,CE,Towers with Radar,0,96,142,0,238,0,48,143,0,191,0,144,285,0,429,143,0,143,572
03/24/2022,SDL,AZ,AWP,CE,Towers with Radar,0,88,147,0,235,0,91,146,1,238,0,179,293,1,473,87,1,88,561
03/25/2022,SDL,AZ,AWP,CE,Towers with Radar,0,104,149,4,257,0,61,177,0,238,0,165,326,4,495,87,0,87,582
03/26/2022,SDL,AZ,AWP,CE,Towers with Radar,0,98,119,1,218,0,38,151,0,189,0,136,270,1,407,119,0,119,526
03/27/2022,SDL,AZ,AWP,CE,Towers with Radar,0,107,185,0,292,0,16,103,5,124,0,123,288,5,416,60,0,60,476
03/28/2022,SDL,AZ,AWP,CE,Towers with Radar,0,81,130,1,212,0,43,112,0,155,0,124,242,1,367,104,0,104,471
03/29/2022,SDL,AZ,AWP,CE,Towers with Radar,0,69,106,2,177,0,29,80,0,109,0,98,186,2,286,68,0,68,354
03/30/2022,SDL,AZ,AWP,CE,Towers with Radar,0,85,143,0,228,0,69,198,0,267,0,154,341,0,495,111,0,111,606
03/31/2022,SDL,AZ,AWP,CE,Towers with Radar,0,106,156,2,264,0,69,157,2,228,0,175,313,4,492,92,0,92,584
04/01/2022,SDL,AZ,AWP,CE,Towers with Radar,0,103,159,0,262,0,61,161,3,225,0,164,320,3,487,87,0,87,574
04/02/2022,SDL,AZ,AWP,CE,Towers with Radar,0,91,109,0,200,0,70,133,0,203,0,161,242,0,403,91,0,91,494
04/03/2022,SDL,AZ,AWP,CE,Towers with Radar,0,123,163,1,287,0,16,98,0,114,0,139,261,1,401,102,0,102,503
04/04/2022,SDL,AZ,AWP,CE,Towers with Radar,0,100,117,2,219,0,61,135,0,196,0,161,252,2,415,87,0,87,502
04/05/2022,SDL,AZ,AWP,CE,Towers with Radar,0,73,92,5,170,0,95,139,0,234,0,168,231,5,404,170,0,170,574
04/06/2022,SDL,AZ,AWP,CE,Towers with Radar,0,72,136,3,211,0,72,152,0,224,0,144,288,3,435,136,0,136,571
04/07/2022,SDL,AZ,AWP,CE,Towers with Radar,0,84,145,0,229,0,56,182,0,238,0,140,327,0,467,66,0,66,533
04/08/2022,SDL,AZ,AWP,CE,Towers with Radar,0,59,142,1,202,0,63,145,0,208,0,122,287,1,410,46,0,46,456
04/09/2022,SDL,AZ,AWP,CE,Towers with Radar,0,88,101,0,189,0,51,89,4,144,0,139,190,4,333,90,0,90,423
04/10/2022,SDL,AZ,AWP,CE,Towers with Radar,0,97,177,0,274,0,32,108,1,141,0,129,285,1,415,51,0,51,466
04/11/2022,SDL,AZ,AWP,CE,Towers with Radar,0,87,137,0,224,0,38,98,0,136,0,125,235,0,360,94,0,94,454
04/12/2022,SDL,AZ,AWP,CE,Towers with Radar,0,62,121,0,183,0,20,82,0,102,0,82,203,0,285,96,0,96,381
04/13/2022,SDL,AZ,AWP,CE,Towers with Radar,0,102,121,0,223,0,81,158,0,239,0,183,279,0,462,203,0,203,665
04/14/2022,SDL,AZ,AWP,CE,Towers with Radar,0,103,169,0,272,0,63,168,1,232,0,166,337,1,504,68,0,68,572
04/15/2022,SDL,AZ,AWP,CE,Towers with Radar,0,91,131,1,223,0,47,189,2,238,0,138,320,3,461,154,0,154,615
04/16/2022,SDL,AZ,AWP,CE,Towers with Radar,0,61,92,0,153,0,33,114,2,149,0,94,206,2,302,135,0,135,437
04/17/2022,SDL,AZ,AWP,CE,Towers with Radar,0,61,102,1,164,0,29,96,2,127,0,90,198,3,291,70,0,70,361
04/18/2022,SDL,AZ,AWP,CE,Towers with Radar,0,106,147,0,253,0,66,151,0,217,0,172,298,0,470,59,0,59,529
04/19/2022,SDL,AZ,AWP,CE,Towers with Radar,0,94,121,0,215,0,55,99,0,154,0,149,220,0,369,87,0,87,456
04/20/2022,SDL,AZ,AWP,CE,Towers with Radar,0,92,153,0,245,0,77,137,0,214,0,169,290,0,459,111,0,111,570
04/21/2022,SDL,AZ,AWP,CE,Towers with Radar,0,114,161,0,275,0,80,144,0,224,0,194,305,0,499,116,0,116,615
04/22/2022,SDL,AZ,AWP,CE,Towers with Radar,0,97,123,5,225,0,17,58,0,75,0,114,181,5,300,85,0,85,385
04/23/2022,SDL,AZ,AWP,CE,Towers with Radar,0,87,101,5,193,0,65,114,3,182,0,152,215,8,375,87,0,87,462
04/24/2022,SDL,AZ,AWP,CE,Towers with Radar,1,110,158,0,269,0,39,118,0,157,1,149,276,0,426,71,0,71,497
04/25/2022,SDL,AZ,AWP,CE,Towers with Radar,0,89,128,0,217,0,65,119,0,184,0,154,247,0,401,162,0,162,563
04/26/2022,SDL,AZ,AWP,CE,Towers with Radar,0,71,126,0,197,0,96,133,0,229,0,167,259,0,426,111,0,111,537
04/27/2022,SDL,AZ,AWP,CE,Towers with Radar,0,97,148,0,245,0,105,144,0,249,0,202,292,0,494,116,0,116,610
04/28/2022,SDL,AZ,AWP,CE,Towers with Radar,0,95,131,0,226,0,73,125,0,198,0,168,256,0,424,72,0,72,496
04/29/2022,SDL,AZ,AWP,CE,Towers with Radar,0,81,125,4,210,0,64,148,0,212,0,145,273,4,422,31,0,31,453
04/30/2022,SDL,AZ,AWP,CE,Towers with Radar,0,81,92,0,173,0,48,94,2,144,0,129,186,2,317,73,0,73,390
05/01/2022,SDL,AZ,AWP,CE,Towers with Radar,0,109,152,1,262,0,26,65,0,91,0,135,217,1,353,78,0,78,431
05/02/2022,SDL,AZ,AWP,CE,Towers with Radar,0,86,90,0,176,0,63,110,1,174,0,149,200,1,350,121,0,121,471
05/03/2022,SDL,AZ,AWP,CE,Towers with Radar,0,74,96,0,170,0,70,141,0,211,0,144,237,0,381,113,0,113,494
05/04/2022,SDL,AZ,AWP,CE,Towers with Radar,0,91,119,0,210,0,93,132,1,226,0,184,251,1,436,84,0,84,520
05/05/2022,SDL,AZ,AWP,CE,Towers with Radar,0,90,153,5,248,0,90,167,0,257,0,180,320,5,505,70,0,70,575
05/06/2022,SDL,AZ,AWP,CE,Towers with Radar,0,90,141,0,231,0,64,112,1,177,0,154,253,1,408,108,0,108,516
05/07/2022,SDL,AZ,AWP,CE,Towers with Radar,0,67,78,0,145,0,57,106,1,164,0,124,184,1,309,87,0,87,396
05/08/2022,SDL,AZ,AWP,CE,Towers with Radar,0,77,125,2,204,0,21,60,0,81,0,98,185,2,285,77,0,77,362
05/09/2022,SDL,AZ,AWP,CE,Towers with Radar,0,56,138,0,194,0,62,133,1,196,0,118,271,1,390,106,0,106,496
05/10/2022,SDL,AZ,AWP,CE,Towers with Radar,0,81,87,0,168,0,70,153,0,223,0,151,240,0,391,148,0,148,539
05/11/2022,SDL,AZ,AWP,CE,Towers with Radar,0,75,116,0,191,0,69,135,0,204,0,144,251,0,395,200,0,200,595
05/12/2022,SDL,AZ,AWP,CE,Towers with Radar,0,88,119,1,208,0,82,137,0,219,0,170,256,1,427,160,0,160,587
05/13/2022,SDL,AZ,AWP,CE,Towers with Radar,0,90,147,2,239,0,66,157,0,223,0,156,304,2,462,125,3,128,590
05/14/2022,SDL,AZ,AWP,CE,Towers with Radar,0,56,92,2,150,0,34,113,1,148,0,90,205,3,298,109,0,109,407
05/15/2022,SDL,AZ,AWP,CE,Towers with Radar,0,116,164,0,280,0,22,94,1,117,0,138,258,1,397,39,0,39,436
05/16/2022,SDL,AZ,AWP,CE,Towers with Radar,0,81,132,0,213,0,67,106,0,173,0,148,238,0,386,94,0,94,480
05/17/2022,SDL,AZ,AWP,CE,Towers with Radar,0,72,120,2,194,0,104,141,0,245,0,176,261,2,439,174,0,174,613
05/18/2022,SDL,AZ,AWP,CE,Towers with Radar,0,63,121,0,184,0,76,147,0,223,0,139,268,0,407,160,0,160,567
05/19/2022,SDL,AZ,AWP,CE,Towers with Radar,0,56,160,1,217,0,67,125,0,192,0,123,285,1,409,133,0,133,542
05/20/2022,SDL,AZ,AWP,CE,Towers with Radar,0,62,125,4,191,0,52,92,0,144,0,114,217,4,335,113,0,113,448
05/21/2022,SDL,AZ,AWP,CE,Towers with Radar,0,55,85,0,140,0,37,112,0,149,0,92,197,0,289,101,0,101,390
05/22/2022,SDL,AZ,AWP,CE,Towers with Radar,0,73,186,0,259,0,25,127,0,152,0,98,313,0,411,93,0,93,504
05/23/2022,SDL,AZ,AWP,CE,Towers with Radar,0,83,91,0,174,0,63,112,0,175,0,146,203,0,349,121,0,121,470
05/24/2022,SDL,AZ,AWP,CE,Towers with Radar,0,64,84,0,148,0,75,140,0,215,0,139,224,0,363,125,0,125,488
05/25/2022,SDL,AZ,AWP,CE,Towers with Radar,0,69,169,2,240,0,61,144,0,205,0,130,313,2,445,120,0,120,565
05/26/2022,SDL,AZ,AWP,CE,Towers with Radar,0,74,150,0,224,0,61,152,0,213,0,135,302,0,437,72,0,72,509
05/27/2022,SDL,AZ,AWP,CE,Towers with Radar,0,78,142,0,220,0,46,141,0,187,0,124,283,0,407,125,0,125,532
05/28/2022,SDL,AZ,AWP,CE,Towers with Radar,0,53,71,0,124,0,48,95,0,143,0,101,166,0,267,63,0,63,330
05/29/2022,SDL,AZ,AWP,CE,Towers with Radar,0,63,76,0,139,1,19,48,0,68,1,82,124,0,207,48,0,48,255
05/30/2022,SDL,AZ,AWP,CE,Towers with Radar,1,79,138,0,218,0,47,66,1,114,1,126,204,1,332,85,0,85,417
05/31/2022,SDL,AZ,AWP,CE,Towers with Radar,0,76,102,0,178,0,50,109,0,159,0,126,211,0,337,66,0,66,403
06/01/2022,SDL,AZ,AWP,CE,Towers with Radar,0,66,97,0,163,0,52,127,0,179,0,118,224,0,342,166,0,166,508
06/02/2022,SDL,AZ,AWP,CE,Towers with Radar,0,49,102,5,156,0,64,144,0,208,0,113,246,5,364,136,0,136,500
06/03/2022,SDL,AZ,AWP,CE,Towers with Radar,0,51,120,0,171,0,46,121,0,167,0,97,241,0,338,185,0,185,523
06/04/2022,SDL,AZ,AWP,CE,Towers with Radar,0,41,50,0,91,0,30,120,0,150,0,71,170,0,241,176,0,176,417
06/05/2022,SDL,AZ,AWP,CE,Towers with Radar,0,63,107,0,170,0,35,72,0,107,0,98,179,0,277,56,1,57,334
06/06/2022,SDL,AZ,AWP,CE,Towers with Radar,0,65,82,0,147,0,51,93,0,144,0,116,175,0,291,192,0,192,483
06/07/2022,SDL,AZ,AWP,CE,Towers with Radar,0,53,90,0,143,0,69,103,0,172,0,122,193,0,315,142,0,142,457
06/08/2022,SDL,AZ,AWP,CE,Towers with Radar,0,68,84,0,152,0,58,114,0,172,0,126,198,0,324,87,0,87,411
06/09/2022,SDL,AZ,AWP,CE,Towers with Radar,0,49,103,0,152,0,56,117,0,173,0,105,220,0,325,142,0,142,467
06/10/2022,SDL,AZ,AWP,CE,Towers with Radar,0,39,83,2,124,0,59,101,1,161,0,98,184,3,285,149,0,149,434
06/11/2022,SDL,AZ,AWP,CE,Towers with Radar,0,45,57,1,103,0,56,103,0,159,0,101,160,1,262,118,0,118,380
06/12/2022,SDL,AZ,AWP,CE,Towers with Radar,0,56,113,0,169,0,15,77,1,93,0,71,190,1,262,68,0,68,330
06/13/2022,SDL,AZ,AWP,CE,Towers with Radar,0,50,102,0,152,0,44,110,0,154,0,94,212,0,306,99,0,99,405
06/14/2022,SDL,AZ,AWP,CE,Towers with Radar,0,49,79,0,128,0,78,152,0,230,0,127,231,0,358,84,0,84,442
06/15/2022,SDL,AZ,AWP,CE,Towers with Radar,0,62,79,0,141,0,84,144,0,228,0,146,223,0,369,89,0,89,458
06/16/2022,SDL,AZ,AWP,CE,Towers with Radar,0,44,70,0,114,0,87,124,0,211,0,131,194,0,325,142,0,142,467
06/17/2022,SDL,AZ,AWP,CE,Towers with Radar,0,71,89,0,160,0,56,99,0,155,0,127,188,0,315,105,0,105,420
06/18/2022,SDL,AZ,AWP,CE,Towers with Radar,0,39,45,0,84,0,44,53,0,97,0,83,98,0,181,79,0,79,260
06/19/2022,SDL,AZ,AWP,CE,Towers with Radar,1,53,69,0,123,0,23,66,0,89,1,76,135,0,212,91,0,91,303
06/20/2022,SDL,AZ,AWP,CE,Towers with Radar,0,51,79,0,130,0,85,121,0,206,0,136,200,0,336,109,0,109,445
06/21/2022,SDL,AZ,AWP,CE,Towers with Radar,0,51,60,0,111,0,85,109,0,194,0,136,169,0,305,154,0,154,459
06/22/2022,SDL,AZ,AWP,CE,Towers with Radar,0,64,100,0,164,0,88,123,0,211,0,152,223,0,375,118,0,118,493
06/23/2022,SDL,AZ,AWP,CE,Towers with Radar,0,64,100,0,164,0,73,77,0,150,0,137,177,0,314,105,0,105,419
06/24/2022,SDL,AZ,AWP,CE,Towers with Radar,0,61,92,0,153,0,61,64,4,129,0,122,156,4,282,112,0,112,394
06/25/2022,SDL,AZ,AWP,CE,Towers with Radar,0,41,57,1,99,0,34,69,0,103,0,75,126,1,202,123,0,123,325
06/26/2022,SDL,AZ,AWP,CE,Towers with Radar,0,52,96,0,148,0,20,62,0,82,0,72,158,0,230,78,0,78,308
06/27/2022,SDL,AZ,AWP,CE,Towers with Radar,0,47,91,1,139,0,87,131,1,219,0,134,222,2,358,152,0,152,510
06/28/2022,SDL,AZ,AWP,CE,Towers with Radar,0,46,67,0,113,0,82,138,0,220,0,128,205,0,333,151,0,151,484
06/29/2022,SDL,AZ,AWP,CE,Towers with Radar,0,46,92,0,138,0,65,131,0,196,0,111,223,0,334,115,0,115,449
06/30/2022,SDL,AZ,AWP,CE,Towers with Radar,0,71,104,0,175,1,69,112,0,182,1,140,216,0,357,93,0,93,450
07/01/2022,SDL,AZ,AWP,CE,Towers with Radar,0,54,92,0,146,0,80,119,0,199,0,134,211,0,345,111,0,111,456
07/02/2022,SDL,AZ,AWP,CE,Towers with Radar,0,46,63,1,110,0,36,77,0,113,0,82,140,1,223,130,0,130,353
07/03/2022,SDL,AZ,AWP,CE,Towers with Radar,0,30,44,0,74,0,29,49,0,78,0,59,93,0,152,113,0,113,265
07/04/2022,SDL,AZ,AWP,CE,Towers with Radar,0,29,38,0,67,0,37,56,0,93,0,66,94,0,160,100,0,100,260
07/05/2022,SDL,AZ,AWP,CE,Towers with Radar,0,42,95,1,138,0,74,124,0,198,0,116,219,1,336,156,0,156,492
07/06/2022,SDL,AZ,AWP,CE,Towers with Radar,0,48,69,3,120,0,98,124,0,222,0,146,193,3,342,192,0,192,534
07/07/2022,SDL,AZ,AWP,CE,Towers with Radar,0,67,80,0,147,0,96,135,0,231,0,163,215,0,378,144,0,144,522
07/08/2022,SDL,AZ,AWP,CE,Towers with Radar,0,41,78,1,120,0,64,107,0,171,0,105,185,1,291,98,0,98,389
07/09/2022,SDL,AZ,AWP,CE,Towers with Radar,0,45,69,0,114,0,38,103,0,141,0,83,172,0,255,128,0,128,383
07/10/2022,SDL,AZ,AWP,CE,Towers with Radar,0,41,88,0,129,0,32,77,1,110,0,73,165,1,239,125,0,125,364
07/11/2022,SDL,AZ,AWP,CE,Towers with Radar,0,63,80,0,143,0,75,79,1,155,0,138,159,1,298,144,0,144,442
07/12/2022,SDL,AZ,AWP,CE,Towers with Radar,0,37,65,2,104,0,109,115,0,224,0,146,180,2,328,103,0,103,431
07/13/2022,SDL,AZ,AWP,CE,Towers with Radar,0,53,87,0,140,0,72,112,0,184,0,125,199,0,324,125,0,125,449
07/14/2022,SDL,AZ,AWP,CE,Towers with Radar,0,55,81,4,140,0,80,97,0,177,0,135,178,4,317,154,12,166,483
07/15/2022,SDL,AZ,AWP,CE,Towers with Radar,0,68,86,3,157,0,68,93,0,161,0,136,179,3,318,94,0,94,412
07/16/2022,SDL,AZ,AWP,CE,Towers with Radar,0,47,49,1,97,0,44,68,0,112,0,91,117,1,209,92,0,92,301
07/17/2022,SDL,AZ,AWP,CE,Towers with Radar,0,59,80,0,139,0,44,62,0,106,0,103,142,0,245,94,0,94,339
07/18/2022,SDL,AZ,AWP,CE,Towers with Radar,0,58,65,0,123,0,88,98,1,187,0,146,163,1,310,83,0,83,393
07/19/2022,SDL,AZ,AWP,CE,Towers with Radar,0,54,72,2,128,0,75,109,0,184,0,129,181,2,312,212,0,212,524
07/20/2022,SDL,AZ,AWP,CE,Towers with Radar,0,44,95,0,139,0,84,111,0,195,0,128,206,0,334,133,0,133,467
07/21/2022,SDL,AZ,AWP,CE,Towers with Radar,0,45,92,0,137,0,74,89,0,163,0,119,181,0,300,195,0,195,495
07/22/2022,SDL,AZ,AWP,CE,Towers with Radar,0,53,87,1,141,0,79,79,0,158,0,132,166,1,299,149,0,149,448
07/23/2022,SDL,AZ,AWP,CE,Towers with Radar,0,39,55,0,94,0,36,59,0,95,0,75,114,0,189,48,0,48,237
07/24/2022,SDL,AZ,AWP,CE,Towers with Radar,0,60,109,1,170,0,42,61,0,103,0,102,170,1,273,82,0,82,355
07/25/2022,SDL,AZ,AWP,CE,Towers with Radar,0,49,77,0,126,0,70,99,0,169,0,119,176,0,295,181,0,181,476
07/26/2022,SDL,AZ,AWP,CE,Towers with Radar,0,45,66,0,111,0,93,123,0,216,0,138,189,0,327,178,0,178,505
07/27/2022,SDL,AZ,AWP,CE,Towers with Radar,0,40,73,0,113,0,80,114,0,194,0,120,187,0,307,169,0,169,476
07/28/2022,SDL,AZ,AWP,CE,Towers with Radar,0,40,99,0,139,0,39,85,0,124,0,79,184,0,263,224,0,224,487
07/29/2022,SDL,AZ,AWP,CE,Towers with Radar,0,57,94,1,152,0,77,146,1,224,0,134,240,2,376,225,0,225,601
07/30/2022,SDL,AZ,AWP,CE,Towers with Radar,0,26,60,0,86,0,58,66,0,124,0,84,126,0,210,135,0,135,345
07/31/2022,SDL,AZ,AWP,CE,Towers with Radar,0,67,85,0,152,0,33,69,0,102,0,100,154,0,254,75,0,75,329
08/01/2022,SDL,AZ,AWP,CE,Towers with Radar,0,48,81,0,129,0,96,122,0,218,0,144,203,0,347,209,0,209,556
08/02/2022,SDL,AZ,AWP,CE,Towers with Radar,0,42,75,0,117,0,106,127,0,233,0,148,202,0,350,170,0,170,520
08/03/2022,SDL,AZ,AWP,CE,Towers with Radar,0,43,84,0,127,0,80,101,0,181,0,123,185,0,308,108,0,108,416
08/04/2022,SDL,AZ,AWP,CE,Towers with Radar,0,84,77,1,162,0,63,101,0,164,0,147,178,1,326,137,0,137,463
08/05/2022,SDL,AZ,AWP,CE,Towers with Radar,0,52,61,6,119,0,67,131,3,201,0,119,192,9,320,212,0,212,532
08/06/2022,SDL,AZ,AWP,CE,Towers with Radar,0,48,49,1,98,0,29,94,0,123,0,77,143,1,221,98,0,98,319
08/07/2022,SDL,AZ,AWP,CE,Towers with Radar,0,41,97,5,143,0,30,64,1,95,0,71,161,6,238,145,0,145,383
08/08/2022,SDL,AZ,AWP,CE,Towers with Radar,0,53,64,2,119,0,62,126,1,189,0,115,190,3,308,216,0,216,524
08/09/2022,SDL,AZ,AWP,CE,Towers with Radar,0,45,61,0,106,0,72,127,1,200,0,117,188,1,306,206,0,206,512
08/10/2022,SDL,AZ,AWP,CE,Towers with Radar,0,57,84,1,142,0,74,140,1,215,0,131,224,2,357,162,0,162,519
08/11/2022,SDL,AZ,AWP,CE,Towers with Radar,0,51,87,0,138,0,85,153,0,238,0,136,240,0,376,222,0,222,598
08/12/2022,SDL,AZ,AWP,CE,Towers with Radar,0,41,61,0,102,0,50,108,0,158,0,91,169,0,260,125,0,125,385
08/13/2022,SDL,AZ,AWP,CE,Towers with Radar,0,36,61,0,97,0,50,93,0,143,0,86,154,0,240,162,0,162,402
08/14/2022,SDL,AZ,AWP,CE,Towers with Radar,0,49,76,0,125,0,36,71,0,107,0,85,147,0,232,83,0,83,315
08/15/2022,SDL,AZ,AWP,CE,Towers with Radar,0,63,59,0,122,0,97,115,1,213,0,160,174,1,335,167,0,167,502
08/16/2022,SDL,AZ,AWP,CE,Towers with Radar,0,48,64,0,112,0,76,146,1,223,0,124,210,1,335,220,0,220,555
08/17/2022,SDL,AZ,AWP,CE,Towers with Radar,0,55,75,0,130,0,76,118,0,194,0,131,193,0,324,142,0,142,466
08/18/2022,SDL,AZ,AWP,CE,Towers with Radar,0,50,79,0,129,0,67,127,0,194,0,117,206,0,323,167,0,167,490
08/19/2022,SDL,AZ,AWP,CE,Towers with Radar,0,63,67,6,136,0,66,103,1,170,0,129,170,7,306,159,0,159,465
08/20/2022,SDL,AZ,AWP,CE,Towers with Radar,0,33,59,0,92,0,39,66,3,108,0,72,125,3,200,200,0,200,400
08/21/2022,SDL,AZ,AWP,CE,Towers with Radar,0,80,106,0,186,2,23,38,0,63,2,103,144,0,249,99,0,99,348
08/22/2022,SDL,AZ,AWP,CE,Towers with Radar,0,80,83,0,163,0,74,155,0,229,0,154,238,0,392,121,0,121,513
08/23/2022,SDL,AZ,AWP,CE,Towers with Radar,0,40,68,0,108,0,70,144,0,214,0,110,212,0,322,153,0,153,475
08/24/2022,SDL,AZ,AWP,CE,Towers with Radar,0,45,89,2,136,0,76,120,0,196,0,121,209,2,332,182,0,182,514
08/25/2022,SDL,AZ,AWP,CE,Towers with Radar,2,46,71,0,119,0,74,132,0,206,2,120,203,0,325,196,0,196,521
08/26/2022,SDL,AZ,AWP,CE,Towers with Radar,0,54,101,1,156,0,79,123,1,203,0,133,224,2,359,194,0,194,553
08/27/2022,SDL,AZ,AWP,CE,Towers with Radar,0,40,46,0,86,0,65,103,0,168,0,105,149,0,254,124,0,124,378
08/28/2022,SDL,AZ,AWP,CE,Towers with Radar,0,47,89,3,139,0,30,63,0,93,0,77,152,3,232,114,0,114,346
08/29/2022,SDL,AZ,AWP,CE,Towers with Radar,0,66,68,0,134,0,87,98,0,185,0,153,166,0,319,189,0,189,508
08/30/2022,SDL,AZ,AWP,CE,Towers with Radar,0,71,60,0,131,0,91,122,0,213,0,162,182,0,344,139,0,139,483
08/31/2022,SDL,AZ,AWP,CE,Towers with Radar,0,51,71,0,122,0,91,137,0,228,0,142,208,0,350,167,0,167,517
09/01/2022,SDL,AZ,AWP,CE,Towers with Radar,0,79,88,0,167,0,81,143,0,224,0,160,231,0,391,174,0,174,565
09/02/2022,SDL,AZ,AWP,CE,Towers with Radar,0,68,99,1,168,0,64,126,0,190,0,132,225,1,358,81,0,81,439
09/03/2022,SDL,AZ,AWP,CE,Towers with Radar,0,33,39,0,72,0,61,105,0,166,0,94,144,0,238,90,0,90,328
09/04/2022,SDL,AZ,AWP,CE,Towers with Radar,0,37,48,0,85,0,38,64,0,102,0,75,112,0,187,38,0,38,225
09/05/2022,SDL,AZ,AWP,CE,Towers with Radar,0,56,94,0,150,0,54,66,0,120,0,110,160,0,270,154,0,154,424
09/06/2022,SDL,AZ,AWP,CE,Towers with Radar,0,58,84,0,142,0,63,112,0,175,0,121,196,0,317,134,0,134,451
09/07/2022,SDL,AZ,AWP,CE,Towers with Radar,0,55,99,1,155,0,89,146,0,235,0,144,245,1,390,146,0,146,536
09/08/2022,SDL,AZ,AWP,CE,Towers with Radar,0,53,97,0,150,0,94,131,0,225,0,147,228,0,375,102,0,102,477
09/09/2022,SDL,AZ,AWP,CE,Towers with Radar,0,55,93,0,148,0,60,127,0,187,0,115,220,0,335,131,0,131,466
09/10/2022,SDL,AZ,AWP,CE,Towers with Radar,0,58,72,0,130,0,68,77,0,145,0,126,149,0,275,147,0,147,422
09/11/2022,SDL,AZ,AWP,CE,Towers with Radar,0,65,90,0,155,0,23,60,0,83,0,88,150,0,238,54,0,54,292
09/12/2022,SDL,AZ,AWP,CE,Towers with Radar,0,59,97,2,158,0,77,96,0,173,0,136,193,2,331,165,0,165,496
09/13/2022,SDL,AZ,AWP,CE,Towers with Radar,0,46,72,0,118,0,72,135,0,207,0,118,207,0,325,173,0,173,498
09/14/2022,SDL,AZ,AWP,CE,Towers with Radar,0,46,89,0,135,0,66,135,0,201,0,112,224,0,336,212,0,212,548
09/15/2022,SDL,AZ,AWP,CE,Towers with Radar,0,71,91,2,164,3,90,124,0,217,3,161,215,2,381,155,0,155,536
09/16/2022,SDL,AZ,AWP,CE,Towers with Radar,0,47,74,4,125,0,67,153,2,222,0,114,227,6,347,168,0,168,515
09/17/2022,SDL,AZ,AWP,CE,Towers with Radar,0,48,57,0,105,0,48,90,12,150,0,96,147,12,255,122,2,124,379
09/18/2022,SDL,AZ,AWP,CE,Towers with Radar,0,67,109,1,177,0,41,86,4,131,0,108,195,5,308,50,0,50,358
09/19/2022,SDL,AZ,AWP,CE,Towers with Radar,0,64,84,0,148,0,103,122,5,230,0,167,206,5,378,118,0,118,496
09/20/2022,SDL,AZ,AWP,CE,Towers with Radar,0,54,91,0,145,0,93,116,0,209,0,147,207,0,354,151,0,151,505
09/21/2022,SDL,AZ,AWP,CE,Towers with Radar,0,71,88,1,160,0,52,84,0,136,0,123,172,1,296,141,0,141,437
09/22/2022,SDL,AZ,AWP,CE,Towers with Radar,0,46,109,1,156,0,81,143,1,225,0,127,252,2,381,170,0,170,551
09/23/2022,SDL,AZ,AWP,CE,Towers with Radar,0,62,120,0,182,0,57,128,2,187,0,119,248,2,369,129,0,129,498
09/24/2022,SDL,AZ,AWP,CE,Towers with Radar,0,53,73,0,126,0,80,132,3,215,0,133,205,3,341,153,0,153,494
09/25/2022,SDL,AZ,AWP,CE,Towers with Radar,0,65,99,0,164,0,22,104,2,128,0,87,203,2,292,70,0,70,362
09/26/2022,SDL,AZ,AWP,CE,Towers with Radar,0,57,108,0,165,0,52,93,0,145,0,109,201,0,310,90,0,90,400
09/27/2022,SDL,AZ,AWP,CE,Towers with Radar,0,45,88,0,133,0,62,130,0,192,0,107,218,0,325,163,0,163,488
09/28/2022,SDL,AZ,AWP,CE,Towers with Radar,0,48,98,2,148,0,69,126,0,195,0,117,224,2,343,106,0,106,449
09/29/2022,SDL,AZ,AWP,CE,Towers with Radar,0,75,79,0,154,0,79,142,0,221,0,154,221,0,375,146,0,146,521
09/30/2022,SDL,AZ,AWP,CE,Towers with Radar,0,59,105,1,165,0,59,139,1,199,0,118,244,2,364,135,0,135,499
10/01/2022,SDL,AZ,AWP,CE,Towers with Radar,0,45,62,0,107,0,67,106,0,173,0,112,168,0,280,82,0,82,362
10/02/2022,SDL,AZ,AWP,CE,Towers with Radar,0,71,111,1,183,0,34,73,3,110,0,105,184,4,293,50,0,50,343
10/03/2022,SDL,AZ,AWP,CE,Towers with Radar,0,54,86,0,140,0,47,79,1,127,0,101,165,1,267,92,0,92,359
10/04/2022,SDL,AZ,AWP,CE,Towers with Radar,0,69,104,0,173,0,74,150,0,224,0,143,254,0,397,148,0,148,545
10/05/2022,SDL,AZ,AWP,CE,Towers with Radar,0,75,102,1,178,0,94,183,0,277,0,169,285,1,455,185,0,185,640
10/06/2022,SDL,AZ,AWP,CE,Towers with Radar,0,79,122,0,201,0,59,155,0,214,0,138,277,0,415,162,0,162,577
10/07/2022,SDL,AZ,AWP,CE,Towers with Radar,0,80,90,0,170,0,81,140,0,221,0,161,230,0,391,89,0,89,480
10/08/2022,SDL,AZ,AWP,CE,Towers with Radar,0,58,95,2,155,0,51,109,1,161,0,109,204,3,316,127,0,127,443
10/09/2022,SDL,AZ,AWP,CE,Towers with Radar,0,94,124,0,218,0,44,115,2,161,0,138,239,2,379,87,0,87,466
10/10/2022,SDL,AZ,AWP,CE,Towers with Radar,0,70,137,3,210,0,76,128,0,204,0,146,265,3,414,167,0,167,581
10/11/2022,SDL,AZ,AWP,CE,Towers with Radar,0,70,76,0,146,0,88,148,0,236,0,158,224,0,382,185,0,185,567
10/12/2022,SDL,AZ,AWP,CE,Towers with Radar,0,81,103,0,184,0,79,164,1,244,0,160,267,1,428,109,0,109,537
10/13/2022,SDL,AZ,AWP,CE,Towers with Radar,0,93,104,0,197,0,68,171,0,239,0,161,275,0,436,165,0,165,601
10/14/2022,SDL,AZ,AWP,CE,Towers with Radar,0,62,124,3,189,0,69,146,0,215,0,131,270,3,404,125,0,125,529
10/15/2022,SDL,AZ,AWP,CE,Towers with Radar,0,80,73,0,153,0,28,54,0,82,0,108,127,0,235,40,0,40,275
10/16/2022,SDL,AZ,AWP,CE,Towers with Radar,0,86,127,1,214,0,39,81,0,120,0,125,208,1,334,123,0,123,457
10/17/2022,SDL,AZ,AWP,CE,Towers with Radar,0,80,112,0,192,0,100,133,0,233,0,180,245,0,425,204,0,204,629
10/18/2022,SDL,AZ,AWP,CE,Towers with Radar,0,59,96,0,155,0,72,148,0,220,0,131,244,0,375,128,0,128,503
10/19/2022,SDL,AZ,AWP,CE,Towers with Radar,0,87,106,2,195,0,62,129,1,192,0,149,235,3,387,82,0,82,469
10/20/2022,SDL,AZ,AWP,CE,Towers with Radar,0,61,104,0,165,0,80,154,0,234,0,141,258,0,399,191,0,191,590
10/21/2022,SDL,AZ,AWP,CE,Towers with Radar,1,69,119,1,190,0,69,154,1,224,1,138,273,2,414,162,1,163,577
10/22/2022,SDL,AZ,AWP,CE,Towers with Radar,0,65,77,0,142,0,59,113,0,172,0,124,190,0,314,125,0,125,439
10/23/2022,SDL,AZ,AWP,CE,Towers with Radar,0,77,131,1,209,0,46,93,0,139,0,123,224,1,348,67,0,67,415
10/24/2022,SDL,AZ,AWP,CE,Towers with Radar,0,69,106,0,175,0,80,158,0,238,0,149,264,0,413,116,0,116,529
10/25/2022,SDL,AZ,AWP,CE,Towers with Radar,0,92,100,0,192,0,74,172,0,246,0,166,272,0,438,88,0,88,526
10/26/2022,SDL,AZ,AWP,CE,Towers with Radar,0,92,139,1,232,0,74,177,1,252,0,166,316,2,484,124,0,124,608
10/27/2022,SDL,AZ,AWP,CE,Towers with Radar,0,86,137,2,225,0,76,193,0,269,0,162,330,2,494,88,0,88,582
10/28/2022,SDL,AZ,AWP,CE,Towers with Radar,0,83,110,0,193,0,60,156,0,216,0,143,266,0,409,109,0,109,518
10/29/2022,SDL,AZ,AWP,CE,Towers with Radar,0,48,74,0,122,0,46,93,4,143,0,94,167,4,265,119,0,119,384
10/30/2022,SDL,AZ,AWP,CE,Towers with Radar,0,79,143,0,222,0,41,112,1,154,0,120,255,1,376,128,0,128,504
10/31/2022,SDL,AZ,AWP,CE,Towers with Radar,0,50,98,0,148,0,83,136,0,219,0,133,234,0,367,150,0,150,517
11/01/2022,SDL,AZ,AWP,CE,Towers with Radar,0,74,79,0,153,0,78,148,1,227,0,152,227,1,380,145,0,145,525
11/02/2022,SDL,AZ,AWP,CE,Towers with Radar,0,78,118,4,200,0,73,136,0,209,0,151,254,4,409,123,0,123,532
11/03/2022,SDL,AZ,AWP,CE,Towers with Radar,0,84,102,0,186,0,27,86,0,113,0,111,188,0,299,104,0,104,403
11/04/2022,SDL,AZ,AWP,CE,Towers with Radar,0,92,124,3,219,0,87,163,4,254,0,179,287,7,473,55,0,55,528
11/05/2022,SDL,AZ,AWP,CE,Towers with Radar,0,76,81,0,157,0,83,142,0,225,0,159,223,0,382,125,0,125,507
11/06/2022,SDL,AZ,AWP,CE,Towers with Radar,0,87,122,3,212,0,34,163,1,198,0,121,285,4,410,83,0,83,493
11/07/2022,SDL,AZ,AWP,CE,Towers with Radar,0,79,112,0,191,0,103,202,0,305,0,182,314,0,496,88,0,88,584
11/08/2022,SDL,AZ,AWP,CE,Towers with Radar,0,76,103,2,181,0,111,175,1,287,0,187,278,3,468,151,0,151,619
11/09/2022,SDL,AZ,AWP,CE,Towers with Radar,0,83,138,0,221,0,47,62,0,109,0,130,200,0,330,102,0,102,432
11/10/2022,SDL,AZ,AWP,CE,Towers with Radar,0,103,151,4,258,0,87,182,0,269,0,190,333,4,527,74,0,74,601
11/11/2022,SDL,AZ,AWP,CE,Towers with Radar,1,107,130,0,238,0,77,190,0,267,1,184,320,0,505,66,0,66,571
11/12/2022,SDL,AZ,AWP,CE,Towers with Radar,0,65,96,0,161,0,72,214,0,286,0,137,310,0,447,18,0,18,465
11/13/2022,SDL,AZ,AWP,CE,Towers with Radar,0,85,156,0,241,0,43,128,0,171,0,128,284,0,412,82,0,82,494
11/14/2022,SDL,AZ,AWP,CE,Towers with Radar,0,97,121,1,219,0,102,131,0,233,0,199,252,1,452,99,0,99,551
11/15/2022,SDL,AZ,AWP,CE,Towers with Radar,0,89,111,2,202,0,98,159,1,258,0,187,270,3,460,78,0,78,538
11/16/2022,SDL,AZ,AWP,CE,Towers with Radar,0,74,152,0,226,0,51,114,0,165,0,125,266,0,391,51,0,51,442
11/17/2022,SDL,AZ,AWP,CE,Towers with Radar,0,79,136,1,216,0,68,205,0,273,0,147,341,1,489,59,0,59,548
11/18/2022,SDL,AZ,AWP,CE,Towers with Radar,0,88,137,0,225,0,75,156,0,231,0,163,293,0,456,75,0,75,531
11/19/2022,SDL,AZ,AWP,CE,Towers with Radar,0,98,94,0,192,0,61,120,1,182,0,159,214,1,374,61,0,61,435
11/20/2022,SDL,AZ,AWP,CE,Towers with Radar,0,94,128,0,222,0,28,142,4,174,0,122,270,4,396,37,0,37,433
11/21/2022,SDL,AZ,AWP,CE,Towers with Radar,0,86,99,0,185,0,82,143,1,226,0,168,242,1,411,144,0,144,555
11/22/2022,SDL,AZ,AWP,CE,Towers with Radar,0,103,124,0,227,0,98,145,1,244,0,201,269,1,471,132,0,132,603
11/23/2022,SDL,AZ,AWP,CE,Towers with Radar,0,76,130,2,208,0,56,109,0,165,0,132,239,2,373,86,0,86,459
11/24/2022,SDL,AZ,AWP,CE,Towers with Radar,0,29,15,0,44,0,10,26,0,36,0,39,41,0,80,16,0,16,96
11/25/2022,SDL,AZ,AWP,CE,Towers with Radar,0,64,69,0,133,0,25,77,0,102,0,89,146,0,235,58,0,58,293
11/26/2022,SDL,AZ,AWP,CE,Towers with Radar,0,107,95,0,202,0,46,92,0,138,0,153,187,0,340,85,0,85,425
11/27/2022,SDL,AZ,AWP,CE,Towers with Radar,0,97,179,0,276,0,16,93,0,109,0,113,272,0,385,36,0,36,421
11/28/2022,SDL,AZ,AWP,CE,Towers with Radar,0,95,101,0,196,0,70,106,0,176,0,165,207,0,372,80,0,80,452
11/29/2022,SDL,AZ,AWP,CE,Towers with Radar,0,70,96,0,166,0,88,114,0,202,0,158,210,0,368,121,0,121,489
11/30/2022,SDL,AZ,AWP,CE,Towers with Radar,0,72,123,2,197,0,59,156,0,215,0,131,279,2,412,101,0,101,513
12/01/2022,SDL,AZ,AWP,CE,Towers with Radar,1,85,122,2,210,0,59,108,0,167,1,144,230,2,377,126,0,126,503
12/02/2022,SDL,AZ,AWP,CE,Towers with Radar,0,62,95,0,157,0,67,130,0,197,0,129,225,0,354,179,0,179,533
12/03/2022,SDL,AZ,AWP,CE,Towers with Radar,0,52,73,0,125,0,31,53,0,84,0,83,126,0,209,78,0,78,287
12/04/2022,SDL,AZ,AWP,CE,Towers with Radar,0,91,112,0,203,0,12,20,2,34,0,103,132,2,237,42,0,42,279
12/05/2022,SDL,AZ,AWP,CE,Towers with Radar,0,70,108,0,178,0,21,65,0,86,0,91,173,0,264,40,0,40,304
12/06/2022,SDL,AZ,AWP,CE,Towers with Radar,0,75,88,0,163,0,37,72,0,109,0,112,160,0,272,96,0,96,368
12/07/2022,SDL,AZ,AWP,CE,Towers with Radar,0,77,120,2,199,0,57,154,0,211,0,134,274,2,410,161,0,161,571
12/08/2022,SDL,AZ,AWP,CE,Towers with Radar,0,74,93,0,167,0,77,160,0,237,0,151,253,0,404,127,0,127,531
12/09/2022,SDL,AZ,AWP,CE,Towers with Radar,0,66,120,6,192,0,72,179,0,251,0,138,299,6,443,130,0,130,573
12/10/2022,SDL,AZ,AWP,CE,Towers with Radar,0,35,86,0,121,0,54,125,0,179,0,89,211,0,300,146,0,146,446
12/11/2022,SDL,AZ,AWP,CE,Towers with Radar,0,75,119,0,194,0,43,100,0,143,0,118,219,0,337,87,0,87,424
12/12/2022,SDL,AZ,AWP,CE,Towers with Radar,0,64,109,1,174,0,23,59,0,82,0,87,168,1,256,198,0,198,454
12/13/2022,SDL,AZ,AWP,CE,Towers with Radar,0,65,105,2,172,0,48,88,1,137,0,113,193,3,309,115,0,115,424
12/14/2022,SDL,AZ,AWP,CE,Towers with Radar,0,78,112,0,190,0,91,144,0,235,0,169,256,0,425,102,0,102,527
12/15/2022,SDL,AZ,AWP,CE,Towers with Radar,0,94,125,0,219,0,66,171,0,237,0,160,296,0,456,99,0,99,555
12/16/2022,SDL,AZ,AWP,CE,Towers with Radar,0,93,120,2,215,0,69,154,0,223,0,162,274,2,438,90,0,90,528
12/17/2022,SDL,AZ,AWP,CE,Towers with Radar,0,53,87,0,140,0,57,99,0,156,0,110,186,0,296,136,0,136,432
12/18/2022,SDL,AZ,AWP,CE,Towers with Radar,1,68,96,1,166,0,53,89,0,142,1,121,185,1,308,99,0,99,407
12/19/2022,SDL,AZ,AWP,CE,Towers with Radar,0,76,95,0,171,0,92,142,1,235,0,168,237,1,406,113,0,113,519
12/20/2022,SDL,AZ,AWP,CE,Towers with Radar,0,62,81,0,143,0,87,129,1,217,0,149,210,1,360,130,0,130,490
12/21/2022,SDL,AZ,AWP,CE,Towers with Radar,0,81,108,0,189,0,70,139,1,210,0,151,247,1,399,135,0,135,534
12/22/2022,SDL,AZ,AWP,CE,Towers with Radar,0,68,93,0,161,0,53,142,0,195,0,121,235,0,356,101,0,101,457
12/23/2022,SDL,AZ,AWP,CE,Towers with Radar,0,70,81,0,151,0,47,98,0,145,0,117,179,0,296,78,0,78,374
12/24/2022,SDL,AZ,AWP,CE,Towers with Radar,0,54,47,0,101,0,20,44,0,64,0,74,91,0,165,39,0,39,204
12/25/2022,SDL,AZ,AWP,CE,Towers with Radar,0,44,19,0,63,0,3,18,0,21,0,47,37,0,84,32,0,32,116
12/26/2022,SDL,AZ,AWP,CE,Towers with Radar,1,101,147,0,249,0,29,111,0,140,1,130,258,0,389,44,0,44,433
12/27/2022,SDL,AZ,AWP,CE,Towers with Radar,0,88,160,0,248,0,37,143,0,180,0,125,303,0,428,60,0,60,488
12/28/2022,SDL,AZ,AWP,CE,Towers with Radar,0,44,87,0,131,0,0,0,0,0,0,44,87,0,131,0,0,0,131
12/29/2022,SDL,AZ,AWP,CE,Towers with Radar,0,94,143,0,237,0,56,91,0,147,0,150,234,0,384,37,0,37,421
12/30/2022,SDL,AZ,AWP,CE,Towers with Radar,0,64,132,0,196,0,3,31,0,34,0,67,163,0,230,17,0,17,247
12/31/2022,SDL,AZ,AWP,CE,Towers with Radar,0,70,79,0,149,0,46,78,0,124,0,116,157,0,273,147,0,147,420
01/01/2023,SDL,AZ,AWP,CE,Towers with Radar,0,79,116,0,195,0,3,2,0,5,0,82,118,0,200,10,0,10,210
01/02/2023,SDL,AZ,AWP,CE,Towers with Radar,0,74,162,0,236,0,53,110,0,163,0,127,272,0,399,59,0,59,458
01/03/2023,SDL,AZ,AWP,CE,Towers with Radar,0,87,117,0,204,0,50,87,1,138,0,137,204,1,342,157,0,157,499
01/04/2023,SDL,AZ,AWP,CE,Towers with Radar,0,74,108,0,182,0,56,155,0,211,0,130,263,0,393,116,0,116,509
01/05/2023,SDL,AZ,AWP,CE,Towers with Radar,0,65,101,2,168,0,59,149,0,208,0,124,250,2,376,182,0,182,558
01/06/2023,SDL,AZ,AWP,CE,Towers with Radar,0,77,107,0,184,0,71,187,0,258,0,148,294,0,442,156,0,156,598
01/07/2023,SDL,AZ,AWP,CE,Towers with Radar,0,80,63,0,143,0,67,141,0,208,0,147,204,0,351,123,0,123,474
01/08/2023,SDL,AZ,AWP,CE,Towers with Radar,0,74,97,0,171,0,52,121,0,173,0,126,218,0,344,60,0,60,404
01/09/2023,SDL,AZ,AWP,CE,Towers with Radar,0,56,70,2,128,0,89,126,1,216,0,145,196,3,344,137,0,137,481
01/10/2023,SDL,AZ,AWP,CE,Towers with Radar,0,60,65,0,125,0,89,141,1,231,0,149,206,1,356,146,0,146,502
01/11/2023,SDL,AZ,AWP,CE,Towers with Radar,0,74,107,0,181,0,78,150,2,230,0,152,257,2,411,83,0,83,494
01/12/2023,SDL,AZ,AWP,CE,Towers with Radar,0,72,102,0,174,0,90,169,0,259,0,162,271,0,433,75,0,75,508
01/13/2023,SDL,AZ,AWP,CE,Towers with Radar,0,72,113,4,189,0,84,138,0,222,0,156,251,4,411,116,0,116,527
01/14/2023,SDL,AZ,AWP,CE,Towers with Radar,0,71,77,0,148,0,79,103,0,182,0,150,180,0,330,133,0,133,463
01/15/2023,SDL,AZ,AWP,CE,Towers with Radar,0,70,98,4,172,0,7,23,0,30,0,77,121,4,202,105,0,105,307
01/16/2023,SDL,AZ,AWP,CE,Towers with Radar,0,73,102,0,175,0,1,16,0,17,0,74,118,0,192,0,0,0,192
01/17/2023,SDL,AZ,AWP,CE,Towers with Radar,0,64,93,4,161,0,70,101,0,171,0,134,194,4,332,142,0,142,474
01/18/2023,SDL,AZ,AWP,CE,Towers with Radar,0,81,105,2,188,0,81,157,1,239,0,162,262,3,427,87,0,87,514
01/19/2023,SDL,AZ,AWP,CE,Towers with Radar,0,61,100,3,164,0,70,176,2,248,0,131,276,5,412,118,0,118,530
01/20/2023,SDL,AZ,AWP,CE,Towers with Radar,1,83,116,0,200,4,75,132,1,212,5,158,248,1,412,102,0,102,514
01/21/2023,SDL,AZ,AWP,CE,Towers with Radar,0,62,95,0,157,0,66,126,0,192,0,128,221,0,349,83,0,83,432
01/22/2023,SDL,AZ,AWP,CE,Towers with Radar,0,87,112,0,199,0,46,104,0,150,0,133,216,0,349,126,0,126,475
01/23/2023,SDL,AZ,AWP,CE,Towers with Radar,0,73,114,0,187,0,63,105,0,168,0,136,219,0,355,125,0,125,480
01/24/2023,SDL,AZ,AWP,CE,Towers with Radar,0,80,107,0,187,0,85,144,0,229,0,165,251,0,416,84,0,84,500
01/25/2023,SDL,AZ,AWP,CE,Towers with Radar,0,106,164,0,270,0,89,139,0,228,0,195,303,0,498,43,0,43,541
01/26/2023,SDL,AZ,AWP,CE,Towers with Radar,0,107,149,0,256,0,61,113,0,174,0,168,262,0,430,40,0,40,470
01/27/2023,SDL,AZ,AWP,CE,Towers with Radar,0,81,149,0,230,0,73,168,0,241,0,154,317,0,471,49,0,49,520
01/28/2023,SDL,AZ,AWP,CE,Towers with Radar,0,75,112,4,191,0,71,115,0,186,0,146,227,4,377,84,0,84,461
01/29/2023,SDL,AZ,AWP,CE,Towers with Radar,0,114,159,0,273,0,32,111,0,143,0,146,270,0,416,35,0,35,451
01/30/2023,SDL,AZ,AWP,CE,Towers with Radar,0,75,97,0,172,0,58,110,0,168,0,133,207,0,340,57,0,57,397
01/31/2023,SDL,AZ,AWP,CE,Towers with Radar,0,53,98,0,151,0,64,118,0,182,0,117,216,0,333,150,0,150,483
02/01/2023,SDL,AZ,AWP,CE,Towers with Radar,0,77,118,2,197,0,89,124,0,213,0,166,242,2,410,108,0,108,518
02/02/2023,SDL,AZ,AWP,CE,Towers with Radar,0,82,119,1,202,0,92,148,0,240,0,174,267,1,442,88,0,88,530
02/03/2023,SDL,AZ,AWP,CE,Towers with Radar,0,66,108,2,176,0,77,146,0,223,0,143,254,2,399,86,0,86,485
02/04/2023,SDL,AZ,AWP,CE,Towers with Radar,0,66,67,1,134,0,84,120,2,206,0,150,187,3,340,127,0,127,467
02/05/2023,SDL,AZ,AWP,CE,Towers with Radar,0,113,130,5,248,0,53,128,1,182,0,166,258,6,430,42,0,42,472
02/06/2023,SDL,AZ,AWP,CE,Towers with Radar,0,106,121,2,229,4,100,126,0,230,4,206,247,2,459,89,0,89,548
02/07/2023,SDL,AZ,AWP,CE,Towers with Radar,0,96,94,1,191,0,90,117,0,207,0,186,211,1,398,45,0,45,443
02/08/2023,SDL,AZ,AWP,CE,Towers with Radar,0,94,123,0,217,0,65,63,0,128,0,159,186,0,345,18,0,18,363
02/09/2023,SDL,AZ,AWP,CE,Towers with Radar,0,143,144,0,287,0,12,31,0,43,0,155,175,0,330,0,0,0,330
02/10/2023,SDL,AZ,AWP,CE,Towers with Radar,0,140,159,0,299,0,6,31,0,37,0,146,190,0,336,14,0,14,350
02/11/2023,SDL,AZ,AWP,CE,Towers with Radar,0,85,81,0,166,0,3,28,0,31,0,88,109,0,197,2,0,2,199
02/12/2023,SDL,AZ,AWP,CE,Towers with Radar,0,106,71,0,177,0,6,36,0,42,0,112,107,0,219,0,0,0,219
02/13/2023,SDL,AZ,AWP,CE,Towers with Radar,0,130,155,1,286,0,1,36,0,37,0,131,191,1,323,0,0,0,323
02/14/2023,SDL,AZ,AWP,CE,Towers with Radar,0,109,110,0,219,0,20,58,0,78,0,129,168,0,297,47,0,47,344
02/15/2023,SDL,AZ,AWP,CE,Towers with Radar,0,104,153,2,259,0,78,116,0,194,0,182,269,2,453,134,0,134,587
02/16/2023,SDL,AZ,AWP,CE,Towers with Radar,0,96,126,0,222,0,84,161,0,245,0,180,287,0,467,44,0,44,511
02/17/2023,SDL,AZ,AWP,CE,Towers with Radar,0,103,147,5,255,0,48,109,0,157,0,151,256,5,412,75,0,75,487
02/18/2023,SDL,AZ,AWP,CE,Towers with Radar,0,80,69,1,150,0,83,124,0,207,0,163,193,1,357,151,0,151,508
02/19/2023,SDL,AZ,AWP,CE,Towers with Radar,0,79,109,0,188,0,64,134,0,198,0,143,243,0,386,109,0,109,495
02/20/2023,SDL,AZ,AWP,CE,Towers with Radar,0,91,146,2,239,0,91,152,0,243,0,182,298,2,482,96,0,96,578
02/21/2023,SDL,AZ,AWP,CE,Towers with Radar,0,88,119,1,208,0,76,139,0,215,0,164,258,1,423,114,0,114,537
02/22/2023,SDL,AZ,AWP,CE,Towers with Radar,0,62,94,0,156,0,4,4,0,8,0,66,98,0,164,0,0,0,164
02/23/2023,SDL,AZ,AWP,CE,Towers with Radar,0,85,127,4,216,0,94,119,0,213,0,179,246,4,429,114,0,114,543
02/24/2023,SDL,AZ,AWP,CE,Towers with Radar,0,104,125,4,233,0,78,161,0,239,0,182,286,4,472,123,0,123,595
02/25/2023,SDL,AZ,AWP,CE,Towers with Radar,0,78,70,2,150,0,88,104,0,192,0,166,174,2,342,52,0,52,394
02/26/2023,SDL,AZ,AWP,CE,Towers with Radar,0,96,151,3,250,0,10,40,2,52,0,106,191,5,302,29,2,31,333
02/27/2023,SDL,AZ,AWP,CE,Towers with Radar,0,75,77,3,155,0,104,187,1,292,0,179,264,4,447,171,0,171,618
02/28/2023,SDL,AZ,AWP,CE,Towers with Radar,0,93,111,0,204,0,111,154,2,267,0,204,265,2,471,80,0,80,551
03/01/2023,SDL,AZ,AWP,CE,Towers with Radar,0,92,93,4,189,0,42,60,0,102,0,134,153,4,291,61,0,61,352
03/02/2023,SDL,AZ,AWP,CE,Towers with Radar,0,90,103,0,193,0,36,105,0,141,0,126,208,0,334,198,0,198,532
03/03/2023,SDL,AZ,AWP,CE,Towers with Radar,0,70,135,13,218,0,88,166,2,256,0,158,301,15,474,105,0,105,579
03/04/2023,SDL,AZ,AWP,CE,Towers with Radar,0,93,62,2,157,0,86,118,6,210,0,179,180,8,367,116,0,116,483
03/05/2023,SDL,AZ,AWP,CE,Towers with Radar,0,91,133,0,224,0,60,91,0,151,0,151,224,0,375,75,0,75,450
03/06/2023,SDL,AZ,AWP,CE,Towers with Radar,0,72,85,2,159,0,125,131,0,256,0,197,216,2,415,194,0,194,609
03/07/2023,SDL,AZ,AWP,CE,Towers with Radar,0,69,91,2,162,0,109,178,0,287,0,178,269,2,449,95,0,95,544
03/08/2023,SDL,AZ,AWP,CE,Towers with Radar,0,98,102,2,202,0,95,146,0,241,0,193,248,2,443,135,0,135,578
03/09/2023,SDL,AZ,AWP,CE,Towers with Radar,0,94,162,0,256,0,110,160,0,270,0,204,322,0,526,92,0,92,618
03/10/2023,SDL,AZ,AWP,CE,Towers with Radar,0,89,132,6,227,0,103,131,0,234,0,192,263,6,461,118,0,118,579
03/11/2023,SDL,AZ,AWP,CE,Towers with Radar,0,83,103,3,189,0,50,97,0,147,0,133,200,3,336,72,0,72,408
03/12/2023,SDL,AZ,AWP,CE,Towers with Radar,0,118,147,0,265,0,37,98,0,135,0,155,245,0,400,63,0,63,463
03/13/2023,SDL,AZ,AWP,CE,Towers with Radar,0,87,106,0,193,0,115,128,0,243,0,202,234,0,436,156,0,156,592
03/14/2023,SDL,AZ,AWP,CE,Towers with Radar,0,84,104,0,188,0,92,134,0,226,0,176,238,0,414,141,0,141,555
03/15/2023,SDL,AZ,AWP,CE,Towers with Radar,1,97,132,0,230,0,15,29,0,44,1,112,161,0,274,67,0,67,341
03/16/2023,SDL,AZ,AWP,CE,Towers with Radar,0,110,117,1,228,0,85,117,0,202,0,195,234,1,430,145,0,145,575
03/17/2023,SDL,AZ,AWP,CE,Towers with Radar,0,112,128,1,241,0,63,168,3,234,0,175,296,4,475,84,0,84,559
03/18/2023,SDL,AZ,AWP,CE,Towers with Radar,0,109,101,3,213,0,53,117,2,172,0,162,218,5,385,90,0,90,475
03/19/2023,SDL,AZ,AWP,CE,Towers with Radar,0,133,175,0,308,0,32,79,0,111,0,165,254,0,419,47,0,47,466
03/20/2023,SDL,AZ,AWP,CE,Towers with Radar,0,95,137,1,233,0,91,126,0,217,0,186,263,1,450,115,0,115,565
03/21/2023,SDL,AZ,AWP,CE,Towers with Radar,0,43,96,0,139,0,36,66,2,104,0,79,162,2,243,143,0,143,386
03/22/2023,SDL,AZ,AWP,CE,Towers with Radar,0,71,111,0,182,0,70,79,0,149,0,141,190,0,331,179,0,179,510
03/23/2023,SDL,AZ,AWP,CE,Towers with Radar,0,118,119,2,239,0,88,184,4,276,0,206,303,6,515,119,0,119,634
03/24/2023,SDL,AZ,AWP,CE,Towers with Radar,0,84,124,9,217,0,95,140,7,242,0,179,264,16,459,126,0,126,585
03/25/2023,SDL,AZ,AWP,CE,Towers with Radar,0,98,81,0,179,0,90,136,3,229,0,188,217,3,408,78,4,82,490
03/26/2023,SDL,AZ,AWP,CE,Towers with Radar,0,102,139,2,243,0,77,99,5,181,0,179,238,7,424,109,0,109,533
03/27/2023,SDL,AZ,AWP,CE,Towers with Radar,0,107,106,2,215,0,109,160,0,269,0,216,266,2,484,138,0,138,622
03/28/2023,SDL,AZ,AWP,CE,Towers with Radar,0,80,100,0,180,0,87,156,3,246,0,167,256,3,426,137,0,137,563
03/29/2023,SDL,AZ,AWP,CE,Towers with Radar,0,107,104,0,211,0,89,144,0,233,0,196,248,0,444,90,0,90,534
03/30/2023,SDL,AZ,AWP,CE,Towers with Radar,0,89,113,2,204,0,46,63,0,109,0,135,176,2,313,117,0,117,430
03/31/2023,SDL,AZ,AWP,CE,Towers with Radar,0,100,133,1,234,0,64,152,3,219,0,164,285,4,453,80,0,80,533
04/01/2023,SDL,AZ,AWP,CE,Towers with Radar,0,125,84,0,209,0,81,147,0,228,0,206,231,0,437,139,0,139,576
04/02/2023,SDL,AZ,AWP,CE,Towers with Radar,0,120,127,1,248,0,55,105,0,160,0,175,232,1,408,70,0,70,478
04/03/2023,SDL,AZ,AWP,CE,Towers with Radar,0,87,86,0,173,0,55,74,0,129,0,142,160,0,302,150,0,150,452
04/04/2023,SDL,AZ,AWP,CE,Towers with Radar,0,65,64,0,129,0,27,78,0,105,0,92,142,0,234,59,0,59,293
04/05/2023,SDL,AZ,AWP,CE,Towers with Radar,0,108,114,2,224,0,100,188,0,288,0,208,302,2,512,131,0,131,643
04/06/2023,SDL,AZ,AWP,CE,Towers with Radar,0,96,123,2,221,0,106,159,3,268,0,202,282,5,489,115,0,115,604
04/07/2023,SDL,AZ,AWP,CE,Towers with Radar,0,90,112,1,203,0,103,160,5,268,0,193,272,6,471,88,0,88,559
04/08/2023,SDL,AZ,AWP,CE,Towers with Radar,0,77,87,1,165,0,64,139,3,206,0,141,226,4,371,135,0,135,506
04/09/2023,SDL,AZ,AWP,CE,Towers with Radar,0,83,77,1,161,0,25,80,1,106,0,108,157,2,267,29,1,30,297
04/10/2023,SDL,AZ,AWP,CE,Towers with Radar,0,95,142,0,237,0,106,148,0,254,0,201,290,0,491,82,0,82,573
04/11/2023,SDL,AZ,AWP,CE,Towers with Radar,0,86,104,0,190,0,110,170,5,285,0,196,274,5,475,120,0,120,595
04/12/2023,SDL,AZ,AWP,CE,Towers with Radar,0,70,105,0,175,0,115,158,0,273,0,185,263,0,448,125,0,125,573
04/13/2023,SDL,AZ,AWP,CE,Towers with Radar,0,96,127,0,223,0,93,138,0,231,0,189,265,0,454,116,0,116,570
04/14/2023,SDL,AZ,AWP,CE,Towers with Radar,0,107,112,0,219,0,87,149,0,236,0,194,261,0,455,124,0,124,579
04/15/2023,SDL,AZ,AWP,CE,Towers with Radar,0,65,92,1,158,0,101,131,0,232,0,166,223,1,390,175,0,175,565
04/16/2023,SDL,AZ,AWP,CE,Towers with Radar,0,99,131,0,230,0,64,114,0,178,0,163,245,0,408,45,0,45,453
04/17/2023,SDL,AZ,AWP,CE,Towers with Radar,0,94,105,0,199,0,98,107,0,205,0,192,212,0,404,117,0,117,521
04/18/2023,SDL,AZ,AWP,CE,Towers with Radar,0,70,102,2,174,0,116,135,2,253,0,186,237,4,427,135,0,135,562
04/19/2023,SDL,AZ,AWP,CE,Towers with Radar,0,73,115,0,188,0,92,141,1,234,0,165,256,1,422,114,1,115,537
04/20/2023,SDL,AZ,AWP,CE,Towers with Radar,0,81,115,0,196,0,83,144,0,227,0,164,259,0,423,108,0,108,531
04/21/2023,SDL,AZ,AWP,CE,Towers with Radar,0,73,102,1,176,0,77,116,0,193,0,150,218,1,369,181,0,181,550
04/22/2023,SDL,AZ,AWP,CE,Towers with Radar,0,87,94,0,181,0,54,124,0,178,0,141,218,0,359,115,0,115,474
04/23/2023,SDL,AZ,AWP,CE,Towers with Radar,0,105,122,0,227,0,37,128,1,166,0,142,250,1,393,126,0,126,519
04/24/2023,SDL,AZ,AWP,CE,Towers with Radar,0,75,98,0,173,0,106,128,0,234,0,181,226,0,407,167,0,167,574
04/25/2023,SDL,AZ,AWP,CE,Towers with Radar,0,56,102,0,158,0,89,159,14,262,0,145,261,14,420,121,0,121,541
04/26/2023,SDL,AZ,AWP,CE,Towers with Radar,0,75,114,2,191,0,113,170,0,283,0,188,284,2,474,192,0,192,666
04/27/2023,SDL,AZ,AWP,CE,Towers with Radar,1,95,118,0,214,0,83,161,0,244,1,178,279,0,458,179,0,179,637
04/28/2023,SDL,AZ,AWP,CE,Towers with Radar,0,81,120,4,205,0,82,138,0,220,0,163,258,4,425,95,0,95,520
04/29/2023,SDL,AZ,AWP,CE,Towers with Radar,0,72,63,3,138,0,56,140,0,196,0,128,203,3,334,171,0,171,505
04/30/2023,SDL,AZ,AWP,CE,Towers with Radar,0,97,127,1,225,0,48,117,0,165,0,145,244,1,390,127,0,127,517
05/01/2023,SDL,AZ,AWP,CE,Towers with Radar,0,67,87,4,158,0,60,92,0,152,0,127,179,4,310,105,0,105,415
05/02/2023,SDL,AZ,AWP,CE,Towers with Radar,0,87,75,2,164,0,86,146,0,232,0,173,221,2,396,173,0,173,569
05/03/2023,SDL,AZ,AWP,CE,Towers with Radar,0,90,116,4,210,0,80,168,0,248,0,170,284,4,458,112,0,112,570
05/04/2023,SDL,AZ,AWP,CE,Towers with Radar,0,96,126,2,224,0,98,171,0,269,0,194,297,2,493,151,0,151,644
05/05/2023,SDL,AZ,AWP,CE,Towers with Radar,0,94,97,4,195,0,101,153,4,258,0,195,250,8,453,186,0,186,639
05/06/2023,SDL,AZ,AWP,CE,Towers with Radar,0,67,79,0,146,0,66,123,0,189,0,133,202,0,335,194,0,194,529
05/07/2023,SDL,AZ,AWP,CE,Towers with Radar,0,119,130,0,249,0,43,101,0,144,0,162,231,0,393,118,0,118,511
05/08/2023,SDL,AZ,AWP,CE,Towers with Radar,0,77,104,2,183,0,94,138,0,232,0,171,242,2,415,254,0,254,669
05/09/2023,SDL,AZ,AWP,CE,Towers with Radar,0,77,96,0,173,0,106,136,0,242,0,183,232,0,415,171,0,171,586
05/10/2023,SDL,AZ,AWP,CE,Towers with Radar,0,99,139,0,238,0,83,123,0,206,0,182,262,0,444,193,0,193,637
05/11/2023,SDL,AZ,AWP,CE,Towers with Radar,0,92,117,0,209,0,102,138,0,240,0,194,255,0,449,244,0,244,693
05/12/2023,SDL,AZ,AWP,CE,Towers with Radar,0,79,99,7,185,0,87,126,0,213,0,166,225,7,398,167,0,167,565
05/13/2023,SDL,AZ,AWP,CE,Towers with Radar,0,67,71,0,138,0,46,141,0,187,0,113,212,0,325,195,0,195,520
05/14/2023,SDL,AZ,AWP,CE,Towers with Radar,0,63,81,0,144,0,26,52,0,78,0,89,133,0,222,92,0,92,314
05/15/2023,SDL,AZ,AWP,CE,Towers with Radar,1,93,92,0,186,0,72,80,0,152,1,165,172,0,338,156,0,156,494
05/16/2023,SDL,AZ,AWP,CE,Towers with Radar,0,73,73,0,146,0,90,111,0,201,0,163,184,0,347,129,0,129,476
05/17/2023,SDL,AZ,AWP,CE,Towers with Radar,2,87,101,0,190,0,107,135,0,242,2,194,236,0,432,102,0,102,534
05/18/2023,SDL,AZ,AWP,CE,Towers with Radar,0,70,100,1,171,0,63,94,3,160,0,133,194,4,331,93,0,93,424
05/19/2023,SDL,AZ,AWP,CE,Towers with Radar,0,80,98,0,178,0,74,121,1,196,0,154,219,1,374,97,0,97,471
05/20/2023,SDL,AZ,AWP,CE,Towers with Radar,0,57,59,0,116,0,54,118,0,172,0,111,177,0,288,94,0,94,382
05/21/2023,SDL,AZ,AWP,CE,Towers with Radar,0,95,88,0,183,0,58,114,0,172,0,153,202,0,355,133,0,133,488
05/22/2023,SDL,AZ,AWP,CE,Towers with Radar,0,82,92,0,174,0,96,152,0,248,0,178,244,0,422,134,0,134,556
05/23/2023,SDL,AZ,AWP,CE,Towers with Radar,0,88,86,0,174,0,81,147,0,228,0,169,233,0,402,113,0,113,515
05/24/2023,SDL,AZ,AWP,CE,Towers with Radar,0,89,120,4,213,0,112,136,0,248,0,201,256,4,461,109,0,109,570
05/25/2023,SDL,AZ,AWP,CE,Towers with Radar,1,101,128,0,230,0,83,140,0,223,1,184,268,0,453,165,0,165,618
05/26/2023,SDL,AZ,AWP,CE,Towers with Radar,0,81,116,3,200,0,72,126,0,198,0,153,242,3,398,78,0,78,476
05/27/2023,SDL,AZ,AWP,CE,Towers with Radar,0,59,67,0,126,0,52,83,0,135,0,111,150,0,261,100,0,100,361
05/28/2023,SDL,AZ,AWP,CE,Towers with Radar,0,43,37,3,83,0,21,64,0,85,0,64,101,3,168,68,0,68,236
05/29/2023,SDL,AZ,AWP,CE,Towers with Radar,0,58,99,2,159,0,63,116,0,179,0,121,215,2,338,104,0,104,442
05/30/2023,SDL,AZ,AWP,CE,Towers with Radar,0,66,88,0,154,0,52,126,0,178,0,118,214,0,332,144,0,144,476
05/31/2023,SDL,AZ,AWP,CE,Towers with Radar,0,54,61,0,115,0,66,110,0,176,0,120,171,0,291,119,0,119,410
06/01/2023,SDL,AZ,AWP,CE,Towers with Radar,0,67,108,0,175,0,87,142,0,229,0,154,250,0,404,153,0,153,557
06/02/2023,SDL,AZ,AWP,CE,Towers with Radar,0,61,95,4,160,0,78,133,0,211,0,139,228,4,371,143,0,143,514
06/03/2023,SDL,AZ,AWP,CE,Towers with Radar,0,44,51,0,95,0,61,113,3,177,0,105,164,3,272,199,0,199,471
06/04/2023,SDL,AZ,AWP,CE,Towers with Radar,0,72,76,2,150,0,43,94,2,139,0,115,170,4,289,59,0,59,348
06/05/2023,SDL,AZ,AWP,CE,Towers with Radar,0,59,81,0,140,0,67,98,0,165,0,126,179,0,305,115,0,115,420
06/06/2023,SDL,AZ,AWP,CE,Towers with Radar,0,41,85,0,126,0,67,123,0,190,0,108,208,0,316,155,0,155,471
06/07/2023,SDL,AZ,AWP,CE,Towers with Radar,0,57,75,0,132,0,71,138,0,209,0,128,213,0,341,98,0,98,439
06/08/2023,SDL,AZ,AWP,CE,Towers with Radar,0,50,79,0,129,0,71,126,0,197,0,121,205,0,326,62,0,62,388
06/09/2023,SDL,AZ,AWP,CE,Towers with Radar,0,51,106,0,157,0,82,133,2,217,0,133,239,2,374,188,0,188,562
06/10/2023,SDL,AZ,AWP,CE,Towers with Radar,0,43,66,4,113,0,63,75,3,141,0,106,141,7,254,105,0,105,359
06/11/2023,SDL,AZ,AWP,CE,Towers with Radar,0,62,95,0,157,0,27,63,3,93,0,89,158,3,250,136,0,136,386
06/12/2023,SDL,AZ,AWP,CE,Towers with Radar,0,59,71,0,130,0,96,98,0,194,0,155,169,0,324,208,0,208,532
06/13/2023,SDL,AZ,AWP,CE,Towers with Radar,0,50,68,0,118,0,96,132,0,228,0,146,200,0,346,164,0,164,510
06/14/2023,SDL,AZ,AWP,CE,Towers with Radar,0,73,80,2,155,0,125,124,0,249,0,198,204,2,404,129,0,129,533
06/15/2023,SDL,AZ,AWP,CE,Towers with Radar,0,65,86,0,151,0,108,144,0,252,0,173,230,0,403,198,0,198,601
06/16/2023,SDL,AZ,AWP,CE,Towers with Radar,0,80,89,2,171,0,107,142,0,249,0,187,231,2,420,173,0,173,593
06/17/2023,SDL,AZ,AWP,CE,Towers with Radar,1,44,57,0,102,0,52,84,0,136,1,96,141,0,238,184,0,184,422
06/18/2023,SDL,AZ,AWP,CE,Towers with Radar,0,43,75,0,118,0,59,67,0,126,0,102,142,0,244,99,0,99,343
06/19/2023,SDL,AZ,AWP,CE,Towers with Radar,0,63,90,0,153,0,113,109,3,225,0,176,199,3,378,141,0,141,519
06/20/2023,SDL,AZ,AWP,CE,Towers with Radar,0,53,72,4,129,0,147,127,1,275,0,200,199,5,404,222,0,222,626
06/21/2023,SDL,AZ,AWP,CE,Towers with Radar,0,58,83,4,145,0,96,146,0,242,0,154,229,4,387,162,0,162,549
06/22/2023,SDL,AZ,AWP,CE,Towers with Radar,0,46,85,2,133,0,101,118,0,219,0,147,203,2,352,132,0,132,484
06/23/2023,SDL,AZ,AWP,CE,Towers with Radar,0,71,75,2,148,0,97,116,1,214,0,168,191,3,362,184,0,184,546
06/24/2023,SDL,AZ,AWP,CE,Towers with Radar,0,58,53,3,114,0,90,100,1,191,0,148,153,4,305,87,0,87,392
06/25/2023,SDL,AZ,AWP,CE,Towers with Radar,0,60,78,0,138,0,71,81,1,153,0,131,159,1,291,144,0,144,435
06/26/2023,SDL,AZ,AWP,CE,Towers with Radar,0,66,77,0,143,0,108,107,2,217,0,174,184,2,360,188,0,188,548
06/27/2023,SDL,AZ,AWP,CE,Towers with Radar,0,38,72,1,111,0,83,117,1,201,0,121,189,2,312,97,0,97,409
06/28/2023,SDL,AZ,AWP,CE,Towers with Radar,0,40,112,0,152,0,96,116,0,212,0,136,228,0,364,147,0,147,511
06/29/2023,SDL,AZ,AWP,CE,Towers with Radar,1,64,81,0,146,0,63,108,0,171,1,127,189,0,317,127,0,127,444
06/30/2023,SDL,AZ,AWP,CE,Towers with Radar,0,69,107,1,177,0,85,122,0,207,0,154,229,1,384,154,0,154,538
07/01/2023,SDL,AZ,AWP,CE,Towers with Radar,0,62,62,0,124,0,57,73,0,130,0,119,135,0,254,105,0,105,359
07/02/2023,SDL,AZ,AWP,CE,Towers with Radar,0,41,49,2,92,0,30,68,0,98,0,71,117,2,190,93,0,93,283
07/03/2023,SDL,AZ,AWP,CE,Towers with Radar,0,34,36,0,70,0,55,89,0,144,0,89,125,0,214,145,0,145,359
07/04/2023,SDL,AZ,AWP,CE,Towers with Radar,0,25,28,0,53,0,10,60,0,70,0,35,88,0,123,141,0,141,264
07/05/2023,SDL,AZ,AWP,CE,Towers with Radar,0,62,73,0,135,0,26,61,0,87,0,88,134,0,222,64,0,64,286
07/06/2023,SDL,AZ,AWP,CE,Towers with Radar,0,31,61,0,92,0,86,98,0,184,0,117,159,0,276,137,0,137,413
07/07/2023,SDL,AZ,AWP,CE,Towers with Radar,1,38,77,0,116,0,73,100,0,173,1,111,177,0,289,129,0,129,418
07/08/2023,SDL,AZ,AWP,CE,Towers with Radar,0,52,51,0,103,0,71,75,6,152,0,123,126,6,255,108,0,108,363
07/09/2023,SDL,AZ,AWP,CE,Towers with Radar,0,64,77,0,141,0,45,73,4,122,0,109,150,4,263,45,0,45,308
07/10/2023,SDL,AZ,AWP,CE,Towers with Radar,0,65,73,0,138,0,111,113,2,226,0,176,186,2,364,82,0,82,446
07/11/2023,SDL,AZ,AWP,CE,Towers with Radar,0,36,54,0,90,0,89,115,3,207,0,125,169,3,297,169,0,169,466
07/12/2023,SDL,AZ,AWP,CE,Towers with Radar,0,62,85,0,147,0,131,118,0,249,0,193,203,0,396,173,0,173,569
07/13/2023,SDL,AZ,AWP,CE,Towers with Radar,0,68,84,0,152,0,129,120,0,249,0,197,204,0,401,163,0,163,564
07/14/2023,SDL,AZ,AWP,CE,Towers with Radar,0,74,52,0,126,0,90,92,0,182,0,164,144,0,308,145,0,145,453
07/15/2023,SDL,AZ,AWP,CE,Towers with Radar,0,44,57,0,101,0,55,51,0,106,0,99,108,0,207,158,0,158,365
07/16/2023,SDL,AZ,AWP,CE,Towers with Radar,0,50,73,0,123,0,48,60,0,108,0,98,133,0,231,91,0,91,322
07/17/2023,SDL,AZ,AWP,CE,Towers with Radar,0,67,85,0,152,0,120,80,0,200,0,187,165,0,352,133,0,133,485
07/18/2023,SDL,AZ,AWP,CE,Towers with Radar,0,49,50,0,99,0,83,84,0,167,0,132,134,0,266,129,0,129,395
07/19/2023,SDL,AZ,AWP,CE,Towers with Radar,0,41,85,0,126,0,110,116,0,226,0,151,201,0,352,137,0,137,489
07/20/2023,SDL,AZ,AWP,CE,Towers with Radar,0,47,76,0,123,0,74,101,1,176,0,121,177,1,299,76,0,76,375
07/21/2023,SDL,AZ,AWP,CE,Towers with Radar,0,58,73,0,131,0,77,73,0,150,0,135,146,0,281,130,0,130,411
07/22/2023,SDL,AZ,AWP,CE,Towers with Radar,0,40,41,1,82,0,79,90,0,169,0,119,131,1,251,141,0,141,392
07/23/2023,SDL,AZ,AWP,CE,Towers with Radar,0,42,59,1,102,0,57,62,0,119,0,99,121,1,221,119,0,119,340
07/24/2023,SDL,AZ,AWP,CE,Towers with Radar,0,46,70,2,118,0,82,75,0,157,0,128,145,2,275,145,0,145,420
07/25/2023,SDL,AZ,AWP,CE,Towers with Radar,0,47,48,0,95,0,93,104,0,197,0,140,152,0,292,122,0,122,414
07/26/2023,SDL,AZ,AWP,CE,Towers with Radar,0,58,70,0,128,0,105,105,0,210,0,163,175,0,338,208,0,208,546
07/27/2023,SDL,AZ,AWP,CE,Towers with Radar,0,61,62,0,123,0,104,125,0,229,0,165,187,0,352,130,0,130,482
07/28/2023,SDL,AZ,AWP,CE,Towers with Radar,0,56,77,1,134,0,86,109,0,195,0,142,186,1,329,148,0,148,477
07/29/2023,SDL,AZ,AWP,CE,Towers with Radar,0,49,37,1,87,0,66,62,1,129,0,115,99,2,216,176,0,176,392
07/30/2023,SDL,AZ,AWP,CE,Towers with Radar,0,49,74,0,123,0,45,68,2,115,0,94,142,2,238,187,0,187,425
07/31/2023,SDL,AZ,AWP,CE,Towers with Radar,0,58,59,0,117,0,85,108,2,195,0,143,167,2,312,171,0,171,483
08/01/2023,SDL,AZ,AWP,CE,Towers with Radar,0,62,65,0,127,0,102,114,1,217,0,164,179,1,344,201,0,201,545
08/02/2023,SDL,AZ,AWP,CE,Towers with Radar,0,53,71,1,125,0,106,115,2,223,0,159,186,3,348,207,0,207,555
08/03/2023,SDL,AZ,AWP,CE,Towers with Radar,0,39,81,0,120,0,92,107,0,199,0,131,188,0,319,175,0,175,494
08/04/2023,SDL,AZ,AWP,CE,Towers with Radar,0,56,58,0,114,0,82,80,0,162,0,138,138,0,276,236,0,236,512
08/05/2023,SDL,AZ,AWP,CE,Towers with Radar,0,50,52,0,102,0,64,83,0,147,0,114,135,0,249,138,0,138,387
08/06/2023,SDL,AZ,AWP,CE,Towers with Radar,0,62,93,0,155,0,58,66,0,124,0,120,159,0,279,140,0,140,419
08/07/2023,SDL,AZ,AWP,CE,Towers with Radar,0,52,69,0,121,0,86,94,0,180,0,138,163,0,301,176,0,176,477
08/08/2023,SDL,AZ,AWP,CE,Towers with Radar,0,56,60,0,116,0,71,71,5,147,0,127,131,5,263,144,0,144,407
08/09/2023,SDL,AZ,AWP,CE,Towers with Radar,0,72,81,0,153,0,89,103,1,193,0,161,184,1,346,161,0,161,507
08/10/2023,SDL,AZ,AWP,CE,Towers with Radar,0,62,69,0,131,0,71,119,0,190,0,133,188,0,321,161,0,161,482
08/11/2023,SDL,AZ,AWP,CE,Towers with Radar,0,46,77,0,123,0,68,99,1,168,0,114,176,1,291,128,0,128,419
08/12/2023,SDL,AZ,AWP,CE,Towers with Radar,0,43,45,0,88,0,79,58,0,137,0,122,103,0,225,131,0,131,356
08/13/2023,SDL,AZ,AWP,CE,Towers with Radar,0,40,98,0,138,0,45,74,0,119,0,85,172,0,257,127,0,127,384
08/14/2023,SDL,AZ,AWP,CE,Towers with Radar,0,56,81,1,138,0,86,98,1,185,0,142,179,2,323,160,0,160,483
08/15/2023,SDL,AZ,AWP,CE,Towers with Radar,0,50,52,0,102,0,63,91,0,154,0,113,143,0,256,121,0,121,377
08/16/2023,SDL,AZ,AWP,CE,Towers with Radar,1,39,91,0,131,0,72,96,1,169,1,111,187,1,300,79,0,79,379
08/17/2023,SDL,AZ,AWP,CE,Towers with Radar,0,52,94,0,146,0,55,99,1,155,0,107,193,1,301,178,0,178,479
08/18/2023,SDL,AZ,AWP,CE,Towers with Radar,0,71,60,0,131,0,70,87,0,157,0,141,147,0,288,111,0,111,399
08/19/2023,SDL,AZ,AWP,CE,Towers with Radar,0,44,34,0,78,0,71,67,0,138,0,115,101,0,216,137,0,137,353
08/20/2023,SDL,AZ,AWP,CE,Towers with Radar,0,66,65,0,131,0,26,45,0,71,0,92,110,0,202,89,0,89,291
08/21/2023,SDL,AZ,AWP,CE,Towers with Radar,0,75,78,0,153,0,73,87,0,160,0,148,165,0,313,189,0,189,502
08/22/2023,SDL,AZ,AWP,CE,Towers with Radar,0,45,59,0,104,0,121,124,0,245,0,166,183,0,349,210,0,210,559
08/23/2023,SDL,AZ,AWP,CE,Towers with Radar,0,50,74,0,124,0,77,99,0,176,0,127,173,0,300,138,0,138,438
08/24/2023,SDL,AZ,AWP,CE,Towers with Radar,0,51,98,0,149,0,98,105,0,203,0,149,203,0,352,99,0,99,451
08/25/2023,SDL,AZ,AWP,CE,Towers with Radar,0,71,76,1,148,0,93,108,0,201,0,164,184,1,349,69,0,69,418
08/26/2023,SDL,AZ,AWP,CE,Towers with Radar,0,33,41,2,76,0,85,92,1,178,0,118,133,3,254,150,0,150,404
08/27/2023,SDL,AZ,AWP,CE,Towers with Radar,0,43,79,2,124,0,45,66,1,112,0,88,145,3,236,77,0,77,313
08/28/2023,SDL,AZ,AWP,CE,Towers with Radar,0,34,75,0,109,0,71,106,0,177,0,105,181,0,286,104,0,104,390
08/29/2023,SDL,AZ,AWP,CE,Towers with Radar,0,36,69,0,105,0,101,99,2,202,0,137,168,2,307,137,0,137,444
08/30/2023,SDL,AZ,AWP,CE,Towers with Radar,0,46,72,0,118,0,102,126,5,233,0,148,198,5,351,158,0,158,509
08/31/2023,SDL,AZ,AWP,CE,Towers with Radar,0,64,91,0,155,0,63,115,4,182,0,127,206,4,337,88,0,88,425
01/01/2020,SDL,AZ,AWP,WE,Towers with Radar,0,38,60,0,98,0,0,88,0,88,0,38,148,0,186,231,0,231,417
01/02/2020,SDL,AZ,AWP,WE,Towers with Radar,0,54,97,2,153,0,10,195,0,205,0,64,292,2,358,206,0,206,564
01/03/2020,SDL,AZ,AWP,WE,Towers with Radar,0,78,109,2,189,0,12,178,0,190,0,90,287,2,379,226,0,226,605
01/04/2020,SDL,AZ,AWP,WE,Towers with Radar,1,61,106,0,168,0,7,167,0,174,1,68,273,0,342,188,0,188,530
01/05/2020,SDL,AZ,AWP,WE,Towers with Radar,0,57,96,0,153,0,3,141,0,144,0,60,237,0,297,154,0,154,451
01/06/2020,SDL,AZ,AWP,WE,Towers with Radar,0,42,85,0,127,0,0,183,7,190,0,42,268,7,317,318,0,318,635
01/07/2020,SDL,AZ,AWP,WE,Towers with Radar,0,30,71,0,101,0,2,208,4,214,0,32,279,4,315,307,0,307,622
01/08/2020,SDL,AZ,AWP,WE,Towers with Radar,0,50,87,2,139,0,8,206,0,214,0,58,293,2,353,289,0,289,642
01/09/2020,SDL,AZ,AWP,WE,Towers with Radar,0,53,93,0,146,0,5,158,0,163,0,58,251,0,309,309,0,309,618
01/10/2020,SDL,AZ,AWP,WE,Towers with Radar,0,55,115,2,172,0,6,207,5,218,0,61,322,7,390,204,0,204,594
01/11/2020,SDL,AZ,AWP,WE,Towers with Radar,0,36,75,0,111,0,5,152,5,162,0,41,227,5,273,183,0,183,456
01/12/2020,SDL,AZ,AWP,WE,Towers with Radar,0,48,103,0,151,0,5,135,2,142,0,53,238,2,293,106,0,106,399
01/13/2020,SDL,AZ,AWP,WE,Towers with Radar,0,40,81,3,124,0,1,193,0,194,0,41,274,3,318,247,0,247,565
01/14/2020,SDL,AZ,AWP,WE,Towers with Radar,0,44,99,0,143,0,1,221,3,225,0,45,320,3,368,355,0,355,723
01/15/2020,SDL,AZ,AWP,WE,Towers with Radar,0,85,132,0,217,0,0,215,1,216,0,85,347,1,433,101,0,101,534
01/16/2020,SDL,AZ,AWP,WE,Towers with Radar,0,68,123,0,191,0,3,170,0,173,0,71,293,0,364,217,0,217,581
01/17/2020,SDL,AZ,AWP,WE,Towers with Radar,0,60,145,0,205,0,1,193,0,194,0,61,338,0,399,148,0,148,547
01/18/2020,SDL,AZ,AWP,WE,Towers with Radar,0,66,136,0,202,0,2,162,0,164,0,68,298,0,366,106,0,106,472
01/19/2020,SDL,AZ,AWP,WE,Towers with Radar,1,64,155,0,220,0,7,138,0,145,1,71,293,0,365,95,0,95,460
01/20/2020,SDL,AZ,AWP,WE,Towers with Radar,0,63,140,0,203,0,1,167,0,168,0,64,307,0,371,210,0,210,581
01/21/2020,SDL,AZ,AWP,WE,Towers with Radar,0,38,101,0,139,0,0,36,0,36,0,38,137,0,175,123,0,123,298
01/22/2020,SDL,AZ,AWP,WE,Towers with Radar,0,63,123,2,188,0,3,162,0,165,0,66,285,2,353,345,0,345,698
01/23/2020,SDL,AZ,AWP,WE,Towers with Radar,1,61,112,1,175,0,11,254,0,265,1,72,366,1,440,246,0,246,686
01/24/2020,SDL,AZ,AWP,WE,Towers with Radar,0,47,118,6,171,0,4,213,3,220,0,51,331,9,391,246,2,248,639
01/25/2020,SDL,AZ,AWP,WE,Towers with Radar,0,32,80,0,112,0,4,194,6,204,0,36,274,6,316,180,0,180,496
01/26/2020,SDL,AZ,AWP,WE,Towers with Radar,0,71,114,5,190,3,7,149,2,161,3,78,263,7,351,183,0,183,534
01/27/2020,SDL,AZ,AWP,WE,Towers with Radar,0,54,118,1,173,0,0,170,1,171,0,54,288,2,344,231,0,231,575
01/28/2020,SDL,AZ,AWP,WE,Towers with Radar,0,52,134,0,186,0,5,209,0,214,0,57,343,0,400,265,0,265,665
01/29/2020,SDL,AZ,AWP,WE,Towers with Radar,0,60,120,2,182,0,5,200,2,207,0,65,320,4,389,259,0,259,648
01/30/2020,SDL,AZ,AWP,WE,Towers with Radar,0,75,157,0,232,0,2,206,1,209,0,77,363,1,441,171,0,171,612
01/31/2020,SDL,AZ,AWP,WE,Towers with Radar,2,84,149,1,236,0,0,170,2,172,2,84,319,3,408,100,0,100,508
02/01/2020,SDL,AZ,AWP,CE,Towers with Radar,0,58,114,4,176,0,5,166,6,177,0,63,280,10,353,83,0,83,436
02/02/2020,SDL,AZ,AWP,CE,Towers with Radar,0,87,80,1,168,0,0,120,2,122,0,87,200,3,290,187,0,187,477
02/03/2020,SDL,AZ,AWP,CE,Towers with Radar,0,85,126,0,211,0,6,117,0,123,0,91,243,0,334,263,0,263,597
02/04/2020,SDL,AZ,AWP,CE,Towers with Radar,1,51,88,2,142,0,10,224,1,235,1,61,312,3,377,341,0,341,718
02/05/2020,SDL,AZ,AWP,CE,Towers with Radar,0,51,111,0,162,0,6,234,0,240,0,57,345,0,402,291,0,291,693
02/06/2020,SDL,AZ,AWP,CE,Towers with Radar,0,71,104,0,175,0,3,250,0,253,0,74,354,0,428,244,0,244,672
02/07/2020,SDL,AZ,AWP,CE,Towers with Radar,0,55,109,1,165,0,4,220,1,225,0,59,329,2,390,241,0,241,631
02/08/2020,SDL,AZ,AWP,CE,Towers with Radar,0,46,79,0,125,0,5,188,1,194,0,51,267,1,319,234,0,234,553
02/09/2020,SDL,AZ,AWP,CE,Towers with Radar,0,66,99,1,166,0,8,108,1,117,0,74,207,2,283,191,0,191,474
02/10/2020,SDL,AZ,AWP,CE,Towers with Radar,0,53,87,0,140,0,3,131,0,134,0,56,218,0,274,254,0,254,528
02/11/2020,SDL,AZ,AWP,CE,Towers with Radar,0,57,104,2,163,0,3,105,0,108,0,60,209,2,271,259,0,259,530
02/12/2020,SDL,AZ,AWP,CE,Towers with Radar,0,66,101,2,169,0,3,252,0,255,0,69,353,2,424,210,0,210,634
02/13/2020,SDL,AZ,AWP,CE,Towers with Radar,1,66,125,3,195,0,15,247,0,262,1,81,372,3,457,192,0,192,649
02/14/2020,SDL,AZ,AWP,CE,Towers with Radar,0,70,128,1,199,0,6,272,2,280,0,76,400,3,479,225,0,225,704
02/15/2020,SDL,AZ,AWP,CE,Towers with Radar,0,56,75,1,132,0,6,153,4,163,0,62,228,5,295,304,0,304,599
02/16/2020,SDL,AZ,AWP,CE,Towers with Radar,0,58,100,4,162,0,11,171,7,189,0,69,271,11,351,244,3,247,598
02/17/2020,SDL,AZ,AWP,CE,Towers with Radar,0,78,140,1,219,0,2,202,3,207,0,80,342,4,426,185,0,185,611
02/18/2020,SDL,AZ,AWP,CE,Towers with Radar,0,44,102,1,147,0,0,218,0,218,0,44,320,1,365,334,0,334,699
02/19/2020,SDL,AZ,AWP,CE,Towers with Radar,0,70,121,5,196,0,4,208,1,213,0,74,329,6,409,202,0,202,611
02/20/2020,SDL,AZ,AWP,CE,Towers with Radar,0,74,116,0,190,0,5,213,0,218,0,79,329,0,408,268,0,268,676
02/21/2020,SDL,AZ,AWP,CE,Towers with Radar,0,66,115,0,181,0,6,188,1,195,0,72,303,1,376,166,0,166,542
02/22/2020,SDL,AZ,AWP,CE,Towers with Radar,0,55,82,0,137,0,1,1,0,2,0,56,83,0,139,9,0,9,148
02/23/2020,SDL,AZ,AWP,CE,Towers with Radar,0,85,125,0,210,0,0,152,9,161,0,85,277,9,371,210,0,210,581
02/24/2020,SDL,AZ,AWP,CE,Towers with Radar,0,46,111,2,159,0,0,210,0,210,0,46,321,2,369,300,0,300,669
02/25/2020,SDL,AZ,AWP,CE,Towers with Radar,0,62,83,0,145,0,5,131,0,136,0,67,214,0,281,129,0,129,410
02/26/2020,SDL,AZ,AWP,CE,Towers with Radar,0,52,118,2,172,0,5,234,0,239,0,57,352,2,411,326,0,326,737
02/27/2020,SDL,AZ,AWP,CE,Towers with Radar,0,58,120,2,180,0,9,214,0,223,0,67,334,2,403,311,0,311,714
02/28/2020,SDL,AZ,AWP,CE,Towers with Radar,0,62,103,1,166,0,6,250,0,256,0,68,353,1,422,256,0,256,678
02/29/2020,SDL,AZ,AWP,CE,Towers with Radar,0,56,82,0,138,0,9,211,2,222,0,65,293,2,360,258,0,258,618
03/01/2020,SDL,AZ,AWP,CE,Towers with Radar,0,63,112,2,177,0,3,134,4,141,0,66,246,6,318,155,0,155,473
03/02/2020,SDL,AZ,AWP,CE,Towers with Radar,0,51,82,1,134,0,3,157,0,160,0,54,239,1,294,198,0,198,492
03/03/2020,SDL,AZ,AWP,CE,Towers with Radar,0,68,94,0,162,0,7,232,0,239,0,75,326,0,401,225,0,225,626
03/04/2020,SDL,AZ,AWP,CE,Towers with Radar,0,71,107,0,178,0,2,197,0,199,0,73,304,0,377,125,0,125,502
03/05/2020,SDL,AZ,AWP,CE,Towers with Radar,0,79,105,0,184,0,2,226,0,228,0,81,331,0,412,174,0,174,586
03/06/2020,SDL,AZ,AWP,CE,Towers with Radar,0,69,114,0,183,0,1,160,4,165,0,70,274,4,348,155,0,155,503
03/07/2020,SDL,AZ,AWP,CE,Towers with Radar,0,47,83,0,130,0,8,178,0,186,0,55,261,0,316,132,0,132,448
03/08/2020,SDL,AZ,AWP,CE,Towers with Radar,0,99,118,0,217,0,12,120,0,132,0,111,238,0,349,240,0,240,589
03/09/2020,SDL,AZ,AWP,CE,Towers with Radar,0,59,103,0,162,0,4,211,1,216,0,63,314,1,378,264,0,264,642
03/10/2020,SDL,AZ,AWP,CE,Towers with Radar,0,42,121,2,165,0,0,132,0,132,0,42,253,2,297,347,0,347,644
03/11/2020,SDL,AZ,AWP,CE,Towers with Radar,0,59,120,0,179,0,0,35,0,35,0,59,155,0,214,18,0,18,232
03/12/2020,SDL,AZ,AWP,CE,Towers with Radar,0,59,144,0,203,0,2,67,0,69,0,61,211,0,272,117,0,117,389
03/13/2020,SDL,AZ,AWP,CE,Towers with Radar,0,80,116,0,196,0,1,80,0,81,0,81,196,0,277,154,0,154,431
03/14/2020,SDL,AZ,AWP,CE,Towers with Radar,0,69,104,0,173,0,6,198,0,204,0,75,302,0,377,179,0,179,556
03/15/2020,SDL,AZ,AWP,CE,Towers with Radar,0,94,140,0,234,0,4,161,0,165,0,98,301,0,399,132,0,132,531
03/16/2020,SDL,AZ,AWP,CE,Towers with Radar,0,63,115,0,178,0,2,217,0,219,0,65,332,0,397,244,0,244,641
03/17/2020,SDL,AZ,AWP,CE,Towers with Radar,0,69,111,0,180,0,10,200,2,212,0,79,311,2,392,238,0,238,630
03/18/2020,SDL,AZ,AWP,CE,Towers with Radar,0,52,85,0,137,0,0,58,0,58,0,52,143,0,195,167,0,167,362
03/19/2020,SDL,AZ,AWP,CE,Towers with Radar,0,54,71,0,125,0,14,119,2,135,0,68,190,2,260,262,0,262,522
03/20/2020,SDL,AZ,AWP,CE,Towers with Radar,0,57,71,2,130,0,11,190,2,203,0,68,261,4,333,341,0,341,674
03/21/2020,SDL,AZ,AWP,CE,Towers with Radar,0,50,68,0,118,0,0,138,0,138,0,50,206,0,256,239,0,239,495
03/22/2020,SDL,AZ,AWP,CE,Towers with Radar,0,40,61,0,101,0,10,121,0,131,0,50,182,0,232,294,0,294,526
03/23/2020,SDL,AZ,AWP,CE,Towers with Radar,0,39,34,0,73,0,13,113,2,128,0,52,147,2,201,169,0,169,370
03/24/2020,SDL,AZ,AWP,CE,Towers with Radar,0,37,40,0,77,0,6,162,2,170,0,43,202,2,247,371,0,371,618
03/25/2020,SDL,AZ,AWP,CE,Towers with Radar,0,44,37,0,81,0,3,193,2,198,0,47,230,2,279,323,0,323,602
03/26/2020,SDL,AZ,AWP,CE,Towers with Radar,0,34,37,0,71,0,7,152,0,159,0,41,189,0,230,347,0,347,577
03/27/2020,SDL,AZ,AWP,CE,Towers with Radar,0,37,47,0,84,0,7,100,0,107,0,44,147,0,191,234,0,234,425
03/28/2020,SDL,AZ,AWP,CE,Towers with Radar,0,26,24,0,50,0,9,142,0,151,0,35,166,0,201,310,0,310,511
03/29/2020,SDL,AZ,AWP,CE,Towers with Radar,0,43,40,0,83,0,15,94,0,109,0,58,134,0,192,202,0,202,394
03/30/2020,SDL,AZ,AWP,CE,Towers with Radar,0,24,27,0,51,0,14,140,0,154,0,38,167,0,205,337,0,337,542
03/31/2020,SDL,AZ,AWP,CE,Towers with Radar,0,30,28,0,58,0,5,151,0,156,0,35,179,0,214,324,0,324,538
04/01/2020,SDL,AZ,AWP,CE,Towers with Radar,0,32,34,0,66,0,3,140,0,143,0,35,174,0,209,242,0,242,451
04/02/2020,SDL,AZ,AWP,CE,Towers with Radar,0,27,38,0,65,0,1,137,0,138,0,28,175,0,203,179,0,179,382
04/03/2020,SDL,AZ,AWP,CE,Towers with Radar,0,33,34,0,67,0,3,171,0,174,0,36,205,0,241,172,0,172,413
04/04/2020,SDL,AZ,AWP,CE,Towers with Radar,0,32,37,0,69,0,0,119,0,119,0,32,156,0,188,182,0,182,370
04/05/2020,SDL,AZ,AWP,CE,Towers with Radar,0,25,17,0,42,0,3,93,0,96,0,28,110,0,138,125,0,125,263
04/06/2020,SDL,AZ,AWP,CE,Towers with Radar,0,32,26,0,58,0,3,137,0,140,0,35,163,0,198,313,0,313,511
04/07/2020,SDL,AZ,AWP,CE,Towers with Radar,0,27,26,1,54,0,4,188,1,193,0,31,214,2,247,324,0,324,571
04/08/2020,SDL,AZ,AWP,CE,Towers with Radar,0,18,26,0,44,0,8,133,0,141,0,26,159,0,185,197,0,197,382
04/09/2020,SDL,AZ,AWP,CE,Towers with Radar,0,30,41,0,71,0,10,178,0,188,0,40,219,0,259,431,0,431,690
04/10/2020,SDL,AZ,AWP,CE,Towers with Radar,0,33,40,0,73,0,9,137,0,146,0,42,177,0,219,330,0,330,549
04/11/2020,SDL,AZ,AWP,CE,Towers with Radar,0,27,33,0,60,0,7,79,0,86,0,34,112,0,146,340,0,340,486
04/12/2020,SDL,AZ,AWP,CE,Towers with Radar,0,15,16,0,31,0,7,98,0,105,0,22,114,0,136,289,0,289,425
04/13/2020,SDL,AZ,AWP,CE,Towers with Radar,0,30,41,0,71,0,1,128,0,129,0,31,169,0,200,258,0,258,458
04/14/2020,SDL,AZ,AWP,CE,Towers with Radar,0,39,45,0,84,0,11,163,0,174,0,50,208,0,258,251,0,251,509
04/15/2020,SDL,AZ,AWP,CE,Towers with Radar,0,35,50,0,85,0,5,204,0,209,0,40,254,0,294,358,6,364,658
04/16/2020,SDL,AZ,AWP,CE,Towers with Radar,0,32,48,0,80,0,16,151,0,167,0,48,199,0,247,325,0,325,572
04/17/2020,SDL,AZ,AWP,CE,Towers with Radar,0,43,41,2,86,0,12,144,0,156,0,55,185,2,242,312,0,312,554
04/18/2020,SDL,AZ,AWP,CE,Towers with Radar,0,42,28,1,71,0,22,139,2,163,0,64,167,3,234,276,0,276,510
04/19/2020,SDL,AZ,AWP,CE,Towers with Radar,0,32,45,0,77,0,17,123,0,140,0,49,168,0,217,215,0,215,432
04/20/2020,SDL,AZ,AWP,CE,Towers with Radar,0,44,46,2,92,0,11,130,2,143,0,55,176,4,235,364,0,364,599
04/21/2020,SDL,AZ,AWP,CE,Towers with Radar,0,32,41,1,74,0,10,166,0,176,0,42,207,1,250,323,0,323,573
04/22/2020,SDL,AZ,AWP,CE,Towers with Radar,0,45,52,0,97,2,25,174,0,201,2,70,226,0,298,358,0,358,656
04/23/2020,SDL,AZ,AWP,CE,Towers with Radar,0,26,50,1,77,0,22,187,1,210,0,48,237,2,287,307,0,307,594
04/24/2020,SDL,AZ,AWP,CE,Towers with Radar,0,33,56,0,89,0,5,191,0,196,0,38,247,0,285,354,0,354,639
04/25/2020,SDL,AZ,AWP,CE,Towers with Radar,0,30,45,0,75,0,14,168,0,182,0,44,213,0,257,305,0,305,562
04/26/2020,SDL,AZ,AWP,CE,Towers with Radar,0,34,38,0,72,0,17,102,0,119,0,51,140,0,191,200,0,200,391
04/27/2020,SDL,AZ,AWP,CE,Towers with Radar,0,30,70,0,100,0,7,157,0,164,0,37,227,0,264,294,0,294,558
04/28/2020,SDL,AZ,AWP,CE,Towers with Radar,0,28,56,0,84,0,18,184,0,202,0,46,240,0,286,272,0,272,558
04/29/2020,SDL,AZ,AWP,CE,Towers with Radar,0,38,60,0,98,0,17,200,0,217,0,55,260,0,315,348,0,348,663
04/30/2020,SDL,AZ,AWP,CE,Towers with Radar,0,43,57,0,100,0,14,162,0,176,0,57,219,0,276,337,0,337,613
05/01/2020,SDL,AZ,AWP,CE,Towers with Radar,0,48,63,0,111,0,10,177,0,187,0,58,240,0,298,383,0,383,681
05/02/2020,SDL,AZ,AWP,CE,Towers with Radar,0,34,55,0,89,0,11,139,0,150,0,45,194,0,239,272,0,272,511
05/03/2020,SDL,AZ,AWP,CE,Towers with Radar,0,44,53,0,97,0,14,122,0,136,0,58,175,0,233,253,0,253,486
05/04/2020,SDL,AZ,AWP,CE,Towers with Radar,0,35,64,1,100,0,13,163,0,176,0,48,227,1,276,358,0,358,634
05/05/2020,SDL,AZ,AWP,CE,Towers with Radar,0,23,80,2,105,0,3,130,2,135,0,26,210,4,240,244,0,244,484
05/06/2020,SDL,AZ,AWP,CE,Towers with Radar,0,56,41,1,98,0,5,218,0,223,0,61,259,1,321,326,0,326,647
05/07/2020,SDL,AZ,AWP,CE,Towers with Radar,0,51,79,1,131,0,16,194,0,210,0,67,273,1,341,199,0,199,540
05/08/2020,SDL,AZ,AWP,CE,Towers with Radar,0,56,84,1,141,0,11,156,0,167,0,67,240,1,308,230,0,230,538
05/09/2020,SDL,AZ,AWP,CE,Towers with Radar,0,48,55,0,103,0,18,153,0,171,0,66,208,0,274,206,0,206,480
05/10/2020,SDL,AZ,AWP,CE,Towers with Radar,0,30,48,0,78,0,4,71,0,75,0,34,119,0,153,170,0,170,323
05/11/2020,SDL,AZ,AWP,CE,Towers with Radar,0,51,63,0,114,0,0,148,0,148,0,51,211,0,262,317,0,317,579
05/12/2020,SDL,AZ,AWP,CE,Towers with Radar,0,36,60,0,96,0,13,184,0,197,0,49,244,0,293,305,0,305,598
05/13/2020,SDL,AZ,AWP,CE,Towers with Radar,0,41,75,0,116,0,6,205,0,211,0,47,280,0,327,449,0,449,776
05/14/2020,SDL,AZ,AWP,CE,Towers with Radar,0,61,68,0,129,0,31,194,0,225,0,92,262,0,354,251,0,251,605
05/15/2020,SDL,AZ,AWP,CE,Towers with Radar,0,58,89,0,147,0,10,231,0,241,0,68,320,0,388,213,0,213,601
05/16/2020,SDL,AZ,AWP,CE,Towers with Radar,0,53,83,0,136,0,14,154,0,168,0,67,237,0,304,218,0,218,522
05/17/2020,SDL,AZ,AWP,CE,Towers with Radar,0,49,79,0,128,0,15,117,0,132,0,64,196,0,260,206,0,206,466
05/18/2020,SDL,AZ,AWP,CE,Towers with Radar,0,48,76,0,124,0,11,166,0,177,0,59,242,0,301,301,0,301,602
05/19/2020,SDL,AZ,AWP,CE,Towers with Radar,0,48,79,0,127,0,13,136,0,149,0,61,215,0,276,271,0,271,547
05/20/2020,SDL,AZ,AWP,CE,Towers with Radar,0,61,94,0,155,0,9,213,0,222,0,70,307,0,377,334,0,334,711
05/21/2020,SDL,AZ,AWP,CE,Towers with Radar,0,57,104,0,161,0,12,162,0,174,0,69,266,0,335,291,0,291,626
05/22/2020,SDL,AZ,AWP,CE,Towers with Radar,0,62,122,0,184,0,8,181,0,189,0,70,303,0,373,216,0,216,589
05/23/2020,SDL,AZ,AWP,CE,Towers with Radar,0,50,69,0,119,0,5,153,0,158,0,55,222,0,277,229,0,229,506
05/24/2020,SDL,AZ,AWP,CE,Towers with Radar,0,49,48,0,97,0,6,113,0,119,0,55,161,0,216,146,0,146,362
05/25/2020,SDL,AZ,AWP,CE,Towers with Radar,0,33,95,0,128,0,10,153,0,163,0,43,248,0,291,226,0,226,517
05/26/2020,SDL,AZ,AWP,CE,Towers with Radar,0,51,100,0,151,0,13,163,0,176,0,64,263,0,327,260,0,260,587
05/27/2020,SDL,AZ,AWP,CE,Towers with Radar,0,63,83,0,146,0,9,194,1,204,0,72,277,1,350,288,0,288,638
05/28/2020,SDL,AZ,AWP,CE,Towers with Radar,0,54,100,0,154,0,6,162,0,168,0,60,262,0,322,285,0,285,607
05/29/2020,SDL,AZ,AWP,CE,Towers with Radar,0,51,100,2,153,0,14,169,0,183,0,65,269,2,336,303,0,303,639
05/30/2020,SDL,AZ,AWP,CE,Towers with Radar,0,59,55,0,114,0,18,139,2,159,0,77,194,2,273,159,0,159,432
05/31/2020,SDL,AZ,AWP,CE,Towers with Radar,0,47,98,0,145,0,3,91,0,94,0,50,189,0,239,260,0,260,499
06/01/2020,SDL,AZ,AWP,CE,Towers with Radar,0,67,73,0,140,0,9,141,0,150,0,76,214,0,290,242,0,242,532
06/02/2020,SDL,AZ,AWP,CE,Towers with Radar,0,60,80,0,140,0,14,205,0,219,0,74,285,0,359,248,0,248,607
06/03/2020,SDL,AZ,AWP,CE,Towers with Radar,0,64,96,0,160,0,19,213,0,232,0,83,309,0,392,235,0,235,627
06/04/2020,SDL,AZ,AWP,CE,Towers with Radar,0,63,90,0,153,0,9,186,0,195,0,72,276,0,348,221,0,221,569
06/05/2020,SDL,AZ,AWP,CE,Towers with Radar,0,52,98,0,150,0,7,179,0,186,0,59,277,0,336,256,0,256,592
06/06/2020,SDL,AZ,AWP,CE,Towers with Radar,0,57,54,0,111,0,8,136,0,144,0,65,190,0,255,182,0,182,437
06/07/2020,SDL,AZ,AWP,CE,Towers with Radar,0,37,75,0,112,0,8,132,0,140,0,45,207,0,252,211,0,211,463
06/08/2020,SDL,AZ,AWP,CE,Towers with Radar,0,44,89,0,133,0,13,162,0,175,0,57,251,0,308,195,0,195,503
06/09/2020,SDL,AZ,AWP,CE,Towers with Radar,0,65,73,0,138,0,4,222,0,226,0,69,295,0,364,241,0,241,605
06/10/2020,SDL,AZ,AWP,CE,Towers with Radar,0,48,97,0,145,0,5,212,0,217,0,53,309,0,362,261,0,261,623
06/11/2020,SDL,AZ,AWP,CE,Towers with Radar,0,67,100,0,167,0,6,180,0,186,0,73,280,0,353,277,0,277,630
06/12/2020,SDL,AZ,AWP,CE,Towers with Radar,0,72,107,0,179,0,20,166,0,186,0,92,273,0,365,137,0,137,502
06/13/2020,SDL,AZ,AWP,CE,Towers with Radar,0,62,53,0,115,0,9,99,0,108,0,71,152,0,223,151,0,151,374
06/14/2020,SDL,AZ,AWP,CE,Towers with Radar,0,53,81,0,134,0,6,122,0,128,0,59,203,0,262,189,0,189,451
06/15/2020,SDL,AZ,AWP,CE,Towers with Radar,0,51,73,0,124,0,6,188,0,194,0,57,261,0,318,288,0,288,606
06/16/2020,SDL,AZ,AWP,CE,Towers with Radar,0,46,65,0,111,0,14,198,0,212,0,60,263,0,323,195,0,195,518
06/17/2020,SDL,AZ,AWP,CE,Towers with Radar,0,66,86,0,152,0,8,217,0,225,0,74,303,0,377,340,0,340,717
06/18/2020,SDL,AZ,AWP,CE,Towers with Radar,0,48,89,2,139,0,20,199,0,219,0,68,288,2,358,342,0,342,700
06/19/2020,SDL,AZ,AWP,CE,Towers with Radar,0,43,70,0,113,0,1,193,2,196,0,44,263,2,309,290,0,290,599
06/20/2020,SDL,AZ,AWP,CE,Towers with Radar,0,37,55,0,92,0,11,168,0,179,0,48,223,0,271,300,0,300,571
06/21/2020,SDL,AZ,AWP,CE,Towers with Radar,0,35,71,0,106,0,1,141,0,142,0,36,212,0,248,281,0,281,529
06/22/2020,SDL,AZ,AWP,CE,Towers with Radar,0,50,89,4,143,0,13,142,0,155,0,63,231,4,298,313,0,313,611
06/23/2020,SDL,AZ,AWP,CE,Towers with Radar,0,29,50,0,79,0,6,120,0,126,0,35,170,0,205,269,0,269,474
06/24/2020,SDL,AZ,AWP,CE,Towers with Radar,0,42,88,0,130,0,4,185,0,189,0,46,273,0,319,384,0,384,703
06/25/2020,SDL,AZ,AWP,CE,Towers with Radar,0,48,69,0,117,0,17,146,0,163,0,65,215,0,280,324,0,324,604
06/26/2020,SDL,AZ,AWP,CE,Towers with Radar,0,54,104,0,158,0,8,156,0,164,0,62,260,0,322,252,0,252,574
06/27/2020,SDL,AZ,AWP,CE,Towers with Radar,0,39,51,0,90,0,21,130,0,151,0,60,181,0,241,324,0,324,565
06/28/2020,SDL,AZ,AWP,CE,Towers with Radar,0,48,70,0,118,0,15,83,0,98,0,63,153,0,216,203,0,203,419
06/29/2020,SDL,AZ,AWP,CE,Towers with Radar,0,37,79,0,116,0,3,152,0,155,0,40,231,0,271,317,0,317,588
06/30/2020,SDL,AZ,AWP,CE,Towers with Radar,0,46,75,0,121,0,14,180,0,194,0,60,255,0,315,272,0,272,587
07/01/2020,SDL,AZ,AWP,CE,Towers with Radar,0,35,104,0,139,0,10,172,0,182,0,45,276,0,321,255,0,255,576
07/02/2020,SDL,AZ,AWP,CE,Towers with Radar,0,57,98,1,156,0,19,168,1,188,0,76,266,2,344,202,0,202,546
07/03/2020,SDL,AZ,AWP,CE,Towers with Radar,0,35,59,0,94,0,10,157,0,167,0,45,216,0,261,310,0,310,571
07/04/2020,SDL,AZ,AWP,CE,Towers with Radar,0,34,23,0,57,0,11,77,0,88,0,45,100,0,145,236,0,236,381
07/05/2020,SDL,AZ,AWP,CE,Towers with Radar,0,37,86,0,123,0,7,47,0,54,0,44,133,0,177,201,0,201,378
07/06/2020,SDL,AZ,AWP,CE,Towers with Radar,0,50,93,0,143,0,5,118,0,123,0,55,211,0,266,267,0,267,533
07/07/2020,SDL,AZ,AWP,CE,Towers with Radar,0,54,90,0,144,0,20,125,0,145,0,74,215,0,289,231,0,231,520
07/08/2020,SDL,AZ,AWP,CE,Towers with Radar,0,37,78,0,115,0,16,193,0,209,0,53,271,0,324,242,0,242,566
07/09/2020,SDL,AZ,AWP,CE,Towers with Radar,0,39,60,0,99,0,8,167,1,176,0,47,227,1,275,163,0,163,438
07/10/2020,SDL,AZ,AWP,CE,Towers with Radar,0,45,78,1,124,0,11,154,3,168,0,56,232,4,292,285,0,285,577
07/11/2020,SDL,AZ,AWP,CE,Towers with Radar,0,33,47,0,80,0,7,96,1,104,0,40,143,1,184,161,0,161,345
07/12/2020,SDL,AZ,AWP,CE,Towers with Radar,0,45,73,1,119,0,10,57,0,67,0,55,130,1,186,74,0,74,260
07/13/2020,SDL,AZ,AWP,CE,Towers with Radar,0,32,62,0,94,0,8,117,3,128,0,40,179,3,222,276,0,276,498
07/14/2020,SDL,AZ,AWP,CE,Towers with Radar,0,42,57,0,99,0,11,149,0,160,0,53,206,0,259,289,0,289,548
07/15/2020,SDL,AZ,AWP,CE,Towers with Radar,0,43,78,0,121,0,13,224,0,237,0,56,302,0,358,167,0,167,525
07/16/2020,SDL,AZ,AWP,CE,Towers with Radar,0,41,73,0,114,0,10,144,0,154,0,51,217,0,268,253,0,253,521
07/17/2020,SDL,AZ,AWP,CE,Towers with Radar,0,48,49,0,97,0,11,157,3,171,0,59,206,3,268,274,0,274,542
07/18/2020,SDL,AZ,AWP,CE,Towers with Radar,0,45,43,0,88,0,20,103,1,124,0,65,146,1,212,203,0,203,415
07/19/2020,SDL,AZ,AWP,CE,Towers with Radar,0,50,63,0,113,4,24,66,0,94,4,74,129,0,207,224,0,224,431
07/20/2020,SDL,AZ,AWP,CE,Towers with Radar,0,41,71,0,112,0,18,162,1,181,0,59,233,1,293,391,0,391,684
07/21/2020,SDL,AZ,AWP,CE,Towers with Radar,0,53,54,0,107,0,31,161,0,192,0,84,215,0,299,206,0,206,505
07/22/2020,SDL,AZ,AWP,CE,Towers with Radar,0,38,64,0,102,0,20,173,0,193,0,58,237,0,295,259,0,259,554
07/23/2020,SDL,AZ,AWP,CE,Towers with Radar,0,36,71,4,111,0,7,113,0,120,0,43,184,4,231,200,0,200,431
07/24/2020,SDL,AZ,AWP,CE,Towers with Radar,0,49,76,0,125,0,2,136,0,138,0,51,212,0,263,231,0,231,494
07/25/2020,SDL,AZ,AWP,CE,Towers with Radar,0,39,49,0,88,0,12,116,0,128,0,51,165,0,216,290,0,290,506
07/26/2020,SDL,AZ,AWP,CE,Towers with Radar,0,45,89,0,134,0,14,112,0,126,0,59,201,0,260,194,0,194,454
07/27/2020,SDL,AZ,AWP,CE,Towers with Radar,0,40,53,0,93,0,13,126,0,139,0,53,179,0,232,218,0,218,450
07/28/2020,SDL,AZ,AWP,CE,Towers with Radar,0,37,76,1,114,0,11,153,1,165,0,48,229,2,279,312,0,312,591
07/29/2020,SDL,AZ,AWP,CE,Towers with Radar,0,38,54,0,92,0,11,138,0,149,0,49,192,0,241,320,0,320,561
07/30/2020,SDL,AZ,AWP,CE,Towers with Radar,0,54,71,0,125,0,15,121,0,136,0,69,192,0,261,263,0,263,524
07/31/2020,SDL,AZ,AWP,CE,Towers with Radar,0,42,61,0,103,0,12,153,0,165,0,54,214,0,268,201,0,201,469
08/01/2020,SDL,AZ,AWP,CE,Towers with Radar,0,53,48,0,101,0,14,108,2,124,0,67,156,2,225,211,0,211,436
08/02/2020,SDL,AZ,AWP,CE,Towers with Radar,0,39,70,0,109,0,13,83,3,99,0,52,153,3,208,157,20,177,385
08/03/2020,SDL,AZ,AWP,CE,Towers with Radar,0,32,75,0,107,0,0,136,0,136,0,32,211,0,243,180,0,180,423
08/04/2020,SDL,AZ,AWP,CE,Towers with Radar,0,52,72,0,124,0,26,112,0,138,0,78,184,0,262,230,0,230,492
08/05/2020,SDL,AZ,AWP,CE,Towers with Radar,0,53,66,0,119,0,6,118,0,124,0,59,184,0,243,143,0,143,386
08/06/2020,SDL,AZ,AWP,CE,Towers with Radar,0,41,77,1,119,0,11,143,0,154,0,52,220,1,273,234,0,234,507
08/07/2020,SDL,AZ,AWP,CE,Towers with Radar,0,46,89,2,137,0,12,124,0,136,0,58,213,2,273,177,0,177,450
08/08/2020,SDL,AZ,AWP,CE,Towers with Radar,0,47,54,0,101,0,21,118,0,139,0,68,172,0,240,204,0,204,444
08/09/2020,SDL,AZ,AWP,CE,Towers with Radar,0,57,80,0,137,0,15,77,0,92,0,72,157,0,229,100,0,100,329
08/10/2020,SDL,AZ,AWP,CE,Towers with Radar,0,48,78,0,126,0,3,115,0,118,0,51,193,0,244,197,0,197,441
08/11/2020,SDL,AZ,AWP,CE,Towers with Radar,0,28,62,0,90,0,9,138,0,147,0,37,200,0,237,197,0,197,434
08/12/2020,SDL,AZ,AWP,CE,Towers with Radar,0,36,64,0,100,0,21,164,0,185,0,57,228,0,285,286,0,286,571
08/13/2020,SDL,AZ,AWP,CE,Towers with Radar,0,60,78,0,138,0,9,138,0,147,0,69,216,0,285,273,0,273,558
08/14/2020,SDL,AZ,AWP,CE,Towers with Radar,0,42,79,0,121,0,10,134,0,144,0,52,213,0,265,223,0,223,488
08/15/2020,SDL,AZ,AWP,CE,Towers with Radar,0,48,55,0,103,0,12,109,1,122,0,60,164,1,225,234,0,234,459
08/16/2020,SDL,AZ,AWP,CE,Towers with Radar,0,48,84,0,132,0,15,69,1,85,0,63,153,1,217,153,0,153,370
08/17/2020,SDL,AZ,AWP,CE,Towers with Radar,0,46,66,0,112,0,19,120,0,139,0,65,186,0,251,220,0,220,471
08/18/2020,SDL,AZ,AWP,CE,Towers with Radar,0,45,47,0,92,0,9,144,2,155,0,54,191,2,247,236,0,236,483
08/19/2020,SDL,AZ,AWP,CE,Towers with Radar,0,52,77,0,129,0,12,146,0,158,0,64,223,0,287,275,0,275,562
08/20/2020,SDL,AZ,AWP,CE,Towers with Radar,0,49,85,0,134,0,17,127,0,144,0,66,212,0,278,191,0,191,469
08/21/2020,SDL,AZ,AWP,CE,Towers with Radar,0,47,67,0,114,0,10,157,0,167,0,57,224,0,281,151,0,151,432
08/22/2020,SDL,AZ,AWP,CE,Towers with Radar,0,42,41,0,83,0,18,158,0,176,0,60,199,0,259,243,0,243,502
08/23/2020,SDL,AZ,AWP,CE,Towers with Radar,0,56,73,0,129,0,8,97,0,105,0,64,170,0,234,113,0,113,347
08/24/2020,SDL,AZ,AWP,CE,Towers with Radar,0,49,72,0,121,0,16,145,0,161,0,65,217,0,282,200,0,200,482
08/25/2020,SDL,AZ,AWP,CE,Towers with Radar,0,62,50,1,113,0,10,148,1,159,0,72,198,2,272,287,0,287,559
08/26/2020,SDL,AZ,AWP,CE,Towers with Radar,0,41,103,0,144,0,6,146,0,152,0,47,249,0,296,278,0,278,574
08/27/2020,SDL,AZ,AWP,CE,Towers with Radar,0,52,72,2,126,0,22,122,0,144,0,74,194,2,270,226,0,226,496
08/28/2020,SDL,AZ,AWP,CE,Towers with Radar,0,34,78,0,112,0,9,137,0,146,0,43,215,0,258,184,0,184,442
08/29/2020,SDL,AZ,AWP,CE,Towers with Radar,0,44,53,0,97,0,4,129,0,133,0,48,182,0,230,181,0,181,411
08/30/2020,SDL,AZ,AWP,CE,Towers with Radar,0,50,67,0,117,0,7,85,0,92,0,57,152,0,209,173,0,173,382
08/31/2020,SDL,AZ,AWP,CE,Towers with Radar,0,46,62,2,110,0,14,122,0,136,0,60,184,2,246,292,0,292,538
09/01/2020,SDL,AZ,AWP,CE,Towers with Radar,0,42,70,0,112,0,23,130,0,153,0,65,200,0,265,284,0,284,549
09/02/2020,SDL,AZ,AWP,CE,Towers with Radar,0,75,82,0,157,0,11,151,0,162,0,86,233,0,319,288,0,288,607
09/03/2020,SDL,AZ,AWP,CE,Towers with Radar,0,65,102,0,167,0,14,179,0,193,0,79,281,0,360,268,0,268,628
09/04/2020,SDL,AZ,AWP,CE,Towers with Radar,0,53,95,0,148,0,13,176,0,189,0,66,271,0,337,200,0,200,537
09/05/2020,SDL,AZ,AWP,CE,Towers with Radar,0,42,32,0,74,0,8,90,0,98,0,50,122,0,172,163,0,163,335
09/06/2020,SDL,AZ,AWP,CE,Towers with Radar,0,34,29,0,63,0,5,77,0,82,0,39,106,0,145,131,0,131,276
09/07/2020,SDL,AZ,AWP,CE,Towers with Radar,0,62,89,0,151,0,6,140,0,146,0,68,229,0,297,290,0,290,587
09/08/2020,SDL,AZ,AWP,CE,Towers with Radar,0,59,100,0,159,0,17,111,0,128,0,76,211,0,287,263,0,263,550
09/09/2020,SDL,AZ,AWP,CE,Towers with Radar,0,55,89,1,145,0,16,206,0,222,0,71,295,1,367,235,0,235,602
09/10/2020,SDL,AZ,AWP,CE,Towers with Radar,0,62,69,0,131,0,19,202,0,221,0,81,271,0,352,245,0,245,597
09/11/2020,SDL,AZ,AWP,CE,Towers with Radar,0,39,65,0,104,0,7,141,0,148,0,46,206,0,252,349,0,349,601
09/12/2020,SDL,AZ,AWP,CE,Towers with Radar,0,49,75,0,124,0,27,149,0,176,0,76,224,0,300,285,0,285,585
09/13/2020,SDL,AZ,AWP,CE,Towers with Radar,0,68,89,0,157,0,13,90,0,103,0,81,179,0,260,165,0,165,425
09/14/2020,SDL,AZ,AWP,CE,Towers with Radar,0,71,93,0,164,0,8,105,0,113,0,79,198,0,277,173,0,173,450
09/15/2020,SDL,AZ,AWP,CE,Towers with Radar,0,56,73,0,129,0,19,215,0,234,0,75,288,0,363,366,0,366,729
09/16/2020,SDL,AZ,AWP,CE,Towers with Radar,0,45,82,2,129,0,21,172,0,193,0,66,254,2,322,302,0,302,624
09/17/2020,SDL,AZ,AWP,CE,Towers with Radar,0,50,79,0,129,0,15,155,0,170,0,65,234,0,299,288,0,288,587
09/18/2020,SDL,AZ,AWP,CE,Towers with Radar,0,59,83,0,142,0,11,199,0,210,0,70,282,0,352,196,0,196,548
09/19/2020,SDL,AZ,AWP,CE,Towers with Radar,0,41,57,0,98,0,6,128,0,134,0,47,185,0,232,205,0,205,437
09/20/2020,SDL,AZ,AWP,CE,Towers with Radar,0,61,74,0,135,0,8,107,0,115,0,69,181,0,250,134,0,134,384
09/21/2020,SDL,AZ,AWP,CE,Towers with Radar,0,58,98,0,156,0,13,133,0,146,0,71,231,0,302,278,0,278,580
09/22/2020,SDL,AZ,AWP,CE,Towers with Radar,0,59,78,0,137,0,7,159,1,167,0,66,237,1,304,229,1,230,534
09/23/2020,SDL,AZ,AWP,CE,Towers with Radar,0,56,121,0,177,0,9,153,1,163,0,65,274,1,340,224,1,225,565
09/24/2020,SDL,AZ,AWP,CE,Towers with Radar,0,84,97,0,181,0,16,181,1,198,0,100,278,1,379,191,2,193,572
09/25/2020,SDL,AZ,AWP,CE,Towers with Radar,0,48,104,0,152,0,13,178,0,191,0,61,282,0,343,257,2,259,602
09/26/2020,SDL,AZ,AWP,CE,Towers with Radar,0,47,61,0,108,0,25,127,0,152,0,72,188,0,260,158,0,158,418
09/27/2020,SDL,AZ,AWP,CE,Towers with Radar,0,46,93,0,139,0,13,107,0,120,0,59,200,0,259,190,0,190,449
09/28/2020,SDL,AZ,AWP,CE,Towers with Radar,0,45,76,0,121,0,8,166,0,174,0,53,242,0,295,285,0,285,580
09/29/2020,SDL,AZ,AWP,CE,Towers with Radar,0,59,52,0,111,0,8,154,0,162,0,67,206,0,273,277,0,277,550
09/30/2020,SDL,AZ,AWP,CE,Towers with Radar,0,47,92,0,139,0,12,172,0,184,0,59,264,0,323,189,0,189,512
10/01/2020,SDL,AZ,AWP,CE,Towers with Radar,0,61,97,0,158,0,16,143,0,159,0,77,240,0,317,299,0,299,616
10/02/2020,SDL,AZ,AWP,CE,Towers with Radar,0,52,89,1,142,0,5,172,0,177,0,57,261,1,319,257,0,257,576
10/03/2020,SDL,AZ,AWP,CE,Towers with Radar,0,61,69,1,131,0,18,118,0,136,0,79,187,1,267,164,0,164,431
10/04/2020,SDL,AZ,AWP,CE,Towers with Radar,0,74,98,0,172,0,12,119,0,131,0,86,217,0,303,197,0,197,500
10/05/2020,SDL,AZ,AWP,CE,Towers with Radar,0,50,88,0,138,0,11,132,0,143,0,61,220,0,281,302,0,302,583
10/06/2020,SDL,AZ,AWP,CE,Towers with Radar,0,55,77,1,133,0,8,175,0,183,0,63,252,1,316,328,0,328,644
10/07/2020,SDL,AZ,AWP,CE,Towers with Radar,0,72,81,0,153,0,19,192,0,211,0,91,273,0,364,263,0,263,627
10/08/2020,SDL,AZ,AWP,CE,Towers with Radar,0,73,89,0,162,0,6,172,0,178,0,79,261,0,340,285,0,285,625
10/09/2020,SDL,AZ,AWP,CE,Towers with Radar,0,67,115,0,182,0,5,157,0,162,0,72,272,0,344,252,0,252,596
10/10/2020,SDL,AZ,AWP,CE,Towers with Radar,0,70,76,0,146,0,10,149,0,159,0,80,225,0,305,222,0,222,527
10/11/2020,SDL,AZ,AWP,CE,Towers with Radar,0,86,97,0,183,0,11,112,0,123,0,97,209,0,306,203,0,203,509
10/12/2020,SDL,AZ,AWP,CE,Towers with Radar,0,63,88,0,151,0,7,137,0,144,0,70,225,0,295,291,0,291,586
10/13/2020,SDL,AZ,AWP,CE,Towers with Radar,0,61,86,2,149,0,13,158,0,171,0,74,244,2,320,339,0,339,659
10/14/2020,SDL,AZ,AWP,CE,Towers with Radar,0,61,90,1,152,0,13,172,0,185,0,74,262,1,337,258,0,258,595
10/15/2020,SDL,AZ,AWP,CE,Towers with Radar,0,85,118,1,204,0,14,148,0,162,0,99,266,1,366,315,0,315,681
10/16/2020,SDL,AZ,AWP,CE,Towers with Radar,1,79,105,2,187,0,8,150,0,158,1,87,255,2,345,290,0,290,635
10/17/2020,SDL,AZ,AWP,CE,Towers with Radar,0,56,60,0,116,0,17,151,0,168,0,73,211,0,284,147,0,147,431
10/18/2020,SDL,AZ,AWP,CE,Towers with Radar,0,88,128,1,217,0,12,111,0,123,0,100,239,1,340,95,0,95,435
10/19/2020,SDL,AZ,AWP,CE,Towers with Radar,0,91,102,4,197,0,9,67,0,76,0,100,169,4,273,147,0,147,420
10/20/2020,SDL,AZ,AWP,CE,Towers with Radar,0,66,118,0,184,0,10,194,0,204,0,76,312,0,388,334,0,334,722
10/21/2020,SDL,AZ,AWP,CE,Towers with Radar,0,71,109,0,180,0,12,195,0,207,0,83,304,0,387,269,0,269,656
10/22/2020,SDL,AZ,AWP,CE,Towers with Radar,0,78,123,0,201,0,25,207,0,232,0,103,330,0,433,303,0,303,736
10/23/2020,SDL,AZ,AWP,CE,Towers with Radar,0,67,124,2,193,0,13,202,0,215,0,80,326,2,408,178,0,178,586
10/24/2020,SDL,AZ,AWP,CE,Towers with Radar,0,68,65,0,133,0,9,143,1,153,0,77,208,1,286,164,0,164,450
10/25/2020,SDL,AZ,AWP,CE,Towers with Radar,0,83,113,1,197,0,4,78,0,82,0,87,191,1,279,164,0,164,443
10/26/2020,SDL,AZ,AWP,CE,Towers with Radar,0,57,89,0,146,0,12,86,4,102,0,69,175,4,248,188,26,214,462
10/27/2020,SDL,AZ,AWP,CE,Towers with Radar,0,60,89,0,149,0,9,141,0,150,0,69,230,0,299,327,0,327,626
10/28/2020,SDL,AZ,AWP,CE,Towers with Radar,0,57,79,0,136,0,11,106,0,117,0,68,185,0,253,218,0,218,471
10/29/2020,SDL,AZ,AWP,CE,Towers with Radar,0,62,112,0,174,0,17,142,0,159,0,79,254,0,333,240,0,240,573
10/30/2020,SDL,AZ,AWP,CE,Towers with Radar,0,83,93,0,176,0,9,149,0,158,0,92,242,0,334,233,0,233,567
10/31/2020,SDL,AZ,AWP,CE,Towers with Radar,0,44,66,0,110,0,3,114,0,117,0,47,180,0,227,250,0,250,477
11/01/2020,SDL,AZ,AWP,CE,Towers with Radar,0,61,100,0,161,0,2,89,0,91,0,63,189,0,252,121,0,121,373
11/02/2020,SDL,AZ,AWP,CE,Towers with Radar,0,55,72,0,127,0,16,127,1,144,0,71,199,1,271,203,0,203,474
11/03/2020,SDL,AZ,AWP,CE,Towers with Radar,0,62,72,0,134,0,13,153,3,169,0,75,225,3,303,269,0,269,572
11/04/2020,SDL,AZ,AWP,CE,Towers with Radar,0,67,117,0,184,0,6,175,0,181,0,73,292,0,365,195,0,195,560
11/05/2020,SDL,AZ,AWP,CE,Towers with Radar,0,63,129,0,192,2,16,180,0,198,2,79,309,0,390,210,0,210,600
11/06/2020,SDL,AZ,AWP,CE,Towers with Radar,0,76,120,0,196,0,4,133,0,137,0,80,253,0,333,244,0,244,577
11/07/2020,SDL,AZ,AWP,CE,Towers with Radar,0,48,68,0,116,0,5,89,0,94,0,53,157,0,210,166,0,166,376
11/08/2020,SDL,AZ,AWP,CE,Towers with Radar,0,69,103,0,172,0,6,80,0,86,0,75,183,0,258,111,0,111,369
11/09/2020,SDL,AZ,AWP,CE,Towers with Radar,0,59,93,0,152,0,9,156,0,165,0,68,249,0,317,367,0,367,684
11/10/2020,SDL,AZ,AWP,CE,Towers with Radar,0,63,73,0,136,0,10,212,0,222,0,73,285,0,358,310,0,310,668
11/11/2020,SDL,AZ,AWP,CE,Towers with Radar,0,75,96,1,172,0,8,197,0,205,0,83,293,1,377,200,0,200,577
11/12/2020,SDL,AZ,AWP,CE,Towers with Radar,0,72,114,3,189,0,7,220,0,227,0,79,334,3,416,181,0,181,597
11/13/2020,SDL,AZ,AWP,CE,Towers with Radar,0,61,114,1,176,0,5,212,0,217,0,66,326,1,393,182,0,182,575
11/14/2020,SDL,AZ,AWP,CE,Towers with Radar,0,55,76,1,132,0,24,171,0,195,0,79,247,1,327,237,0,237,564
11/15/2020,SDL,AZ,AWP,CE,Towers with Radar,1,87,135,0,223,0,5,124,0,129,1,92,259,0,352,99,0,99,451
11/16/2020,SDL,AZ,AWP,CE,Towers with Radar,0,61,107,0,168,0,7,174,0,181,0,68,281,0,349,274,0,274,623
11/17/2020,SDL,AZ,AWP,CE,Towers with Radar,0,53,88,2,143,0,7,179,0,186,0,60,267,2,329,389,0,389,718
11/18/2020,SDL,AZ,AWP,CE,Towers with Radar,0,81,105,0,186,0,13,197,0,210,0,94,302,0,396,288,0,288,684
11/19/2020,SDL,AZ,AWP,CE,Towers with Radar,0,70,94,0,164,0,7,197,0,204,0,77,291,0,368,263,1,264,632
11/20/2020,SDL,AZ,AWP,CE,Towers with Radar,0,78,145,0,223,0,4,186,0,190,0,82,331,0,413,223,0,223,636
11/21/2020,SDL,AZ,AWP,CE,Towers with Radar,0,78,110,0,188,0,4,186,2,192,0,82,296,2,380,163,0,163,543
11/22/2020,SDL,AZ,AWP,CE,Towers with Radar,0,86,129,0,215,0,6,140,2,148,0,92,269,2,363,231,0,231,594
11/23/2020,SDL,AZ,AWP,CE,Towers with Radar,0,64,101,0,165,0,19,163,0,182,0,83,264,0,347,251,0,251,598
11/24/2020,SDL,AZ,AWP,CE,Towers with Radar,0,81,117,0,198,0,7,203,0,210,0,88,320,0,408,250,0,250,658
11/25/2020,SDL,AZ,AWP,CE,Towers with Radar,1,65,113,0,179,0,6,189,0,195,1,71,302,0,374,214,0,214,588
11/26/2020,SDL,AZ,AWP,CE,Towers with Radar,0,33,18,0,51,0,0,45,0,45,0,33,63,0,96,158,0,158,254
11/27/2020,SDL,AZ,AWP,CE,Towers with Radar,0,56,86,0,142,0,1,138,0,139,0,57,224,0,281,116,0,116,397
11/28/2020,SDL,AZ,AWP,CE,Towers with Radar,0,86,87,0,173,0,2,137,0,139,0,88,224,0,312,210,0,210,522
11/29/2020,SDL,AZ,AWP,CE,Towers with Radar,0,101,156,0,257,0,6,108,0,114,0,107,264,0,371,106,0,106,477
11/30/2020,SDL,AZ,AWP,CE,Towers with Radar,1,62,112,2,177,0,8,168,0,176,1,70,280,2,353,264,0,264,617
12/01/2020,SDL,AZ,AWP,CE,Towers with Radar,0,65,92,0,157,0,3,195,2,200,0,68,287,2,357,182,0,182,539
12/02/2020,SDL,AZ,AWP,CE,Towers with Radar,0,57,91,0,148,0,5,170,1,176,0,62,261,1,324,166,0,166,490
12/03/2020,SDL,AZ,AWP,CE,Towers with Radar,0,53,79,0,132,0,6,148,2,156,0,59,227,2,288,235,0,235,523
12/04/2020,SDL,AZ,AWP,CE,Towers with Radar,0,61,87,1,149,0,6,212,0,218,0,67,299,1,367,266,0,266,633
12/05/2020,SDL,AZ,AWP,CE,Towers with Radar,0,68,58,1,127,0,24,152,0,176,0,92,210,1,303,233,0,233,536
12/06/2020,SDL,AZ,AWP,CE,Towers with Radar,0,74,114,2,190,0,0,136,1,137,0,74,250,3,327,149,0,149,476
12/07/2020,SDL,AZ,AWP,CE,Towers with Radar,0,53,82,1,136,0,5,110,0,115,0,58,192,1,251,174,0,174,425
12/08/2020,SDL,AZ,AWP,CE,Towers with Radar,0,51,81,0,132,0,5,192,1,198,0,56,273,1,330,143,1,144,474
12/09/2020,SDL,AZ,AWP,CE,Towers with Radar,0,57,133,0,190,0,4,223,0,227,0,61,356,0,417,199,0,199,616
12/10/2020,SDL,AZ,AWP,CE,Towers with Radar,0,62,139,0,201,0,2,49,0,51,0,64,188,0,252,63,0,63,315
12/11/2020,SDL,AZ,AWP,CE,Towers with Radar,0,66,83,2,151,0,5,187,0,192,0,71,270,2,343,209,0,209,552
12/12/2020,SDL,AZ,AWP,CE,Towers with Radar,0,58,61,1,120,0,2,194,0,196,0,60,255,1,316,233,0,233,549
12/13/2020,SDL,AZ,AWP,CE,Towers with Radar,1,65,98,0,164,0,1,153,0,154,1,66,251,0,318,170,0,170,488
12/14/2020,SDL,AZ,AWP,CE,Towers with Radar,0,60,78,1,139,0,7,217,0,224,0,67,295,1,363,214,0,214,577
12/15/2020,SDL,AZ,AWP,CE,Towers with Radar,0,45,74,0,119,0,6,200,0,206,0,51,274,0,325,330,0,330,655
12/16/2020,SDL,AZ,AWP,CE,Towers with Radar,0,55,98,0,153,0,6,269,0,275,0,61,367,0,428,285,0,285,713
12/17/2020,SDL,AZ,AWP,CE,Towers with Radar,0,83,92,0,175,0,10,220,0,230,0,93,312,0,405,252,0,252,657
12/18/2020,SDL,AZ,AWP,CE,Towers with Radar,0,77,134,0,211,0,3,210,0,213,0,80,344,0,424,190,0,190,614
12/19/2020,SDL,AZ,AWP,CE,Towers with Radar,0,62,103,0,165,0,13,151,0,164,0,75,254,0,329,282,0,282,611
12/20/2020,SDL,AZ,AWP,CE,Towers with Radar,0,84,109,0,193,0,5,143,0,148,0,89,252,0,341,129,0,129,470
12/21/2020,SDL,AZ,AWP,CE,Towers with Radar,0,73,93,0,166,0,6,177,0,183,0,79,270,0,349,162,0,162,511
12/22/2020,SDL,AZ,AWP,CE,Towers with Radar,0,64,73,0,137,0,4,200,0,204,0,68,273,0,341,150,0,150,491
12/23/2020,SDL,AZ,AWP,CE,Towers with Radar,0,85,106,0,191,0,2,146,0,148,0,87,252,0,339,162,0,162,501
12/24/2020,SDL,AZ,AWP,CE,Towers with Radar,0,43,51,0,94,0,5,97,0,102,0,48,148,0,196,121,0,121,317
12/25/2020,SDL,AZ,AWP,CE,Towers with Radar,0,46,24,0,70,0,0,23,0,23,0,46,47,0,93,20,0,20,113
12/26/2020,SDL,AZ,AWP,CE,Towers with Radar,0,110,123,0,233,0,0,139,0,139,0,110,262,0,372,60,0,60,432
12/27/2020,SDL,AZ,AWP,CE,Towers with Radar,0,91,128,0,219,0,3,124,0,127,0,94,252,0,346,136,0,136,482
12/28/2020,SDL,AZ,AWP,CE,Towers with Radar,0,76,142,0,218,0,2,121,0,123,0,78,263,0,341,99,0,99,440
12/29/2020,SDL,AZ,AWP,CE,Towers with Radar,0,87,122,0,209,0,0,159,0,159,0,87,281,0,368,175,0,175,543
12/30/2020,SDL,AZ,AWP,CE,Towers with Radar,0,97,133,0,230,0,3,210,0,213,0,100,343,0,443,84,0,84,527
12/31/2020,SDL,AZ,AWP,CE,Towers with Radar,0,59,74,0,133,0,1,168,0,169,0,60,242,0,302,142,0,142,444
01/01/2021,SDL,AZ,AWP,CE,Towers with Radar,0,57,72,1,130,0,1,64,0,65,0,58,136,1,195,97,0,97,292
01/02/2021,SDL,AZ,AWP,CE,Towers with Radar,0,102,138,0,240,0,2,191,0,193,0,104,329,0,433,110,0,110,543
01/03/2021,SDL,AZ,AWP,CE,Towers with Radar,2,95,157,0,254,0,2,115,0,117,2,97,272,0,371,85,0,85,456
01/04/2021,SDL,AZ,AWP,CE,Towers with Radar,0,75,103,0,178,0,3,150,0,153,0,78,253,0,331,161,0,161,492
01/05/2021,SDL,AZ,AWP,CE,Towers with Radar,0,73,68,0,141,0,10,170,0,180,0,83,238,0,321,198,0,198,519
01/06/2021,SDL,AZ,AWP,CE,Towers with Radar,0,58,81,0,139,0,2,234,0,236,0,60,315,0,375,254,0,254,629
01/07/2021,SDL,AZ,AWP,CE,Towers with Radar,0,72,76,2,150,0,14,197,1,212,0,86,273,3,362,247,0,247,609
01/08/2021,SDL,AZ,AWP,CE,Towers with Radar,0,69,117,0,186,0,6,213,0,219,0,75,330,0,405,233,0,233,638
01/09/2021,SDL,AZ,AWP,CE,Towers with Radar,0,63,72,0,135,0,4,160,0,164,0,67,232,0,299,195,0,195,494
01/10/2021,SDL,AZ,AWP,CE,Towers with Radar,0,66,108,0,174,0,7,126,0,133,0,73,234,0,307,166,0,166,473
01/11/2021,SDL,AZ,AWP,CE,Towers with Radar,0,48,102,0,150,0,5,126,0,131,0,53,228,0,281,142,0,142,423
01/12/2021,SDL,AZ,AWP,CE,Towers with Radar,0,46,86,0,132,0,5,187,0,192,0,51,273,0,324,235,0,235,559
01/13/2021,SDL,AZ,AWP,CE,Towers with Radar,0,66,78,0,144,0,22,192,2,216,0,88,270,2,360,209,0,209,569
01/14/2021,SDL,AZ,AWP,CE,Towers with Radar,0,75,133,0,208,0,5,202,0,207,0,80,335,0,415,135,0,135,550
01/15/2021,SDL,AZ,AWP,CE,Towers with Radar,0,73,117,0,190,0,4,166,0,170,0,77,283,0,360,168,0,168,528
01/16/2021,SDL,AZ,AWP,CE,Towers with Radar,0,65,67,0,132,0,0,186,0,186,0,65,253,0,318,208,0,208,526
01/17/2021,SDL,AZ,AWP,CE,Towers with Radar,0,73,109,0,182,0,5,148,0,153,0,78,257,0,335,166,0,166,501
01/18/2021,SDL,AZ,AWP,CE,Towers with Radar,0,59,124,2,185,0,8,190,0,198,0,67,314,2,383,185,0,185,568
01/19/2021,SDL,AZ,AWP,CE,Towers with Radar,0,54,77,0,131,0,2,132,0,134,0,56,209,0,265,250,0,250,515
01/20/2021,SDL,AZ,AWP,CE,Towers with Radar,0,61,96,3,160,0,4,174,0,178,0,65,270,3,338,198,0,198,536
01/21/2021,SDL,AZ,AWP,CE,Towers with Radar,0,57,99,0,156,0,3,151,0,154,0,60,250,0,310,287,0,287,597
01/22/2021,SDL,AZ,AWP,CE,Towers with Radar,0,62,126,2,190,0,3,138,0,141,0,65,264,2,331,275,0,275,606
01/23/2021,SDL,AZ,AWP,CE,Towers with Radar,0,51,74,0,125,0,2,82,4,88,0,53,156,4,213,180,0,180,393
01/24/2021,SDL,AZ,AWP,CE,Towers with Radar,0,63,111,0,174,0,0,16,1,17,0,63,127,1,191,37,0,37,228
01/25/2021,SDL,AZ,AWP,CE,Towers with Radar,0,68,78,0,146,0,1,21,0,22,0,69,99,0,168,5,0,5,173
01/26/2021,SDL,AZ,AWP,CE,Towers with Radar,0,53,86,0,139,0,3,98,2,103,0,56,184,2,242,233,0,233,475
01/27/2021,SDL,AZ,AWP,CE,Towers with Radar,0,73,91,4,168,0,6,211,4,221,0,79,302,8,389,214,1,215,604
01/28/2021,SDL,AZ,AWP,CE,Towers with Radar,0,84,110,0,194,0,9,214,0,223,0,93,324,0,417,189,0,189,606
01/29/2021,SDL,AZ,AWP,CE,Towers with Radar,0,69,107,2,178,0,5,107,0,112,0,74,214,2,290,151,0,151,441
01/30/2021,SDL,AZ,AWP,CE,Towers with Radar,0,61,72,0,133,0,5,242,0,247,0,66,314,0,380,264,0,264,644
01/31/2021,SDL,AZ,AWP,CE,Towers with Radar,0,76,113,0,189,0,4,187,0,191,0,80,300,0,380,148,0,148,528
02/01/2021,SDL,AZ,AWP,CE,Towers with Radar,0,70,93,0,163,0,52,146,0,198,0,122,239,0,361,242,0,242,603
02/02/2021,SDL,AZ,AWP,CE,Towers with Radar,0,65,77,0,142,0,77,195,0,272,0,142,272,0,414,260,0,260,674
02/03/2021,SDL,AZ,AWP,CE,Towers with Radar,0,62,97,0,159,0,54,168,0,222,0,116,265,0,381,230,0,230,611
02/04/2021,SDL,AZ,AWP,CE,Towers with Radar,0,79,127,0,206,0,39,169,0,208,0,118,296,0,414,93,0,93,507
02/05/2021,SDL,AZ,AWP,CE,Towers with Radar,0,65,117,0,182,0,46,219,0,265,0,111,336,0,447,88,0,88,535
02/06/2021,SDL,AZ,AWP,CE,Towers with Radar,0,58,73,0,131,0,43,141,0,184,0,101,214,0,315,174,0,174,489
02/07/2021,SDL,AZ,AWP,CE,Towers with Radar,0,64,113,0,177,0,26,111,0,137,0,90,224,0,314,90,0,90,404
02/08/2021,SDL,AZ,AWP,CE,Towers with Radar,0,73,128,0,201,0,61,130,0,191,0,134,258,0,392,145,0,145,537
02/09/2021,SDL,AZ,AWP,CE,Towers with Radar,0,67,77,0,144,0,71,184,0,255,0,138,261,0,399,209,0,209,608
02/10/2021,SDL,AZ,AWP,CE,Towers with Radar,0,90,127,0,217,0,61,187,0,248,0,151,314,0,465,219,0,219,684
02/11/2021,SDL,AZ,AWP,CE,Towers with Radar,0,108,153,0,261,0,47,191,0,238,0,155,344,0,499,97,0,97,596
02/12/2021,SDL,AZ,AWP,CE,Towers with Radar,0,93,135,0,228,0,60,190,0,250,0,153,325,0,478,134,0,134,612
02/13/2021,SDL,AZ,AWP,CE,Towers with Radar,0,65,92,0,157,0,32,127,0,159,0,97,219,0,316,149,0,149,465
02/14/2021,SDL,AZ,AWP,CE,Towers with Radar,0,82,87,1,170,0,22,127,0,149,0,104,214,1,319,141,0,141,460
02/15/2021,SDL,AZ,AWP,CE,Towers with Radar,0,108,162,2,272,0,50,136,0,186,0,158,298,2,458,134,0,134,592
02/16/2021,SDL,AZ,AWP,CE,Towers with Radar,0,74,131,1,206,0,40,120,2,162,0,114,251,3,368,118,0,118,486
02/17/2021,SDL,AZ,AWP,CE,Towers with Radar,0,77,129,0,206,0,48,125,0,173,0,125,254,0,379,131,0,131,510
02/18/2021,SDL,AZ,AWP,CE,Towers with Radar,0,83,151,0,234,0,49,163,1,213,0,132,314,1,447,114,0,114,561
02/19/2021,SDL,AZ,AWP,CE,Towers with Radar,0,84,130,0,214,0,53,181,0,234,0,137,311,0,448,170,0,170,618
02/20/2021,SDL,AZ,AWP,CE,Towers with Radar,0,80,95,0,175,0,36,94,2,132,0,116,189,2,307,111,0,111,418
02/21/2021,SDL,AZ,AWP,CE,Towers with Radar,0,106,163,0,269,0,35,143,0,178,0,141,306,0,447,108,0,108,555
02/22/2021,SDL,AZ,AWP,CE,Towers with Radar,0,69,125,0,194,0,75,113,0,188,0,144,238,0,382,204,0,204,586
02/23/2021,SDL,AZ,AWP,CE,Towers with Radar,0,68,109,0,177,0,46,156,0,202,0,114,265,0,379,156,0,156,535
02/24/2021,SDL,AZ,AWP,CE,Towers with Radar,0,72,142,0,214,0,72,135,0,207,0,144,277,0,421,168,0,168,589
02/25/2021,SDL,AZ,AWP,CE,Towers with Radar,0,84,138,0,222,0,39,147,0,186,0,123,285,0,408,152,0,152,560
02/26/2021,SDL,AZ,AWP,CE,Towers with Radar,0,82,120,2,204,0,40,187,0,227,0,122,307,2,431,151,0,151,582
02/27/2021,SDL,AZ,AWP,CE,Towers with Radar,0,73,74,0,147,0,36,177,0,213,0,109,251,0,360,185,0,185,545
02/28/2021,SDL,AZ,AWP,CE,Towers with Radar,0,97,145,0,242,0,10,81,0,91,0,107,226,0,333,47,0,47,380
03/01/2021,SDL,AZ,AWP,CE,Towers with Radar,0,78,113,4,195,2,47,139,0,188,2,125,252,4,383,200,0,200,583
03/02/2021,SDL,AZ,AWP,CE,Towers with Radar,0,78,85,0,163,0,40,133,0,173,0,118,218,0,336,103,0,103,439
03/03/2021,SDL,AZ,AWP,CE,Towers with Radar,0,75,118,0,193,0,21,101,0,122,0,96,219,0,315,109,0,109,424
03/04/2021,SDL,AZ,AWP,CE,Towers with Radar,0,94,112,1,207,0,57,173,0,230,0,151,285,1,437,204,0,204,641
03/05/2021,SDL,AZ,AWP,CE,Towers with Radar,1,94,156,1,252,0,55,202,0,257,1,149,358,1,509,117,0,117,626
03/06/2021,SDL,AZ,AWP,CE,Towers with Radar,0,75,115,0,190,0,40,115,0,155,0,115,230,0,345,174,0,174,519
03/07/2021,SDL,AZ,AWP,CE,Towers with Radar,0,109,184,0,293,0,24,139,0,163,0,133,323,0,456,100,0,100,556
03/08/2021,SDL,AZ,AWP,CE,Towers with Radar,0,75,112,0,187,1,42,143,0,186,1,117,255,0,373,180,0,180,553
03/09/2021,SDL,AZ,AWP,CE,Towers with Radar,0,48,113,0,161,0,41,97,0,138,0,89,210,0,299,167,0,167,466
03/10/2021,SDL,AZ,AWP,CE,Towers with Radar,0,82,134,2,218,0,47,182,0,229,0,129,316,2,447,152,1,153,600
03/11/2021,SDL,AZ,AWP,CE,Towers with Radar,0,91,158,0,249,0,43,144,0,187,0,134,302,0,436,221,0,221,657
03/12/2021,SDL,AZ,AWP,CE,Towers with Radar,0,99,161,1,261,0,21,84,0,105,0,120,245,1,366,79,0,79,445
03/13/2021,SDL,AZ,AWP,CE,Towers with Radar,0,93,135,6,234,0,21,66,0,87,0,114,201,6,321,98,0,98,419
03/14/2021,SDL,AZ,AWP,CE,Towers with Radar,0,99,169,2,270,0,38,99,0,137,0,137,268,2,407,72,0,72,479
03/15/2021,SDL,AZ,AWP,CE,Towers with Radar,0,100,126,3,229,0,39,154,1,194,0,139,280,4,423,113,0,113,536
03/16/2021,SDL,AZ,AWP,CE,Towers with Radar,0,80,127,3,210,0,42,117,0,159,0,122,244,3,369,163,0,163,532
03/17/2021,SDL,AZ,AWP,CE,Towers with Radar,0,117,142,0,259,0,87,183,0,270,0,204,325,0,529,162,0,162,691
03/18/2021,SDL,AZ,AWP,CE,Towers with Radar,0,93,146,2,241,0,75,209,0,284,0,168,355,2,525,106,0,106,631
03/19/2021,SDL,AZ,AWP,CE,Towers with Radar,0,114,199,2,315,0,50,200,0,250,0,164,399,2,565,94,0,94,659
03/20/2021,SDL,AZ,AWP,CE,Towers with Radar,0,82,134,0,216,0,32,149,0,181,0,114,283,0,397,94,0,94,491
03/21/2021,SDL,AZ,AWP,CE,Towers with Radar,0,116,200,0,316,0,28,147,0,175,0,144,347,0,491,57,0,57,548
03/22/2021,SDL,AZ,AWP,CE,Towers with Radar,0,79,121,2,202,0,46,111,0,157,0,125,232,2,359,77,0,77,436
03/23/2021,SDL,AZ,AWP,CE,Towers with Radar,0,79,144,2,225,0,39,113,0,152,0,118,257,2,377,172,0,172,549
03/24/2021,SDL,AZ,AWP,CE,Towers with Radar,0,72,177,0,249,0,60,189,1,250,0,132,366,1,499,131,0,131,630
03/25/2021,SDL,AZ,AWP,CE,Towers with Radar,0,103,157,0,260,0,32,95,3,130,0,135,252,3,390,123,0,123,513
03/26/2021,SDL,AZ,AWP,CE,Towers with Radar,0,88,159,2,249,0,62,160,0,222,0,150,319,2,471,189,2,191,662
03/27/2021,SDL,AZ,AWP,CE,Towers with Radar,0,98,150,0,248,0,64,159,0,223,0,162,309,0,471,136,0,136,607
03/28/2021,SDL,AZ,AWP,CE,Towers with Radar,0,110,213,0,323,0,30,158,0,188,0,140,371,0,511,80,0,80,591
03/29/2021,SDL,AZ,AWP,CE,Towers with Radar,0,74,107,0,181,0,50,151,0,201,0,124,258,0,382,212,0,212,594
03/30/2021,SDL,AZ,AWP,CE,Towers with Radar,0,79,103,0,182,0,60,191,1,252,0,139,294,1,434,176,0,176,610
03/31/2021,SDL,AZ,AWP,CE,Towers with Radar,0,97,119,0,216,0,46,196,0,242,0,143,315,0,458,189,0,189,647
04/01/2021,SDL,AZ,AWP,CE,Towers with Radar,0,106,169,0,275,0,28,149,0,177,0,134,318,0,452,68,0,68,520
04/02/2021,SDL,AZ,AWP,CE,Towers with Radar,0,101,156,0,257,0,67,182,0,249,0,168,338,0,506,185,0,185,691
04/03/2021,SDL,AZ,AWP,CE,Towers with Radar,0,86,96,0,182,0,41,158,0,199,0,127,254,0,381,221,0,221,602
04/04/2021,SDL,AZ,AWP,CE,Towers with Radar,0,79,112,0,191,0,13,85,0,98,0,92,197,0,289,129,0,129,418
04/05/2021,SDL,AZ,AWP,CE,Towers with Radar,0,92,147,0,239,0,50,150,0,200,0,142,297,0,439,148,0,148,587
04/06/2021,SDL,AZ,AWP,CE,Towers with Radar,0,81,110,0,191,0,55,175,0,230,0,136,285,0,421,200,0,200,621
04/07/2021,SDL,AZ,AWP,CE,Towers with Radar,0,68,143,0,211,0,73,212,0,285,0,141,355,0,496,134,0,134,630
04/08/2021,SDL,AZ,AWP,CE,Towers with Radar,0,102,142,0,244,0,31,200,0,231,0,133,342,0,475,149,0,149,624
04/09/2021,SDL,AZ,AWP,CE,Towers with Radar,0,80,150,1,231,0,30,162,0,192,0,110,312,1,423,177,2,179,602
04/10/2021,SDL,AZ,AWP,CE,Towers with Radar,0,81,115,3,199,0,35,147,0,182,0,116,262,3,381,102,0,102,483
04/11/2021,SDL,AZ,AWP,CE,Towers with Radar,0,105,152,3,260,0,15,151,0,166,0,120,303,3,426,54,0,54,480
04/12/2021,SDL,AZ,AWP,CE,Towers with Radar,0,89,135,1,225,0,43,145,0,188,0,132,280,1,413,148,0,148,561
04/13/2021,SDL,AZ,AWP,CE,Towers with Radar,0,82,106,0,188,0,38,163,0,201,0,120,269,0,389,247,0,247,636
04/14/2021,SDL,AZ,AWP,CE,Towers with Radar,0,84,126,3,213,0,57,121,0,178,0,141,247,3,391,200,0,200,591
04/15/2021,SDL,AZ,AWP,CE,Towers with Radar,0,96,188,2,286,0,30,165,0,195,0,126,353,2,481,183,0,183,664
04/16/2021,SDL,AZ,AWP,CE,Towers with Radar,0,65,129,1,195,0,49,160,2,211,0,114,289,3,406,251,0,251,657
04/17/2021,SDL,AZ,AWP,CE,Towers with Radar,0,76,92,1,169,0,33,135,2,170,0,109,227,3,339,160,0,160,499
04/18/2021,SDL,AZ,AWP,CE,Towers with Radar,0,117,165,1,283,0,12,77,0,89,0,129,242,1,372,62,0,62,434
04/19/2021,SDL,AZ,AWP,CE,Towers with Radar,0,81,110,0,191,0,36,135,0,171,0,117,245,0,362,89,0,89,451
04/20/2021,SDL,AZ,AWP,CE,Towers with Radar,0,61,97,0,158,0,61,136,0,197,0,122,233,0,355,205,0,205,560
04/21/2021,SDL,AZ,AWP,CE,Towers with Radar,0,62,123,0,185,0,18,77,0,95,0,80,200,0,280,48,0,48,328
04/22/2021,SDL,AZ,AWP,CE,Towers with Radar,0,92,164,0,256,0,59,183,2,244,0,151,347,2,500,141,0,141,641
04/23/2021,SDL,AZ,AWP,CE,Towers with Radar,0,77,131,1,209,0,37,154,1,192,0,114,285,2,401,199,0,199,600
04/24/2021,SDL,AZ,AWP,CE,Towers with Radar,0,70,72,1,143,0,39,152,1,192,0,109,224,2,335,166,0,166,501
04/25/2021,SDL,AZ,AWP,CE,Towers with Radar,0,106,179,2,287,0,28,142,1,171,0,134,321,3,458,63,0,63,521
04/26/2021,SDL,AZ,AWP,CE,Towers with Radar,0,79,120,1,200,0,41,103,0,144,0,120,223,1,344,121,0,121,465
04/27/2021,SDL,AZ,AWP,CE,Towers with Radar,0,74,84,0,158,0,43,126,1,170,0,117,210,1,328,316,0,316,644
04/28/2021,SDL,AZ,AWP,CE,Towers with Radar,0,85,130,0,215,0,41,156,0,197,0,126,286,0,412,156,0,156,568
04/29/2021,SDL,AZ,AWP,CE,Towers with Radar,0,91,157,0,248,0,37,228,1,266,0,128,385,1,514,147,0,147,661
04/30/2021,SDL,AZ,AWP,CE,Towers with Radar,0,110,116,14,240,0,41,184,0,225,0,151,300,14,465,136,0,136,601
05/01/2021,SDL,AZ,AWP,CE,Towers with Radar,0,76,95,1,172,0,41,139,0,180,0,117,234,1,352,160,0,160,512
05/02/2021,SDL,AZ,AWP,CE,Towers with Radar,1,92,161,10,264,0,25,105,0,130,1,117,266,10,394,82,0,82,476
05/03/2021,SDL,AZ,AWP,CE,Towers with Radar,0,82,113,2,197,0,53,160,0,213,0,135,273,2,410,244,0,244,654
05/04/2021,SDL,AZ,AWP,CE,Towers with Radar,0,77,88,2,167,1,73,114,0,188,1,150,202,2,355,290,0,290,645
05/05/2021,SDL,AZ,AWP,CE,Towers with Radar,0,87,129,1,217,0,56,144,0,200,0,143,273,1,417,244,0,244,661
05/06/2021,SDL,AZ,AWP,CE,Towers with Radar,0,96,142,1,239,0,46,114,0,160,0,142,256,1,399,160,0,160,559
05/07/2021,SDL,AZ,AWP,CE,Towers with Radar,0,99,132,0,231,0,50,161,0,211,0,149,293,0,442,196,0,196,638
05/08/2021,SDL,AZ,AWP,CE,Towers with Radar,0,70,107,0,177,0,43,121,0,164,0,113,228,0,341,190,0,190,531
05/09/2021,SDL,AZ,AWP,CE,Towers with Radar,0,77,128,0,205,0,37,106,0,143,0,114,234,0,348,156,0,156,504
05/10/2021,SDL,AZ,AWP,CE,Towers with Radar,0,90,120,0,210,0,49,137,0,186,0,139,257,0,396,252,0,252,648
05/11/2021,SDL,AZ,AWP,CE,Towers with Radar,0,83,117,0,200,0,43,124,0,167,0,126,241,0,367,158,0,158,525
05/12/2021,SDL,AZ,AWP,CE,Towers with Radar,0,84,131,2,217,0,47,105,0,152,0,131,236,2,369,261,0,261,630
05/13/2021,SDL,AZ,AWP,CE,Towers with Radar,0,92,145,1,238,0,44,133,0,177,0,136,278,1,415,137,0,137,552
05/14/2021,SDL,AZ,AWP,CE,Towers with Radar,0,110,111,1,222,0,41,165,1,207,0,151,276,2,429,186,0,186,615
05/15/2021,SDL,AZ,AWP,CE,Towers with Radar,0,81,84,1,166,0,27,134,0,161,0,108,218,1,327,133,0,133,460
05/16/2021,SDL,AZ,AWP,CE,Towers with Radar,1,89,135,3,228,0,21,90,0,111,1,110,225,3,339,92,0,92,431
05/17/2021,SDL,AZ,AWP,CE,Towers with Radar,0,78,113,1,192,0,51,130,0,181,0,129,243,1,373,171,0,171,544
05/18/2021,SDL,AZ,AWP,CE,Towers with Radar,0,75,88,2,165,0,40,167,0,207,0,115,255,2,372,221,0,221,593
05/19/2021,SDL,AZ,AWP,CE,Towers with Radar,0,73,126,1,200,0,50,168,1,219,0,123,294,2,419,192,1,193,612
05/20/2021,SDL,AZ,AWP,CE,Towers with Radar,0,87,121,6,214,0,29,115,1,145,0,116,236,7,359,217,0,217,576
05/21/2021,SDL,AZ,AWP,CE,Towers with Radar,0,88,121,0,209,0,31,133,3,167,0,119,254,3,376,165,0,165,541
05/22/2021,SDL,AZ,AWP,CE,Towers with Radar,0,59,91,0,150,0,57,130,3,190,0,116,221,3,340,209,0,209,549
05/23/2021,SDL,AZ,AWP,CE,Towers with Radar,0,69,135,0,204,0,44,155,2,201,0,113,290,2,405,164,0,164,569
05/24/2021,SDL,AZ,AWP,CE,Towers with Radar,0,90,121,0,211,0,57,110,0,167,0,147,231,0,378,193,0,193,571
05/25/2021,SDL,AZ,AWP,CE,Towers with Radar,0,63,111,0,174,0,73,143,3,219,0,136,254,3,393,200,0,200,593
05/26/2021,SDL,AZ,AWP,CE,Towers with Radar,0,81,106,0,187,0,55,124,1,180,0,136,230,1,367,171,1,172,539
05/27/2021,SDL,AZ,AWP,CE,Towers with Radar,0,85,166,1,252,0,46,141,0,187,0,131,307,1,439,169,0,169,608
05/28/2021,SDL,AZ,AWP,CE,Towers with Radar,0,81,146,7,234,0,44,133,4,181,0,125,279,11,415,152,5,157,572
05/29/2021,SDL,AZ,AWP,CE,Towers with Radar,0,74,57,10,141,0,21,86,1,108,0,95,143,11,249,176,0,176,425
05/30/2021,SDL,AZ,AWP,CE,Towers with Radar,0,62,59,5,126,0,14,112,1,127,0,76,171,6,253,162,0,162,415
05/31/2021,SDL,AZ,AWP,CE,Towers with Radar,0,88,128,1,217,0,39,139,3,181,0,127,267,4,398,121,0,121,519
06/01/2021,SDL,AZ,AWP,CE,Towers with Radar,0,82,108,0,190,0,34,135,0,169,0,116,243,0,359,187,0,187,546
06/02/2021,SDL,AZ,AWP,CE,Towers with Radar,0,74,103,3,180,0,37,131,0,168,0,111,234,3,348,103,0,103,451
06/03/2021,SDL,AZ,AWP,CE,Towers with Radar,0,69,115,0,184,0,56,141,0,197,0,125,256,0,381,177,0,177,558
06/04/2021,SDL,AZ,AWP,CE,Towers with Radar,0,69,105,1,175,0,57,163,1,221,0,126,268,2,396,168,0,168,564
06/05/2021,SDL,AZ,AWP,CE,Towers with Radar,0,53,66,0,119,0,34,99,0,133,0,87,165,0,252,188,0,188,440
06/06/2021,SDL,AZ,AWP,CE,Towers with Radar,0,78,95,3,176,0,20,75,0,95,0,98,170,3,271,91,0,91,362
06/07/2021,SDL,AZ,AWP,CE,Towers with Radar,1,58,91,2,152,0,76,93,0,169,1,134,184,2,321,154,1,155,476
06/08/2021,SDL,AZ,AWP,CE,Towers with Radar,0,63,71,0,134,0,67,107,0,174,0,130,178,0,308,175,0,175,483
06/09/2021,SDL,AZ,AWP,CE,Towers with Radar,0,55,83,0,138,0,56,139,0,195,0,111,222,0,333,227,0,227,560
06/10/2021,SDL,AZ,AWP,CE,Towers with Radar,0,63,114,2,179,0,46,128,1,175,0,109,242,3,354,151,0,151,505
06/11/2021,SDL,AZ,AWP,CE,Towers with Radar,0,52,91,6,149,0,47,110,0,157,0,99,201,6,306,163,2,165,471
06/12/2021,SDL,AZ,AWP,CE,Towers with Radar,0,37,81,1,119,0,47,125,0,172,0,84,206,1,291,164,0,164,455
06/13/2021,SDL,AZ,AWP,CE,Towers with Radar,0,71,113,1,185,0,24,89,0,113,0,95,202,1,298,173,0,173,471
06/14/2021,SDL,AZ,AWP,CE,Towers with Radar,0,45,115,2,162,0,54,93,2,149,0,99,208,4,311,129,0,129,440
06/15/2021,SDL,AZ,AWP,CE,Towers with Radar,0,49,97,0,146,0,51,86,1,138,0,100,183,1,284,233,1,234,518
06/16/2021,SDL,AZ,AWP,CE,Towers with Radar,0,62,92,0,154,0,42,86,0,128,0,104,178,0,282,132,0,132,414
06/17/2021,SDL,AZ,AWP,CE,Towers with Radar,0,69,95,0,164,0,35,83,0,118,0,104,178,0,282,147,0,147,429
06/18/2021,SDL,AZ,AWP,CE,Towers with Radar,0,48,119,5,172,0,43,105,0,148,0,91,224,5,320,75,0,75,395
06/19/2021,SDL,AZ,AWP,CE,Towers with Radar,0,35,82,0,117,0,36,94,0,130,0,71,176,0,247,165,0,165,412
06/20/2021,SDL,AZ,AWP,CE,Towers with Radar,0,55,99,3,157,0,13,70,0,83,0,68,169,3,240,71,0,71,311
06/21/2021,SDL,AZ,AWP,CE,Towers with Radar,0,72,100,0,172,0,35,87,0,122,0,107,187,0,294,180,0,180,474
06/22/2021,SDL,AZ,AWP,CE,Towers with Radar,1,72,83,0,156,0,42,101,0,143,1,114,184,0,299,190,0,190,489
06/23/2021,SDL,AZ,AWP,CE,Towers with Radar,0,53,95,0,148,0,48,84,0,132,0,101,179,0,280,185,0,185,465
06/24/2021,SDL,AZ,AWP,CE,Towers with Radar,0,63,100,0,163,0,68,142,0,210,0,131,242,0,373,204,0,204,577
06/25/2021,SDL,AZ,AWP,CE,Towers with Radar,0,58,117,1,176,0,57,137,0,194,0,115,254,1,370,187,0,187,557
06/26/2021,SDL,AZ,AWP,CE,Towers with Radar,0,44,58,11,113,0,46,107,5,158,0,90,165,16,271,161,0,161,432
06/27/2021,SDL,AZ,AWP,CE,Towers with Radar,0,46,113,0,159,0,35,77,0,112,0,81,190,0,271,202,0,202,473
06/28/2021,SDL,AZ,AWP,CE,Towers with Radar,0,36,85,5,126,0,42,60,10,112,0,78,145,15,238,88,0,88,326
06/29/2021,SDL,AZ,AWP,CE,Towers with Radar,0,47,52,4,103,0,30,76,0,106,0,77,128,4,209,194,0,194,403
06/30/2021,SDL,AZ,AWP,CE,Towers with Radar,0,61,99,3,163,0,29,87,3,119,0,90,186,6,282,218,0,218,500
07/01/2021,SDL,AZ,AWP,CE,Towers with Radar,0,56,114,3,173,0,51,132,1,184,0,107,246,4,357,190,0,190,547
07/02/2021,SDL,AZ,AWP,CE,Towers with Radar,0,54,94,0,148,0,44,87,0,131,0,98,181,0,279,125,0,125,404
07/03/2021,SDL,AZ,AWP,CE,Towers with Radar,0,31,47,0,78,0,42,74,0,116,0,73,121,0,194,174,0,174,368
07/04/2021,SDL,AZ,AWP,CE,Towers with Radar,0,12,30,0,42,0,13,60,0,73,0,25,90,0,115,132,0,132,247
07/05/2021,SDL,AZ,AWP,CE,Towers with Radar,0,34,73,0,107,0,41,81,0,122,0,75,154,0,229,206,0,206,435
07/06/2021,SDL,AZ,AWP,CE,Towers with Radar,0,1,1,0,2,0,5,2,0,7,0,6,3,0,9,0,0,0,9
07/07/2021,SDL,AZ,AWP,CE,Towers with Radar,0,0,1,1,2,0,2,11,0,13,0,2,12,1,15,0,0,0,15
07/08/2021,SDL,AZ,AWP,CE,Towers with Radar,0,1,0,0,1,0,3,17,0,20,0,4,17,0,21,0,0,0,21
07/09/2021,SDL,AZ,AWP,CE,Towers with Radar,0,1,0,0,1,0,7,9,0,16,0,8,9,0,17,0,0,0,17
07/10/2021,SDL,AZ,AWP,CE,Towers with Radar,0,1,0,0,1,0,1,13,0,14,0,2,13,0,15,0,0,0,15
07/11/2021,SDL,AZ,AWP,CE,Towers with Radar,0,0,0,0,0,0,3,3,0,6,0,3,3,0,6,0,0,0,6
07/12/2021,SDL,AZ,AWP,CE,Towers with Radar,0,0,0,0,0,0,7,6,0,13,0,7,6,0,13,2,0,2,15
07/13/2021,SDL,AZ,AWP,CE,Towers with Radar,0,1,1,0,2,0,6,14,0,20,0,7,15,0,22,2,0,2,24
07/14/2021,SDL,AZ,AWP,CE,Towers with Radar,0,0,1,0,1,0,2,11,0,13,0,2,12,0,14,0,0,0,14
07/15/2021,SDL,AZ,AWP,CE,Towers with Radar,0,0,0,0,0,0,5,18,0,23,0,5,18,0,23,0,0,0,23
07/16/2021,SDL,AZ,AWP,CE,Towers with Radar,0,1,0,0,1,0,0,11,0,11,0,1,11,0,12,12,0,12,24
07/17/2021,SDL,AZ,AWP,CE,Towers with Radar,0,0,1,0,1,0,0,13,1,14,0,0,14,1,15,0,0,0,15
07/18/2021,SDL,AZ,AWP,CE,Towers with Radar,0,0,0,0,0,0,0,3,1,4,0,0,3,1,4,0,0,0,4
07/19/2021,SDL,AZ,AWP,CE,Towers with Radar,0,1,0,0,1,0,1,16,0,17,0,2,16,0,18,0,0,0,18
07/20/2021,SDL,AZ,AWP,CE,Towers with Radar,0,1,1,0,2,0,0,11,0,11,0,1,12,0,13,0,0,0,13
07/21/2021,SDL,AZ,AWP,CE,Towers with Radar,0,0,1,0,1,0,0,1,0,1,0,0,2,0,2,0,0,0,2
07/22/2021,SDL,AZ,AWP,CE,Towers with Radar,0,0,2,0,2,0,0,13,0,13,0,0,15,0,15,0,0,0,15
07/23/2021,SDL,AZ,AWP,CE,Towers with Radar,0,0,0,0,0,0,0,5,0,5,0,0,5,0,5,0,0,0,5
07/24/2021,SDL,AZ,AWP,CE,Towers with Radar,0,0,0,0,0,0,2,2,0,4,0,2,2,0,4,0,0,0,4
07/25/2021,SDL,AZ,AWP,CE,Towers with Radar,0,0,0,0,0,0,0,10,0,10,0,0,10,0,10,0,0,0,10
07/26/2021,SDL,AZ,AWP,CE,Towers with Radar,0,2,3,0,5,0,4,6,0,10,0,6,9,0,15,0,0,0,15
07/27/2021,SDL,AZ,AWP,CE,Towers with Radar,0,4,0,0,4,0,1,19,0,20,0,5,19,0,24,0,0,0,24
07/28/2021,SDL,AZ,AWP,CE,Towers with Radar,0,2,1,0,3,0,2,15,0,17,0,4,16,0,20,0,0,0,20
07/29/2021,SDL,AZ,AWP,CE,Towers with Radar,0,3,0,0,3,0,4,11,0,15,0,7,11,0,18,0,0,0,18
07/30/2021,SDL,AZ,AWP,CE,Towers with Radar,0,1,1,0,2,0,2,13,0,15,0,3,14,0,17,0,0,0,17
07/31/2021,SDL,AZ,AWP,CE,Towers with Radar,0,0,1,0,1,0,1,14,0,15,0,1,15,0,16,0,0,0,16
08/01/2021,SDL,AZ,AWP,CE,Towers with Radar,0,1,0,0,1,0,1,3,0,4,0,2,3,0,5,0,0,0,5
08/02/2021,SDL,AZ,AWP,CE,Towers with Radar,0,1,2,0,3,0,6,11,0,17,0,7,13,0,20,0,0,0,20
08/03/2021,SDL,AZ,AWP,CE,Towers with Radar,0,5,0,0,5,0,6,7,0,13,0,11,7,0,18,0,0,0,18
08/04/2021,SDL,AZ,AWP,CE,Towers with Radar,0,0,0,0,0,0,1,7,0,8,0,1,7,0,8,0,0,0,8
08/05/2021,SDL,AZ,AWP,CE,Towers with Radar,0,0,1,0,1,0,0,9,0,9,0,0,10,0,10,0,0,0,10
08/06/2021,SDL,AZ,AWP,CE,Towers with Radar,0,0,0,0,0,0,4,9,0,13,0,4,9,0,13,0,0,0,13
08/07/2021,SDL,AZ,AWP,CE,Towers with Radar,0,1,0,0,1,0,1,16,1,18,0,2,16,1,19,0,0,0,19
08/08/2021,SDL,AZ,AWP,CE,Towers with Radar,0,0,1,0,1,0,0,4,0,4,0,0,5,0,5,0,0,0,5
08/09/2021,SDL,AZ,AWP,CE,Towers with Radar,0,2,2,0,4,0,2,9,0,11,0,4,11,0,15,0,0,0,15
08/10/2021,SDL,AZ,AWP,CE,Towers with Radar,0,0,1,0,1,0,3,8,0,11,0,3,9,0,12,0,0,0,12
08/11/2021,SDL,AZ,AWP,CE,Towers with Radar,0,1,0,0,1,0,1,8,0,9,0,2,8,0,10,0,0,0,10
08/12/2021,SDL,AZ,AWP,CE,Towers with Radar,0,3,0,0,3,0,2,7,0,9,0,5,7,0,12,0,0,0,12
08/13/2021,SDL,AZ,AWP,CE,Towers with Radar,0,2,0,0,2,0,5,27,0,32,0,7,27,0,34,0,0,0,34
08/14/2021,SDL,AZ,AWP,CE,Towers with Radar,0,4,23,0,27,0,9,43,0,52,0,13,66,0,79,10,0,10,89
08/15/2021,SDL,AZ,AWP,CE,Towers with Radar,0,8,47,0,55,0,20,61,0,81,0,28,108,0,136,128,0,128,264
08/16/2021,SDL,AZ,AWP,CE,Towers with Radar,0,24,63,0,87,0,33,69,0,102,0,57,132,0,189,136,0,136,325
08/17/2021,SDL,AZ,AWP,CE,Towers with Radar,0,30,42,0,72,0,28,79,0,107,0,58,121,0,179,154,0,154,333
08/18/2021,SDL,AZ,AWP,CE,Towers with Radar,0,28,80,0,108,0,20,44,0,64,0,48,124,0,172,157,0,157,329
08/19/2021,SDL,AZ,AWP,CE,Towers with Radar,0,29,72,0,101,0,32,99,0,131,0,61,171,0,232,183,0,183,415
08/20/2021,SDL,AZ,AWP,CE,Towers with Radar,0,45,86,0,131,0,50,101,0,151,0,95,187,0,282,174,0,174,456
08/21/2021,SDL,AZ,AWP,CE,Towers with Radar,0,31,44,0,75,0,34,81,0,115,0,65,125,0,190,124,0,124,314
08/22/2021,SDL,AZ,AWP,CE,Towers with Radar,0,32,81,0,113,0,26,94,0,120,0,58,175,0,233,174,0,174,407
08/23/2021,SDL,AZ,AWP,CE,Towers with Radar,0,49,80,0,129,0,56,92,0,148,0,105,172,0,277,96,0,96,373
08/24/2021,SDL,AZ,AWP,CE,Towers with Radar,0,51,93,0,144,0,52,112,1,165,0,103,205,1,309,188,0,188,497
08/25/2021,SDL,AZ,AWP,CE,Towers with Radar,0,46,73,2,121,0,33,116,4,153,0,79,189,6,274,126,0,126,400
08/26/2021,SDL,AZ,AWP,CE,Towers with Radar,0,39,105,0,144,0,32,88,1,121,0,71,193,1,265,112,0,112,377
08/27/2021,SDL,AZ,AWP,CE,Towers with Radar,0,38,83,2,123,0,38,107,2,147,0,76,190,4,270,159,0,159,429
08/28/2021,SDL,AZ,AWP,CE,Towers with Radar,0,24,60,2,86,0,33,81,0,114,0,57,141,2,200,178,0,178,378
08/29/2021,SDL,AZ,AWP,CE,Towers with Radar,0,42,97,4,143,0,32,70,1,103,0,74,167,5,246,141,0,141,387
08/30/2021,SDL,AZ,AWP,CE,Towers with Radar,0,36,101,0,137,0,42,80,0,122,0,78,181,0,259,208,0,208,467
08/31/2021,SDL,AZ,AWP,CE,Towers with Radar,0,37,70,0,107,0,37,62,0,99,0,74,132,0,206,173,0,173,379
09/01/2021,SDL,AZ,AWP,CE,Towers with Radar,1,57,92,0,150,0,13,62,0,75,1,70,154,0,225,97,0,97,322
09/02/2021,SDL,AZ,AWP,CE,Towers with Radar,0,49,113,1,163,0,40,139,0,179,0,89,252,1,342,152,0,152,494
09/03/2021,SDL,AZ,AWP,CE,Towers with Radar,0,64,132,0,196,0,31,92,2,125,0,95,224,2,321,115,0,115,436
09/04/2021,SDL,AZ,AWP,CE,Towers with Radar,0,25,55,2,82,0,40,103,3,146,0,65,158,5,228,242,0,242,470
09/05/2021,SDL,AZ,AWP,CE,Towers with Radar,0,25,72,0,97,0,22,88,0,110,0,47,160,0,207,106,0,106,313
09/06/2021,SDL,AZ,AWP,CE,Towers with Radar,0,58,124,1,183,0,39,118,0,157,0,97,242,1,340,175,0,175,515
09/07/2021,SDL,AZ,AWP,CE,Towers with Radar,0,57,87,0,144,0,43,90,0,133,0,100,177,0,277,207,0,207,484
09/08/2021,SDL,AZ,AWP,CE,Towers with Radar,0,53,77,0,130,0,49,122,1,172,0,102,199,1,302,162,2,164,466
09/09/2021,SDL,AZ,AWP,CE,Towers with Radar,0,54,90,1,145,0,52,121,2,175,0,106,211,3,320,236,0,236,556
09/10/2021,SDL,AZ,AWP,CE,Towers with Radar,0,51,108,0,159,0,57,155,2,214,0,108,263,2,373,267,4,271,644
09/11/2021,SDL,AZ,AWP,CE,Towers with Radar,0,44,59,0,103,0,33,97,0,130,0,77,156,0,233,139,0,139,372
09/12/2021,SDL,AZ,AWP,CE,Towers with Radar,0,62,116,0,178,0,8,81,1,90,0,70,197,1,268,103,0,103,371
09/13/2021,SDL,AZ,AWP,CE,Towers with Radar,0,45,89,0,134,0,45,85,0,130,0,90,174,0,264,219,0,219,483
09/14/2021,SDL,AZ,AWP,CE,Towers with Radar,0,46,66,0,112,0,31,104,0,135,0,77,170,0,247,279,0,279,526
09/15/2021,SDL,AZ,AWP,CE,Towers with Radar,0,60,98,2,160,0,21,116,0,137,0,81,214,2,297,223,0,223,520
09/16/2021,SDL,AZ,AWP,CE,Towers with Radar,0,54,111,0,165,0,53,129,0,182,0,107,240,0,347,271,0,271,618
09/17/2021,SDL,AZ,AWP,CE,Towers with Radar,0,36,92,0,128,0,31,140,0,171,0,67,232,0,299,148,0,148,447
09/18/2021,SDL,AZ,AWP,CE,Towers with Radar,0,40,64,0,104,0,33,103,2,138,0,73,167,2,242,191,0,191,433
09/19/2021,SDL,AZ,AWP,CE,Towers with Radar,0,78,120,0,198,0,22,111,1,134,0,100,231,1,332,66,0,66,398
09/20/2021,SDL,AZ,AWP,CE,Towers with Radar,0,51,107,0,158,0,37,107,0,144,0,88,214,0,302,180,0,180,482
09/21/2021,SDL,AZ,AWP,CE,Towers with Radar,0,52,79,0,131,0,25,107,0,132,0,77,186,0,263,170,0,170,433
09/22/2021,SDL,AZ,AWP,CE,Towers with Radar,0,54,131,0,185,0,30,174,0,204,0,84,305,0,389,191,0,191,580
09/23/2021,SDL,AZ,AWP,CE,Towers with Radar,0,72,142,0,214,0,54,142,0,196,0,126,284,0,410,129,0,129,539
09/24/2021,SDL,AZ,AWP,CE,Towers with Radar,0,54,142,0,196,0,48,123,0,171,0,102,265,0,367,201,0,201,568
09/25/2021,SDL,AZ,AWP,CE,Towers with Radar,0,41,89,0,130,0,46,126,0,172,0,87,215,0,302,190,0,190,492
09/26/2021,SDL,AZ,AWP,CE,Towers with Radar,0,54,172,0,226,0,4,36,0,40,0,58,208,0,266,31,0,31,297
09/27/2021,SDL,AZ,AWP,CE,Towers with Radar,0,50,111,0,161,0,122,112,0,234,0,172,223,0,395,184,0,184,579
09/28/2021,SDL,AZ,AWP,CE,Towers with Radar,0,52,87,0,139,0,43,124,0,167,0,95,211,0,306,204,0,204,510
09/29/2021,SDL,AZ,AWP,CE,Towers with Radar,0,40,88,0,128,0,57,109,0,166,0,97,197,0,294,211,0,211,505
09/30/2021,SDL,AZ,AWP,CE,Towers with Radar,0,51,124,0,175,0,33,103,0,136,0,84,227,0,311,175,0,175,486
10/01/2021,SDL,AZ,AWP,CE,Towers with Radar,0,70,122,1,193,0,52,150,2,204,0,122,272,3,397,173,0,173,570
10/02/2021,SDL,AZ,AWP,CE,Towers with Radar,0,46,70,3,119,0,35,106,5,146,0,81,176,8,265,154,0,154,419
10/03/2021,SDL,AZ,AWP,CE,Towers with Radar,0,69,138,0,207,0,39,78,0,117,0,108,216,0,324,136,0,136,460
10/04/2021,SDL,AZ,AWP,CE,Towers with Radar,0,75,111,0,186,0,46,104,0,150,0,121,215,0,336,255,0,255,591
10/05/2021,SDL,AZ,AWP,CE,Towers with Radar,0,57,80,0,137,0,29,55,0,84,0,86,135,0,221,119,0,119,340
10/06/2021,SDL,AZ,AWP,CE,Towers with Radar,0,77,122,0,199,0,53,158,0,211,0,130,280,0,410,205,0,205,615
10/07/2021,SDL,AZ,AWP,CE,Towers with Radar,0,81,132,0,213,0,57,153,0,210,0,138,285,0,423,144,0,144,567
10/08/2021,SDL,AZ,AWP,CE,Towers with Radar,0,74,164,0,238,0,52,116,1,169,0,126,280,1,407,215,0,215,622
10/09/2021,SDL,AZ,AWP,CE,Towers with Radar,0,63,97,2,162,0,31,95,0,126,0,94,192,2,288,171,0,171,459
10/10/2021,SDL,AZ,AWP,CE,Towers with Radar,0,65,135,0,200,0,10,92,0,102,0,75,227,0,302,143,0,143,445
10/11/2021,SDL,AZ,AWP,CE,Towers with Radar,0,72,137,1,210,0,36,89,0,125,0,108,226,1,335,80,0,80,415
10/12/2021,SDL,AZ,AWP,CE,Towers with Radar,0,64,113,0,177,0,33,86,0,119,0,97,199,0,296,243,0,243,539
10/13/2021,SDL,AZ,AWP,CE,Towers with Radar,0,65,141,4,210,0,49,130,1,180,0,114,271,5,390,226,1,227,617
10/14/2021,SDL,AZ,AWP,CE,Towers with Radar,0,80,120,0,200,0,51,126,0,177,0,131,246,0,377,131,0,131,508
10/15/2021,SDL,AZ,AWP,CE,Towers with Radar,0,82,150,0,232,0,33,101,0,134,0,115,251,0,366,90,0,90,456
10/16/2021,SDL,AZ,AWP,CE,Towers with Radar,0,54,94,0,148,0,41,101,0,142,0,95,195,0,290,53,0,53,343
10/17/2021,SDL,AZ,AWP,CE,Towers with Radar,0,88,131,0,219,0,21,86,1,108,0,109,217,1,327,75,0,75,402
10/18/2021,SDL,AZ,AWP,CE,Towers with Radar,0,71,114,2,187,0,30,101,0,131,0,101,215,2,318,161,0,161,479
10/19/2021,SDL,AZ,AWP,CE,Towers with Radar,0,64,107,0,171,0,51,100,0,151,0,115,207,0,322,128,0,128,450
10/20/2021,SDL,AZ,AWP,CE,Towers with Radar,0,78,143,1,222,0,53,140,0,193,0,131,283,1,415,194,0,194,609
10/21/2021,SDL,AZ,AWP,CE,Towers with Radar,0,78,133,0,211,0,52,123,1,176,0,130,256,1,387,105,0,105,492
10/22/2021,SDL,AZ,AWP,CE,Towers with Radar,0,82,145,4,231,0,39,157,0,196,0,121,302,4,427,143,0,143,570
10/23/2021,SDL,AZ,AWP,CE,Towers with Radar,0,74,104,0,178,0,27,129,0,156,0,101,233,0,334,180,0,180,514
10/24/2021,SDL,AZ,AWP,CE,Towers with Radar,0,81,151,2,234,0,22,100,0,122,0,103,251,2,356,152,0,152,508
10/25/2021,SDL,AZ,AWP,CE,Towers with Radar,0,60,121,2,183,0,45,97,0,142,0,105,218,2,325,182,0,182,507
10/26/2021,SDL,AZ,AWP,CE,Towers with Radar,0,76,110,0,186,6,62,117,0,185,6,138,227,0,371,180,0,180,551
10/27/2021,SDL,AZ,AWP,CE,Towers with Radar,0,68,129,0,197,0,43,136,0,179,0,111,265,0,376,189,0,189,565
10/28/2021,SDL,AZ,AWP,CE,Towers with Radar,0,71,154,0,225,0,57,161,1,219,0,128,315,1,444,142,0,142,586
10/29/2021,SDL,AZ,AWP,CE,Towers with Radar,0,78,137,1,216,0,48,121,0,169,0,126,258,1,385,155,0,155,540
10/30/2021,SDL,AZ,AWP,CE,Towers with Radar,0,41,78,0,119,0,31,103,0,134,0,72,181,0,253,125,0,125,378
10/31/2021,SDL,AZ,AWP,CE,Towers with Radar,0,67,121,0,188,0,15,73,0,88,0,82,194,0,276,80,0,80,356
11/01/2021,SDL,AZ,AWP,CE,Towers with Radar,0,73,144,1,218,0,38,86,0,124,0,111,230,1,342,141,0,141,483
11/02/2021,SDL,AZ,AWP,CE,Towers with Radar,0,74,111,3,188,0,62,100,1,163,0,136,211,4,351,156,0,156,507
11/03/2021,SDL,AZ,AWP,CE,Towers with Radar,1,91,144,0,236,0,47,141,0,188,1,138,285,0,424,121,0,121,545
11/04/2021,SDL,AZ,AWP,CE,Towers with Radar,0,89,184,1,274,0,36,137,2,175,0,125,321,3,449,155,0,155,604
11/05/2021,SDL,AZ,AWP,CE,Towers with Radar,0,98,151,2,251,0,57,114,0,171,0,155,265,2,422,84,0,84,506
11/06/2021,SDL,AZ,AWP,CE,Towers with Radar,0,72,83,1,156,0,33,119,1,153,0,105,202,2,309,73,0,73,382
11/07/2021,SDL,AZ,AWP,CE,Towers with Radar,0,101,189,0,290,0,18,126,0,144,0,119,315,0,434,60,0,60,494
11/08/2021,SDL,AZ,AWP,CE,Towers with Radar,0,74,143,0,217,0,42,102,1,145,0,116,245,1,362,147,0,147,509
11/09/2021,SDL,AZ,AWP,CE,Towers with Radar,0,88,121,1,210,0,54,85,0,139,0,142,206,1,349,160,0,160,509
11/10/2021,SDL,AZ,AWP,CE,Towers with Radar,0,80,160,0,240,0,40,121,0,161,0,120,281,0,401,102,0,102,503
11/11/2021,SDL,AZ,AWP,CE,Towers with Radar,0,91,153,2,246,0,43,127,0,170,0,134,280,2,416,58,0,58,474
11/12/2021,SDL,AZ,AWP,CE,Towers with Radar,0,89,170,0,259,0,37,186,1,224,0,126,356,1,483,144,0,144,627
11/13/2021,SDL,AZ,AWP,CE,Towers with Radar,0,62,86,2,150,1,52,152,0,205,1,114,238,2,355,146,0,146,501
11/14/2021,SDL,AZ,AWP,CE,Towers with Radar,0,100,147,0,247,0,24,166,0,190,0,124,313,0,437,95,0,95,532
11/15/2021,SDL,AZ,AWP,CE,Towers with Radar,0,78,129,0,207,0,67,154,0,221,0,145,283,0,428,88,0,88,516
11/16/2021,SDL,AZ,AWP,CE,Towers with Radar,0,82,127,0,209,0,60,149,2,211,0,142,276,2,420,187,0,187,607
11/17/2021,SDL,AZ,AWP,CE,Towers with Radar,0,80,144,2,226,0,60,164,1,225,0,140,308,3,451,142,0,142,593
11/18/2021,SDL,AZ,AWP,CE,Towers with Radar,0,108,153,0,261,0,45,147,0,192,0,153,300,0,453,47,0,47,500
11/19/2021,SDL,AZ,AWP,CE,Towers with Radar,0,90,170,2,262,0,66,143,0,209,0,156,313,2,471,62,0,62,533
11/20/2021,SDL,AZ,AWP,CE,Towers with Radar,0,71,108,0,179,0,59,159,1,219,0,130,267,1,398,116,0,116,514
11/21/2021,SDL,AZ,AWP,CE,Towers with Radar,0,95,172,0,267,0,13,87,0,100,0,108,259,0,367,47,0,47,414
11/22/2021,SDL,AZ,AWP,CE,Towers with Radar,0,98,132,2,232,0,66,113,2,181,0,164,245,4,413,99,0,99,512
11/23/2021,SDL,AZ,AWP,CE,Towers with Radar,2,93,141,2,238,0,73,146,0,219,2,166,287,2,457,164,0,164,621
11/24/2021,SDL,AZ,AWP,CE,Towers with Radar,1,71,155,1,228,0,32,123,2,157,1,103,278,3,385,98,0,98,483
11/25/2021,SDL,AZ,AWP,CE,Towers with Radar,0,36,29,0,65,0,3,28,0,31,0,39,57,0,96,17,0,17,113
11/26/2021,SDL,AZ,AWP,CE,Towers with Radar,0,59,86,0,145,0,24,112,0,136,0,83,198,0,281,97,0,97,378
11/27/2021,SDL,AZ,AWP,CE,Towers with Radar,0,99,141,1,241,0,23,118,0,141,0,122,259,1,382,33,0,33,415
11/28/2021,SDL,AZ,AWP,CE,Towers with Radar,1,104,215,0,320,0,22,101,0,123,1,126,316,0,443,61,0,61,504
11/29/2021,SDL,AZ,AWP,CE,Towers with Radar,0,100,124,3,227,0,38,115,0,153,0,138,239,3,380,133,0,133,513
11/30/2021,SDL,AZ,AWP,CE,Towers with Radar,0,91,129,0,220,0,62,155,0,217,0,153,284,0,437,130,0,130,567
12/01/2021,SDL,AZ,AWP,CE,Towers with Radar,0,104,211,0,315,0,29,61,0,90,0,133,272,0,405,121,0,121,526
12/02/2021,SDL,AZ,AWP,CE,Towers with Radar,1,87,147,0,235,0,34,90,0,124,1,121,237,0,359,102,0,102,461
12/03/2021,SDL,AZ,AWP,CE,Towers with Radar,0,83,160,2,245,0,43,111,0,154,0,126,271,2,399,116,0,116,515
12/04/2021,SDL,AZ,AWP,CE,Towers with Radar,0,75,104,0,179,0,54,127,0,181,0,129,231,0,360,156,0,156,516
12/05/2021,SDL,AZ,AWP,CE,Towers with Radar,0,84,141,2,227,0,21,133,0,154,0,105,274,2,381,53,0,53,434
12/06/2021,SDL,AZ,AWP,CE,Towers with Radar,1,82,116,0,199,0,46,99,0,145,1,128,215,0,344,115,0,115,459
12/07/2021,SDL,AZ,AWP,CE,Towers with Radar,0,86,146,0,232,0,59,121,0,180,0,145,267,0,412,138,0,138,550
12/08/2021,SDL,AZ,AWP,CE,Towers with Radar,0,74,123,3,200,0,58,110,0,168,0,132,233,3,368,173,0,173,541
12/09/2021,SDL,AZ,AWP,CE,Towers with Radar,0,73,134,2,209,0,41,71,0,112,0,114,205,2,321,164,0,164,485
12/10/2021,SDL,AZ,AWP,CE,Towers with Radar,0,81,133,0,214,0,49,125,0,174,0,130,258,0,388,129,0,129,517
12/11/2021,SDL,AZ,AWP,CE,Towers with Radar,0,61,71,0,132,0,39,147,0,186,0,100,218,0,318,112,0,112,430
12/12/2021,SDL,AZ,AWP,CE,Towers with Radar,0,69,159,0,228,0,39,83,0,122,0,108,242,0,350,69,0,69,419
12/13/2021,SDL,AZ,AWP,CE,Towers with Radar,0,73,113,0,186,0,48,110,2,160,0,121,223,2,346,117,0,117,463
12/14/2021,SDL,AZ,AWP,CE,Towers with Radar,0,85,129,0,214,0,45,89,4,138,0,130,218,4,352,127,0,127,479
12/15/2021,SDL,AZ,AWP,CE,Towers with Radar,0,69,139,0,208,0,70,119,2,191,0,139,258,2,399,118,0,118,517
12/16/2021,SDL,AZ,AWP,CE,Towers with Radar,0,80,132,0,212,10,80,122,2,214,10,160,254,2,426,83,0,83,509
12/17/2021,SDL,AZ,AWP,CE,Towers with Radar,0,92,185,2,279,0,44,169,1,214,0,136,354,3,493,81,0,81,574
12/18/2021,SDL,AZ,AWP,CE,Towers with Radar,0,84,121,0,205,0,41,121,2,164,0,125,242,2,369,112,0,112,481
12/19/2021,SDL,AZ,AWP,CE,Towers with Radar,1,94,144,0,239,3,20,100,0,123,4,114,244,0,362,37,0,37,399
12/20/2021,SDL,AZ,AWP,CE,Towers with Radar,0,68,118,2,188,0,51,122,0,173,0,119,240,2,361,78,0,78,439
12/21/2021,SDL,AZ,AWP,CE,Towers with Radar,0,95,109,0,204,0,33,138,0,171,0,128,247,0,375,53,0,53,428
12/22/2021,SDL,AZ,AWP,CE,Towers with Radar,0,78,124,2,204,0,45,141,0,186,0,123,265,2,390,127,0,127,517
12/23/2021,SDL,AZ,AWP,CE,Towers with Radar,0,86,107,0,193,0,35,100,0,135,0,121,207,0,328,152,0,152,480
12/24/2021,SDL,AZ,AWP,CE,Towers with Radar,0,20,39,0,59,0,0,0,0,0,0,20,39,0,59,0,0,0,59
12/25/2021,SDL,AZ,AWP,CE,Towers with Radar,0,47,37,0,84,0,0,26,0,26,0,47,63,0,110,53,0,53,163
12/26/2021,SDL,AZ,AWP,CE,Towers with Radar,0,80,158,0,238,0,5,58,0,63,0,85,216,0,301,44,0,44,345
12/27/2021,SDL,AZ,AWP,CE,Towers with Radar,0,88,171,0,259,0,45,106,0,151,0,133,277,0,410,62,0,62,472
12/28/2021,SDL,AZ,AWP,CE,Towers with Radar,0,78,110,0,188,0,13,61,0,74,0,91,171,0,262,122,0,122,384
12/29/2021,SDL,AZ,AWP,CE,Towers with Radar,1,89,159,0,249,0,31,116,0,147,1,120,275,0,396,127,0,127,523
12/30/2021,SDL,AZ,AWP,CE,Towers with Radar,0,76,128,0,204,0,31,79,0,110,0,107,207,0,314,76,0,76,390
12/31/2021,SDL,AZ,AWP,CE,Towers with Radar,0,52,96,0,148,0,3,21,0,24,0,55,117,0,172,37,0,37,209
01/01/2022,SDL,AZ,AWP,CE,Towers with Radar,0,39,72,0,111,0,15,57,0,72,0,54,129,0,183,32,0,32,215
01/02/2022,SDL,AZ,AWP,CE,Towers with Radar,0,75,174,0,249,0,15,91,0,106,0,90,265,0,355,26,0,26,381
01/03/2022,SDL,AZ,AWP,CE,Towers with Radar,0,97,155,0,252,0,52,142,0,194,0,149,297,0,446,99,0,99,545
01/04/2022,SDL,AZ,AWP,CE,Towers with Radar,0,92,104,0,196,0,44,141,0,185,0,136,245,0,381,181,0,181,562
01/05/2022,SDL,AZ,AWP,CE,Towers with Radar,0,73,112,0,185,0,55,154,0,209,0,128,266,0,394,148,0,148,542
01/06/2022,SDL,AZ,AWP,CE,Towers with Radar,0,69,97,1,167,0,67,143,0,210,0,136,240,1,377,110,1,111,488
01/07/2022,SDL,AZ,AWP,CE,Towers with Radar,0,76,117,5,198,0,39,149,2,190,0,115,266,7,388,80,0,80,468
01/08/2022,SDL,AZ,AWP,CE,Towers with Radar,0,58,68,2,128,0,23,105,0,128,0,81,173,2,256,107,0,107,363
01/09/2022,SDL,AZ,AWP,CE,Towers with Radar,0,95,105,2,202,0,23,135,0,158,0,118,240,2,360,86,0,86,446
01/10/2022,SDL,AZ,AWP,CE,Towers with Radar,0,60,89,0,149,0,34,118,0,152,0,94,207,0,301,70,0,70,371
01/11/2022,SDL,AZ,AWP,CE,Towers with Radar,0,57,100,6,163,0,50,137,0,187,0,107,237,6,350,120,0,120,470
01/12/2022,SDL,AZ,AWP,CE,Towers with Radar,0,72,106,0,178,0,53,158,0,211,0,125,264,0,389,188,0,188,577
01/13/2022,SDL,AZ,AWP,CE,Towers with Radar,0,80,146,2,228,0,70,143,0,213,0,150,289,2,441,177,1,178,619
01/14/2022,SDL,AZ,AWP,CE,Towers with Radar,0,80,158,0,238,0,43,178,2,223,0,123,336,2,461,45,0,45,506
01/15/2022,SDL,AZ,AWP,CE,Towers with Radar,0,58,83,4,145,0,25,108,1,134,0,83,191,5,279,105,0,105,384
01/16/2022,SDL,AZ,AWP,CE,Towers with Radar,0,84,122,1,207,0,33,100,0,133,0,117,222,1,340,70,0,70,410
01/17/2022,SDL,AZ,AWP,CE,Towers with Radar,0,84,142,2,228,0,38,116,3,157,0,122,258,5,385,90,0,90,475
01/18/2022,SDL,AZ,AWP,CE,Towers with Radar,0,74,102,0,176,0,57,135,0,192,0,131,237,0,368,126,0,126,494
01/19/2022,SDL,AZ,AWP,CE,Towers with Radar,0,74,128,0,202,0,64,168,0,232,0,138,296,0,434,150,0,150,584
01/20/2022,SDL,AZ,AWP,CE,Towers with Radar,0,67,141,0,208,0,58,139,0,197,0,125,280,0,405,91,0,91,496
01/21/2022,SDL,AZ,AWP,CE,Towers with Radar,0,82,170,0,252,0,64,134,0,198,0,146,304,0,450,57,0,57,507
01/22/2022,SDL,AZ,AWP,CE,Towers with Radar,0,71,91,0,162,0,23,73,0,96,0,94,164,0,258,76,0,76,334
01/23/2022,SDL,AZ,AWP,CE,Towers with Radar,0,97,185,0,282,0,25,93,0,118,0,122,278,0,400,54,0,54,454
01/24/2022,SDL,AZ,AWP,CE,Towers with Radar,0,88,118,0,206,0,54,155,0,209,0,142,273,0,415,87,0,87,502
01/25/2022,SDL,AZ,AWP,CE,Towers with Radar,0,76,110,0,186,0,55,129,0,184,0,131,239,0,370,112,0,112,482
01/26/2022,SDL,AZ,AWP,CE,Towers with Radar,0,107,180,0,287,0,75,154,2,231,0,182,334,2,518,59,0,59,577
01/27/2022,SDL,AZ,AWP,CE,Towers with Radar,0,111,193,0,304,0,59,166,1,226,0,170,359,1,530,69,0,69,599
01/28/2022,SDL,AZ,AWP,CE,Towers with Radar,0,84,158,0,242,0,37,132,0,169,0,121,290,0,411,16,0,16,427
01/29/2022,SDL,AZ,AWP,CE,Towers with Radar,0,83,110,1,194,0,45,107,0,152,0,128,217,1,346,20,0,20,366
01/30/2022,SDL,AZ,AWP,CE,Towers with Radar,1,116,224,0,341,0,32,101,0,133,1,148,325,0,474,26,0,26,500
01/31/2022,SDL,AZ,AWP,CE,Towers with Radar,0,88,124,6,218,0,61,141,1,203,0,149,265,7,421,60,2,62,483
02/01/2022,SDL,AZ,AWP,CE,Towers with Radar,0,92,140,1,233,0,57,138,5,200,0,149,278,6,433,80,8,88,521
02/02/2022,SDL,AZ,AWP,CE,Towers with Radar,0,85,110,5,200,0,61,143,0,204,0,146,253,5,404,131,0,131,535
02/03/2022,SDL,AZ,AWP,CE,Towers with Radar,0,72,93,1,166,0,66,160,4,230,0,138,253,5,396,152,0,152,548
02/04/2022,SDL,AZ,AWP,CE,Towers with Radar,0,115,136,3,254,0,47,132,0,179,0,162,268,3,433,85,0,85,518
02/05/2022,SDL,AZ,AWP,CE,Towers with Radar,0,61,89,0,150,0,43,111,0,154,0,104,200,0,304,70,0,70,374
02/06/2022,SDL,AZ,AWP,CE,Towers with Radar,0,101,168,1,270,0,34,91,0,125,0,135,259,1,395,60,0,60,455
02/07/2022,SDL,AZ,AWP,CE,Towers with Radar,0,87,127,0,214,0,63,140,0,203,0,150,267,0,417,65,0,65,482
02/08/2022,SDL,AZ,AWP,CE,Towers with Radar,1,94,130,4,229,0,69,137,0,206,1,163,267,4,435,75,0,75,510
02/09/2022,SDL,AZ,AWP,CE,Towers with Radar,0,112,202,6,320,0,56,157,0,213,0,168,359,6,533,58,0,58,591
02/10/2022,SDL,AZ,AWP,CE,Towers with Radar,0,128,215,0,343,0,55,132,0,187,0,183,347,0,530,14,0,14,544
02/11/2022,SDL,AZ,AWP,CE,Towers with Radar,0,108,211,2,321,0,54,172,2,228,0,162,383,4,549,39,0,39,588
02/12/2022,SDL,AZ,AWP,CE,Towers with Radar,0,101,137,0,238,0,30,106,2,138,0,131,243,2,376,46,2,48,424
02/13/2022,SDL,AZ,AWP,CE,Towers with Radar,0,123,161,1,285,0,22,112,2,136,0,145,273,3,421,11,0,11,432
02/14/2022,SDL,AZ,AWP,CE,Towers with Radar,0,135,188,1,324,0,58,152,2,212,0,193,340,3,536,6,0,6,542
02/15/2022,SDL,AZ,AWP,CE,Towers with Radar,0,80,130,2,212,0,88,149,0,237,0,168,279,2,449,112,0,112,561
02/16/2022,SDL,AZ,AWP,CE,Towers with Radar,0,112,185,2,299,0,88,119,0,207,0,200,304,2,506,112,0,112,618
02/17/2022,SDL,AZ,AWP,CE,Towers with Radar,0,84,188,2,274,0,53,162,0,215,0,137,350,2,489,122,0,122,611
02/18/2022,SDL,AZ,AWP,CE,Towers with Radar,0,72,183,0,255,0,74,166,3,243,0,146,349,3,498,55,0,55,553
02/19/2022,SDL,AZ,AWP,CE,Towers with Radar,0,72,103,0,175,0,26,110,1,137,0,98,213,1,312,144,0,144,456
02/20/2022,SDL,AZ,AWP,CE,Towers with Radar,0,96,158,0,254,0,35,109,1,145,0,131,267,1,399,25,0,25,424
02/21/2022,SDL,AZ,AWP,CE,Towers with Radar,0,76,198,0,274,0,39,89,2,130,0,115,287,2,404,42,0,42,446
02/22/2022,SDL,AZ,AWP,CE,Towers with Radar,0,80,122,0,202,0,50,115,0,165,0,130,237,0,367,246,0,246,613
02/23/2022,SDL,AZ,AWP,CE,Towers with Radar,0,80,149,0,229,0,3,29,0,32,0,83,178,0,261,93,0,93,354
02/24/2022,SDL,AZ,AWP,CE,Towers with Radar,0,69,164,2,235,0,59,179,0,238,0,128,343,2,473,103,0,103,576
02/25/2022,SDL,AZ,AWP,CE,Towers with Radar,0,100,183,5,288,0,62,192,0,254,0,162,375,5,542,42,0,42,584
02/26/2022,SDL,AZ,AWP,CE,Towers with Radar,0,77,125,4,206,0,36,128,1,165,0,113,253,5,371,88,0,88,459
02/27/2022,SDL,AZ,AWP,CE,Towers with Radar,0,107,180,3,290,0,30,148,6,184,0,137,328,9,474,32,0,32,506
02/28/2022,SDL,AZ,AWP,CE,Towers with Radar,0,82,127,2,211,0,71,111,1,183,0,153,238,3,394,168,0,168,562
03/01/2022,SDL,AZ,AWP,CE,Towers with Radar,1,93,120,1,215,0,90,180,0,270,1,183,300,1,485,133,0,133,618
03/02/2022,SDL,AZ,AWP,CE,Towers with Radar,0,95,145,0,240,0,61,159,0,220,0,156,304,0,460,91,0,91,551
03/03/2022,SDL,AZ,AWP,CE,Towers with Radar,0,102,146,0,248,0,65,190,0,255,0,167,336,0,503,108,0,108,611
03/04/2022,SDL,AZ,AWP,CE,Towers with Radar,0,86,148,0,234,0,42,105,0,147,0,128,253,0,381,123,0,123,504
03/05/2022,SDL,AZ,AWP,CE,Towers with Radar,0,82,102,1,185,0,14,79,0,93,0,96,181,1,278,152,0,152,430
03/06/2022,SDL,AZ,AWP,CE,Towers with Radar,0,96,157,0,253,0,35,148,0,183,0,131,305,0,436,112,0,112,548
03/07/2022,SDL,AZ,AWP,CE,Towers with Radar,0,79,169,1,249,0,58,168,0,226,0,137,337,1,475,111,0,111,586
03/08/2022,SDL,AZ,AWP,CE,Towers with Radar,0,81,129,0,210,0,70,182,0,252,0,151,311,0,462,121,0,121,583
03/09/2022,SDL,AZ,AWP,CE,Towers with Radar,0,87,171,2,260,0,71,193,1,265,0,158,364,3,525,110,0,110,635
03/10/2022,SDL,AZ,AWP,CE,Towers with Radar,0,105,153,0,258,0,55,116,0,171,0,160,269,0,429,72,0,72,501
03/11/2022,SDL,AZ,AWP,CE,Towers with Radar,0,104,201,3,308,0,42,157,0,199,0,146,358,3,507,53,0,53,560
03/12/2022,SDL,AZ,AWP,CE,Towers with Radar,0,88,139,6,233,0,45,118,0,163,0,133,257,6,396,76,0,76,472
03/13/2022,SDL,AZ,AWP,CE,Towers with Radar,0,111,190,0,301,0,44,124,6,174,0,155,314,6,475,16,0,16,491
03/14/2022,SDL,AZ,AWP,CE,Towers with Radar,0,95,127,2,224,0,72,152,0,224,0,167,279,2,448,136,0,136,584
03/15/2022,SDL,AZ,AWP,CE,Towers with Radar,0,79,122,1,202,0,74,173,1,248,0,153,295,2,450,108,0,108,558
03/16/2022,SDL,AZ,AWP,CE,Towers with Radar,0,95,157,4,256,0,57,124,0,181,0,152,281,4,437,89,0,89,526
03/17/2022,SDL,AZ,AWP,CE,Towers with Radar,0,88,172,1,261,0,67,166,0,233,0,155,338,1,494,161,0,161,655
03/18/2022,SDL,AZ,AWP,CE,Towers with Radar,0,88,145,1,234,0,62,165,0,227,0,150,310,1,461,84,0,84,545
03/19/2022,SDL,AZ,AWP,CE,Towers with Radar,1,120,117,2,240,0,56,138,0,194,1,176,255,2,434,47,0,47,481
03/20/2022,SDL,AZ,AWP,CE,Towers with Radar,0,124,193,1,318,0,24,89,0,113,0,148,282,1,431,63,0,63,494
03/21/2022,SDL,AZ,AWP,CE,Towers with Radar,0,76,139,1,216,0,53,112,0,165,0,129,251,1,381,91,0,91,472
03/22/2022,SDL,AZ,AWP,CE,Towers with Radar,0,118,116,0,234,0,82,145,0,227,0,200,261,0,461,112,0,112,573
03/23/2022,SDL,AZ,AWP,CE,Towers with Radar,0,96,142,0,238,0,48,143,0,191,0,144,285,0,429,143,0,143,572
03/24/2022,SDL,AZ,AWP,CE,Towers with Radar,0,88,147,0,235,0,91,146,1,238,0,179,293,1,473,87,1,88,561
03/25/2022,SDL,AZ,AWP,CE,Towers with Radar,0,104,149,4,257,0,61,177,0,238,0,165,326,4,495,87,0,87,582
03/26/2022,SDL,AZ,AWP,CE,Towers with Radar,0,98,119,1,218,0,38,151,0,189,0,136,270,1,407,119,0,119,526
03/27/2022,SDL,AZ,AWP,CE,Towers with Radar,0,107,185,0,292,0,16,103,5,124,0,123,288,5,416,60,0,60,476
03/28/2022,SDL,AZ,AWP,CE,Towers with Radar,0,81,130,1,212,0,43,112,0,155,0,124,242,1,367,104,0,104,471
03/29/2022,SDL,AZ,AWP,CE,Towers with Radar,0,69,106,2,177,0,29,80,0,109,0,98,186,2,286,68,0,68,354
03/30/2022,SDL,AZ,AWP,CE,Towers with Radar,0,85,143,0,228,0,69,198,0,267,0,154,341,0,495,111,0,111,606
03/31/2022,SDL,AZ,AWP,CE,Towers with Radar,0,106,156,2,264,0,69,157,2,228,0,175,313,4,492,92,0,92,584
04/01/2022,SDL,AZ,AWP,CE,Towers with Radar,0,103,159,0,262,0,61,161,3,225,0,164,320,3,487,87,0,87,574
04/02/2022,SDL,AZ,AWP,CE,Towers with Radar,0,91,109,0,200,0,70,133,0,203,0,161,242,0,403,91,0,91,494
04/03/2022,SDL,AZ,AWP,CE,Towers with Radar,0,123,163,1,287,0,16,98,0,114,0,139,261,1,401,102,0,102,503
04/04/2022,SDL,AZ,AWP,CE,Towers with Radar,0,100,117,2,219,0,61,135,0,196,0,161,252,2,415,87,0,87,502
04/05/2022,SDL,AZ,AWP,CE,Towers with Radar,0,73,92,5,170,0,95,139,0,234,0,168,231,5,404,170,0,170,574
04/06/2022,SDL,AZ,AWP,CE,Towers with Radar,0,72,136,3,211,0,72,152,0,224,0,144,288,3,435,136,0,136,571
04/07/2022,SDL,AZ,AWP,CE,Towers with Radar,0,84,145,0,229,0,56,182,0,238,0,140,327,0,467,66,0,66,533
04/08/2022,SDL,AZ,AWP,CE,Towers with Radar,0,59,142,1,202,0,63,145,0,208,0,122,287,1,410,46,0,46,456
04/09/2022,SDL,AZ,AWP,CE,Towers with Radar,0,88,101,0,189,0,51,89,4,144,0,139,190,4,333,90,0,90,423
04/10/2022,SDL,AZ,AWP,CE,Towers with Radar,0,97,177,0,274,0,32,108,1,141,0,129,285,1,415,51,0,51,466
04/11/2022,SDL,AZ,AWP,CE,Towers with Radar,0,87,137,0,224,0,38,98,0,136,0,125,235,0,360,94,0,94,454
04/12/2022,SDL,AZ,AWP,CE,Towers with Radar,0,62,121,0,183,0,20,82,0,102,0,82,203,0,285,96,0,96,381
04/13/2022,SDL,AZ,AWP,CE,Towers with Radar,0,102,121,0,223,0,81,158,0,239,0,183,279,0,462,203,0,203,665
04/14/2022,SDL,AZ,AWP,CE,Towers with Radar,0,103,169,0,272,0,63,168,1,232,0,166,337,1,504,68,0,68,572
04/15/2022,SDL,AZ,AWP,CE,Towers with Radar,0,91,131,1,223,0,47,189,2,238,0,138,320,3,461,154,0,154,615
04/16/2022,SDL,AZ,AWP,CE,Towers with Radar,0,61,92,0,153,0,33,114,2,149,0,94,206,2,302,135,0,135,437
04/17/2022,SDL,AZ,AWP,CE,Towers with Radar,0,61,102,1,164,0,29,96,2,127,0,90,198,3,291,70,0,70,361
04/18/2022,SDL,AZ,AWP,CE,Towers with Radar,0,106,147,0,253,0,66,151,0,217,0,172,298,0,470,59,0,59,529
04/19/2022,SDL,AZ,AWP,CE,Towers with Radar,0,94,121,0,215,0,55,99,0,154,0,149,220,0,369,87,0,87,456
04/20/2022,SDL,AZ,AWP,CE,Towers with Radar,0,92,153,0,245,0,77,137,0,214,0,169,290,0,459,111,0,111,570
04/21/2022,SDL,AZ,AWP,CE,Towers with Radar,0,114,161,0,275,0,80,144,0,224,0,194,305,0,499,116,0,116,615
04/22/2022,SDL,AZ,AWP,CE,Towers with Radar,0,97,123,5,225,0,17,58,0,75,0,114,181,5,300,85,0,85,385
04/23/2022,SDL,AZ,AWP,CE,Towers with Radar,0,87,101,5,193,0,65,114,3,182,0,152,215,8,375,87,0,87,462
04/24/2022,SDL,AZ,AWP,CE,Towers with Radar,1,110,158,0,269,0,39,118,0,157,1,149,276,0,426,71,0,71,497
04/25/2022,SDL,AZ,AWP,CE,Towers with Radar,0,89,128,0,217,0,65,119,0,184,0,154,247,0,401,162,0,162,563
04/26/2022,SDL,AZ,AWP,CE,Towers with Radar,0,71,126,0,197,0,96,133,0,229,0,167,259,0,426,111,0,111,537
04/27/2022,SDL,AZ,AWP,CE,Towers with Radar,0,97,148,0,245,0,105,144,0,249,0,202,292,0,494,116,0,116,610
04/28/2022,SDL,AZ,AWP,CE,Towers with Radar,0,95,131,0,226,0,73,125,0,198,0,168,256,0,424,72,0,72,496
04/29/2022,SDL,AZ,AWP,CE,Towers with Radar,0,81,125,4,210,0,64,148,0,212,0,145,273,4,422,31,0,31,453
04/30/2022,SDL,AZ,AWP,CE,Towers with Radar,0,81,92,0,173,0,48,94,2,144,0,129,186,2,317,73,0,73,390
05/01/2022,SDL,AZ,AWP,CE,Towers with Radar,0,109,152,1,262,0,26,65,0,91,0,135,217,1,353,78,0,78,431
05/02/2022,SDL,AZ,AWP,CE,Towers with Radar,0,86,90,0,176,0,63,110,1,174,0,149,200,1,350,121,0,121,471
05/03/2022,SDL,AZ,AWP,CE,Towers with Radar,0,74,96,0,170,0,70,141,0,211,0,144,237,0,381,113,0,113,494
05/04/2022,SDL,AZ,AWP,CE,Towers with Radar,0,91,119,0,210,0,93,132,1,226,0,184,251,1,436,84,0,84,520
05/05/2022,SDL,AZ,AWP,CE,Towers with Radar,0,90,153,5,248,0,90,167,0,257,0,180,320,5,505,70,0,70,575
05/06/2022,SDL,AZ,AWP,CE,Towers with Radar,0,90,141,0,231,0,64,112,1,177,0,154,253,1,408,108,0,108,516
05/07/2022,SDL,AZ,AWP,CE,Towers with Radar,0,67,78,0,145,0,57,106,1,164,0,124,184,1,309,87,0,87,396
05/08/2022,SDL,AZ,AWP,CE,Towers with Radar,0,77,125,2,204,0,21,60,0,81,0,98,185,2,285,77,0,77,362
05/09/2022,SDL,AZ,AWP,CE,Towers with Radar,0,56,138,0,194,0,62,133,1,196,0,118,271,1,390,106,0,106,496
05/10/2022,SDL,AZ,AWP,CE,Towers with Radar,0,81,87,0,168,0,70,153,0,223,0,151,240,0,391,148,0,148,539
05/11/2022,SDL,AZ,AWP,CE,Towers with Radar,0,75,116,0,191,0,69,135,0,204,0,144,251,0,395,200,0,200,595
05/12/2022,SDL,AZ,AWP,CE,Towers with Radar,0,88,119,1,208,0,82,137,0,219,0,170,256,1,427,160,0,160,587
05/13/2022,SDL,AZ,AWP,CE,Towers with Radar,0,90,147,2,239,0,66,157,0,223,0,156,304,2,462,125,3,128,590
05/14/2022,SDL,AZ,AWP,CE,Towers with Radar,0,56,92,2,150,0,34,113,1,148,0,90,205,3,298,109,0,109,407
05/15/2022,SDL,AZ,AWP,CE,Towers with Radar,0,116,164,0,280,0,22,94,1,117,0,138,258,1,397,39,0,39,436
05/16/2022,SDL,AZ,AWP,CE,Towers with Radar,0,81,132,0,213,0,67,106,0,173,0,148,238,0,386,94,0,94,480
05/17/2022,SDL,AZ,AWP,CE,Towers with Radar,0,72,120,2,194,0,104,141,0,245,0,176,261,2,439,174,0,174,613
05/18/2022,SDL,AZ,AWP,CE,Towers with Radar,0,63,121,0,184,0,76,147,0,223,0,139,268,0,407,160,0,160,567
05/19/2022,SDL,AZ,AWP,CE,Towers with Radar,0,56,160,1,217,0,67,125,0,192,0,123,285,1,409,133,0,133,542
05/20/2022,SDL,AZ,AWP,CE,Towers with Radar,0,62,125,4,191,0,52,92,0,144,0,114,217,4,335,113,0,113,448
05/21/2022,SDL,AZ,AWP,CE,Towers with Radar,0,55,85,0,140,0,37,112,0,149,0,92,197,0,289,101,0,101,390
05/22/2022,SDL,AZ,AWP,CE,Towers with Radar,0,73,186,0,259,0,25,127,0,152,0,98,313,0,411,93,0,93,504
05/23/2022,SDL,AZ,AWP,CE,Towers with Radar,0,83,91,0,174,0,63,112,0,175,0,146,203,0,349,121,0,121,470
05/24/2022,SDL,AZ,AWP,CE,Towers with Radar,0,64,84,0,148,0,75,140,0,215,0,139,224,0,363,125,0,125,488
05/25/2022,SDL,AZ,AWP,CE,Towers with Radar,0,69,169,2,240,0,61,144,0,205,0,130,313,2,445,120,0,120,565
05/26/2022,SDL,AZ,AWP,CE,Towers with Radar,0,74,150,0,224,0,61,152,0,213,0,135,302,0,437,72,0,72,509
05/27/2022,SDL,AZ,AWP,CE,Towers with Radar,0,78,142,0,220,0,46,141,0,187,0,124,283,0,407,125,0,125,532
05/28/2022,SDL,AZ,AWP,CE,Towers with Radar,0,53,71,0,124,0,48,95,0,143,0,101,166,0,267,63,0,63,330
05/29/2022,SDL,AZ,AWP,CE,Towers with Radar,0,63,76,0,139,1,19,48,0,68,1,82,124,0,207,48,0,48,255
05/30/2022,SDL,AZ,AWP,CE,Towers with Radar,1,79,138,0,218,0,47,66,1,114,1,126,204,1,332,85,0,85,417
05/31/2022,SDL,AZ,AWP,CE,Towers with Radar,0,76,102,0,178,0,50,109,0,159,0,126,211,0,337,66,0,66,403
06/01/2022,SDL,AZ,AWP,CE,Towers with Radar,0,66,97,0,163,0,52,127,0,179,0,118,224,0,342,166,0,166,508
06/02/2022,SDL,AZ,AWP,CE,Towers with Radar,0,49,102,5,156,0,64,144,0,208,0,113,246,5,364,136,0,136,500
06/03/2022,SDL,AZ,AWP,CE,Towers with Radar,0,51,120,0,171,0,46,121,0,167,0,97,241,0,338,185,0,185,523
06/04/2022,SDL,AZ,AWP,CE,Towers with Radar,0,41,50,0,91,0,30,120,0,150,0,71,170,0,241,176,0,176,417
06/05/2022,SDL,AZ,AWP,CE,Towers with Radar,0,63,107,0,170,0,35,72,0,107,0,98,179,0,277,56,1,57,334
06/06/2022,SDL,AZ,AWP,CE,Towers with Radar,0,65,82,0,147,0,51,93,0,144,0,116,175,0,291,192,0,192,483
06/07/2022,SDL,AZ,AWP,CE,Towers with Radar,0,53,90,0,143,0,69,103,0,172,0,122,193,0,315,142,0,142,457
06/08/2022,SDL,AZ,AWP,CE,Towers with Radar,0,68,84,0,152,0,58,114,0,172,0,126,198,0,324,87,0,87,411
06/09/2022,SDL,AZ,AWP,CE,Towers with Radar,0,49,103,0,152,0,56,117,0,173,0,105,220,0,325,142,0,142,467
06/10/2022,SDL,AZ,AWP,CE,Towers with Radar,0,39,83,2,124,0,59,101,1,161,0,98,184,3,285,149,0,149,434
06/11/2022,SDL,AZ,AWP,CE,Towers with Radar,0,45,57,1,103,0,56,103,0,159,0,101,160,1,262,118,0,118,380
06/12/2022,SDL,AZ,AWP,CE,Towers with Radar,0,56,113,0,169,0,15,77,1,93,0,71,190,1,262,68,0,68,330
06/13/2022,SDL,AZ,AWP,CE,Towers with Radar,0,50,102,0,152,0,44,110,0,154,0,94,212,0,306,99,0,99,405
06/14/2022,SDL,AZ,AWP,CE,Towers with Radar,0,49,79,0,128,0,78,152,0,230,0,127,231,0,358,84,0,84,442
06/15/2022,SDL,AZ,AWP,CE,Towers with Radar,0,62,79,0,141,0,84,144,0,228,0,146,223,0,369,89,0,89,458
06/16/2022,SDL,AZ,AWP,CE,Towers with Radar,0,44,70,0,114,0,87,124,0,211,0,131,194,0,325,142,0,142,467
06/17/2022,SDL,AZ,AWP,CE,Towers with Radar,0,71,89,0,160,0,56,99,0,155,0,127,188,0,315,105,0,105,420
06/18/2022,SDL,AZ,AWP,CE,Towers with Radar,0,39,45,0,84,0,44,53,0,97,0,83,98,0,181,79,0,79,260
06/19/2022,SDL,AZ,AWP,CE,Towers with Radar,1,53,69,0,123,0,23,66,0,89,1,76,135,0,212,91,0,91,303
06/20/2022,SDL,AZ,AWP,CE,Towers with Radar,0,51,79,0,130,0,85,121,0,206,0,136,200,0,336,109,0,109,445
06/21/2022,SDL,AZ,AWP,CE,Towers with Radar,0,51,60,0,111,0,85,109,0,194,0,136,169,0,305,154,0,154,459
06/22/2022,SDL,AZ,AWP,CE,Towers with Radar,0,64,100,0,164,0,88,123,0,211,0,152,223,0,375,118,0,118,493
06/23/2022,SDL,AZ,AWP,CE,Towers with Radar,0,64,100,0,164,0,73,77,0,150,0,137,177,0,314,105,0,105,419
06/24/2022,SDL,AZ,AWP,CE,Towers with Radar,0,61,92,0,153,0,61,64,4,129,0,122,156,4,282,112,0,112,394
06/25/2022,SDL,AZ,AWP,CE,Towers with Radar,0,41,57,1,99,0,34,69,0,103,0,75,126,1,202,123,0,123,325
06/26/2022,SDL,AZ,AWP,CE,Towers with Radar,0,52,96,0,148,0,20,62,0,82,0,72,158,0,230,78,0,78,308
06/27/2022,SDL,AZ,AWP,CE,Towers with Radar,0,47,91,1,139,0,87,131,1,219,0,134,222,2,358,152,0,152,510
06/28/2022,SDL,AZ,AWP,CE,Towers with Radar,0,46,67,0,113,0,82,138,0,220,0,128,205,0,333,151,0,151,484
06/29/2022,SDL,AZ,AWP,CE,Towers with Radar,0,46,92,0,138,0,65,131,0,196,0,111,223,0,334,115,0,115,449
06/30/2022,SDL,AZ,AWP,CE,Towers with Radar,0,71,104,0,175,1,69,112,0,182,1,140,216,0,357,93,0,93,450
07/01/2022,SDL,AZ,AWP,CE,Towers with Radar,0,54,92,0,146,0,80,119,0,199,0,134,211,0,345,111,0,111,456
07/02/2022,SDL,AZ,AWP,CE,Towers with Radar,0,46,63,1,110,0,36,77,0,113,0,82,140,1,223,130,0,130,353
07/03/2022,SDL,AZ,AWP,CE,Towers with Radar,0,30,44,0,74,0,29,49,0,78,0,59,93,0,152,113,0,113,265
07/04/2022,SDL,AZ,AWP,CE,Towers with Radar,0,29,38,0,67,0,37,56,0,93,0,66,94,0,160,100,0,100,260
07/05/2022,SDL,AZ,AWP,CE,Towers with Radar,0,42,95,1,138,0,74,124,0,198,0,116,219,1,336,156,0,156,492
07/06/2022,SDL,AZ,AWP,CE,Towers with Radar,0,48,69,3,120,0,98,124,0,222,0,146,193,3,342,192,0,192,534
07/07/2022,SDL,AZ,AWP,CE,Towers with Radar,0,67,80,0,147,0,96,135,0,231,0,163,215,0,378,144,0,144,522
07/08/2022,SDL,AZ,AWP,CE,Towers with Radar,0,41,78,1,120,0,64,107,0,171,0,105,185,1,291,98,0,98,389
07/09/2022,SDL,AZ,AWP,CE,Towers with Radar,0,45,69,0,114,0,38,103,0,141,0,83,172,0,255,128,0,128,383
07/10/2022,SDL,AZ,AWP,CE,Towers with Radar,0,41,88,0,129,0,32,77,1,110,0,73,165,1,239,125,0,125,364
07/11/2022,SDL,AZ,AWP,CE,Towers with Radar,0,63,80,0,143,0,75,79,1,155,0,138,159,1,298,144,0,144,442
07/12/2022,SDL,AZ,AWP,CE,Towers with Radar,0,37,65,2,104,0,109,115,0,224,0,146,180,2,328,103,0,103,431
07/13/2022,SDL,AZ,AWP,CE,Towers with Radar,0,53,87,0,140,0,72,112,0,184,0,125,199,0,324,125,0,125,449
07/14/2022,SDL,AZ,AWP,CE,Towers with Radar,0,55,81,4,140,0,80,97,0,177,0,135,178,4,317,154,12,166,483
07/15/2022,SDL,AZ,AWP,CE,Towers with Radar,0,68,86,3,157,0,68,93,0,161,0,136,179,3,318,94,0,94,412
07/16/2022,SDL,AZ,AWP,CE,Towers with Radar,0,47,49,1,97,0,44,68,0,112,0,91,117,1,209,92,0,92,301
07/17/2022,SDL,AZ,AWP,CE,Towers with Radar,0,59,80,0,139,0,44,62,0,106,0,103,142,0,245,94,0,94,339
07/18/2022,SDL,AZ,AWP,CE,Towers with Radar,0,58,65,0,123,0,88,98,1,187,0,146,163,1,310,83,0,83,393
07/19/2022,SDL,AZ,AWP,CE,Towers with Radar,0,54,72,2,128,0,75,109,0,184,0,129,181,2,312,212,0,212,524
07/20/2022,SDL,AZ,AWP,CE,Towers with Radar,0,44,95,0,139,0,84,111,0,195,0,128,206,0,334,133,0,133,467
07/21/2022,SDL,AZ,AWP,CE,Towers with Radar,0,45,92,0,137,0,74,89,0,163,0,119,181,0,300,195,0,195,495
07/22/2022,SDL,AZ,AWP,CE,Towers with Radar,0,53,87,1,141,0,79,79,0,158,0,132,166,1,299,149,0,149,448
07/23/2022,SDL,AZ,AWP,CE,Towers with Radar,0,39,55,0,94,0,36,59,0,95,0,75,114,0,189,48,0,48,237
07/24/2022,SDL,AZ,AWP,CE,Towers with Radar,0,60,109,1,170,0,42,61,0,103,0,102,170,1,273,82,0,82,355
07/25/2022,SDL,AZ,AWP,CE,Towers with Radar,0,49,77,0,126,0,70,99,0,169,0,119,176,0,295,181,0,181,476
07/26/2022,SDL,AZ,AWP,CE,Towers with Radar,0,45,66,0,111,0,93,123,0,216,0,138,189,0,327,178,0,178,505
07/27/2022,SDL,AZ,AWP,CE,Towers with Radar,0,40,73,0,113,0,80,114,0,194,0,120,187,0,307,169,0,169,476
07/28/2022,SDL,AZ,AWP,CE,Towers with Radar,0,40,99,0,139,0,39,85,0,124,0,79,184,0,263,224,0,224,487
07/29/2022,SDL,AZ,AWP,CE,Towers with Radar,0,57,94,1,152,0,77,146,1,224,0,134,240,2,376,225,0,225,601
07/30/2022,SDL,AZ,AWP,CE,Towers with Radar,0,26,60,0,86,0,58,66,0,124,0,84,126,0,210,135,0,135,345
07/31/2022,SDL,AZ,AWP,CE,Towers with Radar,0,67,85,0,152,0,33,69,0,102,0,100,154,0,254,75,0,75,329
08/01/2022,SDL,AZ,AWP,CE,Towers with Radar,0,48,81,0,129,0,96,122,0,218,0,144,203,0,347,209,0,209,556
08/02/2022,SDL,AZ,AWP,CE,Towers with Radar,0,42,75,0,117,0,106,127,0,233,0,148,202,0,350,170,0,170,520
08/03/2022,SDL,AZ,AWP,CE,Towers with Radar,0,43,84,0,127,0,80,101,0,181,0,123,185,0,308,108,0,108,416
08/04/2022,SDL,AZ,AWP,CE,Towers with Radar,0,84,77,1,162,0,63,101,0,164,0,147,178,1,326,137,0,137,463
08/05/2022,SDL,AZ,AWP,CE,Towers with Radar,0,52,61,6,119,0,67,131,3,201,0,119,192,9,320,212,0,212,532
08/06/2022,SDL,AZ,AWP,CE,Towers with Radar,0,48,49,1,98,0,29,94,0,123,0,77,143,1,221,98,0,98,319
08/07/2022,SDL,AZ,AWP,CE,Towers with Radar,0,41,97,5,143,0,30,64,1,95,0,71,161,6,238,145,0,145,383
08/08/2022,SDL,AZ,AWP,CE,Towers with Radar,0,53,64,2,119,0,62,126,1,189,0,115,190,3,308,216,0,216,524
08/09/2022,SDL,AZ,AWP,CE,Towers with Radar,0,45,61,0,106,0,72,127,1,200,0,117,188,1,306,206,0,206,512
08/10/2022,SDL,AZ,AWP,CE,Towers with Radar,0,57,84,1,142,0,74,140,1,215,0,131,224,2,357,162,0,162,519
08/11/2022,SDL,AZ,AWP,CE,Towers with Radar,0,51,87,0,138,0,85,153,0,238,0,136,240,0,376,222,0,222,598
08/12/2022,SDL,AZ,AWP,CE,Towers with Radar,0,41,61,0,102,0,50,108,0,158,0,91,169,0,260,125,0,125,385
08/13/2022,SDL,AZ,AWP,CE,Towers with Radar,0,36,61,0,97,0,50,93,0,143,0,86,154,0,240,162,0,162,402
08/14/2022,SDL,AZ,AWP,CE,Towers with Radar,0,49,76,0,125,0,36,71,0,107,0,85,147,0,232,83,0,83,315
08/15/2022,SDL,AZ,AWP,CE,Towers with Radar,0,63,59,0,122,0,97,115,1,213,0,160,174,1,335,167,0,167,502
08/16/2022,SDL,AZ,AWP,CE,Towers with Radar,0,48,64,0,112,0,76,146,1,223,0,124,210,1,335,220,0,220,555
08/17/2022,SDL,AZ,AWP,CE,Towers with Radar,0,55,75,0,130,0,76,118,0,194,0,131,193,0,324,142,0,142,466
08/18/2022,SDL,AZ,AWP,CE,Towers with Radar,0,50,79,0,129,0,67,127,0,194,0,117,206,0,323,167,0,167,490
08/19/2022,SDL,AZ,AWP,CE,Towers with Radar,0,63,67,6,136,0,66,103,1,170,0,129,170,7,306,159,0,159,465
08/20/2022,SDL,AZ,AWP,CE,Towers with Radar,0,33,59,0,92,0,39,66,3,108,0,72,125,3,200,200,0,200,400
08/21/2022,SDL,AZ,AWP,CE,Towers with Radar,0,80,106,0,186,2,23,38,0,63,2,103,144,0,249,99,0,99,348
08/22/2022,SDL,AZ,AWP,CE,Towers with Radar,0,80,83,0,163,0,74,155,0,229,0,154,238,0,392,121,0,121,513
08/23/2022,SDL,AZ,AWP,CE,Towers with Radar,0,40,68,0,108,0,70,144,0,214,0,110,212,0,322,153,0,153,475
08/24/2022,SDL,AZ,AWP,CE,Towers with Radar,0,45,89,2,136,0,76,120,0,196,0,121,209,2,332,182,0,182,514
08/25/2022,SDL,AZ,AWP,CE,Towers with Radar,2,46,71,0,119,0,74,132,0,206,2,120,203,0,325,196,0,196,521
08/26/2022,SDL,AZ,AWP,CE,Towers with Radar,0,54,101,1,156,0,79,123,1,203,0,133,224,2,359,194,0,194,553
08/27/2022,SDL,AZ,AWP,CE,Towers with Radar,0,40,46,0,86,0,65,103,0,168,0,105,149,0,254,124,0,124,378
08/28/2022,SDL,AZ,AWP,CE,Towers with Radar,0,47,89,3,139,0,30,63,0,93,0,77,152,3,232,114,0,114,346
08/29/2022,SDL,AZ,AWP,CE,Towers with Radar,0,66,68,0,134,0,87,98,0,185,0,153,166,0,319,189,0,189,508
08/30/2022,SDL,AZ,AWP,CE,Towers with Radar,0,71,60,0,131,0,91,122,0,213,0,162,182,0,344,139,0,139,483
08/31/2022,SDL,AZ,AWP,CE,Towers with Radar,0,51,71,0,122,0,91,137,0,228,0,142,208,0,350,167,0,167,517
09/01/2022,SDL,AZ,AWP,CE,Towers with Radar,0,79,88,0,167,0,81,143,0,224,0,160,231,0,391,174,0,174,565
09/02/2022,SDL,AZ,AWP,CE,Towers with Radar,0,68,99,1,168,0,64,126,0,190,0,132,225,1,358,81,0,81,439
09/03/2022,SDL,AZ,AWP,CE,Towers with Radar,0,33,39,0,72,0,61,105,0,166,0,94,144,0,238,90,0,90,328
09/04/2022,SDL,AZ,AWP,CE,Towers with Radar,0,37,48,0,85,0,38,64,0,102,0,75,112,0,187,38,0,38,225
09/05/2022,SDL,AZ,AWP,CE,Towers with Radar,0,56,94,0,150,0,54,66,0,120,0,110,160,0,270,154,0,154,424
09/06/2022,SDL,AZ,AWP,CE,Towers with Radar,0,58,84,0,142,0,63,112,0,175,0,121,196,0,317,134,0,134,451
09/07/2022,SDL,AZ,AWP,CE,Towers with Radar,0,55,99,1,155,0,89,146,0,235,0,144,245,1,390,146,0,146,536
09/08/2022,SDL,AZ,AWP,CE,Towers with Radar,0,53,97,0,150,0,94,131,0,225,0,147,228,0,375,102,0,102,477
09/09/2022,SDL,AZ,AWP,CE,Towers with Radar,0,55,93,0,148,0,60,127,0,187,0,115,220,0,335,131,0,131,466
09/10/2022,SDL,AZ,AWP,CE,Towers with Radar,0,58,72,0,130,0,68,77,0,145,0,126,149,0,275,147,0,147,422
09/11/2022,SDL,AZ,AWP,CE,Towers with Radar,0,65,90,0,155,0,23,60,0,83,0,88,150,0,238,54,0,54,292
09/12/2022,SDL,AZ,AWP,CE,Towers with Radar,0,59,97,2,158,0,77,96,0,173,0,136,193,2,331,165,0,165,496
09/13/2022,SDL,AZ,AWP,CE,Towers with Radar,0,46,72,0,118,0,72,135,0,207,0,118,207,0,325,173,0,173,498
09/14/2022,SDL,AZ,AWP,CE,Towers with Radar,0,46,89,0,135,0,66,135,0,201,0,112,224,0,336,212,0,212,548
09/15/2022,SDL,AZ,AWP,CE,Towers with Radar,0,71,91,2,164,3,90,124,0,217,3,161,215,2,381,155,0,155,536
09/16/2022,SDL,AZ,AWP,CE,Towers with Radar,0,47,74,4,125,0,67,153,2,222,0,114,227,6,347,168,0,168,515
09/17/2022,SDL,AZ,AWP,CE,Towers with Radar,0,48,57,0,105,0,48,90,12,150,0,96,147,12,255,122,2,124,379
09/18/2022,SDL,AZ,AWP,CE,Towers with Radar,0,67,109,1,177,0,41,86,4,131,0,108,195,5,308,50,0,50,358
09/19/2022,SDL,AZ,AWP,CE,Towers with Radar,0,64,84,0,148,0,103,122,5,230,0,167,206,5,378,118,0,118,496
09/20/2022,SDL,AZ,AWP,CE,Towers with Radar,0,54,91,0,145,0,93,116,0,209,0,147,207,0,354,151,0,151,505
09/21/2022,SDL,AZ,AWP,CE,Towers with Radar,0,71,88,1,160,0,52,84,0,136,0,123,172,1,296,141,0,141,437
09/22/2022,SDL,AZ,AWP,CE,Towers with Radar,0,46,109,1,156,0,81,143,1,225,0,127,252,2,381,170,0,170,551
09/23/2022,SDL,AZ,AWP,CE,Towers with Radar,0,62,120,0,182,0,57,128,2,187,0,119,248,2,369,129,0,129,498
09/24/2022,SDL,AZ,AWP,CE,Towers with Radar,0,53,73,0,126,0,80,132,3,215,0,133,205,3,341,153,0,153,494
09/25/2022,SDL,AZ,AWP,CE,Towers with Radar,0,65,99,0,164,0,22,104,2,128,0,87,203,2,292,70,0,70,362
09/26/2022,SDL,AZ,AWP,CE,Towers with Radar,0,57,108,0,165,0,52,93,0,145,0,109,201,0,310,90,0,90,400
09/27/2022,SDL,AZ,AWP,CE,Towers with Radar,0,45,88,0,133,0,62,130,0,192,0,107,218,0,325,163,0,163,488
09/28/2022,SDL,AZ,AWP,CE,Towers with Radar,0,48,98,2,148,0,69,126,0,195,0,117,224,2,343,106,0,106,449
09/29/2022,SDL,AZ,AWP,CE,Towers with Radar,0,75,79,0,154,0,79,142,0,221,0,154,221,0,375,146,0,146,521
09/30/2022,SDL,AZ,AWP,CE,Towers with Radar,0,59,105,1,165,0,59,139,1,199,0,118,244,2,364,135,0,135,499
10/01/2022,SDL,AZ,AWP,CE,Towers with Radar,0,45,62,0,107,0,67,106,0,173,0,112,168,0,280,82,0,82,362
10/02/2022,SDL,AZ,AWP,CE,Towers with Radar,0,71,111,1,183,0,34,73,3,110,0,105,184,4,293,50,0,50,343
10/03/2022,SDL,AZ,AWP,CE,Towers with Radar,0,54,86,0,140,0,47,79,1,127,0,101,165,1,267,92,0,92,359
10/04/2022,SDL,AZ,AWP,CE,Towers with Radar,0,69,104,0,173,0,74,150,0,224,0,143,254,0,397,148,0,148,545
10/05/2022,SDL,AZ,AWP,CE,Towers with Radar,0,75,102,1,178,0,94,183,0,277,0,169,285,1,455,185,0,185,640
10/06/2022,SDL,AZ,AWP,CE,Towers with Radar,0,79,122,0,201,0,59,155,0,214,0,138,277,0,415,162,0,162,577
10/07/2022,SDL,AZ,AWP,CE,Towers with Radar,0,80,90,0,170,0,81,140,0,221,0,161,230,0,391,89,0,89,480
10/08/2022,SDL,AZ,AWP,CE,Towers with Radar,0,58,95,2,155,0,51,109,1,161,0,109,204,3,316,127,0,127,443
10/09/2022,SDL,AZ,AWP,CE,Towers with Radar,0,94,124,0,218,0,44,115,2,161,0,138,239,2,379,87,0,87,466
10/10/2022,SDL,AZ,AWP,CE,Towers with Radar,0,70,137,3,210,0,76,128,0,204,0,146,265,3,414,167,0,167,581
10/11/2022,SDL,AZ,AWP,CE,Towers with Radar,0,70,76,0,146,0,88,148,0,236,0,158,224,0,382,185,0,185,567
10/12/2022,SDL,AZ,AWP,CE,Towers with Radar,0,81,103,0,184,0,79,164,1,244,0,160,267,1,428,109,0,109,537
10/13/2022,SDL,AZ,AWP,CE,Towers with Radar,0,93,104,0,197,0,68,171,0,239,0,161,275,0,436,165,0,165,601
10/14/2022,SDL,AZ,AWP,CE,Towers with Radar,0,62,124,3,189,0,69,146,0,215,0,131,270,3,404,125,0,125,529
10/15/2022,SDL,AZ,AWP,CE,Towers with Radar,0,80,73,0,153,0,28,54,0,82,0,108,127,0,235,40,0,40,275
10/16/2022,SDL,AZ,AWP,CE,Towers with Radar,0,86,127,1,214,0,39,81,0,120,0,125,208,1,334,123,0,123,457
10/17/2022,SDL,AZ,AWP,CE,Towers with Radar,0,80,112,0,192,0,100,133,0,233,0,180,245,0,425,204,0,204,629
10/18/2022,SDL,AZ,AWP,CE,Towers with Radar,0,59,96,0,155,0,72,148,0,220,0,131,244,0,375,128,0,128,503
10/19/2022,SDL,AZ,AWP,CE,Towers with Radar,0,87,106,2,195,0,62,129,1,192,0,149,235,3,387,82,0,82,469
10/20/2022,SDL,AZ,AWP,CE,Towers with Radar,0,61,104,0,165,0,80,154,0,234,0,141,258,0,399,191,0,191,590
10/21/2022,SDL,AZ,AWP,CE,Towers with Radar,1,69,119,1,190,0,69,154,1,224,1,138,273,2,414,162,1,163,577
10/22/2022,SDL,AZ,AWP,CE,Towers with Radar,0,65,77,0,142,0,59,113,0,172,0,124,190,0,314,125,0,125,439
10/23/2022,SDL,AZ,AWP,CE,Towers with Radar,0,77,131,1,209,0,46,93,0,139,0,123,224,1,348,67,0,67,415
10/24/2022,SDL,AZ,AWP,CE,Towers with Radar,0,69,106,0,175,0,80,158,0,238,0,149,264,0,413,116,0,116,529
10/25/2022,SDL,AZ,AWP,CE,Towers with Radar,0,92,100,0,192,0,74,172,0,246,0,166,272,0,438,88,0,88,526
10/26/2022,SDL,AZ,AWP,CE,Towers with Radar,0,92,139,1,232,0,74,177,1,252,0,166,316,2,484,124,0,124,608
10/27/2022,SDL,AZ,AWP,CE,Towers with Radar,0,86,137,2,225,0,76,193,0,269,0,162,330,2,494,88,0,88,582
10/28/2022,SDL,AZ,AWP,CE,Towers with Radar,0,83,110,0,193,0,60,156,0,216,0,143,266,0,409,109,0,109,518
10/29/2022,SDL,AZ,AWP,CE,Towers with Radar,0,48,74,0,122,0,46,93,4,143,0,94,167,4,265,119,0,119,384
10/30/2022,SDL,AZ,AWP,CE,Towers with Radar,0,79,143,0,222,0,41,112,1,154,0,120,255,1,376,128,0,128,504
10/31/2022,SDL,AZ,AWP,CE,Towers with Radar,0,50,98,0,148,0,83,136,0,219,0,133,234,0,367,150,0,150,517
11/01/2022,SDL,AZ,AWP,CE,Towers with Radar,0,74,79,0,153,0,78,148,1,227,0,152,227,1,380,145,0,145,525
11/02/2022,SDL,AZ,AWP,CE,Towers with Radar,0,78,118,4,200,0,73,136,0,209,0,151,254,4,409,123,0,123,532
11/03/2022,SDL,AZ,AWP,CE,Towers with Radar,0,84,102,0,186,0,27,86,0,113,0,111,188,0,299,104,0,104,403
11/04/2022,SDL,AZ,AWP,CE,Towers with Radar,0,92,124,3,219,0,87,163,4,254,0,179,287,7,473,55,0,55,528
11/05/2022,SDL,AZ,AWP,CE,Towers with Radar,0,76,81,0,157,0,83,142,0,225,0,159,223,0,382,125,0,125,507
11/06/2022,SDL,AZ,AWP,CE,Towers with Radar,0,87,122,3,212,0,34,163,1,198,0,121,285,4,410,83,0,83,493
11/07/2022,SDL,AZ,AWP,CE,Towers with Radar,0,79,112,0,191,0,103,202,0,305,0,182,314,0,496,88,0,88,584
11/08/2022,SDL,AZ,AWP,CE,Towers with Radar,0,76,103,2,181,0,111,175,1,287,0,187,278,3,468,151,0,151,619
11/09/2022,SDL,AZ,AWP,CE,Towers with Radar,0,83,138,0,221,0,47,62,0,109,0,130,200,0,330,102,0,102,432
11/10/2022,SDL,AZ,AWP,CE,Towers with Radar,0,103,151,4,258,0,87,182,0,269,0,190,333,4,527,74,0,74,601
11/11/2022,SDL,AZ,AWP,CE,Towers with Radar,1,107,130,0,238,0,77,190,0,267,1,184,320,0,505,66,0,66,571
11/12/2022,SDL,AZ,AWP,CE,Towers with Radar,0,65,96,0,161,0,72,214,0,286,0,137,310,0,447,18,0,18,465
11/13/2022,SDL,AZ,AWP,CE,Towers with Radar,0,85,156,0,241,0,43,128,0,171,0,128,284,0,412,82,0,82,494
11/14/2022,SDL,AZ,AWP,CE,Towers with Radar,0,97,121,1,219,0,102,131,0,233,0,199,252,1,452,99,0,99,551
11/15/2022,SDL,AZ,AWP,CE,Towers with Radar,0,89,111,2,202,0,98,159,1,258,0,187,270,3,460,78,0,78,538
11/16/2022,SDL,AZ,AWP,CE,Towers with Radar,0,74,152,0,226,0,51,114,0,165,0,125,266,0,391,51,0,51,442
11/17/2022,SDL,AZ,AWP,CE,Towers with Radar,0,79,136,1,216,0,68,205,0,273,0,147,341,1,489,59,0,59,548
11/18/2022,SDL,AZ,AWP,CE,Towers with Radar,0,88,137,0,225,0,75,156,0,231,0,163,293,0,456,75,0,75,531
11/19/2022,SDL,AZ,AWP,CE,Towers with Radar,0,98,94,0,192,0,61,120,1,182,0,159,214,1,374,61,0,61,435
11/20/2022,SDL,AZ,AWP,CE,Towers with Radar,0,94,128,0,222,0,28,142,4,174,0,122,270,4,396,37,0,37,433
11/21/2022,SDL,AZ,AWP,CE,Towers with Radar,0,86,99,0,185,0,82,143,1,226,0,168,242,1,411,144,0,144,555
11/22/2022,SDL,AZ,AWP,CE,Towers with Radar,0,103,124,0,227,0,98,145,1,244,0,201,269,1,471,132,0,132,603
11/23/2022,SDL,AZ,AWP,CE,Towers with Radar,0,76,130,2,208,0,56,109,0,165,0,132,239,2,373,86,0,86,459
11/24/2022,SDL,AZ,AWP,CE,Towers with Radar,0,29,15,0,44,0,10,26,0,36,0,39,41,0,80,16,0,16,96
11/25/2022,SDL,AZ,AWP,CE,Towers with Radar,0,64,69,0,133,0,25,77,0,102,0,89,146,0,235,58,0,58,293
11/26/2022,SDL,AZ,AWP,CE,Towers with Radar,0,107,95,0,202,0,46,92,0,138,0,153,187,0,340,85,0,85,425
11/27/2022,SDL,AZ,AWP,CE,Towers with Radar,0,97,179,0,276,0,16,93,0,109,0,113,272,0,385,36,0,36,421
11/28/2022,SDL,AZ,AWP,CE,Towers with Radar,0,95,101,0,196,0,70,106,0,176,0,165,207,0,372,80,0,80,452
11/29/2022,SDL,AZ,AWP,CE,Towers with Radar,0,70,96,0,166,0,88,114,0,202,0,158,210,0,368,121,0,121,489
11/30/2022,SDL,AZ,AWP,CE,Towers with Radar,0,72,123,2,197,0,59,156,0,215,0,131,279,2,412,101,0,101,513
12/01/2022,SDL,AZ,AWP,CE,Towers with Radar,1,85,122,2,210,0,59,108,0,167,1,144,230,2,377,126,0,126,503
12/02/2022,SDL,AZ,AWP,CE,Towers with Radar,0,62,95,0,157,0,67,130,0,197,0,129,225,0,354,179,0,179,533
12/03/2022,SDL,AZ,AWP,CE,Towers with Radar,0,52,73,0,125,0,31,53,0,84,0,83,126,0,209,78,0,78,287
12/04/2022,SDL,AZ,AWP,CE,Towers with Radar,0,91,112,0,203,0,12,20,2,34,0,103,132,2,237,42,0,42,279
12/05/2022,SDL,AZ,AWP,CE,Towers with Radar,0,70,108,0,178,0,21,65,0,86,0,91,173,0,264,40,0,40,304
12/06/2022,SDL,AZ,AWP,CE,Towers with Radar,0,75,88,0,163,0,37,72,0,109,0,112,160,0,272,96,0,96,368
12/07/2022,SDL,AZ,AWP,CE,Towers with Radar,0,77,120,2,199,0,57,154,0,211,0,134,274,2,410,161,0,161,571
12/08/2022,SDL,AZ,AWP,CE,Towers with Radar,0,74,93,0,167,0,77,160,0,237,0,151,253,0,404,127,0,127,531
12/09/2022,SDL,AZ,AWP,CE,Towers with Radar,0,66,120,6,192,0,72,179,0,251,0,138,299,6,443,130,0,130,573
12/10/2022,SDL,AZ,AWP,CE,Towers with Radar,0,35,86,0,121,0,54,125,0,179,0,89,211,0,300,146,0,146,446
12/11/2022,SDL,AZ,AWP,CE,Towers with Radar,0,75,119,0,194,0,43,100,0,143,0,118,219,0,337,87,0,87,424
12/12/2022,SDL,AZ,AWP,CE,Towers with Radar,0,64,109,1,174,0,23,59,0,82,0,87,168,1,256,198,0,198,454
12/13/2022,SDL,AZ,AWP,CE,Towers with Radar,0,65,105,2,172,0,48,88,1,137,0,113,193,3,309,115,0,115,424
12/14/2022,SDL,AZ,AWP,CE,Towers with Radar,0,78,112,0,190,0,91,144,0,235,0,169,256,0,425,102,0,102,527
12/15/2022,SDL,AZ,AWP,CE,Towers with Radar,0,94,125,0,219,0,66,171,0,237,0,160,296,0,456,99,0,99,555
12/16/2022,SDL,AZ,AWP,CE,Towers with Radar,0,93,120,2,215,0,69,154,0,223,0,162,274,2,438,90,0,90,528
12/17/2022,SDL,AZ,AWP,CE,Towers with Radar,0,53,87,0,140,0,57,99,0,156,0,110,186,0,296,136,0,136,432
12/18/2022,SDL,AZ,AWP,CE,Towers with Radar,1,68,96,1,166,0,53,89,0,142,1,121,185,1,308,99,0,99,407
12/19/2022,SDL,AZ,AWP,CE,Towers with Radar,0,76,95,0,171,0,92,142,1,235,0,168,237,1,406,113,0,113,519
12/20/2022,SDL,AZ,AWP,CE,Towers with Radar,0,62,81,0,143,0,87,129,1,217,0,149,210,1,360,130,0,130,490
12/21/2022,SDL,AZ,AWP,CE,Towers with Radar,0,81,108,0,189,0,70,139,1,210,0,151,247,1,399,135,0,135,534
12/22/2022,SDL,AZ,AWP,CE,Towers with Radar,0,68,93,0,161,0,53,142,0,195,0,121,235,0,356,101,0,101,457
12/23/2022,SDL,AZ,AWP,CE,Towers with Radar,0,70,81,0,151,0,47,98,0,145,0,117,179,0,296,78,0,78,374
12/24/2022,SDL,AZ,AWP,CE,Towers with Radar,0,54,47,0,101,0,20,44,0,64,0,74,91,0,165,39,0,39,204
12/25/2022,SDL,AZ,AWP,CE,Towers with Radar,0,44,19,0,63,0,3,18,0,21,0,47,37,0,84,32,0,32,116
12/26/2022,SDL,AZ,AWP,CE,Towers with Radar,1,101,147,0,249,0,29,111,0,140,1,130,258,0,389,44,0,44,433
12/27/2022,SDL,AZ,AWP,CE,Towers with Radar,0,88,160,0,248,0,37,143,0,180,0,125,303,0,428,60,0,60,488
12/28/2022,SDL,AZ,AWP,CE,Towers with Radar,0,44,87,0,131,0,0,0,0,0,0,44,87,0,131,0,0,0,131
12/29/2022,SDL,AZ,AWP,CE,Towers with Radar,0,94,143,0,237,0,56,91,0,147,0,150,234,0,384,37,0,37,421
12/30/2022,SDL,AZ,AWP,CE,Towers with Radar,0,64,132,0,196,0,3,31,0,34,0,67,163,0,230,17,0,17,247
12/31/2022,SDL,AZ,AWP,CE,Towers with Radar,0,70,79,0,149,0,46,78,0,124,0,116,157,0,273,147,0,147,420
01/01/2023,SDL,AZ,AWP,CE,Towers with Radar,0,79,116,0,195,0,3,2,0,5,0,82,118,0,200,10,0,10,210
01/02/2023,SDL,AZ,AWP,CE,Towers with Radar,0,74,162,0,236,0,53,110,0,163,0,127,272,0,399,59,0,59,458
01/03/2023,SDL,AZ,AWP,CE,Towers with Radar,0,87,117,0,204,0,50,87,1,138,0,137,204,1,342,157,0,157,499
01/04/2023,SDL,AZ,AWP,CE,Towers with Radar,0,74,108,0,182,0,56,155,0,211,0,130,263,0,393,116,0,116,509
01/05/2023,SDL,AZ,AWP,CE,Towers with Radar,0,65,101,2,168,0,59,149,0,208,0,124,250,2,376,182,0,182,558
01/06/2023,SDL,AZ,AWP,CE,Towers with Radar,0,77,107,0,184,0,71,187,0,258,0,148,294,0,442,156,0,156,598
01/07/2023,SDL,AZ,AWP,CE,Towers with Radar,0,80,63,0,143,0,67,141,0,208,0,147,204,0,351,123,0,123,474
01/08/2023,SDL,AZ,AWP,CE,Towers with Radar,0,74,97,0,171,0,52,121,0,173,0,126,218,0,344,60,0,60,404
01/09/2023,SDL,AZ,AWP,CE,Towers with Radar,0,56,70,2,128,0,89,126,1,216,0,145,196,3,344,137,0,137,481
01/10/2023,SDL,AZ,AWP,CE,Towers with Radar,0,60,65,0,125,0,89,141,1,231,0,149,206,1,356,146,0,146,502
01/11/2023,SDL,AZ,AWP,CE,Towers with Radar,0,74,107,0,181,0,78,150,2,230,0,152,257,2,411,83,0,83,494
01/12/2023,SDL,AZ,AWP,CE,Towers with Radar,0,72,102,0,174,0,90,169,0,259,0,162,271,0,433,75,0,75,508
01/13/2023,SDL,AZ,AWP,CE,Towers with Radar,0,72,113,4,189,0,84,138,0,222,0,156,251,4,411,116,0,116,527
01/14/2023,SDL,AZ,AWP,CE,Towers with Radar,0,71,77,0,148,0,79,103,0,182,0,150,180,0,330,133,0,133,463
01/15/2023,SDL,AZ,AWP,CE,Towers with Radar,0,70,98,4,172,0,7,23,0,30,0,77,121,4,202,105,0,105,307
01/16/2023,SDL,AZ,AWP,CE,Towers with Radar,0,73,102,0,175,0,1,16,0,17,0,74,118,0,192,0,0,0,192
01/17/2023,SDL,AZ,AWP,CE,Towers with Radar,0,64,93,4,161,0,70,101,0,171,0,134,194,4,332,142,0,142,474
01/18/2023,SDL,AZ,AWP,CE,Towers with Radar,0,81,105,2,188,0,81,157,1,239,0,162,262,3,427,87,0,87,514
01/19/2023,SDL,AZ,AWP,CE,Towers with Radar,0,61,100,3,164,0,70,176,2,248,0,131,276,5,412,118,0,118,530
01/20/2023,SDL,AZ,AWP,CE,Towers with Radar,1,83,116,0,200,4,75,132,1,212,5,158,248,1,412,102,0,102,514
01/21/2023,SDL,AZ,AWP,CE,Towers with Radar,0,62,95,0,157,0,66,126,0,192,0,128,221,0,349,83,0,83,432
01/22/2023,SDL,AZ,AWP,CE,Towers with Radar,0,87,112,0,199,0,46,104,0,150,0,133,216,0,349,126,0,126,475
01/23/2023,SDL,AZ,AWP,CE,Towers with Radar,0,73,114,0,187,0,63,105,0,168,0,136,219,0,355,125,0,125,480
01/24/2023,SDL,AZ,AWP,CE,Towers with Radar,0,80,107,0,187,0,85,144,0,229,0,165,251,0,416,84,0,84,500
01/25/2023,SDL,AZ,AWP,CE,Towers with Radar,0,106,164,0,270,0,89,139,0,228,0,195,303,0,498,43,0,43,541
01/26/2023,SDL,AZ,AWP,CE,Towers with Radar,0,107,149,0,256,0,61,113,0,174,0,168,262,0,430,40,0,40,470
01/27/2023,SDL,AZ,AWP,CE,Towers with Radar,0,81,149,0,230,0,73,168,0,241,0,154,317,0,471,49,0,49,520
01/28/2023,SDL,AZ,AWP,CE,Towers with Radar,0,75,112,4,191,0,71,115,0,186,0,146,227,4,377,84,0,84,461
01/29/2023,SDL,AZ,AWP,CE,Towers with Radar,0,114,159,0,273,0,32,111,0,143,0,146,270,0,416,35,0,35,451
01/30/2023,SDL,AZ,AWP,CE,Towers with Radar,0,75,97,0,172,0,58,110,0,168,0,133,207,0,340,57,0,57,397
01/31/2023,SDL,AZ,AWP,CE,Towers with Radar,0,53,98,0,151,0,64,118,0,182,0,117,216,0,333,150,0,150,483
02/01/2023,SDL,AZ,AWP,CE,Towers with Radar,0,77,118,2,197,0,89,124,0,213,0,166,242,2,410,108,0,108,518
02/02/2023,SDL,AZ,AWP,CE,Towers with Radar,0,82,119,1,202,0,92,148,0,240,0,174,267,1,442,88,0,88,530
02/03/2023,SDL,AZ,AWP,CE,Towers with Radar,0,66,108,2,176,0,77,146,0,223,0,143,254,2,399,86,0,86,485
02/04/2023,SDL,AZ,AWP,CE,Towers with Radar,0,66,67,1,134,0,84,120,2,206,0,150,187,3,340,127,0,127,467
02/05/2023,SDL,AZ,AWP,CE,Towers with Radar,0,113,130,5,248,0,53,128,1,182,0,166,258,6,430,42,0,42,472
02/06/2023,SDL,AZ,AWP,CE,Towers with Radar,0,106,121,2,229,4,100,126,0,230,4,206,247,2,459,89,0,89,548
02/07/2023,SDL,AZ,AWP,CE,Towers with Radar,0,96,94,1,191,0,90,117,0,207,0,186,211,1,398,45,0,45,443
02/08/2023,SDL,AZ,AWP,CE,Towers with Radar,0,94,123,0,217,0,65,63,0,128,0,159,186,0,345,18,0,18,363
02/09/2023,SDL,AZ,AWP,CE,Towers with Radar,0,143,144,0,287,0,12,31,0,43,0,155,175,0,330,0,0,0,330
02/10/2023,SDL,AZ,AWP,CE,Towers with Radar,0,140,159,0,299,0,6,31,0,37,0,146,190,0,336,14,0,14,350
02/11/2023,SDL,AZ,AWP,CE,Towers with Radar,0,85,81,0,166,0,3,28,0,31,0,88,109,0,197,2,0,2,199
02/12/2023,SDL,AZ,AWP,CE,Towers with Radar,0,106,71,0,177,0,6,36,0,42,0,112,107,0,219,0,0,0,219
02/13/2023,SDL,AZ,AWP,CE,Towers with Radar,0,130,155,1,286,0,1,36,0,37,0,131,191,1,323,0,0,0,323
02/14/2023,SDL,AZ,AWP,CE,Towers with Radar,0,109,110,0,219,0,20,58,0,78,0,129,168,0,297,47,0,47,344
02/15/2023,SDL,AZ,AWP,CE,Towers with Radar,0,104,153,2,259,0,78,116,0,194,0,182,269,2,453,134,0,134,587
02/16/2023,SDL,AZ,AWP,CE,Towers with Radar,0,96,126,0,222,0,84,161,0,245,0,180,287,0,467,44,0,44,511
02/17/2023,SDL,AZ,AWP,CE,Towers with Radar,0,103,147,5,255,0,48,109,0,157,0,151,256,5,412,75,0,75,487
02/18/2023,SDL,AZ,AWP,CE,Towers with Radar,0,80,69,1,150,0,83,124,0,207,0,163,193,1,357,151,0,151,508
02/19/2023,SDL,AZ,AWP,CE,Towers with Radar,0,79,109,0,188,0,64,134,0,198,0,143,243,0,386,109,0,109,495
02/20/2023,SDL,AZ,AWP,CE,Towers with Radar,0,91,146,2,239,0,91,152,0,243,0,182,298,2,482,96,0,96,578
02/21/2023,SDL,AZ,AWP,CE,Towers with Radar,0,88,119,1,208,0,76,139,0,215,0,164,258,1,423,114,0,114,537
02/22/2023,SDL,AZ,AWP,CE,Towers with Radar,0,62,94,0,156,0,4,4,0,8,0,66,98,0,164,0,0,0,164
02/23/2023,SDL,AZ,AWP,CE,Towers with Radar,0,85,127,4,216,0,94,119,0,213,0,179,246,4,429,114,0,114,543
02/24/2023,SDL,AZ,AWP,CE,Towers with Radar,0,104,125,4,233,0,78,161,0,239,0,182,286,4,472,123,0,123,595
02/25/2023,SDL,AZ,AWP,CE,Towers with Radar,0,78,70,2,150,0,88,104,0,192,0,166,174,2,342,52,0,52,394
02/26/2023,SDL,AZ,AWP,CE,Towers with Radar,0,96,151,3,250,0,10,40,2,52,0,106,191,5,302,29,2,31,333
02/27/2023,SDL,AZ,AWP,CE,Towers with Radar,0,75,77,3,155,0,104,187,1,292,0,179,264,4,447,171,0,171,618
02/28/2023,SDL,AZ,AWP,CE,Towers with Radar,0,93,111,0,204,0,111,154,2,267,0,204,265,2,471,80,0,80,551
03/01/2023,SDL,AZ,AWP,CE,Towers with Radar,0,92,93,4,189,0,42,60,0,102,0,134,153,4,291,61,0,61,352
03/02/2023,SDL,AZ,AWP,CE,Towers with Radar,0,90,103,0,193,0,36,105,0,141,0,126,208,0,334,198,0,198,532
03/03/2023,SDL,AZ,AWP,CE,Towers with Radar,0,70,135,13,218,0,88,166,2,256,0,158,301,15,474,105,0,105,579
03/04/2023,SDL,AZ,AWP,CE,Towers with Radar,0,93,62,2,157,0,86,118,6,210,0,179,180,8,367,116,0,116,483
03/05/2023,SDL,AZ,AWP,CE,Towers with Radar,0,91,133,0,224,0,60,91,0,151,0,151,224,0,375,75,0,75,450
03/06/2023,SDL,AZ,AWP,CE,Towers with Radar,0,72,85,2,159,0,125,131,0,256,0,197,216,2,415,194,0,194,609
03/07/2023,SDL,AZ,AWP,CE,Towers with Radar,0,69,91,2,162,0,109,178,0,287,0,178,269,2,449,95,0,95,544
03/08/2023,SDL,AZ,AWP,CE,Towers with Radar,0,98,102,2,202,0,95,146,0,241,0,193,248,2,443,135,0,135,578
03/09/2023,SDL,AZ,AWP,CE,Towers with Radar,0,94,162,0,256,0,110,160,0,270,0,204,322,0,526,92,0,92,618
03/10/2023,SDL,AZ,AWP,CE,Towers with Radar,0,89,132,6,227,0,103,131,0,234,0,192,263,6,461,118,0,118,579
03/11/2023,SDL,AZ,AWP,CE,Towers with Radar,0,83,103,3,189,0,50,97,0,147,0,133,200,3,336,72,0,72,408
03/12/2023,SDL,AZ,AWP,CE,Towers with Radar,0,118,147,0,265,0,37,98,0,135,0,155,245,0,400,63,0,63,463
03/13/2023,SDL,AZ,AWP,CE,Towers with Radar,0,87,106,0,193,0,115,128,0,243,0,202,234,0,436,156,0,156,592
03/14/2023,SDL,AZ,AWP,CE,Towers with Radar,0,84,104,0,188,0,92,134,0,226,0,176,238,0,414,141,0,141,555
03/15/2023,SDL,AZ,AWP,CE,Towers with Radar,1,97,132,0,230,0,15,29,0,44,1,112,161,0,274,67,0,67,341
03/16/2023,SDL,AZ,AWP,CE,Towers with Radar,0,110,117,1,228,0,85,117,0,202,0,195,234,1,430,145,0,145,575
03/17/2023,SDL,AZ,AWP,CE,Towers with Radar,0,112,128,1,241,0,63,168,3,234,0,175,296,4,475,84,0,84,559
03/18/2023,SDL,AZ,AWP,CE,Towers with Radar,0,109,101,3,213,0,53,117,2,172,0,162,218,5,385,90,0,90,475
03/19/2023,SDL,AZ,AWP,CE,Towers with Radar,0,133,175,0,308,0,32,79,0,111,0,165,254,0,419,47,0,47,466
03/20/2023,SDL,AZ,AWP,CE,Towers with Radar,0,95,137,1,233,0,91,126,0,217,0,186,263,1,450,115,0,115,565
03/21/2023,SDL,AZ,AWP,CE,Towers with Radar,0,43,96,0,139,0,36,66,2,104,0,79,162,2,243,143,0,143,386
03/22/2023,SDL,AZ,AWP,CE,Towers with Radar,0,71,111,0,182,0,70,79,0,149,0,141,190,0,331,179,0,179,510
03/23/2023,SDL,AZ,AWP,CE,Towers with Radar,0,118,119,2,239,0,88,184,4,276,0,206,303,6,515,119,0,119,634
03/24/2023,SDL,AZ,AWP,CE,Towers with Radar,0,84,124,9,217,0,95,140,7,242,0,179,264,16,459,126,0,126,585
03/25/2023,SDL,AZ,AWP,CE,Towers with Radar,0,98,81,0,179,0,90,136,3,229,0,188,217,3,408,78,4,82,490
03/26/2023,SDL,AZ,AWP,CE,Towers with Radar,0,102,139,2,243,0,77,99,5,181,0,179,238,7,424,109,0,109,533
03/27/2023,SDL,AZ,AWP,CE,Towers with Radar,0,107,106,2,215,0,109,160,0,269,0,216,266,2,484,138,0,138,622
03/28/2023,SDL,AZ,AWP,CE,Towers with Radar,0,80,100,0,180,0,87,156,3,246,0,167,256,3,426,137,0,137,563
03/29/2023,SDL,AZ,AWP,CE,Towers with Radar,0,107,104,0,211,0,89,144,0,233,0,196,248,0,444,90,0,90,534
03/30/2023,SDL,AZ,AWP,CE,Towers with Radar,0,89,113,2,204,0,46,63,0,109,0,135,176,2,313,117,0,117,430
03/31/2023,SDL,AZ,AWP,CE,Towers with Radar,0,100,133,1,234,0,64,152,3,219,0,164,285,4,453,80,0,80,533
04/01/2023,SDL,AZ,AWP,CE,Towers with Radar,0,125,84,0,209,0,81,147,0,228,0,206,231,0,437,139,0,139,576
04/02/2023,SDL,AZ,AWP,CE,Towers with Radar,0,120,127,1,248,0,55,105,0,160,0,175,232,1,408,70,0,70,478
04/03/2023,SDL,AZ,AWP,CE,Towers with Radar,0,87,86,0,173,0,55,74,0,129,0,142,160,0,302,150,0,150,452
04/04/2023,SDL,AZ,AWP,CE,Towers with Radar,0,65,64,0,129,0,27,78,0,105,0,92,142,0,234,59,0,59,293
04/05/2023,SDL,AZ,AWP,CE,Towers with Radar,0,108,114,2,224,0,100,188,0,288,0,208,302,2,512,131,0,131,643
04/06/2023,SDL,AZ,AWP,CE,Towers with Radar,0,96,123,2,221,0,106,159,3,268,0,202,282,5,489,115,0,115,604
04/07/2023,SDL,AZ,AWP,CE,Towers with Radar,0,90,112,1,203,0,103,160,5,268,0,193,272,6,471,88,0,88,559
04/08/2023,SDL,AZ,AWP,CE,Towers with Radar,0,77,87,1,165,0,64,139,3,206,0,141,226,4,371,135,0,135,506
04/09/2023,SDL,AZ,AWP,CE,Towers with Radar,0,83,77,1,161,0,25,80,1,106,0,108,157,2,267,29,1,30,297
04/10/2023,SDL,AZ,AWP,CE,Towers with Radar,0,95,142,0,237,0,106,148,0,254,0,201,290,0,491,82,0,82,573
04/11/2023,SDL,AZ,AWP,CE,Towers with Radar,0,86,104,0,190,0,110,170,5,285,0,196,274,5,475,120,0,120,595
04/12/2023,SDL,AZ,AWP,CE,Towers with Radar,0,70,105,0,175,0,115,158,0,273,0,185,263,0,448,125,0,125,573
04/13/2023,SDL,AZ,AWP,CE,Towers with Radar,0,96,127,0,223,0,93,138,0,231,0,189,265,0,454,116,0,116,570
04/14/2023,SDL,AZ,AWP,CE,Towers with Radar,0,107,112,0,219,0,87,149,0,236,0,194,261,0,455,124,0,124,579
04/15/2023,SDL,AZ,AWP,CE,Towers with Radar,0,65,92,1,158,0,101,131,0,232,0,166,223,1,390,175,0,175,565
04/16/2023,SDL,AZ,AWP,CE,Towers with Radar,0,99,131,0,230,0,64,114,0,178,0,163,245,0,408,45,0,45,453
04/17/2023,SDL,AZ,AWP,CE,Towers with Radar,0,94,105,0,199,0,98,107,0,205,0,192,212,0,404,117,0,117,521
04/18/2023,SDL,AZ,AWP,CE,Towers with Radar,0,70,102,2,174,0,116,135,2,253,0,186,237,4,427,135,0,135,562
04/19/2023,SDL,AZ,AWP,CE,Towers with Radar,0,73,115,0,188,0,92,141,1,234,0,165,256,1,422,114,1,115,537
04/20/2023,SDL,AZ,AWP,CE,Towers with Radar,0,81,115,0,196,0,83,144,0,227,0,164,259,0,423,108,0,108,531
04/21/2023,SDL,AZ,AWP,CE,Towers with Radar,0,73,102,1,176,0,77,116,0,193,0,150,218,1,369,181,0,181,550
04/22/2023,SDL,AZ,AWP,CE,Towers with Radar,0,87,94,0,181,0,54,124,0,178,0,141,218,0,359,115,0,115,474
04/23/2023,SDL,AZ,AWP,CE,Towers with Radar,0,105,122,0,227,0,37,128,1,166,0,142,250,1,393,126,0,126,519
04/24/2023,SDL,AZ,AWP,CE,Towers with Radar,0,75,98,0,173,0,106,128,0,234,0,181,226,0,407,167,0,167,574
04/25/2023,SDL,AZ,AWP,CE,Towers with Radar,0,56,102,0,158,0,89,159,14,262,0,145,261,14,420,121,0,121,541
04/26/2023,SDL,AZ,AWP,CE,Towers with Radar,0,75,114,2,191,0,113,170,0,283,0,188,284,2,474,192,0,192,666
04/27/2023,SDL,AZ,AWP,CE,Towers with Radar,1,95,118,0,214,0,83,161,0,244,1,178,279,0,458,179,0,179,637
04/28/2023,SDL,AZ,AWP,CE,Towers with Radar,0,81,120,4,205,0,82,138,0,220,0,163,258,4,425,95,0,95,520
04/29/2023,SDL,AZ,AWP,CE,Towers with Radar,0,72,63,3,138,0,56,140,0,196,0,128,203,3,334,171,0,171,505
04/30/2023,SDL,AZ,AWP,CE,Towers with Radar,0,97,127,1,225,0,48,117,0,165,0,145,244,1,390,127,0,127,517
05/01/2023,SDL,AZ,AWP,CE,Towers with Radar,0,67,87,4,158,0,60,92,0,152,0,127,179,4,310,105,0,105,415
05/02/2023,SDL,AZ,AWP,CE,Towers with Radar,0,87,75,2,164,0,86,146,0,232,0,173,221,2,396,173,0,173,569
05/03/2023,SDL,AZ,AWP,CE,Towers with Radar,0,90,116,4,210,0,80,168,0,248,0,170,284,4,458,112,0,112,570
05/04/2023,SDL,AZ,AWP,CE,Towers with Radar,0,96,126,2,224,0,98,171,0,269,0,194,297,2,493,151,0,151,644
05/05/2023,SDL,AZ,AWP,CE,Towers with Radar,0,94,97,4,195,0,101,153,4,258,0,195,250,8,453,186,0,186,639
05/06/2023,SDL,AZ,AWP,CE,Towers with Radar,0,67,79,0,146,0,66,123,0,189,0,133,202,0,335,194,0,194,529
05/07/2023,SDL,AZ,AWP,CE,Towers with Radar,0,119,130,0,249,0,43,101,0,144,0,162,231,0,393,118,0,118,511
05/08/2023,SDL,AZ,AWP,CE,Towers with Radar,0,77,104,2,183,0,94,138,0,232,0,171,242,2,415,254,0,254,669
05/09/2023,SDL,AZ,AWP,CE,Towers with Radar,0,77,96,0,173,0,106,136,0,242,0,183,232,0,415,171,0,171,586
05/10/2023,SDL,AZ,AWP,CE,Towers with Radar,0,99,139,0,238,0,83,123,0,206,0,182,262,0,444,193,0,193,637
05/11/2023,SDL,AZ,AWP,CE,Towers with Radar,0,92,117,0,209,0,102,138,0,240,0,194,255,0,449,244,0,244,693
05/12/2023,SDL,AZ,AWP,CE,Towers with Radar,0,79,99,7,185,0,87,126,0,213,0,166,225,7,398,167,0,167,565
05/13/2023,SDL,AZ,AWP,CE,Towers with Radar,0,67,71,0,138,0,46,141,0,187,0,113,212,0,325,195,0,195,520
05/14/2023,SDL,AZ,AWP,CE,Towers with Radar,0,63,81,0,144,0,26,52,0,78,0,89,133,0,222,92,0,92,314
05/15/2023,SDL,AZ,AWP,CE,Towers with Radar,1,93,92,0,186,0,72,80,0,152,1,165,172,0,338,156,0,156,494
05/16/2023,SDL,AZ,AWP,CE,Towers with Radar,0,73,73,0,146,0,90,111,0,201,0,163,184,0,347,129,0,129,476
05/17/2023,SDL,AZ,AWP,CE,Towers with Radar,2,87,101,0,190,0,107,135,0,242,2,194,236,0,432,102,0,102,534
05/18/2023,SDL,AZ,AWP,CE,Towers with Radar,0,70,100,1,171,0,63,94,3,160,0,133,194,4,331,93,0,93,424
05/19/2023,SDL,AZ,AWP,CE,Towers with Radar,0,80,98,0,178,0,74,121,1,196,0,154,219,1,374,97,0,97,471
05/20/2023,SDL,AZ,AWP,CE,Towers with Radar,0,57,59,0,116,0,54,118,0,172,0,111,177,0,288,94,0,94,382
05/21/2023,SDL,AZ,AWP,CE,Towers with Radar,0,95,88,0,183,0,58,114,0,172,0,153,202,0,355,133,0,133,488
05/22/2023,SDL,AZ,AWP,CE,Towers with Radar,0,82,92,0,174,0,96,152,0,248,0,178,244,0,422,134,0,134,556
05/23/2023,SDL,AZ,AWP,CE,Towers with Radar,0,88,86,0,174,0,81,147,0,228,0,169,233,0,402,113,0,113,515
05/24/2023,SDL,AZ,AWP,CE,Towers with Radar,0,89,120,4,213,0,112,136,0,248,0,201,256,4,461,109,0,109,570
05/25/2023,SDL,AZ,AWP,CE,Towers with Radar,1,101,128,0,230,0,83,140,0,223,1,184,268,0,453,165,0,165,618
05/26/2023,SDL,AZ,AWP,CE,Towers with Radar,0,81,116,3,200,0,72,126,0,198,0,153,242,3,398,78,0,78,476
05/27/2023,SDL,AZ,AWP,CE,Towers with Radar,0,59,67,0,126,0,52,83,0,135,0,111,150,0,261,100,0,100,361
05/28/2023,SDL,AZ,AWP,CE,Towers with Radar,0,43,37,3,83,0,21,64,0,85,0,64,101,3,168,68,0,68,236
05/29/2023,SDL,AZ,AWP,CE,Towers with Radar,0,58,99,2,159,0,63,116,0,179,0,121,215,2,338,104,0,104,442
05/30/2023,SDL,AZ,AWP,CE,Towers with Radar,0,66,88,0,154,0,52,126,0,178,0,118,214,0,332,144,0,144,476
05/31/2023,SDL,AZ,AWP,CE,Towers with Radar,0,54,61,0,115,0,66,110,0,176,0,120,171,0,291,119,0,119,410
06/01/2023,SDL,AZ,AWP,CE,Towers with Radar,0,67,108,0,175,0,87,142,0,229,0,154,250,0,404,153,0,153,557
06/02/2023,SDL,AZ,AWP,CE,Towers with Radar,0,61,95,4,160,0,78,133,0,211,0,139,228,4,371,143,0,143,514
06/03/2023,SDL,AZ,AWP,CE,Towers with Radar,0,44,51,0,95,0,61,113,3,177,0,105,164,3,272,199,0,199,471
06/04/2023,SDL,AZ,AWP,CE,Towers with Radar,0,72,76,2,150,0,43,94,2,139,0,115,170,4,289,59,0,59,348
06/05/2023,SDL,AZ,AWP,CE,Towers with Radar,0,59,81,0,140,0,67,98,0,165,0,126,179,0,305,115,0,115,420
06/06/2023,SDL,AZ,AWP,CE,Towers with Radar,0,41,85,0,126,0,67,123,0,190,0,108,208,0,316,155,0,155,471
06/07/2023,SDL,AZ,AWP,CE,Towers with Radar,0,57,75,0,132,0,71,138,0,209,0,128,213,0,341,98,0,98,439
06/08/2023,SDL,AZ,AWP,CE,Towers with Radar,0,50,79,0,129,0,71,126,0,197,0,121,205,0,326,62,0,62,388
06/09/2023,SDL,AZ,AWP,CE,Towers with Radar,0,51,106,0,157,0,82,133,2,217,0,133,239,2,374,188,0,188,562
06/10/2023,SDL,AZ,AWP,CE,Towers with Radar,0,43,66,4,113,0,63,75,3,141,0,106,141,7,254,105,0,105,359
06/11/2023,SDL,AZ,AWP,CE,Towers with Radar,0,62,95,0,157,0,27,63,3,93,0,89,158,3,250,136,0,136,386
06/12/2023,SDL,AZ,AWP,CE,Towers with Radar,0,59,71,0,130,0,96,98,0,194,0,155,169,0,324,208,0,208,532
06/13/2023,SDL,AZ,AWP,CE,Towers with Radar,0,50,68,0,118,0,96,132,0,228,0,146,200,0,346,164,0,164,510
06/14/2023,SDL,AZ,AWP,CE,Towers with Radar,0,73,80,2,155,0,125,124,0,249,0,198,204,2,404,129,0,129,533
06/15/2023,SDL,AZ,AWP,CE,Towers with Radar,0,65,86,0,151,0,108,144,0,252,0,173,230,0,403,198,0,198,601
06/16/2023,SDL,AZ,AWP,CE,Towers with Radar,0,80,89,2,171,0,107,142,0,249,0,187,231,2,420,173,0,173,593
06/17/2023,SDL,AZ,AWP,CE,Towers with Radar,1,44,57,0,102,0,52,84,0,136,1,96,141,0,238,184,0,184,422
06/18/2023,SDL,AZ,AWP,CE,Towers with Radar,0,43,75,0,118,0,59,67,0,126,0,102,142,0,244,99,0,99,343
06/19/2023,SDL,AZ,AWP,CE,Towers with Radar,0,63,90,0,153,0,113,109,3,225,0,176,199,3,378,141,0,141,519
06/20/2023,SDL,AZ,AWP,CE,Towers with Radar,0,53,72,4,129,0,147,127,1,275,0,200,199,5,404,222,0,222,626
06/21/2023,SDL,AZ,AWP,CE,Towers with Radar,0,58,83,4,145,0,96,146,0,242,0,154,229,4,387,162,0,162,549
06/22/2023,SDL,AZ,AWP,CE,Towers with Radar,0,46,85,2,133,0,101,118,0,219,0,147,203,2,352,132,0,132,484
06/23/2023,SDL,AZ,AWP,CE,Towers with Radar,0,71,75,2,148,0,97,116,1,214,0,168,191,3,362,184,0,184,546
06/24/2023,SDL,AZ,AWP,CE,Towers with Radar,0,58,53,3,114,0,90,100,1,191,0,148,153,4,305,87,0,87,392
06/25/2023,SDL,AZ,AWP,CE,Towers with Radar,0,60,78,0,138,0,71,81,1,153,0,131,159,1,291,144,0,144,435
06/26/2023,SDL,AZ,AWP,CE,Towers with Radar,0,66,77,0,143,0,108,107,2,217,0,174,184,2,360,188,0,188,548
06/27/2023,SDL,AZ,AWP,CE,Towers with Radar,0,38,72,1,111,0,83,117,1,201,0,121,189,2,312,97,0,97,409
06/28/2023,SDL,AZ,AWP,CE,Towers with Radar,0,40,112,0,152,0,96,116,0,212,0,136,228,0,364,147,0,147,511
06/29/2023,SDL,AZ,AWP,CE,Towers with Radar,1,64,81,0,146,0,63,108,0,171,1,127,189,0,317,127,0,127,444
06/30/2023,SDL,AZ,AWP,CE,Towers with Radar,0,69,107,1,177,0,85,122,0,207,0,154,229,1,384,154,0,154,538
07/01/2023,SDL,AZ,AWP,CE,Towers with Radar,0,62,62,0,124,0,57,73,0,130,0,119,135,0,254,105,0,105,359
07/02/2023,SDL,AZ,AWP,CE,Towers with Radar,0,41,49,2,92,0,30,68,0,98,0,71,117,2,190,93,0,93,283
07/03/2023,SDL,AZ,AWP,CE,Towers with Radar,0,34,36,0,70,0,55,89,0,144,0,89,125,0,214,145,0,145,359
07/04/2023,SDL,AZ,AWP,CE,Towers with Radar,0,25,28,0,53,0,10,60,0,70,0,35,88,0,123,141,0,141,264
07/05/2023,SDL,AZ,AWP,CE,Towers with Radar,0,62,73,0,135,0,26,61,0,87,0,88,134,0,222,64,0,64,286
07/06/2023,SDL,AZ,AWP,CE,Towers with Radar,0,31,61,0,92,0,86,98,0,184,0,117,159,0,276,137,0,137,413
07/07/2023,SDL,AZ,AWP,CE,Towers with Radar,1,38,77,0,116,0,73,100,0,173,1,111,177,0,289,129,0,129,418
07/08/2023,SDL,AZ,AWP,CE,Towers with Radar,0,52,51,0,103,0,71,75,6,152,0,123,126,6,255,108,0,108,363
07/09/2023,SDL,AZ,AWP,CE,Towers with Radar,0,64,77,0,141,0,45,73,4,122,0,109,150,4,263,45,0,45,308
07/10/2023,SDL,AZ,AWP,CE,Towers with Radar,0,65,73,0,138,0,111,113,2,226,0,176,186,2,364,82,0,82,446
07/11/2023,SDL,AZ,AWP,CE,Towers with Radar,0,36,54,0,90,0,89,115,3,207,0,125,169,3,297,169,0,169,466
07/12/2023,SDL,AZ,AWP,CE,Towers with Radar,0,62,85,0,147,0,131,118,0,249,0,193,203,0,396,173,0,173,569
07/13/2023,SDL,AZ,AWP,CE,Towers with Radar,0,68,84,0,152,0,129,120,0,249,0,197,204,0,401,163,0,163,564
07/14/2023,SDL,AZ,AWP,CE,Towers with Radar,0,74,52,0,126,0,90,92,0,182,0,164,144,0,308,145,0,145,453
07/15/2023,SDL,AZ,AWP,CE,Towers with Radar,0,44,57,0,101,0,55,51,0,106,0,99,108,0,207,158,0,158,365
07/16/2023,SDL,AZ,AWP,CE,Towers with Radar,0,50,73,0,123,0,48,60,0,108,0,98,133,0,231,91,0,91,322
07/17/2023,SDL,AZ,AWP,CE,Towers with Radar,0,67,85,0,152,0,120,80,0,200,0,187,165,0,352,133,0,133,485
07/18/2023,SDL,AZ,AWP,CE,Towers with Radar,0,49,50,0,99,0,83,84,0,167,0,132,134,0,266,129,0,129,395
07/19/2023,SDL,AZ,AWP,CE,Towers with Radar,0,41,85,0,126,0,110,116,0,226,0,151,201,0,352,137,0,137,489
07/20/2023,SDL,AZ,AWP,CE,Towers with Radar,0,47,76,0,123,0,74,101,1,176,0,121,177,1,299,76,0,76,375
07/21/2023,SDL,AZ,AWP,CE,Towers with Radar,0,58,73,0,131,0,77,73,0,150,0,135,146,0,281,130,0,130,411
07/22/2023,SDL,AZ,AWP,CE,Towers with Radar,0,40,41,1,82,0,79,90,0,169,0,119,131,1,251,141,0,141,392
07/23/2023,SDL,AZ,AWP,CE,Towers with Radar,0,42,59,1,102,0,57,62,0,119,0,99,121,1,221,119,0,119,340
07/24/2023,SDL,AZ,AWP,CE,Towers with Radar,0,46,70,2,118,0,82,75,0,157,0,128,145,2,275,145,0,145,420
07/25/2023,SDL,AZ,AWP,CE,Towers with Radar,0,47,48,0,95,0,93,104,0,197,0,140,152,0,292,122,0,122,414
07/26/2023,SDL,AZ,AWP,CE,Towers with Radar,0,58,70,0,128,0,105,105,0,210,0,163,175,0,338,208,0,208,546
07/27/2023,SDL,AZ,AWP,CE,Towers with Radar,0,61,62,0,123,0,104,125,0,229,0,165,187,0,352,130,0,130,482
07/28/2023,SDL,AZ,AWP,CE,Towers with Radar,0,56,77,1,134,0,86,109,0,195,0,142,186,1,329,148,0,148,477
07/29/2023,SDL,AZ,AWP,CE,Towers with Radar,0,49,37,1,87,0,66,62,1,129,0,115,99,2,216,176,0,176,392
07/30/2023,SDL,AZ,AWP,CE,Towers with Radar,0,49,74,0,123,0,45,68,2,115,0,94,142,2,238,187,0,187,425
07/31/2023,SDL,AZ,AWP,CE,Towers with Radar,0,58,59,0,117,0,85,108,2,195,0,143,167,2,312,171,0,171,483
08/01/2023,SDL,AZ,AWP,CE,Towers with Radar,0,62,65,0,127,0,102,114,1,217,0,164,179,1,344,201,0,201,545
08/02/2023,SDL,AZ,AWP,CE,Towers with Radar,0,53,71,1,125,0,106,115,2,223,0,159,186,3,348,207,0,207,555
08/03/2023,SDL,AZ,AWP,CE,Towers with Radar,0,39,81,0,120,0,92,107,0,199,0,131,188,0,319,175,0,175,494
08/04/2023,SDL,AZ,AWP,CE,Towers with Radar,0,56,58,0,114,0,82,80,0,162,0,138,138,0,276,236,0,236,512
08/05/2023,SDL,AZ,AWP,CE,Towers with Radar,0,50,52,0,102,0,64,83,0,147,0,114,135,0,249,138,0,138,387
08/06/2023,SDL,AZ,AWP,CE,Towers with Radar,0,62,93,0,155,0,58,66,0,124,0,120,159,0,279,140,0,140,419
08/07/2023,SDL,AZ,AWP,CE,Towers with Radar,0,52,69,0,121,0,86,94,0,180,0,138,163,0,301,176,0,176,477
08/08/2023,SDL,AZ,AWP,CE,Towers with Radar,0,56,60,0,116,0,71,71,5,147,0,127,131,5,263,144,0,144,407
08/09/2023,SDL,AZ,AWP,CE,Towers with Radar,0,72,81,0,153,0,89,103,1,193,0,161,184,1,346,161,0,161,507
08/10/2023,SDL,AZ,AWP,CE,Towers with Radar,0,62,69,0,131,0,71,119,0,190,0,133,188,0,321,161,0,161,482
08/11/2023,SDL,AZ,AWP,CE,Towers with Radar,0,46,77,0,123,0,68,99,1,168,0,114,176,1,291,128,0,128,419
08/12/2023,SDL,AZ,AWP,CE,Towers with Radar,0,43,45,0,88,0,79,58,0,137,0,122,103,0,225,131,0,131,356
08/13/2023,SDL,AZ,AWP,CE,Towers with Radar,0,40,98,0,138,0,45,74,0,119,0,85,172,0,257,127,0,127,384
08/14/2023,SDL,AZ,AWP,CE,Towers with Radar,0,56,81,1,138,0,86,98,1,185,0,142,179,2,323,160,0,160,483
08/15/2023,SDL,AZ,AWP,CE,Towers with Radar,0,50,52,0,102,0,63,91,0,154,0,113,143,0,256,121,0,121,377
08/16/2023,SDL,AZ,AWP,CE,Towers with Radar,1,39,91,0,131,0,72,96,1,169,1,111,187,1,300,79,0,79,379
08/17/2023,SDL,AZ,AWP,CE,Towers with Radar,0,52,94,0,146,0,55,99,1,155,0,107,193,1,301,178,0,178,479
08/18/2023,SDL,AZ,AWP,CE,Towers with Radar,0,71,60,0,131,0,70,87,0,157,0,141,147,0,288,111,0,111,399
08/19/2023,SDL,AZ,AWP,CE,Towers with Radar,0,44,34,0,78,0,71,67,0,138,0,115,101,0,216,137,0,137,353
08/20/2023,SDL,AZ,AWP,CE,Towers with Radar,0,66,65,0,131,0,26,45,0,71,0,92,110,0,202,89,0,89,291
08/21/2023,SDL,AZ,AWP,CE,Towers with Radar,0,75,78,0,153,0,73,87,0,160,0,148,165,0,313,189,0,189,502
08/22/2023,SDL,AZ,AWP,CE,Towers with Radar,0,45,59,0,104,0,121,124,0,245,0,166,183,0,349,210,0,210,559
08/23/2023,SDL,AZ,AWP,CE,Towers with Radar,0,50,74,0,124,0,77,99,0,176,0,127,173,0,300,138,0,138,438
08/24/2023,SDL,AZ,AWP,CE,Towers with Radar,0,51,98,0,149,0,98,105,0,203,0,149,203,0,352,99,0,99,451
08/25/2023,SDL,AZ,AWP,CE,Towers with Radar,0,71,76,1,148,0,93,108,0,201,0,164,184,1,349,69,0,69,418
08/26/2023,SDL,AZ,AWP,CE,Towers with Radar,0,33,41,2,76,0,85,92,1,178,0,118,133,3,254,150,0,150,404
08/27/2023,SDL,AZ,AWP,CE,Towers with Radar,0,43,79,2,124,0,45,66,1,112,0,88,145,3,236,77,0,77,313
08/28/2023,SDL,AZ,AWP,CE,Towers with Radar,0,34,75,0,109,0,71,106,0,177,0,105,181,0,286,104,0,104,390
08/29/2023,SDL,AZ,AWP,CE,Towers with Radar,0,36,69,0,105,0,101,99,2,202,0,137,168,2,307,137,0,137,444
08/30/2023,SDL,AZ,AWP,CE,Towers with Radar,0,46,72,0,118,0,102,126,5,233,0,148,198,5,351,158,0,158,509
08/31/2023,SDL,AZ,AWP,CE,Towers with Radar,0,64,91,0,155,0,63,115,4,182,0,127,206,4,337,88,0,88,425
