01/01/2020,SDM,CA,AWP,WE,Federal Contract Tower,0,5,12,0,17,0,0,37,0,37,0,5,49,0,54,40,0,40,94
01/02/2020,SDM,CA,AWP,WE,Federal Contract Tower,0,9,28,0,37,0,0,79,0,79,0,9,107,0,116,96,0,96,212
01/03/2020,SDM,CA,AWP,WE,Federal Contract Tower,0,12,42,0,54,0,0,71,0,71,0,12,113,0,125,112,0,112,237
01/04/2020,SDM,CA,AWP,WE,Federal Contract Tower,0,11,31,0,42,0,0,84,0,84,0,11,115,0,126,128,0,128,254
01/05/2020,SDM,CA,AWP,WE,Federal Contract Tower,0,13,48,0,61,0,0,59,2,61,0,13,107,2,122,44,0,44,166
01/06/2020,SDM,CA,AWP,WE,Federal Contract Tower,0,6,9,0,15,0,0,46,8,54,0,6,55,8,69,154,8,162,231
01/07/2020,SDM,CA,AWP,WE,Federal Contract Tower,0,1,18,3,22,0,0,60,12,72,0,1,78,15,94,100,0,100,194
01/08/2020,SDM,CA,AWP,WE,Federal Contract Tower,0,1,15,4,20,0,0,70,8,78,0,1,85,12,98,98,30,128,226
01/09/2020,SDM,CA,AWP,WE,Federal Contract Tower,0,5,8,3,16,0,0,31,1,32,0,5,39,4,48,70,0,70,118
01/10/2020,SDM,CA,AWP,WE,Federal Contract Tower,0,6,12,0,18,0,0,79,20,99,0,6,91,20,117,126,20,146,263
01/11/2020,SDM,CA,AWP,WE,Federal Contract Tower,0,0,12,2,14,0,0,85,9,94,0,0,97,11,108,92,0,92,200
01/12/2020,SDM,CA,AWP,WE,Federal Contract Tower,0,8,22,1,31,0,0,60,2,62,0,8,82,3,93,74,0,74,167
01/13/2020,SDM,CA,AWP,WE,Federal Contract Tower,0,4,13,0,17,0,0,97,2,99,0,4,110,2,116,204,0,204,320
01/14/2020,SDM,CA,AWP,WE,Federal Contract Tower,0,3,13,1,17,0,0,77,12,89,0,3,90,13,106,204,0,204,310
01/15/2020,SDM,CA,AWP,WE,Federal Contract Tower,0,4,12,0,16,0,0,85,20,105,0,4,97,20,121,132,14,146,267
01/16/2020,SDM,CA,AWP,WE,Federal Contract Tower,0,1,28,1,30,0,1,42,2,45,0,2,70,3,75,90,14,104,179
01/17/2020,SDM,CA,AWP,WE,Federal Contract Tower,0,9,9,5,23,0,0,40,2,42,0,9,49,7,65,92,2,94,159
01/18/2020,SDM,CA,AWP,WE,Federal Contract Tower,0,1,9,3,13,0,0,115,8,123,0,1,124,11,136,160,0,160,296
01/19/2020,SDM,CA,AWP,WE,Federal Contract Tower,0,3,17,7,27,0,0,98,10,108,0,3,115,17,135,64,22,86,221
01/20/2020,SDM,CA,AWP,WE,Federal Contract Tower,0,10,29,1,40,0,0,53,0,53,0,10,82,1,93,138,0,138,231
01/21/2020,SDM,CA,AWP,WE,Federal Contract Tower,0,7,11,3,21,0,0,35,2,37,0,7,46,5,58,108,4,112,170
01/22/2020,SDM,CA,AWP,WE,Federal Contract Tower,0,0,11,0,11,0,0,80,2,82,0,0,91,2,93,258,2,260,353
01/23/2020,SDM,CA,AWP,WE,Federal Contract Tower,0,5,20,1,26,0,1,98,2,101,0,6,118,3,127,278,0,278,405
01/24/2020,SDM,CA,AWP,WE,Federal Contract Tower,0,4,26,1,31,0,1,83,4,88,0,5,109,5,119,176,14,190,309
01/25/2020,SDM,CA,AWP,WE,Federal Contract Tower,0,6,17,0,23,0,0,75,4,79,0,6,92,4,102,106,36,142,244
01/26/2020,SDM,CA,AWP,WE,Federal Contract Tower,0,4,26,1,31,0,0,22,0,22,0,4,48,1,53,48,0,48,101
01/27/2020,SDM,CA,AWP,WE,Federal Contract Tower,0,0,21,0,21,0,0,97,4,101,0,0,118,4,122,202,0,202,324
01/28/2020,SDM,CA,AWP,WE,Federal Contract Tower,0,3,10,0,13,0,0,79,15,94,0,3,89,15,107,114,0,114,221
01/29/2020,SDM,CA,AWP,WE,Federal Contract Tower,0,3,27,0,30,0,0,74,4,78,0,3,101,4,108,194,2,196,304
01/30/2020,SDM,CA,AWP,WE,Federal Contract Tower,0,0,18,0,18,0,0,79,14,93,0,0,97,14,111,140,2,142,253
01/31/2020,SDM,CA,AWP,WE,Federal Contract Tower,0,5,14,0,19,0,1,78,25,104,0,6,92,25,123,156,2,158,281
02/01/2020,SDM,CA,AWP,WE,Federal Contract Tower,0,4,17,0,21,0,1,104,0,105,0,5,121,0,126,110,0,110,236
02/02/2020,SDM,CA,AWP,WE,Federal Contract Tower,0,6,21,2,29,0,0,41,2,43,0,6,62,4,72,44,0,44,116
02/03/2020,SDM,CA,AWP,WE,Federal Contract Tower,0,4,26,0,30,0,0,48,20,68,0,4,74,20,98,268,0,268,366
02/04/2020,SDM,CA,AWP,WE,Federal Contract Tower,2,5,20,1,28,0,0,70,34,104,2,5,90,35,132,114,12,126,258
02/05/2020,SDM,CA,AWP,WE,Federal Contract Tower,0,4,15,0,19,0,0,73,19,92,0,4,88,19,111,180,0,180,291
02/06/2020,SDM,CA,AWP,WE,Federal Contract Tower,0,2,16,0,18,0,0,75,22,97,0,2,91,22,115,156,14,170,285
02/07/2020,SDM,CA,AWP,WE,Federal Contract Tower,0,7,21,5,33,0,0,71,20,91,0,7,92,25,124,216,16,232,356
02/08/2020,SDM,CA,AWP,WE,Federal Contract Tower,0,3,16,2,21,0,0,145,17,162,0,3,161,19,183,100,0,100,283
02/09/2020,SDM,CA,AWP,WE,Federal Contract Tower,0,7,20,11,38,0,0,4,0,4,0,7,24,11,42,28,0,28,70
02/10/2020,SDM,CA,AWP,WE,Federal Contract Tower,0,0,12,0,12,0,0,8,0,8,0,0,20,0,20,38,0,38,58
02/11/2020,SDM,CA,AWP,WE,Federal Contract Tower,0,1,14,3,18,0,0,75,13,88,0,1,89,16,106,198,18,216,322
02/12/2020,SDM,CA,AWP,WE,Federal Contract Tower,0,12,23,1,36,0,0,72,10,82,0,12,95,11,118,190,4,194,312
02/13/2020,SDM,CA,AWP,WE,Federal Contract Tower,0,1,22,0,23,0,1,79,17,97,0,2,101,17,120,256,2,258,378
02/14/2020,SDM,CA,AWP,WE,Federal Contract Tower,0,8,17,3,28,0,0,74,0,74,0,8,91,3,102,198,0,198,300
02/15/2020,SDM,CA,AWP,WE,Federal Contract Tower,0,6,17,1,24,0,0,100,0,100,0,6,117,1,124,76,0,76,200
02/16/2020,SDM,CA,AWP,WE,Federal Contract Tower,0,4,34,3,41,0,0,87,2,89,0,4,121,5,130,134,0,134,264
02/17/2020,SDM,CA,AWP,WE,Federal Contract Tower,0,4,29,4,37,0,1,87,0,88,0,5,116,4,125,154,0,154,279
02/18/2020,SDM,CA,AWP,WE,Federal Contract Tower,0,9,17,5,31,0,1,56,8,65,0,10,73,13,96,126,0,126,222
02/19/2020,SDM,CA,AWP,WE,Federal Contract Tower,0,4,27,4,35,0,0,78,16,94,0,4,105,20,129,178,2,180,309
02/20/2020,SDM,CA,AWP,WE,Federal Contract Tower,0,1,18,0,19,0,0,72,20,92,0,1,90,20,111,214,6,220,331
02/21/2020,SDM,CA,AWP,WE,Federal Contract Tower,0,4,20,5,29,0,0,80,20,100,0,4,100,25,129,194,48,242,371
02/22/2020,SDM,CA,AWP,WE,Federal Contract Tower,0,8,11,6,25,0,0,10,13,23,0,8,21,19,48,36,46,82,130
02/23/2020,SDM,CA,AWP,WE,Federal Contract Tower,0,9,26,2,37,0,0,85,25,110,0,9,111,27,147,90,44,134,281
02/25/2020,SDM,CA,AWP,WE,Federal Contract Tower,0,3,15,4,22,0,0,85,16,101,0,3,100,20,123,224,0,224,347
02/26/2020,SDM,CA,AWP,WE,Federal Contract Tower,0,5,18,2,25,0,0,70,12,82,0,5,88,14,107,196,16,212,319
02/27/2020,SDM,CA,AWP,WE,Federal Contract Tower,0,1,15,0,16,0,0,79,10,89,0,1,94,10,105,116,0,116,221
02/28/2020,SDM,CA,AWP,WE,Federal Contract Tower,0,4,19,2,25,0,0,68,0,68,0,4,87,2,93,144,6,150,243
02/29/2020,SDM,CA,AWP,WE,Federal Contract Tower,0,4,6,2,12,0,0,118,1,119,0,4,124,3,131,116,0,116,247
03/01/2020,SDM,CA,AWP,WE,Federal Contract Tower,0,1,24,1,26,0,0,33,1,34,0,1,57,2,60,24,0,24,84
03/02/2020,SDM,CA,AWP,WE,Federal Contract Tower,0,1,12,0,13,0,0,24,0,24,0,1,36,0,37,78,0,78,115
03/03/2020,SDM,CA,AWP,WE,Federal Contract Tower,0,2,12,0,14,0,0,98,8,106,0,2,110,8,120,168,26,194,314
03/04/2020,SDM,CA,AWP,WE,Federal Contract Tower,0,2,19,1,22,0,1,67,7,75,0,3,86,8,97,220,0,220,317
03/05/2020,SDM,CA,AWP,WE,Federal Contract Tower,0,2,22,0,24,0,0,61,4,65,0,2,83,4,89,200,0,200,289
03/06/2020,SDM,CA,AWP,WE,Federal Contract Tower,0,0,2,1,3,0,0,46,12,58,0,0,48,13,61,266,16,282,343
03/07/2020,SDM,CA,AWP,WE,Federal Contract Tower,0,1,18,1,20,0,0,56,23,79,0,1,74,24,99,140,106,246,345
03/08/2020,SDM,CA,AWP,WE,Federal Contract Tower,0,1,15,1,17,0,0,69,20,89,0,1,84,21,106,172,118,290,396
03/09/2020,SDM,CA,AWP,WE,Federal Contract Tower,0,2,12,4,18,0,2,79,1,82,0,4,91,5,100,170,0,170,270
03/10/2020,SDM,CA,AWP,WE,Federal Contract Tower,0,4,11,0,15,0,0,3,2,5,0,4,14,2,20,18,0,18,38
03/11/2020,SDM,CA,AWP,WE,Federal Contract Tower,0,7,17,0,24,0,0,44,3,47,0,7,61,3,71,224,4,228,299
03/12/2020,SDM,CA,AWP,WE,Federal Contract Tower,0,2,9,1,12,0,0,5,0,5,0,2,14,1,17,34,0,34,51
03/13/2020,SDM,CA,AWP,WE,Federal Contract Tower,1,6,4,1,12,0,0,7,4,11,1,6,11,5,23,98,10,108,131
03/14/2020,SDM,CA,AWP,WE,Federal Contract Tower,0,4,20,2,26,0,0,11,2,13,0,4,31,4,39,180,4,184,223
03/15/2020,SDM,CA,AWP,WE,Federal Contract Tower,0,5,9,0,14,0,0,37,11,48,0,5,46,11,62,168,0,168,230
03/16/2020,SDM,CA,AWP,WE,Federal Contract Tower,0,7,23,0,30,0,0,51,5,56,0,7,74,5,86,90,0,90,176
03/17/2020,SDM,CA,AWP,WE,Federal Contract Tower,0,5,9,0,14,0,0,58,5,63,0,5,67,5,77,120,0,120,197
03/18/2020,SDM,CA,AWP,WE,Federal Contract Tower,0,4,9,1,14,0,0,13,0,13,0,4,22,1,27,0,0,0,27
03/19/2020,SDM,CA,AWP,WE,Federal Contract Tower,0,0,7,5,12,0,0,29,3,32,0,0,36,8,44,102,0,102,146
03/20/2020,SDM,CA,AWP,WE,Federal Contract Tower,0,2,10,0,12,0,0,28,0,28,0,2,38,0,40,40,0,40,80
03/21/2020,SDM,CA,AWP,WE,Federal Contract Tower,0,1,10,1,12,0,3,46,10,59,0,4,56,11,71,146,40,186,257
03/22/2020,SDM,CA,AWP,WE,Federal Contract Tower,0,4,2,1,7,0,0,36,11,47,0,4,38,12,54,58,16,74,128
03/23/2020,SDM,CA,AWP,WE,Federal Contract Tower,0,1,1,0,2,0,0,27,12,39,0,1,28,12,41,88,0,88,129
03/24/2020,SDM,CA,AWP,WE,Federal Contract Tower,0,0,3,0,3,0,0,33,34,67,0,0,36,34,70,150,0,150,220
03/25/2020,SDM,CA,AWP,WE,Federal Contract Tower,0,2,2,0,4,0,0,36,2,38,0,2,38,2,42,126,0,126,168
03/26/2020,SDM,CA,AWP,WE,Federal Contract Tower,0,2,1,0,3,0,21,2,0,23,0,23,3,0,26,80,0,80,106
03/27/2020,SDM,CA,AWP,WE,Federal Contract Tower,0,0,4,6,10,0,0,42,28,70,0,0,46,34,80,192,48,240,320
03/28/2020,SDM,CA,AWP,WE,Federal Contract Tower,0,0,5,6,11,0,0,42,7,49,0,0,47,13,60,124,0,124,184
03/29/2020,SDM,CA,AWP,WE,Federal Contract Tower,0,0,5,4,9,0,0,41,5,46,0,0,46,9,55,102,12,114,169
03/30/2020,SDM,CA,AWP,WE,Federal Contract Tower,0,0,1,0,1,0,0,40,28,68,0,0,41,28,69,62,0,62,131
03/31/2020,SDM,CA,AWP,WE,Federal Contract Tower,0,0,2,2,4,0,0,47,27,74,0,0,49,29,78,182,6,188,266
04/01/2020,SDM,CA,AWP,WE,Federal Contract Tower,0,6,7,0,13,0,0,32,17,49,0,6,39,17,62,68,0,68,130
04/02/2020,SDM,CA,AWP,WE,Federal Contract Tower,0,2,8,0,10,0,0,22,0,22,0,2,30,0,32,30,0,30,62
04/03/2020,SDM,CA,AWP,WE,Federal Contract Tower,0,0,5,2,7,0,0,44,3,47,0,0,49,5,54,126,16,142,196
04/05/2020,SDM,CA,AWP,WE,Federal Contract Tower,0,0,4,4,8,0,0,27,6,33,0,0,31,10,41,110,14,124,165
04/06/2020,SDM,CA,AWP,WE,Federal Contract Tower,0,0,0,0,0,0,0,16,5,21,0,0,16,5,21,14,12,26,47
04/07/2020,SDM,CA,AWP,WE,Federal Contract Tower,0,0,2,0,2,0,0,4,0,4,0,0,6,0,6,4,2,6,12
04/08/2020,SDM,CA,AWP,WE,Federal Contract Tower,1,0,3,0,4,0,0,20,1,21,1,0,23,1,25,112,0,112,137
04/09/2020,SDM,CA,AWP,WE,Federal Contract Tower,0,1,0,0,1,0,0,19,3,22,0,1,19,3,23,34,0,34,57
04/10/2020,SDM,CA,AWP,WE,Federal Contract Tower,2,0,3,0,5,0,0,0,0,0,2,0,3,0,5,0,0,0,5
04/11/2020,SDM,CA,AWP,WE,Federal Contract Tower,1,0,5,0,6,0,0,43,3,46,1,0,48,3,52,92,32,124,176
04/12/2020,SDM,CA,AWP,WE,Federal Contract Tower,0,2,0,0,2,0,0,12,3,15,0,2,12,3,17,110,0,110,127
04/13/2020,SDM,CA,AWP,WE,Federal Contract Tower,0,0,6,0,6,0,0,6,0,6,0,0,12,0,12,62,0,62,74
04/14/2020,SDM,CA,AWP,WE,Federal Contract Tower,0,1,5,0,6,0,0,51,6,57,0,1,56,6,63,92,0,92,155
04/15/2020,SDM,CA,AWP,WE,Federal Contract Tower,0,1,8,1,10,0,0,75,4,79,0,1,83,5,89,110,0,110,199
04/16/2020,SDM,CA,AWP,WE,Federal Contract Tower,0,1,0,0,1,0,0,40,4,44,0,1,40,4,45,76,2,78,123
04/17/2020,SDM,CA,AWP,WE,Federal Contract Tower,0,0,3,7,10,0,0,33,15,48,0,0,36,22,58,134,14,148,206
04/18/2020,SDM,CA,AWP,WE,Federal Contract Tower,0,0,4,6,10,0,0,20,10,30,0,0,24,16,40,128,0,128,168
04/19/2020,SDM,CA,AWP,WE,Federal Contract Tower,0,0,7,12,19,0,0,24,5,29,0,0,31,17,48,76,2,78,126
04/20/2020,SDM,CA,AWP,WE,Federal Contract Tower,0,2,2,0,4,0,0,35,3,38,0,2,37,3,42,102,18,120,162
04/21/2020,SDM,CA,AWP,WE,Federal Contract Tower,0,0,6,0,6,0,0,47,0,47,0,0,53,0,53,196,0,196,249
04/22/2020,SDM,CA,AWP,WE,Federal Contract Tower,0,3,8,0,11,0,0,76,4,80,0,3,84,4,91,152,4,156,247
04/23/2020,SDM,CA,AWP,WE,Federal Contract Tower,0,0,2,0,2,0,0,43,0,43,0,0,45,0,45,108,0,108,153
04/24/2020,SDM,CA,AWP,WE,Federal Contract Tower,0,1,4,1,6,0,0,55,0,55,0,1,59,1,61,200,0,200,261
04/25/2020,SDM,CA,AWP,WE,Federal Contract Tower,0,1,7,2,10,0,0,46,0,46,0,1,53,2,56,108,3,111,167
04/26/2020,SDM,CA,AWP,WE,Federal Contract Tower,0,1,3,0,4,0,0,51,7,58,0,1,54,7,62,116,0,116,178
04/27/2020,SDM,CA,AWP,WE,Federal Contract Tower,0,0,2,1,3,0,0,45,2,47,0,0,47,3,50,172,6,178,228
04/28/2020,SDM,CA,AWP,WE,Federal Contract Tower,0,0,1,0,1,0,0,46,2,48,0,0,47,2,49,90,0,90,139
04/29/2020,SDM,CA,AWP,WE,Federal Contract Tower,0,0,6,7,13,0,0,20,0,20,0,0,26,7,33,78,6,84,117
04/30/2020,SDM,CA,AWP,WE,Federal Contract Tower,0,2,2,1,5,0,0,20,1,21,0,2,22,2,26,120,0,120,146
05/01/2020,SDM,CA,AWP,WE,Federal Contract Tower,0,5,7,2,14,0,0,30,20,50,0,5,37,22,64,142,10,152,216
05/02/2020,SDM,CA,AWP,WE,Federal Contract Tower,0,2,4,4,10,0,0,56,17,73,0,2,60,21,83,228,16,244,327
05/03/2020,SDM,CA,AWP,WE,Federal Contract Tower,0,0,4,4,8,0,0,51,9,60,0,0,55,13,68,128,0,128,196
05/04/2020,SDM,CA,AWP,WE,Federal Contract Tower,0,0,5,1,6,0,0,50,19,69,0,0,55,20,75,194,2,196,271
05/05/2020,SDM,CA,AWP,WE,Federal Contract Tower,0,0,3,0,3,0,0,58,28,86,0,0,61,28,89,126,0,126,215
05/06/2020,SDM,CA,AWP,WE,Federal Contract Tower,0,2,7,0,9,0,0,52,32,84,0,2,59,32,93,224,0,224,317
05/07/2020,SDM,CA,AWP,WE,Federal Contract Tower,0,2,8,0,10,0,0,31,26,57,0,2,39,26,67,130,4,134,201
05/08/2020,SDM,CA,AWP,WE,Federal Contract Tower,0,1,6,1,8,0,0,61,23,84,0,1,67,24,92,132,20,152,244
05/09/2020,SDM,CA,AWP,WE,Federal Contract Tower,0,0,10,0,10,0,0,2,0,2,0,0,12,0,12,146,18,164,176
05/10/2020,SDM,CA,AWP,WE,Federal Contract Tower,0,0,3,0,3,0,0,17,0,17,0,0,20,0,20,110,0,110,130
05/11/2020,SDM,CA,AWP,WE,Federal Contract Tower,0,2,7,0,9,0,0,62,27,89,0,2,69,27,98,212,2,214,312
05/12/2020,SDM,CA,AWP,WE,Federal Contract Tower,0,2,6,0,8,0,0,54,17,71,0,2,60,17,79,292,0,292,371
05/13/2020,SDM,CA,AWP,WE,Federal Contract Tower,0,0,9,0,9,0,0,45,3,48,0,0,54,3,57,174,10,184,241
05/14/2020,SDM,CA,AWP,WE,Federal Contract Tower,0,3,7,0,10,0,0,52,5,57,0,3,59,5,67,180,0,180,247
05/15/2020,SDM,CA,AWP,WE,Federal Contract Tower,0,1,8,5,14,0,0,66,10,76,0,1,74,15,90,148,10,158,248
05/16/2020,SDM,CA,AWP,WE,Federal Contract Tower,0,0,7,2,9,0,0,54,26,80,0,0,61,28,89,102,76,178,267
05/17/2020,SDM,CA,AWP,WE,Federal Contract Tower,0,1,18,6,25,0,0,43,11,54,0,1,61,17,79,50,16,66,145
05/18/2020,SDM,CA,AWP,WE,Federal Contract Tower,0,0,10,0,10,0,0,42,2,44,0,0,52,2,54,132,0,132,186
05/19/2020,SDM,CA,AWP,WE,Federal Contract Tower,0,0,2,0,2,0,1,50,2,53,0,1,52,2,55,270,0,270,325
05/20/2020,SDM,CA,AWP,WE,Federal Contract Tower,0,2,11,0,13,0,1,79,2,82,0,3,90,2,95,168,0,168,263
05/21/2020,SDM,CA,AWP,WE,Federal Contract Tower,0,0,7,0,7,0,0,59,6,65,0,0,66,6,72,204,4,208,280
05/22/2020,SDM,CA,AWP,WE,Federal Contract Tower,0,2,5,0,7,0,0,66,6,72,0,2,71,6,79,222,22,244,323
05/23/2020,SDM,CA,AWP,WE,Federal Contract Tower,0,1,5,1,7,0,0,38,4,42,0,1,43,5,49,120,48,168,217
05/24/2020,SDM,CA,AWP,WE,Federal Contract Tower,0,4,9,4,17,0,0,65,4,69,0,4,74,8,86,110,2,112,198
05/25/2020,SDM,CA,AWP,WE,Federal Contract Tower,0,0,6,0,6,0,0,52,2,54,0,0,58,2,60,182,0,182,242
05/26/2020,SDM,CA,AWP,WE,Federal Contract Tower,0,0,8,0,8,0,0,45,10,55,0,0,53,10,63,182,6,188,251
05/27/2020,SDM,CA,AWP,WE,Federal Contract Tower,0,3,10,0,13,0,1,82,2,85,0,4,92,2,98,300,0,300,398
05/28/2020,SDM,CA,AWP,WE,Federal Contract Tower,0,0,10,0,10,0,0,71,3,74,0,0,81,3,84,326,2,328,412
05/29/2020,SDM,CA,AWP,WE,Federal Contract Tower,0,3,7,8,18,0,0,24,7,31,0,3,31,15,49,262,0,262,311
05/30/2020,SDM,CA,AWP,WE,Federal Contract Tower,0,1,11,2,14,0,0,84,10,94,0,1,95,12,108,126,22,148,256
05/31/2020,SDM,CA,AWP,WE,Federal Contract Tower,0,5,11,4,20,0,2,82,14,98,0,7,93,18,118,112,0,112,230
06/01/2020,SDM,CA,AWP,WE,Federal Contract Tower,0,4,9,0,13,0,0,77,11,88,0,4,86,11,101,214,0,214,315
06/02/2020,SDM,CA,AWP,WE,Federal Contract Tower,0,6,15,4,25,0,0,71,2,73,0,6,86,6,98,354,0,354,452
06/03/2020,SDM,CA,AWP,WE,Federal Contract Tower,0,0,13,0,13,0,0,87,3,90,0,0,100,3,103,366,4,370,473
06/04/2020,SDM,CA,AWP,WE,Federal Contract Tower,0,1,15,4,20,0,0,25,2,27,0,1,40,6,47,122,2,124,171
06/05/2020,SDM,CA,AWP,WE,Federal Contract Tower,0,0,19,0,19,0,0,65,2,67,0,0,84,2,86,308,8,316,402
06/06/2020,SDM,CA,AWP,WE,Federal Contract Tower,0,1,7,0,8,0,0,54,2,56,0,1,61,2,64,96,0,96,160
06/07/2020,SDM,CA,AWP,WE,Federal Contract Tower,0,2,25,0,27,0,1,93,5,99,0,3,118,5,126,146,12,158,284
06/08/2020,SDM,CA,AWP,WE,Federal Contract Tower,0,2,12,0,14,0,0,69,2,71,0,2,81,2,85,160,0,160,245
06/09/2020,SDM,CA,AWP,WE,Federal Contract Tower,0,9,8,0,17,0,0,54,2,56,0,9,62,2,73,144,0,144,217
06/10/2020,SDM,CA,AWP,WE,Federal Contract Tower,0,2,10,0,12,0,0,81,2,83,0,2,91,2,95,122,0,122,217
06/11/2020,SDM,CA,AWP,WE,Federal Contract Tower,0,8,7,0,15,0,0,93,2,95,0,8,100,2,110,236,0,236,346
06/12/2020,SDM,CA,AWP,WE,Federal Contract Tower,0,5,10,1,16,0,0,83,0,83,0,5,93,1,99,182,0,182,281
06/13/2020,SDM,CA,AWP,WE,Federal Contract Tower,0,3,4,0,7,0,0,122,0,122,0,3,126,0,129,180,0,180,309
06/14/2020,SDM,CA,AWP,WE,Federal Contract Tower,0,1,13,0,14,0,0,115,4,119,0,1,128,4,133,216,0,216,349
06/15/2020,SDM,CA,AWP,WE,Federal Contract Tower,0,4,15,0,19,0,0,55,16,71,0,4,70,16,90,198,0,198,288
06/16/2020,SDM,CA,AWP,WE,Federal Contract Tower,0,2,18,0,20,0,0,71,41,112,0,2,89,41,132,188,0,188,320
06/17/2020,SDM,CA,AWP,WE,Federal Contract Tower,0,6,14,0,20,0,0,76,25,101,0,6,90,25,121,226,2,228,349
06/18/2020,SDM,CA,AWP,WE,Federal Contract Tower,0,5,12,0,17,0,0,81,29,110,0,5,93,29,127,186,0,186,313
06/19/2020,SDM,CA,AWP,WE,Federal Contract Tower,0,4,24,0,28,0,0,63,27,90,0,4,87,27,118,166,22,188,306
06/20/2020,SDM,CA,AWP,WE,Federal Contract Tower,0,0,18,0,18,0,0,47,6,53,0,0,65,6,71,58,54,112,183
06/21/2020,SDM,CA,AWP,WE,Federal Contract Tower,0,4,13,0,17,0,0,73,1,74,0,4,86,1,91,64,0,64,155
06/22/2020,SDM,CA,AWP,WE,Federal Contract Tower,0,4,18,2,24,0,0,78,7,85,0,4,96,9,109,298,0,298,407
06/23/2020,SDM,CA,AWP,WE,Federal Contract Tower,0,5,17,0,22,0,0,51,17,68,0,5,68,17,90,144,0,144,234
06/24/2020,SDM,CA,AWP,WE,Federal Contract Tower,0,3,28,0,31,0,0,47,0,47,0,3,75,0,78,138,0,138,216
06/25/2020,SDM,CA,AWP,WE,Federal Contract Tower,0,0,18,1,19,0,0,61,6,67,0,0,79,7,86,226,0,226,312
06/26/2020,SDM,CA,AWP,WE,Federal Contract Tower,0,2,22,0,24,0,0,84,4,88,0,2,106,4,112,184,28,212,324
06/27/2020,SDM,CA,AWP,WE,Federal Contract Tower,0,7,14,0,21,0,0,96,0,96,0,7,110,0,117,188,0,188,305
06/28/2020,SDM,CA,AWP,WE,Federal Contract Tower,0,4,23,0,27,0,0,46,7,53,0,4,69,7,80,160,12,172,252
06/29/2020,SDM,CA,AWP,WE,Federal Contract Tower,0,6,13,0,19,0,0,32,3,35,0,6,45,3,54,102,0,102,156
06/30/2020,SDM,CA,AWP,WE,Federal Contract Tower,0,11,16,0,27,0,0,61,3,64,0,11,77,3,91,230,0,230,321
07/01/2020,SDM,CA,AWP,WE,Federal Contract Tower,0,9,18,0,27,0,0,68,0,68,0,9,86,0,95,268,0,268,363
07/02/2020,SDM,CA,AWP,WE,Federal Contract Tower,0,3,9,0,12,0,0,68,2,70,0,3,77,2,82,367,0,367,449
07/03/2020,SDM,CA,AWP,WE,Federal Contract Tower,0,6,14,0,20,0,1,98,0,99,0,7,112,0,119,328,0,328,447
07/04/2020,SDM,CA,AWP,WE,Federal Contract Tower,0,1,4,0,5,0,0,67,0,67,0,1,71,0,72,204,0,204,276
07/05/2020,SDM,CA,AWP,WE,Federal Contract Tower,0,3,23,0,26,0,0,80,4,84,0,3,103,4,110,42,0,42,152
07/06/2020,SDM,CA,AWP,WE,Federal Contract Tower,0,5,18,0,23,0,0,89,2,91,0,5,107,2,114,50,0,50,164
07/07/2020,SDM,CA,AWP,WE,Federal Contract Tower,0,10,12,0,22,0,0,67,2,69,0,10,79,2,91,248,0,248,339
07/08/2020,SDM,CA,AWP,WE,Federal Contract Tower,0,5,16,0,21,0,0,57,5,62,0,5,73,5,83,142,6,148,231
07/09/2020,SDM,CA,AWP,WE,Federal Contract Tower,0,7,11,2,20,0,0,98,5,103,0,7,109,7,123,318,4,322,445
07/10/2020,SDM,CA,AWP,WE,Federal Contract Tower,0,3,15,0,18,0,0,117,0,117,0,3,132,0,135,338,0,338,473
07/11/2020,SDM,CA,AWP,WE,Federal Contract Tower,0,4,18,0,22,0,0,100,0,100,0,4,118,0,122,152,0,152,274
07/12/2020,SDM,CA,AWP,WE,Federal Contract Tower,0,3,16,0,19,0,0,109,0,109,0,3,125,0,128,100,0,100,228
07/13/2020,SDM,CA,AWP,WE,Federal Contract Tower,0,2,18,0,20,0,0,70,0,70,0,2,88,0,90,256,0,256,346
07/14/2020,SDM,CA,AWP,WE,Federal Contract Tower,0,3,17,1,21,0,0,3,13,16,0,3,20,14,37,304,0,304,341
07/15/2020,SDM,CA,AWP,WE,Federal Contract Tower,0,6,19,0,25,0,0,69,2,71,0,6,88,2,96,332,0,332,428
07/16/2020,SDM,CA,AWP,WE,Federal Contract Tower,0,2,10,2,14,0,0,82,6,88,0,2,92,8,102,356,0,356,458
07/17/2020,SDM,CA,AWP,WE,Federal Contract Tower,0,7,11,0,18,0,0,60,2,62,0,7,71,2,80,134,0,134,214
07/18/2020,SDM,CA,AWP,WE,Federal Contract Tower,0,1,16,0,17,0,0,88,0,88,0,1,104,0,105,174,0,174,279
07/19/2020,SDM,CA,AWP,WE,Federal Contract Tower,0,1,18,0,19,0,0,106,0,106,0,1,124,0,125,244,0,244,369
07/20/2020,SDM,CA,AWP,WE,Federal Contract Tower,0,13,20,4,37,0,0,99,0,99,0,13,119,4,136,232,0,232,368
07/21/2020,SDM,CA,AWP,WE,Federal Contract Tower,0,2,19,1,22,0,0,63,2,65,0,2,82,3,87,174,0,174,261
07/22/2020,SDM,CA,AWP,WE,Federal Contract Tower,0,4,14,0,18,0,0,52,5,57,0,4,66,5,75,224,0,224,299
07/23/2020,SDM,CA,AWP,WE,Federal Contract Tower,0,8,18,0,26,0,0,70,10,80,0,8,88,10,106,134,0,134,240
07/24/2020,SDM,CA,AWP,WE,Federal Contract Tower,0,5,18,1,24,0,0,97,3,100,0,5,115,4,124,360,30,390,514
07/25/2020,SDM,CA,AWP,WE,Federal Contract Tower,0,1,17,5,23,0,0,134,3,137,0,1,151,8,160,180,6,186,346
07/26/2020,SDM,CA,AWP,WE,Federal Contract Tower,0,12,25,1,38,0,0,125,0,125,0,12,150,1,163,188,0,188,351
07/27/2020,SDM,CA,AWP,WE,Federal Contract Tower,0,6,14,2,22,0,0,69,0,69,0,6,83,2,91,176,0,176,267
07/28/2020,SDM,CA,AWP,WE,Federal Contract Tower,0,1,31,1,33,0,0,90,4,94,0,1,121,5,127,250,0,250,377
07/29/2020,SDM,CA,AWP,WE,Federal Contract Tower,0,8,23,4,35,0,0,55,10,65,0,8,78,14,100,186,0,186,286
07/30/2020,SDM,CA,AWP,WE,Federal Contract Tower,0,5,20,1,26,0,2,56,5,63,0,7,76,6,89,200,22,222,311
07/31/2020,SDM,CA,AWP,WE,Federal Contract Tower,0,6,25,0,31,0,0,60,10,70,0,6,85,10,101,252,0,252,353
08/01/2020,SDM,CA,AWP,WE,Federal Contract Tower,0,6,24,0,30,0,0,104,0,104,0,6,128,0,134,152,0,152,286
08/02/2020,SDM,CA,AWP,WE,Federal Contract Tower,0,13,19,0,32,0,0,87,0,87,0,13,106,0,119,90,0,90,209
08/03/2020,SDM,CA,AWP,WE,Federal Contract Tower,0,5,22,0,27,0,0,47,2,49,0,5,69,2,76,224,0,224,300
08/04/2020,SDM,CA,AWP,WE,Federal Contract Tower,0,3,21,0,24,0,0,68,11,79,0,3,89,11,103,194,22,216,319
08/05/2020,SDM,CA,AWP,WE,Federal Contract Tower,0,13,14,1,28,0,0,74,6,80,0,13,88,7,108,250,0,250,358
08/06/2020,SDM,CA,AWP,WE,Federal Contract Tower,0,4,28,0,32,0,0,79,8,87,0,4,107,8,119,280,0,280,399
08/07/2020,SDM,CA,AWP,WE,Federal Contract Tower,0,3,9,2,14,0,0,67,4,71,0,3,76,6,85,316,0,316,401
08/08/2020,SDM,CA,AWP,WE,Federal Contract Tower,0,7,11,0,18,0,0,123,0,123,0,7,134,0,141,210,0,210,351
08/09/2020,SDM,CA,AWP,WE,Federal Contract Tower,0,8,26,0,34,0,0,117,0,117,0,8,143,0,151,82,0,82,233
08/10/2020,SDM,CA,AWP,WE,Federal Contract Tower,0,8,20,0,28,0,0,97,2,99,0,8,117,2,127,280,0,280,407
08/11/2020,SDM,CA,AWP,WE,Federal Contract Tower,0,4,16,0,20,0,0,70,4,74,0,4,86,4,94,204,4,208,302
08/12/2020,SDM,CA,AWP,WE,Federal Contract Tower,1,1,13,0,15,0,0,103,5,108,1,1,116,5,123,300,26,326,449
08/13/2020,SDM,CA,AWP,WE,Federal Contract Tower,1,1,16,0,18,0,0,99,12,111,1,1,115,12,129,232,40,272,401
08/14/2020,SDM,CA,AWP,WE,Federal Contract Tower,0,7,16,0,23,0,0,105,5,110,0,7,121,5,133,212,28,240,373
08/15/2020,SDM,CA,AWP,WE,Federal Contract Tower,0,4,10,0,14,0,0,123,0,123,0,4,133,0,137,190,0,190,327
08/16/2020,SDM,CA,AWP,WE,Federal Contract Tower,0,6,33,0,39,0,0,120,2,122,0,6,153,2,161,70,0,70,231
08/17/2020,SDM,CA,AWP,WE,Federal Contract Tower,0,5,23,0,28,0,0,80,2,82,0,5,103,2,110,178,0,178,288
08/18/2020,SDM,CA,AWP,WE,Federal Contract Tower,0,9,16,0,25,0,1,89,9,99,0,10,105,9,124,236,38,274,398
08/19/2020,SDM,CA,AWP,WE,Federal Contract Tower,0,9,14,0,23,0,1,90,4,95,0,10,104,4,118,320,2,322,440
08/20/2020,SDM,CA,AWP,WE,Federal Contract Tower,1,8,15,2,26,0,0,88,9,97,1,8,103,11,123,432,16,448,571
08/22/2020,SDM,CA,AWP,WE,Federal Contract Tower,2,5,7,3,17,0,0,103,3,106,2,5,110,6,123,132,0,132,255
08/23/2020,SDM,CA,AWP,WE,Federal Contract Tower,1,16,24,0,41,0,0,122,2,124,1,16,146,2,165,130,0,130,295
08/24/2020,SDM,CA,AWP,WE,Federal Contract Tower,3,3,22,2,30,0,0,75,0,75,3,3,97,2,105,232,0,232,337
08/25/2020,SDM,CA,AWP,WE,Federal Contract Tower,0,5,31,2,38,0,0,84,5,89,0,5,115,7,127,288,2,290,417
08/26/2020,SDM,CA,AWP,WE,Federal Contract Tower,0,7,21,0,28,0,0,82,13,95,0,7,103,13,123,254,36,290,413
08/27/2020,SDM,CA,AWP,WE,Federal Contract Tower,1,6,11,1,19,0,0,95,5,100,1,6,106,6,119,358,20,378,497
08/28/2020,SDM,CA,AWP,WE,Federal Contract Tower,0,7,12,0,19,0,0,100,4,104,0,7,112,4,123,312,14,326,449
08/29/2020,SDM,CA,AWP,WE,Federal Contract Tower,1,0,15,0,16,0,0,134,0,134,1,0,149,0,150,158,0,158,308
08/30/2020,SDM,CA,AWP,WE,Federal Contract Tower,0,6,23,0,29,0,0,123,2,125,0,6,146,2,154,200,0,200,354
08/31/2020,SDM,CA,AWP,WE,Federal Contract Tower,0,6,10,0,16,0,0,71,2,73,0,6,81,2,89,172,0,172,261
09/01/2020,SDM,CA,AWP,WE,Federal Contract Tower,0,4,11,2,17,0,0,62,2,64,0,4,73,4,81,224,0,224,305
09/02/2020,SDM,CA,AWP,WE,Federal Contract Tower,0,3,17,0,20,0,0,80,0,80,0,3,97,0,100,206,0,206,306
09/03/2020,SDM,CA,AWP,WE,Federal Contract Tower,0,6,10,1,17,0,0,70,3,73,0,6,80,4,90,180,0,180,270
09/04/2020,SDM,CA,AWP,WE,Federal Contract Tower,0,5,16,0,21,0,0,83,4,87,0,5,99,4,108,208,14,222,330
09/05/2020,SDM,CA,AWP,WE,Federal Contract Tower,0,9,11,1,21,0,0,138,5,143,0,9,149,6,164,176,28,204,368
09/06/2020,SDM,CA,AWP,WE,Federal Contract Tower,0,3,9,0,12,0,0,96,0,96,0,3,105,0,108,86,16,102,210
09/07/2020,SDM,CA,AWP,WE,Federal Contract Tower,0,8,28,0,36,0,0,63,8,71,0,8,91,8,107,168,0,168,275
09/08/2020,SDM,CA,AWP,WE,Federal Contract Tower,0,3,27,0,30,0,0,44,2,46,0,3,71,2,76,190,0,190,266
09/09/2020,SDM,CA,AWP,WE,Federal Contract Tower,0,9,12,0,21,0,0,61,0,61,0,9,73,0,82,0,0,0,82
09/10/2020,SDM,CA,AWP,WE,Federal Contract Tower,0,5,16,2,23,0,0,75,16,91,0,5,91,18,114,222,16,238,352
09/11/2020,SDM,CA,AWP,WE,Federal Contract Tower,0,13,6,0,19,0,1,86,7,94,0,14,92,7,113,378,12,390,503
09/12/2020,SDM,CA,AWP,WE,Federal Contract Tower,0,4,9,1,14,0,0,93,4,97,0,4,102,5,111,170,0,170,281
09/13/2020,SDM,CA,AWP,WE,Federal Contract Tower,0,4,13,0,17,0,1,85,2,88,0,5,98,2,105,95,0,95,200
09/14/2020,SDM,CA,AWP,WE,Federal Contract Tower,0,9,25,0,34,0,1,60,14,75,0,10,85,14,109,158,20,178,287
09/15/2020,SDM,CA,AWP,WE,Federal Contract Tower,0,1,10,3,14,0,0,46,28,74,0,1,56,31,88,134,20,154,242
09/16/2020,SDM,CA,AWP,WE,Federal Contract Tower,0,8,16,0,24,0,1,66,30,97,0,9,82,30,121,144,14,158,279
09/17/2020,SDM,CA,AWP,WE,Federal Contract Tower,0,4,17,0,21,0,0,70,30,100,0,4,87,30,121,306,10,316,437
09/18/2020,SDM,CA,AWP,WE,Federal Contract Tower,0,3,23,0,26,0,0,126,12,138,0,3,149,12,164,200,0,200,364
09/19/2020,SDM,CA,AWP,WE,Federal Contract Tower,0,1,14,0,15,0,0,106,2,108,0,1,120,2,123,106,0,106,229
09/20/2020,SDM,CA,AWP,WE,Federal Contract Tower,0,5,14,0,19,0,0,108,12,120,0,5,122,12,139,124,0,124,263
09/21/2020,SDM,CA,AWP,WE,Federal Contract Tower,0,3,13,2,18,0,0,82,31,113,0,3,95,33,131,174,0,174,305
09/22/2020,SDM,CA,AWP,WE,Federal Contract Tower,0,1,14,0,15,0,0,79,14,93,0,1,93,14,108,248,6,254,362
09/23/2020,SDM,CA,AWP,WE,Federal Contract Tower,0,2,18,0,20,0,0,92,8,100,0,2,110,8,120,266,40,306,426
09/24/2020,SDM,CA,AWP,WE,Federal Contract Tower,0,1,12,0,13,0,0,90,6,96,0,1,102,6,109,244,0,244,353
09/25/2020,SDM,CA,AWP,WE,Federal Contract Tower,0,4,8,0,12,0,0,81,1,82,0,4,89,1,94,114,12,126,220
09/26/2020,SDM,CA,AWP,WE,Federal Contract Tower,0,1,22,0,23,0,0,143,0,143,0,1,165,0,166,212,0,212,378
09/27/2020,SDM,CA,AWP,WE,Federal Contract Tower,0,3,24,3,30,0,0,107,2,109,0,3,131,5,139,100,0,100,239
09/28/2020,SDM,CA,AWP,WE,Federal Contract Tower,0,9,19,0,28,0,0,71,2,73,0,9,90,2,101,198,0,198,299
09/29/2020,SDM,CA,AWP,WE,Federal Contract Tower,0,3,17,0,20,0,1,83,4,88,0,4,100,4,108,114,4,118,226
09/30/2020,SDM,CA,AWP,WE,Federal Contract Tower,0,4,16,0,20,0,0,73,4,77,0,4,89,4,97,186,32,218,315
10/01/2020,SDM,CA,AWP,WE,Federal Contract Tower,0,1,22,2,25,0,0,90,0,90,0,1,112,2,115,224,0,224,339
10/02/2020,SDM,CA,AWP,WE,Federal Contract Tower,0,1,18,0,19,0,0,105,3,108,0,1,123,3,127,184,0,184,311
10/03/2020,SDM,CA,AWP,WE,Federal Contract Tower,0,1,10,0,11,0,0,159,7,166,0,1,169,7,177,220,34,254,431
10/04/2020,SDM,CA,AWP,WE,Federal Contract Tower,0,9,15,0,24,0,0,102,0,102,0,9,117,0,126,120,0,120,246
10/05/2020,SDM,CA,AWP,WE,Federal Contract Tower,0,0,26,0,26,0,0,99,8,107,0,0,125,8,133,200,0,200,333
10/06/2020,SDM,CA,AWP,WE,Federal Contract Tower,0,6,17,0,23,0,0,90,32,122,0,6,107,32,145,254,28,282,427
10/07/2020,SDM,CA,AWP,WE,Federal Contract Tower,0,5,21,0,26,0,0,71,31,102,0,5,92,31,128,204,28,232,360
10/08/2020,SDM,CA,AWP,WE,Federal Contract Tower,0,1,20,0,21,0,0,64,30,94,0,1,84,30,115,158,38,196,311
10/09/2020,SDM,CA,AWP,WE,Federal Contract Tower,0,4,17,0,21,0,0,94,24,118,0,4,111,24,139,158,10,168,307
10/10/2020,SDM,CA,AWP,WE,Federal Contract Tower,0,4,7,0,11,0,0,135,1,136,0,4,142,1,147,188,0,188,335
10/11/2020,SDM,CA,AWP,WE,Federal Contract Tower,0,5,24,1,30,0,1,117,1,119,0,6,141,2,149,104,0,104,253
10/12/2020,SDM,CA,AWP,WE,Federal Contract Tower,0,2,35,1,38,0,0,77,5,82,0,2,112,6,120,230,0,230,350
10/13/2020,SDM,CA,AWP,WE,Federal Contract Tower,0,2,12,2,16,0,0,92,24,116,0,2,104,26,132,154,0,154,286
10/14/2020,SDM,CA,AWP,WE,Federal Contract Tower,0,6,22,0,28,0,0,96,14,110,0,6,118,14,138,242,10,252,390
10/15/2020,SDM,CA,AWP,WE,Federal Contract Tower,0,13,18,2,33,0,0,111,19,130,0,13,129,21,163,208,72,280,443
10/16/2020,SDM,CA,AWP,WE,Federal Contract Tower,0,8,21,1,30,0,0,102,15,117,0,8,123,16,147,240,8,248,395
10/17/2020,SDM,CA,AWP,WE,Federal Contract Tower,0,7,20,0,27,0,2,133,0,135,0,9,153,0,162,130,0,130,292
10/18/2020,SDM,CA,AWP,WE,Federal Contract Tower,0,4,32,1,37,0,1,107,0,108,0,5,139,1,145,84,0,84,229
10/19/2020,SDM,CA,AWP,WE,Federal Contract Tower,0,10,22,0,32,0,1,75,7,83,0,11,97,7,115,130,0,130,245
10/20/2020,SDM,CA,AWP,WE,Federal Contract Tower,0,3,18,0,21,0,1,82,13,96,0,4,100,13,117,142,0,142,259
10/21/2020,SDM,CA,AWP,WE,Federal Contract Tower,0,11,20,0,31,0,2,77,6,85,0,13,97,6,116,182,0,182,298
10/22/2020,SDM,CA,AWP,WE,Federal Contract Tower,0,6,19,0,25,0,0,95,7,102,0,6,114,7,127,214,0,214,341
10/23/2020,SDM,CA,AWP,WE,Federal Contract Tower,0,5,19,4,28,0,1,88,4,93,0,6,107,8,121,198,0,198,319
10/24/2020,SDM,CA,AWP,WE,Federal Contract Tower,0,7,16,0,23,0,0,52,4,56,0,7,68,4,79,82,20,102,181
10/25/2020,SDM,CA,AWP,WE,Federal Contract Tower,0,3,43,0,46,0,0,44,0,44,0,3,87,0,90,32,0,32,122
10/26/2020,SDM,CA,AWP,WE,Federal Contract Tower,0,9,17,0,26,0,0,59,0,59,0,9,76,0,85,122,0,122,207
10/27/2020,SDM,CA,AWP,WE,Federal Contract Tower,2,2,24,0,28,0,0,98,0,98,2,2,122,0,126,212,0,212,338
10/28/2020,SDM,CA,AWP,WE,Federal Contract Tower,0,8,16,3,27,0,0,93,10,103,0,8,109,13,130,238,10,248,378
10/29/2020,SDM,CA,AWP,WE,Federal Contract Tower,0,11,15,1,27,0,0,102,9,111,0,11,117,10,138,232,24,256,394
10/30/2020,SDM,CA,AWP,WE,Federal Contract Tower,0,9,24,0,33,0,0,108,1,109,0,9,132,1,142,186,0,186,328
11/01/2020,SDM,CA,AWP,WE,Federal Contract Tower,0,8,19,0,27,0,0,96,0,96,0,8,115,0,123,108,0,108,231
11/02/2020,SDM,CA,AWP,WE,Federal Contract Tower,0,5,40,0,45,0,0,78,5,83,0,5,118,5,128,178,20,198,326
11/03/2020,SDM,CA,AWP,WE,Federal Contract Tower,0,8,25,0,33,0,0,78,4,82,0,8,103,4,115,246,0,246,361
11/04/2020,SDM,CA,AWP,WE,Federal Contract Tower,0,9,25,1,35,0,0,91,8,99,0,9,116,9,134,194,0,194,328
11/05/2020,SDM,CA,AWP,WE,Federal Contract Tower,0,0,22,2,24,0,0,97,5,102,0,0,119,7,126,282,2,284,410
11/06/2020,SDM,CA,AWP,WE,Federal Contract Tower,0,2,32,0,34,0,0,64,1,65,0,2,96,1,99,122,4,126,225
11/07/2020,SDM,CA,AWP,WE,Federal Contract Tower,0,6,19,0,25,0,0,7,0,7,0,6,26,0,32,6,0,6,38
11/08/2020,SDM,CA,AWP,WE,Federal Contract Tower,0,7,29,0,36,0,0,8,1,9,0,7,37,1,45,0,0,0,45
11/09/2020,SDM,CA,AWP,WE,Federal Contract Tower,0,4,27,1,32,0,0,107,12,119,0,4,134,13,151,186,2,188,339
11/10/2020,SDM,CA,AWP,WE,Federal Contract Tower,0,10,22,1,33,0,0,102,19,121,0,10,124,20,154,212,4,216,370
11/11/2020,SDM,CA,AWP,WE,Federal Contract Tower,0,3,18,2,23,0,0,106,3,109,0,3,124,5,132,200,0,200,332
11/12/2020,SDM,CA,AWP,WE,Federal Contract Tower,0,4,20,1,25,0,0,112,27,139,0,4,132,28,164,188,22,210,374
11/13/2020,SDM,CA,AWP,WE,Federal Contract Tower,0,10,20,0,30,0,0,115,23,138,0,10,135,23,168,308,0,308,476
11/14/2020,SDM,CA,AWP,WE,Federal Contract Tower,0,1,21,0,22,0,0,143,0,143,0,1,164,0,165,82,4,86,251
11/15/2020,SDM,CA,AWP,WE,Federal Contract Tower,0,10,35,2,47,0,0,100,0,100,0,10,135,2,147,54,0,54,201
11/16/2020,SDM,CA,AWP,WE,Federal Contract Tower,0,6,18,0,24,0,0,91,14,105,0,6,109,14,129,164,6,170,299
11/17/2020,SDM,CA,AWP,WE,Federal Contract Tower,0,8,21,0,29,0,0,99,13,112,0,8,120,13,141,210,4,214,355
11/18/2020,SDM,CA,AWP,WE,Federal Contract Tower,0,10,12,0,22,0,0,112,2,114,0,10,124,2,136,278,12,290,426
11/19/2020,SDM,CA,AWP,WE,Federal Contract Tower,0,6,18,0,24,0,0,91,4,95,0,6,109,4,119,274,2,276,395
11/20/2020,SDM,CA,AWP,WE,Federal Contract Tower,0,7,33,0,40,0,0,106,0,106,0,7,139,0,146,220,0,220,366
11/21/2020,SDM,CA,AWP,WE,Federal Contract Tower,0,22,27,2,51,0,0,131,3,134,0,22,158,5,185,90,12,102,287
11/22/2020,SDM,CA,AWP,WE,Federal Contract Tower,0,18,53,0,71,0,0,107,5,112,0,18,160,5,183,126,0,126,309
11/23/2020,SDM,CA,AWP,WE,Federal Contract Tower,0,7,32,2,41,0,0,47,0,47,0,7,79,2,88,142,0,142,230
11/24/2020,SDM,CA,AWP,WE,Federal Contract Tower,0,13,31,0,44,0,0,68,5,73,0,13,99,5,117,274,4,278,395
11/25/2020,SDM,CA,AWP,WE,Federal Contract Tower,0,14,23,0,37,0,1,103,2,106,0,15,126,2,143,308,0,308,451
11/26/2020,SDM,CA,AWP,WE,Federal Contract Tower,0,0,4,0,4,0,0,38,0,38,0,0,42,0,42,70,0,70,112
11/27/2020,SDM,CA,AWP,WE,Federal Contract Tower,0,4,14,0,18,0,0,77,0,77,0,4,91,0,95,96,0,96,191
11/28/2020,SDM,CA,AWP,WE,Federal Contract Tower,0,13,44,0,57,0,0,81,0,81,0,13,125,0,138,56,0,56,194
11/29/2020,SDM,CA,AWP,WE,Federal Contract Tower,0,12,48,0,60,0,0,89,0,89,0,12,137,0,149,148,0,148,297
11/30/2020,SDM,CA,AWP,WE,Federal Contract Tower,0,23,32,0,55,0,1,79,0,80,0,24,111,0,135,166,0,166,301
12/01/2020,SDM,CA,AWP,WE,Federal Contract Tower,0,2,24,0,26,0,0,97,0,97,0,2,121,0,123,220,0,220,343
12/02/2020,SDM,CA,AWP,WE,Federal Contract Tower,0,10,25,0,35,0,0,78,2,80,0,10,103,2,115,242,0,242,357
12/03/2020,SDM,CA,AWP,WE,Federal Contract Tower,0,3,13,0,16,0,0,46,4,50,0,3,59,4,66,196,0,196,262
12/04/2020,SDM,CA,AWP,WE,Federal Contract Tower,0,2,24,8,34,0,0,89,8,97,0,2,113,16,131,248,6,254,385
12/05/2020,SDM,CA,AWP,WE,Federal Contract Tower,0,1,21,0,22,0,0,90,15,105,0,1,111,15,127,190,4,194,321
12/06/2020,SDM,CA,AWP,WE,Federal Contract Tower,0,5,34,0,39,0,1,101,17,119,0,6,135,17,158,106,0,106,264
12/07/2020,SDM,CA,AWP,WE,Federal Contract Tower,0,0,22,0,22,0,0,56,2,58,0,0,78,2,80,112,4,116,196
12/08/2020,SDM,CA,AWP,WE,Federal Contract Tower,0,7,19,0,26,0,1,52,2,55,0,8,71,2,81,108,8,116,197
12/09/2020,SDM,CA,AWP,WE,Federal Contract Tower,0,2,18,0,20,0,0,92,0,92,0,2,110,0,112,274,0,274,386
12/10/2020,SDM,CA,AWP,WE,Federal Contract Tower,0,4,26,1,31,0,0,50,8,58,0,4,76,9,89,182,36,218,307
12/11/2020,SDM,CA,AWP,WE,Federal Contract Tower,0,7,22,6,35,0,0,88,4,92,0,7,110,10,127,214,0,214,341
12/12/2020,SDM,CA,AWP,WE,Federal Contract Tower,0,4,17,7,28,0,0,30,6,36,0,4,47,13,64,182,32,214,278
12/13/2020,SDM,CA,AWP,WE,Federal Contract Tower,0,2,24,1,27,0,0,117,6,123,0,2,141,7,150,206,0,206,356
12/14/2020,SDM,CA,AWP,WE,Federal Contract Tower,0,8,18,2,28,0,1,42,0,43,0,9,60,2,71,78,0,78,149
12/15/2020,SDM,CA,AWP,WE,Federal Contract Tower,3,4,22,1,30,0,0,65,1,66,3,4,87,2,96,164,0,164,260
12/16/2020,SDM,CA,AWP,WE,Federal Contract Tower,1,11,24,0,36,0,0,87,2,89,1,11,111,2,125,198,0,198,323
12/17/2020,SDM,CA,AWP,WE,Federal Contract Tower,0,3,28,0,31,0,0,56,0,56,0,3,84,0,87,256,0,256,343
12/18/2020,SDM,CA,AWP,WE,Federal Contract Tower,0,4,34,1,39,0,0,85,0,85,0,4,119,1,124,276,0,276,400
12/19/2020,SDM,CA,AWP,WE,Federal Contract Tower,0,19,33,10,62,0,0,87,2,89,0,19,120,12,151,235,0,235,386
12/20/2020,SDM,CA,AWP,WE,Federal Contract Tower,0,12,31,5,48,0,1,64,4,69,0,13,95,9,117,166,0,166,283
12/21/2020,SDM,CA,AWP,WE,Federal Contract Tower,0,4,14,1,19,0,0,69,0,69,0,4,83,1,88,208,0,208,296
12/22/2020,SDM,CA,AWP,WE,Federal Contract Tower,0,6,27,1,34,0,1,73,2,76,0,7,100,3,110,162,0,162,272
12/23/2020,SDM,CA,AWP,WE,Federal Contract Tower,0,8,27,0,35,0,0,69,2,71,0,8,96,2,106,134,0,134,240
12/24/2020,SDM,CA,AWP,WE,Federal Contract Tower,0,7,18,0,25,0,0,26,0,26,0,7,44,0,51,26,0,26,77
12/25/2020,SDM,CA,AWP,WE,Federal Contract Tower,0,2,10,0,12,0,0,32,0,32,0,2,42,0,44,64,0,64,108
12/26/2020,SDM,CA,AWP,WE,Federal Contract Tower,0,10,59,0,69,0,0,74,0,74,0,10,133,0,143,126,0,126,269
12/27/2020,SDM,CA,AWP,WE,Federal Contract Tower,0,18,37,0,55,0,2,43,0,45,0,20,80,0,100,134,0,134,234
12/28/2020,SDM,CA,AWP,WE,Federal Contract Tower,0,12,20,0,32,0,0,12,2,14,0,12,32,2,46,56,36,92,138
12/29/2020,SDM,CA,AWP,WE,Federal Contract Tower,0,4,19,3,26,0,0,58,13,71,0,4,77,16,97,214,40,254,351
12/30/2020,SDM,CA,AWP,WE,Federal Contract Tower,0,5,21,3,29,0,0,109,4,113,0,5,130,7,142,248,0,248,390
12/31/2020,SDM,CA,AWP,WE,Federal Contract Tower,0,1,15,0,16,0,0,68,0,68,0,1,83,0,84,194,0,194,278
01/01/2021,SDM,CA,AWP,WE,Federal Contract Tower,0,9,16,0,25,0,0,51,0,51,0,9,67,0,76,202,0,202,278
01/02/2021,SDM,CA,AWP,WE,Federal Contract Tower,0,20,67,0,87,0,1,90,0,91,0,21,157,0,178,206,0,206,384
01/03/2021,SDM,CA,AWP,WE,Federal Contract Tower,0,24,63,0,87,0,0,82,0,82,0,24,145,0,169,136,0,136,305
01/04/2021,SDM,CA,AWP,WE,Federal Contract Tower,0,8,21,3,32,0,0,64,7,71,0,8,85,10,103,112,44,156,259
01/05/2021,SDM,CA,AWP,WE,Federal Contract Tower,0,13,25,1,39,0,0,51,4,55,0,13,76,5,94,152,6,158,252
01/06/2021,SDM,CA,AWP,WE,Federal Contract Tower,0,5,18,1,24,0,0,70,5,75,0,5,88,6,99,212,4,216,315
01/07/2021,SDM,CA,AWP,WE,Federal Contract Tower,0,0,18,0,18,0,0,95,7,102,0,0,113,7,120,220,0,220,340
01/08/2021,SDM,CA,AWP,WE,Federal Contract Tower,0,8,18,2,28,0,0,73,10,83,0,8,91,12,111,170,0,170,281
01/09/2021,SDM,CA,AWP,WE,Federal Contract Tower,0,4,21,1,26,0,0,91,18,109,0,4,112,19,135,146,0,146,281
01/10/2021,SDM,CA,AWP,WE,Federal Contract Tower,0,7,20,0,27,0,0,89,18,107,0,7,109,18,134,182,0,182,316
01/11/2021,SDM,CA,AWP,WE,Federal Contract Tower,0,5,17,1,23,0,1,96,3,100,0,6,113,4,123,238,0,238,361
01/12/2021,SDM,CA,AWP,WE,Federal Contract Tower,2,3,17,3,25,0,0,91,16,107,2,3,108,19,132,170,0,170,302
01/13/2021,SDM,CA,AWP,WE,Federal Contract Tower,0,2,25,1,28,0,1,96,27,124,0,3,121,28,152,64,2,66,218
01/14/2021,SDM,CA,AWP,WE,Federal Contract Tower,0,5,16,0,21,0,0,116,9,125,0,5,132,9,146,200,0,200,346
01/15/2021,SDM,CA,AWP,WE,Federal Contract Tower,0,3,15,0,18,0,0,85,2,87,0,3,100,2,105,190,10,200,305
01/16/2021,SDM,CA,AWP,WE,Federal Contract Tower,0,1,32,0,33,0,0,93,3,96,0,1,125,3,129,130,0,130,259
01/17/2021,SDM,CA,AWP,WE,Federal Contract Tower,0,10,15,0,25,0,1,93,6,100,0,11,108,6,125,178,0,178,303
01/18/2021,SDM,CA,AWP,WE,Federal Contract Tower,0,4,19,2,25,0,0,80,0,80,0,4,99,2,105,284,8,292,397
01/19/2021,SDM,CA,AWP,WE,Federal Contract Tower,0,4,13,0,17,0,0,11,8,19,0,4,24,8,36,34,24,58,94
01/20/2021,SDM,CA,AWP,WE,Federal Contract Tower,0,2,20,1,23,0,1,36,7,44,0,3,56,8,67,84,0,84,151
01/21/2021,SDM,CA,AWP,WE,Federal Contract Tower,0,5,25,0,30,0,1,104,4,109,0,6,129,4,139,308,0,308,447
01/22/2021,SDM,CA,AWP,WE,Federal Contract Tower,0,12,16,7,35,0,2,52,6,60,0,14,68,13,95,260,0,260,355
01/23/2021,SDM,CA,AWP,WE,Federal Contract Tower,0,10,18,7,35,0,0,8,3,11,0,10,26,10,46,66,0,66,112
01/24/2021,SDM,CA,AWP,WE,Federal Contract Tower,0,7,30,11,48,0,1,61,20,82,0,8,91,31,130,144,0,144,274
01/26/2021,SDM,CA,AWP,WE,Federal Contract Tower,0,7,10,2,19,0,0,80,16,96,0,7,90,18,115,152,16,168,283
01/27/2021,SDM,CA,AWP,WE,Federal Contract Tower,0,7,16,1,24,0,0,84,12,96,0,7,100,13,120,270,6,276,396
01/28/2021,SDM,CA,AWP,WE,Federal Contract Tower,0,7,23,2,32,0,0,72,23,95,0,7,95,25,127,118,22,140,267
01/29/2021,SDM,CA,AWP,WE,Federal Contract Tower,0,6,5,0,11,0,1,15,2,18,0,7,20,2,29,40,6,46,75
01/30/2021,SDM,CA,AWP,WE,Federal Contract Tower,0,6,26,6,38,0,0,119,5,124,0,6,145,11,162,260,0,260,422
01/31/2021,SDM,CA,AWP,WE,Federal Contract Tower,0,9,13,0,22,0,0,125,0,125,0,9,138,0,147,144,0,144,291
02/01/2021,SDM,CA,AWP,WE,Federal Contract Tower,0,5,25,1,31,0,0,72,16,88,0,5,97,17,119,248,0,248,367
02/02/2021,SDM,CA,AWP,WE,Federal Contract Tower,0,3,17,0,20,0,0,74,32,106,0,3,91,32,126,250,10,260,386
02/03/2021,SDM,CA,AWP,WE,Federal Contract Tower,0,5,21,0,26,0,0,61,18,79,0,5,82,18,105,144,6,150,255
02/04/2021,SDM,CA,AWP,WE,Federal Contract Tower,0,10,18,0,28,0,0,90,9,99,0,10,108,9,127,134,0,134,261
02/05/2021,SDM,CA,AWP,WE,Federal Contract Tower,0,8,23,0,31,0,0,105,7,112,0,8,128,7,143,286,0,286,429
02/06/2021,SDM,CA,AWP,WE,Federal Contract Tower,0,5,23,1,29,0,0,121,4,125,0,5,144,5,154,200,0,200,354
02/07/2021,SDM,CA,AWP,WE,Federal Contract Tower,0,4,10,0,14,0,0,74,6,80,0,4,84,6,94,86,0,86,180
02/08/2021,SDM,CA,AWP,WE,Federal Contract Tower,0,12,27,0,39,0,2,76,0,78,0,14,103,0,117,170,0,170,287
02/09/2021,SDM,CA,AWP,WE,Federal Contract Tower,0,5,20,0,25,0,0,38,0,38,0,5,58,0,63,266,0,266,329
02/10/2021,SDM,CA,AWP,WE,Federal Contract Tower,0,10,23,0,33,0,0,82,8,90,0,10,105,8,123,318,8,326,449
02/11/2021,SDM,CA,AWP,WE,Federal Contract Tower,0,11,26,0,37,0,1,96,0,97,0,12,122,0,134,238,0,238,372
02/12/2021,SDM,CA,AWP,WE,Federal Contract Tower,0,4,19,0,23,0,1,28,0,29,0,5,47,0,52,122,0,122,174
02/13/2021,SDM,CA,AWP,WE,Federal Contract Tower,0,12,24,1,37,0,0,57,0,57,0,12,81,1,94,216,0,216,310
02/14/2021,SDM,CA,AWP,WE,Federal Contract Tower,0,9,24,0,33,0,0,138,0,138,0,9,162,0,171,212,0,212,383
02/15/2021,SDM,CA,AWP,WE,Federal Contract Tower,0,10,22,0,32,0,1,87,0,88,0,11,109,0,120,0,190,190,310
02/16/2021,SDM,CA,AWP,WE,Federal Contract Tower,0,7,13,0,20,0,0,47,4,51,0,7,60,4,71,158,20,178,249
02/17/2021,SDM,CA,AWP,WE,Federal Contract Tower,0,5,29,2,36,0,0,108,6,114,0,5,137,8,150,266,24,290,440
02/18/2021,SDM,CA,AWP,WE,Federal Contract Tower,0,10,15,0,25,0,0,96,11,107,0,10,111,11,132,320,18,338,470
02/19/2021,SDM,CA,AWP,WE,Federal Contract Tower,0,9,16,0,25,0,0,95,2,97,0,9,111,2,122,202,0,202,324
02/20/2021,SDM,CA,AWP,WE,Federal Contract Tower,0,7,29,0,36,0,0,116,2,118,0,7,145,2,154,216,0,216,370
02/21/2021,SDM,CA,AWP,WE,Federal Contract Tower,0,8,23,0,31,0,0,96,0,96,0,8,119,0,127,98,0,98,225
02/22/2021,SDM,CA,AWP,WE,Federal Contract Tower,0,12,33,0,45,0,0,81,0,81,0,12,114,0,126,152,0,152,278
02/23/2021,SDM,CA,AWP,WE,Federal Contract Tower,0,10,15,0,25,0,1,83,7,91,0,11,98,7,116,318,14,332,448
02/24/2021,SDM,CA,AWP,WE,Federal Contract Tower,0,8,25,1,34,0,0,96,10,106,0,8,121,11,140,236,28,264,404
02/25/2021,SDM,CA,AWP,WE,Federal Contract Tower,1,8,23,0,32,0,0,102,4,106,1,8,125,4,138,264,0,264,402
02/26/2021,SDM,CA,AWP,WE,Federal Contract Tower,0,12,24,0,36,0,0,108,14,122,0,12,132,14,158,172,20,192,350
02/27/2021,SDM,CA,AWP,WE,Federal Contract Tower,0,6,16,3,25,0,0,106,24,130,0,6,122,27,155,260,0,260,415
02/28/2021,SDM,CA,AWP,WE,Federal Contract Tower,0,22,13,0,35,0,1,99,16,116,0,23,112,16,151,66,0,66,217
03/01/2021,SDM,CA,AWP,WE,Federal Contract Tower,0,8,27,3,38,0,0,79,6,85,0,8,106,9,123,85,0,85,208
03/02/2021,SDM,CA,AWP,WE,Federal Contract Tower,0,7,18,0,25,0,0,103,3,106,0,7,121,3,131,144,0,144,275
03/03/2021,SDM,CA,AWP,WE,Federal Contract Tower,0,1,13,0,14,0,0,19,0,19,0,1,32,0,33,56,0,56,89
03/04/2021,SDM,CA,AWP,WE,Federal Contract Tower,0,8,20,0,28,0,1,107,5,113,0,9,127,5,141,210,0,210,351
03/05/2021,SDM,CA,AWP,WE,Federal Contract Tower,0,6,22,0,28,0,0,114,10,124,0,6,136,10,152,254,18,272,424
03/06/2021,SDM,CA,AWP,WE,Federal Contract Tower,0,12,16,0,28,0,1,114,0,115,0,13,130,0,143,214,0,214,357
03/07/2021,SDM,CA,AWP,WE,Federal Contract Tower,0,12,26,1,39,0,0,78,0,78,0,12,104,1,117,108,0,108,225
03/08/2021,SDM,CA,AWP,WE,Federal Contract Tower,0,5,25,0,30,0,0,82,2,84,0,5,107,2,114,182,0,182,296
03/09/2021,SDM,CA,AWP,WE,Federal Contract Tower,0,10,18,0,28,0,1,81,8,90,0,11,99,8,118,180,6,186,304
03/10/2021,SDM,CA,AWP,WE,Federal Contract Tower,0,7,20,0,27,0,0,29,0,29,0,7,49,0,56,92,0,92,148
03/11/2021,SDM,CA,AWP,WE,Federal Contract Tower,0,9,16,0,25,0,0,49,8,57,0,9,65,8,82,121,14,135,217
03/12/2021,SDM,CA,AWP,WE,Federal Contract Tower,0,5,13,0,18,0,0,74,20,94,0,5,87,20,112,210,56,266,378
03/13/2021,SDM,CA,AWP,WE,Federal Contract Tower,0,4,21,1,26,0,1,67,8,76,0,5,88,9,102,170,10,180,282
03/14/2021,SDM,CA,AWP,WE,Federal Contract Tower,0,8,24,0,32,0,88,0,4,92,0,96,24,4,124,80,0,80,204
03/16/2021,SDM,CA,AWP,WE,Federal Contract Tower,1,14,21,0,36,0,0,105,18,123,1,14,126,18,159,182,0,182,341
03/17/2021,SDM,CA,AWP,WE,Federal Contract Tower,0,5,32,0,37,0,0,131,17,148,0,5,163,17,185,262,18,280,465
03/18/2021,SDM,CA,AWP,WE,Federal Contract Tower,1,15,24,0,40,0,0,85,9,94,1,15,109,9,134,174,0,174,308
03/19/2021,SDM,CA,AWP,WE,Federal Contract Tower,0,10,28,1,39,0,0,144,2,146,0,10,172,3,185,404,0,404,589
03/20/2021,SDM,CA,AWP,WE,Federal Contract Tower,0,7,27,0,34,0,0,126,0,126,0,7,153,0,160,60,0,60,220
03/21/2021,SDM,CA,AWP,WE,Federal Contract Tower,1,9,41,2,53,0,0,119,0,119,1,9,160,2,172,222,0,222,394
03/22/2021,SDM,CA,AWP,WE,Federal Contract Tower,0,6,15,0,21,0,0,120,0,120,0,6,135,0,141,272,0,272,413
03/23/2021,SDM,CA,AWP,WE,Federal Contract Tower,0,8,15,0,23,0,0,47,2,49,0,8,62,2,72,172,18,190,262
03/24/2021,SDM,CA,AWP,WE,Federal Contract Tower,4,15,32,0,51,0,0,111,0,111,4,15,143,0,162,124,0,124,286
03/25/2021,SDM,CA,AWP,WE,Federal Contract Tower,0,17,11,2,30,0,0,23,4,27,0,17,34,6,57,56,0,56,113
03/26/2021,SDM,CA,AWP,WE,Federal Contract Tower,0,4,17,3,24,0,0,77,9,86,0,4,94,12,110,234,6,240,350
03/27/2021,SDM,CA,AWP,WE,Federal Contract Tower,0,22,28,4,54,0,1,180,10,191,0,23,208,14,245,158,0,158,403
03/28/2021,SDM,CA,AWP,WE,Federal Contract Tower,0,11,45,2,58,0,1,123,14,138,0,12,168,16,196,176,0,176,372
03/29/2021,SDM,CA,AWP,WE,Federal Contract Tower,0,5,27,3,35,0,0,105,10,115,0,5,132,13,150,300,0,300,450
03/30/2021,SDM,CA,AWP,WE,Federal Contract Tower,0,10,22,0,32,0,2,90,0,92,0,12,112,0,124,234,2,236,360
03/31/2021,SDM,CA,AWP,WE,Federal Contract Tower,0,8,30,0,38,0,1,114,3,118,0,9,144,3,156,146,0,146,302
04/01/2021,SDM,CA,AWP,WE,Federal Contract Tower,0,7,23,0,30,0,0,128,2,130,0,7,151,2,160,194,0,194,354
04/02/2021,SDM,CA,AWP,WE,Federal Contract Tower,0,13,32,0,45,0,0,128,2,130,0,13,160,2,175,272,6,278,453
04/03/2021,SDM,CA,AWP,WE,Federal Contract Tower,0,13,27,2,42,0,1,156,0,157,0,14,183,2,199,90,0,90,289
04/04/2021,SDM,CA,AWP,WE,Federal Contract Tower,0,4,15,0,19,0,0,97,14,111,0,4,112,14,130,70,0,70,200
04/05/2021,SDM,CA,AWP,WE,Federal Contract Tower,0,18,35,0,53,0,1,81,0,82,0,19,116,0,135,266,0,266,401
04/06/2021,SDM,CA,AWP,WE,Federal Contract Tower,0,9,22,0,31,0,0,98,2,100,0,9,120,2,131,302,2,304,435
04/07/2021,SDM,CA,AWP,WE,Federal Contract Tower,0,10,20,0,30,0,0,126,0,126,0,10,146,0,156,248,0,248,404
04/08/2021,SDM,CA,AWP,WE,Federal Contract Tower,0,10,34,0,44,0,0,118,4,122,0,10,152,4,166,190,2,192,358
04/09/2021,SDM,CA,AWP,WE,Federal Contract Tower,0,11,34,1,46,0,1,91,16,108,0,12,125,17,154,184,0,184,338
04/10/2021,SDM,CA,AWP,WE,Federal Contract Tower,0,16,34,1,51,0,1,136,12,149,0,17,170,13,200,190,0,190,390
04/11/2021,SDM,CA,AWP,WE,Federal Contract Tower,0,10,38,1,49,0,0,107,8,115,0,10,145,9,164,204,0,204,368
04/12/2021,SDM,CA,AWP,WE,Federal Contract Tower,0,7,23,1,31,0,0,122,0,122,0,7,145,1,153,210,0,210,363
04/13/2021,SDM,CA,AWP,WE,Federal Contract Tower,0,8,35,3,46,0,1,23,3,27,0,9,58,6,73,82,24,106,179
04/14/2021,SDM,CA,AWP,WE,Federal Contract Tower,0,19,23,0,42,0,0,71,2,73,0,19,94,2,115,240,2,242,357
04/15/2021,SDM,CA,AWP,WE,Federal Contract Tower,0,8,19,0,27,0,1,110,2,113,0,9,129,2,140,166,0,166,306
04/16/2021,SDM,CA,AWP,WE,Federal Contract Tower,0,4,26,6,36,0,0,111,9,120,0,4,137,15,156,192,0,192,348
04/17/2021,SDM,CA,AWP,WE,Federal Contract Tower,0,3,13,13,29,0,1,150,9,160,0,4,163,22,189,168,0,168,357
04/18/2021,SDM,CA,AWP,WE,Federal Contract Tower,0,9,32,8,49,0,3,116,26,145,0,12,148,34,194,106,4,110,304
04/19/2021,SDM,CA,AWP,WE,Federal Contract Tower,0,9,21,1,31,0,0,105,11,116,0,9,126,12,147,250,50,300,447
04/20/2021,SDM,CA,AWP,WE,Federal Contract Tower,0,1,26,0,27,0,0,112,0,112,0,1,138,0,139,184,0,184,323
04/21/2021,SDM,CA,AWP,WE,Federal Contract Tower,0,7,24,0,31,0,0,26,2,28,0,7,50,2,59,174,0,174,233
04/22/2021,SDM,CA,AWP,WE,Federal Contract Tower,0,12,24,0,36,0,0,19,4,23,0,12,43,4,59,162,16,178,237
04/23/2021,SDM,CA,AWP,WE,Federal Contract Tower,0,11,24,11,46,0,0,29,3,32,0,11,53,14,78,154,0,154,232
04/24/2021,SDM,CA,AWP,WE,Federal Contract Tower,0,6,21,2,29,0,0,142,22,164,0,6,163,24,193,80,0,80,273
04/25/2021,SDM,CA,AWP,WE,Federal Contract Tower,0,10,31,0,41,0,0,116,10,126,0,10,147,10,167,106,0,106,273
04/26/2021,SDM,CA,AWP,WE,Federal Contract Tower,0,4,28,0,32,0,1,13,0,14,0,5,41,0,46,52,0,52,98
04/27/2021,SDM,CA,AWP,WE,Federal Contract Tower,0,6,22,0,28,0,1,76,2,79,0,7,98,2,107,186,18,204,311
04/28/2021,SDM,CA,AWP,WE,Federal Contract Tower,0,8,29,0,37,0,0,131,3,134,0,8,160,3,171,202,2,204,375
04/29/2021,SDM,CA,AWP,WE,Federal Contract Tower,0,5,25,1,31,0,0,102,5,107,0,5,127,6,138,196,24,220,358
04/30/2021,SDM,CA,AWP,WE,Federal Contract Tower,0,7,31,1,39,0,0,130,14,144,0,7,161,15,183,140,0,140,323
05/01/2021,SDM,CA,AWP,WE,Federal Contract Tower,0,3,15,0,18,0,0,125,14,139,0,3,140,14,157,150,0,150,307
05/02/2021,SDM,CA,AWP,WE,Federal Contract Tower,0,17,31,1,49,0,0,2,6,8,0,17,33,7,57,0,0,0,57
05/03/2021,SDM,CA,AWP,WE,Federal Contract Tower,0,2,24,0,26,0,0,100,4,104,0,2,124,4,130,204,0,204,334
05/04/2021,SDM,CA,AWP,WE,Federal Contract Tower,0,4,20,0,24,0,0,89,2,91,0,4,109,2,115,190,0,190,305
05/05/2021,SDM,CA,AWP,WE,Federal Contract Tower,0,6,20,0,26,0,0,133,0,133,0,6,153,0,159,142,0,142,301
05/06/2021,SDM,CA,AWP,WE,Federal Contract Tower,2,6,26,1,35,0,0,67,2,69,2,6,93,3,104,166,2,168,272
05/08/2021,SDM,CA,AWP,WE,Federal Contract Tower,0,2,29,1,32,0,2,126,6,134,0,4,155,7,166,208,0,208,374
05/09/2021,SDM,CA,AWP,WE,Federal Contract Tower,0,8,15,0,23,0,0,68,2,70,0,8,83,2,93,118,0,118,211
05/10/2021,SDM,CA,AWP,WE,Federal Contract Tower,0,7,29,2,38,0,0,57,8,65,0,7,86,10,103,248,0,248,351
05/11/2021,SDM,CA,AWP,WE,Federal Contract Tower,0,10,18,2,30,0,1,81,16,98,0,11,99,18,128,244,2,246,374
05/12/2021,SDM,CA,AWP,WE,Federal Contract Tower,0,6,27,1,34,0,0,94,24,118,0,6,121,25,152,180,0,180,332
05/13/2021,SDM,CA,AWP,WE,Federal Contract Tower,0,9,22,0,31,0,0,78,24,102,0,9,100,24,133,200,2,202,335
05/14/2021,SDM,CA,AWP,WE,Federal Contract Tower,0,7,28,2,37,0,0,82,14,96,0,7,110,16,133,256,0,256,389
05/15/2021,SDM,CA,AWP,WE,Federal Contract Tower,0,13,15,2,30,0,0,74,14,88,0,13,89,16,118,104,0,104,222
05/16/2021,SDM,CA,AWP,WE,Federal Contract Tower,0,13,50,1,64,0,1,15,9,25,0,14,65,10,89,12,0,12,101
05/17/2021,SDM,CA,AWP,WE,Federal Contract Tower,0,11,20,4,35,0,1,25,0,26,0,12,45,4,61,276,0,276,337
05/18/2021,SDM,CA,AWP,WE,Federal Contract Tower,2,10,24,0,36,0,0,66,3,69,2,10,90,3,105,170,0,170,275
05/19/2021,SDM,CA,AWP,WE,Federal Contract Tower,0,0,31,0,31,0,0,110,2,112,0,0,141,2,143,150,2,152,295
05/20/2021,SDM,CA,AWP,WE,Federal Contract Tower,0,9,27,0,36,0,0,65,4,69,0,9,92,4,105,269,8,277,382
05/21/2021,SDM,CA,AWP,WE,Federal Contract Tower,0,4,16,1,21,0,0,60,12,72,0,4,76,13,93,74,4,78,171
05/22/2021,SDM,CA,AWP,WE,Federal Contract Tower,2,1,24,1,28,0,1,151,30,182,2,2,175,31,210,162,0,162,372
05/23/2021,SDM,CA,AWP,WE,Federal Contract Tower,0,9,53,3,65,0,0,126,18,144,0,9,179,21,209,122,0,122,331
05/24/2021,SDM,CA,AWP,WE,Federal Contract Tower,0,4,22,0,26,0,1,105,10,116,0,5,127,10,142,340,2,342,484
05/25/2021,SDM,CA,AWP,WE,Federal Contract Tower,0,8,23,0,31,0,0,83,2,85,0,8,106,2,116,284,20,304,420
05/26/2021,SDM,CA,AWP,WE,Federal Contract Tower,0,6,23,0,29,0,0,94,1,95,0,6,117,1,124,120,0,120,244
05/27/2021,SDM,CA,AWP,WE,Federal Contract Tower,0,3,16,15,34,0,0,118,4,122,0,3,134,19,156,210,6,216,372
05/28/2021,SDM,CA,AWP,WE,Federal Contract Tower,0,5,17,6,28,0,0,109,0,109,0,5,126,6,137,204,0,204,341
05/29/2021,SDM,CA,AWP,WE,Federal Contract Tower,0,9,24,3,36,0,0,121,2,123,0,9,145,5,159,208,2,210,369
05/30/2021,SDM,CA,AWP,WE,Federal Contract Tower,0,8,17,0,25,0,0,83,0,83,0,8,100,0,108,144,0,144,252
05/31/2021,SDM,CA,AWP,WE,Federal Contract Tower,0,13,59,2,74,0,0,118,0,118,0,13,177,2,192,154,0,154,346
06/01/2021,SDM,CA,AWP,WE,Federal Contract Tower,0,5,21,1,27,0,0,89,2,91,0,5,110,3,118,192,2,194,312
06/02/2021,SDM,CA,AWP,WE,Federal Contract Tower,0,10,18,2,30,0,0,86,0,86,0,10,104,2,116,192,0,192,308
06/03/2021,SDM,CA,AWP,WE,Federal Contract Tower,0,10,20,3,33,0,0,85,2,87,0,10,105,5,120,222,0,222,342
06/04/2021,SDM,CA,AWP,WE,Federal Contract Tower,0,11,19,0,30,0,0,80,7,87,0,11,99,7,117,202,0,202,319
06/05/2021,SDM,CA,AWP,WE,Federal Contract Tower,0,4,22,1,27,0,0,129,6,135,0,4,151,7,162,168,0,168,330
06/06/2021,SDM,CA,AWP,WE,Federal Contract Tower,0,8,29,1,38,0,0,93,4,97,0,8,122,5,135,122,0,122,257
06/07/2021,SDM,CA,AWP,WE,Federal Contract Tower,0,6,24,1,31,0,1,31,2,34,0,7,55,3,65,158,0,158,223
06/08/2021,SDM,CA,AWP,WE,Federal Contract Tower,0,2,29,0,31,0,0,89,4,93,0,2,118,4,124,162,4,166,290
06/09/2021,SDM,CA,AWP,WE,Federal Contract Tower,0,5,21,1,27,0,0,83,0,83,0,5,104,1,110,114,0,114,224
06/10/2021,SDM,CA,AWP,WE,Federal Contract Tower,0,7,24,0,31,0,0,109,0,109,0,7,133,0,140,166,0,166,306
06/11/2021,SDM,CA,AWP,WE,Federal Contract Tower,0,15,20,1,36,0,0,126,0,126,0,15,146,1,162,292,0,292,454
06/12/2021,SDM,CA,AWP,WE,Federal Contract Tower,0,12,18,0,30,0,0,132,1,133,0,12,150,1,163,178,0,178,341
06/13/2021,SDM,CA,AWP,WE,Federal Contract Tower,0,9,37,3,49,0,1,148,0,149,0,10,185,3,198,132,0,132,330
06/14/2021,SDM,CA,AWP,WE,Federal Contract Tower,0,11,27,1,39,0,0,114,4,118,0,11,141,5,157,180,0,180,337
06/15/2021,SDM,CA,AWP,WE,Federal Contract Tower,0,3,27,0,30,0,0,89,0,89,0,3,116,0,119,136,0,136,255
06/16/2021,SDM,CA,AWP,WE,Federal Contract Tower,0,9,26,2,37,0,1,80,2,83,0,10,106,4,120,186,0,186,306
06/17/2021,SDM,CA,AWP,WE,Federal Contract Tower,0,8,30,3,41,0,1,78,11,90,0,9,108,14,131,142,2,144,275
06/18/2021,SDM,CA,AWP,WE,Federal Contract Tower,0,4,28,0,32,0,2,137,2,141,0,6,165,2,173,124,0,124,297
06/19/2021,SDM,CA,AWP,WE,Federal Contract Tower,0,9,35,2,46,0,0,146,0,146,0,9,181,2,192,190,0,190,382
06/20/2021,SDM,CA,AWP,WE,Federal Contract Tower,0,6,24,0,30,0,0,100,0,100,0,6,124,0,130,96,0,96,226
06/21/2021,SDM,CA,AWP,WE,Federal Contract Tower,0,10,29,2,41,0,0,108,9,117,0,10,137,11,158,184,0,184,342
06/22/2021,SDM,CA,AWP,WE,Federal Contract Tower,0,8,25,1,34,0,0,75,26,101,0,8,100,27,135,162,2,164,299
06/23/2021,SDM,CA,AWP,WE,Federal Contract Tower,0,6,27,2,35,0,0,43,2,45,0,6,70,4,80,36,8,44,124
06/24/2021,SDM,CA,AWP,WE,Federal Contract Tower,0,7,21,2,30,0,0,115,29,144,0,7,136,31,174,218,40,258,432
06/25/2021,SDM,CA,AWP,WE,Federal Contract Tower,0,10,27,5,42,0,0,113,28,141,0,10,140,33,183,130,32,162,345
06/26/2021,SDM,CA,AWP,WE,Federal Contract Tower,0,13,14,6,33,0,0,124,7,131,0,13,138,13,164,110,0,110,274
06/27/2021,SDM,CA,AWP,WE,Federal Contract Tower,0,24,41,3,68,0,0,120,9,129,0,24,161,12,197,164,0,164,361
06/28/2021,SDM,CA,AWP,WE,Federal Contract Tower,2,10,13,0,25,0,0,77,10,87,2,10,90,10,112,132,8,140,252
06/29/2021,SDM,CA,AWP,WE,Federal Contract Tower,0,3,27,3,33,0,0,65,15,80,0,3,92,18,113,164,4,168,281
06/30/2021,SDM,CA,AWP,WE,Federal Contract Tower,0,4,23,2,29,0,0,92,0,92,0,4,115,2,121,236,0,236,357
07/01/2021,SDM,CA,AWP,WE,Federal Contract Tower,0,3,30,7,40,0,0,64,0,64,0,3,94,7,104,128,0,128,232
07/02/2021,SDM,CA,AWP,WE,Federal Contract Tower,0,8,27,2,37,0,0,104,0,104,0,8,131,2,141,182,0,182,323
07/03/2021,SDM,CA,AWP,WE,Federal Contract Tower,0,9,14,3,26,0,0,114,0,114,0,9,128,3,140,130,0,130,270
07/04/2021,SDM,CA,AWP,WE,Federal Contract Tower,0,3,4,4,11,0,0,114,0,114,0,3,118,4,125,124,0,124,249
07/05/2021,SDM,CA,AWP,WE,Federal Contract Tower,0,2,39,10,51,0,0,120,0,120,0,2,159,10,171,164,0,164,335
07/06/2021,SDM,CA,AWP,WE,Federal Contract Tower,0,11,25,7,43,0,0,102,1,103,0,11,127,8,146,176,0,176,322
07/07/2021,SDM,CA,AWP,WE,Federal Contract Tower,0,18,20,3,41,0,0,82,0,82,0,18,102,3,123,124,0,124,247
07/08/2021,SDM,CA,AWP,WE,Federal Contract Tower,0,17,16,4,37,0,0,79,3,82,0,17,95,7,119,188,0,188,307
07/09/2021,SDM,CA,AWP,WE,Federal Contract Tower,0,9,17,8,34,0,0,106,4,110,0,9,123,12,144,280,0,280,424
07/10/2021,SDM,CA,AWP,WE,Federal Contract Tower,0,10,16,12,38,0,0,186,2,188,0,10,202,14,226,98,0,98,324
07/11/2021,SDM,CA,AWP,WE,Federal Contract Tower,0,13,28,5,46,0,1,110,6,117,0,14,138,11,163,220,0,220,383
07/12/2021,SDM,CA,AWP,WE,Federal Contract Tower,0,9,25,8,42,0,0,78,1,79,0,9,103,9,121,180,0,180,301
07/13/2021,SDM,CA,AWP,WE,Federal Contract Tower,0,4,10,3,17,0,0,92,0,92,0,4,102,3,109,242,0,242,351
07/14/2021,SDM,CA,AWP,WE,Federal Contract Tower,0,6,29,5,40,0,1,93,0,94,0,7,122,5,134,188,0,188,322
07/15/2021,SDM,CA,AWP,WE,Federal Contract Tower,0,14,30,5,49,0,2,89,5,96,0,16,119,10,145,146,10,156,301
07/16/2021,SDM,CA,AWP,WE,Federal Contract Tower,0,13,13,8,34,0,2,95,17,114,0,15,108,25,148,180,0,180,328
07/17/2021,SDM,CA,AWP,WE,Federal Contract Tower,0,10,12,6,28,0,0,126,9,135,0,10,138,15,163,216,0,216,379
07/18/2021,SDM,CA,AWP,WE,Federal Contract Tower,0,9,28,10,47,0,3,104,6,113,0,12,132,16,160,70,2,72,232
07/19/2021,SDM,CA,AWP,WE,Federal Contract Tower,0,15,20,8,43,0,0,80,2,82,0,15,100,10,125,190,8,198,323
07/20/2021,SDM,CA,AWP,WE,Federal Contract Tower,0,6,15,7,28,0,0,85,7,92,0,6,100,14,120,220,4,224,344
07/21/2021,SDM,CA,AWP,WE,Federal Contract Tower,1,8,18,7,34,0,0,88,0,88,1,8,106,7,122,196,0,196,318
07/22/2021,SDM,CA,AWP,WE,Federal Contract Tower,0,10,32,5,47,0,0,54,0,54,0,10,86,5,101,128,0,128,229
07/23/2021,SDM,CA,AWP,WE,Federal Contract Tower,1,12,21,19,53,0,3,99,18,120,1,15,120,37,173,224,0,224,397
07/24/2021,SDM,CA,AWP,WE,Federal Contract Tower,0,13,15,5,33,0,1,139,12,152,0,14,154,17,185,174,0,174,359
07/25/2021,SDM,CA,AWP,WE,Federal Contract Tower,0,3,26,16,45,0,0,101,6,107,0,3,127,22,152,180,0,180,332
07/26/2021,SDM,CA,AWP,WE,Federal Contract Tower,0,5,23,14,42,0,1,20,0,21,0,6,43,14,63,98,0,98,161
07/27/2021,SDM,CA,AWP,WE,Federal Contract Tower,0,7,17,3,27,0,2,105,0,107,0,9,122,3,134,176,0,176,310
07/28/2021,SDM,CA,AWP,WE,Federal Contract Tower,0,5,15,2,22,0,1,102,7,110,0,6,117,9,132,180,6,186,318
07/29/2021,SDM,CA,AWP,WE,Federal Contract Tower,0,7,12,2,21,0,0,118,4,122,0,7,130,6,143,186,2,188,331
07/30/2021,SDM,CA,AWP,WE,Federal Contract Tower,0,12,18,8,38,0,0,94,6,100,0,12,112,14,138,142,0,142,280
07/31/2021,SDM,CA,AWP,WE,Federal Contract Tower,0,13,24,7,44,0,0,153,4,157,0,13,177,11,201,174,0,174,375
08/01/2021,SDM,CA,AWP,WE,Federal Contract Tower,0,5,18,7,30,0,0,96,4,100,0,5,114,11,130,130,0,130,260
08/02/2021,SDM,CA,AWP,WE,Federal Contract Tower,0,10,32,0,42,0,0,99,0,99,0,10,131,0,141,158,0,158,299
08/03/2021,SDM,CA,AWP,WE,Federal Contract Tower,0,11,22,3,36,0,0,92,0,92,0,11,114,3,128,158,0,158,286
08/04/2021,SDM,CA,AWP,WE,Federal Contract Tower,0,1,24,2,27,0,0,103,0,103,0,1,127,2,130,160,0,160,290
08/05/2021,SDM,CA,AWP,WE,Federal Contract Tower,2,8,17,0,27,0,0,82,2,84,2,8,99,2,111,152,0,152,263
08/06/2021,SDM,CA,AWP,WE,Federal Contract Tower,3,2,21,3,29,0,0,58,0,58,3,2,79,3,87,170,0,170,257
08/07/2021,SDM,CA,AWP,WE,Federal Contract Tower,3,13,6,1,23,0,0,124,1,125,3,13,130,2,148,192,0,192,340
08/08/2021,SDM,CA,AWP,WE,Federal Contract Tower,0,6,15,0,21,0,0,105,0,105,0,6,120,0,126,78,0,78,204
08/09/2021,SDM,CA,AWP,WE,Federal Contract Tower,0,7,8,4,19,0,0,71,4,75,0,7,79,8,94,154,4,158,252
08/10/2021,SDM,CA,AWP,WE,Federal Contract Tower,0,10,18,1,29,0,0,107,1,108,0,10,125,2,137,122,0,122,259
08/11/2021,SDM,CA,AWP,WE,Federal Contract Tower,0,8,19,1,28,0,0,97,2,99,0,8,116,3,127,158,0,158,285
08/12/2021,SDM,CA,AWP,WE,Federal Contract Tower,0,6,16,4,26,0,0,114,0,114,0,6,130,4,140,282,0,282,422
08/13/2021,SDM,CA,AWP,WE,Federal Contract Tower,0,7,22,4,33,0,0,105,2,107,0,7,127,6,140,224,0,224,364
08/14/2021,SDM,CA,AWP,WE,Federal Contract Tower,0,7,24,3,34,0,1,142,0,143,0,8,166,3,177,134,0,134,311
08/15/2021,SDM,CA,AWP,WE,Federal Contract Tower,0,8,22,4,34,0,0,121,2,123,0,8,143,6,157,48,0,48,205
08/16/2021,SDM,CA,AWP,WE,Federal Contract Tower,0,3,15,0,18,0,0,83,14,97,0,3,98,14,115,116,2,118,233
08/17/2021,SDM,CA,AWP,WE,Federal Contract Tower,0,4,15,0,19,0,0,60,26,86,0,4,75,26,105,136,4,140,245
08/18/2021,SDM,CA,AWP,WE,Federal Contract Tower,0,4,27,0,31,0,0,26,2,28,0,4,53,2,59,100,10,110,169
08/19/2021,SDM,CA,AWP,WE,Federal Contract Tower,0,9,11,0,20,0,0,60,6,66,0,9,71,6,86,90,0,90,176
08/20/2021,SDM,CA,AWP,WE,Federal Contract Tower,0,7,22,2,31,0,0,36,0,36,0,7,58,2,67,180,0,180,247
08/21/2021,SDM,CA,AWP,WE,Federal Contract Tower,0,2,15,0,17,0,0,50,0,50,0,2,65,0,67,132,0,132,199
08/22/2021,SDM,CA,AWP,WE,Federal Contract Tower,0,8,25,3,36,0,0,54,0,54,0,8,79,3,90,164,0,164,254
08/23/2021,SDM,CA,AWP,WE,Federal Contract Tower,0,8,25,0,33,0,1,93,23,117,0,9,118,23,150,158,0,158,308
08/24/2021,SDM,CA,AWP,WE,Federal Contract Tower,0,2,19,1,22,0,0,93,26,119,0,2,112,27,141,144,2,146,287
08/25/2021,SDM,CA,AWP,WE,Federal Contract Tower,0,8,23,1,32,0,4,92,15,111,0,12,115,16,143,148,0,148,291
08/26/2021,SDM,CA,AWP,WE,Federal Contract Tower,0,4,40,0,44,0,3,85,2,90,0,7,125,2,134,90,0,90,224
08/27/2021,SDM,CA,AWP,WE,Federal Contract Tower,0,6,18,1,25,0,0,107,17,124,0,6,125,18,149,184,24,208,357
08/28/2021,SDM,CA,AWP,WE,Federal Contract Tower,0,3,20,2,25,0,0,117,16,133,0,3,137,18,158,102,0,102,260
08/29/2021,SDM,CA,AWP,WE,Federal Contract Tower,0,2,25,5,32,0,0,104,8,112,0,2,129,13,144,278,0,278,422
08/30/2021,SDM,CA,AWP,WE,Federal Contract Tower,0,5,17,3,25,0,0,50,2,52,0,5,67,5,77,94,0,94,171
08/31/2021,SDM,CA,AWP,WE,Federal Contract Tower,0,3,17,4,24,0,1,40,0,41,0,4,57,4,65,90,0,90,155
09/01/2021,SDM,CA,AWP,WE,Federal Contract Tower,0,2,9,0,11,0,0,83,0,83,0,2,92,0,94,146,0,146,240
09/02/2021,SDM,CA,AWP,WE,Federal Contract Tower,0,3,21,0,24,0,0,115,0,115,0,3,136,0,139,184,0,184,323
09/03/2021,SDM,CA,AWP,WE,Federal Contract Tower,0,3,25,7,35,0,2,82,16,100,0,5,107,23,135,156,28,184,319
09/04/2021,SDM,CA,AWP,WE,Federal Contract Tower,0,8,13,4,25,0,0,143,0,143,0,8,156,4,168,224,0,224,392
09/05/2021,SDM,CA,AWP,WE,Federal Contract Tower,0,5,20,2,27,0,0,132,16,148,0,5,152,18,175,158,0,158,333
09/06/2021,SDM,CA,AWP,WE,Federal Contract Tower,0,9,27,5,41,0,0,122,28,150,0,9,149,33,191,114,0,114,305
09/07/2021,SDM,CA,AWP,WE,Federal Contract Tower,0,6,27,3,36,0,0,67,6,73,0,6,94,9,109,76,2,78,187
09/08/2021,SDM,CA,AWP,WE,Federal Contract Tower,0,4,27,8,39,0,2,86,2,90,0,6,113,10,129,82,0,82,211
09/09/2021,SDM,CA,AWP,WE,Federal Contract Tower,0,4,22,2,28,0,0,88,0,88,0,4,110,2,116,206,0,206,322
09/10/2021,SDM,CA,AWP,WE,Federal Contract Tower,0,4,22,3,29,0,0,88,5,93,0,4,110,8,122,138,24,162,284
09/11/2021,SDM,CA,AWP,WE,Federal Contract Tower,0,9,7,0,16,0,0,119,3,122,0,9,126,3,138,172,0,172,310
09/12/2021,SDM,CA,AWP,WE,Federal Contract Tower,0,5,18,4,27,0,1,94,3,98,0,6,112,7,125,150,0,150,275
09/13/2021,SDM,CA,AWP,WE,Federal Contract Tower,0,8,20,0,28,0,2,93,2,97,0,10,113,2,125,124,8,132,257
09/14/2021,SDM,CA,AWP,WE,Federal Contract Tower,0,9,27,2,38,0,0,70,0,70,0,9,97,2,108,108,0,108,216
09/15/2021,SDM,CA,AWP,WE,Federal Contract Tower,0,4,14,0,18,0,2,69,0,71,0,6,83,0,89,180,0,180,269
09/16/2021,SDM,CA,AWP,WE,Federal Contract Tower,0,5,15,1,21,0,1,75,3,79,0,6,90,4,100,184,4,188,288
09/17/2021,SDM,CA,AWP,WE,Federal Contract Tower,0,2,17,4,23,0,3,85,6,94,0,5,102,10,117,124,0,124,241
09/18/2021,SDM,CA,AWP,WE,Federal Contract Tower,0,2,13,7,22,0,0,145,9,154,0,2,158,16,176,24,2,26,202
09/19/2021,SDM,CA,AWP,WE,Federal Contract Tower,0,3,31,3,37,0,0,110,8,118,0,3,141,11,155,136,0,136,291
09/20/2021,SDM,CA,AWP,WE,Federal Contract Tower,0,2,13,0,15,0,0,83,0,83,0,2,96,0,98,90,0,90,188
09/21/2021,SDM,CA,AWP,WE,Federal Contract Tower,0,3,13,0,16,0,0,58,4,62,0,3,71,4,78,86,6,92,170
09/22/2021,SDM,CA,AWP,WE,Federal Contract Tower,0,6,24,0,30,0,0,78,0,78,0,6,102,0,108,112,0,112,220
09/23/2021,SDM,CA,AWP,WE,Federal Contract Tower,0,6,11,0,17,0,0,79,2,81,0,6,90,2,98,178,0,178,276
09/24/2021,SDM,CA,AWP,WE,Federal Contract Tower,0,4,20,6,30,0,3,67,6,76,0,7,87,12,106,150,0,150,256
09/25/2021,SDM,CA,AWP,WE,Federal Contract Tower,0,4,20,10,34,0,0,75,4,79,0,4,95,14,113,54,2,56,169
09/26/2021,SDM,CA,AWP,WE,Federal Contract Tower,0,1,26,6,33,0,0,12,6,18,0,1,38,12,51,38,0,38,89
09/27/2021,SDM,CA,AWP,WE,Federal Contract Tower,0,4,17,3,24,0,1,16,0,17,0,5,33,3,41,10,0,10,51
09/28/2021,SDM,CA,AWP,WE,Federal Contract Tower,0,3,13,0,16,0,1,41,0,42,0,4,54,0,58,102,0,102,160
09/29/2021,SDM,CA,AWP,WE,Federal Contract Tower,2,3,17,0,22,0,3,83,0,86,2,6,100,0,108,84,0,84,192
09/30/2021,SDM,CA,AWP,WE,Federal Contract Tower,0,10,19,0,29,0,0,106,2,108,0,10,125,2,137,226,0,226,363
10/01/2021,SDM,CA,AWP,WE,Federal Contract Tower,0,2,23,1,26,0,3,84,10,97,0,5,107,11,123,176,0,176,299
10/02/2021,SDM,CA,AWP,WE,Federal Contract Tower,0,7,12,0,19,0,0,113,6,119,0,7,125,6,138,162,0,162,300
10/03/2021,SDM,CA,AWP,WE,Federal Contract Tower,0,5,21,1,27,0,1,109,3,113,0,6,130,4,140,64,0,64,204
10/05/2021,SDM,CA,AWP,WE,Federal Contract Tower,0,8,12,0,20,0,0,55,0,55,0,8,67,0,75,84,0,84,159
10/06/2021,SDM,CA,AWP,WE,Federal Contract Tower,0,8,22,1,31,0,3,27,0,30,0,11,49,1,61,106,0,106,167
10/07/2021,SDM,CA,AWP,WE,Federal Contract Tower,0,8,24,1,33,0,0,50,0,50,0,8,74,1,83,204,0,204,287
10/08/2021,SDM,CA,AWP,WE,Federal Contract Tower,0,6,20,3,29,0,0,0,0,0,0,6,20,3,29,6,4,10,39
10/09/2021,SDM,CA,AWP,WE,Federal Contract Tower,0,3,16,0,19,0,0,117,1,118,0,3,133,1,137,148,0,148,285
10/10/2021,SDM,CA,AWP,WE,Federal Contract Tower,0,9,47,1,57,0,0,124,0,124,0,9,171,1,181,64,0,64,245
10/11/2021,SDM,CA,AWP,WE,Federal Contract Tower,0,6,31,5,42,0,3,33,0,36,0,9,64,5,78,114,0,114,192
10/12/2021,SDM,CA,AWP,WE,Federal Contract Tower,0,8,26,1,35,0,2,105,2,109,0,10,131,3,144,118,0,118,262
10/13/2021,SDM,CA,AWP,WE,Federal Contract Tower,0,7,20,2,29,0,2,85,0,87,0,9,105,2,116,198,0,198,314
10/14/2021,SDM,CA,AWP,WE,Federal Contract Tower,6,8,22,0,36,0,0,109,0,109,6,8,131,0,145,238,0,238,383
10/15/2021,SDM,CA,AWP,WE,Federal Contract Tower,0,9,19,4,32,0,3,98,20,121,0,12,117,24,153,110,26,136,289
10/16/2021,SDM,CA,AWP,WE,Federal Contract Tower,0,1,17,0,18,0,0,111,5,116,0,1,128,5,134,48,0,48,182
10/17/2021,SDM,CA,AWP,WE,Federal Contract Tower,2,11,33,1,47,0,2,108,2,112,2,13,141,3,159,60,0,60,219
10/18/2021,SDM,CA,AWP,WE,Federal Contract Tower,4,6,14,1,25,0,0,22,3,25,4,6,36,4,50,154,0,154,204
10/19/2021,SDM,CA,AWP,WE,Federal Contract Tower,2,4,17,0,23,0,2,97,7,106,2,6,114,7,129,218,0,218,347
10/20/2021,SDM,CA,AWP,WE,Federal Contract Tower,6,11,21,0,38,0,2,87,8,97,6,13,108,8,135,148,10,158,293
10/21/2021,SDM,CA,AWP,WE,Federal Contract Tower,4,7,24,3,38,0,1,83,5,89,4,8,107,8,127,140,0,140,267
10/22/2021,SDM,CA,AWP,WE,Federal Contract Tower,0,7,25,9,41,0,4,57,10,71,0,11,82,19,112,80,22,102,214
10/23/2021,SDM,CA,AWP,WE,Federal Contract Tower,0,8,38,3,49,0,0,66,1,67,0,8,104,4,116,70,0,70,186
10/24/2021,SDM,CA,AWP,WE,Federal Contract Tower,0,13,39,2,54,0,0,108,0,108,0,13,147,2,162,90,0,90,252
10/25/2021,SDM,CA,AWP,WE,Federal Contract Tower,0,6,11,6,23,0,0,20,0,20,0,6,31,6,43,176,0,176,219
10/26/2021,SDM,CA,AWP,WE,Federal Contract Tower,0,8,26,5,39,0,2,80,2,84,0,10,106,7,123,154,2,156,279
10/27/2021,SDM,CA,AWP,WE,Federal Contract Tower,0,6,22,2,30,0,3,100,2,105,0,9,122,4,135,172,0,172,307
10/28/2021,SDM,CA,AWP,WE,Federal Contract Tower,0,14,14,0,28,0,4,96,14,114,0,18,110,14,142,206,0,206,348
10/29/2021,SDM,CA,AWP,WE,Federal Contract Tower,0,4,15,2,21,0,0,2,1,3,0,4,17,3,24,154,44,198,222
10/30/2021,SDM,CA,AWP,WE,Federal Contract Tower,0,8,16,8,32,0,2,64,0,66,0,10,80,8,98,134,0,134,232
10/31/2021,SDM,CA,AWP,WE,Federal Contract Tower,0,4,19,1,24,0,4,58,20,82,0,8,77,21,106,84,0,84,190
11/01/2021,SDM,CA,AWP,WE,Federal Contract Tower,0,9,17,4,30,0,0,47,0,47,0,9,64,4,77,156,0,156,233
11/02/2021,SDM,CA,AWP,WE,Federal Contract Tower,0,7,17,1,25,0,0,62,8,70,0,7,79,9,95,282,0,282,377
11/03/2021,SDM,CA,AWP,WE,Federal Contract Tower,0,9,21,5,35,0,2,67,9,78,0,11,88,14,113,204,0,204,317
11/04/2021,SDM,CA,AWP,WE,Federal Contract Tower,0,16,19,3,38,0,1,57,20,78,0,17,76,23,116,148,16,164,280
11/05/2021,SDM,CA,AWP,WE,Federal Contract Tower,0,5,19,2,26,0,4,64,18,86,0,9,83,20,112,254,0,254,366
11/06/2021,SDM,CA,AWP,WE,Federal Contract Tower,0,1,17,3,21,0,0,97,20,117,0,1,114,23,138,208,6,214,352
11/07/2021,SDM,CA,AWP,WE,Federal Contract Tower,0,12,42,6,60,0,0,74,25,99,0,12,116,31,159,170,0,170,329
11/08/2021,SDM,CA,AWP,WE,Federal Contract Tower,0,7,26,3,36,0,0,73,7,80,0,7,99,10,116,276,0,276,392
11/09/2021,SDM,CA,AWP,WE,Federal Contract Tower,0,10,19,0,29,0,0,96,16,112,0,10,115,16,141,296,2,298,439
11/10/2021,SDM,CA,AWP,WE,Federal Contract Tower,0,14,19,1,34,0,2,86,14,102,0,16,105,15,136,336,18,354,490
11/11/2021,SDM,CA,AWP,WE,Federal Contract Tower,0,6,26,1,33,0,0,109,4,113,0,6,135,5,146,1,5,6,152
11/12/2021,SDM,CA,AWP,WE,Federal Contract Tower,0,5,14,1,20,0,1,111,1,113,0,6,125,2,133,242,0,242,375
11/13/2021,SDM,CA,AWP,WE,Federal Contract Tower,0,3,21,4,28,0,0,134,9,143,0,3,155,13,171,196,0,196,367
11/14/2021,SDM,CA,AWP,WE,Federal Contract Tower,0,13,34,4,51,0,0,112,3,115,0,13,146,7,166,158,0,158,324
11/15/2021,SDM,CA,AWP,WE,Federal Contract Tower,0,12,17,2,31,0,0,85,11,96,0,12,102,13,127,130,2,132,259
11/16/2021,SDM,CA,AWP,WE,Federal Contract Tower,0,5,34,3,42,0,1,67,2,70,0,6,101,5,112,174,2,176,288
11/17/2021,SDM,CA,AWP,WE,Federal Contract Tower,2,3,24,6,35,0,0,86,18,104,2,3,110,24,139,194,2,196,335
11/18/2021,SDM,CA,AWP,WE,Federal Contract Tower,0,7,21,8,36,0,0,37,3,40,0,7,58,11,76,106,0,106,182
11/19/2021,SDM,CA,AWP,WE,Federal Contract Tower,0,15,49,10,74,0,0,82,16,98,0,15,131,26,172,200,36,236,408
11/20/2021,SDM,CA,AWP,WE,Federal Contract Tower,0,10,54,14,78,0,2,90,20,112,0,12,144,34,190,126,0,126,316
11/21/2021,SDM,CA,AWP,WE,Federal Contract Tower,0,11,37,9,57,0,0,59,29,88,0,11,96,38,145,56,0,56,201
11/22/2021,SDM,CA,AWP,WE,Federal Contract Tower,0,9,35,2,46,0,0,75,3,78,0,9,110,5,124,212,0,212,336
11/23/2021,SDM,CA,AWP,WE,Federal Contract Tower,0,8,33,0,41,0,0,74,4,78,0,8,107,4,119,180,0,180,299
11/24/2021,SDM,CA,AWP,WE,Federal Contract Tower,0,6,39,0,45,0,0,97,12,109,0,6,136,12,154,168,0,168,322
11/25/2021,SDM,CA,AWP,WE,Federal Contract Tower,0,6,8,0,14,0,0,27,0,27,0,6,35,0,41,36,0,36,77
11/26/2021,SDM,CA,AWP,WE,Federal Contract Tower,0,3,15,0,18,0,0,83,0,83,0,3,98,0,101,174,0,174,275
11/27/2021,SDM,CA,AWP,WE,Federal Contract Tower,0,14,44,0,58,0,0,95,2,97,0,14,139,2,155,176,0,176,331
11/28/2021,SDM,CA,AWP,WE,Federal Contract Tower,0,16,70,1,87,0,0,90,0,90,0,16,160,1,177,104,0,104,281
11/29/2021,SDM,CA,AWP,WE,Federal Contract Tower,0,4,20,0,24,0,0,72,12,84,0,4,92,12,108,140,0,140,248
12/01/2021,SDM,CA,AWP,WE,Federal Contract Tower,0,3,21,5,29,0,0,62,39,101,0,3,83,44,130,218,0,218,348
12/02/2021,SDM,CA,AWP,WE,Federal Contract Tower,0,6,17,2,25,0,0,51,22,73,0,6,68,24,98,130,4,134,232
12/03/2021,SDM,CA,AWP,WE,Federal Contract Tower,0,5,23,12,40,0,0,45,21,66,0,5,68,33,106,42,22,64,170
12/04/2021,SDM,CA,AWP,WE,Federal Contract Tower,0,5,30,6,41,0,0,49,27,76,0,5,79,33,117,116,0,116,233
12/05/2021,SDM,CA,AWP,WE,Federal Contract Tower,0,5,18,10,33,0,0,67,13,80,0,5,85,23,113,154,0,154,267
12/06/2021,SDM,CA,AWP,WE,Federal Contract Tower,0,2,17,5,24,0,1,40,17,58,0,3,57,22,82,132,0,132,214
12/07/2021,SDM,CA,AWP,WE,Federal Contract Tower,0,8,12,10,30,0,0,18,3,21,0,8,30,13,51,82,0,82,133
12/08/2021,SDM,CA,AWP,WE,Federal Contract Tower,0,7,25,2,34,0,0,91,11,102,0,7,116,13,136,206,0,206,342
12/09/2021,SDM,CA,AWP,WE,Federal Contract Tower,0,7,18,3,28,0,0,4,0,4,0,7,22,3,32,14,0,14,46
12/10/2021,SDM,CA,AWP,WE,Federal Contract Tower,0,5,19,5,29,0,1,61,9,71,0,6,80,14,100,236,0,236,336
12/11/2021,SDM,CA,AWP,WE,Federal Contract Tower,0,5,18,3,26,0,1,114,10,125,0,6,132,13,151,158,16,174,325
12/12/2021,SDM,CA,AWP,WE,Federal Contract Tower,0,13,32,5,50,0,0,91,9,100,0,13,123,14,150,232,0,232,382
12/13/2021,SDM,CA,AWP,WE,Federal Contract Tower,0,9,15,4,28,0,0,39,0,39,0,9,54,4,67,258,0,258,325
12/14/2021,SDM,CA,AWP,WE,Federal Contract Tower,0,7,6,0,13,0,0,6,0,6,0,7,12,0,19,2,0,2,21
12/15/2021,SDM,CA,AWP,WE,Federal Contract Tower,0,9,7,1,17,0,0,91,4,95,0,9,98,5,112,286,6,292,404
12/16/2021,SDM,CA,AWP,WE,Federal Contract Tower,0,9,26,1,36,0,0,83,6,89,0,9,109,7,125,196,8,204,329
12/17/2021,SDM,CA,AWP,WE,Federal Contract Tower,0,17,27,1,45,0,0,78,5,83,0,17,105,6,128,290,0,290,418
12/18/2021,SDM,CA,AWP,WE,Federal Contract Tower,0,17,29,4,50,0,0,104,4,108,0,17,133,8,158,188,0,188,346
12/19/2021,SDM,CA,AWP,WE,Federal Contract Tower,0,18,26,0,44,0,0,78,6,84,0,18,104,6,128,148,0,148,276
12/20/2021,SDM,CA,AWP,WE,Federal Contract Tower,0,14,11,0,25,0,0,72,1,73,0,14,83,1,98,126,0,126,224
12/21/2021,SDM,CA,AWP,WE,Federal Contract Tower,0,4,14,2,20,0,0,64,10,74,0,4,78,12,94,124,16,140,234
12/22/2021,SDM,CA,AWP,WE,Federal Contract Tower,0,4,22,0,26,0,0,75,4,79,0,4,97,4,105,136,6,142,247
12/23/2021,SDM,CA,AWP,WE,Federal Contract Tower,0,8,34,0,42,0,0,27,2,29,0,8,61,2,71,152,4,156,227
12/24/2021,SDM,CA,AWP,WE,Federal Contract Tower,0,10,14,0,24,0,0,6,0,6,0,10,20,0,30,32,0,32,62
12/25/2021,SDM,CA,AWP,WE,Federal Contract Tower,0,15,11,0,26,0,0,0,0,0,0,15,11,0,26,0,0,0,26
12/26/2021,SDM,CA,AWP,WE,Federal Contract Tower,0,16,50,0,66,0,0,106,0,106,0,16,156,0,172,146,0,146,318
12/27/2021,SDM,CA,AWP,WE,Federal Contract Tower,0,12,27,0,39,0,1,34,2,37,0,13,61,2,76,80,16,96,172
12/28/2021,SDM,CA,AWP,WE,Federal Contract Tower,0,21,34,0,55,0,0,8,0,8,0,21,42,0,63,38,0,38,101
12/29/2021,SDM,CA,AWP,WE,Federal Contract Tower,0,6,17,0,23,0,0,10,6,16,0,6,27,6,39,26,54,80,119
12/30/2021,SDM,CA,AWP,WE,Federal Contract Tower,0,6,25,0,31,0,0,36,2,38,0,6,61,2,69,130,0,130,199
12/31/2021,SDM,CA,AWP,WE,Federal Contract Tower,0,5,25,0,30,0,0,25,4,29,0,5,50,4,59,76,0,76,135
01/01/2022,SDM,CA,AWP,WE,Federal Contract Tower,0,7,16,0,23,0,0,41,0,41,0,7,57,0,64,50,0,50,114
01/02/2022,SDM,CA,AWP,WE,Federal Contract Tower,0,24,51,0,75,0,0,95,0,95,0,24,146,0,170,116,0,116,286
01/03/2022,SDM,CA,AWP,WE,Federal Contract Tower,0,20,34,0,54,0,0,59,0,59,0,20,93,0,113,138,0,138,251
01/04/2022,SDM,CA,AWP,WE,Federal Contract Tower,0,9,26,0,35,0,0,86,8,94,0,9,112,8,129,160,16,176,305
01/05/2022,SDM,CA,AWP,WE,Federal Contract Tower,0,6,33,0,39,0,0,82,17,99,0,6,115,17,138,224,0,224,362
01/06/2022,SDM,CA,AWP,WE,Federal Contract Tower,0,5,31,0,36,0,0,90,0,90,0,5,121,0,126,182,0,182,308
01/07/2022,SDM,CA,AWP,WE,Federal Contract Tower,0,8,16,5,29,0,0,29,3,32,0,8,45,8,61,0,0,0,61
01/08/2022,SDM,CA,AWP,WE,Federal Contract Tower,0,3,17,5,25,0,0,51,15,66,0,3,68,20,91,86,4,90,181
01/09/2022,SDM,CA,AWP,WE,Federal Contract Tower,0,7,13,8,28,0,0,85,12,97,0,7,98,20,125,0,0,0,125
01/10/2022,SDM,CA,AWP,WE,Federal Contract Tower,0,11,16,0,27,0,0,55,0,55,0,11,71,0,82,0,0,0,82
01/11/2022,SDM,CA,AWP,WE,Federal Contract Tower,0,1,14,1,16,0,0,72,38,110,0,1,86,39,126,100,26,126,252
01/12/2022,SDM,CA,AWP,WE,Federal Contract Tower,0,11,17,3,31,0,0,88,29,117,0,11,105,32,148,322,0,322,470
01/13/2022,SDM,CA,AWP,WE,Federal Contract Tower,0,8,24,2,34,0,0,82,2,84,0,8,106,4,118,180,0,180,298
01/14/2022,SDM,CA,AWP,WE,Federal Contract Tower,0,10,23,1,34,0,0,113,31,144,0,10,136,32,178,226,120,346,524
01/15/2022,SDM,CA,AWP,WE,Federal Contract Tower,0,8,13,9,30,0,0,33,6,39,0,8,46,15,69,112,2,114,183
01/16/2022,SDM,CA,AWP,WE,Federal Contract Tower,0,11,16,2,29,0,0,76,12,88,0,11,92,14,117,152,0,152,269
01/17/2022,SDM,CA,AWP,WE,Federal Contract Tower,0,7,26,3,36,0,0,73,0,73,0,7,99,3,109,156,0,156,265
01/18/2022,SDM,CA,AWP,WE,Federal Contract Tower,0,5,17,1,23,0,0,35,0,35,0,5,52,1,58,130,0,130,188
01/19/2022,SDM,CA,AWP,WE,Federal Contract Tower,0,13,24,0,37,0,0,76,26,102,0,13,100,26,139,192,16,208,347
01/20/2022,SDM,CA,AWP,WE,Federal Contract Tower,0,9,27,0,36,0,1,100,2,103,0,10,127,2,139,246,8,254,393
01/21/2022,SDM,CA,AWP,WE,Federal Contract Tower,0,15,28,7,50,0,0,107,16,123,0,15,135,23,173,174,2,176,349
01/22/2022,SDM,CA,AWP,WE,Federal Contract Tower,2,3,14,15,34,0,0,110,11,121,2,3,124,26,155,212,6,218,373
01/23/2022,SDM,CA,AWP,WE,Federal Contract Tower,0,19,27,8,54,0,0,109,13,122,0,19,136,21,176,174,0,174,350
01/24/2022,SDM,CA,AWP,WE,Federal Contract Tower,0,7,21,3,31,0,0,118,15,133,0,7,139,18,164,138,0,138,302
01/25/2022,SDM,CA,AWP,WE,Federal Contract Tower,0,7,12,0,19,0,0,78,42,120,0,7,90,42,139,162,2,164,303
01/26/2022,SDM,CA,AWP,WE,Federal Contract Tower,0,11,34,1,46,0,0,92,36,128,0,11,126,37,174,272,4,276,450
01/27/2022,SDM,CA,AWP,WE,Federal Contract Tower,0,6,22,0,28,0,0,95,24,119,0,6,117,24,147,196,0,196,343
01/28/2022,SDM,CA,AWP,WE,Federal Contract Tower,0,5,19,3,27,0,0,28,25,53,0,5,47,28,80,158,0,158,238
01/29/2022,SDM,CA,AWP,WE,Federal Contract Tower,0,2,25,0,27,0,0,74,18,92,0,2,99,18,119,108,0,108,227
01/30/2022,SDM,CA,AWP,WE,Federal Contract Tower,0,7,21,1,29,0,0,91,12,103,0,7,112,13,132,180,0,180,312
01/31/2022,SDM,CA,AWP,WE,Federal Contract Tower,0,2,21,0,23,0,1,89,28,118,0,3,110,28,141,160,0,160,301
02/01/2022,SDM,CA,AWP,WE,Federal Contract Tower,0,7,21,0,28,0,0,52,18,70,0,7,73,18,98,106,0,106,204
02/02/2022,SDM,CA,AWP,WE,Federal Contract Tower,0,8,12,0,20,0,0,102,14,116,0,8,114,14,136,26,0,26,162
02/03/2022,SDM,CA,AWP,WE,Federal Contract Tower,0,0,0,0,0,0,0,0,0,0,0,0,0,0,0,0,0,0,0
02/04/2022,SDM,CA,AWP,WE,Federal Contract Tower,0,0,0,0,0,0,0,0,0,0,0,0,0,0,0,0,0,0,0
02/05/2022,SDM,CA,AWP,WE,Federal Contract Tower,0,0,0,0,0,0,0,0,0,0,0,0,0,0,0,0,0,0,0
02/06/2022,SDM,CA,AWP,WE,Federal Contract Tower,0,0,0,0,0,0,0,0,0,0,0,0,0,0,0,0,0,0,0
02/07/2022,SDM,CA,AWP,WE,Federal Contract Tower,0,0,0,0,0,0,0,0,0,0,0,0,0,0,0,0,0,0,0
02/08/2022,SDM,CA,AWP,WE,Federal Contract Tower,0,3,9,0,12,0,0,70,10,80,0,3,79,10,92,240,0,240,332
02/09/2022,SDM,CA,AWP,WE,Federal Contract Tower,0,8,16,3,27,0,0,59,10,69,0,8,75,13,96,144,8,152,248
02/10/2022,SDM,CA,AWP,WE,Federal Contract Tower,0,8,19,2,29,0,0,63,6,69,0,8,82,8,98,176,0,176,274
02/11/2022,SDM,CA,AWP,WE,Federal Contract Tower,0,6,24,6,36,0,0,68,25,93,0,6,92,31,129,170,2,172,301
02/12/2022,SDM,CA,AWP,WE,Federal Contract Tower,0,4,23,3,30,0,0,92,12,104,0,4,115,15,134,154,6,160,294
02/13/2022,SDM,CA,AWP,WE,Federal Contract Tower,0,1,35,2,38,0,0,93,15,108,0,1,128,17,146,96,0,96,242
02/14/2022,SDM,CA,AWP,WE,Federal Contract Tower,0,12,31,3,46,0,0,99,17,116,0,12,130,20,162,232,0,232,394
02/15/2022,SDM,CA,AWP,WE,Federal Contract Tower,0,8,14,7,29,0,0,5,0,5,0,8,19,7,34,110,0,110,144
02/16/2022,SDM,CA,AWP,WE,Federal Contract Tower,0,17,18,2,37,0,1,72,30,103,0,18,90,32,140,164,2,166,306
02/17/2022,SDM,CA,AWP,WE,Federal Contract Tower,0,20,29,3,52,0,2,86,4,92,0,22,115,7,144,144,0,144,288
02/18/2022,SDM,CA,AWP,WE,Federal Contract Tower,0,13,28,2,43,0,0,103,15,118,0,13,131,17,161,214,36,250,411
02/19/2022,SDM,CA,AWP,WE,Federal Contract Tower,2,21,25,3,51,0,0,114,6,120,2,21,139,9,171,124,0,124,295
02/20/2022,SDM,CA,AWP,WE,Federal Contract Tower,1,9,23,0,33,0,0,98,4,102,1,9,121,4,135,146,0,146,281
02/21/2022,SDM,CA,AWP,WE,Federal Contract Tower,1,16,46,1,64,0,0,15,0,15,1,16,61,1,79,230,0,230,309
02/22/2022,SDM,CA,AWP,WE,Federal Contract Tower,0,9,12,0,21,0,0,8,0,8,0,9,20,0,29,44,0,44,73
02/23/2022,SDM,CA,AWP,WE,Federal Contract Tower,5,4,17,0,26,0,0,23,0,23,5,4,40,0,49,84,0,84,133
02/24/2022,SDM,CA,AWP,WE,Federal Contract Tower,2,13,34,0,49,0,1,98,10,109,2,14,132,10,158,68,0,68,226
02/25/2022,SDM,CA,AWP,WE,Federal Contract Tower,1,21,35,0,57,0,0,105,18,123,1,21,140,18,180,154,8,162,342
02/26/2022,SDM,CA,AWP,WE,Federal Contract Tower,1,11,24,0,36,0,0,122,20,142,1,11,146,20,178,216,2,218,396
02/27/2022,SDM,CA,AWP,WE,Federal Contract Tower,0,15,45,5,65,0,2,129,4,135,0,17,174,9,200,80,0,80,280
02/28/2022,SDM,CA,AWP,WE,Federal Contract Tower,4,20,20,0,44,0,0,92,0,92,4,20,112,0,136,166,0,166,302
03/01/2022,SDM,CA,AWP,WE,Federal Contract Tower,2,6,28,0,36,0,0,97,2,99,2,6,125,2,135,272,0,272,407
03/02/2022,SDM,CA,AWP,WE,Federal Contract Tower,4,11,19,0,34,0,0,99,4,103,4,11,118,4,137,212,24,236,373
03/03/2022,SDM,CA,AWP,WE,Federal Contract Tower,5,10,25,0,40,0,0,62,3,65,5,10,87,3,105,58,16,74,179
03/04/2022,SDM,CA,AWP,WE,Federal Contract Tower,2,9,10,1,22,0,0,12,5,17,2,9,22,6,39,24,16,40,79
03/05/2022,SDM,CA,AWP,WE,Federal Contract Tower,3,11,15,2,31,0,0,32,0,32,3,11,47,2,63,130,0,130,193
03/06/2022,SDM,CA,AWP,WE,Federal Contract Tower,2,7,47,2,58,0,0,89,3,92,2,7,136,5,150,166,0,166,316
03/07/2022,SDM,CA,AWP,WE,Federal Contract Tower,4,10,21,1,36,0,0,83,18,101,4,10,104,19,137,134,18,152,289
03/08/2022,SDM,CA,AWP,WE,Federal Contract Tower,2,11,27,0,40,0,1,94,39,134,2,12,121,39,174,164,2,166,340
03/09/2022,SDM,CA,AWP,WE,Federal Contract Tower,3,13,30,0,46,0,0,96,43,139,3,13,126,43,185,202,10,212,397
03/10/2022,SDM,CA,AWP,WE,Federal Contract Tower,2,14,22,2,40,0,0,55,30,85,2,14,77,32,125,130,0,130,255
03/11/2022,SDM,CA,AWP,WE,Federal Contract Tower,0,2,22,0,24,0,0,103,20,123,0,2,125,20,147,262,16,278,425
03/12/2022,SDM,CA,AWP,WE,Federal Contract Tower,1,9,26,3,39,0,0,113,9,122,1,9,139,12,161,172,0,172,333
03/13/2022,SDM,CA,AWP,WE,Federal Contract Tower,1,8,29,0,38,0,0,106,19,125,1,8,135,19,163,160,0,160,323
03/14/2022,SDM,CA,AWP,WE,Federal Contract Tower,4,6,12,2,24,0,0,73,18,91,4,6,85,20,115,188,0,188,303
03/15/2022,SDM,CA,AWP,WE,Federal Contract Tower,1,6,27,0,34,0,0,82,6,88,1,6,109,6,122,152,0,152,274
03/16/2022,SDM,CA,AWP,WE,Federal Contract Tower,0,3,24,1,28,0,0,73,8,81,0,3,97,9,109,112,0,112,221
03/17/2022,SDM,CA,AWP,WE,Federal Contract Tower,0,11,31,0,42,0,0,112,12,124,0,11,143,12,166,180,8,188,354
03/18/2022,SDM,CA,AWP,WE,Federal Contract Tower,2,8,20,0,30,0,0,107,12,119,2,8,127,12,149,190,0,190,339
03/19/2022,SDM,CA,AWP,WE,Federal Contract Tower,0,1,23,1,25,0,1,114,14,129,0,2,137,15,154,116,0,116,270
03/20/2022,SDM,CA,AWP,WE,Federal Contract Tower,0,16,37,0,53,0,0,40,18,58,0,16,77,18,111,76,0,76,187
03/21/2022,SDM,CA,AWP,WE,Federal Contract Tower,0,13,30,1,44,0,0,99,10,109,0,13,129,11,153,84,0,84,237
03/22/2022,SDM,CA,AWP,WE,Federal Contract Tower,1,18,21,1,41,0,0,91,7,98,1,18,112,8,139,190,0,190,329
03/23/2022,SDM,CA,AWP,WE,Federal Contract Tower,2,11,22,0,35,0,1,109,17,127,2,12,131,17,162,190,0,190,352
03/24/2022,SDM,CA,AWP,WE,Federal Contract Tower,2,17,15,1,35,0,0,112,21,133,2,17,127,22,168,162,10,172,340
03/25/2022,SDM,CA,AWP,WE,Federal Contract Tower,0,7,36,11,54,0,0,96,9,105,0,7,132,20,159,180,24,204,363
03/26/2022,SDM,CA,AWP,WE,Federal Contract Tower,0,5,21,6,32,0,0,98,4,102,0,5,119,10,134,100,0,100,234
03/27/2022,SDM,CA,AWP,WE,Federal Contract Tower,0,13,31,4,48,0,2,70,12,84,0,15,101,16,132,60,2,62,194
03/28/2022,SDM,CA,AWP,WE,Federal Contract Tower,1,14,26,1,42,0,0,18,0,18,1,14,44,1,60,32,0,32,92
03/29/2022,SDM,CA,AWP,WE,Federal Contract Tower,0,7,32,0,39,0,0,48,0,48,0,7,80,0,87,94,0,94,181
03/30/2022,SDM,CA,AWP,WE,Federal Contract Tower,2,5,21,0,28,0,0,83,0,83,2,5,104,0,111,128,0,128,239
03/31/2022,SDM,CA,AWP,WE,Federal Contract Tower,0,2,30,0,32,0,0,12,2,14,0,2,42,2,46,78,14,92,138
04/01/2022,SDM,CA,AWP,WE,Federal Contract Tower,0,11,21,0,32,0,0,121,6,127,0,11,142,6,159,196,0,196,355
04/02/2022,SDM,CA,AWP,WE,Federal Contract Tower,0,5,14,5,24,0,0,7,2,9,0,5,21,7,33,52,0,52,85
04/03/2022,SDM,CA,AWP,WE,Federal Contract Tower,0,4,31,6,41,0,0,11,0,11,0,4,42,6,52,84,0,84,136
04/04/2022,SDM,CA,AWP,WE,Federal Contract Tower,2,11,19,0,32,0,1,61,0,62,2,12,80,0,94,212,0,212,306
04/05/2022,SDM,CA,AWP,WE,Federal Contract Tower,0,8,19,0,27,0,0,59,16,75,0,8,78,16,102,132,16,148,250
04/06/2022,SDM,CA,AWP,WE,Federal Contract Tower,0,11,18,1,30,0,0,105,14,119,0,11,123,15,149,232,2,234,383
04/07/2022,SDM,CA,AWP,WE,Federal Contract Tower,2,24,13,0,39,0,0,80,2,82,2,24,93,2,121,262,0,262,383
04/08/2022,SDM,CA,AWP,WE,Federal Contract Tower,0,13,34,2,49,0,0,95,6,101,0,13,129,8,150,170,0,170,320
04/09/2022,SDM,CA,AWP,WE,Federal Contract Tower,0,19,30,0,49,0,0,136,16,152,0,19,166,16,201,104,0,104,305
04/10/2022,SDM,CA,AWP,WE,Federal Contract Tower,0,6,37,4,47,0,0,69,10,79,0,6,106,14,126,80,0,80,206
04/11/2022,SDM,CA,AWP,WE,Federal Contract Tower,0,11,23,4,38,0,0,53,0,53,0,11,76,4,91,124,0,124,215
04/12/2022,SDM,CA,AWP,WE,Federal Contract Tower,2,10,28,0,40,0,1,34,2,37,2,11,62,2,77,34,0,34,111
04/13/2022,SDM,CA,AWP,WE,Federal Contract Tower,0,12,19,0,31,0,1,76,6,83,0,13,95,6,114,164,0,164,278
04/14/2022,SDM,CA,AWP,WE,Federal Contract Tower,0,10,28,0,38,0,0,84,11,95,0,10,112,11,133,242,4,246,379
04/15/2022,SDM,CA,AWP,WE,Federal Contract Tower,0,14,25,3,42,0,0,92,12,104,0,14,117,15,146,124,2,126,272
04/16/2022,SDM,CA,AWP,WE,Federal Contract Tower,0,13,22,5,40,0,0,85,16,101,0,13,107,21,141,62,0,62,203
04/17/2022,SDM,CA,AWP,WE,Federal Contract Tower,0,8,43,1,52,0,0,65,10,75,0,8,108,11,127,54,2,56,183
04/18/2022,SDM,CA,AWP,WE,Federal Contract Tower,0,2,37,1,40,0,0,65,0,65,0,2,102,1,105,176,0,176,281
04/19/2022,SDM,CA,AWP,WE,Federal Contract Tower,0,6,10,0,16,0,0,62,0,62,0,6,72,0,78,156,0,156,234
04/20/2022,SDM,CA,AWP,WE,Federal Contract Tower,0,5,27,0,32,0,0,78,6,84,0,5,105,6,116,264,0,264,380
04/21/2022,SDM,CA,AWP,WE,Federal Contract Tower,0,10,26,0,36,0,0,81,2,83,0,10,107,2,119,294,0,294,413
04/22/2022,SDM,CA,AWP,WE,Federal Contract Tower,0,9,15,0,24,0,0,44,0,44,0,9,59,0,68,120,0,120,188
04/23/2022,SDM,CA,AWP,WE,Federal Contract Tower,0,7,29,1,37,0,1,133,2,136,0,8,162,3,173,138,0,138,311
04/24/2022,SDM,CA,AWP,WE,Federal Contract Tower,0,11,60,1,72,0,1,90,2,93,0,12,150,3,165,128,0,128,293
04/25/2022,SDM,CA,AWP,WE,Federal Contract Tower,0,11,18,1,30,0,0,84,6,90,0,11,102,7,120,234,0,234,354
04/26/2022,SDM,CA,AWP,WE,Federal Contract Tower,0,7,28,0,35,0,0,77,8,85,0,7,105,8,120,174,34,208,328
04/27/2022,SDM,CA,AWP,WE,Federal Contract Tower,0,11,23,0,34,0,0,67,0,67,0,11,90,0,101,212,0,212,313
04/28/2022,SDM,CA,AWP,WE,Federal Contract Tower,0,9,41,0,50,0,0,60,2,62,0,9,101,2,112,200,0,200,312
04/29/2022,SDM,CA,AWP,WE,Federal Contract Tower,0,9,28,4,41,0,0,111,10,121,0,9,139,14,162,268,0,268,430
04/30/2022,SDM,CA,AWP,WE,Federal Contract Tower,2,3,21,1,27,0,0,114,12,126,2,3,135,13,153,124,0,124,277
05/01/2022,SDM,CA,AWP,WE,Federal Contract Tower,0,8,34,3,45,0,0,68,8,76,0,8,102,11,121,84,0,84,205
05/02/2022,SDM,CA,AWP,WE,Federal Contract Tower,0,4,27,0,31,0,0,76,6,82,0,4,103,6,113,98,0,98,211
05/03/2022,SDM,CA,AWP,WE,Federal Contract Tower,0,5,7,1,13,0,0,54,24,78,0,5,61,25,91,128,22,150,241
05/04/2022,SDM,CA,AWP,WE,Federal Contract Tower,0,5,25,2,32,0,0,86,24,110,0,5,111,26,142,204,0,204,346
05/05/2022,SDM,CA,AWP,WE,Federal Contract Tower,0,12,17,0,29,0,0,79,26,105,0,12,96,26,134,148,0,148,282
05/06/2022,SDM,CA,AWP,WE,Federal Contract Tower,0,11,25,0,36,0,0,102,10,112,0,11,127,10,148,100,4,104,252
05/07/2022,SDM,CA,AWP,WE,Federal Contract Tower,0,5,32,2,39,0,1,81,1,83,0,6,113,3,122,98,0,98,220
05/08/2022,SDM,CA,AWP,WE,Federal Contract Tower,0,6,31,6,43,0,0,22,3,25,0,6,53,9,68,112,0,112,180
05/09/2022,SDM,CA,AWP,WE,Federal Contract Tower,0,7,18,0,25,0,1,78,4,83,0,8,96,4,108,70,0,70,178
05/10/2022,SDM,CA,AWP,WE,Federal Contract Tower,0,3,17,0,20,0,0,82,4,86,0,3,99,4,106,170,2,172,278
05/11/2022,SDM,CA,AWP,WE,Federal Contract Tower,0,4,24,3,31,0,0,102,2,104,0,4,126,5,135,158,12,170,305
05/12/2022,SDM,CA,AWP,WE,Federal Contract Tower,0,7,33,0,40,0,0,115,0,115,0,7,148,0,155,124,0,124,279
05/13/2022,SDM,CA,AWP,WE,Federal Contract Tower,0,5,19,9,33,0,0,86,3,89,0,5,105,12,122,174,8,182,304
05/14/2022,SDM,CA,AWP,WE,Federal Contract Tower,0,2,18,3,23,0,2,133,1,136,0,4,151,4,159,206,0,206,365
05/15/2022,SDM,CA,AWP,WE,Federal Contract Tower,0,11,45,6,62,0,0,80,7,87,0,11,125,13,149,212,0,212,361
05/16/2022,SDM,CA,AWP,WE,Federal Contract Tower,1,8,28,3,40,0,0,62,0,62,1,8,90,3,102,112,0,112,214
05/17/2022,SDM,CA,AWP,WE,Federal Contract Tower,0,8,17,2,27,0,1,52,5,58,0,9,69,7,85,148,0,148,233
05/18/2022,SDM,CA,AWP,WE,Federal Contract Tower,0,11,29,1,41,0,0,90,5,95,0,11,119,6,136,188,0,188,324
05/19/2022,SDM,CA,AWP,WE,Federal Contract Tower,0,5,25,0,30,0,0,76,0,76,0,5,101,0,106,258,0,258,364
05/20/2022,SDM,CA,AWP,WE,Federal Contract Tower,0,0,19,3,22,0,0,34,6,40,0,0,53,9,62,136,6,142,204
05/21/2022,SDM,CA,AWP,WE,Federal Contract Tower,0,7,11,0,18,0,0,14,4,18,0,7,25,4,36,136,10,146,182
05/22/2022,SDM,CA,AWP,WE,Federal Contract Tower,0,8,29,2,39,0,1,59,0,60,0,9,88,2,99,138,0,138,237
05/23/2022,SDM,CA,AWP,WE,Federal Contract Tower,0,5,14,1,20,0,0,73,2,75,0,5,87,3,95,138,0,138,233
05/24/2022,SDM,CA,AWP,WE,Federal Contract Tower,0,12,24,2,38,0,0,60,2,62,0,12,84,4,100,140,0,140,240
05/25/2022,SDM,CA,AWP,WE,Federal Contract Tower,0,9,15,0,24,0,0,75,2,77,0,9,90,2,101,180,0,180,281
05/26/2022,SDM,CA,AWP,WE,Federal Contract Tower,0,11,34,1,46,0,0,65,3,68,0,11,99,4,114,210,0,210,324
05/27/2022,SDM,CA,AWP,WE,Federal Contract Tower,0,8,18,0,26,0,0,69,4,73,0,8,87,4,99,146,28,174,273
05/28/2022,SDM,CA,AWP,WE,Federal Contract Tower,0,6,14,0,20,0,0,23,0,23,0,6,37,0,43,118,0,118,161
05/29/2022,SDM,CA,AWP,WE,Federal Contract Tower,0,8,13,0,21,0,0,85,0,85,0,8,98,0,106,86,0,86,192
05/30/2022,SDM,CA,AWP,WE,Federal Contract Tower,0,24,44,0,68,0,0,114,0,114,0,24,158,0,182,150,0,150,332
05/31/2022,SDM,CA,AWP,WE,Federal Contract Tower,0,12,21,0,33,0,0,89,0,89,0,12,110,0,122,128,0,128,250
06/01/2022,SDM,CA,AWP,WE,Federal Contract Tower,0,11,30,3,44,0,0,70,0,70,0,11,100,3,114,194,0,194,308
06/02/2022,SDM,CA,AWP,WE,Federal Contract Tower,0,5,23,0,28,0,1,73,4,78,0,6,96,4,106,106,0,106,212
06/03/2022,SDM,CA,AWP,WE,Federal Contract Tower,0,3,27,1,31,0,0,72,12,84,0,3,99,13,115,200,0,200,315
06/04/2022,SDM,CA,AWP,WE,Federal Contract Tower,0,8,23,3,34,0,0,96,18,114,0,8,119,21,148,112,0,112,260
06/05/2022,SDM,CA,AWP,WE,Federal Contract Tower,2,13,30,3,48,0,1,99,13,113,2,14,129,16,161,96,2,98,259
06/06/2022,SDM,CA,AWP,WE,Federal Contract Tower,0,14,29,3,46,0,0,64,1,65,0,14,93,4,111,138,0,138,249
06/07/2022,SDM,CA,AWP,WE,Federal Contract Tower,0,11,22,2,35,0,0,64,2,66,0,11,86,4,101,116,0,116,217
06/08/2022,SDM,CA,AWP,WE,Federal Contract Tower,0,10,14,3,27,0,0,89,0,89,0,10,103,3,116,182,0,182,298
06/09/2022,SDM,CA,AWP,WE,Federal Contract Tower,0,14,17,1,32,0,0,65,6,71,0,14,82,7,103,160,4,164,267
06/10/2022,SDM,CA,AWP,WE,Federal Contract Tower,0,7,16,5,28,0,0,86,10,96,0,7,102,15,124,96,4,100,224
06/11/2022,SDM,CA,AWP,WE,Federal Contract Tower,0,14,13,1,28,0,1,159,10,170,0,15,172,11,198,94,0,94,292
06/12/2022,SDM,CA,AWP,WE,Federal Contract Tower,0,4,18,3,25,0,0,76,7,83,0,4,94,10,108,112,0,112,220
06/13/2022,SDM,CA,AWP,WE,Federal Contract Tower,0,15,17,0,32,0,0,47,0,47,0,15,64,0,79,92,0,92,171
06/14/2022,SDM,CA,AWP,WE,Federal Contract Tower,0,7,19,3,29,0,0,59,1,60,0,7,78,4,89,116,2,118,207
06/15/2022,SDM,CA,AWP,WE,Federal Contract Tower,0,7,23,2,32,0,0,77,0,77,0,7,100,2,109,124,0,124,233
06/16/2022,SDM,CA,AWP,WE,Federal Contract Tower,0,6,27,4,37,0,0,88,0,88,0,6,115,4,125,400,8,408,533
06/17/2022,SDM,CA,AWP,WE,Federal Contract Tower,0,10,21,1,32,0,0,90,2,92,0,10,111,3,124,204,0,204,328
06/18/2022,SDM,CA,AWP,WE,Federal Contract Tower,0,7,6,3,16,0,0,104,4,108,0,7,110,7,124,144,2,146,270
06/19/2022,SDM,CA,AWP,WE,Federal Contract Tower,0,4,19,0,23,0,0,69,0,69,0,4,88,0,92,30,0,30,122
06/20/2022,SDM,CA,AWP,WE,Federal Contract Tower,0,9,10,4,23,0,0,90,0,90,0,9,100,4,113,128,0,128,241
06/21/2022,SDM,CA,AWP,WE,Federal Contract Tower,0,9,27,0,36,0,0,96,12,108,0,9,123,12,144,164,0,164,308
06/22/2022,SDM,CA,AWP,WE,Federal Contract Tower,0,16,14,0,30,0,0,71,12,83,0,16,85,12,113,210,0,210,323
06/23/2022,SDM,CA,AWP,WE,Federal Contract Tower,0,8,17,0,25,0,1,67,21,89,0,9,84,21,114,146,0,146,260
06/24/2022,SDM,CA,AWP,WE,Federal Contract Tower,0,16,19,2,37,0,1,61,21,83,0,17,80,23,120,122,6,128,248
06/25/2022,SDM,CA,AWP,WE,Federal Contract Tower,0,9,30,1,40,0,0,96,0,96,0,9,126,1,136,122,0,122,258
06/26/2022,SDM,CA,AWP,WE,Federal Contract Tower,0,12,38,0,50,0,0,100,0,100,0,12,138,0,150,100,0,100,250
06/27/2022,SDM,CA,AWP,WE,Federal Contract Tower,0,13,14,1,28,0,0,61,2,63,0,13,75,3,91,100,0,100,191
06/28/2022,SDM,CA,AWP,WE,Federal Contract Tower,0,4,16,0,20,0,0,70,10,80,0,4,86,10,100,168,10,178,278
06/29/2022,SDM,CA,AWP,WE,Federal Contract Tower,0,5,28,0,33,0,0,86,4,90,0,5,114,4,123,176,0,176,299
06/30/2022,SDM,CA,AWP,WE,Federal Contract Tower,0,14,16,0,30,0,2,76,0,78,0,16,92,0,108,182,0,182,290
07/01/2022,SDM,CA,AWP,WE,Federal Contract Tower,0,8,30,0,38,0,1,81,3,85,0,9,111,3,123,196,0,196,319
07/02/2022,SDM,CA,AWP,WE,Federal Contract Tower,0,10,30,0,40,0,0,104,0,104,0,10,134,0,144,154,0,154,298
07/03/2022,SDM,CA,AWP,WE,Federal Contract Tower,0,7,17,1,25,0,0,100,0,100,0,7,117,1,125,120,0,120,245
07/04/2022,SDM,CA,AWP,WE,Federal Contract Tower,0,4,13,0,17,0,0,82,0,82,0,4,95,0,99,52,0,52,151
07/05/2022,SDM,CA,AWP,WE,Federal Contract Tower,2,5,22,0,29,0,2,78,0,80,2,7,100,0,109,216,0,216,325
07/06/2022,SDM,CA,AWP,WE,Federal Contract Tower,0,7,24,2,33,0,0,59,0,59,0,7,83,2,92,128,0,128,220
07/07/2022,SDM,CA,AWP,WE,Federal Contract Tower,0,9,14,1,24,0,0,78,0,78,0,9,92,1,102,188,0,188,290
07/08/2022,SDM,CA,AWP,WE,Federal Contract Tower,0,7,27,8,42,0,0,111,3,114,0,7,138,11,156,196,18,214,370
07/09/2022,SDM,CA,AWP,WE,Federal Contract Tower,0,3,11,0,14,0,0,144,6,150,0,3,155,6,164,170,16,186,350
07/10/2022,SDM,CA,AWP,WE,Federal Contract Tower,0,1,14,6,21,0,0,69,0,69,0,1,83,6,90,86,0,86,176
07/11/2022,SDM,CA,AWP,WE,Federal Contract Tower,0,15,23,0,38,0,0,95,4,99,0,15,118,4,137,144,6,150,287
07/12/2022,SDM,CA,AWP,WE,Federal Contract Tower,0,6,33,1,40,0,0,75,0,75,0,6,108,1,115,100,0,100,215
07/13/2022,SDM,CA,AWP,WE,Federal Contract Tower,0,4,25,3,32,0,0,64,0,64,0,4,89,3,96,72,0,72,168
07/14/2022,SDM,CA,AWP,WE,Federal Contract Tower,0,3,19,0,22,0,0,74,0,74,0,3,93,0,96,136,0,136,232
07/15/2022,SDM,CA,AWP,WE,Federal Contract Tower,0,11,15,5,31,0,0,84,4,88,0,11,99,9,119,136,6,142,261
07/16/2022,SDM,CA,AWP,WE,Federal Contract Tower,0,4,16,2,22,0,0,113,8,121,0,4,129,10,143,74,0,74,217
07/17/2022,SDM,CA,AWP,WE,Federal Contract Tower,0,9,24,2,35,0,1,89,8,98,0,10,113,10,133,46,8,54,187
07/18/2022,SDM,CA,AWP,WE,Federal Contract Tower,2,10,21,0,33,0,0,96,4,100,2,10,117,4,133,214,0,214,347
07/19/2022,SDM,CA,AWP,WE,Federal Contract Tower,0,2,15,2,19,0,0,61,10,71,0,2,76,12,90,176,0,176,266
07/20/2022,SDM,CA,AWP,WE,Federal Contract Tower,0,4,15,0,19,0,0,62,2,64,0,4,77,2,83,178,0,178,261
07/21/2022,SDM,CA,AWP,WE,Federal Contract Tower,0,5,27,3,35,0,1,88,12,101,0,6,115,15,136,160,0,160,296
07/22/2022,SDM,CA,AWP,WE,Federal Contract Tower,0,19,24,1,44,0,0,76,4,80,0,19,100,5,124,62,8,70,194
07/23/2022,SDM,CA,AWP,WE,Federal Contract Tower,0,8,15,0,23,0,0,105,0,105,0,8,120,0,128,126,0,126,254
07/24/2022,SDM,CA,AWP,WE,Federal Contract Tower,0,4,37,2,43,0,0,61,0,61,0,4,98,2,104,114,0,114,218
07/25/2022,SDM,CA,AWP,WE,Federal Contract Tower,4,5,21,2,32,0,1,100,2,103,4,6,121,4,135,148,12,160,295
07/26/2022,SDM,CA,AWP,WE,Federal Contract Tower,0,4,13,1,18,0,0,59,2,61,0,4,72,3,79,134,2,136,215
07/27/2022,SDM,CA,AWP,WE,Federal Contract Tower,0,7,14,0,21,0,0,87,0,87,0,7,101,0,108,260,0,260,368
07/28/2022,SDM,CA,AWP,WE,Federal Contract Tower,0,3,19,0,22,0,0,110,2,112,0,3,129,2,134,158,0,158,292
07/29/2022,SDM,CA,AWP,WE,Federal Contract Tower,0,3,12,5,20,0,1,71,1,73,0,4,83,6,93,158,0,158,251
07/30/2022,SDM,CA,AWP,WE,Federal Contract Tower,0,3,30,4,37,0,0,112,1,113,0,3,142,5,150,102,0,102,252
07/31/2022,SDM,CA,AWP,WE,Federal Contract Tower,0,4,15,3,22,0,0,86,0,86,0,4,101,3,108,138,0,138,246
08/01/2022,SDM,CA,AWP,WE,Federal Contract Tower,0,4,23,0,27,0,0,85,2,87,0,4,108,2,114,204,0,204,318
08/02/2022,SDM,CA,AWP,WE,Federal Contract Tower,0,10,18,0,28,0,0,111,0,111,0,10,129,0,139,130,0,130,269
08/03/2022,SDM,CA,AWP,WE,Federal Contract Tower,0,9,13,2,24,0,0,104,2,106,0,9,117,4,130,246,2,248,378
08/04/2022,SDM,CA,AWP,WE,Federal Contract Tower,0,4,17,0,21,0,0,89,0,89,0,4,106,0,110,120,0,120,230
08/05/2022,SDM,CA,AWP,WE,Federal Contract Tower,0,6,15,5,26,0,0,91,4,95,0,6,106,9,121,164,0,164,285
08/06/2022,SDM,CA,AWP,WE,Federal Contract Tower,0,10,13,3,26,0,0,112,2,114,0,10,125,5,140,162,0,162,302
08/07/2022,SDM,CA,AWP,WE,Federal Contract Tower,0,8,27,3,38,0,0,90,6,96,0,8,117,9,134,98,0,98,232
08/08/2022,SDM,CA,AWP,WE,Federal Contract Tower,0,9,8,4,21,0,0,72,6,78,0,9,80,10,99,152,0,152,251
08/09/2022,SDM,CA,AWP,WE,Federal Contract Tower,0,4,14,2,20,0,0,106,3,109,0,4,120,5,129,218,0,218,347
08/10/2022,SDM,CA,AWP,WE,Federal Contract Tower,0,7,19,0,26,0,0,80,3,83,0,7,99,3,109,158,0,158,267
08/11/2022,SDM,CA,AWP,WE,Federal Contract Tower,0,5,25,1,31,0,0,94,1,95,0,5,119,2,126,198,0,198,324
08/12/2022,SDM,CA,AWP,WE,Federal Contract Tower,0,4,13,0,17,0,0,109,0,109,0,4,122,0,126,168,0,168,294
08/13/2022,SDM,CA,AWP,WE,Federal Contract Tower,0,5,18,5,28,0,0,143,0,143,0,5,161,5,171,162,0,162,333
08/14/2022,SDM,CA,AWP,WE,Federal Contract Tower,0,4,25,0,29,0,2,89,0,91,0,6,114,0,120,112,0,112,232
08/15/2022,SDM,CA,AWP,WE,Federal Contract Tower,0,5,15,1,21,0,1,90,11,102,0,6,105,12,123,108,2,110,233
08/16/2022,SDM,CA,AWP,WE,Federal Contract Tower,0,2,21,0,23,0,0,94,24,118,0,2,115,24,141,168,0,168,309
08/17/2022,SDM,CA,AWP,WE,Federal Contract Tower,0,5,23,1,29,0,0,110,28,138,0,5,133,29,167,258,14,272,439
08/18/2022,SDM,CA,AWP,WE,Federal Contract Tower,0,6,20,0,26,0,0,93,17,110,0,6,113,17,136,250,4,254,390
08/19/2022,SDM,CA,AWP,WE,Federal Contract Tower,0,3,22,0,25,0,0,104,8,112,0,3,126,8,137,222,14,236,373
08/20/2022,SDM,CA,AWP,WE,Federal Contract Tower,0,5,12,0,17,0,0,100,0,100,0,5,112,0,117,104,0,104,221
08/21/2022,SDM,CA,AWP,WE,Federal Contract Tower,0,15,27,2,44,0,1,72,0,73,0,16,99,2,117,96,0,96,213
08/22/2022,SDM,CA,AWP,WE,Federal Contract Tower,0,3,28,0,31,0,0,81,1,82,0,3,109,1,113,248,2,250,363
08/23/2022,SDM,CA,AWP,WE,Federal Contract Tower,0,5,24,0,29,0,0,119,2,121,0,5,143,2,150,236,4,240,390
08/24/2022,SDM,CA,AWP,WE,Federal Contract Tower,2,1,18,1,22,0,0,113,3,116,2,1,131,4,138,294,2,296,434
08/25/2022,SDM,CA,AWP,WE,Federal Contract Tower,0,4,20,0,24,0,0,118,2,120,0,4,138,2,144,226,18,244,388
08/26/2022,SDM,CA,AWP,WE,Federal Contract Tower,0,7,15,0,22,0,0,89,1,90,0,7,104,1,112,202,0,202,314
08/27/2022,SDM,CA,AWP,WE,Federal Contract Tower,0,2,13,0,15,0,0,112,0,112,0,2,125,0,127,90,0,90,217
08/28/2022,SDM,CA,AWP,WE,Federal Contract Tower,0,3,17,1,21,0,0,87,0,87,0,3,104,1,108,96,0,96,204
08/29/2022,SDM,CA,AWP,WE,Federal Contract Tower,0,3,10,0,13,0,0,94,0,94,0,3,104,0,107,190,0,190,297
08/30/2022,SDM,CA,AWP,WE,Federal Contract Tower,0,3,18,0,21,0,0,94,6,100,0,3,112,6,121,206,4,210,331
08/31/2022,SDM,CA,AWP,WE,Federal Contract Tower,0,3,13,0,16,0,2,118,4,124,0,5,131,4,140,282,0,282,422
09/01/2022,SDM,CA,AWP,WE,Federal Contract Tower,0,10,14,0,24,0,0,84,2,86,0,10,98,2,110,210,0,210,320
09/02/2022,SDM,CA,AWP,WE,Federal Contract Tower,0,3,14,0,17,0,0,87,9,96,0,3,101,9,113,222,0,222,335
09/03/2022,SDM,CA,AWP,WE,Federal Contract Tower,0,7,13,0,20,0,0,75,4,79,0,7,88,4,99,96,0,96,195
09/04/2022,SDM,CA,AWP,WE,Federal Contract Tower,0,9,5,0,14,0,0,70,4,74,0,9,75,4,88,62,2,64,152
09/05/2022,SDM,CA,AWP,WE,Federal Contract Tower,0,13,22,0,35,0,1,98,12,111,0,14,120,12,146,108,0,108,254
09/06/2022,SDM,CA,AWP,WE,Federal Contract Tower,0,6,15,3,24,0,0,58,12,70,0,6,73,15,94,84,32,116,210
09/07/2022,SDM,CA,AWP,WE,Federal Contract Tower,0,2,18,2,22,0,0,86,12,98,0,2,104,14,120,94,14,108,228
09/08/2022,SDM,CA,AWP,WE,Federal Contract Tower,0,2,13,0,15,0,0,68,1,69,0,2,81,1,84,74,2,76,160
09/09/2022,SDM,CA,AWP,WE,Federal Contract Tower,0,4,11,1,16,0,0,0,0,0,0,4,11,1,16,0,0,0,16
09/10/2022,SDM,CA,AWP,WE,Federal Contract Tower,0,1,13,1,15,0,0,34,0,34,0,1,47,1,49,102,0,102,151
09/11/2022,SDM,CA,AWP,WE,Federal Contract Tower,0,6,11,0,17,0,0,75,0,75,0,6,86,0,92,60,0,60,152
09/12/2022,SDM,CA,AWP,WE,Federal Contract Tower,0,3,11,3,17,0,0,49,1,50,0,3,60,4,67,92,4,96,163
09/13/2022,SDM,CA,AWP,WE,Federal Contract Tower,0,2,21,0,23,0,0,70,8,78,0,2,91,8,101,108,0,108,209
09/14/2022,SDM,CA,AWP,WE,Federal Contract Tower,0,2,16,0,18,0,0,52,0,52,0,2,68,0,70,278,0,278,348
09/15/2022,SDM,CA,AWP,WE,Federal Contract Tower,0,6,29,0,35,0,0,77,0,77,0,6,106,0,112,180,0,180,292
09/16/2022,SDM,CA,AWP,WE,Federal Contract Tower,0,5,23,0,28,0,0,100,0,100,0,5,123,0,128,124,0,124,252
09/17/2022,SDM,CA,AWP,WE,Federal Contract Tower,0,8,14,0,22,0,0,91,0,91,0,8,105,0,113,64,0,64,177
09/18/2022,SDM,CA,AWP,WE,Federal Contract Tower,0,11,28,1,40,0,0,124,0,124,0,11,152,1,164,56,0,56,220
09/19/2022,SDM,CA,AWP,WE,Federal Contract Tower,0,5,18,0,23,0,0,94,4,98,0,5,112,4,121,144,2,146,267
09/20/2022,SDM,CA,AWP,WE,Federal Contract Tower,0,2,16,1,19,0,0,89,11,100,0,2,105,12,119,210,0,210,329
09/21/2022,SDM,CA,AWP,WE,Federal Contract Tower,0,1,14,2,17,0,1,91,23,115,0,2,105,25,132,176,4,180,312
09/22/2022,SDM,CA,AWP,WE,Federal Contract Tower,0,1,12,9,22,0,0,83,12,95,0,1,95,21,117,130,0,130,247
09/23/2022,SDM,CA,AWP,WE,Federal Contract Tower,0,3,10,7,20,0,0,79,15,94,0,3,89,22,114,86,0,86,200
09/24/2022,SDM,CA,AWP,WE,Federal Contract Tower,0,1,14,3,18,0,0,117,11,128,0,1,131,14,146,34,0,34,180
09/25/2022,SDM,CA,AWP,WE,Federal Contract Tower,0,3,16,3,22,0,0,89,15,104,0,3,105,18,126,90,0,90,216
09/26/2022,SDM,CA,AWP,WE,Federal Contract Tower,0,4,12,7,23,0,0,65,8,73,0,4,77,15,96,138,0,138,234
09/27/2022,SDM,CA,AWP,WE,Federal Contract Tower,0,4,16,1,21,0,0,97,2,99,0,4,113,3,120,152,0,152,272
09/28/2022,SDM,CA,AWP,WE,Federal Contract Tower,0,1,29,0,30,0,0,59,4,63,0,1,88,4,93,146,22,168,261
09/29/2022,SDM,CA,AWP,WE,Federal Contract Tower,0,7,20,2,29,0,0,47,2,49,0,7,67,4,78,114,30,144,222
09/30/2022,SDM,CA,AWP,WE,Federal Contract Tower,1,3,17,1,22,0,1,59,0,60,1,4,76,1,82,150,0,150,232
10/01/2022,SDM,CA,AWP,WE,Federal Contract Tower,0,9,23,3,35,0,0,99,2,101,0,9,122,5,136,108,0,108,244
10/02/2022,SDM,CA,AWP,WE,Federal Contract Tower,0,5,23,2,30,0,0,89,5,94,0,5,112,7,124,80,0,80,204
10/03/2022,SDM,CA,AWP,WE,Federal Contract Tower,2,6,15,0,23,0,0,71,0,71,2,6,86,0,94,46,0,46,140
10/04/2022,SDM,CA,AWP,WE,Federal Contract Tower,0,5,26,1,32,0,0,60,0,60,0,5,86,1,92,126,0,126,218
10/05/2022,SDM,CA,AWP,WE,Federal Contract Tower,0,6,28,0,34,0,1,36,2,39,0,7,64,2,73,46,0,46,119
10/06/2022,SDM,CA,AWP,WE,Federal Contract Tower,1,5,30,1,37,0,0,28,1,29,1,5,58,2,66,70,0,70,136
10/07/2022,SDM,CA,AWP,WE,Federal Contract Tower,0,9,23,1,33,0,1,97,2,100,0,10,120,3,133,192,0,192,325
10/08/2022,SDM,CA,AWP,WE,Federal Contract Tower,0,14,14,0,28,0,1,123,0,124,0,15,137,0,152,162,0,162,314
10/09/2022,SDM,CA,AWP,WE,Federal Contract Tower,0,12,22,1,35,0,0,63,0,63,0,12,85,1,98,70,0,70,168
10/10/2022,SDM,CA,AWP,WE,Federal Contract Tower,1,9,15,0,25,0,0,55,0,55,1,9,70,0,80,118,0,118,198
10/11/2022,SDM,CA,AWP,WE,Federal Contract Tower,0,2,9,0,11,0,0,52,0,52,0,2,61,0,63,180,0,180,243
10/12/2022,SDM,CA,AWP,WE,Federal Contract Tower,0,7,29,0,36,0,0,37,2,39,0,7,66,2,75,146,0,146,221
10/13/2022,SDM,CA,AWP,WE,Federal Contract Tower,0,12,16,0,28,0,0,6,0,6,0,12,22,0,34,72,0,72,106
10/14/2022,SDM,CA,AWP,WE,Federal Contract Tower,0,4,27,0,31,0,0,20,0,20,0,4,47,0,51,78,0,78,129
10/15/2022,SDM,CA,AWP,WE,Federal Contract Tower,0,8,7,0,15,0,0,24,0,24,0,8,31,0,39,152,0,152,191
10/16/2022,SDM,CA,AWP,WE,Federal Contract Tower,2,8,31,0,41,0,1,67,2,70,2,9,98,2,111,122,0,122,233
10/17/2022,SDM,CA,AWP,WE,Federal Contract Tower,3,10,29,1,43,0,0,103,0,103,3,10,132,1,146,226,0,226,372
10/18/2022,SDM,CA,AWP,WE,Federal Contract Tower,0,5,11,0,16,0,0,67,4,71,0,5,78,4,87,118,0,118,205
10/19/2022,SDM,CA,AWP,WE,Federal Contract Tower,0,7,27,0,34,0,1,54,4,59,0,8,81,4,93,180,0,180,273
10/20/2022,SDM,CA,AWP,WE,Federal Contract Tower,0,3,14,0,17,0,1,87,0,88,0,4,101,0,105,220,0,220,325
10/21/2022,SDM,CA,AWP,WE,Federal Contract Tower,0,4,20,8,32,0,0,64,4,68,0,4,84,12,100,228,2,230,330
10/22/2022,SDM,CA,AWP,WE,Federal Contract Tower,0,2,23,9,34,0,0,19,2,21,0,2,42,11,55,118,0,118,173
10/23/2022,SDM,CA,AWP,WE,Federal Contract Tower,1,4,33,11,49,0,0,96,7,103,1,4,129,18,152,150,0,150,302
10/24/2022,SDM,CA,AWP,WE,Federal Contract Tower,1,10,18,1,30,0,0,77,0,77,1,10,95,1,107,170,0,170,277
10/25/2022,SDM,CA,AWP,WE,Federal Contract Tower,0,3,16,0,19,0,1,93,0,94,0,4,109,0,113,240,0,240,353
10/26/2022,SDM,CA,AWP,WE,Federal Contract Tower,0,7,22,0,29,0,1,75,0,76,0,8,97,0,105,276,0,276,381
10/27/2022,SDM,CA,AWP,WE,Federal Contract Tower,0,6,13,1,20,0,0,86,2,88,0,6,99,3,108,216,0,216,324
10/28/2022,SDM,CA,AWP,WE,Federal Contract Tower,0,3,25,6,34,0,0,98,51,149,0,3,123,57,183,220,2,222,405
10/29/2022,SDM,CA,AWP,WE,Federal Contract Tower,0,6,21,4,31,0,0,135,12,147,0,6,156,16,178,130,2,132,310
10/30/2022,SDM,CA,AWP,WE,Federal Contract Tower,2,3,23,7,35,0,0,92,18,110,2,3,115,25,145,110,0,110,255
10/31/2022,SDM,CA,AWP,WE,Federal Contract Tower,2,5,15,1,23,0,0,66,2,68,2,5,81,3,91,204,0,204,295
11/01/2022,SDM,CA,AWP,WE,Federal Contract Tower,0,1,18,4,23,0,0,32,16,48,0,1,50,20,71,114,0,114,185
11/02/2022,SDM,CA,AWP,WE,Federal Contract Tower,0,13,23,11,47,0,0,31,20,51,0,13,54,31,98,96,26,122,220
11/03/2022,SDM,CA,AWP,WE,Federal Contract Tower,0,12,8,3,23,0,0,21,17,38,0,12,29,20,61,56,0,56,117
11/04/2022,SDM,CA,AWP,WE,Federal Contract Tower,0,10,22,0,32,0,0,36,3,39,0,10,58,3,71,46,0,46,117
11/05/2022,SDM,CA,AWP,WE,Federal Contract Tower,0,7,23,3,33,0,0,112,16,128,0,7,135,19,161,220,0,220,381
11/06/2022,SDM,CA,AWP,WE,Federal Contract Tower,0,6,26,6,38,0,2,89,15,106,0,8,115,21,144,150,0,150,294
11/07/2022,SDM,CA,AWP,WE,Federal Contract Tower,0,8,15,6,29,0,0,27,0,27,0,8,42,6,56,130,0,130,186
11/08/2022,SDM,CA,AWP,WE,Federal Contract Tower,0,1,19,0,20,0,0,3,0,3,0,1,22,0,23,12,0,12,35
11/09/2022,SDM,CA,AWP,WE,Federal Contract Tower,0,10,26,2,38,0,0,71,23,94,0,10,97,25,132,280,12,292,424
11/10/2022,SDM,CA,AWP,WE,Federal Contract Tower,2,9,30,0,41,0,0,98,10,108,2,9,128,10,149,248,2,250,399
11/11/2022,SDM,CA,AWP,WE,Federal Contract Tower,0,4,24,1,29,0,0,116,2,118,0,4,140,3,147,306,0,306,453
11/12/2022,SDM,CA,AWP,WE,Federal Contract Tower,0,2,18,1,21,0,0,164,0,164,0,2,182,1,185,100,0,100,285
11/13/2022,SDM,CA,AWP,WE,Federal Contract Tower,0,11,29,4,44,0,0,77,0,77,0,11,106,4,121,100,0,100,221
11/14/2022,SDM,CA,AWP,WE,Federal Contract Tower,0,5,30,3,38,0,0,102,6,108,0,5,132,9,146,126,12,138,284
11/15/2022,SDM,CA,AWP,WE,Federal Contract Tower,0,12,24,2,38,0,0,108,10,118,0,12,132,12,156,180,0,180,336
11/16/2022,SDM,CA,AWP,WE,Federal Contract Tower,0,8,18,2,28,0,0,46,0,46,0,8,64,2,74,122,0,122,196
11/17/2022,SDM,CA,AWP,WE,Federal Contract Tower,0,7,23,2,32,0,0,110,0,110,0,7,133,2,142,140,0,140,282
11/18/2022,SDM,CA,AWP,WE,Federal Contract Tower,0,13,28,1,42,0,0,102,9,111,0,13,130,10,153,134,22,156,309
11/19/2022,SDM,CA,AWP,WE,Federal Contract Tower,0,15,40,0,55,0,0,121,14,135,0,15,161,14,190,170,0,170,360
11/20/2022,SDM,CA,AWP,WE,Federal Contract Tower,0,9,37,0,46,0,0,112,12,124,0,9,149,12,170,162,0,162,332
11/21/2022,SDM,CA,AWP,WE,Federal Contract Tower,0,9,33,0,42,0,0,103,0,103,0,9,136,0,145,146,0,146,291
11/22/2022,SDM,CA,AWP,WE,Federal Contract Tower,0,10,27,0,37,0,1,96,1,98,0,11,123,1,135,152,0,152,287
11/23/2022,SDM,CA,AWP,WE,Federal Contract Tower,0,12,17,1,30,0,0,104,0,104,0,12,121,1,134,160,0,160,294
11/24/2022,SDM,CA,AWP,WE,Federal Contract Tower,0,3,10,0,13,0,0,17,0,17,0,3,27,0,30,16,0,16,46
11/25/2022,SDM,CA,AWP,WE,Federal Contract Tower,0,2,27,3,32,0,1,100,0,101,0,3,127,3,133,96,0,96,229
11/26/2022,SDM,CA,AWP,WE,Federal Contract Tower,0,12,36,0,48,0,1,101,0,102,0,13,137,0,150,94,0,94,244
11/27/2022,SDM,CA,AWP,WE,Federal Contract Tower,0,6,67,1,74,0,1,75,0,76,0,7,142,1,150,28,0,28,178
11/28/2022,SDM,CA,AWP,WE,Federal Contract Tower,1,11,31,0,43,0,0,24,0,24,1,11,55,0,67,192,0,192,259
11/29/2022,SDM,CA,AWP,WE,Federal Contract Tower,0,8,21,0,29,0,0,65,0,65,0,8,86,0,94,138,0,138,232
11/30/2022,SDM,CA,AWP,WE,Federal Contract Tower,0,11,13,0,24,0,0,42,0,42,0,11,55,0,66,150,0,150,216
12/01/2022,SDM,CA,AWP,WE,Federal Contract Tower,0,10,24,1,35,0,0,44,0,44,0,10,68,1,79,108,0,108,187
12/02/2022,SDM,CA,AWP,WE,Federal Contract Tower,2,9,18,2,31,0,0,89,7,96,2,9,107,9,127,168,10,178,305
12/03/2022,SDM,CA,AWP,WE,Federal Contract Tower,0,7,11,3,21,0,0,104,4,108,0,7,115,7,129,196,0,196,325
12/04/2022,SDM,CA,AWP,WE,Federal Contract Tower,0,14,38,0,52,0,0,72,2,74,0,14,110,2,126,134,0,134,260
12/05/2022,SDM,CA,AWP,WE,Federal Contract Tower,0,9,27,0,36,0,0,31,0,31,0,9,58,0,67,48,0,48,115
12/06/2022,SDM,CA,AWP,WE,Federal Contract Tower,1,8,15,0,24,0,0,55,0,55,1,8,70,0,79,202,0,202,281
12/07/2022,SDM,CA,AWP,WE,Federal Contract Tower,0,7,15,0,22,0,0,73,2,75,0,7,88,2,97,158,20,178,275
12/08/2022,SDM,CA,AWP,WE,Federal Contract Tower,0,6,23,0,29,0,0,78,2,80,0,6,101,2,109,248,0,248,357
12/09/2022,SDM,CA,AWP,WE,Federal Contract Tower,0,5,15,4,24,0,0,80,6,86,0,5,95,10,110,174,2,176,286
12/10/2022,SDM,CA,AWP,WE,Federal Contract Tower,0,1,11,0,12,0,0,115,12,127,0,1,126,12,139,180,14,194,333
12/11/2022,SDM,CA,AWP,WE,Federal Contract Tower,0,0,13,1,14,0,0,0,0,0,0,0,13,1,14,0,0,0,14
12/12/2022,SDM,CA,AWP,WE,Federal Contract Tower,0,7,15,2,24,0,0,19,0,19,0,7,34,2,43,8,0,8,51
12/13/2022,SDM,CA,AWP,WE,Federal Contract Tower,0,6,20,0,26,0,0,72,0,72,0,6,92,0,98,112,0,112,210
12/14/2022,SDM,CA,AWP,WE,Federal Contract Tower,0,12,19,0,31,0,1,81,0,82,0,13,100,0,113,122,0,122,235
12/15/2022,SDM,CA,AWP,WE,Federal Contract Tower,2,4,26,0,32,0,0,84,0,84,2,4,110,0,116,148,0,148,264
12/16/2022,SDM,CA,AWP,WE,Federal Contract Tower,0,4,16,9,29,0,0,77,26,103,0,4,93,35,132,144,16,160,292
12/17/2022,SDM,CA,AWP,WE,Federal Contract Tower,0,17,33,0,50,0,0,105,51,156,0,17,138,51,206,118,0,118,324
12/18/2022,SDM,CA,AWP,WE,Federal Contract Tower,0,8,15,5,28,0,0,60,25,85,0,8,75,30,113,90,2,92,205
12/19/2022,SDM,CA,AWP,WE,Federal Contract Tower,0,9,22,0,31,0,0,72,1,73,0,9,94,1,104,142,0,142,246
12/20/2022,SDM,CA,AWP,WE,Federal Contract Tower,2,15,10,0,27,0,0,87,0,87,2,15,97,0,114,108,0,108,222
12/21/2022,SDM,CA,AWP,WE,Federal Contract Tower,1,4,15,0,20,0,0,96,0,96,1,4,111,0,116,136,0,136,252
12/22/2022,SDM,CA,AWP,WE,Federal Contract Tower,0,8,29,0,37,0,1,112,2,115,0,9,141,2,152,148,2,150,302
12/23/2022,SDM,CA,AWP,WE,Federal Contract Tower,0,15,19,0,34,0,0,87,0,87,0,15,106,0,121,208,0,208,329
12/24/2022,SDM,CA,AWP,WE,Federal Contract Tower,0,13,5,0,18,0,0,62,0,62,0,13,67,0,80,106,0,106,186
12/25/2022,SDM,CA,AWP,WE,Federal Contract Tower,0,13,4,0,17,0,0,40,0,40,0,13,44,0,57,0,0,0,57
12/26/2022,SDM,CA,AWP,WE,Federal Contract Tower,1,27,25,0,53,0,0,141,0,141,1,27,166,0,194,94,0,94,288
12/27/2022,SDM,CA,AWP,WE,Federal Contract Tower,0,23,32,0,55,0,0,57,2,59,0,23,89,2,114,86,6,92,206
12/28/2022,SDM,CA,AWP,WE,Federal Contract Tower,0,9,38,0,47,0,1,29,0,30,0,10,67,0,77,118,0,118,195
12/29/2022,SDM,CA,AWP,WE,Federal Contract Tower,0,19,30,0,49,0,0,27,0,27,0,19,57,0,76,50,0,50,126
12/30/2022,SDM,CA,AWP,WE,Federal Contract Tower,0,11,22,0,33,0,0,20,0,20,0,11,42,0,53,58,0,58,111
12/31/2022,SDM,CA,AWP,WE,Federal Contract Tower,0,6,5,0,11,0,0,3,0,3,0,6,8,0,14,70,0,70,84
01/03/2023,SDM,CA,AWP,WE,Federal Contract Tower,0,14,31,0,45,0,0,3,0,3,0,14,34,0,48,28,0,28,76
01/04/2023,SDM,CA,AWP,WE,Federal Contract Tower,0,13,15,0,28,0,0,48,0,48,0,13,63,0,76,178,0,178,254
01/05/2023,SDM,CA,AWP,WE,Federal Contract Tower,0,10,25,0,35,0,0,4,0,4,0,10,29,0,39,28,0,28,67
01/06/2023,SDM,CA,AWP,WE,Federal Contract Tower,0,9,24,1,34,0,0,107,8,115,0,9,131,9,149,142,0,142,291
01/07/2023,SDM,CA,AWP,WE,Federal Contract Tower,0,3,24,1,28,0,0,106,6,112,0,3,130,7,140,196,0,196,336
01/08/2023,SDM,CA,AWP,WE,Federal Contract Tower,0,17,29,1,47,0,2,102,4,108,0,19,131,5,155,170,0,170,325
01/09/2023,SDM,CA,AWP,WE,Federal Contract Tower,2,6,14,0,22,0,0,75,0,75,2,6,89,0,97,242,0,242,339
01/10/2023,SDM,CA,AWP,WE,Federal Contract Tower,0,4,16,1,21,0,0,2,7,9,0,4,18,8,30,0,46,46,76
01/11/2023,SDM,CA,AWP,WE,Federal Contract Tower,2,7,17,0,26,0,1,104,0,105,2,8,121,0,131,122,0,122,253
01/12/2023,SDM,CA,AWP,WE,Federal Contract Tower,3,0,12,0,15,0,0,110,0,110,3,0,122,0,125,180,0,180,305
01/13/2023,SDM,CA,AWP,WE,Federal Contract Tower,1,12,19,1,33,0,0,128,1,129,1,12,147,2,162,176,0,176,338
01/14/2023,SDM,CA,AWP,WE,Federal Contract Tower,0,6,20,0,26,0,0,15,0,15,0,6,35,0,41,78,0,78,119
01/15/2023,SDM,CA,AWP,WE,Federal Contract Tower,0,2,17,3,22,0,0,5,0,5,0,2,22,3,27,44,0,44,71
01/16/2023,SDM,CA,AWP,WE,Federal Contract Tower,0,3,22,1,26,0,0,4,0,4,0,3,26,1,30,32,0,32,62
01/17/2023,SDM,CA,AWP,WE,Federal Contract Tower,0,2,24,0,26,0,1,44,0,45,0,3,68,0,71,112,0,112,183
01/18/2023,SDM,CA,AWP,WE,Federal Contract Tower,0,5,23,1,29,0,0,98,0,98,0,5,121,1,127,106,0,106,233
01/19/2023,SDM,CA,AWP,WE,Federal Contract Tower,0,4,20,0,24,0,0,85,5,90,0,4,105,5,114,164,0,164,278
01/20/2023,SDM,CA,AWP,WE,Federal Contract Tower,0,1,17,0,18,0,0,113,10,123,0,1,130,10,141,142,0,142,283
01/21/2023,SDM,CA,AWP,WE,Federal Contract Tower,0,3,24,0,27,0,0,157,19,176,0,3,181,19,203,176,18,194,397
01/22/2023,SDM,CA,AWP,WE,Federal Contract Tower,0,6,27,0,33,0,0,96,16,112,0,6,123,16,145,56,0,56,201
01/23/2023,SDM,CA,AWP,WE,Federal Contract Tower,0,10,16,0,26,0,0,71,2,73,0,10,87,2,99,174,0,174,273
01/24/2023,SDM,CA,AWP,WE,Federal Contract Tower,0,4,22,0,26,0,0,126,1,127,0,4,148,1,153,290,0,290,443
01/25/2023,SDM,CA,AWP,WE,Federal Contract Tower,0,15,21,0,36,0,0,117,2,119,0,15,138,2,155,218,0,218,373
01/26/2023,SDM,CA,AWP,WE,Federal Contract Tower,0,3,11,0,14,0,0,34,0,34,0,3,45,0,48,72,0,72,120
01/27/2023,SDM,CA,AWP,WE,Federal Contract Tower,0,3,25,0,28,0,0,119,6,125,0,3,144,6,153,174,24,198,351
01/28/2023,SDM,CA,AWP,WE,Federal Contract Tower,0,6,17,1,24,0,0,83,3,86,0,6,100,4,110,140,0,140,250
01/29/2023,SDM,CA,AWP,WE,Federal Contract Tower,0,5,27,12,44,0,0,13,2,15,0,5,40,14,59,22,0,22,81
01/30/2023,SDM,CA,AWP,WE,Federal Contract Tower,0,3,17,0,20,0,0,8,2,10,0,3,25,2,30,8,2,10,40
01/31/2023,SDM,CA,AWP,WE,Federal Contract Tower,0,12,19,0,31,0,1,116,0,117,0,13,135,0,148,360,0,360,508
02/01/2023,SDM,CA,AWP,WE,Federal Contract Tower,0,11,22,2,35,0,0,113,3,116,0,11,135,5,151,200,0,200,351
02/02/2023,SDM,CA,AWP,WE,Federal Contract Tower,0,7,21,0,28,0,0,115,2,117,0,7,136,2,145,280,0,280,425
02/03/2023,SDM,CA,AWP,WE,Federal Contract Tower,0,0,16,0,16,0,0,112,3,115,0,0,128,3,131,268,0,268,399
02/04/2023,SDM,CA,AWP,WE,Federal Contract Tower,0,9,20,1,30,0,0,136,5,141,0,9,156,6,171,200,0,200,371
02/05/2023,SDM,CA,AWP,WE,Federal Contract Tower,0,7,17,3,27,0,0,53,3,56,0,7,70,6,83,112,0,112,195
02/06/2023,SDM,CA,AWP,WE,Federal Contract Tower,0,5,15,0,20,0,1,105,1,107,0,6,120,1,127,356,0,356,483
02/07/2023,SDM,CA,AWP,WE,Federal Contract Tower,0,3,22,0,25,0,0,99,2,101,0,3,121,2,126,204,0,204,330
02/09/2023,SDM,CA,AWP,WE,Federal Contract Tower,0,6,26,0,32,0,0,91,2,93,0,6,117,2,125,102,0,102,227
02/10/2023,SDM,CA,AWP,WE,Federal Contract Tower,2,10,20,4,36,0,0,96,6,102,2,10,116,10,138,124,0,124,262
02/11/2023,SDM,CA,AWP,WE,Federal Contract Tower,0,7,24,9,40,0,0,107,7,114,0,7,131,16,154,114,0,114,268
02/12/2023,SDM,CA,AWP,WE,Federal Contract Tower,0,13,26,5,44,0,0,67,3,70,0,13,93,8,114,228,0,228,342
02/13/2023,SDM,CA,AWP,WE,Federal Contract Tower,0,4,27,0,31,0,2,51,0,53,0,6,78,0,84,132,0,132,216
02/14/2023,SDM,CA,AWP,WE,Federal Contract Tower,0,3,15,3,21,0,0,13,4,17,0,3,28,7,38,6,8,14,52
02/15/2023,SDM,CA,AWP,WE,Federal Contract Tower,0,10,15,0,25,0,0,99,0,99,0,10,114,0,124,288,0,288,412
02/16/2023,SDM,CA,AWP,WE,Federal Contract Tower,0,12,13,1,26,0,1,82,3,86,0,13,95,4,112,150,0,150,262
02/17/2023,SDM,CA,AWP,WE,Federal Contract Tower,1,23,19,2,45,0,0,96,6,102,1,23,115,8,147,232,2,234,381
02/18/2023,SDM,CA,AWP,WE,Federal Contract Tower,1,3,16,1,21,0,0,132,0,132,1,3,148,1,153,138,0,138,291
02/19/2023,SDM,CA,AWP,WE,Federal Contract Tower,0,9,35,1,45,0,0,75,2,77,0,9,110,3,122,84,4,88,210
02/20/2023,SDM,CA,AWP,WE,Federal Contract Tower,0,12,25,1,38,0,0,113,2,115,0,12,138,3,153,188,6,194,347
02/21/2023,SDM,CA,AWP,WE,Federal Contract Tower,1,4,17,0,22,0,0,34,0,34,1,4,51,0,56,138,0,138,194
02/22/2023,SDM,CA,AWP,WE,Federal Contract Tower,0,13,10,0,23,0,0,10,0,10,0,13,20,0,33,0,0,0,33
02/23/2023,SDM,CA,AWP,WE,Federal Contract Tower,0,13,8,0,21,0,1,19,0,20,0,14,27,0,41,42,0,42,83
02/24/2023,SDM,CA,AWP,WE,Federal Contract Tower,0,10,10,4,24,0,0,18,8,26,0,10,28,12,50,60,2,62,112
02/25/2023,SDM,CA,AWP,WE,Federal Contract Tower,0,2,8,0,10,0,0,0,0,0,0,2,8,0,10,14,0,14,24
02/26/2023,SDM,CA,AWP,WE,Federal Contract Tower,0,11,29,4,44,0,0,80,0,80,0,11,109,4,124,116,0,116,240
02/27/2023,SDM,CA,AWP,WE,Federal Contract Tower,0,6,27,0,33,0,0,85,0,85,0,6,112,0,118,178,0,178,296
02/28/2023,SDM,CA,AWP,WE,Federal Contract Tower,0,11,12,0,23,0,0,49,2,51,0,11,61,2,74,46,0,46,120
03/01/2023,SDM,CA,AWP,WE,Federal Contract Tower,0,0,4,0,4,0,0,4,0,4,0,0,8,0,8,6,0,6,14
03/02/2023,SDM,CA,AWP,WE,Federal Contract Tower,0,4,22,0,26,0,4,123,0,127,0,8,145,0,153,198,0,198,351
03/03/2023,SDM,CA,AWP,WE,Federal Contract Tower,3,5,21,3,32,0,0,111,12,123,3,5,132,15,155,224,12,236,391
03/04/2023,SDM,CA,AWP,WE,Federal Contract Tower,0,7,12,0,19,0,0,56,0,56,0,7,68,0,75,166,0,166,241
03/05/2023,SDM,CA,AWP,WE,Federal Contract Tower,0,18,27,8,53,0,4,83,4,91,0,22,110,12,144,148,0,148,292
03/06/2023,SDM,CA,AWP,WE,Federal Contract Tower,0,3,13,1,17,0,1,109,0,110,0,4,122,1,127,194,0,194,321
03/07/2023,SDM,CA,AWP,WE,Federal Contract Tower,0,9,21,2,32,0,0,82,6,88,0,9,103,8,120,202,8,210,330
03/08/2023,SDM,CA,AWP,WE,Federal Contract Tower,0,3,30,2,35,0,2,105,2,109,0,5,135,4,144,214,0,214,358
03/09/2023,SDM,CA,AWP,WE,Federal Contract Tower,0,0,9,0,9,0,0,130,2,132,0,0,139,2,141,186,8,194,335
03/10/2023,SDM,CA,AWP,WE,Federal Contract Tower,0,0,19,1,20,0,0,24,1,25,0,0,43,2,45,108,0,108,153
03/11/2023,SDM,CA,AWP,WE,Federal Contract Tower,0,7,12,9,28,0,0,0,0,0,0,7,12,9,28,0,0,0,28
03/12/2023,SDM,CA,AWP,WE,Federal Contract Tower,0,7,35,0,42,0,0,85,0,85,0,7,120,0,127,78,0,78,205
03/13/2023,SDM,CA,AWP,WE,Federal Contract Tower,0,10,14,2,26,0,2,18,0,20,0,12,32,2,46,28,0,28,74
03/14/2023,SDM,CA,AWP,WE,Federal Contract Tower,0,8,8,0,16,0,3,24,4,31,0,11,32,4,47,22,0,22,69
03/15/2023,SDM,CA,AWP,WE,Federal Contract Tower,0,2,11,0,13,0,0,2,0,2,0,2,13,0,15,0,0,0,15
03/16/2023,SDM,CA,AWP,WE,Federal Contract Tower,0,8,19,0,27,0,0,95,0,95,0,8,114,0,122,238,0,238,360
03/17/2023,SDM,CA,AWP,WE,Federal Contract Tower,0,5,24,9,38,0,4,98,1,103,0,9,122,10,141,284,6,290,431
03/18/2023,SDM,CA,AWP,WE,Federal Contract Tower,0,6,17,0,23,0,0,133,1,134,0,6,150,1,157,236,0,236,393
03/19/2023,SDM,CA,AWP,WE,Federal Contract Tower,0,9,22,6,37,0,0,49,4,53,0,9,71,10,90,128,0,128,218
03/20/2023,SDM,CA,AWP,WE,Federal Contract Tower,0,7,12,0,19,0,0,12,0,12,0,7,24,0,31,86,0,86,117
03/21/2023,SDM,CA,AWP,WE,Federal Contract Tower,0,3,11,0,14,0,0,5,0,5,0,3,16,0,19,0,0,0,19
03/22/2023,SDM,CA,AWP,WE,Federal Contract Tower,0,4,9,0,13,0,0,56,0,56,0,4,65,0,69,216,0,216,285
03/23/2023,SDM,CA,AWP,WE,Federal Contract Tower,0,7,23,2,32,0,0,23,2,25,0,7,46,4,57,78,0,78,135
03/24/2023,SDM,CA,AWP,WE,Federal Contract Tower,0,9,16,0,25,0,0,134,9,143,0,9,150,9,168,348,0,348,516
03/25/2023,SDM,CA,AWP,WE,Federal Contract Tower,0,5,16,3,24,0,2,89,12,103,0,7,105,15,127,140,2,142,269
03/26/2023,SDM,CA,AWP,WE,Federal Contract Tower,0,12,28,0,40,0,0,104,27,131,0,12,132,27,171,126,4,130,301
03/27/2023,SDM,CA,AWP,WE,Federal Contract Tower,0,4,16,1,21,0,0,59,10,69,0,4,75,11,90,98,0,98,188
03/28/2023,SDM,CA,AWP,WE,Federal Contract Tower,0,3,14,0,17,0,0,80,19,99,0,3,94,19,116,18,0,18,134
03/29/2023,SDM,CA,AWP,WE,Federal Contract Tower,0,4,22,2,28,0,0,19,0,19,0,4,41,2,47,6,0,6,53
03/30/2023,SDM,CA,AWP,WE,Federal Contract Tower,0,2,13,5,20,0,3,26,2,31,0,5,39,7,51,108,4,112,163
03/31/2023,SDM,CA,AWP,WE,Federal Contract Tower,0,12,23,2,37,0,4,115,8,127,0,16,138,10,164,256,2,258,422
04/01/2023,SDM,CA,AWP,WE,Federal Contract Tower,0,12,27,0,39,0,0,179,8,187,0,12,206,8,226,176,0,176,402
04/02/2023,SDM,CA,AWP,WE,Federal Contract Tower,0,17,36,2,55,0,0,97,2,99,0,17,133,4,154,124,0,124,278
04/03/2023,SDM,CA,AWP,WE,Federal Contract Tower,0,6,19,1,26,0,1,21,2,24,0,7,40,3,50,108,0,108,158
04/04/2023,SDM,CA,AWP,WE,Federal Contract Tower,0,11,18,0,29,0,0,86,2,88,0,11,104,2,117,128,0,128,245
04/05/2023,SDM,CA,AWP,WE,Federal Contract Tower,0,4,21,0,25,0,2,91,0,93,0,6,112,0,118,162,0,162,280
04/06/2023,SDM,CA,AWP,WE,Federal Contract Tower,0,1,26,0,27,0,0,106,2,108,0,1,132,2,135,228,0,228,363
04/07/2023,SDM,CA,AWP,WE,Federal Contract Tower,0,6,25,1,32,0,0,123,18,141,0,6,148,19,173,242,18,260,433
04/08/2023,SDM,CA,AWP,WE,Federal Contract Tower,0,7,22,1,30,0,1,101,6,108,0,8,123,7,138,226,0,226,364
04/09/2023,SDM,CA,AWP,WE,Federal Contract Tower,0,10,34,3,47,0,0,79,12,91,0,10,113,15,138,104,0,104,242
04/10/2023,SDM,CA,AWP,WE,Federal Contract Tower,0,5,21,1,27,0,0,67,0,67,0,5,88,1,94,128,0,128,222
04/11/2023,SDM,CA,AWP,WE,Federal Contract Tower,0,3,29,3,35,0,1,57,0,58,0,4,86,3,93,206,0,206,299
04/12/2023,SDM,CA,AWP,WE,Federal Contract Tower,0,9,20,3,32,0,0,7,2,9,0,9,27,5,41,56,0,56,97
04/13/2023,SDM,CA,AWP,WE,Federal Contract Tower,0,7,20,1,28,0,0,25,2,27,0,7,45,3,55,96,10,106,161
04/14/2023,SDM,CA,AWP,WE,Federal Contract Tower,0,12,22,6,40,0,0,52,9,61,0,12,74,15,101,188,0,188,289
04/15/2023,SDM,CA,AWP,WE,Federal Contract Tower,0,12,28,3,43,0,0,139,8,147,0,12,167,11,190,242,0,242,432
04/16/2023,SDM,CA,AWP,WE,Federal Contract Tower,0,14,60,5,79,0,0,8,0,8,0,14,68,5,87,22,0,22,109
04/17/2023,SDM,CA,AWP,WE,Federal Contract Tower,0,4,20,2,26,0,0,12,0,12,0,4,32,2,38,42,0,42,80
04/18/2023,SDM,CA,AWP,WE,Federal Contract Tower,0,9,26,0,35,0,1,73,28,102,0,10,99,28,137,184,0,184,321
04/19/2023,SDM,CA,AWP,WE,Federal Contract Tower,0,9,27,0,36,0,2,124,34,160,0,11,151,34,196,196,0,196,392
04/20/2023,SDM,CA,AWP,WE,Federal Contract Tower,0,11,22,0,33,0,0,88,24,112,0,11,110,24,145,212,0,212,357
04/21/2023,SDM,CA,AWP,WE,Federal Contract Tower,0,1,25,5,31,0,0,106,22,128,0,1,131,27,159,264,12,276,435
04/22/2023,SDM,CA,AWP,WE,Federal Contract Tower,0,8,18,6,32,0,0,89,6,95,0,8,107,12,127,146,0,146,273
04/23/2023,SDM,CA,AWP,WE,Federal Contract Tower,0,13,34,4,51,0,0,63,4,67,0,13,97,8,118,148,0,148,266
04/24/2023,SDM,CA,AWP,WE,Federal Contract Tower,0,4,29,0,33,0,0,60,0,60,0,4,89,0,93,136,0,136,229
04/25/2023,SDM,CA,AWP,WE,Federal Contract Tower,0,5,15,0,20,0,0,40,0,40,0,5,55,0,60,110,0,110,170
04/26/2023,SDM,CA,AWP,WE,Federal Contract Tower,0,4,19,1,24,0,2,75,0,77,0,6,94,1,101,244,0,244,345
04/27/2023,SDM,CA,AWP,WE,Federal Contract Tower,0,7,20,0,27,0,1,87,1,89,0,8,107,1,116,144,0,144,260
04/28/2023,SDM,CA,AWP,WE,Federal Contract Tower,0,8,19,7,34,0,0,66,14,80,0,8,85,21,114,118,4,122,236
04/29/2023,SDM,CA,AWP,WE,Federal Contract Tower,0,2,27,4,33,0,0,85,9,94,0,2,112,13,127,98,0,98,225
04/30/2023,SDM,CA,AWP,WE,Federal Contract Tower,0,11,30,12,53,0,0,23,2,25,0,11,53,14,78,52,6,58,136
05/01/2023,SDM,CA,AWP,WE,Federal Contract Tower,0,9,23,2,34,0,0,30,0,30,0,9,53,2,64,96,0,96,160
05/02/2023,SDM,CA,AWP,WE,Federal Contract Tower,0,8,26,0,34,0,0,47,0,47,0,8,73,0,81,174,0,174,255
05/03/2023,SDM,CA,AWP,WE,Federal Contract Tower,0,3,23,0,26,0,0,68,2,70,0,3,91,2,96,322,4,326,422
05/04/2023,SDM,CA,AWP,WE,Federal Contract Tower,0,1,7,2,10,0,0,24,5,29,0,1,31,7,39,36,0,36,75
05/05/2023,SDM,CA,AWP,WE,Federal Contract Tower,0,2,24,7,33,0,0,48,6,54,0,2,72,13,87,92,2,94,181
05/06/2023,SDM,CA,AWP,WE,Federal Contract Tower,0,12,19,2,33,0,0,131,14,145,0,12,150,16,178,162,0,162,340
05/07/2023,SDM,CA,AWP,WE,Federal Contract Tower,0,7,33,5,45,0,2,111,12,125,0,9,144,17,170,92,6,98,268
05/08/2023,SDM,CA,AWP,WE,Federal Contract Tower,0,2,26,0,28,0,0,82,4,86,0,2,108,4,114,332,18,350,464
05/09/2023,SDM,CA,AWP,WE,Federal Contract Tower,0,3,34,2,39,0,0,86,2,88,0,3,120,4,127,288,0,288,415
05/10/2023,SDM,CA,AWP,WE,Federal Contract Tower,1,5,27,3,36,0,2,68,0,70,1,7,95,3,106,234,0,234,340
05/11/2023,SDM,CA,AWP,WE,Federal Contract Tower,0,6,31,0,37,0,0,75,2,77,0,6,106,2,114,240,0,240,354
05/12/2023,SDM,CA,AWP,WE,Federal Contract Tower,0,11,21,5,37,0,0,68,5,73,0,11,89,10,110,120,0,120,230
05/13/2023,SDM,CA,AWP,WE,Federal Contract Tower,0,4,22,6,32,0,0,28,8,36,0,4,50,14,68,68,0,68,136
05/14/2023,SDM,CA,AWP,WE,Federal Contract Tower,0,13,25,7,45,0,0,13,0,13,0,13,38,7,58,74,0,74,132
05/15/2023,SDM,CA,AWP,WE,Federal Contract Tower,0,5,28,1,34,0,0,71,0,71,0,5,99,1,105,144,0,144,249
05/16/2023,SDM,CA,AWP,WE,Federal Contract Tower,0,8,16,2,26,0,0,80,15,95,0,8,96,17,121,216,0,216,337
05/17/2023,SDM,CA,AWP,WE,Federal Contract Tower,0,9,31,2,42,0,0,3,0,3,0,9,34,2,45,56,0,56,101
05/18/2023,SDM,CA,AWP,WE,Federal Contract Tower,0,9,30,3,42,0,0,43,5,48,0,9,73,8,90,162,0,162,252
05/19/2023,SDM,CA,AWP,WE,Federal Contract Tower,0,6,26,5,37,0,2,39,0,41,0,8,65,5,78,180,0,180,258
05/20/2023,SDM,CA,AWP,WE,Federal Contract Tower,0,2,24,6,32,0,2,13,0,15,0,4,37,6,47,92,0,92,139
05/21/2023,SDM,CA,AWP,WE,Federal Contract Tower,0,12,41,4,57,0,0,44,2,46,0,12,85,6,103,164,0,164,267
05/22/2023,SDM,CA,AWP,WE,Federal Contract Tower,0,3,27,0,30,0,0,0,0,0,0,3,27,0,30,2,0,2,32
05/23/2023,SDM,CA,AWP,WE,Federal Contract Tower,0,4,18,6,28,0,0,4,0,4,0,4,22,6,32,68,2,70,102
05/24/2023,SDM,CA,AWP,WE,Federal Contract Tower,0,11,19,1,31,0,0,17,1,18,0,11,36,2,49,138,0,138,187
05/25/2023,SDM,CA,AWP,WE,Federal Contract Tower,0,6,29,2,37,0,0,86,8,94,0,6,115,10,131,218,0,218,349
05/27/2023,SDM,CA,AWP,WE,Federal Contract Tower,0,2,10,1,13,0,4,89,0,93,0,6,99,1,106,242,0,242,348
05/28/2023,SDM,CA,AWP,WE,Federal Contract Tower,0,4,24,0,28,0,0,32,0,32,0,4,56,0,60,288,0,288,348
05/29/2023,SDM,CA,AWP,WE,Federal Contract Tower,0,13,30,5,48,0,1,9,0,10,0,14,39,5,58,238,0,238,296
05/30/2023,SDM,CA,AWP,WE,Federal Contract Tower,0,4,28,3,35,0,0,35,0,35,0,4,63,3,70,154,0,154,224
05/31/2023,SDM,CA,AWP,WE,Federal Contract Tower,1,1,27,6,35,0,0,49,0,49,1,1,76,6,84,174,0,174,258
06/01/2023,SDM,CA,AWP,WE,Federal Contract Tower,0,3,26,3,32,0,0,18,0,18,0,3,44,3,50,134,0,134,184
06/02/2023,SDM,CA,AWP,WE,Federal Contract Tower,0,4,20,0,24,0,0,84,8,92,0,4,104,8,116,172,0,172,288
06/03/2023,SDM,CA,AWP,WE,Federal Contract Tower,0,1,9,1,11,0,0,43,0,43,0,1,52,1,54,48,0,48,102
06/04/2023,SDM,CA,AWP,WE,Federal Contract Tower,0,10,23,0,33,0,0,111,0,111,0,10,134,0,144,96,0,96,240
06/05/2023,SDM,CA,AWP,WE,Federal Contract Tower,0,7,29,0,36,0,0,36,2,38,0,7,65,2,74,196,0,196,270
06/06/2023,SDM,CA,AWP,WE,Federal Contract Tower,2,7,16,0,25,0,1,85,0,86,2,8,101,0,111,152,0,152,263
06/07/2023,SDM,CA,AWP,WE,Federal Contract Tower,0,5,30,0,35,0,0,77,0,77,0,5,107,0,112,310,0,310,422
06/08/2023,SDM,CA,AWP,WE,Federal Contract Tower,0,6,40,0,46,0,0,83,2,85,0,6,123,2,131,170,0,170,301
06/09/2023,SDM,CA,AWP,WE,Federal Contract Tower,0,6,22,0,28,0,0,62,2,64,0,6,84,2,92,152,0,152,244
06/10/2023,SDM,CA,AWP,WE,Federal Contract Tower,0,5,9,3,17,0,0,6,0,6,0,5,15,3,23,88,0,88,111
06/11/2023,SDM,CA,AWP,WE,Federal Contract Tower,0,9,15,2,26,0,0,11,0,11,0,9,26,2,37,8,0,8,45
06/12/2023,SDM,CA,AWP,WE,Federal Contract Tower,0,7,24,1,32,0,0,31,0,31,0,7,55,1,63,186,0,186,249
06/13/2023,SDM,CA,AWP,WE,Federal Contract Tower,0,8,24,0,32,0,3,23,2,28,0,11,47,2,60,190,0,190,250
06/14/2023,SDM,CA,AWP,WE,Federal Contract Tower,0,6,23,0,29,0,2,53,4,59,0,8,76,4,88,240,0,240,328
06/15/2023,SDM,CA,AWP,WE,Federal Contract Tower,0,7,19,2,28,0,0,66,9,75,0,7,85,11,103,158,0,158,261
06/16/2023,SDM,CA,AWP,WE,Federal Contract Tower,0,6,31,4,41,0,1,117,15,133,0,7,148,19,174,252,4,256,430
06/17/2023,SDM,CA,AWP,WE,Federal Contract Tower,0,3,19,0,22,0,2,140,10,152,0,5,159,10,174,160,0,160,334
06/18/2023,SDM,CA,AWP,WE,Federal Contract Tower,0,8,17,1,26,0,2,75,3,80,0,10,92,4,106,106,0,106,212
06/19/2023,SDM,CA,AWP,WE,Federal Contract Tower,0,7,21,3,31,0,0,68,4,72,0,7,89,7,103,158,0,158,261
06/20/2023,SDM,CA,AWP,WE,Federal Contract Tower,0,6,31,2,39,0,2,98,3,103,0,8,129,5,142,118,30,148,290
06/21/2023,SDM,CA,AWP,WE,Federal Contract Tower,1,10,32,0,43,0,2,94,0,96,1,12,126,0,139,198,0,198,337
06/22/2023,SDM,CA,AWP,WE,Federal Contract Tower,1,11,26,0,38,0,0,70,0,70,1,11,96,0,108,232,0,232,340
06/23/2023,SDM,CA,AWP,WE,Federal Contract Tower,0,8,18,0,26,0,0,103,0,103,0,8,121,0,129,186,0,186,315
06/24/2023,SDM,CA,AWP,WE,Federal Contract Tower,0,5,19,0,24,0,0,108,0,108,0,5,127,0,132,148,0,148,280
06/25/2023,SDM,CA,AWP,WE,Federal Contract Tower,0,7,28,0,35,0,0,104,4,108,0,7,132,4,143,76,0,76,219
06/26/2023,SDM,CA,AWP,WE,Federal Contract Tower,0,5,28,0,33,0,0,86,0,86,0,5,114,0,119,192,0,192,311
06/27/2023,SDM,CA,AWP,WE,Federal Contract Tower,0,5,20,0,25,0,0,105,0,105,0,5,125,0,130,180,0,180,310
06/28/2023,SDM,CA,AWP,WE,Federal Contract Tower,0,4,35,0,39,0,0,109,0,109,0,4,144,0,148,208,0,208,356
06/29/2023,SDM,CA,AWP,WE,Federal Contract Tower,0,3,22,0,25,0,0,90,0,90,0,3,112,0,115,148,0,148,263
06/30/2023,SDM,CA,AWP,WE,Federal Contract Tower,0,6,11,4,21,0,0,116,11,127,0,6,127,15,148,196,0,196,344
07/01/2023,SDM,CA,AWP,WE,Federal Contract Tower,0,5,31,0,36,0,0,116,0,116,0,5,147,0,152,116,0,116,268
07/02/2023,SDM,CA,AWP,WE,Federal Contract Tower,0,3,9,0,12,0,0,103,0,103,0,3,112,0,115,192,0,192,307
07/03/2023,SDM,CA,AWP,WE,Federal Contract Tower,0,3,12,1,16,0,0,77,2,79,0,3,89,3,95,120,0,120,215
07/04/2023,SDM,CA,AWP,WE,Federal Contract Tower,0,3,4,0,7,0,0,88,8,96,0,3,92,8,103,86,0,86,189
07/05/2023,SDM,CA,AWP,WE,Federal Contract Tower,0,8,20,0,28,0,0,77,5,82,0,8,97,5,110,206,0,206,316
07/06/2023,SDM,CA,AWP,WE,Federal Contract Tower,0,5,20,0,25,0,0,83,1,84,0,5,103,1,109,192,0,192,301
07/07/2023,SDM,CA,AWP,WE,Federal Contract Tower,0,11,39,0,50,0,1,113,8,122,0,12,152,8,172,274,0,274,446
07/08/2023,SDM,CA,AWP,WE,Federal Contract Tower,0,1,13,0,14,0,8,149,8,165,0,9,162,8,179,174,0,174,353
07/09/2023,SDM,CA,AWP,WE,Federal Contract Tower,0,7,15,4,26,0,0,86,5,91,0,7,101,9,117,178,0,178,295
07/10/2023,SDM,CA,AWP,WE,Federal Contract Tower,0,6,6,0,12,0,0,66,1,67,0,6,72,1,79,136,0,136,215
07/11/2023,SDM,CA,AWP,WE,Federal Contract Tower,3,2,10,0,15,0,4,68,2,74,3,6,78,2,89,174,0,174,263
07/12/2023,SDM,CA,AWP,WE,Federal Contract Tower,0,3,20,0,23,0,4,89,4,97,0,7,109,4,120,134,0,134,254
07/13/2023,SDM,CA,AWP,WE,Federal Contract Tower,0,10,15,0,25,0,0,112,0,112,0,10,127,0,137,188,0,188,325
07/14/2023,SDM,CA,AWP,WE,Federal Contract Tower,0,2,18,0,20,0,4,88,6,98,0,6,106,6,118,138,0,138,256
07/15/2023,SDM,CA,AWP,WE,Federal Contract Tower,0,2,19,1,22,0,0,98,12,110,0,2,117,13,132,196,0,196,328
07/16/2023,SDM,CA,AWP,WE,Federal Contract Tower,0,7,18,4,29,0,0,98,6,104,0,7,116,10,133,162,0,162,295
07/17/2023,SDM,CA,AWP,WE,Federal Contract Tower,0,4,22,1,27,0,0,74,2,76,0,4,96,3,103,138,6,144,247
07/18/2023,SDM,CA,AWP,WE,Federal Contract Tower,0,8,11,1,20,0,0,91,0,91,0,8,102,1,111,72,0,72,183
07/19/2023,SDM,CA,AWP,WE,Federal Contract Tower,2,5,13,0,20,0,0,91,2,93,2,5,104,2,113,148,0,148,261
07/21/2023,SDM,CA,AWP,WE,Federal Contract Tower,0,6,13,3,22,0,0,73,8,81,0,6,86,11,103,260,2,262,365
07/22/2023,SDM,CA,AWP,WE,Federal Contract Tower,0,4,13,2,19,0,2,101,0,103,0,6,114,2,122,118,0,118,240
07/23/2023,SDM,CA,AWP,WE,Federal Contract Tower,0,7,22,3,32,0,0,50,0,50,0,7,72,3,82,36,0,36,118
07/24/2023,SDM,CA,AWP,WE,Federal Contract Tower,0,2,7,0,9,0,4,66,2,72,0,6,73,2,81,136,0,136,217
07/25/2023,SDM,CA,AWP,WE,Federal Contract Tower,0,3,17,0,20,0,2,84,10,96,0,5,101,10,116,132,28,160,276
07/26/2023,SDM,CA,AWP,WE,Federal Contract Tower,0,0,22,0,22,0,1,124,7,132,0,1,146,7,154,218,0,218,372
07/27/2023,SDM,CA,AWP,WE,Federal Contract Tower,0,0,28,4,32,0,0,89,10,99,0,0,117,14,131,166,0,166,297
07/28/2023,SDM,CA,AWP,WE,Federal Contract Tower,0,1,23,8,32,0,5,67,6,78,0,6,90,14,110,140,0,140,250
07/29/2023,SDM,CA,AWP,WE,Federal Contract Tower,0,4,21,4,29,0,0,127,6,133,0,4,148,10,162,116,0,116,278
07/30/2023,SDM,CA,AWP,WE,Federal Contract Tower,0,6,25,2,33,0,1,87,8,96,0,7,112,10,129,80,0,80,209
07/31/2023,SDM,CA,AWP,WE,Federal Contract Tower,0,3,11,1,15,0,0,46,2,48,0,3,57,3,63,128,0,128,191
08/01/2023,SDM,CA,AWP,WE,Federal Contract Tower,0,5,7,1,13,0,0,84,12,96,0,5,91,13,109,92,0,92,201
08/02/2023,SDM,CA,AWP,WE,Federal Contract Tower,0,6,24,0,30,0,0,99,4,103,0,6,123,4,133,144,0,144,277
08/03/2023,SDM,CA,AWP,WE,Federal Contract Tower,0,3,14,1,18,0,2,74,10,86,0,5,88,11,104,176,0,176,280
08/04/2023,SDM,CA,AWP,WE,Federal Contract Tower,0,3,19,2,24,0,0,115,9,124,0,3,134,11,148,216,0,216,364
08/05/2023,SDM,CA,AWP,WE,Federal Contract Tower,0,0,28,1,29,0,0,127,10,137,0,0,155,11,166,144,0,144,310
08/06/2023,SDM,CA,AWP,WE,Federal Contract Tower,0,6,13,3,22,0,1,113,12,126,0,7,126,15,148,110,0,110,258
08/07/2023,SDM,CA,AWP,WE,Federal Contract Tower,0,4,9,2,15,0,0,67,0,67,0,4,76,2,82,110,0,110,192
08/08/2023,SDM,CA,AWP,WE,Federal Contract Tower,0,4,11,0,15,0,0,76,4,80,0,4,87,4,95,116,0,116,211
08/09/2023,SDM,CA,AWP,WE,Federal Contract Tower,0,9,15,3,27,0,2,124,4,130,0,11,139,7,157,252,0,252,409
08/10/2023,SDM,CA,AWP,WE,Federal Contract Tower,0,4,28,1,33,0,0,39,0,39,0,4,67,1,72,166,0,166,238
08/11/2023,SDM,CA,AWP,WE,Federal Contract Tower,0,4,13,6,23,0,0,78,7,85,0,4,91,13,108,190,0,190,298
08/12/2023,SDM,CA,AWP,WE,Federal Contract Tower,0,6,24,2,32,0,0,107,0,107,0,6,131,2,139,138,0,138,277
08/13/2023,SDM,CA,AWP,WE,Federal Contract Tower,0,6,24,5,35,0,0,93,2,95,0,6,117,7,130,106,6,112,242
08/14/2023,SDM,CA,AWP,WE,Federal Contract Tower,0,5,14,2,21,0,2,53,6,61,0,7,67,8,82,68,2,70,152
08/15/2023,SDM,CA,AWP,WE,Federal Contract Tower,0,3,20,0,23,0,0,72,2,74,0,3,92,2,97,140,0,140,237
08/16/2023,SDM,CA,AWP,WE,Federal Contract Tower,0,9,12,1,22,0,0,100,6,106,0,9,112,7,128,250,18,268,396
08/17/2023,SDM,CA,AWP,WE,Federal Contract Tower,0,8,21,0,29,0,0,124,4,128,0,8,145,4,157,234,20,254,411
08/18/2023,SDM,CA,AWP,WE,Federal Contract Tower,0,5,15,0,20,0,0,139,0,139,0,5,154,0,159,180,0,180,339
08/19/2023,SDM,CA,AWP,WE,Federal Contract Tower,0,6,14,0,20,0,1,55,0,56,0,7,69,0,76,112,0,112,188
08/20/2023,SDM,CA,AWP,WE,Federal Contract Tower,1,0,0,0,1,0,0,0,0,0,1,0,0,0,1,0,0,0,1
08/21/2023,SDM,CA,AWP,WE,Federal Contract Tower,0,0,9,0,9,0,0,19,0,19,0,0,28,0,28,60,0,60,88
08/22/2023,SDM,CA,AWP,WE,Federal Contract Tower,0,9,16,0,25,0,2,59,0,61,0,11,75,0,86,78,0,78,164
08/23/2023,SDM,CA,AWP,WE,Federal Contract Tower,0,5,20,0,25,0,0,99,0,99,0,5,119,0,124,92,0,92,216
08/24/2023,SDM,CA,AWP,WE,Federal Contract Tower,0,3,30,0,33,0,4,80,2,86,0,7,110,2,119,204,0,204,323
08/25/2023,SDM,CA,AWP,WE,Federal Contract Tower,0,3,31,0,34,0,1,86,0,87,0,4,117,0,121,260,0,260,381
08/26/2023,SDM,CA,AWP,WE,Federal Contract Tower,0,6,18,5,29,0,2,133,8,143,0,8,151,13,172,176,0,176,348
08/27/2023,SDM,CA,AWP,WE,Federal Contract Tower,0,5,12,1,18,0,0,115,17,132,0,5,127,18,150,144,0,144,294
08/28/2023,SDM,CA,AWP,WE,Federal Contract Tower,0,10,12,4,26,0,0,103,8,111,0,10,115,12,137,176,0,176,313
08/29/2023,SDM,CA,AWP,WE,Federal Contract Tower,0,4,21,2,27,0,1,83,5,89,0,5,104,7,116,102,10,112,228
08/30/2023,SDM,CA,AWP,WE,Federal Contract Tower,0,1,28,0,29,0,0,65,4,69,0,1,93,4,98,132,4,136,234
08/31/2023,SDM,CA,AWP,WE,Federal Contract Tower,0,6,18,0,24,0,0,64,0,64,0,6,82,0,88,106,0,106,194
01/01/2020,SDM,CA,AWP,WE,Federal Contract Tower,0,5,12,0,17,0,0,37,0,37,0,5,49,0,54,40,0,40,94
01/02/2020,SDM,CA,AWP,WE,Federal Contract Tower,0,9,28,0,37,0,0,79,0,79,0,9,107,0,116,96,0,96,212
01/03/2020,SDM,CA,AWP,WE,Federal Contract Tower,0,12,42,0,54,0,0,71,0,71,0,12,113,0,125,112,0,112,237
01/04/2020,SDM,CA,AWP,WE,Federal Contract Tower,0,11,31,0,42,0,0,84,0,84,0,11,115,0,126,128,0,128,254
01/05/2020,SDM,CA,AWP,WE,Federal Contract Tower,0,13,48,0,61,0,0,59,2,61,0,13,107,2,122,44,0,44,166
01/06/2020,SDM,CA,AWP,WE,Federal Contract Tower,0,6,9,0,15,0,0,46,8,54,0,6,55,8,69,154,8,162,231
01/07/2020,SDM,CA,AWP,WE,Federal Contract Tower,0,1,18,3,22,0,0,60,12,72,0,1,78,15,94,100,0,100,194
01/08/2020,SDM,CA,AWP,WE,Federal Contract Tower,0,1,15,4,20,0,0,70,8,78,0,1,85,12,98,98,30,128,226
01/09/2020,SDM,CA,AWP,WE,Federal Contract Tower,0,5,8,3,16,0,0,31,1,32,0,5,39,4,48,70,0,70,118
01/10/2020,SDM,CA,AWP,WE,Federal Contract Tower,0,6,12,0,18,0,0,79,20,99,0,6,91,20,117,126,20,146,263
01/11/2020,SDM,CA,AWP,WE,Federal Contract Tower,0,0,12,2,14,0,0,85,9,94,0,0,97,11,108,92,0,92,200
01/12/2020,SDM,CA,AWP,WE,Federal Contract Tower,0,8,22,1,31,0,0,60,2,62,0,8,82,3,93,74,0,74,167
01/13/2020,SDM,CA,AWP,WE,Federal Contract Tower,0,4,13,0,17,0,0,97,2,99,0,4,110,2,116,204,0,204,320
01/14/2020,SDM,CA,AWP,WE,Federal Contract Tower,0,3,13,1,17,0,0,77,12,89,0,3,90,13,106,204,0,204,310
01/15/2020,SDM,CA,AWP,WE,Federal Contract Tower,0,4,12,0,16,0,0,85,20,105,0,4,97,20,121,132,14,146,267
01/16/2020,SDM,CA,AWP,WE,Federal Contract Tower,0,1,28,1,30,0,1,42,2,45,0,2,70,3,75,90,14,104,179
01/17/2020,SDM,CA,AWP,WE,Federal Contract Tower,0,9,9,5,23,0,0,40,2,42,0,9,49,7,65,92,2,94,159
01/18/2020,SDM,CA,AWP,WE,Federal Contract Tower,0,1,9,3,13,0,0,115,8,123,0,1,124,11,136,160,0,160,296
01/19/2020,SDM,CA,AWP,WE,Federal Contract Tower,0,3,17,7,27,0,0,98,10,108,0,3,115,17,135,64,22,86,221
01/20/2020,SDM,CA,AWP,WE,Federal Contract Tower,0,10,29,1,40,0,0,53,0,53,0,10,82,1,93,138,0,138,231
01/21/2020,SDM,CA,AWP,WE,Federal Contract Tower,0,7,11,3,21,0,0,35,2,37,0,7,46,5,58,108,4,112,170
01/22/2020,SDM,CA,AWP,WE,Federal Contract Tower,0,0,11,0,11,0,0,80,2,82,0,0,91,2,93,258,2,260,353
01/23/2020,SDM,CA,AWP,WE,Federal Contract Tower,0,5,20,1,26,0,1,98,2,101,0,6,118,3,127,278,0,278,405
01/24/2020,SDM,CA,AWP,WE,Federal Contract Tower,0,4,26,1,31,0,1,83,4,88,0,5,109,5,119,176,14,190,309
01/25/2020,SDM,CA,AWP,WE,Federal Contract Tower,0,6,17,0,23,0,0,75,4,79,0,6,92,4,102,106,36,142,244
01/26/2020,SDM,CA,AWP,WE,Federal Contract Tower,0,4,26,1,31,0,0,22,0,22,0,4,48,1,53,48,0,48,101
01/27/2020,SDM,CA,AWP,WE,Federal Contract Tower,0,0,21,0,21,0,0,97,4,101,0,0,118,4,122,202,0,202,324
01/28/2020,SDM,CA,AWP,WE,Federal Contract Tower,0,3,10,0,13,0,0,79,15,94,0,3,89,15,107,114,0,114,221
01/29/2020,SDM,CA,AWP,WE,Federal Contract Tower,0,3,27,0,30,0,0,74,4,78,0,3,101,4,108,194,2,196,304
01/30/2020,SDM,CA,AWP,WE,Federal Contract Tower,0,0,18,0,18,0,0,79,14,93,0,0,97,14,111,140,2,142,253
01/31/2020,SDM,CA,AWP,WE,Federal Contract Tower,0,5,14,0,19,0,1,78,25,104,0,6,92,25,123,156,2,158,281
02/01/2020,SDM,CA,AWP,WE,Federal Contract Tower,0,4,17,0,21,0,1,104,0,105,0,5,121,0,126,110,0,110,236
02/02/2020,SDM,CA,AWP,WE,Federal Contract Tower,0,6,21,2,29,0,0,41,2,43,0,6,62,4,72,44,0,44,116
02/03/2020,SDM,CA,AWP,WE,Federal Contract Tower,0,4,26,0,30,0,0,48,20,68,0,4,74,20,98,268,0,268,366
02/04/2020,SDM,CA,AWP,WE,Federal Contract Tower,2,5,20,1,28,0,0,70,34,104,2,5,90,35,132,114,12,126,258
02/05/2020,SDM,CA,AWP,WE,Federal Contract Tower,0,4,15,0,19,0,0,73,19,92,0,4,88,19,111,180,0,180,291
02/06/2020,SDM,CA,AWP,WE,Federal Contract Tower,0,2,16,0,18,0,0,75,22,97,0,2,91,22,115,156,14,170,285
02/07/2020,SDM,CA,AWP,WE,Federal Contract Tower,0,7,21,5,33,0,0,71,20,91,0,7,92,25,124,216,16,232,356
02/08/2020,SDM,CA,AWP,WE,Federal Contract Tower,0,3,16,2,21,0,0,145,17,162,0,3,161,19,183,100,0,100,283
02/09/2020,SDM,CA,AWP,WE,Federal Contract Tower,0,7,20,11,38,0,0,4,0,4,0,7,24,11,42,28,0,28,70
02/10/2020,SDM,CA,AWP,WE,Federal Contract Tower,0,0,12,0,12,0,0,8,0,8,0,0,20,0,20,38,0,38,58
02/11/2020,SDM,CA,AWP,WE,Federal Contract Tower,0,1,14,3,18,0,0,75,13,88,0,1,89,16,106,198,18,216,322
02/12/2020,SDM,CA,AWP,WE,Federal Contract Tower,0,12,23,1,36,0,0,72,10,82,0,12,95,11,118,190,4,194,312
02/13/2020,SDM,CA,AWP,WE,Federal Contract Tower,0,1,22,0,23,0,1,79,17,97,0,2,101,17,120,256,2,258,378
02/14/2020,SDM,CA,AWP,WE,Federal Contract Tower,0,8,17,3,28,0,0,74,0,74,0,8,91,3,102,198,0,198,300
02/15/2020,SDM,CA,AWP,WE,Federal Contract Tower,0,6,17,1,24,0,0,100,0,100,0,6,117,1,124,76,0,76,200
02/16/2020,SDM,CA,AWP,WE,Federal Contract Tower,0,4,34,3,41,0,0,87,2,89,0,4,121,5,130,134,0,134,264
02/17/2020,SDM,CA,AWP,WE,Federal Contract Tower,0,4,29,4,37,0,1,87,0,88,0,5,116,4,125,154,0,154,279
02/18/2020,SDM,CA,AWP,WE,Federal Contract Tower,0,9,17,5,31,0,1,56,8,65,0,10,73,13,96,126,0,126,222
02/19/2020,SDM,CA,AWP,WE,Federal Contract Tower,0,4,27,4,35,0,0,78,16,94,0,4,105,20,129,178,2,180,309
02/20/2020,SDM,CA,AWP,WE,Federal Contract Tower,0,1,18,0,19,0,0,72,20,92,0,1,90,20,111,214,6,220,331
02/21/2020,SDM,CA,AWP,WE,Federal Contract Tower,0,4,20,5,29,0,0,80,20,100,0,4,100,25,129,194,48,242,371
02/22/2020,SDM,CA,AWP,WE,Federal Contract Tower,0,8,11,6,25,0,0,10,13,23,0,8,21,19,48,36,46,82,130
02/23/2020,SDM,CA,AWP,WE,Federal Contract Tower,0,9,26,2,37,0,0,85,25,110,0,9,111,27,147,90,44,134,281
02/25/2020,SDM,CA,AWP,WE,Federal Contract Tower,0,3,15,4,22,0,0,85,16,101,0,3,100,20,123,224,0,224,347
02/26/2020,SDM,CA,AWP,WE,Federal Contract Tower,0,5,18,2,25,0,0,70,12,82,0,5,88,14,107,196,16,212,319
02/27/2020,SDM,CA,AWP,WE,Federal Contract Tower,0,1,15,0,16,0,0,79,10,89,0,1,94,10,105,116,0,116,221
02/28/2020,SDM,CA,AWP,WE,Federal Contract Tower,0,4,19,2,25,0,0,68,0,68,0,4,87,2,93,144,6,150,243
02/29/2020,SDM,CA,AWP,WE,Federal Contract Tower,0,4,6,2,12,0,0,118,1,119,0,4,124,3,131,116,0,116,247
03/01/2020,SDM,CA,AWP,WE,Federal Contract Tower,0,1,24,1,26,0,0,33,1,34,0,1,57,2,60,24,0,24,84
03/02/2020,SDM,CA,AWP,WE,Federal Contract Tower,0,1,12,0,13,0,0,24,0,24,0,1,36,0,37,78,0,78,115
03/03/2020,SDM,CA,AWP,WE,Federal Contract Tower,0,2,12,0,14,0,0,98,8,106,0,2,110,8,120,168,26,194,314
03/04/2020,SDM,CA,AWP,WE,Federal Contract Tower,0,2,19,1,22,0,1,67,7,75,0,3,86,8,97,220,0,220,317
03/05/2020,SDM,CA,AWP,WE,Federal Contract Tower,0,2,22,0,24,0,0,61,4,65,0,2,83,4,89,200,0,200,289
03/06/2020,SDM,CA,AWP,WE,Federal Contract Tower,0,0,2,1,3,0,0,46,12,58,0,0,48,13,61,266,16,282,343
03/07/2020,SDM,CA,AWP,WE,Federal Contract Tower,0,1,18,1,20,0,0,56,23,79,0,1,74,24,99,140,106,246,345
03/08/2020,SDM,CA,AWP,WE,Federal Contract Tower,0,1,15,1,17,0,0,69,20,89,0,1,84,21,106,172,118,290,396
03/09/2020,SDM,CA,AWP,WE,Federal Contract Tower,0,2,12,4,18,0,2,79,1,82,0,4,91,5,100,170,0,170,270
03/10/2020,SDM,CA,AWP,WE,Federal Contract Tower,0,4,11,0,15,0,0,3,2,5,0,4,14,2,20,18,0,18,38
03/11/2020,SDM,CA,AWP,WE,Federal Contract Tower,0,7,17,0,24,0,0,44,3,47,0,7,61,3,71,224,4,228,299
03/12/2020,SDM,CA,AWP,WE,Federal Contract Tower,0,2,9,1,12,0,0,5,0,5,0,2,14,1,17,34,0,34,51
03/13/2020,SDM,CA,AWP,WE,Federal Contract Tower,1,6,4,1,12,0,0,7,4,11,1,6,11,5,23,98,10,108,131
03/14/2020,SDM,CA,AWP,WE,Federal Contract Tower,0,4,20,2,26,0,0,11,2,13,0,4,31,4,39,180,4,184,223
03/15/2020,SDM,CA,AWP,WE,Federal Contract Tower,0,5,9,0,14,0,0,37,11,48,0,5,46,11,62,168,0,168,230
03/16/2020,SDM,CA,AWP,WE,Federal Contract Tower,0,7,23,0,30,0,0,51,5,56,0,7,74,5,86,90,0,90,176
03/17/2020,SDM,CA,AWP,WE,Federal Contract Tower,0,5,9,0,14,0,0,58,5,63,0,5,67,5,77,120,0,120,197
03/18/2020,SDM,CA,AWP,WE,Federal Contract Tower,0,4,9,1,14,0,0,13,0,13,0,4,22,1,27,0,0,0,27
03/19/2020,SDM,CA,AWP,WE,Federal Contract Tower,0,0,7,5,12,0,0,29,3,32,0,0,36,8,44,102,0,102,146
03/20/2020,SDM,CA,AWP,WE,Federal Contract Tower,0,2,10,0,12,0,0,28,0,28,0,2,38,0,40,40,0,40,80
03/21/2020,SDM,CA,AWP,WE,Federal Contract Tower,0,1,10,1,12,0,3,46,10,59,0,4,56,11,71,146,40,186,257
03/22/2020,SDM,CA,AWP,WE,Federal Contract Tower,0,4,2,1,7,0,0,36,11,47,0,4,38,12,54,58,16,74,128
03/23/2020,SDM,CA,AWP,WE,Federal Contract Tower,0,1,1,0,2,0,0,27,12,39,0,1,28,12,41,88,0,88,129
03/24/2020,SDM,CA,AWP,WE,Federal Contract Tower,0,0,3,0,3,0,0,33,34,67,0,0,36,34,70,150,0,150,220
03/25/2020,SDM,CA,AWP,WE,Federal Contract Tower,0,2,2,0,4,0,0,36,2,38,0,2,38,2,42,126,0,126,168
03/26/2020,SDM,CA,AWP,WE,Federal Contract Tower,0,2,1,0,3,0,21,2,0,23,0,23,3,0,26,80,0,80,106
03/27/2020,SDM,CA,AWP,WE,Federal Contract Tower,0,0,4,6,10,0,0,42,28,70,0,0,46,34,80,192,48,240,320
03/28/2020,SDM,CA,AWP,WE,Federal Contract Tower,0,0,5,6,11,0,0,42,7,49,0,0,47,13,60,124,0,124,184
03/29/2020,SDM,CA,AWP,WE,Federal Contract Tower,0,0,5,4,9,0,0,41,5,46,0,0,46,9,55,102,12,114,169
03/30/2020,SDM,CA,AWP,WE,Federal Contract Tower,0,0,1,0,1,0,0,40,28,68,0,0,41,28,69,62,0,62,131
03/31/2020,SDM,CA,AWP,WE,Federal Contract Tower,0,0,2,2,4,0,0,47,27,74,0,0,49,29,78,182,6,188,266
04/01/2020,SDM,CA,AWP,WE,Federal Contract Tower,0,6,7,0,13,0,0,32,17,49,0,6,39,17,62,68,0,68,130
04/02/2020,SDM,CA,AWP,WE,Federal Contract Tower,0,2,8,0,10,0,0,22,0,22,0,2,30,0,32,30,0,30,62
04/03/2020,SDM,CA,AWP,WE,Federal Contract Tower,0,0,5,2,7,0,0,44,3,47,0,0,49,5,54,126,16,142,196
04/05/2020,SDM,CA,AWP,WE,Federal Contract Tower,0,0,4,4,8,0,0,27,6,33,0,0,31,10,41,110,14,124,165
04/06/2020,SDM,CA,AWP,WE,Federal Contract Tower,0,0,0,0,0,0,0,16,5,21,0,0,16,5,21,14,12,26,47
04/07/2020,SDM,CA,AWP,WE,Federal Contract Tower,0,0,2,0,2,0,0,4,0,4,0,0,6,0,6,4,2,6,12
04/08/2020,SDM,CA,AWP,WE,Federal Contract Tower,1,0,3,0,4,0,0,20,1,21,1,0,23,1,25,112,0,112,137
04/09/2020,SDM,CA,AWP,WE,Federal Contract Tower,0,1,0,0,1,0,0,19,3,22,0,1,19,3,23,34,0,34,57
04/10/2020,SDM,CA,AWP,WE,Federal Contract Tower,2,0,3,0,5,0,0,0,0,0,2,0,3,0,5,0,0,0,5
04/11/2020,SDM,CA,AWP,WE,Federal Contract Tower,1,0,5,0,6,0,0,43,3,46,1,0,48,3,52,92,32,124,176
04/12/2020,SDM,CA,AWP,WE,Federal Contract Tower,0,2,0,0,2,0,0,12,3,15,0,2,12,3,17,110,0,110,127
04/13/2020,SDM,CA,AWP,WE,Federal Contract Tower,0,0,6,0,6,0,0,6,0,6,0,0,12,0,12,62,0,62,74
04/14/2020,SDM,CA,AWP,WE,Federal Contract Tower,0,1,5,0,6,0,0,51,6,57,0,1,56,6,63,92,0,92,155
04/15/2020,SDM,CA,AWP,WE,Federal Contract Tower,0,1,8,1,10,0,0,75,4,79,0,1,83,5,89,110,0,110,199
04/16/2020,SDM,CA,AWP,WE,Federal Contract Tower,0,1,0,0,1,0,0,40,4,44,0,1,40,4,45,76,2,78,123
04/17/2020,SDM,CA,AWP,WE,Federal Contract Tower,0,0,3,7,10,0,0,33,15,48,0,0,36,22,58,134,14,148,206
04/18/2020,SDM,CA,AWP,WE,Federal Contract Tower,0,0,4,6,10,0,0,20,10,30,0,0,24,16,40,128,0,128,168
04/19/2020,SDM,CA,AWP,WE,Federal Contract Tower,0,0,7,12,19,0,0,24,5,29,0,0,31,17,48,76,2,78,126
04/20/2020,SDM,CA,AWP,WE,Federal Contract Tower,0,2,2,0,4,0,0,35,3,38,0,2,37,3,42,102,18,120,162
04/21/2020,SDM,CA,AWP,WE,Federal Contract Tower,0,0,6,0,6,0,0,47,0,47,0,0,53,0,53,196,0,196,249
04/22/2020,SDM,CA,AWP,WE,Federal Contract Tower,0,3,8,0,11,0,0,76,4,80,0,3,84,4,91,152,4,156,247
04/23/2020,SDM,CA,AWP,WE,Federal Contract Tower,0,0,2,0,2,0,0,43,0,43,0,0,45,0,45,108,0,108,153
04/24/2020,SDM,CA,AWP,WE,Federal Contract Tower,0,1,4,1,6,0,0,55,0,55,0,1,59,1,61,200,0,200,261
04/25/2020,SDM,CA,AWP,WE,Federal Contract Tower,0,1,7,2,10,0,0,46,0,46,0,1,53,2,56,108,3,111,167
04/26/2020,SDM,CA,AWP,WE,Federal Contract Tower,0,1,3,0,4,0,0,51,7,58,0,1,54,7,62,116,0,116,178
04/27/2020,SDM,CA,AWP,WE,Federal Contract Tower,0,0,2,1,3,0,0,45,2,47,0,0,47,3,50,172,6,178,228
04/28/2020,SDM,CA,AWP,WE,Federal Contract Tower,0,0,1,0,1,0,0,46,2,48,0,0,47,2,49,90,0,90,139
04/29/2020,SDM,CA,AWP,WE,Federal Contract Tower,0,0,6,7,13,0,0,20,0,20,0,0,26,7,33,78,6,84,117
04/30/2020,SDM,CA,AWP,WE,Federal Contract Tower,0,2,2,1,5,0,0,20,1,21,0,2,22,2,26,120,0,120,146
05/01/2020,SDM,CA,AWP,WE,Federal Contract Tower,0,5,7,2,14,0,0,30,20,50,0,5,37,22,64,142,10,152,216
05/02/2020,SDM,CA,AWP,WE,Federal Contract Tower,0,2,4,4,10,0,0,56,17,73,0,2,60,21,83,228,16,244,327
05/03/2020,SDM,CA,AWP,WE,Federal Contract Tower,0,0,4,4,8,0,0,51,9,60,0,0,55,13,68,128,0,128,196
05/04/2020,SDM,CA,AWP,WE,Federal Contract Tower,0,0,5,1,6,0,0,50,19,69,0,0,55,20,75,194,2,196,271
05/05/2020,SDM,CA,AWP,WE,Federal Contract Tower,0,0,3,0,3,0,0,58,28,86,0,0,61,28,89,126,0,126,215
05/06/2020,SDM,CA,AWP,WE,Federal Contract Tower,0,2,7,0,9,0,0,52,32,84,0,2,59,32,93,224,0,224,317
05/07/2020,SDM,CA,AWP,WE,Federal Contract Tower,0,2,8,0,10,0,0,31,26,57,0,2,39,26,67,130,4,134,201
05/08/2020,SDM,CA,AWP,WE,Federal Contract Tower,0,1,6,1,8,0,0,61,23,84,0,1,67,24,92,132,20,152,244
05/09/2020,SDM,CA,AWP,WE,Federal Contract Tower,0,0,10,0,10,0,0,2,0,2,0,0,12,0,12,146,18,164,176
05/10/2020,SDM,CA,AWP,WE,Federal Contract Tower,0,0,3,0,3,0,0,17,0,17,0,0,20,0,20,110,0,110,130
05/11/2020,SDM,CA,AWP,WE,Federal Contract Tower,0,2,7,0,9,0,0,62,27,89,0,2,69,27,98,212,2,214,312
05/12/2020,SDM,CA,AWP,WE,Federal Contract Tower,0,2,6,0,8,0,0,54,17,71,0,2,60,17,79,292,0,292,371
05/13/2020,SDM,CA,AWP,WE,Federal Contract Tower,0,0,9,0,9,0,0,45,3,48,0,0,54,3,57,174,10,184,241
05/14/2020,SDM,CA,AWP,WE,Federal Contract Tower,0,3,7,0,10,0,0,52,5,57,0,3,59,5,67,180,0,180,247
05/15/2020,SDM,CA,AWP,WE,Federal Contract Tower,0,1,8,5,14,0,0,66,10,76,0,1,74,15,90,148,10,158,248
05/16/2020,SDM,CA,AWP,WE,Federal Contract Tower,0,0,7,2,9,0,0,54,26,80,0,0,61,28,89,102,76,178,267
05/17/2020,SDM,CA,AWP,WE,Federal Contract Tower,0,1,18,6,25,0,0,43,11,54,0,1,61,17,79,50,16,66,145
05/18/2020,SDM,CA,AWP,WE,Federal Contract Tower,0,0,10,0,10,0,0,42,2,44,0,0,52,2,54,132,0,132,186
05/19/2020,SDM,CA,AWP,WE,Federal Contract Tower,0,0,2,0,2,0,1,50,2,53,0,1,52,2,55,270,0,270,325
05/20/2020,SDM,CA,AWP,WE,Federal Contract Tower,0,2,11,0,13,0,1,79,2,82,0,3,90,2,95,168,0,168,263
05/21/2020,SDM,CA,AWP,WE,Federal Contract Tower,0,0,7,0,7,0,0,59,6,65,0,0,66,6,72,204,4,208,280
05/22/2020,SDM,CA,AWP,WE,Federal Contract Tower,0,2,5,0,7,0,0,66,6,72,0,2,71,6,79,222,22,244,323
05/23/2020,SDM,CA,AWP,WE,Federal Contract Tower,0,1,5,1,7,0,0,38,4,42,0,1,43,5,49,120,48,168,217
05/24/2020,SDM,CA,AWP,WE,Federal Contract Tower,0,4,9,4,17,0,0,65,4,69,0,4,74,8,86,110,2,112,198
05/25/2020,SDM,CA,AWP,WE,Federal Contract Tower,0,0,6,0,6,0,0,52,2,54,0,0,58,2,60,182,0,182,242
05/26/2020,SDM,CA,AWP,WE,Federal Contract Tower,0,0,8,0,8,0,0,45,10,55,0,0,53,10,63,182,6,188,251
05/27/2020,SDM,CA,AWP,WE,Federal Contract Tower,0,3,10,0,13,0,1,82,2,85,0,4,92,2,98,300,0,300,398
05/28/2020,SDM,CA,AWP,WE,Federal Contract Tower,0,0,10,0,10,0,0,71,3,74,0,0,81,3,84,326,2,328,412
05/29/2020,SDM,CA,AWP,WE,Federal Contract Tower,0,3,7,8,18,0,0,24,7,31,0,3,31,15,49,262,0,262,311
05/30/2020,SDM,CA,AWP,WE,Federal Contract Tower,0,1,11,2,14,0,0,84,10,94,0,1,95,12,108,126,22,148,256
05/31/2020,SDM,CA,AWP,WE,Federal Contract Tower,0,5,11,4,20,0,2,82,14,98,0,7,93,18,118,112,0,112,230
06/01/2020,SDM,CA,AWP,WE,Federal Contract Tower,0,4,9,0,13,0,0,77,11,88,0,4,86,11,101,214,0,214,315
06/02/2020,SDM,CA,AWP,WE,Federal Contract Tower,0,6,15,4,25,0,0,71,2,73,0,6,86,6,98,354,0,354,452
06/03/2020,SDM,CA,AWP,WE,Federal Contract Tower,0,0,13,0,13,0,0,87,3,90,0,0,100,3,103,366,4,370,473
06/04/2020,SDM,CA,AWP,WE,Federal Contract Tower,0,1,15,4,20,0,0,25,2,27,0,1,40,6,47,122,2,124,171
06/05/2020,SDM,CA,AWP,WE,Federal Contract Tower,0,0,19,0,19,0,0,65,2,67,0,0,84,2,86,308,8,316,402
06/06/2020,SDM,CA,AWP,WE,Federal Contract Tower,0,1,7,0,8,0,0,54,2,56,0,1,61,2,64,96,0,96,160
06/07/2020,SDM,CA,AWP,WE,Federal Contract Tower,0,2,25,0,27,0,1,93,5,99,0,3,118,5,126,146,12,158,284
06/08/2020,SDM,CA,AWP,WE,Federal Contract Tower,0,2,12,0,14,0,0,69,2,71,0,2,81,2,85,160,0,160,245
06/09/2020,SDM,CA,AWP,WE,Federal Contract Tower,0,9,8,0,17,0,0,54,2,56,0,9,62,2,73,144,0,144,217
06/10/2020,SDM,CA,AWP,WE,Federal Contract Tower,0,2,10,0,12,0,0,81,2,83,0,2,91,2,95,122,0,122,217
06/11/2020,SDM,CA,AWP,WE,Federal Contract Tower,0,8,7,0,15,0,0,93,2,95,0,8,100,2,110,236,0,236,346
06/12/2020,SDM,CA,AWP,WE,Federal Contract Tower,0,5,10,1,16,0,0,83,0,83,0,5,93,1,99,182,0,182,281
06/13/2020,SDM,CA,AWP,WE,Federal Contract Tower,0,3,4,0,7,0,0,122,0,122,0,3,126,0,129,180,0,180,309
06/14/2020,SDM,CA,AWP,WE,Federal Contract Tower,0,1,13,0,14,0,0,115,4,119,0,1,128,4,133,216,0,216,349
06/15/2020,SDM,CA,AWP,WE,Federal Contract Tower,0,4,15,0,19,0,0,55,16,71,0,4,70,16,90,198,0,198,288
06/16/2020,SDM,CA,AWP,WE,Federal Contract Tower,0,2,18,0,20,0,0,71,41,112,0,2,89,41,132,188,0,188,320
06/17/2020,SDM,CA,AWP,WE,Federal Contract Tower,0,6,14,0,20,0,0,76,25,101,0,6,90,25,121,226,2,228,349
06/18/2020,SDM,CA,AWP,WE,Federal Contract Tower,0,5,12,0,17,0,0,81,29,110,0,5,93,29,127,186,0,186,313
06/19/2020,SDM,CA,AWP,WE,Federal Contract Tower,0,4,24,0,28,0,0,63,27,90,0,4,87,27,118,166,22,188,306
06/20/2020,SDM,CA,AWP,WE,Federal Contract Tower,0,0,18,0,18,0,0,47,6,53,0,0,65,6,71,58,54,112,183
06/21/2020,SDM,CA,AWP,WE,Federal Contract Tower,0,4,13,0,17,0,0,73,1,74,0,4,86,1,91,64,0,64,155
06/22/2020,SDM,CA,AWP,WE,Federal Contract Tower,0,4,18,2,24,0,0,78,7,85,0,4,96,9,109,298,0,298,407
06/23/2020,SDM,CA,AWP,WE,Federal Contract Tower,0,5,17,0,22,0,0,51,17,68,0,5,68,17,90,144,0,144,234
06/24/2020,SDM,CA,AWP,WE,Federal Contract Tower,0,3,28,0,31,0,0,47,0,47,0,3,75,0,78,138,0,138,216
06/25/2020,SDM,CA,AWP,WE,Federal Contract Tower,0,0,18,1,19,0,0,61,6,67,0,0,79,7,86,226,0,226,312
06/26/2020,SDM,CA,AWP,WE,Federal Contract Tower,0,2,22,0,24,0,0,84,4,88,0,2,106,4,112,184,28,212,324
06/27/2020,SDM,CA,AWP,WE,Federal Contract Tower,0,7,14,0,21,0,0,96,0,96,0,7,110,0,117,188,0,188,305
06/28/2020,SDM,CA,AWP,WE,Federal Contract Tower,0,4,23,0,27,0,0,46,7,53,0,4,69,7,80,160,12,172,252
06/29/2020,SDM,CA,AWP,WE,Federal Contract Tower,0,6,13,0,19,0,0,32,3,35,0,6,45,3,54,102,0,102,156
06/30/2020,SDM,CA,AWP,WE,Federal Contract Tower,0,11,16,0,27,0,0,61,3,64,0,11,77,3,91,230,0,230,321
07/01/2020,SDM,CA,AWP,WE,Federal Contract Tower,0,9,18,0,27,0,0,68,0,68,0,9,86,0,95,268,0,268,363
07/02/2020,SDM,CA,AWP,WE,Federal Contract Tower,0,3,9,0,12,0,0,68,2,70,0,3,77,2,82,367,0,367,449
07/03/2020,SDM,CA,AWP,WE,Federal Contract Tower,0,6,14,0,20,0,1,98,0,99,0,7,112,0,119,328,0,328,447
07/04/2020,SDM,CA,AWP,WE,Federal Contract Tower,0,1,4,0,5,0,0,67,0,67,0,1,71,0,72,204,0,204,276
07/05/2020,SDM,CA,AWP,WE,Federal Contract Tower,0,3,23,0,26,0,0,80,4,84,0,3,103,4,110,42,0,42,152
07/06/2020,SDM,CA,AWP,WE,Federal Contract Tower,0,5,18,0,23,0,0,89,2,91,0,5,107,2,114,50,0,50,164
07/07/2020,SDM,CA,AWP,WE,Federal Contract Tower,0,10,12,0,22,0,0,67,2,69,0,10,79,2,91,248,0,248,339
07/08/2020,SDM,CA,AWP,WE,Federal Contract Tower,0,5,16,0,21,0,0,57,5,62,0,5,73,5,83,142,6,148,231
07/09/2020,SDM,CA,AWP,WE,Federal Contract Tower,0,7,11,2,20,0,0,98,5,103,0,7,109,7,123,318,4,322,445
07/10/2020,SDM,CA,AWP,WE,Federal Contract Tower,0,3,15,0,18,0,0,117,0,117,0,3,132,0,135,338,0,338,473
07/11/2020,SDM,CA,AWP,WE,Federal Contract Tower,0,4,18,0,22,0,0,100,0,100,0,4,118,0,122,152,0,152,274
07/12/2020,SDM,CA,AWP,WE,Federal Contract Tower,0,3,16,0,19,0,0,109,0,109,0,3,125,0,128,100,0,100,228
07/13/2020,SDM,CA,AWP,WE,Federal Contract Tower,0,2,18,0,20,0,0,70,0,70,0,2,88,0,90,256,0,256,346
07/14/2020,SDM,CA,AWP,WE,Federal Contract Tower,0,3,17,1,21,0,0,3,13,16,0,3,20,14,37,304,0,304,341
07/15/2020,SDM,CA,AWP,WE,Federal Contract Tower,0,6,19,0,25,0,0,69,2,71,0,6,88,2,96,332,0,332,428
07/16/2020,SDM,CA,AWP,WE,Federal Contract Tower,0,2,10,2,14,0,0,82,6,88,0,2,92,8,102,356,0,356,458
07/17/2020,SDM,CA,AWP,WE,Federal Contract Tower,0,7,11,0,18,0,0,60,2,62,0,7,71,2,80,134,0,134,214
07/18/2020,SDM,CA,AWP,WE,Federal Contract Tower,0,1,16,0,17,0,0,88,0,88,0,1,104,0,105,174,0,174,279
07/19/2020,SDM,CA,AWP,WE,Federal Contract Tower,0,1,18,0,19,0,0,106,0,106,0,1,124,0,125,244,0,244,369
07/20/2020,SDM,CA,AWP,WE,Federal Contract Tower,0,13,20,4,37,0,0,99,0,99,0,13,119,4,136,232,0,232,368
07/21/2020,SDM,CA,AWP,WE,Federal Contract Tower,0,2,19,1,22,0,0,63,2,65,0,2,82,3,87,174,0,174,261
07/22/2020,SDM,CA,AWP,WE,Federal Contract Tower,0,4,14,0,18,0,0,52,5,57,0,4,66,5,75,224,0,224,299
07/23/2020,SDM,CA,AWP,WE,Federal Contract Tower,0,8,18,0,26,0,0,70,10,80,0,8,88,10,106,134,0,134,240
07/24/2020,SDM,CA,AWP,WE,Federal Contract Tower,0,5,18,1,24,0,0,97,3,100,0,5,115,4,124,360,30,390,514
07/25/2020,SDM,CA,AWP,WE,Federal Contract Tower,0,1,17,5,23,0,0,134,3,137,0,1,151,8,160,180,6,186,346
07/26/2020,SDM,CA,AWP,WE,Federal Contract Tower,0,12,25,1,38,0,0,125,0,125,0,12,150,1,163,188,0,188,351
07/27/2020,SDM,CA,AWP,WE,Federal Contract Tower,0,6,14,2,22,0,0,69,0,69,0,6,83,2,91,176,0,176,267
07/28/2020,SDM,CA,AWP,WE,Federal Contract Tower,0,1,31,1,33,0,0,90,4,94,0,1,121,5,127,250,0,250,377
07/29/2020,SDM,CA,AWP,WE,Federal Contract Tower,0,8,23,4,35,0,0,55,10,65,0,8,78,14,100,186,0,186,286
07/30/2020,SDM,CA,AWP,WE,Federal Contract Tower,0,5,20,1,26,0,2,56,5,63,0,7,76,6,89,200,22,222,311
07/31/2020,SDM,CA,AWP,WE,Federal Contract Tower,0,6,25,0,31,0,0,60,10,70,0,6,85,10,101,252,0,252,353
08/01/2020,SDM,CA,AWP,WE,Federal Contract Tower,0,6,24,0,30,0,0,104,0,104,0,6,128,0,134,152,0,152,286
08/02/2020,SDM,CA,AWP,WE,Federal Contract Tower,0,13,19,0,32,0,0,87,0,87,0,13,106,0,119,90,0,90,209
08/03/2020,SDM,CA,AWP,WE,Federal Contract Tower,0,5,22,0,27,0,0,47,2,49,0,5,69,2,76,224,0,224,300
08/04/2020,SDM,CA,AWP,WE,Federal Contract Tower,0,3,21,0,24,0,0,68,11,79,0,3,89,11,103,194,22,216,319
08/05/2020,SDM,CA,AWP,WE,Federal Contract Tower,0,13,14,1,28,0,0,74,6,80,0,13,88,7,108,250,0,250,358
08/06/2020,SDM,CA,AWP,WE,Federal Contract Tower,0,4,28,0,32,0,0,79,8,87,0,4,107,8,119,280,0,280,399
08/07/2020,SDM,CA,AWP,WE,Federal Contract Tower,0,3,9,2,14,0,0,67,4,71,0,3,76,6,85,316,0,316,401
08/08/2020,SDM,CA,AWP,WE,Federal Contract Tower,0,7,11,0,18,0,0,123,0,123,0,7,134,0,141,210,0,210,351
08/09/2020,SDM,CA,AWP,WE,Federal Contract Tower,0,8,26,0,34,0,0,117,0,117,0,8,143,0,151,82,0,82,233
08/10/2020,SDM,CA,AWP,WE,Federal Contract Tower,0,8,20,0,28,0,0,97,2,99,0,8,117,2,127,280,0,280,407
08/11/2020,SDM,CA,AWP,WE,Federal Contract Tower,0,4,16,0,20,0,0,70,4,74,0,4,86,4,94,204,4,208,302
08/12/2020,SDM,CA,AWP,WE,Federal Contract Tower,1,1,13,0,15,0,0,103,5,108,1,1,116,5,123,300,26,326,449
08/13/2020,SDM,CA,AWP,WE,Federal Contract Tower,1,1,16,0,18,0,0,99,12,111,1,1,115,12,129,232,40,272,401
08/14/2020,SDM,CA,AWP,WE,Federal Contract Tower,0,7,16,0,23,0,0,105,5,110,0,7,121,5,133,212,28,240,373
08/15/2020,SDM,CA,AWP,WE,Federal Contract Tower,0,4,10,0,14,0,0,123,0,123,0,4,133,0,137,190,0,190,327
08/16/2020,SDM,CA,AWP,WE,Federal Contract Tower,0,6,33,0,39,0,0,120,2,122,0,6,153,2,161,70,0,70,231
08/17/2020,SDM,CA,AWP,WE,Federal Contract Tower,0,5,23,0,28,0,0,80,2,82,0,5,103,2,110,178,0,178,288
08/18/2020,SDM,CA,AWP,WE,Federal Contract Tower,0,9,16,0,25,0,1,89,9,99,0,10,105,9,124,236,38,274,398
08/19/2020,SDM,CA,AWP,WE,Federal Contract Tower,0,9,14,0,23,0,1,90,4,95,0,10,104,4,118,320,2,322,440
08/20/2020,SDM,CA,AWP,WE,Federal Contract Tower,1,8,15,2,26,0,0,88,9,97,1,8,103,11,123,432,16,448,571
08/22/2020,SDM,CA,AWP,WE,Federal Contract Tower,2,5,7,3,17,0,0,103,3,106,2,5,110,6,123,132,0,132,255
08/23/2020,SDM,CA,AWP,WE,Federal Contract Tower,1,16,24,0,41,0,0,122,2,124,1,16,146,2,165,130,0,130,295
08/24/2020,SDM,CA,AWP,WE,Federal Contract Tower,3,3,22,2,30,0,0,75,0,75,3,3,97,2,105,232,0,232,337
08/25/2020,SDM,CA,AWP,WE,Federal Contract Tower,0,5,31,2,38,0,0,84,5,89,0,5,115,7,127,288,2,290,417
08/26/2020,SDM,CA,AWP,WE,Federal Contract Tower,0,7,21,0,28,0,0,82,13,95,0,7,103,13,123,254,36,290,413
08/27/2020,SDM,CA,AWP,WE,Federal Contract Tower,1,6,11,1,19,0,0,95,5,100,1,6,106,6,119,358,20,378,497
08/28/2020,SDM,CA,AWP,WE,Federal Contract Tower,0,7,12,0,19,0,0,100,4,104,0,7,112,4,123,312,14,326,449
08/29/2020,SDM,CA,AWP,WE,Federal Contract Tower,1,0,15,0,16,0,0,134,0,134,1,0,149,0,150,158,0,158,308
08/30/2020,SDM,CA,AWP,WE,Federal Contract Tower,0,6,23,0,29,0,0,123,2,125,0,6,146,2,154,200,0,200,354
08/31/2020,SDM,CA,AWP,WE,Federal Contract Tower,0,6,10,0,16,0,0,71,2,73,0,6,81,2,89,172,0,172,261
09/01/2020,SDM,CA,AWP,WE,Federal Contract Tower,0,4,11,2,17,0,0,62,2,64,0,4,73,4,81,224,0,224,305
09/02/2020,SDM,CA,AWP,WE,Federal Contract Tower,0,3,17,0,20,0,0,80,0,80,0,3,97,0,100,206,0,206,306
09/03/2020,SDM,CA,AWP,WE,Federal Contract Tower,0,6,10,1,17,0,0,70,3,73,0,6,80,4,90,180,0,180,270
09/04/2020,SDM,CA,AWP,WE,Federal Contract Tower,0,5,16,0,21,0,0,83,4,87,0,5,99,4,108,208,14,222,330
09/05/2020,SDM,CA,AWP,WE,Federal Contract Tower,0,9,11,1,21,0,0,138,5,143,0,9,149,6,164,176,28,204,368
09/06/2020,SDM,CA,AWP,WE,Federal Contract Tower,0,3,9,0,12,0,0,96,0,96,0,3,105,0,108,86,16,102,210
09/07/2020,SDM,CA,AWP,WE,Federal Contract Tower,0,8,28,0,36,0,0,63,8,71,0,8,91,8,107,168,0,168,275
09/08/2020,SDM,CA,AWP,WE,Federal Contract Tower,0,3,27,0,30,0,0,44,2,46,0,3,71,2,76,190,0,190,266
09/09/2020,SDM,CA,AWP,WE,Federal Contract Tower,0,9,12,0,21,0,0,61,0,61,0,9,73,0,82,0,0,0,82
09/10/2020,SDM,CA,AWP,WE,Federal Contract Tower,0,5,16,2,23,0,0,75,16,91,0,5,91,18,114,222,16,238,352
09/11/2020,SDM,CA,AWP,WE,Federal Contract Tower,0,13,6,0,19,0,1,86,7,94,0,14,92,7,113,378,12,390,503
09/12/2020,SDM,CA,AWP,WE,Federal Contract Tower,0,4,9,1,14,0,0,93,4,97,0,4,102,5,111,170,0,170,281
09/13/2020,SDM,CA,AWP,WE,Federal Contract Tower,0,4,13,0,17,0,1,85,2,88,0,5,98,2,105,95,0,95,200
09/14/2020,SDM,CA,AWP,WE,Federal Contract Tower,0,9,25,0,34,0,1,60,14,75,0,10,85,14,109,158,20,178,287
09/15/2020,SDM,CA,AWP,WE,Federal Contract Tower,0,1,10,3,14,0,0,46,28,74,0,1,56,31,88,134,20,154,242
09/16/2020,SDM,CA,AWP,WE,Federal Contract Tower,0,8,16,0,24,0,1,66,30,97,0,9,82,30,121,144,14,158,279
09/17/2020,SDM,CA,AWP,WE,Federal Contract Tower,0,4,17,0,21,0,0,70,30,100,0,4,87,30,121,306,10,316,437
09/18/2020,SDM,CA,AWP,WE,Federal Contract Tower,0,3,23,0,26,0,0,126,12,138,0,3,149,12,164,200,0,200,364
09/19/2020,SDM,CA,AWP,WE,Federal Contract Tower,0,1,14,0,15,0,0,106,2,108,0,1,120,2,123,106,0,106,229
09/20/2020,SDM,CA,AWP,WE,Federal Contract Tower,0,5,14,0,19,0,0,108,12,120,0,5,122,12,139,124,0,124,263
09/21/2020,SDM,CA,AWP,WE,Federal Contract Tower,0,3,13,2,18,0,0,82,31,113,0,3,95,33,131,174,0,174,305
09/22/2020,SDM,CA,AWP,WE,Federal Contract Tower,0,1,14,0,15,0,0,79,14,93,0,1,93,14,108,248,6,254,362
09/23/2020,SDM,CA,AWP,WE,Federal Contract Tower,0,2,18,0,20,0,0,92,8,100,0,2,110,8,120,266,40,306,426
09/24/2020,SDM,CA,AWP,WE,Federal Contract Tower,0,1,12,0,13,0,0,90,6,96,0,1,102,6,109,244,0,244,353
09/25/2020,SDM,CA,AWP,WE,Federal Contract Tower,0,4,8,0,12,0,0,81,1,82,0,4,89,1,94,114,12,126,220
09/26/2020,SDM,CA,AWP,WE,Federal Contract Tower,0,1,22,0,23,0,0,143,0,143,0,1,165,0,166,212,0,212,378
09/27/2020,SDM,CA,AWP,WE,Federal Contract Tower,0,3,24,3,30,0,0,107,2,109,0,3,131,5,139,100,0,100,239
09/28/2020,SDM,CA,AWP,WE,Federal Contract Tower,0,9,19,0,28,0,0,71,2,73,0,9,90,2,101,198,0,198,299
09/29/2020,SDM,CA,AWP,WE,Federal Contract Tower,0,3,17,0,20,0,1,83,4,88,0,4,100,4,108,114,4,118,226
09/30/2020,SDM,CA,AWP,WE,Federal Contract Tower,0,4,16,0,20,0,0,73,4,77,0,4,89,4,97,186,32,218,315
10/01/2020,SDM,CA,AWP,WE,Federal Contract Tower,0,1,22,2,25,0,0,90,0,90,0,1,112,2,115,224,0,224,339
10/02/2020,SDM,CA,AWP,WE,Federal Contract Tower,0,1,18,0,19,0,0,105,3,108,0,1,123,3,127,184,0,184,311
10/03/2020,SDM,CA,AWP,WE,Federal Contract Tower,0,1,10,0,11,0,0,159,7,166,0,1,169,7,177,220,34,254,431
10/04/2020,SDM,CA,AWP,WE,Federal Contract Tower,0,9,15,0,24,0,0,102,0,102,0,9,117,0,126,120,0,120,246
10/05/2020,SDM,CA,AWP,WE,Federal Contract Tower,0,0,26,0,26,0,0,99,8,107,0,0,125,8,133,200,0,200,333
10/06/2020,SDM,CA,AWP,WE,Federal Contract Tower,0,6,17,0,23,0,0,90,32,122,0,6,107,32,145,254,28,282,427
10/07/2020,SDM,CA,AWP,WE,Federal Contract Tower,0,5,21,0,26,0,0,71,31,102,0,5,92,31,128,204,28,232,360
10/08/2020,SDM,CA,AWP,WE,Federal Contract Tower,0,1,20,0,21,0,0,64,30,94,0,1,84,30,115,158,38,196,311
10/09/2020,SDM,CA,AWP,WE,Federal Contract Tower,0,4,17,0,21,0,0,94,24,118,0,4,111,24,139,158,10,168,307
10/10/2020,SDM,CA,AWP,WE,Federal Contract Tower,0,4,7,0,11,0,0,135,1,136,0,4,142,1,147,188,0,188,335
10/11/2020,SDM,CA,AWP,WE,Federal Contract Tower,0,5,24,1,30,0,1,117,1,119,0,6,141,2,149,104,0,104,253
10/12/2020,SDM,CA,AWP,WE,Federal Contract Tower,0,2,35,1,38,0,0,77,5,82,0,2,112,6,120,230,0,230,350
10/13/2020,SDM,CA,AWP,WE,Federal Contract Tower,0,2,12,2,16,0,0,92,24,116,0,2,104,26,132,154,0,154,286
10/14/2020,SDM,CA,AWP,WE,Federal Contract Tower,0,6,22,0,28,0,0,96,14,110,0,6,118,14,138,242,10,252,390
10/15/2020,SDM,CA,AWP,WE,Federal Contract Tower,0,13,18,2,33,0,0,111,19,130,0,13,129,21,163,208,72,280,443
10/16/2020,SDM,CA,AWP,WE,Federal Contract Tower,0,8,21,1,30,0,0,102,15,117,0,8,123,16,147,240,8,248,395
10/17/2020,SDM,CA,AWP,WE,Federal Contract Tower,0,7,20,0,27,0,2,133,0,135,0,9,153,0,162,130,0,130,292
10/18/2020,SDM,CA,AWP,WE,Federal Contract Tower,0,4,32,1,37,0,1,107,0,108,0,5,139,1,145,84,0,84,229
10/19/2020,SDM,CA,AWP,WE,Federal Contract Tower,0,10,22,0,32,0,1,75,7,83,0,11,97,7,115,130,0,130,245
10/20/2020,SDM,CA,AWP,WE,Federal Contract Tower,0,3,18,0,21,0,1,82,13,96,0,4,100,13,117,142,0,142,259
10/21/2020,SDM,CA,AWP,WE,Federal Contract Tower,0,11,20,0,31,0,2,77,6,85,0,13,97,6,116,182,0,182,298
10/22/2020,SDM,CA,AWP,WE,Federal Contract Tower,0,6,19,0,25,0,0,95,7,102,0,6,114,7,127,214,0,214,341
10/23/2020,SDM,CA,AWP,WE,Federal Contract Tower,0,5,19,4,28,0,1,88,4,93,0,6,107,8,121,198,0,198,319
10/24/2020,SDM,CA,AWP,WE,Federal Contract Tower,0,7,16,0,23,0,0,52,4,56,0,7,68,4,79,82,20,102,181
10/25/2020,SDM,CA,AWP,WE,Federal Contract Tower,0,3,43,0,46,0,0,44,0,44,0,3,87,0,90,32,0,32,122
10/26/2020,SDM,CA,AWP,WE,Federal Contract Tower,0,9,17,0,26,0,0,59,0,59,0,9,76,0,85,122,0,122,207
10/27/2020,SDM,CA,AWP,WE,Federal Contract Tower,2,2,24,0,28,0,0,98,0,98,2,2,122,0,126,212,0,212,338
10/28/2020,SDM,CA,AWP,WE,Federal Contract Tower,0,8,16,3,27,0,0,93,10,103,0,8,109,13,130,238,10,248,378
10/29/2020,SDM,CA,AWP,WE,Federal Contract Tower,0,11,15,1,27,0,0,102,9,111,0,11,117,10,138,232,24,256,394
10/30/2020,SDM,CA,AWP,WE,Federal Contract Tower,0,9,24,0,33,0,0,108,1,109,0,9,132,1,142,186,0,186,328
11/01/2020,SDM,CA,AWP,WE,Federal Contract Tower,0,8,19,0,27,0,0,96,0,96,0,8,115,0,123,108,0,108,231
11/02/2020,SDM,CA,AWP,WE,Federal Contract Tower,0,5,40,0,45,0,0,78,5,83,0,5,118,5,128,178,20,198,326
11/03/2020,SDM,CA,AWP,WE,Federal Contract Tower,0,8,25,0,33,0,0,78,4,82,0,8,103,4,115,246,0,246,361
11/04/2020,SDM,CA,AWP,WE,Federal Contract Tower,0,9,25,1,35,0,0,91,8,99,0,9,116,9,134,194,0,194,328
11/05/2020,SDM,CA,AWP,WE,Federal Contract Tower,0,0,22,2,24,0,0,97,5,102,0,0,119,7,126,282,2,284,410
11/06/2020,SDM,CA,AWP,WE,Federal Contract Tower,0,2,32,0,34,0,0,64,1,65,0,2,96,1,99,122,4,126,225
11/07/2020,SDM,CA,AWP,WE,Federal Contract Tower,0,6,19,0,25,0,0,7,0,7,0,6,26,0,32,6,0,6,38
11/08/2020,SDM,CA,AWP,WE,Federal Contract Tower,0,7,29,0,36,0,0,8,1,9,0,7,37,1,45,0,0,0,45
11/09/2020,SDM,CA,AWP,WE,Federal Contract Tower,0,4,27,1,32,0,0,107,12,119,0,4,134,13,151,186,2,188,339
11/10/2020,SDM,CA,AWP,WE,Federal Contract Tower,0,10,22,1,33,0,0,102,19,121,0,10,124,20,154,212,4,216,370
11/11/2020,SDM,CA,AWP,WE,Federal Contract Tower,0,3,18,2,23,0,0,106,3,109,0,3,124,5,132,200,0,200,332
11/12/2020,SDM,CA,AWP,WE,Federal Contract Tower,0,4,20,1,25,0,0,112,27,139,0,4,132,28,164,188,22,210,374
11/13/2020,SDM,CA,AWP,WE,Federal Contract Tower,0,10,20,0,30,0,0,115,23,138,0,10,135,23,168,308,0,308,476
11/14/2020,SDM,CA,AWP,WE,Federal Contract Tower,0,1,21,0,22,0,0,143,0,143,0,1,164,0,165,82,4,86,251
11/15/2020,SDM,CA,AWP,WE,Federal Contract Tower,0,10,35,2,47,0,0,100,0,100,0,10,135,2,147,54,0,54,201
11/16/2020,SDM,CA,AWP,WE,Federal Contract Tower,0,6,18,0,24,0,0,91,14,105,0,6,109,14,129,164,6,170,299
11/17/2020,SDM,CA,AWP,WE,Federal Contract Tower,0,8,21,0,29,0,0,99,13,112,0,8,120,13,141,210,4,214,355
11/18/2020,SDM,CA,AWP,WE,Federal Contract Tower,0,10,12,0,22,0,0,112,2,114,0,10,124,2,136,278,12,290,426
11/19/2020,SDM,CA,AWP,WE,Federal Contract Tower,0,6,18,0,24,0,0,91,4,95,0,6,109,4,119,274,2,276,395
11/20/2020,SDM,CA,AWP,WE,Federal Contract Tower,0,7,33,0,40,0,0,106,0,106,0,7,139,0,146,220,0,220,366
11/21/2020,SDM,CA,AWP,WE,Federal Contract Tower,0,22,27,2,51,0,0,131,3,134,0,22,158,5,185,90,12,102,287
11/22/2020,SDM,CA,AWP,WE,Federal Contract Tower,0,18,53,0,71,0,0,107,5,112,0,18,160,5,183,126,0,126,309
11/23/2020,SDM,CA,AWP,WE,Federal Contract Tower,0,7,32,2,41,0,0,47,0,47,0,7,79,2,88,142,0,142,230
11/24/2020,SDM,CA,AWP,WE,Federal Contract Tower,0,13,31,0,44,0,0,68,5,73,0,13,99,5,117,274,4,278,395
11/25/2020,SDM,CA,AWP,WE,Federal Contract Tower,0,14,23,0,37,0,1,103,2,106,0,15,126,2,143,308,0,308,451
11/26/2020,SDM,CA,AWP,WE,Federal Contract Tower,0,0,4,0,4,0,0,38,0,38,0,0,42,0,42,70,0,70,112
11/27/2020,SDM,CA,AWP,WE,Federal Contract Tower,0,4,14,0,18,0,0,77,0,77,0,4,91,0,95,96,0,96,191
11/28/2020,SDM,CA,AWP,WE,Federal Contract Tower,0,13,44,0,57,0,0,81,0,81,0,13,125,0,138,56,0,56,194
11/29/2020,SDM,CA,AWP,WE,Federal Contract Tower,0,12,48,0,60,0,0,89,0,89,0,12,137,0,149,148,0,148,297
11/30/2020,SDM,CA,AWP,WE,Federal Contract Tower,0,23,32,0,55,0,1,79,0,80,0,24,111,0,135,166,0,166,301
12/01/2020,SDM,CA,AWP,WE,Federal Contract Tower,0,2,24,0,26,0,0,97,0,97,0,2,121,0,123,220,0,220,343
12/02/2020,SDM,CA,AWP,WE,Federal Contract Tower,0,10,25,0,35,0,0,78,2,80,0,10,103,2,115,242,0,242,357
12/03/2020,SDM,CA,AWP,WE,Federal Contract Tower,0,3,13,0,16,0,0,46,4,50,0,3,59,4,66,196,0,196,262
12/04/2020,SDM,CA,AWP,WE,Federal Contract Tower,0,2,24,8,34,0,0,89,8,97,0,2,113,16,131,248,6,254,385
12/05/2020,SDM,CA,AWP,WE,Federal Contract Tower,0,1,21,0,22,0,0,90,15,105,0,1,111,15,127,190,4,194,321
12/06/2020,SDM,CA,AWP,WE,Federal Contract Tower,0,5,34,0,39,0,1,101,17,119,0,6,135,17,158,106,0,106,264
12/07/2020,SDM,CA,AWP,WE,Federal Contract Tower,0,0,22,0,22,0,0,56,2,58,0,0,78,2,80,112,4,116,196
12/08/2020,SDM,CA,AWP,WE,Federal Contract Tower,0,7,19,0,26,0,1,52,2,55,0,8,71,2,81,108,8,116,197
12/09/2020,SDM,CA,AWP,WE,Federal Contract Tower,0,2,18,0,20,0,0,92,0,92,0,2,110,0,112,274,0,274,386
12/10/2020,SDM,CA,AWP,WE,Federal Contract Tower,0,4,26,1,31,0,0,50,8,58,0,4,76,9,89,182,36,218,307
12/11/2020,SDM,CA,AWP,WE,Federal Contract Tower,0,7,22,6,35,0,0,88,4,92,0,7,110,10,127,214,0,214,341
12/12/2020,SDM,CA,AWP,WE,Federal Contract Tower,0,4,17,7,28,0,0,30,6,36,0,4,47,13,64,182,32,214,278
12/13/2020,SDM,CA,AWP,WE,Federal Contract Tower,0,2,24,1,27,0,0,117,6,123,0,2,141,7,150,206,0,206,356
12/14/2020,SDM,CA,AWP,WE,Federal Contract Tower,0,8,18,2,28,0,1,42,0,43,0,9,60,2,71,78,0,78,149
12/15/2020,SDM,CA,AWP,WE,Federal Contract Tower,3,4,22,1,30,0,0,65,1,66,3,4,87,2,96,164,0,164,260
12/16/2020,SDM,CA,AWP,WE,Federal Contract Tower,1,11,24,0,36,0,0,87,2,89,1,11,111,2,125,198,0,198,323
12/17/2020,SDM,CA,AWP,WE,Federal Contract Tower,0,3,28,0,31,0,0,56,0,56,0,3,84,0,87,256,0,256,343
12/18/2020,SDM,CA,AWP,WE,Federal Contract Tower,0,4,34,1,39,0,0,85,0,85,0,4,119,1,124,276,0,276,400
12/19/2020,SDM,CA,AWP,WE,Federal Contract Tower,0,19,33,10,62,0,0,87,2,89,0,19,120,12,151,235,0,235,386
12/20/2020,SDM,CA,AWP,WE,Federal Contract Tower,0,12,31,5,48,0,1,64,4,69,0,13,95,9,117,166,0,166,283
12/21/2020,SDM,CA,AWP,WE,Federal Contract Tower,0,4,14,1,19,0,0,69,0,69,0,4,83,1,88,208,0,208,296
12/22/2020,SDM,CA,AWP,WE,Federal Contract Tower,0,6,27,1,34,0,1,73,2,76,0,7,100,3,110,162,0,162,272
12/23/2020,SDM,CA,AWP,WE,Federal Contract Tower,0,8,27,0,35,0,0,69,2,71,0,8,96,2,106,134,0,134,240
12/24/2020,SDM,CA,AWP,WE,Federal Contract Tower,0,7,18,0,25,0,0,26,0,26,0,7,44,0,51,26,0,26,77
12/25/2020,SDM,CA,AWP,WE,Federal Contract Tower,0,2,10,0,12,0,0,32,0,32,0,2,42,0,44,64,0,64,108
12/26/2020,SDM,CA,AWP,WE,Federal Contract Tower,0,10,59,0,69,0,0,74,0,74,0,10,133,0,143,126,0,126,269
12/27/2020,SDM,CA,AWP,WE,Federal Contract Tower,0,18,37,0,55,0,2,43,0,45,0,20,80,0,100,134,0,134,234
12/28/2020,SDM,CA,AWP,WE,Federal Contract Tower,0,12,20,0,32,0,0,12,2,14,0,12,32,2,46,56,36,92,138
12/29/2020,SDM,CA,AWP,WE,Federal Contract Tower,0,4,19,3,26,0,0,58,13,71,0,4,77,16,97,214,40,254,351
12/30/2020,SDM,CA,AWP,WE,Federal Contract Tower,0,5,21,3,29,0,0,109,4,113,0,5,130,7,142,248,0,248,390
12/31/2020,SDM,CA,AWP,WE,Federal Contract Tower,0,1,15,0,16,0,0,68,0,68,0,1,83,0,84,194,0,194,278
01/01/2021,SDM,CA,AWP,WE,Federal Contract Tower,0,9,16,0,25,0,0,51,0,51,0,9,67,0,76,202,0,202,278
01/02/2021,SDM,CA,AWP,WE,Federal Contract Tower,0,20,67,0,87,0,1,90,0,91,0,21,157,0,178,206,0,206,384
01/03/2021,SDM,CA,AWP,WE,Federal Contract Tower,0,24,63,0,87,0,0,82,0,82,0,24,145,0,169,136,0,136,305
01/04/2021,SDM,CA,AWP,WE,Federal Contract Tower,0,8,21,3,32,0,0,64,7,71,0,8,85,10,103,112,44,156,259
01/05/2021,SDM,CA,AWP,WE,Federal Contract Tower,0,13,25,1,39,0,0,51,4,55,0,13,76,5,94,152,6,158,252
01/06/2021,SDM,CA,AWP,WE,Federal Contract Tower,0,5,18,1,24,0,0,70,5,75,0,5,88,6,99,212,4,216,315
01/07/2021,SDM,CA,AWP,WE,Federal Contract Tower,0,0,18,0,18,0,0,95,7,102,0,0,113,7,120,220,0,220,340
01/08/2021,SDM,CA,AWP,WE,Federal Contract Tower,0,8,18,2,28,0,0,73,10,83,0,8,91,12,111,170,0,170,281
01/09/2021,SDM,CA,AWP,WE,Federal Contract Tower,0,4,21,1,26,0,0,91,18,109,0,4,112,19,135,146,0,146,281
01/10/2021,SDM,CA,AWP,WE,Federal Contract Tower,0,7,20,0,27,0,0,89,18,107,0,7,109,18,134,182,0,182,316
01/11/2021,SDM,CA,AWP,WE,Federal Contract Tower,0,5,17,1,23,0,1,96,3,100,0,6,113,4,123,238,0,238,361
01/12/2021,SDM,CA,AWP,WE,Federal Contract Tower,2,3,17,3,25,0,0,91,16,107,2,3,108,19,132,170,0,170,302
01/13/2021,SDM,CA,AWP,WE,Federal Contract Tower,0,2,25,1,28,0,1,96,27,124,0,3,121,28,152,64,2,66,218
01/14/2021,SDM,CA,AWP,WE,Federal Contract Tower,0,5,16,0,21,0,0,116,9,125,0,5,132,9,146,200,0,200,346
01/15/2021,SDM,CA,AWP,WE,Federal Contract Tower,0,3,15,0,18,0,0,85,2,87,0,3,100,2,105,190,10,200,305
01/16/2021,SDM,CA,AWP,WE,Federal Contract Tower,0,1,32,0,33,0,0,93,3,96,0,1,125,3,129,130,0,130,259
01/17/2021,SDM,CA,AWP,WE,Federal Contract Tower,0,10,15,0,25,0,1,93,6,100,0,11,108,6,125,178,0,178,303
01/18/2021,SDM,CA,AWP,WE,Federal Contract Tower,0,4,19,2,25,0,0,80,0,80,0,4,99,2,105,284,8,292,397
01/19/2021,SDM,CA,AWP,WE,Federal Contract Tower,0,4,13,0,17,0,0,11,8,19,0,4,24,8,36,34,24,58,94
01/20/2021,SDM,CA,AWP,WE,Federal Contract Tower,0,2,20,1,23,0,1,36,7,44,0,3,56,8,67,84,0,84,151
01/21/2021,SDM,CA,AWP,WE,Federal Contract Tower,0,5,25,0,30,0,1,104,4,109,0,6,129,4,139,308,0,308,447
01/22/2021,SDM,CA,AWP,WE,Federal Contract Tower,0,12,16,7,35,0,2,52,6,60,0,14,68,13,95,260,0,260,355
01/23/2021,SDM,CA,AWP,WE,Federal Contract Tower,0,10,18,7,35,0,0,8,3,11,0,10,26,10,46,66,0,66,112
01/24/2021,SDM,CA,AWP,WE,Federal Contract Tower,0,7,30,11,48,0,1,61,20,82,0,8,91,31,130,144,0,144,274
01/26/2021,SDM,CA,AWP,WE,Federal Contract Tower,0,7,10,2,19,0,0,80,16,96,0,7,90,18,115,152,16,168,283
01/27/2021,SDM,CA,AWP,WE,Federal Contract Tower,0,7,16,1,24,0,0,84,12,96,0,7,100,13,120,270,6,276,396
01/28/2021,SDM,CA,AWP,WE,Federal Contract Tower,0,7,23,2,32,0,0,72,23,95,0,7,95,25,127,118,22,140,267
01/29/2021,SDM,CA,AWP,WE,Federal Contract Tower,0,6,5,0,11,0,1,15,2,18,0,7,20,2,29,40,6,46,75
01/30/2021,SDM,CA,AWP,WE,Federal Contract Tower,0,6,26,6,38,0,0,119,5,124,0,6,145,11,162,260,0,260,422
01/31/2021,SDM,CA,AWP,WE,Federal Contract Tower,0,9,13,0,22,0,0,125,0,125,0,9,138,0,147,144,0,144,291
02/01/2021,SDM,CA,AWP,WE,Federal Contract Tower,0,5,25,1,31,0,0,72,16,88,0,5,97,17,119,248,0,248,367
02/02/2021,SDM,CA,AWP,WE,Federal Contract Tower,0,3,17,0,20,0,0,74,32,106,0,3,91,32,126,250,10,260,386
02/03/2021,SDM,CA,AWP,WE,Federal Contract Tower,0,5,21,0,26,0,0,61,18,79,0,5,82,18,105,144,6,150,255
02/04/2021,SDM,CA,AWP,WE,Federal Contract Tower,0,10,18,0,28,0,0,90,9,99,0,10,108,9,127,134,0,134,261
02/05/2021,SDM,CA,AWP,WE,Federal Contract Tower,0,8,23,0,31,0,0,105,7,112,0,8,128,7,143,286,0,286,429
02/06/2021,SDM,CA,AWP,WE,Federal Contract Tower,0,5,23,1,29,0,0,121,4,125,0,5,144,5,154,200,0,200,354
02/07/2021,SDM,CA,AWP,WE,Federal Contract Tower,0,4,10,0,14,0,0,74,6,80,0,4,84,6,94,86,0,86,180
02/08/2021,SDM,CA,AWP,WE,Federal Contract Tower,0,12,27,0,39,0,2,76,0,78,0,14,103,0,117,170,0,170,287
02/09/2021,SDM,CA,AWP,WE,Federal Contract Tower,0,5,20,0,25,0,0,38,0,38,0,5,58,0,63,266,0,266,329
02/10/2021,SDM,CA,AWP,WE,Federal Contract Tower,0,10,23,0,33,0,0,82,8,90,0,10,105,8,123,318,8,326,449
02/11/2021,SDM,CA,AWP,WE,Federal Contract Tower,0,11,26,0,37,0,1,96,0,97,0,12,122,0,134,238,0,238,372
02/12/2021,SDM,CA,AWP,WE,Federal Contract Tower,0,4,19,0,23,0,1,28,0,29,0,5,47,0,52,122,0,122,174
02/13/2021,SDM,CA,AWP,WE,Federal Contract Tower,0,12,24,1,37,0,0,57,0,57,0,12,81,1,94,216,0,216,310
02/14/2021,SDM,CA,AWP,WE,Federal Contract Tower,0,9,24,0,33,0,0,138,0,138,0,9,162,0,171,212,0,212,383
02/15/2021,SDM,CA,AWP,WE,Federal Contract Tower,0,10,22,0,32,0,1,87,0,88,0,11,109,0,120,0,190,190,310
02/16/2021,SDM,CA,AWP,WE,Federal Contract Tower,0,7,13,0,20,0,0,47,4,51,0,7,60,4,71,158,20,178,249
02/17/2021,SDM,CA,AWP,WE,Federal Contract Tower,0,5,29,2,36,0,0,108,6,114,0,5,137,8,150,266,24,290,440
02/18/2021,SDM,CA,AWP,WE,Federal Contract Tower,0,10,15,0,25,0,0,96,11,107,0,10,111,11,132,320,18,338,470
02/19/2021,SDM,CA,AWP,WE,Federal Contract Tower,0,9,16,0,25,0,0,95,2,97,0,9,111,2,122,202,0,202,324
02/20/2021,SDM,CA,AWP,WE,Federal Contract Tower,0,7,29,0,36,0,0,116,2,118,0,7,145,2,154,216,0,216,370
02/21/2021,SDM,CA,AWP,WE,Federal Contract Tower,0,8,23,0,31,0,0,96,0,96,0,8,119,0,127,98,0,98,225
02/22/2021,SDM,CA,AWP,WE,Federal Contract Tower,0,12,33,0,45,0,0,81,0,81,0,12,114,0,126,152,0,152,278
02/23/2021,SDM,CA,AWP,WE,Federal Contract Tower,0,10,15,0,25,0,1,83,7,91,0,11,98,7,116,318,14,332,448
02/24/2021,SDM,CA,AWP,WE,Federal Contract Tower,0,8,25,1,34,0,0,96,10,106,0,8,121,11,140,236,28,264,404
02/25/2021,SDM,CA,AWP,WE,Federal Contract Tower,1,8,23,0,32,0,0,102,4,106,1,8,125,4,138,264,0,264,402
02/26/2021,SDM,CA,AWP,WE,Federal Contract Tower,0,12,24,0,36,0,0,108,14,122,0,12,132,14,158,172,20,192,350
02/27/2021,SDM,CA,AWP,WE,Federal Contract Tower,0,6,16,3,25,0,0,106,24,130,0,6,122,27,155,260,0,260,415
02/28/2021,SDM,CA,AWP,WE,Federal Contract Tower,0,22,13,0,35,0,1,99,16,116,0,23,112,16,151,66,0,66,217
03/01/2021,SDM,CA,AWP,WE,Federal Contract Tower,0,8,27,3,38,0,0,79,6,85,0,8,106,9,123,85,0,85,208
03/02/2021,SDM,CA,AWP,WE,Federal Contract Tower,0,7,18,0,25,0,0,103,3,106,0,7,121,3,131,144,0,144,275
03/03/2021,SDM,CA,AWP,WE,Federal Contract Tower,0,1,13,0,14,0,0,19,0,19,0,1,32,0,33,56,0,56,89
03/04/2021,SDM,CA,AWP,WE,Federal Contract Tower,0,8,20,0,28,0,1,107,5,113,0,9,127,5,141,210,0,210,351
03/05/2021,SDM,CA,AWP,WE,Federal Contract Tower,0,6,22,0,28,0,0,114,10,124,0,6,136,10,152,254,18,272,424
03/06/2021,SDM,CA,AWP,WE,Federal Contract Tower,0,12,16,0,28,0,1,114,0,115,0,13,130,0,143,214,0,214,357
03/07/2021,SDM,CA,AWP,WE,Federal Contract Tower,0,12,26,1,39,0,0,78,0,78,0,12,104,1,117,108,0,108,225
03/08/2021,SDM,CA,AWP,WE,Federal Contract Tower,0,5,25,0,30,0,0,82,2,84,0,5,107,2,114,182,0,182,296
03/09/2021,SDM,CA,AWP,WE,Federal Contract Tower,0,10,18,0,28,0,1,81,8,90,0,11,99,8,118,180,6,186,304
03/10/2021,SDM,CA,AWP,WE,Federal Contract Tower,0,7,20,0,27,0,0,29,0,29,0,7,49,0,56,92,0,92,148
03/11/2021,SDM,CA,AWP,WE,Federal Contract Tower,0,9,16,0,25,0,0,49,8,57,0,9,65,8,82,121,14,135,217
03/12/2021,SDM,CA,AWP,WE,Federal Contract Tower,0,5,13,0,18,0,0,74,20,94,0,5,87,20,112,210,56,266,378
03/13/2021,SDM,CA,AWP,WE,Federal Contract Tower,0,4,21,1,26,0,1,67,8,76,0,5,88,9,102,170,10,180,282
03/14/2021,SDM,CA,AWP,WE,Federal Contract Tower,0,8,24,0,32,0,88,0,4,92,0,96,24,4,124,80,0,80,204
03/16/2021,SDM,CA,AWP,WE,Federal Contract Tower,1,14,21,0,36,0,0,105,18,123,1,14,126,18,159,182,0,182,341
03/17/2021,SDM,CA,AWP,WE,Federal Contract Tower,0,5,32,0,37,0,0,131,17,148,0,5,163,17,185,262,18,280,465
03/18/2021,SDM,CA,AWP,WE,Federal Contract Tower,1,15,24,0,40,0,0,85,9,94,1,15,109,9,134,174,0,174,308
03/19/2021,SDM,CA,AWP,WE,Federal Contract Tower,0,10,28,1,39,0,0,144,2,146,0,10,172,3,185,404,0,404,589
03/20/2021,SDM,CA,AWP,WE,Federal Contract Tower,0,7,27,0,34,0,0,126,0,126,0,7,153,0,160,60,0,60,220
03/21/2021,SDM,CA,AWP,WE,Federal Contract Tower,1,9,41,2,53,0,0,119,0,119,1,9,160,2,172,222,0,222,394
03/22/2021,SDM,CA,AWP,WE,Federal Contract Tower,0,6,15,0,21,0,0,120,0,120,0,6,135,0,141,272,0,272,413
03/23/2021,SDM,CA,AWP,WE,Federal Contract Tower,0,8,15,0,23,0,0,47,2,49,0,8,62,2,72,172,18,190,262
03/24/2021,SDM,CA,AWP,WE,Federal Contract Tower,4,15,32,0,51,0,0,111,0,111,4,15,143,0,162,124,0,124,286
03/25/2021,SDM,CA,AWP,WE,Federal Contract Tower,0,17,11,2,30,0,0,23,4,27,0,17,34,6,57,56,0,56,113
03/26/2021,SDM,CA,AWP,WE,Federal Contract Tower,0,4,17,3,24,0,0,77,9,86,0,4,94,12,110,234,6,240,350
03/27/2021,SDM,CA,AWP,WE,Federal Contract Tower,0,22,28,4,54,0,1,180,10,191,0,23,208,14,245,158,0,158,403
03/28/2021,SDM,CA,AWP,WE,Federal Contract Tower,0,11,45,2,58,0,1,123,14,138,0,12,168,16,196,176,0,176,372
03/29/2021,SDM,CA,AWP,WE,Federal Contract Tower,0,5,27,3,35,0,0,105,10,115,0,5,132,13,150,300,0,300,450
03/30/2021,SDM,CA,AWP,WE,Federal Contract Tower,0,10,22,0,32,0,2,90,0,92,0,12,112,0,124,234,2,236,360
03/31/2021,SDM,CA,AWP,WE,Federal Contract Tower,0,8,30,0,38,0,1,114,3,118,0,9,144,3,156,146,0,146,302
04/01/2021,SDM,CA,AWP,WE,Federal Contract Tower,0,7,23,0,30,0,0,128,2,130,0,7,151,2,160,194,0,194,354
04/02/2021,SDM,CA,AWP,WE,Federal Contract Tower,0,13,32,0,45,0,0,128,2,130,0,13,160,2,175,272,6,278,453
04/03/2021,SDM,CA,AWP,WE,Federal Contract Tower,0,13,27,2,42,0,1,156,0,157,0,14,183,2,199,90,0,90,289
04/04/2021,SDM,CA,AWP,WE,Federal Contract Tower,0,4,15,0,19,0,0,97,14,111,0,4,112,14,130,70,0,70,200
04/05/2021,SDM,CA,AWP,WE,Federal Contract Tower,0,18,35,0,53,0,1,81,0,82,0,19,116,0,135,266,0,266,401
04/06/2021,SDM,CA,AWP,WE,Federal Contract Tower,0,9,22,0,31,0,0,98,2,100,0,9,120,2,131,302,2,304,435
04/07/2021,SDM,CA,AWP,WE,Federal Contract Tower,0,10,20,0,30,0,0,126,0,126,0,10,146,0,156,248,0,248,404
04/08/2021,SDM,CA,AWP,WE,Federal Contract Tower,0,10,34,0,44,0,0,118,4,122,0,10,152,4,166,190,2,192,358
04/09/2021,SDM,CA,AWP,WE,Federal Contract Tower,0,11,34,1,46,0,1,91,16,108,0,12,125,17,154,184,0,184,338
04/10/2021,SDM,CA,AWP,WE,Federal Contract Tower,0,16,34,1,51,0,1,136,12,149,0,17,170,13,200,190,0,190,390
04/11/2021,SDM,CA,AWP,WE,Federal Contract Tower,0,10,38,1,49,0,0,107,8,115,0,10,145,9,164,204,0,204,368
04/12/2021,SDM,CA,AWP,WE,Federal Contract Tower,0,7,23,1,31,0,0,122,0,122,0,7,145,1,153,210,0,210,363
04/13/2021,SDM,CA,AWP,WE,Federal Contract Tower,0,8,35,3,46,0,1,23,3,27,0,9,58,6,73,82,24,106,179
04/14/2021,SDM,CA,AWP,WE,Federal Contract Tower,0,19,23,0,42,0,0,71,2,73,0,19,94,2,115,240,2,242,357
04/15/2021,SDM,CA,AWP,WE,Federal Contract Tower,0,8,19,0,27,0,1,110,2,113,0,9,129,2,140,166,0,166,306
04/16/2021,SDM,CA,AWP,WE,Federal Contract Tower,0,4,26,6,36,0,0,111,9,120,0,4,137,15,156,192,0,192,348
04/17/2021,SDM,CA,AWP,WE,Federal Contract Tower,0,3,13,13,29,0,1,150,9,160,0,4,163,22,189,168,0,168,357
04/18/2021,SDM,CA,AWP,WE,Federal Contract Tower,0,9,32,8,49,0,3,116,26,145,0,12,148,34,194,106,4,110,304
04/19/2021,SDM,CA,AWP,WE,Federal Contract Tower,0,9,21,1,31,0,0,105,11,116,0,9,126,12,147,250,50,300,447
04/20/2021,SDM,CA,AWP,WE,Federal Contract Tower,0,1,26,0,27,0,0,112,0,112,0,1,138,0,139,184,0,184,323
04/21/2021,SDM,CA,AWP,WE,Federal Contract Tower,0,7,24,0,31,0,0,26,2,28,0,7,50,2,59,174,0,174,233
04/22/2021,SDM,CA,AWP,WE,Federal Contract Tower,0,12,24,0,36,0,0,19,4,23,0,12,43,4,59,162,16,178,237
04/23/2021,SDM,CA,AWP,WE,Federal Contract Tower,0,11,24,11,46,0,0,29,3,32,0,11,53,14,78,154,0,154,232
04/24/2021,SDM,CA,AWP,WE,Federal Contract Tower,0,6,21,2,29,0,0,142,22,164,0,6,163,24,193,80,0,80,273
04/25/2021,SDM,CA,AWP,WE,Federal Contract Tower,0,10,31,0,41,0,0,116,10,126,0,10,147,10,167,106,0,106,273
04/26/2021,SDM,CA,AWP,WE,Federal Contract Tower,0,4,28,0,32,0,1,13,0,14,0,5,41,0,46,52,0,52,98
04/27/2021,SDM,CA,AWP,WE,Federal Contract Tower,0,6,22,0,28,0,1,76,2,79,0,7,98,2,107,186,18,204,311
04/28/2021,SDM,CA,AWP,WE,Federal Contract Tower,0,8,29,0,37,0,0,131,3,134,0,8,160,3,171,202,2,204,375
04/29/2021,SDM,CA,AWP,WE,Federal Contract Tower,0,5,25,1,31,0,0,102,5,107,0,5,127,6,138,196,24,220,358
04/30/2021,SDM,CA,AWP,WE,Federal Contract Tower,0,7,31,1,39,0,0,130,14,144,0,7,161,15,183,140,0,140,323
05/01/2021,SDM,CA,AWP,WE,Federal Contract Tower,0,3,15,0,18,0,0,125,14,139,0,3,140,14,157,150,0,150,307
05/02/2021,SDM,CA,AWP,WE,Federal Contract Tower,0,17,31,1,49,0,0,2,6,8,0,17,33,7,57,0,0,0,57
05/03/2021,SDM,CA,AWP,WE,Federal Contract Tower,0,2,24,0,26,0,0,100,4,104,0,2,124,4,130,204,0,204,334
05/04/2021,SDM,CA,AWP,WE,Federal Contract Tower,0,4,20,0,24,0,0,89,2,91,0,4,109,2,115,190,0,190,305
05/05/2021,SDM,CA,AWP,WE,Federal Contract Tower,0,6,20,0,26,0,0,133,0,133,0,6,153,0,159,142,0,142,301
05/06/2021,SDM,CA,AWP,WE,Federal Contract Tower,2,6,26,1,35,0,0,67,2,69,2,6,93,3,104,166,2,168,272
05/08/2021,SDM,CA,AWP,WE,Federal Contract Tower,0,2,29,1,32,0,2,126,6,134,0,4,155,7,166,208,0,208,374
05/09/2021,SDM,CA,AWP,WE,Federal Contract Tower,0,8,15,0,23,0,0,68,2,70,0,8,83,2,93,118,0,118,211
05/10/2021,SDM,CA,AWP,WE,Federal Contract Tower,0,7,29,2,38,0,0,57,8,65,0,7,86,10,103,248,0,248,351
05/11/2021,SDM,CA,AWP,WE,Federal Contract Tower,0,10,18,2,30,0,1,81,16,98,0,11,99,18,128,244,2,246,374
05/12/2021,SDM,CA,AWP,WE,Federal Contract Tower,0,6,27,1,34,0,0,94,24,118,0,6,121,25,152,180,0,180,332
05/13/2021,SDM,CA,AWP,WE,Federal Contract Tower,0,9,22,0,31,0,0,78,24,102,0,9,100,24,133,200,2,202,335
05/14/2021,SDM,CA,AWP,WE,Federal Contract Tower,0,7,28,2,37,0,0,82,14,96,0,7,110,16,133,256,0,256,389
05/15/2021,SDM,CA,AWP,WE,Federal Contract Tower,0,13,15,2,30,0,0,74,14,88,0,13,89,16,118,104,0,104,222
05/16/2021,SDM,CA,AWP,WE,Federal Contract Tower,0,13,50,1,64,0,1,15,9,25,0,14,65,10,89,12,0,12,101
05/17/2021,SDM,CA,AWP,WE,Federal Contract Tower,0,11,20,4,35,0,1,25,0,26,0,12,45,4,61,276,0,276,337
05/18/2021,SDM,CA,AWP,WE,Federal Contract Tower,2,10,24,0,36,0,0,66,3,69,2,10,90,3,105,170,0,170,275
05/19/2021,SDM,CA,AWP,WE,Federal Contract Tower,0,0,31,0,31,0,0,110,2,112,0,0,141,2,143,150,2,152,295
05/20/2021,SDM,CA,AWP,WE,Federal Contract Tower,0,9,27,0,36,0,0,65,4,69,0,9,92,4,105,269,8,277,382
05/21/2021,SDM,CA,AWP,WE,Federal Contract Tower,0,4,16,1,21,0,0,60,12,72,0,4,76,13,93,74,4,78,171
05/22/2021,SDM,CA,AWP,WE,Federal Contract Tower,2,1,24,1,28,0,1,151,30,182,2,2,175,31,210,162,0,162,372
05/23/2021,SDM,CA,AWP,WE,Federal Contract Tower,0,9,53,3,65,0,0,126,18,144,0,9,179,21,209,122,0,122,331
05/24/2021,SDM,CA,AWP,WE,Federal Contract Tower,0,4,22,0,26,0,1,105,10,116,0,5,127,10,142,340,2,342,484
05/25/2021,SDM,CA,AWP,WE,Federal Contract Tower,0,8,23,0,31,0,0,83,2,85,0,8,106,2,116,284,20,304,420
05/26/2021,SDM,CA,AWP,WE,Federal Contract Tower,0,6,23,0,29,0,0,94,1,95,0,6,117,1,124,120,0,120,244
05/27/2021,SDM,CA,AWP,WE,Federal Contract Tower,0,3,16,15,34,0,0,118,4,122,0,3,134,19,156,210,6,216,372
05/28/2021,SDM,CA,AWP,WE,Federal Contract Tower,0,5,17,6,28,0,0,109,0,109,0,5,126,6,137,204,0,204,341
05/29/2021,SDM,CA,AWP,WE,Federal Contract Tower,0,9,24,3,36,0,0,121,2,123,0,9,145,5,159,208,2,210,369
05/30/2021,SDM,CA,AWP,WE,Federal Contract Tower,0,8,17,0,25,0,0,83,0,83,0,8,100,0,108,144,0,144,252
05/31/2021,SDM,CA,AWP,WE,Federal Contract Tower,0,13,59,2,74,0,0,118,0,118,0,13,177,2,192,154,0,154,346
06/01/2021,SDM,CA,AWP,WE,Federal Contract Tower,0,5,21,1,27,0,0,89,2,91,0,5,110,3,118,192,2,194,312
06/02/2021,SDM,CA,AWP,WE,Federal Contract Tower,0,10,18,2,30,0,0,86,0,86,0,10,104,2,116,192,0,192,308
06/03/2021,SDM,CA,AWP,WE,Federal Contract Tower,0,10,20,3,33,0,0,85,2,87,0,10,105,5,120,222,0,222,342
06/04/2021,SDM,CA,AWP,WE,Federal Contract Tower,0,11,19,0,30,0,0,80,7,87,0,11,99,7,117,202,0,202,319
06/05/2021,SDM,CA,AWP,WE,Federal Contract Tower,0,4,22,1,27,0,0,129,6,135,0,4,151,7,162,168,0,168,330
06/06/2021,SDM,CA,AWP,WE,Federal Contract Tower,0,8,29,1,38,0,0,93,4,97,0,8,122,5,135,122,0,122,257
06/07/2021,SDM,CA,AWP,WE,Federal Contract Tower,0,6,24,1,31,0,1,31,2,34,0,7,55,3,65,158,0,158,223
06/08/2021,SDM,CA,AWP,WE,Federal Contract Tower,0,2,29,0,31,0,0,89,4,93,0,2,118,4,124,162,4,166,290
06/09/2021,SDM,CA,AWP,WE,Federal Contract Tower,0,5,21,1,27,0,0,83,0,83,0,5,104,1,110,114,0,114,224
06/10/2021,SDM,CA,AWP,WE,Federal Contract Tower,0,7,24,0,31,0,0,109,0,109,0,7,133,0,140,166,0,166,306
06/11/2021,SDM,CA,AWP,WE,Federal Contract Tower,0,15,20,1,36,0,0,126,0,126,0,15,146,1,162,292,0,292,454
06/12/2021,SDM,CA,AWP,WE,Federal Contract Tower,0,12,18,0,30,0,0,132,1,133,0,12,150,1,163,178,0,178,341
06/13/2021,SDM,CA,AWP,WE,Federal Contract Tower,0,9,37,3,49,0,1,148,0,149,0,10,185,3,198,132,0,132,330
06/14/2021,SDM,CA,AWP,WE,Federal Contract Tower,0,11,27,1,39,0,0,114,4,118,0,11,141,5,157,180,0,180,337
06/15/2021,SDM,CA,AWP,WE,Federal Contract Tower,0,3,27,0,30,0,0,89,0,89,0,3,116,0,119,136,0,136,255
06/16/2021,SDM,CA,AWP,WE,Federal Contract Tower,0,9,26,2,37,0,1,80,2,83,0,10,106,4,120,186,0,186,306
06/17/2021,SDM,CA,AWP,WE,Federal Contract Tower,0,8,30,3,41,0,1,78,11,90,0,9,108,14,131,142,2,144,275
06/18/2021,SDM,CA,AWP,WE,Federal Contract Tower,0,4,28,0,32,0,2,137,2,141,0,6,165,2,173,124,0,124,297
06/19/2021,SDM,CA,AWP,WE,Federal Contract Tower,0,9,35,2,46,0,0,146,0,146,0,9,181,2,192,190,0,190,382
06/20/2021,SDM,CA,AWP,WE,Federal Contract Tower,0,6,24,0,30,0,0,100,0,100,0,6,124,0,130,96,0,96,226
06/21/2021,SDM,CA,AWP,WE,Federal Contract Tower,0,10,29,2,41,0,0,108,9,117,0,10,137,11,158,184,0,184,342
06/22/2021,SDM,CA,AWP,WE,Federal Contract Tower,0,8,25,1,34,0,0,75,26,101,0,8,100,27,135,162,2,164,299
06/23/2021,SDM,CA,AWP,WE,Federal Contract Tower,0,6,27,2,35,0,0,43,2,45,0,6,70,4,80,36,8,44,124
06/24/2021,SDM,CA,AWP,WE,Federal Contract Tower,0,7,21,2,30,0,0,115,29,144,0,7,136,31,174,218,40,258,432
06/25/2021,SDM,CA,AWP,WE,Federal Contract Tower,0,10,27,5,42,0,0,113,28,141,0,10,140,33,183,130,32,162,345
06/26/2021,SDM,CA,AWP,WE,Federal Contract Tower,0,13,14,6,33,0,0,124,7,131,0,13,138,13,164,110,0,110,274
06/27/2021,SDM,CA,AWP,WE,Federal Contract Tower,0,24,41,3,68,0,0,120,9,129,0,24,161,12,197,164,0,164,361
06/28/2021,SDM,CA,AWP,WE,Federal Contract Tower,2,10,13,0,25,0,0,77,10,87,2,10,90,10,112,132,8,140,252
06/29/2021,SDM,CA,AWP,WE,Federal Contract Tower,0,3,27,3,33,0,0,65,15,80,0,3,92,18,113,164,4,168,281
06/30/2021,SDM,CA,AWP,WE,Federal Contract Tower,0,4,23,2,29,0,0,92,0,92,0,4,115,2,121,236,0,236,357
07/01/2021,SDM,CA,AWP,WE,Federal Contract Tower,0,3,30,7,40,0,0,64,0,64,0,3,94,7,104,128,0,128,232
07/02/2021,SDM,CA,AWP,WE,Federal Contract Tower,0,8,27,2,37,0,0,104,0,104,0,8,131,2,141,182,0,182,323
07/03/2021,SDM,CA,AWP,WE,Federal Contract Tower,0,9,14,3,26,0,0,114,0,114,0,9,128,3,140,130,0,130,270
07/04/2021,SDM,CA,AWP,WE,Federal Contract Tower,0,3,4,4,11,0,0,114,0,114,0,3,118,4,125,124,0,124,249
07/05/2021,SDM,CA,AWP,WE,Federal Contract Tower,0,2,39,10,51,0,0,120,0,120,0,2,159,10,171,164,0,164,335
07/06/2021,SDM,CA,AWP,WE,Federal Contract Tower,0,11,25,7,43,0,0,102,1,103,0,11,127,8,146,176,0,176,322
07/07/2021,SDM,CA,AWP,WE,Federal Contract Tower,0,18,20,3,41,0,0,82,0,82,0,18,102,3,123,124,0,124,247
07/08/2021,SDM,CA,AWP,WE,Federal Contract Tower,0,17,16,4,37,0,0,79,3,82,0,17,95,7,119,188,0,188,307
07/09/2021,SDM,CA,AWP,WE,Federal Contract Tower,0,9,17,8,34,0,0,106,4,110,0,9,123,12,144,280,0,280,424
07/10/2021,SDM,CA,AWP,WE,Federal Contract Tower,0,10,16,12,38,0,0,186,2,188,0,10,202,14,226,98,0,98,324
07/11/2021,SDM,CA,AWP,WE,Federal Contract Tower,0,13,28,5,46,0,1,110,6,117,0,14,138,11,163,220,0,220,383
07/12/2021,SDM,CA,AWP,WE,Federal Contract Tower,0,9,25,8,42,0,0,78,1,79,0,9,103,9,121,180,0,180,301
07/13/2021,SDM,CA,AWP,WE,Federal Contract Tower,0,4,10,3,17,0,0,92,0,92,0,4,102,3,109,242,0,242,351
07/14/2021,SDM,CA,AWP,WE,Federal Contract Tower,0,6,29,5,40,0,1,93,0,94,0,7,122,5,134,188,0,188,322
07/15/2021,SDM,CA,AWP,WE,Federal Contract Tower,0,14,30,5,49,0,2,89,5,96,0,16,119,10,145,146,10,156,301
07/16/2021,SDM,CA,AWP,WE,Federal Contract Tower,0,13,13,8,34,0,2,95,17,114,0,15,108,25,148,180,0,180,328
07/17/2021,SDM,CA,AWP,WE,Federal Contract Tower,0,10,12,6,28,0,0,126,9,135,0,10,138,15,163,216,0,216,379
07/18/2021,SDM,CA,AWP,WE,Federal Contract Tower,0,9,28,10,47,0,3,104,6,113,0,12,132,16,160,70,2,72,232
07/19/2021,SDM,CA,AWP,WE,Federal Contract Tower,0,15,20,8,43,0,0,80,2,82,0,15,100,10,125,190,8,198,323
07/20/2021,SDM,CA,AWP,WE,Federal Contract Tower,0,6,15,7,28,0,0,85,7,92,0,6,100,14,120,220,4,224,344
07/21/2021,SDM,CA,AWP,WE,Federal Contract Tower,1,8,18,7,34,0,0,88,0,88,1,8,106,7,122,196,0,196,318
07/22/2021,SDM,CA,AWP,WE,Federal Contract Tower,0,10,32,5,47,0,0,54,0,54,0,10,86,5,101,128,0,128,229
07/23/2021,SDM,CA,AWP,WE,Federal Contract Tower,1,12,21,19,53,0,3,99,18,120,1,15,120,37,173,224,0,224,397
07/24/2021,SDM,CA,AWP,WE,Federal Contract Tower,0,13,15,5,33,0,1,139,12,152,0,14,154,17,185,174,0,174,359
07/25/2021,SDM,CA,AWP,WE,Federal Contract Tower,0,3,26,16,45,0,0,101,6,107,0,3,127,22,152,180,0,180,332
07/26/2021,SDM,CA,AWP,WE,Federal Contract Tower,0,5,23,14,42,0,1,20,0,21,0,6,43,14,63,98,0,98,161
07/27/2021,SDM,CA,AWP,WE,Federal Contract Tower,0,7,17,3,27,0,2,105,0,107,0,9,122,3,134,176,0,176,310
07/28/2021,SDM,CA,AWP,WE,Federal Contract Tower,0,5,15,2,22,0,1,102,7,110,0,6,117,9,132,180,6,186,318
07/29/2021,SDM,CA,AWP,WE,Federal Contract Tower,0,7,12,2,21,0,0,118,4,122,0,7,130,6,143,186,2,188,331
07/30/2021,SDM,CA,AWP,WE,Federal Contract Tower,0,12,18,8,38,0,0,94,6,100,0,12,112,14,138,142,0,142,280
07/31/2021,SDM,CA,AWP,WE,Federal Contract Tower,0,13,24,7,44,0,0,153,4,157,0,13,177,11,201,174,0,174,375
08/01/2021,SDM,CA,AWP,WE,Federal Contract Tower,0,5,18,7,30,0,0,96,4,100,0,5,114,11,130,130,0,130,260
08/02/2021,SDM,CA,AWP,WE,Federal Contract Tower,0,10,32,0,42,0,0,99,0,99,0,10,131,0,141,158,0,158,299
08/03/2021,SDM,CA,AWP,WE,Federal Contract Tower,0,11,22,3,36,0,0,92,0,92,0,11,114,3,128,158,0,158,286
08/04/2021,SDM,CA,AWP,WE,Federal Contract Tower,0,1,24,2,27,0,0,103,0,103,0,1,127,2,130,160,0,160,290
08/05/2021,SDM,CA,AWP,WE,Federal Contract Tower,2,8,17,0,27,0,0,82,2,84,2,8,99,2,111,152,0,152,263
08/06/2021,SDM,CA,AWP,WE,Federal Contract Tower,3,2,21,3,29,0,0,58,0,58,3,2,79,3,87,170,0,170,257
08/07/2021,SDM,CA,AWP,WE,Federal Contract Tower,3,13,6,1,23,0,0,124,1,125,3,13,130,2,148,192,0,192,340
08/08/2021,SDM,CA,AWP,WE,Federal Contract Tower,0,6,15,0,21,0,0,105,0,105,0,6,120,0,126,78,0,78,204
08/09/2021,SDM,CA,AWP,WE,Federal Contract Tower,0,7,8,4,19,0,0,71,4,75,0,7,79,8,94,154,4,158,252
08/10/2021,SDM,CA,AWP,WE,Federal Contract Tower,0,10,18,1,29,0,0,107,1,108,0,10,125,2,137,122,0,122,259
08/11/2021,SDM,CA,AWP,WE,Federal Contract Tower,0,8,19,1,28,0,0,97,2,99,0,8,116,3,127,158,0,158,285
08/12/2021,SDM,CA,AWP,WE,Federal Contract Tower,0,6,16,4,26,0,0,114,0,114,0,6,130,4,140,282,0,282,422
08/13/2021,SDM,CA,AWP,WE,Federal Contract Tower,0,7,22,4,33,0,0,105,2,107,0,7,127,6,140,224,0,224,364
08/14/2021,SDM,CA,AWP,WE,Federal Contract Tower,0,7,24,3,34,0,1,142,0,143,0,8,166,3,177,134,0,134,311
08/15/2021,SDM,CA,AWP,WE,Federal Contract Tower,0,8,22,4,34,0,0,121,2,123,0,8,143,6,157,48,0,48,205
08/16/2021,SDM,CA,AWP,WE,Federal Contract Tower,0,3,15,0,18,0,0,83,14,97,0,3,98,14,115,116,2,118,233
08/17/2021,SDM,CA,AWP,WE,Federal Contract Tower,0,4,15,0,19,0,0,60,26,86,0,4,75,26,105,136,4,140,245
08/18/2021,SDM,CA,AWP,WE,Federal Contract Tower,0,4,27,0,31,0,0,26,2,28,0,4,53,2,59,100,10,110,169
08/19/2021,SDM,CA,AWP,WE,Federal Contract Tower,0,9,11,0,20,0,0,60,6,66,0,9,71,6,86,90,0,90,176
08/20/2021,SDM,CA,AWP,WE,Federal Contract Tower,0,7,22,2,31,0,0,36,0,36,0,7,58,2,67,180,0,180,247
08/21/2021,SDM,CA,AWP,WE,Federal Contract Tower,0,2,15,0,17,0,0,50,0,50,0,2,65,0,67,132,0,132,199
08/22/2021,SDM,CA,AWP,WE,Federal Contract Tower,0,8,25,3,36,0,0,54,0,54,0,8,79,3,90,164,0,164,254
08/23/2021,SDM,CA,AWP,WE,Federal Contract Tower,0,8,25,0,33,0,1,93,23,117,0,9,118,23,150,158,0,158,308
08/24/2021,SDM,CA,AWP,WE,Federal Contract Tower,0,2,19,1,22,0,0,93,26,119,0,2,112,27,141,144,2,146,287
08/25/2021,SDM,CA,AWP,WE,Federal Contract Tower,0,8,23,1,32,0,4,92,15,111,0,12,115,16,143,148,0,148,291
08/26/2021,SDM,CA,AWP,WE,Federal Contract Tower,0,4,40,0,44,0,3,85,2,90,0,7,125,2,134,90,0,90,224
08/27/2021,SDM,CA,AWP,WE,Federal Contract Tower,0,6,18,1,25,0,0,107,17,124,0,6,125,18,149,184,24,208,357
08/28/2021,SDM,CA,AWP,WE,Federal Contract Tower,0,3,20,2,25,0,0,117,16,133,0,3,137,18,158,102,0,102,260
08/29/2021,SDM,CA,AWP,WE,Federal Contract Tower,0,2,25,5,32,0,0,104,8,112,0,2,129,13,144,278,0,278,422
08/30/2021,SDM,CA,AWP,WE,Federal Contract Tower,0,5,17,3,25,0,0,50,2,52,0,5,67,5,77,94,0,94,171
08/31/2021,SDM,CA,AWP,WE,Federal Contract Tower,0,3,17,4,24,0,1,40,0,41,0,4,57,4,65,90,0,90,155
09/01/2021,SDM,CA,AWP,WE,Federal Contract Tower,0,2,9,0,11,0,0,83,0,83,0,2,92,0,94,146,0,146,240
09/02/2021,SDM,CA,AWP,WE,Federal Contract Tower,0,3,21,0,24,0,0,115,0,115,0,3,136,0,139,184,0,184,323
09/03/2021,SDM,CA,AWP,WE,Federal Contract Tower,0,3,25,7,35,0,2,82,16,100,0,5,107,23,135,156,28,184,319
09/04/2021,SDM,CA,AWP,WE,Federal Contract Tower,0,8,13,4,25,0,0,143,0,143,0,8,156,4,168,224,0,224,392
09/05/2021,SDM,CA,AWP,WE,Federal Contract Tower,0,5,20,2,27,0,0,132,16,148,0,5,152,18,175,158,0,158,333
09/06/2021,SDM,CA,AWP,WE,Federal Contract Tower,0,9,27,5,41,0,0,122,28,150,0,9,149,33,191,114,0,114,305
09/07/2021,SDM,CA,AWP,WE,Federal Contract Tower,0,6,27,3,36,0,0,67,6,73,0,6,94,9,109,76,2,78,187
09/08/2021,SDM,CA,AWP,WE,Federal Contract Tower,0,4,27,8,39,0,2,86,2,90,0,6,113,10,129,82,0,82,211
09/09/2021,SDM,CA,AWP,WE,Federal Contract Tower,0,4,22,2,28,0,0,88,0,88,0,4,110,2,116,206,0,206,322
09/10/2021,SDM,CA,AWP,WE,Federal Contract Tower,0,4,22,3,29,0,0,88,5,93,0,4,110,8,122,138,24,162,284
09/11/2021,SDM,CA,AWP,WE,Federal Contract Tower,0,9,7,0,16,0,0,119,3,122,0,9,126,3,138,172,0,172,310
09/12/2021,SDM,CA,AWP,WE,Federal Contract Tower,0,5,18,4,27,0,1,94,3,98,0,6,112,7,125,150,0,150,275
09/13/2021,SDM,CA,AWP,WE,Federal Contract Tower,0,8,20,0,28,0,2,93,2,97,0,10,113,2,125,124,8,132,257
09/14/2021,SDM,CA,AWP,WE,Federal Contract Tower,0,9,27,2,38,0,0,70,0,70,0,9,97,2,108,108,0,108,216
09/15/2021,SDM,CA,AWP,WE,Federal Contract Tower,0,4,14,0,18,0,2,69,0,71,0,6,83,0,89,180,0,180,269
09/16/2021,SDM,CA,AWP,WE,Federal Contract Tower,0,5,15,1,21,0,1,75,3,79,0,6,90,4,100,184,4,188,288
09/17/2021,SDM,CA,AWP,WE,Federal Contract Tower,0,2,17,4,23,0,3,85,6,94,0,5,102,10,117,124,0,124,241
09/18/2021,SDM,CA,AWP,WE,Federal Contract Tower,0,2,13,7,22,0,0,145,9,154,0,2,158,16,176,24,2,26,202
09/19/2021,SDM,CA,AWP,WE,Federal Contract Tower,0,3,31,3,37,0,0,110,8,118,0,3,141,11,155,136,0,136,291
09/20/2021,SDM,CA,AWP,WE,Federal Contract Tower,0,2,13,0,15,0,0,83,0,83,0,2,96,0,98,90,0,90,188
09/21/2021,SDM,CA,AWP,WE,Federal Contract Tower,0,3,13,0,16,0,0,58,4,62,0,3,71,4,78,86,6,92,170
09/22/2021,SDM,CA,AWP,WE,Federal Contract Tower,0,6,24,0,30,0,0,78,0,78,0,6,102,0,108,112,0,112,220
09/23/2021,SDM,CA,AWP,WE,Federal Contract Tower,0,6,11,0,17,0,0,79,2,81,0,6,90,2,98,178,0,178,276
09/24/2021,SDM,CA,AWP,WE,Federal Contract Tower,0,4,20,6,30,0,3,67,6,76,0,7,87,12,106,150,0,150,256
09/25/2021,SDM,CA,AWP,WE,Federal Contract Tower,0,4,20,10,34,0,0,75,4,79,0,4,95,14,113,54,2,56,169
09/26/2021,SDM,CA,AWP,WE,Federal Contract Tower,0,1,26,6,33,0,0,12,6,18,0,1,38,12,51,38,0,38,89
09/27/2021,SDM,CA,AWP,WE,Federal Contract Tower,0,4,17,3,24,0,1,16,0,17,0,5,33,3,41,10,0,10,51
09/28/2021,SDM,CA,AWP,WE,Federal Contract Tower,0,3,13,0,16,0,1,41,0,42,0,4,54,0,58,102,0,102,160
09/29/2021,SDM,CA,AWP,WE,Federal Contract Tower,2,3,17,0,22,0,3,83,0,86,2,6,100,0,108,84,0,84,192
09/30/2021,SDM,CA,AWP,WE,Federal Contract Tower,0,10,19,0,29,0,0,106,2,108,0,10,125,2,137,226,0,226,363
10/01/2021,SDM,CA,AWP,WE,Federal Contract Tower,0,2,23,1,26,0,3,84,10,97,0,5,107,11,123,176,0,176,299
10/02/2021,SDM,CA,AWP,WE,Federal Contract Tower,0,7,12,0,19,0,0,113,6,119,0,7,125,6,138,162,0,162,300
10/03/2021,SDM,CA,AWP,WE,Federal Contract Tower,0,5,21,1,27,0,1,109,3,113,0,6,130,4,140,64,0,64,204
10/05/2021,SDM,CA,AWP,WE,Federal Contract Tower,0,8,12,0,20,0,0,55,0,55,0,8,67,0,75,84,0,84,159
10/06/2021,SDM,CA,AWP,WE,Federal Contract Tower,0,8,22,1,31,0,3,27,0,30,0,11,49,1,61,106,0,106,167
10/07/2021,SDM,CA,AWP,WE,Federal Contract Tower,0,8,24,1,33,0,0,50,0,50,0,8,74,1,83,204,0,204,287
10/08/2021,SDM,CA,AWP,WE,Federal Contract Tower,0,6,20,3,29,0,0,0,0,0,0,6,20,3,29,6,4,10,39
10/09/2021,SDM,CA,AWP,WE,Federal Contract Tower,0,3,16,0,19,0,0,117,1,118,0,3,133,1,137,148,0,148,285
10/10/2021,SDM,CA,AWP,WE,Federal Contract Tower,0,9,47,1,57,0,0,124,0,124,0,9,171,1,181,64,0,64,245
10/11/2021,SDM,CA,AWP,WE,Federal Contract Tower,0,6,31,5,42,0,3,33,0,36,0,9,64,5,78,114,0,114,192
10/12/2021,SDM,CA,AWP,WE,Federal Contract Tower,0,8,26,1,35,0,2,105,2,109,0,10,131,3,144,118,0,118,262
10/13/2021,SDM,CA,AWP,WE,Federal Contract Tower,0,7,20,2,29,0,2,85,0,87,0,9,105,2,116,198,0,198,314
10/14/2021,SDM,CA,AWP,WE,Federal Contract Tower,6,8,22,0,36,0,0,109,0,109,6,8,131,0,145,238,0,238,383
10/15/2021,SDM,CA,AWP,WE,Federal Contract Tower,0,9,19,4,32,0,3,98,20,121,0,12,117,24,153,110,26,136,289
10/16/2021,SDM,CA,AWP,WE,Federal Contract Tower,0,1,17,0,18,0,0,111,5,116,0,1,128,5,134,48,0,48,182
10/17/2021,SDM,CA,AWP,WE,Federal Contract Tower,2,11,33,1,47,0,2,108,2,112,2,13,141,3,159,60,0,60,219
10/18/2021,SDM,CA,AWP,WE,Federal Contract Tower,4,6,14,1,25,0,0,22,3,25,4,6,36,4,50,154,0,154,204
10/19/2021,SDM,CA,AWP,WE,Federal Contract Tower,2,4,17,0,23,0,2,97,7,106,2,6,114,7,129,218,0,218,347
10/20/2021,SDM,CA,AWP,WE,Federal Contract Tower,6,11,21,0,38,0,2,87,8,97,6,13,108,8,135,148,10,158,293
10/21/2021,SDM,CA,AWP,WE,Federal Contract Tower,4,7,24,3,38,0,1,83,5,89,4,8,107,8,127,140,0,140,267
10/22/2021,SDM,CA,AWP,WE,Federal Contract Tower,0,7,25,9,41,0,4,57,10,71,0,11,82,19,112,80,22,102,214
10/23/2021,SDM,CA,AWP,WE,Federal Contract Tower,0,8,38,3,49,0,0,66,1,67,0,8,104,4,116,70,0,70,186
10/24/2021,SDM,CA,AWP,WE,Federal Contract Tower,0,13,39,2,54,0,0,108,0,108,0,13,147,2,162,90,0,90,252
10/25/2021,SDM,CA,AWP,WE,Federal Contract Tower,0,6,11,6,23,0,0,20,0,20,0,6,31,6,43,176,0,176,219
10/26/2021,SDM,CA,AWP,WE,Federal Contract Tower,0,8,26,5,39,0,2,80,2,84,0,10,106,7,123,154,2,156,279
10/27/2021,SDM,CA,AWP,WE,Federal Contract Tower,0,6,22,2,30,0,3,100,2,105,0,9,122,4,135,172,0,172,307
10/28/2021,SDM,CA,AWP,WE,Federal Contract Tower,0,14,14,0,28,0,4,96,14,114,0,18,110,14,142,206,0,206,348
10/29/2021,SDM,CA,AWP,WE,Federal Contract Tower,0,4,15,2,21,0,0,2,1,3,0,4,17,3,24,154,44,198,222
10/30/2021,SDM,CA,AWP,WE,Federal Contract Tower,0,8,16,8,32,0,2,64,0,66,0,10,80,8,98,134,0,134,232
10/31/2021,SDM,CA,AWP,WE,Federal Contract Tower,0,4,19,1,24,0,4,58,20,82,0,8,77,21,106,84,0,84,190
11/01/2021,SDM,CA,AWP,WE,Federal Contract Tower,0,9,17,4,30,0,0,47,0,47,0,9,64,4,77,156,0,156,233
11/02/2021,SDM,CA,AWP,WE,Federal Contract Tower,0,7,17,1,25,0,0,62,8,70,0,7,79,9,95,282,0,282,377
11/03/2021,SDM,CA,AWP,WE,Federal Contract Tower,0,9,21,5,35,0,2,67,9,78,0,11,88,14,113,204,0,204,317
11/04/2021,SDM,CA,AWP,WE,Federal Contract Tower,0,16,19,3,38,0,1,57,20,78,0,17,76,23,116,148,16,164,280
11/05/2021,SDM,CA,AWP,WE,Federal Contract Tower,0,5,19,2,26,0,4,64,18,86,0,9,83,20,112,254,0,254,366
11/06/2021,SDM,CA,AWP,WE,Federal Contract Tower,0,1,17,3,21,0,0,97,20,117,0,1,114,23,138,208,6,214,352
11/07/2021,SDM,CA,AWP,WE,Federal Contract Tower,0,12,42,6,60,0,0,74,25,99,0,12,116,31,159,170,0,170,329
11/08/2021,SDM,CA,AWP,WE,Federal Contract Tower,0,7,26,3,36,0,0,73,7,80,0,7,99,10,116,276,0,276,392
11/09/2021,SDM,CA,AWP,WE,Federal Contract Tower,0,10,19,0,29,0,0,96,16,112,0,10,115,16,141,296,2,298,439
11/10/2021,SDM,CA,AWP,WE,Federal Contract Tower,0,14,19,1,34,0,2,86,14,102,0,16,105,15,136,336,18,354,490
11/11/2021,SDM,CA,AWP,WE,Federal Contract Tower,0,6,26,1,33,0,0,109,4,113,0,6,135,5,146,1,5,6,152
11/12/2021,SDM,CA,AWP,WE,Federal Contract Tower,0,5,14,1,20,0,1,111,1,113,0,6,125,2,133,242,0,242,375
11/13/2021,SDM,CA,AWP,WE,Federal Contract Tower,0,3,21,4,28,0,0,134,9,143,0,3,155,13,171,196,0,196,367
11/14/2021,SDM,CA,AWP,WE,Federal Contract Tower,0,13,34,4,51,0,0,112,3,115,0,13,146,7,166,158,0,158,324
11/15/2021,SDM,CA,AWP,WE,Federal Contract Tower,0,12,17,2,31,0,0,85,11,96,0,12,102,13,127,130,2,132,259
11/16/2021,SDM,CA,AWP,WE,Federal Contract Tower,0,5,34,3,42,0,1,67,2,70,0,6,101,5,112,174,2,176,288
11/17/2021,SDM,CA,AWP,WE,Federal Contract Tower,2,3,24,6,35,0,0,86,18,104,2,3,110,24,139,194,2,196,335
11/18/2021,SDM,CA,AWP,WE,Federal Contract Tower,0,7,21,8,36,0,0,37,3,40,0,7,58,11,76,106,0,106,182
11/19/2021,SDM,CA,AWP,WE,Federal Contract Tower,0,15,49,10,74,0,0,82,16,98,0,15,131,26,172,200,36,236,408
11/20/2021,SDM,CA,AWP,WE,Federal Contract Tower,0,10,54,14,78,0,2,90,20,112,0,12,144,34,190,126,0,126,316
11/21/2021,SDM,CA,AWP,WE,Federal Contract Tower,0,11,37,9,57,0,0,59,29,88,0,11,96,38,145,56,0,56,201
11/22/2021,SDM,CA,AWP,WE,Federal Contract Tower,0,9,35,2,46,0,0,75,3,78,0,9,110,5,124,212,0,212,336
11/23/2021,SDM,CA,AWP,WE,Federal Contract Tower,0,8,33,0,41,0,0,74,4,78,0,8,107,4,119,180,0,180,299
11/24/2021,SDM,CA,AWP,WE,Federal Contract Tower,0,6,39,0,45,0,0,97,12,109,0,6,136,12,154,168,0,168,322
11/25/2021,SDM,CA,AWP,WE,Federal Contract Tower,0,6,8,0,14,0,0,27,0,27,0,6,35,0,41,36,0,36,77
11/26/2021,SDM,CA,AWP,WE,Federal Contract Tower,0,3,15,0,18,0,0,83,0,83,0,3,98,0,101,174,0,174,275
11/27/2021,SDM,CA,AWP,WE,Federal Contract Tower,0,14,44,0,58,0,0,95,2,97,0,14,139,2,155,176,0,176,331
11/28/2021,SDM,CA,AWP,WE,Federal Contract Tower,0,16,70,1,87,0,0,90,0,90,0,16,160,1,177,104,0,104,281
11/29/2021,SDM,CA,AWP,WE,Federal Contract Tower,0,4,20,0,24,0,0,72,12,84,0,4,92,12,108,140,0,140,248
12/01/2021,SDM,CA,AWP,WE,Federal Contract Tower,0,3,21,5,29,0,0,62,39,101,0,3,83,44,130,218,0,218,348
12/02/2021,SDM,CA,AWP,WE,Federal Contract Tower,0,6,17,2,25,0,0,51,22,73,0,6,68,24,98,130,4,134,232
12/03/2021,SDM,CA,AWP,WE,Federal Contract Tower,0,5,23,12,40,0,0,45,21,66,0,5,68,33,106,42,22,64,170
12/04/2021,SDM,CA,AWP,WE,Federal Contract Tower,0,5,30,6,41,0,0,49,27,76,0,5,79,33,117,116,0,116,233
12/05/2021,SDM,CA,AWP,WE,Federal Contract Tower,0,5,18,10,33,0,0,67,13,80,0,5,85,23,113,154,0,154,267
12/06/2021,SDM,CA,AWP,WE,Federal Contract Tower,0,2,17,5,24,0,1,40,17,58,0,3,57,22,82,132,0,132,214
12/07/2021,SDM,CA,AWP,WE,Federal Contract Tower,0,8,12,10,30,0,0,18,3,21,0,8,30,13,51,82,0,82,133
12/08/2021,SDM,CA,AWP,WE,Federal Contract Tower,0,7,25,2,34,0,0,91,11,102,0,7,116,13,136,206,0,206,342
12/09/2021,SDM,CA,AWP,WE,Federal Contract Tower,0,7,18,3,28,0,0,4,0,4,0,7,22,3,32,14,0,14,46
12/10/2021,SDM,CA,AWP,WE,Federal Contract Tower,0,5,19,5,29,0,1,61,9,71,0,6,80,14,100,236,0,236,336
12/11/2021,SDM,CA,AWP,WE,Federal Contract Tower,0,5,18,3,26,0,1,114,10,125,0,6,132,13,151,158,16,174,325
12/12/2021,SDM,CA,AWP,WE,Federal Contract Tower,0,13,32,5,50,0,0,91,9,100,0,13,123,14,150,232,0,232,382
12/13/2021,SDM,CA,AWP,WE,Federal Contract Tower,0,9,15,4,28,0,0,39,0,39,0,9,54,4,67,258,0,258,325
12/14/2021,SDM,CA,AWP,WE,Federal Contract Tower,0,7,6,0,13,0,0,6,0,6,0,7,12,0,19,2,0,2,21
12/15/2021,SDM,CA,AWP,WE,Federal Contract Tower,0,9,7,1,17,0,0,91,4,95,0,9,98,5,112,286,6,292,404
12/16/2021,SDM,CA,AWP,WE,Federal Contract Tower,0,9,26,1,36,0,0,83,6,89,0,9,109,7,125,196,8,204,329
12/17/2021,SDM,CA,AWP,WE,Federal Contract Tower,0,17,27,1,45,0,0,78,5,83,0,17,105,6,128,290,0,290,418
12/18/2021,SDM,CA,AWP,WE,Federal Contract Tower,0,17,29,4,50,0,0,104,4,108,0,17,133,8,158,188,0,188,346
12/19/2021,SDM,CA,AWP,WE,Federal Contract Tower,0,18,26,0,44,0,0,78,6,84,0,18,104,6,128,148,0,148,276
12/20/2021,SDM,CA,AWP,WE,Federal Contract Tower,0,14,11,0,25,0,0,72,1,73,0,14,83,1,98,126,0,126,224
12/21/2021,SDM,CA,AWP,WE,Federal Contract Tower,0,4,14,2,20,0,0,64,10,74,0,4,78,12,94,124,16,140,234
12/22/2021,SDM,CA,AWP,WE,Federal Contract Tower,0,4,22,0,26,0,0,75,4,79,0,4,97,4,105,136,6,142,247
12/23/2021,SDM,CA,AWP,WE,Federal Contract Tower,0,8,34,0,42,0,0,27,2,29,0,8,61,2,71,152,4,156,227
12/24/2021,SDM,CA,AWP,WE,Federal Contract Tower,0,10,14,0,24,0,0,6,0,6,0,10,20,0,30,32,0,32,62
12/25/2021,SDM,CA,AWP,WE,Federal Contract Tower,0,15,11,0,26,0,0,0,0,0,0,15,11,0,26,0,0,0,26
12/26/2021,SDM,CA,AWP,WE,Federal Contract Tower,0,16,50,0,66,0,0,106,0,106,0,16,156,0,172,146,0,146,318
12/27/2021,SDM,CA,AWP,WE,Federal Contract Tower,0,12,27,0,39,0,1,34,2,37,0,13,61,2,76,80,16,96,172
12/28/2021,SDM,CA,AWP,WE,Federal Contract Tower,0,21,34,0,55,0,0,8,0,8,0,21,42,0,63,38,0,38,101
12/29/2021,SDM,CA,AWP,WE,Federal Contract Tower,0,6,17,0,23,0,0,10,6,16,0,6,27,6,39,26,54,80,119
12/30/2021,SDM,CA,AWP,WE,Federal Contract Tower,0,6,25,0,31,0,0,36,2,38,0,6,61,2,69,130,0,130,199
12/31/2021,SDM,CA,AWP,WE,Federal Contract Tower,0,5,25,0,30,0,0,25,4,29,0,5,50,4,59,76,0,76,135
01/01/2022,SDM,CA,AWP,WE,Federal Contract Tower,0,7,16,0,23,0,0,41,0,41,0,7,57,0,64,50,0,50,114
01/02/2022,SDM,CA,AWP,WE,Federal Contract Tower,0,24,51,0,75,0,0,95,0,95,0,24,146,0,170,116,0,116,286
01/03/2022,SDM,CA,AWP,WE,Federal Contract Tower,0,20,34,0,54,0,0,59,0,59,0,20,93,0,113,138,0,138,251
01/04/2022,SDM,CA,AWP,WE,Federal Contract Tower,0,9,26,0,35,0,0,86,8,94,0,9,112,8,129,160,16,176,305
01/05/2022,SDM,CA,AWP,WE,Federal Contract Tower,0,6,33,0,39,0,0,82,17,99,0,6,115,17,138,224,0,224,362
01/06/2022,SDM,CA,AWP,WE,Federal Contract Tower,0,5,31,0,36,0,0,90,0,90,0,5,121,0,126,182,0,182,308
01/07/2022,SDM,CA,AWP,WE,Federal Contract Tower,0,8,16,5,29,0,0,29,3,32,0,8,45,8,61,0,0,0,61
01/08/2022,SDM,CA,AWP,WE,Federal Contract Tower,0,3,17,5,25,0,0,51,15,66,0,3,68,20,91,86,4,90,181
01/09/2022,SDM,CA,AWP,WE,Federal Contract Tower,0,7,13,8,28,0,0,85,12,97,0,7,98,20,125,0,0,0,125
01/10/2022,SDM,CA,AWP,WE,Federal Contract Tower,0,11,16,0,27,0,0,55,0,55,0,11,71,0,82,0,0,0,82
01/11/2022,SDM,CA,AWP,WE,Federal Contract Tower,0,1,14,1,16,0,0,72,38,110,0,1,86,39,126,100,26,126,252
01/12/2022,SDM,CA,AWP,WE,Federal Contract Tower,0,11,17,3,31,0,0,88,29,117,0,11,105,32,148,322,0,322,470
01/13/2022,SDM,CA,AWP,WE,Federal Contract Tower,0,8,24,2,34,0,0,82,2,84,0,8,106,4,118,180,0,180,298
01/14/2022,SDM,CA,AWP,WE,Federal Contract Tower,0,10,23,1,34,0,0,113,31,144,0,10,136,32,178,226,120,346,524
01/15/2022,SDM,CA,AWP,WE,Federal Contract Tower,0,8,13,9,30,0,0,33,6,39,0,8,46,15,69,112,2,114,183
01/16/2022,SDM,CA,AWP,WE,Federal Contract Tower,0,11,16,2,29,0,0,76,12,88,0,11,92,14,117,152,0,152,269
01/17/2022,SDM,CA,AWP,WE,Federal Contract Tower,0,7,26,3,36,0,0,73,0,73,0,7,99,3,109,156,0,156,265
01/18/2022,SDM,CA,AWP,WE,Federal Contract Tower,0,5,17,1,23,0,0,35,0,35,0,5,52,1,58,130,0,130,188
01/19/2022,SDM,CA,AWP,WE,Federal Contract Tower,0,13,24,0,37,0,0,76,26,102,0,13,100,26,139,192,16,208,347
01/20/2022,SDM,CA,AWP,WE,Federal Contract Tower,0,9,27,0,36,0,1,100,2,103,0,10,127,2,139,246,8,254,393
01/21/2022,SDM,CA,AWP,WE,Federal Contract Tower,0,15,28,7,50,0,0,107,16,123,0,15,135,23,173,174,2,176,349
01/22/2022,SDM,CA,AWP,WE,Federal Contract Tower,2,3,14,15,34,0,0,110,11,121,2,3,124,26,155,212,6,218,373
01/23/2022,SDM,CA,AWP,WE,Federal Contract Tower,0,19,27,8,54,0,0,109,13,122,0,19,136,21,176,174,0,174,350
01/24/2022,SDM,CA,AWP,WE,Federal Contract Tower,0,7,21,3,31,0,0,118,15,133,0,7,139,18,164,138,0,138,302
01/25/2022,SDM,CA,AWP,WE,Federal Contract Tower,0,7,12,0,19,0,0,78,42,120,0,7,90,42,139,162,2,164,303
01/26/2022,SDM,CA,AWP,WE,Federal Contract Tower,0,11,34,1,46,0,0,92,36,128,0,11,126,37,174,272,4,276,450
01/27/2022,SDM,CA,AWP,WE,Federal Contract Tower,0,6,22,0,28,0,0,95,24,119,0,6,117,24,147,196,0,196,343
01/28/2022,SDM,CA,AWP,WE,Federal Contract Tower,0,5,19,3,27,0,0,28,25,53,0,5,47,28,80,158,0,158,238
01/29/2022,SDM,CA,AWP,WE,Federal Contract Tower,0,2,25,0,27,0,0,74,18,92,0,2,99,18,119,108,0,108,227
01/30/2022,SDM,CA,AWP,WE,Federal Contract Tower,0,7,21,1,29,0,0,91,12,103,0,7,112,13,132,180,0,180,312
01/31/2022,SDM,CA,AWP,WE,Federal Contract Tower,0,2,21,0,23,0,1,89,28,118,0,3,110,28,141,160,0,160,301
02/01/2022,SDM,CA,AWP,WE,Federal Contract Tower,0,7,21,0,28,0,0,52,18,70,0,7,73,18,98,106,0,106,204
02/02/2022,SDM,CA,AWP,WE,Federal Contract Tower,0,8,12,0,20,0,0,102,14,116,0,8,114,14,136,26,0,26,162
02/03/2022,SDM,CA,AWP,WE,Federal Contract Tower,0,0,0,0,0,0,0,0,0,0,0,0,0,0,0,0,0,0,0
02/04/2022,SDM,CA,AWP,WE,Federal Contract Tower,0,0,0,0,0,0,0,0,0,0,0,0,0,0,0,0,0,0,0
02/05/2022,SDM,CA,AWP,WE,Federal Contract Tower,0,0,0,0,0,0,0,0,0,0,0,0,0,0,0,0,0,0,0
02/06/2022,SDM,CA,AWP,WE,Federal Contract Tower,0,0,0,0,0,0,0,0,0,0,0,0,0,0,0,0,0,0,0
02/07/2022,SDM,CA,AWP,WE,Federal Contract Tower,0,0,0,0,0,0,0,0,0,0,0,0,0,0,0,0,0,0,0
02/08/2022,SDM,CA,AWP,WE,Federal Contract Tower,0,3,9,0,12,0,0,70,10,80,0,3,79,10,92,240,0,240,332
02/09/2022,SDM,CA,AWP,WE,Federal Contract Tower,0,8,16,3,27,0,0,59,10,69,0,8,75,13,96,144,8,152,248
02/10/2022,SDM,CA,AWP,WE,Federal Contract Tower,0,8,19,2,29,0,0,63,6,69,0,8,82,8,98,176,0,176,274
02/11/2022,SDM,CA,AWP,WE,Federal Contract Tower,0,6,24,6,36,0,0,68,25,93,0,6,92,31,129,170,2,172,301
02/12/2022,SDM,CA,AWP,WE,Federal Contract Tower,0,4,23,3,30,0,0,92,12,104,0,4,115,15,134,154,6,160,294
02/13/2022,SDM,CA,AWP,WE,Federal Contract Tower,0,1,35,2,38,0,0,93,15,108,0,1,128,17,146,96,0,96,242
02/14/2022,SDM,CA,AWP,WE,Federal Contract Tower,0,12,31,3,46,0,0,99,17,116,0,12,130,20,162,232,0,232,394
02/15/2022,SDM,CA,AWP,WE,Federal Contract Tower,0,8,14,7,29,0,0,5,0,5,0,8,19,7,34,110,0,110,144
02/16/2022,SDM,CA,AWP,WE,Federal Contract Tower,0,17,18,2,37,0,1,72,30,103,0,18,90,32,140,164,2,166,306
02/17/2022,SDM,CA,AWP,WE,Federal Contract Tower,0,20,29,3,52,0,2,86,4,92,0,22,115,7,144,144,0,144,288
02/18/2022,SDM,CA,AWP,WE,Federal Contract Tower,0,13,28,2,43,0,0,103,15,118,0,13,131,17,161,214,36,250,411
02/19/2022,SDM,CA,AWP,WE,Federal Contract Tower,2,21,25,3,51,0,0,114,6,120,2,21,139,9,171,124,0,124,295
02/20/2022,SDM,CA,AWP,WE,Federal Contract Tower,1,9,23,0,33,0,0,98,4,102,1,9,121,4,135,146,0,146,281
02/21/2022,SDM,CA,AWP,WE,Federal Contract Tower,1,16,46,1,64,0,0,15,0,15,1,16,61,1,79,230,0,230,309
02/22/2022,SDM,CA,AWP,WE,Federal Contract Tower,0,9,12,0,21,0,0,8,0,8,0,9,20,0,29,44,0,44,73
02/23/2022,SDM,CA,AWP,WE,Federal Contract Tower,5,4,17,0,26,0,0,23,0,23,5,4,40,0,49,84,0,84,133
02/24/2022,SDM,CA,AWP,WE,Federal Contract Tower,2,13,34,0,49,0,1,98,10,109,2,14,132,10,158,68,0,68,226
02/25/2022,SDM,CA,AWP,WE,Federal Contract Tower,1,21,35,0,57,0,0,105,18,123,1,21,140,18,180,154,8,162,342
02/26/2022,SDM,CA,AWP,WE,Federal Contract Tower,1,11,24,0,36,0,0,122,20,142,1,11,146,20,178,216,2,218,396
02/27/2022,SDM,CA,AWP,WE,Federal Contract Tower,0,15,45,5,65,0,2,129,4,135,0,17,174,9,200,80,0,80,280
02/28/2022,SDM,CA,AWP,WE,Federal Contract Tower,4,20,20,0,44,0,0,92,0,92,4,20,112,0,136,166,0,166,302
03/01/2022,SDM,CA,AWP,WE,Federal Contract Tower,2,6,28,0,36,0,0,97,2,99,2,6,125,2,135,272,0,272,407
03/02/2022,SDM,CA,AWP,WE,Federal Contract Tower,4,11,19,0,34,0,0,99,4,103,4,11,118,4,137,212,24,236,373
03/03/2022,SDM,CA,AWP,WE,Federal Contract Tower,5,10,25,0,40,0,0,62,3,65,5,10,87,3,105,58,16,74,179
03/04/2022,SDM,CA,AWP,WE,Federal Contract Tower,2,9,10,1,22,0,0,12,5,17,2,9,22,6,39,24,16,40,79
03/05/2022,SDM,CA,AWP,WE,Federal Contract Tower,3,11,15,2,31,0,0,32,0,32,3,11,47,2,63,130,0,130,193
03/06/2022,SDM,CA,AWP,WE,Federal Contract Tower,2,7,47,2,58,0,0,89,3,92,2,7,136,5,150,166,0,166,316
03/07/2022,SDM,CA,AWP,WE,Federal Contract Tower,4,10,21,1,36,0,0,83,18,101,4,10,104,19,137,134,18,152,289
03/08/2022,SDM,CA,AWP,WE,Federal Contract Tower,2,11,27,0,40,0,1,94,39,134,2,12,121,39,174,164,2,166,340
03/09/2022,SDM,CA,AWP,WE,Federal Contract Tower,3,13,30,0,46,0,0,96,43,139,3,13,126,43,185,202,10,212,397
03/10/2022,SDM,CA,AWP,WE,Federal Contract Tower,2,14,22,2,40,0,0,55,30,85,2,14,77,32,125,130,0,130,255
03/11/2022,SDM,CA,AWP,WE,Federal Contract Tower,0,2,22,0,24,0,0,103,20,123,0,2,125,20,147,262,16,278,425
03/12/2022,SDM,CA,AWP,WE,Federal Contract Tower,1,9,26,3,39,0,0,113,9,122,1,9,139,12,161,172,0,172,333
03/13/2022,SDM,CA,AWP,WE,Federal Contract Tower,1,8,29,0,38,0,0,106,19,125,1,8,135,19,163,160,0,160,323
03/14/2022,SDM,CA,AWP,WE,Federal Contract Tower,4,6,12,2,24,0,0,73,18,91,4,6,85,20,115,188,0,188,303
03/15/2022,SDM,CA,AWP,WE,Federal Contract Tower,1,6,27,0,34,0,0,82,6,88,1,6,109,6,122,152,0,152,274
03/16/2022,SDM,CA,AWP,WE,Federal Contract Tower,0,3,24,1,28,0,0,73,8,81,0,3,97,9,109,112,0,112,221
03/17/2022,SDM,CA,AWP,WE,Federal Contract Tower,0,11,31,0,42,0,0,112,12,124,0,11,143,12,166,180,8,188,354
03/18/2022,SDM,CA,AWP,WE,Federal Contract Tower,2,8,20,0,30,0,0,107,12,119,2,8,127,12,149,190,0,190,339
03/19/2022,SDM,CA,AWP,WE,Federal Contract Tower,0,1,23,1,25,0,1,114,14,129,0,2,137,15,154,116,0,116,270
03/20/2022,SDM,CA,AWP,WE,Federal Contract Tower,0,16,37,0,53,0,0,40,18,58,0,16,77,18,111,76,0,76,187
03/21/2022,SDM,CA,AWP,WE,Federal Contract Tower,0,13,30,1,44,0,0,99,10,109,0,13,129,11,153,84,0,84,237
03/22/2022,SDM,CA,AWP,WE,Federal Contract Tower,1,18,21,1,41,0,0,91,7,98,1,18,112,8,139,190,0,190,329
03/23/2022,SDM,CA,AWP,WE,Federal Contract Tower,2,11,22,0,35,0,1,109,17,127,2,12,131,17,162,190,0,190,352
03/24/2022,SDM,CA,AWP,WE,Federal Contract Tower,2,17,15,1,35,0,0,112,21,133,2,17,127,22,168,162,10,172,340
03/25/2022,SDM,CA,AWP,WE,Federal Contract Tower,0,7,36,11,54,0,0,96,9,105,0,7,132,20,159,180,24,204,363
03/26/2022,SDM,CA,AWP,WE,Federal Contract Tower,0,5,21,6,32,0,0,98,4,102,0,5,119,10,134,100,0,100,234
03/27/2022,SDM,CA,AWP,WE,Federal Contract Tower,0,13,31,4,48,0,2,70,12,84,0,15,101,16,132,60,2,62,194
03/28/2022,SDM,CA,AWP,WE,Federal Contract Tower,1,14,26,1,42,0,0,18,0,18,1,14,44,1,60,32,0,32,92
03/29/2022,SDM,CA,AWP,WE,Federal Contract Tower,0,7,32,0,39,0,0,48,0,48,0,7,80,0,87,94,0,94,181
03/30/2022,SDM,CA,AWP,WE,Federal Contract Tower,2,5,21,0,28,0,0,83,0,83,2,5,104,0,111,128,0,128,239
03/31/2022,SDM,CA,AWP,WE,Federal Contract Tower,0,2,30,0,32,0,0,12,2,14,0,2,42,2,46,78,14,92,138
04/01/2022,SDM,CA,AWP,WE,Federal Contract Tower,0,11,21,0,32,0,0,121,6,127,0,11,142,6,159,196,0,196,355
04/02/2022,SDM,CA,AWP,WE,Federal Contract Tower,0,5,14,5,24,0,0,7,2,9,0,5,21,7,33,52,0,52,85
04/03/2022,SDM,CA,AWP,WE,Federal Contract Tower,0,4,31,6,41,0,0,11,0,11,0,4,42,6,52,84,0,84,136
04/04/2022,SDM,CA,AWP,WE,Federal Contract Tower,2,11,19,0,32,0,1,61,0,62,2,12,80,0,94,212,0,212,306
04/05/2022,SDM,CA,AWP,WE,Federal Contract Tower,0,8,19,0,27,0,0,59,16,75,0,8,78,16,102,132,16,148,250
04/06/2022,SDM,CA,AWP,WE,Federal Contract Tower,0,11,18,1,30,0,0,105,14,119,0,11,123,15,149,232,2,234,383
04/07/2022,SDM,CA,AWP,WE,Federal Contract Tower,2,24,13,0,39,0,0,80,2,82,2,24,93,2,121,262,0,262,383
04/08/2022,SDM,CA,AWP,WE,Federal Contract Tower,0,13,34,2,49,0,0,95,6,101,0,13,129,8,150,170,0,170,320
04/09/2022,SDM,CA,AWP,WE,Federal Contract Tower,0,19,30,0,49,0,0,136,16,152,0,19,166,16,201,104,0,104,305
04/10/2022,SDM,CA,AWP,WE,Federal Contract Tower,0,6,37,4,47,0,0,69,10,79,0,6,106,14,126,80,0,80,206
04/11/2022,SDM,CA,AWP,WE,Federal Contract Tower,0,11,23,4,38,0,0,53,0,53,0,11,76,4,91,124,0,124,215
04/12/2022,SDM,CA,AWP,WE,Federal Contract Tower,2,10,28,0,40,0,1,34,2,37,2,11,62,2,77,34,0,34,111
04/13/2022,SDM,CA,AWP,WE,Federal Contract Tower,0,12,19,0,31,0,1,76,6,83,0,13,95,6,114,164,0,164,278
04/14/2022,SDM,CA,AWP,WE,Federal Contract Tower,0,10,28,0,38,0,0,84,11,95,0,10,112,11,133,242,4,246,379
04/15/2022,SDM,CA,AWP,WE,Federal Contract Tower,0,14,25,3,42,0,0,92,12,104,0,14,117,15,146,124,2,126,272
04/16/2022,SDM,CA,AWP,WE,Federal Contract Tower,0,13,22,5,40,0,0,85,16,101,0,13,107,21,141,62,0,62,203
04/17/2022,SDM,CA,AWP,WE,Federal Contract Tower,0,8,43,1,52,0,0,65,10,75,0,8,108,11,127,54,2,56,183
04/18/2022,SDM,CA,AWP,WE,Federal Contract Tower,0,2,37,1,40,0,0,65,0,65,0,2,102,1,105,176,0,176,281
04/19/2022,SDM,CA,AWP,WE,Federal Contract Tower,0,6,10,0,16,0,0,62,0,62,0,6,72,0,78,156,0,156,234
04/20/2022,SDM,CA,AWP,WE,Federal Contract Tower,0,5,27,0,32,0,0,78,6,84,0,5,105,6,116,264,0,264,380
04/21/2022,SDM,CA,AWP,WE,Federal Contract Tower,0,10,26,0,36,0,0,81,2,83,0,10,107,2,119,294,0,294,413
04/22/2022,SDM,CA,AWP,WE,Federal Contract Tower,0,9,15,0,24,0,0,44,0,44,0,9,59,0,68,120,0,120,188
04/23/2022,SDM,CA,AWP,WE,Federal Contract Tower,0,7,29,1,37,0,1,133,2,136,0,8,162,3,173,138,0,138,311
04/24/2022,SDM,CA,AWP,WE,Federal Contract Tower,0,11,60,1,72,0,1,90,2,93,0,12,150,3,165,128,0,128,293
04/25/2022,SDM,CA,AWP,WE,Federal Contract Tower,0,11,18,1,30,0,0,84,6,90,0,11,102,7,120,234,0,234,354
04/26/2022,SDM,CA,AWP,WE,Federal Contract Tower,0,7,28,0,35,0,0,77,8,85,0,7,105,8,120,174,34,208,328
04/27/2022,SDM,CA,AWP,WE,Federal Contract Tower,0,11,23,0,34,0,0,67,0,67,0,11,90,0,101,212,0,212,313
04/28/2022,SDM,CA,AWP,WE,Federal Contract Tower,0,9,41,0,50,0,0,60,2,62,0,9,101,2,112,200,0,200,312
04/29/2022,SDM,CA,AWP,WE,Federal Contract Tower,0,9,28,4,41,0,0,111,10,121,0,9,139,14,162,268,0,268,430
04/30/2022,SDM,CA,AWP,WE,Federal Contract Tower,2,3,21,1,27,0,0,114,12,126,2,3,135,13,153,124,0,124,277
05/01/2022,SDM,CA,AWP,WE,Federal Contract Tower,0,8,34,3,45,0,0,68,8,76,0,8,102,11,121,84,0,84,205
05/02/2022,SDM,CA,AWP,WE,Federal Contract Tower,0,4,27,0,31,0,0,76,6,82,0,4,103,6,113,98,0,98,211
05/03/2022,SDM,CA,AWP,WE,Federal Contract Tower,0,5,7,1,13,0,0,54,24,78,0,5,61,25,91,128,22,150,241
05/04/2022,SDM,CA,AWP,WE,Federal Contract Tower,0,5,25,2,32,0,0,86,24,110,0,5,111,26,142,204,0,204,346
05/05/2022,SDM,CA,AWP,WE,Federal Contract Tower,0,12,17,0,29,0,0,79,26,105,0,12,96,26,134,148,0,148,282
05/06/2022,SDM,CA,AWP,WE,Federal Contract Tower,0,11,25,0,36,0,0,102,10,112,0,11,127,10,148,100,4,104,252
05/07/2022,SDM,CA,AWP,WE,Federal Contract Tower,0,5,32,2,39,0,1,81,1,83,0,6,113,3,122,98,0,98,220
05/08/2022,SDM,CA,AWP,WE,Federal Contract Tower,0,6,31,6,43,0,0,22,3,25,0,6,53,9,68,112,0,112,180
05/09/2022,SDM,CA,AWP,WE,Federal Contract Tower,0,7,18,0,25,0,1,78,4,83,0,8,96,4,108,70,0,70,178
05/10/2022,SDM,CA,AWP,WE,Federal Contract Tower,0,3,17,0,20,0,0,82,4,86,0,3,99,4,106,170,2,172,278
05/11/2022,SDM,CA,AWP,WE,Federal Contract Tower,0,4,24,3,31,0,0,102,2,104,0,4,126,5,135,158,12,170,305
05/12/2022,SDM,CA,AWP,WE,Federal Contract Tower,0,7,33,0,40,0,0,115,0,115,0,7,148,0,155,124,0,124,279
05/13/2022,SDM,CA,AWP,WE,Federal Contract Tower,0,5,19,9,33,0,0,86,3,89,0,5,105,12,122,174,8,182,304
05/14/2022,SDM,CA,AWP,WE,Federal Contract Tower,0,2,18,3,23,0,2,133,1,136,0,4,151,4,159,206,0,206,365
05/15/2022,SDM,CA,AWP,WE,Federal Contract Tower,0,11,45,6,62,0,0,80,7,87,0,11,125,13,149,212,0,212,361
05/16/2022,SDM,CA,AWP,WE,Federal Contract Tower,1,8,28,3,40,0,0,62,0,62,1,8,90,3,102,112,0,112,214
05/17/2022,SDM,CA,AWP,WE,Federal Contract Tower,0,8,17,2,27,0,1,52,5,58,0,9,69,7,85,148,0,148,233
05/18/2022,SDM,CA,AWP,WE,Federal Contract Tower,0,11,29,1,41,0,0,90,5,95,0,11,119,6,136,188,0,188,324
05/19/2022,SDM,CA,AWP,WE,Federal Contract Tower,0,5,25,0,30,0,0,76,0,76,0,5,101,0,106,258,0,258,364
05/20/2022,SDM,CA,AWP,WE,Federal Contract Tower,0,0,19,3,22,0,0,34,6,40,0,0,53,9,62,136,6,142,204
05/21/2022,SDM,CA,AWP,WE,Federal Contract Tower,0,7,11,0,18,0,0,14,4,18,0,7,25,4,36,136,10,146,182
05/22/2022,SDM,CA,AWP,WE,Federal Contract Tower,0,8,29,2,39,0,1,59,0,60,0,9,88,2,99,138,0,138,237
05/23/2022,SDM,CA,AWP,WE,Federal Contract Tower,0,5,14,1,20,0,0,73,2,75,0,5,87,3,95,138,0,138,233
05/24/2022,SDM,CA,AWP,WE,Federal Contract Tower,0,12,24,2,38,0,0,60,2,62,0,12,84,4,100,140,0,140,240
05/25/2022,SDM,CA,AWP,WE,Federal Contract Tower,0,9,15,0,24,0,0,75,2,77,0,9,90,2,101,180,0,180,281
05/26/2022,SDM,CA,AWP,WE,Federal Contract Tower,0,11,34,1,46,0,0,65,3,68,0,11,99,4,114,210,0,210,324
05/27/2022,SDM,CA,AWP,WE,Federal Contract Tower,0,8,18,0,26,0,0,69,4,73,0,8,87,4,99,146,28,174,273
05/28/2022,SDM,CA,AWP,WE,Federal Contract Tower,0,6,14,0,20,0,0,23,0,23,0,6,37,0,43,118,0,118,161
05/29/2022,SDM,CA,AWP,WE,Federal Contract Tower,0,8,13,0,21,0,0,85,0,85,0,8,98,0,106,86,0,86,192
05/30/2022,SDM,CA,AWP,WE,Federal Contract Tower,0,24,44,0,68,0,0,114,0,114,0,24,158,0,182,150,0,150,332
05/31/2022,SDM,CA,AWP,WE,Federal Contract Tower,0,12,21,0,33,0,0,89,0,89,0,12,110,0,122,128,0,128,250
06/01/2022,SDM,CA,AWP,WE,Federal Contract Tower,0,11,30,3,44,0,0,70,0,70,0,11,100,3,114,194,0,194,308
06/02/2022,SDM,CA,AWP,WE,Federal Contract Tower,0,5,23,0,28,0,1,73,4,78,0,6,96,4,106,106,0,106,212
06/03/2022,SDM,CA,AWP,WE,Federal Contract Tower,0,3,27,1,31,0,0,72,12,84,0,3,99,13,115,200,0,200,315
06/04/2022,SDM,CA,AWP,WE,Federal Contract Tower,0,8,23,3,34,0,0,96,18,114,0,8,119,21,148,112,0,112,260
06/05/2022,SDM,CA,AWP,WE,Federal Contract Tower,2,13,30,3,48,0,1,99,13,113,2,14,129,16,161,96,2,98,259
06/06/2022,SDM,CA,AWP,WE,Federal Contract Tower,0,14,29,3,46,0,0,64,1,65,0,14,93,4,111,138,0,138,249
06/07/2022,SDM,CA,AWP,WE,Federal Contract Tower,0,11,22,2,35,0,0,64,2,66,0,11,86,4,101,116,0,116,217
06/08/2022,SDM,CA,AWP,WE,Federal Contract Tower,0,10,14,3,27,0,0,89,0,89,0,10,103,3,116,182,0,182,298
06/09/2022,SDM,CA,AWP,WE,Federal Contract Tower,0,14,17,1,32,0,0,65,6,71,0,14,82,7,103,160,4,164,267
06/10/2022,SDM,CA,AWP,WE,Federal Contract Tower,0,7,16,5,28,0,0,86,10,96,0,7,102,15,124,96,4,100,224
06/11/2022,SDM,CA,AWP,WE,Federal Contract Tower,0,14,13,1,28,0,1,159,10,170,0,15,172,11,198,94,0,94,292
06/12/2022,SDM,CA,AWP,WE,Federal Contract Tower,0,4,18,3,25,0,0,76,7,83,0,4,94,10,108,112,0,112,220
06/13/2022,SDM,CA,AWP,WE,Federal Contract Tower,0,15,17,0,32,0,0,47,0,47,0,15,64,0,79,92,0,92,171
06/14/2022,SDM,CA,AWP,WE,Federal Contract Tower,0,7,19,3,29,0,0,59,1,60,0,7,78,4,89,116,2,118,207
06/15/2022,SDM,CA,AWP,WE,Federal Contract Tower,0,7,23,2,32,0,0,77,0,77,0,7,100,2,109,124,0,124,233
06/16/2022,SDM,CA,AWP,WE,Federal Contract Tower,0,6,27,4,37,0,0,88,0,88,0,6,115,4,125,400,8,408,533
06/17/2022,SDM,CA,AWP,WE,Federal Contract Tower,0,10,21,1,32,0,0,90,2,92,0,10,111,3,124,204,0,204,328
06/18/2022,SDM,CA,AWP,WE,Federal Contract Tower,0,7,6,3,16,0,0,104,4,108,0,7,110,7,124,144,2,146,270
06/19/2022,SDM,CA,AWP,WE,Federal Contract Tower,0,4,19,0,23,0,0,69,0,69,0,4,88,0,92,30,0,30,122
06/20/2022,SDM,CA,AWP,WE,Federal Contract Tower,0,9,10,4,23,0,0,90,0,90,0,9,100,4,113,128,0,128,241
06/21/2022,SDM,CA,AWP,WE,Federal Contract Tower,0,9,27,0,36,0,0,96,12,108,0,9,123,12,144,164,0,164,308
06/22/2022,SDM,CA,AWP,WE,Federal Contract Tower,0,16,14,0,30,0,0,71,12,83,0,16,85,12,113,210,0,210,323
06/23/2022,SDM,CA,AWP,WE,Federal Contract Tower,0,8,17,0,25,0,1,67,21,89,0,9,84,21,114,146,0,146,260
06/24/2022,SDM,CA,AWP,WE,Federal Contract Tower,0,16,19,2,37,0,1,61,21,83,0,17,80,23,120,122,6,128,248
06/25/2022,SDM,CA,AWP,WE,Federal Contract Tower,0,9,30,1,40,0,0,96,0,96,0,9,126,1,136,122,0,122,258
06/26/2022,SDM,CA,AWP,WE,Federal Contract Tower,0,12,38,0,50,0,0,100,0,100,0,12,138,0,150,100,0,100,250
06/27/2022,SDM,CA,AWP,WE,Federal Contract Tower,0,13,14,1,28,0,0,61,2,63,0,13,75,3,91,100,0,100,191
06/28/2022,SDM,CA,AWP,WE,Federal Contract Tower,0,4,16,0,20,0,0,70,10,80,0,4,86,10,100,168,10,178,278
06/29/2022,SDM,CA,AWP,WE,Federal Contract Tower,0,5,28,0,33,0,0,86,4,90,0,5,114,4,123,176,0,176,299
06/30/2022,SDM,CA,AWP,WE,Federal Contract Tower,0,14,16,0,30,0,2,76,0,78,0,16,92,0,108,182,0,182,290
07/01/2022,SDM,CA,AWP,WE,Federal Contract Tower,0,8,30,0,38,0,1,81,3,85,0,9,111,3,123,196,0,196,319
07/02/2022,SDM,CA,AWP,WE,Federal Contract Tower,0,10,30,0,40,0,0,104,0,104,0,10,134,0,144,154,0,154,298
07/03/2022,SDM,CA,AWP,WE,Federal Contract Tower,0,7,17,1,25,0,0,100,0,100,0,7,117,1,125,120,0,120,245
07/04/2022,SDM,CA,AWP,WE,Federal Contract Tower,0,4,13,0,17,0,0,82,0,82,0,4,95,0,99,52,0,52,151
07/05/2022,SDM,CA,AWP,WE,Federal Contract Tower,2,5,22,0,29,0,2,78,0,80,2,7,100,0,109,216,0,216,325
07/06/2022,SDM,CA,AWP,WE,Federal Contract Tower,0,7,24,2,33,0,0,59,0,59,0,7,83,2,92,128,0,128,220
07/07/2022,SDM,CA,AWP,WE,Federal Contract Tower,0,9,14,1,24,0,0,78,0,78,0,9,92,1,102,188,0,188,290
07/08/2022,SDM,CA,AWP,WE,Federal Contract Tower,0,7,27,8,42,0,0,111,3,114,0,7,138,11,156,196,18,214,370
07/09/2022,SDM,CA,AWP,WE,Federal Contract Tower,0,3,11,0,14,0,0,144,6,150,0,3,155,6,164,170,16,186,350
07/10/2022,SDM,CA,AWP,WE,Federal Contract Tower,0,1,14,6,21,0,0,69,0,69,0,1,83,6,90,86,0,86,176
07/11/2022,SDM,CA,AWP,WE,Federal Contract Tower,0,15,23,0,38,0,0,95,4,99,0,15,118,4,137,144,6,150,287
07/12/2022,SDM,CA,AWP,WE,Federal Contract Tower,0,6,33,1,40,0,0,75,0,75,0,6,108,1,115,100,0,100,215
07/13/2022,SDM,CA,AWP,WE,Federal Contract Tower,0,4,25,3,32,0,0,64,0,64,0,4,89,3,96,72,0,72,168
07/14/2022,SDM,CA,AWP,WE,Federal Contract Tower,0,3,19,0,22,0,0,74,0,74,0,3,93,0,96,136,0,136,232
07/15/2022,SDM,CA,AWP,WE,Federal Contract Tower,0,11,15,5,31,0,0,84,4,88,0,11,99,9,119,136,6,142,261
07/16/2022,SDM,CA,AWP,WE,Federal Contract Tower,0,4,16,2,22,0,0,113,8,121,0,4,129,10,143,74,0,74,217
07/17/2022,SDM,CA,AWP,WE,Federal Contract Tower,0,9,24,2,35,0,1,89,8,98,0,10,113,10,133,46,8,54,187
07/18/2022,SDM,CA,AWP,WE,Federal Contract Tower,2,10,21,0,33,0,0,96,4,100,2,10,117,4,133,214,0,214,347
07/19/2022,SDM,CA,AWP,WE,Federal Contract Tower,0,2,15,2,19,0,0,61,10,71,0,2,76,12,90,176,0,176,266
07/20/2022,SDM,CA,AWP,WE,Federal Contract Tower,0,4,15,0,19,0,0,62,2,64,0,4,77,2,83,178,0,178,261
07/21/2022,SDM,CA,AWP,WE,Federal Contract Tower,0,5,27,3,35,0,1,88,12,101,0,6,115,15,136,160,0,160,296
07/22/2022,SDM,CA,AWP,WE,Federal Contract Tower,0,19,24,1,44,0,0,76,4,80,0,19,100,5,124,62,8,70,194
07/23/2022,SDM,CA,AWP,WE,Federal Contract Tower,0,8,15,0,23,0,0,105,0,105,0,8,120,0,128,126,0,126,254
07/24/2022,SDM,CA,AWP,WE,Federal Contract Tower,0,4,37,2,43,0,0,61,0,61,0,4,98,2,104,114,0,114,218
07/25/2022,SDM,CA,AWP,WE,Federal Contract Tower,4,5,21,2,32,0,1,100,2,103,4,6,121,4,135,148,12,160,295
07/26/2022,SDM,CA,AWP,WE,Federal Contract Tower,0,4,13,1,18,0,0,59,2,61,0,4,72,3,79,134,2,136,215
07/27/2022,SDM,CA,AWP,WE,Federal Contract Tower,0,7,14,0,21,0,0,87,0,87,0,7,101,0,108,260,0,260,368
07/28/2022,SDM,CA,AWP,WE,Federal Contract Tower,0,3,19,0,22,0,0,110,2,112,0,3,129,2,134,158,0,158,292
07/29/2022,SDM,CA,AWP,WE,Federal Contract Tower,0,3,12,5,20,0,1,71,1,73,0,4,83,6,93,158,0,158,251
07/30/2022,SDM,CA,AWP,WE,Federal Contract Tower,0,3,30,4,37,0,0,112,1,113,0,3,142,5,150,102,0,102,252
07/31/2022,SDM,CA,AWP,WE,Federal Contract Tower,0,4,15,3,22,0,0,86,0,86,0,4,101,3,108,138,0,138,246
08/01/2022,SDM,CA,AWP,WE,Federal Contract Tower,0,4,23,0,27,0,0,85,2,87,0,4,108,2,114,204,0,204,318
08/02/2022,SDM,CA,AWP,WE,Federal Contract Tower,0,10,18,0,28,0,0,111,0,111,0,10,129,0,139,130,0,130,269
08/03/2022,SDM,CA,AWP,WE,Federal Contract Tower,0,9,13,2,24,0,0,104,2,106,0,9,117,4,130,246,2,248,378
08/04/2022,SDM,CA,AWP,WE,Federal Contract Tower,0,4,17,0,21,0,0,89,0,89,0,4,106,0,110,120,0,120,230
08/05/2022,SDM,CA,AWP,WE,Federal Contract Tower,0,6,15,5,26,0,0,91,4,95,0,6,106,9,121,164,0,164,285
08/06/2022,SDM,CA,AWP,WE,Federal Contract Tower,0,10,13,3,26,0,0,112,2,114,0,10,125,5,140,162,0,162,302
08/07/2022,SDM,CA,AWP,WE,Federal Contract Tower,0,8,27,3,38,0,0,90,6,96,0,8,117,9,134,98,0,98,232
08/08/2022,SDM,CA,AWP,WE,Federal Contract Tower,0,9,8,4,21,0,0,72,6,78,0,9,80,10,99,152,0,152,251
08/09/2022,SDM,CA,AWP,WE,Federal Contract Tower,0,4,14,2,20,0,0,106,3,109,0,4,120,5,129,218,0,218,347
08/10/2022,SDM,CA,AWP,WE,Federal Contract Tower,0,7,19,0,26,0,0,80,3,83,0,7,99,3,109,158,0,158,267
08/11/2022,SDM,CA,AWP,WE,Federal Contract Tower,0,5,25,1,31,0,0,94,1,95,0,5,119,2,126,198,0,198,324
08/12/2022,SDM,CA,AWP,WE,Federal Contract Tower,0,4,13,0,17,0,0,109,0,109,0,4,122,0,126,168,0,168,294
08/13/2022,SDM,CA,AWP,WE,Federal Contract Tower,0,5,18,5,28,0,0,143,0,143,0,5,161,5,171,162,0,162,333
08/14/2022,SDM,CA,AWP,WE,Federal Contract Tower,0,4,25,0,29,0,2,89,0,91,0,6,114,0,120,112,0,112,232
08/15/2022,SDM,CA,AWP,WE,Federal Contract Tower,0,5,15,1,21,0,1,90,11,102,0,6,105,12,123,108,2,110,233
08/16/2022,SDM,CA,AWP,WE,Federal Contract Tower,0,2,21,0,23,0,0,94,24,118,0,2,115,24,141,168,0,168,309
08/17/2022,SDM,CA,AWP,WE,Federal Contract Tower,0,5,23,1,29,0,0,110,28,138,0,5,133,29,167,258,14,272,439
08/18/2022,SDM,CA,AWP,WE,Federal Contract Tower,0,6,20,0,26,0,0,93,17,110,0,6,113,17,136,250,4,254,390
08/19/2022,SDM,CA,AWP,WE,Federal Contract Tower,0,3,22,0,25,0,0,104,8,112,0,3,126,8,137,222,14,236,373
08/20/2022,SDM,CA,AWP,WE,Federal Contract Tower,0,5,12,0,17,0,0,100,0,100,0,5,112,0,117,104,0,104,221
08/21/2022,SDM,CA,AWP,WE,Federal Contract Tower,0,15,27,2,44,0,1,72,0,73,0,16,99,2,117,96,0,96,213
08/22/2022,SDM,CA,AWP,WE,Federal Contract Tower,0,3,28,0,31,0,0,81,1,82,0,3,109,1,113,248,2,250,363
08/23/2022,SDM,CA,AWP,WE,Federal Contract Tower,0,5,24,0,29,0,0,119,2,121,0,5,143,2,150,236,4,240,390
08/24/2022,SDM,CA,AWP,WE,Federal Contract Tower,2,1,18,1,22,0,0,113,3,116,2,1,131,4,138,294,2,296,434
08/25/2022,SDM,CA,AWP,WE,Federal Contract Tower,0,4,20,0,24,0,0,118,2,120,0,4,138,2,144,226,18,244,388
08/26/2022,SDM,CA,AWP,WE,Federal Contract Tower,0,7,15,0,22,0,0,89,1,90,0,7,104,1,112,202,0,202,314
08/27/2022,SDM,CA,AWP,WE,Federal Contract Tower,0,2,13,0,15,0,0,112,0,112,0,2,125,0,127,90,0,90,217
08/28/2022,SDM,CA,AWP,WE,Federal Contract Tower,0,3,17,1,21,0,0,87,0,87,0,3,104,1,108,96,0,96,204
08/29/2022,SDM,CA,AWP,WE,Federal Contract Tower,0,3,10,0,13,0,0,94,0,94,0,3,104,0,107,190,0,190,297
08/30/2022,SDM,CA,AWP,WE,Federal Contract Tower,0,3,18,0,21,0,0,94,6,100,0,3,112,6,121,206,4,210,331
08/31/2022,SDM,CA,AWP,WE,Federal Contract Tower,0,3,13,0,16,0,2,118,4,124,0,5,131,4,140,282,0,282,422
09/01/2022,SDM,CA,AWP,WE,Federal Contract Tower,0,10,14,0,24,0,0,84,2,86,0,10,98,2,110,210,0,210,320
09/02/2022,SDM,CA,AWP,WE,Federal Contract Tower,0,3,14,0,17,0,0,87,9,96,0,3,101,9,113,222,0,222,335
09/03/2022,SDM,CA,AWP,WE,Federal Contract Tower,0,7,13,0,20,0,0,75,4,79,0,7,88,4,99,96,0,96,195
09/04/2022,SDM,CA,AWP,WE,Federal Contract Tower,0,9,5,0,14,0,0,70,4,74,0,9,75,4,88,62,2,64,152
09/05/2022,SDM,CA,AWP,WE,Federal Contract Tower,0,13,22,0,35,0,1,98,12,111,0,14,120,12,146,108,0,108,254
09/06/2022,SDM,CA,AWP,WE,Federal Contract Tower,0,6,15,3,24,0,0,58,12,70,0,6,73,15,94,84,32,116,210
09/07/2022,SDM,CA,AWP,WE,Federal Contract Tower,0,2,18,2,22,0,0,86,12,98,0,2,104,14,120,94,14,108,228
09/08/2022,SDM,CA,AWP,WE,Federal Contract Tower,0,2,13,0,15,0,0,68,1,69,0,2,81,1,84,74,2,76,160
09/09/2022,SDM,CA,AWP,WE,Federal Contract Tower,0,4,11,1,16,0,0,0,0,0,0,4,11,1,16,0,0,0,16
09/10/2022,SDM,CA,AWP,WE,Federal Contract Tower,0,1,13,1,15,0,0,34,0,34,0,1,47,1,49,102,0,102,151
09/11/2022,SDM,CA,AWP,WE,Federal Contract Tower,0,6,11,0,17,0,0,75,0,75,0,6,86,0,92,60,0,60,152
09/12/2022,SDM,CA,AWP,WE,Federal Contract Tower,0,3,11,3,17,0,0,49,1,50,0,3,60,4,67,92,4,96,163
09/13/2022,SDM,CA,AWP,WE,Federal Contract Tower,0,2,21,0,23,0,0,70,8,78,0,2,91,8,101,108,0,108,209
09/14/2022,SDM,CA,AWP,WE,Federal Contract Tower,0,2,16,0,18,0,0,52,0,52,0,2,68,0,70,278,0,278,348
09/15/2022,SDM,CA,AWP,WE,Federal Contract Tower,0,6,29,0,35,0,0,77,0,77,0,6,106,0,112,180,0,180,292
09/16/2022,SDM,CA,AWP,WE,Federal Contract Tower,0,5,23,0,28,0,0,100,0,100,0,5,123,0,128,124,0,124,252
09/17/2022,SDM,CA,AWP,WE,Federal Contract Tower,0,8,14,0,22,0,0,91,0,91,0,8,105,0,113,64,0,64,177
09/18/2022,SDM,CA,AWP,WE,Federal Contract Tower,0,11,28,1,40,0,0,124,0,124,0,11,152,1,164,56,0,56,220
09/19/2022,SDM,CA,AWP,WE,Federal Contract Tower,0,5,18,0,23,0,0,94,4,98,0,5,112,4,121,144,2,146,267
09/20/2022,SDM,CA,AWP,WE,Federal Contract Tower,0,2,16,1,19,0,0,89,11,100,0,2,105,12,119,210,0,210,329
09/21/2022,SDM,CA,AWP,WE,Federal Contract Tower,0,1,14,2,17,0,1,91,23,115,0,2,105,25,132,176,4,180,312
09/22/2022,SDM,CA,AWP,WE,Federal Contract Tower,0,1,12,9,22,0,0,83,12,95,0,1,95,21,117,130,0,130,247
09/23/2022,SDM,CA,AWP,WE,Federal Contract Tower,0,3,10,7,20,0,0,79,15,94,0,3,89,22,114,86,0,86,200
09/24/2022,SDM,CA,AWP,WE,Federal Contract Tower,0,1,14,3,18,0,0,117,11,128,0,1,131,14,146,34,0,34,180
09/25/2022,SDM,CA,AWP,WE,Federal Contract Tower,0,3,16,3,22,0,0,89,15,104,0,3,105,18,126,90,0,90,216
09/26/2022,SDM,CA,AWP,WE,Federal Contract Tower,0,4,12,7,23,0,0,65,8,73,0,4,77,15,96,138,0,138,234
09/27/2022,SDM,CA,AWP,WE,Federal Contract Tower,0,4,16,1,21,0,0,97,2,99,0,4,113,3,120,152,0,152,272
09/28/2022,SDM,CA,AWP,WE,Federal Contract Tower,0,1,29,0,30,0,0,59,4,63,0,1,88,4,93,146,22,168,261
09/29/2022,SDM,CA,AWP,WE,Federal Contract Tower,0,7,20,2,29,0,0,47,2,49,0,7,67,4,78,114,30,144,222
09/30/2022,SDM,CA,AWP,WE,Federal Contract Tower,1,3,17,1,22,0,1,59,0,60,1,4,76,1,82,150,0,150,232
10/01/2022,SDM,CA,AWP,WE,Federal Contract Tower,0,9,23,3,35,0,0,99,2,101,0,9,122,5,136,108,0,108,244
10/02/2022,SDM,CA,AWP,WE,Federal Contract Tower,0,5,23,2,30,0,0,89,5,94,0,5,112,7,124,80,0,80,204
10/03/2022,SDM,CA,AWP,WE,Federal Contract Tower,2,6,15,0,23,0,0,71,0,71,2,6,86,0,94,46,0,46,140
10/04/2022,SDM,CA,AWP,WE,Federal Contract Tower,0,5,26,1,32,0,0,60,0,60,0,5,86,1,92,126,0,126,218
10/05/2022,SDM,CA,AWP,WE,Federal Contract Tower,0,6,28,0,34,0,1,36,2,39,0,7,64,2,73,46,0,46,119
10/06/2022,SDM,CA,AWP,WE,Federal Contract Tower,1,5,30,1,37,0,0,28,1,29,1,5,58,2,66,70,0,70,136
10/07/2022,SDM,CA,AWP,WE,Federal Contract Tower,0,9,23,1,33,0,1,97,2,100,0,10,120,3,133,192,0,192,325
10/08/2022,SDM,CA,AWP,WE,Federal Contract Tower,0,14,14,0,28,0,1,123,0,124,0,15,137,0,152,162,0,162,314
10/09/2022,SDM,CA,AWP,WE,Federal Contract Tower,0,12,22,1,35,0,0,63,0,63,0,12,85,1,98,70,0,70,168
10/10/2022,SDM,CA,AWP,WE,Federal Contract Tower,1,9,15,0,25,0,0,55,0,55,1,9,70,0,80,118,0,118,198
10/11/2022,SDM,CA,AWP,WE,Federal Contract Tower,0,2,9,0,11,0,0,52,0,52,0,2,61,0,63,180,0,180,243
10/12/2022,SDM,CA,AWP,WE,Federal Contract Tower,0,7,29,0,36,0,0,37,2,39,0,7,66,2,75,146,0,146,221
10/13/2022,SDM,CA,AWP,WE,Federal Contract Tower,0,12,16,0,28,0,0,6,0,6,0,12,22,0,34,72,0,72,106
10/14/2022,SDM,CA,AWP,WE,Federal Contract Tower,0,4,27,0,31,0,0,20,0,20,0,4,47,0,51,78,0,78,129
10/15/2022,SDM,CA,AWP,WE,Federal Contract Tower,0,8,7,0,15,0,0,24,0,24,0,8,31,0,39,152,0,152,191
10/16/2022,SDM,CA,AWP,WE,Federal Contract Tower,2,8,31,0,41,0,1,67,2,70,2,9,98,2,111,122,0,122,233
10/17/2022,SDM,CA,AWP,WE,Federal Contract Tower,3,10,29,1,43,0,0,103,0,103,3,10,132,1,146,226,0,226,372
10/18/2022,SDM,CA,AWP,WE,Federal Contract Tower,0,5,11,0,16,0,0,67,4,71,0,5,78,4,87,118,0,118,205
10/19/2022,SDM,CA,AWP,WE,Federal Contract Tower,0,7,27,0,34,0,1,54,4,59,0,8,81,4,93,180,0,180,273
10/20/2022,SDM,CA,AWP,WE,Federal Contract Tower,0,3,14,0,17,0,1,87,0,88,0,4,101,0,105,220,0,220,325
10/21/2022,SDM,CA,AWP,WE,Federal Contract Tower,0,4,20,8,32,0,0,64,4,68,0,4,84,12,100,228,2,230,330
10/22/2022,SDM,CA,AWP,WE,Federal Contract Tower,0,2,23,9,34,0,0,19,2,21,0,2,42,11,55,118,0,118,173
10/23/2022,SDM,CA,AWP,WE,Federal Contract Tower,1,4,33,11,49,0,0,96,7,103,1,4,129,18,152,150,0,150,302
10/24/2022,SDM,CA,AWP,WE,Federal Contract Tower,1,10,18,1,30,0,0,77,0,77,1,10,95,1,107,170,0,170,277
10/25/2022,SDM,CA,AWP,WE,Federal Contract Tower,0,3,16,0,19,0,1,93,0,94,0,4,109,0,113,240,0,240,353
10/26/2022,SDM,CA,AWP,WE,Federal Contract Tower,0,7,22,0,29,0,1,75,0,76,0,8,97,0,105,276,0,276,381
10/27/2022,SDM,CA,AWP,WE,Federal Contract Tower,0,6,13,1,20,0,0,86,2,88,0,6,99,3,108,216,0,216,324
10/28/2022,SDM,CA,AWP,WE,Federal Contract Tower,0,3,25,6,34,0,0,98,51,149,0,3,123,57,183,220,2,222,405
10/29/2022,SDM,CA,AWP,WE,Federal Contract Tower,0,6,21,4,31,0,0,135,12,147,0,6,156,16,178,130,2,132,310
10/30/2022,SDM,CA,AWP,WE,Federal Contract Tower,2,3,23,7,35,0,0,92,18,110,2,3,115,25,145,110,0,110,255
10/31/2022,SDM,CA,AWP,WE,Federal Contract Tower,2,5,15,1,23,0,0,66,2,68,2,5,81,3,91,204,0,204,295
11/01/2022,SDM,CA,AWP,WE,Federal Contract Tower,0,1,18,4,23,0,0,32,16,48,0,1,50,20,71,114,0,114,185
11/02/2022,SDM,CA,AWP,WE,Federal Contract Tower,0,13,23,11,47,0,0,31,20,51,0,13,54,31,98,96,26,122,220
11/03/2022,SDM,CA,AWP,WE,Federal Contract Tower,0,12,8,3,23,0,0,21,17,38,0,12,29,20,61,56,0,56,117
11/04/2022,SDM,CA,AWP,WE,Federal Contract Tower,0,10,22,0,32,0,0,36,3,39,0,10,58,3,71,46,0,46,117
11/05/2022,SDM,CA,AWP,WE,Federal Contract Tower,0,7,23,3,33,0,0,112,16,128,0,7,135,19,161,220,0,220,381
11/06/2022,SDM,CA,AWP,WE,Federal Contract Tower,0,6,26,6,38,0,2,89,15,106,0,8,115,21,144,150,0,150,294
11/07/2022,SDM,CA,AWP,WE,Federal Contract Tower,0,8,15,6,29,0,0,27,0,27,0,8,42,6,56,130,0,130,186
11/08/2022,SDM,CA,AWP,WE,Federal Contract Tower,0,1,19,0,20,0,0,3,0,3,0,1,22,0,23,12,0,12,35
11/09/2022,SDM,CA,AWP,WE,Federal Contract Tower,0,10,26,2,38,0,0,71,23,94,0,10,97,25,132,280,12,292,424
11/10/2022,SDM,CA,AWP,WE,Federal Contract Tower,2,9,30,0,41,0,0,98,10,108,2,9,128,10,149,248,2,250,399
11/11/2022,SDM,CA,AWP,WE,Federal Contract Tower,0,4,24,1,29,0,0,116,2,118,0,4,140,3,147,306,0,306,453
11/12/2022,SDM,CA,AWP,WE,Federal Contract Tower,0,2,18,1,21,0,0,164,0,164,0,2,182,1,185,100,0,100,285
11/13/2022,SDM,CA,AWP,WE,Federal Contract Tower,0,11,29,4,44,0,0,77,0,77,0,11,106,4,121,100,0,100,221
11/14/2022,SDM,CA,AWP,WE,Federal Contract Tower,0,5,30,3,38,0,0,102,6,108,0,5,132,9,146,126,12,138,284
11/15/2022,SDM,CA,AWP,WE,Federal Contract Tower,0,12,24,2,38,0,0,108,10,118,0,12,132,12,156,180,0,180,336
11/16/2022,SDM,CA,AWP,WE,Federal Contract Tower,0,8,18,2,28,0,0,46,0,46,0,8,64,2,74,122,0,122,196
11/17/2022,SDM,CA,AWP,WE,Federal Contract Tower,0,7,23,2,32,0,0,110,0,110,0,7,133,2,142,140,0,140,282
11/18/2022,SDM,CA,AWP,WE,Federal Contract Tower,0,13,28,1,42,0,0,102,9,111,0,13,130,10,153,134,22,156,309
11/19/2022,SDM,CA,AWP,WE,Federal Contract Tower,0,15,40,0,55,0,0,121,14,135,0,15,161,14,190,170,0,170,360
11/20/2022,SDM,CA,AWP,WE,Federal Contract Tower,0,9,37,0,46,0,0,112,12,124,0,9,149,12,170,162,0,162,332
11/21/2022,SDM,CA,AWP,WE,Federal Contract Tower,0,9,33,0,42,0,0,103,0,103,0,9,136,0,145,146,0,146,291
11/22/2022,SDM,CA,AWP,WE,Federal Contract Tower,0,10,27,0,37,0,1,96,1,98,0,11,123,1,135,152,0,152,287
11/23/2022,SDM,CA,AWP,WE,Federal Contract Tower,0,12,17,1,30,0,0,104,0,104,0,12,121,1,134,160,0,160,294
11/24/2022,SDM,CA,AWP,WE,Federal Contract Tower,0,3,10,0,13,0,0,17,0,17,0,3,27,0,30,16,0,16,46
11/25/2022,SDM,CA,AWP,WE,Federal Contract Tower,0,2,27,3,32,0,1,100,0,101,0,3,127,3,133,96,0,96,229
11/26/2022,SDM,CA,AWP,WE,Federal Contract Tower,0,12,36,0,48,0,1,101,0,102,0,13,137,0,150,94,0,94,244
11/27/2022,SDM,CA,AWP,WE,Federal Contract Tower,0,6,67,1,74,0,1,75,0,76,0,7,142,1,150,28,0,28,178
11/28/2022,SDM,CA,AWP,WE,Federal Contract Tower,1,11,31,0,43,0,0,24,0,24,1,11,55,0,67,192,0,192,259
11/29/2022,SDM,CA,AWP,WE,Federal Contract Tower,0,8,21,0,29,0,0,65,0,65,0,8,86,0,94,138,0,138,232
11/30/2022,SDM,CA,AWP,WE,Federal Contract Tower,0,11,13,0,24,0,0,42,0,42,0,11,55,0,66,150,0,150,216
12/01/2022,SDM,CA,AWP,WE,Federal Contract Tower,0,10,24,1,35,0,0,44,0,44,0,10,68,1,79,108,0,108,187
12/02/2022,SDM,CA,AWP,WE,Federal Contract Tower,2,9,18,2,31,0,0,89,7,96,2,9,107,9,127,168,10,178,305
12/03/2022,SDM,CA,AWP,WE,Federal Contract Tower,0,7,11,3,21,0,0,104,4,108,0,7,115,7,129,196,0,196,325
12/04/2022,SDM,CA,AWP,WE,Federal Contract Tower,0,14,38,0,52,0,0,72,2,74,0,14,110,2,126,134,0,134,260
12/05/2022,SDM,CA,AWP,WE,Federal Contract Tower,0,9,27,0,36,0,0,31,0,31,0,9,58,0,67,48,0,48,115
12/06/2022,SDM,CA,AWP,WE,Federal Contract Tower,1,8,15,0,24,0,0,55,0,55,1,8,70,0,79,202,0,202,281
12/07/2022,SDM,CA,AWP,WE,Federal Contract Tower,0,7,15,0,22,0,0,73,2,75,0,7,88,2,97,158,20,178,275
12/08/2022,SDM,CA,AWP,WE,Federal Contract Tower,0,6,23,0,29,0,0,78,2,80,0,6,101,2,109,248,0,248,357
12/09/2022,SDM,CA,AWP,WE,Federal Contract Tower,0,5,15,4,24,0,0,80,6,86,0,5,95,10,110,174,2,176,286
12/10/2022,SDM,CA,AWP,WE,Federal Contract Tower,0,1,11,0,12,0,0,115,12,127,0,1,126,12,139,180,14,194,333
12/11/2022,SDM,CA,AWP,WE,Federal Contract Tower,0,0,13,1,14,0,0,0,0,0,0,0,13,1,14,0,0,0,14
12/12/2022,SDM,CA,AWP,WE,Federal Contract Tower,0,7,15,2,24,0,0,19,0,19,0,7,34,2,43,8,0,8,51
12/13/2022,SDM,CA,AWP,WE,Federal Contract Tower,0,6,20,0,26,0,0,72,0,72,0,6,92,0,98,112,0,112,210
12/14/2022,SDM,CA,AWP,WE,Federal Contract Tower,0,12,19,0,31,0,1,81,0,82,0,13,100,0,113,122,0,122,235
12/15/2022,SDM,CA,AWP,WE,Federal Contract Tower,2,4,26,0,32,0,0,84,0,84,2,4,110,0,116,148,0,148,264
12/16/2022,SDM,CA,AWP,WE,Federal Contract Tower,0,4,16,9,29,0,0,77,26,103,0,4,93,35,132,144,16,160,292
12/17/2022,SDM,CA,AWP,WE,Federal Contract Tower,0,17,33,0,50,0,0,105,51,156,0,17,138,51,206,118,0,118,324
12/18/2022,SDM,CA,AWP,WE,Federal Contract Tower,0,8,15,5,28,0,0,60,25,85,0,8,75,30,113,90,2,92,205
12/19/2022,SDM,CA,AWP,WE,Federal Contract Tower,0,9,22,0,31,0,0,72,1,73,0,9,94,1,104,142,0,142,246
12/20/2022,SDM,CA,AWP,WE,Federal Contract Tower,2,15,10,0,27,0,0,87,0,87,2,15,97,0,114,108,0,108,222
12/21/2022,SDM,CA,AWP,WE,Federal Contract Tower,1,4,15,0,20,0,0,96,0,96,1,4,111,0,116,136,0,136,252
12/22/2022,SDM,CA,AWP,WE,Federal Contract Tower,0,8,29,0,37,0,1,112,2,115,0,9,141,2,152,148,2,150,302
12/23/2022,SDM,CA,AWP,WE,Federal Contract Tower,0,15,19,0,34,0,0,87,0,87,0,15,106,0,121,208,0,208,329
12/24/2022,SDM,CA,AWP,WE,Federal Contract Tower,0,13,5,0,18,0,0,62,0,62,0,13,67,0,80,106,0,106,186
12/25/2022,SDM,CA,AWP,WE,Federal Contract Tower,0,13,4,0,17,0,0,40,0,40,0,13,44,0,57,0,0,0,57
12/26/2022,SDM,CA,AWP,WE,Federal Contract Tower,1,27,25,0,53,0,0,141,0,141,1,27,166,0,194,94,0,94,288
12/27/2022,SDM,CA,AWP,WE,Federal Contract Tower,0,23,32,0,55,0,0,57,2,59,0,23,89,2,114,86,6,92,206
12/28/2022,SDM,CA,AWP,WE,Federal Contract Tower,0,9,38,0,47,0,1,29,0,30,0,10,67,0,77,118,0,118,195
12/29/2022,SDM,CA,AWP,WE,Federal Contract Tower,0,19,30,0,49,0,0,27,0,27,0,19,57,0,76,50,0,50,126
12/30/2022,SDM,CA,AWP,WE,Federal Contract Tower,0,11,22,0,33,0,0,20,0,20,0,11,42,0,53,58,0,58,111
12/31/2022,SDM,CA,AWP,WE,Federal Contract Tower,0,6,5,0,11,0,0,3,0,3,0,6,8,0,14,70,0,70,84
01/03/2023,SDM,CA,AWP,WE,Federal Contract Tower,0,14,31,0,45,0,0,3,0,3,0,14,34,0,48,28,0,28,76
01/04/2023,SDM,CA,AWP,WE,Federal Contract Tower,0,13,15,0,28,0,0,48,0,48,0,13,63,0,76,178,0,178,254
01/05/2023,SDM,CA,AWP,WE,Federal Contract Tower,0,10,25,0,35,0,0,4,0,4,0,10,29,0,39,28,0,28,67
01/06/2023,SDM,CA,AWP,WE,Federal Contract Tower,0,9,24,1,34,0,0,107,8,115,0,9,131,9,149,142,0,142,291
01/07/2023,SDM,CA,AWP,WE,Federal Contract Tower,0,3,24,1,28,0,0,106,6,112,0,3,130,7,140,196,0,196,336
01/08/2023,SDM,CA,AWP,WE,Federal Contract Tower,0,17,29,1,47,0,2,102,4,108,0,19,131,5,155,170,0,170,325
01/09/2023,SDM,CA,AWP,WE,Federal Contract Tower,2,6,14,0,22,0,0,75,0,75,2,6,89,0,97,242,0,242,339
01/10/2023,SDM,CA,AWP,WE,Federal Contract Tower,0,4,16,1,21,0,0,2,7,9,0,4,18,8,30,0,46,46,76
01/11/2023,SDM,CA,AWP,WE,Federal Contract Tower,2,7,17,0,26,0,1,104,0,105,2,8,121,0,131,122,0,122,253
01/12/2023,SDM,CA,AWP,WE,Federal Contract Tower,3,0,12,0,15,0,0,110,0,110,3,0,122,0,125,180,0,180,305
01/13/2023,SDM,CA,AWP,WE,Federal Contract Tower,1,12,19,1,33,0,0,128,1,129,1,12,147,2,162,176,0,176,338
01/14/2023,SDM,CA,AWP,WE,Federal Contract Tower,0,6,20,0,26,0,0,15,0,15,0,6,35,0,41,78,0,78,119
01/15/2023,SDM,CA,AWP,WE,Federal Contract Tower,0,2,17,3,22,0,0,5,0,5,0,2,22,3,27,44,0,44,71
01/16/2023,SDM,CA,AWP,WE,Federal Contract Tower,0,3,22,1,26,0,0,4,0,4,0,3,26,1,30,32,0,32,62
01/17/2023,SDM,CA,AWP,WE,Federal Contract Tower,0,2,24,0,26,0,1,44,0,45,0,3,68,0,71,112,0,112,183
01/18/2023,SDM,CA,AWP,WE,Federal Contract Tower,0,5,23,1,29,0,0,98,0,98,0,5,121,1,127,106,0,106,233
01/19/2023,SDM,CA,AWP,WE,Federal Contract Tower,0,4,20,0,24,0,0,85,5,90,0,4,105,5,114,164,0,164,278
01/20/2023,SDM,CA,AWP,WE,Federal Contract Tower,0,1,17,0,18,0,0,113,10,123,0,1,130,10,141,142,0,142,283
01/21/2023,SDM,CA,AWP,WE,Federal Contract Tower,0,3,24,0,27,0,0,157,19,176,0,3,181,19,203,176,18,194,397
01/22/2023,SDM,CA,AWP,WE,Federal Contract Tower,0,6,27,0,33,0,0,96,16,112,0,6,123,16,145,56,0,56,201
01/23/2023,SDM,CA,AWP,WE,Federal Contract Tower,0,10,16,0,26,0,0,71,2,73,0,10,87,2,99,174,0,174,273
01/24/2023,SDM,CA,AWP,WE,Federal Contract Tower,0,4,22,0,26,0,0,126,1,127,0,4,148,1,153,290,0,290,443
01/25/2023,SDM,CA,AWP,WE,Federal Contract Tower,0,15,21,0,36,0,0,117,2,119,0,15,138,2,155,218,0,218,373
01/26/2023,SDM,CA,AWP,WE,Federal Contract Tower,0,3,11,0,14,0,0,34,0,34,0,3,45,0,48,72,0,72,120
01/27/2023,SDM,CA,AWP,WE,Federal Contract Tower,0,3,25,0,28,0,0,119,6,125,0,3,144,6,153,174,24,198,351
01/28/2023,SDM,CA,AWP,WE,Federal Contract Tower,0,6,17,1,24,0,0,83,3,86,0,6,100,4,110,140,0,140,250
01/29/2023,SDM,CA,AWP,WE,Federal Contract Tower,0,5,27,12,44,0,0,13,2,15,0,5,40,14,59,22,0,22,81
01/30/2023,SDM,CA,AWP,WE,Federal Contract Tower,0,3,17,0,20,0,0,8,2,10,0,3,25,2,30,8,2,10,40
01/31/2023,SDM,CA,AWP,WE,Federal Contract Tower,0,12,19,0,31,0,1,116,0,117,0,13,135,0,148,360,0,360,508
02/01/2023,SDM,CA,AWP,WE,Federal Contract Tower,0,11,22,2,35,0,0,113,3,116,0,11,135,5,151,200,0,200,351
02/02/2023,SDM,CA,AWP,WE,Federal Contract Tower,0,7,21,0,28,0,0,115,2,117,0,7,136,2,145,280,0,280,425
02/03/2023,SDM,CA,AWP,WE,Federal Contract Tower,0,0,16,0,16,0,0,112,3,115,0,0,128,3,131,268,0,268,399
02/04/2023,SDM,CA,AWP,WE,Federal Contract Tower,0,9,20,1,30,0,0,136,5,141,0,9,156,6,171,200,0,200,371
02/05/2023,SDM,CA,AWP,WE,Federal Contract Tower,0,7,17,3,27,0,0,53,3,56,0,7,70,6,83,112,0,112,195
02/06/2023,SDM,CA,AWP,WE,Federal Contract Tower,0,5,15,0,20,0,1,105,1,107,0,6,120,1,127,356,0,356,483
02/07/2023,SDM,CA,AWP,WE,Federal Contract Tower,0,3,22,0,25,0,0,99,2,101,0,3,121,2,126,204,0,204,330
02/09/2023,SDM,CA,AWP,WE,Federal Contract Tower,0,6,26,0,32,0,0,91,2,93,0,6,117,2,125,102,0,102,227
02/10/2023,SDM,CA,AWP,WE,Federal Contract Tower,2,10,20,4,36,0,0,96,6,102,2,10,116,10,138,124,0,124,262
02/11/2023,SDM,CA,AWP,WE,Federal Contract Tower,0,7,24,9,40,0,0,107,7,114,0,7,131,16,154,114,0,114,268
02/12/2023,SDM,CA,AWP,WE,Federal Contract Tower,0,13,26,5,44,0,0,67,3,70,0,13,93,8,114,228,0,228,342
02/13/2023,SDM,CA,AWP,WE,Federal Contract Tower,0,4,27,0,31,0,2,51,0,53,0,6,78,0,84,132,0,132,216
02/14/2023,SDM,CA,AWP,WE,Federal Contract Tower,0,3,15,3,21,0,0,13,4,17,0,3,28,7,38,6,8,14,52
02/15/2023,SDM,CA,AWP,WE,Federal Contract Tower,0,10,15,0,25,0,0,99,0,99,0,10,114,0,124,288,0,288,412
02/16/2023,SDM,CA,AWP,WE,Federal Contract Tower,0,12,13,1,26,0,1,82,3,86,0,13,95,4,112,150,0,150,262
02/17/2023,SDM,CA,AWP,WE,Federal Contract Tower,1,23,19,2,45,0,0,96,6,102,1,23,115,8,147,232,2,234,381
02/18/2023,SDM,CA,AWP,WE,Federal Contract Tower,1,3,16,1,21,0,0,132,0,132,1,3,148,1,153,138,0,138,291
02/19/2023,SDM,CA,AWP,WE,Federal Contract Tower,0,9,35,1,45,0,0,75,2,77,0,9,110,3,122,84,4,88,210
02/20/2023,SDM,CA,AWP,WE,Federal Contract Tower,0,12,25,1,38,0,0,113,2,115,0,12,138,3,153,188,6,194,347
02/21/2023,SDM,CA,AWP,WE,Federal Contract Tower,1,4,17,0,22,0,0,34,0,34,1,4,51,0,56,138,0,138,194
02/22/2023,SDM,CA,AWP,WE,Federal Contract Tower,0,13,10,0,23,0,0,10,0,10,0,13,20,0,33,0,0,0,33
02/23/2023,SDM,CA,AWP,WE,Federal Contract Tower,0,13,8,0,21,0,1,19,0,20,0,14,27,0,41,42,0,42,83
02/24/2023,SDM,CA,AWP,WE,Federal Contract Tower,0,10,10,4,24,0,0,18,8,26,0,10,28,12,50,60,2,62,112
02/25/2023,SDM,CA,AWP,WE,Federal Contract Tower,0,2,8,0,10,0,0,0,0,0,0,2,8,0,10,14,0,14,24
02/26/2023,SDM,CA,AWP,WE,Federal Contract Tower,0,11,29,4,44,0,0,80,0,80,0,11,109,4,124,116,0,116,240
02/27/2023,SDM,CA,AWP,WE,Federal Contract Tower,0,6,27,0,33,0,0,85,0,85,0,6,112,0,118,178,0,178,296
02/28/2023,SDM,CA,AWP,WE,Federal Contract Tower,0,11,12,0,23,0,0,49,2,51,0,11,61,2,74,46,0,46,120
03/01/2023,SDM,CA,AWP,WE,Federal Contract Tower,0,0,4,0,4,0,0,4,0,4,0,0,8,0,8,6,0,6,14
03/02/2023,SDM,CA,AWP,WE,Federal Contract Tower,0,4,22,0,26,0,4,123,0,127,0,8,145,0,153,198,0,198,351
03/03/2023,SDM,CA,AWP,WE,Federal Contract Tower,3,5,21,3,32,0,0,111,12,123,3,5,132,15,155,224,12,236,391
03/04/2023,SDM,CA,AWP,WE,Federal Contract Tower,0,7,12,0,19,0,0,56,0,56,0,7,68,0,75,166,0,166,241
03/05/2023,SDM,CA,AWP,WE,Federal Contract Tower,0,18,27,8,53,0,4,83,4,91,0,22,110,12,144,148,0,148,292
03/06/2023,SDM,CA,AWP,WE,Federal Contract Tower,0,3,13,1,17,0,1,109,0,110,0,4,122,1,127,194,0,194,321
03/07/2023,SDM,CA,AWP,WE,Federal Contract Tower,0,9,21,2,32,0,0,82,6,88,0,9,103,8,120,202,8,210,330
03/08/2023,SDM,CA,AWP,WE,Federal Contract Tower,0,3,30,2,35,0,2,105,2,109,0,5,135,4,144,214,0,214,358
03/09/2023,SDM,CA,AWP,WE,Federal Contract Tower,0,0,9,0,9,0,0,130,2,132,0,0,139,2,141,186,8,194,335
03/10/2023,SDM,CA,AWP,WE,Federal Contract Tower,0,0,19,1,20,0,0,24,1,25,0,0,43,2,45,108,0,108,153
03/11/2023,SDM,CA,AWP,WE,Federal Contract Tower,0,7,12,9,28,0,0,0,0,0,0,7,12,9,28,0,0,0,28
03/12/2023,SDM,CA,AWP,WE,Federal Contract Tower,0,7,35,0,42,0,0,85,0,85,0,7,120,0,127,78,0,78,205
03/13/2023,SDM,CA,AWP,WE,Federal Contract Tower,0,10,14,2,26,0,2,18,0,20,0,12,32,2,46,28,0,28,74
03/14/2023,SDM,CA,AWP,WE,Federal Contract Tower,0,8,8,0,16,0,3,24,4,31,0,11,32,4,47,22,0,22,69
03/15/2023,SDM,CA,AWP,WE,Federal Contract Tower,0,2,11,0,13,0,0,2,0,2,0,2,13,0,15,0,0,0,15
03/16/2023,SDM,CA,AWP,WE,Federal Contract Tower,0,8,19,0,27,0,0,95,0,95,0,8,114,0,122,238,0,238,360
03/17/2023,SDM,CA,AWP,WE,Federal Contract Tower,0,5,24,9,38,0,4,98,1,103,0,9,122,10,141,284,6,290,431
03/18/2023,SDM,CA,AWP,WE,Federal Contract Tower,0,6,17,0,23,0,0,133,1,134,0,6,150,1,157,236,0,236,393
03/19/2023,SDM,CA,AWP,WE,Federal Contract Tower,0,9,22,6,37,0,0,49,4,53,0,9,71,10,90,128,0,128,218
03/20/2023,SDM,CA,AWP,WE,Federal Contract Tower,0,7,12,0,19,0,0,12,0,12,0,7,24,0,31,86,0,86,117
03/21/2023,SDM,CA,AWP,WE,Federal Contract Tower,0,3,11,0,14,0,0,5,0,5,0,3,16,0,19,0,0,0,19
03/22/2023,SDM,CA,AWP,WE,Federal Contract Tower,0,4,9,0,13,0,0,56,0,56,0,4,65,0,69,216,0,216,285
03/23/2023,SDM,CA,AWP,WE,Federal Contract Tower,0,7,23,2,32,0,0,23,2,25,0,7,46,4,57,78,0,78,135
03/24/2023,SDM,CA,AWP,WE,Federal Contract Tower,0,9,16,0,25,0,0,134,9,143,0,9,150,9,168,348,0,348,516
03/25/2023,SDM,CA,AWP,WE,Federal Contract Tower,0,5,16,3,24,0,2,89,12,103,0,7,105,15,127,140,2,142,269
03/26/2023,SDM,CA,AWP,WE,Federal Contract Tower,0,12,28,0,40,0,0,104,27,131,0,12,132,27,171,126,4,130,301
03/27/2023,SDM,CA,AWP,WE,Federal Contract Tower,0,4,16,1,21,0,0,59,10,69,0,4,75,11,90,98,0,98,188
03/28/2023,SDM,CA,AWP,WE,Federal Contract Tower,0,3,14,0,17,0,0,80,19,99,0,3,94,19,116,18,0,18,134
03/29/2023,SDM,CA,AWP,WE,Federal Contract Tower,0,4,22,2,28,0,0,19,0,19,0,4,41,2,47,6,0,6,53
03/30/2023,SDM,CA,AWP,WE,Federal Contract Tower,0,2,13,5,20,0,3,26,2,31,0,5,39,7,51,108,4,112,163
03/31/2023,SDM,CA,AWP,WE,Federal Contract Tower,0,12,23,2,37,0,4,115,8,127,0,16,138,10,164,256,2,258,422
04/01/2023,SDM,CA,AWP,WE,Federal Contract Tower,0,12,27,0,39,0,0,179,8,187,0,12,206,8,226,176,0,176,402
04/02/2023,SDM,CA,AWP,WE,Federal Contract Tower,0,17,36,2,55,0,0,97,2,99,0,17,133,4,154,124,0,124,278
04/03/2023,SDM,CA,AWP,WE,Federal Contract Tower,0,6,19,1,26,0,1,21,2,24,0,7,40,3,50,108,0,108,158
04/04/2023,SDM,CA,AWP,WE,Federal Contract Tower,0,11,18,0,29,0,0,86,2,88,0,11,104,2,117,128,0,128,245
04/05/2023,SDM,CA,AWP,WE,Federal Contract Tower,0,4,21,0,25,0,2,91,0,93,0,6,112,0,118,162,0,162,280
04/06/2023,SDM,CA,AWP,WE,Federal Contract Tower,0,1,26,0,27,0,0,106,2,108,0,1,132,2,135,228,0,228,363
04/07/2023,SDM,CA,AWP,WE,Federal Contract Tower,0,6,25,1,32,0,0,123,18,141,0,6,148,19,173,242,18,260,433
04/08/2023,SDM,CA,AWP,WE,Federal Contract Tower,0,7,22,1,30,0,1,101,6,108,0,8,123,7,138,226,0,226,364
04/09/2023,SDM,CA,AWP,WE,Federal Contract Tower,0,10,34,3,47,0,0,79,12,91,0,10,113,15,138,104,0,104,242
04/10/2023,SDM,CA,AWP,WE,Federal Contract Tower,0,5,21,1,27,0,0,67,0,67,0,5,88,1,94,128,0,128,222
04/11/2023,SDM,CA,AWP,WE,Federal Contract Tower,0,3,29,3,35,0,1,57,0,58,0,4,86,3,93,206,0,206,299
04/12/2023,SDM,CA,AWP,WE,Federal Contract Tower,0,9,20,3,32,0,0,7,2,9,0,9,27,5,41,56,0,56,97
04/13/2023,SDM,CA,AWP,WE,Federal Contract Tower,0,7,20,1,28,0,0,25,2,27,0,7,45,3,55,96,10,106,161
04/14/2023,SDM,CA,AWP,WE,Federal Contract Tower,0,12,22,6,40,0,0,52,9,61,0,12,74,15,101,188,0,188,289
04/15/2023,SDM,CA,AWP,WE,Federal Contract Tower,0,12,28,3,43,0,0,139,8,147,0,12,167,11,190,242,0,242,432
04/16/2023,SDM,CA,AWP,WE,Federal Contract Tower,0,14,60,5,79,0,0,8,0,8,0,14,68,5,87,22,0,22,109
04/17/2023,SDM,CA,AWP,WE,Federal Contract Tower,0,4,20,2,26,0,0,12,0,12,0,4,32,2,38,42,0,42,80
04/18/2023,SDM,CA,AWP,WE,Federal Contract Tower,0,9,26,0,35,0,1,73,28,102,0,10,99,28,137,184,0,184,321
04/19/2023,SDM,CA,AWP,WE,Federal Contract Tower,0,9,27,0,36,0,2,124,34,160,0,11,151,34,196,196,0,196,392
04/20/2023,SDM,CA,AWP,WE,Federal Contract Tower,0,11,22,0,33,0,0,88,24,112,0,11,110,24,145,212,0,212,357
04/21/2023,SDM,CA,AWP,WE,Federal Contract Tower,0,1,25,5,31,0,0,106,22,128,0,1,131,27,159,264,12,276,435
04/22/2023,SDM,CA,AWP,WE,Federal Contract Tower,0,8,18,6,32,0,0,89,6,95,0,8,107,12,127,146,0,146,273
04/23/2023,SDM,CA,AWP,WE,Federal Contract Tower,0,13,34,4,51,0,0,63,4,67,0,13,97,8,118,148,0,148,266
04/24/2023,SDM,CA,AWP,WE,Federal Contract Tower,0,4,29,0,33,0,0,60,0,60,0,4,89,0,93,136,0,136,229
04/25/2023,SDM,CA,AWP,WE,Federal Contract Tower,0,5,15,0,20,0,0,40,0,40,0,5,55,0,60,110,0,110,170
04/26/2023,SDM,CA,AWP,WE,Federal Contract Tower,0,4,19,1,24,0,2,75,0,77,0,6,94,1,101,244,0,244,345
04/27/2023,SDM,CA,AWP,WE,Federal Contract Tower,0,7,20,0,27,0,1,87,1,89,0,8,107,1,116,144,0,144,260
04/28/2023,SDM,CA,AWP,WE,Federal Contract Tower,0,8,19,7,34,0,0,66,14,80,0,8,85,21,114,118,4,122,236
04/29/2023,SDM,CA,AWP,WE,Federal Contract Tower,0,2,27,4,33,0,0,85,9,94,0,2,112,13,127,98,0,98,225
04/30/2023,SDM,CA,AWP,WE,Federal Contract Tower,0,11,30,12,53,0,0,23,2,25,0,11,53,14,78,52,6,58,136
05/01/2023,SDM,CA,AWP,WE,Federal Contract Tower,0,9,23,2,34,0,0,30,0,30,0,9,53,2,64,96,0,96,160
05/02/2023,SDM,CA,AWP,WE,Federal Contract Tower,0,8,26,0,34,0,0,47,0,47,0,8,73,0,81,174,0,174,255
05/03/2023,SDM,CA,AWP,WE,Federal Contract Tower,0,3,23,0,26,0,0,68,2,70,0,3,91,2,96,322,4,326,422
05/04/2023,SDM,CA,AWP,WE,Federal Contract Tower,0,1,7,2,10,0,0,24,5,29,0,1,31,7,39,36,0,36,75
05/05/2023,SDM,CA,AWP,WE,Federal Contract Tower,0,2,24,7,33,0,0,48,6,54,0,2,72,13,87,92,2,94,181
05/06/2023,SDM,CA,AWP,WE,Federal Contract Tower,0,12,19,2,33,0,0,131,14,145,0,12,150,16,178,162,0,162,340
05/07/2023,SDM,CA,AWP,WE,Federal Contract Tower,0,7,33,5,45,0,2,111,12,125,0,9,144,17,170,92,6,98,268
05/08/2023,SDM,CA,AWP,WE,Federal Contract Tower,0,2,26,0,28,0,0,82,4,86,0,2,108,4,114,332,18,350,464
05/09/2023,SDM,CA,AWP,WE,Federal Contract Tower,0,3,34,2,39,0,0,86,2,88,0,3,120,4,127,288,0,288,415
05/10/2023,SDM,CA,AWP,WE,Federal Contract Tower,1,5,27,3,36,0,2,68,0,70,1,7,95,3,106,234,0,234,340
05/11/2023,SDM,CA,AWP,WE,Federal Contract Tower,0,6,31,0,37,0,0,75,2,77,0,6,106,2,114,240,0,240,354
05/12/2023,SDM,CA,AWP,WE,Federal Contract Tower,0,11,21,5,37,0,0,68,5,73,0,11,89,10,110,120,0,120,230
05/13/2023,SDM,CA,AWP,WE,Federal Contract Tower,0,4,22,6,32,0,0,28,8,36,0,4,50,14,68,68,0,68,136
05/14/2023,SDM,CA,AWP,WE,Federal Contract Tower,0,13,25,7,45,0,0,13,0,13,0,13,38,7,58,74,0,74,132
05/15/2023,SDM,CA,AWP,WE,Federal Contract Tower,0,5,28,1,34,0,0,71,0,71,0,5,99,1,105,144,0,144,249
05/16/2023,SDM,CA,AWP,WE,Federal Contract Tower,0,8,16,2,26,0,0,80,15,95,0,8,96,17,121,216,0,216,337
05/17/2023,SDM,CA,AWP,WE,Federal Contract Tower,0,9,31,2,42,0,0,3,0,3,0,9,34,2,45,56,0,56,101
05/18/2023,SDM,CA,AWP,WE,Federal Contract Tower,0,9,30,3,42,0,0,43,5,48,0,9,73,8,90,162,0,162,252
05/19/2023,SDM,CA,AWP,WE,Federal Contract Tower,0,6,26,5,37,0,2,39,0,41,0,8,65,5,78,180,0,180,258
05/20/2023,SDM,CA,AWP,WE,Federal Contract Tower,0,2,24,6,32,0,2,13,0,15,0,4,37,6,47,92,0,92,139
05/21/2023,SDM,CA,AWP,WE,Federal Contract Tower,0,12,41,4,57,0,0,44,2,46,0,12,85,6,103,164,0,164,267
05/22/2023,SDM,CA,AWP,WE,Federal Contract Tower,0,3,27,0,30,0,0,0,0,0,0,3,27,0,30,2,0,2,32
05/23/2023,SDM,CA,AWP,WE,Federal Contract Tower,0,4,18,6,28,0,0,4,0,4,0,4,22,6,32,68,2,70,102
05/24/2023,SDM,CA,AWP,WE,Federal Contract Tower,0,11,19,1,31,0,0,17,1,18,0,11,36,2,49,138,0,138,187
05/25/2023,SDM,CA,AWP,WE,Federal Contract Tower,0,6,29,2,37,0,0,86,8,94,0,6,115,10,131,218,0,218,349
05/27/2023,SDM,CA,AWP,WE,Federal Contract Tower,0,2,10,1,13,0,4,89,0,93,0,6,99,1,106,242,0,242,348
05/28/2023,SDM,CA,AWP,WE,Federal Contract Tower,0,4,24,0,28,0,0,32,0,32,0,4,56,0,60,288,0,288,348
05/29/2023,SDM,CA,AWP,WE,Federal Contract Tower,0,13,30,5,48,0,1,9,0,10,0,14,39,5,58,238,0,238,296
05/30/2023,SDM,CA,AWP,WE,Federal Contract Tower,0,4,28,3,35,0,0,35,0,35,0,4,63,3,70,154,0,154,224
05/31/2023,SDM,CA,AWP,WE,Federal Contract Tower,1,1,27,6,35,0,0,49,0,49,1,1,76,6,84,174,0,174,258
06/01/2023,SDM,CA,AWP,WE,Federal Contract Tower,0,3,26,3,32,0,0,18,0,18,0,3,44,3,50,134,0,134,184
06/02/2023,SDM,CA,AWP,WE,Federal Contract Tower,0,4,20,0,24,0,0,84,8,92,0,4,104,8,116,172,0,172,288
06/03/2023,SDM,CA,AWP,WE,Federal Contract Tower,0,1,9,1,11,0,0,43,0,43,0,1,52,1,54,48,0,48,102
06/04/2023,SDM,CA,AWP,WE,Federal Contract Tower,0,10,23,0,33,0,0,111,0,111,0,10,134,0,144,96,0,96,240
06/05/2023,SDM,CA,AWP,WE,Federal Contract Tower,0,7,29,0,36,0,0,36,2,38,0,7,65,2,74,196,0,196,270
06/06/2023,SDM,CA,AWP,WE,Federal Contract Tower,2,7,16,0,25,0,1,85,0,86,2,8,101,0,111,152,0,152,263
06/07/2023,SDM,CA,AWP,WE,Federal Contract Tower,0,5,30,0,35,0,0,77,0,77,0,5,107,0,112,310,0,310,422
06/08/2023,SDM,CA,AWP,WE,Federal Contract Tower,0,6,40,0,46,0,0,83,2,85,0,6,123,2,131,170,0,170,301
06/09/2023,SDM,CA,AWP,WE,Federal Contract Tower,0,6,22,0,28,0,0,62,2,64,0,6,84,2,92,152,0,152,244
06/10/2023,SDM,CA,AWP,WE,Federal Contract Tower,0,5,9,3,17,0,0,6,0,6,0,5,15,3,23,88,0,88,111
06/11/2023,SDM,CA,AWP,WE,Federal Contract Tower,0,9,15,2,26,0,0,11,0,11,0,9,26,2,37,8,0,8,45
06/12/2023,SDM,CA,AWP,WE,Federal Contract Tower,0,7,24,1,32,0,0,31,0,31,0,7,55,1,63,186,0,186,249
06/13/2023,SDM,CA,AWP,WE,Federal Contract Tower,0,8,24,0,32,0,3,23,2,28,0,11,47,2,60,190,0,190,250
06/14/2023,SDM,CA,AWP,WE,Federal Contract Tower,0,6,23,0,29,0,2,53,4,59,0,8,76,4,88,240,0,240,328
06/15/2023,SDM,CA,AWP,WE,Federal Contract Tower,0,7,19,2,28,0,0,66,9,75,0,7,85,11,103,158,0,158,261
06/16/2023,SDM,CA,AWP,WE,Federal Contract Tower,0,6,31,4,41,0,1,117,15,133,0,7,148,19,174,252,4,256,430
06/17/2023,SDM,CA,AWP,WE,Federal Contract Tower,0,3,19,0,22,0,2,140,10,152,0,5,159,10,174,160,0,160,334
06/18/2023,SDM,CA,AWP,WE,Federal Contract Tower,0,8,17,1,26,0,2,75,3,80,0,10,92,4,106,106,0,106,212
06/19/2023,SDM,CA,AWP,WE,Federal Contract Tower,0,7,21,3,31,0,0,68,4,72,0,7,89,7,103,158,0,158,261
06/20/2023,SDM,CA,AWP,WE,Federal Contract Tower,0,6,31,2,39,0,2,98,3,103,0,8,129,5,142,118,30,148,290
06/21/2023,SDM,CA,AWP,WE,Federal Contract Tower,1,10,32,0,43,0,2,94,0,96,1,12,126,0,139,198,0,198,337
06/22/2023,SDM,CA,AWP,WE,Federal Contract Tower,1,11,26,0,38,0,0,70,0,70,1,11,96,0,108,232,0,232,340
06/23/2023,SDM,CA,AWP,WE,Federal Contract Tower,0,8,18,0,26,0,0,103,0,103,0,8,121,0,129,186,0,186,315
06/24/2023,SDM,CA,AWP,WE,Federal Contract Tower,0,5,19,0,24,0,0,108,0,108,0,5,127,0,132,148,0,148,280
06/25/2023,SDM,CA,AWP,WE,Federal Contract Tower,0,7,28,0,35,0,0,104,4,108,0,7,132,4,143,76,0,76,219
06/26/2023,SDM,CA,AWP,WE,Federal Contract Tower,0,5,28,0,33,0,0,86,0,86,0,5,114,0,119,192,0,192,311
06/27/2023,SDM,CA,AWP,WE,Federal Contract Tower,0,5,20,0,25,0,0,105,0,105,0,5,125,0,130,180,0,180,310
06/28/2023,SDM,CA,AWP,WE,Federal Contract Tower,0,4,35,0,39,0,0,109,0,109,0,4,144,0,148,208,0,208,356
06/29/2023,SDM,CA,AWP,WE,Federal Contract Tower,0,3,22,0,25,0,0,90,0,90,0,3,112,0,115,148,0,148,263
06/30/2023,SDM,CA,AWP,WE,Federal Contract Tower,0,6,11,4,21,0,0,116,11,127,0,6,127,15,148,196,0,196,344
07/01/2023,SDM,CA,AWP,WE,Federal Contract Tower,0,5,31,0,36,0,0,116,0,116,0,5,147,0,152,116,0,116,268
07/02/2023,SDM,CA,AWP,WE,Federal Contract Tower,0,3,9,0,12,0,0,103,0,103,0,3,112,0,115,192,0,192,307
07/03/2023,SDM,CA,AWP,WE,Federal Contract Tower,0,3,12,1,16,0,0,77,2,79,0,3,89,3,95,120,0,120,215
07/04/2023,SDM,CA,AWP,WE,Federal Contract Tower,0,3,4,0,7,0,0,88,8,96,0,3,92,8,103,86,0,86,189
07/05/2023,SDM,CA,AWP,WE,Federal Contract Tower,0,8,20,0,28,0,0,77,5,82,0,8,97,5,110,206,0,206,316
07/06/2023,SDM,CA,AWP,WE,Federal Contract Tower,0,5,20,0,25,0,0,83,1,84,0,5,103,1,109,192,0,192,301
07/07/2023,SDM,CA,AWP,WE,Federal Contract Tower,0,11,39,0,50,0,1,113,8,122,0,12,152,8,172,274,0,274,446
07/08/2023,SDM,CA,AWP,WE,Federal Contract Tower,0,1,13,0,14,0,8,149,8,165,0,9,162,8,179,174,0,174,353
07/09/2023,SDM,CA,AWP,WE,Federal Contract Tower,0,7,15,4,26,0,0,86,5,91,0,7,101,9,117,178,0,178,295
07/10/2023,SDM,CA,AWP,WE,Federal Contract Tower,0,6,6,0,12,0,0,66,1,67,0,6,72,1,79,136,0,136,215
07/11/2023,SDM,CA,AWP,WE,Federal Contract Tower,3,2,10,0,15,0,4,68,2,74,3,6,78,2,89,174,0,174,263
07/12/2023,SDM,CA,AWP,WE,Federal Contract Tower,0,3,20,0,23,0,4,89,4,97,0,7,109,4,120,134,0,134,254
07/13/2023,SDM,CA,AWP,WE,Federal Contract Tower,0,10,15,0,25,0,0,112,0,112,0,10,127,0,137,188,0,188,325
07/14/2023,SDM,CA,AWP,WE,Federal Contract Tower,0,2,18,0,20,0,4,88,6,98,0,6,106,6,118,138,0,138,256
07/15/2023,SDM,CA,AWP,WE,Federal Contract Tower,0,2,19,1,22,0,0,98,12,110,0,2,117,13,132,196,0,196,328
07/16/2023,SDM,CA,AWP,WE,Federal Contract Tower,0,7,18,4,29,0,0,98,6,104,0,7,116,10,133,162,0,162,295
07/17/2023,SDM,CA,AWP,WE,Federal Contract Tower,0,4,22,1,27,0,0,74,2,76,0,4,96,3,103,138,6,144,247
07/18/2023,SDM,CA,AWP,WE,Federal Contract Tower,0,8,11,1,20,0,0,91,0,91,0,8,102,1,111,72,0,72,183
07/19/2023,SDM,CA,AWP,WE,Federal Contract Tower,2,5,13,0,20,0,0,91,2,93,2,5,104,2,113,148,0,148,261
07/21/2023,SDM,CA,AWP,WE,Federal Contract Tower,0,6,13,3,22,0,0,73,8,81,0,6,86,11,103,260,2,262,365
07/22/2023,SDM,CA,AWP,WE,Federal Contract Tower,0,4,13,2,19,0,2,101,0,103,0,6,114,2,122,118,0,118,240
07/23/2023,SDM,CA,AWP,WE,Federal Contract Tower,0,7,22,3,32,0,0,50,0,50,0,7,72,3,82,36,0,36,118
07/24/2023,SDM,CA,AWP,WE,Federal Contract Tower,0,2,7,0,9,0,4,66,2,72,0,6,73,2,81,136,0,136,217
07/25/2023,SDM,CA,AWP,WE,Federal Contract Tower,0,3,17,0,20,0,2,84,10,96,0,5,101,10,116,132,28,160,276
07/26/2023,SDM,CA,AWP,WE,Federal Contract Tower,0,0,22,0,22,0,1,124,7,132,0,1,146,7,154,218,0,218,372
07/27/2023,SDM,CA,AWP,WE,Federal Contract Tower,0,0,28,4,32,0,0,89,10,99,0,0,117,14,131,166,0,166,297
07/28/2023,SDM,CA,AWP,WE,Federal Contract Tower,0,1,23,8,32,0,5,67,6,78,0,6,90,14,110,140,0,140,250
07/29/2023,SDM,CA,AWP,WE,Federal Contract Tower,0,4,21,4,29,0,0,127,6,133,0,4,148,10,162,116,0,116,278
07/30/2023,SDM,CA,AWP,WE,Federal Contract Tower,0,6,25,2,33,0,1,87,8,96,0,7,112,10,129,80,0,80,209
07/31/2023,SDM,CA,AWP,WE,Federal Contract Tower,0,3,11,1,15,0,0,46,2,48,0,3,57,3,63,128,0,128,191
08/01/2023,SDM,CA,AWP,WE,Federal Contract Tower,0,5,7,1,13,0,0,84,12,96,0,5,91,13,109,92,0,92,201
08/02/2023,SDM,CA,AWP,WE,Federal Contract Tower,0,6,24,0,30,0,0,99,4,103,0,6,123,4,133,144,0,144,277
08/03/2023,SDM,CA,AWP,WE,Federal Contract Tower,0,3,14,1,18,0,2,74,10,86,0,5,88,11,104,176,0,176,280
08/04/2023,SDM,CA,AWP,WE,Federal Contract Tower,0,3,19,2,24,0,0,115,9,124,0,3,134,11,148,216,0,216,364
08/05/2023,SDM,CA,AWP,WE,Federal Contract Tower,0,0,28,1,29,0,0,127,10,137,0,0,155,11,166,144,0,144,310
08/06/2023,SDM,CA,AWP,WE,Federal Contract Tower,0,6,13,3,22,0,1,113,12,126,0,7,126,15,148,110,0,110,258
08/07/2023,SDM,CA,AWP,WE,Federal Contract Tower,0,4,9,2,15,0,0,67,0,67,0,4,76,2,82,110,0,110,192
08/08/2023,SDM,CA,AWP,WE,Federal Contract Tower,0,4,11,0,15,0,0,76,4,80,0,4,87,4,95,116,0,116,211
08/09/2023,SDM,CA,AWP,WE,Federal Contract Tower,0,9,15,3,27,0,2,124,4,130,0,11,139,7,157,252,0,252,409
08/10/2023,SDM,CA,AWP,WE,Federal Contract Tower,0,4,28,1,33,0,0,39,0,39,0,4,67,1,72,166,0,166,238
08/11/2023,SDM,CA,AWP,WE,Federal Contract Tower,0,4,13,6,23,0,0,78,7,85,0,4,91,13,108,190,0,190,298
08/12/2023,SDM,CA,AWP,WE,Federal Contract Tower,0,6,24,2,32,0,0,107,0,107,0,6,131,2,139,138,0,138,277
08/13/2023,SDM,CA,AWP,WE,Federal Contract Tower,0,6,24,5,35,0,0,93,2,95,0,6,117,7,130,106,6,112,242
08/14/2023,SDM,CA,AWP,WE,Federal Contract Tower,0,5,14,2,21,0,2,53,6,61,0,7,67,8,82,68,2,70,152
08/15/2023,SDM,CA,AWP,WE,Federal Contract Tower,0,3,20,0,23,0,0,72,2,74,0,3,92,2,97,140,0,140,237
08/16/2023,SDM,CA,AWP,WE,Federal Contract Tower,0,9,12,1,22,0,0,100,6,106,0,9,112,7,128,250,18,268,396
08/17/2023,SDM,CA,AWP,WE,Federal Contract Tower,0,8,21,0,29,0,0,124,4,128,0,8,145,4,157,234,20,254,411
08/18/2023,SDM,CA,AWP,WE,Federal Contract Tower,0,5,15,0,20,0,0,139,0,139,0,5,154,0,159,180,0,180,339
08/19/2023,SDM,CA,AWP,WE,Federal Contract Tower,0,6,14,0,20,0,1,55,0,56,0,7,69,0,76,112,0,112,188
08/20/2023,SDM,CA,AWP,WE,Federal Contract Tower,1,0,0,0,1,0,0,0,0,0,1,0,0,0,1,0,0,0,1
08/21/2023,SDM,CA,AWP,WE,Federal Contract Tower,0,0,9,0,9,0,0,19,0,19,0,0,28,0,28,60,0,60,88
08/22/2023,SDM,CA,AWP,WE,Federal Contract Tower,0,9,16,0,25,0,2,59,0,61,0,11,75,0,86,78,0,78,164
08/23/2023,SDM,CA,AWP,WE,Federal Contract Tower,0,5,20,0,25,0,0,99,0,99,0,5,119,0,124,92,0,92,216
08/24/2023,SDM,CA,AWP,WE,Federal Contract Tower,0,3,30,0,33,0,4,80,2,86,0,7,110,2,119,204,0,204,323
08/25/2023,SDM,CA,AWP,WE,Federal Contract Tower,0,3,31,0,34,0,1,86,0,87,0,4,117,0,121,260,0,260,381
08/26/2023,SDM,CA,AWP,WE,Federal Contract Tower,0,6,18,5,29,0,2,133,8,143,0,8,151,13,172,176,0,176,348
08/27/2023,SDM,CA,AWP,WE,Federal Contract Tower,0,5,12,1,18,0,0,115,17,132,0,5,127,18,150,144,0,144,294
08/28/2023,SDM,CA,AWP,WE,Federal Contract Tower,0,10,12,4,26,0,0,103,8,111,0,10,115,12,137,176,0,176,313
08/29/2023,SDM,CA,AWP,WE,Federal Contract Tower,0,4,21,2,27,0,1,83,5,89,0,5,104,7,116,102,10,112,228
08/30/2023,SDM,CA,AWP,WE,Federal Contract Tower,0,1,28,0,29,0,0,65,4,69,0,1,93,4,98,132,4,136,234
08/31/2023,SDM,CA,AWP,WE,Federal Contract Tower,0,6,18,0,24,0,0,64,0,64,0,6,82,0,88,106,0,106,194
