01/01/2020,SEE,CA,AWP,WE,Towers with Radar,0,2,16,0,18,0,1,142,1,144,0,3,158,1,162,120,0,120,282
01/02/2020,SEE,CA,AWP,WE,Towers with Radar,0,0,34,1,35,0,2,240,0,242,0,2,274,1,277,288,0,288,565
01/03/2020,SEE,CA,AWP,WE,Towers with Radar,0,4,38,0,42,0,1,269,0,270,0,5,307,0,312,322,0,322,634
01/04/2020,SEE,CA,AWP,WE,Towers with Radar,0,1,31,0,32,0,0,251,0,251,0,1,282,0,283,351,0,351,634
01/05/2020,SEE,CA,AWP,WE,Towers with Radar,0,0,43,0,43,0,1,236,0,237,0,1,279,0,280,288,0,288,568
01/06/2020,SEE,CA,AWP,WE,Towers with Radar,0,0,29,0,29,0,0,187,0,187,0,0,216,0,216,345,0,345,561
01/07/2020,SEE,CA,AWP,WE,Towers with Radar,0,1,46,2,49,0,1,275,0,276,0,2,321,2,325,188,0,188,513
01/08/2020,SEE,CA,AWP,WE,Towers with Radar,0,0,36,1,37,0,0,215,0,215,0,0,251,1,252,273,0,273,525
01/09/2020,SEE,CA,AWP,WE,Towers with Radar,0,2,27,0,29,0,0,72,0,72,0,2,99,0,101,267,0,267,368
01/10/2020,SEE,CA,AWP,WE,Towers with Radar,0,0,30,1,31,0,0,305,0,305,0,0,335,1,336,333,0,333,669
01/11/2020,SEE,CA,AWP,WE,Towers with Radar,0,6,32,1,39,0,0,267,1,268,0,6,299,2,307,317,0,317,624
01/12/2020,SEE,CA,AWP,WE,Towers with Radar,0,1,42,1,44,0,0,239,0,239,0,1,281,1,283,306,0,306,589
01/13/2020,SEE,CA,AWP,WE,Towers with Radar,0,0,45,0,45,0,2,264,0,266,0,2,309,0,311,118,0,118,429
01/14/2020,SEE,CA,AWP,WE,Towers with Radar,0,2,42,3,47,0,0,246,0,246,0,2,288,3,293,129,0,129,422
01/15/2020,SEE,CA,AWP,WE,Towers with Radar,0,8,35,5,48,0,0,330,0,330,0,8,365,5,378,119,0,119,497
01/16/2020,SEE,CA,AWP,WE,Towers with Radar,0,1,32,2,35,0,0,101,1,102,0,1,133,3,137,151,0,151,288
01/17/2020,SEE,CA,AWP,WE,Towers with Radar,0,0,25,2,27,0,0,99,0,99,0,0,124,2,126,88,0,88,214
01/18/2020,SEE,CA,AWP,WE,Towers with Radar,0,1,15,0,16,0,1,310,0,311,0,2,325,0,327,88,0,88,415
01/19/2020,SEE,CA,AWP,WE,Towers with Radar,0,0,22,0,22,0,0,278,0,278,0,0,300,0,300,49,0,49,349
01/20/2020,SEE,CA,AWP,WE,Towers with Radar,0,2,42,3,47,0,0,226,1,227,0,2,268,4,274,96,0,96,370
01/21/2020,SEE,CA,AWP,WE,Towers with Radar,0,1,64,6,71,0,1,46,0,47,0,2,110,6,118,155,0,155,273
01/22/2020,SEE,CA,AWP,WE,Towers with Radar,0,1,53,4,58,0,0,274,1,275,0,1,327,5,333,111,0,111,444
01/23/2020,SEE,CA,AWP,WE,Towers with Radar,0,4,28,6,38,0,0,333,0,333,0,4,361,6,371,110,0,110,481
01/24/2020,SEE,CA,AWP,WE,Towers with Radar,0,0,41,4,45,0,0,288,0,288,0,0,329,4,333,106,0,106,439
01/25/2020,SEE,CA,AWP,WE,Towers with Radar,0,7,37,0,44,0,0,260,1,261,0,7,297,1,305,56,0,56,361
01/26/2020,SEE,CA,AWP,WE,Towers with Radar,0,1,17,1,19,0,1,94,0,95,0,2,111,1,114,113,0,113,227
01/27/2020,SEE,CA,AWP,WE,Towers with Radar,0,2,42,1,45,0,1,273,0,274,0,3,315,1,319,117,0,117,436
01/28/2020,SEE,CA,AWP,WE,Towers with Radar,0,0,36,3,39,0,0,284,0,284,0,0,320,3,323,106,0,106,429
01/29/2020,SEE,CA,AWP,WE,Towers with Radar,0,2,29,7,38,0,1,192,1,194,0,3,221,8,232,123,1,124,356
01/30/2020,SEE,CA,AWP,WE,Towers with Radar,0,3,43,6,52,0,0,259,1,260,0,3,302,7,312,128,0,128,440
01/31/2020,SEE,CA,AWP,WE,Towers with Radar,0,2,38,5,45,0,0,248,1,249,0,2,286,6,294,139,0,139,433
02/01/2020,SEE,CA,AWP,WE,Towers with Radar,0,4,39,1,44,0,2,317,1,320,0,6,356,2,364,386,0,386,750
02/02/2020,SEE,CA,AWP,WE,Towers with Radar,0,2,31,0,33,0,0,225,0,225,0,2,256,0,258,328,0,328,586
02/03/2020,SEE,CA,AWP,WE,Towers with Radar,0,1,39,3,43,0,1,200,0,201,0,2,239,3,244,411,0,411,655
02/04/2020,SEE,CA,AWP,WE,Towers with Radar,0,0,23,6,29,0,0,156,0,156,0,0,179,6,185,278,0,278,463
02/05/2020,SEE,CA,AWP,WE,Towers with Radar,0,3,29,2,34,0,3,261,0,264,0,6,290,2,298,400,0,400,698
02/06/2020,SEE,CA,AWP,WE,Towers with Radar,0,0,47,1,48,0,3,302,0,305,0,3,349,1,353,303,0,303,656
02/07/2020,SEE,CA,AWP,WE,Towers with Radar,0,2,37,1,40,0,2,309,0,311,0,4,346,1,351,399,0,399,750
02/08/2020,SEE,CA,AWP,WE,Towers with Radar,0,0,44,0,44,0,2,312,0,314,0,2,356,0,358,459,0,459,817
02/09/2020,SEE,CA,AWP,WE,Towers with Radar,0,1,27,0,28,0,0,9,0,9,0,1,36,0,37,122,0,122,159
02/10/2020,SEE,CA,AWP,WE,Towers with Radar,0,0,30,3,33,0,1,48,0,49,0,1,78,3,82,340,0,340,422
02/11/2020,SEE,CA,AWP,WE,Towers with Radar,0,1,30,2,33,0,4,173,0,177,0,5,203,2,210,420,0,420,630
02/12/2020,SEE,CA,AWP,WE,Towers with Radar,0,1,44,3,48,0,1,316,0,317,0,2,360,3,365,651,0,651,1016
02/13/2020,SEE,CA,AWP,WE,Towers with Radar,0,2,48,2,52,0,1,308,2,311,0,3,356,4,363,426,0,426,789
02/14/2020,SEE,CA,AWP,WE,Towers with Radar,0,2,39,1,42,0,2,327,0,329,0,4,366,1,371,492,0,492,863
02/15/2020,SEE,CA,AWP,WE,Towers with Radar,0,4,25,0,29,0,3,334,0,337,0,7,359,0,366,442,0,442,808
02/16/2020,SEE,CA,AWP,WE,Towers with Radar,0,4,27,0,31,0,2,254,0,256,0,6,281,0,287,358,0,358,645
02/17/2020,SEE,CA,AWP,WE,Towers with Radar,0,8,37,2,47,0,3,276,0,279,0,11,313,2,326,436,0,436,762
02/18/2020,SEE,CA,AWP,WE,Towers with Radar,0,1,41,6,48,0,2,231,0,233,0,3,272,6,281,490,0,490,771
02/19/2020,SEE,CA,AWP,WE,Towers with Radar,0,4,50,4,58,0,0,219,1,220,0,4,269,5,278,496,0,496,774
02/20/2020,SEE,CA,AWP,WE,Towers with Radar,0,0,47,4,51,0,1,281,2,284,0,1,328,6,335,544,1,545,880
02/21/2020,SEE,CA,AWP,WE,Towers with Radar,0,2,48,0,50,0,2,265,0,267,0,4,313,0,317,432,0,432,749
02/22/2020,SEE,CA,AWP,WE,Towers with Radar,0,0,17,2,19,0,0,30,0,30,0,0,47,2,49,255,0,255,304
02/23/2020,SEE,CA,AWP,WE,Towers with Radar,0,0,36,0,36,0,0,174,0,174,0,0,210,0,210,545,0,545,755
02/24/2020,SEE,CA,AWP,WE,Towers with Radar,0,0,36,1,37,0,0,255,0,255,0,0,291,1,292,538,0,538,830
02/25/2020,SEE,CA,AWP,WE,Towers with Radar,0,2,23,4,29,0,3,198,1,202,0,5,221,5,231,339,0,339,570
02/26/2020,SEE,CA,AWP,WE,Towers with Radar,0,0,18,7,25,0,1,161,0,162,0,1,179,7,187,462,0,462,649
02/27/2020,SEE,CA,AWP,WE,Towers with Radar,0,0,42,5,47,0,1,290,0,291,0,1,332,5,338,620,0,620,958
02/28/2020,SEE,CA,AWP,WE,Towers with Radar,0,0,43,2,45,0,2,312,0,314,0,2,355,2,359,387,0,387,746
02/29/2020,SEE,CA,AWP,WE,Towers with Radar,0,0,33,0,33,0,2,398,0,400,0,2,431,0,433,588,0,588,1021
03/01/2020,SEE,CA,AWP,WE,Towers with Radar,0,3,17,0,20,0,1,80,1,82,0,4,97,1,102,482,0,482,584
03/02/2020,SEE,CA,AWP,WE,Towers with Radar,0,0,18,5,23,0,0,115,0,115,0,0,133,5,138,786,0,786,924
03/03/2020,SEE,CA,AWP,WE,Towers with Radar,0,2,37,4,43,0,5,316,0,321,0,7,353,4,364,703,0,703,1067
03/04/2020,SEE,CA,AWP,WE,Towers with Radar,0,1,45,4,50,0,1,373,1,375,0,2,418,5,425,499,0,499,924
03/05/2020,SEE,CA,AWP,WE,Towers with Radar,0,3,34,2,39,0,2,282,0,284,0,5,316,2,323,566,0,566,889
03/06/2020,SEE,CA,AWP,WE,Towers with Radar,0,1,29,0,30,0,2,231,0,233,0,3,260,0,263,393,0,393,656
03/07/2020,SEE,CA,AWP,WE,Towers with Radar,0,0,51,2,53,0,3,137,0,140,0,3,188,2,193,948,0,948,1141
03/08/2020,SEE,CA,AWP,WE,Towers with Radar,0,3,47,2,52,0,1,141,0,142,0,4,188,2,194,492,0,492,686
03/09/2020,SEE,CA,AWP,WE,Towers with Radar,0,7,31,3,41,0,2,280,0,282,0,9,311,3,323,577,0,577,900
03/10/2020,SEE,CA,AWP,WE,Towers with Radar,0,0,26,4,30,0,0,3,0,3,0,0,29,4,33,211,0,211,244
03/11/2020,SEE,CA,AWP,WE,Towers with Radar,0,4,36,7,47,0,0,90,0,90,0,4,126,7,137,550,0,550,687
03/12/2020,SEE,CA,AWP,WE,Towers with Radar,0,0,7,0,7,0,0,4,0,4,0,0,11,0,11,32,0,32,43
03/13/2020,SEE,CA,AWP,WE,Towers with Radar,0,2,14,2,18,0,0,15,0,15,0,2,29,2,33,42,0,42,75
03/14/2020,SEE,CA,AWP,WE,Towers with Radar,0,5,52,0,57,0,1,40,0,41,0,6,92,0,98,494,0,494,592
03/15/2020,SEE,CA,AWP,WE,Towers with Radar,0,0,46,0,46,0,0,105,0,105,0,0,151,0,151,741,0,741,892
03/16/2020,SEE,CA,AWP,WE,Towers with Radar,0,0,38,2,40,0,2,133,0,135,0,2,171,2,175,354,0,354,529
03/17/2020,SEE,CA,AWP,WE,Towers with Radar,0,1,16,0,17,0,1,139,0,140,0,2,155,0,157,657,0,657,814
03/18/2020,SEE,CA,AWP,WE,Towers with Radar,0,1,6,4,11,0,0,16,0,16,0,1,22,4,27,20,0,20,47
03/19/2020,SEE,CA,AWP,WE,Towers with Radar,0,3,22,0,25,0,0,35,0,35,0,3,57,0,60,102,0,102,162
03/20/2020,SEE,CA,AWP,WE,Towers with Radar,0,0,11,0,11,0,0,50,0,50,0,0,61,0,61,119,0,119,180
03/21/2020,SEE,CA,AWP,WE,Towers with Radar,0,2,6,0,8,0,0,124,0,124,0,2,130,0,132,166,0,166,298
03/22/2020,SEE,CA,AWP,WE,Towers with Radar,0,0,9,0,9,0,2,111,4,117,0,2,120,4,126,116,96,212,338
03/23/2020,SEE,CA,AWP,WE,Towers with Radar,0,0,1,0,1,0,1,58,0,59,0,1,59,0,60,23,0,23,83
03/24/2020,SEE,CA,AWP,WE,Towers with Radar,0,3,6,2,11,0,1,73,0,74,0,4,79,2,85,112,0,112,197
03/25/2020,SEE,CA,AWP,WE,Towers with Radar,0,0,8,0,8,0,0,58,0,58,0,0,66,0,66,42,0,42,108
03/26/2020,SEE,CA,AWP,WE,Towers with Radar,0,1,8,2,11,0,2,45,0,47,0,3,53,2,58,63,0,63,121
03/27/2020,SEE,CA,AWP,WE,Towers with Radar,0,2,11,0,13,0,1,119,0,120,0,3,130,0,133,193,0,193,326
03/28/2020,SEE,CA,AWP,WE,Towers with Radar,0,1,7,0,8,0,1,145,0,146,0,2,152,0,154,145,0,145,299
03/29/2020,SEE,CA,AWP,WE,Towers with Radar,0,3,5,0,8,0,3,76,0,79,0,6,81,0,87,35,0,35,122
03/30/2020,SEE,CA,AWP,WE,Towers with Radar,0,1,9,2,12,0,1,100,4,105,0,2,109,6,117,57,0,57,174
03/31/2020,SEE,CA,AWP,WE,Towers with Radar,0,2,8,0,10,0,0,129,0,129,0,2,137,0,139,208,0,208,347
04/01/2020,SEE,CA,AWP,WE,Towers with Radar,0,0,15,0,15,0,0,111,0,111,0,0,126,0,126,250,0,250,376
04/02/2020,SEE,CA,AWP,WE,Towers with Radar,0,1,10,1,12,0,0,66,0,66,0,1,76,1,78,214,0,214,292
04/03/2020,SEE,CA,AWP,WE,Towers with Radar,0,0,15,2,17,0,0,146,0,146,0,0,161,2,163,210,0,210,373
04/04/2020,SEE,CA,AWP,WE,Towers with Radar,0,0,14,2,16,0,3,80,0,83,0,3,94,2,99,248,0,248,347
04/05/2020,SEE,CA,AWP,WE,Towers with Radar,0,3,7,2,12,0,2,41,0,43,0,5,48,2,55,103,0,103,158
04/06/2020,SEE,CA,AWP,WE,Towers with Radar,0,0,3,3,6,0,0,29,0,29,0,0,32,3,35,28,0,28,63
04/07/2020,SEE,CA,AWP,WE,Towers with Radar,0,0,5,2,7,0,1,13,0,14,0,1,18,2,21,8,0,8,29
04/08/2020,SEE,CA,AWP,WE,Towers with Radar,0,2,3,0,5,0,0,25,0,25,0,2,28,0,30,61,0,61,91
04/09/2020,SEE,CA,AWP,WE,Towers with Radar,0,2,2,0,4,0,0,21,0,21,0,2,23,0,25,6,0,6,31
04/10/2020,SEE,CA,AWP,WE,Towers with Radar,0,0,5,1,6,0,0,2,0,2,0,0,7,1,8,0,0,0,8
04/11/2020,SEE,CA,AWP,WE,Towers with Radar,0,0,9,0,9,0,2,107,0,109,0,2,116,0,118,193,0,193,311
04/12/2020,SEE,CA,AWP,WE,Towers with Radar,0,0,7,0,7,0,0,14,0,14,0,0,21,0,21,12,0,12,33
04/13/2020,SEE,CA,AWP,WE,Towers with Radar,0,3,12,2,17,0,3,39,0,42,0,6,51,2,59,56,0,56,115
04/14/2020,SEE,CA,AWP,WE,Towers with Radar,0,0,7,4,11,0,0,109,2,111,0,0,116,6,122,79,1,80,202
04/15/2020,SEE,CA,AWP,WE,Towers with Radar,0,0,17,0,17,0,1,188,0,189,0,1,205,0,206,44,0,44,250
04/16/2020,SEE,CA,AWP,WE,Towers with Radar,0,1,5,1,7,0,0,154,0,154,0,1,159,1,161,60,0,60,221
04/17/2020,SEE,CA,AWP,WE,Towers with Radar,0,1,11,2,14,0,2,85,0,87,0,3,96,2,101,174,0,174,275
04/18/2020,SEE,CA,AWP,WE,Towers with Radar,0,6,15,0,21,0,1,47,0,48,0,7,62,0,69,156,0,156,225
04/19/2020,SEE,CA,AWP,WE,Towers with Radar,0,0,10,0,10,0,0,57,0,57,0,0,67,0,67,195,0,195,262
04/20/2020,SEE,CA,AWP,WE,Towers with Radar,0,2,16,6,24,0,0,37,1,38,0,2,53,7,62,190,0,190,252
04/21/2020,SEE,CA,AWP,WE,Towers with Radar,0,0,17,0,17,0,2,89,0,91,0,2,106,0,108,219,0,219,327
04/22/2020,SEE,CA,AWP,WE,Towers with Radar,0,6,16,2,24,0,3,213,1,217,0,9,229,3,241,163,1,164,405
04/23/2020,SEE,CA,AWP,WE,Towers with Radar,0,2,13,2,17,0,0,160,0,160,0,2,173,2,177,155,0,155,332
04/24/2020,SEE,CA,AWP,WE,Towers with Radar,0,0,16,2,18,0,2,165,1,168,0,2,181,3,186,114,0,114,300
04/25/2020,SEE,CA,AWP,WE,Towers with Radar,0,0,13,2,15,0,2,201,1,204,0,2,214,3,219,203,0,203,422
04/26/2020,SEE,CA,AWP,WE,Towers with Radar,0,0,5,2,7,0,2,135,1,138,0,2,140,3,145,262,0,262,407
04/27/2020,SEE,CA,AWP,WE,Towers with Radar,0,1,9,3,13,0,1,151,2,154,0,2,160,5,167,290,0,290,457
04/28/2020,SEE,CA,AWP,WE,Towers with Radar,0,0,9,0,9,0,1,146,0,147,0,1,155,0,156,267,0,267,423
04/29/2020,SEE,CA,AWP,WE,Towers with Radar,0,0,19,2,21,0,2,103,0,105,0,2,122,2,126,204,0,204,330
04/30/2020,SEE,CA,AWP,WE,Towers with Radar,0,0,16,1,17,0,0,111,4,115,0,0,127,5,132,343,0,343,475
05/01/2020,SEE,CA,AWP,WE,Towers with Radar,0,2,15,2,19,0,1,135,0,136,0,3,150,2,155,304,0,304,459
05/02/2020,SEE,CA,AWP,WE,Towers with Radar,0,0,6,0,6,0,0,194,0,194,0,0,200,0,200,401,0,401,601
05/03/2020,SEE,CA,AWP,WE,Towers with Radar,0,2,4,0,6,0,0,101,0,101,0,2,105,0,107,416,0,416,523
05/04/2020,SEE,CA,AWP,WE,Towers with Radar,0,1,5,0,6,0,0,121,0,121,0,1,126,0,127,180,0,180,307
05/05/2020,SEE,CA,AWP,WE,Towers with Radar,0,2,6,2,10,0,3,131,0,134,0,5,137,2,144,240,0,240,384
05/06/2020,SEE,CA,AWP,WE,Towers with Radar,0,2,9,2,13,0,1,100,2,103,0,3,109,4,116,194,0,194,310
05/07/2020,SEE,CA,AWP,WE,Towers with Radar,0,0,12,0,12,0,1,132,1,134,0,1,144,1,146,323,0,323,469
05/08/2020,SEE,CA,AWP,WE,Towers with Radar,0,0,11,2,13,0,0,106,1,107,0,0,117,3,120,228,0,228,348
05/09/2020,SEE,CA,AWP,WE,Towers with Radar,0,1,13,1,15,0,1,92,2,95,0,2,105,3,110,126,0,126,236
05/10/2020,SEE,CA,AWP,WE,Towers with Radar,0,0,13,1,14,0,0,28,1,29,0,0,41,2,43,136,0,136,179
05/11/2020,SEE,CA,AWP,WE,Towers with Radar,0,2,26,5,33,0,4,83,1,88,0,6,109,6,121,211,0,211,332
05/12/2020,SEE,CA,AWP,WE,Towers with Radar,0,2,18,1,21,0,4,105,0,109,0,6,123,1,130,225,0,225,355
05/13/2020,SEE,CA,AWP,WE,Towers with Radar,0,4,35,0,39,0,1,60,0,61,0,5,95,0,100,220,0,220,320
05/14/2020,SEE,CA,AWP,WE,Towers with Radar,0,0,19,0,19,0,0,123,2,125,0,0,142,2,144,140,0,140,284
05/15/2020,SEE,CA,AWP,WE,Towers with Radar,0,0,18,2,20,0,1,164,2,167,0,1,182,4,187,260,0,260,447
05/16/2020,SEE,CA,AWP,WE,Towers with Radar,0,0,10,0,10,0,0,132,0,132,0,0,142,0,142,278,0,278,420
05/17/2020,SEE,CA,AWP,WE,Towers with Radar,0,0,29,1,30,0,1,66,0,67,0,1,95,1,97,115,0,115,212
05/18/2020,SEE,CA,AWP,WE,Towers with Radar,0,0,31,6,37,0,6,99,0,105,0,6,130,6,142,269,0,269,411
05/19/2020,SEE,CA,AWP,WE,Towers with Radar,0,0,35,3,38,0,3,116,0,119,0,3,151,3,157,230,0,230,387
05/20/2020,SEE,CA,AWP,WE,Towers with Radar,0,4,18,1,23,0,1,171,2,174,0,5,189,3,197,276,0,276,473
05/21/2020,SEE,CA,AWP,WE,Towers with Radar,0,1,30,0,31,0,4,195,1,200,0,5,225,1,231,202,0,202,433
05/22/2020,SEE,CA,AWP,WE,Towers with Radar,0,1,28,3,32,0,1,180,3,184,0,2,208,6,216,242,0,242,458
05/23/2020,SEE,CA,AWP,WE,Towers with Radar,0,0,20,0,20,0,1,141,0,142,0,1,161,0,162,210,0,210,372
05/24/2020,SEE,CA,AWP,WE,Towers with Radar,0,0,8,0,8,0,0,123,0,123,0,0,131,0,131,149,0,149,280
05/25/2020,SEE,CA,AWP,WE,Towers with Radar,0,3,29,1,33,0,1,149,0,150,0,4,178,1,183,299,0,299,482
05/26/2020,SEE,CA,AWP,WE,Towers with Radar,0,1,27,0,28,0,2,142,2,146,0,3,169,2,174,100,0,100,274
05/27/2020,SEE,CA,AWP,WE,Towers with Radar,0,0,18,2,20,0,2,181,2,185,0,2,199,4,205,101,0,101,306
05/28/2020,SEE,CA,AWP,WE,Towers with Radar,0,2,29,0,31,0,0,175,1,176,0,2,204,1,207,81,0,81,288
05/29/2020,SEE,CA,AWP,WE,Towers with Radar,0,1,39,4,44,0,0,32,4,36,0,1,71,8,80,96,0,96,176
05/30/2020,SEE,CA,AWP,WE,Towers with Radar,0,1,24,0,25,0,1,124,1,126,0,2,148,1,151,154,0,154,305
05/31/2020,SEE,CA,AWP,WE,Towers with Radar,0,2,10,3,15,0,1,137,1,139,0,3,147,4,154,124,0,124,278
06/01/2020,SEE,CA,AWP,WE,Towers with Radar,0,0,12,2,14,0,0,189,4,193,0,0,201,6,207,136,0,136,343
06/02/2020,SEE,CA,AWP,WE,Towers with Radar,0,0,31,3,34,0,0,165,0,165,0,0,196,3,199,112,0,112,311
06/03/2020,SEE,CA,AWP,WE,Towers with Radar,0,5,17,0,22,0,1,189,1,191,0,6,206,1,213,187,0,187,400
06/04/2020,SEE,CA,AWP,WE,Towers with Radar,0,0,34,3,37,0,1,81,0,82,0,1,115,3,119,136,0,136,255
06/05/2020,SEE,CA,AWP,WE,Towers with Radar,0,2,54,2,58,0,1,75,1,77,0,3,129,3,135,527,0,527,662
06/06/2020,SEE,CA,AWP,WE,Towers with Radar,0,1,17,1,19,0,1,28,0,29,0,2,45,1,48,349,0,349,397
06/07/2020,SEE,CA,AWP,WE,Towers with Radar,0,3,20,2,25,0,1,88,0,89,0,4,108,2,114,371,0,371,485
06/08/2020,SEE,CA,AWP,WE,Towers with Radar,0,0,20,4,24,0,0,159,0,159,0,0,179,4,183,426,0,426,609
06/09/2020,SEE,CA,AWP,WE,Towers with Radar,0,1,16,2,19,0,0,118,1,119,0,1,134,3,138,286,0,286,424
06/10/2020,SEE,CA,AWP,WE,Towers with Radar,0,0,20,1,21,0,0,196,0,196,0,0,216,1,217,296,0,296,513
06/11/2020,SEE,CA,AWP,WE,Towers with Radar,0,0,21,0,21,0,0,198,1,199,0,0,219,1,220,431,0,431,651
06/12/2020,SEE,CA,AWP,WE,Towers with Radar,0,0,30,4,34,0,1,226,0,227,0,1,256,4,261,391,0,391,652
06/13/2020,SEE,CA,AWP,WE,Towers with Radar,0,1,13,0,14,0,0,145,0,145,0,1,158,0,159,179,0,179,338
06/14/2020,SEE,CA,AWP,WE,Towers with Radar,0,0,17,0,17,0,0,147,0,147,0,0,164,0,164,147,0,147,311
06/15/2020,SEE,CA,AWP,WE,Towers with Radar,0,0,33,6,39,0,0,164,0,164,0,0,197,6,203,385,0,385,588
06/16/2020,SEE,CA,AWP,WE,Towers with Radar,0,2,31,7,40,0,1,139,0,140,0,3,170,7,180,547,0,547,727
06/17/2020,SEE,CA,AWP,WE,Towers with Radar,0,1,47,2,50,0,0,171,0,171,0,1,218,2,221,393,0,393,614
06/18/2020,SEE,CA,AWP,WE,Towers with Radar,0,2,38,0,40,0,1,214,0,215,0,3,252,0,255,515,0,515,770
06/19/2020,SEE,CA,AWP,WE,Towers with Radar,0,1,43,5,49,0,1,175,0,176,0,2,218,5,225,639,0,639,864
06/20/2020,SEE,CA,AWP,WE,Towers with Radar,0,0,26,1,27,0,0,89,0,89,0,0,115,1,116,199,0,199,315
06/21/2020,SEE,CA,AWP,WE,Towers with Radar,0,1,20,1,22,0,1,107,0,108,0,2,127,1,130,244,0,244,374
06/22/2020,SEE,CA,AWP,WE,Towers with Radar,0,1,36,6,43,0,0,189,0,189,0,1,225,6,232,401,0,401,633
06/23/2020,SEE,CA,AWP,WE,Towers with Radar,0,1,39,4,44,0,0,175,0,175,0,1,214,4,219,335,0,335,554
06/24/2020,SEE,CA,AWP,WE,Towers with Radar,0,0,50,3,53,0,0,167,0,167,0,0,217,3,220,350,0,350,570
06/25/2020,SEE,CA,AWP,WE,Towers with Radar,0,1,44,2,47,0,0,169,1,170,0,1,213,3,217,646,0,646,863
06/26/2020,SEE,CA,AWP,WE,Towers with Radar,0,0,39,6,45,0,0,215,0,215,0,0,254,6,260,449,0,449,709
06/27/2020,SEE,CA,AWP,WE,Towers with Radar,0,1,32,0,33,0,2,245,0,247,0,3,277,0,280,391,0,391,671
06/28/2020,SEE,CA,AWP,WE,Towers with Radar,0,0,49,0,49,0,0,139,0,139,0,0,188,0,188,496,0,496,684
06/29/2020,SEE,CA,AWP,WE,Towers with Radar,0,0,17,5,22,0,1,46,1,48,0,1,63,6,70,323,0,323,393
06/30/2020,SEE,CA,AWP,WE,Towers with Radar,0,0,48,0,48,0,21,203,1,225,0,21,251,1,273,537,0,537,810
07/01/2020,SEE,CA,AWP,WE,Towers with Radar,0,3,44,3,50,0,5,196,0,201,0,8,240,3,251,366,0,366,617
07/02/2020,SEE,CA,AWP,WE,Towers with Radar,0,0,29,2,31,0,0,163,0,163,0,0,192,2,194,492,0,492,686
07/03/2020,SEE,CA,AWP,WE,Towers with Radar,0,2,18,0,20,0,1,253,0,254,0,3,271,0,274,474,0,474,748
07/04/2020,SEE,CA,AWP,WE,Towers with Radar,0,3,9,0,12,0,2,143,0,145,0,5,152,0,157,198,0,198,355
07/05/2020,SEE,CA,AWP,WE,Towers with Radar,0,2,20,0,22,0,0,158,0,158,0,2,178,0,180,328,0,328,508
07/06/2020,SEE,CA,AWP,WE,Towers with Radar,0,4,31,4,39,0,0,165,0,165,0,4,196,4,204,503,0,503,707
07/07/2020,SEE,CA,AWP,WE,Towers with Radar,0,0,33,2,35,0,0,214,0,214,0,0,247,2,249,484,0,484,733
07/08/2020,SEE,CA,AWP,WE,Towers with Radar,0,4,40,4,48,0,1,169,0,170,0,5,209,4,218,381,0,381,599
07/09/2020,SEE,CA,AWP,WE,Towers with Radar,0,0,40,0,40,0,1,238,2,241,0,1,278,2,281,498,0,498,779
07/10/2020,SEE,CA,AWP,WE,Towers with Radar,0,1,14,3,18,0,0,201,2,203,0,1,215,5,221,413,0,413,634
07/11/2020,SEE,CA,AWP,WE,Towers with Radar,0,0,17,0,17,0,3,211,0,214,0,3,228,0,231,384,0,384,615
07/12/2020,SEE,CA,AWP,WE,Towers with Radar,0,0,14,1,15,0,0,167,1,168,0,0,181,2,183,433,0,433,616
07/13/2020,SEE,CA,AWP,WE,Towers with Radar,0,0,28,3,31,0,1,177,0,178,0,1,205,3,209,270,0,270,479
07/14/2020,SEE,CA,AWP,WE,Towers with Radar,0,3,26,1,30,0,0,175,0,175,0,3,201,1,205,535,0,535,740
07/15/2020,SEE,CA,AWP,WE,Towers with Radar,0,0,26,1,27,0,0,244,1,245,0,0,270,2,272,361,0,361,633
07/16/2020,SEE,CA,AWP,WE,Towers with Radar,0,2,41,2,45,0,0,193,0,193,0,2,234,2,238,455,0,455,693
07/17/2020,SEE,CA,AWP,WE,Towers with Radar,0,2,30,3,35,0,1,212,2,215,0,3,242,5,250,479,0,479,729
07/18/2020,SEE,CA,AWP,WE,Towers with Radar,0,4,25,1,30,0,2,201,1,204,0,6,226,2,234,324,0,324,558
07/19/2020,SEE,CA,AWP,WE,Towers with Radar,0,2,35,1,38,0,0,144,1,145,0,2,179,2,183,371,0,371,554
07/20/2020,SEE,CA,AWP,WE,Towers with Radar,0,0,30,3,33,0,1,189,0,190,0,1,219,3,223,406,0,406,629
07/21/2020,SEE,CA,AWP,WE,Towers with Radar,0,0,28,2,30,0,2,198,0,200,0,2,226,2,230,478,0,478,708
07/22/2020,SEE,CA,AWP,WE,Towers with Radar,0,3,34,0,37,0,0,170,0,170,0,3,204,0,207,485,0,485,692
07/23/2020,SEE,CA,AWP,WE,Towers with Radar,0,4,35,0,39,0,1,196,0,197,0,5,231,0,236,670,0,670,906
07/24/2020,SEE,CA,AWP,WE,Towers with Radar,0,0,25,4,29,0,0,223,1,224,0,0,248,5,253,491,2,493,746
07/25/2020,SEE,CA,AWP,WE,Towers with Radar,0,2,24,0,26,0,1,184,0,185,0,3,208,0,211,469,0,469,680
07/26/2020,SEE,CA,AWP,WE,Towers with Radar,0,2,23,0,25,0,1,177,1,179,0,3,200,1,204,277,0,277,481
07/27/2020,SEE,CA,AWP,WE,Towers with Radar,0,4,33,1,38,0,0,164,1,165,0,4,197,2,203,397,0,397,600
07/28/2020,SEE,CA,AWP,WE,Towers with Radar,0,5,31,2,38,0,2,195,0,197,0,7,226,2,235,279,0,279,514
07/29/2020,SEE,CA,AWP,WE,Towers with Radar,0,0,35,2,37,0,4,181,1,186,0,4,216,3,223,499,0,499,722
07/30/2020,SEE,CA,AWP,WE,Towers with Radar,0,0,36,1,37,0,2,224,0,226,0,2,260,1,263,365,0,365,628
07/31/2020,SEE,CA,AWP,WE,Towers with Radar,0,0,27,2,29,0,3,178,0,181,0,3,205,2,210,431,0,431,641
08/01/2020,SEE,CA,AWP,WE,Towers with Radar,0,0,30,0,30,0,0,147,0,147,0,0,177,0,177,404,0,404,581
08/02/2020,SEE,CA,AWP,WE,Towers with Radar,0,0,33,1,34,0,0,159,0,159,0,0,192,1,193,324,0,324,517
08/03/2020,SEE,CA,AWP,WE,Towers with Radar,0,0,25,3,28,0,1,174,0,175,0,1,199,3,203,365,0,365,568
08/04/2020,SEE,CA,AWP,WE,Towers with Radar,0,0,32,1,33,0,0,172,0,172,0,0,204,1,205,277,0,277,482
08/05/2020,SEE,CA,AWP,WE,Towers with Radar,0,0,32,1,33,0,2,194,2,198,0,2,226,3,231,366,0,366,597
08/06/2020,SEE,CA,AWP,WE,Towers with Radar,0,1,31,5,37,0,4,209,0,213,0,5,240,5,250,553,0,553,803
08/07/2020,SEE,CA,AWP,WE,Towers with Radar,0,0,30,2,32,0,1,221,1,223,0,1,251,3,255,522,0,522,777
08/08/2020,SEE,CA,AWP,WE,Towers with Radar,0,1,32,2,35,0,5,207,0,212,0,6,239,2,247,301,0,301,548
08/09/2020,SEE,CA,AWP,WE,Towers with Radar,0,2,27,1,30,0,2,141,0,143,0,4,168,1,173,284,0,284,457
08/10/2020,SEE,CA,AWP,WE,Towers with Radar,0,0,36,1,37,0,1,206,1,208,0,1,242,2,245,206,0,206,451
08/11/2020,SEE,CA,AWP,WE,Towers with Radar,0,0,30,5,35,0,1,206,0,207,0,1,236,5,242,331,0,331,573
08/12/2020,SEE,CA,AWP,WE,Towers with Radar,0,2,40,1,43,0,0,194,0,194,0,2,234,1,237,386,0,386,623
08/13/2020,SEE,CA,AWP,WE,Towers with Radar,0,2,27,1,30,0,1,209,1,211,0,3,236,2,241,309,0,309,550
08/14/2020,SEE,CA,AWP,WE,Towers with Radar,0,0,28,2,30,0,0,180,1,181,0,0,208,3,211,403,0,403,614
08/15/2020,SEE,CA,AWP,WE,Towers with Radar,0,0,23,0,23,0,1,182,0,183,0,1,205,0,206,390,0,390,596
08/16/2020,SEE,CA,AWP,WE,Towers with Radar,0,0,22,0,22,0,7,201,0,208,0,7,223,0,230,257,0,257,487
08/17/2020,SEE,CA,AWP,WE,Towers with Radar,0,2,23,2,27,0,3,184,2,189,0,5,207,4,216,330,0,330,546
08/18/2020,SEE,CA,AWP,WE,Towers with Radar,0,0,21,4,25,0,1,156,0,157,0,1,177,4,182,354,0,354,536
08/19/2020,SEE,CA,AWP,WE,Towers with Radar,0,0,41,1,42,0,2,165,3,170,0,2,206,4,212,408,0,408,620
08/20/2020,SEE,CA,AWP,WE,Towers with Radar,0,3,30,1,34,0,0,184,0,184,0,3,214,1,218,367,0,367,585
08/21/2020,SEE,CA,AWP,WE,Towers with Radar,0,1,60,2,63,0,0,148,1,149,0,1,208,3,212,317,0,317,529
08/22/2020,SEE,CA,AWP,WE,Towers with Radar,0,0,28,0,28,0,1,189,0,190,0,1,217,0,218,267,0,267,485
08/23/2020,SEE,CA,AWP,WE,Towers with Radar,0,0,29,2,31,0,2,186,0,188,0,2,215,2,219,275,0,275,494
08/24/2020,SEE,CA,AWP,WE,Towers with Radar,0,0,32,3,35,0,1,127,0,128,0,1,159,3,163,302,0,302,465
08/25/2020,SEE,CA,AWP,WE,Towers with Radar,0,1,30,3,34,0,0,171,0,171,0,1,201,3,205,394,0,394,599
08/26/2020,SEE,CA,AWP,WE,Towers with Radar,0,0,29,1,30,0,2,195,0,197,0,2,224,1,227,331,0,331,558
08/27/2020,SEE,CA,AWP,WE,Towers with Radar,0,1,34,0,35,1,3,184,2,190,1,4,218,2,225,337,0,337,562
08/28/2020,SEE,CA,AWP,WE,Towers with Radar,0,0,31,3,34,0,1,222,0,223,0,1,253,3,257,312,0,312,569
08/29/2020,SEE,CA,AWP,WE,Towers with Radar,0,1,29,0,30,0,0,221,1,222,0,1,250,1,252,326,0,326,578
08/30/2020,SEE,CA,AWP,WE,Towers with Radar,0,0,22,0,22,0,0,178,0,178,0,0,200,0,200,237,0,237,437
08/31/2020,SEE,CA,AWP,WE,Towers with Radar,0,0,28,4,32,0,0,182,3,185,0,0,210,7,217,365,0,365,582
09/01/2020,SEE,CA,AWP,WE,Towers with Radar,0,0,30,5,35,0,0,166,1,167,0,0,196,6,202,370,0,370,572
09/02/2020,SEE,CA,AWP,WE,Towers with Radar,0,0,42,2,44,0,0,174,3,177,0,0,216,5,221,330,0,330,551
09/03/2020,SEE,CA,AWP,WE,Towers with Radar,0,0,17,0,17,0,0,150,0,150,0,0,167,0,167,342,0,342,509
09/04/2020,SEE,CA,AWP,WE,Towers with Radar,0,2,29,7,38,0,0,226,1,227,0,2,255,8,265,444,0,444,709
09/05/2020,SEE,CA,AWP,WE,Towers with Radar,0,2,11,1,14,0,1,122,1,124,0,3,133,2,138,111,0,111,249
09/06/2020,SEE,CA,AWP,WE,Towers with Radar,0,0,10,0,10,0,1,127,0,128,0,1,137,0,138,163,0,163,301
09/07/2020,SEE,CA,AWP,WE,Towers with Radar,0,0,22,0,22,0,7,114,1,122,0,7,136,1,144,287,0,287,431
09/08/2020,SEE,CA,AWP,WE,Towers with Radar,0,0,19,5,24,0,0,53,10,63,0,0,72,15,87,0,0,0,87
09/09/2020,SEE,CA,AWP,WE,Towers with Radar,0,0,28,5,33,0,0,182,22,204,0,0,210,27,237,80,0,80,317
09/10/2020,SEE,CA,AWP,WE,Towers with Radar,0,5,16,1,22,0,0,176,2,178,0,5,192,3,200,192,4,196,396
09/11/2020,SEE,CA,AWP,WE,Towers with Radar,0,0,18,8,26,0,1,189,0,190,0,1,207,8,216,426,0,426,642
09/12/2020,SEE,CA,AWP,WE,Towers with Radar,0,0,13,0,13,0,1,168,0,169,0,1,181,0,182,181,0,181,363
09/13/2020,SEE,CA,AWP,WE,Towers with Radar,0,1,26,2,29,0,0,128,0,128,0,1,154,2,157,172,0,172,329
09/14/2020,SEE,CA,AWP,WE,Towers with Radar,0,4,20,6,30,0,3,147,0,150,0,7,167,6,180,269,0,269,449
09/15/2020,SEE,CA,AWP,WE,Towers with Radar,0,3,19,3,25,0,0,165,0,165,0,3,184,3,190,300,0,300,490
09/16/2020,SEE,CA,AWP,WE,Towers with Radar,0,1,29,4,34,0,1,164,1,166,0,2,193,5,200,477,0,477,677
09/17/2020,SEE,CA,AWP,WE,Towers with Radar,0,1,33,1,35,0,1,206,1,208,0,2,239,2,243,186,0,186,429
09/18/2020,SEE,CA,AWP,WE,Towers with Radar,0,0,33,5,38,0,0,193,0,193,0,0,226,5,231,312,0,312,543
09/19/2020,SEE,CA,AWP,WE,Towers with Radar,0,2,32,0,34,0,0,201,0,201,0,2,233,0,235,301,0,301,536
09/20/2020,SEE,CA,AWP,WE,Towers with Radar,0,0,17,0,17,0,1,192,0,193,0,1,209,0,210,289,0,289,499
09/21/2020,SEE,CA,AWP,WE,Towers with Radar,0,0,38,3,41,0,0,189,0,189,0,0,227,3,230,165,0,165,395
09/22/2020,SEE,CA,AWP,WE,Towers with Radar,0,1,37,4,42,0,2,170,0,172,0,3,207,4,214,194,0,194,408
09/23/2020,SEE,CA,AWP,WE,Towers with Radar,0,3,26,5,34,0,2,224,2,228,0,5,250,7,262,374,0,374,636
09/24/2020,SEE,CA,AWP,WE,Towers with Radar,0,2,21,2,25,0,0,216,2,218,0,2,237,4,243,292,0,292,535
09/25/2020,SEE,CA,AWP,WE,Towers with Radar,0,0,27,3,30,0,1,215,0,216,0,1,242,3,246,377,0,377,623
09/26/2020,SEE,CA,AWP,WE,Towers with Radar,0,0,22,0,22,0,1,206,0,207,0,1,228,0,229,269,0,269,498
09/27/2020,SEE,CA,AWP,WE,Towers with Radar,0,0,26,0,26,0,0,160,0,160,0,0,186,0,186,235,0,235,421
09/28/2020,SEE,CA,AWP,WE,Towers with Radar,0,0,25,2,27,0,1,149,0,150,0,1,174,2,177,260,0,260,437
09/29/2020,SEE,CA,AWP,WE,Towers with Radar,0,3,31,0,34,0,1,149,0,150,0,4,180,0,184,293,0,293,477
09/30/2020,SEE,CA,AWP,WE,Towers with Radar,0,6,16,3,25,0,0,140,0,140,0,6,156,3,165,129,0,129,294
10/01/2020,SEE,CA,AWP,WE,Towers with Radar,0,3,19,1,23,0,3,221,1,225,0,6,240,2,248,405,0,405,653
10/02/2020,SEE,CA,AWP,WE,Towers with Radar,0,0,34,2,36,0,0,198,0,198,0,0,232,2,234,357,0,357,591
10/03/2020,SEE,CA,AWP,WE,Towers with Radar,0,0,23,1,24,0,0,173,1,174,0,0,196,2,198,209,0,209,407
10/04/2020,SEE,CA,AWP,WE,Towers with Radar,0,2,19,3,24,0,0,183,0,183,0,2,202,3,207,285,0,285,492
10/05/2020,SEE,CA,AWP,WE,Towers with Radar,0,1,26,0,27,0,0,182,0,182,0,1,208,0,209,234,0,234,443
10/06/2020,SEE,CA,AWP,WE,Towers with Radar,0,2,27,2,31,0,0,173,0,173,0,2,200,2,204,374,0,374,578
10/07/2020,SEE,CA,AWP,WE,Towers with Radar,0,0,32,2,34,0,0,180,0,180,0,0,212,2,214,263,0,263,477
10/08/2020,SEE,CA,AWP,WE,Towers with Radar,0,3,46,1,50,0,0,168,1,169,0,3,214,2,219,329,0,329,548
10/09/2020,SEE,CA,AWP,WE,Towers with Radar,0,2,40,2,44,0,1,177,0,178,0,3,217,2,222,414,0,414,636
10/10/2020,SEE,CA,AWP,WE,Towers with Radar,0,0,39,0,39,0,2,166,1,169,0,2,205,1,208,395,0,395,603
10/11/2020,SEE,CA,AWP,WE,Towers with Radar,0,1,20,0,21,0,0,164,0,164,0,1,184,0,185,211,0,211,396
10/12/2020,SEE,CA,AWP,WE,Towers with Radar,0,0,29,6,35,0,0,202,0,202,0,0,231,6,237,259,0,259,496
10/13/2020,SEE,CA,AWP,WE,Towers with Radar,0,0,21,1,22,0,0,196,2,198,0,0,217,3,220,183,0,183,403
10/14/2020,SEE,CA,AWP,WE,Towers with Radar,0,4,38,2,44,0,0,199,1,200,0,4,237,3,244,306,0,306,550
10/15/2020,SEE,CA,AWP,WE,Towers with Radar,0,0,30,0,30,0,1,209,1,211,0,1,239,1,241,206,0,206,447
10/16/2020,SEE,CA,AWP,WE,Towers with Radar,0,2,39,1,42,0,0,234,0,234,0,2,273,1,276,367,0,367,643
10/17/2020,SEE,CA,AWP,WE,Towers with Radar,0,1,22,0,23,0,4,193,0,197,0,5,215,0,220,160,0,160,380
10/18/2020,SEE,CA,AWP,WE,Towers with Radar,0,2,19,0,21,0,0,191,0,191,0,2,210,0,212,230,0,230,442
10/19/2020,SEE,CA,AWP,WE,Towers with Radar,0,0,43,2,45,0,1,183,0,184,0,1,226,2,229,254,0,254,483
10/20/2020,SEE,CA,AWP,WE,Towers with Radar,0,0,41,5,46,0,1,170,2,173,0,1,211,7,219,306,0,306,525
10/21/2020,SEE,CA,AWP,WE,Towers with Radar,0,0,53,4,57,0,4,211,1,216,0,4,264,5,273,227,0,227,500
10/22/2020,SEE,CA,AWP,WE,Towers with Radar,0,2,49,4,55,0,0,173,1,174,0,2,222,5,229,276,1,277,506
10/23/2020,SEE,CA,AWP,WE,Towers with Radar,0,3,36,2,41,0,1,174,0,175,0,4,210,2,216,277,0,277,493
10/24/2020,SEE,CA,AWP,WE,Towers with Radar,0,1,44,1,46,0,0,92,1,93,0,1,136,2,139,456,0,456,595
10/25/2020,SEE,CA,AWP,WE,Towers with Radar,0,0,40,0,40,0,0,24,0,24,0,0,64,0,64,246,0,246,310
10/26/2020,SEE,CA,AWP,WE,Towers with Radar,0,1,29,6,36,0,0,122,0,122,0,1,151,6,158,126,0,126,284
10/27/2020,SEE,CA,AWP,WE,Towers with Radar,0,0,47,4,51,0,0,190,0,190,0,0,237,4,241,261,0,261,502
10/28/2020,SEE,CA,AWP,WE,Towers with Radar,0,2,42,4,48,0,0,253,0,253,0,2,295,4,301,328,0,328,629
10/29/2020,SEE,CA,AWP,WE,Towers with Radar,0,4,48,5,57,0,2,233,1,236,0,6,281,6,293,379,0,379,672
10/30/2020,SEE,CA,AWP,WE,Towers with Radar,0,2,32,2,36,0,0,232,0,232,0,2,264,2,268,299,0,299,567
10/31/2020,SEE,CA,AWP,WE,Towers with Radar,0,0,18,0,18,0,1,210,0,211,0,1,228,0,229,186,0,186,415
11/01/2020,SEE,CA,AWP,WE,Towers with Radar,0,0,18,0,18,0,2,189,0,191,0,2,207,0,209,291,0,291,500
11/02/2020,SEE,CA,AWP,WE,Towers with Radar,0,0,28,3,31,0,1,177,1,179,0,1,205,4,210,241,0,241,451
11/03/2020,SEE,CA,AWP,WE,Towers with Radar,0,0,28,5,33,0,0,193,0,193,0,0,221,5,226,187,0,187,413
11/04/2020,SEE,CA,AWP,WE,Towers with Radar,0,3,34,5,42,0,1,226,0,227,0,4,260,5,269,390,0,390,659
11/05/2020,SEE,CA,AWP,WE,Towers with Radar,0,2,28,2,32,0,0,268,0,268,0,2,296,2,300,329,0,329,629
11/06/2020,SEE,CA,AWP,WE,Towers with Radar,0,2,37,3,42,0,4,202,0,206,0,6,239,3,248,260,0,260,508
11/07/2020,SEE,CA,AWP,WE,Towers with Radar,0,0,6,0,6,0,0,4,0,4,0,0,10,0,10,12,0,12,22
11/08/2020,SEE,CA,AWP,WE,Towers with Radar,0,1,13,0,14,0,0,7,0,7,0,1,20,0,21,75,0,75,96
11/09/2020,SEE,CA,AWP,WE,Towers with Radar,0,2,31,3,36,0,0,209,0,209,0,2,240,3,245,291,0,291,536
11/10/2020,SEE,CA,AWP,WE,Towers with Radar,0,0,28,2,30,0,0,232,1,233,0,0,260,3,263,387,0,387,650
11/11/2020,SEE,CA,AWP,WE,Towers with Radar,0,0,35,1,36,0,1,278,2,281,0,1,313,3,317,398,0,398,715
11/12/2020,SEE,CA,AWP,WE,Towers with Radar,0,0,37,0,37,0,1,202,1,204,0,1,239,1,241,380,0,380,621
11/13/2020,SEE,CA,AWP,WE,Towers with Radar,0,0,27,2,29,0,0,203,3,206,0,0,230,5,235,354,0,354,589
11/14/2020,SEE,CA,AWP,WE,Towers with Radar,0,0,25,0,25,0,2,190,1,193,0,2,215,1,218,287,0,287,505
11/15/2020,SEE,CA,AWP,WE,Towers with Radar,0,0,19,0,19,0,0,243,0,243,0,0,262,0,262,253,0,253,515
11/16/2020,SEE,CA,AWP,WE,Towers with Radar,0,0,39,4,43,0,3,214,0,217,0,3,253,4,260,311,0,311,571
11/17/2020,SEE,CA,AWP,WE,Towers with Radar,0,2,34,3,39,0,1,207,1,209,0,3,241,4,248,274,0,274,522
11/18/2020,SEE,CA,AWP,WE,Towers with Radar,0,0,31,0,31,0,0,208,0,208,0,0,239,0,239,51,0,51,290
11/19/2020,SEE,CA,AWP,WE,Towers with Radar,0,0,34,2,36,0,4,209,0,213,0,4,243,2,249,66,0,66,315
11/20/2020,SEE,CA,AWP,WE,Towers with Radar,0,1,29,2,32,0,1,169,1,171,0,2,198,3,203,46,0,46,249
11/21/2020,SEE,CA,AWP,WE,Towers with Radar,0,0,15,2,17,0,1,182,1,184,0,1,197,3,201,4,0,4,205
11/22/2020,SEE,CA,AWP,WE,Towers with Radar,0,0,19,0,19,0,0,150,0,150,0,0,169,0,169,12,0,12,181
11/23/2020,SEE,CA,AWP,WE,Towers with Radar,0,2,26,0,28,0,0,138,2,140,0,2,164,2,168,38,0,38,206
11/24/2020,SEE,CA,AWP,WE,Towers with Radar,0,0,30,0,30,0,0,205,0,205,0,0,235,0,235,59,0,59,294
11/25/2020,SEE,CA,AWP,WE,Towers with Radar,0,0,36,0,36,0,1,198,0,199,0,1,234,0,235,40,0,40,275
11/26/2020,SEE,CA,AWP,WE,Towers with Radar,0,0,9,0,9,0,0,57,0,57,0,0,66,0,66,43,0,43,109
11/27/2020,SEE,CA,AWP,WE,Towers with Radar,0,0,21,0,21,0,2,129,3,134,0,2,150,3,155,30,0,30,185
11/28/2020,SEE,CA,AWP,WE,Towers with Radar,0,1,23,0,24,0,3,176,0,179,0,4,199,0,203,195,0,195,398
11/29/2020,SEE,CA,AWP,WE,Towers with Radar,0,0,23,0,23,0,0,192,2,194,0,0,215,2,217,122,0,122,339
11/30/2020,SEE,CA,AWP,WE,Towers with Radar,0,0,38,2,40,0,0,183,0,183,0,0,221,2,223,242,0,242,465
12/01/2020,SEE,CA,AWP,WE,Towers with Radar,0,1,25,4,30,0,3,206,0,209,0,4,231,4,239,305,0,305,544
12/02/2020,SEE,CA,AWP,WE,Towers with Radar,0,0,28,2,30,0,2,200,2,204,0,2,228,4,234,342,0,342,576
12/03/2020,SEE,CA,AWP,WE,Towers with Radar,0,1,13,5,19,0,0,78,0,78,0,1,91,5,97,175,0,175,272
12/04/2020,SEE,CA,AWP,WE,Towers with Radar,0,0,24,0,24,0,2,205,0,207,0,2,229,0,231,250,0,250,481
12/05/2020,SEE,CA,AWP,WE,Towers with Radar,0,0,16,1,17,0,0,156,0,156,0,0,172,1,173,260,0,260,433
12/06/2020,SEE,CA,AWP,WE,Towers with Radar,0,0,20,2,22,0,0,177,1,178,0,0,197,3,200,182,0,182,382
12/07/2020,SEE,CA,AWP,WE,Towers with Radar,0,1,21,1,23,0,0,135,2,137,0,1,156,3,160,249,0,249,409
12/08/2020,SEE,CA,AWP,WE,Towers with Radar,0,1,14,0,15,0,1,75,1,77,0,2,89,1,92,128,0,128,220
12/09/2020,SEE,CA,AWP,WE,Towers with Radar,0,0,40,4,44,0,0,212,1,213,0,0,252,5,257,342,0,342,599
12/10/2020,SEE,CA,AWP,WE,Towers with Radar,0,0,26,1,27,0,0,148,0,148,0,0,174,1,175,465,0,465,640
12/11/2020,SEE,CA,AWP,WE,Towers with Radar,0,4,32,2,38,0,0,190,0,190,0,4,222,2,228,407,0,407,635
12/12/2020,SEE,CA,AWP,WE,Towers with Radar,0,0,18,0,18,0,0,66,0,66,0,0,84,0,84,497,0,497,581
12/13/2020,SEE,CA,AWP,WE,Towers with Radar,0,0,20,0,20,0,0,149,0,149,0,0,169,0,169,257,0,257,426
12/14/2020,SEE,CA,AWP,WE,Towers with Radar,0,0,28,2,30,0,0,74,0,74,0,0,102,2,104,439,0,439,543
12/15/2020,SEE,CA,AWP,WE,Towers with Radar,0,2,24,2,28,0,0,195,0,195,0,2,219,2,223,293,0,293,516
12/16/2020,SEE,CA,AWP,WE,Towers with Radar,0,0,23,2,25,0,3,223,2,228,0,3,246,4,253,244,0,244,497
12/17/2020,SEE,CA,AWP,WE,Towers with Radar,0,2,25,0,27,0,0,133,0,133,0,2,158,0,160,270,0,270,430
12/18/2020,SEE,CA,AWP,WE,Towers with Radar,0,0,30,1,31,0,0,177,1,178,0,0,207,2,209,178,0,178,387
12/19/2020,SEE,CA,AWP,WE,Towers with Radar,0,2,27,2,31,0,1,167,0,168,0,3,194,2,199,270,0,270,469
12/20/2020,SEE,CA,AWP,WE,Towers with Radar,0,0,12,0,12,0,1,150,0,151,0,1,162,0,163,216,0,216,379
12/21/2020,SEE,CA,AWP,WE,Towers with Radar,0,0,21,2,23,0,0,193,1,194,0,0,214,3,217,194,0,194,411
12/22/2020,SEE,CA,AWP,WE,Towers with Radar,0,0,30,3,33,0,2,151,1,154,0,2,181,4,187,182,0,182,369
12/23/2020,SEE,CA,AWP,WE,Towers with Radar,0,0,19,0,19,0,0,166,0,166,0,0,185,0,185,440,0,440,625
12/24/2020,SEE,CA,AWP,WE,Towers with Radar,0,0,18,0,18,0,1,86,0,87,0,1,104,0,105,156,0,156,261
12/25/2020,SEE,CA,AWP,WE,Towers with Radar,0,0,5,0,5,0,0,62,0,62,0,0,67,0,67,93,0,93,160
12/26/2020,SEE,CA,AWP,WE,Towers with Radar,0,0,30,0,30,0,1,158,0,159,0,1,188,0,189,147,0,147,336
12/27/2020,SEE,CA,AWP,WE,Towers with Radar,0,1,17,3,21,0,0,67,0,67,0,1,84,3,88,129,0,129,217
12/28/2020,SEE,CA,AWP,WE,Towers with Radar,0,0,7,0,7,0,0,21,0,21,0,0,28,0,28,17,0,17,45
12/29/2020,SEE,CA,AWP,WE,Towers with Radar,0,0,37,1,38,0,1,153,0,154,0,1,190,1,192,355,0,355,547
12/30/2020,SEE,CA,AWP,WE,Towers with Radar,0,0,23,1,24,0,4,200,0,204,0,4,223,1,228,315,0,315,543
12/31/2020,SEE,CA,AWP,WE,Towers with Radar,0,0,14,0,14,0,0,112,0,112,0,0,126,0,126,299,0,299,425
01/01/2021,SEE,CA,AWP,WE,Towers with Radar,0,3,8,0,11,0,0,119,0,119,0,3,127,0,130,68,0,68,198
01/02/2021,SEE,CA,AWP,WE,Towers with Radar,0,0,12,1,13,0,0,164,0,164,0,0,176,1,177,172,0,172,349
01/03/2021,SEE,CA,AWP,WE,Towers with Radar,0,0,19,0,19,0,0,130,0,130,0,0,149,0,149,103,0,103,252
01/04/2021,SEE,CA,AWP,WE,Towers with Radar,0,2,29,1,32,0,0,145,0,145,0,2,174,1,177,230,0,230,407
01/05/2021,SEE,CA,AWP,WE,Towers with Radar,0,0,28,2,30,0,0,147,0,147,0,0,175,2,177,316,0,316,493
01/06/2021,SEE,CA,AWP,WE,Towers with Radar,0,1,34,1,36,0,4,181,1,186,0,5,215,2,222,344,0,344,566
01/07/2021,SEE,CA,AWP,WE,Towers with Radar,0,2,16,1,19,0,1,210,0,211,0,3,226,1,230,347,0,347,577
01/08/2021,SEE,CA,AWP,WE,Towers with Radar,0,2,25,3,30,0,0,210,0,210,0,2,235,3,240,265,0,265,505
01/09/2021,SEE,CA,AWP,WE,Towers with Radar,0,2,10,0,12,0,0,175,0,175,0,2,185,0,187,188,0,188,375
01/10/2021,SEE,CA,AWP,WE,Towers with Radar,0,0,15,0,15,0,0,164,0,164,0,0,179,0,179,124,0,124,303
01/11/2021,SEE,CA,AWP,WE,Towers with Radar,0,1,51,3,55,0,7,182,1,190,0,8,233,4,245,221,0,221,466
01/12/2021,SEE,CA,AWP,WE,Towers with Radar,0,1,33,1,35,0,3,191,0,194,0,4,224,1,229,246,0,246,475
01/13/2021,SEE,CA,AWP,WE,Towers with Radar,0,1,30,2,33,0,0,230,0,230,0,1,260,2,263,307,0,307,570
01/14/2021,SEE,CA,AWP,WE,Towers with Radar,0,0,34,1,35,0,3,206,2,211,0,3,240,3,246,292,0,292,538
01/15/2021,SEE,CA,AWP,WE,Towers with Radar,0,0,8,2,10,0,1,161,0,162,0,1,169,2,172,401,0,401,573
01/16/2021,SEE,CA,AWP,WE,Towers with Radar,0,0,23,0,23,0,1,205,0,206,0,1,228,0,229,306,0,306,535
01/17/2021,SEE,CA,AWP,WE,Towers with Radar,0,0,16,0,16,0,0,201,0,201,0,0,217,0,217,211,0,211,428
01/18/2021,SEE,CA,AWP,WE,Towers with Radar,0,0,26,3,29,0,0,224,0,224,0,0,250,3,253,305,0,305,558
01/19/2021,SEE,CA,AWP,WE,Towers with Radar,0,0,10,0,10,0,0,66,2,68,0,0,76,2,78,283,0,283,361
01/20/2021,SEE,CA,AWP,WE,Towers with Radar,0,0,5,3,8,0,0,43,2,45,0,0,48,5,53,155,0,155,208
01/21/2021,SEE,CA,AWP,WE,Towers with Radar,0,0,28,2,30,0,1,206,0,207,0,1,234,2,237,352,0,352,589
01/22/2021,SEE,CA,AWP,WE,Towers with Radar,0,0,35,2,37,0,0,50,2,52,0,0,85,4,89,415,0,415,504
01/23/2021,SEE,CA,AWP,WE,Towers with Radar,0,0,15,0,15,0,0,12,2,14,0,0,27,2,29,93,18,111,140
01/24/2021,SEE,CA,AWP,WE,Towers with Radar,0,0,19,1,20,0,0,76,1,77,0,0,95,2,97,216,0,216,313
01/25/2021,SEE,CA,AWP,WE,Towers with Radar,0,0,3,2,5,0,0,2,3,5,0,0,5,5,10,0,0,0,10
01/26/2021,SEE,CA,AWP,WE,Towers with Radar,0,0,30,3,33,0,0,191,0,191,0,0,221,3,224,394,0,394,618
01/27/2021,SEE,CA,AWP,WE,Towers with Radar,0,1,27,3,31,0,2,204,1,207,0,3,231,4,238,279,0,279,517
01/28/2021,SEE,CA,AWP,WE,Towers with Radar,0,0,30,1,31,0,0,157,0,157,0,0,187,1,188,258,0,258,446
01/29/2021,SEE,CA,AWP,WE,Towers with Radar,0,0,6,2,8,0,0,24,0,24,0,0,30,2,32,10,0,10,42
01/30/2021,SEE,CA,AWP,WE,Towers with Radar,0,1,33,0,34,0,0,240,1,241,0,1,273,1,275,300,0,300,575
01/31/2021,SEE,CA,AWP,WE,Towers with Radar,0,2,16,0,18,0,3,184,0,187,0,5,200,0,205,168,0,168,373
02/01/2021,SEE,CA,AWP,WE,Towers with Radar,0,0,29,4,33,0,0,144,0,144,0,0,173,4,177,256,0,256,433
02/02/2021,SEE,CA,AWP,WE,Towers with Radar,0,2,32,3,37,0,0,215,0,215,0,2,247,3,252,496,0,496,748
02/03/2021,SEE,CA,AWP,WE,Towers with Radar,0,0,28,3,31,0,5,184,0,189,0,5,212,3,220,500,0,500,720
02/04/2021,SEE,CA,AWP,WE,Towers with Radar,0,2,44,1,47,0,1,166,0,167,0,3,210,1,214,492,0,492,706
02/05/2021,SEE,CA,AWP,WE,Towers with Radar,0,1,24,2,27,0,1,243,1,245,0,2,267,3,272,334,0,334,606
02/06/2021,SEE,CA,AWP,WE,Towers with Radar,0,1,21,0,22,0,0,237,0,237,0,1,258,0,259,375,0,375,634
02/07/2021,SEE,CA,AWP,WE,Towers with Radar,0,0,7,0,7,0,0,144,0,144,0,0,151,0,151,160,0,160,311
02/08/2021,SEE,CA,AWP,WE,Towers with Radar,0,0,14,4,18,0,0,145,1,146,0,0,159,5,164,241,0,241,405
02/09/2021,SEE,CA,AWP,WE,Towers with Radar,0,1,42,3,46,0,0,91,0,91,0,1,133,3,137,388,0,388,525
02/10/2021,SEE,CA,AWP,WE,Towers with Radar,0,0,39,0,39,0,0,140,1,141,0,0,179,1,180,518,0,518,698
02/11/2021,SEE,CA,AWP,WE,Towers with Radar,0,3,28,0,31,0,0,278,0,278,0,3,306,0,309,316,0,316,625
02/12/2021,SEE,CA,AWP,WE,Towers with Radar,0,1,12,2,15,0,0,44,0,44,0,1,56,2,59,79,0,79,138
02/13/2021,SEE,CA,AWP,WE,Towers with Radar,0,2,20,0,22,0,2,71,0,73,0,4,91,0,95,536,0,536,631
02/14/2021,SEE,CA,AWP,WE,Towers with Radar,0,5,24,1,30,0,2,143,0,145,0,7,167,1,175,339,0,339,514
02/15/2021,SEE,CA,AWP,WE,Towers with Radar,0,2,31,0,33,0,2,202,0,204,0,4,233,0,237,631,0,631,868
02/16/2021,SEE,CA,AWP,WE,Towers with Radar,0,1,33,4,38,0,3,64,1,68,0,4,97,5,106,225,0,225,331
02/17/2021,SEE,CA,AWP,WE,Towers with Radar,0,0,43,3,46,0,0,214,0,214,0,0,257,3,260,377,0,377,637
02/18/2021,SEE,CA,AWP,WE,Towers with Radar,0,0,25,2,27,0,2,202,1,205,0,2,227,3,232,293,0,293,525
02/19/2021,SEE,CA,AWP,WE,Towers with Radar,0,1,25,3,29,0,0,220,1,221,0,1,245,4,250,341,0,341,591
02/20/2021,SEE,CA,AWP,WE,Towers with Radar,0,2,25,0,27,0,2,194,0,196,0,4,219,0,223,353,0,353,576
02/21/2021,SEE,CA,AWP,WE,Towers with Radar,0,0,20,0,20,0,0,144,1,145,0,0,164,1,165,301,0,301,466
02/22/2021,SEE,CA,AWP,WE,Towers with Radar,0,2,34,8,44,0,1,222,0,223,0,3,256,8,267,362,0,362,629
02/23/2021,SEE,CA,AWP,WE,Towers with Radar,0,3,25,2,30,0,1,227,0,228,0,4,252,2,258,291,0,291,549
02/24/2021,SEE,CA,AWP,WE,Towers with Radar,0,0,29,0,29,0,3,264,3,270,0,3,293,3,299,327,26,353,652
02/25/2021,SEE,CA,AWP,WE,Towers with Radar,0,0,39,3,42,0,0,167,0,167,0,0,206,3,209,271,0,271,480
02/26/2021,SEE,CA,AWP,WE,Towers with Radar,0,0,30,3,33,0,0,222,0,222,0,0,252,3,255,281,0,281,536
02/27/2021,SEE,CA,AWP,WE,Towers with Radar,0,0,22,2,24,0,1,265,0,266,0,1,287,2,290,294,0,294,584
02/28/2021,SEE,CA,AWP,WE,Towers with Radar,0,0,27,0,27,0,0,149,0,149,0,0,176,0,176,137,0,137,313
03/01/2021,SEE,CA,AWP,WE,Towers with Radar,0,0,31,1,32,0,2,182,0,184,0,2,213,1,216,234,0,234,450
03/02/2021,SEE,CA,AWP,WE,Towers with Radar,0,0,30,0,30,0,0,208,6,214,0,0,238,6,244,265,0,265,509
03/03/2021,SEE,CA,AWP,WE,Towers with Radar,0,0,11,1,12,0,1,29,0,30,0,1,40,1,42,23,0,23,65
03/04/2021,SEE,CA,AWP,WE,Towers with Radar,0,1,27,0,28,0,2,228,0,230,0,3,255,0,258,221,0,221,479
03/05/2021,SEE,CA,AWP,WE,Towers with Radar,0,0,30,3,33,0,2,228,3,233,0,2,258,6,266,248,0,248,514
03/06/2021,SEE,CA,AWP,WE,Towers with Radar,0,1,27,0,28,0,3,209,0,212,0,4,236,0,240,201,0,201,441
03/07/2021,SEE,CA,AWP,WE,Towers with Radar,0,0,27,1,28,0,1,80,0,81,0,1,107,1,109,152,0,152,261
03/08/2021,SEE,CA,AWP,WE,Towers with Radar,0,2,40,1,43,0,0,90,0,90,0,2,130,1,133,318,0,318,451
03/09/2021,SEE,CA,AWP,WE,Towers with Radar,0,0,26,4,30,0,0,73,0,73,0,0,99,4,103,184,0,184,287
03/10/2021,SEE,CA,AWP,WE,Towers with Radar,0,2,8,3,13,0,0,23,0,23,0,2,31,3,36,123,0,123,159
03/11/2021,SEE,CA,AWP,WE,Towers with Radar,0,4,26,6,36,0,0,33,0,33,0,4,59,6,69,30,0,30,99
03/12/2021,SEE,CA,AWP,WE,Towers with Radar,0,0,14,5,19,0,2,109,1,112,0,2,123,6,131,233,0,233,364
03/13/2021,SEE,CA,AWP,WE,Towers with Radar,0,0,23,0,23,0,0,100,0,100,0,0,123,0,123,351,0,351,474
03/14/2021,SEE,CA,AWP,WE,Towers with Radar,0,0,41,1,42,0,0,108,0,108,0,0,149,1,150,269,0,269,419
03/15/2021,SEE,CA,AWP,WE,Towers with Radar,0,2,10,0,12,0,0,13,0,13,0,2,23,0,25,142,0,142,167
03/16/2021,SEE,CA,AWP,WE,Towers with Radar,0,0,43,1,44,0,1,190,0,191,0,1,233,1,235,350,0,350,585
03/17/2021,SEE,CA,AWP,WE,Towers with Radar,0,1,42,2,45,0,6,233,0,239,0,7,275,2,284,210,0,210,494
03/18/2021,SEE,CA,AWP,WE,Towers with Radar,0,0,37,1,38,0,0,220,0,220,0,0,257,1,258,139,0,139,397
03/19/2021,SEE,CA,AWP,WE,Towers with Radar,0,0,28,2,30,0,0,207,0,207,0,0,235,2,237,308,0,308,545
03/20/2021,SEE,CA,AWP,WE,Towers with Radar,0,2,23,1,26,0,1,105,0,106,0,3,128,1,132,272,0,272,404
03/21/2021,SEE,CA,AWP,WE,Towers with Radar,0,1,24,1,26,0,0,177,0,177,0,1,201,1,203,204,0,204,407
03/22/2021,SEE,CA,AWP,WE,Towers with Radar,0,2,37,1,40,0,1,191,2,194,0,3,228,3,234,274,0,274,508
03/23/2021,SEE,CA,AWP,WE,Towers with Radar,0,9,35,3,47,0,0,54,0,54,0,9,89,3,101,247,0,247,348
03/24/2021,SEE,CA,AWP,WE,Towers with Radar,0,0,50,1,51,0,0,211,1,212,0,0,261,2,263,235,0,235,498
03/25/2021,SEE,CA,AWP,WE,Towers with Radar,0,1,26,3,30,0,0,27,0,27,0,1,53,3,57,163,0,163,220
03/26/2021,SEE,CA,AWP,WE,Towers with Radar,0,0,20,4,24,0,0,114,0,114,0,0,134,4,138,430,0,430,568
03/27/2021,SEE,CA,AWP,WE,Towers with Radar,0,0,23,0,23,0,0,263,0,263,0,0,286,0,286,304,0,304,590
03/28/2021,SEE,CA,AWP,WE,Towers with Radar,0,5,23,0,28,0,2,188,0,190,0,7,211,0,218,294,0,294,512
03/29/2021,SEE,CA,AWP,WE,Towers with Radar,0,1,31,4,36,0,1,217,0,218,0,2,248,4,254,306,0,306,560
03/30/2021,SEE,CA,AWP,WE,Towers with Radar,0,5,29,0,34,0,1,200,0,201,0,6,229,0,235,219,0,219,454
03/31/2021,SEE,CA,AWP,WE,Towers with Radar,0,2,27,0,29,0,2,208,0,210,0,4,235,0,239,191,0,191,430
04/01/2021,SEE,CA,AWP,WE,Towers with Radar,0,0,29,4,33,0,0,187,0,187,0,0,216,4,220,284,0,284,504
04/02/2021,SEE,CA,AWP,WE,Towers with Radar,0,1,24,1,26,0,0,210,0,210,0,1,234,1,236,305,0,305,541
04/03/2021,SEE,CA,AWP,WE,Towers with Radar,0,0,26,2,28,0,2,140,0,142,0,2,166,2,170,212,0,212,382
04/04/2021,SEE,CA,AWP,WE,Towers with Radar,0,1,11,0,12,0,1,136,0,137,0,2,147,0,149,218,0,218,367
04/05/2021,SEE,CA,AWP,WE,Towers with Radar,0,0,28,2,30,0,3,177,2,182,0,3,205,4,212,194,0,194,406
04/06/2021,SEE,CA,AWP,WE,Towers with Radar,0,1,17,5,23,0,0,177,0,177,0,1,194,5,200,266,0,266,466
04/07/2021,SEE,CA,AWP,WE,Towers with Radar,0,2,25,2,29,0,4,217,0,221,0,6,242,2,250,326,0,326,576
04/08/2021,SEE,CA,AWP,WE,Towers with Radar,0,11,23,0,34,0,1,159,0,160,0,12,182,0,194,300,0,300,494
04/09/2021,SEE,CA,AWP,WE,Towers with Radar,0,0,24,5,29,0,0,167,0,167,0,0,191,5,196,326,0,326,522
04/10/2021,SEE,CA,AWP,WE,Towers with Radar,0,0,35,0,35,0,0,238,1,239,0,0,273,1,274,283,0,283,557
04/11/2021,SEE,CA,AWP,WE,Towers with Radar,0,0,15,0,15,0,6,151,1,158,0,6,166,1,173,143,0,143,316
04/12/2021,SEE,CA,AWP,WE,Towers with Radar,0,4,22,4,30,0,0,164,0,164,0,4,186,4,194,254,0,254,448
04/13/2021,SEE,CA,AWP,WE,Towers with Radar,0,4,29,4,37,0,0,45,0,45,0,4,74,4,82,241,0,241,323
04/14/2021,SEE,CA,AWP,WE,Towers with Radar,0,4,43,2,49,0,2,116,1,119,0,6,159,3,168,389,0,389,557
04/15/2021,SEE,CA,AWP,WE,Towers with Radar,0,2,36,3,41,0,0,225,1,226,0,2,261,4,267,340,0,340,607
04/16/2021,SEE,CA,AWP,WE,Towers with Radar,0,0,27,2,29,0,0,218,0,218,0,0,245,2,247,237,0,237,484
04/17/2021,SEE,CA,AWP,WE,Towers with Radar,0,0,28,1,29,0,1,253,1,255,0,1,281,2,284,276,0,276,560
04/18/2021,SEE,CA,AWP,WE,Towers with Radar,0,1,20,1,22,0,0,132,1,133,0,1,152,2,155,184,0,184,339
04/19/2021,SEE,CA,AWP,WE,Towers with Radar,0,0,20,5,25,0,5,192,2,199,0,5,212,7,224,393,0,393,617
04/20/2021,SEE,CA,AWP,WE,Towers with Radar,0,2,30,5,37,0,4,173,1,178,0,6,203,6,215,310,0,310,525
04/21/2021,SEE,CA,AWP,WE,Towers with Radar,0,2,59,2,63,0,1,80,1,82,0,3,139,3,145,417,0,417,562
04/22/2021,SEE,CA,AWP,WE,Towers with Radar,0,4,45,0,49,0,1,44,0,45,0,5,89,0,94,305,0,305,399
04/23/2021,SEE,CA,AWP,WE,Towers with Radar,0,0,37,1,38,0,0,79,1,80,0,0,116,2,118,481,0,481,599
04/24/2021,SEE,CA,AWP,WE,Towers with Radar,0,1,31,0,32,0,1,198,0,199,0,2,229,0,231,290,0,290,521
04/25/2021,SEE,CA,AWP,WE,Towers with Radar,0,1,24,1,26,0,0,143,0,143,0,1,167,1,169,279,0,279,448
04/26/2021,SEE,CA,AWP,WE,Towers with Radar,0,0,14,1,15,0,0,26,0,26,0,0,40,1,41,22,0,22,63
04/27/2021,SEE,CA,AWP,WE,Towers with Radar,0,0,29,4,33,0,27,145,0,172,0,27,174,4,205,394,0,394,599
04/28/2021,SEE,CA,AWP,WE,Towers with Radar,0,1,33,3,37,0,0,256,0,256,0,1,289,3,293,319,0,319,612
04/29/2021,SEE,CA,AWP,WE,Towers with Radar,0,2,29,3,34,0,0,218,0,218,0,2,247,3,252,256,0,256,508
04/30/2021,SEE,CA,AWP,WE,Towers with Radar,0,0,33,0,33,0,2,216,0,218,0,2,249,0,251,268,0,268,519
05/01/2021,SEE,CA,AWP,WE,Towers with Radar,0,0,21,0,21,0,0,195,1,196,0,0,216,1,217,131,0,131,348
05/02/2021,SEE,CA,AWP,WE,Towers with Radar,0,2,30,3,35,0,11,30,0,41,0,13,60,3,76,133,0,133,209
05/03/2021,SEE,CA,AWP,WE,Towers with Radar,0,0,29,4,33,0,1,169,0,170,0,1,198,4,203,222,0,222,425
05/04/2021,SEE,CA,AWP,WE,Towers with Radar,0,0,33,5,38,0,0,185,1,186,0,0,218,6,224,354,0,354,578
05/05/2021,SEE,CA,AWP,WE,Towers with Radar,0,0,34,5,39,0,0,188,0,188,0,0,222,5,227,312,0,312,539
05/06/2021,SEE,CA,AWP,WE,Towers with Radar,0,1,35,1,37,0,0,163,0,163,0,1,198,1,200,271,0,271,471
05/07/2021,SEE,CA,AWP,WE,Towers with Radar,0,3,31,5,39,0,1,192,0,193,0,4,223,5,232,403,0,403,635
05/08/2021,SEE,CA,AWP,WE,Towers with Radar,0,0,36,0,36,0,0,196,0,196,0,0,232,0,232,185,0,185,417
05/09/2021,SEE,CA,AWP,WE,Towers with Radar,0,0,21,0,21,0,0,89,0,89,0,0,110,0,110,71,0,71,181
05/10/2021,SEE,CA,AWP,WE,Towers with Radar,0,3,29,5,37,0,1,136,0,137,0,4,165,5,174,288,0,288,462
05/11/2021,SEE,CA,AWP,WE,Towers with Radar,0,0,38,3,41,0,1,152,2,155,0,1,190,5,196,440,0,440,636
05/12/2021,SEE,CA,AWP,WE,Towers with Radar,0,2,21,3,26,0,0,155,1,156,0,2,176,4,182,325,0,325,507
05/13/2021,SEE,CA,AWP,WE,Towers with Radar,0,0,27,1,28,0,1,167,0,168,0,1,194,1,196,393,0,393,589
05/14/2021,SEE,CA,AWP,WE,Towers with Radar,0,0,30,3,33,0,0,222,0,222,0,0,252,3,255,310,0,310,565
05/15/2021,SEE,CA,AWP,WE,Towers with Radar,0,0,28,2,30,0,1,167,0,168,0,1,195,2,198,220,0,220,418
05/16/2021,SEE,CA,AWP,WE,Towers with Radar,0,1,36,0,37,0,0,29,0,29,0,1,65,0,66,171,0,171,237
05/17/2021,SEE,CA,AWP,WE,Towers with Radar,0,2,28,3,33,0,2,54,0,56,0,4,82,3,89,304,0,304,393
05/18/2021,SEE,CA,AWP,WE,Towers with Radar,0,6,40,2,48,0,5,152,0,157,0,11,192,2,205,409,0,409,614
05/19/2021,SEE,CA,AWP,WE,Towers with Radar,0,0,36,3,39,0,1,164,0,165,0,1,200,3,204,213,0,213,417
05/20/2021,SEE,CA,AWP,WE,Towers with Radar,0,8,50,1,59,0,0,97,1,98,0,8,147,2,157,172,0,172,329
05/21/2021,SEE,CA,AWP,WE,Towers with Radar,0,2,27,4,33,0,2,101,0,103,0,4,128,4,136,127,0,127,263
05/22/2021,SEE,CA,AWP,WE,Towers with Radar,0,4,34,0,38,0,2,158,0,160,0,6,192,0,198,174,0,174,372
05/23/2021,SEE,CA,AWP,WE,Towers with Radar,0,2,22,0,24,0,0,186,1,187,0,2,208,1,211,161,0,161,372
05/24/2021,SEE,CA,AWP,WE,Towers with Radar,0,0,32,2,34,0,0,229,0,229,0,0,261,2,263,434,0,434,697
05/25/2021,SEE,CA,AWP,WE,Towers with Radar,0,2,18,3,23,0,0,221,1,222,0,2,239,4,245,446,0,446,691
05/26/2021,SEE,CA,AWP,WE,Towers with Radar,0,5,42,4,51,0,0,200,0,200,0,5,242,4,251,313,0,313,564
05/27/2021,SEE,CA,AWP,WE,Towers with Radar,0,0,24,0,24,0,0,218,0,218,0,0,242,0,242,243,0,243,485
05/28/2021,SEE,CA,AWP,WE,Towers with Radar,0,0,37,2,39,0,0,210,0,210,0,0,247,2,249,206,0,206,455
05/29/2021,SEE,CA,AWP,WE,Towers with Radar,0,0,30,0,30,0,0,143,1,144,0,0,173,1,174,224,0,224,398
05/30/2021,SEE,CA,AWP,WE,Towers with Radar,0,3,14,0,17,0,3,147,0,150,0,6,161,0,167,202,0,202,369
05/31/2021,SEE,CA,AWP,WE,Towers with Radar,0,0,32,0,32,0,3,148,1,152,0,3,180,1,184,223,0,223,407
06/01/2021,SEE,CA,AWP,WE,Towers with Radar,0,6,42,3,51,0,0,182,0,182,0,6,224,3,233,350,0,350,583
06/02/2021,SEE,CA,AWP,WE,Towers with Radar,0,1,31,2,34,0,0,137,4,141,0,1,168,6,175,323,0,323,498
06/03/2021,SEE,CA,AWP,WE,Towers with Radar,0,3,26,1,30,0,0,175,0,175,0,3,201,1,205,447,0,447,652
06/04/2021,SEE,CA,AWP,WE,Towers with Radar,0,0,38,1,39,0,0,219,0,219,0,0,257,1,258,409,0,409,667
06/05/2021,SEE,CA,AWP,WE,Towers with Radar,0,0,19,1,20,0,2,205,1,208,0,2,224,2,228,271,0,271,499
06/06/2021,SEE,CA,AWP,WE,Towers with Radar,0,0,23,2,25,0,0,102,0,102,0,0,125,2,127,230,0,230,357
06/07/2021,SEE,CA,AWP,WE,Towers with Radar,0,0,21,4,25,0,1,49,0,50,0,1,70,4,75,499,0,499,574
06/08/2021,SEE,CA,AWP,WE,Towers with Radar,0,0,26,3,29,0,1,179,2,182,0,1,205,5,211,311,0,311,522
06/09/2021,SEE,CA,AWP,WE,Towers with Radar,0,3,21,3,27,0,0,161,1,162,0,3,182,4,189,357,0,357,546
06/10/2021,SEE,CA,AWP,WE,Towers with Radar,0,3,32,2,37,0,1,198,2,201,0,4,230,4,238,231,0,231,469
06/11/2021,SEE,CA,AWP,WE,Towers with Radar,0,2,36,1,39,0,0,171,0,171,0,2,207,1,210,247,0,247,457
06/12/2021,SEE,CA,AWP,WE,Towers with Radar,0,0,14,1,15,0,2,189,2,193,0,2,203,3,208,157,0,157,365
06/13/2021,SEE,CA,AWP,WE,Towers with Radar,0,1,28,0,29,0,0,149,0,149,0,1,177,0,178,195,0,195,373
06/14/2021,SEE,CA,AWP,WE,Towers with Radar,0,0,29,1,30,0,0,151,0,151,0,0,180,1,181,218,0,218,399
06/15/2021,SEE,CA,AWP,WE,Towers with Radar,0,3,25,5,33,0,1,155,0,156,0,4,180,5,189,226,0,226,415
06/16/2021,SEE,CA,AWP,WE,Towers with Radar,0,0,17,5,22,0,0,150,2,152,0,0,167,7,174,217,0,217,391
06/17/2021,SEE,CA,AWP,WE,Towers with Radar,0,1,27,3,31,0,0,110,0,110,0,1,137,3,141,257,0,257,398
06/18/2021,SEE,CA,AWP,WE,Towers with Radar,0,2,32,1,35,0,1,182,0,183,0,3,214,1,218,180,0,180,398
06/19/2021,SEE,CA,AWP,WE,Towers with Radar,0,0,35,0,35,0,0,212,0,212,0,0,247,0,247,239,0,239,486
06/20/2021,SEE,CA,AWP,WE,Towers with Radar,0,2,31,0,33,0,0,154,1,155,0,2,185,1,188,174,0,174,362
06/21/2021,SEE,CA,AWP,WE,Towers with Radar,0,2,34,2,38,0,3,161,2,166,0,5,195,4,204,190,0,190,394
06/22/2021,SEE,CA,AWP,WE,Towers with Radar,0,0,32,3,35,0,0,132,0,132,0,0,164,3,167,354,0,354,521
06/23/2021,SEE,CA,AWP,WE,Towers with Radar,0,2,13,1,16,0,0,110,2,112,0,2,123,3,128,320,0,320,448
06/24/2021,SEE,CA,AWP,WE,Towers with Radar,0,1,34,0,35,0,1,181,1,183,0,2,215,1,218,251,0,251,469
06/25/2021,SEE,CA,AWP,WE,Towers with Radar,0,0,33,3,36,0,1,228,0,229,0,1,261,3,265,134,0,134,399
06/26/2021,SEE,CA,AWP,WE,Towers with Radar,0,0,21,0,21,0,2,176,0,178,0,2,197,0,199,160,0,160,359
06/27/2021,SEE,CA,AWP,WE,Towers with Radar,0,0,19,1,20,0,0,220,1,221,0,0,239,2,241,197,0,197,438
06/28/2021,SEE,CA,AWP,WE,Towers with Radar,0,2,45,2,49,0,0,186,0,186,0,2,231,2,235,229,0,229,464
06/29/2021,SEE,CA,AWP,WE,Towers with Radar,0,0,34,6,40,0,0,133,0,133,0,0,167,6,173,310,0,310,483
06/30/2021,SEE,CA,AWP,WE,Towers with Radar,0,0,35,2,37,0,0,148,1,149,0,0,183,3,186,266,1,267,453
07/01/2021,SEE,CA,AWP,WE,Towers with Radar,0,2,40,4,46,0,1,199,0,200,0,3,239,4,246,253,0,253,499
07/02/2021,SEE,CA,AWP,WE,Towers with Radar,0,0,30,0,30,0,0,183,0,183,0,0,213,0,213,290,0,290,503
07/03/2021,SEE,CA,AWP,WE,Towers with Radar,0,0,20,1,21,0,1,189,0,190,0,1,209,1,211,232,0,232,443
07/04/2021,SEE,CA,AWP,WE,Towers with Radar,0,0,7,0,7,0,0,117,0,117,0,0,124,0,124,154,0,154,278
07/05/2021,SEE,CA,AWP,WE,Towers with Radar,0,0,25,0,25,0,0,181,0,181,0,0,206,0,206,294,0,294,500
07/06/2021,SEE,CA,AWP,WE,Towers with Radar,0,1,41,2,44,0,0,159,1,160,0,1,200,3,204,246,0,246,450
07/07/2021,SEE,CA,AWP,WE,Towers with Radar,0,0,21,4,25,0,0,161,0,161,0,0,182,4,186,207,0,207,393
07/08/2021,SEE,CA,AWP,WE,Towers with Radar,0,0,21,3,24,25,0,133,0,158,25,0,154,3,182,201,0,201,383
07/09/2021,SEE,CA,AWP,WE,Towers with Radar,0,0,15,3,18,0,0,174,0,174,0,0,189,3,192,368,0,368,560
07/10/2021,SEE,CA,AWP,WE,Towers with Radar,0,0,24,1,25,0,0,192,0,192,0,0,216,1,217,181,0,181,398
07/11/2021,SEE,CA,AWP,WE,Towers with Radar,0,2,18,1,21,0,0,143,0,143,0,2,161,1,164,250,0,250,414
07/12/2021,SEE,CA,AWP,WE,Towers with Radar,0,5,30,2,37,0,0,108,0,108,0,5,138,2,145,201,0,201,346
07/13/2021,SEE,CA,AWP,WE,Towers with Radar,0,2,27,4,33,0,1,160,0,161,0,3,187,4,194,209,0,209,403
07/14/2021,SEE,CA,AWP,WE,Towers with Radar,0,1,29,5,35,0,1,153,0,154,0,2,182,5,189,190,0,190,379
07/15/2021,SEE,CA,AWP,WE,Towers with Radar,0,3,27,2,32,0,0,194,1,195,0,3,221,3,227,214,0,214,441
07/16/2021,SEE,CA,AWP,WE,Towers with Radar,0,2,21,0,23,0,1,226,0,227,0,3,247,0,250,252,0,252,502
07/17/2021,SEE,CA,AWP,WE,Towers with Radar,0,2,15,0,17,0,0,186,1,187,0,2,201,1,204,167,0,167,371
07/18/2021,SEE,CA,AWP,WE,Towers with Radar,0,7,25,1,33,0,5,111,0,116,0,12,136,1,149,89,0,89,238
07/19/2021,SEE,CA,AWP,WE,Towers with Radar,0,0,22,2,24,0,1,164,1,166,0,1,186,3,190,214,0,214,404
07/20/2021,SEE,CA,AWP,WE,Towers with Radar,0,2,17,2,21,0,0,157,1,158,0,2,174,3,179,178,0,178,357
07/21/2021,SEE,CA,AWP,WE,Towers with Radar,0,3,20,3,26,0,0,189,0,189,0,3,209,3,215,181,0,181,396
07/22/2021,SEE,CA,AWP,WE,Towers with Radar,0,4,23,1,28,0,1,114,0,115,0,5,137,1,143,262,0,262,405
07/23/2021,SEE,CA,AWP,WE,Towers with Radar,0,0,23,2,25,0,0,190,0,190,0,0,213,2,215,290,0,290,505
07/24/2021,SEE,CA,AWP,WE,Towers with Radar,0,0,20,0,20,0,2,185,0,187,0,2,205,0,207,237,0,237,444
07/25/2021,SEE,CA,AWP,WE,Towers with Radar,0,0,30,0,30,0,1,83,0,84,0,1,113,0,114,164,0,164,278
07/26/2021,SEE,CA,AWP,WE,Towers with Radar,0,0,23,0,23,0,0,34,0,34,0,0,57,0,57,159,0,159,216
07/27/2021,SEE,CA,AWP,WE,Towers with Radar,0,0,18,4,22,0,0,143,1,144,0,0,161,5,166,303,0,303,469
07/28/2021,SEE,CA,AWP,WE,Towers with Radar,0,3,28,1,32,0,0,193,5,198,0,3,221,6,230,238,0,238,468
07/29/2021,SEE,CA,AWP,WE,Towers with Radar,0,0,34,4,38,0,0,158,0,158,0,0,192,4,196,181,0,181,377
07/30/2021,SEE,CA,AWP,WE,Towers with Radar,0,0,37,2,39,0,0,132,1,133,0,0,169,3,172,277,0,277,449
07/31/2021,SEE,CA,AWP,WE,Towers with Radar,0,2,19,1,22,0,0,164,0,164,0,2,183,1,186,341,0,341,527
08/01/2021,SEE,CA,AWP,WE,Towers with Radar,0,1,18,0,19,0,1,138,0,139,0,2,156,0,158,136,0,136,294
08/02/2021,SEE,CA,AWP,WE,Towers with Radar,0,0,33,2,35,0,1,179,0,180,0,1,212,2,215,164,0,164,379
08/03/2021,SEE,CA,AWP,WE,Towers with Radar,0,1,24,3,28,0,0,174,0,174,0,1,198,3,202,228,0,228,430
08/04/2021,SEE,CA,AWP,WE,Towers with Radar,0,2,26,1,29,0,0,177,1,178,0,2,203,2,207,209,0,209,416
08/05/2021,SEE,CA,AWP,WE,Towers with Radar,0,2,33,0,35,0,1,156,0,157,0,3,189,0,192,253,0,253,445
08/06/2021,SEE,CA,AWP,WE,Towers with Radar,0,2,37,0,39,0,1,117,1,119,0,3,154,1,158,165,0,165,323
08/07/2021,SEE,CA,AWP,WE,Towers with Radar,0,2,15,0,17,0,0,161,0,161,0,2,176,0,178,310,0,310,488
08/08/2021,SEE,CA,AWP,WE,Towers with Radar,0,1,33,0,34,0,0,122,0,122,0,1,155,0,156,145,0,145,301
08/09/2021,SEE,CA,AWP,WE,Towers with Radar,0,2,21,1,24,0,0,169,0,169,0,2,190,1,193,177,0,177,370
08/10/2021,SEE,CA,AWP,WE,Towers with Radar,0,0,21,3,24,0,2,135,0,137,0,2,156,3,161,264,0,264,425
08/11/2021,SEE,CA,AWP,WE,Towers with Radar,0,1,18,2,21,0,3,177,0,180,0,4,195,2,201,223,0,223,424
08/12/2021,SEE,CA,AWP,WE,Towers with Radar,0,2,17,1,20,0,1,161,3,165,0,3,178,4,185,208,0,208,393
08/13/2021,SEE,CA,AWP,WE,Towers with Radar,0,2,32,2,36,0,0,198,0,198,0,2,230,2,234,222,0,222,456
08/14/2021,SEE,CA,AWP,WE,Towers with Radar,0,3,24,1,28,0,0,179,0,179,0,3,203,1,207,222,0,222,429
08/15/2021,SEE,CA,AWP,WE,Towers with Radar,0,0,23,1,24,0,0,134,0,134,0,0,157,1,158,177,0,177,335
08/16/2021,SEE,CA,AWP,WE,Towers with Radar,0,1,22,1,24,0,0,148,0,148,0,1,170,1,172,213,0,213,385
08/17/2021,SEE,CA,AWP,WE,Towers with Radar,0,0,30,3,33,0,6,157,0,163,0,6,187,3,196,326,0,326,522
08/18/2021,SEE,CA,AWP,WE,Towers with Radar,0,0,25,2,27,0,0,41,2,43,0,0,66,4,70,350,0,350,420
08/19/2021,SEE,CA,AWP,WE,Towers with Radar,0,0,28,1,29,0,0,96,0,96,0,0,124,1,125,306,0,306,431
08/20/2021,SEE,CA,AWP,WE,Towers with Radar,0,2,34,2,38,0,1,123,0,124,0,3,157,2,162,293,0,293,455
08/21/2021,SEE,CA,AWP,WE,Towers with Radar,0,5,23,2,30,0,1,57,0,58,0,6,80,2,88,127,0,127,215
08/22/2021,SEE,CA,AWP,WE,Towers with Radar,0,0,25,0,25,0,0,105,0,105,0,0,130,0,130,231,0,231,361
08/23/2021,SEE,CA,AWP,WE,Towers with Radar,0,1,18,2,21,0,0,147,0,147,0,1,165,2,168,276,0,276,444
08/24/2021,SEE,CA,AWP,WE,Towers with Radar,0,0,30,2,32,0,0,188,2,190,0,0,218,4,222,282,0,282,504
08/25/2021,SEE,CA,AWP,WE,Towers with Radar,0,4,24,3,31,0,1,206,0,207,0,5,230,3,238,338,0,338,576
08/26/2021,SEE,CA,AWP,WE,Towers with Radar,0,1,39,0,40,0,1,168,0,169,0,2,207,0,209,246,0,246,455
08/27/2021,SEE,CA,AWP,WE,Towers with Radar,0,0,22,1,23,0,1,201,0,202,0,1,223,1,225,277,0,277,502
08/28/2021,SEE,CA,AWP,WE,Towers with Radar,0,1,18,0,19,0,1,216,0,217,0,2,234,0,236,359,0,359,595
08/29/2021,SEE,CA,AWP,WE,Towers with Radar,0,1,21,0,22,0,0,151,0,151,0,1,172,0,173,134,0,134,307
08/30/2021,SEE,CA,AWP,WE,Towers with Radar,0,1,20,1,22,0,1,100,0,101,0,2,120,1,123,270,0,270,393
08/31/2021,SEE,CA,AWP,WE,Towers with Radar,0,1,27,2,30,0,1,57,0,58,0,2,84,2,88,242,0,242,330
09/01/2021,SEE,CA,AWP,WE,Towers with Radar,0,1,32,4,37,0,0,95,0,95,0,1,127,4,132,308,0,308,440
09/02/2021,SEE,CA,AWP,WE,Towers with Radar,0,0,40,2,42,0,1,182,0,183,0,1,222,2,225,261,0,261,486
09/03/2021,SEE,CA,AWP,WE,Towers with Radar,0,1,27,0,28,0,0,237,1,238,0,1,264,1,266,205,0,205,471
09/04/2021,SEE,CA,AWP,WE,Towers with Radar,0,2,16,0,18,0,2,239,1,242,0,4,255,1,260,290,0,290,550
09/05/2021,SEE,CA,AWP,WE,Towers with Radar,0,0,13,0,13,0,0,194,0,194,0,0,207,0,207,148,0,148,355
09/06/2021,SEE,CA,AWP,WE,Towers with Radar,0,1,21,0,22,0,1,183,1,185,0,2,204,1,207,142,0,142,349
09/07/2021,SEE,CA,AWP,WE,Towers with Radar,0,1,26,2,29,0,1,147,0,148,0,2,173,2,177,198,0,198,375
09/08/2021,SEE,CA,AWP,WE,Towers with Radar,0,0,34,4,38,0,1,193,0,194,0,1,227,4,232,242,0,242,474
09/09/2021,SEE,CA,AWP,WE,Towers with Radar,0,3,25,2,30,0,0,161,0,161,0,3,186,2,191,177,0,177,368
09/10/2021,SEE,CA,AWP,WE,Towers with Radar,0,3,26,0,29,0,2,191,0,193,0,5,217,0,222,304,0,304,526
09/11/2021,SEE,CA,AWP,WE,Towers with Radar,0,0,20,1,21,0,2,176,0,178,0,2,196,1,199,233,0,233,432
09/12/2021,SEE,CA,AWP,WE,Towers with Radar,0,0,20,1,21,0,1,151,0,152,0,1,171,1,173,246,0,246,419
09/13/2021,SEE,CA,AWP,WE,Towers with Radar,0,1,34,4,39,0,2,183,0,185,0,3,217,4,224,193,0,193,417
09/14/2021,SEE,CA,AWP,WE,Towers with Radar,0,2,30,4,36,0,1,183,0,184,0,3,213,4,220,196,0,196,416
09/15/2021,SEE,CA,AWP,WE,Towers with Radar,0,1,22,3,26,0,0,171,1,172,0,1,193,4,198,358,0,358,556
09/16/2021,SEE,CA,AWP,WE,Towers with Radar,0,2,31,4,37,0,1,168,0,169,0,3,199,4,206,175,0,175,381
09/17/2021,SEE,CA,AWP,WE,Towers with Radar,0,0,32,2,34,0,0,186,0,186,0,0,218,2,220,312,0,312,532
09/18/2021,SEE,CA,AWP,WE,Towers with Radar,0,0,14,0,14,0,2,221,0,223,0,2,235,0,237,273,0,273,510
09/19/2021,SEE,CA,AWP,WE,Towers with Radar,0,0,27,1,28,0,0,174,0,174,0,0,201,1,202,273,0,273,475
09/20/2021,SEE,CA,AWP,WE,Towers with Radar,0,0,30,3,33,0,1,194,0,195,0,1,224,3,228,274,0,274,502
09/21/2021,SEE,CA,AWP,WE,Towers with Radar,0,3,22,3,28,0,1,221,0,222,0,4,243,3,250,219,0,219,469
09/22/2021,SEE,CA,AWP,WE,Towers with Radar,0,4,25,2,31,0,1,158,2,161,0,5,183,4,192,223,0,223,415
09/23/2021,SEE,CA,AWP,WE,Towers with Radar,0,0,32,2,34,0,0,182,0,182,0,0,214,2,216,180,0,180,396
09/24/2021,SEE,CA,AWP,WE,Towers with Radar,0,1,20,0,21,0,0,126,1,127,0,1,146,1,148,227,0,227,375
09/25/2021,SEE,CA,AWP,WE,Towers with Radar,0,1,14,0,15,0,0,180,0,180,0,1,194,0,195,299,0,299,494
09/26/2021,SEE,CA,AWP,WE,Towers with Radar,0,3,40,2,45,0,1,43,1,45,0,4,83,3,90,151,0,151,241
09/27/2021,SEE,CA,AWP,WE,Towers with Radar,0,5,29,1,35,0,0,53,0,53,0,5,82,1,88,32,0,32,120
09/28/2021,SEE,CA,AWP,WE,Towers with Radar,0,2,46,2,50,0,0,100,0,100,0,2,146,2,150,425,0,425,575
09/29/2021,SEE,CA,AWP,WE,Towers with Radar,0,2,42,4,48,0,0,193,1,194,0,2,235,5,242,329,0,329,571
09/30/2021,SEE,CA,AWP,WE,Towers with Radar,0,0,35,1,36,0,0,211,1,212,0,0,246,2,248,268,0,268,516
10/01/2021,SEE,CA,AWP,WE,Towers with Radar,0,4,27,2,33,0,2,226,0,228,0,6,253,2,261,332,0,332,593
10/02/2021,SEE,CA,AWP,WE,Towers with Radar,0,0,22,0,22,0,2,209,0,211,0,2,231,0,233,256,0,256,489
10/03/2021,SEE,CA,AWP,WE,Towers with Radar,0,0,17,0,17,0,0,139,0,139,0,0,156,0,156,188,0,188,344
10/04/2021,SEE,CA,AWP,WE,Towers with Radar,0,0,18,2,20,0,0,141,0,141,0,0,159,2,161,313,0,313,474
10/05/2021,SEE,CA,AWP,WE,Towers with Radar,0,0,39,3,42,0,1,89,0,90,0,1,128,3,132,269,0,269,401
10/06/2021,SEE,CA,AWP,WE,Towers with Radar,0,2,38,4,44,0,0,68,0,68,0,2,106,4,112,342,0,342,454
10/07/2021,SEE,CA,AWP,WE,Towers with Radar,0,3,31,1,35,0,0,51,0,51,0,3,82,1,86,225,0,225,311
10/08/2021,SEE,CA,AWP,WE,Towers with Radar,0,3,17,3,23,0,0,41,0,41,0,3,58,3,64,166,0,166,230
10/09/2021,SEE,CA,AWP,WE,Towers with Radar,0,2,24,0,26,0,1,197,0,198,0,3,221,0,224,196,0,196,420
10/10/2021,SEE,CA,AWP,WE,Towers with Radar,0,0,20,1,21,0,0,191,0,191,0,0,211,1,212,187,0,187,399
10/11/2021,SEE,CA,AWP,WE,Towers with Radar,0,4,18,0,22,0,1,74,0,75,0,5,92,0,97,121,0,121,218
10/12/2021,SEE,CA,AWP,WE,Towers with Radar,0,1,22,4,27,0,0,194,0,194,0,1,216,4,221,282,0,282,503
10/13/2021,SEE,CA,AWP,WE,Towers with Radar,0,1,33,4,38,0,2,196,0,198,0,3,229,4,236,192,0,192,428
10/14/2021,SEE,CA,AWP,WE,Towers with Radar,0,2,30,4,36,0,1,192,0,193,0,3,222,4,229,283,0,283,512
10/15/2021,SEE,CA,AWP,WE,Towers with Radar,0,1,16,3,20,0,2,147,0,149,0,3,163,3,169,267,0,267,436
10/16/2021,SEE,CA,AWP,WE,Towers with Radar,0,0,16,0,16,0,3,197,1,201,0,3,213,1,217,293,0,293,510
10/17/2021,SEE,CA,AWP,WE,Towers with Radar,0,1,26,0,27,0,2,159,0,161,0,3,185,0,188,140,0,140,328
10/18/2021,SEE,CA,AWP,WE,Towers with Radar,0,2,23,5,30,0,0,47,0,47,0,2,70,5,77,128,0,128,205
10/19/2021,SEE,CA,AWP,WE,Towers with Radar,0,0,27,2,29,0,0,161,0,161,0,0,188,2,190,284,0,284,474
10/20/2021,SEE,CA,AWP,WE,Towers with Radar,0,0,26,2,28,0,5,161,0,166,0,5,187,2,194,192,0,192,386
10/21/2021,SEE,CA,AWP,WE,Towers with Radar,0,4,26,1,31,0,0,186,0,186,0,4,212,1,217,362,0,362,579
10/22/2021,SEE,CA,AWP,WE,Towers with Radar,0,3,22,2,27,0,0,135,0,135,0,3,157,2,162,227,0,227,389
10/23/2021,SEE,CA,AWP,WE,Towers with Radar,0,0,13,1,14,0,2,54,2,58,0,2,67,3,72,183,0,183,255
10/24/2021,SEE,CA,AWP,WE,Towers with Radar,0,0,12,2,14,0,1,176,1,178,0,1,188,3,192,240,0,240,432
10/25/2021,SEE,CA,AWP,WE,Towers with Radar,0,0,17,0,17,0,1,13,0,14,0,1,30,0,31,174,0,174,205
10/26/2021,SEE,CA,AWP,WE,Towers with Radar,0,2,36,6,44,0,2,147,0,149,0,4,183,6,193,357,0,357,550
10/27/2021,SEE,CA,AWP,WE,Towers with Radar,0,1,36,3,40,0,0,190,0,190,0,1,226,3,230,192,0,192,422
10/28/2021,SEE,CA,AWP,WE,Towers with Radar,0,4,33,2,39,0,1,158,1,160,0,5,191,3,199,277,0,277,476
10/29/2021,SEE,CA,AWP,WE,Towers with Radar,0,0,16,0,16,0,0,198,0,198,0,0,214,0,214,263,0,263,477
10/30/2021,SEE,CA,AWP,WE,Towers with Radar,0,1,18,1,20,0,1,174,0,175,0,2,192,1,195,143,0,143,338
10/31/2021,SEE,CA,AWP,WE,Towers with Radar,0,2,19,0,21,0,2,122,0,124,0,4,141,0,145,103,0,103,248
11/01/2021,SEE,CA,AWP,WE,Towers with Radar,0,0,22,2,24,0,0,97,0,97,0,0,119,2,121,221,0,221,342
11/02/2021,SEE,CA,AWP,WE,Towers with Radar,0,1,25,1,27,0,0,123,3,126,0,1,148,4,153,211,0,211,364
11/03/2021,SEE,CA,AWP,WE,Towers with Radar,0,4,35,1,40,0,1,200,1,202,0,5,235,2,242,264,0,264,506
11/04/2021,SEE,CA,AWP,WE,Towers with Radar,0,2,29,4,35,0,2,187,2,191,0,4,216,6,226,310,0,310,536
11/05/2021,SEE,CA,AWP,WE,Towers with Radar,0,1,25,0,26,0,2,180,0,182,0,3,205,0,208,168,0,168,376
11/06/2021,SEE,CA,AWP,WE,Towers with Radar,0,4,20,1,25,0,0,128,3,131,0,4,148,4,156,162,0,162,318
11/07/2021,SEE,CA,AWP,WE,Towers with Radar,0,0,20,0,20,0,1,152,4,157,0,1,172,4,177,235,0,235,412
11/08/2021,SEE,CA,AWP,WE,Towers with Radar,0,2,26,1,29,0,0,178,4,182,0,2,204,5,211,279,0,279,490
11/09/2021,SEE,CA,AWP,WE,Towers with Radar,0,2,28,1,31,0,5,163,0,168,0,7,191,1,199,367,0,367,566
11/10/2021,SEE,CA,AWP,WE,Towers with Radar,0,0,37,3,40,0,0,165,4,169,0,0,202,7,209,316,0,316,525
11/11/2021,SEE,CA,AWP,WE,Towers with Radar,0,2,21,1,24,0,2,150,0,152,0,4,171,1,176,217,0,217,393
11/12/2021,SEE,CA,AWP,WE,Towers with Radar,0,1,15,3,19,0,1,158,2,161,0,2,173,5,180,237,0,237,417
11/13/2021,SEE,CA,AWP,WE,Towers with Radar,0,0,21,0,21,0,0,194,2,196,0,0,215,2,217,237,0,237,454
11/14/2021,SEE,CA,AWP,WE,Towers with Radar,0,0,34,1,35,0,0,217,0,217,0,0,251,1,252,180,0,180,432
11/15/2021,SEE,CA,AWP,WE,Towers with Radar,0,3,14,2,19,0,1,191,4,196,0,4,205,6,215,249,0,249,464
11/16/2021,SEE,CA,AWP,WE,Towers with Radar,0,3,28,4,35,1,2,151,3,157,1,5,179,7,192,283,0,283,475
11/17/2021,SEE,CA,AWP,WE,Towers with Radar,0,4,29,2,35,0,1,212,1,214,0,5,241,3,249,326,0,326,575
11/18/2021,SEE,CA,AWP,WE,Towers with Radar,0,4,23,1,28,0,1,111,4,116,0,5,134,5,144,217,10,227,371
11/19/2021,SEE,CA,AWP,WE,Towers with Radar,0,4,24,1,29,0,0,125,0,125,0,4,149,1,154,236,0,236,390
11/20/2021,SEE,CA,AWP,WE,Towers with Radar,0,0,23,0,23,0,0,163,0,163,0,0,186,0,186,161,0,161,347
11/21/2021,SEE,CA,AWP,WE,Towers with Radar,0,0,15,0,15,0,0,113,0,113,0,0,128,0,128,104,0,104,232
11/22/2021,SEE,CA,AWP,WE,Towers with Radar,0,1,31,1,33,0,2,148,0,150,0,3,179,1,183,337,0,337,520
11/23/2021,SEE,CA,AWP,WE,Towers with Radar,0,3,21,1,25,0,0,140,0,140,0,3,161,1,165,265,0,265,430
11/24/2021,SEE,CA,AWP,WE,Towers with Radar,0,2,32,2,36,0,1,170,0,171,0,3,202,2,207,244,0,244,451
11/25/2021,SEE,CA,AWP,WE,Towers with Radar,0,0,0,0,0,0,0,39,0,39,0,0,39,0,39,8,0,8,47
11/26/2021,SEE,CA,AWP,WE,Towers with Radar,0,0,14,1,15,0,0,138,0,138,0,0,152,1,153,137,0,137,290
11/27/2021,SEE,CA,AWP,WE,Towers with Radar,0,0,16,0,16,0,0,163,0,163,0,0,179,0,179,139,0,139,318
11/28/2021,SEE,CA,AWP,WE,Towers with Radar,0,1,22,0,23,0,0,161,1,162,0,1,183,1,185,142,0,142,327
11/29/2021,SEE,CA,AWP,WE,Towers with Radar,0,5,25,3,33,0,3,195,1,199,0,8,220,4,232,269,0,269,501
11/30/2021,SEE,CA,AWP,WE,Towers with Radar,0,1,24,7,32,0,0,191,1,192,0,1,215,8,224,273,0,273,497
12/01/2021,SEE,CA,AWP,WE,Towers with Radar,0,2,25,3,30,0,1,178,0,179,0,3,203,3,209,328,0,328,537
12/02/2021,SEE,CA,AWP,WE,Towers with Radar,0,3,31,3,37,0,1,144,2,147,0,4,175,5,184,169,0,169,353
12/03/2021,SEE,CA,AWP,WE,Towers with Radar,0,0,39,3,42,0,1,114,0,115,0,1,153,3,157,223,0,223,380
12/04/2021,SEE,CA,AWP,WE,Towers with Radar,0,1,28,0,29,0,0,102,0,102,0,1,130,0,131,179,0,179,310
12/05/2021,SEE,CA,AWP,WE,Towers with Radar,0,1,14,0,15,0,0,116,0,116,0,1,130,0,131,185,0,185,316
12/06/2021,SEE,CA,AWP,WE,Towers with Radar,0,3,33,6,42,0,1,124,0,125,0,4,157,6,167,269,0,269,436
12/07/2021,SEE,CA,AWP,WE,Towers with Radar,0,0,23,3,26,0,2,38,4,44,0,2,61,7,70,195,4,199,269
12/08/2021,SEE,CA,AWP,WE,Towers with Radar,0,3,35,4,42,0,0,151,0,151,0,3,186,4,193,298,0,298,491
12/09/2021,SEE,CA,AWP,WE,Towers with Radar,0,2,7,6,15,0,0,2,0,2,0,2,9,6,17,0,0,0,17
12/10/2021,SEE,CA,AWP,WE,Towers with Radar,0,3,31,1,35,0,2,109,0,111,0,5,140,1,146,385,0,385,531
12/11/2021,SEE,CA,AWP,WE,Towers with Radar,0,0,20,0,20,0,0,213,0,213,0,0,233,0,233,263,0,263,496
12/12/2021,SEE,CA,AWP,WE,Towers with Radar,0,1,23,0,24,0,0,198,1,199,0,1,221,1,223,172,0,172,395
12/13/2021,SEE,CA,AWP,WE,Towers with Radar,0,1,20,2,23,0,0,62,0,62,0,1,82,2,85,197,0,197,282
12/14/2021,SEE,CA,AWP,WE,Towers with Radar,0,0,2,2,4,0,0,6,0,6,0,0,8,2,10,0,0,0,10
12/15/2021,SEE,CA,AWP,WE,Towers with Radar,0,2,31,2,35,0,3,166,0,169,0,5,197,2,204,204,0,204,408
12/16/2021,SEE,CA,AWP,WE,Towers with Radar,0,0,32,1,33,0,0,122,2,124,0,0,154,3,157,296,0,296,453
12/17/2021,SEE,CA,AWP,WE,Towers with Radar,0,2,40,0,42,0,0,111,0,111,0,2,151,0,153,253,0,253,406
12/18/2021,SEE,CA,AWP,WE,Towers with Radar,0,0,16,0,16,0,2,220,0,222,0,2,236,0,238,278,0,278,516
12/19/2021,SEE,CA,AWP,WE,Towers with Radar,0,1,22,0,23,0,0,167,0,167,0,1,189,0,190,269,0,269,459
12/20/2021,SEE,CA,AWP,WE,Towers with Radar,0,2,26,1,29,0,0,157,0,157,0,2,183,1,186,191,0,191,377
12/21/2021,SEE,CA,AWP,WE,Towers with Radar,0,0,19,3,22,0,0,107,2,109,0,0,126,5,131,304,2,306,437
12/22/2021,SEE,CA,AWP,WE,Towers with Radar,0,4,19,2,25,0,2,155,2,159,0,6,174,4,184,273,0,273,457
12/23/2021,SEE,CA,AWP,WE,Towers with Radar,0,3,15,0,18,0,0,47,0,47,0,3,62,0,65,199,0,199,264
12/24/2021,SEE,CA,AWP,WE,Towers with Radar,0,0,11,0,11,0,2,10,0,12,0,2,21,0,23,103,0,103,126
12/25/2021,SEE,CA,AWP,WE,Towers with Radar,0,1,5,1,7,0,0,3,0,3,0,1,8,1,10,11,0,11,21
12/26/2021,SEE,CA,AWP,WE,Towers with Radar,0,0,18,0,18,0,1,90,0,91,0,1,108,0,109,170,0,170,279
12/27/2021,SEE,CA,AWP,WE,Towers with Radar,0,1,17,0,18,0,0,44,0,44,0,1,61,0,62,119,0,119,181
12/28/2021,SEE,CA,AWP,WE,Towers with Radar,0,0,13,1,14,0,0,21,0,21,0,0,34,1,35,154,0,154,189
12/29/2021,SEE,CA,AWP,WE,Towers with Radar,0,1,9,0,10,0,0,22,0,22,0,1,31,0,32,83,0,83,115
12/30/2021,SEE,CA,AWP,WE,Towers with Radar,0,0,16,0,16,0,0,45,0,45,0,0,61,0,61,146,0,146,207
12/31/2021,SEE,CA,AWP,WE,Towers with Radar,0,0,15,0,15,0,0,37,0,37,0,0,52,0,52,182,0,182,234
01/01/2022,SEE,CA,AWP,WE,Towers with Radar,0,0,8,0,8,0,2,138,0,140,0,2,146,0,148,208,0,208,356
01/02/2022,SEE,CA,AWP,WE,Towers with Radar,0,1,27,0,28,0,0,171,0,171,0,1,198,0,199,211,0,211,410
01/03/2022,SEE,CA,AWP,WE,Towers with Radar,0,0,24,0,24,0,0,135,0,135,0,0,159,0,159,280,0,280,439
01/04/2022,SEE,CA,AWP,WE,Towers with Radar,0,0,20,2,22,0,1,147,0,148,0,1,167,2,170,234,0,234,404
01/05/2022,SEE,CA,AWP,WE,Towers with Radar,0,0,25,3,28,0,0,151,0,151,0,0,176,3,179,245,0,245,424
01/06/2022,SEE,CA,AWP,WE,Towers with Radar,0,0,17,0,17,0,1,154,0,155,0,1,171,0,172,216,0,216,388
01/07/2022,SEE,CA,AWP,WE,Towers with Radar,0,0,31,0,31,0,0,105,0,105,0,0,136,0,136,144,0,144,280
01/08/2022,SEE,CA,AWP,WE,Towers with Radar,0,3,13,1,17,0,0,117,0,117,0,3,130,1,134,245,0,245,379
01/09/2022,SEE,CA,AWP,WE,Towers with Radar,0,1,10,0,11,0,0,138,1,139,0,1,148,1,150,181,0,181,331
01/10/2022,SEE,CA,AWP,WE,Towers with Radar,0,0,24,0,24,0,2,101,0,103,0,2,125,0,127,264,0,264,391
01/11/2022,SEE,CA,AWP,WE,Towers with Radar,0,2,27,4,33,0,0,179,1,180,0,2,206,5,213,240,0,240,453
01/12/2022,SEE,CA,AWP,WE,Towers with Radar,0,2,18,4,24,0,2,128,1,131,0,4,146,5,155,180,0,180,335
01/13/2022,SEE,CA,AWP,WE,Towers with Radar,0,0,24,0,24,0,3,141,2,146,0,3,165,2,170,199,0,199,369
01/14/2022,SEE,CA,AWP,WE,Towers with Radar,0,4,25,1,30,0,1,137,0,138,0,5,162,1,168,148,0,148,316
01/15/2022,SEE,CA,AWP,WE,Towers with Radar,0,1,11,0,12,0,4,77,0,81,0,5,88,0,93,120,0,120,213
01/16/2022,SEE,CA,AWP,WE,Towers with Radar,0,3,28,0,31,0,0,135,0,135,0,3,163,0,166,167,0,167,333
01/17/2022,SEE,CA,AWP,WE,Towers with Radar,0,0,31,0,31,0,0,75,0,75,0,0,106,0,106,286,0,286,392
01/18/2022,SEE,CA,AWP,WE,Towers with Radar,0,3,25,2,30,0,1,32,1,34,0,4,57,3,64,200,0,200,264
01/19/2022,SEE,CA,AWP,WE,Towers with Radar,0,1,20,2,23,0,1,112,0,113,0,2,132,2,136,234,0,234,370
01/20/2022,SEE,CA,AWP,WE,Towers with Radar,0,2,25,4,31,0,0,176,0,176,0,2,201,4,207,247,0,247,454
01/21/2022,SEE,CA,AWP,WE,Towers with Radar,0,0,30,1,31,0,0,159,0,159,0,0,189,1,190,282,0,282,472
01/22/2022,SEE,CA,AWP,WE,Towers with Radar,0,0,16,0,16,0,0,112,0,112,0,0,128,0,128,264,0,264,392
01/23/2022,SEE,CA,AWP,WE,Towers with Radar,0,0,21,0,21,0,0,173,0,173,0,0,194,0,194,295,0,295,489
01/24/2022,SEE,CA,AWP,WE,Towers with Radar,0,0,31,0,31,0,0,128,0,128,0,0,159,0,159,244,0,244,403
01/25/2022,SEE,CA,AWP,WE,Towers with Radar,0,0,32,4,36,0,0,150,0,150,0,0,182,4,186,230,0,230,416
01/26/2022,SEE,CA,AWP,WE,Towers with Radar,0,1,34,4,39,0,2,170,0,172,0,3,204,4,211,297,12,309,520
01/27/2022,SEE,CA,AWP,WE,Towers with Radar,0,0,31,2,33,0,0,179,0,179,0,0,210,2,212,335,0,335,547
01/28/2022,SEE,CA,AWP,WE,Towers with Radar,0,0,17,1,18,0,1,123,0,124,0,1,140,1,142,262,0,262,404
01/29/2022,SEE,CA,AWP,WE,Towers with Radar,0,0,26,0,26,0,0,148,0,148,0,0,174,0,174,312,0,312,486
01/30/2022,SEE,CA,AWP,WE,Towers with Radar,0,0,24,0,24,0,2,203,0,205,0,2,227,0,229,203,0,203,432
01/31/2022,SEE,CA,AWP,WE,Towers with Radar,0,0,25,2,27,0,0,135,0,135,0,0,160,2,162,168,0,168,330
02/01/2022,SEE,CA,AWP,WE,Towers with Radar,0,0,30,1,31,0,1,64,0,65,0,1,94,1,96,268,0,268,364
02/02/2022,SEE,CA,AWP,WE,Towers with Radar,0,1,21,3,25,0,0,114,0,114,0,1,135,3,139,288,0,288,427
02/03/2022,SEE,CA,AWP,WE,Towers with Radar,0,1,34,3,38,0,3,143,1,147,0,4,177,4,185,170,0,170,355
02/04/2022,SEE,CA,AWP,WE,Towers with Radar,0,1,18,0,19,0,2,103,0,105,0,3,121,0,124,263,0,263,387
02/05/2022,SEE,CA,AWP,WE,Towers with Radar,0,0,18,0,18,0,2,215,0,217,0,2,233,0,235,258,0,258,493
02/06/2022,SEE,CA,AWP,WE,Towers with Radar,0,3,19,0,22,0,4,139,0,143,0,7,158,0,165,286,0,286,451
02/07/2022,SEE,CA,AWP,WE,Towers with Radar,0,0,22,1,23,0,0,139,0,139,0,0,161,1,162,243,0,243,405
02/08/2022,SEE,CA,AWP,WE,Towers with Radar,0,2,25,3,30,0,1,157,4,162,0,3,182,7,192,351,0,351,543
02/09/2022,SEE,CA,AWP,WE,Towers with Radar,0,0,24,4,28,0,1,132,0,133,0,1,156,4,161,76,0,76,237
02/10/2022,SEE,CA,AWP,WE,Towers with Radar,0,2,19,2,23,0,0,91,0,91,0,2,110,2,114,92,0,92,206
02/11/2022,SEE,CA,AWP,WE,Towers with Radar,0,3,41,0,44,0,0,166,0,166,0,3,207,0,210,267,0,267,477
02/12/2022,SEE,CA,AWP,WE,Towers with Radar,0,3,23,0,26,0,0,158,2,160,0,3,181,2,186,190,0,190,376
02/13/2022,SEE,CA,AWP,WE,Towers with Radar,0,0,15,0,15,0,1,163,0,164,0,1,178,0,179,270,0,270,449
02/14/2022,SEE,CA,AWP,WE,Towers with Radar,0,0,20,2,22,0,3,125,1,129,0,3,145,3,151,134,0,134,285
02/15/2022,SEE,CA,AWP,WE,Towers with Radar,0,0,12,7,19,0,0,3,0,3,0,0,15,7,22,2,0,2,24
02/16/2022,SEE,CA,AWP,WE,Towers with Radar,0,1,32,6,39,0,0,147,0,147,0,1,179,6,186,155,0,155,341
02/17/2022,SEE,CA,AWP,WE,Towers with Radar,0,0,27,2,29,0,0,103,0,103,0,0,130,2,132,198,0,198,330
02/18/2022,SEE,CA,AWP,WE,Towers with Radar,0,0,36,1,37,0,0,156,0,156,0,0,192,1,193,331,0,331,524
02/19/2022,SEE,CA,AWP,WE,Towers with Radar,0,2,26,0,28,0,6,195,0,201,0,8,221,0,229,225,0,225,454
02/20/2022,SEE,CA,AWP,WE,Towers with Radar,0,2,22,0,24,0,2,157,1,160,0,4,179,1,184,249,0,249,433
02/21/2022,SEE,CA,AWP,WE,Towers with Radar,0,0,17,1,18,0,2,34,0,36,0,2,51,1,54,200,0,200,254
02/22/2022,SEE,CA,AWP,WE,Towers with Radar,0,0,17,4,21,0,0,6,0,6,0,0,23,4,27,40,0,40,67
02/23/2022,SEE,CA,AWP,WE,Towers with Radar,0,0,15,2,17,0,1,28,0,29,0,1,43,2,46,63,0,63,109
02/24/2022,SEE,CA,AWP,WE,Towers with Radar,0,2,29,1,32,0,0,179,1,180,0,2,208,2,212,288,0,288,500
02/25/2022,SEE,CA,AWP,WE,Towers with Radar,0,0,23,3,26,0,3,167,1,171,0,3,190,4,197,261,0,261,458
02/26/2022,SEE,CA,AWP,WE,Towers with Radar,0,1,17,0,18,0,1,190,0,191,0,2,207,0,209,270,0,270,479
02/27/2022,SEE,CA,AWP,WE,Towers with Radar,0,2,20,0,22,0,6,171,0,177,0,8,191,0,199,151,0,151,350
02/28/2022,SEE,CA,AWP,WE,Towers with Radar,0,0,25,0,25,0,3,141,0,144,0,3,166,0,169,264,0,264,433
03/01/2022,SEE,CA,AWP,WE,Towers with Radar,0,3,28,1,32,0,0,168,0,168,0,3,196,1,200,464,0,464,664
03/02/2022,SEE,CA,AWP,WE,Towers with Radar,0,0,36,3,39,0,2,187,0,189,0,2,223,3,228,347,0,347,575
03/03/2022,SEE,CA,AWP,WE,Towers with Radar,0,1,25,1,27,0,0,116,0,116,0,1,141,1,143,237,0,237,380
03/04/2022,SEE,CA,AWP,WE,Towers with Radar,0,0,16,2,18,0,0,18,0,18,0,0,34,2,36,106,0,106,142
03/05/2022,SEE,CA,AWP,WE,Towers with Radar,0,1,8,0,9,0,0,37,0,37,0,1,45,0,46,127,0,127,173
03/06/2022,SEE,CA,AWP,WE,Towers with Radar,0,2,20,0,22,0,0,166,0,166,0,2,186,0,188,256,0,256,444
03/07/2022,SEE,CA,AWP,WE,Towers with Radar,0,2,28,0,30,0,0,164,1,165,0,2,192,1,195,244,0,244,439
03/08/2022,SEE,CA,AWP,WE,Towers with Radar,0,0,27,4,31,0,0,184,1,185,0,0,211,5,216,232,0,232,448
03/09/2022,SEE,CA,AWP,WE,Towers with Radar,0,0,34,3,37,0,2,187,0,189,0,2,221,3,226,196,0,196,422
03/10/2022,SEE,CA,AWP,WE,Towers with Radar,0,4,30,2,36,0,0,98,1,99,0,4,128,3,135,243,0,243,378
03/11/2022,SEE,CA,AWP,WE,Towers with Radar,0,0,25,2,27,0,2,200,3,205,0,2,225,5,232,285,0,285,517
03/12/2022,SEE,CA,AWP,WE,Towers with Radar,0,1,17,0,18,0,0,219,0,219,0,1,236,0,237,158,16,174,411
03/13/2022,SEE,CA,AWP,WE,Towers with Radar,0,1,24,0,25,0,0,187,0,187,0,1,211,0,212,206,0,206,418
03/14/2022,SEE,CA,AWP,WE,Towers with Radar,0,1,15,0,16,0,0,113,2,115,0,1,128,2,131,102,0,102,233
03/15/2022,SEE,CA,AWP,WE,Towers with Radar,0,0,29,4,33,0,0,171,2,173,0,0,200,6,206,352,1,353,559
03/16/2022,SEE,CA,AWP,WE,Towers with Radar,0,0,18,5,23,0,1,127,3,131,0,1,145,8,154,121,18,139,293
03/17/2022,SEE,CA,AWP,WE,Towers with Radar,0,0,27,2,29,0,0,164,0,164,0,0,191,2,193,216,0,216,409
03/18/2022,SEE,CA,AWP,WE,Towers with Radar,0,0,42,0,42,0,2,225,0,227,0,2,267,0,269,175,0,175,444
03/19/2022,SEE,CA,AWP,WE,Towers with Radar,0,0,11,1,12,0,1,172,0,173,0,1,183,1,185,181,0,181,366
03/20/2022,SEE,CA,AWP,WE,Towers with Radar,0,0,27,1,28,0,2,85,0,87,0,2,112,1,115,141,0,141,256
03/21/2022,SEE,CA,AWP,WE,Towers with Radar,0,1,29,1,31,0,0,100,0,100,0,1,129,1,131,279,0,279,410
03/22/2022,SEE,CA,AWP,WE,Towers with Radar,0,6,30,1,37,0,0,165,3,168,0,6,195,4,205,138,0,138,343
03/23/2022,SEE,CA,AWP,WE,Towers with Radar,0,1,28,2,31,0,3,140,0,143,0,4,168,2,174,252,0,252,426
03/24/2022,SEE,CA,AWP,WE,Towers with Radar,0,2,25,5,32,0,0,162,0,162,0,2,187,5,194,212,0,212,406
03/25/2022,SEE,CA,AWP,WE,Towers with Radar,0,1,26,3,30,0,0,193,1,194,0,1,219,4,224,242,0,242,466
03/26/2022,SEE,CA,AWP,WE,Towers with Radar,0,0,25,0,25,0,0,183,2,185,0,0,208,2,210,130,19,149,359
03/27/2022,SEE,CA,AWP,WE,Towers with Radar,0,5,24,3,32,0,1,132,1,134,0,6,156,4,166,173,0,173,339
03/28/2022,SEE,CA,AWP,WE,Towers with Radar,0,0,16,0,16,0,0,17,0,17,0,0,33,0,33,32,0,32,65
03/29/2022,SEE,CA,AWP,WE,Towers with Radar,0,1,27,2,30,0,0,44,0,44,0,1,71,2,74,152,0,152,226
03/30/2022,SEE,CA,AWP,WE,Towers with Radar,0,1,22,2,25,0,2,132,0,134,0,3,154,2,159,367,0,367,526
03/31/2022,SEE,CA,AWP,WE,Towers with Radar,0,1,27,4,32,0,0,24,0,24,0,1,51,4,56,226,0,226,282
04/01/2022,SEE,CA,AWP,WE,Towers with Radar,0,5,28,0,33,0,0,154,0,154,0,5,182,0,187,344,0,344,531
04/02/2022,SEE,CA,AWP,WE,Towers with Radar,0,0,27,1,28,0,0,27,0,27,0,0,54,1,55,120,0,120,175
04/03/2022,SEE,CA,AWP,WE,Towers with Radar,0,0,18,2,20,0,0,30,0,30,0,0,48,2,50,176,0,176,226
04/04/2022,SEE,CA,AWP,WE,Towers with Radar,0,0,21,3,24,0,0,102,0,102,0,0,123,3,126,261,0,261,387
04/05/2022,SEE,CA,AWP,WE,Towers with Radar,0,1,25,0,26,0,1,195,1,197,0,2,220,1,223,283,0,283,506
04/06/2022,SEE,CA,AWP,WE,Towers with Radar,0,4,23,1,28,0,1,164,0,165,0,5,187,1,193,292,0,292,485
04/07/2022,SEE,CA,AWP,WE,Towers with Radar,0,0,7,1,8,0,0,124,0,124,0,0,131,1,132,300,0,300,432
04/08/2022,SEE,CA,AWP,WE,Towers with Radar,0,2,21,2,25,0,0,130,2,132,0,2,151,4,157,295,0,295,452
04/09/2022,SEE,CA,AWP,WE,Towers with Radar,0,1,16,2,19,0,1,146,0,147,0,2,162,2,166,223,0,223,389
04/10/2022,SEE,CA,AWP,WE,Towers with Radar,0,0,20,1,21,0,0,79,0,79,0,0,99,1,100,189,0,189,289
04/11/2022,SEE,CA,AWP,WE,Towers with Radar,0,0,21,5,26,0,0,72,0,72,0,0,93,5,98,341,0,341,439
04/12/2022,SEE,CA,AWP,WE,Towers with Radar,0,0,15,4,19,0,0,70,0,70,0,0,85,4,89,199,0,199,288
04/13/2022,SEE,CA,AWP,WE,Towers with Radar,0,0,21,2,23,0,0,219,3,222,0,0,240,5,245,219,0,219,464
04/14/2022,SEE,CA,AWP,WE,Towers with Radar,0,0,21,1,22,0,2,174,2,178,0,2,195,3,200,293,0,293,493
04/15/2022,SEE,CA,AWP,WE,Towers with Radar,0,2,19,0,21,0,0,180,0,180,0,2,199,0,201,211,0,211,412
04/16/2022,SEE,CA,AWP,WE,Towers with Radar,0,0,15,1,16,0,4,103,0,107,0,4,118,1,123,324,0,324,447
04/17/2022,SEE,CA,AWP,WE,Towers with Radar,0,0,14,1,15,0,2,149,0,151,0,2,163,1,166,347,0,347,513
04/18/2022,SEE,CA,AWP,WE,Towers with Radar,0,3,17,1,21,0,2,128,0,130,0,5,145,1,151,294,0,294,445
04/19/2022,SEE,CA,AWP,WE,Towers with Radar,0,0,26,3,29,0,0,144,0,144,0,0,170,3,173,345,0,345,518
04/20/2022,SEE,CA,AWP,WE,Towers with Radar,0,9,25,7,41,0,0,103,0,103,0,9,128,7,144,349,0,349,493
04/21/2022,SEE,CA,AWP,WE,Towers with Radar,0,1,23,4,28,0,2,123,0,125,0,3,146,4,153,277,0,277,430
04/22/2022,SEE,CA,AWP,WE,Towers with Radar,0,0,17,3,20,0,0,52,0,52,0,0,69,3,72,188,0,188,260
04/23/2022,SEE,CA,AWP,WE,Towers with Radar,0,2,16,0,18,0,1,124,1,126,0,3,140,1,144,366,0,366,510
04/24/2022,SEE,CA,AWP,WE,Towers with Radar,0,4,13,1,18,0,0,172,0,172,0,4,185,1,190,269,0,269,459
04/25/2022,SEE,CA,AWP,WE,Towers with Radar,0,1,34,1,36,0,0,161,2,163,0,1,195,3,199,230,0,230,429
04/26/2022,SEE,CA,AWP,WE,Towers with Radar,0,2,13,3,18,0,0,181,2,183,0,2,194,5,201,407,0,407,608
04/27/2022,SEE,CA,AWP,WE,Towers with Radar,0,4,22,2,28,0,0,128,0,128,0,4,150,2,156,245,0,245,401
04/28/2022,SEE,CA,AWP,WE,Towers with Radar,0,2,32,3,37,0,0,72,0,72,0,2,104,3,109,373,0,373,482
04/29/2022,SEE,CA,AWP,WE,Towers with Radar,0,2,15,3,20,0,2,193,1,196,0,4,208,4,216,286,0,286,502
04/30/2022,SEE,CA,AWP,WE,Towers with Radar,0,2,18,1,21,0,2,178,0,180,0,4,196,1,201,191,0,191,392
05/01/2022,SEE,CA,AWP,WE,Towers with Radar,0,0,15,1,16,0,2,89,0,91,0,2,104,1,107,141,0,141,248
05/02/2022,SEE,CA,AWP,WE,Towers with Radar,0,2,20,3,25,0,0,110,0,110,0,2,130,3,135,296,0,296,431
05/03/2022,SEE,CA,AWP,WE,Towers with Radar,0,0,19,5,24,0,0,109,0,109,0,0,128,5,133,284,0,284,417
05/04/2022,SEE,CA,AWP,WE,Towers with Radar,0,2,22,3,27,0,0,164,1,165,0,2,186,4,192,321,0,321,513
05/05/2022,SEE,CA,AWP,WE,Towers with Radar,0,2,18,1,21,0,3,123,0,126,0,5,141,1,147,319,0,319,466
05/06/2022,SEE,CA,AWP,WE,Towers with Radar,0,4,26,2,32,0,2,161,4,167,0,6,187,6,199,350,0,350,549
05/07/2022,SEE,CA,AWP,WE,Towers with Radar,0,4,23,0,27,0,1,147,0,148,0,5,170,0,175,223,0,223,398
05/08/2022,SEE,CA,AWP,WE,Towers with Radar,0,2,26,1,29,0,0,29,0,29,0,2,55,1,58,200,0,200,258
05/09/2022,SEE,CA,AWP,WE,Towers with Radar,0,0,19,4,23,0,3,105,1,109,0,3,124,5,132,147,0,147,279
05/10/2022,SEE,CA,AWP,WE,Towers with Radar,0,3,28,3,34,0,1,127,0,128,0,4,155,3,162,303,0,303,465
05/11/2022,SEE,CA,AWP,WE,Towers with Radar,0,0,13,4,17,0,0,122,0,122,0,0,135,4,139,193,0,193,332
05/12/2022,SEE,CA,AWP,WE,Towers with Radar,0,5,23,1,29,0,1,160,0,161,0,6,183,1,190,313,0,313,503
05/13/2022,SEE,CA,AWP,WE,Towers with Radar,0,6,22,2,30,0,0,218,0,218,0,6,240,2,248,350,0,350,598
05/14/2022,SEE,CA,AWP,WE,Towers with Radar,0,4,27,0,31,0,2,198,0,200,0,6,225,0,231,419,0,419,650
05/15/2022,SEE,CA,AWP,WE,Towers with Radar,0,1,22,0,23,0,0,184,0,184,0,1,206,0,207,230,1,231,438
05/16/2022,SEE,CA,AWP,WE,Towers with Radar,0,2,21,2,25,0,2,128,0,130,0,4,149,2,155,160,0,160,315
05/17/2022,SEE,CA,AWP,WE,Towers with Radar,0,6,16,4,26,0,1,130,0,131,0,7,146,4,157,321,0,321,478
05/18/2022,SEE,CA,AWP,WE,Towers with Radar,0,2,18,3,23,0,2,137,1,140,0,4,155,4,163,305,0,305,468
05/19/2022,SEE,CA,AWP,WE,Towers with Radar,0,5,23,0,28,0,2,117,0,119,0,7,140,0,147,325,0,325,472
05/20/2022,SEE,CA,AWP,WE,Towers with Radar,0,2,24,0,26,0,1,49,0,50,0,3,73,0,76,288,0,288,364
05/21/2022,SEE,CA,AWP,WE,Towers with Radar,0,1,19,0,20,0,1,55,0,56,0,2,74,0,76,498,0,498,574
05/22/2022,SEE,CA,AWP,WE,Towers with Radar,0,2,20,1,23,0,1,123,0,124,0,3,143,1,147,204,0,204,351
05/23/2022,SEE,CA,AWP,WE,Towers with Radar,0,6,21,0,27,0,0,105,0,105,0,6,126,0,132,287,0,287,419
05/24/2022,SEE,CA,AWP,WE,Towers with Radar,0,2,32,2,36,0,0,167,2,169,0,2,199,4,205,369,26,395,600
05/25/2022,SEE,CA,AWP,WE,Towers with Radar,0,3,22,1,26,0,0,159,0,159,0,3,181,1,185,273,0,273,458
05/26/2022,SEE,CA,AWP,WE,Towers with Radar,0,5,25,2,32,0,0,147,0,147,0,5,172,2,179,266,0,266,445
05/27/2022,SEE,CA,AWP,WE,Towers with Radar,0,2,25,1,28,0,2,126,0,128,0,4,151,1,156,298,0,298,454
05/28/2022,SEE,CA,AWP,WE,Towers with Radar,0,5,15,0,20,0,0,84,1,85,0,5,99,1,105,378,0,378,483
05/29/2022,SEE,CA,AWP,WE,Towers with Radar,0,1,9,0,10,0,1,92,0,93,0,2,101,0,103,262,0,262,365
05/30/2022,SEE,CA,AWP,WE,Towers with Radar,0,0,31,0,31,0,1,165,0,166,0,1,196,0,197,265,0,265,462
05/31/2022,SEE,CA,AWP,WE,Towers with Radar,0,2,18,2,22,0,2,178,0,180,0,4,196,2,202,354,0,354,556
06/01/2022,SEE,CA,AWP,WE,Towers with Radar,0,3,26,1,30,0,4,157,0,161,0,7,183,1,191,324,0,324,515
06/02/2022,SEE,CA,AWP,WE,Towers with Radar,0,1,26,0,27,0,2,169,1,172,0,3,195,1,199,296,0,296,495
06/03/2022,SEE,CA,AWP,WE,Towers with Radar,0,3,21,0,24,0,1,120,0,121,0,4,141,0,145,276,0,276,421
06/04/2022,SEE,CA,AWP,WE,Towers with Radar,0,7,15,2,24,0,0,118,0,118,0,7,133,2,142,421,0,421,563
06/05/2022,SEE,CA,AWP,WE,Towers with Radar,0,1,17,1,19,0,2,171,0,173,0,3,188,1,192,162,0,162,354
06/06/2022,SEE,CA,AWP,WE,Towers with Radar,0,6,23,0,29,0,2,152,0,154,0,8,175,0,183,265,0,265,448
06/07/2022,SEE,CA,AWP,WE,Towers with Radar,0,1,22,2,25,0,2,140,0,142,0,3,162,2,167,186,0,186,353
06/08/2022,SEE,CA,AWP,WE,Towers with Radar,0,3,37,3,43,0,1,132,2,135,0,4,169,5,178,299,23,322,500
06/09/2022,SEE,CA,AWP,WE,Towers with Radar,0,2,30,1,33,0,0,150,3,153,0,2,180,4,186,354,0,354,540
06/10/2022,SEE,CA,AWP,WE,Towers with Radar,0,3,19,4,26,0,1,179,1,181,0,4,198,5,207,338,1,339,546
06/11/2022,SEE,CA,AWP,WE,Towers with Radar,0,1,12,0,13,0,0,120,0,120,0,1,132,0,133,306,0,306,439
06/12/2022,SEE,CA,AWP,WE,Towers with Radar,0,0,15,0,15,0,0,153,0,153,0,0,168,0,168,175,0,175,343
06/13/2022,SEE,CA,AWP,WE,Towers with Radar,0,1,29,2,32,0,0,97,0,97,0,1,126,2,129,208,0,208,337
06/14/2022,SEE,CA,AWP,WE,Towers with Radar,0,2,25,4,31,0,0,144,0,144,0,2,169,4,175,247,0,247,422
06/15/2022,SEE,CA,AWP,WE,Towers with Radar,0,2,26,4,32,0,2,151,0,153,0,4,177,4,185,207,0,207,392
06/16/2022,SEE,CA,AWP,WE,Towers with Radar,0,3,21,3,27,0,2,157,2,161,0,5,178,5,188,183,0,183,371
06/17/2022,SEE,CA,AWP,WE,Towers with Radar,0,1,26,1,28,0,1,157,1,159,0,2,183,2,187,227,0,227,414
06/18/2022,SEE,CA,AWP,WE,Towers with Radar,0,1,9,1,11,0,1,144,1,146,0,2,153,2,157,254,0,254,411
06/19/2022,SEE,CA,AWP,WE,Towers with Radar,0,2,14,1,17,0,0,129,2,131,0,2,143,3,148,118,0,118,266
06/20/2022,SEE,CA,AWP,WE,Towers with Radar,0,0,18,1,19,0,0,147,0,147,0,0,165,1,166,387,0,387,553
06/21/2022,SEE,CA,AWP,WE,Towers with Radar,0,0,23,3,26,0,1,129,3,133,0,1,152,6,159,222,0,222,381
06/22/2022,SEE,CA,AWP,WE,Towers with Radar,0,0,15,2,17,0,2,119,3,124,0,2,134,5,141,170,1,171,312
06/23/2022,SEE,CA,AWP,WE,Towers with Radar,0,2,26,4,32,0,0,126,4,130,0,2,152,8,162,221,0,221,383
06/24/2022,SEE,CA,AWP,WE,Towers with Radar,0,3,18,0,21,0,0,157,0,157,0,3,175,0,178,393,0,393,571
06/25/2022,SEE,CA,AWP,WE,Towers with Radar,0,0,15,1,16,0,3,187,0,190,0,3,202,1,206,175,0,175,381
06/26/2022,SEE,CA,AWP,WE,Towers with Radar,0,1,16,1,18,0,0,124,0,124,0,1,140,1,142,180,0,180,322
06/27/2022,SEE,CA,AWP,WE,Towers with Radar,0,0,19,0,19,0,1,144,0,145,0,1,163,0,164,274,0,274,438
06/28/2022,SEE,CA,AWP,WE,Towers with Radar,0,1,21,3,25,0,1,140,0,141,0,2,161,3,166,210,0,210,376
06/29/2022,SEE,CA,AWP,WE,Towers with Radar,0,0,24,1,25,0,1,178,1,180,0,1,202,2,205,235,1,236,441
06/30/2022,SEE,CA,AWP,WE,Towers with Radar,0,4,28,3,35,0,1,177,3,181,0,5,205,6,216,206,0,206,422
07/01/2022,SEE,CA,AWP,WE,Towers with Radar,0,0,22,1,23,0,0,175,0,175,0,0,197,1,198,201,0,201,399
07/02/2022,SEE,CA,AWP,WE,Towers with Radar,0,2,27,0,29,0,4,151,0,155,0,6,178,0,184,222,0,222,406
07/03/2022,SEE,CA,AWP,WE,Towers with Radar,0,0,16,0,16,0,0,144,0,144,0,0,160,0,160,145,0,145,305
07/04/2022,SEE,CA,AWP,WE,Towers with Radar,0,0,13,0,13,0,2,117,1,120,0,2,130,1,133,175,0,175,308
07/05/2022,SEE,CA,AWP,WE,Towers with Radar,0,0,31,1,32,0,0,154,1,155,0,0,185,2,187,245,0,245,432
07/06/2022,SEE,CA,AWP,WE,Towers with Radar,0,1,27,4,32,0,0,129,0,129,0,1,156,4,161,239,0,239,400
07/07/2022,SEE,CA,AWP,WE,Towers with Radar,0,1,24,3,28,0,0,170,3,173,0,1,194,6,201,238,0,238,439
07/08/2022,SEE,CA,AWP,WE,Towers with Radar,0,2,32,0,34,0,3,164,0,167,0,5,196,0,201,249,0,249,450
07/09/2022,SEE,CA,AWP,WE,Towers with Radar,0,0,14,1,15,0,0,166,0,166,0,0,180,1,181,131,0,131,312
07/10/2022,SEE,CA,AWP,WE,Towers with Radar,0,0,16,1,17,0,2,134,0,136,0,2,150,1,153,204,0,204,357
07/11/2022,SEE,CA,AWP,WE,Towers with Radar,0,2,21,1,24,0,1,97,1,99,0,3,118,2,123,386,0,386,509
07/12/2022,SEE,CA,AWP,WE,Towers with Radar,0,2,21,3,26,0,2,136,1,139,0,4,157,4,165,466,0,466,631
07/13/2022,SEE,CA,AWP,WE,Towers with Radar,0,1,36,1,38,0,0,172,0,172,0,1,208,1,210,362,0,362,572
07/14/2022,SEE,CA,AWP,WE,Towers with Radar,0,1,21,1,23,0,0,142,0,142,0,1,163,1,165,228,0,228,393
07/15/2022,SEE,CA,AWP,WE,Towers with Radar,0,4,27,1,32,0,0,196,0,196,0,4,223,1,228,412,0,412,640
07/16/2022,SEE,CA,AWP,WE,Towers with Radar,0,0,22,0,22,0,1,173,0,174,0,1,195,0,196,450,0,450,646
07/17/2022,SEE,CA,AWP,WE,Towers with Radar,0,1,16,0,17,0,0,123,1,124,0,1,139,1,141,325,0,325,466
07/18/2022,SEE,CA,AWP,WE,Towers with Radar,0,0,28,0,28,0,0,136,0,136,0,0,164,0,164,286,0,286,450
07/19/2022,SEE,CA,AWP,WE,Towers with Radar,0,0,19,5,24,0,0,155,0,155,0,0,174,5,179,338,0,338,517
07/20/2022,SEE,CA,AWP,WE,Towers with Radar,0,1,33,3,37,0,3,134,0,137,0,4,167,3,174,365,0,365,539
07/21/2022,SEE,CA,AWP,WE,Towers with Radar,0,3,31,1,35,0,4,201,2,207,0,7,232,3,242,338,0,338,580
07/22/2022,SEE,CA,AWP,WE,Towers with Radar,0,1,18,1,20,0,1,189,2,192,0,2,207,3,212,369,0,369,581
07/23/2022,SEE,CA,AWP,WE,Towers with Radar,0,0,16,0,16,0,0,171,0,171,0,0,187,0,187,281,0,281,468
07/24/2022,SEE,CA,AWP,WE,Towers with Radar,0,3,24,0,27,0,2,111,0,113,0,5,135,0,140,222,0,222,362
07/25/2022,SEE,CA,AWP,WE,Towers with Radar,0,1,26,2,29,0,0,113,0,113,0,1,139,2,142,224,0,224,366
07/26/2022,SEE,CA,AWP,WE,Towers with Radar,0,0,21,4,25,0,1,68,1,70,0,1,89,5,95,236,0,236,331
07/27/2022,SEE,CA,AWP,WE,Towers with Radar,0,4,26,3,33,0,0,179,0,179,0,4,205,3,212,427,0,427,639
07/28/2022,SEE,CA,AWP,WE,Towers with Radar,0,1,20,5,26,0,0,130,0,130,0,1,150,5,156,265,0,265,421
07/29/2022,SEE,CA,AWP,WE,Towers with Radar,0,2,28,3,33,0,1,131,2,134,0,3,159,5,167,192,0,192,359
07/30/2022,SEE,CA,AWP,WE,Towers with Radar,0,2,25,0,27,0,1,179,0,180,0,3,204,0,207,273,0,273,480
07/31/2022,SEE,CA,AWP,WE,Towers with Radar,0,2,10,0,12,0,0,161,0,161,0,2,171,0,173,259,0,259,432
08/01/2022,SEE,CA,AWP,WE,Towers with Radar,0,2,19,1,22,0,1,128,0,129,0,3,147,1,151,135,0,135,286
08/02/2022,SEE,CA,AWP,WE,Towers with Radar,0,1,17,3,21,0,1,125,1,127,0,2,142,4,148,283,0,283,431
08/03/2022,SEE,CA,AWP,WE,Towers with Radar,0,2,26,3,31,0,1,135,0,136,0,3,161,3,167,388,0,388,555
08/04/2022,SEE,CA,AWP,WE,Towers with Radar,0,0,23,0,23,0,6,129,0,135,0,6,152,0,158,233,0,233,391
08/05/2022,SEE,CA,AWP,WE,Towers with Radar,0,4,29,3,36,0,1,158,3,162,0,5,187,6,198,394,0,394,592
08/06/2022,SEE,CA,AWP,WE,Towers with Radar,0,0,27,0,27,0,3,182,0,185,0,3,209,0,212,296,0,296,508
08/07/2022,SEE,CA,AWP,WE,Towers with Radar,0,0,25,1,26,0,1,152,0,153,0,1,177,1,179,252,0,252,431
08/08/2022,SEE,CA,AWP,WE,Towers with Radar,0,2,14,2,18,0,2,158,2,162,0,4,172,4,180,357,0,357,537
08/09/2022,SEE,CA,AWP,WE,Towers with Radar,0,2,21,2,25,0,4,136,0,140,0,6,157,2,165,254,0,254,419
08/10/2022,SEE,CA,AWP,WE,Towers with Radar,0,3,25,2,30,0,1,189,0,190,0,4,214,2,220,426,0,426,646
08/11/2022,SEE,CA,AWP,WE,Towers with Radar,0,2,29,5,36,0,0,157,2,159,0,2,186,7,195,307,0,307,502
08/12/2022,SEE,CA,AWP,WE,Towers with Radar,0,1,37,0,38,0,0,170,0,170,0,1,207,0,208,313,0,313,521
08/13/2022,SEE,CA,AWP,WE,Towers with Radar,0,0,28,0,28,0,0,180,0,180,0,0,208,0,208,243,0,243,451
08/14/2022,SEE,CA,AWP,WE,Towers with Radar,0,1,26,1,28,0,1,140,0,141,0,2,166,1,169,179,0,179,348
08/15/2022,SEE,CA,AWP,WE,Towers with Radar,0,0,14,1,15,0,0,156,1,157,0,0,170,2,172,224,0,224,396
08/16/2022,SEE,CA,AWP,WE,Towers with Radar,0,0,32,4,36,0,0,156,1,157,0,0,188,5,193,273,0,273,466
08/17/2022,SEE,CA,AWP,WE,Towers with Radar,0,0,23,3,26,0,0,188,1,189,0,0,211,4,215,371,0,371,586
08/18/2022,SEE,CA,AWP,WE,Towers with Radar,0,3,22,1,26,0,0,153,0,153,0,3,175,1,179,275,0,275,454
08/19/2022,SEE,CA,AWP,WE,Towers with Radar,0,2,15,0,17,0,0,162,0,162,0,2,177,0,179,279,0,279,458
08/20/2022,SEE,CA,AWP,WE,Towers with Radar,0,2,19,0,21,0,1,140,0,141,0,3,159,0,162,345,0,345,507
08/21/2022,SEE,CA,AWP,WE,Towers with Radar,0,0,30,0,30,0,0,101,0,101,0,0,131,0,131,324,0,324,455
08/22/2022,SEE,CA,AWP,WE,Towers with Radar,0,0,33,1,34,0,2,138,0,140,0,2,171,1,174,240,0,240,414
08/23/2022,SEE,CA,AWP,WE,Towers with Radar,0,0,23,3,26,0,0,158,0,158,0,0,181,3,184,397,0,397,581
08/24/2022,SEE,CA,AWP,WE,Towers with Radar,0,1,19,4,24,0,0,154,2,156,0,1,173,6,180,452,1,453,633
08/25/2022,SEE,CA,AWP,WE,Towers with Radar,0,1,17,2,20,0,1,174,4,179,0,2,191,6,199,503,0,503,702
08/26/2022,SEE,CA,AWP,WE,Towers with Radar,0,2,35,0,37,0,2,196,0,198,0,4,231,0,235,332,0,332,567
08/27/2022,SEE,CA,AWP,WE,Towers with Radar,0,2,17,0,19,0,0,204,0,204,0,2,221,0,223,326,0,326,549
08/28/2022,SEE,CA,AWP,WE,Towers with Radar,0,1,10,1,12,0,1,155,1,157,0,2,165,2,169,161,0,161,330
08/29/2022,SEE,CA,AWP,WE,Towers with Radar,0,2,31,2,35,0,3,148,0,151,0,5,179,2,186,307,0,307,493
08/30/2022,SEE,CA,AWP,WE,Towers with Radar,0,3,27,2,32,0,0,148,0,148,0,3,175,2,180,289,0,289,469
08/31/2022,SEE,CA,AWP,WE,Towers with Radar,0,2,21,2,25,0,2,174,3,179,0,4,195,5,204,298,0,298,502
09/01/2022,SEE,CA,AWP,WE,Towers with Radar,0,4,34,3,41,0,0,185,2,187,0,4,219,5,228,280,0,280,508
09/02/2022,SEE,CA,AWP,WE,Towers with Radar,0,1,27,0,28,0,0,187,0,187,0,1,214,0,215,440,0,440,655
09/03/2022,SEE,CA,AWP,WE,Towers with Radar,0,2,16,0,18,0,2,130,0,132,0,4,146,0,150,160,0,160,310
09/04/2022,SEE,CA,AWP,WE,Towers with Radar,0,0,11,0,11,0,3,133,0,136,0,3,144,0,147,202,0,202,349
09/05/2022,SEE,CA,AWP,WE,Towers with Radar,0,1,14,0,15,0,0,154,0,154,0,1,168,0,169,218,0,218,387
09/06/2022,SEE,CA,AWP,WE,Towers with Radar,0,1,26,5,32,0,0,140,0,140,0,1,166,5,172,336,0,336,508
09/07/2022,SEE,CA,AWP,WE,Towers with Radar,0,2,19,1,22,0,0,188,1,189,0,2,207,2,211,404,0,404,615
09/08/2022,SEE,CA,AWP,WE,Towers with Radar,0,0,28,3,31,0,2,146,0,148,0,2,174,3,179,292,0,292,471
09/09/2022,SEE,CA,AWP,WE,Towers with Radar,0,0,9,0,9,0,0,6,0,6,0,0,15,0,15,17,0,17,32
09/10/2022,SEE,CA,AWP,WE,Towers with Radar,0,0,4,1,5,0,0,38,0,38,0,0,42,1,43,43,0,43,86
09/11/2022,SEE,CA,AWP,WE,Towers with Radar,0,0,23,2,25,0,1,104,0,105,0,1,127,2,130,348,0,348,478
09/12/2022,SEE,CA,AWP,WE,Towers with Radar,0,1,33,0,34,0,0,94,0,94,0,1,127,0,128,378,0,378,506
09/13/2022,SEE,CA,AWP,WE,Towers with Radar,0,0,30,3,33,0,0,102,0,102,0,0,132,3,135,596,0,596,731
09/14/2022,SEE,CA,AWP,WE,Towers with Radar,0,0,39,3,42,0,1,107,1,109,0,1,146,4,151,339,1,340,491
09/15/2022,SEE,CA,AWP,WE,Towers with Radar,0,1,32,1,34,0,0,164,0,164,0,1,196,1,198,460,6,466,664
09/16/2022,SEE,CA,AWP,WE,Towers with Radar,0,5,38,0,43,0,0,203,0,203,0,5,241,0,246,254,0,254,500
09/17/2022,SEE,CA,AWP,WE,Towers with Radar,0,0,26,2,28,0,2,127,0,129,0,2,153,2,157,335,0,335,492
09/18/2022,SEE,CA,AWP,WE,Towers with Radar,0,0,32,1,33,0,1,123,0,124,0,1,155,1,157,159,0,159,316
09/19/2022,SEE,CA,AWP,WE,Towers with Radar,0,4,30,1,35,0,2,153,0,155,0,6,183,1,190,271,0,271,461
09/20/2022,SEE,CA,AWP,WE,Towers with Radar,0,1,18,4,23,0,0,181,0,181,0,1,199,4,204,280,0,280,484
09/21/2022,SEE,CA,AWP,WE,Towers with Radar,0,0,20,3,23,0,0,170,0,170,0,0,190,3,193,282,0,282,475
09/22/2022,SEE,CA,AWP,WE,Towers with Radar,0,3,22,0,25,0,3,193,1,197,0,6,215,1,222,248,0,248,470
09/23/2022,SEE,CA,AWP,WE,Towers with Radar,0,1,22,0,23,0,3,156,1,160,0,4,178,1,183,216,0,216,399
09/24/2022,SEE,CA,AWP,WE,Towers with Radar,0,3,13,2,18,0,1,193,0,194,0,4,206,2,212,235,0,235,447
09/25/2022,SEE,CA,AWP,WE,Towers with Radar,0,4,12,0,16,0,2,155,0,157,0,6,167,0,173,70,0,70,243
09/26/2022,SEE,CA,AWP,WE,Towers with Radar,0,0,26,1,27,0,1,145,0,146,0,1,171,1,173,267,0,267,440
09/27/2022,SEE,CA,AWP,WE,Towers with Radar,0,0,22,5,27,0,1,187,0,188,0,1,209,5,215,385,0,385,600
09/28/2022,SEE,CA,AWP,WE,Towers with Radar,0,2,26,4,32,0,1,183,0,184,0,3,209,4,216,336,0,336,552
09/29/2022,SEE,CA,AWP,WE,Towers with Radar,0,2,38,0,40,0,0,147,1,148,0,2,185,1,188,410,0,410,598
09/30/2022,SEE,CA,AWP,WE,Towers with Radar,0,1,27,0,28,0,0,115,0,115,0,1,142,0,143,381,0,381,524
10/01/2022,SEE,CA,AWP,WE,Towers with Radar,0,2,25,1,28,0,0,120,0,120,0,2,145,1,148,252,0,252,400
10/02/2022,SEE,CA,AWP,WE,Towers with Radar,0,5,18,2,25,0,0,107,0,107,0,5,125,2,132,185,0,185,317
10/03/2022,SEE,CA,AWP,WE,Towers with Radar,0,2,35,3,40,0,1,97,0,98,0,3,132,3,138,337,0,337,475
10/04/2022,SEE,CA,AWP,WE,Towers with Radar,0,4,25,1,30,0,3,117,0,120,0,7,142,1,150,365,0,365,515
10/05/2022,SEE,CA,AWP,WE,Towers with Radar,0,0,28,3,31,0,2,142,1,145,0,2,170,4,176,255,0,255,431
10/06/2022,SEE,CA,AWP,WE,Towers with Radar,0,1,23,3,27,0,1,89,3,93,0,2,112,6,120,393,6,399,519
10/07/2022,SEE,CA,AWP,WE,Towers with Radar,0,4,31,0,35,0,1,160,0,161,0,5,191,0,196,381,0,381,577
10/08/2022,SEE,CA,AWP,WE,Towers with Radar,0,2,18,0,20,0,1,170,0,171,0,3,188,0,191,219,0,219,410
10/09/2022,SEE,CA,AWP,WE,Towers with Radar,0,0,19,3,22,0,1,127,0,128,0,1,146,3,150,211,0,211,361
10/10/2022,SEE,CA,AWP,WE,Towers with Radar,0,0,31,3,34,0,1,115,0,116,0,1,146,3,150,341,0,341,491
10/11/2022,SEE,CA,AWP,WE,Towers with Radar,0,0,24,3,27,0,0,84,0,84,0,0,108,3,111,397,1,398,509
10/12/2022,SEE,CA,AWP,WE,Towers with Radar,0,2,27,4,33,0,2,82,1,85,0,4,109,5,118,468,0,468,586
10/13/2022,SEE,CA,AWP,WE,Towers with Radar,0,0,41,1,42,0,2,102,1,105,0,2,143,2,147,328,0,328,475
10/14/2022,SEE,CA,AWP,WE,Towers with Radar,0,0,30,2,32,0,0,24,0,24,0,0,54,2,56,293,0,293,349
10/15/2022,SEE,CA,AWP,WE,Towers with Radar,0,1,24,0,25,0,0,33,0,33,0,1,57,0,58,180,0,180,238
10/16/2022,SEE,CA,AWP,WE,Towers with Radar,0,0,18,2,20,0,0,74,0,74,0,0,92,2,94,273,0,273,367
10/17/2022,SEE,CA,AWP,WE,Towers with Radar,0,0,29,1,30,0,1,174,0,175,0,1,203,1,205,431,0,431,636
10/18/2022,SEE,CA,AWP,WE,Towers with Radar,0,0,12,2,14,0,2,179,1,182,0,2,191,3,196,287,0,287,483
10/19/2022,SEE,CA,AWP,WE,Towers with Radar,0,0,29,3,32,0,2,150,0,152,0,2,179,3,184,343,0,343,527
10/20/2022,SEE,CA,AWP,WE,Towers with Radar,0,0,39,3,42,0,2,158,2,162,0,2,197,5,204,367,0,367,571
10/21/2022,SEE,CA,AWP,WE,Towers with Radar,0,0,29,3,32,0,0,182,0,182,0,0,211,3,214,390,0,390,604
10/22/2022,SEE,CA,AWP,WE,Towers with Radar,0,0,18,0,18,0,1,47,0,48,0,1,65,0,66,288,0,288,354
10/23/2022,SEE,CA,AWP,WE,Towers with Radar,0,0,23,1,24,0,0,121,0,121,0,0,144,1,145,397,0,397,542
10/24/2022,SEE,CA,AWP,WE,Towers with Radar,0,0,24,3,27,0,1,150,0,151,0,1,174,3,178,259,0,259,437
10/25/2022,SEE,CA,AWP,WE,Towers with Radar,0,0,35,2,37,0,1,200,2,203,0,1,235,4,240,353,0,353,593
10/26/2022,SEE,CA,AWP,WE,Towers with Radar,0,0,40,3,43,0,1,161,0,162,0,1,201,3,205,365,0,365,570
10/27/2022,SEE,CA,AWP,WE,Towers with Radar,0,1,20,0,21,0,1,170,0,171,0,2,190,0,192,350,0,350,542
10/28/2022,SEE,CA,AWP,WE,Towers with Radar,0,0,22,2,24,0,1,186,0,187,0,1,208,2,211,275,0,275,486
10/29/2022,SEE,CA,AWP,WE,Towers with Radar,0,0,18,0,18,0,1,173,0,174,0,1,191,0,192,109,0,109,301
10/30/2022,SEE,CA,AWP,WE,Towers with Radar,0,2,20,6,28,0,1,171,1,173,0,3,191,7,201,251,0,251,452
10/31/2022,SEE,CA,AWP,WE,Towers with Radar,0,2,19,3,24,0,0,130,0,130,0,2,149,3,154,229,0,229,383
11/01/2022,SEE,CA,AWP,WE,Towers with Radar,0,1,34,3,38,0,1,77,1,79,0,2,111,4,117,257,0,257,374
11/02/2022,SEE,CA,AWP,WE,Towers with Radar,0,2,16,2,20,0,0,49,1,50,0,2,65,3,70,102,0,102,172
11/03/2022,SEE,CA,AWP,WE,Towers with Radar,0,0,11,2,13,0,0,22,1,23,0,0,33,3,36,99,0,99,135
11/04/2022,SEE,CA,AWP,WE,Towers with Radar,0,0,28,3,31,0,0,66,3,69,0,0,94,6,100,81,0,81,181
11/05/2022,SEE,CA,AWP,WE,Towers with Radar,0,1,19,0,20,0,1,263,0,264,0,2,282,0,284,174,0,174,458
11/06/2022,SEE,CA,AWP,WE,Towers with Radar,0,0,20,0,20,0,3,145,0,148,0,3,165,0,168,188,0,188,356
11/07/2022,SEE,CA,AWP,WE,Towers with Radar,0,2,21,4,27,0,0,22,0,22,0,2,43,4,49,287,0,287,336
11/08/2022,SEE,CA,AWP,WE,Towers with Radar,0,1,2,2,5,0,0,2,0,2,0,1,4,2,7,41,0,41,48
11/09/2022,SEE,CA,AWP,WE,Towers with Radar,0,0,30,6,36,0,0,93,0,93,0,0,123,6,129,339,0,339,468
11/10/2022,SEE,CA,AWP,WE,Towers with Radar,0,1,28,0,29,0,0,223,0,223,0,1,251,0,252,240,0,240,492
11/11/2022,SEE,CA,AWP,WE,Towers with Radar,0,0,25,0,25,0,2,220,0,222,0,2,245,0,247,390,0,390,637
11/12/2022,SEE,CA,AWP,WE,Towers with Radar,0,1,22,0,23,0,1,221,0,222,0,2,243,0,245,208,0,208,453
11/13/2022,SEE,CA,AWP,WE,Towers with Radar,0,0,19,2,21,0,0,92,1,93,0,0,111,3,114,248,0,248,362
11/14/2022,SEE,CA,AWP,WE,Towers with Radar,0,3,26,1,30,0,1,136,0,137,0,4,162,1,167,415,0,415,582
11/15/2022,SEE,CA,AWP,WE,Towers with Radar,0,0,15,2,17,0,1,179,1,181,0,1,194,3,198,324,0,324,522
11/16/2022,SEE,CA,AWP,WE,Towers with Radar,0,1,10,2,13,0,0,59,0,59,0,1,69,2,72,264,0,264,336
11/17/2022,SEE,CA,AWP,WE,Towers with Radar,0,0,24,2,26,0,2,172,0,174,0,2,196,2,200,337,0,337,537
11/18/2022,SEE,CA,AWP,WE,Towers with Radar,0,2,34,2,38,0,0,166,0,166,0,2,200,2,204,473,0,473,677
11/19/2022,SEE,CA,AWP,WE,Towers with Radar,0,2,15,0,17,0,4,189,0,193,0,6,204,0,210,264,0,264,474
11/20/2022,SEE,CA,AWP,WE,Towers with Radar,0,0,13,0,13,0,2,161,0,163,0,2,174,0,176,233,0,233,409
11/21/2022,SEE,CA,AWP,WE,Towers with Radar,0,0,24,1,25,0,0,141,0,141,0,0,165,1,166,334,0,334,500
11/22/2022,SEE,CA,AWP,WE,Towers with Radar,0,0,20,3,23,0,2,162,0,164,0,2,182,3,187,444,0,444,631
11/23/2022,SEE,CA,AWP,WE,Towers with Radar,0,0,28,0,28,0,4,176,1,181,0,4,204,1,209,303,0,303,512
11/24/2022,SEE,CA,AWP,WE,Towers with Radar,0,0,1,0,1,0,3,23,0,26,0,3,24,0,27,53,0,53,80
11/25/2022,SEE,CA,AWP,WE,Towers with Radar,0,0,17,0,17,0,0,122,0,122,0,0,139,0,139,228,0,228,367
11/26/2022,SEE,CA,AWP,WE,Towers with Radar,0,1,19,0,20,0,1,137,0,138,0,2,156,0,158,152,0,152,310
11/27/2022,SEE,CA,AWP,WE,Towers with Radar,0,0,16,0,16,0,0,146,0,146,0,0,162,0,162,153,0,153,315
11/28/2022,SEE,CA,AWP,WE,Towers with Radar,0,5,19,2,26,0,1,48,0,49,0,6,67,2,75,233,0,233,308
11/29/2022,SEE,CA,AWP,WE,Towers with Radar,0,0,22,3,25,0,0,111,0,111,0,0,133,3,136,167,0,167,303
11/30/2022,SEE,CA,AWP,WE,Towers with Radar,0,0,30,1,31,0,1,67,0,68,0,1,97,1,99,358,0,358,457
12/01/2022,SEE,CA,AWP,WE,Towers with Radar,0,0,18,3,21,0,1,52,0,53,0,1,70,3,74,351,0,351,425
12/02/2022,SEE,CA,AWP,WE,Towers with Radar,0,0,29,1,30,0,0,152,0,152,0,0,181,1,182,320,0,320,502
12/03/2022,SEE,CA,AWP,WE,Towers with Radar,0,1,17,1,19,0,0,185,0,185,0,1,202,1,204,166,0,166,370
12/04/2022,SEE,CA,AWP,WE,Towers with Radar,0,0,17,0,17,0,0,139,0,139,0,0,156,0,156,210,0,210,366
12/05/2022,SEE,CA,AWP,WE,Towers with Radar,0,0,18,1,19,0,0,60,0,60,0,0,78,1,79,287,0,287,366
12/06/2022,SEE,CA,AWP,WE,Towers with Radar,0,0,21,1,22,0,0,68,0,68,0,0,89,1,90,351,0,351,441
12/07/2022,SEE,CA,AWP,WE,Towers with Radar,0,4,17,0,21,0,0,139,1,140,0,4,156,1,161,352,0,352,513
12/08/2022,SEE,CA,AWP,WE,Towers with Radar,0,0,28,1,29,0,3,170,0,173,0,3,198,1,202,339,0,339,541
12/09/2022,SEE,CA,AWP,WE,Towers with Radar,0,1,37,1,39,0,0,165,0,165,0,1,202,1,204,325,0,325,529
12/10/2022,SEE,CA,AWP,WE,Towers with Radar,0,0,9,0,9,0,0,199,0,199,0,0,208,0,208,231,0,231,439
12/11/2022,SEE,CA,AWP,WE,Towers with Radar,0,0,4,0,4,0,0,4,0,4,0,0,8,0,8,9,0,9,17
12/12/2022,SEE,CA,AWP,WE,Towers with Radar,0,1,5,1,7,0,0,9,0,9,0,1,14,1,16,33,0,33,49
12/13/2022,SEE,CA,AWP,WE,Towers with Radar,0,2,18,1,21,0,0,85,2,87,0,2,103,3,108,425,0,425,533
12/14/2022,SEE,CA,AWP,WE,Towers with Radar,0,2,26,3,31,0,0,185,2,187,0,2,211,5,218,355,6,361,579
12/15/2022,SEE,CA,AWP,WE,Towers with Radar,0,4,22,4,30,0,1,162,1,164,0,5,184,5,194,250,0,250,444
12/16/2022,SEE,CA,AWP,WE,Towers with Radar,0,3,20,4,27,0,2,171,1,174,0,5,191,5,201,261,0,261,462
12/17/2022,SEE,CA,AWP,WE,Towers with Radar,0,0,11,0,11,0,0,166,0,166,0,0,177,0,177,249,0,249,426
12/18/2022,SEE,CA,AWP,WE,Towers with Radar,0,0,6,0,6,0,0,165,0,165,0,0,171,0,171,197,0,197,368
12/19/2022,SEE,CA,AWP,WE,Towers with Radar,0,0,14,0,14,0,0,147,1,148,0,0,161,1,162,207,0,207,369
12/20/2022,SEE,CA,AWP,WE,Towers with Radar,0,0,11,2,13,0,0,141,2,143,0,0,152,4,156,242,0,242,398
12/21/2022,SEE,CA,AWP,WE,Towers with Radar,0,3,22,1,26,0,1,152,1,154,0,4,174,2,180,298,0,298,478
12/22/2022,SEE,CA,AWP,WE,Towers with Radar,0,2,28,4,34,0,2,168,2,172,0,4,196,6,206,497,0,497,703
12/23/2022,SEE,CA,AWP,WE,Towers with Radar,0,0,14,0,14,0,1,134,0,135,0,1,148,0,149,278,0,278,427
12/24/2022,SEE,CA,AWP,WE,Towers with Radar,0,0,5,1,6,0,0,97,0,97,0,0,102,1,103,134,0,134,237
12/25/2022,SEE,CA,AWP,WE,Towers with Radar,0,0,2,0,2,0,0,59,0,59,0,0,61,0,61,140,0,140,201
12/26/2022,SEE,CA,AWP,WE,Towers with Radar,0,0,17,0,17,0,0,133,0,133,0,0,150,0,150,112,0,112,262
12/27/2022,SEE,CA,AWP,WE,Towers with Radar,0,0,12,0,12,0,2,91,0,93,0,2,103,0,105,186,0,186,291
12/28/2022,SEE,CA,AWP,WE,Towers with Radar,0,2,15,0,17,0,0,39,0,39,0,2,54,0,56,67,0,67,123
12/29/2022,SEE,CA,AWP,WE,Towers with Radar,0,0,15,0,15,0,0,31,0,31,0,0,46,0,46,175,0,175,221
12/30/2022,SEE,CA,AWP,WE,Towers with Radar,0,2,23,0,25,0,0,14,0,14,0,2,37,0,39,177,0,177,216
12/31/2022,SEE,CA,AWP,WE,Towers with Radar,0,1,12,0,13,0,0,20,0,20,0,1,32,0,33,178,0,178,211
01/01/2023,SEE,CA,AWP,WE,Towers with Radar,0,0,10,0,10,0,0,1,0,1,0,0,11,0,11,14,0,14,25
01/02/2023,SEE,CA,AWP,WE,Towers with Radar,0,0,24,2,26,0,2,34,0,36,0,2,58,2,62,338,0,338,400
01/03/2023,SEE,CA,AWP,WE,Towers with Radar,0,0,15,1,16,0,0,1,0,1,0,0,16,1,17,15,0,15,32
01/04/2023,SEE,CA,AWP,WE,Towers with Radar,0,0,15,2,17,0,0,38,0,38,0,0,53,2,55,205,0,205,260
01/05/2023,SEE,CA,AWP,WE,Towers with Radar,0,0,9,0,9,0,0,1,0,1,0,0,10,0,10,0,0,0,10
01/06/2023,SEE,CA,AWP,WE,Towers with Radar,0,0,22,2,24,0,0,187,0,187,0,0,209,2,211,285,0,285,496
01/07/2023,SEE,CA,AWP,WE,Towers with Radar,0,2,16,0,18,0,0,222,1,223,0,2,238,1,241,382,0,382,623
01/08/2023,SEE,CA,AWP,WE,Towers with Radar,0,2,20,1,23,0,1,185,0,186,0,3,205,1,209,320,0,320,529
01/09/2023,SEE,CA,AWP,WE,Towers with Radar,0,0,14,1,15,0,0,102,0,102,0,0,116,1,117,315,0,315,432
01/10/2023,SEE,CA,AWP,WE,Towers with Radar,0,2,4,2,8,0,0,3,0,3,0,2,7,2,11,0,0,0,11
01/11/2023,SEE,CA,AWP,WE,Towers with Radar,0,0,20,3,23,0,2,128,1,131,0,2,148,4,154,377,0,377,531
01/12/2023,SEE,CA,AWP,WE,Towers with Radar,0,6,24,3,33,0,3,157,0,160,0,9,181,3,193,478,0,478,671
01/13/2023,SEE,CA,AWP,WE,Towers with Radar,0,1,24,0,25,0,1,166,3,170,0,2,190,3,195,313,0,313,508
01/14/2023,SEE,CA,AWP,WE,Towers with Radar,0,0,16,0,16,0,0,45,0,45,0,0,61,0,61,80,0,80,141
01/15/2023,SEE,CA,AWP,WE,Towers with Radar,0,0,10,0,10,0,0,5,0,5,0,0,15,0,15,3,0,3,18
01/16/2023,SEE,CA,AWP,WE,Towers with Radar,0,0,10,1,11,0,0,16,0,16,0,0,26,1,27,9,0,9,36
01/17/2023,SEE,CA,AWP,WE,Towers with Radar,0,0,16,3,19,0,0,38,0,38,0,0,54,3,57,107,0,107,164
01/18/2023,SEE,CA,AWP,WE,Towers with Radar,0,2,20,1,23,0,0,161,0,161,0,2,181,1,184,526,0,526,710
01/19/2023,SEE,CA,AWP,WE,Towers with Radar,0,2,23,1,26,0,0,130,0,130,0,2,153,1,156,320,0,320,476
01/20/2023,SEE,CA,AWP,WE,Towers with Radar,0,5,19,0,24,0,0,198,0,198,0,5,217,0,222,355,0,355,577
01/21/2023,SEE,CA,AWP,WE,Towers with Radar,0,0,22,0,22,0,1,184,0,185,0,1,206,0,207,255,0,255,462
01/22/2023,SEE,CA,AWP,WE,Towers with Radar,0,2,17,1,20,0,0,128,0,128,0,2,145,1,148,158,0,158,306
01/23/2023,SEE,CA,AWP,WE,Towers with Radar,0,0,23,0,23,0,1,122,0,123,0,1,145,0,146,277,0,277,423
01/24/2023,SEE,CA,AWP,WE,Towers with Radar,0,0,29,4,33,0,0,135,0,135,0,0,164,4,168,255,0,255,423
01/25/2023,SEE,CA,AWP,WE,Towers with Radar,0,2,23,5,30,0,2,197,0,199,0,4,220,5,229,469,0,469,698
01/26/2023,SEE,CA,AWP,WE,Towers with Radar,0,0,9,3,12,0,0,40,0,40,0,0,49,3,52,95,0,95,147
01/27/2023,SEE,CA,AWP,WE,Towers with Radar,0,0,21,0,21,0,1,223,0,224,0,1,244,0,245,385,0,385,630
01/28/2023,SEE,CA,AWP,WE,Towers with Radar,0,1,22,0,23,0,0,161,0,161,0,1,183,0,184,192,0,192,376
01/29/2023,SEE,CA,AWP,WE,Towers with Radar,0,0,15,0,15,0,0,20,0,20,0,0,35,0,35,44,0,44,79
01/30/2023,SEE,CA,AWP,WE,Towers with Radar,0,0,8,0,8,0,0,17,0,17,0,0,25,0,25,30,0,30,55
01/31/2023,SEE,CA,AWP,WE,Towers with Radar,0,0,24,4,28,0,0,198,0,198,0,0,222,4,226,320,0,320,546
02/01/2023,SEE,CA,AWP,WE,Towers with Radar,0,1,24,6,31,0,0,205,0,205,0,1,229,6,236,358,0,358,594
02/02/2023,SEE,CA,AWP,WE,Towers with Radar,0,1,23,3,27,0,0,187,2,189,0,1,210,5,216,305,0,305,521
02/03/2023,SEE,CA,AWP,WE,Towers with Radar,0,0,19,0,19,0,0,195,1,196,0,0,214,1,215,528,0,528,743
02/04/2023,SEE,CA,AWP,WE,Towers with Radar,0,2,18,0,20,0,0,202,0,202,0,2,220,0,222,334,0,334,556
02/05/2023,SEE,CA,AWP,WE,Towers with Radar,0,0,14,0,14,0,3,55,1,59,0,3,69,1,73,148,0,148,221
02/06/2023,SEE,CA,AWP,WE,Towers with Radar,0,2,19,1,22,0,0,143,0,143,0,2,162,1,165,375,0,375,540
02/07/2023,SEE,CA,AWP,WE,Towers with Radar,0,0,28,3,31,0,0,141,0,141,0,0,169,3,172,165,0,165,337
02/08/2023,SEE,CA,AWP,WE,Towers with Radar,0,1,24,1,26,0,0,165,4,169,0,1,189,5,195,425,0,425,620
02/09/2023,SEE,CA,AWP,WE,Towers with Radar,0,0,22,3,25,0,0,156,0,156,0,0,178,3,181,187,0,187,368
02/10/2023,SEE,CA,AWP,WE,Towers with Radar,0,0,20,2,22,0,0,158,0,158,0,0,178,2,180,277,0,277,457
02/11/2023,SEE,CA,AWP,WE,Towers with Radar,0,0,19,1,20,0,0,90,0,90,0,0,109,1,110,306,0,306,416
02/12/2023,SEE,CA,AWP,WE,Towers with Radar,0,0,10,1,11,0,1,79,0,80,0,1,89,1,91,142,0,142,233
02/13/2023,SEE,CA,AWP,WE,Towers with Radar,0,0,10,1,11,0,0,82,0,82,0,0,92,1,93,329,0,329,422
02/14/2023,SEE,CA,AWP,WE,Towers with Radar,0,0,9,1,10,0,0,18,0,18,0,0,27,1,28,8,0,8,36
02/15/2023,SEE,CA,AWP,WE,Towers with Radar,0,0,24,3,27,0,3,195,2,200,0,3,219,5,227,406,0,406,633
02/16/2023,SEE,CA,AWP,WE,Towers with Radar,0,0,10,2,12,0,0,130,5,135,0,0,140,7,147,305,0,305,452
02/17/2023,SEE,CA,AWP,WE,Towers with Radar,0,2,36,0,38,0,0,178,0,178,0,2,214,0,216,462,0,462,678
02/18/2023,SEE,CA,AWP,WE,Towers with Radar,0,0,13,0,13,0,0,193,0,193,0,0,206,0,206,248,0,248,454
02/19/2023,SEE,CA,AWP,WE,Towers with Radar,0,0,16,0,16,0,0,147,0,147,0,0,163,0,163,264,0,264,427
02/20/2023,SEE,CA,AWP,WE,Towers with Radar,0,2,28,0,30,0,0,206,1,207,0,2,234,1,237,397,0,397,634
02/21/2023,SEE,CA,AWP,WE,Towers with Radar,0,0,14,1,15,0,0,87,1,88,0,0,101,2,103,219,0,219,322
02/22/2023,SEE,CA,AWP,WE,Towers with Radar,0,0,5,2,7,0,0,9,0,9,0,0,14,2,16,6,0,6,22
02/23/2023,SEE,CA,AWP,WE,Towers with Radar,0,0,15,2,17,0,0,7,0,7,0,0,22,2,24,18,0,18,42
02/24/2023,SEE,CA,AWP,WE,Towers with Radar,0,0,19,1,20,0,2,37,0,39,0,2,56,1,59,127,0,127,186
02/25/2023,SEE,CA,AWP,WE,Towers with Radar,0,0,3,0,3,0,1,7,0,8,0,1,10,0,11,14,0,14,25
02/26/2023,SEE,CA,AWP,WE,Towers with Radar,0,0,13,1,14,0,0,106,0,106,0,0,119,1,120,253,0,253,373
02/27/2023,SEE,CA,AWP,WE,Towers with Radar,0,0,20,3,23,0,0,95,0,95,0,0,115,3,118,532,0,532,650
02/28/2023,SEE,CA,AWP,WE,Towers with Radar,0,0,9,4,13,0,0,41,0,41,0,0,50,4,54,157,0,157,211
03/01/2023,SEE,CA,AWP,WE,Towers with Radar,0,0,5,1,6,0,0,8,0,8,0,0,13,1,14,0,0,0,14
03/02/2023,SEE,CA,AWP,WE,Towers with Radar,0,0,29,7,36,0,9,244,0,253,0,9,273,7,289,442,0,442,731
03/03/2023,SEE,CA,AWP,WE,Towers with Radar,0,1,21,0,22,0,0,238,1,239,0,1,259,1,261,438,0,438,699
03/04/2023,SEE,CA,AWP,WE,Towers with Radar,0,3,22,0,25,0,0,64,0,64,0,3,86,0,89,278,0,278,367
03/05/2023,SEE,CA,AWP,WE,Towers with Radar,0,1,13,1,15,0,0,84,0,84,0,1,97,1,99,175,0,175,274
03/06/2023,SEE,CA,AWP,WE,Towers with Radar,0,1,28,1,30,0,0,112,0,112,0,1,140,1,142,453,0,453,595
03/07/2023,SEE,CA,AWP,WE,Towers with Radar,0,4,27,3,34,0,2,172,2,176,0,6,199,5,210,353,0,353,563
03/08/2023,SEE,CA,AWP,WE,Towers with Radar,0,3,29,4,36,0,0,168,4,172,0,3,197,8,208,345,4,349,557
03/09/2023,SEE,CA,AWP,WE,Towers with Radar,0,5,19,1,25,0,2,214,0,216,0,7,233,1,241,425,0,425,666
03/10/2023,SEE,CA,AWP,WE,Towers with Radar,0,1,23,0,24,0,0,52,0,52,0,1,75,0,76,269,0,269,345
03/11/2023,SEE,CA,AWP,WE,Towers with Radar,0,0,7,1,8,0,0,1,0,1,0,0,8,1,9,0,0,0,9
03/12/2023,SEE,CA,AWP,WE,Towers with Radar,0,1,19,0,20,0,0,77,0,77,0,1,96,0,97,268,0,268,365
03/13/2023,SEE,CA,AWP,WE,Towers with Radar,0,5,15,0,20,0,0,40,0,40,0,5,55,0,60,13,0,13,73
03/14/2023,SEE,CA,AWP,WE,Towers with Radar,0,1,15,6,22,0,1,42,2,45,0,2,57,8,67,35,0,35,102
03/15/2023,SEE,CA,AWP,WE,Towers with Radar,0,1,3,0,4,0,0,0,0,0,0,1,3,0,4,0,0,0,4
03/16/2023,SEE,CA,AWP,WE,Towers with Radar,0,3,30,1,34,0,0,120,1,121,0,3,150,2,155,652,1,653,808
03/17/2023,SEE,CA,AWP,WE,Towers with Radar,0,1,26,2,29,0,0,269,0,269,0,1,295,2,298,435,0,435,733
03/18/2023,SEE,CA,AWP,WE,Towers with Radar,0,0,27,0,27,0,1,281,0,282,0,1,308,0,309,323,0,323,632
03/19/2023,SEE,CA,AWP,WE,Towers with Radar,0,1,22,1,24,0,0,88,0,88,0,1,110,1,112,247,0,247,359
03/20/2023,SEE,CA,AWP,WE,Towers with Radar,0,0,15,4,19,0,0,19,0,19,0,0,34,4,38,35,0,35,73
03/21/2023,SEE,CA,AWP,WE,Towers with Radar,0,0,3,3,6,0,0,6,0,6,0,0,9,3,12,47,0,47,59
03/22/2023,SEE,CA,AWP,WE,Towers with Radar,0,0,12,2,14,0,0,41,1,42,0,0,53,3,56,170,0,170,226
03/23/2023,SEE,CA,AWP,WE,Towers with Radar,0,2,10,0,12,0,0,46,0,46,0,2,56,0,58,157,0,157,215
03/24/2023,SEE,CA,AWP,WE,Towers with Radar,0,2,25,2,29,0,1,181,0,182,0,3,206,2,211,600,0,600,811
03/25/2023,SEE,CA,AWP,WE,Towers with Radar,0,0,20,0,20,0,0,160,0,160,0,0,180,0,180,273,0,273,453
03/26/2023,SEE,CA,AWP,WE,Towers with Radar,0,3,12,1,16,0,2,218,1,221,0,5,230,2,237,220,0,220,457
03/27/2023,SEE,CA,AWP,WE,Towers with Radar,0,0,22,1,23,0,0,194,0,194,0,0,216,1,217,383,0,383,600
03/28/2023,SEE,CA,AWP,WE,Towers with Radar,0,3,31,2,36,0,3,201,2,206,0,6,232,4,242,380,0,380,622
03/29/2023,SEE,CA,AWP,WE,Towers with Radar,0,0,51,2,53,0,0,16,0,16,0,0,67,2,69,110,0,110,179
03/30/2023,SEE,CA,AWP,WE,Towers with Radar,0,1,18,0,19,0,1,27,0,28,0,2,45,0,47,156,0,156,203
03/31/2023,SEE,CA,AWP,WE,Towers with Radar,0,2,17,1,20,0,3,228,0,231,0,5,245,1,251,497,0,497,748
04/01/2023,SEE,CA,AWP,WE,Towers with Radar,0,3,22,0,25,0,0,276,0,276,0,3,298,0,301,220,0,220,521
04/02/2023,SEE,CA,AWP,WE,Towers with Radar,0,4,23,2,29,0,2,209,0,211,0,6,232,2,240,283,0,283,523
04/03/2023,SEE,CA,AWP,WE,Towers with Radar,0,0,15,0,15,0,0,26,0,26,0,0,41,0,41,124,0,124,165
04/04/2023,SEE,CA,AWP,WE,Towers with Radar,0,1,16,2,19,0,0,222,0,222,0,1,238,2,241,327,0,327,568
04/05/2023,SEE,CA,AWP,WE,Towers with Radar,0,0,29,1,30,0,0,195,4,199,0,0,224,5,229,315,0,315,544
04/06/2023,SEE,CA,AWP,WE,Towers with Radar,0,0,25,0,25,0,0,216,0,216,0,0,241,0,241,373,0,373,614
04/07/2023,SEE,CA,AWP,WE,Towers with Radar,0,1,13,0,14,0,1,203,0,204,0,2,216,0,218,257,0,257,475
04/08/2023,SEE,CA,AWP,WE,Towers with Radar,0,0,27,2,29,0,1,210,0,211,0,1,237,2,240,272,0,272,512
04/09/2023,SEE,CA,AWP,WE,Towers with Radar,0,0,15,0,15,0,0,108,0,108,0,0,123,0,123,117,0,117,240
04/10/2023,SEE,CA,AWP,WE,Towers with Radar,0,0,18,0,18,0,0,143,1,144,0,0,161,1,162,268,0,268,430
04/11/2023,SEE,CA,AWP,WE,Towers with Radar,0,0,16,1,17,0,0,128,1,129,0,0,144,2,146,232,0,232,378
04/12/2023,SEE,CA,AWP,WE,Towers with Radar,0,0,26,6,32,0,1,27,1,29,0,1,53,7,61,18,0,18,79
04/13/2023,SEE,CA,AWP,WE,Towers with Radar,0,1,23,1,25,0,1,40,1,42,0,2,63,2,67,107,0,107,174
04/14/2023,SEE,CA,AWP,WE,Towers with Radar,0,1,33,4,38,0,1,101,1,103,0,2,134,5,141,604,0,604,745
04/15/2023,SEE,CA,AWP,WE,Towers with Radar,0,0,20,0,20,0,1,250,0,251,0,1,270,0,271,381,0,381,652
04/16/2023,SEE,CA,AWP,WE,Towers with Radar,0,0,21,1,22,0,0,19,0,19,0,0,40,1,41,17,0,17,58
04/17/2023,SEE,CA,AWP,WE,Towers with Radar,0,1,21,1,23,0,0,36,0,36,0,1,57,1,59,118,0,118,177
04/18/2023,SEE,CA,AWP,WE,Towers with Radar,0,0,34,4,38,0,0,101,1,102,0,0,135,5,140,508,0,508,648
04/19/2023,SEE,CA,AWP,WE,Towers with Radar,0,1,24,4,29,0,1,174,1,176,0,2,198,5,205,309,0,309,514
04/20/2023,SEE,CA,AWP,WE,Towers with Radar,0,0,27,3,30,0,0,212,2,214,0,0,239,5,244,376,0,376,620
04/21/2023,SEE,CA,AWP,WE,Towers with Radar,0,0,26,1,27,0,0,241,0,241,0,0,267,1,268,318,0,318,586
04/22/2023,SEE,CA,AWP,WE,Towers with Radar,0,0,23,0,23,0,1,181,0,182,0,1,204,0,205,203,0,203,408
04/23/2023,SEE,CA,AWP,WE,Towers with Radar,0,3,20,1,24,0,0,161,0,161,0,3,181,1,185,169,0,169,354
04/24/2023,SEE,CA,AWP,WE,Towers with Radar,0,0,25,2,27,0,0,106,1,107,0,0,131,3,134,257,0,257,391
04/25/2023,SEE,CA,AWP,WE,Towers with Radar,0,0,19,4,23,0,0,77,0,77,0,0,96,4,100,327,0,327,427
04/26/2023,SEE,CA,AWP,WE,Towers with Radar,0,7,34,2,43,0,0,154,0,154,0,7,188,2,197,231,0,231,428
04/27/2023,SEE,CA,AWP,WE,Towers with Radar,0,1,12,0,13,0,0,176,3,179,0,1,188,3,192,263,0,263,455
04/28/2023,SEE,CA,AWP,WE,Towers with Radar,0,0,22,1,23,0,0,48,0,48,0,0,70,1,71,69,0,69,140
04/29/2023,SEE,CA,AWP,WE,Towers with Radar,0,0,13,0,13,0,0,159,0,159,0,0,172,0,172,265,0,265,437
04/30/2023,SEE,CA,AWP,WE,Towers with Radar,0,1,18,1,20,0,0,115,1,116,0,1,133,2,136,122,0,122,258
05/01/2023,SEE,CA,AWP,WE,Towers with Radar,0,2,7,5,14,0,0,54,1,55,0,2,61,6,69,461,0,461,530
05/02/2023,SEE,CA,AWP,WE,Towers with Radar,0,2,24,9,35,0,0,105,0,105,0,2,129,9,140,343,0,343,483
05/03/2023,SEE,CA,AWP,WE,Towers with Radar,0,0,16,4,20,0,2,144,0,146,0,2,160,4,166,435,0,435,601
05/04/2023,SEE,CA,AWP,WE,Towers with Radar,0,0,29,1,30,0,0,32,0,32,0,0,61,1,62,53,0,53,115
05/05/2023,SEE,CA,AWP,WE,Towers with Radar,0,2,18,3,23,0,0,97,0,97,0,2,115,3,120,550,0,550,670
05/06/2023,SEE,CA,AWP,WE,Towers with Radar,0,2,13,1,16,0,0,171,1,172,0,2,184,2,188,364,0,364,552
05/07/2023,SEE,CA,AWP,WE,Towers with Radar,0,0,22,2,24,0,0,162,0,162,0,0,184,2,186,167,0,167,353
05/08/2023,SEE,CA,AWP,WE,Towers with Radar,0,0,29,3,32,0,0,146,1,147,0,0,175,4,179,161,0,161,340
05/09/2023,SEE,CA,AWP,WE,Towers with Radar,0,0,36,5,41,0,0,170,0,170,0,0,206,5,211,303,0,303,514
05/10/2023,SEE,CA,AWP,WE,Towers with Radar,0,0,23,7,30,0,2,78,2,82,0,2,101,9,112,522,0,522,634
05/11/2023,SEE,CA,AWP,WE,Towers with Radar,0,1,24,5,30,0,0,165,2,167,0,1,189,7,197,506,0,506,703
05/12/2023,SEE,CA,AWP,WE,Towers with Radar,0,1,39,3,43,0,0,157,2,159,0,1,196,5,202,426,1,427,629
05/13/2023,SEE,CA,AWP,WE,Towers with Radar,0,1,22,1,24,0,0,135,0,135,0,1,157,1,159,287,0,287,446
05/14/2023,SEE,CA,AWP,WE,Towers with Radar,0,0,10,1,11,0,0,91,0,91,0,0,101,1,102,185,0,185,287
05/15/2023,SEE,CA,AWP,WE,Towers with Radar,0,0,31,5,36,0,0,137,0,137,0,0,168,5,173,294,0,294,467
05/16/2023,SEE,CA,AWP,WE,Towers with Radar,0,2,23,4,29,0,0,123,0,123,0,2,146,4,152,183,0,183,335
05/17/2023,SEE,CA,AWP,WE,Towers with Radar,0,2,28,4,34,0,0,97,2,99,0,2,125,6,133,333,0,333,466
05/18/2023,SEE,CA,AWP,WE,Towers with Radar,0,0,18,4,22,0,0,88,3,91,0,0,106,7,113,306,1,307,420
05/19/2023,SEE,CA,AWP,WE,Towers with Radar,0,0,25,2,27,0,0,109,1,110,0,0,134,3,137,381,0,381,518
05/20/2023,SEE,CA,AWP,WE,Towers with Radar,0,5,26,0,31,0,1,136,0,137,0,6,162,0,168,213,0,213,381
05/21/2023,SEE,CA,AWP,WE,Towers with Radar,0,2,21,1,24,0,1,139,0,140,0,3,160,1,164,256,0,256,420
05/22/2023,SEE,CA,AWP,WE,Towers with Radar,0,4,29,3,36,0,1,18,0,19,0,5,47,3,55,243,0,243,298
05/23/2023,SEE,CA,AWP,WE,Towers with Radar,0,0,27,4,31,0,0,20,0,20,0,0,47,4,51,179,0,179,230
05/24/2023,SEE,CA,AWP,WE,Towers with Radar,0,0,25,3,28,0,2,24,1,27,0,2,49,4,55,166,0,166,221
05/25/2023,SEE,CA,AWP,WE,Towers with Radar,0,0,22,7,29,0,2,193,0,195,0,2,215,7,224,562,0,562,786
05/26/2023,SEE,CA,AWP,WE,Towers with Radar,0,0,31,2,33,0,0,181,0,181,0,0,212,2,214,433,0,433,647
05/27/2023,SEE,CA,AWP,WE,Towers with Radar,0,0,30,0,30,0,0,144,0,144,0,0,174,0,174,301,0,301,475
05/28/2023,SEE,CA,AWP,WE,Towers with Radar,0,1,18,1,20,0,0,71,0,71,0,1,89,1,91,267,0,267,358
05/29/2023,SEE,CA,AWP,WE,Towers with Radar,0,1,18,0,19,0,1,34,0,35,0,2,52,0,54,192,0,192,246
05/30/2023,SEE,CA,AWP,WE,Towers with Radar,0,0,45,5,50,0,0,57,0,57,0,0,102,5,107,595,0,595,702
05/31/2023,SEE,CA,AWP,WE,Towers with Radar,0,0,28,5,33,0,0,80,1,81,0,0,108,6,114,686,0,686,800
06/01/2023,SEE,CA,AWP,WE,Towers with Radar,0,0,43,4,47,0,0,44,0,44,0,0,87,4,91,630,0,630,721
06/02/2023,SEE,CA,AWP,WE,Towers with Radar,0,0,36,3,39,0,0,166,0,166,0,0,202,3,205,405,0,405,610
06/03/2023,SEE,CA,AWP,WE,Towers with Radar,0,0,29,0,29,0,0,131,0,131,0,0,160,0,160,277,0,277,437
06/04/2023,SEE,CA,AWP,WE,Towers with Radar,0,0,26,1,27,0,1,143,0,144,0,1,169,1,171,254,0,254,425
06/05/2023,SEE,CA,AWP,WE,Towers with Radar,0,0,36,4,40,0,0,75,0,75,0,0,111,4,115,580,0,580,695
06/06/2023,SEE,CA,AWP,WE,Towers with Radar,0,4,25,4,33,0,0,156,0,156,0,4,181,4,189,449,0,449,638
06/07/2023,SEE,CA,AWP,WE,Towers with Radar,0,0,28,5,33,0,0,106,3,109,0,0,134,8,142,607,5,612,754
06/08/2023,SEE,CA,AWP,WE,Towers with Radar,0,3,25,4,32,0,3,194,1,198,0,6,219,5,230,445,0,445,675
06/09/2023,SEE,CA,AWP,WE,Towers with Radar,0,4,45,1,50,0,0,133,0,133,0,4,178,1,183,414,0,414,597
06/10/2023,SEE,CA,AWP,WE,Towers with Radar,0,2,33,10,45,0,0,37,1,38,0,2,70,11,83,205,0,205,288
06/11/2023,SEE,CA,AWP,WE,Towers with Radar,0,2,28,2,32,0,0,11,0,11,0,2,39,2,43,39,0,39,82
06/12/2023,SEE,CA,AWP,WE,Towers with Radar,0,0,25,5,30,0,0,37,0,37,0,0,62,5,67,352,0,352,419
06/13/2023,SEE,CA,AWP,WE,Towers with Radar,0,0,28,7,35,0,2,74,1,77,0,2,102,8,112,421,0,421,533
06/14/2023,SEE,CA,AWP,WE,Towers with Radar,0,0,27,6,33,0,2,106,0,108,0,2,133,6,141,368,0,368,509
06/15/2023,SEE,CA,AWP,WE,Towers with Radar,0,0,30,4,34,0,0,150,0,150,0,0,180,4,184,418,0,418,602
06/16/2023,SEE,CA,AWP,WE,Towers with Radar,0,1,25,4,30,0,0,221,1,222,0,1,246,5,252,459,0,459,711
06/17/2023,SEE,CA,AWP,WE,Towers with Radar,0,0,21,0,21,0,0,269,0,269,0,0,290,0,290,293,0,293,583
06/18/2023,SEE,CA,AWP,WE,Towers with Radar,0,0,14,0,14,0,0,158,0,158,0,0,172,0,172,175,0,175,347
06/19/2023,SEE,CA,AWP,WE,Towers with Radar,0,2,23,1,26,0,0,144,2,146,0,2,167,3,172,280,0,280,452
06/20/2023,SEE,CA,AWP,WE,Towers with Radar,0,0,33,9,42,0,0,178,0,178,0,0,211,9,220,265,0,265,485
06/21/2023,SEE,CA,AWP,WE,Towers with Radar,0,4,30,4,38,0,0,209,0,209,0,4,239,4,247,369,0,369,616
06/22/2023,SEE,CA,AWP,WE,Towers with Radar,0,0,32,1,33,0,0,177,3,180,0,0,209,4,213,427,0,427,640
06/23/2023,SEE,CA,AWP,WE,Towers with Radar,0,0,23,1,24,0,0,204,0,204,0,0,227,1,228,428,0,428,656
06/24/2023,SEE,CA,AWP,WE,Towers with Radar,0,0,20,0,20,0,0,204,0,204,0,0,224,0,224,253,0,253,477
06/25/2023,SEE,CA,AWP,WE,Towers with Radar,0,2,19,0,21,0,0,151,0,151,0,2,170,0,172,237,0,237,409
06/26/2023,SEE,CA,AWP,WE,Towers with Radar,0,2,22,0,24,0,0,164,0,164,0,2,186,0,188,375,0,375,563
06/27/2023,SEE,CA,AWP,WE,Towers with Radar,0,4,24,7,35,0,0,175,2,177,0,4,199,9,212,319,0,319,531
06/28/2023,SEE,CA,AWP,WE,Towers with Radar,0,2,23,3,28,0,0,171,0,171,0,2,194,3,199,313,0,313,512
06/29/2023,SEE,CA,AWP,WE,Towers with Radar,0,2,25,3,30,0,0,163,0,163,0,2,188,3,193,452,0,452,645
06/30/2023,SEE,CA,AWP,WE,Towers with Radar,0,0,38,2,40,0,0,182,2,184,0,0,220,4,224,420,0,420,644
07/01/2023,SEE,CA,AWP,WE,Towers with Radar,0,3,17,1,21,0,1,174,3,178,0,4,191,4,199,327,0,327,526
07/02/2023,SEE,CA,AWP,WE,Towers with Radar,0,4,15,0,19,0,0,150,0,150,0,4,165,0,169,201,0,201,370
07/03/2023,SEE,CA,AWP,WE,Towers with Radar,0,2,18,0,20,0,0,128,1,129,0,2,146,1,149,355,0,355,504
07/04/2023,SEE,CA,AWP,WE,Towers with Radar,0,0,1,1,2,0,2,136,0,138,0,2,137,1,140,151,0,151,291
07/05/2023,SEE,CA,AWP,WE,Towers with Radar,0,0,18,2,20,0,1,189,1,191,0,1,207,3,211,258,0,258,469
07/06/2023,SEE,CA,AWP,WE,Towers with Radar,0,2,29,2,33,0,0,176,0,176,0,2,205,2,209,471,0,471,680
07/07/2023,SEE,CA,AWP,WE,Towers with Radar,0,0,31,1,32,0,1,196,0,197,0,1,227,1,229,572,0,572,801
07/08/2023,SEE,CA,AWP,WE,Towers with Radar,0,0,18,0,18,0,1,190,0,191,0,1,208,0,209,397,0,397,606
07/09/2023,SEE,CA,AWP,WE,Towers with Radar,0,2,13,1,16,0,0,145,0,145,0,2,158,1,161,276,0,276,437
07/10/2023,SEE,CA,AWP,WE,Towers with Radar,0,0,24,3,27,0,0,174,2,176,0,0,198,5,203,318,0,318,521
07/11/2023,SEE,CA,AWP,WE,Towers with Radar,0,0,35,3,38,0,1,154,3,158,0,1,189,6,196,404,0,404,600
07/12/2023,SEE,CA,AWP,WE,Towers with Radar,0,0,23,2,25,0,0,187,4,191,0,0,210,6,216,235,0,235,451
07/13/2023,SEE,CA,AWP,WE,Towers with Radar,0,0,24,5,29,0,4,214,0,218,0,4,238,5,247,302,0,302,549
07/14/2023,SEE,CA,AWP,WE,Towers with Radar,0,2,32,1,35,0,2,198,0,200,0,4,230,1,235,454,0,454,689
07/15/2023,SEE,CA,AWP,WE,Towers with Radar,0,4,16,0,20,0,1,180,0,181,0,5,196,0,201,214,0,214,415
07/16/2023,SEE,CA,AWP,WE,Towers with Radar,0,1,18,0,19,0,0,132,0,132,0,1,150,0,151,229,0,229,380
07/17/2023,SEE,CA,AWP,WE,Towers with Radar,0,0,24,1,25,0,3,170,0,173,0,3,194,1,198,268,0,268,466
07/18/2023,SEE,CA,AWP,WE,Towers with Radar,0,1,19,1,21,0,1,169,0,170,0,2,188,1,191,308,0,308,499
07/19/2023,SEE,CA,AWP,WE,Towers with Radar,0,1,23,2,26,0,0,181,0,181,0,1,204,2,207,403,0,403,610
07/20/2023,SEE,CA,AWP,WE,Towers with Radar,0,3,25,2,30,0,1,167,2,170,0,4,192,4,200,485,0,485,685
07/21/2023,SEE,CA,AWP,WE,Towers with Radar,0,2,28,4,34,0,0,153,0,153,0,2,181,4,187,292,0,292,479
07/22/2023,SEE,CA,AWP,WE,Towers with Radar,0,3,23,0,26,0,1,169,0,170,0,4,192,0,196,302,0,302,498
07/23/2023,SEE,CA,AWP,WE,Towers with Radar,0,0,13,0,13,0,0,74,0,74,0,0,87,0,87,158,0,158,245
07/24/2023,SEE,CA,AWP,WE,Towers with Radar,0,1,30,2,33,0,1,159,0,160,0,2,189,2,193,374,0,374,567
07/25/2023,SEE,CA,AWP,WE,Towers with Radar,0,0,26,2,28,0,1,151,2,154,0,1,177,4,182,335,16,351,533
07/26/2023,SEE,CA,AWP,WE,Towers with Radar,0,2,17,2,21,0,0,158,0,158,0,2,175,2,179,315,0,315,494
07/27/2023,SEE,CA,AWP,WE,Towers with Radar,0,2,18,3,23,0,1,157,3,161,0,3,175,6,184,311,0,311,495
07/28/2023,SEE,CA,AWP,WE,Towers with Radar,0,0,24,0,24,0,2,185,0,187,0,2,209,0,211,448,0,448,659
07/29/2023,SEE,CA,AWP,WE,Towers with Radar,0,0,12,0,12,0,1,172,2,175,0,1,184,2,187,372,0,372,559
07/30/2023,SEE,CA,AWP,WE,Towers with Radar,0,1,21,1,23,0,1,91,0,92,0,2,112,1,115,161,0,161,276
07/31/2023,SEE,CA,AWP,WE,Towers with Radar,0,0,18,1,19,0,0,70,0,70,0,0,88,1,89,423,0,423,512
08/01/2023,SEE,CA,AWP,WE,Towers with Radar,0,0,25,7,32,0,0,159,1,160,0,0,184,8,192,381,0,381,573
08/02/2023,SEE,CA,AWP,WE,Towers with Radar,0,4,24,2,30,0,1,194,0,195,0,5,218,2,225,459,0,459,684
08/03/2023,SEE,CA,AWP,WE,Towers with Radar,0,0,24,0,24,0,0,222,2,224,0,0,246,2,248,448,0,448,696
08/04/2023,SEE,CA,AWP,WE,Towers with Radar,0,1,17,0,18,0,1,211,0,212,0,2,228,0,230,479,0,479,709
08/05/2023,SEE,CA,AWP,WE,Towers with Radar,0,2,20,0,22,0,1,202,0,203,0,3,222,0,225,294,0,294,519
08/06/2023,SEE,CA,AWP,WE,Towers with Radar,0,1,14,0,15,0,0,169,0,169,0,1,183,0,184,381,0,381,565
08/07/2023,SEE,CA,AWP,WE,Towers with Radar,0,1,21,3,25,0,1,195,3,199,0,2,216,6,224,326,0,326,550
08/08/2023,SEE,CA,AWP,WE,Towers with Radar,0,0,24,6,30,0,0,168,0,168,0,0,192,6,198,460,0,460,658
08/09/2023,SEE,CA,AWP,WE,Towers with Radar,0,0,20,6,26,0,1,148,0,149,0,1,168,6,175,469,0,469,644
08/10/2023,SEE,CA,AWP,WE,Towers with Radar,0,2,16,3,21,0,0,124,0,124,0,2,140,3,145,452,0,452,597
08/11/2023,SEE,CA,AWP,WE,Towers with Radar,0,0,18,0,18,0,0,139,2,141,0,0,157,2,159,464,0,464,623
08/12/2023,SEE,CA,AWP,WE,Towers with Radar,0,0,28,0,28,0,4,120,0,124,0,4,148,0,152,350,0,350,502
08/13/2023,SEE,CA,AWP,WE,Towers with Radar,0,0,24,0,24,0,0,130,1,131,0,0,154,1,155,192,0,192,347
08/14/2023,SEE,CA,AWP,WE,Towers with Radar,0,4,23,0,27,0,0,159,1,160,0,4,182,1,187,312,0,312,499
08/15/2023,SEE,CA,AWP,WE,Towers with Radar,0,0,22,3,25,0,0,150,0,150,0,0,172,3,175,363,0,363,538
08/16/2023,SEE,CA,AWP,WE,Towers with Radar,0,0,17,4,21,0,0,177,0,177,0,0,194,4,198,294,0,294,492
08/17/2023,SEE,CA,AWP,WE,Towers with Radar,0,0,27,3,30,0,0,200,0,200,0,0,227,3,230,264,0,264,494
08/18/2023,SEE,CA,AWP,WE,Towers with Radar,0,0,28,0,28,0,1,210,0,211,0,1,238,0,239,390,0,390,629
08/19/2023,SEE,CA,AWP,WE,Towers with Radar,0,1,14,2,17,0,0,106,0,106,0,1,120,2,123,124,0,124,247
08/20/2023,SEE,CA,AWP,WE,Towers with Radar,0,0,3,0,3,0,0,0,0,0,0,0,3,0,3,16,0,16,19
08/21/2023,SEE,CA,AWP,WE,Towers with Radar,0,1,12,4,17,0,2,49,0,51,0,3,61,4,68,159,0,159,227
08/22/2023,SEE,CA,AWP,WE,Towers with Radar,0,0,23,3,26,0,0,184,1,185,0,0,207,4,211,311,0,311,522
08/23/2023,SEE,CA,AWP,WE,Towers with Radar,0,0,22,3,25,0,0,221,0,221,0,0,243,3,246,437,0,437,683
08/24/2023,SEE,CA,AWP,WE,Towers with Radar,0,1,28,2,31,0,0,180,2,182,0,1,208,4,213,336,0,336,549
08/25/2023,SEE,CA,AWP,WE,Towers with Radar,0,1,21,1,23,0,0,195,0,195,0,1,216,1,218,384,0,384,602
08/26/2023,SEE,CA,AWP,WE,Towers with Radar,0,0,21,0,21,0,0,195,0,195,0,0,216,0,216,219,0,219,435
08/27/2023,SEE,CA,AWP,WE,Towers with Radar,0,0,20,0,20,0,2,178,0,180,0,2,198,0,200,233,0,233,433
08/28/2023,SEE,CA,AWP,WE,Towers with Radar,0,0,20,3,23,0,0,166,2,168,0,0,186,5,191,261,0,261,452
08/29/2023,SEE,CA,AWP,WE,Towers with Radar,0,0,18,5,23,0,1,168,0,169,0,1,186,5,192,371,0,371,563
08/30/2023,SEE,CA,AWP,WE,Towers with Radar,0,0,22,2,24,0,1,178,1,180,0,1,200,3,204,357,0,357,561
08/31/2023,SEE,CA,AWP,WE,Towers with Radar,0,0,26,7,33,0,2,144,2,148,0,2,170,9,181,373,0,373,554
01/01/2020,SEE,CA,AWP,WE,Towers with Radar,0,2,16,0,18,0,1,142,1,144,0,3,158,1,162,120,0,120,282
01/02/2020,SEE,CA,AWP,WE,Towers with Radar,0,0,34,1,35,0,2,240,0,242,0,2,274,1,277,288,0,288,565
01/03/2020,SEE,CA,AWP,WE,Towers with Radar,0,4,38,0,42,0,1,269,0,270,0,5,307,0,312,322,0,322,634
01/04/2020,SEE,CA,AWP,WE,Towers with Radar,0,1,31,0,32,0,0,251,0,251,0,1,282,0,283,351,0,351,634
01/05/2020,SEE,CA,AWP,WE,Towers with Radar,0,0,43,0,43,0,1,236,0,237,0,1,279,0,280,288,0,288,568
01/06/2020,SEE,CA,AWP,WE,Towers with Radar,0,0,29,0,29,0,0,187,0,187,0,0,216,0,216,345,0,345,561
01/07/2020,SEE,CA,AWP,WE,Towers with Radar,0,1,46,2,49,0,1,275,0,276,0,2,321,2,325,188,0,188,513
01/08/2020,SEE,CA,AWP,WE,Towers with Radar,0,0,36,1,37,0,0,215,0,215,0,0,251,1,252,273,0,273,525
01/09/2020,SEE,CA,AWP,WE,Towers with Radar,0,2,27,0,29,0,0,72,0,72,0,2,99,0,101,267,0,267,368
01/10/2020,SEE,CA,AWP,WE,Towers with Radar,0,0,30,1,31,0,0,305,0,305,0,0,335,1,336,333,0,333,669
01/11/2020,SEE,CA,AWP,WE,Towers with Radar,0,6,32,1,39,0,0,267,1,268,0,6,299,2,307,317,0,317,624
01/12/2020,SEE,CA,AWP,WE,Towers with Radar,0,1,42,1,44,0,0,239,0,239,0,1,281,1,283,306,0,306,589
01/13/2020,SEE,CA,AWP,WE,Towers with Radar,0,0,45,0,45,0,2,264,0,266,0,2,309,0,311,118,0,118,429
01/14/2020,SEE,CA,AWP,WE,Towers with Radar,0,2,42,3,47,0,0,246,0,246,0,2,288,3,293,129,0,129,422
01/15/2020,SEE,CA,AWP,WE,Towers with Radar,0,8,35,5,48,0,0,330,0,330,0,8,365,5,378,119,0,119,497
01/16/2020,SEE,CA,AWP,WE,Towers with Radar,0,1,32,2,35,0,0,101,1,102,0,1,133,3,137,151,0,151,288
01/17/2020,SEE,CA,AWP,WE,Towers with Radar,0,0,25,2,27,0,0,99,0,99,0,0,124,2,126,88,0,88,214
01/18/2020,SEE,CA,AWP,WE,Towers with Radar,0,1,15,0,16,0,1,310,0,311,0,2,325,0,327,88,0,88,415
01/19/2020,SEE,CA,AWP,WE,Towers with Radar,0,0,22,0,22,0,0,278,0,278,0,0,300,0,300,49,0,49,349
01/20/2020,SEE,CA,AWP,WE,Towers with Radar,0,2,42,3,47,0,0,226,1,227,0,2,268,4,274,96,0,96,370
01/21/2020,SEE,CA,AWP,WE,Towers with Radar,0,1,64,6,71,0,1,46,0,47,0,2,110,6,118,155,0,155,273
01/22/2020,SEE,CA,AWP,WE,Towers with Radar,0,1,53,4,58,0,0,274,1,275,0,1,327,5,333,111,0,111,444
01/23/2020,SEE,CA,AWP,WE,Towers with Radar,0,4,28,6,38,0,0,333,0,333,0,4,361,6,371,110,0,110,481
01/24/2020,SEE,CA,AWP,WE,Towers with Radar,0,0,41,4,45,0,0,288,0,288,0,0,329,4,333,106,0,106,439
01/25/2020,SEE,CA,AWP,WE,Towers with Radar,0,7,37,0,44,0,0,260,1,261,0,7,297,1,305,56,0,56,361
01/26/2020,SEE,CA,AWP,WE,Towers with Radar,0,1,17,1,19,0,1,94,0,95,0,2,111,1,114,113,0,113,227
01/27/2020,SEE,CA,AWP,WE,Towers with Radar,0,2,42,1,45,0,1,273,0,274,0,3,315,1,319,117,0,117,436
01/28/2020,SEE,CA,AWP,WE,Towers with Radar,0,0,36,3,39,0,0,284,0,284,0,0,320,3,323,106,0,106,429
01/29/2020,SEE,CA,AWP,WE,Towers with Radar,0,2,29,7,38,0,1,192,1,194,0,3,221,8,232,123,1,124,356
01/30/2020,SEE,CA,AWP,WE,Towers with Radar,0,3,43,6,52,0,0,259,1,260,0,3,302,7,312,128,0,128,440
01/31/2020,SEE,CA,AWP,WE,Towers with Radar,0,2,38,5,45,0,0,248,1,249,0,2,286,6,294,139,0,139,433
02/01/2020,SEE,CA,AWP,WE,Towers with Radar,0,4,39,1,44,0,2,317,1,320,0,6,356,2,364,386,0,386,750
02/02/2020,SEE,CA,AWP,WE,Towers with Radar,0,2,31,0,33,0,0,225,0,225,0,2,256,0,258,328,0,328,586
02/03/2020,SEE,CA,AWP,WE,Towers with Radar,0,1,39,3,43,0,1,200,0,201,0,2,239,3,244,411,0,411,655
02/04/2020,SEE,CA,AWP,WE,Towers with Radar,0,0,23,6,29,0,0,156,0,156,0,0,179,6,185,278,0,278,463
02/05/2020,SEE,CA,AWP,WE,Towers with Radar,0,3,29,2,34,0,3,261,0,264,0,6,290,2,298,400,0,400,698
02/06/2020,SEE,CA,AWP,WE,Towers with Radar,0,0,47,1,48,0,3,302,0,305,0,3,349,1,353,303,0,303,656
02/07/2020,SEE,CA,AWP,WE,Towers with Radar,0,2,37,1,40,0,2,309,0,311,0,4,346,1,351,399,0,399,750
02/08/2020,SEE,CA,AWP,WE,Towers with Radar,0,0,44,0,44,0,2,312,0,314,0,2,356,0,358,459,0,459,817
02/09/2020,SEE,CA,AWP,WE,Towers with Radar,0,1,27,0,28,0,0,9,0,9,0,1,36,0,37,122,0,122,159
02/10/2020,SEE,CA,AWP,WE,Towers with Radar,0,0,30,3,33,0,1,48,0,49,0,1,78,3,82,340,0,340,422
02/11/2020,SEE,CA,AWP,WE,Towers with Radar,0,1,30,2,33,0,4,173,0,177,0,5,203,2,210,420,0,420,630
02/12/2020,SEE,CA,AWP,WE,Towers with Radar,0,1,44,3,48,0,1,316,0,317,0,2,360,3,365,651,0,651,1016
02/13/2020,SEE,CA,AWP,WE,Towers with Radar,0,2,48,2,52,0,1,308,2,311,0,3,356,4,363,426,0,426,789
02/14/2020,SEE,CA,AWP,WE,Towers with Radar,0,2,39,1,42,0,2,327,0,329,0,4,366,1,371,492,0,492,863
02/15/2020,SEE,CA,AWP,WE,Towers with Radar,0,4,25,0,29,0,3,334,0,337,0,7,359,0,366,442,0,442,808
02/16/2020,SEE,CA,AWP,WE,Towers with Radar,0,4,27,0,31,0,2,254,0,256,0,6,281,0,287,358,0,358,645
02/17/2020,SEE,CA,AWP,WE,Towers with Radar,0,8,37,2,47,0,3,276,0,279,0,11,313,2,326,436,0,436,762
02/18/2020,SEE,CA,AWP,WE,Towers with Radar,0,1,41,6,48,0,2,231,0,233,0,3,272,6,281,490,0,490,771
02/19/2020,SEE,CA,AWP,WE,Towers with Radar,0,4,50,4,58,0,0,219,1,220,0,4,269,5,278,496,0,496,774
02/20/2020,SEE,CA,AWP,WE,Towers with Radar,0,0,47,4,51,0,1,281,2,284,0,1,328,6,335,544,1,545,880
02/21/2020,SEE,CA,AWP,WE,Towers with Radar,0,2,48,0,50,0,2,265,0,267,0,4,313,0,317,432,0,432,749
02/22/2020,SEE,CA,AWP,WE,Towers with Radar,0,0,17,2,19,0,0,30,0,30,0,0,47,2,49,255,0,255,304
02/23/2020,SEE,CA,AWP,WE,Towers with Radar,0,0,36,0,36,0,0,174,0,174,0,0,210,0,210,545,0,545,755
02/24/2020,SEE,CA,AWP,WE,Towers with Radar,0,0,36,1,37,0,0,255,0,255,0,0,291,1,292,538,0,538,830
02/25/2020,SEE,CA,AWP,WE,Towers with Radar,0,2,23,4,29,0,3,198,1,202,0,5,221,5,231,339,0,339,570
02/26/2020,SEE,CA,AWP,WE,Towers with Radar,0,0,18,7,25,0,1,161,0,162,0,1,179,7,187,462,0,462,649
02/27/2020,SEE,CA,AWP,WE,Towers with Radar,0,0,42,5,47,0,1,290,0,291,0,1,332,5,338,620,0,620,958
02/28/2020,SEE,CA,AWP,WE,Towers with Radar,0,0,43,2,45,0,2,312,0,314,0,2,355,2,359,387,0,387,746
02/29/2020,SEE,CA,AWP,WE,Towers with Radar,0,0,33,0,33,0,2,398,0,400,0,2,431,0,433,588,0,588,1021
03/01/2020,SEE,CA,AWP,WE,Towers with Radar,0,3,17,0,20,0,1,80,1,82,0,4,97,1,102,482,0,482,584
03/02/2020,SEE,CA,AWP,WE,Towers with Radar,0,0,18,5,23,0,0,115,0,115,0,0,133,5,138,786,0,786,924
03/03/2020,SEE,CA,AWP,WE,Towers with Radar,0,2,37,4,43,0,5,316,0,321,0,7,353,4,364,703,0,703,1067
03/04/2020,SEE,CA,AWP,WE,Towers with Radar,0,1,45,4,50,0,1,373,1,375,0,2,418,5,425,499,0,499,924
03/05/2020,SEE,CA,AWP,WE,Towers with Radar,0,3,34,2,39,0,2,282,0,284,0,5,316,2,323,566,0,566,889
03/06/2020,SEE,CA,AWP,WE,Towers with Radar,0,1,29,0,30,0,2,231,0,233,0,3,260,0,263,393,0,393,656
03/07/2020,SEE,CA,AWP,WE,Towers with Radar,0,0,51,2,53,0,3,137,0,140,0,3,188,2,193,948,0,948,1141
03/08/2020,SEE,CA,AWP,WE,Towers with Radar,0,3,47,2,52,0,1,141,0,142,0,4,188,2,194,492,0,492,686
03/09/2020,SEE,CA,AWP,WE,Towers with Radar,0,7,31,3,41,0,2,280,0,282,0,9,311,3,323,577,0,577,900
03/10/2020,SEE,CA,AWP,WE,Towers with Radar,0,0,26,4,30,0,0,3,0,3,0,0,29,4,33,211,0,211,244
03/11/2020,SEE,CA,AWP,WE,Towers with Radar,0,4,36,7,47,0,0,90,0,90,0,4,126,7,137,550,0,550,687
03/12/2020,SEE,CA,AWP,WE,Towers with Radar,0,0,7,0,7,0,0,4,0,4,0,0,11,0,11,32,0,32,43
03/13/2020,SEE,CA,AWP,WE,Towers with Radar,0,2,14,2,18,0,0,15,0,15,0,2,29,2,33,42,0,42,75
03/14/2020,SEE,CA,AWP,WE,Towers with Radar,0,5,52,0,57,0,1,40,0,41,0,6,92,0,98,494,0,494,592
03/15/2020,SEE,CA,AWP,WE,Towers with Radar,0,0,46,0,46,0,0,105,0,105,0,0,151,0,151,741,0,741,892
03/16/2020,SEE,CA,AWP,WE,Towers with Radar,0,0,38,2,40,0,2,133,0,135,0,2,171,2,175,354,0,354,529
03/17/2020,SEE,CA,AWP,WE,Towers with Radar,0,1,16,0,17,0,1,139,0,140,0,2,155,0,157,657,0,657,814
03/18/2020,SEE,CA,AWP,WE,Towers with Radar,0,1,6,4,11,0,0,16,0,16,0,1,22,4,27,20,0,20,47
03/19/2020,SEE,CA,AWP,WE,Towers with Radar,0,3,22,0,25,0,0,35,0,35,0,3,57,0,60,102,0,102,162
03/20/2020,SEE,CA,AWP,WE,Towers with Radar,0,0,11,0,11,0,0,50,0,50,0,0,61,0,61,119,0,119,180
03/21/2020,SEE,CA,AWP,WE,Towers with Radar,0,2,6,0,8,0,0,124,0,124,0,2,130,0,132,166,0,166,298
03/22/2020,SEE,CA,AWP,WE,Towers with Radar,0,0,9,0,9,0,2,111,4,117,0,2,120,4,126,116,96,212,338
03/23/2020,SEE,CA,AWP,WE,Towers with Radar,0,0,1,0,1,0,1,58,0,59,0,1,59,0,60,23,0,23,83
03/24/2020,SEE,CA,AWP,WE,Towers with Radar,0,3,6,2,11,0,1,73,0,74,0,4,79,2,85,112,0,112,197
03/25/2020,SEE,CA,AWP,WE,Towers with Radar,0,0,8,0,8,0,0,58,0,58,0,0,66,0,66,42,0,42,108
03/26/2020,SEE,CA,AWP,WE,Towers with Radar,0,1,8,2,11,0,2,45,0,47,0,3,53,2,58,63,0,63,121
03/27/2020,SEE,CA,AWP,WE,Towers with Radar,0,2,11,0,13,0,1,119,0,120,0,3,130,0,133,193,0,193,326
03/28/2020,SEE,CA,AWP,WE,Towers with Radar,0,1,7,0,8,0,1,145,0,146,0,2,152,0,154,145,0,145,299
03/29/2020,SEE,CA,AWP,WE,Towers with Radar,0,3,5,0,8,0,3,76,0,79,0,6,81,0,87,35,0,35,122
03/30/2020,SEE,CA,AWP,WE,Towers with Radar,0,1,9,2,12,0,1,100,4,105,0,2,109,6,117,57,0,57,174
03/31/2020,SEE,CA,AWP,WE,Towers with Radar,0,2,8,0,10,0,0,129,0,129,0,2,137,0,139,208,0,208,347
04/01/2020,SEE,CA,AWP,WE,Towers with Radar,0,0,15,0,15,0,0,111,0,111,0,0,126,0,126,250,0,250,376
04/02/2020,SEE,CA,AWP,WE,Towers with Radar,0,1,10,1,12,0,0,66,0,66,0,1,76,1,78,214,0,214,292
04/03/2020,SEE,CA,AWP,WE,Towers with Radar,0,0,15,2,17,0,0,146,0,146,0,0,161,2,163,210,0,210,373
04/04/2020,SEE,CA,AWP,WE,Towers with Radar,0,0,14,2,16,0,3,80,0,83,0,3,94,2,99,248,0,248,347
04/05/2020,SEE,CA,AWP,WE,Towers with Radar,0,3,7,2,12,0,2,41,0,43,0,5,48,2,55,103,0,103,158
04/06/2020,SEE,CA,AWP,WE,Towers with Radar,0,0,3,3,6,0,0,29,0,29,0,0,32,3,35,28,0,28,63
04/07/2020,SEE,CA,AWP,WE,Towers with Radar,0,0,5,2,7,0,1,13,0,14,0,1,18,2,21,8,0,8,29
04/08/2020,SEE,CA,AWP,WE,Towers with Radar,0,2,3,0,5,0,0,25,0,25,0,2,28,0,30,61,0,61,91
04/09/2020,SEE,CA,AWP,WE,Towers with Radar,0,2,2,0,4,0,0,21,0,21,0,2,23,0,25,6,0,6,31
04/10/2020,SEE,CA,AWP,WE,Towers with Radar,0,0,5,1,6,0,0,2,0,2,0,0,7,1,8,0,0,0,8
04/11/2020,SEE,CA,AWP,WE,Towers with Radar,0,0,9,0,9,0,2,107,0,109,0,2,116,0,118,193,0,193,311
04/12/2020,SEE,CA,AWP,WE,Towers with Radar,0,0,7,0,7,0,0,14,0,14,0,0,21,0,21,12,0,12,33
04/13/2020,SEE,CA,AWP,WE,Towers with Radar,0,3,12,2,17,0,3,39,0,42,0,6,51,2,59,56,0,56,115
04/14/2020,SEE,CA,AWP,WE,Towers with Radar,0,0,7,4,11,0,0,109,2,111,0,0,116,6,122,79,1,80,202
04/15/2020,SEE,CA,AWP,WE,Towers with Radar,0,0,17,0,17,0,1,188,0,189,0,1,205,0,206,44,0,44,250
04/16/2020,SEE,CA,AWP,WE,Towers with Radar,0,1,5,1,7,0,0,154,0,154,0,1,159,1,161,60,0,60,221
04/17/2020,SEE,CA,AWP,WE,Towers with Radar,0,1,11,2,14,0,2,85,0,87,0,3,96,2,101,174,0,174,275
04/18/2020,SEE,CA,AWP,WE,Towers with Radar,0,6,15,0,21,0,1,47,0,48,0,7,62,0,69,156,0,156,225
04/19/2020,SEE,CA,AWP,WE,Towers with Radar,0,0,10,0,10,0,0,57,0,57,0,0,67,0,67,195,0,195,262
04/20/2020,SEE,CA,AWP,WE,Towers with Radar,0,2,16,6,24,0,0,37,1,38,0,2,53,7,62,190,0,190,252
04/21/2020,SEE,CA,AWP,WE,Towers with Radar,0,0,17,0,17,0,2,89,0,91,0,2,106,0,108,219,0,219,327
04/22/2020,SEE,CA,AWP,WE,Towers with Radar,0,6,16,2,24,0,3,213,1,217,0,9,229,3,241,163,1,164,405
04/23/2020,SEE,CA,AWP,WE,Towers with Radar,0,2,13,2,17,0,0,160,0,160,0,2,173,2,177,155,0,155,332
04/24/2020,SEE,CA,AWP,WE,Towers with Radar,0,0,16,2,18,0,2,165,1,168,0,2,181,3,186,114,0,114,300
04/25/2020,SEE,CA,AWP,WE,Towers with Radar,0,0,13,2,15,0,2,201,1,204,0,2,214,3,219,203,0,203,422
04/26/2020,SEE,CA,AWP,WE,Towers with Radar,0,0,5,2,7,0,2,135,1,138,0,2,140,3,145,262,0,262,407
04/27/2020,SEE,CA,AWP,WE,Towers with Radar,0,1,9,3,13,0,1,151,2,154,0,2,160,5,167,290,0,290,457
04/28/2020,SEE,CA,AWP,WE,Towers with Radar,0,0,9,0,9,0,1,146,0,147,0,1,155,0,156,267,0,267,423
04/29/2020,SEE,CA,AWP,WE,Towers with Radar,0,0,19,2,21,0,2,103,0,105,0,2,122,2,126,204,0,204,330
04/30/2020,SEE,CA,AWP,WE,Towers with Radar,0,0,16,1,17,0,0,111,4,115,0,0,127,5,132,343,0,343,475
05/01/2020,SEE,CA,AWP,WE,Towers with Radar,0,2,15,2,19,0,1,135,0,136,0,3,150,2,155,304,0,304,459
05/02/2020,SEE,CA,AWP,WE,Towers with Radar,0,0,6,0,6,0,0,194,0,194,0,0,200,0,200,401,0,401,601
05/03/2020,SEE,CA,AWP,WE,Towers with Radar,0,2,4,0,6,0,0,101,0,101,0,2,105,0,107,416,0,416,523
05/04/2020,SEE,CA,AWP,WE,Towers with Radar,0,1,5,0,6,0,0,121,0,121,0,1,126,0,127,180,0,180,307
05/05/2020,SEE,CA,AWP,WE,Towers with Radar,0,2,6,2,10,0,3,131,0,134,0,5,137,2,144,240,0,240,384
05/06/2020,SEE,CA,AWP,WE,Towers with Radar,0,2,9,2,13,0,1,100,2,103,0,3,109,4,116,194,0,194,310
05/07/2020,SEE,CA,AWP,WE,Towers with Radar,0,0,12,0,12,0,1,132,1,134,0,1,144,1,146,323,0,323,469
05/08/2020,SEE,CA,AWP,WE,Towers with Radar,0,0,11,2,13,0,0,106,1,107,0,0,117,3,120,228,0,228,348
05/09/2020,SEE,CA,AWP,WE,Towers with Radar,0,1,13,1,15,0,1,92,2,95,0,2,105,3,110,126,0,126,236
05/10/2020,SEE,CA,AWP,WE,Towers with Radar,0,0,13,1,14,0,0,28,1,29,0,0,41,2,43,136,0,136,179
05/11/2020,SEE,CA,AWP,WE,Towers with Radar,0,2,26,5,33,0,4,83,1,88,0,6,109,6,121,211,0,211,332
05/12/2020,SEE,CA,AWP,WE,Towers with Radar,0,2,18,1,21,0,4,105,0,109,0,6,123,1,130,225,0,225,355
05/13/2020,SEE,CA,AWP,WE,Towers with Radar,0,4,35,0,39,0,1,60,0,61,0,5,95,0,100,220,0,220,320
05/14/2020,SEE,CA,AWP,WE,Towers with Radar,0,0,19,0,19,0,0,123,2,125,0,0,142,2,144,140,0,140,284
05/15/2020,SEE,CA,AWP,WE,Towers with Radar,0,0,18,2,20,0,1,164,2,167,0,1,182,4,187,260,0,260,447
05/16/2020,SEE,CA,AWP,WE,Towers with Radar,0,0,10,0,10,0,0,132,0,132,0,0,142,0,142,278,0,278,420
05/17/2020,SEE,CA,AWP,WE,Towers with Radar,0,0,29,1,30,0,1,66,0,67,0,1,95,1,97,115,0,115,212
05/18/2020,SEE,CA,AWP,WE,Towers with Radar,0,0,31,6,37,0,6,99,0,105,0,6,130,6,142,269,0,269,411
05/19/2020,SEE,CA,AWP,WE,Towers with Radar,0,0,35,3,38,0,3,116,0,119,0,3,151,3,157,230,0,230,387
05/20/2020,SEE,CA,AWP,WE,Towers with Radar,0,4,18,1,23,0,1,171,2,174,0,5,189,3,197,276,0,276,473
05/21/2020,SEE,CA,AWP,WE,Towers with Radar,0,1,30,0,31,0,4,195,1,200,0,5,225,1,231,202,0,202,433
05/22/2020,SEE,CA,AWP,WE,Towers with Radar,0,1,28,3,32,0,1,180,3,184,0,2,208,6,216,242,0,242,458
05/23/2020,SEE,CA,AWP,WE,Towers with Radar,0,0,20,0,20,0,1,141,0,142,0,1,161,0,162,210,0,210,372
05/24/2020,SEE,CA,AWP,WE,Towers with Radar,0,0,8,0,8,0,0,123,0,123,0,0,131,0,131,149,0,149,280
05/25/2020,SEE,CA,AWP,WE,Towers with Radar,0,3,29,1,33,0,1,149,0,150,0,4,178,1,183,299,0,299,482
05/26/2020,SEE,CA,AWP,WE,Towers with Radar,0,1,27,0,28,0,2,142,2,146,0,3,169,2,174,100,0,100,274
05/27/2020,SEE,CA,AWP,WE,Towers with Radar,0,0,18,2,20,0,2,181,2,185,0,2,199,4,205,101,0,101,306
05/28/2020,SEE,CA,AWP,WE,Towers with Radar,0,2,29,0,31,0,0,175,1,176,0,2,204,1,207,81,0,81,288
05/29/2020,SEE,CA,AWP,WE,Towers with Radar,0,1,39,4,44,0,0,32,4,36,0,1,71,8,80,96,0,96,176
05/30/2020,SEE,CA,AWP,WE,Towers with Radar,0,1,24,0,25,0,1,124,1,126,0,2,148,1,151,154,0,154,305
05/31/2020,SEE,CA,AWP,WE,Towers with Radar,0,2,10,3,15,0,1,137,1,139,0,3,147,4,154,124,0,124,278
06/01/2020,SEE,CA,AWP,WE,Towers with Radar,0,0,12,2,14,0,0,189,4,193,0,0,201,6,207,136,0,136,343
06/02/2020,SEE,CA,AWP,WE,Towers with Radar,0,0,31,3,34,0,0,165,0,165,0,0,196,3,199,112,0,112,311
06/03/2020,SEE,CA,AWP,WE,Towers with Radar,0,5,17,0,22,0,1,189,1,191,0,6,206,1,213,187,0,187,400
06/04/2020,SEE,CA,AWP,WE,Towers with Radar,0,0,34,3,37,0,1,81,0,82,0,1,115,3,119,136,0,136,255
06/05/2020,SEE,CA,AWP,WE,Towers with Radar,0,2,54,2,58,0,1,75,1,77,0,3,129,3,135,527,0,527,662
06/06/2020,SEE,CA,AWP,WE,Towers with Radar,0,1,17,1,19,0,1,28,0,29,0,2,45,1,48,349,0,349,397
06/07/2020,SEE,CA,AWP,WE,Towers with Radar,0,3,20,2,25,0,1,88,0,89,0,4,108,2,114,371,0,371,485
06/08/2020,SEE,CA,AWP,WE,Towers with Radar,0,0,20,4,24,0,0,159,0,159,0,0,179,4,183,426,0,426,609
06/09/2020,SEE,CA,AWP,WE,Towers with Radar,0,1,16,2,19,0,0,118,1,119,0,1,134,3,138,286,0,286,424
06/10/2020,SEE,CA,AWP,WE,Towers with Radar,0,0,20,1,21,0,0,196,0,196,0,0,216,1,217,296,0,296,513
06/11/2020,SEE,CA,AWP,WE,Towers with Radar,0,0,21,0,21,0,0,198,1,199,0,0,219,1,220,431,0,431,651
06/12/2020,SEE,CA,AWP,WE,Towers with Radar,0,0,30,4,34,0,1,226,0,227,0,1,256,4,261,391,0,391,652
06/13/2020,SEE,CA,AWP,WE,Towers with Radar,0,1,13,0,14,0,0,145,0,145,0,1,158,0,159,179,0,179,338
06/14/2020,SEE,CA,AWP,WE,Towers with Radar,0,0,17,0,17,0,0,147,0,147,0,0,164,0,164,147,0,147,311
06/15/2020,SEE,CA,AWP,WE,Towers with Radar,0,0,33,6,39,0,0,164,0,164,0,0,197,6,203,385,0,385,588
06/16/2020,SEE,CA,AWP,WE,Towers with Radar,0,2,31,7,40,0,1,139,0,140,0,3,170,7,180,547,0,547,727
06/17/2020,SEE,CA,AWP,WE,Towers with Radar,0,1,47,2,50,0,0,171,0,171,0,1,218,2,221,393,0,393,614
06/18/2020,SEE,CA,AWP,WE,Towers with Radar,0,2,38,0,40,0,1,214,0,215,0,3,252,0,255,515,0,515,770
06/19/2020,SEE,CA,AWP,WE,Towers with Radar,0,1,43,5,49,0,1,175,0,176,0,2,218,5,225,639,0,639,864
06/20/2020,SEE,CA,AWP,WE,Towers with Radar,0,0,26,1,27,0,0,89,0,89,0,0,115,1,116,199,0,199,315
06/21/2020,SEE,CA,AWP,WE,Towers with Radar,0,1,20,1,22,0,1,107,0,108,0,2,127,1,130,244,0,244,374
06/22/2020,SEE,CA,AWP,WE,Towers with Radar,0,1,36,6,43,0,0,189,0,189,0,1,225,6,232,401,0,401,633
06/23/2020,SEE,CA,AWP,WE,Towers with Radar,0,1,39,4,44,0,0,175,0,175,0,1,214,4,219,335,0,335,554
06/24/2020,SEE,CA,AWP,WE,Towers with Radar,0,0,50,3,53,0,0,167,0,167,0,0,217,3,220,350,0,350,570
06/25/2020,SEE,CA,AWP,WE,Towers with Radar,0,1,44,2,47,0,0,169,1,170,0,1,213,3,217,646,0,646,863
06/26/2020,SEE,CA,AWP,WE,Towers with Radar,0,0,39,6,45,0,0,215,0,215,0,0,254,6,260,449,0,449,709
06/27/2020,SEE,CA,AWP,WE,Towers with Radar,0,1,32,0,33,0,2,245,0,247,0,3,277,0,280,391,0,391,671
06/28/2020,SEE,CA,AWP,WE,Towers with Radar,0,0,49,0,49,0,0,139,0,139,0,0,188,0,188,496,0,496,684
06/29/2020,SEE,CA,AWP,WE,Towers with Radar,0,0,17,5,22,0,1,46,1,48,0,1,63,6,70,323,0,323,393
06/30/2020,SEE,CA,AWP,WE,Towers with Radar,0,0,48,0,48,0,21,203,1,225,0,21,251,1,273,537,0,537,810
07/01/2020,SEE,CA,AWP,WE,Towers with Radar,0,3,44,3,50,0,5,196,0,201,0,8,240,3,251,366,0,366,617
07/02/2020,SEE,CA,AWP,WE,Towers with Radar,0,0,29,2,31,0,0,163,0,163,0,0,192,2,194,492,0,492,686
07/03/2020,SEE,CA,AWP,WE,Towers with Radar,0,2,18,0,20,0,1,253,0,254,0,3,271,0,274,474,0,474,748
07/04/2020,SEE,CA,AWP,WE,Towers with Radar,0,3,9,0,12,0,2,143,0,145,0,5,152,0,157,198,0,198,355
07/05/2020,SEE,CA,AWP,WE,Towers with Radar,0,2,20,0,22,0,0,158,0,158,0,2,178,0,180,328,0,328,508
07/06/2020,SEE,CA,AWP,WE,Towers with Radar,0,4,31,4,39,0,0,165,0,165,0,4,196,4,204,503,0,503,707
07/07/2020,SEE,CA,AWP,WE,Towers with Radar,0,0,33,2,35,0,0,214,0,214,0,0,247,2,249,484,0,484,733
07/08/2020,SEE,CA,AWP,WE,Towers with Radar,0,4,40,4,48,0,1,169,0,170,0,5,209,4,218,381,0,381,599
07/09/2020,SEE,CA,AWP,WE,Towers with Radar,0,0,40,0,40,0,1,238,2,241,0,1,278,2,281,498,0,498,779
07/10/2020,SEE,CA,AWP,WE,Towers with Radar,0,1,14,3,18,0,0,201,2,203,0,1,215,5,221,413,0,413,634
07/11/2020,SEE,CA,AWP,WE,Towers with Radar,0,0,17,0,17,0,3,211,0,214,0,3,228,0,231,384,0,384,615
07/12/2020,SEE,CA,AWP,WE,Towers with Radar,0,0,14,1,15,0,0,167,1,168,0,0,181,2,183,433,0,433,616
07/13/2020,SEE,CA,AWP,WE,Towers with Radar,0,0,28,3,31,0,1,177,0,178,0,1,205,3,209,270,0,270,479
07/14/2020,SEE,CA,AWP,WE,Towers with Radar,0,3,26,1,30,0,0,175,0,175,0,3,201,1,205,535,0,535,740
07/15/2020,SEE,CA,AWP,WE,Towers with Radar,0,0,26,1,27,0,0,244,1,245,0,0,270,2,272,361,0,361,633
07/16/2020,SEE,CA,AWP,WE,Towers with Radar,0,2,41,2,45,0,0,193,0,193,0,2,234,2,238,455,0,455,693
07/17/2020,SEE,CA,AWP,WE,Towers with Radar,0,2,30,3,35,0,1,212,2,215,0,3,242,5,250,479,0,479,729
07/18/2020,SEE,CA,AWP,WE,Towers with Radar,0,4,25,1,30,0,2,201,1,204,0,6,226,2,234,324,0,324,558
07/19/2020,SEE,CA,AWP,WE,Towers with Radar,0,2,35,1,38,0,0,144,1,145,0,2,179,2,183,371,0,371,554
07/20/2020,SEE,CA,AWP,WE,Towers with Radar,0,0,30,3,33,0,1,189,0,190,0,1,219,3,223,406,0,406,629
07/21/2020,SEE,CA,AWP,WE,Towers with Radar,0,0,28,2,30,0,2,198,0,200,0,2,226,2,230,478,0,478,708
07/22/2020,SEE,CA,AWP,WE,Towers with Radar,0,3,34,0,37,0,0,170,0,170,0,3,204,0,207,485,0,485,692
07/23/2020,SEE,CA,AWP,WE,Towers with Radar,0,4,35,0,39,0,1,196,0,197,0,5,231,0,236,670,0,670,906
07/24/2020,SEE,CA,AWP,WE,Towers with Radar,0,0,25,4,29,0,0,223,1,224,0,0,248,5,253,491,2,493,746
07/25/2020,SEE,CA,AWP,WE,Towers with Radar,0,2,24,0,26,0,1,184,0,185,0,3,208,0,211,469,0,469,680
07/26/2020,SEE,CA,AWP,WE,Towers with Radar,0,2,23,0,25,0,1,177,1,179,0,3,200,1,204,277,0,277,481
07/27/2020,SEE,CA,AWP,WE,Towers with Radar,0,4,33,1,38,0,0,164,1,165,0,4,197,2,203,397,0,397,600
07/28/2020,SEE,CA,AWP,WE,Towers with Radar,0,5,31,2,38,0,2,195,0,197,0,7,226,2,235,279,0,279,514
07/29/2020,SEE,CA,AWP,WE,Towers with Radar,0,0,35,2,37,0,4,181,1,186,0,4,216,3,223,499,0,499,722
07/30/2020,SEE,CA,AWP,WE,Towers with Radar,0,0,36,1,37,0,2,224,0,226,0,2,260,1,263,365,0,365,628
07/31/2020,SEE,CA,AWP,WE,Towers with Radar,0,0,27,2,29,0,3,178,0,181,0,3,205,2,210,431,0,431,641
08/01/2020,SEE,CA,AWP,WE,Towers with Radar,0,0,30,0,30,0,0,147,0,147,0,0,177,0,177,404,0,404,581
08/02/2020,SEE,CA,AWP,WE,Towers with Radar,0,0,33,1,34,0,0,159,0,159,0,0,192,1,193,324,0,324,517
08/03/2020,SEE,CA,AWP,WE,Towers with Radar,0,0,25,3,28,0,1,174,0,175,0,1,199,3,203,365,0,365,568
08/04/2020,SEE,CA,AWP,WE,Towers with Radar,0,0,32,1,33,0,0,172,0,172,0,0,204,1,205,277,0,277,482
08/05/2020,SEE,CA,AWP,WE,Towers with Radar,0,0,32,1,33,0,2,194,2,198,0,2,226,3,231,366,0,366,597
08/06/2020,SEE,CA,AWP,WE,Towers with Radar,0,1,31,5,37,0,4,209,0,213,0,5,240,5,250,553,0,553,803
08/07/2020,SEE,CA,AWP,WE,Towers with Radar,0,0,30,2,32,0,1,221,1,223,0,1,251,3,255,522,0,522,777
08/08/2020,SEE,CA,AWP,WE,Towers with Radar,0,1,32,2,35,0,5,207,0,212,0,6,239,2,247,301,0,301,548
08/09/2020,SEE,CA,AWP,WE,Towers with Radar,0,2,27,1,30,0,2,141,0,143,0,4,168,1,173,284,0,284,457
08/10/2020,SEE,CA,AWP,WE,Towers with Radar,0,0,36,1,37,0,1,206,1,208,0,1,242,2,245,206,0,206,451
08/11/2020,SEE,CA,AWP,WE,Towers with Radar,0,0,30,5,35,0,1,206,0,207,0,1,236,5,242,331,0,331,573
08/12/2020,SEE,CA,AWP,WE,Towers with Radar,0,2,40,1,43,0,0,194,0,194,0,2,234,1,237,386,0,386,623
08/13/2020,SEE,CA,AWP,WE,Towers with Radar,0,2,27,1,30,0,1,209,1,211,0,3,236,2,241,309,0,309,550
08/14/2020,SEE,CA,AWP,WE,Towers with Radar,0,0,28,2,30,0,0,180,1,181,0,0,208,3,211,403,0,403,614
08/15/2020,SEE,CA,AWP,WE,Towers with Radar,0,0,23,0,23,0,1,182,0,183,0,1,205,0,206,390,0,390,596
08/16/2020,SEE,CA,AWP,WE,Towers with Radar,0,0,22,0,22,0,7,201,0,208,0,7,223,0,230,257,0,257,487
08/17/2020,SEE,CA,AWP,WE,Towers with Radar,0,2,23,2,27,0,3,184,2,189,0,5,207,4,216,330,0,330,546
08/18/2020,SEE,CA,AWP,WE,Towers with Radar,0,0,21,4,25,0,1,156,0,157,0,1,177,4,182,354,0,354,536
08/19/2020,SEE,CA,AWP,WE,Towers with Radar,0,0,41,1,42,0,2,165,3,170,0,2,206,4,212,408,0,408,620
08/20/2020,SEE,CA,AWP,WE,Towers with Radar,0,3,30,1,34,0,0,184,0,184,0,3,214,1,218,367,0,367,585
08/21/2020,SEE,CA,AWP,WE,Towers with Radar,0,1,60,2,63,0,0,148,1,149,0,1,208,3,212,317,0,317,529
08/22/2020,SEE,CA,AWP,WE,Towers with Radar,0,0,28,0,28,0,1,189,0,190,0,1,217,0,218,267,0,267,485
08/23/2020,SEE,CA,AWP,WE,Towers with Radar,0,0,29,2,31,0,2,186,0,188,0,2,215,2,219,275,0,275,494
08/24/2020,SEE,CA,AWP,WE,Towers with Radar,0,0,32,3,35,0,1,127,0,128,0,1,159,3,163,302,0,302,465
08/25/2020,SEE,CA,AWP,WE,Towers with Radar,0,1,30,3,34,0,0,171,0,171,0,1,201,3,205,394,0,394,599
08/26/2020,SEE,CA,AWP,WE,Towers with Radar,0,0,29,1,30,0,2,195,0,197,0,2,224,1,227,331,0,331,558
08/27/2020,SEE,CA,AWP,WE,Towers with Radar,0,1,34,0,35,1,3,184,2,190,1,4,218,2,225,337,0,337,562
08/28/2020,SEE,CA,AWP,WE,Towers with Radar,0,0,31,3,34,0,1,222,0,223,0,1,253,3,257,312,0,312,569
08/29/2020,SEE,CA,AWP,WE,Towers with Radar,0,1,29,0,30,0,0,221,1,222,0,1,250,1,252,326,0,326,578
08/30/2020,SEE,CA,AWP,WE,Towers with Radar,0,0,22,0,22,0,0,178,0,178,0,0,200,0,200,237,0,237,437
08/31/2020,SEE,CA,AWP,WE,Towers with Radar,0,0,28,4,32,0,0,182,3,185,0,0,210,7,217,365,0,365,582
09/01/2020,SEE,CA,AWP,WE,Towers with Radar,0,0,30,5,35,0,0,166,1,167,0,0,196,6,202,370,0,370,572
09/02/2020,SEE,CA,AWP,WE,Towers with Radar,0,0,42,2,44,0,0,174,3,177,0,0,216,5,221,330,0,330,551
09/03/2020,SEE,CA,AWP,WE,Towers with Radar,0,0,17,0,17,0,0,150,0,150,0,0,167,0,167,342,0,342,509
09/04/2020,SEE,CA,AWP,WE,Towers with Radar,0,2,29,7,38,0,0,226,1,227,0,2,255,8,265,444,0,444,709
09/05/2020,SEE,CA,AWP,WE,Towers with Radar,0,2,11,1,14,0,1,122,1,124,0,3,133,2,138,111,0,111,249
09/06/2020,SEE,CA,AWP,WE,Towers with Radar,0,0,10,0,10,0,1,127,0,128,0,1,137,0,138,163,0,163,301
09/07/2020,SEE,CA,AWP,WE,Towers with Radar,0,0,22,0,22,0,7,114,1,122,0,7,136,1,144,287,0,287,431
09/08/2020,SEE,CA,AWP,WE,Towers with Radar,0,0,19,5,24,0,0,53,10,63,0,0,72,15,87,0,0,0,87
09/09/2020,SEE,CA,AWP,WE,Towers with Radar,0,0,28,5,33,0,0,182,22,204,0,0,210,27,237,80,0,80,317
09/10/2020,SEE,CA,AWP,WE,Towers with Radar,0,5,16,1,22,0,0,176,2,178,0,5,192,3,200,192,4,196,396
09/11/2020,SEE,CA,AWP,WE,Towers with Radar,0,0,18,8,26,0,1,189,0,190,0,1,207,8,216,426,0,426,642
09/12/2020,SEE,CA,AWP,WE,Towers with Radar,0,0,13,0,13,0,1,168,0,169,0,1,181,0,182,181,0,181,363
09/13/2020,SEE,CA,AWP,WE,Towers with Radar,0,1,26,2,29,0,0,128,0,128,0,1,154,2,157,172,0,172,329
09/14/2020,SEE,CA,AWP,WE,Towers with Radar,0,4,20,6,30,0,3,147,0,150,0,7,167,6,180,269,0,269,449
09/15/2020,SEE,CA,AWP,WE,Towers with Radar,0,3,19,3,25,0,0,165,0,165,0,3,184,3,190,300,0,300,490
09/16/2020,SEE,CA,AWP,WE,Towers with Radar,0,1,29,4,34,0,1,164,1,166,0,2,193,5,200,477,0,477,677
09/17/2020,SEE,CA,AWP,WE,Towers with Radar,0,1,33,1,35,0,1,206,1,208,0,2,239,2,243,186,0,186,429
09/18/2020,SEE,CA,AWP,WE,Towers with Radar,0,0,33,5,38,0,0,193,0,193,0,0,226,5,231,312,0,312,543
09/19/2020,SEE,CA,AWP,WE,Towers with Radar,0,2,32,0,34,0,0,201,0,201,0,2,233,0,235,301,0,301,536
09/20/2020,SEE,CA,AWP,WE,Towers with Radar,0,0,17,0,17,0,1,192,0,193,0,1,209,0,210,289,0,289,499
09/21/2020,SEE,CA,AWP,WE,Towers with Radar,0,0,38,3,41,0,0,189,0,189,0,0,227,3,230,165,0,165,395
09/22/2020,SEE,CA,AWP,WE,Towers with Radar,0,1,37,4,42,0,2,170,0,172,0,3,207,4,214,194,0,194,408
09/23/2020,SEE,CA,AWP,WE,Towers with Radar,0,3,26,5,34,0,2,224,2,228,0,5,250,7,262,374,0,374,636
09/24/2020,SEE,CA,AWP,WE,Towers with Radar,0,2,21,2,25,0,0,216,2,218,0,2,237,4,243,292,0,292,535
09/25/2020,SEE,CA,AWP,WE,Towers with Radar,0,0,27,3,30,0,1,215,0,216,0,1,242,3,246,377,0,377,623
09/26/2020,SEE,CA,AWP,WE,Towers with Radar,0,0,22,0,22,0,1,206,0,207,0,1,228,0,229,269,0,269,498
09/27/2020,SEE,CA,AWP,WE,Towers with Radar,0,0,26,0,26,0,0,160,0,160,0,0,186,0,186,235,0,235,421
09/28/2020,SEE,CA,AWP,WE,Towers with Radar,0,0,25,2,27,0,1,149,0,150,0,1,174,2,177,260,0,260,437
09/29/2020,SEE,CA,AWP,WE,Towers with Radar,0,3,31,0,34,0,1,149,0,150,0,4,180,0,184,293,0,293,477
09/30/2020,SEE,CA,AWP,WE,Towers with Radar,0,6,16,3,25,0,0,140,0,140,0,6,156,3,165,129,0,129,294
10/01/2020,SEE,CA,AWP,WE,Towers with Radar,0,3,19,1,23,0,3,221,1,225,0,6,240,2,248,405,0,405,653
10/02/2020,SEE,CA,AWP,WE,Towers with Radar,0,0,34,2,36,0,0,198,0,198,0,0,232,2,234,357,0,357,591
10/03/2020,SEE,CA,AWP,WE,Towers with Radar,0,0,23,1,24,0,0,173,1,174,0,0,196,2,198,209,0,209,407
10/04/2020,SEE,CA,AWP,WE,Towers with Radar,0,2,19,3,24,0,0,183,0,183,0,2,202,3,207,285,0,285,492
10/05/2020,SEE,CA,AWP,WE,Towers with Radar,0,1,26,0,27,0,0,182,0,182,0,1,208,0,209,234,0,234,443
10/06/2020,SEE,CA,AWP,WE,Towers with Radar,0,2,27,2,31,0,0,173,0,173,0,2,200,2,204,374,0,374,578
10/07/2020,SEE,CA,AWP,WE,Towers with Radar,0,0,32,2,34,0,0,180,0,180,0,0,212,2,214,263,0,263,477
10/08/2020,SEE,CA,AWP,WE,Towers with Radar,0,3,46,1,50,0,0,168,1,169,0,3,214,2,219,329,0,329,548
10/09/2020,SEE,CA,AWP,WE,Towers with Radar,0,2,40,2,44,0,1,177,0,178,0,3,217,2,222,414,0,414,636
10/10/2020,SEE,CA,AWP,WE,Towers with Radar,0,0,39,0,39,0,2,166,1,169,0,2,205,1,208,395,0,395,603
10/11/2020,SEE,CA,AWP,WE,Towers with Radar,0,1,20,0,21,0,0,164,0,164,0,1,184,0,185,211,0,211,396
10/12/2020,SEE,CA,AWP,WE,Towers with Radar,0,0,29,6,35,0,0,202,0,202,0,0,231,6,237,259,0,259,496
10/13/2020,SEE,CA,AWP,WE,Towers with Radar,0,0,21,1,22,0,0,196,2,198,0,0,217,3,220,183,0,183,403
10/14/2020,SEE,CA,AWP,WE,Towers with Radar,0,4,38,2,44,0,0,199,1,200,0,4,237,3,244,306,0,306,550
10/15/2020,SEE,CA,AWP,WE,Towers with Radar,0,0,30,0,30,0,1,209,1,211,0,1,239,1,241,206,0,206,447
10/16/2020,SEE,CA,AWP,WE,Towers with Radar,0,2,39,1,42,0,0,234,0,234,0,2,273,1,276,367,0,367,643
10/17/2020,SEE,CA,AWP,WE,Towers with Radar,0,1,22,0,23,0,4,193,0,197,0,5,215,0,220,160,0,160,380
10/18/2020,SEE,CA,AWP,WE,Towers with Radar,0,2,19,0,21,0,0,191,0,191,0,2,210,0,212,230,0,230,442
10/19/2020,SEE,CA,AWP,WE,Towers with Radar,0,0,43,2,45,0,1,183,0,184,0,1,226,2,229,254,0,254,483
10/20/2020,SEE,CA,AWP,WE,Towers with Radar,0,0,41,5,46,0,1,170,2,173,0,1,211,7,219,306,0,306,525
10/21/2020,SEE,CA,AWP,WE,Towers with Radar,0,0,53,4,57,0,4,211,1,216,0,4,264,5,273,227,0,227,500
10/22/2020,SEE,CA,AWP,WE,Towers with Radar,0,2,49,4,55,0,0,173,1,174,0,2,222,5,229,276,1,277,506
10/23/2020,SEE,CA,AWP,WE,Towers with Radar,0,3,36,2,41,0,1,174,0,175,0,4,210,2,216,277,0,277,493
10/24/2020,SEE,CA,AWP,WE,Towers with Radar,0,1,44,1,46,0,0,92,1,93,0,1,136,2,139,456,0,456,595
10/25/2020,SEE,CA,AWP,WE,Towers with Radar,0,0,40,0,40,0,0,24,0,24,0,0,64,0,64,246,0,246,310
10/26/2020,SEE,CA,AWP,WE,Towers with Radar,0,1,29,6,36,0,0,122,0,122,0,1,151,6,158,126,0,126,284
10/27/2020,SEE,CA,AWP,WE,Towers with Radar,0,0,47,4,51,0,0,190,0,190,0,0,237,4,241,261,0,261,502
10/28/2020,SEE,CA,AWP,WE,Towers with Radar,0,2,42,4,48,0,0,253,0,253,0,2,295,4,301,328,0,328,629
10/29/2020,SEE,CA,AWP,WE,Towers with Radar,0,4,48,5,57,0,2,233,1,236,0,6,281,6,293,379,0,379,672
10/30/2020,SEE,CA,AWP,WE,Towers with Radar,0,2,32,2,36,0,0,232,0,232,0,2,264,2,268,299,0,299,567
10/31/2020,SEE,CA,AWP,WE,Towers with Radar,0,0,18,0,18,0,1,210,0,211,0,1,228,0,229,186,0,186,415
11/01/2020,SEE,CA,AWP,WE,Towers with Radar,0,0,18,0,18,0,2,189,0,191,0,2,207,0,209,291,0,291,500
11/02/2020,SEE,CA,AWP,WE,Towers with Radar,0,0,28,3,31,0,1,177,1,179,0,1,205,4,210,241,0,241,451
11/03/2020,SEE,CA,AWP,WE,Towers with Radar,0,0,28,5,33,0,0,193,0,193,0,0,221,5,226,187,0,187,413
11/04/2020,SEE,CA,AWP,WE,Towers with Radar,0,3,34,5,42,0,1,226,0,227,0,4,260,5,269,390,0,390,659
11/05/2020,SEE,CA,AWP,WE,Towers with Radar,0,2,28,2,32,0,0,268,0,268,0,2,296,2,300,329,0,329,629
11/06/2020,SEE,CA,AWP,WE,Towers with Radar,0,2,37,3,42,0,4,202,0,206,0,6,239,3,248,260,0,260,508
11/07/2020,SEE,CA,AWP,WE,Towers with Radar,0,0,6,0,6,0,0,4,0,4,0,0,10,0,10,12,0,12,22
11/08/2020,SEE,CA,AWP,WE,Towers with Radar,0,1,13,0,14,0,0,7,0,7,0,1,20,0,21,75,0,75,96
11/09/2020,SEE,CA,AWP,WE,Towers with Radar,0,2,31,3,36,0,0,209,0,209,0,2,240,3,245,291,0,291,536
11/10/2020,SEE,CA,AWP,WE,Towers with Radar,0,0,28,2,30,0,0,232,1,233,0,0,260,3,263,387,0,387,650
11/11/2020,SEE,CA,AWP,WE,Towers with Radar,0,0,35,1,36,0,1,278,2,281,0,1,313,3,317,398,0,398,715
11/12/2020,SEE,CA,AWP,WE,Towers with Radar,0,0,37,0,37,0,1,202,1,204,0,1,239,1,241,380,0,380,621
11/13/2020,SEE,CA,AWP,WE,Towers with Radar,0,0,27,2,29,0,0,203,3,206,0,0,230,5,235,354,0,354,589
11/14/2020,SEE,CA,AWP,WE,Towers with Radar,0,0,25,0,25,0,2,190,1,193,0,2,215,1,218,287,0,287,505
11/15/2020,SEE,CA,AWP,WE,Towers with Radar,0,0,19,0,19,0,0,243,0,243,0,0,262,0,262,253,0,253,515
11/16/2020,SEE,CA,AWP,WE,Towers with Radar,0,0,39,4,43,0,3,214,0,217,0,3,253,4,260,311,0,311,571
11/17/2020,SEE,CA,AWP,WE,Towers with Radar,0,2,34,3,39,0,1,207,1,209,0,3,241,4,248,274,0,274,522
11/18/2020,SEE,CA,AWP,WE,Towers with Radar,0,0,31,0,31,0,0,208,0,208,0,0,239,0,239,51,0,51,290
11/19/2020,SEE,CA,AWP,WE,Towers with Radar,0,0,34,2,36,0,4,209,0,213,0,4,243,2,249,66,0,66,315
11/20/2020,SEE,CA,AWP,WE,Towers with Radar,0,1,29,2,32,0,1,169,1,171,0,2,198,3,203,46,0,46,249
11/21/2020,SEE,CA,AWP,WE,Towers with Radar,0,0,15,2,17,0,1,182,1,184,0,1,197,3,201,4,0,4,205
11/22/2020,SEE,CA,AWP,WE,Towers with Radar,0,0,19,0,19,0,0,150,0,150,0,0,169,0,169,12,0,12,181
11/23/2020,SEE,CA,AWP,WE,Towers with Radar,0,2,26,0,28,0,0,138,2,140,0,2,164,2,168,38,0,38,206
11/24/2020,SEE,CA,AWP,WE,Towers with Radar,0,0,30,0,30,0,0,205,0,205,0,0,235,0,235,59,0,59,294
11/25/2020,SEE,CA,AWP,WE,Towers with Radar,0,0,36,0,36,0,1,198,0,199,0,1,234,0,235,40,0,40,275
11/26/2020,SEE,CA,AWP,WE,Towers with Radar,0,0,9,0,9,0,0,57,0,57,0,0,66,0,66,43,0,43,109
11/27/2020,SEE,CA,AWP,WE,Towers with Radar,0,0,21,0,21,0,2,129,3,134,0,2,150,3,155,30,0,30,185
11/28/2020,SEE,CA,AWP,WE,Towers with Radar,0,1,23,0,24,0,3,176,0,179,0,4,199,0,203,195,0,195,398
11/29/2020,SEE,CA,AWP,WE,Towers with Radar,0,0,23,0,23,0,0,192,2,194,0,0,215,2,217,122,0,122,339
11/30/2020,SEE,CA,AWP,WE,Towers with Radar,0,0,38,2,40,0,0,183,0,183,0,0,221,2,223,242,0,242,465
12/01/2020,SEE,CA,AWP,WE,Towers with Radar,0,1,25,4,30,0,3,206,0,209,0,4,231,4,239,305,0,305,544
12/02/2020,SEE,CA,AWP,WE,Towers with Radar,0,0,28,2,30,0,2,200,2,204,0,2,228,4,234,342,0,342,576
12/03/2020,SEE,CA,AWP,WE,Towers with Radar,0,1,13,5,19,0,0,78,0,78,0,1,91,5,97,175,0,175,272
12/04/2020,SEE,CA,AWP,WE,Towers with Radar,0,0,24,0,24,0,2,205,0,207,0,2,229,0,231,250,0,250,481
12/05/2020,SEE,CA,AWP,WE,Towers with Radar,0,0,16,1,17,0,0,156,0,156,0,0,172,1,173,260,0,260,433
12/06/2020,SEE,CA,AWP,WE,Towers with Radar,0,0,20,2,22,0,0,177,1,178,0,0,197,3,200,182,0,182,382
12/07/2020,SEE,CA,AWP,WE,Towers with Radar,0,1,21,1,23,0,0,135,2,137,0,1,156,3,160,249,0,249,409
12/08/2020,SEE,CA,AWP,WE,Towers with Radar,0,1,14,0,15,0,1,75,1,77,0,2,89,1,92,128,0,128,220
12/09/2020,SEE,CA,AWP,WE,Towers with Radar,0,0,40,4,44,0,0,212,1,213,0,0,252,5,257,342,0,342,599
12/10/2020,SEE,CA,AWP,WE,Towers with Radar,0,0,26,1,27,0,0,148,0,148,0,0,174,1,175,465,0,465,640
12/11/2020,SEE,CA,AWP,WE,Towers with Radar,0,4,32,2,38,0,0,190,0,190,0,4,222,2,228,407,0,407,635
12/12/2020,SEE,CA,AWP,WE,Towers with Radar,0,0,18,0,18,0,0,66,0,66,0,0,84,0,84,497,0,497,581
12/13/2020,SEE,CA,AWP,WE,Towers with Radar,0,0,20,0,20,0,0,149,0,149,0,0,169,0,169,257,0,257,426
12/14/2020,SEE,CA,AWP,WE,Towers with Radar,0,0,28,2,30,0,0,74,0,74,0,0,102,2,104,439,0,439,543
12/15/2020,SEE,CA,AWP,WE,Towers with Radar,0,2,24,2,28,0,0,195,0,195,0,2,219,2,223,293,0,293,516
12/16/2020,SEE,CA,AWP,WE,Towers with Radar,0,0,23,2,25,0,3,223,2,228,0,3,246,4,253,244,0,244,497
12/17/2020,SEE,CA,AWP,WE,Towers with Radar,0,2,25,0,27,0,0,133,0,133,0,2,158,0,160,270,0,270,430
12/18/2020,SEE,CA,AWP,WE,Towers with Radar,0,0,30,1,31,0,0,177,1,178,0,0,207,2,209,178,0,178,387
12/19/2020,SEE,CA,AWP,WE,Towers with Radar,0,2,27,2,31,0,1,167,0,168,0,3,194,2,199,270,0,270,469
12/20/2020,SEE,CA,AWP,WE,Towers with Radar,0,0,12,0,12,0,1,150,0,151,0,1,162,0,163,216,0,216,379
12/21/2020,SEE,CA,AWP,WE,Towers with Radar,0,0,21,2,23,0,0,193,1,194,0,0,214,3,217,194,0,194,411
12/22/2020,SEE,CA,AWP,WE,Towers with Radar,0,0,30,3,33,0,2,151,1,154,0,2,181,4,187,182,0,182,369
12/23/2020,SEE,CA,AWP,WE,Towers with Radar,0,0,19,0,19,0,0,166,0,166,0,0,185,0,185,440,0,440,625
12/24/2020,SEE,CA,AWP,WE,Towers with Radar,0,0,18,0,18,0,1,86,0,87,0,1,104,0,105,156,0,156,261
12/25/2020,SEE,CA,AWP,WE,Towers with Radar,0,0,5,0,5,0,0,62,0,62,0,0,67,0,67,93,0,93,160
12/26/2020,SEE,CA,AWP,WE,Towers with Radar,0,0,30,0,30,0,1,158,0,159,0,1,188,0,189,147,0,147,336
12/27/2020,SEE,CA,AWP,WE,Towers with Radar,0,1,17,3,21,0,0,67,0,67,0,1,84,3,88,129,0,129,217
12/28/2020,SEE,CA,AWP,WE,Towers with Radar,0,0,7,0,7,0,0,21,0,21,0,0,28,0,28,17,0,17,45
12/29/2020,SEE,CA,AWP,WE,Towers with Radar,0,0,37,1,38,0,1,153,0,154,0,1,190,1,192,355,0,355,547
12/30/2020,SEE,CA,AWP,WE,Towers with Radar,0,0,23,1,24,0,4,200,0,204,0,4,223,1,228,315,0,315,543
12/31/2020,SEE,CA,AWP,WE,Towers with Radar,0,0,14,0,14,0,0,112,0,112,0,0,126,0,126,299,0,299,425
01/01/2021,SEE,CA,AWP,WE,Towers with Radar,0,3,8,0,11,0,0,119,0,119,0,3,127,0,130,68,0,68,198
01/02/2021,SEE,CA,AWP,WE,Towers with Radar,0,0,12,1,13,0,0,164,0,164,0,0,176,1,177,172,0,172,349
01/03/2021,SEE,CA,AWP,WE,Towers with Radar,0,0,19,0,19,0,0,130,0,130,0,0,149,0,149,103,0,103,252
01/04/2021,SEE,CA,AWP,WE,Towers with Radar,0,2,29,1,32,0,0,145,0,145,0,2,174,1,177,230,0,230,407
01/05/2021,SEE,CA,AWP,WE,Towers with Radar,0,0,28,2,30,0,0,147,0,147,0,0,175,2,177,316,0,316,493
01/06/2021,SEE,CA,AWP,WE,Towers with Radar,0,1,34,1,36,0,4,181,1,186,0,5,215,2,222,344,0,344,566
01/07/2021,SEE,CA,AWP,WE,Towers with Radar,0,2,16,1,19,0,1,210,0,211,0,3,226,1,230,347,0,347,577
01/08/2021,SEE,CA,AWP,WE,Towers with Radar,0,2,25,3,30,0,0,210,0,210,0,2,235,3,240,265,0,265,505
01/09/2021,SEE,CA,AWP,WE,Towers with Radar,0,2,10,0,12,0,0,175,0,175,0,2,185,0,187,188,0,188,375
01/10/2021,SEE,CA,AWP,WE,Towers with Radar,0,0,15,0,15,0,0,164,0,164,0,0,179,0,179,124,0,124,303
01/11/2021,SEE,CA,AWP,WE,Towers with Radar,0,1,51,3,55,0,7,182,1,190,0,8,233,4,245,221,0,221,466
01/12/2021,SEE,CA,AWP,WE,Towers with Radar,0,1,33,1,35,0,3,191,0,194,0,4,224,1,229,246,0,246,475
01/13/2021,SEE,CA,AWP,WE,Towers with Radar,0,1,30,2,33,0,0,230,0,230,0,1,260,2,263,307,0,307,570
01/14/2021,SEE,CA,AWP,WE,Towers with Radar,0,0,34,1,35,0,3,206,2,211,0,3,240,3,246,292,0,292,538
01/15/2021,SEE,CA,AWP,WE,Towers with Radar,0,0,8,2,10,0,1,161,0,162,0,1,169,2,172,401,0,401,573
01/16/2021,SEE,CA,AWP,WE,Towers with Radar,0,0,23,0,23,0,1,205,0,206,0,1,228,0,229,306,0,306,535
01/17/2021,SEE,CA,AWP,WE,Towers with Radar,0,0,16,0,16,0,0,201,0,201,0,0,217,0,217,211,0,211,428
01/18/2021,SEE,CA,AWP,WE,Towers with Radar,0,0,26,3,29,0,0,224,0,224,0,0,250,3,253,305,0,305,558
01/19/2021,SEE,CA,AWP,WE,Towers with Radar,0,0,10,0,10,0,0,66,2,68,0,0,76,2,78,283,0,283,361
01/20/2021,SEE,CA,AWP,WE,Towers with Radar,0,0,5,3,8,0,0,43,2,45,0,0,48,5,53,155,0,155,208
01/21/2021,SEE,CA,AWP,WE,Towers with Radar,0,0,28,2,30,0,1,206,0,207,0,1,234,2,237,352,0,352,589
01/22/2021,SEE,CA,AWP,WE,Towers with Radar,0,0,35,2,37,0,0,50,2,52,0,0,85,4,89,415,0,415,504
01/23/2021,SEE,CA,AWP,WE,Towers with Radar,0,0,15,0,15,0,0,12,2,14,0,0,27,2,29,93,18,111,140
01/24/2021,SEE,CA,AWP,WE,Towers with Radar,0,0,19,1,20,0,0,76,1,77,0,0,95,2,97,216,0,216,313
01/25/2021,SEE,CA,AWP,WE,Towers with Radar,0,0,3,2,5,0,0,2,3,5,0,0,5,5,10,0,0,0,10
01/26/2021,SEE,CA,AWP,WE,Towers with Radar,0,0,30,3,33,0,0,191,0,191,0,0,221,3,224,394,0,394,618
01/27/2021,SEE,CA,AWP,WE,Towers with Radar,0,1,27,3,31,0,2,204,1,207,0,3,231,4,238,279,0,279,517
01/28/2021,SEE,CA,AWP,WE,Towers with Radar,0,0,30,1,31,0,0,157,0,157,0,0,187,1,188,258,0,258,446
01/29/2021,SEE,CA,AWP,WE,Towers with Radar,0,0,6,2,8,0,0,24,0,24,0,0,30,2,32,10,0,10,42
01/30/2021,SEE,CA,AWP,WE,Towers with Radar,0,1,33,0,34,0,0,240,1,241,0,1,273,1,275,300,0,300,575
01/31/2021,SEE,CA,AWP,WE,Towers with Radar,0,2,16,0,18,0,3,184,0,187,0,5,200,0,205,168,0,168,373
02/01/2021,SEE,CA,AWP,WE,Towers with Radar,0,0,29,4,33,0,0,144,0,144,0,0,173,4,177,256,0,256,433
02/02/2021,SEE,CA,AWP,WE,Towers with Radar,0,2,32,3,37,0,0,215,0,215,0,2,247,3,252,496,0,496,748
02/03/2021,SEE,CA,AWP,WE,Towers with Radar,0,0,28,3,31,0,5,184,0,189,0,5,212,3,220,500,0,500,720
02/04/2021,SEE,CA,AWP,WE,Towers with Radar,0,2,44,1,47,0,1,166,0,167,0,3,210,1,214,492,0,492,706
02/05/2021,SEE,CA,AWP,WE,Towers with Radar,0,1,24,2,27,0,1,243,1,245,0,2,267,3,272,334,0,334,606
02/06/2021,SEE,CA,AWP,WE,Towers with Radar,0,1,21,0,22,0,0,237,0,237,0,1,258,0,259,375,0,375,634
02/07/2021,SEE,CA,AWP,WE,Towers with Radar,0,0,7,0,7,0,0,144,0,144,0,0,151,0,151,160,0,160,311
02/08/2021,SEE,CA,AWP,WE,Towers with Radar,0,0,14,4,18,0,0,145,1,146,0,0,159,5,164,241,0,241,405
02/09/2021,SEE,CA,AWP,WE,Towers with Radar,0,1,42,3,46,0,0,91,0,91,0,1,133,3,137,388,0,388,525
02/10/2021,SEE,CA,AWP,WE,Towers with Radar,0,0,39,0,39,0,0,140,1,141,0,0,179,1,180,518,0,518,698
02/11/2021,SEE,CA,AWP,WE,Towers with Radar,0,3,28,0,31,0,0,278,0,278,0,3,306,0,309,316,0,316,625
02/12/2021,SEE,CA,AWP,WE,Towers with Radar,0,1,12,2,15,0,0,44,0,44,0,1,56,2,59,79,0,79,138
02/13/2021,SEE,CA,AWP,WE,Towers with Radar,0,2,20,0,22,0,2,71,0,73,0,4,91,0,95,536,0,536,631
02/14/2021,SEE,CA,AWP,WE,Towers with Radar,0,5,24,1,30,0,2,143,0,145,0,7,167,1,175,339,0,339,514
02/15/2021,SEE,CA,AWP,WE,Towers with Radar,0,2,31,0,33,0,2,202,0,204,0,4,233,0,237,631,0,631,868
02/16/2021,SEE,CA,AWP,WE,Towers with Radar,0,1,33,4,38,0,3,64,1,68,0,4,97,5,106,225,0,225,331
02/17/2021,SEE,CA,AWP,WE,Towers with Radar,0,0,43,3,46,0,0,214,0,214,0,0,257,3,260,377,0,377,637
02/18/2021,SEE,CA,AWP,WE,Towers with Radar,0,0,25,2,27,0,2,202,1,205,0,2,227,3,232,293,0,293,525
02/19/2021,SEE,CA,AWP,WE,Towers with Radar,0,1,25,3,29,0,0,220,1,221,0,1,245,4,250,341,0,341,591
02/20/2021,SEE,CA,AWP,WE,Towers with Radar,0,2,25,0,27,0,2,194,0,196,0,4,219,0,223,353,0,353,576
02/21/2021,SEE,CA,AWP,WE,Towers with Radar,0,0,20,0,20,0,0,144,1,145,0,0,164,1,165,301,0,301,466
02/22/2021,SEE,CA,AWP,WE,Towers with Radar,0,2,34,8,44,0,1,222,0,223,0,3,256,8,267,362,0,362,629
02/23/2021,SEE,CA,AWP,WE,Towers with Radar,0,3,25,2,30,0,1,227,0,228,0,4,252,2,258,291,0,291,549
02/24/2021,SEE,CA,AWP,WE,Towers with Radar,0,0,29,0,29,0,3,264,3,270,0,3,293,3,299,327,26,353,652
02/25/2021,SEE,CA,AWP,WE,Towers with Radar,0,0,39,3,42,0,0,167,0,167,0,0,206,3,209,271,0,271,480
02/26/2021,SEE,CA,AWP,WE,Towers with Radar,0,0,30,3,33,0,0,222,0,222,0,0,252,3,255,281,0,281,536
02/27/2021,SEE,CA,AWP,WE,Towers with Radar,0,0,22,2,24,0,1,265,0,266,0,1,287,2,290,294,0,294,584
02/28/2021,SEE,CA,AWP,WE,Towers with Radar,0,0,27,0,27,0,0,149,0,149,0,0,176,0,176,137,0,137,313
03/01/2021,SEE,CA,AWP,WE,Towers with Radar,0,0,31,1,32,0,2,182,0,184,0,2,213,1,216,234,0,234,450
03/02/2021,SEE,CA,AWP,WE,Towers with Radar,0,0,30,0,30,0,0,208,6,214,0,0,238,6,244,265,0,265,509
03/03/2021,SEE,CA,AWP,WE,Towers with Radar,0,0,11,1,12,0,1,29,0,30,0,1,40,1,42,23,0,23,65
03/04/2021,SEE,CA,AWP,WE,Towers with Radar,0,1,27,0,28,0,2,228,0,230,0,3,255,0,258,221,0,221,479
03/05/2021,SEE,CA,AWP,WE,Towers with Radar,0,0,30,3,33,0,2,228,3,233,0,2,258,6,266,248,0,248,514
03/06/2021,SEE,CA,AWP,WE,Towers with Radar,0,1,27,0,28,0,3,209,0,212,0,4,236,0,240,201,0,201,441
03/07/2021,SEE,CA,AWP,WE,Towers with Radar,0,0,27,1,28,0,1,80,0,81,0,1,107,1,109,152,0,152,261
03/08/2021,SEE,CA,AWP,WE,Towers with Radar,0,2,40,1,43,0,0,90,0,90,0,2,130,1,133,318,0,318,451
03/09/2021,SEE,CA,AWP,WE,Towers with Radar,0,0,26,4,30,0,0,73,0,73,0,0,99,4,103,184,0,184,287
03/10/2021,SEE,CA,AWP,WE,Towers with Radar,0,2,8,3,13,0,0,23,0,23,0,2,31,3,36,123,0,123,159
03/11/2021,SEE,CA,AWP,WE,Towers with Radar,0,4,26,6,36,0,0,33,0,33,0,4,59,6,69,30,0,30,99
03/12/2021,SEE,CA,AWP,WE,Towers with Radar,0,0,14,5,19,0,2,109,1,112,0,2,123,6,131,233,0,233,364
03/13/2021,SEE,CA,AWP,WE,Towers with Radar,0,0,23,0,23,0,0,100,0,100,0,0,123,0,123,351,0,351,474
03/14/2021,SEE,CA,AWP,WE,Towers with Radar,0,0,41,1,42,0,0,108,0,108,0,0,149,1,150,269,0,269,419
03/15/2021,SEE,CA,AWP,WE,Towers with Radar,0,2,10,0,12,0,0,13,0,13,0,2,23,0,25,142,0,142,167
03/16/2021,SEE,CA,AWP,WE,Towers with Radar,0,0,43,1,44,0,1,190,0,191,0,1,233,1,235,350,0,350,585
03/17/2021,SEE,CA,AWP,WE,Towers with Radar,0,1,42,2,45,0,6,233,0,239,0,7,275,2,284,210,0,210,494
03/18/2021,SEE,CA,AWP,WE,Towers with Radar,0,0,37,1,38,0,0,220,0,220,0,0,257,1,258,139,0,139,397
03/19/2021,SEE,CA,AWP,WE,Towers with Radar,0,0,28,2,30,0,0,207,0,207,0,0,235,2,237,308,0,308,545
03/20/2021,SEE,CA,AWP,WE,Towers with Radar,0,2,23,1,26,0,1,105,0,106,0,3,128,1,132,272,0,272,404
03/21/2021,SEE,CA,AWP,WE,Towers with Radar,0,1,24,1,26,0,0,177,0,177,0,1,201,1,203,204,0,204,407
03/22/2021,SEE,CA,AWP,WE,Towers with Radar,0,2,37,1,40,0,1,191,2,194,0,3,228,3,234,274,0,274,508
03/23/2021,SEE,CA,AWP,WE,Towers with Radar,0,9,35,3,47,0,0,54,0,54,0,9,89,3,101,247,0,247,348
03/24/2021,SEE,CA,AWP,WE,Towers with Radar,0,0,50,1,51,0,0,211,1,212,0,0,261,2,263,235,0,235,498
03/25/2021,SEE,CA,AWP,WE,Towers with Radar,0,1,26,3,30,0,0,27,0,27,0,1,53,3,57,163,0,163,220
03/26/2021,SEE,CA,AWP,WE,Towers with Radar,0,0,20,4,24,0,0,114,0,114,0,0,134,4,138,430,0,430,568
03/27/2021,SEE,CA,AWP,WE,Towers with Radar,0,0,23,0,23,0,0,263,0,263,0,0,286,0,286,304,0,304,590
03/28/2021,SEE,CA,AWP,WE,Towers with Radar,0,5,23,0,28,0,2,188,0,190,0,7,211,0,218,294,0,294,512
03/29/2021,SEE,CA,AWP,WE,Towers with Radar,0,1,31,4,36,0,1,217,0,218,0,2,248,4,254,306,0,306,560
03/30/2021,SEE,CA,AWP,WE,Towers with Radar,0,5,29,0,34,0,1,200,0,201,0,6,229,0,235,219,0,219,454
03/31/2021,SEE,CA,AWP,WE,Towers with Radar,0,2,27,0,29,0,2,208,0,210,0,4,235,0,239,191,0,191,430
04/01/2021,SEE,CA,AWP,WE,Towers with Radar,0,0,29,4,33,0,0,187,0,187,0,0,216,4,220,284,0,284,504
04/02/2021,SEE,CA,AWP,WE,Towers with Radar,0,1,24,1,26,0,0,210,0,210,0,1,234,1,236,305,0,305,541
04/03/2021,SEE,CA,AWP,WE,Towers with Radar,0,0,26,2,28,0,2,140,0,142,0,2,166,2,170,212,0,212,382
04/04/2021,SEE,CA,AWP,WE,Towers with Radar,0,1,11,0,12,0,1,136,0,137,0,2,147,0,149,218,0,218,367
04/05/2021,SEE,CA,AWP,WE,Towers with Radar,0,0,28,2,30,0,3,177,2,182,0,3,205,4,212,194,0,194,406
04/06/2021,SEE,CA,AWP,WE,Towers with Radar,0,1,17,5,23,0,0,177,0,177,0,1,194,5,200,266,0,266,466
04/07/2021,SEE,CA,AWP,WE,Towers with Radar,0,2,25,2,29,0,4,217,0,221,0,6,242,2,250,326,0,326,576
04/08/2021,SEE,CA,AWP,WE,Towers with Radar,0,11,23,0,34,0,1,159,0,160,0,12,182,0,194,300,0,300,494
04/09/2021,SEE,CA,AWP,WE,Towers with Radar,0,0,24,5,29,0,0,167,0,167,0,0,191,5,196,326,0,326,522
04/10/2021,SEE,CA,AWP,WE,Towers with Radar,0,0,35,0,35,0,0,238,1,239,0,0,273,1,274,283,0,283,557
04/11/2021,SEE,CA,AWP,WE,Towers with Radar,0,0,15,0,15,0,6,151,1,158,0,6,166,1,173,143,0,143,316
04/12/2021,SEE,CA,AWP,WE,Towers with Radar,0,4,22,4,30,0,0,164,0,164,0,4,186,4,194,254,0,254,448
04/13/2021,SEE,CA,AWP,WE,Towers with Radar,0,4,29,4,37,0,0,45,0,45,0,4,74,4,82,241,0,241,323
04/14/2021,SEE,CA,AWP,WE,Towers with Radar,0,4,43,2,49,0,2,116,1,119,0,6,159,3,168,389,0,389,557
04/15/2021,SEE,CA,AWP,WE,Towers with Radar,0,2,36,3,41,0,0,225,1,226,0,2,261,4,267,340,0,340,607
04/16/2021,SEE,CA,AWP,WE,Towers with Radar,0,0,27,2,29,0,0,218,0,218,0,0,245,2,247,237,0,237,484
04/17/2021,SEE,CA,AWP,WE,Towers with Radar,0,0,28,1,29,0,1,253,1,255,0,1,281,2,284,276,0,276,560
04/18/2021,SEE,CA,AWP,WE,Towers with Radar,0,1,20,1,22,0,0,132,1,133,0,1,152,2,155,184,0,184,339
04/19/2021,SEE,CA,AWP,WE,Towers with Radar,0,0,20,5,25,0,5,192,2,199,0,5,212,7,224,393,0,393,617
04/20/2021,SEE,CA,AWP,WE,Towers with Radar,0,2,30,5,37,0,4,173,1,178,0,6,203,6,215,310,0,310,525
04/21/2021,SEE,CA,AWP,WE,Towers with Radar,0,2,59,2,63,0,1,80,1,82,0,3,139,3,145,417,0,417,562
04/22/2021,SEE,CA,AWP,WE,Towers with Radar,0,4,45,0,49,0,1,44,0,45,0,5,89,0,94,305,0,305,399
04/23/2021,SEE,CA,AWP,WE,Towers with Radar,0,0,37,1,38,0,0,79,1,80,0,0,116,2,118,481,0,481,599
04/24/2021,SEE,CA,AWP,WE,Towers with Radar,0,1,31,0,32,0,1,198,0,199,0,2,229,0,231,290,0,290,521
04/25/2021,SEE,CA,AWP,WE,Towers with Radar,0,1,24,1,26,0,0,143,0,143,0,1,167,1,169,279,0,279,448
04/26/2021,SEE,CA,AWP,WE,Towers with Radar,0,0,14,1,15,0,0,26,0,26,0,0,40,1,41,22,0,22,63
04/27/2021,SEE,CA,AWP,WE,Towers with Radar,0,0,29,4,33,0,27,145,0,172,0,27,174,4,205,394,0,394,599
04/28/2021,SEE,CA,AWP,WE,Towers with Radar,0,1,33,3,37,0,0,256,0,256,0,1,289,3,293,319,0,319,612
04/29/2021,SEE,CA,AWP,WE,Towers with Radar,0,2,29,3,34,0,0,218,0,218,0,2,247,3,252,256,0,256,508
04/30/2021,SEE,CA,AWP,WE,Towers with Radar,0,0,33,0,33,0,2,216,0,218,0,2,249,0,251,268,0,268,519
05/01/2021,SEE,CA,AWP,WE,Towers with Radar,0,0,21,0,21,0,0,195,1,196,0,0,216,1,217,131,0,131,348
05/02/2021,SEE,CA,AWP,WE,Towers with Radar,0,2,30,3,35,0,11,30,0,41,0,13,60,3,76,133,0,133,209
05/03/2021,SEE,CA,AWP,WE,Towers with Radar,0,0,29,4,33,0,1,169,0,170,0,1,198,4,203,222,0,222,425
05/04/2021,SEE,CA,AWP,WE,Towers with Radar,0,0,33,5,38,0,0,185,1,186,0,0,218,6,224,354,0,354,578
05/05/2021,SEE,CA,AWP,WE,Towers with Radar,0,0,34,5,39,0,0,188,0,188,0,0,222,5,227,312,0,312,539
05/06/2021,SEE,CA,AWP,WE,Towers with Radar,0,1,35,1,37,0,0,163,0,163,0,1,198,1,200,271,0,271,471
05/07/2021,SEE,CA,AWP,WE,Towers with Radar,0,3,31,5,39,0,1,192,0,193,0,4,223,5,232,403,0,403,635
05/08/2021,SEE,CA,AWP,WE,Towers with Radar,0,0,36,0,36,0,0,196,0,196,0,0,232,0,232,185,0,185,417
05/09/2021,SEE,CA,AWP,WE,Towers with Radar,0,0,21,0,21,0,0,89,0,89,0,0,110,0,110,71,0,71,181
05/10/2021,SEE,CA,AWP,WE,Towers with Radar,0,3,29,5,37,0,1,136,0,137,0,4,165,5,174,288,0,288,462
05/11/2021,SEE,CA,AWP,WE,Towers with Radar,0,0,38,3,41,0,1,152,2,155,0,1,190,5,196,440,0,440,636
05/12/2021,SEE,CA,AWP,WE,Towers with Radar,0,2,21,3,26,0,0,155,1,156,0,2,176,4,182,325,0,325,507
05/13/2021,SEE,CA,AWP,WE,Towers with Radar,0,0,27,1,28,0,1,167,0,168,0,1,194,1,196,393,0,393,589
05/14/2021,SEE,CA,AWP,WE,Towers with Radar,0,0,30,3,33,0,0,222,0,222,0,0,252,3,255,310,0,310,565
05/15/2021,SEE,CA,AWP,WE,Towers with Radar,0,0,28,2,30,0,1,167,0,168,0,1,195,2,198,220,0,220,418
05/16/2021,SEE,CA,AWP,WE,Towers with Radar,0,1,36,0,37,0,0,29,0,29,0,1,65,0,66,171,0,171,237
05/17/2021,SEE,CA,AWP,WE,Towers with Radar,0,2,28,3,33,0,2,54,0,56,0,4,82,3,89,304,0,304,393
05/18/2021,SEE,CA,AWP,WE,Towers with Radar,0,6,40,2,48,0,5,152,0,157,0,11,192,2,205,409,0,409,614
05/19/2021,SEE,CA,AWP,WE,Towers with Radar,0,0,36,3,39,0,1,164,0,165,0,1,200,3,204,213,0,213,417
05/20/2021,SEE,CA,AWP,WE,Towers with Radar,0,8,50,1,59,0,0,97,1,98,0,8,147,2,157,172,0,172,329
05/21/2021,SEE,CA,AWP,WE,Towers with Radar,0,2,27,4,33,0,2,101,0,103,0,4,128,4,136,127,0,127,263
05/22/2021,SEE,CA,AWP,WE,Towers with Radar,0,4,34,0,38,0,2,158,0,160,0,6,192,0,198,174,0,174,372
05/23/2021,SEE,CA,AWP,WE,Towers with Radar,0,2,22,0,24,0,0,186,1,187,0,2,208,1,211,161,0,161,372
05/24/2021,SEE,CA,AWP,WE,Towers with Radar,0,0,32,2,34,0,0,229,0,229,0,0,261,2,263,434,0,434,697
05/25/2021,SEE,CA,AWP,WE,Towers with Radar,0,2,18,3,23,0,0,221,1,222,0,2,239,4,245,446,0,446,691
05/26/2021,SEE,CA,AWP,WE,Towers with Radar,0,5,42,4,51,0,0,200,0,200,0,5,242,4,251,313,0,313,564
05/27/2021,SEE,CA,AWP,WE,Towers with Radar,0,0,24,0,24,0,0,218,0,218,0,0,242,0,242,243,0,243,485
05/28/2021,SEE,CA,AWP,WE,Towers with Radar,0,0,37,2,39,0,0,210,0,210,0,0,247,2,249,206,0,206,455
05/29/2021,SEE,CA,AWP,WE,Towers with Radar,0,0,30,0,30,0,0,143,1,144,0,0,173,1,174,224,0,224,398
05/30/2021,SEE,CA,AWP,WE,Towers with Radar,0,3,14,0,17,0,3,147,0,150,0,6,161,0,167,202,0,202,369
05/31/2021,SEE,CA,AWP,WE,Towers with Radar,0,0,32,0,32,0,3,148,1,152,0,3,180,1,184,223,0,223,407
06/01/2021,SEE,CA,AWP,WE,Towers with Radar,0,6,42,3,51,0,0,182,0,182,0,6,224,3,233,350,0,350,583
06/02/2021,SEE,CA,AWP,WE,Towers with Radar,0,1,31,2,34,0,0,137,4,141,0,1,168,6,175,323,0,323,498
06/03/2021,SEE,CA,AWP,WE,Towers with Radar,0,3,26,1,30,0,0,175,0,175,0,3,201,1,205,447,0,447,652
06/04/2021,SEE,CA,AWP,WE,Towers with Radar,0,0,38,1,39,0,0,219,0,219,0,0,257,1,258,409,0,409,667
06/05/2021,SEE,CA,AWP,WE,Towers with Radar,0,0,19,1,20,0,2,205,1,208,0,2,224,2,228,271,0,271,499
06/06/2021,SEE,CA,AWP,WE,Towers with Radar,0,0,23,2,25,0,0,102,0,102,0,0,125,2,127,230,0,230,357
06/07/2021,SEE,CA,AWP,WE,Towers with Radar,0,0,21,4,25,0,1,49,0,50,0,1,70,4,75,499,0,499,574
06/08/2021,SEE,CA,AWP,WE,Towers with Radar,0,0,26,3,29,0,1,179,2,182,0,1,205,5,211,311,0,311,522
06/09/2021,SEE,CA,AWP,WE,Towers with Radar,0,3,21,3,27,0,0,161,1,162,0,3,182,4,189,357,0,357,546
06/10/2021,SEE,CA,AWP,WE,Towers with Radar,0,3,32,2,37,0,1,198,2,201,0,4,230,4,238,231,0,231,469
06/11/2021,SEE,CA,AWP,WE,Towers with Radar,0,2,36,1,39,0,0,171,0,171,0,2,207,1,210,247,0,247,457
06/12/2021,SEE,CA,AWP,WE,Towers with Radar,0,0,14,1,15,0,2,189,2,193,0,2,203,3,208,157,0,157,365
06/13/2021,SEE,CA,AWP,WE,Towers with Radar,0,1,28,0,29,0,0,149,0,149,0,1,177,0,178,195,0,195,373
06/14/2021,SEE,CA,AWP,WE,Towers with Radar,0,0,29,1,30,0,0,151,0,151,0,0,180,1,181,218,0,218,399
06/15/2021,SEE,CA,AWP,WE,Towers with Radar,0,3,25,5,33,0,1,155,0,156,0,4,180,5,189,226,0,226,415
06/16/2021,SEE,CA,AWP,WE,Towers with Radar,0,0,17,5,22,0,0,150,2,152,0,0,167,7,174,217,0,217,391
06/17/2021,SEE,CA,AWP,WE,Towers with Radar,0,1,27,3,31,0,0,110,0,110,0,1,137,3,141,257,0,257,398
06/18/2021,SEE,CA,AWP,WE,Towers with Radar,0,2,32,1,35,0,1,182,0,183,0,3,214,1,218,180,0,180,398
06/19/2021,SEE,CA,AWP,WE,Towers with Radar,0,0,35,0,35,0,0,212,0,212,0,0,247,0,247,239,0,239,486
06/20/2021,SEE,CA,AWP,WE,Towers with Radar,0,2,31,0,33,0,0,154,1,155,0,2,185,1,188,174,0,174,362
06/21/2021,SEE,CA,AWP,WE,Towers with Radar,0,2,34,2,38,0,3,161,2,166,0,5,195,4,204,190,0,190,394
06/22/2021,SEE,CA,AWP,WE,Towers with Radar,0,0,32,3,35,0,0,132,0,132,0,0,164,3,167,354,0,354,521
06/23/2021,SEE,CA,AWP,WE,Towers with Radar,0,2,13,1,16,0,0,110,2,112,0,2,123,3,128,320,0,320,448
06/24/2021,SEE,CA,AWP,WE,Towers with Radar,0,1,34,0,35,0,1,181,1,183,0,2,215,1,218,251,0,251,469
06/25/2021,SEE,CA,AWP,WE,Towers with Radar,0,0,33,3,36,0,1,228,0,229,0,1,261,3,265,134,0,134,399
06/26/2021,SEE,CA,AWP,WE,Towers with Radar,0,0,21,0,21,0,2,176,0,178,0,2,197,0,199,160,0,160,359
06/27/2021,SEE,CA,AWP,WE,Towers with Radar,0,0,19,1,20,0,0,220,1,221,0,0,239,2,241,197,0,197,438
06/28/2021,SEE,CA,AWP,WE,Towers with Radar,0,2,45,2,49,0,0,186,0,186,0,2,231,2,235,229,0,229,464
06/29/2021,SEE,CA,AWP,WE,Towers with Radar,0,0,34,6,40,0,0,133,0,133,0,0,167,6,173,310,0,310,483
06/30/2021,SEE,CA,AWP,WE,Towers with Radar,0,0,35,2,37,0,0,148,1,149,0,0,183,3,186,266,1,267,453
07/01/2021,SEE,CA,AWP,WE,Towers with Radar,0,2,40,4,46,0,1,199,0,200,0,3,239,4,246,253,0,253,499
07/02/2021,SEE,CA,AWP,WE,Towers with Radar,0,0,30,0,30,0,0,183,0,183,0,0,213,0,213,290,0,290,503
07/03/2021,SEE,CA,AWP,WE,Towers with Radar,0,0,20,1,21,0,1,189,0,190,0,1,209,1,211,232,0,232,443
07/04/2021,SEE,CA,AWP,WE,Towers with Radar,0,0,7,0,7,0,0,117,0,117,0,0,124,0,124,154,0,154,278
07/05/2021,SEE,CA,AWP,WE,Towers with Radar,0,0,25,0,25,0,0,181,0,181,0,0,206,0,206,294,0,294,500
07/06/2021,SEE,CA,AWP,WE,Towers with Radar,0,1,41,2,44,0,0,159,1,160,0,1,200,3,204,246,0,246,450
07/07/2021,SEE,CA,AWP,WE,Towers with Radar,0,0,21,4,25,0,0,161,0,161,0,0,182,4,186,207,0,207,393
07/08/2021,SEE,CA,AWP,WE,Towers with Radar,0,0,21,3,24,25,0,133,0,158,25,0,154,3,182,201,0,201,383
07/09/2021,SEE,CA,AWP,WE,Towers with Radar,0,0,15,3,18,0,0,174,0,174,0,0,189,3,192,368,0,368,560
07/10/2021,SEE,CA,AWP,WE,Towers with Radar,0,0,24,1,25,0,0,192,0,192,0,0,216,1,217,181,0,181,398
07/11/2021,SEE,CA,AWP,WE,Towers with Radar,0,2,18,1,21,0,0,143,0,143,0,2,161,1,164,250,0,250,414
07/12/2021,SEE,CA,AWP,WE,Towers with Radar,0,5,30,2,37,0,0,108,0,108,0,5,138,2,145,201,0,201,346
07/13/2021,SEE,CA,AWP,WE,Towers with Radar,0,2,27,4,33,0,1,160,0,161,0,3,187,4,194,209,0,209,403
07/14/2021,SEE,CA,AWP,WE,Towers with Radar,0,1,29,5,35,0,1,153,0,154,0,2,182,5,189,190,0,190,379
07/15/2021,SEE,CA,AWP,WE,Towers with Radar,0,3,27,2,32,0,0,194,1,195,0,3,221,3,227,214,0,214,441
07/16/2021,SEE,CA,AWP,WE,Towers with Radar,0,2,21,0,23,0,1,226,0,227,0,3,247,0,250,252,0,252,502
07/17/2021,SEE,CA,AWP,WE,Towers with Radar,0,2,15,0,17,0,0,186,1,187,0,2,201,1,204,167,0,167,371
07/18/2021,SEE,CA,AWP,WE,Towers with Radar,0,7,25,1,33,0,5,111,0,116,0,12,136,1,149,89,0,89,238
07/19/2021,SEE,CA,AWP,WE,Towers with Radar,0,0,22,2,24,0,1,164,1,166,0,1,186,3,190,214,0,214,404
07/20/2021,SEE,CA,AWP,WE,Towers with Radar,0,2,17,2,21,0,0,157,1,158,0,2,174,3,179,178,0,178,357
07/21/2021,SEE,CA,AWP,WE,Towers with Radar,0,3,20,3,26,0,0,189,0,189,0,3,209,3,215,181,0,181,396
07/22/2021,SEE,CA,AWP,WE,Towers with Radar,0,4,23,1,28,0,1,114,0,115,0,5,137,1,143,262,0,262,405
07/23/2021,SEE,CA,AWP,WE,Towers with Radar,0,0,23,2,25,0,0,190,0,190,0,0,213,2,215,290,0,290,505
07/24/2021,SEE,CA,AWP,WE,Towers with Radar,0,0,20,0,20,0,2,185,0,187,0,2,205,0,207,237,0,237,444
07/25/2021,SEE,CA,AWP,WE,Towers with Radar,0,0,30,0,30,0,1,83,0,84,0,1,113,0,114,164,0,164,278
07/26/2021,SEE,CA,AWP,WE,Towers with Radar,0,0,23,0,23,0,0,34,0,34,0,0,57,0,57,159,0,159,216
07/27/2021,SEE,CA,AWP,WE,Towers with Radar,0,0,18,4,22,0,0,143,1,144,0,0,161,5,166,303,0,303,469
07/28/2021,SEE,CA,AWP,WE,Towers with Radar,0,3,28,1,32,0,0,193,5,198,0,3,221,6,230,238,0,238,468
07/29/2021,SEE,CA,AWP,WE,Towers with Radar,0,0,34,4,38,0,0,158,0,158,0,0,192,4,196,181,0,181,377
07/30/2021,SEE,CA,AWP,WE,Towers with Radar,0,0,37,2,39,0,0,132,1,133,0,0,169,3,172,277,0,277,449
07/31/2021,SEE,CA,AWP,WE,Towers with Radar,0,2,19,1,22,0,0,164,0,164,0,2,183,1,186,341,0,341,527
08/01/2021,SEE,CA,AWP,WE,Towers with Radar,0,1,18,0,19,0,1,138,0,139,0,2,156,0,158,136,0,136,294
08/02/2021,SEE,CA,AWP,WE,Towers with Radar,0,0,33,2,35,0,1,179,0,180,0,1,212,2,215,164,0,164,379
08/03/2021,SEE,CA,AWP,WE,Towers with Radar,0,1,24,3,28,0,0,174,0,174,0,1,198,3,202,228,0,228,430
08/04/2021,SEE,CA,AWP,WE,Towers with Radar,0,2,26,1,29,0,0,177,1,178,0,2,203,2,207,209,0,209,416
08/05/2021,SEE,CA,AWP,WE,Towers with Radar,0,2,33,0,35,0,1,156,0,157,0,3,189,0,192,253,0,253,445
08/06/2021,SEE,CA,AWP,WE,Towers with Radar,0,2,37,0,39,0,1,117,1,119,0,3,154,1,158,165,0,165,323
08/07/2021,SEE,CA,AWP,WE,Towers with Radar,0,2,15,0,17,0,0,161,0,161,0,2,176,0,178,310,0,310,488
08/08/2021,SEE,CA,AWP,WE,Towers with Radar,0,1,33,0,34,0,0,122,0,122,0,1,155,0,156,145,0,145,301
08/09/2021,SEE,CA,AWP,WE,Towers with Radar,0,2,21,1,24,0,0,169,0,169,0,2,190,1,193,177,0,177,370
08/10/2021,SEE,CA,AWP,WE,Towers with Radar,0,0,21,3,24,0,2,135,0,137,0,2,156,3,161,264,0,264,425
08/11/2021,SEE,CA,AWP,WE,Towers with Radar,0,1,18,2,21,0,3,177,0,180,0,4,195,2,201,223,0,223,424
08/12/2021,SEE,CA,AWP,WE,Towers with Radar,0,2,17,1,20,0,1,161,3,165,0,3,178,4,185,208,0,208,393
08/13/2021,SEE,CA,AWP,WE,Towers with Radar,0,2,32,2,36,0,0,198,0,198,0,2,230,2,234,222,0,222,456
08/14/2021,SEE,CA,AWP,WE,Towers with Radar,0,3,24,1,28,0,0,179,0,179,0,3,203,1,207,222,0,222,429
08/15/2021,SEE,CA,AWP,WE,Towers with Radar,0,0,23,1,24,0,0,134,0,134,0,0,157,1,158,177,0,177,335
08/16/2021,SEE,CA,AWP,WE,Towers with Radar,0,1,22,1,24,0,0,148,0,148,0,1,170,1,172,213,0,213,385
08/17/2021,SEE,CA,AWP,WE,Towers with Radar,0,0,30,3,33,0,6,157,0,163,0,6,187,3,196,326,0,326,522
08/18/2021,SEE,CA,AWP,WE,Towers with Radar,0,0,25,2,27,0,0,41,2,43,0,0,66,4,70,350,0,350,420
08/19/2021,SEE,CA,AWP,WE,Towers with Radar,0,0,28,1,29,0,0,96,0,96,0,0,124,1,125,306,0,306,431
08/20/2021,SEE,CA,AWP,WE,Towers with Radar,0,2,34,2,38,0,1,123,0,124,0,3,157,2,162,293,0,293,455
08/21/2021,SEE,CA,AWP,WE,Towers with Radar,0,5,23,2,30,0,1,57,0,58,0,6,80,2,88,127,0,127,215
08/22/2021,SEE,CA,AWP,WE,Towers with Radar,0,0,25,0,25,0,0,105,0,105,0,0,130,0,130,231,0,231,361
08/23/2021,SEE,CA,AWP,WE,Towers with Radar,0,1,18,2,21,0,0,147,0,147,0,1,165,2,168,276,0,276,444
08/24/2021,SEE,CA,AWP,WE,Towers with Radar,0,0,30,2,32,0,0,188,2,190,0,0,218,4,222,282,0,282,504
08/25/2021,SEE,CA,AWP,WE,Towers with Radar,0,4,24,3,31,0,1,206,0,207,0,5,230,3,238,338,0,338,576
08/26/2021,SEE,CA,AWP,WE,Towers with Radar,0,1,39,0,40,0,1,168,0,169,0,2,207,0,209,246,0,246,455
08/27/2021,SEE,CA,AWP,WE,Towers with Radar,0,0,22,1,23,0,1,201,0,202,0,1,223,1,225,277,0,277,502
08/28/2021,SEE,CA,AWP,WE,Towers with Radar,0,1,18,0,19,0,1,216,0,217,0,2,234,0,236,359,0,359,595
08/29/2021,SEE,CA,AWP,WE,Towers with Radar,0,1,21,0,22,0,0,151,0,151,0,1,172,0,173,134,0,134,307
08/30/2021,SEE,CA,AWP,WE,Towers with Radar,0,1,20,1,22,0,1,100,0,101,0,2,120,1,123,270,0,270,393
08/31/2021,SEE,CA,AWP,WE,Towers with Radar,0,1,27,2,30,0,1,57,0,58,0,2,84,2,88,242,0,242,330
09/01/2021,SEE,CA,AWP,WE,Towers with Radar,0,1,32,4,37,0,0,95,0,95,0,1,127,4,132,308,0,308,440
09/02/2021,SEE,CA,AWP,WE,Towers with Radar,0,0,40,2,42,0,1,182,0,183,0,1,222,2,225,261,0,261,486
09/03/2021,SEE,CA,AWP,WE,Towers with Radar,0,1,27,0,28,0,0,237,1,238,0,1,264,1,266,205,0,205,471
09/04/2021,SEE,CA,AWP,WE,Towers with Radar,0,2,16,0,18,0,2,239,1,242,0,4,255,1,260,290,0,290,550
09/05/2021,SEE,CA,AWP,WE,Towers with Radar,0,0,13,0,13,0,0,194,0,194,0,0,207,0,207,148,0,148,355
09/06/2021,SEE,CA,AWP,WE,Towers with Radar,0,1,21,0,22,0,1,183,1,185,0,2,204,1,207,142,0,142,349
09/07/2021,SEE,CA,AWP,WE,Towers with Radar,0,1,26,2,29,0,1,147,0,148,0,2,173,2,177,198,0,198,375
09/08/2021,SEE,CA,AWP,WE,Towers with Radar,0,0,34,4,38,0,1,193,0,194,0,1,227,4,232,242,0,242,474
09/09/2021,SEE,CA,AWP,WE,Towers with Radar,0,3,25,2,30,0,0,161,0,161,0,3,186,2,191,177,0,177,368
09/10/2021,SEE,CA,AWP,WE,Towers with Radar,0,3,26,0,29,0,2,191,0,193,0,5,217,0,222,304,0,304,526
09/11/2021,SEE,CA,AWP,WE,Towers with Radar,0,0,20,1,21,0,2,176,0,178,0,2,196,1,199,233,0,233,432
09/12/2021,SEE,CA,AWP,WE,Towers with Radar,0,0,20,1,21,0,1,151,0,152,0,1,171,1,173,246,0,246,419
09/13/2021,SEE,CA,AWP,WE,Towers with Radar,0,1,34,4,39,0,2,183,0,185,0,3,217,4,224,193,0,193,417
09/14/2021,SEE,CA,AWP,WE,Towers with Radar,0,2,30,4,36,0,1,183,0,184,0,3,213,4,220,196,0,196,416
09/15/2021,SEE,CA,AWP,WE,Towers with Radar,0,1,22,3,26,0,0,171,1,172,0,1,193,4,198,358,0,358,556
09/16/2021,SEE,CA,AWP,WE,Towers with Radar,0,2,31,4,37,0,1,168,0,169,0,3,199,4,206,175,0,175,381
09/17/2021,SEE,CA,AWP,WE,Towers with Radar,0,0,32,2,34,0,0,186,0,186,0,0,218,2,220,312,0,312,532
09/18/2021,SEE,CA,AWP,WE,Towers with Radar,0,0,14,0,14,0,2,221,0,223,0,2,235,0,237,273,0,273,510
09/19/2021,SEE,CA,AWP,WE,Towers with Radar,0,0,27,1,28,0,0,174,0,174,0,0,201,1,202,273,0,273,475
09/20/2021,SEE,CA,AWP,WE,Towers with Radar,0,0,30,3,33,0,1,194,0,195,0,1,224,3,228,274,0,274,502
09/21/2021,SEE,CA,AWP,WE,Towers with Radar,0,3,22,3,28,0,1,221,0,222,0,4,243,3,250,219,0,219,469
09/22/2021,SEE,CA,AWP,WE,Towers with Radar,0,4,25,2,31,0,1,158,2,161,0,5,183,4,192,223,0,223,415
09/23/2021,SEE,CA,AWP,WE,Towers with Radar,0,0,32,2,34,0,0,182,0,182,0,0,214,2,216,180,0,180,396
09/24/2021,SEE,CA,AWP,WE,Towers with Radar,0,1,20,0,21,0,0,126,1,127,0,1,146,1,148,227,0,227,375
09/25/2021,SEE,CA,AWP,WE,Towers with Radar,0,1,14,0,15,0,0,180,0,180,0,1,194,0,195,299,0,299,494
09/26/2021,SEE,CA,AWP,WE,Towers with Radar,0,3,40,2,45,0,1,43,1,45,0,4,83,3,90,151,0,151,241
09/27/2021,SEE,CA,AWP,WE,Towers with Radar,0,5,29,1,35,0,0,53,0,53,0,5,82,1,88,32,0,32,120
09/28/2021,SEE,CA,AWP,WE,Towers with Radar,0,2,46,2,50,0,0,100,0,100,0,2,146,2,150,425,0,425,575
09/29/2021,SEE,CA,AWP,WE,Towers with Radar,0,2,42,4,48,0,0,193,1,194,0,2,235,5,242,329,0,329,571
09/30/2021,SEE,CA,AWP,WE,Towers with Radar,0,0,35,1,36,0,0,211,1,212,0,0,246,2,248,268,0,268,516
10/01/2021,SEE,CA,AWP,WE,Towers with Radar,0,4,27,2,33,0,2,226,0,228,0,6,253,2,261,332,0,332,593
10/02/2021,SEE,CA,AWP,WE,Towers with Radar,0,0,22,0,22,0,2,209,0,211,0,2,231,0,233,256,0,256,489
10/03/2021,SEE,CA,AWP,WE,Towers with Radar,0,0,17,0,17,0,0,139,0,139,0,0,156,0,156,188,0,188,344
10/04/2021,SEE,CA,AWP,WE,Towers with Radar,0,0,18,2,20,0,0,141,0,141,0,0,159,2,161,313,0,313,474
10/05/2021,SEE,CA,AWP,WE,Towers with Radar,0,0,39,3,42,0,1,89,0,90,0,1,128,3,132,269,0,269,401
10/06/2021,SEE,CA,AWP,WE,Towers with Radar,0,2,38,4,44,0,0,68,0,68,0,2,106,4,112,342,0,342,454
10/07/2021,SEE,CA,AWP,WE,Towers with Radar,0,3,31,1,35,0,0,51,0,51,0,3,82,1,86,225,0,225,311
10/08/2021,SEE,CA,AWP,WE,Towers with Radar,0,3,17,3,23,0,0,41,0,41,0,3,58,3,64,166,0,166,230
10/09/2021,SEE,CA,AWP,WE,Towers with Radar,0,2,24,0,26,0,1,197,0,198,0,3,221,0,224,196,0,196,420
10/10/2021,SEE,CA,AWP,WE,Towers with Radar,0,0,20,1,21,0,0,191,0,191,0,0,211,1,212,187,0,187,399
10/11/2021,SEE,CA,AWP,WE,Towers with Radar,0,4,18,0,22,0,1,74,0,75,0,5,92,0,97,121,0,121,218
10/12/2021,SEE,CA,AWP,WE,Towers with Radar,0,1,22,4,27,0,0,194,0,194,0,1,216,4,221,282,0,282,503
10/13/2021,SEE,CA,AWP,WE,Towers with Radar,0,1,33,4,38,0,2,196,0,198,0,3,229,4,236,192,0,192,428
10/14/2021,SEE,CA,AWP,WE,Towers with Radar,0,2,30,4,36,0,1,192,0,193,0,3,222,4,229,283,0,283,512
10/15/2021,SEE,CA,AWP,WE,Towers with Radar,0,1,16,3,20,0,2,147,0,149,0,3,163,3,169,267,0,267,436
10/16/2021,SEE,CA,AWP,WE,Towers with Radar,0,0,16,0,16,0,3,197,1,201,0,3,213,1,217,293,0,293,510
10/17/2021,SEE,CA,AWP,WE,Towers with Radar,0,1,26,0,27,0,2,159,0,161,0,3,185,0,188,140,0,140,328
10/18/2021,SEE,CA,AWP,WE,Towers with Radar,0,2,23,5,30,0,0,47,0,47,0,2,70,5,77,128,0,128,205
10/19/2021,SEE,CA,AWP,WE,Towers with Radar,0,0,27,2,29,0,0,161,0,161,0,0,188,2,190,284,0,284,474
10/20/2021,SEE,CA,AWP,WE,Towers with Radar,0,0,26,2,28,0,5,161,0,166,0,5,187,2,194,192,0,192,386
10/21/2021,SEE,CA,AWP,WE,Towers with Radar,0,4,26,1,31,0,0,186,0,186,0,4,212,1,217,362,0,362,579
10/22/2021,SEE,CA,AWP,WE,Towers with Radar,0,3,22,2,27,0,0,135,0,135,0,3,157,2,162,227,0,227,389
10/23/2021,SEE,CA,AWP,WE,Towers with Radar,0,0,13,1,14,0,2,54,2,58,0,2,67,3,72,183,0,183,255
10/24/2021,SEE,CA,AWP,WE,Towers with Radar,0,0,12,2,14,0,1,176,1,178,0,1,188,3,192,240,0,240,432
10/25/2021,SEE,CA,AWP,WE,Towers with Radar,0,0,17,0,17,0,1,13,0,14,0,1,30,0,31,174,0,174,205
10/26/2021,SEE,CA,AWP,WE,Towers with Radar,0,2,36,6,44,0,2,147,0,149,0,4,183,6,193,357,0,357,550
10/27/2021,SEE,CA,AWP,WE,Towers with Radar,0,1,36,3,40,0,0,190,0,190,0,1,226,3,230,192,0,192,422
10/28/2021,SEE,CA,AWP,WE,Towers with Radar,0,4,33,2,39,0,1,158,1,160,0,5,191,3,199,277,0,277,476
10/29/2021,SEE,CA,AWP,WE,Towers with Radar,0,0,16,0,16,0,0,198,0,198,0,0,214,0,214,263,0,263,477
10/30/2021,SEE,CA,AWP,WE,Towers with Radar,0,1,18,1,20,0,1,174,0,175,0,2,192,1,195,143,0,143,338
10/31/2021,SEE,CA,AWP,WE,Towers with Radar,0,2,19,0,21,0,2,122,0,124,0,4,141,0,145,103,0,103,248
11/01/2021,SEE,CA,AWP,WE,Towers with Radar,0,0,22,2,24,0,0,97,0,97,0,0,119,2,121,221,0,221,342
11/02/2021,SEE,CA,AWP,WE,Towers with Radar,0,1,25,1,27,0,0,123,3,126,0,1,148,4,153,211,0,211,364
11/03/2021,SEE,CA,AWP,WE,Towers with Radar,0,4,35,1,40,0,1,200,1,202,0,5,235,2,242,264,0,264,506
11/04/2021,SEE,CA,AWP,WE,Towers with Radar,0,2,29,4,35,0,2,187,2,191,0,4,216,6,226,310,0,310,536
11/05/2021,SEE,CA,AWP,WE,Towers with Radar,0,1,25,0,26,0,2,180,0,182,0,3,205,0,208,168,0,168,376
11/06/2021,SEE,CA,AWP,WE,Towers with Radar,0,4,20,1,25,0,0,128,3,131,0,4,148,4,156,162,0,162,318
11/07/2021,SEE,CA,AWP,WE,Towers with Radar,0,0,20,0,20,0,1,152,4,157,0,1,172,4,177,235,0,235,412
11/08/2021,SEE,CA,AWP,WE,Towers with Radar,0,2,26,1,29,0,0,178,4,182,0,2,204,5,211,279,0,279,490
11/09/2021,SEE,CA,AWP,WE,Towers with Radar,0,2,28,1,31,0,5,163,0,168,0,7,191,1,199,367,0,367,566
11/10/2021,SEE,CA,AWP,WE,Towers with Radar,0,0,37,3,40,0,0,165,4,169,0,0,202,7,209,316,0,316,525
11/11/2021,SEE,CA,AWP,WE,Towers with Radar,0,2,21,1,24,0,2,150,0,152,0,4,171,1,176,217,0,217,393
11/12/2021,SEE,CA,AWP,WE,Towers with Radar,0,1,15,3,19,0,1,158,2,161,0,2,173,5,180,237,0,237,417
11/13/2021,SEE,CA,AWP,WE,Towers with Radar,0,0,21,0,21,0,0,194,2,196,0,0,215,2,217,237,0,237,454
11/14/2021,SEE,CA,AWP,WE,Towers with Radar,0,0,34,1,35,0,0,217,0,217,0,0,251,1,252,180,0,180,432
11/15/2021,SEE,CA,AWP,WE,Towers with Radar,0,3,14,2,19,0,1,191,4,196,0,4,205,6,215,249,0,249,464
11/16/2021,SEE,CA,AWP,WE,Towers with Radar,0,3,28,4,35,1,2,151,3,157,1,5,179,7,192,283,0,283,475
11/17/2021,SEE,CA,AWP,WE,Towers with Radar,0,4,29,2,35,0,1,212,1,214,0,5,241,3,249,326,0,326,575
11/18/2021,SEE,CA,AWP,WE,Towers with Radar,0,4,23,1,28,0,1,111,4,116,0,5,134,5,144,217,10,227,371
11/19/2021,SEE,CA,AWP,WE,Towers with Radar,0,4,24,1,29,0,0,125,0,125,0,4,149,1,154,236,0,236,390
11/20/2021,SEE,CA,AWP,WE,Towers with Radar,0,0,23,0,23,0,0,163,0,163,0,0,186,0,186,161,0,161,347
11/21/2021,SEE,CA,AWP,WE,Towers with Radar,0,0,15,0,15,0,0,113,0,113,0,0,128,0,128,104,0,104,232
11/22/2021,SEE,CA,AWP,WE,Towers with Radar,0,1,31,1,33,0,2,148,0,150,0,3,179,1,183,337,0,337,520
11/23/2021,SEE,CA,AWP,WE,Towers with Radar,0,3,21,1,25,0,0,140,0,140,0,3,161,1,165,265,0,265,430
11/24/2021,SEE,CA,AWP,WE,Towers with Radar,0,2,32,2,36,0,1,170,0,171,0,3,202,2,207,244,0,244,451
11/25/2021,SEE,CA,AWP,WE,Towers with Radar,0,0,0,0,0,0,0,39,0,39,0,0,39,0,39,8,0,8,47
11/26/2021,SEE,CA,AWP,WE,Towers with Radar,0,0,14,1,15,0,0,138,0,138,0,0,152,1,153,137,0,137,290
11/27/2021,SEE,CA,AWP,WE,Towers with Radar,0,0,16,0,16,0,0,163,0,163,0,0,179,0,179,139,0,139,318
11/28/2021,SEE,CA,AWP,WE,Towers with Radar,0,1,22,0,23,0,0,161,1,162,0,1,183,1,185,142,0,142,327
11/29/2021,SEE,CA,AWP,WE,Towers with Radar,0,5,25,3,33,0,3,195,1,199,0,8,220,4,232,269,0,269,501
11/30/2021,SEE,CA,AWP,WE,Towers with Radar,0,1,24,7,32,0,0,191,1,192,0,1,215,8,224,273,0,273,497
12/01/2021,SEE,CA,AWP,WE,Towers with Radar,0,2,25,3,30,0,1,178,0,179,0,3,203,3,209,328,0,328,537
12/02/2021,SEE,CA,AWP,WE,Towers with Radar,0,3,31,3,37,0,1,144,2,147,0,4,175,5,184,169,0,169,353
12/03/2021,SEE,CA,AWP,WE,Towers with Radar,0,0,39,3,42,0,1,114,0,115,0,1,153,3,157,223,0,223,380
12/04/2021,SEE,CA,AWP,WE,Towers with Radar,0,1,28,0,29,0,0,102,0,102,0,1,130,0,131,179,0,179,310
12/05/2021,SEE,CA,AWP,WE,Towers with Radar,0,1,14,0,15,0,0,116,0,116,0,1,130,0,131,185,0,185,316
12/06/2021,SEE,CA,AWP,WE,Towers with Radar,0,3,33,6,42,0,1,124,0,125,0,4,157,6,167,269,0,269,436
12/07/2021,SEE,CA,AWP,WE,Towers with Radar,0,0,23,3,26,0,2,38,4,44,0,2,61,7,70,195,4,199,269
12/08/2021,SEE,CA,AWP,WE,Towers with Radar,0,3,35,4,42,0,0,151,0,151,0,3,186,4,193,298,0,298,491
12/09/2021,SEE,CA,AWP,WE,Towers with Radar,0,2,7,6,15,0,0,2,0,2,0,2,9,6,17,0,0,0,17
12/10/2021,SEE,CA,AWP,WE,Towers with Radar,0,3,31,1,35,0,2,109,0,111,0,5,140,1,146,385,0,385,531
12/11/2021,SEE,CA,AWP,WE,Towers with Radar,0,0,20,0,20,0,0,213,0,213,0,0,233,0,233,263,0,263,496
12/12/2021,SEE,CA,AWP,WE,Towers with Radar,0,1,23,0,24,0,0,198,1,199,0,1,221,1,223,172,0,172,395
12/13/2021,SEE,CA,AWP,WE,Towers with Radar,0,1,20,2,23,0,0,62,0,62,0,1,82,2,85,197,0,197,282
12/14/2021,SEE,CA,AWP,WE,Towers with Radar,0,0,2,2,4,0,0,6,0,6,0,0,8,2,10,0,0,0,10
12/15/2021,SEE,CA,AWP,WE,Towers with Radar,0,2,31,2,35,0,3,166,0,169,0,5,197,2,204,204,0,204,408
12/16/2021,SEE,CA,AWP,WE,Towers with Radar,0,0,32,1,33,0,0,122,2,124,0,0,154,3,157,296,0,296,453
12/17/2021,SEE,CA,AWP,WE,Towers with Radar,0,2,40,0,42,0,0,111,0,111,0,2,151,0,153,253,0,253,406
12/18/2021,SEE,CA,AWP,WE,Towers with Radar,0,0,16,0,16,0,2,220,0,222,0,2,236,0,238,278,0,278,516
12/19/2021,SEE,CA,AWP,WE,Towers with Radar,0,1,22,0,23,0,0,167,0,167,0,1,189,0,190,269,0,269,459
12/20/2021,SEE,CA,AWP,WE,Towers with Radar,0,2,26,1,29,0,0,157,0,157,0,2,183,1,186,191,0,191,377
12/21/2021,SEE,CA,AWP,WE,Towers with Radar,0,0,19,3,22,0,0,107,2,109,0,0,126,5,131,304,2,306,437
12/22/2021,SEE,CA,AWP,WE,Towers with Radar,0,4,19,2,25,0,2,155,2,159,0,6,174,4,184,273,0,273,457
12/23/2021,SEE,CA,AWP,WE,Towers with Radar,0,3,15,0,18,0,0,47,0,47,0,3,62,0,65,199,0,199,264
12/24/2021,SEE,CA,AWP,WE,Towers with Radar,0,0,11,0,11,0,2,10,0,12,0,2,21,0,23,103,0,103,126
12/25/2021,SEE,CA,AWP,WE,Towers with Radar,0,1,5,1,7,0,0,3,0,3,0,1,8,1,10,11,0,11,21
12/26/2021,SEE,CA,AWP,WE,Towers with Radar,0,0,18,0,18,0,1,90,0,91,0,1,108,0,109,170,0,170,279
12/27/2021,SEE,CA,AWP,WE,Towers with Radar,0,1,17,0,18,0,0,44,0,44,0,1,61,0,62,119,0,119,181
12/28/2021,SEE,CA,AWP,WE,Towers with Radar,0,0,13,1,14,0,0,21,0,21,0,0,34,1,35,154,0,154,189
12/29/2021,SEE,CA,AWP,WE,Towers with Radar,0,1,9,0,10,0,0,22,0,22,0,1,31,0,32,83,0,83,115
12/30/2021,SEE,CA,AWP,WE,Towers with Radar,0,0,16,0,16,0,0,45,0,45,0,0,61,0,61,146,0,146,207
12/31/2021,SEE,CA,AWP,WE,Towers with Radar,0,0,15,0,15,0,0,37,0,37,0,0,52,0,52,182,0,182,234
01/01/2022,SEE,CA,AWP,WE,Towers with Radar,0,0,8,0,8,0,2,138,0,140,0,2,146,0,148,208,0,208,356
01/02/2022,SEE,CA,AWP,WE,Towers with Radar,0,1,27,0,28,0,0,171,0,171,0,1,198,0,199,211,0,211,410
01/03/2022,SEE,CA,AWP,WE,Towers with Radar,0,0,24,0,24,0,0,135,0,135,0,0,159,0,159,280,0,280,439
01/04/2022,SEE,CA,AWP,WE,Towers with Radar,0,0,20,2,22,0,1,147,0,148,0,1,167,2,170,234,0,234,404
01/05/2022,SEE,CA,AWP,WE,Towers with Radar,0,0,25,3,28,0,0,151,0,151,0,0,176,3,179,245,0,245,424
01/06/2022,SEE,CA,AWP,WE,Towers with Radar,0,0,17,0,17,0,1,154,0,155,0,1,171,0,172,216,0,216,388
01/07/2022,SEE,CA,AWP,WE,Towers with Radar,0,0,31,0,31,0,0,105,0,105,0,0,136,0,136,144,0,144,280
01/08/2022,SEE,CA,AWP,WE,Towers with Radar,0,3,13,1,17,0,0,117,0,117,0,3,130,1,134,245,0,245,379
01/09/2022,SEE,CA,AWP,WE,Towers with Radar,0,1,10,0,11,0,0,138,1,139,0,1,148,1,150,181,0,181,331
01/10/2022,SEE,CA,AWP,WE,Towers with Radar,0,0,24,0,24,0,2,101,0,103,0,2,125,0,127,264,0,264,391
01/11/2022,SEE,CA,AWP,WE,Towers with Radar,0,2,27,4,33,0,0,179,1,180,0,2,206,5,213,240,0,240,453
01/12/2022,SEE,CA,AWP,WE,Towers with Radar,0,2,18,4,24,0,2,128,1,131,0,4,146,5,155,180,0,180,335
01/13/2022,SEE,CA,AWP,WE,Towers with Radar,0,0,24,0,24,0,3,141,2,146,0,3,165,2,170,199,0,199,369
01/14/2022,SEE,CA,AWP,WE,Towers with Radar,0,4,25,1,30,0,1,137,0,138,0,5,162,1,168,148,0,148,316
01/15/2022,SEE,CA,AWP,WE,Towers with Radar,0,1,11,0,12,0,4,77,0,81,0,5,88,0,93,120,0,120,213
01/16/2022,SEE,CA,AWP,WE,Towers with Radar,0,3,28,0,31,0,0,135,0,135,0,3,163,0,166,167,0,167,333
01/17/2022,SEE,CA,AWP,WE,Towers with Radar,0,0,31,0,31,0,0,75,0,75,0,0,106,0,106,286,0,286,392
01/18/2022,SEE,CA,AWP,WE,Towers with Radar,0,3,25,2,30,0,1,32,1,34,0,4,57,3,64,200,0,200,264
01/19/2022,SEE,CA,AWP,WE,Towers with Radar,0,1,20,2,23,0,1,112,0,113,0,2,132,2,136,234,0,234,370
01/20/2022,SEE,CA,AWP,WE,Towers with Radar,0,2,25,4,31,0,0,176,0,176,0,2,201,4,207,247,0,247,454
01/21/2022,SEE,CA,AWP,WE,Towers with Radar,0,0,30,1,31,0,0,159,0,159,0,0,189,1,190,282,0,282,472
01/22/2022,SEE,CA,AWP,WE,Towers with Radar,0,0,16,0,16,0,0,112,0,112,0,0,128,0,128,264,0,264,392
01/23/2022,SEE,CA,AWP,WE,Towers with Radar,0,0,21,0,21,0,0,173,0,173,0,0,194,0,194,295,0,295,489
01/24/2022,SEE,CA,AWP,WE,Towers with Radar,0,0,31,0,31,0,0,128,0,128,0,0,159,0,159,244,0,244,403
01/25/2022,SEE,CA,AWP,WE,Towers with Radar,0,0,32,4,36,0,0,150,0,150,0,0,182,4,186,230,0,230,416
01/26/2022,SEE,CA,AWP,WE,Towers with Radar,0,1,34,4,39,0,2,170,0,172,0,3,204,4,211,297,12,309,520
01/27/2022,SEE,CA,AWP,WE,Towers with Radar,0,0,31,2,33,0,0,179,0,179,0,0,210,2,212,335,0,335,547
01/28/2022,SEE,CA,AWP,WE,Towers with Radar,0,0,17,1,18,0,1,123,0,124,0,1,140,1,142,262,0,262,404
01/29/2022,SEE,CA,AWP,WE,Towers with Radar,0,0,26,0,26,0,0,148,0,148,0,0,174,0,174,312,0,312,486
01/30/2022,SEE,CA,AWP,WE,Towers with Radar,0,0,24,0,24,0,2,203,0,205,0,2,227,0,229,203,0,203,432
01/31/2022,SEE,CA,AWP,WE,Towers with Radar,0,0,25,2,27,0,0,135,0,135,0,0,160,2,162,168,0,168,330
02/01/2022,SEE,CA,AWP,WE,Towers with Radar,0,0,30,1,31,0,1,64,0,65,0,1,94,1,96,268,0,268,364
02/02/2022,SEE,CA,AWP,WE,Towers with Radar,0,1,21,3,25,0,0,114,0,114,0,1,135,3,139,288,0,288,427
02/03/2022,SEE,CA,AWP,WE,Towers with Radar,0,1,34,3,38,0,3,143,1,147,0,4,177,4,185,170,0,170,355
02/04/2022,SEE,CA,AWP,WE,Towers with Radar,0,1,18,0,19,0,2,103,0,105,0,3,121,0,124,263,0,263,387
02/05/2022,SEE,CA,AWP,WE,Towers with Radar,0,0,18,0,18,0,2,215,0,217,0,2,233,0,235,258,0,258,493
02/06/2022,SEE,CA,AWP,WE,Towers with Radar,0,3,19,0,22,0,4,139,0,143,0,7,158,0,165,286,0,286,451
02/07/2022,SEE,CA,AWP,WE,Towers with Radar,0,0,22,1,23,0,0,139,0,139,0,0,161,1,162,243,0,243,405
02/08/2022,SEE,CA,AWP,WE,Towers with Radar,0,2,25,3,30,0,1,157,4,162,0,3,182,7,192,351,0,351,543
02/09/2022,SEE,CA,AWP,WE,Towers with Radar,0,0,24,4,28,0,1,132,0,133,0,1,156,4,161,76,0,76,237
02/10/2022,SEE,CA,AWP,WE,Towers with Radar,0,2,19,2,23,0,0,91,0,91,0,2,110,2,114,92,0,92,206
02/11/2022,SEE,CA,AWP,WE,Towers with Radar,0,3,41,0,44,0,0,166,0,166,0,3,207,0,210,267,0,267,477
02/12/2022,SEE,CA,AWP,WE,Towers with Radar,0,3,23,0,26,0,0,158,2,160,0,3,181,2,186,190,0,190,376
02/13/2022,SEE,CA,AWP,WE,Towers with Radar,0,0,15,0,15,0,1,163,0,164,0,1,178,0,179,270,0,270,449
02/14/2022,SEE,CA,AWP,WE,Towers with Radar,0,0,20,2,22,0,3,125,1,129,0,3,145,3,151,134,0,134,285
02/15/2022,SEE,CA,AWP,WE,Towers with Radar,0,0,12,7,19,0,0,3,0,3,0,0,15,7,22,2,0,2,24
02/16/2022,SEE,CA,AWP,WE,Towers with Radar,0,1,32,6,39,0,0,147,0,147,0,1,179,6,186,155,0,155,341
02/17/2022,SEE,CA,AWP,WE,Towers with Radar,0,0,27,2,29,0,0,103,0,103,0,0,130,2,132,198,0,198,330
02/18/2022,SEE,CA,AWP,WE,Towers with Radar,0,0,36,1,37,0,0,156,0,156,0,0,192,1,193,331,0,331,524
02/19/2022,SEE,CA,AWP,WE,Towers with Radar,0,2,26,0,28,0,6,195,0,201,0,8,221,0,229,225,0,225,454
02/20/2022,SEE,CA,AWP,WE,Towers with Radar,0,2,22,0,24,0,2,157,1,160,0,4,179,1,184,249,0,249,433
02/21/2022,SEE,CA,AWP,WE,Towers with Radar,0,0,17,1,18,0,2,34,0,36,0,2,51,1,54,200,0,200,254
02/22/2022,SEE,CA,AWP,WE,Towers with Radar,0,0,17,4,21,0,0,6,0,6,0,0,23,4,27,40,0,40,67
02/23/2022,SEE,CA,AWP,WE,Towers with Radar,0,0,15,2,17,0,1,28,0,29,0,1,43,2,46,63,0,63,109
02/24/2022,SEE,CA,AWP,WE,Towers with Radar,0,2,29,1,32,0,0,179,1,180,0,2,208,2,212,288,0,288,500
02/25/2022,SEE,CA,AWP,WE,Towers with Radar,0,0,23,3,26,0,3,167,1,171,0,3,190,4,197,261,0,261,458
02/26/2022,SEE,CA,AWP,WE,Towers with Radar,0,1,17,0,18,0,1,190,0,191,0,2,207,0,209,270,0,270,479
02/27/2022,SEE,CA,AWP,WE,Towers with Radar,0,2,20,0,22,0,6,171,0,177,0,8,191,0,199,151,0,151,350
02/28/2022,SEE,CA,AWP,WE,Towers with Radar,0,0,25,0,25,0,3,141,0,144,0,3,166,0,169,264,0,264,433
03/01/2022,SEE,CA,AWP,WE,Towers with Radar,0,3,28,1,32,0,0,168,0,168,0,3,196,1,200,464,0,464,664
03/02/2022,SEE,CA,AWP,WE,Towers with Radar,0,0,36,3,39,0,2,187,0,189,0,2,223,3,228,347,0,347,575
03/03/2022,SEE,CA,AWP,WE,Towers with Radar,0,1,25,1,27,0,0,116,0,116,0,1,141,1,143,237,0,237,380
03/04/2022,SEE,CA,AWP,WE,Towers with Radar,0,0,16,2,18,0,0,18,0,18,0,0,34,2,36,106,0,106,142
03/05/2022,SEE,CA,AWP,WE,Towers with Radar,0,1,8,0,9,0,0,37,0,37,0,1,45,0,46,127,0,127,173
03/06/2022,SEE,CA,AWP,WE,Towers with Radar,0,2,20,0,22,0,0,166,0,166,0,2,186,0,188,256,0,256,444
03/07/2022,SEE,CA,AWP,WE,Towers with Radar,0,2,28,0,30,0,0,164,1,165,0,2,192,1,195,244,0,244,439
03/08/2022,SEE,CA,AWP,WE,Towers with Radar,0,0,27,4,31,0,0,184,1,185,0,0,211,5,216,232,0,232,448
03/09/2022,SEE,CA,AWP,WE,Towers with Radar,0,0,34,3,37,0,2,187,0,189,0,2,221,3,226,196,0,196,422
03/10/2022,SEE,CA,AWP,WE,Towers with Radar,0,4,30,2,36,0,0,98,1,99,0,4,128,3,135,243,0,243,378
03/11/2022,SEE,CA,AWP,WE,Towers with Radar,0,0,25,2,27,0,2,200,3,205,0,2,225,5,232,285,0,285,517
03/12/2022,SEE,CA,AWP,WE,Towers with Radar,0,1,17,0,18,0,0,219,0,219,0,1,236,0,237,158,16,174,411
03/13/2022,SEE,CA,AWP,WE,Towers with Radar,0,1,24,0,25,0,0,187,0,187,0,1,211,0,212,206,0,206,418
03/14/2022,SEE,CA,AWP,WE,Towers with Radar,0,1,15,0,16,0,0,113,2,115,0,1,128,2,131,102,0,102,233
03/15/2022,SEE,CA,AWP,WE,Towers with Radar,0,0,29,4,33,0,0,171,2,173,0,0,200,6,206,352,1,353,559
03/16/2022,SEE,CA,AWP,WE,Towers with Radar,0,0,18,5,23,0,1,127,3,131,0,1,145,8,154,121,18,139,293
03/17/2022,SEE,CA,AWP,WE,Towers with Radar,0,0,27,2,29,0,0,164,0,164,0,0,191,2,193,216,0,216,409
03/18/2022,SEE,CA,AWP,WE,Towers with Radar,0,0,42,0,42,0,2,225,0,227,0,2,267,0,269,175,0,175,444
03/19/2022,SEE,CA,AWP,WE,Towers with Radar,0,0,11,1,12,0,1,172,0,173,0,1,183,1,185,181,0,181,366
03/20/2022,SEE,CA,AWP,WE,Towers with Radar,0,0,27,1,28,0,2,85,0,87,0,2,112,1,115,141,0,141,256
03/21/2022,SEE,CA,AWP,WE,Towers with Radar,0,1,29,1,31,0,0,100,0,100,0,1,129,1,131,279,0,279,410
03/22/2022,SEE,CA,AWP,WE,Towers with Radar,0,6,30,1,37,0,0,165,3,168,0,6,195,4,205,138,0,138,343
03/23/2022,SEE,CA,AWP,WE,Towers with Radar,0,1,28,2,31,0,3,140,0,143,0,4,168,2,174,252,0,252,426
03/24/2022,SEE,CA,AWP,WE,Towers with Radar,0,2,25,5,32,0,0,162,0,162,0,2,187,5,194,212,0,212,406
03/25/2022,SEE,CA,AWP,WE,Towers with Radar,0,1,26,3,30,0,0,193,1,194,0,1,219,4,224,242,0,242,466
03/26/2022,SEE,CA,AWP,WE,Towers with Radar,0,0,25,0,25,0,0,183,2,185,0,0,208,2,210,130,19,149,359
03/27/2022,SEE,CA,AWP,WE,Towers with Radar,0,5,24,3,32,0,1,132,1,134,0,6,156,4,166,173,0,173,339
03/28/2022,SEE,CA,AWP,WE,Towers with Radar,0,0,16,0,16,0,0,17,0,17,0,0,33,0,33,32,0,32,65
03/29/2022,SEE,CA,AWP,WE,Towers with Radar,0,1,27,2,30,0,0,44,0,44,0,1,71,2,74,152,0,152,226
03/30/2022,SEE,CA,AWP,WE,Towers with Radar,0,1,22,2,25,0,2,132,0,134,0,3,154,2,159,367,0,367,526
03/31/2022,SEE,CA,AWP,WE,Towers with Radar,0,1,27,4,32,0,0,24,0,24,0,1,51,4,56,226,0,226,282
04/01/2022,SEE,CA,AWP,WE,Towers with Radar,0,5,28,0,33,0,0,154,0,154,0,5,182,0,187,344,0,344,531
04/02/2022,SEE,CA,AWP,WE,Towers with Radar,0,0,27,1,28,0,0,27,0,27,0,0,54,1,55,120,0,120,175
04/03/2022,SEE,CA,AWP,WE,Towers with Radar,0,0,18,2,20,0,0,30,0,30,0,0,48,2,50,176,0,176,226
04/04/2022,SEE,CA,AWP,WE,Towers with Radar,0,0,21,3,24,0,0,102,0,102,0,0,123,3,126,261,0,261,387
04/05/2022,SEE,CA,AWP,WE,Towers with Radar,0,1,25,0,26,0,1,195,1,197,0,2,220,1,223,283,0,283,506
04/06/2022,SEE,CA,AWP,WE,Towers with Radar,0,4,23,1,28,0,1,164,0,165,0,5,187,1,193,292,0,292,485
04/07/2022,SEE,CA,AWP,WE,Towers with Radar,0,0,7,1,8,0,0,124,0,124,0,0,131,1,132,300,0,300,432
04/08/2022,SEE,CA,AWP,WE,Towers with Radar,0,2,21,2,25,0,0,130,2,132,0,2,151,4,157,295,0,295,452
04/09/2022,SEE,CA,AWP,WE,Towers with Radar,0,1,16,2,19,0,1,146,0,147,0,2,162,2,166,223,0,223,389
04/10/2022,SEE,CA,AWP,WE,Towers with Radar,0,0,20,1,21,0,0,79,0,79,0,0,99,1,100,189,0,189,289
04/11/2022,SEE,CA,AWP,WE,Towers with Radar,0,0,21,5,26,0,0,72,0,72,0,0,93,5,98,341,0,341,439
04/12/2022,SEE,CA,AWP,WE,Towers with Radar,0,0,15,4,19,0,0,70,0,70,0,0,85,4,89,199,0,199,288
04/13/2022,SEE,CA,AWP,WE,Towers with Radar,0,0,21,2,23,0,0,219,3,222,0,0,240,5,245,219,0,219,464
04/14/2022,SEE,CA,AWP,WE,Towers with Radar,0,0,21,1,22,0,2,174,2,178,0,2,195,3,200,293,0,293,493
04/15/2022,SEE,CA,AWP,WE,Towers with Radar,0,2,19,0,21,0,0,180,0,180,0,2,199,0,201,211,0,211,412
04/16/2022,SEE,CA,AWP,WE,Towers with Radar,0,0,15,1,16,0,4,103,0,107,0,4,118,1,123,324,0,324,447
04/17/2022,SEE,CA,AWP,WE,Towers with Radar,0,0,14,1,15,0,2,149,0,151,0,2,163,1,166,347,0,347,513
04/18/2022,SEE,CA,AWP,WE,Towers with Radar,0,3,17,1,21,0,2,128,0,130,0,5,145,1,151,294,0,294,445
04/19/2022,SEE,CA,AWP,WE,Towers with Radar,0,0,26,3,29,0,0,144,0,144,0,0,170,3,173,345,0,345,518
04/20/2022,SEE,CA,AWP,WE,Towers with Radar,0,9,25,7,41,0,0,103,0,103,0,9,128,7,144,349,0,349,493
04/21/2022,SEE,CA,AWP,WE,Towers with Radar,0,1,23,4,28,0,2,123,0,125,0,3,146,4,153,277,0,277,430
04/22/2022,SEE,CA,AWP,WE,Towers with Radar,0,0,17,3,20,0,0,52,0,52,0,0,69,3,72,188,0,188,260
04/23/2022,SEE,CA,AWP,WE,Towers with Radar,0,2,16,0,18,0,1,124,1,126,0,3,140,1,144,366,0,366,510
04/24/2022,SEE,CA,AWP,WE,Towers with Radar,0,4,13,1,18,0,0,172,0,172,0,4,185,1,190,269,0,269,459
04/25/2022,SEE,CA,AWP,WE,Towers with Radar,0,1,34,1,36,0,0,161,2,163,0,1,195,3,199,230,0,230,429
04/26/2022,SEE,CA,AWP,WE,Towers with Radar,0,2,13,3,18,0,0,181,2,183,0,2,194,5,201,407,0,407,608
04/27/2022,SEE,CA,AWP,WE,Towers with Radar,0,4,22,2,28,0,0,128,0,128,0,4,150,2,156,245,0,245,401
04/28/2022,SEE,CA,AWP,WE,Towers with Radar,0,2,32,3,37,0,0,72,0,72,0,2,104,3,109,373,0,373,482
04/29/2022,SEE,CA,AWP,WE,Towers with Radar,0,2,15,3,20,0,2,193,1,196,0,4,208,4,216,286,0,286,502
04/30/2022,SEE,CA,AWP,WE,Towers with Radar,0,2,18,1,21,0,2,178,0,180,0,4,196,1,201,191,0,191,392
05/01/2022,SEE,CA,AWP,WE,Towers with Radar,0,0,15,1,16,0,2,89,0,91,0,2,104,1,107,141,0,141,248
05/02/2022,SEE,CA,AWP,WE,Towers with Radar,0,2,20,3,25,0,0,110,0,110,0,2,130,3,135,296,0,296,431
05/03/2022,SEE,CA,AWP,WE,Towers with Radar,0,0,19,5,24,0,0,109,0,109,0,0,128,5,133,284,0,284,417
05/04/2022,SEE,CA,AWP,WE,Towers with Radar,0,2,22,3,27,0,0,164,1,165,0,2,186,4,192,321,0,321,513
05/05/2022,SEE,CA,AWP,WE,Towers with Radar,0,2,18,1,21,0,3,123,0,126,0,5,141,1,147,319,0,319,466
05/06/2022,SEE,CA,AWP,WE,Towers with Radar,0,4,26,2,32,0,2,161,4,167,0,6,187,6,199,350,0,350,549
05/07/2022,SEE,CA,AWP,WE,Towers with Radar,0,4,23,0,27,0,1,147,0,148,0,5,170,0,175,223,0,223,398
05/08/2022,SEE,CA,AWP,WE,Towers with Radar,0,2,26,1,29,0,0,29,0,29,0,2,55,1,58,200,0,200,258
05/09/2022,SEE,CA,AWP,WE,Towers with Radar,0,0,19,4,23,0,3,105,1,109,0,3,124,5,132,147,0,147,279
05/10/2022,SEE,CA,AWP,WE,Towers with Radar,0,3,28,3,34,0,1,127,0,128,0,4,155,3,162,303,0,303,465
05/11/2022,SEE,CA,AWP,WE,Towers with Radar,0,0,13,4,17,0,0,122,0,122,0,0,135,4,139,193,0,193,332
05/12/2022,SEE,CA,AWP,WE,Towers with Radar,0,5,23,1,29,0,1,160,0,161,0,6,183,1,190,313,0,313,503
05/13/2022,SEE,CA,AWP,WE,Towers with Radar,0,6,22,2,30,0,0,218,0,218,0,6,240,2,248,350,0,350,598
05/14/2022,SEE,CA,AWP,WE,Towers with Radar,0,4,27,0,31,0,2,198,0,200,0,6,225,0,231,419,0,419,650
05/15/2022,SEE,CA,AWP,WE,Towers with Radar,0,1,22,0,23,0,0,184,0,184,0,1,206,0,207,230,1,231,438
05/16/2022,SEE,CA,AWP,WE,Towers with Radar,0,2,21,2,25,0,2,128,0,130,0,4,149,2,155,160,0,160,315
05/17/2022,SEE,CA,AWP,WE,Towers with Radar,0,6,16,4,26,0,1,130,0,131,0,7,146,4,157,321,0,321,478
05/18/2022,SEE,CA,AWP,WE,Towers with Radar,0,2,18,3,23,0,2,137,1,140,0,4,155,4,163,305,0,305,468
05/19/2022,SEE,CA,AWP,WE,Towers with Radar,0,5,23,0,28,0,2,117,0,119,0,7,140,0,147,325,0,325,472
05/20/2022,SEE,CA,AWP,WE,Towers with Radar,0,2,24,0,26,0,1,49,0,50,0,3,73,0,76,288,0,288,364
05/21/2022,SEE,CA,AWP,WE,Towers with Radar,0,1,19,0,20,0,1,55,0,56,0,2,74,0,76,498,0,498,574
05/22/2022,SEE,CA,AWP,WE,Towers with Radar,0,2,20,1,23,0,1,123,0,124,0,3,143,1,147,204,0,204,351
05/23/2022,SEE,CA,AWP,WE,Towers with Radar,0,6,21,0,27,0,0,105,0,105,0,6,126,0,132,287,0,287,419
05/24/2022,SEE,CA,AWP,WE,Towers with Radar,0,2,32,2,36,0,0,167,2,169,0,2,199,4,205,369,26,395,600
05/25/2022,SEE,CA,AWP,WE,Towers with Radar,0,3,22,1,26,0,0,159,0,159,0,3,181,1,185,273,0,273,458
05/26/2022,SEE,CA,AWP,WE,Towers with Radar,0,5,25,2,32,0,0,147,0,147,0,5,172,2,179,266,0,266,445
05/27/2022,SEE,CA,AWP,WE,Towers with Radar,0,2,25,1,28,0,2,126,0,128,0,4,151,1,156,298,0,298,454
05/28/2022,SEE,CA,AWP,WE,Towers with Radar,0,5,15,0,20,0,0,84,1,85,0,5,99,1,105,378,0,378,483
05/29/2022,SEE,CA,AWP,WE,Towers with Radar,0,1,9,0,10,0,1,92,0,93,0,2,101,0,103,262,0,262,365
05/30/2022,SEE,CA,AWP,WE,Towers with Radar,0,0,31,0,31,0,1,165,0,166,0,1,196,0,197,265,0,265,462
05/31/2022,SEE,CA,AWP,WE,Towers with Radar,0,2,18,2,22,0,2,178,0,180,0,4,196,2,202,354,0,354,556
06/01/2022,SEE,CA,AWP,WE,Towers with Radar,0,3,26,1,30,0,4,157,0,161,0,7,183,1,191,324,0,324,515
06/02/2022,SEE,CA,AWP,WE,Towers with Radar,0,1,26,0,27,0,2,169,1,172,0,3,195,1,199,296,0,296,495
06/03/2022,SEE,CA,AWP,WE,Towers with Radar,0,3,21,0,24,0,1,120,0,121,0,4,141,0,145,276,0,276,421
06/04/2022,SEE,CA,AWP,WE,Towers with Radar,0,7,15,2,24,0,0,118,0,118,0,7,133,2,142,421,0,421,563
06/05/2022,SEE,CA,AWP,WE,Towers with Radar,0,1,17,1,19,0,2,171,0,173,0,3,188,1,192,162,0,162,354
06/06/2022,SEE,CA,AWP,WE,Towers with Radar,0,6,23,0,29,0,2,152,0,154,0,8,175,0,183,265,0,265,448
06/07/2022,SEE,CA,AWP,WE,Towers with Radar,0,1,22,2,25,0,2,140,0,142,0,3,162,2,167,186,0,186,353
06/08/2022,SEE,CA,AWP,WE,Towers with Radar,0,3,37,3,43,0,1,132,2,135,0,4,169,5,178,299,23,322,500
06/09/2022,SEE,CA,AWP,WE,Towers with Radar,0,2,30,1,33,0,0,150,3,153,0,2,180,4,186,354,0,354,540
06/10/2022,SEE,CA,AWP,WE,Towers with Radar,0,3,19,4,26,0,1,179,1,181,0,4,198,5,207,338,1,339,546
06/11/2022,SEE,CA,AWP,WE,Towers with Radar,0,1,12,0,13,0,0,120,0,120,0,1,132,0,133,306,0,306,439
06/12/2022,SEE,CA,AWP,WE,Towers with Radar,0,0,15,0,15,0,0,153,0,153,0,0,168,0,168,175,0,175,343
06/13/2022,SEE,CA,AWP,WE,Towers with Radar,0,1,29,2,32,0,0,97,0,97,0,1,126,2,129,208,0,208,337
06/14/2022,SEE,CA,AWP,WE,Towers with Radar,0,2,25,4,31,0,0,144,0,144,0,2,169,4,175,247,0,247,422
06/15/2022,SEE,CA,AWP,WE,Towers with Radar,0,2,26,4,32,0,2,151,0,153,0,4,177,4,185,207,0,207,392
06/16/2022,SEE,CA,AWP,WE,Towers with Radar,0,3,21,3,27,0,2,157,2,161,0,5,178,5,188,183,0,183,371
06/17/2022,SEE,CA,AWP,WE,Towers with Radar,0,1,26,1,28,0,1,157,1,159,0,2,183,2,187,227,0,227,414
06/18/2022,SEE,CA,AWP,WE,Towers with Radar,0,1,9,1,11,0,1,144,1,146,0,2,153,2,157,254,0,254,411
06/19/2022,SEE,CA,AWP,WE,Towers with Radar,0,2,14,1,17,0,0,129,2,131,0,2,143,3,148,118,0,118,266
06/20/2022,SEE,CA,AWP,WE,Towers with Radar,0,0,18,1,19,0,0,147,0,147,0,0,165,1,166,387,0,387,553
06/21/2022,SEE,CA,AWP,WE,Towers with Radar,0,0,23,3,26,0,1,129,3,133,0,1,152,6,159,222,0,222,381
06/22/2022,SEE,CA,AWP,WE,Towers with Radar,0,0,15,2,17,0,2,119,3,124,0,2,134,5,141,170,1,171,312
06/23/2022,SEE,CA,AWP,WE,Towers with Radar,0,2,26,4,32,0,0,126,4,130,0,2,152,8,162,221,0,221,383
06/24/2022,SEE,CA,AWP,WE,Towers with Radar,0,3,18,0,21,0,0,157,0,157,0,3,175,0,178,393,0,393,571
06/25/2022,SEE,CA,AWP,WE,Towers with Radar,0,0,15,1,16,0,3,187,0,190,0,3,202,1,206,175,0,175,381
06/26/2022,SEE,CA,AWP,WE,Towers with Radar,0,1,16,1,18,0,0,124,0,124,0,1,140,1,142,180,0,180,322
06/27/2022,SEE,CA,AWP,WE,Towers with Radar,0,0,19,0,19,0,1,144,0,145,0,1,163,0,164,274,0,274,438
06/28/2022,SEE,CA,AWP,WE,Towers with Radar,0,1,21,3,25,0,1,140,0,141,0,2,161,3,166,210,0,210,376
06/29/2022,SEE,CA,AWP,WE,Towers with Radar,0,0,24,1,25,0,1,178,1,180,0,1,202,2,205,235,1,236,441
06/30/2022,SEE,CA,AWP,WE,Towers with Radar,0,4,28,3,35,0,1,177,3,181,0,5,205,6,216,206,0,206,422
07/01/2022,SEE,CA,AWP,WE,Towers with Radar,0,0,22,1,23,0,0,175,0,175,0,0,197,1,198,201,0,201,399
07/02/2022,SEE,CA,AWP,WE,Towers with Radar,0,2,27,0,29,0,4,151,0,155,0,6,178,0,184,222,0,222,406
07/03/2022,SEE,CA,AWP,WE,Towers with Radar,0,0,16,0,16,0,0,144,0,144,0,0,160,0,160,145,0,145,305
07/04/2022,SEE,CA,AWP,WE,Towers with Radar,0,0,13,0,13,0,2,117,1,120,0,2,130,1,133,175,0,175,308
07/05/2022,SEE,CA,AWP,WE,Towers with Radar,0,0,31,1,32,0,0,154,1,155,0,0,185,2,187,245,0,245,432
07/06/2022,SEE,CA,AWP,WE,Towers with Radar,0,1,27,4,32,0,0,129,0,129,0,1,156,4,161,239,0,239,400
07/07/2022,SEE,CA,AWP,WE,Towers with Radar,0,1,24,3,28,0,0,170,3,173,0,1,194,6,201,238,0,238,439
07/08/2022,SEE,CA,AWP,WE,Towers with Radar,0,2,32,0,34,0,3,164,0,167,0,5,196,0,201,249,0,249,450
07/09/2022,SEE,CA,AWP,WE,Towers with Radar,0,0,14,1,15,0,0,166,0,166,0,0,180,1,181,131,0,131,312
07/10/2022,SEE,CA,AWP,WE,Towers with Radar,0,0,16,1,17,0,2,134,0,136,0,2,150,1,153,204,0,204,357
07/11/2022,SEE,CA,AWP,WE,Towers with Radar,0,2,21,1,24,0,1,97,1,99,0,3,118,2,123,386,0,386,509
07/12/2022,SEE,CA,AWP,WE,Towers with Radar,0,2,21,3,26,0,2,136,1,139,0,4,157,4,165,466,0,466,631
07/13/2022,SEE,CA,AWP,WE,Towers with Radar,0,1,36,1,38,0,0,172,0,172,0,1,208,1,210,362,0,362,572
07/14/2022,SEE,CA,AWP,WE,Towers with Radar,0,1,21,1,23,0,0,142,0,142,0,1,163,1,165,228,0,228,393
07/15/2022,SEE,CA,AWP,WE,Towers with Radar,0,4,27,1,32,0,0,196,0,196,0,4,223,1,228,412,0,412,640
07/16/2022,SEE,CA,AWP,WE,Towers with Radar,0,0,22,0,22,0,1,173,0,174,0,1,195,0,196,450,0,450,646
07/17/2022,SEE,CA,AWP,WE,Towers with Radar,0,1,16,0,17,0,0,123,1,124,0,1,139,1,141,325,0,325,466
07/18/2022,SEE,CA,AWP,WE,Towers with Radar,0,0,28,0,28,0,0,136,0,136,0,0,164,0,164,286,0,286,450
07/19/2022,SEE,CA,AWP,WE,Towers with Radar,0,0,19,5,24,0,0,155,0,155,0,0,174,5,179,338,0,338,517
07/20/2022,SEE,CA,AWP,WE,Towers with Radar,0,1,33,3,37,0,3,134,0,137,0,4,167,3,174,365,0,365,539
07/21/2022,SEE,CA,AWP,WE,Towers with Radar,0,3,31,1,35,0,4,201,2,207,0,7,232,3,242,338,0,338,580
07/22/2022,SEE,CA,AWP,WE,Towers with Radar,0,1,18,1,20,0,1,189,2,192,0,2,207,3,212,369,0,369,581
07/23/2022,SEE,CA,AWP,WE,Towers with Radar,0,0,16,0,16,0,0,171,0,171,0,0,187,0,187,281,0,281,468
07/24/2022,SEE,CA,AWP,WE,Towers with Radar,0,3,24,0,27,0,2,111,0,113,0,5,135,0,140,222,0,222,362
07/25/2022,SEE,CA,AWP,WE,Towers with Radar,0,1,26,2,29,0,0,113,0,113,0,1,139,2,142,224,0,224,366
07/26/2022,SEE,CA,AWP,WE,Towers with Radar,0,0,21,4,25,0,1,68,1,70,0,1,89,5,95,236,0,236,331
07/27/2022,SEE,CA,AWP,WE,Towers with Radar,0,4,26,3,33,0,0,179,0,179,0,4,205,3,212,427,0,427,639
07/28/2022,SEE,CA,AWP,WE,Towers with Radar,0,1,20,5,26,0,0,130,0,130,0,1,150,5,156,265,0,265,421
07/29/2022,SEE,CA,AWP,WE,Towers with Radar,0,2,28,3,33,0,1,131,2,134,0,3,159,5,167,192,0,192,359
07/30/2022,SEE,CA,AWP,WE,Towers with Radar,0,2,25,0,27,0,1,179,0,180,0,3,204,0,207,273,0,273,480
07/31/2022,SEE,CA,AWP,WE,Towers with Radar,0,2,10,0,12,0,0,161,0,161,0,2,171,0,173,259,0,259,432
08/01/2022,SEE,CA,AWP,WE,Towers with Radar,0,2,19,1,22,0,1,128,0,129,0,3,147,1,151,135,0,135,286
08/02/2022,SEE,CA,AWP,WE,Towers with Radar,0,1,17,3,21,0,1,125,1,127,0,2,142,4,148,283,0,283,431
08/03/2022,SEE,CA,AWP,WE,Towers with Radar,0,2,26,3,31,0,1,135,0,136,0,3,161,3,167,388,0,388,555
08/04/2022,SEE,CA,AWP,WE,Towers with Radar,0,0,23,0,23,0,6,129,0,135,0,6,152,0,158,233,0,233,391
08/05/2022,SEE,CA,AWP,WE,Towers with Radar,0,4,29,3,36,0,1,158,3,162,0,5,187,6,198,394,0,394,592
08/06/2022,SEE,CA,AWP,WE,Towers with Radar,0,0,27,0,27,0,3,182,0,185,0,3,209,0,212,296,0,296,508
08/07/2022,SEE,CA,AWP,WE,Towers with Radar,0,0,25,1,26,0,1,152,0,153,0,1,177,1,179,252,0,252,431
08/08/2022,SEE,CA,AWP,WE,Towers with Radar,0,2,14,2,18,0,2,158,2,162,0,4,172,4,180,357,0,357,537
08/09/2022,SEE,CA,AWP,WE,Towers with Radar,0,2,21,2,25,0,4,136,0,140,0,6,157,2,165,254,0,254,419
08/10/2022,SEE,CA,AWP,WE,Towers with Radar,0,3,25,2,30,0,1,189,0,190,0,4,214,2,220,426,0,426,646
08/11/2022,SEE,CA,AWP,WE,Towers with Radar,0,2,29,5,36,0,0,157,2,159,0,2,186,7,195,307,0,307,502
08/12/2022,SEE,CA,AWP,WE,Towers with Radar,0,1,37,0,38,0,0,170,0,170,0,1,207,0,208,313,0,313,521
08/13/2022,SEE,CA,AWP,WE,Towers with Radar,0,0,28,0,28,0,0,180,0,180,0,0,208,0,208,243,0,243,451
08/14/2022,SEE,CA,AWP,WE,Towers with Radar,0,1,26,1,28,0,1,140,0,141,0,2,166,1,169,179,0,179,348
08/15/2022,SEE,CA,AWP,WE,Towers with Radar,0,0,14,1,15,0,0,156,1,157,0,0,170,2,172,224,0,224,396
08/16/2022,SEE,CA,AWP,WE,Towers with Radar,0,0,32,4,36,0,0,156,1,157,0,0,188,5,193,273,0,273,466
08/17/2022,SEE,CA,AWP,WE,Towers with Radar,0,0,23,3,26,0,0,188,1,189,0,0,211,4,215,371,0,371,586
08/18/2022,SEE,CA,AWP,WE,Towers with Radar,0,3,22,1,26,0,0,153,0,153,0,3,175,1,179,275,0,275,454
08/19/2022,SEE,CA,AWP,WE,Towers with Radar,0,2,15,0,17,0,0,162,0,162,0,2,177,0,179,279,0,279,458
08/20/2022,SEE,CA,AWP,WE,Towers with Radar,0,2,19,0,21,0,1,140,0,141,0,3,159,0,162,345,0,345,507
08/21/2022,SEE,CA,AWP,WE,Towers with Radar,0,0,30,0,30,0,0,101,0,101,0,0,131,0,131,324,0,324,455
08/22/2022,SEE,CA,AWP,WE,Towers with Radar,0,0,33,1,34,0,2,138,0,140,0,2,171,1,174,240,0,240,414
08/23/2022,SEE,CA,AWP,WE,Towers with Radar,0,0,23,3,26,0,0,158,0,158,0,0,181,3,184,397,0,397,581
08/24/2022,SEE,CA,AWP,WE,Towers with Radar,0,1,19,4,24,0,0,154,2,156,0,1,173,6,180,452,1,453,633
08/25/2022,SEE,CA,AWP,WE,Towers with Radar,0,1,17,2,20,0,1,174,4,179,0,2,191,6,199,503,0,503,702
08/26/2022,SEE,CA,AWP,WE,Towers with Radar,0,2,35,0,37,0,2,196,0,198,0,4,231,0,235,332,0,332,567
08/27/2022,SEE,CA,AWP,WE,Towers with Radar,0,2,17,0,19,0,0,204,0,204,0,2,221,0,223,326,0,326,549
08/28/2022,SEE,CA,AWP,WE,Towers with Radar,0,1,10,1,12,0,1,155,1,157,0,2,165,2,169,161,0,161,330
08/29/2022,SEE,CA,AWP,WE,Towers with Radar,0,2,31,2,35,0,3,148,0,151,0,5,179,2,186,307,0,307,493
08/30/2022,SEE,CA,AWP,WE,Towers with Radar,0,3,27,2,32,0,0,148,0,148,0,3,175,2,180,289,0,289,469
08/31/2022,SEE,CA,AWP,WE,Towers with Radar,0,2,21,2,25,0,2,174,3,179,0,4,195,5,204,298,0,298,502
09/01/2022,SEE,CA,AWP,WE,Towers with Radar,0,4,34,3,41,0,0,185,2,187,0,4,219,5,228,280,0,280,508
09/02/2022,SEE,CA,AWP,WE,Towers with Radar,0,1,27,0,28,0,0,187,0,187,0,1,214,0,215,440,0,440,655
09/03/2022,SEE,CA,AWP,WE,Towers with Radar,0,2,16,0,18,0,2,130,0,132,0,4,146,0,150,160,0,160,310
09/04/2022,SEE,CA,AWP,WE,Towers with Radar,0,0,11,0,11,0,3,133,0,136,0,3,144,0,147,202,0,202,349
09/05/2022,SEE,CA,AWP,WE,Towers with Radar,0,1,14,0,15,0,0,154,0,154,0,1,168,0,169,218,0,218,387
09/06/2022,SEE,CA,AWP,WE,Towers with Radar,0,1,26,5,32,0,0,140,0,140,0,1,166,5,172,336,0,336,508
09/07/2022,SEE,CA,AWP,WE,Towers with Radar,0,2,19,1,22,0,0,188,1,189,0,2,207,2,211,404,0,404,615
09/08/2022,SEE,CA,AWP,WE,Towers with Radar,0,0,28,3,31,0,2,146,0,148,0,2,174,3,179,292,0,292,471
09/09/2022,SEE,CA,AWP,WE,Towers with Radar,0,0,9,0,9,0,0,6,0,6,0,0,15,0,15,17,0,17,32
09/10/2022,SEE,CA,AWP,WE,Towers with Radar,0,0,4,1,5,0,0,38,0,38,0,0,42,1,43,43,0,43,86
09/11/2022,SEE,CA,AWP,WE,Towers with Radar,0,0,23,2,25,0,1,104,0,105,0,1,127,2,130,348,0,348,478
09/12/2022,SEE,CA,AWP,WE,Towers with Radar,0,1,33,0,34,0,0,94,0,94,0,1,127,0,128,378,0,378,506
09/13/2022,SEE,CA,AWP,WE,Towers with Radar,0,0,30,3,33,0,0,102,0,102,0,0,132,3,135,596,0,596,731
09/14/2022,SEE,CA,AWP,WE,Towers with Radar,0,0,39,3,42,0,1,107,1,109,0,1,146,4,151,339,1,340,491
09/15/2022,SEE,CA,AWP,WE,Towers with Radar,0,1,32,1,34,0,0,164,0,164,0,1,196,1,198,460,6,466,664
09/16/2022,SEE,CA,AWP,WE,Towers with Radar,0,5,38,0,43,0,0,203,0,203,0,5,241,0,246,254,0,254,500
09/17/2022,SEE,CA,AWP,WE,Towers with Radar,0,0,26,2,28,0,2,127,0,129,0,2,153,2,157,335,0,335,492
09/18/2022,SEE,CA,AWP,WE,Towers with Radar,0,0,32,1,33,0,1,123,0,124,0,1,155,1,157,159,0,159,316
09/19/2022,SEE,CA,AWP,WE,Towers with Radar,0,4,30,1,35,0,2,153,0,155,0,6,183,1,190,271,0,271,461
09/20/2022,SEE,CA,AWP,WE,Towers with Radar,0,1,18,4,23,0,0,181,0,181,0,1,199,4,204,280,0,280,484
09/21/2022,SEE,CA,AWP,WE,Towers with Radar,0,0,20,3,23,0,0,170,0,170,0,0,190,3,193,282,0,282,475
09/22/2022,SEE,CA,AWP,WE,Towers with Radar,0,3,22,0,25,0,3,193,1,197,0,6,215,1,222,248,0,248,470
09/23/2022,SEE,CA,AWP,WE,Towers with Radar,0,1,22,0,23,0,3,156,1,160,0,4,178,1,183,216,0,216,399
09/24/2022,SEE,CA,AWP,WE,Towers with Radar,0,3,13,2,18,0,1,193,0,194,0,4,206,2,212,235,0,235,447
09/25/2022,SEE,CA,AWP,WE,Towers with Radar,0,4,12,0,16,0,2,155,0,157,0,6,167,0,173,70,0,70,243
09/26/2022,SEE,CA,AWP,WE,Towers with Radar,0,0,26,1,27,0,1,145,0,146,0,1,171,1,173,267,0,267,440
09/27/2022,SEE,CA,AWP,WE,Towers with Radar,0,0,22,5,27,0,1,187,0,188,0,1,209,5,215,385,0,385,600
09/28/2022,SEE,CA,AWP,WE,Towers with Radar,0,2,26,4,32,0,1,183,0,184,0,3,209,4,216,336,0,336,552
09/29/2022,SEE,CA,AWP,WE,Towers with Radar,0,2,38,0,40,0,0,147,1,148,0,2,185,1,188,410,0,410,598
09/30/2022,SEE,CA,AWP,WE,Towers with Radar,0,1,27,0,28,0,0,115,0,115,0,1,142,0,143,381,0,381,524
10/01/2022,SEE,CA,AWP,WE,Towers with Radar,0,2,25,1,28,0,0,120,0,120,0,2,145,1,148,252,0,252,400
10/02/2022,SEE,CA,AWP,WE,Towers with Radar,0,5,18,2,25,0,0,107,0,107,0,5,125,2,132,185,0,185,317
10/03/2022,SEE,CA,AWP,WE,Towers with Radar,0,2,35,3,40,0,1,97,0,98,0,3,132,3,138,337,0,337,475
10/04/2022,SEE,CA,AWP,WE,Towers with Radar,0,4,25,1,30,0,3,117,0,120,0,7,142,1,150,365,0,365,515
10/05/2022,SEE,CA,AWP,WE,Towers with Radar,0,0,28,3,31,0,2,142,1,145,0,2,170,4,176,255,0,255,431
10/06/2022,SEE,CA,AWP,WE,Towers with Radar,0,1,23,3,27,0,1,89,3,93,0,2,112,6,120,393,6,399,519
10/07/2022,SEE,CA,AWP,WE,Towers with Radar,0,4,31,0,35,0,1,160,0,161,0,5,191,0,196,381,0,381,577
10/08/2022,SEE,CA,AWP,WE,Towers with Radar,0,2,18,0,20,0,1,170,0,171,0,3,188,0,191,219,0,219,410
10/09/2022,SEE,CA,AWP,WE,Towers with Radar,0,0,19,3,22,0,1,127,0,128,0,1,146,3,150,211,0,211,361
10/10/2022,SEE,CA,AWP,WE,Towers with Radar,0,0,31,3,34,0,1,115,0,116,0,1,146,3,150,341,0,341,491
10/11/2022,SEE,CA,AWP,WE,Towers with Radar,0,0,24,3,27,0,0,84,0,84,0,0,108,3,111,397,1,398,509
10/12/2022,SEE,CA,AWP,WE,Towers with Radar,0,2,27,4,33,0,2,82,1,85,0,4,109,5,118,468,0,468,586
10/13/2022,SEE,CA,AWP,WE,Towers with Radar,0,0,41,1,42,0,2,102,1,105,0,2,143,2,147,328,0,328,475
10/14/2022,SEE,CA,AWP,WE,Towers with Radar,0,0,30,2,32,0,0,24,0,24,0,0,54,2,56,293,0,293,349
10/15/2022,SEE,CA,AWP,WE,Towers with Radar,0,1,24,0,25,0,0,33,0,33,0,1,57,0,58,180,0,180,238
10/16/2022,SEE,CA,AWP,WE,Towers with Radar,0,0,18,2,20,0,0,74,0,74,0,0,92,2,94,273,0,273,367
10/17/2022,SEE,CA,AWP,WE,Towers with Radar,0,0,29,1,30,0,1,174,0,175,0,1,203,1,205,431,0,431,636
10/18/2022,SEE,CA,AWP,WE,Towers with Radar,0,0,12,2,14,0,2,179,1,182,0,2,191,3,196,287,0,287,483
10/19/2022,SEE,CA,AWP,WE,Towers with Radar,0,0,29,3,32,0,2,150,0,152,0,2,179,3,184,343,0,343,527
10/20/2022,SEE,CA,AWP,WE,Towers with Radar,0,0,39,3,42,0,2,158,2,162,0,2,197,5,204,367,0,367,571
10/21/2022,SEE,CA,AWP,WE,Towers with Radar,0,0,29,3,32,0,0,182,0,182,0,0,211,3,214,390,0,390,604
10/22/2022,SEE,CA,AWP,WE,Towers with Radar,0,0,18,0,18,0,1,47,0,48,0,1,65,0,66,288,0,288,354
10/23/2022,SEE,CA,AWP,WE,Towers with Radar,0,0,23,1,24,0,0,121,0,121,0,0,144,1,145,397,0,397,542
10/24/2022,SEE,CA,AWP,WE,Towers with Radar,0,0,24,3,27,0,1,150,0,151,0,1,174,3,178,259,0,259,437
10/25/2022,SEE,CA,AWP,WE,Towers with Radar,0,0,35,2,37,0,1,200,2,203,0,1,235,4,240,353,0,353,593
10/26/2022,SEE,CA,AWP,WE,Towers with Radar,0,0,40,3,43,0,1,161,0,162,0,1,201,3,205,365,0,365,570
10/27/2022,SEE,CA,AWP,WE,Towers with Radar,0,1,20,0,21,0,1,170,0,171,0,2,190,0,192,350,0,350,542
10/28/2022,SEE,CA,AWP,WE,Towers with Radar,0,0,22,2,24,0,1,186,0,187,0,1,208,2,211,275,0,275,486
10/29/2022,SEE,CA,AWP,WE,Towers with Radar,0,0,18,0,18,0,1,173,0,174,0,1,191,0,192,109,0,109,301
10/30/2022,SEE,CA,AWP,WE,Towers with Radar,0,2,20,6,28,0,1,171,1,173,0,3,191,7,201,251,0,251,452
10/31/2022,SEE,CA,AWP,WE,Towers with Radar,0,2,19,3,24,0,0,130,0,130,0,2,149,3,154,229,0,229,383
11/01/2022,SEE,CA,AWP,WE,Towers with Radar,0,1,34,3,38,0,1,77,1,79,0,2,111,4,117,257,0,257,374
11/02/2022,SEE,CA,AWP,WE,Towers with Radar,0,2,16,2,20,0,0,49,1,50,0,2,65,3,70,102,0,102,172
11/03/2022,SEE,CA,AWP,WE,Towers with Radar,0,0,11,2,13,0,0,22,1,23,0,0,33,3,36,99,0,99,135
11/04/2022,SEE,CA,AWP,WE,Towers with Radar,0,0,28,3,31,0,0,66,3,69,0,0,94,6,100,81,0,81,181
11/05/2022,SEE,CA,AWP,WE,Towers with Radar,0,1,19,0,20,0,1,263,0,264,0,2,282,0,284,174,0,174,458
11/06/2022,SEE,CA,AWP,WE,Towers with Radar,0,0,20,0,20,0,3,145,0,148,0,3,165,0,168,188,0,188,356
11/07/2022,SEE,CA,AWP,WE,Towers with Radar,0,2,21,4,27,0,0,22,0,22,0,2,43,4,49,287,0,287,336
11/08/2022,SEE,CA,AWP,WE,Towers with Radar,0,1,2,2,5,0,0,2,0,2,0,1,4,2,7,41,0,41,48
11/09/2022,SEE,CA,AWP,WE,Towers with Radar,0,0,30,6,36,0,0,93,0,93,0,0,123,6,129,339,0,339,468
11/10/2022,SEE,CA,AWP,WE,Towers with Radar,0,1,28,0,29,0,0,223,0,223,0,1,251,0,252,240,0,240,492
11/11/2022,SEE,CA,AWP,WE,Towers with Radar,0,0,25,0,25,0,2,220,0,222,0,2,245,0,247,390,0,390,637
11/12/2022,SEE,CA,AWP,WE,Towers with Radar,0,1,22,0,23,0,1,221,0,222,0,2,243,0,245,208,0,208,453
11/13/2022,SEE,CA,AWP,WE,Towers with Radar,0,0,19,2,21,0,0,92,1,93,0,0,111,3,114,248,0,248,362
11/14/2022,SEE,CA,AWP,WE,Towers with Radar,0,3,26,1,30,0,1,136,0,137,0,4,162,1,167,415,0,415,582
11/15/2022,SEE,CA,AWP,WE,Towers with Radar,0,0,15,2,17,0,1,179,1,181,0,1,194,3,198,324,0,324,522
11/16/2022,SEE,CA,AWP,WE,Towers with Radar,0,1,10,2,13,0,0,59,0,59,0,1,69,2,72,264,0,264,336
11/17/2022,SEE,CA,AWP,WE,Towers with Radar,0,0,24,2,26,0,2,172,0,174,0,2,196,2,200,337,0,337,537
11/18/2022,SEE,CA,AWP,WE,Towers with Radar,0,2,34,2,38,0,0,166,0,166,0,2,200,2,204,473,0,473,677
11/19/2022,SEE,CA,AWP,WE,Towers with Radar,0,2,15,0,17,0,4,189,0,193,0,6,204,0,210,264,0,264,474
11/20/2022,SEE,CA,AWP,WE,Towers with Radar,0,0,13,0,13,0,2,161,0,163,0,2,174,0,176,233,0,233,409
11/21/2022,SEE,CA,AWP,WE,Towers with Radar,0,0,24,1,25,0,0,141,0,141,0,0,165,1,166,334,0,334,500
11/22/2022,SEE,CA,AWP,WE,Towers with Radar,0,0,20,3,23,0,2,162,0,164,0,2,182,3,187,444,0,444,631
11/23/2022,SEE,CA,AWP,WE,Towers with Radar,0,0,28,0,28,0,4,176,1,181,0,4,204,1,209,303,0,303,512
11/24/2022,SEE,CA,AWP,WE,Towers with Radar,0,0,1,0,1,0,3,23,0,26,0,3,24,0,27,53,0,53,80
11/25/2022,SEE,CA,AWP,WE,Towers with Radar,0,0,17,0,17,0,0,122,0,122,0,0,139,0,139,228,0,228,367
11/26/2022,SEE,CA,AWP,WE,Towers with Radar,0,1,19,0,20,0,1,137,0,138,0,2,156,0,158,152,0,152,310
11/27/2022,SEE,CA,AWP,WE,Towers with Radar,0,0,16,0,16,0,0,146,0,146,0,0,162,0,162,153,0,153,315
11/28/2022,SEE,CA,AWP,WE,Towers with Radar,0,5,19,2,26,0,1,48,0,49,0,6,67,2,75,233,0,233,308
11/29/2022,SEE,CA,AWP,WE,Towers with Radar,0,0,22,3,25,0,0,111,0,111,0,0,133,3,136,167,0,167,303
11/30/2022,SEE,CA,AWP,WE,Towers with Radar,0,0,30,1,31,0,1,67,0,68,0,1,97,1,99,358,0,358,457
12/01/2022,SEE,CA,AWP,WE,Towers with Radar,0,0,18,3,21,0,1,52,0,53,0,1,70,3,74,351,0,351,425
12/02/2022,SEE,CA,AWP,WE,Towers with Radar,0,0,29,1,30,0,0,152,0,152,0,0,181,1,182,320,0,320,502
12/03/2022,SEE,CA,AWP,WE,Towers with Radar,0,1,17,1,19,0,0,185,0,185,0,1,202,1,204,166,0,166,370
12/04/2022,SEE,CA,AWP,WE,Towers with Radar,0,0,17,0,17,0,0,139,0,139,0,0,156,0,156,210,0,210,366
12/05/2022,SEE,CA,AWP,WE,Towers with Radar,0,0,18,1,19,0,0,60,0,60,0,0,78,1,79,287,0,287,366
12/06/2022,SEE,CA,AWP,WE,Towers with Radar,0,0,21,1,22,0,0,68,0,68,0,0,89,1,90,351,0,351,441
12/07/2022,SEE,CA,AWP,WE,Towers with Radar,0,4,17,0,21,0,0,139,1,140,0,4,156,1,161,352,0,352,513
12/08/2022,SEE,CA,AWP,WE,Towers with Radar,0,0,28,1,29,0,3,170,0,173,0,3,198,1,202,339,0,339,541
12/09/2022,SEE,CA,AWP,WE,Towers with Radar,0,1,37,1,39,0,0,165,0,165,0,1,202,1,204,325,0,325,529
12/10/2022,SEE,CA,AWP,WE,Towers with Radar,0,0,9,0,9,0,0,199,0,199,0,0,208,0,208,231,0,231,439
12/11/2022,SEE,CA,AWP,WE,Towers with Radar,0,0,4,0,4,0,0,4,0,4,0,0,8,0,8,9,0,9,17
12/12/2022,SEE,CA,AWP,WE,Towers with Radar,0,1,5,1,7,0,0,9,0,9,0,1,14,1,16,33,0,33,49
12/13/2022,SEE,CA,AWP,WE,Towers with Radar,0,2,18,1,21,0,0,85,2,87,0,2,103,3,108,425,0,425,533
12/14/2022,SEE,CA,AWP,WE,Towers with Radar,0,2,26,3,31,0,0,185,2,187,0,2,211,5,218,355,6,361,579
12/15/2022,SEE,CA,AWP,WE,Towers with Radar,0,4,22,4,30,0,1,162,1,164,0,5,184,5,194,250,0,250,444
12/16/2022,SEE,CA,AWP,WE,Towers with Radar,0,3,20,4,27,0,2,171,1,174,0,5,191,5,201,261,0,261,462
12/17/2022,SEE,CA,AWP,WE,Towers with Radar,0,0,11,0,11,0,0,166,0,166,0,0,177,0,177,249,0,249,426
12/18/2022,SEE,CA,AWP,WE,Towers with Radar,0,0,6,0,6,0,0,165,0,165,0,0,171,0,171,197,0,197,368
12/19/2022,SEE,CA,AWP,WE,Towers with Radar,0,0,14,0,14,0,0,147,1,148,0,0,161,1,162,207,0,207,369
12/20/2022,SEE,CA,AWP,WE,Towers with Radar,0,0,11,2,13,0,0,141,2,143,0,0,152,4,156,242,0,242,398
12/21/2022,SEE,CA,AWP,WE,Towers with Radar,0,3,22,1,26,0,1,152,1,154,0,4,174,2,180,298,0,298,478
12/22/2022,SEE,CA,AWP,WE,Towers with Radar,0,2,28,4,34,0,2,168,2,172,0,4,196,6,206,497,0,497,703
12/23/2022,SEE,CA,AWP,WE,Towers with Radar,0,0,14,0,14,0,1,134,0,135,0,1,148,0,149,278,0,278,427
12/24/2022,SEE,CA,AWP,WE,Towers with Radar,0,0,5,1,6,0,0,97,0,97,0,0,102,1,103,134,0,134,237
12/25/2022,SEE,CA,AWP,WE,Towers with Radar,0,0,2,0,2,0,0,59,0,59,0,0,61,0,61,140,0,140,201
12/26/2022,SEE,CA,AWP,WE,Towers with Radar,0,0,17,0,17,0,0,133,0,133,0,0,150,0,150,112,0,112,262
12/27/2022,SEE,CA,AWP,WE,Towers with Radar,0,0,12,0,12,0,2,91,0,93,0,2,103,0,105,186,0,186,291
12/28/2022,SEE,CA,AWP,WE,Towers with Radar,0,2,15,0,17,0,0,39,0,39,0,2,54,0,56,67,0,67,123
12/29/2022,SEE,CA,AWP,WE,Towers with Radar,0,0,15,0,15,0,0,31,0,31,0,0,46,0,46,175,0,175,221
12/30/2022,SEE,CA,AWP,WE,Towers with Radar,0,2,23,0,25,0,0,14,0,14,0,2,37,0,39,177,0,177,216
12/31/2022,SEE,CA,AWP,WE,Towers with Radar,0,1,12,0,13,0,0,20,0,20,0,1,32,0,33,178,0,178,211
01/01/2023,SEE,CA,AWP,WE,Towers with Radar,0,0,10,0,10,0,0,1,0,1,0,0,11,0,11,14,0,14,25
01/02/2023,SEE,CA,AWP,WE,Towers with Radar,0,0,24,2,26,0,2,34,0,36,0,2,58,2,62,338,0,338,400
01/03/2023,SEE,CA,AWP,WE,Towers with Radar,0,0,15,1,16,0,0,1,0,1,0,0,16,1,17,15,0,15,32
01/04/2023,SEE,CA,AWP,WE,Towers with Radar,0,0,15,2,17,0,0,38,0,38,0,0,53,2,55,205,0,205,260
01/05/2023,SEE,CA,AWP,WE,Towers with Radar,0,0,9,0,9,0,0,1,0,1,0,0,10,0,10,0,0,0,10
01/06/2023,SEE,CA,AWP,WE,Towers with Radar,0,0,22,2,24,0,0,187,0,187,0,0,209,2,211,285,0,285,496
01/07/2023,SEE,CA,AWP,WE,Towers with Radar,0,2,16,0,18,0,0,222,1,223,0,2,238,1,241,382,0,382,623
01/08/2023,SEE,CA,AWP,WE,Towers with Radar,0,2,20,1,23,0,1,185,0,186,0,3,205,1,209,320,0,320,529
01/09/2023,SEE,CA,AWP,WE,Towers with Radar,0,0,14,1,15,0,0,102,0,102,0,0,116,1,117,315,0,315,432
01/10/2023,SEE,CA,AWP,WE,Towers with Radar,0,2,4,2,8,0,0,3,0,3,0,2,7,2,11,0,0,0,11
01/11/2023,SEE,CA,AWP,WE,Towers with Radar,0,0,20,3,23,0,2,128,1,131,0,2,148,4,154,377,0,377,531
01/12/2023,SEE,CA,AWP,WE,Towers with Radar,0,6,24,3,33,0,3,157,0,160,0,9,181,3,193,478,0,478,671
01/13/2023,SEE,CA,AWP,WE,Towers with Radar,0,1,24,0,25,0,1,166,3,170,0,2,190,3,195,313,0,313,508
01/14/2023,SEE,CA,AWP,WE,Towers with Radar,0,0,16,0,16,0,0,45,0,45,0,0,61,0,61,80,0,80,141
01/15/2023,SEE,CA,AWP,WE,Towers with Radar,0,0,10,0,10,0,0,5,0,5,0,0,15,0,15,3,0,3,18
01/16/2023,SEE,CA,AWP,WE,Towers with Radar,0,0,10,1,11,0,0,16,0,16,0,0,26,1,27,9,0,9,36
01/17/2023,SEE,CA,AWP,WE,Towers with Radar,0,0,16,3,19,0,0,38,0,38,0,0,54,3,57,107,0,107,164
01/18/2023,SEE,CA,AWP,WE,Towers with Radar,0,2,20,1,23,0,0,161,0,161,0,2,181,1,184,526,0,526,710
01/19/2023,SEE,CA,AWP,WE,Towers with Radar,0,2,23,1,26,0,0,130,0,130,0,2,153,1,156,320,0,320,476
01/20/2023,SEE,CA,AWP,WE,Towers with Radar,0,5,19,0,24,0,0,198,0,198,0,5,217,0,222,355,0,355,577
01/21/2023,SEE,CA,AWP,WE,Towers with Radar,0,0,22,0,22,0,1,184,0,185,0,1,206,0,207,255,0,255,462
01/22/2023,SEE,CA,AWP,WE,Towers with Radar,0,2,17,1,20,0,0,128,0,128,0,2,145,1,148,158,0,158,306
01/23/2023,SEE,CA,AWP,WE,Towers with Radar,0,0,23,0,23,0,1,122,0,123,0,1,145,0,146,277,0,277,423
01/24/2023,SEE,CA,AWP,WE,Towers with Radar,0,0,29,4,33,0,0,135,0,135,0,0,164,4,168,255,0,255,423
01/25/2023,SEE,CA,AWP,WE,Towers with Radar,0,2,23,5,30,0,2,197,0,199,0,4,220,5,229,469,0,469,698
01/26/2023,SEE,CA,AWP,WE,Towers with Radar,0,0,9,3,12,0,0,40,0,40,0,0,49,3,52,95,0,95,147
01/27/2023,SEE,CA,AWP,WE,Towers with Radar,0,0,21,0,21,0,1,223,0,224,0,1,244,0,245,385,0,385,630
01/28/2023,SEE,CA,AWP,WE,Towers with Radar,0,1,22,0,23,0,0,161,0,161,0,1,183,0,184,192,0,192,376
01/29/2023,SEE,CA,AWP,WE,Towers with Radar,0,0,15,0,15,0,0,20,0,20,0,0,35,0,35,44,0,44,79
01/30/2023,SEE,CA,AWP,WE,Towers with Radar,0,0,8,0,8,0,0,17,0,17,0,0,25,0,25,30,0,30,55
01/31/2023,SEE,CA,AWP,WE,Towers with Radar,0,0,24,4,28,0,0,198,0,198,0,0,222,4,226,320,0,320,546
02/01/2023,SEE,CA,AWP,WE,Towers with Radar,0,1,24,6,31,0,0,205,0,205,0,1,229,6,236,358,0,358,594
02/02/2023,SEE,CA,AWP,WE,Towers with Radar,0,1,23,3,27,0,0,187,2,189,0,1,210,5,216,305,0,305,521
02/03/2023,SEE,CA,AWP,WE,Towers with Radar,0,0,19,0,19,0,0,195,1,196,0,0,214,1,215,528,0,528,743
02/04/2023,SEE,CA,AWP,WE,Towers with Radar,0,2,18,0,20,0,0,202,0,202,0,2,220,0,222,334,0,334,556
02/05/2023,SEE,CA,AWP,WE,Towers with Radar,0,0,14,0,14,0,3,55,1,59,0,3,69,1,73,148,0,148,221
02/06/2023,SEE,CA,AWP,WE,Towers with Radar,0,2,19,1,22,0,0,143,0,143,0,2,162,1,165,375,0,375,540
02/07/2023,SEE,CA,AWP,WE,Towers with Radar,0,0,28,3,31,0,0,141,0,141,0,0,169,3,172,165,0,165,337
02/08/2023,SEE,CA,AWP,WE,Towers with Radar,0,1,24,1,26,0,0,165,4,169,0,1,189,5,195,425,0,425,620
02/09/2023,SEE,CA,AWP,WE,Towers with Radar,0,0,22,3,25,0,0,156,0,156,0,0,178,3,181,187,0,187,368
02/10/2023,SEE,CA,AWP,WE,Towers with Radar,0,0,20,2,22,0,0,158,0,158,0,0,178,2,180,277,0,277,457
02/11/2023,SEE,CA,AWP,WE,Towers with Radar,0,0,19,1,20,0,0,90,0,90,0,0,109,1,110,306,0,306,416
02/12/2023,SEE,CA,AWP,WE,Towers with Radar,0,0,10,1,11,0,1,79,0,80,0,1,89,1,91,142,0,142,233
02/13/2023,SEE,CA,AWP,WE,Towers with Radar,0,0,10,1,11,0,0,82,0,82,0,0,92,1,93,329,0,329,422
02/14/2023,SEE,CA,AWP,WE,Towers with Radar,0,0,9,1,10,0,0,18,0,18,0,0,27,1,28,8,0,8,36
02/15/2023,SEE,CA,AWP,WE,Towers with Radar,0,0,24,3,27,0,3,195,2,200,0,3,219,5,227,406,0,406,633
02/16/2023,SEE,CA,AWP,WE,Towers with Radar,0,0,10,2,12,0,0,130,5,135,0,0,140,7,147,305,0,305,452
02/17/2023,SEE,CA,AWP,WE,Towers with Radar,0,2,36,0,38,0,0,178,0,178,0,2,214,0,216,462,0,462,678
02/18/2023,SEE,CA,AWP,WE,Towers with Radar,0,0,13,0,13,0,0,193,0,193,0,0,206,0,206,248,0,248,454
02/19/2023,SEE,CA,AWP,WE,Towers with Radar,0,0,16,0,16,0,0,147,0,147,0,0,163,0,163,264,0,264,427
02/20/2023,SEE,CA,AWP,WE,Towers with Radar,0,2,28,0,30,0,0,206,1,207,0,2,234,1,237,397,0,397,634
02/21/2023,SEE,CA,AWP,WE,Towers with Radar,0,0,14,1,15,0,0,87,1,88,0,0,101,2,103,219,0,219,322
02/22/2023,SEE,CA,AWP,WE,Towers with Radar,0,0,5,2,7,0,0,9,0,9,0,0,14,2,16,6,0,6,22
02/23/2023,SEE,CA,AWP,WE,Towers with Radar,0,0,15,2,17,0,0,7,0,7,0,0,22,2,24,18,0,18,42
02/24/2023,SEE,CA,AWP,WE,Towers with Radar,0,0,19,1,20,0,2,37,0,39,0,2,56,1,59,127,0,127,186
02/25/2023,SEE,CA,AWP,WE,Towers with Radar,0,0,3,0,3,0,1,7,0,8,0,1,10,0,11,14,0,14,25
02/26/2023,SEE,CA,AWP,WE,Towers with Radar,0,0,13,1,14,0,0,106,0,106,0,0,119,1,120,253,0,253,373
02/27/2023,SEE,CA,AWP,WE,Towers with Radar,0,0,20,3,23,0,0,95,0,95,0,0,115,3,118,532,0,532,650
02/28/2023,SEE,CA,AWP,WE,Towers with Radar,0,0,9,4,13,0,0,41,0,41,0,0,50,4,54,157,0,157,211
03/01/2023,SEE,CA,AWP,WE,Towers with Radar,0,0,5,1,6,0,0,8,0,8,0,0,13,1,14,0,0,0,14
03/02/2023,SEE,CA,AWP,WE,Towers with Radar,0,0,29,7,36,0,9,244,0,253,0,9,273,7,289,442,0,442,731
03/03/2023,SEE,CA,AWP,WE,Towers with Radar,0,1,21,0,22,0,0,238,1,239,0,1,259,1,261,438,0,438,699
03/04/2023,SEE,CA,AWP,WE,Towers with Radar,0,3,22,0,25,0,0,64,0,64,0,3,86,0,89,278,0,278,367
03/05/2023,SEE,CA,AWP,WE,Towers with Radar,0,1,13,1,15,0,0,84,0,84,0,1,97,1,99,175,0,175,274
03/06/2023,SEE,CA,AWP,WE,Towers with Radar,0,1,28,1,30,0,0,112,0,112,0,1,140,1,142,453,0,453,595
03/07/2023,SEE,CA,AWP,WE,Towers with Radar,0,4,27,3,34,0,2,172,2,176,0,6,199,5,210,353,0,353,563
03/08/2023,SEE,CA,AWP,WE,Towers with Radar,0,3,29,4,36,0,0,168,4,172,0,3,197,8,208,345,4,349,557
03/09/2023,SEE,CA,AWP,WE,Towers with Radar,0,5,19,1,25,0,2,214,0,216,0,7,233,1,241,425,0,425,666
03/10/2023,SEE,CA,AWP,WE,Towers with Radar,0,1,23,0,24,0,0,52,0,52,0,1,75,0,76,269,0,269,345
03/11/2023,SEE,CA,AWP,WE,Towers with Radar,0,0,7,1,8,0,0,1,0,1,0,0,8,1,9,0,0,0,9
03/12/2023,SEE,CA,AWP,WE,Towers with Radar,0,1,19,0,20,0,0,77,0,77,0,1,96,0,97,268,0,268,365
03/13/2023,SEE,CA,AWP,WE,Towers with Radar,0,5,15,0,20,0,0,40,0,40,0,5,55,0,60,13,0,13,73
03/14/2023,SEE,CA,AWP,WE,Towers with Radar,0,1,15,6,22,0,1,42,2,45,0,2,57,8,67,35,0,35,102
03/15/2023,SEE,CA,AWP,WE,Towers with Radar,0,1,3,0,4,0,0,0,0,0,0,1,3,0,4,0,0,0,4
03/16/2023,SEE,CA,AWP,WE,Towers with Radar,0,3,30,1,34,0,0,120,1,121,0,3,150,2,155,652,1,653,808
03/17/2023,SEE,CA,AWP,WE,Towers with Radar,0,1,26,2,29,0,0,269,0,269,0,1,295,2,298,435,0,435,733
03/18/2023,SEE,CA,AWP,WE,Towers with Radar,0,0,27,0,27,0,1,281,0,282,0,1,308,0,309,323,0,323,632
03/19/2023,SEE,CA,AWP,WE,Towers with Radar,0,1,22,1,24,0,0,88,0,88,0,1,110,1,112,247,0,247,359
03/20/2023,SEE,CA,AWP,WE,Towers with Radar,0,0,15,4,19,0,0,19,0,19,0,0,34,4,38,35,0,35,73
03/21/2023,SEE,CA,AWP,WE,Towers with Radar,0,0,3,3,6,0,0,6,0,6,0,0,9,3,12,47,0,47,59
03/22/2023,SEE,CA,AWP,WE,Towers with Radar,0,0,12,2,14,0,0,41,1,42,0,0,53,3,56,170,0,170,226
03/23/2023,SEE,CA,AWP,WE,Towers with Radar,0,2,10,0,12,0,0,46,0,46,0,2,56,0,58,157,0,157,215
03/24/2023,SEE,CA,AWP,WE,Towers with Radar,0,2,25,2,29,0,1,181,0,182,0,3,206,2,211,600,0,600,811
03/25/2023,SEE,CA,AWP,WE,Towers with Radar,0,0,20,0,20,0,0,160,0,160,0,0,180,0,180,273,0,273,453
03/26/2023,SEE,CA,AWP,WE,Towers with Radar,0,3,12,1,16,0,2,218,1,221,0,5,230,2,237,220,0,220,457
03/27/2023,SEE,CA,AWP,WE,Towers with Radar,0,0,22,1,23,0,0,194,0,194,0,0,216,1,217,383,0,383,600
03/28/2023,SEE,CA,AWP,WE,Towers with Radar,0,3,31,2,36,0,3,201,2,206,0,6,232,4,242,380,0,380,622
03/29/2023,SEE,CA,AWP,WE,Towers with Radar,0,0,51,2,53,0,0,16,0,16,0,0,67,2,69,110,0,110,179
03/30/2023,SEE,CA,AWP,WE,Towers with Radar,0,1,18,0,19,0,1,27,0,28,0,2,45,0,47,156,0,156,203
03/31/2023,SEE,CA,AWP,WE,Towers with Radar,0,2,17,1,20,0,3,228,0,231,0,5,245,1,251,497,0,497,748
04/01/2023,SEE,CA,AWP,WE,Towers with Radar,0,3,22,0,25,0,0,276,0,276,0,3,298,0,301,220,0,220,521
04/02/2023,SEE,CA,AWP,WE,Towers with Radar,0,4,23,2,29,0,2,209,0,211,0,6,232,2,240,283,0,283,523
04/03/2023,SEE,CA,AWP,WE,Towers with Radar,0,0,15,0,15,0,0,26,0,26,0,0,41,0,41,124,0,124,165
04/04/2023,SEE,CA,AWP,WE,Towers with Radar,0,1,16,2,19,0,0,222,0,222,0,1,238,2,241,327,0,327,568
04/05/2023,SEE,CA,AWP,WE,Towers with Radar,0,0,29,1,30,0,0,195,4,199,0,0,224,5,229,315,0,315,544
04/06/2023,SEE,CA,AWP,WE,Towers with Radar,0,0,25,0,25,0,0,216,0,216,0,0,241,0,241,373,0,373,614
04/07/2023,SEE,CA,AWP,WE,Towers with Radar,0,1,13,0,14,0,1,203,0,204,0,2,216,0,218,257,0,257,475
04/08/2023,SEE,CA,AWP,WE,Towers with Radar,0,0,27,2,29,0,1,210,0,211,0,1,237,2,240,272,0,272,512
04/09/2023,SEE,CA,AWP,WE,Towers with Radar,0,0,15,0,15,0,0,108,0,108,0,0,123,0,123,117,0,117,240
04/10/2023,SEE,CA,AWP,WE,Towers with Radar,0,0,18,0,18,0,0,143,1,144,0,0,161,1,162,268,0,268,430
04/11/2023,SEE,CA,AWP,WE,Towers with Radar,0,0,16,1,17,0,0,128,1,129,0,0,144,2,146,232,0,232,378
04/12/2023,SEE,CA,AWP,WE,Towers with Radar,0,0,26,6,32,0,1,27,1,29,0,1,53,7,61,18,0,18,79
04/13/2023,SEE,CA,AWP,WE,Towers with Radar,0,1,23,1,25,0,1,40,1,42,0,2,63,2,67,107,0,107,174
04/14/2023,SEE,CA,AWP,WE,Towers with Radar,0,1,33,4,38,0,1,101,1,103,0,2,134,5,141,604,0,604,745
04/15/2023,SEE,CA,AWP,WE,Towers with Radar,0,0,20,0,20,0,1,250,0,251,0,1,270,0,271,381,0,381,652
04/16/2023,SEE,CA,AWP,WE,Towers with Radar,0,0,21,1,22,0,0,19,0,19,0,0,40,1,41,17,0,17,58
04/17/2023,SEE,CA,AWP,WE,Towers with Radar,0,1,21,1,23,0,0,36,0,36,0,1,57,1,59,118,0,118,177
04/18/2023,SEE,CA,AWP,WE,Towers with Radar,0,0,34,4,38,0,0,101,1,102,0,0,135,5,140,508,0,508,648
04/19/2023,SEE,CA,AWP,WE,Towers with Radar,0,1,24,4,29,0,1,174,1,176,0,2,198,5,205,309,0,309,514
04/20/2023,SEE,CA,AWP,WE,Towers with Radar,0,0,27,3,30,0,0,212,2,214,0,0,239,5,244,376,0,376,620
04/21/2023,SEE,CA,AWP,WE,Towers with Radar,0,0,26,1,27,0,0,241,0,241,0,0,267,1,268,318,0,318,586
04/22/2023,SEE,CA,AWP,WE,Towers with Radar,0,0,23,0,23,0,1,181,0,182,0,1,204,0,205,203,0,203,408
04/23/2023,SEE,CA,AWP,WE,Towers with Radar,0,3,20,1,24,0,0,161,0,161,0,3,181,1,185,169,0,169,354
04/24/2023,SEE,CA,AWP,WE,Towers with Radar,0,0,25,2,27,0,0,106,1,107,0,0,131,3,134,257,0,257,391
04/25/2023,SEE,CA,AWP,WE,Towers with Radar,0,0,19,4,23,0,0,77,0,77,0,0,96,4,100,327,0,327,427
04/26/2023,SEE,CA,AWP,WE,Towers with Radar,0,7,34,2,43,0,0,154,0,154,0,7,188,2,197,231,0,231,428
04/27/2023,SEE,CA,AWP,WE,Towers with Radar,0,1,12,0,13,0,0,176,3,179,0,1,188,3,192,263,0,263,455
04/28/2023,SEE,CA,AWP,WE,Towers with Radar,0,0,22,1,23,0,0,48,0,48,0,0,70,1,71,69,0,69,140
04/29/2023,SEE,CA,AWP,WE,Towers with Radar,0,0,13,0,13,0,0,159,0,159,0,0,172,0,172,265,0,265,437
04/30/2023,SEE,CA,AWP,WE,Towers with Radar,0,1,18,1,20,0,0,115,1,116,0,1,133,2,136,122,0,122,258
05/01/2023,SEE,CA,AWP,WE,Towers with Radar,0,2,7,5,14,0,0,54,1,55,0,2,61,6,69,461,0,461,530
05/02/2023,SEE,CA,AWP,WE,Towers with Radar,0,2,24,9,35,0,0,105,0,105,0,2,129,9,140,343,0,343,483
05/03/2023,SEE,CA,AWP,WE,Towers with Radar,0,0,16,4,20,0,2,144,0,146,0,2,160,4,166,435,0,435,601
05/04/2023,SEE,CA,AWP,WE,Towers with Radar,0,0,29,1,30,0,0,32,0,32,0,0,61,1,62,53,0,53,115
05/05/2023,SEE,CA,AWP,WE,Towers with Radar,0,2,18,3,23,0,0,97,0,97,0,2,115,3,120,550,0,550,670
05/06/2023,SEE,CA,AWP,WE,Towers with Radar,0,2,13,1,16,0,0,171,1,172,0,2,184,2,188,364,0,364,552
05/07/2023,SEE,CA,AWP,WE,Towers with Radar,0,0,22,2,24,0,0,162,0,162,0,0,184,2,186,167,0,167,353
05/08/2023,SEE,CA,AWP,WE,Towers with Radar,0,0,29,3,32,0,0,146,1,147,0,0,175,4,179,161,0,161,340
05/09/2023,SEE,CA,AWP,WE,Towers with Radar,0,0,36,5,41,0,0,170,0,170,0,0,206,5,211,303,0,303,514
05/10/2023,SEE,CA,AWP,WE,Towers with Radar,0,0,23,7,30,0,2,78,2,82,0,2,101,9,112,522,0,522,634
05/11/2023,SEE,CA,AWP,WE,Towers with Radar,0,1,24,5,30,0,0,165,2,167,0,1,189,7,197,506,0,506,703
05/12/2023,SEE,CA,AWP,WE,Towers with Radar,0,1,39,3,43,0,0,157,2,159,0,1,196,5,202,426,1,427,629
05/13/2023,SEE,CA,AWP,WE,Towers with Radar,0,1,22,1,24,0,0,135,0,135,0,1,157,1,159,287,0,287,446
05/14/2023,SEE,CA,AWP,WE,Towers with Radar,0,0,10,1,11,0,0,91,0,91,0,0,101,1,102,185,0,185,287
05/15/2023,SEE,CA,AWP,WE,Towers with Radar,0,0,31,5,36,0,0,137,0,137,0,0,168,5,173,294,0,294,467
05/16/2023,SEE,CA,AWP,WE,Towers with Radar,0,2,23,4,29,0,0,123,0,123,0,2,146,4,152,183,0,183,335
05/17/2023,SEE,CA,AWP,WE,Towers with Radar,0,2,28,4,34,0,0,97,2,99,0,2,125,6,133,333,0,333,466
05/18/2023,SEE,CA,AWP,WE,Towers with Radar,0,0,18,4,22,0,0,88,3,91,0,0,106,7,113,306,1,307,420
05/19/2023,SEE,CA,AWP,WE,Towers with Radar,0,0,25,2,27,0,0,109,1,110,0,0,134,3,137,381,0,381,518
05/20/2023,SEE,CA,AWP,WE,Towers with Radar,0,5,26,0,31,0,1,136,0,137,0,6,162,0,168,213,0,213,381
05/21/2023,SEE,CA,AWP,WE,Towers with Radar,0,2,21,1,24,0,1,139,0,140,0,3,160,1,164,256,0,256,420
05/22/2023,SEE,CA,AWP,WE,Towers with Radar,0,4,29,3,36,0,1,18,0,19,0,5,47,3,55,243,0,243,298
05/23/2023,SEE,CA,AWP,WE,Towers with Radar,0,0,27,4,31,0,0,20,0,20,0,0,47,4,51,179,0,179,230
05/24/2023,SEE,CA,AWP,WE,Towers with Radar,0,0,25,3,28,0,2,24,1,27,0,2,49,4,55,166,0,166,221
05/25/2023,SEE,CA,AWP,WE,Towers with Radar,0,0,22,7,29,0,2,193,0,195,0,2,215,7,224,562,0,562,786
05/26/2023,SEE,CA,AWP,WE,Towers with Radar,0,0,31,2,33,0,0,181,0,181,0,0,212,2,214,433,0,433,647
05/27/2023,SEE,CA,AWP,WE,Towers with Radar,0,0,30,0,30,0,0,144,0,144,0,0,174,0,174,301,0,301,475
05/28/2023,SEE,CA,AWP,WE,Towers with Radar,0,1,18,1,20,0,0,71,0,71,0,1,89,1,91,267,0,267,358
05/29/2023,SEE,CA,AWP,WE,Towers with Radar,0,1,18,0,19,0,1,34,0,35,0,2,52,0,54,192,0,192,246
05/30/2023,SEE,CA,AWP,WE,Towers with Radar,0,0,45,5,50,0,0,57,0,57,0,0,102,5,107,595,0,595,702
05/31/2023,SEE,CA,AWP,WE,Towers with Radar,0,0,28,5,33,0,0,80,1,81,0,0,108,6,114,686,0,686,800
06/01/2023,SEE,CA,AWP,WE,Towers with Radar,0,0,43,4,47,0,0,44,0,44,0,0,87,4,91,630,0,630,721
06/02/2023,SEE,CA,AWP,WE,Towers with Radar,0,0,36,3,39,0,0,166,0,166,0,0,202,3,205,405,0,405,610
06/03/2023,SEE,CA,AWP,WE,Towers with Radar,0,0,29,0,29,0,0,131,0,131,0,0,160,0,160,277,0,277,437
06/04/2023,SEE,CA,AWP,WE,Towers with Radar,0,0,26,1,27,0,1,143,0,144,0,1,169,1,171,254,0,254,425
06/05/2023,SEE,CA,AWP,WE,Towers with Radar,0,0,36,4,40,0,0,75,0,75,0,0,111,4,115,580,0,580,695
06/06/2023,SEE,CA,AWP,WE,Towers with Radar,0,4,25,4,33,0,0,156,0,156,0,4,181,4,189,449,0,449,638
06/07/2023,SEE,CA,AWP,WE,Towers with Radar,0,0,28,5,33,0,0,106,3,109,0,0,134,8,142,607,5,612,754
06/08/2023,SEE,CA,AWP,WE,Towers with Radar,0,3,25,4,32,0,3,194,1,198,0,6,219,5,230,445,0,445,675
06/09/2023,SEE,CA,AWP,WE,Towers with Radar,0,4,45,1,50,0,0,133,0,133,0,4,178,1,183,414,0,414,597
06/10/2023,SEE,CA,AWP,WE,Towers with Radar,0,2,33,10,45,0,0,37,1,38,0,2,70,11,83,205,0,205,288
06/11/2023,SEE,CA,AWP,WE,Towers with Radar,0,2,28,2,32,0,0,11,0,11,0,2,39,2,43,39,0,39,82
06/12/2023,SEE,CA,AWP,WE,Towers with Radar,0,0,25,5,30,0,0,37,0,37,0,0,62,5,67,352,0,352,419
06/13/2023,SEE,CA,AWP,WE,Towers with Radar,0,0,28,7,35,0,2,74,1,77,0,2,102,8,112,421,0,421,533
06/14/2023,SEE,CA,AWP,WE,Towers with Radar,0,0,27,6,33,0,2,106,0,108,0,2,133,6,141,368,0,368,509
06/15/2023,SEE,CA,AWP,WE,Towers with Radar,0,0,30,4,34,0,0,150,0,150,0,0,180,4,184,418,0,418,602
06/16/2023,SEE,CA,AWP,WE,Towers with Radar,0,1,25,4,30,0,0,221,1,222,0,1,246,5,252,459,0,459,711
06/17/2023,SEE,CA,AWP,WE,Towers with Radar,0,0,21,0,21,0,0,269,0,269,0,0,290,0,290,293,0,293,583
06/18/2023,SEE,CA,AWP,WE,Towers with Radar,0,0,14,0,14,0,0,158,0,158,0,0,172,0,172,175,0,175,347
06/19/2023,SEE,CA,AWP,WE,Towers with Radar,0,2,23,1,26,0,0,144,2,146,0,2,167,3,172,280,0,280,452
06/20/2023,SEE,CA,AWP,WE,Towers with Radar,0,0,33,9,42,0,0,178,0,178,0,0,211,9,220,265,0,265,485
06/21/2023,SEE,CA,AWP,WE,Towers with Radar,0,4,30,4,38,0,0,209,0,209,0,4,239,4,247,369,0,369,616
06/22/2023,SEE,CA,AWP,WE,Towers with Radar,0,0,32,1,33,0,0,177,3,180,0,0,209,4,213,427,0,427,640
06/23/2023,SEE,CA,AWP,WE,Towers with Radar,0,0,23,1,24,0,0,204,0,204,0,0,227,1,228,428,0,428,656
06/24/2023,SEE,CA,AWP,WE,Towers with Radar,0,0,20,0,20,0,0,204,0,204,0,0,224,0,224,253,0,253,477
06/25/2023,SEE,CA,AWP,WE,Towers with Radar,0,2,19,0,21,0,0,151,0,151,0,2,170,0,172,237,0,237,409
06/26/2023,SEE,CA,AWP,WE,Towers with Radar,0,2,22,0,24,0,0,164,0,164,0,2,186,0,188,375,0,375,563
06/27/2023,SEE,CA,AWP,WE,Towers with Radar,0,4,24,7,35,0,0,175,2,177,0,4,199,9,212,319,0,319,531
06/28/2023,SEE,CA,AWP,WE,Towers with Radar,0,2,23,3,28,0,0,171,0,171,0,2,194,3,199,313,0,313,512
06/29/2023,SEE,CA,AWP,WE,Towers with Radar,0,2,25,3,30,0,0,163,0,163,0,2,188,3,193,452,0,452,645
06/30/2023,SEE,CA,AWP,WE,Towers with Radar,0,0,38,2,40,0,0,182,2,184,0,0,220,4,224,420,0,420,644
07/01/2023,SEE,CA,AWP,WE,Towers with Radar,0,3,17,1,21,0,1,174,3,178,0,4,191,4,199,327,0,327,526
07/02/2023,SEE,CA,AWP,WE,Towers with Radar,0,4,15,0,19,0,0,150,0,150,0,4,165,0,169,201,0,201,370
07/03/2023,SEE,CA,AWP,WE,Towers with Radar,0,2,18,0,20,0,0,128,1,129,0,2,146,1,149,355,0,355,504
07/04/2023,SEE,CA,AWP,WE,Towers with Radar,0,0,1,1,2,0,2,136,0,138,0,2,137,1,140,151,0,151,291
07/05/2023,SEE,CA,AWP,WE,Towers with Radar,0,0,18,2,20,0,1,189,1,191,0,1,207,3,211,258,0,258,469
07/06/2023,SEE,CA,AWP,WE,Towers with Radar,0,2,29,2,33,0,0,176,0,176,0,2,205,2,209,471,0,471,680
07/07/2023,SEE,CA,AWP,WE,Towers with Radar,0,0,31,1,32,0,1,196,0,197,0,1,227,1,229,572,0,572,801
07/08/2023,SEE,CA,AWP,WE,Towers with Radar,0,0,18,0,18,0,1,190,0,191,0,1,208,0,209,397,0,397,606
07/09/2023,SEE,CA,AWP,WE,Towers with Radar,0,2,13,1,16,0,0,145,0,145,0,2,158,1,161,276,0,276,437
07/10/2023,SEE,CA,AWP,WE,Towers with Radar,0,0,24,3,27,0,0,174,2,176,0,0,198,5,203,318,0,318,521
07/11/2023,SEE,CA,AWP,WE,Towers with Radar,0,0,35,3,38,0,1,154,3,158,0,1,189,6,196,404,0,404,600
07/12/2023,SEE,CA,AWP,WE,Towers with Radar,0,0,23,2,25,0,0,187,4,191,0,0,210,6,216,235,0,235,451
07/13/2023,SEE,CA,AWP,WE,Towers with Radar,0,0,24,5,29,0,4,214,0,218,0,4,238,5,247,302,0,302,549
07/14/2023,SEE,CA,AWP,WE,Towers with Radar,0,2,32,1,35,0,2,198,0,200,0,4,230,1,235,454,0,454,689
07/15/2023,SEE,CA,AWP,WE,Towers with Radar,0,4,16,0,20,0,1,180,0,181,0,5,196,0,201,214,0,214,415
07/16/2023,SEE,CA,AWP,WE,Towers with Radar,0,1,18,0,19,0,0,132,0,132,0,1,150,0,151,229,0,229,380
07/17/2023,SEE,CA,AWP,WE,Towers with Radar,0,0,24,1,25,0,3,170,0,173,0,3,194,1,198,268,0,268,466
07/18/2023,SEE,CA,AWP,WE,Towers with Radar,0,1,19,1,21,0,1,169,0,170,0,2,188,1,191,308,0,308,499
07/19/2023,SEE,CA,AWP,WE,Towers with Radar,0,1,23,2,26,0,0,181,0,181,0,1,204,2,207,403,0,403,610
07/20/2023,SEE,CA,AWP,WE,Towers with Radar,0,3,25,2,30,0,1,167,2,170,0,4,192,4,200,485,0,485,685
07/21/2023,SEE,CA,AWP,WE,Towers with Radar,0,2,28,4,34,0,0,153,0,153,0,2,181,4,187,292,0,292,479
07/22/2023,SEE,CA,AWP,WE,Towers with Radar,0,3,23,0,26,0,1,169,0,170,0,4,192,0,196,302,0,302,498
07/23/2023,SEE,CA,AWP,WE,Towers with Radar,0,0,13,0,13,0,0,74,0,74,0,0,87,0,87,158,0,158,245
07/24/2023,SEE,CA,AWP,WE,Towers with Radar,0,1,30,2,33,0,1,159,0,160,0,2,189,2,193,374,0,374,567
07/25/2023,SEE,CA,AWP,WE,Towers with Radar,0,0,26,2,28,0,1,151,2,154,0,1,177,4,182,335,16,351,533
07/26/2023,SEE,CA,AWP,WE,Towers with Radar,0,2,17,2,21,0,0,158,0,158,0,2,175,2,179,315,0,315,494
07/27/2023,SEE,CA,AWP,WE,Towers with Radar,0,2,18,3,23,0,1,157,3,161,0,3,175,6,184,311,0,311,495
07/28/2023,SEE,CA,AWP,WE,Towers with Radar,0,0,24,0,24,0,2,185,0,187,0,2,209,0,211,448,0,448,659
07/29/2023,SEE,CA,AWP,WE,Towers with Radar,0,0,12,0,12,0,1,172,2,175,0,1,184,2,187,372,0,372,559
07/30/2023,SEE,CA,AWP,WE,Towers with Radar,0,1,21,1,23,0,1,91,0,92,0,2,112,1,115,161,0,161,276
07/31/2023,SEE,CA,AWP,WE,Towers with Radar,0,0,18,1,19,0,0,70,0,70,0,0,88,1,89,423,0,423,512
08/01/2023,SEE,CA,AWP,WE,Towers with Radar,0,0,25,7,32,0,0,159,1,160,0,0,184,8,192,381,0,381,573
08/02/2023,SEE,CA,AWP,WE,Towers with Radar,0,4,24,2,30,0,1,194,0,195,0,5,218,2,225,459,0,459,684
08/03/2023,SEE,CA,AWP,WE,Towers with Radar,0,0,24,0,24,0,0,222,2,224,0,0,246,2,248,448,0,448,696
08/04/2023,SEE,CA,AWP,WE,Towers with Radar,0,1,17,0,18,0,1,211,0,212,0,2,228,0,230,479,0,479,709
08/05/2023,SEE,CA,AWP,WE,Towers with Radar,0,2,20,0,22,0,1,202,0,203,0,3,222,0,225,294,0,294,519
08/06/2023,SEE,CA,AWP,WE,Towers with Radar,0,1,14,0,15,0,0,169,0,169,0,1,183,0,184,381,0,381,565
08/07/2023,SEE,CA,AWP,WE,Towers with Radar,0,1,21,3,25,0,1,195,3,199,0,2,216,6,224,326,0,326,550
08/08/2023,SEE,CA,AWP,WE,Towers with Radar,0,0,24,6,30,0,0,168,0,168,0,0,192,6,198,460,0,460,658
08/09/2023,SEE,CA,AWP,WE,Towers with Radar,0,0,20,6,26,0,1,148,0,149,0,1,168,6,175,469,0,469,644
08/10/2023,SEE,CA,AWP,WE,Towers with Radar,0,2,16,3,21,0,0,124,0,124,0,2,140,3,145,452,0,452,597
08/11/2023,SEE,CA,AWP,WE,Towers with Radar,0,0,18,0,18,0,0,139,2,141,0,0,157,2,159,464,0,464,623
08/12/2023,SEE,CA,AWP,WE,Towers with Radar,0,0,28,0,28,0,4,120,0,124,0,4,148,0,152,350,0,350,502
08/13/2023,SEE,CA,AWP,WE,Towers with Radar,0,0,24,0,24,0,0,130,1,131,0,0,154,1,155,192,0,192,347
08/14/2023,SEE,CA,AWP,WE,Towers with Radar,0,4,23,0,27,0,0,159,1,160,0,4,182,1,187,312,0,312,499
08/15/2023,SEE,CA,AWP,WE,Towers with Radar,0,0,22,3,25,0,0,150,0,150,0,0,172,3,175,363,0,363,538
08/16/2023,SEE,CA,AWP,WE,Towers with Radar,0,0,17,4,21,0,0,177,0,177,0,0,194,4,198,294,0,294,492
08/17/2023,SEE,CA,AWP,WE,Towers with Radar,0,0,27,3,30,0,0,200,0,200,0,0,227,3,230,264,0,264,494
08/18/2023,SEE,CA,AWP,WE,Towers with Radar,0,0,28,0,28,0,1,210,0,211,0,1,238,0,239,390,0,390,629
08/19/2023,SEE,CA,AWP,WE,Towers with Radar,0,1,14,2,17,0,0,106,0,106,0,1,120,2,123,124,0,124,247
08/20/2023,SEE,CA,AWP,WE,Towers with Radar,0,0,3,0,3,0,0,0,0,0,0,0,3,0,3,16,0,16,19
08/21/2023,SEE,CA,AWP,WE,Towers with Radar,0,1,12,4,17,0,2,49,0,51,0,3,61,4,68,159,0,159,227
08/22/2023,SEE,CA,AWP,WE,Towers with Radar,0,0,23,3,26,0,0,184,1,185,0,0,207,4,211,311,0,311,522
08/23/2023,SEE,CA,AWP,WE,Towers with Radar,0,0,22,3,25,0,0,221,0,221,0,0,243,3,246,437,0,437,683
08/24/2023,SEE,CA,AWP,WE,Towers with Radar,0,1,28,2,31,0,0,180,2,182,0,1,208,4,213,336,0,336,549
08/25/2023,SEE,CA,AWP,WE,Towers with Radar,0,1,21,1,23,0,0,195,0,195,0,1,216,1,218,384,0,384,602
08/26/2023,SEE,CA,AWP,WE,Towers with Radar,0,0,21,0,21,0,0,195,0,195,0,0,216,0,216,219,0,219,435
08/27/2023,SEE,CA,AWP,WE,Towers with Radar,0,0,20,0,20,0,2,178,0,180,0,2,198,0,200,233,0,233,433
08/28/2023,SEE,CA,AWP,WE,Towers with Radar,0,0,20,3,23,0,0,166,2,168,0,0,186,5,191,261,0,261,452
08/29/2023,SEE,CA,AWP,WE,Towers with Radar,0,0,18,5,23,0,1,168,0,169,0,1,186,5,192,371,0,371,563
08/30/2023,SEE,CA,AWP,WE,Towers with Radar,0,0,22,2,24,0,1,178,1,180,0,1,200,3,204,357,0,357,561
08/31/2023,SEE,CA,AWP,WE,Towers with Radar,0,0,26,7,33,0,2,144,2,148,0,2,170,9,181,373,0,373,554
