01/01/2020,SFF,WA,ANM,WE,Federal Contract Tower,0,0,6,0,6,0,5,18,0,23,0,5,24,0,29,16,0,16,45
01/02/2020,SFF,WA,ANM,WE,Federal Contract Tower,0,2,8,0,10,0,4,64,0,68,0,6,72,0,78,90,0,90,168
01/03/2020,SFF,WA,ANM,WE,Federal Contract Tower,0,1,15,0,16,0,7,45,0,52,0,8,60,0,68,44,0,44,112
01/04/2020,SFF,WA,ANM,WE,Federal Contract Tower,0,1,9,0,10,0,12,3,0,15,0,13,12,0,25,0,0,0,25
01/05/2020,SFF,WA,ANM,WE,Federal Contract Tower,0,0,6,0,6,0,0,22,0,22,0,0,28,0,28,34,0,34,62
01/06/2020,SFF,WA,ANM,WE,Federal Contract Tower,0,1,16,0,17,0,4,1,0,5,0,5,17,0,22,30,0,30,52
01/08/2020,SFF,WA,ANM,WE,Federal Contract Tower,0,1,9,0,10,0,9,32,0,41,0,10,41,0,51,58,0,58,109
01/09/2020,SFF,WA,ANM,WE,Federal Contract Tower,0,4,26,0,30,0,7,46,1,54,0,11,72,1,84,50,0,50,134
01/10/2020,SFF,WA,ANM,WE,Federal Contract Tower,0,1,8,0,9,0,0,0,0,0,0,1,8,0,9,0,0,0,9
01/11/2020,SFF,WA,ANM,WE,Federal Contract Tower,0,2,9,0,11,0,0,0,0,0,0,2,9,0,11,8,0,8,19
01/12/2020,SFF,WA,ANM,WE,Federal Contract Tower,0,0,4,0,4,0,0,0,0,0,0,0,4,0,4,0,0,0,4
01/13/2020,SFF,WA,ANM,WE,Federal Contract Tower,0,1,9,0,10,0,3,26,0,29,0,4,35,0,39,151,0,151,190
01/14/2020,SFF,WA,ANM,WE,Federal Contract Tower,0,3,8,0,11,0,1,0,0,1,0,4,8,0,12,22,0,22,34
01/15/2020,SFF,WA,ANM,WE,Federal Contract Tower,0,4,12,0,16,0,6,59,0,65,0,10,71,0,81,151,20,171,252
01/16/2020,SFF,WA,ANM,WE,Federal Contract Tower,0,2,9,0,11,0,5,27,0,32,0,7,36,0,43,30,0,30,73
01/17/2020,SFF,WA,ANM,WE,Federal Contract Tower,0,3,13,0,16,0,2,25,0,27,0,5,38,0,43,94,0,94,137
01/18/2020,SFF,WA,ANM,WE,Federal Contract Tower,0,2,0,0,2,0,2,0,0,2,0,4,0,0,4,0,0,0,4
01/19/2020,SFF,WA,ANM,WE,Federal Contract Tower,0,1,13,0,14,0,6,45,0,51,0,7,58,0,65,82,0,82,147
01/20/2020,SFF,WA,ANM,WE,Federal Contract Tower,0,0,9,0,9,0,8,51,0,59,0,8,60,0,68,62,0,62,130
01/21/2020,SFF,WA,ANM,WE,Federal Contract Tower,0,5,10,0,15,0,8,0,0,8,0,13,10,0,23,50,0,50,73
01/22/2020,SFF,WA,ANM,WE,Federal Contract Tower,0,1,23,0,24,0,13,31,0,44,0,14,54,0,68,140,0,140,208
01/23/2020,SFF,WA,ANM,WE,Federal Contract Tower,0,1,12,0,13,0,2,0,0,2,0,3,12,0,15,110,0,110,125
01/24/2020,SFF,WA,ANM,WE,Federal Contract Tower,0,1,19,0,20,0,12,19,0,31,0,13,38,0,51,80,0,80,131
01/25/2020,SFF,WA,ANM,WE,Federal Contract Tower,0,1,5,0,6,0,0,11,0,11,0,1,16,0,17,72,0,72,89
01/27/2020,SFF,WA,ANM,WE,Federal Contract Tower,0,0,25,0,25,0,9,24,0,33,0,9,49,0,58,121,0,121,179
01/28/2020,SFF,WA,ANM,WE,Federal Contract Tower,0,4,14,0,18,0,0,7,0,7,0,4,21,0,25,38,0,38,63
01/30/2020,SFF,WA,ANM,WE,Federal Contract Tower,0,2,27,0,29,0,2,46,0,48,0,4,73,0,77,112,0,112,189
01/31/2020,SFF,WA,ANM,WE,Federal Contract Tower,0,2,13,0,15,0,1,12,0,13,0,3,25,0,28,12,0,12,40
02/01/2020,SFF,WA,ANM,WE,Federal Contract Tower,0,2,9,0,11,0,1,6,0,7,0,3,15,0,18,0,0,0,18
02/02/2020,SFF,WA,ANM,WE,Federal Contract Tower,0,0,13,0,13,0,6,139,0,145,0,6,152,0,158,84,0,84,242
02/03/2020,SFF,WA,ANM,WE,Federal Contract Tower,0,2,15,0,17,0,5,109,0,114,0,7,124,0,131,98,0,98,229
02/04/2020,SFF,WA,ANM,WE,Federal Contract Tower,0,1,11,0,12,0,0,0,0,0,0,1,11,0,12,40,0,40,52
02/05/2020,SFF,WA,ANM,WE,Federal Contract Tower,0,3,10,0,13,0,0,0,0,0,0,3,10,0,13,0,0,0,13
02/06/2020,SFF,WA,ANM,WE,Federal Contract Tower,0,3,22,0,25,0,0,0,0,0,0,3,22,0,25,28,0,28,53
02/07/2020,SFF,WA,ANM,WE,Federal Contract Tower,0,4,15,0,19,0,0,2,0,2,0,4,17,0,21,12,0,12,33
02/08/2020,SFF,WA,ANM,WE,Federal Contract Tower,0,1,11,0,12,0,4,28,0,32,0,5,39,0,44,58,0,58,102
02/09/2020,SFF,WA,ANM,WE,Federal Contract Tower,0,0,4,0,4,0,6,58,0,64,0,6,62,0,68,76,0,76,144
02/10/2020,SFF,WA,ANM,WE,Federal Contract Tower,0,1,22,0,23,0,13,98,0,111,0,14,120,0,134,96,0,96,230
02/11/2020,SFF,WA,ANM,WE,Federal Contract Tower,0,2,17,0,19,0,3,65,0,68,0,5,82,0,87,81,0,81,168
02/12/2020,SFF,WA,ANM,WE,Federal Contract Tower,0,1,15,0,16,0,0,0,0,0,0,1,15,0,16,64,0,64,80
02/13/2020,SFF,WA,ANM,WE,Federal Contract Tower,0,3,14,0,17,0,18,85,0,103,0,21,99,0,120,118,0,118,238
02/14/2020,SFF,WA,ANM,WE,Federal Contract Tower,0,2,10,0,12,0,8,41,0,49,0,10,51,0,61,60,0,60,121
02/15/2020,SFF,WA,ANM,WE,Federal Contract Tower,0,10,0,0,10,0,1,4,0,5,0,11,4,0,15,28,0,28,43
02/16/2020,SFF,WA,ANM,WE,Federal Contract Tower,0,0,9,0,9,0,4,25,0,29,0,4,34,0,38,12,0,12,50
02/17/2020,SFF,WA,ANM,WE,Federal Contract Tower,0,0,12,0,12,0,15,88,0,103,0,15,100,0,115,76,0,76,191
02/18/2020,SFF,WA,ANM,WE,Federal Contract Tower,0,1,11,0,12,0,22,76,0,98,0,23,87,0,110,49,0,49,159
02/19/2020,SFF,WA,ANM,WE,Federal Contract Tower,0,3,19,0,22,0,17,78,0,95,0,20,97,0,117,87,0,87,204
02/20/2020,SFF,WA,ANM,WE,Federal Contract Tower,0,4,14,0,18,0,14,89,0,103,0,18,103,0,121,74,0,74,195
02/21/2020,SFF,WA,ANM,WE,Federal Contract Tower,0,2,8,0,10,0,13,77,0,90,0,15,85,0,100,128,0,128,228
02/22/2020,SFF,WA,ANM,WE,Federal Contract Tower,0,4,0,0,4,0,14,61,0,75,0,18,61,0,79,112,0,112,191
02/23/2020,SFF,WA,ANM,WE,Federal Contract Tower,0,7,0,0,7,0,12,2,0,14,0,19,2,0,21,0,0,0,21
02/24/2020,SFF,WA,ANM,WE,Federal Contract Tower,0,0,21,0,21,0,12,39,0,51,0,12,60,0,72,44,0,44,116
02/26/2020,SFF,WA,ANM,WE,Federal Contract Tower,0,2,11,0,13,0,13,66,0,79,0,15,77,0,92,155,0,155,247
02/27/2020,SFF,WA,ANM,WE,Federal Contract Tower,0,2,16,0,18,0,10,61,0,71,0,12,77,0,89,112,0,112,201
02/28/2020,SFF,WA,ANM,WE,Federal Contract Tower,0,0,15,0,15,0,14,118,0,132,0,14,133,0,147,116,0,116,263
02/29/2020,SFF,WA,ANM,WE,Federal Contract Tower,0,0,8,0,8,0,2,22,0,24,0,2,30,0,32,138,0,138,170
03/01/2020,SFF,WA,ANM,WE,Federal Contract Tower,0,2,13,0,15,0,5,66,0,71,0,7,79,0,86,76,0,76,162
03/02/2020,SFF,WA,ANM,WE,Federal Contract Tower,0,0,11,0,11,0,13,47,0,60,0,13,58,0,71,72,0,72,143
03/03/2020,SFF,WA,ANM,WE,Federal Contract Tower,0,3,10,0,13,0,8,37,4,49,0,11,47,4,62,58,0,58,120
03/04/2020,SFF,WA,ANM,WE,Federal Contract Tower,0,5,23,0,28,0,5,57,0,62,0,10,80,0,90,48,0,48,138
03/05/2020,SFF,WA,ANM,WE,Federal Contract Tower,0,2,25,0,27,0,8,62,0,70,0,10,87,0,97,188,0,188,285
03/07/2020,SFF,WA,ANM,WE,Federal Contract Tower,0,1,18,0,19,0,1,5,0,6,0,2,23,0,25,37,0,37,62
03/08/2020,SFF,WA,ANM,WE,Federal Contract Tower,0,0,19,0,19,0,14,30,0,44,0,14,49,0,63,40,0,40,103
03/09/2020,SFF,WA,ANM,WE,Federal Contract Tower,0,2,17,0,19,0,6,52,0,58,0,8,69,0,77,156,0,156,233
03/10/2020,SFF,WA,ANM,WE,Federal Contract Tower,0,2,15,0,17,0,15,89,0,104,0,17,104,0,121,164,0,164,285
03/11/2020,SFF,WA,ANM,WE,Federal Contract Tower,0,1,9,0,10,0,11,56,0,67,0,12,65,0,77,63,0,63,140
03/12/2020,SFF,WA,ANM,WE,Federal Contract Tower,0,3,23,0,26,0,8,84,0,92,0,11,107,0,118,238,0,238,356
03/13/2020,SFF,WA,ANM,WE,Federal Contract Tower,0,2,11,0,13,0,0,35,0,35,0,2,46,0,48,100,0,100,148
03/14/2020,SFF,WA,ANM,WE,Federal Contract Tower,0,0,7,0,7,0,0,2,0,2,0,0,9,0,9,0,0,0,9
03/15/2020,SFF,WA,ANM,WE,Federal Contract Tower,0,10,0,0,10,0,1,30,0,31,0,11,30,0,41,113,0,113,154
03/17/2020,SFF,WA,ANM,WE,Federal Contract Tower,0,0,9,0,9,0,5,79,0,84,0,5,88,0,93,84,0,84,177
03/18/2020,SFF,WA,ANM,WE,Federal Contract Tower,0,1,7,2,10,0,6,66,0,72,0,7,73,2,82,48,0,48,130
03/19/2020,SFF,WA,ANM,WE,Federal Contract Tower,0,2,8,0,10,0,17,63,0,80,0,19,71,0,90,62,0,62,152
03/21/2020,SFF,WA,ANM,WE,Federal Contract Tower,0,0,4,0,4,0,13,63,0,76,0,13,67,0,80,70,0,70,150
03/22/2020,SFF,WA,ANM,WE,Federal Contract Tower,0,6,0,0,6,0,3,55,0,58,0,9,55,0,64,36,0,36,100
03/23/2020,SFF,WA,ANM,WE,Federal Contract Tower,0,2,0,0,2,0,3,18,0,21,0,5,18,0,23,48,0,48,71
03/24/2020,SFF,WA,ANM,WE,Federal Contract Tower,0,1,3,0,4,0,3,20,0,23,0,4,23,0,27,6,0,6,33
03/25/2020,SFF,WA,ANM,WE,Federal Contract Tower,0,1,11,0,12,0,0,0,0,0,0,1,11,0,12,18,0,18,30
03/26/2020,SFF,WA,ANM,WE,Federal Contract Tower,0,3,5,0,8,0,4,12,0,16,0,7,17,0,24,4,0,4,28
03/27/2020,SFF,WA,ANM,WE,Federal Contract Tower,0,0,0,0,0,0,6,11,0,17,0,6,11,0,17,46,0,46,63
03/28/2020,SFF,WA,ANM,WE,Federal Contract Tower,0,0,0,0,0,0,4,10,0,14,0,4,10,0,14,8,0,8,22
03/29/2020,SFF,WA,ANM,WE,Federal Contract Tower,0,1,0,0,1,0,10,3,0,13,0,11,3,0,14,0,0,0,14
03/30/2020,SFF,WA,ANM,WE,Federal Contract Tower,0,1,3,0,4,0,8,0,0,8,0,9,3,0,12,0,0,0,12
03/31/2020,SFF,WA,ANM,WE,Federal Contract Tower,0,2,6,0,8,0,4,2,0,6,0,6,8,0,14,28,0,28,42
04/01/2020,SFF,WA,ANM,WE,Federal Contract Tower,0,1,5,0,6,0,1,13,0,14,0,2,18,0,20,0,0,0,20
04/02/2020,SFF,WA,ANM,WE,Federal Contract Tower,0,2,8,0,10,0,6,37,0,43,0,8,45,0,53,24,0,24,77
04/03/2020,SFF,WA,ANM,WE,Federal Contract Tower,0,1,1,0,2,0,21,19,0,40,0,22,20,0,42,32,0,32,74
04/04/2020,SFF,WA,ANM,WE,Federal Contract Tower,0,0,5,0,5,0,3,59,0,62,0,3,64,0,67,0,0,0,67
04/05/2020,SFF,WA,ANM,WE,Federal Contract Tower,0,0,4,0,4,0,1,2,0,3,0,1,6,0,7,10,0,10,17
04/06/2020,SFF,WA,ANM,WE,Federal Contract Tower,0,0,5,0,5,0,6,30,0,36,0,6,35,0,41,20,0,20,61
04/07/2020,SFF,WA,ANM,WE,Federal Contract Tower,0,2,2,0,4,0,6,33,0,39,0,8,35,0,43,40,0,40,83
04/08/2020,SFF,WA,ANM,WE,Federal Contract Tower,0,0,9,0,9,0,6,74,0,80,0,6,83,0,89,58,0,58,147
04/09/2020,SFF,WA,ANM,WE,Federal Contract Tower,0,1,5,0,6,0,3,71,0,74,0,4,76,0,80,10,0,10,90
04/10/2020,SFF,WA,ANM,WE,Federal Contract Tower,0,1,4,0,5,0,14,67,0,81,0,15,71,0,86,15,0,15,101
04/11/2020,SFF,WA,ANM,WE,Federal Contract Tower,0,0,2,0,2,0,19,5,0,24,0,19,7,0,26,20,0,20,46
04/12/2020,SFF,WA,ANM,WE,Federal Contract Tower,0,0,1,0,1,0,15,41,0,56,0,15,42,0,57,4,0,4,61
04/13/2020,SFF,WA,ANM,WE,Federal Contract Tower,0,1,5,0,6,0,11,72,0,83,0,12,77,0,89,76,0,76,165
04/14/2020,SFF,WA,ANM,WE,Federal Contract Tower,0,1,2,0,3,0,4,42,0,46,0,5,44,0,49,10,0,10,59
04/15/2020,SFF,WA,ANM,WE,Federal Contract Tower,0,0,4,0,4,0,8,13,0,21,0,8,17,0,25,12,0,12,37
04/16/2020,SFF,WA,ANM,WE,Federal Contract Tower,0,2,8,0,10,0,6,68,0,74,0,8,76,0,84,14,0,14,98
04/17/2020,SFF,WA,ANM,WE,Federal Contract Tower,0,1,2,0,3,0,9,57,0,66,0,10,59,0,69,30,0,30,99
04/18/2020,SFF,WA,ANM,WE,Federal Contract Tower,0,0,0,0,0,0,5,27,0,32,0,5,27,0,32,10,0,10,42
04/19/2020,SFF,WA,ANM,WE,Federal Contract Tower,0,0,1,0,1,0,2,49,0,51,0,2,50,0,52,18,0,18,70
04/20/2020,SFF,WA,ANM,WE,Federal Contract Tower,0,0,4,0,4,0,11,67,0,78,0,11,71,0,82,20,0,20,102
04/21/2020,SFF,WA,ANM,WE,Federal Contract Tower,0,1,3,0,4,0,6,35,0,41,0,7,38,0,45,10,0,10,55
04/22/2020,SFF,WA,ANM,WE,Federal Contract Tower,0,2,10,0,12,0,5,9,0,14,0,7,19,0,26,6,0,6,32
04/23/2020,SFF,WA,ANM,WE,Federal Contract Tower,0,2,4,0,6,0,5,20,0,25,0,7,24,0,31,21,0,21,52
04/24/2020,SFF,WA,ANM,WE,Federal Contract Tower,0,1,5,0,6,0,16,65,0,81,0,17,70,0,87,36,0,36,123
04/25/2020,SFF,WA,ANM,WE,Federal Contract Tower,0,0,5,0,5,0,3,2,0,5,0,3,7,0,10,0,0,0,10
04/26/2020,SFF,WA,ANM,WE,Federal Contract Tower,0,0,9,0,9,0,15,46,0,61,0,15,55,0,70,6,0,6,76
04/27/2020,SFF,WA,ANM,WE,Federal Contract Tower,0,1,10,0,11,0,3,14,0,17,0,4,24,0,28,28,0,28,56
04/28/2020,SFF,WA,ANM,WE,Federal Contract Tower,0,1,5,0,6,0,8,86,1,95,0,9,91,1,101,34,0,34,135
04/29/2020,SFF,WA,ANM,WE,Federal Contract Tower,0,1,5,0,6,0,10,41,0,51,0,11,46,0,57,28,0,28,85
04/30/2020,SFF,WA,ANM,WE,Federal Contract Tower,0,2,9,0,11,0,21,29,0,50,0,23,38,0,61,22,0,22,83
05/01/2020,SFF,WA,ANM,WE,Federal Contract Tower,0,0,2,0,2,0,18,97,0,115,0,18,99,0,117,35,0,35,152
05/02/2020,SFF,WA,ANM,WE,Federal Contract Tower,0,0,4,0,4,0,2,33,0,35,0,2,37,0,39,42,0,42,81
05/03/2020,SFF,WA,ANM,WE,Federal Contract Tower,0,0,2,0,2,0,0,11,0,11,0,0,13,0,13,10,0,10,23
05/04/2020,SFF,WA,ANM,WE,Federal Contract Tower,0,0,7,0,7,0,3,62,0,65,0,3,69,0,72,64,0,64,136
05/05/2020,SFF,WA,ANM,WE,Federal Contract Tower,0,2,5,0,7,0,26,90,0,116,0,28,95,0,123,108,0,108,231
05/06/2020,SFF,WA,ANM,WE,Federal Contract Tower,0,3,14,0,17,0,5,1,0,6,0,8,15,0,23,0,0,0,23
05/07/2020,SFF,WA,ANM,WE,Federal Contract Tower,0,0,16,0,16,0,8,106,0,114,0,8,122,0,130,128,0,128,258
05/08/2020,SFF,WA,ANM,WE,Federal Contract Tower,0,1,12,0,13,0,15,151,0,166,0,16,163,0,179,171,0,171,350
05/09/2020,SFF,WA,ANM,WE,Federal Contract Tower,0,1,3,0,4,0,8,76,0,84,0,9,79,0,88,54,0,54,142
05/10/2020,SFF,WA,ANM,WE,Federal Contract Tower,0,0,4,0,4,0,15,25,0,40,0,15,29,0,44,0,0,0,44
05/11/2020,SFF,WA,ANM,WE,Federal Contract Tower,0,0,10,0,10,0,9,39,0,48,0,9,49,0,58,66,0,66,124
05/12/2020,SFF,WA,ANM,WE,Federal Contract Tower,0,4,24,0,28,0,3,40,0,43,0,7,64,0,71,112,0,112,183
05/13/2020,SFF,WA,ANM,WE,Federal Contract Tower,0,1,16,0,17,0,4,69,0,73,0,5,85,0,90,110,0,110,200
05/14/2020,SFF,WA,ANM,WE,Federal Contract Tower,0,4,16,0,20,0,6,52,0,58,0,10,68,0,78,150,0,150,228
05/15/2020,SFF,WA,ANM,WE,Federal Contract Tower,0,3,31,0,34,0,8,54,0,62,0,11,85,0,96,115,0,115,211
05/16/2020,SFF,WA,ANM,WE,Federal Contract Tower,0,0,3,0,3,0,8,98,0,106,0,8,101,0,109,35,0,35,144
05/17/2020,SFF,WA,ANM,WE,Federal Contract Tower,0,0,3,0,3,0,3,14,0,17,0,3,17,0,20,33,0,33,53
05/18/2020,SFF,WA,ANM,WE,Federal Contract Tower,0,1,21,0,22,0,3,36,0,39,0,4,57,0,61,98,0,98,159
05/19/2020,SFF,WA,ANM,WE,Federal Contract Tower,0,2,21,0,23,0,2,54,0,56,0,4,75,0,79,224,0,224,303
05/20/2020,SFF,WA,ANM,WE,Federal Contract Tower,0,4,22,1,27,0,2,23,0,25,0,6,45,1,52,40,0,40,92
05/21/2020,SFF,WA,ANM,WE,Federal Contract Tower,0,1,12,0,13,0,6,37,0,43,0,7,49,0,56,34,0,34,90
05/22/2020,SFF,WA,ANM,WE,Federal Contract Tower,0,1,16,0,17,0,3,43,0,46,0,4,59,0,63,156,0,156,219
05/23/2020,SFF,WA,ANM,WE,Federal Contract Tower,0,0,11,0,11,0,1,72,0,73,0,1,83,0,84,50,0,50,134
05/24/2020,SFF,WA,ANM,WE,Federal Contract Tower,0,0,4,0,4,0,9,74,0,83,0,9,78,0,87,41,0,41,128
05/25/2020,SFF,WA,ANM,WE,Federal Contract Tower,0,0,14,0,14,0,7,66,0,73,0,7,80,0,87,20,0,20,107
05/26/2020,SFF,WA,ANM,WE,Federal Contract Tower,0,0,26,0,26,0,9,84,0,93,0,9,110,0,119,142,0,142,261
05/27/2020,SFF,WA,ANM,WE,Federal Contract Tower,0,4,23,0,27,0,31,163,0,194,0,35,186,0,221,190,0,190,411
05/28/2020,SFF,WA,ANM,WE,Federal Contract Tower,0,2,21,0,23,0,9,121,0,130,0,11,142,0,153,176,0,176,329
05/29/2020,SFF,WA,ANM,WE,Federal Contract Tower,0,1,16,0,17,0,11,151,0,162,0,12,167,0,179,168,0,168,347
05/30/2020,SFF,WA,ANM,WE,Federal Contract Tower,0,0,5,0,5,0,8,56,0,64,0,8,61,0,69,46,0,46,115
05/31/2020,SFF,WA,ANM,WE,Federal Contract Tower,0,0,1,0,1,0,14,13,0,27,0,14,14,0,28,22,0,22,50
06/01/2020,SFF,WA,ANM,WE,Federal Contract Tower,0,1,25,0,26,0,21,121,0,142,0,22,146,0,168,92,0,92,260
06/02/2020,SFF,WA,ANM,WE,Federal Contract Tower,0,1,14,0,15,0,6,92,0,98,0,7,106,0,113,106,0,106,219
06/03/2020,SFF,WA,ANM,WE,Federal Contract Tower,0,1,9,1,11,0,13,107,0,120,0,14,116,1,131,108,0,108,239
06/04/2020,SFF,WA,ANM,WE,Federal Contract Tower,0,1,16,0,17,0,4,83,0,87,0,5,99,0,104,68,0,68,172
06/05/2020,SFF,WA,ANM,WE,Federal Contract Tower,0,1,14,0,15,0,5,95,0,100,0,6,109,0,115,122,0,122,237
06/06/2020,SFF,WA,ANM,WE,Federal Contract Tower,0,0,9,0,9,0,9,34,0,43,0,9,43,0,52,66,0,66,118
06/07/2020,SFF,WA,ANM,WE,Federal Contract Tower,0,0,1,0,1,0,8,21,0,29,0,8,22,0,30,23,0,23,53
06/08/2020,SFF,WA,ANM,WE,Federal Contract Tower,0,0,9,0,9,0,6,61,0,67,0,6,70,0,76,98,0,98,174
06/09/2020,SFF,WA,ANM,WE,Federal Contract Tower,0,1,9,0,10,0,4,39,0,43,0,5,48,0,53,178,0,178,231
06/10/2020,SFF,WA,ANM,WE,Federal Contract Tower,0,5,27,0,32,0,10,86,0,96,0,15,113,0,128,144,0,144,272
06/11/2020,SFF,WA,ANM,WE,Federal Contract Tower,0,3,25,0,28,0,9,91,0,100,0,12,116,0,128,108,0,108,236
06/12/2020,SFF,WA,ANM,WE,Federal Contract Tower,0,2,12,0,14,0,9,64,0,73,0,11,76,0,87,152,0,152,239
06/13/2020,SFF,WA,ANM,WE,Federal Contract Tower,0,1,7,0,8,0,3,5,0,8,0,4,12,0,16,6,0,6,22
06/14/2020,SFF,WA,ANM,WE,Federal Contract Tower,0,1,9,0,10,0,7,34,0,41,0,8,43,0,51,68,0,68,119
06/15/2020,SFF,WA,ANM,WE,Federal Contract Tower,0,2,10,0,12,0,4,38,0,42,0,6,48,0,54,230,0,230,284
06/16/2020,SFF,WA,ANM,WE,Federal Contract Tower,0,2,19,0,21,0,5,76,0,81,0,7,95,0,102,200,0,200,302
06/17/2020,SFF,WA,ANM,WE,Federal Contract Tower,0,2,16,0,18,0,21,132,0,153,0,23,148,0,171,202,0,202,373
06/18/2020,SFF,WA,ANM,WE,Federal Contract Tower,0,5,19,0,24,0,4,132,0,136,0,9,151,0,160,232,0,232,392
06/19/2020,SFF,WA,ANM,WE,Federal Contract Tower,0,2,25,0,27,0,13,129,0,142,0,15,154,0,169,124,0,124,293
06/20/2020,SFF,WA,ANM,WE,Federal Contract Tower,0,1,5,0,6,0,9,79,0,88,0,10,84,0,94,93,0,93,187
06/21/2020,SFF,WA,ANM,WE,Federal Contract Tower,0,0,4,0,4,0,6,61,0,67,0,6,65,0,71,14,0,14,85
06/22/2020,SFF,WA,ANM,WE,Federal Contract Tower,0,0,11,0,11,0,9,111,0,120,0,9,122,0,131,201,0,201,332
06/23/2020,SFF,WA,ANM,WE,Federal Contract Tower,0,2,13,1,16,0,12,112,0,124,0,14,125,1,140,186,0,186,326
06/24/2020,SFF,WA,ANM,WE,Federal Contract Tower,0,3,21,0,24,0,9,62,0,71,0,12,83,0,95,72,0,72,167
06/25/2020,SFF,WA,ANM,WE,Federal Contract Tower,0,2,10,0,12,0,3,95,0,98,0,5,105,0,110,128,0,128,238
06/26/2020,SFF,WA,ANM,WE,Federal Contract Tower,0,2,9,0,11,0,8,87,0,95,0,10,96,0,106,64,0,64,170
06/27/2020,SFF,WA,ANM,WE,Federal Contract Tower,0,1,13,0,14,0,12,67,0,79,0,13,80,0,93,28,0,28,121
06/28/2020,SFF,WA,ANM,WE,Federal Contract Tower,0,0,13,0,13,0,1,33,0,34,0,1,46,0,47,68,0,68,115
06/29/2020,SFF,WA,ANM,WE,Federal Contract Tower,0,0,5,0,5,0,9,53,0,62,0,9,58,0,67,68,0,68,135
06/30/2020,SFF,WA,ANM,WE,Federal Contract Tower,0,1,18,0,19,0,8,42,0,50,0,9,60,0,69,68,0,68,137
07/01/2020,SFF,WA,ANM,WE,Federal Contract Tower,0,0,13,0,13,0,7,31,0,38,0,7,44,0,51,56,0,56,107
07/02/2020,SFF,WA,ANM,WE,Federal Contract Tower,0,3,13,0,16,0,13,62,0,75,0,16,75,0,91,58,0,58,149
07/03/2020,SFF,WA,ANM,WE,Federal Contract Tower,0,0,11,0,11,0,14,125,0,139,0,14,136,0,150,74,0,74,224
07/05/2020,SFF,WA,ANM,WE,Federal Contract Tower,0,1,10,0,11,0,5,62,0,67,0,6,72,0,78,66,0,66,144
07/06/2020,SFF,WA,ANM,WE,Federal Contract Tower,0,1,13,0,14,0,4,101,0,105,0,5,114,0,119,167,0,167,286
07/07/2020,SFF,WA,ANM,WE,Federal Contract Tower,0,2,14,0,16,0,7,61,0,68,0,9,75,0,84,88,0,88,172
07/08/2020,SFF,WA,ANM,WE,Federal Contract Tower,0,1,13,0,14,0,9,106,0,115,0,10,119,0,129,205,0,205,334
07/09/2020,SFF,WA,ANM,WE,Federal Contract Tower,0,2,18,0,20,0,2,88,0,90,0,4,106,0,110,108,0,108,218
07/10/2020,SFF,WA,ANM,WE,Federal Contract Tower,0,0,10,0,10,0,8,66,0,74,0,8,76,0,84,106,0,106,190
07/11/2020,SFF,WA,ANM,WE,Federal Contract Tower,0,0,3,0,3,0,4,79,0,83,0,4,82,0,86,75,0,75,161
07/12/2020,SFF,WA,ANM,WE,Federal Contract Tower,0,0,8,0,8,0,14,36,0,50,0,14,44,0,58,2,0,2,60
07/13/2020,SFF,WA,ANM,WE,Federal Contract Tower,0,2,15,0,17,0,3,79,0,82,0,5,94,0,99,17,0,17,116
07/14/2020,SFF,WA,ANM,WE,Federal Contract Tower,0,1,10,0,11,0,12,90,0,102,0,13,100,0,113,274,0,274,387
07/15/2020,SFF,WA,ANM,WE,Federal Contract Tower,0,3,12,1,16,0,4,70,0,74,0,7,82,1,90,98,0,98,188
07/16/2020,SFF,WA,ANM,WE,Federal Contract Tower,0,0,12,0,12,0,14,87,0,101,0,14,99,0,113,108,0,108,221
07/17/2020,SFF,WA,ANM,WE,Federal Contract Tower,0,1,15,0,16,0,15,81,0,96,0,16,96,0,112,148,0,148,260
07/18/2020,SFF,WA,ANM,WE,Federal Contract Tower,0,0,11,0,11,0,19,75,0,94,0,19,86,0,105,36,0,36,141
07/19/2020,SFF,WA,ANM,WE,Federal Contract Tower,0,0,8,0,8,0,7,49,0,56,0,7,57,0,64,22,0,22,86
07/20/2020,SFF,WA,ANM,WE,Federal Contract Tower,0,1,5,0,6,0,17,102,0,119,0,18,107,0,125,148,0,148,273
07/21/2020,SFF,WA,ANM,WE,Federal Contract Tower,0,1,6,0,7,0,10,86,0,96,0,11,92,0,103,190,0,190,293
07/23/2020,SFF,WA,ANM,WE,Federal Contract Tower,0,0,13,0,13,0,10,99,0,109,0,10,112,0,122,144,0,144,266
07/24/2020,SFF,WA,ANM,WE,Federal Contract Tower,0,0,16,0,16,0,13,89,0,102,0,13,105,0,118,134,0,134,252
07/25/2020,SFF,WA,ANM,WE,Federal Contract Tower,0,0,4,0,4,0,15,85,0,100,0,15,89,0,104,84,0,84,188
07/26/2020,SFF,WA,ANM,WE,Federal Contract Tower,0,1,6,0,7,0,18,67,0,85,0,19,73,0,92,6,0,6,98
07/27/2020,SFF,WA,ANM,WE,Federal Contract Tower,2,15,0,0,17,0,16,93,0,109,2,31,93,0,126,168,0,168,294
07/28/2020,SFF,WA,ANM,WE,Federal Contract Tower,0,9,0,0,9,0,11,124,0,135,0,20,124,0,144,133,0,133,277
07/29/2020,SFF,WA,ANM,WE,Federal Contract Tower,0,1,9,0,10,0,18,108,0,126,0,19,117,0,136,218,0,218,354
07/30/2020,SFF,WA,ANM,WE,Federal Contract Tower,0,5,11,0,16,0,24,99,0,123,0,29,110,0,139,214,0,214,353
07/31/2020,SFF,WA,ANM,WE,Federal Contract Tower,0,1,7,0,8,0,23,68,0,91,0,24,75,0,99,160,0,160,259
08/01/2020,SFF,WA,ANM,WE,Federal Contract Tower,0,0,6,0,6,0,6,56,0,62,0,6,62,0,68,72,0,72,140
08/02/2020,SFF,WA,ANM,WE,Federal Contract Tower,0,1,11,0,12,0,0,84,0,84,0,1,95,0,96,8,0,8,104
08/03/2020,SFF,WA,ANM,WE,Federal Contract Tower,0,0,10,0,10,0,4,94,0,98,0,4,104,0,108,144,0,144,252
08/04/2020,SFF,WA,ANM,WE,Federal Contract Tower,0,3,8,0,11,0,16,130,0,146,0,19,138,0,157,110,0,110,267
08/05/2020,SFF,WA,ANM,WE,Federal Contract Tower,0,5,15,0,20,0,12,93,0,105,0,17,108,0,125,200,0,200,325
08/06/2020,SFF,WA,ANM,WE,Federal Contract Tower,0,1,14,0,15,0,11,51,0,62,0,12,65,0,77,98,0,98,175
08/07/2020,SFF,WA,ANM,WE,Federal Contract Tower,0,1,12,0,13,0,14,113,0,127,0,15,125,0,140,106,0,106,246
08/08/2020,SFF,WA,ANM,WE,Federal Contract Tower,0,0,9,0,9,0,6,91,0,97,0,6,100,0,106,20,0,20,126
08/09/2020,SFF,WA,ANM,WE,Federal Contract Tower,0,0,3,0,3,0,13,67,0,80,0,13,70,0,83,44,0,44,127
08/10/2020,SFF,WA,ANM,WE,Federal Contract Tower,0,0,19,0,19,0,4,61,0,65,0,4,80,0,84,96,0,96,180
08/11/2020,SFF,WA,ANM,WE,Federal Contract Tower,0,1,10,0,11,0,5,94,0,99,0,6,104,0,110,52,0,52,162
08/12/2020,SFF,WA,ANM,WE,Federal Contract Tower,0,4,18,0,22,0,6,87,2,95,0,10,105,2,117,139,0,139,256
08/13/2020,SFF,WA,ANM,WE,Federal Contract Tower,0,2,19,0,21,0,10,145,0,155,0,12,164,0,176,133,0,133,309
08/14/2020,SFF,WA,ANM,WE,Federal Contract Tower,0,2,13,0,15,0,3,106,0,109,0,5,119,0,124,168,0,168,292
08/15/2020,SFF,WA,ANM,WE,Federal Contract Tower,0,0,9,0,9,0,15,56,0,71,0,15,65,0,80,0,0,0,80
08/16/2020,SFF,WA,ANM,WE,Federal Contract Tower,0,5,0,0,5,0,0,0,0,0,0,5,0,0,5,36,0,36,41
08/17/2020,SFF,WA,ANM,WE,Federal Contract Tower,0,2,9,0,11,0,10,61,0,71,0,12,70,0,82,80,0,80,162
08/18/2020,SFF,WA,ANM,WE,Federal Contract Tower,0,4,10,0,14,0,11,54,0,65,0,15,64,0,79,52,0,52,131
08/19/2020,SFF,WA,ANM,WE,Federal Contract Tower,0,5,14,1,20,0,7,67,1,75,0,12,81,2,95,234,0,234,329
08/20/2020,SFF,WA,ANM,WE,Federal Contract Tower,0,2,16,0,18,0,16,79,0,95,0,18,95,0,113,171,0,171,284
08/21/2020,SFF,WA,ANM,WE,Federal Contract Tower,0,2,16,0,18,0,16,79,0,95,0,18,95,0,113,171,0,171,284
08/22/2020,SFF,WA,ANM,WE,Federal Contract Tower,0,0,15,0,15,0,14,96,0,110,0,14,111,0,125,62,0,62,187
08/23/2020,SFF,WA,ANM,WE,Federal Contract Tower,0,0,8,0,8,0,8,88,0,96,0,8,96,0,104,52,0,52,156
08/24/2020,SFF,WA,ANM,WE,Federal Contract Tower,0,0,10,0,10,0,11,66,0,77,0,11,76,0,87,28,0,28,115
08/25/2020,SFF,WA,ANM,WE,Federal Contract Tower,0,5,15,0,20,0,5,103,0,108,0,10,118,0,128,86,0,86,214
08/26/2020,SFF,WA,ANM,WE,Federal Contract Tower,0,4,14,0,18,0,14,104,0,118,0,18,118,0,136,26,0,26,162
08/27/2020,SFF,WA,ANM,WE,Federal Contract Tower,0,4,9,0,13,0,12,110,0,122,0,16,119,0,135,136,0,136,271
08/28/2020,SFF,WA,ANM,WE,Federal Contract Tower,0,1,23,0,24,0,2,112,0,114,0,3,135,0,138,153,0,153,291
08/29/2020,SFF,WA,ANM,WE,Federal Contract Tower,0,1,9,0,10,0,10,68,0,78,0,11,77,0,88,40,0,40,128
08/30/2020,SFF,WA,ANM,WE,Federal Contract Tower,0,0,25,0,25,0,10,92,0,102,0,10,117,0,127,18,0,18,145
08/31/2020,SFF,WA,ANM,WE,Federal Contract Tower,0,0,17,0,17,0,5,63,0,68,0,5,80,0,85,124,0,124,209
09/01/2020,SFF,WA,ANM,WE,Federal Contract Tower,1,10,1,0,12,0,7,111,1,119,1,17,112,1,131,86,0,86,217
09/02/2020,SFF,WA,ANM,WE,Federal Contract Tower,0,3,7,0,10,0,16,85,0,101,0,19,92,0,111,92,0,92,203
09/04/2020,SFF,WA,ANM,WE,Federal Contract Tower,0,1,15,0,16,0,10,116,0,126,0,11,131,0,142,132,0,132,274
09/05/2020,SFF,WA,ANM,WE,Federal Contract Tower,0,9,0,0,9,0,10,67,0,77,0,19,67,0,86,14,0,14,100
09/06/2020,SFF,WA,ANM,WE,Federal Contract Tower,0,0,7,0,7,0,4,77,0,81,0,4,84,0,88,10,0,10,98
09/07/2020,SFF,WA,ANM,WE,Federal Contract Tower,0,0,6,0,6,0,3,13,0,16,0,3,19,0,22,8,0,8,30
09/08/2020,SFF,WA,ANM,WE,Federal Contract Tower,0,3,14,0,17,0,5,116,0,121,0,8,130,0,138,82,0,82,220
09/09/2020,SFF,WA,ANM,WE,Federal Contract Tower,0,3,21,0,24,0,16,127,0,143,0,19,148,0,167,182,0,182,349
09/10/2020,SFF,WA,ANM,WE,Federal Contract Tower,0,2,20,0,22,0,15,122,0,137,0,17,142,0,159,168,0,168,327
09/11/2020,SFF,WA,ANM,WE,Federal Contract Tower,0,0,16,0,16,0,3,109,0,112,0,3,125,0,128,114,0,114,242
09/12/2020,SFF,WA,ANM,WE,Federal Contract Tower,0,1,5,0,6,0,0,0,0,0,0,1,5,0,6,0,0,0,6
09/13/2020,SFF,WA,ANM,WE,Federal Contract Tower,0,0,3,0,3,0,0,0,0,0,0,0,3,0,3,0,0,0,3
09/14/2020,SFF,WA,ANM,WE,Federal Contract Tower,0,8,0,0,8,0,0,0,0,0,0,8,0,0,8,0,0,0,8
09/15/2020,SFF,WA,ANM,WE,Federal Contract Tower,0,2,17,0,19,0,0,0,0,0,0,2,17,0,19,0,0,0,19
09/16/2020,SFF,WA,ANM,WE,Federal Contract Tower,0,5,11,0,16,0,0,0,0,0,0,5,11,0,16,0,0,0,16
09/17/2020,SFF,WA,ANM,WE,Federal Contract Tower,0,3,22,0,25,0,0,1,0,1,0,3,23,0,26,0,0,0,26
09/18/2020,SFF,WA,ANM,WE,Federal Contract Tower,0,3,26,0,29,0,0,0,0,0,0,3,26,0,29,12,0,12,41
09/19/2020,SFF,WA,ANM,WE,Federal Contract Tower,0,1,12,0,13,0,9,42,0,51,0,10,54,0,64,126,0,126,190
09/20/2020,SFF,WA,ANM,WE,Federal Contract Tower,0,1,9,0,10,0,10,69,0,79,0,11,78,0,89,70,0,70,159
09/21/2020,SFF,WA,ANM,WE,Federal Contract Tower,0,2,11,0,13,0,15,103,0,118,0,17,114,0,131,196,0,196,327
09/22/2020,SFF,WA,ANM,WE,Federal Contract Tower,0,0,16,0,16,0,18,121,0,139,0,18,137,0,155,174,0,174,329
09/23/2020,SFF,WA,ANM,WE,Federal Contract Tower,0,5,15,0,20,0,17,64,0,81,0,22,79,0,101,174,0,174,275
09/24/2020,SFF,WA,ANM,WE,Federal Contract Tower,0,0,23,0,23,0,9,53,0,62,0,9,76,0,85,62,0,62,147
09/25/2020,SFF,WA,ANM,WE,Federal Contract Tower,0,0,16,0,16,0,7,42,0,49,0,7,58,0,65,116,0,116,181
09/26/2020,SFF,WA,ANM,WE,Federal Contract Tower,0,0,4,0,4,0,4,43,0,47,0,4,47,0,51,8,0,8,59
09/27/2020,SFF,WA,ANM,WE,Federal Contract Tower,0,0,4,0,4,0,10,87,0,97,0,10,91,0,101,2,0,2,103
09/28/2020,SFF,WA,ANM,WE,Federal Contract Tower,0,1,10,0,11,0,14,93,0,107,0,15,103,0,118,242,0,242,360
09/29/2020,SFF,WA,ANM,WE,Federal Contract Tower,0,4,11,0,15,0,11,119,0,130,0,15,130,0,145,128,0,128,273
09/30/2020,SFF,WA,ANM,WE,Federal Contract Tower,0,0,28,0,28,0,9,77,0,86,0,9,105,0,114,108,0,108,222
10/01/2020,SFF,WA,ANM,WE,Federal Contract Tower,0,2,9,0,11,0,3,98,0,101,0,5,107,0,112,185,0,185,297
10/02/2020,SFF,WA,ANM,WE,Federal Contract Tower,0,1,2,0,3,0,4,95,0,99,0,5,97,0,102,155,0,155,257
10/03/2020,SFF,WA,ANM,WE,Federal Contract Tower,0,0,9,0,9,0,4,132,0,136,0,4,141,0,145,84,0,84,229
10/04/2020,SFF,WA,ANM,WE,Federal Contract Tower,0,0,10,0,10,0,17,65,0,82,0,17,75,0,92,60,0,60,152
10/05/2020,SFF,WA,ANM,WE,Federal Contract Tower,0,1,0,0,1,0,12,78,0,90,0,13,78,0,91,205,0,205,296
10/06/2020,SFF,WA,ANM,WE,Federal Contract Tower,0,0,11,0,11,0,15,95,0,110,0,15,106,0,121,166,0,166,287
10/07/2020,SFF,WA,ANM,WE,Federal Contract Tower,0,3,14,0,17,0,7,84,0,91,0,10,98,0,108,202,0,202,310
10/08/2020,SFF,WA,ANM,WE,Federal Contract Tower,0,2,13,0,15,0,11,89,0,100,0,13,102,0,115,100,0,100,215
10/09/2020,SFF,WA,ANM,WE,Federal Contract Tower,0,1,11,0,12,0,12,120,0,132,0,13,131,0,144,206,0,206,350
10/10/2020,SFF,WA,ANM,WE,Federal Contract Tower,0,0,7,0,7,0,6,4,0,10,0,6,11,0,17,36,0,36,53
10/11/2020,SFF,WA,ANM,WE,Federal Contract Tower,0,1,9,0,10,0,9,36,0,45,0,10,45,0,55,14,0,14,69
10/12/2020,SFF,WA,ANM,WE,Federal Contract Tower,0,0,13,0,13,0,8,52,0,60,0,8,65,0,73,158,0,158,231
10/13/2020,SFF,WA,ANM,WE,Federal Contract Tower,0,2,14,0,16,0,4,5,0,9,0,6,19,0,25,30,0,30,55
10/14/2020,SFF,WA,ANM,WE,Federal Contract Tower,0,3,14,0,17,0,8,93,0,101,0,11,107,0,118,138,0,138,256
10/15/2020,SFF,WA,ANM,WE,Federal Contract Tower,0,2,14,0,16,0,5,127,0,132,0,7,141,0,148,258,0,258,406
10/16/2020,SFF,WA,ANM,WE,Federal Contract Tower,0,4,8,0,12,0,8,47,0,55,0,12,55,0,67,90,0,90,157
10/17/2020,SFF,WA,ANM,WE,Federal Contract Tower,0,2,8,0,10,0,16,107,0,123,0,18,115,0,133,100,0,100,233
10/18/2020,SFF,WA,ANM,WE,Federal Contract Tower,0,0,12,0,12,0,3,10,0,13,0,3,22,0,25,74,0,74,99
10/19/2020,SFF,WA,ANM,WE,Federal Contract Tower,0,1,9,0,10,0,7,50,0,57,0,8,59,0,67,184,0,184,251
10/20/2020,SFF,WA,ANM,WE,Federal Contract Tower,0,1,8,0,9,0,1,85,0,86,0,2,93,0,95,202,0,202,297
10/21/2020,SFF,WA,ANM,WE,Federal Contract Tower,0,2,16,0,18,0,9,57,0,66,0,11,73,0,84,264,0,264,348
10/22/2020,SFF,WA,ANM,WE,Federal Contract Tower,0,2,9,0,11,0,8,128,0,136,0,10,137,0,147,186,0,186,333
10/23/2020,SFF,WA,ANM,WE,Federal Contract Tower,0,1,3,0,4,0,1,4,1,6,0,2,7,1,10,86,0,86,96
10/24/2020,SFF,WA,ANM,WE,Federal Contract Tower,0,2,4,0,6,0,3,29,2,34,0,5,33,2,40,56,0,56,96
10/25/2020,SFF,WA,ANM,WE,Federal Contract Tower,0,0,12,0,12,0,1,55,2,58,0,1,67,2,70,14,0,14,84
10/26/2020,SFF,WA,ANM,WE,Federal Contract Tower,0,0,11,0,11,0,9,77,0,86,0,9,88,0,97,266,0,266,363
10/27/2020,SFF,WA,ANM,WE,Federal Contract Tower,0,1,16,0,17,0,7,92,0,99,0,8,108,0,116,176,0,176,292
10/28/2020,SFF,WA,ANM,WE,Federal Contract Tower,0,3,17,0,20,0,8,70,0,78,0,11,87,0,98,133,0,133,231
10/29/2020,SFF,WA,ANM,WE,Federal Contract Tower,0,1,10,0,11,0,7,115,0,122,0,8,125,0,133,192,0,192,325
10/30/2020,SFF,WA,ANM,WE,Federal Contract Tower,0,2,4,0,6,0,0,18,0,18,0,2,22,0,24,46,0,46,70
10/31/2020,SFF,WA,ANM,WE,Federal Contract Tower,0,0,7,0,7,0,7,116,0,123,0,7,123,0,130,98,0,98,228
11/01/2020,SFF,WA,ANM,WE,Federal Contract Tower,0,1,9,0,10,0,8,151,0,159,0,9,160,0,169,48,0,48,217
11/02/2020,SFF,WA,ANM,WE,Federal Contract Tower,0,0,13,0,13,0,8,109,0,117,0,8,122,0,130,210,0,210,340
11/03/2020,SFF,WA,ANM,WE,Federal Contract Tower,0,1,14,0,15,0,3,58,0,61,0,4,72,0,76,144,0,144,220
11/04/2020,SFF,WA,ANM,WE,Federal Contract Tower,0,4,9,0,13,0,12,73,0,85,0,16,82,0,98,142,0,142,240
11/05/2020,SFF,WA,ANM,WE,Federal Contract Tower,0,3,13,0,16,0,7,15,0,22,0,10,28,0,38,118,0,118,156
11/06/2020,SFF,WA,ANM,WE,Federal Contract Tower,0,2,13,0,15,0,4,42,0,46,0,6,55,0,61,78,0,78,139
11/07/2020,SFF,WA,ANM,WE,Federal Contract Tower,0,1,6,0,7,0,1,35,0,36,0,2,41,0,43,65,0,65,108
11/08/2020,SFF,WA,ANM,WE,Federal Contract Tower,0,1,9,0,10,0,1,2,0,3,0,2,11,0,13,44,0,44,57
11/09/2020,SFF,WA,ANM,WE,Federal Contract Tower,0,0,13,0,13,0,9,111,0,120,0,9,124,0,133,268,0,268,401
11/10/2020,SFF,WA,ANM,WE,Federal Contract Tower,0,3,16,0,19,0,0,14,0,14,0,3,30,0,33,172,0,172,205
11/11/2020,SFF,WA,ANM,WE,Federal Contract Tower,0,5,18,0,23,0,0,20,0,20,0,5,38,0,43,156,0,156,199
11/12/2020,SFF,WA,ANM,WE,Federal Contract Tower,0,2,14,0,16,0,2,62,0,64,0,4,76,0,80,146,0,146,226
11/13/2020,SFF,WA,ANM,WE,Federal Contract Tower,0,1,3,0,4,0,0,0,0,0,0,1,3,0,4,6,0,6,10
11/14/2020,SFF,WA,ANM,WE,Federal Contract Tower,0,0,4,0,4,0,9,59,0,68,0,9,63,0,72,46,0,46,118
11/15/2020,SFF,WA,ANM,WE,Federal Contract Tower,0,0,7,0,7,0,2,15,0,17,0,2,22,0,24,22,0,22,46
11/16/2020,SFF,WA,ANM,WE,Federal Contract Tower,0,0,8,0,8,0,6,14,0,20,0,6,22,0,28,156,0,156,184
11/17/2020,SFF,WA,ANM,WE,Federal Contract Tower,0,3,14,0,17,0,3,52,0,55,0,6,66,0,72,162,0,162,234
11/18/2020,SFF,WA,ANM,WE,Federal Contract Tower,0,3,25,0,28,0,6,39,0,45,0,9,64,0,73,104,0,104,177
11/19/2020,SFF,WA,ANM,WE,Federal Contract Tower,0,4,12,0,16,0,16,57,0,73,0,20,69,0,89,74,0,74,163
11/20/2020,SFF,WA,ANM,WE,Federal Contract Tower,0,1,14,0,15,0,3,127,0,130,0,4,141,0,145,111,0,111,256
11/21/2020,SFF,WA,ANM,WE,Federal Contract Tower,0,0,6,0,6,0,5,133,0,138,0,5,139,0,144,181,0,181,325
11/22/2020,SFF,WA,ANM,WE,Federal Contract Tower,0,0,8,0,8,0,1,60,0,61,0,1,68,0,69,30,0,30,99
11/23/2020,SFF,WA,ANM,WE,Federal Contract Tower,0,3,17,0,20,0,0,0,0,0,0,3,17,0,20,10,0,10,30
11/24/2020,SFF,WA,ANM,WE,Federal Contract Tower,0,5,20,0,25,0,1,20,0,21,0,6,40,0,46,112,0,112,158
11/25/2020,SFF,WA,ANM,WE,Federal Contract Tower,0,1,6,0,7,0,3,15,0,18,0,4,21,0,25,78,0,78,103
11/26/2020,SFF,WA,ANM,WE,Federal Contract Tower,0,0,4,0,4,0,0,2,0,2,0,0,6,0,6,0,0,0,6
11/27/2020,SFF,WA,ANM,WE,Federal Contract Tower,0,0,3,0,3,0,4,58,0,62,0,4,61,0,65,36,0,36,101
11/28/2020,SFF,WA,ANM,WE,Federal Contract Tower,0,0,5,0,5,0,2,89,0,91,0,2,94,0,96,74,0,74,170
11/29/2020,SFF,WA,ANM,WE,Federal Contract Tower,0,1,8,0,9,0,4,70,0,74,0,5,78,0,83,28,0,28,111
11/30/2020,SFF,WA,ANM,WE,Federal Contract Tower,0,3,9,0,12,0,0,2,0,2,0,3,11,0,14,44,0,44,58
12/01/2020,SFF,WA,ANM,WE,Federal Contract Tower,0,1,27,0,28,0,8,81,0,89,0,9,108,0,117,186,0,186,303
12/02/2020,SFF,WA,ANM,WE,Federal Contract Tower,0,0,16,0,16,0,2,0,0,2,0,2,16,0,18,222,0,222,240
12/03/2020,SFF,WA,ANM,WE,Federal Contract Tower,0,2,13,0,15,0,9,68,0,77,0,11,81,0,92,153,0,153,245
12/04/2020,SFF,WA,ANM,WE,Federal Contract Tower,0,6,35,0,41,0,0,0,0,0,0,6,35,0,41,0,0,0,41
12/05/2020,SFF,WA,ANM,WE,Federal Contract Tower,0,0,11,0,11,0,2,74,0,76,0,2,85,0,87,81,0,81,168
12/06/2020,SFF,WA,ANM,WE,Federal Contract Tower,0,0,8,0,8,0,3,28,0,31,0,3,36,0,39,33,0,33,72
12/07/2020,SFF,WA,ANM,WE,Federal Contract Tower,0,1,20,0,21,0,6,27,0,33,0,7,47,0,54,164,0,164,218
12/08/2020,SFF,WA,ANM,WE,Federal Contract Tower,0,2,11,0,13,0,8,66,0,74,0,10,77,0,87,208,0,208,295
12/09/2020,SFF,WA,ANM,WE,Federal Contract Tower,0,2,27,0,29,0,0,0,0,0,0,2,27,0,29,0,0,0,29
12/10/2020,SFF,WA,ANM,WE,Federal Contract Tower,0,5,27,0,32,0,1,33,0,34,0,6,60,0,66,144,0,144,210
12/11/2020,SFF,WA,ANM,WE,Federal Contract Tower,0,1,7,0,8,0,0,0,0,0,0,1,7,0,8,0,0,0,8
12/12/2020,SFF,WA,ANM,WE,Federal Contract Tower,0,2,13,0,15,0,0,2,0,2,0,2,15,0,17,48,0,48,65
12/13/2020,SFF,WA,ANM,WE,Federal Contract Tower,0,1,11,0,12,0,0,2,0,2,0,1,13,0,14,6,0,6,20
12/14/2020,SFF,WA,ANM,WE,Federal Contract Tower,0,5,16,0,21,0,0,2,0,2,0,5,18,0,23,10,0,10,33
12/15/2020,SFF,WA,ANM,WE,Federal Contract Tower,0,3,9,0,12,0,0,0,0,0,0,3,9,0,12,0,0,0,12
12/16/2020,SFF,WA,ANM,WE,Federal Contract Tower,0,5,13,0,18,0,3,32,0,35,0,8,45,0,53,235,0,235,288
12/17/2020,SFF,WA,ANM,WE,Federal Contract Tower,0,3,19,0,22,0,3,12,0,15,0,6,31,0,37,236,0,236,273
12/18/2020,SFF,WA,ANM,WE,Federal Contract Tower,0,1,11,0,12,0,2,13,0,15,0,3,24,0,27,78,0,78,105
12/19/2020,SFF,WA,ANM,WE,Federal Contract Tower,0,0,9,0,9,0,11,58,0,69,0,11,67,0,78,80,0,80,158
12/21/2020,SFF,WA,ANM,WE,Federal Contract Tower,0,2,13,0,15,0,0,2,0,2,0,2,15,0,17,12,0,12,29
12/22/2020,SFF,WA,ANM,WE,Federal Contract Tower,0,1,11,0,12,0,9,46,0,55,0,10,57,0,67,154,0,154,221
12/23/2020,SFF,WA,ANM,WE,Federal Contract Tower,0,2,7,0,9,0,7,111,0,118,0,9,118,0,127,140,0,140,267
12/24/2020,SFF,WA,ANM,WE,Federal Contract Tower,0,0,19,0,19,0,11,83,0,94,0,11,102,0,113,142,0,142,255
12/25/2020,SFF,WA,ANM,WE,Federal Contract Tower,0,0,2,0,2,0,2,8,0,10,0,2,10,0,12,0,0,0,12
12/26/2020,SFF,WA,ANM,WE,Federal Contract Tower,0,0,9,0,9,0,0,2,0,2,0,0,11,0,11,0,0,0,11
12/27/2020,SFF,WA,ANM,WE,Federal Contract Tower,0,0,8,0,8,0,4,4,0,8,0,4,12,0,16,14,0,14,30
12/28/2020,SFF,WA,ANM,WE,Federal Contract Tower,0,1,20,0,21,0,0,0,0,0,0,1,20,0,21,4,0,4,25
12/29/2020,SFF,WA,ANM,WE,Federal Contract Tower,0,2,15,0,17,0,3,16,0,19,0,5,31,0,36,115,0,115,151
12/30/2020,SFF,WA,ANM,WE,Federal Contract Tower,0,3,1,0,4,0,0,0,0,0,0,3,1,0,4,0,0,0,4
12/31/2020,SFF,WA,ANM,WE,Federal Contract Tower,0,5,6,0,11,0,1,0,0,1,0,6,6,0,12,0,0,0,12
01/01/2021,SFF,WA,ANM,WE,Federal Contract Tower,0,1,3,0,4,0,1,29,0,30,0,2,32,0,34,86,0,86,120
01/02/2021,SFF,WA,ANM,WE,Federal Contract Tower,0,0,3,0,3,0,2,10,0,12,0,2,13,0,15,48,0,48,63
01/03/2021,SFF,WA,ANM,WE,Federal Contract Tower,0,0,18,0,18,0,9,44,0,53,0,9,62,0,71,32,0,32,103
01/04/2021,SFF,WA,ANM,WE,Federal Contract Tower,0,2,12,0,14,0,0,13,0,13,0,2,25,0,27,110,0,110,137
01/05/2021,SFF,WA,ANM,WE,Federal Contract Tower,0,1,30,0,31,0,5,65,0,70,0,6,95,0,101,94,0,94,195
01/06/2021,SFF,WA,ANM,WE,Federal Contract Tower,0,3,23,0,26,0,0,23,0,23,0,3,46,0,49,92,0,92,141
01/07/2021,SFF,WA,ANM,WE,Federal Contract Tower,0,5,18,0,23,0,0,9,0,9,0,5,27,0,32,38,0,38,70
01/08/2021,SFF,WA,ANM,WE,Federal Contract Tower,0,2,7,0,9,0,11,58,0,69,0,13,65,0,78,180,0,180,258
01/09/2021,SFF,WA,ANM,WE,Federal Contract Tower,0,1,8,0,9,0,5,9,0,14,0,6,17,0,23,10,0,10,33
01/10/2021,SFF,WA,ANM,WE,Federal Contract Tower,0,1,10,0,11,0,2,60,0,62,0,3,70,0,73,80,0,80,153
01/11/2021,SFF,WA,ANM,WE,Federal Contract Tower,0,3,17,0,20,0,4,53,0,57,0,7,70,0,77,122,0,122,199
01/12/2021,SFF,WA,ANM,WE,Federal Contract Tower,0,1,15,0,16,0,0,0,0,0,0,1,15,0,16,16,0,16,32
01/13/2021,SFF,WA,ANM,WE,Federal Contract Tower,0,6,8,0,14,0,12,19,0,31,0,18,27,0,45,0,0,0,45
01/14/2021,SFF,WA,ANM,WE,Federal Contract Tower,0,5,17,0,22,0,15,113,0,128,0,20,130,0,150,235,0,235,385
01/15/2021,SFF,WA,ANM,WE,Federal Contract Tower,0,2,8,0,10,0,5,31,0,36,0,7,39,0,46,84,0,84,130
01/16/2021,SFF,WA,ANM,WE,Federal Contract Tower,0,1,7,0,8,0,1,26,0,27,0,2,33,0,35,50,0,50,85
01/17/2021,SFF,WA,ANM,WE,Federal Contract Tower,0,1,13,0,14,0,1,7,0,8,0,2,20,0,22,0,0,0,22
01/18/2021,SFF,WA,ANM,WE,Federal Contract Tower,0,3,23,0,26,0,2,38,0,40,0,5,61,0,66,85,0,85,151
01/19/2021,SFF,WA,ANM,WE,Federal Contract Tower,0,3,29,0,32,0,0,24,0,24,0,3,53,0,56,46,0,46,102
01/20/2021,SFF,WA,ANM,WE,Federal Contract Tower,0,5,12,0,17,0,4,89,0,93,0,9,101,0,110,158,0,158,268
01/22/2021,SFF,WA,ANM,WE,Federal Contract Tower,0,0,12,0,12,0,20,97,0,117,0,20,109,0,129,76,0,76,205
01/23/2021,SFF,WA,ANM,WE,Federal Contract Tower,0,1,16,0,17,0,4,76,0,80,0,5,92,0,97,116,0,116,213
01/24/2021,SFF,WA,ANM,WE,Federal Contract Tower,0,1,9,0,10,0,5,22,0,27,0,6,31,0,37,20,0,20,57
01/25/2021,SFF,WA,ANM,WE,Federal Contract Tower,0,1,15,0,16,0,0,2,0,2,0,1,17,0,18,20,0,20,38
01/26/2021,SFF,WA,ANM,WE,Federal Contract Tower,0,3,12,0,15,0,6,28,0,34,0,9,40,0,49,124,0,124,173
01/27/2021,SFF,WA,ANM,WE,Federal Contract Tower,0,6,5,0,11,0,0,28,0,28,0,6,33,0,39,130,0,130,169
01/28/2021,SFF,WA,ANM,WE,Federal Contract Tower,0,2,8,0,10,0,10,62,0,72,0,12,70,0,82,140,0,140,222
01/29/2021,SFF,WA,ANM,WE,Federal Contract Tower,0,1,10,0,11,0,0,0,0,0,0,1,10,0,11,0,0,0,11
01/30/2021,SFF,WA,ANM,WE,Federal Contract Tower,0,0,11,0,11,0,6,39,0,45,0,6,50,0,56,84,0,84,140
01/31/2021,SFF,WA,ANM,WE,Federal Contract Tower,0,0,5,0,5,0,2,26,0,28,0,2,31,0,33,74,0,74,107
02/01/2021,SFF,WA,ANM,WE,Federal Contract Tower,0,1,6,0,7,0,5,65,0,70,0,6,71,0,77,128,0,128,205
02/02/2021,SFF,WA,ANM,WE,Federal Contract Tower,0,2,13,0,15,0,3,30,0,33,0,5,43,0,48,122,0,122,170
02/03/2021,SFF,WA,ANM,WE,Federal Contract Tower,0,3,12,0,15,0,6,63,0,69,0,9,75,0,84,92,0,92,176
02/04/2021,SFF,WA,ANM,WE,Federal Contract Tower,0,3,16,0,19,0,9,43,0,52,0,12,59,0,71,206,0,206,277
02/05/2021,SFF,WA,ANM,WE,Federal Contract Tower,0,3,13,0,16,0,7,90,0,97,0,10,103,0,113,173,0,173,286
02/06/2021,SFF,WA,ANM,WE,Federal Contract Tower,0,0,3,0,3,0,2,16,0,18,0,2,19,0,21,32,0,32,53
02/07/2021,SFF,WA,ANM,WE,Federal Contract Tower,0,1,5,0,6,0,6,33,0,39,0,7,38,0,45,36,0,36,81
02/08/2021,SFF,WA,ANM,WE,Federal Contract Tower,0,2,10,0,12,0,1,65,0,66,0,3,75,0,78,97,0,97,175
02/09/2021,SFF,WA,ANM,WE,Federal Contract Tower,0,6,17,0,23,0,4,75,0,79,0,10,92,0,102,96,0,96,198
02/10/2021,SFF,WA,ANM,WE,Federal Contract Tower,0,7,13,0,20,0,8,108,0,116,0,15,121,0,136,102,0,102,238
02/11/2021,SFF,WA,ANM,WE,Federal Contract Tower,0,1,15,0,16,0,4,48,0,52,0,5,63,0,68,74,0,74,142
02/12/2021,SFF,WA,ANM,WE,Federal Contract Tower,0,1,10,0,11,0,5,42,0,47,0,6,52,0,58,50,0,50,108
02/13/2021,SFF,WA,ANM,WE,Federal Contract Tower,0,0,9,0,9,0,1,12,0,13,0,1,21,0,22,6,0,6,28
02/14/2021,SFF,WA,ANM,WE,Federal Contract Tower,0,0,6,0,6,0,0,7,0,7,0,0,13,0,13,2,0,2,15
02/15/2021,SFF,WA,ANM,WE,Federal Contract Tower,0,0,1,0,1,0,0,0,0,0,0,0,1,0,1,0,0,0,1
02/16/2021,SFF,WA,ANM,WE,Federal Contract Tower,0,5,20,0,25,0,0,5,0,5,0,5,25,0,30,8,0,8,38
02/17/2021,SFF,WA,ANM,WE,Federal Contract Tower,0,4,16,0,20,0,10,73,0,83,0,14,89,0,103,114,0,114,217
02/18/2021,SFF,WA,ANM,WE,Federal Contract Tower,0,2,7,0,9,0,3,68,0,71,0,5,75,0,80,75,0,75,155
02/19/2021,SFF,WA,ANM,WE,Federal Contract Tower,0,2,23,0,25,0,2,13,0,15,0,4,36,0,40,70,0,70,110
02/20/2021,SFF,WA,ANM,WE,Federal Contract Tower,0,0,7,0,7,0,1,5,0,6,0,1,12,0,13,46,0,46,59
02/21/2021,SFF,WA,ANM,WE,Federal Contract Tower,0,0,5,0,5,0,4,9,0,13,0,4,14,0,18,80,0,80,98
02/22/2021,SFF,WA,ANM,WE,Federal Contract Tower,0,0,12,0,12,0,2,13,0,15,0,2,25,0,27,125,0,125,152
02/23/2021,SFF,WA,ANM,WE,Federal Contract Tower,0,0,18,0,18,0,8,54,0,62,0,8,72,0,80,161,0,161,241
02/24/2021,SFF,WA,ANM,WE,Federal Contract Tower,0,3,16,0,19,0,13,97,0,110,0,16,113,0,129,146,0,146,275
02/25/2021,SFF,WA,ANM,WE,Federal Contract Tower,0,2,8,0,10,0,5,3,0,8,0,7,11,0,18,136,0,136,154
02/26/2021,SFF,WA,ANM,WE,Federal Contract Tower,0,4,15,0,19,0,3,56,0,59,0,7,71,0,78,128,0,128,206
02/27/2021,SFF,WA,ANM,WE,Federal Contract Tower,0,1,10,0,11,0,4,104,0,108,0,5,114,0,119,118,0,118,237
02/28/2021,SFF,WA,ANM,WE,Federal Contract Tower,0,2,6,0,8,0,4,24,0,28,0,6,30,0,36,28,0,28,64
03/01/2021,SFF,WA,ANM,WE,Federal Contract Tower,0,0,18,0,18,0,5,113,0,118,0,5,131,0,136,136,0,136,272
03/02/2021,SFF,WA,ANM,WE,Federal Contract Tower,0,4,21,0,25,0,12,138,0,150,0,16,159,0,175,160,0,160,335
03/03/2021,SFF,WA,ANM,WE,Federal Contract Tower,0,2,22,0,24,0,6,104,0,110,0,8,126,0,134,127,0,127,261
03/04/2021,SFF,WA,ANM,WE,Federal Contract Tower,0,1,17,0,18,0,12,90,0,102,0,13,107,0,120,193,0,193,313
03/05/2021,SFF,WA,ANM,WE,Federal Contract Tower,0,1,15,0,16,0,9,88,0,97,0,10,103,0,113,164,0,164,277
03/06/2021,SFF,WA,ANM,WE,Federal Contract Tower,0,0,10,0,10,0,1,37,0,38,0,1,47,0,48,42,0,42,90
03/07/2021,SFF,WA,ANM,WE,Federal Contract Tower,0,1,6,0,7,0,10,42,0,52,0,11,48,0,59,60,0,60,119
03/08/2021,SFF,WA,ANM,WE,Federal Contract Tower,0,2,26,0,28,0,12,66,0,78,0,14,92,0,106,127,0,127,233
03/09/2021,SFF,WA,ANM,WE,Federal Contract Tower,0,1,20,0,21,0,11,80,0,91,0,12,100,0,112,102,0,102,214
03/10/2021,SFF,WA,ANM,WE,Federal Contract Tower,0,3,13,0,16,0,7,68,0,75,0,10,81,0,91,68,0,68,159
03/11/2021,SFF,WA,ANM,WE,Federal Contract Tower,0,3,24,0,27,0,13,128,0,141,0,16,152,0,168,95,0,95,263
03/12/2021,SFF,WA,ANM,WE,Federal Contract Tower,0,4,21,0,25,0,9,184,0,193,0,13,205,0,218,274,0,274,492
03/13/2021,SFF,WA,ANM,WE,Federal Contract Tower,0,0,9,0,9,0,7,145,0,152,0,7,154,0,161,75,0,75,236
03/14/2021,SFF,WA,ANM,WE,Federal Contract Tower,0,0,8,0,8,0,14,101,0,115,0,14,109,0,123,98,0,98,221
03/15/2021,SFF,WA,ANM,WE,Federal Contract Tower,0,0,29,0,29,0,2,52,0,54,0,2,81,0,83,156,0,156,239
03/16/2021,SFF,WA,ANM,WE,Federal Contract Tower,0,1,21,0,22,0,4,103,0,107,0,5,124,0,129,188,0,188,317
03/17/2021,SFF,WA,ANM,WE,Federal Contract Tower,0,4,25,0,29,0,14,110,0,124,0,18,135,0,153,201,0,201,354
03/18/2021,SFF,WA,ANM,WE,Federal Contract Tower,0,3,28,0,31,0,9,98,0,107,0,12,126,0,138,129,0,129,267
03/19/2021,SFF,WA,ANM,WE,Federal Contract Tower,0,0,11,0,11,0,6,32,0,38,0,6,43,0,49,44,0,44,93
03/20/2021,SFF,WA,ANM,WE,Federal Contract Tower,0,0,2,0,2,0,16,27,0,43,0,16,29,0,45,40,0,40,85
03/21/2021,SFF,WA,ANM,WE,Federal Contract Tower,0,1,6,0,7,0,7,25,0,32,0,8,31,0,39,28,0,28,67
03/22/2021,SFF,WA,ANM,WE,Federal Contract Tower,0,1,11,0,12,0,9,13,0,22,0,10,24,0,34,108,0,108,142
03/23/2021,SFF,WA,ANM,WE,Federal Contract Tower,0,2,16,0,18,0,6,61,0,67,0,8,77,0,85,70,0,70,155
03/24/2021,SFF,WA,ANM,WE,Federal Contract Tower,0,6,13,0,19,0,4,31,0,35,0,10,44,0,54,66,0,66,120
03/25/2021,SFF,WA,ANM,WE,Federal Contract Tower,0,2,18,0,20,0,0,42,0,42,0,2,60,0,62,140,0,140,202
03/26/2021,SFF,WA,ANM,WE,Federal Contract Tower,0,1,20,0,21,0,7,126,0,133,0,8,146,0,154,238,0,238,392
03/27/2021,SFF,WA,ANM,WE,Federal Contract Tower,0,0,14,0,14,0,4,100,0,104,0,4,114,0,118,221,0,221,339
03/28/2021,SFF,WA,ANM,WE,Federal Contract Tower,0,0,4,0,4,0,5,10,0,15,0,5,14,0,19,25,0,25,44
03/29/2021,SFF,WA,ANM,WE,Federal Contract Tower,0,0,22,0,22,0,11,36,0,47,0,11,58,0,69,56,0,56,125
03/30/2021,SFF,WA,ANM,WE,Federal Contract Tower,0,2,26,0,28,0,15,107,0,122,0,17,133,0,150,130,0,130,280
03/31/2021,SFF,WA,ANM,WE,Federal Contract Tower,0,3,20,0,23,0,6,112,0,118,0,9,132,0,141,237,0,237,378
04/01/2021,SFF,WA,ANM,WE,Federal Contract Tower,0,2,19,0,21,0,7,84,0,91,0,9,103,0,112,171,0,171,283
04/02/2021,SFF,WA,ANM,WE,Federal Contract Tower,0,1,8,0,9,0,17,73,0,90,0,18,81,0,99,49,0,49,148
04/03/2021,SFF,WA,ANM,WE,Federal Contract Tower,0,0,7,0,7,0,16,91,0,107,0,16,98,0,114,140,0,140,254
04/04/2021,SFF,WA,ANM,WE,Federal Contract Tower,0,2,7,0,9,0,3,33,0,36,0,5,40,0,45,28,0,28,73
04/05/2021,SFF,WA,ANM,WE,Federal Contract Tower,0,1,17,0,18,0,15,82,0,97,0,16,99,0,115,91,0,91,206
04/06/2021,SFF,WA,ANM,WE,Federal Contract Tower,0,0,20,0,20,0,6,109,2,117,0,6,129,2,137,210,20,230,367
04/07/2021,SFF,WA,ANM,WE,Federal Contract Tower,0,6,14,0,20,0,9,52,0,61,0,15,66,0,81,171,0,171,252
04/08/2021,SFF,WA,ANM,WE,Federal Contract Tower,0,4,13,0,17,0,44,4,0,48,0,48,17,0,65,70,22,92,157
04/09/2021,SFF,WA,ANM,WE,Federal Contract Tower,0,1,6,0,7,0,5,99,0,104,0,6,105,0,111,172,48,220,331
04/10/2021,SFF,WA,ANM,WE,Federal Contract Tower,0,0,5,0,5,0,8,14,0,22,0,8,19,0,27,24,0,24,51
04/11/2021,SFF,WA,ANM,WE,Federal Contract Tower,0,0,1,0,1,0,8,108,0,116,0,8,109,0,117,92,0,92,209
04/12/2021,SFF,WA,ANM,WE,Federal Contract Tower,0,0,19,0,19,0,16,73,0,89,0,16,92,0,108,130,0,130,238
04/13/2021,SFF,WA,ANM,WE,Federal Contract Tower,0,5,22,0,27,0,11,15,0,26,0,16,37,0,53,6,0,6,59
04/14/2021,SFF,WA,ANM,WE,Federal Contract Tower,0,4,16,0,20,0,5,58,0,63,0,9,74,0,83,66,0,66,149
04/15/2021,SFF,WA,ANM,WE,Federal Contract Tower,0,3,12,0,15,0,8,86,0,94,0,11,98,0,109,106,0,106,215
04/16/2021,SFF,WA,ANM,WE,Federal Contract Tower,0,1,7,0,8,0,9,103,0,112,0,10,110,0,120,100,0,100,220
04/17/2021,SFF,WA,ANM,WE,Federal Contract Tower,0,0,8,0,8,0,12,127,0,139,0,12,135,0,147,89,0,89,236
04/18/2021,SFF,WA,ANM,WE,Federal Contract Tower,0,0,8,0,8,0,13,67,0,80,0,13,75,0,88,71,0,71,159
04/19/2021,SFF,WA,ANM,WE,Federal Contract Tower,0,0,21,0,21,0,19,91,0,110,0,19,112,0,131,82,0,82,213
04/20/2021,SFF,WA,ANM,WE,Federal Contract Tower,0,1,17,0,18,0,8,116,0,124,0,9,133,0,142,148,0,148,290
04/21/2021,SFF,WA,ANM,WE,Federal Contract Tower,0,2,17,0,19,0,15,114,0,129,0,17,131,0,148,188,0,188,336
04/22/2021,SFF,WA,ANM,WE,Federal Contract Tower,0,3,19,0,22,0,5,66,0,71,0,8,85,0,93,134,0,134,227
04/23/2021,SFF,WA,ANM,WE,Federal Contract Tower,0,0,21,2,23,0,9,97,0,106,0,9,118,2,129,136,0,136,265
04/24/2021,SFF,WA,ANM,WE,Federal Contract Tower,0,0,14,0,14,0,2,14,0,16,0,2,28,0,30,54,0,54,84
04/25/2021,SFF,WA,ANM,WE,Federal Contract Tower,0,1,15,0,16,0,5,33,0,38,0,6,48,0,54,16,0,16,70
04/26/2021,SFF,WA,ANM,WE,Federal Contract Tower,0,2,20,0,22,0,16,92,0,108,0,18,112,0,130,205,0,205,335
04/27/2021,SFF,WA,ANM,WE,Federal Contract Tower,0,0,18,0,18,0,5,82,0,87,0,5,100,0,105,124,0,124,229
04/28/2021,SFF,WA,ANM,WE,Federal Contract Tower,0,3,20,0,23,0,13,108,0,121,0,16,128,0,144,178,0,178,322
04/29/2021,SFF,WA,ANM,WE,Federal Contract Tower,0,2,18,0,20,0,8,129,0,137,0,10,147,0,157,160,0,160,317
04/30/2021,SFF,WA,ANM,WE,Federal Contract Tower,0,1,13,0,14,0,5,67,0,72,0,6,80,0,86,110,0,110,196
05/01/2021,SFF,WA,ANM,WE,Federal Contract Tower,0,0,7,0,7,0,17,84,0,101,0,17,91,0,108,74,0,74,182
05/02/2021,SFF,WA,ANM,WE,Federal Contract Tower,0,1,5,0,6,0,11,100,0,111,0,12,105,0,117,120,0,120,237
05/03/2021,SFF,WA,ANM,WE,Federal Contract Tower,0,1,15,0,16,0,10,105,0,115,0,11,120,0,131,121,0,121,252
05/04/2021,SFF,WA,ANM,WE,Federal Contract Tower,0,1,20,0,21,0,9,133,0,142,0,10,153,0,163,192,0,192,355
05/05/2021,SFF,WA,ANM,WE,Federal Contract Tower,0,6,27,0,33,0,11,99,0,110,0,17,126,0,143,174,0,174,317
05/06/2021,SFF,WA,ANM,WE,Federal Contract Tower,0,1,24,0,25,0,12,100,0,112,0,13,124,0,137,116,0,116,253
05/07/2021,SFF,WA,ANM,WE,Federal Contract Tower,0,1,15,0,16,0,9,60,6,75,0,10,75,6,91,54,0,54,145
05/08/2021,SFF,WA,ANM,WE,Federal Contract Tower,0,0,7,0,7,0,5,64,0,69,0,5,71,0,76,50,0,50,126
05/09/2021,SFF,WA,ANM,WE,Federal Contract Tower,0,0,6,0,6,0,14,86,0,100,0,14,92,0,106,44,0,44,150
05/10/2021,SFF,WA,ANM,WE,Federal Contract Tower,0,0,22,0,22,0,8,123,0,131,0,8,145,0,153,209,0,209,362
05/11/2021,SFF,WA,ANM,WE,Federal Contract Tower,0,4,14,0,18,0,21,134,0,155,0,25,148,0,173,312,0,312,485
05/12/2021,SFF,WA,ANM,WE,Federal Contract Tower,0,3,13,0,16,0,14,79,0,93,0,17,92,0,109,201,0,201,310
05/13/2021,SFF,WA,ANM,WE,Federal Contract Tower,0,0,16,0,16,0,15,101,0,116,0,15,117,0,132,204,0,204,336
05/14/2021,SFF,WA,ANM,WE,Federal Contract Tower,0,1,13,0,14,0,2,101,0,103,0,3,114,0,117,128,0,128,245
05/15/2021,SFF,WA,ANM,WE,Federal Contract Tower,0,0,7,0,7,0,8,91,0,99,0,8,98,0,106,61,0,61,167
05/16/2021,SFF,WA,ANM,WE,Federal Contract Tower,0,3,8,0,11,0,3,85,0,88,0,6,93,0,99,34,0,34,133
05/17/2021,SFF,WA,ANM,WE,Federal Contract Tower,0,0,12,0,12,0,6,79,0,85,0,6,91,0,97,117,0,117,214
05/18/2021,SFF,WA,ANM,WE,Federal Contract Tower,0,3,10,0,13,0,7,27,0,34,0,10,37,0,47,30,0,30,77
05/19/2021,SFF,WA,ANM,WE,Federal Contract Tower,0,1,19,0,20,0,25,130,0,155,0,26,149,0,175,340,0,340,515
05/20/2021,SFF,WA,ANM,WE,Federal Contract Tower,0,1,18,0,19,0,5,49,0,54,0,6,67,0,73,306,0,306,379
05/21/2021,SFF,WA,ANM,WE,Federal Contract Tower,0,1,3,0,4,0,10,84,0,94,0,11,87,0,98,218,0,218,316
05/22/2021,SFF,WA,ANM,WE,Federal Contract Tower,0,0,5,0,5,0,8,109,0,117,0,8,114,0,122,58,0,58,180
05/23/2021,SFF,WA,ANM,WE,Federal Contract Tower,0,0,5,0,5,0,8,53,0,61,0,8,58,0,66,70,0,70,136
05/24/2021,SFF,WA,ANM,WE,Federal Contract Tower,0,1,13,0,14,0,10,49,0,59,0,11,62,0,73,125,0,125,198
05/25/2021,SFF,WA,ANM,WE,Federal Contract Tower,0,0,24,0,24,0,8,107,0,115,0,8,131,0,139,262,0,262,401
05/26/2021,SFF,WA,ANM,WE,Federal Contract Tower,0,1,11,0,12,0,10,97,0,107,0,11,108,0,119,262,0,262,381
05/27/2021,SFF,WA,ANM,WE,Federal Contract Tower,0,1,16,0,17,0,16,47,0,63,0,17,63,0,80,160,0,160,240
05/28/2021,SFF,WA,ANM,WE,Federal Contract Tower,0,1,13,0,14,0,5,80,0,85,0,6,93,0,99,68,0,68,167
05/29/2021,SFF,WA,ANM,WE,Federal Contract Tower,0,0,10,0,10,0,23,129,0,152,0,23,139,0,162,78,0,78,240
05/30/2021,SFF,WA,ANM,WE,Federal Contract Tower,0,2,12,0,14,0,11,89,0,100,0,13,101,0,114,20,0,20,134
05/31/2021,SFF,WA,ANM,WE,Federal Contract Tower,0,13,0,0,13,0,9,65,0,74,0,22,65,0,87,76,0,76,163
06/01/2021,SFF,WA,ANM,WE,Federal Contract Tower,0,3,7,0,10,0,19,117,0,136,0,22,124,0,146,256,0,256,402
06/02/2021,SFF,WA,ANM,WE,Federal Contract Tower,0,4,19,0,23,0,7,104,0,111,0,11,123,0,134,206,0,206,340
06/03/2021,SFF,WA,ANM,WE,Federal Contract Tower,0,1,18,1,20,0,10,110,1,121,0,11,128,2,141,206,0,206,347
06/04/2021,SFF,WA,ANM,WE,Federal Contract Tower,0,0,13,0,13,0,9,61,0,70,0,9,74,0,83,127,0,127,210
06/05/2021,SFF,WA,ANM,WE,Federal Contract Tower,0,9,0,0,9,0,14,29,0,43,0,23,29,0,52,28,0,28,80
06/06/2021,SFF,WA,ANM,WE,Federal Contract Tower,0,1,11,0,12,0,7,70,0,77,0,8,81,0,89,64,0,64,153
06/07/2021,SFF,WA,ANM,WE,Federal Contract Tower,0,2,16,0,18,0,9,104,0,113,0,11,120,0,131,260,0,260,391
06/08/2021,SFF,WA,ANM,WE,Federal Contract Tower,0,2,15,0,17,0,3,136,0,139,0,5,151,0,156,233,0,233,389
06/09/2021,SFF,WA,ANM,WE,Federal Contract Tower,0,2,6,0,8,0,16,106,0,122,0,18,112,0,130,288,0,288,418
06/10/2021,SFF,WA,ANM,WE,Federal Contract Tower,0,1,14,0,15,0,6,73,0,79,0,7,87,0,94,158,0,158,252
06/11/2021,SFF,WA,ANM,WE,Federal Contract Tower,0,0,13,0,13,0,5,104,0,109,0,5,117,0,122,252,0,252,374
06/12/2021,SFF,WA,ANM,WE,Federal Contract Tower,0,0,11,0,11,0,11,75,0,86,0,11,86,0,97,122,0,122,219
06/13/2021,SFF,WA,ANM,WE,Federal Contract Tower,0,0,11,0,11,0,13,61,0,74,0,13,72,0,85,98,0,98,183
06/14/2021,SFF,WA,ANM,WE,Federal Contract Tower,0,2,12,0,14,0,9,122,0,131,0,11,134,0,145,227,0,227,372
06/15/2021,SFF,WA,ANM,WE,Federal Contract Tower,1,22,0,0,23,7,66,0,0,73,8,88,0,0,96,236,0,236,332
06/16/2021,SFF,WA,ANM,WE,Federal Contract Tower,0,3,32,0,35,0,10,128,0,138,0,13,160,0,173,212,0,212,385
06/17/2021,SFF,WA,ANM,WE,Federal Contract Tower,0,2,21,0,23,0,19,133,0,152,0,21,154,0,175,158,0,158,333
06/18/2021,SFF,WA,ANM,WE,Federal Contract Tower,0,0,17,0,17,0,18,177,0,195,0,18,194,0,212,190,0,190,402
06/19/2021,SFF,WA,ANM,WE,Federal Contract Tower,0,0,9,0,9,0,12,78,0,90,0,12,87,0,99,28,0,28,127
06/20/2021,SFF,WA,ANM,WE,Federal Contract Tower,0,0,11,0,11,0,8,102,0,110,0,8,113,0,121,52,0,52,173
06/21/2021,SFF,WA,ANM,WE,Federal Contract Tower,0,0,9,0,9,0,14,101,0,115,0,14,110,0,124,72,0,72,196
06/22/2021,SFF,WA,ANM,WE,Federal Contract Tower,0,3,22,0,25,0,12,94,4,110,0,15,116,4,135,54,0,54,189
06/23/2021,SFF,WA,ANM,WE,Federal Contract Tower,0,3,20,0,23,0,6,77,0,83,0,9,97,0,106,126,0,126,232
06/24/2021,SFF,WA,ANM,WE,Federal Contract Tower,0,2,19,0,21,0,16,89,0,105,0,18,108,0,126,68,0,68,194
06/25/2021,SFF,WA,ANM,WE,Federal Contract Tower,0,13,0,0,13,0,3,63,0,66,0,16,63,0,79,49,0,49,128
06/26/2021,SFF,WA,ANM,WE,Federal Contract Tower,0,1,5,0,6,0,7,108,0,115,0,8,113,0,121,42,0,42,163
06/27/2021,SFF,WA,ANM,WE,Federal Contract Tower,0,0,20,0,20,0,9,49,0,58,0,9,69,0,78,42,0,42,120
06/28/2021,SFF,WA,ANM,WE,Federal Contract Tower,0,0,15,0,15,0,1,61,0,62,0,1,76,0,77,48,0,48,125
06/29/2021,SFF,WA,ANM,WE,Federal Contract Tower,0,3,16,0,19,0,19,63,0,82,0,22,79,0,101,34,0,34,135
06/30/2021,SFF,WA,ANM,WE,Federal Contract Tower,0,2,36,0,38,0,0,72,0,72,0,2,108,0,110,99,0,99,209
07/01/2021,SFF,WA,ANM,WE,Federal Contract Tower,0,2,21,0,23,0,24,59,0,83,0,26,80,0,106,28,0,28,134
07/02/2021,SFF,WA,ANM,WE,Federal Contract Tower,0,0,10,0,10,0,17,109,0,126,0,17,119,0,136,92,0,92,228
07/03/2021,SFF,WA,ANM,WE,Federal Contract Tower,0,0,5,0,5,0,14,72,0,86,0,14,77,0,91,86,0,86,177
07/04/2021,SFF,WA,ANM,WE,Federal Contract Tower,0,1,8,0,9,0,18,49,0,67,0,19,57,0,76,16,0,16,92
07/05/2021,SFF,WA,ANM,WE,Federal Contract Tower,0,0,16,0,16,0,11,100,0,111,0,11,116,0,127,28,0,28,155
07/06/2021,SFF,WA,ANM,WE,Federal Contract Tower,0,4,24,0,28,0,14,84,0,98,0,18,108,0,126,80,0,80,206
07/07/2021,SFF,WA,ANM,WE,Federal Contract Tower,0,2,12,0,14,0,4,64,0,68,0,6,76,0,82,156,0,156,238
07/08/2021,SFF,WA,ANM,WE,Federal Contract Tower,2,0,19,0,21,0,8,111,0,119,2,8,130,0,140,170,0,170,310
07/09/2021,SFF,WA,ANM,WE,Federal Contract Tower,0,1,17,0,18,0,25,98,0,123,0,26,115,0,141,128,0,128,269
07/10/2021,SFF,WA,ANM,WE,Federal Contract Tower,0,17,0,0,17,0,15,104,0,119,0,32,104,0,136,106,0,106,242
07/11/2021,SFF,WA,ANM,WE,Federal Contract Tower,0,0,20,0,20,0,9,86,0,95,0,9,106,0,115,26,0,26,141
07/12/2021,SFF,WA,ANM,WE,Federal Contract Tower,0,0,15,0,15,0,16,100,0,116,0,16,115,0,131,160,0,160,291
07/14/2021,SFF,WA,ANM,WE,Federal Contract Tower,0,6,18,0,24,0,14,97,0,111,0,20,115,0,135,216,0,216,351
07/15/2021,SFF,WA,ANM,WE,Federal Contract Tower,0,3,32,0,35,0,16,119,0,135,0,19,151,0,170,234,0,234,404
07/16/2021,SFF,WA,ANM,WE,Federal Contract Tower,0,3,7,0,10,0,8,82,0,90,0,11,89,0,100,88,0,88,188
07/17/2021,SFF,WA,ANM,WE,Federal Contract Tower,0,0,9,0,9,0,7,96,0,103,0,7,105,0,112,64,0,64,176
07/18/2021,SFF,WA,ANM,WE,Federal Contract Tower,0,12,0,0,12,0,8,66,0,74,0,20,66,0,86,42,0,42,128
07/19/2021,SFF,WA,ANM,WE,Federal Contract Tower,0,2,11,0,13,0,15,96,0,111,0,17,107,0,124,218,0,218,342
07/20/2021,SFF,WA,ANM,WE,Federal Contract Tower,0,4,24,0,28,0,18,100,0,118,0,22,124,0,146,175,0,175,321
07/21/2021,SFF,WA,ANM,WE,Federal Contract Tower,0,4,24,0,28,0,8,107,0,115,0,12,131,0,143,212,0,212,355
07/22/2021,SFF,WA,ANM,WE,Federal Contract Tower,0,5,15,0,20,0,7,149,0,156,0,12,164,0,176,267,0,267,443
07/23/2021,SFF,WA,ANM,WE,Federal Contract Tower,0,3,20,0,23,0,16,88,0,104,0,19,108,0,127,160,0,160,287
07/24/2021,SFF,WA,ANM,WE,Federal Contract Tower,0,1,8,0,9,0,4,107,0,111,0,5,115,0,120,22,0,22,142
07/25/2021,SFF,WA,ANM,WE,Federal Contract Tower,0,1,5,0,6,0,3,50,0,53,0,4,55,0,59,16,0,16,75
07/26/2021,SFF,WA,ANM,WE,Federal Contract Tower,0,0,13,0,13,0,10,117,0,127,0,10,130,0,140,123,0,123,263
07/27/2021,SFF,WA,ANM,WE,Federal Contract Tower,0,2,21,0,23,0,17,100,0,117,0,19,121,0,140,240,0,240,380
07/28/2021,SFF,WA,ANM,WE,Federal Contract Tower,0,7,19,0,26,0,35,122,0,157,0,42,141,0,183,112,0,112,295
07/29/2021,SFF,WA,ANM,WE,Federal Contract Tower,0,2,16,0,18,0,16,111,0,127,0,18,127,0,145,144,0,144,289
07/30/2021,SFF,WA,ANM,WE,Federal Contract Tower,0,1,21,0,22,0,24,112,0,136,0,25,133,0,158,128,0,128,286
07/31/2021,SFF,WA,ANM,WE,Federal Contract Tower,0,1,23,0,24,0,11,37,0,48,0,12,60,0,72,39,0,39,111
08/01/2021,SFF,WA,ANM,WE,Federal Contract Tower,0,0,11,0,11,0,2,35,0,37,0,2,46,0,48,24,0,24,72
08/02/2021,SFF,WA,ANM,WE,Federal Contract Tower,0,3,44,2,49,0,1,0,0,1,0,4,44,2,50,0,0,0,50
08/03/2021,SFF,WA,ANM,WE,Federal Contract Tower,0,6,34,0,40,0,0,7,0,7,0,6,41,0,47,30,0,30,77
08/04/2021,SFF,WA,ANM,WE,Federal Contract Tower,0,8,21,0,29,0,6,100,0,106,0,14,121,0,135,170,0,170,305
08/05/2021,SFF,WA,ANM,WE,Federal Contract Tower,0,5,17,0,22,0,10,63,0,73,0,15,80,0,95,86,0,86,181
08/06/2021,SFF,WA,ANM,WE,Federal Contract Tower,0,1,8,0,9,0,6,108,0,114,0,7,116,0,123,102,0,102,225
08/07/2021,SFF,WA,ANM,WE,Federal Contract Tower,0,0,12,0,12,0,14,97,0,111,0,14,109,0,123,78,0,78,201
08/08/2021,SFF,WA,ANM,WE,Federal Contract Tower,0,0,5,0,5,0,9,26,0,35,0,9,31,0,40,6,0,6,46
08/09/2021,SFF,WA,ANM,WE,Federal Contract Tower,0,1,26,0,27,0,5,91,0,96,0,6,117,0,123,170,0,170,293
08/10/2021,SFF,WA,ANM,WE,Federal Contract Tower,0,2,18,0,20,0,6,130,0,136,0,8,148,0,156,187,0,187,343
08/11/2021,SFF,WA,ANM,WE,Federal Contract Tower,0,6,19,0,25,0,13,114,0,127,0,19,133,0,152,174,0,174,326
08/12/2021,SFF,WA,ANM,WE,Federal Contract Tower,0,4,34,0,38,0,2,25,0,27,0,6,59,0,65,93,0,93,158
08/13/2021,SFF,WA,ANM,WE,Federal Contract Tower,0,1,24,0,25,0,0,0,0,0,0,1,24,0,25,0,0,0,25
08/14/2021,SFF,WA,ANM,WE,Federal Contract Tower,0,1,16,0,17,0,0,0,0,0,0,1,16,0,17,14,0,14,31
08/15/2021,SFF,WA,ANM,WE,Federal Contract Tower,0,1,15,0,16,0,3,6,0,9,0,4,21,0,25,30,0,30,55
08/16/2021,SFF,WA,ANM,WE,Federal Contract Tower,0,0,14,0,14,0,10,98,0,108,0,10,112,0,122,110,2,112,234
08/17/2021,SFF,WA,ANM,WE,Federal Contract Tower,0,5,19,0,24,0,2,49,0,51,0,7,68,0,75,178,0,178,253
08/18/2021,SFF,WA,ANM,WE,Federal Contract Tower,0,9,21,0,30,0,8,99,0,107,0,17,120,0,137,138,0,138,275
08/19/2021,SFF,WA,ANM,WE,Federal Contract Tower,0,3,15,0,18,0,0,67,0,67,0,3,82,0,85,84,0,84,169
08/20/2021,SFF,WA,ANM,WE,Federal Contract Tower,0,3,16,0,19,0,11,105,0,116,0,14,121,0,135,60,0,60,195
08/21/2021,SFF,WA,ANM,WE,Federal Contract Tower,0,1,17,0,18,0,11,49,0,60,0,12,66,0,78,52,0,52,130
08/22/2021,SFF,WA,ANM,WE,Federal Contract Tower,0,1,9,0,10,0,4,57,0,61,0,5,66,0,71,4,0,4,75
08/23/2021,SFF,WA,ANM,WE,Federal Contract Tower,0,0,24,0,24,0,15,120,0,135,0,15,144,0,159,120,0,120,279
08/24/2021,SFF,WA,ANM,WE,Federal Contract Tower,0,2,12,0,14,0,13,98,0,111,0,15,110,0,125,124,0,124,249
08/25/2021,SFF,WA,ANM,WE,Federal Contract Tower,0,3,22,0,25,0,8,100,0,108,0,11,122,0,133,110,0,110,243
08/26/2021,SFF,WA,ANM,WE,Federal Contract Tower,0,2,14,0,16,0,16,96,0,112,0,18,110,0,128,196,0,196,324
08/27/2021,SFF,WA,ANM,WE,Federal Contract Tower,0,0,14,0,14,0,16,128,0,144,0,16,142,0,158,170,0,170,328
08/28/2021,SFF,WA,ANM,WE,Federal Contract Tower,0,0,18,0,18,0,11,156,0,167,0,11,174,0,185,54,0,54,239
08/29/2021,SFF,WA,ANM,WE,Federal Contract Tower,0,0,14,0,14,0,5,130,0,135,0,5,144,0,149,29,0,29,178
08/30/2021,SFF,WA,ANM,WE,Federal Contract Tower,0,2,22,0,24,0,12,104,0,116,0,14,126,0,140,142,0,142,282
08/31/2021,SFF,WA,ANM,WE,Federal Contract Tower,0,5,19,0,24,0,8,95,0,103,0,13,114,0,127,94,0,94,221
09/01/2021,SFF,WA,ANM,WE,Federal Contract Tower,0,2,9,0,11,0,18,120,0,138,0,20,129,0,149,188,0,188,337
09/02/2021,SFF,WA,ANM,WE,Federal Contract Tower,0,3,19,0,22,0,11,122,0,133,0,14,141,0,155,218,0,218,373
09/03/2021,SFF,WA,ANM,WE,Federal Contract Tower,0,0,17,0,17,0,13,156,0,169,0,13,173,0,186,248,0,248,434
09/04/2021,SFF,WA,ANM,WE,Federal Contract Tower,0,1,8,0,9,0,8,135,0,143,0,9,143,0,152,34,0,34,186
09/05/2021,SFF,WA,ANM,WE,Federal Contract Tower,0,1,9,0,10,0,7,64,0,71,0,8,73,0,81,82,0,82,163
09/06/2021,SFF,WA,ANM,WE,Federal Contract Tower,0,1,10,0,11,0,14,91,0,105,0,15,101,0,116,14,0,14,130
09/07/2021,SFF,WA,ANM,WE,Federal Contract Tower,0,5,20,0,25,0,11,124,0,135,0,16,144,0,160,196,0,196,356
09/08/2021,SFF,WA,ANM,WE,Federal Contract Tower,0,2,26,0,28,0,26,128,0,154,0,28,154,0,182,109,0,109,291
09/09/2021,SFF,WA,ANM,WE,Federal Contract Tower,0,2,17,0,19,0,20,86,0,106,0,22,103,0,125,150,0,150,275
09/10/2021,SFF,WA,ANM,WE,Federal Contract Tower,0,1,24,0,25,0,14,65,0,79,0,15,89,0,104,134,0,134,238
09/11/2021,SFF,WA,ANM,WE,Federal Contract Tower,0,1,12,0,13,0,10,56,0,66,0,11,68,0,79,20,0,20,99
09/12/2021,SFF,WA,ANM,WE,Federal Contract Tower,0,0,10,0,10,0,6,75,0,81,0,6,85,0,91,30,0,30,121
09/13/2021,SFF,WA,ANM,WE,Federal Contract Tower,0,3,16,0,19,0,9,113,0,122,0,12,129,0,141,166,0,166,307
09/14/2021,SFF,WA,ANM,WE,Federal Contract Tower,0,3,17,0,20,0,12,113,0,125,0,15,130,0,145,202,0,202,347
09/15/2021,SFF,WA,ANM,WE,Federal Contract Tower,0,1,16,0,17,0,12,119,0,131,0,13,135,0,148,50,0,50,198
09/16/2021,SFF,WA,ANM,WE,Federal Contract Tower,0,3,18,0,21,0,15,152,0,167,0,18,170,0,188,214,0,214,402
09/17/2021,SFF,WA,ANM,WE,Federal Contract Tower,0,2,22,0,24,0,16,147,0,163,0,18,169,0,187,227,0,227,414
09/18/2021,SFF,WA,ANM,WE,Federal Contract Tower,0,0,11,0,11,0,4,11,0,15,0,4,22,0,26,30,0,30,56
09/19/2021,SFF,WA,ANM,WE,Federal Contract Tower,0,0,18,0,18,0,2,7,0,9,0,2,25,0,27,12,0,12,39
09/20/2021,SFF,WA,ANM,WE,Federal Contract Tower,0,3,22,0,25,0,14,115,0,129,0,17,137,0,154,162,0,162,316
09/21/2021,SFF,WA,ANM,WE,Federal Contract Tower,0,6,20,0,26,0,15,125,0,140,0,21,145,0,166,193,0,193,359
09/22/2021,SFF,WA,ANM,WE,Federal Contract Tower,0,2,14,0,16,0,9,91,0,100,0,11,105,0,116,144,0,144,260
09/23/2021,SFF,WA,ANM,WE,Federal Contract Tower,0,6,17,0,23,0,7,125,0,132,0,13,142,0,155,118,0,118,273
09/24/2021,SFF,WA,ANM,WE,Federal Contract Tower,0,2,13,0,15,0,19,136,0,155,0,21,149,0,170,205,0,205,375
09/25/2021,SFF,WA,ANM,WE,Federal Contract Tower,0,1,8,0,9,0,7,151,0,158,0,8,159,0,167,131,0,131,298
09/26/2021,SFF,WA,ANM,WE,Federal Contract Tower,0,1,15,0,16,0,8,79,0,87,0,9,94,0,103,132,0,132,235
09/27/2021,SFF,WA,ANM,WE,Federal Contract Tower,0,2,19,0,21,0,9,71,0,80,0,11,90,0,101,181,0,181,282
09/29/2021,SFF,WA,ANM,WE,Federal Contract Tower,0,1,14,0,15,0,14,76,0,90,0,15,90,0,105,100,0,100,205
09/30/2021,SFF,WA,ANM,WE,Federal Contract Tower,0,2,17,0,19,0,12,89,0,101,0,14,106,0,120,178,0,178,298
10/01/2021,SFF,WA,ANM,WE,Federal Contract Tower,0,4,34,0,38,0,9,77,0,86,0,13,111,0,124,101,0,101,225
10/02/2021,SFF,WA,ANM,WE,Federal Contract Tower,0,0,12,0,12,0,13,131,0,144,0,13,143,0,156,219,0,219,375
10/03/2021,SFF,WA,ANM,WE,Federal Contract Tower,0,0,10,0,10,0,18,103,0,121,0,18,113,0,131,34,0,34,165
10/04/2021,SFF,WA,ANM,WE,Federal Contract Tower,0,2,18,0,20,0,11,72,0,83,0,13,90,0,103,58,0,58,161
10/05/2021,SFF,WA,ANM,WE,Federal Contract Tower,0,4,17,0,21,0,14,77,0,91,0,18,94,0,112,68,0,68,180
10/06/2021,SFF,WA,ANM,WE,Federal Contract Tower,0,4,26,0,30,0,5,53,0,58,0,9,79,0,88,20,0,20,108
10/07/2021,SFF,WA,ANM,WE,Federal Contract Tower,0,1,21,0,22,0,14,84,4,102,0,15,105,4,124,76,0,76,200
10/08/2021,SFF,WA,ANM,WE,Federal Contract Tower,0,4,26,0,30,0,3,103,0,106,0,7,129,0,136,121,0,121,257
10/09/2021,SFF,WA,ANM,WE,Federal Contract Tower,0,0,14,0,14,0,14,77,0,91,0,14,91,0,105,89,0,89,194
10/10/2021,SFF,WA,ANM,WE,Federal Contract Tower,0,0,10,0,10,0,5,4,0,9,0,5,14,0,19,0,0,0,19
10/11/2021,SFF,WA,ANM,WE,Federal Contract Tower,0,1,29,0,30,0,13,81,0,94,0,14,110,0,124,114,0,114,238
10/12/2021,SFF,WA,ANM,WE,Federal Contract Tower,0,1,29,0,30,0,7,72,0,79,0,8,101,0,109,106,0,106,215
10/13/2021,SFF,WA,ANM,WE,Federal Contract Tower,0,4,17,0,21,0,1,7,3,11,0,5,24,3,32,42,22,64,96
10/14/2021,SFF,WA,ANM,WE,Federal Contract Tower,0,4,19,0,23,0,5,73,0,78,0,9,92,0,101,126,0,126,227
10/15/2021,SFF,WA,ANM,WE,Federal Contract Tower,0,4,14,0,18,0,9,85,0,94,0,13,99,0,112,88,0,88,200
10/16/2021,SFF,WA,ANM,WE,Federal Contract Tower,0,0,15,0,15,0,9,189,0,198,0,9,204,0,213,141,0,141,354
10/17/2021,SFF,WA,ANM,WE,Federal Contract Tower,0,1,10,0,11,0,10,96,0,106,0,11,106,0,117,42,0,42,159
10/18/2021,SFF,WA,ANM,WE,Federal Contract Tower,0,1,18,0,19,0,18,122,0,140,0,19,140,0,159,126,0,126,285
10/19/2021,SFF,WA,ANM,WE,Federal Contract Tower,0,2,12,0,14,0,3,134,4,141,0,5,146,4,155,78,0,78,233
10/20/2021,SFF,WA,ANM,WE,Federal Contract Tower,0,1,19,0,20,0,4,67,0,71,0,5,86,0,91,88,0,88,179
10/21/2021,SFF,WA,ANM,WE,Federal Contract Tower,0,3,9,0,12,0,12,125,0,137,0,15,134,0,149,152,0,152,301
10/22/2021,SFF,WA,ANM,WE,Federal Contract Tower,0,3,35,0,38,0,1,22,0,23,0,4,57,0,61,81,0,81,142
10/23/2021,SFF,WA,ANM,WE,Federal Contract Tower,0,1,18,0,19,0,4,78,0,82,0,5,96,0,101,167,0,167,268
10/24/2021,SFF,WA,ANM,WE,Federal Contract Tower,0,0,9,0,9,0,4,8,0,12,0,4,17,0,21,66,0,66,87
10/25/2021,SFF,WA,ANM,WE,Federal Contract Tower,0,0,13,0,13,0,6,78,0,84,0,6,91,0,97,162,0,162,259
10/26/2021,SFF,WA,ANM,WE,Federal Contract Tower,0,0,13,0,13,0,4,27,0,31,0,4,40,0,44,68,0,68,112
10/27/2021,SFF,WA,ANM,WE,Federal Contract Tower,0,0,22,0,22,0,7,77,0,84,0,7,99,0,106,155,0,155,261
10/28/2021,SFF,WA,ANM,WE,Federal Contract Tower,0,4,21,0,25,0,2,24,0,26,0,6,45,0,51,98,0,98,149
10/29/2021,SFF,WA,ANM,WE,Federal Contract Tower,0,1,20,0,21,0,1,34,0,35,0,2,54,0,56,28,0,28,84
10/30/2021,SFF,WA,ANM,WE,Federal Contract Tower,0,0,6,1,7,0,2,136,0,138,0,2,142,1,145,95,0,95,240
10/31/2021,SFF,WA,ANM,WE,Federal Contract Tower,0,1,6,0,7,0,5,100,0,105,0,6,106,0,112,48,0,48,160
11/01/2021,SFF,WA,ANM,WE,Federal Contract Tower,0,0,18,0,18,0,7,100,0,107,0,7,118,0,125,132,0,132,257
11/02/2021,SFF,WA,ANM,WE,Federal Contract Tower,0,0,20,0,20,0,8,71,0,79,0,8,91,0,99,184,0,184,283
11/03/2021,SFF,WA,ANM,WE,Federal Contract Tower,0,3,19,0,22,0,2,98,0,100,0,5,117,0,122,158,0,158,280
11/04/2021,SFF,WA,ANM,WE,Federal Contract Tower,0,5,19,0,24,0,9,7,0,16,0,14,26,0,40,40,0,40,80
11/05/2021,SFF,WA,ANM,WE,Federal Contract Tower,0,2,21,0,23,0,3,90,0,93,0,5,111,0,116,72,0,72,188
11/06/2021,SFF,WA,ANM,WE,Federal Contract Tower,0,4,14,0,18,0,10,32,0,42,0,14,46,0,60,40,0,40,100
11/07/2021,SFF,WA,ANM,WE,Federal Contract Tower,0,1,17,0,18,0,13,56,0,69,0,14,73,0,87,64,0,64,151
11/08/2021,SFF,WA,ANM,WE,Federal Contract Tower,0,2,18,0,20,0,14,95,0,109,0,16,113,0,129,112,0,112,241
11/09/2021,SFF,WA,ANM,WE,Federal Contract Tower,0,2,17,0,19,0,2,12,0,14,0,4,29,0,33,58,0,58,91
11/10/2021,SFF,WA,ANM,WE,Federal Contract Tower,0,1,24,0,25,0,11,92,0,103,0,12,116,0,128,134,0,134,262
11/11/2021,SFF,WA,ANM,WE,Federal Contract Tower,0,1,21,0,22,0,0,9,0,9,0,1,30,0,31,30,0,30,61
11/12/2021,SFF,WA,ANM,WE,Federal Contract Tower,0,3,25,0,28,0,0,0,0,0,0,3,25,0,28,18,0,18,46
11/13/2021,SFF,WA,ANM,WE,Federal Contract Tower,0,0,29,0,29,0,0,70,0,70,0,0,99,0,99,135,0,135,234
11/14/2021,SFF,WA,ANM,WE,Federal Contract Tower,0,1,10,0,11,0,7,2,0,9,0,8,12,0,20,0,0,0,20
11/15/2021,SFF,WA,ANM,WE,Federal Contract Tower,0,3,7,0,10,0,1,8,0,9,0,4,15,0,19,4,0,4,23
11/16/2021,SFF,WA,ANM,WE,Federal Contract Tower,0,2,15,0,17,0,10,73,0,83,0,12,88,0,100,52,0,52,152
11/17/2021,SFF,WA,ANM,WE,Federal Contract Tower,0,2,24,0,26,0,12,114,0,126,0,14,138,0,152,146,0,146,298
11/18/2021,SFF,WA,ANM,WE,Federal Contract Tower,0,5,21,0,26,0,2,34,0,36,0,7,55,0,62,52,0,52,114
11/19/2021,SFF,WA,ANM,WE,Federal Contract Tower,0,1,17,0,18,0,0,0,0,0,0,1,17,0,18,0,0,0,18
11/20/2021,SFF,WA,ANM,WE,Federal Contract Tower,0,2,16,0,18,0,1,4,0,5,0,3,20,0,23,38,0,38,61
11/21/2021,SFF,WA,ANM,WE,Federal Contract Tower,0,2,18,0,20,0,3,57,0,60,0,5,75,0,80,120,0,120,200
11/22/2021,SFF,WA,ANM,WE,Federal Contract Tower,0,2,14,0,16,0,26,0,0,26,0,28,14,0,42,20,0,20,62
11/23/2021,SFF,WA,ANM,WE,Federal Contract Tower,0,3,12,0,15,0,0,0,0,0,0,3,12,0,15,0,0,0,15
11/24/2021,SFF,WA,ANM,WE,Federal Contract Tower,0,1,25,0,26,0,4,20,0,24,0,5,45,0,50,98,0,98,148
11/25/2021,SFF,WA,ANM,WE,Federal Contract Tower,0,0,4,0,4,0,6,21,0,27,0,6,25,0,31,0,0,0,31
11/26/2021,SFF,WA,ANM,WE,Federal Contract Tower,0,0,11,0,11,0,12,61,0,73,0,12,72,0,84,116,0,116,200
11/27/2021,SFF,WA,ANM,WE,Federal Contract Tower,0,0,11,0,11,0,0,1,0,1,0,0,12,0,12,0,0,0,12
11/28/2021,SFF,WA,ANM,WE,Federal Contract Tower,0,1,11,0,12,0,11,44,0,55,0,12,55,0,67,104,0,104,171
11/29/2021,SFF,WA,ANM,WE,Federal Contract Tower,0,1,25,0,26,0,2,65,0,67,0,3,90,0,93,114,0,114,207
11/30/2021,SFF,WA,ANM,WE,Federal Contract Tower,0,3,19,0,22,0,10,53,0,63,0,13,72,0,85,75,0,75,160
12/01/2021,SFF,WA,ANM,WE,Federal Contract Tower,0,2,19,0,21,0,15,59,0,74,0,17,78,0,95,42,0,42,137
12/02/2021,SFF,WA,ANM,WE,Federal Contract Tower,0,2,27,0,29,0,18,89,0,107,0,20,116,0,136,93,0,93,229
12/03/2021,SFF,WA,ANM,WE,Federal Contract Tower,0,0,21,0,21,0,3,107,0,110,0,3,128,0,131,94,0,94,225
12/04/2021,SFF,WA,ANM,WE,Federal Contract Tower,0,2,14,0,16,0,0,12,0,12,0,2,26,0,28,20,0,20,48
12/05/2021,SFF,WA,ANM,WE,Federal Contract Tower,0,1,12,0,13,0,16,126,0,142,0,17,138,0,155,136,0,136,291
12/06/2021,SFF,WA,ANM,WE,Federal Contract Tower,0,0,20,0,20,0,0,1,0,1,0,0,21,0,21,24,0,24,45
12/07/2021,SFF,WA,ANM,WE,Federal Contract Tower,0,2,19,0,21,0,0,0,0,0,0,2,19,0,21,0,0,0,21
12/08/2021,SFF,WA,ANM,WE,Federal Contract Tower,0,2,20,0,22,0,2,64,0,66,0,4,84,0,88,68,0,68,156
12/09/2021,SFF,WA,ANM,WE,Federal Contract Tower,0,4,23,0,27,0,4,37,0,41,0,8,60,0,68,107,0,107,175
12/10/2021,SFF,WA,ANM,WE,Federal Contract Tower,0,4,22,0,26,0,0,35,0,35,0,4,57,0,61,46,0,46,107
12/11/2021,SFF,WA,ANM,WE,Federal Contract Tower,0,0,6,0,6,0,1,3,0,4,0,1,9,0,10,0,0,0,10
12/12/2021,SFF,WA,ANM,WE,Federal Contract Tower,0,0,14,0,14,0,4,58,0,62,0,4,72,0,76,54,0,54,130
12/13/2021,SFF,WA,ANM,WE,Federal Contract Tower,0,3,28,0,31,0,4,57,0,61,0,7,85,0,92,16,0,16,108
12/14/2021,SFF,WA,ANM,WE,Federal Contract Tower,0,2,18,0,20,0,3,32,0,35,0,5,50,0,55,114,0,114,169
12/15/2021,SFF,WA,ANM,WE,Federal Contract Tower,0,4,15,0,19,0,7,101,0,108,0,11,116,0,127,93,0,93,220
12/16/2021,SFF,WA,ANM,WE,Federal Contract Tower,0,6,14,0,20,0,0,0,0,0,0,6,14,0,20,0,0,0,20
12/17/2021,SFF,WA,ANM,WE,Federal Contract Tower,0,0,33,0,33,0,10,90,0,100,0,10,123,0,133,82,0,82,215
12/18/2021,SFF,WA,ANM,WE,Federal Contract Tower,0,2,13,0,15,0,0,1,0,1,0,2,14,0,16,12,0,12,28
12/19/2021,SFF,WA,ANM,WE,Federal Contract Tower,0,3,16,0,19,0,3,10,0,13,0,6,26,0,32,92,0,92,124
12/20/2021,SFF,WA,ANM,WE,Federal Contract Tower,0,3,11,0,14,0,0,4,0,4,0,3,15,0,18,18,0,18,36
12/21/2021,SFF,WA,ANM,WE,Federal Contract Tower,0,1,17,0,18,0,0,0,0,0,0,1,17,0,18,0,0,0,18
12/22/2021,SFF,WA,ANM,WE,Federal Contract Tower,0,5,16,0,21,0,8,50,0,58,0,13,66,0,79,72,0,72,151
12/23/2021,SFF,WA,ANM,WE,Federal Contract Tower,0,2,2,0,4,0,6,0,0,6,0,8,2,0,10,4,0,4,14
12/24/2021,SFF,WA,ANM,WE,Federal Contract Tower,0,0,7,0,7,0,0,7,0,7,0,0,14,0,14,11,0,11,25
12/25/2021,SFF,WA,ANM,WE,Federal Contract Tower,0,1,5,0,6,0,3,6,0,9,0,4,11,0,15,0,0,0,15
12/26/2021,SFF,WA,ANM,WE,Federal Contract Tower,0,2,9,0,11,0,0,5,0,5,0,2,14,0,16,0,0,0,16
12/27/2021,SFF,WA,ANM,WE,Federal Contract Tower,0,4,11,0,15,0,4,16,0,20,0,8,27,0,35,8,0,8,43
12/28/2021,SFF,WA,ANM,WE,Federal Contract Tower,0,1,19,0,20,0,0,53,0,53,0,1,72,0,73,56,0,56,129
12/29/2021,SFF,WA,ANM,WE,Federal Contract Tower,0,3,12,0,15,0,12,75,0,87,0,15,87,0,102,104,0,104,206
12/30/2021,SFF,WA,ANM,WE,Federal Contract Tower,0,3,4,0,7,0,0,0,0,0,0,3,4,0,7,8,0,8,15
12/31/2021,SFF,WA,ANM,WE,Federal Contract Tower,0,3,7,0,10,0,5,52,0,57,0,8,59,0,67,62,0,62,129
01/01/2022,SFF,WA,ANM,WE,Federal Contract Tower,0,1,5,0,6,0,8,25,0,33,0,9,30,0,39,10,0,10,49
01/02/2022,SFF,WA,ANM,WE,Federal Contract Tower,0,0,6,0,6,0,6,19,0,25,0,6,25,0,31,38,0,38,69
01/03/2022,SFF,WA,ANM,WE,Federal Contract Tower,0,1,7,0,8,0,0,1,0,1,0,1,8,0,9,0,0,0,9
01/04/2022,SFF,WA,ANM,WE,Federal Contract Tower,0,2,13,0,15,0,0,3,0,3,0,2,16,0,18,0,0,0,18
01/05/2022,SFF,WA,ANM,WE,Federal Contract Tower,0,1,17,0,18,0,7,24,0,31,0,8,41,0,49,80,0,80,129
01/06/2022,SFF,WA,ANM,WE,Federal Contract Tower,0,3,2,0,5,0,0,0,0,0,0,3,2,0,5,0,0,0,5
01/07/2022,SFF,WA,ANM,WE,Federal Contract Tower,0,2,15,0,17,0,2,7,0,9,0,4,22,0,26,2,0,2,28
01/08/2022,SFF,WA,ANM,WE,Federal Contract Tower,0,0,19,0,19,0,3,105,0,108,0,3,124,0,127,68,0,68,195
01/09/2022,SFF,WA,ANM,WE,Federal Contract Tower,0,0,14,0,14,0,10,81,0,91,0,10,95,0,105,104,0,104,209
01/10/2022,SFF,WA,ANM,WE,Federal Contract Tower,0,3,14,0,17,0,1,24,0,25,0,4,38,0,42,22,0,22,64
01/11/2022,SFF,WA,ANM,WE,Federal Contract Tower,0,4,12,0,16,0,7,36,0,43,0,11,48,0,59,106,0,106,165
01/12/2022,SFF,WA,ANM,WE,Federal Contract Tower,0,1,12,0,13,0,11,43,0,54,0,12,55,0,67,63,0,63,130
01/13/2022,SFF,WA,ANM,WE,Federal Contract Tower,0,5,18,0,23,0,0,19,0,19,0,5,37,0,42,34,0,34,76
01/14/2022,SFF,WA,ANM,WE,Federal Contract Tower,0,4,18,0,22,0,0,0,0,0,0,4,18,0,22,0,0,0,22
01/15/2022,SFF,WA,ANM,WE,Federal Contract Tower,0,3,5,0,8,0,2,23,0,25,0,5,28,0,33,45,0,45,78
01/16/2022,SFF,WA,ANM,WE,Federal Contract Tower,0,0,3,0,3,0,0,0,0,0,0,0,3,0,3,14,0,14,17
01/17/2022,SFF,WA,ANM,WE,Federal Contract Tower,0,3,28,0,31,0,3,30,0,33,0,6,58,0,64,38,0,38,102
01/18/2022,SFF,WA,ANM,WE,Federal Contract Tower,0,5,19,0,24,0,0,3,0,3,0,5,22,0,27,34,0,34,61
01/19/2022,SFF,WA,ANM,WE,Federal Contract Tower,0,2,20,0,22,0,0,0,0,0,0,2,20,0,22,0,0,0,22
01/20/2022,SFF,WA,ANM,WE,Federal Contract Tower,0,2,18,0,20,0,0,0,0,0,0,2,18,0,20,0,0,0,20
01/21/2022,SFF,WA,ANM,WE,Federal Contract Tower,0,1,25,0,26,0,3,75,0,78,0,4,100,0,104,103,0,103,207
01/22/2022,SFF,WA,ANM,WE,Federal Contract Tower,0,0,11,0,11,0,0,6,0,6,0,0,17,0,17,36,0,36,53
01/23/2022,SFF,WA,ANM,WE,Federal Contract Tower,0,0,7,0,7,0,0,0,0,0,0,0,7,0,7,0,0,0,7
01/24/2022,SFF,WA,ANM,WE,Federal Contract Tower,0,3,23,0,26,0,0,0,0,0,0,3,23,0,26,0,0,0,26
01/25/2022,SFF,WA,ANM,WE,Federal Contract Tower,0,3,21,0,24,0,0,12,0,12,0,3,33,0,36,38,0,38,74
01/26/2022,SFF,WA,ANM,WE,Federal Contract Tower,0,2,12,0,14,0,2,9,0,11,0,4,21,0,25,74,0,74,99
01/27/2022,SFF,WA,ANM,WE,Federal Contract Tower,0,5,35,0,40,0,3,118,0,121,0,8,153,0,161,92,0,92,253
01/28/2022,SFF,WA,ANM,WE,Federal Contract Tower,0,3,21,0,24,0,2,60,0,62,0,5,81,0,86,63,0,63,149
01/29/2022,SFF,WA,ANM,WE,Federal Contract Tower,0,3,17,0,20,0,2,56,0,58,0,5,73,0,78,134,0,134,212
01/30/2022,SFF,WA,ANM,WE,Federal Contract Tower,0,2,9,0,11,0,0,37,0,37,0,2,46,0,48,128,0,128,176
01/31/2022,SFF,WA,ANM,WE,Federal Contract Tower,0,3,15,0,18,0,16,45,0,61,0,19,60,0,79,42,0,42,121
02/01/2022,SFF,WA,ANM,WE,Federal Contract Tower,0,2,15,0,17,0,4,64,0,68,0,6,79,0,85,122,0,122,207
02/02/2022,SFF,WA,ANM,WE,Federal Contract Tower,0,0,24,0,24,0,7,71,0,78,0,7,95,0,102,74,0,74,176
02/03/2022,SFF,WA,ANM,WE,Federal Contract Tower,0,5,10,0,15,0,0,15,0,15,0,5,25,0,30,60,0,60,90
02/04/2022,SFF,WA,ANM,WE,Federal Contract Tower,0,7,16,0,23,0,3,18,0,21,0,10,34,0,44,58,0,58,102
02/05/2022,SFF,WA,ANM,WE,Federal Contract Tower,0,2,11,0,13,0,0,68,0,68,0,2,79,0,81,51,0,51,132
02/06/2022,SFF,WA,ANM,WE,Federal Contract Tower,0,0,11,0,11,0,6,67,0,73,0,6,78,0,84,21,0,21,105
02/07/2022,SFF,WA,ANM,WE,Federal Contract Tower,0,3,14,0,17,0,8,68,0,76,0,11,82,0,93,70,0,70,163
02/08/2022,SFF,WA,ANM,WE,Federal Contract Tower,0,4,22,0,26,0,3,88,0,91,0,7,110,0,117,88,0,88,205
02/09/2022,SFF,WA,ANM,WE,Federal Contract Tower,0,0,23,0,23,0,9,81,0,90,0,9,104,0,113,112,0,112,225
02/10/2022,SFF,WA,ANM,WE,Federal Contract Tower,0,2,24,0,26,0,12,89,0,101,0,14,113,0,127,132,0,132,259
02/11/2022,SFF,WA,ANM,WE,Federal Contract Tower,0,1,13,0,14,0,5,106,0,111,0,6,119,0,125,105,0,105,230
02/12/2022,SFF,WA,ANM,WE,Federal Contract Tower,0,0,10,0,10,0,6,133,0,139,0,6,143,0,149,134,0,134,283
02/13/2022,SFF,WA,ANM,WE,Federal Contract Tower,0,0,9,0,9,0,9,91,0,100,0,9,100,0,109,101,0,101,210
02/14/2022,SFF,WA,ANM,WE,Federal Contract Tower,0,2,19,0,21,0,5,31,0,36,0,7,50,0,57,127,0,127,184
02/15/2022,SFF,WA,ANM,WE,Federal Contract Tower,0,2,32,0,34,0,4,43,0,47,0,6,75,0,81,72,0,72,153
02/16/2022,SFF,WA,ANM,WE,Federal Contract Tower,0,3,13,0,16,0,8,93,0,101,0,11,106,0,117,88,0,88,205
02/17/2022,SFF,WA,ANM,WE,Federal Contract Tower,0,2,21,0,23,0,7,100,0,107,0,9,121,0,130,122,0,122,252
02/18/2022,SFF,WA,ANM,WE,Federal Contract Tower,0,1,20,0,21,0,5,82,0,87,0,6,102,0,108,186,0,186,294
02/19/2022,SFF,WA,ANM,WE,Federal Contract Tower,0,1,8,0,9,0,3,57,0,60,0,4,65,0,69,80,0,80,149
02/20/2022,SFF,WA,ANM,WE,Federal Contract Tower,0,3,8,0,11,0,0,36,0,36,0,3,44,0,47,22,0,22,69
02/21/2022,SFF,WA,ANM,WE,Federal Contract Tower,0,3,14,0,17,0,1,3,0,4,0,4,17,0,21,0,0,0,21
02/22/2022,SFF,WA,ANM,WE,Federal Contract Tower,0,3,16,0,19,0,4,34,0,38,0,7,50,0,57,90,0,90,147
02/23/2022,SFF,WA,ANM,WE,Federal Contract Tower,0,1,11,1,13,0,12,111,1,124,0,13,122,2,137,50,0,50,187
02/24/2022,SFF,WA,ANM,WE,Federal Contract Tower,0,7,17,0,24,0,10,120,0,130,0,17,137,0,154,138,0,138,292
02/25/2022,SFF,WA,ANM,WE,Federal Contract Tower,0,1,20,0,21,0,10,106,0,116,0,11,126,0,137,110,0,110,247
02/26/2022,SFF,WA,ANM,WE,Federal Contract Tower,0,0,11,0,11,0,10,110,0,120,0,10,121,0,131,86,0,86,217
02/27/2022,SFF,WA,ANM,WE,Federal Contract Tower,0,1,4,0,5,0,1,5,0,6,0,2,9,0,11,5,0,5,16
02/28/2022,SFF,WA,ANM,WE,Federal Contract Tower,0,6,11,0,17,0,0,4,0,4,0,6,15,0,21,10,0,10,31
03/01/2022,SFF,WA,ANM,WE,Federal Contract Tower,0,3,24,0,27,0,2,50,0,52,0,5,74,0,79,52,0,52,131
03/02/2022,SFF,WA,ANM,WE,Federal Contract Tower,0,3,15,0,18,0,0,6,0,6,0,3,21,0,24,31,0,31,55
03/03/2022,SFF,WA,ANM,WE,Federal Contract Tower,0,5,16,0,21,0,2,4,0,6,0,7,20,0,27,2,0,2,29
03/04/2022,SFF,WA,ANM,WE,Federal Contract Tower,0,3,33,0,36,0,0,49,0,49,0,3,82,0,85,144,0,144,229
03/05/2022,SFF,WA,ANM,WE,Federal Contract Tower,0,1,14,0,15,0,6,106,0,112,0,7,120,0,127,59,0,59,186
03/06/2022,SFF,WA,ANM,WE,Federal Contract Tower,0,1,9,0,10,0,2,96,0,98,0,3,105,0,108,62,0,62,170
03/07/2022,SFF,WA,ANM,WE,Federal Contract Tower,0,9,13,0,22,0,10,100,0,110,0,19,113,0,132,93,0,93,225
03/08/2022,SFF,WA,ANM,WE,Federal Contract Tower,0,5,12,0,17,0,5,84,0,89,0,10,96,0,106,94,0,94,200
03/09/2022,SFF,WA,ANM,WE,Federal Contract Tower,0,2,19,0,21,0,8,96,0,104,0,10,115,0,125,74,0,74,199
03/10/2022,SFF,WA,ANM,WE,Federal Contract Tower,0,2,16,0,18,0,12,96,0,108,0,14,112,0,126,190,0,190,316
03/11/2022,SFF,WA,ANM,WE,Federal Contract Tower,0,5,13,0,18,0,14,82,0,96,0,19,95,0,114,218,0,218,332
03/12/2022,SFF,WA,ANM,WE,Federal Contract Tower,0,0,11,0,11,0,11,123,0,134,0,11,134,0,145,138,0,138,283
03/13/2022,SFF,WA,ANM,WE,Federal Contract Tower,0,2,12,0,14,0,2,8,0,10,0,4,20,0,24,32,0,32,56
03/14/2022,SFF,WA,ANM,WE,Federal Contract Tower,0,5,18,0,23,0,11,38,0,49,0,16,56,0,72,57,0,57,129
03/15/2022,SFF,WA,ANM,WE,Federal Contract Tower,0,4,17,2,23,0,7,7,0,14,0,11,24,2,37,4,0,4,41
03/16/2022,SFF,WA,ANM,WE,Federal Contract Tower,0,3,44,0,47,0,5,83,0,88,0,8,127,0,135,74,0,74,209
03/17/2022,SFF,WA,ANM,WE,Federal Contract Tower,0,4,28,0,32,0,8,112,0,120,0,12,140,0,152,216,0,216,368
03/18/2022,SFF,WA,ANM,WE,Federal Contract Tower,0,1,16,0,17,0,10,62,0,72,0,11,78,0,89,166,0,166,255
03/19/2022,SFF,WA,ANM,WE,Federal Contract Tower,0,1,6,0,7,0,13,59,0,72,0,14,65,0,79,120,0,120,199
03/20/2022,SFF,WA,ANM,WE,Federal Contract Tower,0,2,15,0,17,0,6,94,0,100,0,8,109,0,117,114,0,114,231
03/21/2022,SFF,WA,ANM,WE,Federal Contract Tower,0,4,10,0,14,0,2,1,0,3,0,6,11,0,17,8,0,8,25
03/22/2022,SFF,WA,ANM,WE,Federal Contract Tower,0,2,22,0,24,0,6,20,0,26,0,8,42,0,50,136,0,136,186
03/23/2022,SFF,WA,ANM,WE,Federal Contract Tower,0,3,30,0,33,0,6,92,0,98,0,9,122,0,131,116,0,116,247
03/24/2022,SFF,WA,ANM,WE,Federal Contract Tower,0,2,18,0,20,0,5,99,0,104,0,7,117,0,124,115,0,115,239
03/25/2022,SFF,WA,ANM,WE,Federal Contract Tower,0,1,37,0,38,0,13,146,0,159,0,14,183,0,197,146,0,146,343
03/26/2022,SFF,WA,ANM,WE,Federal Contract Tower,0,0,12,0,12,0,11,102,0,113,0,11,114,0,125,140,0,140,265
03/27/2022,SFF,WA,ANM,WE,Federal Contract Tower,0,2,13,0,15,0,14,81,0,95,0,16,94,0,110,92,0,92,202
03/28/2022,SFF,WA,ANM,WE,Federal Contract Tower,0,0,29,0,29,0,9,98,0,107,0,9,127,0,136,130,0,130,266
03/29/2022,SFF,WA,ANM,WE,Federal Contract Tower,0,2,20,0,22,0,10,104,0,114,0,12,124,0,136,142,0,142,278
03/30/2022,SFF,WA,ANM,WE,Federal Contract Tower,0,1,29,0,30,0,4,41,0,45,0,5,70,0,75,42,0,42,117
03/31/2022,SFF,WA,ANM,WE,Federal Contract Tower,0,3,28,0,31,0,10,112,0,122,0,13,140,0,153,63,0,63,216
04/01/2022,SFF,WA,ANM,WE,Federal Contract Tower,0,1,29,0,30,0,9,102,0,111,0,10,131,0,141,72,0,72,213
04/02/2022,SFF,WA,ANM,WE,Federal Contract Tower,0,0,10,0,10,0,9,41,0,50,0,9,51,0,60,50,0,50,110
04/03/2022,SFF,WA,ANM,WE,Federal Contract Tower,0,1,14,0,15,0,0,64,0,64,0,1,78,0,79,16,0,16,95
04/04/2022,SFF,WA,ANM,WE,Federal Contract Tower,0,1,9,0,10,0,2,1,0,3,0,3,10,0,13,0,0,0,13
04/05/2022,SFF,WA,ANM,WE,Federal Contract Tower,0,0,11,0,11,0,12,34,0,46,0,12,45,0,57,61,0,61,118
04/06/2022,SFF,WA,ANM,WE,Federal Contract Tower,0,2,25,0,27,0,10,88,0,98,0,12,113,0,125,116,0,116,241
04/07/2022,SFF,WA,ANM,WE,Federal Contract Tower,0,2,23,0,25,0,14,116,0,130,0,16,139,0,155,120,0,120,275
04/08/2022,SFF,WA,ANM,WE,Federal Contract Tower,0,1,14,0,15,0,4,111,0,115,0,5,125,0,130,80,0,80,210
04/09/2022,SFF,WA,ANM,WE,Federal Contract Tower,0,0,10,0,10,0,4,38,0,42,0,4,48,0,52,44,0,44,96
04/10/2022,SFF,WA,ANM,WE,Federal Contract Tower,0,0,8,0,8,0,8,38,0,46,0,8,46,0,54,156,0,156,210
04/11/2022,SFF,WA,ANM,WE,Federal Contract Tower,0,2,24,0,26,0,0,11,0,11,0,2,35,0,37,30,0,30,67
04/12/2022,SFF,WA,ANM,WE,Federal Contract Tower,0,2,28,0,30,0,6,41,0,47,0,8,69,0,77,78,0,78,155
04/13/2022,SFF,WA,ANM,WE,Federal Contract Tower,0,2,13,1,16,0,4,85,0,89,0,6,98,1,105,106,0,106,211
04/14/2022,SFF,WA,ANM,WE,Federal Contract Tower,0,4,26,0,30,0,3,42,0,45,0,7,68,0,75,92,0,92,167
04/15/2022,SFF,WA,ANM,WE,Federal Contract Tower,0,5,25,2,32,0,7,66,0,73,0,12,91,2,105,142,0,142,247
04/16/2022,SFF,WA,ANM,WE,Federal Contract Tower,0,3,4,0,7,0,8,71,0,79,0,11,75,0,86,60,0,60,146
04/17/2022,SFF,WA,ANM,WE,Federal Contract Tower,0,0,7,0,7,0,8,49,0,57,0,8,56,0,64,36,0,36,100
04/18/2022,SFF,WA,ANM,WE,Federal Contract Tower,0,5,21,0,26,0,10,64,0,74,0,15,85,0,100,96,0,96,196
04/19/2022,SFF,WA,ANM,WE,Federal Contract Tower,0,3,14,0,17,0,10,48,0,58,0,13,62,0,75,77,0,77,152
04/20/2022,SFF,WA,ANM,WE,Federal Contract Tower,0,8,28,0,36,0,9,81,0,90,0,17,109,0,126,72,0,72,198
04/21/2022,SFF,WA,ANM,WE,Federal Contract Tower,0,8,32,0,40,0,8,44,0,52,0,16,76,0,92,165,0,165,257
04/22/2022,SFF,WA,ANM,WE,Federal Contract Tower,0,1,20,0,21,0,10,132,0,142,0,11,152,0,163,182,0,182,345
04/23/2022,SFF,WA,ANM,WE,Federal Contract Tower,0,1,14,0,15,0,5,137,0,142,0,6,151,0,157,108,0,108,265
04/24/2022,SFF,WA,ANM,WE,Federal Contract Tower,0,1,13,0,14,0,5,154,0,159,0,6,167,0,173,66,0,66,239
04/25/2022,SFF,WA,ANM,WE,Federal Contract Tower,0,4,21,0,25,0,10,108,0,118,0,14,129,0,143,160,0,160,303
04/26/2022,SFF,WA,ANM,WE,Federal Contract Tower,0,5,9,0,14,0,2,25,0,27,0,7,34,0,41,105,0,105,146
04/27/2022,SFF,WA,ANM,WE,Federal Contract Tower,0,4,21,0,25,0,7,92,0,99,0,11,113,0,124,146,0,146,270
04/28/2022,SFF,WA,ANM,WE,Federal Contract Tower,0,4,30,0,34,0,6,105,0,111,0,10,135,0,145,213,0,213,358
04/29/2022,SFF,WA,ANM,WE,Federal Contract Tower,0,3,34,0,37,0,10,81,0,91,0,13,115,0,128,206,0,206,334
04/30/2022,SFF,WA,ANM,WE,Federal Contract Tower,0,3,15,0,18,0,2,19,0,21,0,5,34,0,39,90,0,90,129
05/01/2022,SFF,WA,ANM,WE,Federal Contract Tower,0,4,20,0,24,0,10,122,0,132,0,14,142,0,156,174,0,174,330
05/02/2022,SFF,WA,ANM,WE,Federal Contract Tower,0,2,24,0,26,0,2,45,0,47,0,4,69,0,73,155,0,155,228
05/03/2022,SFF,WA,ANM,WE,Federal Contract Tower,0,6,43,0,49,0,7,65,0,72,0,13,108,0,121,126,0,126,247
05/04/2022,SFF,WA,ANM,WE,Federal Contract Tower,0,1,30,0,31,0,16,135,0,151,0,17,165,0,182,126,0,126,308
05/05/2022,SFF,WA,ANM,WE,Federal Contract Tower,0,6,14,0,20,0,0,20,0,20,0,6,34,0,40,64,0,64,104
05/06/2022,SFF,WA,ANM,WE,Federal Contract Tower,0,2,21,0,23,0,4,48,0,52,0,6,69,0,75,132,0,132,207
05/07/2022,SFF,WA,ANM,WE,Federal Contract Tower,0,2,13,0,15,0,7,11,0,18,0,9,24,0,33,12,0,12,45
05/08/2022,SFF,WA,ANM,WE,Federal Contract Tower,0,3,5,0,8,0,8,22,0,30,0,11,27,0,38,52,0,52,90
05/09/2022,SFF,WA,ANM,WE,Federal Contract Tower,0,3,21,0,24,0,5,77,0,82,0,8,98,0,106,188,0,188,294
05/10/2022,SFF,WA,ANM,WE,Federal Contract Tower,0,3,31,2,36,0,11,112,0,123,0,14,143,2,159,166,0,166,325
05/11/2022,SFF,WA,ANM,WE,Federal Contract Tower,0,5,29,0,34,0,7,144,0,151,0,12,173,0,185,214,0,214,399
05/12/2022,SFF,WA,ANM,WE,Federal Contract Tower,0,5,29,0,34,0,9,92,0,101,0,14,121,0,135,168,0,168,303
05/13/2022,SFF,WA,ANM,WE,Federal Contract Tower,0,2,12,0,14,0,9,73,2,84,0,11,85,2,98,122,0,122,220
05/14/2022,SFF,WA,ANM,WE,Federal Contract Tower,0,5,9,0,14,0,5,30,0,35,0,10,39,0,49,22,0,22,71
05/15/2022,SFF,WA,ANM,WE,Federal Contract Tower,0,7,24,0,31,0,8,120,0,128,0,15,144,0,159,20,0,20,179
05/16/2022,SFF,WA,ANM,WE,Federal Contract Tower,0,3,26,0,29,0,10,78,0,88,0,13,104,0,117,94,0,94,211
05/17/2022,SFF,WA,ANM,WE,Federal Contract Tower,0,2,25,2,29,0,22,94,0,116,0,24,119,2,145,238,0,238,383
05/18/2022,SFF,WA,ANM,WE,Federal Contract Tower,0,6,13,0,19,0,5,23,0,28,0,11,36,0,47,56,0,56,103
05/19/2022,SFF,WA,ANM,WE,Federal Contract Tower,0,4,20,0,24,0,12,78,0,90,0,16,98,0,114,177,0,177,291
05/20/2022,SFF,WA,ANM,WE,Federal Contract Tower,0,1,25,0,26,0,5,93,0,98,0,6,118,0,124,138,0,138,262
05/21/2022,SFF,WA,ANM,WE,Federal Contract Tower,0,3,2,0,5,0,9,68,0,77,0,12,70,0,82,77,0,77,159
05/22/2022,SFF,WA,ANM,WE,Federal Contract Tower,0,0,10,0,10,0,2,94,0,96,0,2,104,0,106,89,6,95,201
05/23/2022,SFF,WA,ANM,WE,Federal Contract Tower,0,2,22,0,24,0,3,102,0,105,0,5,124,0,129,215,0,215,344
05/24/2022,SFF,WA,ANM,WE,Federal Contract Tower,0,1,16,0,17,0,15,101,0,116,0,16,117,0,133,176,0,176,309
05/25/2022,SFF,WA,ANM,WE,Federal Contract Tower,0,4,17,0,21,0,5,93,0,98,0,9,110,0,119,249,0,249,368
05/26/2022,SFF,WA,ANM,WE,Federal Contract Tower,0,9,22,0,31,0,17,138,0,155,0,26,160,0,186,217,0,217,403
05/27/2022,SFF,WA,ANM,WE,Federal Contract Tower,0,5,5,0,10,0,21,38,0,59,0,26,43,0,69,94,0,94,163
05/28/2022,SFF,WA,ANM,WE,Federal Contract Tower,0,2,10,0,12,0,3,72,0,75,0,5,82,0,87,30,0,30,117
05/29/2022,SFF,WA,ANM,WE,Federal Contract Tower,0,4,7,0,11,0,3,25,0,28,0,7,32,0,39,10,0,10,49
05/30/2022,SFF,WA,ANM,WE,Federal Contract Tower,0,2,11,0,13,0,4,24,0,28,0,6,35,0,41,58,0,58,99
05/31/2022,SFF,WA,ANM,WE,Federal Contract Tower,0,1,19,0,20,0,10,118,0,128,0,11,137,0,148,258,0,258,406
06/01/2022,SFF,WA,ANM,WE,Federal Contract Tower,0,3,19,0,22,0,14,133,0,147,0,17,152,0,169,186,0,186,355
06/02/2022,SFF,WA,ANM,WE,Federal Contract Tower,0,3,13,0,16,0,7,121,0,128,0,10,134,0,144,200,0,200,344
06/03/2022,SFF,WA,ANM,WE,Federal Contract Tower,0,4,5,0,9,0,5,44,0,49,0,9,49,0,58,249,0,249,307
06/04/2022,SFF,WA,ANM,WE,Federal Contract Tower,0,6,17,0,23,0,0,0,0,0,0,6,17,0,23,34,0,34,57
06/05/2022,SFF,WA,ANM,WE,Federal Contract Tower,0,1,1,0,2,0,0,6,0,6,0,1,7,0,8,48,0,48,56
06/06/2022,SFF,WA,ANM,WE,Federal Contract Tower,0,3,13,0,16,0,10,74,0,84,0,13,87,0,100,334,0,334,434
06/07/2022,SFF,WA,ANM,WE,Federal Contract Tower,0,3,24,0,27,0,10,172,0,182,0,13,196,0,209,372,0,372,581
06/08/2022,SFF,WA,ANM,WE,Federal Contract Tower,0,5,22,0,27,0,9,85,0,94,0,14,107,0,121,290,0,290,411
06/09/2022,SFF,WA,ANM,WE,Federal Contract Tower,0,5,25,0,30,0,10,139,0,149,0,15,164,0,179,382,0,382,561
06/10/2022,SFF,WA,ANM,WE,Federal Contract Tower,0,4,30,0,34,0,5,38,0,43,0,9,68,0,77,177,0,177,254
06/11/2022,SFF,WA,ANM,WE,Federal Contract Tower,0,4,13,0,17,0,2,64,0,66,0,6,77,0,83,91,0,91,174
06/12/2022,SFF,WA,ANM,WE,Federal Contract Tower,0,1,14,2,17,0,15,71,0,86,0,16,85,2,103,156,0,156,259
06/13/2022,SFF,WA,ANM,WE,Federal Contract Tower,0,7,11,0,18,0,0,0,0,0,0,7,11,0,18,10,0,10,28
06/14/2022,SFF,WA,ANM,WE,Federal Contract Tower,0,0,19,0,19,0,11,32,0,43,0,11,51,0,62,94,0,94,156
06/15/2022,SFF,WA,ANM,WE,Federal Contract Tower,0,1,20,0,21,0,10,122,0,132,0,11,142,0,153,276,0,276,429
06/16/2022,SFF,WA,ANM,WE,Federal Contract Tower,0,1,22,0,23,0,9,117,0,126,0,10,139,0,149,241,0,241,390
06/17/2022,SFF,WA,ANM,WE,Federal Contract Tower,0,1,20,0,21,0,12,83,0,95,0,13,103,0,116,164,0,164,280
06/18/2022,SFF,WA,ANM,WE,Federal Contract Tower,0,3,28,0,31,0,7,63,0,70,0,10,91,0,101,55,0,55,156
06/19/2022,SFF,WA,ANM,WE,Federal Contract Tower,0,5,10,0,15,0,0,73,0,73,0,5,83,0,88,42,0,42,130
06/20/2022,SFF,WA,ANM,WE,Federal Contract Tower,0,5,33,0,38,0,5,72,0,77,0,10,105,0,115,135,0,135,250
06/21/2022,SFF,WA,ANM,WE,Federal Contract Tower,0,3,20,0,23,0,18,120,0,138,0,21,140,0,161,194,0,194,355
06/22/2022,SFF,WA,ANM,WE,Federal Contract Tower,0,3,11,0,14,0,9,86,0,95,0,12,97,0,109,150,0,150,259
06/23/2022,SFF,WA,ANM,WE,Federal Contract Tower,0,4,11,0,15,0,9,121,0,130,0,13,132,0,145,138,0,138,283
06/24/2022,SFF,WA,ANM,WE,Federal Contract Tower,0,3,19,0,22,0,11,125,0,136,0,14,144,0,158,128,0,128,286
06/25/2022,SFF,WA,ANM,WE,Federal Contract Tower,0,2,8,0,10,0,18,200,0,218,0,20,208,0,228,44,0,44,272
06/26/2022,SFF,WA,ANM,WE,Federal Contract Tower,0,2,12,0,14,0,18,96,0,114,0,20,108,0,128,66,0,66,194
06/27/2022,SFF,WA,ANM,WE,Federal Contract Tower,0,3,10,0,13,0,24,100,0,124,0,27,110,0,137,136,0,136,273
06/28/2022,SFF,WA,ANM,WE,Federal Contract Tower,0,3,16,0,19,0,19,76,0,95,0,22,92,0,114,138,0,138,252
06/29/2022,SFF,WA,ANM,WE,Federal Contract Tower,0,4,27,0,31,0,13,86,0,99,0,17,113,0,130,188,0,188,318
06/30/2022,SFF,WA,ANM,WE,Federal Contract Tower,0,4,22,0,26,0,18,125,0,143,0,22,147,0,169,229,0,229,398
07/01/2022,SFF,WA,ANM,WE,Federal Contract Tower,0,3,11,0,14,0,11,129,0,140,0,14,140,0,154,173,0,173,327
07/02/2022,SFF,WA,ANM,WE,Federal Contract Tower,0,0,8,0,8,0,18,106,0,124,0,18,114,0,132,24,0,24,156
07/03/2022,SFF,WA,ANM,WE,Federal Contract Tower,0,1,1,0,2,0,2,35,0,37,0,3,36,0,39,40,0,40,79
07/04/2022,SFF,WA,ANM,WE,Federal Contract Tower,0,2,5,0,7,0,6,21,0,27,0,8,26,0,34,14,0,14,48
07/05/2022,SFF,WA,ANM,WE,Federal Contract Tower,0,3,10,0,13,0,18,85,0,103,0,21,95,0,116,121,0,121,237
07/06/2022,SFF,WA,ANM,WE,Federal Contract Tower,0,5,11,0,16,0,10,83,0,93,0,15,94,0,109,203,0,203,312
07/07/2022,SFF,WA,ANM,WE,Federal Contract Tower,0,3,13,0,16,0,10,107,0,117,0,13,120,0,133,160,0,160,293
07/08/2022,SFF,WA,ANM,WE,Federal Contract Tower,0,2,11,0,13,0,16,98,0,114,0,18,109,0,127,250,0,250,377
07/09/2022,SFF,WA,ANM,WE,Federal Contract Tower,0,2,10,0,12,0,16,96,0,112,0,18,106,0,124,24,0,24,148
07/10/2022,SFF,WA,ANM,WE,Federal Contract Tower,0,0,3,0,3,0,9,50,0,59,0,9,53,0,62,45,0,45,107
07/11/2022,SFF,WA,ANM,WE,Federal Contract Tower,0,2,15,0,17,0,10,110,0,120,0,12,125,0,137,136,0,136,273
07/12/2022,SFF,WA,ANM,WE,Federal Contract Tower,0,3,18,0,21,0,11,125,0,136,0,14,143,0,157,143,0,143,300
07/13/2022,SFF,WA,ANM,WE,Federal Contract Tower,0,4,15,0,19,0,12,92,0,104,0,16,107,0,123,151,0,151,274
07/14/2022,SFF,WA,ANM,WE,Federal Contract Tower,0,4,20,0,24,0,10,91,0,101,0,14,111,0,125,222,0,222,347
07/15/2022,SFF,WA,ANM,WE,Federal Contract Tower,0,4,5,0,9,0,16,108,0,124,0,20,113,0,133,88,0,88,221
07/16/2022,SFF,WA,ANM,WE,Federal Contract Tower,0,1,13,0,14,0,5,117,0,122,0,6,130,0,136,49,0,49,185
07/17/2022,SFF,WA,ANM,WE,Federal Contract Tower,0,0,7,0,7,0,8,92,0,100,0,8,99,0,107,36,0,36,143
07/18/2022,SFF,WA,ANM,WE,Federal Contract Tower,0,2,11,0,13,0,6,69,0,75,0,8,80,0,88,117,0,117,205
07/19/2022,SFF,WA,ANM,WE,Federal Contract Tower,0,2,9,0,11,0,8,92,0,100,0,10,101,0,111,174,0,174,285
07/20/2022,SFF,WA,ANM,WE,Federal Contract Tower,0,3,11,0,14,0,3,100,0,103,0,6,111,0,117,159,0,159,276
07/21/2022,SFF,WA,ANM,WE,Federal Contract Tower,0,3,8,1,12,0,9,114,0,123,0,12,122,1,135,126,0,126,261
07/22/2022,SFF,WA,ANM,WE,Federal Contract Tower,0,1,16,0,17,0,10,96,0,106,0,11,112,0,123,126,0,126,249
07/23/2022,SFF,WA,ANM,WE,Federal Contract Tower,0,2,8,0,10,0,14,98,0,112,0,16,106,0,122,74,0,74,196
07/24/2022,SFF,WA,ANM,WE,Federal Contract Tower,0,1,4,0,5,0,4,68,0,72,0,5,72,0,77,92,0,92,169
07/25/2022,SFF,WA,ANM,WE,Federal Contract Tower,0,2,19,0,21,0,10,130,0,140,0,12,149,0,161,154,0,154,315
07/26/2022,SFF,WA,ANM,WE,Federal Contract Tower,0,2,11,0,13,0,19,76,0,95,0,21,87,0,108,138,0,138,246
07/27/2022,SFF,WA,ANM,WE,Federal Contract Tower,0,1,7,0,8,0,13,72,0,85,0,14,79,0,93,82,0,82,175
07/28/2022,SFF,WA,ANM,WE,Federal Contract Tower,0,1,24,0,25,0,14,93,0,107,0,15,117,0,132,102,0,102,234
07/29/2022,SFF,WA,ANM,WE,Federal Contract Tower,0,0,9,0,9,0,18,92,0,110,0,18,101,0,119,86,0,86,205
07/30/2022,SFF,WA,ANM,WE,Federal Contract Tower,0,0,10,0,10,0,14,103,0,117,0,14,113,0,127,32,0,32,159
07/31/2022,SFF,WA,ANM,WE,Federal Contract Tower,0,0,4,0,4,0,10,40,0,50,0,10,44,0,54,21,0,21,75
08/01/2022,SFF,WA,ANM,WE,Federal Contract Tower,0,5,22,0,27,0,10,79,0,89,0,15,101,0,116,108,0,108,224
08/02/2022,SFF,WA,ANM,WE,Federal Contract Tower,0,5,12,0,17,0,7,107,0,114,0,12,119,0,131,54,0,54,185
08/03/2022,SFF,WA,ANM,WE,Federal Contract Tower,0,5,6,0,11,0,13,83,0,96,0,18,89,0,107,100,0,100,207
08/04/2022,SFF,WA,ANM,WE,Federal Contract Tower,0,3,9,0,12,0,9,61,0,70,0,12,70,0,82,130,0,130,212
08/05/2022,SFF,WA,ANM,WE,Federal Contract Tower,0,2,14,0,16,0,14,140,0,154,0,16,154,0,170,202,0,202,372
08/06/2022,SFF,WA,ANM,WE,Federal Contract Tower,0,1,7,0,8,0,7,115,0,122,0,8,122,0,130,114,0,114,244
08/07/2022,SFF,WA,ANM,WE,Federal Contract Tower,0,0,4,0,4,0,17,61,0,78,0,17,65,0,82,28,0,28,110
08/08/2022,SFF,WA,ANM,WE,Federal Contract Tower,0,3,14,0,17,0,8,95,0,103,0,11,109,0,120,146,0,146,266
08/09/2022,SFF,WA,ANM,WE,Federal Contract Tower,0,4,22,0,26,0,10,115,0,125,0,14,137,0,151,199,0,199,350
08/10/2022,SFF,WA,ANM,WE,Federal Contract Tower,0,2,14,0,16,0,18,105,0,123,0,20,119,0,139,153,0,153,292
08/11/2022,SFF,WA,ANM,WE,Federal Contract Tower,0,1,26,0,27,0,6,116,0,122,0,7,142,0,149,78,0,78,227
08/12/2022,SFF,WA,ANM,WE,Federal Contract Tower,0,0,13,0,13,0,5,95,0,100,0,5,108,0,113,138,0,138,251
08/13/2022,SFF,WA,ANM,WE,Federal Contract Tower,0,2,8,0,10,0,7,81,0,88,0,9,89,0,98,62,0,62,160
08/14/2022,SFF,WA,ANM,WE,Federal Contract Tower,0,1,15,0,16,0,11,84,0,95,0,12,99,0,111,86,0,86,197
08/15/2022,SFF,WA,ANM,WE,Federal Contract Tower,0,0,14,0,14,0,5,117,0,122,0,5,131,0,136,261,0,261,397
08/16/2022,SFF,WA,ANM,WE,Federal Contract Tower,0,1,15,0,16,0,4,91,0,95,0,5,106,0,111,159,0,159,270
08/17/2022,SFF,WA,ANM,WE,Federal Contract Tower,0,1,18,0,19,0,4,115,0,119,0,5,133,0,138,108,0,108,246
08/18/2022,SFF,WA,ANM,WE,Federal Contract Tower,0,4,16,0,20,0,12,124,0,136,0,16,140,0,156,182,0,182,338
08/19/2022,SFF,WA,ANM,WE,Federal Contract Tower,0,2,14,0,16,0,12,106,0,118,0,14,120,0,134,148,0,148,282
08/20/2022,SFF,WA,ANM,WE,Federal Contract Tower,0,0,9,0,9,0,10,102,0,112,0,10,111,0,121,54,0,54,175
08/21/2022,SFF,WA,ANM,WE,Federal Contract Tower,0,4,10,0,14,0,7,89,0,96,0,11,99,0,110,23,0,23,133
08/22/2022,SFF,WA,ANM,WE,Federal Contract Tower,0,3,25,0,28,0,11,90,0,101,0,14,115,0,129,157,0,157,286
08/23/2022,SFF,WA,ANM,WE,Federal Contract Tower,0,0,11,0,11,0,12,97,0,109,0,12,108,0,120,256,0,256,376
08/24/2022,SFF,WA,ANM,WE,Federal Contract Tower,0,0,5,0,5,0,9,120,0,129,0,9,125,0,134,169,0,169,303
08/25/2022,SFF,WA,ANM,WE,Federal Contract Tower,0,6,16,0,22,0,6,98,0,104,0,12,114,0,126,158,0,158,284
08/26/2022,SFF,WA,ANM,WE,Federal Contract Tower,0,3,17,0,20,0,16,143,0,159,0,19,160,0,179,217,0,217,396
08/27/2022,SFF,WA,ANM,WE,Federal Contract Tower,0,1,11,0,12,0,12,85,0,97,0,13,96,0,109,36,0,36,145
08/28/2022,SFF,WA,ANM,WE,Federal Contract Tower,0,1,14,0,15,0,5,114,0,119,0,6,128,0,134,38,0,38,172
08/29/2022,SFF,WA,ANM,WE,Federal Contract Tower,0,4,19,0,23,0,4,117,0,121,0,8,136,0,144,83,0,83,227
08/30/2022,SFF,WA,ANM,WE,Federal Contract Tower,0,0,10,0,10,0,6,106,0,112,0,6,116,0,122,146,0,146,268
08/31/2022,SFF,WA,ANM,WE,Federal Contract Tower,0,2,14,0,16,0,3,102,0,105,0,5,116,0,121,126,0,126,247
09/01/2022,SFF,WA,ANM,WE,Federal Contract Tower,0,2,11,0,13,0,5,129,0,134,0,7,140,0,147,216,0,216,363
09/02/2022,SFF,WA,ANM,WE,Federal Contract Tower,0,2,21,0,23,0,11,104,0,115,0,13,125,0,138,130,0,130,268
09/03/2022,SFF,WA,ANM,WE,Federal Contract Tower,0,2,12,0,14,0,8,41,0,49,0,10,53,0,63,24,0,24,87
09/04/2022,SFF,WA,ANM,WE,Federal Contract Tower,0,0,4,0,4,0,20,86,0,106,0,20,90,0,110,38,0,38,148
09/05/2022,SFF,WA,ANM,WE,Federal Contract Tower,0,0,12,0,12,0,7,98,0,105,0,7,110,0,117,86,0,86,203
09/06/2022,SFF,WA,ANM,WE,Federal Contract Tower,0,4,15,0,19,0,12,143,0,155,0,16,158,0,174,139,0,139,313
09/07/2022,SFF,WA,ANM,WE,Federal Contract Tower,0,3,17,0,20,0,6,104,0,110,0,9,121,0,130,101,0,101,231
09/08/2022,SFF,WA,ANM,WE,Federal Contract Tower,0,4,24,0,28,0,8,174,0,182,0,12,198,0,210,52,0,52,262
09/09/2022,SFF,WA,ANM,WE,Federal Contract Tower,0,2,18,0,20,0,10,216,0,226,0,12,234,0,246,42,0,42,288
09/10/2022,SFF,WA,ANM,WE,Federal Contract Tower,0,1,26,0,27,0,6,191,0,197,0,7,217,0,224,56,0,56,280
09/11/2022,SFF,WA,ANM,WE,Federal Contract Tower,0,4,28,0,32,0,9,77,0,86,0,13,105,0,118,24,0,24,142
09/12/2022,SFF,WA,ANM,WE,Federal Contract Tower,0,2,39,0,41,0,1,6,0,7,0,3,45,0,48,96,0,96,144
09/13/2022,SFF,WA,ANM,WE,Federal Contract Tower,0,10,37,0,47,0,1,17,0,18,0,11,54,0,65,118,0,118,183
09/14/2022,SFF,WA,ANM,WE,Federal Contract Tower,0,8,30,0,38,0,11,65,0,76,0,19,95,0,114,244,0,244,358
09/15/2022,SFF,WA,ANM,WE,Federal Contract Tower,0,7,33,0,40,0,5,78,2,85,0,12,111,2,125,264,0,264,389
09/16/2022,SFF,WA,ANM,WE,Federal Contract Tower,0,3,17,0,20,0,9,125,0,134,0,12,142,0,154,106,0,106,260
09/17/2022,SFF,WA,ANM,WE,Federal Contract Tower,0,0,9,0,9,0,6,126,0,132,0,6,135,0,141,64,0,64,205
09/18/2022,SFF,WA,ANM,WE,Federal Contract Tower,0,1,7,0,8,0,13,79,0,92,0,14,86,0,100,42,0,42,142
09/19/2022,SFF,WA,ANM,WE,Federal Contract Tower,0,2,17,0,19,0,5,108,0,113,0,7,125,0,132,98,0,98,230
09/20/2022,SFF,WA,ANM,WE,Federal Contract Tower,0,3,14,0,17,0,12,85,0,97,0,15,99,0,114,63,0,63,177
09/21/2022,SFF,WA,ANM,WE,Federal Contract Tower,0,3,17,0,20,0,13,76,0,89,0,16,93,0,109,100,0,100,209
09/22/2022,SFF,WA,ANM,WE,Federal Contract Tower,0,6,26,0,32,0,6,78,0,84,0,12,104,0,116,162,0,162,278
09/23/2022,SFF,WA,ANM,WE,Federal Contract Tower,0,0,20,0,20,0,12,124,0,136,0,12,144,0,156,194,0,194,350
09/24/2022,SFF,WA,ANM,WE,Federal Contract Tower,0,4,6,0,10,0,9,162,0,171,0,13,168,0,181,108,0,108,289
09/25/2022,SFF,WA,ANM,WE,Federal Contract Tower,0,0,9,0,9,0,8,121,0,129,0,8,130,0,138,90,0,90,228
09/26/2022,SFF,WA,ANM,WE,Federal Contract Tower,0,1,16,1,18,0,8,108,1,117,0,9,124,2,135,138,0,138,273
09/27/2022,SFF,WA,ANM,WE,Federal Contract Tower,0,3,15,0,18,0,9,103,0,112,0,12,118,0,130,168,0,168,298
09/28/2022,SFF,WA,ANM,WE,Federal Contract Tower,0,1,18,0,19,0,7,128,0,135,0,8,146,0,154,93,0,93,247
09/29/2022,SFF,WA,ANM,WE,Federal Contract Tower,0,8,44,0,52,0,1,11,0,12,0,9,55,0,64,22,0,22,86
09/30/2022,SFF,WA,ANM,WE,Federal Contract Tower,0,3,20,0,23,0,7,84,0,91,0,10,104,0,114,68,0,68,182
10/01/2022,SFF,WA,ANM,WE,Federal Contract Tower,0,2,8,0,10,0,11,135,0,146,0,13,143,0,156,145,0,145,301
10/02/2022,SFF,WA,ANM,WE,Federal Contract Tower,0,0,18,0,18,0,5,102,0,107,0,5,120,0,125,24,0,24,149
10/03/2022,SFF,WA,ANM,WE,Federal Contract Tower,0,3,10,1,14,0,7,113,1,121,0,10,123,2,135,79,0,79,214
10/04/2022,SFF,WA,ANM,WE,Federal Contract Tower,0,3,17,0,20,0,18,107,0,125,0,21,124,0,145,155,0,155,300
10/05/2022,SFF,WA,ANM,WE,Federal Contract Tower,0,3,11,0,14,0,10,76,0,86,0,13,87,0,100,127,0,127,227
10/06/2022,SFF,WA,ANM,WE,Federal Contract Tower,0,2,18,0,20,0,14,92,0,106,0,16,110,0,126,90,0,90,216
10/07/2022,SFF,WA,ANM,WE,Federal Contract Tower,0,2,16,0,18,0,9,113,0,122,0,11,129,0,140,72,0,72,212
10/08/2022,SFF,WA,ANM,WE,Federal Contract Tower,0,0,12,0,12,0,13,156,0,169,0,13,168,0,181,103,0,103,284
10/09/2022,SFF,WA,ANM,WE,Federal Contract Tower,0,0,10,0,10,0,6,116,0,122,0,6,126,0,132,30,0,30,162
10/10/2022,SFF,WA,ANM,WE,Federal Contract Tower,0,1,11,0,12,0,5,128,0,133,0,6,139,0,145,108,0,108,253
10/11/2022,SFF,WA,ANM,WE,Federal Contract Tower,0,3,10,0,13,0,13,94,0,107,0,16,104,0,120,97,0,97,217
10/12/2022,SFF,WA,ANM,WE,Federal Contract Tower,0,2,17,0,19,0,11,115,0,126,0,13,132,0,145,113,0,113,258
10/13/2022,SFF,WA,ANM,WE,Federal Contract Tower,0,3,12,2,17,0,10,117,0,127,0,13,129,2,144,114,0,114,258
10/14/2022,SFF,WA,ANM,WE,Federal Contract Tower,0,0,11,0,11,0,10,101,0,111,0,10,112,0,122,76,0,76,198
10/15/2022,SFF,WA,ANM,WE,Federal Contract Tower,0,1,11,0,12,0,10,142,0,152,0,11,153,0,164,32,0,32,196
10/16/2022,SFF,WA,ANM,WE,Federal Contract Tower,0,1,16,0,17,0,15,116,0,131,0,16,132,0,148,106,0,106,254
10/17/2022,SFF,WA,ANM,WE,Federal Contract Tower,0,2,9,0,11,0,8,100,0,108,0,10,109,0,119,107,0,107,226
10/18/2022,SFF,WA,ANM,WE,Federal Contract Tower,0,4,15,2,21,0,6,131,0,137,0,10,146,2,158,146,0,146,304
10/19/2022,SFF,WA,ANM,WE,Federal Contract Tower,0,9,18,0,27,0,10,88,0,98,0,19,106,0,125,250,0,250,375
10/20/2022,SFF,WA,ANM,WE,Federal Contract Tower,0,5,35,0,40,0,12,98,0,110,0,17,133,0,150,186,0,186,336
10/21/2022,SFF,WA,ANM,WE,Federal Contract Tower,0,4,14,0,18,0,2,28,0,30,0,6,42,0,48,42,0,42,90
10/22/2022,SFF,WA,ANM,WE,Federal Contract Tower,0,3,4,0,7,0,1,17,0,18,0,4,21,0,25,18,0,18,43
10/23/2022,SFF,WA,ANM,WE,Federal Contract Tower,0,1,8,0,9,0,12,90,0,102,0,13,98,0,111,67,0,67,178
10/24/2022,SFF,WA,ANM,WE,Federal Contract Tower,0,9,14,0,23,0,3,9,0,12,0,12,23,0,35,94,0,94,129
10/25/2022,SFF,WA,ANM,WE,Federal Contract Tower,0,6,20,0,26,0,7,56,0,63,0,13,76,0,89,145,0,145,234
10/26/2022,SFF,WA,ANM,WE,Federal Contract Tower,0,7,17,0,24,0,5,22,0,27,0,12,39,0,51,77,0,77,128
10/27/2022,SFF,WA,ANM,WE,Federal Contract Tower,0,9,16,0,25,0,5,60,0,65,0,14,76,0,90,50,0,50,140
10/28/2022,SFF,WA,ANM,WE,Federal Contract Tower,0,3,10,0,13,0,9,62,0,71,0,12,72,0,84,192,0,192,276
10/29/2022,SFF,WA,ANM,WE,Federal Contract Tower,0,1,16,0,17,0,11,99,0,110,0,12,115,0,127,76,0,76,203
10/30/2022,SFF,WA,ANM,WE,Federal Contract Tower,0,1,7,0,8,0,3,38,0,41,0,4,45,0,49,28,0,28,77
10/31/2022,SFF,WA,ANM,WE,Federal Contract Tower,0,5,19,0,24,0,2,26,0,28,0,7,45,0,52,62,0,62,114
11/01/2022,SFF,WA,ANM,WE,Federal Contract Tower,0,7,12,0,19,0,0,0,0,0,0,7,12,0,19,0,0,0,19
11/02/2022,SFF,WA,ANM,WE,Federal Contract Tower,0,6,10,0,16,0,11,38,0,49,0,17,48,0,65,102,0,102,167
11/03/2022,SFF,WA,ANM,WE,Federal Contract Tower,0,2,24,0,26,0,0,10,0,10,0,2,34,0,36,106,0,106,142
11/04/2022,SFF,WA,ANM,WE,Federal Contract Tower,0,5,5,0,10,0,0,0,0,0,0,5,5,0,10,0,0,0,10
11/05/2022,SFF,WA,ANM,WE,Federal Contract Tower,0,5,1,0,6,0,9,19,0,28,0,14,20,0,34,38,0,38,72
11/06/2022,SFF,WA,ANM,WE,Federal Contract Tower,0,3,5,0,8,0,2,28,0,30,0,5,33,0,38,36,0,36,74
11/07/2022,SFF,WA,ANM,WE,Federal Contract Tower,0,4,13,0,17,0,0,4,0,4,0,4,17,0,21,10,0,10,31
11/08/2022,SFF,WA,ANM,WE,Federal Contract Tower,0,3,7,1,11,0,8,62,0,70,0,11,69,1,81,130,0,130,211
11/09/2022,SFF,WA,ANM,WE,Federal Contract Tower,0,0,19,1,20,0,3,100,1,104,0,3,119,2,124,178,0,178,302
11/10/2022,SFF,WA,ANM,WE,Federal Contract Tower,0,5,24,0,29,0,2,82,0,84,0,7,106,0,113,124,0,124,237
11/11/2022,SFF,WA,ANM,WE,Federal Contract Tower,0,4,17,0,21,0,9,94,0,103,0,13,111,0,124,162,0,162,286
11/12/2022,SFF,WA,ANM,WE,Federal Contract Tower,0,3,10,0,13,0,5,64,0,69,0,8,74,0,82,52,0,52,134
11/13/2022,SFF,WA,ANM,WE,Federal Contract Tower,0,6,13,0,19,0,2,6,0,8,0,8,19,0,27,65,0,65,92
11/14/2022,SFF,WA,ANM,WE,Federal Contract Tower,0,5,17,0,22,0,5,60,0,65,0,10,77,0,87,106,0,106,193
11/15/2022,SFF,WA,ANM,WE,Federal Contract Tower,0,4,12,0,16,0,2,31,0,33,0,6,43,0,49,68,0,68,117
11/16/2022,SFF,WA,ANM,WE,Federal Contract Tower,0,4,12,0,16,0,1,21,0,22,0,5,33,0,38,138,0,138,176
11/17/2022,SFF,WA,ANM,WE,Federal Contract Tower,0,5,23,0,28,0,7,65,0,72,0,12,88,0,100,30,0,30,130
11/18/2022,SFF,WA,ANM,WE,Federal Contract Tower,0,1,16,0,17,0,4,86,0,90,0,5,102,0,107,148,0,148,255
11/19/2022,SFF,WA,ANM,WE,Federal Contract Tower,0,3,7,0,10,0,6,72,0,78,0,9,79,0,88,100,0,100,188
11/20/2022,SFF,WA,ANM,WE,Federal Contract Tower,0,5,4,0,9,0,8,55,0,63,0,13,59,0,72,40,0,40,112
11/21/2022,SFF,WA,ANM,WE,Federal Contract Tower,0,3,16,0,19,0,8,67,0,75,0,11,83,0,94,140,0,140,234
11/22/2022,SFF,WA,ANM,WE,Federal Contract Tower,0,9,8,0,17,0,1,14,0,15,0,10,22,0,32,140,0,140,172
11/23/2022,SFF,WA,ANM,WE,Federal Contract Tower,0,9,16,0,25,0,0,2,0,2,0,9,18,0,27,0,0,0,27
11/24/2022,SFF,WA,ANM,WE,Federal Contract Tower,0,8,6,0,14,0,0,0,0,0,0,8,6,0,14,0,0,0,14
11/25/2022,SFF,WA,ANM,WE,Federal Contract Tower,0,1,9,0,10,0,0,10,0,10,0,1,19,0,20,38,0,38,58
11/26/2022,SFF,WA,ANM,WE,Federal Contract Tower,0,2,6,0,8,0,0,0,0,0,0,2,6,0,8,0,0,0,8
11/27/2022,SFF,WA,ANM,WE,Federal Contract Tower,0,1,10,0,11,0,2,24,0,26,0,3,34,0,37,20,0,20,57
11/28/2022,SFF,WA,ANM,WE,Federal Contract Tower,0,3,9,0,12,0,13,0,0,13,0,16,9,0,25,24,0,24,49
11/29/2022,SFF,WA,ANM,WE,Federal Contract Tower,0,4,14,0,18,0,3,48,0,51,0,7,62,0,69,136,0,136,205
12/01/2022,SFF,WA,ANM,WE,Federal Contract Tower,0,3,7,0,10,0,0,0,0,0,0,3,7,0,10,32,0,32,42
12/02/2022,SFF,WA,ANM,WE,Federal Contract Tower,0,5,15,2,22,0,11,15,0,26,0,16,30,2,48,121,0,121,169
12/03/2022,SFF,WA,ANM,WE,Federal Contract Tower,0,2,9,2,13,0,2,71,0,73,0,4,80,2,86,58,0,58,144
12/04/2022,SFF,WA,ANM,WE,Federal Contract Tower,0,3,7,0,10,0,2,13,0,15,0,5,20,0,25,46,0,46,71
12/05/2022,SFF,WA,ANM,WE,Federal Contract Tower,0,9,12,0,21,0,0,1,0,1,0,9,13,0,22,38,0,38,60
12/06/2022,SFF,WA,ANM,WE,Federal Contract Tower,0,11,8,0,19,0,0,0,0,0,0,11,8,0,19,0,0,0,19
12/07/2022,SFF,WA,ANM,WE,Federal Contract Tower,0,12,7,0,19,0,0,0,0,0,0,12,7,0,19,16,0,16,35
12/08/2022,SFF,WA,ANM,WE,Federal Contract Tower,0,2,12,0,14,0,0,6,0,6,0,2,18,0,20,114,0,114,134
12/09/2022,SFF,WA,ANM,WE,Federal Contract Tower,0,8,10,0,18,0,0,10,0,10,0,8,20,0,28,2,0,2,30
12/10/2022,SFF,WA,ANM,WE,Federal Contract Tower,0,3,4,0,7,0,0,0,0,0,0,3,4,0,7,6,0,6,13
12/11/2022,SFF,WA,ANM,WE,Federal Contract Tower,0,7,3,0,10,0,2,10,0,12,0,9,13,0,22,44,0,44,66
12/12/2022,SFF,WA,ANM,WE,Federal Contract Tower,0,6,13,0,19,0,1,49,0,50,0,7,62,0,69,80,0,80,149
12/13/2022,SFF,WA,ANM,WE,Federal Contract Tower,0,10,4,0,14,0,0,2,0,2,0,10,6,0,16,32,0,32,48
12/14/2022,SFF,WA,ANM,WE,Federal Contract Tower,0,6,15,0,21,0,0,0,0,0,0,6,15,0,21,26,0,26,47
12/15/2022,SFF,WA,ANM,WE,Federal Contract Tower,0,7,14,0,21,0,0,0,0,0,0,7,14,0,21,0,0,0,21
12/16/2022,SFF,WA,ANM,WE,Federal Contract Tower,0,7,10,0,17,0,0,0,0,0,0,7,10,0,17,0,0,0,17
12/17/2022,SFF,WA,ANM,WE,Federal Contract Tower,0,6,3,0,9,0,0,0,0,0,0,6,3,0,9,8,0,8,17
12/18/2022,SFF,WA,ANM,WE,Federal Contract Tower,0,4,5,0,9,0,0,0,0,0,0,4,5,0,9,0,0,0,9
12/19/2022,SFF,WA,ANM,WE,Federal Contract Tower,0,9,23,0,32,0,1,17,0,18,0,10,40,0,50,86,0,86,136
12/20/2022,SFF,WA,ANM,WE,Federal Contract Tower,0,8,3,0,11,0,0,0,0,0,0,8,3,0,11,0,0,0,11
12/21/2022,SFF,WA,ANM,WE,Federal Contract Tower,0,6,5,0,11,0,16,49,0,65,0,22,54,0,76,98,0,98,174
12/22/2022,SFF,WA,ANM,WE,Federal Contract Tower,0,2,15,0,17,0,9,47,0,56,0,11,62,0,73,92,0,92,165
12/23/2022,SFF,WA,ANM,WE,Federal Contract Tower,0,2,2,0,4,0,0,0,0,0,0,2,2,0,4,0,0,0,4
12/24/2022,SFF,WA,ANM,WE,Federal Contract Tower,0,0,2,0,2,0,0,0,0,0,0,0,2,0,2,0,0,0,2
12/25/2022,SFF,WA,ANM,WE,Federal Contract Tower,0,0,0,0,0,0,0,0,0,0,0,0,0,0,0,0,0,0,0
12/26/2022,SFF,WA,ANM,WE,Federal Contract Tower,0,6,3,0,9,0,0,12,0,12,0,6,15,0,21,40,0,40,61
12/27/2022,SFF,WA,ANM,WE,Federal Contract Tower,0,5,5,0,10,0,6,4,0,10,0,11,9,0,20,18,0,18,38
12/28/2022,SFF,WA,ANM,WE,Federal Contract Tower,0,9,9,0,18,0,3,9,0,12,0,12,18,0,30,82,0,82,112
12/29/2022,SFF,WA,ANM,WE,Federal Contract Tower,0,9,13,0,22,0,0,46,0,46,0,9,59,0,68,104,0,104,172
12/30/2022,SFF,WA,ANM,WE,Federal Contract Tower,0,5,23,0,28,0,1,0,0,1,0,6,23,0,29,36,0,36,65
12/31/2022,SFF,WA,ANM,WE,Federal Contract Tower,0,4,5,0,9,0,0,4,0,4,0,4,9,0,13,87,0,87,100
01/01/2023,SFF,WA,ANM,WE,Federal Contract Tower,0,1,6,0,7,0,3,13,0,16,0,4,19,0,23,30,0,30,53
01/02/2023,SFF,WA,ANM,WE,Federal Contract Tower,0,4,24,0,28,0,9,62,0,71,0,13,86,0,99,113,0,113,212
01/03/2023,SFF,WA,ANM,WE,Federal Contract Tower,0,7,13,0,20,0,0,8,0,8,0,7,21,0,28,102,0,102,130
01/04/2023,SFF,WA,ANM,WE,Federal Contract Tower,0,5,9,0,14,0,6,100,0,106,0,11,109,0,120,172,0,172,292
01/05/2023,SFF,WA,ANM,WE,Federal Contract Tower,0,1,9,0,10,0,6,46,0,52,0,7,55,0,62,124,0,124,186
01/06/2023,SFF,WA,ANM,WE,Federal Contract Tower,0,6,17,0,23,0,0,71,0,71,0,6,88,0,94,204,0,204,298
01/07/2023,SFF,WA,ANM,WE,Federal Contract Tower,0,4,11,0,15,0,0,64,0,64,0,4,75,0,79,119,0,119,198
01/08/2023,SFF,WA,ANM,WE,Federal Contract Tower,0,3,4,0,7,0,0,9,0,9,0,3,13,0,16,44,0,44,60
01/09/2023,SFF,WA,ANM,WE,Federal Contract Tower,0,7,10,0,17,0,1,20,0,21,0,8,30,0,38,80,0,80,118
01/10/2023,SFF,WA,ANM,WE,Federal Contract Tower,0,7,15,0,22,0,7,34,0,41,0,14,49,0,63,18,0,18,81
01/11/2023,SFF,WA,ANM,WE,Federal Contract Tower,0,7,8,0,15,0,2,4,0,6,0,9,12,0,21,72,0,72,93
01/12/2023,SFF,WA,ANM,WE,Federal Contract Tower,0,9,6,0,15,0,0,17,0,17,0,9,23,0,32,140,0,140,172
01/13/2023,SFF,WA,ANM,WE,Federal Contract Tower,0,7,22,0,29,0,0,47,0,47,0,7,69,0,76,156,0,156,232
01/14/2023,SFF,WA,ANM,WE,Federal Contract Tower,0,2,10,0,12,0,0,57,0,57,0,2,67,0,69,116,0,116,185
01/15/2023,SFF,WA,ANM,WE,Federal Contract Tower,0,6,13,0,19,0,0,15,0,15,0,6,28,0,34,30,0,30,64
01/16/2023,SFF,WA,ANM,WE,Federal Contract Tower,0,9,17,0,26,0,5,19,0,24,0,14,36,0,50,155,0,155,205
01/17/2023,SFF,WA,ANM,WE,Federal Contract Tower,0,4,10,0,14,0,3,8,0,11,0,7,18,0,25,130,0,130,155
01/18/2023,SFF,WA,ANM,WE,Federal Contract Tower,0,3,10,0,13,0,12,46,0,58,0,15,56,0,71,146,0,146,217
01/19/2023,SFF,WA,ANM,WE,Federal Contract Tower,0,5,15,0,20,0,4,42,0,46,0,9,57,0,66,170,0,170,236
01/20/2023,SFF,WA,ANM,WE,Federal Contract Tower,0,8,15,0,23,0,0,14,0,14,0,8,29,0,37,112,0,112,149
01/21/2023,SFF,WA,ANM,WE,Federal Contract Tower,0,3,9,0,12,0,0,53,0,53,0,3,62,0,65,79,0,79,144
01/22/2023,SFF,WA,ANM,WE,Federal Contract Tower,0,2,9,0,11,0,0,5,0,5,0,2,14,0,16,3,0,3,19
01/23/2023,SFF,WA,ANM,WE,Federal Contract Tower,0,5,11,0,16,0,3,20,0,23,0,8,31,0,39,219,0,219,258
01/24/2023,SFF,WA,ANM,WE,Federal Contract Tower,0,7,16,0,23,0,0,10,0,10,0,7,26,0,33,30,0,30,63
01/25/2023,SFF,WA,ANM,WE,Federal Contract Tower,0,4,7,0,11,0,6,13,0,19,0,10,20,0,30,74,0,74,104
01/26/2023,SFF,WA,ANM,WE,Federal Contract Tower,0,4,22,0,26,0,4,23,0,27,0,8,45,0,53,112,0,112,165
01/27/2023,SFF,WA,ANM,WE,Federal Contract Tower,0,7,13,0,20,0,3,17,0,20,0,10,30,0,40,48,0,48,88
01/28/2023,SFF,WA,ANM,WE,Federal Contract Tower,0,4,10,0,14,0,7,27,0,34,0,11,37,0,48,8,0,8,56
01/29/2023,SFF,WA,ANM,WE,Federal Contract Tower,0,1,7,0,8,0,4,65,0,69,0,5,72,0,77,87,0,87,164
01/30/2023,SFF,WA,ANM,WE,Federal Contract Tower,0,4,19,0,23,0,7,70,0,77,0,11,89,0,100,136,0,136,236
01/31/2023,SFF,WA,ANM,WE,Federal Contract Tower,0,7,24,0,31,0,0,30,0,30,0,7,54,0,61,58,0,58,119
02/01/2023,SFF,WA,ANM,WE,Federal Contract Tower,0,2,13,0,15,0,6,61,0,67,0,8,74,0,82,162,0,162,244
02/02/2023,SFF,WA,ANM,WE,Federal Contract Tower,0,4,6,0,10,0,8,44,0,52,0,12,50,0,62,74,0,74,136
02/03/2023,SFF,WA,ANM,WE,Federal Contract Tower,0,0,15,0,15,0,8,52,0,60,0,8,67,0,75,193,0,193,268
02/04/2023,SFF,WA,ANM,WE,Federal Contract Tower,0,2,7,0,9,0,6,61,0,67,0,8,68,0,76,70,0,70,146
02/05/2023,SFF,WA,ANM,WE,Federal Contract Tower,0,4,10,0,14,0,0,0,0,0,0,4,10,0,14,0,0,0,14
02/06/2023,SFF,WA,ANM,WE,Federal Contract Tower,0,7,21,0,28,0,11,18,0,29,0,18,39,0,57,84,0,84,141
02/07/2023,SFF,WA,ANM,WE,Federal Contract Tower,0,6,10,0,16,0,6,18,0,24,0,12,28,0,40,118,0,118,158
02/08/2023,SFF,WA,ANM,WE,Federal Contract Tower,0,5,13,0,18,0,8,74,0,82,0,13,87,0,100,112,0,112,212
02/09/2023,SFF,WA,ANM,WE,Federal Contract Tower,0,4,16,0,20,0,6,92,0,98,0,10,108,0,118,114,0,114,232
02/10/2023,SFF,WA,ANM,WE,Federal Contract Tower,0,3,13,0,16,0,5,89,0,94,0,8,102,0,110,88,0,88,198
02/11/2023,SFF,WA,ANM,WE,Federal Contract Tower,0,4,10,0,14,0,5,94,0,99,0,9,104,0,113,80,0,80,193
02/12/2023,SFF,WA,ANM,WE,Federal Contract Tower,0,0,8,0,8,0,2,54,0,56,0,2,62,0,64,16,0,16,80
02/13/2023,SFF,WA,ANM,WE,Federal Contract Tower,0,6,12,0,18,0,1,26,0,27,0,7,38,0,45,81,0,81,126
02/14/2023,SFF,WA,ANM,WE,Federal Contract Tower,0,7,12,0,19,0,5,36,0,41,0,12,48,0,60,48,0,48,108
02/15/2023,SFF,WA,ANM,WE,Federal Contract Tower,0,3,23,0,26,0,0,1,0,1,0,3,24,0,27,106,0,106,133
02/16/2023,SFF,WA,ANM,WE,Federal Contract Tower,0,3,20,0,23,0,4,90,0,94,0,7,110,0,117,104,0,104,221
02/17/2023,SFF,WA,ANM,WE,Federal Contract Tower,0,3,17,0,20,0,8,79,0,87,0,11,96,0,107,70,0,70,177
02/18/2023,SFF,WA,ANM,WE,Federal Contract Tower,0,4,7,0,11,0,3,69,0,72,0,7,76,0,83,96,0,96,179
02/19/2023,SFF,WA,ANM,WE,Federal Contract Tower,0,5,11,0,16,0,3,12,0,15,0,8,23,0,31,74,0,74,105
02/20/2023,SFF,WA,ANM,WE,Federal Contract Tower,0,4,14,0,18,0,13,23,0,36,0,17,37,0,54,34,0,34,88
02/21/2023,SFF,WA,ANM,WE,Federal Contract Tower,0,10,11,0,21,0,0,10,0,10,0,10,21,0,31,38,0,38,69
02/22/2023,SFF,WA,ANM,WE,Federal Contract Tower,0,5,9,0,14,0,6,15,0,21,0,11,24,0,35,76,0,76,111
02/23/2023,SFF,WA,ANM,WE,Federal Contract Tower,0,5,12,1,18,0,8,33,1,42,0,13,45,2,60,52,0,52,112
02/24/2023,SFF,WA,ANM,WE,Federal Contract Tower,0,2,14,0,16,0,6,85,0,91,0,8,99,0,107,94,0,94,201
02/25/2023,SFF,WA,ANM,WE,Federal Contract Tower,0,1,9,0,10,0,11,78,0,89,0,12,87,0,99,68,0,68,167
02/26/2023,SFF,WA,ANM,WE,Federal Contract Tower,0,4,4,0,8,0,1,0,0,1,0,5,4,0,9,26,0,26,35
02/27/2023,SFF,WA,ANM,WE,Federal Contract Tower,0,7,14,0,21,0,5,91,0,96,0,12,105,0,117,125,0,125,242
02/28/2023,SFF,WA,ANM,WE,Federal Contract Tower,0,6,4,0,10,0,7,13,0,20,0,13,17,0,30,88,0,88,118
03/01/2023,SFF,WA,ANM,WE,Federal Contract Tower,0,5,16,0,21,0,4,26,0,30,0,9,42,0,51,70,0,70,121
03/02/2023,SFF,WA,ANM,WE,Federal Contract Tower,0,8,11,0,19,0,1,10,0,11,0,9,21,0,30,16,0,16,46
03/03/2023,SFF,WA,ANM,WE,Federal Contract Tower,0,2,12,0,14,0,5,62,0,67,0,7,74,0,81,76,0,76,157
03/04/2023,SFF,WA,ANM,WE,Federal Contract Tower,0,1,7,0,8,0,6,98,0,104,0,7,105,0,112,140,0,140,252
03/05/2023,SFF,WA,ANM,WE,Federal Contract Tower,0,6,7,0,13,0,2,20,0,22,0,8,27,0,35,28,0,28,63
03/06/2023,SFF,WA,ANM,WE,Federal Contract Tower,0,6,6,0,12,0,2,10,0,12,0,8,16,0,24,54,0,54,78
03/07/2023,SFF,WA,ANM,WE,Federal Contract Tower,0,2,15,0,17,0,10,108,0,118,0,12,123,0,135,180,0,180,315
03/08/2023,SFF,WA,ANM,WE,Federal Contract Tower,0,1,27,0,28,0,7,87,0,94,0,8,114,0,122,131,0,131,253
03/09/2023,SFF,WA,ANM,WE,Federal Contract Tower,0,6,19,0,25,0,11,66,0,77,0,17,85,0,102,138,0,138,240
03/10/2023,SFF,WA,ANM,WE,Federal Contract Tower,0,1,10,0,11,0,0,0,0,0,0,1,10,0,11,0,0,0,11
03/11/2023,SFF,WA,ANM,WE,Federal Contract Tower,0,1,10,0,11,0,11,52,0,63,0,12,62,0,74,82,0,82,156
03/12/2023,SFF,WA,ANM,WE,Federal Contract Tower,0,4,13,0,17,0,4,80,0,84,0,8,93,0,101,18,0,18,119
03/13/2023,SFF,WA,ANM,WE,Federal Contract Tower,0,12,16,0,28,0,0,28,0,28,0,12,44,0,56,122,0,122,178
03/14/2023,SFF,WA,ANM,WE,Federal Contract Tower,0,1,20,0,21,0,10,86,0,96,0,11,106,0,117,104,0,104,221
03/15/2023,SFF,WA,ANM,WE,Federal Contract Tower,0,2,5,0,7,0,6,78,0,84,0,8,83,0,91,104,0,104,195
03/16/2023,SFF,WA,ANM,WE,Federal Contract Tower,0,6,15,1,22,0,11,92,1,104,0,17,107,2,126,197,0,197,323
03/17/2023,SFF,WA,ANM,WE,Federal Contract Tower,0,4,16,0,20,0,7,112,0,119,0,11,128,0,139,104,0,104,243
03/18/2023,SFF,WA,ANM,WE,Federal Contract Tower,0,2,9,0,11,0,6,105,0,111,0,8,114,0,122,126,0,126,248
03/19/2023,SFF,WA,ANM,WE,Federal Contract Tower,0,1,8,0,9,0,5,79,0,84,0,6,87,0,93,70,0,70,163
03/20/2023,SFF,WA,ANM,WE,Federal Contract Tower,0,7,12,0,19,0,10,52,0,62,0,17,64,0,81,104,0,104,185
03/21/2023,SFF,WA,ANM,WE,Federal Contract Tower,0,7,9,0,16,0,5,83,0,88,0,12,92,0,104,73,0,73,177
03/22/2023,SFF,WA,ANM,WE,Federal Contract Tower,0,5,11,0,16,0,10,99,0,109,0,15,110,0,125,114,0,114,239
03/23/2023,SFF,WA,ANM,WE,Federal Contract Tower,0,2,24,0,26,0,11,31,0,42,0,13,55,0,68,82,0,82,150
03/24/2023,SFF,WA,ANM,WE,Federal Contract Tower,0,7,19,0,26,0,11,61,0,72,0,18,80,0,98,120,0,120,218
03/25/2023,SFF,WA,ANM,WE,Federal Contract Tower,0,3,15,0,18,0,1,35,0,36,0,4,50,0,54,94,0,94,148
03/26/2023,SFF,WA,ANM,WE,Federal Contract Tower,0,2,4,0,6,0,5,22,0,27,0,7,26,0,33,72,0,72,105
03/27/2023,SFF,WA,ANM,WE,Federal Contract Tower,0,3,15,0,18,0,9,84,0,93,0,12,99,0,111,108,0,108,219
03/28/2023,SFF,WA,ANM,WE,Federal Contract Tower,0,4,14,0,18,0,9,81,0,90,0,13,95,0,108,97,0,97,205
03/29/2023,SFF,WA,ANM,WE,Federal Contract Tower,0,4,14,1,19,0,16,105,0,121,0,20,119,1,140,212,0,212,352
03/30/2023,SFF,WA,ANM,WE,Federal Contract Tower,0,7,26,0,33,0,8,74,0,82,0,15,100,0,115,148,0,148,263
03/31/2023,SFF,WA,ANM,WE,Federal Contract Tower,0,6,15,0,21,0,2,88,0,90,0,8,103,0,111,94,0,94,205
04/01/2023,SFF,WA,ANM,WE,Federal Contract Tower,0,2,5,0,7,0,3,5,0,8,0,5,10,0,15,12,0,12,27
04/02/2023,SFF,WA,ANM,WE,Federal Contract Tower,0,5,12,0,17,0,13,26,0,39,0,18,38,0,56,58,0,58,114
04/03/2023,SFF,WA,ANM,WE,Federal Contract Tower,0,12,20,0,32,0,2,58,0,60,0,14,78,0,92,202,0,202,294
04/04/2023,SFF,WA,ANM,WE,Federal Contract Tower,0,2,15,0,17,0,2,46,0,48,0,4,61,0,65,172,0,172,237
04/05/2023,SFF,WA,ANM,WE,Federal Contract Tower,0,1,20,0,21,0,12,88,0,100,0,13,108,0,121,112,0,112,233
04/06/2023,SFF,WA,ANM,WE,Federal Contract Tower,0,4,17,0,21,0,6,116,0,122,0,10,133,0,143,82,0,82,225
04/07/2023,SFF,WA,ANM,WE,Federal Contract Tower,0,5,13,0,18,0,4,42,0,46,0,9,55,0,64,188,0,188,252
04/08/2023,SFF,WA,ANM,WE,Federal Contract Tower,0,1,6,0,7,0,9,63,1,73,0,10,69,1,80,46,0,46,126
04/09/2023,SFF,WA,ANM,WE,Federal Contract Tower,0,0,9,0,9,0,0,29,0,29,0,0,38,0,38,74,0,74,112
04/10/2023,SFF,WA,ANM,WE,Federal Contract Tower,0,3,20,0,23,0,8,40,0,48,0,11,60,0,71,294,0,294,365
04/11/2023,SFF,WA,ANM,WE,Federal Contract Tower,0,2,13,0,15,0,12,9,0,21,0,14,22,0,36,44,0,44,80
04/12/2023,SFF,WA,ANM,WE,Federal Contract Tower,0,3,17,0,20,0,9,103,0,112,0,12,120,0,132,232,0,232,364
04/13/2023,SFF,WA,ANM,WE,Federal Contract Tower,0,4,19,0,23,0,9,84,0,93,0,13,103,0,116,161,0,161,277
04/14/2023,SFF,WA,ANM,WE,Federal Contract Tower,0,2,20,0,22,0,6,94,0,100,0,8,114,0,122,203,0,203,325
04/15/2023,SFF,WA,ANM,WE,Federal Contract Tower,0,1,6,0,7,0,13,108,0,121,0,14,114,0,128,38,0,38,166
04/16/2023,SFF,WA,ANM,WE,Federal Contract Tower,0,2,10,0,12,0,7,41,0,48,0,9,51,0,60,60,0,60,120
04/17/2023,SFF,WA,ANM,WE,Federal Contract Tower,0,3,21,0,24,0,11,113,0,124,0,14,134,0,148,140,0,140,288
04/18/2023,SFF,WA,ANM,WE,Federal Contract Tower,0,4,9,0,13,0,17,68,0,85,0,21,77,0,98,166,0,166,264
04/19/2023,SFF,WA,ANM,WE,Federal Contract Tower,0,6,10,0,16,0,5,87,0,92,0,11,97,0,108,196,0,196,304
04/20/2023,SFF,WA,ANM,WE,Federal Contract Tower,0,7,15,0,22,0,9,100,0,109,0,16,115,0,131,212,0,212,343
04/21/2023,SFF,WA,ANM,WE,Federal Contract Tower,0,2,18,0,20,0,1,51,0,52,0,3,69,0,72,164,0,164,236
04/22/2023,SFF,WA,ANM,WE,Federal Contract Tower,0,0,9,0,9,0,10,94,0,104,0,10,103,0,113,172,0,172,285
04/23/2023,SFF,WA,ANM,WE,Federal Contract Tower,0,2,7,0,9,0,2,24,0,26,0,4,31,0,35,36,0,36,71
04/24/2023,SFF,WA,ANM,WE,Federal Contract Tower,0,2,15,0,17,0,1,44,0,45,0,3,59,0,62,192,0,192,254
04/25/2023,SFF,WA,ANM,WE,Federal Contract Tower,0,7,17,0,24,0,7,260,0,267,0,14,277,0,291,107,0,107,398
04/26/2023,SFF,WA,ANM,WE,Federal Contract Tower,0,1,16,0,17,0,9,114,0,123,0,10,130,0,140,176,0,176,316
04/27/2023,SFF,WA,ANM,WE,Federal Contract Tower,0,5,8,0,13,0,7,94,0,101,0,12,102,0,114,182,0,182,296
04/28/2023,SFF,WA,ANM,WE,Federal Contract Tower,0,2,16,0,18,0,7,123,0,130,0,9,139,0,148,233,0,233,381
04/29/2023,SFF,WA,ANM,WE,Federal Contract Tower,0,1,4,0,5,0,7,126,0,133,0,8,130,0,138,123,0,123,261
04/30/2023,SFF,WA,ANM,WE,Federal Contract Tower,0,2,9,0,11,0,8,86,0,94,0,10,95,0,105,28,0,28,133
05/01/2023,SFF,WA,ANM,WE,Federal Contract Tower,0,3,16,0,19,0,13,70,0,83,0,16,86,0,102,266,0,266,368
05/02/2023,SFF,WA,ANM,WE,Federal Contract Tower,0,2,6,0,8,0,16,139,0,155,0,18,145,0,163,198,0,198,361
05/03/2023,SFF,WA,ANM,WE,Federal Contract Tower,0,3,9,0,12,0,7,147,0,154,0,10,156,0,166,266,0,266,432
05/04/2023,SFF,WA,ANM,WE,Federal Contract Tower,0,3,14,0,17,0,9,118,0,127,0,12,132,0,144,180,0,180,324
05/05/2023,SFF,WA,ANM,WE,Federal Contract Tower,0,5,13,0,18,0,4,19,0,23,0,9,32,0,41,182,0,182,223
05/06/2023,SFF,WA,ANM,WE,Federal Contract Tower,0,2,5,0,7,0,6,20,0,26,0,8,25,0,33,32,0,32,65
05/07/2023,SFF,WA,ANM,WE,Federal Contract Tower,0,1,8,0,9,0,1,69,0,70,0,2,77,0,79,96,0,96,175
05/08/2023,SFF,WA,ANM,WE,Federal Contract Tower,0,8,19,0,27,0,6,96,0,102,0,14,115,0,129,200,0,200,329
05/09/2023,SFF,WA,ANM,WE,Federal Contract Tower,0,1,16,0,17,0,5,60,0,65,0,6,76,0,82,232,0,232,314
05/10/2023,SFF,WA,ANM,WE,Federal Contract Tower,0,2,14,0,16,0,7,120,0,127,0,9,134,0,143,169,0,169,312
05/11/2023,SFF,WA,ANM,WE,Federal Contract Tower,0,1,19,0,20,0,5,132,4,141,0,6,151,4,161,222,0,222,383
05/12/2023,SFF,WA,ANM,WE,Federal Contract Tower,0,1,16,0,17,0,6,150,0,156,0,7,166,0,173,199,0,199,372
05/13/2023,SFF,WA,ANM,WE,Federal Contract Tower,0,2,4,0,6,0,12,120,0,132,0,14,124,0,138,86,0,86,224
05/14/2023,SFF,WA,ANM,WE,Federal Contract Tower,0,0,5,0,5,0,8,31,0,39,0,8,36,0,44,22,0,22,66
05/15/2023,SFF,WA,ANM,WE,Federal Contract Tower,0,2,10,0,12,0,11,99,0,110,0,13,109,0,122,178,0,178,300
05/16/2023,SFF,WA,ANM,WE,Federal Contract Tower,0,3,13,0,16,0,12,85,0,97,0,15,98,0,113,252,0,252,365
05/17/2023,SFF,WA,ANM,WE,Federal Contract Tower,0,1,14,0,15,0,17,100,0,117,0,18,114,0,132,232,0,232,364
05/18/2023,SFF,WA,ANM,WE,Federal Contract Tower,0,8,21,0,29,0,14,100,0,114,0,22,121,0,143,185,0,185,328
05/19/2023,SFF,WA,ANM,WE,Federal Contract Tower,0,5,26,0,31,0,7,118,0,125,0,12,144,0,156,182,0,182,338
05/20/2023,SFF,WA,ANM,WE,Federal Contract Tower,0,0,6,0,6,0,12,146,0,158,0,12,152,0,164,58,0,58,222
05/21/2023,SFF,WA,ANM,WE,Federal Contract Tower,0,2,9,0,11,0,5,58,0,63,0,7,67,0,74,6,0,6,80
05/22/2023,SFF,WA,ANM,WE,Federal Contract Tower,0,7,15,0,22,0,6,55,0,61,0,13,70,0,83,88,0,88,171
05/23/2023,SFF,WA,ANM,WE,Federal Contract Tower,2,14,0,0,16,0,8,117,0,125,2,22,117,0,141,236,0,236,377
05/24/2023,SFF,WA,ANM,WE,Federal Contract Tower,0,2,11,0,13,0,7,103,0,110,0,9,114,0,123,76,0,76,199
05/25/2023,SFF,WA,ANM,WE,Federal Contract Tower,0,4,10,0,14,0,13,119,0,132,0,17,129,0,146,150,0,150,296
05/26/2023,SFF,WA,ANM,WE,Federal Contract Tower,0,0,8,0,8,0,7,97,0,104,0,7,105,0,112,220,0,220,332
05/27/2023,SFF,WA,ANM,WE,Federal Contract Tower,0,0,8,0,8,0,4,45,0,49,0,4,53,0,57,22,0,22,79
05/28/2023,SFF,WA,ANM,WE,Federal Contract Tower,0,3,4,0,7,0,10,51,0,61,0,13,55,0,68,22,0,22,90
05/29/2023,SFF,WA,ANM,WE,Federal Contract Tower,0,1,3,0,4,0,3,99,0,102,0,4,102,0,106,74,0,74,180
05/30/2023,SFF,WA,ANM,WE,Federal Contract Tower,0,3,10,0,13,0,5,98,0,103,0,8,108,0,116,284,0,284,400
05/31/2023,SFF,WA,ANM,WE,Federal Contract Tower,0,1,10,0,11,0,12,115,0,127,0,13,125,0,138,252,0,252,390
06/01/2023,SFF,WA,ANM,WE,Federal Contract Tower,0,4,14,0,18,0,18,143,2,163,0,22,157,2,181,322,0,322,503
06/02/2023,SFF,WA,ANM,WE,Federal Contract Tower,0,5,12,0,17,0,4,112,0,116,0,9,124,0,133,270,0,270,403
06/03/2023,SFF,WA,ANM,WE,Federal Contract Tower,0,1,9,0,10,0,9,97,0,106,0,10,106,0,116,30,0,30,146
06/04/2023,SFF,WA,ANM,WE,Federal Contract Tower,0,1,5,0,6,0,13,84,0,97,0,14,89,0,103,108,0,108,211
06/05/2023,SFF,WA,ANM,WE,Federal Contract Tower,0,4,16,0,20,0,15,99,0,114,0,19,115,0,134,154,0,154,288
06/06/2023,SFF,WA,ANM,WE,Federal Contract Tower,0,3,13,0,16,0,5,123,0,128,0,8,136,0,144,310,0,310,454
06/07/2023,SFF,WA,ANM,WE,Federal Contract Tower,0,1,12,0,13,0,7,92,0,99,0,8,104,0,112,229,0,229,341
06/08/2023,SFF,WA,ANM,WE,Federal Contract Tower,0,6,12,0,18,0,7,54,0,61,0,13,66,0,79,194,0,194,273
06/09/2023,SFF,WA,ANM,WE,Federal Contract Tower,0,2,26,0,28,0,0,16,0,16,0,2,42,0,44,82,0,82,126
06/10/2023,SFF,WA,ANM,WE,Federal Contract Tower,0,0,5,0,5,0,2,218,0,220,0,2,223,0,225,28,0,28,253
06/11/2023,SFF,WA,ANM,WE,Federal Contract Tower,0,1,8,0,9,0,4,102,0,106,0,5,110,0,115,70,0,70,185
06/12/2023,SFF,WA,ANM,WE,Federal Contract Tower,0,5,16,0,21,0,12,87,0,99,0,17,103,0,120,208,0,208,328
06/13/2023,SFF,WA,ANM,WE,Federal Contract Tower,0,11,11,0,22,0,11,73,0,84,0,22,84,0,106,96,0,96,202
06/14/2023,SFF,WA,ANM,WE,Federal Contract Tower,0,1,15,0,16,0,3,46,0,49,0,4,61,0,65,52,0,52,117
06/15/2023,SFF,WA,ANM,WE,Federal Contract Tower,0,1,24,0,25,0,6,144,0,150,0,7,168,0,175,178,0,178,353
06/16/2023,SFF,WA,ANM,WE,Federal Contract Tower,0,1,13,0,14,0,4,98,0,102,0,5,111,0,116,71,0,71,187
06/17/2023,SFF,WA,ANM,WE,Federal Contract Tower,0,3,14,0,17,0,7,69,0,76,0,10,83,0,93,41,0,41,134
06/18/2023,SFF,WA,ANM,WE,Federal Contract Tower,0,2,3,0,5,0,12,38,0,50,0,14,41,0,55,0,0,0,55
06/19/2023,SFF,WA,ANM,WE,Federal Contract Tower,0,2,23,0,25,0,8,57,0,65,0,10,80,0,90,84,0,84,174
06/20/2023,SFF,WA,ANM,WE,Federal Contract Tower,0,3,16,0,19,0,5,46,0,51,0,8,62,0,70,166,0,166,236
06/21/2023,SFF,WA,ANM,WE,Federal Contract Tower,0,2,14,0,16,0,9,106,0,115,0,11,120,0,131,137,0,137,268
06/22/2023,SFF,WA,ANM,WE,Federal Contract Tower,0,3,17,0,20,0,11,139,0,150,0,14,156,0,170,130,0,130,300
06/23/2023,SFF,WA,ANM,WE,Federal Contract Tower,0,1,16,0,17,0,7,117,0,124,0,8,133,0,141,120,0,120,261
06/24/2023,SFF,WA,ANM,WE,Federal Contract Tower,0,0,5,0,5,0,2,189,0,191,0,2,194,0,196,32,0,32,228
06/25/2023,SFF,WA,ANM,WE,Federal Contract Tower,0,0,9,0,9,0,12,77,0,89,0,12,86,0,98,95,0,95,193
06/26/2023,SFF,WA,ANM,WE,Federal Contract Tower,0,2,21,0,23,0,2,65,0,67,0,4,86,0,90,126,0,126,216
06/27/2023,SFF,WA,ANM,WE,Federal Contract Tower,0,5,12,1,18,0,8,58,3,69,0,13,70,4,87,84,0,84,171
06/28/2023,SFF,WA,ANM,WE,Federal Contract Tower,0,5,28,0,33,0,6,100,0,106,0,11,128,0,139,176,0,176,315
06/29/2023,SFF,WA,ANM,WE,Federal Contract Tower,0,1,26,0,27,0,16,101,6,123,0,17,127,6,150,130,0,130,280
06/30/2023,SFF,WA,ANM,WE,Federal Contract Tower,0,0,14,0,14,0,4,119,0,123,0,4,133,0,137,153,0,153,290
07/01/2023,SFF,WA,ANM,WE,Federal Contract Tower,0,0,10,0,10,0,13,87,0,100,0,13,97,0,110,42,0,42,152
07/02/2023,SFF,WA,ANM,WE,Federal Contract Tower,0,1,6,0,7,0,6,79,0,85,0,7,85,0,92,8,0,8,100
07/03/2023,SFF,WA,ANM,WE,Federal Contract Tower,0,2,6,0,8,0,5,80,0,85,0,7,86,0,93,60,0,60,153
07/04/2023,SFF,WA,ANM,WE,Federal Contract Tower,0,2,0,0,2,0,12,72,2,86,0,14,72,2,88,66,0,66,154
07/05/2023,SFF,WA,ANM,WE,Federal Contract Tower,0,4,13,0,17,0,21,91,0,112,0,25,104,0,129,83,0,83,212
07/06/2023,SFF,WA,ANM,WE,Federal Contract Tower,0,2,18,0,20,0,6,102,0,108,0,8,120,0,128,100,0,100,228
07/07/2023,SFF,WA,ANM,WE,Federal Contract Tower,0,1,16,0,17,0,3,136,0,139,0,4,152,0,156,165,0,165,321
07/08/2023,SFF,WA,ANM,WE,Federal Contract Tower,0,0,9,0,9,0,9,113,0,122,0,9,122,0,131,32,0,32,163
07/09/2023,SFF,WA,ANM,WE,Federal Contract Tower,0,1,15,0,16,0,4,68,0,72,0,5,83,0,88,51,0,51,139
07/10/2023,SFF,WA,ANM,WE,Federal Contract Tower,0,5,17,0,22,0,3,50,0,53,0,8,67,0,75,93,0,93,168
07/11/2023,SFF,WA,ANM,WE,Federal Contract Tower,0,7,18,0,25,0,15,119,0,134,0,22,137,0,159,178,0,178,337
07/12/2023,SFF,WA,ANM,WE,Federal Contract Tower,0,4,22,0,26,0,13,157,0,170,0,17,179,0,196,126,0,126,322
07/13/2023,SFF,WA,ANM,WE,Federal Contract Tower,0,8,20,0,28,0,15,132,0,147,0,23,152,0,175,113,0,113,288
07/14/2023,SFF,WA,ANM,WE,Federal Contract Tower,0,2,15,0,17,0,13,132,0,145,0,15,147,0,162,182,0,182,344
07/15/2023,SFF,WA,ANM,WE,Federal Contract Tower,0,3,5,0,8,0,12,81,0,93,0,15,86,0,101,112,0,112,213
07/16/2023,SFF,WA,ANM,WE,Federal Contract Tower,0,1,10,0,11,0,5,72,0,77,0,6,82,0,88,48,0,48,136
07/17/2023,SFF,WA,ANM,WE,Federal Contract Tower,0,4,12,0,16,0,8,54,0,62,0,12,66,0,78,33,0,33,111
07/19/2023,SFF,WA,ANM,WE,Federal Contract Tower,0,7,15,0,22,0,9,124,0,133,0,16,139,0,155,95,0,95,250
07/20/2023,SFF,WA,ANM,WE,Federal Contract Tower,0,4,14,0,18,0,13,119,0,132,0,17,133,0,150,168,0,168,318
07/21/2023,SFF,WA,ANM,WE,Federal Contract Tower,0,3,15,0,18,0,10,109,0,119,0,13,124,0,137,146,0,146,283
07/22/2023,SFF,WA,ANM,WE,Federal Contract Tower,0,1,10,0,11,0,10,89,0,99,0,11,99,0,110,30,0,30,140
07/23/2023,SFF,WA,ANM,WE,Federal Contract Tower,0,1,2,0,3,0,8,68,0,76,0,9,70,0,79,62,0,62,141
07/24/2023,SFF,WA,ANM,WE,Federal Contract Tower,0,3,13,0,16,0,18,61,0,79,0,21,74,0,95,100,0,100,195
07/25/2023,SFF,WA,ANM,WE,Federal Contract Tower,0,1,8,0,9,0,14,83,0,97,0,15,91,0,106,138,0,138,244
07/26/2023,SFF,WA,ANM,WE,Federal Contract Tower,0,5,7,0,12,0,10,123,0,133,0,15,130,0,145,192,0,192,337
07/27/2023,SFF,WA,ANM,WE,Federal Contract Tower,0,2,13,0,15,0,3,113,0,116,0,5,126,0,131,168,0,168,299
07/28/2023,SFF,WA,ANM,WE,Federal Contract Tower,0,4,13,0,17,0,8,117,0,125,0,12,130,0,142,156,0,156,298
07/29/2023,SFF,WA,ANM,WE,Federal Contract Tower,0,0,5,0,5,0,11,95,0,106,0,11,100,0,111,14,0,14,125
07/30/2023,SFF,WA,ANM,WE,Federal Contract Tower,0,1,2,0,3,0,7,56,0,63,0,8,58,0,66,20,0,20,86
07/31/2023,SFF,WA,ANM,WE,Federal Contract Tower,0,2,17,0,19,0,6,97,0,103,0,8,114,0,122,146,0,146,268
08/01/2023,SFF,WA,ANM,WE,Federal Contract Tower,0,3,22,0,25,0,5,104,0,109,0,8,126,0,134,152,0,152,286
08/02/2023,SFF,WA,ANM,WE,Federal Contract Tower,0,3,15,1,19,0,13,102,1,116,0,16,117,2,135,190,0,190,325
08/03/2023,SFF,WA,ANM,WE,Federal Contract Tower,0,5,20,0,25,0,6,95,0,101,0,11,115,0,126,82,0,82,208
08/04/2023,SFF,WA,ANM,WE,Federal Contract Tower,0,1,12,0,13,0,5,94,0,99,0,6,106,0,112,105,0,105,217
08/05/2023,SFF,WA,ANM,WE,Federal Contract Tower,0,0,10,0,10,0,6,92,0,98,0,6,102,0,108,82,0,82,190
08/06/2023,SFF,WA,ANM,WE,Federal Contract Tower,0,2,12,0,14,0,7,55,0,62,0,9,67,0,76,62,0,62,138
08/08/2023,SFF,WA,ANM,WE,Federal Contract Tower,0,3,26,0,29,0,8,94,0,102,0,11,120,0,131,172,0,172,303
08/09/2023,SFF,WA,ANM,WE,Federal Contract Tower,0,5,14,0,19,0,6,89,0,95,0,11,103,0,114,136,0,136,250
08/10/2023,SFF,WA,ANM,WE,Federal Contract Tower,0,6,14,0,20,0,20,86,0,106,0,26,100,0,126,80,0,80,206
08/11/2023,SFF,WA,ANM,WE,Federal Contract Tower,0,1,21,0,22,0,11,121,0,132,0,12,142,0,154,134,0,134,288
08/12/2023,SFF,WA,ANM,WE,Federal Contract Tower,0,2,13,0,15,0,9,120,0,129,0,11,133,0,144,64,0,64,208
08/13/2023,SFF,WA,ANM,WE,Federal Contract Tower,0,1,4,0,5,0,18,80,0,98,0,19,84,0,103,16,0,16,119
08/14/2023,SFF,WA,ANM,WE,Federal Contract Tower,0,1,10,0,11,0,11,99,0,110,0,12,109,0,121,68,0,68,189
08/15/2023,SFF,WA,ANM,WE,Federal Contract Tower,0,2,18,0,20,0,10,83,0,93,0,12,101,0,113,49,0,49,162
08/16/2023,SFF,WA,ANM,WE,Federal Contract Tower,0,1,8,0,9,0,11,71,0,82,0,12,79,0,91,66,0,66,157
08/17/2023,SFF,WA,ANM,WE,Federal Contract Tower,0,2,19,0,21,0,2,50,0,52,0,4,69,0,73,97,0,97,170
08/18/2023,SFF,WA,ANM,WE,Federal Contract Tower,0,3,18,0,21,0,5,51,0,56,0,8,69,0,77,44,0,44,121
08/19/2023,SFF,WA,ANM,WE,Federal Contract Tower,0,3,18,0,21,0,0,0,0,0,0,3,18,0,21,0,0,0,21
08/20/2023,SFF,WA,ANM,WE,Federal Contract Tower,0,1,13,0,14,0,0,2,0,2,0,1,15,0,16,0,0,0,16
08/21/2023,SFF,WA,ANM,WE,Federal Contract Tower,0,7,28,0,35,0,2,21,0,23,0,9,49,0,58,54,0,54,112
08/22/2023,SFF,WA,ANM,WE,Federal Contract Tower,0,11,27,0,38,0,3,10,0,13,0,14,37,0,51,68,0,68,119
08/23/2023,SFF,WA,ANM,WE,Federal Contract Tower,0,1,23,0,24,0,9,93,0,102,0,10,116,0,126,176,0,176,302
08/24/2023,SFF,WA,ANM,WE,Federal Contract Tower,0,4,21,0,25,0,5,137,0,142,0,9,158,0,167,208,2,210,377
08/25/2023,SFF,WA,ANM,WE,Federal Contract Tower,0,5,21,0,26,0,8,79,0,87,0,13,100,0,113,210,0,210,323
08/26/2023,SFF,WA,ANM,WE,Federal Contract Tower,0,4,9,0,13,0,9,106,0,115,0,13,115,0,128,74,0,74,202
08/27/2023,SFF,WA,ANM,WE,Federal Contract Tower,0,2,13,0,15,0,8,74,0,82,0,10,87,0,97,62,0,62,159
08/28/2023,SFF,WA,ANM,WE,Federal Contract Tower,0,6,18,0,24,0,5,105,0,110,0,11,123,0,134,168,0,168,302
08/29/2023,SFF,WA,ANM,WE,Federal Contract Tower,0,3,12,0,15,0,2,58,0,60,0,5,70,0,75,90,0,90,165
08/30/2023,SFF,WA,ANM,WE,Federal Contract Tower,0,5,24,0,29,0,4,19,0,23,0,9,43,0,52,52,0,52,104
08/31/2023,SFF,WA,ANM,WE,Federal Contract Tower,0,5,22,0,27,0,4,76,0,80,0,9,98,0,107,73,0,73,180
01/01/2020,SFF,WA,ANM,WE,Federal Contract Tower,0,0,6,0,6,0,5,18,0,23,0,5,24,0,29,16,0,16,45
01/02/2020,SFF,WA,ANM,WE,Federal Contract Tower,0,2,8,0,10,0,4,64,0,68,0,6,72,0,78,90,0,90,168
01/03/2020,SFF,WA,ANM,WE,Federal Contract Tower,0,1,15,0,16,0,7,45,0,52,0,8,60,0,68,44,0,44,112
01/04/2020,SFF,WA,ANM,WE,Federal Contract Tower,0,1,9,0,10,0,12,3,0,15,0,13,12,0,25,0,0,0,25
01/05/2020,SFF,WA,ANM,WE,Federal Contract Tower,0,0,6,0,6,0,0,22,0,22,0,0,28,0,28,34,0,34,62
01/06/2020,SFF,WA,ANM,WE,Federal Contract Tower,0,1,16,0,17,0,4,1,0,5,0,5,17,0,22,30,0,30,52
01/08/2020,SFF,WA,ANM,WE,Federal Contract Tower,0,1,9,0,10,0,9,32,0,41,0,10,41,0,51,58,0,58,109
01/09/2020,SFF,WA,ANM,WE,Federal Contract Tower,0,4,26,0,30,0,7,46,1,54,0,11,72,1,84,50,0,50,134
01/10/2020,SFF,WA,ANM,WE,Federal Contract Tower,0,1,8,0,9,0,0,0,0,0,0,1,8,0,9,0,0,0,9
01/11/2020,SFF,WA,ANM,WE,Federal Contract Tower,0,2,9,0,11,0,0,0,0,0,0,2,9,0,11,8,0,8,19
01/12/2020,SFF,WA,ANM,WE,Federal Contract Tower,0,0,4,0,4,0,0,0,0,0,0,0,4,0,4,0,0,0,4
01/13/2020,SFF,WA,ANM,WE,Federal Contract Tower,0,1,9,0,10,0,3,26,0,29,0,4,35,0,39,151,0,151,190
01/14/2020,SFF,WA,ANM,WE,Federal Contract Tower,0,3,8,0,11,0,1,0,0,1,0,4,8,0,12,22,0,22,34
01/15/2020,SFF,WA,ANM,WE,Federal Contract Tower,0,4,12,0,16,0,6,59,0,65,0,10,71,0,81,151,20,171,252
01/16/2020,SFF,WA,ANM,WE,Federal Contract Tower,0,2,9,0,11,0,5,27,0,32,0,7,36,0,43,30,0,30,73
01/17/2020,SFF,WA,ANM,WE,Federal Contract Tower,0,3,13,0,16,0,2,25,0,27,0,5,38,0,43,94,0,94,137
01/18/2020,SFF,WA,ANM,WE,Federal Contract Tower,0,2,0,0,2,0,2,0,0,2,0,4,0,0,4,0,0,0,4
01/19/2020,SFF,WA,ANM,WE,Federal Contract Tower,0,1,13,0,14,0,6,45,0,51,0,7,58,0,65,82,0,82,147
01/20/2020,SFF,WA,ANM,WE,Federal Contract Tower,0,0,9,0,9,0,8,51,0,59,0,8,60,0,68,62,0,62,130
01/21/2020,SFF,WA,ANM,WE,Federal Contract Tower,0,5,10,0,15,0,8,0,0,8,0,13,10,0,23,50,0,50,73
01/22/2020,SFF,WA,ANM,WE,Federal Contract Tower,0,1,23,0,24,0,13,31,0,44,0,14,54,0,68,140,0,140,208
01/23/2020,SFF,WA,ANM,WE,Federal Contract Tower,0,1,12,0,13,0,2,0,0,2,0,3,12,0,15,110,0,110,125
01/24/2020,SFF,WA,ANM,WE,Federal Contract Tower,0,1,19,0,20,0,12,19,0,31,0,13,38,0,51,80,0,80,131
01/25/2020,SFF,WA,ANM,WE,Federal Contract Tower,0,1,5,0,6,0,0,11,0,11,0,1,16,0,17,72,0,72,89
01/27/2020,SFF,WA,ANM,WE,Federal Contract Tower,0,0,25,0,25,0,9,24,0,33,0,9,49,0,58,121,0,121,179
01/28/2020,SFF,WA,ANM,WE,Federal Contract Tower,0,4,14,0,18,0,0,7,0,7,0,4,21,0,25,38,0,38,63
01/30/2020,SFF,WA,ANM,WE,Federal Contract Tower,0,2,27,0,29,0,2,46,0,48,0,4,73,0,77,112,0,112,189
01/31/2020,SFF,WA,ANM,WE,Federal Contract Tower,0,2,13,0,15,0,1,12,0,13,0,3,25,0,28,12,0,12,40
02/01/2020,SFF,WA,ANM,WE,Federal Contract Tower,0,2,9,0,11,0,1,6,0,7,0,3,15,0,18,0,0,0,18
02/02/2020,SFF,WA,ANM,WE,Federal Contract Tower,0,0,13,0,13,0,6,139,0,145,0,6,152,0,158,84,0,84,242
02/03/2020,SFF,WA,ANM,WE,Federal Contract Tower,0,2,15,0,17,0,5,109,0,114,0,7,124,0,131,98,0,98,229
02/04/2020,SFF,WA,ANM,WE,Federal Contract Tower,0,1,11,0,12,0,0,0,0,0,0,1,11,0,12,40,0,40,52
02/05/2020,SFF,WA,ANM,WE,Federal Contract Tower,0,3,10,0,13,0,0,0,0,0,0,3,10,0,13,0,0,0,13
02/06/2020,SFF,WA,ANM,WE,Federal Contract Tower,0,3,22,0,25,0,0,0,0,0,0,3,22,0,25,28,0,28,53
02/07/2020,SFF,WA,ANM,WE,Federal Contract Tower,0,4,15,0,19,0,0,2,0,2,0,4,17,0,21,12,0,12,33
02/08/2020,SFF,WA,ANM,WE,Federal Contract Tower,0,1,11,0,12,0,4,28,0,32,0,5,39,0,44,58,0,58,102
02/09/2020,SFF,WA,ANM,WE,Federal Contract Tower,0,0,4,0,4,0,6,58,0,64,0,6,62,0,68,76,0,76,144
02/10/2020,SFF,WA,ANM,WE,Federal Contract Tower,0,1,22,0,23,0,13,98,0,111,0,14,120,0,134,96,0,96,230
02/11/2020,SFF,WA,ANM,WE,Federal Contract Tower,0,2,17,0,19,0,3,65,0,68,0,5,82,0,87,81,0,81,168
02/12/2020,SFF,WA,ANM,WE,Federal Contract Tower,0,1,15,0,16,0,0,0,0,0,0,1,15,0,16,64,0,64,80
02/13/2020,SFF,WA,ANM,WE,Federal Contract Tower,0,3,14,0,17,0,18,85,0,103,0,21,99,0,120,118,0,118,238
02/14/2020,SFF,WA,ANM,WE,Federal Contract Tower,0,2,10,0,12,0,8,41,0,49,0,10,51,0,61,60,0,60,121
02/15/2020,SFF,WA,ANM,WE,Federal Contract Tower,0,10,0,0,10,0,1,4,0,5,0,11,4,0,15,28,0,28,43
02/16/2020,SFF,WA,ANM,WE,Federal Contract Tower,0,0,9,0,9,0,4,25,0,29,0,4,34,0,38,12,0,12,50
02/17/2020,SFF,WA,ANM,WE,Federal Contract Tower,0,0,12,0,12,0,15,88,0,103,0,15,100,0,115,76,0,76,191
02/18/2020,SFF,WA,ANM,WE,Federal Contract Tower,0,1,11,0,12,0,22,76,0,98,0,23,87,0,110,49,0,49,159
02/19/2020,SFF,WA,ANM,WE,Federal Contract Tower,0,3,19,0,22,0,17,78,0,95,0,20,97,0,117,87,0,87,204
02/20/2020,SFF,WA,ANM,WE,Federal Contract Tower,0,4,14,0,18,0,14,89,0,103,0,18,103,0,121,74,0,74,195
02/21/2020,SFF,WA,ANM,WE,Federal Contract Tower,0,2,8,0,10,0,13,77,0,90,0,15,85,0,100,128,0,128,228
02/22/2020,SFF,WA,ANM,WE,Federal Contract Tower,0,4,0,0,4,0,14,61,0,75,0,18,61,0,79,112,0,112,191
02/23/2020,SFF,WA,ANM,WE,Federal Contract Tower,0,7,0,0,7,0,12,2,0,14,0,19,2,0,21,0,0,0,21
02/24/2020,SFF,WA,ANM,WE,Federal Contract Tower,0,0,21,0,21,0,12,39,0,51,0,12,60,0,72,44,0,44,116
02/26/2020,SFF,WA,ANM,WE,Federal Contract Tower,0,2,11,0,13,0,13,66,0,79,0,15,77,0,92,155,0,155,247
02/27/2020,SFF,WA,ANM,WE,Federal Contract Tower,0,2,16,0,18,0,10,61,0,71,0,12,77,0,89,112,0,112,201
02/28/2020,SFF,WA,ANM,WE,Federal Contract Tower,0,0,15,0,15,0,14,118,0,132,0,14,133,0,147,116,0,116,263
02/29/2020,SFF,WA,ANM,WE,Federal Contract Tower,0,0,8,0,8,0,2,22,0,24,0,2,30,0,32,138,0,138,170
03/01/2020,SFF,WA,ANM,WE,Federal Contract Tower,0,2,13,0,15,0,5,66,0,71,0,7,79,0,86,76,0,76,162
03/02/2020,SFF,WA,ANM,WE,Federal Contract Tower,0,0,11,0,11,0,13,47,0,60,0,13,58,0,71,72,0,72,143
03/03/2020,SFF,WA,ANM,WE,Federal Contract Tower,0,3,10,0,13,0,8,37,4,49,0,11,47,4,62,58,0,58,120
03/04/2020,SFF,WA,ANM,WE,Federal Contract Tower,0,5,23,0,28,0,5,57,0,62,0,10,80,0,90,48,0,48,138
03/05/2020,SFF,WA,ANM,WE,Federal Contract Tower,0,2,25,0,27,0,8,62,0,70,0,10,87,0,97,188,0,188,285
03/07/2020,SFF,WA,ANM,WE,Federal Contract Tower,0,1,18,0,19,0,1,5,0,6,0,2,23,0,25,37,0,37,62
03/08/2020,SFF,WA,ANM,WE,Federal Contract Tower,0,0,19,0,19,0,14,30,0,44,0,14,49,0,63,40,0,40,103
03/09/2020,SFF,WA,ANM,WE,Federal Contract Tower,0,2,17,0,19,0,6,52,0,58,0,8,69,0,77,156,0,156,233
03/10/2020,SFF,WA,ANM,WE,Federal Contract Tower,0,2,15,0,17,0,15,89,0,104,0,17,104,0,121,164,0,164,285
03/11/2020,SFF,WA,ANM,WE,Federal Contract Tower,0,1,9,0,10,0,11,56,0,67,0,12,65,0,77,63,0,63,140
03/12/2020,SFF,WA,ANM,WE,Federal Contract Tower,0,3,23,0,26,0,8,84,0,92,0,11,107,0,118,238,0,238,356
03/13/2020,SFF,WA,ANM,WE,Federal Contract Tower,0,2,11,0,13,0,0,35,0,35,0,2,46,0,48,100,0,100,148
03/14/2020,SFF,WA,ANM,WE,Federal Contract Tower,0,0,7,0,7,0,0,2,0,2,0,0,9,0,9,0,0,0,9
03/15/2020,SFF,WA,ANM,WE,Federal Contract Tower,0,10,0,0,10,0,1,30,0,31,0,11,30,0,41,113,0,113,154
03/17/2020,SFF,WA,ANM,WE,Federal Contract Tower,0,0,9,0,9,0,5,79,0,84,0,5,88,0,93,84,0,84,177
03/18/2020,SFF,WA,ANM,WE,Federal Contract Tower,0,1,7,2,10,0,6,66,0,72,0,7,73,2,82,48,0,48,130
03/19/2020,SFF,WA,ANM,WE,Federal Contract Tower,0,2,8,0,10,0,17,63,0,80,0,19,71,0,90,62,0,62,152
03/21/2020,SFF,WA,ANM,WE,Federal Contract Tower,0,0,4,0,4,0,13,63,0,76,0,13,67,0,80,70,0,70,150
03/22/2020,SFF,WA,ANM,WE,Federal Contract Tower,0,6,0,0,6,0,3,55,0,58,0,9,55,0,64,36,0,36,100
03/23/2020,SFF,WA,ANM,WE,Federal Contract Tower,0,2,0,0,2,0,3,18,0,21,0,5,18,0,23,48,0,48,71
03/24/2020,SFF,WA,ANM,WE,Federal Contract Tower,0,1,3,0,4,0,3,20,0,23,0,4,23,0,27,6,0,6,33
03/25/2020,SFF,WA,ANM,WE,Federal Contract Tower,0,1,11,0,12,0,0,0,0,0,0,1,11,0,12,18,0,18,30
03/26/2020,SFF,WA,ANM,WE,Federal Contract Tower,0,3,5,0,8,0,4,12,0,16,0,7,17,0,24,4,0,4,28
03/27/2020,SFF,WA,ANM,WE,Federal Contract Tower,0,0,0,0,0,0,6,11,0,17,0,6,11,0,17,46,0,46,63
03/28/2020,SFF,WA,ANM,WE,Federal Contract Tower,0,0,0,0,0,0,4,10,0,14,0,4,10,0,14,8,0,8,22
03/29/2020,SFF,WA,ANM,WE,Federal Contract Tower,0,1,0,0,1,0,10,3,0,13,0,11,3,0,14,0,0,0,14
03/30/2020,SFF,WA,ANM,WE,Federal Contract Tower,0,1,3,0,4,0,8,0,0,8,0,9,3,0,12,0,0,0,12
03/31/2020,SFF,WA,ANM,WE,Federal Contract Tower,0,2,6,0,8,0,4,2,0,6,0,6,8,0,14,28,0,28,42
04/01/2020,SFF,WA,ANM,WE,Federal Contract Tower,0,1,5,0,6,0,1,13,0,14,0,2,18,0,20,0,0,0,20
04/02/2020,SFF,WA,ANM,WE,Federal Contract Tower,0,2,8,0,10,0,6,37,0,43,0,8,45,0,53,24,0,24,77
04/03/2020,SFF,WA,ANM,WE,Federal Contract Tower,0,1,1,0,2,0,21,19,0,40,0,22,20,0,42,32,0,32,74
04/04/2020,SFF,WA,ANM,WE,Federal Contract Tower,0,0,5,0,5,0,3,59,0,62,0,3,64,0,67,0,0,0,67
04/05/2020,SFF,WA,ANM,WE,Federal Contract Tower,0,0,4,0,4,0,1,2,0,3,0,1,6,0,7,10,0,10,17
04/06/2020,SFF,WA,ANM,WE,Federal Contract Tower,0,0,5,0,5,0,6,30,0,36,0,6,35,0,41,20,0,20,61
04/07/2020,SFF,WA,ANM,WE,Federal Contract Tower,0,2,2,0,4,0,6,33,0,39,0,8,35,0,43,40,0,40,83
04/08/2020,SFF,WA,ANM,WE,Federal Contract Tower,0,0,9,0,9,0,6,74,0,80,0,6,83,0,89,58,0,58,147
04/09/2020,SFF,WA,ANM,WE,Federal Contract Tower,0,1,5,0,6,0,3,71,0,74,0,4,76,0,80,10,0,10,90
04/10/2020,SFF,WA,ANM,WE,Federal Contract Tower,0,1,4,0,5,0,14,67,0,81,0,15,71,0,86,15,0,15,101
04/11/2020,SFF,WA,ANM,WE,Federal Contract Tower,0,0,2,0,2,0,19,5,0,24,0,19,7,0,26,20,0,20,46
04/12/2020,SFF,WA,ANM,WE,Federal Contract Tower,0,0,1,0,1,0,15,41,0,56,0,15,42,0,57,4,0,4,61
04/13/2020,SFF,WA,ANM,WE,Federal Contract Tower,0,1,5,0,6,0,11,72,0,83,0,12,77,0,89,76,0,76,165
04/14/2020,SFF,WA,ANM,WE,Federal Contract Tower,0,1,2,0,3,0,4,42,0,46,0,5,44,0,49,10,0,10,59
04/15/2020,SFF,WA,ANM,WE,Federal Contract Tower,0,0,4,0,4,0,8,13,0,21,0,8,17,0,25,12,0,12,37
04/16/2020,SFF,WA,ANM,WE,Federal Contract Tower,0,2,8,0,10,0,6,68,0,74,0,8,76,0,84,14,0,14,98
04/17/2020,SFF,WA,ANM,WE,Federal Contract Tower,0,1,2,0,3,0,9,57,0,66,0,10,59,0,69,30,0,30,99
04/18/2020,SFF,WA,ANM,WE,Federal Contract Tower,0,0,0,0,0,0,5,27,0,32,0,5,27,0,32,10,0,10,42
04/19/2020,SFF,WA,ANM,WE,Federal Contract Tower,0,0,1,0,1,0,2,49,0,51,0,2,50,0,52,18,0,18,70
04/20/2020,SFF,WA,ANM,WE,Federal Contract Tower,0,0,4,0,4,0,11,67,0,78,0,11,71,0,82,20,0,20,102
04/21/2020,SFF,WA,ANM,WE,Federal Contract Tower,0,1,3,0,4,0,6,35,0,41,0,7,38,0,45,10,0,10,55
04/22/2020,SFF,WA,ANM,WE,Federal Contract Tower,0,2,10,0,12,0,5,9,0,14,0,7,19,0,26,6,0,6,32
04/23/2020,SFF,WA,ANM,WE,Federal Contract Tower,0,2,4,0,6,0,5,20,0,25,0,7,24,0,31,21,0,21,52
04/24/2020,SFF,WA,ANM,WE,Federal Contract Tower,0,1,5,0,6,0,16,65,0,81,0,17,70,0,87,36,0,36,123
04/25/2020,SFF,WA,ANM,WE,Federal Contract Tower,0,0,5,0,5,0,3,2,0,5,0,3,7,0,10,0,0,0,10
04/26/2020,SFF,WA,ANM,WE,Federal Contract Tower,0,0,9,0,9,0,15,46,0,61,0,15,55,0,70,6,0,6,76
04/27/2020,SFF,WA,ANM,WE,Federal Contract Tower,0,1,10,0,11,0,3,14,0,17,0,4,24,0,28,28,0,28,56
04/28/2020,SFF,WA,ANM,WE,Federal Contract Tower,0,1,5,0,6,0,8,86,1,95,0,9,91,1,101,34,0,34,135
04/29/2020,SFF,WA,ANM,WE,Federal Contract Tower,0,1,5,0,6,0,10,41,0,51,0,11,46,0,57,28,0,28,85
04/30/2020,SFF,WA,ANM,WE,Federal Contract Tower,0,2,9,0,11,0,21,29,0,50,0,23,38,0,61,22,0,22,83
05/01/2020,SFF,WA,ANM,WE,Federal Contract Tower,0,0,2,0,2,0,18,97,0,115,0,18,99,0,117,35,0,35,152
05/02/2020,SFF,WA,ANM,WE,Federal Contract Tower,0,0,4,0,4,0,2,33,0,35,0,2,37,0,39,42,0,42,81
05/03/2020,SFF,WA,ANM,WE,Federal Contract Tower,0,0,2,0,2,0,0,11,0,11,0,0,13,0,13,10,0,10,23
05/04/2020,SFF,WA,ANM,WE,Federal Contract Tower,0,0,7,0,7,0,3,62,0,65,0,3,69,0,72,64,0,64,136
05/05/2020,SFF,WA,ANM,WE,Federal Contract Tower,0,2,5,0,7,0,26,90,0,116,0,28,95,0,123,108,0,108,231
05/06/2020,SFF,WA,ANM,WE,Federal Contract Tower,0,3,14,0,17,0,5,1,0,6,0,8,15,0,23,0,0,0,23
05/07/2020,SFF,WA,ANM,WE,Federal Contract Tower,0,0,16,0,16,0,8,106,0,114,0,8,122,0,130,128,0,128,258
05/08/2020,SFF,WA,ANM,WE,Federal Contract Tower,0,1,12,0,13,0,15,151,0,166,0,16,163,0,179,171,0,171,350
05/09/2020,SFF,WA,ANM,WE,Federal Contract Tower,0,1,3,0,4,0,8,76,0,84,0,9,79,0,88,54,0,54,142
05/10/2020,SFF,WA,ANM,WE,Federal Contract Tower,0,0,4,0,4,0,15,25,0,40,0,15,29,0,44,0,0,0,44
05/11/2020,SFF,WA,ANM,WE,Federal Contract Tower,0,0,10,0,10,0,9,39,0,48,0,9,49,0,58,66,0,66,124
05/12/2020,SFF,WA,ANM,WE,Federal Contract Tower,0,4,24,0,28,0,3,40,0,43,0,7,64,0,71,112,0,112,183
05/13/2020,SFF,WA,ANM,WE,Federal Contract Tower,0,1,16,0,17,0,4,69,0,73,0,5,85,0,90,110,0,110,200
05/14/2020,SFF,WA,ANM,WE,Federal Contract Tower,0,4,16,0,20,0,6,52,0,58,0,10,68,0,78,150,0,150,228
05/15/2020,SFF,WA,ANM,WE,Federal Contract Tower,0,3,31,0,34,0,8,54,0,62,0,11,85,0,96,115,0,115,211
05/16/2020,SFF,WA,ANM,WE,Federal Contract Tower,0,0,3,0,3,0,8,98,0,106,0,8,101,0,109,35,0,35,144
05/17/2020,SFF,WA,ANM,WE,Federal Contract Tower,0,0,3,0,3,0,3,14,0,17,0,3,17,0,20,33,0,33,53
05/18/2020,SFF,WA,ANM,WE,Federal Contract Tower,0,1,21,0,22,0,3,36,0,39,0,4,57,0,61,98,0,98,159
05/19/2020,SFF,WA,ANM,WE,Federal Contract Tower,0,2,21,0,23,0,2,54,0,56,0,4,75,0,79,224,0,224,303
05/20/2020,SFF,WA,ANM,WE,Federal Contract Tower,0,4,22,1,27,0,2,23,0,25,0,6,45,1,52,40,0,40,92
05/21/2020,SFF,WA,ANM,WE,Federal Contract Tower,0,1,12,0,13,0,6,37,0,43,0,7,49,0,56,34,0,34,90
05/22/2020,SFF,WA,ANM,WE,Federal Contract Tower,0,1,16,0,17,0,3,43,0,46,0,4,59,0,63,156,0,156,219
05/23/2020,SFF,WA,ANM,WE,Federal Contract Tower,0,0,11,0,11,0,1,72,0,73,0,1,83,0,84,50,0,50,134
05/24/2020,SFF,WA,ANM,WE,Federal Contract Tower,0,0,4,0,4,0,9,74,0,83,0,9,78,0,87,41,0,41,128
05/25/2020,SFF,WA,ANM,WE,Federal Contract Tower,0,0,14,0,14,0,7,66,0,73,0,7,80,0,87,20,0,20,107
05/26/2020,SFF,WA,ANM,WE,Federal Contract Tower,0,0,26,0,26,0,9,84,0,93,0,9,110,0,119,142,0,142,261
05/27/2020,SFF,WA,ANM,WE,Federal Contract Tower,0,4,23,0,27,0,31,163,0,194,0,35,186,0,221,190,0,190,411
05/28/2020,SFF,WA,ANM,WE,Federal Contract Tower,0,2,21,0,23,0,9,121,0,130,0,11,142,0,153,176,0,176,329
05/29/2020,SFF,WA,ANM,WE,Federal Contract Tower,0,1,16,0,17,0,11,151,0,162,0,12,167,0,179,168,0,168,347
05/30/2020,SFF,WA,ANM,WE,Federal Contract Tower,0,0,5,0,5,0,8,56,0,64,0,8,61,0,69,46,0,46,115
05/31/2020,SFF,WA,ANM,WE,Federal Contract Tower,0,0,1,0,1,0,14,13,0,27,0,14,14,0,28,22,0,22,50
06/01/2020,SFF,WA,ANM,WE,Federal Contract Tower,0,1,25,0,26,0,21,121,0,142,0,22,146,0,168,92,0,92,260
06/02/2020,SFF,WA,ANM,WE,Federal Contract Tower,0,1,14,0,15,0,6,92,0,98,0,7,106,0,113,106,0,106,219
06/03/2020,SFF,WA,ANM,WE,Federal Contract Tower,0,1,9,1,11,0,13,107,0,120,0,14,116,1,131,108,0,108,239
06/04/2020,SFF,WA,ANM,WE,Federal Contract Tower,0,1,16,0,17,0,4,83,0,87,0,5,99,0,104,68,0,68,172
06/05/2020,SFF,WA,ANM,WE,Federal Contract Tower,0,1,14,0,15,0,5,95,0,100,0,6,109,0,115,122,0,122,237
06/06/2020,SFF,WA,ANM,WE,Federal Contract Tower,0,0,9,0,9,0,9,34,0,43,0,9,43,0,52,66,0,66,118
06/07/2020,SFF,WA,ANM,WE,Federal Contract Tower,0,0,1,0,1,0,8,21,0,29,0,8,22,0,30,23,0,23,53
06/08/2020,SFF,WA,ANM,WE,Federal Contract Tower,0,0,9,0,9,0,6,61,0,67,0,6,70,0,76,98,0,98,174
06/09/2020,SFF,WA,ANM,WE,Federal Contract Tower,0,1,9,0,10,0,4,39,0,43,0,5,48,0,53,178,0,178,231
06/10/2020,SFF,WA,ANM,WE,Federal Contract Tower,0,5,27,0,32,0,10,86,0,96,0,15,113,0,128,144,0,144,272
06/11/2020,SFF,WA,ANM,WE,Federal Contract Tower,0,3,25,0,28,0,9,91,0,100,0,12,116,0,128,108,0,108,236
06/12/2020,SFF,WA,ANM,WE,Federal Contract Tower,0,2,12,0,14,0,9,64,0,73,0,11,76,0,87,152,0,152,239
06/13/2020,SFF,WA,ANM,WE,Federal Contract Tower,0,1,7,0,8,0,3,5,0,8,0,4,12,0,16,6,0,6,22
06/14/2020,SFF,WA,ANM,WE,Federal Contract Tower,0,1,9,0,10,0,7,34,0,41,0,8,43,0,51,68,0,68,119
06/15/2020,SFF,WA,ANM,WE,Federal Contract Tower,0,2,10,0,12,0,4,38,0,42,0,6,48,0,54,230,0,230,284
06/16/2020,SFF,WA,ANM,WE,Federal Contract Tower,0,2,19,0,21,0,5,76,0,81,0,7,95,0,102,200,0,200,302
06/17/2020,SFF,WA,ANM,WE,Federal Contract Tower,0,2,16,0,18,0,21,132,0,153,0,23,148,0,171,202,0,202,373
06/18/2020,SFF,WA,ANM,WE,Federal Contract Tower,0,5,19,0,24,0,4,132,0,136,0,9,151,0,160,232,0,232,392
06/19/2020,SFF,WA,ANM,WE,Federal Contract Tower,0,2,25,0,27,0,13,129,0,142,0,15,154,0,169,124,0,124,293
06/20/2020,SFF,WA,ANM,WE,Federal Contract Tower,0,1,5,0,6,0,9,79,0,88,0,10,84,0,94,93,0,93,187
06/21/2020,SFF,WA,ANM,WE,Federal Contract Tower,0,0,4,0,4,0,6,61,0,67,0,6,65,0,71,14,0,14,85
06/22/2020,SFF,WA,ANM,WE,Federal Contract Tower,0,0,11,0,11,0,9,111,0,120,0,9,122,0,131,201,0,201,332
06/23/2020,SFF,WA,ANM,WE,Federal Contract Tower,0,2,13,1,16,0,12,112,0,124,0,14,125,1,140,186,0,186,326
06/24/2020,SFF,WA,ANM,WE,Federal Contract Tower,0,3,21,0,24,0,9,62,0,71,0,12,83,0,95,72,0,72,167
06/25/2020,SFF,WA,ANM,WE,Federal Contract Tower,0,2,10,0,12,0,3,95,0,98,0,5,105,0,110,128,0,128,238
06/26/2020,SFF,WA,ANM,WE,Federal Contract Tower,0,2,9,0,11,0,8,87,0,95,0,10,96,0,106,64,0,64,170
06/27/2020,SFF,WA,ANM,WE,Federal Contract Tower,0,1,13,0,14,0,12,67,0,79,0,13,80,0,93,28,0,28,121
06/28/2020,SFF,WA,ANM,WE,Federal Contract Tower,0,0,13,0,13,0,1,33,0,34,0,1,46,0,47,68,0,68,115
06/29/2020,SFF,WA,ANM,WE,Federal Contract Tower,0,0,5,0,5,0,9,53,0,62,0,9,58,0,67,68,0,68,135
06/30/2020,SFF,WA,ANM,WE,Federal Contract Tower,0,1,18,0,19,0,8,42,0,50,0,9,60,0,69,68,0,68,137
07/01/2020,SFF,WA,ANM,WE,Federal Contract Tower,0,0,13,0,13,0,7,31,0,38,0,7,44,0,51,56,0,56,107
07/02/2020,SFF,WA,ANM,WE,Federal Contract Tower,0,3,13,0,16,0,13,62,0,75,0,16,75,0,91,58,0,58,149
07/03/2020,SFF,WA,ANM,WE,Federal Contract Tower,0,0,11,0,11,0,14,125,0,139,0,14,136,0,150,74,0,74,224
07/05/2020,SFF,WA,ANM,WE,Federal Contract Tower,0,1,10,0,11,0,5,62,0,67,0,6,72,0,78,66,0,66,144
07/06/2020,SFF,WA,ANM,WE,Federal Contract Tower,0,1,13,0,14,0,4,101,0,105,0,5,114,0,119,167,0,167,286
07/07/2020,SFF,WA,ANM,WE,Federal Contract Tower,0,2,14,0,16,0,7,61,0,68,0,9,75,0,84,88,0,88,172
07/08/2020,SFF,WA,ANM,WE,Federal Contract Tower,0,1,13,0,14,0,9,106,0,115,0,10,119,0,129,205,0,205,334
07/09/2020,SFF,WA,ANM,WE,Federal Contract Tower,0,2,18,0,20,0,2,88,0,90,0,4,106,0,110,108,0,108,218
07/10/2020,SFF,WA,ANM,WE,Federal Contract Tower,0,0,10,0,10,0,8,66,0,74,0,8,76,0,84,106,0,106,190
07/11/2020,SFF,WA,ANM,WE,Federal Contract Tower,0,0,3,0,3,0,4,79,0,83,0,4,82,0,86,75,0,75,161
07/12/2020,SFF,WA,ANM,WE,Federal Contract Tower,0,0,8,0,8,0,14,36,0,50,0,14,44,0,58,2,0,2,60
07/13/2020,SFF,WA,ANM,WE,Federal Contract Tower,0,2,15,0,17,0,3,79,0,82,0,5,94,0,99,17,0,17,116
07/14/2020,SFF,WA,ANM,WE,Federal Contract Tower,0,1,10,0,11,0,12,90,0,102,0,13,100,0,113,274,0,274,387
07/15/2020,SFF,WA,ANM,WE,Federal Contract Tower,0,3,12,1,16,0,4,70,0,74,0,7,82,1,90,98,0,98,188
07/16/2020,SFF,WA,ANM,WE,Federal Contract Tower,0,0,12,0,12,0,14,87,0,101,0,14,99,0,113,108,0,108,221
07/17/2020,SFF,WA,ANM,WE,Federal Contract Tower,0,1,15,0,16,0,15,81,0,96,0,16,96,0,112,148,0,148,260
07/18/2020,SFF,WA,ANM,WE,Federal Contract Tower,0,0,11,0,11,0,19,75,0,94,0,19,86,0,105,36,0,36,141
07/19/2020,SFF,WA,ANM,WE,Federal Contract Tower,0,0,8,0,8,0,7,49,0,56,0,7,57,0,64,22,0,22,86
07/20/2020,SFF,WA,ANM,WE,Federal Contract Tower,0,1,5,0,6,0,17,102,0,119,0,18,107,0,125,148,0,148,273
07/21/2020,SFF,WA,ANM,WE,Federal Contract Tower,0,1,6,0,7,0,10,86,0,96,0,11,92,0,103,190,0,190,293
07/23/2020,SFF,WA,ANM,WE,Federal Contract Tower,0,0,13,0,13,0,10,99,0,109,0,10,112,0,122,144,0,144,266
07/24/2020,SFF,WA,ANM,WE,Federal Contract Tower,0,0,16,0,16,0,13,89,0,102,0,13,105,0,118,134,0,134,252
07/25/2020,SFF,WA,ANM,WE,Federal Contract Tower,0,0,4,0,4,0,15,85,0,100,0,15,89,0,104,84,0,84,188
07/26/2020,SFF,WA,ANM,WE,Federal Contract Tower,0,1,6,0,7,0,18,67,0,85,0,19,73,0,92,6,0,6,98
07/27/2020,SFF,WA,ANM,WE,Federal Contract Tower,2,15,0,0,17,0,16,93,0,109,2,31,93,0,126,168,0,168,294
07/28/2020,SFF,WA,ANM,WE,Federal Contract Tower,0,9,0,0,9,0,11,124,0,135,0,20,124,0,144,133,0,133,277
07/29/2020,SFF,WA,ANM,WE,Federal Contract Tower,0,1,9,0,10,0,18,108,0,126,0,19,117,0,136,218,0,218,354
07/30/2020,SFF,WA,ANM,WE,Federal Contract Tower,0,5,11,0,16,0,24,99,0,123,0,29,110,0,139,214,0,214,353
07/31/2020,SFF,WA,ANM,WE,Federal Contract Tower,0,1,7,0,8,0,23,68,0,91,0,24,75,0,99,160,0,160,259
08/01/2020,SFF,WA,ANM,WE,Federal Contract Tower,0,0,6,0,6,0,6,56,0,62,0,6,62,0,68,72,0,72,140
08/02/2020,SFF,WA,ANM,WE,Federal Contract Tower,0,1,11,0,12,0,0,84,0,84,0,1,95,0,96,8,0,8,104
08/03/2020,SFF,WA,ANM,WE,Federal Contract Tower,0,0,10,0,10,0,4,94,0,98,0,4,104,0,108,144,0,144,252
08/04/2020,SFF,WA,ANM,WE,Federal Contract Tower,0,3,8,0,11,0,16,130,0,146,0,19,138,0,157,110,0,110,267
08/05/2020,SFF,WA,ANM,WE,Federal Contract Tower,0,5,15,0,20,0,12,93,0,105,0,17,108,0,125,200,0,200,325
08/06/2020,SFF,WA,ANM,WE,Federal Contract Tower,0,1,14,0,15,0,11,51,0,62,0,12,65,0,77,98,0,98,175
08/07/2020,SFF,WA,ANM,WE,Federal Contract Tower,0,1,12,0,13,0,14,113,0,127,0,15,125,0,140,106,0,106,246
08/08/2020,SFF,WA,ANM,WE,Federal Contract Tower,0,0,9,0,9,0,6,91,0,97,0,6,100,0,106,20,0,20,126
08/09/2020,SFF,WA,ANM,WE,Federal Contract Tower,0,0,3,0,3,0,13,67,0,80,0,13,70,0,83,44,0,44,127
08/10/2020,SFF,WA,ANM,WE,Federal Contract Tower,0,0,19,0,19,0,4,61,0,65,0,4,80,0,84,96,0,96,180
08/11/2020,SFF,WA,ANM,WE,Federal Contract Tower,0,1,10,0,11,0,5,94,0,99,0,6,104,0,110,52,0,52,162
08/12/2020,SFF,WA,ANM,WE,Federal Contract Tower,0,4,18,0,22,0,6,87,2,95,0,10,105,2,117,139,0,139,256
08/13/2020,SFF,WA,ANM,WE,Federal Contract Tower,0,2,19,0,21,0,10,145,0,155,0,12,164,0,176,133,0,133,309
08/14/2020,SFF,WA,ANM,WE,Federal Contract Tower,0,2,13,0,15,0,3,106,0,109,0,5,119,0,124,168,0,168,292
08/15/2020,SFF,WA,ANM,WE,Federal Contract Tower,0,0,9,0,9,0,15,56,0,71,0,15,65,0,80,0,0,0,80
08/16/2020,SFF,WA,ANM,WE,Federal Contract Tower,0,5,0,0,5,0,0,0,0,0,0,5,0,0,5,36,0,36,41
08/17/2020,SFF,WA,ANM,WE,Federal Contract Tower,0,2,9,0,11,0,10,61,0,71,0,12,70,0,82,80,0,80,162
08/18/2020,SFF,WA,ANM,WE,Federal Contract Tower,0,4,10,0,14,0,11,54,0,65,0,15,64,0,79,52,0,52,131
08/19/2020,SFF,WA,ANM,WE,Federal Contract Tower,0,5,14,1,20,0,7,67,1,75,0,12,81,2,95,234,0,234,329
08/20/2020,SFF,WA,ANM,WE,Federal Contract Tower,0,2,16,0,18,0,16,79,0,95,0,18,95,0,113,171,0,171,284
08/21/2020,SFF,WA,ANM,WE,Federal Contract Tower,0,2,16,0,18,0,16,79,0,95,0,18,95,0,113,171,0,171,284
08/22/2020,SFF,WA,ANM,WE,Federal Contract Tower,0,0,15,0,15,0,14,96,0,110,0,14,111,0,125,62,0,62,187
08/23/2020,SFF,WA,ANM,WE,Federal Contract Tower,0,0,8,0,8,0,8,88,0,96,0,8,96,0,104,52,0,52,156
08/24/2020,SFF,WA,ANM,WE,Federal Contract Tower,0,0,10,0,10,0,11,66,0,77,0,11,76,0,87,28,0,28,115
08/25/2020,SFF,WA,ANM,WE,Federal Contract Tower,0,5,15,0,20,0,5,103,0,108,0,10,118,0,128,86,0,86,214
08/26/2020,SFF,WA,ANM,WE,Federal Contract Tower,0,4,14,0,18,0,14,104,0,118,0,18,118,0,136,26,0,26,162
08/27/2020,SFF,WA,ANM,WE,Federal Contract Tower,0,4,9,0,13,0,12,110,0,122,0,16,119,0,135,136,0,136,271
08/28/2020,SFF,WA,ANM,WE,Federal Contract Tower,0,1,23,0,24,0,2,112,0,114,0,3,135,0,138,153,0,153,291
08/29/2020,SFF,WA,ANM,WE,Federal Contract Tower,0,1,9,0,10,0,10,68,0,78,0,11,77,0,88,40,0,40,128
08/30/2020,SFF,WA,ANM,WE,Federal Contract Tower,0,0,25,0,25,0,10,92,0,102,0,10,117,0,127,18,0,18,145
08/31/2020,SFF,WA,ANM,WE,Federal Contract Tower,0,0,17,0,17,0,5,63,0,68,0,5,80,0,85,124,0,124,209
09/01/2020,SFF,WA,ANM,WE,Federal Contract Tower,1,10,1,0,12,0,7,111,1,119,1,17,112,1,131,86,0,86,217
09/02/2020,SFF,WA,ANM,WE,Federal Contract Tower,0,3,7,0,10,0,16,85,0,101,0,19,92,0,111,92,0,92,203
09/04/2020,SFF,WA,ANM,WE,Federal Contract Tower,0,1,15,0,16,0,10,116,0,126,0,11,131,0,142,132,0,132,274
09/05/2020,SFF,WA,ANM,WE,Federal Contract Tower,0,9,0,0,9,0,10,67,0,77,0,19,67,0,86,14,0,14,100
09/06/2020,SFF,WA,ANM,WE,Federal Contract Tower,0,0,7,0,7,0,4,77,0,81,0,4,84,0,88,10,0,10,98
09/07/2020,SFF,WA,ANM,WE,Federal Contract Tower,0,0,6,0,6,0,3,13,0,16,0,3,19,0,22,8,0,8,30
09/08/2020,SFF,WA,ANM,WE,Federal Contract Tower,0,3,14,0,17,0,5,116,0,121,0,8,130,0,138,82,0,82,220
09/09/2020,SFF,WA,ANM,WE,Federal Contract Tower,0,3,21,0,24,0,16,127,0,143,0,19,148,0,167,182,0,182,349
09/10/2020,SFF,WA,ANM,WE,Federal Contract Tower,0,2,20,0,22,0,15,122,0,137,0,17,142,0,159,168,0,168,327
09/11/2020,SFF,WA,ANM,WE,Federal Contract Tower,0,0,16,0,16,0,3,109,0,112,0,3,125,0,128,114,0,114,242
09/12/2020,SFF,WA,ANM,WE,Federal Contract Tower,0,1,5,0,6,0,0,0,0,0,0,1,5,0,6,0,0,0,6
09/13/2020,SFF,WA,ANM,WE,Federal Contract Tower,0,0,3,0,3,0,0,0,0,0,0,0,3,0,3,0,0,0,3
09/14/2020,SFF,WA,ANM,WE,Federal Contract Tower,0,8,0,0,8,0,0,0,0,0,0,8,0,0,8,0,0,0,8
09/15/2020,SFF,WA,ANM,WE,Federal Contract Tower,0,2,17,0,19,0,0,0,0,0,0,2,17,0,19,0,0,0,19
09/16/2020,SFF,WA,ANM,WE,Federal Contract Tower,0,5,11,0,16,0,0,0,0,0,0,5,11,0,16,0,0,0,16
09/17/2020,SFF,WA,ANM,WE,Federal Contract Tower,0,3,22,0,25,0,0,1,0,1,0,3,23,0,26,0,0,0,26
09/18/2020,SFF,WA,ANM,WE,Federal Contract Tower,0,3,26,0,29,0,0,0,0,0,0,3,26,0,29,12,0,12,41
09/19/2020,SFF,WA,ANM,WE,Federal Contract Tower,0,1,12,0,13,0,9,42,0,51,0,10,54,0,64,126,0,126,190
09/20/2020,SFF,WA,ANM,WE,Federal Contract Tower,0,1,9,0,10,0,10,69,0,79,0,11,78,0,89,70,0,70,159
09/21/2020,SFF,WA,ANM,WE,Federal Contract Tower,0,2,11,0,13,0,15,103,0,118,0,17,114,0,131,196,0,196,327
09/22/2020,SFF,WA,ANM,WE,Federal Contract Tower,0,0,16,0,16,0,18,121,0,139,0,18,137,0,155,174,0,174,329
09/23/2020,SFF,WA,ANM,WE,Federal Contract Tower,0,5,15,0,20,0,17,64,0,81,0,22,79,0,101,174,0,174,275
09/24/2020,SFF,WA,ANM,WE,Federal Contract Tower,0,0,23,0,23,0,9,53,0,62,0,9,76,0,85,62,0,62,147
09/25/2020,SFF,WA,ANM,WE,Federal Contract Tower,0,0,16,0,16,0,7,42,0,49,0,7,58,0,65,116,0,116,181
09/26/2020,SFF,WA,ANM,WE,Federal Contract Tower,0,0,4,0,4,0,4,43,0,47,0,4,47,0,51,8,0,8,59
09/27/2020,SFF,WA,ANM,WE,Federal Contract Tower,0,0,4,0,4,0,10,87,0,97,0,10,91,0,101,2,0,2,103
09/28/2020,SFF,WA,ANM,WE,Federal Contract Tower,0,1,10,0,11,0,14,93,0,107,0,15,103,0,118,242,0,242,360
09/29/2020,SFF,WA,ANM,WE,Federal Contract Tower,0,4,11,0,15,0,11,119,0,130,0,15,130,0,145,128,0,128,273
09/30/2020,SFF,WA,ANM,WE,Federal Contract Tower,0,0,28,0,28,0,9,77,0,86,0,9,105,0,114,108,0,108,222
10/01/2020,SFF,WA,ANM,WE,Federal Contract Tower,0,2,9,0,11,0,3,98,0,101,0,5,107,0,112,185,0,185,297
10/02/2020,SFF,WA,ANM,WE,Federal Contract Tower,0,1,2,0,3,0,4,95,0,99,0,5,97,0,102,155,0,155,257
10/03/2020,SFF,WA,ANM,WE,Federal Contract Tower,0,0,9,0,9,0,4,132,0,136,0,4,141,0,145,84,0,84,229
10/04/2020,SFF,WA,ANM,WE,Federal Contract Tower,0,0,10,0,10,0,17,65,0,82,0,17,75,0,92,60,0,60,152
10/05/2020,SFF,WA,ANM,WE,Federal Contract Tower,0,1,0,0,1,0,12,78,0,90,0,13,78,0,91,205,0,205,296
10/06/2020,SFF,WA,ANM,WE,Federal Contract Tower,0,0,11,0,11,0,15,95,0,110,0,15,106,0,121,166,0,166,287
10/07/2020,SFF,WA,ANM,WE,Federal Contract Tower,0,3,14,0,17,0,7,84,0,91,0,10,98,0,108,202,0,202,310
10/08/2020,SFF,WA,ANM,WE,Federal Contract Tower,0,2,13,0,15,0,11,89,0,100,0,13,102,0,115,100,0,100,215
10/09/2020,SFF,WA,ANM,WE,Federal Contract Tower,0,1,11,0,12,0,12,120,0,132,0,13,131,0,144,206,0,206,350
10/10/2020,SFF,WA,ANM,WE,Federal Contract Tower,0,0,7,0,7,0,6,4,0,10,0,6,11,0,17,36,0,36,53
10/11/2020,SFF,WA,ANM,WE,Federal Contract Tower,0,1,9,0,10,0,9,36,0,45,0,10,45,0,55,14,0,14,69
10/12/2020,SFF,WA,ANM,WE,Federal Contract Tower,0,0,13,0,13,0,8,52,0,60,0,8,65,0,73,158,0,158,231
10/13/2020,SFF,WA,ANM,WE,Federal Contract Tower,0,2,14,0,16,0,4,5,0,9,0,6,19,0,25,30,0,30,55
10/14/2020,SFF,WA,ANM,WE,Federal Contract Tower,0,3,14,0,17,0,8,93,0,101,0,11,107,0,118,138,0,138,256
10/15/2020,SFF,WA,ANM,WE,Federal Contract Tower,0,2,14,0,16,0,5,127,0,132,0,7,141,0,148,258,0,258,406
10/16/2020,SFF,WA,ANM,WE,Federal Contract Tower,0,4,8,0,12,0,8,47,0,55,0,12,55,0,67,90,0,90,157
10/17/2020,SFF,WA,ANM,WE,Federal Contract Tower,0,2,8,0,10,0,16,107,0,123,0,18,115,0,133,100,0,100,233
10/18/2020,SFF,WA,ANM,WE,Federal Contract Tower,0,0,12,0,12,0,3,10,0,13,0,3,22,0,25,74,0,74,99
10/19/2020,SFF,WA,ANM,WE,Federal Contract Tower,0,1,9,0,10,0,7,50,0,57,0,8,59,0,67,184,0,184,251
10/20/2020,SFF,WA,ANM,WE,Federal Contract Tower,0,1,8,0,9,0,1,85,0,86,0,2,93,0,95,202,0,202,297
10/21/2020,SFF,WA,ANM,WE,Federal Contract Tower,0,2,16,0,18,0,9,57,0,66,0,11,73,0,84,264,0,264,348
10/22/2020,SFF,WA,ANM,WE,Federal Contract Tower,0,2,9,0,11,0,8,128,0,136,0,10,137,0,147,186,0,186,333
10/23/2020,SFF,WA,ANM,WE,Federal Contract Tower,0,1,3,0,4,0,1,4,1,6,0,2,7,1,10,86,0,86,96
10/24/2020,SFF,WA,ANM,WE,Federal Contract Tower,0,2,4,0,6,0,3,29,2,34,0,5,33,2,40,56,0,56,96
10/25/2020,SFF,WA,ANM,WE,Federal Contract Tower,0,0,12,0,12,0,1,55,2,58,0,1,67,2,70,14,0,14,84
10/26/2020,SFF,WA,ANM,WE,Federal Contract Tower,0,0,11,0,11,0,9,77,0,86,0,9,88,0,97,266,0,266,363
10/27/2020,SFF,WA,ANM,WE,Federal Contract Tower,0,1,16,0,17,0,7,92,0,99,0,8,108,0,116,176,0,176,292
10/28/2020,SFF,WA,ANM,WE,Federal Contract Tower,0,3,17,0,20,0,8,70,0,78,0,11,87,0,98,133,0,133,231
10/29/2020,SFF,WA,ANM,WE,Federal Contract Tower,0,1,10,0,11,0,7,115,0,122,0,8,125,0,133,192,0,192,325
10/30/2020,SFF,WA,ANM,WE,Federal Contract Tower,0,2,4,0,6,0,0,18,0,18,0,2,22,0,24,46,0,46,70
10/31/2020,SFF,WA,ANM,WE,Federal Contract Tower,0,0,7,0,7,0,7,116,0,123,0,7,123,0,130,98,0,98,228
11/01/2020,SFF,WA,ANM,WE,Federal Contract Tower,0,1,9,0,10,0,8,151,0,159,0,9,160,0,169,48,0,48,217
11/02/2020,SFF,WA,ANM,WE,Federal Contract Tower,0,0,13,0,13,0,8,109,0,117,0,8,122,0,130,210,0,210,340
11/03/2020,SFF,WA,ANM,WE,Federal Contract Tower,0,1,14,0,15,0,3,58,0,61,0,4,72,0,76,144,0,144,220
11/04/2020,SFF,WA,ANM,WE,Federal Contract Tower,0,4,9,0,13,0,12,73,0,85,0,16,82,0,98,142,0,142,240
11/05/2020,SFF,WA,ANM,WE,Federal Contract Tower,0,3,13,0,16,0,7,15,0,22,0,10,28,0,38,118,0,118,156
11/06/2020,SFF,WA,ANM,WE,Federal Contract Tower,0,2,13,0,15,0,4,42,0,46,0,6,55,0,61,78,0,78,139
11/07/2020,SFF,WA,ANM,WE,Federal Contract Tower,0,1,6,0,7,0,1,35,0,36,0,2,41,0,43,65,0,65,108
11/08/2020,SFF,WA,ANM,WE,Federal Contract Tower,0,1,9,0,10,0,1,2,0,3,0,2,11,0,13,44,0,44,57
11/09/2020,SFF,WA,ANM,WE,Federal Contract Tower,0,0,13,0,13,0,9,111,0,120,0,9,124,0,133,268,0,268,401
11/10/2020,SFF,WA,ANM,WE,Federal Contract Tower,0,3,16,0,19,0,0,14,0,14,0,3,30,0,33,172,0,172,205
11/11/2020,SFF,WA,ANM,WE,Federal Contract Tower,0,5,18,0,23,0,0,20,0,20,0,5,38,0,43,156,0,156,199
11/12/2020,SFF,WA,ANM,WE,Federal Contract Tower,0,2,14,0,16,0,2,62,0,64,0,4,76,0,80,146,0,146,226
11/13/2020,SFF,WA,ANM,WE,Federal Contract Tower,0,1,3,0,4,0,0,0,0,0,0,1,3,0,4,6,0,6,10
11/14/2020,SFF,WA,ANM,WE,Federal Contract Tower,0,0,4,0,4,0,9,59,0,68,0,9,63,0,72,46,0,46,118
11/15/2020,SFF,WA,ANM,WE,Federal Contract Tower,0,0,7,0,7,0,2,15,0,17,0,2,22,0,24,22,0,22,46
11/16/2020,SFF,WA,ANM,WE,Federal Contract Tower,0,0,8,0,8,0,6,14,0,20,0,6,22,0,28,156,0,156,184
11/17/2020,SFF,WA,ANM,WE,Federal Contract Tower,0,3,14,0,17,0,3,52,0,55,0,6,66,0,72,162,0,162,234
11/18/2020,SFF,WA,ANM,WE,Federal Contract Tower,0,3,25,0,28,0,6,39,0,45,0,9,64,0,73,104,0,104,177
11/19/2020,SFF,WA,ANM,WE,Federal Contract Tower,0,4,12,0,16,0,16,57,0,73,0,20,69,0,89,74,0,74,163
11/20/2020,SFF,WA,ANM,WE,Federal Contract Tower,0,1,14,0,15,0,3,127,0,130,0,4,141,0,145,111,0,111,256
11/21/2020,SFF,WA,ANM,WE,Federal Contract Tower,0,0,6,0,6,0,5,133,0,138,0,5,139,0,144,181,0,181,325
11/22/2020,SFF,WA,ANM,WE,Federal Contract Tower,0,0,8,0,8,0,1,60,0,61,0,1,68,0,69,30,0,30,99
11/23/2020,SFF,WA,ANM,WE,Federal Contract Tower,0,3,17,0,20,0,0,0,0,0,0,3,17,0,20,10,0,10,30
11/24/2020,SFF,WA,ANM,WE,Federal Contract Tower,0,5,20,0,25,0,1,20,0,21,0,6,40,0,46,112,0,112,158
11/25/2020,SFF,WA,ANM,WE,Federal Contract Tower,0,1,6,0,7,0,3,15,0,18,0,4,21,0,25,78,0,78,103
11/26/2020,SFF,WA,ANM,WE,Federal Contract Tower,0,0,4,0,4,0,0,2,0,2,0,0,6,0,6,0,0,0,6
11/27/2020,SFF,WA,ANM,WE,Federal Contract Tower,0,0,3,0,3,0,4,58,0,62,0,4,61,0,65,36,0,36,101
11/28/2020,SFF,WA,ANM,WE,Federal Contract Tower,0,0,5,0,5,0,2,89,0,91,0,2,94,0,96,74,0,74,170
11/29/2020,SFF,WA,ANM,WE,Federal Contract Tower,0,1,8,0,9,0,4,70,0,74,0,5,78,0,83,28,0,28,111
11/30/2020,SFF,WA,ANM,WE,Federal Contract Tower,0,3,9,0,12,0,0,2,0,2,0,3,11,0,14,44,0,44,58
12/01/2020,SFF,WA,ANM,WE,Federal Contract Tower,0,1,27,0,28,0,8,81,0,89,0,9,108,0,117,186,0,186,303
12/02/2020,SFF,WA,ANM,WE,Federal Contract Tower,0,0,16,0,16,0,2,0,0,2,0,2,16,0,18,222,0,222,240
12/03/2020,SFF,WA,ANM,WE,Federal Contract Tower,0,2,13,0,15,0,9,68,0,77,0,11,81,0,92,153,0,153,245
12/04/2020,SFF,WA,ANM,WE,Federal Contract Tower,0,6,35,0,41,0,0,0,0,0,0,6,35,0,41,0,0,0,41
12/05/2020,SFF,WA,ANM,WE,Federal Contract Tower,0,0,11,0,11,0,2,74,0,76,0,2,85,0,87,81,0,81,168
12/06/2020,SFF,WA,ANM,WE,Federal Contract Tower,0,0,8,0,8,0,3,28,0,31,0,3,36,0,39,33,0,33,72
12/07/2020,SFF,WA,ANM,WE,Federal Contract Tower,0,1,20,0,21,0,6,27,0,33,0,7,47,0,54,164,0,164,218
12/08/2020,SFF,WA,ANM,WE,Federal Contract Tower,0,2,11,0,13,0,8,66,0,74,0,10,77,0,87,208,0,208,295
12/09/2020,SFF,WA,ANM,WE,Federal Contract Tower,0,2,27,0,29,0,0,0,0,0,0,2,27,0,29,0,0,0,29
12/10/2020,SFF,WA,ANM,WE,Federal Contract Tower,0,5,27,0,32,0,1,33,0,34,0,6,60,0,66,144,0,144,210
12/11/2020,SFF,WA,ANM,WE,Federal Contract Tower,0,1,7,0,8,0,0,0,0,0,0,1,7,0,8,0,0,0,8
12/12/2020,SFF,WA,ANM,WE,Federal Contract Tower,0,2,13,0,15,0,0,2,0,2,0,2,15,0,17,48,0,48,65
12/13/2020,SFF,WA,ANM,WE,Federal Contract Tower,0,1,11,0,12,0,0,2,0,2,0,1,13,0,14,6,0,6,20
12/14/2020,SFF,WA,ANM,WE,Federal Contract Tower,0,5,16,0,21,0,0,2,0,2,0,5,18,0,23,10,0,10,33
12/15/2020,SFF,WA,ANM,WE,Federal Contract Tower,0,3,9,0,12,0,0,0,0,0,0,3,9,0,12,0,0,0,12
12/16/2020,SFF,WA,ANM,WE,Federal Contract Tower,0,5,13,0,18,0,3,32,0,35,0,8,45,0,53,235,0,235,288
12/17/2020,SFF,WA,ANM,WE,Federal Contract Tower,0,3,19,0,22,0,3,12,0,15,0,6,31,0,37,236,0,236,273
12/18/2020,SFF,WA,ANM,WE,Federal Contract Tower,0,1,11,0,12,0,2,13,0,15,0,3,24,0,27,78,0,78,105
12/19/2020,SFF,WA,ANM,WE,Federal Contract Tower,0,0,9,0,9,0,11,58,0,69,0,11,67,0,78,80,0,80,158
12/21/2020,SFF,WA,ANM,WE,Federal Contract Tower,0,2,13,0,15,0,0,2,0,2,0,2,15,0,17,12,0,12,29
12/22/2020,SFF,WA,ANM,WE,Federal Contract Tower,0,1,11,0,12,0,9,46,0,55,0,10,57,0,67,154,0,154,221
12/23/2020,SFF,WA,ANM,WE,Federal Contract Tower,0,2,7,0,9,0,7,111,0,118,0,9,118,0,127,140,0,140,267
12/24/2020,SFF,WA,ANM,WE,Federal Contract Tower,0,0,19,0,19,0,11,83,0,94,0,11,102,0,113,142,0,142,255
12/25/2020,SFF,WA,ANM,WE,Federal Contract Tower,0,0,2,0,2,0,2,8,0,10,0,2,10,0,12,0,0,0,12
12/26/2020,SFF,WA,ANM,WE,Federal Contract Tower,0,0,9,0,9,0,0,2,0,2,0,0,11,0,11,0,0,0,11
12/27/2020,SFF,WA,ANM,WE,Federal Contract Tower,0,0,8,0,8,0,4,4,0,8,0,4,12,0,16,14,0,14,30
12/28/2020,SFF,WA,ANM,WE,Federal Contract Tower,0,1,20,0,21,0,0,0,0,0,0,1,20,0,21,4,0,4,25
12/29/2020,SFF,WA,ANM,WE,Federal Contract Tower,0,2,15,0,17,0,3,16,0,19,0,5,31,0,36,115,0,115,151
12/30/2020,SFF,WA,ANM,WE,Federal Contract Tower,0,3,1,0,4,0,0,0,0,0,0,3,1,0,4,0,0,0,4
12/31/2020,SFF,WA,ANM,WE,Federal Contract Tower,0,5,6,0,11,0,1,0,0,1,0,6,6,0,12,0,0,0,12
01/01/2021,SFF,WA,ANM,WE,Federal Contract Tower,0,1,3,0,4,0,1,29,0,30,0,2,32,0,34,86,0,86,120
01/02/2021,SFF,WA,ANM,WE,Federal Contract Tower,0,0,3,0,3,0,2,10,0,12,0,2,13,0,15,48,0,48,63
01/03/2021,SFF,WA,ANM,WE,Federal Contract Tower,0,0,18,0,18,0,9,44,0,53,0,9,62,0,71,32,0,32,103
01/04/2021,SFF,WA,ANM,WE,Federal Contract Tower,0,2,12,0,14,0,0,13,0,13,0,2,25,0,27,110,0,110,137
01/05/2021,SFF,WA,ANM,WE,Federal Contract Tower,0,1,30,0,31,0,5,65,0,70,0,6,95,0,101,94,0,94,195
01/06/2021,SFF,WA,ANM,WE,Federal Contract Tower,0,3,23,0,26,0,0,23,0,23,0,3,46,0,49,92,0,92,141
01/07/2021,SFF,WA,ANM,WE,Federal Contract Tower,0,5,18,0,23,0,0,9,0,9,0,5,27,0,32,38,0,38,70
01/08/2021,SFF,WA,ANM,WE,Federal Contract Tower,0,2,7,0,9,0,11,58,0,69,0,13,65,0,78,180,0,180,258
01/09/2021,SFF,WA,ANM,WE,Federal Contract Tower,0,1,8,0,9,0,5,9,0,14,0,6,17,0,23,10,0,10,33
01/10/2021,SFF,WA,ANM,WE,Federal Contract Tower,0,1,10,0,11,0,2,60,0,62,0,3,70,0,73,80,0,80,153
01/11/2021,SFF,WA,ANM,WE,Federal Contract Tower,0,3,17,0,20,0,4,53,0,57,0,7,70,0,77,122,0,122,199
01/12/2021,SFF,WA,ANM,WE,Federal Contract Tower,0,1,15,0,16,0,0,0,0,0,0,1,15,0,16,16,0,16,32
01/13/2021,SFF,WA,ANM,WE,Federal Contract Tower,0,6,8,0,14,0,12,19,0,31,0,18,27,0,45,0,0,0,45
01/14/2021,SFF,WA,ANM,WE,Federal Contract Tower,0,5,17,0,22,0,15,113,0,128,0,20,130,0,150,235,0,235,385
01/15/2021,SFF,WA,ANM,WE,Federal Contract Tower,0,2,8,0,10,0,5,31,0,36,0,7,39,0,46,84,0,84,130
01/16/2021,SFF,WA,ANM,WE,Federal Contract Tower,0,1,7,0,8,0,1,26,0,27,0,2,33,0,35,50,0,50,85
01/17/2021,SFF,WA,ANM,WE,Federal Contract Tower,0,1,13,0,14,0,1,7,0,8,0,2,20,0,22,0,0,0,22
01/18/2021,SFF,WA,ANM,WE,Federal Contract Tower,0,3,23,0,26,0,2,38,0,40,0,5,61,0,66,85,0,85,151
01/19/2021,SFF,WA,ANM,WE,Federal Contract Tower,0,3,29,0,32,0,0,24,0,24,0,3,53,0,56,46,0,46,102
01/20/2021,SFF,WA,ANM,WE,Federal Contract Tower,0,5,12,0,17,0,4,89,0,93,0,9,101,0,110,158,0,158,268
01/22/2021,SFF,WA,ANM,WE,Federal Contract Tower,0,0,12,0,12,0,20,97,0,117,0,20,109,0,129,76,0,76,205
01/23/2021,SFF,WA,ANM,WE,Federal Contract Tower,0,1,16,0,17,0,4,76,0,80,0,5,92,0,97,116,0,116,213
01/24/2021,SFF,WA,ANM,WE,Federal Contract Tower,0,1,9,0,10,0,5,22,0,27,0,6,31,0,37,20,0,20,57
01/25/2021,SFF,WA,ANM,WE,Federal Contract Tower,0,1,15,0,16,0,0,2,0,2,0,1,17,0,18,20,0,20,38
01/26/2021,SFF,WA,ANM,WE,Federal Contract Tower,0,3,12,0,15,0,6,28,0,34,0,9,40,0,49,124,0,124,173
01/27/2021,SFF,WA,ANM,WE,Federal Contract Tower,0,6,5,0,11,0,0,28,0,28,0,6,33,0,39,130,0,130,169
01/28/2021,SFF,WA,ANM,WE,Federal Contract Tower,0,2,8,0,10,0,10,62,0,72,0,12,70,0,82,140,0,140,222
01/29/2021,SFF,WA,ANM,WE,Federal Contract Tower,0,1,10,0,11,0,0,0,0,0,0,1,10,0,11,0,0,0,11
01/30/2021,SFF,WA,ANM,WE,Federal Contract Tower,0,0,11,0,11,0,6,39,0,45,0,6,50,0,56,84,0,84,140
01/31/2021,SFF,WA,ANM,WE,Federal Contract Tower,0,0,5,0,5,0,2,26,0,28,0,2,31,0,33,74,0,74,107
02/01/2021,SFF,WA,ANM,WE,Federal Contract Tower,0,1,6,0,7,0,5,65,0,70,0,6,71,0,77,128,0,128,205
02/02/2021,SFF,WA,ANM,WE,Federal Contract Tower,0,2,13,0,15,0,3,30,0,33,0,5,43,0,48,122,0,122,170
02/03/2021,SFF,WA,ANM,WE,Federal Contract Tower,0,3,12,0,15,0,6,63,0,69,0,9,75,0,84,92,0,92,176
02/04/2021,SFF,WA,ANM,WE,Federal Contract Tower,0,3,16,0,19,0,9,43,0,52,0,12,59,0,71,206,0,206,277
02/05/2021,SFF,WA,ANM,WE,Federal Contract Tower,0,3,13,0,16,0,7,90,0,97,0,10,103,0,113,173,0,173,286
02/06/2021,SFF,WA,ANM,WE,Federal Contract Tower,0,0,3,0,3,0,2,16,0,18,0,2,19,0,21,32,0,32,53
02/07/2021,SFF,WA,ANM,WE,Federal Contract Tower,0,1,5,0,6,0,6,33,0,39,0,7,38,0,45,36,0,36,81
02/08/2021,SFF,WA,ANM,WE,Federal Contract Tower,0,2,10,0,12,0,1,65,0,66,0,3,75,0,78,97,0,97,175
02/09/2021,SFF,WA,ANM,WE,Federal Contract Tower,0,6,17,0,23,0,4,75,0,79,0,10,92,0,102,96,0,96,198
02/10/2021,SFF,WA,ANM,WE,Federal Contract Tower,0,7,13,0,20,0,8,108,0,116,0,15,121,0,136,102,0,102,238
02/11/2021,SFF,WA,ANM,WE,Federal Contract Tower,0,1,15,0,16,0,4,48,0,52,0,5,63,0,68,74,0,74,142
02/12/2021,SFF,WA,ANM,WE,Federal Contract Tower,0,1,10,0,11,0,5,42,0,47,0,6,52,0,58,50,0,50,108
02/13/2021,SFF,WA,ANM,WE,Federal Contract Tower,0,0,9,0,9,0,1,12,0,13,0,1,21,0,22,6,0,6,28
02/14/2021,SFF,WA,ANM,WE,Federal Contract Tower,0,0,6,0,6,0,0,7,0,7,0,0,13,0,13,2,0,2,15
02/15/2021,SFF,WA,ANM,WE,Federal Contract Tower,0,0,1,0,1,0,0,0,0,0,0,0,1,0,1,0,0,0,1
02/16/2021,SFF,WA,ANM,WE,Federal Contract Tower,0,5,20,0,25,0,0,5,0,5,0,5,25,0,30,8,0,8,38
02/17/2021,SFF,WA,ANM,WE,Federal Contract Tower,0,4,16,0,20,0,10,73,0,83,0,14,89,0,103,114,0,114,217
02/18/2021,SFF,WA,ANM,WE,Federal Contract Tower,0,2,7,0,9,0,3,68,0,71,0,5,75,0,80,75,0,75,155
02/19/2021,SFF,WA,ANM,WE,Federal Contract Tower,0,2,23,0,25,0,2,13,0,15,0,4,36,0,40,70,0,70,110
02/20/2021,SFF,WA,ANM,WE,Federal Contract Tower,0,0,7,0,7,0,1,5,0,6,0,1,12,0,13,46,0,46,59
02/21/2021,SFF,WA,ANM,WE,Federal Contract Tower,0,0,5,0,5,0,4,9,0,13,0,4,14,0,18,80,0,80,98
02/22/2021,SFF,WA,ANM,WE,Federal Contract Tower,0,0,12,0,12,0,2,13,0,15,0,2,25,0,27,125,0,125,152
02/23/2021,SFF,WA,ANM,WE,Federal Contract Tower,0,0,18,0,18,0,8,54,0,62,0,8,72,0,80,161,0,161,241
02/24/2021,SFF,WA,ANM,WE,Federal Contract Tower,0,3,16,0,19,0,13,97,0,110,0,16,113,0,129,146,0,146,275
02/25/2021,SFF,WA,ANM,WE,Federal Contract Tower,0,2,8,0,10,0,5,3,0,8,0,7,11,0,18,136,0,136,154
02/26/2021,SFF,WA,ANM,WE,Federal Contract Tower,0,4,15,0,19,0,3,56,0,59,0,7,71,0,78,128,0,128,206
02/27/2021,SFF,WA,ANM,WE,Federal Contract Tower,0,1,10,0,11,0,4,104,0,108,0,5,114,0,119,118,0,118,237
02/28/2021,SFF,WA,ANM,WE,Federal Contract Tower,0,2,6,0,8,0,4,24,0,28,0,6,30,0,36,28,0,28,64
03/01/2021,SFF,WA,ANM,WE,Federal Contract Tower,0,0,18,0,18,0,5,113,0,118,0,5,131,0,136,136,0,136,272
03/02/2021,SFF,WA,ANM,WE,Federal Contract Tower,0,4,21,0,25,0,12,138,0,150,0,16,159,0,175,160,0,160,335
03/03/2021,SFF,WA,ANM,WE,Federal Contract Tower,0,2,22,0,24,0,6,104,0,110,0,8,126,0,134,127,0,127,261
03/04/2021,SFF,WA,ANM,WE,Federal Contract Tower,0,1,17,0,18,0,12,90,0,102,0,13,107,0,120,193,0,193,313
03/05/2021,SFF,WA,ANM,WE,Federal Contract Tower,0,1,15,0,16,0,9,88,0,97,0,10,103,0,113,164,0,164,277
03/06/2021,SFF,WA,ANM,WE,Federal Contract Tower,0,0,10,0,10,0,1,37,0,38,0,1,47,0,48,42,0,42,90
03/07/2021,SFF,WA,ANM,WE,Federal Contract Tower,0,1,6,0,7,0,10,42,0,52,0,11,48,0,59,60,0,60,119
03/08/2021,SFF,WA,ANM,WE,Federal Contract Tower,0,2,26,0,28,0,12,66,0,78,0,14,92,0,106,127,0,127,233
03/09/2021,SFF,WA,ANM,WE,Federal Contract Tower,0,1,20,0,21,0,11,80,0,91,0,12,100,0,112,102,0,102,214
03/10/2021,SFF,WA,ANM,WE,Federal Contract Tower,0,3,13,0,16,0,7,68,0,75,0,10,81,0,91,68,0,68,159
03/11/2021,SFF,WA,ANM,WE,Federal Contract Tower,0,3,24,0,27,0,13,128,0,141,0,16,152,0,168,95,0,95,263
03/12/2021,SFF,WA,ANM,WE,Federal Contract Tower,0,4,21,0,25,0,9,184,0,193,0,13,205,0,218,274,0,274,492
03/13/2021,SFF,WA,ANM,WE,Federal Contract Tower,0,0,9,0,9,0,7,145,0,152,0,7,154,0,161,75,0,75,236
03/14/2021,SFF,WA,ANM,WE,Federal Contract Tower,0,0,8,0,8,0,14,101,0,115,0,14,109,0,123,98,0,98,221
03/15/2021,SFF,WA,ANM,WE,Federal Contract Tower,0,0,29,0,29,0,2,52,0,54,0,2,81,0,83,156,0,156,239
03/16/2021,SFF,WA,ANM,WE,Federal Contract Tower,0,1,21,0,22,0,4,103,0,107,0,5,124,0,129,188,0,188,317
03/17/2021,SFF,WA,ANM,WE,Federal Contract Tower,0,4,25,0,29,0,14,110,0,124,0,18,135,0,153,201,0,201,354
03/18/2021,SFF,WA,ANM,WE,Federal Contract Tower,0,3,28,0,31,0,9,98,0,107,0,12,126,0,138,129,0,129,267
03/19/2021,SFF,WA,ANM,WE,Federal Contract Tower,0,0,11,0,11,0,6,32,0,38,0,6,43,0,49,44,0,44,93
03/20/2021,SFF,WA,ANM,WE,Federal Contract Tower,0,0,2,0,2,0,16,27,0,43,0,16,29,0,45,40,0,40,85
03/21/2021,SFF,WA,ANM,WE,Federal Contract Tower,0,1,6,0,7,0,7,25,0,32,0,8,31,0,39,28,0,28,67
03/22/2021,SFF,WA,ANM,WE,Federal Contract Tower,0,1,11,0,12,0,9,13,0,22,0,10,24,0,34,108,0,108,142
03/23/2021,SFF,WA,ANM,WE,Federal Contract Tower,0,2,16,0,18,0,6,61,0,67,0,8,77,0,85,70,0,70,155
03/24/2021,SFF,WA,ANM,WE,Federal Contract Tower,0,6,13,0,19,0,4,31,0,35,0,10,44,0,54,66,0,66,120
03/25/2021,SFF,WA,ANM,WE,Federal Contract Tower,0,2,18,0,20,0,0,42,0,42,0,2,60,0,62,140,0,140,202
03/26/2021,SFF,WA,ANM,WE,Federal Contract Tower,0,1,20,0,21,0,7,126,0,133,0,8,146,0,154,238,0,238,392
03/27/2021,SFF,WA,ANM,WE,Federal Contract Tower,0,0,14,0,14,0,4,100,0,104,0,4,114,0,118,221,0,221,339
03/28/2021,SFF,WA,ANM,WE,Federal Contract Tower,0,0,4,0,4,0,5,10,0,15,0,5,14,0,19,25,0,25,44
03/29/2021,SFF,WA,ANM,WE,Federal Contract Tower,0,0,22,0,22,0,11,36,0,47,0,11,58,0,69,56,0,56,125
03/30/2021,SFF,WA,ANM,WE,Federal Contract Tower,0,2,26,0,28,0,15,107,0,122,0,17,133,0,150,130,0,130,280
03/31/2021,SFF,WA,ANM,WE,Federal Contract Tower,0,3,20,0,23,0,6,112,0,118,0,9,132,0,141,237,0,237,378
04/01/2021,SFF,WA,ANM,WE,Federal Contract Tower,0,2,19,0,21,0,7,84,0,91,0,9,103,0,112,171,0,171,283
04/02/2021,SFF,WA,ANM,WE,Federal Contract Tower,0,1,8,0,9,0,17,73,0,90,0,18,81,0,99,49,0,49,148
04/03/2021,SFF,WA,ANM,WE,Federal Contract Tower,0,0,7,0,7,0,16,91,0,107,0,16,98,0,114,140,0,140,254
04/04/2021,SFF,WA,ANM,WE,Federal Contract Tower,0,2,7,0,9,0,3,33,0,36,0,5,40,0,45,28,0,28,73
04/05/2021,SFF,WA,ANM,WE,Federal Contract Tower,0,1,17,0,18,0,15,82,0,97,0,16,99,0,115,91,0,91,206
04/06/2021,SFF,WA,ANM,WE,Federal Contract Tower,0,0,20,0,20,0,6,109,2,117,0,6,129,2,137,210,20,230,367
04/07/2021,SFF,WA,ANM,WE,Federal Contract Tower,0,6,14,0,20,0,9,52,0,61,0,15,66,0,81,171,0,171,252
04/08/2021,SFF,WA,ANM,WE,Federal Contract Tower,0,4,13,0,17,0,44,4,0,48,0,48,17,0,65,70,22,92,157
04/09/2021,SFF,WA,ANM,WE,Federal Contract Tower,0,1,6,0,7,0,5,99,0,104,0,6,105,0,111,172,48,220,331
04/10/2021,SFF,WA,ANM,WE,Federal Contract Tower,0,0,5,0,5,0,8,14,0,22,0,8,19,0,27,24,0,24,51
04/11/2021,SFF,WA,ANM,WE,Federal Contract Tower,0,0,1,0,1,0,8,108,0,116,0,8,109,0,117,92,0,92,209
04/12/2021,SFF,WA,ANM,WE,Federal Contract Tower,0,0,19,0,19,0,16,73,0,89,0,16,92,0,108,130,0,130,238
04/13/2021,SFF,WA,ANM,WE,Federal Contract Tower,0,5,22,0,27,0,11,15,0,26,0,16,37,0,53,6,0,6,59
04/14/2021,SFF,WA,ANM,WE,Federal Contract Tower,0,4,16,0,20,0,5,58,0,63,0,9,74,0,83,66,0,66,149
04/15/2021,SFF,WA,ANM,WE,Federal Contract Tower,0,3,12,0,15,0,8,86,0,94,0,11,98,0,109,106,0,106,215
04/16/2021,SFF,WA,ANM,WE,Federal Contract Tower,0,1,7,0,8,0,9,103,0,112,0,10,110,0,120,100,0,100,220
04/17/2021,SFF,WA,ANM,WE,Federal Contract Tower,0,0,8,0,8,0,12,127,0,139,0,12,135,0,147,89,0,89,236
04/18/2021,SFF,WA,ANM,WE,Federal Contract Tower,0,0,8,0,8,0,13,67,0,80,0,13,75,0,88,71,0,71,159
04/19/2021,SFF,WA,ANM,WE,Federal Contract Tower,0,0,21,0,21,0,19,91,0,110,0,19,112,0,131,82,0,82,213
04/20/2021,SFF,WA,ANM,WE,Federal Contract Tower,0,1,17,0,18,0,8,116,0,124,0,9,133,0,142,148,0,148,290
04/21/2021,SFF,WA,ANM,WE,Federal Contract Tower,0,2,17,0,19,0,15,114,0,129,0,17,131,0,148,188,0,188,336
04/22/2021,SFF,WA,ANM,WE,Federal Contract Tower,0,3,19,0,22,0,5,66,0,71,0,8,85,0,93,134,0,134,227
04/23/2021,SFF,WA,ANM,WE,Federal Contract Tower,0,0,21,2,23,0,9,97,0,106,0,9,118,2,129,136,0,136,265
04/24/2021,SFF,WA,ANM,WE,Federal Contract Tower,0,0,14,0,14,0,2,14,0,16,0,2,28,0,30,54,0,54,84
04/25/2021,SFF,WA,ANM,WE,Federal Contract Tower,0,1,15,0,16,0,5,33,0,38,0,6,48,0,54,16,0,16,70
04/26/2021,SFF,WA,ANM,WE,Federal Contract Tower,0,2,20,0,22,0,16,92,0,108,0,18,112,0,130,205,0,205,335
04/27/2021,SFF,WA,ANM,WE,Federal Contract Tower,0,0,18,0,18,0,5,82,0,87,0,5,100,0,105,124,0,124,229
04/28/2021,SFF,WA,ANM,WE,Federal Contract Tower,0,3,20,0,23,0,13,108,0,121,0,16,128,0,144,178,0,178,322
04/29/2021,SFF,WA,ANM,WE,Federal Contract Tower,0,2,18,0,20,0,8,129,0,137,0,10,147,0,157,160,0,160,317
04/30/2021,SFF,WA,ANM,WE,Federal Contract Tower,0,1,13,0,14,0,5,67,0,72,0,6,80,0,86,110,0,110,196
05/01/2021,SFF,WA,ANM,WE,Federal Contract Tower,0,0,7,0,7,0,17,84,0,101,0,17,91,0,108,74,0,74,182
05/02/2021,SFF,WA,ANM,WE,Federal Contract Tower,0,1,5,0,6,0,11,100,0,111,0,12,105,0,117,120,0,120,237
05/03/2021,SFF,WA,ANM,WE,Federal Contract Tower,0,1,15,0,16,0,10,105,0,115,0,11,120,0,131,121,0,121,252
05/04/2021,SFF,WA,ANM,WE,Federal Contract Tower,0,1,20,0,21,0,9,133,0,142,0,10,153,0,163,192,0,192,355
05/05/2021,SFF,WA,ANM,WE,Federal Contract Tower,0,6,27,0,33,0,11,99,0,110,0,17,126,0,143,174,0,174,317
05/06/2021,SFF,WA,ANM,WE,Federal Contract Tower,0,1,24,0,25,0,12,100,0,112,0,13,124,0,137,116,0,116,253
05/07/2021,SFF,WA,ANM,WE,Federal Contract Tower,0,1,15,0,16,0,9,60,6,75,0,10,75,6,91,54,0,54,145
05/08/2021,SFF,WA,ANM,WE,Federal Contract Tower,0,0,7,0,7,0,5,64,0,69,0,5,71,0,76,50,0,50,126
05/09/2021,SFF,WA,ANM,WE,Federal Contract Tower,0,0,6,0,6,0,14,86,0,100,0,14,92,0,106,44,0,44,150
05/10/2021,SFF,WA,ANM,WE,Federal Contract Tower,0,0,22,0,22,0,8,123,0,131,0,8,145,0,153,209,0,209,362
05/11/2021,SFF,WA,ANM,WE,Federal Contract Tower,0,4,14,0,18,0,21,134,0,155,0,25,148,0,173,312,0,312,485
05/12/2021,SFF,WA,ANM,WE,Federal Contract Tower,0,3,13,0,16,0,14,79,0,93,0,17,92,0,109,201,0,201,310
05/13/2021,SFF,WA,ANM,WE,Federal Contract Tower,0,0,16,0,16,0,15,101,0,116,0,15,117,0,132,204,0,204,336
05/14/2021,SFF,WA,ANM,WE,Federal Contract Tower,0,1,13,0,14,0,2,101,0,103,0,3,114,0,117,128,0,128,245
05/15/2021,SFF,WA,ANM,WE,Federal Contract Tower,0,0,7,0,7,0,8,91,0,99,0,8,98,0,106,61,0,61,167
05/16/2021,SFF,WA,ANM,WE,Federal Contract Tower,0,3,8,0,11,0,3,85,0,88,0,6,93,0,99,34,0,34,133
05/17/2021,SFF,WA,ANM,WE,Federal Contract Tower,0,0,12,0,12,0,6,79,0,85,0,6,91,0,97,117,0,117,214
05/18/2021,SFF,WA,ANM,WE,Federal Contract Tower,0,3,10,0,13,0,7,27,0,34,0,10,37,0,47,30,0,30,77
05/19/2021,SFF,WA,ANM,WE,Federal Contract Tower,0,1,19,0,20,0,25,130,0,155,0,26,149,0,175,340,0,340,515
05/20/2021,SFF,WA,ANM,WE,Federal Contract Tower,0,1,18,0,19,0,5,49,0,54,0,6,67,0,73,306,0,306,379
05/21/2021,SFF,WA,ANM,WE,Federal Contract Tower,0,1,3,0,4,0,10,84,0,94,0,11,87,0,98,218,0,218,316
05/22/2021,SFF,WA,ANM,WE,Federal Contract Tower,0,0,5,0,5,0,8,109,0,117,0,8,114,0,122,58,0,58,180
05/23/2021,SFF,WA,ANM,WE,Federal Contract Tower,0,0,5,0,5,0,8,53,0,61,0,8,58,0,66,70,0,70,136
05/24/2021,SFF,WA,ANM,WE,Federal Contract Tower,0,1,13,0,14,0,10,49,0,59,0,11,62,0,73,125,0,125,198
05/25/2021,SFF,WA,ANM,WE,Federal Contract Tower,0,0,24,0,24,0,8,107,0,115,0,8,131,0,139,262,0,262,401
05/26/2021,SFF,WA,ANM,WE,Federal Contract Tower,0,1,11,0,12,0,10,97,0,107,0,11,108,0,119,262,0,262,381
05/27/2021,SFF,WA,ANM,WE,Federal Contract Tower,0,1,16,0,17,0,16,47,0,63,0,17,63,0,80,160,0,160,240
05/28/2021,SFF,WA,ANM,WE,Federal Contract Tower,0,1,13,0,14,0,5,80,0,85,0,6,93,0,99,68,0,68,167
05/29/2021,SFF,WA,ANM,WE,Federal Contract Tower,0,0,10,0,10,0,23,129,0,152,0,23,139,0,162,78,0,78,240
05/30/2021,SFF,WA,ANM,WE,Federal Contract Tower,0,2,12,0,14,0,11,89,0,100,0,13,101,0,114,20,0,20,134
05/31/2021,SFF,WA,ANM,WE,Federal Contract Tower,0,13,0,0,13,0,9,65,0,74,0,22,65,0,87,76,0,76,163
06/01/2021,SFF,WA,ANM,WE,Federal Contract Tower,0,3,7,0,10,0,19,117,0,136,0,22,124,0,146,256,0,256,402
06/02/2021,SFF,WA,ANM,WE,Federal Contract Tower,0,4,19,0,23,0,7,104,0,111,0,11,123,0,134,206,0,206,340
06/03/2021,SFF,WA,ANM,WE,Federal Contract Tower,0,1,18,1,20,0,10,110,1,121,0,11,128,2,141,206,0,206,347
06/04/2021,SFF,WA,ANM,WE,Federal Contract Tower,0,0,13,0,13,0,9,61,0,70,0,9,74,0,83,127,0,127,210
06/05/2021,SFF,WA,ANM,WE,Federal Contract Tower,0,9,0,0,9,0,14,29,0,43,0,23,29,0,52,28,0,28,80
06/06/2021,SFF,WA,ANM,WE,Federal Contract Tower,0,1,11,0,12,0,7,70,0,77,0,8,81,0,89,64,0,64,153
06/07/2021,SFF,WA,ANM,WE,Federal Contract Tower,0,2,16,0,18,0,9,104,0,113,0,11,120,0,131,260,0,260,391
06/08/2021,SFF,WA,ANM,WE,Federal Contract Tower,0,2,15,0,17,0,3,136,0,139,0,5,151,0,156,233,0,233,389
06/09/2021,SFF,WA,ANM,WE,Federal Contract Tower,0,2,6,0,8,0,16,106,0,122,0,18,112,0,130,288,0,288,418
06/10/2021,SFF,WA,ANM,WE,Federal Contract Tower,0,1,14,0,15,0,6,73,0,79,0,7,87,0,94,158,0,158,252
06/11/2021,SFF,WA,ANM,WE,Federal Contract Tower,0,0,13,0,13,0,5,104,0,109,0,5,117,0,122,252,0,252,374
06/12/2021,SFF,WA,ANM,WE,Federal Contract Tower,0,0,11,0,11,0,11,75,0,86,0,11,86,0,97,122,0,122,219
06/13/2021,SFF,WA,ANM,WE,Federal Contract Tower,0,0,11,0,11,0,13,61,0,74,0,13,72,0,85,98,0,98,183
06/14/2021,SFF,WA,ANM,WE,Federal Contract Tower,0,2,12,0,14,0,9,122,0,131,0,11,134,0,145,227,0,227,372
06/15/2021,SFF,WA,ANM,WE,Federal Contract Tower,1,22,0,0,23,7,66,0,0,73,8,88,0,0,96,236,0,236,332
06/16/2021,SFF,WA,ANM,WE,Federal Contract Tower,0,3,32,0,35,0,10,128,0,138,0,13,160,0,173,212,0,212,385
06/17/2021,SFF,WA,ANM,WE,Federal Contract Tower,0,2,21,0,23,0,19,133,0,152,0,21,154,0,175,158,0,158,333
06/18/2021,SFF,WA,ANM,WE,Federal Contract Tower,0,0,17,0,17,0,18,177,0,195,0,18,194,0,212,190,0,190,402
06/19/2021,SFF,WA,ANM,WE,Federal Contract Tower,0,0,9,0,9,0,12,78,0,90,0,12,87,0,99,28,0,28,127
06/20/2021,SFF,WA,ANM,WE,Federal Contract Tower,0,0,11,0,11,0,8,102,0,110,0,8,113,0,121,52,0,52,173
06/21/2021,SFF,WA,ANM,WE,Federal Contract Tower,0,0,9,0,9,0,14,101,0,115,0,14,110,0,124,72,0,72,196
06/22/2021,SFF,WA,ANM,WE,Federal Contract Tower,0,3,22,0,25,0,12,94,4,110,0,15,116,4,135,54,0,54,189
06/23/2021,SFF,WA,ANM,WE,Federal Contract Tower,0,3,20,0,23,0,6,77,0,83,0,9,97,0,106,126,0,126,232
06/24/2021,SFF,WA,ANM,WE,Federal Contract Tower,0,2,19,0,21,0,16,89,0,105,0,18,108,0,126,68,0,68,194
06/25/2021,SFF,WA,ANM,WE,Federal Contract Tower,0,13,0,0,13,0,3,63,0,66,0,16,63,0,79,49,0,49,128
06/26/2021,SFF,WA,ANM,WE,Federal Contract Tower,0,1,5,0,6,0,7,108,0,115,0,8,113,0,121,42,0,42,163
06/27/2021,SFF,WA,ANM,WE,Federal Contract Tower,0,0,20,0,20,0,9,49,0,58,0,9,69,0,78,42,0,42,120
06/28/2021,SFF,WA,ANM,WE,Federal Contract Tower,0,0,15,0,15,0,1,61,0,62,0,1,76,0,77,48,0,48,125
06/29/2021,SFF,WA,ANM,WE,Federal Contract Tower,0,3,16,0,19,0,19,63,0,82,0,22,79,0,101,34,0,34,135
06/30/2021,SFF,WA,ANM,WE,Federal Contract Tower,0,2,36,0,38,0,0,72,0,72,0,2,108,0,110,99,0,99,209
07/01/2021,SFF,WA,ANM,WE,Federal Contract Tower,0,2,21,0,23,0,24,59,0,83,0,26,80,0,106,28,0,28,134
07/02/2021,SFF,WA,ANM,WE,Federal Contract Tower,0,0,10,0,10,0,17,109,0,126,0,17,119,0,136,92,0,92,228
07/03/2021,SFF,WA,ANM,WE,Federal Contract Tower,0,0,5,0,5,0,14,72,0,86,0,14,77,0,91,86,0,86,177
07/04/2021,SFF,WA,ANM,WE,Federal Contract Tower,0,1,8,0,9,0,18,49,0,67,0,19,57,0,76,16,0,16,92
07/05/2021,SFF,WA,ANM,WE,Federal Contract Tower,0,0,16,0,16,0,11,100,0,111,0,11,116,0,127,28,0,28,155
07/06/2021,SFF,WA,ANM,WE,Federal Contract Tower,0,4,24,0,28,0,14,84,0,98,0,18,108,0,126,80,0,80,206
07/07/2021,SFF,WA,ANM,WE,Federal Contract Tower,0,2,12,0,14,0,4,64,0,68,0,6,76,0,82,156,0,156,238
07/08/2021,SFF,WA,ANM,WE,Federal Contract Tower,2,0,19,0,21,0,8,111,0,119,2,8,130,0,140,170,0,170,310
07/09/2021,SFF,WA,ANM,WE,Federal Contract Tower,0,1,17,0,18,0,25,98,0,123,0,26,115,0,141,128,0,128,269
07/10/2021,SFF,WA,ANM,WE,Federal Contract Tower,0,17,0,0,17,0,15,104,0,119,0,32,104,0,136,106,0,106,242
07/11/2021,SFF,WA,ANM,WE,Federal Contract Tower,0,0,20,0,20,0,9,86,0,95,0,9,106,0,115,26,0,26,141
07/12/2021,SFF,WA,ANM,WE,Federal Contract Tower,0,0,15,0,15,0,16,100,0,116,0,16,115,0,131,160,0,160,291
07/14/2021,SFF,WA,ANM,WE,Federal Contract Tower,0,6,18,0,24,0,14,97,0,111,0,20,115,0,135,216,0,216,351
07/15/2021,SFF,WA,ANM,WE,Federal Contract Tower,0,3,32,0,35,0,16,119,0,135,0,19,151,0,170,234,0,234,404
07/16/2021,SFF,WA,ANM,WE,Federal Contract Tower,0,3,7,0,10,0,8,82,0,90,0,11,89,0,100,88,0,88,188
07/17/2021,SFF,WA,ANM,WE,Federal Contract Tower,0,0,9,0,9,0,7,96,0,103,0,7,105,0,112,64,0,64,176
07/18/2021,SFF,WA,ANM,WE,Federal Contract Tower,0,12,0,0,12,0,8,66,0,74,0,20,66,0,86,42,0,42,128
07/19/2021,SFF,WA,ANM,WE,Federal Contract Tower,0,2,11,0,13,0,15,96,0,111,0,17,107,0,124,218,0,218,342
07/20/2021,SFF,WA,ANM,WE,Federal Contract Tower,0,4,24,0,28,0,18,100,0,118,0,22,124,0,146,175,0,175,321
07/21/2021,SFF,WA,ANM,WE,Federal Contract Tower,0,4,24,0,28,0,8,107,0,115,0,12,131,0,143,212,0,212,355
07/22/2021,SFF,WA,ANM,WE,Federal Contract Tower,0,5,15,0,20,0,7,149,0,156,0,12,164,0,176,267,0,267,443
07/23/2021,SFF,WA,ANM,WE,Federal Contract Tower,0,3,20,0,23,0,16,88,0,104,0,19,108,0,127,160,0,160,287
07/24/2021,SFF,WA,ANM,WE,Federal Contract Tower,0,1,8,0,9,0,4,107,0,111,0,5,115,0,120,22,0,22,142
07/25/2021,SFF,WA,ANM,WE,Federal Contract Tower,0,1,5,0,6,0,3,50,0,53,0,4,55,0,59,16,0,16,75
07/26/2021,SFF,WA,ANM,WE,Federal Contract Tower,0,0,13,0,13,0,10,117,0,127,0,10,130,0,140,123,0,123,263
07/27/2021,SFF,WA,ANM,WE,Federal Contract Tower,0,2,21,0,23,0,17,100,0,117,0,19,121,0,140,240,0,240,380
07/28/2021,SFF,WA,ANM,WE,Federal Contract Tower,0,7,19,0,26,0,35,122,0,157,0,42,141,0,183,112,0,112,295
07/29/2021,SFF,WA,ANM,WE,Federal Contract Tower,0,2,16,0,18,0,16,111,0,127,0,18,127,0,145,144,0,144,289
07/30/2021,SFF,WA,ANM,WE,Federal Contract Tower,0,1,21,0,22,0,24,112,0,136,0,25,133,0,158,128,0,128,286
07/31/2021,SFF,WA,ANM,WE,Federal Contract Tower,0,1,23,0,24,0,11,37,0,48,0,12,60,0,72,39,0,39,111
08/01/2021,SFF,WA,ANM,WE,Federal Contract Tower,0,0,11,0,11,0,2,35,0,37,0,2,46,0,48,24,0,24,72
08/02/2021,SFF,WA,ANM,WE,Federal Contract Tower,0,3,44,2,49,0,1,0,0,1,0,4,44,2,50,0,0,0,50
08/03/2021,SFF,WA,ANM,WE,Federal Contract Tower,0,6,34,0,40,0,0,7,0,7,0,6,41,0,47,30,0,30,77
08/04/2021,SFF,WA,ANM,WE,Federal Contract Tower,0,8,21,0,29,0,6,100,0,106,0,14,121,0,135,170,0,170,305
08/05/2021,SFF,WA,ANM,WE,Federal Contract Tower,0,5,17,0,22,0,10,63,0,73,0,15,80,0,95,86,0,86,181
08/06/2021,SFF,WA,ANM,WE,Federal Contract Tower,0,1,8,0,9,0,6,108,0,114,0,7,116,0,123,102,0,102,225
08/07/2021,SFF,WA,ANM,WE,Federal Contract Tower,0,0,12,0,12,0,14,97,0,111,0,14,109,0,123,78,0,78,201
08/08/2021,SFF,WA,ANM,WE,Federal Contract Tower,0,0,5,0,5,0,9,26,0,35,0,9,31,0,40,6,0,6,46
08/09/2021,SFF,WA,ANM,WE,Federal Contract Tower,0,1,26,0,27,0,5,91,0,96,0,6,117,0,123,170,0,170,293
08/10/2021,SFF,WA,ANM,WE,Federal Contract Tower,0,2,18,0,20,0,6,130,0,136,0,8,148,0,156,187,0,187,343
08/11/2021,SFF,WA,ANM,WE,Federal Contract Tower,0,6,19,0,25,0,13,114,0,127,0,19,133,0,152,174,0,174,326
08/12/2021,SFF,WA,ANM,WE,Federal Contract Tower,0,4,34,0,38,0,2,25,0,27,0,6,59,0,65,93,0,93,158
08/13/2021,SFF,WA,ANM,WE,Federal Contract Tower,0,1,24,0,25,0,0,0,0,0,0,1,24,0,25,0,0,0,25
08/14/2021,SFF,WA,ANM,WE,Federal Contract Tower,0,1,16,0,17,0,0,0,0,0,0,1,16,0,17,14,0,14,31
08/15/2021,SFF,WA,ANM,WE,Federal Contract Tower,0,1,15,0,16,0,3,6,0,9,0,4,21,0,25,30,0,30,55
08/16/2021,SFF,WA,ANM,WE,Federal Contract Tower,0,0,14,0,14,0,10,98,0,108,0,10,112,0,122,110,2,112,234
08/17/2021,SFF,WA,ANM,WE,Federal Contract Tower,0,5,19,0,24,0,2,49,0,51,0,7,68,0,75,178,0,178,253
08/18/2021,SFF,WA,ANM,WE,Federal Contract Tower,0,9,21,0,30,0,8,99,0,107,0,17,120,0,137,138,0,138,275
08/19/2021,SFF,WA,ANM,WE,Federal Contract Tower,0,3,15,0,18,0,0,67,0,67,0,3,82,0,85,84,0,84,169
08/20/2021,SFF,WA,ANM,WE,Federal Contract Tower,0,3,16,0,19,0,11,105,0,116,0,14,121,0,135,60,0,60,195
08/21/2021,SFF,WA,ANM,WE,Federal Contract Tower,0,1,17,0,18,0,11,49,0,60,0,12,66,0,78,52,0,52,130
08/22/2021,SFF,WA,ANM,WE,Federal Contract Tower,0,1,9,0,10,0,4,57,0,61,0,5,66,0,71,4,0,4,75
08/23/2021,SFF,WA,ANM,WE,Federal Contract Tower,0,0,24,0,24,0,15,120,0,135,0,15,144,0,159,120,0,120,279
08/24/2021,SFF,WA,ANM,WE,Federal Contract Tower,0,2,12,0,14,0,13,98,0,111,0,15,110,0,125,124,0,124,249
08/25/2021,SFF,WA,ANM,WE,Federal Contract Tower,0,3,22,0,25,0,8,100,0,108,0,11,122,0,133,110,0,110,243
08/26/2021,SFF,WA,ANM,WE,Federal Contract Tower,0,2,14,0,16,0,16,96,0,112,0,18,110,0,128,196,0,196,324
08/27/2021,SFF,WA,ANM,WE,Federal Contract Tower,0,0,14,0,14,0,16,128,0,144,0,16,142,0,158,170,0,170,328
08/28/2021,SFF,WA,ANM,WE,Federal Contract Tower,0,0,18,0,18,0,11,156,0,167,0,11,174,0,185,54,0,54,239
08/29/2021,SFF,WA,ANM,WE,Federal Contract Tower,0,0,14,0,14,0,5,130,0,135,0,5,144,0,149,29,0,29,178
08/30/2021,SFF,WA,ANM,WE,Federal Contract Tower,0,2,22,0,24,0,12,104,0,116,0,14,126,0,140,142,0,142,282
08/31/2021,SFF,WA,ANM,WE,Federal Contract Tower,0,5,19,0,24,0,8,95,0,103,0,13,114,0,127,94,0,94,221
09/01/2021,SFF,WA,ANM,WE,Federal Contract Tower,0,2,9,0,11,0,18,120,0,138,0,20,129,0,149,188,0,188,337
09/02/2021,SFF,WA,ANM,WE,Federal Contract Tower,0,3,19,0,22,0,11,122,0,133,0,14,141,0,155,218,0,218,373
09/03/2021,SFF,WA,ANM,WE,Federal Contract Tower,0,0,17,0,17,0,13,156,0,169,0,13,173,0,186,248,0,248,434
09/04/2021,SFF,WA,ANM,WE,Federal Contract Tower,0,1,8,0,9,0,8,135,0,143,0,9,143,0,152,34,0,34,186
09/05/2021,SFF,WA,ANM,WE,Federal Contract Tower,0,1,9,0,10,0,7,64,0,71,0,8,73,0,81,82,0,82,163
09/06/2021,SFF,WA,ANM,WE,Federal Contract Tower,0,1,10,0,11,0,14,91,0,105,0,15,101,0,116,14,0,14,130
09/07/2021,SFF,WA,ANM,WE,Federal Contract Tower,0,5,20,0,25,0,11,124,0,135,0,16,144,0,160,196,0,196,356
09/08/2021,SFF,WA,ANM,WE,Federal Contract Tower,0,2,26,0,28,0,26,128,0,154,0,28,154,0,182,109,0,109,291
09/09/2021,SFF,WA,ANM,WE,Federal Contract Tower,0,2,17,0,19,0,20,86,0,106,0,22,103,0,125,150,0,150,275
09/10/2021,SFF,WA,ANM,WE,Federal Contract Tower,0,1,24,0,25,0,14,65,0,79,0,15,89,0,104,134,0,134,238
09/11/2021,SFF,WA,ANM,WE,Federal Contract Tower,0,1,12,0,13,0,10,56,0,66,0,11,68,0,79,20,0,20,99
09/12/2021,SFF,WA,ANM,WE,Federal Contract Tower,0,0,10,0,10,0,6,75,0,81,0,6,85,0,91,30,0,30,121
09/13/2021,SFF,WA,ANM,WE,Federal Contract Tower,0,3,16,0,19,0,9,113,0,122,0,12,129,0,141,166,0,166,307
09/14/2021,SFF,WA,ANM,WE,Federal Contract Tower,0,3,17,0,20,0,12,113,0,125,0,15,130,0,145,202,0,202,347
09/15/2021,SFF,WA,ANM,WE,Federal Contract Tower,0,1,16,0,17,0,12,119,0,131,0,13,135,0,148,50,0,50,198
09/16/2021,SFF,WA,ANM,WE,Federal Contract Tower,0,3,18,0,21,0,15,152,0,167,0,18,170,0,188,214,0,214,402
09/17/2021,SFF,WA,ANM,WE,Federal Contract Tower,0,2,22,0,24,0,16,147,0,163,0,18,169,0,187,227,0,227,414
09/18/2021,SFF,WA,ANM,WE,Federal Contract Tower,0,0,11,0,11,0,4,11,0,15,0,4,22,0,26,30,0,30,56
09/19/2021,SFF,WA,ANM,WE,Federal Contract Tower,0,0,18,0,18,0,2,7,0,9,0,2,25,0,27,12,0,12,39
09/20/2021,SFF,WA,ANM,WE,Federal Contract Tower,0,3,22,0,25,0,14,115,0,129,0,17,137,0,154,162,0,162,316
09/21/2021,SFF,WA,ANM,WE,Federal Contract Tower,0,6,20,0,26,0,15,125,0,140,0,21,145,0,166,193,0,193,359
09/22/2021,SFF,WA,ANM,WE,Federal Contract Tower,0,2,14,0,16,0,9,91,0,100,0,11,105,0,116,144,0,144,260
09/23/2021,SFF,WA,ANM,WE,Federal Contract Tower,0,6,17,0,23,0,7,125,0,132,0,13,142,0,155,118,0,118,273
09/24/2021,SFF,WA,ANM,WE,Federal Contract Tower,0,2,13,0,15,0,19,136,0,155,0,21,149,0,170,205,0,205,375
09/25/2021,SFF,WA,ANM,WE,Federal Contract Tower,0,1,8,0,9,0,7,151,0,158,0,8,159,0,167,131,0,131,298
09/26/2021,SFF,WA,ANM,WE,Federal Contract Tower,0,1,15,0,16,0,8,79,0,87,0,9,94,0,103,132,0,132,235
09/27/2021,SFF,WA,ANM,WE,Federal Contract Tower,0,2,19,0,21,0,9,71,0,80,0,11,90,0,101,181,0,181,282
09/29/2021,SFF,WA,ANM,WE,Federal Contract Tower,0,1,14,0,15,0,14,76,0,90,0,15,90,0,105,100,0,100,205
09/30/2021,SFF,WA,ANM,WE,Federal Contract Tower,0,2,17,0,19,0,12,89,0,101,0,14,106,0,120,178,0,178,298
10/01/2021,SFF,WA,ANM,WE,Federal Contract Tower,0,4,34,0,38,0,9,77,0,86,0,13,111,0,124,101,0,101,225
10/02/2021,SFF,WA,ANM,WE,Federal Contract Tower,0,0,12,0,12,0,13,131,0,144,0,13,143,0,156,219,0,219,375
10/03/2021,SFF,WA,ANM,WE,Federal Contract Tower,0,0,10,0,10,0,18,103,0,121,0,18,113,0,131,34,0,34,165
10/04/2021,SFF,WA,ANM,WE,Federal Contract Tower,0,2,18,0,20,0,11,72,0,83,0,13,90,0,103,58,0,58,161
10/05/2021,SFF,WA,ANM,WE,Federal Contract Tower,0,4,17,0,21,0,14,77,0,91,0,18,94,0,112,68,0,68,180
10/06/2021,SFF,WA,ANM,WE,Federal Contract Tower,0,4,26,0,30,0,5,53,0,58,0,9,79,0,88,20,0,20,108
10/07/2021,SFF,WA,ANM,WE,Federal Contract Tower,0,1,21,0,22,0,14,84,4,102,0,15,105,4,124,76,0,76,200
10/08/2021,SFF,WA,ANM,WE,Federal Contract Tower,0,4,26,0,30,0,3,103,0,106,0,7,129,0,136,121,0,121,257
10/09/2021,SFF,WA,ANM,WE,Federal Contract Tower,0,0,14,0,14,0,14,77,0,91,0,14,91,0,105,89,0,89,194
10/10/2021,SFF,WA,ANM,WE,Federal Contract Tower,0,0,10,0,10,0,5,4,0,9,0,5,14,0,19,0,0,0,19
10/11/2021,SFF,WA,ANM,WE,Federal Contract Tower,0,1,29,0,30,0,13,81,0,94,0,14,110,0,124,114,0,114,238
10/12/2021,SFF,WA,ANM,WE,Federal Contract Tower,0,1,29,0,30,0,7,72,0,79,0,8,101,0,109,106,0,106,215
10/13/2021,SFF,WA,ANM,WE,Federal Contract Tower,0,4,17,0,21,0,1,7,3,11,0,5,24,3,32,42,22,64,96
10/14/2021,SFF,WA,ANM,WE,Federal Contract Tower,0,4,19,0,23,0,5,73,0,78,0,9,92,0,101,126,0,126,227
10/15/2021,SFF,WA,ANM,WE,Federal Contract Tower,0,4,14,0,18,0,9,85,0,94,0,13,99,0,112,88,0,88,200
10/16/2021,SFF,WA,ANM,WE,Federal Contract Tower,0,0,15,0,15,0,9,189,0,198,0,9,204,0,213,141,0,141,354
10/17/2021,SFF,WA,ANM,WE,Federal Contract Tower,0,1,10,0,11,0,10,96,0,106,0,11,106,0,117,42,0,42,159
10/18/2021,SFF,WA,ANM,WE,Federal Contract Tower,0,1,18,0,19,0,18,122,0,140,0,19,140,0,159,126,0,126,285
10/19/2021,SFF,WA,ANM,WE,Federal Contract Tower,0,2,12,0,14,0,3,134,4,141,0,5,146,4,155,78,0,78,233
10/20/2021,SFF,WA,ANM,WE,Federal Contract Tower,0,1,19,0,20,0,4,67,0,71,0,5,86,0,91,88,0,88,179
10/21/2021,SFF,WA,ANM,WE,Federal Contract Tower,0,3,9,0,12,0,12,125,0,137,0,15,134,0,149,152,0,152,301
10/22/2021,SFF,WA,ANM,WE,Federal Contract Tower,0,3,35,0,38,0,1,22,0,23,0,4,57,0,61,81,0,81,142
10/23/2021,SFF,WA,ANM,WE,Federal Contract Tower,0,1,18,0,19,0,4,78,0,82,0,5,96,0,101,167,0,167,268
10/24/2021,SFF,WA,ANM,WE,Federal Contract Tower,0,0,9,0,9,0,4,8,0,12,0,4,17,0,21,66,0,66,87
10/25/2021,SFF,WA,ANM,WE,Federal Contract Tower,0,0,13,0,13,0,6,78,0,84,0,6,91,0,97,162,0,162,259
10/26/2021,SFF,WA,ANM,WE,Federal Contract Tower,0,0,13,0,13,0,4,27,0,31,0,4,40,0,44,68,0,68,112
10/27/2021,SFF,WA,ANM,WE,Federal Contract Tower,0,0,22,0,22,0,7,77,0,84,0,7,99,0,106,155,0,155,261
10/28/2021,SFF,WA,ANM,WE,Federal Contract Tower,0,4,21,0,25,0,2,24,0,26,0,6,45,0,51,98,0,98,149
10/29/2021,SFF,WA,ANM,WE,Federal Contract Tower,0,1,20,0,21,0,1,34,0,35,0,2,54,0,56,28,0,28,84
10/30/2021,SFF,WA,ANM,WE,Federal Contract Tower,0,0,6,1,7,0,2,136,0,138,0,2,142,1,145,95,0,95,240
10/31/2021,SFF,WA,ANM,WE,Federal Contract Tower,0,1,6,0,7,0,5,100,0,105,0,6,106,0,112,48,0,48,160
11/01/2021,SFF,WA,ANM,WE,Federal Contract Tower,0,0,18,0,18,0,7,100,0,107,0,7,118,0,125,132,0,132,257
11/02/2021,SFF,WA,ANM,WE,Federal Contract Tower,0,0,20,0,20,0,8,71,0,79,0,8,91,0,99,184,0,184,283
11/03/2021,SFF,WA,ANM,WE,Federal Contract Tower,0,3,19,0,22,0,2,98,0,100,0,5,117,0,122,158,0,158,280
11/04/2021,SFF,WA,ANM,WE,Federal Contract Tower,0,5,19,0,24,0,9,7,0,16,0,14,26,0,40,40,0,40,80
11/05/2021,SFF,WA,ANM,WE,Federal Contract Tower,0,2,21,0,23,0,3,90,0,93,0,5,111,0,116,72,0,72,188
11/06/2021,SFF,WA,ANM,WE,Federal Contract Tower,0,4,14,0,18,0,10,32,0,42,0,14,46,0,60,40,0,40,100
11/07/2021,SFF,WA,ANM,WE,Federal Contract Tower,0,1,17,0,18,0,13,56,0,69,0,14,73,0,87,64,0,64,151
11/08/2021,SFF,WA,ANM,WE,Federal Contract Tower,0,2,18,0,20,0,14,95,0,109,0,16,113,0,129,112,0,112,241
11/09/2021,SFF,WA,ANM,WE,Federal Contract Tower,0,2,17,0,19,0,2,12,0,14,0,4,29,0,33,58,0,58,91
11/10/2021,SFF,WA,ANM,WE,Federal Contract Tower,0,1,24,0,25,0,11,92,0,103,0,12,116,0,128,134,0,134,262
11/11/2021,SFF,WA,ANM,WE,Federal Contract Tower,0,1,21,0,22,0,0,9,0,9,0,1,30,0,31,30,0,30,61
11/12/2021,SFF,WA,ANM,WE,Federal Contract Tower,0,3,25,0,28,0,0,0,0,0,0,3,25,0,28,18,0,18,46
11/13/2021,SFF,WA,ANM,WE,Federal Contract Tower,0,0,29,0,29,0,0,70,0,70,0,0,99,0,99,135,0,135,234
11/14/2021,SFF,WA,ANM,WE,Federal Contract Tower,0,1,10,0,11,0,7,2,0,9,0,8,12,0,20,0,0,0,20
11/15/2021,SFF,WA,ANM,WE,Federal Contract Tower,0,3,7,0,10,0,1,8,0,9,0,4,15,0,19,4,0,4,23
11/16/2021,SFF,WA,ANM,WE,Federal Contract Tower,0,2,15,0,17,0,10,73,0,83,0,12,88,0,100,52,0,52,152
11/17/2021,SFF,WA,ANM,WE,Federal Contract Tower,0,2,24,0,26,0,12,114,0,126,0,14,138,0,152,146,0,146,298
11/18/2021,SFF,WA,ANM,WE,Federal Contract Tower,0,5,21,0,26,0,2,34,0,36,0,7,55,0,62,52,0,52,114
11/19/2021,SFF,WA,ANM,WE,Federal Contract Tower,0,1,17,0,18,0,0,0,0,0,0,1,17,0,18,0,0,0,18
11/20/2021,SFF,WA,ANM,WE,Federal Contract Tower,0,2,16,0,18,0,1,4,0,5,0,3,20,0,23,38,0,38,61
11/21/2021,SFF,WA,ANM,WE,Federal Contract Tower,0,2,18,0,20,0,3,57,0,60,0,5,75,0,80,120,0,120,200
11/22/2021,SFF,WA,ANM,WE,Federal Contract Tower,0,2,14,0,16,0,26,0,0,26,0,28,14,0,42,20,0,20,62
11/23/2021,SFF,WA,ANM,WE,Federal Contract Tower,0,3,12,0,15,0,0,0,0,0,0,3,12,0,15,0,0,0,15
11/24/2021,SFF,WA,ANM,WE,Federal Contract Tower,0,1,25,0,26,0,4,20,0,24,0,5,45,0,50,98,0,98,148
11/25/2021,SFF,WA,ANM,WE,Federal Contract Tower,0,0,4,0,4,0,6,21,0,27,0,6,25,0,31,0,0,0,31
11/26/2021,SFF,WA,ANM,WE,Federal Contract Tower,0,0,11,0,11,0,12,61,0,73,0,12,72,0,84,116,0,116,200
11/27/2021,SFF,WA,ANM,WE,Federal Contract Tower,0,0,11,0,11,0,0,1,0,1,0,0,12,0,12,0,0,0,12
11/28/2021,SFF,WA,ANM,WE,Federal Contract Tower,0,1,11,0,12,0,11,44,0,55,0,12,55,0,67,104,0,104,171
11/29/2021,SFF,WA,ANM,WE,Federal Contract Tower,0,1,25,0,26,0,2,65,0,67,0,3,90,0,93,114,0,114,207
11/30/2021,SFF,WA,ANM,WE,Federal Contract Tower,0,3,19,0,22,0,10,53,0,63,0,13,72,0,85,75,0,75,160
12/01/2021,SFF,WA,ANM,WE,Federal Contract Tower,0,2,19,0,21,0,15,59,0,74,0,17,78,0,95,42,0,42,137
12/02/2021,SFF,WA,ANM,WE,Federal Contract Tower,0,2,27,0,29,0,18,89,0,107,0,20,116,0,136,93,0,93,229
12/03/2021,SFF,WA,ANM,WE,Federal Contract Tower,0,0,21,0,21,0,3,107,0,110,0,3,128,0,131,94,0,94,225
12/04/2021,SFF,WA,ANM,WE,Federal Contract Tower,0,2,14,0,16,0,0,12,0,12,0,2,26,0,28,20,0,20,48
12/05/2021,SFF,WA,ANM,WE,Federal Contract Tower,0,1,12,0,13,0,16,126,0,142,0,17,138,0,155,136,0,136,291
12/06/2021,SFF,WA,ANM,WE,Federal Contract Tower,0,0,20,0,20,0,0,1,0,1,0,0,21,0,21,24,0,24,45
12/07/2021,SFF,WA,ANM,WE,Federal Contract Tower,0,2,19,0,21,0,0,0,0,0,0,2,19,0,21,0,0,0,21
12/08/2021,SFF,WA,ANM,WE,Federal Contract Tower,0,2,20,0,22,0,2,64,0,66,0,4,84,0,88,68,0,68,156
12/09/2021,SFF,WA,ANM,WE,Federal Contract Tower,0,4,23,0,27,0,4,37,0,41,0,8,60,0,68,107,0,107,175
12/10/2021,SFF,WA,ANM,WE,Federal Contract Tower,0,4,22,0,26,0,0,35,0,35,0,4,57,0,61,46,0,46,107
12/11/2021,SFF,WA,ANM,WE,Federal Contract Tower,0,0,6,0,6,0,1,3,0,4,0,1,9,0,10,0,0,0,10
12/12/2021,SFF,WA,ANM,WE,Federal Contract Tower,0,0,14,0,14,0,4,58,0,62,0,4,72,0,76,54,0,54,130
12/13/2021,SFF,WA,ANM,WE,Federal Contract Tower,0,3,28,0,31,0,4,57,0,61,0,7,85,0,92,16,0,16,108
12/14/2021,SFF,WA,ANM,WE,Federal Contract Tower,0,2,18,0,20,0,3,32,0,35,0,5,50,0,55,114,0,114,169
12/15/2021,SFF,WA,ANM,WE,Federal Contract Tower,0,4,15,0,19,0,7,101,0,108,0,11,116,0,127,93,0,93,220
12/16/2021,SFF,WA,ANM,WE,Federal Contract Tower,0,6,14,0,20,0,0,0,0,0,0,6,14,0,20,0,0,0,20
12/17/2021,SFF,WA,ANM,WE,Federal Contract Tower,0,0,33,0,33,0,10,90,0,100,0,10,123,0,133,82,0,82,215
12/18/2021,SFF,WA,ANM,WE,Federal Contract Tower,0,2,13,0,15,0,0,1,0,1,0,2,14,0,16,12,0,12,28
12/19/2021,SFF,WA,ANM,WE,Federal Contract Tower,0,3,16,0,19,0,3,10,0,13,0,6,26,0,32,92,0,92,124
12/20/2021,SFF,WA,ANM,WE,Federal Contract Tower,0,3,11,0,14,0,0,4,0,4,0,3,15,0,18,18,0,18,36
12/21/2021,SFF,WA,ANM,WE,Federal Contract Tower,0,1,17,0,18,0,0,0,0,0,0,1,17,0,18,0,0,0,18
12/22/2021,SFF,WA,ANM,WE,Federal Contract Tower,0,5,16,0,21,0,8,50,0,58,0,13,66,0,79,72,0,72,151
12/23/2021,SFF,WA,ANM,WE,Federal Contract Tower,0,2,2,0,4,0,6,0,0,6,0,8,2,0,10,4,0,4,14
12/24/2021,SFF,WA,ANM,WE,Federal Contract Tower,0,0,7,0,7,0,0,7,0,7,0,0,14,0,14,11,0,11,25
12/25/2021,SFF,WA,ANM,WE,Federal Contract Tower,0,1,5,0,6,0,3,6,0,9,0,4,11,0,15,0,0,0,15
12/26/2021,SFF,WA,ANM,WE,Federal Contract Tower,0,2,9,0,11,0,0,5,0,5,0,2,14,0,16,0,0,0,16
12/27/2021,SFF,WA,ANM,WE,Federal Contract Tower,0,4,11,0,15,0,4,16,0,20,0,8,27,0,35,8,0,8,43
12/28/2021,SFF,WA,ANM,WE,Federal Contract Tower,0,1,19,0,20,0,0,53,0,53,0,1,72,0,73,56,0,56,129
12/29/2021,SFF,WA,ANM,WE,Federal Contract Tower,0,3,12,0,15,0,12,75,0,87,0,15,87,0,102,104,0,104,206
12/30/2021,SFF,WA,ANM,WE,Federal Contract Tower,0,3,4,0,7,0,0,0,0,0,0,3,4,0,7,8,0,8,15
12/31/2021,SFF,WA,ANM,WE,Federal Contract Tower,0,3,7,0,10,0,5,52,0,57,0,8,59,0,67,62,0,62,129
01/01/2022,SFF,WA,ANM,WE,Federal Contract Tower,0,1,5,0,6,0,8,25,0,33,0,9,30,0,39,10,0,10,49
01/02/2022,SFF,WA,ANM,WE,Federal Contract Tower,0,0,6,0,6,0,6,19,0,25,0,6,25,0,31,38,0,38,69
01/03/2022,SFF,WA,ANM,WE,Federal Contract Tower,0,1,7,0,8,0,0,1,0,1,0,1,8,0,9,0,0,0,9
01/04/2022,SFF,WA,ANM,WE,Federal Contract Tower,0,2,13,0,15,0,0,3,0,3,0,2,16,0,18,0,0,0,18
01/05/2022,SFF,WA,ANM,WE,Federal Contract Tower,0,1,17,0,18,0,7,24,0,31,0,8,41,0,49,80,0,80,129
01/06/2022,SFF,WA,ANM,WE,Federal Contract Tower,0,3,2,0,5,0,0,0,0,0,0,3,2,0,5,0,0,0,5
01/07/2022,SFF,WA,ANM,WE,Federal Contract Tower,0,2,15,0,17,0,2,7,0,9,0,4,22,0,26,2,0,2,28
01/08/2022,SFF,WA,ANM,WE,Federal Contract Tower,0,0,19,0,19,0,3,105,0,108,0,3,124,0,127,68,0,68,195
01/09/2022,SFF,WA,ANM,WE,Federal Contract Tower,0,0,14,0,14,0,10,81,0,91,0,10,95,0,105,104,0,104,209
01/10/2022,SFF,WA,ANM,WE,Federal Contract Tower,0,3,14,0,17,0,1,24,0,25,0,4,38,0,42,22,0,22,64
01/11/2022,SFF,WA,ANM,WE,Federal Contract Tower,0,4,12,0,16,0,7,36,0,43,0,11,48,0,59,106,0,106,165
01/12/2022,SFF,WA,ANM,WE,Federal Contract Tower,0,1,12,0,13,0,11,43,0,54,0,12,55,0,67,63,0,63,130
01/13/2022,SFF,WA,ANM,WE,Federal Contract Tower,0,5,18,0,23,0,0,19,0,19,0,5,37,0,42,34,0,34,76
01/14/2022,SFF,WA,ANM,WE,Federal Contract Tower,0,4,18,0,22,0,0,0,0,0,0,4,18,0,22,0,0,0,22
01/15/2022,SFF,WA,ANM,WE,Federal Contract Tower,0,3,5,0,8,0,2,23,0,25,0,5,28,0,33,45,0,45,78
01/16/2022,SFF,WA,ANM,WE,Federal Contract Tower,0,0,3,0,3,0,0,0,0,0,0,0,3,0,3,14,0,14,17
01/17/2022,SFF,WA,ANM,WE,Federal Contract Tower,0,3,28,0,31,0,3,30,0,33,0,6,58,0,64,38,0,38,102
01/18/2022,SFF,WA,ANM,WE,Federal Contract Tower,0,5,19,0,24,0,0,3,0,3,0,5,22,0,27,34,0,34,61
01/19/2022,SFF,WA,ANM,WE,Federal Contract Tower,0,2,20,0,22,0,0,0,0,0,0,2,20,0,22,0,0,0,22
01/20/2022,SFF,WA,ANM,WE,Federal Contract Tower,0,2,18,0,20,0,0,0,0,0,0,2,18,0,20,0,0,0,20
01/21/2022,SFF,WA,ANM,WE,Federal Contract Tower,0,1,25,0,26,0,3,75,0,78,0,4,100,0,104,103,0,103,207
01/22/2022,SFF,WA,ANM,WE,Federal Contract Tower,0,0,11,0,11,0,0,6,0,6,0,0,17,0,17,36,0,36,53
01/23/2022,SFF,WA,ANM,WE,Federal Contract Tower,0,0,7,0,7,0,0,0,0,0,0,0,7,0,7,0,0,0,7
01/24/2022,SFF,WA,ANM,WE,Federal Contract Tower,0,3,23,0,26,0,0,0,0,0,0,3,23,0,26,0,0,0,26
01/25/2022,SFF,WA,ANM,WE,Federal Contract Tower,0,3,21,0,24,0,0,12,0,12,0,3,33,0,36,38,0,38,74
01/26/2022,SFF,WA,ANM,WE,Federal Contract Tower,0,2,12,0,14,0,2,9,0,11,0,4,21,0,25,74,0,74,99
01/27/2022,SFF,WA,ANM,WE,Federal Contract Tower,0,5,35,0,40,0,3,118,0,121,0,8,153,0,161,92,0,92,253
01/28/2022,SFF,WA,ANM,WE,Federal Contract Tower,0,3,21,0,24,0,2,60,0,62,0,5,81,0,86,63,0,63,149
01/29/2022,SFF,WA,ANM,WE,Federal Contract Tower,0,3,17,0,20,0,2,56,0,58,0,5,73,0,78,134,0,134,212
01/30/2022,SFF,WA,ANM,WE,Federal Contract Tower,0,2,9,0,11,0,0,37,0,37,0,2,46,0,48,128,0,128,176
01/31/2022,SFF,WA,ANM,WE,Federal Contract Tower,0,3,15,0,18,0,16,45,0,61,0,19,60,0,79,42,0,42,121
02/01/2022,SFF,WA,ANM,WE,Federal Contract Tower,0,2,15,0,17,0,4,64,0,68,0,6,79,0,85,122,0,122,207
02/02/2022,SFF,WA,ANM,WE,Federal Contract Tower,0,0,24,0,24,0,7,71,0,78,0,7,95,0,102,74,0,74,176
02/03/2022,SFF,WA,ANM,WE,Federal Contract Tower,0,5,10,0,15,0,0,15,0,15,0,5,25,0,30,60,0,60,90
02/04/2022,SFF,WA,ANM,WE,Federal Contract Tower,0,7,16,0,23,0,3,18,0,21,0,10,34,0,44,58,0,58,102
02/05/2022,SFF,WA,ANM,WE,Federal Contract Tower,0,2,11,0,13,0,0,68,0,68,0,2,79,0,81,51,0,51,132
02/06/2022,SFF,WA,ANM,WE,Federal Contract Tower,0,0,11,0,11,0,6,67,0,73,0,6,78,0,84,21,0,21,105
02/07/2022,SFF,WA,ANM,WE,Federal Contract Tower,0,3,14,0,17,0,8,68,0,76,0,11,82,0,93,70,0,70,163
02/08/2022,SFF,WA,ANM,WE,Federal Contract Tower,0,4,22,0,26,0,3,88,0,91,0,7,110,0,117,88,0,88,205
02/09/2022,SFF,WA,ANM,WE,Federal Contract Tower,0,0,23,0,23,0,9,81,0,90,0,9,104,0,113,112,0,112,225
02/10/2022,SFF,WA,ANM,WE,Federal Contract Tower,0,2,24,0,26,0,12,89,0,101,0,14,113,0,127,132,0,132,259
02/11/2022,SFF,WA,ANM,WE,Federal Contract Tower,0,1,13,0,14,0,5,106,0,111,0,6,119,0,125,105,0,105,230
02/12/2022,SFF,WA,ANM,WE,Federal Contract Tower,0,0,10,0,10,0,6,133,0,139,0,6,143,0,149,134,0,134,283
02/13/2022,SFF,WA,ANM,WE,Federal Contract Tower,0,0,9,0,9,0,9,91,0,100,0,9,100,0,109,101,0,101,210
02/14/2022,SFF,WA,ANM,WE,Federal Contract Tower,0,2,19,0,21,0,5,31,0,36,0,7,50,0,57,127,0,127,184
02/15/2022,SFF,WA,ANM,WE,Federal Contract Tower,0,2,32,0,34,0,4,43,0,47,0,6,75,0,81,72,0,72,153
02/16/2022,SFF,WA,ANM,WE,Federal Contract Tower,0,3,13,0,16,0,8,93,0,101,0,11,106,0,117,88,0,88,205
02/17/2022,SFF,WA,ANM,WE,Federal Contract Tower,0,2,21,0,23,0,7,100,0,107,0,9,121,0,130,122,0,122,252
02/18/2022,SFF,WA,ANM,WE,Federal Contract Tower,0,1,20,0,21,0,5,82,0,87,0,6,102,0,108,186,0,186,294
02/19/2022,SFF,WA,ANM,WE,Federal Contract Tower,0,1,8,0,9,0,3,57,0,60,0,4,65,0,69,80,0,80,149
02/20/2022,SFF,WA,ANM,WE,Federal Contract Tower,0,3,8,0,11,0,0,36,0,36,0,3,44,0,47,22,0,22,69
02/21/2022,SFF,WA,ANM,WE,Federal Contract Tower,0,3,14,0,17,0,1,3,0,4,0,4,17,0,21,0,0,0,21
02/22/2022,SFF,WA,ANM,WE,Federal Contract Tower,0,3,16,0,19,0,4,34,0,38,0,7,50,0,57,90,0,90,147
02/23/2022,SFF,WA,ANM,WE,Federal Contract Tower,0,1,11,1,13,0,12,111,1,124,0,13,122,2,137,50,0,50,187
02/24/2022,SFF,WA,ANM,WE,Federal Contract Tower,0,7,17,0,24,0,10,120,0,130,0,17,137,0,154,138,0,138,292
02/25/2022,SFF,WA,ANM,WE,Federal Contract Tower,0,1,20,0,21,0,10,106,0,116,0,11,126,0,137,110,0,110,247
02/26/2022,SFF,WA,ANM,WE,Federal Contract Tower,0,0,11,0,11,0,10,110,0,120,0,10,121,0,131,86,0,86,217
02/27/2022,SFF,WA,ANM,WE,Federal Contract Tower,0,1,4,0,5,0,1,5,0,6,0,2,9,0,11,5,0,5,16
02/28/2022,SFF,WA,ANM,WE,Federal Contract Tower,0,6,11,0,17,0,0,4,0,4,0,6,15,0,21,10,0,10,31
03/01/2022,SFF,WA,ANM,WE,Federal Contract Tower,0,3,24,0,27,0,2,50,0,52,0,5,74,0,79,52,0,52,131
03/02/2022,SFF,WA,ANM,WE,Federal Contract Tower,0,3,15,0,18,0,0,6,0,6,0,3,21,0,24,31,0,31,55
03/03/2022,SFF,WA,ANM,WE,Federal Contract Tower,0,5,16,0,21,0,2,4,0,6,0,7,20,0,27,2,0,2,29
03/04/2022,SFF,WA,ANM,WE,Federal Contract Tower,0,3,33,0,36,0,0,49,0,49,0,3,82,0,85,144,0,144,229
03/05/2022,SFF,WA,ANM,WE,Federal Contract Tower,0,1,14,0,15,0,6,106,0,112,0,7,120,0,127,59,0,59,186
03/06/2022,SFF,WA,ANM,WE,Federal Contract Tower,0,1,9,0,10,0,2,96,0,98,0,3,105,0,108,62,0,62,170
03/07/2022,SFF,WA,ANM,WE,Federal Contract Tower,0,9,13,0,22,0,10,100,0,110,0,19,113,0,132,93,0,93,225
03/08/2022,SFF,WA,ANM,WE,Federal Contract Tower,0,5,12,0,17,0,5,84,0,89,0,10,96,0,106,94,0,94,200
03/09/2022,SFF,WA,ANM,WE,Federal Contract Tower,0,2,19,0,21,0,8,96,0,104,0,10,115,0,125,74,0,74,199
03/10/2022,SFF,WA,ANM,WE,Federal Contract Tower,0,2,16,0,18,0,12,96,0,108,0,14,112,0,126,190,0,190,316
03/11/2022,SFF,WA,ANM,WE,Federal Contract Tower,0,5,13,0,18,0,14,82,0,96,0,19,95,0,114,218,0,218,332
03/12/2022,SFF,WA,ANM,WE,Federal Contract Tower,0,0,11,0,11,0,11,123,0,134,0,11,134,0,145,138,0,138,283
03/13/2022,SFF,WA,ANM,WE,Federal Contract Tower,0,2,12,0,14,0,2,8,0,10,0,4,20,0,24,32,0,32,56
03/14/2022,SFF,WA,ANM,WE,Federal Contract Tower,0,5,18,0,23,0,11,38,0,49,0,16,56,0,72,57,0,57,129
03/15/2022,SFF,WA,ANM,WE,Federal Contract Tower,0,4,17,2,23,0,7,7,0,14,0,11,24,2,37,4,0,4,41
03/16/2022,SFF,WA,ANM,WE,Federal Contract Tower,0,3,44,0,47,0,5,83,0,88,0,8,127,0,135,74,0,74,209
03/17/2022,SFF,WA,ANM,WE,Federal Contract Tower,0,4,28,0,32,0,8,112,0,120,0,12,140,0,152,216,0,216,368
03/18/2022,SFF,WA,ANM,WE,Federal Contract Tower,0,1,16,0,17,0,10,62,0,72,0,11,78,0,89,166,0,166,255
03/19/2022,SFF,WA,ANM,WE,Federal Contract Tower,0,1,6,0,7,0,13,59,0,72,0,14,65,0,79,120,0,120,199
03/20/2022,SFF,WA,ANM,WE,Federal Contract Tower,0,2,15,0,17,0,6,94,0,100,0,8,109,0,117,114,0,114,231
03/21/2022,SFF,WA,ANM,WE,Federal Contract Tower,0,4,10,0,14,0,2,1,0,3,0,6,11,0,17,8,0,8,25
03/22/2022,SFF,WA,ANM,WE,Federal Contract Tower,0,2,22,0,24,0,6,20,0,26,0,8,42,0,50,136,0,136,186
03/23/2022,SFF,WA,ANM,WE,Federal Contract Tower,0,3,30,0,33,0,6,92,0,98,0,9,122,0,131,116,0,116,247
03/24/2022,SFF,WA,ANM,WE,Federal Contract Tower,0,2,18,0,20,0,5,99,0,104,0,7,117,0,124,115,0,115,239
03/25/2022,SFF,WA,ANM,WE,Federal Contract Tower,0,1,37,0,38,0,13,146,0,159,0,14,183,0,197,146,0,146,343
03/26/2022,SFF,WA,ANM,WE,Federal Contract Tower,0,0,12,0,12,0,11,102,0,113,0,11,114,0,125,140,0,140,265
03/27/2022,SFF,WA,ANM,WE,Federal Contract Tower,0,2,13,0,15,0,14,81,0,95,0,16,94,0,110,92,0,92,202
03/28/2022,SFF,WA,ANM,WE,Federal Contract Tower,0,0,29,0,29,0,9,98,0,107,0,9,127,0,136,130,0,130,266
03/29/2022,SFF,WA,ANM,WE,Federal Contract Tower,0,2,20,0,22,0,10,104,0,114,0,12,124,0,136,142,0,142,278
03/30/2022,SFF,WA,ANM,WE,Federal Contract Tower,0,1,29,0,30,0,4,41,0,45,0,5,70,0,75,42,0,42,117
03/31/2022,SFF,WA,ANM,WE,Federal Contract Tower,0,3,28,0,31,0,10,112,0,122,0,13,140,0,153,63,0,63,216
04/01/2022,SFF,WA,ANM,WE,Federal Contract Tower,0,1,29,0,30,0,9,102,0,111,0,10,131,0,141,72,0,72,213
04/02/2022,SFF,WA,ANM,WE,Federal Contract Tower,0,0,10,0,10,0,9,41,0,50,0,9,51,0,60,50,0,50,110
04/03/2022,SFF,WA,ANM,WE,Federal Contract Tower,0,1,14,0,15,0,0,64,0,64,0,1,78,0,79,16,0,16,95
04/04/2022,SFF,WA,ANM,WE,Federal Contract Tower,0,1,9,0,10,0,2,1,0,3,0,3,10,0,13,0,0,0,13
04/05/2022,SFF,WA,ANM,WE,Federal Contract Tower,0,0,11,0,11,0,12,34,0,46,0,12,45,0,57,61,0,61,118
04/06/2022,SFF,WA,ANM,WE,Federal Contract Tower,0,2,25,0,27,0,10,88,0,98,0,12,113,0,125,116,0,116,241
04/07/2022,SFF,WA,ANM,WE,Federal Contract Tower,0,2,23,0,25,0,14,116,0,130,0,16,139,0,155,120,0,120,275
04/08/2022,SFF,WA,ANM,WE,Federal Contract Tower,0,1,14,0,15,0,4,111,0,115,0,5,125,0,130,80,0,80,210
04/09/2022,SFF,WA,ANM,WE,Federal Contract Tower,0,0,10,0,10,0,4,38,0,42,0,4,48,0,52,44,0,44,96
04/10/2022,SFF,WA,ANM,WE,Federal Contract Tower,0,0,8,0,8,0,8,38,0,46,0,8,46,0,54,156,0,156,210
04/11/2022,SFF,WA,ANM,WE,Federal Contract Tower,0,2,24,0,26,0,0,11,0,11,0,2,35,0,37,30,0,30,67
04/12/2022,SFF,WA,ANM,WE,Federal Contract Tower,0,2,28,0,30,0,6,41,0,47,0,8,69,0,77,78,0,78,155
04/13/2022,SFF,WA,ANM,WE,Federal Contract Tower,0,2,13,1,16,0,4,85,0,89,0,6,98,1,105,106,0,106,211
04/14/2022,SFF,WA,ANM,WE,Federal Contract Tower,0,4,26,0,30,0,3,42,0,45,0,7,68,0,75,92,0,92,167
04/15/2022,SFF,WA,ANM,WE,Federal Contract Tower,0,5,25,2,32,0,7,66,0,73,0,12,91,2,105,142,0,142,247
04/16/2022,SFF,WA,ANM,WE,Federal Contract Tower,0,3,4,0,7,0,8,71,0,79,0,11,75,0,86,60,0,60,146
04/17/2022,SFF,WA,ANM,WE,Federal Contract Tower,0,0,7,0,7,0,8,49,0,57,0,8,56,0,64,36,0,36,100
04/18/2022,SFF,WA,ANM,WE,Federal Contract Tower,0,5,21,0,26,0,10,64,0,74,0,15,85,0,100,96,0,96,196
04/19/2022,SFF,WA,ANM,WE,Federal Contract Tower,0,3,14,0,17,0,10,48,0,58,0,13,62,0,75,77,0,77,152
04/20/2022,SFF,WA,ANM,WE,Federal Contract Tower,0,8,28,0,36,0,9,81,0,90,0,17,109,0,126,72,0,72,198
04/21/2022,SFF,WA,ANM,WE,Federal Contract Tower,0,8,32,0,40,0,8,44,0,52,0,16,76,0,92,165,0,165,257
04/22/2022,SFF,WA,ANM,WE,Federal Contract Tower,0,1,20,0,21,0,10,132,0,142,0,11,152,0,163,182,0,182,345
04/23/2022,SFF,WA,ANM,WE,Federal Contract Tower,0,1,14,0,15,0,5,137,0,142,0,6,151,0,157,108,0,108,265
04/24/2022,SFF,WA,ANM,WE,Federal Contract Tower,0,1,13,0,14,0,5,154,0,159,0,6,167,0,173,66,0,66,239
04/25/2022,SFF,WA,ANM,WE,Federal Contract Tower,0,4,21,0,25,0,10,108,0,118,0,14,129,0,143,160,0,160,303
04/26/2022,SFF,WA,ANM,WE,Federal Contract Tower,0,5,9,0,14,0,2,25,0,27,0,7,34,0,41,105,0,105,146
04/27/2022,SFF,WA,ANM,WE,Federal Contract Tower,0,4,21,0,25,0,7,92,0,99,0,11,113,0,124,146,0,146,270
04/28/2022,SFF,WA,ANM,WE,Federal Contract Tower,0,4,30,0,34,0,6,105,0,111,0,10,135,0,145,213,0,213,358
04/29/2022,SFF,WA,ANM,WE,Federal Contract Tower,0,3,34,0,37,0,10,81,0,91,0,13,115,0,128,206,0,206,334
04/30/2022,SFF,WA,ANM,WE,Federal Contract Tower,0,3,15,0,18,0,2,19,0,21,0,5,34,0,39,90,0,90,129
05/01/2022,SFF,WA,ANM,WE,Federal Contract Tower,0,4,20,0,24,0,10,122,0,132,0,14,142,0,156,174,0,174,330
05/02/2022,SFF,WA,ANM,WE,Federal Contract Tower,0,2,24,0,26,0,2,45,0,47,0,4,69,0,73,155,0,155,228
05/03/2022,SFF,WA,ANM,WE,Federal Contract Tower,0,6,43,0,49,0,7,65,0,72,0,13,108,0,121,126,0,126,247
05/04/2022,SFF,WA,ANM,WE,Federal Contract Tower,0,1,30,0,31,0,16,135,0,151,0,17,165,0,182,126,0,126,308
05/05/2022,SFF,WA,ANM,WE,Federal Contract Tower,0,6,14,0,20,0,0,20,0,20,0,6,34,0,40,64,0,64,104
05/06/2022,SFF,WA,ANM,WE,Federal Contract Tower,0,2,21,0,23,0,4,48,0,52,0,6,69,0,75,132,0,132,207
05/07/2022,SFF,WA,ANM,WE,Federal Contract Tower,0,2,13,0,15,0,7,11,0,18,0,9,24,0,33,12,0,12,45
05/08/2022,SFF,WA,ANM,WE,Federal Contract Tower,0,3,5,0,8,0,8,22,0,30,0,11,27,0,38,52,0,52,90
05/09/2022,SFF,WA,ANM,WE,Federal Contract Tower,0,3,21,0,24,0,5,77,0,82,0,8,98,0,106,188,0,188,294
05/10/2022,SFF,WA,ANM,WE,Federal Contract Tower,0,3,31,2,36,0,11,112,0,123,0,14,143,2,159,166,0,166,325
05/11/2022,SFF,WA,ANM,WE,Federal Contract Tower,0,5,29,0,34,0,7,144,0,151,0,12,173,0,185,214,0,214,399
05/12/2022,SFF,WA,ANM,WE,Federal Contract Tower,0,5,29,0,34,0,9,92,0,101,0,14,121,0,135,168,0,168,303
05/13/2022,SFF,WA,ANM,WE,Federal Contract Tower,0,2,12,0,14,0,9,73,2,84,0,11,85,2,98,122,0,122,220
05/14/2022,SFF,WA,ANM,WE,Federal Contract Tower,0,5,9,0,14,0,5,30,0,35,0,10,39,0,49,22,0,22,71
05/15/2022,SFF,WA,ANM,WE,Federal Contract Tower,0,7,24,0,31,0,8,120,0,128,0,15,144,0,159,20,0,20,179
05/16/2022,SFF,WA,ANM,WE,Federal Contract Tower,0,3,26,0,29,0,10,78,0,88,0,13,104,0,117,94,0,94,211
05/17/2022,SFF,WA,ANM,WE,Federal Contract Tower,0,2,25,2,29,0,22,94,0,116,0,24,119,2,145,238,0,238,383
05/18/2022,SFF,WA,ANM,WE,Federal Contract Tower,0,6,13,0,19,0,5,23,0,28,0,11,36,0,47,56,0,56,103
05/19/2022,SFF,WA,ANM,WE,Federal Contract Tower,0,4,20,0,24,0,12,78,0,90,0,16,98,0,114,177,0,177,291
05/20/2022,SFF,WA,ANM,WE,Federal Contract Tower,0,1,25,0,26,0,5,93,0,98,0,6,118,0,124,138,0,138,262
05/21/2022,SFF,WA,ANM,WE,Federal Contract Tower,0,3,2,0,5,0,9,68,0,77,0,12,70,0,82,77,0,77,159
05/22/2022,SFF,WA,ANM,WE,Federal Contract Tower,0,0,10,0,10,0,2,94,0,96,0,2,104,0,106,89,6,95,201
05/23/2022,SFF,WA,ANM,WE,Federal Contract Tower,0,2,22,0,24,0,3,102,0,105,0,5,124,0,129,215,0,215,344
05/24/2022,SFF,WA,ANM,WE,Federal Contract Tower,0,1,16,0,17,0,15,101,0,116,0,16,117,0,133,176,0,176,309
05/25/2022,SFF,WA,ANM,WE,Federal Contract Tower,0,4,17,0,21,0,5,93,0,98,0,9,110,0,119,249,0,249,368
05/26/2022,SFF,WA,ANM,WE,Federal Contract Tower,0,9,22,0,31,0,17,138,0,155,0,26,160,0,186,217,0,217,403
05/27/2022,SFF,WA,ANM,WE,Federal Contract Tower,0,5,5,0,10,0,21,38,0,59,0,26,43,0,69,94,0,94,163
05/28/2022,SFF,WA,ANM,WE,Federal Contract Tower,0,2,10,0,12,0,3,72,0,75,0,5,82,0,87,30,0,30,117
05/29/2022,SFF,WA,ANM,WE,Federal Contract Tower,0,4,7,0,11,0,3,25,0,28,0,7,32,0,39,10,0,10,49
05/30/2022,SFF,WA,ANM,WE,Federal Contract Tower,0,2,11,0,13,0,4,24,0,28,0,6,35,0,41,58,0,58,99
05/31/2022,SFF,WA,ANM,WE,Federal Contract Tower,0,1,19,0,20,0,10,118,0,128,0,11,137,0,148,258,0,258,406
06/01/2022,SFF,WA,ANM,WE,Federal Contract Tower,0,3,19,0,22,0,14,133,0,147,0,17,152,0,169,186,0,186,355
06/02/2022,SFF,WA,ANM,WE,Federal Contract Tower,0,3,13,0,16,0,7,121,0,128,0,10,134,0,144,200,0,200,344
06/03/2022,SFF,WA,ANM,WE,Federal Contract Tower,0,4,5,0,9,0,5,44,0,49,0,9,49,0,58,249,0,249,307
06/04/2022,SFF,WA,ANM,WE,Federal Contract Tower,0,6,17,0,23,0,0,0,0,0,0,6,17,0,23,34,0,34,57
06/05/2022,SFF,WA,ANM,WE,Federal Contract Tower,0,1,1,0,2,0,0,6,0,6,0,1,7,0,8,48,0,48,56
06/06/2022,SFF,WA,ANM,WE,Federal Contract Tower,0,3,13,0,16,0,10,74,0,84,0,13,87,0,100,334,0,334,434
06/07/2022,SFF,WA,ANM,WE,Federal Contract Tower,0,3,24,0,27,0,10,172,0,182,0,13,196,0,209,372,0,372,581
06/08/2022,SFF,WA,ANM,WE,Federal Contract Tower,0,5,22,0,27,0,9,85,0,94,0,14,107,0,121,290,0,290,411
06/09/2022,SFF,WA,ANM,WE,Federal Contract Tower,0,5,25,0,30,0,10,139,0,149,0,15,164,0,179,382,0,382,561
06/10/2022,SFF,WA,ANM,WE,Federal Contract Tower,0,4,30,0,34,0,5,38,0,43,0,9,68,0,77,177,0,177,254
06/11/2022,SFF,WA,ANM,WE,Federal Contract Tower,0,4,13,0,17,0,2,64,0,66,0,6,77,0,83,91,0,91,174
06/12/2022,SFF,WA,ANM,WE,Federal Contract Tower,0,1,14,2,17,0,15,71,0,86,0,16,85,2,103,156,0,156,259
06/13/2022,SFF,WA,ANM,WE,Federal Contract Tower,0,7,11,0,18,0,0,0,0,0,0,7,11,0,18,10,0,10,28
06/14/2022,SFF,WA,ANM,WE,Federal Contract Tower,0,0,19,0,19,0,11,32,0,43,0,11,51,0,62,94,0,94,156
06/15/2022,SFF,WA,ANM,WE,Federal Contract Tower,0,1,20,0,21,0,10,122,0,132,0,11,142,0,153,276,0,276,429
06/16/2022,SFF,WA,ANM,WE,Federal Contract Tower,0,1,22,0,23,0,9,117,0,126,0,10,139,0,149,241,0,241,390
06/17/2022,SFF,WA,ANM,WE,Federal Contract Tower,0,1,20,0,21,0,12,83,0,95,0,13,103,0,116,164,0,164,280
06/18/2022,SFF,WA,ANM,WE,Federal Contract Tower,0,3,28,0,31,0,7,63,0,70,0,10,91,0,101,55,0,55,156
06/19/2022,SFF,WA,ANM,WE,Federal Contract Tower,0,5,10,0,15,0,0,73,0,73,0,5,83,0,88,42,0,42,130
06/20/2022,SFF,WA,ANM,WE,Federal Contract Tower,0,5,33,0,38,0,5,72,0,77,0,10,105,0,115,135,0,135,250
06/21/2022,SFF,WA,ANM,WE,Federal Contract Tower,0,3,20,0,23,0,18,120,0,138,0,21,140,0,161,194,0,194,355
06/22/2022,SFF,WA,ANM,WE,Federal Contract Tower,0,3,11,0,14,0,9,86,0,95,0,12,97,0,109,150,0,150,259
06/23/2022,SFF,WA,ANM,WE,Federal Contract Tower,0,4,11,0,15,0,9,121,0,130,0,13,132,0,145,138,0,138,283
06/24/2022,SFF,WA,ANM,WE,Federal Contract Tower,0,3,19,0,22,0,11,125,0,136,0,14,144,0,158,128,0,128,286
06/25/2022,SFF,WA,ANM,WE,Federal Contract Tower,0,2,8,0,10,0,18,200,0,218,0,20,208,0,228,44,0,44,272
06/26/2022,SFF,WA,ANM,WE,Federal Contract Tower,0,2,12,0,14,0,18,96,0,114,0,20,108,0,128,66,0,66,194
06/27/2022,SFF,WA,ANM,WE,Federal Contract Tower,0,3,10,0,13,0,24,100,0,124,0,27,110,0,137,136,0,136,273
06/28/2022,SFF,WA,ANM,WE,Federal Contract Tower,0,3,16,0,19,0,19,76,0,95,0,22,92,0,114,138,0,138,252
06/29/2022,SFF,WA,ANM,WE,Federal Contract Tower,0,4,27,0,31,0,13,86,0,99,0,17,113,0,130,188,0,188,318
06/30/2022,SFF,WA,ANM,WE,Federal Contract Tower,0,4,22,0,26,0,18,125,0,143,0,22,147,0,169,229,0,229,398
07/01/2022,SFF,WA,ANM,WE,Federal Contract Tower,0,3,11,0,14,0,11,129,0,140,0,14,140,0,154,173,0,173,327
07/02/2022,SFF,WA,ANM,WE,Federal Contract Tower,0,0,8,0,8,0,18,106,0,124,0,18,114,0,132,24,0,24,156
07/03/2022,SFF,WA,ANM,WE,Federal Contract Tower,0,1,1,0,2,0,2,35,0,37,0,3,36,0,39,40,0,40,79
07/04/2022,SFF,WA,ANM,WE,Federal Contract Tower,0,2,5,0,7,0,6,21,0,27,0,8,26,0,34,14,0,14,48
07/05/2022,SFF,WA,ANM,WE,Federal Contract Tower,0,3,10,0,13,0,18,85,0,103,0,21,95,0,116,121,0,121,237
07/06/2022,SFF,WA,ANM,WE,Federal Contract Tower,0,5,11,0,16,0,10,83,0,93,0,15,94,0,109,203,0,203,312
07/07/2022,SFF,WA,ANM,WE,Federal Contract Tower,0,3,13,0,16,0,10,107,0,117,0,13,120,0,133,160,0,160,293
07/08/2022,SFF,WA,ANM,WE,Federal Contract Tower,0,2,11,0,13,0,16,98,0,114,0,18,109,0,127,250,0,250,377
07/09/2022,SFF,WA,ANM,WE,Federal Contract Tower,0,2,10,0,12,0,16,96,0,112,0,18,106,0,124,24,0,24,148
07/10/2022,SFF,WA,ANM,WE,Federal Contract Tower,0,0,3,0,3,0,9,50,0,59,0,9,53,0,62,45,0,45,107
07/11/2022,SFF,WA,ANM,WE,Federal Contract Tower,0,2,15,0,17,0,10,110,0,120,0,12,125,0,137,136,0,136,273
07/12/2022,SFF,WA,ANM,WE,Federal Contract Tower,0,3,18,0,21,0,11,125,0,136,0,14,143,0,157,143,0,143,300
07/13/2022,SFF,WA,ANM,WE,Federal Contract Tower,0,4,15,0,19,0,12,92,0,104,0,16,107,0,123,151,0,151,274
07/14/2022,SFF,WA,ANM,WE,Federal Contract Tower,0,4,20,0,24,0,10,91,0,101,0,14,111,0,125,222,0,222,347
07/15/2022,SFF,WA,ANM,WE,Federal Contract Tower,0,4,5,0,9,0,16,108,0,124,0,20,113,0,133,88,0,88,221
07/16/2022,SFF,WA,ANM,WE,Federal Contract Tower,0,1,13,0,14,0,5,117,0,122,0,6,130,0,136,49,0,49,185
07/17/2022,SFF,WA,ANM,WE,Federal Contract Tower,0,0,7,0,7,0,8,92,0,100,0,8,99,0,107,36,0,36,143
07/18/2022,SFF,WA,ANM,WE,Federal Contract Tower,0,2,11,0,13,0,6,69,0,75,0,8,80,0,88,117,0,117,205
07/19/2022,SFF,WA,ANM,WE,Federal Contract Tower,0,2,9,0,11,0,8,92,0,100,0,10,101,0,111,174,0,174,285
07/20/2022,SFF,WA,ANM,WE,Federal Contract Tower,0,3,11,0,14,0,3,100,0,103,0,6,111,0,117,159,0,159,276
07/21/2022,SFF,WA,ANM,WE,Federal Contract Tower,0,3,8,1,12,0,9,114,0,123,0,12,122,1,135,126,0,126,261
07/22/2022,SFF,WA,ANM,WE,Federal Contract Tower,0,1,16,0,17,0,10,96,0,106,0,11,112,0,123,126,0,126,249
07/23/2022,SFF,WA,ANM,WE,Federal Contract Tower,0,2,8,0,10,0,14,98,0,112,0,16,106,0,122,74,0,74,196
07/24/2022,SFF,WA,ANM,WE,Federal Contract Tower,0,1,4,0,5,0,4,68,0,72,0,5,72,0,77,92,0,92,169
07/25/2022,SFF,WA,ANM,WE,Federal Contract Tower,0,2,19,0,21,0,10,130,0,140,0,12,149,0,161,154,0,154,315
07/26/2022,SFF,WA,ANM,WE,Federal Contract Tower,0,2,11,0,13,0,19,76,0,95,0,21,87,0,108,138,0,138,246
07/27/2022,SFF,WA,ANM,WE,Federal Contract Tower,0,1,7,0,8,0,13,72,0,85,0,14,79,0,93,82,0,82,175
07/28/2022,SFF,WA,ANM,WE,Federal Contract Tower,0,1,24,0,25,0,14,93,0,107,0,15,117,0,132,102,0,102,234
07/29/2022,SFF,WA,ANM,WE,Federal Contract Tower,0,0,9,0,9,0,18,92,0,110,0,18,101,0,119,86,0,86,205
07/30/2022,SFF,WA,ANM,WE,Federal Contract Tower,0,0,10,0,10,0,14,103,0,117,0,14,113,0,127,32,0,32,159
07/31/2022,SFF,WA,ANM,WE,Federal Contract Tower,0,0,4,0,4,0,10,40,0,50,0,10,44,0,54,21,0,21,75
08/01/2022,SFF,WA,ANM,WE,Federal Contract Tower,0,5,22,0,27,0,10,79,0,89,0,15,101,0,116,108,0,108,224
08/02/2022,SFF,WA,ANM,WE,Federal Contract Tower,0,5,12,0,17,0,7,107,0,114,0,12,119,0,131,54,0,54,185
08/03/2022,SFF,WA,ANM,WE,Federal Contract Tower,0,5,6,0,11,0,13,83,0,96,0,18,89,0,107,100,0,100,207
08/04/2022,SFF,WA,ANM,WE,Federal Contract Tower,0,3,9,0,12,0,9,61,0,70,0,12,70,0,82,130,0,130,212
08/05/2022,SFF,WA,ANM,WE,Federal Contract Tower,0,2,14,0,16,0,14,140,0,154,0,16,154,0,170,202,0,202,372
08/06/2022,SFF,WA,ANM,WE,Federal Contract Tower,0,1,7,0,8,0,7,115,0,122,0,8,122,0,130,114,0,114,244
08/07/2022,SFF,WA,ANM,WE,Federal Contract Tower,0,0,4,0,4,0,17,61,0,78,0,17,65,0,82,28,0,28,110
08/08/2022,SFF,WA,ANM,WE,Federal Contract Tower,0,3,14,0,17,0,8,95,0,103,0,11,109,0,120,146,0,146,266
08/09/2022,SFF,WA,ANM,WE,Federal Contract Tower,0,4,22,0,26,0,10,115,0,125,0,14,137,0,151,199,0,199,350
08/10/2022,SFF,WA,ANM,WE,Federal Contract Tower,0,2,14,0,16,0,18,105,0,123,0,20,119,0,139,153,0,153,292
08/11/2022,SFF,WA,ANM,WE,Federal Contract Tower,0,1,26,0,27,0,6,116,0,122,0,7,142,0,149,78,0,78,227
08/12/2022,SFF,WA,ANM,WE,Federal Contract Tower,0,0,13,0,13,0,5,95,0,100,0,5,108,0,113,138,0,138,251
08/13/2022,SFF,WA,ANM,WE,Federal Contract Tower,0,2,8,0,10,0,7,81,0,88,0,9,89,0,98,62,0,62,160
08/14/2022,SFF,WA,ANM,WE,Federal Contract Tower,0,1,15,0,16,0,11,84,0,95,0,12,99,0,111,86,0,86,197
08/15/2022,SFF,WA,ANM,WE,Federal Contract Tower,0,0,14,0,14,0,5,117,0,122,0,5,131,0,136,261,0,261,397
08/16/2022,SFF,WA,ANM,WE,Federal Contract Tower,0,1,15,0,16,0,4,91,0,95,0,5,106,0,111,159,0,159,270
08/17/2022,SFF,WA,ANM,WE,Federal Contract Tower,0,1,18,0,19,0,4,115,0,119,0,5,133,0,138,108,0,108,246
08/18/2022,SFF,WA,ANM,WE,Federal Contract Tower,0,4,16,0,20,0,12,124,0,136,0,16,140,0,156,182,0,182,338
08/19/2022,SFF,WA,ANM,WE,Federal Contract Tower,0,2,14,0,16,0,12,106,0,118,0,14,120,0,134,148,0,148,282
08/20/2022,SFF,WA,ANM,WE,Federal Contract Tower,0,0,9,0,9,0,10,102,0,112,0,10,111,0,121,54,0,54,175
08/21/2022,SFF,WA,ANM,WE,Federal Contract Tower,0,4,10,0,14,0,7,89,0,96,0,11,99,0,110,23,0,23,133
08/22/2022,SFF,WA,ANM,WE,Federal Contract Tower,0,3,25,0,28,0,11,90,0,101,0,14,115,0,129,157,0,157,286
08/23/2022,SFF,WA,ANM,WE,Federal Contract Tower,0,0,11,0,11,0,12,97,0,109,0,12,108,0,120,256,0,256,376
08/24/2022,SFF,WA,ANM,WE,Federal Contract Tower,0,0,5,0,5,0,9,120,0,129,0,9,125,0,134,169,0,169,303
08/25/2022,SFF,WA,ANM,WE,Federal Contract Tower,0,6,16,0,22,0,6,98,0,104,0,12,114,0,126,158,0,158,284
08/26/2022,SFF,WA,ANM,WE,Federal Contract Tower,0,3,17,0,20,0,16,143,0,159,0,19,160,0,179,217,0,217,396
08/27/2022,SFF,WA,ANM,WE,Federal Contract Tower,0,1,11,0,12,0,12,85,0,97,0,13,96,0,109,36,0,36,145
08/28/2022,SFF,WA,ANM,WE,Federal Contract Tower,0,1,14,0,15,0,5,114,0,119,0,6,128,0,134,38,0,38,172
08/29/2022,SFF,WA,ANM,WE,Federal Contract Tower,0,4,19,0,23,0,4,117,0,121,0,8,136,0,144,83,0,83,227
08/30/2022,SFF,WA,ANM,WE,Federal Contract Tower,0,0,10,0,10,0,6,106,0,112,0,6,116,0,122,146,0,146,268
08/31/2022,SFF,WA,ANM,WE,Federal Contract Tower,0,2,14,0,16,0,3,102,0,105,0,5,116,0,121,126,0,126,247
09/01/2022,SFF,WA,ANM,WE,Federal Contract Tower,0,2,11,0,13,0,5,129,0,134,0,7,140,0,147,216,0,216,363
09/02/2022,SFF,WA,ANM,WE,Federal Contract Tower,0,2,21,0,23,0,11,104,0,115,0,13,125,0,138,130,0,130,268
09/03/2022,SFF,WA,ANM,WE,Federal Contract Tower,0,2,12,0,14,0,8,41,0,49,0,10,53,0,63,24,0,24,87
09/04/2022,SFF,WA,ANM,WE,Federal Contract Tower,0,0,4,0,4,0,20,86,0,106,0,20,90,0,110,38,0,38,148
09/05/2022,SFF,WA,ANM,WE,Federal Contract Tower,0,0,12,0,12,0,7,98,0,105,0,7,110,0,117,86,0,86,203
09/06/2022,SFF,WA,ANM,WE,Federal Contract Tower,0,4,15,0,19,0,12,143,0,155,0,16,158,0,174,139,0,139,313
09/07/2022,SFF,WA,ANM,WE,Federal Contract Tower,0,3,17,0,20,0,6,104,0,110,0,9,121,0,130,101,0,101,231
09/08/2022,SFF,WA,ANM,WE,Federal Contract Tower,0,4,24,0,28,0,8,174,0,182,0,12,198,0,210,52,0,52,262
09/09/2022,SFF,WA,ANM,WE,Federal Contract Tower,0,2,18,0,20,0,10,216,0,226,0,12,234,0,246,42,0,42,288
09/10/2022,SFF,WA,ANM,WE,Federal Contract Tower,0,1,26,0,27,0,6,191,0,197,0,7,217,0,224,56,0,56,280
09/11/2022,SFF,WA,ANM,WE,Federal Contract Tower,0,4,28,0,32,0,9,77,0,86,0,13,105,0,118,24,0,24,142
09/12/2022,SFF,WA,ANM,WE,Federal Contract Tower,0,2,39,0,41,0,1,6,0,7,0,3,45,0,48,96,0,96,144
09/13/2022,SFF,WA,ANM,WE,Federal Contract Tower,0,10,37,0,47,0,1,17,0,18,0,11,54,0,65,118,0,118,183
09/14/2022,SFF,WA,ANM,WE,Federal Contract Tower,0,8,30,0,38,0,11,65,0,76,0,19,95,0,114,244,0,244,358
09/15/2022,SFF,WA,ANM,WE,Federal Contract Tower,0,7,33,0,40,0,5,78,2,85,0,12,111,2,125,264,0,264,389
09/16/2022,SFF,WA,ANM,WE,Federal Contract Tower,0,3,17,0,20,0,9,125,0,134,0,12,142,0,154,106,0,106,260
09/17/2022,SFF,WA,ANM,WE,Federal Contract Tower,0,0,9,0,9,0,6,126,0,132,0,6,135,0,141,64,0,64,205
09/18/2022,SFF,WA,ANM,WE,Federal Contract Tower,0,1,7,0,8,0,13,79,0,92,0,14,86,0,100,42,0,42,142
09/19/2022,SFF,WA,ANM,WE,Federal Contract Tower,0,2,17,0,19,0,5,108,0,113,0,7,125,0,132,98,0,98,230
09/20/2022,SFF,WA,ANM,WE,Federal Contract Tower,0,3,14,0,17,0,12,85,0,97,0,15,99,0,114,63,0,63,177
09/21/2022,SFF,WA,ANM,WE,Federal Contract Tower,0,3,17,0,20,0,13,76,0,89,0,16,93,0,109,100,0,100,209
09/22/2022,SFF,WA,ANM,WE,Federal Contract Tower,0,6,26,0,32,0,6,78,0,84,0,12,104,0,116,162,0,162,278
09/23/2022,SFF,WA,ANM,WE,Federal Contract Tower,0,0,20,0,20,0,12,124,0,136,0,12,144,0,156,194,0,194,350
09/24/2022,SFF,WA,ANM,WE,Federal Contract Tower,0,4,6,0,10,0,9,162,0,171,0,13,168,0,181,108,0,108,289
09/25/2022,SFF,WA,ANM,WE,Federal Contract Tower,0,0,9,0,9,0,8,121,0,129,0,8,130,0,138,90,0,90,228
09/26/2022,SFF,WA,ANM,WE,Federal Contract Tower,0,1,16,1,18,0,8,108,1,117,0,9,124,2,135,138,0,138,273
09/27/2022,SFF,WA,ANM,WE,Federal Contract Tower,0,3,15,0,18,0,9,103,0,112,0,12,118,0,130,168,0,168,298
09/28/2022,SFF,WA,ANM,WE,Federal Contract Tower,0,1,18,0,19,0,7,128,0,135,0,8,146,0,154,93,0,93,247
09/29/2022,SFF,WA,ANM,WE,Federal Contract Tower,0,8,44,0,52,0,1,11,0,12,0,9,55,0,64,22,0,22,86
09/30/2022,SFF,WA,ANM,WE,Federal Contract Tower,0,3,20,0,23,0,7,84,0,91,0,10,104,0,114,68,0,68,182
10/01/2022,SFF,WA,ANM,WE,Federal Contract Tower,0,2,8,0,10,0,11,135,0,146,0,13,143,0,156,145,0,145,301
10/02/2022,SFF,WA,ANM,WE,Federal Contract Tower,0,0,18,0,18,0,5,102,0,107,0,5,120,0,125,24,0,24,149
10/03/2022,SFF,WA,ANM,WE,Federal Contract Tower,0,3,10,1,14,0,7,113,1,121,0,10,123,2,135,79,0,79,214
10/04/2022,SFF,WA,ANM,WE,Federal Contract Tower,0,3,17,0,20,0,18,107,0,125,0,21,124,0,145,155,0,155,300
10/05/2022,SFF,WA,ANM,WE,Federal Contract Tower,0,3,11,0,14,0,10,76,0,86,0,13,87,0,100,127,0,127,227
10/06/2022,SFF,WA,ANM,WE,Federal Contract Tower,0,2,18,0,20,0,14,92,0,106,0,16,110,0,126,90,0,90,216
10/07/2022,SFF,WA,ANM,WE,Federal Contract Tower,0,2,16,0,18,0,9,113,0,122,0,11,129,0,140,72,0,72,212
10/08/2022,SFF,WA,ANM,WE,Federal Contract Tower,0,0,12,0,12,0,13,156,0,169,0,13,168,0,181,103,0,103,284
10/09/2022,SFF,WA,ANM,WE,Federal Contract Tower,0,0,10,0,10,0,6,116,0,122,0,6,126,0,132,30,0,30,162
10/10/2022,SFF,WA,ANM,WE,Federal Contract Tower,0,1,11,0,12,0,5,128,0,133,0,6,139,0,145,108,0,108,253
10/11/2022,SFF,WA,ANM,WE,Federal Contract Tower,0,3,10,0,13,0,13,94,0,107,0,16,104,0,120,97,0,97,217
10/12/2022,SFF,WA,ANM,WE,Federal Contract Tower,0,2,17,0,19,0,11,115,0,126,0,13,132,0,145,113,0,113,258
10/13/2022,SFF,WA,ANM,WE,Federal Contract Tower,0,3,12,2,17,0,10,117,0,127,0,13,129,2,144,114,0,114,258
10/14/2022,SFF,WA,ANM,WE,Federal Contract Tower,0,0,11,0,11,0,10,101,0,111,0,10,112,0,122,76,0,76,198
10/15/2022,SFF,WA,ANM,WE,Federal Contract Tower,0,1,11,0,12,0,10,142,0,152,0,11,153,0,164,32,0,32,196
10/16/2022,SFF,WA,ANM,WE,Federal Contract Tower,0,1,16,0,17,0,15,116,0,131,0,16,132,0,148,106,0,106,254
10/17/2022,SFF,WA,ANM,WE,Federal Contract Tower,0,2,9,0,11,0,8,100,0,108,0,10,109,0,119,107,0,107,226
10/18/2022,SFF,WA,ANM,WE,Federal Contract Tower,0,4,15,2,21,0,6,131,0,137,0,10,146,2,158,146,0,146,304
10/19/2022,SFF,WA,ANM,WE,Federal Contract Tower,0,9,18,0,27,0,10,88,0,98,0,19,106,0,125,250,0,250,375
10/20/2022,SFF,WA,ANM,WE,Federal Contract Tower,0,5,35,0,40,0,12,98,0,110,0,17,133,0,150,186,0,186,336
10/21/2022,SFF,WA,ANM,WE,Federal Contract Tower,0,4,14,0,18,0,2,28,0,30,0,6,42,0,48,42,0,42,90
10/22/2022,SFF,WA,ANM,WE,Federal Contract Tower,0,3,4,0,7,0,1,17,0,18,0,4,21,0,25,18,0,18,43
10/23/2022,SFF,WA,ANM,WE,Federal Contract Tower,0,1,8,0,9,0,12,90,0,102,0,13,98,0,111,67,0,67,178
10/24/2022,SFF,WA,ANM,WE,Federal Contract Tower,0,9,14,0,23,0,3,9,0,12,0,12,23,0,35,94,0,94,129
10/25/2022,SFF,WA,ANM,WE,Federal Contract Tower,0,6,20,0,26,0,7,56,0,63,0,13,76,0,89,145,0,145,234
10/26/2022,SFF,WA,ANM,WE,Federal Contract Tower,0,7,17,0,24,0,5,22,0,27,0,12,39,0,51,77,0,77,128
10/27/2022,SFF,WA,ANM,WE,Federal Contract Tower,0,9,16,0,25,0,5,60,0,65,0,14,76,0,90,50,0,50,140
10/28/2022,SFF,WA,ANM,WE,Federal Contract Tower,0,3,10,0,13,0,9,62,0,71,0,12,72,0,84,192,0,192,276
10/29/2022,SFF,WA,ANM,WE,Federal Contract Tower,0,1,16,0,17,0,11,99,0,110,0,12,115,0,127,76,0,76,203
10/30/2022,SFF,WA,ANM,WE,Federal Contract Tower,0,1,7,0,8,0,3,38,0,41,0,4,45,0,49,28,0,28,77
10/31/2022,SFF,WA,ANM,WE,Federal Contract Tower,0,5,19,0,24,0,2,26,0,28,0,7,45,0,52,62,0,62,114
11/01/2022,SFF,WA,ANM,WE,Federal Contract Tower,0,7,12,0,19,0,0,0,0,0,0,7,12,0,19,0,0,0,19
11/02/2022,SFF,WA,ANM,WE,Federal Contract Tower,0,6,10,0,16,0,11,38,0,49,0,17,48,0,65,102,0,102,167
11/03/2022,SFF,WA,ANM,WE,Federal Contract Tower,0,2,24,0,26,0,0,10,0,10,0,2,34,0,36,106,0,106,142
11/04/2022,SFF,WA,ANM,WE,Federal Contract Tower,0,5,5,0,10,0,0,0,0,0,0,5,5,0,10,0,0,0,10
11/05/2022,SFF,WA,ANM,WE,Federal Contract Tower,0,5,1,0,6,0,9,19,0,28,0,14,20,0,34,38,0,38,72
11/06/2022,SFF,WA,ANM,WE,Federal Contract Tower,0,3,5,0,8,0,2,28,0,30,0,5,33,0,38,36,0,36,74
11/07/2022,SFF,WA,ANM,WE,Federal Contract Tower,0,4,13,0,17,0,0,4,0,4,0,4,17,0,21,10,0,10,31
11/08/2022,SFF,WA,ANM,WE,Federal Contract Tower,0,3,7,1,11,0,8,62,0,70,0,11,69,1,81,130,0,130,211
11/09/2022,SFF,WA,ANM,WE,Federal Contract Tower,0,0,19,1,20,0,3,100,1,104,0,3,119,2,124,178,0,178,302
11/10/2022,SFF,WA,ANM,WE,Federal Contract Tower,0,5,24,0,29,0,2,82,0,84,0,7,106,0,113,124,0,124,237
11/11/2022,SFF,WA,ANM,WE,Federal Contract Tower,0,4,17,0,21,0,9,94,0,103,0,13,111,0,124,162,0,162,286
11/12/2022,SFF,WA,ANM,WE,Federal Contract Tower,0,3,10,0,13,0,5,64,0,69,0,8,74,0,82,52,0,52,134
11/13/2022,SFF,WA,ANM,WE,Federal Contract Tower,0,6,13,0,19,0,2,6,0,8,0,8,19,0,27,65,0,65,92
11/14/2022,SFF,WA,ANM,WE,Federal Contract Tower,0,5,17,0,22,0,5,60,0,65,0,10,77,0,87,106,0,106,193
11/15/2022,SFF,WA,ANM,WE,Federal Contract Tower,0,4,12,0,16,0,2,31,0,33,0,6,43,0,49,68,0,68,117
11/16/2022,SFF,WA,ANM,WE,Federal Contract Tower,0,4,12,0,16,0,1,21,0,22,0,5,33,0,38,138,0,138,176
11/17/2022,SFF,WA,ANM,WE,Federal Contract Tower,0,5,23,0,28,0,7,65,0,72,0,12,88,0,100,30,0,30,130
11/18/2022,SFF,WA,ANM,WE,Federal Contract Tower,0,1,16,0,17,0,4,86,0,90,0,5,102,0,107,148,0,148,255
11/19/2022,SFF,WA,ANM,WE,Federal Contract Tower,0,3,7,0,10,0,6,72,0,78,0,9,79,0,88,100,0,100,188
11/20/2022,SFF,WA,ANM,WE,Federal Contract Tower,0,5,4,0,9,0,8,55,0,63,0,13,59,0,72,40,0,40,112
11/21/2022,SFF,WA,ANM,WE,Federal Contract Tower,0,3,16,0,19,0,8,67,0,75,0,11,83,0,94,140,0,140,234
11/22/2022,SFF,WA,ANM,WE,Federal Contract Tower,0,9,8,0,17,0,1,14,0,15,0,10,22,0,32,140,0,140,172
11/23/2022,SFF,WA,ANM,WE,Federal Contract Tower,0,9,16,0,25,0,0,2,0,2,0,9,18,0,27,0,0,0,27
11/24/2022,SFF,WA,ANM,WE,Federal Contract Tower,0,8,6,0,14,0,0,0,0,0,0,8,6,0,14,0,0,0,14
11/25/2022,SFF,WA,ANM,WE,Federal Contract Tower,0,1,9,0,10,0,0,10,0,10,0,1,19,0,20,38,0,38,58
11/26/2022,SFF,WA,ANM,WE,Federal Contract Tower,0,2,6,0,8,0,0,0,0,0,0,2,6,0,8,0,0,0,8
11/27/2022,SFF,WA,ANM,WE,Federal Contract Tower,0,1,10,0,11,0,2,24,0,26,0,3,34,0,37,20,0,20,57
11/28/2022,SFF,WA,ANM,WE,Federal Contract Tower,0,3,9,0,12,0,13,0,0,13,0,16,9,0,25,24,0,24,49
11/29/2022,SFF,WA,ANM,WE,Federal Contract Tower,0,4,14,0,18,0,3,48,0,51,0,7,62,0,69,136,0,136,205
12/01/2022,SFF,WA,ANM,WE,Federal Contract Tower,0,3,7,0,10,0,0,0,0,0,0,3,7,0,10,32,0,32,42
12/02/2022,SFF,WA,ANM,WE,Federal Contract Tower,0,5,15,2,22,0,11,15,0,26,0,16,30,2,48,121,0,121,169
12/03/2022,SFF,WA,ANM,WE,Federal Contract Tower,0,2,9,2,13,0,2,71,0,73,0,4,80,2,86,58,0,58,144
12/04/2022,SFF,WA,ANM,WE,Federal Contract Tower,0,3,7,0,10,0,2,13,0,15,0,5,20,0,25,46,0,46,71
12/05/2022,SFF,WA,ANM,WE,Federal Contract Tower,0,9,12,0,21,0,0,1,0,1,0,9,13,0,22,38,0,38,60
12/06/2022,SFF,WA,ANM,WE,Federal Contract Tower,0,11,8,0,19,0,0,0,0,0,0,11,8,0,19,0,0,0,19
12/07/2022,SFF,WA,ANM,WE,Federal Contract Tower,0,12,7,0,19,0,0,0,0,0,0,12,7,0,19,16,0,16,35
12/08/2022,SFF,WA,ANM,WE,Federal Contract Tower,0,2,12,0,14,0,0,6,0,6,0,2,18,0,20,114,0,114,134
12/09/2022,SFF,WA,ANM,WE,Federal Contract Tower,0,8,10,0,18,0,0,10,0,10,0,8,20,0,28,2,0,2,30
12/10/2022,SFF,WA,ANM,WE,Federal Contract Tower,0,3,4,0,7,0,0,0,0,0,0,3,4,0,7,6,0,6,13
12/11/2022,SFF,WA,ANM,WE,Federal Contract Tower,0,7,3,0,10,0,2,10,0,12,0,9,13,0,22,44,0,44,66
12/12/2022,SFF,WA,ANM,WE,Federal Contract Tower,0,6,13,0,19,0,1,49,0,50,0,7,62,0,69,80,0,80,149
12/13/2022,SFF,WA,ANM,WE,Federal Contract Tower,0,10,4,0,14,0,0,2,0,2,0,10,6,0,16,32,0,32,48
12/14/2022,SFF,WA,ANM,WE,Federal Contract Tower,0,6,15,0,21,0,0,0,0,0,0,6,15,0,21,26,0,26,47
12/15/2022,SFF,WA,ANM,WE,Federal Contract Tower,0,7,14,0,21,0,0,0,0,0,0,7,14,0,21,0,0,0,21
12/16/2022,SFF,WA,ANM,WE,Federal Contract Tower,0,7,10,0,17,0,0,0,0,0,0,7,10,0,17,0,0,0,17
12/17/2022,SFF,WA,ANM,WE,Federal Contract Tower,0,6,3,0,9,0,0,0,0,0,0,6,3,0,9,8,0,8,17
12/18/2022,SFF,WA,ANM,WE,Federal Contract Tower,0,4,5,0,9,0,0,0,0,0,0,4,5,0,9,0,0,0,9
12/19/2022,SFF,WA,ANM,WE,Federal Contract Tower,0,9,23,0,32,0,1,17,0,18,0,10,40,0,50,86,0,86,136
12/20/2022,SFF,WA,ANM,WE,Federal Contract Tower,0,8,3,0,11,0,0,0,0,0,0,8,3,0,11,0,0,0,11
12/21/2022,SFF,WA,ANM,WE,Federal Contract Tower,0,6,5,0,11,0,16,49,0,65,0,22,54,0,76,98,0,98,174
12/22/2022,SFF,WA,ANM,WE,Federal Contract Tower,0,2,15,0,17,0,9,47,0,56,0,11,62,0,73,92,0,92,165
12/23/2022,SFF,WA,ANM,WE,Federal Contract Tower,0,2,2,0,4,0,0,0,0,0,0,2,2,0,4,0,0,0,4
12/24/2022,SFF,WA,ANM,WE,Federal Contract Tower,0,0,2,0,2,0,0,0,0,0,0,0,2,0,2,0,0,0,2
12/25/2022,SFF,WA,ANM,WE,Federal Contract Tower,0,0,0,0,0,0,0,0,0,0,0,0,0,0,0,0,0,0,0
12/26/2022,SFF,WA,ANM,WE,Federal Contract Tower,0,6,3,0,9,0,0,12,0,12,0,6,15,0,21,40,0,40,61
12/27/2022,SFF,WA,ANM,WE,Federal Contract Tower,0,5,5,0,10,0,6,4,0,10,0,11,9,0,20,18,0,18,38
12/28/2022,SFF,WA,ANM,WE,Federal Contract Tower,0,9,9,0,18,0,3,9,0,12,0,12,18,0,30,82,0,82,112
12/29/2022,SFF,WA,ANM,WE,Federal Contract Tower,0,9,13,0,22,0,0,46,0,46,0,9,59,0,68,104,0,104,172
12/30/2022,SFF,WA,ANM,WE,Federal Contract Tower,0,5,23,0,28,0,1,0,0,1,0,6,23,0,29,36,0,36,65
12/31/2022,SFF,WA,ANM,WE,Federal Contract Tower,0,4,5,0,9,0,0,4,0,4,0,4,9,0,13,87,0,87,100
01/01/2023,SFF,WA,ANM,WE,Federal Contract Tower,0,1,6,0,7,0,3,13,0,16,0,4,19,0,23,30,0,30,53
01/02/2023,SFF,WA,ANM,WE,Federal Contract Tower,0,4,24,0,28,0,9,62,0,71,0,13,86,0,99,113,0,113,212
01/03/2023,SFF,WA,ANM,WE,Federal Contract Tower,0,7,13,0,20,0,0,8,0,8,0,7,21,0,28,102,0,102,130
01/04/2023,SFF,WA,ANM,WE,Federal Contract Tower,0,5,9,0,14,0,6,100,0,106,0,11,109,0,120,172,0,172,292
01/05/2023,SFF,WA,ANM,WE,Federal Contract Tower,0,1,9,0,10,0,6,46,0,52,0,7,55,0,62,124,0,124,186
01/06/2023,SFF,WA,ANM,WE,Federal Contract Tower,0,6,17,0,23,0,0,71,0,71,0,6,88,0,94,204,0,204,298
01/07/2023,SFF,WA,ANM,WE,Federal Contract Tower,0,4,11,0,15,0,0,64,0,64,0,4,75,0,79,119,0,119,198
01/08/2023,SFF,WA,ANM,WE,Federal Contract Tower,0,3,4,0,7,0,0,9,0,9,0,3,13,0,16,44,0,44,60
01/09/2023,SFF,WA,ANM,WE,Federal Contract Tower,0,7,10,0,17,0,1,20,0,21,0,8,30,0,38,80,0,80,118
01/10/2023,SFF,WA,ANM,WE,Federal Contract Tower,0,7,15,0,22,0,7,34,0,41,0,14,49,0,63,18,0,18,81
01/11/2023,SFF,WA,ANM,WE,Federal Contract Tower,0,7,8,0,15,0,2,4,0,6,0,9,12,0,21,72,0,72,93
01/12/2023,SFF,WA,ANM,WE,Federal Contract Tower,0,9,6,0,15,0,0,17,0,17,0,9,23,0,32,140,0,140,172
01/13/2023,SFF,WA,ANM,WE,Federal Contract Tower,0,7,22,0,29,0,0,47,0,47,0,7,69,0,76,156,0,156,232
01/14/2023,SFF,WA,ANM,WE,Federal Contract Tower,0,2,10,0,12,0,0,57,0,57,0,2,67,0,69,116,0,116,185
01/15/2023,SFF,WA,ANM,WE,Federal Contract Tower,0,6,13,0,19,0,0,15,0,15,0,6,28,0,34,30,0,30,64
01/16/2023,SFF,WA,ANM,WE,Federal Contract Tower,0,9,17,0,26,0,5,19,0,24,0,14,36,0,50,155,0,155,205
01/17/2023,SFF,WA,ANM,WE,Federal Contract Tower,0,4,10,0,14,0,3,8,0,11,0,7,18,0,25,130,0,130,155
01/18/2023,SFF,WA,ANM,WE,Federal Contract Tower,0,3,10,0,13,0,12,46,0,58,0,15,56,0,71,146,0,146,217
01/19/2023,SFF,WA,ANM,WE,Federal Contract Tower,0,5,15,0,20,0,4,42,0,46,0,9,57,0,66,170,0,170,236
01/20/2023,SFF,WA,ANM,WE,Federal Contract Tower,0,8,15,0,23,0,0,14,0,14,0,8,29,0,37,112,0,112,149
01/21/2023,SFF,WA,ANM,WE,Federal Contract Tower,0,3,9,0,12,0,0,53,0,53,0,3,62,0,65,79,0,79,144
01/22/2023,SFF,WA,ANM,WE,Federal Contract Tower,0,2,9,0,11,0,0,5,0,5,0,2,14,0,16,3,0,3,19
01/23/2023,SFF,WA,ANM,WE,Federal Contract Tower,0,5,11,0,16,0,3,20,0,23,0,8,31,0,39,219,0,219,258
01/24/2023,SFF,WA,ANM,WE,Federal Contract Tower,0,7,16,0,23,0,0,10,0,10,0,7,26,0,33,30,0,30,63
01/25/2023,SFF,WA,ANM,WE,Federal Contract Tower,0,4,7,0,11,0,6,13,0,19,0,10,20,0,30,74,0,74,104
01/26/2023,SFF,WA,ANM,WE,Federal Contract Tower,0,4,22,0,26,0,4,23,0,27,0,8,45,0,53,112,0,112,165
01/27/2023,SFF,WA,ANM,WE,Federal Contract Tower,0,7,13,0,20,0,3,17,0,20,0,10,30,0,40,48,0,48,88
01/28/2023,SFF,WA,ANM,WE,Federal Contract Tower,0,4,10,0,14,0,7,27,0,34,0,11,37,0,48,8,0,8,56
01/29/2023,SFF,WA,ANM,WE,Federal Contract Tower,0,1,7,0,8,0,4,65,0,69,0,5,72,0,77,87,0,87,164
01/30/2023,SFF,WA,ANM,WE,Federal Contract Tower,0,4,19,0,23,0,7,70,0,77,0,11,89,0,100,136,0,136,236
01/31/2023,SFF,WA,ANM,WE,Federal Contract Tower,0,7,24,0,31,0,0,30,0,30,0,7,54,0,61,58,0,58,119
02/01/2023,SFF,WA,ANM,WE,Federal Contract Tower,0,2,13,0,15,0,6,61,0,67,0,8,74,0,82,162,0,162,244
02/02/2023,SFF,WA,ANM,WE,Federal Contract Tower,0,4,6,0,10,0,8,44,0,52,0,12,50,0,62,74,0,74,136
02/03/2023,SFF,WA,ANM,WE,Federal Contract Tower,0,0,15,0,15,0,8,52,0,60,0,8,67,0,75,193,0,193,268
02/04/2023,SFF,WA,ANM,WE,Federal Contract Tower,0,2,7,0,9,0,6,61,0,67,0,8,68,0,76,70,0,70,146
02/05/2023,SFF,WA,ANM,WE,Federal Contract Tower,0,4,10,0,14,0,0,0,0,0,0,4,10,0,14,0,0,0,14
02/06/2023,SFF,WA,ANM,WE,Federal Contract Tower,0,7,21,0,28,0,11,18,0,29,0,18,39,0,57,84,0,84,141
02/07/2023,SFF,WA,ANM,WE,Federal Contract Tower,0,6,10,0,16,0,6,18,0,24,0,12,28,0,40,118,0,118,158
02/08/2023,SFF,WA,ANM,WE,Federal Contract Tower,0,5,13,0,18,0,8,74,0,82,0,13,87,0,100,112,0,112,212
02/09/2023,SFF,WA,ANM,WE,Federal Contract Tower,0,4,16,0,20,0,6,92,0,98,0,10,108,0,118,114,0,114,232
02/10/2023,SFF,WA,ANM,WE,Federal Contract Tower,0,3,13,0,16,0,5,89,0,94,0,8,102,0,110,88,0,88,198
02/11/2023,SFF,WA,ANM,WE,Federal Contract Tower,0,4,10,0,14,0,5,94,0,99,0,9,104,0,113,80,0,80,193
02/12/2023,SFF,WA,ANM,WE,Federal Contract Tower,0,0,8,0,8,0,2,54,0,56,0,2,62,0,64,16,0,16,80
02/13/2023,SFF,WA,ANM,WE,Federal Contract Tower,0,6,12,0,18,0,1,26,0,27,0,7,38,0,45,81,0,81,126
02/14/2023,SFF,WA,ANM,WE,Federal Contract Tower,0,7,12,0,19,0,5,36,0,41,0,12,48,0,60,48,0,48,108
02/15/2023,SFF,WA,ANM,WE,Federal Contract Tower,0,3,23,0,26,0,0,1,0,1,0,3,24,0,27,106,0,106,133
02/16/2023,SFF,WA,ANM,WE,Federal Contract Tower,0,3,20,0,23,0,4,90,0,94,0,7,110,0,117,104,0,104,221
02/17/2023,SFF,WA,ANM,WE,Federal Contract Tower,0,3,17,0,20,0,8,79,0,87,0,11,96,0,107,70,0,70,177
02/18/2023,SFF,WA,ANM,WE,Federal Contract Tower,0,4,7,0,11,0,3,69,0,72,0,7,76,0,83,96,0,96,179
02/19/2023,SFF,WA,ANM,WE,Federal Contract Tower,0,5,11,0,16,0,3,12,0,15,0,8,23,0,31,74,0,74,105
02/20/2023,SFF,WA,ANM,WE,Federal Contract Tower,0,4,14,0,18,0,13,23,0,36,0,17,37,0,54,34,0,34,88
02/21/2023,SFF,WA,ANM,WE,Federal Contract Tower,0,10,11,0,21,0,0,10,0,10,0,10,21,0,31,38,0,38,69
02/22/2023,SFF,WA,ANM,WE,Federal Contract Tower,0,5,9,0,14,0,6,15,0,21,0,11,24,0,35,76,0,76,111
02/23/2023,SFF,WA,ANM,WE,Federal Contract Tower,0,5,12,1,18,0,8,33,1,42,0,13,45,2,60,52,0,52,112
02/24/2023,SFF,WA,ANM,WE,Federal Contract Tower,0,2,14,0,16,0,6,85,0,91,0,8,99,0,107,94,0,94,201
02/25/2023,SFF,WA,ANM,WE,Federal Contract Tower,0,1,9,0,10,0,11,78,0,89,0,12,87,0,99,68,0,68,167
02/26/2023,SFF,WA,ANM,WE,Federal Contract Tower,0,4,4,0,8,0,1,0,0,1,0,5,4,0,9,26,0,26,35
02/27/2023,SFF,WA,ANM,WE,Federal Contract Tower,0,7,14,0,21,0,5,91,0,96,0,12,105,0,117,125,0,125,242
02/28/2023,SFF,WA,ANM,WE,Federal Contract Tower,0,6,4,0,10,0,7,13,0,20,0,13,17,0,30,88,0,88,118
03/01/2023,SFF,WA,ANM,WE,Federal Contract Tower,0,5,16,0,21,0,4,26,0,30,0,9,42,0,51,70,0,70,121
03/02/2023,SFF,WA,ANM,WE,Federal Contract Tower,0,8,11,0,19,0,1,10,0,11,0,9,21,0,30,16,0,16,46
03/03/2023,SFF,WA,ANM,WE,Federal Contract Tower,0,2,12,0,14,0,5,62,0,67,0,7,74,0,81,76,0,76,157
03/04/2023,SFF,WA,ANM,WE,Federal Contract Tower,0,1,7,0,8,0,6,98,0,104,0,7,105,0,112,140,0,140,252
03/05/2023,SFF,WA,ANM,WE,Federal Contract Tower,0,6,7,0,13,0,2,20,0,22,0,8,27,0,35,28,0,28,63
03/06/2023,SFF,WA,ANM,WE,Federal Contract Tower,0,6,6,0,12,0,2,10,0,12,0,8,16,0,24,54,0,54,78
03/07/2023,SFF,WA,ANM,WE,Federal Contract Tower,0,2,15,0,17,0,10,108,0,118,0,12,123,0,135,180,0,180,315
03/08/2023,SFF,WA,ANM,WE,Federal Contract Tower,0,1,27,0,28,0,7,87,0,94,0,8,114,0,122,131,0,131,253
03/09/2023,SFF,WA,ANM,WE,Federal Contract Tower,0,6,19,0,25,0,11,66,0,77,0,17,85,0,102,138,0,138,240
03/10/2023,SFF,WA,ANM,WE,Federal Contract Tower,0,1,10,0,11,0,0,0,0,0,0,1,10,0,11,0,0,0,11
03/11/2023,SFF,WA,ANM,WE,Federal Contract Tower,0,1,10,0,11,0,11,52,0,63,0,12,62,0,74,82,0,82,156
03/12/2023,SFF,WA,ANM,WE,Federal Contract Tower,0,4,13,0,17,0,4,80,0,84,0,8,93,0,101,18,0,18,119
03/13/2023,SFF,WA,ANM,WE,Federal Contract Tower,0,12,16,0,28,0,0,28,0,28,0,12,44,0,56,122,0,122,178
03/14/2023,SFF,WA,ANM,WE,Federal Contract Tower,0,1,20,0,21,0,10,86,0,96,0,11,106,0,117,104,0,104,221
03/15/2023,SFF,WA,ANM,WE,Federal Contract Tower,0,2,5,0,7,0,6,78,0,84,0,8,83,0,91,104,0,104,195
03/16/2023,SFF,WA,ANM,WE,Federal Contract Tower,0,6,15,1,22,0,11,92,1,104,0,17,107,2,126,197,0,197,323
03/17/2023,SFF,WA,ANM,WE,Federal Contract Tower,0,4,16,0,20,0,7,112,0,119,0,11,128,0,139,104,0,104,243
03/18/2023,SFF,WA,ANM,WE,Federal Contract Tower,0,2,9,0,11,0,6,105,0,111,0,8,114,0,122,126,0,126,248
03/19/2023,SFF,WA,ANM,WE,Federal Contract Tower,0,1,8,0,9,0,5,79,0,84,0,6,87,0,93,70,0,70,163
03/20/2023,SFF,WA,ANM,WE,Federal Contract Tower,0,7,12,0,19,0,10,52,0,62,0,17,64,0,81,104,0,104,185
03/21/2023,SFF,WA,ANM,WE,Federal Contract Tower,0,7,9,0,16,0,5,83,0,88,0,12,92,0,104,73,0,73,177
03/22/2023,SFF,WA,ANM,WE,Federal Contract Tower,0,5,11,0,16,0,10,99,0,109,0,15,110,0,125,114,0,114,239
03/23/2023,SFF,WA,ANM,WE,Federal Contract Tower,0,2,24,0,26,0,11,31,0,42,0,13,55,0,68,82,0,82,150
03/24/2023,SFF,WA,ANM,WE,Federal Contract Tower,0,7,19,0,26,0,11,61,0,72,0,18,80,0,98,120,0,120,218
03/25/2023,SFF,WA,ANM,WE,Federal Contract Tower,0,3,15,0,18,0,1,35,0,36,0,4,50,0,54,94,0,94,148
03/26/2023,SFF,WA,ANM,WE,Federal Contract Tower,0,2,4,0,6,0,5,22,0,27,0,7,26,0,33,72,0,72,105
03/27/2023,SFF,WA,ANM,WE,Federal Contract Tower,0,3,15,0,18,0,9,84,0,93,0,12,99,0,111,108,0,108,219
03/28/2023,SFF,WA,ANM,WE,Federal Contract Tower,0,4,14,0,18,0,9,81,0,90,0,13,95,0,108,97,0,97,205
03/29/2023,SFF,WA,ANM,WE,Federal Contract Tower,0,4,14,1,19,0,16,105,0,121,0,20,119,1,140,212,0,212,352
03/30/2023,SFF,WA,ANM,WE,Federal Contract Tower,0,7,26,0,33,0,8,74,0,82,0,15,100,0,115,148,0,148,263
03/31/2023,SFF,WA,ANM,WE,Federal Contract Tower,0,6,15,0,21,0,2,88,0,90,0,8,103,0,111,94,0,94,205
04/01/2023,SFF,WA,ANM,WE,Federal Contract Tower,0,2,5,0,7,0,3,5,0,8,0,5,10,0,15,12,0,12,27
04/02/2023,SFF,WA,ANM,WE,Federal Contract Tower,0,5,12,0,17,0,13,26,0,39,0,18,38,0,56,58,0,58,114
04/03/2023,SFF,WA,ANM,WE,Federal Contract Tower,0,12,20,0,32,0,2,58,0,60,0,14,78,0,92,202,0,202,294
04/04/2023,SFF,WA,ANM,WE,Federal Contract Tower,0,2,15,0,17,0,2,46,0,48,0,4,61,0,65,172,0,172,237
04/05/2023,SFF,WA,ANM,WE,Federal Contract Tower,0,1,20,0,21,0,12,88,0,100,0,13,108,0,121,112,0,112,233
04/06/2023,SFF,WA,ANM,WE,Federal Contract Tower,0,4,17,0,21,0,6,116,0,122,0,10,133,0,143,82,0,82,225
04/07/2023,SFF,WA,ANM,WE,Federal Contract Tower,0,5,13,0,18,0,4,42,0,46,0,9,55,0,64,188,0,188,252
04/08/2023,SFF,WA,ANM,WE,Federal Contract Tower,0,1,6,0,7,0,9,63,1,73,0,10,69,1,80,46,0,46,126
04/09/2023,SFF,WA,ANM,WE,Federal Contract Tower,0,0,9,0,9,0,0,29,0,29,0,0,38,0,38,74,0,74,112
04/10/2023,SFF,WA,ANM,WE,Federal Contract Tower,0,3,20,0,23,0,8,40,0,48,0,11,60,0,71,294,0,294,365
04/11/2023,SFF,WA,ANM,WE,Federal Contract Tower,0,2,13,0,15,0,12,9,0,21,0,14,22,0,36,44,0,44,80
04/12/2023,SFF,WA,ANM,WE,Federal Contract Tower,0,3,17,0,20,0,9,103,0,112,0,12,120,0,132,232,0,232,364
04/13/2023,SFF,WA,ANM,WE,Federal Contract Tower,0,4,19,0,23,0,9,84,0,93,0,13,103,0,116,161,0,161,277
04/14/2023,SFF,WA,ANM,WE,Federal Contract Tower,0,2,20,0,22,0,6,94,0,100,0,8,114,0,122,203,0,203,325
04/15/2023,SFF,WA,ANM,WE,Federal Contract Tower,0,1,6,0,7,0,13,108,0,121,0,14,114,0,128,38,0,38,166
04/16/2023,SFF,WA,ANM,WE,Federal Contract Tower,0,2,10,0,12,0,7,41,0,48,0,9,51,0,60,60,0,60,120
04/17/2023,SFF,WA,ANM,WE,Federal Contract Tower,0,3,21,0,24,0,11,113,0,124,0,14,134,0,148,140,0,140,288
04/18/2023,SFF,WA,ANM,WE,Federal Contract Tower,0,4,9,0,13,0,17,68,0,85,0,21,77,0,98,166,0,166,264
04/19/2023,SFF,WA,ANM,WE,Federal Contract Tower,0,6,10,0,16,0,5,87,0,92,0,11,97,0,108,196,0,196,304
04/20/2023,SFF,WA,ANM,WE,Federal Contract Tower,0,7,15,0,22,0,9,100,0,109,0,16,115,0,131,212,0,212,343
04/21/2023,SFF,WA,ANM,WE,Federal Contract Tower,0,2,18,0,20,0,1,51,0,52,0,3,69,0,72,164,0,164,236
04/22/2023,SFF,WA,ANM,WE,Federal Contract Tower,0,0,9,0,9,0,10,94,0,104,0,10,103,0,113,172,0,172,285
04/23/2023,SFF,WA,ANM,WE,Federal Contract Tower,0,2,7,0,9,0,2,24,0,26,0,4,31,0,35,36,0,36,71
04/24/2023,SFF,WA,ANM,WE,Federal Contract Tower,0,2,15,0,17,0,1,44,0,45,0,3,59,0,62,192,0,192,254
04/25/2023,SFF,WA,ANM,WE,Federal Contract Tower,0,7,17,0,24,0,7,260,0,267,0,14,277,0,291,107,0,107,398
04/26/2023,SFF,WA,ANM,WE,Federal Contract Tower,0,1,16,0,17,0,9,114,0,123,0,10,130,0,140,176,0,176,316
04/27/2023,SFF,WA,ANM,WE,Federal Contract Tower,0,5,8,0,13,0,7,94,0,101,0,12,102,0,114,182,0,182,296
04/28/2023,SFF,WA,ANM,WE,Federal Contract Tower,0,2,16,0,18,0,7,123,0,130,0,9,139,0,148,233,0,233,381
04/29/2023,SFF,WA,ANM,WE,Federal Contract Tower,0,1,4,0,5,0,7,126,0,133,0,8,130,0,138,123,0,123,261
04/30/2023,SFF,WA,ANM,WE,Federal Contract Tower,0,2,9,0,11,0,8,86,0,94,0,10,95,0,105,28,0,28,133
05/01/2023,SFF,WA,ANM,WE,Federal Contract Tower,0,3,16,0,19,0,13,70,0,83,0,16,86,0,102,266,0,266,368
05/02/2023,SFF,WA,ANM,WE,Federal Contract Tower,0,2,6,0,8,0,16,139,0,155,0,18,145,0,163,198,0,198,361
05/03/2023,SFF,WA,ANM,WE,Federal Contract Tower,0,3,9,0,12,0,7,147,0,154,0,10,156,0,166,266,0,266,432
05/04/2023,SFF,WA,ANM,WE,Federal Contract Tower,0,3,14,0,17,0,9,118,0,127,0,12,132,0,144,180,0,180,324
05/05/2023,SFF,WA,ANM,WE,Federal Contract Tower,0,5,13,0,18,0,4,19,0,23,0,9,32,0,41,182,0,182,223
05/06/2023,SFF,WA,ANM,WE,Federal Contract Tower,0,2,5,0,7,0,6,20,0,26,0,8,25,0,33,32,0,32,65
05/07/2023,SFF,WA,ANM,WE,Federal Contract Tower,0,1,8,0,9,0,1,69,0,70,0,2,77,0,79,96,0,96,175
05/08/2023,SFF,WA,ANM,WE,Federal Contract Tower,0,8,19,0,27,0,6,96,0,102,0,14,115,0,129,200,0,200,329
05/09/2023,SFF,WA,ANM,WE,Federal Contract Tower,0,1,16,0,17,0,5,60,0,65,0,6,76,0,82,232,0,232,314
05/10/2023,SFF,WA,ANM,WE,Federal Contract Tower,0,2,14,0,16,0,7,120,0,127,0,9,134,0,143,169,0,169,312
05/11/2023,SFF,WA,ANM,WE,Federal Contract Tower,0,1,19,0,20,0,5,132,4,141,0,6,151,4,161,222,0,222,383
05/12/2023,SFF,WA,ANM,WE,Federal Contract Tower,0,1,16,0,17,0,6,150,0,156,0,7,166,0,173,199,0,199,372
05/13/2023,SFF,WA,ANM,WE,Federal Contract Tower,0,2,4,0,6,0,12,120,0,132,0,14,124,0,138,86,0,86,224
05/14/2023,SFF,WA,ANM,WE,Federal Contract Tower,0,0,5,0,5,0,8,31,0,39,0,8,36,0,44,22,0,22,66
05/15/2023,SFF,WA,ANM,WE,Federal Contract Tower,0,2,10,0,12,0,11,99,0,110,0,13,109,0,122,178,0,178,300
05/16/2023,SFF,WA,ANM,WE,Federal Contract Tower,0,3,13,0,16,0,12,85,0,97,0,15,98,0,113,252,0,252,365
05/17/2023,SFF,WA,ANM,WE,Federal Contract Tower,0,1,14,0,15,0,17,100,0,117,0,18,114,0,132,232,0,232,364
05/18/2023,SFF,WA,ANM,WE,Federal Contract Tower,0,8,21,0,29,0,14,100,0,114,0,22,121,0,143,185,0,185,328
05/19/2023,SFF,WA,ANM,WE,Federal Contract Tower,0,5,26,0,31,0,7,118,0,125,0,12,144,0,156,182,0,182,338
05/20/2023,SFF,WA,ANM,WE,Federal Contract Tower,0,0,6,0,6,0,12,146,0,158,0,12,152,0,164,58,0,58,222
05/21/2023,SFF,WA,ANM,WE,Federal Contract Tower,0,2,9,0,11,0,5,58,0,63,0,7,67,0,74,6,0,6,80
05/22/2023,SFF,WA,ANM,WE,Federal Contract Tower,0,7,15,0,22,0,6,55,0,61,0,13,70,0,83,88,0,88,171
05/23/2023,SFF,WA,ANM,WE,Federal Contract Tower,2,14,0,0,16,0,8,117,0,125,2,22,117,0,141,236,0,236,377
05/24/2023,SFF,WA,ANM,WE,Federal Contract Tower,0,2,11,0,13,0,7,103,0,110,0,9,114,0,123,76,0,76,199
05/25/2023,SFF,WA,ANM,WE,Federal Contract Tower,0,4,10,0,14,0,13,119,0,132,0,17,129,0,146,150,0,150,296
05/26/2023,SFF,WA,ANM,WE,Federal Contract Tower,0,0,8,0,8,0,7,97,0,104,0,7,105,0,112,220,0,220,332
05/27/2023,SFF,WA,ANM,WE,Federal Contract Tower,0,0,8,0,8,0,4,45,0,49,0,4,53,0,57,22,0,22,79
05/28/2023,SFF,WA,ANM,WE,Federal Contract Tower,0,3,4,0,7,0,10,51,0,61,0,13,55,0,68,22,0,22,90
05/29/2023,SFF,WA,ANM,WE,Federal Contract Tower,0,1,3,0,4,0,3,99,0,102,0,4,102,0,106,74,0,74,180
05/30/2023,SFF,WA,ANM,WE,Federal Contract Tower,0,3,10,0,13,0,5,98,0,103,0,8,108,0,116,284,0,284,400
05/31/2023,SFF,WA,ANM,WE,Federal Contract Tower,0,1,10,0,11,0,12,115,0,127,0,13,125,0,138,252,0,252,390
06/01/2023,SFF,WA,ANM,WE,Federal Contract Tower,0,4,14,0,18,0,18,143,2,163,0,22,157,2,181,322,0,322,503
06/02/2023,SFF,WA,ANM,WE,Federal Contract Tower,0,5,12,0,17,0,4,112,0,116,0,9,124,0,133,270,0,270,403
06/03/2023,SFF,WA,ANM,WE,Federal Contract Tower,0,1,9,0,10,0,9,97,0,106,0,10,106,0,116,30,0,30,146
06/04/2023,SFF,WA,ANM,WE,Federal Contract Tower,0,1,5,0,6,0,13,84,0,97,0,14,89,0,103,108,0,108,211
06/05/2023,SFF,WA,ANM,WE,Federal Contract Tower,0,4,16,0,20,0,15,99,0,114,0,19,115,0,134,154,0,154,288
06/06/2023,SFF,WA,ANM,WE,Federal Contract Tower,0,3,13,0,16,0,5,123,0,128,0,8,136,0,144,310,0,310,454
06/07/2023,SFF,WA,ANM,WE,Federal Contract Tower,0,1,12,0,13,0,7,92,0,99,0,8,104,0,112,229,0,229,341
06/08/2023,SFF,WA,ANM,WE,Federal Contract Tower,0,6,12,0,18,0,7,54,0,61,0,13,66,0,79,194,0,194,273
06/09/2023,SFF,WA,ANM,WE,Federal Contract Tower,0,2,26,0,28,0,0,16,0,16,0,2,42,0,44,82,0,82,126
06/10/2023,SFF,WA,ANM,WE,Federal Contract Tower,0,0,5,0,5,0,2,218,0,220,0,2,223,0,225,28,0,28,253
06/11/2023,SFF,WA,ANM,WE,Federal Contract Tower,0,1,8,0,9,0,4,102,0,106,0,5,110,0,115,70,0,70,185
06/12/2023,SFF,WA,ANM,WE,Federal Contract Tower,0,5,16,0,21,0,12,87,0,99,0,17,103,0,120,208,0,208,328
06/13/2023,SFF,WA,ANM,WE,Federal Contract Tower,0,11,11,0,22,0,11,73,0,84,0,22,84,0,106,96,0,96,202
06/14/2023,SFF,WA,ANM,WE,Federal Contract Tower,0,1,15,0,16,0,3,46,0,49,0,4,61,0,65,52,0,52,117
06/15/2023,SFF,WA,ANM,WE,Federal Contract Tower,0,1,24,0,25,0,6,144,0,150,0,7,168,0,175,178,0,178,353
06/16/2023,SFF,WA,ANM,WE,Federal Contract Tower,0,1,13,0,14,0,4,98,0,102,0,5,111,0,116,71,0,71,187
06/17/2023,SFF,WA,ANM,WE,Federal Contract Tower,0,3,14,0,17,0,7,69,0,76,0,10,83,0,93,41,0,41,134
06/18/2023,SFF,WA,ANM,WE,Federal Contract Tower,0,2,3,0,5,0,12,38,0,50,0,14,41,0,55,0,0,0,55
06/19/2023,SFF,WA,ANM,WE,Federal Contract Tower,0,2,23,0,25,0,8,57,0,65,0,10,80,0,90,84,0,84,174
06/20/2023,SFF,WA,ANM,WE,Federal Contract Tower,0,3,16,0,19,0,5,46,0,51,0,8,62,0,70,166,0,166,236
06/21/2023,SFF,WA,ANM,WE,Federal Contract Tower,0,2,14,0,16,0,9,106,0,115,0,11,120,0,131,137,0,137,268
06/22/2023,SFF,WA,ANM,WE,Federal Contract Tower,0,3,17,0,20,0,11,139,0,150,0,14,156,0,170,130,0,130,300
06/23/2023,SFF,WA,ANM,WE,Federal Contract Tower,0,1,16,0,17,0,7,117,0,124,0,8,133,0,141,120,0,120,261
06/24/2023,SFF,WA,ANM,WE,Federal Contract Tower,0,0,5,0,5,0,2,189,0,191,0,2,194,0,196,32,0,32,228
06/25/2023,SFF,WA,ANM,WE,Federal Contract Tower,0,0,9,0,9,0,12,77,0,89,0,12,86,0,98,95,0,95,193
06/26/2023,SFF,WA,ANM,WE,Federal Contract Tower,0,2,21,0,23,0,2,65,0,67,0,4,86,0,90,126,0,126,216
06/27/2023,SFF,WA,ANM,WE,Federal Contract Tower,0,5,12,1,18,0,8,58,3,69,0,13,70,4,87,84,0,84,171
06/28/2023,SFF,WA,ANM,WE,Federal Contract Tower,0,5,28,0,33,0,6,100,0,106,0,11,128,0,139,176,0,176,315
06/29/2023,SFF,WA,ANM,WE,Federal Contract Tower,0,1,26,0,27,0,16,101,6,123,0,17,127,6,150,130,0,130,280
06/30/2023,SFF,WA,ANM,WE,Federal Contract Tower,0,0,14,0,14,0,4,119,0,123,0,4,133,0,137,153,0,153,290
07/01/2023,SFF,WA,ANM,WE,Federal Contract Tower,0,0,10,0,10,0,13,87,0,100,0,13,97,0,110,42,0,42,152
07/02/2023,SFF,WA,ANM,WE,Federal Contract Tower,0,1,6,0,7,0,6,79,0,85,0,7,85,0,92,8,0,8,100
07/03/2023,SFF,WA,ANM,WE,Federal Contract Tower,0,2,6,0,8,0,5,80,0,85,0,7,86,0,93,60,0,60,153
07/04/2023,SFF,WA,ANM,WE,Federal Contract Tower,0,2,0,0,2,0,12,72,2,86,0,14,72,2,88,66,0,66,154
07/05/2023,SFF,WA,ANM,WE,Federal Contract Tower,0,4,13,0,17,0,21,91,0,112,0,25,104,0,129,83,0,83,212
07/06/2023,SFF,WA,ANM,WE,Federal Contract Tower,0,2,18,0,20,0,6,102,0,108,0,8,120,0,128,100,0,100,228
07/07/2023,SFF,WA,ANM,WE,Federal Contract Tower,0,1,16,0,17,0,3,136,0,139,0,4,152,0,156,165,0,165,321
07/08/2023,SFF,WA,ANM,WE,Federal Contract Tower,0,0,9,0,9,0,9,113,0,122,0,9,122,0,131,32,0,32,163
07/09/2023,SFF,WA,ANM,WE,Federal Contract Tower,0,1,15,0,16,0,4,68,0,72,0,5,83,0,88,51,0,51,139
07/10/2023,SFF,WA,ANM,WE,Federal Contract Tower,0,5,17,0,22,0,3,50,0,53,0,8,67,0,75,93,0,93,168
07/11/2023,SFF,WA,ANM,WE,Federal Contract Tower,0,7,18,0,25,0,15,119,0,134,0,22,137,0,159,178,0,178,337
07/12/2023,SFF,WA,ANM,WE,Federal Contract Tower,0,4,22,0,26,0,13,157,0,170,0,17,179,0,196,126,0,126,322
07/13/2023,SFF,WA,ANM,WE,Federal Contract Tower,0,8,20,0,28,0,15,132,0,147,0,23,152,0,175,113,0,113,288
07/14/2023,SFF,WA,ANM,WE,Federal Contract Tower,0,2,15,0,17,0,13,132,0,145,0,15,147,0,162,182,0,182,344
07/15/2023,SFF,WA,ANM,WE,Federal Contract Tower,0,3,5,0,8,0,12,81,0,93,0,15,86,0,101,112,0,112,213
07/16/2023,SFF,WA,ANM,WE,Federal Contract Tower,0,1,10,0,11,0,5,72,0,77,0,6,82,0,88,48,0,48,136
07/17/2023,SFF,WA,ANM,WE,Federal Contract Tower,0,4,12,0,16,0,8,54,0,62,0,12,66,0,78,33,0,33,111
07/19/2023,SFF,WA,ANM,WE,Federal Contract Tower,0,7,15,0,22,0,9,124,0,133,0,16,139,0,155,95,0,95,250
07/20/2023,SFF,WA,ANM,WE,Federal Contract Tower,0,4,14,0,18,0,13,119,0,132,0,17,133,0,150,168,0,168,318
07/21/2023,SFF,WA,ANM,WE,Federal Contract Tower,0,3,15,0,18,0,10,109,0,119,0,13,124,0,137,146,0,146,283
07/22/2023,SFF,WA,ANM,WE,Federal Contract Tower,0,1,10,0,11,0,10,89,0,99,0,11,99,0,110,30,0,30,140
07/23/2023,SFF,WA,ANM,WE,Federal Contract Tower,0,1,2,0,3,0,8,68,0,76,0,9,70,0,79,62,0,62,141
07/24/2023,SFF,WA,ANM,WE,Federal Contract Tower,0,3,13,0,16,0,18,61,0,79,0,21,74,0,95,100,0,100,195
07/25/2023,SFF,WA,ANM,WE,Federal Contract Tower,0,1,8,0,9,0,14,83,0,97,0,15,91,0,106,138,0,138,244
07/26/2023,SFF,WA,ANM,WE,Federal Contract Tower,0,5,7,0,12,0,10,123,0,133,0,15,130,0,145,192,0,192,337
07/27/2023,SFF,WA,ANM,WE,Federal Contract Tower,0,2,13,0,15,0,3,113,0,116,0,5,126,0,131,168,0,168,299
07/28/2023,SFF,WA,ANM,WE,Federal Contract Tower,0,4,13,0,17,0,8,117,0,125,0,12,130,0,142,156,0,156,298
07/29/2023,SFF,WA,ANM,WE,Federal Contract Tower,0,0,5,0,5,0,11,95,0,106,0,11,100,0,111,14,0,14,125
07/30/2023,SFF,WA,ANM,WE,Federal Contract Tower,0,1,2,0,3,0,7,56,0,63,0,8,58,0,66,20,0,20,86
07/31/2023,SFF,WA,ANM,WE,Federal Contract Tower,0,2,17,0,19,0,6,97,0,103,0,8,114,0,122,146,0,146,268
08/01/2023,SFF,WA,ANM,WE,Federal Contract Tower,0,3,22,0,25,0,5,104,0,109,0,8,126,0,134,152,0,152,286
08/02/2023,SFF,WA,ANM,WE,Federal Contract Tower,0,3,15,1,19,0,13,102,1,116,0,16,117,2,135,190,0,190,325
08/03/2023,SFF,WA,ANM,WE,Federal Contract Tower,0,5,20,0,25,0,6,95,0,101,0,11,115,0,126,82,0,82,208
08/04/2023,SFF,WA,ANM,WE,Federal Contract Tower,0,1,12,0,13,0,5,94,0,99,0,6,106,0,112,105,0,105,217
08/05/2023,SFF,WA,ANM,WE,Federal Contract Tower,0,0,10,0,10,0,6,92,0,98,0,6,102,0,108,82,0,82,190
08/06/2023,SFF,WA,ANM,WE,Federal Contract Tower,0,2,12,0,14,0,7,55,0,62,0,9,67,0,76,62,0,62,138
08/08/2023,SFF,WA,ANM,WE,Federal Contract Tower,0,3,26,0,29,0,8,94,0,102,0,11,120,0,131,172,0,172,303
08/09/2023,SFF,WA,ANM,WE,Federal Contract Tower,0,5,14,0,19,0,6,89,0,95,0,11,103,0,114,136,0,136,250
08/10/2023,SFF,WA,ANM,WE,Federal Contract Tower,0,6,14,0,20,0,20,86,0,106,0,26,100,0,126,80,0,80,206
08/11/2023,SFF,WA,ANM,WE,Federal Contract Tower,0,1,21,0,22,0,11,121,0,132,0,12,142,0,154,134,0,134,288
08/12/2023,SFF,WA,ANM,WE,Federal Contract Tower,0,2,13,0,15,0,9,120,0,129,0,11,133,0,144,64,0,64,208
08/13/2023,SFF,WA,ANM,WE,Federal Contract Tower,0,1,4,0,5,0,18,80,0,98,0,19,84,0,103,16,0,16,119
08/14/2023,SFF,WA,ANM,WE,Federal Contract Tower,0,1,10,0,11,0,11,99,0,110,0,12,109,0,121,68,0,68,189
08/15/2023,SFF,WA,ANM,WE,Federal Contract Tower,0,2,18,0,20,0,10,83,0,93,0,12,101,0,113,49,0,49,162
08/16/2023,SFF,WA,ANM,WE,Federal Contract Tower,0,1,8,0,9,0,11,71,0,82,0,12,79,0,91,66,0,66,157
08/17/2023,SFF,WA,ANM,WE,Federal Contract Tower,0,2,19,0,21,0,2,50,0,52,0,4,69,0,73,97,0,97,170
08/18/2023,SFF,WA,ANM,WE,Federal Contract Tower,0,3,18,0,21,0,5,51,0,56,0,8,69,0,77,44,0,44,121
08/19/2023,SFF,WA,ANM,WE,Federal Contract Tower,0,3,18,0,21,0,0,0,0,0,0,3,18,0,21,0,0,0,21
08/20/2023,SFF,WA,ANM,WE,Federal Contract Tower,0,1,13,0,14,0,0,2,0,2,0,1,15,0,16,0,0,0,16
08/21/2023,SFF,WA,ANM,WE,Federal Contract Tower,0,7,28,0,35,0,2,21,0,23,0,9,49,0,58,54,0,54,112
08/22/2023,SFF,WA,ANM,WE,Federal Contract Tower,0,11,27,0,38,0,3,10,0,13,0,14,37,0,51,68,0,68,119
08/23/2023,SFF,WA,ANM,WE,Federal Contract Tower,0,1,23,0,24,0,9,93,0,102,0,10,116,0,126,176,0,176,302
08/24/2023,SFF,WA,ANM,WE,Federal Contract Tower,0,4,21,0,25,0,5,137,0,142,0,9,158,0,167,208,2,210,377
08/25/2023,SFF,WA,ANM,WE,Federal Contract Tower,0,5,21,0,26,0,8,79,0,87,0,13,100,0,113,210,0,210,323
08/26/2023,SFF,WA,ANM,WE,Federal Contract Tower,0,4,9,0,13,0,9,106,0,115,0,13,115,0,128,74,0,74,202
08/27/2023,SFF,WA,ANM,WE,Federal Contract Tower,0,2,13,0,15,0,8,74,0,82,0,10,87,0,97,62,0,62,159
08/28/2023,SFF,WA,ANM,WE,Federal Contract Tower,0,6,18,0,24,0,5,105,0,110,0,11,123,0,134,168,0,168,302
08/29/2023,SFF,WA,ANM,WE,Federal Contract Tower,0,3,12,0,15,0,2,58,0,60,0,5,70,0,75,90,0,90,165
08/30/2023,SFF,WA,ANM,WE,Federal Contract Tower,0,5,24,0,29,0,4,19,0,23,0,9,43,0,52,52,0,52,104
08/31/2023,SFF,WA,ANM,WE,Federal Contract Tower,0,5,22,0,27,0,4,76,0,80,0,9,98,0,107,73,0,73,180
