01/01/2020,SFO,CA,AWP,WE,Towers with Radar,1009,147,14,0,1170,0,0,0,0,0,1009,147,14,0,1170,0,0,0,1170
01/02/2020,SFO,CA,AWP,WE,Towers with Radar,1111,158,18,0,1287,0,2,7,4,13,1111,160,25,4,1300,0,0,0,1300
01/03/2020,SFO,CA,AWP,WE,Towers with Radar,1088,146,16,1,1251,0,3,6,6,15,1088,149,22,7,1266,0,0,0,1266
01/04/2020,SFO,CA,AWP,WE,Towers with Radar,1023,149,24,0,1196,0,1,5,5,11,1023,150,29,5,1207,0,0,0,1207
01/05/2020,SFO,CA,AWP,WE,Towers with Radar,1075,175,23,0,1273,0,2,5,4,11,1075,177,28,4,1284,0,0,0,1284
01/06/2020,SFO,CA,AWP,WE,Towers with Radar,1066,153,26,0,1245,0,0,5,9,14,1066,153,31,9,1259,0,0,0,1259
01/07/2020,SFO,CA,AWP,WE,Towers with Radar,976,159,18,6,1159,0,0,3,6,9,976,159,21,12,1168,0,0,0,1168
01/08/2020,SFO,CA,AWP,WE,Towers with Radar,1000,169,26,0,1195,0,1,2,2,5,1000,170,28,2,1200,0,0,0,1200
01/09/2020,SFO,CA,AWP,WE,Towers with Radar,1035,147,18,1,1201,0,3,5,9,17,1035,150,23,10,1218,0,0,0,1218
01/10/2020,SFO,CA,AWP,WE,Towers with Radar,1014,147,22,1,1184,0,1,2,11,14,1014,148,24,12,1198,0,0,0,1198
01/11/2020,SFO,CA,AWP,WE,Towers with Radar,881,132,14,0,1027,0,0,4,2,6,881,132,18,2,1033,0,0,0,1033
01/12/2020,SFO,CA,AWP,WE,Towers with Radar,959,188,57,1,1205,0,0,4,7,11,959,188,61,8,1216,0,0,0,1216
01/13/2020,SFO,CA,AWP,WE,Towers with Radar,1020,171,42,1,1234,0,0,2,8,10,1020,171,44,9,1244,0,0,0,1244
01/14/2020,SFO,CA,AWP,WE,Towers with Radar,940,166,33,2,1141,0,0,7,12,19,940,166,40,14,1160,0,0,0,1160
01/15/2020,SFO,CA,AWP,WE,Towers with Radar,983,210,75,0,1268,0,2,5,12,19,983,212,80,12,1287,0,0,0,1287
01/16/2020,SFO,CA,AWP,WE,Towers with Radar,953,152,37,0,1142,0,0,2,6,8,953,152,39,6,1150,0,0,0,1150
01/17/2020,SFO,CA,AWP,WE,Towers with Radar,1041,182,40,0,1263,0,0,7,8,15,1041,182,47,8,1278,0,0,0,1278
01/18/2020,SFO,CA,AWP,WE,Towers with Radar,852,141,14,0,1007,0,0,8,4,12,852,141,22,4,1019,0,0,0,1019
01/19/2020,SFO,CA,AWP,WE,Towers with Radar,924,156,13,2,1095,0,2,6,5,13,924,158,19,7,1108,0,0,0,1108
01/20/2020,SFO,CA,AWP,WE,Towers with Radar,1008,185,26,0,1219,0,5,8,2,15,1008,190,34,2,1234,0,0,0,1234
01/21/2020,SFO,CA,AWP,WE,Towers with Radar,915,114,17,2,1048,0,0,3,7,10,915,114,20,9,1058,0,0,0,1058
01/22/2020,SFO,CA,AWP,WE,Towers with Radar,1001,165,17,1,1184,0,6,6,10,22,1001,171,23,11,1206,0,0,0,1206
01/23/2020,SFO,CA,AWP,WE,Towers with Radar,1028,175,21,0,1224,0,2,4,10,16,1028,177,25,10,1240,0,0,0,1240
01/24/2020,SFO,CA,AWP,WE,Towers with Radar,1022,171,29,0,1222,0,0,9,9,18,1022,171,38,9,1240,0,0,0,1240
01/25/2020,SFO,CA,AWP,WE,Towers with Radar,873,138,11,1,1023,0,0,2,2,4,873,138,13,3,1027,0,0,0,1027
01/26/2020,SFO,CA,AWP,WE,Towers with Radar,982,176,14,1,1173,0,0,4,1,5,982,176,18,2,1178,0,0,0,1178
01/27/2020,SFO,CA,AWP,WE,Towers with Radar,1004,156,18,0,1178,0,3,2,14,19,1004,159,20,14,1197,0,0,0,1197
01/28/2020,SFO,CA,AWP,WE,Towers with Radar,939,163,16,0,1118,0,0,4,14,18,939,163,20,14,1136,0,0,0,1136
01/29/2020,SFO,CA,AWP,WE,Towers with Radar,972,178,20,0,1170,0,5,3,8,16,972,183,23,8,1186,0,0,0,1186
01/30/2020,SFO,CA,AWP,WE,Towers with Radar,1026,175,26,2,1229,0,0,2,6,8,1026,175,28,8,1237,0,0,0,1237
01/31/2020,SFO,CA,AWP,WE,Towers with Radar,1041,161,10,0,1212,0,4,5,2,11,1041,165,15,2,1223,0,0,0,1223
02/01/2020,SFO,CA,AWP,WE,Towers with Radar,903,111,15,1,1030,0,2,2,1,5,903,113,17,2,1035,0,0,0,1035
02/02/2020,SFO,CA,AWP,WE,Towers with Radar,950,162,24,0,1136,0,0,1,4,5,950,162,25,4,1141,0,0,0,1141
02/03/2020,SFO,CA,AWP,WE,Towers with Radar,1026,175,29,0,1230,0,1,4,9,14,1026,176,33,9,1244,0,0,0,1244
02/04/2020,SFO,CA,AWP,WE,Towers with Radar,936,166,22,4,1128,0,3,2,11,16,936,169,24,15,1144,0,0,0,1144
02/05/2020,SFO,CA,AWP,WE,Towers with Radar,964,158,20,0,1142,0,2,4,15,21,964,160,24,15,1163,0,0,0,1163
02/06/2020,SFO,CA,AWP,WE,Towers with Radar,1001,159,33,0,1193,0,1,4,4,9,1001,160,37,4,1202,0,0,0,1202
02/07/2020,SFO,CA,AWP,WE,Towers with Radar,992,147,21,1,1161,0,2,2,10,14,992,149,23,11,1175,0,0,0,1175
02/08/2020,SFO,CA,AWP,WE,Towers with Radar,866,142,20,2,1030,0,2,7,9,18,866,144,27,11,1048,0,0,0,1048
02/09/2020,SFO,CA,AWP,WE,Towers with Radar,943,147,16,0,1106,0,0,10,4,14,943,147,26,4,1120,0,0,0,1120
02/10/2020,SFO,CA,AWP,WE,Towers with Radar,1015,175,33,1,1224,0,1,4,7,12,1015,176,37,8,1236,0,0,0,1236
02/11/2020,SFO,CA,AWP,WE,Towers with Radar,936,158,36,0,1130,0,6,9,10,25,936,164,45,10,1155,0,0,0,1155
02/12/2020,SFO,CA,AWP,WE,Towers with Radar,960,184,35,0,1179,0,1,2,12,15,960,185,37,12,1194,0,0,0,1194
02/13/2020,SFO,CA,AWP,WE,Towers with Radar,1053,169,28,0,1250,0,0,4,11,15,1053,169,32,11,1265,0,0,0,1265
02/14/2020,SFO,CA,AWP,WE,Towers with Radar,1060,184,35,1,1280,0,3,7,4,14,1060,187,42,5,1294,0,0,0,1294
02/15/2020,SFO,CA,AWP,WE,Towers with Radar,908,137,12,1,1058,0,2,11,2,15,908,139,23,3,1073,0,0,0,1073
02/16/2020,SFO,CA,AWP,WE,Towers with Radar,950,133,15,0,1098,0,2,9,2,13,950,135,24,2,1111,0,0,0,1111
02/17/2020,SFO,CA,AWP,WE,Towers with Radar,1040,160,15,0,1215,0,1,4,4,9,1040,161,19,4,1224,0,0,0,1224
02/18/2020,SFO,CA,AWP,WE,Towers with Radar,1001,155,25,3,1184,0,2,6,11,19,1001,157,31,14,1203,0,0,0,1203
02/19/2020,SFO,CA,AWP,WE,Towers with Radar,1020,148,30,1,1199,0,4,6,8,18,1020,152,36,9,1217,0,0,0,1217
02/20/2020,SFO,CA,AWP,WE,Towers with Radar,1044,145,16,1,1206,0,3,2,9,14,1044,148,18,10,1220,0,0,0,1220
02/21/2020,SFO,CA,AWP,WE,Towers with Radar,1066,159,19,0,1244,0,0,6,9,15,1066,159,25,9,1259,0,0,0,1259
02/22/2020,SFO,CA,AWP,WE,Towers with Radar,938,140,15,1,1094,0,3,4,11,18,938,143,19,12,1112,0,0,0,1112
02/23/2020,SFO,CA,AWP,WE,Towers with Radar,1009,172,28,0,1209,0,6,4,4,14,1009,178,32,4,1223,0,0,0,1223
02/24/2020,SFO,CA,AWP,WE,Towers with Radar,1056,156,24,1,1237,0,3,4,10,17,1056,159,28,11,1254,0,0,0,1254
02/25/2020,SFO,CA,AWP,WE,Towers with Radar,1013,171,19,4,1207,0,1,4,11,16,1013,172,23,15,1223,0,0,0,1223
02/26/2020,SFO,CA,AWP,WE,Towers with Radar,1019,157,33,5,1214,0,3,3,9,15,1019,160,36,14,1229,0,0,0,1229
02/27/2020,SFO,CA,AWP,WE,Towers with Radar,1074,153,40,1,1268,0,4,6,7,17,1074,157,46,8,1285,0,0,0,1285
02/28/2020,SFO,CA,AWP,WE,Towers with Radar,1072,166,27,1,1266,0,6,4,6,16,1072,172,31,7,1282,0,0,0,1282
02/29/2020,SFO,CA,AWP,WE,Towers with Radar,925,137,15,1,1078,0,3,4,7,14,925,140,19,8,1092,0,0,0,1092
03/01/2020,SFO,CA,AWP,WE,Towers with Radar,1009,181,14,1,1205,0,1,2,2,5,1009,182,16,3,1210,0,0,0,1210
03/02/2020,SFO,CA,AWP,WE,Towers with Radar,1055,153,27,0,1235,0,1,4,9,14,1055,154,31,9,1249,0,0,0,1249
03/03/2020,SFO,CA,AWP,WE,Towers with Radar,997,160,44,0,1201,0,5,3,10,18,997,165,47,10,1219,0,0,0,1219
03/04/2020,SFO,CA,AWP,WE,Towers with Radar,1038,164,32,0,1234,0,5,2,11,18,1038,169,34,11,1252,0,0,0,1252
03/05/2020,SFO,CA,AWP,WE,Towers with Radar,1058,178,34,5,1275,0,1,6,8,15,1058,179,40,13,1290,0,0,0,1290
03/06/2020,SFO,CA,AWP,WE,Towers with Radar,1064,174,28,2,1268,0,0,2,9,11,1064,174,30,11,1279,0,0,0,1279
03/07/2020,SFO,CA,AWP,WE,Towers with Radar,948,143,11,1,1103,0,0,6,6,12,948,143,17,7,1115,0,0,0,1115
03/08/2020,SFO,CA,AWP,WE,Towers with Radar,1008,166,20,0,1194,0,5,2,1,8,1008,171,22,1,1202,0,0,0,1202
03/09/2020,SFO,CA,AWP,WE,Towers with Radar,1052,135,21,0,1208,0,1,3,4,8,1052,136,24,4,1216,0,0,0,1216
03/10/2020,SFO,CA,AWP,WE,Towers with Radar,1016,149,22,5,1192,0,2,9,11,22,1016,151,31,16,1214,0,0,0,1214
03/11/2020,SFO,CA,AWP,WE,Towers with Radar,1006,162,17,0,1185,0,0,0,11,11,1006,162,17,11,1196,0,0,0,1196
03/12/2020,SFO,CA,AWP,WE,Towers with Radar,1053,152,32,0,1237,0,2,3,11,16,1053,154,35,11,1253,0,0,0,1253
03/13/2020,SFO,CA,AWP,WE,Towers with Radar,1059,151,10,0,1220,0,0,4,6,10,1059,151,14,6,1230,0,0,0,1230
03/14/2020,SFO,CA,AWP,WE,Towers with Radar,915,143,11,0,1069,0,0,2,2,4,915,143,13,2,1073,0,0,0,1073
03/15/2020,SFO,CA,AWP,WE,Towers with Radar,983,149,21,0,1153,0,2,4,2,8,983,151,25,2,1161,0,0,0,1161
03/16/2020,SFO,CA,AWP,WE,Towers with Radar,1036,159,27,0,1222,0,0,0,6,6,1036,159,27,6,1228,0,0,0,1228
03/17/2020,SFO,CA,AWP,WE,Towers with Radar,947,129,13,4,1093,0,3,0,5,8,947,132,13,9,1101,0,0,0,1101
03/18/2020,SFO,CA,AWP,WE,Towers with Radar,911,108,2,0,1021,0,0,0,4,4,911,108,2,4,1025,0,0,0,1025
03/19/2020,SFO,CA,AWP,WE,Towers with Radar,857,110,4,0,971,0,0,1,3,4,857,110,5,3,975,0,0,0,975
03/20/2020,SFO,CA,AWP,WE,Towers with Radar,845,117,12,0,974,0,1,2,8,11,845,118,14,8,985,0,0,0,985
03/21/2020,SFO,CA,AWP,WE,Towers with Radar,663,67,5,1,736,0,0,2,1,3,663,67,7,2,739,0,0,0,739
03/22/2020,SFO,CA,AWP,WE,Towers with Radar,634,87,5,0,726,0,0,0,2,2,634,87,5,2,728,0,0,0,728
03/23/2020,SFO,CA,AWP,WE,Towers with Radar,610,76,2,0,688,0,0,0,6,6,610,76,2,6,694,0,0,0,694
03/24/2020,SFO,CA,AWP,WE,Towers with Radar,514,66,3,4,587,0,0,0,6,6,514,66,3,10,593,0,0,0,593
03/25/2020,SFO,CA,AWP,WE,Towers with Radar,533,70,6,0,609,0,1,0,7,8,533,71,6,7,617,0,0,0,617
03/26/2020,SFO,CA,AWP,WE,Towers with Radar,464,57,3,0,524,0,0,4,6,10,464,57,7,6,534,0,0,0,534
03/27/2020,SFO,CA,AWP,WE,Towers with Radar,454,65,2,4,525,0,0,0,1,1,454,65,2,5,526,0,0,0,526
03/28/2020,SFO,CA,AWP,WE,Towers with Radar,430,65,7,0,502,0,0,1,2,3,430,65,8,2,505,0,0,0,505
03/29/2020,SFO,CA,AWP,WE,Towers with Radar,436,65,6,2,509,0,0,0,2,2,436,65,6,4,511,0,0,0,511
03/30/2020,SFO,CA,AWP,WE,Towers with Radar,410,63,2,0,475,0,0,0,8,8,410,63,2,8,483,0,0,0,483
03/31/2020,SFO,CA,AWP,WE,Towers with Radar,412,81,3,4,500,0,0,0,11,11,412,81,3,15,511,0,0,0,511
04/01/2020,SFO,CA,AWP,WE,Towers with Radar,280,39,1,1,321,0,0,0,7,7,280,39,1,8,328,0,0,0,328
04/02/2020,SFO,CA,AWP,WE,Towers with Radar,248,23,4,0,275,0,4,0,8,12,248,27,4,8,287,0,0,0,287
04/03/2020,SFO,CA,AWP,WE,Towers with Radar,267,26,5,0,298,0,2,0,11,13,267,28,5,11,311,0,0,0,311
04/04/2020,SFO,CA,AWP,WE,Towers with Radar,245,34,1,3,283,0,0,0,5,5,245,34,1,8,288,0,0,0,288
04/05/2020,SFO,CA,AWP,WE,Towers with Radar,260,33,4,0,297,0,1,0,3,4,260,34,4,3,301,0,0,0,301
04/06/2020,SFO,CA,AWP,WE,Towers with Radar,277,33,1,0,311,0,0,0,12,12,277,33,1,12,323,0,0,0,323
04/07/2020,SFO,CA,AWP,WE,Towers with Radar,244,22,1,4,271,0,0,6,11,17,244,22,7,15,288,0,0,0,288
04/08/2020,SFO,CA,AWP,WE,Towers with Radar,250,25,8,3,286,0,0,1,7,8,250,25,9,10,294,0,0,0,294
04/09/2020,SFO,CA,AWP,WE,Towers with Radar,251,31,3,0,285,0,2,2,8,12,251,33,5,8,297,0,0,0,297
04/10/2020,SFO,CA,AWP,WE,Towers with Radar,236,35,0,0,271,0,0,5,6,11,236,35,5,6,282,0,0,0,282
04/11/2020,SFO,CA,AWP,WE,Towers with Radar,229,32,3,2,266,0,0,1,6,7,229,32,4,8,273,0,0,0,273
04/12/2020,SFO,CA,AWP,WE,Towers with Radar,201,26,9,2,238,0,0,3,7,10,201,26,12,9,248,0,0,0,248
04/13/2020,SFO,CA,AWP,WE,Towers with Radar,227,28,2,0,257,0,1,0,9,10,227,29,2,9,267,0,0,0,267
04/14/2020,SFO,CA,AWP,WE,Towers with Radar,192,34,3,1,230,0,2,3,11,16,192,36,6,12,246,0,0,0,246
04/15/2020,SFO,CA,AWP,WE,Towers with Radar,220,23,4,2,249,0,1,4,7,12,220,24,8,9,261,0,0,0,261
04/16/2020,SFO,CA,AWP,WE,Towers with Radar,218,22,4,1,245,0,0,0,5,5,218,22,4,6,250,0,0,0,250
04/17/2020,SFO,CA,AWP,WE,Towers with Radar,206,17,0,2,225,0,0,0,7,7,206,17,0,9,232,0,0,0,232
04/18/2020,SFO,CA,AWP,WE,Towers with Radar,202,34,3,4,243,0,1,2,5,8,202,35,5,9,251,0,0,0,251
04/19/2020,SFO,CA,AWP,WE,Towers with Radar,192,31,3,1,227,0,0,2,8,10,192,31,5,9,237,0,0,0,237
04/20/2020,SFO,CA,AWP,WE,Towers with Radar,204,19,1,0,224,0,2,0,8,10,204,21,1,8,234,0,0,0,234
04/21/2020,SFO,CA,AWP,WE,Towers with Radar,191,27,2,3,223,0,0,8,6,14,191,27,10,9,237,0,0,0,237
04/22/2020,SFO,CA,AWP,WE,Towers with Radar,194,31,9,1,235,0,2,7,6,15,194,33,16,7,250,0,0,0,250
04/23/2020,SFO,CA,AWP,WE,Towers with Radar,204,28,2,0,234,0,2,5,10,17,204,30,7,10,251,0,0,0,251
04/24/2020,SFO,CA,AWP,WE,Towers with Radar,200,25,5,1,231,0,0,8,6,14,200,25,13,7,245,0,0,0,245
04/25/2020,SFO,CA,AWP,WE,Towers with Radar,191,25,5,0,221,0,2,4,10,16,191,27,9,10,237,0,0,0,237
04/26/2020,SFO,CA,AWP,WE,Towers with Radar,183,29,3,2,217,0,0,5,4,9,183,29,8,6,226,0,0,0,226
04/27/2020,SFO,CA,AWP,WE,Towers with Radar,197,25,3,0,225,0,2,6,8,16,197,27,9,8,241,0,0,0,241
04/28/2020,SFO,CA,AWP,WE,Towers with Radar,178,30,3,3,214,0,1,13,7,21,178,31,16,10,235,0,0,0,235
04/29/2020,SFO,CA,AWP,WE,Towers with Radar,195,29,1,0,225,0,0,0,6,6,195,29,1,6,231,0,0,0,231
04/30/2020,SFO,CA,AWP,WE,Towers with Radar,194,26,1,0,221,0,2,0,8,10,194,28,1,8,231,0,0,0,231
05/01/2020,SFO,CA,AWP,WE,Towers with Radar,203,26,4,0,233,0,1,2,8,11,203,27,6,8,244,0,0,0,244
05/02/2020,SFO,CA,AWP,WE,Towers with Radar,181,30,5,2,218,0,0,2,8,10,181,30,7,10,228,0,0,0,228
05/03/2020,SFO,CA,AWP,WE,Towers with Radar,194,30,5,0,229,0,2,15,6,23,194,32,20,6,252,0,0,0,252
05/04/2020,SFO,CA,AWP,WE,Towers with Radar,210,36,10,3,259,0,0,4,7,11,210,36,14,10,270,0,0,0,270
05/05/2020,SFO,CA,AWP,WE,Towers with Radar,200,35,0,4,239,0,3,0,8,11,200,38,0,12,250,0,0,0,250
05/06/2020,SFO,CA,AWP,WE,Towers with Radar,221,45,3,3,272,0,0,4,12,16,221,45,7,15,288,0,0,0,288
05/07/2020,SFO,CA,AWP,WE,Towers with Radar,226,49,7,0,282,0,3,2,7,12,226,52,9,7,294,0,0,0,294
05/08/2020,SFO,CA,AWP,WE,Towers with Radar,222,48,4,3,277,0,2,3,8,13,222,50,7,11,290,0,0,0,290
05/09/2020,SFO,CA,AWP,WE,Towers with Radar,219,34,7,0,260,0,3,5,7,15,219,37,12,7,275,0,0,0,275
05/10/2020,SFO,CA,AWP,WE,Towers with Radar,226,54,3,4,287,0,0,2,4,6,226,54,5,8,293,0,0,0,293
05/11/2020,SFO,CA,AWP,WE,Towers with Radar,226,44,6,0,276,0,0,0,5,5,226,44,6,5,281,0,0,0,281
05/12/2020,SFO,CA,AWP,WE,Towers with Radar,218,43,7,5,273,0,1,1,9,11,218,44,8,14,284,0,0,0,284
05/13/2020,SFO,CA,AWP,WE,Towers with Radar,229,40,4,0,273,0,0,0,6,6,229,40,4,6,279,0,0,0,279
05/14/2020,SFO,CA,AWP,WE,Towers with Radar,242,37,10,2,291,0,1,4,4,9,242,38,14,6,300,0,0,0,300
05/15/2020,SFO,CA,AWP,WE,Towers with Radar,232,50,4,1,287,0,0,0,3,3,232,50,4,4,290,0,0,0,290
05/16/2020,SFO,CA,AWP,WE,Towers with Radar,224,36,5,0,265,0,0,6,4,10,224,36,11,4,275,0,0,0,275
05/17/2020,SFO,CA,AWP,WE,Towers with Radar,220,46,3,0,269,0,0,0,2,2,220,46,3,2,271,0,0,0,271
05/18/2020,SFO,CA,AWP,WE,Towers with Radar,238,47,5,0,290,0,3,0,8,11,238,50,5,8,301,0,0,0,301
05/19/2020,SFO,CA,AWP,WE,Towers with Radar,222,38,2,5,267,0,0,2,7,9,222,38,4,12,276,0,0,0,276
05/20/2020,SFO,CA,AWP,WE,Towers with Radar,228,38,3,1,270,0,1,2,5,8,228,39,5,6,278,0,0,0,278
05/21/2020,SFO,CA,AWP,WE,Towers with Radar,247,46,7,1,301,0,3,3,7,13,247,49,10,8,314,0,0,0,314
05/22/2020,SFO,CA,AWP,WE,Towers with Radar,258,55,12,0,325,0,3,2,5,10,258,58,14,5,335,0,0,0,335
05/23/2020,SFO,CA,AWP,WE,Towers with Radar,243,44,10,0,297,0,10,4,6,20,243,54,14,6,317,0,0,0,317
05/24/2020,SFO,CA,AWP,WE,Towers with Radar,237,49,5,1,292,0,3,2,4,9,237,52,7,5,301,0,0,0,301
05/25/2020,SFO,CA,AWP,WE,Towers with Radar,243,50,3,0,296,0,3,5,6,14,243,53,8,6,310,0,0,0,310
05/26/2020,SFO,CA,AWP,WE,Towers with Radar,240,40,8,4,292,0,0,3,11,14,240,40,11,15,306,0,0,0,306
05/27/2020,SFO,CA,AWP,WE,Towers with Radar,240,54,8,0,302,0,1,23,7,31,240,55,31,7,333,0,0,0,333
05/28/2020,SFO,CA,AWP,WE,Towers with Radar,252,59,9,0,320,0,1,2,4,7,252,60,11,4,327,0,0,0,327
05/29/2020,SFO,CA,AWP,WE,Towers with Radar,259,41,11,2,313,0,3,4,9,16,259,44,15,11,329,0,0,0,329
05/30/2020,SFO,CA,AWP,WE,Towers with Radar,244,58,8,0,310,0,5,0,4,9,244,63,8,4,319,0,0,0,319
05/31/2020,SFO,CA,AWP,WE,Towers with Radar,250,59,7,0,316,0,1,0,6,7,250,60,7,6,323,0,0,0,323
06/01/2020,SFO,CA,AWP,WE,Towers with Radar,257,57,10,4,328,0,1,0,10,11,257,58,10,14,339,0,0,0,339
06/02/2020,SFO,CA,AWP,WE,Towers with Radar,262,49,6,3,320,0,3,1,5,9,262,52,7,8,329,0,0,0,329
06/03/2020,SFO,CA,AWP,WE,Towers with Radar,268,37,5,0,310,0,2,8,7,17,268,39,13,7,327,0,0,0,327
06/04/2020,SFO,CA,AWP,WE,Towers with Radar,284,37,8,0,329,0,2,5,8,15,284,39,13,8,344,0,0,0,344
06/05/2020,SFO,CA,AWP,WE,Towers with Radar,283,48,16,0,347,0,0,2,6,8,283,48,18,6,355,0,0,0,355
06/06/2020,SFO,CA,AWP,WE,Towers with Radar,274,43,2,0,319,0,0,2,5,7,274,43,4,5,326,0,0,0,326
06/07/2020,SFO,CA,AWP,WE,Towers with Radar,305,47,6,0,358,0,0,2,9,11,305,47,8,9,369,0,0,0,369
06/08/2020,SFO,CA,AWP,WE,Towers with Radar,305,34,7,2,348,0,5,3,6,14,305,39,10,8,362,0,0,0,362
06/09/2020,SFO,CA,AWP,WE,Towers with Radar,300,43,4,4,351,0,1,0,10,11,300,44,4,14,362,0,0,0,362
06/10/2020,SFO,CA,AWP,WE,Towers with Radar,306,50,11,0,367,0,10,4,13,27,306,60,15,13,394,0,0,0,394
06/11/2020,SFO,CA,AWP,WE,Towers with Radar,327,59,4,1,391,0,2,0,9,11,327,61,4,10,402,0,0,0,402
06/12/2020,SFO,CA,AWP,WE,Towers with Radar,325,49,13,0,387,0,1,0,6,7,325,50,13,6,394,0,0,0,394
06/13/2020,SFO,CA,AWP,WE,Towers with Radar,305,50,5,0,360,0,1,0,2,3,305,51,5,2,363,0,0,0,363
06/14/2020,SFO,CA,AWP,WE,Towers with Radar,326,49,5,0,380,0,0,4,0,4,326,49,9,0,384,0,0,0,384
06/15/2020,SFO,CA,AWP,WE,Towers with Radar,315,43,9,0,367,0,2,0,8,10,315,45,9,8,377,0,0,0,377
06/16/2020,SFO,CA,AWP,WE,Towers with Radar,316,54,8,4,382,0,2,1,6,9,316,56,9,10,391,0,0,0,391
06/17/2020,SFO,CA,AWP,WE,Towers with Radar,310,58,17,2,387,0,2,4,7,13,310,60,21,9,400,0,0,0,400
06/18/2020,SFO,CA,AWP,WE,Towers with Radar,341,46,17,2,406,0,1,0,2,3,341,47,17,4,409,0,0,0,409
06/19/2020,SFO,CA,AWP,WE,Towers with Radar,323,63,13,0,399,0,2,0,3,5,323,65,13,3,404,0,0,0,404
06/20/2020,SFO,CA,AWP,WE,Towers with Radar,316,66,13,0,395,0,1,2,2,5,316,67,15,2,400,0,0,0,400
06/21/2020,SFO,CA,AWP,WE,Towers with Radar,327,51,4,0,382,0,2,3,2,7,327,53,7,2,389,0,0,0,389
06/22/2020,SFO,CA,AWP,WE,Towers with Radar,334,55,11,0,400,0,1,2,8,11,334,56,13,8,411,0,0,0,411
06/23/2020,SFO,CA,AWP,WE,Towers with Radar,323,54,10,4,391,0,8,0,12,20,323,62,10,16,411,0,0,0,411
06/24/2020,SFO,CA,AWP,WE,Towers with Radar,329,54,16,0,399,0,4,2,12,18,329,58,18,12,417,0,0,0,417
06/25/2020,SFO,CA,AWP,WE,Towers with Radar,353,74,15,0,442,0,0,2,6,8,353,74,17,6,450,0,0,0,450
06/26/2020,SFO,CA,AWP,WE,Towers with Radar,334,73,12,0,419,0,6,0,4,10,334,79,12,4,429,0,0,0,429
06/27/2020,SFO,CA,AWP,WE,Towers with Radar,321,66,8,1,396,0,0,1,2,3,321,66,9,3,399,0,0,0,399
06/28/2020,SFO,CA,AWP,WE,Towers with Radar,338,68,13,0,419,0,0,0,3,3,338,68,13,3,422,0,0,0,422
06/29/2020,SFO,CA,AWP,WE,Towers with Radar,321,47,8,0,376,0,2,2,7,11,321,49,10,7,387,0,0,0,387
06/30/2020,SFO,CA,AWP,WE,Towers with Radar,320,51,8,4,383,0,1,1,8,10,320,52,9,12,393,0,0,0,393
07/01/2020,SFO,CA,AWP,WE,Towers with Radar,344,56,25,2,427,0,2,1,6,9,344,58,26,8,436,0,0,0,436
07/02/2020,SFO,CA,AWP,WE,Towers with Radar,364,60,15,0,439,0,0,4,6,10,364,60,19,6,449,0,0,0,449
07/03/2020,SFO,CA,AWP,WE,Towers with Radar,375,54,13,0,442,0,2,9,2,13,375,56,22,2,455,0,0,0,455
07/04/2020,SFO,CA,AWP,WE,Towers with Radar,338,41,4,0,383,0,0,8,0,8,338,41,12,0,391,0,0,0,391
07/05/2020,SFO,CA,AWP,WE,Towers with Radar,376,65,6,0,447,0,6,7,9,22,376,71,13,9,469,0,0,0,469
07/06/2020,SFO,CA,AWP,WE,Towers with Radar,425,69,10,0,504,0,6,5,11,22,425,75,15,11,526,0,0,0,526
07/07/2020,SFO,CA,AWP,WE,Towers with Radar,438,60,15,5,518,0,6,6,9,21,438,66,21,14,539,0,0,0,539
07/08/2020,SFO,CA,AWP,WE,Towers with Radar,451,57,10,2,520,0,2,2,14,18,451,59,12,16,538,0,0,0,538
07/09/2020,SFO,CA,AWP,WE,Towers with Radar,461,62,15,0,538,0,1,0,7,8,461,63,15,7,546,0,0,0,546
07/10/2020,SFO,CA,AWP,WE,Towers with Radar,466,60,10,1,537,0,3,0,7,10,466,63,10,8,547,0,0,0,547
07/11/2020,SFO,CA,AWP,WE,Towers with Radar,467,54,6,0,527,0,1,4,4,9,467,55,10,4,536,0,0,0,536
07/12/2020,SFO,CA,AWP,WE,Towers with Radar,462,67,9,0,538,0,7,3,7,17,462,74,12,7,555,0,0,0,555
07/13/2020,SFO,CA,AWP,WE,Towers with Radar,457,57,6,0,520,0,2,0,8,10,457,59,6,8,530,0,0,0,530
07/14/2020,SFO,CA,AWP,WE,Towers with Radar,428,56,3,5,492,0,2,3,8,13,428,58,6,13,505,0,0,0,505
07/15/2020,SFO,CA,AWP,WE,Towers with Radar,451,64,12,0,527,0,0,0,4,4,451,64,12,4,531,0,0,0,531
07/16/2020,SFO,CA,AWP,WE,Towers with Radar,471,64,14,1,550,0,0,0,7,7,471,64,14,8,557,0,0,0,557
07/17/2020,SFO,CA,AWP,WE,Towers with Radar,479,65,13,0,557,0,0,0,8,8,479,65,13,8,565,0,0,0,565
07/18/2020,SFO,CA,AWP,WE,Towers with Radar,465,51,5,0,521,0,3,0,7,10,465,54,5,7,531,0,0,0,531
07/19/2020,SFO,CA,AWP,WE,Towers with Radar,460,62,7,0,529,0,6,0,6,12,460,68,7,6,541,0,0,0,541
07/20/2020,SFO,CA,AWP,WE,Towers with Radar,456,71,7,1,535,0,0,0,6,6,456,71,7,7,541,0,0,0,541
07/21/2020,SFO,CA,AWP,WE,Towers with Radar,434,66,10,5,515,0,0,0,6,6,434,66,10,11,521,0,0,0,521
07/22/2020,SFO,CA,AWP,WE,Towers with Radar,453,61,9,0,523,0,0,4,12,16,453,61,13,12,539,0,0,0,539
07/23/2020,SFO,CA,AWP,WE,Towers with Radar,468,64,2,0,534,0,0,0,4,4,468,64,2,4,538,0,0,0,538
07/24/2020,SFO,CA,AWP,WE,Towers with Radar,457,73,15,0,545,0,0,0,2,2,457,73,15,2,547,0,0,0,547
07/25/2020,SFO,CA,AWP,WE,Towers with Radar,454,65,15,0,534,0,2,0,6,8,454,67,15,6,542,0,0,0,542
07/26/2020,SFO,CA,AWP,WE,Towers with Radar,462,68,3,0,533,0,2,0,8,10,462,70,3,8,543,0,0,0,543
07/27/2020,SFO,CA,AWP,WE,Towers with Radar,459,63,3,2,527,0,1,0,7,8,459,64,3,9,535,0,0,0,535
07/28/2020,SFO,CA,AWP,WE,Towers with Radar,419,61,15,4,499,0,3,2,2,7,419,64,17,6,506,0,0,0,506
07/29/2020,SFO,CA,AWP,WE,Towers with Radar,446,70,8,1,525,0,4,0,6,10,446,74,8,7,535,0,0,0,535
07/30/2020,SFO,CA,AWP,WE,Towers with Radar,439,61,8,2,510,0,0,0,6,6,439,61,8,8,516,0,0,0,516
07/31/2020,SFO,CA,AWP,WE,Towers with Radar,455,72,17,1,545,0,4,0,0,4,455,76,17,1,549,0,0,0,549
08/01/2020,SFO,CA,AWP,WE,Towers with Radar,475,73,6,1,555,0,0,2,2,4,475,73,8,3,559,0,0,0,559
08/02/2020,SFO,CA,AWP,WE,Towers with Radar,477,84,13,0,574,0,4,1,4,9,477,88,14,4,583,0,0,0,583
08/03/2020,SFO,CA,AWP,WE,Towers with Radar,481,72,15,0,568,0,3,2,9,14,481,75,17,9,582,0,0,0,582
08/04/2020,SFO,CA,AWP,WE,Towers with Radar,439,75,6,4,524,0,0,0,4,4,439,75,6,8,528,0,0,0,528
08/05/2020,SFO,CA,AWP,WE,Towers with Radar,465,92,14,0,571,0,2,2,8,12,465,94,16,8,583,0,0,0,583
08/06/2020,SFO,CA,AWP,WE,Towers with Radar,484,81,8,0,573,0,0,0,8,8,484,81,8,8,581,0,0,0,581
08/07/2020,SFO,CA,AWP,WE,Towers with Radar,489,96,15,1,601,0,6,3,6,15,489,102,18,7,616,0,0,0,616
08/08/2020,SFO,CA,AWP,WE,Towers with Radar,483,78,12,0,573,0,0,2,2,4,483,78,14,2,577,0,0,0,577
08/09/2020,SFO,CA,AWP,WE,Towers with Radar,481,128,12,0,621,0,2,2,6,10,481,130,14,6,631,0,0,0,631
08/10/2020,SFO,CA,AWP,WE,Towers with Radar,469,76,12,0,557,0,0,2,6,8,469,76,14,6,565,0,0,0,565
08/11/2020,SFO,CA,AWP,WE,Towers with Radar,422,73,8,4,507,0,4,0,12,16,422,77,8,16,523,0,0,0,523
08/12/2020,SFO,CA,AWP,WE,Towers with Radar,447,80,8,0,535,0,5,2,6,13,447,85,10,6,548,0,0,0,548
08/13/2020,SFO,CA,AWP,WE,Towers with Radar,463,78,9,1,551,0,0,0,7,7,463,78,9,8,558,0,0,0,558
08/14/2020,SFO,CA,AWP,WE,Towers with Radar,464,71,8,0,543,0,0,0,6,6,464,71,8,6,549,0,0,0,549
08/15/2020,SFO,CA,AWP,WE,Towers with Radar,446,94,6,0,546,0,0,2,5,7,446,94,8,5,553,0,0,0,553
08/16/2020,SFO,CA,AWP,WE,Towers with Radar,466,88,8,0,562,0,8,3,9,20,466,96,11,9,582,0,0,0,582
08/17/2020,SFO,CA,AWP,WE,Towers with Radar,454,78,12,0,544,0,1,5,10,16,454,79,17,10,560,0,0,0,560
08/18/2020,SFO,CA,AWP,WE,Towers with Radar,415,84,8,6,513,0,3,3,10,16,415,87,11,16,529,0,0,0,529
08/19/2020,SFO,CA,AWP,WE,Towers with Radar,431,82,9,2,524,0,4,0,9,13,431,86,9,11,537,0,0,0,537
08/20/2020,SFO,CA,AWP,WE,Towers with Radar,454,88,14,2,558,0,2,0,6,8,454,90,14,8,566,0,0,0,566
08/21/2020,SFO,CA,AWP,WE,Towers with Radar,456,63,11,1,531,0,0,0,9,9,456,63,11,10,540,0,0,0,540
08/22/2020,SFO,CA,AWP,WE,Towers with Radar,442,87,9,2,540,0,0,0,2,2,442,87,9,4,542,0,0,0,542
08/23/2020,SFO,CA,AWP,WE,Towers with Radar,459,98,16,0,573,0,0,0,2,2,459,98,16,2,575,0,0,0,575
08/24/2020,SFO,CA,AWP,WE,Towers with Radar,450,78,5,2,535,0,2,0,2,4,450,80,5,4,539,0,0,0,539
08/25/2020,SFO,CA,AWP,WE,Towers with Radar,410,67,12,4,493,0,0,0,6,6,410,67,12,10,499,0,0,0,499
08/26/2020,SFO,CA,AWP,WE,Towers with Radar,426,83,7,2,518,0,0,0,10,10,426,83,7,12,528,0,0,0,528
08/27/2020,SFO,CA,AWP,WE,Towers with Radar,460,76,8,2,546,0,0,0,8,8,460,76,8,10,554,0,0,0,554
08/28/2020,SFO,CA,AWP,WE,Towers with Radar,457,75,4,1,537,0,0,0,1,1,457,75,4,2,538,0,0,0,538
08/29/2020,SFO,CA,AWP,WE,Towers with Radar,448,92,9,0,549,0,0,0,5,5,448,92,9,5,554,0,0,0,554
08/30/2020,SFO,CA,AWP,WE,Towers with Radar,456,93,23,2,574,0,1,1,2,4,456,94,24,4,578,0,0,0,578
08/31/2020,SFO,CA,AWP,WE,Towers with Radar,449,78,6,1,534,0,0,0,3,3,449,78,6,4,537,0,0,0,537
09/01/2020,SFO,CA,AWP,WE,Towers with Radar,428,73,9,4,514,0,2,0,11,13,428,75,9,15,527,0,0,0,527
09/02/2020,SFO,CA,AWP,WE,Towers with Radar,437,68,10,0,515,0,0,2,9,11,437,68,12,9,526,0,0,0,526
09/03/2020,SFO,CA,AWP,WE,Towers with Radar,481,58,14,0,553,0,0,0,8,8,481,58,14,8,561,0,0,0,561
09/04/2020,SFO,CA,AWP,WE,Towers with Radar,482,75,13,1,571,0,1,0,7,8,482,76,13,8,579,0,0,0,579
09/05/2020,SFO,CA,AWP,WE,Towers with Radar,452,55,7,0,514,0,6,2,3,11,452,61,9,3,525,0,0,0,525
09/06/2020,SFO,CA,AWP,WE,Towers with Radar,435,60,3,0,498,0,3,2,6,11,435,63,5,6,509,0,0,0,509
09/07/2020,SFO,CA,AWP,WE,Towers with Radar,463,82,4,1,550,0,6,0,4,10,463,88,4,5,560,0,0,0,560
09/08/2020,SFO,CA,AWP,WE,Towers with Radar,407,64,7,4,482,0,2,0,6,8,407,66,7,10,490,0,0,0,490
09/09/2020,SFO,CA,AWP,WE,Towers with Radar,455,58,17,1,531,0,2,0,11,13,455,60,17,12,544,0,0,0,544
09/10/2020,SFO,CA,AWP,WE,Towers with Radar,455,70,10,1,536,0,0,0,0,0,455,70,10,1,536,0,0,0,536
09/11/2020,SFO,CA,AWP,WE,Towers with Radar,474,73,13,0,560,0,0,0,0,0,474,73,13,0,560,0,0,0,560
09/12/2020,SFO,CA,AWP,WE,Towers with Radar,455,57,10,0,522,0,0,0,0,0,455,57,10,0,522,0,0,0,522
09/13/2020,SFO,CA,AWP,WE,Towers with Radar,464,82,9,2,557,0,0,0,0,0,464,82,9,2,557,0,0,0,557
09/14/2020,SFO,CA,AWP,WE,Towers with Radar,450,58,8,1,517,0,0,0,0,0,450,58,8,1,517,0,0,0,517
09/15/2020,SFO,CA,AWP,WE,Towers with Radar,404,56,6,4,470,0,0,2,5,7,404,56,8,9,477,0,0,0,477
09/16/2020,SFO,CA,AWP,WE,Towers with Radar,445,53,6,1,505,0,0,0,8,8,445,53,6,9,513,0,0,0,513
09/17/2020,SFO,CA,AWP,WE,Towers with Radar,461,58,13,3,535,0,0,0,5,5,461,58,13,8,540,0,0,0,540
09/18/2020,SFO,CA,AWP,WE,Towers with Radar,473,69,13,2,557,0,0,2,4,6,473,69,15,6,563,0,0,0,563
09/19/2020,SFO,CA,AWP,WE,Towers with Radar,462,59,7,2,530,0,0,0,4,4,462,59,7,6,534,0,0,0,534
09/20/2020,SFO,CA,AWP,WE,Towers with Radar,477,72,18,0,567,0,1,0,3,4,477,73,18,3,571,0,0,0,571
09/21/2020,SFO,CA,AWP,WE,Towers with Radar,462,56,5,1,524,0,0,0,8,8,462,56,5,9,532,0,0,0,532
09/22/2020,SFO,CA,AWP,WE,Towers with Radar,418,45,5,4,472,0,1,0,11,12,418,46,5,15,484,0,0,0,484
09/23/2020,SFO,CA,AWP,WE,Towers with Radar,445,55,11,0,511,0,2,2,8,12,445,57,13,8,523,0,0,0,523
09/24/2020,SFO,CA,AWP,WE,Towers with Radar,457,61,14,1,533,0,2,0,6,8,457,63,14,7,541,0,0,0,541
09/25/2020,SFO,CA,AWP,WE,Towers with Radar,462,54,12,0,528,0,2,0,12,14,462,56,12,12,542,0,0,0,542
09/26/2020,SFO,CA,AWP,WE,Towers with Radar,460,43,10,0,513,0,3,1,3,7,460,46,11,3,520,0,0,0,520
09/27/2020,SFO,CA,AWP,WE,Towers with Radar,472,60,12,0,544,1,3,0,4,8,473,63,12,4,552,0,0,0,552
09/28/2020,SFO,CA,AWP,WE,Towers with Radar,467,58,17,0,542,0,5,2,7,14,467,63,19,7,556,0,0,0,556
09/29/2020,SFO,CA,AWP,WE,Towers with Radar,417,57,11,4,489,0,2,0,6,8,417,59,11,10,497,0,0,0,497
09/30/2020,SFO,CA,AWP,WE,Towers with Radar,446,69,19,1,535,0,2,0,9,11,446,71,19,10,546,0,0,0,546
10/01/2020,SFO,CA,AWP,WE,Towers with Radar,453,52,11,0,516,0,0,0,10,10,453,52,11,10,526,0,0,0,526
10/02/2020,SFO,CA,AWP,WE,Towers with Radar,493,46,16,0,555,0,0,0,6,6,493,46,16,6,561,0,0,0,561
10/03/2020,SFO,CA,AWP,WE,Towers with Radar,461,55,13,1,530,0,0,2,4,6,461,55,15,5,536,0,0,0,536
10/04/2020,SFO,CA,AWP,WE,Towers with Radar,514,65,18,0,597,0,5,3,4,12,514,70,21,4,609,0,0,0,609
10/05/2020,SFO,CA,AWP,WE,Towers with Radar,550,42,11,0,603,0,0,1,9,10,550,42,12,9,613,0,0,0,613
10/06/2020,SFO,CA,AWP,WE,Towers with Radar,423,37,8,4,472,0,0,2,7,9,423,37,10,11,481,0,0,0,481
10/07/2020,SFO,CA,AWP,WE,Towers with Radar,467,58,15,0,540,0,2,2,8,12,467,60,17,8,552,0,0,0,552
10/08/2020,SFO,CA,AWP,WE,Towers with Radar,480,63,12,0,555,0,2,2,7,11,480,65,14,7,566,0,0,0,566
10/09/2020,SFO,CA,AWP,WE,Towers with Radar,512,63,15,1,591,0,6,1,6,13,512,69,16,7,604,0,0,0,604
10/10/2020,SFO,CA,AWP,WE,Towers with Radar,484,57,12,0,553,0,3,1,2,6,484,60,13,2,559,0,0,0,559
10/11/2020,SFO,CA,AWP,WE,Towers with Radar,520,72,17,0,609,0,3,1,3,7,520,75,18,3,616,0,0,0,616
10/12/2020,SFO,CA,AWP,WE,Towers with Radar,501,51,14,0,566,0,9,11,5,25,501,60,25,5,591,0,0,0,591
10/13/2020,SFO,CA,AWP,WE,Towers with Radar,421,45,13,4,483,0,1,4,9,14,421,46,17,13,497,0,0,0,497
10/14/2020,SFO,CA,AWP,WE,Towers with Radar,467,45,15,0,527,0,3,4,8,15,467,48,19,8,542,0,0,0,542
10/15/2020,SFO,CA,AWP,WE,Towers with Radar,485,58,7,0,550,0,8,3,12,23,485,66,10,12,573,0,0,0,573
10/16/2020,SFO,CA,AWP,WE,Towers with Radar,510,64,21,1,596,0,1,6,6,13,510,65,27,7,609,0,0,0,609
10/17/2020,SFO,CA,AWP,WE,Towers with Radar,488,41,10,0,539,0,2,3,6,11,488,43,13,6,550,0,0,0,550
10/18/2020,SFO,CA,AWP,WE,Towers with Radar,525,66,14,0,605,0,2,2,2,6,525,68,16,2,611,0,0,0,611
10/19/2020,SFO,CA,AWP,WE,Towers with Radar,514,52,8,0,574,0,5,1,6,12,514,57,9,6,586,0,0,0,586
10/20/2020,SFO,CA,AWP,WE,Towers with Radar,429,34,9,4,476,0,4,0,11,15,429,38,9,15,491,0,0,0,491
10/21/2020,SFO,CA,AWP,WE,Towers with Radar,468,48,9,0,525,0,1,0,15,16,468,49,9,15,541,0,0,0,541
10/22/2020,SFO,CA,AWP,WE,Towers with Radar,470,63,12,1,546,0,4,0,9,13,470,67,12,10,559,0,0,0,559
10/23/2020,SFO,CA,AWP,WE,Towers with Radar,509,45,13,2,569,0,4,3,6,13,509,49,16,8,582,0,0,0,582
10/24/2020,SFO,CA,AWP,WE,Towers with Radar,470,57,12,1,540,0,3,0,4,7,470,60,12,5,547,0,0,0,547
10/25/2020,SFO,CA,AWP,WE,Towers with Radar,510,52,16,0,578,0,1,2,6,9,510,53,18,6,587,0,0,0,587
10/26/2020,SFO,CA,AWP,WE,Towers with Radar,503,46,11,0,560,0,3,4,8,15,503,49,15,8,575,0,0,0,575
10/27/2020,SFO,CA,AWP,WE,Towers with Radar,428,43,6,3,480,0,3,0,7,10,428,46,6,10,490,0,0,0,490
10/28/2020,SFO,CA,AWP,WE,Towers with Radar,473,43,7,0,523,0,7,3,8,18,473,50,10,8,541,0,0,0,541
10/29/2020,SFO,CA,AWP,WE,Towers with Radar,471,57,12,0,540,0,1,0,6,7,471,58,12,6,547,0,0,0,547
10/30/2020,SFO,CA,AWP,WE,Towers with Radar,499,51,8,0,558,0,5,2,7,14,499,56,10,7,572,0,0,0,572
10/31/2020,SFO,CA,AWP,WE,Towers with Radar,452,42,8,0,502,0,4,1,3,8,452,46,9,3,510,0,0,0,510
11/01/2020,SFO,CA,AWP,WE,Towers with Radar,501,61,14,0,576,0,2,1,3,6,501,63,15,3,582,0,0,0,582
11/02/2020,SFO,CA,AWP,WE,Towers with Radar,494,47,5,3,549,0,0,0,5,5,494,47,5,8,554,0,0,0,554
11/03/2020,SFO,CA,AWP,WE,Towers with Radar,445,33,9,4,491,0,3,1,6,10,445,36,10,10,501,0,0,0,501
11/04/2020,SFO,CA,AWP,WE,Towers with Radar,479,50,14,0,543,0,3,0,3,6,479,53,14,3,549,0,0,0,549
11/05/2020,SFO,CA,AWP,WE,Towers with Radar,511,73,9,2,595,0,3,2,7,12,511,76,11,9,607,0,0,0,607
11/06/2020,SFO,CA,AWP,WE,Towers with Radar,509,41,13,0,563,0,2,2,6,10,509,43,15,6,573,0,0,0,573
11/07/2020,SFO,CA,AWP,WE,Towers with Radar,467,34,8,0,509,0,0,2,12,14,467,34,10,12,523,0,0,0,523
11/08/2020,SFO,CA,AWP,WE,Towers with Radar,512,62,13,0,587,0,4,0,7,11,512,66,13,7,598,0,0,0,598
11/09/2020,SFO,CA,AWP,WE,Towers with Radar,485,58,14,0,557,0,5,2,11,18,485,63,16,11,575,0,0,0,575
11/10/2020,SFO,CA,AWP,WE,Towers with Radar,444,58,11,4,517,0,1,0,10,11,444,59,11,14,528,0,0,0,528
11/11/2020,SFO,CA,AWP,WE,Towers with Radar,479,53,11,0,543,0,3,0,4,7,479,56,11,4,550,0,0,0,550
11/12/2020,SFO,CA,AWP,WE,Towers with Radar,491,61,18,0,570,0,5,2,4,11,491,66,20,4,581,0,0,0,581
11/13/2020,SFO,CA,AWP,WE,Towers with Radar,514,61,21,0,596,0,0,0,5,5,514,61,21,5,601,0,0,0,601
11/14/2020,SFO,CA,AWP,WE,Towers with Radar,485,51,8,0,544,0,6,0,10,16,485,57,8,10,560,0,0,0,560
11/15/2020,SFO,CA,AWP,WE,Towers with Radar,512,63,23,0,598,0,3,3,8,14,512,66,26,8,612,0,0,0,612
11/16/2020,SFO,CA,AWP,WE,Towers with Radar,497,50,19,0,566,0,6,1,7,14,497,56,20,7,580,0,0,0,580
11/17/2020,SFO,CA,AWP,WE,Towers with Radar,447,50,12,0,509,0,0,1,8,9,447,50,13,8,518,0,0,0,518
11/18/2020,SFO,CA,AWP,WE,Towers with Radar,483,46,12,1,542,0,0,0,5,5,483,46,12,6,547,0,0,0,547
11/19/2020,SFO,CA,AWP,WE,Towers with Radar,496,65,12,0,573,0,4,2,8,14,496,69,14,8,587,0,0,0,587
11/20/2020,SFO,CA,AWP,WE,Towers with Radar,537,59,21,0,617,0,1,5,8,14,537,60,26,8,631,0,0,0,631
11/21/2020,SFO,CA,AWP,WE,Towers with Radar,524,75,19,0,618,0,4,1,6,11,524,79,20,6,629,0,0,0,629
11/22/2020,SFO,CA,AWP,WE,Towers with Radar,531,77,20,1,629,0,3,2,6,11,531,80,22,7,640,0,0,0,640
11/23/2020,SFO,CA,AWP,WE,Towers with Radar,487,51,15,1,554,0,7,0,8,15,487,58,15,9,569,0,0,0,569
11/24/2020,SFO,CA,AWP,WE,Towers with Radar,523,61,16,5,605,0,10,0,11,21,523,71,16,16,626,0,0,0,626
11/25/2020,SFO,CA,AWP,WE,Towers with Radar,537,62,10,0,609,0,4,2,4,10,537,66,12,4,619,0,0,0,619
11/26/2020,SFO,CA,AWP,WE,Towers with Radar,326,32,2,0,360,0,9,0,1,10,326,41,2,1,370,0,0,0,370
11/27/2020,SFO,CA,AWP,WE,Towers with Radar,477,33,8,0,518,0,4,0,2,6,477,37,8,2,524,0,0,0,524
11/28/2020,SFO,CA,AWP,WE,Towers with Radar,554,64,23,1,642,0,4,0,6,10,554,68,23,7,652,0,0,0,652
11/29/2020,SFO,CA,AWP,WE,Towers with Radar,561,93,29,0,683,0,4,2,4,10,561,97,31,4,693,0,0,0,693
11/30/2020,SFO,CA,AWP,WE,Towers with Radar,533,64,13,0,610,0,2,0,14,16,533,66,13,14,626,0,0,0,626
12/01/2020,SFO,CA,AWP,WE,Towers with Radar,471,40,14,4,529,0,0,2,8,10,471,40,16,12,539,0,0,0,539
12/02/2020,SFO,CA,AWP,WE,Towers with Radar,464,31,2,1,498,0,2,0,11,13,464,33,2,12,511,0,0,0,511
12/03/2020,SFO,CA,AWP,WE,Towers with Radar,464,44,16,0,524,0,2,1,8,11,464,46,17,8,535,0,0,0,535
12/04/2020,SFO,CA,AWP,WE,Towers with Radar,475,44,15,2,536,0,9,2,9,20,475,53,17,11,556,0,0,0,556
12/05/2020,SFO,CA,AWP,WE,Towers with Radar,448,45,12,0,505,0,1,0,9,10,448,46,12,9,515,0,0,0,515
12/06/2020,SFO,CA,AWP,WE,Towers with Radar,491,69,10,1,571,0,2,0,6,8,491,71,10,7,579,0,0,0,579
12/07/2020,SFO,CA,AWP,WE,Towers with Radar,476,44,7,1,528,0,0,0,6,6,476,44,7,7,534,0,0,0,534
12/08/2020,SFO,CA,AWP,WE,Towers with Radar,423,41,6,4,474,0,1,2,10,13,423,42,8,14,487,0,0,0,487
12/09/2020,SFO,CA,AWP,WE,Towers with Radar,442,42,17,0,501,0,7,0,13,20,442,49,17,13,521,0,0,0,521
12/10/2020,SFO,CA,AWP,WE,Towers with Radar,456,39,4,0,499,0,4,1,10,15,456,43,5,10,514,0,0,0,514
12/11/2020,SFO,CA,AWP,WE,Towers with Radar,486,48,13,3,550,0,0,0,7,7,486,48,13,10,557,0,0,0,557
12/12/2020,SFO,CA,AWP,WE,Towers with Radar,444,38,11,0,493,0,1,0,7,8,444,39,11,7,501,0,0,0,501
12/13/2020,SFO,CA,AWP,WE,Towers with Radar,490,51,12,0,553,0,2,0,1,3,490,53,12,1,556,0,0,0,556
12/14/2020,SFO,CA,AWP,WE,Towers with Radar,460,39,7,0,506,0,0,0,9,9,460,39,7,9,515,0,0,0,515
12/15/2020,SFO,CA,AWP,WE,Towers with Radar,433,49,3,5,490,0,4,0,10,14,433,53,3,15,504,0,0,0,504
12/16/2020,SFO,CA,AWP,WE,Towers with Radar,440,65,9,0,514,0,4,1,8,13,440,69,10,8,527,0,0,0,527
12/17/2020,SFO,CA,AWP,WE,Towers with Radar,513,77,9,0,599,0,1,0,2,3,513,78,9,2,602,0,0,0,602
12/18/2020,SFO,CA,AWP,WE,Towers with Radar,537,109,17,0,663,0,3,1,4,8,537,112,18,4,671,0,0,0,671
12/19/2020,SFO,CA,AWP,WE,Towers with Radar,515,96,19,0,630,0,5,3,7,15,515,101,22,7,645,0,0,0,645
12/20/2020,SFO,CA,AWP,WE,Towers with Radar,536,88,14,0,638,0,2,1,4,7,536,90,15,4,645,0,0,0,645
12/21/2020,SFO,CA,AWP,WE,Towers with Radar,509,71,6,0,586,0,0,0,7,7,509,71,6,7,593,0,0,0,593
12/22/2020,SFO,CA,AWP,WE,Towers with Radar,516,92,13,4,625,0,6,0,7,13,516,98,13,11,638,0,0,0,638
12/23/2020,SFO,CA,AWP,WE,Towers with Radar,516,82,7,0,605,0,8,0,11,19,516,90,7,11,624,0,0,0,624
12/24/2020,SFO,CA,AWP,WE,Towers with Radar,412,68,7,1,488,0,0,0,4,4,412,68,7,5,492,0,0,0,492
12/25/2020,SFO,CA,AWP,WE,Towers with Radar,353,61,3,0,417,0,0,0,0,0,353,61,3,0,417,0,0,0,417
12/26/2020,SFO,CA,AWP,WE,Towers with Radar,500,90,13,0,603,0,2,0,2,4,500,92,13,2,607,0,0,0,607
12/27/2020,SFO,CA,AWP,WE,Towers with Radar,518,94,20,0,632,0,0,0,2,2,518,94,20,2,634,0,0,0,634
12/28/2020,SFO,CA,AWP,WE,Towers with Radar,494,84,3,0,581,0,2,2,4,8,494,86,5,4,589,0,0,0,589
12/29/2020,SFO,CA,AWP,WE,Towers with Radar,508,82,8,3,601,0,5,4,7,16,508,87,12,10,617,0,0,0,617
12/30/2020,SFO,CA,AWP,WE,Towers with Radar,510,85,9,1,605,0,0,0,10,10,510,85,9,11,615,0,0,0,615
12/31/2020,SFO,CA,AWP,WE,Towers with Radar,431,67,12,0,510,0,2,2,6,10,431,69,14,6,520,0,0,0,520
01/01/2021,SFO,CA,AWP,WE,Towers with Radar,431,80,8,0,519,0,4,4,5,13,431,84,12,5,532,0,0,0,532
01/02/2021,SFO,CA,AWP,WE,Towers with Radar,510,88,15,3,616,0,0,0,2,2,510,88,15,5,618,0,0,0,618
01/03/2021,SFO,CA,AWP,WE,Towers with Radar,549,106,27,0,682,0,0,0,2,2,549,106,27,2,684,0,0,0,684
01/04/2021,SFO,CA,AWP,WE,Towers with Radar,510,96,13,2,621,0,2,0,7,9,510,98,13,9,630,0,0,0,630
01/05/2021,SFO,CA,AWP,WE,Towers with Radar,425,64,10,4,503,0,3,5,6,14,425,67,15,10,517,0,0,0,517
01/06/2021,SFO,CA,AWP,WE,Towers with Radar,404,55,10,0,469,0,2,0,10,12,404,57,10,10,481,0,0,0,481
01/07/2021,SFO,CA,AWP,WE,Towers with Radar,445,64,12,1,522,0,1,1,9,11,445,65,13,10,533,0,0,0,533
01/08/2021,SFO,CA,AWP,WE,Towers with Radar,450,60,5,0,515,0,2,0,4,6,450,62,5,4,521,0,0,0,521
01/09/2021,SFO,CA,AWP,WE,Towers with Radar,430,47,12,0,489,0,8,2,4,14,430,55,14,4,503,0,0,0,503
01/10/2021,SFO,CA,AWP,WE,Towers with Radar,456,57,10,0,523,0,2,0,6,8,456,59,10,6,531,0,0,0,531
01/11/2021,SFO,CA,AWP,WE,Towers with Radar,422,55,6,0,483,0,0,0,8,8,422,55,6,8,491,0,0,0,491
01/12/2021,SFO,CA,AWP,WE,Towers with Radar,386,54,4,4,448,0,5,4,13,22,386,59,8,17,470,0,0,0,470
01/13/2021,SFO,CA,AWP,WE,Towers with Radar,404,52,7,1,464,0,5,0,9,14,404,57,7,10,478,0,0,0,478
01/14/2021,SFO,CA,AWP,WE,Towers with Radar,436,67,14,0,517,0,2,0,7,9,436,69,14,7,526,0,0,0,526
01/15/2021,SFO,CA,AWP,WE,Towers with Radar,442,72,15,2,531,0,0,0,8,8,442,72,15,10,539,0,0,0,539
01/16/2021,SFO,CA,AWP,WE,Towers with Radar,422,69,7,2,500,0,4,0,11,15,422,73,7,13,515,0,0,0,515
01/17/2021,SFO,CA,AWP,WE,Towers with Radar,437,57,11,0,505,0,10,0,2,12,437,67,11,2,517,0,0,0,517
01/18/2021,SFO,CA,AWP,WE,Towers with Radar,432,73,7,0,512,0,4,2,7,13,432,77,9,7,525,0,0,0,525
01/19/2021,SFO,CA,AWP,WE,Towers with Radar,384,48,6,0,438,0,0,0,8,8,384,48,6,8,446,0,0,0,446
01/20/2021,SFO,CA,AWP,WE,Towers with Radar,391,65,4,1,461,0,3,0,7,10,391,68,4,8,471,0,0,0,471
01/21/2021,SFO,CA,AWP,WE,Towers with Radar,434,60,4,1,499,0,0,2,9,11,434,60,6,10,510,0,0,0,510
01/22/2021,SFO,CA,AWP,WE,Towers with Radar,448,79,18,0,545,0,4,0,9,13,448,83,18,9,558,0,0,0,558
01/23/2021,SFO,CA,AWP,WE,Towers with Radar,422,65,7,0,494,0,6,4,11,21,422,71,11,11,515,0,0,0,515
01/24/2021,SFO,CA,AWP,WE,Towers with Radar,459,74,11,0,544,0,1,0,2,3,459,75,11,2,547,0,0,0,547
01/25/2021,SFO,CA,AWP,WE,Towers with Radar,421,51,12,0,484,0,2,0,10,12,421,53,12,10,496,0,0,0,496
01/26/2021,SFO,CA,AWP,WE,Towers with Radar,371,33,3,5,412,0,3,0,11,14,371,36,3,16,426,0,0,0,426
01/27/2021,SFO,CA,AWP,WE,Towers with Radar,397,51,5,0,453,0,0,0,14,14,397,51,5,14,467,0,0,0,467
01/28/2021,SFO,CA,AWP,WE,Towers with Radar,431,62,10,1,504,0,0,0,4,4,431,62,10,5,508,0,0,0,508
01/29/2021,SFO,CA,AWP,WE,Towers with Radar,443,73,6,1,523,0,0,5,12,17,443,73,11,13,540,0,0,0,540
01/30/2021,SFO,CA,AWP,WE,Towers with Radar,416,56,9,2,483,0,2,0,4,6,416,58,9,6,489,0,0,0,489
01/31/2021,SFO,CA,AWP,WE,Towers with Radar,436,78,20,1,535,0,0,2,2,4,436,78,22,3,539,0,0,0,539
02/01/2021,SFO,CA,AWP,WE,Towers with Radar,397,50,5,1,453,0,4,0,4,8,397,54,5,5,461,0,0,0,461
02/02/2021,SFO,CA,AWP,WE,Towers with Radar,366,46,5,4,421,0,2,0,8,10,366,48,5,12,431,0,0,0,431
02/03/2021,SFO,CA,AWP,WE,Towers with Radar,397,52,4,0,453,0,0,0,5,5,397,52,4,5,458,0,0,0,458
02/04/2021,SFO,CA,AWP,WE,Towers with Radar,427,73,11,0,511,0,4,0,13,17,427,77,11,13,528,0,0,0,528
02/05/2021,SFO,CA,AWP,WE,Towers with Radar,431,68,12,0,511,0,2,2,11,15,431,70,14,11,526,0,0,0,526
02/06/2021,SFO,CA,AWP,WE,Towers with Radar,411,64,7,1,483,0,4,6,7,17,411,68,13,8,500,0,0,0,500
02/07/2021,SFO,CA,AWP,WE,Towers with Radar,433,63,4,0,500,0,2,2,4,8,433,65,6,4,508,0,0,0,508
02/08/2021,SFO,CA,AWP,WE,Towers with Radar,426,66,10,0,502,0,0,1,7,8,426,66,11,7,510,0,0,0,510
02/09/2021,SFO,CA,AWP,WE,Towers with Radar,375,58,20,4,457,0,6,0,6,12,375,64,20,10,469,0,0,0,469
02/10/2021,SFO,CA,AWP,WE,Towers with Radar,406,69,12,2,489,0,12,0,13,25,406,81,12,15,514,0,0,0,514
02/11/2021,SFO,CA,AWP,WE,Towers with Radar,453,97,11,0,561,0,5,0,7,12,453,102,11,7,573,0,0,0,573
02/12/2021,SFO,CA,AWP,WE,Towers with Radar,478,91,15,1,585,0,0,2,5,7,478,91,17,6,592,0,0,0,592
02/13/2021,SFO,CA,AWP,WE,Towers with Radar,388,76,12,0,476,0,0,0,6,6,388,76,12,6,482,0,0,0,482
02/14/2021,SFO,CA,AWP,WE,Towers with Radar,414,78,11,1,504,0,0,3,2,5,414,78,14,3,509,0,0,0,509
02/15/2021,SFO,CA,AWP,WE,Towers with Radar,422,82,23,0,527,0,0,0,2,2,422,82,23,2,529,0,0,0,529
02/16/2021,SFO,CA,AWP,WE,Towers with Radar,353,51,4,4,412,0,1,0,12,13,353,52,4,16,425,0,0,0,425
02/17/2021,SFO,CA,AWP,WE,Towers with Radar,386,57,6,0,449,0,2,1,7,10,386,59,7,7,459,0,0,0,459
02/18/2021,SFO,CA,AWP,WE,Towers with Radar,429,68,12,1,510,0,6,4,11,21,429,74,16,12,531,0,0,0,531
02/19/2021,SFO,CA,AWP,WE,Towers with Radar,444,68,16,4,532,0,2,0,4,6,444,70,16,8,538,0,0,0,538
02/20/2021,SFO,CA,AWP,WE,Towers with Radar,419,87,10,1,517,0,3,1,10,14,419,90,11,11,531,0,0,0,531
02/21/2021,SFO,CA,AWP,WE,Towers with Radar,460,100,16,1,577,0,5,1,6,12,460,105,17,7,589,0,0,0,589
02/22/2021,SFO,CA,AWP,WE,Towers with Radar,451,73,9,0,533,0,2,3,9,14,451,75,12,9,547,0,0,0,547
02/23/2021,SFO,CA,AWP,WE,Towers with Radar,376,48,15,5,444,0,3,0,11,14,376,51,15,16,458,0,0,0,458
02/24/2021,SFO,CA,AWP,WE,Towers with Radar,404,45,10,3,462,0,0,1,5,6,404,45,11,8,468,0,0,0,468
02/25/2021,SFO,CA,AWP,WE,Towers with Radar,454,78,11,0,543,0,3,3,9,15,454,81,14,9,558,0,0,0,558
02/26/2021,SFO,CA,AWP,WE,Towers with Radar,462,71,10,0,543,0,3,1,13,17,462,74,11,13,560,0,0,0,560
02/27/2021,SFO,CA,AWP,WE,Towers with Radar,422,70,6,0,498,0,6,4,11,21,422,76,10,11,519,0,0,0,519
02/28/2021,SFO,CA,AWP,WE,Towers with Radar,463,69,21,0,553,0,2,0,3,5,463,71,21,3,558,0,0,0,558
03/01/2021,SFO,CA,AWP,WE,Towers with Radar,457,73,12,0,542,0,5,5,15,25,457,78,17,15,567,0,0,0,567
03/02/2021,SFO,CA,AWP,WE,Towers with Radar,374,53,10,6,443,0,4,0,15,19,374,57,10,21,462,0,0,0,462
03/03/2021,SFO,CA,AWP,WE,Towers with Radar,398,67,23,0,488,0,5,0,9,14,398,72,23,9,502,0,0,0,502
03/04/2021,SFO,CA,AWP,WE,Towers with Radar,462,76,19,3,560,0,3,1,4,8,462,79,20,7,568,0,0,0,568
03/05/2021,SFO,CA,AWP,WE,Towers with Radar,477,84,17,0,578,0,3,0,12,15,477,87,17,12,593,0,0,0,593
03/06/2021,SFO,CA,AWP,WE,Towers with Radar,441,81,7,0,529,0,1,2,6,9,441,82,9,6,538,0,0,0,538
03/07/2021,SFO,CA,AWP,WE,Towers with Radar,494,95,16,1,606,0,3,2,7,12,494,98,18,8,618,0,0,0,618
03/08/2021,SFO,CA,AWP,WE,Towers with Radar,459,76,8,0,543,0,0,0,8,8,459,76,8,8,551,0,0,0,551
03/09/2021,SFO,CA,AWP,WE,Towers with Radar,392,56,8,0,456,0,1,0,8,9,392,57,8,8,465,0,0,0,465
03/10/2021,SFO,CA,AWP,WE,Towers with Radar,409,58,11,2,480,0,0,0,7,7,409,58,11,9,487,0,0,0,487
03/11/2021,SFO,CA,AWP,WE,Towers with Radar,471,83,12,2,568,0,2,2,6,10,471,85,14,8,578,0,0,0,578
03/12/2021,SFO,CA,AWP,WE,Towers with Radar,494,81,13,1,589,0,4,2,5,11,494,85,15,6,600,0,0,0,600
03/13/2021,SFO,CA,AWP,WE,Towers with Radar,441,63,5,0,509,0,0,1,10,11,441,63,6,10,520,0,0,0,520
03/14/2021,SFO,CA,AWP,WE,Towers with Radar,467,83,15,0,565,0,0,0,4,4,467,83,15,4,569,0,0,0,569
03/15/2021,SFO,CA,AWP,WE,Towers with Radar,452,83,15,1,551,0,2,0,7,9,452,85,15,8,560,0,0,0,560
03/16/2021,SFO,CA,AWP,WE,Towers with Radar,398,56,12,6,472,0,3,0,4,7,398,59,12,10,479,0,0,0,479
03/17/2021,SFO,CA,AWP,WE,Towers with Radar,408,80,18,2,508,0,3,4,8,15,408,83,22,10,523,0,0,0,523
03/18/2021,SFO,CA,AWP,WE,Towers with Radar,500,79,10,1,590,0,0,0,10,10,500,79,10,11,600,0,0,0,600
03/19/2021,SFO,CA,AWP,WE,Towers with Radar,513,94,16,1,624,0,2,2,5,9,513,96,18,6,633,0,0,0,633
03/20/2021,SFO,CA,AWP,WE,Towers with Radar,471,80,12,1,564,0,5,6,5,16,471,85,18,6,580,0,0,0,580
03/21/2021,SFO,CA,AWP,WE,Towers with Radar,522,83,13,0,618,0,3,2,2,7,522,86,15,2,625,0,0,0,625
03/22/2021,SFO,CA,AWP,WE,Towers with Radar,480,80,7,0,567,0,5,2,5,12,480,85,9,5,579,0,0,0,579
03/23/2021,SFO,CA,AWP,WE,Towers with Radar,436,75,9,4,524,0,4,2,7,13,436,79,11,11,537,0,0,0,537
03/24/2021,SFO,CA,AWP,WE,Towers with Radar,438,71,14,0,523,0,2,5,8,15,438,73,19,8,538,0,0,0,538
03/25/2021,SFO,CA,AWP,WE,Towers with Radar,495,91,27,0,613,0,0,0,3,3,495,91,27,3,616,0,0,0,616
03/26/2021,SFO,CA,AWP,WE,Towers with Radar,518,105,21,1,645,0,4,0,6,10,518,109,21,7,655,0,0,0,655
03/27/2021,SFO,CA,AWP,WE,Towers with Radar,488,70,12,0,570,0,5,0,12,17,488,75,12,12,587,0,0,0,587
03/28/2021,SFO,CA,AWP,WE,Towers with Radar,522,80,19,1,622,0,2,1,2,5,522,82,20,3,627,0,0,0,627
03/29/2021,SFO,CA,AWP,WE,Towers with Radar,486,69,10,0,565,0,6,3,6,15,486,75,13,6,580,0,0,0,580
03/30/2021,SFO,CA,AWP,WE,Towers with Radar,449,57,17,4,527,0,3,3,14,20,449,60,20,18,547,0,0,0,547
03/31/2021,SFO,CA,AWP,WE,Towers with Radar,447,70,16,1,534,0,0,0,12,12,447,70,16,13,546,0,0,0,546
04/01/2021,SFO,CA,AWP,WE,Towers with Radar,508,87,32,2,629,0,1,0,9,10,508,88,32,11,639,0,0,0,639
04/02/2021,SFO,CA,AWP,WE,Towers with Radar,506,109,29,0,644,0,2,0,11,13,506,111,29,11,657,0,0,0,657
04/03/2021,SFO,CA,AWP,WE,Towers with Radar,481,109,24,0,614,0,1,4,8,13,481,110,28,8,627,0,0,0,627
04/04/2021,SFO,CA,AWP,WE,Towers with Radar,508,91,11,1,611,0,4,1,6,11,508,95,12,7,622,0,0,0,622
04/05/2021,SFO,CA,AWP,WE,Towers with Radar,503,85,17,0,605,0,1,6,7,14,503,86,23,7,619,0,0,0,619
04/06/2021,SFO,CA,AWP,WE,Towers with Radar,456,49,21,4,530,0,1,1,6,8,456,50,22,10,538,0,0,0,538
04/07/2021,SFO,CA,AWP,WE,Towers with Radar,452,67,31,0,550,0,1,0,8,9,452,68,31,8,559,0,0,0,559
04/08/2021,SFO,CA,AWP,WE,Towers with Radar,518,76,23,1,618,0,4,0,6,10,518,80,23,7,628,0,0,0,628
04/09/2021,SFO,CA,AWP,WE,Towers with Radar,514,88,19,1,622,0,7,0,6,13,514,95,19,7,635,0,0,0,635
04/10/2021,SFO,CA,AWP,WE,Towers with Radar,480,105,19,1,605,0,2,1,8,11,480,107,20,9,616,0,0,0,616
04/11/2021,SFO,CA,AWP,WE,Towers with Radar,510,97,34,0,641,0,2,2,4,8,510,99,36,4,649,0,0,0,649
04/12/2021,SFO,CA,AWP,WE,Towers with Radar,483,97,7,0,587,0,1,0,12,13,483,98,7,12,600,0,0,0,600
04/13/2021,SFO,CA,AWP,WE,Towers with Radar,438,72,9,5,524,0,2,0,7,9,438,74,9,12,533,0,0,0,533
04/14/2021,SFO,CA,AWP,WE,Towers with Radar,438,79,10,0,527,0,3,4,7,14,438,82,14,7,541,0,0,0,541
04/15/2021,SFO,CA,AWP,WE,Towers with Radar,503,81,15,0,599,0,6,3,9,18,503,87,18,9,617,0,0,0,617
04/16/2021,SFO,CA,AWP,WE,Towers with Radar,508,95,16,0,619,0,4,5,8,17,508,99,21,8,636,0,0,0,636
04/17/2021,SFO,CA,AWP,WE,Towers with Radar,466,81,14,0,561,0,1,2,6,9,466,82,16,6,570,0,0,0,570
04/18/2021,SFO,CA,AWP,WE,Towers with Radar,495,89,16,0,600,0,3,4,0,7,495,92,20,0,607,0,0,0,607
04/19/2021,SFO,CA,AWP,WE,Towers with Radar,489,85,16,0,590,0,0,0,8,8,489,85,16,8,598,0,0,0,598
04/20/2021,SFO,CA,AWP,WE,Towers with Radar,441,60,29,4,534,0,4,0,10,14,441,64,29,14,548,0,0,0,548
04/21/2021,SFO,CA,AWP,WE,Towers with Radar,439,67,16,0,522,0,5,2,10,17,439,72,18,10,539,0,0,0,539
04/22/2021,SFO,CA,AWP,WE,Towers with Radar,507,87,25,0,619,0,0,0,8,8,507,87,25,8,627,0,0,0,627
04/23/2021,SFO,CA,AWP,WE,Towers with Radar,504,107,13,0,624,0,5,1,11,17,504,112,14,11,641,0,0,0,641
04/24/2021,SFO,CA,AWP,WE,Towers with Radar,465,80,10,0,555,0,0,4,12,16,465,80,14,12,571,0,0,0,571
04/25/2021,SFO,CA,AWP,WE,Towers with Radar,501,95,22,0,618,0,0,0,4,4,501,95,22,4,622,0,0,0,622
04/26/2021,SFO,CA,AWP,WE,Towers with Radar,496,73,10,0,579,0,0,0,10,10,496,73,10,10,589,0,0,0,589
04/27/2021,SFO,CA,AWP,WE,Towers with Radar,441,48,27,5,521,0,0,0,9,9,441,48,27,14,530,0,0,0,530
04/28/2021,SFO,CA,AWP,WE,Towers with Radar,439,61,13,0,513,0,5,2,9,16,439,66,15,9,529,0,0,0,529
04/29/2021,SFO,CA,AWP,WE,Towers with Radar,507,77,13,0,597,0,3,3,11,17,507,80,16,11,614,0,0,0,614
04/30/2021,SFO,CA,AWP,WE,Towers with Radar,508,105,7,2,622,0,0,0,10,10,508,105,7,12,632,0,0,0,632
05/01/2021,SFO,CA,AWP,WE,Towers with Radar,464,87,5,0,556,0,0,2,7,9,464,87,7,7,565,0,0,0,565
05/02/2021,SFO,CA,AWP,WE,Towers with Radar,488,94,18,0,600,0,0,0,3,3,488,94,18,3,603,0,0,0,603
05/03/2021,SFO,CA,AWP,WE,Towers with Radar,483,71,7,0,561,0,0,0,7,7,483,71,7,7,568,0,0,0,568
05/04/2021,SFO,CA,AWP,WE,Towers with Radar,429,56,21,0,506,0,8,2,3,13,429,64,23,3,519,0,0,0,519
05/05/2021,SFO,CA,AWP,WE,Towers with Radar,448,66,15,0,529,0,3,1,11,15,448,69,16,11,544,0,0,0,544
05/06/2021,SFO,CA,AWP,WE,Towers with Radar,505,83,11,0,599,0,3,1,5,9,505,86,12,5,608,0,0,0,608
05/07/2021,SFO,CA,AWP,WE,Towers with Radar,535,89,17,0,641,0,4,1,1,6,535,93,18,1,647,0,0,0,647
05/08/2021,SFO,CA,AWP,WE,Towers with Radar,483,75,14,0,572,0,3,0,6,9,483,78,14,6,581,0,0,0,581
05/09/2021,SFO,CA,AWP,WE,Towers with Radar,533,75,20,1,629,0,5,0,6,11,533,80,20,7,640,0,0,0,640
05/10/2021,SFO,CA,AWP,WE,Towers with Radar,534,86,18,1,639,0,6,0,13,19,534,92,18,14,658,0,0,0,658
05/11/2021,SFO,CA,AWP,WE,Towers with Radar,457,66,23,4,550,0,9,7,6,22,457,75,30,10,572,0,0,0,572
05/12/2021,SFO,CA,AWP,WE,Towers with Radar,475,68,16,0,559,0,2,1,9,12,475,70,17,9,571,0,0,0,571
05/13/2021,SFO,CA,AWP,WE,Towers with Radar,536,92,24,0,652,0,1,0,7,8,536,93,24,7,660,0,0,0,660
05/14/2021,SFO,CA,AWP,WE,Towers with Radar,545,78,18,2,643,0,0,1,5,6,545,78,19,7,649,0,0,0,649
05/15/2021,SFO,CA,AWP,WE,Towers with Radar,498,87,7,1,593,0,6,0,3,9,498,93,7,4,602,0,0,0,602
05/16/2021,SFO,CA,AWP,WE,Towers with Radar,537,110,32,0,679,0,2,2,2,6,537,112,34,2,685,0,0,0,685
05/17/2021,SFO,CA,AWP,WE,Towers with Radar,539,94,7,2,642,0,6,1,8,15,539,100,8,10,657,0,0,0,657
05/18/2021,SFO,CA,AWP,WE,Towers with Radar,464,85,20,4,573,0,4,1,10,15,464,89,21,14,588,0,0,0,588
05/19/2021,SFO,CA,AWP,WE,Towers with Radar,482,74,24,0,580,0,1,1,9,11,482,75,25,9,591,0,0,0,591
05/20/2021,SFO,CA,AWP,WE,Towers with Radar,549,91,26,0,666,0,0,4,9,13,549,91,30,9,679,0,0,0,679
05/21/2021,SFO,CA,AWP,WE,Towers with Radar,549,95,19,0,663,0,3,1,5,9,549,98,20,5,672,0,0,0,672
05/22/2021,SFO,CA,AWP,WE,Towers with Radar,502,74,7,2,585,0,1,2,3,6,502,75,9,5,591,0,0,0,591
05/23/2021,SFO,CA,AWP,WE,Towers with Radar,547,92,13,0,652,0,8,0,3,11,547,100,13,3,663,0,0,0,663
05/24/2021,SFO,CA,AWP,WE,Towers with Radar,549,72,18,0,639,0,1,1,0,2,549,73,19,0,641,0,0,0,641
05/25/2021,SFO,CA,AWP,WE,Towers with Radar,487,64,6,4,561,0,1,4,11,16,487,65,10,15,577,0,0,0,577
05/26/2021,SFO,CA,AWP,WE,Towers with Radar,483,74,18,2,577,0,5,4,8,17,483,79,22,10,594,0,0,0,594
05/27/2021,SFO,CA,AWP,WE,Towers with Radar,554,88,30,0,672,0,5,2,6,13,554,93,32,6,685,0,0,0,685
05/28/2021,SFO,CA,AWP,WE,Towers with Radar,547,122,31,0,700,0,1,2,7,10,547,123,33,7,710,0,0,0,710
05/29/2021,SFO,CA,AWP,WE,Towers with Radar,503,81,16,2,602,0,0,0,2,2,503,81,16,4,604,0,0,0,604
05/30/2021,SFO,CA,AWP,WE,Towers with Radar,523,78,13,0,614,0,1,1,2,4,523,79,14,2,618,0,0,0,618
05/31/2021,SFO,CA,AWP,WE,Towers with Radar,546,100,16,0,662,0,3,0,8,11,546,103,16,8,673,0,0,0,673
06/01/2021,SFO,CA,AWP,WE,Towers with Radar,490,65,22,4,581,0,5,1,15,21,490,70,23,19,602,0,0,0,602
06/02/2021,SFO,CA,AWP,WE,Towers with Radar,506,89,31,1,627,0,2,2,14,18,506,91,33,15,645,0,0,0,645
06/03/2021,SFO,CA,AWP,WE,Towers with Radar,598,127,29,0,754,0,2,2,10,14,598,129,31,10,768,0,0,0,768
06/04/2021,SFO,CA,AWP,WE,Towers with Radar,606,127,19,1,753,0,6,1,3,10,606,133,20,4,763,0,0,0,763
06/05/2021,SFO,CA,AWP,WE,Towers with Radar,575,98,24,0,697,0,1,0,4,5,575,99,24,4,702,0,0,0,702
06/06/2021,SFO,CA,AWP,WE,Towers with Radar,612,114,20,0,746,0,2,6,3,11,612,116,26,3,757,0,0,0,757
06/07/2021,SFO,CA,AWP,WE,Towers with Radar,603,111,16,0,730,0,3,4,8,15,603,114,20,8,745,0,0,0,745
06/08/2021,SFO,CA,AWP,WE,Towers with Radar,571,99,14,2,686,0,4,4,7,15,571,103,18,9,701,0,0,0,701
06/09/2021,SFO,CA,AWP,WE,Towers with Radar,571,113,15,0,699,0,5,4,11,20,571,118,19,11,719,0,0,0,719
06/10/2021,SFO,CA,AWP,WE,Towers with Radar,619,125,22,0,766,0,2,0,11,13,619,127,22,11,779,0,0,0,779
06/11/2021,SFO,CA,AWP,WE,Towers with Radar,616,128,25,1,770,0,6,0,7,13,616,134,25,8,783,0,0,0,783
06/12/2021,SFO,CA,AWP,WE,Towers with Radar,571,109,22,1,703,0,0,0,3,3,571,109,22,4,706,0,0,0,706
06/13/2021,SFO,CA,AWP,WE,Towers with Radar,614,125,27,0,766,0,6,0,2,8,614,131,27,2,774,0,0,0,774
06/14/2021,SFO,CA,AWP,WE,Towers with Radar,618,125,20,1,764,0,0,0,7,7,618,125,20,8,771,0,0,0,771
06/15/2021,SFO,CA,AWP,WE,Towers with Radar,589,113,23,4,729,0,2,3,7,12,589,115,26,11,741,0,0,0,741
06/16/2021,SFO,CA,AWP,WE,Towers with Radar,592,107,32,0,731,0,2,0,13,15,592,109,32,13,746,0,0,0,746
06/17/2021,SFO,CA,AWP,WE,Towers with Radar,644,124,20,0,788,0,5,4,12,21,644,129,24,12,809,0,0,0,809
06/18/2021,SFO,CA,AWP,WE,Towers with Radar,629,143,32,0,804,0,1,0,3,4,629,144,32,3,808,0,0,0,808
06/19/2021,SFO,CA,AWP,WE,Towers with Radar,577,116,16,0,709,0,4,3,6,13,577,120,19,6,722,0,0,0,722
06/20/2021,SFO,CA,AWP,WE,Towers with Radar,624,120,17,0,761,0,2,2,2,6,624,122,19,2,767,0,0,0,767
06/21/2021,SFO,CA,AWP,WE,Towers with Radar,618,130,21,1,770,0,1,2,8,11,618,131,23,9,781,0,0,0,781
06/22/2021,SFO,CA,AWP,WE,Towers with Radar,581,116,17,4,718,0,4,1,16,21,581,120,18,20,739,0,0,0,739
06/23/2021,SFO,CA,AWP,WE,Towers with Radar,585,107,32,0,724,0,0,0,10,10,585,107,32,10,734,0,0,0,734
06/24/2021,SFO,CA,AWP,WE,Towers with Radar,627,122,32,0,781,0,2,1,10,13,627,124,33,10,794,0,0,0,794
06/25/2021,SFO,CA,AWP,WE,Towers with Radar,610,126,19,4,759,0,0,1,14,15,610,126,20,18,774,0,0,0,774
06/26/2021,SFO,CA,AWP,WE,Towers with Radar,583,108,16,0,707,0,5,0,2,7,583,113,16,2,714,0,0,0,714
06/27/2021,SFO,CA,AWP,WE,Towers with Radar,618,132,13,1,764,0,4,0,0,4,618,136,13,1,768,0,0,0,768
06/28/2021,SFO,CA,AWP,WE,Towers with Radar,629,99,16,1,745,0,1,0,0,1,629,100,16,1,746,0,0,0,746
06/29/2021,SFO,CA,AWP,WE,Towers with Radar,578,104,8,5,695,0,2,0,13,15,578,106,8,18,710,0,0,0,710
06/30/2021,SFO,CA,AWP,WE,Towers with Radar,589,97,24,0,710,0,1,4,5,10,589,98,28,5,720,0,0,0,720
07/01/2021,SFO,CA,AWP,WE,Towers with Radar,666,113,23,1,803,0,1,3,13,17,666,114,26,14,820,0,0,0,820
07/02/2021,SFO,CA,AWP,WE,Towers with Radar,672,129,22,4,827,0,0,2,4,6,672,129,24,8,833,0,0,0,833
07/03/2021,SFO,CA,AWP,WE,Towers with Radar,611,135,13,1,760,0,0,2,0,2,611,135,15,1,762,0,0,0,762
07/04/2021,SFO,CA,AWP,WE,Towers with Radar,585,96,9,0,690,0,1,0,4,5,585,97,9,4,695,0,0,0,695
07/05/2021,SFO,CA,AWP,WE,Towers with Radar,643,139,20,0,802,0,1,2,4,7,643,140,22,4,809,0,0,0,809
07/06/2021,SFO,CA,AWP,WE,Towers with Radar,621,146,15,4,786,0,0,0,12,12,621,146,15,16,798,0,0,0,798
07/07/2021,SFO,CA,AWP,WE,Towers with Radar,635,116,13,1,765,0,0,0,14,14,635,116,13,15,779,0,0,0,779
07/08/2021,SFO,CA,AWP,WE,Towers with Radar,685,128,10,2,825,0,0,2,14,16,685,128,12,16,841,0,0,0,841
07/09/2021,SFO,CA,AWP,WE,Towers with Radar,677,139,19,3,838,0,5,6,5,16,677,144,25,8,854,0,0,0,854
07/10/2021,SFO,CA,AWP,WE,Towers with Radar,643,122,20,0,785,0,5,2,10,17,643,127,22,10,802,0,0,0,802
07/11/2021,SFO,CA,AWP,WE,Towers with Radar,664,135,26,0,825,0,5,3,2,10,664,140,29,2,835,0,0,0,835
07/12/2021,SFO,CA,AWP,WE,Towers with Radar,668,117,27,0,812,0,0,0,8,8,668,117,27,8,820,0,0,0,820
07/13/2021,SFO,CA,AWP,WE,Towers with Radar,640,109,8,2,759,0,2,0,8,10,640,111,8,10,769,0,0,0,769
07/14/2021,SFO,CA,AWP,WE,Towers with Radar,637,136,27,2,802,0,1,0,11,12,637,137,27,13,814,0,0,0,814
07/15/2021,SFO,CA,AWP,WE,Towers with Radar,687,135,17,1,840,0,2,2,11,15,687,137,19,12,855,0,0,0,855
07/16/2021,SFO,CA,AWP,WE,Towers with Radar,686,137,21,0,844,0,2,0,10,12,686,139,21,10,856,0,0,0,856
07/17/2021,SFO,CA,AWP,WE,Towers with Radar,628,130,17,0,775,0,0,1,2,3,628,130,18,2,778,0,0,0,778
07/18/2021,SFO,CA,AWP,WE,Towers with Radar,681,114,22,2,819,0,4,0,5,9,681,118,22,7,828,0,0,0,828
07/19/2021,SFO,CA,AWP,WE,Towers with Radar,675,108,21,1,805,0,5,4,11,20,675,113,25,12,825,0,0,0,825
07/20/2021,SFO,CA,AWP,WE,Towers with Radar,647,128,15,9,799,0,8,2,10,20,647,136,17,19,819,0,0,0,819
07/21/2021,SFO,CA,AWP,WE,Towers with Radar,632,132,11,2,777,0,7,0,11,18,632,139,11,13,795,0,0,0,795
07/22/2021,SFO,CA,AWP,WE,Towers with Radar,706,134,13,1,854,0,3,0,11,14,706,137,13,12,868,0,0,0,868
07/23/2021,SFO,CA,AWP,WE,Towers with Radar,685,115,30,1,831,0,12,3,4,19,685,127,33,5,850,0,0,0,850
07/24/2021,SFO,CA,AWP,WE,Towers with Radar,629,111,26,0,766,0,2,0,6,8,629,113,26,6,774,0,0,0,774
07/25/2021,SFO,CA,AWP,WE,Towers with Radar,679,125,26,1,831,0,3,1,3,7,679,128,27,4,838,0,0,0,838
07/26/2021,SFO,CA,AWP,WE,Towers with Radar,675,121,18,2,816,0,5,1,10,16,675,126,19,12,832,0,0,0,832
07/27/2021,SFO,CA,AWP,WE,Towers with Radar,659,107,15,0,781,0,1,0,11,12,659,108,15,11,793,0,0,0,793
07/28/2021,SFO,CA,AWP,WE,Towers with Radar,658,116,19,2,795,0,6,0,13,19,658,122,19,15,814,0,0,0,814
07/29/2021,SFO,CA,AWP,WE,Towers with Radar,698,156,21,2,877,0,6,1,11,18,698,162,22,13,895,0,0,0,895
07/30/2021,SFO,CA,AWP,WE,Towers with Radar,683,124,18,0,825,0,8,0,6,14,683,132,18,6,839,0,0,0,839
07/31/2021,SFO,CA,AWP,WE,Towers with Radar,626,120,12,0,758,0,4,0,2,6,626,124,12,2,764,0,0,0,764
08/01/2021,SFO,CA,AWP,WE,Towers with Radar,690,149,13,0,852,0,7,3,3,13,690,156,16,3,865,0,0,0,865
08/02/2021,SFO,CA,AWP,WE,Towers with Radar,681,121,19,0,821,0,7,0,10,17,681,128,19,10,838,0,0,0,838
08/03/2021,SFO,CA,AWP,WE,Towers with Radar,657,133,18,1,809,0,4,1,6,11,657,137,19,7,820,0,0,0,820
08/04/2021,SFO,CA,AWP,WE,Towers with Radar,658,126,23,0,807,0,2,0,4,6,658,128,23,4,813,0,0,0,813
08/05/2021,SFO,CA,AWP,WE,Towers with Radar,699,131,17,0,847,0,0,0,13,13,699,131,17,13,860,0,0,0,860
08/06/2021,SFO,CA,AWP,WE,Towers with Radar,704,137,28,1,870,0,1,0,5,6,704,138,28,6,876,0,0,0,876
08/07/2021,SFO,CA,AWP,WE,Towers with Radar,652,121,14,0,787,0,1,1,2,4,652,122,15,2,791,0,0,0,791
08/08/2021,SFO,CA,AWP,WE,Towers with Radar,679,134,24,0,837,0,7,6,6,19,679,141,30,6,856,0,0,0,856
08/09/2021,SFO,CA,AWP,WE,Towers with Radar,701,121,23,1,846,0,10,4,13,27,701,131,27,14,873,0,0,0,873
08/10/2021,SFO,CA,AWP,WE,Towers with Radar,656,118,17,1,792,0,4,2,11,17,656,122,19,12,809,0,0,0,809
08/11/2021,SFO,CA,AWP,WE,Towers with Radar,675,128,21,1,825,0,6,17,15,38,675,134,38,16,863,0,0,0,863
08/12/2021,SFO,CA,AWP,WE,Towers with Radar,716,132,21,0,869,0,5,0,11,16,716,137,21,11,885,0,0,0,885
08/13/2021,SFO,CA,AWP,WE,Towers with Radar,704,139,27,0,870,0,4,3,8,15,704,143,30,8,885,0,0,0,885
08/14/2021,SFO,CA,AWP,WE,Towers with Radar,651,115,12,0,778,0,5,2,10,17,651,120,14,10,795,0,0,0,795
08/15/2021,SFO,CA,AWP,WE,Towers with Radar,682,157,25,1,865,0,1,0,5,6,682,158,25,6,871,0,0,0,871
08/16/2021,SFO,CA,AWP,WE,Towers with Radar,699,153,20,2,874,0,2,0,11,13,699,155,20,13,887,0,0,0,887
08/17/2021,SFO,CA,AWP,WE,Towers with Radar,654,138,15,1,808,0,3,2,13,18,654,141,17,14,826,0,0,0,826
08/18/2021,SFO,CA,AWP,WE,Towers with Radar,643,142,19,0,804,0,4,0,11,15,643,146,19,11,819,0,0,0,819
08/19/2021,SFO,CA,AWP,WE,Towers with Radar,713,131,22,0,866,0,1,0,10,11,713,132,22,10,877,0,0,0,877
08/20/2021,SFO,CA,AWP,WE,Towers with Radar,699,139,18,0,856,0,4,0,4,8,699,143,18,4,864,0,0,0,864
08/21/2021,SFO,CA,AWP,WE,Towers with Radar,636,114,11,1,762,0,1,2,10,13,636,115,13,11,775,0,0,0,775
08/22/2021,SFO,CA,AWP,WE,Towers with Radar,683,134,13,4,834,0,6,0,6,12,683,140,13,10,846,0,0,0,846
08/23/2021,SFO,CA,AWP,WE,Towers with Radar,677,116,15,0,808,0,1,0,16,17,677,117,15,16,825,0,0,0,825
08/24/2021,SFO,CA,AWP,WE,Towers with Radar,641,135,19,0,795,0,8,3,7,18,641,143,22,7,813,0,0,0,813
08/25/2021,SFO,CA,AWP,WE,Towers with Radar,657,122,22,5,806,0,0,2,7,9,657,122,24,12,815,0,0,0,815
08/26/2021,SFO,CA,AWP,WE,Towers with Radar,712,131,23,0,866,0,2,0,7,9,712,133,23,7,875,0,0,0,875
08/27/2021,SFO,CA,AWP,WE,Towers with Radar,707,148,18,1,874,0,1,3,6,10,707,149,21,7,884,0,0,0,884
08/28/2021,SFO,CA,AWP,WE,Towers with Radar,636,120,19,1,776,0,9,0,9,18,636,129,19,10,794,0,0,0,794
08/29/2021,SFO,CA,AWP,WE,Towers with Radar,683,132,16,2,833,0,5,1,3,9,683,137,17,5,842,0,0,0,842
08/30/2021,SFO,CA,AWP,WE,Towers with Radar,683,119,15,0,817,0,1,0,10,11,683,120,15,10,828,0,0,0,828
08/31/2021,SFO,CA,AWP,WE,Towers with Radar,658,113,7,0,778,0,3,1,10,14,658,116,8,10,792,0,0,0,792
09/01/2021,SFO,CA,AWP,WE,Towers with Radar,656,111,18,0,785,0,9,0,14,23,656,120,18,14,808,0,0,0,808
09/02/2021,SFO,CA,AWP,WE,Towers with Radar,715,133,16,0,864,0,4,0,7,11,715,137,16,7,875,0,0,0,875
09/03/2021,SFO,CA,AWP,WE,Towers with Radar,711,144,16,0,871,0,1,2,4,7,711,145,18,4,878,0,0,0,878
09/04/2021,SFO,CA,AWP,WE,Towers with Radar,627,111,20,0,758,0,1,0,3,4,627,112,20,3,762,0,0,0,762
09/05/2021,SFO,CA,AWP,WE,Towers with Radar,662,103,27,1,793,0,2,0,5,7,662,105,27,6,800,0,0,0,800
09/06/2021,SFO,CA,AWP,WE,Towers with Radar,679,132,31,0,842,0,2,3,6,11,679,134,34,6,853,0,0,0,853
09/07/2021,SFO,CA,AWP,WE,Towers with Radar,649,127,22,0,798,0,3,3,7,13,649,130,25,7,811,0,0,0,811
09/08/2021,SFO,CA,AWP,WE,Towers with Radar,670,132,21,0,823,0,11,1,11,23,670,143,22,11,846,0,0,0,846
09/09/2021,SFO,CA,AWP,WE,Towers with Radar,732,143,34,0,909,0,0,0,11,11,732,143,34,11,920,0,0,0,920
09/10/2021,SFO,CA,AWP,WE,Towers with Radar,757,150,23,0,930,0,5,5,6,16,757,155,28,6,946,0,0,0,946
09/11/2021,SFO,CA,AWP,WE,Towers with Radar,660,108,13,0,781,0,3,3,4,10,660,111,16,4,791,0,0,0,791
09/12/2021,SFO,CA,AWP,WE,Towers with Radar,732,147,26,0,905,0,7,1,5,13,732,154,27,5,918,0,0,0,918
09/13/2021,SFO,CA,AWP,WE,Towers with Radar,720,126,21,1,868,0,5,0,9,14,720,131,21,10,882,0,0,0,882
09/14/2021,SFO,CA,AWP,WE,Towers with Radar,675,135,29,1,840,0,4,2,13,19,675,139,31,14,859,0,0,0,859
09/15/2021,SFO,CA,AWP,WE,Towers with Radar,679,135,15,1,830,0,3,0,11,14,679,138,15,12,844,0,0,0,844
09/16/2021,SFO,CA,AWP,WE,Towers with Radar,742,133,29,0,904,0,5,3,8,16,742,138,32,8,920,0,0,0,920
09/17/2021,SFO,CA,AWP,WE,Towers with Radar,750,121,31,0,902,0,3,1,3,7,750,124,32,3,909,0,0,0,909
09/18/2021,SFO,CA,AWP,WE,Towers with Radar,663,116,21,1,801,0,3,1,0,4,663,119,22,1,805,0,0,0,805
09/19/2021,SFO,CA,AWP,WE,Towers with Radar,754,151,19,2,926,0,9,6,2,17,754,160,25,4,943,0,0,0,943
09/20/2021,SFO,CA,AWP,WE,Towers with Radar,726,116,22,2,866,0,7,2,11,20,726,123,24,13,886,0,0,0,886
09/21/2021,SFO,CA,AWP,WE,Towers with Radar,666,115,20,1,802,0,6,1,6,13,666,121,21,7,815,0,0,0,815
09/22/2021,SFO,CA,AWP,WE,Towers with Radar,678,127,16,0,821,0,4,0,13,17,678,131,16,13,838,0,0,0,838
09/23/2021,SFO,CA,AWP,WE,Towers with Radar,738,153,21,0,912,0,0,6,15,21,738,153,27,15,933,0,0,0,933
09/24/2021,SFO,CA,AWP,WE,Towers with Radar,756,133,19,1,909,0,7,1,8,16,756,140,20,9,925,0,0,0,925
09/25/2021,SFO,CA,AWP,WE,Towers with Radar,670,124,15,1,810,0,0,0,2,2,670,124,15,3,812,0,0,0,812
09/26/2021,SFO,CA,AWP,WE,Towers with Radar,739,147,45,1,932,0,1,3,4,8,739,148,48,5,940,0,0,0,940
09/27/2021,SFO,CA,AWP,WE,Towers with Radar,721,140,21,1,883,0,3,0,5,8,721,143,21,6,891,0,0,0,891
09/28/2021,SFO,CA,AWP,WE,Towers with Radar,652,137,22,0,811,0,3,0,9,12,652,140,22,9,823,0,0,0,823
09/29/2021,SFO,CA,AWP,WE,Towers with Radar,676,125,20,1,822,0,0,4,7,11,676,125,24,8,833,0,0,0,833
09/30/2021,SFO,CA,AWP,WE,Towers with Radar,749,153,21,0,923,0,5,0,12,17,749,158,21,12,940,0,0,0,940
10/01/2021,SFO,CA,AWP,WE,Towers with Radar,756,127,17,0,900,0,4,2,6,12,756,131,19,6,912,0,0,0,912
10/02/2021,SFO,CA,AWP,WE,Towers with Radar,667,128,10,0,805,0,6,2,5,13,667,134,12,5,818,0,0,0,818
10/03/2021,SFO,CA,AWP,WE,Towers with Radar,756,142,23,0,921,0,0,0,4,4,756,142,23,4,925,0,0,0,925
10/04/2021,SFO,CA,AWP,WE,Towers with Radar,734,130,21,0,885,0,0,4,13,17,734,130,25,13,902,0,0,0,902
10/05/2021,SFO,CA,AWP,WE,Towers with Radar,677,119,18,0,814,0,2,0,4,6,677,121,18,4,820,0,0,0,820
10/06/2021,SFO,CA,AWP,WE,Towers with Radar,687,115,28,0,830,0,5,2,9,16,687,120,30,9,846,0,0,0,846
10/07/2021,SFO,CA,AWP,WE,Towers with Radar,757,141,31,0,929,0,3,0,8,11,757,144,31,8,940,0,0,0,940
10/08/2021,SFO,CA,AWP,WE,Towers with Radar,752,151,29,2,934,0,6,0,12,18,752,157,29,14,952,0,0,0,952
10/09/2021,SFO,CA,AWP,WE,Towers with Radar,702,127,28,0,857,0,6,4,7,17,702,133,32,7,874,0,0,0,874
10/10/2021,SFO,CA,AWP,WE,Towers with Radar,731,140,25,4,900,0,12,0,7,19,731,152,25,11,919,0,0,0,919
10/11/2021,SFO,CA,AWP,WE,Towers with Radar,724,135,32,1,892,0,4,2,2,8,724,139,34,3,900,0,0,0,900
10/12/2021,SFO,CA,AWP,WE,Towers with Radar,705,135,17,0,857,0,2,2,7,11,705,137,19,7,868,0,0,0,868
10/13/2021,SFO,CA,AWP,WE,Towers with Radar,717,116,22,2,857,0,4,2,10,16,717,120,24,12,873,0,0,0,873
10/14/2021,SFO,CA,AWP,WE,Towers with Radar,762,135,35,1,933,0,5,5,10,20,762,140,40,11,953,0,0,0,953
10/15/2021,SFO,CA,AWP,WE,Towers with Radar,758,156,34,0,948,0,6,2,6,14,758,162,36,6,962,0,0,0,962
10/16/2021,SFO,CA,AWP,WE,Towers with Radar,706,111,23,0,840,0,2,6,4,12,706,113,29,4,852,0,0,0,852
10/17/2021,SFO,CA,AWP,WE,Towers with Radar,767,138,20,0,925,0,5,0,3,8,767,143,20,3,933,0,0,0,933
10/18/2021,SFO,CA,AWP,WE,Towers with Radar,747,136,20,0,903,0,2,2,9,13,747,138,22,9,916,0,0,0,916
10/19/2021,SFO,CA,AWP,WE,Towers with Radar,696,125,34,0,855,0,0,0,6,6,696,125,34,6,861,0,0,0,861
10/20/2021,SFO,CA,AWP,WE,Towers with Radar,719,138,30,2,889,0,0,0,10,10,719,138,30,12,899,0,0,0,899
10/21/2021,SFO,CA,AWP,WE,Towers with Radar,689,102,42,2,835,0,0,0,5,5,689,102,42,7,840,0,0,0,840
10/22/2021,SFO,CA,AWP,WE,Towers with Radar,707,116,26,0,849,0,0,2,8,10,707,116,28,8,859,0,0,0,859
10/23/2021,SFO,CA,AWP,WE,Towers with Radar,696,109,24,2,831,0,4,0,2,6,696,113,24,4,837,0,0,0,837
10/24/2021,SFO,CA,AWP,WE,Towers with Radar,704,77,19,0,800,0,0,0,4,4,704,77,19,4,804,0,0,0,804
10/25/2021,SFO,CA,AWP,WE,Towers with Radar,747,144,23,0,914,0,5,2,10,17,747,149,25,10,931,0,0,0,931
10/26/2021,SFO,CA,AWP,WE,Towers with Radar,699,112,26,0,837,0,1,0,10,11,699,113,26,10,848,0,0,0,848
10/27/2021,SFO,CA,AWP,WE,Towers with Radar,719,130,22,0,871,0,6,10,9,25,719,136,32,9,896,0,0,0,896
10/28/2021,SFO,CA,AWP,WE,Towers with Radar,762,136,27,1,926,0,3,0,8,11,762,139,27,9,937,0,0,0,937
10/29/2021,SFO,CA,AWP,WE,Towers with Radar,756,126,20,0,902,0,4,14,2,20,756,130,34,2,922,0,0,0,922
10/30/2021,SFO,CA,AWP,WE,Towers with Radar,678,114,16,1,809,0,5,0,2,7,678,119,16,3,816,0,0,0,816
10/31/2021,SFO,CA,AWP,WE,Towers with Radar,674,128,18,1,821,0,2,0,5,7,674,130,18,6,828,0,0,0,828
11/01/2021,SFO,CA,AWP,WE,Towers with Radar,726,135,24,2,887,0,2,2,5,9,726,137,26,7,896,0,0,0,896
11/02/2021,SFO,CA,AWP,WE,Towers with Radar,696,134,15,0,845,0,4,1,15,20,696,138,16,15,865,0,0,0,865
11/03/2021,SFO,CA,AWP,WE,Towers with Radar,742,137,21,1,901,0,7,5,6,18,742,144,26,7,919,0,0,0,919
11/04/2021,SFO,CA,AWP,WE,Towers with Radar,758,150,24,0,932,0,2,0,6,8,758,152,24,6,940,0,0,0,940
11/05/2021,SFO,CA,AWP,WE,Towers with Radar,746,144,28,0,918,0,0,2,5,7,746,144,30,5,925,0,0,0,925
11/06/2021,SFO,CA,AWP,WE,Towers with Radar,689,138,7,1,835,0,7,7,5,19,689,145,14,6,854,0,0,0,854
11/07/2021,SFO,CA,AWP,WE,Towers with Radar,723,153,29,1,906,0,6,2,4,12,723,159,31,5,918,0,0,0,918
11/08/2021,SFO,CA,AWP,WE,Towers with Radar,729,126,17,0,872,0,2,1,5,8,729,128,18,5,880,0,0,0,880
11/09/2021,SFO,CA,AWP,WE,Towers with Radar,678,127,21,0,826,0,0,0,10,10,678,127,21,10,836,0,0,0,836
11/10/2021,SFO,CA,AWP,WE,Towers with Radar,679,129,18,0,826,0,2,6,12,20,679,131,24,12,846,0,0,0,846
11/11/2021,SFO,CA,AWP,WE,Towers with Radar,734,137,19,2,892,0,2,0,5,7,734,139,19,7,899,0,0,0,899
11/12/2021,SFO,CA,AWP,WE,Towers with Radar,747,166,18,1,932,0,4,3,2,9,747,170,21,3,941,0,0,0,941
11/13/2021,SFO,CA,AWP,WE,Towers with Radar,673,117,24,2,816,0,4,1,3,8,673,121,25,5,824,0,0,0,824
11/14/2021,SFO,CA,AWP,WE,Towers with Radar,725,156,16,1,898,0,3,3,8,14,725,159,19,9,912,0,0,0,912
11/15/2021,SFO,CA,AWP,WE,Towers with Radar,742,156,23,0,921,0,0,4,8,12,742,156,27,8,933,0,0,0,933
11/16/2021,SFO,CA,AWP,WE,Towers with Radar,680,137,26,0,843,0,4,16,10,30,680,141,42,10,873,0,0,0,873
11/17/2021,SFO,CA,AWP,WE,Towers with Radar,704,163,35,0,902,0,1,1,10,12,704,164,36,10,914,0,0,0,914
11/18/2021,SFO,CA,AWP,WE,Towers with Radar,733,143,35,0,911,0,3,1,11,15,733,146,36,11,926,0,0,0,926
11/19/2021,SFO,CA,AWP,WE,Towers with Radar,732,166,21,3,922,0,0,4,4,8,732,166,25,7,930,0,0,0,930
11/20/2021,SFO,CA,AWP,WE,Towers with Radar,713,149,27,3,892,0,2,5,5,12,713,151,32,8,904,0,0,0,904
11/21/2021,SFO,CA,AWP,WE,Towers with Radar,711,145,20,0,876,0,6,3,2,11,711,151,23,2,887,0,0,0,887
11/22/2021,SFO,CA,AWP,WE,Towers with Radar,724,132,10,0,866,0,8,0,7,15,724,140,10,7,881,0,0,0,881
11/23/2021,SFO,CA,AWP,WE,Towers with Radar,726,133,22,0,881,0,1,5,14,20,726,134,27,14,901,0,0,0,901
11/24/2021,SFO,CA,AWP,WE,Towers with Radar,762,140,23,0,925,0,5,0,5,10,762,145,23,5,935,0,0,0,935
11/25/2021,SFO,CA,AWP,WE,Towers with Radar,545,93,9,0,647,0,0,0,0,0,545,93,9,0,647,0,0,0,647
11/26/2021,SFO,CA,AWP,WE,Towers with Radar,650,122,24,0,796,0,4,3,5,12,650,126,27,5,808,0,0,0,808
11/27/2021,SFO,CA,AWP,WE,Towers with Radar,738,160,22,1,921,0,1,1,2,4,738,161,23,3,925,0,0,0,925
11/28/2021,SFO,CA,AWP,WE,Towers with Radar,763,170,41,3,977,0,2,2,4,8,763,172,43,7,985,0,0,0,985
11/29/2021,SFO,CA,AWP,WE,Towers with Radar,736,126,31,1,894,0,1,2,10,13,736,127,33,11,907,0,0,0,907
11/30/2021,SFO,CA,AWP,WE,Towers with Radar,697,139,30,0,866,0,4,18,8,30,697,143,48,8,896,0,0,0,896
12/01/2021,SFO,CA,AWP,WE,Towers with Radar,714,133,16,0,863,0,0,0,12,12,714,133,16,12,875,0,0,0,875
12/02/2021,SFO,CA,AWP,WE,Towers with Radar,734,131,25,0,890,0,1,11,10,22,734,132,36,10,912,0,0,0,912
12/03/2021,SFO,CA,AWP,WE,Towers with Radar,739,146,30,2,917,0,0,0,5,5,739,146,30,7,922,0,0,0,922
12/04/2021,SFO,CA,AWP,WE,Towers with Radar,662,106,18,0,786,0,0,0,3,3,662,106,18,3,789,0,0,0,789
12/05/2021,SFO,CA,AWP,WE,Towers with Radar,715,162,14,0,891,0,10,0,2,12,715,172,14,2,903,0,0,0,903
12/06/2021,SFO,CA,AWP,WE,Towers with Radar,705,128,19,2,854,0,1,0,1,2,705,129,19,3,856,0,0,0,856
12/07/2021,SFO,CA,AWP,WE,Towers with Radar,667,134,29,1,831,0,0,0,8,8,667,134,29,9,839,0,0,0,839
12/08/2021,SFO,CA,AWP,WE,Towers with Radar,677,132,28,1,838,0,0,0,5,5,677,132,28,6,843,0,0,0,843
12/09/2021,SFO,CA,AWP,WE,Towers with Radar,718,139,24,0,881,0,0,2,14,16,718,139,26,14,897,0,0,0,897
12/10/2021,SFO,CA,AWP,WE,Towers with Radar,734,136,27,2,899,0,3,0,4,7,734,139,27,6,906,0,0,0,906
12/11/2021,SFO,CA,AWP,WE,Towers with Radar,662,126,15,0,803,0,2,4,2,8,662,128,19,2,811,0,0,0,811
12/12/2021,SFO,CA,AWP,WE,Towers with Radar,701,115,12,1,829,0,0,0,4,4,701,115,12,5,833,0,0,0,833
12/13/2021,SFO,CA,AWP,WE,Towers with Radar,717,105,17,1,840,0,0,0,3,3,717,105,17,4,843,0,0,0,843
12/14/2021,SFO,CA,AWP,WE,Towers with Radar,650,132,25,0,807,0,4,2,13,19,650,136,27,13,826,0,0,0,826
12/15/2021,SFO,CA,AWP,WE,Towers with Radar,658,114,27,0,799,0,2,0,8,10,658,116,27,8,809,0,0,0,809
12/16/2021,SFO,CA,AWP,WE,Towers with Radar,783,159,26,2,970,0,0,1,13,14,783,159,27,15,984,0,0,0,984
12/17/2021,SFO,CA,AWP,WE,Towers with Radar,787,157,36,1,981,0,1,2,2,5,787,158,38,3,986,0,0,0,986
12/18/2021,SFO,CA,AWP,WE,Towers with Radar,741,141,33,0,915,0,1,2,8,11,741,142,35,8,926,0,0,0,926
12/19/2021,SFO,CA,AWP,WE,Towers with Radar,762,132,17,0,911,0,2,0,2,4,762,134,17,2,915,0,0,0,915
12/20/2021,SFO,CA,AWP,WE,Towers with Radar,757,129,21,0,907,0,0,0,6,6,757,129,21,6,913,0,0,0,913
12/21/2021,SFO,CA,AWP,WE,Towers with Radar,757,120,24,0,901,0,0,0,2,2,757,120,24,2,903,0,0,0,903
12/22/2021,SFO,CA,AWP,WE,Towers with Radar,746,125,26,0,897,0,0,0,0,0,746,125,26,0,897,0,0,0,897
12/23/2021,SFO,CA,AWP,WE,Towers with Radar,771,112,22,0,905,0,0,0,0,0,771,112,22,0,905,0,0,0,905
12/24/2021,SFO,CA,AWP,WE,Towers with Radar,688,88,13,0,789,0,1,0,5,6,688,89,13,5,795,0,0,0,795
12/25/2021,SFO,CA,AWP,WE,Towers with Radar,631,116,7,1,755,0,0,0,0,0,631,116,7,1,755,0,0,0,755
12/26/2021,SFO,CA,AWP,WE,Towers with Radar,684,118,35,1,838,0,0,0,4,4,684,118,35,5,842,0,0,0,842
12/27/2021,SFO,CA,AWP,WE,Towers with Radar,681,114,18,1,814,0,4,0,2,6,681,118,18,3,820,0,0,0,820
12/28/2021,SFO,CA,AWP,WE,Towers with Radar,701,115,9,1,826,0,1,0,4,5,701,116,9,5,831,0,0,0,831
12/29/2021,SFO,CA,AWP,WE,Towers with Radar,712,104,13,0,829,0,0,0,4,4,712,104,13,4,833,0,0,0,833
12/30/2021,SFO,CA,AWP,WE,Towers with Radar,742,109,7,0,858,0,1,0,10,11,742,110,7,10,869,0,0,0,869
12/31/2021,SFO,CA,AWP,WE,Towers with Radar,677,70,15,0,762,0,2,0,7,9,677,72,15,7,771,0,0,0,771
01/01/2022,SFO,CA,AWP,WE,Towers with Radar,633,126,21,0,780,0,4,1,5,10,633,130,22,5,790,0,0,0,790
01/02/2022,SFO,CA,AWP,WE,Towers with Radar,713,124,36,1,874,0,2,1,4,7,713,126,37,5,881,0,0,0,881
01/03/2022,SFO,CA,AWP,WE,Towers with Radar,728,112,28,1,869,0,0,2,4,6,728,112,30,5,875,0,0,0,875
01/04/2022,SFO,CA,AWP,WE,Towers with Radar,717,119,17,0,853,0,0,0,0,0,717,119,17,0,853,0,0,0,853
01/05/2022,SFO,CA,AWP,WE,Towers with Radar,653,121,23,0,797,0,0,0,12,12,653,121,23,12,809,0,0,0,809
01/06/2022,SFO,CA,AWP,WE,Towers with Radar,680,100,26,0,806,0,0,0,10,10,680,100,26,10,816,0,0,0,816
01/07/2022,SFO,CA,AWP,WE,Towers with Radar,663,122,10,0,795,0,0,0,2,2,663,122,10,2,797,0,0,0,797
01/08/2022,SFO,CA,AWP,WE,Towers with Radar,679,118,13,0,810,0,1,2,3,6,679,119,15,3,816,0,0,0,816
01/09/2022,SFO,CA,AWP,WE,Towers with Radar,699,136,27,0,862,0,0,2,4,6,699,136,29,4,868,0,0,0,868
01/10/2022,SFO,CA,AWP,WE,Towers with Radar,710,106,33,0,849,0,4,4,11,19,710,110,37,11,868,0,0,0,868
01/11/2022,SFO,CA,AWP,WE,Towers with Radar,671,114,24,0,809,0,2,0,10,12,671,116,24,10,821,0,0,0,821
01/12/2022,SFO,CA,AWP,WE,Towers with Radar,681,126,31,1,839,0,1,13,11,25,681,127,44,12,864,0,0,0,864
01/13/2022,SFO,CA,AWP,WE,Towers with Radar,706,133,28,4,871,0,0,4,9,13,706,133,32,13,884,0,0,0,884
01/14/2022,SFO,CA,AWP,WE,Towers with Radar,705,131,30,2,868,0,1,0,7,8,705,132,30,9,876,0,0,0,876
01/15/2022,SFO,CA,AWP,WE,Towers with Radar,658,121,7,0,786,0,4,2,4,10,658,125,9,4,796,0,0,0,796
01/16/2022,SFO,CA,AWP,WE,Towers with Radar,660,114,13,2,789,0,3,0,5,8,660,117,13,7,797,0,0,0,797
01/17/2022,SFO,CA,AWP,WE,Towers with Radar,683,148,29,1,861,0,1,0,3,4,683,149,29,4,865,0,0,0,865
01/18/2022,SFO,CA,AWP,WE,Towers with Radar,636,124,22,0,782,0,2,2,4,8,636,126,24,4,790,0,0,0,790
01/19/2022,SFO,CA,AWP,WE,Towers with Radar,642,110,14,0,766,0,0,2,8,10,642,110,16,8,776,0,0,0,776
01/20/2022,SFO,CA,AWP,WE,Towers with Radar,730,93,10,1,834,0,2,2,8,12,730,95,12,9,846,0,0,0,846
01/21/2022,SFO,CA,AWP,WE,Towers with Radar,726,111,9,1,847,0,4,0,6,10,726,115,9,7,857,0,0,0,857
01/22/2022,SFO,CA,AWP,WE,Towers with Radar,659,111,7,1,778,0,2,0,6,8,659,113,7,7,786,0,0,0,786
01/23/2022,SFO,CA,AWP,WE,Towers with Radar,692,128,21,0,841,0,1,0,1,2,692,129,21,1,843,0,0,0,843
01/24/2022,SFO,CA,AWP,WE,Towers with Radar,709,119,17,0,845,0,2,1,9,12,709,121,18,9,857,0,0,0,857
01/25/2022,SFO,CA,AWP,WE,Towers with Radar,614,121,14,0,749,0,2,0,8,10,614,123,14,8,759,0,0,0,759
01/26/2022,SFO,CA,AWP,WE,Towers with Radar,651,127,15,0,793,0,0,0,20,20,651,127,15,20,813,0,0,0,813
01/27/2022,SFO,CA,AWP,WE,Towers with Radar,715,131,19,1,866,0,3,0,11,14,715,134,19,12,880,0,0,0,880
01/28/2022,SFO,CA,AWP,WE,Towers with Radar,695,128,21,0,844,0,2,0,8,10,695,130,21,8,854,0,0,0,854
01/29/2022,SFO,CA,AWP,WE,Towers with Radar,594,104,10,1,709,0,4,0,2,6,594,108,10,3,715,0,0,0,715
01/30/2022,SFO,CA,AWP,WE,Towers with Radar,668,160,26,1,855,0,2,1,2,5,668,162,27,3,860,0,0,0,860
01/31/2022,SFO,CA,AWP,WE,Towers with Radar,694,123,23,0,840,0,0,0,9,9,694,123,23,9,849,0,0,0,849
02/01/2022,SFO,CA,AWP,WE,Towers with Radar,651,131,16,0,798,0,1,2,9,12,651,132,18,9,810,0,0,0,810
02/02/2022,SFO,CA,AWP,WE,Towers with Radar,650,127,16,0,793,0,4,2,10,16,650,131,18,10,809,0,0,0,809
02/03/2022,SFO,CA,AWP,WE,Towers with Radar,664,118,22,0,804,0,1,0,10,11,664,119,22,10,815,0,0,0,815
02/04/2022,SFO,CA,AWP,WE,Towers with Radar,683,104,22,0,809,0,5,0,4,9,683,109,22,4,818,0,0,0,818
02/05/2022,SFO,CA,AWP,WE,Towers with Radar,641,127,19,1,788,0,7,7,4,18,641,134,26,5,806,0,0,0,806
02/06/2022,SFO,CA,AWP,WE,Towers with Radar,682,138,17,0,837,0,4,7,2,13,682,142,24,2,850,0,0,0,850
02/07/2022,SFO,CA,AWP,WE,Towers with Radar,699,112,19,0,830,0,3,1,9,13,699,115,20,9,843,0,0,0,843
02/08/2022,SFO,CA,AWP,WE,Towers with Radar,653,97,22,0,772,0,3,0,14,17,653,100,22,14,789,0,0,0,789
02/09/2022,SFO,CA,AWP,WE,Towers with Radar,670,117,22,0,809,0,3,0,15,18,670,120,22,15,827,0,0,0,827
02/10/2022,SFO,CA,AWP,WE,Towers with Radar,717,124,25,0,866,0,1,0,15,16,717,125,25,15,882,0,0,0,882
02/11/2022,SFO,CA,AWP,WE,Towers with Radar,768,116,35,0,919,0,5,5,5,15,768,121,40,5,934,0,0,0,934
02/12/2022,SFO,CA,AWP,WE,Towers with Radar,720,113,15,0,848,0,5,1,9,15,720,118,16,9,863,0,0,0,863
02/13/2022,SFO,CA,AWP,WE,Towers with Radar,729,126,22,0,877,0,5,3,2,10,729,131,25,2,887,0,0,0,887
02/14/2022,SFO,CA,AWP,WE,Towers with Radar,751,128,20,2,901,0,2,0,8,10,751,130,20,10,911,0,0,0,911
02/15/2022,SFO,CA,AWP,WE,Towers with Radar,688,127,23,0,838,0,0,1,7,8,688,127,24,7,846,0,0,0,846
02/16/2022,SFO,CA,AWP,WE,Towers with Radar,721,134,19,0,874,0,1,0,8,9,721,135,19,8,883,0,0,0,883
02/17/2022,SFO,CA,AWP,WE,Towers with Radar,747,140,24,0,911,0,7,4,9,20,747,147,28,9,931,0,0,0,931
02/18/2022,SFO,CA,AWP,WE,Towers with Radar,786,156,36,0,978,0,4,2,2,8,786,160,38,2,986,0,0,0,986
02/19/2022,SFO,CA,AWP,WE,Towers with Radar,731,141,14,0,886,0,3,1,3,7,731,144,15,3,893,0,0,0,893
02/20/2022,SFO,CA,AWP,WE,Towers with Radar,732,116,14,0,862,0,0,0,12,12,732,116,14,12,874,0,0,0,874
02/21/2022,SFO,CA,AWP,WE,Towers with Radar,749,117,24,0,890,0,0,0,2,2,749,117,24,2,892,0,0,0,892
02/22/2022,SFO,CA,AWP,WE,Towers with Radar,717,128,17,0,862,0,0,0,12,12,717,128,17,12,874,0,0,0,874
02/23/2022,SFO,CA,AWP,WE,Towers with Radar,730,128,19,1,878,0,2,1,13,16,730,130,20,14,894,0,0,0,894
02/24/2022,SFO,CA,AWP,WE,Towers with Radar,724,121,14,1,860,0,7,0,12,19,724,128,14,13,879,0,0,0,879
02/25/2022,SFO,CA,AWP,WE,Towers with Radar,767,127,16,2,912,0,7,2,6,15,767,134,18,8,927,0,0,0,927
02/26/2022,SFO,CA,AWP,WE,Towers with Radar,734,140,15,1,890,0,2,0,2,4,734,142,15,3,894,0,0,0,894
02/27/2022,SFO,CA,AWP,WE,Towers with Radar,764,156,25,1,946,0,5,2,5,12,764,161,27,6,958,0,0,0,958
02/28/2022,SFO,CA,AWP,WE,Towers with Radar,767,119,20,0,906,0,2,17,4,23,767,121,37,4,929,0,0,0,929
03/01/2022,SFO,CA,AWP,WE,Towers with Radar,711,119,30,3,863,0,3,14,14,31,711,122,44,17,894,0,0,0,894
03/02/2022,SFO,CA,AWP,WE,Towers with Radar,777,127,26,2,932,0,2,11,6,19,777,129,37,8,951,0,0,0,951
03/03/2022,SFO,CA,AWP,WE,Towers with Radar,757,124,35,1,917,0,0,0,8,8,757,124,35,9,925,0,0,0,925
03/04/2022,SFO,CA,AWP,WE,Towers with Radar,747,129,33,2,911,0,0,0,9,9,747,129,33,11,920,0,0,0,920
03/05/2022,SFO,CA,AWP,WE,Towers with Radar,696,109,23,1,829,0,2,0,11,13,696,111,23,12,842,0,0,0,842
03/06/2022,SFO,CA,AWP,WE,Towers with Radar,733,160,34,1,928,0,0,0,9,9,733,160,34,10,937,0,0,0,937
03/07/2022,SFO,CA,AWP,WE,Towers with Radar,733,147,27,1,908,0,3,0,15,18,733,150,27,16,926,0,0,0,926
03/08/2022,SFO,CA,AWP,WE,Towers with Radar,703,138,41,0,882,0,2,0,18,20,703,140,41,18,902,0,0,0,902
03/09/2022,SFO,CA,AWP,WE,Towers with Radar,708,152,34,0,894,0,5,1,16,22,708,157,35,16,916,0,0,0,916
03/10/2022,SFO,CA,AWP,WE,Towers with Radar,753,145,41,0,939,0,7,5,11,23,753,152,46,11,962,0,0,0,962
03/11/2022,SFO,CA,AWP,WE,Towers with Radar,751,133,31,0,915,0,3,1,3,7,751,136,32,3,922,0,0,0,922
03/12/2022,SFO,CA,AWP,WE,Towers with Radar,699,134,17,0,850,0,0,0,2,2,699,134,17,2,852,0,0,0,852
03/13/2022,SFO,CA,AWP,WE,Towers with Radar,735,142,38,0,915,0,5,0,3,8,735,147,38,3,923,0,0,0,923
03/14/2022,SFO,CA,AWP,WE,Towers with Radar,746,123,24,0,893,0,1,0,12,13,746,124,24,12,906,0,0,0,906
03/15/2022,SFO,CA,AWP,WE,Towers with Radar,727,143,28,1,899,0,2,0,7,9,727,145,28,8,908,0,0,0,908
03/16/2022,SFO,CA,AWP,WE,Towers with Radar,727,144,31,1,903,0,1,1,6,8,727,145,32,7,911,0,0,0,911
03/17/2022,SFO,CA,AWP,WE,Towers with Radar,768,141,23,0,932,0,7,2,8,17,768,148,25,8,949,0,0,0,949
03/18/2022,SFO,CA,AWP,WE,Towers with Radar,761,145,19,2,927,0,7,2,7,16,761,152,21,9,943,0,0,0,943
03/19/2022,SFO,CA,AWP,WE,Towers with Radar,719,121,21,0,861,0,1,1,3,5,719,122,22,3,866,0,0,0,866
03/20/2022,SFO,CA,AWP,WE,Towers with Radar,775,137,35,2,949,0,1,0,4,5,775,138,35,6,954,0,0,0,954
03/21/2022,SFO,CA,AWP,WE,Towers with Radar,746,137,25,0,908,0,1,9,11,21,746,138,34,11,929,0,0,0,929
03/22/2022,SFO,CA,AWP,WE,Towers with Radar,739,131,20,0,890,0,3,9,9,21,739,134,29,9,911,0,0,0,911
03/23/2022,SFO,CA,AWP,WE,Towers with Radar,739,139,23,1,902,0,2,4,10,16,739,141,27,11,918,0,0,0,918
03/24/2022,SFO,CA,AWP,WE,Towers with Radar,770,180,38,1,989,0,4,3,7,14,770,184,41,8,1003,0,0,0,1003
03/25/2022,SFO,CA,AWP,WE,Towers with Radar,779,145,27,3,954,0,4,2,2,8,779,149,29,5,962,0,0,0,962
03/26/2022,SFO,CA,AWP,WE,Towers with Radar,746,128,29,1,904,0,1,1,2,4,746,129,30,3,908,0,0,0,908
03/27/2022,SFO,CA,AWP,WE,Towers with Radar,740,136,27,1,904,0,0,0,4,4,740,136,27,5,908,0,0,0,908
03/28/2022,SFO,CA,AWP,WE,Towers with Radar,796,143,28,0,967,0,0,0,8,8,796,143,28,8,975,0,0,0,975
03/29/2022,SFO,CA,AWP,WE,Towers with Radar,757,129,29,0,915,0,3,0,8,11,757,132,29,8,926,0,0,0,926
03/30/2022,SFO,CA,AWP,WE,Towers with Radar,740,142,36,1,919,0,2,0,14,16,740,144,36,15,935,0,0,0,935
03/31/2022,SFO,CA,AWP,WE,Towers with Radar,768,148,22,0,938,0,2,0,8,10,768,150,22,8,948,0,0,0,948
04/01/2022,SFO,CA,AWP,WE,Towers with Radar,791,132,21,0,944,0,4,4,6,14,791,136,25,6,958,0,0,0,958
04/02/2022,SFO,CA,AWP,WE,Towers with Radar,708,129,16,0,853,0,3,5,6,14,708,132,21,6,867,0,0,0,867
04/03/2022,SFO,CA,AWP,WE,Towers with Radar,789,151,27,0,967,0,4,0,5,9,789,155,27,5,976,0,0,0,976
04/04/2022,SFO,CA,AWP,WE,Towers with Radar,777,149,31,0,957,0,2,0,4,6,777,151,31,4,963,0,0,0,963
04/05/2022,SFO,CA,AWP,WE,Towers with Radar,756,131,30,0,917,0,0,1,14,15,756,131,31,14,932,0,0,0,932
04/06/2022,SFO,CA,AWP,WE,Towers with Radar,758,146,33,0,937,0,5,1,10,16,758,151,34,10,953,0,0,0,953
04/07/2022,SFO,CA,AWP,WE,Towers with Radar,775,157,30,0,962,0,6,4,2,12,775,163,34,2,974,0,0,0,974
04/08/2022,SFO,CA,AWP,WE,Towers with Radar,835,189,35,0,1059,0,4,1,10,15,835,193,36,10,1074,0,0,0,1074
04/09/2022,SFO,CA,AWP,WE,Towers with Radar,743,161,20,4,928,0,5,3,7,15,743,166,23,11,943,0,0,0,943
04/10/2022,SFO,CA,AWP,WE,Towers with Radar,794,174,30,1,999,0,0,2,6,8,794,174,32,7,1007,0,0,0,1007
04/11/2022,SFO,CA,AWP,WE,Towers with Radar,765,151,28,1,945,0,0,0,2,2,765,151,28,3,947,0,0,0,947
04/12/2022,SFO,CA,AWP,WE,Towers with Radar,779,131,38,0,948,0,0,0,12,12,779,131,38,12,960,0,0,0,960
04/13/2022,SFO,CA,AWP,WE,Towers with Radar,765,142,34,2,943,0,3,3,14,20,765,145,37,16,963,0,0,0,963
04/14/2022,SFO,CA,AWP,WE,Towers with Radar,789,149,27,2,967,0,0,0,10,10,789,149,27,12,977,0,0,0,977
04/15/2022,SFO,CA,AWP,WE,Towers with Radar,812,145,27,2,986,0,2,1,3,6,812,147,28,5,992,0,0,0,992
04/16/2022,SFO,CA,AWP,WE,Towers with Radar,757,147,20,1,925,0,3,0,6,9,757,150,20,7,934,0,0,0,934
04/17/2022,SFO,CA,AWP,WE,Towers with Radar,790,159,26,1,976,0,3,0,12,15,790,162,26,13,991,0,0,0,991
04/18/2022,SFO,CA,AWP,WE,Towers with Radar,791,158,27,0,976,0,2,3,5,10,791,160,30,5,986,0,0,0,986
04/19/2022,SFO,CA,AWP,WE,Towers with Radar,773,148,27,1,949,0,0,1,4,5,773,148,28,5,954,0,0,0,954
04/20/2022,SFO,CA,AWP,WE,Towers with Radar,762,140,24,2,928,0,0,7,12,19,762,140,31,14,947,0,0,0,947
04/21/2022,SFO,CA,AWP,WE,Towers with Radar,847,142,27,5,1021,0,0,10,13,23,847,142,37,18,1044,0,0,0,1044
04/22/2022,SFO,CA,AWP,WE,Towers with Radar,822,133,28,1,984,0,3,5,4,12,822,136,33,5,996,0,0,0,996
04/23/2022,SFO,CA,AWP,WE,Towers with Radar,735,123,22,0,880,0,1,11,4,16,735,124,33,4,896,0,0,0,896
04/24/2022,SFO,CA,AWP,WE,Towers with Radar,795,161,28,0,984,0,2,4,8,14,795,163,32,8,998,0,0,0,998
04/25/2022,SFO,CA,AWP,WE,Towers with Radar,800,142,40,0,982,0,4,0,7,11,800,146,40,7,993,0,0,0,993
04/26/2022,SFO,CA,AWP,WE,Towers with Radar,785,133,29,1,948,0,5,2,8,15,785,138,31,9,963,0,0,0,963
04/27/2022,SFO,CA,AWP,WE,Towers with Radar,788,149,35,0,972,0,0,0,12,12,788,149,35,12,984,0,0,0,984
04/28/2022,SFO,CA,AWP,WE,Towers with Radar,836,151,23,3,1013,0,0,1,11,12,836,151,24,14,1025,0,0,0,1025
04/29/2022,SFO,CA,AWP,WE,Towers with Radar,810,149,22,2,983,0,2,0,9,11,810,151,22,11,994,0,0,0,994
04/30/2022,SFO,CA,AWP,WE,Towers with Radar,749,120,23,0,892,0,2,2,5,9,749,122,25,5,901,0,0,0,901
05/01/2022,SFO,CA,AWP,WE,Towers with Radar,765,142,28,0,935,0,3,1,2,6,765,145,29,2,941,0,0,0,941
05/02/2022,SFO,CA,AWP,WE,Towers with Radar,791,154,22,0,967,0,3,1,8,12,791,157,23,8,979,0,0,0,979
05/03/2022,SFO,CA,AWP,WE,Towers with Radar,770,137,23,2,932,0,0,0,5,5,770,137,23,7,937,0,0,0,937
05/04/2022,SFO,CA,AWP,WE,Towers with Radar,770,152,31,0,953,0,0,3,3,6,770,152,34,3,959,0,0,0,959
05/05/2022,SFO,CA,AWP,WE,Towers with Radar,807,150,29,0,986,0,0,0,6,6,807,150,29,6,992,0,0,0,992
05/06/2022,SFO,CA,AWP,WE,Towers with Radar,833,103,25,0,961,0,0,1,6,7,833,103,26,6,968,0,0,0,968
05/07/2022,SFO,CA,AWP,WE,Towers with Radar,766,104,19,1,890,0,6,5,8,19,766,110,24,9,909,0,0,0,909
05/08/2022,SFO,CA,AWP,WE,Towers with Radar,815,101,19,2,937,0,0,0,6,6,815,101,19,8,943,0,0,0,943
05/09/2022,SFO,CA,AWP,WE,Towers with Radar,835,112,28,0,975,0,1,1,8,10,835,113,29,8,985,0,0,0,985
05/10/2022,SFO,CA,AWP,WE,Towers with Radar,810,110,24,0,944,0,4,0,8,12,810,114,24,8,956,0,0,0,956
05/11/2022,SFO,CA,AWP,WE,Towers with Radar,797,122,27,0,946,0,4,0,11,15,797,126,27,11,961,0,0,0,961
05/12/2022,SFO,CA,AWP,WE,Towers with Radar,859,134,27,0,1020,0,7,3,12,22,859,141,30,12,1042,0,0,0,1042
05/13/2022,SFO,CA,AWP,WE,Towers with Radar,828,132,21,0,981,0,1,1,3,5,828,133,22,3,986,0,0,0,986
05/14/2022,SFO,CA,AWP,WE,Towers with Radar,769,102,13,1,885,0,5,0,4,9,769,107,13,5,894,0,0,0,894
05/15/2022,SFO,CA,AWP,WE,Towers with Radar,826,125,35,2,988,0,0,0,3,3,826,125,35,5,991,0,0,0,991
05/16/2022,SFO,CA,AWP,WE,Towers with Radar,829,114,12,1,956,0,2,0,9,11,829,116,12,10,967,0,0,0,967
05/17/2022,SFO,CA,AWP,WE,Towers with Radar,824,118,16,2,960,0,1,2,9,12,824,119,18,11,972,0,0,0,972
05/18/2022,SFO,CA,AWP,WE,Towers with Radar,811,126,19,0,956,0,7,3,10,20,811,133,22,10,976,0,0,0,976
05/19/2022,SFO,CA,AWP,WE,Towers with Radar,881,113,23,0,1017,0,2,1,9,12,881,115,24,9,1029,0,0,0,1029
05/20/2022,SFO,CA,AWP,WE,Towers with Radar,856,128,31,0,1015,0,0,2,7,9,856,128,33,7,1024,0,0,0,1024
05/21/2022,SFO,CA,AWP,WE,Towers with Radar,807,93,22,0,922,0,2,0,5,7,807,95,22,5,929,0,0,0,929
05/22/2022,SFO,CA,AWP,WE,Towers with Radar,854,113,20,0,987,0,0,1,4,5,854,113,21,4,992,0,0,0,992
05/23/2022,SFO,CA,AWP,WE,Towers with Radar,853,106,28,0,987,0,2,2,10,14,853,108,30,10,1001,0,0,0,1001
05/24/2022,SFO,CA,AWP,WE,Towers with Radar,829,104,24,0,957,0,10,1,7,18,829,114,25,7,975,0,0,0,975
05/25/2022,SFO,CA,AWP,WE,Towers with Radar,862,122,23,0,1007,0,2,3,11,16,862,124,26,11,1023,0,0,0,1023
05/26/2022,SFO,CA,AWP,WE,Towers with Radar,892,144,34,0,1070,0,1,1,6,8,892,145,35,6,1078,0,0,0,1078
05/27/2022,SFO,CA,AWP,WE,Towers with Radar,886,110,34,2,1032,0,1,2,4,7,886,111,36,6,1039,0,0,0,1039
05/28/2022,SFO,CA,AWP,WE,Towers with Radar,788,86,11,1,886,0,0,0,2,2,788,86,11,3,888,0,0,0,888
05/29/2022,SFO,CA,AWP,WE,Towers with Radar,838,72,16,0,926,0,2,2,5,9,838,74,18,5,935,0,0,0,935
05/30/2022,SFO,CA,AWP,WE,Towers with Radar,868,133,25,0,1026,0,6,1,4,11,868,139,26,4,1037,0,0,0,1037
05/31/2022,SFO,CA,AWP,WE,Towers with Radar,861,101,25,0,987,0,2,0,7,9,861,103,25,7,996,0,0,0,996
06/01/2022,SFO,CA,AWP,WE,Towers with Radar,839,93,29,0,961,0,8,2,21,31,839,101,31,21,992,0,0,0,992
06/02/2022,SFO,CA,AWP,WE,Towers with Radar,863,148,34,1,1046,0,2,0,7,9,863,150,34,8,1055,0,0,0,1055
06/03/2022,SFO,CA,AWP,WE,Towers with Radar,905,114,20,2,1041,0,3,6,4,13,905,117,26,6,1054,0,0,0,1054
06/04/2022,SFO,CA,AWP,WE,Towers with Radar,861,82,16,1,960,0,5,1,5,11,861,87,17,6,971,0,0,0,971
06/05/2022,SFO,CA,AWP,WE,Towers with Radar,921,161,31,1,1114,0,2,0,2,4,921,163,31,3,1118,0,0,0,1118
06/06/2022,SFO,CA,AWP,WE,Towers with Radar,929,120,27,2,1078,0,0,2,8,10,929,120,29,10,1088,0,0,0,1088
06/07/2022,SFO,CA,AWP,WE,Towers with Radar,912,99,19,0,1030,0,6,2,10,18,912,105,21,10,1048,0,0,0,1048
06/08/2022,SFO,CA,AWP,WE,Towers with Radar,901,121,40,4,1066,0,5,2,14,21,901,126,42,18,1087,0,0,0,1087
06/09/2022,SFO,CA,AWP,WE,Towers with Radar,931,120,19,0,1070,0,0,0,9,9,931,120,19,9,1079,0,0,0,1079
06/10/2022,SFO,CA,AWP,WE,Towers with Radar,949,120,25,0,1094,0,2,0,5,7,949,122,25,5,1101,0,0,0,1101
06/11/2022,SFO,CA,AWP,WE,Towers with Radar,862,90,14,0,966,0,5,0,2,7,862,95,14,2,973,0,0,0,973
06/12/2022,SFO,CA,AWP,WE,Towers with Radar,920,115,23,3,1061,0,5,2,5,12,920,120,25,8,1073,0,0,0,1073
06/13/2022,SFO,CA,AWP,WE,Towers with Radar,938,118,42,0,1098,0,6,0,9,15,938,124,42,9,1113,0,0,0,1113
06/14/2022,SFO,CA,AWP,WE,Towers with Radar,914,89,14,0,1017,0,3,0,10,13,914,92,14,10,1030,0,0,0,1030
06/15/2022,SFO,CA,AWP,WE,Towers with Radar,907,81,20,2,1010,0,1,5,14,20,907,82,25,16,1030,0,0,0,1030
06/16/2022,SFO,CA,AWP,WE,Towers with Radar,924,105,22,0,1051,0,2,1,8,11,924,107,23,8,1062,0,0,0,1062
06/17/2022,SFO,CA,AWP,WE,Towers with Radar,943,96,28,2,1069,0,2,10,6,18,943,98,38,8,1087,0,0,0,1087
06/18/2022,SFO,CA,AWP,WE,Towers with Radar,870,91,19,0,980,0,4,1,4,9,870,95,20,4,989,0,0,0,989
06/19/2022,SFO,CA,AWP,WE,Towers with Radar,915,109,26,0,1050,0,4,3,4,11,915,113,29,4,1061,0,0,0,1061
06/20/2022,SFO,CA,AWP,WE,Towers with Radar,934,99,35,3,1071,0,4,1,1,6,934,103,36,4,1077,0,0,0,1077
06/21/2022,SFO,CA,AWP,WE,Towers with Radar,915,90,22,2,1029,0,1,3,8,12,915,91,25,10,1041,0,0,0,1041
06/22/2022,SFO,CA,AWP,WE,Towers with Radar,908,82,24,1,1015,0,8,3,8,19,908,90,27,9,1034,0,0,0,1034
06/23/2022,SFO,CA,AWP,WE,Towers with Radar,954,118,23,0,1095,0,1,4,15,20,954,119,27,15,1115,0,0,0,1115
06/24/2022,SFO,CA,AWP,WE,Towers with Radar,944,97,15,3,1059,0,1,3,2,6,944,98,18,5,1065,0,0,0,1065
06/25/2022,SFO,CA,AWP,WE,Towers with Radar,834,85,10,0,929,0,5,2,3,10,834,90,12,3,939,0,0,0,939
06/26/2022,SFO,CA,AWP,WE,Towers with Radar,944,122,27,1,1094,0,0,2,2,4,944,122,29,3,1098,0,0,0,1098
06/27/2022,SFO,CA,AWP,WE,Towers with Radar,932,101,18,2,1053,0,1,0,5,6,932,102,18,7,1059,0,0,0,1059
06/28/2022,SFO,CA,AWP,WE,Towers with Radar,900,107,13,1,1021,0,2,2,6,10,900,109,15,7,1031,0,0,0,1031
06/29/2022,SFO,CA,AWP,WE,Towers with Radar,903,96,24,2,1025,0,3,0,14,17,903,99,24,16,1042,0,0,0,1042
06/30/2022,SFO,CA,AWP,WE,Towers with Radar,947,108,19,6,1080,0,2,4,14,20,947,110,23,20,1100,0,0,0,1100
07/01/2022,SFO,CA,AWP,WE,Towers with Radar,939,106,23,3,1071,0,0,2,0,2,939,106,25,3,1073,0,0,0,1073
07/02/2022,SFO,CA,AWP,WE,Towers with Radar,835,90,12,1,938,0,2,0,2,4,835,92,12,3,942,0,0,0,942
07/03/2022,SFO,CA,AWP,WE,Towers with Radar,889,74,11,0,974,0,6,2,4,12,889,80,13,4,986,0,0,0,986
07/04/2022,SFO,CA,AWP,WE,Towers with Radar,901,90,10,0,1001,0,0,2,2,4,901,90,12,2,1005,0,0,0,1005
07/05/2022,SFO,CA,AWP,WE,Towers with Radar,916,91,26,1,1034,0,2,2,11,15,916,93,28,12,1049,0,0,0,1049
07/06/2022,SFO,CA,AWP,WE,Towers with Radar,909,94,7,0,1010,0,2,2,13,17,909,96,9,13,1027,0,0,0,1027
07/07/2022,SFO,CA,AWP,WE,Towers with Radar,951,99,20,0,1070,0,0,1,9,10,951,99,21,9,1080,0,0,0,1080
07/08/2022,SFO,CA,AWP,WE,Towers with Radar,946,87,16,0,1049,0,2,3,9,14,946,89,19,9,1063,0,0,0,1063
07/09/2022,SFO,CA,AWP,WE,Towers with Radar,847,97,20,1,965,0,6,2,7,15,847,103,22,8,980,0,0,0,980
07/10/2022,SFO,CA,AWP,WE,Towers with Radar,938,122,36,0,1096,0,6,1,2,9,938,128,37,2,1105,0,0,0,1105
07/11/2022,SFO,CA,AWP,WE,Towers with Radar,944,92,20,2,1058,0,0,4,9,13,944,92,24,11,1071,0,0,0,1071
07/12/2022,SFO,CA,AWP,WE,Towers with Radar,915,83,31,0,1029,0,4,7,7,18,915,87,38,7,1047,0,0,0,1047
07/13/2022,SFO,CA,AWP,WE,Towers with Radar,905,97,23,3,1028,0,4,1,13,18,905,101,24,16,1046,0,0,0,1046
07/14/2022,SFO,CA,AWP,WE,Towers with Radar,963,103,13,0,1079,0,2,6,8,16,963,105,19,8,1095,0,0,0,1095
07/15/2022,SFO,CA,AWP,WE,Towers with Radar,948,102,20,2,1072,0,2,2,8,12,948,104,22,10,1084,0,0,0,1084
07/16/2022,SFO,CA,AWP,WE,Towers with Radar,876,91,9,0,976,0,1,1,4,6,876,92,10,4,982,0,0,0,982
07/17/2022,SFO,CA,AWP,WE,Towers with Radar,916,115,31,0,1062,0,10,4,2,16,916,125,35,2,1078,0,0,0,1078
07/18/2022,SFO,CA,AWP,WE,Towers with Radar,943,101,22,1,1067,0,2,1,8,11,943,103,23,9,1078,0,0,0,1078
07/19/2022,SFO,CA,AWP,WE,Towers with Radar,907,88,26,0,1021,0,6,0,12,18,907,94,26,12,1039,0,0,0,1039
07/20/2022,SFO,CA,AWP,WE,Towers with Radar,915,93,27,2,1037,0,3,2,9,14,915,96,29,11,1051,0,0,0,1051
07/21/2022,SFO,CA,AWP,WE,Towers with Radar,954,110,27,1,1092,0,0,2,6,8,954,110,29,7,1100,0,0,0,1100
07/22/2022,SFO,CA,AWP,WE,Towers with Radar,957,106,9,0,1072,0,3,3,3,9,957,109,12,3,1081,0,0,0,1081
07/23/2022,SFO,CA,AWP,WE,Towers with Radar,841,82,12,0,935,0,2,6,2,10,841,84,18,2,945,0,0,0,945
07/24/2022,SFO,CA,AWP,WE,Towers with Radar,931,107,12,0,1050,0,0,1,3,4,931,107,13,3,1054,0,0,0,1054
07/25/2022,SFO,CA,AWP,WE,Towers with Radar,937,113,31,1,1082,0,2,0,8,10,937,115,31,9,1092,0,0,0,1092
07/26/2022,SFO,CA,AWP,WE,Towers with Radar,913,84,13,2,1012,0,0,0,15,15,913,84,13,17,1027,0,0,0,1027
07/27/2022,SFO,CA,AWP,WE,Towers with Radar,914,115,11,0,1040,0,0,4,13,17,914,115,15,13,1057,0,0,0,1057
07/28/2022,SFO,CA,AWP,WE,Towers with Radar,949,106,22,2,1079,0,0,0,6,6,949,106,22,8,1085,0,0,0,1085
07/29/2022,SFO,CA,AWP,WE,Towers with Radar,964,82,19,0,1065,0,0,0,13,13,964,82,19,13,1078,0,0,0,1078
07/30/2022,SFO,CA,AWP,WE,Towers with Radar,858,81,13,0,952,0,2,6,2,10,858,83,19,2,962,0,0,0,962
07/31/2022,SFO,CA,AWP,WE,Towers with Radar,927,115,23,0,1065,0,0,3,4,7,927,115,26,4,1072,0,0,0,1072
08/01/2022,SFO,CA,AWP,WE,Towers with Radar,944,90,20,0,1054,0,0,0,7,7,944,90,20,7,1061,0,0,0,1061
08/02/2022,SFO,CA,AWP,WE,Towers with Radar,895,88,20,0,1003,0,0,0,6,6,895,88,20,6,1009,0,0,0,1009
08/03/2022,SFO,CA,AWP,WE,Towers with Radar,898,98,24,0,1020,0,2,4,11,17,898,100,28,11,1037,0,0,0,1037
08/04/2022,SFO,CA,AWP,WE,Towers with Radar,940,107,21,0,1068,0,6,1,5,12,940,113,22,5,1080,0,0,0,1080
08/05/2022,SFO,CA,AWP,WE,Towers with Radar,917,104,18,0,1039,0,0,0,8,8,917,104,18,8,1047,0,0,0,1047
08/06/2022,SFO,CA,AWP,WE,Towers with Radar,853,102,14,0,969,0,6,1,2,9,853,108,15,2,978,0,0,0,978
08/07/2022,SFO,CA,AWP,WE,Towers with Radar,915,104,21,1,1041,0,2,1,2,5,915,106,22,3,1046,0,0,0,1046
08/08/2022,SFO,CA,AWP,WE,Towers with Radar,925,91,24,2,1042,0,0,5,5,10,925,91,29,7,1052,0,0,0,1052
08/09/2022,SFO,CA,AWP,WE,Towers with Radar,896,93,30,2,1021,0,0,3,7,10,896,93,33,9,1031,0,0,0,1031
08/10/2022,SFO,CA,AWP,WE,Towers with Radar,895,105,23,2,1025,0,1,0,8,9,895,106,23,10,1034,0,0,0,1034
08/11/2022,SFO,CA,AWP,WE,Towers with Radar,934,93,22,0,1049,0,1,2,10,13,934,94,24,10,1062,0,0,0,1062
08/12/2022,SFO,CA,AWP,WE,Towers with Radar,942,98,15,4,1059,0,1,3,14,18,942,99,18,18,1077,0,0,0,1077
08/13/2022,SFO,CA,AWP,WE,Towers with Radar,856,88,8,2,954,0,5,0,4,9,856,93,8,6,963,0,0,0,963
08/14/2022,SFO,CA,AWP,WE,Towers with Radar,931,101,38,0,1070,0,14,5,7,26,931,115,43,7,1096,0,0,0,1096
08/15/2022,SFO,CA,AWP,WE,Towers with Radar,933,90,19,0,1042,0,6,3,5,14,933,96,22,5,1056,0,0,0,1056
08/16/2022,SFO,CA,AWP,WE,Towers with Radar,903,100,25,0,1028,0,8,1,13,22,903,108,26,13,1050,0,0,0,1050
08/17/2022,SFO,CA,AWP,WE,Towers with Radar,904,90,45,0,1039,0,5,2,11,18,904,95,47,11,1057,0,0,0,1057
08/18/2022,SFO,CA,AWP,WE,Towers with Radar,918,108,31,2,1059,0,1,1,12,14,918,109,32,14,1073,0,0,0,1073
08/19/2022,SFO,CA,AWP,WE,Towers with Radar,940,108,29,0,1077,0,4,1,9,14,940,112,30,9,1091,0,0,0,1091
08/20/2022,SFO,CA,AWP,WE,Towers with Radar,840,101,16,0,957,0,5,8,10,23,840,106,24,10,980,0,0,0,980
08/21/2022,SFO,CA,AWP,WE,Towers with Radar,902,137,31,0,1070,0,1,5,3,9,902,138,36,3,1079,0,0,0,1079
08/22/2022,SFO,CA,AWP,WE,Towers with Radar,913,130,24,0,1067,0,0,2,7,9,913,130,26,7,1076,0,0,0,1076
08/23/2022,SFO,CA,AWP,WE,Towers with Radar,908,105,20,1,1034,0,0,2,9,11,908,105,22,10,1045,0,0,0,1045
08/24/2022,SFO,CA,AWP,WE,Towers with Radar,896,97,29,0,1022,0,3,0,11,14,896,100,29,11,1036,0,0,0,1036
08/25/2022,SFO,CA,AWP,WE,Towers with Radar,921,94,17,0,1032,0,0,0,7,7,921,94,17,7,1039,0,0,0,1039
08/26/2022,SFO,CA,AWP,WE,Towers with Radar,936,109,20,1,1066,0,2,0,7,9,936,111,20,8,1075,0,0,0,1075
08/27/2022,SFO,CA,AWP,WE,Towers with Radar,835,89,12,0,936,0,1,0,2,3,835,90,12,2,939,0,0,0,939
08/28/2022,SFO,CA,AWP,WE,Towers with Radar,925,110,13,3,1051,0,5,1,2,8,925,115,14,5,1059,0,0,0,1059
08/29/2022,SFO,CA,AWP,WE,Towers with Radar,904,104,24,0,1032,0,0,0,10,10,904,104,24,10,1042,0,0,0,1042
08/30/2022,SFO,CA,AWP,WE,Towers with Radar,894,92,22,1,1009,0,1,0,12,13,894,93,22,13,1022,0,0,0,1022
08/31/2022,SFO,CA,AWP,WE,Towers with Radar,905,89,14,0,1008,0,6,1,8,15,905,95,15,8,1023,0,0,0,1023
09/01/2022,SFO,CA,AWP,WE,Towers with Radar,934,120,27,0,1081,0,5,0,9,14,934,125,27,9,1095,0,0,0,1095
09/02/2022,SFO,CA,AWP,WE,Towers with Radar,944,119,22,0,1085,0,2,9,1,12,944,121,31,1,1097,0,0,0,1097
09/03/2022,SFO,CA,AWP,WE,Towers with Radar,817,87,7,0,911,0,5,1,10,16,817,92,8,10,927,0,0,0,927
09/04/2022,SFO,CA,AWP,WE,Towers with Radar,865,74,15,0,954,0,9,2,4,15,865,83,17,4,969,0,0,0,969
09/05/2022,SFO,CA,AWP,WE,Towers with Radar,931,125,35,1,1092,0,5,2,5,12,931,130,37,6,1104,0,0,0,1104
09/06/2022,SFO,CA,AWP,WE,Towers with Radar,859,106,24,0,989,0,2,2,8,12,859,108,26,8,1001,0,0,0,1001
09/07/2022,SFO,CA,AWP,WE,Towers with Radar,859,101,32,0,992,0,6,2,10,18,859,107,34,10,1010,0,0,0,1010
09/08/2022,SFO,CA,AWP,WE,Towers with Radar,911,113,25,0,1049,0,6,1,8,15,911,119,26,8,1064,0,0,0,1064
09/09/2022,SFO,CA,AWP,WE,Towers with Radar,918,107,14,0,1039,0,11,4,8,23,918,118,18,8,1062,0,0,0,1062
09/10/2022,SFO,CA,AWP,WE,Towers with Radar,837,92,12,0,941,0,7,0,8,15,837,99,12,8,956,0,0,0,956
09/11/2022,SFO,CA,AWP,WE,Towers with Radar,897,109,16,0,1022,0,4,2,5,11,897,113,18,5,1033,0,0,0,1033
09/12/2022,SFO,CA,AWP,WE,Towers with Radar,907,99,44,1,1051,0,0,2,7,9,907,99,46,8,1060,0,0,0,1060
09/13/2022,SFO,CA,AWP,WE,Towers with Radar,867,113,51,0,1031,0,3,2,11,16,867,116,53,11,1047,0,0,0,1047
09/14/2022,SFO,CA,AWP,WE,Towers with Radar,856,126,37,0,1019,0,2,0,12,14,856,128,37,12,1033,0,0,0,1033
09/15/2022,SFO,CA,AWP,WE,Towers with Radar,924,130,35,1,1090,0,0,0,15,15,924,130,35,16,1105,0,0,0,1105
09/16/2022,SFO,CA,AWP,WE,Towers with Radar,912,111,33,1,1057,0,4,4,6,14,912,115,37,7,1071,0,0,0,1071
09/17/2022,SFO,CA,AWP,WE,Towers with Radar,829,70,25,1,925,0,7,0,2,9,829,77,25,3,934,0,0,0,934
09/18/2022,SFO,CA,AWP,WE,Towers with Radar,816,74,13,1,904,0,0,0,5,5,816,74,13,6,909,0,0,0,909
09/19/2022,SFO,CA,AWP,WE,Towers with Radar,944,118,17,2,1081,0,2,1,8,11,944,120,18,10,1092,0,0,0,1092
09/20/2022,SFO,CA,AWP,WE,Towers with Radar,860,108,40,0,1008,0,8,4,13,25,860,116,44,13,1033,0,0,0,1033
09/21/2022,SFO,CA,AWP,WE,Towers with Radar,857,118,27,2,1004,0,2,7,9,18,857,120,34,11,1022,0,0,0,1022
09/22/2022,SFO,CA,AWP,WE,Towers with Radar,916,117,24,0,1057,0,2,6,12,20,916,119,30,12,1077,0,0,0,1077
09/23/2022,SFO,CA,AWP,WE,Towers with Radar,930,104,15,2,1051,0,3,1,6,10,930,107,16,8,1061,0,0,0,1061
09/24/2022,SFO,CA,AWP,WE,Towers with Radar,835,87,19,0,941,0,3,2,8,13,835,90,21,8,954,0,0,0,954
09/25/2022,SFO,CA,AWP,WE,Towers with Radar,906,111,31,0,1048,0,3,2,3,8,906,114,33,3,1056,0,0,0,1056
09/26/2022,SFO,CA,AWP,WE,Towers with Radar,918,99,22,0,1039,0,3,0,7,10,918,102,22,7,1049,0,0,0,1049
09/27/2022,SFO,CA,AWP,WE,Towers with Radar,861,97,29,0,987,0,0,4,12,16,861,97,33,12,1003,0,0,0,1003
09/28/2022,SFO,CA,AWP,WE,Towers with Radar,846,115,13,0,974,0,1,2,13,16,846,116,15,13,990,0,0,0,990
09/29/2022,SFO,CA,AWP,WE,Towers with Radar,934,108,25,0,1067,0,9,0,6,15,934,117,25,6,1082,0,0,0,1082
09/30/2022,SFO,CA,AWP,WE,Towers with Radar,931,103,28,0,1062,0,4,3,7,14,931,107,31,7,1076,0,0,0,1076
10/01/2022,SFO,CA,AWP,WE,Towers with Radar,843,81,8,0,932,0,2,0,3,5,843,83,8,3,937,0,0,0,937
10/02/2022,SFO,CA,AWP,WE,Towers with Radar,897,127,27,1,1052,0,3,3,8,14,897,130,30,9,1066,0,0,0,1066
10/03/2022,SFO,CA,AWP,WE,Towers with Radar,895,106,23,0,1024,0,8,1,12,21,895,114,24,12,1045,0,0,0,1045
10/04/2022,SFO,CA,AWP,WE,Towers with Radar,863,109,18,1,991,0,5,0,8,13,863,114,18,9,1004,0,0,0,1004
10/05/2022,SFO,CA,AWP,WE,Towers with Radar,852,107,21,3,983,0,0,9,12,21,852,107,30,15,1004,0,0,0,1004
10/06/2022,SFO,CA,AWP,WE,Towers with Radar,915,101,40,2,1058,0,3,0,4,7,915,104,40,6,1065,0,0,0,1065
10/07/2022,SFO,CA,AWP,WE,Towers with Radar,904,121,26,2,1053,0,6,2,7,15,904,127,28,9,1068,0,0,0,1068
10/08/2022,SFO,CA,AWP,WE,Towers with Radar,815,98,12,3,928,0,6,2,4,12,815,104,14,7,940,0,0,0,940
10/09/2022,SFO,CA,AWP,WE,Towers with Radar,907,121,19,5,1052,0,5,2,2,9,907,126,21,7,1061,0,0,0,1061
10/10/2022,SFO,CA,AWP,WE,Towers with Radar,904,111,24,0,1039,0,0,2,3,5,904,111,26,3,1044,0,0,0,1044
10/11/2022,SFO,CA,AWP,WE,Towers with Radar,847,114,26,0,987,0,2,0,8,10,847,116,26,8,997,0,0,0,997
10/12/2022,SFO,CA,AWP,WE,Towers with Radar,853,137,44,0,1034,0,1,1,14,16,853,138,45,14,1050,0,0,0,1050
10/13/2022,SFO,CA,AWP,WE,Towers with Radar,909,122,28,0,1059,0,0,2,11,13,909,122,30,11,1072,0,0,0,1072
10/14/2022,SFO,CA,AWP,WE,Towers with Radar,901,136,33,3,1073,2,0,0,0,2,903,136,33,3,1075,0,0,0,1075
10/15/2022,SFO,CA,AWP,WE,Towers with Radar,802,77,11,0,890,0,0,0,0,0,802,77,11,0,890,0,0,0,890
10/16/2022,SFO,CA,AWP,WE,Towers with Radar,899,114,23,0,1036,0,7,1,3,11,899,121,24,3,1047,0,0,0,1047
10/17/2022,SFO,CA,AWP,WE,Towers with Radar,896,106,23,3,1028,0,5,6,11,22,896,111,29,14,1050,0,0,0,1050
10/18/2022,SFO,CA,AWP,WE,Towers with Radar,859,117,38,5,1019,0,9,3,14,26,859,126,41,19,1045,0,0,0,1045
10/19/2022,SFO,CA,AWP,WE,Towers with Radar,849,103,29,0,981,0,3,7,12,22,849,106,36,12,1003,0,0,0,1003
10/20/2022,SFO,CA,AWP,WE,Towers with Radar,903,126,22,0,1051,0,3,4,11,18,903,129,26,11,1069,0,0,0,1069
10/21/2022,SFO,CA,AWP,WE,Towers with Radar,912,100,18,0,1030,0,1,2,2,5,912,101,20,2,1035,0,0,0,1035
10/22/2022,SFO,CA,AWP,WE,Towers with Radar,821,97,10,0,928,0,0,0,1,1,821,97,10,1,929,0,0,0,929
10/23/2022,SFO,CA,AWP,WE,Towers with Radar,892,109,31,1,1033,0,4,6,2,12,892,113,37,3,1045,0,0,0,1045
10/24/2022,SFO,CA,AWP,WE,Towers with Radar,895,100,25,1,1021,0,2,0,6,8,895,102,25,7,1029,0,0,0,1029
10/25/2022,SFO,CA,AWP,WE,Towers with Radar,848,91,15,1,955,0,2,4,10,16,848,93,19,11,971,0,0,0,971
10/26/2022,SFO,CA,AWP,WE,Towers with Radar,854,107,25,0,986,0,4,4,10,18,854,111,29,10,1004,0,0,0,1004
10/27/2022,SFO,CA,AWP,WE,Towers with Radar,909,122,26,1,1058,0,8,4,12,24,909,130,30,13,1082,0,0,0,1082
10/28/2022,SFO,CA,AWP,WE,Towers with Radar,896,99,18,6,1019,0,3,6,5,14,896,102,24,11,1033,0,0,0,1033
10/29/2022,SFO,CA,AWP,WE,Towers with Radar,807,80,7,2,896,0,4,0,5,9,807,84,7,7,905,0,0,0,905
10/30/2022,SFO,CA,AWP,WE,Towers with Radar,858,72,15,0,945,0,3,2,4,9,858,75,17,4,954,0,0,0,954
10/31/2022,SFO,CA,AWP,WE,Towers with Radar,850,50,9,0,909,0,4,2,8,14,850,54,11,8,923,0,0,0,923
11/01/2022,SFO,CA,AWP,WE,Towers with Radar,834,82,21,1,938,0,4,0,5,9,834,86,21,6,947,0,0,0,947
11/02/2022,SFO,CA,AWP,WE,Towers with Radar,836,85,33,0,954,0,2,1,12,15,836,87,34,12,969,0,0,0,969
11/03/2022,SFO,CA,AWP,WE,Towers with Radar,866,91,34,0,991,0,4,3,6,13,866,95,37,6,1004,0,0,0,1004
11/04/2022,SFO,CA,AWP,WE,Towers with Radar,854,81,30,0,965,0,6,3,12,21,854,87,33,12,986,0,0,0,986
11/05/2022,SFO,CA,AWP,WE,Towers with Radar,778,69,16,1,864,0,0,2,2,4,778,69,18,3,868,0,0,0,868
11/06/2022,SFO,CA,AWP,WE,Towers with Radar,872,100,21,3,996,0,3,8,5,16,872,103,29,8,1012,0,0,0,1012
11/07/2022,SFO,CA,AWP,WE,Towers with Radar,816,83,21,0,920,0,0,2,9,11,816,83,23,9,931,0,0,0,931
11/08/2022,SFO,CA,AWP,WE,Towers with Radar,822,83,24,2,931,0,4,0,14,18,822,87,24,16,949,0,0,0,949
11/09/2022,SFO,CA,AWP,WE,Towers with Radar,809,90,23,0,922,0,2,2,13,17,809,92,25,13,939,0,0,0,939
11/10/2022,SFO,CA,AWP,WE,Towers with Radar,879,106,45,0,1030,0,8,2,10,20,879,114,47,10,1050,0,0,0,1050
11/11/2022,SFO,CA,AWP,WE,Towers with Radar,862,91,25,0,978,0,4,2,5,11,862,95,27,5,989,0,0,0,989
11/12/2022,SFO,CA,AWP,WE,Towers with Radar,786,68,36,0,890,0,6,2,3,11,786,74,38,3,901,0,0,0,901
11/13/2022,SFO,CA,AWP,WE,Towers with Radar,873,90,21,1,985,0,4,0,7,11,873,94,21,8,996,0,0,0,996
11/14/2022,SFO,CA,AWP,WE,Towers with Radar,855,93,36,0,984,0,3,0,11,14,855,96,36,11,998,0,0,0,998
11/15/2022,SFO,CA,AWP,WE,Towers with Radar,847,77,23,0,947,0,4,3,13,20,847,81,26,13,967,0,0,0,967
11/16/2022,SFO,CA,AWP,WE,Towers with Radar,828,97,23,0,948,0,2,3,10,15,828,99,26,10,963,0,0,0,963
11/17/2022,SFO,CA,AWP,WE,Towers with Radar,882,83,29,0,994,0,6,1,7,14,882,89,30,7,1008,0,0,0,1008
11/18/2022,SFO,CA,AWP,WE,Towers with Radar,861,83,23,3,970,0,7,1,5,13,861,90,24,8,983,0,0,0,983
11/19/2022,SFO,CA,AWP,WE,Towers with Radar,848,105,25,1,979,0,10,0,6,16,848,115,25,7,995,0,0,0,995
11/20/2022,SFO,CA,AWP,WE,Towers with Radar,891,79,17,0,987,0,3,4,2,9,891,82,21,2,996,0,0,0,996
11/21/2022,SFO,CA,AWP,WE,Towers with Radar,864,80,23,0,967,0,9,2,12,23,864,89,25,12,990,0,0,0,990
11/22/2022,SFO,CA,AWP,WE,Towers with Radar,881,86,14,0,981,0,5,0,7,12,881,91,14,7,993,0,0,0,993
11/23/2022,SFO,CA,AWP,WE,Towers with Radar,881,68,27,0,976,0,4,0,4,8,881,72,27,4,984,0,0,0,984
11/24/2022,SFO,CA,AWP,WE,Towers with Radar,679,36,8,1,724,0,11,3,5,19,679,47,11,6,743,0,0,0,743
11/25/2022,SFO,CA,AWP,WE,Towers with Radar,834,58,5,0,897,0,6,1,3,10,834,64,6,3,907,0,0,0,907
11/26/2022,SFO,CA,AWP,WE,Towers with Radar,859,85,21,1,966,0,7,1,1,9,859,92,22,2,975,0,0,0,975
11/27/2022,SFO,CA,AWP,WE,Towers with Radar,900,107,38,2,1047,0,4,1,2,7,900,111,39,4,1054,0,0,0,1054
11/28/2022,SFO,CA,AWP,WE,Towers with Radar,885,75,27,2,989,0,4,2,12,18,885,79,29,14,1007,0,0,0,1007
11/29/2022,SFO,CA,AWP,WE,Towers with Radar,850,77,10,0,937,0,13,1,17,31,850,90,11,17,968,0,0,0,968
11/30/2022,SFO,CA,AWP,WE,Towers with Radar,817,82,23,4,926,0,13,1,11,25,817,95,24,15,951,0,0,0,951
12/01/2022,SFO,CA,AWP,WE,Towers with Radar,851,71,24,0,946,0,1,0,10,11,851,72,24,10,957,0,0,0,957
12/02/2022,SFO,CA,AWP,WE,Towers with Radar,847,84,13,1,945,0,0,0,13,13,847,84,13,14,958,0,0,0,958
12/03/2022,SFO,CA,AWP,WE,Towers with Radar,797,67,22,1,887,0,0,0,0,0,797,67,22,1,887,0,0,0,887
12/04/2022,SFO,CA,AWP,WE,Towers with Radar,873,83,22,0,978,0,4,0,3,7,873,87,22,3,985,0,0,0,985
12/05/2022,SFO,CA,AWP,WE,Towers with Radar,851,85,26,0,962,0,2,4,11,17,851,87,30,11,979,0,0,0,979
12/06/2022,SFO,CA,AWP,WE,Towers with Radar,822,76,10,0,908,0,2,2,25,29,822,78,12,25,937,0,0,0,937
12/07/2022,SFO,CA,AWP,WE,Towers with Radar,818,93,20,0,931,0,1,2,9,12,818,94,22,9,943,0,0,0,943
12/08/2022,SFO,CA,AWP,WE,Towers with Radar,867,81,15,1,964,0,0,0,13,13,867,81,15,14,977,0,0,0,977
12/09/2022,SFO,CA,AWP,WE,Towers with Radar,864,97,41,1,1003,0,3,0,9,12,864,100,41,10,1015,0,0,0,1015
12/10/2022,SFO,CA,AWP,WE,Towers with Radar,791,69,17,0,877,0,0,0,0,0,791,69,17,0,877,0,0,0,877
12/11/2022,SFO,CA,AWP,WE,Towers with Radar,835,86,20,0,941,0,6,4,2,12,835,92,24,2,953,0,0,0,953
12/12/2022,SFO,CA,AWP,WE,Towers with Radar,879,86,24,2,991,0,3,0,11,14,879,89,24,13,1005,0,0,0,1005
12/13/2022,SFO,CA,AWP,WE,Towers with Radar,813,79,25,1,918,0,4,0,14,18,813,83,25,15,936,0,0,0,936
12/14/2022,SFO,CA,AWP,WE,Towers with Radar,824,84,27,1,936,0,4,0,12,16,824,88,27,13,952,0,0,0,952
12/15/2022,SFO,CA,AWP,WE,Towers with Radar,883,83,34,1,1001,0,2,0,8,10,883,85,34,9,1011,0,0,0,1011
12/16/2022,SFO,CA,AWP,WE,Towers with Radar,898,99,26,5,1028,0,2,0,1,3,898,101,26,6,1031,0,0,0,1031
12/17/2022,SFO,CA,AWP,WE,Towers with Radar,822,79,12,0,913,0,1,1,4,6,822,80,13,4,919,0,0,0,919
12/18/2022,SFO,CA,AWP,WE,Towers with Radar,876,76,15,1,968,0,2,1,2,5,876,78,16,3,973,0,0,0,973
12/19/2022,SFO,CA,AWP,WE,Towers with Radar,872,63,10,3,948,0,1,0,5,6,872,64,10,8,954,0,0,0,954
12/20/2022,SFO,CA,AWP,WE,Towers with Radar,864,56,18,0,938,0,0,0,4,4,864,56,18,4,942,0,0,0,942
12/21/2022,SFO,CA,AWP,WE,Towers with Radar,848,86,12,0,946,0,4,2,4,10,848,90,14,4,956,0,0,0,956
12/22/2022,SFO,CA,AWP,WE,Towers with Radar,882,81,24,0,987,0,0,0,6,6,882,81,24,6,993,0,0,0,993
12/23/2022,SFO,CA,AWP,WE,Towers with Radar,774,82,9,3,868,0,2,0,6,8,774,84,9,9,876,0,0,0,876
12/24/2022,SFO,CA,AWP,WE,Towers with Radar,656,51,10,0,717,0,0,2,2,4,656,51,12,2,721,0,0,0,721
12/25/2022,SFO,CA,AWP,WE,Towers with Radar,718,77,13,0,808,0,7,0,0,7,718,84,13,0,815,0,0,0,815
12/26/2022,SFO,CA,AWP,WE,Towers with Radar,762,86,11,0,859,0,3,1,7,11,762,89,12,7,870,0,0,0,870
12/27/2022,SFO,CA,AWP,WE,Towers with Radar,807,61,16,0,884,0,1,0,4,5,807,62,16,4,889,0,0,0,889
12/28/2022,SFO,CA,AWP,WE,Towers with Radar,841,56,13,0,910,0,0,0,8,8,841,56,13,8,918,0,0,0,918
12/29/2022,SFO,CA,AWP,WE,Towers with Radar,858,71,11,0,940,0,0,0,0,0,858,71,11,0,940,0,0,0,940
12/30/2022,SFO,CA,AWP,WE,Towers with Radar,852,47,8,0,907,0,0,0,0,0,852,47,8,0,907,0,0,0,907
12/31/2022,SFO,CA,AWP,WE,Towers with Radar,772,52,10,1,835,0,0,0,0,0,772,52,10,1,835,0,0,0,835
01/01/2023,SFO,CA,AWP,WE,Towers with Radar,819,73,15,1,908,0,6,2,1,9,819,79,17,2,917,0,0,0,917
01/02/2023,SFO,CA,AWP,WE,Towers with Radar,735,93,21,0,849,0,1,0,10,11,735,94,21,10,860,0,0,0,860
01/03/2023,SFO,CA,AWP,WE,Towers with Radar,885,101,18,0,1004,0,0,0,8,8,885,101,18,8,1012,0,0,0,1012
01/04/2023,SFO,CA,AWP,WE,Towers with Radar,766,24,4,0,794,0,0,0,3,3,766,24,4,3,797,0,0,0,797
01/05/2023,SFO,CA,AWP,WE,Towers with Radar,879,51,11,0,941,0,2,0,5,7,879,53,11,5,948,0,0,0,948
01/06/2023,SFO,CA,AWP,WE,Towers with Radar,840,79,15,2,936,0,0,2,4,6,840,79,17,6,942,0,0,0,942
01/07/2023,SFO,CA,AWP,WE,Towers with Radar,805,58,11,0,874,0,2,0,4,6,805,60,11,4,880,0,0,0,880
01/08/2023,SFO,CA,AWP,WE,Towers with Radar,781,95,44,0,920,0,2,4,6,12,781,97,48,6,932,0,0,0,932
01/09/2023,SFO,CA,AWP,WE,Towers with Radar,877,89,24,0,990,0,4,0,6,10,877,93,24,6,1000,0,0,0,1000
01/10/2023,SFO,CA,AWP,WE,Towers with Radar,800,88,28,0,916,0,0,0,11,11,800,88,28,11,927,0,0,0,927
01/11/2023,SFO,CA,AWP,WE,Towers with Radar,764,101,32,1,898,0,0,1,15,16,764,101,33,16,914,0,0,0,914
01/12/2023,SFO,CA,AWP,WE,Towers with Radar,900,137,36,0,1073,0,2,2,14,18,900,139,38,14,1091,0,0,0,1091
01/13/2023,SFO,CA,AWP,WE,Towers with Radar,835,87,6,0,928,0,1,0,9,10,835,88,6,9,938,0,0,0,938
01/14/2023,SFO,CA,AWP,WE,Towers with Radar,787,45,2,0,834,0,3,0,0,3,787,48,2,0,837,0,0,0,837
01/15/2023,SFO,CA,AWP,WE,Towers with Radar,798,63,4,0,865,0,0,0,4,4,798,63,4,4,869,0,0,0,869
01/16/2023,SFO,CA,AWP,WE,Towers with Radar,881,112,8,0,1001,0,5,1,6,12,881,117,9,6,1013,0,0,0,1013
01/17/2023,SFO,CA,AWP,WE,Towers with Radar,806,67,9,0,882,0,0,3,8,11,806,67,12,8,893,0,0,0,893
01/18/2023,SFO,CA,AWP,WE,Towers with Radar,794,62,10,0,866,0,5,1,8,14,794,67,11,8,880,0,0,0,880
01/19/2023,SFO,CA,AWP,WE,Towers with Radar,869,75,15,3,962,0,3,2,19,24,869,78,17,22,986,0,0,0,986
01/20/2023,SFO,CA,AWP,WE,Towers with Radar,859,95,16,0,970,0,2,2,6,10,859,97,18,6,980,0,0,0,980
01/21/2023,SFO,CA,AWP,WE,Towers with Radar,780,66,19,0,865,0,8,1,8,17,780,74,20,8,882,0,0,0,882
01/22/2023,SFO,CA,AWP,WE,Towers with Radar,822,90,15,0,927,0,4,1,3,8,822,94,16,3,935,0,0,0,935
01/23/2023,SFO,CA,AWP,WE,Towers with Radar,843,80,20,0,943,0,1,0,10,11,843,81,20,10,954,0,0,0,954
01/24/2023,SFO,CA,AWP,WE,Towers with Radar,815,66,18,0,899,0,5,8,6,19,815,71,26,6,918,0,0,0,918
01/25/2023,SFO,CA,AWP,WE,Towers with Radar,808,66,18,0,892,0,4,11,11,26,808,70,29,11,918,0,0,0,918
01/26/2023,SFO,CA,AWP,WE,Towers with Radar,890,83,13,0,986,0,5,0,12,17,890,88,13,12,1003,0,0,0,1003
01/27/2023,SFO,CA,AWP,WE,Towers with Radar,871,81,15,0,967,0,5,3,9,17,871,86,18,9,984,0,0,0,984
01/28/2023,SFO,CA,AWP,WE,Towers with Radar,799,58,9,1,867,0,2,0,3,5,799,60,9,4,872,0,0,0,872
01/29/2023,SFO,CA,AWP,WE,Towers with Radar,824,78,9,0,911,0,1,0,5,6,824,79,9,5,917,0,0,0,917
01/30/2023,SFO,CA,AWP,WE,Towers with Radar,843,68,14,0,925,0,2,3,11,16,843,70,17,11,941,0,0,0,941
01/31/2023,SFO,CA,AWP,WE,Towers with Radar,798,83,17,0,898,0,4,0,12,16,798,87,17,12,914,0,0,0,914
02/01/2023,SFO,CA,AWP,WE,Towers with Radar,774,91,12,0,877,0,2,2,12,16,774,93,14,12,893,0,0,0,893
02/02/2023,SFO,CA,AWP,WE,Towers with Radar,865,115,19,2,1001,0,8,0,14,22,865,123,19,16,1023,0,0,0,1023
02/03/2023,SFO,CA,AWP,WE,Towers with Radar,860,88,12,0,960,0,1,0,5,6,860,89,12,5,966,0,0,0,966
02/04/2023,SFO,CA,AWP,WE,Towers with Radar,795,65,6,1,867,0,0,0,1,1,795,65,6,2,868,0,0,0,868
02/05/2023,SFO,CA,AWP,WE,Towers with Radar,833,75,21,0,929,0,0,0,3,3,833,75,21,3,932,0,0,0,932
02/06/2023,SFO,CA,AWP,WE,Towers with Radar,853,88,9,1,951,0,2,0,12,14,853,90,9,13,965,0,0,0,965
02/07/2023,SFO,CA,AWP,WE,Towers with Radar,818,63,23,0,904,0,4,0,9,13,818,67,23,9,917,0,0,0,917
02/08/2023,SFO,CA,AWP,WE,Towers with Radar,813,71,10,0,894,0,4,2,12,18,813,75,12,12,912,0,0,0,912
02/09/2023,SFO,CA,AWP,WE,Towers with Radar,872,86,24,2,984,0,0,0,11,11,872,86,24,13,995,0,0,0,995
02/10/2023,SFO,CA,AWP,WE,Towers with Radar,882,90,21,0,993,0,2,5,13,20,882,92,26,13,1013,0,0,0,1013
02/11/2023,SFO,CA,AWP,WE,Towers with Radar,826,60,9,1,896,0,2,1,2,5,826,62,10,3,901,0,0,0,901
02/12/2023,SFO,CA,AWP,WE,Towers with Radar,860,73,8,0,941,0,5,1,3,9,860,78,9,3,950,0,0,0,950
02/13/2023,SFO,CA,AWP,WE,Towers with Radar,898,82,15,0,995,0,4,2,8,14,898,86,17,8,1009,0,0,0,1009
02/14/2023,SFO,CA,AWP,WE,Towers with Radar,854,65,9,0,928,0,3,2,12,17,854,68,11,12,945,0,0,0,945
02/15/2023,SFO,CA,AWP,WE,Towers with Radar,856,85,34,0,975,0,0,0,12,12,856,85,34,12,987,0,0,0,987
02/16/2023,SFO,CA,AWP,WE,Towers with Radar,899,107,18,0,1024,0,2,2,10,14,899,109,20,10,1038,0,0,0,1038
02/17/2023,SFO,CA,AWP,WE,Towers with Radar,908,124,21,0,1053,0,1,1,2,4,908,125,22,2,1057,0,0,0,1057
02/18/2023,SFO,CA,AWP,WE,Towers with Radar,825,89,12,0,926,0,9,2,5,16,825,98,14,5,942,0,0,0,942
02/19/2023,SFO,CA,AWP,WE,Towers with Radar,881,64,12,0,957,0,5,0,2,7,881,69,12,2,964,0,0,0,964
02/20/2023,SFO,CA,AWP,WE,Towers with Radar,894,75,10,0,979,0,2,2,3,7,894,77,12,3,986,0,0,0,986
02/21/2023,SFO,CA,AWP,WE,Towers with Radar,863,65,14,0,942,0,1,0,8,9,863,66,14,8,951,0,0,0,951
02/22/2023,SFO,CA,AWP,WE,Towers with Radar,830,83,15,1,929,0,0,3,12,15,830,83,18,13,944,0,0,0,944
02/23/2023,SFO,CA,AWP,WE,Towers with Radar,855,69,14,0,938,0,0,0,8,8,855,69,14,8,946,0,0,0,946
02/24/2023,SFO,CA,AWP,WE,Towers with Radar,907,63,13,0,983,0,4,0,8,12,907,67,13,8,995,0,0,0,995
02/25/2023,SFO,CA,AWP,WE,Towers with Radar,832,86,17,0,935,0,0,0,2,2,832,86,17,2,937,0,0,0,937
02/26/2023,SFO,CA,AWP,WE,Towers with Radar,881,93,24,0,998,0,2,0,4,6,881,95,24,4,1004,0,0,0,1004
02/27/2023,SFO,CA,AWP,WE,Towers with Radar,897,71,10,0,978,0,0,2,13,15,897,71,12,13,993,0,0,0,993
02/28/2023,SFO,CA,AWP,WE,Towers with Radar,864,70,14,0,948,0,0,0,12,12,864,70,14,12,960,0,0,0,960
03/01/2023,SFO,CA,AWP,WE,Towers with Radar,873,76,13,2,964,0,1,8,8,17,873,77,21,10,981,0,0,0,981
03/02/2023,SFO,CA,AWP,WE,Towers with Radar,899,83,25,1,1008,0,2,0,12,14,899,85,25,13,1022,0,0,0,1022
03/03/2023,SFO,CA,AWP,WE,Towers with Radar,904,84,19,3,1010,0,5,5,11,21,904,89,24,14,1031,0,0,0,1031
03/04/2023,SFO,CA,AWP,WE,Towers with Radar,823,62,9,0,894,0,2,0,2,4,823,64,9,2,898,0,0,0,898
03/05/2023,SFO,CA,AWP,WE,Towers with Radar,865,88,21,0,974,0,1,3,2,6,865,89,24,2,980,0,0,0,980
03/06/2023,SFO,CA,AWP,WE,Towers with Radar,941,93,28,0,1062,0,2,0,10,12,941,95,28,10,1074,0,0,0,1074
03/07/2023,SFO,CA,AWP,WE,Towers with Radar,881,96,35,1,1013,0,0,4,12,16,881,96,39,13,1029,0,0,0,1029
03/08/2023,SFO,CA,AWP,WE,Towers with Radar,890,97,30,0,1017,0,2,0,9,11,890,99,30,9,1028,0,0,0,1028
03/09/2023,SFO,CA,AWP,WE,Towers with Radar,841,63,21,0,925,0,2,2,4,8,841,65,23,4,933,0,0,0,933
03/10/2023,SFO,CA,AWP,WE,Towers with Radar,964,92,11,0,1067,0,0,2,12,14,964,92,13,12,1081,0,0,0,1081
03/11/2023,SFO,CA,AWP,WE,Towers with Radar,850,76,19,0,945,0,2,0,2,4,850,78,19,2,949,0,0,0,949
03/12/2023,SFO,CA,AWP,WE,Towers with Radar,836,71,16,0,923,0,0,0,4,4,836,71,16,4,927,0,0,0,927
03/13/2023,SFO,CA,AWP,WE,Towers with Radar,895,72,21,1,989,0,0,0,6,6,895,72,21,7,995,0,0,0,995
03/14/2023,SFO,CA,AWP,WE,Towers with Radar,833,42,7,0,882,0,0,0,2,2,833,42,7,2,884,0,0,0,884
03/15/2023,SFO,CA,AWP,WE,Towers with Radar,900,93,18,0,1011,0,6,1,8,15,900,99,19,8,1026,0,0,0,1026
03/16/2023,SFO,CA,AWP,WE,Towers with Radar,945,75,22,0,1042,0,6,5,10,21,945,81,27,10,1063,0,0,0,1063
03/17/2023,SFO,CA,AWP,WE,Towers with Radar,934,87,21,0,1042,0,11,31,4,46,934,98,52,4,1088,0,0,0,1088
03/18/2023,SFO,CA,AWP,WE,Towers with Radar,840,63,8,0,911,0,13,1,2,16,840,76,9,2,927,0,0,0,927
03/19/2023,SFO,CA,AWP,WE,Towers with Radar,883,86,26,0,995,0,2,0,0,2,883,88,26,0,997,0,0,0,997
03/20/2023,SFO,CA,AWP,WE,Towers with Radar,953,91,13,0,1057,0,6,2,8,16,953,97,15,8,1073,0,0,0,1073
03/21/2023,SFO,CA,AWP,WE,Towers with Radar,739,35,9,0,783,0,0,0,0,0,739,35,9,0,783,0,0,0,783
03/22/2023,SFO,CA,AWP,WE,Towers with Radar,957,76,19,0,1052,0,4,0,12,16,957,80,19,12,1068,0,0,0,1068
03/23/2023,SFO,CA,AWP,WE,Towers with Radar,939,74,17,0,1030,0,0,1,11,12,939,74,18,11,1042,0,0,0,1042
03/24/2023,SFO,CA,AWP,WE,Towers with Radar,945,97,27,0,1069,0,0,7,4,11,945,97,34,4,1080,0,0,0,1080
03/25/2023,SFO,CA,AWP,WE,Towers with Radar,850,56,13,0,919,0,3,3,4,10,850,59,16,4,929,0,0,0,929
03/26/2023,SFO,CA,AWP,WE,Towers with Radar,862,91,15,0,968,0,8,6,3,17,862,99,21,3,985,0,0,0,985
03/27/2023,SFO,CA,AWP,WE,Towers with Radar,918,84,12,0,1014,0,8,0,11,19,918,92,12,11,1033,0,0,0,1033
03/28/2023,SFO,CA,AWP,WE,Towers with Radar,862,56,16,0,934,0,3,1,6,10,862,59,17,6,944,0,0,0,944
03/29/2023,SFO,CA,AWP,WE,Towers with Radar,896,78,13,0,987,0,0,0,14,14,896,78,13,14,1001,0,0,0,1001
03/30/2023,SFO,CA,AWP,WE,Towers with Radar,927,74,29,0,1030,0,2,2,11,15,927,76,31,11,1045,0,0,0,1045
03/31/2023,SFO,CA,AWP,WE,Towers with Radar,920,90,11,0,1021,0,5,1,6,12,920,95,12,6,1033,0,0,0,1033
04/01/2023,SFO,CA,AWP,WE,Towers with Radar,834,77,16,0,927,0,3,0,4,7,834,80,16,4,934,0,0,0,934
04/02/2023,SFO,CA,AWP,WE,Towers with Radar,869,83,26,0,978,0,4,0,2,6,869,87,26,2,984,0,0,0,984
04/03/2023,SFO,CA,AWP,WE,Towers with Radar,938,78,16,2,1034,0,2,0,6,8,938,80,16,8,1042,0,0,0,1042
04/04/2023,SFO,CA,AWP,WE,Towers with Radar,889,70,20,1,980,0,1,4,11,16,889,71,24,12,996,0,0,0,996
04/05/2023,SFO,CA,AWP,WE,Towers with Radar,886,84,30,0,1000,0,1,2,11,14,886,85,32,11,1014,0,0,0,1014
04/06/2023,SFO,CA,AWP,WE,Towers with Radar,943,86,18,0,1047,0,3,4,10,17,943,89,22,10,1064,0,0,0,1064
04/07/2023,SFO,CA,AWP,WE,Towers with Radar,952,84,12,2,1050,0,1,0,2,3,952,85,12,4,1053,0,0,0,1053
04/08/2023,SFO,CA,AWP,WE,Towers with Radar,853,71,8,2,934,0,9,0,5,14,853,80,8,7,948,0,0,0,948
04/09/2023,SFO,CA,AWP,WE,Towers with Radar,905,99,12,0,1016,0,1,0,5,6,905,100,12,5,1022,0,0,0,1022
04/10/2023,SFO,CA,AWP,WE,Towers with Radar,940,73,20,0,1033,0,0,1,9,10,940,73,21,9,1043,0,0,0,1043
04/11/2023,SFO,CA,AWP,WE,Towers with Radar,912,78,24,0,1014,0,0,0,12,12,912,78,24,12,1026,0,0,0,1026
04/12/2023,SFO,CA,AWP,WE,Towers with Radar,916,67,15,0,998,0,2,4,14,20,916,69,19,14,1018,0,0,0,1018
04/13/2023,SFO,CA,AWP,WE,Towers with Radar,953,78,24,0,1055,0,6,2,13,21,953,84,26,13,1076,0,0,0,1076
04/14/2023,SFO,CA,AWP,WE,Towers with Radar,920,86,18,0,1024,0,5,10,5,20,920,91,28,5,1044,0,0,0,1044
04/15/2023,SFO,CA,AWP,WE,Towers with Radar,829,86,25,0,940,0,0,4,6,10,829,86,29,6,950,0,0,0,950
04/16/2023,SFO,CA,AWP,WE,Towers with Radar,891,117,29,0,1037,0,8,3,6,17,891,125,32,6,1054,0,0,0,1054
04/17/2023,SFO,CA,AWP,WE,Towers with Radar,940,96,17,0,1053,0,0,2,7,9,940,96,19,7,1062,0,0,0,1062
04/18/2023,SFO,CA,AWP,WE,Towers with Radar,899,73,20,0,992,0,4,5,13,22,899,77,25,13,1014,0,0,0,1014
04/19/2023,SFO,CA,AWP,WE,Towers with Radar,900,65,14,0,979,0,1,0,11,12,900,66,14,11,991,0,0,0,991
04/20/2023,SFO,CA,AWP,WE,Towers with Radar,925,83,27,0,1035,0,12,1,6,19,925,95,28,6,1054,0,0,0,1054
04/21/2023,SFO,CA,AWP,WE,Towers with Radar,952,96,13,1,1062,0,7,0,5,12,952,103,13,6,1074,0,0,0,1074
04/22/2023,SFO,CA,AWP,WE,Towers with Radar,838,82,10,2,932,0,6,2,3,11,838,88,12,5,943,0,0,0,943
04/23/2023,SFO,CA,AWP,WE,Towers with Radar,907,111,19,0,1037,0,0,0,2,2,907,111,19,2,1039,0,0,0,1039
04/24/2023,SFO,CA,AWP,WE,Towers with Radar,945,63,24,0,1032,0,4,0,6,10,945,67,24,6,1042,0,0,0,1042
04/25/2023,SFO,CA,AWP,WE,Towers with Radar,907,79,21,0,1007,0,5,1,16,22,907,84,22,16,1029,0,0,0,1029
04/26/2023,SFO,CA,AWP,WE,Towers with Radar,914,88,36,3,1041,0,2,2,10,14,914,90,38,13,1055,0,0,0,1055
04/27/2023,SFO,CA,AWP,WE,Towers with Radar,960,82,28,0,1070,0,3,4,11,18,960,85,32,11,1088,0,0,0,1088
04/28/2023,SFO,CA,AWP,WE,Towers with Radar,945,88,17,0,1050,0,4,1,6,11,945,92,18,6,1061,0,0,0,1061
04/29/2023,SFO,CA,AWP,WE,Towers with Radar,845,63,11,0,919,0,4,0,4,8,845,67,11,4,927,0,0,0,927
04/30/2023,SFO,CA,AWP,WE,Towers with Radar,909,120,22,1,1052,0,4,0,3,7,909,124,22,4,1059,0,0,0,1059
05/01/2023,SFO,CA,AWP,WE,Towers with Radar,958,77,21,0,1056,0,7,0,8,15,958,84,21,8,1071,0,0,0,1071
05/02/2023,SFO,CA,AWP,WE,Towers with Radar,935,110,34,0,1079,0,0,0,6,6,935,110,34,6,1085,0,0,0,1085
05/03/2023,SFO,CA,AWP,WE,Towers with Radar,949,89,32,0,1070,0,0,0,7,7,949,89,32,7,1077,0,0,0,1077
05/04/2023,SFO,CA,AWP,WE,Towers with Radar,956,83,21,0,1060,0,1,3,7,11,956,84,24,7,1071,0,0,0,1071
05/05/2023,SFO,CA,AWP,WE,Towers with Radar,972,93,14,0,1079,0,0,8,5,13,972,93,22,5,1092,0,0,0,1092
05/06/2023,SFO,CA,AWP,WE,Towers with Radar,901,75,16,0,992,0,2,0,2,4,901,77,16,2,996,0,0,0,996
05/07/2023,SFO,CA,AWP,WE,Towers with Radar,967,120,15,0,1102,0,2,0,2,4,967,122,15,2,1106,0,0,0,1106
05/08/2023,SFO,CA,AWP,WE,Towers with Radar,986,79,20,0,1085,0,2,0,4,6,986,81,20,4,1091,0,0,0,1091
05/09/2023,SFO,CA,AWP,WE,Towers with Radar,959,103,33,0,1095,0,4,0,6,10,959,107,33,6,1105,0,0,0,1105
05/10/2023,SFO,CA,AWP,WE,Towers with Radar,952,111,42,0,1105,0,4,0,10,14,952,115,42,10,1119,0,0,0,1119
05/11/2023,SFO,CA,AWP,WE,Towers with Radar,1000,99,19,0,1118,0,1,0,11,12,1000,100,19,11,1130,0,0,0,1130
05/12/2023,SFO,CA,AWP,WE,Towers with Radar,1002,96,20,0,1118,0,1,1,3,5,1002,97,21,3,1123,0,0,0,1123
05/13/2023,SFO,CA,AWP,WE,Towers with Radar,926,61,3,0,990,0,1,1,2,4,926,62,4,2,994,0,0,0,994
05/14/2023,SFO,CA,AWP,WE,Towers with Radar,966,85,26,0,1077,0,3,0,4,7,966,88,26,4,1084,0,0,0,1084
05/15/2023,SFO,CA,AWP,WE,Towers with Radar,1006,78,5,0,1089,0,2,6,5,13,1006,80,11,5,1102,0,0,0,1102
05/16/2023,SFO,CA,AWP,WE,Towers with Radar,968,88,25,0,1081,0,2,0,11,13,968,90,25,11,1094,0,0,0,1094
05/17/2023,SFO,CA,AWP,WE,Towers with Radar,959,77,12,0,1048,0,1,1,8,10,959,78,13,8,1058,0,0,0,1058
05/18/2023,SFO,CA,AWP,WE,Towers with Radar,1002,89,25,2,1118,0,4,0,9,13,1002,93,25,11,1131,0,0,0,1131
05/19/2023,SFO,CA,AWP,WE,Towers with Radar,1022,98,23,0,1143,0,0,6,8,14,1022,98,29,8,1157,0,0,0,1157
05/20/2023,SFO,CA,AWP,WE,Towers with Radar,936,73,14,0,1023,0,3,5,5,13,936,76,19,5,1036,0,0,0,1036
05/21/2023,SFO,CA,AWP,WE,Towers with Radar,998,98,17,0,1113,0,4,0,7,11,998,102,17,7,1124,0,0,0,1124
05/22/2023,SFO,CA,AWP,WE,Towers with Radar,1028,76,9,0,1113,0,3,5,4,12,1028,79,14,4,1125,0,0,0,1125
05/23/2023,SFO,CA,AWP,WE,Towers with Radar,982,75,21,0,1078,0,1,0,10,11,982,76,21,10,1089,0,0,0,1089
05/24/2023,SFO,CA,AWP,WE,Towers with Radar,985,80,39,0,1104,0,7,2,10,19,985,87,41,10,1123,0,0,0,1123
05/25/2023,SFO,CA,AWP,WE,Towers with Radar,1014,91,24,0,1129,0,2,8,6,16,1014,93,32,6,1145,0,0,0,1145
05/26/2023,SFO,CA,AWP,WE,Towers with Radar,1007,108,30,0,1145,0,3,7,4,14,1007,111,37,4,1159,0,0,0,1159
05/27/2023,SFO,CA,AWP,WE,Towers with Radar,928,68,7,1,1004,0,2,0,4,6,928,70,7,5,1010,0,0,0,1010
05/28/2023,SFO,CA,AWP,WE,Towers with Radar,971,84,11,1,1067,0,0,0,2,2,971,84,11,3,1069,0,0,0,1069
05/29/2023,SFO,CA,AWP,WE,Towers with Radar,1013,136,15,0,1164,0,4,0,6,10,1013,140,15,6,1174,0,0,0,1174
05/30/2023,SFO,CA,AWP,WE,Towers with Radar,967,85,19,1,1072,0,1,2,9,12,967,86,21,10,1084,0,0,0,1084
05/31/2023,SFO,CA,AWP,WE,Towers with Radar,984,83,24,0,1091,0,3,0,11,14,984,86,24,11,1105,0,0,0,1105
06/01/2023,SFO,CA,AWP,WE,Towers with Radar,1019,85,26,1,1131,0,0,12,11,23,1019,85,38,12,1154,0,0,0,1154
06/02/2023,SFO,CA,AWP,WE,Towers with Radar,1025,74,30,0,1129,0,2,1,6,9,1025,76,31,6,1138,0,0,0,1138
06/03/2023,SFO,CA,AWP,WE,Towers with Radar,965,64,13,0,1042,0,0,4,2,6,965,64,17,2,1048,0,0,0,1048
06/04/2023,SFO,CA,AWP,WE,Towers with Radar,1012,96,20,0,1128,0,0,0,5,5,1012,96,20,5,1133,0,0,0,1133
06/05/2023,SFO,CA,AWP,WE,Towers with Radar,1053,63,15,0,1131,0,2,1,7,10,1053,65,16,7,1141,0,0,0,1141
06/06/2023,SFO,CA,AWP,WE,Towers with Radar,1009,56,26,1,1092,0,0,2,11,13,1009,56,28,12,1105,0,0,0,1105
06/07/2023,SFO,CA,AWP,WE,Towers with Radar,1008,71,17,1,1097,0,0,3,7,10,1008,71,20,8,1107,0,0,0,1107
06/08/2023,SFO,CA,AWP,WE,Towers with Radar,1041,86,16,1,1144,0,1,4,9,14,1041,87,20,10,1158,0,0,0,1158
06/09/2023,SFO,CA,AWP,WE,Towers with Radar,1036,97,14,0,1147,0,2,3,8,13,1036,99,17,8,1160,0,0,0,1160
06/10/2023,SFO,CA,AWP,WE,Towers with Radar,962,65,14,0,1041,0,0,0,4,4,962,65,14,4,1045,0,0,0,1045
06/11/2023,SFO,CA,AWP,WE,Towers with Radar,1015,78,22,2,1117,0,1,2,3,6,1015,79,24,5,1123,0,0,0,1123
06/12/2023,SFO,CA,AWP,WE,Towers with Radar,1052,84,13,1,1150,0,8,2,16,26,1052,92,15,17,1176,0,0,0,1176
06/13/2023,SFO,CA,AWP,WE,Towers with Radar,976,79,23,1,1079,0,3,0,10,13,976,82,23,11,1092,0,0,0,1092
06/14/2023,SFO,CA,AWP,WE,Towers with Radar,1042,106,22,2,1172,0,1,0,10,11,1042,107,22,12,1183,0,0,0,1183
06/15/2023,SFO,CA,AWP,WE,Towers with Radar,1018,82,26,4,1130,0,4,0,13,17,1018,86,26,17,1147,0,0,0,1147
06/16/2023,SFO,CA,AWP,WE,Towers with Radar,1042,84,19,4,1149,0,5,1,10,16,1042,89,20,14,1165,0,0,0,1165
06/17/2023,SFO,CA,AWP,WE,Towers with Radar,967,70,9,0,1046,0,3,0,4,7,967,73,9,4,1053,0,0,0,1053
06/18/2023,SFO,CA,AWP,WE,Towers with Radar,985,74,9,5,1073,0,3,2,8,13,985,77,11,13,1086,0,0,0,1086
06/19/2023,SFO,CA,AWP,WE,Towers with Radar,1047,82,9,3,1141,0,1,1,3,5,1047,83,10,6,1146,0,0,0,1146
06/20/2023,SFO,CA,AWP,WE,Towers with Radar,1006,33,2,4,1045,0,2,1,4,7,1006,35,3,8,1052,0,0,0,1052
06/21/2023,SFO,CA,AWP,WE,Towers with Radar,992,75,18,10,1095,0,8,5,8,21,992,83,23,18,1116,0,0,0,1116
06/22/2023,SFO,CA,AWP,WE,Towers with Radar,1022,89,16,4,1131,0,4,0,9,13,1022,93,16,13,1144,0,0,0,1144
06/23/2023,SFO,CA,AWP,WE,Towers with Radar,1055,91,6,1,1153,0,2,2,4,8,1055,93,8,5,1161,0,0,0,1161
06/24/2023,SFO,CA,AWP,WE,Towers with Radar,937,75,8,0,1020,0,1,0,7,8,937,76,8,7,1028,0,0,0,1028
06/25/2023,SFO,CA,AWP,WE,Towers with Radar,954,96,8,0,1058,0,0,0,2,2,954,96,8,2,1060,0,0,0,1060
06/26/2023,SFO,CA,AWP,WE,Towers with Radar,1005,82,10,0,1097,0,0,0,7,7,1005,82,10,7,1104,0,0,0,1104
06/27/2023,SFO,CA,AWP,WE,Towers with Radar,915,73,18,0,1006,0,2,0,10,12,915,75,18,10,1018,0,0,0,1018
06/28/2023,SFO,CA,AWP,WE,Towers with Radar,930,107,18,1,1056,0,3,1,8,12,930,110,19,9,1068,0,0,0,1068
06/29/2023,SFO,CA,AWP,WE,Towers with Radar,999,121,26,0,1146,0,2,4,14,20,999,123,30,14,1166,0,0,0,1166
06/30/2023,SFO,CA,AWP,WE,Towers with Radar,1035,111,27,2,1175,0,2,2,5,9,1035,113,29,7,1184,0,0,0,1184
07/01/2023,SFO,CA,AWP,WE,Towers with Radar,984,83,13,1,1081,0,3,0,2,5,984,86,13,3,1086,0,0,0,1086
07/02/2023,SFO,CA,AWP,WE,Towers with Radar,958,77,9,1,1045,0,3,7,3,13,958,80,16,4,1058,0,0,0,1058
07/03/2023,SFO,CA,AWP,WE,Towers with Radar,1004,54,12,1,1071,0,4,2,2,8,1004,58,14,3,1079,0,0,0,1079
07/04/2023,SFO,CA,AWP,WE,Towers with Radar,951,54,5,0,1010,0,5,2,7,14,951,59,7,7,1024,0,0,0,1024
07/05/2023,SFO,CA,AWP,WE,Towers with Radar,987,88,20,2,1097,0,3,1,10,14,987,91,21,12,1111,0,0,0,1111
07/06/2023,SFO,CA,AWP,WE,Towers with Radar,1040,78,8,2,1128,0,4,0,4,8,1040,82,8,6,1136,0,0,0,1136
07/07/2023,SFO,CA,AWP,WE,Towers with Radar,1031,82,11,0,1124,0,6,0,7,13,1031,88,11,7,1137,0,0,0,1137
07/08/2023,SFO,CA,AWP,WE,Towers with Radar,959,69,10,2,1040,0,4,0,7,11,959,73,10,9,1051,0,0,0,1051
07/09/2023,SFO,CA,AWP,WE,Towers with Radar,970,85,25,1,1081,0,1,0,4,5,970,86,25,5,1086,0,0,0,1086
07/10/2023,SFO,CA,AWP,WE,Towers with Radar,1046,88,17,0,1151,0,0,0,7,7,1046,88,17,7,1158,0,0,0,1158
07/11/2023,SFO,CA,AWP,WE,Towers with Radar,1027,78,18,0,1123,0,4,18,3,25,1027,82,36,3,1148,0,0,0,1148
07/12/2023,SFO,CA,AWP,WE,Towers with Radar,1009,76,26,0,1111,0,1,5,9,15,1009,77,31,9,1126,0,0,0,1126
07/13/2023,SFO,CA,AWP,WE,Towers with Radar,1050,90,24,0,1164,0,1,1,9,11,1050,91,25,9,1175,0,0,0,1175
07/14/2023,SFO,CA,AWP,WE,Towers with Radar,1048,71,19,0,1138,0,1,1,9,11,1048,72,20,9,1149,0,0,0,1149
07/15/2023,SFO,CA,AWP,WE,Towers with Radar,965,68,9,0,1042,0,2,2,2,6,965,70,11,2,1048,0,0,0,1048
07/16/2023,SFO,CA,AWP,WE,Towers with Radar,1000,81,20,0,1101,0,7,3,7,17,1000,88,23,7,1118,0,0,0,1118
07/17/2023,SFO,CA,AWP,WE,Towers with Radar,1039,80,15,0,1134,0,6,3,8,17,1039,86,18,8,1151,0,0,0,1151
07/18/2023,SFO,CA,AWP,WE,Towers with Radar,1018,77,22,0,1117,0,4,4,6,14,1018,81,26,6,1131,0,0,0,1131
07/19/2023,SFO,CA,AWP,WE,Towers with Radar,1027,112,17,0,1156,0,3,1,9,13,1027,115,18,9,1169,0,0,0,1169
07/20/2023,SFO,CA,AWP,WE,Towers with Radar,1041,86,10,0,1137,0,9,0,9,18,1041,95,10,9,1155,0,0,0,1155
07/21/2023,SFO,CA,AWP,WE,Towers with Radar,1035,75,11,1,1122,0,4,2,7,13,1035,79,13,8,1135,0,0,0,1135
07/22/2023,SFO,CA,AWP,WE,Towers with Radar,983,65,13,2,1063,0,1,0,3,4,983,66,13,5,1067,0,0,0,1067
07/23/2023,SFO,CA,AWP,WE,Towers with Radar,1003,99,11,2,1115,0,2,1,4,7,1003,101,12,6,1122,0,0,0,1122
07/24/2023,SFO,CA,AWP,WE,Towers with Radar,1040,97,16,1,1154,0,3,0,9,12,1040,100,16,10,1166,0,0,0,1166
07/25/2023,SFO,CA,AWP,WE,Towers with Radar,1009,68,11,0,1088,0,4,2,10,16,1009,72,13,10,1104,0,0,0,1104
07/26/2023,SFO,CA,AWP,WE,Towers with Radar,1010,76,14,0,1100,0,1,2,8,11,1010,77,16,8,1111,0,0,0,1111
07/27/2023,SFO,CA,AWP,WE,Towers with Radar,1051,88,16,1,1156,0,1,2,6,9,1051,89,18,7,1165,0,0,0,1165
07/28/2023,SFO,CA,AWP,WE,Towers with Radar,1037,91,19,0,1147,0,4,0,4,8,1037,95,19,4,1155,0,0,0,1155
07/29/2023,SFO,CA,AWP,WE,Towers with Radar,954,75,7,1,1037,0,5,3,5,13,954,80,10,6,1050,0,0,0,1050
07/30/2023,SFO,CA,AWP,WE,Towers with Radar,972,109,11,0,1092,0,1,2,4,7,972,110,13,4,1099,0,0,0,1099
07/31/2023,SFO,CA,AWP,WE,Towers with Radar,1056,93,13,0,1162,0,5,0,11,16,1056,98,13,11,1178,0,0,0,1178
08/01/2023,SFO,CA,AWP,WE,Towers with Radar,1032,76,13,0,1121,0,0,0,8,8,1032,76,13,8,1129,0,0,0,1129
08/02/2023,SFO,CA,AWP,WE,Towers with Radar,1015,77,10,1,1103,0,2,4,11,17,1015,79,14,12,1120,0,0,0,1120
08/03/2023,SFO,CA,AWP,WE,Towers with Radar,1034,79,18,2,1133,0,3,0,7,10,1034,82,18,9,1143,0,0,0,1143
08/04/2023,SFO,CA,AWP,WE,Towers with Radar,1064,71,13,0,1148,0,4,0,2,6,1064,75,13,2,1154,0,0,0,1154
08/05/2023,SFO,CA,AWP,WE,Towers with Radar,980,62,10,0,1052,0,2,2,8,12,980,64,12,8,1064,0,0,0,1064
08/06/2023,SFO,CA,AWP,WE,Towers with Radar,1000,86,12,2,1100,0,7,1,6,14,1000,93,13,8,1114,0,0,0,1114
08/07/2023,SFO,CA,AWP,WE,Towers with Radar,1021,82,13,0,1116,0,3,0,5,8,1021,85,13,5,1124,0,0,0,1124
08/08/2023,SFO,CA,AWP,WE,Towers with Radar,1033,85,16,0,1134,0,1,2,7,10,1033,86,18,7,1144,0,0,0,1144
08/09/2023,SFO,CA,AWP,WE,Towers with Radar,1024,72,18,0,1114,0,2,12,6,20,1024,74,30,6,1134,0,0,0,1134
08/10/2023,SFO,CA,AWP,WE,Towers with Radar,1058,69,14,0,1141,0,2,1,10,13,1058,71,15,10,1154,0,0,0,1154
08/11/2023,SFO,CA,AWP,WE,Towers with Radar,1069,64,18,1,1152,0,0,0,3,3,1069,64,18,4,1155,0,0,0,1155
08/12/2023,SFO,CA,AWP,WE,Towers with Radar,987,64,19,0,1070,0,3,0,2,5,987,67,19,2,1075,0,0,0,1075
08/13/2023,SFO,CA,AWP,WE,Towers with Radar,1024,77,18,0,1119,0,2,1,2,5,1024,79,19,2,1124,0,0,0,1124
08/14/2023,SFO,CA,AWP,WE,Towers with Radar,1037,60,30,2,1129,0,0,1,5,6,1037,60,31,7,1135,0,0,0,1135
08/15/2023,SFO,CA,AWP,WE,Towers with Radar,1013,69,22,0,1104,0,0,0,14,14,1013,69,22,14,1118,0,0,0,1118
08/16/2023,SFO,CA,AWP,WE,Towers with Radar,1017,77,17,0,1111,0,3,4,12,19,1017,80,21,12,1130,0,0,0,1130
08/17/2023,SFO,CA,AWP,WE,Towers with Radar,1043,76,21,1,1141,0,1,6,10,17,1043,77,27,11,1158,0,0,0,1158
08/18/2023,SFO,CA,AWP,WE,Towers with Radar,1038,79,12,2,1131,0,3,2,3,8,1038,82,14,5,1139,0,0,0,1139
08/19/2023,SFO,CA,AWP,WE,Towers with Radar,990,70,11,1,1072,0,4,1,3,8,990,74,12,4,1080,0,0,0,1080
08/20/2023,SFO,CA,AWP,WE,Towers with Radar,954,84,18,1,1057,0,2,0,2,4,954,86,18,3,1061,0,0,0,1061
08/21/2023,SFO,CA,AWP,WE,Towers with Radar,1030,76,10,0,1116,0,1,0,7,8,1030,77,10,7,1124,0,0,0,1124
08/22/2023,SFO,CA,AWP,WE,Towers with Radar,1021,76,12,2,1111,0,0,0,6,6,1021,76,12,8,1117,0,0,0,1117
08/23/2023,SFO,CA,AWP,WE,Towers with Radar,999,76,27,0,1102,0,3,2,12,17,999,79,29,12,1119,0,0,0,1119
08/24/2023,SFO,CA,AWP,WE,Towers with Radar,1063,70,14,0,1147,0,4,1,7,12,1063,74,15,7,1159,0,0,0,1159
08/25/2023,SFO,CA,AWP,WE,Towers with Radar,1037,73,12,1,1123,0,0,0,8,8,1037,73,12,9,1131,0,0,0,1131
08/26/2023,SFO,CA,AWP,WE,Towers with Radar,983,54,4,0,1041,0,0,0,3,3,983,54,4,3,1044,0,0,0,1044
08/27/2023,SFO,CA,AWP,WE,Towers with Radar,1000,76,13,1,1090,0,2,1,6,9,1000,78,14,7,1099,0,0,0,1099
08/28/2023,SFO,CA,AWP,WE,Towers with Radar,1036,87,9,2,1134,0,5,0,9,14,1036,92,9,11,1148,0,0,0,1148
08/29/2023,SFO,CA,AWP,WE,Towers with Radar,1007,80,23,1,1111,0,2,1,7,10,1007,82,24,8,1121,0,0,0,1121
08/30/2023,SFO,CA,AWP,WE,Towers with Radar,1005,72,14,1,1092,0,3,0,11,14,1005,75,14,12,1106,0,0,0,1106
08/31/2023,SFO,CA,AWP,WE,Towers with Radar,1051,92,18,2,1163,0,3,1,6,10,1051,95,19,8,1173,0,0,0,1173
01/01/2020,SFO,CA,AWP,WE,Towers with Radar,1009,147,14,0,1170,0,0,0,0,0,1009,147,14,0,1170,0,0,0,1170
01/02/2020,SFO,CA,AWP,WE,Towers with Radar,1111,158,18,0,1287,0,2,7,4,13,1111,160,25,4,1300,0,0,0,1300
01/03/2020,SFO,CA,AWP,WE,Towers with Radar,1088,146,16,1,1251,0,3,6,6,15,1088,149,22,7,1266,0,0,0,1266
01/04/2020,SFO,CA,AWP,WE,Towers with Radar,1023,149,24,0,1196,0,1,5,5,11,1023,150,29,5,1207,0,0,0,1207
01/05/2020,SFO,CA,AWP,WE,Towers with Radar,1075,175,23,0,1273,0,2,5,4,11,1075,177,28,4,1284,0,0,0,1284
01/06/2020,SFO,CA,AWP,WE,Towers with Radar,1066,153,26,0,1245,0,0,5,9,14,1066,153,31,9,1259,0,0,0,1259
01/07/2020,SFO,CA,AWP,WE,Towers with Radar,976,159,18,6,1159,0,0,3,6,9,976,159,21,12,1168,0,0,0,1168
01/08/2020,SFO,CA,AWP,WE,Towers with Radar,1000,169,26,0,1195,0,1,2,2,5,1000,170,28,2,1200,0,0,0,1200
01/09/2020,SFO,CA,AWP,WE,Towers with Radar,1035,147,18,1,1201,0,3,5,9,17,1035,150,23,10,1218,0,0,0,1218
01/10/2020,SFO,CA,AWP,WE,Towers with Radar,1014,147,22,1,1184,0,1,2,11,14,1014,148,24,12,1198,0,0,0,1198
01/11/2020,SFO,CA,AWP,WE,Towers with Radar,881,132,14,0,1027,0,0,4,2,6,881,132,18,2,1033,0,0,0,1033
01/12/2020,SFO,CA,AWP,WE,Towers with Radar,959,188,57,1,1205,0,0,4,7,11,959,188,61,8,1216,0,0,0,1216
01/13/2020,SFO,CA,AWP,WE,Towers with Radar,1020,171,42,1,1234,0,0,2,8,10,1020,171,44,9,1244,0,0,0,1244
01/14/2020,SFO,CA,AWP,WE,Towers with Radar,940,166,33,2,1141,0,0,7,12,19,940,166,40,14,1160,0,0,0,1160
01/15/2020,SFO,CA,AWP,WE,Towers with Radar,983,210,75,0,1268,0,2,5,12,19,983,212,80,12,1287,0,0,0,1287
01/16/2020,SFO,CA,AWP,WE,Towers with Radar,953,152,37,0,1142,0,0,2,6,8,953,152,39,6,1150,0,0,0,1150
01/17/2020,SFO,CA,AWP,WE,Towers with Radar,1041,182,40,0,1263,0,0,7,8,15,1041,182,47,8,1278,0,0,0,1278
01/18/2020,SFO,CA,AWP,WE,Towers with Radar,852,141,14,0,1007,0,0,8,4,12,852,141,22,4,1019,0,0,0,1019
01/19/2020,SFO,CA,AWP,WE,Towers with Radar,924,156,13,2,1095,0,2,6,5,13,924,158,19,7,1108,0,0,0,1108
01/20/2020,SFO,CA,AWP,WE,Towers with Radar,1008,185,26,0,1219,0,5,8,2,15,1008,190,34,2,1234,0,0,0,1234
01/21/2020,SFO,CA,AWP,WE,Towers with Radar,915,114,17,2,1048,0,0,3,7,10,915,114,20,9,1058,0,0,0,1058
01/22/2020,SFO,CA,AWP,WE,Towers with Radar,1001,165,17,1,1184,0,6,6,10,22,1001,171,23,11,1206,0,0,0,1206
01/23/2020,SFO,CA,AWP,WE,Towers with Radar,1028,175,21,0,1224,0,2,4,10,16,1028,177,25,10,1240,0,0,0,1240
01/24/2020,SFO,CA,AWP,WE,Towers with Radar,1022,171,29,0,1222,0,0,9,9,18,1022,171,38,9,1240,0,0,0,1240
01/25/2020,SFO,CA,AWP,WE,Towers with Radar,873,138,11,1,1023,0,0,2,2,4,873,138,13,3,1027,0,0,0,1027
01/26/2020,SFO,CA,AWP,WE,Towers with Radar,982,176,14,1,1173,0,0,4,1,5,982,176,18,2,1178,0,0,0,1178
01/27/2020,SFO,CA,AWP,WE,Towers with Radar,1004,156,18,0,1178,0,3,2,14,19,1004,159,20,14,1197,0,0,0,1197
01/28/2020,SFO,CA,AWP,WE,Towers with Radar,939,163,16,0,1118,0,0,4,14,18,939,163,20,14,1136,0,0,0,1136
01/29/2020,SFO,CA,AWP,WE,Towers with Radar,972,178,20,0,1170,0,5,3,8,16,972,183,23,8,1186,0,0,0,1186
01/30/2020,SFO,CA,AWP,WE,Towers with Radar,1026,175,26,2,1229,0,0,2,6,8,1026,175,28,8,1237,0,0,0,1237
01/31/2020,SFO,CA,AWP,WE,Towers with Radar,1041,161,10,0,1212,0,4,5,2,11,1041,165,15,2,1223,0,0,0,1223
02/01/2020,SFO,CA,AWP,WE,Towers with Radar,903,111,15,1,1030,0,2,2,1,5,903,113,17,2,1035,0,0,0,1035
02/02/2020,SFO,CA,AWP,WE,Towers with Radar,950,162,24,0,1136,0,0,1,4,5,950,162,25,4,1141,0,0,0,1141
02/03/2020,SFO,CA,AWP,WE,Towers with Radar,1026,175,29,0,1230,0,1,4,9,14,1026,176,33,9,1244,0,0,0,1244
02/04/2020,SFO,CA,AWP,WE,Towers with Radar,936,166,22,4,1128,0,3,2,11,16,936,169,24,15,1144,0,0,0,1144
02/05/2020,SFO,CA,AWP,WE,Towers with Radar,964,158,20,0,1142,0,2,4,15,21,964,160,24,15,1163,0,0,0,1163
02/06/2020,SFO,CA,AWP,WE,Towers with Radar,1001,159,33,0,1193,0,1,4,4,9,1001,160,37,4,1202,0,0,0,1202
02/07/2020,SFO,CA,AWP,WE,Towers with Radar,992,147,21,1,1161,0,2,2,10,14,992,149,23,11,1175,0,0,0,1175
02/08/2020,SFO,CA,AWP,WE,Towers with Radar,866,142,20,2,1030,0,2,7,9,18,866,144,27,11,1048,0,0,0,1048
02/09/2020,SFO,CA,AWP,WE,Towers with Radar,943,147,16,0,1106,0,0,10,4,14,943,147,26,4,1120,0,0,0,1120
02/10/2020,SFO,CA,AWP,WE,Towers with Radar,1015,175,33,1,1224,0,1,4,7,12,1015,176,37,8,1236,0,0,0,1236
02/11/2020,SFO,CA,AWP,WE,Towers with Radar,936,158,36,0,1130,0,6,9,10,25,936,164,45,10,1155,0,0,0,1155
02/12/2020,SFO,CA,AWP,WE,Towers with Radar,960,184,35,0,1179,0,1,2,12,15,960,185,37,12,1194,0,0,0,1194
02/13/2020,SFO,CA,AWP,WE,Towers with Radar,1053,169,28,0,1250,0,0,4,11,15,1053,169,32,11,1265,0,0,0,1265
02/14/2020,SFO,CA,AWP,WE,Towers with Radar,1060,184,35,1,1280,0,3,7,4,14,1060,187,42,5,1294,0,0,0,1294
02/15/2020,SFO,CA,AWP,WE,Towers with Radar,908,137,12,1,1058,0,2,11,2,15,908,139,23,3,1073,0,0,0,1073
02/16/2020,SFO,CA,AWP,WE,Towers with Radar,950,133,15,0,1098,0,2,9,2,13,950,135,24,2,1111,0,0,0,1111
02/17/2020,SFO,CA,AWP,WE,Towers with Radar,1040,160,15,0,1215,0,1,4,4,9,1040,161,19,4,1224,0,0,0,1224
02/18/2020,SFO,CA,AWP,WE,Towers with Radar,1001,155,25,3,1184,0,2,6,11,19,1001,157,31,14,1203,0,0,0,1203
02/19/2020,SFO,CA,AWP,WE,Towers with Radar,1020,148,30,1,1199,0,4,6,8,18,1020,152,36,9,1217,0,0,0,1217
02/20/2020,SFO,CA,AWP,WE,Towers with Radar,1044,145,16,1,1206,0,3,2,9,14,1044,148,18,10,1220,0,0,0,1220
02/21/2020,SFO,CA,AWP,WE,Towers with Radar,1066,159,19,0,1244,0,0,6,9,15,1066,159,25,9,1259,0,0,0,1259
02/22/2020,SFO,CA,AWP,WE,Towers with Radar,938,140,15,1,1094,0,3,4,11,18,938,143,19,12,1112,0,0,0,1112
02/23/2020,SFO,CA,AWP,WE,Towers with Radar,1009,172,28,0,1209,0,6,4,4,14,1009,178,32,4,1223,0,0,0,1223
02/24/2020,SFO,CA,AWP,WE,Towers with Radar,1056,156,24,1,1237,0,3,4,10,17,1056,159,28,11,1254,0,0,0,1254
02/25/2020,SFO,CA,AWP,WE,Towers with Radar,1013,171,19,4,1207,0,1,4,11,16,1013,172,23,15,1223,0,0,0,1223
02/26/2020,SFO,CA,AWP,WE,Towers with Radar,1019,157,33,5,1214,0,3,3,9,15,1019,160,36,14,1229,0,0,0,1229
02/27/2020,SFO,CA,AWP,WE,Towers with Radar,1074,153,40,1,1268,0,4,6,7,17,1074,157,46,8,1285,0,0,0,1285
02/28/2020,SFO,CA,AWP,WE,Towers with Radar,1072,166,27,1,1266,0,6,4,6,16,1072,172,31,7,1282,0,0,0,1282
02/29/2020,SFO,CA,AWP,WE,Towers with Radar,925,137,15,1,1078,0,3,4,7,14,925,140,19,8,1092,0,0,0,1092
03/01/2020,SFO,CA,AWP,WE,Towers with Radar,1009,181,14,1,1205,0,1,2,2,5,1009,182,16,3,1210,0,0,0,1210
03/02/2020,SFO,CA,AWP,WE,Towers with Radar,1055,153,27,0,1235,0,1,4,9,14,1055,154,31,9,1249,0,0,0,1249
03/03/2020,SFO,CA,AWP,WE,Towers with Radar,997,160,44,0,1201,0,5,3,10,18,997,165,47,10,1219,0,0,0,1219
03/04/2020,SFO,CA,AWP,WE,Towers with Radar,1038,164,32,0,1234,0,5,2,11,18,1038,169,34,11,1252,0,0,0,1252
03/05/2020,SFO,CA,AWP,WE,Towers with Radar,1058,178,34,5,1275,0,1,6,8,15,1058,179,40,13,1290,0,0,0,1290
03/06/2020,SFO,CA,AWP,WE,Towers with Radar,1064,174,28,2,1268,0,0,2,9,11,1064,174,30,11,1279,0,0,0,1279
03/07/2020,SFO,CA,AWP,WE,Towers with Radar,948,143,11,1,1103,0,0,6,6,12,948,143,17,7,1115,0,0,0,1115
03/08/2020,SFO,CA,AWP,WE,Towers with Radar,1008,166,20,0,1194,0,5,2,1,8,1008,171,22,1,1202,0,0,0,1202
03/09/2020,SFO,CA,AWP,WE,Towers with Radar,1052,135,21,0,1208,0,1,3,4,8,1052,136,24,4,1216,0,0,0,1216
03/10/2020,SFO,CA,AWP,WE,Towers with Radar,1016,149,22,5,1192,0,2,9,11,22,1016,151,31,16,1214,0,0,0,1214
03/11/2020,SFO,CA,AWP,WE,Towers with Radar,1006,162,17,0,1185,0,0,0,11,11,1006,162,17,11,1196,0,0,0,1196
03/12/2020,SFO,CA,AWP,WE,Towers with Radar,1053,152,32,0,1237,0,2,3,11,16,1053,154,35,11,1253,0,0,0,1253
03/13/2020,SFO,CA,AWP,WE,Towers with Radar,1059,151,10,0,1220,0,0,4,6,10,1059,151,14,6,1230,0,0,0,1230
03/14/2020,SFO,CA,AWP,WE,Towers with Radar,915,143,11,0,1069,0,0,2,2,4,915,143,13,2,1073,0,0,0,1073
03/15/2020,SFO,CA,AWP,WE,Towers with Radar,983,149,21,0,1153,0,2,4,2,8,983,151,25,2,1161,0,0,0,1161
03/16/2020,SFO,CA,AWP,WE,Towers with Radar,1036,159,27,0,1222,0,0,0,6,6,1036,159,27,6,1228,0,0,0,1228
03/17/2020,SFO,CA,AWP,WE,Towers with Radar,947,129,13,4,1093,0,3,0,5,8,947,132,13,9,1101,0,0,0,1101
03/18/2020,SFO,CA,AWP,WE,Towers with Radar,911,108,2,0,1021,0,0,0,4,4,911,108,2,4,1025,0,0,0,1025
03/19/2020,SFO,CA,AWP,WE,Towers with Radar,857,110,4,0,971,0,0,1,3,4,857,110,5,3,975,0,0,0,975
03/20/2020,SFO,CA,AWP,WE,Towers with Radar,845,117,12,0,974,0,1,2,8,11,845,118,14,8,985,0,0,0,985
03/21/2020,SFO,CA,AWP,WE,Towers with Radar,663,67,5,1,736,0,0,2,1,3,663,67,7,2,739,0,0,0,739
03/22/2020,SFO,CA,AWP,WE,Towers with Radar,634,87,5,0,726,0,0,0,2,2,634,87,5,2,728,0,0,0,728
03/23/2020,SFO,CA,AWP,WE,Towers with Radar,610,76,2,0,688,0,0,0,6,6,610,76,2,6,694,0,0,0,694
03/24/2020,SFO,CA,AWP,WE,Towers with Radar,514,66,3,4,587,0,0,0,6,6,514,66,3,10,593,0,0,0,593
03/25/2020,SFO,CA,AWP,WE,Towers with Radar,533,70,6,0,609,0,1,0,7,8,533,71,6,7,617,0,0,0,617
03/26/2020,SFO,CA,AWP,WE,Towers with Radar,464,57,3,0,524,0,0,4,6,10,464,57,7,6,534,0,0,0,534
03/27/2020,SFO,CA,AWP,WE,Towers with Radar,454,65,2,4,525,0,0,0,1,1,454,65,2,5,526,0,0,0,526
03/28/2020,SFO,CA,AWP,WE,Towers with Radar,430,65,7,0,502,0,0,1,2,3,430,65,8,2,505,0,0,0,505
03/29/2020,SFO,CA,AWP,WE,Towers with Radar,436,65,6,2,509,0,0,0,2,2,436,65,6,4,511,0,0,0,511
03/30/2020,SFO,CA,AWP,WE,Towers with Radar,410,63,2,0,475,0,0,0,8,8,410,63,2,8,483,0,0,0,483
03/31/2020,SFO,CA,AWP,WE,Towers with Radar,412,81,3,4,500,0,0,0,11,11,412,81,3,15,511,0,0,0,511
04/01/2020,SFO,CA,AWP,WE,Towers with Radar,280,39,1,1,321,0,0,0,7,7,280,39,1,8,328,0,0,0,328
04/02/2020,SFO,CA,AWP,WE,Towers with Radar,248,23,4,0,275,0,4,0,8,12,248,27,4,8,287,0,0,0,287
04/03/2020,SFO,CA,AWP,WE,Towers with Radar,267,26,5,0,298,0,2,0,11,13,267,28,5,11,311,0,0,0,311
04/04/2020,SFO,CA,AWP,WE,Towers with Radar,245,34,1,3,283,0,0,0,5,5,245,34,1,8,288,0,0,0,288
04/05/2020,SFO,CA,AWP,WE,Towers with Radar,260,33,4,0,297,0,1,0,3,4,260,34,4,3,301,0,0,0,301
04/06/2020,SFO,CA,AWP,WE,Towers with Radar,277,33,1,0,311,0,0,0,12,12,277,33,1,12,323,0,0,0,323
04/07/2020,SFO,CA,AWP,WE,Towers with Radar,244,22,1,4,271,0,0,6,11,17,244,22,7,15,288,0,0,0,288
04/08/2020,SFO,CA,AWP,WE,Towers with Radar,250,25,8,3,286,0,0,1,7,8,250,25,9,10,294,0,0,0,294
04/09/2020,SFO,CA,AWP,WE,Towers with Radar,251,31,3,0,285,0,2,2,8,12,251,33,5,8,297,0,0,0,297
04/10/2020,SFO,CA,AWP,WE,Towers with Radar,236,35,0,0,271,0,0,5,6,11,236,35,5,6,282,0,0,0,282
04/11/2020,SFO,CA,AWP,WE,Towers with Radar,229,32,3,2,266,0,0,1,6,7,229,32,4,8,273,0,0,0,273
04/12/2020,SFO,CA,AWP,WE,Towers with Radar,201,26,9,2,238,0,0,3,7,10,201,26,12,9,248,0,0,0,248
04/13/2020,SFO,CA,AWP,WE,Towers with Radar,227,28,2,0,257,0,1,0,9,10,227,29,2,9,267,0,0,0,267
04/14/2020,SFO,CA,AWP,WE,Towers with Radar,192,34,3,1,230,0,2,3,11,16,192,36,6,12,246,0,0,0,246
04/15/2020,SFO,CA,AWP,WE,Towers with Radar,220,23,4,2,249,0,1,4,7,12,220,24,8,9,261,0,0,0,261
04/16/2020,SFO,CA,AWP,WE,Towers with Radar,218,22,4,1,245,0,0,0,5,5,218,22,4,6,250,0,0,0,250
04/17/2020,SFO,CA,AWP,WE,Towers with Radar,206,17,0,2,225,0,0,0,7,7,206,17,0,9,232,0,0,0,232
04/18/2020,SFO,CA,AWP,WE,Towers with Radar,202,34,3,4,243,0,1,2,5,8,202,35,5,9,251,0,0,0,251
04/19/2020,SFO,CA,AWP,WE,Towers with Radar,192,31,3,1,227,0,0,2,8,10,192,31,5,9,237,0,0,0,237
04/20/2020,SFO,CA,AWP,WE,Towers with Radar,204,19,1,0,224,0,2,0,8,10,204,21,1,8,234,0,0,0,234
04/21/2020,SFO,CA,AWP,WE,Towers with Radar,191,27,2,3,223,0,0,8,6,14,191,27,10,9,237,0,0,0,237
04/22/2020,SFO,CA,AWP,WE,Towers with Radar,194,31,9,1,235,0,2,7,6,15,194,33,16,7,250,0,0,0,250
04/23/2020,SFO,CA,AWP,WE,Towers with Radar,204,28,2,0,234,0,2,5,10,17,204,30,7,10,251,0,0,0,251
04/24/2020,SFO,CA,AWP,WE,Towers with Radar,200,25,5,1,231,0,0,8,6,14,200,25,13,7,245,0,0,0,245
04/25/2020,SFO,CA,AWP,WE,Towers with Radar,191,25,5,0,221,0,2,4,10,16,191,27,9,10,237,0,0,0,237
04/26/2020,SFO,CA,AWP,WE,Towers with Radar,183,29,3,2,217,0,0,5,4,9,183,29,8,6,226,0,0,0,226
04/27/2020,SFO,CA,AWP,WE,Towers with Radar,197,25,3,0,225,0,2,6,8,16,197,27,9,8,241,0,0,0,241
04/28/2020,SFO,CA,AWP,WE,Towers with Radar,178,30,3,3,214,0,1,13,7,21,178,31,16,10,235,0,0,0,235
04/29/2020,SFO,CA,AWP,WE,Towers with Radar,195,29,1,0,225,0,0,0,6,6,195,29,1,6,231,0,0,0,231
04/30/2020,SFO,CA,AWP,WE,Towers with Radar,194,26,1,0,221,0,2,0,8,10,194,28,1,8,231,0,0,0,231
05/01/2020,SFO,CA,AWP,WE,Towers with Radar,203,26,4,0,233,0,1,2,8,11,203,27,6,8,244,0,0,0,244
05/02/2020,SFO,CA,AWP,WE,Towers with Radar,181,30,5,2,218,0,0,2,8,10,181,30,7,10,228,0,0,0,228
05/03/2020,SFO,CA,AWP,WE,Towers with Radar,194,30,5,0,229,0,2,15,6,23,194,32,20,6,252,0,0,0,252
05/04/2020,SFO,CA,AWP,WE,Towers with Radar,210,36,10,3,259,0,0,4,7,11,210,36,14,10,270,0,0,0,270
05/05/2020,SFO,CA,AWP,WE,Towers with Radar,200,35,0,4,239,0,3,0,8,11,200,38,0,12,250,0,0,0,250
05/06/2020,SFO,CA,AWP,WE,Towers with Radar,221,45,3,3,272,0,0,4,12,16,221,45,7,15,288,0,0,0,288
05/07/2020,SFO,CA,AWP,WE,Towers with Radar,226,49,7,0,282,0,3,2,7,12,226,52,9,7,294,0,0,0,294
05/08/2020,SFO,CA,AWP,WE,Towers with Radar,222,48,4,3,277,0,2,3,8,13,222,50,7,11,290,0,0,0,290
05/09/2020,SFO,CA,AWP,WE,Towers with Radar,219,34,7,0,260,0,3,5,7,15,219,37,12,7,275,0,0,0,275
05/10/2020,SFO,CA,AWP,WE,Towers with Radar,226,54,3,4,287,0,0,2,4,6,226,54,5,8,293,0,0,0,293
05/11/2020,SFO,CA,AWP,WE,Towers with Radar,226,44,6,0,276,0,0,0,5,5,226,44,6,5,281,0,0,0,281
05/12/2020,SFO,CA,AWP,WE,Towers with Radar,218,43,7,5,273,0,1,1,9,11,218,44,8,14,284,0,0,0,284
05/13/2020,SFO,CA,AWP,WE,Towers with Radar,229,40,4,0,273,0,0,0,6,6,229,40,4,6,279,0,0,0,279
05/14/2020,SFO,CA,AWP,WE,Towers with Radar,242,37,10,2,291,0,1,4,4,9,242,38,14,6,300,0,0,0,300
05/15/2020,SFO,CA,AWP,WE,Towers with Radar,232,50,4,1,287,0,0,0,3,3,232,50,4,4,290,0,0,0,290
05/16/2020,SFO,CA,AWP,WE,Towers with Radar,224,36,5,0,265,0,0,6,4,10,224,36,11,4,275,0,0,0,275
05/17/2020,SFO,CA,AWP,WE,Towers with Radar,220,46,3,0,269,0,0,0,2,2,220,46,3,2,271,0,0,0,271
05/18/2020,SFO,CA,AWP,WE,Towers with Radar,238,47,5,0,290,0,3,0,8,11,238,50,5,8,301,0,0,0,301
05/19/2020,SFO,CA,AWP,WE,Towers with Radar,222,38,2,5,267,0,0,2,7,9,222,38,4,12,276,0,0,0,276
05/20/2020,SFO,CA,AWP,WE,Towers with Radar,228,38,3,1,270,0,1,2,5,8,228,39,5,6,278,0,0,0,278
05/21/2020,SFO,CA,AWP,WE,Towers with Radar,247,46,7,1,301,0,3,3,7,13,247,49,10,8,314,0,0,0,314
05/22/2020,SFO,CA,AWP,WE,Towers with Radar,258,55,12,0,325,0,3,2,5,10,258,58,14,5,335,0,0,0,335
05/23/2020,SFO,CA,AWP,WE,Towers with Radar,243,44,10,0,297,0,10,4,6,20,243,54,14,6,317,0,0,0,317
05/24/2020,SFO,CA,AWP,WE,Towers with Radar,237,49,5,1,292,0,3,2,4,9,237,52,7,5,301,0,0,0,301
05/25/2020,SFO,CA,AWP,WE,Towers with Radar,243,50,3,0,296,0,3,5,6,14,243,53,8,6,310,0,0,0,310
05/26/2020,SFO,CA,AWP,WE,Towers with Radar,240,40,8,4,292,0,0,3,11,14,240,40,11,15,306,0,0,0,306
05/27/2020,SFO,CA,AWP,WE,Towers with Radar,240,54,8,0,302,0,1,23,7,31,240,55,31,7,333,0,0,0,333
05/28/2020,SFO,CA,AWP,WE,Towers with Radar,252,59,9,0,320,0,1,2,4,7,252,60,11,4,327,0,0,0,327
05/29/2020,SFO,CA,AWP,WE,Towers with Radar,259,41,11,2,313,0,3,4,9,16,259,44,15,11,329,0,0,0,329
05/30/2020,SFO,CA,AWP,WE,Towers with Radar,244,58,8,0,310,0,5,0,4,9,244,63,8,4,319,0,0,0,319
05/31/2020,SFO,CA,AWP,WE,Towers with Radar,250,59,7,0,316,0,1,0,6,7,250,60,7,6,323,0,0,0,323
06/01/2020,SFO,CA,AWP,WE,Towers with Radar,257,57,10,4,328,0,1,0,10,11,257,58,10,14,339,0,0,0,339
06/02/2020,SFO,CA,AWP,WE,Towers with Radar,262,49,6,3,320,0,3,1,5,9,262,52,7,8,329,0,0,0,329
06/03/2020,SFO,CA,AWP,WE,Towers with Radar,268,37,5,0,310,0,2,8,7,17,268,39,13,7,327,0,0,0,327
06/04/2020,SFO,CA,AWP,WE,Towers with Radar,284,37,8,0,329,0,2,5,8,15,284,39,13,8,344,0,0,0,344
06/05/2020,SFO,CA,AWP,WE,Towers with Radar,283,48,16,0,347,0,0,2,6,8,283,48,18,6,355,0,0,0,355
06/06/2020,SFO,CA,AWP,WE,Towers with Radar,274,43,2,0,319,0,0,2,5,7,274,43,4,5,326,0,0,0,326
06/07/2020,SFO,CA,AWP,WE,Towers with Radar,305,47,6,0,358,0,0,2,9,11,305,47,8,9,369,0,0,0,369
06/08/2020,SFO,CA,AWP,WE,Towers with Radar,305,34,7,2,348,0,5,3,6,14,305,39,10,8,362,0,0,0,362
06/09/2020,SFO,CA,AWP,WE,Towers with Radar,300,43,4,4,351,0,1,0,10,11,300,44,4,14,362,0,0,0,362
06/10/2020,SFO,CA,AWP,WE,Towers with Radar,306,50,11,0,367,0,10,4,13,27,306,60,15,13,394,0,0,0,394
06/11/2020,SFO,CA,AWP,WE,Towers with Radar,327,59,4,1,391,0,2,0,9,11,327,61,4,10,402,0,0,0,402
06/12/2020,SFO,CA,AWP,WE,Towers with Radar,325,49,13,0,387,0,1,0,6,7,325,50,13,6,394,0,0,0,394
06/13/2020,SFO,CA,AWP,WE,Towers with Radar,305,50,5,0,360,0,1,0,2,3,305,51,5,2,363,0,0,0,363
06/14/2020,SFO,CA,AWP,WE,Towers with Radar,326,49,5,0,380,0,0,4,0,4,326,49,9,0,384,0,0,0,384
06/15/2020,SFO,CA,AWP,WE,Towers with Radar,315,43,9,0,367,0,2,0,8,10,315,45,9,8,377,0,0,0,377
06/16/2020,SFO,CA,AWP,WE,Towers with Radar,316,54,8,4,382,0,2,1,6,9,316,56,9,10,391,0,0,0,391
06/17/2020,SFO,CA,AWP,WE,Towers with Radar,310,58,17,2,387,0,2,4,7,13,310,60,21,9,400,0,0,0,400
06/18/2020,SFO,CA,AWP,WE,Towers with Radar,341,46,17,2,406,0,1,0,2,3,341,47,17,4,409,0,0,0,409
06/19/2020,SFO,CA,AWP,WE,Towers with Radar,323,63,13,0,399,0,2,0,3,5,323,65,13,3,404,0,0,0,404
06/20/2020,SFO,CA,AWP,WE,Towers with Radar,316,66,13,0,395,0,1,2,2,5,316,67,15,2,400,0,0,0,400
06/21/2020,SFO,CA,AWP,WE,Towers with Radar,327,51,4,0,382,0,2,3,2,7,327,53,7,2,389,0,0,0,389
06/22/2020,SFO,CA,AWP,WE,Towers with Radar,334,55,11,0,400,0,1,2,8,11,334,56,13,8,411,0,0,0,411
06/23/2020,SFO,CA,AWP,WE,Towers with Radar,323,54,10,4,391,0,8,0,12,20,323,62,10,16,411,0,0,0,411
06/24/2020,SFO,CA,AWP,WE,Towers with Radar,329,54,16,0,399,0,4,2,12,18,329,58,18,12,417,0,0,0,417
06/25/2020,SFO,CA,AWP,WE,Towers with Radar,353,74,15,0,442,0,0,2,6,8,353,74,17,6,450,0,0,0,450
06/26/2020,SFO,CA,AWP,WE,Towers with Radar,334,73,12,0,419,0,6,0,4,10,334,79,12,4,429,0,0,0,429
06/27/2020,SFO,CA,AWP,WE,Towers with Radar,321,66,8,1,396,0,0,1,2,3,321,66,9,3,399,0,0,0,399
06/28/2020,SFO,CA,AWP,WE,Towers with Radar,338,68,13,0,419,0,0,0,3,3,338,68,13,3,422,0,0,0,422
06/29/2020,SFO,CA,AWP,WE,Towers with Radar,321,47,8,0,376,0,2,2,7,11,321,49,10,7,387,0,0,0,387
06/30/2020,SFO,CA,AWP,WE,Towers with Radar,320,51,8,4,383,0,1,1,8,10,320,52,9,12,393,0,0,0,393
07/01/2020,SFO,CA,AWP,WE,Towers with Radar,344,56,25,2,427,0,2,1,6,9,344,58,26,8,436,0,0,0,436
07/02/2020,SFO,CA,AWP,WE,Towers with Radar,364,60,15,0,439,0,0,4,6,10,364,60,19,6,449,0,0,0,449
07/03/2020,SFO,CA,AWP,WE,Towers with Radar,375,54,13,0,442,0,2,9,2,13,375,56,22,2,455,0,0,0,455
07/04/2020,SFO,CA,AWP,WE,Towers with Radar,338,41,4,0,383,0,0,8,0,8,338,41,12,0,391,0,0,0,391
07/05/2020,SFO,CA,AWP,WE,Towers with Radar,376,65,6,0,447,0,6,7,9,22,376,71,13,9,469,0,0,0,469
07/06/2020,SFO,CA,AWP,WE,Towers with Radar,425,69,10,0,504,0,6,5,11,22,425,75,15,11,526,0,0,0,526
07/07/2020,SFO,CA,AWP,WE,Towers with Radar,438,60,15,5,518,0,6,6,9,21,438,66,21,14,539,0,0,0,539
07/08/2020,SFO,CA,AWP,WE,Towers with Radar,451,57,10,2,520,0,2,2,14,18,451,59,12,16,538,0,0,0,538
07/09/2020,SFO,CA,AWP,WE,Towers with Radar,461,62,15,0,538,0,1,0,7,8,461,63,15,7,546,0,0,0,546
07/10/2020,SFO,CA,AWP,WE,Towers with Radar,466,60,10,1,537,0,3,0,7,10,466,63,10,8,547,0,0,0,547
07/11/2020,SFO,CA,AWP,WE,Towers with Radar,467,54,6,0,527,0,1,4,4,9,467,55,10,4,536,0,0,0,536
07/12/2020,SFO,CA,AWP,WE,Towers with Radar,462,67,9,0,538,0,7,3,7,17,462,74,12,7,555,0,0,0,555
07/13/2020,SFO,CA,AWP,WE,Towers with Radar,457,57,6,0,520,0,2,0,8,10,457,59,6,8,530,0,0,0,530
07/14/2020,SFO,CA,AWP,WE,Towers with Radar,428,56,3,5,492,0,2,3,8,13,428,58,6,13,505,0,0,0,505
07/15/2020,SFO,CA,AWP,WE,Towers with Radar,451,64,12,0,527,0,0,0,4,4,451,64,12,4,531,0,0,0,531
07/16/2020,SFO,CA,AWP,WE,Towers with Radar,471,64,14,1,550,0,0,0,7,7,471,64,14,8,557,0,0,0,557
07/17/2020,SFO,CA,AWP,WE,Towers with Radar,479,65,13,0,557,0,0,0,8,8,479,65,13,8,565,0,0,0,565
07/18/2020,SFO,CA,AWP,WE,Towers with Radar,465,51,5,0,521,0,3,0,7,10,465,54,5,7,531,0,0,0,531
07/19/2020,SFO,CA,AWP,WE,Towers with Radar,460,62,7,0,529,0,6,0,6,12,460,68,7,6,541,0,0,0,541
07/20/2020,SFO,CA,AWP,WE,Towers with Radar,456,71,7,1,535,0,0,0,6,6,456,71,7,7,541,0,0,0,541
07/21/2020,SFO,CA,AWP,WE,Towers with Radar,434,66,10,5,515,0,0,0,6,6,434,66,10,11,521,0,0,0,521
07/22/2020,SFO,CA,AWP,WE,Towers with Radar,453,61,9,0,523,0,0,4,12,16,453,61,13,12,539,0,0,0,539
07/23/2020,SFO,CA,AWP,WE,Towers with Radar,468,64,2,0,534,0,0,0,4,4,468,64,2,4,538,0,0,0,538
07/24/2020,SFO,CA,AWP,WE,Towers with Radar,457,73,15,0,545,0,0,0,2,2,457,73,15,2,547,0,0,0,547
07/25/2020,SFO,CA,AWP,WE,Towers with Radar,454,65,15,0,534,0,2,0,6,8,454,67,15,6,542,0,0,0,542
07/26/2020,SFO,CA,AWP,WE,Towers with Radar,462,68,3,0,533,0,2,0,8,10,462,70,3,8,543,0,0,0,543
07/27/2020,SFO,CA,AWP,WE,Towers with Radar,459,63,3,2,527,0,1,0,7,8,459,64,3,9,535,0,0,0,535
07/28/2020,SFO,CA,AWP,WE,Towers with Radar,419,61,15,4,499,0,3,2,2,7,419,64,17,6,506,0,0,0,506
07/29/2020,SFO,CA,AWP,WE,Towers with Radar,446,70,8,1,525,0,4,0,6,10,446,74,8,7,535,0,0,0,535
07/30/2020,SFO,CA,AWP,WE,Towers with Radar,439,61,8,2,510,0,0,0,6,6,439,61,8,8,516,0,0,0,516
07/31/2020,SFO,CA,AWP,WE,Towers with Radar,455,72,17,1,545,0,4,0,0,4,455,76,17,1,549,0,0,0,549
08/01/2020,SFO,CA,AWP,WE,Towers with Radar,475,73,6,1,555,0,0,2,2,4,475,73,8,3,559,0,0,0,559
08/02/2020,SFO,CA,AWP,WE,Towers with Radar,477,84,13,0,574,0,4,1,4,9,477,88,14,4,583,0,0,0,583
08/03/2020,SFO,CA,AWP,WE,Towers with Radar,481,72,15,0,568,0,3,2,9,14,481,75,17,9,582,0,0,0,582
08/04/2020,SFO,CA,AWP,WE,Towers with Radar,439,75,6,4,524,0,0,0,4,4,439,75,6,8,528,0,0,0,528
08/05/2020,SFO,CA,AWP,WE,Towers with Radar,465,92,14,0,571,0,2,2,8,12,465,94,16,8,583,0,0,0,583
08/06/2020,SFO,CA,AWP,WE,Towers with Radar,484,81,8,0,573,0,0,0,8,8,484,81,8,8,581,0,0,0,581
08/07/2020,SFO,CA,AWP,WE,Towers with Radar,489,96,15,1,601,0,6,3,6,15,489,102,18,7,616,0,0,0,616
08/08/2020,SFO,CA,AWP,WE,Towers with Radar,483,78,12,0,573,0,0,2,2,4,483,78,14,2,577,0,0,0,577
08/09/2020,SFO,CA,AWP,WE,Towers with Radar,481,128,12,0,621,0,2,2,6,10,481,130,14,6,631,0,0,0,631
08/10/2020,SFO,CA,AWP,WE,Towers with Radar,469,76,12,0,557,0,0,2,6,8,469,76,14,6,565,0,0,0,565
08/11/2020,SFO,CA,AWP,WE,Towers with Radar,422,73,8,4,507,0,4,0,12,16,422,77,8,16,523,0,0,0,523
08/12/2020,SFO,CA,AWP,WE,Towers with Radar,447,80,8,0,535,0,5,2,6,13,447,85,10,6,548,0,0,0,548
08/13/2020,SFO,CA,AWP,WE,Towers with Radar,463,78,9,1,551,0,0,0,7,7,463,78,9,8,558,0,0,0,558
08/14/2020,SFO,CA,AWP,WE,Towers with Radar,464,71,8,0,543,0,0,0,6,6,464,71,8,6,549,0,0,0,549
08/15/2020,SFO,CA,AWP,WE,Towers with Radar,446,94,6,0,546,0,0,2,5,7,446,94,8,5,553,0,0,0,553
08/16/2020,SFO,CA,AWP,WE,Towers with Radar,466,88,8,0,562,0,8,3,9,20,466,96,11,9,582,0,0,0,582
08/17/2020,SFO,CA,AWP,WE,Towers with Radar,454,78,12,0,544,0,1,5,10,16,454,79,17,10,560,0,0,0,560
08/18/2020,SFO,CA,AWP,WE,Towers with Radar,415,84,8,6,513,0,3,3,10,16,415,87,11,16,529,0,0,0,529
08/19/2020,SFO,CA,AWP,WE,Towers with Radar,431,82,9,2,524,0,4,0,9,13,431,86,9,11,537,0,0,0,537
08/20/2020,SFO,CA,AWP,WE,Towers with Radar,454,88,14,2,558,0,2,0,6,8,454,90,14,8,566,0,0,0,566
08/21/2020,SFO,CA,AWP,WE,Towers with Radar,456,63,11,1,531,0,0,0,9,9,456,63,11,10,540,0,0,0,540
08/22/2020,SFO,CA,AWP,WE,Towers with Radar,442,87,9,2,540,0,0,0,2,2,442,87,9,4,542,0,0,0,542
08/23/2020,SFO,CA,AWP,WE,Towers with Radar,459,98,16,0,573,0,0,0,2,2,459,98,16,2,575,0,0,0,575
08/24/2020,SFO,CA,AWP,WE,Towers with Radar,450,78,5,2,535,0,2,0,2,4,450,80,5,4,539,0,0,0,539
08/25/2020,SFO,CA,AWP,WE,Towers with Radar,410,67,12,4,493,0,0,0,6,6,410,67,12,10,499,0,0,0,499
08/26/2020,SFO,CA,AWP,WE,Towers with Radar,426,83,7,2,518,0,0,0,10,10,426,83,7,12,528,0,0,0,528
08/27/2020,SFO,CA,AWP,WE,Towers with Radar,460,76,8,2,546,0,0,0,8,8,460,76,8,10,554,0,0,0,554
08/28/2020,SFO,CA,AWP,WE,Towers with Radar,457,75,4,1,537,0,0,0,1,1,457,75,4,2,538,0,0,0,538
08/29/2020,SFO,CA,AWP,WE,Towers with Radar,448,92,9,0,549,0,0,0,5,5,448,92,9,5,554,0,0,0,554
08/30/2020,SFO,CA,AWP,WE,Towers with Radar,456,93,23,2,574,0,1,1,2,4,456,94,24,4,578,0,0,0,578
08/31/2020,SFO,CA,AWP,WE,Towers with Radar,449,78,6,1,534,0,0,0,3,3,449,78,6,4,537,0,0,0,537
09/01/2020,SFO,CA,AWP,WE,Towers with Radar,428,73,9,4,514,0,2,0,11,13,428,75,9,15,527,0,0,0,527
09/02/2020,SFO,CA,AWP,WE,Towers with Radar,437,68,10,0,515,0,0,2,9,11,437,68,12,9,526,0,0,0,526
09/03/2020,SFO,CA,AWP,WE,Towers with Radar,481,58,14,0,553,0,0,0,8,8,481,58,14,8,561,0,0,0,561
09/04/2020,SFO,CA,AWP,WE,Towers with Radar,482,75,13,1,571,0,1,0,7,8,482,76,13,8,579,0,0,0,579
09/05/2020,SFO,CA,AWP,WE,Towers with Radar,452,55,7,0,514,0,6,2,3,11,452,61,9,3,525,0,0,0,525
09/06/2020,SFO,CA,AWP,WE,Towers with Radar,435,60,3,0,498,0,3,2,6,11,435,63,5,6,509,0,0,0,509
09/07/2020,SFO,CA,AWP,WE,Towers with Radar,463,82,4,1,550,0,6,0,4,10,463,88,4,5,560,0,0,0,560
09/08/2020,SFO,CA,AWP,WE,Towers with Radar,407,64,7,4,482,0,2,0,6,8,407,66,7,10,490,0,0,0,490
09/09/2020,SFO,CA,AWP,WE,Towers with Radar,455,58,17,1,531,0,2,0,11,13,455,60,17,12,544,0,0,0,544
09/10/2020,SFO,CA,AWP,WE,Towers with Radar,455,70,10,1,536,0,0,0,0,0,455,70,10,1,536,0,0,0,536
09/11/2020,SFO,CA,AWP,WE,Towers with Radar,474,73,13,0,560,0,0,0,0,0,474,73,13,0,560,0,0,0,560
09/12/2020,SFO,CA,AWP,WE,Towers with Radar,455,57,10,0,522,0,0,0,0,0,455,57,10,0,522,0,0,0,522
09/13/2020,SFO,CA,AWP,WE,Towers with Radar,464,82,9,2,557,0,0,0,0,0,464,82,9,2,557,0,0,0,557
09/14/2020,SFO,CA,AWP,WE,Towers with Radar,450,58,8,1,517,0,0,0,0,0,450,58,8,1,517,0,0,0,517
09/15/2020,SFO,CA,AWP,WE,Towers with Radar,404,56,6,4,470,0,0,2,5,7,404,56,8,9,477,0,0,0,477
09/16/2020,SFO,CA,AWP,WE,Towers with Radar,445,53,6,1,505,0,0,0,8,8,445,53,6,9,513,0,0,0,513
09/17/2020,SFO,CA,AWP,WE,Towers with Radar,461,58,13,3,535,0,0,0,5,5,461,58,13,8,540,0,0,0,540
09/18/2020,SFO,CA,AWP,WE,Towers with Radar,473,69,13,2,557,0,0,2,4,6,473,69,15,6,563,0,0,0,563
09/19/2020,SFO,CA,AWP,WE,Towers with Radar,462,59,7,2,530,0,0,0,4,4,462,59,7,6,534,0,0,0,534
09/20/2020,SFO,CA,AWP,WE,Towers with Radar,477,72,18,0,567,0,1,0,3,4,477,73,18,3,571,0,0,0,571
09/21/2020,SFO,CA,AWP,WE,Towers with Radar,462,56,5,1,524,0,0,0,8,8,462,56,5,9,532,0,0,0,532
09/22/2020,SFO,CA,AWP,WE,Towers with Radar,418,45,5,4,472,0,1,0,11,12,418,46,5,15,484,0,0,0,484
09/23/2020,SFO,CA,AWP,WE,Towers with Radar,445,55,11,0,511,0,2,2,8,12,445,57,13,8,523,0,0,0,523
09/24/2020,SFO,CA,AWP,WE,Towers with Radar,457,61,14,1,533,0,2,0,6,8,457,63,14,7,541,0,0,0,541
09/25/2020,SFO,CA,AWP,WE,Towers with Radar,462,54,12,0,528,0,2,0,12,14,462,56,12,12,542,0,0,0,542
09/26/2020,SFO,CA,AWP,WE,Towers with Radar,460,43,10,0,513,0,3,1,3,7,460,46,11,3,520,0,0,0,520
09/27/2020,SFO,CA,AWP,WE,Towers with Radar,472,60,12,0,544,1,3,0,4,8,473,63,12,4,552,0,0,0,552
09/28/2020,SFO,CA,AWP,WE,Towers with Radar,467,58,17,0,542,0,5,2,7,14,467,63,19,7,556,0,0,0,556
09/29/2020,SFO,CA,AWP,WE,Towers with Radar,417,57,11,4,489,0,2,0,6,8,417,59,11,10,497,0,0,0,497
09/30/2020,SFO,CA,AWP,WE,Towers with Radar,446,69,19,1,535,0,2,0,9,11,446,71,19,10,546,0,0,0,546
10/01/2020,SFO,CA,AWP,WE,Towers with Radar,453,52,11,0,516,0,0,0,10,10,453,52,11,10,526,0,0,0,526
10/02/2020,SFO,CA,AWP,WE,Towers with Radar,493,46,16,0,555,0,0,0,6,6,493,46,16,6,561,0,0,0,561
10/03/2020,SFO,CA,AWP,WE,Towers with Radar,461,55,13,1,530,0,0,2,4,6,461,55,15,5,536,0,0,0,536
10/04/2020,SFO,CA,AWP,WE,Towers with Radar,514,65,18,0,597,0,5,3,4,12,514,70,21,4,609,0,0,0,609
10/05/2020,SFO,CA,AWP,WE,Towers with Radar,550,42,11,0,603,0,0,1,9,10,550,42,12,9,613,0,0,0,613
10/06/2020,SFO,CA,AWP,WE,Towers with Radar,423,37,8,4,472,0,0,2,7,9,423,37,10,11,481,0,0,0,481
10/07/2020,SFO,CA,AWP,WE,Towers with Radar,467,58,15,0,540,0,2,2,8,12,467,60,17,8,552,0,0,0,552
10/08/2020,SFO,CA,AWP,WE,Towers with Radar,480,63,12,0,555,0,2,2,7,11,480,65,14,7,566,0,0,0,566
10/09/2020,SFO,CA,AWP,WE,Towers with Radar,512,63,15,1,591,0,6,1,6,13,512,69,16,7,604,0,0,0,604
10/10/2020,SFO,CA,AWP,WE,Towers with Radar,484,57,12,0,553,0,3,1,2,6,484,60,13,2,559,0,0,0,559
10/11/2020,SFO,CA,AWP,WE,Towers with Radar,520,72,17,0,609,0,3,1,3,7,520,75,18,3,616,0,0,0,616
10/12/2020,SFO,CA,AWP,WE,Towers with Radar,501,51,14,0,566,0,9,11,5,25,501,60,25,5,591,0,0,0,591
10/13/2020,SFO,CA,AWP,WE,Towers with Radar,421,45,13,4,483,0,1,4,9,14,421,46,17,13,497,0,0,0,497
10/14/2020,SFO,CA,AWP,WE,Towers with Radar,467,45,15,0,527,0,3,4,8,15,467,48,19,8,542,0,0,0,542
10/15/2020,SFO,CA,AWP,WE,Towers with Radar,485,58,7,0,550,0,8,3,12,23,485,66,10,12,573,0,0,0,573
10/16/2020,SFO,CA,AWP,WE,Towers with Radar,510,64,21,1,596,0,1,6,6,13,510,65,27,7,609,0,0,0,609
10/17/2020,SFO,CA,AWP,WE,Towers with Radar,488,41,10,0,539,0,2,3,6,11,488,43,13,6,550,0,0,0,550
10/18/2020,SFO,CA,AWP,WE,Towers with Radar,525,66,14,0,605,0,2,2,2,6,525,68,16,2,611,0,0,0,611
10/19/2020,SFO,CA,AWP,WE,Towers with Radar,514,52,8,0,574,0,5,1,6,12,514,57,9,6,586,0,0,0,586
10/20/2020,SFO,CA,AWP,WE,Towers with Radar,429,34,9,4,476,0,4,0,11,15,429,38,9,15,491,0,0,0,491
10/21/2020,SFO,CA,AWP,WE,Towers with Radar,468,48,9,0,525,0,1,0,15,16,468,49,9,15,541,0,0,0,541
10/22/2020,SFO,CA,AWP,WE,Towers with Radar,470,63,12,1,546,0,4,0,9,13,470,67,12,10,559,0,0,0,559
10/23/2020,SFO,CA,AWP,WE,Towers with Radar,509,45,13,2,569,0,4,3,6,13,509,49,16,8,582,0,0,0,582
10/24/2020,SFO,CA,AWP,WE,Towers with Radar,470,57,12,1,540,0,3,0,4,7,470,60,12,5,547,0,0,0,547
10/25/2020,SFO,CA,AWP,WE,Towers with Radar,510,52,16,0,578,0,1,2,6,9,510,53,18,6,587,0,0,0,587
10/26/2020,SFO,CA,AWP,WE,Towers with Radar,503,46,11,0,560,0,3,4,8,15,503,49,15,8,575,0,0,0,575
10/27/2020,SFO,CA,AWP,WE,Towers with Radar,428,43,6,3,480,0,3,0,7,10,428,46,6,10,490,0,0,0,490
10/28/2020,SFO,CA,AWP,WE,Towers with Radar,473,43,7,0,523,0,7,3,8,18,473,50,10,8,541,0,0,0,541
10/29/2020,SFO,CA,AWP,WE,Towers with Radar,471,57,12,0,540,0,1,0,6,7,471,58,12,6,547,0,0,0,547
10/30/2020,SFO,CA,AWP,WE,Towers with Radar,499,51,8,0,558,0,5,2,7,14,499,56,10,7,572,0,0,0,572
10/31/2020,SFO,CA,AWP,WE,Towers with Radar,452,42,8,0,502,0,4,1,3,8,452,46,9,3,510,0,0,0,510
11/01/2020,SFO,CA,AWP,WE,Towers with Radar,501,61,14,0,576,0,2,1,3,6,501,63,15,3,582,0,0,0,582
11/02/2020,SFO,CA,AWP,WE,Towers with Radar,494,47,5,3,549,0,0,0,5,5,494,47,5,8,554,0,0,0,554
11/03/2020,SFO,CA,AWP,WE,Towers with Radar,445,33,9,4,491,0,3,1,6,10,445,36,10,10,501,0,0,0,501
11/04/2020,SFO,CA,AWP,WE,Towers with Radar,479,50,14,0,543,0,3,0,3,6,479,53,14,3,549,0,0,0,549
11/05/2020,SFO,CA,AWP,WE,Towers with Radar,511,73,9,2,595,0,3,2,7,12,511,76,11,9,607,0,0,0,607
11/06/2020,SFO,CA,AWP,WE,Towers with Radar,509,41,13,0,563,0,2,2,6,10,509,43,15,6,573,0,0,0,573
11/07/2020,SFO,CA,AWP,WE,Towers with Radar,467,34,8,0,509,0,0,2,12,14,467,34,10,12,523,0,0,0,523
11/08/2020,SFO,CA,AWP,WE,Towers with Radar,512,62,13,0,587,0,4,0,7,11,512,66,13,7,598,0,0,0,598
11/09/2020,SFO,CA,AWP,WE,Towers with Radar,485,58,14,0,557,0,5,2,11,18,485,63,16,11,575,0,0,0,575
11/10/2020,SFO,CA,AWP,WE,Towers with Radar,444,58,11,4,517,0,1,0,10,11,444,59,11,14,528,0,0,0,528
11/11/2020,SFO,CA,AWP,WE,Towers with Radar,479,53,11,0,543,0,3,0,4,7,479,56,11,4,550,0,0,0,550
11/12/2020,SFO,CA,AWP,WE,Towers with Radar,491,61,18,0,570,0,5,2,4,11,491,66,20,4,581,0,0,0,581
11/13/2020,SFO,CA,AWP,WE,Towers with Radar,514,61,21,0,596,0,0,0,5,5,514,61,21,5,601,0,0,0,601
11/14/2020,SFO,CA,AWP,WE,Towers with Radar,485,51,8,0,544,0,6,0,10,16,485,57,8,10,560,0,0,0,560
11/15/2020,SFO,CA,AWP,WE,Towers with Radar,512,63,23,0,598,0,3,3,8,14,512,66,26,8,612,0,0,0,612
11/16/2020,SFO,CA,AWP,WE,Towers with Radar,497,50,19,0,566,0,6,1,7,14,497,56,20,7,580,0,0,0,580
11/17/2020,SFO,CA,AWP,WE,Towers with Radar,447,50,12,0,509,0,0,1,8,9,447,50,13,8,518,0,0,0,518
11/18/2020,SFO,CA,AWP,WE,Towers with Radar,483,46,12,1,542,0,0,0,5,5,483,46,12,6,547,0,0,0,547
11/19/2020,SFO,CA,AWP,WE,Towers with Radar,496,65,12,0,573,0,4,2,8,14,496,69,14,8,587,0,0,0,587
11/20/2020,SFO,CA,AWP,WE,Towers with Radar,537,59,21,0,617,0,1,5,8,14,537,60,26,8,631,0,0,0,631
11/21/2020,SFO,CA,AWP,WE,Towers with Radar,524,75,19,0,618,0,4,1,6,11,524,79,20,6,629,0,0,0,629
11/22/2020,SFO,CA,AWP,WE,Towers with Radar,531,77,20,1,629,0,3,2,6,11,531,80,22,7,640,0,0,0,640
11/23/2020,SFO,CA,AWP,WE,Towers with Radar,487,51,15,1,554,0,7,0,8,15,487,58,15,9,569,0,0,0,569
11/24/2020,SFO,CA,AWP,WE,Towers with Radar,523,61,16,5,605,0,10,0,11,21,523,71,16,16,626,0,0,0,626
11/25/2020,SFO,CA,AWP,WE,Towers with Radar,537,62,10,0,609,0,4,2,4,10,537,66,12,4,619,0,0,0,619
11/26/2020,SFO,CA,AWP,WE,Towers with Radar,326,32,2,0,360,0,9,0,1,10,326,41,2,1,370,0,0,0,370
11/27/2020,SFO,CA,AWP,WE,Towers with Radar,477,33,8,0,518,0,4,0,2,6,477,37,8,2,524,0,0,0,524
11/28/2020,SFO,CA,AWP,WE,Towers with Radar,554,64,23,1,642,0,4,0,6,10,554,68,23,7,652,0,0,0,652
11/29/2020,SFO,CA,AWP,WE,Towers with Radar,561,93,29,0,683,0,4,2,4,10,561,97,31,4,693,0,0,0,693
11/30/2020,SFO,CA,AWP,WE,Towers with Radar,533,64,13,0,610,0,2,0,14,16,533,66,13,14,626,0,0,0,626
12/01/2020,SFO,CA,AWP,WE,Towers with Radar,471,40,14,4,529,0,0,2,8,10,471,40,16,12,539,0,0,0,539
12/02/2020,SFO,CA,AWP,WE,Towers with Radar,464,31,2,1,498,0,2,0,11,13,464,33,2,12,511,0,0,0,511
12/03/2020,SFO,CA,AWP,WE,Towers with Radar,464,44,16,0,524,0,2,1,8,11,464,46,17,8,535,0,0,0,535
12/04/2020,SFO,CA,AWP,WE,Towers with Radar,475,44,15,2,536,0,9,2,9,20,475,53,17,11,556,0,0,0,556
12/05/2020,SFO,CA,AWP,WE,Towers with Radar,448,45,12,0,505,0,1,0,9,10,448,46,12,9,515,0,0,0,515
12/06/2020,SFO,CA,AWP,WE,Towers with Radar,491,69,10,1,571,0,2,0,6,8,491,71,10,7,579,0,0,0,579
12/07/2020,SFO,CA,AWP,WE,Towers with Radar,476,44,7,1,528,0,0,0,6,6,476,44,7,7,534,0,0,0,534
12/08/2020,SFO,CA,AWP,WE,Towers with Radar,423,41,6,4,474,0,1,2,10,13,423,42,8,14,487,0,0,0,487
12/09/2020,SFO,CA,AWP,WE,Towers with Radar,442,42,17,0,501,0,7,0,13,20,442,49,17,13,521,0,0,0,521
12/10/2020,SFO,CA,AWP,WE,Towers with Radar,456,39,4,0,499,0,4,1,10,15,456,43,5,10,514,0,0,0,514
12/11/2020,SFO,CA,AWP,WE,Towers with Radar,486,48,13,3,550,0,0,0,7,7,486,48,13,10,557,0,0,0,557
12/12/2020,SFO,CA,AWP,WE,Towers with Radar,444,38,11,0,493,0,1,0,7,8,444,39,11,7,501,0,0,0,501
12/13/2020,SFO,CA,AWP,WE,Towers with Radar,490,51,12,0,553,0,2,0,1,3,490,53,12,1,556,0,0,0,556
12/14/2020,SFO,CA,AWP,WE,Towers with Radar,460,39,7,0,506,0,0,0,9,9,460,39,7,9,515,0,0,0,515
12/15/2020,SFO,CA,AWP,WE,Towers with Radar,433,49,3,5,490,0,4,0,10,14,433,53,3,15,504,0,0,0,504
12/16/2020,SFO,CA,AWP,WE,Towers with Radar,440,65,9,0,514,0,4,1,8,13,440,69,10,8,527,0,0,0,527
12/17/2020,SFO,CA,AWP,WE,Towers with Radar,513,77,9,0,599,0,1,0,2,3,513,78,9,2,602,0,0,0,602
12/18/2020,SFO,CA,AWP,WE,Towers with Radar,537,109,17,0,663,0,3,1,4,8,537,112,18,4,671,0,0,0,671
12/19/2020,SFO,CA,AWP,WE,Towers with Radar,515,96,19,0,630,0,5,3,7,15,515,101,22,7,645,0,0,0,645
12/20/2020,SFO,CA,AWP,WE,Towers with Radar,536,88,14,0,638,0,2,1,4,7,536,90,15,4,645,0,0,0,645
12/21/2020,SFO,CA,AWP,WE,Towers with Radar,509,71,6,0,586,0,0,0,7,7,509,71,6,7,593,0,0,0,593
12/22/2020,SFO,CA,AWP,WE,Towers with Radar,516,92,13,4,625,0,6,0,7,13,516,98,13,11,638,0,0,0,638
12/23/2020,SFO,CA,AWP,WE,Towers with Radar,516,82,7,0,605,0,8,0,11,19,516,90,7,11,624,0,0,0,624
12/24/2020,SFO,CA,AWP,WE,Towers with Radar,412,68,7,1,488,0,0,0,4,4,412,68,7,5,492,0,0,0,492
12/25/2020,SFO,CA,AWP,WE,Towers with Radar,353,61,3,0,417,0,0,0,0,0,353,61,3,0,417,0,0,0,417
12/26/2020,SFO,CA,AWP,WE,Towers with Radar,500,90,13,0,603,0,2,0,2,4,500,92,13,2,607,0,0,0,607
12/27/2020,SFO,CA,AWP,WE,Towers with Radar,518,94,20,0,632,0,0,0,2,2,518,94,20,2,634,0,0,0,634
12/28/2020,SFO,CA,AWP,WE,Towers with Radar,494,84,3,0,581,0,2,2,4,8,494,86,5,4,589,0,0,0,589
12/29/2020,SFO,CA,AWP,WE,Towers with Radar,508,82,8,3,601,0,5,4,7,16,508,87,12,10,617,0,0,0,617
12/30/2020,SFO,CA,AWP,WE,Towers with Radar,510,85,9,1,605,0,0,0,10,10,510,85,9,11,615,0,0,0,615
12/31/2020,SFO,CA,AWP,WE,Towers with Radar,431,67,12,0,510,0,2,2,6,10,431,69,14,6,520,0,0,0,520
01/01/2021,SFO,CA,AWP,WE,Towers with Radar,431,80,8,0,519,0,4,4,5,13,431,84,12,5,532,0,0,0,532
01/02/2021,SFO,CA,AWP,WE,Towers with Radar,510,88,15,3,616,0,0,0,2,2,510,88,15,5,618,0,0,0,618
01/03/2021,SFO,CA,AWP,WE,Towers with Radar,549,106,27,0,682,0,0,0,2,2,549,106,27,2,684,0,0,0,684
01/04/2021,SFO,CA,AWP,WE,Towers with Radar,510,96,13,2,621,0,2,0,7,9,510,98,13,9,630,0,0,0,630
01/05/2021,SFO,CA,AWP,WE,Towers with Radar,425,64,10,4,503,0,3,5,6,14,425,67,15,10,517,0,0,0,517
01/06/2021,SFO,CA,AWP,WE,Towers with Radar,404,55,10,0,469,0,2,0,10,12,404,57,10,10,481,0,0,0,481
01/07/2021,SFO,CA,AWP,WE,Towers with Radar,445,64,12,1,522,0,1,1,9,11,445,65,13,10,533,0,0,0,533
01/08/2021,SFO,CA,AWP,WE,Towers with Radar,450,60,5,0,515,0,2,0,4,6,450,62,5,4,521,0,0,0,521
01/09/2021,SFO,CA,AWP,WE,Towers with Radar,430,47,12,0,489,0,8,2,4,14,430,55,14,4,503,0,0,0,503
01/10/2021,SFO,CA,AWP,WE,Towers with Radar,456,57,10,0,523,0,2,0,6,8,456,59,10,6,531,0,0,0,531
01/11/2021,SFO,CA,AWP,WE,Towers with Radar,422,55,6,0,483,0,0,0,8,8,422,55,6,8,491,0,0,0,491
01/12/2021,SFO,CA,AWP,WE,Towers with Radar,386,54,4,4,448,0,5,4,13,22,386,59,8,17,470,0,0,0,470
01/13/2021,SFO,CA,AWP,WE,Towers with Radar,404,52,7,1,464,0,5,0,9,14,404,57,7,10,478,0,0,0,478
01/14/2021,SFO,CA,AWP,WE,Towers with Radar,436,67,14,0,517,0,2,0,7,9,436,69,14,7,526,0,0,0,526
01/15/2021,SFO,CA,AWP,WE,Towers with Radar,442,72,15,2,531,0,0,0,8,8,442,72,15,10,539,0,0,0,539
01/16/2021,SFO,CA,AWP,WE,Towers with Radar,422,69,7,2,500,0,4,0,11,15,422,73,7,13,515,0,0,0,515
01/17/2021,SFO,CA,AWP,WE,Towers with Radar,437,57,11,0,505,0,10,0,2,12,437,67,11,2,517,0,0,0,517
01/18/2021,SFO,CA,AWP,WE,Towers with Radar,432,73,7,0,512,0,4,2,7,13,432,77,9,7,525,0,0,0,525
01/19/2021,SFO,CA,AWP,WE,Towers with Radar,384,48,6,0,438,0,0,0,8,8,384,48,6,8,446,0,0,0,446
01/20/2021,SFO,CA,AWP,WE,Towers with Radar,391,65,4,1,461,0,3,0,7,10,391,68,4,8,471,0,0,0,471
01/21/2021,SFO,CA,AWP,WE,Towers with Radar,434,60,4,1,499,0,0,2,9,11,434,60,6,10,510,0,0,0,510
01/22/2021,SFO,CA,AWP,WE,Towers with Radar,448,79,18,0,545,0,4,0,9,13,448,83,18,9,558,0,0,0,558
01/23/2021,SFO,CA,AWP,WE,Towers with Radar,422,65,7,0,494,0,6,4,11,21,422,71,11,11,515,0,0,0,515
01/24/2021,SFO,CA,AWP,WE,Towers with Radar,459,74,11,0,544,0,1,0,2,3,459,75,11,2,547,0,0,0,547
01/25/2021,SFO,CA,AWP,WE,Towers with Radar,421,51,12,0,484,0,2,0,10,12,421,53,12,10,496,0,0,0,496
01/26/2021,SFO,CA,AWP,WE,Towers with Radar,371,33,3,5,412,0,3,0,11,14,371,36,3,16,426,0,0,0,426
01/27/2021,SFO,CA,AWP,WE,Towers with Radar,397,51,5,0,453,0,0,0,14,14,397,51,5,14,467,0,0,0,467
01/28/2021,SFO,CA,AWP,WE,Towers with Radar,431,62,10,1,504,0,0,0,4,4,431,62,10,5,508,0,0,0,508
01/29/2021,SFO,CA,AWP,WE,Towers with Radar,443,73,6,1,523,0,0,5,12,17,443,73,11,13,540,0,0,0,540
01/30/2021,SFO,CA,AWP,WE,Towers with Radar,416,56,9,2,483,0,2,0,4,6,416,58,9,6,489,0,0,0,489
01/31/2021,SFO,CA,AWP,WE,Towers with Radar,436,78,20,1,535,0,0,2,2,4,436,78,22,3,539,0,0,0,539
02/01/2021,SFO,CA,AWP,WE,Towers with Radar,397,50,5,1,453,0,4,0,4,8,397,54,5,5,461,0,0,0,461
02/02/2021,SFO,CA,AWP,WE,Towers with Radar,366,46,5,4,421,0,2,0,8,10,366,48,5,12,431,0,0,0,431
02/03/2021,SFO,CA,AWP,WE,Towers with Radar,397,52,4,0,453,0,0,0,5,5,397,52,4,5,458,0,0,0,458
02/04/2021,SFO,CA,AWP,WE,Towers with Radar,427,73,11,0,511,0,4,0,13,17,427,77,11,13,528,0,0,0,528
02/05/2021,SFO,CA,AWP,WE,Towers with Radar,431,68,12,0,511,0,2,2,11,15,431,70,14,11,526,0,0,0,526
02/06/2021,SFO,CA,AWP,WE,Towers with Radar,411,64,7,1,483,0,4,6,7,17,411,68,13,8,500,0,0,0,500
02/07/2021,SFO,CA,AWP,WE,Towers with Radar,433,63,4,0,500,0,2,2,4,8,433,65,6,4,508,0,0,0,508
02/08/2021,SFO,CA,AWP,WE,Towers with Radar,426,66,10,0,502,0,0,1,7,8,426,66,11,7,510,0,0,0,510
02/09/2021,SFO,CA,AWP,WE,Towers with Radar,375,58,20,4,457,0,6,0,6,12,375,64,20,10,469,0,0,0,469
02/10/2021,SFO,CA,AWP,WE,Towers with Radar,406,69,12,2,489,0,12,0,13,25,406,81,12,15,514,0,0,0,514
02/11/2021,SFO,CA,AWP,WE,Towers with Radar,453,97,11,0,561,0,5,0,7,12,453,102,11,7,573,0,0,0,573
02/12/2021,SFO,CA,AWP,WE,Towers with Radar,478,91,15,1,585,0,0,2,5,7,478,91,17,6,592,0,0,0,592
02/13/2021,SFO,CA,AWP,WE,Towers with Radar,388,76,12,0,476,0,0,0,6,6,388,76,12,6,482,0,0,0,482
02/14/2021,SFO,CA,AWP,WE,Towers with Radar,414,78,11,1,504,0,0,3,2,5,414,78,14,3,509,0,0,0,509
02/15/2021,SFO,CA,AWP,WE,Towers with Radar,422,82,23,0,527,0,0,0,2,2,422,82,23,2,529,0,0,0,529
02/16/2021,SFO,CA,AWP,WE,Towers with Radar,353,51,4,4,412,0,1,0,12,13,353,52,4,16,425,0,0,0,425
02/17/2021,SFO,CA,AWP,WE,Towers with Radar,386,57,6,0,449,0,2,1,7,10,386,59,7,7,459,0,0,0,459
02/18/2021,SFO,CA,AWP,WE,Towers with Radar,429,68,12,1,510,0,6,4,11,21,429,74,16,12,531,0,0,0,531
02/19/2021,SFO,CA,AWP,WE,Towers with Radar,444,68,16,4,532,0,2,0,4,6,444,70,16,8,538,0,0,0,538
02/20/2021,SFO,CA,AWP,WE,Towers with Radar,419,87,10,1,517,0,3,1,10,14,419,90,11,11,531,0,0,0,531
02/21/2021,SFO,CA,AWP,WE,Towers with Radar,460,100,16,1,577,0,5,1,6,12,460,105,17,7,589,0,0,0,589
02/22/2021,SFO,CA,AWP,WE,Towers with Radar,451,73,9,0,533,0,2,3,9,14,451,75,12,9,547,0,0,0,547
02/23/2021,SFO,CA,AWP,WE,Towers with Radar,376,48,15,5,444,0,3,0,11,14,376,51,15,16,458,0,0,0,458
02/24/2021,SFO,CA,AWP,WE,Towers with Radar,404,45,10,3,462,0,0,1,5,6,404,45,11,8,468,0,0,0,468
02/25/2021,SFO,CA,AWP,WE,Towers with Radar,454,78,11,0,543,0,3,3,9,15,454,81,14,9,558,0,0,0,558
02/26/2021,SFO,CA,AWP,WE,Towers with Radar,462,71,10,0,543,0,3,1,13,17,462,74,11,13,560,0,0,0,560
02/27/2021,SFO,CA,AWP,WE,Towers with Radar,422,70,6,0,498,0,6,4,11,21,422,76,10,11,519,0,0,0,519
02/28/2021,SFO,CA,AWP,WE,Towers with Radar,463,69,21,0,553,0,2,0,3,5,463,71,21,3,558,0,0,0,558
03/01/2021,SFO,CA,AWP,WE,Towers with Radar,457,73,12,0,542,0,5,5,15,25,457,78,17,15,567,0,0,0,567
03/02/2021,SFO,CA,AWP,WE,Towers with Radar,374,53,10,6,443,0,4,0,15,19,374,57,10,21,462,0,0,0,462
03/03/2021,SFO,CA,AWP,WE,Towers with Radar,398,67,23,0,488,0,5,0,9,14,398,72,23,9,502,0,0,0,502
03/04/2021,SFO,CA,AWP,WE,Towers with Radar,462,76,19,3,560,0,3,1,4,8,462,79,20,7,568,0,0,0,568
03/05/2021,SFO,CA,AWP,WE,Towers with Radar,477,84,17,0,578,0,3,0,12,15,477,87,17,12,593,0,0,0,593
03/06/2021,SFO,CA,AWP,WE,Towers with Radar,441,81,7,0,529,0,1,2,6,9,441,82,9,6,538,0,0,0,538
03/07/2021,SFO,CA,AWP,WE,Towers with Radar,494,95,16,1,606,0,3,2,7,12,494,98,18,8,618,0,0,0,618
03/08/2021,SFO,CA,AWP,WE,Towers with Radar,459,76,8,0,543,0,0,0,8,8,459,76,8,8,551,0,0,0,551
03/09/2021,SFO,CA,AWP,WE,Towers with Radar,392,56,8,0,456,0,1,0,8,9,392,57,8,8,465,0,0,0,465
03/10/2021,SFO,CA,AWP,WE,Towers with Radar,409,58,11,2,480,0,0,0,7,7,409,58,11,9,487,0,0,0,487
03/11/2021,SFO,CA,AWP,WE,Towers with Radar,471,83,12,2,568,0,2,2,6,10,471,85,14,8,578,0,0,0,578
03/12/2021,SFO,CA,AWP,WE,Towers with Radar,494,81,13,1,589,0,4,2,5,11,494,85,15,6,600,0,0,0,600
03/13/2021,SFO,CA,AWP,WE,Towers with Radar,441,63,5,0,509,0,0,1,10,11,441,63,6,10,520,0,0,0,520
03/14/2021,SFO,CA,AWP,WE,Towers with Radar,467,83,15,0,565,0,0,0,4,4,467,83,15,4,569,0,0,0,569
03/15/2021,SFO,CA,AWP,WE,Towers with Radar,452,83,15,1,551,0,2,0,7,9,452,85,15,8,560,0,0,0,560
03/16/2021,SFO,CA,AWP,WE,Towers with Radar,398,56,12,6,472,0,3,0,4,7,398,59,12,10,479,0,0,0,479
03/17/2021,SFO,CA,AWP,WE,Towers with Radar,408,80,18,2,508,0,3,4,8,15,408,83,22,10,523,0,0,0,523
03/18/2021,SFO,CA,AWP,WE,Towers with Radar,500,79,10,1,590,0,0,0,10,10,500,79,10,11,600,0,0,0,600
03/19/2021,SFO,CA,AWP,WE,Towers with Radar,513,94,16,1,624,0,2,2,5,9,513,96,18,6,633,0,0,0,633
03/20/2021,SFO,CA,AWP,WE,Towers with Radar,471,80,12,1,564,0,5,6,5,16,471,85,18,6,580,0,0,0,580
03/21/2021,SFO,CA,AWP,WE,Towers with Radar,522,83,13,0,618,0,3,2,2,7,522,86,15,2,625,0,0,0,625
03/22/2021,SFO,CA,AWP,WE,Towers with Radar,480,80,7,0,567,0,5,2,5,12,480,85,9,5,579,0,0,0,579
03/23/2021,SFO,CA,AWP,WE,Towers with Radar,436,75,9,4,524,0,4,2,7,13,436,79,11,11,537,0,0,0,537
03/24/2021,SFO,CA,AWP,WE,Towers with Radar,438,71,14,0,523,0,2,5,8,15,438,73,19,8,538,0,0,0,538
03/25/2021,SFO,CA,AWP,WE,Towers with Radar,495,91,27,0,613,0,0,0,3,3,495,91,27,3,616,0,0,0,616
03/26/2021,SFO,CA,AWP,WE,Towers with Radar,518,105,21,1,645,0,4,0,6,10,518,109,21,7,655,0,0,0,655
03/27/2021,SFO,CA,AWP,WE,Towers with Radar,488,70,12,0,570,0,5,0,12,17,488,75,12,12,587,0,0,0,587
03/28/2021,SFO,CA,AWP,WE,Towers with Radar,522,80,19,1,622,0,2,1,2,5,522,82,20,3,627,0,0,0,627
03/29/2021,SFO,CA,AWP,WE,Towers with Radar,486,69,10,0,565,0,6,3,6,15,486,75,13,6,580,0,0,0,580
03/30/2021,SFO,CA,AWP,WE,Towers with Radar,449,57,17,4,527,0,3,3,14,20,449,60,20,18,547,0,0,0,547
03/31/2021,SFO,CA,AWP,WE,Towers with Radar,447,70,16,1,534,0,0,0,12,12,447,70,16,13,546,0,0,0,546
04/01/2021,SFO,CA,AWP,WE,Towers with Radar,508,87,32,2,629,0,1,0,9,10,508,88,32,11,639,0,0,0,639
04/02/2021,SFO,CA,AWP,WE,Towers with Radar,506,109,29,0,644,0,2,0,11,13,506,111,29,11,657,0,0,0,657
04/03/2021,SFO,CA,AWP,WE,Towers with Radar,481,109,24,0,614,0,1,4,8,13,481,110,28,8,627,0,0,0,627
04/04/2021,SFO,CA,AWP,WE,Towers with Radar,508,91,11,1,611,0,4,1,6,11,508,95,12,7,622,0,0,0,622
04/05/2021,SFO,CA,AWP,WE,Towers with Radar,503,85,17,0,605,0,1,6,7,14,503,86,23,7,619,0,0,0,619
04/06/2021,SFO,CA,AWP,WE,Towers with Radar,456,49,21,4,530,0,1,1,6,8,456,50,22,10,538,0,0,0,538
04/07/2021,SFO,CA,AWP,WE,Towers with Radar,452,67,31,0,550,0,1,0,8,9,452,68,31,8,559,0,0,0,559
04/08/2021,SFO,CA,AWP,WE,Towers with Radar,518,76,23,1,618,0,4,0,6,10,518,80,23,7,628,0,0,0,628
04/09/2021,SFO,CA,AWP,WE,Towers with Radar,514,88,19,1,622,0,7,0,6,13,514,95,19,7,635,0,0,0,635
04/10/2021,SFO,CA,AWP,WE,Towers with Radar,480,105,19,1,605,0,2,1,8,11,480,107,20,9,616,0,0,0,616
04/11/2021,SFO,CA,AWP,WE,Towers with Radar,510,97,34,0,641,0,2,2,4,8,510,99,36,4,649,0,0,0,649
04/12/2021,SFO,CA,AWP,WE,Towers with Radar,483,97,7,0,587,0,1,0,12,13,483,98,7,12,600,0,0,0,600
04/13/2021,SFO,CA,AWP,WE,Towers with Radar,438,72,9,5,524,0,2,0,7,9,438,74,9,12,533,0,0,0,533
04/14/2021,SFO,CA,AWP,WE,Towers with Radar,438,79,10,0,527,0,3,4,7,14,438,82,14,7,541,0,0,0,541
04/15/2021,SFO,CA,AWP,WE,Towers with Radar,503,81,15,0,599,0,6,3,9,18,503,87,18,9,617,0,0,0,617
04/16/2021,SFO,CA,AWP,WE,Towers with Radar,508,95,16,0,619,0,4,5,8,17,508,99,21,8,636,0,0,0,636
04/17/2021,SFO,CA,AWP,WE,Towers with Radar,466,81,14,0,561,0,1,2,6,9,466,82,16,6,570,0,0,0,570
04/18/2021,SFO,CA,AWP,WE,Towers with Radar,495,89,16,0,600,0,3,4,0,7,495,92,20,0,607,0,0,0,607
04/19/2021,SFO,CA,AWP,WE,Towers with Radar,489,85,16,0,590,0,0,0,8,8,489,85,16,8,598,0,0,0,598
04/20/2021,SFO,CA,AWP,WE,Towers with Radar,441,60,29,4,534,0,4,0,10,14,441,64,29,14,548,0,0,0,548
04/21/2021,SFO,CA,AWP,WE,Towers with Radar,439,67,16,0,522,0,5,2,10,17,439,72,18,10,539,0,0,0,539
04/22/2021,SFO,CA,AWP,WE,Towers with Radar,507,87,25,0,619,0,0,0,8,8,507,87,25,8,627,0,0,0,627
04/23/2021,SFO,CA,AWP,WE,Towers with Radar,504,107,13,0,624,0,5,1,11,17,504,112,14,11,641,0,0,0,641
04/24/2021,SFO,CA,AWP,WE,Towers with Radar,465,80,10,0,555,0,0,4,12,16,465,80,14,12,571,0,0,0,571
04/25/2021,SFO,CA,AWP,WE,Towers with Radar,501,95,22,0,618,0,0,0,4,4,501,95,22,4,622,0,0,0,622
04/26/2021,SFO,CA,AWP,WE,Towers with Radar,496,73,10,0,579,0,0,0,10,10,496,73,10,10,589,0,0,0,589
04/27/2021,SFO,CA,AWP,WE,Towers with Radar,441,48,27,5,521,0,0,0,9,9,441,48,27,14,530,0,0,0,530
04/28/2021,SFO,CA,AWP,WE,Towers with Radar,439,61,13,0,513,0,5,2,9,16,439,66,15,9,529,0,0,0,529
04/29/2021,SFO,CA,AWP,WE,Towers with Radar,507,77,13,0,597,0,3,3,11,17,507,80,16,11,614,0,0,0,614
04/30/2021,SFO,CA,AWP,WE,Towers with Radar,508,105,7,2,622,0,0,0,10,10,508,105,7,12,632,0,0,0,632
05/01/2021,SFO,CA,AWP,WE,Towers with Radar,464,87,5,0,556,0,0,2,7,9,464,87,7,7,565,0,0,0,565
05/02/2021,SFO,CA,AWP,WE,Towers with Radar,488,94,18,0,600,0,0,0,3,3,488,94,18,3,603,0,0,0,603
05/03/2021,SFO,CA,AWP,WE,Towers with Radar,483,71,7,0,561,0,0,0,7,7,483,71,7,7,568,0,0,0,568
05/04/2021,SFO,CA,AWP,WE,Towers with Radar,429,56,21,0,506,0,8,2,3,13,429,64,23,3,519,0,0,0,519
05/05/2021,SFO,CA,AWP,WE,Towers with Radar,448,66,15,0,529,0,3,1,11,15,448,69,16,11,544,0,0,0,544
05/06/2021,SFO,CA,AWP,WE,Towers with Radar,505,83,11,0,599,0,3,1,5,9,505,86,12,5,608,0,0,0,608
05/07/2021,SFO,CA,AWP,WE,Towers with Radar,535,89,17,0,641,0,4,1,1,6,535,93,18,1,647,0,0,0,647
05/08/2021,SFO,CA,AWP,WE,Towers with Radar,483,75,14,0,572,0,3,0,6,9,483,78,14,6,581,0,0,0,581
05/09/2021,SFO,CA,AWP,WE,Towers with Radar,533,75,20,1,629,0,5,0,6,11,533,80,20,7,640,0,0,0,640
05/10/2021,SFO,CA,AWP,WE,Towers with Radar,534,86,18,1,639,0,6,0,13,19,534,92,18,14,658,0,0,0,658
05/11/2021,SFO,CA,AWP,WE,Towers with Radar,457,66,23,4,550,0,9,7,6,22,457,75,30,10,572,0,0,0,572
05/12/2021,SFO,CA,AWP,WE,Towers with Radar,475,68,16,0,559,0,2,1,9,12,475,70,17,9,571,0,0,0,571
05/13/2021,SFO,CA,AWP,WE,Towers with Radar,536,92,24,0,652,0,1,0,7,8,536,93,24,7,660,0,0,0,660
05/14/2021,SFO,CA,AWP,WE,Towers with Radar,545,78,18,2,643,0,0,1,5,6,545,78,19,7,649,0,0,0,649
05/15/2021,SFO,CA,AWP,WE,Towers with Radar,498,87,7,1,593,0,6,0,3,9,498,93,7,4,602,0,0,0,602
05/16/2021,SFO,CA,AWP,WE,Towers with Radar,537,110,32,0,679,0,2,2,2,6,537,112,34,2,685,0,0,0,685
05/17/2021,SFO,CA,AWP,WE,Towers with Radar,539,94,7,2,642,0,6,1,8,15,539,100,8,10,657,0,0,0,657
05/18/2021,SFO,CA,AWP,WE,Towers with Radar,464,85,20,4,573,0,4,1,10,15,464,89,21,14,588,0,0,0,588
05/19/2021,SFO,CA,AWP,WE,Towers with Radar,482,74,24,0,580,0,1,1,9,11,482,75,25,9,591,0,0,0,591
05/20/2021,SFO,CA,AWP,WE,Towers with Radar,549,91,26,0,666,0,0,4,9,13,549,91,30,9,679,0,0,0,679
05/21/2021,SFO,CA,AWP,WE,Towers with Radar,549,95,19,0,663,0,3,1,5,9,549,98,20,5,672,0,0,0,672
05/22/2021,SFO,CA,AWP,WE,Towers with Radar,502,74,7,2,585,0,1,2,3,6,502,75,9,5,591,0,0,0,591
05/23/2021,SFO,CA,AWP,WE,Towers with Radar,547,92,13,0,652,0,8,0,3,11,547,100,13,3,663,0,0,0,663
05/24/2021,SFO,CA,AWP,WE,Towers with Radar,549,72,18,0,639,0,1,1,0,2,549,73,19,0,641,0,0,0,641
05/25/2021,SFO,CA,AWP,WE,Towers with Radar,487,64,6,4,561,0,1,4,11,16,487,65,10,15,577,0,0,0,577
05/26/2021,SFO,CA,AWP,WE,Towers with Radar,483,74,18,2,577,0,5,4,8,17,483,79,22,10,594,0,0,0,594
05/27/2021,SFO,CA,AWP,WE,Towers with Radar,554,88,30,0,672,0,5,2,6,13,554,93,32,6,685,0,0,0,685
05/28/2021,SFO,CA,AWP,WE,Towers with Radar,547,122,31,0,700,0,1,2,7,10,547,123,33,7,710,0,0,0,710
05/29/2021,SFO,CA,AWP,WE,Towers with Radar,503,81,16,2,602,0,0,0,2,2,503,81,16,4,604,0,0,0,604
05/30/2021,SFO,CA,AWP,WE,Towers with Radar,523,78,13,0,614,0,1,1,2,4,523,79,14,2,618,0,0,0,618
05/31/2021,SFO,CA,AWP,WE,Towers with Radar,546,100,16,0,662,0,3,0,8,11,546,103,16,8,673,0,0,0,673
06/01/2021,SFO,CA,AWP,WE,Towers with Radar,490,65,22,4,581,0,5,1,15,21,490,70,23,19,602,0,0,0,602
06/02/2021,SFO,CA,AWP,WE,Towers with Radar,506,89,31,1,627,0,2,2,14,18,506,91,33,15,645,0,0,0,645
06/03/2021,SFO,CA,AWP,WE,Towers with Radar,598,127,29,0,754,0,2,2,10,14,598,129,31,10,768,0,0,0,768
06/04/2021,SFO,CA,AWP,WE,Towers with Radar,606,127,19,1,753,0,6,1,3,10,606,133,20,4,763,0,0,0,763
06/05/2021,SFO,CA,AWP,WE,Towers with Radar,575,98,24,0,697,0,1,0,4,5,575,99,24,4,702,0,0,0,702
06/06/2021,SFO,CA,AWP,WE,Towers with Radar,612,114,20,0,746,0,2,6,3,11,612,116,26,3,757,0,0,0,757
06/07/2021,SFO,CA,AWP,WE,Towers with Radar,603,111,16,0,730,0,3,4,8,15,603,114,20,8,745,0,0,0,745
06/08/2021,SFO,CA,AWP,WE,Towers with Radar,571,99,14,2,686,0,4,4,7,15,571,103,18,9,701,0,0,0,701
06/09/2021,SFO,CA,AWP,WE,Towers with Radar,571,113,15,0,699,0,5,4,11,20,571,118,19,11,719,0,0,0,719
06/10/2021,SFO,CA,AWP,WE,Towers with Radar,619,125,22,0,766,0,2,0,11,13,619,127,22,11,779,0,0,0,779
06/11/2021,SFO,CA,AWP,WE,Towers with Radar,616,128,25,1,770,0,6,0,7,13,616,134,25,8,783,0,0,0,783
06/12/2021,SFO,CA,AWP,WE,Towers with Radar,571,109,22,1,703,0,0,0,3,3,571,109,22,4,706,0,0,0,706
06/13/2021,SFO,CA,AWP,WE,Towers with Radar,614,125,27,0,766,0,6,0,2,8,614,131,27,2,774,0,0,0,774
06/14/2021,SFO,CA,AWP,WE,Towers with Radar,618,125,20,1,764,0,0,0,7,7,618,125,20,8,771,0,0,0,771
06/15/2021,SFO,CA,AWP,WE,Towers with Radar,589,113,23,4,729,0,2,3,7,12,589,115,26,11,741,0,0,0,741
06/16/2021,SFO,CA,AWP,WE,Towers with Radar,592,107,32,0,731,0,2,0,13,15,592,109,32,13,746,0,0,0,746
06/17/2021,SFO,CA,AWP,WE,Towers with Radar,644,124,20,0,788,0,5,4,12,21,644,129,24,12,809,0,0,0,809
06/18/2021,SFO,CA,AWP,WE,Towers with Radar,629,143,32,0,804,0,1,0,3,4,629,144,32,3,808,0,0,0,808
06/19/2021,SFO,CA,AWP,WE,Towers with Radar,577,116,16,0,709,0,4,3,6,13,577,120,19,6,722,0,0,0,722
06/20/2021,SFO,CA,AWP,WE,Towers with Radar,624,120,17,0,761,0,2,2,2,6,624,122,19,2,767,0,0,0,767
06/21/2021,SFO,CA,AWP,WE,Towers with Radar,618,130,21,1,770,0,1,2,8,11,618,131,23,9,781,0,0,0,781
06/22/2021,SFO,CA,AWP,WE,Towers with Radar,581,116,17,4,718,0,4,1,16,21,581,120,18,20,739,0,0,0,739
06/23/2021,SFO,CA,AWP,WE,Towers with Radar,585,107,32,0,724,0,0,0,10,10,585,107,32,10,734,0,0,0,734
06/24/2021,SFO,CA,AWP,WE,Towers with Radar,627,122,32,0,781,0,2,1,10,13,627,124,33,10,794,0,0,0,794
06/25/2021,SFO,CA,AWP,WE,Towers with Radar,610,126,19,4,759,0,0,1,14,15,610,126,20,18,774,0,0,0,774
06/26/2021,SFO,CA,AWP,WE,Towers with Radar,583,108,16,0,707,0,5,0,2,7,583,113,16,2,714,0,0,0,714
06/27/2021,SFO,CA,AWP,WE,Towers with Radar,618,132,13,1,764,0,4,0,0,4,618,136,13,1,768,0,0,0,768
06/28/2021,SFO,CA,AWP,WE,Towers with Radar,629,99,16,1,745,0,1,0,0,1,629,100,16,1,746,0,0,0,746
06/29/2021,SFO,CA,AWP,WE,Towers with Radar,578,104,8,5,695,0,2,0,13,15,578,106,8,18,710,0,0,0,710
06/30/2021,SFO,CA,AWP,WE,Towers with Radar,589,97,24,0,710,0,1,4,5,10,589,98,28,5,720,0,0,0,720
07/01/2021,SFO,CA,AWP,WE,Towers with Radar,666,113,23,1,803,0,1,3,13,17,666,114,26,14,820,0,0,0,820
07/02/2021,SFO,CA,AWP,WE,Towers with Radar,672,129,22,4,827,0,0,2,4,6,672,129,24,8,833,0,0,0,833
07/03/2021,SFO,CA,AWP,WE,Towers with Radar,611,135,13,1,760,0,0,2,0,2,611,135,15,1,762,0,0,0,762
07/04/2021,SFO,CA,AWP,WE,Towers with Radar,585,96,9,0,690,0,1,0,4,5,585,97,9,4,695,0,0,0,695
07/05/2021,SFO,CA,AWP,WE,Towers with Radar,643,139,20,0,802,0,1,2,4,7,643,140,22,4,809,0,0,0,809
07/06/2021,SFO,CA,AWP,WE,Towers with Radar,621,146,15,4,786,0,0,0,12,12,621,146,15,16,798,0,0,0,798
07/07/2021,SFO,CA,AWP,WE,Towers with Radar,635,116,13,1,765,0,0,0,14,14,635,116,13,15,779,0,0,0,779
07/08/2021,SFO,CA,AWP,WE,Towers with Radar,685,128,10,2,825,0,0,2,14,16,685,128,12,16,841,0,0,0,841
07/09/2021,SFO,CA,AWP,WE,Towers with Radar,677,139,19,3,838,0,5,6,5,16,677,144,25,8,854,0,0,0,854
07/10/2021,SFO,CA,AWP,WE,Towers with Radar,643,122,20,0,785,0,5,2,10,17,643,127,22,10,802,0,0,0,802
07/11/2021,SFO,CA,AWP,WE,Towers with Radar,664,135,26,0,825,0,5,3,2,10,664,140,29,2,835,0,0,0,835
07/12/2021,SFO,CA,AWP,WE,Towers with Radar,668,117,27,0,812,0,0,0,8,8,668,117,27,8,820,0,0,0,820
07/13/2021,SFO,CA,AWP,WE,Towers with Radar,640,109,8,2,759,0,2,0,8,10,640,111,8,10,769,0,0,0,769
07/14/2021,SFO,CA,AWP,WE,Towers with Radar,637,136,27,2,802,0,1,0,11,12,637,137,27,13,814,0,0,0,814
07/15/2021,SFO,CA,AWP,WE,Towers with Radar,687,135,17,1,840,0,2,2,11,15,687,137,19,12,855,0,0,0,855
07/16/2021,SFO,CA,AWP,WE,Towers with Radar,686,137,21,0,844,0,2,0,10,12,686,139,21,10,856,0,0,0,856
07/17/2021,SFO,CA,AWP,WE,Towers with Radar,628,130,17,0,775,0,0,1,2,3,628,130,18,2,778,0,0,0,778
07/18/2021,SFO,CA,AWP,WE,Towers with Radar,681,114,22,2,819,0,4,0,5,9,681,118,22,7,828,0,0,0,828
07/19/2021,SFO,CA,AWP,WE,Towers with Radar,675,108,21,1,805,0,5,4,11,20,675,113,25,12,825,0,0,0,825
07/20/2021,SFO,CA,AWP,WE,Towers with Radar,647,128,15,9,799,0,8,2,10,20,647,136,17,19,819,0,0,0,819
07/21/2021,SFO,CA,AWP,WE,Towers with Radar,632,132,11,2,777,0,7,0,11,18,632,139,11,13,795,0,0,0,795
07/22/2021,SFO,CA,AWP,WE,Towers with Radar,706,134,13,1,854,0,3,0,11,14,706,137,13,12,868,0,0,0,868
07/23/2021,SFO,CA,AWP,WE,Towers with Radar,685,115,30,1,831,0,12,3,4,19,685,127,33,5,850,0,0,0,850
07/24/2021,SFO,CA,AWP,WE,Towers with Radar,629,111,26,0,766,0,2,0,6,8,629,113,26,6,774,0,0,0,774
07/25/2021,SFO,CA,AWP,WE,Towers with Radar,679,125,26,1,831,0,3,1,3,7,679,128,27,4,838,0,0,0,838
07/26/2021,SFO,CA,AWP,WE,Towers with Radar,675,121,18,2,816,0,5,1,10,16,675,126,19,12,832,0,0,0,832
07/27/2021,SFO,CA,AWP,WE,Towers with Radar,659,107,15,0,781,0,1,0,11,12,659,108,15,11,793,0,0,0,793
07/28/2021,SFO,CA,AWP,WE,Towers with Radar,658,116,19,2,795,0,6,0,13,19,658,122,19,15,814,0,0,0,814
07/29/2021,SFO,CA,AWP,WE,Towers with Radar,698,156,21,2,877,0,6,1,11,18,698,162,22,13,895,0,0,0,895
07/30/2021,SFO,CA,AWP,WE,Towers with Radar,683,124,18,0,825,0,8,0,6,14,683,132,18,6,839,0,0,0,839
07/31/2021,SFO,CA,AWP,WE,Towers with Radar,626,120,12,0,758,0,4,0,2,6,626,124,12,2,764,0,0,0,764
08/01/2021,SFO,CA,AWP,WE,Towers with Radar,690,149,13,0,852,0,7,3,3,13,690,156,16,3,865,0,0,0,865
08/02/2021,SFO,CA,AWP,WE,Towers with Radar,681,121,19,0,821,0,7,0,10,17,681,128,19,10,838,0,0,0,838
08/03/2021,SFO,CA,AWP,WE,Towers with Radar,657,133,18,1,809,0,4,1,6,11,657,137,19,7,820,0,0,0,820
08/04/2021,SFO,CA,AWP,WE,Towers with Radar,658,126,23,0,807,0,2,0,4,6,658,128,23,4,813,0,0,0,813
08/05/2021,SFO,CA,AWP,WE,Towers with Radar,699,131,17,0,847,0,0,0,13,13,699,131,17,13,860,0,0,0,860
08/06/2021,SFO,CA,AWP,WE,Towers with Radar,704,137,28,1,870,0,1,0,5,6,704,138,28,6,876,0,0,0,876
08/07/2021,SFO,CA,AWP,WE,Towers with Radar,652,121,14,0,787,0,1,1,2,4,652,122,15,2,791,0,0,0,791
08/08/2021,SFO,CA,AWP,WE,Towers with Radar,679,134,24,0,837,0,7,6,6,19,679,141,30,6,856,0,0,0,856
08/09/2021,SFO,CA,AWP,WE,Towers with Radar,701,121,23,1,846,0,10,4,13,27,701,131,27,14,873,0,0,0,873
08/10/2021,SFO,CA,AWP,WE,Towers with Radar,656,118,17,1,792,0,4,2,11,17,656,122,19,12,809,0,0,0,809
08/11/2021,SFO,CA,AWP,WE,Towers with Radar,675,128,21,1,825,0,6,17,15,38,675,134,38,16,863,0,0,0,863
08/12/2021,SFO,CA,AWP,WE,Towers with Radar,716,132,21,0,869,0,5,0,11,16,716,137,21,11,885,0,0,0,885
08/13/2021,SFO,CA,AWP,WE,Towers with Radar,704,139,27,0,870,0,4,3,8,15,704,143,30,8,885,0,0,0,885
08/14/2021,SFO,CA,AWP,WE,Towers with Radar,651,115,12,0,778,0,5,2,10,17,651,120,14,10,795,0,0,0,795
08/15/2021,SFO,CA,AWP,WE,Towers with Radar,682,157,25,1,865,0,1,0,5,6,682,158,25,6,871,0,0,0,871
08/16/2021,SFO,CA,AWP,WE,Towers with Radar,699,153,20,2,874,0,2,0,11,13,699,155,20,13,887,0,0,0,887
08/17/2021,SFO,CA,AWP,WE,Towers with Radar,654,138,15,1,808,0,3,2,13,18,654,141,17,14,826,0,0,0,826
08/18/2021,SFO,CA,AWP,WE,Towers with Radar,643,142,19,0,804,0,4,0,11,15,643,146,19,11,819,0,0,0,819
08/19/2021,SFO,CA,AWP,WE,Towers with Radar,713,131,22,0,866,0,1,0,10,11,713,132,22,10,877,0,0,0,877
08/20/2021,SFO,CA,AWP,WE,Towers with Radar,699,139,18,0,856,0,4,0,4,8,699,143,18,4,864,0,0,0,864
08/21/2021,SFO,CA,AWP,WE,Towers with Radar,636,114,11,1,762,0,1,2,10,13,636,115,13,11,775,0,0,0,775
08/22/2021,SFO,CA,AWP,WE,Towers with Radar,683,134,13,4,834,0,6,0,6,12,683,140,13,10,846,0,0,0,846
08/23/2021,SFO,CA,AWP,WE,Towers with Radar,677,116,15,0,808,0,1,0,16,17,677,117,15,16,825,0,0,0,825
08/24/2021,SFO,CA,AWP,WE,Towers with Radar,641,135,19,0,795,0,8,3,7,18,641,143,22,7,813,0,0,0,813
08/25/2021,SFO,CA,AWP,WE,Towers with Radar,657,122,22,5,806,0,0,2,7,9,657,122,24,12,815,0,0,0,815
08/26/2021,SFO,CA,AWP,WE,Towers with Radar,712,131,23,0,866,0,2,0,7,9,712,133,23,7,875,0,0,0,875
08/27/2021,SFO,CA,AWP,WE,Towers with Radar,707,148,18,1,874,0,1,3,6,10,707,149,21,7,884,0,0,0,884
08/28/2021,SFO,CA,AWP,WE,Towers with Radar,636,120,19,1,776,0,9,0,9,18,636,129,19,10,794,0,0,0,794
08/29/2021,SFO,CA,AWP,WE,Towers with Radar,683,132,16,2,833,0,5,1,3,9,683,137,17,5,842,0,0,0,842
08/30/2021,SFO,CA,AWP,WE,Towers with Radar,683,119,15,0,817,0,1,0,10,11,683,120,15,10,828,0,0,0,828
08/31/2021,SFO,CA,AWP,WE,Towers with Radar,658,113,7,0,778,0,3,1,10,14,658,116,8,10,792,0,0,0,792
09/01/2021,SFO,CA,AWP,WE,Towers with Radar,656,111,18,0,785,0,9,0,14,23,656,120,18,14,808,0,0,0,808
09/02/2021,SFO,CA,AWP,WE,Towers with Radar,715,133,16,0,864,0,4,0,7,11,715,137,16,7,875,0,0,0,875
09/03/2021,SFO,CA,AWP,WE,Towers with Radar,711,144,16,0,871,0,1,2,4,7,711,145,18,4,878,0,0,0,878
09/04/2021,SFO,CA,AWP,WE,Towers with Radar,627,111,20,0,758,0,1,0,3,4,627,112,20,3,762,0,0,0,762
09/05/2021,SFO,CA,AWP,WE,Towers with Radar,662,103,27,1,793,0,2,0,5,7,662,105,27,6,800,0,0,0,800
09/06/2021,SFO,CA,AWP,WE,Towers with Radar,679,132,31,0,842,0,2,3,6,11,679,134,34,6,853,0,0,0,853
09/07/2021,SFO,CA,AWP,WE,Towers with Radar,649,127,22,0,798,0,3,3,7,13,649,130,25,7,811,0,0,0,811
09/08/2021,SFO,CA,AWP,WE,Towers with Radar,670,132,21,0,823,0,11,1,11,23,670,143,22,11,846,0,0,0,846
09/09/2021,SFO,CA,AWP,WE,Towers with Radar,732,143,34,0,909,0,0,0,11,11,732,143,34,11,920,0,0,0,920
09/10/2021,SFO,CA,AWP,WE,Towers with Radar,757,150,23,0,930,0,5,5,6,16,757,155,28,6,946,0,0,0,946
09/11/2021,SFO,CA,AWP,WE,Towers with Radar,660,108,13,0,781,0,3,3,4,10,660,111,16,4,791,0,0,0,791
09/12/2021,SFO,CA,AWP,WE,Towers with Radar,732,147,26,0,905,0,7,1,5,13,732,154,27,5,918,0,0,0,918
09/13/2021,SFO,CA,AWP,WE,Towers with Radar,720,126,21,1,868,0,5,0,9,14,720,131,21,10,882,0,0,0,882
09/14/2021,SFO,CA,AWP,WE,Towers with Radar,675,135,29,1,840,0,4,2,13,19,675,139,31,14,859,0,0,0,859
09/15/2021,SFO,CA,AWP,WE,Towers with Radar,679,135,15,1,830,0,3,0,11,14,679,138,15,12,844,0,0,0,844
09/16/2021,SFO,CA,AWP,WE,Towers with Radar,742,133,29,0,904,0,5,3,8,16,742,138,32,8,920,0,0,0,920
09/17/2021,SFO,CA,AWP,WE,Towers with Radar,750,121,31,0,902,0,3,1,3,7,750,124,32,3,909,0,0,0,909
09/18/2021,SFO,CA,AWP,WE,Towers with Radar,663,116,21,1,801,0,3,1,0,4,663,119,22,1,805,0,0,0,805
09/19/2021,SFO,CA,AWP,WE,Towers with Radar,754,151,19,2,926,0,9,6,2,17,754,160,25,4,943,0,0,0,943
09/20/2021,SFO,CA,AWP,WE,Towers with Radar,726,116,22,2,866,0,7,2,11,20,726,123,24,13,886,0,0,0,886
09/21/2021,SFO,CA,AWP,WE,Towers with Radar,666,115,20,1,802,0,6,1,6,13,666,121,21,7,815,0,0,0,815
09/22/2021,SFO,CA,AWP,WE,Towers with Radar,678,127,16,0,821,0,4,0,13,17,678,131,16,13,838,0,0,0,838
09/23/2021,SFO,CA,AWP,WE,Towers with Radar,738,153,21,0,912,0,0,6,15,21,738,153,27,15,933,0,0,0,933
09/24/2021,SFO,CA,AWP,WE,Towers with Radar,756,133,19,1,909,0,7,1,8,16,756,140,20,9,925,0,0,0,925
09/25/2021,SFO,CA,AWP,WE,Towers with Radar,670,124,15,1,810,0,0,0,2,2,670,124,15,3,812,0,0,0,812
09/26/2021,SFO,CA,AWP,WE,Towers with Radar,739,147,45,1,932,0,1,3,4,8,739,148,48,5,940,0,0,0,940
09/27/2021,SFO,CA,AWP,WE,Towers with Radar,721,140,21,1,883,0,3,0,5,8,721,143,21,6,891,0,0,0,891
09/28/2021,SFO,CA,AWP,WE,Towers with Radar,652,137,22,0,811,0,3,0,9,12,652,140,22,9,823,0,0,0,823
09/29/2021,SFO,CA,AWP,WE,Towers with Radar,676,125,20,1,822,0,0,4,7,11,676,125,24,8,833,0,0,0,833
09/30/2021,SFO,CA,AWP,WE,Towers with Radar,749,153,21,0,923,0,5,0,12,17,749,158,21,12,940,0,0,0,940
10/01/2021,SFO,CA,AWP,WE,Towers with Radar,756,127,17,0,900,0,4,2,6,12,756,131,19,6,912,0,0,0,912
10/02/2021,SFO,CA,AWP,WE,Towers with Radar,667,128,10,0,805,0,6,2,5,13,667,134,12,5,818,0,0,0,818
10/03/2021,SFO,CA,AWP,WE,Towers with Radar,756,142,23,0,921,0,0,0,4,4,756,142,23,4,925,0,0,0,925
10/04/2021,SFO,CA,AWP,WE,Towers with Radar,734,130,21,0,885,0,0,4,13,17,734,130,25,13,902,0,0,0,902
10/05/2021,SFO,CA,AWP,WE,Towers with Radar,677,119,18,0,814,0,2,0,4,6,677,121,18,4,820,0,0,0,820
10/06/2021,SFO,CA,AWP,WE,Towers with Radar,687,115,28,0,830,0,5,2,9,16,687,120,30,9,846,0,0,0,846
10/07/2021,SFO,CA,AWP,WE,Towers with Radar,757,141,31,0,929,0,3,0,8,11,757,144,31,8,940,0,0,0,940
10/08/2021,SFO,CA,AWP,WE,Towers with Radar,752,151,29,2,934,0,6,0,12,18,752,157,29,14,952,0,0,0,952
10/09/2021,SFO,CA,AWP,WE,Towers with Radar,702,127,28,0,857,0,6,4,7,17,702,133,32,7,874,0,0,0,874
10/10/2021,SFO,CA,AWP,WE,Towers with Radar,731,140,25,4,900,0,12,0,7,19,731,152,25,11,919,0,0,0,919
10/11/2021,SFO,CA,AWP,WE,Towers with Radar,724,135,32,1,892,0,4,2,2,8,724,139,34,3,900,0,0,0,900
10/12/2021,SFO,CA,AWP,WE,Towers with Radar,705,135,17,0,857,0,2,2,7,11,705,137,19,7,868,0,0,0,868
10/13/2021,SFO,CA,AWP,WE,Towers with Radar,717,116,22,2,857,0,4,2,10,16,717,120,24,12,873,0,0,0,873
10/14/2021,SFO,CA,AWP,WE,Towers with Radar,762,135,35,1,933,0,5,5,10,20,762,140,40,11,953,0,0,0,953
10/15/2021,SFO,CA,AWP,WE,Towers with Radar,758,156,34,0,948,0,6,2,6,14,758,162,36,6,962,0,0,0,962
10/16/2021,SFO,CA,AWP,WE,Towers with Radar,706,111,23,0,840,0,2,6,4,12,706,113,29,4,852,0,0,0,852
10/17/2021,SFO,CA,AWP,WE,Towers with Radar,767,138,20,0,925,0,5,0,3,8,767,143,20,3,933,0,0,0,933
10/18/2021,SFO,CA,AWP,WE,Towers with Radar,747,136,20,0,903,0,2,2,9,13,747,138,22,9,916,0,0,0,916
10/19/2021,SFO,CA,AWP,WE,Towers with Radar,696,125,34,0,855,0,0,0,6,6,696,125,34,6,861,0,0,0,861
10/20/2021,SFO,CA,AWP,WE,Towers with Radar,719,138,30,2,889,0,0,0,10,10,719,138,30,12,899,0,0,0,899
10/21/2021,SFO,CA,AWP,WE,Towers with Radar,689,102,42,2,835,0,0,0,5,5,689,102,42,7,840,0,0,0,840
10/22/2021,SFO,CA,AWP,WE,Towers with Radar,707,116,26,0,849,0,0,2,8,10,707,116,28,8,859,0,0,0,859
10/23/2021,SFO,CA,AWP,WE,Towers with Radar,696,109,24,2,831,0,4,0,2,6,696,113,24,4,837,0,0,0,837
10/24/2021,SFO,CA,AWP,WE,Towers with Radar,704,77,19,0,800,0,0,0,4,4,704,77,19,4,804,0,0,0,804
10/25/2021,SFO,CA,AWP,WE,Towers with Radar,747,144,23,0,914,0,5,2,10,17,747,149,25,10,931,0,0,0,931
10/26/2021,SFO,CA,AWP,WE,Towers with Radar,699,112,26,0,837,0,1,0,10,11,699,113,26,10,848,0,0,0,848
10/27/2021,SFO,CA,AWP,WE,Towers with Radar,719,130,22,0,871,0,6,10,9,25,719,136,32,9,896,0,0,0,896
10/28/2021,SFO,CA,AWP,WE,Towers with Radar,762,136,27,1,926,0,3,0,8,11,762,139,27,9,937,0,0,0,937
10/29/2021,SFO,CA,AWP,WE,Towers with Radar,756,126,20,0,902,0,4,14,2,20,756,130,34,2,922,0,0,0,922
10/30/2021,SFO,CA,AWP,WE,Towers with Radar,678,114,16,1,809,0,5,0,2,7,678,119,16,3,816,0,0,0,816
10/31/2021,SFO,CA,AWP,WE,Towers with Radar,674,128,18,1,821,0,2,0,5,7,674,130,18,6,828,0,0,0,828
11/01/2021,SFO,CA,AWP,WE,Towers with Radar,726,135,24,2,887,0,2,2,5,9,726,137,26,7,896,0,0,0,896
11/02/2021,SFO,CA,AWP,WE,Towers with Radar,696,134,15,0,845,0,4,1,15,20,696,138,16,15,865,0,0,0,865
11/03/2021,SFO,CA,AWP,WE,Towers with Radar,742,137,21,1,901,0,7,5,6,18,742,144,26,7,919,0,0,0,919
11/04/2021,SFO,CA,AWP,WE,Towers with Radar,758,150,24,0,932,0,2,0,6,8,758,152,24,6,940,0,0,0,940
11/05/2021,SFO,CA,AWP,WE,Towers with Radar,746,144,28,0,918,0,0,2,5,7,746,144,30,5,925,0,0,0,925
11/06/2021,SFO,CA,AWP,WE,Towers with Radar,689,138,7,1,835,0,7,7,5,19,689,145,14,6,854,0,0,0,854
11/07/2021,SFO,CA,AWP,WE,Towers with Radar,723,153,29,1,906,0,6,2,4,12,723,159,31,5,918,0,0,0,918
11/08/2021,SFO,CA,AWP,WE,Towers with Radar,729,126,17,0,872,0,2,1,5,8,729,128,18,5,880,0,0,0,880
11/09/2021,SFO,CA,AWP,WE,Towers with Radar,678,127,21,0,826,0,0,0,10,10,678,127,21,10,836,0,0,0,836
11/10/2021,SFO,CA,AWP,WE,Towers with Radar,679,129,18,0,826,0,2,6,12,20,679,131,24,12,846,0,0,0,846
11/11/2021,SFO,CA,AWP,WE,Towers with Radar,734,137,19,2,892,0,2,0,5,7,734,139,19,7,899,0,0,0,899
11/12/2021,SFO,CA,AWP,WE,Towers with Radar,747,166,18,1,932,0,4,3,2,9,747,170,21,3,941,0,0,0,941
11/13/2021,SFO,CA,AWP,WE,Towers with Radar,673,117,24,2,816,0,4,1,3,8,673,121,25,5,824,0,0,0,824
11/14/2021,SFO,CA,AWP,WE,Towers with Radar,725,156,16,1,898,0,3,3,8,14,725,159,19,9,912,0,0,0,912
11/15/2021,SFO,CA,AWP,WE,Towers with Radar,742,156,23,0,921,0,0,4,8,12,742,156,27,8,933,0,0,0,933
11/16/2021,SFO,CA,AWP,WE,Towers with Radar,680,137,26,0,843,0,4,16,10,30,680,141,42,10,873,0,0,0,873
11/17/2021,SFO,CA,AWP,WE,Towers with Radar,704,163,35,0,902,0,1,1,10,12,704,164,36,10,914,0,0,0,914
11/18/2021,SFO,CA,AWP,WE,Towers with Radar,733,143,35,0,911,0,3,1,11,15,733,146,36,11,926,0,0,0,926
11/19/2021,SFO,CA,AWP,WE,Towers with Radar,732,166,21,3,922,0,0,4,4,8,732,166,25,7,930,0,0,0,930
11/20/2021,SFO,CA,AWP,WE,Towers with Radar,713,149,27,3,892,0,2,5,5,12,713,151,32,8,904,0,0,0,904
11/21/2021,SFO,CA,AWP,WE,Towers with Radar,711,145,20,0,876,0,6,3,2,11,711,151,23,2,887,0,0,0,887
11/22/2021,SFO,CA,AWP,WE,Towers with Radar,724,132,10,0,866,0,8,0,7,15,724,140,10,7,881,0,0,0,881
11/23/2021,SFO,CA,AWP,WE,Towers with Radar,726,133,22,0,881,0,1,5,14,20,726,134,27,14,901,0,0,0,901
11/24/2021,SFO,CA,AWP,WE,Towers with Radar,762,140,23,0,925,0,5,0,5,10,762,145,23,5,935,0,0,0,935
11/25/2021,SFO,CA,AWP,WE,Towers with Radar,545,93,9,0,647,0,0,0,0,0,545,93,9,0,647,0,0,0,647
11/26/2021,SFO,CA,AWP,WE,Towers with Radar,650,122,24,0,796,0,4,3,5,12,650,126,27,5,808,0,0,0,808
11/27/2021,SFO,CA,AWP,WE,Towers with Radar,738,160,22,1,921,0,1,1,2,4,738,161,23,3,925,0,0,0,925
11/28/2021,SFO,CA,AWP,WE,Towers with Radar,763,170,41,3,977,0,2,2,4,8,763,172,43,7,985,0,0,0,985
11/29/2021,SFO,CA,AWP,WE,Towers with Radar,736,126,31,1,894,0,1,2,10,13,736,127,33,11,907,0,0,0,907
11/30/2021,SFO,CA,AWP,WE,Towers with Radar,697,139,30,0,866,0,4,18,8,30,697,143,48,8,896,0,0,0,896
12/01/2021,SFO,CA,AWP,WE,Towers with Radar,714,133,16,0,863,0,0,0,12,12,714,133,16,12,875,0,0,0,875
12/02/2021,SFO,CA,AWP,WE,Towers with Radar,734,131,25,0,890,0,1,11,10,22,734,132,36,10,912,0,0,0,912
12/03/2021,SFO,CA,AWP,WE,Towers with Radar,739,146,30,2,917,0,0,0,5,5,739,146,30,7,922,0,0,0,922
12/04/2021,SFO,CA,AWP,WE,Towers with Radar,662,106,18,0,786,0,0,0,3,3,662,106,18,3,789,0,0,0,789
12/05/2021,SFO,CA,AWP,WE,Towers with Radar,715,162,14,0,891,0,10,0,2,12,715,172,14,2,903,0,0,0,903
12/06/2021,SFO,CA,AWP,WE,Towers with Radar,705,128,19,2,854,0,1,0,1,2,705,129,19,3,856,0,0,0,856
12/07/2021,SFO,CA,AWP,WE,Towers with Radar,667,134,29,1,831,0,0,0,8,8,667,134,29,9,839,0,0,0,839
12/08/2021,SFO,CA,AWP,WE,Towers with Radar,677,132,28,1,838,0,0,0,5,5,677,132,28,6,843,0,0,0,843
12/09/2021,SFO,CA,AWP,WE,Towers with Radar,718,139,24,0,881,0,0,2,14,16,718,139,26,14,897,0,0,0,897
12/10/2021,SFO,CA,AWP,WE,Towers with Radar,734,136,27,2,899,0,3,0,4,7,734,139,27,6,906,0,0,0,906
12/11/2021,SFO,CA,AWP,WE,Towers with Radar,662,126,15,0,803,0,2,4,2,8,662,128,19,2,811,0,0,0,811
12/12/2021,SFO,CA,AWP,WE,Towers with Radar,701,115,12,1,829,0,0,0,4,4,701,115,12,5,833,0,0,0,833
12/13/2021,SFO,CA,AWP,WE,Towers with Radar,717,105,17,1,840,0,0,0,3,3,717,105,17,4,843,0,0,0,843
12/14/2021,SFO,CA,AWP,WE,Towers with Radar,650,132,25,0,807,0,4,2,13,19,650,136,27,13,826,0,0,0,826
12/15/2021,SFO,CA,AWP,WE,Towers with Radar,658,114,27,0,799,0,2,0,8,10,658,116,27,8,809,0,0,0,809
12/16/2021,SFO,CA,AWP,WE,Towers with Radar,783,159,26,2,970,0,0,1,13,14,783,159,27,15,984,0,0,0,984
12/17/2021,SFO,CA,AWP,WE,Towers with Radar,787,157,36,1,981,0,1,2,2,5,787,158,38,3,986,0,0,0,986
12/18/2021,SFO,CA,AWP,WE,Towers with Radar,741,141,33,0,915,0,1,2,8,11,741,142,35,8,926,0,0,0,926
12/19/2021,SFO,CA,AWP,WE,Towers with Radar,762,132,17,0,911,0,2,0,2,4,762,134,17,2,915,0,0,0,915
12/20/2021,SFO,CA,AWP,WE,Towers with Radar,757,129,21,0,907,0,0,0,6,6,757,129,21,6,913,0,0,0,913
12/21/2021,SFO,CA,AWP,WE,Towers with Radar,757,120,24,0,901,0,0,0,2,2,757,120,24,2,903,0,0,0,903
12/22/2021,SFO,CA,AWP,WE,Towers with Radar,746,125,26,0,897,0,0,0,0,0,746,125,26,0,897,0,0,0,897
12/23/2021,SFO,CA,AWP,WE,Towers with Radar,771,112,22,0,905,0,0,0,0,0,771,112,22,0,905,0,0,0,905
12/24/2021,SFO,CA,AWP,WE,Towers with Radar,688,88,13,0,789,0,1,0,5,6,688,89,13,5,795,0,0,0,795
12/25/2021,SFO,CA,AWP,WE,Towers with Radar,631,116,7,1,755,0,0,0,0,0,631,116,7,1,755,0,0,0,755
12/26/2021,SFO,CA,AWP,WE,Towers with Radar,684,118,35,1,838,0,0,0,4,4,684,118,35,5,842,0,0,0,842
12/27/2021,SFO,CA,AWP,WE,Towers with Radar,681,114,18,1,814,0,4,0,2,6,681,118,18,3,820,0,0,0,820
12/28/2021,SFO,CA,AWP,WE,Towers with Radar,701,115,9,1,826,0,1,0,4,5,701,116,9,5,831,0,0,0,831
12/29/2021,SFO,CA,AWP,WE,Towers with Radar,712,104,13,0,829,0,0,0,4,4,712,104,13,4,833,0,0,0,833
12/30/2021,SFO,CA,AWP,WE,Towers with Radar,742,109,7,0,858,0,1,0,10,11,742,110,7,10,869,0,0,0,869
12/31/2021,SFO,CA,AWP,WE,Towers with Radar,677,70,15,0,762,0,2,0,7,9,677,72,15,7,771,0,0,0,771
01/01/2022,SFO,CA,AWP,WE,Towers with Radar,633,126,21,0,780,0,4,1,5,10,633,130,22,5,790,0,0,0,790
01/02/2022,SFO,CA,AWP,WE,Towers with Radar,713,124,36,1,874,0,2,1,4,7,713,126,37,5,881,0,0,0,881
01/03/2022,SFO,CA,AWP,WE,Towers with Radar,728,112,28,1,869,0,0,2,4,6,728,112,30,5,875,0,0,0,875
01/04/2022,SFO,CA,AWP,WE,Towers with Radar,717,119,17,0,853,0,0,0,0,0,717,119,17,0,853,0,0,0,853
01/05/2022,SFO,CA,AWP,WE,Towers with Radar,653,121,23,0,797,0,0,0,12,12,653,121,23,12,809,0,0,0,809
01/06/2022,SFO,CA,AWP,WE,Towers with Radar,680,100,26,0,806,0,0,0,10,10,680,100,26,10,816,0,0,0,816
01/07/2022,SFO,CA,AWP,WE,Towers with Radar,663,122,10,0,795,0,0,0,2,2,663,122,10,2,797,0,0,0,797
01/08/2022,SFO,CA,AWP,WE,Towers with Radar,679,118,13,0,810,0,1,2,3,6,679,119,15,3,816,0,0,0,816
01/09/2022,SFO,CA,AWP,WE,Towers with Radar,699,136,27,0,862,0,0,2,4,6,699,136,29,4,868,0,0,0,868
01/10/2022,SFO,CA,AWP,WE,Towers with Radar,710,106,33,0,849,0,4,4,11,19,710,110,37,11,868,0,0,0,868
01/11/2022,SFO,CA,AWP,WE,Towers with Radar,671,114,24,0,809,0,2,0,10,12,671,116,24,10,821,0,0,0,821
01/12/2022,SFO,CA,AWP,WE,Towers with Radar,681,126,31,1,839,0,1,13,11,25,681,127,44,12,864,0,0,0,864
01/13/2022,SFO,CA,AWP,WE,Towers with Radar,706,133,28,4,871,0,0,4,9,13,706,133,32,13,884,0,0,0,884
01/14/2022,SFO,CA,AWP,WE,Towers with Radar,705,131,30,2,868,0,1,0,7,8,705,132,30,9,876,0,0,0,876
01/15/2022,SFO,CA,AWP,WE,Towers with Radar,658,121,7,0,786,0,4,2,4,10,658,125,9,4,796,0,0,0,796
01/16/2022,SFO,CA,AWP,WE,Towers with Radar,660,114,13,2,789,0,3,0,5,8,660,117,13,7,797,0,0,0,797
01/17/2022,SFO,CA,AWP,WE,Towers with Radar,683,148,29,1,861,0,1,0,3,4,683,149,29,4,865,0,0,0,865
01/18/2022,SFO,CA,AWP,WE,Towers with Radar,636,124,22,0,782,0,2,2,4,8,636,126,24,4,790,0,0,0,790
01/19/2022,SFO,CA,AWP,WE,Towers with Radar,642,110,14,0,766,0,0,2,8,10,642,110,16,8,776,0,0,0,776
01/20/2022,SFO,CA,AWP,WE,Towers with Radar,730,93,10,1,834,0,2,2,8,12,730,95,12,9,846,0,0,0,846
01/21/2022,SFO,CA,AWP,WE,Towers with Radar,726,111,9,1,847,0,4,0,6,10,726,115,9,7,857,0,0,0,857
01/22/2022,SFO,CA,AWP,WE,Towers with Radar,659,111,7,1,778,0,2,0,6,8,659,113,7,7,786,0,0,0,786
01/23/2022,SFO,CA,AWP,WE,Towers with Radar,692,128,21,0,841,0,1,0,1,2,692,129,21,1,843,0,0,0,843
01/24/2022,SFO,CA,AWP,WE,Towers with Radar,709,119,17,0,845,0,2,1,9,12,709,121,18,9,857,0,0,0,857
01/25/2022,SFO,CA,AWP,WE,Towers with Radar,614,121,14,0,749,0,2,0,8,10,614,123,14,8,759,0,0,0,759
01/26/2022,SFO,CA,AWP,WE,Towers with Radar,651,127,15,0,793,0,0,0,20,20,651,127,15,20,813,0,0,0,813
01/27/2022,SFO,CA,AWP,WE,Towers with Radar,715,131,19,1,866,0,3,0,11,14,715,134,19,12,880,0,0,0,880
01/28/2022,SFO,CA,AWP,WE,Towers with Radar,695,128,21,0,844,0,2,0,8,10,695,130,21,8,854,0,0,0,854
01/29/2022,SFO,CA,AWP,WE,Towers with Radar,594,104,10,1,709,0,4,0,2,6,594,108,10,3,715,0,0,0,715
01/30/2022,SFO,CA,AWP,WE,Towers with Radar,668,160,26,1,855,0,2,1,2,5,668,162,27,3,860,0,0,0,860
01/31/2022,SFO,CA,AWP,WE,Towers with Radar,694,123,23,0,840,0,0,0,9,9,694,123,23,9,849,0,0,0,849
02/01/2022,SFO,CA,AWP,WE,Towers with Radar,651,131,16,0,798,0,1,2,9,12,651,132,18,9,810,0,0,0,810
02/02/2022,SFO,CA,AWP,WE,Towers with Radar,650,127,16,0,793,0,4,2,10,16,650,131,18,10,809,0,0,0,809
02/03/2022,SFO,CA,AWP,WE,Towers with Radar,664,118,22,0,804,0,1,0,10,11,664,119,22,10,815,0,0,0,815
02/04/2022,SFO,CA,AWP,WE,Towers with Radar,683,104,22,0,809,0,5,0,4,9,683,109,22,4,818,0,0,0,818
02/05/2022,SFO,CA,AWP,WE,Towers with Radar,641,127,19,1,788,0,7,7,4,18,641,134,26,5,806,0,0,0,806
02/06/2022,SFO,CA,AWP,WE,Towers with Radar,682,138,17,0,837,0,4,7,2,13,682,142,24,2,850,0,0,0,850
02/07/2022,SFO,CA,AWP,WE,Towers with Radar,699,112,19,0,830,0,3,1,9,13,699,115,20,9,843,0,0,0,843
02/08/2022,SFO,CA,AWP,WE,Towers with Radar,653,97,22,0,772,0,3,0,14,17,653,100,22,14,789,0,0,0,789
02/09/2022,SFO,CA,AWP,WE,Towers with Radar,670,117,22,0,809,0,3,0,15,18,670,120,22,15,827,0,0,0,827
02/10/2022,SFO,CA,AWP,WE,Towers with Radar,717,124,25,0,866,0,1,0,15,16,717,125,25,15,882,0,0,0,882
02/11/2022,SFO,CA,AWP,WE,Towers with Radar,768,116,35,0,919,0,5,5,5,15,768,121,40,5,934,0,0,0,934
02/12/2022,SFO,CA,AWP,WE,Towers with Radar,720,113,15,0,848,0,5,1,9,15,720,118,16,9,863,0,0,0,863
02/13/2022,SFO,CA,AWP,WE,Towers with Radar,729,126,22,0,877,0,5,3,2,10,729,131,25,2,887,0,0,0,887
02/14/2022,SFO,CA,AWP,WE,Towers with Radar,751,128,20,2,901,0,2,0,8,10,751,130,20,10,911,0,0,0,911
02/15/2022,SFO,CA,AWP,WE,Towers with Radar,688,127,23,0,838,0,0,1,7,8,688,127,24,7,846,0,0,0,846
02/16/2022,SFO,CA,AWP,WE,Towers with Radar,721,134,19,0,874,0,1,0,8,9,721,135,19,8,883,0,0,0,883
02/17/2022,SFO,CA,AWP,WE,Towers with Radar,747,140,24,0,911,0,7,4,9,20,747,147,28,9,931,0,0,0,931
02/18/2022,SFO,CA,AWP,WE,Towers with Radar,786,156,36,0,978,0,4,2,2,8,786,160,38,2,986,0,0,0,986
02/19/2022,SFO,CA,AWP,WE,Towers with Radar,731,141,14,0,886,0,3,1,3,7,731,144,15,3,893,0,0,0,893
02/20/2022,SFO,CA,AWP,WE,Towers with Radar,732,116,14,0,862,0,0,0,12,12,732,116,14,12,874,0,0,0,874
02/21/2022,SFO,CA,AWP,WE,Towers with Radar,749,117,24,0,890,0,0,0,2,2,749,117,24,2,892,0,0,0,892
02/22/2022,SFO,CA,AWP,WE,Towers with Radar,717,128,17,0,862,0,0,0,12,12,717,128,17,12,874,0,0,0,874
02/23/2022,SFO,CA,AWP,WE,Towers with Radar,730,128,19,1,878,0,2,1,13,16,730,130,20,14,894,0,0,0,894
02/24/2022,SFO,CA,AWP,WE,Towers with Radar,724,121,14,1,860,0,7,0,12,19,724,128,14,13,879,0,0,0,879
02/25/2022,SFO,CA,AWP,WE,Towers with Radar,767,127,16,2,912,0,7,2,6,15,767,134,18,8,927,0,0,0,927
02/26/2022,SFO,CA,AWP,WE,Towers with Radar,734,140,15,1,890,0,2,0,2,4,734,142,15,3,894,0,0,0,894
02/27/2022,SFO,CA,AWP,WE,Towers with Radar,764,156,25,1,946,0,5,2,5,12,764,161,27,6,958,0,0,0,958
02/28/2022,SFO,CA,AWP,WE,Towers with Radar,767,119,20,0,906,0,2,17,4,23,767,121,37,4,929,0,0,0,929
03/01/2022,SFO,CA,AWP,WE,Towers with Radar,711,119,30,3,863,0,3,14,14,31,711,122,44,17,894,0,0,0,894
03/02/2022,SFO,CA,AWP,WE,Towers with Radar,777,127,26,2,932,0,2,11,6,19,777,129,37,8,951,0,0,0,951
03/03/2022,SFO,CA,AWP,WE,Towers with Radar,757,124,35,1,917,0,0,0,8,8,757,124,35,9,925,0,0,0,925
03/04/2022,SFO,CA,AWP,WE,Towers with Radar,747,129,33,2,911,0,0,0,9,9,747,129,33,11,920,0,0,0,920
03/05/2022,SFO,CA,AWP,WE,Towers with Radar,696,109,23,1,829,0,2,0,11,13,696,111,23,12,842,0,0,0,842
03/06/2022,SFO,CA,AWP,WE,Towers with Radar,733,160,34,1,928,0,0,0,9,9,733,160,34,10,937,0,0,0,937
03/07/2022,SFO,CA,AWP,WE,Towers with Radar,733,147,27,1,908,0,3,0,15,18,733,150,27,16,926,0,0,0,926
03/08/2022,SFO,CA,AWP,WE,Towers with Radar,703,138,41,0,882,0,2,0,18,20,703,140,41,18,902,0,0,0,902
03/09/2022,SFO,CA,AWP,WE,Towers with Radar,708,152,34,0,894,0,5,1,16,22,708,157,35,16,916,0,0,0,916
03/10/2022,SFO,CA,AWP,WE,Towers with Radar,753,145,41,0,939,0,7,5,11,23,753,152,46,11,962,0,0,0,962
03/11/2022,SFO,CA,AWP,WE,Towers with Radar,751,133,31,0,915,0,3,1,3,7,751,136,32,3,922,0,0,0,922
03/12/2022,SFO,CA,AWP,WE,Towers with Radar,699,134,17,0,850,0,0,0,2,2,699,134,17,2,852,0,0,0,852
03/13/2022,SFO,CA,AWP,WE,Towers with Radar,735,142,38,0,915,0,5,0,3,8,735,147,38,3,923,0,0,0,923
03/14/2022,SFO,CA,AWP,WE,Towers with Radar,746,123,24,0,893,0,1,0,12,13,746,124,24,12,906,0,0,0,906
03/15/2022,SFO,CA,AWP,WE,Towers with Radar,727,143,28,1,899,0,2,0,7,9,727,145,28,8,908,0,0,0,908
03/16/2022,SFO,CA,AWP,WE,Towers with Radar,727,144,31,1,903,0,1,1,6,8,727,145,32,7,911,0,0,0,911
03/17/2022,SFO,CA,AWP,WE,Towers with Radar,768,141,23,0,932,0,7,2,8,17,768,148,25,8,949,0,0,0,949
03/18/2022,SFO,CA,AWP,WE,Towers with Radar,761,145,19,2,927,0,7,2,7,16,761,152,21,9,943,0,0,0,943
03/19/2022,SFO,CA,AWP,WE,Towers with Radar,719,121,21,0,861,0,1,1,3,5,719,122,22,3,866,0,0,0,866
03/20/2022,SFO,CA,AWP,WE,Towers with Radar,775,137,35,2,949,0,1,0,4,5,775,138,35,6,954,0,0,0,954
03/21/2022,SFO,CA,AWP,WE,Towers with Radar,746,137,25,0,908,0,1,9,11,21,746,138,34,11,929,0,0,0,929
03/22/2022,SFO,CA,AWP,WE,Towers with Radar,739,131,20,0,890,0,3,9,9,21,739,134,29,9,911,0,0,0,911
03/23/2022,SFO,CA,AWP,WE,Towers with Radar,739,139,23,1,902,0,2,4,10,16,739,141,27,11,918,0,0,0,918
03/24/2022,SFO,CA,AWP,WE,Towers with Radar,770,180,38,1,989,0,4,3,7,14,770,184,41,8,1003,0,0,0,1003
03/25/2022,SFO,CA,AWP,WE,Towers with Radar,779,145,27,3,954,0,4,2,2,8,779,149,29,5,962,0,0,0,962
03/26/2022,SFO,CA,AWP,WE,Towers with Radar,746,128,29,1,904,0,1,1,2,4,746,129,30,3,908,0,0,0,908
03/27/2022,SFO,CA,AWP,WE,Towers with Radar,740,136,27,1,904,0,0,0,4,4,740,136,27,5,908,0,0,0,908
03/28/2022,SFO,CA,AWP,WE,Towers with Radar,796,143,28,0,967,0,0,0,8,8,796,143,28,8,975,0,0,0,975
03/29/2022,SFO,CA,AWP,WE,Towers with Radar,757,129,29,0,915,0,3,0,8,11,757,132,29,8,926,0,0,0,926
03/30/2022,SFO,CA,AWP,WE,Towers with Radar,740,142,36,1,919,0,2,0,14,16,740,144,36,15,935,0,0,0,935
03/31/2022,SFO,CA,AWP,WE,Towers with Radar,768,148,22,0,938,0,2,0,8,10,768,150,22,8,948,0,0,0,948
04/01/2022,SFO,CA,AWP,WE,Towers with Radar,791,132,21,0,944,0,4,4,6,14,791,136,25,6,958,0,0,0,958
04/02/2022,SFO,CA,AWP,WE,Towers with Radar,708,129,16,0,853,0,3,5,6,14,708,132,21,6,867,0,0,0,867
04/03/2022,SFO,CA,AWP,WE,Towers with Radar,789,151,27,0,967,0,4,0,5,9,789,155,27,5,976,0,0,0,976
04/04/2022,SFO,CA,AWP,WE,Towers with Radar,777,149,31,0,957,0,2,0,4,6,777,151,31,4,963,0,0,0,963
04/05/2022,SFO,CA,AWP,WE,Towers with Radar,756,131,30,0,917,0,0,1,14,15,756,131,31,14,932,0,0,0,932
04/06/2022,SFO,CA,AWP,WE,Towers with Radar,758,146,33,0,937,0,5,1,10,16,758,151,34,10,953,0,0,0,953
04/07/2022,SFO,CA,AWP,WE,Towers with Radar,775,157,30,0,962,0,6,4,2,12,775,163,34,2,974,0,0,0,974
04/08/2022,SFO,CA,AWP,WE,Towers with Radar,835,189,35,0,1059,0,4,1,10,15,835,193,36,10,1074,0,0,0,1074
04/09/2022,SFO,CA,AWP,WE,Towers with Radar,743,161,20,4,928,0,5,3,7,15,743,166,23,11,943,0,0,0,943
04/10/2022,SFO,CA,AWP,WE,Towers with Radar,794,174,30,1,999,0,0,2,6,8,794,174,32,7,1007,0,0,0,1007
04/11/2022,SFO,CA,AWP,WE,Towers with Radar,765,151,28,1,945,0,0,0,2,2,765,151,28,3,947,0,0,0,947
04/12/2022,SFO,CA,AWP,WE,Towers with Radar,779,131,38,0,948,0,0,0,12,12,779,131,38,12,960,0,0,0,960
04/13/2022,SFO,CA,AWP,WE,Towers with Radar,765,142,34,2,943,0,3,3,14,20,765,145,37,16,963,0,0,0,963
04/14/2022,SFO,CA,AWP,WE,Towers with Radar,789,149,27,2,967,0,0,0,10,10,789,149,27,12,977,0,0,0,977
04/15/2022,SFO,CA,AWP,WE,Towers with Radar,812,145,27,2,986,0,2,1,3,6,812,147,28,5,992,0,0,0,992
04/16/2022,SFO,CA,AWP,WE,Towers with Radar,757,147,20,1,925,0,3,0,6,9,757,150,20,7,934,0,0,0,934
04/17/2022,SFO,CA,AWP,WE,Towers with Radar,790,159,26,1,976,0,3,0,12,15,790,162,26,13,991,0,0,0,991
04/18/2022,SFO,CA,AWP,WE,Towers with Radar,791,158,27,0,976,0,2,3,5,10,791,160,30,5,986,0,0,0,986
04/19/2022,SFO,CA,AWP,WE,Towers with Radar,773,148,27,1,949,0,0,1,4,5,773,148,28,5,954,0,0,0,954
04/20/2022,SFO,CA,AWP,WE,Towers with Radar,762,140,24,2,928,0,0,7,12,19,762,140,31,14,947,0,0,0,947
04/21/2022,SFO,CA,AWP,WE,Towers with Radar,847,142,27,5,1021,0,0,10,13,23,847,142,37,18,1044,0,0,0,1044
04/22/2022,SFO,CA,AWP,WE,Towers with Radar,822,133,28,1,984,0,3,5,4,12,822,136,33,5,996,0,0,0,996
04/23/2022,SFO,CA,AWP,WE,Towers with Radar,735,123,22,0,880,0,1,11,4,16,735,124,33,4,896,0,0,0,896
04/24/2022,SFO,CA,AWP,WE,Towers with Radar,795,161,28,0,984,0,2,4,8,14,795,163,32,8,998,0,0,0,998
04/25/2022,SFO,CA,AWP,WE,Towers with Radar,800,142,40,0,982,0,4,0,7,11,800,146,40,7,993,0,0,0,993
04/26/2022,SFO,CA,AWP,WE,Towers with Radar,785,133,29,1,948,0,5,2,8,15,785,138,31,9,963,0,0,0,963
04/27/2022,SFO,CA,AWP,WE,Towers with Radar,788,149,35,0,972,0,0,0,12,12,788,149,35,12,984,0,0,0,984
04/28/2022,SFO,CA,AWP,WE,Towers with Radar,836,151,23,3,1013,0,0,1,11,12,836,151,24,14,1025,0,0,0,1025
04/29/2022,SFO,CA,AWP,WE,Towers with Radar,810,149,22,2,983,0,2,0,9,11,810,151,22,11,994,0,0,0,994
04/30/2022,SFO,CA,AWP,WE,Towers with Radar,749,120,23,0,892,0,2,2,5,9,749,122,25,5,901,0,0,0,901
05/01/2022,SFO,CA,AWP,WE,Towers with Radar,765,142,28,0,935,0,3,1,2,6,765,145,29,2,941,0,0,0,941
05/02/2022,SFO,CA,AWP,WE,Towers with Radar,791,154,22,0,967,0,3,1,8,12,791,157,23,8,979,0,0,0,979
05/03/2022,SFO,CA,AWP,WE,Towers with Radar,770,137,23,2,932,0,0,0,5,5,770,137,23,7,937,0,0,0,937
05/04/2022,SFO,CA,AWP,WE,Towers with Radar,770,152,31,0,953,0,0,3,3,6,770,152,34,3,959,0,0,0,959
05/05/2022,SFO,CA,AWP,WE,Towers with Radar,807,150,29,0,986,0,0,0,6,6,807,150,29,6,992,0,0,0,992
05/06/2022,SFO,CA,AWP,WE,Towers with Radar,833,103,25,0,961,0,0,1,6,7,833,103,26,6,968,0,0,0,968
05/07/2022,SFO,CA,AWP,WE,Towers with Radar,766,104,19,1,890,0,6,5,8,19,766,110,24,9,909,0,0,0,909
05/08/2022,SFO,CA,AWP,WE,Towers with Radar,815,101,19,2,937,0,0,0,6,6,815,101,19,8,943,0,0,0,943
05/09/2022,SFO,CA,AWP,WE,Towers with Radar,835,112,28,0,975,0,1,1,8,10,835,113,29,8,985,0,0,0,985
05/10/2022,SFO,CA,AWP,WE,Towers with Radar,810,110,24,0,944,0,4,0,8,12,810,114,24,8,956,0,0,0,956
05/11/2022,SFO,CA,AWP,WE,Towers with Radar,797,122,27,0,946,0,4,0,11,15,797,126,27,11,961,0,0,0,961
05/12/2022,SFO,CA,AWP,WE,Towers with Radar,859,134,27,0,1020,0,7,3,12,22,859,141,30,12,1042,0,0,0,1042
05/13/2022,SFO,CA,AWP,WE,Towers with Radar,828,132,21,0,981,0,1,1,3,5,828,133,22,3,986,0,0,0,986
05/14/2022,SFO,CA,AWP,WE,Towers with Radar,769,102,13,1,885,0,5,0,4,9,769,107,13,5,894,0,0,0,894
05/15/2022,SFO,CA,AWP,WE,Towers with Radar,826,125,35,2,988,0,0,0,3,3,826,125,35,5,991,0,0,0,991
05/16/2022,SFO,CA,AWP,WE,Towers with Radar,829,114,12,1,956,0,2,0,9,11,829,116,12,10,967,0,0,0,967
05/17/2022,SFO,CA,AWP,WE,Towers with Radar,824,118,16,2,960,0,1,2,9,12,824,119,18,11,972,0,0,0,972
05/18/2022,SFO,CA,AWP,WE,Towers with Radar,811,126,19,0,956,0,7,3,10,20,811,133,22,10,976,0,0,0,976
05/19/2022,SFO,CA,AWP,WE,Towers with Radar,881,113,23,0,1017,0,2,1,9,12,881,115,24,9,1029,0,0,0,1029
05/20/2022,SFO,CA,AWP,WE,Towers with Radar,856,128,31,0,1015,0,0,2,7,9,856,128,33,7,1024,0,0,0,1024
05/21/2022,SFO,CA,AWP,WE,Towers with Radar,807,93,22,0,922,0,2,0,5,7,807,95,22,5,929,0,0,0,929
05/22/2022,SFO,CA,AWP,WE,Towers with Radar,854,113,20,0,987,0,0,1,4,5,854,113,21,4,992,0,0,0,992
05/23/2022,SFO,CA,AWP,WE,Towers with Radar,853,106,28,0,987,0,2,2,10,14,853,108,30,10,1001,0,0,0,1001
05/24/2022,SFO,CA,AWP,WE,Towers with Radar,829,104,24,0,957,0,10,1,7,18,829,114,25,7,975,0,0,0,975
05/25/2022,SFO,CA,AWP,WE,Towers with Radar,862,122,23,0,1007,0,2,3,11,16,862,124,26,11,1023,0,0,0,1023
05/26/2022,SFO,CA,AWP,WE,Towers with Radar,892,144,34,0,1070,0,1,1,6,8,892,145,35,6,1078,0,0,0,1078
05/27/2022,SFO,CA,AWP,WE,Towers with Radar,886,110,34,2,1032,0,1,2,4,7,886,111,36,6,1039,0,0,0,1039
05/28/2022,SFO,CA,AWP,WE,Towers with Radar,788,86,11,1,886,0,0,0,2,2,788,86,11,3,888,0,0,0,888
05/29/2022,SFO,CA,AWP,WE,Towers with Radar,838,72,16,0,926,0,2,2,5,9,838,74,18,5,935,0,0,0,935
05/30/2022,SFO,CA,AWP,WE,Towers with Radar,868,133,25,0,1026,0,6,1,4,11,868,139,26,4,1037,0,0,0,1037
05/31/2022,SFO,CA,AWP,WE,Towers with Radar,861,101,25,0,987,0,2,0,7,9,861,103,25,7,996,0,0,0,996
06/01/2022,SFO,CA,AWP,WE,Towers with Radar,839,93,29,0,961,0,8,2,21,31,839,101,31,21,992,0,0,0,992
06/02/2022,SFO,CA,AWP,WE,Towers with Radar,863,148,34,1,1046,0,2,0,7,9,863,150,34,8,1055,0,0,0,1055
06/03/2022,SFO,CA,AWP,WE,Towers with Radar,905,114,20,2,1041,0,3,6,4,13,905,117,26,6,1054,0,0,0,1054
06/04/2022,SFO,CA,AWP,WE,Towers with Radar,861,82,16,1,960,0,5,1,5,11,861,87,17,6,971,0,0,0,971
06/05/2022,SFO,CA,AWP,WE,Towers with Radar,921,161,31,1,1114,0,2,0,2,4,921,163,31,3,1118,0,0,0,1118
06/06/2022,SFO,CA,AWP,WE,Towers with Radar,929,120,27,2,1078,0,0,2,8,10,929,120,29,10,1088,0,0,0,1088
06/07/2022,SFO,CA,AWP,WE,Towers with Radar,912,99,19,0,1030,0,6,2,10,18,912,105,21,10,1048,0,0,0,1048
06/08/2022,SFO,CA,AWP,WE,Towers with Radar,901,121,40,4,1066,0,5,2,14,21,901,126,42,18,1087,0,0,0,1087
06/09/2022,SFO,CA,AWP,WE,Towers with Radar,931,120,19,0,1070,0,0,0,9,9,931,120,19,9,1079,0,0,0,1079
06/10/2022,SFO,CA,AWP,WE,Towers with Radar,949,120,25,0,1094,0,2,0,5,7,949,122,25,5,1101,0,0,0,1101
06/11/2022,SFO,CA,AWP,WE,Towers with Radar,862,90,14,0,966,0,5,0,2,7,862,95,14,2,973,0,0,0,973
06/12/2022,SFO,CA,AWP,WE,Towers with Radar,920,115,23,3,1061,0,5,2,5,12,920,120,25,8,1073,0,0,0,1073
06/13/2022,SFO,CA,AWP,WE,Towers with Radar,938,118,42,0,1098,0,6,0,9,15,938,124,42,9,1113,0,0,0,1113
06/14/2022,SFO,CA,AWP,WE,Towers with Radar,914,89,14,0,1017,0,3,0,10,13,914,92,14,10,1030,0,0,0,1030
06/15/2022,SFO,CA,AWP,WE,Towers with Radar,907,81,20,2,1010,0,1,5,14,20,907,82,25,16,1030,0,0,0,1030
06/16/2022,SFO,CA,AWP,WE,Towers with Radar,924,105,22,0,1051,0,2,1,8,11,924,107,23,8,1062,0,0,0,1062
06/17/2022,SFO,CA,AWP,WE,Towers with Radar,943,96,28,2,1069,0,2,10,6,18,943,98,38,8,1087,0,0,0,1087
06/18/2022,SFO,CA,AWP,WE,Towers with Radar,870,91,19,0,980,0,4,1,4,9,870,95,20,4,989,0,0,0,989
06/19/2022,SFO,CA,AWP,WE,Towers with Radar,915,109,26,0,1050,0,4,3,4,11,915,113,29,4,1061,0,0,0,1061
06/20/2022,SFO,CA,AWP,WE,Towers with Radar,934,99,35,3,1071,0,4,1,1,6,934,103,36,4,1077,0,0,0,1077
06/21/2022,SFO,CA,AWP,WE,Towers with Radar,915,90,22,2,1029,0,1,3,8,12,915,91,25,10,1041,0,0,0,1041
06/22/2022,SFO,CA,AWP,WE,Towers with Radar,908,82,24,1,1015,0,8,3,8,19,908,90,27,9,1034,0,0,0,1034
06/23/2022,SFO,CA,AWP,WE,Towers with Radar,954,118,23,0,1095,0,1,4,15,20,954,119,27,15,1115,0,0,0,1115
06/24/2022,SFO,CA,AWP,WE,Towers with Radar,944,97,15,3,1059,0,1,3,2,6,944,98,18,5,1065,0,0,0,1065
06/25/2022,SFO,CA,AWP,WE,Towers with Radar,834,85,10,0,929,0,5,2,3,10,834,90,12,3,939,0,0,0,939
06/26/2022,SFO,CA,AWP,WE,Towers with Radar,944,122,27,1,1094,0,0,2,2,4,944,122,29,3,1098,0,0,0,1098
06/27/2022,SFO,CA,AWP,WE,Towers with Radar,932,101,18,2,1053,0,1,0,5,6,932,102,18,7,1059,0,0,0,1059
06/28/2022,SFO,CA,AWP,WE,Towers with Radar,900,107,13,1,1021,0,2,2,6,10,900,109,15,7,1031,0,0,0,1031
06/29/2022,SFO,CA,AWP,WE,Towers with Radar,903,96,24,2,1025,0,3,0,14,17,903,99,24,16,1042,0,0,0,1042
06/30/2022,SFO,CA,AWP,WE,Towers with Radar,947,108,19,6,1080,0,2,4,14,20,947,110,23,20,1100,0,0,0,1100
07/01/2022,SFO,CA,AWP,WE,Towers with Radar,939,106,23,3,1071,0,0,2,0,2,939,106,25,3,1073,0,0,0,1073
07/02/2022,SFO,CA,AWP,WE,Towers with Radar,835,90,12,1,938,0,2,0,2,4,835,92,12,3,942,0,0,0,942
07/03/2022,SFO,CA,AWP,WE,Towers with Radar,889,74,11,0,974,0,6,2,4,12,889,80,13,4,986,0,0,0,986
07/04/2022,SFO,CA,AWP,WE,Towers with Radar,901,90,10,0,1001,0,0,2,2,4,901,90,12,2,1005,0,0,0,1005
07/05/2022,SFO,CA,AWP,WE,Towers with Radar,916,91,26,1,1034,0,2,2,11,15,916,93,28,12,1049,0,0,0,1049
07/06/2022,SFO,CA,AWP,WE,Towers with Radar,909,94,7,0,1010,0,2,2,13,17,909,96,9,13,1027,0,0,0,1027
07/07/2022,SFO,CA,AWP,WE,Towers with Radar,951,99,20,0,1070,0,0,1,9,10,951,99,21,9,1080,0,0,0,1080
07/08/2022,SFO,CA,AWP,WE,Towers with Radar,946,87,16,0,1049,0,2,3,9,14,946,89,19,9,1063,0,0,0,1063
07/09/2022,SFO,CA,AWP,WE,Towers with Radar,847,97,20,1,965,0,6,2,7,15,847,103,22,8,980,0,0,0,980
07/10/2022,SFO,CA,AWP,WE,Towers with Radar,938,122,36,0,1096,0,6,1,2,9,938,128,37,2,1105,0,0,0,1105
07/11/2022,SFO,CA,AWP,WE,Towers with Radar,944,92,20,2,1058,0,0,4,9,13,944,92,24,11,1071,0,0,0,1071
07/12/2022,SFO,CA,AWP,WE,Towers with Radar,915,83,31,0,1029,0,4,7,7,18,915,87,38,7,1047,0,0,0,1047
07/13/2022,SFO,CA,AWP,WE,Towers with Radar,905,97,23,3,1028,0,4,1,13,18,905,101,24,16,1046,0,0,0,1046
07/14/2022,SFO,CA,AWP,WE,Towers with Radar,963,103,13,0,1079,0,2,6,8,16,963,105,19,8,1095,0,0,0,1095
07/15/2022,SFO,CA,AWP,WE,Towers with Radar,948,102,20,2,1072,0,2,2,8,12,948,104,22,10,1084,0,0,0,1084
07/16/2022,SFO,CA,AWP,WE,Towers with Radar,876,91,9,0,976,0,1,1,4,6,876,92,10,4,982,0,0,0,982
07/17/2022,SFO,CA,AWP,WE,Towers with Radar,916,115,31,0,1062,0,10,4,2,16,916,125,35,2,1078,0,0,0,1078
07/18/2022,SFO,CA,AWP,WE,Towers with Radar,943,101,22,1,1067,0,2,1,8,11,943,103,23,9,1078,0,0,0,1078
07/19/2022,SFO,CA,AWP,WE,Towers with Radar,907,88,26,0,1021,0,6,0,12,18,907,94,26,12,1039,0,0,0,1039
07/20/2022,SFO,CA,AWP,WE,Towers with Radar,915,93,27,2,1037,0,3,2,9,14,915,96,29,11,1051,0,0,0,1051
07/21/2022,SFO,CA,AWP,WE,Towers with Radar,954,110,27,1,1092,0,0,2,6,8,954,110,29,7,1100,0,0,0,1100
07/22/2022,SFO,CA,AWP,WE,Towers with Radar,957,106,9,0,1072,0,3,3,3,9,957,109,12,3,1081,0,0,0,1081
07/23/2022,SFO,CA,AWP,WE,Towers with Radar,841,82,12,0,935,0,2,6,2,10,841,84,18,2,945,0,0,0,945
07/24/2022,SFO,CA,AWP,WE,Towers with Radar,931,107,12,0,1050,0,0,1,3,4,931,107,13,3,1054,0,0,0,1054
07/25/2022,SFO,CA,AWP,WE,Towers with Radar,937,113,31,1,1082,0,2,0,8,10,937,115,31,9,1092,0,0,0,1092
07/26/2022,SFO,CA,AWP,WE,Towers with Radar,913,84,13,2,1012,0,0,0,15,15,913,84,13,17,1027,0,0,0,1027
07/27/2022,SFO,CA,AWP,WE,Towers with Radar,914,115,11,0,1040,0,0,4,13,17,914,115,15,13,1057,0,0,0,1057
07/28/2022,SFO,CA,AWP,WE,Towers with Radar,949,106,22,2,1079,0,0,0,6,6,949,106,22,8,1085,0,0,0,1085
07/29/2022,SFO,CA,AWP,WE,Towers with Radar,964,82,19,0,1065,0,0,0,13,13,964,82,19,13,1078,0,0,0,1078
07/30/2022,SFO,CA,AWP,WE,Towers with Radar,858,81,13,0,952,0,2,6,2,10,858,83,19,2,962,0,0,0,962
07/31/2022,SFO,CA,AWP,WE,Towers with Radar,927,115,23,0,1065,0,0,3,4,7,927,115,26,4,1072,0,0,0,1072
08/01/2022,SFO,CA,AWP,WE,Towers with Radar,944,90,20,0,1054,0,0,0,7,7,944,90,20,7,1061,0,0,0,1061
08/02/2022,SFO,CA,AWP,WE,Towers with Radar,895,88,20,0,1003,0,0,0,6,6,895,88,20,6,1009,0,0,0,1009
08/03/2022,SFO,CA,AWP,WE,Towers with Radar,898,98,24,0,1020,0,2,4,11,17,898,100,28,11,1037,0,0,0,1037
08/04/2022,SFO,CA,AWP,WE,Towers with Radar,940,107,21,0,1068,0,6,1,5,12,940,113,22,5,1080,0,0,0,1080
08/05/2022,SFO,CA,AWP,WE,Towers with Radar,917,104,18,0,1039,0,0,0,8,8,917,104,18,8,1047,0,0,0,1047
08/06/2022,SFO,CA,AWP,WE,Towers with Radar,853,102,14,0,969,0,6,1,2,9,853,108,15,2,978,0,0,0,978
08/07/2022,SFO,CA,AWP,WE,Towers with Radar,915,104,21,1,1041,0,2,1,2,5,915,106,22,3,1046,0,0,0,1046
08/08/2022,SFO,CA,AWP,WE,Towers with Radar,925,91,24,2,1042,0,0,5,5,10,925,91,29,7,1052,0,0,0,1052
08/09/2022,SFO,CA,AWP,WE,Towers with Radar,896,93,30,2,1021,0,0,3,7,10,896,93,33,9,1031,0,0,0,1031
08/10/2022,SFO,CA,AWP,WE,Towers with Radar,895,105,23,2,1025,0,1,0,8,9,895,106,23,10,1034,0,0,0,1034
08/11/2022,SFO,CA,AWP,WE,Towers with Radar,934,93,22,0,1049,0,1,2,10,13,934,94,24,10,1062,0,0,0,1062
08/12/2022,SFO,CA,AWP,WE,Towers with Radar,942,98,15,4,1059,0,1,3,14,18,942,99,18,18,1077,0,0,0,1077
08/13/2022,SFO,CA,AWP,WE,Towers with Radar,856,88,8,2,954,0,5,0,4,9,856,93,8,6,963,0,0,0,963
08/14/2022,SFO,CA,AWP,WE,Towers with Radar,931,101,38,0,1070,0,14,5,7,26,931,115,43,7,1096,0,0,0,1096
08/15/2022,SFO,CA,AWP,WE,Towers with Radar,933,90,19,0,1042,0,6,3,5,14,933,96,22,5,1056,0,0,0,1056
08/16/2022,SFO,CA,AWP,WE,Towers with Radar,903,100,25,0,1028,0,8,1,13,22,903,108,26,13,1050,0,0,0,1050
08/17/2022,SFO,CA,AWP,WE,Towers with Radar,904,90,45,0,1039,0,5,2,11,18,904,95,47,11,1057,0,0,0,1057
08/18/2022,SFO,CA,AWP,WE,Towers with Radar,918,108,31,2,1059,0,1,1,12,14,918,109,32,14,1073,0,0,0,1073
08/19/2022,SFO,CA,AWP,WE,Towers with Radar,940,108,29,0,1077,0,4,1,9,14,940,112,30,9,1091,0,0,0,1091
08/20/2022,SFO,CA,AWP,WE,Towers with Radar,840,101,16,0,957,0,5,8,10,23,840,106,24,10,980,0,0,0,980
08/21/2022,SFO,CA,AWP,WE,Towers with Radar,902,137,31,0,1070,0,1,5,3,9,902,138,36,3,1079,0,0,0,1079
08/22/2022,SFO,CA,AWP,WE,Towers with Radar,913,130,24,0,1067,0,0,2,7,9,913,130,26,7,1076,0,0,0,1076
08/23/2022,SFO,CA,AWP,WE,Towers with Radar,908,105,20,1,1034,0,0,2,9,11,908,105,22,10,1045,0,0,0,1045
08/24/2022,SFO,CA,AWP,WE,Towers with Radar,896,97,29,0,1022,0,3,0,11,14,896,100,29,11,1036,0,0,0,1036
08/25/2022,SFO,CA,AWP,WE,Towers with Radar,921,94,17,0,1032,0,0,0,7,7,921,94,17,7,1039,0,0,0,1039
08/26/2022,SFO,CA,AWP,WE,Towers with Radar,936,109,20,1,1066,0,2,0,7,9,936,111,20,8,1075,0,0,0,1075
08/27/2022,SFO,CA,AWP,WE,Towers with Radar,835,89,12,0,936,0,1,0,2,3,835,90,12,2,939,0,0,0,939
08/28/2022,SFO,CA,AWP,WE,Towers with Radar,925,110,13,3,1051,0,5,1,2,8,925,115,14,5,1059,0,0,0,1059
08/29/2022,SFO,CA,AWP,WE,Towers with Radar,904,104,24,0,1032,0,0,0,10,10,904,104,24,10,1042,0,0,0,1042
08/30/2022,SFO,CA,AWP,WE,Towers with Radar,894,92,22,1,1009,0,1,0,12,13,894,93,22,13,1022,0,0,0,1022
08/31/2022,SFO,CA,AWP,WE,Towers with Radar,905,89,14,0,1008,0,6,1,8,15,905,95,15,8,1023,0,0,0,1023
09/01/2022,SFO,CA,AWP,WE,Towers with Radar,934,120,27,0,1081,0,5,0,9,14,934,125,27,9,1095,0,0,0,1095
09/02/2022,SFO,CA,AWP,WE,Towers with Radar,944,119,22,0,1085,0,2,9,1,12,944,121,31,1,1097,0,0,0,1097
09/03/2022,SFO,CA,AWP,WE,Towers with Radar,817,87,7,0,911,0,5,1,10,16,817,92,8,10,927,0,0,0,927
09/04/2022,SFO,CA,AWP,WE,Towers with Radar,865,74,15,0,954,0,9,2,4,15,865,83,17,4,969,0,0,0,969
09/05/2022,SFO,CA,AWP,WE,Towers with Radar,931,125,35,1,1092,0,5,2,5,12,931,130,37,6,1104,0,0,0,1104
09/06/2022,SFO,CA,AWP,WE,Towers with Radar,859,106,24,0,989,0,2,2,8,12,859,108,26,8,1001,0,0,0,1001
09/07/2022,SFO,CA,AWP,WE,Towers with Radar,859,101,32,0,992,0,6,2,10,18,859,107,34,10,1010,0,0,0,1010
09/08/2022,SFO,CA,AWP,WE,Towers with Radar,911,113,25,0,1049,0,6,1,8,15,911,119,26,8,1064,0,0,0,1064
09/09/2022,SFO,CA,AWP,WE,Towers with Radar,918,107,14,0,1039,0,11,4,8,23,918,118,18,8,1062,0,0,0,1062
09/10/2022,SFO,CA,AWP,WE,Towers with Radar,837,92,12,0,941,0,7,0,8,15,837,99,12,8,956,0,0,0,956
09/11/2022,SFO,CA,AWP,WE,Towers with Radar,897,109,16,0,1022,0,4,2,5,11,897,113,18,5,1033,0,0,0,1033
09/12/2022,SFO,CA,AWP,WE,Towers with Radar,907,99,44,1,1051,0,0,2,7,9,907,99,46,8,1060,0,0,0,1060
09/13/2022,SFO,CA,AWP,WE,Towers with Radar,867,113,51,0,1031,0,3,2,11,16,867,116,53,11,1047,0,0,0,1047
09/14/2022,SFO,CA,AWP,WE,Towers with Radar,856,126,37,0,1019,0,2,0,12,14,856,128,37,12,1033,0,0,0,1033
09/15/2022,SFO,CA,AWP,WE,Towers with Radar,924,130,35,1,1090,0,0,0,15,15,924,130,35,16,1105,0,0,0,1105
09/16/2022,SFO,CA,AWP,WE,Towers with Radar,912,111,33,1,1057,0,4,4,6,14,912,115,37,7,1071,0,0,0,1071
09/17/2022,SFO,CA,AWP,WE,Towers with Radar,829,70,25,1,925,0,7,0,2,9,829,77,25,3,934,0,0,0,934
09/18/2022,SFO,CA,AWP,WE,Towers with Radar,816,74,13,1,904,0,0,0,5,5,816,74,13,6,909,0,0,0,909
09/19/2022,SFO,CA,AWP,WE,Towers with Radar,944,118,17,2,1081,0,2,1,8,11,944,120,18,10,1092,0,0,0,1092
09/20/2022,SFO,CA,AWP,WE,Towers with Radar,860,108,40,0,1008,0,8,4,13,25,860,116,44,13,1033,0,0,0,1033
09/21/2022,SFO,CA,AWP,WE,Towers with Radar,857,118,27,2,1004,0,2,7,9,18,857,120,34,11,1022,0,0,0,1022
09/22/2022,SFO,CA,AWP,WE,Towers with Radar,916,117,24,0,1057,0,2,6,12,20,916,119,30,12,1077,0,0,0,1077
09/23/2022,SFO,CA,AWP,WE,Towers with Radar,930,104,15,2,1051,0,3,1,6,10,930,107,16,8,1061,0,0,0,1061
09/24/2022,SFO,CA,AWP,WE,Towers with Radar,835,87,19,0,941,0,3,2,8,13,835,90,21,8,954,0,0,0,954
09/25/2022,SFO,CA,AWP,WE,Towers with Radar,906,111,31,0,1048,0,3,2,3,8,906,114,33,3,1056,0,0,0,1056
09/26/2022,SFO,CA,AWP,WE,Towers with Radar,918,99,22,0,1039,0,3,0,7,10,918,102,22,7,1049,0,0,0,1049
09/27/2022,SFO,CA,AWP,WE,Towers with Radar,861,97,29,0,987,0,0,4,12,16,861,97,33,12,1003,0,0,0,1003
09/28/2022,SFO,CA,AWP,WE,Towers with Radar,846,115,13,0,974,0,1,2,13,16,846,116,15,13,990,0,0,0,990
09/29/2022,SFO,CA,AWP,WE,Towers with Radar,934,108,25,0,1067,0,9,0,6,15,934,117,25,6,1082,0,0,0,1082
09/30/2022,SFO,CA,AWP,WE,Towers with Radar,931,103,28,0,1062,0,4,3,7,14,931,107,31,7,1076,0,0,0,1076
10/01/2022,SFO,CA,AWP,WE,Towers with Radar,843,81,8,0,932,0,2,0,3,5,843,83,8,3,937,0,0,0,937
10/02/2022,SFO,CA,AWP,WE,Towers with Radar,897,127,27,1,1052,0,3,3,8,14,897,130,30,9,1066,0,0,0,1066
10/03/2022,SFO,CA,AWP,WE,Towers with Radar,895,106,23,0,1024,0,8,1,12,21,895,114,24,12,1045,0,0,0,1045
10/04/2022,SFO,CA,AWP,WE,Towers with Radar,863,109,18,1,991,0,5,0,8,13,863,114,18,9,1004,0,0,0,1004
10/05/2022,SFO,CA,AWP,WE,Towers with Radar,852,107,21,3,983,0,0,9,12,21,852,107,30,15,1004,0,0,0,1004
10/06/2022,SFO,CA,AWP,WE,Towers with Radar,915,101,40,2,1058,0,3,0,4,7,915,104,40,6,1065,0,0,0,1065
10/07/2022,SFO,CA,AWP,WE,Towers with Radar,904,121,26,2,1053,0,6,2,7,15,904,127,28,9,1068,0,0,0,1068
10/08/2022,SFO,CA,AWP,WE,Towers with Radar,815,98,12,3,928,0,6,2,4,12,815,104,14,7,940,0,0,0,940
10/09/2022,SFO,CA,AWP,WE,Towers with Radar,907,121,19,5,1052,0,5,2,2,9,907,126,21,7,1061,0,0,0,1061
10/10/2022,SFO,CA,AWP,WE,Towers with Radar,904,111,24,0,1039,0,0,2,3,5,904,111,26,3,1044,0,0,0,1044
10/11/2022,SFO,CA,AWP,WE,Towers with Radar,847,114,26,0,987,0,2,0,8,10,847,116,26,8,997,0,0,0,997
10/12/2022,SFO,CA,AWP,WE,Towers with Radar,853,137,44,0,1034,0,1,1,14,16,853,138,45,14,1050,0,0,0,1050
10/13/2022,SFO,CA,AWP,WE,Towers with Radar,909,122,28,0,1059,0,0,2,11,13,909,122,30,11,1072,0,0,0,1072
10/14/2022,SFO,CA,AWP,WE,Towers with Radar,901,136,33,3,1073,2,0,0,0,2,903,136,33,3,1075,0,0,0,1075
10/15/2022,SFO,CA,AWP,WE,Towers with Radar,802,77,11,0,890,0,0,0,0,0,802,77,11,0,890,0,0,0,890
10/16/2022,SFO,CA,AWP,WE,Towers with Radar,899,114,23,0,1036,0,7,1,3,11,899,121,24,3,1047,0,0,0,1047
10/17/2022,SFO,CA,AWP,WE,Towers with Radar,896,106,23,3,1028,0,5,6,11,22,896,111,29,14,1050,0,0,0,1050
10/18/2022,SFO,CA,AWP,WE,Towers with Radar,859,117,38,5,1019,0,9,3,14,26,859,126,41,19,1045,0,0,0,1045
10/19/2022,SFO,CA,AWP,WE,Towers with Radar,849,103,29,0,981,0,3,7,12,22,849,106,36,12,1003,0,0,0,1003
10/20/2022,SFO,CA,AWP,WE,Towers with Radar,903,126,22,0,1051,0,3,4,11,18,903,129,26,11,1069,0,0,0,1069
10/21/2022,SFO,CA,AWP,WE,Towers with Radar,912,100,18,0,1030,0,1,2,2,5,912,101,20,2,1035,0,0,0,1035
10/22/2022,SFO,CA,AWP,WE,Towers with Radar,821,97,10,0,928,0,0,0,1,1,821,97,10,1,929,0,0,0,929
10/23/2022,SFO,CA,AWP,WE,Towers with Radar,892,109,31,1,1033,0,4,6,2,12,892,113,37,3,1045,0,0,0,1045
10/24/2022,SFO,CA,AWP,WE,Towers with Radar,895,100,25,1,1021,0,2,0,6,8,895,102,25,7,1029,0,0,0,1029
10/25/2022,SFO,CA,AWP,WE,Towers with Radar,848,91,15,1,955,0,2,4,10,16,848,93,19,11,971,0,0,0,971
10/26/2022,SFO,CA,AWP,WE,Towers with Radar,854,107,25,0,986,0,4,4,10,18,854,111,29,10,1004,0,0,0,1004
10/27/2022,SFO,CA,AWP,WE,Towers with Radar,909,122,26,1,1058,0,8,4,12,24,909,130,30,13,1082,0,0,0,1082
10/28/2022,SFO,CA,AWP,WE,Towers with Radar,896,99,18,6,1019,0,3,6,5,14,896,102,24,11,1033,0,0,0,1033
10/29/2022,SFO,CA,AWP,WE,Towers with Radar,807,80,7,2,896,0,4,0,5,9,807,84,7,7,905,0,0,0,905
10/30/2022,SFO,CA,AWP,WE,Towers with Radar,858,72,15,0,945,0,3,2,4,9,858,75,17,4,954,0,0,0,954
10/31/2022,SFO,CA,AWP,WE,Towers with Radar,850,50,9,0,909,0,4,2,8,14,850,54,11,8,923,0,0,0,923
11/01/2022,SFO,CA,AWP,WE,Towers with Radar,834,82,21,1,938,0,4,0,5,9,834,86,21,6,947,0,0,0,947
11/02/2022,SFO,CA,AWP,WE,Towers with Radar,836,85,33,0,954,0,2,1,12,15,836,87,34,12,969,0,0,0,969
11/03/2022,SFO,CA,AWP,WE,Towers with Radar,866,91,34,0,991,0,4,3,6,13,866,95,37,6,1004,0,0,0,1004
11/04/2022,SFO,CA,AWP,WE,Towers with Radar,854,81,30,0,965,0,6,3,12,21,854,87,33,12,986,0,0,0,986
11/05/2022,SFO,CA,AWP,WE,Towers with Radar,778,69,16,1,864,0,0,2,2,4,778,69,18,3,868,0,0,0,868
11/06/2022,SFO,CA,AWP,WE,Towers with Radar,872,100,21,3,996,0,3,8,5,16,872,103,29,8,1012,0,0,0,1012
11/07/2022,SFO,CA,AWP,WE,Towers with Radar,816,83,21,0,920,0,0,2,9,11,816,83,23,9,931,0,0,0,931
11/08/2022,SFO,CA,AWP,WE,Towers with Radar,822,83,24,2,931,0,4,0,14,18,822,87,24,16,949,0,0,0,949
11/09/2022,SFO,CA,AWP,WE,Towers with Radar,809,90,23,0,922,0,2,2,13,17,809,92,25,13,939,0,0,0,939
11/10/2022,SFO,CA,AWP,WE,Towers with Radar,879,106,45,0,1030,0,8,2,10,20,879,114,47,10,1050,0,0,0,1050
11/11/2022,SFO,CA,AWP,WE,Towers with Radar,862,91,25,0,978,0,4,2,5,11,862,95,27,5,989,0,0,0,989
11/12/2022,SFO,CA,AWP,WE,Towers with Radar,786,68,36,0,890,0,6,2,3,11,786,74,38,3,901,0,0,0,901
11/13/2022,SFO,CA,AWP,WE,Towers with Radar,873,90,21,1,985,0,4,0,7,11,873,94,21,8,996,0,0,0,996
11/14/2022,SFO,CA,AWP,WE,Towers with Radar,855,93,36,0,984,0,3,0,11,14,855,96,36,11,998,0,0,0,998
11/15/2022,SFO,CA,AWP,WE,Towers with Radar,847,77,23,0,947,0,4,3,13,20,847,81,26,13,967,0,0,0,967
11/16/2022,SFO,CA,AWP,WE,Towers with Radar,828,97,23,0,948,0,2,3,10,15,828,99,26,10,963,0,0,0,963
11/17/2022,SFO,CA,AWP,WE,Towers with Radar,882,83,29,0,994,0,6,1,7,14,882,89,30,7,1008,0,0,0,1008
11/18/2022,SFO,CA,AWP,WE,Towers with Radar,861,83,23,3,970,0,7,1,5,13,861,90,24,8,983,0,0,0,983
11/19/2022,SFO,CA,AWP,WE,Towers with Radar,848,105,25,1,979,0,10,0,6,16,848,115,25,7,995,0,0,0,995
11/20/2022,SFO,CA,AWP,WE,Towers with Radar,891,79,17,0,987,0,3,4,2,9,891,82,21,2,996,0,0,0,996
11/21/2022,SFO,CA,AWP,WE,Towers with Radar,864,80,23,0,967,0,9,2,12,23,864,89,25,12,990,0,0,0,990
11/22/2022,SFO,CA,AWP,WE,Towers with Radar,881,86,14,0,981,0,5,0,7,12,881,91,14,7,993,0,0,0,993
11/23/2022,SFO,CA,AWP,WE,Towers with Radar,881,68,27,0,976,0,4,0,4,8,881,72,27,4,984,0,0,0,984
11/24/2022,SFO,CA,AWP,WE,Towers with Radar,679,36,8,1,724,0,11,3,5,19,679,47,11,6,743,0,0,0,743
11/25/2022,SFO,CA,AWP,WE,Towers with Radar,834,58,5,0,897,0,6,1,3,10,834,64,6,3,907,0,0,0,907
11/26/2022,SFO,CA,AWP,WE,Towers with Radar,859,85,21,1,966,0,7,1,1,9,859,92,22,2,975,0,0,0,975
11/27/2022,SFO,CA,AWP,WE,Towers with Radar,900,107,38,2,1047,0,4,1,2,7,900,111,39,4,1054,0,0,0,1054
11/28/2022,SFO,CA,AWP,WE,Towers with Radar,885,75,27,2,989,0,4,2,12,18,885,79,29,14,1007,0,0,0,1007
11/29/2022,SFO,CA,AWP,WE,Towers with Radar,850,77,10,0,937,0,13,1,17,31,850,90,11,17,968,0,0,0,968
11/30/2022,SFO,CA,AWP,WE,Towers with Radar,817,82,23,4,926,0,13,1,11,25,817,95,24,15,951,0,0,0,951
12/01/2022,SFO,CA,AWP,WE,Towers with Radar,851,71,24,0,946,0,1,0,10,11,851,72,24,10,957,0,0,0,957
12/02/2022,SFO,CA,AWP,WE,Towers with Radar,847,84,13,1,945,0,0,0,13,13,847,84,13,14,958,0,0,0,958
12/03/2022,SFO,CA,AWP,WE,Towers with Radar,797,67,22,1,887,0,0,0,0,0,797,67,22,1,887,0,0,0,887
12/04/2022,SFO,CA,AWP,WE,Towers with Radar,873,83,22,0,978,0,4,0,3,7,873,87,22,3,985,0,0,0,985
12/05/2022,SFO,CA,AWP,WE,Towers with Radar,851,85,26,0,962,0,2,4,11,17,851,87,30,11,979,0,0,0,979
12/06/2022,SFO,CA,AWP,WE,Towers with Radar,822,76,10,0,908,0,2,2,25,29,822,78,12,25,937,0,0,0,937
12/07/2022,SFO,CA,AWP,WE,Towers with Radar,818,93,20,0,931,0,1,2,9,12,818,94,22,9,943,0,0,0,943
12/08/2022,SFO,CA,AWP,WE,Towers with Radar,867,81,15,1,964,0,0,0,13,13,867,81,15,14,977,0,0,0,977
12/09/2022,SFO,CA,AWP,WE,Towers with Radar,864,97,41,1,1003,0,3,0,9,12,864,100,41,10,1015,0,0,0,1015
12/10/2022,SFO,CA,AWP,WE,Towers with Radar,791,69,17,0,877,0,0,0,0,0,791,69,17,0,877,0,0,0,877
12/11/2022,SFO,CA,AWP,WE,Towers with Radar,835,86,20,0,941,0,6,4,2,12,835,92,24,2,953,0,0,0,953
12/12/2022,SFO,CA,AWP,WE,Towers with Radar,879,86,24,2,991,0,3,0,11,14,879,89,24,13,1005,0,0,0,1005
12/13/2022,SFO,CA,AWP,WE,Towers with Radar,813,79,25,1,918,0,4,0,14,18,813,83,25,15,936,0,0,0,936
12/14/2022,SFO,CA,AWP,WE,Towers with Radar,824,84,27,1,936,0,4,0,12,16,824,88,27,13,952,0,0,0,952
12/15/2022,SFO,CA,AWP,WE,Towers with Radar,883,83,34,1,1001,0,2,0,8,10,883,85,34,9,1011,0,0,0,1011
12/16/2022,SFO,CA,AWP,WE,Towers with Radar,898,99,26,5,1028,0,2,0,1,3,898,101,26,6,1031,0,0,0,1031
12/17/2022,SFO,CA,AWP,WE,Towers with Radar,822,79,12,0,913,0,1,1,4,6,822,80,13,4,919,0,0,0,919
12/18/2022,SFO,CA,AWP,WE,Towers with Radar,876,76,15,1,968,0,2,1,2,5,876,78,16,3,973,0,0,0,973
12/19/2022,SFO,CA,AWP,WE,Towers with Radar,872,63,10,3,948,0,1,0,5,6,872,64,10,8,954,0,0,0,954
12/20/2022,SFO,CA,AWP,WE,Towers with Radar,864,56,18,0,938,0,0,0,4,4,864,56,18,4,942,0,0,0,942
12/21/2022,SFO,CA,AWP,WE,Towers with Radar,848,86,12,0,946,0,4,2,4,10,848,90,14,4,956,0,0,0,956
12/22/2022,SFO,CA,AWP,WE,Towers with Radar,882,81,24,0,987,0,0,0,6,6,882,81,24,6,993,0,0,0,993
12/23/2022,SFO,CA,AWP,WE,Towers with Radar,774,82,9,3,868,0,2,0,6,8,774,84,9,9,876,0,0,0,876
12/24/2022,SFO,CA,AWP,WE,Towers with Radar,656,51,10,0,717,0,0,2,2,4,656,51,12,2,721,0,0,0,721
12/25/2022,SFO,CA,AWP,WE,Towers with Radar,718,77,13,0,808,0,7,0,0,7,718,84,13,0,815,0,0,0,815
12/26/2022,SFO,CA,AWP,WE,Towers with Radar,762,86,11,0,859,0,3,1,7,11,762,89,12,7,870,0,0,0,870
12/27/2022,SFO,CA,AWP,WE,Towers with Radar,807,61,16,0,884,0,1,0,4,5,807,62,16,4,889,0,0,0,889
12/28/2022,SFO,CA,AWP,WE,Towers with Radar,841,56,13,0,910,0,0,0,8,8,841,56,13,8,918,0,0,0,918
12/29/2022,SFO,CA,AWP,WE,Towers with Radar,858,71,11,0,940,0,0,0,0,0,858,71,11,0,940,0,0,0,940
12/30/2022,SFO,CA,AWP,WE,Towers with Radar,852,47,8,0,907,0,0,0,0,0,852,47,8,0,907,0,0,0,907
12/31/2022,SFO,CA,AWP,WE,Towers with Radar,772,52,10,1,835,0,0,0,0,0,772,52,10,1,835,0,0,0,835
01/01/2023,SFO,CA,AWP,WE,Towers with Radar,819,73,15,1,908,0,6,2,1,9,819,79,17,2,917,0,0,0,917
01/02/2023,SFO,CA,AWP,WE,Towers with Radar,735,93,21,0,849,0,1,0,10,11,735,94,21,10,860,0,0,0,860
01/03/2023,SFO,CA,AWP,WE,Towers with Radar,885,101,18,0,1004,0,0,0,8,8,885,101,18,8,1012,0,0,0,1012
01/04/2023,SFO,CA,AWP,WE,Towers with Radar,766,24,4,0,794,0,0,0,3,3,766,24,4,3,797,0,0,0,797
01/05/2023,SFO,CA,AWP,WE,Towers with Radar,879,51,11,0,941,0,2,0,5,7,879,53,11,5,948,0,0,0,948
01/06/2023,SFO,CA,AWP,WE,Towers with Radar,840,79,15,2,936,0,0,2,4,6,840,79,17,6,942,0,0,0,942
01/07/2023,SFO,CA,AWP,WE,Towers with Radar,805,58,11,0,874,0,2,0,4,6,805,60,11,4,880,0,0,0,880
01/08/2023,SFO,CA,AWP,WE,Towers with Radar,781,95,44,0,920,0,2,4,6,12,781,97,48,6,932,0,0,0,932
01/09/2023,SFO,CA,AWP,WE,Towers with Radar,877,89,24,0,990,0,4,0,6,10,877,93,24,6,1000,0,0,0,1000
01/10/2023,SFO,CA,AWP,WE,Towers with Radar,800,88,28,0,916,0,0,0,11,11,800,88,28,11,927,0,0,0,927
01/11/2023,SFO,CA,AWP,WE,Towers with Radar,764,101,32,1,898,0,0,1,15,16,764,101,33,16,914,0,0,0,914
01/12/2023,SFO,CA,AWP,WE,Towers with Radar,900,137,36,0,1073,0,2,2,14,18,900,139,38,14,1091,0,0,0,1091
01/13/2023,SFO,CA,AWP,WE,Towers with Radar,835,87,6,0,928,0,1,0,9,10,835,88,6,9,938,0,0,0,938
01/14/2023,SFO,CA,AWP,WE,Towers with Radar,787,45,2,0,834,0,3,0,0,3,787,48,2,0,837,0,0,0,837
01/15/2023,SFO,CA,AWP,WE,Towers with Radar,798,63,4,0,865,0,0,0,4,4,798,63,4,4,869,0,0,0,869
01/16/2023,SFO,CA,AWP,WE,Towers with Radar,881,112,8,0,1001,0,5,1,6,12,881,117,9,6,1013,0,0,0,1013
01/17/2023,SFO,CA,AWP,WE,Towers with Radar,806,67,9,0,882,0,0,3,8,11,806,67,12,8,893,0,0,0,893
01/18/2023,SFO,CA,AWP,WE,Towers with Radar,794,62,10,0,866,0,5,1,8,14,794,67,11,8,880,0,0,0,880
01/19/2023,SFO,CA,AWP,WE,Towers with Radar,869,75,15,3,962,0,3,2,19,24,869,78,17,22,986,0,0,0,986
01/20/2023,SFO,CA,AWP,WE,Towers with Radar,859,95,16,0,970,0,2,2,6,10,859,97,18,6,980,0,0,0,980
01/21/2023,SFO,CA,AWP,WE,Towers with Radar,780,66,19,0,865,0,8,1,8,17,780,74,20,8,882,0,0,0,882
01/22/2023,SFO,CA,AWP,WE,Towers with Radar,822,90,15,0,927,0,4,1,3,8,822,94,16,3,935,0,0,0,935
01/23/2023,SFO,CA,AWP,WE,Towers with Radar,843,80,20,0,943,0,1,0,10,11,843,81,20,10,954,0,0,0,954
01/24/2023,SFO,CA,AWP,WE,Towers with Radar,815,66,18,0,899,0,5,8,6,19,815,71,26,6,918,0,0,0,918
01/25/2023,SFO,CA,AWP,WE,Towers with Radar,808,66,18,0,892,0,4,11,11,26,808,70,29,11,918,0,0,0,918
01/26/2023,SFO,CA,AWP,WE,Towers with Radar,890,83,13,0,986,0,5,0,12,17,890,88,13,12,1003,0,0,0,1003
01/27/2023,SFO,CA,AWP,WE,Towers with Radar,871,81,15,0,967,0,5,3,9,17,871,86,18,9,984,0,0,0,984
01/28/2023,SFO,CA,AWP,WE,Towers with Radar,799,58,9,1,867,0,2,0,3,5,799,60,9,4,872,0,0,0,872
01/29/2023,SFO,CA,AWP,WE,Towers with Radar,824,78,9,0,911,0,1,0,5,6,824,79,9,5,917,0,0,0,917
01/30/2023,SFO,CA,AWP,WE,Towers with Radar,843,68,14,0,925,0,2,3,11,16,843,70,17,11,941,0,0,0,941
01/31/2023,SFO,CA,AWP,WE,Towers with Radar,798,83,17,0,898,0,4,0,12,16,798,87,17,12,914,0,0,0,914
02/01/2023,SFO,CA,AWP,WE,Towers with Radar,774,91,12,0,877,0,2,2,12,16,774,93,14,12,893,0,0,0,893
02/02/2023,SFO,CA,AWP,WE,Towers with Radar,865,115,19,2,1001,0,8,0,14,22,865,123,19,16,1023,0,0,0,1023
02/03/2023,SFO,CA,AWP,WE,Towers with Radar,860,88,12,0,960,0,1,0,5,6,860,89,12,5,966,0,0,0,966
02/04/2023,SFO,CA,AWP,WE,Towers with Radar,795,65,6,1,867,0,0,0,1,1,795,65,6,2,868,0,0,0,868
02/05/2023,SFO,CA,AWP,WE,Towers with Radar,833,75,21,0,929,0,0,0,3,3,833,75,21,3,932,0,0,0,932
02/06/2023,SFO,CA,AWP,WE,Towers with Radar,853,88,9,1,951,0,2,0,12,14,853,90,9,13,965,0,0,0,965
02/07/2023,SFO,CA,AWP,WE,Towers with Radar,818,63,23,0,904,0,4,0,9,13,818,67,23,9,917,0,0,0,917
02/08/2023,SFO,CA,AWP,WE,Towers with Radar,813,71,10,0,894,0,4,2,12,18,813,75,12,12,912,0,0,0,912
02/09/2023,SFO,CA,AWP,WE,Towers with Radar,872,86,24,2,984,0,0,0,11,11,872,86,24,13,995,0,0,0,995
02/10/2023,SFO,CA,AWP,WE,Towers with Radar,882,90,21,0,993,0,2,5,13,20,882,92,26,13,1013,0,0,0,1013
02/11/2023,SFO,CA,AWP,WE,Towers with Radar,826,60,9,1,896,0,2,1,2,5,826,62,10,3,901,0,0,0,901
02/12/2023,SFO,CA,AWP,WE,Towers with Radar,860,73,8,0,941,0,5,1,3,9,860,78,9,3,950,0,0,0,950
02/13/2023,SFO,CA,AWP,WE,Towers with Radar,898,82,15,0,995,0,4,2,8,14,898,86,17,8,1009,0,0,0,1009
02/14/2023,SFO,CA,AWP,WE,Towers with Radar,854,65,9,0,928,0,3,2,12,17,854,68,11,12,945,0,0,0,945
02/15/2023,SFO,CA,AWP,WE,Towers with Radar,856,85,34,0,975,0,0,0,12,12,856,85,34,12,987,0,0,0,987
02/16/2023,SFO,CA,AWP,WE,Towers with Radar,899,107,18,0,1024,0,2,2,10,14,899,109,20,10,1038,0,0,0,1038
02/17/2023,SFO,CA,AWP,WE,Towers with Radar,908,124,21,0,1053,0,1,1,2,4,908,125,22,2,1057,0,0,0,1057
02/18/2023,SFO,CA,AWP,WE,Towers with Radar,825,89,12,0,926,0,9,2,5,16,825,98,14,5,942,0,0,0,942
02/19/2023,SFO,CA,AWP,WE,Towers with Radar,881,64,12,0,957,0,5,0,2,7,881,69,12,2,964,0,0,0,964
02/20/2023,SFO,CA,AWP,WE,Towers with Radar,894,75,10,0,979,0,2,2,3,7,894,77,12,3,986,0,0,0,986
02/21/2023,SFO,CA,AWP,WE,Towers with Radar,863,65,14,0,942,0,1,0,8,9,863,66,14,8,951,0,0,0,951
02/22/2023,SFO,CA,AWP,WE,Towers with Radar,830,83,15,1,929,0,0,3,12,15,830,83,18,13,944,0,0,0,944
02/23/2023,SFO,CA,AWP,WE,Towers with Radar,855,69,14,0,938,0,0,0,8,8,855,69,14,8,946,0,0,0,946
02/24/2023,SFO,CA,AWP,WE,Towers with Radar,907,63,13,0,983,0,4,0,8,12,907,67,13,8,995,0,0,0,995
02/25/2023,SFO,CA,AWP,WE,Towers with Radar,832,86,17,0,935,0,0,0,2,2,832,86,17,2,937,0,0,0,937
02/26/2023,SFO,CA,AWP,WE,Towers with Radar,881,93,24,0,998,0,2,0,4,6,881,95,24,4,1004,0,0,0,1004
02/27/2023,SFO,CA,AWP,WE,Towers with Radar,897,71,10,0,978,0,0,2,13,15,897,71,12,13,993,0,0,0,993
02/28/2023,SFO,CA,AWP,WE,Towers with Radar,864,70,14,0,948,0,0,0,12,12,864,70,14,12,960,0,0,0,960
03/01/2023,SFO,CA,AWP,WE,Towers with Radar,873,76,13,2,964,0,1,8,8,17,873,77,21,10,981,0,0,0,981
03/02/2023,SFO,CA,AWP,WE,Towers with Radar,899,83,25,1,1008,0,2,0,12,14,899,85,25,13,1022,0,0,0,1022
03/03/2023,SFO,CA,AWP,WE,Towers with Radar,904,84,19,3,1010,0,5,5,11,21,904,89,24,14,1031,0,0,0,1031
03/04/2023,SFO,CA,AWP,WE,Towers with Radar,823,62,9,0,894,0,2,0,2,4,823,64,9,2,898,0,0,0,898
03/05/2023,SFO,CA,AWP,WE,Towers with Radar,865,88,21,0,974,0,1,3,2,6,865,89,24,2,980,0,0,0,980
03/06/2023,SFO,CA,AWP,WE,Towers with Radar,941,93,28,0,1062,0,2,0,10,12,941,95,28,10,1074,0,0,0,1074
03/07/2023,SFO,CA,AWP,WE,Towers with Radar,881,96,35,1,1013,0,0,4,12,16,881,96,39,13,1029,0,0,0,1029
03/08/2023,SFO,CA,AWP,WE,Towers with Radar,890,97,30,0,1017,0,2,0,9,11,890,99,30,9,1028,0,0,0,1028
03/09/2023,SFO,CA,AWP,WE,Towers with Radar,841,63,21,0,925,0,2,2,4,8,841,65,23,4,933,0,0,0,933
03/10/2023,SFO,CA,AWP,WE,Towers with Radar,964,92,11,0,1067,0,0,2,12,14,964,92,13,12,1081,0,0,0,1081
03/11/2023,SFO,CA,AWP,WE,Towers with Radar,850,76,19,0,945,0,2,0,2,4,850,78,19,2,949,0,0,0,949
03/12/2023,SFO,CA,AWP,WE,Towers with Radar,836,71,16,0,923,0,0,0,4,4,836,71,16,4,927,0,0,0,927
03/13/2023,SFO,CA,AWP,WE,Towers with Radar,895,72,21,1,989,0,0,0,6,6,895,72,21,7,995,0,0,0,995
03/14/2023,SFO,CA,AWP,WE,Towers with Radar,833,42,7,0,882,0,0,0,2,2,833,42,7,2,884,0,0,0,884
03/15/2023,SFO,CA,AWP,WE,Towers with Radar,900,93,18,0,1011,0,6,1,8,15,900,99,19,8,1026,0,0,0,1026
03/16/2023,SFO,CA,AWP,WE,Towers with Radar,945,75,22,0,1042,0,6,5,10,21,945,81,27,10,1063,0,0,0,1063
03/17/2023,SFO,CA,AWP,WE,Towers with Radar,934,87,21,0,1042,0,11,31,4,46,934,98,52,4,1088,0,0,0,1088
03/18/2023,SFO,CA,AWP,WE,Towers with Radar,840,63,8,0,911,0,13,1,2,16,840,76,9,2,927,0,0,0,927
03/19/2023,SFO,CA,AWP,WE,Towers with Radar,883,86,26,0,995,0,2,0,0,2,883,88,26,0,997,0,0,0,997
03/20/2023,SFO,CA,AWP,WE,Towers with Radar,953,91,13,0,1057,0,6,2,8,16,953,97,15,8,1073,0,0,0,1073
03/21/2023,SFO,CA,AWP,WE,Towers with Radar,739,35,9,0,783,0,0,0,0,0,739,35,9,0,783,0,0,0,783
03/22/2023,SFO,CA,AWP,WE,Towers with Radar,957,76,19,0,1052,0,4,0,12,16,957,80,19,12,1068,0,0,0,1068
03/23/2023,SFO,CA,AWP,WE,Towers with Radar,939,74,17,0,1030,0,0,1,11,12,939,74,18,11,1042,0,0,0,1042
03/24/2023,SFO,CA,AWP,WE,Towers with Radar,945,97,27,0,1069,0,0,7,4,11,945,97,34,4,1080,0,0,0,1080
03/25/2023,SFO,CA,AWP,WE,Towers with Radar,850,56,13,0,919,0,3,3,4,10,850,59,16,4,929,0,0,0,929
03/26/2023,SFO,CA,AWP,WE,Towers with Radar,862,91,15,0,968,0,8,6,3,17,862,99,21,3,985,0,0,0,985
03/27/2023,SFO,CA,AWP,WE,Towers with Radar,918,84,12,0,1014,0,8,0,11,19,918,92,12,11,1033,0,0,0,1033
03/28/2023,SFO,CA,AWP,WE,Towers with Radar,862,56,16,0,934,0,3,1,6,10,862,59,17,6,944,0,0,0,944
03/29/2023,SFO,CA,AWP,WE,Towers with Radar,896,78,13,0,987,0,0,0,14,14,896,78,13,14,1001,0,0,0,1001
03/30/2023,SFO,CA,AWP,WE,Towers with Radar,927,74,29,0,1030,0,2,2,11,15,927,76,31,11,1045,0,0,0,1045
03/31/2023,SFO,CA,AWP,WE,Towers with Radar,920,90,11,0,1021,0,5,1,6,12,920,95,12,6,1033,0,0,0,1033
04/01/2023,SFO,CA,AWP,WE,Towers with Radar,834,77,16,0,927,0,3,0,4,7,834,80,16,4,934,0,0,0,934
04/02/2023,SFO,CA,AWP,WE,Towers with Radar,869,83,26,0,978,0,4,0,2,6,869,87,26,2,984,0,0,0,984
04/03/2023,SFO,CA,AWP,WE,Towers with Radar,938,78,16,2,1034,0,2,0,6,8,938,80,16,8,1042,0,0,0,1042
04/04/2023,SFO,CA,AWP,WE,Towers with Radar,889,70,20,1,980,0,1,4,11,16,889,71,24,12,996,0,0,0,996
04/05/2023,SFO,CA,AWP,WE,Towers with Radar,886,84,30,0,1000,0,1,2,11,14,886,85,32,11,1014,0,0,0,1014
04/06/2023,SFO,CA,AWP,WE,Towers with Radar,943,86,18,0,1047,0,3,4,10,17,943,89,22,10,1064,0,0,0,1064
04/07/2023,SFO,CA,AWP,WE,Towers with Radar,952,84,12,2,1050,0,1,0,2,3,952,85,12,4,1053,0,0,0,1053
04/08/2023,SFO,CA,AWP,WE,Towers with Radar,853,71,8,2,934,0,9,0,5,14,853,80,8,7,948,0,0,0,948
04/09/2023,SFO,CA,AWP,WE,Towers with Radar,905,99,12,0,1016,0,1,0,5,6,905,100,12,5,1022,0,0,0,1022
04/10/2023,SFO,CA,AWP,WE,Towers with Radar,940,73,20,0,1033,0,0,1,9,10,940,73,21,9,1043,0,0,0,1043
04/11/2023,SFO,CA,AWP,WE,Towers with Radar,912,78,24,0,1014,0,0,0,12,12,912,78,24,12,1026,0,0,0,1026
04/12/2023,SFO,CA,AWP,WE,Towers with Radar,916,67,15,0,998,0,2,4,14,20,916,69,19,14,1018,0,0,0,1018
04/13/2023,SFO,CA,AWP,WE,Towers with Radar,953,78,24,0,1055,0,6,2,13,21,953,84,26,13,1076,0,0,0,1076
04/14/2023,SFO,CA,AWP,WE,Towers with Radar,920,86,18,0,1024,0,5,10,5,20,920,91,28,5,1044,0,0,0,1044
04/15/2023,SFO,CA,AWP,WE,Towers with Radar,829,86,25,0,940,0,0,4,6,10,829,86,29,6,950,0,0,0,950
04/16/2023,SFO,CA,AWP,WE,Towers with Radar,891,117,29,0,1037,0,8,3,6,17,891,125,32,6,1054,0,0,0,1054
04/17/2023,SFO,CA,AWP,WE,Towers with Radar,940,96,17,0,1053,0,0,2,7,9,940,96,19,7,1062,0,0,0,1062
04/18/2023,SFO,CA,AWP,WE,Towers with Radar,899,73,20,0,992,0,4,5,13,22,899,77,25,13,1014,0,0,0,1014
04/19/2023,SFO,CA,AWP,WE,Towers with Radar,900,65,14,0,979,0,1,0,11,12,900,66,14,11,991,0,0,0,991
04/20/2023,SFO,CA,AWP,WE,Towers with Radar,925,83,27,0,1035,0,12,1,6,19,925,95,28,6,1054,0,0,0,1054
04/21/2023,SFO,CA,AWP,WE,Towers with Radar,952,96,13,1,1062,0,7,0,5,12,952,103,13,6,1074,0,0,0,1074
04/22/2023,SFO,CA,AWP,WE,Towers with Radar,838,82,10,2,932,0,6,2,3,11,838,88,12,5,943,0,0,0,943
04/23/2023,SFO,CA,AWP,WE,Towers with Radar,907,111,19,0,1037,0,0,0,2,2,907,111,19,2,1039,0,0,0,1039
04/24/2023,SFO,CA,AWP,WE,Towers with Radar,945,63,24,0,1032,0,4,0,6,10,945,67,24,6,1042,0,0,0,1042
04/25/2023,SFO,CA,AWP,WE,Towers with Radar,907,79,21,0,1007,0,5,1,16,22,907,84,22,16,1029,0,0,0,1029
04/26/2023,SFO,CA,AWP,WE,Towers with Radar,914,88,36,3,1041,0,2,2,10,14,914,90,38,13,1055,0,0,0,1055
04/27/2023,SFO,CA,AWP,WE,Towers with Radar,960,82,28,0,1070,0,3,4,11,18,960,85,32,11,1088,0,0,0,1088
04/28/2023,SFO,CA,AWP,WE,Towers with Radar,945,88,17,0,1050,0,4,1,6,11,945,92,18,6,1061,0,0,0,1061
04/29/2023,SFO,CA,AWP,WE,Towers with Radar,845,63,11,0,919,0,4,0,4,8,845,67,11,4,927,0,0,0,927
04/30/2023,SFO,CA,AWP,WE,Towers with Radar,909,120,22,1,1052,0,4,0,3,7,909,124,22,4,1059,0,0,0,1059
05/01/2023,SFO,CA,AWP,WE,Towers with Radar,958,77,21,0,1056,0,7,0,8,15,958,84,21,8,1071,0,0,0,1071
05/02/2023,SFO,CA,AWP,WE,Towers with Radar,935,110,34,0,1079,0,0,0,6,6,935,110,34,6,1085,0,0,0,1085
05/03/2023,SFO,CA,AWP,WE,Towers with Radar,949,89,32,0,1070,0,0,0,7,7,949,89,32,7,1077,0,0,0,1077
05/04/2023,SFO,CA,AWP,WE,Towers with Radar,956,83,21,0,1060,0,1,3,7,11,956,84,24,7,1071,0,0,0,1071
05/05/2023,SFO,CA,AWP,WE,Towers with Radar,972,93,14,0,1079,0,0,8,5,13,972,93,22,5,1092,0,0,0,1092
05/06/2023,SFO,CA,AWP,WE,Towers with Radar,901,75,16,0,992,0,2,0,2,4,901,77,16,2,996,0,0,0,996
05/07/2023,SFO,CA,AWP,WE,Towers with Radar,967,120,15,0,1102,0,2,0,2,4,967,122,15,2,1106,0,0,0,1106
05/08/2023,SFO,CA,AWP,WE,Towers with Radar,986,79,20,0,1085,0,2,0,4,6,986,81,20,4,1091,0,0,0,1091
05/09/2023,SFO,CA,AWP,WE,Towers with Radar,959,103,33,0,1095,0,4,0,6,10,959,107,33,6,1105,0,0,0,1105
05/10/2023,SFO,CA,AWP,WE,Towers with Radar,952,111,42,0,1105,0,4,0,10,14,952,115,42,10,1119,0,0,0,1119
05/11/2023,SFO,CA,AWP,WE,Towers with Radar,1000,99,19,0,1118,0,1,0,11,12,1000,100,19,11,1130,0,0,0,1130
05/12/2023,SFO,CA,AWP,WE,Towers with Radar,1002,96,20,0,1118,0,1,1,3,5,1002,97,21,3,1123,0,0,0,1123
05/13/2023,SFO,CA,AWP,WE,Towers with Radar,926,61,3,0,990,0,1,1,2,4,926,62,4,2,994,0,0,0,994
05/14/2023,SFO,CA,AWP,WE,Towers with Radar,966,85,26,0,1077,0,3,0,4,7,966,88,26,4,1084,0,0,0,1084
05/15/2023,SFO,CA,AWP,WE,Towers with Radar,1006,78,5,0,1089,0,2,6,5,13,1006,80,11,5,1102,0,0,0,1102
05/16/2023,SFO,CA,AWP,WE,Towers with Radar,968,88,25,0,1081,0,2,0,11,13,968,90,25,11,1094,0,0,0,1094
05/17/2023,SFO,CA,AWP,WE,Towers with Radar,959,77,12,0,1048,0,1,1,8,10,959,78,13,8,1058,0,0,0,1058
05/18/2023,SFO,CA,AWP,WE,Towers with Radar,1002,89,25,2,1118,0,4,0,9,13,1002,93,25,11,1131,0,0,0,1131
05/19/2023,SFO,CA,AWP,WE,Towers with Radar,1022,98,23,0,1143,0,0,6,8,14,1022,98,29,8,1157,0,0,0,1157
05/20/2023,SFO,CA,AWP,WE,Towers with Radar,936,73,14,0,1023,0,3,5,5,13,936,76,19,5,1036,0,0,0,1036
05/21/2023,SFO,CA,AWP,WE,Towers with Radar,998,98,17,0,1113,0,4,0,7,11,998,102,17,7,1124,0,0,0,1124
05/22/2023,SFO,CA,AWP,WE,Towers with Radar,1028,76,9,0,1113,0,3,5,4,12,1028,79,14,4,1125,0,0,0,1125
05/23/2023,SFO,CA,AWP,WE,Towers with Radar,982,75,21,0,1078,0,1,0,10,11,982,76,21,10,1089,0,0,0,1089
05/24/2023,SFO,CA,AWP,WE,Towers with Radar,985,80,39,0,1104,0,7,2,10,19,985,87,41,10,1123,0,0,0,1123
05/25/2023,SFO,CA,AWP,WE,Towers with Radar,1014,91,24,0,1129,0,2,8,6,16,1014,93,32,6,1145,0,0,0,1145
05/26/2023,SFO,CA,AWP,WE,Towers with Radar,1007,108,30,0,1145,0,3,7,4,14,1007,111,37,4,1159,0,0,0,1159
05/27/2023,SFO,CA,AWP,WE,Towers with Radar,928,68,7,1,1004,0,2,0,4,6,928,70,7,5,1010,0,0,0,1010
05/28/2023,SFO,CA,AWP,WE,Towers with Radar,971,84,11,1,1067,0,0,0,2,2,971,84,11,3,1069,0,0,0,1069
05/29/2023,SFO,CA,AWP,WE,Towers with Radar,1013,136,15,0,1164,0,4,0,6,10,1013,140,15,6,1174,0,0,0,1174
05/30/2023,SFO,CA,AWP,WE,Towers with Radar,967,85,19,1,1072,0,1,2,9,12,967,86,21,10,1084,0,0,0,1084
05/31/2023,SFO,CA,AWP,WE,Towers with Radar,984,83,24,0,1091,0,3,0,11,14,984,86,24,11,1105,0,0,0,1105
06/01/2023,SFO,CA,AWP,WE,Towers with Radar,1019,85,26,1,1131,0,0,12,11,23,1019,85,38,12,1154,0,0,0,1154
06/02/2023,SFO,CA,AWP,WE,Towers with Radar,1025,74,30,0,1129,0,2,1,6,9,1025,76,31,6,1138,0,0,0,1138
06/03/2023,SFO,CA,AWP,WE,Towers with Radar,965,64,13,0,1042,0,0,4,2,6,965,64,17,2,1048,0,0,0,1048
06/04/2023,SFO,CA,AWP,WE,Towers with Radar,1012,96,20,0,1128,0,0,0,5,5,1012,96,20,5,1133,0,0,0,1133
06/05/2023,SFO,CA,AWP,WE,Towers with Radar,1053,63,15,0,1131,0,2,1,7,10,1053,65,16,7,1141,0,0,0,1141
06/06/2023,SFO,CA,AWP,WE,Towers with Radar,1009,56,26,1,1092,0,0,2,11,13,1009,56,28,12,1105,0,0,0,1105
06/07/2023,SFO,CA,AWP,WE,Towers with Radar,1008,71,17,1,1097,0,0,3,7,10,1008,71,20,8,1107,0,0,0,1107
06/08/2023,SFO,CA,AWP,WE,Towers with Radar,1041,86,16,1,1144,0,1,4,9,14,1041,87,20,10,1158,0,0,0,1158
06/09/2023,SFO,CA,AWP,WE,Towers with Radar,1036,97,14,0,1147,0,2,3,8,13,1036,99,17,8,1160,0,0,0,1160
06/10/2023,SFO,CA,AWP,WE,Towers with Radar,962,65,14,0,1041,0,0,0,4,4,962,65,14,4,1045,0,0,0,1045
06/11/2023,SFO,CA,AWP,WE,Towers with Radar,1015,78,22,2,1117,0,1,2,3,6,1015,79,24,5,1123,0,0,0,1123
06/12/2023,SFO,CA,AWP,WE,Towers with Radar,1052,84,13,1,1150,0,8,2,16,26,1052,92,15,17,1176,0,0,0,1176
06/13/2023,SFO,CA,AWP,WE,Towers with Radar,976,79,23,1,1079,0,3,0,10,13,976,82,23,11,1092,0,0,0,1092
06/14/2023,SFO,CA,AWP,WE,Towers with Radar,1042,106,22,2,1172,0,1,0,10,11,1042,107,22,12,1183,0,0,0,1183
06/15/2023,SFO,CA,AWP,WE,Towers with Radar,1018,82,26,4,1130,0,4,0,13,17,1018,86,26,17,1147,0,0,0,1147
06/16/2023,SFO,CA,AWP,WE,Towers with Radar,1042,84,19,4,1149,0,5,1,10,16,1042,89,20,14,1165,0,0,0,1165
06/17/2023,SFO,CA,AWP,WE,Towers with Radar,967,70,9,0,1046,0,3,0,4,7,967,73,9,4,1053,0,0,0,1053
06/18/2023,SFO,CA,AWP,WE,Towers with Radar,985,74,9,5,1073,0,3,2,8,13,985,77,11,13,1086,0,0,0,1086
06/19/2023,SFO,CA,AWP,WE,Towers with Radar,1047,82,9,3,1141,0,1,1,3,5,1047,83,10,6,1146,0,0,0,1146
06/20/2023,SFO,CA,AWP,WE,Towers with Radar,1006,33,2,4,1045,0,2,1,4,7,1006,35,3,8,1052,0,0,0,1052
06/21/2023,SFO,CA,AWP,WE,Towers with Radar,992,75,18,10,1095,0,8,5,8,21,992,83,23,18,1116,0,0,0,1116
06/22/2023,SFO,CA,AWP,WE,Towers with Radar,1022,89,16,4,1131,0,4,0,9,13,1022,93,16,13,1144,0,0,0,1144
06/23/2023,SFO,CA,AWP,WE,Towers with Radar,1055,91,6,1,1153,0,2,2,4,8,1055,93,8,5,1161,0,0,0,1161
06/24/2023,SFO,CA,AWP,WE,Towers with Radar,937,75,8,0,1020,0,1,0,7,8,937,76,8,7,1028,0,0,0,1028
06/25/2023,SFO,CA,AWP,WE,Towers with Radar,954,96,8,0,1058,0,0,0,2,2,954,96,8,2,1060,0,0,0,1060
06/26/2023,SFO,CA,AWP,WE,Towers with Radar,1005,82,10,0,1097,0,0,0,7,7,1005,82,10,7,1104,0,0,0,1104
06/27/2023,SFO,CA,AWP,WE,Towers with Radar,915,73,18,0,1006,0,2,0,10,12,915,75,18,10,1018,0,0,0,1018
06/28/2023,SFO,CA,AWP,WE,Towers with Radar,930,107,18,1,1056,0,3,1,8,12,930,110,19,9,1068,0,0,0,1068
06/29/2023,SFO,CA,AWP,WE,Towers with Radar,999,121,26,0,1146,0,2,4,14,20,999,123,30,14,1166,0,0,0,1166
06/30/2023,SFO,CA,AWP,WE,Towers with Radar,1035,111,27,2,1175,0,2,2,5,9,1035,113,29,7,1184,0,0,0,1184
07/01/2023,SFO,CA,AWP,WE,Towers with Radar,984,83,13,1,1081,0,3,0,2,5,984,86,13,3,1086,0,0,0,1086
07/02/2023,SFO,CA,AWP,WE,Towers with Radar,958,77,9,1,1045,0,3,7,3,13,958,80,16,4,1058,0,0,0,1058
07/03/2023,SFO,CA,AWP,WE,Towers with Radar,1004,54,12,1,1071,0,4,2,2,8,1004,58,14,3,1079,0,0,0,1079
07/04/2023,SFO,CA,AWP,WE,Towers with Radar,951,54,5,0,1010,0,5,2,7,14,951,59,7,7,1024,0,0,0,1024
07/05/2023,SFO,CA,AWP,WE,Towers with Radar,987,88,20,2,1097,0,3,1,10,14,987,91,21,12,1111,0,0,0,1111
07/06/2023,SFO,CA,AWP,WE,Towers with Radar,1040,78,8,2,1128,0,4,0,4,8,1040,82,8,6,1136,0,0,0,1136
07/07/2023,SFO,CA,AWP,WE,Towers with Radar,1031,82,11,0,1124,0,6,0,7,13,1031,88,11,7,1137,0,0,0,1137
07/08/2023,SFO,CA,AWP,WE,Towers with Radar,959,69,10,2,1040,0,4,0,7,11,959,73,10,9,1051,0,0,0,1051
07/09/2023,SFO,CA,AWP,WE,Towers with Radar,970,85,25,1,1081,0,1,0,4,5,970,86,25,5,1086,0,0,0,1086
07/10/2023,SFO,CA,AWP,WE,Towers with Radar,1046,88,17,0,1151,0,0,0,7,7,1046,88,17,7,1158,0,0,0,1158
07/11/2023,SFO,CA,AWP,WE,Towers with Radar,1027,78,18,0,1123,0,4,18,3,25,1027,82,36,3,1148,0,0,0,1148
07/12/2023,SFO,CA,AWP,WE,Towers with Radar,1009,76,26,0,1111,0,1,5,9,15,1009,77,31,9,1126,0,0,0,1126
07/13/2023,SFO,CA,AWP,WE,Towers with Radar,1050,90,24,0,1164,0,1,1,9,11,1050,91,25,9,1175,0,0,0,1175
07/14/2023,SFO,CA,AWP,WE,Towers with Radar,1048,71,19,0,1138,0,1,1,9,11,1048,72,20,9,1149,0,0,0,1149
07/15/2023,SFO,CA,AWP,WE,Towers with Radar,965,68,9,0,1042,0,2,2,2,6,965,70,11,2,1048,0,0,0,1048
07/16/2023,SFO,CA,AWP,WE,Towers with Radar,1000,81,20,0,1101,0,7,3,7,17,1000,88,23,7,1118,0,0,0,1118
07/17/2023,SFO,CA,AWP,WE,Towers with Radar,1039,80,15,0,1134,0,6,3,8,17,1039,86,18,8,1151,0,0,0,1151
07/18/2023,SFO,CA,AWP,WE,Towers with Radar,1018,77,22,0,1117,0,4,4,6,14,1018,81,26,6,1131,0,0,0,1131
07/19/2023,SFO,CA,AWP,WE,Towers with Radar,1027,112,17,0,1156,0,3,1,9,13,1027,115,18,9,1169,0,0,0,1169
07/20/2023,SFO,CA,AWP,WE,Towers with Radar,1041,86,10,0,1137,0,9,0,9,18,1041,95,10,9,1155,0,0,0,1155
07/21/2023,SFO,CA,AWP,WE,Towers with Radar,1035,75,11,1,1122,0,4,2,7,13,1035,79,13,8,1135,0,0,0,1135
07/22/2023,SFO,CA,AWP,WE,Towers with Radar,983,65,13,2,1063,0,1,0,3,4,983,66,13,5,1067,0,0,0,1067
07/23/2023,SFO,CA,AWP,WE,Towers with Radar,1003,99,11,2,1115,0,2,1,4,7,1003,101,12,6,1122,0,0,0,1122
07/24/2023,SFO,CA,AWP,WE,Towers with Radar,1040,97,16,1,1154,0,3,0,9,12,1040,100,16,10,1166,0,0,0,1166
07/25/2023,SFO,CA,AWP,WE,Towers with Radar,1009,68,11,0,1088,0,4,2,10,16,1009,72,13,10,1104,0,0,0,1104
07/26/2023,SFO,CA,AWP,WE,Towers with Radar,1010,76,14,0,1100,0,1,2,8,11,1010,77,16,8,1111,0,0,0,1111
07/27/2023,SFO,CA,AWP,WE,Towers with Radar,1051,88,16,1,1156,0,1,2,6,9,1051,89,18,7,1165,0,0,0,1165
07/28/2023,SFO,CA,AWP,WE,Towers with Radar,1037,91,19,0,1147,0,4,0,4,8,1037,95,19,4,1155,0,0,0,1155
07/29/2023,SFO,CA,AWP,WE,Towers with Radar,954,75,7,1,1037,0,5,3,5,13,954,80,10,6,1050,0,0,0,1050
07/30/2023,SFO,CA,AWP,WE,Towers with Radar,972,109,11,0,1092,0,1,2,4,7,972,110,13,4,1099,0,0,0,1099
07/31/2023,SFO,CA,AWP,WE,Towers with Radar,1056,93,13,0,1162,0,5,0,11,16,1056,98,13,11,1178,0,0,0,1178
08/01/2023,SFO,CA,AWP,WE,Towers with Radar,1032,76,13,0,1121,0,0,0,8,8,1032,76,13,8,1129,0,0,0,1129
08/02/2023,SFO,CA,AWP,WE,Towers with Radar,1015,77,10,1,1103,0,2,4,11,17,1015,79,14,12,1120,0,0,0,1120
08/03/2023,SFO,CA,AWP,WE,Towers with Radar,1034,79,18,2,1133,0,3,0,7,10,1034,82,18,9,1143,0,0,0,1143
08/04/2023,SFO,CA,AWP,WE,Towers with Radar,1064,71,13,0,1148,0,4,0,2,6,1064,75,13,2,1154,0,0,0,1154
08/05/2023,SFO,CA,AWP,WE,Towers with Radar,980,62,10,0,1052,0,2,2,8,12,980,64,12,8,1064,0,0,0,1064
08/06/2023,SFO,CA,AWP,WE,Towers with Radar,1000,86,12,2,1100,0,7,1,6,14,1000,93,13,8,1114,0,0,0,1114
08/07/2023,SFO,CA,AWP,WE,Towers with Radar,1021,82,13,0,1116,0,3,0,5,8,1021,85,13,5,1124,0,0,0,1124
08/08/2023,SFO,CA,AWP,WE,Towers with Radar,1033,85,16,0,1134,0,1,2,7,10,1033,86,18,7,1144,0,0,0,1144
08/09/2023,SFO,CA,AWP,WE,Towers with Radar,1024,72,18,0,1114,0,2,12,6,20,1024,74,30,6,1134,0,0,0,1134
08/10/2023,SFO,CA,AWP,WE,Towers with Radar,1058,69,14,0,1141,0,2,1,10,13,1058,71,15,10,1154,0,0,0,1154
08/11/2023,SFO,CA,AWP,WE,Towers with Radar,1069,64,18,1,1152,0,0,0,3,3,1069,64,18,4,1155,0,0,0,1155
08/12/2023,SFO,CA,AWP,WE,Towers with Radar,987,64,19,0,1070,0,3,0,2,5,987,67,19,2,1075,0,0,0,1075
08/13/2023,SFO,CA,AWP,WE,Towers with Radar,1024,77,18,0,1119,0,2,1,2,5,1024,79,19,2,1124,0,0,0,1124
08/14/2023,SFO,CA,AWP,WE,Towers with Radar,1037,60,30,2,1129,0,0,1,5,6,1037,60,31,7,1135,0,0,0,1135
08/15/2023,SFO,CA,AWP,WE,Towers with Radar,1013,69,22,0,1104,0,0,0,14,14,1013,69,22,14,1118,0,0,0,1118
08/16/2023,SFO,CA,AWP,WE,Towers with Radar,1017,77,17,0,1111,0,3,4,12,19,1017,80,21,12,1130,0,0,0,1130
08/17/2023,SFO,CA,AWP,WE,Towers with Radar,1043,76,21,1,1141,0,1,6,10,17,1043,77,27,11,1158,0,0,0,1158
08/18/2023,SFO,CA,AWP,WE,Towers with Radar,1038,79,12,2,1131,0,3,2,3,8,1038,82,14,5,1139,0,0,0,1139
08/19/2023,SFO,CA,AWP,WE,Towers with Radar,990,70,11,1,1072,0,4,1,3,8,990,74,12,4,1080,0,0,0,1080
08/20/2023,SFO,CA,AWP,WE,Towers with Radar,954,84,18,1,1057,0,2,0,2,4,954,86,18,3,1061,0,0,0,1061
08/21/2023,SFO,CA,AWP,WE,Towers with Radar,1030,76,10,0,1116,0,1,0,7,8,1030,77,10,7,1124,0,0,0,1124
08/22/2023,SFO,CA,AWP,WE,Towers with Radar,1021,76,12,2,1111,0,0,0,6,6,1021,76,12,8,1117,0,0,0,1117
08/23/2023,SFO,CA,AWP,WE,Towers with Radar,999,76,27,0,1102,0,3,2,12,17,999,79,29,12,1119,0,0,0,1119
08/24/2023,SFO,CA,AWP,WE,Towers with Radar,1063,70,14,0,1147,0,4,1,7,12,1063,74,15,7,1159,0,0,0,1159
08/25/2023,SFO,CA,AWP,WE,Towers with Radar,1037,73,12,1,1123,0,0,0,8,8,1037,73,12,9,1131,0,0,0,1131
08/26/2023,SFO,CA,AWP,WE,Towers with Radar,983,54,4,0,1041,0,0,0,3,3,983,54,4,3,1044,0,0,0,1044
08/27/2023,SFO,CA,AWP,WE,Towers with Radar,1000,76,13,1,1090,0,2,1,6,9,1000,78,14,7,1099,0,0,0,1099
08/28/2023,SFO,CA,AWP,WE,Towers with Radar,1036,87,9,2,1134,0,5,0,9,14,1036,92,9,11,1148,0,0,0,1148
08/29/2023,SFO,CA,AWP,WE,Towers with Radar,1007,80,23,1,1111,0,2,1,7,10,1007,82,24,8,1121,0,0,0,1121
08/30/2023,SFO,CA,AWP,WE,Towers with Radar,1005,72,14,1,1092,0,3,0,11,14,1005,75,14,12,1106,0,0,0,1106
08/31/2023,SFO,CA,AWP,WE,Towers with Radar,1051,92,18,2,1163,0,3,1,6,10,1051,95,19,8,1173,0,0,0,1173
