01/01/2020,SGF,MO,ACE,CE,Combined TRACON& Tower with Radar,10,43,14,0,67,0,0,15,0,15,10,43,29,0,82,0,0,0,82
01/02/2020,SGF,MO,ACE,CE,Combined TRACON& Tower with Radar,24,52,25,1,102,0,6,5,3,14,24,58,30,4,116,12,0,12,128
01/03/2020,SGF,MO,ACE,CE,Combined TRACON& Tower with Radar,23,47,18,0,88,0,4,2,0,6,23,51,20,0,94,16,0,16,110
01/04/2020,SGF,MO,ACE,CE,Combined TRACON& Tower with Radar,21,52,27,0,100,0,12,23,2,37,21,64,50,2,137,45,0,45,182
01/05/2020,SGF,MO,ACE,CE,Combined TRACON& Tower with Radar,20,46,22,0,88,0,13,19,0,32,20,59,41,0,120,32,0,32,152
01/06/2020,SGF,MO,ACE,CE,Combined TRACON& Tower with Radar,18,42,25,0,85,0,17,18,0,35,18,59,43,0,120,14,0,14,134
01/07/2020,SGF,MO,ACE,CE,Combined TRACON& Tower with Radar,26,43,26,3,98,0,13,12,6,31,26,56,38,9,129,55,4,59,188
01/08/2020,SGF,MO,ACE,CE,Combined TRACON& Tower with Radar,24,55,50,0,129,0,26,20,5,51,24,81,70,5,180,40,0,40,220
01/09/2020,SGF,MO,ACE,CE,Combined TRACON& Tower with Radar,24,54,24,0,102,0,1,0,0,1,24,55,24,0,103,0,0,0,103
01/10/2020,SGF,MO,ACE,CE,Combined TRACON& Tower with Radar,23,41,10,4,78,0,0,3,0,3,23,41,13,4,81,0,0,0,81
01/11/2020,SGF,MO,ACE,CE,Combined TRACON& Tower with Radar,21,29,6,0,56,0,0,0,0,0,21,29,6,0,56,0,0,0,56
01/12/2020,SGF,MO,ACE,CE,Combined TRACON& Tower with Radar,22,40,20,0,82,0,0,0,0,0,22,40,20,0,82,0,0,0,82
01/13/2020,SGF,MO,ACE,CE,Combined TRACON& Tower with Radar,20,56,21,16,113,0,22,10,0,32,20,78,31,16,145,46,0,46,191
01/14/2020,SGF,MO,ACE,CE,Combined TRACON& Tower with Radar,24,53,29,15,121,0,29,7,4,40,24,82,36,19,161,40,24,64,225
01/15/2020,SGF,MO,ACE,CE,Combined TRACON& Tower with Radar,22,59,43,24,148,0,2,5,6,13,22,61,48,30,161,0,24,24,185
01/16/2020,SGF,MO,ACE,CE,Combined TRACON& Tower with Radar,24,62,43,13,142,0,24,20,4,48,24,86,63,17,190,32,0,32,222
01/17/2020,SGF,MO,ACE,CE,Combined TRACON& Tower with Radar,22,34,9,0,65,0,0,0,0,0,22,34,9,0,65,0,0,0,65
01/18/2020,SGF,MO,ACE,CE,Combined TRACON& Tower with Radar,26,32,9,0,67,0,2,5,0,7,26,34,14,0,74,8,0,8,82
01/19/2020,SGF,MO,ACE,CE,Combined TRACON& Tower with Radar,18,43,24,0,85,0,9,9,4,22,18,52,33,4,107,12,0,12,119
01/20/2020,SGF,MO,ACE,CE,Combined TRACON& Tower with Radar,20,62,30,0,112,0,18,13,0,31,20,80,43,0,143,44,0,44,187
01/21/2020,SGF,MO,ACE,CE,Combined TRACON& Tower with Radar,24,47,36,3,110,0,18,7,5,30,24,65,43,8,140,15,0,15,155
01/22/2020,SGF,MO,ACE,CE,Combined TRACON& Tower with Radar,22,47,34,0,103,0,3,2,0,5,22,50,36,0,108,6,0,6,114
01/23/2020,SGF,MO,ACE,CE,Combined TRACON& Tower with Radar,23,51,21,0,95,0,0,0,0,0,23,51,21,0,95,0,0,0,95
01/24/2020,SGF,MO,ACE,CE,Combined TRACON& Tower with Radar,23,47,9,0,79,0,0,0,0,0,23,47,9,0,79,0,0,0,79
01/25/2020,SGF,MO,ACE,CE,Combined TRACON& Tower with Radar,24,35,35,0,94,0,23,26,0,49,24,58,61,0,143,48,0,48,191
01/26/2020,SGF,MO,ACE,CE,Combined TRACON& Tower with Radar,21,40,20,0,81,0,8,9,0,17,21,48,29,0,98,12,0,12,110
01/27/2020,SGF,MO,ACE,CE,Combined TRACON& Tower with Radar,20,58,30,20,128,0,26,15,2,43,20,84,45,22,171,54,40,94,265
01/28/2020,SGF,MO,ACE,CE,Combined TRACON& Tower with Radar,24,41,39,0,104,0,0,0,0,0,24,41,39,0,104,0,0,0,104
01/29/2020,SGF,MO,ACE,CE,Combined TRACON& Tower with Radar,20,50,29,0,99,0,0,0,0,0,20,50,29,0,99,0,0,0,99
01/30/2020,SGF,MO,ACE,CE,Combined TRACON& Tower with Radar,22,49,19,0,90,0,1,1,0,2,22,50,20,0,92,6,0,6,98
01/31/2020,SGF,MO,ACE,CE,Combined TRACON& Tower with Radar,25,47,38,2,112,0,4,5,4,13,25,51,43,6,125,14,14,28,153
02/01/2020,SGF,MO,ACE,CE,Combined TRACON& Tower with Radar,23,45,17,0,85,0,37,39,0,76,23,82,56,0,161,113,0,113,274
02/02/2020,SGF,MO,ACE,CE,Combined TRACON& Tower with Radar,20,42,22,0,84,0,14,25,0,39,20,56,47,0,123,22,0,22,145
02/03/2020,SGF,MO,ACE,CE,Combined TRACON& Tower with Radar,24,51,40,2,117,0,7,10,0,17,24,58,50,2,134,10,0,10,144
02/04/2020,SGF,MO,ACE,CE,Combined TRACON& Tower with Radar,22,50,39,0,111,0,1,0,0,1,22,51,39,0,112,0,0,0,112
02/05/2020,SGF,MO,ACE,CE,Combined TRACON& Tower with Radar,22,38,11,0,71,0,0,0,0,0,22,38,11,0,71,0,0,0,71
02/06/2020,SGF,MO,ACE,CE,Combined TRACON& Tower with Radar,22,50,19,8,99,0,11,6,10,27,22,61,25,18,126,15,12,27,153
02/07/2020,SGF,MO,ACE,CE,Combined TRACON& Tower with Radar,25,49,42,0,116,0,32,27,7,66,25,81,69,7,182,57,2,59,241
02/08/2020,SGF,MO,ACE,CE,Combined TRACON& Tower with Radar,23,45,14,0,82,0,37,40,0,77,23,82,54,0,159,87,0,87,246
02/09/2020,SGF,MO,ACE,CE,Combined TRACON& Tower with Radar,24,41,11,0,76,0,1,0,2,3,24,42,11,2,79,0,0,0,79
02/10/2020,SGF,MO,ACE,CE,Combined TRACON& Tower with Radar,19,50,22,5,96,0,0,0,0,0,19,50,22,5,96,0,0,0,96
02/11/2020,SGF,MO,ACE,CE,Combined TRACON& Tower with Radar,25,51,24,0,100,0,19,2,7,28,25,70,26,7,128,20,0,20,148
02/12/2020,SGF,MO,ACE,CE,Combined TRACON& Tower with Radar,20,47,20,0,87,0,1,0,0,1,20,48,20,0,88,0,0,0,88
02/13/2020,SGF,MO,ACE,CE,Combined TRACON& Tower with Radar,26,44,22,5,97,0,22,13,8,43,26,66,35,13,140,35,0,35,175
02/14/2020,SGF,MO,ACE,CE,Combined TRACON& Tower with Radar,29,49,29,3,110,0,18,24,1,43,29,67,53,4,153,66,2,68,221
02/15/2020,SGF,MO,ACE,CE,Combined TRACON& Tower with Radar,21,43,18,0,82,0,15,18,0,33,21,58,36,0,115,54,0,54,169
02/16/2020,SGF,MO,ACE,CE,Combined TRACON& Tower with Radar,24,39,12,0,75,0,17,31,0,48,24,56,43,0,123,37,0,37,160
02/17/2020,SGF,MO,ACE,CE,Combined TRACON& Tower with Radar,26,63,49,0,138,0,3,2,0,5,26,66,51,0,143,0,0,0,143
02/18/2020,SGF,MO,ACE,CE,Combined TRACON& Tower with Radar,28,63,24,1,116,0,23,3,3,29,28,86,27,4,145,25,4,29,174
02/19/2020,SGF,MO,ACE,CE,Combined TRACON& Tower with Radar,26,36,49,7,118,0,28,6,10,44,26,64,55,17,162,60,0,60,222
02/20/2020,SGF,MO,ACE,CE,Combined TRACON& Tower with Radar,28,50,27,21,126,0,13,9,7,29,28,63,36,28,155,74,0,74,229
02/21/2020,SGF,MO,ACE,CE,Combined TRACON& Tower with Radar,27,50,35,0,112,0,31,24,6,61,27,81,59,6,173,66,0,66,239
02/22/2020,SGF,MO,ACE,CE,Combined TRACON& Tower with Radar,21,32,27,2,82,0,27,28,1,56,21,59,55,3,138,97,0,97,235
02/23/2020,SGF,MO,ACE,CE,Combined TRACON& Tower with Radar,24,44,19,0,87,0,4,1,2,7,24,48,20,2,94,4,0,4,98
02/24/2020,SGF,MO,ACE,CE,Combined TRACON& Tower with Radar,26,44,29,0,99,0,0,0,0,0,26,44,29,0,99,0,0,0,99
02/25/2020,SGF,MO,ACE,CE,Combined TRACON& Tower with Radar,28,43,24,0,95,0,0,1,0,1,28,43,25,0,96,0,0,0,96
02/26/2020,SGF,MO,ACE,CE,Combined TRACON& Tower with Radar,26,57,33,0,116,0,10,4,6,20,26,67,37,6,136,0,0,0,136
02/27/2020,SGF,MO,ACE,CE,Combined TRACON& Tower with Radar,28,52,41,0,121,0,30,15,13,58,28,82,56,13,179,42,0,42,221
02/28/2020,SGF,MO,ACE,CE,Combined TRACON& Tower with Radar,29,48,18,0,95,0,6,17,8,31,29,54,35,8,126,0,0,0,126
02/29/2020,SGF,MO,ACE,CE,Combined TRACON& Tower with Radar,21,38,28,0,87,0,23,26,0,49,21,61,54,0,136,98,0,98,234
03/01/2020,SGF,MO,ACE,CE,Combined TRACON& Tower with Radar,26,40,20,0,86,0,0,15,0,15,26,40,35,0,101,20,0,20,121
03/02/2020,SGF,MO,ACE,CE,Combined TRACON& Tower with Radar,26,63,13,0,102,0,0,0,0,0,26,63,13,0,102,0,0,0,102
03/03/2020,SGF,MO,ACE,CE,Combined TRACON& Tower with Radar,29,56,44,19,148,0,18,29,3,50,29,74,73,22,198,106,0,106,304
03/04/2020,SGF,MO,ACE,CE,Combined TRACON& Tower with Radar,28,58,41,0,127,0,19,25,14,58,28,77,66,14,185,26,6,32,217
03/05/2020,SGF,MO,ACE,CE,Combined TRACON& Tower with Radar,30,64,49,15,158,0,15,28,6,49,30,79,77,21,207,50,4,54,261
03/06/2020,SGF,MO,ACE,CE,Combined TRACON& Tower with Radar,29,71,27,0,127,0,31,27,8,66,29,102,54,8,193,59,0,59,252
03/07/2020,SGF,MO,ACE,CE,Combined TRACON& Tower with Radar,27,45,22,0,94,0,17,15,0,32,27,62,37,0,126,91,0,91,217
03/08/2020,SGF,MO,ACE,CE,Combined TRACON& Tower with Radar,24,43,21,1,89,0,3,14,1,18,24,46,35,2,107,28,0,28,135
03/09/2020,SGF,MO,ACE,CE,Combined TRACON& Tower with Radar,28,44,12,7,91,0,1,0,3,4,28,45,12,10,95,0,0,0,95
03/10/2020,SGF,MO,ACE,CE,Combined TRACON& Tower with Radar,29,50,37,3,119,0,7,10,0,17,29,57,47,3,136,10,0,10,146
03/11/2020,SGF,MO,ACE,CE,Combined TRACON& Tower with Radar,30,62,42,0,134,0,19,15,4,38,30,81,57,4,172,16,0,16,188
03/12/2020,SGF,MO,ACE,CE,Combined TRACON& Tower with Radar,27,47,28,0,102,0,7,5,0,12,27,54,33,0,114,0,0,0,114
03/13/2020,SGF,MO,ACE,CE,Combined TRACON& Tower with Radar,30,54,31,6,121,0,22,7,2,31,30,76,38,8,152,32,0,32,184
03/14/2020,SGF,MO,ACE,CE,Combined TRACON& Tower with Radar,30,40,15,0,85,0,1,0,0,1,30,41,15,0,86,0,0,0,86
03/15/2020,SGF,MO,ACE,CE,Combined TRACON& Tower with Radar,23,39,17,3,82,0,0,1,0,1,23,39,18,3,83,0,0,0,83
03/16/2020,SGF,MO,ACE,CE,Combined TRACON& Tower with Radar,26,41,17,0,84,0,0,0,0,0,26,41,17,0,84,0,0,0,84
03/17/2020,SGF,MO,ACE,CE,Combined TRACON& Tower with Radar,30,44,34,7,115,0,2,0,0,2,30,46,34,7,117,0,0,0,117
03/18/2020,SGF,MO,ACE,CE,Combined TRACON& Tower with Radar,28,47,20,1,96,0,1,6,2,9,28,48,26,3,105,0,14,14,119
03/19/2020,SGF,MO,ACE,CE,Combined TRACON& Tower with Radar,26,39,10,0,75,0,2,0,2,4,26,41,10,2,79,0,0,0,79
03/20/2020,SGF,MO,ACE,CE,Combined TRACON& Tower with Radar,23,44,18,3,88,0,1,1,0,2,23,45,19,3,90,0,0,0,90
03/21/2020,SGF,MO,ACE,CE,Combined TRACON& Tower with Radar,28,24,15,0,67,0,4,17,0,21,28,28,32,0,88,8,0,8,96
03/22/2020,SGF,MO,ACE,CE,Combined TRACON& Tower with Radar,23,35,11,0,69,0,0,0,0,0,23,35,11,0,69,0,0,0,69
03/23/2020,SGF,MO,ACE,CE,Combined TRACON& Tower with Radar,19,39,3,0,61,0,3,7,0,10,19,42,10,0,71,0,0,0,71
03/24/2020,SGF,MO,ACE,CE,Combined TRACON& Tower with Radar,23,32,7,20,82,0,3,2,0,5,23,35,9,20,87,10,0,10,97
03/25/2020,SGF,MO,ACE,CE,Combined TRACON& Tower with Radar,14,56,12,0,82,0,11,17,12,40,14,67,29,12,122,36,0,36,158
03/26/2020,SGF,MO,ACE,CE,Combined TRACON& Tower with Radar,14,23,12,16,65,0,4,10,9,23,14,27,22,25,88,0,20,20,108
03/27/2020,SGF,MO,ACE,CE,Combined TRACON& Tower with Radar,14,20,15,2,51,0,1,20,2,23,14,21,35,4,74,0,0,0,74
03/28/2020,SGF,MO,ACE,CE,Combined TRACON& Tower with Radar,15,14,0,0,29,0,1,4,0,5,15,15,4,0,34,0,0,0,34
03/29/2020,SGF,MO,ACE,CE,Combined TRACON& Tower with Radar,17,14,10,0,41,0,0,20,0,20,17,14,30,0,61,0,0,0,61
03/30/2020,SGF,MO,ACE,CE,Combined TRACON& Tower with Radar,14,23,13,9,59,0,2,23,0,25,14,25,36,9,84,12,0,12,96
03/31/2020,SGF,MO,ACE,CE,Combined TRACON& Tower with Radar,18,21,6,4,49,0,0,10,4,14,18,21,16,8,63,12,0,12,75
04/01/2020,SGF,MO,ACE,CE,Combined TRACON& Tower with Radar,14,19,21,4,58,0,0,17,0,17,14,19,38,4,75,0,0,0,75
04/02/2020,SGF,MO,ACE,CE,Combined TRACON& Tower with Radar,14,19,11,0,44,0,0,7,0,7,14,19,18,0,51,0,0,0,51
04/03/2020,SGF,MO,ACE,CE,Combined TRACON& Tower with Radar,13,26,7,0,46,0,1,2,0,3,13,27,9,0,49,0,0,0,49
04/04/2020,SGF,MO,ACE,CE,Combined TRACON& Tower with Radar,13,14,8,0,35,0,0,0,0,0,13,14,8,0,35,0,0,0,35
04/05/2020,SGF,MO,ACE,CE,Combined TRACON& Tower with Radar,6,13,7,0,26,0,0,2,0,2,6,13,9,0,28,8,0,8,36
04/06/2020,SGF,MO,ACE,CE,Combined TRACON& Tower with Radar,10,10,12,0,32,0,0,7,0,7,10,10,19,0,39,20,0,20,59
04/07/2020,SGF,MO,ACE,CE,Combined TRACON& Tower with Radar,14,10,10,14,48,0,0,13,0,13,14,10,23,14,61,0,0,0,61
04/08/2020,SGF,MO,ACE,CE,Combined TRACON& Tower with Radar,11,18,13,0,42,0,2,8,0,10,11,20,21,0,52,0,0,0,52
04/09/2020,SGF,MO,ACE,CE,Combined TRACON& Tower with Radar,15,13,3,2,33,0,0,23,0,23,15,13,26,2,56,0,0,0,56
04/10/2020,SGF,MO,ACE,CE,Combined TRACON& Tower with Radar,15,8,13,0,36,0,2,16,0,18,15,10,29,0,54,18,0,18,72
04/11/2020,SGF,MO,ACE,CE,Combined TRACON& Tower with Radar,9,11,9,0,29,0,0,5,4,9,9,11,14,4,38,0,0,0,38
04/12/2020,SGF,MO,ACE,CE,Combined TRACON& Tower with Radar,8,14,0,0,22,0,1,0,0,1,8,15,0,0,23,0,0,0,23
04/13/2020,SGF,MO,ACE,CE,Combined TRACON& Tower with Radar,10,16,11,10,47,0,1,4,0,5,10,17,15,10,52,0,3,3,55
04/14/2020,SGF,MO,ACE,CE,Combined TRACON& Tower with Radar,12,13,2,2,29,0,0,7,4,11,12,13,9,6,40,22,0,22,62
04/15/2020,SGF,MO,ACE,CE,Combined TRACON& Tower with Radar,14,17,6,1,38,0,0,12,1,13,14,17,18,2,51,0,0,0,51
04/16/2020,SGF,MO,ACE,CE,Combined TRACON& Tower with Radar,14,14,10,2,40,0,2,18,0,20,14,16,28,2,60,4,0,4,64
04/17/2020,SGF,MO,ACE,CE,Combined TRACON& Tower with Radar,15,10,5,0,30,0,1,2,0,3,15,11,7,0,33,0,0,0,33
04/18/2020,SGF,MO,ACE,CE,Combined TRACON& Tower with Radar,9,9,6,0,24,0,0,25,0,25,9,9,31,0,49,0,0,0,49
04/19/2020,SGF,MO,ACE,CE,Combined TRACON& Tower with Radar,10,11,6,0,27,0,2,2,0,4,10,13,8,0,31,0,0,0,31
04/20/2020,SGF,MO,ACE,CE,Combined TRACON& Tower with Radar,10,13,17,4,44,0,1,6,0,7,10,14,23,4,51,0,0,0,51
04/21/2020,SGF,MO,ACE,CE,Combined TRACON& Tower with Radar,10,15,14,6,45,0,0,32,2,34,10,15,46,8,79,24,0,24,103
04/22/2020,SGF,MO,ACE,CE,Combined TRACON& Tower with Radar,12,12,14,1,39,0,1,1,1,3,12,13,15,2,42,0,0,0,42
04/23/2020,SGF,MO,ACE,CE,Combined TRACON& Tower with Radar,14,12,16,14,56,0,1,5,0,6,14,13,21,14,62,0,0,0,62
04/24/2020,SGF,MO,ACE,CE,Combined TRACON& Tower with Radar,20,13,8,8,49,0,3,4,2,9,20,16,12,10,58,0,0,0,58
04/25/2020,SGF,MO,ACE,CE,Combined TRACON& Tower with Radar,8,10,4,0,22,0,3,4,0,7,8,13,8,0,29,0,0,0,29
04/26/2020,SGF,MO,ACE,CE,Combined TRACON& Tower with Radar,9,9,16,2,36,0,0,31,0,31,9,9,47,2,67,0,0,0,67
04/27/2020,SGF,MO,ACE,CE,Combined TRACON& Tower with Radar,9,12,13,18,52,0,0,6,1,7,9,12,19,19,59,0,0,0,59
04/28/2020,SGF,MO,ACE,CE,Combined TRACON& Tower with Radar,10,14,12,8,44,0,1,0,3,4,10,15,12,11,48,0,4,4,52
04/29/2020,SGF,MO,ACE,CE,Combined TRACON& Tower with Radar,8,12,18,4,42,0,3,2,8,13,8,15,20,12,55,0,0,0,55
04/30/2020,SGF,MO,ACE,CE,Combined TRACON& Tower with Radar,12,9,27,0,48,0,0,28,5,33,12,9,55,5,81,34,0,34,115
05/01/2020,SGF,MO,ACE,CE,Combined TRACON& Tower with Radar,11,21,21,0,53,0,0,21,0,21,11,21,42,0,74,0,0,0,74
05/02/2020,SGF,MO,ACE,CE,Combined TRACON& Tower with Radar,9,11,25,0,45,0,0,31,0,31,9,11,56,0,76,18,0,18,94
05/03/2020,SGF,MO,ACE,CE,Combined TRACON& Tower with Radar,10,17,9,0,36,0,2,3,0,5,10,19,12,0,41,0,0,0,41
05/04/2020,SGF,MO,ACE,CE,Combined TRACON& Tower with Radar,8,14,7,0,29,0,1,0,0,1,8,15,7,0,30,0,0,0,30
05/05/2020,SGF,MO,ACE,CE,Combined TRACON& Tower with Radar,10,9,14,0,33,0,1,5,1,7,10,10,19,1,40,0,0,0,40
05/06/2020,SGF,MO,ACE,CE,Combined TRACON& Tower with Radar,12,23,30,6,71,0,4,18,13,35,12,27,48,19,106,22,0,22,128
05/07/2020,SGF,MO,ACE,CE,Combined TRACON& Tower with Radar,14,13,25,0,52,0,4,17,6,27,14,17,42,6,79,32,0,32,111
05/08/2020,SGF,MO,ACE,CE,Combined TRACON& Tower with Radar,18,14,12,6,50,0,1,5,1,7,18,15,17,7,57,4,0,4,61
05/09/2020,SGF,MO,ACE,CE,Combined TRACON& Tower with Radar,12,13,24,0,49,0,9,39,3,51,12,22,63,3,100,34,0,34,134
05/10/2020,SGF,MO,ACE,CE,Combined TRACON& Tower with Radar,12,27,9,0,48,0,0,13,0,13,12,27,22,0,61,0,0,0,61
05/11/2020,SGF,MO,ACE,CE,Combined TRACON& Tower with Radar,11,21,23,0,55,0,7,7,1,15,11,28,30,1,70,6,0,6,76
05/12/2020,SGF,MO,ACE,CE,Combined TRACON& Tower with Radar,14,12,26,0,52,0,0,0,0,0,14,12,26,0,52,0,0,0,52
05/13/2020,SGF,MO,ACE,CE,Combined TRACON& Tower with Radar,12,14,20,3,49,0,2,3,4,9,12,16,23,7,58,28,12,40,98
05/14/2020,SGF,MO,ACE,CE,Combined TRACON& Tower with Radar,19,15,22,1,57,0,13,9,9,31,19,28,31,10,88,32,10,42,130
05/15/2020,SGF,MO,ACE,CE,Combined TRACON& Tower with Radar,20,17,11,0,48,0,5,3,4,12,20,22,14,4,60,0,16,16,76
05/16/2020,SGF,MO,ACE,CE,Combined TRACON& Tower with Radar,19,19,6,0,44,0,2,4,0,6,19,21,10,0,50,8,0,8,58
05/17/2020,SGF,MO,ACE,CE,Combined TRACON& Tower with Radar,13,15,14,0,42,0,1,5,0,6,13,16,19,0,48,22,0,22,70
05/18/2020,SGF,MO,ACE,CE,Combined TRACON& Tower with Radar,11,28,17,4,60,0,14,4,0,18,11,42,21,4,78,6,0,6,84
05/19/2020,SGF,MO,ACE,CE,Combined TRACON& Tower with Radar,12,21,45,15,93,0,18,19,9,46,12,39,64,24,139,24,14,38,177
05/20/2020,SGF,MO,ACE,CE,Combined TRACON& Tower with Radar,11,44,54,5,114,0,13,9,13,35,11,57,63,18,149,10,0,10,159
05/21/2020,SGF,MO,ACE,CE,Combined TRACON& Tower with Radar,20,28,51,12,111,0,14,6,3,23,20,42,57,15,134,0,0,0,134
05/22/2020,SGF,MO,ACE,CE,Combined TRACON& Tower with Radar,26,16,13,0,55,0,9,2,0,11,26,25,15,0,66,4,2,6,72
05/23/2020,SGF,MO,ACE,CE,Combined TRACON& Tower with Radar,23,18,35,0,76,0,15,42,1,58,23,33,77,1,134,52,0,52,186
05/24/2020,SGF,MO,ACE,CE,Combined TRACON& Tower with Radar,13,16,7,0,36,0,6,13,1,20,13,22,20,1,56,28,0,28,84
05/25/2020,SGF,MO,ACE,CE,Combined TRACON& Tower with Radar,14,14,4,0,32,0,4,1,0,5,14,18,5,0,37,8,0,8,45
05/26/2020,SGF,MO,ACE,CE,Combined TRACON& Tower with Radar,16,10,23,2,51,0,7,4,0,11,16,17,27,2,62,0,6,6,68
05/27/2020,SGF,MO,ACE,CE,Combined TRACON& Tower with Radar,12,17,40,0,69,0,0,0,1,1,12,17,40,1,70,6,0,6,76
05/28/2020,SGF,MO,ACE,CE,Combined TRACON& Tower with Radar,20,14,8,2,44,0,1,2,0,3,20,15,10,2,47,18,0,18,65
05/29/2020,SGF,MO,ACE,CE,Combined TRACON& Tower with Radar,21,28,47,3,99,0,14,23,7,44,21,42,70,10,143,26,0,26,169
05/30/2020,SGF,MO,ACE,CE,Combined TRACON& Tower with Radar,22,8,24,0,54,0,12,30,2,44,22,20,54,2,98,64,0,64,162
05/31/2020,SGF,MO,ACE,CE,Combined TRACON& Tower with Radar,13,13,19,0,45,0,5,17,0,22,13,18,36,0,67,18,0,18,85
06/01/2020,SGF,MO,ACE,CE,Combined TRACON& Tower with Radar,18,14,22,18,72,0,6,33,2,41,18,20,55,20,113,10,6,16,129
06/02/2020,SGF,MO,ACE,CE,Combined TRACON& Tower with Radar,11,24,34,0,69,0,10,21,6,37,11,34,55,6,106,12,0,12,118
06/03/2020,SGF,MO,ACE,CE,Combined TRACON& Tower with Radar,13,42,16,3,74,0,20,16,7,43,13,62,32,10,117,43,0,43,160
06/04/2020,SGF,MO,ACE,CE,Combined TRACON& Tower with Radar,27,17,21,3,68,0,17,17,3,37,27,34,38,6,105,40,0,40,145
06/05/2020,SGF,MO,ACE,CE,Combined TRACON& Tower with Radar,21,22,31,0,74,0,16,25,7,48,21,38,56,7,122,20,0,20,142
06/06/2020,SGF,MO,ACE,CE,Combined TRACON& Tower with Radar,19,10,17,0,46,0,10,31,0,41,19,20,48,0,87,44,0,44,131
06/07/2020,SGF,MO,ACE,CE,Combined TRACON& Tower with Radar,16,13,16,0,45,0,1,18,0,19,16,14,34,0,64,0,0,0,64
06/08/2020,SGF,MO,ACE,CE,Combined TRACON& Tower with Radar,16,22,10,2,50,0,21,9,0,30,16,43,19,2,80,66,0,66,146
06/09/2020,SGF,MO,ACE,CE,Combined TRACON& Tower with Radar,18,13,20,1,52,0,5,5,7,17,18,18,25,8,69,6,0,6,75
06/10/2020,SGF,MO,ACE,CE,Combined TRACON& Tower with Radar,12,11,32,0,55,0,1,6,3,10,12,12,38,3,65,0,0,0,65
06/11/2020,SGF,MO,ACE,CE,Combined TRACON& Tower with Radar,22,33,34,5,94,0,23,38,9,70,22,56,72,14,164,26,0,26,190
06/12/2020,SGF,MO,ACE,CE,Combined TRACON& Tower with Radar,19,19,28,15,81,0,23,28,1,52,19,42,56,16,133,22,22,44,177
06/13/2020,SGF,MO,ACE,CE,Combined TRACON& Tower with Radar,19,14,25,0,58,0,19,25,0,44,19,33,50,0,102,47,0,47,149
06/14/2020,SGF,MO,ACE,CE,Combined TRACON& Tower with Radar,16,15,24,16,71,0,5,36,2,43,16,20,60,18,114,3,6,9,123
06/15/2020,SGF,MO,ACE,CE,Combined TRACON& Tower with Radar,16,44,22,2,84,0,16,18,0,34,16,60,40,2,118,26,4,30,148
06/16/2020,SGF,MO,ACE,CE,Combined TRACON& Tower with Radar,12,34,42,10,98,0,15,19,7,41,12,49,61,17,139,30,0,30,169
06/17/2020,SGF,MO,ACE,CE,Combined TRACON& Tower with Radar,12,27,29,8,76,0,20,9,4,33,12,47,38,12,109,40,0,40,149
06/18/2020,SGF,MO,ACE,CE,Combined TRACON& Tower with Radar,22,15,40,21,98,0,23,18,8,49,22,38,58,29,147,42,0,42,189
06/19/2020,SGF,MO,ACE,CE,Combined TRACON& Tower with Radar,19,24,21,0,64,0,10,18,5,33,19,34,39,5,97,16,0,16,113
06/20/2020,SGF,MO,ACE,CE,Combined TRACON& Tower with Radar,19,11,20,0,50,0,6,9,0,15,19,17,29,0,65,24,0,24,89
06/21/2020,SGF,MO,ACE,CE,Combined TRACON& Tower with Radar,16,19,19,0,54,0,3,17,0,20,16,22,36,0,74,0,0,0,74
06/22/2020,SGF,MO,ACE,CE,Combined TRACON& Tower with Radar,16,23,32,6,77,0,10,12,0,22,16,33,44,6,99,54,0,54,153
06/23/2020,SGF,MO,ACE,CE,Combined TRACON& Tower with Radar,12,28,21,4,65,0,13,17,7,37,12,41,38,11,102,64,12,76,178
06/24/2020,SGF,MO,ACE,CE,Combined TRACON& Tower with Radar,12,29,30,15,86,0,23,21,7,51,12,52,51,22,137,34,10,44,181
06/25/2020,SGF,MO,ACE,CE,Combined TRACON& Tower with Radar,20,20,28,12,80,0,13,20,6,39,20,33,48,18,119,41,0,41,160
06/26/2020,SGF,MO,ACE,CE,Combined TRACON& Tower with Radar,21,33,34,1,89,0,12,14,7,33,21,45,48,8,122,16,0,16,138
06/27/2020,SGF,MO,ACE,CE,Combined TRACON& Tower with Radar,19,12,21,0,52,0,0,2,0,2,19,12,23,0,54,4,0,4,58
06/28/2020,SGF,MO,ACE,CE,Combined TRACON& Tower with Radar,16,20,25,0,61,0,0,18,0,18,16,20,43,0,79,0,0,0,79
06/29/2020,SGF,MO,ACE,CE,Combined TRACON& Tower with Radar,17,23,9,10,59,0,6,4,0,10,17,29,13,10,69,8,0,8,77
06/30/2020,SGF,MO,ACE,CE,Combined TRACON& Tower with Radar,13,14,34,0,61,0,1,15,2,18,13,15,49,2,79,28,0,28,107
07/01/2020,SGF,MO,ACE,CE,Combined TRACON& Tower with Radar,16,37,33,2,88,0,16,11,7,34,16,53,44,9,122,38,14,52,174
07/02/2020,SGF,MO,ACE,CE,Combined TRACON& Tower with Radar,22,16,28,7,73,0,15,19,5,39,22,31,47,12,112,42,0,42,154
07/03/2020,SGF,MO,ACE,CE,Combined TRACON& Tower with Radar,21,16,25,0,62,0,9,10,0,19,21,25,35,0,81,31,0,31,112
07/04/2020,SGF,MO,ACE,CE,Combined TRACON& Tower with Radar,17,9,6,0,32,0,1,11,3,15,17,10,17,3,47,0,0,0,47
07/05/2020,SGF,MO,ACE,CE,Combined TRACON& Tower with Radar,18,14,28,0,60,0,1,28,2,31,18,15,56,2,91,0,0,0,91
07/06/2020,SGF,MO,ACE,CE,Combined TRACON& Tower with Radar,18,26,22,0,66,0,20,6,0,26,18,46,28,0,92,40,0,40,132
07/07/2020,SGF,MO,ACE,CE,Combined TRACON& Tower with Radar,15,39,32,22,108,0,15,14,7,36,15,54,46,29,144,62,14,76,220
07/08/2020,SGF,MO,ACE,CE,Combined TRACON& Tower with Radar,16,39,24,5,84,0,23,26,7,56,16,62,50,12,140,38,0,38,178
07/09/2020,SGF,MO,ACE,CE,Combined TRACON& Tower with Radar,21,46,33,1,101,0,9,17,8,34,21,55,50,9,135,30,0,30,165
07/10/2020,SGF,MO,ACE,CE,Combined TRACON& Tower with Radar,21,39,32,13,105,0,18,31,2,51,21,57,63,15,156,50,14,64,220
07/11/2020,SGF,MO,ACE,CE,Combined TRACON& Tower with Radar,26,28,12,1,67,0,9,25,0,34,26,37,37,1,101,38,0,38,139
07/12/2020,SGF,MO,ACE,CE,Combined TRACON& Tower with Radar,18,31,20,0,69,0,2,21,0,23,18,33,41,0,92,0,0,0,92
07/13/2020,SGF,MO,ACE,CE,Combined TRACON& Tower with Radar,18,34,29,2,83,0,12,21,2,35,18,46,50,4,118,40,0,40,158
07/14/2020,SGF,MO,ACE,CE,Combined TRACON& Tower with Radar,14,34,28,5,81,0,8,20,7,35,14,42,48,12,116,32,0,32,148
07/15/2020,SGF,MO,ACE,CE,Combined TRACON& Tower with Radar,20,43,24,1,88,0,4,10,5,19,20,47,34,6,107,6,0,6,113
07/16/2020,SGF,MO,ACE,CE,Combined TRACON& Tower with Radar,26,37,27,3,93,0,21,19,6,46,26,58,46,9,139,24,4,28,167
07/17/2020,SGF,MO,ACE,CE,Combined TRACON& Tower with Radar,23,30,35,0,88,0,4,16,4,24,23,34,51,4,112,46,0,46,158
07/18/2020,SGF,MO,ACE,CE,Combined TRACON& Tower with Radar,19,28,25,0,72,0,9,27,1,37,19,37,52,1,109,52,0,52,161
07/19/2020,SGF,MO,ACE,CE,Combined TRACON& Tower with Radar,22,33,18,0,73,0,4,14,0,18,22,37,32,0,91,0,0,0,91
07/20/2020,SGF,MO,ACE,CE,Combined TRACON& Tower with Radar,18,46,35,6,105,0,8,12,4,24,18,54,47,10,129,42,0,42,171
07/21/2020,SGF,MO,ACE,CE,Combined TRACON& Tower with Radar,14,34,40,9,97,0,2,16,6,24,14,36,56,15,121,44,0,44,165
07/22/2020,SGF,MO,ACE,CE,Combined TRACON& Tower with Radar,14,32,27,21,94,0,26,11,7,44,14,58,38,28,138,76,4,80,218
07/23/2020,SGF,MO,ACE,CE,Combined TRACON& Tower with Radar,22,36,38,3,99,0,22,21,7,50,22,58,59,10,149,53,0,53,202
07/24/2020,SGF,MO,ACE,CE,Combined TRACON& Tower with Radar,20,39,26,5,90,0,13,15,4,32,20,52,41,9,122,12,0,12,134
07/25/2020,SGF,MO,ACE,CE,Combined TRACON& Tower with Radar,18,34,25,0,77,0,10,37,0,47,18,44,62,0,124,33,0,33,157
07/26/2020,SGF,MO,ACE,CE,Combined TRACON& Tower with Radar,18,29,22,0,69,0,0,18,0,18,18,29,40,0,87,20,0,20,107
07/27/2020,SGF,MO,ACE,CE,Combined TRACON& Tower with Radar,18,35,35,0,88,0,7,6,0,13,18,42,41,0,101,18,0,18,119
07/28/2020,SGF,MO,ACE,CE,Combined TRACON& Tower with Radar,16,32,32,5,85,0,0,9,3,12,16,32,41,8,97,36,12,48,145
07/29/2020,SGF,MO,ACE,CE,Combined TRACON& Tower with Radar,15,33,18,0,66,0,1,5,0,6,15,34,23,0,72,20,0,20,92
07/30/2020,SGF,MO,ACE,CE,Combined TRACON& Tower with Radar,22,46,21,2,91,0,9,14,5,28,22,55,35,7,119,26,8,34,153
07/31/2020,SGF,MO,ACE,CE,Combined TRACON& Tower with Radar,20,33,14,4,71,0,0,3,0,3,20,33,17,4,74,0,0,0,74
08/01/2020,SGF,MO,ACE,CE,Combined TRACON& Tower with Radar,21,32,23,0,76,0,5,35,0,40,21,37,58,0,116,60,0,60,176
08/02/2020,SGF,MO,ACE,CE,Combined TRACON& Tower with Radar,21,29,21,0,71,0,0,21,0,21,21,29,42,0,92,0,0,0,92
08/03/2020,SGF,MO,ACE,CE,Combined TRACON& Tower with Radar,20,38,28,0,86,0,19,20,0,39,20,57,48,0,125,82,0,82,207
08/04/2020,SGF,MO,ACE,CE,Combined TRACON& Tower with Radar,16,42,39,5,102,0,23,25,4,52,16,65,64,9,154,63,0,63,217
08/05/2020,SGF,MO,ACE,CE,Combined TRACON& Tower with Radar,17,38,28,1,84,0,20,24,7,51,17,58,52,8,135,56,10,66,201
08/06/2020,SGF,MO,ACE,CE,Combined TRACON& Tower with Radar,24,40,35,11,110,0,13,35,6,54,24,53,70,17,164,48,24,72,236
08/07/2020,SGF,MO,ACE,CE,Combined TRACON& Tower with Radar,23,40,32,4,99,0,3,2,0,5,23,43,34,4,104,22,0,22,126
08/08/2020,SGF,MO,ACE,CE,Combined TRACON& Tower with Radar,22,25,20,0,67,0,6,20,0,26,22,31,40,0,93,32,0,32,125
08/09/2020,SGF,MO,ACE,CE,Combined TRACON& Tower with Radar,20,30,27,0,77,0,0,21,0,21,20,30,48,0,98,14,0,14,112
08/10/2020,SGF,MO,ACE,CE,Combined TRACON& Tower with Radar,20,32,28,0,80,0,13,11,0,24,20,45,39,0,104,28,0,28,132
08/11/2020,SGF,MO,ACE,CE,Combined TRACON& Tower with Radar,18,34,11,3,66,0,9,6,2,17,18,43,17,5,83,12,0,12,95
08/12/2020,SGF,MO,ACE,CE,Combined TRACON& Tower with Radar,22,37,19,10,88,0,11,13,4,28,22,48,32,14,116,8,0,8,124
08/13/2020,SGF,MO,ACE,CE,Combined TRACON& Tower with Radar,24,35,36,7,102,0,8,2,3,13,24,43,38,10,115,22,0,22,137
08/14/2020,SGF,MO,ACE,CE,Combined TRACON& Tower with Radar,22,38,20,18,98,0,16,24,2,42,22,54,44,20,140,34,0,34,174
08/15/2020,SGF,MO,ACE,CE,Combined TRACON& Tower with Radar,22,39,15,2,78,0,16,19,1,36,22,55,34,3,114,12,0,12,126
08/16/2020,SGF,MO,ACE,CE,Combined TRACON& Tower with Radar,18,33,27,0,78,0,6,26,3,35,18,39,53,3,113,26,0,26,139
08/17/2020,SGF,MO,ACE,CE,Combined TRACON& Tower with Radar,24,36,19,2,81,0,12,8,0,20,24,48,27,2,101,16,0,16,117
08/18/2020,SGF,MO,ACE,CE,Combined TRACON& Tower with Radar,18,35,23,2,78,0,14,14,1,29,18,49,37,3,107,4,0,4,111
08/19/2020,SGF,MO,ACE,CE,Combined TRACON& Tower with Radar,15,34,27,0,76,0,18,20,0,38,15,52,47,0,114,34,0,34,148
08/20/2020,SGF,MO,ACE,CE,Combined TRACON& Tower with Radar,25,50,42,8,125,0,16,48,2,66,25,66,90,10,191,40,30,70,261
08/21/2020,SGF,MO,ACE,CE,Combined TRACON& Tower with Radar,20,32,30,1,83,0,19,13,3,35,20,51,43,4,118,64,0,64,182
08/22/2020,SGF,MO,ACE,CE,Combined TRACON& Tower with Radar,16,32,14,7,69,0,2,31,3,36,16,34,45,10,105,6,0,6,111
08/23/2020,SGF,MO,ACE,CE,Combined TRACON& Tower with Radar,18,30,25,0,73,0,8,18,0,26,18,38,43,0,99,0,0,0,99
08/24/2020,SGF,MO,ACE,CE,Combined TRACON& Tower with Radar,20,40,22,9,91,0,15,21,8,44,20,55,43,17,135,12,0,12,147
08/25/2020,SGF,MO,ACE,CE,Combined TRACON& Tower with Radar,14,35,26,5,80,0,8,22,4,34,14,43,48,9,114,8,0,8,122
08/26/2020,SGF,MO,ACE,CE,Combined TRACON& Tower with Radar,14,40,44,9,107,0,10,26,11,47,14,50,70,20,154,22,16,38,192
08/27/2020,SGF,MO,ACE,CE,Combined TRACON& Tower with Radar,23,39,24,0,86,0,1,3,2,6,23,40,27,2,92,16,0,16,108
08/28/2020,SGF,MO,ACE,CE,Combined TRACON& Tower with Radar,20,34,32,1,87,0,13,20,2,35,20,47,52,3,122,16,0,16,138
08/29/2020,SGF,MO,ACE,CE,Combined TRACON& Tower with Radar,14,28,3,0,45,0,4,11,0,15,14,32,14,0,60,24,0,24,84
08/30/2020,SGF,MO,ACE,CE,Combined TRACON& Tower with Radar,16,28,7,0,51,0,1,3,0,4,16,29,10,0,55,2,0,2,57
08/31/2020,SGF,MO,ACE,CE,Combined TRACON& Tower with Radar,19,34,19,0,72,0,9,8,0,17,19,43,27,0,89,6,0,6,95
09/01/2020,SGF,MO,ACE,CE,Combined TRACON& Tower with Radar,15,27,9,6,57,0,3,0,3,6,15,30,9,9,63,0,0,0,63
09/02/2020,SGF,MO,ACE,CE,Combined TRACON& Tower with Radar,15,53,40,2,110,0,14,9,3,26,15,67,49,5,136,14,6,20,156
09/03/2020,SGF,MO,ACE,CE,Combined TRACON& Tower with Radar,20,34,47,6,107,0,9,22,7,38,20,43,69,13,145,14,0,14,159
09/04/2020,SGF,MO,ACE,CE,Combined TRACON& Tower with Radar,22,41,30,0,93,0,29,23,1,53,22,70,53,1,146,36,0,36,182
09/05/2020,SGF,MO,ACE,CE,Combined TRACON& Tower with Radar,16,28,23,0,67,0,20,14,0,34,16,48,37,0,101,0,0,0,101
09/06/2020,SGF,MO,ACE,CE,Combined TRACON& Tower with Radar,14,28,7,0,49,0,14,12,0,26,14,42,19,0,75,0,0,0,75
09/07/2020,SGF,MO,ACE,CE,Combined TRACON& Tower with Radar,18,39,24,0,81,0,26,23,0,49,18,65,47,0,130,26,0,26,156
09/08/2020,SGF,MO,ACE,CE,Combined TRACON& Tower with Radar,13,27,24,1,65,0,8,4,3,15,13,35,28,4,80,24,0,24,104
09/09/2020,SGF,MO,ACE,CE,Combined TRACON& Tower with Radar,18,41,40,9,108,0,10,16,11,37,18,51,56,20,145,12,24,36,181
09/10/2020,SGF,MO,ACE,CE,Combined TRACON& Tower with Radar,20,44,30,2,96,0,19,15,7,41,20,63,45,9,137,28,18,46,183
09/11/2020,SGF,MO,ACE,CE,Combined TRACON& Tower with Radar,20,31,34,1,86,0,1,3,1,5,20,32,37,2,91,16,0,16,107
09/12/2020,SGF,MO,ACE,CE,Combined TRACON& Tower with Radar,14,51,24,2,91,0,2,16,0,18,14,53,40,2,109,34,0,34,143
09/13/2020,SGF,MO,ACE,CE,Combined TRACON& Tower with Radar,16,35,27,0,78,0,10,21,0,31,16,45,48,0,109,16,0,16,125
09/14/2020,SGF,MO,ACE,CE,Combined TRACON& Tower with Radar,16,31,26,10,83,0,15,22,0,37,16,46,48,10,120,10,0,10,130
09/15/2020,SGF,MO,ACE,CE,Combined TRACON& Tower with Radar,14,32,28,5,79,0,27,25,3,55,14,59,53,8,134,54,0,54,188
09/16/2020,SGF,MO,ACE,CE,Combined TRACON& Tower with Radar,14,44,51,3,112,0,23,38,10,71,14,67,89,13,183,18,0,18,201
09/17/2020,SGF,MO,ACE,CE,Combined TRACON& Tower with Radar,22,49,27,6,104,0,11,18,6,35,22,60,45,12,139,8,0,8,147
09/18/2020,SGF,MO,ACE,CE,Combined TRACON& Tower with Radar,18,49,22,1,90,0,26,25,7,58,18,75,47,8,148,64,0,64,212
09/19/2020,SGF,MO,ACE,CE,Combined TRACON& Tower with Radar,14,32,27,12,85,0,18,38,4,60,14,50,65,16,145,18,0,18,163
09/20/2020,SGF,MO,ACE,CE,Combined TRACON& Tower with Radar,16,30,26,0,72,0,2,34,0,36,16,32,60,0,108,42,0,42,150
09/21/2020,SGF,MO,ACE,CE,Combined TRACON& Tower with Radar,18,40,39,0,97,0,22,26,2,50,18,62,65,2,147,40,0,40,187
09/22/2020,SGF,MO,ACE,CE,Combined TRACON& Tower with Radar,14,31,27,1,73,0,24,11,1,36,14,55,38,2,109,64,0,64,173
09/23/2020,SGF,MO,ACE,CE,Combined TRACON& Tower with Radar,14,39,30,23,106,0,16,15,8,39,14,55,45,31,145,18,0,18,163
09/24/2020,SGF,MO,ACE,CE,Combined TRACON& Tower with Radar,22,40,33,3,98,0,13,16,6,35,22,53,49,9,133,18,0,18,151
09/25/2020,SGF,MO,ACE,CE,Combined TRACON& Tower with Radar,20,41,39,0,100,0,10,31,2,43,20,51,70,2,143,66,0,66,209
09/26/2020,SGF,MO,ACE,CE,Combined TRACON& Tower with Radar,16,31,30,2,79,0,17,22,0,39,16,48,52,2,118,16,0,16,134
09/27/2020,SGF,MO,ACE,CE,Combined TRACON& Tower with Radar,16,32,28,0,76,0,2,12,0,14,16,34,40,0,90,8,0,8,98
09/28/2020,SGF,MO,ACE,CE,Combined TRACON& Tower with Radar,16,35,16,0,67,0,14,7,0,21,16,49,23,0,88,44,0,44,132
09/29/2020,SGF,MO,ACE,CE,Combined TRACON& Tower with Radar,14,37,44,16,111,0,13,21,1,35,14,50,65,17,146,42,0,42,188
09/30/2020,SGF,MO,ACE,CE,Combined TRACON& Tower with Radar,14,55,41,4,114,0,20,9,6,35,14,75,50,10,149,28,0,28,177
10/01/2020,SGF,MO,ACE,CE,Combined TRACON& Tower with Radar,20,33,40,9,102,0,11,23,3,37,20,44,63,12,139,14,8,22,161
10/02/2020,SGF,MO,ACE,CE,Combined TRACON& Tower with Radar,20,34,31,8,93,0,9,28,0,37,20,43,59,8,130,28,0,28,158
10/03/2020,SGF,MO,ACE,CE,Combined TRACON& Tower with Radar,16,30,15,1,62,0,8,13,4,25,16,38,28,5,87,28,0,28,115
10/04/2020,SGF,MO,ACE,CE,Combined TRACON& Tower with Radar,18,29,26,0,73,0,5,12,0,17,18,34,38,0,90,8,0,8,98
10/05/2020,SGF,MO,ACE,CE,Combined TRACON& Tower with Radar,16,37,19,8,80,0,20,22,0,42,16,57,41,8,122,62,10,72,194
10/06/2020,SGF,MO,ACE,CE,Combined TRACON& Tower with Radar,18,41,31,5,95,0,25,19,13,57,18,66,50,18,152,80,0,80,232
10/07/2020,SGF,MO,ACE,CE,Combined TRACON& Tower with Radar,16,40,42,8,106,0,32,26,5,63,16,72,68,13,169,80,0,80,249
10/08/2020,SGF,MO,ACE,CE,Combined TRACON& Tower with Radar,24,42,36,1,103,0,24,16,1,41,24,66,52,2,144,60,0,60,204
10/09/2020,SGF,MO,ACE,CE,Combined TRACON& Tower with Radar,21,38,22,0,81,0,12,13,0,25,21,50,35,0,106,62,0,62,168
10/10/2020,SGF,MO,ACE,CE,Combined TRACON& Tower with Radar,17,31,26,0,74,0,6,25,1,32,17,37,51,1,106,34,0,34,140
10/11/2020,SGF,MO,ACE,CE,Combined TRACON& Tower with Radar,14,30,24,6,74,0,4,24,0,28,14,34,48,6,102,0,0,0,102
10/12/2020,SGF,MO,ACE,CE,Combined TRACON& Tower with Radar,18,38,30,0,86,0,2,10,0,12,18,40,40,0,98,0,0,0,98
10/13/2020,SGF,MO,ACE,CE,Combined TRACON& Tower with Radar,16,30,32,0,78,0,16,32,6,54,16,46,64,6,132,24,0,24,156
10/14/2020,SGF,MO,ACE,CE,Combined TRACON& Tower with Radar,20,18,33,1,72,0,10,16,7,33,20,28,49,8,105,28,0,28,133
10/15/2020,SGF,MO,ACE,CE,Combined TRACON& Tower with Radar,22,45,34,0,101,0,11,10,2,23,22,56,44,2,124,46,20,66,190
10/16/2020,SGF,MO,ACE,CE,Combined TRACON& Tower with Radar,18,53,44,8,123,0,17,25,8,50,18,70,69,16,173,58,0,58,231
10/17/2020,SGF,MO,ACE,CE,Combined TRACON& Tower with Radar,18,26,8,0,52,0,0,7,0,7,18,26,15,0,59,0,0,0,59
10/18/2020,SGF,MO,ACE,CE,Combined TRACON& Tower with Radar,16,28,24,0,68,0,0,1,0,1,16,28,25,0,69,22,0,22,91
10/19/2020,SGF,MO,ACE,CE,Combined TRACON& Tower with Radar,16,34,15,0,65,0,0,0,0,0,16,34,15,0,65,0,0,0,65
10/20/2020,SGF,MO,ACE,CE,Combined TRACON& Tower with Radar,16,26,22,4,68,0,0,0,0,0,16,26,22,4,68,0,0,0,68
10/21/2020,SGF,MO,ACE,CE,Combined TRACON& Tower with Radar,16,22,37,5,80,0,8,11,1,20,16,30,48,6,100,60,0,60,160
10/22/2020,SGF,MO,ACE,CE,Combined TRACON& Tower with Radar,20,35,32,7,94,0,6,15,19,40,20,41,47,26,134,30,0,30,164
10/23/2020,SGF,MO,ACE,CE,Combined TRACON& Tower with Radar,21,39,35,0,95,0,1,1,1,3,21,40,36,1,98,0,0,0,98
10/24/2020,SGF,MO,ACE,CE,Combined TRACON& Tower with Radar,18,26,23,0,67,0,0,5,2,7,18,26,28,2,74,86,20,106,180
10/25/2020,SGF,MO,ACE,CE,Combined TRACON& Tower with Radar,16,29,30,0,75,0,1,0,0,1,16,30,30,0,76,0,0,0,76
10/26/2020,SGF,MO,ACE,CE,Combined TRACON& Tower with Radar,17,27,17,0,61,0,0,0,0,0,17,27,17,0,61,0,0,0,61
10/27/2020,SGF,MO,ACE,CE,Combined TRACON& Tower with Radar,18,25,28,0,71,0,0,1,0,1,18,25,29,0,72,4,0,4,76
10/28/2020,SGF,MO,ACE,CE,Combined TRACON& Tower with Radar,16,25,13,2,56,0,0,1,0,1,16,25,14,2,57,0,0,0,57
10/29/2020,SGF,MO,ACE,CE,Combined TRACON& Tower with Radar,18,36,22,11,87,0,2,3,1,6,18,38,25,12,93,0,28,28,121
10/30/2020,SGF,MO,ACE,CE,Combined TRACON& Tower with Radar,21,46,22,3,92,0,21,56,2,79,21,67,78,5,171,108,0,108,279
10/31/2020,SGF,MO,ACE,CE,Combined TRACON& Tower with Radar,15,28,30,0,73,0,22,39,0,61,15,50,69,0,134,68,0,68,202
11/01/2020,SGF,MO,ACE,CE,Combined TRACON& Tower with Radar,14,25,28,0,67,0,12,15,0,27,14,37,43,0,94,2,0,2,96
11/02/2020,SGF,MO,ACE,CE,Combined TRACON& Tower with Radar,16,39,27,14,96,0,20,9,0,29,16,59,36,14,125,20,0,20,145
11/03/2020,SGF,MO,ACE,CE,Combined TRACON& Tower with Radar,12,27,27,2,68,0,19,18,10,47,12,46,45,12,115,98,1,99,214
11/04/2020,SGF,MO,ACE,CE,Combined TRACON& Tower with Radar,12,43,32,2,89,0,20,22,3,45,12,63,54,5,134,91,0,91,225
11/05/2020,SGF,MO,ACE,CE,Combined TRACON& Tower with Radar,20,43,37,36,136,0,16,23,18,57,20,59,60,54,193,136,22,158,351
11/06/2020,SGF,MO,ACE,CE,Combined TRACON& Tower with Radar,19,41,28,8,96,0,17,29,6,52,19,58,57,14,148,192,14,206,354
11/07/2020,SGF,MO,ACE,CE,Combined TRACON& Tower with Radar,17,31,24,10,82,0,18,16,6,40,17,49,40,16,122,126,0,126,248
11/08/2020,SGF,MO,ACE,CE,Combined TRACON& Tower with Radar,14,37,18,0,69,0,0,5,4,9,14,37,23,4,78,8,0,8,86
11/09/2020,SGF,MO,ACE,CE,Combined TRACON& Tower with Radar,16,32,27,3,78,0,2,10,6,18,16,34,37,9,96,20,0,20,116
11/10/2020,SGF,MO,ACE,CE,Combined TRACON& Tower with Radar,14,21,30,1,66,0,4,2,1,7,14,25,32,2,73,28,0,28,101
11/11/2020,SGF,MO,ACE,CE,Combined TRACON& Tower with Radar,14,46,30,0,90,0,26,24,0,50,14,72,54,0,140,46,0,46,186
11/12/2020,SGF,MO,ACE,CE,Combined TRACON& Tower with Radar,18,39,44,1,102,0,28,35,13,76,18,67,79,14,178,60,0,60,238
11/13/2020,SGF,MO,ACE,CE,Combined TRACON& Tower with Radar,19,46,38,17,120,0,16,25,5,46,19,62,63,22,166,25,8,33,199
11/14/2020,SGF,MO,ACE,CE,Combined TRACON& Tower with Radar,19,24,13,0,56,0,2,0,2,4,19,26,13,2,60,10,12,22,82
11/15/2020,SGF,MO,ACE,CE,Combined TRACON& Tower with Radar,14,29,16,0,59,0,0,7,0,7,14,29,23,0,66,0,0,0,66
11/16/2020,SGF,MO,ACE,CE,Combined TRACON& Tower with Radar,16,29,18,12,75,0,15,15,0,30,16,44,33,12,105,30,0,30,135
11/17/2020,SGF,MO,ACE,CE,Combined TRACON& Tower with Radar,14,21,37,22,94,0,22,34,6,62,14,43,71,28,156,104,8,112,268
11/18/2020,SGF,MO,ACE,CE,Combined TRACON& Tower with Radar,14,30,14,9,67,0,6,9,8,23,14,36,23,17,90,12,0,12,102
11/19/2020,SGF,MO,ACE,CE,Combined TRACON& Tower with Radar,18,33,18,2,71,0,2,7,12,21,18,35,25,14,92,0,0,0,92
11/20/2020,SGF,MO,ACE,CE,Combined TRACON& Tower with Radar,23,34,36,3,96,0,7,20,3,30,23,41,56,6,126,66,0,66,192
11/21/2020,SGF,MO,ACE,CE,Combined TRACON& Tower with Radar,19,29,20,0,68,0,0,0,0,0,19,29,20,0,68,0,0,0,68
11/22/2020,SGF,MO,ACE,CE,Combined TRACON& Tower with Radar,16,29,9,0,54,0,0,7,0,7,16,29,16,0,61,0,0,0,61
11/23/2020,SGF,MO,ACE,CE,Combined TRACON& Tower with Radar,20,29,39,4,92,0,8,18,0,26,20,37,57,4,118,34,6,40,158
11/24/2020,SGF,MO,ACE,CE,Combined TRACON& Tower with Radar,21,26,23,0,70,0,4,1,2,7,21,30,24,2,77,0,14,14,91
11/25/2020,SGF,MO,ACE,CE,Combined TRACON& Tower with Radar,23,30,26,0,79,0,0,0,0,0,23,30,26,0,79,0,0,0,79
11/26/2020,SGF,MO,ACE,CE,Combined TRACON& Tower with Radar,12,6,13,0,31,0,1,10,0,11,12,7,23,0,42,0,0,0,42
11/27/2020,SGF,MO,ACE,CE,Combined TRACON& Tower with Radar,15,17,22,0,54,0,12,22,0,34,15,29,44,0,88,14,0,14,102
11/28/2020,SGF,MO,ACE,CE,Combined TRACON& Tower with Radar,19,34,28,0,81,0,12,38,2,52,19,46,66,2,133,26,0,26,159
11/29/2020,SGF,MO,ACE,CE,Combined TRACON& Tower with Radar,20,32,25,0,77,0,4,6,2,12,20,36,31,2,89,34,0,34,123
11/30/2020,SGF,MO,ACE,CE,Combined TRACON& Tower with Radar,16,33,26,1,76,0,2,18,1,21,16,35,44,2,97,32,0,32,129
12/01/2020,SGF,MO,ACE,CE,Combined TRACON& Tower with Radar,23,28,34,2,87,0,12,22,0,34,23,40,56,2,121,100,0,100,221
12/02/2020,SGF,MO,ACE,CE,Combined TRACON& Tower with Radar,20,27,20,0,67,0,10,21,2,33,20,37,41,2,100,68,0,68,168
12/03/2020,SGF,MO,ACE,CE,Combined TRACON& Tower with Radar,24,22,32,4,82,0,0,0,0,0,24,22,32,4,82,0,48,48,130
12/04/2020,SGF,MO,ACE,CE,Combined TRACON& Tower with Radar,25,26,23,10,84,0,22,13,2,37,25,48,36,12,121,70,0,70,191
12/05/2020,SGF,MO,ACE,CE,Combined TRACON& Tower with Radar,19,20,8,18,65,0,21,35,10,66,19,41,43,28,131,32,0,32,163
12/06/2020,SGF,MO,ACE,CE,Combined TRACON& Tower with Radar,18,27,29,0,74,0,8,19,2,29,18,35,48,2,103,16,0,16,119
12/07/2020,SGF,MO,ACE,CE,Combined TRACON& Tower with Radar,20,29,27,14,90,0,14,14,0,28,20,43,41,14,118,48,6,54,172
12/08/2020,SGF,MO,ACE,CE,Combined TRACON& Tower with Radar,22,18,22,4,66,0,19,16,0,35,22,37,38,4,101,74,0,74,175
12/09/2020,SGF,MO,ACE,CE,Combined TRACON& Tower with Radar,20,16,33,3,72,0,37,23,6,66,20,53,56,9,138,108,6,114,252
12/10/2020,SGF,MO,ACE,CE,Combined TRACON& Tower with Radar,24,37,29,7,97,0,23,37,11,71,24,60,66,18,168,46,0,46,214
12/11/2020,SGF,MO,ACE,CE,Combined TRACON& Tower with Radar,24,23,15,4,66,0,0,0,2,2,24,23,15,6,68,0,0,0,68
12/12/2020,SGF,MO,ACE,CE,Combined TRACON& Tower with Radar,21,18,14,0,53,0,0,6,0,6,21,18,20,0,59,14,0,14,73
12/13/2020,SGF,MO,ACE,CE,Combined TRACON& Tower with Radar,20,22,7,0,49,0,2,2,0,4,20,24,9,0,53,0,0,0,53
12/14/2020,SGF,MO,ACE,CE,Combined TRACON& Tower with Radar,21,32,33,0,86,0,8,22,0,30,21,40,55,0,116,50,0,50,166
12/15/2020,SGF,MO,ACE,CE,Combined TRACON& Tower with Radar,18,27,23,1,69,0,12,6,9,27,18,39,29,10,96,58,22,80,176
12/16/2020,SGF,MO,ACE,CE,Combined TRACON& Tower with Radar,20,16,33,7,76,0,3,11,9,23,20,19,44,16,99,60,0,60,159
12/17/2020,SGF,MO,ACE,CE,Combined TRACON& Tower with Radar,20,54,47,3,124,0,21,22,17,60,20,75,69,20,184,72,0,72,256
12/18/2020,SGF,MO,ACE,CE,Combined TRACON& Tower with Radar,22,30,32,9,93,0,6,19,5,30,22,36,51,14,123,16,0,16,139
12/19/2020,SGF,MO,ACE,CE,Combined TRACON& Tower with Radar,23,25,24,0,72,0,4,24,0,28,23,29,48,0,100,24,0,24,124
12/20/2020,SGF,MO,ACE,CE,Combined TRACON& Tower with Radar,18,25,27,0,70,0,7,14,0,21,18,32,41,0,91,22,0,22,113
12/21/2020,SGF,MO,ACE,CE,Combined TRACON& Tower with Radar,25,29,7,0,61,0,15,16,0,31,25,44,23,0,92,28,0,28,120
12/22/2020,SGF,MO,ACE,CE,Combined TRACON& Tower with Radar,24,34,34,8,100,0,8,29,7,44,24,42,63,15,144,34,0,34,178
12/23/2020,SGF,MO,ACE,CE,Combined TRACON& Tower with Radar,26,40,20,0,86,0,5,6,0,11,26,45,26,0,97,2,0,2,99
12/24/2020,SGF,MO,ACE,CE,Combined TRACON& Tower with Radar,24,14,12,0,50,0,0,4,0,4,24,14,16,0,54,0,0,0,54
12/25/2020,SGF,MO,ACE,CE,Combined TRACON& Tower with Radar,12,18,3,0,33,0,0,7,0,7,12,18,10,0,40,0,0,0,40
12/26/2020,SGF,MO,ACE,CE,Combined TRACON& Tower with Radar,23,31,24,0,78,0,4,25,0,29,23,35,49,0,107,18,0,18,125
12/27/2020,SGF,MO,ACE,CE,Combined TRACON& Tower with Radar,18,25,9,0,52,0,2,4,0,6,18,27,13,0,58,4,0,4,62
12/28/2020,SGF,MO,ACE,CE,Combined TRACON& Tower with Radar,25,31,28,1,85,0,13,28,1,42,25,44,56,2,127,12,0,12,139
12/29/2020,SGF,MO,ACE,CE,Combined TRACON& Tower with Radar,18,23,18,0,59,0,1,1,0,2,18,24,19,0,61,0,0,0,61
12/30/2020,SGF,MO,ACE,CE,Combined TRACON& Tower with Radar,24,26,12,0,62,0,0,0,0,0,24,26,12,0,62,0,0,0,62
12/31/2020,SGF,MO,ACE,CE,Combined TRACON& Tower with Radar,23,18,5,0,46,0,1,8,0,9,23,19,13,0,55,0,0,0,55
01/01/2021,SGF,MO,ACE,CE,Combined TRACON& Tower with Radar,11,26,4,0,41,0,0,0,0,0,11,26,4,0,41,0,0,0,41
01/02/2021,SGF,MO,ACE,CE,Combined TRACON& Tower with Radar,23,27,12,0,62,0,0,0,0,0,23,27,12,0,62,0,0,0,62
01/03/2021,SGF,MO,ACE,CE,Combined TRACON& Tower with Radar,20,29,17,0,66,0,6,16,0,22,20,35,33,0,88,0,0,0,88
01/04/2021,SGF,MO,ACE,CE,Combined TRACON& Tower with Radar,22,41,28,0,91,0,18,13,0,31,22,59,41,0,122,18,0,18,140
01/05/2021,SGF,MO,ACE,CE,Combined TRACON& Tower with Radar,16,36,37,13,102,0,22,32,8,62,16,58,69,21,164,86,12,98,262
01/06/2021,SGF,MO,ACE,CE,Combined TRACON& Tower with Radar,18,24,15,0,57,0,3,6,3,12,18,27,21,3,69,8,46,54,123
01/07/2021,SGF,MO,ACE,CE,Combined TRACON& Tower with Radar,24,26,11,0,61,0,0,0,0,0,24,26,11,0,61,0,14,14,75
01/08/2021,SGF,MO,ACE,CE,Combined TRACON& Tower with Radar,23,32,16,0,71,0,1,9,0,10,23,33,25,0,81,8,0,8,89
01/09/2021,SGF,MO,ACE,CE,Combined TRACON& Tower with Radar,19,30,22,0,71,0,0,15,6,21,19,30,37,6,92,0,0,0,92
01/10/2021,SGF,MO,ACE,CE,Combined TRACON& Tower with Radar,18,22,15,4,59,0,0,11,0,11,18,22,26,4,70,0,0,0,70
01/11/2021,SGF,MO,ACE,CE,Combined TRACON& Tower with Radar,20,29,19,0,68,0,6,5,0,11,20,35,24,0,79,30,0,30,109
01/12/2021,SGF,MO,ACE,CE,Combined TRACON& Tower with Radar,18,32,25,6,81,0,17,24,7,48,18,49,49,13,129,38,0,38,167
01/13/2021,SGF,MO,ACE,CE,Combined TRACON& Tower with Radar,18,36,38,7,99,0,28,29,19,76,18,64,67,26,175,33,0,33,208
01/14/2021,SGF,MO,ACE,CE,Combined TRACON& Tower with Radar,24,27,22,1,74,0,0,4,9,13,24,27,26,10,87,9,0,9,96
01/15/2021,SGF,MO,ACE,CE,Combined TRACON& Tower with Radar,21,24,11,0,56,0,1,0,0,1,21,25,11,0,57,0,0,0,57
01/16/2021,SGF,MO,ACE,CE,Combined TRACON& Tower with Radar,17,20,18,0,55,0,1,10,0,11,17,21,28,0,66,0,0,0,66
01/17/2021,SGF,MO,ACE,CE,Combined TRACON& Tower with Radar,16,24,16,0,56,0,11,18,3,32,16,35,34,3,88,14,0,14,102
01/18/2021,SGF,MO,ACE,CE,Combined TRACON& Tower with Radar,20,31,26,0,77,0,14,27,0,41,20,45,53,0,118,54,0,54,172
01/19/2021,SGF,MO,ACE,CE,Combined TRACON& Tower with Radar,16,24,20,1,61,0,4,11,3,18,16,28,31,4,79,16,0,16,95
01/20/2021,SGF,MO,ACE,CE,Combined TRACON& Tower with Radar,20,26,22,2,70,0,24,10,11,45,20,50,32,13,115,70,18,88,203
01/21/2021,SGF,MO,ACE,CE,Combined TRACON& Tower with Radar,24,23,40,3,90,0,17,17,10,44,24,40,57,13,134,58,14,72,206
01/22/2021,SGF,MO,ACE,CE,Combined TRACON& Tower with Radar,25,30,23,5,83,0,22,35,6,63,25,52,58,11,146,34,0,34,180
01/23/2021,SGF,MO,ACE,CE,Combined TRACON& Tower with Radar,15,23,16,0,54,0,19,28,0,47,15,42,44,0,101,42,0,42,143
01/24/2021,SGF,MO,ACE,CE,Combined TRACON& Tower with Radar,22,35,11,0,68,0,0,0,0,0,22,35,11,0,68,0,0,0,68
01/25/2021,SGF,MO,ACE,CE,Combined TRACON& Tower with Radar,20,29,16,0,65,0,0,0,0,0,20,29,16,0,65,0,0,0,65
01/26/2021,SGF,MO,ACE,CE,Combined TRACON& Tower with Radar,16,21,36,6,79,0,0,5,0,5,16,21,41,6,84,0,12,12,96
01/27/2021,SGF,MO,ACE,CE,Combined TRACON& Tower with Radar,18,30,18,2,68,0,0,0,1,1,18,30,18,3,69,0,6,6,75
01/28/2021,SGF,MO,ACE,CE,Combined TRACON& Tower with Radar,24,35,30,1,90,0,23,22,9,54,24,58,52,10,144,34,0,34,178
01/29/2021,SGF,MO,ACE,CE,Combined TRACON& Tower with Radar,23,43,39,3,108,0,30,17,4,51,23,73,56,7,159,22,12,34,193
01/30/2021,SGF,MO,ACE,CE,Combined TRACON& Tower with Radar,17,23,13,0,53,0,1,0,0,1,17,24,13,0,54,0,0,0,54
01/31/2021,SGF,MO,ACE,CE,Combined TRACON& Tower with Radar,18,23,20,0,61,0,0,0,0,0,18,23,20,0,61,0,0,0,61
02/01/2021,SGF,MO,ACE,CE,Combined TRACON& Tower with Radar,21,26,14,6,67,0,4,3,0,7,21,30,17,6,74,0,0,0,74
02/02/2021,SGF,MO,ACE,CE,Combined TRACON& Tower with Radar,17,21,38,17,93,0,14,17,6,37,17,35,55,23,130,88,0,88,218
02/03/2021,SGF,MO,ACE,CE,Combined TRACON& Tower with Radar,18,35,36,2,91,0,44,26,9,79,18,79,62,11,170,68,0,68,238
02/04/2021,SGF,MO,ACE,CE,Combined TRACON& Tower with Radar,26,20,19,6,71,0,4,3,0,7,26,24,22,6,78,0,0,0,78
02/05/2021,SGF,MO,ACE,CE,Combined TRACON& Tower with Radar,23,37,31,12,103,0,31,32,10,73,23,68,63,22,176,34,18,52,228
02/06/2021,SGF,MO,ACE,CE,Combined TRACON& Tower with Radar,19,27,13,0,59,0,11,4,0,15,19,38,17,0,74,18,0,18,92
02/07/2021,SGF,MO,ACE,CE,Combined TRACON& Tower with Radar,15,23,8,0,46,0,0,0,0,0,15,23,8,0,46,0,0,0,46
02/08/2021,SGF,MO,ACE,CE,Combined TRACON& Tower with Radar,19,25,12,0,56,0,0,0,0,0,19,25,12,0,56,0,0,0,56
02/09/2021,SGF,MO,ACE,CE,Combined TRACON& Tower with Radar,17,26,12,0,55,0,0,0,0,0,17,26,12,0,55,0,0,0,55
02/10/2021,SGF,MO,ACE,CE,Combined TRACON& Tower with Radar,17,15,15,0,47,0,0,0,0,0,17,15,15,0,47,0,0,0,47
02/11/2021,SGF,MO,ACE,CE,Combined TRACON& Tower with Radar,21,24,25,0,70,0,0,0,0,0,21,24,25,0,70,0,0,0,70
02/12/2021,SGF,MO,ACE,CE,Combined TRACON& Tower with Radar,29,31,24,0,84,0,0,0,0,0,29,31,24,0,84,0,0,0,84
02/13/2021,SGF,MO,ACE,CE,Combined TRACON& Tower with Radar,17,21,12,0,50,0,0,6,0,6,17,21,18,0,56,0,0,0,56
02/14/2021,SGF,MO,ACE,CE,Combined TRACON& Tower with Radar,10,12,6,0,28,0,1,0,0,1,10,13,6,0,29,0,0,0,29
02/15/2021,SGF,MO,ACE,CE,Combined TRACON& Tower with Radar,7,6,7,0,20,0,0,0,0,0,7,6,7,0,20,0,0,0,20
02/16/2021,SGF,MO,ACE,CE,Combined TRACON& Tower with Radar,23,12,14,0,49,0,0,0,0,0,23,12,14,0,49,0,0,0,49
02/17/2021,SGF,MO,ACE,CE,Combined TRACON& Tower with Radar,13,19,4,0,36,0,1,0,0,1,13,20,4,0,37,0,0,0,37
02/18/2021,SGF,MO,ACE,CE,Combined TRACON& Tower with Radar,24,27,7,2,60,0,0,2,0,2,24,27,9,2,62,0,0,0,62
02/19/2021,SGF,MO,ACE,CE,Combined TRACON& Tower with Radar,23,21,23,0,67,0,24,12,0,36,23,45,35,0,103,42,0,42,145
02/20/2021,SGF,MO,ACE,CE,Combined TRACON& Tower with Radar,24,34,24,0,82,0,27,32,0,59,24,61,56,0,141,30,6,36,177
02/21/2021,SGF,MO,ACE,CE,Combined TRACON& Tower with Radar,22,22,11,0,55,0,0,2,2,4,22,22,13,2,59,0,8,8,67
02/22/2021,SGF,MO,ACE,CE,Combined TRACON& Tower with Radar,21,38,31,2,92,0,14,13,0,27,21,52,44,2,119,28,0,28,147
02/23/2021,SGF,MO,ACE,CE,Combined TRACON& Tower with Radar,22,22,42,8,94,0,21,34,10,65,22,43,76,18,159,70,0,70,229
02/24/2021,SGF,MO,ACE,CE,Combined TRACON& Tower with Radar,20,48,40,2,110,0,36,23,8,67,20,84,63,10,177,42,0,42,219
02/25/2021,SGF,MO,ACE,CE,Combined TRACON& Tower with Radar,25,40,26,0,91,0,32,27,7,66,25,72,53,7,157,88,0,88,245
02/26/2021,SGF,MO,ACE,CE,Combined TRACON& Tower with Radar,28,52,23,16,119,0,6,2,2,10,28,58,25,18,129,36,38,74,203
02/27/2021,SGF,MO,ACE,CE,Combined TRACON& Tower with Radar,18,20,20,0,58,0,9,6,0,15,18,29,26,0,73,16,0,16,89
02/28/2021,SGF,MO,ACE,CE,Combined TRACON& Tower with Radar,21,26,21,0,68,0,5,7,0,12,21,31,28,0,80,8,0,8,88
03/01/2021,SGF,MO,ACE,CE,Combined TRACON& Tower with Radar,22,34,29,8,93,0,31,33,0,64,22,65,62,8,157,72,4,76,233
03/02/2021,SGF,MO,ACE,CE,Combined TRACON& Tower with Radar,20,25,29,3,77,0,18,8,11,37,20,43,37,14,114,12,10,22,136
03/03/2021,SGF,MO,ACE,CE,Combined TRACON& Tower with Radar,23,37,44,2,106,0,35,35,12,82,23,72,79,14,188,56,0,56,244
03/04/2021,SGF,MO,ACE,CE,Combined TRACON& Tower with Radar,32,39,37,0,108,0,32,24,10,66,32,71,61,10,174,18,0,18,192
03/05/2021,SGF,MO,ACE,CE,Combined TRACON& Tower with Radar,31,25,20,9,85,0,21,10,5,36,31,46,30,14,121,32,4,36,157
03/06/2021,SGF,MO,ACE,CE,Combined TRACON& Tower with Radar,29,27,24,8,88,0,23,47,6,76,29,50,71,14,164,50,0,50,214
03/07/2021,SGF,MO,ACE,CE,Combined TRACON& Tower with Radar,26,26,26,0,78,0,6,24,0,30,26,32,50,0,108,22,0,22,130
03/08/2021,SGF,MO,ACE,CE,Combined TRACON& Tower with Radar,30,27,18,0,75,0,9,33,1,43,30,36,51,1,118,10,0,10,128
03/09/2021,SGF,MO,ACE,CE,Combined TRACON& Tower with Radar,27,29,21,8,85,0,2,13,1,16,27,31,34,9,101,0,0,0,101
03/10/2021,SGF,MO,ACE,CE,Combined TRACON& Tower with Radar,34,23,20,2,79,0,0,1,9,10,34,23,21,11,89,0,0,0,89
03/11/2021,SGF,MO,ACE,CE,Combined TRACON& Tower with Radar,35,27,27,0,89,0,1,1,0,2,35,28,28,0,91,0,0,0,91
03/12/2021,SGF,MO,ACE,CE,Combined TRACON& Tower with Radar,39,23,16,0,78,0,0,0,0,0,39,23,16,0,78,0,4,4,82
03/13/2021,SGF,MO,ACE,CE,Combined TRACON& Tower with Radar,33,25,27,3,88,0,0,2,0,2,33,25,29,3,90,0,0,0,90
03/14/2021,SGF,MO,ACE,CE,Combined TRACON& Tower with Radar,28,17,14,0,59,0,0,1,0,1,28,17,15,0,60,0,0,0,60
03/15/2021,SGF,MO,ACE,CE,Combined TRACON& Tower with Radar,28,32,26,16,102,0,10,10,0,20,28,42,36,16,122,0,8,8,130
03/16/2021,SGF,MO,ACE,CE,Combined TRACON& Tower with Radar,31,49,27,42,149,0,35,31,3,69,31,84,58,45,218,59,20,79,297
03/17/2021,SGF,MO,ACE,CE,Combined TRACON& Tower with Radar,33,25,16,0,74,0,0,0,0,0,33,25,16,0,74,0,0,0,74
03/18/2021,SGF,MO,ACE,CE,Combined TRACON& Tower with Radar,32,27,21,0,80,0,0,0,0,0,32,27,21,0,80,0,0,0,80
03/19/2021,SGF,MO,ACE,CE,Combined TRACON& Tower with Radar,35,36,36,4,111,0,24,35,9,68,35,60,71,13,179,110,0,110,289
03/20/2021,SGF,MO,ACE,CE,Combined TRACON& Tower with Radar,32,32,24,0,88,0,14,28,0,42,32,46,52,0,130,46,0,46,176
03/21/2021,SGF,MO,ACE,CE,Combined TRACON& Tower with Radar,27,28,29,0,84,0,3,19,2,24,27,31,48,2,108,0,0,0,108
03/22/2021,SGF,MO,ACE,CE,Combined TRACON& Tower with Radar,27,31,28,0,86,0,6,16,0,22,27,37,44,0,108,14,0,14,122
03/23/2021,SGF,MO,ACE,CE,Combined TRACON& Tower with Radar,30,26,39,0,95,0,1,8,4,13,30,27,47,4,108,0,0,0,108
03/24/2021,SGF,MO,ACE,CE,Combined TRACON& Tower with Radar,26,44,80,6,156,0,18,18,10,46,26,62,98,16,202,38,0,38,240
03/25/2021,SGF,MO,ACE,CE,Combined TRACON& Tower with Radar,31,30,15,0,76,0,1,1,0,2,31,31,16,0,78,0,0,0,78
03/26/2021,SGF,MO,ACE,CE,Combined TRACON& Tower with Radar,35,39,41,20,135,0,13,41,9,63,35,52,82,29,198,40,6,46,244
03/27/2021,SGF,MO,ACE,CE,Combined TRACON& Tower with Radar,24,29,34,1,88,0,7,21,0,28,24,36,55,1,116,18,0,18,134
03/28/2021,SGF,MO,ACE,CE,Combined TRACON& Tower with Radar,28,22,19,0,69,0,8,22,0,30,28,30,41,0,99,24,0,24,123
03/29/2021,SGF,MO,ACE,CE,Combined TRACON& Tower with Radar,29,33,29,12,103,0,6,10,0,16,29,39,39,12,119,8,12,20,139
03/30/2021,SGF,MO,ACE,CE,Combined TRACON& Tower with Radar,22,29,25,18,94,0,12,16,12,40,22,41,41,30,134,0,0,0,134
03/31/2021,SGF,MO,ACE,CE,Combined TRACON& Tower with Radar,27,28,21,1,77,0,16,11,9,36,27,44,32,10,113,36,0,36,149
04/01/2021,SGF,MO,ACE,CE,Combined TRACON& Tower with Radar,33,42,42,22,139,0,29,32,2,63,33,71,74,24,202,74,0,74,276
04/02/2021,SGF,MO,ACE,CE,Combined TRACON& Tower with Radar,29,35,28,7,99,0,20,26,3,49,29,55,54,10,148,32,0,32,180
04/03/2021,SGF,MO,ACE,CE,Combined TRACON& Tower with Radar,22,30,20,0,72,0,14,27,0,41,22,44,47,0,113,10,0,10,123
04/04/2021,SGF,MO,ACE,CE,Combined TRACON& Tower with Radar,24,32,18,0,74,0,1,13,2,16,24,33,31,2,90,2,0,2,92
04/05/2021,SGF,MO,ACE,CE,Combined TRACON& Tower with Radar,26,40,42,12,120,0,23,20,0,43,26,63,62,12,163,30,4,34,197
04/06/2021,SGF,MO,ACE,CE,Combined TRACON& Tower with Radar,22,23,28,15,88,0,2,5,10,17,22,25,33,25,105,4,0,4,109
04/07/2021,SGF,MO,ACE,CE,Combined TRACON& Tower with Radar,24,31,30,4,89,0,2,1,2,5,24,33,31,6,94,0,0,0,94
04/08/2021,SGF,MO,ACE,CE,Combined TRACON& Tower with Radar,34,29,28,8,99,0,1,9,7,17,34,30,37,15,116,0,0,0,116
04/09/2021,SGF,MO,ACE,CE,Combined TRACON& Tower with Radar,35,28,34,2,99,0,15,19,3,37,35,43,53,5,136,72,4,76,212
04/10/2021,SGF,MO,ACE,CE,Combined TRACON& Tower with Radar,26,26,31,2,85,0,1,1,0,2,26,27,32,2,87,0,0,0,87
04/11/2021,SGF,MO,ACE,CE,Combined TRACON& Tower with Radar,23,27,32,0,82,0,3,27,0,30,23,30,59,0,112,12,0,12,124
04/12/2021,SGF,MO,ACE,CE,Combined TRACON& Tower with Radar,27,47,26,16,116,0,31,11,2,44,27,78,37,18,160,38,22,60,220
04/13/2021,SGF,MO,ACE,CE,Combined TRACON& Tower with Radar,21,33,22,3,79,0,17,14,8,39,21,50,36,11,118,40,0,40,158
04/14/2021,SGF,MO,ACE,CE,Combined TRACON& Tower with Radar,24,50,50,6,130,0,27,21,8,56,24,77,71,14,186,66,20,86,272
04/15/2021,SGF,MO,ACE,CE,Combined TRACON& Tower with Radar,32,36,47,17,132,0,25,39,14,78,32,61,86,31,210,94,20,114,324
04/16/2021,SGF,MO,ACE,CE,Combined TRACON& Tower with Radar,38,34,28,1,101,0,3,7,3,13,38,37,35,4,114,29,0,29,143
04/17/2021,SGF,MO,ACE,CE,Combined TRACON& Tower with Radar,27,27,18,0,72,0,3,7,2,12,27,30,25,2,84,8,0,8,92
04/18/2021,SGF,MO,ACE,CE,Combined TRACON& Tower with Radar,24,30,26,0,80,0,1,15,2,18,24,31,41,2,98,20,0,20,118
04/19/2021,SGF,MO,ACE,CE,Combined TRACON& Tower with Radar,28,34,31,4,97,0,18,33,0,51,28,52,64,4,148,68,0,68,216
04/20/2021,SGF,MO,ACE,CE,Combined TRACON& Tower with Radar,22,25,24,0,71,0,1,1,0,2,22,26,25,0,73,0,0,0,73
04/21/2021,SGF,MO,ACE,CE,Combined TRACON& Tower with Radar,24,27,32,5,88,0,25,14,6,45,24,52,46,11,133,30,10,40,173
04/22/2021,SGF,MO,ACE,CE,Combined TRACON& Tower with Radar,34,43,31,20,128,0,28,24,3,55,34,71,55,23,183,86,8,94,277
04/23/2021,SGF,MO,ACE,CE,Combined TRACON& Tower with Radar,34,43,33,20,130,0,7,10,4,21,34,50,43,24,151,10,0,10,161
04/24/2021,SGF,MO,ACE,CE,Combined TRACON& Tower with Radar,28,27,24,0,79,0,2,16,0,18,28,29,40,0,97,8,0,8,105
04/25/2021,SGF,MO,ACE,CE,Combined TRACON& Tower with Radar,24,29,38,0,91,0,13,24,4,41,24,42,62,4,132,37,0,37,169
04/26/2021,SGF,MO,ACE,CE,Combined TRACON& Tower with Radar,26,37,31,11,105,0,1,17,1,19,26,38,48,12,124,8,10,18,142
04/27/2021,SGF,MO,ACE,CE,Combined TRACON& Tower with Radar,20,37,19,8,84,0,10,20,2,32,20,47,39,10,116,64,4,68,184
04/28/2021,SGF,MO,ACE,CE,Combined TRACON& Tower with Radar,26,28,23,0,77,0,1,0,0,1,26,29,23,0,78,0,0,0,78
04/29/2021,SGF,MO,ACE,CE,Combined TRACON& Tower with Radar,33,40,16,7,96,0,16,7,12,35,33,56,23,19,131,8,0,8,139
04/30/2021,SGF,MO,ACE,CE,Combined TRACON& Tower with Radar,32,51,30,11,124,0,21,45,5,71,32,72,75,16,195,30,2,32,227
05/01/2021,SGF,MO,ACE,CE,Combined TRACON& Tower with Radar,26,35,20,2,83,0,6,29,1,36,26,41,49,3,119,19,0,19,138
05/02/2021,SGF,MO,ACE,CE,Combined TRACON& Tower with Radar,29,26,27,0,82,0,0,0,0,0,29,26,27,0,82,4,0,4,86
05/03/2021,SGF,MO,ACE,CE,Combined TRACON& Tower with Radar,25,40,17,4,86,0,11,8,0,19,25,51,25,4,105,8,0,8,113
05/04/2021,SGF,MO,ACE,CE,Combined TRACON& Tower with Radar,21,24,32,0,77,0,3,2,0,5,21,27,34,0,82,0,0,0,82
05/05/2021,SGF,MO,ACE,CE,Combined TRACON& Tower with Radar,30,50,43,17,140,0,22,25,15,62,30,72,68,32,202,91,0,91,293
05/06/2021,SGF,MO,ACE,CE,Combined TRACON& Tower with Radar,36,31,34,4,105,0,5,16,9,30,36,36,50,13,135,14,0,14,149
05/07/2021,SGF,MO,ACE,CE,Combined TRACON& Tower with Radar,37,30,38,0,105,0,12,28,7,47,37,42,66,7,152,22,0,22,174
05/08/2021,SGF,MO,ACE,CE,Combined TRACON& Tower with Radar,29,26,10,0,65,0,2,3,4,9,29,28,13,4,74,0,0,0,74
05/09/2021,SGF,MO,ACE,CE,Combined TRACON& Tower with Radar,31,24,24,0,79,0,2,2,0,4,31,26,26,0,83,0,0,0,83
05/10/2021,SGF,MO,ACE,CE,Combined TRACON& Tower with Radar,28,20,37,0,85,0,2,10,0,12,28,22,47,0,97,0,0,0,97
05/11/2021,SGF,MO,ACE,CE,Combined TRACON& Tower with Radar,28,28,33,8,97,0,9,11,8,28,28,37,44,16,125,31,4,35,160
05/12/2021,SGF,MO,ACE,CE,Combined TRACON& Tower with Radar,31,45,34,0,110,0,33,19,8,60,31,78,53,8,170,88,0,88,258
05/13/2021,SGF,MO,ACE,CE,Combined TRACON& Tower with Radar,39,32,45,1,117,0,23,44,4,71,39,55,89,5,188,24,0,24,212
05/14/2021,SGF,MO,ACE,CE,Combined TRACON& Tower with Radar,38,30,34,0,102,0,9,32,4,45,38,39,66,4,147,30,0,30,177
05/15/2021,SGF,MO,ACE,CE,Combined TRACON& Tower with Radar,30,27,10,0,67,0,3,3,0,6,30,30,13,0,73,8,0,8,81
05/16/2021,SGF,MO,ACE,CE,Combined TRACON& Tower with Radar,30,22,26,0,78,0,0,10,2,12,30,22,36,2,90,14,0,14,104
05/17/2021,SGF,MO,ACE,CE,Combined TRACON& Tower with Radar,30,26,30,0,86,0,3,1,1,5,30,29,31,1,91,0,0,0,91
05/18/2021,SGF,MO,ACE,CE,Combined TRACON& Tower with Radar,31,29,34,0,94,0,1,4,0,5,31,30,38,0,99,0,0,0,99
05/19/2021,SGF,MO,ACE,CE,Combined TRACON& Tower with Radar,32,27,30,4,93,0,1,0,0,1,32,28,30,4,94,0,0,0,94
05/20/2021,SGF,MO,ACE,CE,Combined TRACON& Tower with Radar,36,26,47,10,119,0,2,5,4,11,36,28,52,14,130,0,10,10,140
05/21/2021,SGF,MO,ACE,CE,Combined TRACON& Tower with Radar,37,29,23,2,91,0,1,2,1,4,37,30,25,3,95,0,0,0,95
05/22/2021,SGF,MO,ACE,CE,Combined TRACON& Tower with Radar,29,39,14,2,84,0,17,30,2,49,29,56,44,4,133,64,0,64,197
05/23/2021,SGF,MO,ACE,CE,Combined TRACON& Tower with Radar,30,30,23,0,83,0,16,23,0,39,30,46,46,0,122,48,0,48,170
05/24/2021,SGF,MO,ACE,CE,Combined TRACON& Tower with Radar,30,44,22,3,99,0,20,26,0,46,30,64,48,3,145,40,0,40,185
05/25/2021,SGF,MO,ACE,CE,Combined TRACON& Tower with Radar,30,26,21,16,93,0,9,4,1,14,30,35,25,17,107,22,8,30,137
05/26/2021,SGF,MO,ACE,CE,Combined TRACON& Tower with Radar,32,39,29,4,104,0,30,12,10,52,32,69,41,14,156,27,0,27,183
05/27/2021,SGF,MO,ACE,CE,Combined TRACON& Tower with Radar,37,30,21,0,88,0,5,3,6,14,37,35,24,6,102,0,0,0,102
05/28/2021,SGF,MO,ACE,CE,Combined TRACON& Tower with Radar,41,41,24,0,106,0,6,15,0,21,41,47,39,0,127,22,0,22,149
05/29/2021,SGF,MO,ACE,CE,Combined TRACON& Tower with Radar,37,20,23,0,80,0,0,12,0,12,37,20,35,0,92,86,0,86,178
05/30/2021,SGF,MO,ACE,CE,Combined TRACON& Tower with Radar,32,23,16,0,71,0,6,30,1,37,32,29,46,1,108,2,0,2,110
05/31/2021,SGF,MO,ACE,CE,Combined TRACON& Tower with Radar,32,26,29,0,87,0,1,17,0,18,32,27,46,0,105,0,0,0,105
06/01/2021,SGF,MO,ACE,CE,Combined TRACON& Tower with Radar,32,23,19,0,74,0,1,0,0,1,32,24,19,0,75,0,4,4,79
06/02/2021,SGF,MO,ACE,CE,Combined TRACON& Tower with Radar,36,21,39,2,98,0,1,0,0,1,36,22,39,2,99,0,0,0,99
06/03/2021,SGF,MO,ACE,CE,Combined TRACON& Tower with Radar,35,43,41,4,123,0,26,31,11,68,35,69,72,15,191,46,0,46,237
06/04/2021,SGF,MO,ACE,CE,Combined TRACON& Tower with Radar,41,39,24,0,104,0,33,23,9,65,41,72,47,9,169,64,0,64,233
06/05/2021,SGF,MO,ACE,CE,Combined TRACON& Tower with Radar,34,26,29,6,95,0,19,28,4,51,34,45,57,10,146,12,0,12,158
06/06/2021,SGF,MO,ACE,CE,Combined TRACON& Tower with Radar,30,28,19,0,77,0,3,6,2,11,30,31,25,2,88,4,0,4,92
06/07/2021,SGF,MO,ACE,CE,Combined TRACON& Tower with Radar,37,28,14,0,79,0,5,6,0,11,37,33,20,0,90,8,0,8,98
06/08/2021,SGF,MO,ACE,CE,Combined TRACON& Tower with Radar,33,34,32,8,107,0,4,8,6,18,33,38,40,14,125,0,0,0,125
06/09/2021,SGF,MO,ACE,CE,Combined TRACON& Tower with Radar,38,45,47,1,131,0,32,30,5,67,38,77,77,6,198,98,0,98,296
06/10/2021,SGF,MO,ACE,CE,Combined TRACON& Tower with Radar,36,43,34,0,113,0,25,19,14,58,36,68,53,14,171,34,0,34,205
06/11/2021,SGF,MO,ACE,CE,Combined TRACON& Tower with Radar,43,32,45,14,134,0,30,19,4,53,43,62,64,18,187,45,0,45,232
06/12/2021,SGF,MO,ACE,CE,Combined TRACON& Tower with Radar,39,37,19,1,96,0,26,28,3,57,39,63,47,4,153,58,0,58,211
06/13/2021,SGF,MO,ACE,CE,Combined TRACON& Tower with Radar,33,35,27,0,95,0,7,35,0,42,33,42,62,0,137,10,0,10,147
06/14/2021,SGF,MO,ACE,CE,Combined TRACON& Tower with Radar,34,41,26,8,109,0,32,23,1,56,34,73,49,9,165,50,6,56,221
06/15/2021,SGF,MO,ACE,CE,Combined TRACON& Tower with Radar,40,40,46,0,126,0,20,23,3,46,40,60,69,3,172,90,0,90,262
06/16/2021,SGF,MO,ACE,CE,Combined TRACON& Tower with Radar,36,44,41,18,139,0,29,31,15,75,36,73,72,33,214,56,34,90,304
06/17/2021,SGF,MO,ACE,CE,Combined TRACON& Tower with Radar,36,34,48,6,124,0,29,27,18,74,36,63,75,24,198,12,0,12,210
06/18/2021,SGF,MO,ACE,CE,Combined TRACON& Tower with Radar,40,28,27,0,95,0,23,28,3,54,40,51,55,3,149,44,0,44,193
06/19/2021,SGF,MO,ACE,CE,Combined TRACON& Tower with Radar,40,29,19,0,88,0,19,27,0,46,40,48,46,0,134,14,0,14,148
06/20/2021,SGF,MO,ACE,CE,Combined TRACON& Tower with Radar,29,26,24,0,79,0,4,17,2,23,29,30,41,2,102,2,0,2,104
06/21/2021,SGF,MO,ACE,CE,Combined TRACON& Tower with Radar,39,29,31,28,127,0,12,12,0,24,39,41,43,28,151,4,0,4,155
06/22/2021,SGF,MO,ACE,CE,Combined TRACON& Tower with Radar,36,37,32,4,109,0,38,43,4,85,36,75,75,8,194,65,0,65,259
06/23/2021,SGF,MO,ACE,CE,Combined TRACON& Tower with Radar,36,42,40,8,126,0,28,36,12,76,36,70,76,20,202,12,0,12,214
06/24/2021,SGF,MO,ACE,CE,Combined TRACON& Tower with Radar,36,34,39,5,114,0,17,12,7,36,36,51,51,12,150,32,0,32,182
06/25/2021,SGF,MO,ACE,CE,Combined TRACON& Tower with Radar,46,32,46,0,124,0,12,18,12,42,46,44,64,12,166,25,6,31,197
06/26/2021,SGF,MO,ACE,CE,Combined TRACON& Tower with Radar,35,24,25,0,84,0,1,1,0,2,35,25,26,0,86,0,0,0,86
06/27/2021,SGF,MO,ACE,CE,Combined TRACON& Tower with Radar,26,29,25,0,80,0,2,5,0,7,26,31,30,0,87,0,0,0,87
06/28/2021,SGF,MO,ACE,CE,Combined TRACON& Tower with Radar,37,36,21,0,94,0,12,14,0,26,37,48,35,0,120,18,0,18,138
06/29/2021,SGF,MO,ACE,CE,Combined TRACON& Tower with Radar,40,52,37,4,133,0,14,8,2,24,40,66,45,6,157,8,8,16,173
06/30/2021,SGF,MO,ACE,CE,Combined TRACON& Tower with Radar,36,49,41,4,130,0,18,7,7,32,36,67,48,11,162,20,0,20,182
07/01/2021,SGF,MO,ACE,CE,Combined TRACON& Tower with Radar,37,38,48,1,124,0,0,3,3,6,37,38,51,4,130,0,0,0,130
07/02/2021,SGF,MO,ACE,CE,Combined TRACON& Tower with Radar,35,46,35,2,118,0,27,20,4,51,35,73,55,6,169,44,0,44,213
07/03/2021,SGF,MO,ACE,CE,Combined TRACON& Tower with Radar,38,26,29,0,93,0,29,27,1,57,38,55,56,1,150,26,0,26,176
07/04/2021,SGF,MO,ACE,CE,Combined TRACON& Tower with Radar,29,21,7,0,57,0,1,18,0,19,29,22,25,0,76,8,0,8,84
07/05/2021,SGF,MO,ACE,CE,Combined TRACON& Tower with Radar,32,40,28,0,100,0,25,19,0,44,32,65,47,0,144,50,0,50,194
07/06/2021,SGF,MO,ACE,CE,Combined TRACON& Tower with Radar,32,42,35,6,115,0,33,25,0,58,32,75,60,6,173,42,0,42,215
07/07/2021,SGF,MO,ACE,CE,Combined TRACON& Tower with Radar,38,56,34,6,134,0,30,21,4,55,38,86,55,10,189,44,0,44,233
07/08/2021,SGF,MO,ACE,CE,Combined TRACON& Tower with Radar,39,43,46,0,128,0,17,18,0,35,39,60,64,0,163,52,0,52,215
07/09/2021,SGF,MO,ACE,CE,Combined TRACON& Tower with Radar,37,41,46,8,132,0,25,27,5,57,37,66,73,13,189,14,0,14,203
07/10/2021,SGF,MO,ACE,CE,Combined TRACON& Tower with Radar,31,29,12,0,72,0,3,6,0,9,31,32,18,0,81,0,0,0,81
07/11/2021,SGF,MO,ACE,CE,Combined TRACON& Tower with Radar,32,27,31,4,94,0,3,1,0,4,32,30,32,4,98,2,0,2,100
07/12/2021,SGF,MO,ACE,CE,Combined TRACON& Tower with Radar,36,57,29,2,124,0,6,11,0,17,36,63,40,2,141,0,0,0,141
07/13/2021,SGF,MO,ACE,CE,Combined TRACON& Tower with Radar,36,34,42,10,122,0,24,49,5,78,36,58,91,15,200,80,0,80,280
07/14/2021,SGF,MO,ACE,CE,Combined TRACON& Tower with Radar,37,37,45,4,123,0,38,26,2,66,37,75,71,6,189,86,0,86,275
07/15/2021,SGF,MO,ACE,CE,Combined TRACON& Tower with Radar,36,52,51,4,143,0,9,13,4,26,36,61,64,8,169,48,0,48,217
07/16/2021,SGF,MO,ACE,CE,Combined TRACON& Tower with Radar,44,36,40,2,122,0,9,0,4,13,44,45,40,6,135,18,0,18,153
07/17/2021,SGF,MO,ACE,CE,Combined TRACON& Tower with Radar,34,30,19,0,83,0,6,16,1,23,34,36,35,1,106,28,0,28,134
07/18/2021,SGF,MO,ACE,CE,Combined TRACON& Tower with Radar,33,31,30,1,95,0,0,11,3,14,33,31,41,4,109,0,0,0,109
07/19/2021,SGF,MO,ACE,CE,Combined TRACON& Tower with Radar,34,45,36,4,119,0,24,16,1,41,34,69,52,5,160,91,0,91,251
07/20/2021,SGF,MO,ACE,CE,Combined TRACON& Tower with Radar,42,43,29,20,134,0,12,22,3,37,42,55,51,23,171,79,0,79,250
07/21/2021,SGF,MO,ACE,CE,Combined TRACON& Tower with Radar,38,34,30,13,115,0,28,28,1,57,38,62,58,14,172,76,2,78,250
07/22/2021,SGF,MO,ACE,CE,Combined TRACON& Tower with Radar,40,44,51,13,148,0,15,29,5,49,40,59,80,18,197,79,2,81,278
07/23/2021,SGF,MO,ACE,CE,Combined TRACON& Tower with Radar,36,37,33,2,108,0,17,23,5,45,36,54,56,7,153,42,32,74,227
07/24/2021,SGF,MO,ACE,CE,Combined TRACON& Tower with Radar,34,31,30,0,95,0,16,24,0,40,34,47,54,0,135,22,0,22,157
07/25/2021,SGF,MO,ACE,CE,Combined TRACON& Tower with Radar,31,35,19,0,85,0,2,13,1,16,31,37,32,1,101,4,0,4,105
07/26/2021,SGF,MO,ACE,CE,Combined TRACON& Tower with Radar,33,42,35,12,122,0,15,19,0,34,33,57,54,12,156,42,0,42,198
07/27/2021,SGF,MO,ACE,CE,Combined TRACON& Tower with Radar,37,36,38,15,126,0,11,42,1,54,37,47,80,16,180,81,12,93,273
07/28/2021,SGF,MO,ACE,CE,Combined TRACON& Tower with Radar,39,58,54,1,152,0,30,33,5,68,39,88,87,6,220,80,0,80,300
07/29/2021,SGF,MO,ACE,CE,Combined TRACON& Tower with Radar,36,38,40,8,122,0,15,26,4,45,36,53,66,12,167,23,15,38,205
07/30/2021,SGF,MO,ACE,CE,Combined TRACON& Tower with Radar,36,40,40,19,135,0,22,26,6,54,36,62,66,25,189,46,0,46,235
07/31/2021,SGF,MO,ACE,CE,Combined TRACON& Tower with Radar,36,34,33,2,105,0,16,27,1,44,36,50,60,3,149,28,0,28,177
08/01/2021,SGF,MO,ACE,CE,Combined TRACON& Tower with Radar,28,30,33,1,92,0,2,16,2,20,28,32,49,3,112,6,0,6,118
08/02/2021,SGF,MO,ACE,CE,Combined TRACON& Tower with Radar,33,44,23,4,104,0,29,17,2,48,33,73,40,6,152,62,0,62,214
08/03/2021,SGF,MO,ACE,CE,Combined TRACON& Tower with Radar,37,49,22,9,117,0,21,25,6,52,37,70,47,15,169,54,12,66,235
08/04/2021,SGF,MO,ACE,CE,Combined TRACON& Tower with Radar,34,43,25,3,105,0,24,14,9,47,34,67,39,12,152,54,0,54,206
08/05/2021,SGF,MO,ACE,CE,Combined TRACON& Tower with Radar,38,45,35,0,118,0,9,19,7,35,38,54,54,7,153,10,0,10,163
08/06/2021,SGF,MO,ACE,CE,Combined TRACON& Tower with Radar,41,45,29,15,130,0,17,25,5,47,41,62,54,20,177,50,0,50,227
08/07/2021,SGF,MO,ACE,CE,Combined TRACON& Tower with Radar,35,34,25,4,98,0,13,32,2,47,35,47,57,6,145,30,0,30,175
08/08/2021,SGF,MO,ACE,CE,Combined TRACON& Tower with Radar,26,36,29,0,91,0,0,12,0,12,26,36,41,0,103,0,0,0,103
08/09/2021,SGF,MO,ACE,CE,Combined TRACON& Tower with Radar,37,26,38,8,109,0,13,11,0,24,37,39,49,8,133,0,0,0,133
08/10/2021,SGF,MO,ACE,CE,Combined TRACON& Tower with Radar,30,37,28,23,118,0,13,11,1,25,30,50,39,24,143,36,0,36,179
08/11/2021,SGF,MO,ACE,CE,Combined TRACON& Tower with Radar,33,33,32,16,114,0,18,9,5,32,33,51,41,21,146,18,2,20,166
08/12/2021,SGF,MO,ACE,CE,Combined TRACON& Tower with Radar,40,33,50,16,139,0,6,23,8,37,40,39,73,24,176,0,4,4,180
08/13/2021,SGF,MO,ACE,CE,Combined TRACON& Tower with Radar,43,37,29,0,109,0,7,17,1,25,43,44,46,1,134,32,0,32,166
08/14/2021,SGF,MO,ACE,CE,Combined TRACON& Tower with Radar,32,36,36,16,120,0,9,21,9,39,32,45,57,25,159,22,8,30,189
08/15/2021,SGF,MO,ACE,CE,Combined TRACON& Tower with Radar,32,30,31,10,103,0,5,19,2,26,32,35,50,12,129,0,0,0,129
08/16/2021,SGF,MO,ACE,CE,Combined TRACON& Tower with Radar,36,48,34,23,141,1,12,19,4,36,37,60,53,27,177,23,0,23,200
08/17/2021,SGF,MO,ACE,CE,Combined TRACON& Tower with Radar,25,35,27,19,106,0,12,7,10,29,25,47,34,29,135,20,2,22,157
08/18/2021,SGF,MO,ACE,CE,Combined TRACON& Tower with Radar,31,36,56,24,147,0,12,13,10,35,31,48,69,34,182,38,2,40,222
08/19/2021,SGF,MO,ACE,CE,Combined TRACON& Tower with Radar,34,48,38,22,142,0,19,19,5,43,34,67,57,27,185,46,6,52,237
08/20/2021,SGF,MO,ACE,CE,Combined TRACON& Tower with Radar,39,39,24,4,106,0,10,9,3,22,39,49,33,7,128,8,12,20,148
08/21/2021,SGF,MO,ACE,CE,Combined TRACON& Tower with Radar,27,34,23,0,84,0,10,13,2,25,27,44,36,2,109,32,0,32,141
08/22/2021,SGF,MO,ACE,CE,Combined TRACON& Tower with Radar,29,30,36,0,95,0,9,23,1,33,29,39,59,1,128,28,0,28,156
08/23/2021,SGF,MO,ACE,CE,Combined TRACON& Tower with Radar,31,43,29,6,109,0,22,17,0,39,31,65,46,6,148,13,0,13,161
08/24/2021,SGF,MO,ACE,CE,Combined TRACON& Tower with Radar,25,37,42,2,106,0,17,22,15,54,25,54,64,17,160,28,0,28,188
08/25/2021,SGF,MO,ACE,CE,Combined TRACON& Tower with Radar,28,31,42,10,111,0,44,21,18,83,28,75,63,28,194,58,0,58,252
08/26/2021,SGF,MO,ACE,CE,Combined TRACON& Tower with Radar,35,43,36,6,120,0,24,26,8,58,35,67,62,14,178,28,0,28,206
08/27/2021,SGF,MO,ACE,CE,Combined TRACON& Tower with Radar,37,43,30,8,118,0,42,30,4,76,37,85,60,12,194,118,0,118,312
08/28/2021,SGF,MO,ACE,CE,Combined TRACON& Tower with Radar,27,33,25,2,87,0,28,26,10,64,27,61,51,12,151,12,2,14,165
08/29/2021,SGF,MO,ACE,CE,Combined TRACON& Tower with Radar,30,31,22,0,83,0,5,13,0,18,30,36,35,0,101,4,0,4,105
08/30/2021,SGF,MO,ACE,CE,Combined TRACON& Tower with Radar,27,36,20,6,89,0,22,15,0,37,27,58,35,6,126,42,14,56,182
08/31/2021,SGF,MO,ACE,CE,Combined TRACON& Tower with Radar,27,34,46,23,130,0,22,28,7,57,27,56,74,30,187,12,0,12,199
09/01/2021,SGF,MO,ACE,CE,Combined TRACON& Tower with Radar,33,40,41,26,140,0,25,14,11,50,33,65,55,37,190,42,0,42,232
09/02/2021,SGF,MO,ACE,CE,Combined TRACON& Tower with Radar,35,40,37,0,112,0,37,32,0,69,35,77,69,0,181,54,0,54,235
09/03/2021,SGF,MO,ACE,CE,Combined TRACON& Tower with Radar,39,39,37,0,115,0,38,30,0,68,39,77,67,0,183,28,0,28,211
09/04/2021,SGF,MO,ACE,CE,Combined TRACON& Tower with Radar,26,31,22,0,79,0,0,10,0,10,26,31,32,0,89,22,0,22,111
09/05/2021,SGF,MO,ACE,CE,Combined TRACON& Tower with Radar,20,29,17,0,66,0,1,31,0,32,20,30,48,0,98,24,0,24,122
09/06/2021,SGF,MO,ACE,CE,Combined TRACON& Tower with Radar,30,26,29,0,85,0,3,49,0,52,30,29,78,0,137,24,0,24,161
09/07/2021,SGF,MO,ACE,CE,Combined TRACON& Tower with Radar,22,38,30,14,104,0,33,27,6,66,22,71,57,20,170,38,0,38,208
09/08/2021,SGF,MO,ACE,CE,Combined TRACON& Tower with Radar,28,42,36,26,132,0,17,14,9,40,28,59,50,35,172,38,10,48,220
09/09/2021,SGF,MO,ACE,CE,Combined TRACON& Tower with Radar,35,44,47,13,139,0,31,30,9,70,35,75,77,22,209,44,14,58,267
09/10/2021,SGF,MO,ACE,CE,Combined TRACON& Tower with Radar,34,38,35,12,119,0,42,21,0,63,34,80,56,12,182,58,2,60,242
09/11/2021,SGF,MO,ACE,CE,Combined TRACON& Tower with Radar,25,35,25,0,85,0,25,31,0,56,25,60,56,0,141,36,0,36,177
09/12/2021,SGF,MO,ACE,CE,Combined TRACON& Tower with Radar,31,23,28,6,88,0,1,27,2,30,31,24,55,8,118,52,0,52,170
09/13/2021,SGF,MO,ACE,CE,Combined TRACON& Tower with Radar,29,37,21,12,99,0,30,24,1,55,29,67,45,13,154,16,12,28,182
09/14/2021,SGF,MO,ACE,CE,Combined TRACON& Tower with Radar,26,32,35,2,95,0,33,24,8,65,26,65,59,10,160,22,0,22,182
09/15/2021,SGF,MO,ACE,CE,Combined TRACON& Tower with Radar,28,46,35,2,111,0,36,24,9,69,28,82,59,11,180,18,0,18,198
09/16/2021,SGF,MO,ACE,CE,Combined TRACON& Tower with Radar,36,51,30,4,121,0,34,24,4,62,36,85,54,8,183,64,0,64,247
09/17/2021,SGF,MO,ACE,CE,Combined TRACON& Tower with Radar,39,40,25,0,104,0,39,21,12,72,39,79,46,12,176,60,0,60,236
09/18/2021,SGF,MO,ACE,CE,Combined TRACON& Tower with Radar,25,37,32,8,102,0,18,31,6,55,25,55,63,14,157,34,0,34,191
09/19/2021,SGF,MO,ACE,CE,Combined TRACON& Tower with Radar,30,33,32,0,95,0,0,15,0,15,30,33,47,0,110,42,0,42,152
09/20/2021,SGF,MO,ACE,CE,Combined TRACON& Tower with Radar,25,42,23,10,100,0,28,18,0,46,25,70,41,10,146,28,0,28,174
09/21/2021,SGF,MO,ACE,CE,Combined TRACON& Tower with Radar,27,39,41,26,133,0,11,13,5,29,27,50,54,31,162,10,0,10,172
09/22/2021,SGF,MO,ACE,CE,Combined TRACON& Tower with Radar,26,50,35,2,113,0,16,30,15,61,26,66,65,17,174,34,0,34,208
09/23/2021,SGF,MO,ACE,CE,Combined TRACON& Tower with Radar,36,52,41,1,130,0,33,27,11,71,36,85,68,12,201,30,0,30,231
09/24/2021,SGF,MO,ACE,CE,Combined TRACON& Tower with Radar,39,42,36,3,120,0,33,32,4,69,39,75,68,7,189,10,0,10,199
09/25/2021,SGF,MO,ACE,CE,Combined TRACON& Tower with Radar,25,39,35,0,99,0,16,33,2,51,25,55,68,2,150,14,4,18,168
09/26/2021,SGF,MO,ACE,CE,Combined TRACON& Tower with Radar,34,28,29,0,91,0,5,8,4,17,34,33,37,4,108,18,0,18,126
09/27/2021,SGF,MO,ACE,CE,Combined TRACON& Tower with Radar,30,35,38,17,120,0,11,20,1,32,30,46,58,18,152,18,18,36,188
09/28/2021,SGF,MO,ACE,CE,Combined TRACON& Tower with Radar,23,47,45,5,120,0,24,21,3,48,23,71,66,8,168,8,0,8,176
09/29/2021,SGF,MO,ACE,CE,Combined TRACON& Tower with Radar,26,37,56,11,130,0,12,10,7,29,26,49,66,18,159,60,10,70,229
09/30/2021,SGF,MO,ACE,CE,Combined TRACON& Tower with Radar,37,59,28,1,125,0,2,7,5,14,37,61,35,6,139,6,8,14,153
10/01/2021,SGF,MO,ACE,CE,Combined TRACON& Tower with Radar,36,31,26,1,94,0,0,3,1,4,36,31,29,2,98,0,0,0,98
10/02/2021,SGF,MO,ACE,CE,Combined TRACON& Tower with Radar,27,31,12,8,78,0,0,4,0,4,27,31,16,8,82,10,0,10,92
10/03/2021,SGF,MO,ACE,CE,Combined TRACON& Tower with Radar,31,32,33,4,100,0,0,16,2,18,31,32,49,6,118,2,0,2,120
10/04/2021,SGF,MO,ACE,CE,Combined TRACON& Tower with Radar,27,38,23,9,97,0,22,25,5,52,27,60,48,14,149,42,0,42,191
10/05/2021,SGF,MO,ACE,CE,Combined TRACON& Tower with Radar,24,55,32,7,118,0,27,26,5,58,24,82,58,12,176,66,0,66,242
10/06/2021,SGF,MO,ACE,CE,Combined TRACON& Tower with Radar,29,35,32,0,96,0,0,1,0,1,29,35,33,0,97,0,0,0,97
10/07/2021,SGF,MO,ACE,CE,Combined TRACON& Tower with Radar,38,29,42,4,113,0,12,12,8,32,38,41,54,12,145,10,18,28,173
10/08/2021,SGF,MO,ACE,CE,Combined TRACON& Tower with Radar,35,36,18,4,93,0,25,15,6,46,35,61,33,10,139,26,4,30,169
10/09/2021,SGF,MO,ACE,CE,Combined TRACON& Tower with Radar,26,28,26,0,80,0,8,17,0,25,26,36,43,0,105,28,0,28,133
10/10/2021,SGF,MO,ACE,CE,Combined TRACON& Tower with Radar,25,29,25,0,79,0,3,28,0,31,25,32,53,0,110,8,0,8,118
10/11/2021,SGF,MO,ACE,CE,Combined TRACON& Tower with Radar,31,22,18,0,71,0,4,2,0,6,31,26,20,0,77,0,0,0,77
10/12/2021,SGF,MO,ACE,CE,Combined TRACON& Tower with Radar,28,43,26,2,99,0,31,13,11,55,28,74,39,13,154,55,0,55,209
10/13/2021,SGF,MO,ACE,CE,Combined TRACON& Tower with Radar,26,31,36,0,93,0,1,2,2,5,26,32,38,2,98,0,14,14,112
10/14/2021,SGF,MO,ACE,CE,Combined TRACON& Tower with Radar,36,37,41,0,114,0,0,1,1,2,36,37,42,1,116,0,0,0,116
10/15/2021,SGF,MO,ACE,CE,Combined TRACON& Tower with Radar,43,28,33,1,105,0,2,3,0,5,43,30,36,1,110,2,0,2,112
10/16/2021,SGF,MO,ACE,CE,Combined TRACON& Tower with Radar,25,25,29,1,80,0,11,48,2,61,25,36,77,3,141,78,0,78,219
10/17/2021,SGF,MO,ACE,CE,Combined TRACON& Tower with Radar,32,33,29,0,94,0,11,29,4,44,32,44,58,4,138,20,0,20,158
10/18/2021,SGF,MO,ACE,CE,Combined TRACON& Tower with Radar,30,43,39,2,114,0,37,29,2,68,30,80,68,4,182,102,0,102,284
10/19/2021,SGF,MO,ACE,CE,Combined TRACON& Tower with Radar,28,40,46,1,115,0,22,23,9,54,28,62,69,10,169,40,0,40,209
10/20/2021,SGF,MO,ACE,CE,Combined TRACON& Tower with Radar,28,46,36,14,124,0,11,9,8,28,28,57,45,22,152,34,0,34,186
10/21/2021,SGF,MO,ACE,CE,Combined TRACON& Tower with Radar,37,29,46,8,120,0,33,28,9,70,37,62,74,17,190,67,0,67,257
10/22/2021,SGF,MO,ACE,CE,Combined TRACON& Tower with Radar,38,39,42,16,135,0,32,35,4,71,38,71,77,20,206,68,20,88,294
10/23/2021,SGF,MO,ACE,CE,Combined TRACON& Tower with Radar,27,33,22,0,82,0,4,0,0,4,27,37,22,0,86,0,0,0,86
10/24/2021,SGF,MO,ACE,CE,Combined TRACON& Tower with Radar,31,26,29,0,86,0,2,2,0,4,31,28,31,0,90,6,0,6,96
10/25/2021,SGF,MO,ACE,CE,Combined TRACON& Tower with Radar,32,43,63,0,138,0,15,8,2,25,32,58,71,2,163,16,0,16,179
10/26/2021,SGF,MO,ACE,CE,Combined TRACON& Tower with Radar,25,33,51,8,117,0,3,6,6,15,25,36,57,14,132,16,0,16,148
10/27/2021,SGF,MO,ACE,CE,Combined TRACON& Tower with Radar,30,32,42,3,107,0,0,3,6,9,30,32,45,9,116,0,0,0,116
10/28/2021,SGF,MO,ACE,CE,Combined TRACON& Tower with Radar,30,27,34,0,91,0,0,0,0,0,30,27,34,0,91,0,0,0,91
10/29/2021,SGF,MO,ACE,CE,Combined TRACON& Tower with Radar,41,27,35,12,115,0,0,0,0,0,41,27,35,12,115,2,0,2,117
10/30/2021,SGF,MO,ACE,CE,Combined TRACON& Tower with Radar,27,43,33,0,103,0,8,21,0,29,27,51,54,0,132,50,0,50,182
10/31/2021,SGF,MO,ACE,CE,Combined TRACON& Tower with Radar,23,38,19,0,80,0,5,14,0,19,23,43,33,0,99,26,0,26,125
11/01/2021,SGF,MO,ACE,CE,Combined TRACON& Tower with Radar,28,48,34,4,114,0,19,8,2,29,28,67,42,6,143,90,0,90,233
11/02/2021,SGF,MO,ACE,CE,Combined TRACON& Tower with Radar,28,37,42,0,107,0,3,7,10,20,28,40,49,10,127,18,0,18,145
11/03/2021,SGF,MO,ACE,CE,Combined TRACON& Tower with Radar,26,44,46,17,133,0,39,15,13,67,26,83,61,30,200,64,0,64,264
11/04/2021,SGF,MO,ACE,CE,Combined TRACON& Tower with Radar,34,35,40,0,109,0,19,18,10,47,34,54,58,10,156,60,0,60,216
11/05/2021,SGF,MO,ACE,CE,Combined TRACON& Tower with Radar,35,36,32,0,103,0,15,26,6,47,35,51,58,6,150,22,0,22,172
11/06/2021,SGF,MO,ACE,CE,Combined TRACON& Tower with Radar,27,30,22,0,79,0,16,21,12,49,27,46,43,12,128,4,0,4,132
11/07/2021,SGF,MO,ACE,CE,Combined TRACON& Tower with Radar,28,27,37,3,95,0,0,27,8,35,28,27,64,11,130,0,0,0,130
11/08/2021,SGF,MO,ACE,CE,Combined TRACON& Tower with Radar,30,33,37,4,104,0,15,18,1,34,30,48,55,5,138,22,0,22,160
11/09/2021,SGF,MO,ACE,CE,Combined TRACON& Tower with Radar,26,48,48,3,125,0,19,31,7,57,26,67,79,10,182,10,0,10,192
11/10/2021,SGF,MO,ACE,CE,Combined TRACON& Tower with Radar,24,30,37,1,92,0,10,9,1,20,24,40,46,2,112,6,0,6,118
11/11/2021,SGF,MO,ACE,CE,Combined TRACON& Tower with Radar,34,37,36,0,107,0,12,15,0,27,34,49,51,0,134,29,0,29,163
11/12/2021,SGF,MO,ACE,CE,Combined TRACON& Tower with Radar,35,32,27,0,94,0,3,10,2,15,35,35,37,2,109,10,0,10,119
11/13/2021,SGF,MO,ACE,CE,Combined TRACON& Tower with Radar,29,34,30,0,93,0,13,65,1,79,29,47,95,1,172,44,0,44,216
11/14/2021,SGF,MO,ACE,CE,Combined TRACON& Tower with Radar,26,36,33,0,95,0,4,14,0,18,26,40,47,0,113,2,0,2,115
11/15/2021,SGF,MO,ACE,CE,Combined TRACON& Tower with Radar,30,42,32,0,104,0,10,18,2,30,30,52,50,2,134,24,0,24,158
11/16/2021,SGF,MO,ACE,CE,Combined TRACON& Tower with Radar,26,38,28,0,92,0,22,17,10,49,26,60,45,10,141,24,0,24,165
11/17/2021,SGF,MO,ACE,CE,Combined TRACON& Tower with Radar,26,36,32,5,99,0,8,5,7,20,26,44,37,12,119,10,0,10,129
11/18/2021,SGF,MO,ACE,CE,Combined TRACON& Tower with Radar,32,37,47,1,117,0,30,22,9,61,32,67,69,10,178,56,0,56,234
11/19/2021,SGF,MO,ACE,CE,Combined TRACON& Tower with Radar,41,55,45,8,149,0,12,17,4,33,41,67,62,12,182,22,14,36,218
11/20/2021,SGF,MO,ACE,CE,Combined TRACON& Tower with Radar,28,28,39,0,95,0,4,51,0,55,28,32,90,0,150,12,0,12,162
11/21/2021,SGF,MO,ACE,CE,Combined TRACON& Tower with Radar,27,32,43,0,102,0,7,25,0,32,27,39,68,0,134,0,0,0,134
11/22/2021,SGF,MO,ACE,CE,Combined TRACON& Tower with Radar,32,36,36,2,106,0,27,28,3,58,32,63,64,5,164,46,6,52,216
11/23/2021,SGF,MO,ACE,CE,Combined TRACON& Tower with Radar,30,36,45,1,112,0,21,31,8,60,30,57,76,9,172,36,0,36,208
11/24/2021,SGF,MO,ACE,CE,Combined TRACON& Tower with Radar,33,26,25,2,86,0,1,5,15,21,33,27,30,17,107,0,0,0,107
11/25/2021,SGF,MO,ACE,CE,Combined TRACON& Tower with Radar,14,21,9,0,44,0,0,11,1,12,14,21,20,1,56,0,0,0,56
11/26/2021,SGF,MO,ACE,CE,Combined TRACON& Tower with Radar,22,26,25,0,73,0,7,17,0,24,22,33,42,0,97,0,0,0,97
11/27/2021,SGF,MO,ACE,CE,Combined TRACON& Tower with Radar,33,38,27,0,98,0,11,28,0,39,33,49,55,0,137,30,0,30,167
11/28/2021,SGF,MO,ACE,CE,Combined TRACON& Tower with Radar,32,31,45,0,108,0,4,23,0,27,32,35,68,0,135,0,0,0,135
11/29/2021,SGF,MO,ACE,CE,Combined TRACON& Tower with Radar,33,28,24,2,87,0,19,20,3,42,33,47,44,5,129,20,0,20,149
11/30/2021,SGF,MO,ACE,CE,Combined TRACON& Tower with Radar,27,49,51,15,142,0,16,19,5,40,27,65,70,20,182,36,14,50,232
12/01/2021,SGF,MO,ACE,CE,Combined TRACON& Tower with Radar,26,36,35,12,109,0,18,24,12,54,26,54,59,24,163,18,4,22,185
12/02/2021,SGF,MO,ACE,CE,Combined TRACON& Tower with Radar,32,36,50,2,120,0,20,28,6,54,32,56,78,8,174,42,0,42,216
12/03/2021,SGF,MO,ACE,CE,Combined TRACON& Tower with Radar,37,35,36,13,121,0,16,40,5,61,37,51,76,18,182,20,16,36,218
12/04/2021,SGF,MO,ACE,CE,Combined TRACON& Tower with Radar,25,26,29,0,80,0,9,17,2,28,25,35,46,2,108,28,0,28,136
12/05/2021,SGF,MO,ACE,CE,Combined TRACON& Tower with Radar,32,21,31,0,84,0,0,8,0,8,32,21,39,0,92,2,0,2,94
12/06/2021,SGF,MO,ACE,CE,Combined TRACON& Tower with Radar,32,36,24,3,95,0,23,15,1,39,32,59,39,4,134,24,0,24,158
12/07/2021,SGF,MO,ACE,CE,Combined TRACON& Tower with Radar,26,32,30,2,90,0,25,23,8,56,26,57,53,10,146,14,0,14,160
12/08/2021,SGF,MO,ACE,CE,Combined TRACON& Tower with Radar,26,35,37,6,104,0,16,31,11,58,26,51,68,17,162,12,0,12,174
12/09/2021,SGF,MO,ACE,CE,Combined TRACON& Tower with Radar,32,25,38,0,95,0,0,26,6,32,32,25,64,6,127,10,0,10,137
12/10/2021,SGF,MO,ACE,CE,Combined TRACON& Tower with Radar,34,24,35,1,94,0,2,5,3,10,34,26,40,4,104,8,0,8,112
12/11/2021,SGF,MO,ACE,CE,Combined TRACON& Tower with Radar,25,24,20,0,69,0,8,16,0,24,25,32,36,0,93,6,0,6,99
12/12/2021,SGF,MO,ACE,CE,Combined TRACON& Tower with Radar,26,29,31,0,86,0,4,33,0,37,26,33,64,0,123,16,0,16,139
12/13/2021,SGF,MO,ACE,CE,Combined TRACON& Tower with Radar,34,24,28,0,86,0,18,20,3,41,34,42,48,3,127,15,0,15,142
12/14/2021,SGF,MO,ACE,CE,Combined TRACON& Tower with Radar,27,38,42,0,107,0,2,5,12,19,27,40,47,12,126,0,0,0,126
12/15/2021,SGF,MO,ACE,CE,Combined TRACON& Tower with Radar,29,31,28,2,90,0,0,2,4,6,29,31,30,6,96,0,0,0,96
12/16/2021,SGF,MO,ACE,CE,Combined TRACON& Tower with Radar,30,49,38,1,118,0,6,20,3,29,30,55,58,4,147,18,0,18,165
12/17/2021,SGF,MO,ACE,CE,Combined TRACON& Tower with Radar,33,32,30,0,95,0,1,0,2,3,33,33,30,2,98,0,0,0,98
12/18/2021,SGF,MO,ACE,CE,Combined TRACON& Tower with Radar,21,25,31,0,77,0,5,12,0,17,21,30,43,0,94,5,0,5,99
12/19/2021,SGF,MO,ACE,CE,Combined TRACON& Tower with Radar,23,27,19,0,69,0,0,20,0,20,23,27,39,0,89,6,0,6,95
12/20/2021,SGF,MO,ACE,CE,Combined TRACON& Tower with Radar,30,44,34,21,129,0,23,27,2,52,30,67,61,23,181,28,14,42,223
12/21/2021,SGF,MO,ACE,CE,Combined TRACON& Tower with Radar,28,37,32,10,107,0,5,25,9,39,28,42,57,19,146,12,35,47,193
12/22/2021,SGF,MO,ACE,CE,Combined TRACON& Tower with Radar,28,29,40,18,115,0,14,30,10,54,28,43,70,28,169,24,4,28,197
12/23/2021,SGF,MO,ACE,CE,Combined TRACON& Tower with Radar,30,26,32,0,88,0,0,12,4,16,30,26,44,4,104,0,0,0,104
12/24/2021,SGF,MO,ACE,CE,Combined TRACON& Tower with Radar,30,23,11,0,64,0,0,9,0,9,30,23,20,0,73,0,0,0,73
12/25/2021,SGF,MO,ACE,CE,Combined TRACON& Tower with Radar,15,21,11,0,47,0,0,11,0,11,15,21,22,0,58,0,0,0,58
12/26/2021,SGF,MO,ACE,CE,Combined TRACON& Tower with Radar,22,23,38,0,83,0,1,7,0,8,22,24,45,0,91,0,0,0,91
12/27/2021,SGF,MO,ACE,CE,Combined TRACON& Tower with Radar,31,27,31,2,91,0,10,22,0,32,31,37,53,2,123,4,0,4,127
12/28/2021,SGF,MO,ACE,CE,Combined TRACON& Tower with Radar,30,28,26,21,105,0,5,8,1,14,30,33,34,22,119,31,20,51,170
12/29/2021,SGF,MO,ACE,CE,Combined TRACON& Tower with Radar,29,30,29,9,97,0,3,8,0,11,29,33,37,9,108,0,0,0,108
12/30/2021,SGF,MO,ACE,CE,Combined TRACON& Tower with Radar,27,39,46,0,112,0,9,21,0,30,27,48,67,0,142,0,0,0,142
12/31/2021,SGF,MO,ACE,CE,Combined TRACON& Tower with Radar,25,25,22,0,72,0,6,18,0,24,25,31,40,0,96,36,0,36,132
01/01/2022,SGF,MO,ACE,CE,Combined TRACON& Tower with Radar,16,22,9,0,47,0,0,0,0,0,16,22,9,0,47,0,0,0,47
01/02/2022,SGF,MO,ACE,CE,Combined TRACON& Tower with Radar,21,29,35,0,85,0,1,2,0,3,21,30,37,0,88,0,0,0,88
01/03/2022,SGF,MO,ACE,CE,Combined TRACON& Tower with Radar,29,30,32,2,93,0,22,15,0,37,29,52,47,2,130,30,0,30,160
01/04/2022,SGF,MO,ACE,CE,Combined TRACON& Tower with Radar,25,27,34,0,86,0,2,7,5,14,25,29,41,5,100,0,0,0,100
01/05/2022,SGF,MO,ACE,CE,Combined TRACON& Tower with Radar,26,28,29,24,107,0,17,27,9,53,26,45,56,33,160,32,8,40,200
01/06/2022,SGF,MO,ACE,CE,Combined TRACON& Tower with Radar,30,31,19,0,80,0,1,0,0,1,30,32,19,0,81,0,0,0,81
01/07/2022,SGF,MO,ACE,CE,Combined TRACON& Tower with Radar,35,34,15,8,92,0,18,8,4,30,35,52,23,12,122,14,18,32,154
01/08/2022,SGF,MO,ACE,CE,Combined TRACON& Tower with Radar,22,27,12,0,61,0,0,2,0,2,22,27,14,0,63,0,0,0,63
01/09/2022,SGF,MO,ACE,CE,Combined TRACON& Tower with Radar,27,33,21,2,83,0,8,14,3,25,27,41,35,5,108,8,0,8,116
01/10/2022,SGF,MO,ACE,CE,Combined TRACON& Tower with Radar,32,32,22,15,101,0,11,20,1,32,32,43,42,16,133,4,0,4,137
01/11/2022,SGF,MO,ACE,CE,Combined TRACON& Tower with Radar,24,39,40,8,111,0,8,17,9,34,24,47,57,17,145,12,0,12,157
01/12/2022,SGF,MO,ACE,CE,Combined TRACON& Tower with Radar,28,30,32,16,106,0,13,14,8,35,28,43,46,24,141,36,0,36,177
01/13/2022,SGF,MO,ACE,CE,Combined TRACON& Tower with Radar,30,36,55,1,122,0,10,27,12,49,30,46,82,13,171,64,22,86,257
01/14/2022,SGF,MO,ACE,CE,Combined TRACON& Tower with Radar,36,30,31,0,97,0,12,7,0,19,36,42,38,0,116,18,0,18,134
01/15/2022,SGF,MO,ACE,CE,Combined TRACON& Tower with Radar,25,23,4,0,52,0,0,0,0,0,25,23,4,0,52,0,0,0,52
01/16/2022,SGF,MO,ACE,CE,Combined TRACON& Tower with Radar,20,27,10,0,57,0,0,0,0,0,20,27,10,0,57,0,0,0,57
01/17/2022,SGF,MO,ACE,CE,Combined TRACON& Tower with Radar,26,29,17,1,73,0,17,23,0,40,26,46,40,1,113,25,0,25,138
01/18/2022,SGF,MO,ACE,CE,Combined TRACON& Tower with Radar,23,37,27,24,111,0,14,22,6,42,23,51,49,30,153,24,14,38,191
01/19/2022,SGF,MO,ACE,CE,Combined TRACON& Tower with Radar,27,30,27,3,87,0,1,4,7,12,27,31,31,10,99,0,0,0,99
01/20/2022,SGF,MO,ACE,CE,Combined TRACON& Tower with Radar,32,35,31,9,107,0,13,13,4,30,32,48,44,13,137,14,4,18,155
01/21/2022,SGF,MO,ACE,CE,Combined TRACON& Tower with Radar,33,40,23,24,120,0,20,12,11,43,33,60,35,35,163,54,32,86,249
01/22/2022,SGF,MO,ACE,CE,Combined TRACON& Tower with Radar,23,30,16,1,70,0,22,24,5,51,23,52,40,6,121,42,4,46,167
01/23/2022,SGF,MO,ACE,CE,Combined TRACON& Tower with Radar,28,26,24,0,78,0,7,18,0,25,28,33,42,0,103,0,0,0,103
01/24/2022,SGF,MO,ACE,CE,Combined TRACON& Tower with Radar,30,35,28,4,97,0,27,16,0,43,30,62,44,4,140,0,0,0,140
01/25/2022,SGF,MO,ACE,CE,Combined TRACON& Tower with Radar,24,34,24,4,86,0,25,14,0,39,24,59,38,4,125,36,8,44,169
01/26/2022,SGF,MO,ACE,CE,Combined TRACON& Tower with Radar,28,37,31,16,112,0,35,28,9,72,28,72,59,25,184,62,12,74,258
01/27/2022,SGF,MO,ACE,CE,Combined TRACON& Tower with Radar,34,30,22,4,90,0,20,6,13,39,34,50,28,17,129,44,20,64,193
01/28/2022,SGF,MO,ACE,CE,Combined TRACON& Tower with Radar,35,31,26,8,100,0,28,19,0,47,35,59,45,8,147,60,8,68,215
01/29/2022,SGF,MO,ACE,CE,Combined TRACON& Tower with Radar,23,30,22,0,75,0,24,19,0,43,23,54,41,0,118,28,0,28,146
01/30/2022,SGF,MO,ACE,CE,Combined TRACON& Tower with Radar,26,27,23,0,76,0,8,23,0,31,26,35,46,0,107,26,0,26,133
01/31/2022,SGF,MO,ACE,CE,Combined TRACON& Tower with Radar,32,38,29,1,100,0,20,30,5,55,32,58,59,6,155,64,0,64,219
02/01/2022,SGF,MO,ACE,CE,Combined TRACON& Tower with Radar,23,31,16,1,71,0,9,2,5,16,23,40,18,6,87,0,0,0,87
02/02/2022,SGF,MO,ACE,CE,Combined TRACON& Tower with Radar,18,7,2,0,27,0,0,0,0,0,18,7,2,0,27,0,0,0,27
02/03/2022,SGF,MO,ACE,CE,Combined TRACON& Tower with Radar,13,6,12,0,31,0,0,0,0,0,13,6,12,0,31,0,0,0,31
02/04/2022,SGF,MO,ACE,CE,Combined TRACON& Tower with Radar,27,31,25,0,83,0,4,4,0,8,27,35,29,0,91,0,0,0,91
02/05/2022,SGF,MO,ACE,CE,Combined TRACON& Tower with Radar,23,31,26,0,80,0,19,15,0,34,23,50,41,0,114,28,0,28,142
02/06/2022,SGF,MO,ACE,CE,Combined TRACON& Tower with Radar,26,31,28,0,85,0,9,20,0,29,26,40,48,0,114,0,0,0,114
02/07/2022,SGF,MO,ACE,CE,Combined TRACON& Tower with Radar,28,39,27,0,94,0,28,12,5,45,28,67,39,5,139,52,0,52,191
02/08/2022,SGF,MO,ACE,CE,Combined TRACON& Tower with Radar,28,34,36,18,116,0,27,20,1,48,28,61,56,19,164,24,0,24,188
02/09/2022,SGF,MO,ACE,CE,Combined TRACON& Tower with Radar,30,34,56,7,127,0,28,25,14,67,30,62,81,21,194,22,0,22,216
02/10/2022,SGF,MO,ACE,CE,Combined TRACON& Tower with Radar,32,40,42,1,115,0,32,25,7,64,32,72,67,8,179,60,0,60,239
02/11/2022,SGF,MO,ACE,CE,Combined TRACON& Tower with Radar,37,33,29,14,113,0,10,17,15,42,37,43,46,29,155,16,0,16,171
02/12/2022,SGF,MO,ACE,CE,Combined TRACON& Tower with Radar,26,28,25,0,79,0,17,27,0,44,26,45,52,0,123,0,0,0,123
02/13/2022,SGF,MO,ACE,CE,Combined TRACON& Tower with Radar,28,21,19,0,68,0,2,17,0,19,28,23,36,0,87,0,0,0,87
02/14/2022,SGF,MO,ACE,CE,Combined TRACON& Tower with Radar,32,44,32,0,108,0,18,24,1,43,32,62,56,1,151,66,0,66,217
02/15/2022,SGF,MO,ACE,CE,Combined TRACON& Tower with Radar,30,22,32,6,90,0,4,7,5,16,30,26,39,11,106,6,8,14,120
02/16/2022,SGF,MO,ACE,CE,Combined TRACON& Tower with Radar,36,19,33,3,91,0,1,3,6,10,36,20,36,9,101,0,0,0,101
02/17/2022,SGF,MO,ACE,CE,Combined TRACON& Tower with Radar,33,23,17,0,73,0,1,0,0,1,33,24,17,0,74,0,0,0,74
02/18/2022,SGF,MO,ACE,CE,Combined TRACON& Tower with Radar,40,40,42,4,126,0,19,20,4,43,40,59,62,8,169,28,0,28,197
02/19/2022,SGF,MO,ACE,CE,Combined TRACON& Tower with Radar,28,32,23,0,83,0,25,31,0,56,28,57,54,0,139,22,0,22,161
02/20/2022,SGF,MO,ACE,CE,Combined TRACON& Tower with Radar,26,26,25,0,77,0,2,8,4,14,26,28,33,4,91,0,0,0,91
02/21/2022,SGF,MO,ACE,CE,Combined TRACON& Tower with Radar,35,32,22,0,89,0,4,12,0,16,35,36,34,0,105,12,0,12,117
02/22/2022,SGF,MO,ACE,CE,Combined TRACON& Tower with Radar,32,27,39,2,100,0,0,3,0,3,32,27,42,2,103,0,0,0,103
02/23/2022,SGF,MO,ACE,CE,Combined TRACON& Tower with Radar,22,18,14,0,54,0,0,0,0,0,22,18,14,0,54,0,0,0,54
02/24/2022,SGF,MO,ACE,CE,Combined TRACON& Tower with Radar,25,15,10,0,50,0,0,0,0,0,25,15,10,0,50,0,0,0,50
02/25/2022,SGF,MO,ACE,CE,Combined TRACON& Tower with Radar,40,40,35,0,115,0,11,16,6,33,40,51,51,6,148,4,0,4,152
02/26/2022,SGF,MO,ACE,CE,Combined TRACON& Tower with Radar,29,38,12,0,79,0,22,18,1,41,29,60,30,1,120,0,0,0,120
02/27/2022,SGF,MO,ACE,CE,Combined TRACON& Tower with Radar,28,34,26,2,90,0,14,20,4,38,28,48,46,6,128,0,0,0,128
02/28/2022,SGF,MO,ACE,CE,Combined TRACON& Tower with Radar,33,35,21,12,101,0,29,25,3,57,33,64,46,15,158,56,0,56,214
03/01/2022,SGF,MO,ACE,CE,Combined TRACON& Tower with Radar,33,31,41,8,113,0,17,45,6,68,33,48,86,14,181,62,0,62,243
03/02/2022,SGF,MO,ACE,CE,Combined TRACON& Tower with Radar,35,38,27,2,102,0,14,34,8,56,35,52,61,10,158,6,0,6,164
03/03/2022,SGF,MO,ACE,CE,Combined TRACON& Tower with Radar,33,33,45,13,124,0,19,37,16,72,33,52,82,29,196,54,0,54,250
03/04/2022,SGF,MO,ACE,CE,Combined TRACON& Tower with Radar,33,41,24,0,98,0,10,28,4,42,33,51,52,4,140,48,2,50,190
03/05/2022,SGF,MO,ACE,CE,Combined TRACON& Tower with Radar,32,37,13,0,82,0,0,6,0,6,32,37,19,0,88,0,0,0,88
03/06/2022,SGF,MO,ACE,CE,Combined TRACON& Tower with Radar,24,31,31,0,86,0,1,0,0,1,24,32,31,0,87,30,0,30,117
03/07/2022,SGF,MO,ACE,CE,Combined TRACON& Tower with Radar,28,30,21,2,81,0,1,0,0,1,28,31,21,2,82,0,0,0,82
03/08/2022,SGF,MO,ACE,CE,Combined TRACON& Tower with Radar,22,33,32,12,99,0,11,13,4,28,22,44,45,16,127,24,10,34,161
03/09/2022,SGF,MO,ACE,CE,Combined TRACON& Tower with Radar,27,50,23,21,121,0,39,28,11,78,27,89,51,32,199,50,10,60,259
03/10/2022,SGF,MO,ACE,CE,Combined TRACON& Tower with Radar,29,44,43,15,131,0,23,18,5,46,29,67,61,20,177,76,0,76,253
03/11/2022,SGF,MO,ACE,CE,Combined TRACON& Tower with Radar,30,28,21,0,79,0,3,3,2,8,30,31,24,2,87,0,0,0,87
03/12/2022,SGF,MO,ACE,CE,Combined TRACON& Tower with Radar,28,34,32,2,96,0,16,23,0,39,28,50,55,2,135,0,14,14,149
03/13/2022,SGF,MO,ACE,CE,Combined TRACON& Tower with Radar,28,29,27,0,84,0,1,11,0,12,28,30,38,0,96,0,0,0,96
03/14/2022,SGF,MO,ACE,CE,Combined TRACON& Tower with Radar,28,35,26,2,91,0,14,8,1,23,28,49,34,3,114,10,0,10,124
03/15/2022,SGF,MO,ACE,CE,Combined TRACON& Tower with Radar,28,37,25,12,102,0,7,13,1,21,28,44,38,13,123,14,6,20,143
03/16/2022,SGF,MO,ACE,CE,Combined TRACON& Tower with Radar,30,33,48,5,116,0,22,54,6,82,30,55,102,11,198,32,0,32,230
03/17/2022,SGF,MO,ACE,CE,Combined TRACON& Tower with Radar,29,32,27,22,110,0,7,23,4,34,29,39,50,26,144,30,0,30,174
03/18/2022,SGF,MO,ACE,CE,Combined TRACON& Tower with Radar,32,24,24,0,80,0,0,0,0,0,32,24,24,0,80,0,24,24,104
03/19/2022,SGF,MO,ACE,CE,Combined TRACON& Tower with Radar,32,35,27,0,94,0,13,33,4,50,32,48,60,4,144,10,0,10,154
03/20/2022,SGF,MO,ACE,CE,Combined TRACON& Tower with Radar,29,32,37,0,98,0,9,25,0,34,29,41,62,0,132,0,0,0,132
03/21/2022,SGF,MO,ACE,CE,Combined TRACON& Tower with Radar,28,25,36,0,89,0,9,11,1,21,28,34,47,1,110,20,0,20,130
03/22/2022,SGF,MO,ACE,CE,Combined TRACON& Tower with Radar,24,26,26,4,80,0,4,2,4,10,24,30,28,8,90,0,0,0,90
03/23/2022,SGF,MO,ACE,CE,Combined TRACON& Tower with Radar,24,27,27,0,78,0,0,0,0,0,24,27,27,0,78,0,0,0,78
03/24/2022,SGF,MO,ACE,CE,Combined TRACON& Tower with Radar,26,29,33,4,92,0,1,4,8,13,26,30,37,12,105,0,18,18,123
03/25/2022,SGF,MO,ACE,CE,Combined TRACON& Tower with Radar,35,34,36,7,112,0,29,20,11,60,35,63,56,18,172,40,0,40,212
03/26/2022,SGF,MO,ACE,CE,Combined TRACON& Tower with Radar,27,28,37,2,94,0,26,36,0,62,27,54,73,2,156,20,0,20,176
03/27/2022,SGF,MO,ACE,CE,Combined TRACON& Tower with Radar,24,32,30,2,88,0,12,32,0,44,24,44,62,2,132,0,0,0,132
03/28/2022,SGF,MO,ACE,CE,Combined TRACON& Tower with Radar,30,40,37,4,111,0,32,13,6,51,30,72,50,10,162,10,0,10,172
03/29/2022,SGF,MO,ACE,CE,Combined TRACON& Tower with Radar,22,29,46,3,100,0,0,3,2,5,22,29,49,5,105,0,0,0,105
03/30/2022,SGF,MO,ACE,CE,Combined TRACON& Tower with Radar,26,34,29,0,89,0,0,0,0,0,26,34,29,0,89,0,0,0,89
03/31/2022,SGF,MO,ACE,CE,Combined TRACON& Tower with Radar,26,40,43,0,109,0,6,9,2,17,26,46,52,2,126,16,0,16,142
04/01/2022,SGF,MO,ACE,CE,Combined TRACON& Tower with Radar,33,47,58,11,149,0,36,55,0,91,33,83,113,11,240,74,6,80,320
04/02/2022,SGF,MO,ACE,CE,Combined TRACON& Tower with Radar,26,37,22,8,93,0,13,25,1,39,26,50,47,9,132,0,0,0,132
04/03/2022,SGF,MO,ACE,CE,Combined TRACON& Tower with Radar,26,31,24,0,81,0,7,23,0,30,26,38,47,0,111,36,0,36,147
04/04/2022,SGF,MO,ACE,CE,Combined TRACON& Tower with Radar,26,38,25,0,89,0,15,2,0,17,26,53,27,0,106,32,0,32,138
04/05/2022,SGF,MO,ACE,CE,Combined TRACON& Tower with Radar,23,43,41,19,126,0,13,11,3,27,23,56,52,22,153,16,20,36,189
04/06/2022,SGF,MO,ACE,CE,Combined TRACON& Tower with Radar,27,40,31,1,99,0,13,24,5,42,27,53,55,6,141,26,0,26,167
04/07/2022,SGF,MO,ACE,CE,Combined TRACON& Tower with Radar,26,33,33,2,94,0,2,6,7,15,26,35,39,9,109,0,0,0,109
04/08/2022,SGF,MO,ACE,CE,Combined TRACON& Tower with Radar,29,26,30,12,97,0,1,10,4,15,29,27,40,16,112,0,0,0,112
04/09/2022,SGF,MO,ACE,CE,Combined TRACON& Tower with Radar,27,30,38,0,95,0,23,40,2,65,27,53,78,2,160,12,0,12,172
04/10/2022,SGF,MO,ACE,CE,Combined TRACON& Tower with Radar,22,24,31,4,81,0,1,5,0,6,22,25,36,4,87,0,0,0,87
04/11/2022,SGF,MO,ACE,CE,Combined TRACON& Tower with Radar,28,22,22,1,73,0,0,1,1,2,28,22,23,2,75,0,0,0,75
04/12/2022,SGF,MO,ACE,CE,Combined TRACON& Tower with Radar,27,22,35,3,87,0,1,3,4,8,27,23,38,7,95,0,0,0,95
04/13/2022,SGF,MO,ACE,CE,Combined TRACON& Tower with Radar,29,21,17,0,67,0,1,4,0,5,29,22,21,0,72,0,0,0,72
04/14/2022,SGF,MO,ACE,CE,Combined TRACON& Tower with Radar,27,39,61,2,129,0,28,38,21,87,27,67,99,23,216,58,0,58,274
04/15/2022,SGF,MO,ACE,CE,Combined TRACON& Tower with Radar,32,26,25,0,83,0,2,7,5,14,32,28,32,5,97,0,0,0,97
04/16/2022,SGF,MO,ACE,CE,Combined TRACON& Tower with Radar,30,28,25,8,91,0,22,37,1,60,30,50,62,9,151,18,0,18,169
04/17/2022,SGF,MO,ACE,CE,Combined TRACON& Tower with Radar,24,22,14,0,60,0,1,0,0,1,24,23,14,0,61,0,0,0,61
04/18/2022,SGF,MO,ACE,CE,Combined TRACON& Tower with Radar,32,30,39,7,108,0,22,13,3,38,32,52,52,10,146,34,14,48,194
04/19/2022,SGF,MO,ACE,CE,Combined TRACON& Tower with Radar,26,34,36,3,99,0,30,33,10,73,26,64,69,13,172,26,0,26,198
04/20/2022,SGF,MO,ACE,CE,Combined TRACON& Tower with Radar,27,33,38,0,98,0,1,0,0,1,27,34,38,0,99,0,0,0,99
04/21/2022,SGF,MO,ACE,CE,Combined TRACON& Tower with Radar,31,32,45,1,109,0,2,4,3,9,31,34,49,4,118,6,0,6,124
04/22/2022,SGF,MO,ACE,CE,Combined TRACON& Tower with Radar,30,32,37,16,115,0,5,14,2,21,30,37,51,18,136,0,0,0,136
04/23/2022,SGF,MO,ACE,CE,Combined TRACON& Tower with Radar,29,27,21,0,77,0,1,3,4,8,29,28,24,4,85,0,0,0,85
04/24/2022,SGF,MO,ACE,CE,Combined TRACON& Tower with Radar,25,31,17,0,73,0,0,2,3,5,25,31,19,3,78,0,0,0,78
04/25/2022,SGF,MO,ACE,CE,Combined TRACON& Tower with Radar,29,33,27,16,105,0,24,19,6,49,29,57,46,22,154,32,0,32,186
04/26/2022,SGF,MO,ACE,CE,Combined TRACON& Tower with Radar,26,40,52,0,118,0,31,56,6,93,26,71,108,6,211,35,0,35,246
04/27/2022,SGF,MO,ACE,CE,Combined TRACON& Tower with Radar,28,44,49,2,123,0,19,33,10,62,28,63,82,12,185,60,0,60,245
04/28/2022,SGF,MO,ACE,CE,Combined TRACON& Tower with Radar,32,21,32,1,86,0,0,6,1,7,32,21,38,2,93,0,0,0,93
04/29/2022,SGF,MO,ACE,CE,Combined TRACON& Tower with Radar,28,30,24,1,83,0,1,3,4,8,28,31,27,5,91,6,0,6,97
04/30/2022,SGF,MO,ACE,CE,Combined TRACON& Tower with Radar,26,24,23,0,73,0,1,13,5,19,26,25,36,5,92,0,0,0,92
05/01/2022,SGF,MO,ACE,CE,Combined TRACON& Tower with Radar,27,28,30,0,85,0,9,17,2,28,27,37,47,2,113,40,0,40,153
05/02/2022,SGF,MO,ACE,CE,Combined TRACON& Tower with Radar,32,21,12,3,68,0,1,0,2,3,32,22,12,5,71,0,0,0,71
05/03/2022,SGF,MO,ACE,CE,Combined TRACON& Tower with Radar,30,34,54,4,122,0,1,1,1,3,30,35,55,5,125,0,0,0,125
05/04/2022,SGF,MO,ACE,CE,Combined TRACON& Tower with Radar,31,36,23,4,94,0,1,1,0,2,31,37,24,4,96,0,0,0,96
05/05/2022,SGF,MO,ACE,CE,Combined TRACON& Tower with Radar,26,25,19,0,70,0,0,1,0,1,26,25,20,0,71,0,0,0,71
05/06/2022,SGF,MO,ACE,CE,Combined TRACON& Tower with Radar,34,34,40,1,109,0,0,6,1,7,34,34,46,2,116,0,0,0,116
05/07/2022,SGF,MO,ACE,CE,Combined TRACON& Tower with Radar,24,28,23,0,75,0,26,41,0,67,24,54,64,0,142,30,0,30,172
05/08/2022,SGF,MO,ACE,CE,Combined TRACON& Tower with Radar,24,24,25,0,73,0,0,8,0,8,24,24,33,0,81,8,0,8,89
05/09/2022,SGF,MO,ACE,CE,Combined TRACON& Tower with Radar,30,32,32,5,99,0,3,16,1,20,30,35,48,6,119,6,0,6,125
05/10/2022,SGF,MO,ACE,CE,Combined TRACON& Tower with Radar,26,39,58,15,138,0,33,37,13,83,26,72,95,28,221,16,4,20,241
05/11/2022,SGF,MO,ACE,CE,Combined TRACON& Tower with Radar,28,43,39,1,111,0,35,43,16,94,28,78,82,17,205,26,0,26,231
05/12/2022,SGF,MO,ACE,CE,Combined TRACON& Tower with Radar,33,42,39,29,143,0,27,28,6,61,33,69,67,35,204,10,4,14,218
05/13/2022,SGF,MO,ACE,CE,Combined TRACON& Tower with Radar,37,41,25,15,118,0,25,22,5,52,37,66,47,20,170,36,20,56,226
05/14/2022,SGF,MO,ACE,CE,Combined TRACON& Tower with Radar,26,30,30,0,86,0,21,34,4,59,26,51,64,4,145,64,0,64,209
05/15/2022,SGF,MO,ACE,CE,Combined TRACON& Tower with Radar,24,27,26,0,77,0,2,6,0,8,24,29,32,0,85,0,0,0,85
05/16/2022,SGF,MO,ACE,CE,Combined TRACON& Tower with Radar,28,51,33,12,124,0,13,36,4,53,28,64,69,16,177,20,0,20,197
05/17/2022,SGF,MO,ACE,CE,Combined TRACON& Tower with Radar,27,34,44,5,110,0,19,10,6,35,27,53,54,11,145,12,0,12,157
05/18/2022,SGF,MO,ACE,CE,Combined TRACON& Tower with Radar,27,44,49,5,125,0,19,16,13,48,27,63,65,18,173,2,0,2,175
05/19/2022,SGF,MO,ACE,CE,Combined TRACON& Tower with Radar,34,40,29,1,104,22,5,2,5,34,56,45,31,6,138,6,6,12,150
05/20/2022,SGF,MO,ACE,CE,Combined TRACON& Tower with Radar,35,31,35,5,106,0,2,9,8,19,35,33,44,13,125,0,0,0,125
05/21/2022,SGF,MO,ACE,CE,Combined TRACON& Tower with Radar,31,25,11,0,67,0,0,0,0,0,31,25,11,0,67,0,0,0,67
05/22/2022,SGF,MO,ACE,CE,Combined TRACON& Tower with Radar,30,20,30,0,80,0,6,23,0,29,30,26,53,0,109,12,0,12,121
05/23/2022,SGF,MO,ACE,CE,Combined TRACON& Tower with Radar,32,28,39,0,99,0,18,14,1,33,32,46,53,1,132,40,0,40,172
05/24/2022,SGF,MO,ACE,CE,Combined TRACON& Tower with Radar,26,35,33,0,94,0,1,0,2,3,26,36,33,2,97,0,0,0,97
05/25/2022,SGF,MO,ACE,CE,Combined TRACON& Tower with Radar,30,19,50,2,101,0,2,0,10,12,30,21,50,12,113,0,0,0,113
05/26/2022,SGF,MO,ACE,CE,Combined TRACON& Tower with Radar,30,30,28,0,88,0,0,0,2,2,30,30,28,2,90,0,10,10,100
05/27/2022,SGF,MO,ACE,CE,Combined TRACON& Tower with Radar,34,33,29,0,96,0,16,24,0,40,34,49,53,0,136,30,0,30,166
05/28/2022,SGF,MO,ACE,CE,Combined TRACON& Tower with Radar,27,23,20,0,70,0,8,27,0,35,27,31,47,0,105,10,0,10,115
05/29/2022,SGF,MO,ACE,CE,Combined TRACON& Tower with Radar,26,28,31,0,85,0,2,6,0,8,26,30,37,0,93,0,0,0,93
05/30/2022,SGF,MO,ACE,CE,Combined TRACON& Tower with Radar,30,27,18,0,75,0,1,12,0,13,30,28,30,0,88,0,0,0,88
05/31/2022,SGF,MO,ACE,CE,Combined TRACON& Tower with Radar,25,22,37,11,95,0,14,14,2,30,25,36,51,13,125,4,0,4,129
06/01/2022,SGF,MO,ACE,CE,Combined TRACON& Tower with Radar,27,23,35,0,85,1,5,11,9,26,28,28,46,9,111,0,0,0,111
06/02/2022,SGF,MO,ACE,CE,Combined TRACON& Tower with Radar,34,39,41,14,128,0,13,28,17,58,34,52,69,31,186,14,0,14,200
06/03/2022,SGF,MO,ACE,CE,Combined TRACON& Tower with Radar,36,45,38,4,123,0,29,74,6,109,36,74,112,10,232,32,0,32,264
06/04/2022,SGF,MO,ACE,CE,Combined TRACON& Tower with Radar,30,31,26,0,87,0,15,20,0,35,30,46,46,0,122,24,0,24,146
06/05/2022,SGF,MO,ACE,CE,Combined TRACON& Tower with Radar,27,29,19,0,75,0,0,14,0,14,27,29,33,0,89,2,0,2,91
06/06/2022,SGF,MO,ACE,CE,Combined TRACON& Tower with Radar,34,33,20,8,95,0,10,8,6,24,34,43,28,14,119,0,0,0,119
06/07/2022,SGF,MO,ACE,CE,Combined TRACON& Tower with Radar,31,40,24,1,96,0,21,19,15,55,31,61,43,16,151,32,0,32,183
06/08/2022,SGF,MO,ACE,CE,Combined TRACON& Tower with Radar,32,40,26,9,107,0,26,18,13,57,32,66,44,22,164,12,16,28,192
06/09/2022,SGF,MO,ACE,CE,Combined TRACON& Tower with Radar,32,40,54,0,126,0,32,30,10,72,32,72,84,10,198,48,0,48,246
06/10/2022,SGF,MO,ACE,CE,Combined TRACON& Tower with Radar,36,40,16,3,95,0,26,17,1,44,36,66,33,4,139,30,16,46,185
06/11/2022,SGF,MO,ACE,CE,Combined TRACON& Tower with Radar,34,30,50,14,128,0,15,24,8,47,34,45,74,22,175,26,14,40,215
06/12/2022,SGF,MO,ACE,CE,Combined TRACON& Tower with Radar,28,24,43,1,96,0,7,21,2,30,28,31,64,3,126,0,0,0,126
06/13/2022,SGF,MO,ACE,CE,Combined TRACON& Tower with Radar,36,33,37,6,112,0,19,14,1,34,36,52,51,7,146,8,0,8,154
06/14/2022,SGF,MO,ACE,CE,Combined TRACON& Tower with Radar,30,40,33,2,105,0,13,29,5,47,30,53,62,7,152,0,0,0,152
06/15/2022,SGF,MO,ACE,CE,Combined TRACON& Tower with Radar,35,34,32,2,103,0,15,15,7,37,35,49,47,9,140,12,0,12,152
06/16/2022,SGF,MO,ACE,CE,Combined TRACON& Tower with Radar,31,31,30,1,93,0,23,24,6,53,31,54,54,7,146,20,0,20,166
06/17/2022,SGF,MO,ACE,CE,Combined TRACON& Tower with Radar,40,31,36,1,108,0,32,28,2,62,40,63,64,3,170,54,0,54,224
06/18/2022,SGF,MO,ACE,CE,Combined TRACON& Tower with Radar,34,26,15,0,75,0,21,32,8,61,34,47,47,8,136,20,0,20,156
06/19/2022,SGF,MO,ACE,CE,Combined TRACON& Tower with Radar,26,27,30,0,83,0,1,34,0,35,26,28,64,0,118,0,0,0,118
06/20/2022,SGF,MO,ACE,CE,Combined TRACON& Tower with Radar,38,36,28,0,102,0,33,29,0,62,38,69,57,0,164,18,0,18,182
06/21/2022,SGF,MO,ACE,CE,Combined TRACON& Tower with Radar,28,34,43,0,105,0,31,37,2,70,28,65,80,2,175,20,0,20,195
06/22/2022,SGF,MO,ACE,CE,Combined TRACON& Tower with Radar,32,42,30,12,116,0,22,19,12,53,32,64,49,24,169,33,10,43,212
06/23/2022,SGF,MO,ACE,CE,Combined TRACON& Tower with Radar,32,33,43,4,112,0,21,18,13,52,32,54,61,17,164,20,0,20,184
06/24/2022,SGF,MO,ACE,CE,Combined TRACON& Tower with Radar,35,35,38,1,109,0,23,25,7,55,35,58,63,8,164,12,0,12,176
06/25/2022,SGF,MO,ACE,CE,Combined TRACON& Tower with Radar,31,32,22,8,93,0,15,24,0,39,31,47,46,8,132,0,0,0,132
06/26/2022,SGF,MO,ACE,CE,Combined TRACON& Tower with Radar,30,25,37,0,92,0,2,9,2,13,30,27,46,2,105,0,0,0,105
06/27/2022,SGF,MO,ACE,CE,Combined TRACON& Tower with Radar,33,32,36,0,101,0,21,14,2,37,33,53,50,2,138,20,0,20,158
06/28/2022,SGF,MO,ACE,CE,Combined TRACON& Tower with Radar,29,39,33,18,119,0,18,28,4,50,29,57,61,22,169,12,0,12,181
06/29/2022,SGF,MO,ACE,CE,Combined TRACON& Tower with Radar,30,46,39,23,138,0,28,16,12,56,30,74,55,35,194,16,22,38,232
06/30/2022,SGF,MO,ACE,CE,Combined TRACON& Tower with Radar,32,28,49,0,109,0,25,44,7,76,32,53,93,7,185,4,0,4,189
07/01/2022,SGF,MO,ACE,CE,Combined TRACON& Tower with Radar,37,42,35,2,116,0,23,33,4,60,37,65,68,6,176,0,0,0,176
07/02/2022,SGF,MO,ACE,CE,Combined TRACON& Tower with Radar,34,26,23,0,83,0,11,21,2,34,34,37,44,2,117,20,0,20,137
07/03/2022,SGF,MO,ACE,CE,Combined TRACON& Tower with Radar,24,22,12,0,58,0,3,9,0,12,24,25,21,0,70,0,0,0,70
07/04/2022,SGF,MO,ACE,CE,Combined TRACON& Tower with Radar,34,21,22,0,77,0,5,23,0,28,34,26,45,0,105,20,0,20,125
07/05/2022,SGF,MO,ACE,CE,Combined TRACON& Tower with Radar,23,29,41,0,93,0,25,21,2,48,23,54,62,2,141,38,0,38,179
07/06/2022,SGF,MO,ACE,CE,Combined TRACON& Tower with Radar,24,33,42,0,99,0,19,20,1,40,24,52,62,1,139,0,0,0,139
07/07/2022,SGF,MO,ACE,CE,Combined TRACON& Tower with Radar,32,34,52,22,140,0,19,25,9,53,32,53,77,31,193,28,0,28,221
07/08/2022,SGF,MO,ACE,CE,Combined TRACON& Tower with Radar,36,25,29,1,91,0,16,23,3,42,36,41,52,4,133,18,0,18,151
07/09/2022,SGF,MO,ACE,CE,Combined TRACON& Tower with Radar,34,27,26,0,87,0,11,8,0,19,34,38,34,0,106,22,0,22,128
07/10/2022,SGF,MO,ACE,CE,Combined TRACON& Tower with Radar,29,23,34,0,86,0,9,27,0,36,29,32,61,0,122,6,0,6,128
07/11/2022,SGF,MO,ACE,CE,Combined TRACON& Tower with Radar,37,30,36,0,103,0,29,19,5,53,37,59,55,5,156,16,0,16,172
07/12/2022,SGF,MO,ACE,CE,Combined TRACON& Tower with Radar,26,32,38,5,101,0,15,11,1,27,26,47,49,6,128,32,0,32,160
07/13/2022,SGF,MO,ACE,CE,Combined TRACON& Tower with Radar,26,34,51,11,122,0,26,36,16,78,26,60,87,27,200,32,0,32,232
07/14/2022,SGF,MO,ACE,CE,Combined TRACON& Tower with Radar,32,37,41,29,139,0,26,21,6,53,32,63,62,35,192,22,18,40,232
07/15/2022,SGF,MO,ACE,CE,Combined TRACON& Tower with Radar,38,23,22,10,93,0,22,19,3,44,38,45,41,13,137,14,0,14,151
07/16/2022,SGF,MO,ACE,CE,Combined TRACON& Tower with Radar,29,27,22,0,78,0,8,18,0,26,29,35,40,0,104,16,0,16,120
07/17/2022,SGF,MO,ACE,CE,Combined TRACON& Tower with Radar,28,23,27,6,84,0,1,15,0,16,28,24,42,6,100,0,14,14,114
07/18/2022,SGF,MO,ACE,CE,Combined TRACON& Tower with Radar,37,21,36,10,104,0,14,18,2,34,37,35,54,12,138,26,0,26,164
07/19/2022,SGF,MO,ACE,CE,Combined TRACON& Tower with Radar,24,43,36,8,111,0,17,23,10,50,24,60,59,18,161,54,0,54,215
07/20/2022,SGF,MO,ACE,CE,Combined TRACON& Tower with Radar,26,35,38,8,107,0,19,22,15,56,26,54,60,23,163,8,8,16,179
07/21/2022,SGF,MO,ACE,CE,Combined TRACON& Tower with Radar,33,29,48,9,119,0,20,29,11,60,33,49,77,20,179,44,8,52,231
07/22/2022,SGF,MO,ACE,CE,Combined TRACON& Tower with Radar,38,32,49,0,119,0,12,52,4,68,38,44,101,4,187,0,0,0,187
07/23/2022,SGF,MO,ACE,CE,Combined TRACON& Tower with Radar,31,32,23,0,86,0,15,44,0,59,31,47,67,0,145,56,0,56,201
07/24/2022,SGF,MO,ACE,CE,Combined TRACON& Tower with Radar,30,26,36,0,92,0,3,19,1,23,30,29,55,1,115,0,0,0,115
07/25/2022,SGF,MO,ACE,CE,Combined TRACON& Tower with Radar,34,32,49,22,137,0,20,28,3,51,34,52,77,25,188,36,6,42,230
07/26/2022,SGF,MO,ACE,CE,Combined TRACON& Tower with Radar,24,33,48,4,109,0,5,18,7,30,24,38,66,11,139,0,0,0,139
07/27/2022,SGF,MO,ACE,CE,Combined TRACON& Tower with Radar,26,27,56,17,126,0,24,16,6,46,26,51,72,23,172,30,38,68,240
07/28/2022,SGF,MO,ACE,CE,Combined TRACON& Tower with Radar,31,32,40,5,108,0,4,13,6,23,31,36,53,11,131,0,0,0,131
07/29/2022,SGF,MO,ACE,CE,Combined TRACON& Tower with Radar,38,30,38,4,110,0,17,27,0,44,38,47,65,4,154,58,0,58,212
07/30/2022,SGF,MO,ACE,CE,Combined TRACON& Tower with Radar,30,27,23,0,80,0,1,2,0,3,30,28,25,0,83,0,0,0,83
07/31/2022,SGF,MO,ACE,CE,Combined TRACON& Tower with Radar,25,27,38,0,90,0,1,6,1,8,25,28,44,1,98,0,0,0,98
08/01/2022,SGF,MO,ACE,CE,Combined TRACON& Tower with Radar,35,33,31,2,101,0,10,18,7,35,35,43,49,9,136,0,0,0,136
08/02/2022,SGF,MO,ACE,CE,Combined TRACON& Tower with Radar,25,36,38,3,102,0,37,15,5,57,25,73,53,8,159,12,0,12,171
08/03/2022,SGF,MO,ACE,CE,Combined TRACON& Tower with Radar,30,28,47,13,118,0,9,11,10,30,30,37,58,23,148,12,6,18,166
08/04/2022,SGF,MO,ACE,CE,Combined TRACON& Tower with Radar,31,33,18,0,82,0,17,32,15,64,31,50,50,15,146,0,0,0,146
08/05/2022,SGF,MO,ACE,CE,Combined TRACON& Tower with Radar,38,24,46,35,143,0,4,21,1,26,38,28,67,36,169,4,0,4,173
08/06/2022,SGF,MO,ACE,CE,Combined TRACON& Tower with Radar,31,25,19,0,75,0,16,94,4,114,31,41,113,4,189,20,0,20,209
08/07/2022,SGF,MO,ACE,CE,Combined TRACON& Tower with Radar,28,20,39,0,87,0,6,22,0,28,28,26,61,0,115,38,0,38,153
08/08/2022,SGF,MO,ACE,CE,Combined TRACON& Tower with Radar,33,29,41,10,113,0,10,11,0,21,33,39,52,10,134,10,0,10,144
08/09/2022,SGF,MO,ACE,CE,Combined TRACON& Tower with Radar,29,43,39,8,119,0,6,8,5,19,29,49,47,13,138,20,0,20,158
08/10/2022,SGF,MO,ACE,CE,Combined TRACON& Tower with Radar,26,30,27,16,99,0,22,21,14,57,26,52,48,30,156,46,14,60,216
08/11/2022,SGF,MO,ACE,CE,Combined TRACON& Tower with Radar,34,34,57,24,149,0,27,38,9,74,34,61,95,33,223,0,0,0,223
08/12/2022,SGF,MO,ACE,CE,Combined TRACON& Tower with Radar,38,44,40,12,134,0,23,34,4,61,38,67,74,16,195,4,0,4,199
08/13/2022,SGF,MO,ACE,CE,Combined TRACON& Tower with Radar,30,26,22,0,78,0,28,49,0,77,30,54,71,0,155,60,0,60,215
08/14/2022,SGF,MO,ACE,CE,Combined TRACON& Tower with Radar,28,22,25,2,77,0,2,15,0,17,28,24,40,2,94,0,0,0,94
08/15/2022,SGF,MO,ACE,CE,Combined TRACON& Tower with Radar,36,32,37,34,139,0,13,25,5,43,36,45,62,39,182,25,16,41,223
08/16/2022,SGF,MO,ACE,CE,Combined TRACON& Tower with Radar,26,35,38,6,105,0,1,1,1,3,26,36,39,7,108,0,0,0,108
08/17/2022,SGF,MO,ACE,CE,Combined TRACON& Tower with Radar,27,42,35,5,109,0,7,4,10,21,27,49,39,15,130,18,24,42,172
08/18/2022,SGF,MO,ACE,CE,Combined TRACON& Tower with Radar,35,44,38,33,150,0,28,31,19,78,35,72,69,52,228,10,0,10,238
08/19/2022,SGF,MO,ACE,CE,Combined TRACON& Tower with Radar,38,37,35,1,111,0,28,55,3,86,38,65,90,4,197,36,10,46,243
08/20/2022,SGF,MO,ACE,CE,Combined TRACON& Tower with Radar,23,36,34,0,93,0,20,33,0,53,23,56,67,0,146,4,0,4,150
08/21/2022,SGF,MO,ACE,CE,Combined TRACON& Tower with Radar,27,22,34,18,101,0,2,17,1,20,27,24,51,19,121,0,22,22,143
08/22/2022,SGF,MO,ACE,CE,Combined TRACON& Tower with Radar,34,40,52,10,136,0,19,26,6,51,34,59,78,16,187,30,0,30,217
08/23/2022,SGF,MO,ACE,CE,Combined TRACON& Tower with Radar,29,41,39,26,135,0,34,16,16,66,29,75,55,42,201,16,0,16,217
08/24/2022,SGF,MO,ACE,CE,Combined TRACON& Tower with Radar,30,31,48,42,151,0,20,22,19,61,30,51,70,61,212,4,16,20,232
08/25/2022,SGF,MO,ACE,CE,Combined TRACON& Tower with Radar,33,36,45,5,119,0,29,34,7,70,33,65,79,12,189,60,0,60,249
08/26/2022,SGF,MO,ACE,CE,Combined TRACON& Tower with Radar,38,31,38,20,127,0,23,20,4,47,38,54,58,24,174,22,4,26,200
08/27/2022,SGF,MO,ACE,CE,Combined TRACON& Tower with Radar,27,29,26,0,82,0,34,37,1,72,27,63,63,1,154,16,0,16,170
08/28/2022,SGF,MO,ACE,CE,Combined TRACON& Tower with Radar,32,19,36,4,91,0,0,9,2,11,32,19,45,6,102,0,0,0,102
08/29/2022,SGF,MO,ACE,CE,Combined TRACON& Tower with Radar,28,33,24,0,85,0,19,8,5,32,28,52,32,5,117,2,0,2,119
08/30/2022,SGF,MO,ACE,CE,Combined TRACON& Tower with Radar,28,31,35,0,94,0,35,33,5,73,28,66,68,5,167,78,0,78,245
08/31/2022,SGF,MO,ACE,CE,Combined TRACON& Tower with Radar,28,37,37,24,126,0,46,30,11,87,28,83,67,35,213,16,4,20,233
09/01/2022,SGF,MO,ACE,CE,Combined TRACON& Tower with Radar,28,33,50,3,114,0,28,19,11,58,28,61,69,14,172,26,0,26,198
09/02/2022,SGF,MO,ACE,CE,Combined TRACON& Tower with Radar,40,27,39,0,106,0,0,1,0,1,40,27,40,0,107,0,0,0,107
09/03/2022,SGF,MO,ACE,CE,Combined TRACON& Tower with Radar,19,30,18,1,68,0,19,9,0,28,19,49,27,1,96,0,0,0,96
09/04/2022,SGF,MO,ACE,CE,Combined TRACON& Tower with Radar,21,21,9,0,51,0,6,14,0,20,21,27,23,0,71,6,0,6,77
09/05/2022,SGF,MO,ACE,CE,Combined TRACON& Tower with Radar,34,23,35,0,92,0,2,18,3,23,34,25,53,3,115,0,0,0,115
09/06/2022,SGF,MO,ACE,CE,Combined TRACON& Tower with Radar,22,36,39,12,109,0,14,21,6,41,22,50,60,18,150,36,16,52,202
09/07/2022,SGF,MO,ACE,CE,Combined TRACON& Tower with Radar,28,29,63,7,127,0,40,12,14,66,28,69,75,21,193,14,0,14,207
09/08/2022,SGF,MO,ACE,CE,Combined TRACON& Tower with Radar,34,40,55,1,130,0,39,32,11,82,34,79,87,12,212,24,0,24,236
09/09/2022,SGF,MO,ACE,CE,Combined TRACON& Tower with Radar,35,33,38,2,108,0,52,18,5,75,35,85,56,7,183,0,0,0,183
09/10/2022,SGF,MO,ACE,CE,Combined TRACON& Tower with Radar,29,23,31,0,83,0,28,45,2,75,29,51,76,2,158,6,0,6,164
09/11/2022,SGF,MO,ACE,CE,Combined TRACON& Tower with Radar,31,22,43,0,96,0,2,15,0,17,31,24,58,0,113,6,0,6,119
09/12/2022,SGF,MO,ACE,CE,Combined TRACON& Tower with Radar,35,40,42,7,124,0,34,26,1,61,35,74,68,8,185,8,0,8,193
09/13/2022,SGF,MO,ACE,CE,Combined TRACON& Tower with Radar,30,39,46,5,120,0,37,29,5,71,30,76,75,10,191,14,0,14,205
09/14/2022,SGF,MO,ACE,CE,Combined TRACON& Tower with Radar,28,32,46,18,124,0,40,34,3,77,28,72,80,21,201,0,0,0,201
09/15/2022,SGF,MO,ACE,CE,Combined TRACON& Tower with Radar,36,32,42,5,115,0,20,63,22,105,36,52,105,27,220,42,0,42,262
09/16/2022,SGF,MO,ACE,CE,Combined TRACON& Tower with Radar,39,41,41,0,121,0,31,23,4,58,39,72,64,4,179,0,0,0,179
09/17/2022,SGF,MO,ACE,CE,Combined TRACON& Tower with Radar,27,33,15,3,78,0,34,22,3,59,27,67,37,6,137,12,6,18,155
09/18/2022,SGF,MO,ACE,CE,Combined TRACON& Tower with Radar,30,35,29,1,95,0,2,19,3,24,30,37,48,4,119,0,0,0,119
09/19/2022,SGF,MO,ACE,CE,Combined TRACON& Tower with Radar,32,41,45,2,120,0,38,23,2,63,32,79,68,4,183,30,10,40,223
09/20/2022,SGF,MO,ACE,CE,Combined TRACON& Tower with Radar,28,36,38,23,125,0,21,30,5,56,28,57,68,28,181,12,20,32,213
09/21/2022,SGF,MO,ACE,CE,Combined TRACON& Tower with Radar,26,33,31,9,99,0,33,22,3,58,26,66,53,12,157,16,0,16,173
09/22/2022,SGF,MO,ACE,CE,Combined TRACON& Tower with Radar,33,33,33,7,106,0,13,10,4,27,33,46,43,11,133,32,0,32,165
09/23/2022,SGF,MO,ACE,CE,Combined TRACON& Tower with Radar,40,47,34,18,139,0,31,55,2,88,40,78,89,20,227,0,0,0,227
09/24/2022,SGF,MO,ACE,CE,Combined TRACON& Tower with Radar,27,32,18,4,81,0,28,46,0,74,27,60,64,4,155,20,0,20,175
09/25/2022,SGF,MO,ACE,CE,Combined TRACON& Tower with Radar,29,23,37,3,92,0,9,27,1,37,29,32,64,4,129,0,0,0,129
09/26/2022,SGF,MO,ACE,CE,Combined TRACON& Tower with Radar,31,28,26,12,97,0,32,16,1,49,31,60,42,13,146,28,6,34,180
09/27/2022,SGF,MO,ACE,CE,Combined TRACON& Tower with Radar,29,35,67,36,167,0,35,42,3,80,29,70,109,39,247,24,0,24,271
09/28/2022,SGF,MO,ACE,CE,Combined TRACON& Tower with Radar,26,39,50,12,127,0,50,29,12,91,26,89,79,24,218,0,0,0,218
09/29/2022,SGF,MO,ACE,CE,Combined TRACON& Tower with Radar,33,40,46,6,125,0,34,19,8,61,33,74,65,14,186,8,0,8,194
09/30/2022,SGF,MO,ACE,CE,Combined TRACON& Tower with Radar,37,41,48,0,126,0,38,38,3,79,37,79,86,3,205,4,0,4,209
10/01/2022,SGF,MO,ACE,CE,Combined TRACON& Tower with Radar,30,29,25,0,84,0,22,30,0,52,30,51,55,0,136,28,0,28,164
10/02/2022,SGF,MO,ACE,CE,Combined TRACON& Tower with Radar,32,25,39,0,96,0,5,20,2,27,32,30,59,2,123,0,0,0,123
10/03/2022,SGF,MO,ACE,CE,Combined TRACON& Tower with Radar,34,33,41,14,122,0,27,23,4,54,34,60,64,18,176,22,8,30,206
10/04/2022,SGF,MO,ACE,CE,Combined TRACON& Tower with Radar,34,31,42,4,111,0,22,33,7,62,34,53,75,11,173,34,0,34,207
10/05/2022,SGF,MO,ACE,CE,Combined TRACON& Tower with Radar,28,50,44,12,134,0,24,28,12,64,28,74,72,24,198,0,0,0,198
10/06/2022,SGF,MO,ACE,CE,Combined TRACON& Tower with Radar,34,38,53,9,134,0,29,46,12,87,34,67,99,21,221,30,16,46,267
10/07/2022,SGF,MO,ACE,CE,Combined TRACON& Tower with Radar,38,34,40,16,128,0,39,62,6,107,38,73,102,22,235,26,12,38,273
10/08/2022,SGF,MO,ACE,CE,Combined TRACON& Tower with Radar,30,20,30,0,80,0,18,22,6,46,30,38,52,6,126,0,0,0,126
10/09/2022,SGF,MO,ACE,CE,Combined TRACON& Tower with Radar,30,19,39,0,88,0,4,20,0,24,30,23,59,0,112,10,0,10,122
10/10/2022,SGF,MO,ACE,CE,Combined TRACON& Tower with Radar,31,35,46,0,112,0,30,10,0,40,31,65,56,0,152,14,0,14,166
10/11/2022,SGF,MO,ACE,CE,Combined TRACON& Tower with Radar,32,19,35,3,89,0,1,4,1,6,32,20,39,4,95,18,0,18,113
10/12/2022,SGF,MO,ACE,CE,Combined TRACON& Tower with Radar,28,41,31,4,104,0,19,9,6,34,28,60,40,10,138,12,4,16,154
10/13/2022,SGF,MO,ACE,CE,Combined TRACON& Tower with Radar,34,28,50,4,116,0,19,25,13,57,34,47,75,17,173,0,30,30,203
10/14/2022,SGF,MO,ACE,CE,Combined TRACON& Tower with Radar,38,35,41,4,118,0,8,9,7,24,38,43,50,11,142,18,0,18,160
10/15/2022,SGF,MO,ACE,CE,Combined TRACON& Tower with Radar,32,27,36,0,95,0,36,31,1,68,32,63,67,1,163,22,0,22,185
10/16/2022,SGF,MO,ACE,CE,Combined TRACON& Tower with Radar,29,18,42,0,89,0,8,16,2,26,29,26,58,2,115,0,0,0,115
10/17/2022,SGF,MO,ACE,CE,Combined TRACON& Tower with Radar,33,32,32,2,99,0,15,19,5,39,33,47,51,7,138,0,0,0,138
10/18/2022,SGF,MO,ACE,CE,Combined TRACON& Tower with Radar,32,28,51,20,131,0,30,18,20,68,32,58,69,40,199,16,10,26,225
10/19/2022,SGF,MO,ACE,CE,Combined TRACON& Tower with Radar,28,46,52,17,143,0,35,19,4,58,28,81,71,21,201,20,0,20,221
10/20/2022,SGF,MO,ACE,CE,Combined TRACON& Tower with Radar,34,42,64,7,147,0,39,13,6,58,34,81,77,13,205,52,0,52,257
10/21/2022,SGF,MO,ACE,CE,Combined TRACON& Tower with Radar,40,34,53,8,135,0,27,31,2,60,40,61,84,10,195,8,0,8,203
10/22/2022,SGF,MO,ACE,CE,Combined TRACON& Tower with Radar,32,24,14,0,70,0,6,6,0,12,32,30,20,0,82,16,0,16,98
10/23/2022,SGF,MO,ACE,CE,Combined TRACON& Tower with Radar,29,24,24,0,77,0,0,6,0,6,29,24,30,0,83,0,0,0,83
10/24/2022,SGF,MO,ACE,CE,Combined TRACON& Tower with Radar,31,25,32,0,88,0,3,2,0,5,31,28,34,0,93,6,0,6,99
10/25/2022,SGF,MO,ACE,CE,Combined TRACON& Tower with Radar,31,31,31,0,93,0,0,0,0,0,31,31,31,0,93,0,0,0,93
10/26/2022,SGF,MO,ACE,CE,Combined TRACON& Tower with Radar,29,37,64,42,172,0,33,42,20,95,29,70,106,62,267,60,6,66,333
10/27/2022,SGF,MO,ACE,CE,Combined TRACON& Tower with Radar,34,29,51,31,145,0,28,36,18,82,34,57,87,49,227,0,0,0,227
10/28/2022,SGF,MO,ACE,CE,Combined TRACON& Tower with Radar,35,33,41,43,152,0,37,31,13,81,35,70,72,56,233,44,12,56,289
10/29/2022,SGF,MO,ACE,CE,Combined TRACON& Tower with Radar,29,22,20,6,77,0,29,20,0,49,29,51,40,6,126,28,0,28,154
10/30/2022,SGF,MO,ACE,CE,Combined TRACON& Tower with Radar,31,26,31,0,88,0,0,1,0,1,31,26,32,0,89,0,0,0,89
10/31/2022,SGF,MO,ACE,CE,Combined TRACON& Tower with Radar,26,32,39,22,119,0,27,28,7,62,26,59,67,29,181,24,0,24,205
11/01/2022,SGF,MO,ACE,CE,Combined TRACON& Tower with Radar,29,36,50,20,135,0,30,28,1,59,29,66,78,21,194,26,0,26,220
11/02/2022,SGF,MO,ACE,CE,Combined TRACON& Tower with Radar,25,38,40,2,105,0,34,34,6,74,25,72,74,8,179,12,0,12,191
11/03/2022,SGF,MO,ACE,CE,Combined TRACON& Tower with Radar,37,35,42,4,118,0,26,13,14,53,37,61,55,18,171,8,6,14,185
11/04/2022,SGF,MO,ACE,CE,Combined TRACON& Tower with Radar,33,20,27,0,80,0,1,2,7,10,33,21,29,7,90,0,0,0,90
11/05/2022,SGF,MO,ACE,CE,Combined TRACON& Tower with Radar,30,20,19,0,69,0,0,10,4,14,30,20,29,4,83,0,0,0,83
11/06/2022,SGF,MO,ACE,CE,Combined TRACON& Tower with Radar,28,24,44,0,96,0,3,27,2,32,28,27,71,2,128,0,0,0,128
11/07/2022,SGF,MO,ACE,CE,Combined TRACON& Tower with Radar,29,29,31,11,100,0,22,15,1,38,29,51,46,12,138,0,0,0,138
11/08/2022,SGF,MO,ACE,CE,Combined TRACON& Tower with Radar,25,33,39,23,120,0,6,12,9,27,25,39,51,32,147,14,11,25,172
11/09/2022,SGF,MO,ACE,CE,Combined TRACON& Tower with Radar,26,51,47,10,134,0,19,25,11,55,26,70,72,21,189,2,0,2,191
11/10/2022,SGF,MO,ACE,CE,Combined TRACON& Tower with Radar,30,30,41,1,102,0,24,11,1,36,30,54,52,2,138,34,4,38,176
11/11/2022,SGF,MO,ACE,CE,Combined TRACON& Tower with Radar,34,24,28,0,86,0,9,15,2,26,34,33,43,2,112,14,0,14,126
11/12/2022,SGF,MO,ACE,CE,Combined TRACON& Tower with Radar,30,22,20,0,72,0,14,36,0,50,30,36,56,0,122,0,0,0,122
11/13/2022,SGF,MO,ACE,CE,Combined TRACON& Tower with Radar,26,26,33,0,85,0,11,38,4,53,26,37,71,4,138,10,0,10,148
11/14/2022,SGF,MO,ACE,CE,Combined TRACON& Tower with Radar,26,39,27,0,92,0,19,8,2,29,26,58,35,2,121,32,0,32,153
11/15/2022,SGF,MO,ACE,CE,Combined TRACON& Tower with Radar,26,30,28,0,84,0,7,3,1,11,26,37,31,1,95,30,0,30,125
11/16/2022,SGF,MO,ACE,CE,Combined TRACON& Tower with Radar,25,43,35,20,123,0,18,13,18,49,25,61,48,38,172,0,0,0,172
11/17/2022,SGF,MO,ACE,CE,Combined TRACON& Tower with Radar,31,51,49,3,134,0,25,16,5,46,31,76,65,8,180,50,0,50,230
11/18/2022,SGF,MO,ACE,CE,Combined TRACON& Tower with Radar,34,52,41,3,130,0,24,22,7,53,34,76,63,10,183,26,0,26,209
11/19/2022,SGF,MO,ACE,CE,Combined TRACON& Tower with Radar,28,34,19,2,83,0,19,18,8,45,28,53,37,10,128,2,14,16,144
11/20/2022,SGF,MO,ACE,CE,Combined TRACON& Tower with Radar,26,24,31,6,87,0,3,25,0,28,26,27,56,6,115,0,0,0,115
11/21/2022,SGF,MO,ACE,CE,Combined TRACON& Tower with Radar,30,27,37,0,94,0,11,19,6,36,30,38,56,6,130,22,0,22,152
11/22/2022,SGF,MO,ACE,CE,Combined TRACON& Tower with Radar,30,39,36,9,114,0,29,18,11,58,30,68,54,20,172,50,0,50,222
11/23/2022,SGF,MO,ACE,CE,Combined TRACON& Tower with Radar,36,34,37,0,107,0,16,17,8,41,36,50,54,8,148,32,0,32,180
11/24/2022,SGF,MO,ACE,CE,Combined TRACON& Tower with Radar,14,14,6,0,34,0,0,0,0,0,14,14,6,0,34,0,0,0,34
11/25/2022,SGF,MO,ACE,CE,Combined TRACON& Tower with Radar,27,25,26,0,78,0,2,23,0,25,27,27,49,0,103,2,0,2,105
11/26/2022,SGF,MO,ACE,CE,Combined TRACON& Tower with Radar,31,22,33,0,86,0,1,2,0,3,31,23,35,0,89,0,0,0,89
11/27/2022,SGF,MO,ACE,CE,Combined TRACON& Tower with Radar,28,31,28,0,87,0,1,2,1,4,28,32,30,1,91,0,0,0,91
11/28/2022,SGF,MO,ACE,CE,Combined TRACON& Tower with Radar,30,40,30,13,113,0,21,19,3,43,30,61,49,16,156,30,24,54,210
11/29/2022,SGF,MO,ACE,CE,Combined TRACON& Tower with Radar,29,29,20,6,84,0,0,6,5,11,29,29,26,11,95,0,0,0,95
11/30/2022,SGF,MO,ACE,CE,Combined TRACON& Tower with Radar,27,47,32,19,125,0,30,27,12,69,27,77,59,31,194,88,0,88,282
12/01/2022,SGF,MO,ACE,CE,Combined TRACON& Tower with Radar,34,30,36,5,105,0,22,14,8,44,34,52,50,13,149,48,0,48,197
12/02/2022,SGF,MO,ACE,CE,Combined TRACON& Tower with Radar,32,45,21,2,100,0,0,0,4,4,32,45,21,6,104,0,0,0,104
12/03/2022,SGF,MO,ACE,CE,Combined TRACON& Tower with Radar,25,33,15,2,75,0,31,33,9,73,25,64,48,11,148,78,0,78,226
12/04/2022,SGF,MO,ACE,CE,Combined TRACON& Tower with Radar,26,34,19,0,79,0,9,8,2,19,26,43,27,2,98,8,0,8,106
12/05/2022,SGF,MO,ACE,CE,Combined TRACON& Tower with Radar,29,25,35,10,99,0,1,0,0,1,29,26,35,10,100,0,0,0,100
12/06/2022,SGF,MO,ACE,CE,Combined TRACON& Tower with Radar,28,25,21,0,74,0,0,0,0,0,28,25,21,0,74,0,0,0,74
12/07/2022,SGF,MO,ACE,CE,Combined TRACON& Tower with Radar,30,26,24,0,80,0,2,2,0,4,30,28,26,0,84,0,0,0,84
12/08/2022,SGF,MO,ACE,CE,Combined TRACON& Tower with Radar,32,26,54,1,113,0,0,0,0,0,32,26,54,1,113,0,0,0,113
12/09/2022,SGF,MO,ACE,CE,Combined TRACON& Tower with Radar,32,34,33,16,115,0,39,29,3,71,32,73,62,19,186,124,10,134,320
12/10/2022,SGF,MO,ACE,CE,Combined TRACON& Tower with Radar,25,26,19,0,70,0,0,0,2,2,25,26,19,2,72,0,0,0,72
12/11/2022,SGF,MO,ACE,CE,Combined TRACON& Tower with Radar,26,28,41,0,95,0,0,0,0,0,26,28,41,0,95,0,0,0,95
12/12/2022,SGF,MO,ACE,CE,Combined TRACON& Tower with Radar,31,34,41,2,108,0,0,0,0,0,31,34,41,2,108,0,0,0,108
12/13/2022,SGF,MO,ACE,CE,Combined TRACON& Tower with Radar,24,33,22,0,79,0,0,0,0,0,24,33,22,0,79,0,0,0,79
12/14/2022,SGF,MO,ACE,CE,Combined TRACON& Tower with Radar,28,38,35,32,133,0,33,23,11,67,28,71,58,43,200,74,26,100,300
12/15/2022,SGF,MO,ACE,CE,Combined TRACON& Tower with Radar,34,26,56,2,118,0,2,8,7,17,34,28,64,9,135,22,0,22,157
12/16/2022,SGF,MO,ACE,CE,Combined TRACON& Tower with Radar,35,23,25,0,83,0,2,11,7,20,35,25,36,7,103,0,0,0,103
12/17/2022,SGF,MO,ACE,CE,Combined TRACON& Tower with Radar,31,29,17,0,77,0,2,20,0,22,31,31,37,0,99,36,0,36,135
12/18/2022,SGF,MO,ACE,CE,Combined TRACON& Tower with Radar,34,29,35,0,98,0,6,39,0,45,34,35,74,0,143,50,0,50,193
12/19/2022,SGF,MO,ACE,CE,Combined TRACON& Tower with Radar,30,26,26,6,88,0,15,9,4,28,30,41,35,10,116,74,0,74,190
12/20/2022,SGF,MO,ACE,CE,Combined TRACON& Tower with Radar,32,25,30,4,91,0,21,14,3,38,32,46,44,7,129,72,14,86,215
12/21/2022,SGF,MO,ACE,CE,Combined TRACON& Tower with Radar,36,31,52,16,135,0,20,19,7,46,36,51,71,23,181,28,14,42,223
12/22/2022,SGF,MO,ACE,CE,Combined TRACON& Tower with Radar,21,12,3,0,36,0,1,1,0,2,21,13,4,0,38,0,0,0,38
12/23/2022,SGF,MO,ACE,CE,Combined TRACON& Tower with Radar,29,15,17,0,61,0,0,2,0,2,29,15,19,0,63,0,0,0,63
12/24/2022,SGF,MO,ACE,CE,Combined TRACON& Tower with Radar,25,13,8,0,46,0,0,4,0,4,25,13,12,0,50,0,0,0,50
12/25/2022,SGF,MO,ACE,CE,Combined TRACON& Tower with Radar,23,18,5,0,46,0,1,3,0,4,23,19,8,0,50,0,0,0,50
12/26/2022,SGF,MO,ACE,CE,Combined TRACON& Tower with Radar,28,19,26,0,73,0,1,2,0,3,28,20,28,0,76,0,0,0,76
12/27/2022,SGF,MO,ACE,CE,Combined TRACON& Tower with Radar,34,34,33,1,102,0,18,18,1,37,34,52,51,2,139,21,0,21,160
12/28/2022,SGF,MO,ACE,CE,Combined TRACON& Tower with Radar,33,21,22,0,76,0,1,5,8,14,33,22,27,8,90,0,0,0,90
12/29/2022,SGF,MO,ACE,CE,Combined TRACON& Tower with Radar,31,24,14,7,76,0,2,9,5,16,31,26,23,12,92,0,0,0,92
12/30/2022,SGF,MO,ACE,CE,Combined TRACON& Tower with Radar,34,28,28,0,90,0,22,19,0,41,34,50,47,0,131,0,0,0,131
12/31/2022,SGF,MO,ACE,CE,Combined TRACON& Tower with Radar,25,27,15,0,67,0,17,18,0,35,25,44,33,0,102,14,0,14,116
01/01/2023,SGF,MO,ACE,CE,Combined TRACON& Tower with Radar,24,28,13,0,65,0,2,16,0,18,24,30,29,0,83,0,0,0,83
01/02/2023,SGF,MO,ACE,CE,Combined TRACON& Tower with Radar,27,23,27,0,77,0,0,1,0,1,27,23,28,0,78,0,0,0,78
01/03/2023,SGF,MO,ACE,CE,Combined TRACON& Tower with Radar,36,36,24,10,106,0,26,10,3,39,36,62,34,13,145,4,10,14,159
01/04/2023,SGF,MO,ACE,CE,Combined TRACON& Tower with Radar,29,38,27,20,114,0,23,19,10,52,29,61,46,30,166,12,0,12,178
01/05/2023,SGF,MO,ACE,CE,Combined TRACON& Tower with Radar,33,31,19,29,112,0,13,23,8,44,33,44,42,37,156,32,26,58,214
01/06/2023,SGF,MO,ACE,CE,Combined TRACON& Tower with Radar,36,30,32,4,102,0,36,29,9,74,36,66,61,13,176,62,0,62,238
01/07/2023,SGF,MO,ACE,CE,Combined TRACON& Tower with Radar,23,24,21,2,70,0,0,1,0,1,23,24,22,2,71,18,0,18,89
01/08/2023,SGF,MO,ACE,CE,Combined TRACON& Tower with Radar,31,24,14,0,69,0,4,16,0,20,31,28,30,0,89,20,0,20,109
01/09/2023,SGF,MO,ACE,CE,Combined TRACON& Tower with Radar,34,33,37,21,125,0,26,26,10,62,34,59,63,31,187,8,16,24,211
01/10/2023,SGF,MO,ACE,CE,Combined TRACON& Tower with Radar,24,33,46,20,123,0,29,24,10,63,24,62,70,30,186,54,30,84,270
01/11/2023,SGF,MO,ACE,CE,Combined TRACON& Tower with Radar,24,30,50,12,116,0,27,6,6,39,24,57,56,18,155,62,18,80,235
01/12/2023,SGF,MO,ACE,CE,Combined TRACON& Tower with Radar,32,22,20,0,74,0,0,0,0,0,32,22,20,0,74,0,0,0,74
01/13/2023,SGF,MO,ACE,CE,Combined TRACON& Tower with Radar,36,23,32,0,91,0,2,2,0,4,36,25,34,0,95,8,64,72,167
01/14/2023,SGF,MO,ACE,CE,Combined TRACON& Tower with Radar,18,28,31,0,77,0,22,23,0,45,18,50,54,0,122,28,0,28,150
01/15/2023,SGF,MO,ACE,CE,Combined TRACON& Tower with Radar,26,20,20,0,66,0,0,8,0,8,26,20,28,0,74,0,0,0,74
01/16/2023,SGF,MO,ACE,CE,Combined TRACON& Tower with Radar,30,33,31,0,94,0,0,11,0,11,30,33,42,0,105,0,0,0,105
01/17/2023,SGF,MO,ACE,CE,Combined TRACON& Tower with Radar,24,34,36,19,113,0,30,29,2,61,24,64,65,21,174,68,0,68,242
01/18/2023,SGF,MO,ACE,CE,Combined TRACON& Tower with Radar,24,23,25,18,90,0,10,0,4,14,24,33,25,22,104,4,0,4,108
01/19/2023,SGF,MO,ACE,CE,Combined TRACON& Tower with Radar,32,30,27,3,92,0,0,3,14,17,32,30,30,17,109,0,0,0,109
01/20/2023,SGF,MO,ACE,CE,Combined TRACON& Tower with Radar,36,33,39,44,152,0,50,35,14,99,36,83,74,58,251,64,10,74,325
01/21/2023,SGF,MO,ACE,CE,Combined TRACON& Tower with Radar,26,22,29,0,77,0,21,14,2,37,26,43,43,2,114,48,0,48,162
01/22/2023,SGF,MO,ACE,CE,Combined TRACON& Tower with Radar,28,23,10,0,61,0,0,0,0,0,28,23,10,0,61,0,0,0,61
01/23/2023,SGF,MO,ACE,CE,Combined TRACON& Tower with Radar,33,31,43,6,113,0,28,23,6,57,33,59,66,12,170,4,0,4,174
01/24/2023,SGF,MO,ACE,CE,Combined TRACON& Tower with Radar,28,21,28,12,89,0,19,10,4,33,28,40,38,16,122,0,0,0,122
01/25/2023,SGF,MO,ACE,CE,Combined TRACON& Tower with Radar,25,25,18,0,68,0,0,0,0,0,25,25,18,0,68,0,0,0,68
01/26/2023,SGF,MO,ACE,CE,Combined TRACON& Tower with Radar,34,46,35,27,142,0,33,24,10,67,34,79,59,37,209,34,2,36,245
01/27/2023,SGF,MO,ACE,CE,Combined TRACON& Tower with Radar,38,28,25,0,91,0,5,16,5,26,38,33,41,5,117,0,0,0,117
01/28/2023,SGF,MO,ACE,CE,Combined TRACON& Tower with Radar,22,25,15,0,62,0,4,3,0,7,22,29,18,0,69,0,0,0,69
01/29/2023,SGF,MO,ACE,CE,Combined TRACON& Tower with Radar,28,20,11,0,59,0,0,0,0,0,28,20,11,0,59,0,0,0,59
01/30/2023,SGF,MO,ACE,CE,Combined TRACON& Tower with Radar,28,19,14,0,61,0,0,1,0,1,28,19,15,0,62,0,0,0,62
01/31/2023,SGF,MO,ACE,CE,Combined TRACON& Tower with Radar,16,20,20,1,57,0,0,3,7,10,16,20,23,8,67,0,0,0,67
02/01/2023,SGF,MO,ACE,CE,Combined TRACON& Tower with Radar,20,32,24,2,78,0,32,11,7,50,20,64,35,9,128,10,0,10,138
02/02/2023,SGF,MO,ACE,CE,Combined TRACON& Tower with Radar,29,37,38,13,117,0,27,14,12,53,29,64,52,25,170,51,24,75,245
02/03/2023,SGF,MO,ACE,CE,Combined TRACON& Tower with Radar,38,31,43,34,146,0,42,23,4,69,38,73,66,38,215,44,8,52,267
02/04/2023,SGF,MO,ACE,CE,Combined TRACON& Tower with Radar,29,27,17,8,81,0,7,10,4,21,29,34,27,12,102,0,0,0,102
02/05/2023,SGF,MO,ACE,CE,Combined TRACON& Tower with Radar,30,38,29,0,97,0,10,38,0,48,30,48,67,0,145,0,0,0,145
02/06/2023,SGF,MO,ACE,CE,Combined TRACON& Tower with Radar,34,23,26,30,113,0,9,10,2,21,34,32,36,32,134,0,0,0,134
02/07/2023,SGF,MO,ACE,CE,Combined TRACON& Tower with Radar,28,32,30,14,104,0,22,5,5,32,28,54,35,19,136,8,0,8,144
02/08/2023,SGF,MO,ACE,CE,Combined TRACON& Tower with Radar,28,28,34,3,93,0,0,0,1,1,28,28,34,4,94,0,0,0,94
02/09/2023,SGF,MO,ACE,CE,Combined TRACON& Tower with Radar,35,41,27,17,120,0,23,1,8,32,35,64,28,25,152,16,20,36,188
02/10/2023,SGF,MO,ACE,CE,Combined TRACON& Tower with Radar,39,36,19,2,96,0,3,5,4,12,39,39,24,6,108,0,0,0,108
02/11/2023,SGF,MO,ACE,CE,Combined TRACON& Tower with Radar,34,34,33,10,111,0,45,47,4,96,34,79,80,14,207,76,0,76,283
02/12/2023,SGF,MO,ACE,CE,Combined TRACON& Tower with Radar,30,20,16,0,66,0,2,23,0,25,30,22,39,0,91,22,0,22,113
02/13/2023,SGF,MO,ACE,CE,Combined TRACON& Tower with Radar,36,36,34,29,135,0,36,26,13,75,36,72,60,42,210,24,0,24,234
02/14/2023,SGF,MO,ACE,CE,Combined TRACON& Tower with Radar,31,27,23,0,81,0,1,4,0,5,31,28,27,0,86,0,0,0,86
02/15/2023,SGF,MO,ACE,CE,Combined TRACON& Tower with Radar,31,42,38,38,149,0,41,37,12,90,31,83,75,50,239,88,18,106,345
02/16/2023,SGF,MO,ACE,CE,Combined TRACON& Tower with Radar,37,34,24,2,97,0,3,0,0,3,37,37,24,2,100,0,10,10,110
02/17/2023,SGF,MO,ACE,CE,Combined TRACON& Tower with Radar,40,48,43,1,132,0,46,25,6,77,40,94,68,7,209,34,2,36,245
02/18/2023,SGF,MO,ACE,CE,Combined TRACON& Tower with Radar,31,36,21,0,88,0,32,11,0,43,31,68,32,0,131,68,0,68,199
02/19/2023,SGF,MO,ACE,CE,Combined TRACON& Tower with Radar,30,29,28,0,87,0,6,23,2,31,30,35,51,2,118,52,0,52,170
02/20/2023,SGF,MO,ACE,CE,Combined TRACON& Tower with Radar,36,48,45,0,129,0,50,41,0,91,36,98,86,0,220,52,0,52,272
02/21/2023,SGF,MO,ACE,CE,Combined TRACON& Tower with Radar,30,33,47,23,133,0,23,35,11,69,30,56,82,34,202,12,0,12,214
02/22/2023,SGF,MO,ACE,CE,Combined TRACON& Tower with Radar,29,23,24,0,76,0,6,1,7,14,29,29,25,7,90,14,0,14,104
02/23/2023,SGF,MO,ACE,CE,Combined TRACON& Tower with Radar,36,32,52,24,144,0,26,36,8,70,36,58,88,32,214,100,8,108,322
02/24/2023,SGF,MO,ACE,CE,Combined TRACON& Tower with Radar,41,37,28,6,112,0,31,28,7,66,41,68,56,13,178,38,12,50,228
02/25/2023,SGF,MO,ACE,CE,Combined TRACON& Tower with Radar,30,25,51,2,108,0,11,15,1,27,30,36,66,3,135,94,0,94,229
02/26/2023,SGF,MO,ACE,CE,Combined TRACON& Tower with Radar,31,26,18,0,75,0,0,1,0,1,31,26,19,0,76,0,0,0,76
02/27/2023,SGF,MO,ACE,CE,Combined TRACON& Tower with Radar,37,26,23,2,88,0,3,6,3,12,37,29,29,5,100,0,0,0,100
02/28/2023,SGF,MO,ACE,CE,Combined TRACON& Tower with Radar,30,26,41,12,109,0,22,20,4,46,30,48,61,16,155,17,0,17,172
03/01/2023,SGF,MO,ACE,CE,Combined TRACON& Tower with Radar,29,40,60,20,149,0,27,33,7,67,29,67,93,27,216,12,0,12,228
03/02/2023,SGF,MO,ACE,CE,Combined TRACON& Tower with Radar,30,34,40,1,105,0,7,4,5,16,30,41,44,6,121,0,0,0,121
03/03/2023,SGF,MO,ACE,CE,Combined TRACON& Tower with Radar,41,24,26,0,91,0,1,1,0,2,41,25,27,0,93,0,0,0,93
03/04/2023,SGF,MO,ACE,CE,Combined TRACON& Tower with Radar,29,29,26,0,84,0,26,41,2,69,29,55,67,2,153,78,0,78,231
03/05/2023,SGF,MO,ACE,CE,Combined TRACON& Tower with Radar,30,32,25,1,88,0,2,23,1,26,30,34,48,2,114,10,0,10,124
03/06/2023,SGF,MO,ACE,CE,Combined TRACON& Tower with Radar,35,32,26,0,93,0,24,16,4,44,35,56,42,4,137,50,0,50,187
03/07/2023,SGF,MO,ACE,CE,Combined TRACON& Tower with Radar,28,32,41,4,105,0,13,8,6,27,28,45,49,10,132,16,0,16,148
03/08/2023,SGF,MO,ACE,CE,Combined TRACON& Tower with Radar,28,28,26,16,98,0,0,0,6,6,28,28,26,22,104,6,0,6,110
03/09/2023,SGF,MO,ACE,CE,Combined TRACON& Tower with Radar,32,27,42,0,101,0,0,0,0,0,32,27,42,0,101,0,0,0,101
03/10/2023,SGF,MO,ACE,CE,Combined TRACON& Tower with Radar,39,33,40,7,119,0,9,16,5,30,39,42,56,12,149,88,0,88,237
03/11/2023,SGF,MO,ACE,CE,Combined TRACON& Tower with Radar,44,24,29,0,97,0,1,1,0,2,44,25,30,0,99,0,0,0,99
03/12/2023,SGF,MO,ACE,CE,Combined TRACON& Tower with Radar,30,28,23,0,81,0,1,1,2,4,30,29,24,2,85,0,0,0,85
03/13/2023,SGF,MO,ACE,CE,Combined TRACON& Tower with Radar,35,31,26,12,104,0,18,22,0,40,35,49,48,12,144,62,3,65,209
03/14/2023,SGF,MO,ACE,CE,Combined TRACON& Tower with Radar,34,37,29,1,101,0,43,30,7,80,34,80,59,8,181,47,0,47,228
03/15/2023,SGF,MO,ACE,CE,Combined TRACON& Tower with Radar,30,31,36,13,110,0,33,8,3,44,30,64,44,16,154,40,12,52,206
03/16/2023,SGF,MO,ACE,CE,Combined TRACON& Tower with Radar,32,27,16,1,76,0,1,0,3,4,32,28,16,4,80,0,0,0,80
03/17/2023,SGF,MO,ACE,CE,Combined TRACON& Tower with Radar,40,30,23,7,100,0,16,16,4,36,40,46,39,11,136,44,12,56,192
03/18/2023,SGF,MO,ACE,CE,Combined TRACON& Tower with Radar,34,32,15,0,81,0,22,12,0,34,34,54,27,0,115,34,0,34,149
03/19/2023,SGF,MO,ACE,CE,Combined TRACON& Tower with Radar,29,27,36,2,94,0,20,31,0,51,29,47,67,2,145,76,0,76,221
03/20/2023,SGF,MO,ACE,CE,Combined TRACON& Tower with Radar,33,32,42,2,109,0,19,15,1,35,33,51,57,3,144,22,0,22,166
03/21/2023,SGF,MO,ACE,CE,Combined TRACON& Tower with Radar,28,25,32,0,85,0,1,1,1,3,28,26,33,1,88,0,0,0,88
03/22/2023,SGF,MO,ACE,CE,Combined TRACON& Tower with Radar,30,28,39,8,105,0,0,7,3,10,30,28,46,11,115,0,2,2,117
03/23/2023,SGF,MO,ACE,CE,Combined TRACON& Tower with Radar,33,32,43,3,111,0,1,2,6,9,33,33,45,9,120,0,0,0,120
03/24/2023,SGF,MO,ACE,CE,Combined TRACON& Tower with Radar,40,23,11,0,74,0,0,0,0,0,40,23,11,0,74,0,0,0,74
03/25/2023,SGF,MO,ACE,CE,Combined TRACON& Tower with Radar,31,27,24,0,82,0,21,33,4,58,31,48,57,4,140,68,0,68,208
03/26/2023,SGF,MO,ACE,CE,Combined TRACON& Tower with Radar,31,26,27,1,85,0,17,24,0,41,31,43,51,1,126,0,0,0,126
03/27/2023,SGF,MO,ACE,CE,Combined TRACON& Tower with Radar,40,29,21,10,100,0,37,26,3,66,40,66,47,13,166,56,0,56,222
03/28/2023,SGF,MO,ACE,CE,Combined TRACON& Tower with Radar,32,33,35,5,105,0,18,16,8,42,32,51,51,13,147,24,0,24,171
03/29/2023,SGF,MO,ACE,CE,Combined TRACON& Tower with Radar,34,39,42,18,133,0,49,33,18,100,34,88,75,36,233,46,0,46,279
03/30/2023,SGF,MO,ACE,CE,Combined TRACON& Tower with Radar,38,30,33,18,119,0,12,6,7,25,38,42,39,25,144,28,8,36,180
03/31/2023,SGF,MO,ACE,CE,Combined TRACON& Tower with Radar,46,20,30,0,96,0,1,1,0,2,46,21,31,0,98,0,0,0,98
04/01/2023,SGF,MO,ACE,CE,Combined TRACON& Tower with Radar,33,16,26,5,80,0,7,12,12,31,33,23,38,17,111,14,0,14,125
04/02/2023,SGF,MO,ACE,CE,Combined TRACON& Tower with Radar,35,20,21,0,76,0,6,20,0,26,35,26,41,0,102,10,0,10,112
04/03/2023,SGF,MO,ACE,CE,Combined TRACON& Tower with Radar,38,35,38,17,128,0,20,20,1,41,38,55,58,18,169,24,0,24,193
04/04/2023,SGF,MO,ACE,CE,Combined TRACON& Tower with Radar,34,33,23,11,101,0,3,4,1,8,34,36,27,12,109,0,0,0,109
04/05/2023,SGF,MO,ACE,CE,Combined TRACON& Tower with Radar,36,26,32,1,95,0,26,8,9,43,36,52,40,10,138,30,0,30,168
04/06/2023,SGF,MO,ACE,CE,Combined TRACON& Tower with Radar,41,40,36,22,139,0,33,36,14,83,41,73,72,36,222,108,50,158,380
04/07/2023,SGF,MO,ACE,CE,Combined TRACON& Tower with Radar,40,45,29,38,152,0,29,32,12,73,40,74,61,50,225,42,14,56,281
04/08/2023,SGF,MO,ACE,CE,Combined TRACON& Tower with Radar,25,31,20,8,84,0,26,31,0,57,25,57,51,8,141,36,0,36,177
04/09/2023,SGF,MO,ACE,CE,Combined TRACON& Tower with Radar,30,19,23,0,72,0,2,18,0,20,30,21,41,0,92,0,0,0,92
04/10/2023,SGF,MO,ACE,CE,Combined TRACON& Tower with Radar,35,34,27,13,109,0,38,20,1,59,35,72,47,14,168,74,0,74,242
04/11/2023,SGF,MO,ACE,CE,Combined TRACON& Tower with Radar,32,34,50,31,147,0,27,29,7,63,32,61,79,38,210,102,0,102,312
04/12/2023,SGF,MO,ACE,CE,Combined TRACON& Tower with Radar,35,25,44,17,121,0,32,23,7,62,35,57,67,24,183,24,0,24,207
04/13/2023,SGF,MO,ACE,CE,Combined TRACON& Tower with Radar,41,31,50,23,145,0,34,31,9,74,41,65,81,32,219,72,2,74,293
04/14/2023,SGF,MO,ACE,CE,Combined TRACON& Tower with Radar,41,32,36,2,111,0,21,26,8,55,41,53,62,10,166,12,0,12,178
04/15/2023,SGF,MO,ACE,CE,Combined TRACON& Tower with Radar,30,20,17,0,67,0,6,6,2,14,30,26,23,2,81,46,0,46,127
04/16/2023,SGF,MO,ACE,CE,Combined TRACON& Tower with Radar,34,21,17,0,72,0,2,4,1,7,34,23,21,1,79,0,0,0,79
04/17/2023,SGF,MO,ACE,CE,Combined TRACON& Tower with Radar,40,39,56,32,167,0,19,24,2,45,40,58,80,34,212,40,10,50,262
04/18/2023,SGF,MO,ACE,CE,Combined TRACON& Tower with Radar,32,36,41,1,110,0,21,23,3,47,32,57,64,4,157,30,0,30,187
04/19/2023,SGF,MO,ACE,CE,Combined TRACON& Tower with Radar,34,29,29,3,95,0,0,10,6,16,34,29,39,9,111,6,0,6,117
04/20/2023,SGF,MO,ACE,CE,Combined TRACON& Tower with Radar,39,35,27,6,107,0,10,5,3,18,39,45,32,9,125,30,0,30,155
04/21/2023,SGF,MO,ACE,CE,Combined TRACON& Tower with Radar,42,36,40,7,125,0,29,29,5,63,42,65,69,12,188,86,0,86,274
04/22/2023,SGF,MO,ACE,CE,Combined TRACON& Tower with Radar,30,31,25,24,110,0,22,25,0,47,30,53,50,24,157,4,0,4,161
04/23/2023,SGF,MO,ACE,CE,Combined TRACON& Tower with Radar,33,27,28,0,88,1,16,28,1,46,34,43,56,1,134,0,0,0,134
04/24/2023,SGF,MO,ACE,CE,Combined TRACON& Tower with Radar,38,30,39,43,150,0,26,15,8,49,38,56,54,51,199,14,4,18,217
04/25/2023,SGF,MO,ACE,CE,Combined TRACON& Tower with Radar,32,38,26,3,99,0,31,18,11,60,32,69,44,14,159,6,0,6,165
04/26/2023,SGF,MO,ACE,CE,Combined TRACON& Tower with Radar,32,29,38,12,111,0,10,11,7,28,32,39,49,19,139,0,8,8,147
04/27/2023,SGF,MO,ACE,CE,Combined TRACON& Tower with Radar,38,28,21,0,87,0,1,1,1,3,38,29,22,1,90,0,8,8,98
04/28/2023,SGF,MO,ACE,CE,Combined TRACON& Tower with Radar,41,38,71,18,168,0,5,18,10,33,41,43,89,28,201,14,0,14,215
04/29/2023,SGF,MO,ACE,CE,Combined TRACON& Tower with Radar,31,31,33,0,95,0,10,9,1,20,31,41,42,1,115,31,0,31,146
04/30/2023,SGF,MO,ACE,CE,Combined TRACON& Tower with Radar,34,28,26,0,88,0,2,12,0,14,34,30,38,0,102,0,0,0,102
05/01/2023,SGF,MO,ACE,CE,Combined TRACON& Tower with Radar,38,31,37,22,128,0,10,21,0,31,38,41,58,22,159,0,38,38,197
05/02/2023,SGF,MO,ACE,CE,Combined TRACON& Tower with Radar,33,36,40,8,117,0,14,21,0,35,33,50,61,8,152,46,0,46,198
05/03/2023,SGF,MO,ACE,CE,Combined TRACON& Tower with Radar,35,39,51,6,131,0,34,37,0,71,35,73,88,6,202,56,0,56,258
05/04/2023,SGF,MO,ACE,CE,Combined TRACON& Tower with Radar,38,24,25,12,99,0,17,11,0,28,38,41,36,12,127,26,0,26,153
05/05/2023,SGF,MO,ACE,CE,Combined TRACON& Tower with Radar,48,41,22,10,121,0,3,8,0,11,48,44,30,10,132,0,0,0,132
05/06/2023,SGF,MO,ACE,CE,Combined TRACON& Tower with Radar,35,22,17,0,74,0,8,11,0,19,35,30,28,0,93,14,0,14,107
05/07/2023,SGF,MO,ACE,CE,Combined TRACON& Tower with Radar,45,19,30,0,94,0,8,21,0,29,45,27,51,0,123,24,0,24,147
05/08/2023,SGF,MO,ACE,CE,Combined TRACON& Tower with Radar,48,34,19,12,113,0,12,8,2,22,48,46,27,14,135,46,20,66,201
05/09/2023,SGF,MO,ACE,CE,Combined TRACON& Tower with Radar,36,31,35,2,104,0,17,16,4,37,36,48,51,6,141,18,0,18,159
05/10/2023,SGF,MO,ACE,CE,Combined TRACON& Tower with Radar,43,20,38,16,117,0,27,19,3,49,43,47,57,19,166,56,14,70,236
05/11/2023,SGF,MO,ACE,CE,Combined TRACON& Tower with Radar,44,25,32,1,102,0,3,0,1,4,44,28,32,2,106,0,0,0,106
05/12/2023,SGF,MO,ACE,CE,Combined TRACON& Tower with Radar,49,19,30,0,98,0,7,7,6,20,49,26,37,6,118,30,2,32,150
05/13/2023,SGF,MO,ACE,CE,Combined TRACON& Tower with Radar,39,25,21,1,86,0,24,19,1,44,39,49,40,2,130,56,0,56,186
05/14/2023,SGF,MO,ACE,CE,Combined TRACON& Tower with Radar,41,23,20,0,84,0,6,9,0,15,41,29,29,0,99,0,0,0,99
05/15/2023,SGF,MO,ACE,CE,Combined TRACON& Tower with Radar,41,30,27,14,112,0,9,5,3,17,41,39,32,17,129,38,0,38,167
05/16/2023,SGF,MO,ACE,CE,Combined TRACON& Tower with Radar,48,24,38,1,111,0,0,0,0,0,48,24,38,1,111,0,0,0,111
05/17/2023,SGF,MO,ACE,CE,Combined TRACON& Tower with Radar,50,32,58,14,154,0,31,21,10,62,50,63,79,24,216,118,0,118,334
05/18/2023,SGF,MO,ACE,CE,Combined TRACON& Tower with Radar,45,50,50,7,152,0,46,31,13,90,45,96,81,20,242,66,0,66,308
05/19/2023,SGF,MO,ACE,CE,Combined TRACON& Tower with Radar,50,19,26,7,102,0,7,1,3,11,50,26,27,10,113,14,0,14,127
05/20/2023,SGF,MO,ACE,CE,Combined TRACON& Tower with Radar,44,21,29,23,117,0,35,27,8,70,44,56,56,31,187,40,8,48,235
05/21/2023,SGF,MO,ACE,CE,Combined TRACON& Tower with Radar,38,24,36,0,98,0,7,38,2,47,38,31,74,2,145,48,0,48,193
05/22/2023,SGF,MO,ACE,CE,Combined TRACON& Tower with Radar,50,26,36,16,128,0,25,16,4,45,50,51,52,20,173,78,0,78,251
05/23/2023,SGF,MO,ACE,CE,Combined TRACON& Tower with Radar,44,24,42,25,135,0,19,25,7,51,44,43,67,32,186,22,0,22,208
05/24/2023,SGF,MO,ACE,CE,Combined TRACON& Tower with Radar,47,32,54,8,141,0,34,31,11,76,47,66,85,19,217,44,10,54,271
05/25/2023,SGF,MO,ACE,CE,Combined TRACON& Tower with Radar,45,35,46,13,139,0,21,33,2,56,45,56,79,15,195,56,6,62,257
05/26/2023,SGF,MO,ACE,CE,Combined TRACON& Tower with Radar,51,34,36,2,123,0,27,30,2,59,51,61,66,4,182,28,0,28,210
05/27/2023,SGF,MO,ACE,CE,Combined TRACON& Tower with Radar,47,27,26,0,100,0,13,24,0,37,47,40,50,0,137,14,0,14,151
05/28/2023,SGF,MO,ACE,CE,Combined TRACON& Tower with Radar,38,16,7,0,61,0,4,18,0,22,38,20,25,0,83,22,0,22,105
05/29/2023,SGF,MO,ACE,CE,Combined TRACON& Tower with Radar,44,16,20,0,80,0,0,18,0,18,44,16,38,0,98,0,0,0,98
05/30/2023,SGF,MO,ACE,CE,Combined TRACON& Tower with Radar,46,17,48,1,112,0,13,17,10,40,46,30,65,11,152,20,0,20,172
05/31/2023,SGF,MO,ACE,CE,Combined TRACON& Tower with Radar,48,24,26,15,113,0,15,17,2,34,48,39,43,17,147,0,0,0,147
06/01/2023,SGF,MO,ACE,CE,Combined TRACON& Tower with Radar,46,36,44,4,130,0,29,17,11,57,46,65,61,15,187,21,16,37,224
06/02/2023,SGF,MO,ACE,CE,Combined TRACON& Tower with Radar,52,20,32,11,115,0,30,22,4,56,52,50,54,15,171,40,0,40,211
06/03/2023,SGF,MO,ACE,CE,Combined TRACON& Tower with Radar,40,28,19,6,93,0,35,27,0,62,40,63,46,6,155,86,0,86,241
06/04/2023,SGF,MO,ACE,CE,Combined TRACON& Tower with Radar,43,32,30,2,107,0,9,29,3,41,43,41,59,5,148,0,0,0,148
06/05/2023,SGF,MO,ACE,CE,Combined TRACON& Tower with Radar,44,20,27,20,111,0,20,17,3,40,44,40,44,23,151,29,0,29,180
06/06/2023,SGF,MO,ACE,CE,Combined TRACON& Tower with Radar,37,31,34,26,128,0,43,26,7,76,37,74,60,33,204,42,16,58,262
06/07/2023,SGF,MO,ACE,CE,Combined TRACON& Tower with Radar,45,23,41,26,135,0,42,16,11,69,45,65,57,37,204,52,8,60,264
06/08/2023,SGF,MO,ACE,CE,Combined TRACON& Tower with Radar,43,23,35,0,101,0,18,3,5,26,43,41,38,5,127,20,10,30,157
06/09/2023,SGF,MO,ACE,CE,Combined TRACON& Tower with Radar,51,33,30,3,117,0,37,13,6,56,51,70,43,9,173,62,0,62,235
06/10/2023,SGF,MO,ACE,CE,Combined TRACON& Tower with Radar,40,19,15,1,75,0,9,13,0,22,40,28,28,1,97,2,0,2,99
06/11/2023,SGF,MO,ACE,CE,Combined TRACON& Tower with Radar,39,15,25,0,79,0,1,5,0,6,39,16,30,0,85,0,0,0,85
06/12/2023,SGF,MO,ACE,CE,Combined TRACON& Tower with Radar,48,30,37,13,128,0,29,21,14,64,48,59,58,27,192,8,8,16,208
06/13/2023,SGF,MO,ACE,CE,Combined TRACON& Tower with Radar,39,30,37,31,137,0,38,24,10,72,39,68,61,41,209,42,0,42,251
06/14/2023,SGF,MO,ACE,CE,Combined TRACON& Tower with Radar,41,25,53,1,120,0,39,21,6,66,41,64,74,7,186,54,0,54,240
06/15/2023,SGF,MO,ACE,CE,Combined TRACON& Tower with Radar,43,29,40,21,133,0,40,11,16,67,43,69,51,37,200,36,0,36,236
06/16/2023,SGF,MO,ACE,CE,Combined TRACON& Tower with Radar,50,23,17,1,91,0,30,13,4,47,50,53,30,5,138,22,0,22,160
06/17/2023,SGF,MO,ACE,CE,Combined TRACON& Tower with Radar,42,22,28,0,92,0,30,36,5,71,42,52,64,5,163,116,12,128,291
06/18/2023,SGF,MO,ACE,CE,Combined TRACON& Tower with Radar,41,19,15,0,75,0,1,7,0,8,41,20,22,0,83,0,0,0,83
06/19/2023,SGF,MO,ACE,CE,Combined TRACON& Tower with Radar,45,20,20,3,88,0,35,36,0,71,45,55,56,3,159,20,0,20,179
06/20/2023,SGF,MO,ACE,CE,Combined TRACON& Tower with Radar,39,31,33,38,141,0,31,31,6,68,39,62,64,44,209,33,8,41,250
06/21/2023,SGF,MO,ACE,CE,Combined TRACON& Tower with Radar,40,32,45,30,147,0,35,34,27,96,40,67,79,57,243,58,48,106,349
06/22/2023,SGF,MO,ACE,CE,Combined TRACON& Tower with Radar,43,32,36,8,119,1,28,25,17,71,44,60,61,25,190,82,14,96,286
06/23/2023,SGF,MO,ACE,CE,Combined TRACON& Tower with Radar,45,31,41,39,156,0,26,29,3,58,45,57,70,42,214,40,12,52,266
06/24/2023,SGF,MO,ACE,CE,Combined TRACON& Tower with Radar,37,22,22,2,83,0,11,15,0,26,37,33,37,2,109,36,0,36,145
06/25/2023,SGF,MO,ACE,CE,Combined TRACON& Tower with Radar,39,29,29,4,101,0,6,29,2,37,39,35,58,6,138,0,0,0,138
06/26/2023,SGF,MO,ACE,CE,Combined TRACON& Tower with Radar,45,30,35,8,118,0,31,38,3,72,45,61,73,11,190,28,0,28,218
06/27/2023,SGF,MO,ACE,CE,Combined TRACON& Tower with Radar,37,37,35,14,123,0,25,26,3,54,37,62,61,17,177,40,6,46,223
06/28/2023,SGF,MO,ACE,CE,Combined TRACON& Tower with Radar,41,36,43,26,146,0,14,24,12,50,41,50,67,38,196,10,12,22,218
06/29/2023,SGF,MO,ACE,CE,Combined TRACON& Tower with Radar,42,38,45,6,131,0,11,20,3,34,42,49,65,9,165,40,0,40,205
06/30/2023,SGF,MO,ACE,CE,Combined TRACON& Tower with Radar,51,21,36,14,122,0,25,30,3,58,51,46,66,17,180,58,0,58,238
07/01/2023,SGF,MO,ACE,CE,Combined TRACON& Tower with Radar,38,24,18,0,80,0,9,17,1,27,38,33,35,1,107,68,0,68,175
07/02/2023,SGF,MO,ACE,CE,Combined TRACON& Tower with Radar,35,18,19,1,73,0,4,12,2,18,35,22,31,3,91,16,0,16,107
07/03/2023,SGF,MO,ACE,CE,Combined TRACON& Tower with Radar,41,20,14,0,75,0,5,10,0,15,41,25,24,0,90,0,0,0,90
07/04/2023,SGF,MO,ACE,CE,Combined TRACON& Tower with Radar,30,18,16,0,64,0,1,24,0,25,30,19,40,0,89,0,0,0,89
07/05/2023,SGF,MO,ACE,CE,Combined TRACON& Tower with Radar,42,23,15,0,80,0,14,6,3,23,42,37,21,3,103,40,0,40,143
07/06/2023,SGF,MO,ACE,CE,Combined TRACON& Tower with Radar,43,35,31,15,124,0,26,7,6,39,43,61,38,21,163,8,0,8,171
07/07/2023,SGF,MO,ACE,CE,Combined TRACON& Tower with Radar,51,28,14,1,94,0,22,9,1,32,51,50,23,2,126,60,0,60,186
07/08/2023,SGF,MO,ACE,CE,Combined TRACON& Tower with Radar,41,38,14,2,95,0,10,11,0,21,41,48,25,2,116,60,0,60,176
07/09/2023,SGF,MO,ACE,CE,Combined TRACON& Tower with Radar,40,22,38,0,100,0,15,16,0,31,40,37,54,0,131,36,0,36,167
07/10/2023,SGF,MO,ACE,CE,Combined TRACON& Tower with Radar,47,31,48,24,150,0,36,36,2,74,47,67,84,26,224,28,0,28,252
07/11/2023,SGF,MO,ACE,CE,Combined TRACON& Tower with Radar,38,37,37,15,127,0,20,18,7,45,38,57,55,22,172,48,0,48,220
07/12/2023,SGF,MO,ACE,CE,Combined TRACON& Tower with Radar,42,31,41,19,133,0,21,13,7,41,42,52,54,26,174,14,6,20,194
07/13/2023,SGF,MO,ACE,CE,Combined TRACON& Tower with Radar,44,32,45,11,132,0,20,20,15,55,44,52,65,26,187,74,0,74,261
07/14/2023,SGF,MO,ACE,CE,Combined TRACON& Tower with Radar,50,30,25,12,117,0,19,11,2,32,50,49,36,14,149,46,10,56,205
07/15/2023,SGF,MO,ACE,CE,Combined TRACON& Tower with Radar,41,18,19,26,104,0,14,21,0,35,41,32,40,26,139,40,6,46,185
07/16/2023,SGF,MO,ACE,CE,Combined TRACON& Tower with Radar,38,19,30,8,95,0,7,29,0,36,38,26,59,8,131,63,14,77,208
07/17/2023,SGF,MO,ACE,CE,Combined TRACON& Tower with Radar,50,20,31,15,116,0,8,17,6,31,50,28,48,21,147,26,6,32,179
07/18/2023,SGF,MO,ACE,CE,Combined TRACON& Tower with Radar,39,22,33,1,95,0,9,18,6,33,39,31,51,7,128,29,0,29,157
07/19/2023,SGF,MO,ACE,CE,Combined TRACON& Tower with Radar,41,22,47,13,123,0,26,25,12,63,41,48,72,25,186,10,12,22,208
07/20/2023,SGF,MO,ACE,CE,Combined TRACON& Tower with Radar,47,29,58,2,136,0,16,34,9,59,47,45,92,11,195,22,0,22,217
07/21/2023,SGF,MO,ACE,CE,Combined TRACON& Tower with Radar,49,25,22,1,97,0,11,6,1,18,49,36,28,2,115,52,2,54,169
07/22/2023,SGF,MO,ACE,CE,Combined TRACON& Tower with Radar,39,25,22,4,90,0,21,45,0,66,39,46,67,4,156,56,2,58,214
07/23/2023,SGF,MO,ACE,CE,Combined TRACON& Tower with Radar,39,15,31,0,85,0,3,23,0,26,39,18,54,0,111,18,0,18,129
07/24/2023,SGF,MO,ACE,CE,Combined TRACON& Tower with Radar,47,30,30,7,114,0,15,6,2,23,47,45,36,9,137,29,0,29,166
07/25/2023,SGF,MO,ACE,CE,Combined TRACON& Tower with Radar,38,27,41,11,117,0,11,30,11,52,38,38,71,22,169,40,0,40,209
07/26/2023,SGF,MO,ACE,CE,Combined TRACON& Tower with Radar,45,26,31,2,104,0,1,18,14,33,45,27,49,16,137,10,0,10,147
07/27/2023,SGF,MO,ACE,CE,Combined TRACON& Tower with Radar,46,33,49,5,133,0,19,33,5,57,46,52,82,10,190,16,2,18,208
07/28/2023,SGF,MO,ACE,CE,Combined TRACON& Tower with Radar,48,33,30,21,132,0,22,24,7,53,48,55,54,28,185,36,6,42,227
07/29/2023,SGF,MO,ACE,CE,Combined TRACON& Tower with Radar,47,20,26,0,93,0,13,32,2,47,47,33,58,2,140,29,0,29,169
07/30/2023,SGF,MO,ACE,CE,Combined TRACON& Tower with Radar,41,14,24,0,79,0,5,27,0,32,41,19,51,0,111,46,0,46,157
07/31/2023,SGF,MO,ACE,CE,Combined TRACON& Tower with Radar,45,35,31,8,119,0,23,10,0,33,45,58,41,8,152,12,0,12,164
08/01/2023,SGF,MO,ACE,CE,Combined TRACON& Tower with Radar,38,28,33,14,113,0,18,16,4,38,38,46,49,18,151,58,0,58,209
08/02/2023,SGF,MO,ACE,CE,Combined TRACON& Tower with Radar,40,33,33,22,128,0,26,16,11,53,40,59,49,33,181,26,0,26,207
08/03/2023,SGF,MO,ACE,CE,Combined TRACON& Tower with Radar,45,34,34,3,116,0,14,18,3,35,45,48,52,6,151,56,0,56,207
08/04/2023,SGF,MO,ACE,CE,Combined TRACON& Tower with Radar,52,35,46,0,133,0,16,16,8,40,52,51,62,8,173,48,0,48,221
08/05/2023,SGF,MO,ACE,CE,Combined TRACON& Tower with Radar,39,21,20,0,80,0,12,8,2,22,39,33,28,2,102,4,0,4,106
08/06/2023,SGF,MO,ACE,CE,Combined TRACON& Tower with Radar,35,23,29,2,89,0,2,13,6,21,35,25,42,8,110,10,0,10,120
08/07/2023,SGF,MO,ACE,CE,Combined TRACON& Tower with Radar,42,30,35,0,107,0,16,20,0,36,42,46,55,0,143,32,0,32,175
08/08/2023,SGF,MO,ACE,CE,Combined TRACON& Tower with Radar,40,24,45,32,141,0,26,32,6,64,40,50,77,38,205,56,4,60,265
08/09/2023,SGF,MO,ACE,CE,Combined TRACON& Tower with Radar,38,22,25,0,85,0,0,1,1,2,38,22,26,1,87,0,0,0,87
08/10/2023,SGF,MO,ACE,CE,Combined TRACON& Tower with Radar,43,28,35,7,113,0,22,26,9,57,43,50,61,16,170,35,6,41,211
08/11/2023,SGF,MO,ACE,CE,Combined TRACON& Tower with Radar,52,24,41,5,122,0,16,23,8,47,52,40,64,13,169,26,0,26,195
08/12/2023,SGF,MO,ACE,CE,Combined TRACON& Tower with Radar,40,18,20,0,78,0,6,8,0,14,40,24,28,0,92,20,0,20,112
08/13/2023,SGF,MO,ACE,CE,Combined TRACON& Tower with Radar,36,22,17,1,76,0,4,8,0,12,36,26,25,1,88,12,0,12,100
08/14/2023,SGF,MO,ACE,CE,Combined TRACON& Tower with Radar,43,22,34,10,109,0,14,12,4,30,43,36,46,14,139,2,12,14,153
08/15/2023,SGF,MO,ACE,CE,Combined TRACON& Tower with Radar,38,32,35,10,115,0,12,15,8,35,38,44,50,18,150,16,0,16,166
08/16/2023,SGF,MO,ACE,CE,Combined TRACON& Tower with Radar,39,43,42,14,138,0,26,43,7,76,39,69,85,21,214,22,4,26,240
08/17/2023,SGF,MO,ACE,CE,Combined TRACON& Tower with Radar,46,29,51,14,140,0,12,30,6,48,46,41,81,20,188,26,16,42,230
08/18/2023,SGF,MO,ACE,CE,Combined TRACON& Tower with Radar,43,38,47,11,139,0,22,40,5,67,43,60,87,16,206,28,0,28,234
08/19/2023,SGF,MO,ACE,CE,Combined TRACON& Tower with Radar,43,26,33,8,110,0,4,16,1,21,43,30,49,9,131,46,6,52,183
08/20/2023,SGF,MO,ACE,CE,Combined TRACON& Tower with Radar,40,27,26,6,99,0,8,19,0,27,40,35,45,6,126,18,14,32,158
08/21/2023,SGF,MO,ACE,CE,Combined TRACON& Tower with Radar,43,28,32,0,103,0,13,11,0,24,43,41,43,0,127,20,0,20,147
08/22/2023,SGF,MO,ACE,CE,Combined TRACON& Tower with Radar,39,25,29,2,95,0,17,15,5,37,39,42,44,7,132,52,0,52,184
08/23/2023,SGF,MO,ACE,CE,Combined TRACON& Tower with Radar,46,34,33,7,120,0,39,21,6,66,46,73,54,13,186,20,12,32,218
08/24/2023,SGF,MO,ACE,CE,Combined TRACON& Tower with Radar,46,24,43,21,134,0,26,22,9,57,46,50,65,30,191,52,8,60,251
08/25/2023,SGF,MO,ACE,CE,Combined TRACON& Tower with Radar,44,21,47,2,114,0,37,26,9,72,44,58,73,11,186,26,0,26,212
08/26/2023,SGF,MO,ACE,CE,Combined TRACON& Tower with Radar,39,20,19,0,78,0,6,21,2,29,39,26,40,2,107,28,0,28,135
08/27/2023,SGF,MO,ACE,CE,Combined TRACON& Tower with Radar,39,19,46,0,104,0,6,8,0,14,39,25,54,0,118,10,0,10,128
08/28/2023,SGF,MO,ACE,CE,Combined TRACON& Tower with Radar,43,22,46,27,138,0,25,22,3,50,43,47,68,30,188,12,4,16,204
08/29/2023,SGF,MO,ACE,CE,Combined TRACON& Tower with Radar,39,35,42,6,122,0,32,30,10,72,39,67,72,16,194,22,0,22,216
08/30/2023,SGF,MO,ACE,CE,Combined TRACON& Tower with Radar,38,26,36,23,123,0,51,57,14,122,38,77,93,37,245,32,8,40,285
08/31/2023,SGF,MO,ACE,CE,Combined TRACON& Tower with Radar,41,38,42,6,127,0,27,41,11,79,41,65,83,17,206,40,8,48,254
01/01/2020,SGF,MO,ACE,CE,Combined TRACON& Tower with Radar,10,43,14,0,67,0,0,15,0,15,10,43,29,0,82,0,0,0,82
01/02/2020,SGF,MO,ACE,CE,Combined TRACON& Tower with Radar,24,52,25,1,102,0,6,5,3,14,24,58,30,4,116,12,0,12,128
01/03/2020,SGF,MO,ACE,CE,Combined TRACON& Tower with Radar,23,47,18,0,88,0,4,2,0,6,23,51,20,0,94,16,0,16,110
01/04/2020,SGF,MO,ACE,CE,Combined TRACON& Tower with Radar,21,52,27,0,100,0,12,23,2,37,21,64,50,2,137,45,0,45,182
01/05/2020,SGF,MO,ACE,CE,Combined TRACON& Tower with Radar,20,46,22,0,88,0,13,19,0,32,20,59,41,0,120,32,0,32,152
01/06/2020,SGF,MO,ACE,CE,Combined TRACON& Tower with Radar,18,42,25,0,85,0,17,18,0,35,18,59,43,0,120,14,0,14,134
01/07/2020,SGF,MO,ACE,CE,Combined TRACON& Tower with Radar,26,43,26,3,98,0,13,12,6,31,26,56,38,9,129,55,4,59,188
01/08/2020,SGF,MO,ACE,CE,Combined TRACON& Tower with Radar,24,55,50,0,129,0,26,20,5,51,24,81,70,5,180,40,0,40,220
01/09/2020,SGF,MO,ACE,CE,Combined TRACON& Tower with Radar,24,54,24,0,102,0,1,0,0,1,24,55,24,0,103,0,0,0,103
01/10/2020,SGF,MO,ACE,CE,Combined TRACON& Tower with Radar,23,41,10,4,78,0,0,3,0,3,23,41,13,4,81,0,0,0,81
01/11/2020,SGF,MO,ACE,CE,Combined TRACON& Tower with Radar,21,29,6,0,56,0,0,0,0,0,21,29,6,0,56,0,0,0,56
01/12/2020,SGF,MO,ACE,CE,Combined TRACON& Tower with Radar,22,40,20,0,82,0,0,0,0,0,22,40,20,0,82,0,0,0,82
01/13/2020,SGF,MO,ACE,CE,Combined TRACON& Tower with Radar,20,56,21,16,113,0,22,10,0,32,20,78,31,16,145,46,0,46,191
01/14/2020,SGF,MO,ACE,CE,Combined TRACON& Tower with Radar,24,53,29,15,121,0,29,7,4,40,24,82,36,19,161,40,24,64,225
01/15/2020,SGF,MO,ACE,CE,Combined TRACON& Tower with Radar,22,59,43,24,148,0,2,5,6,13,22,61,48,30,161,0,24,24,185
01/16/2020,SGF,MO,ACE,CE,Combined TRACON& Tower with Radar,24,62,43,13,142,0,24,20,4,48,24,86,63,17,190,32,0,32,222
01/17/2020,SGF,MO,ACE,CE,Combined TRACON& Tower with Radar,22,34,9,0,65,0,0,0,0,0,22,34,9,0,65,0,0,0,65
01/18/2020,SGF,MO,ACE,CE,Combined TRACON& Tower with Radar,26,32,9,0,67,0,2,5,0,7,26,34,14,0,74,8,0,8,82
01/19/2020,SGF,MO,ACE,CE,Combined TRACON& Tower with Radar,18,43,24,0,85,0,9,9,4,22,18,52,33,4,107,12,0,12,119
01/20/2020,SGF,MO,ACE,CE,Combined TRACON& Tower with Radar,20,62,30,0,112,0,18,13,0,31,20,80,43,0,143,44,0,44,187
01/21/2020,SGF,MO,ACE,CE,Combined TRACON& Tower with Radar,24,47,36,3,110,0,18,7,5,30,24,65,43,8,140,15,0,15,155
01/22/2020,SGF,MO,ACE,CE,Combined TRACON& Tower with Radar,22,47,34,0,103,0,3,2,0,5,22,50,36,0,108,6,0,6,114
01/23/2020,SGF,MO,ACE,CE,Combined TRACON& Tower with Radar,23,51,21,0,95,0,0,0,0,0,23,51,21,0,95,0,0,0,95
01/24/2020,SGF,MO,ACE,CE,Combined TRACON& Tower with Radar,23,47,9,0,79,0,0,0,0,0,23,47,9,0,79,0,0,0,79
01/25/2020,SGF,MO,ACE,CE,Combined TRACON& Tower with Radar,24,35,35,0,94,0,23,26,0,49,24,58,61,0,143,48,0,48,191
01/26/2020,SGF,MO,ACE,CE,Combined TRACON& Tower with Radar,21,40,20,0,81,0,8,9,0,17,21,48,29,0,98,12,0,12,110
01/27/2020,SGF,MO,ACE,CE,Combined TRACON& Tower with Radar,20,58,30,20,128,0,26,15,2,43,20,84,45,22,171,54,40,94,265
01/28/2020,SGF,MO,ACE,CE,Combined TRACON& Tower with Radar,24,41,39,0,104,0,0,0,0,0,24,41,39,0,104,0,0,0,104
01/29/2020,SGF,MO,ACE,CE,Combined TRACON& Tower with Radar,20,50,29,0,99,0,0,0,0,0,20,50,29,0,99,0,0,0,99
01/30/2020,SGF,MO,ACE,CE,Combined TRACON& Tower with Radar,22,49,19,0,90,0,1,1,0,2,22,50,20,0,92,6,0,6,98
01/31/2020,SGF,MO,ACE,CE,Combined TRACON& Tower with Radar,25,47,38,2,112,0,4,5,4,13,25,51,43,6,125,14,14,28,153
02/01/2020,SGF,MO,ACE,CE,Combined TRACON& Tower with Radar,23,45,17,0,85,0,37,39,0,76,23,82,56,0,161,113,0,113,274
02/02/2020,SGF,MO,ACE,CE,Combined TRACON& Tower with Radar,20,42,22,0,84,0,14,25,0,39,20,56,47,0,123,22,0,22,145
02/03/2020,SGF,MO,ACE,CE,Combined TRACON& Tower with Radar,24,51,40,2,117,0,7,10,0,17,24,58,50,2,134,10,0,10,144
02/04/2020,SGF,MO,ACE,CE,Combined TRACON& Tower with Radar,22,50,39,0,111,0,1,0,0,1,22,51,39,0,112,0,0,0,112
02/05/2020,SGF,MO,ACE,CE,Combined TRACON& Tower with Radar,22,38,11,0,71,0,0,0,0,0,22,38,11,0,71,0,0,0,71
02/06/2020,SGF,MO,ACE,CE,Combined TRACON& Tower with Radar,22,50,19,8,99,0,11,6,10,27,22,61,25,18,126,15,12,27,153
02/07/2020,SGF,MO,ACE,CE,Combined TRACON& Tower with Radar,25,49,42,0,116,0,32,27,7,66,25,81,69,7,182,57,2,59,241
02/08/2020,SGF,MO,ACE,CE,Combined TRACON& Tower with Radar,23,45,14,0,82,0,37,40,0,77,23,82,54,0,159,87,0,87,246
02/09/2020,SGF,MO,ACE,CE,Combined TRACON& Tower with Radar,24,41,11,0,76,0,1,0,2,3,24,42,11,2,79,0,0,0,79
02/10/2020,SGF,MO,ACE,CE,Combined TRACON& Tower with Radar,19,50,22,5,96,0,0,0,0,0,19,50,22,5,96,0,0,0,96
02/11/2020,SGF,MO,ACE,CE,Combined TRACON& Tower with Radar,25,51,24,0,100,0,19,2,7,28,25,70,26,7,128,20,0,20,148
02/12/2020,SGF,MO,ACE,CE,Combined TRACON& Tower with Radar,20,47,20,0,87,0,1,0,0,1,20,48,20,0,88,0,0,0,88
02/13/2020,SGF,MO,ACE,CE,Combined TRACON& Tower with Radar,26,44,22,5,97,0,22,13,8,43,26,66,35,13,140,35,0,35,175
02/14/2020,SGF,MO,ACE,CE,Combined TRACON& Tower with Radar,29,49,29,3,110,0,18,24,1,43,29,67,53,4,153,66,2,68,221
02/15/2020,SGF,MO,ACE,CE,Combined TRACON& Tower with Radar,21,43,18,0,82,0,15,18,0,33,21,58,36,0,115,54,0,54,169
02/16/2020,SGF,MO,ACE,CE,Combined TRACON& Tower with Radar,24,39,12,0,75,0,17,31,0,48,24,56,43,0,123,37,0,37,160
02/17/2020,SGF,MO,ACE,CE,Combined TRACON& Tower with Radar,26,63,49,0,138,0,3,2,0,5,26,66,51,0,143,0,0,0,143
02/18/2020,SGF,MO,ACE,CE,Combined TRACON& Tower with Radar,28,63,24,1,116,0,23,3,3,29,28,86,27,4,145,25,4,29,174
02/19/2020,SGF,MO,ACE,CE,Combined TRACON& Tower with Radar,26,36,49,7,118,0,28,6,10,44,26,64,55,17,162,60,0,60,222
02/20/2020,SGF,MO,ACE,CE,Combined TRACON& Tower with Radar,28,50,27,21,126,0,13,9,7,29,28,63,36,28,155,74,0,74,229
02/21/2020,SGF,MO,ACE,CE,Combined TRACON& Tower with Radar,27,50,35,0,112,0,31,24,6,61,27,81,59,6,173,66,0,66,239
02/22/2020,SGF,MO,ACE,CE,Combined TRACON& Tower with Radar,21,32,27,2,82,0,27,28,1,56,21,59,55,3,138,97,0,97,235
02/23/2020,SGF,MO,ACE,CE,Combined TRACON& Tower with Radar,24,44,19,0,87,0,4,1,2,7,24,48,20,2,94,4,0,4,98
02/24/2020,SGF,MO,ACE,CE,Combined TRACON& Tower with Radar,26,44,29,0,99,0,0,0,0,0,26,44,29,0,99,0,0,0,99
02/25/2020,SGF,MO,ACE,CE,Combined TRACON& Tower with Radar,28,43,24,0,95,0,0,1,0,1,28,43,25,0,96,0,0,0,96
02/26/2020,SGF,MO,ACE,CE,Combined TRACON& Tower with Radar,26,57,33,0,116,0,10,4,6,20,26,67,37,6,136,0,0,0,136
02/27/2020,SGF,MO,ACE,CE,Combined TRACON& Tower with Radar,28,52,41,0,121,0,30,15,13,58,28,82,56,13,179,42,0,42,221
02/28/2020,SGF,MO,ACE,CE,Combined TRACON& Tower with Radar,29,48,18,0,95,0,6,17,8,31,29,54,35,8,126,0,0,0,126
02/29/2020,SGF,MO,ACE,CE,Combined TRACON& Tower with Radar,21,38,28,0,87,0,23,26,0,49,21,61,54,0,136,98,0,98,234
03/01/2020,SGF,MO,ACE,CE,Combined TRACON& Tower with Radar,26,40,20,0,86,0,0,15,0,15,26,40,35,0,101,20,0,20,121
03/02/2020,SGF,MO,ACE,CE,Combined TRACON& Tower with Radar,26,63,13,0,102,0,0,0,0,0,26,63,13,0,102,0,0,0,102
03/03/2020,SGF,MO,ACE,CE,Combined TRACON& Tower with Radar,29,56,44,19,148,0,18,29,3,50,29,74,73,22,198,106,0,106,304
03/04/2020,SGF,MO,ACE,CE,Combined TRACON& Tower with Radar,28,58,41,0,127,0,19,25,14,58,28,77,66,14,185,26,6,32,217
03/05/2020,SGF,MO,ACE,CE,Combined TRACON& Tower with Radar,30,64,49,15,158,0,15,28,6,49,30,79,77,21,207,50,4,54,261
03/06/2020,SGF,MO,ACE,CE,Combined TRACON& Tower with Radar,29,71,27,0,127,0,31,27,8,66,29,102,54,8,193,59,0,59,252
03/07/2020,SGF,MO,ACE,CE,Combined TRACON& Tower with Radar,27,45,22,0,94,0,17,15,0,32,27,62,37,0,126,91,0,91,217
03/08/2020,SGF,MO,ACE,CE,Combined TRACON& Tower with Radar,24,43,21,1,89,0,3,14,1,18,24,46,35,2,107,28,0,28,135
03/09/2020,SGF,MO,ACE,CE,Combined TRACON& Tower with Radar,28,44,12,7,91,0,1,0,3,4,28,45,12,10,95,0,0,0,95
03/10/2020,SGF,MO,ACE,CE,Combined TRACON& Tower with Radar,29,50,37,3,119,0,7,10,0,17,29,57,47,3,136,10,0,10,146
03/11/2020,SGF,MO,ACE,CE,Combined TRACON& Tower with Radar,30,62,42,0,134,0,19,15,4,38,30,81,57,4,172,16,0,16,188
03/12/2020,SGF,MO,ACE,CE,Combined TRACON& Tower with Radar,27,47,28,0,102,0,7,5,0,12,27,54,33,0,114,0,0,0,114
03/13/2020,SGF,MO,ACE,CE,Combined TRACON& Tower with Radar,30,54,31,6,121,0,22,7,2,31,30,76,38,8,152,32,0,32,184
03/14/2020,SGF,MO,ACE,CE,Combined TRACON& Tower with Radar,30,40,15,0,85,0,1,0,0,1,30,41,15,0,86,0,0,0,86
03/15/2020,SGF,MO,ACE,CE,Combined TRACON& Tower with Radar,23,39,17,3,82,0,0,1,0,1,23,39,18,3,83,0,0,0,83
03/16/2020,SGF,MO,ACE,CE,Combined TRACON& Tower with Radar,26,41,17,0,84,0,0,0,0,0,26,41,17,0,84,0,0,0,84
03/17/2020,SGF,MO,ACE,CE,Combined TRACON& Tower with Radar,30,44,34,7,115,0,2,0,0,2,30,46,34,7,117,0,0,0,117
03/18/2020,SGF,MO,ACE,CE,Combined TRACON& Tower with Radar,28,47,20,1,96,0,1,6,2,9,28,48,26,3,105,0,14,14,119
03/19/2020,SGF,MO,ACE,CE,Combined TRACON& Tower with Radar,26,39,10,0,75,0,2,0,2,4,26,41,10,2,79,0,0,0,79
03/20/2020,SGF,MO,ACE,CE,Combined TRACON& Tower with Radar,23,44,18,3,88,0,1,1,0,2,23,45,19,3,90,0,0,0,90
03/21/2020,SGF,MO,ACE,CE,Combined TRACON& Tower with Radar,28,24,15,0,67,0,4,17,0,21,28,28,32,0,88,8,0,8,96
03/22/2020,SGF,MO,ACE,CE,Combined TRACON& Tower with Radar,23,35,11,0,69,0,0,0,0,0,23,35,11,0,69,0,0,0,69
03/23/2020,SGF,MO,ACE,CE,Combined TRACON& Tower with Radar,19,39,3,0,61,0,3,7,0,10,19,42,10,0,71,0,0,0,71
03/24/2020,SGF,MO,ACE,CE,Combined TRACON& Tower with Radar,23,32,7,20,82,0,3,2,0,5,23,35,9,20,87,10,0,10,97
03/25/2020,SGF,MO,ACE,CE,Combined TRACON& Tower with Radar,14,56,12,0,82,0,11,17,12,40,14,67,29,12,122,36,0,36,158
03/26/2020,SGF,MO,ACE,CE,Combined TRACON& Tower with Radar,14,23,12,16,65,0,4,10,9,23,14,27,22,25,88,0,20,20,108
03/27/2020,SGF,MO,ACE,CE,Combined TRACON& Tower with Radar,14,20,15,2,51,0,1,20,2,23,14,21,35,4,74,0,0,0,74
03/28/2020,SGF,MO,ACE,CE,Combined TRACON& Tower with Radar,15,14,0,0,29,0,1,4,0,5,15,15,4,0,34,0,0,0,34
03/29/2020,SGF,MO,ACE,CE,Combined TRACON& Tower with Radar,17,14,10,0,41,0,0,20,0,20,17,14,30,0,61,0,0,0,61
03/30/2020,SGF,MO,ACE,CE,Combined TRACON& Tower with Radar,14,23,13,9,59,0,2,23,0,25,14,25,36,9,84,12,0,12,96
03/31/2020,SGF,MO,ACE,CE,Combined TRACON& Tower with Radar,18,21,6,4,49,0,0,10,4,14,18,21,16,8,63,12,0,12,75
04/01/2020,SGF,MO,ACE,CE,Combined TRACON& Tower with Radar,14,19,21,4,58,0,0,17,0,17,14,19,38,4,75,0,0,0,75
04/02/2020,SGF,MO,ACE,CE,Combined TRACON& Tower with Radar,14,19,11,0,44,0,0,7,0,7,14,19,18,0,51,0,0,0,51
04/03/2020,SGF,MO,ACE,CE,Combined TRACON& Tower with Radar,13,26,7,0,46,0,1,2,0,3,13,27,9,0,49,0,0,0,49
04/04/2020,SGF,MO,ACE,CE,Combined TRACON& Tower with Radar,13,14,8,0,35,0,0,0,0,0,13,14,8,0,35,0,0,0,35
04/05/2020,SGF,MO,ACE,CE,Combined TRACON& Tower with Radar,6,13,7,0,26,0,0,2,0,2,6,13,9,0,28,8,0,8,36
04/06/2020,SGF,MO,ACE,CE,Combined TRACON& Tower with Radar,10,10,12,0,32,0,0,7,0,7,10,10,19,0,39,20,0,20,59
04/07/2020,SGF,MO,ACE,CE,Combined TRACON& Tower with Radar,14,10,10,14,48,0,0,13,0,13,14,10,23,14,61,0,0,0,61
04/08/2020,SGF,MO,ACE,CE,Combined TRACON& Tower with Radar,11,18,13,0,42,0,2,8,0,10,11,20,21,0,52,0,0,0,52
04/09/2020,SGF,MO,ACE,CE,Combined TRACON& Tower with Radar,15,13,3,2,33,0,0,23,0,23,15,13,26,2,56,0,0,0,56
04/10/2020,SGF,MO,ACE,CE,Combined TRACON& Tower with Radar,15,8,13,0,36,0,2,16,0,18,15,10,29,0,54,18,0,18,72
04/11/2020,SGF,MO,ACE,CE,Combined TRACON& Tower with Radar,9,11,9,0,29,0,0,5,4,9,9,11,14,4,38,0,0,0,38
04/12/2020,SGF,MO,ACE,CE,Combined TRACON& Tower with Radar,8,14,0,0,22,0,1,0,0,1,8,15,0,0,23,0,0,0,23
04/13/2020,SGF,MO,ACE,CE,Combined TRACON& Tower with Radar,10,16,11,10,47,0,1,4,0,5,10,17,15,10,52,0,3,3,55
04/14/2020,SGF,MO,ACE,CE,Combined TRACON& Tower with Radar,12,13,2,2,29,0,0,7,4,11,12,13,9,6,40,22,0,22,62
04/15/2020,SGF,MO,ACE,CE,Combined TRACON& Tower with Radar,14,17,6,1,38,0,0,12,1,13,14,17,18,2,51,0,0,0,51
04/16/2020,SGF,MO,ACE,CE,Combined TRACON& Tower with Radar,14,14,10,2,40,0,2,18,0,20,14,16,28,2,60,4,0,4,64
04/17/2020,SGF,MO,ACE,CE,Combined TRACON& Tower with Radar,15,10,5,0,30,0,1,2,0,3,15,11,7,0,33,0,0,0,33
04/18/2020,SGF,MO,ACE,CE,Combined TRACON& Tower with Radar,9,9,6,0,24,0,0,25,0,25,9,9,31,0,49,0,0,0,49
04/19/2020,SGF,MO,ACE,CE,Combined TRACON& Tower with Radar,10,11,6,0,27,0,2,2,0,4,10,13,8,0,31,0,0,0,31
04/20/2020,SGF,MO,ACE,CE,Combined TRACON& Tower with Radar,10,13,17,4,44,0,1,6,0,7,10,14,23,4,51,0,0,0,51
04/21/2020,SGF,MO,ACE,CE,Combined TRACON& Tower with Radar,10,15,14,6,45,0,0,32,2,34,10,15,46,8,79,24,0,24,103
04/22/2020,SGF,MO,ACE,CE,Combined TRACON& Tower with Radar,12,12,14,1,39,0,1,1,1,3,12,13,15,2,42,0,0,0,42
04/23/2020,SGF,MO,ACE,CE,Combined TRACON& Tower with Radar,14,12,16,14,56,0,1,5,0,6,14,13,21,14,62,0,0,0,62
04/24/2020,SGF,MO,ACE,CE,Combined TRACON& Tower with Radar,20,13,8,8,49,0,3,4,2,9,20,16,12,10,58,0,0,0,58
04/25/2020,SGF,MO,ACE,CE,Combined TRACON& Tower with Radar,8,10,4,0,22,0,3,4,0,7,8,13,8,0,29,0,0,0,29
04/26/2020,SGF,MO,ACE,CE,Combined TRACON& Tower with Radar,9,9,16,2,36,0,0,31,0,31,9,9,47,2,67,0,0,0,67
04/27/2020,SGF,MO,ACE,CE,Combined TRACON& Tower with Radar,9,12,13,18,52,0,0,6,1,7,9,12,19,19,59,0,0,0,59
04/28/2020,SGF,MO,ACE,CE,Combined TRACON& Tower with Radar,10,14,12,8,44,0,1,0,3,4,10,15,12,11,48,0,4,4,52
04/29/2020,SGF,MO,ACE,CE,Combined TRACON& Tower with Radar,8,12,18,4,42,0,3,2,8,13,8,15,20,12,55,0,0,0,55
04/30/2020,SGF,MO,ACE,CE,Combined TRACON& Tower with Radar,12,9,27,0,48,0,0,28,5,33,12,9,55,5,81,34,0,34,115
05/01/2020,SGF,MO,ACE,CE,Combined TRACON& Tower with Radar,11,21,21,0,53,0,0,21,0,21,11,21,42,0,74,0,0,0,74
05/02/2020,SGF,MO,ACE,CE,Combined TRACON& Tower with Radar,9,11,25,0,45,0,0,31,0,31,9,11,56,0,76,18,0,18,94
05/03/2020,SGF,MO,ACE,CE,Combined TRACON& Tower with Radar,10,17,9,0,36,0,2,3,0,5,10,19,12,0,41,0,0,0,41
05/04/2020,SGF,MO,ACE,CE,Combined TRACON& Tower with Radar,8,14,7,0,29,0,1,0,0,1,8,15,7,0,30,0,0,0,30
05/05/2020,SGF,MO,ACE,CE,Combined TRACON& Tower with Radar,10,9,14,0,33,0,1,5,1,7,10,10,19,1,40,0,0,0,40
05/06/2020,SGF,MO,ACE,CE,Combined TRACON& Tower with Radar,12,23,30,6,71,0,4,18,13,35,12,27,48,19,106,22,0,22,128
05/07/2020,SGF,MO,ACE,CE,Combined TRACON& Tower with Radar,14,13,25,0,52,0,4,17,6,27,14,17,42,6,79,32,0,32,111
05/08/2020,SGF,MO,ACE,CE,Combined TRACON& Tower with Radar,18,14,12,6,50,0,1,5,1,7,18,15,17,7,57,4,0,4,61
05/09/2020,SGF,MO,ACE,CE,Combined TRACON& Tower with Radar,12,13,24,0,49,0,9,39,3,51,12,22,63,3,100,34,0,34,134
05/10/2020,SGF,MO,ACE,CE,Combined TRACON& Tower with Radar,12,27,9,0,48,0,0,13,0,13,12,27,22,0,61,0,0,0,61
05/11/2020,SGF,MO,ACE,CE,Combined TRACON& Tower with Radar,11,21,23,0,55,0,7,7,1,15,11,28,30,1,70,6,0,6,76
05/12/2020,SGF,MO,ACE,CE,Combined TRACON& Tower with Radar,14,12,26,0,52,0,0,0,0,0,14,12,26,0,52,0,0,0,52
05/13/2020,SGF,MO,ACE,CE,Combined TRACON& Tower with Radar,12,14,20,3,49,0,2,3,4,9,12,16,23,7,58,28,12,40,98
05/14/2020,SGF,MO,ACE,CE,Combined TRACON& Tower with Radar,19,15,22,1,57,0,13,9,9,31,19,28,31,10,88,32,10,42,130
05/15/2020,SGF,MO,ACE,CE,Combined TRACON& Tower with Radar,20,17,11,0,48,0,5,3,4,12,20,22,14,4,60,0,16,16,76
05/16/2020,SGF,MO,ACE,CE,Combined TRACON& Tower with Radar,19,19,6,0,44,0,2,4,0,6,19,21,10,0,50,8,0,8,58
05/17/2020,SGF,MO,ACE,CE,Combined TRACON& Tower with Radar,13,15,14,0,42,0,1,5,0,6,13,16,19,0,48,22,0,22,70
05/18/2020,SGF,MO,ACE,CE,Combined TRACON& Tower with Radar,11,28,17,4,60,0,14,4,0,18,11,42,21,4,78,6,0,6,84
05/19/2020,SGF,MO,ACE,CE,Combined TRACON& Tower with Radar,12,21,45,15,93,0,18,19,9,46,12,39,64,24,139,24,14,38,177
05/20/2020,SGF,MO,ACE,CE,Combined TRACON& Tower with Radar,11,44,54,5,114,0,13,9,13,35,11,57,63,18,149,10,0,10,159
05/21/2020,SGF,MO,ACE,CE,Combined TRACON& Tower with Radar,20,28,51,12,111,0,14,6,3,23,20,42,57,15,134,0,0,0,134
05/22/2020,SGF,MO,ACE,CE,Combined TRACON& Tower with Radar,26,16,13,0,55,0,9,2,0,11,26,25,15,0,66,4,2,6,72
05/23/2020,SGF,MO,ACE,CE,Combined TRACON& Tower with Radar,23,18,35,0,76,0,15,42,1,58,23,33,77,1,134,52,0,52,186
05/24/2020,SGF,MO,ACE,CE,Combined TRACON& Tower with Radar,13,16,7,0,36,0,6,13,1,20,13,22,20,1,56,28,0,28,84
05/25/2020,SGF,MO,ACE,CE,Combined TRACON& Tower with Radar,14,14,4,0,32,0,4,1,0,5,14,18,5,0,37,8,0,8,45
05/26/2020,SGF,MO,ACE,CE,Combined TRACON& Tower with Radar,16,10,23,2,51,0,7,4,0,11,16,17,27,2,62,0,6,6,68
05/27/2020,SGF,MO,ACE,CE,Combined TRACON& Tower with Radar,12,17,40,0,69,0,0,0,1,1,12,17,40,1,70,6,0,6,76
05/28/2020,SGF,MO,ACE,CE,Combined TRACON& Tower with Radar,20,14,8,2,44,0,1,2,0,3,20,15,10,2,47,18,0,18,65
05/29/2020,SGF,MO,ACE,CE,Combined TRACON& Tower with Radar,21,28,47,3,99,0,14,23,7,44,21,42,70,10,143,26,0,26,169
05/30/2020,SGF,MO,ACE,CE,Combined TRACON& Tower with Radar,22,8,24,0,54,0,12,30,2,44,22,20,54,2,98,64,0,64,162
05/31/2020,SGF,MO,ACE,CE,Combined TRACON& Tower with Radar,13,13,19,0,45,0,5,17,0,22,13,18,36,0,67,18,0,18,85
06/01/2020,SGF,MO,ACE,CE,Combined TRACON& Tower with Radar,18,14,22,18,72,0,6,33,2,41,18,20,55,20,113,10,6,16,129
06/02/2020,SGF,MO,ACE,CE,Combined TRACON& Tower with Radar,11,24,34,0,69,0,10,21,6,37,11,34,55,6,106,12,0,12,118
06/03/2020,SGF,MO,ACE,CE,Combined TRACON& Tower with Radar,13,42,16,3,74,0,20,16,7,43,13,62,32,10,117,43,0,43,160
06/04/2020,SGF,MO,ACE,CE,Combined TRACON& Tower with Radar,27,17,21,3,68,0,17,17,3,37,27,34,38,6,105,40,0,40,145
06/05/2020,SGF,MO,ACE,CE,Combined TRACON& Tower with Radar,21,22,31,0,74,0,16,25,7,48,21,38,56,7,122,20,0,20,142
06/06/2020,SGF,MO,ACE,CE,Combined TRACON& Tower with Radar,19,10,17,0,46,0,10,31,0,41,19,20,48,0,87,44,0,44,131
06/07/2020,SGF,MO,ACE,CE,Combined TRACON& Tower with Radar,16,13,16,0,45,0,1,18,0,19,16,14,34,0,64,0,0,0,64
06/08/2020,SGF,MO,ACE,CE,Combined TRACON& Tower with Radar,16,22,10,2,50,0,21,9,0,30,16,43,19,2,80,66,0,66,146
06/09/2020,SGF,MO,ACE,CE,Combined TRACON& Tower with Radar,18,13,20,1,52,0,5,5,7,17,18,18,25,8,69,6,0,6,75
06/10/2020,SGF,MO,ACE,CE,Combined TRACON& Tower with Radar,12,11,32,0,55,0,1,6,3,10,12,12,38,3,65,0,0,0,65
06/11/2020,SGF,MO,ACE,CE,Combined TRACON& Tower with Radar,22,33,34,5,94,0,23,38,9,70,22,56,72,14,164,26,0,26,190
06/12/2020,SGF,MO,ACE,CE,Combined TRACON& Tower with Radar,19,19,28,15,81,0,23,28,1,52,19,42,56,16,133,22,22,44,177
06/13/2020,SGF,MO,ACE,CE,Combined TRACON& Tower with Radar,19,14,25,0,58,0,19,25,0,44,19,33,50,0,102,47,0,47,149
06/14/2020,SGF,MO,ACE,CE,Combined TRACON& Tower with Radar,16,15,24,16,71,0,5,36,2,43,16,20,60,18,114,3,6,9,123
06/15/2020,SGF,MO,ACE,CE,Combined TRACON& Tower with Radar,16,44,22,2,84,0,16,18,0,34,16,60,40,2,118,26,4,30,148
06/16/2020,SGF,MO,ACE,CE,Combined TRACON& Tower with Radar,12,34,42,10,98,0,15,19,7,41,12,49,61,17,139,30,0,30,169
06/17/2020,SGF,MO,ACE,CE,Combined TRACON& Tower with Radar,12,27,29,8,76,0,20,9,4,33,12,47,38,12,109,40,0,40,149
06/18/2020,SGF,MO,ACE,CE,Combined TRACON& Tower with Radar,22,15,40,21,98,0,23,18,8,49,22,38,58,29,147,42,0,42,189
06/19/2020,SGF,MO,ACE,CE,Combined TRACON& Tower with Radar,19,24,21,0,64,0,10,18,5,33,19,34,39,5,97,16,0,16,113
06/20/2020,SGF,MO,ACE,CE,Combined TRACON& Tower with Radar,19,11,20,0,50,0,6,9,0,15,19,17,29,0,65,24,0,24,89
06/21/2020,SGF,MO,ACE,CE,Combined TRACON& Tower with Radar,16,19,19,0,54,0,3,17,0,20,16,22,36,0,74,0,0,0,74
06/22/2020,SGF,MO,ACE,CE,Combined TRACON& Tower with Radar,16,23,32,6,77,0,10,12,0,22,16,33,44,6,99,54,0,54,153
06/23/2020,SGF,MO,ACE,CE,Combined TRACON& Tower with Radar,12,28,21,4,65,0,13,17,7,37,12,41,38,11,102,64,12,76,178
06/24/2020,SGF,MO,ACE,CE,Combined TRACON& Tower with Radar,12,29,30,15,86,0,23,21,7,51,12,52,51,22,137,34,10,44,181
06/25/2020,SGF,MO,ACE,CE,Combined TRACON& Tower with Radar,20,20,28,12,80,0,13,20,6,39,20,33,48,18,119,41,0,41,160
06/26/2020,SGF,MO,ACE,CE,Combined TRACON& Tower with Radar,21,33,34,1,89,0,12,14,7,33,21,45,48,8,122,16,0,16,138
06/27/2020,SGF,MO,ACE,CE,Combined TRACON& Tower with Radar,19,12,21,0,52,0,0,2,0,2,19,12,23,0,54,4,0,4,58
06/28/2020,SGF,MO,ACE,CE,Combined TRACON& Tower with Radar,16,20,25,0,61,0,0,18,0,18,16,20,43,0,79,0,0,0,79
06/29/2020,SGF,MO,ACE,CE,Combined TRACON& Tower with Radar,17,23,9,10,59,0,6,4,0,10,17,29,13,10,69,8,0,8,77
06/30/2020,SGF,MO,ACE,CE,Combined TRACON& Tower with Radar,13,14,34,0,61,0,1,15,2,18,13,15,49,2,79,28,0,28,107
07/01/2020,SGF,MO,ACE,CE,Combined TRACON& Tower with Radar,16,37,33,2,88,0,16,11,7,34,16,53,44,9,122,38,14,52,174
07/02/2020,SGF,MO,ACE,CE,Combined TRACON& Tower with Radar,22,16,28,7,73,0,15,19,5,39,22,31,47,12,112,42,0,42,154
07/03/2020,SGF,MO,ACE,CE,Combined TRACON& Tower with Radar,21,16,25,0,62,0,9,10,0,19,21,25,35,0,81,31,0,31,112
07/04/2020,SGF,MO,ACE,CE,Combined TRACON& Tower with Radar,17,9,6,0,32,0,1,11,3,15,17,10,17,3,47,0,0,0,47
07/05/2020,SGF,MO,ACE,CE,Combined TRACON& Tower with Radar,18,14,28,0,60,0,1,28,2,31,18,15,56,2,91,0,0,0,91
07/06/2020,SGF,MO,ACE,CE,Combined TRACON& Tower with Radar,18,26,22,0,66,0,20,6,0,26,18,46,28,0,92,40,0,40,132
07/07/2020,SGF,MO,ACE,CE,Combined TRACON& Tower with Radar,15,39,32,22,108,0,15,14,7,36,15,54,46,29,144,62,14,76,220
07/08/2020,SGF,MO,ACE,CE,Combined TRACON& Tower with Radar,16,39,24,5,84,0,23,26,7,56,16,62,50,12,140,38,0,38,178
07/09/2020,SGF,MO,ACE,CE,Combined TRACON& Tower with Radar,21,46,33,1,101,0,9,17,8,34,21,55,50,9,135,30,0,30,165
07/10/2020,SGF,MO,ACE,CE,Combined TRACON& Tower with Radar,21,39,32,13,105,0,18,31,2,51,21,57,63,15,156,50,14,64,220
07/11/2020,SGF,MO,ACE,CE,Combined TRACON& Tower with Radar,26,28,12,1,67,0,9,25,0,34,26,37,37,1,101,38,0,38,139
07/12/2020,SGF,MO,ACE,CE,Combined TRACON& Tower with Radar,18,31,20,0,69,0,2,21,0,23,18,33,41,0,92,0,0,0,92
07/13/2020,SGF,MO,ACE,CE,Combined TRACON& Tower with Radar,18,34,29,2,83,0,12,21,2,35,18,46,50,4,118,40,0,40,158
07/14/2020,SGF,MO,ACE,CE,Combined TRACON& Tower with Radar,14,34,28,5,81,0,8,20,7,35,14,42,48,12,116,32,0,32,148
07/15/2020,SGF,MO,ACE,CE,Combined TRACON& Tower with Radar,20,43,24,1,88,0,4,10,5,19,20,47,34,6,107,6,0,6,113
07/16/2020,SGF,MO,ACE,CE,Combined TRACON& Tower with Radar,26,37,27,3,93,0,21,19,6,46,26,58,46,9,139,24,4,28,167
07/17/2020,SGF,MO,ACE,CE,Combined TRACON& Tower with Radar,23,30,35,0,88,0,4,16,4,24,23,34,51,4,112,46,0,46,158
07/18/2020,SGF,MO,ACE,CE,Combined TRACON& Tower with Radar,19,28,25,0,72,0,9,27,1,37,19,37,52,1,109,52,0,52,161
07/19/2020,SGF,MO,ACE,CE,Combined TRACON& Tower with Radar,22,33,18,0,73,0,4,14,0,18,22,37,32,0,91,0,0,0,91
07/20/2020,SGF,MO,ACE,CE,Combined TRACON& Tower with Radar,18,46,35,6,105,0,8,12,4,24,18,54,47,10,129,42,0,42,171
07/21/2020,SGF,MO,ACE,CE,Combined TRACON& Tower with Radar,14,34,40,9,97,0,2,16,6,24,14,36,56,15,121,44,0,44,165
07/22/2020,SGF,MO,ACE,CE,Combined TRACON& Tower with Radar,14,32,27,21,94,0,26,11,7,44,14,58,38,28,138,76,4,80,218
07/23/2020,SGF,MO,ACE,CE,Combined TRACON& Tower with Radar,22,36,38,3,99,0,22,21,7,50,22,58,59,10,149,53,0,53,202
07/24/2020,SGF,MO,ACE,CE,Combined TRACON& Tower with Radar,20,39,26,5,90,0,13,15,4,32,20,52,41,9,122,12,0,12,134
07/25/2020,SGF,MO,ACE,CE,Combined TRACON& Tower with Radar,18,34,25,0,77,0,10,37,0,47,18,44,62,0,124,33,0,33,157
07/26/2020,SGF,MO,ACE,CE,Combined TRACON& Tower with Radar,18,29,22,0,69,0,0,18,0,18,18,29,40,0,87,20,0,20,107
07/27/2020,SGF,MO,ACE,CE,Combined TRACON& Tower with Radar,18,35,35,0,88,0,7,6,0,13,18,42,41,0,101,18,0,18,119
07/28/2020,SGF,MO,ACE,CE,Combined TRACON& Tower with Radar,16,32,32,5,85,0,0,9,3,12,16,32,41,8,97,36,12,48,145
07/29/2020,SGF,MO,ACE,CE,Combined TRACON& Tower with Radar,15,33,18,0,66,0,1,5,0,6,15,34,23,0,72,20,0,20,92
07/30/2020,SGF,MO,ACE,CE,Combined TRACON& Tower with Radar,22,46,21,2,91,0,9,14,5,28,22,55,35,7,119,26,8,34,153
07/31/2020,SGF,MO,ACE,CE,Combined TRACON& Tower with Radar,20,33,14,4,71,0,0,3,0,3,20,33,17,4,74,0,0,0,74
08/01/2020,SGF,MO,ACE,CE,Combined TRACON& Tower with Radar,21,32,23,0,76,0,5,35,0,40,21,37,58,0,116,60,0,60,176
08/02/2020,SGF,MO,ACE,CE,Combined TRACON& Tower with Radar,21,29,21,0,71,0,0,21,0,21,21,29,42,0,92,0,0,0,92
08/03/2020,SGF,MO,ACE,CE,Combined TRACON& Tower with Radar,20,38,28,0,86,0,19,20,0,39,20,57,48,0,125,82,0,82,207
08/04/2020,SGF,MO,ACE,CE,Combined TRACON& Tower with Radar,16,42,39,5,102,0,23,25,4,52,16,65,64,9,154,63,0,63,217
08/05/2020,SGF,MO,ACE,CE,Combined TRACON& Tower with Radar,17,38,28,1,84,0,20,24,7,51,17,58,52,8,135,56,10,66,201
08/06/2020,SGF,MO,ACE,CE,Combined TRACON& Tower with Radar,24,40,35,11,110,0,13,35,6,54,24,53,70,17,164,48,24,72,236
08/07/2020,SGF,MO,ACE,CE,Combined TRACON& Tower with Radar,23,40,32,4,99,0,3,2,0,5,23,43,34,4,104,22,0,22,126
08/08/2020,SGF,MO,ACE,CE,Combined TRACON& Tower with Radar,22,25,20,0,67,0,6,20,0,26,22,31,40,0,93,32,0,32,125
08/09/2020,SGF,MO,ACE,CE,Combined TRACON& Tower with Radar,20,30,27,0,77,0,0,21,0,21,20,30,48,0,98,14,0,14,112
08/10/2020,SGF,MO,ACE,CE,Combined TRACON& Tower with Radar,20,32,28,0,80,0,13,11,0,24,20,45,39,0,104,28,0,28,132
08/11/2020,SGF,MO,ACE,CE,Combined TRACON& Tower with Radar,18,34,11,3,66,0,9,6,2,17,18,43,17,5,83,12,0,12,95
08/12/2020,SGF,MO,ACE,CE,Combined TRACON& Tower with Radar,22,37,19,10,88,0,11,13,4,28,22,48,32,14,116,8,0,8,124
08/13/2020,SGF,MO,ACE,CE,Combined TRACON& Tower with Radar,24,35,36,7,102,0,8,2,3,13,24,43,38,10,115,22,0,22,137
08/14/2020,SGF,MO,ACE,CE,Combined TRACON& Tower with Radar,22,38,20,18,98,0,16,24,2,42,22,54,44,20,140,34,0,34,174
08/15/2020,SGF,MO,ACE,CE,Combined TRACON& Tower with Radar,22,39,15,2,78,0,16,19,1,36,22,55,34,3,114,12,0,12,126
08/16/2020,SGF,MO,ACE,CE,Combined TRACON& Tower with Radar,18,33,27,0,78,0,6,26,3,35,18,39,53,3,113,26,0,26,139
08/17/2020,SGF,MO,ACE,CE,Combined TRACON& Tower with Radar,24,36,19,2,81,0,12,8,0,20,24,48,27,2,101,16,0,16,117
08/18/2020,SGF,MO,ACE,CE,Combined TRACON& Tower with Radar,18,35,23,2,78,0,14,14,1,29,18,49,37,3,107,4,0,4,111
08/19/2020,SGF,MO,ACE,CE,Combined TRACON& Tower with Radar,15,34,27,0,76,0,18,20,0,38,15,52,47,0,114,34,0,34,148
08/20/2020,SGF,MO,ACE,CE,Combined TRACON& Tower with Radar,25,50,42,8,125,0,16,48,2,66,25,66,90,10,191,40,30,70,261
08/21/2020,SGF,MO,ACE,CE,Combined TRACON& Tower with Radar,20,32,30,1,83,0,19,13,3,35,20,51,43,4,118,64,0,64,182
08/22/2020,SGF,MO,ACE,CE,Combined TRACON& Tower with Radar,16,32,14,7,69,0,2,31,3,36,16,34,45,10,105,6,0,6,111
08/23/2020,SGF,MO,ACE,CE,Combined TRACON& Tower with Radar,18,30,25,0,73,0,8,18,0,26,18,38,43,0,99,0,0,0,99
08/24/2020,SGF,MO,ACE,CE,Combined TRACON& Tower with Radar,20,40,22,9,91,0,15,21,8,44,20,55,43,17,135,12,0,12,147
08/25/2020,SGF,MO,ACE,CE,Combined TRACON& Tower with Radar,14,35,26,5,80,0,8,22,4,34,14,43,48,9,114,8,0,8,122
08/26/2020,SGF,MO,ACE,CE,Combined TRACON& Tower with Radar,14,40,44,9,107,0,10,26,11,47,14,50,70,20,154,22,16,38,192
08/27/2020,SGF,MO,ACE,CE,Combined TRACON& Tower with Radar,23,39,24,0,86,0,1,3,2,6,23,40,27,2,92,16,0,16,108
08/28/2020,SGF,MO,ACE,CE,Combined TRACON& Tower with Radar,20,34,32,1,87,0,13,20,2,35,20,47,52,3,122,16,0,16,138
08/29/2020,SGF,MO,ACE,CE,Combined TRACON& Tower with Radar,14,28,3,0,45,0,4,11,0,15,14,32,14,0,60,24,0,24,84
08/30/2020,SGF,MO,ACE,CE,Combined TRACON& Tower with Radar,16,28,7,0,51,0,1,3,0,4,16,29,10,0,55,2,0,2,57
08/31/2020,SGF,MO,ACE,CE,Combined TRACON& Tower with Radar,19,34,19,0,72,0,9,8,0,17,19,43,27,0,89,6,0,6,95
09/01/2020,SGF,MO,ACE,CE,Combined TRACON& Tower with Radar,15,27,9,6,57,0,3,0,3,6,15,30,9,9,63,0,0,0,63
09/02/2020,SGF,MO,ACE,CE,Combined TRACON& Tower with Radar,15,53,40,2,110,0,14,9,3,26,15,67,49,5,136,14,6,20,156
09/03/2020,SGF,MO,ACE,CE,Combined TRACON& Tower with Radar,20,34,47,6,107,0,9,22,7,38,20,43,69,13,145,14,0,14,159
09/04/2020,SGF,MO,ACE,CE,Combined TRACON& Tower with Radar,22,41,30,0,93,0,29,23,1,53,22,70,53,1,146,36,0,36,182
09/05/2020,SGF,MO,ACE,CE,Combined TRACON& Tower with Radar,16,28,23,0,67,0,20,14,0,34,16,48,37,0,101,0,0,0,101
09/06/2020,SGF,MO,ACE,CE,Combined TRACON& Tower with Radar,14,28,7,0,49,0,14,12,0,26,14,42,19,0,75,0,0,0,75
09/07/2020,SGF,MO,ACE,CE,Combined TRACON& Tower with Radar,18,39,24,0,81,0,26,23,0,49,18,65,47,0,130,26,0,26,156
09/08/2020,SGF,MO,ACE,CE,Combined TRACON& Tower with Radar,13,27,24,1,65,0,8,4,3,15,13,35,28,4,80,24,0,24,104
09/09/2020,SGF,MO,ACE,CE,Combined TRACON& Tower with Radar,18,41,40,9,108,0,10,16,11,37,18,51,56,20,145,12,24,36,181
09/10/2020,SGF,MO,ACE,CE,Combined TRACON& Tower with Radar,20,44,30,2,96,0,19,15,7,41,20,63,45,9,137,28,18,46,183
09/11/2020,SGF,MO,ACE,CE,Combined TRACON& Tower with Radar,20,31,34,1,86,0,1,3,1,5,20,32,37,2,91,16,0,16,107
09/12/2020,SGF,MO,ACE,CE,Combined TRACON& Tower with Radar,14,51,24,2,91,0,2,16,0,18,14,53,40,2,109,34,0,34,143
09/13/2020,SGF,MO,ACE,CE,Combined TRACON& Tower with Radar,16,35,27,0,78,0,10,21,0,31,16,45,48,0,109,16,0,16,125
09/14/2020,SGF,MO,ACE,CE,Combined TRACON& Tower with Radar,16,31,26,10,83,0,15,22,0,37,16,46,48,10,120,10,0,10,130
09/15/2020,SGF,MO,ACE,CE,Combined TRACON& Tower with Radar,14,32,28,5,79,0,27,25,3,55,14,59,53,8,134,54,0,54,188
09/16/2020,SGF,MO,ACE,CE,Combined TRACON& Tower with Radar,14,44,51,3,112,0,23,38,10,71,14,67,89,13,183,18,0,18,201
09/17/2020,SGF,MO,ACE,CE,Combined TRACON& Tower with Radar,22,49,27,6,104,0,11,18,6,35,22,60,45,12,139,8,0,8,147
09/18/2020,SGF,MO,ACE,CE,Combined TRACON& Tower with Radar,18,49,22,1,90,0,26,25,7,58,18,75,47,8,148,64,0,64,212
09/19/2020,SGF,MO,ACE,CE,Combined TRACON& Tower with Radar,14,32,27,12,85,0,18,38,4,60,14,50,65,16,145,18,0,18,163
09/20/2020,SGF,MO,ACE,CE,Combined TRACON& Tower with Radar,16,30,26,0,72,0,2,34,0,36,16,32,60,0,108,42,0,42,150
09/21/2020,SGF,MO,ACE,CE,Combined TRACON& Tower with Radar,18,40,39,0,97,0,22,26,2,50,18,62,65,2,147,40,0,40,187
09/22/2020,SGF,MO,ACE,CE,Combined TRACON& Tower with Radar,14,31,27,1,73,0,24,11,1,36,14,55,38,2,109,64,0,64,173
09/23/2020,SGF,MO,ACE,CE,Combined TRACON& Tower with Radar,14,39,30,23,106,0,16,15,8,39,14,55,45,31,145,18,0,18,163
09/24/2020,SGF,MO,ACE,CE,Combined TRACON& Tower with Radar,22,40,33,3,98,0,13,16,6,35,22,53,49,9,133,18,0,18,151
09/25/2020,SGF,MO,ACE,CE,Combined TRACON& Tower with Radar,20,41,39,0,100,0,10,31,2,43,20,51,70,2,143,66,0,66,209
09/26/2020,SGF,MO,ACE,CE,Combined TRACON& Tower with Radar,16,31,30,2,79,0,17,22,0,39,16,48,52,2,118,16,0,16,134
09/27/2020,SGF,MO,ACE,CE,Combined TRACON& Tower with Radar,16,32,28,0,76,0,2,12,0,14,16,34,40,0,90,8,0,8,98
09/28/2020,SGF,MO,ACE,CE,Combined TRACON& Tower with Radar,16,35,16,0,67,0,14,7,0,21,16,49,23,0,88,44,0,44,132
09/29/2020,SGF,MO,ACE,CE,Combined TRACON& Tower with Radar,14,37,44,16,111,0,13,21,1,35,14,50,65,17,146,42,0,42,188
09/30/2020,SGF,MO,ACE,CE,Combined TRACON& Tower with Radar,14,55,41,4,114,0,20,9,6,35,14,75,50,10,149,28,0,28,177
10/01/2020,SGF,MO,ACE,CE,Combined TRACON& Tower with Radar,20,33,40,9,102,0,11,23,3,37,20,44,63,12,139,14,8,22,161
10/02/2020,SGF,MO,ACE,CE,Combined TRACON& Tower with Radar,20,34,31,8,93,0,9,28,0,37,20,43,59,8,130,28,0,28,158
10/03/2020,SGF,MO,ACE,CE,Combined TRACON& Tower with Radar,16,30,15,1,62,0,8,13,4,25,16,38,28,5,87,28,0,28,115
10/04/2020,SGF,MO,ACE,CE,Combined TRACON& Tower with Radar,18,29,26,0,73,0,5,12,0,17,18,34,38,0,90,8,0,8,98
10/05/2020,SGF,MO,ACE,CE,Combined TRACON& Tower with Radar,16,37,19,8,80,0,20,22,0,42,16,57,41,8,122,62,10,72,194
10/06/2020,SGF,MO,ACE,CE,Combined TRACON& Tower with Radar,18,41,31,5,95,0,25,19,13,57,18,66,50,18,152,80,0,80,232
10/07/2020,SGF,MO,ACE,CE,Combined TRACON& Tower with Radar,16,40,42,8,106,0,32,26,5,63,16,72,68,13,169,80,0,80,249
10/08/2020,SGF,MO,ACE,CE,Combined TRACON& Tower with Radar,24,42,36,1,103,0,24,16,1,41,24,66,52,2,144,60,0,60,204
10/09/2020,SGF,MO,ACE,CE,Combined TRACON& Tower with Radar,21,38,22,0,81,0,12,13,0,25,21,50,35,0,106,62,0,62,168
10/10/2020,SGF,MO,ACE,CE,Combined TRACON& Tower with Radar,17,31,26,0,74,0,6,25,1,32,17,37,51,1,106,34,0,34,140
10/11/2020,SGF,MO,ACE,CE,Combined TRACON& Tower with Radar,14,30,24,6,74,0,4,24,0,28,14,34,48,6,102,0,0,0,102
10/12/2020,SGF,MO,ACE,CE,Combined TRACON& Tower with Radar,18,38,30,0,86,0,2,10,0,12,18,40,40,0,98,0,0,0,98
10/13/2020,SGF,MO,ACE,CE,Combined TRACON& Tower with Radar,16,30,32,0,78,0,16,32,6,54,16,46,64,6,132,24,0,24,156
10/14/2020,SGF,MO,ACE,CE,Combined TRACON& Tower with Radar,20,18,33,1,72,0,10,16,7,33,20,28,49,8,105,28,0,28,133
10/15/2020,SGF,MO,ACE,CE,Combined TRACON& Tower with Radar,22,45,34,0,101,0,11,10,2,23,22,56,44,2,124,46,20,66,190
10/16/2020,SGF,MO,ACE,CE,Combined TRACON& Tower with Radar,18,53,44,8,123,0,17,25,8,50,18,70,69,16,173,58,0,58,231
10/17/2020,SGF,MO,ACE,CE,Combined TRACON& Tower with Radar,18,26,8,0,52,0,0,7,0,7,18,26,15,0,59,0,0,0,59
10/18/2020,SGF,MO,ACE,CE,Combined TRACON& Tower with Radar,16,28,24,0,68,0,0,1,0,1,16,28,25,0,69,22,0,22,91
10/19/2020,SGF,MO,ACE,CE,Combined TRACON& Tower with Radar,16,34,15,0,65,0,0,0,0,0,16,34,15,0,65,0,0,0,65
10/20/2020,SGF,MO,ACE,CE,Combined TRACON& Tower with Radar,16,26,22,4,68,0,0,0,0,0,16,26,22,4,68,0,0,0,68
10/21/2020,SGF,MO,ACE,CE,Combined TRACON& Tower with Radar,16,22,37,5,80,0,8,11,1,20,16,30,48,6,100,60,0,60,160
10/22/2020,SGF,MO,ACE,CE,Combined TRACON& Tower with Radar,20,35,32,7,94,0,6,15,19,40,20,41,47,26,134,30,0,30,164
10/23/2020,SGF,MO,ACE,CE,Combined TRACON& Tower with Radar,21,39,35,0,95,0,1,1,1,3,21,40,36,1,98,0,0,0,98
10/24/2020,SGF,MO,ACE,CE,Combined TRACON& Tower with Radar,18,26,23,0,67,0,0,5,2,7,18,26,28,2,74,86,20,106,180
10/25/2020,SGF,MO,ACE,CE,Combined TRACON& Tower with Radar,16,29,30,0,75,0,1,0,0,1,16,30,30,0,76,0,0,0,76
10/26/2020,SGF,MO,ACE,CE,Combined TRACON& Tower with Radar,17,27,17,0,61,0,0,0,0,0,17,27,17,0,61,0,0,0,61
10/27/2020,SGF,MO,ACE,CE,Combined TRACON& Tower with Radar,18,25,28,0,71,0,0,1,0,1,18,25,29,0,72,4,0,4,76
10/28/2020,SGF,MO,ACE,CE,Combined TRACON& Tower with Radar,16,25,13,2,56,0,0,1,0,1,16,25,14,2,57,0,0,0,57
10/29/2020,SGF,MO,ACE,CE,Combined TRACON& Tower with Radar,18,36,22,11,87,0,2,3,1,6,18,38,25,12,93,0,28,28,121
10/30/2020,SGF,MO,ACE,CE,Combined TRACON& Tower with Radar,21,46,22,3,92,0,21,56,2,79,21,67,78,5,171,108,0,108,279
10/31/2020,SGF,MO,ACE,CE,Combined TRACON& Tower with Radar,15,28,30,0,73,0,22,39,0,61,15,50,69,0,134,68,0,68,202
11/01/2020,SGF,MO,ACE,CE,Combined TRACON& Tower with Radar,14,25,28,0,67,0,12,15,0,27,14,37,43,0,94,2,0,2,96
11/02/2020,SGF,MO,ACE,CE,Combined TRACON& Tower with Radar,16,39,27,14,96,0,20,9,0,29,16,59,36,14,125,20,0,20,145
11/03/2020,SGF,MO,ACE,CE,Combined TRACON& Tower with Radar,12,27,27,2,68,0,19,18,10,47,12,46,45,12,115,98,1,99,214
11/04/2020,SGF,MO,ACE,CE,Combined TRACON& Tower with Radar,12,43,32,2,89,0,20,22,3,45,12,63,54,5,134,91,0,91,225
11/05/2020,SGF,MO,ACE,CE,Combined TRACON& Tower with Radar,20,43,37,36,136,0,16,23,18,57,20,59,60,54,193,136,22,158,351
11/06/2020,SGF,MO,ACE,CE,Combined TRACON& Tower with Radar,19,41,28,8,96,0,17,29,6,52,19,58,57,14,148,192,14,206,354
11/07/2020,SGF,MO,ACE,CE,Combined TRACON& Tower with Radar,17,31,24,10,82,0,18,16,6,40,17,49,40,16,122,126,0,126,248
11/08/2020,SGF,MO,ACE,CE,Combined TRACON& Tower with Radar,14,37,18,0,69,0,0,5,4,9,14,37,23,4,78,8,0,8,86
11/09/2020,SGF,MO,ACE,CE,Combined TRACON& Tower with Radar,16,32,27,3,78,0,2,10,6,18,16,34,37,9,96,20,0,20,116
11/10/2020,SGF,MO,ACE,CE,Combined TRACON& Tower with Radar,14,21,30,1,66,0,4,2,1,7,14,25,32,2,73,28,0,28,101
11/11/2020,SGF,MO,ACE,CE,Combined TRACON& Tower with Radar,14,46,30,0,90,0,26,24,0,50,14,72,54,0,140,46,0,46,186
11/12/2020,SGF,MO,ACE,CE,Combined TRACON& Tower with Radar,18,39,44,1,102,0,28,35,13,76,18,67,79,14,178,60,0,60,238
11/13/2020,SGF,MO,ACE,CE,Combined TRACON& Tower with Radar,19,46,38,17,120,0,16,25,5,46,19,62,63,22,166,25,8,33,199
11/14/2020,SGF,MO,ACE,CE,Combined TRACON& Tower with Radar,19,24,13,0,56,0,2,0,2,4,19,26,13,2,60,10,12,22,82
11/15/2020,SGF,MO,ACE,CE,Combined TRACON& Tower with Radar,14,29,16,0,59,0,0,7,0,7,14,29,23,0,66,0,0,0,66
11/16/2020,SGF,MO,ACE,CE,Combined TRACON& Tower with Radar,16,29,18,12,75,0,15,15,0,30,16,44,33,12,105,30,0,30,135
11/17/2020,SGF,MO,ACE,CE,Combined TRACON& Tower with Radar,14,21,37,22,94,0,22,34,6,62,14,43,71,28,156,104,8,112,268
11/18/2020,SGF,MO,ACE,CE,Combined TRACON& Tower with Radar,14,30,14,9,67,0,6,9,8,23,14,36,23,17,90,12,0,12,102
11/19/2020,SGF,MO,ACE,CE,Combined TRACON& Tower with Radar,18,33,18,2,71,0,2,7,12,21,18,35,25,14,92,0,0,0,92
11/20/2020,SGF,MO,ACE,CE,Combined TRACON& Tower with Radar,23,34,36,3,96,0,7,20,3,30,23,41,56,6,126,66,0,66,192
11/21/2020,SGF,MO,ACE,CE,Combined TRACON& Tower with Radar,19,29,20,0,68,0,0,0,0,0,19,29,20,0,68,0,0,0,68
11/22/2020,SGF,MO,ACE,CE,Combined TRACON& Tower with Radar,16,29,9,0,54,0,0,7,0,7,16,29,16,0,61,0,0,0,61
11/23/2020,SGF,MO,ACE,CE,Combined TRACON& Tower with Radar,20,29,39,4,92,0,8,18,0,26,20,37,57,4,118,34,6,40,158
11/24/2020,SGF,MO,ACE,CE,Combined TRACON& Tower with Radar,21,26,23,0,70,0,4,1,2,7,21,30,24,2,77,0,14,14,91
11/25/2020,SGF,MO,ACE,CE,Combined TRACON& Tower with Radar,23,30,26,0,79,0,0,0,0,0,23,30,26,0,79,0,0,0,79
11/26/2020,SGF,MO,ACE,CE,Combined TRACON& Tower with Radar,12,6,13,0,31,0,1,10,0,11,12,7,23,0,42,0,0,0,42
11/27/2020,SGF,MO,ACE,CE,Combined TRACON& Tower with Radar,15,17,22,0,54,0,12,22,0,34,15,29,44,0,88,14,0,14,102
11/28/2020,SGF,MO,ACE,CE,Combined TRACON& Tower with Radar,19,34,28,0,81,0,12,38,2,52,19,46,66,2,133,26,0,26,159
11/29/2020,SGF,MO,ACE,CE,Combined TRACON& Tower with Radar,20,32,25,0,77,0,4,6,2,12,20,36,31,2,89,34,0,34,123
11/30/2020,SGF,MO,ACE,CE,Combined TRACON& Tower with Radar,16,33,26,1,76,0,2,18,1,21,16,35,44,2,97,32,0,32,129
12/01/2020,SGF,MO,ACE,CE,Combined TRACON& Tower with Radar,23,28,34,2,87,0,12,22,0,34,23,40,56,2,121,100,0,100,221
12/02/2020,SGF,MO,ACE,CE,Combined TRACON& Tower with Radar,20,27,20,0,67,0,10,21,2,33,20,37,41,2,100,68,0,68,168
12/03/2020,SGF,MO,ACE,CE,Combined TRACON& Tower with Radar,24,22,32,4,82,0,0,0,0,0,24,22,32,4,82,0,48,48,130
12/04/2020,SGF,MO,ACE,CE,Combined TRACON& Tower with Radar,25,26,23,10,84,0,22,13,2,37,25,48,36,12,121,70,0,70,191
12/05/2020,SGF,MO,ACE,CE,Combined TRACON& Tower with Radar,19,20,8,18,65,0,21,35,10,66,19,41,43,28,131,32,0,32,163
12/06/2020,SGF,MO,ACE,CE,Combined TRACON& Tower with Radar,18,27,29,0,74,0,8,19,2,29,18,35,48,2,103,16,0,16,119
12/07/2020,SGF,MO,ACE,CE,Combined TRACON& Tower with Radar,20,29,27,14,90,0,14,14,0,28,20,43,41,14,118,48,6,54,172
12/08/2020,SGF,MO,ACE,CE,Combined TRACON& Tower with Radar,22,18,22,4,66,0,19,16,0,35,22,37,38,4,101,74,0,74,175
12/09/2020,SGF,MO,ACE,CE,Combined TRACON& Tower with Radar,20,16,33,3,72,0,37,23,6,66,20,53,56,9,138,108,6,114,252
12/10/2020,SGF,MO,ACE,CE,Combined TRACON& Tower with Radar,24,37,29,7,97,0,23,37,11,71,24,60,66,18,168,46,0,46,214
12/11/2020,SGF,MO,ACE,CE,Combined TRACON& Tower with Radar,24,23,15,4,66,0,0,0,2,2,24,23,15,6,68,0,0,0,68
12/12/2020,SGF,MO,ACE,CE,Combined TRACON& Tower with Radar,21,18,14,0,53,0,0,6,0,6,21,18,20,0,59,14,0,14,73
12/13/2020,SGF,MO,ACE,CE,Combined TRACON& Tower with Radar,20,22,7,0,49,0,2,2,0,4,20,24,9,0,53,0,0,0,53
12/14/2020,SGF,MO,ACE,CE,Combined TRACON& Tower with Radar,21,32,33,0,86,0,8,22,0,30,21,40,55,0,116,50,0,50,166
12/15/2020,SGF,MO,ACE,CE,Combined TRACON& Tower with Radar,18,27,23,1,69,0,12,6,9,27,18,39,29,10,96,58,22,80,176
12/16/2020,SGF,MO,ACE,CE,Combined TRACON& Tower with Radar,20,16,33,7,76,0,3,11,9,23,20,19,44,16,99,60,0,60,159
12/17/2020,SGF,MO,ACE,CE,Combined TRACON& Tower with Radar,20,54,47,3,124,0,21,22,17,60,20,75,69,20,184,72,0,72,256
12/18/2020,SGF,MO,ACE,CE,Combined TRACON& Tower with Radar,22,30,32,9,93,0,6,19,5,30,22,36,51,14,123,16,0,16,139
12/19/2020,SGF,MO,ACE,CE,Combined TRACON& Tower with Radar,23,25,24,0,72,0,4,24,0,28,23,29,48,0,100,24,0,24,124
12/20/2020,SGF,MO,ACE,CE,Combined TRACON& Tower with Radar,18,25,27,0,70,0,7,14,0,21,18,32,41,0,91,22,0,22,113
12/21/2020,SGF,MO,ACE,CE,Combined TRACON& Tower with Radar,25,29,7,0,61,0,15,16,0,31,25,44,23,0,92,28,0,28,120
12/22/2020,SGF,MO,ACE,CE,Combined TRACON& Tower with Radar,24,34,34,8,100,0,8,29,7,44,24,42,63,15,144,34,0,34,178
12/23/2020,SGF,MO,ACE,CE,Combined TRACON& Tower with Radar,26,40,20,0,86,0,5,6,0,11,26,45,26,0,97,2,0,2,99
12/24/2020,SGF,MO,ACE,CE,Combined TRACON& Tower with Radar,24,14,12,0,50,0,0,4,0,4,24,14,16,0,54,0,0,0,54
12/25/2020,SGF,MO,ACE,CE,Combined TRACON& Tower with Radar,12,18,3,0,33,0,0,7,0,7,12,18,10,0,40,0,0,0,40
12/26/2020,SGF,MO,ACE,CE,Combined TRACON& Tower with Radar,23,31,24,0,78,0,4,25,0,29,23,35,49,0,107,18,0,18,125
12/27/2020,SGF,MO,ACE,CE,Combined TRACON& Tower with Radar,18,25,9,0,52,0,2,4,0,6,18,27,13,0,58,4,0,4,62
12/28/2020,SGF,MO,ACE,CE,Combined TRACON& Tower with Radar,25,31,28,1,85,0,13,28,1,42,25,44,56,2,127,12,0,12,139
12/29/2020,SGF,MO,ACE,CE,Combined TRACON& Tower with Radar,18,23,18,0,59,0,1,1,0,2,18,24,19,0,61,0,0,0,61
12/30/2020,SGF,MO,ACE,CE,Combined TRACON& Tower with Radar,24,26,12,0,62,0,0,0,0,0,24,26,12,0,62,0,0,0,62
12/31/2020,SGF,MO,ACE,CE,Combined TRACON& Tower with Radar,23,18,5,0,46,0,1,8,0,9,23,19,13,0,55,0,0,0,55
01/01/2021,SGF,MO,ACE,CE,Combined TRACON& Tower with Radar,11,26,4,0,41,0,0,0,0,0,11,26,4,0,41,0,0,0,41
01/02/2021,SGF,MO,ACE,CE,Combined TRACON& Tower with Radar,23,27,12,0,62,0,0,0,0,0,23,27,12,0,62,0,0,0,62
01/03/2021,SGF,MO,ACE,CE,Combined TRACON& Tower with Radar,20,29,17,0,66,0,6,16,0,22,20,35,33,0,88,0,0,0,88
01/04/2021,SGF,MO,ACE,CE,Combined TRACON& Tower with Radar,22,41,28,0,91,0,18,13,0,31,22,59,41,0,122,18,0,18,140
01/05/2021,SGF,MO,ACE,CE,Combined TRACON& Tower with Radar,16,36,37,13,102,0,22,32,8,62,16,58,69,21,164,86,12,98,262
01/06/2021,SGF,MO,ACE,CE,Combined TRACON& Tower with Radar,18,24,15,0,57,0,3,6,3,12,18,27,21,3,69,8,46,54,123
01/07/2021,SGF,MO,ACE,CE,Combined TRACON& Tower with Radar,24,26,11,0,61,0,0,0,0,0,24,26,11,0,61,0,14,14,75
01/08/2021,SGF,MO,ACE,CE,Combined TRACON& Tower with Radar,23,32,16,0,71,0,1,9,0,10,23,33,25,0,81,8,0,8,89
01/09/2021,SGF,MO,ACE,CE,Combined TRACON& Tower with Radar,19,30,22,0,71,0,0,15,6,21,19,30,37,6,92,0,0,0,92
01/10/2021,SGF,MO,ACE,CE,Combined TRACON& Tower with Radar,18,22,15,4,59,0,0,11,0,11,18,22,26,4,70,0,0,0,70
01/11/2021,SGF,MO,ACE,CE,Combined TRACON& Tower with Radar,20,29,19,0,68,0,6,5,0,11,20,35,24,0,79,30,0,30,109
01/12/2021,SGF,MO,ACE,CE,Combined TRACON& Tower with Radar,18,32,25,6,81,0,17,24,7,48,18,49,49,13,129,38,0,38,167
01/13/2021,SGF,MO,ACE,CE,Combined TRACON& Tower with Radar,18,36,38,7,99,0,28,29,19,76,18,64,67,26,175,33,0,33,208
01/14/2021,SGF,MO,ACE,CE,Combined TRACON& Tower with Radar,24,27,22,1,74,0,0,4,9,13,24,27,26,10,87,9,0,9,96
01/15/2021,SGF,MO,ACE,CE,Combined TRACON& Tower with Radar,21,24,11,0,56,0,1,0,0,1,21,25,11,0,57,0,0,0,57
01/16/2021,SGF,MO,ACE,CE,Combined TRACON& Tower with Radar,17,20,18,0,55,0,1,10,0,11,17,21,28,0,66,0,0,0,66
01/17/2021,SGF,MO,ACE,CE,Combined TRACON& Tower with Radar,16,24,16,0,56,0,11,18,3,32,16,35,34,3,88,14,0,14,102
01/18/2021,SGF,MO,ACE,CE,Combined TRACON& Tower with Radar,20,31,26,0,77,0,14,27,0,41,20,45,53,0,118,54,0,54,172
01/19/2021,SGF,MO,ACE,CE,Combined TRACON& Tower with Radar,16,24,20,1,61,0,4,11,3,18,16,28,31,4,79,16,0,16,95
01/20/2021,SGF,MO,ACE,CE,Combined TRACON& Tower with Radar,20,26,22,2,70,0,24,10,11,45,20,50,32,13,115,70,18,88,203
01/21/2021,SGF,MO,ACE,CE,Combined TRACON& Tower with Radar,24,23,40,3,90,0,17,17,10,44,24,40,57,13,134,58,14,72,206
01/22/2021,SGF,MO,ACE,CE,Combined TRACON& Tower with Radar,25,30,23,5,83,0,22,35,6,63,25,52,58,11,146,34,0,34,180
01/23/2021,SGF,MO,ACE,CE,Combined TRACON& Tower with Radar,15,23,16,0,54,0,19,28,0,47,15,42,44,0,101,42,0,42,143
01/24/2021,SGF,MO,ACE,CE,Combined TRACON& Tower with Radar,22,35,11,0,68,0,0,0,0,0,22,35,11,0,68,0,0,0,68
01/25/2021,SGF,MO,ACE,CE,Combined TRACON& Tower with Radar,20,29,16,0,65,0,0,0,0,0,20,29,16,0,65,0,0,0,65
01/26/2021,SGF,MO,ACE,CE,Combined TRACON& Tower with Radar,16,21,36,6,79,0,0,5,0,5,16,21,41,6,84,0,12,12,96
01/27/2021,SGF,MO,ACE,CE,Combined TRACON& Tower with Radar,18,30,18,2,68,0,0,0,1,1,18,30,18,3,69,0,6,6,75
01/28/2021,SGF,MO,ACE,CE,Combined TRACON& Tower with Radar,24,35,30,1,90,0,23,22,9,54,24,58,52,10,144,34,0,34,178
01/29/2021,SGF,MO,ACE,CE,Combined TRACON& Tower with Radar,23,43,39,3,108,0,30,17,4,51,23,73,56,7,159,22,12,34,193
01/30/2021,SGF,MO,ACE,CE,Combined TRACON& Tower with Radar,17,23,13,0,53,0,1,0,0,1,17,24,13,0,54,0,0,0,54
01/31/2021,SGF,MO,ACE,CE,Combined TRACON& Tower with Radar,18,23,20,0,61,0,0,0,0,0,18,23,20,0,61,0,0,0,61
02/01/2021,SGF,MO,ACE,CE,Combined TRACON& Tower with Radar,21,26,14,6,67,0,4,3,0,7,21,30,17,6,74,0,0,0,74
02/02/2021,SGF,MO,ACE,CE,Combined TRACON& Tower with Radar,17,21,38,17,93,0,14,17,6,37,17,35,55,23,130,88,0,88,218
02/03/2021,SGF,MO,ACE,CE,Combined TRACON& Tower with Radar,18,35,36,2,91,0,44,26,9,79,18,79,62,11,170,68,0,68,238
02/04/2021,SGF,MO,ACE,CE,Combined TRACON& Tower with Radar,26,20,19,6,71,0,4,3,0,7,26,24,22,6,78,0,0,0,78
02/05/2021,SGF,MO,ACE,CE,Combined TRACON& Tower with Radar,23,37,31,12,103,0,31,32,10,73,23,68,63,22,176,34,18,52,228
02/06/2021,SGF,MO,ACE,CE,Combined TRACON& Tower with Radar,19,27,13,0,59,0,11,4,0,15,19,38,17,0,74,18,0,18,92
02/07/2021,SGF,MO,ACE,CE,Combined TRACON& Tower with Radar,15,23,8,0,46,0,0,0,0,0,15,23,8,0,46,0,0,0,46
02/08/2021,SGF,MO,ACE,CE,Combined TRACON& Tower with Radar,19,25,12,0,56,0,0,0,0,0,19,25,12,0,56,0,0,0,56
02/09/2021,SGF,MO,ACE,CE,Combined TRACON& Tower with Radar,17,26,12,0,55,0,0,0,0,0,17,26,12,0,55,0,0,0,55
02/10/2021,SGF,MO,ACE,CE,Combined TRACON& Tower with Radar,17,15,15,0,47,0,0,0,0,0,17,15,15,0,47,0,0,0,47
02/11/2021,SGF,MO,ACE,CE,Combined TRACON& Tower with Radar,21,24,25,0,70,0,0,0,0,0,21,24,25,0,70,0,0,0,70
02/12/2021,SGF,MO,ACE,CE,Combined TRACON& Tower with Radar,29,31,24,0,84,0,0,0,0,0,29,31,24,0,84,0,0,0,84
02/13/2021,SGF,MO,ACE,CE,Combined TRACON& Tower with Radar,17,21,12,0,50,0,0,6,0,6,17,21,18,0,56,0,0,0,56
02/14/2021,SGF,MO,ACE,CE,Combined TRACON& Tower with Radar,10,12,6,0,28,0,1,0,0,1,10,13,6,0,29,0,0,0,29
02/15/2021,SGF,MO,ACE,CE,Combined TRACON& Tower with Radar,7,6,7,0,20,0,0,0,0,0,7,6,7,0,20,0,0,0,20
02/16/2021,SGF,MO,ACE,CE,Combined TRACON& Tower with Radar,23,12,14,0,49,0,0,0,0,0,23,12,14,0,49,0,0,0,49
02/17/2021,SGF,MO,ACE,CE,Combined TRACON& Tower with Radar,13,19,4,0,36,0,1,0,0,1,13,20,4,0,37,0,0,0,37
02/18/2021,SGF,MO,ACE,CE,Combined TRACON& Tower with Radar,24,27,7,2,60,0,0,2,0,2,24,27,9,2,62,0,0,0,62
02/19/2021,SGF,MO,ACE,CE,Combined TRACON& Tower with Radar,23,21,23,0,67,0,24,12,0,36,23,45,35,0,103,42,0,42,145
02/20/2021,SGF,MO,ACE,CE,Combined TRACON& Tower with Radar,24,34,24,0,82,0,27,32,0,59,24,61,56,0,141,30,6,36,177
02/21/2021,SGF,MO,ACE,CE,Combined TRACON& Tower with Radar,22,22,11,0,55,0,0,2,2,4,22,22,13,2,59,0,8,8,67
02/22/2021,SGF,MO,ACE,CE,Combined TRACON& Tower with Radar,21,38,31,2,92,0,14,13,0,27,21,52,44,2,119,28,0,28,147
02/23/2021,SGF,MO,ACE,CE,Combined TRACON& Tower with Radar,22,22,42,8,94,0,21,34,10,65,22,43,76,18,159,70,0,70,229
02/24/2021,SGF,MO,ACE,CE,Combined TRACON& Tower with Radar,20,48,40,2,110,0,36,23,8,67,20,84,63,10,177,42,0,42,219
02/25/2021,SGF,MO,ACE,CE,Combined TRACON& Tower with Radar,25,40,26,0,91,0,32,27,7,66,25,72,53,7,157,88,0,88,245
02/26/2021,SGF,MO,ACE,CE,Combined TRACON& Tower with Radar,28,52,23,16,119,0,6,2,2,10,28,58,25,18,129,36,38,74,203
02/27/2021,SGF,MO,ACE,CE,Combined TRACON& Tower with Radar,18,20,20,0,58,0,9,6,0,15,18,29,26,0,73,16,0,16,89
02/28/2021,SGF,MO,ACE,CE,Combined TRACON& Tower with Radar,21,26,21,0,68,0,5,7,0,12,21,31,28,0,80,8,0,8,88
03/01/2021,SGF,MO,ACE,CE,Combined TRACON& Tower with Radar,22,34,29,8,93,0,31,33,0,64,22,65,62,8,157,72,4,76,233
03/02/2021,SGF,MO,ACE,CE,Combined TRACON& Tower with Radar,20,25,29,3,77,0,18,8,11,37,20,43,37,14,114,12,10,22,136
03/03/2021,SGF,MO,ACE,CE,Combined TRACON& Tower with Radar,23,37,44,2,106,0,35,35,12,82,23,72,79,14,188,56,0,56,244
03/04/2021,SGF,MO,ACE,CE,Combined TRACON& Tower with Radar,32,39,37,0,108,0,32,24,10,66,32,71,61,10,174,18,0,18,192
03/05/2021,SGF,MO,ACE,CE,Combined TRACON& Tower with Radar,31,25,20,9,85,0,21,10,5,36,31,46,30,14,121,32,4,36,157
03/06/2021,SGF,MO,ACE,CE,Combined TRACON& Tower with Radar,29,27,24,8,88,0,23,47,6,76,29,50,71,14,164,50,0,50,214
03/07/2021,SGF,MO,ACE,CE,Combined TRACON& Tower with Radar,26,26,26,0,78,0,6,24,0,30,26,32,50,0,108,22,0,22,130
03/08/2021,SGF,MO,ACE,CE,Combined TRACON& Tower with Radar,30,27,18,0,75,0,9,33,1,43,30,36,51,1,118,10,0,10,128
03/09/2021,SGF,MO,ACE,CE,Combined TRACON& Tower with Radar,27,29,21,8,85,0,2,13,1,16,27,31,34,9,101,0,0,0,101
03/10/2021,SGF,MO,ACE,CE,Combined TRACON& Tower with Radar,34,23,20,2,79,0,0,1,9,10,34,23,21,11,89,0,0,0,89
03/11/2021,SGF,MO,ACE,CE,Combined TRACON& Tower with Radar,35,27,27,0,89,0,1,1,0,2,35,28,28,0,91,0,0,0,91
03/12/2021,SGF,MO,ACE,CE,Combined TRACON& Tower with Radar,39,23,16,0,78,0,0,0,0,0,39,23,16,0,78,0,4,4,82
03/13/2021,SGF,MO,ACE,CE,Combined TRACON& Tower with Radar,33,25,27,3,88,0,0,2,0,2,33,25,29,3,90,0,0,0,90
03/14/2021,SGF,MO,ACE,CE,Combined TRACON& Tower with Radar,28,17,14,0,59,0,0,1,0,1,28,17,15,0,60,0,0,0,60
03/15/2021,SGF,MO,ACE,CE,Combined TRACON& Tower with Radar,28,32,26,16,102,0,10,10,0,20,28,42,36,16,122,0,8,8,130
03/16/2021,SGF,MO,ACE,CE,Combined TRACON& Tower with Radar,31,49,27,42,149,0,35,31,3,69,31,84,58,45,218,59,20,79,297
03/17/2021,SGF,MO,ACE,CE,Combined TRACON& Tower with Radar,33,25,16,0,74,0,0,0,0,0,33,25,16,0,74,0,0,0,74
03/18/2021,SGF,MO,ACE,CE,Combined TRACON& Tower with Radar,32,27,21,0,80,0,0,0,0,0,32,27,21,0,80,0,0,0,80
03/19/2021,SGF,MO,ACE,CE,Combined TRACON& Tower with Radar,35,36,36,4,111,0,24,35,9,68,35,60,71,13,179,110,0,110,289
03/20/2021,SGF,MO,ACE,CE,Combined TRACON& Tower with Radar,32,32,24,0,88,0,14,28,0,42,32,46,52,0,130,46,0,46,176
03/21/2021,SGF,MO,ACE,CE,Combined TRACON& Tower with Radar,27,28,29,0,84,0,3,19,2,24,27,31,48,2,108,0,0,0,108
03/22/2021,SGF,MO,ACE,CE,Combined TRACON& Tower with Radar,27,31,28,0,86,0,6,16,0,22,27,37,44,0,108,14,0,14,122
03/23/2021,SGF,MO,ACE,CE,Combined TRACON& Tower with Radar,30,26,39,0,95,0,1,8,4,13,30,27,47,4,108,0,0,0,108
03/24/2021,SGF,MO,ACE,CE,Combined TRACON& Tower with Radar,26,44,80,6,156,0,18,18,10,46,26,62,98,16,202,38,0,38,240
03/25/2021,SGF,MO,ACE,CE,Combined TRACON& Tower with Radar,31,30,15,0,76,0,1,1,0,2,31,31,16,0,78,0,0,0,78
03/26/2021,SGF,MO,ACE,CE,Combined TRACON& Tower with Radar,35,39,41,20,135,0,13,41,9,63,35,52,82,29,198,40,6,46,244
03/27/2021,SGF,MO,ACE,CE,Combined TRACON& Tower with Radar,24,29,34,1,88,0,7,21,0,28,24,36,55,1,116,18,0,18,134
03/28/2021,SGF,MO,ACE,CE,Combined TRACON& Tower with Radar,28,22,19,0,69,0,8,22,0,30,28,30,41,0,99,24,0,24,123
03/29/2021,SGF,MO,ACE,CE,Combined TRACON& Tower with Radar,29,33,29,12,103,0,6,10,0,16,29,39,39,12,119,8,12,20,139
03/30/2021,SGF,MO,ACE,CE,Combined TRACON& Tower with Radar,22,29,25,18,94,0,12,16,12,40,22,41,41,30,134,0,0,0,134
03/31/2021,SGF,MO,ACE,CE,Combined TRACON& Tower with Radar,27,28,21,1,77,0,16,11,9,36,27,44,32,10,113,36,0,36,149
04/01/2021,SGF,MO,ACE,CE,Combined TRACON& Tower with Radar,33,42,42,22,139,0,29,32,2,63,33,71,74,24,202,74,0,74,276
04/02/2021,SGF,MO,ACE,CE,Combined TRACON& Tower with Radar,29,35,28,7,99,0,20,26,3,49,29,55,54,10,148,32,0,32,180
04/03/2021,SGF,MO,ACE,CE,Combined TRACON& Tower with Radar,22,30,20,0,72,0,14,27,0,41,22,44,47,0,113,10,0,10,123
04/04/2021,SGF,MO,ACE,CE,Combined TRACON& Tower with Radar,24,32,18,0,74,0,1,13,2,16,24,33,31,2,90,2,0,2,92
04/05/2021,SGF,MO,ACE,CE,Combined TRACON& Tower with Radar,26,40,42,12,120,0,23,20,0,43,26,63,62,12,163,30,4,34,197
04/06/2021,SGF,MO,ACE,CE,Combined TRACON& Tower with Radar,22,23,28,15,88,0,2,5,10,17,22,25,33,25,105,4,0,4,109
04/07/2021,SGF,MO,ACE,CE,Combined TRACON& Tower with Radar,24,31,30,4,89,0,2,1,2,5,24,33,31,6,94,0,0,0,94
04/08/2021,SGF,MO,ACE,CE,Combined TRACON& Tower with Radar,34,29,28,8,99,0,1,9,7,17,34,30,37,15,116,0,0,0,116
04/09/2021,SGF,MO,ACE,CE,Combined TRACON& Tower with Radar,35,28,34,2,99,0,15,19,3,37,35,43,53,5,136,72,4,76,212
04/10/2021,SGF,MO,ACE,CE,Combined TRACON& Tower with Radar,26,26,31,2,85,0,1,1,0,2,26,27,32,2,87,0,0,0,87
04/11/2021,SGF,MO,ACE,CE,Combined TRACON& Tower with Radar,23,27,32,0,82,0,3,27,0,30,23,30,59,0,112,12,0,12,124
04/12/2021,SGF,MO,ACE,CE,Combined TRACON& Tower with Radar,27,47,26,16,116,0,31,11,2,44,27,78,37,18,160,38,22,60,220
04/13/2021,SGF,MO,ACE,CE,Combined TRACON& Tower with Radar,21,33,22,3,79,0,17,14,8,39,21,50,36,11,118,40,0,40,158
04/14/2021,SGF,MO,ACE,CE,Combined TRACON& Tower with Radar,24,50,50,6,130,0,27,21,8,56,24,77,71,14,186,66,20,86,272
04/15/2021,SGF,MO,ACE,CE,Combined TRACON& Tower with Radar,32,36,47,17,132,0,25,39,14,78,32,61,86,31,210,94,20,114,324
04/16/2021,SGF,MO,ACE,CE,Combined TRACON& Tower with Radar,38,34,28,1,101,0,3,7,3,13,38,37,35,4,114,29,0,29,143
04/17/2021,SGF,MO,ACE,CE,Combined TRACON& Tower with Radar,27,27,18,0,72,0,3,7,2,12,27,30,25,2,84,8,0,8,92
04/18/2021,SGF,MO,ACE,CE,Combined TRACON& Tower with Radar,24,30,26,0,80,0,1,15,2,18,24,31,41,2,98,20,0,20,118
04/19/2021,SGF,MO,ACE,CE,Combined TRACON& Tower with Radar,28,34,31,4,97,0,18,33,0,51,28,52,64,4,148,68,0,68,216
04/20/2021,SGF,MO,ACE,CE,Combined TRACON& Tower with Radar,22,25,24,0,71,0,1,1,0,2,22,26,25,0,73,0,0,0,73
04/21/2021,SGF,MO,ACE,CE,Combined TRACON& Tower with Radar,24,27,32,5,88,0,25,14,6,45,24,52,46,11,133,30,10,40,173
04/22/2021,SGF,MO,ACE,CE,Combined TRACON& Tower with Radar,34,43,31,20,128,0,28,24,3,55,34,71,55,23,183,86,8,94,277
04/23/2021,SGF,MO,ACE,CE,Combined TRACON& Tower with Radar,34,43,33,20,130,0,7,10,4,21,34,50,43,24,151,10,0,10,161
04/24/2021,SGF,MO,ACE,CE,Combined TRACON& Tower with Radar,28,27,24,0,79,0,2,16,0,18,28,29,40,0,97,8,0,8,105
04/25/2021,SGF,MO,ACE,CE,Combined TRACON& Tower with Radar,24,29,38,0,91,0,13,24,4,41,24,42,62,4,132,37,0,37,169
04/26/2021,SGF,MO,ACE,CE,Combined TRACON& Tower with Radar,26,37,31,11,105,0,1,17,1,19,26,38,48,12,124,8,10,18,142
04/27/2021,SGF,MO,ACE,CE,Combined TRACON& Tower with Radar,20,37,19,8,84,0,10,20,2,32,20,47,39,10,116,64,4,68,184
04/28/2021,SGF,MO,ACE,CE,Combined TRACON& Tower with Radar,26,28,23,0,77,0,1,0,0,1,26,29,23,0,78,0,0,0,78
04/29/2021,SGF,MO,ACE,CE,Combined TRACON& Tower with Radar,33,40,16,7,96,0,16,7,12,35,33,56,23,19,131,8,0,8,139
04/30/2021,SGF,MO,ACE,CE,Combined TRACON& Tower with Radar,32,51,30,11,124,0,21,45,5,71,32,72,75,16,195,30,2,32,227
05/01/2021,SGF,MO,ACE,CE,Combined TRACON& Tower with Radar,26,35,20,2,83,0,6,29,1,36,26,41,49,3,119,19,0,19,138
05/02/2021,SGF,MO,ACE,CE,Combined TRACON& Tower with Radar,29,26,27,0,82,0,0,0,0,0,29,26,27,0,82,4,0,4,86
05/03/2021,SGF,MO,ACE,CE,Combined TRACON& Tower with Radar,25,40,17,4,86,0,11,8,0,19,25,51,25,4,105,8,0,8,113
05/04/2021,SGF,MO,ACE,CE,Combined TRACON& Tower with Radar,21,24,32,0,77,0,3,2,0,5,21,27,34,0,82,0,0,0,82
05/05/2021,SGF,MO,ACE,CE,Combined TRACON& Tower with Radar,30,50,43,17,140,0,22,25,15,62,30,72,68,32,202,91,0,91,293
05/06/2021,SGF,MO,ACE,CE,Combined TRACON& Tower with Radar,36,31,34,4,105,0,5,16,9,30,36,36,50,13,135,14,0,14,149
05/07/2021,SGF,MO,ACE,CE,Combined TRACON& Tower with Radar,37,30,38,0,105,0,12,28,7,47,37,42,66,7,152,22,0,22,174
05/08/2021,SGF,MO,ACE,CE,Combined TRACON& Tower with Radar,29,26,10,0,65,0,2,3,4,9,29,28,13,4,74,0,0,0,74
05/09/2021,SGF,MO,ACE,CE,Combined TRACON& Tower with Radar,31,24,24,0,79,0,2,2,0,4,31,26,26,0,83,0,0,0,83
05/10/2021,SGF,MO,ACE,CE,Combined TRACON& Tower with Radar,28,20,37,0,85,0,2,10,0,12,28,22,47,0,97,0,0,0,97
05/11/2021,SGF,MO,ACE,CE,Combined TRACON& Tower with Radar,28,28,33,8,97,0,9,11,8,28,28,37,44,16,125,31,4,35,160
05/12/2021,SGF,MO,ACE,CE,Combined TRACON& Tower with Radar,31,45,34,0,110,0,33,19,8,60,31,78,53,8,170,88,0,88,258
05/13/2021,SGF,MO,ACE,CE,Combined TRACON& Tower with Radar,39,32,45,1,117,0,23,44,4,71,39,55,89,5,188,24,0,24,212
05/14/2021,SGF,MO,ACE,CE,Combined TRACON& Tower with Radar,38,30,34,0,102,0,9,32,4,45,38,39,66,4,147,30,0,30,177
05/15/2021,SGF,MO,ACE,CE,Combined TRACON& Tower with Radar,30,27,10,0,67,0,3,3,0,6,30,30,13,0,73,8,0,8,81
05/16/2021,SGF,MO,ACE,CE,Combined TRACON& Tower with Radar,30,22,26,0,78,0,0,10,2,12,30,22,36,2,90,14,0,14,104
05/17/2021,SGF,MO,ACE,CE,Combined TRACON& Tower with Radar,30,26,30,0,86,0,3,1,1,5,30,29,31,1,91,0,0,0,91
05/18/2021,SGF,MO,ACE,CE,Combined TRACON& Tower with Radar,31,29,34,0,94,0,1,4,0,5,31,30,38,0,99,0,0,0,99
05/19/2021,SGF,MO,ACE,CE,Combined TRACON& Tower with Radar,32,27,30,4,93,0,1,0,0,1,32,28,30,4,94,0,0,0,94
05/20/2021,SGF,MO,ACE,CE,Combined TRACON& Tower with Radar,36,26,47,10,119,0,2,5,4,11,36,28,52,14,130,0,10,10,140
05/21/2021,SGF,MO,ACE,CE,Combined TRACON& Tower with Radar,37,29,23,2,91,0,1,2,1,4,37,30,25,3,95,0,0,0,95
05/22/2021,SGF,MO,ACE,CE,Combined TRACON& Tower with Radar,29,39,14,2,84,0,17,30,2,49,29,56,44,4,133,64,0,64,197
05/23/2021,SGF,MO,ACE,CE,Combined TRACON& Tower with Radar,30,30,23,0,83,0,16,23,0,39,30,46,46,0,122,48,0,48,170
05/24/2021,SGF,MO,ACE,CE,Combined TRACON& Tower with Radar,30,44,22,3,99,0,20,26,0,46,30,64,48,3,145,40,0,40,185
05/25/2021,SGF,MO,ACE,CE,Combined TRACON& Tower with Radar,30,26,21,16,93,0,9,4,1,14,30,35,25,17,107,22,8,30,137
05/26/2021,SGF,MO,ACE,CE,Combined TRACON& Tower with Radar,32,39,29,4,104,0,30,12,10,52,32,69,41,14,156,27,0,27,183
05/27/2021,SGF,MO,ACE,CE,Combined TRACON& Tower with Radar,37,30,21,0,88,0,5,3,6,14,37,35,24,6,102,0,0,0,102
05/28/2021,SGF,MO,ACE,CE,Combined TRACON& Tower with Radar,41,41,24,0,106,0,6,15,0,21,41,47,39,0,127,22,0,22,149
05/29/2021,SGF,MO,ACE,CE,Combined TRACON& Tower with Radar,37,20,23,0,80,0,0,12,0,12,37,20,35,0,92,86,0,86,178
05/30/2021,SGF,MO,ACE,CE,Combined TRACON& Tower with Radar,32,23,16,0,71,0,6,30,1,37,32,29,46,1,108,2,0,2,110
05/31/2021,SGF,MO,ACE,CE,Combined TRACON& Tower with Radar,32,26,29,0,87,0,1,17,0,18,32,27,46,0,105,0,0,0,105
06/01/2021,SGF,MO,ACE,CE,Combined TRACON& Tower with Radar,32,23,19,0,74,0,1,0,0,1,32,24,19,0,75,0,4,4,79
06/02/2021,SGF,MO,ACE,CE,Combined TRACON& Tower with Radar,36,21,39,2,98,0,1,0,0,1,36,22,39,2,99,0,0,0,99
06/03/2021,SGF,MO,ACE,CE,Combined TRACON& Tower with Radar,35,43,41,4,123,0,26,31,11,68,35,69,72,15,191,46,0,46,237
06/04/2021,SGF,MO,ACE,CE,Combined TRACON& Tower with Radar,41,39,24,0,104,0,33,23,9,65,41,72,47,9,169,64,0,64,233
06/05/2021,SGF,MO,ACE,CE,Combined TRACON& Tower with Radar,34,26,29,6,95,0,19,28,4,51,34,45,57,10,146,12,0,12,158
06/06/2021,SGF,MO,ACE,CE,Combined TRACON& Tower with Radar,30,28,19,0,77,0,3,6,2,11,30,31,25,2,88,4,0,4,92
06/07/2021,SGF,MO,ACE,CE,Combined TRACON& Tower with Radar,37,28,14,0,79,0,5,6,0,11,37,33,20,0,90,8,0,8,98
06/08/2021,SGF,MO,ACE,CE,Combined TRACON& Tower with Radar,33,34,32,8,107,0,4,8,6,18,33,38,40,14,125,0,0,0,125
06/09/2021,SGF,MO,ACE,CE,Combined TRACON& Tower with Radar,38,45,47,1,131,0,32,30,5,67,38,77,77,6,198,98,0,98,296
06/10/2021,SGF,MO,ACE,CE,Combined TRACON& Tower with Radar,36,43,34,0,113,0,25,19,14,58,36,68,53,14,171,34,0,34,205
06/11/2021,SGF,MO,ACE,CE,Combined TRACON& Tower with Radar,43,32,45,14,134,0,30,19,4,53,43,62,64,18,187,45,0,45,232
06/12/2021,SGF,MO,ACE,CE,Combined TRACON& Tower with Radar,39,37,19,1,96,0,26,28,3,57,39,63,47,4,153,58,0,58,211
06/13/2021,SGF,MO,ACE,CE,Combined TRACON& Tower with Radar,33,35,27,0,95,0,7,35,0,42,33,42,62,0,137,10,0,10,147
06/14/2021,SGF,MO,ACE,CE,Combined TRACON& Tower with Radar,34,41,26,8,109,0,32,23,1,56,34,73,49,9,165,50,6,56,221
06/15/2021,SGF,MO,ACE,CE,Combined TRACON& Tower with Radar,40,40,46,0,126,0,20,23,3,46,40,60,69,3,172,90,0,90,262
06/16/2021,SGF,MO,ACE,CE,Combined TRACON& Tower with Radar,36,44,41,18,139,0,29,31,15,75,36,73,72,33,214,56,34,90,304
06/17/2021,SGF,MO,ACE,CE,Combined TRACON& Tower with Radar,36,34,48,6,124,0,29,27,18,74,36,63,75,24,198,12,0,12,210
06/18/2021,SGF,MO,ACE,CE,Combined TRACON& Tower with Radar,40,28,27,0,95,0,23,28,3,54,40,51,55,3,149,44,0,44,193
06/19/2021,SGF,MO,ACE,CE,Combined TRACON& Tower with Radar,40,29,19,0,88,0,19,27,0,46,40,48,46,0,134,14,0,14,148
06/20/2021,SGF,MO,ACE,CE,Combined TRACON& Tower with Radar,29,26,24,0,79,0,4,17,2,23,29,30,41,2,102,2,0,2,104
06/21/2021,SGF,MO,ACE,CE,Combined TRACON& Tower with Radar,39,29,31,28,127,0,12,12,0,24,39,41,43,28,151,4,0,4,155
06/22/2021,SGF,MO,ACE,CE,Combined TRACON& Tower with Radar,36,37,32,4,109,0,38,43,4,85,36,75,75,8,194,65,0,65,259
06/23/2021,SGF,MO,ACE,CE,Combined TRACON& Tower with Radar,36,42,40,8,126,0,28,36,12,76,36,70,76,20,202,12,0,12,214
06/24/2021,SGF,MO,ACE,CE,Combined TRACON& Tower with Radar,36,34,39,5,114,0,17,12,7,36,36,51,51,12,150,32,0,32,182
06/25/2021,SGF,MO,ACE,CE,Combined TRACON& Tower with Radar,46,32,46,0,124,0,12,18,12,42,46,44,64,12,166,25,6,31,197
06/26/2021,SGF,MO,ACE,CE,Combined TRACON& Tower with Radar,35,24,25,0,84,0,1,1,0,2,35,25,26,0,86,0,0,0,86
06/27/2021,SGF,MO,ACE,CE,Combined TRACON& Tower with Radar,26,29,25,0,80,0,2,5,0,7,26,31,30,0,87,0,0,0,87
06/28/2021,SGF,MO,ACE,CE,Combined TRACON& Tower with Radar,37,36,21,0,94,0,12,14,0,26,37,48,35,0,120,18,0,18,138
06/29/2021,SGF,MO,ACE,CE,Combined TRACON& Tower with Radar,40,52,37,4,133,0,14,8,2,24,40,66,45,6,157,8,8,16,173
06/30/2021,SGF,MO,ACE,CE,Combined TRACON& Tower with Radar,36,49,41,4,130,0,18,7,7,32,36,67,48,11,162,20,0,20,182
07/01/2021,SGF,MO,ACE,CE,Combined TRACON& Tower with Radar,37,38,48,1,124,0,0,3,3,6,37,38,51,4,130,0,0,0,130
07/02/2021,SGF,MO,ACE,CE,Combined TRACON& Tower with Radar,35,46,35,2,118,0,27,20,4,51,35,73,55,6,169,44,0,44,213
07/03/2021,SGF,MO,ACE,CE,Combined TRACON& Tower with Radar,38,26,29,0,93,0,29,27,1,57,38,55,56,1,150,26,0,26,176
07/04/2021,SGF,MO,ACE,CE,Combined TRACON& Tower with Radar,29,21,7,0,57,0,1,18,0,19,29,22,25,0,76,8,0,8,84
07/05/2021,SGF,MO,ACE,CE,Combined TRACON& Tower with Radar,32,40,28,0,100,0,25,19,0,44,32,65,47,0,144,50,0,50,194
07/06/2021,SGF,MO,ACE,CE,Combined TRACON& Tower with Radar,32,42,35,6,115,0,33,25,0,58,32,75,60,6,173,42,0,42,215
07/07/2021,SGF,MO,ACE,CE,Combined TRACON& Tower with Radar,38,56,34,6,134,0,30,21,4,55,38,86,55,10,189,44,0,44,233
07/08/2021,SGF,MO,ACE,CE,Combined TRACON& Tower with Radar,39,43,46,0,128,0,17,18,0,35,39,60,64,0,163,52,0,52,215
07/09/2021,SGF,MO,ACE,CE,Combined TRACON& Tower with Radar,37,41,46,8,132,0,25,27,5,57,37,66,73,13,189,14,0,14,203
07/10/2021,SGF,MO,ACE,CE,Combined TRACON& Tower with Radar,31,29,12,0,72,0,3,6,0,9,31,32,18,0,81,0,0,0,81
07/11/2021,SGF,MO,ACE,CE,Combined TRACON& Tower with Radar,32,27,31,4,94,0,3,1,0,4,32,30,32,4,98,2,0,2,100
07/12/2021,SGF,MO,ACE,CE,Combined TRACON& Tower with Radar,36,57,29,2,124,0,6,11,0,17,36,63,40,2,141,0,0,0,141
07/13/2021,SGF,MO,ACE,CE,Combined TRACON& Tower with Radar,36,34,42,10,122,0,24,49,5,78,36,58,91,15,200,80,0,80,280
07/14/2021,SGF,MO,ACE,CE,Combined TRACON& Tower with Radar,37,37,45,4,123,0,38,26,2,66,37,75,71,6,189,86,0,86,275
07/15/2021,SGF,MO,ACE,CE,Combined TRACON& Tower with Radar,36,52,51,4,143,0,9,13,4,26,36,61,64,8,169,48,0,48,217
07/16/2021,SGF,MO,ACE,CE,Combined TRACON& Tower with Radar,44,36,40,2,122,0,9,0,4,13,44,45,40,6,135,18,0,18,153
07/17/2021,SGF,MO,ACE,CE,Combined TRACON& Tower with Radar,34,30,19,0,83,0,6,16,1,23,34,36,35,1,106,28,0,28,134
07/18/2021,SGF,MO,ACE,CE,Combined TRACON& Tower with Radar,33,31,30,1,95,0,0,11,3,14,33,31,41,4,109,0,0,0,109
07/19/2021,SGF,MO,ACE,CE,Combined TRACON& Tower with Radar,34,45,36,4,119,0,24,16,1,41,34,69,52,5,160,91,0,91,251
07/20/2021,SGF,MO,ACE,CE,Combined TRACON& Tower with Radar,42,43,29,20,134,0,12,22,3,37,42,55,51,23,171,79,0,79,250
07/21/2021,SGF,MO,ACE,CE,Combined TRACON& Tower with Radar,38,34,30,13,115,0,28,28,1,57,38,62,58,14,172,76,2,78,250
07/22/2021,SGF,MO,ACE,CE,Combined TRACON& Tower with Radar,40,44,51,13,148,0,15,29,5,49,40,59,80,18,197,79,2,81,278
07/23/2021,SGF,MO,ACE,CE,Combined TRACON& Tower with Radar,36,37,33,2,108,0,17,23,5,45,36,54,56,7,153,42,32,74,227
07/24/2021,SGF,MO,ACE,CE,Combined TRACON& Tower with Radar,34,31,30,0,95,0,16,24,0,40,34,47,54,0,135,22,0,22,157
07/25/2021,SGF,MO,ACE,CE,Combined TRACON& Tower with Radar,31,35,19,0,85,0,2,13,1,16,31,37,32,1,101,4,0,4,105
07/26/2021,SGF,MO,ACE,CE,Combined TRACON& Tower with Radar,33,42,35,12,122,0,15,19,0,34,33,57,54,12,156,42,0,42,198
07/27/2021,SGF,MO,ACE,CE,Combined TRACON& Tower with Radar,37,36,38,15,126,0,11,42,1,54,37,47,80,16,180,81,12,93,273
07/28/2021,SGF,MO,ACE,CE,Combined TRACON& Tower with Radar,39,58,54,1,152,0,30,33,5,68,39,88,87,6,220,80,0,80,300
07/29/2021,SGF,MO,ACE,CE,Combined TRACON& Tower with Radar,36,38,40,8,122,0,15,26,4,45,36,53,66,12,167,23,15,38,205
07/30/2021,SGF,MO,ACE,CE,Combined TRACON& Tower with Radar,36,40,40,19,135,0,22,26,6,54,36,62,66,25,189,46,0,46,235
07/31/2021,SGF,MO,ACE,CE,Combined TRACON& Tower with Radar,36,34,33,2,105,0,16,27,1,44,36,50,60,3,149,28,0,28,177
08/01/2021,SGF,MO,ACE,CE,Combined TRACON& Tower with Radar,28,30,33,1,92,0,2,16,2,20,28,32,49,3,112,6,0,6,118
08/02/2021,SGF,MO,ACE,CE,Combined TRACON& Tower with Radar,33,44,23,4,104,0,29,17,2,48,33,73,40,6,152,62,0,62,214
08/03/2021,SGF,MO,ACE,CE,Combined TRACON& Tower with Radar,37,49,22,9,117,0,21,25,6,52,37,70,47,15,169,54,12,66,235
08/04/2021,SGF,MO,ACE,CE,Combined TRACON& Tower with Radar,34,43,25,3,105,0,24,14,9,47,34,67,39,12,152,54,0,54,206
08/05/2021,SGF,MO,ACE,CE,Combined TRACON& Tower with Radar,38,45,35,0,118,0,9,19,7,35,38,54,54,7,153,10,0,10,163
08/06/2021,SGF,MO,ACE,CE,Combined TRACON& Tower with Radar,41,45,29,15,130,0,17,25,5,47,41,62,54,20,177,50,0,50,227
08/07/2021,SGF,MO,ACE,CE,Combined TRACON& Tower with Radar,35,34,25,4,98,0,13,32,2,47,35,47,57,6,145,30,0,30,175
08/08/2021,SGF,MO,ACE,CE,Combined TRACON& Tower with Radar,26,36,29,0,91,0,0,12,0,12,26,36,41,0,103,0,0,0,103
08/09/2021,SGF,MO,ACE,CE,Combined TRACON& Tower with Radar,37,26,38,8,109,0,13,11,0,24,37,39,49,8,133,0,0,0,133
08/10/2021,SGF,MO,ACE,CE,Combined TRACON& Tower with Radar,30,37,28,23,118,0,13,11,1,25,30,50,39,24,143,36,0,36,179
08/11/2021,SGF,MO,ACE,CE,Combined TRACON& Tower with Radar,33,33,32,16,114,0,18,9,5,32,33,51,41,21,146,18,2,20,166
08/12/2021,SGF,MO,ACE,CE,Combined TRACON& Tower with Radar,40,33,50,16,139,0,6,23,8,37,40,39,73,24,176,0,4,4,180
08/13/2021,SGF,MO,ACE,CE,Combined TRACON& Tower with Radar,43,37,29,0,109,0,7,17,1,25,43,44,46,1,134,32,0,32,166
08/14/2021,SGF,MO,ACE,CE,Combined TRACON& Tower with Radar,32,36,36,16,120,0,9,21,9,39,32,45,57,25,159,22,8,30,189
08/15/2021,SGF,MO,ACE,CE,Combined TRACON& Tower with Radar,32,30,31,10,103,0,5,19,2,26,32,35,50,12,129,0,0,0,129
08/16/2021,SGF,MO,ACE,CE,Combined TRACON& Tower with Radar,36,48,34,23,141,1,12,19,4,36,37,60,53,27,177,23,0,23,200
08/17/2021,SGF,MO,ACE,CE,Combined TRACON& Tower with Radar,25,35,27,19,106,0,12,7,10,29,25,47,34,29,135,20,2,22,157
08/18/2021,SGF,MO,ACE,CE,Combined TRACON& Tower with Radar,31,36,56,24,147,0,12,13,10,35,31,48,69,34,182,38,2,40,222
08/19/2021,SGF,MO,ACE,CE,Combined TRACON& Tower with Radar,34,48,38,22,142,0,19,19,5,43,34,67,57,27,185,46,6,52,237
08/20/2021,SGF,MO,ACE,CE,Combined TRACON& Tower with Radar,39,39,24,4,106,0,10,9,3,22,39,49,33,7,128,8,12,20,148
08/21/2021,SGF,MO,ACE,CE,Combined TRACON& Tower with Radar,27,34,23,0,84,0,10,13,2,25,27,44,36,2,109,32,0,32,141
08/22/2021,SGF,MO,ACE,CE,Combined TRACON& Tower with Radar,29,30,36,0,95,0,9,23,1,33,29,39,59,1,128,28,0,28,156
08/23/2021,SGF,MO,ACE,CE,Combined TRACON& Tower with Radar,31,43,29,6,109,0,22,17,0,39,31,65,46,6,148,13,0,13,161
08/24/2021,SGF,MO,ACE,CE,Combined TRACON& Tower with Radar,25,37,42,2,106,0,17,22,15,54,25,54,64,17,160,28,0,28,188
08/25/2021,SGF,MO,ACE,CE,Combined TRACON& Tower with Radar,28,31,42,10,111,0,44,21,18,83,28,75,63,28,194,58,0,58,252
08/26/2021,SGF,MO,ACE,CE,Combined TRACON& Tower with Radar,35,43,36,6,120,0,24,26,8,58,35,67,62,14,178,28,0,28,206
08/27/2021,SGF,MO,ACE,CE,Combined TRACON& Tower with Radar,37,43,30,8,118,0,42,30,4,76,37,85,60,12,194,118,0,118,312
08/28/2021,SGF,MO,ACE,CE,Combined TRACON& Tower with Radar,27,33,25,2,87,0,28,26,10,64,27,61,51,12,151,12,2,14,165
08/29/2021,SGF,MO,ACE,CE,Combined TRACON& Tower with Radar,30,31,22,0,83,0,5,13,0,18,30,36,35,0,101,4,0,4,105
08/30/2021,SGF,MO,ACE,CE,Combined TRACON& Tower with Radar,27,36,20,6,89,0,22,15,0,37,27,58,35,6,126,42,14,56,182
08/31/2021,SGF,MO,ACE,CE,Combined TRACON& Tower with Radar,27,34,46,23,130,0,22,28,7,57,27,56,74,30,187,12,0,12,199
09/01/2021,SGF,MO,ACE,CE,Combined TRACON& Tower with Radar,33,40,41,26,140,0,25,14,11,50,33,65,55,37,190,42,0,42,232
09/02/2021,SGF,MO,ACE,CE,Combined TRACON& Tower with Radar,35,40,37,0,112,0,37,32,0,69,35,77,69,0,181,54,0,54,235
09/03/2021,SGF,MO,ACE,CE,Combined TRACON& Tower with Radar,39,39,37,0,115,0,38,30,0,68,39,77,67,0,183,28,0,28,211
09/04/2021,SGF,MO,ACE,CE,Combined TRACON& Tower with Radar,26,31,22,0,79,0,0,10,0,10,26,31,32,0,89,22,0,22,111
09/05/2021,SGF,MO,ACE,CE,Combined TRACON& Tower with Radar,20,29,17,0,66,0,1,31,0,32,20,30,48,0,98,24,0,24,122
09/06/2021,SGF,MO,ACE,CE,Combined TRACON& Tower with Radar,30,26,29,0,85,0,3,49,0,52,30,29,78,0,137,24,0,24,161
09/07/2021,SGF,MO,ACE,CE,Combined TRACON& Tower with Radar,22,38,30,14,104,0,33,27,6,66,22,71,57,20,170,38,0,38,208
09/08/2021,SGF,MO,ACE,CE,Combined TRACON& Tower with Radar,28,42,36,26,132,0,17,14,9,40,28,59,50,35,172,38,10,48,220
09/09/2021,SGF,MO,ACE,CE,Combined TRACON& Tower with Radar,35,44,47,13,139,0,31,30,9,70,35,75,77,22,209,44,14,58,267
09/10/2021,SGF,MO,ACE,CE,Combined TRACON& Tower with Radar,34,38,35,12,119,0,42,21,0,63,34,80,56,12,182,58,2,60,242
09/11/2021,SGF,MO,ACE,CE,Combined TRACON& Tower with Radar,25,35,25,0,85,0,25,31,0,56,25,60,56,0,141,36,0,36,177
09/12/2021,SGF,MO,ACE,CE,Combined TRACON& Tower with Radar,31,23,28,6,88,0,1,27,2,30,31,24,55,8,118,52,0,52,170
09/13/2021,SGF,MO,ACE,CE,Combined TRACON& Tower with Radar,29,37,21,12,99,0,30,24,1,55,29,67,45,13,154,16,12,28,182
09/14/2021,SGF,MO,ACE,CE,Combined TRACON& Tower with Radar,26,32,35,2,95,0,33,24,8,65,26,65,59,10,160,22,0,22,182
09/15/2021,SGF,MO,ACE,CE,Combined TRACON& Tower with Radar,28,46,35,2,111,0,36,24,9,69,28,82,59,11,180,18,0,18,198
09/16/2021,SGF,MO,ACE,CE,Combined TRACON& Tower with Radar,36,51,30,4,121,0,34,24,4,62,36,85,54,8,183,64,0,64,247
09/17/2021,SGF,MO,ACE,CE,Combined TRACON& Tower with Radar,39,40,25,0,104,0,39,21,12,72,39,79,46,12,176,60,0,60,236
09/18/2021,SGF,MO,ACE,CE,Combined TRACON& Tower with Radar,25,37,32,8,102,0,18,31,6,55,25,55,63,14,157,34,0,34,191
09/19/2021,SGF,MO,ACE,CE,Combined TRACON& Tower with Radar,30,33,32,0,95,0,0,15,0,15,30,33,47,0,110,42,0,42,152
09/20/2021,SGF,MO,ACE,CE,Combined TRACON& Tower with Radar,25,42,23,10,100,0,28,18,0,46,25,70,41,10,146,28,0,28,174
09/21/2021,SGF,MO,ACE,CE,Combined TRACON& Tower with Radar,27,39,41,26,133,0,11,13,5,29,27,50,54,31,162,10,0,10,172
09/22/2021,SGF,MO,ACE,CE,Combined TRACON& Tower with Radar,26,50,35,2,113,0,16,30,15,61,26,66,65,17,174,34,0,34,208
09/23/2021,SGF,MO,ACE,CE,Combined TRACON& Tower with Radar,36,52,41,1,130,0,33,27,11,71,36,85,68,12,201,30,0,30,231
09/24/2021,SGF,MO,ACE,CE,Combined TRACON& Tower with Radar,39,42,36,3,120,0,33,32,4,69,39,75,68,7,189,10,0,10,199
09/25/2021,SGF,MO,ACE,CE,Combined TRACON& Tower with Radar,25,39,35,0,99,0,16,33,2,51,25,55,68,2,150,14,4,18,168
09/26/2021,SGF,MO,ACE,CE,Combined TRACON& Tower with Radar,34,28,29,0,91,0,5,8,4,17,34,33,37,4,108,18,0,18,126
09/27/2021,SGF,MO,ACE,CE,Combined TRACON& Tower with Radar,30,35,38,17,120,0,11,20,1,32,30,46,58,18,152,18,18,36,188
09/28/2021,SGF,MO,ACE,CE,Combined TRACON& Tower with Radar,23,47,45,5,120,0,24,21,3,48,23,71,66,8,168,8,0,8,176
09/29/2021,SGF,MO,ACE,CE,Combined TRACON& Tower with Radar,26,37,56,11,130,0,12,10,7,29,26,49,66,18,159,60,10,70,229
09/30/2021,SGF,MO,ACE,CE,Combined TRACON& Tower with Radar,37,59,28,1,125,0,2,7,5,14,37,61,35,6,139,6,8,14,153
10/01/2021,SGF,MO,ACE,CE,Combined TRACON& Tower with Radar,36,31,26,1,94,0,0,3,1,4,36,31,29,2,98,0,0,0,98
10/02/2021,SGF,MO,ACE,CE,Combined TRACON& Tower with Radar,27,31,12,8,78,0,0,4,0,4,27,31,16,8,82,10,0,10,92
10/03/2021,SGF,MO,ACE,CE,Combined TRACON& Tower with Radar,31,32,33,4,100,0,0,16,2,18,31,32,49,6,118,2,0,2,120
10/04/2021,SGF,MO,ACE,CE,Combined TRACON& Tower with Radar,27,38,23,9,97,0,22,25,5,52,27,60,48,14,149,42,0,42,191
10/05/2021,SGF,MO,ACE,CE,Combined TRACON& Tower with Radar,24,55,32,7,118,0,27,26,5,58,24,82,58,12,176,66,0,66,242
10/06/2021,SGF,MO,ACE,CE,Combined TRACON& Tower with Radar,29,35,32,0,96,0,0,1,0,1,29,35,33,0,97,0,0,0,97
10/07/2021,SGF,MO,ACE,CE,Combined TRACON& Tower with Radar,38,29,42,4,113,0,12,12,8,32,38,41,54,12,145,10,18,28,173
10/08/2021,SGF,MO,ACE,CE,Combined TRACON& Tower with Radar,35,36,18,4,93,0,25,15,6,46,35,61,33,10,139,26,4,30,169
10/09/2021,SGF,MO,ACE,CE,Combined TRACON& Tower with Radar,26,28,26,0,80,0,8,17,0,25,26,36,43,0,105,28,0,28,133
10/10/2021,SGF,MO,ACE,CE,Combined TRACON& Tower with Radar,25,29,25,0,79,0,3,28,0,31,25,32,53,0,110,8,0,8,118
10/11/2021,SGF,MO,ACE,CE,Combined TRACON& Tower with Radar,31,22,18,0,71,0,4,2,0,6,31,26,20,0,77,0,0,0,77
10/12/2021,SGF,MO,ACE,CE,Combined TRACON& Tower with Radar,28,43,26,2,99,0,31,13,11,55,28,74,39,13,154,55,0,55,209
10/13/2021,SGF,MO,ACE,CE,Combined TRACON& Tower with Radar,26,31,36,0,93,0,1,2,2,5,26,32,38,2,98,0,14,14,112
10/14/2021,SGF,MO,ACE,CE,Combined TRACON& Tower with Radar,36,37,41,0,114,0,0,1,1,2,36,37,42,1,116,0,0,0,116
10/15/2021,SGF,MO,ACE,CE,Combined TRACON& Tower with Radar,43,28,33,1,105,0,2,3,0,5,43,30,36,1,110,2,0,2,112
10/16/2021,SGF,MO,ACE,CE,Combined TRACON& Tower with Radar,25,25,29,1,80,0,11,48,2,61,25,36,77,3,141,78,0,78,219
10/17/2021,SGF,MO,ACE,CE,Combined TRACON& Tower with Radar,32,33,29,0,94,0,11,29,4,44,32,44,58,4,138,20,0,20,158
10/18/2021,SGF,MO,ACE,CE,Combined TRACON& Tower with Radar,30,43,39,2,114,0,37,29,2,68,30,80,68,4,182,102,0,102,284
10/19/2021,SGF,MO,ACE,CE,Combined TRACON& Tower with Radar,28,40,46,1,115,0,22,23,9,54,28,62,69,10,169,40,0,40,209
10/20/2021,SGF,MO,ACE,CE,Combined TRACON& Tower with Radar,28,46,36,14,124,0,11,9,8,28,28,57,45,22,152,34,0,34,186
10/21/2021,SGF,MO,ACE,CE,Combined TRACON& Tower with Radar,37,29,46,8,120,0,33,28,9,70,37,62,74,17,190,67,0,67,257
10/22/2021,SGF,MO,ACE,CE,Combined TRACON& Tower with Radar,38,39,42,16,135,0,32,35,4,71,38,71,77,20,206,68,20,88,294
10/23/2021,SGF,MO,ACE,CE,Combined TRACON& Tower with Radar,27,33,22,0,82,0,4,0,0,4,27,37,22,0,86,0,0,0,86
10/24/2021,SGF,MO,ACE,CE,Combined TRACON& Tower with Radar,31,26,29,0,86,0,2,2,0,4,31,28,31,0,90,6,0,6,96
10/25/2021,SGF,MO,ACE,CE,Combined TRACON& Tower with Radar,32,43,63,0,138,0,15,8,2,25,32,58,71,2,163,16,0,16,179
10/26/2021,SGF,MO,ACE,CE,Combined TRACON& Tower with Radar,25,33,51,8,117,0,3,6,6,15,25,36,57,14,132,16,0,16,148
10/27/2021,SGF,MO,ACE,CE,Combined TRACON& Tower with Radar,30,32,42,3,107,0,0,3,6,9,30,32,45,9,116,0,0,0,116
10/28/2021,SGF,MO,ACE,CE,Combined TRACON& Tower with Radar,30,27,34,0,91,0,0,0,0,0,30,27,34,0,91,0,0,0,91
10/29/2021,SGF,MO,ACE,CE,Combined TRACON& Tower with Radar,41,27,35,12,115,0,0,0,0,0,41,27,35,12,115,2,0,2,117
10/30/2021,SGF,MO,ACE,CE,Combined TRACON& Tower with Radar,27,43,33,0,103,0,8,21,0,29,27,51,54,0,132,50,0,50,182
10/31/2021,SGF,MO,ACE,CE,Combined TRACON& Tower with Radar,23,38,19,0,80,0,5,14,0,19,23,43,33,0,99,26,0,26,125
11/01/2021,SGF,MO,ACE,CE,Combined TRACON& Tower with Radar,28,48,34,4,114,0,19,8,2,29,28,67,42,6,143,90,0,90,233
11/02/2021,SGF,MO,ACE,CE,Combined TRACON& Tower with Radar,28,37,42,0,107,0,3,7,10,20,28,40,49,10,127,18,0,18,145
11/03/2021,SGF,MO,ACE,CE,Combined TRACON& Tower with Radar,26,44,46,17,133,0,39,15,13,67,26,83,61,30,200,64,0,64,264
11/04/2021,SGF,MO,ACE,CE,Combined TRACON& Tower with Radar,34,35,40,0,109,0,19,18,10,47,34,54,58,10,156,60,0,60,216
11/05/2021,SGF,MO,ACE,CE,Combined TRACON& Tower with Radar,35,36,32,0,103,0,15,26,6,47,35,51,58,6,150,22,0,22,172
11/06/2021,SGF,MO,ACE,CE,Combined TRACON& Tower with Radar,27,30,22,0,79,0,16,21,12,49,27,46,43,12,128,4,0,4,132
11/07/2021,SGF,MO,ACE,CE,Combined TRACON& Tower with Radar,28,27,37,3,95,0,0,27,8,35,28,27,64,11,130,0,0,0,130
11/08/2021,SGF,MO,ACE,CE,Combined TRACON& Tower with Radar,30,33,37,4,104,0,15,18,1,34,30,48,55,5,138,22,0,22,160
11/09/2021,SGF,MO,ACE,CE,Combined TRACON& Tower with Radar,26,48,48,3,125,0,19,31,7,57,26,67,79,10,182,10,0,10,192
11/10/2021,SGF,MO,ACE,CE,Combined TRACON& Tower with Radar,24,30,37,1,92,0,10,9,1,20,24,40,46,2,112,6,0,6,118
11/11/2021,SGF,MO,ACE,CE,Combined TRACON& Tower with Radar,34,37,36,0,107,0,12,15,0,27,34,49,51,0,134,29,0,29,163
11/12/2021,SGF,MO,ACE,CE,Combined TRACON& Tower with Radar,35,32,27,0,94,0,3,10,2,15,35,35,37,2,109,10,0,10,119
11/13/2021,SGF,MO,ACE,CE,Combined TRACON& Tower with Radar,29,34,30,0,93,0,13,65,1,79,29,47,95,1,172,44,0,44,216
11/14/2021,SGF,MO,ACE,CE,Combined TRACON& Tower with Radar,26,36,33,0,95,0,4,14,0,18,26,40,47,0,113,2,0,2,115
11/15/2021,SGF,MO,ACE,CE,Combined TRACON& Tower with Radar,30,42,32,0,104,0,10,18,2,30,30,52,50,2,134,24,0,24,158
11/16/2021,SGF,MO,ACE,CE,Combined TRACON& Tower with Radar,26,38,28,0,92,0,22,17,10,49,26,60,45,10,141,24,0,24,165
11/17/2021,SGF,MO,ACE,CE,Combined TRACON& Tower with Radar,26,36,32,5,99,0,8,5,7,20,26,44,37,12,119,10,0,10,129
11/18/2021,SGF,MO,ACE,CE,Combined TRACON& Tower with Radar,32,37,47,1,117,0,30,22,9,61,32,67,69,10,178,56,0,56,234
11/19/2021,SGF,MO,ACE,CE,Combined TRACON& Tower with Radar,41,55,45,8,149,0,12,17,4,33,41,67,62,12,182,22,14,36,218
11/20/2021,SGF,MO,ACE,CE,Combined TRACON& Tower with Radar,28,28,39,0,95,0,4,51,0,55,28,32,90,0,150,12,0,12,162
11/21/2021,SGF,MO,ACE,CE,Combined TRACON& Tower with Radar,27,32,43,0,102,0,7,25,0,32,27,39,68,0,134,0,0,0,134
11/22/2021,SGF,MO,ACE,CE,Combined TRACON& Tower with Radar,32,36,36,2,106,0,27,28,3,58,32,63,64,5,164,46,6,52,216
11/23/2021,SGF,MO,ACE,CE,Combined TRACON& Tower with Radar,30,36,45,1,112,0,21,31,8,60,30,57,76,9,172,36,0,36,208
11/24/2021,SGF,MO,ACE,CE,Combined TRACON& Tower with Radar,33,26,25,2,86,0,1,5,15,21,33,27,30,17,107,0,0,0,107
11/25/2021,SGF,MO,ACE,CE,Combined TRACON& Tower with Radar,14,21,9,0,44,0,0,11,1,12,14,21,20,1,56,0,0,0,56
11/26/2021,SGF,MO,ACE,CE,Combined TRACON& Tower with Radar,22,26,25,0,73,0,7,17,0,24,22,33,42,0,97,0,0,0,97
11/27/2021,SGF,MO,ACE,CE,Combined TRACON& Tower with Radar,33,38,27,0,98,0,11,28,0,39,33,49,55,0,137,30,0,30,167
11/28/2021,SGF,MO,ACE,CE,Combined TRACON& Tower with Radar,32,31,45,0,108,0,4,23,0,27,32,35,68,0,135,0,0,0,135
11/29/2021,SGF,MO,ACE,CE,Combined TRACON& Tower with Radar,33,28,24,2,87,0,19,20,3,42,33,47,44,5,129,20,0,20,149
11/30/2021,SGF,MO,ACE,CE,Combined TRACON& Tower with Radar,27,49,51,15,142,0,16,19,5,40,27,65,70,20,182,36,14,50,232
12/01/2021,SGF,MO,ACE,CE,Combined TRACON& Tower with Radar,26,36,35,12,109,0,18,24,12,54,26,54,59,24,163,18,4,22,185
12/02/2021,SGF,MO,ACE,CE,Combined TRACON& Tower with Radar,32,36,50,2,120,0,20,28,6,54,32,56,78,8,174,42,0,42,216
12/03/2021,SGF,MO,ACE,CE,Combined TRACON& Tower with Radar,37,35,36,13,121,0,16,40,5,61,37,51,76,18,182,20,16,36,218
12/04/2021,SGF,MO,ACE,CE,Combined TRACON& Tower with Radar,25,26,29,0,80,0,9,17,2,28,25,35,46,2,108,28,0,28,136
12/05/2021,SGF,MO,ACE,CE,Combined TRACON& Tower with Radar,32,21,31,0,84,0,0,8,0,8,32,21,39,0,92,2,0,2,94
12/06/2021,SGF,MO,ACE,CE,Combined TRACON& Tower with Radar,32,36,24,3,95,0,23,15,1,39,32,59,39,4,134,24,0,24,158
12/07/2021,SGF,MO,ACE,CE,Combined TRACON& Tower with Radar,26,32,30,2,90,0,25,23,8,56,26,57,53,10,146,14,0,14,160
12/08/2021,SGF,MO,ACE,CE,Combined TRACON& Tower with Radar,26,35,37,6,104,0,16,31,11,58,26,51,68,17,162,12,0,12,174
12/09/2021,SGF,MO,ACE,CE,Combined TRACON& Tower with Radar,32,25,38,0,95,0,0,26,6,32,32,25,64,6,127,10,0,10,137
12/10/2021,SGF,MO,ACE,CE,Combined TRACON& Tower with Radar,34,24,35,1,94,0,2,5,3,10,34,26,40,4,104,8,0,8,112
12/11/2021,SGF,MO,ACE,CE,Combined TRACON& Tower with Radar,25,24,20,0,69,0,8,16,0,24,25,32,36,0,93,6,0,6,99
12/12/2021,SGF,MO,ACE,CE,Combined TRACON& Tower with Radar,26,29,31,0,86,0,4,33,0,37,26,33,64,0,123,16,0,16,139
12/13/2021,SGF,MO,ACE,CE,Combined TRACON& Tower with Radar,34,24,28,0,86,0,18,20,3,41,34,42,48,3,127,15,0,15,142
12/14/2021,SGF,MO,ACE,CE,Combined TRACON& Tower with Radar,27,38,42,0,107,0,2,5,12,19,27,40,47,12,126,0,0,0,126
12/15/2021,SGF,MO,ACE,CE,Combined TRACON& Tower with Radar,29,31,28,2,90,0,0,2,4,6,29,31,30,6,96,0,0,0,96
12/16/2021,SGF,MO,ACE,CE,Combined TRACON& Tower with Radar,30,49,38,1,118,0,6,20,3,29,30,55,58,4,147,18,0,18,165
12/17/2021,SGF,MO,ACE,CE,Combined TRACON& Tower with Radar,33,32,30,0,95,0,1,0,2,3,33,33,30,2,98,0,0,0,98
12/18/2021,SGF,MO,ACE,CE,Combined TRACON& Tower with Radar,21,25,31,0,77,0,5,12,0,17,21,30,43,0,94,5,0,5,99
12/19/2021,SGF,MO,ACE,CE,Combined TRACON& Tower with Radar,23,27,19,0,69,0,0,20,0,20,23,27,39,0,89,6,0,6,95
12/20/2021,SGF,MO,ACE,CE,Combined TRACON& Tower with Radar,30,44,34,21,129,0,23,27,2,52,30,67,61,23,181,28,14,42,223
12/21/2021,SGF,MO,ACE,CE,Combined TRACON& Tower with Radar,28,37,32,10,107,0,5,25,9,39,28,42,57,19,146,12,35,47,193
12/22/2021,SGF,MO,ACE,CE,Combined TRACON& Tower with Radar,28,29,40,18,115,0,14,30,10,54,28,43,70,28,169,24,4,28,197
12/23/2021,SGF,MO,ACE,CE,Combined TRACON& Tower with Radar,30,26,32,0,88,0,0,12,4,16,30,26,44,4,104,0,0,0,104
12/24/2021,SGF,MO,ACE,CE,Combined TRACON& Tower with Radar,30,23,11,0,64,0,0,9,0,9,30,23,20,0,73,0,0,0,73
12/25/2021,SGF,MO,ACE,CE,Combined TRACON& Tower with Radar,15,21,11,0,47,0,0,11,0,11,15,21,22,0,58,0,0,0,58
12/26/2021,SGF,MO,ACE,CE,Combined TRACON& Tower with Radar,22,23,38,0,83,0,1,7,0,8,22,24,45,0,91,0,0,0,91
12/27/2021,SGF,MO,ACE,CE,Combined TRACON& Tower with Radar,31,27,31,2,91,0,10,22,0,32,31,37,53,2,123,4,0,4,127
12/28/2021,SGF,MO,ACE,CE,Combined TRACON& Tower with Radar,30,28,26,21,105,0,5,8,1,14,30,33,34,22,119,31,20,51,170
12/29/2021,SGF,MO,ACE,CE,Combined TRACON& Tower with Radar,29,30,29,9,97,0,3,8,0,11,29,33,37,9,108,0,0,0,108
12/30/2021,SGF,MO,ACE,CE,Combined TRACON& Tower with Radar,27,39,46,0,112,0,9,21,0,30,27,48,67,0,142,0,0,0,142
12/31/2021,SGF,MO,ACE,CE,Combined TRACON& Tower with Radar,25,25,22,0,72,0,6,18,0,24,25,31,40,0,96,36,0,36,132
01/01/2022,SGF,MO,ACE,CE,Combined TRACON& Tower with Radar,16,22,9,0,47,0,0,0,0,0,16,22,9,0,47,0,0,0,47
01/02/2022,SGF,MO,ACE,CE,Combined TRACON& Tower with Radar,21,29,35,0,85,0,1,2,0,3,21,30,37,0,88,0,0,0,88
01/03/2022,SGF,MO,ACE,CE,Combined TRACON& Tower with Radar,29,30,32,2,93,0,22,15,0,37,29,52,47,2,130,30,0,30,160
01/04/2022,SGF,MO,ACE,CE,Combined TRACON& Tower with Radar,25,27,34,0,86,0,2,7,5,14,25,29,41,5,100,0,0,0,100
01/05/2022,SGF,MO,ACE,CE,Combined TRACON& Tower with Radar,26,28,29,24,107,0,17,27,9,53,26,45,56,33,160,32,8,40,200
01/06/2022,SGF,MO,ACE,CE,Combined TRACON& Tower with Radar,30,31,19,0,80,0,1,0,0,1,30,32,19,0,81,0,0,0,81
01/07/2022,SGF,MO,ACE,CE,Combined TRACON& Tower with Radar,35,34,15,8,92,0,18,8,4,30,35,52,23,12,122,14,18,32,154
01/08/2022,SGF,MO,ACE,CE,Combined TRACON& Tower with Radar,22,27,12,0,61,0,0,2,0,2,22,27,14,0,63,0,0,0,63
01/09/2022,SGF,MO,ACE,CE,Combined TRACON& Tower with Radar,27,33,21,2,83,0,8,14,3,25,27,41,35,5,108,8,0,8,116
01/10/2022,SGF,MO,ACE,CE,Combined TRACON& Tower with Radar,32,32,22,15,101,0,11,20,1,32,32,43,42,16,133,4,0,4,137
01/11/2022,SGF,MO,ACE,CE,Combined TRACON& Tower with Radar,24,39,40,8,111,0,8,17,9,34,24,47,57,17,145,12,0,12,157
01/12/2022,SGF,MO,ACE,CE,Combined TRACON& Tower with Radar,28,30,32,16,106,0,13,14,8,35,28,43,46,24,141,36,0,36,177
01/13/2022,SGF,MO,ACE,CE,Combined TRACON& Tower with Radar,30,36,55,1,122,0,10,27,12,49,30,46,82,13,171,64,22,86,257
01/14/2022,SGF,MO,ACE,CE,Combined TRACON& Tower with Radar,36,30,31,0,97,0,12,7,0,19,36,42,38,0,116,18,0,18,134
01/15/2022,SGF,MO,ACE,CE,Combined TRACON& Tower with Radar,25,23,4,0,52,0,0,0,0,0,25,23,4,0,52,0,0,0,52
01/16/2022,SGF,MO,ACE,CE,Combined TRACON& Tower with Radar,20,27,10,0,57,0,0,0,0,0,20,27,10,0,57,0,0,0,57
01/17/2022,SGF,MO,ACE,CE,Combined TRACON& Tower with Radar,26,29,17,1,73,0,17,23,0,40,26,46,40,1,113,25,0,25,138
01/18/2022,SGF,MO,ACE,CE,Combined TRACON& Tower with Radar,23,37,27,24,111,0,14,22,6,42,23,51,49,30,153,24,14,38,191
01/19/2022,SGF,MO,ACE,CE,Combined TRACON& Tower with Radar,27,30,27,3,87,0,1,4,7,12,27,31,31,10,99,0,0,0,99
01/20/2022,SGF,MO,ACE,CE,Combined TRACON& Tower with Radar,32,35,31,9,107,0,13,13,4,30,32,48,44,13,137,14,4,18,155
01/21/2022,SGF,MO,ACE,CE,Combined TRACON& Tower with Radar,33,40,23,24,120,0,20,12,11,43,33,60,35,35,163,54,32,86,249
01/22/2022,SGF,MO,ACE,CE,Combined TRACON& Tower with Radar,23,30,16,1,70,0,22,24,5,51,23,52,40,6,121,42,4,46,167
01/23/2022,SGF,MO,ACE,CE,Combined TRACON& Tower with Radar,28,26,24,0,78,0,7,18,0,25,28,33,42,0,103,0,0,0,103
01/24/2022,SGF,MO,ACE,CE,Combined TRACON& Tower with Radar,30,35,28,4,97,0,27,16,0,43,30,62,44,4,140,0,0,0,140
01/25/2022,SGF,MO,ACE,CE,Combined TRACON& Tower with Radar,24,34,24,4,86,0,25,14,0,39,24,59,38,4,125,36,8,44,169
01/26/2022,SGF,MO,ACE,CE,Combined TRACON& Tower with Radar,28,37,31,16,112,0,35,28,9,72,28,72,59,25,184,62,12,74,258
01/27/2022,SGF,MO,ACE,CE,Combined TRACON& Tower with Radar,34,30,22,4,90,0,20,6,13,39,34,50,28,17,129,44,20,64,193
01/28/2022,SGF,MO,ACE,CE,Combined TRACON& Tower with Radar,35,31,26,8,100,0,28,19,0,47,35,59,45,8,147,60,8,68,215
01/29/2022,SGF,MO,ACE,CE,Combined TRACON& Tower with Radar,23,30,22,0,75,0,24,19,0,43,23,54,41,0,118,28,0,28,146
01/30/2022,SGF,MO,ACE,CE,Combined TRACON& Tower with Radar,26,27,23,0,76,0,8,23,0,31,26,35,46,0,107,26,0,26,133
01/31/2022,SGF,MO,ACE,CE,Combined TRACON& Tower with Radar,32,38,29,1,100,0,20,30,5,55,32,58,59,6,155,64,0,64,219
02/01/2022,SGF,MO,ACE,CE,Combined TRACON& Tower with Radar,23,31,16,1,71,0,9,2,5,16,23,40,18,6,87,0,0,0,87
02/02/2022,SGF,MO,ACE,CE,Combined TRACON& Tower with Radar,18,7,2,0,27,0,0,0,0,0,18,7,2,0,27,0,0,0,27
02/03/2022,SGF,MO,ACE,CE,Combined TRACON& Tower with Radar,13,6,12,0,31,0,0,0,0,0,13,6,12,0,31,0,0,0,31
02/04/2022,SGF,MO,ACE,CE,Combined TRACON& Tower with Radar,27,31,25,0,83,0,4,4,0,8,27,35,29,0,91,0,0,0,91
02/05/2022,SGF,MO,ACE,CE,Combined TRACON& Tower with Radar,23,31,26,0,80,0,19,15,0,34,23,50,41,0,114,28,0,28,142
02/06/2022,SGF,MO,ACE,CE,Combined TRACON& Tower with Radar,26,31,28,0,85,0,9,20,0,29,26,40,48,0,114,0,0,0,114
02/07/2022,SGF,MO,ACE,CE,Combined TRACON& Tower with Radar,28,39,27,0,94,0,28,12,5,45,28,67,39,5,139,52,0,52,191
02/08/2022,SGF,MO,ACE,CE,Combined TRACON& Tower with Radar,28,34,36,18,116,0,27,20,1,48,28,61,56,19,164,24,0,24,188
02/09/2022,SGF,MO,ACE,CE,Combined TRACON& Tower with Radar,30,34,56,7,127,0,28,25,14,67,30,62,81,21,194,22,0,22,216
02/10/2022,SGF,MO,ACE,CE,Combined TRACON& Tower with Radar,32,40,42,1,115,0,32,25,7,64,32,72,67,8,179,60,0,60,239
02/11/2022,SGF,MO,ACE,CE,Combined TRACON& Tower with Radar,37,33,29,14,113,0,10,17,15,42,37,43,46,29,155,16,0,16,171
02/12/2022,SGF,MO,ACE,CE,Combined TRACON& Tower with Radar,26,28,25,0,79,0,17,27,0,44,26,45,52,0,123,0,0,0,123
02/13/2022,SGF,MO,ACE,CE,Combined TRACON& Tower with Radar,28,21,19,0,68,0,2,17,0,19,28,23,36,0,87,0,0,0,87
02/14/2022,SGF,MO,ACE,CE,Combined TRACON& Tower with Radar,32,44,32,0,108,0,18,24,1,43,32,62,56,1,151,66,0,66,217
02/15/2022,SGF,MO,ACE,CE,Combined TRACON& Tower with Radar,30,22,32,6,90,0,4,7,5,16,30,26,39,11,106,6,8,14,120
02/16/2022,SGF,MO,ACE,CE,Combined TRACON& Tower with Radar,36,19,33,3,91,0,1,3,6,10,36,20,36,9,101,0,0,0,101
02/17/2022,SGF,MO,ACE,CE,Combined TRACON& Tower with Radar,33,23,17,0,73,0,1,0,0,1,33,24,17,0,74,0,0,0,74
02/18/2022,SGF,MO,ACE,CE,Combined TRACON& Tower with Radar,40,40,42,4,126,0,19,20,4,43,40,59,62,8,169,28,0,28,197
02/19/2022,SGF,MO,ACE,CE,Combined TRACON& Tower with Radar,28,32,23,0,83,0,25,31,0,56,28,57,54,0,139,22,0,22,161
02/20/2022,SGF,MO,ACE,CE,Combined TRACON& Tower with Radar,26,26,25,0,77,0,2,8,4,14,26,28,33,4,91,0,0,0,91
02/21/2022,SGF,MO,ACE,CE,Combined TRACON& Tower with Radar,35,32,22,0,89,0,4,12,0,16,35,36,34,0,105,12,0,12,117
02/22/2022,SGF,MO,ACE,CE,Combined TRACON& Tower with Radar,32,27,39,2,100,0,0,3,0,3,32,27,42,2,103,0,0,0,103
02/23/2022,SGF,MO,ACE,CE,Combined TRACON& Tower with Radar,22,18,14,0,54,0,0,0,0,0,22,18,14,0,54,0,0,0,54
02/24/2022,SGF,MO,ACE,CE,Combined TRACON& Tower with Radar,25,15,10,0,50,0,0,0,0,0,25,15,10,0,50,0,0,0,50
02/25/2022,SGF,MO,ACE,CE,Combined TRACON& Tower with Radar,40,40,35,0,115,0,11,16,6,33,40,51,51,6,148,4,0,4,152
02/26/2022,SGF,MO,ACE,CE,Combined TRACON& Tower with Radar,29,38,12,0,79,0,22,18,1,41,29,60,30,1,120,0,0,0,120
02/27/2022,SGF,MO,ACE,CE,Combined TRACON& Tower with Radar,28,34,26,2,90,0,14,20,4,38,28,48,46,6,128,0,0,0,128
02/28/2022,SGF,MO,ACE,CE,Combined TRACON& Tower with Radar,33,35,21,12,101,0,29,25,3,57,33,64,46,15,158,56,0,56,214
03/01/2022,SGF,MO,ACE,CE,Combined TRACON& Tower with Radar,33,31,41,8,113,0,17,45,6,68,33,48,86,14,181,62,0,62,243
03/02/2022,SGF,MO,ACE,CE,Combined TRACON& Tower with Radar,35,38,27,2,102,0,14,34,8,56,35,52,61,10,158,6,0,6,164
03/03/2022,SGF,MO,ACE,CE,Combined TRACON& Tower with Radar,33,33,45,13,124,0,19,37,16,72,33,52,82,29,196,54,0,54,250
03/04/2022,SGF,MO,ACE,CE,Combined TRACON& Tower with Radar,33,41,24,0,98,0,10,28,4,42,33,51,52,4,140,48,2,50,190
03/05/2022,SGF,MO,ACE,CE,Combined TRACON& Tower with Radar,32,37,13,0,82,0,0,6,0,6,32,37,19,0,88,0,0,0,88
03/06/2022,SGF,MO,ACE,CE,Combined TRACON& Tower with Radar,24,31,31,0,86,0,1,0,0,1,24,32,31,0,87,30,0,30,117
03/07/2022,SGF,MO,ACE,CE,Combined TRACON& Tower with Radar,28,30,21,2,81,0,1,0,0,1,28,31,21,2,82,0,0,0,82
03/08/2022,SGF,MO,ACE,CE,Combined TRACON& Tower with Radar,22,33,32,12,99,0,11,13,4,28,22,44,45,16,127,24,10,34,161
03/09/2022,SGF,MO,ACE,CE,Combined TRACON& Tower with Radar,27,50,23,21,121,0,39,28,11,78,27,89,51,32,199,50,10,60,259
03/10/2022,SGF,MO,ACE,CE,Combined TRACON& Tower with Radar,29,44,43,15,131,0,23,18,5,46,29,67,61,20,177,76,0,76,253
03/11/2022,SGF,MO,ACE,CE,Combined TRACON& Tower with Radar,30,28,21,0,79,0,3,3,2,8,30,31,24,2,87,0,0,0,87
03/12/2022,SGF,MO,ACE,CE,Combined TRACON& Tower with Radar,28,34,32,2,96,0,16,23,0,39,28,50,55,2,135,0,14,14,149
03/13/2022,SGF,MO,ACE,CE,Combined TRACON& Tower with Radar,28,29,27,0,84,0,1,11,0,12,28,30,38,0,96,0,0,0,96
03/14/2022,SGF,MO,ACE,CE,Combined TRACON& Tower with Radar,28,35,26,2,91,0,14,8,1,23,28,49,34,3,114,10,0,10,124
03/15/2022,SGF,MO,ACE,CE,Combined TRACON& Tower with Radar,28,37,25,12,102,0,7,13,1,21,28,44,38,13,123,14,6,20,143
03/16/2022,SGF,MO,ACE,CE,Combined TRACON& Tower with Radar,30,33,48,5,116,0,22,54,6,82,30,55,102,11,198,32,0,32,230
03/17/2022,SGF,MO,ACE,CE,Combined TRACON& Tower with Radar,29,32,27,22,110,0,7,23,4,34,29,39,50,26,144,30,0,30,174
03/18/2022,SGF,MO,ACE,CE,Combined TRACON& Tower with Radar,32,24,24,0,80,0,0,0,0,0,32,24,24,0,80,0,24,24,104
03/19/2022,SGF,MO,ACE,CE,Combined TRACON& Tower with Radar,32,35,27,0,94,0,13,33,4,50,32,48,60,4,144,10,0,10,154
03/20/2022,SGF,MO,ACE,CE,Combined TRACON& Tower with Radar,29,32,37,0,98,0,9,25,0,34,29,41,62,0,132,0,0,0,132
03/21/2022,SGF,MO,ACE,CE,Combined TRACON& Tower with Radar,28,25,36,0,89,0,9,11,1,21,28,34,47,1,110,20,0,20,130
03/22/2022,SGF,MO,ACE,CE,Combined TRACON& Tower with Radar,24,26,26,4,80,0,4,2,4,10,24,30,28,8,90,0,0,0,90
03/23/2022,SGF,MO,ACE,CE,Combined TRACON& Tower with Radar,24,27,27,0,78,0,0,0,0,0,24,27,27,0,78,0,0,0,78
03/24/2022,SGF,MO,ACE,CE,Combined TRACON& Tower with Radar,26,29,33,4,92,0,1,4,8,13,26,30,37,12,105,0,18,18,123
03/25/2022,SGF,MO,ACE,CE,Combined TRACON& Tower with Radar,35,34,36,7,112,0,29,20,11,60,35,63,56,18,172,40,0,40,212
03/26/2022,SGF,MO,ACE,CE,Combined TRACON& Tower with Radar,27,28,37,2,94,0,26,36,0,62,27,54,73,2,156,20,0,20,176
03/27/2022,SGF,MO,ACE,CE,Combined TRACON& Tower with Radar,24,32,30,2,88,0,12,32,0,44,24,44,62,2,132,0,0,0,132
03/28/2022,SGF,MO,ACE,CE,Combined TRACON& Tower with Radar,30,40,37,4,111,0,32,13,6,51,30,72,50,10,162,10,0,10,172
03/29/2022,SGF,MO,ACE,CE,Combined TRACON& Tower with Radar,22,29,46,3,100,0,0,3,2,5,22,29,49,5,105,0,0,0,105
03/30/2022,SGF,MO,ACE,CE,Combined TRACON& Tower with Radar,26,34,29,0,89,0,0,0,0,0,26,34,29,0,89,0,0,0,89
03/31/2022,SGF,MO,ACE,CE,Combined TRACON& Tower with Radar,26,40,43,0,109,0,6,9,2,17,26,46,52,2,126,16,0,16,142
04/01/2022,SGF,MO,ACE,CE,Combined TRACON& Tower with Radar,33,47,58,11,149,0,36,55,0,91,33,83,113,11,240,74,6,80,320
04/02/2022,SGF,MO,ACE,CE,Combined TRACON& Tower with Radar,26,37,22,8,93,0,13,25,1,39,26,50,47,9,132,0,0,0,132
04/03/2022,SGF,MO,ACE,CE,Combined TRACON& Tower with Radar,26,31,24,0,81,0,7,23,0,30,26,38,47,0,111,36,0,36,147
04/04/2022,SGF,MO,ACE,CE,Combined TRACON& Tower with Radar,26,38,25,0,89,0,15,2,0,17,26,53,27,0,106,32,0,32,138
04/05/2022,SGF,MO,ACE,CE,Combined TRACON& Tower with Radar,23,43,41,19,126,0,13,11,3,27,23,56,52,22,153,16,20,36,189
04/06/2022,SGF,MO,ACE,CE,Combined TRACON& Tower with Radar,27,40,31,1,99,0,13,24,5,42,27,53,55,6,141,26,0,26,167
04/07/2022,SGF,MO,ACE,CE,Combined TRACON& Tower with Radar,26,33,33,2,94,0,2,6,7,15,26,35,39,9,109,0,0,0,109
04/08/2022,SGF,MO,ACE,CE,Combined TRACON& Tower with Radar,29,26,30,12,97,0,1,10,4,15,29,27,40,16,112,0,0,0,112
04/09/2022,SGF,MO,ACE,CE,Combined TRACON& Tower with Radar,27,30,38,0,95,0,23,40,2,65,27,53,78,2,160,12,0,12,172
04/10/2022,SGF,MO,ACE,CE,Combined TRACON& Tower with Radar,22,24,31,4,81,0,1,5,0,6,22,25,36,4,87,0,0,0,87
04/11/2022,SGF,MO,ACE,CE,Combined TRACON& Tower with Radar,28,22,22,1,73,0,0,1,1,2,28,22,23,2,75,0,0,0,75
04/12/2022,SGF,MO,ACE,CE,Combined TRACON& Tower with Radar,27,22,35,3,87,0,1,3,4,8,27,23,38,7,95,0,0,0,95
04/13/2022,SGF,MO,ACE,CE,Combined TRACON& Tower with Radar,29,21,17,0,67,0,1,4,0,5,29,22,21,0,72,0,0,0,72
04/14/2022,SGF,MO,ACE,CE,Combined TRACON& Tower with Radar,27,39,61,2,129,0,28,38,21,87,27,67,99,23,216,58,0,58,274
04/15/2022,SGF,MO,ACE,CE,Combined TRACON& Tower with Radar,32,26,25,0,83,0,2,7,5,14,32,28,32,5,97,0,0,0,97
04/16/2022,SGF,MO,ACE,CE,Combined TRACON& Tower with Radar,30,28,25,8,91,0,22,37,1,60,30,50,62,9,151,18,0,18,169
04/17/2022,SGF,MO,ACE,CE,Combined TRACON& Tower with Radar,24,22,14,0,60,0,1,0,0,1,24,23,14,0,61,0,0,0,61
04/18/2022,SGF,MO,ACE,CE,Combined TRACON& Tower with Radar,32,30,39,7,108,0,22,13,3,38,32,52,52,10,146,34,14,48,194
04/19/2022,SGF,MO,ACE,CE,Combined TRACON& Tower with Radar,26,34,36,3,99,0,30,33,10,73,26,64,69,13,172,26,0,26,198
04/20/2022,SGF,MO,ACE,CE,Combined TRACON& Tower with Radar,27,33,38,0,98,0,1,0,0,1,27,34,38,0,99,0,0,0,99
04/21/2022,SGF,MO,ACE,CE,Combined TRACON& Tower with Radar,31,32,45,1,109,0,2,4,3,9,31,34,49,4,118,6,0,6,124
04/22/2022,SGF,MO,ACE,CE,Combined TRACON& Tower with Radar,30,32,37,16,115,0,5,14,2,21,30,37,51,18,136,0,0,0,136
04/23/2022,SGF,MO,ACE,CE,Combined TRACON& Tower with Radar,29,27,21,0,77,0,1,3,4,8,29,28,24,4,85,0,0,0,85
04/24/2022,SGF,MO,ACE,CE,Combined TRACON& Tower with Radar,25,31,17,0,73,0,0,2,3,5,25,31,19,3,78,0,0,0,78
04/25/2022,SGF,MO,ACE,CE,Combined TRACON& Tower with Radar,29,33,27,16,105,0,24,19,6,49,29,57,46,22,154,32,0,32,186
04/26/2022,SGF,MO,ACE,CE,Combined TRACON& Tower with Radar,26,40,52,0,118,0,31,56,6,93,26,71,108,6,211,35,0,35,246
04/27/2022,SGF,MO,ACE,CE,Combined TRACON& Tower with Radar,28,44,49,2,123,0,19,33,10,62,28,63,82,12,185,60,0,60,245
04/28/2022,SGF,MO,ACE,CE,Combined TRACON& Tower with Radar,32,21,32,1,86,0,0,6,1,7,32,21,38,2,93,0,0,0,93
04/29/2022,SGF,MO,ACE,CE,Combined TRACON& Tower with Radar,28,30,24,1,83,0,1,3,4,8,28,31,27,5,91,6,0,6,97
04/30/2022,SGF,MO,ACE,CE,Combined TRACON& Tower with Radar,26,24,23,0,73,0,1,13,5,19,26,25,36,5,92,0,0,0,92
05/01/2022,SGF,MO,ACE,CE,Combined TRACON& Tower with Radar,27,28,30,0,85,0,9,17,2,28,27,37,47,2,113,40,0,40,153
05/02/2022,SGF,MO,ACE,CE,Combined TRACON& Tower with Radar,32,21,12,3,68,0,1,0,2,3,32,22,12,5,71,0,0,0,71
05/03/2022,SGF,MO,ACE,CE,Combined TRACON& Tower with Radar,30,34,54,4,122,0,1,1,1,3,30,35,55,5,125,0,0,0,125
05/04/2022,SGF,MO,ACE,CE,Combined TRACON& Tower with Radar,31,36,23,4,94,0,1,1,0,2,31,37,24,4,96,0,0,0,96
05/05/2022,SGF,MO,ACE,CE,Combined TRACON& Tower with Radar,26,25,19,0,70,0,0,1,0,1,26,25,20,0,71,0,0,0,71
05/06/2022,SGF,MO,ACE,CE,Combined TRACON& Tower with Radar,34,34,40,1,109,0,0,6,1,7,34,34,46,2,116,0,0,0,116
05/07/2022,SGF,MO,ACE,CE,Combined TRACON& Tower with Radar,24,28,23,0,75,0,26,41,0,67,24,54,64,0,142,30,0,30,172
05/08/2022,SGF,MO,ACE,CE,Combined TRACON& Tower with Radar,24,24,25,0,73,0,0,8,0,8,24,24,33,0,81,8,0,8,89
05/09/2022,SGF,MO,ACE,CE,Combined TRACON& Tower with Radar,30,32,32,5,99,0,3,16,1,20,30,35,48,6,119,6,0,6,125
05/10/2022,SGF,MO,ACE,CE,Combined TRACON& Tower with Radar,26,39,58,15,138,0,33,37,13,83,26,72,95,28,221,16,4,20,241
05/11/2022,SGF,MO,ACE,CE,Combined TRACON& Tower with Radar,28,43,39,1,111,0,35,43,16,94,28,78,82,17,205,26,0,26,231
05/12/2022,SGF,MO,ACE,CE,Combined TRACON& Tower with Radar,33,42,39,29,143,0,27,28,6,61,33,69,67,35,204,10,4,14,218
05/13/2022,SGF,MO,ACE,CE,Combined TRACON& Tower with Radar,37,41,25,15,118,0,25,22,5,52,37,66,47,20,170,36,20,56,226
05/14/2022,SGF,MO,ACE,CE,Combined TRACON& Tower with Radar,26,30,30,0,86,0,21,34,4,59,26,51,64,4,145,64,0,64,209
05/15/2022,SGF,MO,ACE,CE,Combined TRACON& Tower with Radar,24,27,26,0,77,0,2,6,0,8,24,29,32,0,85,0,0,0,85
05/16/2022,SGF,MO,ACE,CE,Combined TRACON& Tower with Radar,28,51,33,12,124,0,13,36,4,53,28,64,69,16,177,20,0,20,197
05/17/2022,SGF,MO,ACE,CE,Combined TRACON& Tower with Radar,27,34,44,5,110,0,19,10,6,35,27,53,54,11,145,12,0,12,157
05/18/2022,SGF,MO,ACE,CE,Combined TRACON& Tower with Radar,27,44,49,5,125,0,19,16,13,48,27,63,65,18,173,2,0,2,175
05/19/2022,SGF,MO,ACE,CE,Combined TRACON& Tower with Radar,34,40,29,1,104,22,5,2,5,34,56,45,31,6,138,6,6,12,150
05/20/2022,SGF,MO,ACE,CE,Combined TRACON& Tower with Radar,35,31,35,5,106,0,2,9,8,19,35,33,44,13,125,0,0,0,125
05/21/2022,SGF,MO,ACE,CE,Combined TRACON& Tower with Radar,31,25,11,0,67,0,0,0,0,0,31,25,11,0,67,0,0,0,67
05/22/2022,SGF,MO,ACE,CE,Combined TRACON& Tower with Radar,30,20,30,0,80,0,6,23,0,29,30,26,53,0,109,12,0,12,121
05/23/2022,SGF,MO,ACE,CE,Combined TRACON& Tower with Radar,32,28,39,0,99,0,18,14,1,33,32,46,53,1,132,40,0,40,172
05/24/2022,SGF,MO,ACE,CE,Combined TRACON& Tower with Radar,26,35,33,0,94,0,1,0,2,3,26,36,33,2,97,0,0,0,97
05/25/2022,SGF,MO,ACE,CE,Combined TRACON& Tower with Radar,30,19,50,2,101,0,2,0,10,12,30,21,50,12,113,0,0,0,113
05/26/2022,SGF,MO,ACE,CE,Combined TRACON& Tower with Radar,30,30,28,0,88,0,0,0,2,2,30,30,28,2,90,0,10,10,100
05/27/2022,SGF,MO,ACE,CE,Combined TRACON& Tower with Radar,34,33,29,0,96,0,16,24,0,40,34,49,53,0,136,30,0,30,166
05/28/2022,SGF,MO,ACE,CE,Combined TRACON& Tower with Radar,27,23,20,0,70,0,8,27,0,35,27,31,47,0,105,10,0,10,115
05/29/2022,SGF,MO,ACE,CE,Combined TRACON& Tower with Radar,26,28,31,0,85,0,2,6,0,8,26,30,37,0,93,0,0,0,93
05/30/2022,SGF,MO,ACE,CE,Combined TRACON& Tower with Radar,30,27,18,0,75,0,1,12,0,13,30,28,30,0,88,0,0,0,88
05/31/2022,SGF,MO,ACE,CE,Combined TRACON& Tower with Radar,25,22,37,11,95,0,14,14,2,30,25,36,51,13,125,4,0,4,129
06/01/2022,SGF,MO,ACE,CE,Combined TRACON& Tower with Radar,27,23,35,0,85,1,5,11,9,26,28,28,46,9,111,0,0,0,111
06/02/2022,SGF,MO,ACE,CE,Combined TRACON& Tower with Radar,34,39,41,14,128,0,13,28,17,58,34,52,69,31,186,14,0,14,200
06/03/2022,SGF,MO,ACE,CE,Combined TRACON& Tower with Radar,36,45,38,4,123,0,29,74,6,109,36,74,112,10,232,32,0,32,264
06/04/2022,SGF,MO,ACE,CE,Combined TRACON& Tower with Radar,30,31,26,0,87,0,15,20,0,35,30,46,46,0,122,24,0,24,146
06/05/2022,SGF,MO,ACE,CE,Combined TRACON& Tower with Radar,27,29,19,0,75,0,0,14,0,14,27,29,33,0,89,2,0,2,91
06/06/2022,SGF,MO,ACE,CE,Combined TRACON& Tower with Radar,34,33,20,8,95,0,10,8,6,24,34,43,28,14,119,0,0,0,119
06/07/2022,SGF,MO,ACE,CE,Combined TRACON& Tower with Radar,31,40,24,1,96,0,21,19,15,55,31,61,43,16,151,32,0,32,183
06/08/2022,SGF,MO,ACE,CE,Combined TRACON& Tower with Radar,32,40,26,9,107,0,26,18,13,57,32,66,44,22,164,12,16,28,192
06/09/2022,SGF,MO,ACE,CE,Combined TRACON& Tower with Radar,32,40,54,0,126,0,32,30,10,72,32,72,84,10,198,48,0,48,246
06/10/2022,SGF,MO,ACE,CE,Combined TRACON& Tower with Radar,36,40,16,3,95,0,26,17,1,44,36,66,33,4,139,30,16,46,185
06/11/2022,SGF,MO,ACE,CE,Combined TRACON& Tower with Radar,34,30,50,14,128,0,15,24,8,47,34,45,74,22,175,26,14,40,215
06/12/2022,SGF,MO,ACE,CE,Combined TRACON& Tower with Radar,28,24,43,1,96,0,7,21,2,30,28,31,64,3,126,0,0,0,126
06/13/2022,SGF,MO,ACE,CE,Combined TRACON& Tower with Radar,36,33,37,6,112,0,19,14,1,34,36,52,51,7,146,8,0,8,154
06/14/2022,SGF,MO,ACE,CE,Combined TRACON& Tower with Radar,30,40,33,2,105,0,13,29,5,47,30,53,62,7,152,0,0,0,152
06/15/2022,SGF,MO,ACE,CE,Combined TRACON& Tower with Radar,35,34,32,2,103,0,15,15,7,37,35,49,47,9,140,12,0,12,152
06/16/2022,SGF,MO,ACE,CE,Combined TRACON& Tower with Radar,31,31,30,1,93,0,23,24,6,53,31,54,54,7,146,20,0,20,166
06/17/2022,SGF,MO,ACE,CE,Combined TRACON& Tower with Radar,40,31,36,1,108,0,32,28,2,62,40,63,64,3,170,54,0,54,224
06/18/2022,SGF,MO,ACE,CE,Combined TRACON& Tower with Radar,34,26,15,0,75,0,21,32,8,61,34,47,47,8,136,20,0,20,156
06/19/2022,SGF,MO,ACE,CE,Combined TRACON& Tower with Radar,26,27,30,0,83,0,1,34,0,35,26,28,64,0,118,0,0,0,118
06/20/2022,SGF,MO,ACE,CE,Combined TRACON& Tower with Radar,38,36,28,0,102,0,33,29,0,62,38,69,57,0,164,18,0,18,182
06/21/2022,SGF,MO,ACE,CE,Combined TRACON& Tower with Radar,28,34,43,0,105,0,31,37,2,70,28,65,80,2,175,20,0,20,195
06/22/2022,SGF,MO,ACE,CE,Combined TRACON& Tower with Radar,32,42,30,12,116,0,22,19,12,53,32,64,49,24,169,33,10,43,212
06/23/2022,SGF,MO,ACE,CE,Combined TRACON& Tower with Radar,32,33,43,4,112,0,21,18,13,52,32,54,61,17,164,20,0,20,184
06/24/2022,SGF,MO,ACE,CE,Combined TRACON& Tower with Radar,35,35,38,1,109,0,23,25,7,55,35,58,63,8,164,12,0,12,176
06/25/2022,SGF,MO,ACE,CE,Combined TRACON& Tower with Radar,31,32,22,8,93,0,15,24,0,39,31,47,46,8,132,0,0,0,132
06/26/2022,SGF,MO,ACE,CE,Combined TRACON& Tower with Radar,30,25,37,0,92,0,2,9,2,13,30,27,46,2,105,0,0,0,105
06/27/2022,SGF,MO,ACE,CE,Combined TRACON& Tower with Radar,33,32,36,0,101,0,21,14,2,37,33,53,50,2,138,20,0,20,158
06/28/2022,SGF,MO,ACE,CE,Combined TRACON& Tower with Radar,29,39,33,18,119,0,18,28,4,50,29,57,61,22,169,12,0,12,181
06/29/2022,SGF,MO,ACE,CE,Combined TRACON& Tower with Radar,30,46,39,23,138,0,28,16,12,56,30,74,55,35,194,16,22,38,232
06/30/2022,SGF,MO,ACE,CE,Combined TRACON& Tower with Radar,32,28,49,0,109,0,25,44,7,76,32,53,93,7,185,4,0,4,189
07/01/2022,SGF,MO,ACE,CE,Combined TRACON& Tower with Radar,37,42,35,2,116,0,23,33,4,60,37,65,68,6,176,0,0,0,176
07/02/2022,SGF,MO,ACE,CE,Combined TRACON& Tower with Radar,34,26,23,0,83,0,11,21,2,34,34,37,44,2,117,20,0,20,137
07/03/2022,SGF,MO,ACE,CE,Combined TRACON& Tower with Radar,24,22,12,0,58,0,3,9,0,12,24,25,21,0,70,0,0,0,70
07/04/2022,SGF,MO,ACE,CE,Combined TRACON& Tower with Radar,34,21,22,0,77,0,5,23,0,28,34,26,45,0,105,20,0,20,125
07/05/2022,SGF,MO,ACE,CE,Combined TRACON& Tower with Radar,23,29,41,0,93,0,25,21,2,48,23,54,62,2,141,38,0,38,179
07/06/2022,SGF,MO,ACE,CE,Combined TRACON& Tower with Radar,24,33,42,0,99,0,19,20,1,40,24,52,62,1,139,0,0,0,139
07/07/2022,SGF,MO,ACE,CE,Combined TRACON& Tower with Radar,32,34,52,22,140,0,19,25,9,53,32,53,77,31,193,28,0,28,221
07/08/2022,SGF,MO,ACE,CE,Combined TRACON& Tower with Radar,36,25,29,1,91,0,16,23,3,42,36,41,52,4,133,18,0,18,151
07/09/2022,SGF,MO,ACE,CE,Combined TRACON& Tower with Radar,34,27,26,0,87,0,11,8,0,19,34,38,34,0,106,22,0,22,128
07/10/2022,SGF,MO,ACE,CE,Combined TRACON& Tower with Radar,29,23,34,0,86,0,9,27,0,36,29,32,61,0,122,6,0,6,128
07/11/2022,SGF,MO,ACE,CE,Combined TRACON& Tower with Radar,37,30,36,0,103,0,29,19,5,53,37,59,55,5,156,16,0,16,172
07/12/2022,SGF,MO,ACE,CE,Combined TRACON& Tower with Radar,26,32,38,5,101,0,15,11,1,27,26,47,49,6,128,32,0,32,160
07/13/2022,SGF,MO,ACE,CE,Combined TRACON& Tower with Radar,26,34,51,11,122,0,26,36,16,78,26,60,87,27,200,32,0,32,232
07/14/2022,SGF,MO,ACE,CE,Combined TRACON& Tower with Radar,32,37,41,29,139,0,26,21,6,53,32,63,62,35,192,22,18,40,232
07/15/2022,SGF,MO,ACE,CE,Combined TRACON& Tower with Radar,38,23,22,10,93,0,22,19,3,44,38,45,41,13,137,14,0,14,151
07/16/2022,SGF,MO,ACE,CE,Combined TRACON& Tower with Radar,29,27,22,0,78,0,8,18,0,26,29,35,40,0,104,16,0,16,120
07/17/2022,SGF,MO,ACE,CE,Combined TRACON& Tower with Radar,28,23,27,6,84,0,1,15,0,16,28,24,42,6,100,0,14,14,114
07/18/2022,SGF,MO,ACE,CE,Combined TRACON& Tower with Radar,37,21,36,10,104,0,14,18,2,34,37,35,54,12,138,26,0,26,164
07/19/2022,SGF,MO,ACE,CE,Combined TRACON& Tower with Radar,24,43,36,8,111,0,17,23,10,50,24,60,59,18,161,54,0,54,215
07/20/2022,SGF,MO,ACE,CE,Combined TRACON& Tower with Radar,26,35,38,8,107,0,19,22,15,56,26,54,60,23,163,8,8,16,179
07/21/2022,SGF,MO,ACE,CE,Combined TRACON& Tower with Radar,33,29,48,9,119,0,20,29,11,60,33,49,77,20,179,44,8,52,231
07/22/2022,SGF,MO,ACE,CE,Combined TRACON& Tower with Radar,38,32,49,0,119,0,12,52,4,68,38,44,101,4,187,0,0,0,187
07/23/2022,SGF,MO,ACE,CE,Combined TRACON& Tower with Radar,31,32,23,0,86,0,15,44,0,59,31,47,67,0,145,56,0,56,201
07/24/2022,SGF,MO,ACE,CE,Combined TRACON& Tower with Radar,30,26,36,0,92,0,3,19,1,23,30,29,55,1,115,0,0,0,115
07/25/2022,SGF,MO,ACE,CE,Combined TRACON& Tower with Radar,34,32,49,22,137,0,20,28,3,51,34,52,77,25,188,36,6,42,230
07/26/2022,SGF,MO,ACE,CE,Combined TRACON& Tower with Radar,24,33,48,4,109,0,5,18,7,30,24,38,66,11,139,0,0,0,139
07/27/2022,SGF,MO,ACE,CE,Combined TRACON& Tower with Radar,26,27,56,17,126,0,24,16,6,46,26,51,72,23,172,30,38,68,240
07/28/2022,SGF,MO,ACE,CE,Combined TRACON& Tower with Radar,31,32,40,5,108,0,4,13,6,23,31,36,53,11,131,0,0,0,131
07/29/2022,SGF,MO,ACE,CE,Combined TRACON& Tower with Radar,38,30,38,4,110,0,17,27,0,44,38,47,65,4,154,58,0,58,212
07/30/2022,SGF,MO,ACE,CE,Combined TRACON& Tower with Radar,30,27,23,0,80,0,1,2,0,3,30,28,25,0,83,0,0,0,83
07/31/2022,SGF,MO,ACE,CE,Combined TRACON& Tower with Radar,25,27,38,0,90,0,1,6,1,8,25,28,44,1,98,0,0,0,98
08/01/2022,SGF,MO,ACE,CE,Combined TRACON& Tower with Radar,35,33,31,2,101,0,10,18,7,35,35,43,49,9,136,0,0,0,136
08/02/2022,SGF,MO,ACE,CE,Combined TRACON& Tower with Radar,25,36,38,3,102,0,37,15,5,57,25,73,53,8,159,12,0,12,171
08/03/2022,SGF,MO,ACE,CE,Combined TRACON& Tower with Radar,30,28,47,13,118,0,9,11,10,30,30,37,58,23,148,12,6,18,166
08/04/2022,SGF,MO,ACE,CE,Combined TRACON& Tower with Radar,31,33,18,0,82,0,17,32,15,64,31,50,50,15,146,0,0,0,146
08/05/2022,SGF,MO,ACE,CE,Combined TRACON& Tower with Radar,38,24,46,35,143,0,4,21,1,26,38,28,67,36,169,4,0,4,173
08/06/2022,SGF,MO,ACE,CE,Combined TRACON& Tower with Radar,31,25,19,0,75,0,16,94,4,114,31,41,113,4,189,20,0,20,209
08/07/2022,SGF,MO,ACE,CE,Combined TRACON& Tower with Radar,28,20,39,0,87,0,6,22,0,28,28,26,61,0,115,38,0,38,153
08/08/2022,SGF,MO,ACE,CE,Combined TRACON& Tower with Radar,33,29,41,10,113,0,10,11,0,21,33,39,52,10,134,10,0,10,144
08/09/2022,SGF,MO,ACE,CE,Combined TRACON& Tower with Radar,29,43,39,8,119,0,6,8,5,19,29,49,47,13,138,20,0,20,158
08/10/2022,SGF,MO,ACE,CE,Combined TRACON& Tower with Radar,26,30,27,16,99,0,22,21,14,57,26,52,48,30,156,46,14,60,216
08/11/2022,SGF,MO,ACE,CE,Combined TRACON& Tower with Radar,34,34,57,24,149,0,27,38,9,74,34,61,95,33,223,0,0,0,223
08/12/2022,SGF,MO,ACE,CE,Combined TRACON& Tower with Radar,38,44,40,12,134,0,23,34,4,61,38,67,74,16,195,4,0,4,199
08/13/2022,SGF,MO,ACE,CE,Combined TRACON& Tower with Radar,30,26,22,0,78,0,28,49,0,77,30,54,71,0,155,60,0,60,215
08/14/2022,SGF,MO,ACE,CE,Combined TRACON& Tower with Radar,28,22,25,2,77,0,2,15,0,17,28,24,40,2,94,0,0,0,94
08/15/2022,SGF,MO,ACE,CE,Combined TRACON& Tower with Radar,36,32,37,34,139,0,13,25,5,43,36,45,62,39,182,25,16,41,223
08/16/2022,SGF,MO,ACE,CE,Combined TRACON& Tower with Radar,26,35,38,6,105,0,1,1,1,3,26,36,39,7,108,0,0,0,108
08/17/2022,SGF,MO,ACE,CE,Combined TRACON& Tower with Radar,27,42,35,5,109,0,7,4,10,21,27,49,39,15,130,18,24,42,172
08/18/2022,SGF,MO,ACE,CE,Combined TRACON& Tower with Radar,35,44,38,33,150,0,28,31,19,78,35,72,69,52,228,10,0,10,238
08/19/2022,SGF,MO,ACE,CE,Combined TRACON& Tower with Radar,38,37,35,1,111,0,28,55,3,86,38,65,90,4,197,36,10,46,243
08/20/2022,SGF,MO,ACE,CE,Combined TRACON& Tower with Radar,23,36,34,0,93,0,20,33,0,53,23,56,67,0,146,4,0,4,150
08/21/2022,SGF,MO,ACE,CE,Combined TRACON& Tower with Radar,27,22,34,18,101,0,2,17,1,20,27,24,51,19,121,0,22,22,143
08/22/2022,SGF,MO,ACE,CE,Combined TRACON& Tower with Radar,34,40,52,10,136,0,19,26,6,51,34,59,78,16,187,30,0,30,217
08/23/2022,SGF,MO,ACE,CE,Combined TRACON& Tower with Radar,29,41,39,26,135,0,34,16,16,66,29,75,55,42,201,16,0,16,217
08/24/2022,SGF,MO,ACE,CE,Combined TRACON& Tower with Radar,30,31,48,42,151,0,20,22,19,61,30,51,70,61,212,4,16,20,232
08/25/2022,SGF,MO,ACE,CE,Combined TRACON& Tower with Radar,33,36,45,5,119,0,29,34,7,70,33,65,79,12,189,60,0,60,249
08/26/2022,SGF,MO,ACE,CE,Combined TRACON& Tower with Radar,38,31,38,20,127,0,23,20,4,47,38,54,58,24,174,22,4,26,200
08/27/2022,SGF,MO,ACE,CE,Combined TRACON& Tower with Radar,27,29,26,0,82,0,34,37,1,72,27,63,63,1,154,16,0,16,170
08/28/2022,SGF,MO,ACE,CE,Combined TRACON& Tower with Radar,32,19,36,4,91,0,0,9,2,11,32,19,45,6,102,0,0,0,102
08/29/2022,SGF,MO,ACE,CE,Combined TRACON& Tower with Radar,28,33,24,0,85,0,19,8,5,32,28,52,32,5,117,2,0,2,119
08/30/2022,SGF,MO,ACE,CE,Combined TRACON& Tower with Radar,28,31,35,0,94,0,35,33,5,73,28,66,68,5,167,78,0,78,245
08/31/2022,SGF,MO,ACE,CE,Combined TRACON& Tower with Radar,28,37,37,24,126,0,46,30,11,87,28,83,67,35,213,16,4,20,233
09/01/2022,SGF,MO,ACE,CE,Combined TRACON& Tower with Radar,28,33,50,3,114,0,28,19,11,58,28,61,69,14,172,26,0,26,198
09/02/2022,SGF,MO,ACE,CE,Combined TRACON& Tower with Radar,40,27,39,0,106,0,0,1,0,1,40,27,40,0,107,0,0,0,107
09/03/2022,SGF,MO,ACE,CE,Combined TRACON& Tower with Radar,19,30,18,1,68,0,19,9,0,28,19,49,27,1,96,0,0,0,96
09/04/2022,SGF,MO,ACE,CE,Combined TRACON& Tower with Radar,21,21,9,0,51,0,6,14,0,20,21,27,23,0,71,6,0,6,77
09/05/2022,SGF,MO,ACE,CE,Combined TRACON& Tower with Radar,34,23,35,0,92,0,2,18,3,23,34,25,53,3,115,0,0,0,115
09/06/2022,SGF,MO,ACE,CE,Combined TRACON& Tower with Radar,22,36,39,12,109,0,14,21,6,41,22,50,60,18,150,36,16,52,202
09/07/2022,SGF,MO,ACE,CE,Combined TRACON& Tower with Radar,28,29,63,7,127,0,40,12,14,66,28,69,75,21,193,14,0,14,207
09/08/2022,SGF,MO,ACE,CE,Combined TRACON& Tower with Radar,34,40,55,1,130,0,39,32,11,82,34,79,87,12,212,24,0,24,236
09/09/2022,SGF,MO,ACE,CE,Combined TRACON& Tower with Radar,35,33,38,2,108,0,52,18,5,75,35,85,56,7,183,0,0,0,183
09/10/2022,SGF,MO,ACE,CE,Combined TRACON& Tower with Radar,29,23,31,0,83,0,28,45,2,75,29,51,76,2,158,6,0,6,164
09/11/2022,SGF,MO,ACE,CE,Combined TRACON& Tower with Radar,31,22,43,0,96,0,2,15,0,17,31,24,58,0,113,6,0,6,119
09/12/2022,SGF,MO,ACE,CE,Combined TRACON& Tower with Radar,35,40,42,7,124,0,34,26,1,61,35,74,68,8,185,8,0,8,193
09/13/2022,SGF,MO,ACE,CE,Combined TRACON& Tower with Radar,30,39,46,5,120,0,37,29,5,71,30,76,75,10,191,14,0,14,205
09/14/2022,SGF,MO,ACE,CE,Combined TRACON& Tower with Radar,28,32,46,18,124,0,40,34,3,77,28,72,80,21,201,0,0,0,201
09/15/2022,SGF,MO,ACE,CE,Combined TRACON& Tower with Radar,36,32,42,5,115,0,20,63,22,105,36,52,105,27,220,42,0,42,262
09/16/2022,SGF,MO,ACE,CE,Combined TRACON& Tower with Radar,39,41,41,0,121,0,31,23,4,58,39,72,64,4,179,0,0,0,179
09/17/2022,SGF,MO,ACE,CE,Combined TRACON& Tower with Radar,27,33,15,3,78,0,34,22,3,59,27,67,37,6,137,12,6,18,155
09/18/2022,SGF,MO,ACE,CE,Combined TRACON& Tower with Radar,30,35,29,1,95,0,2,19,3,24,30,37,48,4,119,0,0,0,119
09/19/2022,SGF,MO,ACE,CE,Combined TRACON& Tower with Radar,32,41,45,2,120,0,38,23,2,63,32,79,68,4,183,30,10,40,223
09/20/2022,SGF,MO,ACE,CE,Combined TRACON& Tower with Radar,28,36,38,23,125,0,21,30,5,56,28,57,68,28,181,12,20,32,213
09/21/2022,SGF,MO,ACE,CE,Combined TRACON& Tower with Radar,26,33,31,9,99,0,33,22,3,58,26,66,53,12,157,16,0,16,173
09/22/2022,SGF,MO,ACE,CE,Combined TRACON& Tower with Radar,33,33,33,7,106,0,13,10,4,27,33,46,43,11,133,32,0,32,165
09/23/2022,SGF,MO,ACE,CE,Combined TRACON& Tower with Radar,40,47,34,18,139,0,31,55,2,88,40,78,89,20,227,0,0,0,227
09/24/2022,SGF,MO,ACE,CE,Combined TRACON& Tower with Radar,27,32,18,4,81,0,28,46,0,74,27,60,64,4,155,20,0,20,175
09/25/2022,SGF,MO,ACE,CE,Combined TRACON& Tower with Radar,29,23,37,3,92,0,9,27,1,37,29,32,64,4,129,0,0,0,129
09/26/2022,SGF,MO,ACE,CE,Combined TRACON& Tower with Radar,31,28,26,12,97,0,32,16,1,49,31,60,42,13,146,28,6,34,180
09/27/2022,SGF,MO,ACE,CE,Combined TRACON& Tower with Radar,29,35,67,36,167,0,35,42,3,80,29,70,109,39,247,24,0,24,271
09/28/2022,SGF,MO,ACE,CE,Combined TRACON& Tower with Radar,26,39,50,12,127,0,50,29,12,91,26,89,79,24,218,0,0,0,218
09/29/2022,SGF,MO,ACE,CE,Combined TRACON& Tower with Radar,33,40,46,6,125,0,34,19,8,61,33,74,65,14,186,8,0,8,194
09/30/2022,SGF,MO,ACE,CE,Combined TRACON& Tower with Radar,37,41,48,0,126,0,38,38,3,79,37,79,86,3,205,4,0,4,209
10/01/2022,SGF,MO,ACE,CE,Combined TRACON& Tower with Radar,30,29,25,0,84,0,22,30,0,52,30,51,55,0,136,28,0,28,164
10/02/2022,SGF,MO,ACE,CE,Combined TRACON& Tower with Radar,32,25,39,0,96,0,5,20,2,27,32,30,59,2,123,0,0,0,123
10/03/2022,SGF,MO,ACE,CE,Combined TRACON& Tower with Radar,34,33,41,14,122,0,27,23,4,54,34,60,64,18,176,22,8,30,206
10/04/2022,SGF,MO,ACE,CE,Combined TRACON& Tower with Radar,34,31,42,4,111,0,22,33,7,62,34,53,75,11,173,34,0,34,207
10/05/2022,SGF,MO,ACE,CE,Combined TRACON& Tower with Radar,28,50,44,12,134,0,24,28,12,64,28,74,72,24,198,0,0,0,198
10/06/2022,SGF,MO,ACE,CE,Combined TRACON& Tower with Radar,34,38,53,9,134,0,29,46,12,87,34,67,99,21,221,30,16,46,267
10/07/2022,SGF,MO,ACE,CE,Combined TRACON& Tower with Radar,38,34,40,16,128,0,39,62,6,107,38,73,102,22,235,26,12,38,273
10/08/2022,SGF,MO,ACE,CE,Combined TRACON& Tower with Radar,30,20,30,0,80,0,18,22,6,46,30,38,52,6,126,0,0,0,126
10/09/2022,SGF,MO,ACE,CE,Combined TRACON& Tower with Radar,30,19,39,0,88,0,4,20,0,24,30,23,59,0,112,10,0,10,122
10/10/2022,SGF,MO,ACE,CE,Combined TRACON& Tower with Radar,31,35,46,0,112,0,30,10,0,40,31,65,56,0,152,14,0,14,166
10/11/2022,SGF,MO,ACE,CE,Combined TRACON& Tower with Radar,32,19,35,3,89,0,1,4,1,6,32,20,39,4,95,18,0,18,113
10/12/2022,SGF,MO,ACE,CE,Combined TRACON& Tower with Radar,28,41,31,4,104,0,19,9,6,34,28,60,40,10,138,12,4,16,154
10/13/2022,SGF,MO,ACE,CE,Combined TRACON& Tower with Radar,34,28,50,4,116,0,19,25,13,57,34,47,75,17,173,0,30,30,203
10/14/2022,SGF,MO,ACE,CE,Combined TRACON& Tower with Radar,38,35,41,4,118,0,8,9,7,24,38,43,50,11,142,18,0,18,160
10/15/2022,SGF,MO,ACE,CE,Combined TRACON& Tower with Radar,32,27,36,0,95,0,36,31,1,68,32,63,67,1,163,22,0,22,185
10/16/2022,SGF,MO,ACE,CE,Combined TRACON& Tower with Radar,29,18,42,0,89,0,8,16,2,26,29,26,58,2,115,0,0,0,115
10/17/2022,SGF,MO,ACE,CE,Combined TRACON& Tower with Radar,33,32,32,2,99,0,15,19,5,39,33,47,51,7,138,0,0,0,138
10/18/2022,SGF,MO,ACE,CE,Combined TRACON& Tower with Radar,32,28,51,20,131,0,30,18,20,68,32,58,69,40,199,16,10,26,225
10/19/2022,SGF,MO,ACE,CE,Combined TRACON& Tower with Radar,28,46,52,17,143,0,35,19,4,58,28,81,71,21,201,20,0,20,221
10/20/2022,SGF,MO,ACE,CE,Combined TRACON& Tower with Radar,34,42,64,7,147,0,39,13,6,58,34,81,77,13,205,52,0,52,257
10/21/2022,SGF,MO,ACE,CE,Combined TRACON& Tower with Radar,40,34,53,8,135,0,27,31,2,60,40,61,84,10,195,8,0,8,203
10/22/2022,SGF,MO,ACE,CE,Combined TRACON& Tower with Radar,32,24,14,0,70,0,6,6,0,12,32,30,20,0,82,16,0,16,98
10/23/2022,SGF,MO,ACE,CE,Combined TRACON& Tower with Radar,29,24,24,0,77,0,0,6,0,6,29,24,30,0,83,0,0,0,83
10/24/2022,SGF,MO,ACE,CE,Combined TRACON& Tower with Radar,31,25,32,0,88,0,3,2,0,5,31,28,34,0,93,6,0,6,99
10/25/2022,SGF,MO,ACE,CE,Combined TRACON& Tower with Radar,31,31,31,0,93,0,0,0,0,0,31,31,31,0,93,0,0,0,93
10/26/2022,SGF,MO,ACE,CE,Combined TRACON& Tower with Radar,29,37,64,42,172,0,33,42,20,95,29,70,106,62,267,60,6,66,333
10/27/2022,SGF,MO,ACE,CE,Combined TRACON& Tower with Radar,34,29,51,31,145,0,28,36,18,82,34,57,87,49,227,0,0,0,227
10/28/2022,SGF,MO,ACE,CE,Combined TRACON& Tower with Radar,35,33,41,43,152,0,37,31,13,81,35,70,72,56,233,44,12,56,289
10/29/2022,SGF,MO,ACE,CE,Combined TRACON& Tower with Radar,29,22,20,6,77,0,29,20,0,49,29,51,40,6,126,28,0,28,154
10/30/2022,SGF,MO,ACE,CE,Combined TRACON& Tower with Radar,31,26,31,0,88,0,0,1,0,1,31,26,32,0,89,0,0,0,89
10/31/2022,SGF,MO,ACE,CE,Combined TRACON& Tower with Radar,26,32,39,22,119,0,27,28,7,62,26,59,67,29,181,24,0,24,205
11/01/2022,SGF,MO,ACE,CE,Combined TRACON& Tower with Radar,29,36,50,20,135,0,30,28,1,59,29,66,78,21,194,26,0,26,220
11/02/2022,SGF,MO,ACE,CE,Combined TRACON& Tower with Radar,25,38,40,2,105,0,34,34,6,74,25,72,74,8,179,12,0,12,191
11/03/2022,SGF,MO,ACE,CE,Combined TRACON& Tower with Radar,37,35,42,4,118,0,26,13,14,53,37,61,55,18,171,8,6,14,185
11/04/2022,SGF,MO,ACE,CE,Combined TRACON& Tower with Radar,33,20,27,0,80,0,1,2,7,10,33,21,29,7,90,0,0,0,90
11/05/2022,SGF,MO,ACE,CE,Combined TRACON& Tower with Radar,30,20,19,0,69,0,0,10,4,14,30,20,29,4,83,0,0,0,83
11/06/2022,SGF,MO,ACE,CE,Combined TRACON& Tower with Radar,28,24,44,0,96,0,3,27,2,32,28,27,71,2,128,0,0,0,128
11/07/2022,SGF,MO,ACE,CE,Combined TRACON& Tower with Radar,29,29,31,11,100,0,22,15,1,38,29,51,46,12,138,0,0,0,138
11/08/2022,SGF,MO,ACE,CE,Combined TRACON& Tower with Radar,25,33,39,23,120,0,6,12,9,27,25,39,51,32,147,14,11,25,172
11/09/2022,SGF,MO,ACE,CE,Combined TRACON& Tower with Radar,26,51,47,10,134,0,19,25,11,55,26,70,72,21,189,2,0,2,191
11/10/2022,SGF,MO,ACE,CE,Combined TRACON& Tower with Radar,30,30,41,1,102,0,24,11,1,36,30,54,52,2,138,34,4,38,176
11/11/2022,SGF,MO,ACE,CE,Combined TRACON& Tower with Radar,34,24,28,0,86,0,9,15,2,26,34,33,43,2,112,14,0,14,126
11/12/2022,SGF,MO,ACE,CE,Combined TRACON& Tower with Radar,30,22,20,0,72,0,14,36,0,50,30,36,56,0,122,0,0,0,122
11/13/2022,SGF,MO,ACE,CE,Combined TRACON& Tower with Radar,26,26,33,0,85,0,11,38,4,53,26,37,71,4,138,10,0,10,148
11/14/2022,SGF,MO,ACE,CE,Combined TRACON& Tower with Radar,26,39,27,0,92,0,19,8,2,29,26,58,35,2,121,32,0,32,153
11/15/2022,SGF,MO,ACE,CE,Combined TRACON& Tower with Radar,26,30,28,0,84,0,7,3,1,11,26,37,31,1,95,30,0,30,125
11/16/2022,SGF,MO,ACE,CE,Combined TRACON& Tower with Radar,25,43,35,20,123,0,18,13,18,49,25,61,48,38,172,0,0,0,172
11/17/2022,SGF,MO,ACE,CE,Combined TRACON& Tower with Radar,31,51,49,3,134,0,25,16,5,46,31,76,65,8,180,50,0,50,230
11/18/2022,SGF,MO,ACE,CE,Combined TRACON& Tower with Radar,34,52,41,3,130,0,24,22,7,53,34,76,63,10,183,26,0,26,209
11/19/2022,SGF,MO,ACE,CE,Combined TRACON& Tower with Radar,28,34,19,2,83,0,19,18,8,45,28,53,37,10,128,2,14,16,144
11/20/2022,SGF,MO,ACE,CE,Combined TRACON& Tower with Radar,26,24,31,6,87,0,3,25,0,28,26,27,56,6,115,0,0,0,115
11/21/2022,SGF,MO,ACE,CE,Combined TRACON& Tower with Radar,30,27,37,0,94,0,11,19,6,36,30,38,56,6,130,22,0,22,152
11/22/2022,SGF,MO,ACE,CE,Combined TRACON& Tower with Radar,30,39,36,9,114,0,29,18,11,58,30,68,54,20,172,50,0,50,222
11/23/2022,SGF,MO,ACE,CE,Combined TRACON& Tower with Radar,36,34,37,0,107,0,16,17,8,41,36,50,54,8,148,32,0,32,180
11/24/2022,SGF,MO,ACE,CE,Combined TRACON& Tower with Radar,14,14,6,0,34,0,0,0,0,0,14,14,6,0,34,0,0,0,34
11/25/2022,SGF,MO,ACE,CE,Combined TRACON& Tower with Radar,27,25,26,0,78,0,2,23,0,25,27,27,49,0,103,2,0,2,105
11/26/2022,SGF,MO,ACE,CE,Combined TRACON& Tower with Radar,31,22,33,0,86,0,1,2,0,3,31,23,35,0,89,0,0,0,89
11/27/2022,SGF,MO,ACE,CE,Combined TRACON& Tower with Radar,28,31,28,0,87,0,1,2,1,4,28,32,30,1,91,0,0,0,91
11/28/2022,SGF,MO,ACE,CE,Combined TRACON& Tower with Radar,30,40,30,13,113,0,21,19,3,43,30,61,49,16,156,30,24,54,210
11/29/2022,SGF,MO,ACE,CE,Combined TRACON& Tower with Radar,29,29,20,6,84,0,0,6,5,11,29,29,26,11,95,0,0,0,95
11/30/2022,SGF,MO,ACE,CE,Combined TRACON& Tower with Radar,27,47,32,19,125,0,30,27,12,69,27,77,59,31,194,88,0,88,282
12/01/2022,SGF,MO,ACE,CE,Combined TRACON& Tower with Radar,34,30,36,5,105,0,22,14,8,44,34,52,50,13,149,48,0,48,197
12/02/2022,SGF,MO,ACE,CE,Combined TRACON& Tower with Radar,32,45,21,2,100,0,0,0,4,4,32,45,21,6,104,0,0,0,104
12/03/2022,SGF,MO,ACE,CE,Combined TRACON& Tower with Radar,25,33,15,2,75,0,31,33,9,73,25,64,48,11,148,78,0,78,226
12/04/2022,SGF,MO,ACE,CE,Combined TRACON& Tower with Radar,26,34,19,0,79,0,9,8,2,19,26,43,27,2,98,8,0,8,106
12/05/2022,SGF,MO,ACE,CE,Combined TRACON& Tower with Radar,29,25,35,10,99,0,1,0,0,1,29,26,35,10,100,0,0,0,100
12/06/2022,SGF,MO,ACE,CE,Combined TRACON& Tower with Radar,28,25,21,0,74,0,0,0,0,0,28,25,21,0,74,0,0,0,74
12/07/2022,SGF,MO,ACE,CE,Combined TRACON& Tower with Radar,30,26,24,0,80,0,2,2,0,4,30,28,26,0,84,0,0,0,84
12/08/2022,SGF,MO,ACE,CE,Combined TRACON& Tower with Radar,32,26,54,1,113,0,0,0,0,0,32,26,54,1,113,0,0,0,113
12/09/2022,SGF,MO,ACE,CE,Combined TRACON& Tower with Radar,32,34,33,16,115,0,39,29,3,71,32,73,62,19,186,124,10,134,320
12/10/2022,SGF,MO,ACE,CE,Combined TRACON& Tower with Radar,25,26,19,0,70,0,0,0,2,2,25,26,19,2,72,0,0,0,72
12/11/2022,SGF,MO,ACE,CE,Combined TRACON& Tower with Radar,26,28,41,0,95,0,0,0,0,0,26,28,41,0,95,0,0,0,95
12/12/2022,SGF,MO,ACE,CE,Combined TRACON& Tower with Radar,31,34,41,2,108,0,0,0,0,0,31,34,41,2,108,0,0,0,108
12/13/2022,SGF,MO,ACE,CE,Combined TRACON& Tower with Radar,24,33,22,0,79,0,0,0,0,0,24,33,22,0,79,0,0,0,79
12/14/2022,SGF,MO,ACE,CE,Combined TRACON& Tower with Radar,28,38,35,32,133,0,33,23,11,67,28,71,58,43,200,74,26,100,300
12/15/2022,SGF,MO,ACE,CE,Combined TRACON& Tower with Radar,34,26,56,2,118,0,2,8,7,17,34,28,64,9,135,22,0,22,157
12/16/2022,SGF,MO,ACE,CE,Combined TRACON& Tower with Radar,35,23,25,0,83,0,2,11,7,20,35,25,36,7,103,0,0,0,103
12/17/2022,SGF,MO,ACE,CE,Combined TRACON& Tower with Radar,31,29,17,0,77,0,2,20,0,22,31,31,37,0,99,36,0,36,135
12/18/2022,SGF,MO,ACE,CE,Combined TRACON& Tower with Radar,34,29,35,0,98,0,6,39,0,45,34,35,74,0,143,50,0,50,193
12/19/2022,SGF,MO,ACE,CE,Combined TRACON& Tower with Radar,30,26,26,6,88,0,15,9,4,28,30,41,35,10,116,74,0,74,190
12/20/2022,SGF,MO,ACE,CE,Combined TRACON& Tower with Radar,32,25,30,4,91,0,21,14,3,38,32,46,44,7,129,72,14,86,215
12/21/2022,SGF,MO,ACE,CE,Combined TRACON& Tower with Radar,36,31,52,16,135,0,20,19,7,46,36,51,71,23,181,28,14,42,223
12/22/2022,SGF,MO,ACE,CE,Combined TRACON& Tower with Radar,21,12,3,0,36,0,1,1,0,2,21,13,4,0,38,0,0,0,38
12/23/2022,SGF,MO,ACE,CE,Combined TRACON& Tower with Radar,29,15,17,0,61,0,0,2,0,2,29,15,19,0,63,0,0,0,63
12/24/2022,SGF,MO,ACE,CE,Combined TRACON& Tower with Radar,25,13,8,0,46,0,0,4,0,4,25,13,12,0,50,0,0,0,50
12/25/2022,SGF,MO,ACE,CE,Combined TRACON& Tower with Radar,23,18,5,0,46,0,1,3,0,4,23,19,8,0,50,0,0,0,50
12/26/2022,SGF,MO,ACE,CE,Combined TRACON& Tower with Radar,28,19,26,0,73,0,1,2,0,3,28,20,28,0,76,0,0,0,76
12/27/2022,SGF,MO,ACE,CE,Combined TRACON& Tower with Radar,34,34,33,1,102,0,18,18,1,37,34,52,51,2,139,21,0,21,160
12/28/2022,SGF,MO,ACE,CE,Combined TRACON& Tower with Radar,33,21,22,0,76,0,1,5,8,14,33,22,27,8,90,0,0,0,90
12/29/2022,SGF,MO,ACE,CE,Combined TRACON& Tower with Radar,31,24,14,7,76,0,2,9,5,16,31,26,23,12,92,0,0,0,92
12/30/2022,SGF,MO,ACE,CE,Combined TRACON& Tower with Radar,34,28,28,0,90,0,22,19,0,41,34,50,47,0,131,0,0,0,131
12/31/2022,SGF,MO,ACE,CE,Combined TRACON& Tower with Radar,25,27,15,0,67,0,17,18,0,35,25,44,33,0,102,14,0,14,116
01/01/2023,SGF,MO,ACE,CE,Combined TRACON& Tower with Radar,24,28,13,0,65,0,2,16,0,18,24,30,29,0,83,0,0,0,83
01/02/2023,SGF,MO,ACE,CE,Combined TRACON& Tower with Radar,27,23,27,0,77,0,0,1,0,1,27,23,28,0,78,0,0,0,78
01/03/2023,SGF,MO,ACE,CE,Combined TRACON& Tower with Radar,36,36,24,10,106,0,26,10,3,39,36,62,34,13,145,4,10,14,159
01/04/2023,SGF,MO,ACE,CE,Combined TRACON& Tower with Radar,29,38,27,20,114,0,23,19,10,52,29,61,46,30,166,12,0,12,178
01/05/2023,SGF,MO,ACE,CE,Combined TRACON& Tower with Radar,33,31,19,29,112,0,13,23,8,44,33,44,42,37,156,32,26,58,214
01/06/2023,SGF,MO,ACE,CE,Combined TRACON& Tower with Radar,36,30,32,4,102,0,36,29,9,74,36,66,61,13,176,62,0,62,238
01/07/2023,SGF,MO,ACE,CE,Combined TRACON& Tower with Radar,23,24,21,2,70,0,0,1,0,1,23,24,22,2,71,18,0,18,89
01/08/2023,SGF,MO,ACE,CE,Combined TRACON& Tower with Radar,31,24,14,0,69,0,4,16,0,20,31,28,30,0,89,20,0,20,109
01/09/2023,SGF,MO,ACE,CE,Combined TRACON& Tower with Radar,34,33,37,21,125,0,26,26,10,62,34,59,63,31,187,8,16,24,211
01/10/2023,SGF,MO,ACE,CE,Combined TRACON& Tower with Radar,24,33,46,20,123,0,29,24,10,63,24,62,70,30,186,54,30,84,270
01/11/2023,SGF,MO,ACE,CE,Combined TRACON& Tower with Radar,24,30,50,12,116,0,27,6,6,39,24,57,56,18,155,62,18,80,235
01/12/2023,SGF,MO,ACE,CE,Combined TRACON& Tower with Radar,32,22,20,0,74,0,0,0,0,0,32,22,20,0,74,0,0,0,74
01/13/2023,SGF,MO,ACE,CE,Combined TRACON& Tower with Radar,36,23,32,0,91,0,2,2,0,4,36,25,34,0,95,8,64,72,167
01/14/2023,SGF,MO,ACE,CE,Combined TRACON& Tower with Radar,18,28,31,0,77,0,22,23,0,45,18,50,54,0,122,28,0,28,150
01/15/2023,SGF,MO,ACE,CE,Combined TRACON& Tower with Radar,26,20,20,0,66,0,0,8,0,8,26,20,28,0,74,0,0,0,74
01/16/2023,SGF,MO,ACE,CE,Combined TRACON& Tower with Radar,30,33,31,0,94,0,0,11,0,11,30,33,42,0,105,0,0,0,105
01/17/2023,SGF,MO,ACE,CE,Combined TRACON& Tower with Radar,24,34,36,19,113,0,30,29,2,61,24,64,65,21,174,68,0,68,242
01/18/2023,SGF,MO,ACE,CE,Combined TRACON& Tower with Radar,24,23,25,18,90,0,10,0,4,14,24,33,25,22,104,4,0,4,108
01/19/2023,SGF,MO,ACE,CE,Combined TRACON& Tower with Radar,32,30,27,3,92,0,0,3,14,17,32,30,30,17,109,0,0,0,109
01/20/2023,SGF,MO,ACE,CE,Combined TRACON& Tower with Radar,36,33,39,44,152,0,50,35,14,99,36,83,74,58,251,64,10,74,325
01/21/2023,SGF,MO,ACE,CE,Combined TRACON& Tower with Radar,26,22,29,0,77,0,21,14,2,37,26,43,43,2,114,48,0,48,162
01/22/2023,SGF,MO,ACE,CE,Combined TRACON& Tower with Radar,28,23,10,0,61,0,0,0,0,0,28,23,10,0,61,0,0,0,61
01/23/2023,SGF,MO,ACE,CE,Combined TRACON& Tower with Radar,33,31,43,6,113,0,28,23,6,57,33,59,66,12,170,4,0,4,174
01/24/2023,SGF,MO,ACE,CE,Combined TRACON& Tower with Radar,28,21,28,12,89,0,19,10,4,33,28,40,38,16,122,0,0,0,122
01/25/2023,SGF,MO,ACE,CE,Combined TRACON& Tower with Radar,25,25,18,0,68,0,0,0,0,0,25,25,18,0,68,0,0,0,68
01/26/2023,SGF,MO,ACE,CE,Combined TRACON& Tower with Radar,34,46,35,27,142,0,33,24,10,67,34,79,59,37,209,34,2,36,245
01/27/2023,SGF,MO,ACE,CE,Combined TRACON& Tower with Radar,38,28,25,0,91,0,5,16,5,26,38,33,41,5,117,0,0,0,117
01/28/2023,SGF,MO,ACE,CE,Combined TRACON& Tower with Radar,22,25,15,0,62,0,4,3,0,7,22,29,18,0,69,0,0,0,69
01/29/2023,SGF,MO,ACE,CE,Combined TRACON& Tower with Radar,28,20,11,0,59,0,0,0,0,0,28,20,11,0,59,0,0,0,59
01/30/2023,SGF,MO,ACE,CE,Combined TRACON& Tower with Radar,28,19,14,0,61,0,0,1,0,1,28,19,15,0,62,0,0,0,62
01/31/2023,SGF,MO,ACE,CE,Combined TRACON& Tower with Radar,16,20,20,1,57,0,0,3,7,10,16,20,23,8,67,0,0,0,67
02/01/2023,SGF,MO,ACE,CE,Combined TRACON& Tower with Radar,20,32,24,2,78,0,32,11,7,50,20,64,35,9,128,10,0,10,138
02/02/2023,SGF,MO,ACE,CE,Combined TRACON& Tower with Radar,29,37,38,13,117,0,27,14,12,53,29,64,52,25,170,51,24,75,245
02/03/2023,SGF,MO,ACE,CE,Combined TRACON& Tower with Radar,38,31,43,34,146,0,42,23,4,69,38,73,66,38,215,44,8,52,267
02/04/2023,SGF,MO,ACE,CE,Combined TRACON& Tower with Radar,29,27,17,8,81,0,7,10,4,21,29,34,27,12,102,0,0,0,102
02/05/2023,SGF,MO,ACE,CE,Combined TRACON& Tower with Radar,30,38,29,0,97,0,10,38,0,48,30,48,67,0,145,0,0,0,145
02/06/2023,SGF,MO,ACE,CE,Combined TRACON& Tower with Radar,34,23,26,30,113,0,9,10,2,21,34,32,36,32,134,0,0,0,134
02/07/2023,SGF,MO,ACE,CE,Combined TRACON& Tower with Radar,28,32,30,14,104,0,22,5,5,32,28,54,35,19,136,8,0,8,144
02/08/2023,SGF,MO,ACE,CE,Combined TRACON& Tower with Radar,28,28,34,3,93,0,0,0,1,1,28,28,34,4,94,0,0,0,94
02/09/2023,SGF,MO,ACE,CE,Combined TRACON& Tower with Radar,35,41,27,17,120,0,23,1,8,32,35,64,28,25,152,16,20,36,188
02/10/2023,SGF,MO,ACE,CE,Combined TRACON& Tower with Radar,39,36,19,2,96,0,3,5,4,12,39,39,24,6,108,0,0,0,108
02/11/2023,SGF,MO,ACE,CE,Combined TRACON& Tower with Radar,34,34,33,10,111,0,45,47,4,96,34,79,80,14,207,76,0,76,283
02/12/2023,SGF,MO,ACE,CE,Combined TRACON& Tower with Radar,30,20,16,0,66,0,2,23,0,25,30,22,39,0,91,22,0,22,113
02/13/2023,SGF,MO,ACE,CE,Combined TRACON& Tower with Radar,36,36,34,29,135,0,36,26,13,75,36,72,60,42,210,24,0,24,234
02/14/2023,SGF,MO,ACE,CE,Combined TRACON& Tower with Radar,31,27,23,0,81,0,1,4,0,5,31,28,27,0,86,0,0,0,86
02/15/2023,SGF,MO,ACE,CE,Combined TRACON& Tower with Radar,31,42,38,38,149,0,41,37,12,90,31,83,75,50,239,88,18,106,345
02/16/2023,SGF,MO,ACE,CE,Combined TRACON& Tower with Radar,37,34,24,2,97,0,3,0,0,3,37,37,24,2,100,0,10,10,110
02/17/2023,SGF,MO,ACE,CE,Combined TRACON& Tower with Radar,40,48,43,1,132,0,46,25,6,77,40,94,68,7,209,34,2,36,245
02/18/2023,SGF,MO,ACE,CE,Combined TRACON& Tower with Radar,31,36,21,0,88,0,32,11,0,43,31,68,32,0,131,68,0,68,199
02/19/2023,SGF,MO,ACE,CE,Combined TRACON& Tower with Radar,30,29,28,0,87,0,6,23,2,31,30,35,51,2,118,52,0,52,170
02/20/2023,SGF,MO,ACE,CE,Combined TRACON& Tower with Radar,36,48,45,0,129,0,50,41,0,91,36,98,86,0,220,52,0,52,272
02/21/2023,SGF,MO,ACE,CE,Combined TRACON& Tower with Radar,30,33,47,23,133,0,23,35,11,69,30,56,82,34,202,12,0,12,214
02/22/2023,SGF,MO,ACE,CE,Combined TRACON& Tower with Radar,29,23,24,0,76,0,6,1,7,14,29,29,25,7,90,14,0,14,104
02/23/2023,SGF,MO,ACE,CE,Combined TRACON& Tower with Radar,36,32,52,24,144,0,26,36,8,70,36,58,88,32,214,100,8,108,322
02/24/2023,SGF,MO,ACE,CE,Combined TRACON& Tower with Radar,41,37,28,6,112,0,31,28,7,66,41,68,56,13,178,38,12,50,228
02/25/2023,SGF,MO,ACE,CE,Combined TRACON& Tower with Radar,30,25,51,2,108,0,11,15,1,27,30,36,66,3,135,94,0,94,229
02/26/2023,SGF,MO,ACE,CE,Combined TRACON& Tower with Radar,31,26,18,0,75,0,0,1,0,1,31,26,19,0,76,0,0,0,76
02/27/2023,SGF,MO,ACE,CE,Combined TRACON& Tower with Radar,37,26,23,2,88,0,3,6,3,12,37,29,29,5,100,0,0,0,100
02/28/2023,SGF,MO,ACE,CE,Combined TRACON& Tower with Radar,30,26,41,12,109,0,22,20,4,46,30,48,61,16,155,17,0,17,172
03/01/2023,SGF,MO,ACE,CE,Combined TRACON& Tower with Radar,29,40,60,20,149,0,27,33,7,67,29,67,93,27,216,12,0,12,228
03/02/2023,SGF,MO,ACE,CE,Combined TRACON& Tower with Radar,30,34,40,1,105,0,7,4,5,16,30,41,44,6,121,0,0,0,121
03/03/2023,SGF,MO,ACE,CE,Combined TRACON& Tower with Radar,41,24,26,0,91,0,1,1,0,2,41,25,27,0,93,0,0,0,93
03/04/2023,SGF,MO,ACE,CE,Combined TRACON& Tower with Radar,29,29,26,0,84,0,26,41,2,69,29,55,67,2,153,78,0,78,231
03/05/2023,SGF,MO,ACE,CE,Combined TRACON& Tower with Radar,30,32,25,1,88,0,2,23,1,26,30,34,48,2,114,10,0,10,124
03/06/2023,SGF,MO,ACE,CE,Combined TRACON& Tower with Radar,35,32,26,0,93,0,24,16,4,44,35,56,42,4,137,50,0,50,187
03/07/2023,SGF,MO,ACE,CE,Combined TRACON& Tower with Radar,28,32,41,4,105,0,13,8,6,27,28,45,49,10,132,16,0,16,148
03/08/2023,SGF,MO,ACE,CE,Combined TRACON& Tower with Radar,28,28,26,16,98,0,0,0,6,6,28,28,26,22,104,6,0,6,110
03/09/2023,SGF,MO,ACE,CE,Combined TRACON& Tower with Radar,32,27,42,0,101,0,0,0,0,0,32,27,42,0,101,0,0,0,101
03/10/2023,SGF,MO,ACE,CE,Combined TRACON& Tower with Radar,39,33,40,7,119,0,9,16,5,30,39,42,56,12,149,88,0,88,237
03/11/2023,SGF,MO,ACE,CE,Combined TRACON& Tower with Radar,44,24,29,0,97,0,1,1,0,2,44,25,30,0,99,0,0,0,99
03/12/2023,SGF,MO,ACE,CE,Combined TRACON& Tower with Radar,30,28,23,0,81,0,1,1,2,4,30,29,24,2,85,0,0,0,85
03/13/2023,SGF,MO,ACE,CE,Combined TRACON& Tower with Radar,35,31,26,12,104,0,18,22,0,40,35,49,48,12,144,62,3,65,209
03/14/2023,SGF,MO,ACE,CE,Combined TRACON& Tower with Radar,34,37,29,1,101,0,43,30,7,80,34,80,59,8,181,47,0,47,228
03/15/2023,SGF,MO,ACE,CE,Combined TRACON& Tower with Radar,30,31,36,13,110,0,33,8,3,44,30,64,44,16,154,40,12,52,206
03/16/2023,SGF,MO,ACE,CE,Combined TRACON& Tower with Radar,32,27,16,1,76,0,1,0,3,4,32,28,16,4,80,0,0,0,80
03/17/2023,SGF,MO,ACE,CE,Combined TRACON& Tower with Radar,40,30,23,7,100,0,16,16,4,36,40,46,39,11,136,44,12,56,192
03/18/2023,SGF,MO,ACE,CE,Combined TRACON& Tower with Radar,34,32,15,0,81,0,22,12,0,34,34,54,27,0,115,34,0,34,149
03/19/2023,SGF,MO,ACE,CE,Combined TRACON& Tower with Radar,29,27,36,2,94,0,20,31,0,51,29,47,67,2,145,76,0,76,221
03/20/2023,SGF,MO,ACE,CE,Combined TRACON& Tower with Radar,33,32,42,2,109,0,19,15,1,35,33,51,57,3,144,22,0,22,166
03/21/2023,SGF,MO,ACE,CE,Combined TRACON& Tower with Radar,28,25,32,0,85,0,1,1,1,3,28,26,33,1,88,0,0,0,88
03/22/2023,SGF,MO,ACE,CE,Combined TRACON& Tower with Radar,30,28,39,8,105,0,0,7,3,10,30,28,46,11,115,0,2,2,117
03/23/2023,SGF,MO,ACE,CE,Combined TRACON& Tower with Radar,33,32,43,3,111,0,1,2,6,9,33,33,45,9,120,0,0,0,120
03/24/2023,SGF,MO,ACE,CE,Combined TRACON& Tower with Radar,40,23,11,0,74,0,0,0,0,0,40,23,11,0,74,0,0,0,74
03/25/2023,SGF,MO,ACE,CE,Combined TRACON& Tower with Radar,31,27,24,0,82,0,21,33,4,58,31,48,57,4,140,68,0,68,208
03/26/2023,SGF,MO,ACE,CE,Combined TRACON& Tower with Radar,31,26,27,1,85,0,17,24,0,41,31,43,51,1,126,0,0,0,126
03/27/2023,SGF,MO,ACE,CE,Combined TRACON& Tower with Radar,40,29,21,10,100,0,37,26,3,66,40,66,47,13,166,56,0,56,222
03/28/2023,SGF,MO,ACE,CE,Combined TRACON& Tower with Radar,32,33,35,5,105,0,18,16,8,42,32,51,51,13,147,24,0,24,171
03/29/2023,SGF,MO,ACE,CE,Combined TRACON& Tower with Radar,34,39,42,18,133,0,49,33,18,100,34,88,75,36,233,46,0,46,279
03/30/2023,SGF,MO,ACE,CE,Combined TRACON& Tower with Radar,38,30,33,18,119,0,12,6,7,25,38,42,39,25,144,28,8,36,180
03/31/2023,SGF,MO,ACE,CE,Combined TRACON& Tower with Radar,46,20,30,0,96,0,1,1,0,2,46,21,31,0,98,0,0,0,98
04/01/2023,SGF,MO,ACE,CE,Combined TRACON& Tower with Radar,33,16,26,5,80,0,7,12,12,31,33,23,38,17,111,14,0,14,125
04/02/2023,SGF,MO,ACE,CE,Combined TRACON& Tower with Radar,35,20,21,0,76,0,6,20,0,26,35,26,41,0,102,10,0,10,112
04/03/2023,SGF,MO,ACE,CE,Combined TRACON& Tower with Radar,38,35,38,17,128,0,20,20,1,41,38,55,58,18,169,24,0,24,193
04/04/2023,SGF,MO,ACE,CE,Combined TRACON& Tower with Radar,34,33,23,11,101,0,3,4,1,8,34,36,27,12,109,0,0,0,109
04/05/2023,SGF,MO,ACE,CE,Combined TRACON& Tower with Radar,36,26,32,1,95,0,26,8,9,43,36,52,40,10,138,30,0,30,168
04/06/2023,SGF,MO,ACE,CE,Combined TRACON& Tower with Radar,41,40,36,22,139,0,33,36,14,83,41,73,72,36,222,108,50,158,380
04/07/2023,SGF,MO,ACE,CE,Combined TRACON& Tower with Radar,40,45,29,38,152,0,29,32,12,73,40,74,61,50,225,42,14,56,281
04/08/2023,SGF,MO,ACE,CE,Combined TRACON& Tower with Radar,25,31,20,8,84,0,26,31,0,57,25,57,51,8,141,36,0,36,177
04/09/2023,SGF,MO,ACE,CE,Combined TRACON& Tower with Radar,30,19,23,0,72,0,2,18,0,20,30,21,41,0,92,0,0,0,92
04/10/2023,SGF,MO,ACE,CE,Combined TRACON& Tower with Radar,35,34,27,13,109,0,38,20,1,59,35,72,47,14,168,74,0,74,242
04/11/2023,SGF,MO,ACE,CE,Combined TRACON& Tower with Radar,32,34,50,31,147,0,27,29,7,63,32,61,79,38,210,102,0,102,312
04/12/2023,SGF,MO,ACE,CE,Combined TRACON& Tower with Radar,35,25,44,17,121,0,32,23,7,62,35,57,67,24,183,24,0,24,207
04/13/2023,SGF,MO,ACE,CE,Combined TRACON& Tower with Radar,41,31,50,23,145,0,34,31,9,74,41,65,81,32,219,72,2,74,293
04/14/2023,SGF,MO,ACE,CE,Combined TRACON& Tower with Radar,41,32,36,2,111,0,21,26,8,55,41,53,62,10,166,12,0,12,178
04/15/2023,SGF,MO,ACE,CE,Combined TRACON& Tower with Radar,30,20,17,0,67,0,6,6,2,14,30,26,23,2,81,46,0,46,127
04/16/2023,SGF,MO,ACE,CE,Combined TRACON& Tower with Radar,34,21,17,0,72,0,2,4,1,7,34,23,21,1,79,0,0,0,79
04/17/2023,SGF,MO,ACE,CE,Combined TRACON& Tower with Radar,40,39,56,32,167,0,19,24,2,45,40,58,80,34,212,40,10,50,262
04/18/2023,SGF,MO,ACE,CE,Combined TRACON& Tower with Radar,32,36,41,1,110,0,21,23,3,47,32,57,64,4,157,30,0,30,187
04/19/2023,SGF,MO,ACE,CE,Combined TRACON& Tower with Radar,34,29,29,3,95,0,0,10,6,16,34,29,39,9,111,6,0,6,117
04/20/2023,SGF,MO,ACE,CE,Combined TRACON& Tower with Radar,39,35,27,6,107,0,10,5,3,18,39,45,32,9,125,30,0,30,155
04/21/2023,SGF,MO,ACE,CE,Combined TRACON& Tower with Radar,42,36,40,7,125,0,29,29,5,63,42,65,69,12,188,86,0,86,274
04/22/2023,SGF,MO,ACE,CE,Combined TRACON& Tower with Radar,30,31,25,24,110,0,22,25,0,47,30,53,50,24,157,4,0,4,161
04/23/2023,SGF,MO,ACE,CE,Combined TRACON& Tower with Radar,33,27,28,0,88,1,16,28,1,46,34,43,56,1,134,0,0,0,134
04/24/2023,SGF,MO,ACE,CE,Combined TRACON& Tower with Radar,38,30,39,43,150,0,26,15,8,49,38,56,54,51,199,14,4,18,217
04/25/2023,SGF,MO,ACE,CE,Combined TRACON& Tower with Radar,32,38,26,3,99,0,31,18,11,60,32,69,44,14,159,6,0,6,165
04/26/2023,SGF,MO,ACE,CE,Combined TRACON& Tower with Radar,32,29,38,12,111,0,10,11,7,28,32,39,49,19,139,0,8,8,147
04/27/2023,SGF,MO,ACE,CE,Combined TRACON& Tower with Radar,38,28,21,0,87,0,1,1,1,3,38,29,22,1,90,0,8,8,98
04/28/2023,SGF,MO,ACE,CE,Combined TRACON& Tower with Radar,41,38,71,18,168,0,5,18,10,33,41,43,89,28,201,14,0,14,215
04/29/2023,SGF,MO,ACE,CE,Combined TRACON& Tower with Radar,31,31,33,0,95,0,10,9,1,20,31,41,42,1,115,31,0,31,146
04/30/2023,SGF,MO,ACE,CE,Combined TRACON& Tower with Radar,34,28,26,0,88,0,2,12,0,14,34,30,38,0,102,0,0,0,102
05/01/2023,SGF,MO,ACE,CE,Combined TRACON& Tower with Radar,38,31,37,22,128,0,10,21,0,31,38,41,58,22,159,0,38,38,197
05/02/2023,SGF,MO,ACE,CE,Combined TRACON& Tower with Radar,33,36,40,8,117,0,14,21,0,35,33,50,61,8,152,46,0,46,198
05/03/2023,SGF,MO,ACE,CE,Combined TRACON& Tower with Radar,35,39,51,6,131,0,34,37,0,71,35,73,88,6,202,56,0,56,258
05/04/2023,SGF,MO,ACE,CE,Combined TRACON& Tower with Radar,38,24,25,12,99,0,17,11,0,28,38,41,36,12,127,26,0,26,153
05/05/2023,SGF,MO,ACE,CE,Combined TRACON& Tower with Radar,48,41,22,10,121,0,3,8,0,11,48,44,30,10,132,0,0,0,132
05/06/2023,SGF,MO,ACE,CE,Combined TRACON& Tower with Radar,35,22,17,0,74,0,8,11,0,19,35,30,28,0,93,14,0,14,107
05/07/2023,SGF,MO,ACE,CE,Combined TRACON& Tower with Radar,45,19,30,0,94,0,8,21,0,29,45,27,51,0,123,24,0,24,147
05/08/2023,SGF,MO,ACE,CE,Combined TRACON& Tower with Radar,48,34,19,12,113,0,12,8,2,22,48,46,27,14,135,46,20,66,201
05/09/2023,SGF,MO,ACE,CE,Combined TRACON& Tower with Radar,36,31,35,2,104,0,17,16,4,37,36,48,51,6,141,18,0,18,159
05/10/2023,SGF,MO,ACE,CE,Combined TRACON& Tower with Radar,43,20,38,16,117,0,27,19,3,49,43,47,57,19,166,56,14,70,236
05/11/2023,SGF,MO,ACE,CE,Combined TRACON& Tower with Radar,44,25,32,1,102,0,3,0,1,4,44,28,32,2,106,0,0,0,106
05/12/2023,SGF,MO,ACE,CE,Combined TRACON& Tower with Radar,49,19,30,0,98,0,7,7,6,20,49,26,37,6,118,30,2,32,150
05/13/2023,SGF,MO,ACE,CE,Combined TRACON& Tower with Radar,39,25,21,1,86,0,24,19,1,44,39,49,40,2,130,56,0,56,186
05/14/2023,SGF,MO,ACE,CE,Combined TRACON& Tower with Radar,41,23,20,0,84,0,6,9,0,15,41,29,29,0,99,0,0,0,99
05/15/2023,SGF,MO,ACE,CE,Combined TRACON& Tower with Radar,41,30,27,14,112,0,9,5,3,17,41,39,32,17,129,38,0,38,167
05/16/2023,SGF,MO,ACE,CE,Combined TRACON& Tower with Radar,48,24,38,1,111,0,0,0,0,0,48,24,38,1,111,0,0,0,111
05/17/2023,SGF,MO,ACE,CE,Combined TRACON& Tower with Radar,50,32,58,14,154,0,31,21,10,62,50,63,79,24,216,118,0,118,334
05/18/2023,SGF,MO,ACE,CE,Combined TRACON& Tower with Radar,45,50,50,7,152,0,46,31,13,90,45,96,81,20,242,66,0,66,308
05/19/2023,SGF,MO,ACE,CE,Combined TRACON& Tower with Radar,50,19,26,7,102,0,7,1,3,11,50,26,27,10,113,14,0,14,127
05/20/2023,SGF,MO,ACE,CE,Combined TRACON& Tower with Radar,44,21,29,23,117,0,35,27,8,70,44,56,56,31,187,40,8,48,235
05/21/2023,SGF,MO,ACE,CE,Combined TRACON& Tower with Radar,38,24,36,0,98,0,7,38,2,47,38,31,74,2,145,48,0,48,193
05/22/2023,SGF,MO,ACE,CE,Combined TRACON& Tower with Radar,50,26,36,16,128,0,25,16,4,45,50,51,52,20,173,78,0,78,251
05/23/2023,SGF,MO,ACE,CE,Combined TRACON& Tower with Radar,44,24,42,25,135,0,19,25,7,51,44,43,67,32,186,22,0,22,208
05/24/2023,SGF,MO,ACE,CE,Combined TRACON& Tower with Radar,47,32,54,8,141,0,34,31,11,76,47,66,85,19,217,44,10,54,271
05/25/2023,SGF,MO,ACE,CE,Combined TRACON& Tower with Radar,45,35,46,13,139,0,21,33,2,56,45,56,79,15,195,56,6,62,257
05/26/2023,SGF,MO,ACE,CE,Combined TRACON& Tower with Radar,51,34,36,2,123,0,27,30,2,59,51,61,66,4,182,28,0,28,210
05/27/2023,SGF,MO,ACE,CE,Combined TRACON& Tower with Radar,47,27,26,0,100,0,13,24,0,37,47,40,50,0,137,14,0,14,151
05/28/2023,SGF,MO,ACE,CE,Combined TRACON& Tower with Radar,38,16,7,0,61,0,4,18,0,22,38,20,25,0,83,22,0,22,105
05/29/2023,SGF,MO,ACE,CE,Combined TRACON& Tower with Radar,44,16,20,0,80,0,0,18,0,18,44,16,38,0,98,0,0,0,98
05/30/2023,SGF,MO,ACE,CE,Combined TRACON& Tower with Radar,46,17,48,1,112,0,13,17,10,40,46,30,65,11,152,20,0,20,172
05/31/2023,SGF,MO,ACE,CE,Combined TRACON& Tower with Radar,48,24,26,15,113,0,15,17,2,34,48,39,43,17,147,0,0,0,147
06/01/2023,SGF,MO,ACE,CE,Combined TRACON& Tower with Radar,46,36,44,4,130,0,29,17,11,57,46,65,61,15,187,21,16,37,224
06/02/2023,SGF,MO,ACE,CE,Combined TRACON& Tower with Radar,52,20,32,11,115,0,30,22,4,56,52,50,54,15,171,40,0,40,211
06/03/2023,SGF,MO,ACE,CE,Combined TRACON& Tower with Radar,40,28,19,6,93,0,35,27,0,62,40,63,46,6,155,86,0,86,241
06/04/2023,SGF,MO,ACE,CE,Combined TRACON& Tower with Radar,43,32,30,2,107,0,9,29,3,41,43,41,59,5,148,0,0,0,148
06/05/2023,SGF,MO,ACE,CE,Combined TRACON& Tower with Radar,44,20,27,20,111,0,20,17,3,40,44,40,44,23,151,29,0,29,180
06/06/2023,SGF,MO,ACE,CE,Combined TRACON& Tower with Radar,37,31,34,26,128,0,43,26,7,76,37,74,60,33,204,42,16,58,262
06/07/2023,SGF,MO,ACE,CE,Combined TRACON& Tower with Radar,45,23,41,26,135,0,42,16,11,69,45,65,57,37,204,52,8,60,264
06/08/2023,SGF,MO,ACE,CE,Combined TRACON& Tower with Radar,43,23,35,0,101,0,18,3,5,26,43,41,38,5,127,20,10,30,157
06/09/2023,SGF,MO,ACE,CE,Combined TRACON& Tower with Radar,51,33,30,3,117,0,37,13,6,56,51,70,43,9,173,62,0,62,235
06/10/2023,SGF,MO,ACE,CE,Combined TRACON& Tower with Radar,40,19,15,1,75,0,9,13,0,22,40,28,28,1,97,2,0,2,99
06/11/2023,SGF,MO,ACE,CE,Combined TRACON& Tower with Radar,39,15,25,0,79,0,1,5,0,6,39,16,30,0,85,0,0,0,85
06/12/2023,SGF,MO,ACE,CE,Combined TRACON& Tower with Radar,48,30,37,13,128,0,29,21,14,64,48,59,58,27,192,8,8,16,208
06/13/2023,SGF,MO,ACE,CE,Combined TRACON& Tower with Radar,39,30,37,31,137,0,38,24,10,72,39,68,61,41,209,42,0,42,251
06/14/2023,SGF,MO,ACE,CE,Combined TRACON& Tower with Radar,41,25,53,1,120,0,39,21,6,66,41,64,74,7,186,54,0,54,240
06/15/2023,SGF,MO,ACE,CE,Combined TRACON& Tower with Radar,43,29,40,21,133,0,40,11,16,67,43,69,51,37,200,36,0,36,236
06/16/2023,SGF,MO,ACE,CE,Combined TRACON& Tower with Radar,50,23,17,1,91,0,30,13,4,47,50,53,30,5,138,22,0,22,160
06/17/2023,SGF,MO,ACE,CE,Combined TRACON& Tower with Radar,42,22,28,0,92,0,30,36,5,71,42,52,64,5,163,116,12,128,291
06/18/2023,SGF,MO,ACE,CE,Combined TRACON& Tower with Radar,41,19,15,0,75,0,1,7,0,8,41,20,22,0,83,0,0,0,83
06/19/2023,SGF,MO,ACE,CE,Combined TRACON& Tower with Radar,45,20,20,3,88,0,35,36,0,71,45,55,56,3,159,20,0,20,179
06/20/2023,SGF,MO,ACE,CE,Combined TRACON& Tower with Radar,39,31,33,38,141,0,31,31,6,68,39,62,64,44,209,33,8,41,250
06/21/2023,SGF,MO,ACE,CE,Combined TRACON& Tower with Radar,40,32,45,30,147,0,35,34,27,96,40,67,79,57,243,58,48,106,349
06/22/2023,SGF,MO,ACE,CE,Combined TRACON& Tower with Radar,43,32,36,8,119,1,28,25,17,71,44,60,61,25,190,82,14,96,286
06/23/2023,SGF,MO,ACE,CE,Combined TRACON& Tower with Radar,45,31,41,39,156,0,26,29,3,58,45,57,70,42,214,40,12,52,266
06/24/2023,SGF,MO,ACE,CE,Combined TRACON& Tower with Radar,37,22,22,2,83,0,11,15,0,26,37,33,37,2,109,36,0,36,145
06/25/2023,SGF,MO,ACE,CE,Combined TRACON& Tower with Radar,39,29,29,4,101,0,6,29,2,37,39,35,58,6,138,0,0,0,138
06/26/2023,SGF,MO,ACE,CE,Combined TRACON& Tower with Radar,45,30,35,8,118,0,31,38,3,72,45,61,73,11,190,28,0,28,218
06/27/2023,SGF,MO,ACE,CE,Combined TRACON& Tower with Radar,37,37,35,14,123,0,25,26,3,54,37,62,61,17,177,40,6,46,223
06/28/2023,SGF,MO,ACE,CE,Combined TRACON& Tower with Radar,41,36,43,26,146,0,14,24,12,50,41,50,67,38,196,10,12,22,218
06/29/2023,SGF,MO,ACE,CE,Combined TRACON& Tower with Radar,42,38,45,6,131,0,11,20,3,34,42,49,65,9,165,40,0,40,205
06/30/2023,SGF,MO,ACE,CE,Combined TRACON& Tower with Radar,51,21,36,14,122,0,25,30,3,58,51,46,66,17,180,58,0,58,238
07/01/2023,SGF,MO,ACE,CE,Combined TRACON& Tower with Radar,38,24,18,0,80,0,9,17,1,27,38,33,35,1,107,68,0,68,175
07/02/2023,SGF,MO,ACE,CE,Combined TRACON& Tower with Radar,35,18,19,1,73,0,4,12,2,18,35,22,31,3,91,16,0,16,107
07/03/2023,SGF,MO,ACE,CE,Combined TRACON& Tower with Radar,41,20,14,0,75,0,5,10,0,15,41,25,24,0,90,0,0,0,90
07/04/2023,SGF,MO,ACE,CE,Combined TRACON& Tower with Radar,30,18,16,0,64,0,1,24,0,25,30,19,40,0,89,0,0,0,89
07/05/2023,SGF,MO,ACE,CE,Combined TRACON& Tower with Radar,42,23,15,0,80,0,14,6,3,23,42,37,21,3,103,40,0,40,143
07/06/2023,SGF,MO,ACE,CE,Combined TRACON& Tower with Radar,43,35,31,15,124,0,26,7,6,39,43,61,38,21,163,8,0,8,171
07/07/2023,SGF,MO,ACE,CE,Combined TRACON& Tower with Radar,51,28,14,1,94,0,22,9,1,32,51,50,23,2,126,60,0,60,186
07/08/2023,SGF,MO,ACE,CE,Combined TRACON& Tower with Radar,41,38,14,2,95,0,10,11,0,21,41,48,25,2,116,60,0,60,176
07/09/2023,SGF,MO,ACE,CE,Combined TRACON& Tower with Radar,40,22,38,0,100,0,15,16,0,31,40,37,54,0,131,36,0,36,167
07/10/2023,SGF,MO,ACE,CE,Combined TRACON& Tower with Radar,47,31,48,24,150,0,36,36,2,74,47,67,84,26,224,28,0,28,252
07/11/2023,SGF,MO,ACE,CE,Combined TRACON& Tower with Radar,38,37,37,15,127,0,20,18,7,45,38,57,55,22,172,48,0,48,220
07/12/2023,SGF,MO,ACE,CE,Combined TRACON& Tower with Radar,42,31,41,19,133,0,21,13,7,41,42,52,54,26,174,14,6,20,194
07/13/2023,SGF,MO,ACE,CE,Combined TRACON& Tower with Radar,44,32,45,11,132,0,20,20,15,55,44,52,65,26,187,74,0,74,261
07/14/2023,SGF,MO,ACE,CE,Combined TRACON& Tower with Radar,50,30,25,12,117,0,19,11,2,32,50,49,36,14,149,46,10,56,205
07/15/2023,SGF,MO,ACE,CE,Combined TRACON& Tower with Radar,41,18,19,26,104,0,14,21,0,35,41,32,40,26,139,40,6,46,185
07/16/2023,SGF,MO,ACE,CE,Combined TRACON& Tower with Radar,38,19,30,8,95,0,7,29,0,36,38,26,59,8,131,63,14,77,208
07/17/2023,SGF,MO,ACE,CE,Combined TRACON& Tower with Radar,50,20,31,15,116,0,8,17,6,31,50,28,48,21,147,26,6,32,179
07/18/2023,SGF,MO,ACE,CE,Combined TRACON& Tower with Radar,39,22,33,1,95,0,9,18,6,33,39,31,51,7,128,29,0,29,157
07/19/2023,SGF,MO,ACE,CE,Combined TRACON& Tower with Radar,41,22,47,13,123,0,26,25,12,63,41,48,72,25,186,10,12,22,208
07/20/2023,SGF,MO,ACE,CE,Combined TRACON& Tower with Radar,47,29,58,2,136,0,16,34,9,59,47,45,92,11,195,22,0,22,217
07/21/2023,SGF,MO,ACE,CE,Combined TRACON& Tower with Radar,49,25,22,1,97,0,11,6,1,18,49,36,28,2,115,52,2,54,169
07/22/2023,SGF,MO,ACE,CE,Combined TRACON& Tower with Radar,39,25,22,4,90,0,21,45,0,66,39,46,67,4,156,56,2,58,214
07/23/2023,SGF,MO,ACE,CE,Combined TRACON& Tower with Radar,39,15,31,0,85,0,3,23,0,26,39,18,54,0,111,18,0,18,129
07/24/2023,SGF,MO,ACE,CE,Combined TRACON& Tower with Radar,47,30,30,7,114,0,15,6,2,23,47,45,36,9,137,29,0,29,166
07/25/2023,SGF,MO,ACE,CE,Combined TRACON& Tower with Radar,38,27,41,11,117,0,11,30,11,52,38,38,71,22,169,40,0,40,209
07/26/2023,SGF,MO,ACE,CE,Combined TRACON& Tower with Radar,45,26,31,2,104,0,1,18,14,33,45,27,49,16,137,10,0,10,147
07/27/2023,SGF,MO,ACE,CE,Combined TRACON& Tower with Radar,46,33,49,5,133,0,19,33,5,57,46,52,82,10,190,16,2,18,208
07/28/2023,SGF,MO,ACE,CE,Combined TRACON& Tower with Radar,48,33,30,21,132,0,22,24,7,53,48,55,54,28,185,36,6,42,227
07/29/2023,SGF,MO,ACE,CE,Combined TRACON& Tower with Radar,47,20,26,0,93,0,13,32,2,47,47,33,58,2,140,29,0,29,169
07/30/2023,SGF,MO,ACE,CE,Combined TRACON& Tower with Radar,41,14,24,0,79,0,5,27,0,32,41,19,51,0,111,46,0,46,157
07/31/2023,SGF,MO,ACE,CE,Combined TRACON& Tower with Radar,45,35,31,8,119,0,23,10,0,33,45,58,41,8,152,12,0,12,164
08/01/2023,SGF,MO,ACE,CE,Combined TRACON& Tower with Radar,38,28,33,14,113,0,18,16,4,38,38,46,49,18,151,58,0,58,209
08/02/2023,SGF,MO,ACE,CE,Combined TRACON& Tower with Radar,40,33,33,22,128,0,26,16,11,53,40,59,49,33,181,26,0,26,207
08/03/2023,SGF,MO,ACE,CE,Combined TRACON& Tower with Radar,45,34,34,3,116,0,14,18,3,35,45,48,52,6,151,56,0,56,207
08/04/2023,SGF,MO,ACE,CE,Combined TRACON& Tower with Radar,52,35,46,0,133,0,16,16,8,40,52,51,62,8,173,48,0,48,221
08/05/2023,SGF,MO,ACE,CE,Combined TRACON& Tower with Radar,39,21,20,0,80,0,12,8,2,22,39,33,28,2,102,4,0,4,106
08/06/2023,SGF,MO,ACE,CE,Combined TRACON& Tower with Radar,35,23,29,2,89,0,2,13,6,21,35,25,42,8,110,10,0,10,120
08/07/2023,SGF,MO,ACE,CE,Combined TRACON& Tower with Radar,42,30,35,0,107,0,16,20,0,36,42,46,55,0,143,32,0,32,175
08/08/2023,SGF,MO,ACE,CE,Combined TRACON& Tower with Radar,40,24,45,32,141,0,26,32,6,64,40,50,77,38,205,56,4,60,265
08/09/2023,SGF,MO,ACE,CE,Combined TRACON& Tower with Radar,38,22,25,0,85,0,0,1,1,2,38,22,26,1,87,0,0,0,87
08/10/2023,SGF,MO,ACE,CE,Combined TRACON& Tower with Radar,43,28,35,7,113,0,22,26,9,57,43,50,61,16,170,35,6,41,211
08/11/2023,SGF,MO,ACE,CE,Combined TRACON& Tower with Radar,52,24,41,5,122,0,16,23,8,47,52,40,64,13,169,26,0,26,195
08/12/2023,SGF,MO,ACE,CE,Combined TRACON& Tower with Radar,40,18,20,0,78,0,6,8,0,14,40,24,28,0,92,20,0,20,112
08/13/2023,SGF,MO,ACE,CE,Combined TRACON& Tower with Radar,36,22,17,1,76,0,4,8,0,12,36,26,25,1,88,12,0,12,100
08/14/2023,SGF,MO,ACE,CE,Combined TRACON& Tower with Radar,43,22,34,10,109,0,14,12,4,30,43,36,46,14,139,2,12,14,153
08/15/2023,SGF,MO,ACE,CE,Combined TRACON& Tower with Radar,38,32,35,10,115,0,12,15,8,35,38,44,50,18,150,16,0,16,166
08/16/2023,SGF,MO,ACE,CE,Combined TRACON& Tower with Radar,39,43,42,14,138,0,26,43,7,76,39,69,85,21,214,22,4,26,240
08/17/2023,SGF,MO,ACE,CE,Combined TRACON& Tower with Radar,46,29,51,14,140,0,12,30,6,48,46,41,81,20,188,26,16,42,230
08/18/2023,SGF,MO,ACE,CE,Combined TRACON& Tower with Radar,43,38,47,11,139,0,22,40,5,67,43,60,87,16,206,28,0,28,234
08/19/2023,SGF,MO,ACE,CE,Combined TRACON& Tower with Radar,43,26,33,8,110,0,4,16,1,21,43,30,49,9,131,46,6,52,183
08/20/2023,SGF,MO,ACE,CE,Combined TRACON& Tower with Radar,40,27,26,6,99,0,8,19,0,27,40,35,45,6,126,18,14,32,158
08/21/2023,SGF,MO,ACE,CE,Combined TRACON& Tower with Radar,43,28,32,0,103,0,13,11,0,24,43,41,43,0,127,20,0,20,147
08/22/2023,SGF,MO,ACE,CE,Combined TRACON& Tower with Radar,39,25,29,2,95,0,17,15,5,37,39,42,44,7,132,52,0,52,184
08/23/2023,SGF,MO,ACE,CE,Combined TRACON& Tower with Radar,46,34,33,7,120,0,39,21,6,66,46,73,54,13,186,20,12,32,218
08/24/2023,SGF,MO,ACE,CE,Combined TRACON& Tower with Radar,46,24,43,21,134,0,26,22,9,57,46,50,65,30,191,52,8,60,251
08/25/2023,SGF,MO,ACE,CE,Combined TRACON& Tower with Radar,44,21,47,2,114,0,37,26,9,72,44,58,73,11,186,26,0,26,212
08/26/2023,SGF,MO,ACE,CE,Combined TRACON& Tower with Radar,39,20,19,0,78,0,6,21,2,29,39,26,40,2,107,28,0,28,135
08/27/2023,SGF,MO,ACE,CE,Combined TRACON& Tower with Radar,39,19,46,0,104,0,6,8,0,14,39,25,54,0,118,10,0,10,128
08/28/2023,SGF,MO,ACE,CE,Combined TRACON& Tower with Radar,43,22,46,27,138,0,25,22,3,50,43,47,68,30,188,12,4,16,204
08/29/2023,SGF,MO,ACE,CE,Combined TRACON& Tower with Radar,39,35,42,6,122,0,32,30,10,72,39,67,72,16,194,22,0,22,216
08/30/2023,SGF,MO,ACE,CE,Combined TRACON& Tower with Radar,38,26,36,23,123,0,51,57,14,122,38,77,93,37,245,32,8,40,285
08/31/2023,SGF,MO,ACE,CE,Combined TRACON& Tower with Radar,41,38,42,6,127,0,27,41,11,79,41,65,83,17,206,40,8,48,254
