01/01/2020,SGJ,FL,ASO,ES,Federal Contract Tower,0,5,19,0,24,0,10,87,0,97,0,15,106,0,121,50,0,50,171
01/02/2020,SGJ,FL,ASO,ES,Federal Contract Tower,0,0,34,0,34,0,12,170,0,182,0,12,204,0,216,215,0,215,431
01/03/2020,SGJ,FL,ASO,ES,Federal Contract Tower,0,9,37,2,48,0,22,91,0,113,0,31,128,2,161,138,0,138,299
01/04/2020,SGJ,FL,ASO,ES,Federal Contract Tower,0,4,22,0,26,0,4,19,0,23,0,8,41,0,49,38,0,38,87
01/05/2020,SGJ,FL,ASO,ES,Federal Contract Tower,0,5,43,0,48,0,22,188,0,210,0,27,231,0,258,295,0,295,553
01/06/2020,SGJ,FL,ASO,ES,Federal Contract Tower,0,3,28,1,32,0,6,182,0,188,0,9,210,1,220,346,0,346,566
01/07/2020,SGJ,FL,ASO,ES,Federal Contract Tower,0,1,53,2,56,0,0,169,0,169,0,1,222,2,225,238,0,238,463
01/08/2020,SGJ,FL,ASO,ES,Federal Contract Tower,0,7,36,0,43,0,191,2,0,193,0,198,38,0,236,365,0,365,601
01/09/2020,SGJ,FL,ASO,ES,Federal Contract Tower,0,6,37,3,46,0,6,146,2,154,0,12,183,5,200,318,0,318,518
01/10/2020,SGJ,FL,ASO,ES,Federal Contract Tower,0,7,36,4,47,0,10,168,0,178,0,17,204,4,225,330,0,330,555
01/11/2020,SGJ,FL,ASO,ES,Federal Contract Tower,0,1,29,0,30,0,8,55,0,63,0,9,84,0,93,92,0,92,185
01/12/2020,SGJ,FL,ASO,ES,Federal Contract Tower,0,10,30,0,40,0,10,77,0,87,0,20,107,0,127,202,0,202,329
01/13/2020,SGJ,FL,ASO,ES,Federal Contract Tower,0,14,29,0,43,0,6,115,4,125,0,20,144,4,168,317,0,317,485
01/14/2020,SGJ,FL,ASO,ES,Federal Contract Tower,0,5,35,0,40,0,6,116,7,129,0,11,151,7,169,354,0,354,523
01/15/2020,SGJ,FL,ASO,ES,Federal Contract Tower,0,1,38,3,42,0,18,207,1,226,0,19,245,4,268,384,0,384,652
01/16/2020,SGJ,FL,ASO,ES,Federal Contract Tower,0,6,53,4,63,0,4,114,0,118,0,10,167,4,181,404,2,406,587
01/17/2020,SGJ,FL,ASO,ES,Federal Contract Tower,0,20,20,0,40,0,3,85,2,90,0,23,105,2,130,42,0,42,172
01/18/2020,SGJ,FL,ASO,ES,Federal Contract Tower,0,0,40,0,40,0,19,221,0,240,0,19,261,0,280,320,0,320,600
01/19/2020,SGJ,FL,ASO,ES,Federal Contract Tower,0,3,20,0,23,0,4,17,0,21,0,7,37,0,44,24,0,24,68
01/20/2020,SGJ,FL,ASO,ES,Federal Contract Tower,0,7,40,4,51,0,8,133,0,141,0,15,173,4,192,272,0,272,464
01/21/2020,SGJ,FL,ASO,ES,Federal Contract Tower,0,4,34,0,38,0,0,98,1,99,0,4,132,1,137,122,0,122,259
01/22/2020,SGJ,FL,ASO,ES,Federal Contract Tower,0,13,28,1,42,0,0,7,0,7,0,13,35,1,49,0,0,0,49
01/23/2020,SGJ,FL,ASO,ES,Federal Contract Tower,0,2,36,0,38,0,0,5,0,5,0,2,41,0,43,6,0,6,49
01/24/2020,SGJ,FL,ASO,ES,Federal Contract Tower,0,7,62,1,70,0,2,125,4,131,0,9,187,5,201,376,8,384,585
01/25/2020,SGJ,FL,ASO,ES,Federal Contract Tower,0,9,48,0,57,0,16,222,0,238,0,25,270,0,295,370,0,370,665
01/26/2020,SGJ,FL,ASO,ES,Federal Contract Tower,0,6,41,0,47,0,8,199,0,207,0,14,240,0,254,281,0,281,535
01/27/2020,SGJ,FL,ASO,ES,Federal Contract Tower,0,5,38,2,45,0,0,176,4,180,0,5,214,6,225,365,0,365,590
01/28/2020,SGJ,FL,ASO,ES,Federal Contract Tower,0,9,36,3,48,0,4,194,15,213,0,13,230,18,261,437,12,449,710
01/29/2020,SGJ,FL,ASO,ES,Federal Contract Tower,0,5,40,3,48,0,12,148,0,160,0,17,188,3,208,220,0,220,428
01/30/2020,SGJ,FL,ASO,ES,Federal Contract Tower,0,4,39,4,47,0,0,5,1,6,0,4,44,5,53,0,0,0,53
01/31/2020,SGJ,FL,ASO,ES,Federal Contract Tower,0,14,49,2,65,0,2,82,2,86,0,16,131,4,151,342,0,342,493
02/01/2020,SGJ,FL,ASO,ES,Federal Contract Tower,0,0,32,0,32,0,0,6,0,6,0,0,38,0,38,94,0,94,132
02/02/2020,SGJ,FL,ASO,ES,Federal Contract Tower,0,4,36,2,42,0,8,153,0,161,0,12,189,2,203,242,0,242,445
02/03/2020,SGJ,FL,ASO,ES,Federal Contract Tower,0,2,36,2,40,0,2,191,0,193,0,4,227,2,233,458,0,458,691
02/04/2020,SGJ,FL,ASO,ES,Federal Contract Tower,0,3,36,9,48,0,2,171,5,178,0,5,207,14,226,404,0,404,630
02/05/2020,SGJ,FL,ASO,ES,Federal Contract Tower,0,4,46,1,51,0,0,185,3,188,0,4,231,4,239,360,0,360,599
02/06/2020,SGJ,FL,ASO,ES,Federal Contract Tower,0,0,23,5,28,0,0,11,2,13,0,0,34,7,41,6,4,10,51
02/07/2020,SGJ,FL,ASO,ES,Federal Contract Tower,0,6,35,1,42,0,6,67,0,73,0,12,102,1,115,52,2,54,169
02/08/2020,SGJ,FL,ASO,ES,Federal Contract Tower,0,3,54,1,58,0,8,242,2,252,0,11,296,3,310,394,6,400,710
02/09/2020,SGJ,FL,ASO,ES,Federal Contract Tower,0,8,46,0,54,0,14,162,0,176,0,22,208,0,230,352,0,352,582
02/10/2020,SGJ,FL,ASO,ES,Federal Contract Tower,0,3,41,0,44,0,2,138,0,140,0,5,179,0,184,304,0,304,488
02/11/2020,SGJ,FL,ASO,ES,Federal Contract Tower,0,3,49,1,53,0,12,124,6,142,0,15,173,7,195,274,12,286,481
02/12/2020,SGJ,FL,ASO,ES,Federal Contract Tower,0,9,40,2,51,0,6,82,10,98,0,15,122,12,149,236,8,244,393
02/13/2020,SGJ,FL,ASO,ES,Federal Contract Tower,0,5,54,2,61,0,0,83,3,86,0,5,137,5,147,80,4,84,231
02/14/2020,SGJ,FL,ASO,ES,Federal Contract Tower,0,9,53,0,62,0,12,13,0,25,0,21,66,0,87,0,0,0,87
02/15/2020,SGJ,FL,ASO,ES,Federal Contract Tower,0,5,50,0,55,0,24,151,4,179,0,29,201,4,234,184,0,184,418
02/16/2020,SGJ,FL,ASO,ES,Federal Contract Tower,0,12,29,0,41,0,12,103,0,115,0,24,132,0,156,340,0,340,496
02/17/2020,SGJ,FL,ASO,ES,Federal Contract Tower,0,12,32,0,44,0,0,0,0,0,0,12,32,0,44,0,0,0,44
02/18/2020,SGJ,FL,ASO,ES,Federal Contract Tower,0,1,34,3,38,0,4,134,4,142,0,5,168,7,180,348,0,348,528
02/19/2020,SGJ,FL,ASO,ES,Federal Contract Tower,0,3,49,4,56,0,0,126,2,128,0,3,175,6,184,298,4,302,486
02/20/2020,SGJ,FL,ASO,ES,Federal Contract Tower,0,8,69,0,77,0,0,0,0,0,0,8,69,0,77,0,0,0,77
02/21/2020,SGJ,FL,ASO,ES,Federal Contract Tower,0,2,30,3,35,0,6,7,0,13,0,8,37,3,48,2,0,2,50
02/22/2020,SGJ,FL,ASO,ES,Federal Contract Tower,0,5,34,0,39,0,14,83,2,99,0,19,117,2,138,72,2,74,212
02/23/2020,SGJ,FL,ASO,ES,Federal Contract Tower,0,5,51,0,56,0,8,271,0,279,0,13,322,0,335,388,0,388,723
02/24/2020,SGJ,FL,ASO,ES,Federal Contract Tower,0,8,42,0,50,0,4,162,3,169,0,12,204,3,219,302,0,302,521
02/25/2020,SGJ,FL,ASO,ES,Federal Contract Tower,0,10,34,3,47,0,0,29,0,29,0,10,63,3,76,94,4,98,174
02/26/2020,SGJ,FL,ASO,ES,Federal Contract Tower,0,0,28,2,30,0,0,59,2,61,0,0,87,4,91,86,6,92,183
02/27/2020,SGJ,FL,ASO,ES,Federal Contract Tower,0,2,46,2,50,0,3,214,2,219,0,5,260,4,269,424,2,426,695
02/28/2020,SGJ,FL,ASO,ES,Federal Contract Tower,0,3,46,3,52,0,0,232,4,236,0,3,278,7,288,360,4,364,652
02/29/2020,SGJ,FL,ASO,ES,Federal Contract Tower,0,6,32,0,38,0,10,98,0,108,0,16,130,0,146,140,0,140,286
03/01/2020,SGJ,FL,ASO,ES,Federal Contract Tower,0,0,32,0,32,0,6,217,1,224,0,6,249,1,256,276,0,276,532
03/02/2020,SGJ,FL,ASO,ES,Federal Contract Tower,0,3,46,6,55,0,2,142,0,144,0,5,188,6,199,266,0,266,465
03/03/2020,SGJ,FL,ASO,ES,Federal Contract Tower,0,3,20,0,23,0,2,110,5,117,0,5,130,5,140,188,2,190,330
03/04/2020,SGJ,FL,ASO,ES,Federal Contract Tower,0,5,41,4,50,0,2,129,2,133,0,7,170,6,183,272,4,276,459
03/05/2020,SGJ,FL,ASO,ES,Federal Contract Tower,0,4,35,2,41,0,4,24,0,28,0,8,59,2,69,6,8,14,83
03/06/2020,SGJ,FL,ASO,ES,Federal Contract Tower,0,2,55,4,61,0,0,173,3,176,0,2,228,7,237,398,0,398,635
03/07/2020,SGJ,FL,ASO,ES,Federal Contract Tower,0,3,33,5,41,0,0,111,0,111,0,3,144,5,152,116,0,116,268
03/08/2020,SGJ,FL,ASO,ES,Federal Contract Tower,0,1,29,0,30,0,0,96,0,96,0,1,125,0,126,136,0,136,262
03/09/2020,SGJ,FL,ASO,ES,Federal Contract Tower,0,10,52,4,66,0,2,180,0,182,0,12,232,4,248,446,0,446,694
03/10/2020,SGJ,FL,ASO,ES,Federal Contract Tower,0,19,53,3,75,0,10,185,4,199,0,29,238,7,274,392,0,392,666
03/11/2020,SGJ,FL,ASO,ES,Federal Contract Tower,0,13,34,3,50,0,8,214,1,223,0,21,248,4,273,446,0,446,719
03/12/2020,SGJ,FL,ASO,ES,Federal Contract Tower,0,9,53,4,66,0,0,183,0,183,0,9,236,4,249,368,0,368,617
03/13/2020,SGJ,FL,ASO,ES,Federal Contract Tower,0,26,63,1,90,0,7,250,1,258,0,33,313,2,348,430,0,430,778
03/14/2020,SGJ,FL,ASO,ES,Federal Contract Tower,0,7,33,0,40,0,14,187,1,202,0,21,220,1,242,440,0,440,682
03/15/2020,SGJ,FL,ASO,ES,Federal Contract Tower,0,8,41,2,51,0,6,156,0,162,0,14,197,2,213,360,0,360,573
03/16/2020,SGJ,FL,ASO,ES,Federal Contract Tower,0,6,48,1,55,0,4,94,0,98,0,10,142,1,153,389,0,389,542
03/17/2020,SGJ,FL,ASO,ES,Federal Contract Tower,0,3,40,3,46,0,10,130,0,140,0,13,170,3,186,323,0,323,509
03/18/2020,SGJ,FL,ASO,ES,Federal Contract Tower,0,5,29,8,42,0,4,181,4,189,0,9,210,12,231,376,14,390,621
03/19/2020,SGJ,FL,ASO,ES,Federal Contract Tower,0,5,27,0,32,0,10,171,1,182,0,15,198,1,214,282,0,282,496
03/20/2020,SGJ,FL,ASO,ES,Federal Contract Tower,0,4,43,3,50,0,2,126,1,129,0,6,169,4,179,235,0,235,414
03/21/2020,SGJ,FL,ASO,ES,Federal Contract Tower,0,2,37,0,39,0,6,150,0,156,0,8,187,0,195,388,0,388,583
03/22/2020,SGJ,FL,ASO,ES,Federal Contract Tower,0,2,24,0,26,0,0,128,0,128,0,2,152,0,154,280,0,280,434
03/23/2020,SGJ,FL,ASO,ES,Federal Contract Tower,0,2,15,1,18,0,2,153,2,157,0,4,168,3,175,298,0,298,473
03/24/2020,SGJ,FL,ASO,ES,Federal Contract Tower,0,1,29,7,37,0,0,134,2,136,0,1,163,9,173,337,2,339,512
03/25/2020,SGJ,FL,ASO,ES,Federal Contract Tower,0,2,26,4,32,0,0,37,2,39,0,2,63,6,71,18,0,18,89
03/26/2020,SGJ,FL,ASO,ES,Federal Contract Tower,0,0,39,1,40,0,2,104,1,107,0,2,143,2,147,338,20,358,505
03/27/2020,SGJ,FL,ASO,ES,Federal Contract Tower,0,3,36,4,43,0,4,103,2,109,0,7,139,6,152,176,0,176,328
03/28/2020,SGJ,FL,ASO,ES,Federal Contract Tower,0,0,17,2,19,0,0,180,0,180,0,0,197,2,199,312,0,312,511
03/29/2020,SGJ,FL,ASO,ES,Federal Contract Tower,0,2,11,0,13,0,2,134,0,136,0,4,145,0,149,266,0,266,415
03/30/2020,SGJ,FL,ASO,ES,Federal Contract Tower,0,0,11,0,11,0,0,114,2,116,0,0,125,2,127,294,0,294,421
04/01/2020,SGJ,FL,ASO,ES,Federal Contract Tower,0,0,23,1,24,0,2,104,2,108,0,2,127,3,132,220,4,224,356
04/02/2020,SGJ,FL,ASO,ES,Federal Contract Tower,0,9,14,1,24,0,0,166,2,168,0,9,180,3,192,483,8,491,683
04/03/2020,SGJ,FL,ASO,ES,Federal Contract Tower,0,0,15,0,15,0,0,115,0,115,0,0,130,0,130,279,0,279,409
04/04/2020,SGJ,FL,ASO,ES,Federal Contract Tower,0,0,10,0,10,0,0,120,0,120,0,0,130,0,130,271,0,271,401
04/05/2020,SGJ,FL,ASO,ES,Federal Contract Tower,0,2,20,0,22,0,0,40,0,40,0,2,60,0,62,184,0,184,246
04/06/2020,SGJ,FL,ASO,ES,Federal Contract Tower,0,2,16,0,18,0,0,126,1,127,0,2,142,1,145,214,2,216,361
04/07/2020,SGJ,FL,ASO,ES,Federal Contract Tower,0,2,31,0,33,0,6,202,0,208,0,8,233,0,241,303,0,303,544
04/08/2020,SGJ,FL,ASO,ES,Federal Contract Tower,0,1,23,5,29,0,0,50,4,54,0,1,73,9,83,88,22,110,193
04/09/2020,SGJ,FL,ASO,ES,Federal Contract Tower,0,1,18,1,20,0,0,66,2,68,0,1,84,3,88,129,8,137,225
04/10/2020,SGJ,FL,ASO,ES,Federal Contract Tower,0,2,15,0,17,0,0,93,0,93,0,2,108,0,110,380,0,380,490
04/11/2020,SGJ,FL,ASO,ES,Federal Contract Tower,0,0,26,0,26,0,4,194,0,198,0,4,220,0,224,470,0,470,694
04/12/2020,SGJ,FL,ASO,ES,Federal Contract Tower,0,2,3,0,5,0,0,3,0,3,0,2,6,0,8,0,0,0,8
04/13/2020,SGJ,FL,ASO,ES,Federal Contract Tower,0,0,8,0,8,0,0,7,0,7,0,0,15,0,15,10,0,10,25
04/14/2020,SGJ,FL,ASO,ES,Federal Contract Tower,0,0,0,2,2,0,0,5,0,5,0,0,5,2,7,33,0,33,40
04/15/2020,SGJ,FL,ASO,ES,Federal Contract Tower,0,4,7,0,11,0,0,2,0,2,0,4,9,0,13,0,0,0,13
04/16/2020,SGJ,FL,ASO,ES,Federal Contract Tower,0,1,13,0,14,0,2,44,3,49,0,3,57,3,63,6,0,6,69
04/17/2020,SGJ,FL,ASO,ES,Federal Contract Tower,0,2,23,4,29,0,0,95,0,95,0,2,118,4,124,399,8,407,531
04/18/2020,SGJ,FL,ASO,ES,Federal Contract Tower,0,2,9,0,11,0,0,42,6,48,0,2,51,6,59,218,0,218,277
04/19/2020,SGJ,FL,ASO,ES,Federal Contract Tower,0,1,7,0,8,0,0,79,0,79,0,1,86,0,87,152,0,152,239
04/20/2020,SGJ,FL,ASO,ES,Federal Contract Tower,0,2,8,0,10,0,0,22,3,25,0,2,30,3,35,58,18,76,111
04/21/2020,SGJ,FL,ASO,ES,Federal Contract Tower,0,2,12,7,21,0,0,213,2,215,0,2,225,9,236,361,0,361,597
04/22/2020,SGJ,FL,ASO,ES,Federal Contract Tower,0,2,7,5,14,0,0,176,0,176,0,2,183,5,190,330,0,330,520
04/23/2020,SGJ,FL,ASO,ES,Federal Contract Tower,0,0,9,2,11,0,2,57,6,65,0,2,66,8,76,86,10,96,172
04/24/2020,SGJ,FL,ASO,ES,Federal Contract Tower,0,0,16,0,16,0,0,19,2,21,0,0,35,2,37,10,0,10,47
04/25/2020,SGJ,FL,ASO,ES,Federal Contract Tower,0,4,22,0,26,0,2,68,0,70,0,6,90,0,96,292,0,292,388
04/26/2020,SGJ,FL,ASO,ES,Federal Contract Tower,0,0,14,0,14,0,8,92,0,100,0,8,106,0,114,246,0,246,360
04/27/2020,SGJ,FL,ASO,ES,Federal Contract Tower,0,0,28,1,29,0,6,114,3,123,0,6,142,4,152,188,0,188,340
04/28/2020,SGJ,FL,ASO,ES,Federal Contract Tower,0,1,22,1,24,0,6,147,3,156,0,7,169,4,180,273,28,301,481
04/29/2020,SGJ,FL,ASO,ES,Federal Contract Tower,0,3,17,0,20,0,0,67,1,68,0,3,84,1,88,85,0,85,173
04/30/2020,SGJ,FL,ASO,ES,Federal Contract Tower,0,2,25,1,28,0,2,69,3,74,0,4,94,4,102,206,18,224,326
05/01/2020,SGJ,FL,ASO,ES,Federal Contract Tower,0,1,24,4,29,0,0,94,0,94,0,1,118,4,123,128,4,132,255
05/02/2020,SGJ,FL,ASO,ES,Federal Contract Tower,0,0,15,0,15,0,4,123,0,127,0,4,138,0,142,326,0,326,468
05/03/2020,SGJ,FL,ASO,ES,Federal Contract Tower,0,0,17,0,17,0,2,106,0,108,0,2,123,0,125,134,0,134,259
05/04/2020,SGJ,FL,ASO,ES,Federal Contract Tower,0,4,23,2,29,0,0,126,2,128,0,4,149,4,157,200,0,200,357
05/05/2020,SGJ,FL,ASO,ES,Federal Contract Tower,0,5,14,1,20,0,0,116,4,120,0,5,130,5,140,160,6,166,306
05/06/2020,SGJ,FL,ASO,ES,Federal Contract Tower,0,6,17,2,25,0,0,78,0,78,0,6,95,2,103,144,0,144,247
05/07/2020,SGJ,FL,ASO,ES,Federal Contract Tower,0,2,42,0,44,0,7,161,2,170,0,9,203,2,214,88,3,91,305
05/08/2020,SGJ,FL,ASO,ES,Federal Contract Tower,0,2,25,0,27,0,5,74,2,81,0,7,99,2,108,171,0,171,279
05/09/2020,SGJ,FL,ASO,ES,Federal Contract Tower,0,1,18,0,19,0,4,33,0,37,0,5,51,0,56,78,0,78,134
05/10/2020,SGJ,FL,ASO,ES,Federal Contract Tower,0,3,15,0,18,0,2,16,0,18,0,5,31,0,36,32,0,32,68
05/11/2020,SGJ,FL,ASO,ES,Federal Contract Tower,0,2,25,2,29,0,10,120,5,135,0,12,145,7,164,277,0,277,441
05/12/2020,SGJ,FL,ASO,ES,Federal Contract Tower,0,0,29,1,30,0,6,131,0,137,0,6,160,1,167,223,0,223,390
05/13/2020,SGJ,FL,ASO,ES,Federal Contract Tower,0,2,23,4,29,0,0,118,0,118,0,2,141,4,147,298,0,298,445
05/14/2020,SGJ,FL,ASO,ES,Federal Contract Tower,0,7,21,0,28,0,0,100,0,100,0,7,121,0,128,122,0,122,250
05/15/2020,SGJ,FL,ASO,ES,Federal Contract Tower,0,6,19,1,26,0,2,117,0,119,0,8,136,1,145,258,0,258,403
05/16/2020,SGJ,FL,ASO,ES,Federal Contract Tower,0,2,23,0,25,0,4,58,0,62,0,6,81,0,87,84,0,84,171
05/17/2020,SGJ,FL,ASO,ES,Federal Contract Tower,0,0,33,0,33,0,8,47,0,55,0,8,80,0,88,94,0,94,182
05/18/2020,SGJ,FL,ASO,ES,Federal Contract Tower,0,4,22,0,26,0,0,82,0,82,0,4,104,0,108,114,0,114,222
05/19/2020,SGJ,FL,ASO,ES,Federal Contract Tower,0,1,38,1,40,0,10,130,5,145,0,11,168,6,185,270,6,276,461
05/20/2020,SGJ,FL,ASO,ES,Federal Contract Tower,0,6,33,0,39,0,2,118,0,120,0,8,151,0,159,216,10,226,385
05/21/2020,SGJ,FL,ASO,ES,Federal Contract Tower,0,3,27,0,30,0,0,140,6,146,0,3,167,6,176,348,0,348,524
05/22/2020,SGJ,FL,ASO,ES,Federal Contract Tower,0,2,41,2,45,0,2,183,0,185,0,4,224,2,230,324,14,338,568
05/23/2020,SGJ,FL,ASO,ES,Federal Contract Tower,0,3,33,0,36,0,9,112,5,126,0,12,145,5,162,230,0,230,392
05/24/2020,SGJ,FL,ASO,ES,Federal Contract Tower,0,7,21,0,28,0,8,100,0,108,0,15,121,0,136,121,0,121,257
05/25/2020,SGJ,FL,ASO,ES,Federal Contract Tower,0,10,14,0,24,0,0,25,0,25,0,10,39,0,49,30,0,30,79
05/26/2020,SGJ,FL,ASO,ES,Federal Contract Tower,0,7,11,0,18,0,0,0,0,0,0,7,11,0,18,0,0,0,18
05/27/2020,SGJ,FL,ASO,ES,Federal Contract Tower,0,4,33,1,38,0,0,19,0,19,0,4,52,1,57,2,0,2,59
05/28/2020,SGJ,FL,ASO,ES,Federal Contract Tower,0,4,35,8,47,0,0,71,0,71,0,4,106,8,118,190,0,190,308
05/29/2020,SGJ,FL,ASO,ES,Federal Contract Tower,0,1,17,0,18,0,10,106,1,117,0,11,123,1,135,198,0,198,333
05/30/2020,SGJ,FL,ASO,ES,Federal Contract Tower,0,3,36,0,39,0,14,87,0,101,0,17,123,0,140,158,0,158,298
05/31/2020,SGJ,FL,ASO,ES,Federal Contract Tower,0,4,32,2,38,0,17,76,2,95,0,21,108,4,133,74,0,74,207
06/01/2020,SGJ,FL,ASO,ES,Federal Contract Tower,0,3,33,2,38,0,2,63,2,67,0,5,96,4,105,102,0,102,207
06/02/2020,SGJ,FL,ASO,ES,Federal Contract Tower,0,5,41,1,47,0,3,122,0,125,0,8,163,1,172,200,4,204,376
06/03/2020,SGJ,FL,ASO,ES,Federal Contract Tower,0,5,28,1,34,0,0,129,0,129,0,5,157,1,163,169,0,169,332
06/04/2020,SGJ,FL,ASO,ES,Federal Contract Tower,0,5,10,0,15,0,0,7,2,9,0,5,17,2,24,32,8,40,64
06/05/2020,SGJ,FL,ASO,ES,Federal Contract Tower,0,4,31,4,39,0,2,74,0,76,0,6,105,4,115,100,0,100,215
06/06/2020,SGJ,FL,ASO,ES,Federal Contract Tower,0,3,9,0,12,0,0,21,0,21,0,3,30,0,33,36,0,36,69
06/07/2020,SGJ,FL,ASO,ES,Federal Contract Tower,0,7,13,0,20,0,0,0,0,0,0,7,13,0,20,0,0,0,20
06/08/2020,SGJ,FL,ASO,ES,Federal Contract Tower,0,4,28,1,33,0,2,42,0,44,0,6,70,1,77,40,0,40,117
06/09/2020,SGJ,FL,ASO,ES,Federal Contract Tower,0,1,28,3,32,0,2,94,2,98,0,3,122,5,130,168,6,174,304
06/10/2020,SGJ,FL,ASO,ES,Federal Contract Tower,0,4,41,3,48,0,8,105,6,119,0,12,146,9,167,200,6,206,373
06/11/2020,SGJ,FL,ASO,ES,Federal Contract Tower,0,1,41,3,45,0,18,151,3,172,0,19,192,6,217,298,16,314,531
06/12/2020,SGJ,FL,ASO,ES,Federal Contract Tower,0,4,26,0,30,0,6,150,0,156,0,10,176,0,186,236,0,236,422
06/13/2020,SGJ,FL,ASO,ES,Federal Contract Tower,0,1,19,4,24,0,20,53,0,73,0,21,72,4,97,102,2,104,201
06/14/2020,SGJ,FL,ASO,ES,Federal Contract Tower,0,2,15,0,17,0,4,38,2,44,0,6,53,2,61,34,0,34,95
06/15/2020,SGJ,FL,ASO,ES,Federal Contract Tower,0,4,29,5,38,0,22,104,0,126,0,26,133,5,164,186,0,186,350
06/16/2020,SGJ,FL,ASO,ES,Federal Contract Tower,0,7,45,11,63,0,3,175,8,186,0,10,220,19,249,281,0,281,530
06/17/2020,SGJ,FL,ASO,ES,Federal Contract Tower,0,4,37,5,46,0,2,117,3,122,0,6,154,8,168,284,28,312,480
06/18/2020,SGJ,FL,ASO,ES,Federal Contract Tower,0,6,31,7,44,0,11,122,2,135,0,17,153,9,179,205,2,207,386
06/19/2020,SGJ,FL,ASO,ES,Federal Contract Tower,0,2,31,2,35,0,6,84,0,90,0,8,115,2,125,112,4,116,241
06/20/2020,SGJ,FL,ASO,ES,Federal Contract Tower,0,3,20,0,23,0,20,56,0,76,0,23,76,0,99,72,0,72,171
06/21/2020,SGJ,FL,ASO,ES,Federal Contract Tower,0,4,29,0,33,0,20,75,0,95,0,24,104,0,128,66,0,66,194
06/22/2020,SGJ,FL,ASO,ES,Federal Contract Tower,0,3,29,3,35,0,8,133,6,147,0,11,162,9,182,165,0,165,347
06/23/2020,SGJ,FL,ASO,ES,Federal Contract Tower,0,5,31,0,36,0,1,84,0,85,0,6,115,0,121,124,0,124,245
06/24/2020,SGJ,FL,ASO,ES,Federal Contract Tower,0,7,30,2,39,0,0,115,1,116,0,7,145,3,155,162,0,162,317
06/25/2020,SGJ,FL,ASO,ES,Federal Contract Tower,0,8,29,0,37,0,32,161,0,193,0,40,190,0,230,250,6,256,486
06/26/2020,SGJ,FL,ASO,ES,Federal Contract Tower,0,5,55,3,63,0,10,105,3,118,0,15,160,6,181,172,0,172,353
06/27/2020,SGJ,FL,ASO,ES,Federal Contract Tower,0,7,40,2,49,0,8,79,0,87,0,15,119,2,136,116,2,118,254
06/28/2020,SGJ,FL,ASO,ES,Federal Contract Tower,0,3,26,1,30,0,18,56,0,74,0,21,82,1,104,28,0,28,132
06/29/2020,SGJ,FL,ASO,ES,Federal Contract Tower,0,5,30,4,39,0,8,106,0,114,0,13,136,4,153,178,0,178,331
06/30/2020,SGJ,FL,ASO,ES,Federal Contract Tower,0,5,31,3,39,0,1,99,10,110,0,6,130,13,149,156,8,164,313
07/01/2020,SGJ,FL,ASO,ES,Federal Contract Tower,0,5,34,0,39,0,0,119,0,119,0,5,153,0,158,172,10,182,340
07/02/2020,SGJ,FL,ASO,ES,Federal Contract Tower,0,2,29,2,33,0,16,69,4,89,0,18,98,6,122,162,6,168,290
07/03/2020,SGJ,FL,ASO,ES,Federal Contract Tower,0,4,24,0,28,0,0,81,0,81,0,4,105,0,109,120,0,120,229
07/04/2020,SGJ,FL,ASO,ES,Federal Contract Tower,0,2,11,0,13,0,14,47,0,61,0,16,58,0,74,52,0,52,126
07/05/2020,SGJ,FL,ASO,ES,Federal Contract Tower,0,2,21,0,23,0,8,30,0,38,0,10,51,0,61,22,0,22,83
07/06/2020,SGJ,FL,ASO,ES,Federal Contract Tower,0,3,29,2,34,0,4,50,2,56,0,7,79,4,90,72,4,76,166
07/07/2020,SGJ,FL,ASO,ES,Federal Contract Tower,0,5,19,4,28,0,0,60,0,60,0,5,79,4,88,78,0,78,166
07/08/2020,SGJ,FL,ASO,ES,Federal Contract Tower,0,4,21,0,25,0,0,46,0,46,0,4,67,0,71,110,0,110,181
07/09/2020,SGJ,FL,ASO,ES,Federal Contract Tower,0,5,22,3,30,0,6,101,4,111,0,11,123,7,141,80,14,94,235
07/10/2020,SGJ,FL,ASO,ES,Federal Contract Tower,0,3,28,0,31,0,14,80,0,94,0,17,108,0,125,90,0,90,215
07/11/2020,SGJ,FL,ASO,ES,Federal Contract Tower,0,1,21,4,26,0,12,79,1,92,0,13,100,5,118,102,0,102,220
07/12/2020,SGJ,FL,ASO,ES,Federal Contract Tower,0,5,28,0,33,0,20,91,0,111,0,25,119,0,144,108,0,108,252
07/13/2020,SGJ,FL,ASO,ES,Federal Contract Tower,0,3,27,0,30,0,10,88,0,98,0,13,115,0,128,166,0,166,294
07/14/2020,SGJ,FL,ASO,ES,Federal Contract Tower,0,3,39,1,43,0,4,86,0,90,0,7,125,1,133,110,0,110,243
07/15/2020,SGJ,FL,ASO,ES,Federal Contract Tower,0,3,37,3,43,0,2,96,2,100,0,5,133,5,143,106,20,126,269
07/16/2020,SGJ,FL,ASO,ES,Federal Contract Tower,0,8,46,0,54,0,10,120,0,130,0,18,166,0,184,206,0,206,390
07/17/2020,SGJ,FL,ASO,ES,Federal Contract Tower,0,4,47,0,51,0,4,87,0,91,0,8,134,0,142,186,0,186,328
07/18/2020,SGJ,FL,ASO,ES,Federal Contract Tower,0,0,29,3,32,0,22,120,2,144,0,22,149,5,176,122,6,128,304
07/19/2020,SGJ,FL,ASO,ES,Federal Contract Tower,0,6,21,9,36,0,6,75,1,82,0,12,96,10,118,82,0,82,200
07/20/2020,SGJ,FL,ASO,ES,Federal Contract Tower,0,2,26,2,30,0,4,81,2,87,0,6,107,4,117,152,0,152,269
07/21/2020,SGJ,FL,ASO,ES,Federal Contract Tower,0,5,46,1,52,0,0,120,4,124,0,5,166,5,176,310,2,312,488
07/22/2020,SGJ,FL,ASO,ES,Federal Contract Tower,0,9,21,0,30,0,0,44,2,46,0,9,65,2,76,62,8,70,146
07/23/2020,SGJ,FL,ASO,ES,Federal Contract Tower,0,5,26,0,31,0,0,46,2,48,0,5,72,2,79,102,2,104,183
07/24/2020,SGJ,FL,ASO,ES,Federal Contract Tower,0,4,33,3,40,0,10,130,0,140,0,14,163,3,180,186,0,186,366
07/25/2020,SGJ,FL,ASO,ES,Federal Contract Tower,0,11,33,3,47,0,12,88,1,101,0,23,121,4,148,140,0,140,288
07/26/2020,SGJ,FL,ASO,ES,Federal Contract Tower,0,3,13,0,16,0,24,67,0,91,0,27,80,0,107,126,0,126,233
07/27/2020,SGJ,FL,ASO,ES,Federal Contract Tower,0,3,24,0,27,0,2,58,0,60,0,5,82,0,87,172,2,174,261
07/28/2020,SGJ,FL,ASO,ES,Federal Contract Tower,0,10,40,0,50,0,2,71,6,79,0,12,111,6,129,74,0,74,203
07/29/2020,SGJ,FL,ASO,ES,Federal Contract Tower,0,6,20,0,26,0,0,89,2,91,0,6,109,2,117,148,8,156,273
07/30/2020,SGJ,FL,ASO,ES,Federal Contract Tower,0,5,41,0,46,0,6,94,4,104,0,11,135,4,150,87,0,87,237
07/31/2020,SGJ,FL,ASO,ES,Federal Contract Tower,0,6,50,0,56,0,6,89,0,95,0,12,139,0,151,88,0,88,239
08/01/2020,SGJ,FL,ASO,ES,Federal Contract Tower,0,8,23,0,31,0,4,74,0,78,0,12,97,0,109,79,0,79,188
08/02/2020,SGJ,FL,ASO,ES,Federal Contract Tower,0,2,16,0,18,0,0,6,0,6,0,2,22,0,24,18,0,18,42
08/03/2020,SGJ,FL,ASO,ES,Federal Contract Tower,0,4,9,0,13,0,0,17,0,17,0,4,26,0,30,20,0,20,50
08/04/2020,SGJ,FL,ASO,ES,Federal Contract Tower,0,6,34,0,40,0,0,101,8,109,0,6,135,8,149,142,0,142,291
08/05/2020,SGJ,FL,ASO,ES,Federal Contract Tower,0,5,25,5,35,0,0,117,6,123,0,5,142,11,158,281,0,281,439
08/06/2020,SGJ,FL,ASO,ES,Federal Contract Tower,0,9,22,0,31,0,12,78,8,98,0,21,100,8,129,141,10,151,280
08/07/2020,SGJ,FL,ASO,ES,Federal Contract Tower,0,2,30,0,32,0,7,94,0,101,0,9,124,0,133,178,0,178,311
08/08/2020,SGJ,FL,ASO,ES,Federal Contract Tower,0,4,31,0,35,0,32,116,0,148,0,36,147,0,183,204,0,204,387
08/09/2020,SGJ,FL,ASO,ES,Federal Contract Tower,0,4,16,0,20,0,18,55,0,73,0,22,71,0,93,104,0,104,197
08/10/2020,SGJ,FL,ASO,ES,Federal Contract Tower,0,3,19,0,22,0,4,70,2,76,0,7,89,2,98,122,0,122,220
08/11/2020,SGJ,FL,ASO,ES,Federal Contract Tower,0,5,23,1,29,0,58,0,0,58,0,63,23,1,87,88,0,88,175
08/12/2020,SGJ,FL,ASO,ES,Federal Contract Tower,0,14,32,3,49,0,0,79,0,79,0,14,111,3,128,114,1,115,243
08/13/2020,SGJ,FL,ASO,ES,Federal Contract Tower,0,8,21,0,29,0,20,126,2,148,0,28,147,2,177,220,2,222,399
08/14/2020,SGJ,FL,ASO,ES,Federal Contract Tower,0,2,19,0,21,0,6,86,0,92,0,8,105,0,113,162,0,162,275
08/15/2020,SGJ,FL,ASO,ES,Federal Contract Tower,0,1,29,0,30,0,2,71,2,75,0,3,100,2,105,100,0,100,205
08/16/2020,SGJ,FL,ASO,ES,Federal Contract Tower,0,2,22,0,24,0,14,63,0,77,0,16,85,0,101,118,8,126,227
08/17/2020,SGJ,FL,ASO,ES,Federal Contract Tower,0,2,12,2,16,0,20,55,2,77,0,22,67,4,93,144,2,146,239
08/18/2020,SGJ,FL,ASO,ES,Federal Contract Tower,0,6,21,4,31,0,0,49,1,50,0,6,70,5,81,128,0,128,209
08/19/2020,SGJ,FL,ASO,ES,Federal Contract Tower,0,8,25,0,33,0,0,92,4,96,0,8,117,4,129,189,12,201,330
08/20/2020,SGJ,FL,ASO,ES,Federal Contract Tower,0,5,16,1,22,0,10,103,17,130,0,15,119,18,152,216,22,238,390
08/21/2020,SGJ,FL,ASO,ES,Federal Contract Tower,0,1,28,0,29,0,4,81,0,85,0,5,109,0,114,246,0,246,360
08/22/2020,SGJ,FL,ASO,ES,Federal Contract Tower,0,2,28,0,30,0,14,66,0,80,0,16,94,0,110,159,0,159,269
08/23/2020,SGJ,FL,ASO,ES,Federal Contract Tower,0,9,38,1,48,0,20,86,0,106,0,29,124,1,154,126,0,126,280
08/24/2020,SGJ,FL,ASO,ES,Federal Contract Tower,0,1,27,1,29,0,4,25,0,29,0,5,52,1,58,62,0,62,120
08/25/2020,SGJ,FL,ASO,ES,Federal Contract Tower,0,0,53,5,58,0,0,77,0,77,0,0,130,5,135,180,8,188,323
08/26/2020,SGJ,FL,ASO,ES,Federal Contract Tower,0,5,47,2,54,0,0,83,0,83,0,5,130,2,137,166,22,188,325
08/27/2020,SGJ,FL,ASO,ES,Federal Contract Tower,0,7,47,6,60,0,12,96,1,109,0,19,143,7,169,162,18,180,349
08/28/2020,SGJ,FL,ASO,ES,Federal Contract Tower,0,2,36,1,39,0,15,99,0,114,0,17,135,1,153,154,0,154,307
08/29/2020,SGJ,FL,ASO,ES,Federal Contract Tower,0,4,22,0,26,0,8,53,0,61,0,12,75,0,87,106,0,106,193
08/30/2020,SGJ,FL,ASO,ES,Federal Contract Tower,0,9,16,0,25,0,5,13,2,20,0,14,29,2,45,16,0,16,61
08/31/2020,SGJ,FL,ASO,ES,Federal Contract Tower,0,2,27,1,30,0,2,14,4,20,0,4,41,5,50,10,2,12,62
09/01/2020,SGJ,FL,ASO,ES,Federal Contract Tower,0,11,34,0,45,0,0,28,6,34,0,11,62,6,79,42,0,42,121
09/02/2020,SGJ,FL,ASO,ES,Federal Contract Tower,0,0,38,0,38,0,0,55,8,63,0,0,93,8,101,144,0,144,245
09/03/2020,SGJ,FL,ASO,ES,Federal Contract Tower,0,0,26,2,28,0,0,112,0,112,0,0,138,2,140,230,0,230,370
09/04/2020,SGJ,FL,ASO,ES,Federal Contract Tower,0,10,39,0,49,0,10,119,2,131,0,20,158,2,180,234,0,234,414
09/05/2020,SGJ,FL,ASO,ES,Federal Contract Tower,0,7,20,0,27,0,16,127,0,143,0,23,147,0,170,222,0,222,392
09/06/2020,SGJ,FL,ASO,ES,Federal Contract Tower,0,6,15,0,21,0,26,68,0,94,0,32,83,0,115,84,0,84,199
09/07/2020,SGJ,FL,ASO,ES,Federal Contract Tower,0,6,35,0,41,0,16,68,0,84,0,22,103,0,125,122,0,122,247
09/08/2020,SGJ,FL,ASO,ES,Federal Contract Tower,0,3,17,1,21,0,4,66,17,87,0,7,83,18,108,112,0,112,220
09/09/2020,SGJ,FL,ASO,ES,Federal Contract Tower,0,8,27,4,39,0,0,73,1,74,0,8,100,5,113,58,2,60,173
09/10/2020,SGJ,FL,ASO,ES,Federal Contract Tower,0,4,37,1,42,0,10,73,2,85,0,14,110,3,127,151,6,157,284
09/11/2020,SGJ,FL,ASO,ES,Federal Contract Tower,0,1,27,6,34,0,0,62,6,68,0,1,89,12,102,57,33,90,192
09/12/2020,SGJ,FL,ASO,ES,Federal Contract Tower,0,4,25,1,30,0,0,23,0,23,0,4,48,1,53,46,0,46,99
09/13/2020,SGJ,FL,ASO,ES,Federal Contract Tower,0,7,11,2,20,0,6,3,0,9,0,13,14,2,29,26,0,26,55
09/14/2020,SGJ,FL,ASO,ES,Federal Contract Tower,0,6,32,1,39,0,10,72,0,82,0,16,104,1,121,152,0,152,273
09/15/2020,SGJ,FL,ASO,ES,Federal Contract Tower,0,4,49,0,53,0,4,78,16,98,0,8,127,16,151,196,6,202,353
09/16/2020,SGJ,FL,ASO,ES,Federal Contract Tower,0,6,41,0,47,0,11,68,0,79,0,17,109,0,126,158,12,170,296
09/17/2020,SGJ,FL,ASO,ES,Federal Contract Tower,0,6,17,3,26,0,6,42,2,50,0,12,59,5,76,44,8,52,128
09/18/2020,SGJ,FL,ASO,ES,Federal Contract Tower,0,3,45,3,51,0,12,107,1,120,0,15,152,4,171,172,6,178,349
09/19/2020,SGJ,FL,ASO,ES,Federal Contract Tower,0,6,15,0,21,0,2,3,0,5,0,8,18,0,26,0,0,0,26
09/20/2020,SGJ,FL,ASO,ES,Federal Contract Tower,0,0,8,0,8,0,5,2,1,8,0,5,10,1,16,0,0,0,16
09/21/2020,SGJ,FL,ASO,ES,Federal Contract Tower,0,5,10,0,15,0,7,6,0,13,0,12,16,0,28,0,2,2,30
09/22/2020,SGJ,FL,ASO,ES,Federal Contract Tower,0,8,24,0,32,0,2,74,6,82,0,10,98,6,114,78,2,80,194
09/23/2020,SGJ,FL,ASO,ES,Federal Contract Tower,0,6,37,0,43,0,0,149,7,156,0,6,186,7,199,236,0,236,435
09/24/2020,SGJ,FL,ASO,ES,Federal Contract Tower,0,9,34,0,43,0,16,111,0,127,0,25,145,0,170,212,0,212,382
09/25/2020,SGJ,FL,ASO,ES,Federal Contract Tower,0,12,43,4,59,0,10,85,0,95,0,22,128,4,154,224,0,224,378
09/26/2020,SGJ,FL,ASO,ES,Federal Contract Tower,0,8,36,0,44,0,22,171,2,195,0,30,207,2,239,326,0,326,565
09/27/2020,SGJ,FL,ASO,ES,Federal Contract Tower,0,4,25,0,29,0,0,19,0,19,0,4,44,0,48,32,0,32,80
09/28/2020,SGJ,FL,ASO,ES,Federal Contract Tower,0,3,17,1,21,0,2,33,0,35,0,5,50,1,56,68,0,68,124
09/29/2020,SGJ,FL,ASO,ES,Federal Contract Tower,0,2,22,2,26,0,0,25,0,25,0,2,47,2,51,50,2,52,103
09/30/2020,SGJ,FL,ASO,ES,Federal Contract Tower,0,5,59,0,64,0,0,113,1,114,0,5,172,1,178,182,0,182,360
10/01/2020,SGJ,FL,ASO,ES,Federal Contract Tower,0,3,49,1,53,0,4,163,1,168,0,7,212,2,221,323,0,323,544
10/02/2020,SGJ,FL,ASO,ES,Federal Contract Tower,0,9,44,9,62,0,12,133,4,149,0,21,177,13,211,174,4,178,389
10/03/2020,SGJ,FL,ASO,ES,Federal Contract Tower,0,5,28,0,33,0,20,51,0,71,0,25,79,0,104,76,0,76,180
10/04/2020,SGJ,FL,ASO,ES,Federal Contract Tower,0,8,47,0,55,0,0,1,0,1,0,8,48,0,56,0,0,0,56
10/05/2020,SGJ,FL,ASO,ES,Federal Contract Tower,0,4,24,0,28,0,2,0,0,2,0,6,24,0,30,0,0,0,30
10/06/2020,SGJ,FL,ASO,ES,Federal Contract Tower,0,12,45,0,57,0,10,99,4,113,0,22,144,4,170,210,6,216,386
10/07/2020,SGJ,FL,ASO,ES,Federal Contract Tower,0,2,42,2,46,0,0,0,0,0,0,2,42,2,46,6,0,6,52
10/08/2020,SGJ,FL,ASO,ES,Federal Contract Tower,0,6,50,4,60,0,6,50,0,56,0,12,100,4,116,124,0,124,240
10/09/2020,SGJ,FL,ASO,ES,Federal Contract Tower,0,3,30,0,33,0,4,29,6,39,0,7,59,6,72,32,0,32,104
10/10/2020,SGJ,FL,ASO,ES,Federal Contract Tower,0,4,31,0,35,0,8,92,2,102,0,12,123,2,137,132,0,132,269
10/11/2020,SGJ,FL,ASO,ES,Federal Contract Tower,0,7,28,0,35,0,2,30,0,32,0,9,58,0,67,50,0,50,117
10/12/2020,SGJ,FL,ASO,ES,Federal Contract Tower,0,8,44,0,52,0,4,111,0,115,0,12,155,0,167,312,0,312,479
10/13/2020,SGJ,FL,ASO,ES,Federal Contract Tower,0,9,33,0,42,0,0,177,5,182,0,9,210,5,224,330,0,330,554
10/14/2020,SGJ,FL,ASO,ES,Federal Contract Tower,0,5,44,1,50,0,0,161,3,164,0,5,205,4,214,300,0,300,514
10/15/2020,SGJ,FL,ASO,ES,Federal Contract Tower,0,10,34,2,46,0,4,97,2,103,0,14,131,4,149,172,0,172,321
10/16/2020,SGJ,FL,ASO,ES,Federal Contract Tower,0,10,40,0,50,0,5,101,0,106,0,15,141,0,156,138,6,144,300
10/17/2020,SGJ,FL,ASO,ES,Federal Contract Tower,0,8,19,0,27,0,20,68,0,88,0,28,87,0,115,116,0,116,231
10/18/2020,SGJ,FL,ASO,ES,Federal Contract Tower,0,11,17,0,28,0,22,44,0,66,0,33,61,0,94,12,0,12,106
10/19/2020,SGJ,FL,ASO,ES,Federal Contract Tower,0,2,18,2,22,0,8,28,0,36,0,10,46,2,58,32,0,32,90
10/20/2020,SGJ,FL,ASO,ES,Federal Contract Tower,0,25,29,0,54,0,0,81,4,85,0,25,110,4,139,188,4,192,331
10/21/2020,SGJ,FL,ASO,ES,Federal Contract Tower,0,3,39,0,42,0,0,60,7,67,0,3,99,7,109,136,14,150,259
10/22/2020,SGJ,FL,ASO,ES,Federal Contract Tower,0,6,30,1,37,0,0,75,1,76,0,6,105,2,113,106,6,112,225
10/23/2020,SGJ,FL,ASO,ES,Federal Contract Tower,0,0,45,0,45,0,0,65,0,65,0,0,110,0,110,246,0,246,356
10/24/2020,SGJ,FL,ASO,ES,Federal Contract Tower,0,10,34,0,44,0,0,114,1,115,0,10,148,1,159,142,4,146,305
10/25/2020,SGJ,FL,ASO,ES,Federal Contract Tower,0,6,40,0,46,0,0,111,0,111,0,6,151,0,157,120,0,120,277
10/26/2020,SGJ,FL,ASO,ES,Federal Contract Tower,0,9,45,0,54,0,0,70,0,70,0,9,115,0,124,118,0,118,242
10/27/2020,SGJ,FL,ASO,ES,Federal Contract Tower,0,11,29,0,40,0,16,88,0,104,0,27,117,0,144,170,0,170,314
10/28/2020,SGJ,FL,ASO,ES,Federal Contract Tower,0,7,49,2,58,0,12,106,7,125,0,19,155,9,183,280,0,280,463
10/29/2020,SGJ,FL,ASO,ES,Federal Contract Tower,0,8,38,0,46,0,8,22,0,30,0,16,60,0,76,6,10,16,92
10/30/2020,SGJ,FL,ASO,ES,Federal Contract Tower,0,12,40,3,55,0,6,159,1,166,0,18,199,4,221,270,2,272,493
10/31/2020,SGJ,FL,ASO,ES,Federal Contract Tower,0,6,25,0,31,0,24,89,0,113,0,30,114,0,144,64,0,64,208
11/01/2020,SGJ,FL,ASO,ES,Federal Contract Tower,0,1,33,0,34,0,10,44,0,54,0,11,77,0,88,74,0,74,162
11/02/2020,SGJ,FL,ASO,ES,Federal Contract Tower,0,4,19,0,23,0,8,31,0,39,0,12,50,0,62,4,0,4,66
11/03/2020,SGJ,FL,ASO,ES,Federal Contract Tower,0,3,33,3,39,0,0,136,2,138,0,3,169,5,177,206,0,206,383
11/04/2020,SGJ,FL,ASO,ES,Federal Contract Tower,0,10,43,0,53,0,0,118,2,120,0,10,161,2,173,234,2,236,409
11/05/2020,SGJ,FL,ASO,ES,Federal Contract Tower,0,5,34,2,41,0,4,71,0,75,0,9,105,2,116,132,8,140,256
11/06/2020,SGJ,FL,ASO,ES,Federal Contract Tower,0,3,53,2,58,0,0,54,0,54,0,3,107,2,112,64,0,64,176
11/07/2020,SGJ,FL,ASO,ES,Federal Contract Tower,0,3,20,0,23,0,6,54,0,60,0,9,74,0,83,76,0,76,159
11/08/2020,SGJ,FL,ASO,ES,Federal Contract Tower,0,6,25,0,31,0,2,23,0,25,0,8,48,0,56,14,0,14,70
11/09/2020,SGJ,FL,ASO,ES,Federal Contract Tower,0,7,21,1,29,0,0,1,0,1,0,7,22,1,30,0,0,0,30
11/10/2020,SGJ,FL,ASO,ES,Federal Contract Tower,0,1,21,4,26,0,2,20,0,22,0,3,41,4,48,12,0,12,60
11/11/2020,SGJ,FL,ASO,ES,Federal Contract Tower,0,2,37,0,39,0,1,10,0,11,0,3,47,0,50,8,0,8,58
11/12/2020,SGJ,FL,ASO,ES,Federal Contract Tower,0,4,6,0,10,0,0,5,0,5,0,4,11,0,15,2,0,2,17
11/13/2020,SGJ,FL,ASO,ES,Federal Contract Tower,0,11,38,4,53,0,0,57,1,58,0,11,95,5,111,130,0,130,241
11/14/2020,SGJ,FL,ASO,ES,Federal Contract Tower,0,9,41,0,50,0,28,139,0,167,0,37,180,0,217,282,0,282,499
11/15/2020,SGJ,FL,ASO,ES,Federal Contract Tower,0,4,39,1,44,0,32,125,0,157,0,36,164,1,201,197,0,197,398
11/16/2020,SGJ,FL,ASO,ES,Federal Contract Tower,0,15,33,0,48,0,6,133,11,150,0,21,166,11,198,346,6,352,550
11/17/2020,SGJ,FL,ASO,ES,Federal Contract Tower,0,7,52,2,61,0,10,153,1,164,0,17,205,3,225,286,6,292,517
11/18/2020,SGJ,FL,ASO,ES,Federal Contract Tower,0,3,23,2,28,0,0,72,4,76,0,3,95,6,104,80,4,84,188
11/19/2020,SGJ,FL,ASO,ES,Federal Contract Tower,0,14,47,0,61,0,4,102,4,110,0,18,149,4,171,179,8,187,358
11/20/2020,SGJ,FL,ASO,ES,Federal Contract Tower,0,6,53,1,60,0,0,100,1,101,0,6,153,2,161,172,0,172,333
11/21/2020,SGJ,FL,ASO,ES,Federal Contract Tower,0,4,34,0,38,0,12,85,0,97,0,16,119,0,135,124,0,124,259
11/22/2020,SGJ,FL,ASO,ES,Federal Contract Tower,0,2,32,0,34,0,0,0,0,0,0,2,32,0,34,0,0,0,34
11/23/2020,SGJ,FL,ASO,ES,Federal Contract Tower,0,13,44,0,57,0,20,152,8,180,0,33,196,8,237,325,4,329,566
11/24/2020,SGJ,FL,ASO,ES,Federal Contract Tower,0,9,46,1,56,0,11,158,4,173,0,20,204,5,229,265,4,269,498
11/25/2020,SGJ,FL,ASO,ES,Federal Contract Tower,0,11,54,0,65,0,0,170,2,172,0,11,224,2,237,299,0,299,536
11/26/2020,SGJ,FL,ASO,ES,Federal Contract Tower,0,0,4,0,4,0,0,35,0,35,0,0,39,0,39,89,0,89,128
11/27/2020,SGJ,FL,ASO,ES,Federal Contract Tower,0,9,40,0,49,0,24,112,0,136,0,33,152,0,185,164,0,164,349
11/28/2020,SGJ,FL,ASO,ES,Federal Contract Tower,0,2,32,0,34,0,18,64,0,82,0,20,96,0,116,146,0,146,262
11/29/2020,SGJ,FL,ASO,ES,Federal Contract Tower,0,6,45,0,51,0,24,25,0,49,0,30,70,0,100,24,0,24,124
11/30/2020,SGJ,FL,ASO,ES,Federal Contract Tower,0,10,33,1,44,0,24,48,3,75,0,34,81,4,119,86,0,86,205
12/01/2020,SGJ,FL,ASO,ES,Federal Contract Tower,0,9,43,0,52,0,6,113,4,123,0,15,156,4,175,147,0,147,322
12/02/2020,SGJ,FL,ASO,ES,Federal Contract Tower,0,22,53,2,77,0,3,150,4,157,0,25,203,6,234,298,0,298,532
12/03/2020,SGJ,FL,ASO,ES,Federal Contract Tower,0,11,43,0,54,0,12,129,2,143,0,23,172,2,197,314,0,314,511
12/04/2020,SGJ,FL,ASO,ES,Federal Contract Tower,0,6,37,2,45,0,14,83,2,99,0,20,120,4,144,199,2,201,345
12/05/2020,SGJ,FL,ASO,ES,Federal Contract Tower,0,8,23,1,32,0,32,129,0,161,0,40,152,1,193,280,0,280,473
12/06/2020,SGJ,FL,ASO,ES,Federal Contract Tower,0,4,23,0,27,0,18,105,0,123,0,22,128,0,150,84,0,84,234
12/07/2020,SGJ,FL,ASO,ES,Federal Contract Tower,0,8,42,0,50,0,6,68,0,74,0,14,110,0,124,190,0,190,314
12/08/2020,SGJ,FL,ASO,ES,Federal Contract Tower,0,9,36,4,49,0,2,117,1,120,0,11,153,5,169,254,0,254,423
12/09/2020,SGJ,FL,ASO,ES,Federal Contract Tower,0,4,38,0,42,0,0,172,1,173,0,4,210,1,215,360,0,360,575
12/10/2020,SGJ,FL,ASO,ES,Federal Contract Tower,0,12,29,0,41,0,0,130,9,139,0,12,159,9,180,152,30,182,362
12/11/2020,SGJ,FL,ASO,ES,Federal Contract Tower,0,5,28,0,33,0,16,148,0,164,0,21,176,0,197,322,0,322,519
12/12/2020,SGJ,FL,ASO,ES,Federal Contract Tower,0,8,25,2,35,0,18,61,0,79,0,26,86,2,114,154,0,154,268
12/13/2020,SGJ,FL,ASO,ES,Federal Contract Tower,0,2,47,2,51,0,0,4,0,4,0,2,51,2,55,0,0,0,55
12/14/2020,SGJ,FL,ASO,ES,Federal Contract Tower,0,6,23,0,29,2,5,38,0,45,2,11,61,0,74,22,6,28,102
12/15/2020,SGJ,FL,ASO,ES,Federal Contract Tower,0,17,46,4,67,0,0,44,6,50,0,17,90,10,117,108,8,116,233
12/16/2020,SGJ,FL,ASO,ES,Federal Contract Tower,0,4,20,1,25,0,0,0,0,0,0,4,20,1,25,0,0,0,25
12/17/2020,SGJ,FL,ASO,ES,Federal Contract Tower,0,3,45,2,50,0,6,58,0,64,0,9,103,2,114,150,8,158,272
12/18/2020,SGJ,FL,ASO,ES,Federal Contract Tower,0,6,22,0,28,0,10,140,0,150,0,16,162,0,178,242,22,264,442
12/19/2020,SGJ,FL,ASO,ES,Federal Contract Tower,0,8,39,0,47,0,20,90,0,110,0,28,129,0,157,72,0,72,229
12/20/2020,SGJ,FL,ASO,ES,Federal Contract Tower,0,3,17,0,20,0,10,29,0,39,0,13,46,0,59,18,0,18,77
12/21/2020,SGJ,FL,ASO,ES,Federal Contract Tower,0,6,31,1,38,0,26,110,3,139,0,32,141,4,177,182,8,190,367
12/22/2020,SGJ,FL,ASO,ES,Federal Contract Tower,0,11,36,0,47,0,10,125,2,137,0,21,161,2,184,182,0,182,366
12/23/2020,SGJ,FL,ASO,ES,Federal Contract Tower,0,7,24,0,31,0,4,129,0,133,0,11,153,0,164,235,0,235,399
12/24/2020,SGJ,FL,ASO,ES,Federal Contract Tower,0,9,13,0,22,0,24,32,0,56,0,33,45,0,78,50,0,50,128
12/25/2020,SGJ,FL,ASO,ES,Federal Contract Tower,0,6,5,0,11,0,0,5,0,5,0,6,10,0,16,0,0,0,16
12/26/2020,SGJ,FL,ASO,ES,Federal Contract Tower,0,4,34,0,38,0,10,91,0,101,0,14,125,0,139,127,0,127,266
12/27/2020,SGJ,FL,ASO,ES,Federal Contract Tower,0,17,23,0,40,0,0,99,0,99,0,17,122,0,139,110,0,110,249
12/28/2020,SGJ,FL,ASO,ES,Federal Contract Tower,0,1,21,0,22,0,2,117,0,119,0,3,138,0,141,200,0,200,341
12/29/2020,SGJ,FL,ASO,ES,Federal Contract Tower,0,1,25,0,26,0,20,142,2,164,0,21,167,2,190,230,4,234,424
12/30/2020,SGJ,FL,ASO,ES,Federal Contract Tower,0,15,45,0,60,0,16,92,4,112,0,31,137,4,172,172,0,172,344
12/31/2020,SGJ,FL,ASO,ES,Federal Contract Tower,0,3,13,0,16,0,36,64,1,101,0,39,77,1,117,38,0,38,155
01/01/2021,SGJ,FL,ASO,ES,Federal Contract Tower,0,4,14,0,18,0,0,38,0,38,0,4,52,0,56,102,0,102,158
01/02/2021,SGJ,FL,ASO,ES,Federal Contract Tower,0,7,70,2,79,0,28,48,0,76,0,35,118,2,155,70,0,70,225
01/03/2021,SGJ,FL,ASO,ES,Federal Contract Tower,0,8,41,0,49,0,16,66,0,82,0,24,107,0,131,82,0,82,213
01/04/2021,SGJ,FL,ASO,ES,Federal Contract Tower,0,10,25,0,35,0,16,128,6,150,0,26,153,6,185,226,0,226,411
01/05/2021,SGJ,FL,ASO,ES,Federal Contract Tower,0,11,34,2,47,0,0,136,0,136,0,11,170,2,183,134,0,134,317
01/06/2021,SGJ,FL,ASO,ES,Federal Contract Tower,0,12,38,0,50,0,2,114,0,116,0,14,152,0,166,226,14,240,406
01/07/2021,SGJ,FL,ASO,ES,Federal Contract Tower,0,4,22,3,29,0,8,106,4,118,0,12,128,7,147,192,8,200,347
01/08/2021,SGJ,FL,ASO,ES,Federal Contract Tower,0,12,36,7,55,0,7,60,2,69,0,19,96,9,124,46,0,46,170
01/09/2021,SGJ,FL,ASO,ES,Federal Contract Tower,0,2,32,4,38,0,16,50,0,66,0,18,82,4,104,54,0,54,158
01/10/2021,SGJ,FL,ASO,ES,Federal Contract Tower,0,12,14,4,30,0,14,106,5,125,0,26,120,9,155,122,15,137,292
01/11/2021,SGJ,FL,ASO,ES,Federal Contract Tower,0,6,24,2,32,0,6,110,6,122,0,12,134,8,154,202,4,206,360
01/12/2021,SGJ,FL,ASO,ES,Federal Contract Tower,0,18,40,3,61,0,0,50,4,54,0,18,90,7,115,221,4,225,340
01/13/2021,SGJ,FL,ASO,ES,Federal Contract Tower,0,8,34,2,44,0,0,68,0,68,0,8,102,2,112,146,32,178,290
01/14/2021,SGJ,FL,ASO,ES,Federal Contract Tower,0,4,38,0,42,0,8,143,1,152,0,12,181,1,194,316,0,316,510
01/15/2021,SGJ,FL,ASO,ES,Federal Contract Tower,0,3,32,0,35,0,6,77,0,83,0,9,109,0,118,129,0,129,247
01/16/2021,SGJ,FL,ASO,ES,Federal Contract Tower,0,4,25,1,30,0,20,69,0,89,0,24,94,1,119,42,0,42,161
01/17/2021,SGJ,FL,ASO,ES,Federal Contract Tower,0,0,40,0,40,0,18,113,0,131,0,18,153,0,171,82,0,82,253
01/18/2021,SGJ,FL,ASO,ES,Federal Contract Tower,0,5,26,0,31,0,16,150,0,166,0,21,176,0,197,276,0,276,473
01/19/2021,SGJ,FL,ASO,ES,Federal Contract Tower,0,9,33,0,42,0,2,130,14,146,0,11,163,14,188,185,16,201,389
01/20/2021,SGJ,FL,ASO,ES,Federal Contract Tower,0,5,47,2,54,0,0,134,7,141,0,5,181,9,195,192,10,202,397
01/21/2021,SGJ,FL,ASO,ES,Federal Contract Tower,0,8,43,7,58,0,10,134,5,149,0,18,177,12,207,146,2,148,355
01/22/2021,SGJ,FL,ASO,ES,Federal Contract Tower,0,3,39,12,54,0,2,11,0,13,0,5,50,12,67,38,0,38,105
01/23/2021,SGJ,FL,ASO,ES,Federal Contract Tower,0,5,59,0,64,0,0,19,0,19,0,5,78,0,83,20,0,20,103
01/24/2021,SGJ,FL,ASO,ES,Federal Contract Tower,0,8,66,2,76,0,8,28,1,37,0,16,94,3,113,62,0,62,175
01/25/2021,SGJ,FL,ASO,ES,Federal Contract Tower,0,8,56,2,66,0,0,65,2,67,0,8,121,4,133,112,0,112,245
01/26/2021,SGJ,FL,ASO,ES,Federal Contract Tower,0,11,50,2,63,0,0,142,8,150,0,11,192,10,213,298,14,312,525
01/27/2021,SGJ,FL,ASO,ES,Federal Contract Tower,0,8,43,2,53,0,0,7,0,7,0,8,50,2,60,24,4,28,88
01/28/2021,SGJ,FL,ASO,ES,Federal Contract Tower,0,5,37,0,42,0,8,85,0,93,0,13,122,0,135,96,8,104,239
01/29/2021,SGJ,FL,ASO,ES,Federal Contract Tower,0,2,43,0,45,0,8,174,0,182,0,10,217,0,227,318,0,318,545
01/30/2021,SGJ,FL,ASO,ES,Federal Contract Tower,0,6,31,0,37,0,12,162,0,174,0,18,193,0,211,184,0,184,395
01/31/2021,SGJ,FL,ASO,ES,Federal Contract Tower,0,9,27,3,39,0,2,52,0,54,0,11,79,3,93,26,0,26,119
02/01/2021,SGJ,FL,ASO,ES,Federal Contract Tower,0,4,12,1,17,0,0,17,0,17,0,4,29,1,34,58,0,58,92
02/02/2021,SGJ,FL,ASO,ES,Federal Contract Tower,0,5,39,1,45,0,4,43,2,49,0,9,82,3,94,78,4,82,176
02/03/2021,SGJ,FL,ASO,ES,Federal Contract Tower,0,8,48,4,60,0,0,150,1,151,0,8,198,5,211,242,0,242,453
02/04/2021,SGJ,FL,ASO,ES,Federal Contract Tower,0,7,34,0,41,0,4,123,0,127,0,11,157,0,168,173,0,173,341
02/05/2021,SGJ,FL,ASO,ES,Federal Contract Tower,0,7,42,3,52,0,0,70,6,76,0,7,112,9,128,146,6,152,280
02/06/2021,SGJ,FL,ASO,ES,Federal Contract Tower,0,7,35,0,42,0,2,0,0,2,0,9,35,0,44,2,0,2,46
02/07/2021,SGJ,FL,ASO,ES,Federal Contract Tower,0,9,17,0,26,0,4,37,0,41,0,13,54,0,67,64,0,64,131
02/08/2021,SGJ,FL,ASO,ES,Federal Contract Tower,0,8,45,1,54,0,4,98,0,102,0,12,143,1,156,204,0,204,360
02/09/2021,SGJ,FL,ASO,ES,Federal Contract Tower,0,10,21,0,31,0,0,11,0,11,0,10,32,0,42,0,0,0,42
02/10/2021,SGJ,FL,ASO,ES,Federal Contract Tower,0,10,23,3,36,0,0,0,0,0,0,10,23,3,36,0,0,0,36
02/11/2021,SGJ,FL,ASO,ES,Federal Contract Tower,0,9,30,3,42,0,8,112,0,120,0,17,142,3,162,206,14,220,382
02/12/2021,SGJ,FL,ASO,ES,Federal Contract Tower,0,13,28,5,46,0,0,21,0,21,0,13,49,5,67,67,20,87,154
02/13/2021,SGJ,FL,ASO,ES,Federal Contract Tower,0,6,17,0,23,0,4,4,0,8,0,10,21,0,31,0,0,0,31
02/14/2021,SGJ,FL,ASO,ES,Federal Contract Tower,0,4,16,0,20,0,0,0,0,0,0,4,16,0,20,0,0,0,20
02/15/2021,SGJ,FL,ASO,ES,Federal Contract Tower,0,10,29,0,39,0,10,8,0,18,0,20,37,0,57,16,0,16,73
02/16/2021,SGJ,FL,ASO,ES,Federal Contract Tower,0,24,46,0,70,0,6,156,0,162,0,30,202,0,232,184,0,184,416
02/17/2021,SGJ,FL,ASO,ES,Federal Contract Tower,0,9,49,1,59,0,0,51,0,51,0,9,100,1,110,112,2,114,224
02/18/2021,SGJ,FL,ASO,ES,Federal Contract Tower,0,3,18,0,21,0,8,80,0,88,0,11,98,0,109,148,8,156,265
02/19/2021,SGJ,FL,ASO,ES,Federal Contract Tower,0,6,20,0,26,0,0,0,0,0,0,6,20,0,26,0,0,0,26
02/20/2021,SGJ,FL,ASO,ES,Federal Contract Tower,0,5,40,4,49,0,24,187,0,211,0,29,227,4,260,240,0,240,500
02/21/2021,SGJ,FL,ASO,ES,Federal Contract Tower,0,12,34,0,46,0,26,107,0,133,0,38,141,0,179,74,0,74,253
02/22/2021,SGJ,FL,ASO,ES,Federal Contract Tower,0,7,26,6,39,0,0,106,2,108,0,7,132,8,147,236,0,236,383
02/23/2021,SGJ,FL,ASO,ES,Federal Contract Tower,0,8,46,0,54,0,10,156,3,169,0,18,202,3,223,326,2,328,551
02/24/2021,SGJ,FL,ASO,ES,Federal Contract Tower,0,13,52,1,66,0,19,183,0,202,0,32,235,1,268,352,0,352,620
02/25/2021,SGJ,FL,ASO,ES,Federal Contract Tower,0,5,47,2,54,0,23,189,0,212,0,28,236,2,266,405,26,431,697
02/26/2021,SGJ,FL,ASO,ES,Federal Contract Tower,0,11,55,5,71,0,14,171,0,185,0,25,226,5,256,331,0,331,587
02/27/2021,SGJ,FL,ASO,ES,Federal Contract Tower,0,10,32,0,42,0,20,191,0,211,0,30,223,0,253,199,0,199,452
02/28/2021,SGJ,FL,ASO,ES,Federal Contract Tower,0,6,38,4,48,0,16,84,0,100,0,22,122,4,148,80,8,88,236
03/01/2021,SGJ,FL,ASO,ES,Federal Contract Tower,0,8,27,1,36,0,8,57,2,67,0,16,84,3,103,26,14,40,143
03/02/2021,SGJ,FL,ASO,ES,Federal Contract Tower,0,3,28,9,40,0,0,0,0,0,0,3,28,9,40,0,0,0,40
03/03/2021,SGJ,FL,ASO,ES,Federal Contract Tower,0,4,39,4,47,0,0,15,0,15,0,4,54,4,62,76,16,92,154
03/04/2021,SGJ,FL,ASO,ES,Federal Contract Tower,0,6,44,1,51,0,18,240,8,266,0,24,284,9,317,386,0,386,703
03/05/2021,SGJ,FL,ASO,ES,Federal Contract Tower,0,6,28,4,38,0,12,175,0,187,0,18,203,4,225,218,4,222,447
03/06/2021,SGJ,FL,ASO,ES,Federal Contract Tower,0,7,32,0,39,0,2,10,0,12,0,9,42,0,51,4,0,4,55
03/07/2021,SGJ,FL,ASO,ES,Federal Contract Tower,0,9,43,0,52,0,24,68,0,92,0,33,111,0,144,44,0,44,188
03/08/2021,SGJ,FL,ASO,ES,Federal Contract Tower,0,17,44,2,63,0,4,100,5,109,0,21,144,7,172,74,0,74,246
03/09/2021,SGJ,FL,ASO,ES,Federal Contract Tower,0,8,45,2,55,0,8,153,12,173,0,16,198,14,228,284,13,297,525
03/10/2021,SGJ,FL,ASO,ES,Federal Contract Tower,0,18,42,2,62,0,6,173,6,185,0,24,215,8,247,431,12,443,690
03/11/2021,SGJ,FL,ASO,ES,Federal Contract Tower,0,14,52,1,67,0,22,202,8,232,0,36,254,9,299,382,7,389,688
03/12/2021,SGJ,FL,ASO,ES,Federal Contract Tower,0,15,43,4,62,0,8,200,2,210,0,23,243,6,272,293,0,293,565
03/13/2021,SGJ,FL,ASO,ES,Federal Contract Tower,0,18,39,8,65,0,22,143,1,166,0,40,182,9,231,122,0,122,353
03/14/2021,SGJ,FL,ASO,ES,Federal Contract Tower,0,24,52,6,82,0,22,124,4,150,0,46,176,10,232,100,0,100,332
03/15/2021,SGJ,FL,ASO,ES,Federal Contract Tower,0,14,55,5,74,0,20,140,0,160,0,34,195,5,234,232,0,232,466
03/16/2021,SGJ,FL,ASO,ES,Federal Contract Tower,0,6,40,5,51,0,4,125,6,135,0,10,165,11,186,246,12,258,444
03/17/2021,SGJ,FL,ASO,ES,Federal Contract Tower,0,19,32,0,51,0,2,100,0,102,0,21,132,0,153,250,0,250,403
03/18/2021,SGJ,FL,ASO,ES,Federal Contract Tower,0,6,27,2,35,0,0,30,0,30,0,6,57,2,65,48,16,64,129
03/19/2021,SGJ,FL,ASO,ES,Federal Contract Tower,0,10,40,5,55,0,18,103,5,126,0,28,143,10,181,122,0,122,303
03/20/2021,SGJ,FL,ASO,ES,Federal Contract Tower,0,2,29,0,31,0,4,3,0,7,0,6,32,0,38,0,0,0,38
03/21/2021,SGJ,FL,ASO,ES,Federal Contract Tower,0,16,43,2,61,0,0,0,0,0,0,16,43,2,61,0,0,0,61
03/22/2021,SGJ,FL,ASO,ES,Federal Contract Tower,0,11,32,0,43,0,0,9,0,9,0,11,41,0,52,0,0,0,52
03/23/2021,SGJ,FL,ASO,ES,Federal Contract Tower,0,9,69,2,80,0,8,129,7,144,0,17,198,9,224,222,14,236,460
03/24/2021,SGJ,FL,ASO,ES,Federal Contract Tower,0,7,48,2,57,0,4,173,3,180,0,11,221,5,237,302,10,312,549
03/25/2021,SGJ,FL,ASO,ES,Federal Contract Tower,0,18,46,0,64,0,2,145,4,151,0,20,191,4,215,182,12,194,409
03/26/2021,SGJ,FL,ASO,ES,Federal Contract Tower,0,14,47,6,67,0,0,109,2,111,0,14,156,8,178,228,0,228,406
03/27/2021,SGJ,FL,ASO,ES,Federal Contract Tower,0,4,46,2,52,0,4,113,1,118,0,8,159,3,170,98,0,98,268
03/28/2021,SGJ,FL,ASO,ES,Federal Contract Tower,0,5,29,13,47,0,18,83,2,103,0,23,112,15,150,56,0,56,206
03/29/2021,SGJ,FL,ASO,ES,Federal Contract Tower,0,4,43,0,47,0,4,98,0,102,0,8,141,0,149,188,0,188,337
03/30/2021,SGJ,FL,ASO,ES,Federal Contract Tower,0,13,28,2,43,0,0,137,0,137,0,13,165,2,180,308,0,308,488
03/31/2021,SGJ,FL,ASO,ES,Federal Contract Tower,0,9,40,0,49,0,0,111,0,111,0,9,151,0,160,150,0,150,310
04/01/2021,SGJ,FL,ASO,ES,Federal Contract Tower,0,18,60,0,78,0,0,82,0,82,0,18,142,0,160,88,0,88,248
04/02/2021,SGJ,FL,ASO,ES,Federal Contract Tower,0,5,37,2,44,0,12,59,0,71,0,17,96,2,115,27,0,27,142
04/03/2021,SGJ,FL,ASO,ES,Federal Contract Tower,0,3,30,0,33,0,6,107,0,113,0,9,137,0,146,118,0,118,264
04/04/2021,SGJ,FL,ASO,ES,Federal Contract Tower,0,9,19,0,28,0,28,97,0,125,0,37,116,0,153,104,0,104,257
04/05/2021,SGJ,FL,ASO,ES,Federal Contract Tower,0,4,46,2,52,0,19,149,5,173,0,23,195,7,225,212,0,212,437
04/06/2021,SGJ,FL,ASO,ES,Federal Contract Tower,0,10,41,4,55,0,4,169,5,178,0,14,210,9,233,156,10,166,399
04/07/2021,SGJ,FL,ASO,ES,Federal Contract Tower,0,12,51,5,68,0,0,206,1,207,0,12,257,6,275,271,12,283,558
04/08/2021,SGJ,FL,ASO,ES,Federal Contract Tower,0,8,46,5,59,0,0,219,0,219,0,8,265,5,278,280,10,290,568
04/09/2021,SGJ,FL,ASO,ES,Federal Contract Tower,0,5,34,0,39,0,26,155,0,181,0,31,189,0,220,202,0,202,422
04/10/2021,SGJ,FL,ASO,ES,Federal Contract Tower,0,6,28,0,34,0,12,71,0,83,0,18,99,0,117,128,0,128,245
04/11/2021,SGJ,FL,ASO,ES,Federal Contract Tower,0,13,25,0,38,0,1,13,0,14,0,14,38,0,52,4,0,4,56
04/12/2021,SGJ,FL,ASO,ES,Federal Contract Tower,0,10,52,6,68,0,11,187,2,200,0,21,239,8,268,238,0,238,506
04/13/2021,SGJ,FL,ASO,ES,Federal Contract Tower,0,5,64,7,76,0,6,191,3,200,0,11,255,10,276,160,4,164,440
04/14/2021,SGJ,FL,ASO,ES,Federal Contract Tower,0,7,41,10,58,2,205,2,0,209,2,212,43,10,267,248,0,248,515
04/15/2021,SGJ,FL,ASO,ES,Federal Contract Tower,0,6,53,5,64,0,0,108,4,112,0,6,161,9,176,64,0,64,240
04/16/2021,SGJ,FL,ASO,ES,Federal Contract Tower,0,7,47,6,60,0,10,134,0,144,0,17,181,6,204,154,0,154,358
04/17/2021,SGJ,FL,ASO,ES,Federal Contract Tower,0,4,25,0,29,0,12,20,2,34,0,16,45,2,63,4,0,4,67
04/18/2021,SGJ,FL,ASO,ES,Federal Contract Tower,0,13,20,0,33,0,2,16,0,18,0,15,36,0,51,0,0,0,51
04/19/2021,SGJ,FL,ASO,ES,Federal Contract Tower,0,12,25,0,37,0,12,90,6,108,0,24,115,6,145,172,0,172,317
04/20/2021,SGJ,FL,ASO,ES,Federal Contract Tower,0,12,17,0,29,0,2,93,4,99,0,14,110,4,128,176,4,180,308
04/21/2021,SGJ,FL,ASO,ES,Federal Contract Tower,0,13,52,1,66,0,0,227,0,227,0,13,279,1,293,379,0,379,672
04/22/2021,SGJ,FL,ASO,ES,Federal Contract Tower,0,16,59,0,75,0,0,150,6,156,0,16,209,6,231,244,8,252,483
04/23/2021,SGJ,FL,ASO,ES,Federal Contract Tower,0,13,21,0,34,0,8,165,0,173,0,21,186,0,207,217,0,217,424
04/24/2021,SGJ,FL,ASO,ES,Federal Contract Tower,0,14,30,0,44,0,9,49,0,58,0,23,79,0,102,42,0,42,144
04/25/2021,SGJ,FL,ASO,ES,Federal Contract Tower,0,7,42,2,51,0,10,71,0,81,0,17,113,2,132,122,0,122,254
04/26/2021,SGJ,FL,ASO,ES,Federal Contract Tower,0,9,33,0,42,0,20,103,2,125,0,29,136,2,167,196,0,196,363
04/27/2021,SGJ,FL,ASO,ES,Federal Contract Tower,0,13,44,1,58,0,6,216,1,223,0,19,260,2,281,210,0,210,491
04/28/2021,SGJ,FL,ASO,ES,Federal Contract Tower,0,19,47,1,67,0,8,162,3,173,0,27,209,4,240,298,0,298,538
04/29/2021,SGJ,FL,ASO,ES,Federal Contract Tower,0,9,55,3,67,0,5,142,2,149,0,14,197,5,216,150,0,150,366
04/30/2021,SGJ,FL,ASO,ES,Federal Contract Tower,0,11,42,0,53,0,8,132,5,145,0,19,174,5,198,188,2,190,388
05/01/2021,SGJ,FL,ASO,ES,Federal Contract Tower,0,9,41,2,52,0,16,130,0,146,0,25,171,2,198,154,0,154,352
05/02/2021,SGJ,FL,ASO,ES,Federal Contract Tower,0,10,47,0,57,0,28,75,0,103,0,38,122,0,160,74,0,74,234
05/03/2021,SGJ,FL,ASO,ES,Federal Contract Tower,0,9,38,5,52,0,18,97,0,115,0,27,135,5,167,262,4,266,433
05/04/2021,SGJ,FL,ASO,ES,Federal Contract Tower,0,11,40,3,54,0,0,151,0,151,0,11,191,3,205,210,0,210,415
05/05/2021,SGJ,FL,ASO,ES,Federal Contract Tower,0,8,48,1,57,0,4,105,0,109,0,12,153,1,166,110,0,110,276
05/06/2021,SGJ,FL,ASO,ES,Federal Contract Tower,0,4,37,0,41,0,0,25,0,25,0,4,62,0,66,50,0,50,116
05/07/2021,SGJ,FL,ASO,ES,Federal Contract Tower,0,6,42,3,51,0,11,158,2,171,0,17,200,5,222,225,6,231,453
05/08/2021,SGJ,FL,ASO,ES,Federal Contract Tower,0,5,30,2,37,0,20,195,0,215,0,25,225,2,252,222,0,222,474
05/09/2021,SGJ,FL,ASO,ES,Federal Contract Tower,0,5,30,3,38,0,31,75,4,110,0,36,105,7,148,86,0,86,234
05/10/2021,SGJ,FL,ASO,ES,Federal Contract Tower,0,11,47,0,58,0,6,64,2,72,0,17,111,2,130,136,0,136,266
05/11/2021,SGJ,FL,ASO,ES,Federal Contract Tower,0,14,43,1,58,0,2,134,1,137,0,16,177,2,195,142,2,144,339
05/12/2021,SGJ,FL,ASO,ES,Federal Contract Tower,0,8,25,0,33,0,10,138,4,152,0,18,163,4,185,206,18,224,409
05/13/2021,SGJ,FL,ASO,ES,Federal Contract Tower,0,14,48,0,62,0,0,5,0,5,0,14,53,0,67,0,14,14,81
05/14/2021,SGJ,FL,ASO,ES,Federal Contract Tower,0,5,44,4,53,0,15,94,2,111,0,20,138,6,164,38,6,44,208
05/15/2021,SGJ,FL,ASO,ES,Federal Contract Tower,0,9,44,0,53,0,21,71,0,92,0,30,115,0,145,36,0,36,181
05/16/2021,SGJ,FL,ASO,ES,Federal Contract Tower,0,13,27,2,42,0,18,100,0,118,0,31,127,2,160,116,0,116,276
05/17/2021,SGJ,FL,ASO,ES,Federal Contract Tower,0,7,32,0,39,0,14,170,6,190,0,21,202,6,229,348,10,358,587
05/18/2021,SGJ,FL,ASO,ES,Federal Contract Tower,0,9,46,5,60,0,16,176,4,196,0,25,222,9,256,272,2,274,530
05/19/2021,SGJ,FL,ASO,ES,Federal Contract Tower,0,12,60,1,73,0,0,134,0,134,0,12,194,1,207,254,0,254,461
05/20/2021,SGJ,FL,ASO,ES,Federal Contract Tower,0,5,41,1,47,0,18,126,2,146,0,23,167,3,193,324,0,324,517
05/21/2021,SGJ,FL,ASO,ES,Federal Contract Tower,0,9,40,5,54,0,8,152,8,168,0,17,192,13,222,212,2,214,436
05/22/2021,SGJ,FL,ASO,ES,Federal Contract Tower,0,5,38,0,43,0,24,176,0,200,0,29,214,0,243,394,0,394,637
05/23/2021,SGJ,FL,ASO,ES,Federal Contract Tower,0,14,45,5,64,0,26,154,0,180,0,40,199,5,244,306,2,308,552
05/24/2021,SGJ,FL,ASO,ES,Federal Contract Tower,0,11,29,2,42,0,16,139,7,162,0,27,168,9,204,362,2,364,568
05/25/2021,SGJ,FL,ASO,ES,Federal Contract Tower,0,13,55,4,72,0,16,242,5,263,0,29,297,9,335,332,6,338,673
05/26/2021,SGJ,FL,ASO,ES,Federal Contract Tower,0,11,58,4,73,0,9,208,2,219,0,20,266,6,292,366,0,366,658
05/27/2021,SGJ,FL,ASO,ES,Federal Contract Tower,0,6,51,5,62,0,7,203,1,211,0,13,254,6,273,348,12,360,633
05/28/2021,SGJ,FL,ASO,ES,Federal Contract Tower,0,13,45,0,58,0,18,191,5,214,0,31,236,5,272,238,4,242,514
05/29/2021,SGJ,FL,ASO,ES,Federal Contract Tower,0,3,19,0,22,0,23,118,0,141,0,26,137,0,163,184,0,184,347
05/30/2021,SGJ,FL,ASO,ES,Federal Contract Tower,0,4,18,0,22,0,35,88,6,129,0,39,106,6,151,202,0,202,353
05/31/2021,SGJ,FL,ASO,ES,Federal Contract Tower,0,8,37,0,45,0,32,106,0,138,0,40,143,0,183,162,0,162,345
06/01/2021,SGJ,FL,ASO,ES,Federal Contract Tower,0,12,47,0,59,0,16,110,8,134,0,28,157,8,193,180,0,180,373
06/02/2021,SGJ,FL,ASO,ES,Federal Contract Tower,0,6,59,0,65,0,8,102,4,114,0,14,161,4,179,232,0,232,411
06/03/2021,SGJ,FL,ASO,ES,Federal Contract Tower,0,20,48,0,68,0,6,53,2,61,0,26,101,2,129,64,2,66,195
06/04/2021,SGJ,FL,ASO,ES,Federal Contract Tower,0,9,41,7,57,0,18,60,4,82,0,27,101,11,139,188,0,188,327
06/05/2021,SGJ,FL,ASO,ES,Federal Contract Tower,0,8,36,0,44,0,20,42,0,62,0,28,78,0,106,80,0,80,186
06/06/2021,SGJ,FL,ASO,ES,Federal Contract Tower,0,8,35,0,43,0,28,90,1,119,0,36,125,1,162,258,0,258,420
06/07/2021,SGJ,FL,ASO,ES,Federal Contract Tower,0,11,38,5,54,0,12,62,1,75,0,23,100,6,129,172,4,176,305
06/08/2021,SGJ,FL,ASO,ES,Federal Contract Tower,0,17,38,2,57,0,18,159,0,177,0,35,197,2,234,396,0,396,630
06/09/2021,SGJ,FL,ASO,ES,Federal Contract Tower,0,12,51,6,69,0,17,239,8,264,0,29,290,14,333,344,16,360,693
06/10/2021,SGJ,FL,ASO,ES,Federal Contract Tower,0,9,47,1,57,0,8,176,2,186,0,17,223,3,243,250,12,262,505
06/11/2021,SGJ,FL,ASO,ES,Federal Contract Tower,0,17,48,3,68,0,13,170,2,185,0,30,218,5,253,309,0,309,562
06/12/2021,SGJ,FL,ASO,ES,Federal Contract Tower,0,5,31,0,36,0,36,116,1,153,0,41,147,1,189,180,0,180,369
06/13/2021,SGJ,FL,ASO,ES,Federal Contract Tower,0,9,34,1,44,0,4,46,1,51,0,13,80,2,95,108,0,108,203
06/14/2021,SGJ,FL,ASO,ES,Federal Contract Tower,0,2,24,0,26,0,2,35,0,37,0,4,59,0,63,94,0,94,157
06/15/2021,SGJ,FL,ASO,ES,Federal Contract Tower,0,15,41,6,62,0,0,72,0,72,0,15,113,6,134,152,0,152,286
06/16/2021,SGJ,FL,ASO,ES,Federal Contract Tower,0,14,45,0,59,0,2,124,3,129,0,16,169,3,188,188,8,196,384
06/17/2021,SGJ,FL,ASO,ES,Federal Contract Tower,0,18,57,0,75,0,15,147,2,164,0,33,204,2,239,278,2,280,519
06/18/2021,SGJ,FL,ASO,ES,Federal Contract Tower,0,6,34,3,43,0,16,146,0,162,0,22,180,3,205,222,0,222,427
06/19/2021,SGJ,FL,ASO,ES,Federal Contract Tower,0,10,50,0,60,0,28,156,0,184,0,38,206,0,244,268,0,268,512
06/20/2021,SGJ,FL,ASO,ES,Federal Contract Tower,0,5,22,0,27,0,24,30,0,54,0,29,52,0,81,62,0,62,143
06/21/2021,SGJ,FL,ASO,ES,Federal Contract Tower,0,6,39,0,45,0,2,43,1,46,0,8,82,1,91,158,8,166,257
06/22/2021,SGJ,FL,ASO,ES,Federal Contract Tower,0,2,33,1,36,0,10,42,0,52,0,12,75,1,88,80,4,84,172
06/23/2021,SGJ,FL,ASO,ES,Federal Contract Tower,0,16,53,10,79,0,8,44,4,56,0,24,97,14,135,160,0,160,295
06/24/2021,SGJ,FL,ASO,ES,Federal Contract Tower,0,13,34,0,47,0,9,120,0,129,0,22,154,0,176,242,0,242,418
06/25/2021,SGJ,FL,ASO,ES,Federal Contract Tower,0,7,36,0,43,0,6,62,3,71,0,13,98,3,114,117,4,121,235
06/26/2021,SGJ,FL,ASO,ES,Federal Contract Tower,0,8,27,0,35,0,20,112,0,132,0,28,139,0,167,216,0,216,383
06/27/2021,SGJ,FL,ASO,ES,Federal Contract Tower,0,19,47,4,70,0,24,117,5,146,0,43,164,9,216,180,0,180,396
06/28/2021,SGJ,FL,ASO,ES,Federal Contract Tower,0,10,30,1,41,0,16,78,1,95,0,26,108,2,136,208,10,218,354
06/29/2021,SGJ,FL,ASO,ES,Federal Contract Tower,0,7,12,3,22,0,2,91,1,94,0,9,103,4,116,167,0,167,283
06/30/2021,SGJ,FL,ASO,ES,Federal Contract Tower,0,0,13,0,13,0,1,2,0,3,0,1,15,0,16,2,0,2,18
07/01/2021,SGJ,FL,ASO,ES,Federal Contract Tower,0,4,39,0,43,0,3,50,1,54,0,7,89,1,97,72,0,72,169
07/02/2021,SGJ,FL,ASO,ES,Federal Contract Tower,0,7,41,0,48,0,7,35,2,44,0,14,76,2,92,74,0,74,166
07/03/2021,SGJ,FL,ASO,ES,Federal Contract Tower,0,6,35,0,41,0,24,66,0,90,0,30,101,0,131,118,0,118,249
07/04/2021,SGJ,FL,ASO,ES,Federal Contract Tower,0,5,11,2,18,0,0,7,2,9,0,5,18,4,27,2,0,2,29
07/05/2021,SGJ,FL,ASO,ES,Federal Contract Tower,0,2,50,0,52,0,6,63,2,71,0,8,113,2,123,138,0,138,261
07/06/2021,SGJ,FL,ASO,ES,Federal Contract Tower,0,5,44,0,49,0,11,98,2,111,0,16,142,2,160,192,0,192,352
07/07/2021,SGJ,FL,ASO,ES,Federal Contract Tower,0,1,3,0,4,0,0,0,0,0,0,1,3,0,4,0,0,0,4
07/08/2021,SGJ,FL,ASO,ES,Federal Contract Tower,0,17,50,0,67,0,8,60,2,70,0,25,110,2,137,37,2,39,176
07/09/2021,SGJ,FL,ASO,ES,Federal Contract Tower,0,14,54,1,69,0,8,24,0,32,0,22,78,1,101,94,10,104,205
07/10/2021,SGJ,FL,ASO,ES,Federal Contract Tower,0,1,67,0,68,0,18,148,0,166,0,19,215,0,234,196,0,196,430
07/11/2021,SGJ,FL,ASO,ES,Federal Contract Tower,0,7,49,6,62,0,0,86,1,87,0,7,135,7,149,116,0,116,265
07/12/2021,SGJ,FL,ASO,ES,Federal Contract Tower,0,5,19,2,26,0,0,91,4,95,0,5,110,6,121,144,0,144,265
07/13/2021,SGJ,FL,ASO,ES,Federal Contract Tower,0,15,51,2,68,0,0,136,1,137,0,15,187,3,205,188,2,190,395
07/14/2021,SGJ,FL,ASO,ES,Federal Contract Tower,0,4,52,0,56,0,5,147,8,160,0,9,199,8,216,248,2,250,466
07/15/2021,SGJ,FL,ASO,ES,Federal Contract Tower,0,9,44,0,53,0,2,190,1,193,0,11,234,1,246,340,0,340,586
07/16/2021,SGJ,FL,ASO,ES,Federal Contract Tower,0,8,63,15,86,0,27,171,1,199,0,35,234,16,285,234,0,234,519
07/17/2021,SGJ,FL,ASO,ES,Federal Contract Tower,0,1,27,1,29,0,11,84,0,95,0,12,111,1,124,98,0,98,222
07/18/2021,SGJ,FL,ASO,ES,Federal Contract Tower,0,4,27,2,33,0,9,80,2,91,0,13,107,4,124,156,0,156,280
07/19/2021,SGJ,FL,ASO,ES,Federal Contract Tower,0,10,23,1,34,0,12,60,0,72,0,22,83,1,106,220,0,220,326
07/20/2021,SGJ,FL,ASO,ES,Federal Contract Tower,0,21,34,2,57,0,0,121,1,122,0,21,155,3,179,224,0,224,403
07/21/2021,SGJ,FL,ASO,ES,Federal Contract Tower,0,16,36,3,55,0,6,132,6,144,0,22,168,9,199,294,16,310,509
07/22/2021,SGJ,FL,ASO,ES,Federal Contract Tower,0,13,45,1,59,0,8,159,3,170,0,21,204,4,229,240,2,242,471
07/23/2021,SGJ,FL,ASO,ES,Federal Contract Tower,0,9,37,1,47,0,15,103,0,118,0,24,140,1,165,166,0,166,331
07/24/2021,SGJ,FL,ASO,ES,Federal Contract Tower,0,6,39,2,47,0,21,108,0,129,0,27,147,2,176,134,0,134,310
07/25/2021,SGJ,FL,ASO,ES,Federal Contract Tower,0,6,27,0,33,0,20,43,0,63,0,26,70,0,96,154,0,154,250
07/26/2021,SGJ,FL,ASO,ES,Federal Contract Tower,0,8,31,0,39,0,0,11,0,11,0,8,42,0,50,10,0,10,60
07/27/2021,SGJ,FL,ASO,ES,Federal Contract Tower,0,9,35,6,50,0,8,71,1,80,0,17,106,7,130,152,0,152,282
07/28/2021,SGJ,FL,ASO,ES,Federal Contract Tower,0,6,43,0,49,0,2,105,4,111,0,8,148,4,160,242,2,244,404
07/29/2021,SGJ,FL,ASO,ES,Federal Contract Tower,0,11,49,0,60,0,13,145,3,161,0,24,194,3,221,310,4,314,535
07/30/2021,SGJ,FL,ASO,ES,Federal Contract Tower,0,17,24,0,41,0,2,80,0,82,0,19,104,0,123,182,0,182,305
07/31/2021,SGJ,FL,ASO,ES,Federal Contract Tower,0,8,28,0,36,0,0,130,0,130,0,8,158,0,166,218,0,218,384
08/01/2021,SGJ,FL,ASO,ES,Federal Contract Tower,0,6,30,2,38,0,8,73,0,81,0,14,103,2,119,168,0,168,287
08/02/2021,SGJ,FL,ASO,ES,Federal Contract Tower,0,5,25,0,30,0,4,65,0,69,0,9,90,0,99,280,0,280,379
08/03/2021,SGJ,FL,ASO,ES,Federal Contract Tower,0,16,25,0,41,0,0,29,2,31,0,16,54,2,72,48,16,64,136
08/04/2021,SGJ,FL,ASO,ES,Federal Contract Tower,0,6,48,0,54,0,0,32,0,32,0,6,80,0,86,56,8,64,150
08/05/2021,SGJ,FL,ASO,ES,Federal Contract Tower,0,10,45,1,56,0,0,94,0,94,0,10,139,1,150,284,8,292,442
08/06/2021,SGJ,FL,ASO,ES,Federal Contract Tower,0,8,58,3,69,0,130,5,0,135,0,138,63,3,204,250,14,264,468
08/07/2021,SGJ,FL,ASO,ES,Federal Contract Tower,0,8,14,0,22,0,2,132,0,134,0,10,146,0,156,196,0,196,352
08/08/2021,SGJ,FL,ASO,ES,Federal Contract Tower,0,17,33,0,50,0,4,105,0,109,0,21,138,0,159,162,0,162,321
08/09/2021,SGJ,FL,ASO,ES,Federal Contract Tower,0,17,35,5,57,0,0,87,0,87,0,17,122,5,144,258,0,258,402
08/10/2021,SGJ,FL,ASO,ES,Federal Contract Tower,0,11,42,4,57,0,12,107,16,135,0,23,149,20,192,218,16,234,426
08/11/2021,SGJ,FL,ASO,ES,Federal Contract Tower,0,8,57,1,66,0,0,127,7,134,0,8,184,8,200,266,12,278,478
08/12/2021,SGJ,FL,ASO,ES,Federal Contract Tower,0,3,41,1,45,0,16,128,3,147,0,19,169,4,192,232,2,234,426
08/13/2021,SGJ,FL,ASO,ES,Federal Contract Tower,0,7,36,0,43,0,16,124,0,140,0,23,160,0,183,206,0,206,389
08/14/2021,SGJ,FL,ASO,ES,Federal Contract Tower,0,5,12,0,17,0,0,4,0,4,0,5,16,0,21,18,0,18,39
08/15/2021,SGJ,FL,ASO,ES,Federal Contract Tower,0,10,21,0,31,0,0,41,0,41,0,10,62,0,72,54,0,54,126
08/16/2021,SGJ,FL,ASO,ES,Federal Contract Tower,0,7,11,2,20,0,0,8,0,8,0,7,19,2,28,96,0,96,124
08/17/2021,SGJ,FL,ASO,ES,Federal Contract Tower,0,7,29,0,36,0,8,80,4,92,0,15,109,4,128,178,0,178,306
08/18/2021,SGJ,FL,ASO,ES,Federal Contract Tower,0,7,48,1,56,0,2,179,6,187,0,9,227,7,243,278,2,280,523
08/19/2021,SGJ,FL,ASO,ES,Federal Contract Tower,0,10,58,1,69,0,4,178,6,188,0,14,236,7,257,268,5,273,530
08/20/2021,SGJ,FL,ASO,ES,Federal Contract Tower,0,3,43,0,46,0,18,137,0,155,0,21,180,0,201,202,0,202,403
08/21/2021,SGJ,FL,ASO,ES,Federal Contract Tower,0,0,22,0,22,0,24,121,0,145,0,24,143,0,167,256,0,256,423
08/22/2021,SGJ,FL,ASO,ES,Federal Contract Tower,0,11,36,0,47,0,10,50,1,61,0,21,86,1,108,55,0,55,163
08/23/2021,SGJ,FL,ASO,ES,Federal Contract Tower,0,9,38,0,47,0,3,57,0,60,0,12,95,0,107,156,0,156,263
08/24/2021,SGJ,FL,ASO,ES,Federal Contract Tower,0,3,27,2,32,0,5,80,1,86,0,8,107,3,118,164,2,166,284
08/25/2021,SGJ,FL,ASO,ES,Federal Contract Tower,0,2,61,2,65,0,4,140,8,152,0,6,201,10,217,275,14,289,506
08/26/2021,SGJ,FL,ASO,ES,Federal Contract Tower,0,13,24,1,38,0,0,43,6,49,0,13,67,7,87,74,6,80,167
08/27/2021,SGJ,FL,ASO,ES,Federal Contract Tower,0,10,35,0,45,0,6,35,0,41,0,16,70,0,86,60,0,60,146
08/28/2021,SGJ,FL,ASO,ES,Federal Contract Tower,0,2,24,0,26,0,10,79,0,89,0,12,103,0,115,112,0,112,227
08/29/2021,SGJ,FL,ASO,ES,Federal Contract Tower,0,11,28,0,39,0,2,66,0,68,0,13,94,0,107,118,0,118,225
08/30/2021,SGJ,FL,ASO,ES,Federal Contract Tower,0,4,33,0,37,0,0,84,4,88,0,4,117,4,125,141,0,141,266
08/31/2021,SGJ,FL,ASO,ES,Federal Contract Tower,0,7,43,2,52,0,6,110,7,123,0,13,153,9,175,173,14,187,362
09/01/2021,SGJ,FL,ASO,ES,Federal Contract Tower,0,5,32,0,37,0,0,17,2,19,0,5,49,2,56,20,0,20,76
09/02/2021,SGJ,FL,ASO,ES,Federal Contract Tower,0,5,44,6,55,0,2,45,0,47,0,7,89,6,102,20,0,20,122
09/03/2021,SGJ,FL,ASO,ES,Federal Contract Tower,0,10,50,2,62,0,8,100,0,108,0,18,150,2,170,222,0,222,392
09/04/2021,SGJ,FL,ASO,ES,Federal Contract Tower,0,4,31,3,38,0,32,94,0,126,0,36,125,3,164,150,0,150,314
09/05/2021,SGJ,FL,ASO,ES,Federal Contract Tower,0,4,28,0,32,0,18,77,0,95,0,22,105,0,127,104,0,104,231
09/06/2021,SGJ,FL,ASO,ES,Federal Contract Tower,0,9,53,0,62,0,20,114,2,136,0,29,167,2,198,210,0,210,408
09/07/2021,SGJ,FL,ASO,ES,Federal Contract Tower,0,9,46,2,57,0,6,51,7,64,0,15,97,9,121,110,0,110,231
09/08/2021,SGJ,FL,ASO,ES,Federal Contract Tower,0,10,47,4,61,0,6,77,6,89,0,16,124,10,150,166,0,166,316
09/09/2021,SGJ,FL,ASO,ES,Federal Contract Tower,0,2,35,0,37,0,14,26,0,40,0,16,61,0,77,74,0,74,151
09/10/2021,SGJ,FL,ASO,ES,Federal Contract Tower,0,9,39,2,50,0,2,66,6,74,0,11,105,8,124,118,2,120,244
09/11/2021,SGJ,FL,ASO,ES,Federal Contract Tower,0,3,32,2,37,0,20,106,0,126,0,23,138,2,163,260,0,260,423
09/12/2021,SGJ,FL,ASO,ES,Federal Contract Tower,0,5,20,0,25,0,14,56,0,70,0,19,76,0,95,60,0,60,155
09/13/2021,SGJ,FL,ASO,ES,Federal Contract Tower,0,12,27,1,40,0,6,92,1,99,0,18,119,2,139,122,0,122,261
09/14/2021,SGJ,FL,ASO,ES,Federal Contract Tower,0,5,27,1,33,0,4,72,6,82,0,9,99,7,115,138,4,142,257
09/15/2021,SGJ,FL,ASO,ES,Federal Contract Tower,0,12,40,2,54,0,0,120,5,125,0,12,160,7,179,244,10,254,433
09/16/2021,SGJ,FL,ASO,ES,Federal Contract Tower,0,14,45,2,61,0,10,83,0,93,0,24,128,2,154,170,12,182,336
09/17/2021,SGJ,FL,ASO,ES,Federal Contract Tower,0,3,41,3,47,0,4,84,4,92,0,7,125,7,139,160,4,164,303
09/18/2021,SGJ,FL,ASO,ES,Federal Contract Tower,0,4,19,0,23,0,26,78,0,104,0,30,97,0,127,132,0,132,259
09/19/2021,SGJ,FL,ASO,ES,Federal Contract Tower,0,3,23,0,26,0,4,14,0,18,0,7,37,0,44,2,0,2,46
09/20/2021,SGJ,FL,ASO,ES,Federal Contract Tower,0,5,30,4,39,0,3,36,0,39,0,8,66,4,78,84,0,84,162
09/21/2021,SGJ,FL,ASO,ES,Federal Contract Tower,0,7,40,3,50,0,8,94,1,103,0,15,134,4,153,184,26,210,363
09/22/2021,SGJ,FL,ASO,ES,Federal Contract Tower,0,9,72,5,86,0,2,124,6,132,0,11,196,11,218,226,8,234,452
09/23/2021,SGJ,FL,ASO,ES,Federal Contract Tower,0,15,65,4,84,0,12,139,1,152,0,27,204,5,236,178,10,188,424
09/24/2021,SGJ,FL,ASO,ES,Federal Contract Tower,0,13,66,7,86,0,17,142,9,168,0,30,208,16,254,235,2,237,491
09/25/2021,SGJ,FL,ASO,ES,Federal Contract Tower,0,6,47,0,53,0,22,133,0,155,0,28,180,0,208,160,0,160,368
09/26/2021,SGJ,FL,ASO,ES,Federal Contract Tower,0,11,40,0,51,0,24,103,0,127,0,35,143,0,178,134,0,134,312
09/27/2021,SGJ,FL,ASO,ES,Federal Contract Tower,0,14,29,11,54,0,12,100,14,126,0,26,129,25,180,209,0,209,389
09/28/2021,SGJ,FL,ASO,ES,Federal Contract Tower,0,9,21,8,38,0,4,154,16,174,0,13,175,24,212,176,0,176,388
09/29/2021,SGJ,FL,ASO,ES,Federal Contract Tower,0,8,46,7,61,0,6,178,13,197,0,14,224,20,258,224,6,230,488
09/30/2021,SGJ,FL,ASO,ES,Federal Contract Tower,0,20,41,2,63,0,8,147,0,155,0,28,188,2,218,114,0,114,332
10/01/2021,SGJ,FL,ASO,ES,Federal Contract Tower,0,12,55,3,70,0,2,120,12,134,0,14,175,15,204,255,0,255,459
10/02/2021,SGJ,FL,ASO,ES,Federal Contract Tower,0,5,30,0,35,0,12,109,0,121,0,17,139,0,156,136,0,136,292
10/03/2021,SGJ,FL,ASO,ES,Federal Contract Tower,0,12,64,8,84,0,16,48,2,66,0,28,112,10,150,60,0,60,210
10/04/2021,SGJ,FL,ASO,ES,Federal Contract Tower,0,18,54,2,74,0,13,105,3,121,0,31,159,5,195,246,0,246,441
10/05/2021,SGJ,FL,ASO,ES,Federal Contract Tower,0,9,55,3,67,0,7,107,14,128,0,16,162,17,195,222,0,222,417
10/06/2021,SGJ,FL,ASO,ES,Federal Contract Tower,0,7,36,4,47,0,4,92,15,111,0,11,128,19,158,172,18,190,348
10/07/2021,SGJ,FL,ASO,ES,Federal Contract Tower,0,13,52,2,67,0,4,79,1,84,0,17,131,3,151,192,0,192,343
10/08/2021,SGJ,FL,ASO,ES,Federal Contract Tower,0,2,52,1,55,0,0,48,4,52,0,2,100,5,107,120,0,120,227
10/09/2021,SGJ,FL,ASO,ES,Federal Contract Tower,0,7,47,0,54,0,14,99,0,113,0,21,146,0,167,74,0,74,241
10/10/2021,SGJ,FL,ASO,ES,Federal Contract Tower,0,4,35,0,39,0,8,42,0,50,0,12,77,0,89,46,0,46,135
10/11/2021,SGJ,FL,ASO,ES,Federal Contract Tower,0,9,55,0,64,0,12,97,0,109,0,21,152,0,173,310,0,310,483
10/12/2021,SGJ,FL,ASO,ES,Federal Contract Tower,2,13,33,8,56,0,0,76,2,78,2,13,109,10,134,168,10,178,312
10/13/2021,SGJ,FL,ASO,ES,Federal Contract Tower,0,9,36,4,49,0,3,93,6,102,0,12,129,10,151,158,10,168,319
10/14/2021,SGJ,FL,ASO,ES,Federal Contract Tower,0,11,78,5,94,0,0,128,0,128,0,11,206,5,222,268,0,268,490
10/15/2021,SGJ,FL,ASO,ES,Federal Contract Tower,0,12,63,4,79,0,13,105,3,121,0,25,168,7,200,166,0,166,366
10/16/2021,SGJ,FL,ASO,ES,Federal Contract Tower,0,6,51,1,58,0,23,106,0,129,0,29,157,1,187,192,0,192,379
10/17/2021,SGJ,FL,ASO,ES,Federal Contract Tower,0,10,27,0,37,0,0,79,0,79,0,10,106,0,116,58,0,58,174
10/18/2021,SGJ,FL,ASO,ES,Federal Contract Tower,0,9,30,5,44,0,1,79,0,80,0,10,109,5,124,175,0,175,299
10/19/2021,SGJ,FL,ASO,ES,Federal Contract Tower,0,13,27,5,45,0,8,67,2,77,0,21,94,7,122,78,6,84,206
10/20/2021,SGJ,FL,ASO,ES,Federal Contract Tower,0,4,30,4,38,0,6,152,8,166,0,10,182,12,204,176,12,188,392
10/21/2021,SGJ,FL,ASO,ES,Federal Contract Tower,0,23,32,3,58,0,0,108,0,108,0,23,140,3,166,264,4,268,434
10/22/2021,SGJ,FL,ASO,ES,Federal Contract Tower,0,8,56,0,64,0,10,113,0,123,0,18,169,0,187,252,0,252,439
10/23/2021,SGJ,FL,ASO,ES,Federal Contract Tower,0,2,33,0,35,0,30,111,0,141,0,32,144,0,176,200,0,200,376
10/24/2021,SGJ,FL,ASO,ES,Federal Contract Tower,0,12,48,0,60,0,12,83,0,95,0,24,131,0,155,98,0,98,253
10/25/2021,SGJ,FL,ASO,ES,Federal Contract Tower,0,9,37,2,48,0,14,82,0,96,0,23,119,2,144,302,0,302,446
10/26/2021,SGJ,FL,ASO,ES,Federal Contract Tower,0,6,62,1,69,0,8,156,8,172,0,14,218,9,241,262,0,262,503
10/27/2021,SGJ,FL,ASO,ES,Federal Contract Tower,0,8,60,2,70,0,2,177,4,183,0,10,237,6,253,322,12,334,587
10/28/2021,SGJ,FL,ASO,ES,Federal Contract Tower,0,7,37,1,45,0,0,15,0,15,0,7,52,1,60,24,8,32,92
10/29/2021,SGJ,FL,ASO,ES,Federal Contract Tower,0,12,52,4,68,0,10,116,6,132,0,22,168,10,200,282,0,282,482
10/30/2021,SGJ,FL,ASO,ES,Federal Contract Tower,0,8,32,0,40,0,22,95,0,117,0,30,127,0,157,140,0,140,297
10/31/2021,SGJ,FL,ASO,ES,Federal Contract Tower,0,4,40,0,44,0,8,107,0,115,0,12,147,0,159,138,0,138,297
11/01/2021,SGJ,FL,ASO,ES,Federal Contract Tower,0,16,44,3,63,0,8,107,1,116,0,24,151,4,179,308,0,308,487
11/02/2021,SGJ,FL,ASO,ES,Federal Contract Tower,0,10,65,2,77,0,4,173,5,182,0,14,238,7,259,266,14,280,539
11/03/2021,SGJ,FL,ASO,ES,Federal Contract Tower,0,13,66,0,79,0,6,164,9,179,0,19,230,9,258,182,24,206,464
11/04/2021,SGJ,FL,ASO,ES,Federal Contract Tower,0,8,56,6,70,0,0,55,0,55,0,8,111,6,125,154,18,172,297
11/05/2021,SGJ,FL,ASO,ES,Federal Contract Tower,0,5,19,0,24,0,0,0,0,0,0,5,19,0,24,0,0,0,24
11/06/2021,SGJ,FL,ASO,ES,Federal Contract Tower,0,4,10,1,15,0,0,0,0,0,0,4,10,1,15,0,0,0,15
11/07/2021,SGJ,FL,ASO,ES,Federal Contract Tower,0,9,56,0,65,0,16,49,0,65,0,25,105,0,130,66,0,66,196
11/08/2021,SGJ,FL,ASO,ES,Federal Contract Tower,0,14,51,2,67,0,7,114,8,129,0,21,165,10,196,190,18,208,404
11/09/2021,SGJ,FL,ASO,ES,Federal Contract Tower,0,5,54,0,59,0,8,172,13,193,0,13,226,13,252,322,6,328,580
11/10/2021,SGJ,FL,ASO,ES,Federal Contract Tower,0,6,58,6,70,0,10,180,7,197,0,16,238,13,267,396,8,404,671
11/11/2021,SGJ,FL,ASO,ES,Federal Contract Tower,0,10,69,0,79,0,0,143,0,143,0,10,212,0,222,350,0,350,572
11/12/2021,SGJ,FL,ASO,ES,Federal Contract Tower,0,12,62,4,78,0,6,81,0,87,0,18,143,4,165,180,0,180,345
11/13/2021,SGJ,FL,ASO,ES,Federal Contract Tower,0,8,48,0,56,0,6,45,0,51,0,14,93,0,107,82,0,82,189
11/14/2021,SGJ,FL,ASO,ES,Federal Contract Tower,0,6,61,6,73,0,4,125,1,130,0,10,186,7,203,168,0,168,371
11/15/2021,SGJ,FL,ASO,ES,Federal Contract Tower,0,7,48,4,59,0,14,133,0,147,0,21,181,4,206,176,2,178,384
11/16/2021,SGJ,FL,ASO,ES,Federal Contract Tower,0,1,57,6,64,0,18,186,12,216,0,19,243,18,280,288,18,306,586
11/17/2021,SGJ,FL,ASO,ES,Federal Contract Tower,0,6,57,8,71,0,0,201,0,201,0,6,258,8,272,424,2,426,698
11/18/2021,SGJ,FL,ASO,ES,Federal Contract Tower,0,9,63,7,79,0,0,159,2,161,0,9,222,9,240,412,6,418,658
11/19/2021,SGJ,FL,ASO,ES,Federal Contract Tower,2,4,52,12,70,0,0,49,6,55,2,4,101,18,125,8,6,14,139
11/20/2021,SGJ,FL,ASO,ES,Federal Contract Tower,0,12,50,2,64,0,24,48,2,74,0,36,98,4,138,168,38,206,344
11/21/2021,SGJ,FL,ASO,ES,Federal Contract Tower,0,8,57,0,65,0,16,71,0,87,0,24,128,0,152,246,0,246,398
11/22/2021,SGJ,FL,ASO,ES,Federal Contract Tower,2,11,71,1,85,0,22,92,0,114,2,33,163,1,199,208,0,208,407
11/23/2021,SGJ,FL,ASO,ES,Federal Contract Tower,0,6,63,5,74,0,8,99,7,114,0,14,162,12,188,32,10,42,230
11/24/2021,SGJ,FL,ASO,ES,Federal Contract Tower,0,18,47,4,69,0,4,139,5,148,0,22,186,9,217,56,6,62,279
11/25/2021,SGJ,FL,ASO,ES,Federal Contract Tower,0,2,18,0,20,0,1,65,0,66,0,3,83,0,86,114,0,114,200
11/26/2021,SGJ,FL,ASO,ES,Federal Contract Tower,2,5,47,0,54,0,23,80,0,103,2,28,127,0,157,191,0,191,348
11/27/2021,SGJ,FL,ASO,ES,Federal Contract Tower,0,12,46,0,58,0,26,146,0,172,0,38,192,0,230,320,0,320,550
11/28/2021,SGJ,FL,ASO,ES,Federal Contract Tower,0,22,54,0,76,0,20,142,0,162,0,42,196,0,238,258,2,260,498
11/29/2021,SGJ,FL,ASO,ES,Federal Contract Tower,2,10,71,5,88,0,19,130,0,149,2,29,201,5,237,366,0,366,603
11/30/2021,SGJ,FL,ASO,ES,Federal Contract Tower,0,10,41,1,52,0,4,126,8,138,0,14,167,9,190,226,8,234,424
12/01/2021,SGJ,FL,ASO,ES,Federal Contract Tower,0,11,69,1,81,0,7,167,2,176,0,18,236,3,257,308,2,310,567
12/02/2021,SGJ,FL,ASO,ES,Federal Contract Tower,0,11,49,5,65,0,2,174,7,183,0,13,223,12,248,340,2,342,590
12/03/2021,SGJ,FL,ASO,ES,Federal Contract Tower,1,13,50,4,68,0,22,118,1,141,1,35,168,5,209,316,0,316,525
12/04/2021,SGJ,FL,ASO,ES,Federal Contract Tower,1,4,31,1,37,0,6,79,2,87,1,10,110,3,124,116,0,116,240
12/05/2021,SGJ,FL,ASO,ES,Federal Contract Tower,0,15,32,4,51,0,8,112,0,120,0,23,144,4,171,222,0,222,393
12/06/2021,SGJ,FL,ASO,ES,Federal Contract Tower,1,6,43,1,51,0,10,103,6,119,1,16,146,7,170,368,16,384,554
12/07/2021,SGJ,FL,ASO,ES,Federal Contract Tower,1,4,47,2,54,0,0,74,10,84,1,4,121,12,138,156,20,176,314
12/08/2021,SGJ,FL,ASO,ES,Federal Contract Tower,0,9,34,2,45,0,2,67,4,73,0,11,101,6,118,88,0,88,206
12/09/2021,SGJ,FL,ASO,ES,Federal Contract Tower,0,13,75,5,93,0,0,115,2,117,0,13,190,7,210,358,0,358,568
12/10/2021,SGJ,FL,ASO,ES,Federal Contract Tower,1,5,33,16,55,0,10,169,1,180,1,15,202,17,235,312,4,316,551
12/11/2021,SGJ,FL,ASO,ES,Federal Contract Tower,0,7,33,6,46,0,28,160,0,188,0,35,193,6,234,168,0,168,402
12/12/2021,SGJ,FL,ASO,ES,Federal Contract Tower,0,10,67,1,78,0,8,3,0,11,0,18,70,1,89,0,0,0,89
12/13/2021,SGJ,FL,ASO,ES,Federal Contract Tower,1,10,41,13,65,0,2,40,2,44,1,12,81,15,109,92,0,92,201
12/14/2021,SGJ,FL,ASO,ES,Federal Contract Tower,1,21,45,7,74,0,2,16,0,18,1,23,61,7,92,50,0,50,142
12/15/2021,SGJ,FL,ASO,ES,Federal Contract Tower,0,10,42,4,56,0,0,149,4,153,0,10,191,8,209,304,2,306,515
12/16/2021,SGJ,FL,ASO,ES,Federal Contract Tower,0,13,31,5,49,0,0,126,2,128,0,13,157,7,177,299,0,299,476
12/17/2021,SGJ,FL,ASO,ES,Federal Contract Tower,1,11,31,7,50,0,4,118,1,123,1,15,149,8,173,222,0,222,395
12/18/2021,SGJ,FL,ASO,ES,Federal Contract Tower,1,9,40,2,52,0,18,129,0,147,1,27,169,2,199,200,0,200,399
12/19/2021,SGJ,FL,ASO,ES,Federal Contract Tower,0,13,29,1,43,0,9,13,2,24,0,22,42,3,67,6,0,6,73
12/20/2021,SGJ,FL,ASO,ES,Federal Contract Tower,0,5,27,5,37,0,0,1,0,1,0,5,28,5,38,0,0,0,38
12/21/2021,SGJ,FL,ASO,ES,Federal Contract Tower,1,7,12,0,20,0,0,0,0,0,1,7,12,0,20,0,0,0,20
12/22/2021,SGJ,FL,ASO,ES,Federal Contract Tower,0,6,40,2,48,0,4,156,8,168,0,10,196,10,216,158,6,164,380
12/23/2021,SGJ,FL,ASO,ES,Federal Contract Tower,0,8,58,0,66,0,0,128,0,128,0,8,186,0,194,242,0,242,436
12/24/2021,SGJ,FL,ASO,ES,Federal Contract Tower,2,2,15,0,19,0,0,74,2,76,2,2,89,2,95,158,4,162,257
12/25/2021,SGJ,FL,ASO,ES,Federal Contract Tower,0,1,7,0,8,0,0,32,0,32,0,1,39,0,40,20,0,20,60
12/26/2021,SGJ,FL,ASO,ES,Federal Contract Tower,0,7,51,0,58,0,24,50,2,76,0,31,101,2,134,68,0,68,202
12/27/2021,SGJ,FL,ASO,ES,Federal Contract Tower,1,17,50,0,68,0,23,98,5,126,1,40,148,5,194,246,0,246,440
12/28/2021,SGJ,FL,ASO,ES,Federal Contract Tower,1,13,52,0,66,0,2,174,6,182,1,15,226,6,248,268,4,272,520
12/29/2021,SGJ,FL,ASO,ES,Federal Contract Tower,0,11,55,3,69,0,11,182,4,197,0,22,237,7,266,194,8,202,468
12/30/2021,SGJ,FL,ASO,ES,Federal Contract Tower,0,10,57,0,67,0,2,150,0,152,0,12,207,0,219,216,0,216,435
12/31/2021,SGJ,FL,ASO,ES,Federal Contract Tower,2,2,31,0,35,0,18,33,0,51,2,20,64,0,86,30,0,30,116
01/01/2022,SGJ,FL,ASO,ES,Federal Contract Tower,0,8,31,0,39,0,0,41,0,41,0,8,72,0,80,46,0,46,126
01/02/2022,SGJ,FL,ASO,ES,Federal Contract Tower,0,7,37,0,44,0,26,53,0,79,0,33,90,0,123,26,0,26,149
01/03/2022,SGJ,FL,ASO,ES,Federal Contract Tower,1,1,36,0,38,0,10,53,0,63,1,11,89,0,101,98,0,98,199
01/04/2022,SGJ,FL,ASO,ES,Federal Contract Tower,2,7,34,5,48,0,4,82,0,86,2,11,116,5,134,142,0,142,276
01/05/2022,SGJ,FL,ASO,ES,Federal Contract Tower,0,14,38,7,59,0,0,64,10,74,0,14,102,17,133,122,30,152,285
01/06/2022,SGJ,FL,ASO,ES,Federal Contract Tower,0,9,27,0,36,0,0,126,0,126,0,9,153,0,162,218,0,218,380
01/07/2022,SGJ,FL,ASO,ES,Federal Contract Tower,1,17,37,5,60,0,4,129,0,133,1,21,166,5,193,288,0,288,481
01/08/2022,SGJ,FL,ASO,ES,Federal Contract Tower,1,5,35,0,41,0,18,132,1,151,1,23,167,1,192,268,0,268,460
01/09/2022,SGJ,FL,ASO,ES,Federal Contract Tower,0,12,24,2,38,0,31,78,4,113,0,43,102,6,151,110,0,110,261
01/10/2022,SGJ,FL,ASO,ES,Federal Contract Tower,1,5,23,0,29,0,2,13,0,15,1,7,36,0,44,30,0,30,74
01/11/2022,SGJ,FL,ASO,ES,Federal Contract Tower,1,4,47,3,55,0,3,102,3,108,1,7,149,6,163,90,6,96,259
01/12/2022,SGJ,FL,ASO,ES,Federal Contract Tower,0,11,59,3,73,0,8,128,15,151,0,19,187,18,224,218,38,256,480
01/13/2022,SGJ,FL,ASO,ES,Federal Contract Tower,0,4,49,0,53,0,5,133,18,156,0,9,182,18,209,282,0,282,491
01/14/2022,SGJ,FL,ASO,ES,Federal Contract Tower,2,8,39,3,52,0,9,98,0,107,2,17,137,3,159,127,0,127,286
01/15/2022,SGJ,FL,ASO,ES,Federal Contract Tower,0,8,41,0,49,0,13,116,0,129,0,21,157,0,178,200,0,200,378
01/16/2022,SGJ,FL,ASO,ES,Federal Contract Tower,0,2,12,0,14,0,0,5,0,5,0,2,17,0,19,0,0,0,19
01/17/2022,SGJ,FL,ASO,ES,Federal Contract Tower,1,1,36,0,38,0,12,74,8,94,1,13,110,8,132,132,0,132,264
01/18/2022,SGJ,FL,ASO,ES,Federal Contract Tower,1,7,36,5,49,0,4,147,10,161,1,11,183,15,210,210,0,210,420
01/19/2022,SGJ,FL,ASO,ES,Federal Contract Tower,0,11,58,4,73,0,0,170,4,174,0,11,228,8,247,210,6,216,463
01/20/2022,SGJ,FL,ASO,ES,Federal Contract Tower,0,4,30,0,34,0,5,159,6,170,0,9,189,6,204,223,4,227,431
01/21/2022,SGJ,FL,ASO,ES,Federal Contract Tower,0,14,55,0,69,0,0,0,0,0,0,14,55,0,69,0,0,0,69
01/22/2022,SGJ,FL,ASO,ES,Federal Contract Tower,0,4,11,0,15,0,0,0,0,0,0,4,11,0,15,0,0,0,15
01/23/2022,SGJ,FL,ASO,ES,Federal Contract Tower,0,18,37,3,58,0,24,79,4,107,0,42,116,7,165,78,6,84,249
01/24/2022,SGJ,FL,ASO,ES,Federal Contract Tower,2,19,29,4,54,0,2,145,4,151,2,21,174,8,205,300,4,304,509
01/25/2022,SGJ,FL,ASO,ES,Federal Contract Tower,1,11,25,3,40,0,4,82,4,90,1,15,107,7,130,273,6,279,409
01/26/2022,SGJ,FL,ASO,ES,Federal Contract Tower,0,7,63,5,75,0,2,114,0,116,0,9,177,5,191,298,0,298,489
01/27/2022,SGJ,FL,ASO,ES,Federal Contract Tower,0,9,46,12,67,0,0,0,0,0,0,9,46,12,67,0,0,0,67
01/28/2022,SGJ,FL,ASO,ES,Federal Contract Tower,0,15,38,4,57,0,3,69,0,72,0,18,107,4,129,198,0,198,327
01/29/2022,SGJ,FL,ASO,ES,Federal Contract Tower,0,5,21,0,26,0,12,52,0,64,0,17,73,0,90,60,2,62,152
01/30/2022,SGJ,FL,ASO,ES,Federal Contract Tower,0,2,37,0,39,0,14,148,0,162,0,16,185,0,201,110,0,110,311
01/31/2022,SGJ,FL,ASO,ES,Federal Contract Tower,1,11,18,2,32,0,10,128,1,139,1,21,146,3,171,154,0,154,325
02/01/2022,SGJ,FL,ASO,ES,Federal Contract Tower,1,8,31,5,45,0,8,152,8,168,1,16,183,13,213,224,18,242,455
02/02/2022,SGJ,FL,ASO,ES,Federal Contract Tower,0,6,44,3,53,0,0,104,0,104,0,6,148,3,157,302,4,306,463
02/03/2022,SGJ,FL,ASO,ES,Federal Contract Tower,0,10,23,9,42,0,2,99,7,108,0,12,122,16,150,218,0,218,368
02/04/2022,SGJ,FL,ASO,ES,Federal Contract Tower,0,9,47,4,60,0,6,99,1,106,0,15,146,5,166,164,0,164,330
02/05/2022,SGJ,FL,ASO,ES,Federal Contract Tower,0,5,31,15,51,0,10,20,0,30,0,15,51,15,81,20,0,20,101
02/06/2022,SGJ,FL,ASO,ES,Federal Contract Tower,0,4,31,1,36,0,0,0,0,0,0,4,31,1,36,0,0,0,36
02/07/2022,SGJ,FL,ASO,ES,Federal Contract Tower,1,8,24,2,35,0,4,1,0,5,1,12,25,2,40,0,0,0,40
02/08/2022,SGJ,FL,ASO,ES,Federal Contract Tower,1,9,23,4,37,0,0,13,2,15,1,9,36,6,52,8,2,10,62
02/09/2022,SGJ,FL,ASO,ES,Federal Contract Tower,0,8,56,4,68,0,2,124,2,128,0,10,180,6,196,190,6,196,392
02/10/2022,SGJ,FL,ASO,ES,Federal Contract Tower,0,9,57,0,66,0,0,155,4,159,0,9,212,4,225,300,0,300,525
02/11/2022,SGJ,FL,ASO,ES,Federal Contract Tower,1,10,45,10,66,0,14,168,1,183,1,24,213,11,249,198,0,198,447
02/12/2022,SGJ,FL,ASO,ES,Federal Contract Tower,1,8,44,1,54,0,18,143,0,161,1,26,187,1,215,184,0,184,399
02/13/2022,SGJ,FL,ASO,ES,Federal Contract Tower,0,1,47,1,49,0,26,42,2,70,0,27,89,3,119,104,0,104,223
02/14/2022,SGJ,FL,ASO,ES,Federal Contract Tower,1,11,45,4,61,0,17,73,4,94,1,28,118,8,155,90,0,90,245
02/15/2022,SGJ,FL,ASO,ES,Federal Contract Tower,1,11,46,4,62,0,0,123,8,131,1,11,169,12,193,164,4,168,361
02/16/2022,SGJ,FL,ASO,ES,Federal Contract Tower,0,12,41,0,53,0,5,150,2,157,0,17,191,2,210,224,6,230,440
02/17/2022,SGJ,FL,ASO,ES,Federal Contract Tower,0,14,61,4,79,0,1,89,3,93,0,15,150,7,172,194,0,194,366
02/18/2022,SGJ,FL,ASO,ES,Federal Contract Tower,1,7,49,2,59,0,0,20,0,20,1,7,69,2,79,32,0,32,111
02/19/2022,SGJ,FL,ASO,ES,Federal Contract Tower,1,6,46,4,57,0,1,167,0,168,1,7,213,4,225,262,0,262,487
02/20/2022,SGJ,FL,ASO,ES,Federal Contract Tower,0,11,44,1,56,0,2,111,0,113,0,13,155,1,169,148,0,148,317
02/21/2022,SGJ,FL,ASO,ES,Federal Contract Tower,1,16,54,0,71,0,2,137,0,139,1,18,191,0,210,260,0,260,470
02/22/2022,SGJ,FL,ASO,ES,Federal Contract Tower,1,19,46,7,73,0,1,127,5,133,1,20,173,12,206,188,8,196,402
02/23/2022,SGJ,FL,ASO,ES,Federal Contract Tower,0,16,46,6,68,0,0,105,7,112,0,16,151,13,180,130,8,138,318
02/24/2022,SGJ,FL,ASO,ES,Federal Contract Tower,0,17,60,3,80,0,99,8,0,107,0,116,68,3,187,124,8,132,319
02/25/2022,SGJ,FL,ASO,ES,Federal Contract Tower,1,16,58,17,92,0,2,101,5,108,1,18,159,22,200,158,12,170,370
02/26/2022,SGJ,FL,ASO,ES,Federal Contract Tower,1,10,32,4,47,0,8,126,0,134,1,18,158,4,181,124,0,124,305
02/27/2022,SGJ,FL,ASO,ES,Federal Contract Tower,0,17,49,3,69,0,16,76,10,102,0,33,125,13,171,104,0,104,275
02/28/2022,SGJ,FL,ASO,ES,Federal Contract Tower,1,10,28,1,40,0,0,0,0,0,1,10,28,1,40,0,0,0,40
03/01/2022,SGJ,FL,ASO,ES,Federal Contract Tower,1,8,40,5,54,0,6,105,8,119,1,14,145,13,173,184,4,188,361
03/02/2022,SGJ,FL,ASO,ES,Federal Contract Tower,0,6,43,2,51,0,4,159,8,171,0,10,202,10,222,224,8,232,454
03/03/2022,SGJ,FL,ASO,ES,Federal Contract Tower,0,22,39,2,63,0,2,137,4,143,0,24,176,6,206,246,12,258,464
03/04/2022,SGJ,FL,ASO,ES,Federal Contract Tower,1,17,27,0,45,0,2,90,0,92,1,19,117,0,137,114,0,114,251
03/05/2022,SGJ,FL,ASO,ES,Federal Contract Tower,1,12,49,2,64,0,20,95,0,115,1,32,144,2,179,170,0,170,349
03/06/2022,SGJ,FL,ASO,ES,Federal Contract Tower,0,17,34,0,51,0,18,96,2,116,0,35,130,2,167,124,0,124,291
03/07/2022,SGJ,FL,ASO,ES,Federal Contract Tower,3,25,41,2,71,0,6,81,2,89,3,31,122,4,160,146,6,152,312
03/08/2022,SGJ,FL,ASO,ES,Federal Contract Tower,1,26,53,3,83,0,8,71,4,83,1,34,124,7,166,152,12,164,330
03/09/2022,SGJ,FL,ASO,ES,Federal Contract Tower,0,33,78,2,113,0,4,34,1,39,0,37,112,3,152,32,0,32,184
03/10/2022,SGJ,FL,ASO,ES,Federal Contract Tower,0,27,53,0,80,0,0,9,0,9,0,27,62,0,89,28,0,28,117
03/11/2022,SGJ,FL,ASO,ES,Federal Contract Tower,1,14,32,0,47,0,0,2,1,3,1,14,34,1,50,0,0,0,50
03/12/2022,SGJ,FL,ASO,ES,Federal Contract Tower,1,13,30,0,44,0,0,1,0,1,1,13,31,0,45,20,0,20,65
03/13/2022,SGJ,FL,ASO,ES,Federal Contract Tower,0,31,48,4,83,0,21,128,6,155,0,52,176,10,238,150,0,150,388
03/14/2022,SGJ,FL,ASO,ES,Federal Contract Tower,2,18,48,2,70,0,16,118,4,138,2,34,166,6,208,306,0,306,514
03/15/2022,SGJ,FL,ASO,ES,Federal Contract Tower,1,20,38,5,64,0,6,84,4,94,1,26,122,9,158,144,0,144,302
03/16/2022,SGJ,FL,ASO,ES,Federal Contract Tower,0,14,46,3,63,0,0,80,8,88,0,14,126,11,151,120,2,122,273
03/17/2022,SGJ,FL,ASO,ES,Federal Contract Tower,0,14,64,5,83,0,0,193,0,193,0,14,257,5,276,342,0,342,618
03/18/2022,SGJ,FL,ASO,ES,Federal Contract Tower,1,16,63,3,83,0,9,113,0,122,1,25,176,3,205,214,0,214,419
03/19/2022,SGJ,FL,ASO,ES,Federal Contract Tower,1,18,50,0,69,0,16,135,0,151,1,34,185,0,220,210,0,210,430
03/20/2022,SGJ,FL,ASO,ES,Federal Contract Tower,0,20,35,0,55,0,16,94,0,110,0,36,129,0,165,112,0,112,277
03/21/2022,SGJ,FL,ASO,ES,Federal Contract Tower,1,13,38,0,52,0,29,136,6,171,1,42,174,6,223,214,0,214,437
03/22/2022,SGJ,FL,ASO,ES,Federal Contract Tower,1,11,49,4,65,0,4,148,6,158,1,15,197,10,223,212,10,222,445
03/23/2022,SGJ,FL,ASO,ES,Federal Contract Tower,0,11,46,2,59,0,0,42,2,44,0,11,88,4,103,56,6,62,165
03/24/2022,SGJ,FL,ASO,ES,Federal Contract Tower,0,11,36,0,47,0,0,0,0,0,0,11,36,0,47,0,0,0,47
03/25/2022,SGJ,FL,ASO,ES,Federal Contract Tower,2,21,41,15,79,0,18,175,0,193,2,39,216,15,272,214,0,214,486
03/26/2022,SGJ,FL,ASO,ES,Federal Contract Tower,3,17,42,0,62,0,17,138,0,155,3,34,180,0,217,200,0,200,417
03/27/2022,SGJ,FL,ASO,ES,Federal Contract Tower,1,18,39,5,63,0,26,130,0,156,1,44,169,5,219,128,0,128,347
03/28/2022,SGJ,FL,ASO,ES,Federal Contract Tower,1,12,57,3,73,0,28,151,0,179,1,40,208,3,252,276,0,276,528
03/29/2022,SGJ,FL,ASO,ES,Federal Contract Tower,0,7,58,2,67,0,0,197,13,210,0,7,255,15,277,296,0,296,573
03/30/2022,SGJ,FL,ASO,ES,Federal Contract Tower,0,9,66,15,90,0,0,131,7,138,0,9,197,22,228,148,6,154,382
03/31/2022,SGJ,FL,ASO,ES,Federal Contract Tower,0,7,36,2,45,0,0,33,0,33,0,7,69,2,78,24,0,24,102
04/01/2022,SGJ,FL,ASO,ES,Federal Contract Tower,0,5,77,4,86,0,2,143,0,145,0,7,220,4,231,336,0,336,567
04/02/2022,SGJ,FL,ASO,ES,Federal Contract Tower,0,3,41,0,44,0,2,10,0,12,0,5,51,0,56,10,0,10,66
04/03/2022,SGJ,FL,ASO,ES,Federal Contract Tower,2,5,50,3,60,0,20,132,0,152,2,25,182,3,212,126,0,126,338
04/04/2022,SGJ,FL,ASO,ES,Federal Contract Tower,1,15,49,2,67,0,16,158,0,174,1,31,207,2,241,260,0,260,501
04/05/2022,SGJ,FL,ASO,ES,Federal Contract Tower,1,11,20,2,34,0,4,65,0,69,1,15,85,2,103,134,0,134,237
04/06/2022,SGJ,FL,ASO,ES,Federal Contract Tower,0,9,41,5,55,0,0,45,7,52,0,9,86,12,107,74,34,108,215
04/07/2022,SGJ,FL,ASO,ES,Federal Contract Tower,1,13,41,0,55,0,0,34,0,34,1,13,75,0,89,12,0,12,101
04/08/2022,SGJ,FL,ASO,ES,Federal Contract Tower,1,10,47,2,60,0,10,139,6,155,1,20,186,8,215,202,0,202,417
04/09/2022,SGJ,FL,ASO,ES,Federal Contract Tower,3,18,28,0,49,0,12,77,0,89,3,30,105,0,138,98,0,98,236
04/10/2022,SGJ,FL,ASO,ES,Federal Contract Tower,1,21,52,2,76,0,24,136,6,166,1,45,188,8,242,296,0,296,538
04/11/2022,SGJ,FL,ASO,ES,Federal Contract Tower,1,14,43,1,59,0,14,120,6,140,1,28,163,7,199,296,0,296,495
04/12/2022,SGJ,FL,ASO,ES,Federal Contract Tower,1,10,28,2,41,0,8,132,6,146,1,18,160,8,187,250,2,252,439
04/13/2022,SGJ,FL,ASO,ES,Federal Contract Tower,0,16,45,2,63,0,1,156,7,164,0,17,201,9,227,328,8,336,563
04/14/2022,SGJ,FL,ASO,ES,Federal Contract Tower,0,26,65,7,98,0,6,103,4,113,0,32,168,11,211,208,10,218,429
04/15/2022,SGJ,FL,ASO,ES,Federal Contract Tower,2,4,47,0,53,0,13,103,1,117,2,17,150,1,170,236,0,236,406
04/16/2022,SGJ,FL,ASO,ES,Federal Contract Tower,2,10,35,0,47,0,26,124,0,150,2,36,159,0,197,242,0,242,439
04/17/2022,SGJ,FL,ASO,ES,Federal Contract Tower,1,12,23,0,36,0,8,44,1,53,1,20,67,1,89,90,0,90,179
04/18/2022,SGJ,FL,ASO,ES,Federal Contract Tower,1,27,56,0,84,0,8,110,2,120,1,35,166,2,204,300,0,300,504
04/19/2022,SGJ,FL,ASO,ES,Federal Contract Tower,1,16,58,6,81,0,4,144,10,158,1,20,202,16,239,258,0,258,497
04/20/2022,SGJ,FL,ASO,ES,Federal Contract Tower,0,8,62,2,72,0,3,103,7,113,0,11,165,9,185,178,6,184,369
04/21/2022,SGJ,FL,ASO,ES,Federal Contract Tower,1,16,66,3,86,0,0,127,9,136,1,16,193,12,222,180,40,220,442
04/22/2022,SGJ,FL,ASO,ES,Federal Contract Tower,1,13,40,0,54,0,0,100,0,100,1,13,140,0,154,144,0,144,298
04/23/2022,SGJ,FL,ASO,ES,Federal Contract Tower,0,8,28,0,36,0,0,131,0,131,0,8,159,0,167,254,0,254,421
04/24/2022,SGJ,FL,ASO,ES,Federal Contract Tower,1,17,36,0,54,0,2,123,4,129,1,19,159,4,183,124,0,124,307
04/25/2022,SGJ,FL,ASO,ES,Federal Contract Tower,1,22,35,1,59,0,8,137,8,153,1,30,172,9,212,282,0,282,494
04/26/2022,SGJ,FL,ASO,ES,Federal Contract Tower,1,16,62,2,81,0,2,176,9,187,1,18,238,11,268,316,6,322,590
04/27/2022,SGJ,FL,ASO,ES,Federal Contract Tower,0,20,49,3,72,0,0,123,6,129,0,20,172,9,201,196,10,206,407
04/28/2022,SGJ,FL,ASO,ES,Federal Contract Tower,0,24,62,0,86,0,0,98,6,104,0,24,160,6,190,18,34,52,242
04/29/2022,SGJ,FL,ASO,ES,Federal Contract Tower,0,8,36,0,44,0,0,106,0,106,0,8,142,0,150,224,0,224,374
04/30/2022,SGJ,FL,ASO,ES,Federal Contract Tower,0,15,47,0,62,0,4,96,0,100,0,19,143,0,162,106,0,106,268
05/01/2022,SGJ,FL,ASO,ES,Federal Contract Tower,0,32,54,9,95,0,0,99,0,99,0,32,153,9,194,124,0,124,318
05/02/2022,SGJ,FL,ASO,ES,Federal Contract Tower,1,18,42,3,64,0,0,102,2,104,1,18,144,5,168,230,0,230,398
05/03/2022,SGJ,FL,ASO,ES,Federal Contract Tower,1,25,49,0,75,0,0,126,10,136,1,25,175,10,211,286,6,292,503
05/04/2022,SGJ,FL,ASO,ES,Federal Contract Tower,0,23,42,4,69,0,6,170,5,181,0,29,212,9,250,278,0,278,528
05/05/2022,SGJ,FL,ASO,ES,Federal Contract Tower,0,9,71,0,80,0,8,172,6,186,0,17,243,6,266,206,4,210,476
05/06/2022,SGJ,FL,ASO,ES,Federal Contract Tower,0,12,44,3,59,0,10,100,0,110,0,22,144,3,169,100,0,100,269
05/07/2022,SGJ,FL,ASO,ES,Federal Contract Tower,11,32,1,0,44,0,8,25,0,33,11,40,26,0,77,42,0,42,119
05/08/2022,SGJ,FL,ASO,ES,Federal Contract Tower,1,13,39,0,53,0,32,100,6,138,1,45,139,6,191,102,0,102,293
05/09/2022,SGJ,FL,ASO,ES,Federal Contract Tower,2,8,25,3,38,0,16,65,4,85,2,24,90,7,123,120,14,134,257
05/10/2022,SGJ,FL,ASO,ES,Federal Contract Tower,2,15,24,2,43,0,4,106,3,113,2,19,130,5,156,90,0,90,246
05/11/2022,SGJ,FL,ASO,ES,Federal Contract Tower,0,17,46,4,67,0,2,96,5,103,0,19,142,9,170,80,6,86,256
05/12/2022,SGJ,FL,ASO,ES,Federal Contract Tower,2,12,40,2,56,0,0,118,9,127,2,12,158,11,183,204,10,214,397
05/13/2022,SGJ,FL,ASO,ES,Federal Contract Tower,2,18,36,3,59,0,4,78,2,84,2,22,114,5,143,238,0,238,381
05/14/2022,SGJ,FL,ASO,ES,Federal Contract Tower,0,10,29,2,41,0,18,158,2,178,0,28,187,4,219,188,0,188,407
05/15/2022,SGJ,FL,ASO,ES,Federal Contract Tower,0,18,22,0,40,0,7,82,0,89,0,25,104,0,129,78,0,78,207
05/16/2022,SGJ,FL,ASO,ES,Federal Contract Tower,2,15,44,0,61,0,18,131,1,150,2,33,175,1,211,150,0,150,361
05/17/2022,SGJ,FL,ASO,ES,Federal Contract Tower,2,7,52,3,64,0,7,133,10,150,2,14,185,13,214,138,6,144,358
05/18/2022,SGJ,FL,ASO,ES,Federal Contract Tower,0,17,41,0,58,0,0,114,0,114,0,17,155,0,172,186,0,186,358
05/19/2022,SGJ,FL,ASO,ES,Federal Contract Tower,1,15,57,3,76,0,0,154,3,157,1,15,211,6,233,340,0,340,573
05/20/2022,SGJ,FL,ASO,ES,Federal Contract Tower,1,16,39,1,57,0,0,94,0,94,1,16,133,1,151,208,0,208,359
05/21/2022,SGJ,FL,ASO,ES,Federal Contract Tower,0,7,33,3,43,0,10,71,0,81,0,17,104,3,124,120,2,122,246
05/22/2022,SGJ,FL,ASO,ES,Federal Contract Tower,2,13,38,0,53,0,2,27,0,29,2,15,65,0,82,0,0,0,82
05/23/2022,SGJ,FL,ASO,ES,Federal Contract Tower,1,22,46,3,72,0,18,76,0,94,1,40,122,3,166,194,0,194,360
05/24/2022,SGJ,FL,ASO,ES,Federal Contract Tower,2,29,47,3,81,0,8,102,1,111,2,37,149,4,192,148,0,148,340
05/25/2022,SGJ,FL,ASO,ES,Federal Contract Tower,0,9,51,5,65,0,1,151,0,152,0,10,202,5,217,328,0,328,545
05/26/2022,SGJ,FL,ASO,ES,Federal Contract Tower,1,12,55,1,69,0,2,121,4,127,1,14,176,5,196,252,0,252,448
05/27/2022,SGJ,FL,ASO,ES,Federal Contract Tower,3,10,46,0,59,0,10,82,0,92,3,20,128,0,151,168,0,168,319
05/28/2022,SGJ,FL,ASO,ES,Federal Contract Tower,1,14,33,0,48,0,20,113,0,133,1,34,146,0,181,269,0,269,450
05/29/2022,SGJ,FL,ASO,ES,Federal Contract Tower,1,9,25,0,35,0,27,93,2,122,1,36,118,2,157,146,0,146,303
05/30/2022,SGJ,FL,ASO,ES,Federal Contract Tower,1,15,42,1,59,0,14,81,0,95,1,29,123,1,154,162,0,162,316
05/31/2022,SGJ,FL,ASO,ES,Federal Contract Tower,1,19,28,4,52,0,0,69,4,73,1,19,97,8,125,234,0,234,359
06/01/2022,SGJ,FL,ASO,ES,Federal Contract Tower,0,14,47,1,62,0,0,139,10,149,0,14,186,11,211,278,0,278,489
06/02/2022,SGJ,FL,ASO,ES,Federal Contract Tower,1,18,42,5,66,0,0,127,9,136,1,18,169,14,202,254,0,254,456
06/03/2022,SGJ,FL,ASO,ES,Federal Contract Tower,1,18,47,11,77,0,8,139,0,147,1,26,186,11,224,262,0,262,486
06/04/2022,SGJ,FL,ASO,ES,Federal Contract Tower,1,11,20,0,32,0,14,52,0,66,1,25,72,0,98,118,0,118,216
06/05/2022,SGJ,FL,ASO,ES,Federal Contract Tower,1,10,36,0,47,0,3,60,1,64,1,13,96,1,111,104,0,104,215
06/06/2022,SGJ,FL,ASO,ES,Federal Contract Tower,1,11,22,5,39,0,8,43,1,52,1,19,65,6,91,118,2,120,211
06/07/2022,SGJ,FL,ASO,ES,Federal Contract Tower,0,19,38,6,63,0,12,167,8,187,0,31,205,14,250,324,4,328,578
06/08/2022,SGJ,FL,ASO,ES,Federal Contract Tower,0,7,39,6,52,0,1,120,14,135,0,8,159,20,187,200,24,224,411
06/09/2022,SGJ,FL,ASO,ES,Federal Contract Tower,0,9,44,4,57,0,0,115,7,122,0,9,159,11,179,280,0,280,459
06/10/2022,SGJ,FL,ASO,ES,Federal Contract Tower,0,9,43,2,54,0,16,95,2,113,0,25,138,4,167,218,0,218,385
06/11/2022,SGJ,FL,ASO,ES,Federal Contract Tower,0,12,26,3,41,0,14,10,0,24,0,26,36,3,65,28,0,28,93
06/12/2022,SGJ,FL,ASO,ES,Federal Contract Tower,0,15,27,0,42,0,18,75,0,93,0,33,102,0,135,92,0,92,227
06/13/2022,SGJ,FL,ASO,ES,Federal Contract Tower,0,6,35,0,41,0,14,108,8,130,0,20,143,8,171,210,0,210,381
06/14/2022,SGJ,FL,ASO,ES,Federal Contract Tower,1,18,43,5,67,0,2,130,3,135,1,20,173,8,202,236,0,236,438
06/15/2022,SGJ,FL,ASO,ES,Federal Contract Tower,0,11,55,7,73,0,4,165,2,171,0,15,220,9,244,304,0,304,548
06/16/2022,SGJ,FL,ASO,ES,Federal Contract Tower,0,11,45,1,57,0,0,119,6,125,0,11,164,7,182,264,8,272,454
06/17/2022,SGJ,FL,ASO,ES,Federal Contract Tower,0,19,32,5,56,0,14,136,2,152,0,33,168,7,208,290,0,290,498
06/18/2022,SGJ,FL,ASO,ES,Federal Contract Tower,0,9,20,0,29,0,10,41,0,51,0,19,61,0,80,64,0,64,144
06/19/2022,SGJ,FL,ASO,ES,Federal Contract Tower,0,14,23,0,37,0,22,106,0,128,0,36,129,0,165,52,0,52,217
06/20/2022,SGJ,FL,ASO,ES,Federal Contract Tower,0,14,30,1,45,0,24,93,6,123,0,38,123,7,168,178,0,178,346
06/21/2022,SGJ,FL,ASO,ES,Federal Contract Tower,0,15,15,2,32,0,2,128,7,137,0,17,143,9,169,262,2,264,433
06/22/2022,SGJ,FL,ASO,ES,Federal Contract Tower,0,6,41,3,50,0,3,127,4,134,0,9,168,7,184,256,0,256,440
06/23/2022,SGJ,FL,ASO,ES,Federal Contract Tower,0,15,50,0,65,0,0,127,2,129,0,15,177,2,194,172,0,172,366
06/24/2022,SGJ,FL,ASO,ES,Federal Contract Tower,0,14,55,1,70,0,12,68,0,80,0,26,123,1,150,67,0,67,217
06/25/2022,SGJ,FL,ASO,ES,Federal Contract Tower,1,7,39,0,47,0,16,127,0,143,1,23,166,0,190,270,0,270,460
06/26/2022,SGJ,FL,ASO,ES,Federal Contract Tower,1,18,23,0,42,0,18,96,0,114,1,36,119,0,156,128,0,128,284
06/27/2022,SGJ,FL,ASO,ES,Federal Contract Tower,0,16,32,0,48,0,6,43,6,55,0,22,75,6,103,106,0,106,209
06/28/2022,SGJ,FL,ASO,ES,Federal Contract Tower,0,12,18,0,30,0,8,125,6,139,0,20,143,6,169,254,8,262,431
06/29/2022,SGJ,FL,ASO,ES,Federal Contract Tower,0,20,34,6,60,0,1,175,8,184,0,21,209,14,244,324,0,324,568
06/30/2022,SGJ,FL,ASO,ES,Federal Contract Tower,0,11,56,2,69,0,3,101,4,108,0,14,157,6,177,218,0,218,395
07/01/2022,SGJ,FL,ASO,ES,Federal Contract Tower,0,11,33,1,45,0,4,70,2,76,0,15,103,3,121,114,0,114,235
07/02/2022,SGJ,FL,ASO,ES,Federal Contract Tower,0,17,43,0,60,0,10,80,0,90,0,27,123,0,150,92,0,92,242
07/03/2022,SGJ,FL,ASO,ES,Federal Contract Tower,0,3,12,0,15,0,6,41,0,47,0,9,53,0,62,80,0,80,142
07/04/2022,SGJ,FL,ASO,ES,Federal Contract Tower,0,9,20,0,29,0,28,56,2,86,0,37,76,2,115,108,0,108,223
07/05/2022,SGJ,FL,ASO,ES,Federal Contract Tower,0,7,46,2,55,0,0,120,2,122,0,7,166,4,177,194,0,194,371
07/06/2022,SGJ,FL,ASO,ES,Federal Contract Tower,0,17,65,5,87,0,6,142,6,154,0,23,207,11,241,312,0,312,553
07/07/2022,SGJ,FL,ASO,ES,Federal Contract Tower,0,5,52,1,58,0,0,100,0,100,0,5,152,1,158,290,0,290,448
07/08/2022,SGJ,FL,ASO,ES,Federal Contract Tower,0,6,38,0,44,0,13,109,0,122,0,19,147,0,166,230,0,230,396
07/09/2022,SGJ,FL,ASO,ES,Federal Contract Tower,0,3,23,3,29,0,17,60,0,77,0,20,83,3,106,74,0,74,180
07/10/2022,SGJ,FL,ASO,ES,Federal Contract Tower,0,17,28,0,45,0,8,79,0,87,0,25,107,0,132,56,0,56,188
07/11/2022,SGJ,FL,ASO,ES,Federal Contract Tower,0,9,27,0,36,0,4,26,0,30,0,13,53,0,66,136,0,136,202
07/12/2022,SGJ,FL,ASO,ES,Federal Contract Tower,0,9,39,1,49,0,0,101,0,101,0,9,140,1,150,172,2,174,324
07/13/2022,SGJ,FL,ASO,ES,Federal Contract Tower,0,13,30,2,45,0,5,143,4,152,0,18,173,6,197,338,8,346,543
07/14/2022,SGJ,FL,ASO,ES,Federal Contract Tower,0,7,39,2,48,0,2,117,0,119,0,9,156,2,167,340,24,364,531
07/15/2022,SGJ,FL,ASO,ES,Federal Contract Tower,0,8,33,0,41,0,14,118,2,134,0,22,151,2,175,302,0,302,477
07/16/2022,SGJ,FL,ASO,ES,Federal Contract Tower,0,7,23,0,30,0,10,56,0,66,0,17,79,0,96,46,0,46,142
07/17/2022,SGJ,FL,ASO,ES,Federal Contract Tower,0,11,30,0,41,0,22,64,0,86,0,33,94,0,127,172,0,172,299
07/18/2022,SGJ,FL,ASO,ES,Federal Contract Tower,0,4,22,0,26,0,0,40,0,40,0,4,62,0,66,120,0,120,186
07/19/2022,SGJ,FL,ASO,ES,Federal Contract Tower,0,14,20,1,35,0,0,68,6,74,0,14,88,7,109,210,12,222,331
07/20/2022,SGJ,FL,ASO,ES,Federal Contract Tower,0,11,38,3,52,0,0,43,2,45,0,11,81,5,97,106,0,106,203
07/21/2022,SGJ,FL,ASO,ES,Federal Contract Tower,0,11,35,2,48,0,6,134,5,145,0,17,169,7,193,330,0,330,523
07/22/2022,SGJ,FL,ASO,ES,Federal Contract Tower,0,12,30,6,48,0,18,125,0,143,0,30,155,6,191,294,0,294,485
07/23/2022,SGJ,FL,ASO,ES,Federal Contract Tower,0,7,38,2,47,0,15,73,0,88,0,22,111,2,135,104,0,104,239
07/24/2022,SGJ,FL,ASO,ES,Federal Contract Tower,0,9,35,2,46,0,15,80,0,95,0,24,115,2,141,200,0,200,341
07/25/2022,SGJ,FL,ASO,ES,Federal Contract Tower,0,11,37,1,49,0,12,120,10,142,0,23,157,11,191,326,0,326,517
07/26/2022,SGJ,FL,ASO,ES,Federal Contract Tower,0,7,29,7,43,0,2,112,11,125,0,9,141,18,168,254,6,260,428
07/27/2022,SGJ,FL,ASO,ES,Federal Contract Tower,0,22,28,1,51,0,4,109,10,123,0,26,137,11,174,236,36,272,446
07/28/2022,SGJ,FL,ASO,ES,Federal Contract Tower,0,14,37,0,51,0,2,133,0,135,0,16,170,0,186,298,0,298,484
07/29/2022,SGJ,FL,ASO,ES,Federal Contract Tower,0,11,43,1,55,0,18,145,3,166,0,29,188,4,221,232,0,232,453
07/30/2022,SGJ,FL,ASO,ES,Federal Contract Tower,0,11,32,1,44,0,22,143,1,166,0,33,175,2,210,212,0,212,422
07/31/2022,SGJ,FL,ASO,ES,Federal Contract Tower,0,10,28,0,38,0,24,129,0,153,0,34,157,0,191,216,0,216,407
08/01/2022,SGJ,FL,ASO,ES,Federal Contract Tower,0,16,39,2,57,0,14,105,8,127,0,30,144,10,184,162,6,168,352
08/02/2022,SGJ,FL,ASO,ES,Federal Contract Tower,0,15,35,1,51,0,7,127,16,150,0,22,162,17,201,304,2,306,507
08/03/2022,SGJ,FL,ASO,ES,Federal Contract Tower,0,7,60,0,67,0,23,167,14,204,0,30,227,14,271,392,22,414,685
08/04/2022,SGJ,FL,ASO,ES,Federal Contract Tower,0,16,57,3,76,0,11,115,9,135,0,27,172,12,211,254,0,254,465
08/05/2022,SGJ,FL,ASO,ES,Federal Contract Tower,0,12,44,1,57,0,10,123,0,133,0,22,167,1,190,296,0,296,486
08/06/2022,SGJ,FL,ASO,ES,Federal Contract Tower,0,6,48,2,56,0,15,139,2,156,0,21,187,4,212,310,0,310,522
08/07/2022,SGJ,FL,ASO,ES,Federal Contract Tower,0,10,38,0,48,0,2,92,0,94,0,12,130,0,142,224,0,224,366
08/08/2022,SGJ,FL,ASO,ES,Federal Contract Tower,0,16,29,0,45,0,10,83,1,94,0,26,112,1,139,316,0,316,455
08/09/2022,SGJ,FL,ASO,ES,Federal Contract Tower,0,9,27,3,39,0,10,130,6,146,0,19,157,9,185,394,0,394,579
08/10/2022,SGJ,FL,ASO,ES,Federal Contract Tower,0,18,53,2,73,0,9,147,2,158,0,27,200,4,231,306,0,306,537
08/11/2022,SGJ,FL,ASO,ES,Federal Contract Tower,0,16,32,3,51,0,0,84,2,86,0,16,116,5,137,218,0,218,355
08/12/2022,SGJ,FL,ASO,ES,Federal Contract Tower,0,18,31,2,51,0,0,97,3,100,0,18,128,5,151,300,0,300,451
08/13/2022,SGJ,FL,ASO,ES,Federal Contract Tower,0,11,30,4,45,0,10,69,0,79,0,21,99,4,124,146,0,146,270
08/14/2022,SGJ,FL,ASO,ES,Federal Contract Tower,0,12,30,1,43,0,20,95,1,116,0,32,125,2,159,76,0,76,235
08/15/2022,SGJ,FL,ASO,ES,Federal Contract Tower,0,9,30,2,41,0,8,162,10,180,0,17,192,12,221,384,0,384,605
08/16/2022,SGJ,FL,ASO,ES,Federal Contract Tower,0,22,21,3,46,0,8,131,8,147,0,30,152,11,193,314,0,314,507
08/17/2022,SGJ,FL,ASO,ES,Federal Contract Tower,0,8,37,3,48,0,0,117,3,120,0,8,154,6,168,312,4,316,484
08/18/2022,SGJ,FL,ASO,ES,Federal Contract Tower,0,14,37,1,52,0,10,60,8,78,0,24,97,9,130,200,0,200,330
08/19/2022,SGJ,FL,ASO,ES,Federal Contract Tower,0,18,39,3,60,0,5,101,0,106,0,23,140,3,166,222,0,222,388
08/20/2022,SGJ,FL,ASO,ES,Federal Contract Tower,0,6,39,0,45,0,22,117,0,139,0,28,156,0,184,258,0,258,442
08/21/2022,SGJ,FL,ASO,ES,Federal Contract Tower,0,12,23,0,35,0,18,56,6,80,0,30,79,6,115,138,0,138,253
08/22/2022,SGJ,FL,ASO,ES,Federal Contract Tower,0,9,24,0,33,0,10,61,4,75,0,19,85,4,108,172,0,172,280
08/23/2022,SGJ,FL,ASO,ES,Federal Contract Tower,0,9,29,2,40,0,4,74,10,88,0,13,103,12,128,186,8,194,322
08/24/2022,SGJ,FL,ASO,ES,Federal Contract Tower,0,10,30,0,40,0,10,107,8,125,0,20,137,8,165,202,14,216,381
08/25/2022,SGJ,FL,ASO,ES,Federal Contract Tower,0,11,45,2,58,0,4,54,1,59,0,15,99,3,117,160,0,160,277
08/26/2022,SGJ,FL,ASO,ES,Federal Contract Tower,0,10,52,3,65,0,1,87,0,88,0,11,139,3,153,172,0,172,325
08/27/2022,SGJ,FL,ASO,ES,Federal Contract Tower,0,5,41,0,46,0,10,28,0,38,0,15,69,0,84,22,0,22,106
08/28/2022,SGJ,FL,ASO,ES,Federal Contract Tower,0,10,37,0,47,0,16,67,2,85,0,26,104,2,132,126,0,126,258
08/29/2022,SGJ,FL,ASO,ES,Federal Contract Tower,0,10,11,3,24,0,2,21,4,27,0,12,32,7,51,138,20,158,209
08/30/2022,SGJ,FL,ASO,ES,Federal Contract Tower,0,10,32,1,43,0,0,65,2,67,0,10,97,3,110,186,0,186,296
08/31/2022,SGJ,FL,ASO,ES,Federal Contract Tower,0,3,58,0,61,0,2,67,2,71,0,5,125,2,132,130,0,130,262
09/01/2022,SGJ,FL,ASO,ES,Federal Contract Tower,0,16,30,2,48,0,0,66,0,66,0,16,96,2,114,115,16,131,245
09/02/2022,SGJ,FL,ASO,ES,Federal Contract Tower,0,13,49,0,62,0,2,90,0,92,0,15,139,0,154,150,0,150,304
09/03/2022,SGJ,FL,ASO,ES,Federal Contract Tower,0,4,41,0,45,0,16,83,0,99,0,20,124,0,144,162,0,162,306
09/04/2022,SGJ,FL,ASO,ES,Federal Contract Tower,0,7,14,0,21,0,20,49,0,69,0,27,63,0,90,136,0,136,226
09/05/2022,SGJ,FL,ASO,ES,Federal Contract Tower,0,12,32,0,44,0,14,91,0,105,0,26,123,0,149,202,0,202,351
09/06/2022,SGJ,FL,ASO,ES,Federal Contract Tower,0,9,59,5,73,0,0,101,6,107,0,9,160,11,180,196,10,206,386
09/07/2022,SGJ,FL,ASO,ES,Federal Contract Tower,0,14,55,1,70,0,0,130,0,130,0,14,185,1,200,210,0,210,410
09/08/2022,SGJ,FL,ASO,ES,Federal Contract Tower,0,7,28,3,38,0,4,63,3,70,0,11,91,6,108,232,18,250,358
09/09/2022,SGJ,FL,ASO,ES,Federal Contract Tower,0,16,65,2,83,0,0,49,0,49,0,16,114,2,132,66,0,66,198
09/10/2022,SGJ,FL,ASO,ES,Federal Contract Tower,0,6,31,0,37,0,10,93,0,103,0,16,124,0,140,128,0,128,268
09/11/2022,SGJ,FL,ASO,ES,Federal Contract Tower,0,22,26,0,48,0,16,75,4,95,0,38,101,4,143,106,0,106,249
09/12/2022,SGJ,FL,ASO,ES,Federal Contract Tower,0,14,21,3,38,0,0,63,10,73,0,14,84,13,111,108,0,108,219
09/13/2022,SGJ,FL,ASO,ES,Federal Contract Tower,0,15,43,1,59,0,8,78,1,87,0,23,121,2,146,100,0,100,246
09/14/2022,SGJ,FL,ASO,ES,Federal Contract Tower,0,17,41,1,59,0,2,89,6,97,0,19,130,7,156,156,0,156,312
09/15/2022,SGJ,FL,ASO,ES,Federal Contract Tower,0,14,33,0,47,0,0,31,1,32,0,14,64,1,79,102,0,102,181
09/16/2022,SGJ,FL,ASO,ES,Federal Contract Tower,0,13,30,3,46,0,0,10,35,45,0,13,40,38,91,54,2,56,147
09/17/2022,SGJ,FL,ASO,ES,Federal Contract Tower,0,7,18,2,27,0,4,30,2,36,0,11,48,4,63,61,0,61,124
09/18/2022,SGJ,FL,ASO,ES,Federal Contract Tower,0,5,38,4,47,0,10,16,0,26,0,15,54,4,73,12,0,12,85
09/19/2022,SGJ,FL,ASO,ES,Federal Contract Tower,0,10,39,0,49,0,0,111,0,111,0,10,150,0,160,120,22,142,302
09/20/2022,SGJ,FL,ASO,ES,Federal Contract Tower,0,16,40,4,60,0,10,92,6,108,0,26,132,10,168,143,0,143,311
09/21/2022,SGJ,FL,ASO,ES,Federal Contract Tower,0,13,34,4,51,0,13,122,4,139,0,26,156,8,190,178,0,178,368
09/22/2022,SGJ,FL,ASO,ES,Federal Contract Tower,0,11,44,2,57,0,12,175,3,190,0,23,219,5,247,408,2,410,657
09/23/2022,SGJ,FL,ASO,ES,Federal Contract Tower,0,7,50,2,59,0,3,59,0,62,0,10,109,2,121,25,0,25,146
09/24/2022,SGJ,FL,ASO,ES,Federal Contract Tower,0,15,22,0,37,0,16,126,0,142,0,31,148,0,179,180,0,180,359
09/25/2022,SGJ,FL,ASO,ES,Federal Contract Tower,0,13,40,3,56,0,8,96,0,104,0,21,136,3,160,125,0,125,285
09/26/2022,SGJ,FL,ASO,ES,Federal Contract Tower,0,12,47,2,61,0,20,156,8,184,0,32,203,10,245,446,0,446,691
09/27/2022,SGJ,FL,ASO,ES,Federal Contract Tower,0,19,25,1,45,0,8,51,0,59,0,27,76,1,104,106,0,106,210
09/28/2022,SGJ,FL,ASO,ES,Federal Contract Tower,0,1,7,0,8,0,0,0,0,0,0,1,7,0,8,0,0,0,8
09/30/2022,SGJ,FL,ASO,ES,Federal Contract Tower,0,0,4,0,4,0,0,0,2,2,0,0,4,2,6,0,0,0,6
10/01/2022,SGJ,FL,ASO,ES,Federal Contract Tower,0,7,18,1,26,0,8,42,0,50,0,15,60,1,76,14,0,14,90
10/02/2022,SGJ,FL,ASO,ES,Federal Contract Tower,0,5,18,0,23,0,12,73,0,85,0,17,91,0,108,118,0,118,226
10/03/2022,SGJ,FL,ASO,ES,Federal Contract Tower,0,11,24,2,37,0,2,76,6,84,0,13,100,8,121,86,4,90,211
10/04/2022,SGJ,FL,ASO,ES,Federal Contract Tower,0,19,27,2,48,0,0,125,4,129,0,19,152,6,177,84,0,84,261
10/05/2022,SGJ,FL,ASO,ES,Federal Contract Tower,0,17,56,4,77,0,4,190,0,194,0,21,246,4,271,404,0,404,675
10/06/2022,SGJ,FL,ASO,ES,Federal Contract Tower,0,13,38,0,51,0,2,188,6,196,0,15,226,6,247,342,0,342,589
10/07/2022,SGJ,FL,ASO,ES,Federal Contract Tower,0,13,34,5,52,0,0,119,2,121,0,13,153,7,173,360,0,360,533
10/08/2022,SGJ,FL,ASO,ES,Federal Contract Tower,0,0,5,46,51,0,18,143,0,161,0,18,148,46,212,214,0,214,426
10/09/2022,SGJ,FL,ASO,ES,Federal Contract Tower,0,18,29,0,47,0,8,113,4,125,0,26,142,4,172,184,6,190,362
10/10/2022,SGJ,FL,ASO,ES,Federal Contract Tower,0,16,31,0,47,0,2,62,2,66,0,18,93,2,113,188,0,188,301
10/11/2022,SGJ,FL,ASO,ES,Federal Contract Tower,0,17,52,2,71,0,1,90,4,95,0,18,142,6,166,220,8,228,394
10/12/2022,SGJ,FL,ASO,ES,Federal Contract Tower,0,11,64,0,75,0,0,105,9,114,0,11,169,9,189,268,14,282,471
10/13/2022,SGJ,FL,ASO,ES,Federal Contract Tower,0,11,49,1,61,0,4,128,4,136,0,15,177,5,197,268,6,274,471
10/14/2022,SGJ,FL,ASO,ES,Federal Contract Tower,0,9,57,1,67,0,6,128,0,134,0,15,185,1,201,286,0,286,487
10/15/2022,SGJ,FL,ASO,ES,Federal Contract Tower,0,4,30,0,34,0,10,183,0,193,0,14,213,0,227,272,0,272,499
10/16/2022,SGJ,FL,ASO,ES,Federal Contract Tower,0,11,43,1,55,0,0,111,0,111,0,11,154,1,166,174,0,174,340
10/17/2022,SGJ,FL,ASO,ES,Federal Contract Tower,0,17,34,2,53,0,6,104,0,110,0,23,138,2,163,202,0,202,365
10/18/2022,SGJ,FL,ASO,ES,Federal Contract Tower,0,17,37,5,59,0,0,127,2,129,0,17,164,7,188,272,0,272,460
10/19/2022,SGJ,FL,ASO,ES,Federal Contract Tower,0,11,81,0,92,0,1,139,1,141,0,12,220,1,233,236,28,264,497
10/20/2022,SGJ,FL,ASO,ES,Federal Contract Tower,0,12,63,5,80,0,6,138,0,144,0,18,201,5,224,316,0,316,540
10/21/2022,SGJ,FL,ASO,ES,Federal Contract Tower,0,10,73,15,98,0,14,195,3,212,0,24,268,18,310,252,0,252,562
10/22/2022,SGJ,FL,ASO,ES,Federal Contract Tower,0,7,17,0,24,0,10,143,0,153,0,17,160,0,177,80,0,80,257
10/23/2022,SGJ,FL,ASO,ES,Federal Contract Tower,0,12,40,4,56,0,16,62,1,79,0,28,102,5,135,125,0,125,260
10/24/2022,SGJ,FL,ASO,ES,Federal Contract Tower,0,11,30,7,48,0,2,153,1,156,0,13,183,8,204,316,0,316,520
10/25/2022,SGJ,FL,ASO,ES,Federal Contract Tower,0,8,39,3,50,0,18,193,5,216,0,26,232,8,266,378,0,378,644
10/26/2022,SGJ,FL,ASO,ES,Federal Contract Tower,0,11,67,1,79,0,2,158,4,164,0,13,225,5,243,302,2,304,547
10/27/2022,SGJ,FL,ASO,ES,Federal Contract Tower,0,11,70,3,84,0,2,118,1,121,0,13,188,4,205,278,0,278,483
10/28/2022,SGJ,FL,ASO,ES,Federal Contract Tower,0,15,43,2,60,0,0,47,0,47,0,15,90,2,107,96,0,96,203
10/29/2022,SGJ,FL,ASO,ES,Federal Contract Tower,0,5,23,0,28,0,0,0,0,0,0,5,23,0,28,0,0,0,28
10/30/2022,SGJ,FL,ASO,ES,Federal Contract Tower,0,15,40,0,55,0,2,20,2,24,0,17,60,2,79,44,0,44,123
10/31/2022,SGJ,FL,ASO,ES,Federal Contract Tower,0,12,43,1,56,0,16,135,4,155,0,28,178,5,211,434,0,434,645
11/01/2022,SGJ,FL,ASO,ES,Federal Contract Tower,0,8,65,22,95,0,15,172,8,195,0,23,237,30,290,436,6,442,732
11/02/2022,SGJ,FL,ASO,ES,Federal Contract Tower,0,9,60,1,70,0,4,202,4,210,0,13,262,5,280,402,0,402,682
11/03/2022,SGJ,FL,ASO,ES,Federal Contract Tower,0,11,87,2,100,0,2,34,2,38,0,13,121,4,138,40,0,40,178
11/04/2022,SGJ,FL,ASO,ES,Federal Contract Tower,0,13,84,11,108,0,2,100,0,102,0,15,184,11,210,170,0,170,380
11/05/2022,SGJ,FL,ASO,ES,Federal Contract Tower,0,5,42,9,56,0,0,162,0,162,0,5,204,9,218,290,0,290,508
11/06/2022,SGJ,FL,ASO,ES,Federal Contract Tower,0,12,56,1,69,0,10,58,1,69,0,22,114,2,138,124,0,124,262
11/07/2022,SGJ,FL,ASO,ES,Federal Contract Tower,0,15,45,0,60,0,0,48,2,50,0,15,93,2,110,52,12,64,174
11/08/2022,SGJ,FL,ASO,ES,Federal Contract Tower,0,11,16,0,27,0,6,30,0,36,0,17,46,0,63,16,0,16,79
11/09/2022,SGJ,FL,ASO,ES,Federal Contract Tower,0,4,4,0,8,0,0,0,0,0,0,4,4,0,8,0,0,0,8
11/12/2022,SGJ,FL,ASO,ES,Federal Contract Tower,0,5,41,2,48,0,12,69,0,81,0,17,110,2,129,144,0,144,273
11/13/2022,SGJ,FL,ASO,ES,Federal Contract Tower,0,11,55,0,66,0,0,51,0,51,0,11,106,0,117,172,0,172,289
11/14/2022,SGJ,FL,ASO,ES,Federal Contract Tower,0,11,51,2,64,0,8,119,2,129,0,19,170,4,193,156,0,156,349
11/15/2022,SGJ,FL,ASO,ES,Federal Contract Tower,0,14,44,2,60,0,8,154,2,164,0,22,198,4,224,158,0,158,382
11/16/2022,SGJ,FL,ASO,ES,Federal Contract Tower,0,14,59,4,77,0,6,62,0,68,0,20,121,4,145,146,0,146,291
11/17/2022,SGJ,FL,ASO,ES,Federal Contract Tower,0,17,85,4,106,0,24,164,4,192,0,41,249,8,298,328,4,332,630
11/18/2022,SGJ,FL,ASO,ES,Federal Contract Tower,0,25,81,0,106,0,6,142,0,148,0,31,223,0,254,208,0,208,462
11/19/2022,SGJ,FL,ASO,ES,Federal Contract Tower,0,16,38,0,54,0,12,109,0,121,0,28,147,0,175,222,0,222,397
11/20/2022,SGJ,FL,ASO,ES,Federal Contract Tower,0,13,44,0,57,0,0,60,0,60,0,13,104,0,117,150,0,150,267
11/21/2022,SGJ,FL,ASO,ES,Federal Contract Tower,0,14,44,3,61,0,10,42,0,52,0,24,86,3,113,140,0,140,253
11/22/2022,SGJ,FL,ASO,ES,Federal Contract Tower,0,23,42,0,65,0,0,0,0,0,0,23,42,0,65,0,0,0,65
11/23/2022,SGJ,FL,ASO,ES,Federal Contract Tower,0,11,74,0,85,0,0,0,0,0,0,11,74,0,85,0,0,0,85
11/24/2022,SGJ,FL,ASO,ES,Federal Contract Tower,0,7,6,0,13,0,0,2,0,2,0,7,8,0,15,0,0,0,15
11/25/2022,SGJ,FL,ASO,ES,Federal Contract Tower,0,14,29,0,43,0,0,0,0,0,0,14,29,0,43,0,0,0,43
11/26/2022,SGJ,FL,ASO,ES,Federal Contract Tower,0,15,49,0,64,0,16,52,0,68,0,31,101,0,132,230,0,230,362
11/27/2022,SGJ,FL,ASO,ES,Federal Contract Tower,0,13,62,0,75,0,18,51,0,69,0,31,113,0,144,24,0,24,168
11/28/2022,SGJ,FL,ASO,ES,Federal Contract Tower,0,20,52,3,75,0,12,201,2,215,0,32,253,5,290,348,0,348,638
11/29/2022,SGJ,FL,ASO,ES,Federal Contract Tower,0,10,45,3,58,0,10,189,6,205,0,20,234,9,263,372,0,372,635
11/30/2022,SGJ,FL,ASO,ES,Federal Contract Tower,0,13,38,0,51,0,2,88,0,90,0,15,126,0,141,170,4,174,315
12/01/2022,SGJ,FL,ASO,ES,Federal Contract Tower,0,8,76,2,86,0,0,115,2,117,0,8,191,4,203,106,0,106,309
12/02/2022,SGJ,FL,ASO,ES,Federal Contract Tower,0,17,46,3,66,0,4,138,0,142,0,21,184,3,208,316,0,316,524
12/03/2022,SGJ,FL,ASO,ES,Federal Contract Tower,0,5,46,0,51,0,8,114,0,122,0,13,160,0,173,170,0,170,343
12/04/2022,SGJ,FL,ASO,ES,Federal Contract Tower,0,15,49,12,76,0,10,102,0,112,0,25,151,12,188,208,0,208,396
12/05/2022,SGJ,FL,ASO,ES,Federal Contract Tower,0,11,49,0,60,0,10,116,2,128,0,21,165,2,188,252,0,252,440
12/06/2022,SGJ,FL,ASO,ES,Federal Contract Tower,0,12,41,2,55,0,6,166,7,179,0,18,207,9,234,138,0,138,372
12/07/2022,SGJ,FL,ASO,ES,Federal Contract Tower,0,15,50,5,70,0,2,134,0,136,0,17,184,5,206,88,0,88,294
12/08/2022,SGJ,FL,ASO,ES,Federal Contract Tower,0,20,53,10,83,0,8,143,6,157,0,28,196,16,240,249,12,261,501
12/09/2022,SGJ,FL,ASO,ES,Federal Contract Tower,0,19,48,1,68,0,14,204,0,218,0,33,252,1,286,304,8,312,598
12/10/2022,SGJ,FL,ASO,ES,Federal Contract Tower,0,16,29,0,45,0,0,0,0,0,0,16,29,0,45,0,0,0,45
12/11/2022,SGJ,FL,ASO,ES,Federal Contract Tower,0,16,48,3,67,0,6,1,0,7,0,22,49,3,74,0,0,0,74
12/12/2022,SGJ,FL,ASO,ES,Federal Contract Tower,0,21,35,2,58,0,4,91,6,101,0,25,126,8,159,246,10,256,415
12/13/2022,SGJ,FL,ASO,ES,Federal Contract Tower,0,22,50,5,77,0,0,28,3,31,0,22,78,8,108,32,12,44,152
12/14/2022,SGJ,FL,ASO,ES,Federal Contract Tower,0,22,44,1,67,0,2,122,12,136,0,24,166,13,203,194,0,194,397
12/15/2022,SGJ,FL,ASO,ES,Federal Contract Tower,0,7,22,0,29,0,2,10,0,12,0,9,32,0,41,24,0,24,65
12/16/2022,SGJ,FL,ASO,ES,Federal Contract Tower,0,17,40,6,63,0,8,185,1,194,0,25,225,7,257,324,0,324,581
12/17/2022,SGJ,FL,ASO,ES,Federal Contract Tower,0,16,36,1,53,0,30,168,0,198,0,46,204,1,251,210,0,210,461
12/18/2022,SGJ,FL,ASO,ES,Federal Contract Tower,0,9,42,0,51,0,18,89,5,112,0,27,131,5,163,34,0,34,197
12/19/2022,SGJ,FL,ASO,ES,Federal Contract Tower,0,17,42,2,61,0,2,154,6,162,0,19,196,8,223,317,8,325,548
12/20/2022,SGJ,FL,ASO,ES,Federal Contract Tower,0,12,39,2,53,0,0,49,7,56,0,12,88,9,109,136,0,136,245
12/21/2022,SGJ,FL,ASO,ES,Federal Contract Tower,0,19,37,0,56,0,0,0,0,0,0,19,37,0,56,0,0,0,56
12/22/2022,SGJ,FL,ASO,ES,Federal Contract Tower,0,7,29,5,41,0,1,61,3,65,0,8,90,8,106,124,6,130,236
12/23/2022,SGJ,FL,ASO,ES,Federal Contract Tower,0,11,25,0,36,0,28,64,0,92,0,39,89,0,128,68,0,68,196
12/24/2022,SGJ,FL,ASO,ES,Federal Contract Tower,0,3,6,0,9,0,2,20,0,22,0,5,26,0,31,14,0,14,45
12/25/2022,SGJ,FL,ASO,ES,Federal Contract Tower,0,7,6,0,13,0,0,20,0,20,0,7,26,0,33,4,0,4,37
12/26/2022,SGJ,FL,ASO,ES,Federal Contract Tower,0,12,43,0,55,0,22,134,6,162,0,34,177,6,217,206,0,206,423
12/27/2022,SGJ,FL,ASO,ES,Federal Contract Tower,0,17,44,2,63,0,16,130,8,154,0,33,174,10,217,176,8,184,401
12/28/2022,SGJ,FL,ASO,ES,Federal Contract Tower,0,8,40,2,50,0,10,176,0,186,0,18,216,2,236,212,0,212,448
12/29/2022,SGJ,FL,ASO,ES,Federal Contract Tower,0,9,54,1,64,0,10,152,0,162,0,19,206,1,226,232,2,234,460
12/30/2022,SGJ,FL,ASO,ES,Federal Contract Tower,0,15,37,0,52,0,16,158,1,175,0,31,195,1,227,328,0,328,555
12/31/2022,SGJ,FL,ASO,ES,Federal Contract Tower,0,17,19,0,36,0,10,11,0,21,0,27,30,0,57,0,0,0,57
01/01/2023,SGJ,FL,ASO,ES,Federal Contract Tower,0,8,32,0,40,0,20,11,0,31,0,28,43,0,71,6,0,6,77
01/02/2023,SGJ,FL,ASO,ES,Federal Contract Tower,0,7,41,0,48,0,4,2,4,10,0,11,43,4,58,0,0,0,58
01/03/2023,SGJ,FL,ASO,ES,Federal Contract Tower,0,17,37,1,55,0,22,128,2,152,0,39,165,3,207,210,0,210,417
01/04/2023,SGJ,FL,ASO,ES,Federal Contract Tower,0,12,35,0,47,0,2,33,1,36,0,14,68,1,83,48,0,48,131
01/05/2023,SGJ,FL,ASO,ES,Federal Contract Tower,0,10,28,1,39,0,2,93,0,95,0,12,121,1,134,272,6,278,412
01/06/2023,SGJ,FL,ASO,ES,Federal Contract Tower,0,12,55,5,72,0,2,145,3,150,0,14,200,8,222,226,2,228,450
01/07/2023,SGJ,FL,ASO,ES,Federal Contract Tower,0,13,33,2,48,0,14,152,0,166,0,27,185,2,214,138,0,138,352
01/08/2023,SGJ,FL,ASO,ES,Federal Contract Tower,0,15,37,27,79,0,6,81,0,87,0,21,118,27,166,48,0,48,214
01/09/2023,SGJ,FL,ASO,ES,Federal Contract Tower,0,18,25,8,51,0,8,131,22,161,0,26,156,30,212,246,0,246,458
01/10/2023,SGJ,FL,ASO,ES,Federal Contract Tower,0,11,54,4,69,0,8,140,9,157,0,19,194,13,226,222,0,222,448
01/11/2023,SGJ,FL,ASO,ES,Federal Contract Tower,0,4,40,1,45,0,4,185,0,189,0,8,225,1,234,308,10,318,552
01/12/2023,SGJ,FL,ASO,ES,Federal Contract Tower,0,13,30,4,47,0,10,144,2,156,0,23,174,6,203,280,0,280,483
01/13/2023,SGJ,FL,ASO,ES,Federal Contract Tower,0,12,25,6,43,0,3,51,4,58,0,15,76,10,101,60,0,60,161
01/14/2023,SGJ,FL,ASO,ES,Federal Contract Tower,0,14,28,0,42,0,5,38,0,43,0,19,66,0,85,58,0,58,143
01/15/2023,SGJ,FL,ASO,ES,Federal Contract Tower,0,13,46,1,60,0,14,137,6,157,0,27,183,7,217,148,4,152,369
01/16/2023,SGJ,FL,ASO,ES,Federal Contract Tower,0,12,43,0,55,0,2,164,0,166,0,14,207,0,221,278,0,278,499
01/17/2023,SGJ,FL,ASO,ES,Federal Contract Tower,0,13,28,5,46,0,6,100,8,114,0,19,128,13,160,64,0,64,224
01/18/2023,SGJ,FL,ASO,ES,Federal Contract Tower,0,17,39,7,63,0,4,141,3,148,0,21,180,10,211,30,4,34,245
01/19/2023,SGJ,FL,ASO,ES,Federal Contract Tower,0,10,31,2,43,0,1,89,2,92,0,11,120,4,135,8,0,8,143
01/20/2023,SGJ,FL,ASO,ES,Federal Contract Tower,0,19,26,1,46,0,6,88,1,95,0,25,114,2,141,28,0,28,169
01/21/2023,SGJ,FL,ASO,ES,Federal Contract Tower,0,10,38,0,48,0,10,74,0,84,0,20,112,0,132,58,0,58,190
01/22/2023,SGJ,FL,ASO,ES,Federal Contract Tower,0,13,28,1,42,0,4,50,1,55,0,17,78,2,97,12,0,12,109
01/23/2023,SGJ,FL,ASO,ES,Federal Contract Tower,0,12,35,0,47,0,1,110,6,117,0,13,145,6,164,8,0,8,172
01/24/2023,SGJ,FL,ASO,ES,Federal Contract Tower,0,12,49,4,65,0,4,129,4,137,0,16,178,8,202,40,0,40,242
01/25/2023,SGJ,FL,ASO,ES,Federal Contract Tower,0,5,20,0,25,0,1,36,6,43,0,6,56,6,68,29,14,43,111
01/26/2023,SGJ,FL,ASO,ES,Federal Contract Tower,0,15,30,3,48,0,5,114,2,121,0,20,144,5,169,84,0,84,253
01/27/2023,SGJ,FL,ASO,ES,Federal Contract Tower,0,18,34,2,54,0,0,120,2,122,0,18,154,4,176,60,0,60,236
01/28/2023,SGJ,FL,ASO,ES,Federal Contract Tower,0,6,29,0,35,0,8,171,2,181,0,14,200,2,216,51,0,51,267
01/29/2023,SGJ,FL,ASO,ES,Federal Contract Tower,0,15,24,1,40,0,2,97,2,101,0,17,121,3,141,90,0,90,231
01/30/2023,SGJ,FL,ASO,ES,Federal Contract Tower,0,10,34,0,44,0,0,107,0,107,0,10,141,0,151,102,0,102,253
01/31/2023,SGJ,FL,ASO,ES,Federal Contract Tower,0,10,22,4,36,0,0,106,0,106,0,10,128,4,142,84,0,84,226
02/01/2023,SGJ,FL,ASO,ES,Federal Contract Tower,0,11,45,2,58,0,2,124,0,126,0,13,169,2,184,216,0,216,400
02/02/2023,SGJ,FL,ASO,ES,Federal Contract Tower,0,13,47,6,66,0,8,143,0,151,0,21,190,6,217,130,0,130,347
02/03/2023,SGJ,FL,ASO,ES,Federal Contract Tower,0,5,22,9,36,0,0,3,0,3,0,5,25,9,39,0,0,0,39
02/04/2023,SGJ,FL,ASO,ES,Federal Contract Tower,0,7,31,2,40,0,16,40,0,56,0,23,71,2,96,28,0,28,124
02/05/2023,SGJ,FL,ASO,ES,Federal Contract Tower,0,8,24,7,39,0,0,2,0,2,0,8,26,7,41,0,0,0,41
02/06/2023,SGJ,FL,ASO,ES,Federal Contract Tower,0,14,34,0,48,0,18,112,8,138,0,32,146,8,186,186,0,186,372
02/07/2023,SGJ,FL,ASO,ES,Federal Contract Tower,0,17,34,7,58,0,6,167,0,173,0,23,201,7,231,186,0,186,417
02/08/2023,SGJ,FL,ASO,ES,Federal Contract Tower,0,25,30,6,61,0,10,146,0,156,0,35,176,6,217,186,0,186,403
02/09/2023,SGJ,FL,ASO,ES,Federal Contract Tower,0,26,42,6,74,0,5,127,2,134,0,31,169,8,208,220,0,220,428
02/10/2023,SGJ,FL,ASO,ES,Federal Contract Tower,0,6,55,7,68,0,4,61,0,65,0,10,116,7,133,112,0,112,245
02/11/2023,SGJ,FL,ASO,ES,Federal Contract Tower,0,3,15,0,18,0,2,3,0,5,0,5,18,0,23,22,0,22,45
02/12/2023,SGJ,FL,ASO,ES,Federal Contract Tower,0,8,15,3,26,0,12,21,1,34,0,20,36,4,60,36,0,36,96
02/13/2023,SGJ,FL,ASO,ES,Federal Contract Tower,0,12,37,0,49,0,6,153,0,159,0,18,190,0,208,236,0,236,444
02/14/2023,SGJ,FL,ASO,ES,Federal Contract Tower,0,14,40,0,54,0,19,145,1,165,0,33,185,1,219,272,0,272,491
02/15/2023,SGJ,FL,ASO,ES,Federal Contract Tower,0,18,56,0,74,0,2,153,4,159,0,20,209,4,233,210,14,224,457
02/16/2023,SGJ,FL,ASO,ES,Federal Contract Tower,0,24,63,0,87,0,4,124,4,132,0,28,187,4,219,188,14,202,421
02/17/2023,SGJ,FL,ASO,ES,Federal Contract Tower,0,10,63,3,76,0,2,95,0,97,0,12,158,3,173,22,0,22,195
02/18/2023,SGJ,FL,ASO,ES,Federal Contract Tower,0,11,43,0,54,0,22,80,0,102,0,33,123,0,156,22,0,22,178
02/19/2023,SGJ,FL,ASO,ES,Federal Contract Tower,0,11,39,0,50,0,22,110,2,134,0,33,149,2,184,150,0,150,334
02/20/2023,SGJ,FL,ASO,ES,Federal Contract Tower,0,17,59,0,76,0,6,163,0,169,0,23,222,0,245,228,0,228,473
02/21/2023,SGJ,FL,ASO,ES,Federal Contract Tower,0,14,54,5,73,0,12,60,4,76,0,26,114,9,149,32,0,32,181
02/22/2023,SGJ,FL,ASO,ES,Federal Contract Tower,0,9,55,0,64,0,10,128,0,138,0,19,183,0,202,272,0,272,474
02/23/2023,SGJ,FL,ASO,ES,Federal Contract Tower,0,17,61,0,78,0,4,109,0,113,0,21,170,0,191,214,0,214,405
02/24/2023,SGJ,FL,ASO,ES,Federal Contract Tower,0,11,67,15,93,0,0,137,0,137,0,11,204,15,230,214,14,228,458
02/25/2023,SGJ,FL,ASO,ES,Federal Contract Tower,0,8,42,1,51,0,10,121,0,131,0,18,163,1,182,166,0,166,348
02/26/2023,SGJ,FL,ASO,ES,Federal Contract Tower,0,15,53,5,73,0,12,154,2,168,0,27,207,7,241,212,0,212,453
02/27/2023,SGJ,FL,ASO,ES,Federal Contract Tower,0,16,42,8,66,0,0,114,10,124,0,16,156,18,190,176,0,176,366
02/28/2023,SGJ,FL,ASO,ES,Federal Contract Tower,0,7,26,3,36,0,8,93,0,101,0,15,119,3,137,103,0,103,240
03/01/2023,SGJ,FL,ASO,ES,Federal Contract Tower,0,23,56,3,82,0,8,107,3,118,0,31,163,6,200,178,2,180,380
03/02/2023,SGJ,FL,ASO,ES,Federal Contract Tower,0,18,57,4,79,0,4,63,1,68,0,22,120,5,147,54,0,54,201
03/03/2023,SGJ,FL,ASO,ES,Federal Contract Tower,0,18,28,3,49,0,6,69,1,76,0,24,97,4,125,30,0,30,155
03/04/2023,SGJ,FL,ASO,ES,Federal Contract Tower,0,11,30,3,44,0,15,32,0,47,0,26,62,3,91,8,0,8,99
03/05/2023,SGJ,FL,ASO,ES,Federal Contract Tower,0,14,30,4,48,0,0,89,4,93,0,14,119,8,141,72,0,72,213
03/06/2023,SGJ,FL,ASO,ES,Federal Contract Tower,0,23,45,0,68,0,2,170,0,172,0,25,215,0,240,246,0,246,486
03/07/2023,SGJ,FL,ASO,ES,Federal Contract Tower,0,24,62,5,91,0,4,126,4,134,0,28,188,9,225,218,0,218,443
03/08/2023,SGJ,FL,ASO,ES,Federal Contract Tower,0,25,42,5,72,0,0,46,6,52,0,25,88,11,124,4,0,4,128
03/09/2023,SGJ,FL,ASO,ES,Federal Contract Tower,0,31,38,3,72,0,16,117,6,139,0,47,155,9,211,152,2,154,365
03/10/2023,SGJ,FL,ASO,ES,Federal Contract Tower,0,24,47,1,72,0,10,40,1,51,0,34,87,2,123,28,6,34,157
03/11/2023,SGJ,FL,ASO,ES,Federal Contract Tower,0,20,43,0,63,0,8,127,0,135,0,28,170,0,198,138,0,138,336
03/12/2023,SGJ,FL,ASO,ES,Federal Contract Tower,0,34,32,5,71,0,5,76,0,81,0,39,108,5,152,38,0,38,190
03/13/2023,SGJ,FL,ASO,ES,Federal Contract Tower,0,35,23,1,59,0,0,2,4,6,0,35,25,5,65,0,0,0,65
03/14/2023,SGJ,FL,ASO,ES,Federal Contract Tower,0,15,50,2,67,0,12,109,12,133,0,27,159,14,200,190,10,200,400
03/15/2023,SGJ,FL,ASO,ES,Federal Contract Tower,0,8,31,0,39,0,6,132,2,140,0,14,163,2,179,228,0,228,407
03/16/2023,SGJ,FL,ASO,ES,Federal Contract Tower,0,13,37,1,51,0,10,122,0,132,0,23,159,1,183,230,0,230,413
03/17/2023,SGJ,FL,ASO,ES,Federal Contract Tower,0,19,46,1,66,0,8,112,6,126,0,27,158,7,192,116,14,130,322
03/18/2023,SGJ,FL,ASO,ES,Federal Contract Tower,0,15,32,7,54,0,1,9,0,10,0,16,41,7,64,4,0,4,68
03/19/2023,SGJ,FL,ASO,ES,Federal Contract Tower,0,17,43,0,60,0,12,102,0,114,0,29,145,0,174,136,0,136,310
03/20/2023,SGJ,FL,ASO,ES,Federal Contract Tower,0,17,33,9,59,0,14,131,6,151,0,31,164,15,210,206,0,206,416
03/21/2023,SGJ,FL,ASO,ES,Federal Contract Tower,0,15,35,8,58,0,6,39,4,49,0,21,74,12,107,6,6,12,119
03/22/2023,SGJ,FL,ASO,ES,Federal Contract Tower,0,21,39,4,64,0,6,147,8,161,0,27,186,12,225,258,16,274,499
03/23/2023,SGJ,FL,ASO,ES,Federal Contract Tower,0,29,43,3,75,0,6,96,2,104,0,35,139,5,179,186,6,192,371
03/24/2023,SGJ,FL,ASO,ES,Federal Contract Tower,0,22,53,7,82,0,1,169,11,181,0,23,222,18,263,256,14,270,533
03/25/2023,SGJ,FL,ASO,ES,Federal Contract Tower,0,7,49,0,56,0,14,37,0,51,0,21,86,0,107,88,0,88,195
03/26/2023,SGJ,FL,ASO,ES,Federal Contract Tower,0,19,49,2,70,0,14,65,4,83,0,33,114,6,153,82,0,82,235
03/27/2023,SGJ,FL,ASO,ES,Federal Contract Tower,0,16,51,4,71,0,16,97,11,124,0,32,148,15,195,202,10,212,407
03/28/2023,SGJ,FL,ASO,ES,Federal Contract Tower,0,8,45,2,55,0,0,13,0,13,0,8,58,2,68,0,0,0,68
03/29/2023,SGJ,FL,ASO,ES,Federal Contract Tower,0,10,68,2,80,0,4,114,4,122,0,14,182,6,202,134,10,144,346
03/30/2023,SGJ,FL,ASO,ES,Federal Contract Tower,0,11,46,5,62,0,4,116,13,133,0,15,162,18,195,162,18,180,375
03/31/2023,SGJ,FL,ASO,ES,Federal Contract Tower,0,10,53,9,72,0,10,140,0,150,0,20,193,9,222,190,0,190,412
04/01/2023,SGJ,FL,ASO,ES,Federal Contract Tower,0,13,38,4,55,0,16,121,4,141,0,29,159,8,196,178,0,178,374
04/02/2023,SGJ,FL,ASO,ES,Federal Contract Tower,0,11,33,2,46,0,14,99,6,119,0,25,132,8,165,198,8,206,371
04/03/2023,SGJ,FL,ASO,ES,Federal Contract Tower,0,15,37,1,53,0,4,53,2,59,0,19,90,3,112,136,0,136,248
04/04/2023,SGJ,FL,ASO,ES,Federal Contract Tower,0,14,62,2,78,0,12,166,4,182,0,26,228,6,260,334,0,334,594
04/05/2023,SGJ,FL,ASO,ES,Federal Contract Tower,0,13,58,4,75,0,6,128,0,134,0,19,186,4,209,158,0,158,367
04/06/2023,SGJ,FL,ASO,ES,Federal Contract Tower,0,20,47,1,68,0,6,165,9,180,0,26,212,10,248,192,8,200,448
04/07/2023,SGJ,FL,ASO,ES,Federal Contract Tower,0,17,54,3,74,0,6,130,0,136,0,23,184,3,210,296,0,296,506
04/08/2023,SGJ,FL,ASO,ES,Federal Contract Tower,0,10,47,0,57,0,16,106,1,123,0,26,153,1,180,258,0,258,438
04/09/2023,SGJ,FL,ASO,ES,Federal Contract Tower,0,9,14,0,23,0,0,0,0,0,0,9,14,0,23,0,0,0,23
04/10/2023,SGJ,FL,ASO,ES,Federal Contract Tower,0,6,26,0,32,0,0,0,0,0,0,6,26,0,32,0,0,0,32
04/11/2023,SGJ,FL,ASO,ES,Federal Contract Tower,0,13,39,5,57,0,16,55,1,72,0,29,94,6,129,64,0,64,193
04/12/2023,SGJ,FL,ASO,ES,Federal Contract Tower,0,12,62,2,76,0,14,141,8,163,0,26,203,10,239,148,0,148,387
04/13/2023,SGJ,FL,ASO,ES,Federal Contract Tower,0,20,55,4,79,0,0,3,30,33,0,20,58,34,112,88,16,104,216
04/14/2023,SGJ,FL,ASO,ES,Federal Contract Tower,0,5,59,6,70,0,19,151,6,176,0,24,210,12,246,360,0,360,606
04/15/2023,SGJ,FL,ASO,ES,Federal Contract Tower,0,9,33,0,42,0,32,128,0,160,0,41,161,0,202,240,10,250,452
04/16/2023,SGJ,FL,ASO,ES,Federal Contract Tower,0,10,32,3,45,0,8,67,0,75,0,18,99,3,120,102,0,102,222
04/17/2023,SGJ,FL,ASO,ES,Federal Contract Tower,0,15,41,4,60,0,6,120,7,133,0,21,161,11,193,310,0,310,503
04/18/2023,SGJ,FL,ASO,ES,Federal Contract Tower,0,5,42,8,55,0,8,154,0,162,0,13,196,8,217,314,0,314,531
04/19/2023,SGJ,FL,ASO,ES,Federal Contract Tower,0,10,30,3,43,0,2,185,4,191,0,12,215,7,234,320,0,320,554
04/20/2023,SGJ,FL,ASO,ES,Federal Contract Tower,0,22,59,1,82,0,12,195,1,208,0,34,254,2,290,359,0,359,649
04/21/2023,SGJ,FL,ASO,ES,Federal Contract Tower,0,13,70,0,83,0,0,144,0,144,0,13,214,0,227,294,0,294,521
04/22/2023,SGJ,FL,ASO,ES,Federal Contract Tower,0,10,28,1,39,0,10,98,1,109,0,20,126,2,148,220,0,220,368
04/23/2023,SGJ,FL,ASO,ES,Federal Contract Tower,0,24,40,2,66,0,10,75,0,85,0,34,115,2,151,36,0,36,187
04/24/2023,SGJ,FL,ASO,ES,Federal Contract Tower,0,11,26,0,37,0,6,108,4,118,0,17,134,4,155,292,0,292,447
04/25/2023,SGJ,FL,ASO,ES,Federal Contract Tower,0,20,36,0,56,0,4,106,8,118,0,24,142,8,174,328,0,328,502
04/26/2023,SGJ,FL,ASO,ES,Federal Contract Tower,0,13,54,1,68,0,14,153,10,177,0,27,207,11,245,356,0,356,601
04/27/2023,SGJ,FL,ASO,ES,Federal Contract Tower,0,15,59,0,74,0,2,97,3,102,0,17,156,3,176,242,0,242,418
04/28/2023,SGJ,FL,ASO,ES,Federal Contract Tower,0,12,67,0,79,0,12,104,0,116,0,24,171,0,195,320,0,320,515
04/29/2023,SGJ,FL,ASO,ES,Federal Contract Tower,0,9,36,0,45,0,6,103,0,109,0,15,139,0,154,232,0,232,386
04/30/2023,SGJ,FL,ASO,ES,Federal Contract Tower,0,14,45,0,59,0,16,16,0,32,0,30,61,0,91,6,0,6,97
05/01/2023,SGJ,FL,ASO,ES,Federal Contract Tower,0,16,41,3,60,0,14,81,0,95,0,30,122,3,155,206,0,206,361
05/02/2023,SGJ,FL,ASO,ES,Federal Contract Tower,0,17,53,0,70,0,10,132,7,149,0,27,185,7,219,286,0,286,505
05/03/2023,SGJ,FL,ASO,ES,Federal Contract Tower,0,16,62,0,78,0,10,121,2,133,0,26,183,2,211,276,0,276,487
05/04/2023,SGJ,FL,ASO,ES,Federal Contract Tower,0,23,56,1,80,0,6,216,5,227,0,29,272,6,307,316,0,316,623
05/05/2023,SGJ,FL,ASO,ES,Federal Contract Tower,0,16,55,6,77,0,11,170,7,188,0,27,225,13,265,398,0,398,663
05/06/2023,SGJ,FL,ASO,ES,Federal Contract Tower,0,13,55,0,68,0,0,17,0,17,0,13,72,0,85,0,0,0,85
05/07/2023,SGJ,FL,ASO,ES,Federal Contract Tower,0,19,53,2,74,0,16,124,0,140,0,35,177,2,214,112,0,112,326
05/08/2023,SGJ,FL,ASO,ES,Federal Contract Tower,0,23,35,5,63,0,4,107,0,111,0,27,142,5,174,350,0,350,524
05/09/2023,SGJ,FL,ASO,ES,Federal Contract Tower,0,14,47,0,61,0,6,188,8,202,0,20,235,8,263,348,30,378,641
05/10/2023,SGJ,FL,ASO,ES,Federal Contract Tower,0,9,40,0,49,0,6,128,2,136,0,15,168,2,185,294,0,294,479
05/11/2023,SGJ,FL,ASO,ES,Federal Contract Tower,0,27,62,2,91,0,28,141,4,173,0,55,203,6,264,378,20,398,662
05/12/2023,SGJ,FL,ASO,ES,Federal Contract Tower,0,14,49,6,69,0,18,125,3,146,0,32,174,9,215,352,0,352,567
05/13/2023,SGJ,FL,ASO,ES,Federal Contract Tower,0,12,41,4,57,0,8,101,0,109,0,20,142,4,166,254,0,254,420
05/14/2023,SGJ,FL,ASO,ES,Federal Contract Tower,0,30,32,2,64,0,12,108,0,120,0,42,140,2,184,266,2,268,452
05/15/2023,SGJ,FL,ASO,ES,Federal Contract Tower,0,13,32,2,47,0,6,107,0,113,0,19,139,2,160,367,0,367,527
05/16/2023,SGJ,FL,ASO,ES,Federal Contract Tower,0,16,30,3,49,0,4,162,12,178,0,20,192,15,227,364,6,370,597
05/17/2023,SGJ,FL,ASO,ES,Federal Contract Tower,0,10,37,1,48,0,1,101,4,106,0,11,138,5,154,212,10,222,376
05/18/2023,SGJ,FL,ASO,ES,Federal Contract Tower,0,24,49,2,75,0,0,102,2,104,0,24,151,4,179,210,0,210,389
05/19/2023,SGJ,FL,ASO,ES,Federal Contract Tower,0,19,57,2,78,0,9,116,3,128,0,28,173,5,206,242,0,242,448
05/20/2023,SGJ,FL,ASO,ES,Federal Contract Tower,0,23,33,3,59,0,14,128,1,143,0,37,161,4,202,146,0,146,348
05/21/2023,SGJ,FL,ASO,ES,Federal Contract Tower,0,15,42,2,59,0,0,77,1,78,0,15,119,3,137,90,0,90,227
05/22/2023,SGJ,FL,ASO,ES,Federal Contract Tower,0,23,18,0,41,0,0,16,0,16,0,23,34,0,57,90,0,90,147
05/23/2023,SGJ,FL,ASO,ES,Federal Contract Tower,0,12,47,2,61,0,2,44,2,48,0,14,91,4,109,214,0,214,323
05/24/2023,SGJ,FL,ASO,ES,Federal Contract Tower,0,16,46,2,64,0,0,46,0,46,0,16,92,2,110,140,0,140,250
05/25/2023,SGJ,FL,ASO,ES,Federal Contract Tower,0,12,37,0,49,0,9,90,0,99,0,21,127,0,148,182,0,182,330
05/26/2023,SGJ,FL,ASO,ES,Federal Contract Tower,0,6,35,1,42,0,0,0,0,0,0,6,35,1,42,0,0,0,42
05/27/2023,SGJ,FL,ASO,ES,Federal Contract Tower,0,6,56,0,62,0,9,42,0,51,0,15,98,0,113,102,0,102,215
05/28/2023,SGJ,FL,ASO,ES,Federal Contract Tower,0,1,44,0,45,0,6,103,4,113,0,7,147,4,158,112,0,112,270
05/29/2023,SGJ,FL,ASO,ES,Federal Contract Tower,0,10,35,0,45,0,10,120,8,138,0,20,155,8,183,202,0,202,385
05/31/2023,SGJ,FL,ASO,ES,Federal Contract Tower,0,16,54,5,75,0,7,147,8,162,0,23,201,13,237,286,6,292,529
06/01/2023,SGJ,FL,ASO,ES,Federal Contract Tower,0,14,49,1,64,0,2,48,8,58,0,16,97,9,122,60,18,78,200
06/02/2023,SGJ,FL,ASO,ES,Federal Contract Tower,0,10,69,2,81,0,10,77,0,87,0,20,146,2,168,146,0,146,314
06/03/2023,SGJ,FL,ASO,ES,Federal Contract Tower,0,10,58,0,68,0,16,44,0,60,0,26,102,0,128,46,0,46,174
06/04/2023,SGJ,FL,ASO,ES,Federal Contract Tower,0,11,31,0,42,0,2,31,4,37,0,13,62,4,79,20,0,20,99
06/05/2023,SGJ,FL,ASO,ES,Federal Contract Tower,0,25,42,3,70,0,6,94,7,107,0,31,136,10,177,148,0,148,325
06/06/2023,SGJ,FL,ASO,ES,Federal Contract Tower,0,21,34,4,59,0,15,205,10,230,0,36,239,14,289,392,8,400,689
06/07/2023,SGJ,FL,ASO,ES,Federal Contract Tower,0,16,25,0,41,0,2,98,6,106,0,18,123,6,147,212,4,216,363
06/08/2023,SGJ,FL,ASO,ES,Federal Contract Tower,0,14,39,8,61,0,6,136,0,142,0,20,175,8,203,270,0,270,473
06/09/2023,SGJ,FL,ASO,ES,Federal Contract Tower,0,13,55,4,72,0,4,108,0,112,0,17,163,4,184,258,0,258,442
06/10/2023,SGJ,FL,ASO,ES,Federal Contract Tower,0,14,43,1,58,0,16,122,0,138,0,30,165,1,196,248,0,248,444
06/11/2023,SGJ,FL,ASO,ES,Federal Contract Tower,0,18,40,0,58,0,20,80,1,101,0,38,120,1,159,96,0,96,255
06/12/2023,SGJ,FL,ASO,ES,Federal Contract Tower,0,6,31,2,39,0,10,107,0,117,0,16,138,2,156,288,0,288,444
06/13/2023,SGJ,FL,ASO,ES,Federal Contract Tower,0,6,30,2,38,0,10,108,6,124,0,16,138,8,162,276,0,276,438
06/14/2023,SGJ,FL,ASO,ES,Federal Contract Tower,0,16,56,4,76,0,14,145,4,163,0,30,201,8,239,302,0,302,541
06/15/2023,SGJ,FL,ASO,ES,Federal Contract Tower,0,8,32,1,41,0,8,64,4,76,0,16,96,5,117,122,0,122,239
06/16/2023,SGJ,FL,ASO,ES,Federal Contract Tower,0,15,41,1,57,0,12,36,0,48,0,27,77,1,105,68,0,68,173
06/17/2023,SGJ,FL,ASO,ES,Federal Contract Tower,0,10,21,0,31,0,16,71,0,87,0,26,92,0,118,70,0,70,188
06/18/2023,SGJ,FL,ASO,ES,Federal Contract Tower,0,14,42,2,58,0,20,58,0,78,0,34,100,2,136,110,0,110,246
06/19/2023,SGJ,FL,ASO,ES,Federal Contract Tower,0,7,28,0,35,0,8,79,0,87,0,15,107,0,122,106,0,106,228
06/20/2023,SGJ,FL,ASO,ES,Federal Contract Tower,0,5,39,0,44,0,4,53,8,65,0,9,92,8,109,86,0,86,195
06/21/2023,SGJ,FL,ASO,ES,Federal Contract Tower,0,7,45,2,54,0,6,90,4,100,0,13,135,6,154,128,8,136,290
06/22/2023,SGJ,FL,ASO,ES,Federal Contract Tower,0,9,41,0,50,0,14,57,0,71,0,23,98,0,121,130,0,130,251
06/23/2023,SGJ,FL,ASO,ES,Federal Contract Tower,0,8,38,0,46,0,12,80,3,95,0,20,118,3,141,126,0,126,267
06/24/2023,SGJ,FL,ASO,ES,Federal Contract Tower,0,13,42,3,58,0,20,114,0,134,0,33,156,3,192,150,0,150,342
06/25/2023,SGJ,FL,ASO,ES,Federal Contract Tower,0,5,29,2,36,0,14,125,0,139,0,19,154,2,175,222,0,222,397
06/26/2023,SGJ,FL,ASO,ES,Federal Contract Tower,0,14,52,5,71,0,12,126,4,142,0,26,178,9,213,269,0,269,482
06/27/2023,SGJ,FL,ASO,ES,Federal Contract Tower,0,8,42,7,57,0,6,83,8,97,0,14,125,15,154,214,0,214,368
06/28/2023,SGJ,FL,ASO,ES,Federal Contract Tower,0,13,39,2,54,0,13,118,0,131,0,26,157,2,185,212,0,212,397
06/29/2023,SGJ,FL,ASO,ES,Federal Contract Tower,0,10,39,5,54,0,6,168,0,174,0,16,207,5,228,298,0,298,526
06/30/2023,SGJ,FL,ASO,ES,Federal Contract Tower,0,16,77,2,95,0,11,153,5,169,0,27,230,7,264,380,2,382,646
07/01/2023,SGJ,FL,ASO,ES,Federal Contract Tower,0,11,56,0,67,0,6,130,1,137,0,17,186,1,204,206,0,206,410
07/02/2023,SGJ,FL,ASO,ES,Federal Contract Tower,0,7,31,0,38,0,4,120,0,124,0,11,151,0,162,78,0,78,240
07/03/2023,SGJ,FL,ASO,ES,Federal Contract Tower,0,7,28,0,35,0,16,117,2,135,0,23,145,2,170,308,0,308,478
07/04/2023,SGJ,FL,ASO,ES,Federal Contract Tower,0,5,11,0,16,0,20,52,6,78,0,25,63,6,94,42,0,42,136
07/05/2023,SGJ,FL,ASO,ES,Federal Contract Tower,0,12,34,2,48,0,10,119,4,133,0,22,153,6,181,244,0,244,425
07/06/2023,SGJ,FL,ASO,ES,Federal Contract Tower,0,3,37,0,40,0,9,93,2,104,0,12,130,2,144,194,0,194,338
07/07/2023,SGJ,FL,ASO,ES,Federal Contract Tower,0,15,36,13,64,0,18,149,0,167,0,33,185,13,231,186,0,186,417
07/08/2023,SGJ,FL,ASO,ES,Federal Contract Tower,0,10,45,0,55,0,22,102,2,126,0,32,147,2,181,156,0,156,337
07/09/2023,SGJ,FL,ASO,ES,Federal Contract Tower,0,6,25,0,31,0,6,37,0,43,0,12,62,0,74,40,0,40,114
07/10/2023,SGJ,FL,ASO,ES,Federal Contract Tower,0,10,22,0,32,0,8,41,1,50,0,18,63,1,82,80,2,82,164
07/11/2023,SGJ,FL,ASO,ES,Federal Contract Tower,0,12,27,6,45,0,14,97,4,115,0,26,124,10,160,240,0,240,400
07/12/2023,SGJ,FL,ASO,ES,Federal Contract Tower,0,12,44,3,59,0,2,136,4,142,0,14,180,7,201,278,0,278,479
07/13/2023,SGJ,FL,ASO,ES,Federal Contract Tower,0,5,29,4,38,0,14,153,0,167,0,19,182,4,205,300,0,300,505
07/14/2023,SGJ,FL,ASO,ES,Federal Contract Tower,0,14,57,0,71,0,0,72,1,73,0,14,129,1,144,124,0,124,268
07/15/2023,SGJ,FL,ASO,ES,Federal Contract Tower,0,7,48,6,61,0,8,124,0,132,0,15,172,6,193,228,0,228,421
07/16/2023,SGJ,FL,ASO,ES,Federal Contract Tower,0,9,59,1,69,0,0,39,0,39,0,9,98,1,108,128,0,128,236
07/17/2023,SGJ,FL,ASO,ES,Federal Contract Tower,0,7,32,0,39,0,10,43,2,55,0,17,75,2,94,116,8,124,218
07/18/2023,SGJ,FL,ASO,ES,Federal Contract Tower,0,9,56,2,67,0,2,123,4,129,0,11,179,6,196,270,0,270,466
07/19/2023,SGJ,FL,ASO,ES,Federal Contract Tower,0,9,48,1,58,0,12,162,2,176,0,21,210,3,234,308,0,308,542
07/20/2023,SGJ,FL,ASO,ES,Federal Contract Tower,0,12,38,0,50,0,12,144,0,156,0,24,182,0,206,246,0,246,452
07/21/2023,SGJ,FL,ASO,ES,Federal Contract Tower,0,13,38,0,51,0,12,134,1,147,0,25,172,1,198,238,0,238,436
07/22/2023,SGJ,FL,ASO,ES,Federal Contract Tower,0,4,47,0,51,0,18,112,0,130,0,22,159,0,181,96,0,96,277
07/23/2023,SGJ,FL,ASO,ES,Federal Contract Tower,0,5,18,1,24,0,6,22,0,28,0,11,40,1,52,40,0,40,92
07/24/2023,SGJ,FL,ASO,ES,Federal Contract Tower,0,15,25,0,40,0,10,53,0,63,0,25,78,0,103,70,0,70,173
07/25/2023,SGJ,FL,ASO,ES,Federal Contract Tower,0,16,43,2,61,0,14,122,6,142,0,30,165,8,203,150,2,152,355
07/26/2023,SGJ,FL,ASO,ES,Federal Contract Tower,0,10,36,1,47,0,10,180,7,197,0,20,216,8,244,338,2,340,584
07/27/2023,SGJ,FL,ASO,ES,Federal Contract Tower,0,14,47,0,61,0,14,127,2,143,0,28,174,2,204,262,10,272,476
07/28/2023,SGJ,FL,ASO,ES,Federal Contract Tower,0,8,43,0,51,0,10,36,0,46,0,18,79,0,97,26,0,26,123
07/29/2023,SGJ,FL,ASO,ES,Federal Contract Tower,0,7,33,0,40,0,8,133,0,141,0,15,166,0,181,270,0,270,451
07/30/2023,SGJ,FL,ASO,ES,Federal Contract Tower,0,9,31,0,40,0,2,86,0,88,0,11,117,0,128,60,0,60,188
07/31/2023,SGJ,FL,ASO,ES,Federal Contract Tower,0,10,37,0,47,0,4,94,0,98,0,14,131,0,145,156,0,156,301
08/01/2023,SGJ,FL,ASO,ES,Federal Contract Tower,0,12,37,2,51,0,10,134,13,157,0,22,171,15,208,288,0,288,496
08/02/2023,SGJ,FL,ASO,ES,Federal Contract Tower,0,7,41,0,48,0,7,146,4,157,0,14,187,4,205,289,0,289,494
08/03/2023,SGJ,FL,ASO,ES,Federal Contract Tower,0,9,32,3,44,0,8,146,4,158,0,17,178,7,202,216,2,218,420
08/04/2023,SGJ,FL,ASO,ES,Federal Contract Tower,0,13,34,2,49,0,10,91,0,101,0,23,125,2,150,190,0,190,340
08/05/2023,SGJ,FL,ASO,ES,Federal Contract Tower,0,8,39,0,47,0,2,97,0,99,0,10,136,0,146,142,6,148,294
08/06/2023,SGJ,FL,ASO,ES,Federal Contract Tower,0,14,41,0,55,0,6,82,0,88,0,20,123,0,143,50,0,50,193
08/07/2023,SGJ,FL,ASO,ES,Federal Contract Tower,0,17,42,0,59,0,18,151,0,169,0,35,193,0,228,198,0,198,426
08/08/2023,SGJ,FL,ASO,ES,Federal Contract Tower,0,12,54,1,67,0,14,164,8,186,0,26,218,9,253,278,8,286,539
08/09/2023,SGJ,FL,ASO,ES,Federal Contract Tower,0,11,35,2,48,0,0,173,6,179,0,11,208,8,227,346,6,352,579
08/10/2023,SGJ,FL,ASO,ES,Federal Contract Tower,0,20,33,2,55,0,1,146,0,147,0,21,179,2,202,251,0,251,453
08/11/2023,SGJ,FL,ASO,ES,Federal Contract Tower,0,12,53,11,76,0,0,132,2,134,0,12,185,13,210,250,0,250,460
08/12/2023,SGJ,FL,ASO,ES,Federal Contract Tower,0,4,34,0,38,0,0,112,0,112,0,4,146,0,150,196,0,196,346
08/13/2023,SGJ,FL,ASO,ES,Federal Contract Tower,0,8,27,2,37,0,0,95,0,95,0,8,122,2,132,96,0,96,228
08/14/2023,SGJ,FL,ASO,ES,Federal Contract Tower,0,7,29,0,36,0,103,4,0,107,0,110,33,0,143,252,11,263,406
08/15/2023,SGJ,FL,ASO,ES,Federal Contract Tower,0,11,33,3,47,0,2,110,4,116,0,13,143,7,163,226,10,236,399
08/16/2023,SGJ,FL,ASO,ES,Federal Contract Tower,0,12,56,2,70,0,14,101,4,119,0,26,157,6,189,176,0,176,365
08/17/2023,SGJ,FL,ASO,ES,Federal Contract Tower,0,12,53,1,66,0,4,106,6,116,0,16,159,7,182,181,12,193,375
08/18/2023,SGJ,FL,ASO,ES,Federal Contract Tower,0,10,47,1,58,0,10,129,0,139,0,20,176,1,197,202,0,202,399
08/19/2023,SGJ,FL,ASO,ES,Federal Contract Tower,0,7,37,0,44,0,20,120,0,140,0,27,157,0,184,192,0,192,376
08/20/2023,SGJ,FL,ASO,ES,Federal Contract Tower,0,9,41,0,50,0,12,71,0,83,0,21,112,0,133,82,0,82,215
08/21/2023,SGJ,FL,ASO,ES,Federal Contract Tower,0,17,31,0,48,0,4,109,2,115,0,21,140,2,163,222,0,222,385
08/22/2023,SGJ,FL,ASO,ES,Federal Contract Tower,0,7,34,0,41,0,16,162,4,182,0,23,196,4,223,304,0,304,527
08/23/2023,SGJ,FL,ASO,ES,Federal Contract Tower,0,5,36,2,43,0,4,123,4,131,0,9,159,6,174,156,0,156,330
08/24/2023,SGJ,FL,ASO,ES,Federal Contract Tower,0,11,51,0,62,0,2,158,0,160,0,13,209,0,222,244,0,244,466
08/25/2023,SGJ,FL,ASO,ES,Federal Contract Tower,0,19,48,8,75,0,1,155,6,162,0,20,203,14,237,188,2,190,427
08/26/2023,SGJ,FL,ASO,ES,Federal Contract Tower,0,10,35,1,46,0,12,115,2,129,0,22,150,3,175,158,10,168,343
08/27/2023,SGJ,FL,ASO,ES,Federal Contract Tower,0,10,39,1,50,0,6,113,2,121,0,16,152,3,171,176,0,176,347
08/28/2023,SGJ,FL,ASO,ES,Federal Contract Tower,0,7,23,4,34,0,0,44,8,52,0,7,67,12,86,118,0,118,204
08/29/2023,SGJ,FL,ASO,ES,Federal Contract Tower,0,8,29,3,40,0,4,82,0,86,0,12,111,3,126,180,0,180,306
08/31/2023,SGJ,FL,ASO,ES,Federal Contract Tower,0,2,19,1,22,0,9,91,0,100,0,11,110,1,122,224,0,224,346
01/01/2020,SGJ,FL,ASO,ES,Federal Contract Tower,0,5,19,0,24,0,10,87,0,97,0,15,106,0,121,50,0,50,171
01/02/2020,SGJ,FL,ASO,ES,Federal Contract Tower,0,0,34,0,34,0,12,170,0,182,0,12,204,0,216,215,0,215,431
01/03/2020,SGJ,FL,ASO,ES,Federal Contract Tower,0,9,37,2,48,0,22,91,0,113,0,31,128,2,161,138,0,138,299
01/04/2020,SGJ,FL,ASO,ES,Federal Contract Tower,0,4,22,0,26,0,4,19,0,23,0,8,41,0,49,38,0,38,87
01/05/2020,SGJ,FL,ASO,ES,Federal Contract Tower,0,5,43,0,48,0,22,188,0,210,0,27,231,0,258,295,0,295,553
01/06/2020,SGJ,FL,ASO,ES,Federal Contract Tower,0,3,28,1,32,0,6,182,0,188,0,9,210,1,220,346,0,346,566
01/07/2020,SGJ,FL,ASO,ES,Federal Contract Tower,0,1,53,2,56,0,0,169,0,169,0,1,222,2,225,238,0,238,463
01/08/2020,SGJ,FL,ASO,ES,Federal Contract Tower,0,7,36,0,43,0,191,2,0,193,0,198,38,0,236,365,0,365,601
01/09/2020,SGJ,FL,ASO,ES,Federal Contract Tower,0,6,37,3,46,0,6,146,2,154,0,12,183,5,200,318,0,318,518
01/10/2020,SGJ,FL,ASO,ES,Federal Contract Tower,0,7,36,4,47,0,10,168,0,178,0,17,204,4,225,330,0,330,555
01/11/2020,SGJ,FL,ASO,ES,Federal Contract Tower,0,1,29,0,30,0,8,55,0,63,0,9,84,0,93,92,0,92,185
01/12/2020,SGJ,FL,ASO,ES,Federal Contract Tower,0,10,30,0,40,0,10,77,0,87,0,20,107,0,127,202,0,202,329
01/13/2020,SGJ,FL,ASO,ES,Federal Contract Tower,0,14,29,0,43,0,6,115,4,125,0,20,144,4,168,317,0,317,485
01/14/2020,SGJ,FL,ASO,ES,Federal Contract Tower,0,5,35,0,40,0,6,116,7,129,0,11,151,7,169,354,0,354,523
01/15/2020,SGJ,FL,ASO,ES,Federal Contract Tower,0,1,38,3,42,0,18,207,1,226,0,19,245,4,268,384,0,384,652
01/16/2020,SGJ,FL,ASO,ES,Federal Contract Tower,0,6,53,4,63,0,4,114,0,118,0,10,167,4,181,404,2,406,587
01/17/2020,SGJ,FL,ASO,ES,Federal Contract Tower,0,20,20,0,40,0,3,85,2,90,0,23,105,2,130,42,0,42,172
01/18/2020,SGJ,FL,ASO,ES,Federal Contract Tower,0,0,40,0,40,0,19,221,0,240,0,19,261,0,280,320,0,320,600
01/19/2020,SGJ,FL,ASO,ES,Federal Contract Tower,0,3,20,0,23,0,4,17,0,21,0,7,37,0,44,24,0,24,68
01/20/2020,SGJ,FL,ASO,ES,Federal Contract Tower,0,7,40,4,51,0,8,133,0,141,0,15,173,4,192,272,0,272,464
01/21/2020,SGJ,FL,ASO,ES,Federal Contract Tower,0,4,34,0,38,0,0,98,1,99,0,4,132,1,137,122,0,122,259
01/22/2020,SGJ,FL,ASO,ES,Federal Contract Tower,0,13,28,1,42,0,0,7,0,7,0,13,35,1,49,0,0,0,49
01/23/2020,SGJ,FL,ASO,ES,Federal Contract Tower,0,2,36,0,38,0,0,5,0,5,0,2,41,0,43,6,0,6,49
01/24/2020,SGJ,FL,ASO,ES,Federal Contract Tower,0,7,62,1,70,0,2,125,4,131,0,9,187,5,201,376,8,384,585
01/25/2020,SGJ,FL,ASO,ES,Federal Contract Tower,0,9,48,0,57,0,16,222,0,238,0,25,270,0,295,370,0,370,665
01/26/2020,SGJ,FL,ASO,ES,Federal Contract Tower,0,6,41,0,47,0,8,199,0,207,0,14,240,0,254,281,0,281,535
01/27/2020,SGJ,FL,ASO,ES,Federal Contract Tower,0,5,38,2,45,0,0,176,4,180,0,5,214,6,225,365,0,365,590
01/28/2020,SGJ,FL,ASO,ES,Federal Contract Tower,0,9,36,3,48,0,4,194,15,213,0,13,230,18,261,437,12,449,710
01/29/2020,SGJ,FL,ASO,ES,Federal Contract Tower,0,5,40,3,48,0,12,148,0,160,0,17,188,3,208,220,0,220,428
01/30/2020,SGJ,FL,ASO,ES,Federal Contract Tower,0,4,39,4,47,0,0,5,1,6,0,4,44,5,53,0,0,0,53
01/31/2020,SGJ,FL,ASO,ES,Federal Contract Tower,0,14,49,2,65,0,2,82,2,86,0,16,131,4,151,342,0,342,493
02/01/2020,SGJ,FL,ASO,ES,Federal Contract Tower,0,0,32,0,32,0,0,6,0,6,0,0,38,0,38,94,0,94,132
02/02/2020,SGJ,FL,ASO,ES,Federal Contract Tower,0,4,36,2,42,0,8,153,0,161,0,12,189,2,203,242,0,242,445
02/03/2020,SGJ,FL,ASO,ES,Federal Contract Tower,0,2,36,2,40,0,2,191,0,193,0,4,227,2,233,458,0,458,691
02/04/2020,SGJ,FL,ASO,ES,Federal Contract Tower,0,3,36,9,48,0,2,171,5,178,0,5,207,14,226,404,0,404,630
02/05/2020,SGJ,FL,ASO,ES,Federal Contract Tower,0,4,46,1,51,0,0,185,3,188,0,4,231,4,239,360,0,360,599
02/06/2020,SGJ,FL,ASO,ES,Federal Contract Tower,0,0,23,5,28,0,0,11,2,13,0,0,34,7,41,6,4,10,51
02/07/2020,SGJ,FL,ASO,ES,Federal Contract Tower,0,6,35,1,42,0,6,67,0,73,0,12,102,1,115,52,2,54,169
02/08/2020,SGJ,FL,ASO,ES,Federal Contract Tower,0,3,54,1,58,0,8,242,2,252,0,11,296,3,310,394,6,400,710
02/09/2020,SGJ,FL,ASO,ES,Federal Contract Tower,0,8,46,0,54,0,14,162,0,176,0,22,208,0,230,352,0,352,582
02/10/2020,SGJ,FL,ASO,ES,Federal Contract Tower,0,3,41,0,44,0,2,138,0,140,0,5,179,0,184,304,0,304,488
02/11/2020,SGJ,FL,ASO,ES,Federal Contract Tower,0,3,49,1,53,0,12,124,6,142,0,15,173,7,195,274,12,286,481
02/12/2020,SGJ,FL,ASO,ES,Federal Contract Tower,0,9,40,2,51,0,6,82,10,98,0,15,122,12,149,236,8,244,393
02/13/2020,SGJ,FL,ASO,ES,Federal Contract Tower,0,5,54,2,61,0,0,83,3,86,0,5,137,5,147,80,4,84,231
02/14/2020,SGJ,FL,ASO,ES,Federal Contract Tower,0,9,53,0,62,0,12,13,0,25,0,21,66,0,87,0,0,0,87
02/15/2020,SGJ,FL,ASO,ES,Federal Contract Tower,0,5,50,0,55,0,24,151,4,179,0,29,201,4,234,184,0,184,418
02/16/2020,SGJ,FL,ASO,ES,Federal Contract Tower,0,12,29,0,41,0,12,103,0,115,0,24,132,0,156,340,0,340,496
02/17/2020,SGJ,FL,ASO,ES,Federal Contract Tower,0,12,32,0,44,0,0,0,0,0,0,12,32,0,44,0,0,0,44
02/18/2020,SGJ,FL,ASO,ES,Federal Contract Tower,0,1,34,3,38,0,4,134,4,142,0,5,168,7,180,348,0,348,528
02/19/2020,SGJ,FL,ASO,ES,Federal Contract Tower,0,3,49,4,56,0,0,126,2,128,0,3,175,6,184,298,4,302,486
02/20/2020,SGJ,FL,ASO,ES,Federal Contract Tower,0,8,69,0,77,0,0,0,0,0,0,8,69,0,77,0,0,0,77
02/21/2020,SGJ,FL,ASO,ES,Federal Contract Tower,0,2,30,3,35,0,6,7,0,13,0,8,37,3,48,2,0,2,50
02/22/2020,SGJ,FL,ASO,ES,Federal Contract Tower,0,5,34,0,39,0,14,83,2,99,0,19,117,2,138,72,2,74,212
02/23/2020,SGJ,FL,ASO,ES,Federal Contract Tower,0,5,51,0,56,0,8,271,0,279,0,13,322,0,335,388,0,388,723
02/24/2020,SGJ,FL,ASO,ES,Federal Contract Tower,0,8,42,0,50,0,4,162,3,169,0,12,204,3,219,302,0,302,521
02/25/2020,SGJ,FL,ASO,ES,Federal Contract Tower,0,10,34,3,47,0,0,29,0,29,0,10,63,3,76,94,4,98,174
02/26/2020,SGJ,FL,ASO,ES,Federal Contract Tower,0,0,28,2,30,0,0,59,2,61,0,0,87,4,91,86,6,92,183
02/27/2020,SGJ,FL,ASO,ES,Federal Contract Tower,0,2,46,2,50,0,3,214,2,219,0,5,260,4,269,424,2,426,695
02/28/2020,SGJ,FL,ASO,ES,Federal Contract Tower,0,3,46,3,52,0,0,232,4,236,0,3,278,7,288,360,4,364,652
02/29/2020,SGJ,FL,ASO,ES,Federal Contract Tower,0,6,32,0,38,0,10,98,0,108,0,16,130,0,146,140,0,140,286
03/01/2020,SGJ,FL,ASO,ES,Federal Contract Tower,0,0,32,0,32,0,6,217,1,224,0,6,249,1,256,276,0,276,532
03/02/2020,SGJ,FL,ASO,ES,Federal Contract Tower,0,3,46,6,55,0,2,142,0,144,0,5,188,6,199,266,0,266,465
03/03/2020,SGJ,FL,ASO,ES,Federal Contract Tower,0,3,20,0,23,0,2,110,5,117,0,5,130,5,140,188,2,190,330
03/04/2020,SGJ,FL,ASO,ES,Federal Contract Tower,0,5,41,4,50,0,2,129,2,133,0,7,170,6,183,272,4,276,459
03/05/2020,SGJ,FL,ASO,ES,Federal Contract Tower,0,4,35,2,41,0,4,24,0,28,0,8,59,2,69,6,8,14,83
03/06/2020,SGJ,FL,ASO,ES,Federal Contract Tower,0,2,55,4,61,0,0,173,3,176,0,2,228,7,237,398,0,398,635
03/07/2020,SGJ,FL,ASO,ES,Federal Contract Tower,0,3,33,5,41,0,0,111,0,111,0,3,144,5,152,116,0,116,268
03/08/2020,SGJ,FL,ASO,ES,Federal Contract Tower,0,1,29,0,30,0,0,96,0,96,0,1,125,0,126,136,0,136,262
03/09/2020,SGJ,FL,ASO,ES,Federal Contract Tower,0,10,52,4,66,0,2,180,0,182,0,12,232,4,248,446,0,446,694
03/10/2020,SGJ,FL,ASO,ES,Federal Contract Tower,0,19,53,3,75,0,10,185,4,199,0,29,238,7,274,392,0,392,666
03/11/2020,SGJ,FL,ASO,ES,Federal Contract Tower,0,13,34,3,50,0,8,214,1,223,0,21,248,4,273,446,0,446,719
03/12/2020,SGJ,FL,ASO,ES,Federal Contract Tower,0,9,53,4,66,0,0,183,0,183,0,9,236,4,249,368,0,368,617
03/13/2020,SGJ,FL,ASO,ES,Federal Contract Tower,0,26,63,1,90,0,7,250,1,258,0,33,313,2,348,430,0,430,778
03/14/2020,SGJ,FL,ASO,ES,Federal Contract Tower,0,7,33,0,40,0,14,187,1,202,0,21,220,1,242,440,0,440,682
03/15/2020,SGJ,FL,ASO,ES,Federal Contract Tower,0,8,41,2,51,0,6,156,0,162,0,14,197,2,213,360,0,360,573
03/16/2020,SGJ,FL,ASO,ES,Federal Contract Tower,0,6,48,1,55,0,4,94,0,98,0,10,142,1,153,389,0,389,542
03/17/2020,SGJ,FL,ASO,ES,Federal Contract Tower,0,3,40,3,46,0,10,130,0,140,0,13,170,3,186,323,0,323,509
03/18/2020,SGJ,FL,ASO,ES,Federal Contract Tower,0,5,29,8,42,0,4,181,4,189,0,9,210,12,231,376,14,390,621
03/19/2020,SGJ,FL,ASO,ES,Federal Contract Tower,0,5,27,0,32,0,10,171,1,182,0,15,198,1,214,282,0,282,496
03/20/2020,SGJ,FL,ASO,ES,Federal Contract Tower,0,4,43,3,50,0,2,126,1,129,0,6,169,4,179,235,0,235,414
03/21/2020,SGJ,FL,ASO,ES,Federal Contract Tower,0,2,37,0,39,0,6,150,0,156,0,8,187,0,195,388,0,388,583
03/22/2020,SGJ,FL,ASO,ES,Federal Contract Tower,0,2,24,0,26,0,0,128,0,128,0,2,152,0,154,280,0,280,434
03/23/2020,SGJ,FL,ASO,ES,Federal Contract Tower,0,2,15,1,18,0,2,153,2,157,0,4,168,3,175,298,0,298,473
03/24/2020,SGJ,FL,ASO,ES,Federal Contract Tower,0,1,29,7,37,0,0,134,2,136,0,1,163,9,173,337,2,339,512
03/25/2020,SGJ,FL,ASO,ES,Federal Contract Tower,0,2,26,4,32,0,0,37,2,39,0,2,63,6,71,18,0,18,89
03/26/2020,SGJ,FL,ASO,ES,Federal Contract Tower,0,0,39,1,40,0,2,104,1,107,0,2,143,2,147,338,20,358,505
03/27/2020,SGJ,FL,ASO,ES,Federal Contract Tower,0,3,36,4,43,0,4,103,2,109,0,7,139,6,152,176,0,176,328
03/28/2020,SGJ,FL,ASO,ES,Federal Contract Tower,0,0,17,2,19,0,0,180,0,180,0,0,197,2,199,312,0,312,511
03/29/2020,SGJ,FL,ASO,ES,Federal Contract Tower,0,2,11,0,13,0,2,134,0,136,0,4,145,0,149,266,0,266,415
03/30/2020,SGJ,FL,ASO,ES,Federal Contract Tower,0,0,11,0,11,0,0,114,2,116,0,0,125,2,127,294,0,294,421
04/01/2020,SGJ,FL,ASO,ES,Federal Contract Tower,0,0,23,1,24,0,2,104,2,108,0,2,127,3,132,220,4,224,356
04/02/2020,SGJ,FL,ASO,ES,Federal Contract Tower,0,9,14,1,24,0,0,166,2,168,0,9,180,3,192,483,8,491,683
04/03/2020,SGJ,FL,ASO,ES,Federal Contract Tower,0,0,15,0,15,0,0,115,0,115,0,0,130,0,130,279,0,279,409
04/04/2020,SGJ,FL,ASO,ES,Federal Contract Tower,0,0,10,0,10,0,0,120,0,120,0,0,130,0,130,271,0,271,401
04/05/2020,SGJ,FL,ASO,ES,Federal Contract Tower,0,2,20,0,22,0,0,40,0,40,0,2,60,0,62,184,0,184,246
04/06/2020,SGJ,FL,ASO,ES,Federal Contract Tower,0,2,16,0,18,0,0,126,1,127,0,2,142,1,145,214,2,216,361
04/07/2020,SGJ,FL,ASO,ES,Federal Contract Tower,0,2,31,0,33,0,6,202,0,208,0,8,233,0,241,303,0,303,544
04/08/2020,SGJ,FL,ASO,ES,Federal Contract Tower,0,1,23,5,29,0,0,50,4,54,0,1,73,9,83,88,22,110,193
04/09/2020,SGJ,FL,ASO,ES,Federal Contract Tower,0,1,18,1,20,0,0,66,2,68,0,1,84,3,88,129,8,137,225
04/10/2020,SGJ,FL,ASO,ES,Federal Contract Tower,0,2,15,0,17,0,0,93,0,93,0,2,108,0,110,380,0,380,490
04/11/2020,SGJ,FL,ASO,ES,Federal Contract Tower,0,0,26,0,26,0,4,194,0,198,0,4,220,0,224,470,0,470,694
04/12/2020,SGJ,FL,ASO,ES,Federal Contract Tower,0,2,3,0,5,0,0,3,0,3,0,2,6,0,8,0,0,0,8
04/13/2020,SGJ,FL,ASO,ES,Federal Contract Tower,0,0,8,0,8,0,0,7,0,7,0,0,15,0,15,10,0,10,25
04/14/2020,SGJ,FL,ASO,ES,Federal Contract Tower,0,0,0,2,2,0,0,5,0,5,0,0,5,2,7,33,0,33,40
04/15/2020,SGJ,FL,ASO,ES,Federal Contract Tower,0,4,7,0,11,0,0,2,0,2,0,4,9,0,13,0,0,0,13
04/16/2020,SGJ,FL,ASO,ES,Federal Contract Tower,0,1,13,0,14,0,2,44,3,49,0,3,57,3,63,6,0,6,69
04/17/2020,SGJ,FL,ASO,ES,Federal Contract Tower,0,2,23,4,29,0,0,95,0,95,0,2,118,4,124,399,8,407,531
04/18/2020,SGJ,FL,ASO,ES,Federal Contract Tower,0,2,9,0,11,0,0,42,6,48,0,2,51,6,59,218,0,218,277
04/19/2020,SGJ,FL,ASO,ES,Federal Contract Tower,0,1,7,0,8,0,0,79,0,79,0,1,86,0,87,152,0,152,239
04/20/2020,SGJ,FL,ASO,ES,Federal Contract Tower,0,2,8,0,10,0,0,22,3,25,0,2,30,3,35,58,18,76,111
04/21/2020,SGJ,FL,ASO,ES,Federal Contract Tower,0,2,12,7,21,0,0,213,2,215,0,2,225,9,236,361,0,361,597
04/22/2020,SGJ,FL,ASO,ES,Federal Contract Tower,0,2,7,5,14,0,0,176,0,176,0,2,183,5,190,330,0,330,520
04/23/2020,SGJ,FL,ASO,ES,Federal Contract Tower,0,0,9,2,11,0,2,57,6,65,0,2,66,8,76,86,10,96,172
04/24/2020,SGJ,FL,ASO,ES,Federal Contract Tower,0,0,16,0,16,0,0,19,2,21,0,0,35,2,37,10,0,10,47
04/25/2020,SGJ,FL,ASO,ES,Federal Contract Tower,0,4,22,0,26,0,2,68,0,70,0,6,90,0,96,292,0,292,388
04/26/2020,SGJ,FL,ASO,ES,Federal Contract Tower,0,0,14,0,14,0,8,92,0,100,0,8,106,0,114,246,0,246,360
04/27/2020,SGJ,FL,ASO,ES,Federal Contract Tower,0,0,28,1,29,0,6,114,3,123,0,6,142,4,152,188,0,188,340
04/28/2020,SGJ,FL,ASO,ES,Federal Contract Tower,0,1,22,1,24,0,6,147,3,156,0,7,169,4,180,273,28,301,481
04/29/2020,SGJ,FL,ASO,ES,Federal Contract Tower,0,3,17,0,20,0,0,67,1,68,0,3,84,1,88,85,0,85,173
04/30/2020,SGJ,FL,ASO,ES,Federal Contract Tower,0,2,25,1,28,0,2,69,3,74,0,4,94,4,102,206,18,224,326
05/01/2020,SGJ,FL,ASO,ES,Federal Contract Tower,0,1,24,4,29,0,0,94,0,94,0,1,118,4,123,128,4,132,255
05/02/2020,SGJ,FL,ASO,ES,Federal Contract Tower,0,0,15,0,15,0,4,123,0,127,0,4,138,0,142,326,0,326,468
05/03/2020,SGJ,FL,ASO,ES,Federal Contract Tower,0,0,17,0,17,0,2,106,0,108,0,2,123,0,125,134,0,134,259
05/04/2020,SGJ,FL,ASO,ES,Federal Contract Tower,0,4,23,2,29,0,0,126,2,128,0,4,149,4,157,200,0,200,357
05/05/2020,SGJ,FL,ASO,ES,Federal Contract Tower,0,5,14,1,20,0,0,116,4,120,0,5,130,5,140,160,6,166,306
05/06/2020,SGJ,FL,ASO,ES,Federal Contract Tower,0,6,17,2,25,0,0,78,0,78,0,6,95,2,103,144,0,144,247
05/07/2020,SGJ,FL,ASO,ES,Federal Contract Tower,0,2,42,0,44,0,7,161,2,170,0,9,203,2,214,88,3,91,305
05/08/2020,SGJ,FL,ASO,ES,Federal Contract Tower,0,2,25,0,27,0,5,74,2,81,0,7,99,2,108,171,0,171,279
05/09/2020,SGJ,FL,ASO,ES,Federal Contract Tower,0,1,18,0,19,0,4,33,0,37,0,5,51,0,56,78,0,78,134
05/10/2020,SGJ,FL,ASO,ES,Federal Contract Tower,0,3,15,0,18,0,2,16,0,18,0,5,31,0,36,32,0,32,68
05/11/2020,SGJ,FL,ASO,ES,Federal Contract Tower,0,2,25,2,29,0,10,120,5,135,0,12,145,7,164,277,0,277,441
05/12/2020,SGJ,FL,ASO,ES,Federal Contract Tower,0,0,29,1,30,0,6,131,0,137,0,6,160,1,167,223,0,223,390
05/13/2020,SGJ,FL,ASO,ES,Federal Contract Tower,0,2,23,4,29,0,0,118,0,118,0,2,141,4,147,298,0,298,445
05/14/2020,SGJ,FL,ASO,ES,Federal Contract Tower,0,7,21,0,28,0,0,100,0,100,0,7,121,0,128,122,0,122,250
05/15/2020,SGJ,FL,ASO,ES,Federal Contract Tower,0,6,19,1,26,0,2,117,0,119,0,8,136,1,145,258,0,258,403
05/16/2020,SGJ,FL,ASO,ES,Federal Contract Tower,0,2,23,0,25,0,4,58,0,62,0,6,81,0,87,84,0,84,171
05/17/2020,SGJ,FL,ASO,ES,Federal Contract Tower,0,0,33,0,33,0,8,47,0,55,0,8,80,0,88,94,0,94,182
05/18/2020,SGJ,FL,ASO,ES,Federal Contract Tower,0,4,22,0,26,0,0,82,0,82,0,4,104,0,108,114,0,114,222
05/19/2020,SGJ,FL,ASO,ES,Federal Contract Tower,0,1,38,1,40,0,10,130,5,145,0,11,168,6,185,270,6,276,461
05/20/2020,SGJ,FL,ASO,ES,Federal Contract Tower,0,6,33,0,39,0,2,118,0,120,0,8,151,0,159,216,10,226,385
05/21/2020,SGJ,FL,ASO,ES,Federal Contract Tower,0,3,27,0,30,0,0,140,6,146,0,3,167,6,176,348,0,348,524
05/22/2020,SGJ,FL,ASO,ES,Federal Contract Tower,0,2,41,2,45,0,2,183,0,185,0,4,224,2,230,324,14,338,568
05/23/2020,SGJ,FL,ASO,ES,Federal Contract Tower,0,3,33,0,36,0,9,112,5,126,0,12,145,5,162,230,0,230,392
05/24/2020,SGJ,FL,ASO,ES,Federal Contract Tower,0,7,21,0,28,0,8,100,0,108,0,15,121,0,136,121,0,121,257
05/25/2020,SGJ,FL,ASO,ES,Federal Contract Tower,0,10,14,0,24,0,0,25,0,25,0,10,39,0,49,30,0,30,79
05/26/2020,SGJ,FL,ASO,ES,Federal Contract Tower,0,7,11,0,18,0,0,0,0,0,0,7,11,0,18,0,0,0,18
05/27/2020,SGJ,FL,ASO,ES,Federal Contract Tower,0,4,33,1,38,0,0,19,0,19,0,4,52,1,57,2,0,2,59
05/28/2020,SGJ,FL,ASO,ES,Federal Contract Tower,0,4,35,8,47,0,0,71,0,71,0,4,106,8,118,190,0,190,308
05/29/2020,SGJ,FL,ASO,ES,Federal Contract Tower,0,1,17,0,18,0,10,106,1,117,0,11,123,1,135,198,0,198,333
05/30/2020,SGJ,FL,ASO,ES,Federal Contract Tower,0,3,36,0,39,0,14,87,0,101,0,17,123,0,140,158,0,158,298
05/31/2020,SGJ,FL,ASO,ES,Federal Contract Tower,0,4,32,2,38,0,17,76,2,95,0,21,108,4,133,74,0,74,207
06/01/2020,SGJ,FL,ASO,ES,Federal Contract Tower,0,3,33,2,38,0,2,63,2,67,0,5,96,4,105,102,0,102,207
06/02/2020,SGJ,FL,ASO,ES,Federal Contract Tower,0,5,41,1,47,0,3,122,0,125,0,8,163,1,172,200,4,204,376
06/03/2020,SGJ,FL,ASO,ES,Federal Contract Tower,0,5,28,1,34,0,0,129,0,129,0,5,157,1,163,169,0,169,332
06/04/2020,SGJ,FL,ASO,ES,Federal Contract Tower,0,5,10,0,15,0,0,7,2,9,0,5,17,2,24,32,8,40,64
06/05/2020,SGJ,FL,ASO,ES,Federal Contract Tower,0,4,31,4,39,0,2,74,0,76,0,6,105,4,115,100,0,100,215
06/06/2020,SGJ,FL,ASO,ES,Federal Contract Tower,0,3,9,0,12,0,0,21,0,21,0,3,30,0,33,36,0,36,69
06/07/2020,SGJ,FL,ASO,ES,Federal Contract Tower,0,7,13,0,20,0,0,0,0,0,0,7,13,0,20,0,0,0,20
06/08/2020,SGJ,FL,ASO,ES,Federal Contract Tower,0,4,28,1,33,0,2,42,0,44,0,6,70,1,77,40,0,40,117
06/09/2020,SGJ,FL,ASO,ES,Federal Contract Tower,0,1,28,3,32,0,2,94,2,98,0,3,122,5,130,168,6,174,304
06/10/2020,SGJ,FL,ASO,ES,Federal Contract Tower,0,4,41,3,48,0,8,105,6,119,0,12,146,9,167,200,6,206,373
06/11/2020,SGJ,FL,ASO,ES,Federal Contract Tower,0,1,41,3,45,0,18,151,3,172,0,19,192,6,217,298,16,314,531
06/12/2020,SGJ,FL,ASO,ES,Federal Contract Tower,0,4,26,0,30,0,6,150,0,156,0,10,176,0,186,236,0,236,422
06/13/2020,SGJ,FL,ASO,ES,Federal Contract Tower,0,1,19,4,24,0,20,53,0,73,0,21,72,4,97,102,2,104,201
06/14/2020,SGJ,FL,ASO,ES,Federal Contract Tower,0,2,15,0,17,0,4,38,2,44,0,6,53,2,61,34,0,34,95
06/15/2020,SGJ,FL,ASO,ES,Federal Contract Tower,0,4,29,5,38,0,22,104,0,126,0,26,133,5,164,186,0,186,350
06/16/2020,SGJ,FL,ASO,ES,Federal Contract Tower,0,7,45,11,63,0,3,175,8,186,0,10,220,19,249,281,0,281,530
06/17/2020,SGJ,FL,ASO,ES,Federal Contract Tower,0,4,37,5,46,0,2,117,3,122,0,6,154,8,168,284,28,312,480
06/18/2020,SGJ,FL,ASO,ES,Federal Contract Tower,0,6,31,7,44,0,11,122,2,135,0,17,153,9,179,205,2,207,386
06/19/2020,SGJ,FL,ASO,ES,Federal Contract Tower,0,2,31,2,35,0,6,84,0,90,0,8,115,2,125,112,4,116,241
06/20/2020,SGJ,FL,ASO,ES,Federal Contract Tower,0,3,20,0,23,0,20,56,0,76,0,23,76,0,99,72,0,72,171
06/21/2020,SGJ,FL,ASO,ES,Federal Contract Tower,0,4,29,0,33,0,20,75,0,95,0,24,104,0,128,66,0,66,194
06/22/2020,SGJ,FL,ASO,ES,Federal Contract Tower,0,3,29,3,35,0,8,133,6,147,0,11,162,9,182,165,0,165,347
06/23/2020,SGJ,FL,ASO,ES,Federal Contract Tower,0,5,31,0,36,0,1,84,0,85,0,6,115,0,121,124,0,124,245
06/24/2020,SGJ,FL,ASO,ES,Federal Contract Tower,0,7,30,2,39,0,0,115,1,116,0,7,145,3,155,162,0,162,317
06/25/2020,SGJ,FL,ASO,ES,Federal Contract Tower,0,8,29,0,37,0,32,161,0,193,0,40,190,0,230,250,6,256,486
06/26/2020,SGJ,FL,ASO,ES,Federal Contract Tower,0,5,55,3,63,0,10,105,3,118,0,15,160,6,181,172,0,172,353
06/27/2020,SGJ,FL,ASO,ES,Federal Contract Tower,0,7,40,2,49,0,8,79,0,87,0,15,119,2,136,116,2,118,254
06/28/2020,SGJ,FL,ASO,ES,Federal Contract Tower,0,3,26,1,30,0,18,56,0,74,0,21,82,1,104,28,0,28,132
06/29/2020,SGJ,FL,ASO,ES,Federal Contract Tower,0,5,30,4,39,0,8,106,0,114,0,13,136,4,153,178,0,178,331
06/30/2020,SGJ,FL,ASO,ES,Federal Contract Tower,0,5,31,3,39,0,1,99,10,110,0,6,130,13,149,156,8,164,313
07/01/2020,SGJ,FL,ASO,ES,Federal Contract Tower,0,5,34,0,39,0,0,119,0,119,0,5,153,0,158,172,10,182,340
07/02/2020,SGJ,FL,ASO,ES,Federal Contract Tower,0,2,29,2,33,0,16,69,4,89,0,18,98,6,122,162,6,168,290
07/03/2020,SGJ,FL,ASO,ES,Federal Contract Tower,0,4,24,0,28,0,0,81,0,81,0,4,105,0,109,120,0,120,229
07/04/2020,SGJ,FL,ASO,ES,Federal Contract Tower,0,2,11,0,13,0,14,47,0,61,0,16,58,0,74,52,0,52,126
07/05/2020,SGJ,FL,ASO,ES,Federal Contract Tower,0,2,21,0,23,0,8,30,0,38,0,10,51,0,61,22,0,22,83
07/06/2020,SGJ,FL,ASO,ES,Federal Contract Tower,0,3,29,2,34,0,4,50,2,56,0,7,79,4,90,72,4,76,166
07/07/2020,SGJ,FL,ASO,ES,Federal Contract Tower,0,5,19,4,28,0,0,60,0,60,0,5,79,4,88,78,0,78,166
07/08/2020,SGJ,FL,ASO,ES,Federal Contract Tower,0,4,21,0,25,0,0,46,0,46,0,4,67,0,71,110,0,110,181
07/09/2020,SGJ,FL,ASO,ES,Federal Contract Tower,0,5,22,3,30,0,6,101,4,111,0,11,123,7,141,80,14,94,235
07/10/2020,SGJ,FL,ASO,ES,Federal Contract Tower,0,3,28,0,31,0,14,80,0,94,0,17,108,0,125,90,0,90,215
07/11/2020,SGJ,FL,ASO,ES,Federal Contract Tower,0,1,21,4,26,0,12,79,1,92,0,13,100,5,118,102,0,102,220
07/12/2020,SGJ,FL,ASO,ES,Federal Contract Tower,0,5,28,0,33,0,20,91,0,111,0,25,119,0,144,108,0,108,252
07/13/2020,SGJ,FL,ASO,ES,Federal Contract Tower,0,3,27,0,30,0,10,88,0,98,0,13,115,0,128,166,0,166,294
07/14/2020,SGJ,FL,ASO,ES,Federal Contract Tower,0,3,39,1,43,0,4,86,0,90,0,7,125,1,133,110,0,110,243
07/15/2020,SGJ,FL,ASO,ES,Federal Contract Tower,0,3,37,3,43,0,2,96,2,100,0,5,133,5,143,106,20,126,269
07/16/2020,SGJ,FL,ASO,ES,Federal Contract Tower,0,8,46,0,54,0,10,120,0,130,0,18,166,0,184,206,0,206,390
07/17/2020,SGJ,FL,ASO,ES,Federal Contract Tower,0,4,47,0,51,0,4,87,0,91,0,8,134,0,142,186,0,186,328
07/18/2020,SGJ,FL,ASO,ES,Federal Contract Tower,0,0,29,3,32,0,22,120,2,144,0,22,149,5,176,122,6,128,304
07/19/2020,SGJ,FL,ASO,ES,Federal Contract Tower,0,6,21,9,36,0,6,75,1,82,0,12,96,10,118,82,0,82,200
07/20/2020,SGJ,FL,ASO,ES,Federal Contract Tower,0,2,26,2,30,0,4,81,2,87,0,6,107,4,117,152,0,152,269
07/21/2020,SGJ,FL,ASO,ES,Federal Contract Tower,0,5,46,1,52,0,0,120,4,124,0,5,166,5,176,310,2,312,488
07/22/2020,SGJ,FL,ASO,ES,Federal Contract Tower,0,9,21,0,30,0,0,44,2,46,0,9,65,2,76,62,8,70,146
07/23/2020,SGJ,FL,ASO,ES,Federal Contract Tower,0,5,26,0,31,0,0,46,2,48,0,5,72,2,79,102,2,104,183
07/24/2020,SGJ,FL,ASO,ES,Federal Contract Tower,0,4,33,3,40,0,10,130,0,140,0,14,163,3,180,186,0,186,366
07/25/2020,SGJ,FL,ASO,ES,Federal Contract Tower,0,11,33,3,47,0,12,88,1,101,0,23,121,4,148,140,0,140,288
07/26/2020,SGJ,FL,ASO,ES,Federal Contract Tower,0,3,13,0,16,0,24,67,0,91,0,27,80,0,107,126,0,126,233
07/27/2020,SGJ,FL,ASO,ES,Federal Contract Tower,0,3,24,0,27,0,2,58,0,60,0,5,82,0,87,172,2,174,261
07/28/2020,SGJ,FL,ASO,ES,Federal Contract Tower,0,10,40,0,50,0,2,71,6,79,0,12,111,6,129,74,0,74,203
07/29/2020,SGJ,FL,ASO,ES,Federal Contract Tower,0,6,20,0,26,0,0,89,2,91,0,6,109,2,117,148,8,156,273
07/30/2020,SGJ,FL,ASO,ES,Federal Contract Tower,0,5,41,0,46,0,6,94,4,104,0,11,135,4,150,87,0,87,237
07/31/2020,SGJ,FL,ASO,ES,Federal Contract Tower,0,6,50,0,56,0,6,89,0,95,0,12,139,0,151,88,0,88,239
08/01/2020,SGJ,FL,ASO,ES,Federal Contract Tower,0,8,23,0,31,0,4,74,0,78,0,12,97,0,109,79,0,79,188
08/02/2020,SGJ,FL,ASO,ES,Federal Contract Tower,0,2,16,0,18,0,0,6,0,6,0,2,22,0,24,18,0,18,42
08/03/2020,SGJ,FL,ASO,ES,Federal Contract Tower,0,4,9,0,13,0,0,17,0,17,0,4,26,0,30,20,0,20,50
08/04/2020,SGJ,FL,ASO,ES,Federal Contract Tower,0,6,34,0,40,0,0,101,8,109,0,6,135,8,149,142,0,142,291
08/05/2020,SGJ,FL,ASO,ES,Federal Contract Tower,0,5,25,5,35,0,0,117,6,123,0,5,142,11,158,281,0,281,439
08/06/2020,SGJ,FL,ASO,ES,Federal Contract Tower,0,9,22,0,31,0,12,78,8,98,0,21,100,8,129,141,10,151,280
08/07/2020,SGJ,FL,ASO,ES,Federal Contract Tower,0,2,30,0,32,0,7,94,0,101,0,9,124,0,133,178,0,178,311
08/08/2020,SGJ,FL,ASO,ES,Federal Contract Tower,0,4,31,0,35,0,32,116,0,148,0,36,147,0,183,204,0,204,387
08/09/2020,SGJ,FL,ASO,ES,Federal Contract Tower,0,4,16,0,20,0,18,55,0,73,0,22,71,0,93,104,0,104,197
08/10/2020,SGJ,FL,ASO,ES,Federal Contract Tower,0,3,19,0,22,0,4,70,2,76,0,7,89,2,98,122,0,122,220
08/11/2020,SGJ,FL,ASO,ES,Federal Contract Tower,0,5,23,1,29,0,58,0,0,58,0,63,23,1,87,88,0,88,175
08/12/2020,SGJ,FL,ASO,ES,Federal Contract Tower,0,14,32,3,49,0,0,79,0,79,0,14,111,3,128,114,1,115,243
08/13/2020,SGJ,FL,ASO,ES,Federal Contract Tower,0,8,21,0,29,0,20,126,2,148,0,28,147,2,177,220,2,222,399
08/14/2020,SGJ,FL,ASO,ES,Federal Contract Tower,0,2,19,0,21,0,6,86,0,92,0,8,105,0,113,162,0,162,275
08/15/2020,SGJ,FL,ASO,ES,Federal Contract Tower,0,1,29,0,30,0,2,71,2,75,0,3,100,2,105,100,0,100,205
08/16/2020,SGJ,FL,ASO,ES,Federal Contract Tower,0,2,22,0,24,0,14,63,0,77,0,16,85,0,101,118,8,126,227
08/17/2020,SGJ,FL,ASO,ES,Federal Contract Tower,0,2,12,2,16,0,20,55,2,77,0,22,67,4,93,144,2,146,239
08/18/2020,SGJ,FL,ASO,ES,Federal Contract Tower,0,6,21,4,31,0,0,49,1,50,0,6,70,5,81,128,0,128,209
08/19/2020,SGJ,FL,ASO,ES,Federal Contract Tower,0,8,25,0,33,0,0,92,4,96,0,8,117,4,129,189,12,201,330
08/20/2020,SGJ,FL,ASO,ES,Federal Contract Tower,0,5,16,1,22,0,10,103,17,130,0,15,119,18,152,216,22,238,390
08/21/2020,SGJ,FL,ASO,ES,Federal Contract Tower,0,1,28,0,29,0,4,81,0,85,0,5,109,0,114,246,0,246,360
08/22/2020,SGJ,FL,ASO,ES,Federal Contract Tower,0,2,28,0,30,0,14,66,0,80,0,16,94,0,110,159,0,159,269
08/23/2020,SGJ,FL,ASO,ES,Federal Contract Tower,0,9,38,1,48,0,20,86,0,106,0,29,124,1,154,126,0,126,280
08/24/2020,SGJ,FL,ASO,ES,Federal Contract Tower,0,1,27,1,29,0,4,25,0,29,0,5,52,1,58,62,0,62,120
08/25/2020,SGJ,FL,ASO,ES,Federal Contract Tower,0,0,53,5,58,0,0,77,0,77,0,0,130,5,135,180,8,188,323
08/26/2020,SGJ,FL,ASO,ES,Federal Contract Tower,0,5,47,2,54,0,0,83,0,83,0,5,130,2,137,166,22,188,325
08/27/2020,SGJ,FL,ASO,ES,Federal Contract Tower,0,7,47,6,60,0,12,96,1,109,0,19,143,7,169,162,18,180,349
08/28/2020,SGJ,FL,ASO,ES,Federal Contract Tower,0,2,36,1,39,0,15,99,0,114,0,17,135,1,153,154,0,154,307
08/29/2020,SGJ,FL,ASO,ES,Federal Contract Tower,0,4,22,0,26,0,8,53,0,61,0,12,75,0,87,106,0,106,193
08/30/2020,SGJ,FL,ASO,ES,Federal Contract Tower,0,9,16,0,25,0,5,13,2,20,0,14,29,2,45,16,0,16,61
08/31/2020,SGJ,FL,ASO,ES,Federal Contract Tower,0,2,27,1,30,0,2,14,4,20,0,4,41,5,50,10,2,12,62
09/01/2020,SGJ,FL,ASO,ES,Federal Contract Tower,0,11,34,0,45,0,0,28,6,34,0,11,62,6,79,42,0,42,121
09/02/2020,SGJ,FL,ASO,ES,Federal Contract Tower,0,0,38,0,38,0,0,55,8,63,0,0,93,8,101,144,0,144,245
09/03/2020,SGJ,FL,ASO,ES,Federal Contract Tower,0,0,26,2,28,0,0,112,0,112,0,0,138,2,140,230,0,230,370
09/04/2020,SGJ,FL,ASO,ES,Federal Contract Tower,0,10,39,0,49,0,10,119,2,131,0,20,158,2,180,234,0,234,414
09/05/2020,SGJ,FL,ASO,ES,Federal Contract Tower,0,7,20,0,27,0,16,127,0,143,0,23,147,0,170,222,0,222,392
09/06/2020,SGJ,FL,ASO,ES,Federal Contract Tower,0,6,15,0,21,0,26,68,0,94,0,32,83,0,115,84,0,84,199
09/07/2020,SGJ,FL,ASO,ES,Federal Contract Tower,0,6,35,0,41,0,16,68,0,84,0,22,103,0,125,122,0,122,247
09/08/2020,SGJ,FL,ASO,ES,Federal Contract Tower,0,3,17,1,21,0,4,66,17,87,0,7,83,18,108,112,0,112,220
09/09/2020,SGJ,FL,ASO,ES,Federal Contract Tower,0,8,27,4,39,0,0,73,1,74,0,8,100,5,113,58,2,60,173
09/10/2020,SGJ,FL,ASO,ES,Federal Contract Tower,0,4,37,1,42,0,10,73,2,85,0,14,110,3,127,151,6,157,284
09/11/2020,SGJ,FL,ASO,ES,Federal Contract Tower,0,1,27,6,34,0,0,62,6,68,0,1,89,12,102,57,33,90,192
09/12/2020,SGJ,FL,ASO,ES,Federal Contract Tower,0,4,25,1,30,0,0,23,0,23,0,4,48,1,53,46,0,46,99
09/13/2020,SGJ,FL,ASO,ES,Federal Contract Tower,0,7,11,2,20,0,6,3,0,9,0,13,14,2,29,26,0,26,55
09/14/2020,SGJ,FL,ASO,ES,Federal Contract Tower,0,6,32,1,39,0,10,72,0,82,0,16,104,1,121,152,0,152,273
09/15/2020,SGJ,FL,ASO,ES,Federal Contract Tower,0,4,49,0,53,0,4,78,16,98,0,8,127,16,151,196,6,202,353
09/16/2020,SGJ,FL,ASO,ES,Federal Contract Tower,0,6,41,0,47,0,11,68,0,79,0,17,109,0,126,158,12,170,296
09/17/2020,SGJ,FL,ASO,ES,Federal Contract Tower,0,6,17,3,26,0,6,42,2,50,0,12,59,5,76,44,8,52,128
09/18/2020,SGJ,FL,ASO,ES,Federal Contract Tower,0,3,45,3,51,0,12,107,1,120,0,15,152,4,171,172,6,178,349
09/19/2020,SGJ,FL,ASO,ES,Federal Contract Tower,0,6,15,0,21,0,2,3,0,5,0,8,18,0,26,0,0,0,26
09/20/2020,SGJ,FL,ASO,ES,Federal Contract Tower,0,0,8,0,8,0,5,2,1,8,0,5,10,1,16,0,0,0,16
09/21/2020,SGJ,FL,ASO,ES,Federal Contract Tower,0,5,10,0,15,0,7,6,0,13,0,12,16,0,28,0,2,2,30
09/22/2020,SGJ,FL,ASO,ES,Federal Contract Tower,0,8,24,0,32,0,2,74,6,82,0,10,98,6,114,78,2,80,194
09/23/2020,SGJ,FL,ASO,ES,Federal Contract Tower,0,6,37,0,43,0,0,149,7,156,0,6,186,7,199,236,0,236,435
09/24/2020,SGJ,FL,ASO,ES,Federal Contract Tower,0,9,34,0,43,0,16,111,0,127,0,25,145,0,170,212,0,212,382
09/25/2020,SGJ,FL,ASO,ES,Federal Contract Tower,0,12,43,4,59,0,10,85,0,95,0,22,128,4,154,224,0,224,378
09/26/2020,SGJ,FL,ASO,ES,Federal Contract Tower,0,8,36,0,44,0,22,171,2,195,0,30,207,2,239,326,0,326,565
09/27/2020,SGJ,FL,ASO,ES,Federal Contract Tower,0,4,25,0,29,0,0,19,0,19,0,4,44,0,48,32,0,32,80
09/28/2020,SGJ,FL,ASO,ES,Federal Contract Tower,0,3,17,1,21,0,2,33,0,35,0,5,50,1,56,68,0,68,124
09/29/2020,SGJ,FL,ASO,ES,Federal Contract Tower,0,2,22,2,26,0,0,25,0,25,0,2,47,2,51,50,2,52,103
09/30/2020,SGJ,FL,ASO,ES,Federal Contract Tower,0,5,59,0,64,0,0,113,1,114,0,5,172,1,178,182,0,182,360
10/01/2020,SGJ,FL,ASO,ES,Federal Contract Tower,0,3,49,1,53,0,4,163,1,168,0,7,212,2,221,323,0,323,544
10/02/2020,SGJ,FL,ASO,ES,Federal Contract Tower,0,9,44,9,62,0,12,133,4,149,0,21,177,13,211,174,4,178,389
10/03/2020,SGJ,FL,ASO,ES,Federal Contract Tower,0,5,28,0,33,0,20,51,0,71,0,25,79,0,104,76,0,76,180
10/04/2020,SGJ,FL,ASO,ES,Federal Contract Tower,0,8,47,0,55,0,0,1,0,1,0,8,48,0,56,0,0,0,56
10/05/2020,SGJ,FL,ASO,ES,Federal Contract Tower,0,4,24,0,28,0,2,0,0,2,0,6,24,0,30,0,0,0,30
10/06/2020,SGJ,FL,ASO,ES,Federal Contract Tower,0,12,45,0,57,0,10,99,4,113,0,22,144,4,170,210,6,216,386
10/07/2020,SGJ,FL,ASO,ES,Federal Contract Tower,0,2,42,2,46,0,0,0,0,0,0,2,42,2,46,6,0,6,52
10/08/2020,SGJ,FL,ASO,ES,Federal Contract Tower,0,6,50,4,60,0,6,50,0,56,0,12,100,4,116,124,0,124,240
10/09/2020,SGJ,FL,ASO,ES,Federal Contract Tower,0,3,30,0,33,0,4,29,6,39,0,7,59,6,72,32,0,32,104
10/10/2020,SGJ,FL,ASO,ES,Federal Contract Tower,0,4,31,0,35,0,8,92,2,102,0,12,123,2,137,132,0,132,269
10/11/2020,SGJ,FL,ASO,ES,Federal Contract Tower,0,7,28,0,35,0,2,30,0,32,0,9,58,0,67,50,0,50,117
10/12/2020,SGJ,FL,ASO,ES,Federal Contract Tower,0,8,44,0,52,0,4,111,0,115,0,12,155,0,167,312,0,312,479
10/13/2020,SGJ,FL,ASO,ES,Federal Contract Tower,0,9,33,0,42,0,0,177,5,182,0,9,210,5,224,330,0,330,554
10/14/2020,SGJ,FL,ASO,ES,Federal Contract Tower,0,5,44,1,50,0,0,161,3,164,0,5,205,4,214,300,0,300,514
10/15/2020,SGJ,FL,ASO,ES,Federal Contract Tower,0,10,34,2,46,0,4,97,2,103,0,14,131,4,149,172,0,172,321
10/16/2020,SGJ,FL,ASO,ES,Federal Contract Tower,0,10,40,0,50,0,5,101,0,106,0,15,141,0,156,138,6,144,300
10/17/2020,SGJ,FL,ASO,ES,Federal Contract Tower,0,8,19,0,27,0,20,68,0,88,0,28,87,0,115,116,0,116,231
10/18/2020,SGJ,FL,ASO,ES,Federal Contract Tower,0,11,17,0,28,0,22,44,0,66,0,33,61,0,94,12,0,12,106
10/19/2020,SGJ,FL,ASO,ES,Federal Contract Tower,0,2,18,2,22,0,8,28,0,36,0,10,46,2,58,32,0,32,90
10/20/2020,SGJ,FL,ASO,ES,Federal Contract Tower,0,25,29,0,54,0,0,81,4,85,0,25,110,4,139,188,4,192,331
10/21/2020,SGJ,FL,ASO,ES,Federal Contract Tower,0,3,39,0,42,0,0,60,7,67,0,3,99,7,109,136,14,150,259
10/22/2020,SGJ,FL,ASO,ES,Federal Contract Tower,0,6,30,1,37,0,0,75,1,76,0,6,105,2,113,106,6,112,225
10/23/2020,SGJ,FL,ASO,ES,Federal Contract Tower,0,0,45,0,45,0,0,65,0,65,0,0,110,0,110,246,0,246,356
10/24/2020,SGJ,FL,ASO,ES,Federal Contract Tower,0,10,34,0,44,0,0,114,1,115,0,10,148,1,159,142,4,146,305
10/25/2020,SGJ,FL,ASO,ES,Federal Contract Tower,0,6,40,0,46,0,0,111,0,111,0,6,151,0,157,120,0,120,277
10/26/2020,SGJ,FL,ASO,ES,Federal Contract Tower,0,9,45,0,54,0,0,70,0,70,0,9,115,0,124,118,0,118,242
10/27/2020,SGJ,FL,ASO,ES,Federal Contract Tower,0,11,29,0,40,0,16,88,0,104,0,27,117,0,144,170,0,170,314
10/28/2020,SGJ,FL,ASO,ES,Federal Contract Tower,0,7,49,2,58,0,12,106,7,125,0,19,155,9,183,280,0,280,463
10/29/2020,SGJ,FL,ASO,ES,Federal Contract Tower,0,8,38,0,46,0,8,22,0,30,0,16,60,0,76,6,10,16,92
10/30/2020,SGJ,FL,ASO,ES,Federal Contract Tower,0,12,40,3,55,0,6,159,1,166,0,18,199,4,221,270,2,272,493
10/31/2020,SGJ,FL,ASO,ES,Federal Contract Tower,0,6,25,0,31,0,24,89,0,113,0,30,114,0,144,64,0,64,208
11/01/2020,SGJ,FL,ASO,ES,Federal Contract Tower,0,1,33,0,34,0,10,44,0,54,0,11,77,0,88,74,0,74,162
11/02/2020,SGJ,FL,ASO,ES,Federal Contract Tower,0,4,19,0,23,0,8,31,0,39,0,12,50,0,62,4,0,4,66
11/03/2020,SGJ,FL,ASO,ES,Federal Contract Tower,0,3,33,3,39,0,0,136,2,138,0,3,169,5,177,206,0,206,383
11/04/2020,SGJ,FL,ASO,ES,Federal Contract Tower,0,10,43,0,53,0,0,118,2,120,0,10,161,2,173,234,2,236,409
11/05/2020,SGJ,FL,ASO,ES,Federal Contract Tower,0,5,34,2,41,0,4,71,0,75,0,9,105,2,116,132,8,140,256
11/06/2020,SGJ,FL,ASO,ES,Federal Contract Tower,0,3,53,2,58,0,0,54,0,54,0,3,107,2,112,64,0,64,176
11/07/2020,SGJ,FL,ASO,ES,Federal Contract Tower,0,3,20,0,23,0,6,54,0,60,0,9,74,0,83,76,0,76,159
11/08/2020,SGJ,FL,ASO,ES,Federal Contract Tower,0,6,25,0,31,0,2,23,0,25,0,8,48,0,56,14,0,14,70
11/09/2020,SGJ,FL,ASO,ES,Federal Contract Tower,0,7,21,1,29,0,0,1,0,1,0,7,22,1,30,0,0,0,30
11/10/2020,SGJ,FL,ASO,ES,Federal Contract Tower,0,1,21,4,26,0,2,20,0,22,0,3,41,4,48,12,0,12,60
11/11/2020,SGJ,FL,ASO,ES,Federal Contract Tower,0,2,37,0,39,0,1,10,0,11,0,3,47,0,50,8,0,8,58
11/12/2020,SGJ,FL,ASO,ES,Federal Contract Tower,0,4,6,0,10,0,0,5,0,5,0,4,11,0,15,2,0,2,17
11/13/2020,SGJ,FL,ASO,ES,Federal Contract Tower,0,11,38,4,53,0,0,57,1,58,0,11,95,5,111,130,0,130,241
11/14/2020,SGJ,FL,ASO,ES,Federal Contract Tower,0,9,41,0,50,0,28,139,0,167,0,37,180,0,217,282,0,282,499
11/15/2020,SGJ,FL,ASO,ES,Federal Contract Tower,0,4,39,1,44,0,32,125,0,157,0,36,164,1,201,197,0,197,398
11/16/2020,SGJ,FL,ASO,ES,Federal Contract Tower,0,15,33,0,48,0,6,133,11,150,0,21,166,11,198,346,6,352,550
11/17/2020,SGJ,FL,ASO,ES,Federal Contract Tower,0,7,52,2,61,0,10,153,1,164,0,17,205,3,225,286,6,292,517
11/18/2020,SGJ,FL,ASO,ES,Federal Contract Tower,0,3,23,2,28,0,0,72,4,76,0,3,95,6,104,80,4,84,188
11/19/2020,SGJ,FL,ASO,ES,Federal Contract Tower,0,14,47,0,61,0,4,102,4,110,0,18,149,4,171,179,8,187,358
11/20/2020,SGJ,FL,ASO,ES,Federal Contract Tower,0,6,53,1,60,0,0,100,1,101,0,6,153,2,161,172,0,172,333
11/21/2020,SGJ,FL,ASO,ES,Federal Contract Tower,0,4,34,0,38,0,12,85,0,97,0,16,119,0,135,124,0,124,259
11/22/2020,SGJ,FL,ASO,ES,Federal Contract Tower,0,2,32,0,34,0,0,0,0,0,0,2,32,0,34,0,0,0,34
11/23/2020,SGJ,FL,ASO,ES,Federal Contract Tower,0,13,44,0,57,0,20,152,8,180,0,33,196,8,237,325,4,329,566
11/24/2020,SGJ,FL,ASO,ES,Federal Contract Tower,0,9,46,1,56,0,11,158,4,173,0,20,204,5,229,265,4,269,498
11/25/2020,SGJ,FL,ASO,ES,Federal Contract Tower,0,11,54,0,65,0,0,170,2,172,0,11,224,2,237,299,0,299,536
11/26/2020,SGJ,FL,ASO,ES,Federal Contract Tower,0,0,4,0,4,0,0,35,0,35,0,0,39,0,39,89,0,89,128
11/27/2020,SGJ,FL,ASO,ES,Federal Contract Tower,0,9,40,0,49,0,24,112,0,136,0,33,152,0,185,164,0,164,349
11/28/2020,SGJ,FL,ASO,ES,Federal Contract Tower,0,2,32,0,34,0,18,64,0,82,0,20,96,0,116,146,0,146,262
11/29/2020,SGJ,FL,ASO,ES,Federal Contract Tower,0,6,45,0,51,0,24,25,0,49,0,30,70,0,100,24,0,24,124
11/30/2020,SGJ,FL,ASO,ES,Federal Contract Tower,0,10,33,1,44,0,24,48,3,75,0,34,81,4,119,86,0,86,205
12/01/2020,SGJ,FL,ASO,ES,Federal Contract Tower,0,9,43,0,52,0,6,113,4,123,0,15,156,4,175,147,0,147,322
12/02/2020,SGJ,FL,ASO,ES,Federal Contract Tower,0,22,53,2,77,0,3,150,4,157,0,25,203,6,234,298,0,298,532
12/03/2020,SGJ,FL,ASO,ES,Federal Contract Tower,0,11,43,0,54,0,12,129,2,143,0,23,172,2,197,314,0,314,511
12/04/2020,SGJ,FL,ASO,ES,Federal Contract Tower,0,6,37,2,45,0,14,83,2,99,0,20,120,4,144,199,2,201,345
12/05/2020,SGJ,FL,ASO,ES,Federal Contract Tower,0,8,23,1,32,0,32,129,0,161,0,40,152,1,193,280,0,280,473
12/06/2020,SGJ,FL,ASO,ES,Federal Contract Tower,0,4,23,0,27,0,18,105,0,123,0,22,128,0,150,84,0,84,234
12/07/2020,SGJ,FL,ASO,ES,Federal Contract Tower,0,8,42,0,50,0,6,68,0,74,0,14,110,0,124,190,0,190,314
12/08/2020,SGJ,FL,ASO,ES,Federal Contract Tower,0,9,36,4,49,0,2,117,1,120,0,11,153,5,169,254,0,254,423
12/09/2020,SGJ,FL,ASO,ES,Federal Contract Tower,0,4,38,0,42,0,0,172,1,173,0,4,210,1,215,360,0,360,575
12/10/2020,SGJ,FL,ASO,ES,Federal Contract Tower,0,12,29,0,41,0,0,130,9,139,0,12,159,9,180,152,30,182,362
12/11/2020,SGJ,FL,ASO,ES,Federal Contract Tower,0,5,28,0,33,0,16,148,0,164,0,21,176,0,197,322,0,322,519
12/12/2020,SGJ,FL,ASO,ES,Federal Contract Tower,0,8,25,2,35,0,18,61,0,79,0,26,86,2,114,154,0,154,268
12/13/2020,SGJ,FL,ASO,ES,Federal Contract Tower,0,2,47,2,51,0,0,4,0,4,0,2,51,2,55,0,0,0,55
12/14/2020,SGJ,FL,ASO,ES,Federal Contract Tower,0,6,23,0,29,2,5,38,0,45,2,11,61,0,74,22,6,28,102
12/15/2020,SGJ,FL,ASO,ES,Federal Contract Tower,0,17,46,4,67,0,0,44,6,50,0,17,90,10,117,108,8,116,233
12/16/2020,SGJ,FL,ASO,ES,Federal Contract Tower,0,4,20,1,25,0,0,0,0,0,0,4,20,1,25,0,0,0,25
12/17/2020,SGJ,FL,ASO,ES,Federal Contract Tower,0,3,45,2,50,0,6,58,0,64,0,9,103,2,114,150,8,158,272
12/18/2020,SGJ,FL,ASO,ES,Federal Contract Tower,0,6,22,0,28,0,10,140,0,150,0,16,162,0,178,242,22,264,442
12/19/2020,SGJ,FL,ASO,ES,Federal Contract Tower,0,8,39,0,47,0,20,90,0,110,0,28,129,0,157,72,0,72,229
12/20/2020,SGJ,FL,ASO,ES,Federal Contract Tower,0,3,17,0,20,0,10,29,0,39,0,13,46,0,59,18,0,18,77
12/21/2020,SGJ,FL,ASO,ES,Federal Contract Tower,0,6,31,1,38,0,26,110,3,139,0,32,141,4,177,182,8,190,367
12/22/2020,SGJ,FL,ASO,ES,Federal Contract Tower,0,11,36,0,47,0,10,125,2,137,0,21,161,2,184,182,0,182,366
12/23/2020,SGJ,FL,ASO,ES,Federal Contract Tower,0,7,24,0,31,0,4,129,0,133,0,11,153,0,164,235,0,235,399
12/24/2020,SGJ,FL,ASO,ES,Federal Contract Tower,0,9,13,0,22,0,24,32,0,56,0,33,45,0,78,50,0,50,128
12/25/2020,SGJ,FL,ASO,ES,Federal Contract Tower,0,6,5,0,11,0,0,5,0,5,0,6,10,0,16,0,0,0,16
12/26/2020,SGJ,FL,ASO,ES,Federal Contract Tower,0,4,34,0,38,0,10,91,0,101,0,14,125,0,139,127,0,127,266
12/27/2020,SGJ,FL,ASO,ES,Federal Contract Tower,0,17,23,0,40,0,0,99,0,99,0,17,122,0,139,110,0,110,249
12/28/2020,SGJ,FL,ASO,ES,Federal Contract Tower,0,1,21,0,22,0,2,117,0,119,0,3,138,0,141,200,0,200,341
12/29/2020,SGJ,FL,ASO,ES,Federal Contract Tower,0,1,25,0,26,0,20,142,2,164,0,21,167,2,190,230,4,234,424
12/30/2020,SGJ,FL,ASO,ES,Federal Contract Tower,0,15,45,0,60,0,16,92,4,112,0,31,137,4,172,172,0,172,344
12/31/2020,SGJ,FL,ASO,ES,Federal Contract Tower,0,3,13,0,16,0,36,64,1,101,0,39,77,1,117,38,0,38,155
01/01/2021,SGJ,FL,ASO,ES,Federal Contract Tower,0,4,14,0,18,0,0,38,0,38,0,4,52,0,56,102,0,102,158
01/02/2021,SGJ,FL,ASO,ES,Federal Contract Tower,0,7,70,2,79,0,28,48,0,76,0,35,118,2,155,70,0,70,225
01/03/2021,SGJ,FL,ASO,ES,Federal Contract Tower,0,8,41,0,49,0,16,66,0,82,0,24,107,0,131,82,0,82,213
01/04/2021,SGJ,FL,ASO,ES,Federal Contract Tower,0,10,25,0,35,0,16,128,6,150,0,26,153,6,185,226,0,226,411
01/05/2021,SGJ,FL,ASO,ES,Federal Contract Tower,0,11,34,2,47,0,0,136,0,136,0,11,170,2,183,134,0,134,317
01/06/2021,SGJ,FL,ASO,ES,Federal Contract Tower,0,12,38,0,50,0,2,114,0,116,0,14,152,0,166,226,14,240,406
01/07/2021,SGJ,FL,ASO,ES,Federal Contract Tower,0,4,22,3,29,0,8,106,4,118,0,12,128,7,147,192,8,200,347
01/08/2021,SGJ,FL,ASO,ES,Federal Contract Tower,0,12,36,7,55,0,7,60,2,69,0,19,96,9,124,46,0,46,170
01/09/2021,SGJ,FL,ASO,ES,Federal Contract Tower,0,2,32,4,38,0,16,50,0,66,0,18,82,4,104,54,0,54,158
01/10/2021,SGJ,FL,ASO,ES,Federal Contract Tower,0,12,14,4,30,0,14,106,5,125,0,26,120,9,155,122,15,137,292
01/11/2021,SGJ,FL,ASO,ES,Federal Contract Tower,0,6,24,2,32,0,6,110,6,122,0,12,134,8,154,202,4,206,360
01/12/2021,SGJ,FL,ASO,ES,Federal Contract Tower,0,18,40,3,61,0,0,50,4,54,0,18,90,7,115,221,4,225,340
01/13/2021,SGJ,FL,ASO,ES,Federal Contract Tower,0,8,34,2,44,0,0,68,0,68,0,8,102,2,112,146,32,178,290
01/14/2021,SGJ,FL,ASO,ES,Federal Contract Tower,0,4,38,0,42,0,8,143,1,152,0,12,181,1,194,316,0,316,510
01/15/2021,SGJ,FL,ASO,ES,Federal Contract Tower,0,3,32,0,35,0,6,77,0,83,0,9,109,0,118,129,0,129,247
01/16/2021,SGJ,FL,ASO,ES,Federal Contract Tower,0,4,25,1,30,0,20,69,0,89,0,24,94,1,119,42,0,42,161
01/17/2021,SGJ,FL,ASO,ES,Federal Contract Tower,0,0,40,0,40,0,18,113,0,131,0,18,153,0,171,82,0,82,253
01/18/2021,SGJ,FL,ASO,ES,Federal Contract Tower,0,5,26,0,31,0,16,150,0,166,0,21,176,0,197,276,0,276,473
01/19/2021,SGJ,FL,ASO,ES,Federal Contract Tower,0,9,33,0,42,0,2,130,14,146,0,11,163,14,188,185,16,201,389
01/20/2021,SGJ,FL,ASO,ES,Federal Contract Tower,0,5,47,2,54,0,0,134,7,141,0,5,181,9,195,192,10,202,397
01/21/2021,SGJ,FL,ASO,ES,Federal Contract Tower,0,8,43,7,58,0,10,134,5,149,0,18,177,12,207,146,2,148,355
01/22/2021,SGJ,FL,ASO,ES,Federal Contract Tower,0,3,39,12,54,0,2,11,0,13,0,5,50,12,67,38,0,38,105
01/23/2021,SGJ,FL,ASO,ES,Federal Contract Tower,0,5,59,0,64,0,0,19,0,19,0,5,78,0,83,20,0,20,103
01/24/2021,SGJ,FL,ASO,ES,Federal Contract Tower,0,8,66,2,76,0,8,28,1,37,0,16,94,3,113,62,0,62,175
01/25/2021,SGJ,FL,ASO,ES,Federal Contract Tower,0,8,56,2,66,0,0,65,2,67,0,8,121,4,133,112,0,112,245
01/26/2021,SGJ,FL,ASO,ES,Federal Contract Tower,0,11,50,2,63,0,0,142,8,150,0,11,192,10,213,298,14,312,525
01/27/2021,SGJ,FL,ASO,ES,Federal Contract Tower,0,8,43,2,53,0,0,7,0,7,0,8,50,2,60,24,4,28,88
01/28/2021,SGJ,FL,ASO,ES,Federal Contract Tower,0,5,37,0,42,0,8,85,0,93,0,13,122,0,135,96,8,104,239
01/29/2021,SGJ,FL,ASO,ES,Federal Contract Tower,0,2,43,0,45,0,8,174,0,182,0,10,217,0,227,318,0,318,545
01/30/2021,SGJ,FL,ASO,ES,Federal Contract Tower,0,6,31,0,37,0,12,162,0,174,0,18,193,0,211,184,0,184,395
01/31/2021,SGJ,FL,ASO,ES,Federal Contract Tower,0,9,27,3,39,0,2,52,0,54,0,11,79,3,93,26,0,26,119
02/01/2021,SGJ,FL,ASO,ES,Federal Contract Tower,0,4,12,1,17,0,0,17,0,17,0,4,29,1,34,58,0,58,92
02/02/2021,SGJ,FL,ASO,ES,Federal Contract Tower,0,5,39,1,45,0,4,43,2,49,0,9,82,3,94,78,4,82,176
02/03/2021,SGJ,FL,ASO,ES,Federal Contract Tower,0,8,48,4,60,0,0,150,1,151,0,8,198,5,211,242,0,242,453
02/04/2021,SGJ,FL,ASO,ES,Federal Contract Tower,0,7,34,0,41,0,4,123,0,127,0,11,157,0,168,173,0,173,341
02/05/2021,SGJ,FL,ASO,ES,Federal Contract Tower,0,7,42,3,52,0,0,70,6,76,0,7,112,9,128,146,6,152,280
02/06/2021,SGJ,FL,ASO,ES,Federal Contract Tower,0,7,35,0,42,0,2,0,0,2,0,9,35,0,44,2,0,2,46
02/07/2021,SGJ,FL,ASO,ES,Federal Contract Tower,0,9,17,0,26,0,4,37,0,41,0,13,54,0,67,64,0,64,131
02/08/2021,SGJ,FL,ASO,ES,Federal Contract Tower,0,8,45,1,54,0,4,98,0,102,0,12,143,1,156,204,0,204,360
02/09/2021,SGJ,FL,ASO,ES,Federal Contract Tower,0,10,21,0,31,0,0,11,0,11,0,10,32,0,42,0,0,0,42
02/10/2021,SGJ,FL,ASO,ES,Federal Contract Tower,0,10,23,3,36,0,0,0,0,0,0,10,23,3,36,0,0,0,36
02/11/2021,SGJ,FL,ASO,ES,Federal Contract Tower,0,9,30,3,42,0,8,112,0,120,0,17,142,3,162,206,14,220,382
02/12/2021,SGJ,FL,ASO,ES,Federal Contract Tower,0,13,28,5,46,0,0,21,0,21,0,13,49,5,67,67,20,87,154
02/13/2021,SGJ,FL,ASO,ES,Federal Contract Tower,0,6,17,0,23,0,4,4,0,8,0,10,21,0,31,0,0,0,31
02/14/2021,SGJ,FL,ASO,ES,Federal Contract Tower,0,4,16,0,20,0,0,0,0,0,0,4,16,0,20,0,0,0,20
02/15/2021,SGJ,FL,ASO,ES,Federal Contract Tower,0,10,29,0,39,0,10,8,0,18,0,20,37,0,57,16,0,16,73
02/16/2021,SGJ,FL,ASO,ES,Federal Contract Tower,0,24,46,0,70,0,6,156,0,162,0,30,202,0,232,184,0,184,416
02/17/2021,SGJ,FL,ASO,ES,Federal Contract Tower,0,9,49,1,59,0,0,51,0,51,0,9,100,1,110,112,2,114,224
02/18/2021,SGJ,FL,ASO,ES,Federal Contract Tower,0,3,18,0,21,0,8,80,0,88,0,11,98,0,109,148,8,156,265
02/19/2021,SGJ,FL,ASO,ES,Federal Contract Tower,0,6,20,0,26,0,0,0,0,0,0,6,20,0,26,0,0,0,26
02/20/2021,SGJ,FL,ASO,ES,Federal Contract Tower,0,5,40,4,49,0,24,187,0,211,0,29,227,4,260,240,0,240,500
02/21/2021,SGJ,FL,ASO,ES,Federal Contract Tower,0,12,34,0,46,0,26,107,0,133,0,38,141,0,179,74,0,74,253
02/22/2021,SGJ,FL,ASO,ES,Federal Contract Tower,0,7,26,6,39,0,0,106,2,108,0,7,132,8,147,236,0,236,383
02/23/2021,SGJ,FL,ASO,ES,Federal Contract Tower,0,8,46,0,54,0,10,156,3,169,0,18,202,3,223,326,2,328,551
02/24/2021,SGJ,FL,ASO,ES,Federal Contract Tower,0,13,52,1,66,0,19,183,0,202,0,32,235,1,268,352,0,352,620
02/25/2021,SGJ,FL,ASO,ES,Federal Contract Tower,0,5,47,2,54,0,23,189,0,212,0,28,236,2,266,405,26,431,697
02/26/2021,SGJ,FL,ASO,ES,Federal Contract Tower,0,11,55,5,71,0,14,171,0,185,0,25,226,5,256,331,0,331,587
02/27/2021,SGJ,FL,ASO,ES,Federal Contract Tower,0,10,32,0,42,0,20,191,0,211,0,30,223,0,253,199,0,199,452
02/28/2021,SGJ,FL,ASO,ES,Federal Contract Tower,0,6,38,4,48,0,16,84,0,100,0,22,122,4,148,80,8,88,236
03/01/2021,SGJ,FL,ASO,ES,Federal Contract Tower,0,8,27,1,36,0,8,57,2,67,0,16,84,3,103,26,14,40,143
03/02/2021,SGJ,FL,ASO,ES,Federal Contract Tower,0,3,28,9,40,0,0,0,0,0,0,3,28,9,40,0,0,0,40
03/03/2021,SGJ,FL,ASO,ES,Federal Contract Tower,0,4,39,4,47,0,0,15,0,15,0,4,54,4,62,76,16,92,154
03/04/2021,SGJ,FL,ASO,ES,Federal Contract Tower,0,6,44,1,51,0,18,240,8,266,0,24,284,9,317,386,0,386,703
03/05/2021,SGJ,FL,ASO,ES,Federal Contract Tower,0,6,28,4,38,0,12,175,0,187,0,18,203,4,225,218,4,222,447
03/06/2021,SGJ,FL,ASO,ES,Federal Contract Tower,0,7,32,0,39,0,2,10,0,12,0,9,42,0,51,4,0,4,55
03/07/2021,SGJ,FL,ASO,ES,Federal Contract Tower,0,9,43,0,52,0,24,68,0,92,0,33,111,0,144,44,0,44,188
03/08/2021,SGJ,FL,ASO,ES,Federal Contract Tower,0,17,44,2,63,0,4,100,5,109,0,21,144,7,172,74,0,74,246
03/09/2021,SGJ,FL,ASO,ES,Federal Contract Tower,0,8,45,2,55,0,8,153,12,173,0,16,198,14,228,284,13,297,525
03/10/2021,SGJ,FL,ASO,ES,Federal Contract Tower,0,18,42,2,62,0,6,173,6,185,0,24,215,8,247,431,12,443,690
03/11/2021,SGJ,FL,ASO,ES,Federal Contract Tower,0,14,52,1,67,0,22,202,8,232,0,36,254,9,299,382,7,389,688
03/12/2021,SGJ,FL,ASO,ES,Federal Contract Tower,0,15,43,4,62,0,8,200,2,210,0,23,243,6,272,293,0,293,565
03/13/2021,SGJ,FL,ASO,ES,Federal Contract Tower,0,18,39,8,65,0,22,143,1,166,0,40,182,9,231,122,0,122,353
03/14/2021,SGJ,FL,ASO,ES,Federal Contract Tower,0,24,52,6,82,0,22,124,4,150,0,46,176,10,232,100,0,100,332
03/15/2021,SGJ,FL,ASO,ES,Federal Contract Tower,0,14,55,5,74,0,20,140,0,160,0,34,195,5,234,232,0,232,466
03/16/2021,SGJ,FL,ASO,ES,Federal Contract Tower,0,6,40,5,51,0,4,125,6,135,0,10,165,11,186,246,12,258,444
03/17/2021,SGJ,FL,ASO,ES,Federal Contract Tower,0,19,32,0,51,0,2,100,0,102,0,21,132,0,153,250,0,250,403
03/18/2021,SGJ,FL,ASO,ES,Federal Contract Tower,0,6,27,2,35,0,0,30,0,30,0,6,57,2,65,48,16,64,129
03/19/2021,SGJ,FL,ASO,ES,Federal Contract Tower,0,10,40,5,55,0,18,103,5,126,0,28,143,10,181,122,0,122,303
03/20/2021,SGJ,FL,ASO,ES,Federal Contract Tower,0,2,29,0,31,0,4,3,0,7,0,6,32,0,38,0,0,0,38
03/21/2021,SGJ,FL,ASO,ES,Federal Contract Tower,0,16,43,2,61,0,0,0,0,0,0,16,43,2,61,0,0,0,61
03/22/2021,SGJ,FL,ASO,ES,Federal Contract Tower,0,11,32,0,43,0,0,9,0,9,0,11,41,0,52,0,0,0,52
03/23/2021,SGJ,FL,ASO,ES,Federal Contract Tower,0,9,69,2,80,0,8,129,7,144,0,17,198,9,224,222,14,236,460
03/24/2021,SGJ,FL,ASO,ES,Federal Contract Tower,0,7,48,2,57,0,4,173,3,180,0,11,221,5,237,302,10,312,549
03/25/2021,SGJ,FL,ASO,ES,Federal Contract Tower,0,18,46,0,64,0,2,145,4,151,0,20,191,4,215,182,12,194,409
03/26/2021,SGJ,FL,ASO,ES,Federal Contract Tower,0,14,47,6,67,0,0,109,2,111,0,14,156,8,178,228,0,228,406
03/27/2021,SGJ,FL,ASO,ES,Federal Contract Tower,0,4,46,2,52,0,4,113,1,118,0,8,159,3,170,98,0,98,268
03/28/2021,SGJ,FL,ASO,ES,Federal Contract Tower,0,5,29,13,47,0,18,83,2,103,0,23,112,15,150,56,0,56,206
03/29/2021,SGJ,FL,ASO,ES,Federal Contract Tower,0,4,43,0,47,0,4,98,0,102,0,8,141,0,149,188,0,188,337
03/30/2021,SGJ,FL,ASO,ES,Federal Contract Tower,0,13,28,2,43,0,0,137,0,137,0,13,165,2,180,308,0,308,488
03/31/2021,SGJ,FL,ASO,ES,Federal Contract Tower,0,9,40,0,49,0,0,111,0,111,0,9,151,0,160,150,0,150,310
04/01/2021,SGJ,FL,ASO,ES,Federal Contract Tower,0,18,60,0,78,0,0,82,0,82,0,18,142,0,160,88,0,88,248
04/02/2021,SGJ,FL,ASO,ES,Federal Contract Tower,0,5,37,2,44,0,12,59,0,71,0,17,96,2,115,27,0,27,142
04/03/2021,SGJ,FL,ASO,ES,Federal Contract Tower,0,3,30,0,33,0,6,107,0,113,0,9,137,0,146,118,0,118,264
04/04/2021,SGJ,FL,ASO,ES,Federal Contract Tower,0,9,19,0,28,0,28,97,0,125,0,37,116,0,153,104,0,104,257
04/05/2021,SGJ,FL,ASO,ES,Federal Contract Tower,0,4,46,2,52,0,19,149,5,173,0,23,195,7,225,212,0,212,437
04/06/2021,SGJ,FL,ASO,ES,Federal Contract Tower,0,10,41,4,55,0,4,169,5,178,0,14,210,9,233,156,10,166,399
04/07/2021,SGJ,FL,ASO,ES,Federal Contract Tower,0,12,51,5,68,0,0,206,1,207,0,12,257,6,275,271,12,283,558
04/08/2021,SGJ,FL,ASO,ES,Federal Contract Tower,0,8,46,5,59,0,0,219,0,219,0,8,265,5,278,280,10,290,568
04/09/2021,SGJ,FL,ASO,ES,Federal Contract Tower,0,5,34,0,39,0,26,155,0,181,0,31,189,0,220,202,0,202,422
04/10/2021,SGJ,FL,ASO,ES,Federal Contract Tower,0,6,28,0,34,0,12,71,0,83,0,18,99,0,117,128,0,128,245
04/11/2021,SGJ,FL,ASO,ES,Federal Contract Tower,0,13,25,0,38,0,1,13,0,14,0,14,38,0,52,4,0,4,56
04/12/2021,SGJ,FL,ASO,ES,Federal Contract Tower,0,10,52,6,68,0,11,187,2,200,0,21,239,8,268,238,0,238,506
04/13/2021,SGJ,FL,ASO,ES,Federal Contract Tower,0,5,64,7,76,0,6,191,3,200,0,11,255,10,276,160,4,164,440
04/14/2021,SGJ,FL,ASO,ES,Federal Contract Tower,0,7,41,10,58,2,205,2,0,209,2,212,43,10,267,248,0,248,515
04/15/2021,SGJ,FL,ASO,ES,Federal Contract Tower,0,6,53,5,64,0,0,108,4,112,0,6,161,9,176,64,0,64,240
04/16/2021,SGJ,FL,ASO,ES,Federal Contract Tower,0,7,47,6,60,0,10,134,0,144,0,17,181,6,204,154,0,154,358
04/17/2021,SGJ,FL,ASO,ES,Federal Contract Tower,0,4,25,0,29,0,12,20,2,34,0,16,45,2,63,4,0,4,67
04/18/2021,SGJ,FL,ASO,ES,Federal Contract Tower,0,13,20,0,33,0,2,16,0,18,0,15,36,0,51,0,0,0,51
04/19/2021,SGJ,FL,ASO,ES,Federal Contract Tower,0,12,25,0,37,0,12,90,6,108,0,24,115,6,145,172,0,172,317
04/20/2021,SGJ,FL,ASO,ES,Federal Contract Tower,0,12,17,0,29,0,2,93,4,99,0,14,110,4,128,176,4,180,308
04/21/2021,SGJ,FL,ASO,ES,Federal Contract Tower,0,13,52,1,66,0,0,227,0,227,0,13,279,1,293,379,0,379,672
04/22/2021,SGJ,FL,ASO,ES,Federal Contract Tower,0,16,59,0,75,0,0,150,6,156,0,16,209,6,231,244,8,252,483
04/23/2021,SGJ,FL,ASO,ES,Federal Contract Tower,0,13,21,0,34,0,8,165,0,173,0,21,186,0,207,217,0,217,424
04/24/2021,SGJ,FL,ASO,ES,Federal Contract Tower,0,14,30,0,44,0,9,49,0,58,0,23,79,0,102,42,0,42,144
04/25/2021,SGJ,FL,ASO,ES,Federal Contract Tower,0,7,42,2,51,0,10,71,0,81,0,17,113,2,132,122,0,122,254
04/26/2021,SGJ,FL,ASO,ES,Federal Contract Tower,0,9,33,0,42,0,20,103,2,125,0,29,136,2,167,196,0,196,363
04/27/2021,SGJ,FL,ASO,ES,Federal Contract Tower,0,13,44,1,58,0,6,216,1,223,0,19,260,2,281,210,0,210,491
04/28/2021,SGJ,FL,ASO,ES,Federal Contract Tower,0,19,47,1,67,0,8,162,3,173,0,27,209,4,240,298,0,298,538
04/29/2021,SGJ,FL,ASO,ES,Federal Contract Tower,0,9,55,3,67,0,5,142,2,149,0,14,197,5,216,150,0,150,366
04/30/2021,SGJ,FL,ASO,ES,Federal Contract Tower,0,11,42,0,53,0,8,132,5,145,0,19,174,5,198,188,2,190,388
05/01/2021,SGJ,FL,ASO,ES,Federal Contract Tower,0,9,41,2,52,0,16,130,0,146,0,25,171,2,198,154,0,154,352
05/02/2021,SGJ,FL,ASO,ES,Federal Contract Tower,0,10,47,0,57,0,28,75,0,103,0,38,122,0,160,74,0,74,234
05/03/2021,SGJ,FL,ASO,ES,Federal Contract Tower,0,9,38,5,52,0,18,97,0,115,0,27,135,5,167,262,4,266,433
05/04/2021,SGJ,FL,ASO,ES,Federal Contract Tower,0,11,40,3,54,0,0,151,0,151,0,11,191,3,205,210,0,210,415
05/05/2021,SGJ,FL,ASO,ES,Federal Contract Tower,0,8,48,1,57,0,4,105,0,109,0,12,153,1,166,110,0,110,276
05/06/2021,SGJ,FL,ASO,ES,Federal Contract Tower,0,4,37,0,41,0,0,25,0,25,0,4,62,0,66,50,0,50,116
05/07/2021,SGJ,FL,ASO,ES,Federal Contract Tower,0,6,42,3,51,0,11,158,2,171,0,17,200,5,222,225,6,231,453
05/08/2021,SGJ,FL,ASO,ES,Federal Contract Tower,0,5,30,2,37,0,20,195,0,215,0,25,225,2,252,222,0,222,474
05/09/2021,SGJ,FL,ASO,ES,Federal Contract Tower,0,5,30,3,38,0,31,75,4,110,0,36,105,7,148,86,0,86,234
05/10/2021,SGJ,FL,ASO,ES,Federal Contract Tower,0,11,47,0,58,0,6,64,2,72,0,17,111,2,130,136,0,136,266
05/11/2021,SGJ,FL,ASO,ES,Federal Contract Tower,0,14,43,1,58,0,2,134,1,137,0,16,177,2,195,142,2,144,339
05/12/2021,SGJ,FL,ASO,ES,Federal Contract Tower,0,8,25,0,33,0,10,138,4,152,0,18,163,4,185,206,18,224,409
05/13/2021,SGJ,FL,ASO,ES,Federal Contract Tower,0,14,48,0,62,0,0,5,0,5,0,14,53,0,67,0,14,14,81
05/14/2021,SGJ,FL,ASO,ES,Federal Contract Tower,0,5,44,4,53,0,15,94,2,111,0,20,138,6,164,38,6,44,208
05/15/2021,SGJ,FL,ASO,ES,Federal Contract Tower,0,9,44,0,53,0,21,71,0,92,0,30,115,0,145,36,0,36,181
05/16/2021,SGJ,FL,ASO,ES,Federal Contract Tower,0,13,27,2,42,0,18,100,0,118,0,31,127,2,160,116,0,116,276
05/17/2021,SGJ,FL,ASO,ES,Federal Contract Tower,0,7,32,0,39,0,14,170,6,190,0,21,202,6,229,348,10,358,587
05/18/2021,SGJ,FL,ASO,ES,Federal Contract Tower,0,9,46,5,60,0,16,176,4,196,0,25,222,9,256,272,2,274,530
05/19/2021,SGJ,FL,ASO,ES,Federal Contract Tower,0,12,60,1,73,0,0,134,0,134,0,12,194,1,207,254,0,254,461
05/20/2021,SGJ,FL,ASO,ES,Federal Contract Tower,0,5,41,1,47,0,18,126,2,146,0,23,167,3,193,324,0,324,517
05/21/2021,SGJ,FL,ASO,ES,Federal Contract Tower,0,9,40,5,54,0,8,152,8,168,0,17,192,13,222,212,2,214,436
05/22/2021,SGJ,FL,ASO,ES,Federal Contract Tower,0,5,38,0,43,0,24,176,0,200,0,29,214,0,243,394,0,394,637
05/23/2021,SGJ,FL,ASO,ES,Federal Contract Tower,0,14,45,5,64,0,26,154,0,180,0,40,199,5,244,306,2,308,552
05/24/2021,SGJ,FL,ASO,ES,Federal Contract Tower,0,11,29,2,42,0,16,139,7,162,0,27,168,9,204,362,2,364,568
05/25/2021,SGJ,FL,ASO,ES,Federal Contract Tower,0,13,55,4,72,0,16,242,5,263,0,29,297,9,335,332,6,338,673
05/26/2021,SGJ,FL,ASO,ES,Federal Contract Tower,0,11,58,4,73,0,9,208,2,219,0,20,266,6,292,366,0,366,658
05/27/2021,SGJ,FL,ASO,ES,Federal Contract Tower,0,6,51,5,62,0,7,203,1,211,0,13,254,6,273,348,12,360,633
05/28/2021,SGJ,FL,ASO,ES,Federal Contract Tower,0,13,45,0,58,0,18,191,5,214,0,31,236,5,272,238,4,242,514
05/29/2021,SGJ,FL,ASO,ES,Federal Contract Tower,0,3,19,0,22,0,23,118,0,141,0,26,137,0,163,184,0,184,347
05/30/2021,SGJ,FL,ASO,ES,Federal Contract Tower,0,4,18,0,22,0,35,88,6,129,0,39,106,6,151,202,0,202,353
05/31/2021,SGJ,FL,ASO,ES,Federal Contract Tower,0,8,37,0,45,0,32,106,0,138,0,40,143,0,183,162,0,162,345
06/01/2021,SGJ,FL,ASO,ES,Federal Contract Tower,0,12,47,0,59,0,16,110,8,134,0,28,157,8,193,180,0,180,373
06/02/2021,SGJ,FL,ASO,ES,Federal Contract Tower,0,6,59,0,65,0,8,102,4,114,0,14,161,4,179,232,0,232,411
06/03/2021,SGJ,FL,ASO,ES,Federal Contract Tower,0,20,48,0,68,0,6,53,2,61,0,26,101,2,129,64,2,66,195
06/04/2021,SGJ,FL,ASO,ES,Federal Contract Tower,0,9,41,7,57,0,18,60,4,82,0,27,101,11,139,188,0,188,327
06/05/2021,SGJ,FL,ASO,ES,Federal Contract Tower,0,8,36,0,44,0,20,42,0,62,0,28,78,0,106,80,0,80,186
06/06/2021,SGJ,FL,ASO,ES,Federal Contract Tower,0,8,35,0,43,0,28,90,1,119,0,36,125,1,162,258,0,258,420
06/07/2021,SGJ,FL,ASO,ES,Federal Contract Tower,0,11,38,5,54,0,12,62,1,75,0,23,100,6,129,172,4,176,305
06/08/2021,SGJ,FL,ASO,ES,Federal Contract Tower,0,17,38,2,57,0,18,159,0,177,0,35,197,2,234,396,0,396,630
06/09/2021,SGJ,FL,ASO,ES,Federal Contract Tower,0,12,51,6,69,0,17,239,8,264,0,29,290,14,333,344,16,360,693
06/10/2021,SGJ,FL,ASO,ES,Federal Contract Tower,0,9,47,1,57,0,8,176,2,186,0,17,223,3,243,250,12,262,505
06/11/2021,SGJ,FL,ASO,ES,Federal Contract Tower,0,17,48,3,68,0,13,170,2,185,0,30,218,5,253,309,0,309,562
06/12/2021,SGJ,FL,ASO,ES,Federal Contract Tower,0,5,31,0,36,0,36,116,1,153,0,41,147,1,189,180,0,180,369
06/13/2021,SGJ,FL,ASO,ES,Federal Contract Tower,0,9,34,1,44,0,4,46,1,51,0,13,80,2,95,108,0,108,203
06/14/2021,SGJ,FL,ASO,ES,Federal Contract Tower,0,2,24,0,26,0,2,35,0,37,0,4,59,0,63,94,0,94,157
06/15/2021,SGJ,FL,ASO,ES,Federal Contract Tower,0,15,41,6,62,0,0,72,0,72,0,15,113,6,134,152,0,152,286
06/16/2021,SGJ,FL,ASO,ES,Federal Contract Tower,0,14,45,0,59,0,2,124,3,129,0,16,169,3,188,188,8,196,384
06/17/2021,SGJ,FL,ASO,ES,Federal Contract Tower,0,18,57,0,75,0,15,147,2,164,0,33,204,2,239,278,2,280,519
06/18/2021,SGJ,FL,ASO,ES,Federal Contract Tower,0,6,34,3,43,0,16,146,0,162,0,22,180,3,205,222,0,222,427
06/19/2021,SGJ,FL,ASO,ES,Federal Contract Tower,0,10,50,0,60,0,28,156,0,184,0,38,206,0,244,268,0,268,512
06/20/2021,SGJ,FL,ASO,ES,Federal Contract Tower,0,5,22,0,27,0,24,30,0,54,0,29,52,0,81,62,0,62,143
06/21/2021,SGJ,FL,ASO,ES,Federal Contract Tower,0,6,39,0,45,0,2,43,1,46,0,8,82,1,91,158,8,166,257
06/22/2021,SGJ,FL,ASO,ES,Federal Contract Tower,0,2,33,1,36,0,10,42,0,52,0,12,75,1,88,80,4,84,172
06/23/2021,SGJ,FL,ASO,ES,Federal Contract Tower,0,16,53,10,79,0,8,44,4,56,0,24,97,14,135,160,0,160,295
06/24/2021,SGJ,FL,ASO,ES,Federal Contract Tower,0,13,34,0,47,0,9,120,0,129,0,22,154,0,176,242,0,242,418
06/25/2021,SGJ,FL,ASO,ES,Federal Contract Tower,0,7,36,0,43,0,6,62,3,71,0,13,98,3,114,117,4,121,235
06/26/2021,SGJ,FL,ASO,ES,Federal Contract Tower,0,8,27,0,35,0,20,112,0,132,0,28,139,0,167,216,0,216,383
06/27/2021,SGJ,FL,ASO,ES,Federal Contract Tower,0,19,47,4,70,0,24,117,5,146,0,43,164,9,216,180,0,180,396
06/28/2021,SGJ,FL,ASO,ES,Federal Contract Tower,0,10,30,1,41,0,16,78,1,95,0,26,108,2,136,208,10,218,354
06/29/2021,SGJ,FL,ASO,ES,Federal Contract Tower,0,7,12,3,22,0,2,91,1,94,0,9,103,4,116,167,0,167,283
06/30/2021,SGJ,FL,ASO,ES,Federal Contract Tower,0,0,13,0,13,0,1,2,0,3,0,1,15,0,16,2,0,2,18
07/01/2021,SGJ,FL,ASO,ES,Federal Contract Tower,0,4,39,0,43,0,3,50,1,54,0,7,89,1,97,72,0,72,169
07/02/2021,SGJ,FL,ASO,ES,Federal Contract Tower,0,7,41,0,48,0,7,35,2,44,0,14,76,2,92,74,0,74,166
07/03/2021,SGJ,FL,ASO,ES,Federal Contract Tower,0,6,35,0,41,0,24,66,0,90,0,30,101,0,131,118,0,118,249
07/04/2021,SGJ,FL,ASO,ES,Federal Contract Tower,0,5,11,2,18,0,0,7,2,9,0,5,18,4,27,2,0,2,29
07/05/2021,SGJ,FL,ASO,ES,Federal Contract Tower,0,2,50,0,52,0,6,63,2,71,0,8,113,2,123,138,0,138,261
07/06/2021,SGJ,FL,ASO,ES,Federal Contract Tower,0,5,44,0,49,0,11,98,2,111,0,16,142,2,160,192,0,192,352
07/07/2021,SGJ,FL,ASO,ES,Federal Contract Tower,0,1,3,0,4,0,0,0,0,0,0,1,3,0,4,0,0,0,4
07/08/2021,SGJ,FL,ASO,ES,Federal Contract Tower,0,17,50,0,67,0,8,60,2,70,0,25,110,2,137,37,2,39,176
07/09/2021,SGJ,FL,ASO,ES,Federal Contract Tower,0,14,54,1,69,0,8,24,0,32,0,22,78,1,101,94,10,104,205
07/10/2021,SGJ,FL,ASO,ES,Federal Contract Tower,0,1,67,0,68,0,18,148,0,166,0,19,215,0,234,196,0,196,430
07/11/2021,SGJ,FL,ASO,ES,Federal Contract Tower,0,7,49,6,62,0,0,86,1,87,0,7,135,7,149,116,0,116,265
07/12/2021,SGJ,FL,ASO,ES,Federal Contract Tower,0,5,19,2,26,0,0,91,4,95,0,5,110,6,121,144,0,144,265
07/13/2021,SGJ,FL,ASO,ES,Federal Contract Tower,0,15,51,2,68,0,0,136,1,137,0,15,187,3,205,188,2,190,395
07/14/2021,SGJ,FL,ASO,ES,Federal Contract Tower,0,4,52,0,56,0,5,147,8,160,0,9,199,8,216,248,2,250,466
07/15/2021,SGJ,FL,ASO,ES,Federal Contract Tower,0,9,44,0,53,0,2,190,1,193,0,11,234,1,246,340,0,340,586
07/16/2021,SGJ,FL,ASO,ES,Federal Contract Tower,0,8,63,15,86,0,27,171,1,199,0,35,234,16,285,234,0,234,519
07/17/2021,SGJ,FL,ASO,ES,Federal Contract Tower,0,1,27,1,29,0,11,84,0,95,0,12,111,1,124,98,0,98,222
07/18/2021,SGJ,FL,ASO,ES,Federal Contract Tower,0,4,27,2,33,0,9,80,2,91,0,13,107,4,124,156,0,156,280
07/19/2021,SGJ,FL,ASO,ES,Federal Contract Tower,0,10,23,1,34,0,12,60,0,72,0,22,83,1,106,220,0,220,326
07/20/2021,SGJ,FL,ASO,ES,Federal Contract Tower,0,21,34,2,57,0,0,121,1,122,0,21,155,3,179,224,0,224,403
07/21/2021,SGJ,FL,ASO,ES,Federal Contract Tower,0,16,36,3,55,0,6,132,6,144,0,22,168,9,199,294,16,310,509
07/22/2021,SGJ,FL,ASO,ES,Federal Contract Tower,0,13,45,1,59,0,8,159,3,170,0,21,204,4,229,240,2,242,471
07/23/2021,SGJ,FL,ASO,ES,Federal Contract Tower,0,9,37,1,47,0,15,103,0,118,0,24,140,1,165,166,0,166,331
07/24/2021,SGJ,FL,ASO,ES,Federal Contract Tower,0,6,39,2,47,0,21,108,0,129,0,27,147,2,176,134,0,134,310
07/25/2021,SGJ,FL,ASO,ES,Federal Contract Tower,0,6,27,0,33,0,20,43,0,63,0,26,70,0,96,154,0,154,250
07/26/2021,SGJ,FL,ASO,ES,Federal Contract Tower,0,8,31,0,39,0,0,11,0,11,0,8,42,0,50,10,0,10,60
07/27/2021,SGJ,FL,ASO,ES,Federal Contract Tower,0,9,35,6,50,0,8,71,1,80,0,17,106,7,130,152,0,152,282
07/28/2021,SGJ,FL,ASO,ES,Federal Contract Tower,0,6,43,0,49,0,2,105,4,111,0,8,148,4,160,242,2,244,404
07/29/2021,SGJ,FL,ASO,ES,Federal Contract Tower,0,11,49,0,60,0,13,145,3,161,0,24,194,3,221,310,4,314,535
07/30/2021,SGJ,FL,ASO,ES,Federal Contract Tower,0,17,24,0,41,0,2,80,0,82,0,19,104,0,123,182,0,182,305
07/31/2021,SGJ,FL,ASO,ES,Federal Contract Tower,0,8,28,0,36,0,0,130,0,130,0,8,158,0,166,218,0,218,384
08/01/2021,SGJ,FL,ASO,ES,Federal Contract Tower,0,6,30,2,38,0,8,73,0,81,0,14,103,2,119,168,0,168,287
08/02/2021,SGJ,FL,ASO,ES,Federal Contract Tower,0,5,25,0,30,0,4,65,0,69,0,9,90,0,99,280,0,280,379
08/03/2021,SGJ,FL,ASO,ES,Federal Contract Tower,0,16,25,0,41,0,0,29,2,31,0,16,54,2,72,48,16,64,136
08/04/2021,SGJ,FL,ASO,ES,Federal Contract Tower,0,6,48,0,54,0,0,32,0,32,0,6,80,0,86,56,8,64,150
08/05/2021,SGJ,FL,ASO,ES,Federal Contract Tower,0,10,45,1,56,0,0,94,0,94,0,10,139,1,150,284,8,292,442
08/06/2021,SGJ,FL,ASO,ES,Federal Contract Tower,0,8,58,3,69,0,130,5,0,135,0,138,63,3,204,250,14,264,468
08/07/2021,SGJ,FL,ASO,ES,Federal Contract Tower,0,8,14,0,22,0,2,132,0,134,0,10,146,0,156,196,0,196,352
08/08/2021,SGJ,FL,ASO,ES,Federal Contract Tower,0,17,33,0,50,0,4,105,0,109,0,21,138,0,159,162,0,162,321
08/09/2021,SGJ,FL,ASO,ES,Federal Contract Tower,0,17,35,5,57,0,0,87,0,87,0,17,122,5,144,258,0,258,402
08/10/2021,SGJ,FL,ASO,ES,Federal Contract Tower,0,11,42,4,57,0,12,107,16,135,0,23,149,20,192,218,16,234,426
08/11/2021,SGJ,FL,ASO,ES,Federal Contract Tower,0,8,57,1,66,0,0,127,7,134,0,8,184,8,200,266,12,278,478
08/12/2021,SGJ,FL,ASO,ES,Federal Contract Tower,0,3,41,1,45,0,16,128,3,147,0,19,169,4,192,232,2,234,426
08/13/2021,SGJ,FL,ASO,ES,Federal Contract Tower,0,7,36,0,43,0,16,124,0,140,0,23,160,0,183,206,0,206,389
08/14/2021,SGJ,FL,ASO,ES,Federal Contract Tower,0,5,12,0,17,0,0,4,0,4,0,5,16,0,21,18,0,18,39
08/15/2021,SGJ,FL,ASO,ES,Federal Contract Tower,0,10,21,0,31,0,0,41,0,41,0,10,62,0,72,54,0,54,126
08/16/2021,SGJ,FL,ASO,ES,Federal Contract Tower,0,7,11,2,20,0,0,8,0,8,0,7,19,2,28,96,0,96,124
08/17/2021,SGJ,FL,ASO,ES,Federal Contract Tower,0,7,29,0,36,0,8,80,4,92,0,15,109,4,128,178,0,178,306
08/18/2021,SGJ,FL,ASO,ES,Federal Contract Tower,0,7,48,1,56,0,2,179,6,187,0,9,227,7,243,278,2,280,523
08/19/2021,SGJ,FL,ASO,ES,Federal Contract Tower,0,10,58,1,69,0,4,178,6,188,0,14,236,7,257,268,5,273,530
08/20/2021,SGJ,FL,ASO,ES,Federal Contract Tower,0,3,43,0,46,0,18,137,0,155,0,21,180,0,201,202,0,202,403
08/21/2021,SGJ,FL,ASO,ES,Federal Contract Tower,0,0,22,0,22,0,24,121,0,145,0,24,143,0,167,256,0,256,423
08/22/2021,SGJ,FL,ASO,ES,Federal Contract Tower,0,11,36,0,47,0,10,50,1,61,0,21,86,1,108,55,0,55,163
08/23/2021,SGJ,FL,ASO,ES,Federal Contract Tower,0,9,38,0,47,0,3,57,0,60,0,12,95,0,107,156,0,156,263
08/24/2021,SGJ,FL,ASO,ES,Federal Contract Tower,0,3,27,2,32,0,5,80,1,86,0,8,107,3,118,164,2,166,284
08/25/2021,SGJ,FL,ASO,ES,Federal Contract Tower,0,2,61,2,65,0,4,140,8,152,0,6,201,10,217,275,14,289,506
08/26/2021,SGJ,FL,ASO,ES,Federal Contract Tower,0,13,24,1,38,0,0,43,6,49,0,13,67,7,87,74,6,80,167
08/27/2021,SGJ,FL,ASO,ES,Federal Contract Tower,0,10,35,0,45,0,6,35,0,41,0,16,70,0,86,60,0,60,146
08/28/2021,SGJ,FL,ASO,ES,Federal Contract Tower,0,2,24,0,26,0,10,79,0,89,0,12,103,0,115,112,0,112,227
08/29/2021,SGJ,FL,ASO,ES,Federal Contract Tower,0,11,28,0,39,0,2,66,0,68,0,13,94,0,107,118,0,118,225
08/30/2021,SGJ,FL,ASO,ES,Federal Contract Tower,0,4,33,0,37,0,0,84,4,88,0,4,117,4,125,141,0,141,266
08/31/2021,SGJ,FL,ASO,ES,Federal Contract Tower,0,7,43,2,52,0,6,110,7,123,0,13,153,9,175,173,14,187,362
09/01/2021,SGJ,FL,ASO,ES,Federal Contract Tower,0,5,32,0,37,0,0,17,2,19,0,5,49,2,56,20,0,20,76
09/02/2021,SGJ,FL,ASO,ES,Federal Contract Tower,0,5,44,6,55,0,2,45,0,47,0,7,89,6,102,20,0,20,122
09/03/2021,SGJ,FL,ASO,ES,Federal Contract Tower,0,10,50,2,62,0,8,100,0,108,0,18,150,2,170,222,0,222,392
09/04/2021,SGJ,FL,ASO,ES,Federal Contract Tower,0,4,31,3,38,0,32,94,0,126,0,36,125,3,164,150,0,150,314
09/05/2021,SGJ,FL,ASO,ES,Federal Contract Tower,0,4,28,0,32,0,18,77,0,95,0,22,105,0,127,104,0,104,231
09/06/2021,SGJ,FL,ASO,ES,Federal Contract Tower,0,9,53,0,62,0,20,114,2,136,0,29,167,2,198,210,0,210,408
09/07/2021,SGJ,FL,ASO,ES,Federal Contract Tower,0,9,46,2,57,0,6,51,7,64,0,15,97,9,121,110,0,110,231
09/08/2021,SGJ,FL,ASO,ES,Federal Contract Tower,0,10,47,4,61,0,6,77,6,89,0,16,124,10,150,166,0,166,316
09/09/2021,SGJ,FL,ASO,ES,Federal Contract Tower,0,2,35,0,37,0,14,26,0,40,0,16,61,0,77,74,0,74,151
09/10/2021,SGJ,FL,ASO,ES,Federal Contract Tower,0,9,39,2,50,0,2,66,6,74,0,11,105,8,124,118,2,120,244
09/11/2021,SGJ,FL,ASO,ES,Federal Contract Tower,0,3,32,2,37,0,20,106,0,126,0,23,138,2,163,260,0,260,423
09/12/2021,SGJ,FL,ASO,ES,Federal Contract Tower,0,5,20,0,25,0,14,56,0,70,0,19,76,0,95,60,0,60,155
09/13/2021,SGJ,FL,ASO,ES,Federal Contract Tower,0,12,27,1,40,0,6,92,1,99,0,18,119,2,139,122,0,122,261
09/14/2021,SGJ,FL,ASO,ES,Federal Contract Tower,0,5,27,1,33,0,4,72,6,82,0,9,99,7,115,138,4,142,257
09/15/2021,SGJ,FL,ASO,ES,Federal Contract Tower,0,12,40,2,54,0,0,120,5,125,0,12,160,7,179,244,10,254,433
09/16/2021,SGJ,FL,ASO,ES,Federal Contract Tower,0,14,45,2,61,0,10,83,0,93,0,24,128,2,154,170,12,182,336
09/17/2021,SGJ,FL,ASO,ES,Federal Contract Tower,0,3,41,3,47,0,4,84,4,92,0,7,125,7,139,160,4,164,303
09/18/2021,SGJ,FL,ASO,ES,Federal Contract Tower,0,4,19,0,23,0,26,78,0,104,0,30,97,0,127,132,0,132,259
09/19/2021,SGJ,FL,ASO,ES,Federal Contract Tower,0,3,23,0,26,0,4,14,0,18,0,7,37,0,44,2,0,2,46
09/20/2021,SGJ,FL,ASO,ES,Federal Contract Tower,0,5,30,4,39,0,3,36,0,39,0,8,66,4,78,84,0,84,162
09/21/2021,SGJ,FL,ASO,ES,Federal Contract Tower,0,7,40,3,50,0,8,94,1,103,0,15,134,4,153,184,26,210,363
09/22/2021,SGJ,FL,ASO,ES,Federal Contract Tower,0,9,72,5,86,0,2,124,6,132,0,11,196,11,218,226,8,234,452
09/23/2021,SGJ,FL,ASO,ES,Federal Contract Tower,0,15,65,4,84,0,12,139,1,152,0,27,204,5,236,178,10,188,424
09/24/2021,SGJ,FL,ASO,ES,Federal Contract Tower,0,13,66,7,86,0,17,142,9,168,0,30,208,16,254,235,2,237,491
09/25/2021,SGJ,FL,ASO,ES,Federal Contract Tower,0,6,47,0,53,0,22,133,0,155,0,28,180,0,208,160,0,160,368
09/26/2021,SGJ,FL,ASO,ES,Federal Contract Tower,0,11,40,0,51,0,24,103,0,127,0,35,143,0,178,134,0,134,312
09/27/2021,SGJ,FL,ASO,ES,Federal Contract Tower,0,14,29,11,54,0,12,100,14,126,0,26,129,25,180,209,0,209,389
09/28/2021,SGJ,FL,ASO,ES,Federal Contract Tower,0,9,21,8,38,0,4,154,16,174,0,13,175,24,212,176,0,176,388
09/29/2021,SGJ,FL,ASO,ES,Federal Contract Tower,0,8,46,7,61,0,6,178,13,197,0,14,224,20,258,224,6,230,488
09/30/2021,SGJ,FL,ASO,ES,Federal Contract Tower,0,20,41,2,63,0,8,147,0,155,0,28,188,2,218,114,0,114,332
10/01/2021,SGJ,FL,ASO,ES,Federal Contract Tower,0,12,55,3,70,0,2,120,12,134,0,14,175,15,204,255,0,255,459
10/02/2021,SGJ,FL,ASO,ES,Federal Contract Tower,0,5,30,0,35,0,12,109,0,121,0,17,139,0,156,136,0,136,292
10/03/2021,SGJ,FL,ASO,ES,Federal Contract Tower,0,12,64,8,84,0,16,48,2,66,0,28,112,10,150,60,0,60,210
10/04/2021,SGJ,FL,ASO,ES,Federal Contract Tower,0,18,54,2,74,0,13,105,3,121,0,31,159,5,195,246,0,246,441
10/05/2021,SGJ,FL,ASO,ES,Federal Contract Tower,0,9,55,3,67,0,7,107,14,128,0,16,162,17,195,222,0,222,417
10/06/2021,SGJ,FL,ASO,ES,Federal Contract Tower,0,7,36,4,47,0,4,92,15,111,0,11,128,19,158,172,18,190,348
10/07/2021,SGJ,FL,ASO,ES,Federal Contract Tower,0,13,52,2,67,0,4,79,1,84,0,17,131,3,151,192,0,192,343
10/08/2021,SGJ,FL,ASO,ES,Federal Contract Tower,0,2,52,1,55,0,0,48,4,52,0,2,100,5,107,120,0,120,227
10/09/2021,SGJ,FL,ASO,ES,Federal Contract Tower,0,7,47,0,54,0,14,99,0,113,0,21,146,0,167,74,0,74,241
10/10/2021,SGJ,FL,ASO,ES,Federal Contract Tower,0,4,35,0,39,0,8,42,0,50,0,12,77,0,89,46,0,46,135
10/11/2021,SGJ,FL,ASO,ES,Federal Contract Tower,0,9,55,0,64,0,12,97,0,109,0,21,152,0,173,310,0,310,483
10/12/2021,SGJ,FL,ASO,ES,Federal Contract Tower,2,13,33,8,56,0,0,76,2,78,2,13,109,10,134,168,10,178,312
10/13/2021,SGJ,FL,ASO,ES,Federal Contract Tower,0,9,36,4,49,0,3,93,6,102,0,12,129,10,151,158,10,168,319
10/14/2021,SGJ,FL,ASO,ES,Federal Contract Tower,0,11,78,5,94,0,0,128,0,128,0,11,206,5,222,268,0,268,490
10/15/2021,SGJ,FL,ASO,ES,Federal Contract Tower,0,12,63,4,79,0,13,105,3,121,0,25,168,7,200,166,0,166,366
10/16/2021,SGJ,FL,ASO,ES,Federal Contract Tower,0,6,51,1,58,0,23,106,0,129,0,29,157,1,187,192,0,192,379
10/17/2021,SGJ,FL,ASO,ES,Federal Contract Tower,0,10,27,0,37,0,0,79,0,79,0,10,106,0,116,58,0,58,174
10/18/2021,SGJ,FL,ASO,ES,Federal Contract Tower,0,9,30,5,44,0,1,79,0,80,0,10,109,5,124,175,0,175,299
10/19/2021,SGJ,FL,ASO,ES,Federal Contract Tower,0,13,27,5,45,0,8,67,2,77,0,21,94,7,122,78,6,84,206
10/20/2021,SGJ,FL,ASO,ES,Federal Contract Tower,0,4,30,4,38,0,6,152,8,166,0,10,182,12,204,176,12,188,392
10/21/2021,SGJ,FL,ASO,ES,Federal Contract Tower,0,23,32,3,58,0,0,108,0,108,0,23,140,3,166,264,4,268,434
10/22/2021,SGJ,FL,ASO,ES,Federal Contract Tower,0,8,56,0,64,0,10,113,0,123,0,18,169,0,187,252,0,252,439
10/23/2021,SGJ,FL,ASO,ES,Federal Contract Tower,0,2,33,0,35,0,30,111,0,141,0,32,144,0,176,200,0,200,376
10/24/2021,SGJ,FL,ASO,ES,Federal Contract Tower,0,12,48,0,60,0,12,83,0,95,0,24,131,0,155,98,0,98,253
10/25/2021,SGJ,FL,ASO,ES,Federal Contract Tower,0,9,37,2,48,0,14,82,0,96,0,23,119,2,144,302,0,302,446
10/26/2021,SGJ,FL,ASO,ES,Federal Contract Tower,0,6,62,1,69,0,8,156,8,172,0,14,218,9,241,262,0,262,503
10/27/2021,SGJ,FL,ASO,ES,Federal Contract Tower,0,8,60,2,70,0,2,177,4,183,0,10,237,6,253,322,12,334,587
10/28/2021,SGJ,FL,ASO,ES,Federal Contract Tower,0,7,37,1,45,0,0,15,0,15,0,7,52,1,60,24,8,32,92
10/29/2021,SGJ,FL,ASO,ES,Federal Contract Tower,0,12,52,4,68,0,10,116,6,132,0,22,168,10,200,282,0,282,482
10/30/2021,SGJ,FL,ASO,ES,Federal Contract Tower,0,8,32,0,40,0,22,95,0,117,0,30,127,0,157,140,0,140,297
10/31/2021,SGJ,FL,ASO,ES,Federal Contract Tower,0,4,40,0,44,0,8,107,0,115,0,12,147,0,159,138,0,138,297
11/01/2021,SGJ,FL,ASO,ES,Federal Contract Tower,0,16,44,3,63,0,8,107,1,116,0,24,151,4,179,308,0,308,487
11/02/2021,SGJ,FL,ASO,ES,Federal Contract Tower,0,10,65,2,77,0,4,173,5,182,0,14,238,7,259,266,14,280,539
11/03/2021,SGJ,FL,ASO,ES,Federal Contract Tower,0,13,66,0,79,0,6,164,9,179,0,19,230,9,258,182,24,206,464
11/04/2021,SGJ,FL,ASO,ES,Federal Contract Tower,0,8,56,6,70,0,0,55,0,55,0,8,111,6,125,154,18,172,297
11/05/2021,SGJ,FL,ASO,ES,Federal Contract Tower,0,5,19,0,24,0,0,0,0,0,0,5,19,0,24,0,0,0,24
11/06/2021,SGJ,FL,ASO,ES,Federal Contract Tower,0,4,10,1,15,0,0,0,0,0,0,4,10,1,15,0,0,0,15
11/07/2021,SGJ,FL,ASO,ES,Federal Contract Tower,0,9,56,0,65,0,16,49,0,65,0,25,105,0,130,66,0,66,196
11/08/2021,SGJ,FL,ASO,ES,Federal Contract Tower,0,14,51,2,67,0,7,114,8,129,0,21,165,10,196,190,18,208,404
11/09/2021,SGJ,FL,ASO,ES,Federal Contract Tower,0,5,54,0,59,0,8,172,13,193,0,13,226,13,252,322,6,328,580
11/10/2021,SGJ,FL,ASO,ES,Federal Contract Tower,0,6,58,6,70,0,10,180,7,197,0,16,238,13,267,396,8,404,671
11/11/2021,SGJ,FL,ASO,ES,Federal Contract Tower,0,10,69,0,79,0,0,143,0,143,0,10,212,0,222,350,0,350,572
11/12/2021,SGJ,FL,ASO,ES,Federal Contract Tower,0,12,62,4,78,0,6,81,0,87,0,18,143,4,165,180,0,180,345
11/13/2021,SGJ,FL,ASO,ES,Federal Contract Tower,0,8,48,0,56,0,6,45,0,51,0,14,93,0,107,82,0,82,189
11/14/2021,SGJ,FL,ASO,ES,Federal Contract Tower,0,6,61,6,73,0,4,125,1,130,0,10,186,7,203,168,0,168,371
11/15/2021,SGJ,FL,ASO,ES,Federal Contract Tower,0,7,48,4,59,0,14,133,0,147,0,21,181,4,206,176,2,178,384
11/16/2021,SGJ,FL,ASO,ES,Federal Contract Tower,0,1,57,6,64,0,18,186,12,216,0,19,243,18,280,288,18,306,586
11/17/2021,SGJ,FL,ASO,ES,Federal Contract Tower,0,6,57,8,71,0,0,201,0,201,0,6,258,8,272,424,2,426,698
11/18/2021,SGJ,FL,ASO,ES,Federal Contract Tower,0,9,63,7,79,0,0,159,2,161,0,9,222,9,240,412,6,418,658
11/19/2021,SGJ,FL,ASO,ES,Federal Contract Tower,2,4,52,12,70,0,0,49,6,55,2,4,101,18,125,8,6,14,139
11/20/2021,SGJ,FL,ASO,ES,Federal Contract Tower,0,12,50,2,64,0,24,48,2,74,0,36,98,4,138,168,38,206,344
11/21/2021,SGJ,FL,ASO,ES,Federal Contract Tower,0,8,57,0,65,0,16,71,0,87,0,24,128,0,152,246,0,246,398
11/22/2021,SGJ,FL,ASO,ES,Federal Contract Tower,2,11,71,1,85,0,22,92,0,114,2,33,163,1,199,208,0,208,407
11/23/2021,SGJ,FL,ASO,ES,Federal Contract Tower,0,6,63,5,74,0,8,99,7,114,0,14,162,12,188,32,10,42,230
11/24/2021,SGJ,FL,ASO,ES,Federal Contract Tower,0,18,47,4,69,0,4,139,5,148,0,22,186,9,217,56,6,62,279
11/25/2021,SGJ,FL,ASO,ES,Federal Contract Tower,0,2,18,0,20,0,1,65,0,66,0,3,83,0,86,114,0,114,200
11/26/2021,SGJ,FL,ASO,ES,Federal Contract Tower,2,5,47,0,54,0,23,80,0,103,2,28,127,0,157,191,0,191,348
11/27/2021,SGJ,FL,ASO,ES,Federal Contract Tower,0,12,46,0,58,0,26,146,0,172,0,38,192,0,230,320,0,320,550
11/28/2021,SGJ,FL,ASO,ES,Federal Contract Tower,0,22,54,0,76,0,20,142,0,162,0,42,196,0,238,258,2,260,498
11/29/2021,SGJ,FL,ASO,ES,Federal Contract Tower,2,10,71,5,88,0,19,130,0,149,2,29,201,5,237,366,0,366,603
11/30/2021,SGJ,FL,ASO,ES,Federal Contract Tower,0,10,41,1,52,0,4,126,8,138,0,14,167,9,190,226,8,234,424
12/01/2021,SGJ,FL,ASO,ES,Federal Contract Tower,0,11,69,1,81,0,7,167,2,176,0,18,236,3,257,308,2,310,567
12/02/2021,SGJ,FL,ASO,ES,Federal Contract Tower,0,11,49,5,65,0,2,174,7,183,0,13,223,12,248,340,2,342,590
12/03/2021,SGJ,FL,ASO,ES,Federal Contract Tower,1,13,50,4,68,0,22,118,1,141,1,35,168,5,209,316,0,316,525
12/04/2021,SGJ,FL,ASO,ES,Federal Contract Tower,1,4,31,1,37,0,6,79,2,87,1,10,110,3,124,116,0,116,240
12/05/2021,SGJ,FL,ASO,ES,Federal Contract Tower,0,15,32,4,51,0,8,112,0,120,0,23,144,4,171,222,0,222,393
12/06/2021,SGJ,FL,ASO,ES,Federal Contract Tower,1,6,43,1,51,0,10,103,6,119,1,16,146,7,170,368,16,384,554
12/07/2021,SGJ,FL,ASO,ES,Federal Contract Tower,1,4,47,2,54,0,0,74,10,84,1,4,121,12,138,156,20,176,314
12/08/2021,SGJ,FL,ASO,ES,Federal Contract Tower,0,9,34,2,45,0,2,67,4,73,0,11,101,6,118,88,0,88,206
12/09/2021,SGJ,FL,ASO,ES,Federal Contract Tower,0,13,75,5,93,0,0,115,2,117,0,13,190,7,210,358,0,358,568
12/10/2021,SGJ,FL,ASO,ES,Federal Contract Tower,1,5,33,16,55,0,10,169,1,180,1,15,202,17,235,312,4,316,551
12/11/2021,SGJ,FL,ASO,ES,Federal Contract Tower,0,7,33,6,46,0,28,160,0,188,0,35,193,6,234,168,0,168,402
12/12/2021,SGJ,FL,ASO,ES,Federal Contract Tower,0,10,67,1,78,0,8,3,0,11,0,18,70,1,89,0,0,0,89
12/13/2021,SGJ,FL,ASO,ES,Federal Contract Tower,1,10,41,13,65,0,2,40,2,44,1,12,81,15,109,92,0,92,201
12/14/2021,SGJ,FL,ASO,ES,Federal Contract Tower,1,21,45,7,74,0,2,16,0,18,1,23,61,7,92,50,0,50,142
12/15/2021,SGJ,FL,ASO,ES,Federal Contract Tower,0,10,42,4,56,0,0,149,4,153,0,10,191,8,209,304,2,306,515
12/16/2021,SGJ,FL,ASO,ES,Federal Contract Tower,0,13,31,5,49,0,0,126,2,128,0,13,157,7,177,299,0,299,476
12/17/2021,SGJ,FL,ASO,ES,Federal Contract Tower,1,11,31,7,50,0,4,118,1,123,1,15,149,8,173,222,0,222,395
12/18/2021,SGJ,FL,ASO,ES,Federal Contract Tower,1,9,40,2,52,0,18,129,0,147,1,27,169,2,199,200,0,200,399
12/19/2021,SGJ,FL,ASO,ES,Federal Contract Tower,0,13,29,1,43,0,9,13,2,24,0,22,42,3,67,6,0,6,73
12/20/2021,SGJ,FL,ASO,ES,Federal Contract Tower,0,5,27,5,37,0,0,1,0,1,0,5,28,5,38,0,0,0,38
12/21/2021,SGJ,FL,ASO,ES,Federal Contract Tower,1,7,12,0,20,0,0,0,0,0,1,7,12,0,20,0,0,0,20
12/22/2021,SGJ,FL,ASO,ES,Federal Contract Tower,0,6,40,2,48,0,4,156,8,168,0,10,196,10,216,158,6,164,380
12/23/2021,SGJ,FL,ASO,ES,Federal Contract Tower,0,8,58,0,66,0,0,128,0,128,0,8,186,0,194,242,0,242,436
12/24/2021,SGJ,FL,ASO,ES,Federal Contract Tower,2,2,15,0,19,0,0,74,2,76,2,2,89,2,95,158,4,162,257
12/25/2021,SGJ,FL,ASO,ES,Federal Contract Tower,0,1,7,0,8,0,0,32,0,32,0,1,39,0,40,20,0,20,60
12/26/2021,SGJ,FL,ASO,ES,Federal Contract Tower,0,7,51,0,58,0,24,50,2,76,0,31,101,2,134,68,0,68,202
12/27/2021,SGJ,FL,ASO,ES,Federal Contract Tower,1,17,50,0,68,0,23,98,5,126,1,40,148,5,194,246,0,246,440
12/28/2021,SGJ,FL,ASO,ES,Federal Contract Tower,1,13,52,0,66,0,2,174,6,182,1,15,226,6,248,268,4,272,520
12/29/2021,SGJ,FL,ASO,ES,Federal Contract Tower,0,11,55,3,69,0,11,182,4,197,0,22,237,7,266,194,8,202,468
12/30/2021,SGJ,FL,ASO,ES,Federal Contract Tower,0,10,57,0,67,0,2,150,0,152,0,12,207,0,219,216,0,216,435
12/31/2021,SGJ,FL,ASO,ES,Federal Contract Tower,2,2,31,0,35,0,18,33,0,51,2,20,64,0,86,30,0,30,116
01/01/2022,SGJ,FL,ASO,ES,Federal Contract Tower,0,8,31,0,39,0,0,41,0,41,0,8,72,0,80,46,0,46,126
01/02/2022,SGJ,FL,ASO,ES,Federal Contract Tower,0,7,37,0,44,0,26,53,0,79,0,33,90,0,123,26,0,26,149
01/03/2022,SGJ,FL,ASO,ES,Federal Contract Tower,1,1,36,0,38,0,10,53,0,63,1,11,89,0,101,98,0,98,199
01/04/2022,SGJ,FL,ASO,ES,Federal Contract Tower,2,7,34,5,48,0,4,82,0,86,2,11,116,5,134,142,0,142,276
01/05/2022,SGJ,FL,ASO,ES,Federal Contract Tower,0,14,38,7,59,0,0,64,10,74,0,14,102,17,133,122,30,152,285
01/06/2022,SGJ,FL,ASO,ES,Federal Contract Tower,0,9,27,0,36,0,0,126,0,126,0,9,153,0,162,218,0,218,380
01/07/2022,SGJ,FL,ASO,ES,Federal Contract Tower,1,17,37,5,60,0,4,129,0,133,1,21,166,5,193,288,0,288,481
01/08/2022,SGJ,FL,ASO,ES,Federal Contract Tower,1,5,35,0,41,0,18,132,1,151,1,23,167,1,192,268,0,268,460
01/09/2022,SGJ,FL,ASO,ES,Federal Contract Tower,0,12,24,2,38,0,31,78,4,113,0,43,102,6,151,110,0,110,261
01/10/2022,SGJ,FL,ASO,ES,Federal Contract Tower,1,5,23,0,29,0,2,13,0,15,1,7,36,0,44,30,0,30,74
01/11/2022,SGJ,FL,ASO,ES,Federal Contract Tower,1,4,47,3,55,0,3,102,3,108,1,7,149,6,163,90,6,96,259
01/12/2022,SGJ,FL,ASO,ES,Federal Contract Tower,0,11,59,3,73,0,8,128,15,151,0,19,187,18,224,218,38,256,480
01/13/2022,SGJ,FL,ASO,ES,Federal Contract Tower,0,4,49,0,53,0,5,133,18,156,0,9,182,18,209,282,0,282,491
01/14/2022,SGJ,FL,ASO,ES,Federal Contract Tower,2,8,39,3,52,0,9,98,0,107,2,17,137,3,159,127,0,127,286
01/15/2022,SGJ,FL,ASO,ES,Federal Contract Tower,0,8,41,0,49,0,13,116,0,129,0,21,157,0,178,200,0,200,378
01/16/2022,SGJ,FL,ASO,ES,Federal Contract Tower,0,2,12,0,14,0,0,5,0,5,0,2,17,0,19,0,0,0,19
01/17/2022,SGJ,FL,ASO,ES,Federal Contract Tower,1,1,36,0,38,0,12,74,8,94,1,13,110,8,132,132,0,132,264
01/18/2022,SGJ,FL,ASO,ES,Federal Contract Tower,1,7,36,5,49,0,4,147,10,161,1,11,183,15,210,210,0,210,420
01/19/2022,SGJ,FL,ASO,ES,Federal Contract Tower,0,11,58,4,73,0,0,170,4,174,0,11,228,8,247,210,6,216,463
01/20/2022,SGJ,FL,ASO,ES,Federal Contract Tower,0,4,30,0,34,0,5,159,6,170,0,9,189,6,204,223,4,227,431
01/21/2022,SGJ,FL,ASO,ES,Federal Contract Tower,0,14,55,0,69,0,0,0,0,0,0,14,55,0,69,0,0,0,69
01/22/2022,SGJ,FL,ASO,ES,Federal Contract Tower,0,4,11,0,15,0,0,0,0,0,0,4,11,0,15,0,0,0,15
01/23/2022,SGJ,FL,ASO,ES,Federal Contract Tower,0,18,37,3,58,0,24,79,4,107,0,42,116,7,165,78,6,84,249
01/24/2022,SGJ,FL,ASO,ES,Federal Contract Tower,2,19,29,4,54,0,2,145,4,151,2,21,174,8,205,300,4,304,509
01/25/2022,SGJ,FL,ASO,ES,Federal Contract Tower,1,11,25,3,40,0,4,82,4,90,1,15,107,7,130,273,6,279,409
01/26/2022,SGJ,FL,ASO,ES,Federal Contract Tower,0,7,63,5,75,0,2,114,0,116,0,9,177,5,191,298,0,298,489
01/27/2022,SGJ,FL,ASO,ES,Federal Contract Tower,0,9,46,12,67,0,0,0,0,0,0,9,46,12,67,0,0,0,67
01/28/2022,SGJ,FL,ASO,ES,Federal Contract Tower,0,15,38,4,57,0,3,69,0,72,0,18,107,4,129,198,0,198,327
01/29/2022,SGJ,FL,ASO,ES,Federal Contract Tower,0,5,21,0,26,0,12,52,0,64,0,17,73,0,90,60,2,62,152
01/30/2022,SGJ,FL,ASO,ES,Federal Contract Tower,0,2,37,0,39,0,14,148,0,162,0,16,185,0,201,110,0,110,311
01/31/2022,SGJ,FL,ASO,ES,Federal Contract Tower,1,11,18,2,32,0,10,128,1,139,1,21,146,3,171,154,0,154,325
02/01/2022,SGJ,FL,ASO,ES,Federal Contract Tower,1,8,31,5,45,0,8,152,8,168,1,16,183,13,213,224,18,242,455
02/02/2022,SGJ,FL,ASO,ES,Federal Contract Tower,0,6,44,3,53,0,0,104,0,104,0,6,148,3,157,302,4,306,463
02/03/2022,SGJ,FL,ASO,ES,Federal Contract Tower,0,10,23,9,42,0,2,99,7,108,0,12,122,16,150,218,0,218,368
02/04/2022,SGJ,FL,ASO,ES,Federal Contract Tower,0,9,47,4,60,0,6,99,1,106,0,15,146,5,166,164,0,164,330
02/05/2022,SGJ,FL,ASO,ES,Federal Contract Tower,0,5,31,15,51,0,10,20,0,30,0,15,51,15,81,20,0,20,101
02/06/2022,SGJ,FL,ASO,ES,Federal Contract Tower,0,4,31,1,36,0,0,0,0,0,0,4,31,1,36,0,0,0,36
02/07/2022,SGJ,FL,ASO,ES,Federal Contract Tower,1,8,24,2,35,0,4,1,0,5,1,12,25,2,40,0,0,0,40
02/08/2022,SGJ,FL,ASO,ES,Federal Contract Tower,1,9,23,4,37,0,0,13,2,15,1,9,36,6,52,8,2,10,62
02/09/2022,SGJ,FL,ASO,ES,Federal Contract Tower,0,8,56,4,68,0,2,124,2,128,0,10,180,6,196,190,6,196,392
02/10/2022,SGJ,FL,ASO,ES,Federal Contract Tower,0,9,57,0,66,0,0,155,4,159,0,9,212,4,225,300,0,300,525
02/11/2022,SGJ,FL,ASO,ES,Federal Contract Tower,1,10,45,10,66,0,14,168,1,183,1,24,213,11,249,198,0,198,447
02/12/2022,SGJ,FL,ASO,ES,Federal Contract Tower,1,8,44,1,54,0,18,143,0,161,1,26,187,1,215,184,0,184,399
02/13/2022,SGJ,FL,ASO,ES,Federal Contract Tower,0,1,47,1,49,0,26,42,2,70,0,27,89,3,119,104,0,104,223
02/14/2022,SGJ,FL,ASO,ES,Federal Contract Tower,1,11,45,4,61,0,17,73,4,94,1,28,118,8,155,90,0,90,245
02/15/2022,SGJ,FL,ASO,ES,Federal Contract Tower,1,11,46,4,62,0,0,123,8,131,1,11,169,12,193,164,4,168,361
02/16/2022,SGJ,FL,ASO,ES,Federal Contract Tower,0,12,41,0,53,0,5,150,2,157,0,17,191,2,210,224,6,230,440
02/17/2022,SGJ,FL,ASO,ES,Federal Contract Tower,0,14,61,4,79,0,1,89,3,93,0,15,150,7,172,194,0,194,366
02/18/2022,SGJ,FL,ASO,ES,Federal Contract Tower,1,7,49,2,59,0,0,20,0,20,1,7,69,2,79,32,0,32,111
02/19/2022,SGJ,FL,ASO,ES,Federal Contract Tower,1,6,46,4,57,0,1,167,0,168,1,7,213,4,225,262,0,262,487
02/20/2022,SGJ,FL,ASO,ES,Federal Contract Tower,0,11,44,1,56,0,2,111,0,113,0,13,155,1,169,148,0,148,317
02/21/2022,SGJ,FL,ASO,ES,Federal Contract Tower,1,16,54,0,71,0,2,137,0,139,1,18,191,0,210,260,0,260,470
02/22/2022,SGJ,FL,ASO,ES,Federal Contract Tower,1,19,46,7,73,0,1,127,5,133,1,20,173,12,206,188,8,196,402
02/23/2022,SGJ,FL,ASO,ES,Federal Contract Tower,0,16,46,6,68,0,0,105,7,112,0,16,151,13,180,130,8,138,318
02/24/2022,SGJ,FL,ASO,ES,Federal Contract Tower,0,17,60,3,80,0,99,8,0,107,0,116,68,3,187,124,8,132,319
02/25/2022,SGJ,FL,ASO,ES,Federal Contract Tower,1,16,58,17,92,0,2,101,5,108,1,18,159,22,200,158,12,170,370
02/26/2022,SGJ,FL,ASO,ES,Federal Contract Tower,1,10,32,4,47,0,8,126,0,134,1,18,158,4,181,124,0,124,305
02/27/2022,SGJ,FL,ASO,ES,Federal Contract Tower,0,17,49,3,69,0,16,76,10,102,0,33,125,13,171,104,0,104,275
02/28/2022,SGJ,FL,ASO,ES,Federal Contract Tower,1,10,28,1,40,0,0,0,0,0,1,10,28,1,40,0,0,0,40
03/01/2022,SGJ,FL,ASO,ES,Federal Contract Tower,1,8,40,5,54,0,6,105,8,119,1,14,145,13,173,184,4,188,361
03/02/2022,SGJ,FL,ASO,ES,Federal Contract Tower,0,6,43,2,51,0,4,159,8,171,0,10,202,10,222,224,8,232,454
03/03/2022,SGJ,FL,ASO,ES,Federal Contract Tower,0,22,39,2,63,0,2,137,4,143,0,24,176,6,206,246,12,258,464
03/04/2022,SGJ,FL,ASO,ES,Federal Contract Tower,1,17,27,0,45,0,2,90,0,92,1,19,117,0,137,114,0,114,251
03/05/2022,SGJ,FL,ASO,ES,Federal Contract Tower,1,12,49,2,64,0,20,95,0,115,1,32,144,2,179,170,0,170,349
03/06/2022,SGJ,FL,ASO,ES,Federal Contract Tower,0,17,34,0,51,0,18,96,2,116,0,35,130,2,167,124,0,124,291
03/07/2022,SGJ,FL,ASO,ES,Federal Contract Tower,3,25,41,2,71,0,6,81,2,89,3,31,122,4,160,146,6,152,312
03/08/2022,SGJ,FL,ASO,ES,Federal Contract Tower,1,26,53,3,83,0,8,71,4,83,1,34,124,7,166,152,12,164,330
03/09/2022,SGJ,FL,ASO,ES,Federal Contract Tower,0,33,78,2,113,0,4,34,1,39,0,37,112,3,152,32,0,32,184
03/10/2022,SGJ,FL,ASO,ES,Federal Contract Tower,0,27,53,0,80,0,0,9,0,9,0,27,62,0,89,28,0,28,117
03/11/2022,SGJ,FL,ASO,ES,Federal Contract Tower,1,14,32,0,47,0,0,2,1,3,1,14,34,1,50,0,0,0,50
03/12/2022,SGJ,FL,ASO,ES,Federal Contract Tower,1,13,30,0,44,0,0,1,0,1,1,13,31,0,45,20,0,20,65
03/13/2022,SGJ,FL,ASO,ES,Federal Contract Tower,0,31,48,4,83,0,21,128,6,155,0,52,176,10,238,150,0,150,388
03/14/2022,SGJ,FL,ASO,ES,Federal Contract Tower,2,18,48,2,70,0,16,118,4,138,2,34,166,6,208,306,0,306,514
03/15/2022,SGJ,FL,ASO,ES,Federal Contract Tower,1,20,38,5,64,0,6,84,4,94,1,26,122,9,158,144,0,144,302
03/16/2022,SGJ,FL,ASO,ES,Federal Contract Tower,0,14,46,3,63,0,0,80,8,88,0,14,126,11,151,120,2,122,273
03/17/2022,SGJ,FL,ASO,ES,Federal Contract Tower,0,14,64,5,83,0,0,193,0,193,0,14,257,5,276,342,0,342,618
03/18/2022,SGJ,FL,ASO,ES,Federal Contract Tower,1,16,63,3,83,0,9,113,0,122,1,25,176,3,205,214,0,214,419
03/19/2022,SGJ,FL,ASO,ES,Federal Contract Tower,1,18,50,0,69,0,16,135,0,151,1,34,185,0,220,210,0,210,430
03/20/2022,SGJ,FL,ASO,ES,Federal Contract Tower,0,20,35,0,55,0,16,94,0,110,0,36,129,0,165,112,0,112,277
03/21/2022,SGJ,FL,ASO,ES,Federal Contract Tower,1,13,38,0,52,0,29,136,6,171,1,42,174,6,223,214,0,214,437
03/22/2022,SGJ,FL,ASO,ES,Federal Contract Tower,1,11,49,4,65,0,4,148,6,158,1,15,197,10,223,212,10,222,445
03/23/2022,SGJ,FL,ASO,ES,Federal Contract Tower,0,11,46,2,59,0,0,42,2,44,0,11,88,4,103,56,6,62,165
03/24/2022,SGJ,FL,ASO,ES,Federal Contract Tower,0,11,36,0,47,0,0,0,0,0,0,11,36,0,47,0,0,0,47
03/25/2022,SGJ,FL,ASO,ES,Federal Contract Tower,2,21,41,15,79,0,18,175,0,193,2,39,216,15,272,214,0,214,486
03/26/2022,SGJ,FL,ASO,ES,Federal Contract Tower,3,17,42,0,62,0,17,138,0,155,3,34,180,0,217,200,0,200,417
03/27/2022,SGJ,FL,ASO,ES,Federal Contract Tower,1,18,39,5,63,0,26,130,0,156,1,44,169,5,219,128,0,128,347
03/28/2022,SGJ,FL,ASO,ES,Federal Contract Tower,1,12,57,3,73,0,28,151,0,179,1,40,208,3,252,276,0,276,528
03/29/2022,SGJ,FL,ASO,ES,Federal Contract Tower,0,7,58,2,67,0,0,197,13,210,0,7,255,15,277,296,0,296,573
03/30/2022,SGJ,FL,ASO,ES,Federal Contract Tower,0,9,66,15,90,0,0,131,7,138,0,9,197,22,228,148,6,154,382
03/31/2022,SGJ,FL,ASO,ES,Federal Contract Tower,0,7,36,2,45,0,0,33,0,33,0,7,69,2,78,24,0,24,102
04/01/2022,SGJ,FL,ASO,ES,Federal Contract Tower,0,5,77,4,86,0,2,143,0,145,0,7,220,4,231,336,0,336,567
04/02/2022,SGJ,FL,ASO,ES,Federal Contract Tower,0,3,41,0,44,0,2,10,0,12,0,5,51,0,56,10,0,10,66
04/03/2022,SGJ,FL,ASO,ES,Federal Contract Tower,2,5,50,3,60,0,20,132,0,152,2,25,182,3,212,126,0,126,338
04/04/2022,SGJ,FL,ASO,ES,Federal Contract Tower,1,15,49,2,67,0,16,158,0,174,1,31,207,2,241,260,0,260,501
04/05/2022,SGJ,FL,ASO,ES,Federal Contract Tower,1,11,20,2,34,0,4,65,0,69,1,15,85,2,103,134,0,134,237
04/06/2022,SGJ,FL,ASO,ES,Federal Contract Tower,0,9,41,5,55,0,0,45,7,52,0,9,86,12,107,74,34,108,215
04/07/2022,SGJ,FL,ASO,ES,Federal Contract Tower,1,13,41,0,55,0,0,34,0,34,1,13,75,0,89,12,0,12,101
04/08/2022,SGJ,FL,ASO,ES,Federal Contract Tower,1,10,47,2,60,0,10,139,6,155,1,20,186,8,215,202,0,202,417
04/09/2022,SGJ,FL,ASO,ES,Federal Contract Tower,3,18,28,0,49,0,12,77,0,89,3,30,105,0,138,98,0,98,236
04/10/2022,SGJ,FL,ASO,ES,Federal Contract Tower,1,21,52,2,76,0,24,136,6,166,1,45,188,8,242,296,0,296,538
04/11/2022,SGJ,FL,ASO,ES,Federal Contract Tower,1,14,43,1,59,0,14,120,6,140,1,28,163,7,199,296,0,296,495
04/12/2022,SGJ,FL,ASO,ES,Federal Contract Tower,1,10,28,2,41,0,8,132,6,146,1,18,160,8,187,250,2,252,439
04/13/2022,SGJ,FL,ASO,ES,Federal Contract Tower,0,16,45,2,63,0,1,156,7,164,0,17,201,9,227,328,8,336,563
04/14/2022,SGJ,FL,ASO,ES,Federal Contract Tower,0,26,65,7,98,0,6,103,4,113,0,32,168,11,211,208,10,218,429
04/15/2022,SGJ,FL,ASO,ES,Federal Contract Tower,2,4,47,0,53,0,13,103,1,117,2,17,150,1,170,236,0,236,406
04/16/2022,SGJ,FL,ASO,ES,Federal Contract Tower,2,10,35,0,47,0,26,124,0,150,2,36,159,0,197,242,0,242,439
04/17/2022,SGJ,FL,ASO,ES,Federal Contract Tower,1,12,23,0,36,0,8,44,1,53,1,20,67,1,89,90,0,90,179
04/18/2022,SGJ,FL,ASO,ES,Federal Contract Tower,1,27,56,0,84,0,8,110,2,120,1,35,166,2,204,300,0,300,504
04/19/2022,SGJ,FL,ASO,ES,Federal Contract Tower,1,16,58,6,81,0,4,144,10,158,1,20,202,16,239,258,0,258,497
04/20/2022,SGJ,FL,ASO,ES,Federal Contract Tower,0,8,62,2,72,0,3,103,7,113,0,11,165,9,185,178,6,184,369
04/21/2022,SGJ,FL,ASO,ES,Federal Contract Tower,1,16,66,3,86,0,0,127,9,136,1,16,193,12,222,180,40,220,442
04/22/2022,SGJ,FL,ASO,ES,Federal Contract Tower,1,13,40,0,54,0,0,100,0,100,1,13,140,0,154,144,0,144,298
04/23/2022,SGJ,FL,ASO,ES,Federal Contract Tower,0,8,28,0,36,0,0,131,0,131,0,8,159,0,167,254,0,254,421
04/24/2022,SGJ,FL,ASO,ES,Federal Contract Tower,1,17,36,0,54,0,2,123,4,129,1,19,159,4,183,124,0,124,307
04/25/2022,SGJ,FL,ASO,ES,Federal Contract Tower,1,22,35,1,59,0,8,137,8,153,1,30,172,9,212,282,0,282,494
04/26/2022,SGJ,FL,ASO,ES,Federal Contract Tower,1,16,62,2,81,0,2,176,9,187,1,18,238,11,268,316,6,322,590
04/27/2022,SGJ,FL,ASO,ES,Federal Contract Tower,0,20,49,3,72,0,0,123,6,129,0,20,172,9,201,196,10,206,407
04/28/2022,SGJ,FL,ASO,ES,Federal Contract Tower,0,24,62,0,86,0,0,98,6,104,0,24,160,6,190,18,34,52,242
04/29/2022,SGJ,FL,ASO,ES,Federal Contract Tower,0,8,36,0,44,0,0,106,0,106,0,8,142,0,150,224,0,224,374
04/30/2022,SGJ,FL,ASO,ES,Federal Contract Tower,0,15,47,0,62,0,4,96,0,100,0,19,143,0,162,106,0,106,268
05/01/2022,SGJ,FL,ASO,ES,Federal Contract Tower,0,32,54,9,95,0,0,99,0,99,0,32,153,9,194,124,0,124,318
05/02/2022,SGJ,FL,ASO,ES,Federal Contract Tower,1,18,42,3,64,0,0,102,2,104,1,18,144,5,168,230,0,230,398
05/03/2022,SGJ,FL,ASO,ES,Federal Contract Tower,1,25,49,0,75,0,0,126,10,136,1,25,175,10,211,286,6,292,503
05/04/2022,SGJ,FL,ASO,ES,Federal Contract Tower,0,23,42,4,69,0,6,170,5,181,0,29,212,9,250,278,0,278,528
05/05/2022,SGJ,FL,ASO,ES,Federal Contract Tower,0,9,71,0,80,0,8,172,6,186,0,17,243,6,266,206,4,210,476
05/06/2022,SGJ,FL,ASO,ES,Federal Contract Tower,0,12,44,3,59,0,10,100,0,110,0,22,144,3,169,100,0,100,269
05/07/2022,SGJ,FL,ASO,ES,Federal Contract Tower,11,32,1,0,44,0,8,25,0,33,11,40,26,0,77,42,0,42,119
05/08/2022,SGJ,FL,ASO,ES,Federal Contract Tower,1,13,39,0,53,0,32,100,6,138,1,45,139,6,191,102,0,102,293
05/09/2022,SGJ,FL,ASO,ES,Federal Contract Tower,2,8,25,3,38,0,16,65,4,85,2,24,90,7,123,120,14,134,257
05/10/2022,SGJ,FL,ASO,ES,Federal Contract Tower,2,15,24,2,43,0,4,106,3,113,2,19,130,5,156,90,0,90,246
05/11/2022,SGJ,FL,ASO,ES,Federal Contract Tower,0,17,46,4,67,0,2,96,5,103,0,19,142,9,170,80,6,86,256
05/12/2022,SGJ,FL,ASO,ES,Federal Contract Tower,2,12,40,2,56,0,0,118,9,127,2,12,158,11,183,204,10,214,397
05/13/2022,SGJ,FL,ASO,ES,Federal Contract Tower,2,18,36,3,59,0,4,78,2,84,2,22,114,5,143,238,0,238,381
05/14/2022,SGJ,FL,ASO,ES,Federal Contract Tower,0,10,29,2,41,0,18,158,2,178,0,28,187,4,219,188,0,188,407
05/15/2022,SGJ,FL,ASO,ES,Federal Contract Tower,0,18,22,0,40,0,7,82,0,89,0,25,104,0,129,78,0,78,207
05/16/2022,SGJ,FL,ASO,ES,Federal Contract Tower,2,15,44,0,61,0,18,131,1,150,2,33,175,1,211,150,0,150,361
05/17/2022,SGJ,FL,ASO,ES,Federal Contract Tower,2,7,52,3,64,0,7,133,10,150,2,14,185,13,214,138,6,144,358
05/18/2022,SGJ,FL,ASO,ES,Federal Contract Tower,0,17,41,0,58,0,0,114,0,114,0,17,155,0,172,186,0,186,358
05/19/2022,SGJ,FL,ASO,ES,Federal Contract Tower,1,15,57,3,76,0,0,154,3,157,1,15,211,6,233,340,0,340,573
05/20/2022,SGJ,FL,ASO,ES,Federal Contract Tower,1,16,39,1,57,0,0,94,0,94,1,16,133,1,151,208,0,208,359
05/21/2022,SGJ,FL,ASO,ES,Federal Contract Tower,0,7,33,3,43,0,10,71,0,81,0,17,104,3,124,120,2,122,246
05/22/2022,SGJ,FL,ASO,ES,Federal Contract Tower,2,13,38,0,53,0,2,27,0,29,2,15,65,0,82,0,0,0,82
05/23/2022,SGJ,FL,ASO,ES,Federal Contract Tower,1,22,46,3,72,0,18,76,0,94,1,40,122,3,166,194,0,194,360
05/24/2022,SGJ,FL,ASO,ES,Federal Contract Tower,2,29,47,3,81,0,8,102,1,111,2,37,149,4,192,148,0,148,340
05/25/2022,SGJ,FL,ASO,ES,Federal Contract Tower,0,9,51,5,65,0,1,151,0,152,0,10,202,5,217,328,0,328,545
05/26/2022,SGJ,FL,ASO,ES,Federal Contract Tower,1,12,55,1,69,0,2,121,4,127,1,14,176,5,196,252,0,252,448
05/27/2022,SGJ,FL,ASO,ES,Federal Contract Tower,3,10,46,0,59,0,10,82,0,92,3,20,128,0,151,168,0,168,319
05/28/2022,SGJ,FL,ASO,ES,Federal Contract Tower,1,14,33,0,48,0,20,113,0,133,1,34,146,0,181,269,0,269,450
05/29/2022,SGJ,FL,ASO,ES,Federal Contract Tower,1,9,25,0,35,0,27,93,2,122,1,36,118,2,157,146,0,146,303
05/30/2022,SGJ,FL,ASO,ES,Federal Contract Tower,1,15,42,1,59,0,14,81,0,95,1,29,123,1,154,162,0,162,316
05/31/2022,SGJ,FL,ASO,ES,Federal Contract Tower,1,19,28,4,52,0,0,69,4,73,1,19,97,8,125,234,0,234,359
06/01/2022,SGJ,FL,ASO,ES,Federal Contract Tower,0,14,47,1,62,0,0,139,10,149,0,14,186,11,211,278,0,278,489
06/02/2022,SGJ,FL,ASO,ES,Federal Contract Tower,1,18,42,5,66,0,0,127,9,136,1,18,169,14,202,254,0,254,456
06/03/2022,SGJ,FL,ASO,ES,Federal Contract Tower,1,18,47,11,77,0,8,139,0,147,1,26,186,11,224,262,0,262,486
06/04/2022,SGJ,FL,ASO,ES,Federal Contract Tower,1,11,20,0,32,0,14,52,0,66,1,25,72,0,98,118,0,118,216
06/05/2022,SGJ,FL,ASO,ES,Federal Contract Tower,1,10,36,0,47,0,3,60,1,64,1,13,96,1,111,104,0,104,215
06/06/2022,SGJ,FL,ASO,ES,Federal Contract Tower,1,11,22,5,39,0,8,43,1,52,1,19,65,6,91,118,2,120,211
06/07/2022,SGJ,FL,ASO,ES,Federal Contract Tower,0,19,38,6,63,0,12,167,8,187,0,31,205,14,250,324,4,328,578
06/08/2022,SGJ,FL,ASO,ES,Federal Contract Tower,0,7,39,6,52,0,1,120,14,135,0,8,159,20,187,200,24,224,411
06/09/2022,SGJ,FL,ASO,ES,Federal Contract Tower,0,9,44,4,57,0,0,115,7,122,0,9,159,11,179,280,0,280,459
06/10/2022,SGJ,FL,ASO,ES,Federal Contract Tower,0,9,43,2,54,0,16,95,2,113,0,25,138,4,167,218,0,218,385
06/11/2022,SGJ,FL,ASO,ES,Federal Contract Tower,0,12,26,3,41,0,14,10,0,24,0,26,36,3,65,28,0,28,93
06/12/2022,SGJ,FL,ASO,ES,Federal Contract Tower,0,15,27,0,42,0,18,75,0,93,0,33,102,0,135,92,0,92,227
06/13/2022,SGJ,FL,ASO,ES,Federal Contract Tower,0,6,35,0,41,0,14,108,8,130,0,20,143,8,171,210,0,210,381
06/14/2022,SGJ,FL,ASO,ES,Federal Contract Tower,1,18,43,5,67,0,2,130,3,135,1,20,173,8,202,236,0,236,438
06/15/2022,SGJ,FL,ASO,ES,Federal Contract Tower,0,11,55,7,73,0,4,165,2,171,0,15,220,9,244,304,0,304,548
06/16/2022,SGJ,FL,ASO,ES,Federal Contract Tower,0,11,45,1,57,0,0,119,6,125,0,11,164,7,182,264,8,272,454
06/17/2022,SGJ,FL,ASO,ES,Federal Contract Tower,0,19,32,5,56,0,14,136,2,152,0,33,168,7,208,290,0,290,498
06/18/2022,SGJ,FL,ASO,ES,Federal Contract Tower,0,9,20,0,29,0,10,41,0,51,0,19,61,0,80,64,0,64,144
06/19/2022,SGJ,FL,ASO,ES,Federal Contract Tower,0,14,23,0,37,0,22,106,0,128,0,36,129,0,165,52,0,52,217
06/20/2022,SGJ,FL,ASO,ES,Federal Contract Tower,0,14,30,1,45,0,24,93,6,123,0,38,123,7,168,178,0,178,346
06/21/2022,SGJ,FL,ASO,ES,Federal Contract Tower,0,15,15,2,32,0,2,128,7,137,0,17,143,9,169,262,2,264,433
06/22/2022,SGJ,FL,ASO,ES,Federal Contract Tower,0,6,41,3,50,0,3,127,4,134,0,9,168,7,184,256,0,256,440
06/23/2022,SGJ,FL,ASO,ES,Federal Contract Tower,0,15,50,0,65,0,0,127,2,129,0,15,177,2,194,172,0,172,366
06/24/2022,SGJ,FL,ASO,ES,Federal Contract Tower,0,14,55,1,70,0,12,68,0,80,0,26,123,1,150,67,0,67,217
06/25/2022,SGJ,FL,ASO,ES,Federal Contract Tower,1,7,39,0,47,0,16,127,0,143,1,23,166,0,190,270,0,270,460
06/26/2022,SGJ,FL,ASO,ES,Federal Contract Tower,1,18,23,0,42,0,18,96,0,114,1,36,119,0,156,128,0,128,284
06/27/2022,SGJ,FL,ASO,ES,Federal Contract Tower,0,16,32,0,48,0,6,43,6,55,0,22,75,6,103,106,0,106,209
06/28/2022,SGJ,FL,ASO,ES,Federal Contract Tower,0,12,18,0,30,0,8,125,6,139,0,20,143,6,169,254,8,262,431
06/29/2022,SGJ,FL,ASO,ES,Federal Contract Tower,0,20,34,6,60,0,1,175,8,184,0,21,209,14,244,324,0,324,568
06/30/2022,SGJ,FL,ASO,ES,Federal Contract Tower,0,11,56,2,69,0,3,101,4,108,0,14,157,6,177,218,0,218,395
07/01/2022,SGJ,FL,ASO,ES,Federal Contract Tower,0,11,33,1,45,0,4,70,2,76,0,15,103,3,121,114,0,114,235
07/02/2022,SGJ,FL,ASO,ES,Federal Contract Tower,0,17,43,0,60,0,10,80,0,90,0,27,123,0,150,92,0,92,242
07/03/2022,SGJ,FL,ASO,ES,Federal Contract Tower,0,3,12,0,15,0,6,41,0,47,0,9,53,0,62,80,0,80,142
07/04/2022,SGJ,FL,ASO,ES,Federal Contract Tower,0,9,20,0,29,0,28,56,2,86,0,37,76,2,115,108,0,108,223
07/05/2022,SGJ,FL,ASO,ES,Federal Contract Tower,0,7,46,2,55,0,0,120,2,122,0,7,166,4,177,194,0,194,371
07/06/2022,SGJ,FL,ASO,ES,Federal Contract Tower,0,17,65,5,87,0,6,142,6,154,0,23,207,11,241,312,0,312,553
07/07/2022,SGJ,FL,ASO,ES,Federal Contract Tower,0,5,52,1,58,0,0,100,0,100,0,5,152,1,158,290,0,290,448
07/08/2022,SGJ,FL,ASO,ES,Federal Contract Tower,0,6,38,0,44,0,13,109,0,122,0,19,147,0,166,230,0,230,396
07/09/2022,SGJ,FL,ASO,ES,Federal Contract Tower,0,3,23,3,29,0,17,60,0,77,0,20,83,3,106,74,0,74,180
07/10/2022,SGJ,FL,ASO,ES,Federal Contract Tower,0,17,28,0,45,0,8,79,0,87,0,25,107,0,132,56,0,56,188
07/11/2022,SGJ,FL,ASO,ES,Federal Contract Tower,0,9,27,0,36,0,4,26,0,30,0,13,53,0,66,136,0,136,202
07/12/2022,SGJ,FL,ASO,ES,Federal Contract Tower,0,9,39,1,49,0,0,101,0,101,0,9,140,1,150,172,2,174,324
07/13/2022,SGJ,FL,ASO,ES,Federal Contract Tower,0,13,30,2,45,0,5,143,4,152,0,18,173,6,197,338,8,346,543
07/14/2022,SGJ,FL,ASO,ES,Federal Contract Tower,0,7,39,2,48,0,2,117,0,119,0,9,156,2,167,340,24,364,531
07/15/2022,SGJ,FL,ASO,ES,Federal Contract Tower,0,8,33,0,41,0,14,118,2,134,0,22,151,2,175,302,0,302,477
07/16/2022,SGJ,FL,ASO,ES,Federal Contract Tower,0,7,23,0,30,0,10,56,0,66,0,17,79,0,96,46,0,46,142
07/17/2022,SGJ,FL,ASO,ES,Federal Contract Tower,0,11,30,0,41,0,22,64,0,86,0,33,94,0,127,172,0,172,299
07/18/2022,SGJ,FL,ASO,ES,Federal Contract Tower,0,4,22,0,26,0,0,40,0,40,0,4,62,0,66,120,0,120,186
07/19/2022,SGJ,FL,ASO,ES,Federal Contract Tower,0,14,20,1,35,0,0,68,6,74,0,14,88,7,109,210,12,222,331
07/20/2022,SGJ,FL,ASO,ES,Federal Contract Tower,0,11,38,3,52,0,0,43,2,45,0,11,81,5,97,106,0,106,203
07/21/2022,SGJ,FL,ASO,ES,Federal Contract Tower,0,11,35,2,48,0,6,134,5,145,0,17,169,7,193,330,0,330,523
07/22/2022,SGJ,FL,ASO,ES,Federal Contract Tower,0,12,30,6,48,0,18,125,0,143,0,30,155,6,191,294,0,294,485
07/23/2022,SGJ,FL,ASO,ES,Federal Contract Tower,0,7,38,2,47,0,15,73,0,88,0,22,111,2,135,104,0,104,239
07/24/2022,SGJ,FL,ASO,ES,Federal Contract Tower,0,9,35,2,46,0,15,80,0,95,0,24,115,2,141,200,0,200,341
07/25/2022,SGJ,FL,ASO,ES,Federal Contract Tower,0,11,37,1,49,0,12,120,10,142,0,23,157,11,191,326,0,326,517
07/26/2022,SGJ,FL,ASO,ES,Federal Contract Tower,0,7,29,7,43,0,2,112,11,125,0,9,141,18,168,254,6,260,428
07/27/2022,SGJ,FL,ASO,ES,Federal Contract Tower,0,22,28,1,51,0,4,109,10,123,0,26,137,11,174,236,36,272,446
07/28/2022,SGJ,FL,ASO,ES,Federal Contract Tower,0,14,37,0,51,0,2,133,0,135,0,16,170,0,186,298,0,298,484
07/29/2022,SGJ,FL,ASO,ES,Federal Contract Tower,0,11,43,1,55,0,18,145,3,166,0,29,188,4,221,232,0,232,453
07/30/2022,SGJ,FL,ASO,ES,Federal Contract Tower,0,11,32,1,44,0,22,143,1,166,0,33,175,2,210,212,0,212,422
07/31/2022,SGJ,FL,ASO,ES,Federal Contract Tower,0,10,28,0,38,0,24,129,0,153,0,34,157,0,191,216,0,216,407
08/01/2022,SGJ,FL,ASO,ES,Federal Contract Tower,0,16,39,2,57,0,14,105,8,127,0,30,144,10,184,162,6,168,352
08/02/2022,SGJ,FL,ASO,ES,Federal Contract Tower,0,15,35,1,51,0,7,127,16,150,0,22,162,17,201,304,2,306,507
08/03/2022,SGJ,FL,ASO,ES,Federal Contract Tower,0,7,60,0,67,0,23,167,14,204,0,30,227,14,271,392,22,414,685
08/04/2022,SGJ,FL,ASO,ES,Federal Contract Tower,0,16,57,3,76,0,11,115,9,135,0,27,172,12,211,254,0,254,465
08/05/2022,SGJ,FL,ASO,ES,Federal Contract Tower,0,12,44,1,57,0,10,123,0,133,0,22,167,1,190,296,0,296,486
08/06/2022,SGJ,FL,ASO,ES,Federal Contract Tower,0,6,48,2,56,0,15,139,2,156,0,21,187,4,212,310,0,310,522
08/07/2022,SGJ,FL,ASO,ES,Federal Contract Tower,0,10,38,0,48,0,2,92,0,94,0,12,130,0,142,224,0,224,366
08/08/2022,SGJ,FL,ASO,ES,Federal Contract Tower,0,16,29,0,45,0,10,83,1,94,0,26,112,1,139,316,0,316,455
08/09/2022,SGJ,FL,ASO,ES,Federal Contract Tower,0,9,27,3,39,0,10,130,6,146,0,19,157,9,185,394,0,394,579
08/10/2022,SGJ,FL,ASO,ES,Federal Contract Tower,0,18,53,2,73,0,9,147,2,158,0,27,200,4,231,306,0,306,537
08/11/2022,SGJ,FL,ASO,ES,Federal Contract Tower,0,16,32,3,51,0,0,84,2,86,0,16,116,5,137,218,0,218,355
08/12/2022,SGJ,FL,ASO,ES,Federal Contract Tower,0,18,31,2,51,0,0,97,3,100,0,18,128,5,151,300,0,300,451
08/13/2022,SGJ,FL,ASO,ES,Federal Contract Tower,0,11,30,4,45,0,10,69,0,79,0,21,99,4,124,146,0,146,270
08/14/2022,SGJ,FL,ASO,ES,Federal Contract Tower,0,12,30,1,43,0,20,95,1,116,0,32,125,2,159,76,0,76,235
08/15/2022,SGJ,FL,ASO,ES,Federal Contract Tower,0,9,30,2,41,0,8,162,10,180,0,17,192,12,221,384,0,384,605
08/16/2022,SGJ,FL,ASO,ES,Federal Contract Tower,0,22,21,3,46,0,8,131,8,147,0,30,152,11,193,314,0,314,507
08/17/2022,SGJ,FL,ASO,ES,Federal Contract Tower,0,8,37,3,48,0,0,117,3,120,0,8,154,6,168,312,4,316,484
08/18/2022,SGJ,FL,ASO,ES,Federal Contract Tower,0,14,37,1,52,0,10,60,8,78,0,24,97,9,130,200,0,200,330
08/19/2022,SGJ,FL,ASO,ES,Federal Contract Tower,0,18,39,3,60,0,5,101,0,106,0,23,140,3,166,222,0,222,388
08/20/2022,SGJ,FL,ASO,ES,Federal Contract Tower,0,6,39,0,45,0,22,117,0,139,0,28,156,0,184,258,0,258,442
08/21/2022,SGJ,FL,ASO,ES,Federal Contract Tower,0,12,23,0,35,0,18,56,6,80,0,30,79,6,115,138,0,138,253
08/22/2022,SGJ,FL,ASO,ES,Federal Contract Tower,0,9,24,0,33,0,10,61,4,75,0,19,85,4,108,172,0,172,280
08/23/2022,SGJ,FL,ASO,ES,Federal Contract Tower,0,9,29,2,40,0,4,74,10,88,0,13,103,12,128,186,8,194,322
08/24/2022,SGJ,FL,ASO,ES,Federal Contract Tower,0,10,30,0,40,0,10,107,8,125,0,20,137,8,165,202,14,216,381
08/25/2022,SGJ,FL,ASO,ES,Federal Contract Tower,0,11,45,2,58,0,4,54,1,59,0,15,99,3,117,160,0,160,277
08/26/2022,SGJ,FL,ASO,ES,Federal Contract Tower,0,10,52,3,65,0,1,87,0,88,0,11,139,3,153,172,0,172,325
08/27/2022,SGJ,FL,ASO,ES,Federal Contract Tower,0,5,41,0,46,0,10,28,0,38,0,15,69,0,84,22,0,22,106
08/28/2022,SGJ,FL,ASO,ES,Federal Contract Tower,0,10,37,0,47,0,16,67,2,85,0,26,104,2,132,126,0,126,258
08/29/2022,SGJ,FL,ASO,ES,Federal Contract Tower,0,10,11,3,24,0,2,21,4,27,0,12,32,7,51,138,20,158,209
08/30/2022,SGJ,FL,ASO,ES,Federal Contract Tower,0,10,32,1,43,0,0,65,2,67,0,10,97,3,110,186,0,186,296
08/31/2022,SGJ,FL,ASO,ES,Federal Contract Tower,0,3,58,0,61,0,2,67,2,71,0,5,125,2,132,130,0,130,262
09/01/2022,SGJ,FL,ASO,ES,Federal Contract Tower,0,16,30,2,48,0,0,66,0,66,0,16,96,2,114,115,16,131,245
09/02/2022,SGJ,FL,ASO,ES,Federal Contract Tower,0,13,49,0,62,0,2,90,0,92,0,15,139,0,154,150,0,150,304
09/03/2022,SGJ,FL,ASO,ES,Federal Contract Tower,0,4,41,0,45,0,16,83,0,99,0,20,124,0,144,162,0,162,306
09/04/2022,SGJ,FL,ASO,ES,Federal Contract Tower,0,7,14,0,21,0,20,49,0,69,0,27,63,0,90,136,0,136,226
09/05/2022,SGJ,FL,ASO,ES,Federal Contract Tower,0,12,32,0,44,0,14,91,0,105,0,26,123,0,149,202,0,202,351
09/06/2022,SGJ,FL,ASO,ES,Federal Contract Tower,0,9,59,5,73,0,0,101,6,107,0,9,160,11,180,196,10,206,386
09/07/2022,SGJ,FL,ASO,ES,Federal Contract Tower,0,14,55,1,70,0,0,130,0,130,0,14,185,1,200,210,0,210,410
09/08/2022,SGJ,FL,ASO,ES,Federal Contract Tower,0,7,28,3,38,0,4,63,3,70,0,11,91,6,108,232,18,250,358
09/09/2022,SGJ,FL,ASO,ES,Federal Contract Tower,0,16,65,2,83,0,0,49,0,49,0,16,114,2,132,66,0,66,198
09/10/2022,SGJ,FL,ASO,ES,Federal Contract Tower,0,6,31,0,37,0,10,93,0,103,0,16,124,0,140,128,0,128,268
09/11/2022,SGJ,FL,ASO,ES,Federal Contract Tower,0,22,26,0,48,0,16,75,4,95,0,38,101,4,143,106,0,106,249
09/12/2022,SGJ,FL,ASO,ES,Federal Contract Tower,0,14,21,3,38,0,0,63,10,73,0,14,84,13,111,108,0,108,219
09/13/2022,SGJ,FL,ASO,ES,Federal Contract Tower,0,15,43,1,59,0,8,78,1,87,0,23,121,2,146,100,0,100,246
09/14/2022,SGJ,FL,ASO,ES,Federal Contract Tower,0,17,41,1,59,0,2,89,6,97,0,19,130,7,156,156,0,156,312
09/15/2022,SGJ,FL,ASO,ES,Federal Contract Tower,0,14,33,0,47,0,0,31,1,32,0,14,64,1,79,102,0,102,181
09/16/2022,SGJ,FL,ASO,ES,Federal Contract Tower,0,13,30,3,46,0,0,10,35,45,0,13,40,38,91,54,2,56,147
09/17/2022,SGJ,FL,ASO,ES,Federal Contract Tower,0,7,18,2,27,0,4,30,2,36,0,11,48,4,63,61,0,61,124
09/18/2022,SGJ,FL,ASO,ES,Federal Contract Tower,0,5,38,4,47,0,10,16,0,26,0,15,54,4,73,12,0,12,85
09/19/2022,SGJ,FL,ASO,ES,Federal Contract Tower,0,10,39,0,49,0,0,111,0,111,0,10,150,0,160,120,22,142,302
09/20/2022,SGJ,FL,ASO,ES,Federal Contract Tower,0,16,40,4,60,0,10,92,6,108,0,26,132,10,168,143,0,143,311
09/21/2022,SGJ,FL,ASO,ES,Federal Contract Tower,0,13,34,4,51,0,13,122,4,139,0,26,156,8,190,178,0,178,368
09/22/2022,SGJ,FL,ASO,ES,Federal Contract Tower,0,11,44,2,57,0,12,175,3,190,0,23,219,5,247,408,2,410,657
09/23/2022,SGJ,FL,ASO,ES,Federal Contract Tower,0,7,50,2,59,0,3,59,0,62,0,10,109,2,121,25,0,25,146
09/24/2022,SGJ,FL,ASO,ES,Federal Contract Tower,0,15,22,0,37,0,16,126,0,142,0,31,148,0,179,180,0,180,359
09/25/2022,SGJ,FL,ASO,ES,Federal Contract Tower,0,13,40,3,56,0,8,96,0,104,0,21,136,3,160,125,0,125,285
09/26/2022,SGJ,FL,ASO,ES,Federal Contract Tower,0,12,47,2,61,0,20,156,8,184,0,32,203,10,245,446,0,446,691
09/27/2022,SGJ,FL,ASO,ES,Federal Contract Tower,0,19,25,1,45,0,8,51,0,59,0,27,76,1,104,106,0,106,210
09/28/2022,SGJ,FL,ASO,ES,Federal Contract Tower,0,1,7,0,8,0,0,0,0,0,0,1,7,0,8,0,0,0,8
09/30/2022,SGJ,FL,ASO,ES,Federal Contract Tower,0,0,4,0,4,0,0,0,2,2,0,0,4,2,6,0,0,0,6
10/01/2022,SGJ,FL,ASO,ES,Federal Contract Tower,0,7,18,1,26,0,8,42,0,50,0,15,60,1,76,14,0,14,90
10/02/2022,SGJ,FL,ASO,ES,Federal Contract Tower,0,5,18,0,23,0,12,73,0,85,0,17,91,0,108,118,0,118,226
10/03/2022,SGJ,FL,ASO,ES,Federal Contract Tower,0,11,24,2,37,0,2,76,6,84,0,13,100,8,121,86,4,90,211
10/04/2022,SGJ,FL,ASO,ES,Federal Contract Tower,0,19,27,2,48,0,0,125,4,129,0,19,152,6,177,84,0,84,261
10/05/2022,SGJ,FL,ASO,ES,Federal Contract Tower,0,17,56,4,77,0,4,190,0,194,0,21,246,4,271,404,0,404,675
10/06/2022,SGJ,FL,ASO,ES,Federal Contract Tower,0,13,38,0,51,0,2,188,6,196,0,15,226,6,247,342,0,342,589
10/07/2022,SGJ,FL,ASO,ES,Federal Contract Tower,0,13,34,5,52,0,0,119,2,121,0,13,153,7,173,360,0,360,533
10/08/2022,SGJ,FL,ASO,ES,Federal Contract Tower,0,0,5,46,51,0,18,143,0,161,0,18,148,46,212,214,0,214,426
10/09/2022,SGJ,FL,ASO,ES,Federal Contract Tower,0,18,29,0,47,0,8,113,4,125,0,26,142,4,172,184,6,190,362
10/10/2022,SGJ,FL,ASO,ES,Federal Contract Tower,0,16,31,0,47,0,2,62,2,66,0,18,93,2,113,188,0,188,301
10/11/2022,SGJ,FL,ASO,ES,Federal Contract Tower,0,17,52,2,71,0,1,90,4,95,0,18,142,6,166,220,8,228,394
10/12/2022,SGJ,FL,ASO,ES,Federal Contract Tower,0,11,64,0,75,0,0,105,9,114,0,11,169,9,189,268,14,282,471
10/13/2022,SGJ,FL,ASO,ES,Federal Contract Tower,0,11,49,1,61,0,4,128,4,136,0,15,177,5,197,268,6,274,471
10/14/2022,SGJ,FL,ASO,ES,Federal Contract Tower,0,9,57,1,67,0,6,128,0,134,0,15,185,1,201,286,0,286,487
10/15/2022,SGJ,FL,ASO,ES,Federal Contract Tower,0,4,30,0,34,0,10,183,0,193,0,14,213,0,227,272,0,272,499
10/16/2022,SGJ,FL,ASO,ES,Federal Contract Tower,0,11,43,1,55,0,0,111,0,111,0,11,154,1,166,174,0,174,340
10/17/2022,SGJ,FL,ASO,ES,Federal Contract Tower,0,17,34,2,53,0,6,104,0,110,0,23,138,2,163,202,0,202,365
10/18/2022,SGJ,FL,ASO,ES,Federal Contract Tower,0,17,37,5,59,0,0,127,2,129,0,17,164,7,188,272,0,272,460
10/19/2022,SGJ,FL,ASO,ES,Federal Contract Tower,0,11,81,0,92,0,1,139,1,141,0,12,220,1,233,236,28,264,497
10/20/2022,SGJ,FL,ASO,ES,Federal Contract Tower,0,12,63,5,80,0,6,138,0,144,0,18,201,5,224,316,0,316,540
10/21/2022,SGJ,FL,ASO,ES,Federal Contract Tower,0,10,73,15,98,0,14,195,3,212,0,24,268,18,310,252,0,252,562
10/22/2022,SGJ,FL,ASO,ES,Federal Contract Tower,0,7,17,0,24,0,10,143,0,153,0,17,160,0,177,80,0,80,257
10/23/2022,SGJ,FL,ASO,ES,Federal Contract Tower,0,12,40,4,56,0,16,62,1,79,0,28,102,5,135,125,0,125,260
10/24/2022,SGJ,FL,ASO,ES,Federal Contract Tower,0,11,30,7,48,0,2,153,1,156,0,13,183,8,204,316,0,316,520
10/25/2022,SGJ,FL,ASO,ES,Federal Contract Tower,0,8,39,3,50,0,18,193,5,216,0,26,232,8,266,378,0,378,644
10/26/2022,SGJ,FL,ASO,ES,Federal Contract Tower,0,11,67,1,79,0,2,158,4,164,0,13,225,5,243,302,2,304,547
10/27/2022,SGJ,FL,ASO,ES,Federal Contract Tower,0,11,70,3,84,0,2,118,1,121,0,13,188,4,205,278,0,278,483
10/28/2022,SGJ,FL,ASO,ES,Federal Contract Tower,0,15,43,2,60,0,0,47,0,47,0,15,90,2,107,96,0,96,203
10/29/2022,SGJ,FL,ASO,ES,Federal Contract Tower,0,5,23,0,28,0,0,0,0,0,0,5,23,0,28,0,0,0,28
10/30/2022,SGJ,FL,ASO,ES,Federal Contract Tower,0,15,40,0,55,0,2,20,2,24,0,17,60,2,79,44,0,44,123
10/31/2022,SGJ,FL,ASO,ES,Federal Contract Tower,0,12,43,1,56,0,16,135,4,155,0,28,178,5,211,434,0,434,645
11/01/2022,SGJ,FL,ASO,ES,Federal Contract Tower,0,8,65,22,95,0,15,172,8,195,0,23,237,30,290,436,6,442,732
11/02/2022,SGJ,FL,ASO,ES,Federal Contract Tower,0,9,60,1,70,0,4,202,4,210,0,13,262,5,280,402,0,402,682
11/03/2022,SGJ,FL,ASO,ES,Federal Contract Tower,0,11,87,2,100,0,2,34,2,38,0,13,121,4,138,40,0,40,178
11/04/2022,SGJ,FL,ASO,ES,Federal Contract Tower,0,13,84,11,108,0,2,100,0,102,0,15,184,11,210,170,0,170,380
11/05/2022,SGJ,FL,ASO,ES,Federal Contract Tower,0,5,42,9,56,0,0,162,0,162,0,5,204,9,218,290,0,290,508
11/06/2022,SGJ,FL,ASO,ES,Federal Contract Tower,0,12,56,1,69,0,10,58,1,69,0,22,114,2,138,124,0,124,262
11/07/2022,SGJ,FL,ASO,ES,Federal Contract Tower,0,15,45,0,60,0,0,48,2,50,0,15,93,2,110,52,12,64,174
11/08/2022,SGJ,FL,ASO,ES,Federal Contract Tower,0,11,16,0,27,0,6,30,0,36,0,17,46,0,63,16,0,16,79
11/09/2022,SGJ,FL,ASO,ES,Federal Contract Tower,0,4,4,0,8,0,0,0,0,0,0,4,4,0,8,0,0,0,8
11/12/2022,SGJ,FL,ASO,ES,Federal Contract Tower,0,5,41,2,48,0,12,69,0,81,0,17,110,2,129,144,0,144,273
11/13/2022,SGJ,FL,ASO,ES,Federal Contract Tower,0,11,55,0,66,0,0,51,0,51,0,11,106,0,117,172,0,172,289
11/14/2022,SGJ,FL,ASO,ES,Federal Contract Tower,0,11,51,2,64,0,8,119,2,129,0,19,170,4,193,156,0,156,349
11/15/2022,SGJ,FL,ASO,ES,Federal Contract Tower,0,14,44,2,60,0,8,154,2,164,0,22,198,4,224,158,0,158,382
11/16/2022,SGJ,FL,ASO,ES,Federal Contract Tower,0,14,59,4,77,0,6,62,0,68,0,20,121,4,145,146,0,146,291
11/17/2022,SGJ,FL,ASO,ES,Federal Contract Tower,0,17,85,4,106,0,24,164,4,192,0,41,249,8,298,328,4,332,630
11/18/2022,SGJ,FL,ASO,ES,Federal Contract Tower,0,25,81,0,106,0,6,142,0,148,0,31,223,0,254,208,0,208,462
11/19/2022,SGJ,FL,ASO,ES,Federal Contract Tower,0,16,38,0,54,0,12,109,0,121,0,28,147,0,175,222,0,222,397
11/20/2022,SGJ,FL,ASO,ES,Federal Contract Tower,0,13,44,0,57,0,0,60,0,60,0,13,104,0,117,150,0,150,267
11/21/2022,SGJ,FL,ASO,ES,Federal Contract Tower,0,14,44,3,61,0,10,42,0,52,0,24,86,3,113,140,0,140,253
11/22/2022,SGJ,FL,ASO,ES,Federal Contract Tower,0,23,42,0,65,0,0,0,0,0,0,23,42,0,65,0,0,0,65
11/23/2022,SGJ,FL,ASO,ES,Federal Contract Tower,0,11,74,0,85,0,0,0,0,0,0,11,74,0,85,0,0,0,85
11/24/2022,SGJ,FL,ASO,ES,Federal Contract Tower,0,7,6,0,13,0,0,2,0,2,0,7,8,0,15,0,0,0,15
11/25/2022,SGJ,FL,ASO,ES,Federal Contract Tower,0,14,29,0,43,0,0,0,0,0,0,14,29,0,43,0,0,0,43
11/26/2022,SGJ,FL,ASO,ES,Federal Contract Tower,0,15,49,0,64,0,16,52,0,68,0,31,101,0,132,230,0,230,362
11/27/2022,SGJ,FL,ASO,ES,Federal Contract Tower,0,13,62,0,75,0,18,51,0,69,0,31,113,0,144,24,0,24,168
11/28/2022,SGJ,FL,ASO,ES,Federal Contract Tower,0,20,52,3,75,0,12,201,2,215,0,32,253,5,290,348,0,348,638
11/29/2022,SGJ,FL,ASO,ES,Federal Contract Tower,0,10,45,3,58,0,10,189,6,205,0,20,234,9,263,372,0,372,635
11/30/2022,SGJ,FL,ASO,ES,Federal Contract Tower,0,13,38,0,51,0,2,88,0,90,0,15,126,0,141,170,4,174,315
12/01/2022,SGJ,FL,ASO,ES,Federal Contract Tower,0,8,76,2,86,0,0,115,2,117,0,8,191,4,203,106,0,106,309
12/02/2022,SGJ,FL,ASO,ES,Federal Contract Tower,0,17,46,3,66,0,4,138,0,142,0,21,184,3,208,316,0,316,524
12/03/2022,SGJ,FL,ASO,ES,Federal Contract Tower,0,5,46,0,51,0,8,114,0,122,0,13,160,0,173,170,0,170,343
12/04/2022,SGJ,FL,ASO,ES,Federal Contract Tower,0,15,49,12,76,0,10,102,0,112,0,25,151,12,188,208,0,208,396
12/05/2022,SGJ,FL,ASO,ES,Federal Contract Tower,0,11,49,0,60,0,10,116,2,128,0,21,165,2,188,252,0,252,440
12/06/2022,SGJ,FL,ASO,ES,Federal Contract Tower,0,12,41,2,55,0,6,166,7,179,0,18,207,9,234,138,0,138,372
12/07/2022,SGJ,FL,ASO,ES,Federal Contract Tower,0,15,50,5,70,0,2,134,0,136,0,17,184,5,206,88,0,88,294
12/08/2022,SGJ,FL,ASO,ES,Federal Contract Tower,0,20,53,10,83,0,8,143,6,157,0,28,196,16,240,249,12,261,501
12/09/2022,SGJ,FL,ASO,ES,Federal Contract Tower,0,19,48,1,68,0,14,204,0,218,0,33,252,1,286,304,8,312,598
12/10/2022,SGJ,FL,ASO,ES,Federal Contract Tower,0,16,29,0,45,0,0,0,0,0,0,16,29,0,45,0,0,0,45
12/11/2022,SGJ,FL,ASO,ES,Federal Contract Tower,0,16,48,3,67,0,6,1,0,7,0,22,49,3,74,0,0,0,74
12/12/2022,SGJ,FL,ASO,ES,Federal Contract Tower,0,21,35,2,58,0,4,91,6,101,0,25,126,8,159,246,10,256,415
12/13/2022,SGJ,FL,ASO,ES,Federal Contract Tower,0,22,50,5,77,0,0,28,3,31,0,22,78,8,108,32,12,44,152
12/14/2022,SGJ,FL,ASO,ES,Federal Contract Tower,0,22,44,1,67,0,2,122,12,136,0,24,166,13,203,194,0,194,397
12/15/2022,SGJ,FL,ASO,ES,Federal Contract Tower,0,7,22,0,29,0,2,10,0,12,0,9,32,0,41,24,0,24,65
12/16/2022,SGJ,FL,ASO,ES,Federal Contract Tower,0,17,40,6,63,0,8,185,1,194,0,25,225,7,257,324,0,324,581
12/17/2022,SGJ,FL,ASO,ES,Federal Contract Tower,0,16,36,1,53,0,30,168,0,198,0,46,204,1,251,210,0,210,461
12/18/2022,SGJ,FL,ASO,ES,Federal Contract Tower,0,9,42,0,51,0,18,89,5,112,0,27,131,5,163,34,0,34,197
12/19/2022,SGJ,FL,ASO,ES,Federal Contract Tower,0,17,42,2,61,0,2,154,6,162,0,19,196,8,223,317,8,325,548
12/20/2022,SGJ,FL,ASO,ES,Federal Contract Tower,0,12,39,2,53,0,0,49,7,56,0,12,88,9,109,136,0,136,245
12/21/2022,SGJ,FL,ASO,ES,Federal Contract Tower,0,19,37,0,56,0,0,0,0,0,0,19,37,0,56,0,0,0,56
12/22/2022,SGJ,FL,ASO,ES,Federal Contract Tower,0,7,29,5,41,0,1,61,3,65,0,8,90,8,106,124,6,130,236
12/23/2022,SGJ,FL,ASO,ES,Federal Contract Tower,0,11,25,0,36,0,28,64,0,92,0,39,89,0,128,68,0,68,196
12/24/2022,SGJ,FL,ASO,ES,Federal Contract Tower,0,3,6,0,9,0,2,20,0,22,0,5,26,0,31,14,0,14,45
12/25/2022,SGJ,FL,ASO,ES,Federal Contract Tower,0,7,6,0,13,0,0,20,0,20,0,7,26,0,33,4,0,4,37
12/26/2022,SGJ,FL,ASO,ES,Federal Contract Tower,0,12,43,0,55,0,22,134,6,162,0,34,177,6,217,206,0,206,423
12/27/2022,SGJ,FL,ASO,ES,Federal Contract Tower,0,17,44,2,63,0,16,130,8,154,0,33,174,10,217,176,8,184,401
12/28/2022,SGJ,FL,ASO,ES,Federal Contract Tower,0,8,40,2,50,0,10,176,0,186,0,18,216,2,236,212,0,212,448
12/29/2022,SGJ,FL,ASO,ES,Federal Contract Tower,0,9,54,1,64,0,10,152,0,162,0,19,206,1,226,232,2,234,460
12/30/2022,SGJ,FL,ASO,ES,Federal Contract Tower,0,15,37,0,52,0,16,158,1,175,0,31,195,1,227,328,0,328,555
12/31/2022,SGJ,FL,ASO,ES,Federal Contract Tower,0,17,19,0,36,0,10,11,0,21,0,27,30,0,57,0,0,0,57
01/01/2023,SGJ,FL,ASO,ES,Federal Contract Tower,0,8,32,0,40,0,20,11,0,31,0,28,43,0,71,6,0,6,77
01/02/2023,SGJ,FL,ASO,ES,Federal Contract Tower,0,7,41,0,48,0,4,2,4,10,0,11,43,4,58,0,0,0,58
01/03/2023,SGJ,FL,ASO,ES,Federal Contract Tower,0,17,37,1,55,0,22,128,2,152,0,39,165,3,207,210,0,210,417
01/04/2023,SGJ,FL,ASO,ES,Federal Contract Tower,0,12,35,0,47,0,2,33,1,36,0,14,68,1,83,48,0,48,131
01/05/2023,SGJ,FL,ASO,ES,Federal Contract Tower,0,10,28,1,39,0,2,93,0,95,0,12,121,1,134,272,6,278,412
01/06/2023,SGJ,FL,ASO,ES,Federal Contract Tower,0,12,55,5,72,0,2,145,3,150,0,14,200,8,222,226,2,228,450
01/07/2023,SGJ,FL,ASO,ES,Federal Contract Tower,0,13,33,2,48,0,14,152,0,166,0,27,185,2,214,138,0,138,352
01/08/2023,SGJ,FL,ASO,ES,Federal Contract Tower,0,15,37,27,79,0,6,81,0,87,0,21,118,27,166,48,0,48,214
01/09/2023,SGJ,FL,ASO,ES,Federal Contract Tower,0,18,25,8,51,0,8,131,22,161,0,26,156,30,212,246,0,246,458
01/10/2023,SGJ,FL,ASO,ES,Federal Contract Tower,0,11,54,4,69,0,8,140,9,157,0,19,194,13,226,222,0,222,448
01/11/2023,SGJ,FL,ASO,ES,Federal Contract Tower,0,4,40,1,45,0,4,185,0,189,0,8,225,1,234,308,10,318,552
01/12/2023,SGJ,FL,ASO,ES,Federal Contract Tower,0,13,30,4,47,0,10,144,2,156,0,23,174,6,203,280,0,280,483
01/13/2023,SGJ,FL,ASO,ES,Federal Contract Tower,0,12,25,6,43,0,3,51,4,58,0,15,76,10,101,60,0,60,161
01/14/2023,SGJ,FL,ASO,ES,Federal Contract Tower,0,14,28,0,42,0,5,38,0,43,0,19,66,0,85,58,0,58,143
01/15/2023,SGJ,FL,ASO,ES,Federal Contract Tower,0,13,46,1,60,0,14,137,6,157,0,27,183,7,217,148,4,152,369
01/16/2023,SGJ,FL,ASO,ES,Federal Contract Tower,0,12,43,0,55,0,2,164,0,166,0,14,207,0,221,278,0,278,499
01/17/2023,SGJ,FL,ASO,ES,Federal Contract Tower,0,13,28,5,46,0,6,100,8,114,0,19,128,13,160,64,0,64,224
01/18/2023,SGJ,FL,ASO,ES,Federal Contract Tower,0,17,39,7,63,0,4,141,3,148,0,21,180,10,211,30,4,34,245
01/19/2023,SGJ,FL,ASO,ES,Federal Contract Tower,0,10,31,2,43,0,1,89,2,92,0,11,120,4,135,8,0,8,143
01/20/2023,SGJ,FL,ASO,ES,Federal Contract Tower,0,19,26,1,46,0,6,88,1,95,0,25,114,2,141,28,0,28,169
01/21/2023,SGJ,FL,ASO,ES,Federal Contract Tower,0,10,38,0,48,0,10,74,0,84,0,20,112,0,132,58,0,58,190
01/22/2023,SGJ,FL,ASO,ES,Federal Contract Tower,0,13,28,1,42,0,4,50,1,55,0,17,78,2,97,12,0,12,109
01/23/2023,SGJ,FL,ASO,ES,Federal Contract Tower,0,12,35,0,47,0,1,110,6,117,0,13,145,6,164,8,0,8,172
01/24/2023,SGJ,FL,ASO,ES,Federal Contract Tower,0,12,49,4,65,0,4,129,4,137,0,16,178,8,202,40,0,40,242
01/25/2023,SGJ,FL,ASO,ES,Federal Contract Tower,0,5,20,0,25,0,1,36,6,43,0,6,56,6,68,29,14,43,111
01/26/2023,SGJ,FL,ASO,ES,Federal Contract Tower,0,15,30,3,48,0,5,114,2,121,0,20,144,5,169,84,0,84,253
01/27/2023,SGJ,FL,ASO,ES,Federal Contract Tower,0,18,34,2,54,0,0,120,2,122,0,18,154,4,176,60,0,60,236
01/28/2023,SGJ,FL,ASO,ES,Federal Contract Tower,0,6,29,0,35,0,8,171,2,181,0,14,200,2,216,51,0,51,267
01/29/2023,SGJ,FL,ASO,ES,Federal Contract Tower,0,15,24,1,40,0,2,97,2,101,0,17,121,3,141,90,0,90,231
01/30/2023,SGJ,FL,ASO,ES,Federal Contract Tower,0,10,34,0,44,0,0,107,0,107,0,10,141,0,151,102,0,102,253
01/31/2023,SGJ,FL,ASO,ES,Federal Contract Tower,0,10,22,4,36,0,0,106,0,106,0,10,128,4,142,84,0,84,226
02/01/2023,SGJ,FL,ASO,ES,Federal Contract Tower,0,11,45,2,58,0,2,124,0,126,0,13,169,2,184,216,0,216,400
02/02/2023,SGJ,FL,ASO,ES,Federal Contract Tower,0,13,47,6,66,0,8,143,0,151,0,21,190,6,217,130,0,130,347
02/03/2023,SGJ,FL,ASO,ES,Federal Contract Tower,0,5,22,9,36,0,0,3,0,3,0,5,25,9,39,0,0,0,39
02/04/2023,SGJ,FL,ASO,ES,Federal Contract Tower,0,7,31,2,40,0,16,40,0,56,0,23,71,2,96,28,0,28,124
02/05/2023,SGJ,FL,ASO,ES,Federal Contract Tower,0,8,24,7,39,0,0,2,0,2,0,8,26,7,41,0,0,0,41
02/06/2023,SGJ,FL,ASO,ES,Federal Contract Tower,0,14,34,0,48,0,18,112,8,138,0,32,146,8,186,186,0,186,372
02/07/2023,SGJ,FL,ASO,ES,Federal Contract Tower,0,17,34,7,58,0,6,167,0,173,0,23,201,7,231,186,0,186,417
02/08/2023,SGJ,FL,ASO,ES,Federal Contract Tower,0,25,30,6,61,0,10,146,0,156,0,35,176,6,217,186,0,186,403
02/09/2023,SGJ,FL,ASO,ES,Federal Contract Tower,0,26,42,6,74,0,5,127,2,134,0,31,169,8,208,220,0,220,428
02/10/2023,SGJ,FL,ASO,ES,Federal Contract Tower,0,6,55,7,68,0,4,61,0,65,0,10,116,7,133,112,0,112,245
02/11/2023,SGJ,FL,ASO,ES,Federal Contract Tower,0,3,15,0,18,0,2,3,0,5,0,5,18,0,23,22,0,22,45
02/12/2023,SGJ,FL,ASO,ES,Federal Contract Tower,0,8,15,3,26,0,12,21,1,34,0,20,36,4,60,36,0,36,96
02/13/2023,SGJ,FL,ASO,ES,Federal Contract Tower,0,12,37,0,49,0,6,153,0,159,0,18,190,0,208,236,0,236,444
02/14/2023,SGJ,FL,ASO,ES,Federal Contract Tower,0,14,40,0,54,0,19,145,1,165,0,33,185,1,219,272,0,272,491
02/15/2023,SGJ,FL,ASO,ES,Federal Contract Tower,0,18,56,0,74,0,2,153,4,159,0,20,209,4,233,210,14,224,457
02/16/2023,SGJ,FL,ASO,ES,Federal Contract Tower,0,24,63,0,87,0,4,124,4,132,0,28,187,4,219,188,14,202,421
02/17/2023,SGJ,FL,ASO,ES,Federal Contract Tower,0,10,63,3,76,0,2,95,0,97,0,12,158,3,173,22,0,22,195
02/18/2023,SGJ,FL,ASO,ES,Federal Contract Tower,0,11,43,0,54,0,22,80,0,102,0,33,123,0,156,22,0,22,178
02/19/2023,SGJ,FL,ASO,ES,Federal Contract Tower,0,11,39,0,50,0,22,110,2,134,0,33,149,2,184,150,0,150,334
02/20/2023,SGJ,FL,ASO,ES,Federal Contract Tower,0,17,59,0,76,0,6,163,0,169,0,23,222,0,245,228,0,228,473
02/21/2023,SGJ,FL,ASO,ES,Federal Contract Tower,0,14,54,5,73,0,12,60,4,76,0,26,114,9,149,32,0,32,181
02/22/2023,SGJ,FL,ASO,ES,Federal Contract Tower,0,9,55,0,64,0,10,128,0,138,0,19,183,0,202,272,0,272,474
02/23/2023,SGJ,FL,ASO,ES,Federal Contract Tower,0,17,61,0,78,0,4,109,0,113,0,21,170,0,191,214,0,214,405
02/24/2023,SGJ,FL,ASO,ES,Federal Contract Tower,0,11,67,15,93,0,0,137,0,137,0,11,204,15,230,214,14,228,458
02/25/2023,SGJ,FL,ASO,ES,Federal Contract Tower,0,8,42,1,51,0,10,121,0,131,0,18,163,1,182,166,0,166,348
02/26/2023,SGJ,FL,ASO,ES,Federal Contract Tower,0,15,53,5,73,0,12,154,2,168,0,27,207,7,241,212,0,212,453
02/27/2023,SGJ,FL,ASO,ES,Federal Contract Tower,0,16,42,8,66,0,0,114,10,124,0,16,156,18,190,176,0,176,366
02/28/2023,SGJ,FL,ASO,ES,Federal Contract Tower,0,7,26,3,36,0,8,93,0,101,0,15,119,3,137,103,0,103,240
03/01/2023,SGJ,FL,ASO,ES,Federal Contract Tower,0,23,56,3,82,0,8,107,3,118,0,31,163,6,200,178,2,180,380
03/02/2023,SGJ,FL,ASO,ES,Federal Contract Tower,0,18,57,4,79,0,4,63,1,68,0,22,120,5,147,54,0,54,201
03/03/2023,SGJ,FL,ASO,ES,Federal Contract Tower,0,18,28,3,49,0,6,69,1,76,0,24,97,4,125,30,0,30,155
03/04/2023,SGJ,FL,ASO,ES,Federal Contract Tower,0,11,30,3,44,0,15,32,0,47,0,26,62,3,91,8,0,8,99
03/05/2023,SGJ,FL,ASO,ES,Federal Contract Tower,0,14,30,4,48,0,0,89,4,93,0,14,119,8,141,72,0,72,213
03/06/2023,SGJ,FL,ASO,ES,Federal Contract Tower,0,23,45,0,68,0,2,170,0,172,0,25,215,0,240,246,0,246,486
03/07/2023,SGJ,FL,ASO,ES,Federal Contract Tower,0,24,62,5,91,0,4,126,4,134,0,28,188,9,225,218,0,218,443
03/08/2023,SGJ,FL,ASO,ES,Federal Contract Tower,0,25,42,5,72,0,0,46,6,52,0,25,88,11,124,4,0,4,128
03/09/2023,SGJ,FL,ASO,ES,Federal Contract Tower,0,31,38,3,72,0,16,117,6,139,0,47,155,9,211,152,2,154,365
03/10/2023,SGJ,FL,ASO,ES,Federal Contract Tower,0,24,47,1,72,0,10,40,1,51,0,34,87,2,123,28,6,34,157
03/11/2023,SGJ,FL,ASO,ES,Federal Contract Tower,0,20,43,0,63,0,8,127,0,135,0,28,170,0,198,138,0,138,336
03/12/2023,SGJ,FL,ASO,ES,Federal Contract Tower,0,34,32,5,71,0,5,76,0,81,0,39,108,5,152,38,0,38,190
03/13/2023,SGJ,FL,ASO,ES,Federal Contract Tower,0,35,23,1,59,0,0,2,4,6,0,35,25,5,65,0,0,0,65
03/14/2023,SGJ,FL,ASO,ES,Federal Contract Tower,0,15,50,2,67,0,12,109,12,133,0,27,159,14,200,190,10,200,400
03/15/2023,SGJ,FL,ASO,ES,Federal Contract Tower,0,8,31,0,39,0,6,132,2,140,0,14,163,2,179,228,0,228,407
03/16/2023,SGJ,FL,ASO,ES,Federal Contract Tower,0,13,37,1,51,0,10,122,0,132,0,23,159,1,183,230,0,230,413
03/17/2023,SGJ,FL,ASO,ES,Federal Contract Tower,0,19,46,1,66,0,8,112,6,126,0,27,158,7,192,116,14,130,322
03/18/2023,SGJ,FL,ASO,ES,Federal Contract Tower,0,15,32,7,54,0,1,9,0,10,0,16,41,7,64,4,0,4,68
03/19/2023,SGJ,FL,ASO,ES,Federal Contract Tower,0,17,43,0,60,0,12,102,0,114,0,29,145,0,174,136,0,136,310
03/20/2023,SGJ,FL,ASO,ES,Federal Contract Tower,0,17,33,9,59,0,14,131,6,151,0,31,164,15,210,206,0,206,416
03/21/2023,SGJ,FL,ASO,ES,Federal Contract Tower,0,15,35,8,58,0,6,39,4,49,0,21,74,12,107,6,6,12,119
03/22/2023,SGJ,FL,ASO,ES,Federal Contract Tower,0,21,39,4,64,0,6,147,8,161,0,27,186,12,225,258,16,274,499
03/23/2023,SGJ,FL,ASO,ES,Federal Contract Tower,0,29,43,3,75,0,6,96,2,104,0,35,139,5,179,186,6,192,371
03/24/2023,SGJ,FL,ASO,ES,Federal Contract Tower,0,22,53,7,82,0,1,169,11,181,0,23,222,18,263,256,14,270,533
03/25/2023,SGJ,FL,ASO,ES,Federal Contract Tower,0,7,49,0,56,0,14,37,0,51,0,21,86,0,107,88,0,88,195
03/26/2023,SGJ,FL,ASO,ES,Federal Contract Tower,0,19,49,2,70,0,14,65,4,83,0,33,114,6,153,82,0,82,235
03/27/2023,SGJ,FL,ASO,ES,Federal Contract Tower,0,16,51,4,71,0,16,97,11,124,0,32,148,15,195,202,10,212,407
03/28/2023,SGJ,FL,ASO,ES,Federal Contract Tower,0,8,45,2,55,0,0,13,0,13,0,8,58,2,68,0,0,0,68
03/29/2023,SGJ,FL,ASO,ES,Federal Contract Tower,0,10,68,2,80,0,4,114,4,122,0,14,182,6,202,134,10,144,346
03/30/2023,SGJ,FL,ASO,ES,Federal Contract Tower,0,11,46,5,62,0,4,116,13,133,0,15,162,18,195,162,18,180,375
03/31/2023,SGJ,FL,ASO,ES,Federal Contract Tower,0,10,53,9,72,0,10,140,0,150,0,20,193,9,222,190,0,190,412
04/01/2023,SGJ,FL,ASO,ES,Federal Contract Tower,0,13,38,4,55,0,16,121,4,141,0,29,159,8,196,178,0,178,374
04/02/2023,SGJ,FL,ASO,ES,Federal Contract Tower,0,11,33,2,46,0,14,99,6,119,0,25,132,8,165,198,8,206,371
04/03/2023,SGJ,FL,ASO,ES,Federal Contract Tower,0,15,37,1,53,0,4,53,2,59,0,19,90,3,112,136,0,136,248
04/04/2023,SGJ,FL,ASO,ES,Federal Contract Tower,0,14,62,2,78,0,12,166,4,182,0,26,228,6,260,334,0,334,594
04/05/2023,SGJ,FL,ASO,ES,Federal Contract Tower,0,13,58,4,75,0,6,128,0,134,0,19,186,4,209,158,0,158,367
04/06/2023,SGJ,FL,ASO,ES,Federal Contract Tower,0,20,47,1,68,0,6,165,9,180,0,26,212,10,248,192,8,200,448
04/07/2023,SGJ,FL,ASO,ES,Federal Contract Tower,0,17,54,3,74,0,6,130,0,136,0,23,184,3,210,296,0,296,506
04/08/2023,SGJ,FL,ASO,ES,Federal Contract Tower,0,10,47,0,57,0,16,106,1,123,0,26,153,1,180,258,0,258,438
04/09/2023,SGJ,FL,ASO,ES,Federal Contract Tower,0,9,14,0,23,0,0,0,0,0,0,9,14,0,23,0,0,0,23
04/10/2023,SGJ,FL,ASO,ES,Federal Contract Tower,0,6,26,0,32,0,0,0,0,0,0,6,26,0,32,0,0,0,32
04/11/2023,SGJ,FL,ASO,ES,Federal Contract Tower,0,13,39,5,57,0,16,55,1,72,0,29,94,6,129,64,0,64,193
04/12/2023,SGJ,FL,ASO,ES,Federal Contract Tower,0,12,62,2,76,0,14,141,8,163,0,26,203,10,239,148,0,148,387
04/13/2023,SGJ,FL,ASO,ES,Federal Contract Tower,0,20,55,4,79,0,0,3,30,33,0,20,58,34,112,88,16,104,216
04/14/2023,SGJ,FL,ASO,ES,Federal Contract Tower,0,5,59,6,70,0,19,151,6,176,0,24,210,12,246,360,0,360,606
04/15/2023,SGJ,FL,ASO,ES,Federal Contract Tower,0,9,33,0,42,0,32,128,0,160,0,41,161,0,202,240,10,250,452
04/16/2023,SGJ,FL,ASO,ES,Federal Contract Tower,0,10,32,3,45,0,8,67,0,75,0,18,99,3,120,102,0,102,222
04/17/2023,SGJ,FL,ASO,ES,Federal Contract Tower,0,15,41,4,60,0,6,120,7,133,0,21,161,11,193,310,0,310,503
04/18/2023,SGJ,FL,ASO,ES,Federal Contract Tower,0,5,42,8,55,0,8,154,0,162,0,13,196,8,217,314,0,314,531
04/19/2023,SGJ,FL,ASO,ES,Federal Contract Tower,0,10,30,3,43,0,2,185,4,191,0,12,215,7,234,320,0,320,554
04/20/2023,SGJ,FL,ASO,ES,Federal Contract Tower,0,22,59,1,82,0,12,195,1,208,0,34,254,2,290,359,0,359,649
04/21/2023,SGJ,FL,ASO,ES,Federal Contract Tower,0,13,70,0,83,0,0,144,0,144,0,13,214,0,227,294,0,294,521
04/22/2023,SGJ,FL,ASO,ES,Federal Contract Tower,0,10,28,1,39,0,10,98,1,109,0,20,126,2,148,220,0,220,368
04/23/2023,SGJ,FL,ASO,ES,Federal Contract Tower,0,24,40,2,66,0,10,75,0,85,0,34,115,2,151,36,0,36,187
04/24/2023,SGJ,FL,ASO,ES,Federal Contract Tower,0,11,26,0,37,0,6,108,4,118,0,17,134,4,155,292,0,292,447
04/25/2023,SGJ,FL,ASO,ES,Federal Contract Tower,0,20,36,0,56,0,4,106,8,118,0,24,142,8,174,328,0,328,502
04/26/2023,SGJ,FL,ASO,ES,Federal Contract Tower,0,13,54,1,68,0,14,153,10,177,0,27,207,11,245,356,0,356,601
04/27/2023,SGJ,FL,ASO,ES,Federal Contract Tower,0,15,59,0,74,0,2,97,3,102,0,17,156,3,176,242,0,242,418
04/28/2023,SGJ,FL,ASO,ES,Federal Contract Tower,0,12,67,0,79,0,12,104,0,116,0,24,171,0,195,320,0,320,515
04/29/2023,SGJ,FL,ASO,ES,Federal Contract Tower,0,9,36,0,45,0,6,103,0,109,0,15,139,0,154,232,0,232,386
04/30/2023,SGJ,FL,ASO,ES,Federal Contract Tower,0,14,45,0,59,0,16,16,0,32,0,30,61,0,91,6,0,6,97
05/01/2023,SGJ,FL,ASO,ES,Federal Contract Tower,0,16,41,3,60,0,14,81,0,95,0,30,122,3,155,206,0,206,361
05/02/2023,SGJ,FL,ASO,ES,Federal Contract Tower,0,17,53,0,70,0,10,132,7,149,0,27,185,7,219,286,0,286,505
05/03/2023,SGJ,FL,ASO,ES,Federal Contract Tower,0,16,62,0,78,0,10,121,2,133,0,26,183,2,211,276,0,276,487
05/04/2023,SGJ,FL,ASO,ES,Federal Contract Tower,0,23,56,1,80,0,6,216,5,227,0,29,272,6,307,316,0,316,623
05/05/2023,SGJ,FL,ASO,ES,Federal Contract Tower,0,16,55,6,77,0,11,170,7,188,0,27,225,13,265,398,0,398,663
05/06/2023,SGJ,FL,ASO,ES,Federal Contract Tower,0,13,55,0,68,0,0,17,0,17,0,13,72,0,85,0,0,0,85
05/07/2023,SGJ,FL,ASO,ES,Federal Contract Tower,0,19,53,2,74,0,16,124,0,140,0,35,177,2,214,112,0,112,326
05/08/2023,SGJ,FL,ASO,ES,Federal Contract Tower,0,23,35,5,63,0,4,107,0,111,0,27,142,5,174,350,0,350,524
05/09/2023,SGJ,FL,ASO,ES,Federal Contract Tower,0,14,47,0,61,0,6,188,8,202,0,20,235,8,263,348,30,378,641
05/10/2023,SGJ,FL,ASO,ES,Federal Contract Tower,0,9,40,0,49,0,6,128,2,136,0,15,168,2,185,294,0,294,479
05/11/2023,SGJ,FL,ASO,ES,Federal Contract Tower,0,27,62,2,91,0,28,141,4,173,0,55,203,6,264,378,20,398,662
05/12/2023,SGJ,FL,ASO,ES,Federal Contract Tower,0,14,49,6,69,0,18,125,3,146,0,32,174,9,215,352,0,352,567
05/13/2023,SGJ,FL,ASO,ES,Federal Contract Tower,0,12,41,4,57,0,8,101,0,109,0,20,142,4,166,254,0,254,420
05/14/2023,SGJ,FL,ASO,ES,Federal Contract Tower,0,30,32,2,64,0,12,108,0,120,0,42,140,2,184,266,2,268,452
05/15/2023,SGJ,FL,ASO,ES,Federal Contract Tower,0,13,32,2,47,0,6,107,0,113,0,19,139,2,160,367,0,367,527
05/16/2023,SGJ,FL,ASO,ES,Federal Contract Tower,0,16,30,3,49,0,4,162,12,178,0,20,192,15,227,364,6,370,597
05/17/2023,SGJ,FL,ASO,ES,Federal Contract Tower,0,10,37,1,48,0,1,101,4,106,0,11,138,5,154,212,10,222,376
05/18/2023,SGJ,FL,ASO,ES,Federal Contract Tower,0,24,49,2,75,0,0,102,2,104,0,24,151,4,179,210,0,210,389
05/19/2023,SGJ,FL,ASO,ES,Federal Contract Tower,0,19,57,2,78,0,9,116,3,128,0,28,173,5,206,242,0,242,448
05/20/2023,SGJ,FL,ASO,ES,Federal Contract Tower,0,23,33,3,59,0,14,128,1,143,0,37,161,4,202,146,0,146,348
05/21/2023,SGJ,FL,ASO,ES,Federal Contract Tower,0,15,42,2,59,0,0,77,1,78,0,15,119,3,137,90,0,90,227
05/22/2023,SGJ,FL,ASO,ES,Federal Contract Tower,0,23,18,0,41,0,0,16,0,16,0,23,34,0,57,90,0,90,147
05/23/2023,SGJ,FL,ASO,ES,Federal Contract Tower,0,12,47,2,61,0,2,44,2,48,0,14,91,4,109,214,0,214,323
05/24/2023,SGJ,FL,ASO,ES,Federal Contract Tower,0,16,46,2,64,0,0,46,0,46,0,16,92,2,110,140,0,140,250
05/25/2023,SGJ,FL,ASO,ES,Federal Contract Tower,0,12,37,0,49,0,9,90,0,99,0,21,127,0,148,182,0,182,330
05/26/2023,SGJ,FL,ASO,ES,Federal Contract Tower,0,6,35,1,42,0,0,0,0,0,0,6,35,1,42,0,0,0,42
05/27/2023,SGJ,FL,ASO,ES,Federal Contract Tower,0,6,56,0,62,0,9,42,0,51,0,15,98,0,113,102,0,102,215
05/28/2023,SGJ,FL,ASO,ES,Federal Contract Tower,0,1,44,0,45,0,6,103,4,113,0,7,147,4,158,112,0,112,270
05/29/2023,SGJ,FL,ASO,ES,Federal Contract Tower,0,10,35,0,45,0,10,120,8,138,0,20,155,8,183,202,0,202,385
05/31/2023,SGJ,FL,ASO,ES,Federal Contract Tower,0,16,54,5,75,0,7,147,8,162,0,23,201,13,237,286,6,292,529
06/01/2023,SGJ,FL,ASO,ES,Federal Contract Tower,0,14,49,1,64,0,2,48,8,58,0,16,97,9,122,60,18,78,200
06/02/2023,SGJ,FL,ASO,ES,Federal Contract Tower,0,10,69,2,81,0,10,77,0,87,0,20,146,2,168,146,0,146,314
06/03/2023,SGJ,FL,ASO,ES,Federal Contract Tower,0,10,58,0,68,0,16,44,0,60,0,26,102,0,128,46,0,46,174
06/04/2023,SGJ,FL,ASO,ES,Federal Contract Tower,0,11,31,0,42,0,2,31,4,37,0,13,62,4,79,20,0,20,99
06/05/2023,SGJ,FL,ASO,ES,Federal Contract Tower,0,25,42,3,70,0,6,94,7,107,0,31,136,10,177,148,0,148,325
06/06/2023,SGJ,FL,ASO,ES,Federal Contract Tower,0,21,34,4,59,0,15,205,10,230,0,36,239,14,289,392,8,400,689
06/07/2023,SGJ,FL,ASO,ES,Federal Contract Tower,0,16,25,0,41,0,2,98,6,106,0,18,123,6,147,212,4,216,363
06/08/2023,SGJ,FL,ASO,ES,Federal Contract Tower,0,14,39,8,61,0,6,136,0,142,0,20,175,8,203,270,0,270,473
06/09/2023,SGJ,FL,ASO,ES,Federal Contract Tower,0,13,55,4,72,0,4,108,0,112,0,17,163,4,184,258,0,258,442
06/10/2023,SGJ,FL,ASO,ES,Federal Contract Tower,0,14,43,1,58,0,16,122,0,138,0,30,165,1,196,248,0,248,444
06/11/2023,SGJ,FL,ASO,ES,Federal Contract Tower,0,18,40,0,58,0,20,80,1,101,0,38,120,1,159,96,0,96,255
06/12/2023,SGJ,FL,ASO,ES,Federal Contract Tower,0,6,31,2,39,0,10,107,0,117,0,16,138,2,156,288,0,288,444
06/13/2023,SGJ,FL,ASO,ES,Federal Contract Tower,0,6,30,2,38,0,10,108,6,124,0,16,138,8,162,276,0,276,438
06/14/2023,SGJ,FL,ASO,ES,Federal Contract Tower,0,16,56,4,76,0,14,145,4,163,0,30,201,8,239,302,0,302,541
06/15/2023,SGJ,FL,ASO,ES,Federal Contract Tower,0,8,32,1,41,0,8,64,4,76,0,16,96,5,117,122,0,122,239
06/16/2023,SGJ,FL,ASO,ES,Federal Contract Tower,0,15,41,1,57,0,12,36,0,48,0,27,77,1,105,68,0,68,173
06/17/2023,SGJ,FL,ASO,ES,Federal Contract Tower,0,10,21,0,31,0,16,71,0,87,0,26,92,0,118,70,0,70,188
06/18/2023,SGJ,FL,ASO,ES,Federal Contract Tower,0,14,42,2,58,0,20,58,0,78,0,34,100,2,136,110,0,110,246
06/19/2023,SGJ,FL,ASO,ES,Federal Contract Tower,0,7,28,0,35,0,8,79,0,87,0,15,107,0,122,106,0,106,228
06/20/2023,SGJ,FL,ASO,ES,Federal Contract Tower,0,5,39,0,44,0,4,53,8,65,0,9,92,8,109,86,0,86,195
06/21/2023,SGJ,FL,ASO,ES,Federal Contract Tower,0,7,45,2,54,0,6,90,4,100,0,13,135,6,154,128,8,136,290
06/22/2023,SGJ,FL,ASO,ES,Federal Contract Tower,0,9,41,0,50,0,14,57,0,71,0,23,98,0,121,130,0,130,251
06/23/2023,SGJ,FL,ASO,ES,Federal Contract Tower,0,8,38,0,46,0,12,80,3,95,0,20,118,3,141,126,0,126,267
06/24/2023,SGJ,FL,ASO,ES,Federal Contract Tower,0,13,42,3,58,0,20,114,0,134,0,33,156,3,192,150,0,150,342
06/25/2023,SGJ,FL,ASO,ES,Federal Contract Tower,0,5,29,2,36,0,14,125,0,139,0,19,154,2,175,222,0,222,397
06/26/2023,SGJ,FL,ASO,ES,Federal Contract Tower,0,14,52,5,71,0,12,126,4,142,0,26,178,9,213,269,0,269,482
06/27/2023,SGJ,FL,ASO,ES,Federal Contract Tower,0,8,42,7,57,0,6,83,8,97,0,14,125,15,154,214,0,214,368
06/28/2023,SGJ,FL,ASO,ES,Federal Contract Tower,0,13,39,2,54,0,13,118,0,131,0,26,157,2,185,212,0,212,397
06/29/2023,SGJ,FL,ASO,ES,Federal Contract Tower,0,10,39,5,54,0,6,168,0,174,0,16,207,5,228,298,0,298,526
06/30/2023,SGJ,FL,ASO,ES,Federal Contract Tower,0,16,77,2,95,0,11,153,5,169,0,27,230,7,264,380,2,382,646
07/01/2023,SGJ,FL,ASO,ES,Federal Contract Tower,0,11,56,0,67,0,6,130,1,137,0,17,186,1,204,206,0,206,410
07/02/2023,SGJ,FL,ASO,ES,Federal Contract Tower,0,7,31,0,38,0,4,120,0,124,0,11,151,0,162,78,0,78,240
07/03/2023,SGJ,FL,ASO,ES,Federal Contract Tower,0,7,28,0,35,0,16,117,2,135,0,23,145,2,170,308,0,308,478
07/04/2023,SGJ,FL,ASO,ES,Federal Contract Tower,0,5,11,0,16,0,20,52,6,78,0,25,63,6,94,42,0,42,136
07/05/2023,SGJ,FL,ASO,ES,Federal Contract Tower,0,12,34,2,48,0,10,119,4,133,0,22,153,6,181,244,0,244,425
07/06/2023,SGJ,FL,ASO,ES,Federal Contract Tower,0,3,37,0,40,0,9,93,2,104,0,12,130,2,144,194,0,194,338
07/07/2023,SGJ,FL,ASO,ES,Federal Contract Tower,0,15,36,13,64,0,18,149,0,167,0,33,185,13,231,186,0,186,417
07/08/2023,SGJ,FL,ASO,ES,Federal Contract Tower,0,10,45,0,55,0,22,102,2,126,0,32,147,2,181,156,0,156,337
07/09/2023,SGJ,FL,ASO,ES,Federal Contract Tower,0,6,25,0,31,0,6,37,0,43,0,12,62,0,74,40,0,40,114
07/10/2023,SGJ,FL,ASO,ES,Federal Contract Tower,0,10,22,0,32,0,8,41,1,50,0,18,63,1,82,80,2,82,164
07/11/2023,SGJ,FL,ASO,ES,Federal Contract Tower,0,12,27,6,45,0,14,97,4,115,0,26,124,10,160,240,0,240,400
07/12/2023,SGJ,FL,ASO,ES,Federal Contract Tower,0,12,44,3,59,0,2,136,4,142,0,14,180,7,201,278,0,278,479
07/13/2023,SGJ,FL,ASO,ES,Federal Contract Tower,0,5,29,4,38,0,14,153,0,167,0,19,182,4,205,300,0,300,505
07/14/2023,SGJ,FL,ASO,ES,Federal Contract Tower,0,14,57,0,71,0,0,72,1,73,0,14,129,1,144,124,0,124,268
07/15/2023,SGJ,FL,ASO,ES,Federal Contract Tower,0,7,48,6,61,0,8,124,0,132,0,15,172,6,193,228,0,228,421
07/16/2023,SGJ,FL,ASO,ES,Federal Contract Tower,0,9,59,1,69,0,0,39,0,39,0,9,98,1,108,128,0,128,236
07/17/2023,SGJ,FL,ASO,ES,Federal Contract Tower,0,7,32,0,39,0,10,43,2,55,0,17,75,2,94,116,8,124,218
07/18/2023,SGJ,FL,ASO,ES,Federal Contract Tower,0,9,56,2,67,0,2,123,4,129,0,11,179,6,196,270,0,270,466
07/19/2023,SGJ,FL,ASO,ES,Federal Contract Tower,0,9,48,1,58,0,12,162,2,176,0,21,210,3,234,308,0,308,542
07/20/2023,SGJ,FL,ASO,ES,Federal Contract Tower,0,12,38,0,50,0,12,144,0,156,0,24,182,0,206,246,0,246,452
07/21/2023,SGJ,FL,ASO,ES,Federal Contract Tower,0,13,38,0,51,0,12,134,1,147,0,25,172,1,198,238,0,238,436
07/22/2023,SGJ,FL,ASO,ES,Federal Contract Tower,0,4,47,0,51,0,18,112,0,130,0,22,159,0,181,96,0,96,277
07/23/2023,SGJ,FL,ASO,ES,Federal Contract Tower,0,5,18,1,24,0,6,22,0,28,0,11,40,1,52,40,0,40,92
07/24/2023,SGJ,FL,ASO,ES,Federal Contract Tower,0,15,25,0,40,0,10,53,0,63,0,25,78,0,103,70,0,70,173
07/25/2023,SGJ,FL,ASO,ES,Federal Contract Tower,0,16,43,2,61,0,14,122,6,142,0,30,165,8,203,150,2,152,355
07/26/2023,SGJ,FL,ASO,ES,Federal Contract Tower,0,10,36,1,47,0,10,180,7,197,0,20,216,8,244,338,2,340,584
07/27/2023,SGJ,FL,ASO,ES,Federal Contract Tower,0,14,47,0,61,0,14,127,2,143,0,28,174,2,204,262,10,272,476
07/28/2023,SGJ,FL,ASO,ES,Federal Contract Tower,0,8,43,0,51,0,10,36,0,46,0,18,79,0,97,26,0,26,123
07/29/2023,SGJ,FL,ASO,ES,Federal Contract Tower,0,7,33,0,40,0,8,133,0,141,0,15,166,0,181,270,0,270,451
07/30/2023,SGJ,FL,ASO,ES,Federal Contract Tower,0,9,31,0,40,0,2,86,0,88,0,11,117,0,128,60,0,60,188
07/31/2023,SGJ,FL,ASO,ES,Federal Contract Tower,0,10,37,0,47,0,4,94,0,98,0,14,131,0,145,156,0,156,301
08/01/2023,SGJ,FL,ASO,ES,Federal Contract Tower,0,12,37,2,51,0,10,134,13,157,0,22,171,15,208,288,0,288,496
08/02/2023,SGJ,FL,ASO,ES,Federal Contract Tower,0,7,41,0,48,0,7,146,4,157,0,14,187,4,205,289,0,289,494
08/03/2023,SGJ,FL,ASO,ES,Federal Contract Tower,0,9,32,3,44,0,8,146,4,158,0,17,178,7,202,216,2,218,420
08/04/2023,SGJ,FL,ASO,ES,Federal Contract Tower,0,13,34,2,49,0,10,91,0,101,0,23,125,2,150,190,0,190,340
08/05/2023,SGJ,FL,ASO,ES,Federal Contract Tower,0,8,39,0,47,0,2,97,0,99,0,10,136,0,146,142,6,148,294
08/06/2023,SGJ,FL,ASO,ES,Federal Contract Tower,0,14,41,0,55,0,6,82,0,88,0,20,123,0,143,50,0,50,193
08/07/2023,SGJ,FL,ASO,ES,Federal Contract Tower,0,17,42,0,59,0,18,151,0,169,0,35,193,0,228,198,0,198,426
08/08/2023,SGJ,FL,ASO,ES,Federal Contract Tower,0,12,54,1,67,0,14,164,8,186,0,26,218,9,253,278,8,286,539
08/09/2023,SGJ,FL,ASO,ES,Federal Contract Tower,0,11,35,2,48,0,0,173,6,179,0,11,208,8,227,346,6,352,579
08/10/2023,SGJ,FL,ASO,ES,Federal Contract Tower,0,20,33,2,55,0,1,146,0,147,0,21,179,2,202,251,0,251,453
08/11/2023,SGJ,FL,ASO,ES,Federal Contract Tower,0,12,53,11,76,0,0,132,2,134,0,12,185,13,210,250,0,250,460
08/12/2023,SGJ,FL,ASO,ES,Federal Contract Tower,0,4,34,0,38,0,0,112,0,112,0,4,146,0,150,196,0,196,346
08/13/2023,SGJ,FL,ASO,ES,Federal Contract Tower,0,8,27,2,37,0,0,95,0,95,0,8,122,2,132,96,0,96,228
08/14/2023,SGJ,FL,ASO,ES,Federal Contract Tower,0,7,29,0,36,0,103,4,0,107,0,110,33,0,143,252,11,263,406
08/15/2023,SGJ,FL,ASO,ES,Federal Contract Tower,0,11,33,3,47,0,2,110,4,116,0,13,143,7,163,226,10,236,399
08/16/2023,SGJ,FL,ASO,ES,Federal Contract Tower,0,12,56,2,70,0,14,101,4,119,0,26,157,6,189,176,0,176,365
08/17/2023,SGJ,FL,ASO,ES,Federal Contract Tower,0,12,53,1,66,0,4,106,6,116,0,16,159,7,182,181,12,193,375
08/18/2023,SGJ,FL,ASO,ES,Federal Contract Tower,0,10,47,1,58,0,10,129,0,139,0,20,176,1,197,202,0,202,399
08/19/2023,SGJ,FL,ASO,ES,Federal Contract Tower,0,7,37,0,44,0,20,120,0,140,0,27,157,0,184,192,0,192,376
08/20/2023,SGJ,FL,ASO,ES,Federal Contract Tower,0,9,41,0,50,0,12,71,0,83,0,21,112,0,133,82,0,82,215
08/21/2023,SGJ,FL,ASO,ES,Federal Contract Tower,0,17,31,0,48,0,4,109,2,115,0,21,140,2,163,222,0,222,385
08/22/2023,SGJ,FL,ASO,ES,Federal Contract Tower,0,7,34,0,41,0,16,162,4,182,0,23,196,4,223,304,0,304,527
08/23/2023,SGJ,FL,ASO,ES,Federal Contract Tower,0,5,36,2,43,0,4,123,4,131,0,9,159,6,174,156,0,156,330
08/24/2023,SGJ,FL,ASO,ES,Federal Contract Tower,0,11,51,0,62,0,2,158,0,160,0,13,209,0,222,244,0,244,466
08/25/2023,SGJ,FL,ASO,ES,Federal Contract Tower,0,19,48,8,75,0,1,155,6,162,0,20,203,14,237,188,2,190,427
08/26/2023,SGJ,FL,ASO,ES,Federal Contract Tower,0,10,35,1,46,0,12,115,2,129,0,22,150,3,175,158,10,168,343
08/27/2023,SGJ,FL,ASO,ES,Federal Contract Tower,0,10,39,1,50,0,6,113,2,121,0,16,152,3,171,176,0,176,347
08/28/2023,SGJ,FL,ASO,ES,Federal Contract Tower,0,7,23,4,34,0,0,44,8,52,0,7,67,12,86,118,0,118,204
08/29/2023,SGJ,FL,ASO,ES,Federal Contract Tower,0,8,29,3,40,0,4,82,0,86,0,12,111,3,126,180,0,180,306
08/31/2023,SGJ,FL,ASO,ES,Federal Contract Tower,0,2,19,1,22,0,9,91,0,100,0,11,110,1,122,224,0,224,346
