01/01/2020,SGR,TX,ASW,CE,Federal Contract Tower,0,11,22,0,33,0,0,9,0,9,0,11,31,0,42,0,0,0,42
01/02/2020,SGR,TX,ASW,CE,Federal Contract Tower,0,20,34,0,54,0,0,7,0,7,0,20,41,0,61,10,0,10,71
01/03/2020,SGR,TX,ASW,CE,Federal Contract Tower,0,15,31,0,46,0,0,46,0,46,0,15,77,0,92,50,0,50,142
01/04/2020,SGR,TX,ASW,CE,Federal Contract Tower,0,22,48,0,70,0,0,83,0,83,0,22,131,0,153,118,0,118,271
01/05/2020,SGR,TX,ASW,CE,Federal Contract Tower,0,25,46,0,71,0,2,70,0,72,0,27,116,0,143,112,0,112,255
01/06/2020,SGR,TX,ASW,CE,Federal Contract Tower,0,13,41,0,54,0,7,65,0,72,0,20,106,0,126,90,0,90,216
01/07/2020,SGR,TX,ASW,CE,Federal Contract Tower,0,15,72,1,88,0,8,73,0,81,0,23,145,1,169,38,0,38,207
01/08/2020,SGR,TX,ASW,CE,Federal Contract Tower,0,18,50,0,68,0,4,83,0,87,0,22,133,0,155,86,0,86,241
01/09/2020,SGR,TX,ASW,CE,Federal Contract Tower,0,8,52,0,60,0,2,29,0,31,0,10,81,0,91,34,0,34,125
01/10/2020,SGR,TX,ASW,CE,Federal Contract Tower,0,10,54,0,64,0,2,4,0,6,0,12,58,0,70,12,0,12,82
01/11/2020,SGR,TX,ASW,CE,Federal Contract Tower,0,10,29,0,39,0,0,52,0,52,0,10,81,0,91,68,0,68,159
01/12/2020,SGR,TX,ASW,CE,Federal Contract Tower,0,14,60,0,74,0,0,94,0,94,0,14,154,0,168,76,0,76,244
01/13/2020,SGR,TX,ASW,CE,Federal Contract Tower,0,14,33,0,47,0,0,0,0,0,0,14,33,0,47,0,0,0,47
01/14/2020,SGR,TX,ASW,CE,Federal Contract Tower,0,25,46,0,71,0,0,9,0,9,0,25,55,0,80,10,0,10,90
01/15/2020,SGR,TX,ASW,CE,Federal Contract Tower,0,18,48,0,66,0,7,35,0,42,0,25,83,0,108,56,0,56,164
01/16/2020,SGR,TX,ASW,CE,Federal Contract Tower,0,21,63,0,84,0,2,4,0,6,0,23,67,0,90,14,0,14,104
01/17/2020,SGR,TX,ASW,CE,Federal Contract Tower,0,24,79,0,103,0,1,5,0,6,0,25,84,0,109,6,0,6,115
01/18/2020,SGR,TX,ASW,CE,Federal Contract Tower,0,5,37,0,42,0,0,19,0,19,0,5,56,0,61,18,0,18,79
01/19/2020,SGR,TX,ASW,CE,Federal Contract Tower,0,8,49,0,57,0,0,82,0,82,0,8,131,0,139,112,0,112,251
01/20/2020,SGR,TX,ASW,CE,Federal Contract Tower,0,14,63,0,77,0,8,118,0,126,0,22,181,0,203,110,0,110,313
01/21/2020,SGR,TX,ASW,CE,Federal Contract Tower,0,8,67,3,78,0,2,83,1,86,0,10,150,4,164,110,0,110,274
01/22/2020,SGR,TX,ASW,CE,Federal Contract Tower,0,24,39,0,63,0,1,0,0,1,0,25,39,0,64,0,0,0,64
01/23/2020,SGR,TX,ASW,CE,Federal Contract Tower,0,26,82,0,108,0,0,57,1,58,0,26,139,1,166,82,0,82,248
01/24/2020,SGR,TX,ASW,CE,Federal Contract Tower,0,6,52,0,58,0,0,98,0,98,0,6,150,0,156,130,0,130,286
01/25/2020,SGR,TX,ASW,CE,Federal Contract Tower,0,10,34,0,44,0,0,67,0,67,0,10,101,0,111,100,0,100,211
01/26/2020,SGR,TX,ASW,CE,Federal Contract Tower,0,15,47,0,62,0,0,50,0,50,0,15,97,0,112,50,0,50,162
01/27/2020,SGR,TX,ASW,CE,Federal Contract Tower,0,14,74,4,92,0,2,45,0,47,0,16,119,4,139,114,0,114,253
01/28/2020,SGR,TX,ASW,CE,Federal Contract Tower,0,16,60,0,76,0,0,25,0,25,0,16,85,0,101,18,0,18,119
01/29/2020,SGR,TX,ASW,CE,Federal Contract Tower,0,22,79,0,101,0,6,65,0,71,0,28,144,0,172,74,2,76,248
01/30/2020,SGR,TX,ASW,CE,Federal Contract Tower,0,26,90,0,116,0,6,29,0,35,0,32,119,0,151,48,0,48,199
01/31/2020,SGR,TX,ASW,CE,Federal Contract Tower,0,21,79,0,100,0,5,56,0,61,0,26,135,0,161,100,0,100,261
02/01/2020,SGR,TX,ASW,CE,Federal Contract Tower,0,11,29,0,40,0,8,105,0,113,0,19,134,0,153,124,0,124,277
02/02/2020,SGR,TX,ASW,CE,Federal Contract Tower,0,10,30,0,40,0,3,84,0,87,0,13,114,0,127,158,0,158,285
02/03/2020,SGR,TX,ASW,CE,Federal Contract Tower,0,13,64,0,77,0,1,57,0,58,0,14,121,0,135,26,0,26,161
02/04/2020,SGR,TX,ASW,CE,Federal Contract Tower,0,13,67,0,80,0,7,37,0,44,0,20,104,0,124,86,0,86,210
02/05/2020,SGR,TX,ASW,CE,Federal Contract Tower,0,25,63,0,88,0,0,4,0,4,0,25,67,0,92,0,0,0,92
02/06/2020,SGR,TX,ASW,CE,Federal Contract Tower,0,19,58,0,77,0,8,64,0,72,0,27,122,0,149,62,0,62,211
02/07/2020,SGR,TX,ASW,CE,Federal Contract Tower,0,26,81,0,107,0,2,58,0,60,0,28,139,0,167,80,0,80,247
02/08/2020,SGR,TX,ASW,CE,Federal Contract Tower,0,9,40,0,49,0,0,65,0,65,0,9,105,0,114,124,0,124,238
02/09/2020,SGR,TX,ASW,CE,Federal Contract Tower,0,23,40,0,63,0,0,15,0,15,0,23,55,0,78,22,0,22,100
02/10/2020,SGR,TX,ASW,CE,Federal Contract Tower,0,15,52,0,67,0,13,15,0,28,0,28,67,0,95,34,0,34,129
02/11/2020,SGR,TX,ASW,CE,Federal Contract Tower,0,13,85,0,98,0,0,0,0,0,0,13,85,0,98,0,0,0,98
02/12/2020,SGR,TX,ASW,CE,Federal Contract Tower,0,8,72,0,80,0,3,0,0,3,0,11,72,0,83,0,0,0,83
02/13/2020,SGR,TX,ASW,CE,Federal Contract Tower,0,23,67,1,91,0,4,86,0,90,0,27,153,1,181,110,0,110,291
02/14/2020,SGR,TX,ASW,CE,Federal Contract Tower,0,25,43,2,70,0,4,94,0,98,0,29,137,2,168,98,0,98,266
02/15/2020,SGR,TX,ASW,CE,Federal Contract Tower,0,12,14,0,26,0,0,86,0,86,0,12,100,0,112,110,0,110,222
02/16/2020,SGR,TX,ASW,CE,Federal Contract Tower,0,15,31,0,46,0,0,62,0,62,0,15,93,0,108,66,0,66,174
02/17/2020,SGR,TX,ASW,CE,Federal Contract Tower,0,25,54,0,79,0,7,33,0,40,0,32,87,0,119,6,0,6,125
02/18/2020,SGR,TX,ASW,CE,Federal Contract Tower,0,7,64,0,71,0,1,27,0,28,0,8,91,0,99,40,0,40,139
02/19/2020,SGR,TX,ASW,CE,Federal Contract Tower,0,21,66,0,87,0,4,14,0,18,0,25,80,0,105,26,0,26,131
02/20/2020,SGR,TX,ASW,CE,Federal Contract Tower,0,15,70,0,85,0,0,4,0,4,0,15,74,0,89,0,0,0,89
02/21/2020,SGR,TX,ASW,CE,Federal Contract Tower,0,14,70,0,84,0,0,101,0,101,0,14,171,0,185,114,0,114,299
02/22/2020,SGR,TX,ASW,CE,Federal Contract Tower,0,9,29,0,38,0,1,82,1,84,0,10,111,1,122,134,0,134,256
02/23/2020,SGR,TX,ASW,CE,Federal Contract Tower,0,14,42,0,56,0,2,74,0,76,0,16,116,0,132,72,0,72,204
02/24/2020,SGR,TX,ASW,CE,Federal Contract Tower,0,6,43,1,50,0,7,47,1,55,0,13,90,2,105,78,0,78,183
02/25/2020,SGR,TX,ASW,CE,Federal Contract Tower,0,10,65,0,75,0,6,81,3,90,0,16,146,3,165,130,0,130,295
02/26/2020,SGR,TX,ASW,CE,Federal Contract Tower,0,14,59,0,73,0,1,45,4,50,0,15,104,4,123,40,0,40,163
02/27/2020,SGR,TX,ASW,CE,Federal Contract Tower,0,20,61,0,81,0,4,109,0,113,0,24,170,0,194,188,0,188,382
02/28/2020,SGR,TX,ASW,CE,Federal Contract Tower,0,14,52,0,66,0,0,86,0,86,0,14,138,0,152,128,0,128,280
03/01/2020,SGR,TX,ASW,CE,Federal Contract Tower,0,8,43,0,51,0,0,47,0,47,0,8,90,0,98,72,0,72,170
03/02/2020,SGR,TX,ASW,CE,Federal Contract Tower,0,14,62,0,76,0,4,45,0,49,0,18,107,0,125,72,0,72,197
03/03/2020,SGR,TX,ASW,CE,Federal Contract Tower,0,14,59,0,73,0,3,37,0,40,0,17,96,0,113,28,0,28,141
03/04/2020,SGR,TX,ASW,CE,Federal Contract Tower,0,11,37,0,48,0,2,13,0,15,0,13,50,0,63,46,0,46,109
03/05/2020,SGR,TX,ASW,CE,Federal Contract Tower,0,26,82,4,112,0,8,100,2,110,0,34,182,6,222,102,0,102,324
03/06/2020,SGR,TX,ASW,CE,Federal Contract Tower,0,12,57,0,69,0,3,125,3,131,0,15,182,3,200,98,0,98,298
03/07/2020,SGR,TX,ASW,CE,Federal Contract Tower,0,21,38,1,60,0,6,83,0,89,0,27,121,1,149,156,0,156,305
03/08/2020,SGR,TX,ASW,CE,Federal Contract Tower,0,13,47,0,60,0,0,60,0,60,0,13,107,0,120,42,0,42,162
03/09/2020,SGR,TX,ASW,CE,Federal Contract Tower,0,13,73,0,86,0,4,43,0,47,0,17,116,0,133,58,0,58,191
03/10/2020,SGR,TX,ASW,CE,Federal Contract Tower,0,17,48,0,65,0,6,36,0,42,0,23,84,0,107,62,0,62,169
03/11/2020,SGR,TX,ASW,CE,Federal Contract Tower,0,11,71,0,82,0,5,54,0,59,0,16,125,0,141,68,0,68,209
03/12/2020,SGR,TX,ASW,CE,Federal Contract Tower,0,16,69,0,85,0,4,68,0,72,0,20,137,0,157,94,0,94,251
03/13/2020,SGR,TX,ASW,CE,Federal Contract Tower,0,18,51,0,69,0,4,57,8,69,0,22,108,8,138,128,0,128,266
03/14/2020,SGR,TX,ASW,CE,Federal Contract Tower,0,12,46,0,58,0,0,62,0,62,0,12,108,0,120,158,0,158,278
03/15/2020,SGR,TX,ASW,CE,Federal Contract Tower,0,12,38,0,50,0,0,30,0,30,0,12,68,0,80,70,0,70,150
03/16/2020,SGR,TX,ASW,CE,Federal Contract Tower,0,7,33,0,40,0,4,35,0,39,0,11,68,0,79,96,0,96,175
03/17/2020,SGR,TX,ASW,CE,Federal Contract Tower,0,7,37,0,44,0,0,32,0,32,0,7,69,0,76,14,0,14,90
03/18/2020,SGR,TX,ASW,CE,Federal Contract Tower,0,24,31,0,55,0,2,52,2,56,0,26,83,2,111,72,2,74,185
03/19/2020,SGR,TX,ASW,CE,Federal Contract Tower,0,2,17,0,19,0,2,44,0,46,0,4,61,0,65,74,0,74,139
03/20/2020,SGR,TX,ASW,CE,Federal Contract Tower,0,6,15,0,21,0,0,1,0,1,0,6,16,0,22,0,0,0,22
03/21/2020,SGR,TX,ASW,CE,Federal Contract Tower,0,4,17,0,21,0,0,0,0,0,0,4,17,0,21,0,0,0,21
03/22/2020,SGR,TX,ASW,CE,Federal Contract Tower,0,4,26,0,30,0,0,0,0,0,0,4,26,0,30,0,0,0,30
03/23/2020,SGR,TX,ASW,CE,Federal Contract Tower,0,6,24,0,30,0,4,50,0,54,0,10,74,0,84,70,0,70,154
03/24/2020,SGR,TX,ASW,CE,Federal Contract Tower,0,0,23,0,23,0,9,59,0,68,0,9,82,0,91,64,0,64,155
03/25/2020,SGR,TX,ASW,CE,Federal Contract Tower,0,6,12,0,18,0,5,75,0,80,0,11,87,0,98,128,0,128,226
03/26/2020,SGR,TX,ASW,CE,Federal Contract Tower,0,2,17,0,19,0,3,56,0,59,0,5,73,0,78,82,0,82,160
03/27/2020,SGR,TX,ASW,CE,Federal Contract Tower,0,2,14,0,16,0,0,63,0,63,0,2,77,0,79,142,0,142,221
03/28/2020,SGR,TX,ASW,CE,Federal Contract Tower,0,4,9,0,13,0,0,35,0,35,0,4,44,0,48,44,0,44,92
03/29/2020,SGR,TX,ASW,CE,Federal Contract Tower,0,3,15,0,18,0,0,65,0,65,0,3,80,0,83,134,0,134,217
03/30/2020,SGR,TX,ASW,CE,Federal Contract Tower,0,0,6,0,6,0,5,33,0,38,0,5,39,0,44,30,0,30,74
03/31/2020,SGR,TX,ASW,CE,Federal Contract Tower,0,1,17,0,18,0,3,48,0,51,0,4,65,0,69,82,0,82,151
04/01/2020,SGR,TX,ASW,CE,Federal Contract Tower,0,2,9,0,11,0,3,57,0,60,0,5,66,0,71,102,0,102,173
04/02/2020,SGR,TX,ASW,CE,Federal Contract Tower,0,2,16,0,18,0,2,23,0,25,0,4,39,0,43,48,0,48,91
04/03/2020,SGR,TX,ASW,CE,Federal Contract Tower,0,2,7,0,9,0,0,21,0,21,0,2,28,0,30,102,0,102,132
04/04/2020,SGR,TX,ASW,CE,Federal Contract Tower,0,5,0,0,5,0,0,0,0,0,0,5,0,0,5,0,0,0,5
04/05/2020,SGR,TX,ASW,CE,Federal Contract Tower,0,0,16,0,16,0,0,16,0,16,0,0,32,0,32,36,0,36,68
04/06/2020,SGR,TX,ASW,CE,Federal Contract Tower,0,0,18,0,18,0,6,6,0,12,0,6,24,0,30,0,0,0,30
04/07/2020,SGR,TX,ASW,CE,Federal Contract Tower,0,0,6,0,6,0,3,40,0,43,0,3,46,0,49,64,0,64,113
04/08/2020,SGR,TX,ASW,CE,Federal Contract Tower,0,4,21,0,25,0,7,41,0,48,0,11,62,0,73,78,0,78,151
04/09/2020,SGR,TX,ASW,CE,Federal Contract Tower,0,2,13,0,15,0,2,31,0,33,0,4,44,0,48,42,0,42,90
04/10/2020,SGR,TX,ASW,CE,Federal Contract Tower,0,0,22,0,22,0,2,19,2,23,0,2,41,2,45,12,8,20,65
04/11/2020,SGR,TX,ASW,CE,Federal Contract Tower,0,0,11,0,11,0,0,13,0,13,0,0,24,0,24,34,0,34,58
04/12/2020,SGR,TX,ASW,CE,Federal Contract Tower,0,0,4,0,4,0,0,6,0,6,0,0,10,0,10,2,0,2,12
04/13/2020,SGR,TX,ASW,CE,Federal Contract Tower,0,0,29,0,29,0,4,67,0,71,0,4,96,0,100,48,0,48,148
04/14/2020,SGR,TX,ASW,CE,Federal Contract Tower,0,1,23,0,24,0,10,65,0,75,0,11,88,0,99,102,0,102,201
04/15/2020,SGR,TX,ASW,CE,Federal Contract Tower,0,0,33,0,33,0,1,60,0,61,0,1,93,0,94,110,0,110,204
04/16/2020,SGR,TX,ASW,CE,Federal Contract Tower,0,1,17,0,18,0,3,51,0,54,0,4,68,0,72,46,0,46,118
04/17/2020,SGR,TX,ASW,CE,Federal Contract Tower,0,4,26,0,30,0,0,38,0,38,0,4,64,0,68,84,0,84,152
04/18/2020,SGR,TX,ASW,CE,Federal Contract Tower,0,1,19,0,20,0,0,13,0,13,0,1,32,0,33,40,0,40,73
04/19/2020,SGR,TX,ASW,CE,Federal Contract Tower,0,3,5,0,8,0,0,7,0,7,0,3,12,0,15,6,0,6,21
04/20/2020,SGR,TX,ASW,CE,Federal Contract Tower,0,8,32,0,40,0,2,29,0,31,0,10,61,0,71,14,0,14,85
04/21/2020,SGR,TX,ASW,CE,Federal Contract Tower,0,1,35,0,36,0,3,68,0,71,0,4,103,0,107,76,0,76,183
04/22/2020,SGR,TX,ASW,CE,Federal Contract Tower,0,0,10,0,10,0,2,17,0,19,0,2,27,0,29,54,0,54,83
04/23/2020,SGR,TX,ASW,CE,Federal Contract Tower,0,5,26,0,31,0,7,68,0,75,0,12,94,0,106,146,0,146,252
04/24/2020,SGR,TX,ASW,CE,Federal Contract Tower,0,1,14,0,15,0,3,87,0,90,0,4,101,0,105,118,0,118,223
04/25/2020,SGR,TX,ASW,CE,Federal Contract Tower,0,4,8,0,12,0,0,65,0,65,0,4,73,0,77,122,0,122,199
04/26/2020,SGR,TX,ASW,CE,Federal Contract Tower,0,6,20,13,39,0,2,70,0,72,0,8,90,13,111,68,0,68,179
04/27/2020,SGR,TX,ASW,CE,Federal Contract Tower,0,2,17,0,19,0,5,49,0,54,0,7,66,0,73,50,0,50,123
04/28/2020,SGR,TX,ASW,CE,Federal Contract Tower,0,5,18,0,23,0,2,7,0,9,0,7,25,0,32,22,0,22,54
04/29/2020,SGR,TX,ASW,CE,Federal Contract Tower,0,5,26,0,31,0,0,34,0,34,0,5,60,0,65,90,0,90,155
04/30/2020,SGR,TX,ASW,CE,Federal Contract Tower,0,3,23,1,27,0,2,94,3,99,0,5,117,4,126,106,2,108,234
05/01/2020,SGR,TX,ASW,CE,Federal Contract Tower,0,3,27,0,30,0,6,94,0,100,0,9,121,0,130,198,0,198,328
05/02/2020,SGR,TX,ASW,CE,Federal Contract Tower,0,0,21,0,21,0,3,73,0,76,0,3,94,0,97,104,0,104,201
05/03/2020,SGR,TX,ASW,CE,Federal Contract Tower,0,8,24,0,32,0,1,50,0,51,0,9,74,0,83,44,0,44,127
05/04/2020,SGR,TX,ASW,CE,Federal Contract Tower,0,4,24,1,29,0,5,60,0,65,0,9,84,1,94,62,0,62,156
05/05/2020,SGR,TX,ASW,CE,Federal Contract Tower,0,6,27,0,33,0,4,67,0,71,0,10,94,0,104,96,0,96,200
05/06/2020,SGR,TX,ASW,CE,Federal Contract Tower,0,6,43,0,49,0,10,67,0,77,0,16,110,0,126,40,0,40,166
05/07/2020,SGR,TX,ASW,CE,Federal Contract Tower,0,6,29,0,35,0,7,73,0,80,0,13,102,0,115,116,0,116,231
05/08/2020,SGR,TX,ASW,CE,Federal Contract Tower,0,7,28,0,35,0,3,22,0,25,0,10,50,0,60,14,0,14,74
05/09/2020,SGR,TX,ASW,CE,Federal Contract Tower,0,1,34,0,35,0,5,56,0,61,0,6,90,0,96,84,0,84,180
05/10/2020,SGR,TX,ASW,CE,Federal Contract Tower,0,2,41,0,43,0,2,75,0,77,0,4,116,0,120,88,0,88,208
05/11/2020,SGR,TX,ASW,CE,Federal Contract Tower,0,9,31,0,40,0,6,80,0,86,0,15,111,0,126,58,0,58,184
05/12/2020,SGR,TX,ASW,CE,Federal Contract Tower,0,5,31,0,36,0,12,70,0,82,0,17,101,0,118,88,0,88,206
05/13/2020,SGR,TX,ASW,CE,Federal Contract Tower,0,5,53,0,58,0,0,85,0,85,0,5,138,0,143,76,0,76,219
05/14/2020,SGR,TX,ASW,CE,Federal Contract Tower,0,6,23,0,29,0,5,53,0,58,0,11,76,0,87,72,0,72,159
05/15/2020,SGR,TX,ASW,CE,Federal Contract Tower,0,7,29,0,36,0,2,29,0,31,0,9,58,0,67,16,0,16,83
05/16/2020,SGR,TX,ASW,CE,Federal Contract Tower,0,4,13,0,17,0,1,14,0,15,0,5,27,0,32,60,0,60,92
05/17/2020,SGR,TX,ASW,CE,Federal Contract Tower,0,2,25,0,27,0,1,67,0,68,0,3,92,0,95,94,0,94,189
05/18/2020,SGR,TX,ASW,CE,Federal Contract Tower,0,6,39,0,45,0,6,86,0,92,0,12,125,0,137,142,0,142,279
05/19/2020,SGR,TX,ASW,CE,Federal Contract Tower,0,11,32,0,43,0,6,88,0,94,0,17,120,0,137,74,0,74,211
05/20/2020,SGR,TX,ASW,CE,Federal Contract Tower,0,12,64,0,76,0,7,71,0,78,0,19,135,0,154,98,0,98,252
05/21/2020,SGR,TX,ASW,CE,Federal Contract Tower,0,19,59,0,78,0,4,70,0,74,0,23,129,0,152,110,0,110,262
05/22/2020,SGR,TX,ASW,CE,Federal Contract Tower,0,17,38,0,55,0,5,53,0,58,0,22,91,0,113,124,0,124,237
05/23/2020,SGR,TX,ASW,CE,Federal Contract Tower,0,18,37,0,55,0,1,69,0,70,0,19,106,0,125,64,0,64,189
05/24/2020,SGR,TX,ASW,CE,Federal Contract Tower,0,3,8,0,11,0,2,15,0,17,0,5,23,0,28,12,0,12,40
05/25/2020,SGR,TX,ASW,CE,Federal Contract Tower,0,14,29,0,43,0,0,35,0,35,0,14,64,0,78,64,0,64,142
05/26/2020,SGR,TX,ASW,CE,Federal Contract Tower,0,5,27,0,32,0,6,81,0,87,0,11,108,0,119,64,0,64,183
05/27/2020,SGR,TX,ASW,CE,Federal Contract Tower,0,9,41,0,50,0,5,79,0,84,0,14,120,0,134,54,0,54,188
05/28/2020,SGR,TX,ASW,CE,Federal Contract Tower,0,11,48,0,59,0,3,68,0,71,0,14,116,0,130,112,0,112,242
05/29/2020,SGR,TX,ASW,CE,Federal Contract Tower,0,10,60,2,72,0,2,90,0,92,0,12,150,2,164,126,0,126,290
05/30/2020,SGR,TX,ASW,CE,Federal Contract Tower,0,5,33,0,38,0,0,74,0,74,0,5,107,0,112,108,0,108,220
05/31/2020,SGR,TX,ASW,CE,Federal Contract Tower,0,14,34,0,48,0,0,39,0,39,0,14,73,0,87,64,0,64,151
06/01/2020,SGR,TX,ASW,CE,Federal Contract Tower,0,5,52,0,57,0,9,54,0,63,0,14,106,0,120,44,0,44,164
06/02/2020,SGR,TX,ASW,CE,Federal Contract Tower,0,8,37,0,45,0,7,103,0,110,0,15,140,0,155,114,0,114,269
06/03/2020,SGR,TX,ASW,CE,Federal Contract Tower,0,16,44,0,60,0,11,63,0,74,0,27,107,0,134,62,2,64,198
06/05/2020,SGR,TX,ASW,CE,Federal Contract Tower,0,10,45,0,55,0,7,90,0,97,0,17,135,0,152,124,0,124,276
06/07/2020,SGR,TX,ASW,CE,Federal Contract Tower,0,7,28,0,35,0,8,60,0,68,0,15,88,0,103,76,0,76,179
06/08/2020,SGR,TX,ASW,CE,Federal Contract Tower,0,12,32,0,44,0,7,65,0,72,0,19,97,0,116,46,0,46,162
06/09/2020,SGR,TX,ASW,CE,Federal Contract Tower,0,10,60,0,70,0,6,72,0,78,0,16,132,0,148,70,0,70,218
06/10/2020,SGR,TX,ASW,CE,Federal Contract Tower,0,14,69,0,83,0,2,86,0,88,0,16,155,0,171,140,0,140,311
06/11/2020,SGR,TX,ASW,CE,Federal Contract Tower,0,12,56,0,68,0,3,105,2,110,0,15,161,2,178,90,0,90,268
06/12/2020,SGR,TX,ASW,CE,Federal Contract Tower,0,5,55,0,60,0,2,104,0,106,0,7,159,0,166,132,0,132,298
06/13/2020,SGR,TX,ASW,CE,Federal Contract Tower,0,10,29,0,39,0,0,76,0,76,0,10,105,0,115,108,0,108,223
06/14/2020,SGR,TX,ASW,CE,Federal Contract Tower,0,15,26,0,41,0,0,65,0,65,0,15,91,0,106,48,0,48,154
06/15/2020,SGR,TX,ASW,CE,Federal Contract Tower,0,16,41,0,57,0,0,78,0,78,0,16,119,0,135,112,0,112,247
06/16/2020,SGR,TX,ASW,CE,Federal Contract Tower,0,13,43,0,56,0,6,94,0,100,0,19,137,0,156,168,0,168,324
06/17/2020,SGR,TX,ASW,CE,Federal Contract Tower,0,24,52,0,76,0,7,97,2,106,0,31,149,2,182,82,0,82,264
06/18/2020,SGR,TX,ASW,CE,Federal Contract Tower,0,14,39,0,53,0,4,113,2,119,0,18,152,2,172,128,2,130,302
06/19/2020,SGR,TX,ASW,CE,Federal Contract Tower,0,11,43,0,54,0,1,78,0,79,0,12,121,0,133,94,0,94,227
06/20/2020,SGR,TX,ASW,CE,Federal Contract Tower,0,11,40,0,51,0,1,55,0,56,0,12,95,0,107,86,0,86,193
06/21/2020,SGR,TX,ASW,CE,Federal Contract Tower,0,12,28,0,40,0,0,32,0,32,0,12,60,0,72,48,0,48,120
06/22/2020,SGR,TX,ASW,CE,Federal Contract Tower,0,18,43,0,61,0,0,31,2,33,0,18,74,2,94,80,4,84,178
06/23/2020,SGR,TX,ASW,CE,Federal Contract Tower,0,13,40,0,53,0,8,60,0,68,0,21,100,0,121,86,0,86,207
06/24/2020,SGR,TX,ASW,CE,Federal Contract Tower,0,18,44,0,62,0,2,28,2,32,0,20,72,2,94,92,2,94,188
06/25/2020,SGR,TX,ASW,CE,Federal Contract Tower,0,15,40,0,55,0,6,17,0,23,0,21,57,0,78,24,0,24,102
06/26/2020,SGR,TX,ASW,CE,Federal Contract Tower,0,16,33,0,49,0,0,17,0,17,0,16,50,0,66,40,0,40,106
06/27/2020,SGR,TX,ASW,CE,Federal Contract Tower,0,11,43,0,54,0,2,60,0,62,0,13,103,0,116,142,0,142,258
06/28/2020,SGR,TX,ASW,CE,Federal Contract Tower,0,23,26,0,49,0,3,36,0,39,0,26,62,0,88,72,0,72,160
06/29/2020,SGR,TX,ASW,CE,Federal Contract Tower,0,16,33,0,49,0,8,97,0,105,0,24,130,0,154,74,0,74,228
06/30/2020,SGR,TX,ASW,CE,Federal Contract Tower,0,16,48,0,64,0,5,78,0,83,0,21,126,0,147,114,0,114,261
07/01/2020,SGR,TX,ASW,CE,Federal Contract Tower,0,17,56,0,73,0,0,69,0,69,0,17,125,0,142,106,0,106,248
07/02/2020,SGR,TX,ASW,CE,Federal Contract Tower,0,14,48,1,63,0,3,86,0,89,0,17,134,1,152,110,0,110,262
07/03/2020,SGR,TX,ASW,CE,Federal Contract Tower,0,13,33,0,46,0,0,100,0,100,0,13,133,0,146,142,0,142,288
07/04/2020,SGR,TX,ASW,CE,Federal Contract Tower,0,2,22,0,24,0,1,59,0,60,0,3,81,0,84,64,0,64,148
07/05/2020,SGR,TX,ASW,CE,Federal Contract Tower,0,12,34,0,46,0,0,43,0,43,0,12,77,0,89,52,0,52,141
07/06/2020,SGR,TX,ASW,CE,Federal Contract Tower,0,15,25,2,42,0,2,65,0,67,0,17,90,2,109,112,0,112,221
07/07/2020,SGR,TX,ASW,CE,Federal Contract Tower,0,13,36,0,49,0,12,86,0,98,0,25,122,0,147,70,0,70,217
07/08/2020,SGR,TX,ASW,CE,Federal Contract Tower,0,9,41,0,50,0,2,70,0,72,0,11,111,0,122,94,0,94,216
07/09/2020,SGR,TX,ASW,CE,Federal Contract Tower,0,9,42,0,51,0,3,85,0,88,0,12,127,0,139,84,0,84,223
07/10/2020,SGR,TX,ASW,CE,Federal Contract Tower,0,14,26,0,40,0,2,59,0,61,0,16,85,0,101,64,0,64,165
07/11/2020,SGR,TX,ASW,CE,Federal Contract Tower,0,14,21,0,35,0,0,70,0,70,0,14,91,0,105,132,0,132,237
07/12/2020,SGR,TX,ASW,CE,Federal Contract Tower,0,15,25,0,40,0,1,53,0,54,0,16,78,0,94,54,0,54,148
07/13/2020,SGR,TX,ASW,CE,Federal Contract Tower,0,9,30,0,39,0,5,48,0,53,0,14,78,0,92,56,0,56,148
07/14/2020,SGR,TX,ASW,CE,Federal Contract Tower,0,7,22,0,29,0,5,79,0,84,0,12,101,0,113,86,0,86,199
07/15/2020,SGR,TX,ASW,CE,Federal Contract Tower,0,12,41,0,53,0,8,79,2,89,0,20,120,2,142,126,0,126,268
07/16/2020,SGR,TX,ASW,CE,Federal Contract Tower,0,9,45,0,54,0,5,81,0,86,0,14,126,0,140,92,0,92,232
07/18/2020,SGR,TX,ASW,CE,Federal Contract Tower,0,8,16,0,24,0,2,68,0,70,0,10,84,0,94,90,0,90,184
07/19/2020,SGR,TX,ASW,CE,Federal Contract Tower,0,11,41,0,52,0,4,66,0,70,0,15,107,0,122,86,0,86,208
07/20/2020,SGR,TX,ASW,CE,Federal Contract Tower,0,8,35,0,43,0,3,54,0,57,0,11,89,0,100,58,0,58,158
07/21/2020,SGR,TX,ASW,CE,Federal Contract Tower,0,20,14,0,34,0,3,32,0,35,0,23,46,0,69,86,0,86,155
07/22/2020,SGR,TX,ASW,CE,Federal Contract Tower,0,7,32,0,39,0,2,42,0,44,0,9,74,0,83,24,0,24,107
07/23/2020,SGR,TX,ASW,CE,Federal Contract Tower,0,11,45,0,56,0,3,81,0,84,0,14,126,0,140,76,0,76,216
07/24/2020,SGR,TX,ASW,CE,Federal Contract Tower,0,6,35,0,41,0,0,40,0,40,0,6,75,0,81,54,0,54,135
07/25/2020,SGR,TX,ASW,CE,Federal Contract Tower,0,6,9,0,15,0,0,2,0,2,0,6,11,0,17,0,0,0,17
07/26/2020,SGR,TX,ASW,CE,Federal Contract Tower,0,20,26,0,46,0,1,13,0,14,0,21,39,0,60,34,0,34,94
07/27/2020,SGR,TX,ASW,CE,Federal Contract Tower,0,16,34,0,50,0,3,26,0,29,0,19,60,0,79,16,0,16,95
07/28/2020,SGR,TX,ASW,CE,Federal Contract Tower,0,15,29,2,46,0,1,24,0,25,0,16,53,2,71,28,0,28,99
07/29/2020,SGR,TX,ASW,CE,Federal Contract Tower,0,8,38,0,46,0,2,33,0,35,0,10,71,0,81,30,0,30,111
07/30/2020,SGR,TX,ASW,CE,Federal Contract Tower,0,16,25,0,41,0,4,109,0,113,0,20,134,0,154,138,0,138,292
07/31/2020,SGR,TX,ASW,CE,Federal Contract Tower,0,8,34,0,42,0,6,75,0,81,0,14,109,0,123,110,0,110,233
08/01/2020,SGR,TX,ASW,CE,Federal Contract Tower,0,18,14,0,32,0,1,40,0,41,0,19,54,0,73,74,0,74,147
08/02/2020,SGR,TX,ASW,CE,Federal Contract Tower,0,13,27,0,40,0,0,70,0,70,0,13,97,0,110,52,0,52,162
08/03/2020,SGR,TX,ASW,CE,Federal Contract Tower,0,11,29,0,40,0,1,76,0,77,0,12,105,0,117,68,0,68,185
08/04/2020,SGR,TX,ASW,CE,Federal Contract Tower,0,12,38,0,50,0,2,83,0,85,0,14,121,0,135,74,0,74,209
08/05/2020,SGR,TX,ASW,CE,Federal Contract Tower,0,17,39,0,56,0,0,71,0,71,0,17,110,0,127,46,0,46,173
08/06/2020,SGR,TX,ASW,CE,Federal Contract Tower,0,15,41,0,56,0,0,90,2,92,0,15,131,2,148,104,2,106,254
08/07/2020,SGR,TX,ASW,CE,Federal Contract Tower,0,10,42,0,52,0,2,74,0,76,0,12,116,0,128,34,0,34,162
08/08/2020,SGR,TX,ASW,CE,Federal Contract Tower,0,10,19,0,29,0,8,77,0,85,0,18,96,0,114,126,0,126,240
08/09/2020,SGR,TX,ASW,CE,Federal Contract Tower,0,15,30,0,45,0,2,46,0,48,0,17,76,0,93,58,0,58,151
08/10/2020,SGR,TX,ASW,CE,Federal Contract Tower,0,16,42,0,58,0,3,63,0,66,0,19,105,0,124,38,0,38,162
08/11/2020,SGR,TX,ASW,CE,Federal Contract Tower,0,13,44,0,57,0,6,70,0,76,0,19,114,0,133,92,0,92,225
08/12/2020,SGR,TX,ASW,CE,Federal Contract Tower,0,14,33,0,47,0,1,87,0,88,0,15,120,0,135,118,0,118,253
08/13/2020,SGR,TX,ASW,CE,Federal Contract Tower,0,15,48,2,65,0,1,103,8,112,0,16,151,10,177,106,2,108,285
08/14/2020,SGR,TX,ASW,CE,Federal Contract Tower,0,20,48,0,68,0,0,75,0,75,0,20,123,0,143,62,0,62,205
08/15/2020,SGR,TX,ASW,CE,Federal Contract Tower,0,12,26,0,38,0,0,73,0,73,0,12,99,0,111,86,0,86,197
08/16/2020,SGR,TX,ASW,CE,Federal Contract Tower,0,28,39,0,67,0,0,58,0,58,0,28,97,0,125,62,0,62,187
08/17/2020,SGR,TX,ASW,CE,Federal Contract Tower,0,17,34,0,51,0,4,42,0,46,0,21,76,0,97,52,0,52,149
08/18/2020,SGR,TX,ASW,CE,Federal Contract Tower,0,16,40,0,56,0,4,64,0,68,0,20,104,0,124,82,0,82,206
08/19/2020,SGR,TX,ASW,CE,Federal Contract Tower,0,13,43,0,56,0,0,86,0,86,0,13,129,0,142,48,0,48,190
08/20/2020,SGR,TX,ASW,CE,Federal Contract Tower,0,14,43,2,59,0,3,69,0,72,0,17,112,2,131,48,0,48,179
08/21/2020,SGR,TX,ASW,CE,Federal Contract Tower,0,9,29,0,38,0,1,65,0,66,0,10,94,0,104,88,0,88,192
08/22/2020,SGR,TX,ASW,CE,Federal Contract Tower,0,7,20,0,27,0,3,51,0,54,0,10,71,0,81,80,0,80,161
08/23/2020,SGR,TX,ASW,CE,Federal Contract Tower,0,17,36,0,53,0,2,73,0,75,0,19,109,0,128,50,0,50,178
08/24/2020,SGR,TX,ASW,CE,Federal Contract Tower,0,16,29,0,45,0,2,51,0,53,0,18,80,0,98,62,0,62,160
08/25/2020,SGR,TX,ASW,CE,Federal Contract Tower,0,19,31,0,50,0,6,69,0,75,0,25,100,0,125,68,0,68,193
08/26/2020,SGR,TX,ASW,CE,Federal Contract Tower,0,6,22,0,28,0,3,3,0,6,0,9,25,0,34,8,0,8,42
08/27/2020,SGR,TX,ASW,CE,Federal Contract Tower,0,8,11,1,20,0,7,58,0,65,0,15,69,1,85,44,0,44,129
08/28/2020,SGR,TX,ASW,CE,Federal Contract Tower,0,14,38,0,52,0,5,65,0,70,0,19,103,0,122,58,0,58,180
08/29/2020,SGR,TX,ASW,CE,Federal Contract Tower,0,13,26,0,39,0,0,71,3,74,0,13,97,3,113,81,0,81,194
08/30/2020,SGR,TX,ASW,CE,Federal Contract Tower,0,19,48,0,67,0,2,70,0,72,0,21,118,0,139,62,0,62,201
08/31/2020,SGR,TX,ASW,CE,Federal Contract Tower,0,8,21,0,29,0,7,50,0,57,0,15,71,0,86,58,0,58,144
09/01/2020,SGR,TX,ASW,CE,Federal Contract Tower,0,8,58,0,66,0,5,74,0,79,0,13,132,0,145,56,0,56,201
09/02/2020,SGR,TX,ASW,CE,Federal Contract Tower,0,17,63,0,80,0,2,61,0,63,0,19,124,0,143,38,0,38,181
09/03/2020,SGR,TX,ASW,CE,Federal Contract Tower,0,33,50,1,84,0,7,63,0,70,0,40,113,1,154,136,0,136,290
09/04/2020,SGR,TX,ASW,CE,Federal Contract Tower,0,25,40,0,65,0,2,42,0,44,0,27,82,0,109,20,0,20,129
09/05/2020,SGR,TX,ASW,CE,Federal Contract Tower,0,13,40,0,53,0,0,76,0,76,0,13,116,0,129,74,0,74,203
09/06/2020,SGR,TX,ASW,CE,Federal Contract Tower,0,7,18,0,25,0,0,63,0,63,0,7,81,0,88,52,0,52,140
09/07/2020,SGR,TX,ASW,CE,Federal Contract Tower,0,22,48,0,70,0,1,58,0,59,0,23,106,0,129,80,0,80,209
09/08/2020,SGR,TX,ASW,CE,Federal Contract Tower,0,7,34,0,41,0,2,24,2,28,0,9,58,2,69,0,0,0,69
09/09/2020,SGR,TX,ASW,CE,Federal Contract Tower,0,13,39,0,52,0,11,36,0,47,0,24,75,0,99,66,0,66,165
09/10/2020,SGR,TX,ASW,CE,Federal Contract Tower,0,12,42,0,54,0,5,19,0,24,0,17,61,0,78,4,0,4,82
09/11/2020,SGR,TX,ASW,CE,Federal Contract Tower,0,15,80,0,95,0,1,71,0,72,0,16,151,0,167,84,0,84,251
09/12/2020,SGR,TX,ASW,CE,Federal Contract Tower,0,18,38,0,56,0,0,80,0,80,0,18,118,0,136,82,0,82,218
09/13/2020,SGR,TX,ASW,CE,Federal Contract Tower,0,16,36,0,52,0,0,56,0,56,0,16,92,0,108,34,0,34,142
09/14/2020,SGR,TX,ASW,CE,Federal Contract Tower,0,13,40,0,53,0,6,47,0,53,0,19,87,0,106,14,0,14,120
09/15/2020,SGR,TX,ASW,CE,Federal Contract Tower,0,19,47,0,66,0,4,63,0,67,0,23,110,0,133,64,0,64,197
09/16/2020,SGR,TX,ASW,CE,Federal Contract Tower,0,13,47,0,60,0,7,66,0,73,0,20,113,0,133,38,0,38,171
09/17/2020,SGR,TX,ASW,CE,Federal Contract Tower,0,11,55,0,66,0,17,77,2,96,0,28,132,2,162,118,2,120,282
09/18/2020,SGR,TX,ASW,CE,Federal Contract Tower,0,13,54,0,67,0,0,65,0,65,0,13,119,0,132,76,0,76,208
09/19/2020,SGR,TX,ASW,CE,Federal Contract Tower,0,13,41,0,54,0,0,68,0,68,0,13,109,0,122,44,0,44,166
09/20/2020,SGR,TX,ASW,CE,Federal Contract Tower,0,20,61,0,81,0,0,35,0,35,0,20,96,0,116,42,0,42,158
09/21/2020,SGR,TX,ASW,CE,Federal Contract Tower,0,6,21,0,27,0,0,1,0,1,0,6,22,0,28,0,0,0,28
09/22/2020,SGR,TX,ASW,CE,Federal Contract Tower,0,9,24,0,33,0,0,0,0,0,0,9,24,0,33,0,0,0,33
09/23/2020,SGR,TX,ASW,CE,Federal Contract Tower,0,14,37,4,55,0,5,19,0,24,0,19,56,4,79,0,0,0,79
09/24/2020,SGR,TX,ASW,CE,Federal Contract Tower,0,23,67,2,92,0,2,48,0,50,0,25,115,2,142,48,0,48,190
09/25/2020,SGR,TX,ASW,CE,Federal Contract Tower,0,21,56,0,77,0,0,86,0,86,0,21,142,0,163,104,0,104,267
09/26/2020,SGR,TX,ASW,CE,Federal Contract Tower,0,16,24,0,40,0,2,79,0,81,0,18,103,0,121,126,0,126,247
09/27/2020,SGR,TX,ASW,CE,Federal Contract Tower,0,15,48,0,63,0,0,68,0,68,0,15,116,0,131,70,0,70,201
09/28/2020,SGR,TX,ASW,CE,Federal Contract Tower,0,16,61,0,77,0,3,31,2,36,0,19,92,2,113,18,0,18,131
09/29/2020,SGR,TX,ASW,CE,Federal Contract Tower,0,21,69,2,92,0,4,88,2,94,0,25,157,4,186,76,0,76,262
09/30/2020,SGR,TX,ASW,CE,Federal Contract Tower,0,20,36,0,56,0,6,91,2,99,0,26,127,2,155,96,0,96,251
10/01/2020,SGR,TX,ASW,CE,Federal Contract Tower,0,8,53,2,63,0,3,86,0,89,0,11,139,2,152,124,0,124,276
10/02/2020,SGR,TX,ASW,CE,Federal Contract Tower,0,19,51,0,70,0,1,84,0,85,0,20,135,0,155,112,0,112,267
10/04/2020,SGR,TX,ASW,CE,Federal Contract Tower,0,22,32,0,54,0,0,69,0,69,0,22,101,0,123,64,0,64,187
10/05/2020,SGR,TX,ASW,CE,Federal Contract Tower,0,23,49,0,72,0,2,74,0,76,0,25,123,0,148,68,0,68,216
10/06/2020,SGR,TX,ASW,CE,Federal Contract Tower,0,15,38,0,53,0,8,76,0,84,0,23,114,0,137,84,0,84,221
10/07/2020,SGR,TX,ASW,CE,Federal Contract Tower,0,17,50,0,67,0,2,84,0,86,0,19,134,0,153,64,0,64,217
10/08/2020,SGR,TX,ASW,CE,Federal Contract Tower,0,24,53,0,77,0,2,73,0,75,0,26,126,0,152,112,0,112,264
10/09/2020,SGR,TX,ASW,CE,Federal Contract Tower,0,5,33,0,38,0,0,8,0,8,0,5,41,0,46,22,0,22,68
10/10/2020,SGR,TX,ASW,CE,Federal Contract Tower,0,8,28,0,36,0,0,93,0,93,0,8,121,0,129,110,0,110,239
10/11/2020,SGR,TX,ASW,CE,Federal Contract Tower,0,10,39,0,49,0,0,84,0,84,0,10,123,0,133,86,0,86,219
10/12/2020,SGR,TX,ASW,CE,Federal Contract Tower,0,13,57,0,70,0,0,42,0,42,0,13,99,0,112,60,0,60,172
10/13/2020,SGR,TX,ASW,CE,Federal Contract Tower,0,29,55,0,84,0,21,59,0,80,0,50,114,0,164,74,0,74,238
10/15/2020,SGR,TX,ASW,CE,Federal Contract Tower,0,17,57,0,74,0,2,78,0,80,0,19,135,0,154,114,0,114,268
10/16/2020,SGR,TX,ASW,CE,Federal Contract Tower,0,19,87,0,106,0,2,8,0,10,0,21,95,0,116,2,0,2,118
10/17/2020,SGR,TX,ASW,CE,Federal Contract Tower,0,15,43,0,58,0,0,79,0,79,0,15,122,0,137,104,0,104,241
10/18/2020,SGR,TX,ASW,CE,Federal Contract Tower,0,15,39,0,54,0,0,69,0,69,0,15,108,0,123,78,0,78,201
10/19/2020,SGR,TX,ASW,CE,Federal Contract Tower,0,15,46,0,61,0,4,32,0,36,0,19,78,0,97,38,0,38,135
10/20/2020,SGR,TX,ASW,CE,Federal Contract Tower,0,13,43,0,56,0,7,63,0,70,0,20,106,0,126,112,0,112,238
10/21/2020,SGR,TX,ASW,CE,Federal Contract Tower,0,12,65,0,77,0,3,62,0,65,0,15,127,0,142,53,0,53,195
10/22/2020,SGR,TX,ASW,CE,Federal Contract Tower,0,17,59,0,76,0,33,74,0,107,0,50,133,0,183,120,0,120,303
10/23/2020,SGR,TX,ASW,CE,Federal Contract Tower,0,9,54,0,63,0,1,48,0,49,0,10,102,0,112,50,0,50,162
10/24/2020,SGR,TX,ASW,CE,Federal Contract Tower,0,9,49,0,58,0,2,82,0,84,0,11,131,0,142,160,0,160,302
10/25/2020,SGR,TX,ASW,CE,Federal Contract Tower,0,12,59,0,71,0,0,32,0,32,0,12,91,0,103,80,0,80,183
10/26/2020,SGR,TX,ASW,CE,Federal Contract Tower,0,10,43,0,53,0,8,48,1,57,0,18,91,1,110,64,0,64,174
10/27/2020,SGR,TX,ASW,CE,Federal Contract Tower,0,17,43,0,60,0,2,5,0,7,0,19,48,0,67,0,0,0,67
10/28/2020,SGR,TX,ASW,CE,Federal Contract Tower,0,11,56,0,67,0,0,11,0,11,0,11,67,0,78,38,0,38,116
10/29/2020,SGR,TX,ASW,CE,Federal Contract Tower,0,11,49,0,60,0,0,85,0,85,0,11,134,0,145,88,0,88,233
10/30/2020,SGR,TX,ASW,CE,Federal Contract Tower,0,14,61,0,75,0,0,128,0,128,0,14,189,0,203,102,0,102,305
10/31/2020,SGR,TX,ASW,CE,Federal Contract Tower,0,12,17,0,29,0,0,95,0,95,0,12,112,0,124,148,0,148,272
11/01/2020,SGR,TX,ASW,CE,Federal Contract Tower,0,11,33,0,44,0,0,83,0,83,0,11,116,0,127,94,0,94,221
11/02/2020,SGR,TX,ASW,CE,Federal Contract Tower,0,10,35,0,45,0,0,81,0,81,0,10,116,0,126,90,0,90,216
11/03/2020,SGR,TX,ASW,CE,Federal Contract Tower,0,9,46,0,55,0,5,77,0,82,0,14,123,0,137,118,0,118,255
11/04/2020,SGR,TX,ASW,CE,Federal Contract Tower,0,24,50,0,74,0,0,72,0,72,0,24,122,0,146,102,0,102,248
11/05/2020,SGR,TX,ASW,CE,Federal Contract Tower,0,29,60,0,89,0,0,70,6,76,0,29,130,6,165,98,4,102,267
11/06/2020,SGR,TX,ASW,CE,Federal Contract Tower,0,22,36,0,58,0,0,68,0,68,0,22,104,0,126,104,0,104,230
11/07/2020,SGR,TX,ASW,CE,Federal Contract Tower,0,10,30,0,40,0,0,90,0,90,0,10,120,0,130,116,0,116,246
11/08/2020,SGR,TX,ASW,CE,Federal Contract Tower,0,13,48,0,61,0,0,51,0,51,0,13,99,0,112,96,0,96,208
11/09/2020,SGR,TX,ASW,CE,Federal Contract Tower,0,20,45,1,66,0,2,44,0,46,0,22,89,1,112,66,0,66,178
11/10/2020,SGR,TX,ASW,CE,Federal Contract Tower,0,17,63,0,80,0,4,67,0,71,0,21,130,0,151,94,0,94,245
11/11/2020,SGR,TX,ASW,CE,Federal Contract Tower,0,10,80,0,90,0,7,74,0,81,0,17,154,0,171,76,0,76,247
11/12/2020,SGR,TX,ASW,CE,Federal Contract Tower,0,15,65,0,80,0,15,103,0,118,0,30,168,0,198,98,0,98,296
11/13/2020,SGR,TX,ASW,CE,Federal Contract Tower,0,20,55,0,75,0,1,23,1,25,0,21,78,1,100,30,0,30,130
11/14/2020,SGR,TX,ASW,CE,Federal Contract Tower,0,3,28,0,31,0,0,54,0,54,0,3,82,0,85,104,0,104,189
11/15/2020,SGR,TX,ASW,CE,Federal Contract Tower,0,16,42,0,58,0,0,72,2,74,0,16,114,2,132,72,0,72,204
11/16/2020,SGR,TX,ASW,CE,Federal Contract Tower,0,13,57,0,70,0,3,70,2,75,0,16,127,2,145,110,0,110,255
11/17/2020,SGR,TX,ASW,CE,Federal Contract Tower,0,2,48,0,50,0,4,108,3,115,0,6,156,3,165,156,0,156,321
11/18/2020,SGR,TX,ASW,CE,Federal Contract Tower,0,11,50,0,61,0,6,94,0,100,0,17,144,0,161,112,0,112,273
11/19/2020,SGR,TX,ASW,CE,Federal Contract Tower,0,17,54,0,71,0,3,74,1,78,0,20,128,1,149,88,0,88,237
11/20/2020,SGR,TX,ASW,CE,Federal Contract Tower,0,25,55,0,80,0,4,58,0,62,0,29,113,0,142,98,0,98,240
11/21/2020,SGR,TX,ASW,CE,Federal Contract Tower,0,18,46,0,64,0,0,70,0,70,0,18,116,0,134,106,0,106,240
11/22/2020,SGR,TX,ASW,CE,Federal Contract Tower,0,12,49,0,61,0,0,77,0,77,0,12,126,0,138,142,0,142,280
11/23/2020,SGR,TX,ASW,CE,Federal Contract Tower,0,11,65,0,76,0,1,21,0,22,0,12,86,0,98,58,0,58,156
11/24/2020,SGR,TX,ASW,CE,Federal Contract Tower,0,10,31,1,42,0,2,46,1,49,0,12,77,2,91,72,0,72,163
11/25/2020,SGR,TX,ASW,CE,Federal Contract Tower,0,10,46,0,56,0,2,58,0,60,0,12,104,0,116,88,0,88,204
11/26/2020,SGR,TX,ASW,CE,Federal Contract Tower,0,4,16,0,20,0,0,5,0,5,0,4,21,0,25,0,0,0,25
11/27/2020,SGR,TX,ASW,CE,Federal Contract Tower,0,16,17,0,33,0,0,0,0,0,0,16,17,0,33,0,0,0,33
11/28/2020,SGR,TX,ASW,CE,Federal Contract Tower,0,15,18,0,33,0,0,0,0,0,0,15,18,0,33,0,0,0,33
11/29/2020,SGR,TX,ASW,CE,Federal Contract Tower,0,27,99,0,126,0,0,16,0,16,0,27,115,0,142,0,0,0,142
11/30/2020,SGR,TX,ASW,CE,Federal Contract Tower,0,8,60,1,69,0,6,90,1,97,0,14,150,2,166,84,0,84,250
12/01/2020,SGR,TX,ASW,CE,Federal Contract Tower,0,13,47,0,60,0,4,100,0,104,0,17,147,0,164,124,0,124,288
12/02/2020,SGR,TX,ASW,CE,Federal Contract Tower,0,10,25,0,35,0,0,3,0,3,0,10,28,0,38,4,0,4,42
12/03/2020,SGR,TX,ASW,CE,Federal Contract Tower,0,14,73,0,87,0,4,84,0,88,0,18,157,0,175,134,0,134,309
12/04/2020,SGR,TX,ASW,CE,Federal Contract Tower,0,10,50,0,60,0,2,95,0,97,0,12,145,0,157,88,0,88,245
12/05/2020,SGR,TX,ASW,CE,Federal Contract Tower,0,17,21,0,38,0,0,84,0,84,0,17,105,0,122,118,0,118,240
12/06/2020,SGR,TX,ASW,CE,Federal Contract Tower,0,24,53,0,77,0,1,82,0,83,0,25,135,0,160,98,0,98,258
12/07/2020,SGR,TX,ASW,CE,Federal Contract Tower,0,16,36,0,52,0,4,76,0,80,0,20,112,0,132,78,0,78,210
12/08/2020,SGR,TX,ASW,CE,Federal Contract Tower,0,12,52,3,67,0,6,88,0,94,0,18,140,3,161,120,0,120,281
12/09/2020,SGR,TX,ASW,CE,Federal Contract Tower,0,9,60,0,69,0,4,96,2,102,0,13,156,2,171,106,0,106,277
12/10/2020,SGR,TX,ASW,CE,Federal Contract Tower,0,13,57,0,70,0,2,71,0,73,0,15,128,0,143,142,0,142,285
12/11/2020,SGR,TX,ASW,CE,Federal Contract Tower,0,14,32,0,46,0,0,24,0,24,0,14,56,0,70,60,0,60,130
12/12/2020,SGR,TX,ASW,CE,Federal Contract Tower,0,15,32,0,47,0,0,21,0,21,0,15,53,0,68,12,0,12,80
12/13/2020,SGR,TX,ASW,CE,Federal Contract Tower,0,18,30,0,48,0,0,1,0,1,0,18,31,0,49,0,0,0,49
12/14/2020,SGR,TX,ASW,CE,Federal Contract Tower,0,8,42,0,50,0,0,46,0,46,0,8,88,0,96,86,0,86,182
12/15/2020,SGR,TX,ASW,CE,Federal Contract Tower,0,14,78,0,92,0,5,0,0,5,0,19,78,0,97,0,0,0,97
12/16/2020,SGR,TX,ASW,CE,Federal Contract Tower,0,58,58,0,116,0,8,86,0,94,0,66,144,0,210,70,0,70,280
12/17/2020,SGR,TX,ASW,CE,Federal Contract Tower,0,14,56,1,71,0,6,107,1,114,0,20,163,2,185,118,0,118,303
12/18/2020,SGR,TX,ASW,CE,Federal Contract Tower,0,17,62,0,79,0,2,83,0,85,0,19,145,0,164,40,0,40,204
12/19/2020,SGR,TX,ASW,CE,Federal Contract Tower,0,21,17,0,38,0,0,5,0,5,0,21,22,0,43,0,0,0,43
12/20/2020,SGR,TX,ASW,CE,Federal Contract Tower,0,27,56,0,83,0,0,109,0,109,0,27,165,0,192,96,0,96,288
12/21/2020,SGR,TX,ASW,CE,Federal Contract Tower,0,10,32,0,42,0,2,73,0,75,0,12,105,0,117,66,0,66,183
12/22/2020,SGR,TX,ASW,CE,Federal Contract Tower,0,15,57,2,74,0,1,92,0,93,0,16,149,2,167,96,0,96,263
12/23/2020,SGR,TX,ASW,CE,Federal Contract Tower,0,14,48,0,62,0,2,18,0,20,0,16,66,0,82,40,0,40,122
12/24/2020,SGR,TX,ASW,CE,Federal Contract Tower,0,7,12,0,19,0,0,26,0,26,0,7,38,0,45,10,0,10,55
12/25/2020,SGR,TX,ASW,CE,Federal Contract Tower,0,7,6,0,13,0,0,18,0,18,0,7,24,0,31,2,0,2,33
12/26/2020,SGR,TX,ASW,CE,Federal Contract Tower,0,14,29,0,43,0,0,80,0,80,0,14,109,0,123,110,0,110,233
12/27/2020,SGR,TX,ASW,CE,Federal Contract Tower,0,19,39,0,58,0,0,55,0,55,0,19,94,0,113,92,0,92,205
12/28/2020,SGR,TX,ASW,CE,Federal Contract Tower,0,22,32,0,54,0,4,59,0,63,0,26,91,0,117,80,0,80,197
12/29/2020,SGR,TX,ASW,CE,Federal Contract Tower,0,11,32,0,43,0,2,29,0,31,0,13,61,0,74,22,0,22,96
12/30/2020,SGR,TX,ASW,CE,Federal Contract Tower,0,16,41,0,57,0,0,16,2,18,0,16,57,2,75,12,0,12,87
12/31/2020,SGR,TX,ASW,CE,Federal Contract Tower,0,9,14,0,23,0,0,0,0,0,0,9,14,0,23,0,0,0,23
01/01/2021,SGR,TX,ASW,CE,Federal Contract Tower,0,16,30,0,46,0,0,26,0,26,0,16,56,0,72,8,0,8,80
01/02/2021,SGR,TX,ASW,CE,Federal Contract Tower,0,27,37,0,64,0,0,112,0,112,0,27,149,0,176,108,0,108,284
01/03/2021,SGR,TX,ASW,CE,Federal Contract Tower,0,22,45,0,67,0,0,92,0,92,0,22,137,0,159,34,0,34,193
01/04/2021,SGR,TX,ASW,CE,Federal Contract Tower,0,14,45,0,59,0,8,69,0,77,0,22,114,0,136,32,0,32,168
01/05/2021,SGR,TX,ASW,CE,Federal Contract Tower,0,22,53,1,76,0,7,82,1,90,0,29,135,2,166,62,0,62,228
01/06/2021,SGR,TX,ASW,CE,Federal Contract Tower,0,17,18,0,35,0,1,32,0,33,0,18,50,0,68,50,0,50,118
01/07/2021,SGR,TX,ASW,CE,Federal Contract Tower,0,16,50,0,66,0,4,65,0,69,0,20,115,0,135,42,0,42,177
01/08/2021,SGR,TX,ASW,CE,Federal Contract Tower,0,19,53,0,72,0,0,62,0,62,0,19,115,0,134,74,0,74,208
01/09/2021,SGR,TX,ASW,CE,Federal Contract Tower,0,6,29,0,35,0,1,103,0,104,0,7,132,0,139,140,0,140,279
01/10/2021,SGR,TX,ASW,CE,Federal Contract Tower,0,17,21,0,38,0,0,0,0,0,0,17,21,0,38,0,0,0,38
01/11/2021,SGR,TX,ASW,CE,Federal Contract Tower,0,15,36,0,51,0,2,27,0,29,0,17,63,0,80,80,0,80,160
01/12/2021,SGR,TX,ASW,CE,Federal Contract Tower,0,21,55,0,76,0,5,57,2,64,0,26,112,2,140,74,0,74,214
01/13/2021,SGR,TX,ASW,CE,Federal Contract Tower,0,10,53,0,63,0,3,82,0,85,0,13,135,0,148,60,0,60,208
01/14/2021,SGR,TX,ASW,CE,Federal Contract Tower,0,21,40,1,62,0,3,79,2,84,0,24,119,3,146,22,0,22,168
01/15/2021,SGR,TX,ASW,CE,Federal Contract Tower,0,16,57,1,74,0,6,67,2,75,0,22,124,3,149,10,0,10,159
01/16/2021,SGR,TX,ASW,CE,Federal Contract Tower,0,9,31,0,40,0,0,73,0,73,0,9,104,0,113,102,0,102,215
01/17/2021,SGR,TX,ASW,CE,Federal Contract Tower,0,16,39,0,55,0,0,88,0,88,0,16,127,0,143,82,0,82,225
01/18/2021,SGR,TX,ASW,CE,Federal Contract Tower,0,17,52,0,69,0,2,89,0,91,0,19,141,0,160,88,0,88,248
01/19/2021,SGR,TX,ASW,CE,Federal Contract Tower,0,5,40,0,45,0,4,53,0,57,0,9,93,0,102,34,0,34,136
01/20/2021,SGR,TX,ASW,CE,Federal Contract Tower,0,20,71,0,91,0,0,0,0,0,0,20,71,0,91,0,0,0,91
01/21/2021,SGR,TX,ASW,CE,Federal Contract Tower,0,23,51,0,74,0,0,0,0,0,0,23,51,0,74,0,0,0,74
01/22/2021,SGR,TX,ASW,CE,Federal Contract Tower,0,14,30,0,44,0,0,14,0,14,0,14,44,0,58,24,0,24,82
01/23/2021,SGR,TX,ASW,CE,Federal Contract Tower,0,8,42,0,50,0,0,0,0,0,0,8,42,0,50,0,0,0,50
01/24/2021,SGR,TX,ASW,CE,Federal Contract Tower,0,16,40,0,56,0,0,12,0,12,0,16,52,0,68,42,0,42,110
01/25/2021,SGR,TX,ASW,CE,Federal Contract Tower,0,11,33,0,44,0,2,49,0,51,0,13,82,0,95,26,0,26,121
01/26/2021,SGR,TX,ASW,CE,Federal Contract Tower,0,12,64,0,76,0,7,114,0,121,0,19,178,0,197,70,0,70,267
01/27/2021,SGR,TX,ASW,CE,Federal Contract Tower,0,19,65,0,84,0,2,68,0,70,0,21,133,0,154,58,0,58,212
01/28/2021,SGR,TX,ASW,CE,Federal Contract Tower,0,17,73,0,90,0,4,101,0,105,0,21,174,0,195,160,0,160,355
01/29/2021,SGR,TX,ASW,CE,Federal Contract Tower,0,13,52,0,65,0,0,116,10,126,0,13,168,10,191,130,8,138,329
01/30/2021,SGR,TX,ASW,CE,Federal Contract Tower,0,4,28,0,32,0,0,40,0,40,0,4,68,0,72,72,0,72,144
01/31/2021,SGR,TX,ASW,CE,Federal Contract Tower,0,13,52,0,65,0,0,112,0,112,0,13,164,0,177,40,0,40,217
02/01/2021,SGR,TX,ASW,CE,Federal Contract Tower,0,12,44,0,56,0,6,91,0,97,0,18,135,0,153,72,0,72,225
02/02/2021,SGR,TX,ASW,CE,Federal Contract Tower,0,14,49,0,63,0,2,87,0,89,0,16,136,0,152,104,0,104,256
02/03/2021,SGR,TX,ASW,CE,Federal Contract Tower,0,17,37,0,54,0,4,72,0,76,0,21,109,0,130,106,0,106,236
02/04/2021,SGR,TX,ASW,CE,Federal Contract Tower,0,18,52,0,70,0,2,56,0,58,0,20,108,0,128,62,0,62,190
02/05/2021,SGR,TX,ASW,CE,Federal Contract Tower,0,13,48,0,61,0,0,37,0,37,0,13,85,0,98,38,0,38,136
02/06/2021,SGR,TX,ASW,CE,Federal Contract Tower,0,13,34,0,47,0,0,26,0,26,0,13,60,0,73,22,0,22,95
02/07/2021,SGR,TX,ASW,CE,Federal Contract Tower,0,12,25,0,37,0,0,88,0,88,0,12,113,0,125,42,0,42,167
02/08/2021,SGR,TX,ASW,CE,Federal Contract Tower,0,22,41,0,63,0,1,66,0,67,0,23,107,0,130,78,0,78,208
02/09/2021,SGR,TX,ASW,CE,Federal Contract Tower,0,12,65,0,77,0,4,7,0,11,0,16,72,0,88,6,0,6,94
02/10/2021,SGR,TX,ASW,CE,Federal Contract Tower,0,0,0,0,0,0,0,0,0,0,0,0,0,0,0,0,0,0,0
02/11/2021,SGR,TX,ASW,CE,Federal Contract Tower,0,19,47,0,66,0,0,0,0,0,0,19,47,0,66,0,0,0,66
02/13/2021,SGR,TX,ASW,CE,Federal Contract Tower,0,17,17,0,34,0,0,4,0,4,0,17,21,0,38,4,0,4,42
02/14/2021,SGR,TX,ASW,CE,Federal Contract Tower,0,18,15,0,33,0,0,0,0,0,0,18,15,0,33,0,0,0,33
02/15/2021,SGR,TX,ASW,CE,Federal Contract Tower,0,0,0,0,0,0,0,0,0,0,0,0,0,0,0,0,0,0,0
02/16/2021,SGR,TX,ASW,CE,Federal Contract Tower,0,0,0,0,0,0,0,0,0,0,0,0,0,0,0,0,0,0,0
02/17/2021,SGR,TX,ASW,CE,Federal Contract Tower,0,4,4,0,8,0,0,0,0,0,0,4,4,0,8,0,0,0,8
02/18/2021,SGR,TX,ASW,CE,Federal Contract Tower,0,17,18,0,35,0,2,3,0,5,0,19,21,0,40,16,4,20,60
02/19/2021,SGR,TX,ASW,CE,Federal Contract Tower,0,9,21,0,30,0,0,69,0,69,0,9,90,0,99,134,0,134,233
02/20/2021,SGR,TX,ASW,CE,Federal Contract Tower,0,3,25,0,28,0,1,96,0,97,0,4,121,0,125,120,0,120,245
02/21/2021,SGR,TX,ASW,CE,Federal Contract Tower,0,9,35,0,44,0,0,46,0,46,0,9,81,0,90,70,0,70,160
02/22/2021,SGR,TX,ASW,CE,Federal Contract Tower,0,14,55,0,69,0,2,91,0,93,0,16,146,0,162,84,0,84,246
02/23/2021,SGR,TX,ASW,CE,Federal Contract Tower,0,22,68,0,90,0,3,106,0,109,0,25,174,0,199,62,0,62,261
02/24/2021,SGR,TX,ASW,CE,Federal Contract Tower,0,16,59,0,75,0,5,38,0,43,0,21,97,0,118,58,0,58,176
02/25/2021,SGR,TX,ASW,CE,Federal Contract Tower,0,21,48,0,69,0,0,5,0,5,0,21,53,0,74,18,0,18,92
02/26/2021,SGR,TX,ASW,CE,Federal Contract Tower,0,49,92,0,141,0,0,7,0,7,0,49,99,0,148,4,0,4,152
02/27/2021,SGR,TX,ASW,CE,Federal Contract Tower,0,11,46,0,57,0,0,32,0,32,0,11,78,0,89,64,0,64,153
02/28/2021,SGR,TX,ASW,CE,Federal Contract Tower,0,37,50,0,87,0,0,21,0,21,0,37,71,0,108,14,0,14,122
03/01/2021,SGR,TX,ASW,CE,Federal Contract Tower,0,19,34,0,53,0,2,0,0,2,0,21,34,0,55,0,0,0,55
03/02/2021,SGR,TX,ASW,CE,Federal Contract Tower,0,16,60,0,76,0,3,53,0,56,0,19,113,0,132,52,0,52,184
03/03/2021,SGR,TX,ASW,CE,Federal Contract Tower,0,23,54,0,77,0,0,97,0,97,0,23,151,0,174,40,0,40,214
03/04/2021,SGR,TX,ASW,CE,Federal Contract Tower,0,15,57,0,72,0,4,106,0,110,0,19,163,0,182,128,0,128,310
03/05/2021,SGR,TX,ASW,CE,Federal Contract Tower,0,15,47,0,62,0,1,59,0,60,0,16,106,0,122,126,0,126,248
03/06/2021,SGR,TX,ASW,CE,Federal Contract Tower,0,4,27,0,31,0,0,93,0,93,0,4,120,0,124,78,0,78,202
03/07/2021,SGR,TX,ASW,CE,Federal Contract Tower,0,23,59,0,82,0,0,93,0,93,0,23,152,0,175,48,0,48,223
03/08/2021,SGR,TX,ASW,CE,Federal Contract Tower,0,13,43,0,56,0,1,85,0,86,0,14,128,0,142,110,0,110,252
03/09/2021,SGR,TX,ASW,CE,Federal Contract Tower,0,13,35,0,48,0,8,52,0,60,0,21,87,0,108,26,0,26,134
03/10/2021,SGR,TX,ASW,CE,Federal Contract Tower,0,12,52,0,64,0,1,21,0,22,0,13,73,0,86,12,0,12,98
03/11/2021,SGR,TX,ASW,CE,Federal Contract Tower,0,21,84,5,110,0,1,51,0,52,0,22,135,5,162,102,0,102,264
03/12/2021,SGR,TX,ASW,CE,Federal Contract Tower,0,40,64,0,104,0,1,68,9,78,0,41,132,9,182,74,0,74,256
03/13/2021,SGR,TX,ASW,CE,Federal Contract Tower,0,33,58,0,91,0,0,57,0,57,0,33,115,0,148,80,0,80,228
03/14/2021,SGR,TX,ASW,CE,Federal Contract Tower,0,16,46,0,62,0,0,0,0,0,0,16,46,0,62,10,0,10,72
03/15/2021,SGR,TX,ASW,CE,Federal Contract Tower,0,21,58,0,79,0,0,9,0,9,0,21,67,0,88,6,0,6,94
03/16/2021,SGR,TX,ASW,CE,Federal Contract Tower,0,21,35,0,56,0,4,5,0,9,0,25,40,0,65,2,0,2,67
03/17/2021,SGR,TX,ASW,CE,Federal Contract Tower,0,18,41,0,59,0,1,19,0,20,0,19,60,0,79,6,0,6,85
03/18/2021,SGR,TX,ASW,CE,Federal Contract Tower,0,12,59,0,71,0,1,74,0,75,0,13,133,0,146,44,0,44,190
03/19/2021,SGR,TX,ASW,CE,Federal Contract Tower,0,27,85,0,112,0,0,114,0,114,0,27,199,0,226,122,0,122,348
03/20/2021,SGR,TX,ASW,CE,Federal Contract Tower,0,22,55,2,79,0,2,112,0,114,0,24,167,2,193,124,0,124,317
03/21/2021,SGR,TX,ASW,CE,Federal Contract Tower,0,22,65,0,87,0,2,90,0,92,0,24,155,0,179,70,0,70,249
03/22/2021,SGR,TX,ASW,CE,Federal Contract Tower,0,12,39,0,51,0,1,42,0,43,0,13,81,0,94,22,0,22,116
03/23/2021,SGR,TX,ASW,CE,Federal Contract Tower,0,15,59,0,74,0,1,68,0,69,0,16,127,0,143,36,0,36,179
03/24/2021,SGR,TX,ASW,CE,Federal Contract Tower,0,13,80,0,93,0,0,0,0,0,0,13,80,0,93,0,0,0,93
03/25/2021,SGR,TX,ASW,CE,Federal Contract Tower,0,13,60,0,73,0,5,63,0,68,0,18,123,0,141,56,0,56,197
03/26/2021,SGR,TX,ASW,CE,Federal Contract Tower,0,18,42,0,60,0,3,117,0,120,0,21,159,0,180,156,0,156,336
03/27/2021,SGR,TX,ASW,CE,Federal Contract Tower,0,14,54,0,68,0,0,14,0,14,0,14,68,0,82,36,0,36,118
03/28/2021,SGR,TX,ASW,CE,Federal Contract Tower,0,17,29,0,46,0,0,39,0,39,0,17,68,0,85,70,0,70,155
03/29/2021,SGR,TX,ASW,CE,Federal Contract Tower,0,8,41,0,49,0,11,89,0,100,0,19,130,0,149,120,0,120,269
03/30/2021,SGR,TX,ASW,CE,Federal Contract Tower,0,13,54,0,67,0,2,22,0,24,0,15,76,0,91,32,0,32,123
03/31/2021,SGR,TX,ASW,CE,Federal Contract Tower,0,21,41,0,62,0,0,2,0,2,0,21,43,0,64,0,0,0,64
04/01/2021,SGR,TX,ASW,CE,Federal Contract Tower,0,18,72,0,90,0,4,98,0,102,0,22,170,0,192,112,0,112,304
04/02/2021,SGR,TX,ASW,CE,Federal Contract Tower,0,26,39,0,65,0,0,80,0,80,0,26,119,0,145,94,0,94,239
04/03/2021,SGR,TX,ASW,CE,Federal Contract Tower,0,9,29,0,38,0,0,65,0,65,0,9,94,0,103,106,0,106,209
04/04/2021,SGR,TX,ASW,CE,Federal Contract Tower,0,23,53,0,76,0,0,24,0,24,0,23,77,0,100,32,0,32,132
04/05/2021,SGR,TX,ASW,CE,Federal Contract Tower,0,21,41,0,62,0,5,79,0,84,0,26,120,0,146,108,0,108,254
04/06/2021,SGR,TX,ASW,CE,Federal Contract Tower,0,40,54,2,96,0,4,41,0,45,0,44,95,2,141,60,0,60,201
04/08/2021,SGR,TX,ASW,CE,Federal Contract Tower,0,12,63,0,75,0,0,65,0,65,0,12,128,0,140,120,0,120,260
04/09/2021,SGR,TX,ASW,CE,Federal Contract Tower,0,15,78,0,93,0,0,36,0,36,0,15,114,0,129,106,0,106,235
04/10/2021,SGR,TX,ASW,CE,Federal Contract Tower,0,15,35,0,50,0,0,65,0,65,0,15,100,0,115,86,0,86,201
04/11/2021,SGR,TX,ASW,CE,Federal Contract Tower,0,20,60,0,80,0,4,95,0,99,0,24,155,0,179,104,0,104,283
04/12/2021,SGR,TX,ASW,CE,Federal Contract Tower,0,24,46,0,70,0,0,81,0,81,0,24,127,0,151,134,0,134,285
04/13/2021,SGR,TX,ASW,CE,Federal Contract Tower,0,12,57,0,69,0,0,14,0,14,0,12,71,0,83,22,0,22,105
04/14/2021,SGR,TX,ASW,CE,Federal Contract Tower,0,30,77,0,107,0,2,1,1,4,0,32,78,1,111,0,0,0,111
04/15/2021,SGR,TX,ASW,CE,Federal Contract Tower,0,21,75,0,96,0,0,8,0,8,0,21,83,0,104,8,0,8,112
04/16/2021,SGR,TX,ASW,CE,Federal Contract Tower,0,16,34,0,50,0,0,0,0,0,0,16,34,0,50,0,0,0,50
04/17/2021,SGR,TX,ASW,CE,Federal Contract Tower,0,10,44,0,54,0,2,17,0,19,0,12,61,0,73,60,0,60,133
04/18/2021,SGR,TX,ASW,CE,Federal Contract Tower,0,28,50,0,78,0,1,111,0,112,0,29,161,0,190,142,0,142,332
04/19/2021,SGR,TX,ASW,CE,Federal Contract Tower,0,18,61,0,79,0,8,69,0,77,0,26,130,0,156,136,0,136,292
04/20/2021,SGR,TX,ASW,CE,Federal Contract Tower,0,14,51,0,65,0,1,96,2,99,0,15,147,2,164,92,0,92,256
04/21/2021,SGR,TX,ASW,CE,Federal Contract Tower,0,24,82,0,106,0,6,102,0,108,0,30,184,0,214,68,0,68,282
04/22/2021,SGR,TX,ASW,CE,Federal Contract Tower,0,21,58,0,79,0,2,64,2,68,0,23,122,2,147,90,0,90,237
04/23/2021,SGR,TX,ASW,CE,Federal Contract Tower,0,22,49,0,71,0,0,0,0,0,0,22,49,0,71,0,0,0,71
04/24/2021,SGR,TX,ASW,CE,Federal Contract Tower,0,20,45,0,65,0,2,104,0,106,0,22,149,0,171,30,0,30,201
04/25/2021,SGR,TX,ASW,CE,Federal Contract Tower,0,29,48,0,77,0,0,96,0,96,0,29,144,0,173,92,0,92,265
04/26/2021,SGR,TX,ASW,CE,Federal Contract Tower,0,12,42,2,56,0,1,91,0,92,0,13,133,2,148,52,0,52,200
04/27/2021,SGR,TX,ASW,CE,Federal Contract Tower,0,12,74,0,86,0,0,12,0,12,0,12,86,0,98,22,0,22,120
04/28/2021,SGR,TX,ASW,CE,Federal Contract Tower,0,12,50,0,62,0,10,31,0,41,0,22,81,0,103,54,0,54,157
04/30/2021,SGR,TX,ASW,CE,Federal Contract Tower,0,9,20,0,29,0,0,0,0,0,0,9,20,0,29,0,0,0,29
05/01/2021,SGR,TX,ASW,CE,Federal Contract Tower,0,16,12,0,28,0,2,0,0,2,0,18,12,0,30,0,0,0,30
05/02/2021,SGR,TX,ASW,CE,Federal Contract Tower,0,18,36,0,54,0,0,60,0,60,0,18,96,0,114,72,2,74,188
05/03/2021,SGR,TX,ASW,CE,Federal Contract Tower,0,16,72,0,88,0,6,45,2,53,0,22,117,2,141,100,2,102,243
05/04/2021,SGR,TX,ASW,CE,Federal Contract Tower,0,26,53,0,79,0,2,43,0,45,0,28,96,0,124,82,0,82,206
05/05/2021,SGR,TX,ASW,CE,Federal Contract Tower,0,19,94,4,117,0,3,120,1,124,0,22,214,5,241,16,24,40,281
05/06/2021,SGR,TX,ASW,CE,Federal Contract Tower,0,30,83,0,113,0,7,118,0,125,0,37,201,0,238,144,0,144,382
05/07/2021,SGR,TX,ASW,CE,Federal Contract Tower,0,17,46,0,63,0,1,123,2,126,0,18,169,2,189,164,0,164,353
05/08/2021,SGR,TX,ASW,CE,Federal Contract Tower,0,15,51,0,66,0,2,79,0,81,0,17,130,0,147,138,0,138,285
05/09/2021,SGR,TX,ASW,CE,Federal Contract Tower,0,21,49,0,70,0,0,36,0,36,0,21,85,0,106,70,0,70,176
05/10/2021,SGR,TX,ASW,CE,Federal Contract Tower,0,26,48,2,76,0,0,63,0,63,0,26,111,2,139,90,0,90,229
05/11/2021,SGR,TX,ASW,CE,Federal Contract Tower,0,11,39,0,50,0,2,27,0,29,0,13,66,0,79,30,0,30,109
05/12/2021,SGR,TX,ASW,CE,Federal Contract Tower,0,24,47,0,71,0,5,5,0,10,0,29,52,0,81,16,6,22,103
05/13/2021,SGR,TX,ASW,CE,Federal Contract Tower,0,22,104,0,126,0,9,56,0,65,0,31,160,0,191,114,0,114,305
05/14/2021,SGR,TX,ASW,CE,Federal Contract Tower,0,28,56,0,84,0,0,71,0,71,0,28,127,0,155,58,0,58,213
05/15/2021,SGR,TX,ASW,CE,Federal Contract Tower,0,9,35,0,44,0,0,78,4,82,0,9,113,4,126,160,0,160,286
05/16/2021,SGR,TX,ASW,CE,Federal Contract Tower,0,28,39,0,67,0,0,1,0,1,0,28,40,0,68,0,0,0,68
05/17/2021,SGR,TX,ASW,CE,Federal Contract Tower,0,18,28,2,48,0,7,35,2,44,0,25,63,4,92,52,10,62,154
05/18/2021,SGR,TX,ASW,CE,Federal Contract Tower,0,17,47,0,64,0,4,48,0,52,0,21,95,0,116,52,0,52,168
05/19/2021,SGR,TX,ASW,CE,Federal Contract Tower,0,22,35,0,57,0,0,11,0,11,0,22,46,0,68,16,0,16,84
05/20/2021,SGR,TX,ASW,CE,Federal Contract Tower,0,21,50,2,73,0,1,28,0,29,0,22,78,2,102,62,0,62,164
05/21/2021,SGR,TX,ASW,CE,Federal Contract Tower,0,14,56,0,70,0,0,14,0,14,0,14,70,0,84,36,0,36,120
05/22/2021,SGR,TX,ASW,CE,Federal Contract Tower,0,12,24,0,36,0,0,10,0,10,0,12,34,0,46,22,0,22,68
05/23/2021,SGR,TX,ASW,CE,Federal Contract Tower,0,19,43,0,62,0,1,8,0,9,0,20,51,0,71,10,0,10,81
05/24/2021,SGR,TX,ASW,CE,Federal Contract Tower,0,27,49,0,76,0,0,19,0,19,0,27,68,0,95,16,0,16,111
05/25/2021,SGR,TX,ASW,CE,Federal Contract Tower,0,25,52,0,77,0,5,36,0,41,0,30,88,0,118,86,0,86,204
05/26/2021,SGR,TX,ASW,CE,Federal Contract Tower,0,18,61,0,79,0,2,59,2,63,0,20,120,2,142,122,8,130,272
05/27/2021,SGR,TX,ASW,CE,Federal Contract Tower,0,17,107,0,124,0,4,76,0,80,0,21,183,0,204,122,0,122,326
05/28/2021,SGR,TX,ASW,CE,Federal Contract Tower,0,21,41,5,67,0,2,43,2,47,0,23,84,7,114,66,4,70,184
05/29/2021,SGR,TX,ASW,CE,Federal Contract Tower,0,12,32,0,44,0,2,95,0,97,0,14,127,0,141,164,0,164,305
05/30/2021,SGR,TX,ASW,CE,Federal Contract Tower,0,12,35,1,48,0,2,53,0,55,0,14,88,1,103,88,0,88,191
05/31/2021,SGR,TX,ASW,CE,Federal Contract Tower,0,21,60,0,81,0,0,88,0,88,0,21,148,0,169,140,0,140,309
06/01/2021,SGR,TX,ASW,CE,Federal Contract Tower,0,25,45,0,70,0,2,47,0,49,0,27,92,0,119,126,0,126,245
06/02/2021,SGR,TX,ASW,CE,Federal Contract Tower,0,15,48,0,63,0,3,63,0,66,0,18,111,0,129,144,0,144,273
06/03/2021,SGR,TX,ASW,CE,Federal Contract Tower,0,19,57,0,76,0,3,45,0,48,0,22,102,0,124,86,0,86,210
06/04/2021,SGR,TX,ASW,CE,Federal Contract Tower,0,29,42,0,71,0,0,22,0,22,0,29,64,0,93,42,0,42,135
06/05/2021,SGR,TX,ASW,CE,Federal Contract Tower,0,17,27,0,44,0,0,65,0,65,0,17,92,0,109,142,0,142,251
06/06/2021,SGR,TX,ASW,CE,Federal Contract Tower,0,20,53,0,73,0,3,81,0,84,0,23,134,0,157,106,0,106,263
06/07/2021,SGR,TX,ASW,CE,Federal Contract Tower,0,20,62,0,82,0,4,66,0,70,0,24,128,0,152,72,0,72,224
06/08/2021,SGR,TX,ASW,CE,Federal Contract Tower,0,33,69,0,102,0,5,82,0,87,0,38,151,0,189,88,0,88,277
06/09/2021,SGR,TX,ASW,CE,Federal Contract Tower,0,17,78,2,97,0,6,70,0,76,0,23,148,2,173,132,0,132,305
06/10/2021,SGR,TX,ASW,CE,Federal Contract Tower,0,27,71,0,98,0,3,79,0,82,0,30,150,0,180,122,0,122,302
06/11/2021,SGR,TX,ASW,CE,Federal Contract Tower,0,22,59,0,81,0,3,118,0,121,0,25,177,0,202,126,0,126,328
06/12/2021,SGR,TX,ASW,CE,Federal Contract Tower,0,13,33,0,46,0,2,101,0,103,0,15,134,0,149,80,0,80,229
06/13/2021,SGR,TX,ASW,CE,Federal Contract Tower,0,14,33,0,47,0,0,85,0,85,0,14,118,0,132,106,0,106,238
06/14/2021,SGR,TX,ASW,CE,Federal Contract Tower,0,16,43,0,59,0,3,66,0,69,0,19,109,0,128,66,0,66,194
06/15/2021,SGR,TX,ASW,CE,Federal Contract Tower,0,22,41,0,63,0,5,80,1,86,0,27,121,1,149,74,0,74,223
06/16/2021,SGR,TX,ASW,CE,Federal Contract Tower,0,17,53,0,70,0,6,98,0,104,0,23,151,0,174,106,0,106,280
06/17/2021,SGR,TX,ASW,CE,Federal Contract Tower,0,19,50,0,69,0,1,107,0,108,0,20,157,0,177,98,0,98,275
06/18/2021,SGR,TX,ASW,CE,Federal Contract Tower,0,18,65,0,83,0,4,101,0,105,0,22,166,0,188,97,0,97,285
06/19/2021,SGR,TX,ASW,CE,Federal Contract Tower,0,20,32,0,52,0,0,96,0,96,0,20,128,0,148,94,0,94,242
06/20/2021,SGR,TX,ASW,CE,Federal Contract Tower,0,28,39,0,67,0,1,66,0,67,0,29,105,0,134,48,0,48,182
06/21/2021,SGR,TX,ASW,CE,Federal Contract Tower,0,31,48,0,79,0,2,55,0,57,0,33,103,0,136,112,0,112,248
06/22/2021,SGR,TX,ASW,CE,Federal Contract Tower,0,34,58,2,94,0,2,53,0,55,0,36,111,2,149,86,0,86,235
06/23/2021,SGR,TX,ASW,CE,Federal Contract Tower,0,29,70,0,99,0,0,90,0,90,0,29,160,0,189,98,0,98,287
06/24/2021,SGR,TX,ASW,CE,Federal Contract Tower,0,33,69,0,102,0,2,77,0,79,0,35,146,0,181,106,0,106,287
06/25/2021,SGR,TX,ASW,CE,Federal Contract Tower,0,10,39,0,49,0,2,94,0,96,0,12,133,0,145,134,0,134,279
06/26/2021,SGR,TX,ASW,CE,Federal Contract Tower,0,20,31,0,51,0,0,39,0,39,0,20,70,0,90,66,0,66,156
06/27/2021,SGR,TX,ASW,CE,Federal Contract Tower,0,25,32,0,57,0,0,56,0,56,0,25,88,0,113,54,0,54,167
06/28/2021,SGR,TX,ASW,CE,Federal Contract Tower,0,18,33,0,51,0,1,5,0,6,0,19,38,0,57,4,0,4,61
06/29/2021,SGR,TX,ASW,CE,Federal Contract Tower,0,14,54,0,68,0,4,37,0,41,0,18,91,0,109,64,0,64,173
06/30/2021,SGR,TX,ASW,CE,Federal Contract Tower,0,29,80,0,109,0,4,73,0,77,0,33,153,0,186,116,0,116,302
07/01/2021,SGR,TX,ASW,CE,Federal Contract Tower,0,18,60,1,79,0,2,80,2,84,0,20,140,3,163,122,0,122,285
07/02/2021,SGR,TX,ASW,CE,Federal Contract Tower,0,17,50,0,67,0,4,105,0,109,0,21,155,0,176,185,0,185,361
07/03/2021,SGR,TX,ASW,CE,Federal Contract Tower,0,9,9,0,18,0,0,35,0,35,0,9,44,0,53,60,0,60,113
07/04/2021,SGR,TX,ASW,CE,Federal Contract Tower,0,3,24,0,27,0,0,30,0,30,0,3,54,0,57,116,0,116,173
07/05/2021,SGR,TX,ASW,CE,Federal Contract Tower,0,13,45,0,58,0,1,54,0,55,0,14,99,0,113,128,0,128,241
07/06/2021,SGR,TX,ASW,CE,Federal Contract Tower,0,12,52,0,64,0,5,18,0,23,0,17,70,0,87,40,0,40,127
07/07/2021,SGR,TX,ASW,CE,Federal Contract Tower,0,20,71,0,91,0,2,51,0,53,0,22,122,0,144,114,0,114,258
07/08/2021,SGR,TX,ASW,CE,Federal Contract Tower,0,18,52,0,70,0,2,62,0,64,0,20,114,0,134,96,0,96,230
07/09/2021,SGR,TX,ASW,CE,Federal Contract Tower,0,20,36,0,56,0,0,15,0,15,0,20,51,0,71,56,0,56,127
07/10/2021,SGR,TX,ASW,CE,Federal Contract Tower,0,25,31,0,56,0,3,82,0,85,0,28,113,0,141,88,0,88,229
07/11/2021,SGR,TX,ASW,CE,Federal Contract Tower,0,24,59,0,83,0,0,78,0,78,0,24,137,0,161,100,0,100,261
07/12/2021,SGR,TX,ASW,CE,Federal Contract Tower,0,24,56,2,82,0,3,76,0,79,0,27,132,2,161,102,0,102,263
07/13/2021,SGR,TX,ASW,CE,Federal Contract Tower,0,19,59,0,78,0,4,62,0,66,0,23,121,0,144,66,0,66,210
07/14/2021,SGR,TX,ASW,CE,Federal Contract Tower,0,25,67,0,92,0,3,89,0,92,0,28,156,0,184,76,0,76,260
07/15/2021,SGR,TX,ASW,CE,Federal Contract Tower,0,21,65,0,86,0,2,82,0,84,0,23,147,0,170,108,0,108,278
07/16/2021,SGR,TX,ASW,CE,Federal Contract Tower,0,18,44,0,62,0,5,89,0,94,0,23,133,0,156,96,0,96,252
07/17/2021,SGR,TX,ASW,CE,Federal Contract Tower,0,18,27,0,45,0,2,81,0,83,0,20,108,0,128,136,0,136,264
07/18/2021,SGR,TX,ASW,CE,Federal Contract Tower,0,23,40,0,63,0,0,58,0,58,0,23,98,0,121,62,0,62,183
07/19/2021,SGR,TX,ASW,CE,Federal Contract Tower,0,17,38,0,55,0,4,59,0,63,0,21,97,0,118,86,0,86,204
07/20/2021,SGR,TX,ASW,CE,Federal Contract Tower,0,25,47,0,72,0,3,57,0,60,0,28,104,0,132,52,0,52,184
07/21/2021,SGR,TX,ASW,CE,Federal Contract Tower,0,10,60,0,70,0,5,74,0,79,0,15,134,0,149,100,0,100,249
07/22/2021,SGR,TX,ASW,CE,Federal Contract Tower,0,18,51,0,69,0,8,77,0,85,0,26,128,0,154,98,0,98,252
07/23/2021,SGR,TX,ASW,CE,Federal Contract Tower,0,20,52,0,72,0,7,75,0,82,0,27,127,0,154,86,0,86,240
07/24/2021,SGR,TX,ASW,CE,Federal Contract Tower,0,12,39,0,51,0,1,101,0,102,0,13,140,0,153,124,0,124,277
07/25/2021,SGR,TX,ASW,CE,Federal Contract Tower,0,24,53,0,77,0,0,61,0,61,0,24,114,0,138,62,0,62,200
07/26/2021,SGR,TX,ASW,CE,Federal Contract Tower,0,16,49,0,65,0,2,70,0,72,0,18,119,0,137,100,0,100,237
07/27/2021,SGR,TX,ASW,CE,Federal Contract Tower,0,13,48,0,61,0,2,94,0,96,0,15,142,0,157,72,0,72,229
07/28/2021,SGR,TX,ASW,CE,Federal Contract Tower,0,17,52,0,69,0,2,85,0,87,0,19,137,0,156,96,0,96,252
07/29/2021,SGR,TX,ASW,CE,Federal Contract Tower,0,18,43,0,61,0,5,112,0,117,0,23,155,0,178,112,0,112,290
07/30/2021,SGR,TX,ASW,CE,Federal Contract Tower,0,26,38,0,64,0,1,57,0,58,0,27,95,0,122,72,0,72,194
07/31/2021,SGR,TX,ASW,CE,Federal Contract Tower,0,15,26,0,41,0,1,80,0,81,0,16,106,0,122,106,0,106,228
08/01/2021,SGR,TX,ASW,CE,Federal Contract Tower,0,21,32,0,53,0,0,69,0,69,0,21,101,0,122,104,0,104,226
08/02/2021,SGR,TX,ASW,CE,Federal Contract Tower,0,20,54,0,74,0,4,55,0,59,0,24,109,0,133,64,0,64,197
08/03/2021,SGR,TX,ASW,CE,Federal Contract Tower,0,16,58,0,74,0,4,33,0,37,0,20,91,0,111,62,0,62,173
08/04/2021,SGR,TX,ASW,CE,Federal Contract Tower,0,24,84,0,108,0,6,78,0,84,0,30,162,0,192,80,0,80,272
08/05/2021,SGR,TX,ASW,CE,Federal Contract Tower,0,20,43,0,63,0,2,53,0,55,0,22,96,0,118,34,0,34,152
08/06/2021,SGR,TX,ASW,CE,Federal Contract Tower,0,27,40,0,67,0,3,55,0,58,0,30,95,0,125,94,0,94,219
08/07/2021,SGR,TX,ASW,CE,Federal Contract Tower,0,19,23,0,42,0,1,82,0,83,0,20,105,0,125,162,0,162,287
08/08/2021,SGR,TX,ASW,CE,Federal Contract Tower,0,25,56,0,81,0,0,81,0,81,0,25,137,0,162,58,0,58,220
08/09/2021,SGR,TX,ASW,CE,Federal Contract Tower,0,21,41,0,62,0,8,70,0,78,0,29,111,0,140,78,0,78,218
08/10/2021,SGR,TX,ASW,CE,Federal Contract Tower,0,6,58,0,64,0,2,74,0,76,0,8,132,0,140,44,0,44,184
08/11/2021,SGR,TX,ASW,CE,Federal Contract Tower,0,16,45,0,61,0,7,72,0,79,0,23,117,0,140,18,12,30,170
08/12/2021,SGR,TX,ASW,CE,Federal Contract Tower,0,27,46,0,73,0,6,101,0,107,0,33,147,0,180,78,0,78,258
08/13/2021,SGR,TX,ASW,CE,Federal Contract Tower,0,20,30,0,50,0,1,55,0,56,0,21,85,0,106,78,0,78,184
08/14/2021,SGR,TX,ASW,CE,Federal Contract Tower,0,10,24,0,34,0,2,71,10,83,0,12,95,10,117,106,0,106,223
08/15/2021,SGR,TX,ASW,CE,Federal Contract Tower,0,12,28,0,40,0,0,42,0,42,0,12,70,0,82,34,0,34,116
08/16/2021,SGR,TX,ASW,CE,Federal Contract Tower,0,24,65,0,89,0,8,67,0,75,0,32,132,0,164,36,0,36,200
08/17/2021,SGR,TX,ASW,CE,Federal Contract Tower,0,27,55,0,82,0,4,66,0,70,0,31,121,0,152,60,0,60,212
08/18/2021,SGR,TX,ASW,CE,Federal Contract Tower,0,26,65,0,91,0,0,37,0,37,0,26,102,0,128,84,0,84,212
08/19/2021,SGR,TX,ASW,CE,Federal Contract Tower,0,17,59,0,76,0,5,84,2,91,0,22,143,2,167,82,0,82,249
08/20/2021,SGR,TX,ASW,CE,Federal Contract Tower,0,20,40,0,60,0,2,72,0,74,0,22,112,0,134,94,0,94,228
08/21/2021,SGR,TX,ASW,CE,Federal Contract Tower,0,20,23,0,43,0,2,97,0,99,0,22,120,0,142,108,0,108,250
08/22/2021,SGR,TX,ASW,CE,Federal Contract Tower,0,14,51,1,66,0,69,1,0,70,0,83,52,1,136,82,0,82,218
08/23/2021,SGR,TX,ASW,CE,Federal Contract Tower,0,21,40,0,61,0,2,72,0,74,0,23,112,0,135,90,0,90,225
08/24/2021,SGR,TX,ASW,CE,Federal Contract Tower,0,22,41,0,63,0,5,65,0,70,0,27,106,0,133,72,0,72,205
08/25/2021,SGR,TX,ASW,CE,Federal Contract Tower,0,25,56,0,81,0,3,87,0,90,0,28,143,0,171,70,2,72,243
08/26/2021,SGR,TX,ASW,CE,Federal Contract Tower,0,21,60,0,81,0,8,70,0,78,0,29,130,0,159,86,0,86,245
08/27/2021,SGR,TX,ASW,CE,Federal Contract Tower,0,14,49,0,63,0,0,39,0,39,0,14,88,0,102,48,0,48,150
08/28/2021,SGR,TX,ASW,CE,Federal Contract Tower,0,22,29,0,51,0,2,45,0,47,0,24,74,0,98,106,0,106,204
08/29/2021,SGR,TX,ASW,CE,Federal Contract Tower,0,11,48,0,59,0,0,70,0,70,0,11,118,0,129,78,0,78,207
08/30/2021,SGR,TX,ASW,CE,Federal Contract Tower,0,15,37,0,52,0,7,88,0,95,0,22,125,0,147,70,0,70,217
08/31/2021,SGR,TX,ASW,CE,Federal Contract Tower,0,21,63,0,84,0,3,77,0,80,0,24,140,0,164,106,0,106,270
09/01/2021,SGR,TX,ASW,CE,Federal Contract Tower,0,15,43,0,58,0,4,64,0,68,0,19,107,0,126,86,0,86,212
09/02/2021,SGR,TX,ASW,CE,Federal Contract Tower,0,17,49,0,66,0,2,50,0,52,0,19,99,0,118,46,0,46,164
09/03/2021,SGR,TX,ASW,CE,Federal Contract Tower,0,22,66,2,90,0,4,58,2,64,0,26,124,4,154,130,0,130,284
09/04/2021,SGR,TX,ASW,CE,Federal Contract Tower,0,8,25,0,33,0,1,74,0,75,0,9,99,0,108,120,0,120,228
09/05/2021,SGR,TX,ASW,CE,Federal Contract Tower,0,13,26,0,39,0,0,63,0,63,0,13,89,0,102,52,0,52,154
09/06/2021,SGR,TX,ASW,CE,Federal Contract Tower,0,25,45,0,70,0,44,0,0,44,0,69,45,0,114,60,0,60,174
09/07/2021,SGR,TX,ASW,CE,Federal Contract Tower,0,23,50,0,73,0,2,63,0,65,0,25,113,0,138,60,0,60,198
09/08/2021,SGR,TX,ASW,CE,Federal Contract Tower,0,16,70,0,86,0,3,73,0,76,0,19,143,0,162,88,0,88,250
09/09/2021,SGR,TX,ASW,CE,Federal Contract Tower,0,20,56,0,76,0,3,79,0,82,0,23,135,0,158,92,0,92,250
09/10/2021,SGR,TX,ASW,CE,Federal Contract Tower,0,17,65,0,82,0,3,59,0,62,0,20,124,0,144,74,0,74,218
09/11/2021,SGR,TX,ASW,CE,Federal Contract Tower,0,15,38,0,53,0,4,92,0,96,0,19,130,0,149,140,0,140,289
09/12/2021,SGR,TX,ASW,CE,Federal Contract Tower,0,21,52,0,73,0,0,69,0,69,0,21,121,0,142,56,0,56,198
09/13/2021,SGR,TX,ASW,CE,Federal Contract Tower,0,15,21,0,36,0,0,11,0,11,0,15,32,0,47,2,0,2,49
09/14/2021,SGR,TX,ASW,CE,Federal Contract Tower,0,20,11,0,31,0,5,0,0,5,0,25,11,0,36,0,0,0,36
09/15/2021,SGR,TX,ASW,CE,Federal Contract Tower,0,26,74,0,100,0,2,19,0,21,0,28,93,0,121,26,0,26,147
09/16/2021,SGR,TX,ASW,CE,Federal Contract Tower,0,24,63,0,87,0,2,51,0,53,0,26,114,0,140,78,0,78,218
09/17/2021,SGR,TX,ASW,CE,Federal Contract Tower,0,23,74,0,97,0,3,88,0,91,0,26,162,0,188,118,0,118,306
09/18/2021,SGR,TX,ASW,CE,Federal Contract Tower,0,22,25,0,47,0,0,70,0,70,0,22,95,0,117,140,0,140,257
09/19/2021,SGR,TX,ASW,CE,Federal Contract Tower,0,21,65,0,86,0,0,69,0,69,0,21,134,0,155,62,0,62,217
09/20/2021,SGR,TX,ASW,CE,Federal Contract Tower,0,13,50,0,63,0,3,81,3,87,0,16,131,3,150,110,0,110,260
09/21/2021,SGR,TX,ASW,CE,Federal Contract Tower,0,29,52,0,81,0,2,61,0,63,0,31,113,0,144,68,0,68,212
09/22/2021,SGR,TX,ASW,CE,Federal Contract Tower,0,29,57,0,86,0,2,83,0,85,0,31,140,0,171,106,0,106,277
09/23/2021,SGR,TX,ASW,CE,Federal Contract Tower,0,30,49,0,79,0,10,100,0,110,0,40,149,0,189,104,0,104,293
09/24/2021,SGR,TX,ASW,CE,Federal Contract Tower,0,16,72,0,88,0,1,101,0,102,0,17,173,0,190,120,0,120,310
09/25/2021,SGR,TX,ASW,CE,Federal Contract Tower,0,28,27,0,55,0,0,90,0,90,0,28,117,0,145,78,0,78,223
09/26/2021,SGR,TX,ASW,CE,Federal Contract Tower,0,31,43,0,74,0,4,77,0,81,0,35,120,0,155,78,0,78,233
09/27/2021,SGR,TX,ASW,CE,Federal Contract Tower,0,29,53,0,82,0,6,56,0,62,0,35,109,0,144,50,0,50,194
09/28/2021,SGR,TX,ASW,CE,Federal Contract Tower,0,21,58,0,79,0,1,7,0,8,0,22,65,0,87,8,0,8,95
09/29/2021,SGR,TX,ASW,CE,Federal Contract Tower,0,18,57,0,75,0,6,49,0,55,0,24,106,0,130,86,0,86,216
09/30/2021,SGR,TX,ASW,CE,Federal Contract Tower,0,30,57,0,87,0,6,32,0,38,0,36,89,0,125,56,0,56,181
10/01/2021,SGR,TX,ASW,CE,Federal Contract Tower,0,30,40,0,70,0,0,4,0,4,0,30,44,0,74,14,0,14,88
10/02/2021,SGR,TX,ASW,CE,Federal Contract Tower,0,14,18,0,32,0,0,46,0,46,0,14,64,0,78,98,0,98,176
10/03/2021,SGR,TX,ASW,CE,Federal Contract Tower,0,35,72,0,107,0,0,43,0,43,0,35,115,0,150,74,0,74,224
10/04/2021,SGR,TX,ASW,CE,Federal Contract Tower,0,16,43,0,59,0,0,73,0,73,0,16,116,0,132,78,0,78,210
10/05/2021,SGR,TX,ASW,CE,Federal Contract Tower,0,32,68,0,100,0,13,73,0,86,0,45,141,0,186,96,0,96,282
10/06/2021,SGR,TX,ASW,CE,Federal Contract Tower,0,14,59,0,73,0,1,88,0,89,0,15,147,0,162,90,0,90,252
10/07/2021,SGR,TX,ASW,CE,Federal Contract Tower,0,25,56,2,83,0,5,69,0,74,0,30,125,2,157,92,0,92,249
10/08/2021,SGR,TX,ASW,CE,Federal Contract Tower,0,27,49,0,76,0,2,83,0,85,0,29,132,0,161,124,0,124,285
10/09/2021,SGR,TX,ASW,CE,Federal Contract Tower,0,10,46,0,56,0,0,85,0,85,0,10,131,0,141,144,0,144,285
10/10/2021,SGR,TX,ASW,CE,Federal Contract Tower,0,21,67,0,88,0,0,49,0,49,0,21,116,0,137,62,0,62,199
10/11/2021,SGR,TX,ASW,CE,Federal Contract Tower,0,29,56,0,85,0,13,62,0,75,0,42,118,0,160,86,0,86,246
10/12/2021,SGR,TX,ASW,CE,Federal Contract Tower,0,16,61,0,77,0,3,48,0,51,0,19,109,0,128,100,0,100,228
10/13/2021,SGR,TX,ASW,CE,Federal Contract Tower,0,16,53,0,69,0,4,71,0,75,0,20,124,0,144,116,0,116,260
10/14/2021,SGR,TX,ASW,CE,Federal Contract Tower,0,29,67,0,96,0,0,22,0,22,0,29,89,0,118,38,0,38,156
10/15/2021,SGR,TX,ASW,CE,Federal Contract Tower,0,39,59,0,98,0,4,57,0,61,0,43,116,0,159,142,0,142,301
10/16/2021,SGR,TX,ASW,CE,Federal Contract Tower,0,12,31,0,43,0,2,68,0,70,0,14,99,0,113,84,0,84,197
10/17/2021,SGR,TX,ASW,CE,Federal Contract Tower,0,32,61,0,93,0,1,103,0,104,0,33,164,0,197,48,0,48,245
10/18/2021,SGR,TX,ASW,CE,Federal Contract Tower,0,17,73,0,90,0,2,84,0,86,0,19,157,0,176,82,0,82,258
10/19/2021,SGR,TX,ASW,CE,Federal Contract Tower,0,21,57,0,78,0,7,82,0,89,0,28,139,0,167,78,0,78,245
10/20/2021,SGR,TX,ASW,CE,Federal Contract Tower,0,17,74,0,91,0,7,68,0,75,0,24,142,0,166,82,0,82,248
10/21/2021,SGR,TX,ASW,CE,Federal Contract Tower,0,28,73,0,101,0,6,70,2,78,0,34,143,2,179,106,0,106,285
10/22/2021,SGR,TX,ASW,CE,Federal Contract Tower,0,20,65,1,86,0,0,66,0,66,0,20,131,1,152,54,0,54,206
10/23/2021,SGR,TX,ASW,CE,Federal Contract Tower,0,11,30,0,41,0,1,47,0,48,0,12,77,0,89,68,0,68,157
10/24/2021,SGR,TX,ASW,CE,Federal Contract Tower,0,24,38,0,62,0,0,77,0,77,0,24,115,0,139,142,0,142,281
10/25/2021,SGR,TX,ASW,CE,Federal Contract Tower,0,26,67,0,93,0,2,40,0,42,0,28,107,0,135,32,0,32,167
10/26/2021,SGR,TX,ASW,CE,Federal Contract Tower,0,26,77,2,105,0,0,87,0,87,0,26,164,2,192,46,0,46,238
10/27/2021,SGR,TX,ASW,CE,Federal Contract Tower,0,18,50,0,68,0,0,45,0,45,0,18,95,0,113,30,0,30,143
10/28/2021,SGR,TX,ASW,CE,Federal Contract Tower,0,30,64,2,96,0,0,15,0,15,0,30,79,2,111,0,0,0,111
10/29/2021,SGR,TX,ASW,CE,Federal Contract Tower,0,23,59,1,83,0,0,38,0,38,0,23,97,1,121,38,0,38,159
10/30/2021,SGR,TX,ASW,CE,Federal Contract Tower,0,13,31,0,44,0,2,109,0,111,0,15,140,0,155,156,0,156,311
10/31/2021,SGR,TX,ASW,CE,Federal Contract Tower,0,22,37,0,59,0,1,85,0,86,0,23,122,0,145,90,0,90,235
11/01/2021,SGR,TX,ASW,CE,Federal Contract Tower,0,15,45,0,60,0,0,83,0,83,0,15,128,0,143,76,0,76,219
11/02/2021,SGR,TX,ASW,CE,Federal Contract Tower,0,13,70,0,83,0,58,0,0,58,0,71,70,0,141,82,0,82,223
11/03/2021,SGR,TX,ASW,CE,Federal Contract Tower,0,29,56,0,85,0,0,39,0,39,0,29,95,0,124,70,0,70,194
11/04/2021,SGR,TX,ASW,CE,Federal Contract Tower,0,24,76,0,100,0,0,3,0,3,0,24,79,0,103,18,0,18,121
11/05/2021,SGR,TX,ASW,CE,Federal Contract Tower,0,23,81,0,104,0,1,69,0,70,0,24,150,0,174,122,0,122,296
11/06/2021,SGR,TX,ASW,CE,Federal Contract Tower,0,10,30,0,40,0,0,87,0,87,0,10,117,0,127,106,0,106,233
11/07/2021,SGR,TX,ASW,CE,Federal Contract Tower,0,31,68,0,99,0,3,108,0,111,0,34,176,0,210,32,4,36,246
11/08/2021,SGR,TX,ASW,CE,Federal Contract Tower,0,31,37,0,68,0,4,75,0,79,0,35,112,0,147,78,0,78,225
11/09/2021,SGR,TX,ASW,CE,Federal Contract Tower,0,24,53,0,77,0,6,79,0,85,0,30,132,0,162,48,0,48,210
11/10/2021,SGR,TX,ASW,CE,Federal Contract Tower,0,25,71,0,96,0,2,72,0,74,0,27,143,0,170,58,0,58,228
11/11/2021,SGR,TX,ASW,CE,Federal Contract Tower,0,23,89,0,112,0,0,75,0,75,0,23,164,0,187,102,0,102,289
11/12/2021,SGR,TX,ASW,CE,Federal Contract Tower,0,18,68,0,86,0,9,107,0,116,0,27,175,0,202,92,0,92,294
11/13/2021,SGR,TX,ASW,CE,Federal Contract Tower,0,11,44,0,55,0,0,72,0,72,0,11,116,0,127,104,0,104,231
11/14/2021,SGR,TX,ASW,CE,Federal Contract Tower,0,27,51,0,78,0,1,77,0,78,0,28,128,0,156,78,0,78,234
11/15/2021,SGR,TX,ASW,CE,Federal Contract Tower,0,21,65,0,86,0,1,53,0,54,0,22,118,0,140,46,0,46,186
11/16/2021,SGR,TX,ASW,CE,Federal Contract Tower,0,28,74,0,102,0,2,45,0,47,0,30,119,0,149,60,0,60,209
11/17/2021,SGR,TX,ASW,CE,Federal Contract Tower,0,27,72,0,99,0,2,50,0,52,0,29,122,0,151,26,0,26,177
11/18/2021,SGR,TX,ASW,CE,Federal Contract Tower,0,31,73,1,105,0,6,70,1,77,0,37,143,2,182,82,0,82,264
11/19/2021,SGR,TX,ASW,CE,Federal Contract Tower,0,30,70,0,100,0,0,90,0,90,0,30,160,0,190,92,0,92,282
11/20/2021,SGR,TX,ASW,CE,Federal Contract Tower,0,22,50,0,72,0,0,96,0,96,0,22,146,0,168,100,0,100,268
11/21/2021,SGR,TX,ASW,CE,Federal Contract Tower,0,25,47,0,72,0,0,61,0,61,0,25,108,0,133,76,0,76,209
11/22/2021,SGR,TX,ASW,CE,Federal Contract Tower,0,12,71,2,85,0,1,60,0,61,0,13,131,2,146,46,0,46,192
11/23/2021,SGR,TX,ASW,CE,Federal Contract Tower,0,19,73,0,92,0,8,72,0,80,0,27,145,0,172,86,0,86,258
11/24/2021,SGR,TX,ASW,CE,Federal Contract Tower,0,10,54,0,64,0,2,39,0,41,0,12,93,0,105,32,0,32,137
11/25/2021,SGR,TX,ASW,CE,Federal Contract Tower,0,5,11,0,16,0,0,0,0,0,0,5,11,0,16,0,0,0,16
11/26/2021,SGR,TX,ASW,CE,Federal Contract Tower,0,11,23,0,34,0,3,57,0,60,0,14,80,0,94,58,0,58,152
11/27/2021,SGR,TX,ASW,CE,Federal Contract Tower,0,14,43,0,57,0,2,22,0,24,0,16,65,0,81,44,0,44,125
11/28/2021,SGR,TX,ASW,CE,Federal Contract Tower,0,25,84,0,109,0,0,15,0,15,0,25,99,0,124,0,0,0,124
11/29/2021,SGR,TX,ASW,CE,Federal Contract Tower,0,30,62,0,92,0,3,63,0,66,0,33,125,0,158,48,0,48,206
11/30/2021,SGR,TX,ASW,CE,Federal Contract Tower,0,31,50,0,81,0,11,89,0,100,0,42,139,0,181,120,0,120,301
12/01/2021,SGR,TX,ASW,CE,Federal Contract Tower,0,22,82,0,104,0,2,67,0,69,0,24,149,0,173,50,0,50,223
12/02/2021,SGR,TX,ASW,CE,Federal Contract Tower,0,36,56,2,94,0,3,66,0,69,0,39,122,2,163,62,0,62,225
12/03/2021,SGR,TX,ASW,CE,Federal Contract Tower,0,26,40,0,66,0,10,53,0,63,0,36,93,0,129,68,0,68,197
12/04/2021,SGR,TX,ASW,CE,Federal Contract Tower,0,18,29,0,47,0,0,27,0,27,0,18,56,0,74,32,0,32,106
12/05/2021,SGR,TX,ASW,CE,Federal Contract Tower,0,32,57,0,89,0,0,45,0,45,0,32,102,0,134,28,0,28,162
12/06/2021,SGR,TX,ASW,CE,Federal Contract Tower,0,18,51,0,69,0,0,12,0,12,0,18,63,0,81,26,0,26,107
12/07/2021,SGR,TX,ASW,CE,Federal Contract Tower,0,23,100,0,123,0,8,54,0,62,0,31,154,0,185,88,0,88,273
12/08/2021,SGR,TX,ASW,CE,Federal Contract Tower,0,26,76,0,102,0,1,19,0,20,0,27,95,0,122,30,0,30,152
12/09/2021,SGR,TX,ASW,CE,Federal Contract Tower,0,18,72,0,90,0,3,25,0,28,0,21,97,0,118,16,0,16,134
12/10/2021,SGR,TX,ASW,CE,Federal Contract Tower,0,19,65,0,84,0,4,23,0,27,0,23,88,0,111,12,0,12,123
12/11/2021,SGR,TX,ASW,CE,Federal Contract Tower,0,12,42,0,54,0,0,49,0,49,0,12,91,0,103,54,0,54,157
12/12/2021,SGR,TX,ASW,CE,Federal Contract Tower,0,12,56,0,68,0,2,99,0,101,0,14,155,0,169,130,0,130,299
12/13/2021,SGR,TX,ASW,CE,Federal Contract Tower,0,34,50,0,84,0,9,24,0,33,0,43,74,0,117,6,0,6,123
12/14/2021,SGR,TX,ASW,CE,Federal Contract Tower,0,33,84,0,117,0,2,35,0,37,0,35,119,0,154,72,0,72,226
12/15/2021,SGR,TX,ASW,CE,Federal Contract Tower,0,29,64,2,95,0,2,37,0,39,0,31,101,2,134,22,0,22,156
12/16/2021,SGR,TX,ASW,CE,Federal Contract Tower,0,36,72,0,108,0,4,67,0,71,0,40,139,0,179,64,0,64,243
12/17/2021,SGR,TX,ASW,CE,Federal Contract Tower,0,44,61,0,105,0,4,40,0,44,0,48,101,0,149,42,0,42,191
12/18/2021,SGR,TX,ASW,CE,Federal Contract Tower,0,12,16,0,28,0,0,5,0,5,0,12,21,0,33,4,0,4,37
12/19/2021,SGR,TX,ASW,CE,Federal Contract Tower,0,29,50,0,79,0,8,70,0,78,0,37,120,0,157,84,0,84,241
12/20/2021,SGR,TX,ASW,CE,Federal Contract Tower,0,21,53,0,74,0,15,80,0,95,0,36,133,0,169,88,0,88,257
12/21/2021,SGR,TX,ASW,CE,Federal Contract Tower,0,23,54,0,77,0,8,71,0,79,0,31,125,0,156,48,0,48,204
12/22/2021,SGR,TX,ASW,CE,Federal Contract Tower,0,6,54,2,62,0,2,88,0,90,0,8,142,2,152,58,0,58,210
12/23/2021,SGR,TX,ASW,CE,Federal Contract Tower,0,26,39,0,65,0,2,71,0,73,0,28,110,0,138,38,0,38,176
12/24/2021,SGR,TX,ASW,CE,Federal Contract Tower,0,7,11,0,18,0,0,28,0,28,0,7,39,0,46,20,0,20,66
12/25/2021,SGR,TX,ASW,CE,Federal Contract Tower,0,14,12,0,26,0,0,9,0,9,0,14,21,0,35,0,0,0,35
12/26/2021,SGR,TX,ASW,CE,Federal Contract Tower,0,20,50,0,70,0,1,26,0,27,0,21,76,0,97,28,0,28,125
12/27/2021,SGR,TX,ASW,CE,Federal Contract Tower,0,29,47,0,76,0,1,57,0,58,0,30,104,0,134,62,0,62,196
12/28/2021,SGR,TX,ASW,CE,Federal Contract Tower,0,10,46,2,58,0,40,0,0,40,0,50,46,2,98,40,0,40,138
12/29/2021,SGR,TX,ASW,CE,Federal Contract Tower,0,17,47,0,64,0,9,33,0,42,0,26,80,0,106,48,0,48,154
12/30/2021,SGR,TX,ASW,CE,Federal Contract Tower,0,23,36,0,59,0,2,38,0,40,0,25,74,0,99,38,0,38,137
12/31/2021,SGR,TX,ASW,CE,Federal Contract Tower,0,14,39,0,53,0,0,13,0,13,0,14,52,0,66,2,0,2,68
01/01/2022,SGR,TX,ASW,CE,Federal Contract Tower,0,13,15,0,28,0,0,15,0,15,0,13,30,0,43,2,0,2,45
01/02/2022,SGR,TX,ASW,CE,Federal Contract Tower,0,21,41,0,62,0,0,10,0,10,0,21,51,0,72,0,0,0,72
01/03/2022,SGR,TX,ASW,CE,Federal Contract Tower,0,19,32,0,51,0,4,72,0,76,0,23,104,0,127,80,0,80,207
01/04/2022,SGR,TX,ASW,CE,Federal Contract Tower,0,22,43,0,65,0,7,67,0,74,0,29,110,0,139,68,0,68,207
01/05/2022,SGR,TX,ASW,CE,Federal Contract Tower,0,20,44,0,64,0,4,53,0,57,0,24,97,0,121,40,0,40,161
01/06/2022,SGR,TX,ASW,CE,Federal Contract Tower,0,11,57,0,68,0,0,44,0,44,0,11,101,0,112,40,0,40,152
01/07/2022,SGR,TX,ASW,CE,Federal Contract Tower,0,23,71,0,94,0,0,38,0,38,0,23,109,0,132,88,0,88,220
01/08/2022,SGR,TX,ASW,CE,Federal Contract Tower,0,20,23,0,43,0,0,4,0,4,0,20,27,0,47,10,0,10,57
01/09/2022,SGR,TX,ASW,CE,Federal Contract Tower,0,18,56,0,74,0,0,20,0,20,0,18,76,0,94,10,0,10,104
01/10/2022,SGR,TX,ASW,CE,Federal Contract Tower,0,16,35,0,51,0,2,51,0,53,0,18,86,0,104,42,0,42,146
01/11/2022,SGR,TX,ASW,CE,Federal Contract Tower,0,7,62,0,69,0,1,46,0,47,0,8,108,0,116,36,0,36,152
01/12/2022,SGR,TX,ASW,CE,Federal Contract Tower,0,22,83,0,105,0,5,56,0,61,0,27,139,0,166,48,0,48,214
01/13/2022,SGR,TX,ASW,CE,Federal Contract Tower,0,19,61,0,80,0,4,75,0,79,0,23,136,0,159,72,0,72,231
01/14/2022,SGR,TX,ASW,CE,Federal Contract Tower,0,24,44,0,68,0,1,100,0,101,0,25,144,0,169,136,0,136,305
01/15/2022,SGR,TX,ASW,CE,Federal Contract Tower,0,6,11,0,17,0,0,12,0,12,0,6,23,0,29,0,0,0,29
01/16/2022,SGR,TX,ASW,CE,Federal Contract Tower,0,20,37,0,57,0,2,86,0,88,0,22,123,0,145,50,0,50,195
01/17/2022,SGR,TX,ASW,CE,Federal Contract Tower,0,34,51,0,85,0,1,90,0,91,0,35,141,0,176,128,0,128,304
01/18/2022,SGR,TX,ASW,CE,Federal Contract Tower,0,16,53,0,69,0,6,67,0,73,0,22,120,0,142,50,0,50,192
01/19/2022,SGR,TX,ASW,CE,Federal Contract Tower,0,18,43,2,63,0,2,51,0,53,0,20,94,2,116,20,4,24,140
01/20/2022,SGR,TX,ASW,CE,Federal Contract Tower,0,27,39,0,66,0,0,32,0,32,0,27,71,0,98,24,0,24,122
01/21/2022,SGR,TX,ASW,CE,Federal Contract Tower,0,19,48,0,67,0,2,82,0,84,0,21,130,0,151,128,0,128,279
01/22/2022,SGR,TX,ASW,CE,Federal Contract Tower,0,7,28,0,35,0,0,108,0,108,0,7,136,0,143,72,0,72,215
01/23/2022,SGR,TX,ASW,CE,Federal Contract Tower,0,25,32,0,57,0,0,91,0,91,0,25,123,0,148,106,0,106,254
01/24/2022,SGR,TX,ASW,CE,Federal Contract Tower,0,22,37,0,59,0,0,1,0,1,0,22,38,0,60,0,0,0,60
01/25/2022,SGR,TX,ASW,CE,Federal Contract Tower,0,14,101,0,115,0,0,22,0,22,0,14,123,0,137,2,0,2,139
01/26/2022,SGR,TX,ASW,CE,Federal Contract Tower,0,22,75,0,97,0,0,87,0,87,0,22,162,0,184,64,0,64,248
01/27/2022,SGR,TX,ASW,CE,Federal Contract Tower,0,31,67,0,98,0,1,94,0,95,0,32,161,0,193,84,0,84,277
01/28/2022,SGR,TX,ASW,CE,Federal Contract Tower,0,25,56,0,81,0,0,68,0,68,0,25,124,0,149,62,0,62,211
01/29/2022,SGR,TX,ASW,CE,Federal Contract Tower,0,13,24,0,37,0,0,103,0,103,0,13,127,0,140,102,0,102,242
01/30/2022,SGR,TX,ASW,CE,Federal Contract Tower,0,32,44,0,76,0,4,100,9,113,0,36,144,9,189,94,0,94,283
01/31/2022,SGR,TX,ASW,CE,Federal Contract Tower,0,10,37,0,47,0,0,2,0,2,0,10,39,0,49,2,0,2,51
02/01/2022,SGR,TX,ASW,CE,Federal Contract Tower,0,14,65,0,79,0,2,23,0,25,0,16,88,0,104,22,0,22,126
02/02/2022,SGR,TX,ASW,CE,Federal Contract Tower,0,13,56,0,69,0,1,1,0,2,0,14,57,0,71,0,0,0,71
02/03/2022,SGR,TX,ASW,CE,Federal Contract Tower,0,12,14,0,26,0,0,0,0,0,0,12,14,0,26,0,0,0,26
02/04/2022,SGR,TX,ASW,CE,Federal Contract Tower,0,14,42,0,56,0,0,15,0,15,0,14,57,0,71,0,8,8,79
02/05/2022,SGR,TX,ASW,CE,Federal Contract Tower,0,16,27,0,43,0,0,110,0,110,0,16,137,0,153,132,0,132,285
02/06/2022,SGR,TX,ASW,CE,Federal Contract Tower,0,16,54,0,70,0,0,117,4,121,0,16,171,4,191,82,0,82,273
02/07/2022,SGR,TX,ASW,CE,Federal Contract Tower,0,28,50,0,78,0,9,104,0,113,0,37,154,0,191,76,0,76,267
02/08/2022,SGR,TX,ASW,CE,Federal Contract Tower,0,25,59,0,84,0,4,107,0,111,0,29,166,0,195,100,0,100,295
02/09/2022,SGR,TX,ASW,CE,Federal Contract Tower,0,31,68,0,99,0,8,145,0,153,0,39,213,0,252,134,0,134,386
02/10/2022,SGR,TX,ASW,CE,Federal Contract Tower,0,38,69,0,107,0,2,141,0,143,0,40,210,0,250,112,0,112,362
02/11/2022,SGR,TX,ASW,CE,Federal Contract Tower,0,27,64,0,91,0,0,135,0,135,0,27,199,0,226,126,0,126,352
02/12/2022,SGR,TX,ASW,CE,Federal Contract Tower,0,5,47,0,52,0,0,1,0,1,0,5,48,0,53,0,0,0,53
02/13/2022,SGR,TX,ASW,CE,Federal Contract Tower,0,21,44,0,65,0,4,99,0,103,0,25,143,0,168,102,0,102,270
02/14/2022,SGR,TX,ASW,CE,Federal Contract Tower,0,18,42,0,60,0,7,82,2,91,0,25,124,2,151,72,0,72,223
02/15/2022,SGR,TX,ASW,CE,Federal Contract Tower,0,16,85,0,101,0,7,61,0,68,0,23,146,0,169,46,0,46,215
02/16/2022,SGR,TX,ASW,CE,Federal Contract Tower,0,25,60,0,85,0,3,29,0,32,0,28,89,0,117,52,0,52,169
02/17/2022,SGR,TX,ASW,CE,Federal Contract Tower,0,31,59,0,90,0,4,31,0,35,0,35,90,0,125,32,0,32,157
02/18/2022,SGR,TX,ASW,CE,Federal Contract Tower,0,36,68,0,104,0,4,113,0,117,0,40,181,0,221,174,0,174,395
02/19/2022,SGR,TX,ASW,CE,Federal Contract Tower,0,6,38,0,44,0,1,87,0,88,0,7,125,0,132,142,0,142,274
02/20/2022,SGR,TX,ASW,CE,Federal Contract Tower,0,19,39,0,58,0,1,68,0,69,0,20,107,0,127,90,0,90,217
02/21/2022,SGR,TX,ASW,CE,Federal Contract Tower,0,15,40,0,55,0,3,18,0,21,0,18,58,0,76,0,0,0,76
02/22/2022,SGR,TX,ASW,CE,Federal Contract Tower,0,22,57,0,79,0,4,39,0,43,0,26,96,0,122,72,0,72,194
02/23/2022,SGR,TX,ASW,CE,Federal Contract Tower,0,35,67,0,102,0,8,0,0,8,0,43,67,0,110,0,0,0,110
02/24/2022,SGR,TX,ASW,CE,Federal Contract Tower,0,26,44,0,70,0,0,0,0,0,0,26,44,0,70,0,0,0,70
02/25/2022,SGR,TX,ASW,CE,Federal Contract Tower,0,41,58,0,99,0,1,61,0,62,0,42,119,0,161,80,0,80,241
02/26/2022,SGR,TX,ASW,CE,Federal Contract Tower,0,13,32,0,45,0,0,0,0,0,0,13,32,0,45,0,0,0,45
02/27/2022,SGR,TX,ASW,CE,Federal Contract Tower,0,19,54,0,73,0,3,55,0,58,0,22,109,0,131,42,0,42,173
02/28/2022,SGR,TX,ASW,CE,Federal Contract Tower,0,13,78,0,91,0,5,140,2,147,0,18,218,2,238,94,4,98,336
03/01/2022,SGR,TX,ASW,CE,Federal Contract Tower,0,17,62,0,79,0,6,71,0,77,0,23,133,0,156,78,0,78,234
03/02/2022,SGR,TX,ASW,CE,Federal Contract Tower,0,21,75,0,96,0,3,83,0,86,0,24,158,0,182,76,0,76,258
03/03/2022,SGR,TX,ASW,CE,Federal Contract Tower,0,29,73,0,102,0,7,108,0,115,0,36,181,0,217,164,0,164,381
03/04/2022,SGR,TX,ASW,CE,Federal Contract Tower,0,21,55,0,76,0,0,77,0,77,0,21,132,0,153,148,0,148,301
03/05/2022,SGR,TX,ASW,CE,Federal Contract Tower,0,7,31,0,38,0,4,88,0,92,0,11,119,0,130,56,0,56,186
03/06/2022,SGR,TX,ASW,CE,Federal Contract Tower,0,24,69,2,95,0,0,32,2,34,0,24,101,4,129,12,0,12,141
03/07/2022,SGR,TX,ASW,CE,Federal Contract Tower,0,26,58,0,84,0,6,32,0,38,0,32,90,0,122,70,0,70,192
03/08/2022,SGR,TX,ASW,CE,Federal Contract Tower,0,17,51,0,68,0,0,2,0,2,0,17,53,0,70,0,0,0,70
03/09/2022,SGR,TX,ASW,CE,Federal Contract Tower,0,28,65,2,95,0,10,91,0,101,0,38,156,2,196,108,0,108,304
03/10/2022,SGR,TX,ASW,CE,Federal Contract Tower,0,21,55,1,77,0,8,121,0,129,0,29,176,1,206,112,0,112,318
03/11/2022,SGR,TX,ASW,CE,Federal Contract Tower,0,30,58,0,88,0,7,8,0,15,0,37,66,0,103,8,0,8,111
03/12/2022,SGR,TX,ASW,CE,Federal Contract Tower,0,30,49,0,79,0,0,130,0,130,0,30,179,0,209,126,0,126,335
03/13/2022,SGR,TX,ASW,CE,Federal Contract Tower,0,24,48,0,72,0,0,92,0,92,0,24,140,0,164,108,0,108,272
03/14/2022,SGR,TX,ASW,CE,Federal Contract Tower,0,20,45,0,65,0,0,60,0,60,0,20,105,0,125,102,0,102,227
03/15/2022,SGR,TX,ASW,CE,Federal Contract Tower,0,7,47,0,54,0,1,66,0,67,0,8,113,0,121,58,0,58,179
03/16/2022,SGR,TX,ASW,CE,Federal Contract Tower,0,14,93,0,107,0,5,114,0,119,0,19,207,0,226,102,0,102,328
03/17/2022,SGR,TX,ASW,CE,Federal Contract Tower,0,26,40,0,66,0,0,31,0,31,0,26,71,0,97,10,0,10,107
03/18/2022,SGR,TX,ASW,CE,Federal Contract Tower,0,19,43,0,62,0,0,66,0,66,0,19,109,0,128,20,0,20,148
03/19/2022,SGR,TX,ASW,CE,Federal Contract Tower,0,21,52,0,73,0,0,137,0,137,0,21,189,0,210,140,0,140,350
03/20/2022,SGR,TX,ASW,CE,Federal Contract Tower,0,22,63,0,85,0,0,97,0,97,0,22,160,0,182,54,0,54,236
03/21/2022,SGR,TX,ASW,CE,Federal Contract Tower,0,24,50,0,74,0,0,2,0,2,0,24,52,0,76,0,0,0,76
03/22/2022,SGR,TX,ASW,CE,Federal Contract Tower,0,20,36,0,56,0,5,42,0,47,0,25,78,0,103,34,0,34,137
03/23/2022,SGR,TX,ASW,CE,Federal Contract Tower,0,15,53,0,68,0,10,80,0,90,0,25,133,0,158,68,0,68,226
03/24/2022,SGR,TX,ASW,CE,Federal Contract Tower,0,27,56,0,83,0,6,114,0,120,0,33,170,0,203,116,0,116,319
03/25/2022,SGR,TX,ASW,CE,Federal Contract Tower,0,17,59,2,78,0,6,108,0,114,0,23,167,2,192,180,0,180,372
03/26/2022,SGR,TX,ASW,CE,Federal Contract Tower,0,11,31,0,42,0,0,100,0,100,0,11,131,0,142,166,0,166,308
03/27/2022,SGR,TX,ASW,CE,Federal Contract Tower,0,22,45,0,67,0,3,98,0,101,0,25,143,0,168,106,0,106,274
03/28/2022,SGR,TX,ASW,CE,Federal Contract Tower,0,30,58,0,88,0,3,92,0,95,0,33,150,0,183,106,0,106,289
03/29/2022,SGR,TX,ASW,CE,Federal Contract Tower,0,25,58,0,83,0,4,6,2,12,0,29,64,2,95,12,0,12,107
03/30/2022,SGR,TX,ASW,CE,Federal Contract Tower,0,25,58,0,83,0,2,31,0,33,0,27,89,0,116,28,0,28,144
03/31/2022,SGR,TX,ASW,CE,Federal Contract Tower,0,17,64,0,81,0,6,113,1,120,0,23,177,1,201,132,0,132,333
04/01/2022,SGR,TX,ASW,CE,Federal Contract Tower,0,19,58,0,77,0,2,97,0,99,0,21,155,0,176,92,0,92,268
04/02/2022,SGR,TX,ASW,CE,Federal Contract Tower,0,6,31,0,37,0,0,91,0,91,0,6,122,0,128,158,0,158,286
04/03/2022,SGR,TX,ASW,CE,Federal Contract Tower,0,25,49,0,74,0,4,80,1,85,0,29,129,1,159,104,0,104,263
04/04/2022,SGR,TX,ASW,CE,Federal Contract Tower,0,36,74,0,110,0,5,14,0,19,0,41,88,0,129,10,0,10,139
04/05/2022,SGR,TX,ASW,CE,Federal Contract Tower,0,39,62,0,101,0,6,41,0,47,0,45,103,0,148,74,0,74,222
04/06/2022,SGR,TX,ASW,CE,Federal Contract Tower,0,34,68,0,102,0,29,31,0,60,0,63,99,0,162,18,0,18,180
04/07/2022,SGR,TX,ASW,CE,Federal Contract Tower,0,27,76,0,103,0,4,88,0,92,0,31,164,0,195,134,0,134,329
04/08/2022,SGR,TX,ASW,CE,Federal Contract Tower,0,19,50,0,69,0,4,72,0,76,0,23,122,0,145,62,2,64,209
04/09/2022,SGR,TX,ASW,CE,Federal Contract Tower,0,15,31,0,46,0,6,95,0,101,0,21,126,0,147,180,0,180,327
04/10/2022,SGR,TX,ASW,CE,Federal Contract Tower,0,13,46,0,59,0,0,35,0,35,0,13,81,0,94,28,0,28,122
04/11/2022,SGR,TX,ASW,CE,Federal Contract Tower,0,25,50,0,75,0,8,44,0,52,0,33,94,0,127,120,0,120,247
04/12/2022,SGR,TX,ASW,CE,Federal Contract Tower,0,13,73,0,86,0,2,12,0,14,0,15,85,0,100,44,0,44,144
04/13/2022,SGR,TX,ASW,CE,Federal Contract Tower,0,29,73,0,102,0,2,17,0,19,0,31,90,0,121,46,0,46,167
04/14/2022,SGR,TX,ASW,CE,Federal Contract Tower,0,32,78,1,111,0,3,100,1,104,0,35,178,2,215,78,8,86,301
04/15/2022,SGR,TX,ASW,CE,Federal Contract Tower,0,24,58,0,82,0,1,21,0,22,0,25,79,0,104,74,0,74,178
04/16/2022,SGR,TX,ASW,CE,Federal Contract Tower,0,7,36,0,43,0,0,61,0,61,0,7,97,0,104,138,0,138,242
04/17/2022,SGR,TX,ASW,CE,Federal Contract Tower,0,14,36,0,50,0,0,23,0,23,0,14,59,0,73,10,0,10,83
04/18/2022,SGR,TX,ASW,CE,Federal Contract Tower,0,29,68,0,97,0,4,102,0,106,0,33,170,0,203,102,0,102,305
04/19/2022,SGR,TX,ASW,CE,Federal Contract Tower,0,33,68,0,101,0,6,43,0,49,0,39,111,0,150,0,0,0,150
04/20/2022,SGR,TX,ASW,CE,Federal Contract Tower,0,19,79,0,98,0,2,23,0,25,0,21,102,0,123,26,0,26,149
04/21/2022,SGR,TX,ASW,CE,Federal Contract Tower,0,21,60,0,81,0,0,34,0,34,0,21,94,0,115,72,0,72,187
04/22/2022,SGR,TX,ASW,CE,Federal Contract Tower,0,21,50,0,71,0,5,63,0,68,0,26,113,0,139,96,0,96,235
04/23/2022,SGR,TX,ASW,CE,Federal Contract Tower,0,11,25,0,36,0,5,67,0,72,0,16,92,0,108,56,0,56,164
04/24/2022,SGR,TX,ASW,CE,Federal Contract Tower,0,27,56,0,83,0,1,59,0,60,0,28,115,0,143,72,0,72,215
04/25/2022,SGR,TX,ASW,CE,Federal Contract Tower,0,22,42,0,64,0,3,26,0,29,0,25,68,0,93,74,0,74,167
04/26/2022,SGR,TX,ASW,CE,Federal Contract Tower,0,26,63,3,92,0,0,66,1,67,0,26,129,4,159,158,0,158,317
04/27/2022,SGR,TX,ASW,CE,Federal Contract Tower,0,42,81,0,123,0,2,87,0,89,0,44,168,0,212,122,0,122,334
04/28/2022,SGR,TX,ASW,CE,Federal Contract Tower,0,25,54,0,79,0,4,86,0,90,0,29,140,0,169,130,0,130,299
04/29/2022,SGR,TX,ASW,CE,Federal Contract Tower,0,21,55,0,76,0,4,81,0,85,0,25,136,0,161,146,0,146,307
04/30/2022,SGR,TX,ASW,CE,Federal Contract Tower,0,14,35,0,49,0,2,84,0,86,0,16,119,0,135,162,8,170,305
05/01/2022,SGR,TX,ASW,CE,Federal Contract Tower,0,20,34,0,54,0,0,59,0,59,0,20,93,0,113,106,0,106,219
05/02/2022,SGR,TX,ASW,CE,Federal Contract Tower,0,22,39,0,61,0,0,40,0,40,0,22,79,0,101,42,0,42,143
05/03/2022,SGR,TX,ASW,CE,Federal Contract Tower,0,25,51,0,76,0,10,59,0,69,0,35,110,0,145,86,0,86,231
05/04/2022,SGR,TX,ASW,CE,Federal Contract Tower,0,30,74,0,104,0,6,93,0,99,0,36,167,0,203,68,0,68,271
05/05/2022,SGR,TX,ASW,CE,Federal Contract Tower,0,27,56,0,83,0,0,15,0,15,0,27,71,0,98,22,0,22,120
05/06/2022,SGR,TX,ASW,CE,Federal Contract Tower,0,37,64,0,101,0,8,86,0,94,0,45,150,0,195,136,0,136,331
05/07/2022,SGR,TX,ASW,CE,Federal Contract Tower,0,18,65,0,83,0,1,80,0,81,0,19,145,0,164,126,0,126,290
05/08/2022,SGR,TX,ASW,CE,Federal Contract Tower,0,28,39,0,67,0,10,78,0,88,0,38,117,0,155,92,0,92,247
05/09/2022,SGR,TX,ASW,CE,Federal Contract Tower,0,21,42,0,63,0,3,43,0,46,0,24,85,0,109,60,0,60,169
05/10/2022,SGR,TX,ASW,CE,Federal Contract Tower,0,18,66,0,84,0,5,79,3,87,0,23,145,3,171,104,0,104,275
05/11/2022,SGR,TX,ASW,CE,Federal Contract Tower,0,17,70,0,87,0,0,62,0,62,0,17,132,0,149,20,0,20,169
05/12/2022,SGR,TX,ASW,CE,Federal Contract Tower,0,20,57,0,77,0,10,70,0,80,0,30,127,0,157,112,0,112,269
05/13/2022,SGR,TX,ASW,CE,Federal Contract Tower,0,13,69,0,82,0,0,64,0,64,0,13,133,0,146,82,0,82,228
05/14/2022,SGR,TX,ASW,CE,Federal Contract Tower,0,12,31,0,43,0,6,78,2,86,0,18,109,2,129,134,0,134,263
05/15/2022,SGR,TX,ASW,CE,Federal Contract Tower,0,23,56,0,79,0,1,84,0,85,0,24,140,0,164,146,0,146,310
05/16/2022,SGR,TX,ASW,CE,Federal Contract Tower,0,27,40,2,69,0,4,68,0,72,0,31,108,2,141,124,0,124,265
05/17/2022,SGR,TX,ASW,CE,Federal Contract Tower,0,17,58,0,75,0,7,80,0,87,0,24,138,0,162,32,0,32,194
05/18/2022,SGR,TX,ASW,CE,Federal Contract Tower,0,21,68,0,89,0,5,87,0,92,0,26,155,0,181,122,0,122,303
05/19/2022,SGR,TX,ASW,CE,Federal Contract Tower,0,25,61,0,86,0,4,70,0,74,0,29,131,0,160,86,0,86,246
05/20/2022,SGR,TX,ASW,CE,Federal Contract Tower,0,12,63,0,75,0,4,61,0,65,0,16,124,0,140,68,0,68,208
05/21/2022,SGR,TX,ASW,CE,Federal Contract Tower,0,12,37,0,49,0,0,78,0,78,0,12,115,0,127,118,0,118,245
05/22/2022,SGR,TX,ASW,CE,Federal Contract Tower,0,26,50,0,76,0,5,56,0,61,0,31,106,0,137,114,0,114,251
05/23/2022,SGR,TX,ASW,CE,Federal Contract Tower,0,17,43,0,60,0,2,49,0,51,0,19,92,0,111,90,0,90,201
05/24/2022,SGR,TX,ASW,CE,Federal Contract Tower,0,11,47,0,58,0,2,21,0,23,0,13,68,0,81,62,0,62,143
05/25/2022,SGR,TX,ASW,CE,Federal Contract Tower,0,17,53,0,70,0,5,57,0,62,0,22,110,0,132,18,8,26,158
05/26/2022,SGR,TX,ASW,CE,Federal Contract Tower,0,25,56,0,81,0,2,84,0,86,0,27,140,0,167,100,0,100,267
05/27/2022,SGR,TX,ASW,CE,Federal Contract Tower,0,25,57,0,82,0,4,80,0,84,0,29,137,0,166,126,0,126,292
05/28/2022,SGR,TX,ASW,CE,Federal Contract Tower,0,10,46,1,57,0,0,60,1,61,0,10,106,2,118,112,0,112,230
05/29/2022,SGR,TX,ASW,CE,Federal Contract Tower,0,9,30,0,39,0,0,66,0,66,0,9,96,0,105,94,0,94,199
05/30/2022,SGR,TX,ASW,CE,Federal Contract Tower,0,23,48,0,71,0,0,49,0,49,0,23,97,0,120,58,0,58,178
05/31/2022,SGR,TX,ASW,CE,Federal Contract Tower,0,24,59,0,83,0,3,57,0,60,0,27,116,0,143,62,0,62,205
06/01/2022,SGR,TX,ASW,CE,Federal Contract Tower,0,17,65,0,82,0,0,79,0,79,0,17,144,0,161,98,0,98,259
06/02/2022,SGR,TX,ASW,CE,Federal Contract Tower,0,33,59,0,92,0,2,61,0,63,0,35,120,0,155,66,0,66,221
06/03/2022,SGR,TX,ASW,CE,Federal Contract Tower,0,25,47,0,72,0,2,86,0,88,0,27,133,0,160,98,0,98,258
06/04/2022,SGR,TX,ASW,CE,Federal Contract Tower,0,28,36,0,64,0,0,104,0,104,0,28,140,0,168,200,0,200,368
06/05/2022,SGR,TX,ASW,CE,Federal Contract Tower,0,16,62,0,78,0,0,85,0,85,0,16,147,0,163,106,0,106,269
06/06/2022,SGR,TX,ASW,CE,Federal Contract Tower,0,21,50,0,71,0,0,50,0,50,0,21,100,0,121,100,0,100,221
06/07/2022,SGR,TX,ASW,CE,Federal Contract Tower,0,23,53,0,76,0,3,64,0,67,0,26,117,0,143,34,0,34,177
06/08/2022,SGR,TX,ASW,CE,Federal Contract Tower,0,28,58,0,86,0,4,85,0,89,0,32,143,0,175,142,0,142,317
06/09/2022,SGR,TX,ASW,CE,Federal Contract Tower,0,37,60,0,97,0,8,85,2,95,0,45,145,2,192,92,0,92,284
06/10/2022,SGR,TX,ASW,CE,Federal Contract Tower,0,23,67,0,90,0,2,79,0,81,0,25,146,0,171,84,0,84,255
06/11/2022,SGR,TX,ASW,CE,Federal Contract Tower,0,17,43,0,60,0,0,61,0,61,0,17,104,0,121,78,0,78,199
06/12/2022,SGR,TX,ASW,CE,Federal Contract Tower,0,27,71,0,98,0,0,102,0,102,0,27,173,0,200,148,0,148,348
06/13/2022,SGR,TX,ASW,CE,Federal Contract Tower,0,20,48,0,68,0,6,39,2,47,0,26,87,2,115,28,0,28,143
06/14/2022,SGR,TX,ASW,CE,Federal Contract Tower,0,28,57,1,86,0,7,68,3,78,0,35,125,4,164,86,0,86,250
06/15/2022,SGR,TX,ASW,CE,Federal Contract Tower,0,31,63,0,94,0,2,82,0,84,0,33,145,0,178,110,0,110,288
06/16/2022,SGR,TX,ASW,CE,Federal Contract Tower,0,36,56,0,92,0,5,58,0,63,0,41,114,0,155,106,0,106,261
06/17/2022,SGR,TX,ASW,CE,Federal Contract Tower,0,35,56,0,91,0,0,96,0,96,0,35,152,0,187,142,0,142,329
06/18/2022,SGR,TX,ASW,CE,Federal Contract Tower,0,23,45,0,68,0,0,81,0,81,0,23,126,0,149,106,0,106,255
06/19/2022,SGR,TX,ASW,CE,Federal Contract Tower,0,19,33,0,52,0,0,73,0,73,0,19,106,0,125,64,0,64,189
06/20/2022,SGR,TX,ASW,CE,Federal Contract Tower,0,16,37,1,54,0,2,68,1,71,0,18,105,2,125,104,0,104,229
06/21/2022,SGR,TX,ASW,CE,Federal Contract Tower,0,33,47,0,80,0,5,57,0,62,0,38,104,0,142,140,0,140,282
06/22/2022,SGR,TX,ASW,CE,Federal Contract Tower,0,18,53,0,71,0,7,76,0,83,0,25,129,0,154,112,0,112,266
06/23/2022,SGR,TX,ASW,CE,Federal Contract Tower,0,24,69,0,93,0,6,74,0,80,0,30,143,0,173,82,0,82,255
06/24/2022,SGR,TX,ASW,CE,Federal Contract Tower,0,20,38,0,58,0,0,61,0,61,0,20,99,0,119,94,0,94,213
06/25/2022,SGR,TX,ASW,CE,Federal Contract Tower,0,20,35,0,55,0,2,61,0,63,0,22,96,0,118,28,0,28,146
06/26/2022,SGR,TX,ASW,CE,Federal Contract Tower,0,20,51,0,71,0,2,77,0,79,0,22,128,0,150,94,0,94,244
06/27/2022,SGR,TX,ASW,CE,Federal Contract Tower,0,14,53,0,67,0,2,49,0,51,0,16,102,0,118,70,0,70,188
06/28/2022,SGR,TX,ASW,CE,Federal Contract Tower,0,20,60,0,80,0,2,56,0,58,0,22,116,0,138,52,0,52,190
06/29/2022,SGR,TX,ASW,CE,Federal Contract Tower,0,24,35,0,59,0,2,58,0,60,0,26,93,0,119,90,0,90,209
06/30/2022,SGR,TX,ASW,CE,Federal Contract Tower,0,16,48,0,64,0,2,46,0,48,0,18,94,0,112,92,0,92,204
07/01/2022,SGR,TX,ASW,CE,Federal Contract Tower,0,20,37,0,57,0,10,33,0,43,0,30,70,0,100,26,0,26,126
07/02/2022,SGR,TX,ASW,CE,Federal Contract Tower,0,16,24,0,40,0,0,56,0,56,0,16,80,0,96,110,0,110,206
07/03/2022,SGR,TX,ASW,CE,Federal Contract Tower,0,11,14,0,25,0,0,56,0,56,0,11,70,0,81,78,0,78,159
07/04/2022,SGR,TX,ASW,CE,Federal Contract Tower,0,7,20,0,27,0,3,39,1,43,0,10,59,1,70,60,0,60,130
07/05/2022,SGR,TX,ASW,CE,Federal Contract Tower,0,15,53,0,68,0,10,66,0,76,0,25,119,0,144,112,0,112,256
07/06/2022,SGR,TX,ASW,CE,Federal Contract Tower,0,19,48,0,67,0,2,69,0,71,0,21,117,0,138,92,0,92,230
07/07/2022,SGR,TX,ASW,CE,Federal Contract Tower,0,15,50,0,65,0,5,59,0,64,0,20,109,0,129,96,0,96,225
07/08/2022,SGR,TX,ASW,CE,Federal Contract Tower,0,14,38,0,52,0,2,75,0,77,0,16,113,0,129,90,0,90,219
07/09/2022,SGR,TX,ASW,CE,Federal Contract Tower,0,22,31,0,53,0,2,83,0,85,0,24,114,0,138,134,0,134,272
07/10/2022,SGR,TX,ASW,CE,Federal Contract Tower,0,14,44,0,58,0,1,66,0,67,0,15,110,0,125,92,0,92,217
07/11/2022,SGR,TX,ASW,CE,Federal Contract Tower,0,22,50,0,72,0,3,63,0,66,0,25,113,0,138,74,0,74,212
07/12/2022,SGR,TX,ASW,CE,Federal Contract Tower,0,17,67,0,84,0,2,48,0,50,0,19,115,0,134,78,0,78,212
07/13/2022,SGR,TX,ASW,CE,Federal Contract Tower,0,9,61,0,70,0,3,58,0,61,0,12,119,0,131,62,0,62,193
07/14/2022,SGR,TX,ASW,CE,Federal Contract Tower,0,24,40,0,64,0,13,60,0,73,0,37,100,0,137,48,0,48,185
07/15/2022,SGR,TX,ASW,CE,Federal Contract Tower,0,21,39,0,60,0,0,61,0,61,0,21,100,0,121,98,0,98,219
07/16/2022,SGR,TX,ASW,CE,Federal Contract Tower,0,18,22,0,40,0,4,81,0,85,0,22,103,0,125,94,0,94,219
07/17/2022,SGR,TX,ASW,CE,Federal Contract Tower,0,14,39,0,53,0,0,75,0,75,0,14,114,0,128,106,0,106,234
07/18/2022,SGR,TX,ASW,CE,Federal Contract Tower,0,15,48,0,63,0,9,94,0,103,0,24,142,0,166,128,0,128,294
07/19/2022,SGR,TX,ASW,CE,Federal Contract Tower,0,12,46,0,58,0,4,55,0,59,0,16,101,0,117,44,0,44,161
07/20/2022,SGR,TX,ASW,CE,Federal Contract Tower,0,16,43,2,61,0,2,71,0,73,0,18,114,2,134,124,0,124,258
07/21/2022,SGR,TX,ASW,CE,Federal Contract Tower,0,17,65,0,82,0,3,80,0,83,0,20,145,0,165,90,0,90,255
07/22/2022,SGR,TX,ASW,CE,Federal Contract Tower,0,20,44,0,64,0,0,73,0,73,0,20,117,0,137,68,0,68,205
07/23/2022,SGR,TX,ASW,CE,Federal Contract Tower,0,15,45,0,60,0,1,72,0,73,0,16,117,0,133,126,0,126,259
07/24/2022,SGR,TX,ASW,CE,Federal Contract Tower,0,17,44,0,61,0,0,66,0,66,0,17,110,0,127,60,0,60,187
07/25/2022,SGR,TX,ASW,CE,Federal Contract Tower,0,9,50,0,59,0,6,50,0,56,0,15,100,0,115,100,0,100,215
07/26/2022,SGR,TX,ASW,CE,Federal Contract Tower,0,9,59,0,68,0,2,62,0,64,0,11,121,0,132,92,0,92,224
07/27/2022,SGR,TX,ASW,CE,Federal Contract Tower,0,21,57,0,78,0,6,63,0,69,0,27,120,0,147,102,0,102,249
07/28/2022,SGR,TX,ASW,CE,Federal Contract Tower,0,16,64,0,80,0,2,76,0,78,0,18,140,0,158,90,0,90,248
07/29/2022,SGR,TX,ASW,CE,Federal Contract Tower,0,22,40,0,62,0,1,44,0,45,0,23,84,0,107,54,0,54,161
07/30/2022,SGR,TX,ASW,CE,Federal Contract Tower,0,23,34,0,57,0,5,77,0,82,0,28,111,0,139,128,0,128,267
07/31/2022,SGR,TX,ASW,CE,Federal Contract Tower,0,22,42,0,64,0,2,52,0,54,0,24,94,0,118,66,0,66,184
08/01/2022,SGR,TX,ASW,CE,Federal Contract Tower,0,29,53,0,82,0,0,68,0,68,0,29,121,0,150,128,0,128,278
08/02/2022,SGR,TX,ASW,CE,Federal Contract Tower,0,11,45,0,56,0,2,62,0,64,0,13,107,0,120,134,0,134,254
08/03/2022,SGR,TX,ASW,CE,Federal Contract Tower,0,19,60,0,79,0,12,4,0,16,0,31,64,0,95,134,0,134,229
08/04/2022,SGR,TX,ASW,CE,Federal Contract Tower,0,14,58,0,72,0,10,84,0,94,0,24,142,0,166,154,0,154,320
08/05/2022,SGR,TX,ASW,CE,Federal Contract Tower,0,26,53,0,79,0,0,61,0,61,0,26,114,0,140,94,0,94,234
08/06/2022,SGR,TX,ASW,CE,Federal Contract Tower,0,14,19,0,33,0,2,58,0,60,0,16,77,0,93,68,0,68,161
08/07/2022,SGR,TX,ASW,CE,Federal Contract Tower,0,16,34,0,50,0,2,85,0,87,0,18,119,0,137,94,0,94,231
08/08/2022,SGR,TX,ASW,CE,Federal Contract Tower,0,10,49,0,59,0,6,67,1,74,0,16,116,1,133,36,0,36,169
08/09/2022,SGR,TX,ASW,CE,Federal Contract Tower,0,18,53,0,71,0,3,58,2,63,0,21,111,2,134,68,0,68,202
08/10/2022,SGR,TX,ASW,CE,Federal Contract Tower,0,21,51,0,72,0,2,59,1,62,0,23,110,1,134,52,0,52,186
08/11/2022,SGR,TX,ASW,CE,Federal Contract Tower,0,31,59,0,90,0,6,83,1,90,0,37,142,1,180,126,2,128,308
08/12/2022,SGR,TX,ASW,CE,Federal Contract Tower,0,16,39,0,55,0,1,55,0,56,0,17,94,0,111,62,0,62,173
08/13/2022,SGR,TX,ASW,CE,Federal Contract Tower,0,10,47,0,57,0,1,64,0,65,0,11,111,0,122,94,0,94,216
08/14/2022,SGR,TX,ASW,CE,Federal Contract Tower,0,43,33,0,76,0,4,68,0,72,0,47,101,0,148,136,0,136,284
08/15/2022,SGR,TX,ASW,CE,Federal Contract Tower,0,18,55,0,73,0,1,76,0,77,0,19,131,0,150,140,0,140,290
08/16/2022,SGR,TX,ASW,CE,Federal Contract Tower,0,21,57,0,78,0,3,63,0,66,0,24,120,0,144,40,0,40,184
08/17/2022,SGR,TX,ASW,CE,Federal Contract Tower,0,22,77,0,99,0,5,52,0,57,0,27,129,0,156,90,0,90,246
08/18/2022,SGR,TX,ASW,CE,Federal Contract Tower,0,15,52,0,67,0,1,55,0,56,0,16,107,0,123,86,0,86,209
08/19/2022,SGR,TX,ASW,CE,Federal Contract Tower,0,17,54,0,71,0,0,20,0,20,0,17,74,0,91,20,0,20,111
08/20/2022,SGR,TX,ASW,CE,Federal Contract Tower,0,15,32,0,47,0,22,69,0,91,0,37,101,0,138,78,0,78,216
08/21/2022,SGR,TX,ASW,CE,Federal Contract Tower,0,16,51,0,67,0,4,73,0,77,0,20,124,0,144,102,0,102,246
08/22/2022,SGR,TX,ASW,CE,Federal Contract Tower,0,20,33,0,53,0,6,58,0,64,0,26,91,0,117,108,0,108,225
08/23/2022,SGR,TX,ASW,CE,Federal Contract Tower,0,24,36,0,60,0,4,53,0,57,0,28,89,0,117,94,0,94,211
08/24/2022,SGR,TX,ASW,CE,Federal Contract Tower,0,22,33,0,55,0,0,21,0,21,0,22,54,0,76,8,2,10,86
08/25/2022,SGR,TX,ASW,CE,Federal Contract Tower,0,33,77,0,110,0,1,62,0,63,0,34,139,0,173,142,0,142,315
08/26/2022,SGR,TX,ASW,CE,Federal Contract Tower,0,24,42,0,66,0,2,73,0,75,0,26,115,0,141,150,0,150,291
08/27/2022,SGR,TX,ASW,CE,Federal Contract Tower,0,6,33,0,39,0,1,70,0,71,0,7,103,0,110,98,0,98,208
08/28/2022,SGR,TX,ASW,CE,Federal Contract Tower,0,18,42,0,60,0,0,99,0,99,0,18,141,0,159,158,0,158,317
08/29/2022,SGR,TX,ASW,CE,Federal Contract Tower,0,17,38,0,55,0,2,32,0,34,0,19,70,0,89,60,0,60,149
08/30/2022,SGR,TX,ASW,CE,Federal Contract Tower,0,13,47,0,60,0,11,40,0,51,0,24,87,0,111,4,0,4,115
08/31/2022,SGR,TX,ASW,CE,Federal Contract Tower,0,26,63,0,89,0,2,59,0,61,0,28,122,0,150,52,0,52,202
09/01/2022,SGR,TX,ASW,CE,Federal Contract Tower,0,22,78,0,100,0,2,65,0,67,0,24,143,0,167,134,0,134,301
09/02/2022,SGR,TX,ASW,CE,Federal Contract Tower,0,26,50,0,76,0,0,79,0,79,0,26,129,0,155,100,0,100,255
09/03/2022,SGR,TX,ASW,CE,Federal Contract Tower,0,12,19,0,31,0,0,51,0,51,0,12,70,0,82,70,0,70,152
09/04/2022,SGR,TX,ASW,CE,Federal Contract Tower,0,10,28,0,38,0,0,59,0,59,0,10,87,0,97,132,0,132,229
09/05/2022,SGR,TX,ASW,CE,Federal Contract Tower,0,16,41,0,57,0,0,74,0,74,0,16,115,0,131,48,0,48,179
09/06/2022,SGR,TX,ASW,CE,Federal Contract Tower,0,28,54,0,82,0,5,56,0,61,0,33,110,0,143,58,0,58,201
09/07/2022,SGR,TX,ASW,CE,Federal Contract Tower,0,18,69,0,87,0,1,64,0,65,0,19,133,0,152,62,0,62,214
09/08/2022,SGR,TX,ASW,CE,Federal Contract Tower,0,19,50,0,69,0,1,79,0,80,0,20,129,0,149,102,0,102,251
09/09/2022,SGR,TX,ASW,CE,Federal Contract Tower,0,22,65,0,87,0,0,84,0,84,0,22,149,0,171,84,0,84,255
09/10/2022,SGR,TX,ASW,CE,Federal Contract Tower,0,15,50,0,65,0,1,92,0,93,0,16,142,0,158,90,0,90,248
09/11/2022,SGR,TX,ASW,CE,Federal Contract Tower,0,16,47,0,63,0,0,81,0,81,0,16,128,0,144,90,0,90,234
09/12/2022,SGR,TX,ASW,CE,Federal Contract Tower,0,16,58,1,75,0,0,51,1,52,0,16,109,2,127,46,0,46,173
09/13/2022,SGR,TX,ASW,CE,Federal Contract Tower,0,12,45,0,57,0,0,0,0,0,0,12,45,0,57,38,0,38,95
09/14/2022,SGR,TX,ASW,CE,Federal Contract Tower,0,24,64,0,88,0,2,73,0,75,0,26,137,0,163,64,0,64,227
09/15/2022,SGR,TX,ASW,CE,Federal Contract Tower,0,16,76,0,92,0,2,87,0,89,0,18,163,0,181,122,0,122,303
09/16/2022,SGR,TX,ASW,CE,Federal Contract Tower,0,22,38,0,60,0,0,84,0,84,0,22,122,0,144,80,0,80,224
09/17/2022,SGR,TX,ASW,CE,Federal Contract Tower,0,9,30,0,39,0,0,87,0,87,0,9,117,0,126,120,0,120,246
09/18/2022,SGR,TX,ASW,CE,Federal Contract Tower,0,25,63,0,88,0,1,80,1,82,0,26,143,1,170,102,0,102,272
09/19/2022,SGR,TX,ASW,CE,Federal Contract Tower,0,23,52,0,75,0,3,37,0,40,0,26,89,0,115,22,0,22,137
09/20/2022,SGR,TX,ASW,CE,Federal Contract Tower,0,21,52,0,73,0,5,95,0,100,0,26,147,0,173,82,0,82,255
09/21/2022,SGR,TX,ASW,CE,Federal Contract Tower,0,30,56,0,86,0,7,72,0,79,0,37,128,0,165,64,0,64,229
09/22/2022,SGR,TX,ASW,CE,Federal Contract Tower,0,24,56,0,80,0,3,84,0,87,0,27,140,0,167,102,0,102,269
09/23/2022,SGR,TX,ASW,CE,Federal Contract Tower,0,29,50,1,80,0,0,82,0,82,0,29,132,1,162,112,0,112,274
09/24/2022,SGR,TX,ASW,CE,Federal Contract Tower,0,14,27,0,41,0,0,59,0,59,0,14,86,0,100,66,0,66,166
09/25/2022,SGR,TX,ASW,CE,Federal Contract Tower,0,44,64,0,108,0,2,72,0,74,0,46,136,0,182,86,0,86,268
09/26/2022,SGR,TX,ASW,CE,Federal Contract Tower,0,20,37,0,57,0,4,60,0,64,0,24,97,0,121,90,0,90,211
09/27/2022,SGR,TX,ASW,CE,Federal Contract Tower,0,30,59,0,89,0,3,84,0,87,0,33,143,0,176,54,0,54,230
09/28/2022,SGR,TX,ASW,CE,Federal Contract Tower,0,28,63,0,91,0,2,71,0,73,0,30,134,0,164,68,0,68,232
09/29/2022,SGR,TX,ASW,CE,Federal Contract Tower,0,25,65,0,90,0,0,114,0,114,0,25,179,0,204,98,0,98,302
09/30/2022,SGR,TX,ASW,CE,Federal Contract Tower,0,28,79,0,107,0,0,94,0,94,0,28,173,0,201,100,0,100,301
10/01/2022,SGR,TX,ASW,CE,Federal Contract Tower,0,18,27,0,45,0,0,88,0,88,0,18,115,0,133,84,0,84,217
10/02/2022,SGR,TX,ASW,CE,Federal Contract Tower,0,25,58,0,83,0,0,93,0,93,0,25,151,0,176,54,0,54,230
10/03/2022,SGR,TX,ASW,CE,Federal Contract Tower,0,35,34,0,69,0,3,59,0,62,0,38,93,0,131,66,0,66,197
10/04/2022,SGR,TX,ASW,CE,Federal Contract Tower,0,25,54,0,79,0,1,68,0,69,0,26,122,0,148,50,0,50,198
10/05/2022,SGR,TX,ASW,CE,Federal Contract Tower,0,21,54,0,75,0,3,61,0,64,0,24,115,0,139,48,0,48,187
10/06/2022,SGR,TX,ASW,CE,Federal Contract Tower,0,34,77,0,111,0,0,89,1,90,0,34,166,1,201,122,0,122,323
10/07/2022,SGR,TX,ASW,CE,Federal Contract Tower,0,39,51,0,90,0,0,73,0,73,0,39,124,0,163,102,0,102,265
10/08/2022,SGR,TX,ASW,CE,Federal Contract Tower,0,17,50,0,67,0,1,96,0,97,0,18,146,0,164,86,0,86,250
10/09/2022,SGR,TX,ASW,CE,Federal Contract Tower,0,34,61,0,95,0,1,77,0,78,0,35,138,0,173,106,0,106,279
10/10/2022,SGR,TX,ASW,CE,Federal Contract Tower,0,26,76,0,102,0,3,55,0,58,0,29,131,0,160,46,0,46,206
10/11/2022,SGR,TX,ASW,CE,Federal Contract Tower,0,15,65,0,80,0,2,68,0,70,0,17,133,0,150,70,0,70,220
10/12/2022,SGR,TX,ASW,CE,Federal Contract Tower,0,15,53,0,68,0,4,70,0,74,0,19,123,0,142,124,0,124,266
10/13/2022,SGR,TX,ASW,CE,Federal Contract Tower,0,21,70,0,91,0,2,60,0,62,0,23,130,0,153,70,0,70,223
10/14/2022,SGR,TX,ASW,CE,Federal Contract Tower,0,19,60,0,79,0,4,95,0,99,0,23,155,0,178,138,0,138,316
10/15/2022,SGR,TX,ASW,CE,Federal Contract Tower,0,16,35,0,51,0,0,81,0,81,0,16,116,0,132,126,0,126,258
10/16/2022,SGR,TX,ASW,CE,Federal Contract Tower,0,28,61,0,89,0,3,52,0,55,0,31,113,0,144,98,0,98,242
10/17/2022,SGR,TX,ASW,CE,Federal Contract Tower,0,14,77,0,91,0,0,24,0,24,0,14,101,0,115,14,0,14,129
10/18/2022,SGR,TX,ASW,CE,Federal Contract Tower,0,19,64,0,83,0,10,83,0,93,0,29,147,0,176,64,0,64,240
10/19/2022,SGR,TX,ASW,CE,Federal Contract Tower,0,24,57,0,81,0,4,78,0,82,0,28,135,0,163,104,0,104,267
10/20/2022,SGR,TX,ASW,CE,Federal Contract Tower,0,30,59,0,89,0,4,94,0,98,0,34,153,0,187,74,0,74,261
10/21/2022,SGR,TX,ASW,CE,Federal Contract Tower,0,41,44,0,85,0,3,64,0,67,0,44,108,0,152,86,0,86,238
10/22/2022,SGR,TX,ASW,CE,Federal Contract Tower,0,20,33,0,53,0,0,78,0,78,0,20,111,0,131,116,0,116,247
10/23/2022,SGR,TX,ASW,CE,Federal Contract Tower,0,28,70,0,98,0,0,65,0,65,0,28,135,0,163,48,0,48,211
10/24/2022,SGR,TX,ASW,CE,Federal Contract Tower,0,32,57,0,89,0,0,16,2,18,0,32,73,2,107,20,0,20,127
10/25/2022,SGR,TX,ASW,CE,Federal Contract Tower,0,17,50,0,67,0,2,38,0,40,0,19,88,0,107,14,0,14,121
10/26/2022,SGR,TX,ASW,CE,Federal Contract Tower,0,28,81,5,114,0,2,73,0,75,0,30,154,5,189,142,0,142,331
10/27/2022,SGR,TX,ASW,CE,Federal Contract Tower,0,25,58,1,84,0,3,90,1,94,0,28,148,2,178,108,0,108,286
10/28/2022,SGR,TX,ASW,CE,Federal Contract Tower,0,22,47,0,69,0,0,6,0,6,0,22,53,0,75,18,0,18,93
10/29/2022,SGR,TX,ASW,CE,Federal Contract Tower,0,16,53,0,69,0,0,66,0,66,0,16,119,0,135,150,0,150,285
10/30/2022,SGR,TX,ASW,CE,Federal Contract Tower,0,31,50,0,81,0,1,89,0,90,0,32,139,0,171,72,0,72,243
10/31/2022,SGR,TX,ASW,CE,Federal Contract Tower,0,8,25,0,33,0,4,88,0,92,0,12,113,0,125,144,0,144,269
11/01/2022,SGR,TX,ASW,CE,Federal Contract Tower,0,23,50,0,73,0,0,4,0,4,0,23,54,0,77,10,0,10,87
11/02/2022,SGR,TX,ASW,CE,Federal Contract Tower,0,25,59,0,84,0,0,73,0,73,0,25,132,0,157,144,0,144,301
11/03/2022,SGR,TX,ASW,CE,Federal Contract Tower,0,30,60,2,92,0,1,35,0,36,0,31,95,2,128,58,0,58,186
11/04/2022,SGR,TX,ASW,CE,Federal Contract Tower,0,42,53,0,95,0,1,20,0,21,0,43,73,0,116,22,0,22,138
11/05/2022,SGR,TX,ASW,CE,Federal Contract Tower,0,15,33,0,48,0,0,110,0,110,0,15,143,0,158,168,0,168,326
11/06/2022,SGR,TX,ASW,CE,Federal Contract Tower,0,32,58,0,90,0,0,55,0,55,0,32,113,0,145,120,0,120,265
11/07/2022,SGR,TX,ASW,CE,Federal Contract Tower,0,25,65,0,90,0,0,50,0,50,0,25,115,0,140,90,0,90,230
11/08/2022,SGR,TX,ASW,CE,Federal Contract Tower,0,21,73,0,94,0,2,66,0,68,0,23,139,0,162,102,0,102,264
11/09/2022,SGR,TX,ASW,CE,Federal Contract Tower,0,37,67,0,104,0,3,63,0,66,0,40,130,0,170,100,0,100,270
11/10/2022,SGR,TX,ASW,CE,Federal Contract Tower,0,28,70,0,98,0,6,78,0,84,0,34,148,0,182,168,0,168,350
11/11/2022,SGR,TX,ASW,CE,Federal Contract Tower,0,20,36,0,56,0,0,49,0,49,0,20,85,0,105,60,0,60,165
11/12/2022,SGR,TX,ASW,CE,Federal Contract Tower,0,20,18,0,38,0,10,83,0,93,0,30,101,0,131,74,0,74,205
11/13/2022,SGR,TX,ASW,CE,Federal Contract Tower,0,42,52,0,94,0,0,94,0,94,0,42,146,0,188,130,0,130,318
11/14/2022,SGR,TX,ASW,CE,Federal Contract Tower,0,25,35,0,60,0,0,11,0,11,0,25,46,0,71,36,0,36,107
11/15/2022,SGR,TX,ASW,CE,Federal Contract Tower,0,57,51,0,108,0,11,59,0,70,0,68,110,0,178,86,0,86,264
11/16/2022,SGR,TX,ASW,CE,Federal Contract Tower,0,18,57,0,75,0,5,85,0,90,0,23,142,0,165,166,0,166,331
11/17/2022,SGR,TX,ASW,CE,Federal Contract Tower,0,28,59,0,87,0,0,95,0,95,0,28,154,0,182,176,0,176,358
11/18/2022,SGR,TX,ASW,CE,Federal Contract Tower,0,35,73,0,108,0,0,70,0,70,0,35,143,0,178,138,0,138,316
11/19/2022,SGR,TX,ASW,CE,Federal Contract Tower,0,21,22,1,44,0,0,0,0,0,0,21,22,1,44,0,0,0,44
11/20/2022,SGR,TX,ASW,CE,Federal Contract Tower,0,25,43,0,68,0,0,79,3,82,0,25,122,3,150,118,0,118,268
11/21/2022,SGR,TX,ASW,CE,Federal Contract Tower,0,14,44,0,58,0,0,2,0,2,0,14,46,0,60,0,0,0,60
11/22/2022,SGR,TX,ASW,CE,Federal Contract Tower,0,12,67,0,79,0,3,75,0,78,0,15,142,0,157,122,0,122,279
11/23/2022,SGR,TX,ASW,CE,Federal Contract Tower,0,27,53,0,80,0,1,69,0,70,0,28,122,0,150,106,0,106,256
11/24/2022,SGR,TX,ASW,CE,Federal Contract Tower,0,5,5,0,10,0,0,0,0,0,0,5,5,0,10,0,0,0,10
11/25/2022,SGR,TX,ASW,CE,Federal Contract Tower,0,10,24,0,34,0,0,0,0,0,0,10,24,0,34,0,0,0,34
11/26/2022,SGR,TX,ASW,CE,Federal Contract Tower,0,35,25,0,60,0,0,38,0,38,0,35,63,0,98,54,0,54,152
11/27/2022,SGR,TX,ASW,CE,Federal Contract Tower,0,25,60,0,85,0,0,88,0,88,0,25,148,0,173,74,0,74,247
11/28/2022,SGR,TX,ASW,CE,Federal Contract Tower,0,22,59,0,81,0,15,78,0,93,0,37,137,0,174,126,0,126,300
11/29/2022,SGR,TX,ASW,CE,Federal Contract Tower,0,24,45,0,69,0,0,7,0,7,0,24,52,0,76,6,0,6,82
11/30/2022,SGR,TX,ASW,CE,Federal Contract Tower,0,21,65,0,86,0,4,69,0,73,0,25,134,0,159,66,0,66,225
12/01/2022,SGR,TX,ASW,CE,Federal Contract Tower,0,27,71,0,98,0,4,79,0,83,0,31,150,0,181,172,0,172,353
12/02/2022,SGR,TX,ASW,CE,Federal Contract Tower,0,24,36,0,60,0,0,22,0,22,0,24,58,0,82,56,0,56,138
12/03/2022,SGR,TX,ASW,CE,Federal Contract Tower,0,21,45,0,66,0,0,31,0,31,0,21,76,0,97,76,0,76,173
12/04/2022,SGR,TX,ASW,CE,Federal Contract Tower,0,24,67,0,91,0,0,44,0,44,0,24,111,0,135,70,0,70,205
12/05/2022,SGR,TX,ASW,CE,Federal Contract Tower,0,18,64,2,84,0,0,27,0,27,0,18,91,2,111,20,0,20,131
12/06/2022,SGR,TX,ASW,CE,Federal Contract Tower,0,23,82,0,105,0,3,66,0,69,0,26,148,0,174,36,0,36,210
12/07/2022,SGR,TX,ASW,CE,Federal Contract Tower,0,22,65,2,89,0,4,46,0,50,0,26,111,2,139,80,0,80,219
12/08/2022,SGR,TX,ASW,CE,Federal Contract Tower,0,24,77,0,101,0,3,45,0,48,0,27,122,0,149,72,0,72,221
12/09/2022,SGR,TX,ASW,CE,Federal Contract Tower,0,23,63,0,86,0,0,45,0,45,0,23,108,0,131,98,0,98,229
12/10/2022,SGR,TX,ASW,CE,Federal Contract Tower,0,20,34,0,54,0,0,47,0,47,0,20,81,0,101,152,0,152,253
12/11/2022,SGR,TX,ASW,CE,Federal Contract Tower,0,28,48,0,76,0,0,37,0,37,0,28,85,0,113,48,0,48,161
12/12/2022,SGR,TX,ASW,CE,Federal Contract Tower,0,25,57,0,82,0,0,7,0,7,0,25,64,0,89,0,0,0,89
12/13/2022,SGR,TX,ASW,CE,Federal Contract Tower,0,17,37,0,54,0,2,12,0,14,0,19,49,0,68,26,0,26,94
12/14/2022,SGR,TX,ASW,CE,Federal Contract Tower,0,29,68,0,97,0,2,81,0,83,0,31,149,0,180,86,0,86,266
12/15/2022,SGR,TX,ASW,CE,Federal Contract Tower,0,28,58,0,86,0,3,101,0,104,0,31,159,0,190,184,0,184,374
12/16/2022,SGR,TX,ASW,CE,Federal Contract Tower,0,31,62,0,93,0,0,82,0,82,0,31,144,0,175,90,0,90,265
12/17/2022,SGR,TX,ASW,CE,Federal Contract Tower,0,16,44,0,60,0,0,87,0,87,0,16,131,0,147,172,0,172,319
12/18/2022,SGR,TX,ASW,CE,Federal Contract Tower,0,25,55,0,80,0,0,70,0,70,0,25,125,0,150,76,0,76,226
12/19/2022,SGR,TX,ASW,CE,Federal Contract Tower,0,13,28,0,41,0,0,2,0,2,0,13,30,0,43,4,0,4,47
12/20/2022,SGR,TX,ASW,CE,Federal Contract Tower,0,16,51,1,68,0,2,15,0,17,0,18,66,1,85,38,0,38,123
12/21/2022,SGR,TX,ASW,CE,Federal Contract Tower,0,15,57,0,72,0,1,47,0,48,0,16,104,0,120,80,0,80,200
12/22/2022,SGR,TX,ASW,CE,Federal Contract Tower,0,15,32,0,47,0,2,9,0,11,0,17,41,0,58,16,0,16,74
12/23/2022,SGR,TX,ASW,CE,Federal Contract Tower,0,14,20,0,34,0,0,35,0,35,0,14,55,0,69,38,0,38,107
12/24/2022,SGR,TX,ASW,CE,Federal Contract Tower,0,7,8,0,15,0,0,54,0,54,0,7,62,0,69,112,0,112,181
12/25/2022,SGR,TX,ASW,CE,Federal Contract Tower,0,24,8,0,32,0,2,16,0,18,0,26,24,0,50,0,0,0,50
12/26/2022,SGR,TX,ASW,CE,Federal Contract Tower,0,30,72,0,102,0,0,54,0,54,0,30,126,0,156,42,0,42,198
12/27/2022,SGR,TX,ASW,CE,Federal Contract Tower,0,28,66,0,94,0,5,77,0,82,0,33,143,0,176,88,0,88,264
12/28/2022,SGR,TX,ASW,CE,Federal Contract Tower,0,15,57,0,72,0,1,45,0,46,0,16,102,0,118,26,0,26,144
12/29/2022,SGR,TX,ASW,CE,Federal Contract Tower,0,22,43,0,65,0,0,18,0,18,0,22,61,0,83,52,0,52,135
12/30/2022,SGR,TX,ASW,CE,Federal Contract Tower,0,12,48,0,60,0,0,40,0,40,0,12,88,0,100,60,0,60,160
12/31/2022,SGR,TX,ASW,CE,Federal Contract Tower,0,8,14,0,22,0,0,49,0,49,0,8,63,0,71,44,0,44,115
01/01/2023,SGR,TX,ASW,CE,Federal Contract Tower,0,19,24,0,43,0,0,18,0,18,0,19,42,0,61,28,0,28,89
01/02/2023,SGR,TX,ASW,CE,Federal Contract Tower,0,15,36,0,51,0,0,3,0,3,0,15,39,0,54,4,0,4,58
01/03/2023,SGR,TX,ASW,CE,Federal Contract Tower,0,24,63,0,87,0,2,65,0,67,0,26,128,0,154,92,0,92,246
01/04/2023,SGR,TX,ASW,CE,Federal Contract Tower,0,23,50,0,73,0,8,72,0,80,0,31,122,0,153,110,0,110,263
01/05/2023,SGR,TX,ASW,CE,Federal Contract Tower,0,7,40,0,47,0,7,90,0,97,0,14,130,0,144,128,0,128,272
01/06/2023,SGR,TX,ASW,CE,Federal Contract Tower,0,17,40,0,57,0,0,75,0,75,0,17,115,0,132,84,0,84,216
01/07/2023,SGR,TX,ASW,CE,Federal Contract Tower,0,12,33,0,45,0,0,57,0,57,0,12,90,0,102,146,0,146,248
01/08/2023,SGR,TX,ASW,CE,Federal Contract Tower,0,20,40,0,60,0,1,88,1,90,0,21,128,1,150,100,6,106,256
01/09/2023,SGR,TX,ASW,CE,Federal Contract Tower,0,20,38,0,58,0,6,81,0,87,0,26,119,0,145,128,0,128,273
01/10/2023,SGR,TX,ASW,CE,Federal Contract Tower,0,10,60,0,70,0,3,39,0,42,0,13,99,0,112,48,0,48,160
01/11/2023,SGR,TX,ASW,CE,Federal Contract Tower,0,29,81,0,110,0,4,28,0,32,0,33,109,0,142,36,0,36,178
01/12/2023,SGR,TX,ASW,CE,Federal Contract Tower,0,26,63,0,89,0,0,56,0,56,0,26,119,0,145,76,0,76,221
01/13/2023,SGR,TX,ASW,CE,Federal Contract Tower,0,24,50,0,74,0,2,100,0,102,0,26,150,0,176,126,0,126,302
01/14/2023,SGR,TX,ASW,CE,Federal Contract Tower,0,14,28,0,42,0,1,105,0,106,0,15,133,0,148,182,0,182,330
01/15/2023,SGR,TX,ASW,CE,Federal Contract Tower,0,11,40,0,51,0,0,65,0,65,0,11,105,0,116,94,0,94,210
01/16/2023,SGR,TX,ASW,CE,Federal Contract Tower,0,19,51,0,70,0,0,36,0,36,0,19,87,0,106,88,0,88,194
01/17/2023,SGR,TX,ASW,CE,Federal Contract Tower,0,24,46,0,70,0,4,44,0,48,0,28,90,0,118,62,0,62,180
01/18/2023,SGR,TX,ASW,CE,Federal Contract Tower,0,31,65,0,96,0,5,46,0,51,0,36,111,0,147,96,0,96,243
01/19/2023,SGR,TX,ASW,CE,Federal Contract Tower,0,22,63,0,85,0,2,113,0,115,0,24,176,0,200,114,0,114,314
01/20/2023,SGR,TX,ASW,CE,Federal Contract Tower,0,15,43,0,58,0,4,57,0,61,0,19,100,0,119,0,108,108,227
01/21/2023,SGR,TX,ASW,CE,Federal Contract Tower,0,7,18,0,25,0,0,11,0,11,0,7,29,0,36,60,0,60,96
01/22/2023,SGR,TX,ASW,CE,Federal Contract Tower,0,17,37,0,54,0,5,102,0,107,0,22,139,0,161,92,0,92,253
01/23/2023,SGR,TX,ASW,CE,Federal Contract Tower,0,26,46,0,72,0,6,88,0,94,0,32,134,0,166,112,0,112,278
01/24/2023,SGR,TX,ASW,CE,Federal Contract Tower,0,11,33,0,44,0,0,2,0,2,0,11,35,0,46,2,0,2,48
01/25/2023,SGR,TX,ASW,CE,Federal Contract Tower,0,22,68,0,90,0,2,65,0,67,0,24,133,0,157,108,0,108,265
01/26/2023,SGR,TX,ASW,CE,Federal Contract Tower,0,20,61,0,81,0,7,102,0,109,0,27,163,0,190,122,0,122,312
01/27/2023,SGR,TX,ASW,CE,Federal Contract Tower,0,21,66,0,87,0,0,75,0,75,0,21,141,0,162,128,0,128,290
01/28/2023,SGR,TX,ASW,CE,Federal Contract Tower,0,19,24,1,44,0,2,5,0,7,0,21,29,1,51,12,0,12,63
01/29/2023,SGR,TX,ASW,CE,Federal Contract Tower,0,26,33,0,59,0,0,8,0,8,0,26,41,0,67,18,0,18,85
01/30/2023,SGR,TX,ASW,CE,Federal Contract Tower,0,13,44,0,57,0,0,0,0,0,0,13,44,0,57,0,0,0,57
01/31/2023,SGR,TX,ASW,CE,Federal Contract Tower,0,13,35,0,48,0,0,0,0,0,0,13,35,0,48,0,0,0,48
02/01/2023,SGR,TX,ASW,CE,Federal Contract Tower,0,11,27,0,38,0,0,0,0,0,0,11,27,0,38,0,0,0,38
02/02/2023,SGR,TX,ASW,CE,Federal Contract Tower,0,25,51,0,76,0,0,0,0,0,0,25,51,0,76,0,0,0,76
02/03/2023,SGR,TX,ASW,CE,Federal Contract Tower,0,21,81,0,102,0,7,90,0,97,0,28,171,0,199,104,0,104,303
02/04/2023,SGR,TX,ASW,CE,Federal Contract Tower,0,7,35,0,42,0,1,92,0,93,0,8,127,0,135,192,0,192,327
02/05/2023,SGR,TX,ASW,CE,Federal Contract Tower,0,10,43,0,53,0,0,112,1,113,0,10,155,1,166,136,0,136,302
02/06/2023,SGR,TX,ASW,CE,Federal Contract Tower,0,26,60,0,86,0,7,89,0,96,0,33,149,0,182,108,0,108,290
02/07/2023,SGR,TX,ASW,CE,Federal Contract Tower,0,22,53,0,75,0,1,54,0,55,0,23,107,0,130,82,0,82,212
02/08/2023,SGR,TX,ASW,CE,Federal Contract Tower,0,27,59,0,86,0,3,10,0,13,0,30,69,0,99,66,0,66,165
02/09/2023,SGR,TX,ASW,CE,Federal Contract Tower,0,23,75,0,98,0,4,113,0,117,0,27,188,0,215,186,0,186,401
02/10/2023,SGR,TX,ASW,CE,Federal Contract Tower,0,22,76,3,101,0,0,93,0,93,0,22,169,3,194,124,0,124,318
02/11/2023,SGR,TX,ASW,CE,Federal Contract Tower,0,8,42,0,50,0,0,123,0,123,0,8,165,0,173,140,0,140,313
02/12/2023,SGR,TX,ASW,CE,Federal Contract Tower,0,16,38,0,54,0,0,86,0,86,0,16,124,0,140,104,0,104,244
02/13/2023,SGR,TX,ASW,CE,Federal Contract Tower,0,21,56,0,77,0,6,83,0,89,0,27,139,0,166,132,0,132,298
02/14/2023,SGR,TX,ASW,CE,Federal Contract Tower,0,10,39,0,49,0,2,37,0,39,0,12,76,0,88,46,0,46,134
02/16/2023,SGR,TX,ASW,CE,Federal Contract Tower,0,21,56,0,77,0,0,21,0,21,0,21,77,0,98,4,0,4,102
02/17/2023,SGR,TX,ASW,CE,Federal Contract Tower,0,41,82,0,123,0,3,101,2,106,0,44,183,2,229,112,0,112,341
02/18/2023,SGR,TX,ASW,CE,Federal Contract Tower,0,10,43,0,53,0,1,109,0,110,0,11,152,0,163,190,0,190,353
02/19/2023,SGR,TX,ASW,CE,Federal Contract Tower,0,20,50,0,70,0,1,88,0,89,0,21,138,0,159,142,0,142,301
02/20/2023,SGR,TX,ASW,CE,Federal Contract Tower,0,27,80,0,107,0,6,14,0,20,0,33,94,0,127,20,0,20,147
02/21/2023,SGR,TX,ASW,CE,Federal Contract Tower,0,20,58,1,79,0,2,20,0,22,0,22,78,1,101,40,0,40,141
02/22/2023,SGR,TX,ASW,CE,Federal Contract Tower,0,37,73,0,110,0,6,35,1,42,0,43,108,1,152,46,0,46,198
02/23/2023,SGR,TX,ASW,CE,Federal Contract Tower,0,19,54,0,73,0,5,58,1,64,0,24,112,1,137,124,0,124,261
02/24/2023,SGR,TX,ASW,CE,Federal Contract Tower,0,26,54,0,80,0,1,49,0,50,0,27,103,0,130,158,0,158,288
02/25/2023,SGR,TX,ASW,CE,Federal Contract Tower,0,16,45,0,61,0,0,67,0,67,0,16,112,0,128,156,0,156,284
02/26/2023,SGR,TX,ASW,CE,Federal Contract Tower,0,36,34,0,70,0,0,34,0,34,0,36,68,0,104,14,0,14,118
02/27/2023,SGR,TX,ASW,CE,Federal Contract Tower,0,23,72,0,95,0,3,90,0,93,0,26,162,0,188,112,0,112,300
02/28/2023,SGR,TX,ASW,CE,Federal Contract Tower,0,14,76,5,95,0,3,76,0,79,0,17,152,5,174,114,0,114,288
03/01/2023,SGR,TX,ASW,CE,Federal Contract Tower,0,14,75,0,89,0,3,45,0,48,0,17,120,0,137,14,0,14,151
03/02/2023,SGR,TX,ASW,CE,Federal Contract Tower,0,24,35,0,59,0,2,8,0,10,0,26,43,0,69,0,0,0,69
03/03/2023,SGR,TX,ASW,CE,Federal Contract Tower,0,21,52,0,73,0,3,91,0,94,0,24,143,0,167,98,0,98,265
03/04/2023,SGR,TX,ASW,CE,Federal Contract Tower,0,20,26,2,48,0,4,103,0,107,0,24,129,2,155,182,0,182,337
03/05/2023,SGR,TX,ASW,CE,Federal Contract Tower,0,26,52,0,78,0,0,95,0,95,0,26,147,0,173,136,0,136,309
03/06/2023,SGR,TX,ASW,CE,Federal Contract Tower,0,19,64,0,83,0,2,46,0,48,0,21,110,0,131,100,0,100,231
03/07/2023,SGR,TX,ASW,CE,Federal Contract Tower,0,23,69,0,92,0,4,59,0,63,0,27,128,0,155,58,0,58,213
03/08/2023,SGR,TX,ASW,CE,Federal Contract Tower,23,0,60,2,85,0,4,54,0,58,23,4,114,2,143,66,0,66,209
03/09/2023,SGR,TX,ASW,CE,Federal Contract Tower,0,21,80,0,101,0,0,75,0,75,0,21,155,0,176,88,0,88,264
03/10/2023,SGR,TX,ASW,CE,Federal Contract Tower,0,23,51,0,74,0,0,57,0,57,0,23,108,0,131,52,0,52,183
03/11/2023,SGR,TX,ASW,CE,Federal Contract Tower,0,34,44,0,78,0,0,53,0,53,0,34,97,0,131,62,0,62,193
03/12/2023,SGR,TX,ASW,CE,Federal Contract Tower,0,19,42,0,61,0,2,45,0,47,0,21,87,0,108,52,0,52,160
03/13/2023,SGR,TX,ASW,CE,Federal Contract Tower,0,24,44,2,70,0,3,69,0,72,0,27,113,2,142,66,0,66,208
03/14/2023,SGR,TX,ASW,CE,Federal Contract Tower,0,8,48,2,58,0,1,63,0,64,0,9,111,2,122,118,0,118,240
03/15/2023,SGR,TX,ASW,CE,Federal Contract Tower,0,15,52,0,67,0,0,92,0,92,0,15,144,0,159,134,0,134,293
03/16/2023,SGR,TX,ASW,CE,Federal Contract Tower,0,22,55,0,77,0,0,16,0,16,0,22,71,0,93,42,0,42,135
03/17/2023,SGR,TX,ASW,CE,Federal Contract Tower,0,21,41,0,62,0,1,43,0,44,0,22,84,0,106,30,0,30,136
03/18/2023,SGR,TX,ASW,CE,Federal Contract Tower,0,24,49,0,73,0,2,81,0,83,0,26,130,0,156,180,0,180,336
03/19/2023,SGR,TX,ASW,CE,Federal Contract Tower,0,35,70,0,105,0,7,86,0,93,0,42,156,0,198,126,0,126,324
03/20/2023,SGR,TX,ASW,CE,Federal Contract Tower,0,17,46,0,63,0,5,102,0,107,0,22,148,0,170,146,0,146,316
03/21/2023,SGR,TX,ASW,CE,Federal Contract Tower,0,20,68,0,88,0,1,33,0,34,0,21,101,0,122,38,0,38,160
03/22/2023,SGR,TX,ASW,CE,Federal Contract Tower,0,22,61,0,83,0,2,51,0,53,0,24,112,0,136,78,0,78,214
03/23/2023,SGR,TX,ASW,CE,Federal Contract Tower,0,32,78,0,110,0,2,47,0,49,0,34,125,0,159,112,0,112,271
03/24/2023,SGR,TX,ASW,CE,Federal Contract Tower,0,26,47,0,73,0,2,17,0,19,0,28,64,0,92,32,0,32,124
03/25/2023,SGR,TX,ASW,CE,Federal Contract Tower,0,10,42,0,52,0,0,113,0,113,0,10,155,0,165,142,0,142,307
03/26/2023,SGR,TX,ASW,CE,Federal Contract Tower,0,21,39,0,60,0,0,9,0,9,0,21,48,0,69,22,0,22,91
03/27/2023,SGR,TX,ASW,CE,Federal Contract Tower,0,25,77,0,102,0,0,10,0,10,0,25,87,0,112,0,0,0,112
03/28/2023,SGR,TX,ASW,CE,Federal Contract Tower,0,27,61,0,88,0,0,0,0,0,0,27,61,0,88,62,0,62,150
03/29/2023,SGR,TX,ASW,CE,Federal Contract Tower,0,38,69,0,107,0,5,92,0,97,0,43,161,0,204,100,0,100,304
03/30/2023,SGR,TX,ASW,CE,Federal Contract Tower,0,24,57,0,81,0,1,2,0,3,0,25,59,0,84,8,0,8,92
03/31/2023,SGR,TX,ASW,CE,Federal Contract Tower,0,21,75,0,96,0,0,44,0,44,0,21,119,0,140,62,0,62,202
04/01/2023,SGR,TX,ASW,CE,Federal Contract Tower,0,12,59,4,75,0,1,103,0,104,0,13,162,4,179,152,0,152,331
04/02/2023,SGR,TX,ASW,CE,Federal Contract Tower,0,28,88,0,116,0,0,26,0,26,0,28,114,0,142,14,0,14,156
04/03/2023,SGR,TX,ASW,CE,Federal Contract Tower,0,15,62,0,77,0,2,71,0,73,0,17,133,0,150,114,0,114,264
04/04/2023,SGR,TX,ASW,CE,Federal Contract Tower,0,39,62,0,101,0,7,27,0,34,0,46,89,0,135,30,0,30,165
04/05/2023,SGR,TX,ASW,CE,Federal Contract Tower,0,41,99,0,140,0,5,7,0,12,0,46,106,0,152,22,0,22,174
04/06/2023,SGR,TX,ASW,CE,Federal Contract Tower,0,32,32,0,64,0,3,0,0,3,0,35,32,0,67,0,0,0,67
04/07/2023,SGR,TX,ASW,CE,Federal Contract Tower,0,21,41,0,62,0,0,0,0,0,0,21,41,0,62,0,0,0,62
04/08/2023,SGR,TX,ASW,CE,Federal Contract Tower,0,12,43,0,55,0,1,6,0,7,0,13,49,0,62,24,0,24,86
04/09/2023,SGR,TX,ASW,CE,Federal Contract Tower,0,19,32,0,51,0,6,20,0,26,0,25,52,0,77,4,0,4,81
04/10/2023,SGR,TX,ASW,CE,Federal Contract Tower,0,33,73,0,106,0,3,100,0,103,0,36,173,0,209,96,0,96,305
04/11/2023,SGR,TX,ASW,CE,Federal Contract Tower,0,14,43,0,57,0,6,78,0,84,0,20,121,0,141,110,0,110,251
04/12/2023,SGR,TX,ASW,CE,Federal Contract Tower,0,17,91,0,108,0,2,68,0,70,0,19,159,0,178,110,0,110,288
04/13/2023,SGR,TX,ASW,CE,Federal Contract Tower,0,31,60,0,91,0,2,118,0,120,0,33,178,0,211,134,0,134,345
04/14/2023,SGR,TX,ASW,CE,Federal Contract Tower,0,26,63,0,89,0,0,46,0,46,0,26,109,0,135,130,0,130,265
04/15/2023,SGR,TX,ASW,CE,Federal Contract Tower,0,19,29,0,48,0,2,59,0,61,0,21,88,0,109,162,0,162,271
04/16/2023,SGR,TX,ASW,CE,Federal Contract Tower,0,31,47,0,78,0,0,95,0,95,0,31,142,0,173,138,0,138,311
04/17/2023,SGR,TX,ASW,CE,Federal Contract Tower,0,14,46,0,60,0,2,96,0,98,0,16,142,0,158,126,0,126,284
04/18/2023,SGR,TX,ASW,CE,Federal Contract Tower,0,17,59,0,76,0,0,59,0,59,0,17,118,0,135,68,0,68,203
04/19/2023,SGR,TX,ASW,CE,Federal Contract Tower,0,37,90,0,127,0,0,67,0,67,0,37,157,0,194,96,0,96,290
04/20/2023,SGR,TX,ASW,CE,Federal Contract Tower,0,30,78,0,108,0,0,27,0,27,0,30,105,0,135,84,0,84,219
04/21/2023,SGR,TX,ASW,CE,Federal Contract Tower,0,22,60,0,82,0,0,92,0,92,0,22,152,0,174,162,0,162,336
04/22/2023,SGR,TX,ASW,CE,Federal Contract Tower,0,19,33,0,52,0,0,112,0,112,0,19,145,0,164,122,0,122,286
04/23/2023,SGR,TX,ASW,CE,Federal Contract Tower,0,28,37,0,65,0,0,21,0,21,0,28,58,0,86,18,0,18,104
04/24/2023,SGR,TX,ASW,CE,Federal Contract Tower,0,26,66,0,92,0,0,92,0,92,0,26,158,0,184,176,0,176,360
04/25/2023,SGR,TX,ASW,CE,Federal Contract Tower,0,18,65,0,83,0,0,76,0,76,0,18,141,0,159,116,0,116,275
04/26/2023,SGR,TX,ASW,CE,Federal Contract Tower,0,24,79,0,103,0,2,33,0,35,0,26,112,0,138,108,0,108,246
04/27/2023,SGR,TX,ASW,CE,Federal Contract Tower,0,25,76,0,101,0,1,31,0,32,0,26,107,0,133,50,0,50,183
04/28/2023,SGR,TX,ASW,CE,Federal Contract Tower,0,17,48,0,65,0,0,72,0,72,0,17,120,0,137,84,0,84,221
04/29/2023,SGR,TX,ASW,CE,Federal Contract Tower,0,12,31,0,43,0,0,23,0,23,0,12,54,0,66,32,0,32,98
04/30/2023,SGR,TX,ASW,CE,Federal Contract Tower,0,13,47,0,60,0,0,111,0,111,0,13,158,0,171,132,0,132,303
05/01/2023,SGR,TX,ASW,CE,Federal Contract Tower,0,15,42,0,57,0,1,112,0,113,0,16,154,0,170,112,0,112,282
05/02/2023,SGR,TX,ASW,CE,Federal Contract Tower,0,18,79,0,97,0,4,79,0,83,0,22,158,0,180,110,0,110,290
05/03/2023,SGR,TX,ASW,CE,Federal Contract Tower,0,21,72,0,93,0,0,102,0,102,0,21,174,0,195,142,0,142,337
05/04/2023,SGR,TX,ASW,CE,Federal Contract Tower,0,23,72,0,95,0,0,49,0,49,0,23,121,0,144,136,0,136,280
05/05/2023,SGR,TX,ASW,CE,Federal Contract Tower,0,21,71,0,92,0,0,45,0,45,0,21,116,0,137,96,0,96,233
05/06/2023,SGR,TX,ASW,CE,Federal Contract Tower,0,13,32,0,45,0,0,60,0,60,0,13,92,0,105,116,0,116,221
05/07/2023,SGR,TX,ASW,CE,Federal Contract Tower,0,15,52,0,67,0,0,10,0,10,0,15,62,0,77,2,0,2,79
05/08/2023,SGR,TX,ASW,CE,Federal Contract Tower,0,20,66,0,86,0,0,24,0,24,0,20,90,0,110,78,0,78,188
05/09/2023,SGR,TX,ASW,CE,Federal Contract Tower,0,12,48,0,60,0,2,7,0,9,0,14,55,0,69,14,0,14,83
05/10/2023,SGR,TX,ASW,CE,Federal Contract Tower,0,21,49,0,70,0,1,9,0,10,0,22,58,0,80,4,0,4,84
05/11/2023,SGR,TX,ASW,CE,Federal Contract Tower,0,10,52,0,62,0,0,39,0,39,0,10,91,0,101,104,0,104,205
05/12/2023,SGR,TX,ASW,CE,Federal Contract Tower,0,27,49,0,76,0,1,59,0,60,0,28,108,0,136,99,0,99,235
05/13/2023,SGR,TX,ASW,CE,Federal Contract Tower,0,16,19,0,35,0,0,9,0,9,0,16,28,0,44,32,0,32,76
05/14/2023,SGR,TX,ASW,CE,Federal Contract Tower,0,26,31,0,57,0,0,20,0,20,0,26,51,0,77,22,0,22,99
05/15/2023,SGR,TX,ASW,CE,Federal Contract Tower,0,18,57,2,77,0,2,67,0,69,0,20,124,2,146,112,0,112,258
05/16/2023,SGR,TX,ASW,CE,Federal Contract Tower,0,11,62,0,73,0,3,80,1,84,0,14,142,1,157,112,0,112,269
05/17/2023,SGR,TX,ASW,CE,Federal Contract Tower,0,31,82,0,113,0,0,106,0,106,0,31,188,0,219,124,0,124,343
05/18/2023,SGR,TX,ASW,CE,Federal Contract Tower,0,19,66,0,85,0,7,111,0,118,0,26,177,0,203,130,0,130,333
05/19/2023,SGR,TX,ASW,CE,Federal Contract Tower,0,18,46,0,64,0,2,116,0,118,0,20,162,0,182,186,0,186,368
05/20/2023,SGR,TX,ASW,CE,Federal Contract Tower,0,22,45,0,67,0,0,104,0,104,0,22,149,0,171,176,0,176,347
05/21/2023,SGR,TX,ASW,CE,Federal Contract Tower,0,12,59,0,71,0,0,77,0,77,0,12,136,0,148,138,0,138,286
05/22/2023,SGR,TX,ASW,CE,Federal Contract Tower,0,28,50,0,78,0,2,94,0,96,0,30,144,0,174,136,0,136,310
05/23/2023,SGR,TX,ASW,CE,Federal Contract Tower,0,27,67,2,96,0,6,110,0,116,0,33,177,2,212,144,0,144,356
05/24/2023,SGR,TX,ASW,CE,Federal Contract Tower,0,22,67,0,89,0,6,68,0,74,0,28,135,0,163,48,0,48,211
05/25/2023,SGR,TX,ASW,CE,Federal Contract Tower,0,23,74,0,97,0,6,103,0,109,0,29,177,0,206,150,0,150,356
05/26/2023,SGR,TX,ASW,CE,Federal Contract Tower,0,29,69,0,98,0,4,114,0,118,0,33,183,0,216,120,0,120,336
05/27/2023,SGR,TX,ASW,CE,Federal Contract Tower,0,13,24,0,37,0,2,69,0,71,0,15,93,0,108,122,0,122,230
05/28/2023,SGR,TX,ASW,CE,Federal Contract Tower,0,13,29,0,42,0,0,78,0,78,0,13,107,0,120,102,0,102,222
05/29/2023,SGR,TX,ASW,CE,Federal Contract Tower,0,22,35,0,57,0,0,52,0,52,0,22,87,0,109,136,0,136,245
05/30/2023,SGR,TX,ASW,CE,Federal Contract Tower,0,31,45,0,76,0,4,83,0,87,0,35,128,0,163,148,0,148,311
05/31/2023,SGR,TX,ASW,CE,Federal Contract Tower,0,27,44,0,71,0,2,100,0,102,0,29,144,0,173,178,0,178,351
06/01/2023,SGR,TX,ASW,CE,Federal Contract Tower,0,24,55,0,79,0,5,128,0,133,0,29,183,0,212,220,0,220,432
06/02/2023,SGR,TX,ASW,CE,Federal Contract Tower,0,16,47,1,64,0,1,97,0,98,0,17,144,1,162,104,0,104,266
06/03/2023,SGR,TX,ASW,CE,Federal Contract Tower,0,22,19,1,42,0,0,112,0,112,0,22,131,1,154,174,0,174,328
06/04/2023,SGR,TX,ASW,CE,Federal Contract Tower,0,17,35,0,52,0,0,76,0,76,0,17,111,0,128,146,0,146,274
06/05/2023,SGR,TX,ASW,CE,Federal Contract Tower,0,25,40,0,65,0,4,40,0,44,0,29,80,0,109,82,0,82,191
06/06/2023,SGR,TX,ASW,CE,Federal Contract Tower,0,16,55,0,71,0,0,56,0,56,0,16,111,0,127,52,0,52,179
06/07/2023,SGR,TX,ASW,CE,Federal Contract Tower,0,29,70,0,99,0,1,123,0,124,0,30,193,0,223,230,0,230,453
06/08/2023,SGR,TX,ASW,CE,Federal Contract Tower,0,31,76,0,107,0,2,105,0,107,0,33,181,0,214,182,0,182,396
06/09/2023,SGR,TX,ASW,CE,Federal Contract Tower,0,24,49,0,73,0,1,88,0,89,0,25,137,0,162,254,0,254,416
06/10/2023,SGR,TX,ASW,CE,Federal Contract Tower,0,12,34,0,46,0,0,93,0,93,0,12,127,0,139,152,0,152,291
06/11/2023,SGR,TX,ASW,CE,Federal Contract Tower,0,31,45,0,76,0,0,80,0,80,0,31,125,0,156,84,0,84,240
06/12/2023,SGR,TX,ASW,CE,Federal Contract Tower,0,20,52,0,72,0,8,117,2,127,0,28,169,2,199,210,2,212,411
06/13/2023,SGR,TX,ASW,CE,Federal Contract Tower,0,19,54,0,73,0,1,94,0,95,0,20,148,0,168,156,0,156,324
06/14/2023,SGR,TX,ASW,CE,Federal Contract Tower,0,30,62,0,92,0,2,95,0,97,0,32,157,0,189,202,0,202,391
06/15/2023,SGR,TX,ASW,CE,Federal Contract Tower,0,11,57,0,68,0,1,79,0,80,0,12,136,0,148,180,0,180,328
06/16/2023,SGR,TX,ASW,CE,Federal Contract Tower,0,15,38,2,55,0,0,83,0,83,0,15,121,2,138,140,0,140,278
06/17/2023,SGR,TX,ASW,CE,Federal Contract Tower,0,13,35,0,48,0,1,85,0,86,0,14,120,0,134,236,0,236,370
06/18/2023,SGR,TX,ASW,CE,Federal Contract Tower,0,23,36,0,59,0,0,56,2,58,0,23,92,2,117,66,0,66,183
06/19/2023,SGR,TX,ASW,CE,Federal Contract Tower,0,16,39,0,55,0,0,77,0,77,0,16,116,0,132,122,0,122,254
06/20/2023,SGR,TX,ASW,CE,Federal Contract Tower,0,25,56,0,81,0,3,83,0,86,0,28,139,0,167,144,0,144,311
06/21/2023,SGR,TX,ASW,CE,Federal Contract Tower,0,26,53,0,79,0,2,87,0,89,0,28,140,0,168,158,0,158,326
06/22/2023,SGR,TX,ASW,CE,Federal Contract Tower,0,16,28,2,46,0,3,71,0,74,0,19,99,2,120,104,0,104,224
06/23/2023,SGR,TX,ASW,CE,Federal Contract Tower,0,24,60,0,84,0,0,93,2,95,0,24,153,2,179,168,0,168,347
06/24/2023,SGR,TX,ASW,CE,Federal Contract Tower,0,17,37,0,54,0,3,87,0,90,0,20,124,0,144,158,0,158,302
06/25/2023,SGR,TX,ASW,CE,Federal Contract Tower,0,21,42,0,63,0,3,62,0,65,0,24,104,0,128,120,0,120,248
06/26/2023,SGR,TX,ASW,CE,Federal Contract Tower,0,25,28,0,53,0,5,80,0,85,0,30,108,0,138,100,0,100,238
06/27/2023,SGR,TX,ASW,CE,Federal Contract Tower,0,24,52,0,76,0,1,81,0,82,0,25,133,0,158,172,0,172,330
06/28/2023,SGR,TX,ASW,CE,Federal Contract Tower,0,23,42,0,65,0,2,85,0,87,0,25,127,0,152,144,0,144,296
06/29/2023,SGR,TX,ASW,CE,Federal Contract Tower,0,16,66,1,83,0,4,82,1,87,0,20,148,2,170,104,0,104,274
07/01/2023,SGR,TX,ASW,CE,Federal Contract Tower,0,33,26,0,59,0,0,79,0,79,0,33,105,0,138,108,0,108,246
07/02/2023,SGR,TX,ASW,CE,Federal Contract Tower,0,11,26,0,37,0,0,36,0,36,0,11,62,0,73,68,0,68,141
07/03/2023,SGR,TX,ASW,CE,Federal Contract Tower,0,7,16,0,23,0,1,63,0,64,0,8,79,0,87,164,0,164,251
07/05/2023,SGR,TX,ASW,CE,Federal Contract Tower,0,19,59,0,78,0,2,61,0,63,0,21,120,0,141,84,0,84,225
07/06/2023,SGR,TX,ASW,CE,Federal Contract Tower,0,11,49,0,60,0,2,34,0,36,0,13,83,0,96,68,0,68,164
07/07/2023,SGR,TX,ASW,CE,Federal Contract Tower,0,14,54,0,68,0,0,58,0,58,0,14,112,0,126,130,0,130,256
07/08/2023,SGR,TX,ASW,CE,Federal Contract Tower,0,19,32,1,52,0,0,75,0,75,0,19,107,1,127,136,0,136,263
07/09/2023,SGR,TX,ASW,CE,Federal Contract Tower,0,23,42,2,67,0,0,73,0,73,0,23,115,2,140,122,0,122,262
07/10/2023,SGR,TX,ASW,CE,Federal Contract Tower,0,17,42,0,59,0,3,87,0,90,0,20,129,0,149,142,0,142,291
07/11/2023,SGR,TX,ASW,CE,Federal Contract Tower,0,15,50,2,67,0,2,65,0,67,0,17,115,2,134,96,0,96,230
07/12/2023,SGR,TX,ASW,CE,Federal Contract Tower,0,9,57,0,66,0,0,91,0,91,0,9,148,0,157,138,0,138,295
07/13/2023,SGR,TX,ASW,CE,Federal Contract Tower,0,14,57,0,71,0,1,109,0,110,0,15,166,0,181,210,0,210,391
07/14/2023,SGR,TX,ASW,CE,Federal Contract Tower,0,21,37,0,58,0,1,96,2,99,0,22,133,2,157,206,0,206,363
07/15/2023,SGR,TX,ASW,CE,Federal Contract Tower,0,14,40,0,54,0,14,96,0,110,0,28,136,0,164,202,0,202,366
07/16/2023,SGR,TX,ASW,CE,Federal Contract Tower,0,11,33,0,44,0,16,76,0,92,0,27,109,0,136,110,0,110,246
07/17/2023,SGR,TX,ASW,CE,Federal Contract Tower,0,20,41,2,63,0,0,104,0,104,0,20,145,2,167,160,0,160,327
07/18/2023,SGR,TX,ASW,CE,Federal Contract Tower,0,14,47,0,61,0,5,90,0,95,0,19,137,0,156,120,0,120,276
07/19/2023,SGR,TX,ASW,CE,Federal Contract Tower,0,15,55,0,70,0,2,81,0,83,0,17,136,0,153,150,0,150,303
07/20/2023,SGR,TX,ASW,CE,Federal Contract Tower,0,18,63,0,81,0,2,96,0,98,0,20,159,0,179,154,0,154,333
07/21/2023,SGR,TX,ASW,CE,Federal Contract Tower,0,23,25,0,48,0,3,76,0,79,0,26,101,0,127,218,0,218,345
07/22/2023,SGR,TX,ASW,CE,Federal Contract Tower,0,16,28,0,44,0,0,86,0,86,0,16,114,0,130,180,0,180,310
07/23/2023,SGR,TX,ASW,CE,Federal Contract Tower,0,13,43,3,59,0,4,68,0,72,0,17,111,3,131,120,0,120,251
07/24/2023,SGR,TX,ASW,CE,Federal Contract Tower,0,16,40,0,56,0,3,90,0,93,0,19,130,0,149,138,0,138,287
07/25/2023,SGR,TX,ASW,CE,Federal Contract Tower,0,39,57,0,96,0,3,98,0,101,0,42,155,0,197,132,0,132,329
07/26/2023,SGR,TX,ASW,CE,Federal Contract Tower,0,24,42,0,66,0,2,78,0,80,0,26,120,0,146,77,2,79,225
07/27/2023,SGR,TX,ASW,CE,Federal Contract Tower,0,17,50,0,67,0,2,77,0,79,0,19,127,0,146,140,0,140,286
07/28/2023,SGR,TX,ASW,CE,Federal Contract Tower,0,15,53,0,68,0,0,94,0,94,0,15,147,0,162,198,0,198,360
07/29/2023,SGR,TX,ASW,CE,Federal Contract Tower,0,10,21,0,31,0,0,67,0,67,0,10,88,0,98,190,0,190,288
07/30/2023,SGR,TX,ASW,CE,Federal Contract Tower,0,22,34,0,56,0,6,78,1,85,0,28,112,1,141,96,0,96,237
07/31/2023,SGR,TX,ASW,CE,Federal Contract Tower,0,20,38,0,58,0,3,67,0,70,0,23,105,0,128,100,0,100,228
08/01/2023,SGR,TX,ASW,CE,Federal Contract Tower,0,16,37,0,53,0,3,103,0,106,0,19,140,0,159,188,0,188,347
08/02/2023,SGR,TX,ASW,CE,Federal Contract Tower,0,24,47,0,71,0,0,84,0,84,0,24,131,0,155,86,0,86,241
08/03/2023,SGR,TX,ASW,CE,Federal Contract Tower,0,20,57,0,77,0,1,110,0,111,0,21,167,0,188,188,0,188,376
08/04/2023,SGR,TX,ASW,CE,Federal Contract Tower,0,13,36,0,49,0,3,66,0,69,0,16,102,0,118,130,0,130,248
08/05/2023,SGR,TX,ASW,CE,Federal Contract Tower,0,12,17,0,29,0,0,75,0,75,0,12,92,0,104,168,0,168,272
08/06/2023,SGR,TX,ASW,CE,Federal Contract Tower,0,31,32,0,63,0,1,84,0,85,0,32,116,0,148,116,0,116,264
08/07/2023,SGR,TX,ASW,CE,Federal Contract Tower,0,23,45,0,68,0,7,78,0,85,0,30,123,0,153,188,0,188,341
08/08/2023,SGR,TX,ASW,CE,Federal Contract Tower,0,16,63,0,79,0,4,83,0,87,0,20,146,0,166,82,0,82,248
08/10/2023,SGR,TX,ASW,CE,Federal Contract Tower,0,23,46,0,69,0,0,60,0,60,0,23,106,0,129,32,0,32,161
08/11/2023,SGR,TX,ASW,CE,Federal Contract Tower,0,16,46,0,62,0,1,78,1,80,0,17,124,1,142,72,0,72,214
08/12/2023,SGR,TX,ASW,CE,Federal Contract Tower,0,16,25,1,42,0,0,74,0,74,0,16,99,1,116,138,0,138,254
08/13/2023,SGR,TX,ASW,CE,Federal Contract Tower,0,36,31,0,67,0,2,76,0,78,0,38,107,0,145,96,0,96,241
08/14/2023,SGR,TX,ASW,CE,Federal Contract Tower,0,17,31,4,52,0,8,68,0,76,0,25,99,4,128,80,0,80,208
08/15/2023,SGR,TX,ASW,CE,Federal Contract Tower,0,14,40,2,56,0,1,71,0,72,0,15,111,2,128,126,0,126,254
08/16/2023,SGR,TX,ASW,CE,Federal Contract Tower,0,17,54,0,71,0,3,72,0,75,0,20,126,0,146,86,8,94,240
08/17/2023,SGR,TX,ASW,CE,Federal Contract Tower,0,26,61,0,87,0,2,72,0,74,0,28,133,0,161,106,2,108,269
08/18/2023,SGR,TX,ASW,CE,Federal Contract Tower,0,13,47,0,60,0,0,74,0,74,0,13,121,0,134,168,0,168,302
08/19/2023,SGR,TX,ASW,CE,Federal Contract Tower,0,7,25,0,32,0,0,85,0,85,0,7,110,0,117,166,0,166,283
08/20/2023,SGR,TX,ASW,CE,Federal Contract Tower,0,13,41,0,54,0,0,84,0,84,0,13,125,0,138,118,0,118,256
08/21/2023,SGR,TX,ASW,CE,Federal Contract Tower,0,18,48,2,68,0,4,82,0,86,0,22,130,2,154,90,0,90,244
08/22/2023,SGR,TX,ASW,CE,Federal Contract Tower,0,25,46,0,71,0,1,51,0,52,0,26,97,0,123,86,0,86,209
08/23/2023,SGR,TX,ASW,CE,Federal Contract Tower,0,16,44,0,60,0,0,0,0,0,0,16,44,0,60,122,0,122,182
08/24/2023,SGR,TX,ASW,CE,Federal Contract Tower,0,20,56,0,76,0,1,87,0,88,0,21,143,0,164,152,0,152,316
08/25/2023,SGR,TX,ASW,CE,Federal Contract Tower,0,23,52,0,75,0,2,80,13,95,0,25,132,13,170,92,0,92,262
08/26/2023,SGR,TX,ASW,CE,Federal Contract Tower,0,14,41,1,56,0,1,90,0,91,0,15,131,1,147,136,0,136,283
08/27/2023,SGR,TX,ASW,CE,Federal Contract Tower,0,22,41,0,63,0,0,77,0,77,0,22,118,0,140,118,0,118,258
08/28/2023,SGR,TX,ASW,CE,Federal Contract Tower,0,15,44,0,59,0,0,120,0,120,0,15,164,0,179,148,0,148,327
08/29/2023,SGR,TX,ASW,CE,Federal Contract Tower,0,15,64,0,79,0,0,63,0,63,0,15,127,0,142,90,0,90,232
08/30/2023,SGR,TX,ASW,CE,Federal Contract Tower,0,22,65,0,87,0,0,86,0,86,0,22,151,0,173,136,0,136,309
08/31/2023,SGR,TX,ASW,CE,Federal Contract Tower,0,27,83,0,110,0,2,87,0,89,0,29,170,0,199,112,0,112,311
01/01/2020,SGR,TX,ASW,CE,Federal Contract Tower,0,11,22,0,33,0,0,9,0,9,0,11,31,0,42,0,0,0,42
01/02/2020,SGR,TX,ASW,CE,Federal Contract Tower,0,20,34,0,54,0,0,7,0,7,0,20,41,0,61,10,0,10,71
01/03/2020,SGR,TX,ASW,CE,Federal Contract Tower,0,15,31,0,46,0,0,46,0,46,0,15,77,0,92,50,0,50,142
01/04/2020,SGR,TX,ASW,CE,Federal Contract Tower,0,22,48,0,70,0,0,83,0,83,0,22,131,0,153,118,0,118,271
01/05/2020,SGR,TX,ASW,CE,Federal Contract Tower,0,25,46,0,71,0,2,70,0,72,0,27,116,0,143,112,0,112,255
01/06/2020,SGR,TX,ASW,CE,Federal Contract Tower,0,13,41,0,54,0,7,65,0,72,0,20,106,0,126,90,0,90,216
01/07/2020,SGR,TX,ASW,CE,Federal Contract Tower,0,15,72,1,88,0,8,73,0,81,0,23,145,1,169,38,0,38,207
01/08/2020,SGR,TX,ASW,CE,Federal Contract Tower,0,18,50,0,68,0,4,83,0,87,0,22,133,0,155,86,0,86,241
01/09/2020,SGR,TX,ASW,CE,Federal Contract Tower,0,8,52,0,60,0,2,29,0,31,0,10,81,0,91,34,0,34,125
01/10/2020,SGR,TX,ASW,CE,Federal Contract Tower,0,10,54,0,64,0,2,4,0,6,0,12,58,0,70,12,0,12,82
01/11/2020,SGR,TX,ASW,CE,Federal Contract Tower,0,10,29,0,39,0,0,52,0,52,0,10,81,0,91,68,0,68,159
01/12/2020,SGR,TX,ASW,CE,Federal Contract Tower,0,14,60,0,74,0,0,94,0,94,0,14,154,0,168,76,0,76,244
01/13/2020,SGR,TX,ASW,CE,Federal Contract Tower,0,14,33,0,47,0,0,0,0,0,0,14,33,0,47,0,0,0,47
01/14/2020,SGR,TX,ASW,CE,Federal Contract Tower,0,25,46,0,71,0,0,9,0,9,0,25,55,0,80,10,0,10,90
01/15/2020,SGR,TX,ASW,CE,Federal Contract Tower,0,18,48,0,66,0,7,35,0,42,0,25,83,0,108,56,0,56,164
01/16/2020,SGR,TX,ASW,CE,Federal Contract Tower,0,21,63,0,84,0,2,4,0,6,0,23,67,0,90,14,0,14,104
01/17/2020,SGR,TX,ASW,CE,Federal Contract Tower,0,24,79,0,103,0,1,5,0,6,0,25,84,0,109,6,0,6,115
01/18/2020,SGR,TX,ASW,CE,Federal Contract Tower,0,5,37,0,42,0,0,19,0,19,0,5,56,0,61,18,0,18,79
01/19/2020,SGR,TX,ASW,CE,Federal Contract Tower,0,8,49,0,57,0,0,82,0,82,0,8,131,0,139,112,0,112,251
01/20/2020,SGR,TX,ASW,CE,Federal Contract Tower,0,14,63,0,77,0,8,118,0,126,0,22,181,0,203,110,0,110,313
01/21/2020,SGR,TX,ASW,CE,Federal Contract Tower,0,8,67,3,78,0,2,83,1,86,0,10,150,4,164,110,0,110,274
01/22/2020,SGR,TX,ASW,CE,Federal Contract Tower,0,24,39,0,63,0,1,0,0,1,0,25,39,0,64,0,0,0,64
01/23/2020,SGR,TX,ASW,CE,Federal Contract Tower,0,26,82,0,108,0,0,57,1,58,0,26,139,1,166,82,0,82,248
01/24/2020,SGR,TX,ASW,CE,Federal Contract Tower,0,6,52,0,58,0,0,98,0,98,0,6,150,0,156,130,0,130,286
01/25/2020,SGR,TX,ASW,CE,Federal Contract Tower,0,10,34,0,44,0,0,67,0,67,0,10,101,0,111,100,0,100,211
01/26/2020,SGR,TX,ASW,CE,Federal Contract Tower,0,15,47,0,62,0,0,50,0,50,0,15,97,0,112,50,0,50,162
01/27/2020,SGR,TX,ASW,CE,Federal Contract Tower,0,14,74,4,92,0,2,45,0,47,0,16,119,4,139,114,0,114,253
01/28/2020,SGR,TX,ASW,CE,Federal Contract Tower,0,16,60,0,76,0,0,25,0,25,0,16,85,0,101,18,0,18,119
01/29/2020,SGR,TX,ASW,CE,Federal Contract Tower,0,22,79,0,101,0,6,65,0,71,0,28,144,0,172,74,2,76,248
01/30/2020,SGR,TX,ASW,CE,Federal Contract Tower,0,26,90,0,116,0,6,29,0,35,0,32,119,0,151,48,0,48,199
01/31/2020,SGR,TX,ASW,CE,Federal Contract Tower,0,21,79,0,100,0,5,56,0,61,0,26,135,0,161,100,0,100,261
02/01/2020,SGR,TX,ASW,CE,Federal Contract Tower,0,11,29,0,40,0,8,105,0,113,0,19,134,0,153,124,0,124,277
02/02/2020,SGR,TX,ASW,CE,Federal Contract Tower,0,10,30,0,40,0,3,84,0,87,0,13,114,0,127,158,0,158,285
02/03/2020,SGR,TX,ASW,CE,Federal Contract Tower,0,13,64,0,77,0,1,57,0,58,0,14,121,0,135,26,0,26,161
02/04/2020,SGR,TX,ASW,CE,Federal Contract Tower,0,13,67,0,80,0,7,37,0,44,0,20,104,0,124,86,0,86,210
02/05/2020,SGR,TX,ASW,CE,Federal Contract Tower,0,25,63,0,88,0,0,4,0,4,0,25,67,0,92,0,0,0,92
02/06/2020,SGR,TX,ASW,CE,Federal Contract Tower,0,19,58,0,77,0,8,64,0,72,0,27,122,0,149,62,0,62,211
02/07/2020,SGR,TX,ASW,CE,Federal Contract Tower,0,26,81,0,107,0,2,58,0,60,0,28,139,0,167,80,0,80,247
02/08/2020,SGR,TX,ASW,CE,Federal Contract Tower,0,9,40,0,49,0,0,65,0,65,0,9,105,0,114,124,0,124,238
02/09/2020,SGR,TX,ASW,CE,Federal Contract Tower,0,23,40,0,63,0,0,15,0,15,0,23,55,0,78,22,0,22,100
02/10/2020,SGR,TX,ASW,CE,Federal Contract Tower,0,15,52,0,67,0,13,15,0,28,0,28,67,0,95,34,0,34,129
02/11/2020,SGR,TX,ASW,CE,Federal Contract Tower,0,13,85,0,98,0,0,0,0,0,0,13,85,0,98,0,0,0,98
02/12/2020,SGR,TX,ASW,CE,Federal Contract Tower,0,8,72,0,80,0,3,0,0,3,0,11,72,0,83,0,0,0,83
02/13/2020,SGR,TX,ASW,CE,Federal Contract Tower,0,23,67,1,91,0,4,86,0,90,0,27,153,1,181,110,0,110,291
02/14/2020,SGR,TX,ASW,CE,Federal Contract Tower,0,25,43,2,70,0,4,94,0,98,0,29,137,2,168,98,0,98,266
02/15/2020,SGR,TX,ASW,CE,Federal Contract Tower,0,12,14,0,26,0,0,86,0,86,0,12,100,0,112,110,0,110,222
02/16/2020,SGR,TX,ASW,CE,Federal Contract Tower,0,15,31,0,46,0,0,62,0,62,0,15,93,0,108,66,0,66,174
02/17/2020,SGR,TX,ASW,CE,Federal Contract Tower,0,25,54,0,79,0,7,33,0,40,0,32,87,0,119,6,0,6,125
02/18/2020,SGR,TX,ASW,CE,Federal Contract Tower,0,7,64,0,71,0,1,27,0,28,0,8,91,0,99,40,0,40,139
02/19/2020,SGR,TX,ASW,CE,Federal Contract Tower,0,21,66,0,87,0,4,14,0,18,0,25,80,0,105,26,0,26,131
02/20/2020,SGR,TX,ASW,CE,Federal Contract Tower,0,15,70,0,85,0,0,4,0,4,0,15,74,0,89,0,0,0,89
02/21/2020,SGR,TX,ASW,CE,Federal Contract Tower,0,14,70,0,84,0,0,101,0,101,0,14,171,0,185,114,0,114,299
02/22/2020,SGR,TX,ASW,CE,Federal Contract Tower,0,9,29,0,38,0,1,82,1,84,0,10,111,1,122,134,0,134,256
02/23/2020,SGR,TX,ASW,CE,Federal Contract Tower,0,14,42,0,56,0,2,74,0,76,0,16,116,0,132,72,0,72,204
02/24/2020,SGR,TX,ASW,CE,Federal Contract Tower,0,6,43,1,50,0,7,47,1,55,0,13,90,2,105,78,0,78,183
02/25/2020,SGR,TX,ASW,CE,Federal Contract Tower,0,10,65,0,75,0,6,81,3,90,0,16,146,3,165,130,0,130,295
02/26/2020,SGR,TX,ASW,CE,Federal Contract Tower,0,14,59,0,73,0,1,45,4,50,0,15,104,4,123,40,0,40,163
02/27/2020,SGR,TX,ASW,CE,Federal Contract Tower,0,20,61,0,81,0,4,109,0,113,0,24,170,0,194,188,0,188,382
02/28/2020,SGR,TX,ASW,CE,Federal Contract Tower,0,14,52,0,66,0,0,86,0,86,0,14,138,0,152,128,0,128,280
03/01/2020,SGR,TX,ASW,CE,Federal Contract Tower,0,8,43,0,51,0,0,47,0,47,0,8,90,0,98,72,0,72,170
03/02/2020,SGR,TX,ASW,CE,Federal Contract Tower,0,14,62,0,76,0,4,45,0,49,0,18,107,0,125,72,0,72,197
03/03/2020,SGR,TX,ASW,CE,Federal Contract Tower,0,14,59,0,73,0,3,37,0,40,0,17,96,0,113,28,0,28,141
03/04/2020,SGR,TX,ASW,CE,Federal Contract Tower,0,11,37,0,48,0,2,13,0,15,0,13,50,0,63,46,0,46,109
03/05/2020,SGR,TX,ASW,CE,Federal Contract Tower,0,26,82,4,112,0,8,100,2,110,0,34,182,6,222,102,0,102,324
03/06/2020,SGR,TX,ASW,CE,Federal Contract Tower,0,12,57,0,69,0,3,125,3,131,0,15,182,3,200,98,0,98,298
03/07/2020,SGR,TX,ASW,CE,Federal Contract Tower,0,21,38,1,60,0,6,83,0,89,0,27,121,1,149,156,0,156,305
03/08/2020,SGR,TX,ASW,CE,Federal Contract Tower,0,13,47,0,60,0,0,60,0,60,0,13,107,0,120,42,0,42,162
03/09/2020,SGR,TX,ASW,CE,Federal Contract Tower,0,13,73,0,86,0,4,43,0,47,0,17,116,0,133,58,0,58,191
03/10/2020,SGR,TX,ASW,CE,Federal Contract Tower,0,17,48,0,65,0,6,36,0,42,0,23,84,0,107,62,0,62,169
03/11/2020,SGR,TX,ASW,CE,Federal Contract Tower,0,11,71,0,82,0,5,54,0,59,0,16,125,0,141,68,0,68,209
03/12/2020,SGR,TX,ASW,CE,Federal Contract Tower,0,16,69,0,85,0,4,68,0,72,0,20,137,0,157,94,0,94,251
03/13/2020,SGR,TX,ASW,CE,Federal Contract Tower,0,18,51,0,69,0,4,57,8,69,0,22,108,8,138,128,0,128,266
03/14/2020,SGR,TX,ASW,CE,Federal Contract Tower,0,12,46,0,58,0,0,62,0,62,0,12,108,0,120,158,0,158,278
03/15/2020,SGR,TX,ASW,CE,Federal Contract Tower,0,12,38,0,50,0,0,30,0,30,0,12,68,0,80,70,0,70,150
03/16/2020,SGR,TX,ASW,CE,Federal Contract Tower,0,7,33,0,40,0,4,35,0,39,0,11,68,0,79,96,0,96,175
03/17/2020,SGR,TX,ASW,CE,Federal Contract Tower,0,7,37,0,44,0,0,32,0,32,0,7,69,0,76,14,0,14,90
03/18/2020,SGR,TX,ASW,CE,Federal Contract Tower,0,24,31,0,55,0,2,52,2,56,0,26,83,2,111,72,2,74,185
03/19/2020,SGR,TX,ASW,CE,Federal Contract Tower,0,2,17,0,19,0,2,44,0,46,0,4,61,0,65,74,0,74,139
03/20/2020,SGR,TX,ASW,CE,Federal Contract Tower,0,6,15,0,21,0,0,1,0,1,0,6,16,0,22,0,0,0,22
03/21/2020,SGR,TX,ASW,CE,Federal Contract Tower,0,4,17,0,21,0,0,0,0,0,0,4,17,0,21,0,0,0,21
03/22/2020,SGR,TX,ASW,CE,Federal Contract Tower,0,4,26,0,30,0,0,0,0,0,0,4,26,0,30,0,0,0,30
03/23/2020,SGR,TX,ASW,CE,Federal Contract Tower,0,6,24,0,30,0,4,50,0,54,0,10,74,0,84,70,0,70,154
03/24/2020,SGR,TX,ASW,CE,Federal Contract Tower,0,0,23,0,23,0,9,59,0,68,0,9,82,0,91,64,0,64,155
03/25/2020,SGR,TX,ASW,CE,Federal Contract Tower,0,6,12,0,18,0,5,75,0,80,0,11,87,0,98,128,0,128,226
03/26/2020,SGR,TX,ASW,CE,Federal Contract Tower,0,2,17,0,19,0,3,56,0,59,0,5,73,0,78,82,0,82,160
03/27/2020,SGR,TX,ASW,CE,Federal Contract Tower,0,2,14,0,16,0,0,63,0,63,0,2,77,0,79,142,0,142,221
03/28/2020,SGR,TX,ASW,CE,Federal Contract Tower,0,4,9,0,13,0,0,35,0,35,0,4,44,0,48,44,0,44,92
03/29/2020,SGR,TX,ASW,CE,Federal Contract Tower,0,3,15,0,18,0,0,65,0,65,0,3,80,0,83,134,0,134,217
03/30/2020,SGR,TX,ASW,CE,Federal Contract Tower,0,0,6,0,6,0,5,33,0,38,0,5,39,0,44,30,0,30,74
03/31/2020,SGR,TX,ASW,CE,Federal Contract Tower,0,1,17,0,18,0,3,48,0,51,0,4,65,0,69,82,0,82,151
04/01/2020,SGR,TX,ASW,CE,Federal Contract Tower,0,2,9,0,11,0,3,57,0,60,0,5,66,0,71,102,0,102,173
04/02/2020,SGR,TX,ASW,CE,Federal Contract Tower,0,2,16,0,18,0,2,23,0,25,0,4,39,0,43,48,0,48,91
04/03/2020,SGR,TX,ASW,CE,Federal Contract Tower,0,2,7,0,9,0,0,21,0,21,0,2,28,0,30,102,0,102,132
04/04/2020,SGR,TX,ASW,CE,Federal Contract Tower,0,5,0,0,5,0,0,0,0,0,0,5,0,0,5,0,0,0,5
04/05/2020,SGR,TX,ASW,CE,Federal Contract Tower,0,0,16,0,16,0,0,16,0,16,0,0,32,0,32,36,0,36,68
04/06/2020,SGR,TX,ASW,CE,Federal Contract Tower,0,0,18,0,18,0,6,6,0,12,0,6,24,0,30,0,0,0,30
04/07/2020,SGR,TX,ASW,CE,Federal Contract Tower,0,0,6,0,6,0,3,40,0,43,0,3,46,0,49,64,0,64,113
04/08/2020,SGR,TX,ASW,CE,Federal Contract Tower,0,4,21,0,25,0,7,41,0,48,0,11,62,0,73,78,0,78,151
04/09/2020,SGR,TX,ASW,CE,Federal Contract Tower,0,2,13,0,15,0,2,31,0,33,0,4,44,0,48,42,0,42,90
04/10/2020,SGR,TX,ASW,CE,Federal Contract Tower,0,0,22,0,22,0,2,19,2,23,0,2,41,2,45,12,8,20,65
04/11/2020,SGR,TX,ASW,CE,Federal Contract Tower,0,0,11,0,11,0,0,13,0,13,0,0,24,0,24,34,0,34,58
04/12/2020,SGR,TX,ASW,CE,Federal Contract Tower,0,0,4,0,4,0,0,6,0,6,0,0,10,0,10,2,0,2,12
04/13/2020,SGR,TX,ASW,CE,Federal Contract Tower,0,0,29,0,29,0,4,67,0,71,0,4,96,0,100,48,0,48,148
04/14/2020,SGR,TX,ASW,CE,Federal Contract Tower,0,1,23,0,24,0,10,65,0,75,0,11,88,0,99,102,0,102,201
04/15/2020,SGR,TX,ASW,CE,Federal Contract Tower,0,0,33,0,33,0,1,60,0,61,0,1,93,0,94,110,0,110,204
04/16/2020,SGR,TX,ASW,CE,Federal Contract Tower,0,1,17,0,18,0,3,51,0,54,0,4,68,0,72,46,0,46,118
04/17/2020,SGR,TX,ASW,CE,Federal Contract Tower,0,4,26,0,30,0,0,38,0,38,0,4,64,0,68,84,0,84,152
04/18/2020,SGR,TX,ASW,CE,Federal Contract Tower,0,1,19,0,20,0,0,13,0,13,0,1,32,0,33,40,0,40,73
04/19/2020,SGR,TX,ASW,CE,Federal Contract Tower,0,3,5,0,8,0,0,7,0,7,0,3,12,0,15,6,0,6,21
04/20/2020,SGR,TX,ASW,CE,Federal Contract Tower,0,8,32,0,40,0,2,29,0,31,0,10,61,0,71,14,0,14,85
04/21/2020,SGR,TX,ASW,CE,Federal Contract Tower,0,1,35,0,36,0,3,68,0,71,0,4,103,0,107,76,0,76,183
04/22/2020,SGR,TX,ASW,CE,Federal Contract Tower,0,0,10,0,10,0,2,17,0,19,0,2,27,0,29,54,0,54,83
04/23/2020,SGR,TX,ASW,CE,Federal Contract Tower,0,5,26,0,31,0,7,68,0,75,0,12,94,0,106,146,0,146,252
04/24/2020,SGR,TX,ASW,CE,Federal Contract Tower,0,1,14,0,15,0,3,87,0,90,0,4,101,0,105,118,0,118,223
04/25/2020,SGR,TX,ASW,CE,Federal Contract Tower,0,4,8,0,12,0,0,65,0,65,0,4,73,0,77,122,0,122,199
04/26/2020,SGR,TX,ASW,CE,Federal Contract Tower,0,6,20,13,39,0,2,70,0,72,0,8,90,13,111,68,0,68,179
04/27/2020,SGR,TX,ASW,CE,Federal Contract Tower,0,2,17,0,19,0,5,49,0,54,0,7,66,0,73,50,0,50,123
04/28/2020,SGR,TX,ASW,CE,Federal Contract Tower,0,5,18,0,23,0,2,7,0,9,0,7,25,0,32,22,0,22,54
04/29/2020,SGR,TX,ASW,CE,Federal Contract Tower,0,5,26,0,31,0,0,34,0,34,0,5,60,0,65,90,0,90,155
04/30/2020,SGR,TX,ASW,CE,Federal Contract Tower,0,3,23,1,27,0,2,94,3,99,0,5,117,4,126,106,2,108,234
05/01/2020,SGR,TX,ASW,CE,Federal Contract Tower,0,3,27,0,30,0,6,94,0,100,0,9,121,0,130,198,0,198,328
05/02/2020,SGR,TX,ASW,CE,Federal Contract Tower,0,0,21,0,21,0,3,73,0,76,0,3,94,0,97,104,0,104,201
05/03/2020,SGR,TX,ASW,CE,Federal Contract Tower,0,8,24,0,32,0,1,50,0,51,0,9,74,0,83,44,0,44,127
05/04/2020,SGR,TX,ASW,CE,Federal Contract Tower,0,4,24,1,29,0,5,60,0,65,0,9,84,1,94,62,0,62,156
05/05/2020,SGR,TX,ASW,CE,Federal Contract Tower,0,6,27,0,33,0,4,67,0,71,0,10,94,0,104,96,0,96,200
05/06/2020,SGR,TX,ASW,CE,Federal Contract Tower,0,6,43,0,49,0,10,67,0,77,0,16,110,0,126,40,0,40,166
05/07/2020,SGR,TX,ASW,CE,Federal Contract Tower,0,6,29,0,35,0,7,73,0,80,0,13,102,0,115,116,0,116,231
05/08/2020,SGR,TX,ASW,CE,Federal Contract Tower,0,7,28,0,35,0,3,22,0,25,0,10,50,0,60,14,0,14,74
05/09/2020,SGR,TX,ASW,CE,Federal Contract Tower,0,1,34,0,35,0,5,56,0,61,0,6,90,0,96,84,0,84,180
05/10/2020,SGR,TX,ASW,CE,Federal Contract Tower,0,2,41,0,43,0,2,75,0,77,0,4,116,0,120,88,0,88,208
05/11/2020,SGR,TX,ASW,CE,Federal Contract Tower,0,9,31,0,40,0,6,80,0,86,0,15,111,0,126,58,0,58,184
05/12/2020,SGR,TX,ASW,CE,Federal Contract Tower,0,5,31,0,36,0,12,70,0,82,0,17,101,0,118,88,0,88,206
05/13/2020,SGR,TX,ASW,CE,Federal Contract Tower,0,5,53,0,58,0,0,85,0,85,0,5,138,0,143,76,0,76,219
05/14/2020,SGR,TX,ASW,CE,Federal Contract Tower,0,6,23,0,29,0,5,53,0,58,0,11,76,0,87,72,0,72,159
05/15/2020,SGR,TX,ASW,CE,Federal Contract Tower,0,7,29,0,36,0,2,29,0,31,0,9,58,0,67,16,0,16,83
05/16/2020,SGR,TX,ASW,CE,Federal Contract Tower,0,4,13,0,17,0,1,14,0,15,0,5,27,0,32,60,0,60,92
05/17/2020,SGR,TX,ASW,CE,Federal Contract Tower,0,2,25,0,27,0,1,67,0,68,0,3,92,0,95,94,0,94,189
05/18/2020,SGR,TX,ASW,CE,Federal Contract Tower,0,6,39,0,45,0,6,86,0,92,0,12,125,0,137,142,0,142,279
05/19/2020,SGR,TX,ASW,CE,Federal Contract Tower,0,11,32,0,43,0,6,88,0,94,0,17,120,0,137,74,0,74,211
05/20/2020,SGR,TX,ASW,CE,Federal Contract Tower,0,12,64,0,76,0,7,71,0,78,0,19,135,0,154,98,0,98,252
05/21/2020,SGR,TX,ASW,CE,Federal Contract Tower,0,19,59,0,78,0,4,70,0,74,0,23,129,0,152,110,0,110,262
05/22/2020,SGR,TX,ASW,CE,Federal Contract Tower,0,17,38,0,55,0,5,53,0,58,0,22,91,0,113,124,0,124,237
05/23/2020,SGR,TX,ASW,CE,Federal Contract Tower,0,18,37,0,55,0,1,69,0,70,0,19,106,0,125,64,0,64,189
05/24/2020,SGR,TX,ASW,CE,Federal Contract Tower,0,3,8,0,11,0,2,15,0,17,0,5,23,0,28,12,0,12,40
05/25/2020,SGR,TX,ASW,CE,Federal Contract Tower,0,14,29,0,43,0,0,35,0,35,0,14,64,0,78,64,0,64,142
05/26/2020,SGR,TX,ASW,CE,Federal Contract Tower,0,5,27,0,32,0,6,81,0,87,0,11,108,0,119,64,0,64,183
05/27/2020,SGR,TX,ASW,CE,Federal Contract Tower,0,9,41,0,50,0,5,79,0,84,0,14,120,0,134,54,0,54,188
05/28/2020,SGR,TX,ASW,CE,Federal Contract Tower,0,11,48,0,59,0,3,68,0,71,0,14,116,0,130,112,0,112,242
05/29/2020,SGR,TX,ASW,CE,Federal Contract Tower,0,10,60,2,72,0,2,90,0,92,0,12,150,2,164,126,0,126,290
05/30/2020,SGR,TX,ASW,CE,Federal Contract Tower,0,5,33,0,38,0,0,74,0,74,0,5,107,0,112,108,0,108,220
05/31/2020,SGR,TX,ASW,CE,Federal Contract Tower,0,14,34,0,48,0,0,39,0,39,0,14,73,0,87,64,0,64,151
06/01/2020,SGR,TX,ASW,CE,Federal Contract Tower,0,5,52,0,57,0,9,54,0,63,0,14,106,0,120,44,0,44,164
06/02/2020,SGR,TX,ASW,CE,Federal Contract Tower,0,8,37,0,45,0,7,103,0,110,0,15,140,0,155,114,0,114,269
06/03/2020,SGR,TX,ASW,CE,Federal Contract Tower,0,16,44,0,60,0,11,63,0,74,0,27,107,0,134,62,2,64,198
06/05/2020,SGR,TX,ASW,CE,Federal Contract Tower,0,10,45,0,55,0,7,90,0,97,0,17,135,0,152,124,0,124,276
06/07/2020,SGR,TX,ASW,CE,Federal Contract Tower,0,7,28,0,35,0,8,60,0,68,0,15,88,0,103,76,0,76,179
06/08/2020,SGR,TX,ASW,CE,Federal Contract Tower,0,12,32,0,44,0,7,65,0,72,0,19,97,0,116,46,0,46,162
06/09/2020,SGR,TX,ASW,CE,Federal Contract Tower,0,10,60,0,70,0,6,72,0,78,0,16,132,0,148,70,0,70,218
06/10/2020,SGR,TX,ASW,CE,Federal Contract Tower,0,14,69,0,83,0,2,86,0,88,0,16,155,0,171,140,0,140,311
06/11/2020,SGR,TX,ASW,CE,Federal Contract Tower,0,12,56,0,68,0,3,105,2,110,0,15,161,2,178,90,0,90,268
06/12/2020,SGR,TX,ASW,CE,Federal Contract Tower,0,5,55,0,60,0,2,104,0,106,0,7,159,0,166,132,0,132,298
06/13/2020,SGR,TX,ASW,CE,Federal Contract Tower,0,10,29,0,39,0,0,76,0,76,0,10,105,0,115,108,0,108,223
06/14/2020,SGR,TX,ASW,CE,Federal Contract Tower,0,15,26,0,41,0,0,65,0,65,0,15,91,0,106,48,0,48,154
06/15/2020,SGR,TX,ASW,CE,Federal Contract Tower,0,16,41,0,57,0,0,78,0,78,0,16,119,0,135,112,0,112,247
06/16/2020,SGR,TX,ASW,CE,Federal Contract Tower,0,13,43,0,56,0,6,94,0,100,0,19,137,0,156,168,0,168,324
06/17/2020,SGR,TX,ASW,CE,Federal Contract Tower,0,24,52,0,76,0,7,97,2,106,0,31,149,2,182,82,0,82,264
06/18/2020,SGR,TX,ASW,CE,Federal Contract Tower,0,14,39,0,53,0,4,113,2,119,0,18,152,2,172,128,2,130,302
06/19/2020,SGR,TX,ASW,CE,Federal Contract Tower,0,11,43,0,54,0,1,78,0,79,0,12,121,0,133,94,0,94,227
06/20/2020,SGR,TX,ASW,CE,Federal Contract Tower,0,11,40,0,51,0,1,55,0,56,0,12,95,0,107,86,0,86,193
06/21/2020,SGR,TX,ASW,CE,Federal Contract Tower,0,12,28,0,40,0,0,32,0,32,0,12,60,0,72,48,0,48,120
06/22/2020,SGR,TX,ASW,CE,Federal Contract Tower,0,18,43,0,61,0,0,31,2,33,0,18,74,2,94,80,4,84,178
06/23/2020,SGR,TX,ASW,CE,Federal Contract Tower,0,13,40,0,53,0,8,60,0,68,0,21,100,0,121,86,0,86,207
06/24/2020,SGR,TX,ASW,CE,Federal Contract Tower,0,18,44,0,62,0,2,28,2,32,0,20,72,2,94,92,2,94,188
06/25/2020,SGR,TX,ASW,CE,Federal Contract Tower,0,15,40,0,55,0,6,17,0,23,0,21,57,0,78,24,0,24,102
06/26/2020,SGR,TX,ASW,CE,Federal Contract Tower,0,16,33,0,49,0,0,17,0,17,0,16,50,0,66,40,0,40,106
06/27/2020,SGR,TX,ASW,CE,Federal Contract Tower,0,11,43,0,54,0,2,60,0,62,0,13,103,0,116,142,0,142,258
06/28/2020,SGR,TX,ASW,CE,Federal Contract Tower,0,23,26,0,49,0,3,36,0,39,0,26,62,0,88,72,0,72,160
06/29/2020,SGR,TX,ASW,CE,Federal Contract Tower,0,16,33,0,49,0,8,97,0,105,0,24,130,0,154,74,0,74,228
06/30/2020,SGR,TX,ASW,CE,Federal Contract Tower,0,16,48,0,64,0,5,78,0,83,0,21,126,0,147,114,0,114,261
07/01/2020,SGR,TX,ASW,CE,Federal Contract Tower,0,17,56,0,73,0,0,69,0,69,0,17,125,0,142,106,0,106,248
07/02/2020,SGR,TX,ASW,CE,Federal Contract Tower,0,14,48,1,63,0,3,86,0,89,0,17,134,1,152,110,0,110,262
07/03/2020,SGR,TX,ASW,CE,Federal Contract Tower,0,13,33,0,46,0,0,100,0,100,0,13,133,0,146,142,0,142,288
07/04/2020,SGR,TX,ASW,CE,Federal Contract Tower,0,2,22,0,24,0,1,59,0,60,0,3,81,0,84,64,0,64,148
07/05/2020,SGR,TX,ASW,CE,Federal Contract Tower,0,12,34,0,46,0,0,43,0,43,0,12,77,0,89,52,0,52,141
07/06/2020,SGR,TX,ASW,CE,Federal Contract Tower,0,15,25,2,42,0,2,65,0,67,0,17,90,2,109,112,0,112,221
07/07/2020,SGR,TX,ASW,CE,Federal Contract Tower,0,13,36,0,49,0,12,86,0,98,0,25,122,0,147,70,0,70,217
07/08/2020,SGR,TX,ASW,CE,Federal Contract Tower,0,9,41,0,50,0,2,70,0,72,0,11,111,0,122,94,0,94,216
07/09/2020,SGR,TX,ASW,CE,Federal Contract Tower,0,9,42,0,51,0,3,85,0,88,0,12,127,0,139,84,0,84,223
07/10/2020,SGR,TX,ASW,CE,Federal Contract Tower,0,14,26,0,40,0,2,59,0,61,0,16,85,0,101,64,0,64,165
07/11/2020,SGR,TX,ASW,CE,Federal Contract Tower,0,14,21,0,35,0,0,70,0,70,0,14,91,0,105,132,0,132,237
07/12/2020,SGR,TX,ASW,CE,Federal Contract Tower,0,15,25,0,40,0,1,53,0,54,0,16,78,0,94,54,0,54,148
07/13/2020,SGR,TX,ASW,CE,Federal Contract Tower,0,9,30,0,39,0,5,48,0,53,0,14,78,0,92,56,0,56,148
07/14/2020,SGR,TX,ASW,CE,Federal Contract Tower,0,7,22,0,29,0,5,79,0,84,0,12,101,0,113,86,0,86,199
07/15/2020,SGR,TX,ASW,CE,Federal Contract Tower,0,12,41,0,53,0,8,79,2,89,0,20,120,2,142,126,0,126,268
07/16/2020,SGR,TX,ASW,CE,Federal Contract Tower,0,9,45,0,54,0,5,81,0,86,0,14,126,0,140,92,0,92,232
07/18/2020,SGR,TX,ASW,CE,Federal Contract Tower,0,8,16,0,24,0,2,68,0,70,0,10,84,0,94,90,0,90,184
07/19/2020,SGR,TX,ASW,CE,Federal Contract Tower,0,11,41,0,52,0,4,66,0,70,0,15,107,0,122,86,0,86,208
07/20/2020,SGR,TX,ASW,CE,Federal Contract Tower,0,8,35,0,43,0,3,54,0,57,0,11,89,0,100,58,0,58,158
07/21/2020,SGR,TX,ASW,CE,Federal Contract Tower,0,20,14,0,34,0,3,32,0,35,0,23,46,0,69,86,0,86,155
07/22/2020,SGR,TX,ASW,CE,Federal Contract Tower,0,7,32,0,39,0,2,42,0,44,0,9,74,0,83,24,0,24,107
07/23/2020,SGR,TX,ASW,CE,Federal Contract Tower,0,11,45,0,56,0,3,81,0,84,0,14,126,0,140,76,0,76,216
07/24/2020,SGR,TX,ASW,CE,Federal Contract Tower,0,6,35,0,41,0,0,40,0,40,0,6,75,0,81,54,0,54,135
07/25/2020,SGR,TX,ASW,CE,Federal Contract Tower,0,6,9,0,15,0,0,2,0,2,0,6,11,0,17,0,0,0,17
07/26/2020,SGR,TX,ASW,CE,Federal Contract Tower,0,20,26,0,46,0,1,13,0,14,0,21,39,0,60,34,0,34,94
07/27/2020,SGR,TX,ASW,CE,Federal Contract Tower,0,16,34,0,50,0,3,26,0,29,0,19,60,0,79,16,0,16,95
07/28/2020,SGR,TX,ASW,CE,Federal Contract Tower,0,15,29,2,46,0,1,24,0,25,0,16,53,2,71,28,0,28,99
07/29/2020,SGR,TX,ASW,CE,Federal Contract Tower,0,8,38,0,46,0,2,33,0,35,0,10,71,0,81,30,0,30,111
07/30/2020,SGR,TX,ASW,CE,Federal Contract Tower,0,16,25,0,41,0,4,109,0,113,0,20,134,0,154,138,0,138,292
07/31/2020,SGR,TX,ASW,CE,Federal Contract Tower,0,8,34,0,42,0,6,75,0,81,0,14,109,0,123,110,0,110,233
08/01/2020,SGR,TX,ASW,CE,Federal Contract Tower,0,18,14,0,32,0,1,40,0,41,0,19,54,0,73,74,0,74,147
08/02/2020,SGR,TX,ASW,CE,Federal Contract Tower,0,13,27,0,40,0,0,70,0,70,0,13,97,0,110,52,0,52,162
08/03/2020,SGR,TX,ASW,CE,Federal Contract Tower,0,11,29,0,40,0,1,76,0,77,0,12,105,0,117,68,0,68,185
08/04/2020,SGR,TX,ASW,CE,Federal Contract Tower,0,12,38,0,50,0,2,83,0,85,0,14,121,0,135,74,0,74,209
08/05/2020,SGR,TX,ASW,CE,Federal Contract Tower,0,17,39,0,56,0,0,71,0,71,0,17,110,0,127,46,0,46,173
08/06/2020,SGR,TX,ASW,CE,Federal Contract Tower,0,15,41,0,56,0,0,90,2,92,0,15,131,2,148,104,2,106,254
08/07/2020,SGR,TX,ASW,CE,Federal Contract Tower,0,10,42,0,52,0,2,74,0,76,0,12,116,0,128,34,0,34,162
08/08/2020,SGR,TX,ASW,CE,Federal Contract Tower,0,10,19,0,29,0,8,77,0,85,0,18,96,0,114,126,0,126,240
08/09/2020,SGR,TX,ASW,CE,Federal Contract Tower,0,15,30,0,45,0,2,46,0,48,0,17,76,0,93,58,0,58,151
08/10/2020,SGR,TX,ASW,CE,Federal Contract Tower,0,16,42,0,58,0,3,63,0,66,0,19,105,0,124,38,0,38,162
08/11/2020,SGR,TX,ASW,CE,Federal Contract Tower,0,13,44,0,57,0,6,70,0,76,0,19,114,0,133,92,0,92,225
08/12/2020,SGR,TX,ASW,CE,Federal Contract Tower,0,14,33,0,47,0,1,87,0,88,0,15,120,0,135,118,0,118,253
08/13/2020,SGR,TX,ASW,CE,Federal Contract Tower,0,15,48,2,65,0,1,103,8,112,0,16,151,10,177,106,2,108,285
08/14/2020,SGR,TX,ASW,CE,Federal Contract Tower,0,20,48,0,68,0,0,75,0,75,0,20,123,0,143,62,0,62,205
08/15/2020,SGR,TX,ASW,CE,Federal Contract Tower,0,12,26,0,38,0,0,73,0,73,0,12,99,0,111,86,0,86,197
08/16/2020,SGR,TX,ASW,CE,Federal Contract Tower,0,28,39,0,67,0,0,58,0,58,0,28,97,0,125,62,0,62,187
08/17/2020,SGR,TX,ASW,CE,Federal Contract Tower,0,17,34,0,51,0,4,42,0,46,0,21,76,0,97,52,0,52,149
08/18/2020,SGR,TX,ASW,CE,Federal Contract Tower,0,16,40,0,56,0,4,64,0,68,0,20,104,0,124,82,0,82,206
08/19/2020,SGR,TX,ASW,CE,Federal Contract Tower,0,13,43,0,56,0,0,86,0,86,0,13,129,0,142,48,0,48,190
08/20/2020,SGR,TX,ASW,CE,Federal Contract Tower,0,14,43,2,59,0,3,69,0,72,0,17,112,2,131,48,0,48,179
08/21/2020,SGR,TX,ASW,CE,Federal Contract Tower,0,9,29,0,38,0,1,65,0,66,0,10,94,0,104,88,0,88,192
08/22/2020,SGR,TX,ASW,CE,Federal Contract Tower,0,7,20,0,27,0,3,51,0,54,0,10,71,0,81,80,0,80,161
08/23/2020,SGR,TX,ASW,CE,Federal Contract Tower,0,17,36,0,53,0,2,73,0,75,0,19,109,0,128,50,0,50,178
08/24/2020,SGR,TX,ASW,CE,Federal Contract Tower,0,16,29,0,45,0,2,51,0,53,0,18,80,0,98,62,0,62,160
08/25/2020,SGR,TX,ASW,CE,Federal Contract Tower,0,19,31,0,50,0,6,69,0,75,0,25,100,0,125,68,0,68,193
08/26/2020,SGR,TX,ASW,CE,Federal Contract Tower,0,6,22,0,28,0,3,3,0,6,0,9,25,0,34,8,0,8,42
08/27/2020,SGR,TX,ASW,CE,Federal Contract Tower,0,8,11,1,20,0,7,58,0,65,0,15,69,1,85,44,0,44,129
08/28/2020,SGR,TX,ASW,CE,Federal Contract Tower,0,14,38,0,52,0,5,65,0,70,0,19,103,0,122,58,0,58,180
08/29/2020,SGR,TX,ASW,CE,Federal Contract Tower,0,13,26,0,39,0,0,71,3,74,0,13,97,3,113,81,0,81,194
08/30/2020,SGR,TX,ASW,CE,Federal Contract Tower,0,19,48,0,67,0,2,70,0,72,0,21,118,0,139,62,0,62,201
08/31/2020,SGR,TX,ASW,CE,Federal Contract Tower,0,8,21,0,29,0,7,50,0,57,0,15,71,0,86,58,0,58,144
09/01/2020,SGR,TX,ASW,CE,Federal Contract Tower,0,8,58,0,66,0,5,74,0,79,0,13,132,0,145,56,0,56,201
09/02/2020,SGR,TX,ASW,CE,Federal Contract Tower,0,17,63,0,80,0,2,61,0,63,0,19,124,0,143,38,0,38,181
09/03/2020,SGR,TX,ASW,CE,Federal Contract Tower,0,33,50,1,84,0,7,63,0,70,0,40,113,1,154,136,0,136,290
09/04/2020,SGR,TX,ASW,CE,Federal Contract Tower,0,25,40,0,65,0,2,42,0,44,0,27,82,0,109,20,0,20,129
09/05/2020,SGR,TX,ASW,CE,Federal Contract Tower,0,13,40,0,53,0,0,76,0,76,0,13,116,0,129,74,0,74,203
09/06/2020,SGR,TX,ASW,CE,Federal Contract Tower,0,7,18,0,25,0,0,63,0,63,0,7,81,0,88,52,0,52,140
09/07/2020,SGR,TX,ASW,CE,Federal Contract Tower,0,22,48,0,70,0,1,58,0,59,0,23,106,0,129,80,0,80,209
09/08/2020,SGR,TX,ASW,CE,Federal Contract Tower,0,7,34,0,41,0,2,24,2,28,0,9,58,2,69,0,0,0,69
09/09/2020,SGR,TX,ASW,CE,Federal Contract Tower,0,13,39,0,52,0,11,36,0,47,0,24,75,0,99,66,0,66,165
09/10/2020,SGR,TX,ASW,CE,Federal Contract Tower,0,12,42,0,54,0,5,19,0,24,0,17,61,0,78,4,0,4,82
09/11/2020,SGR,TX,ASW,CE,Federal Contract Tower,0,15,80,0,95,0,1,71,0,72,0,16,151,0,167,84,0,84,251
09/12/2020,SGR,TX,ASW,CE,Federal Contract Tower,0,18,38,0,56,0,0,80,0,80,0,18,118,0,136,82,0,82,218
09/13/2020,SGR,TX,ASW,CE,Federal Contract Tower,0,16,36,0,52,0,0,56,0,56,0,16,92,0,108,34,0,34,142
09/14/2020,SGR,TX,ASW,CE,Federal Contract Tower,0,13,40,0,53,0,6,47,0,53,0,19,87,0,106,14,0,14,120
09/15/2020,SGR,TX,ASW,CE,Federal Contract Tower,0,19,47,0,66,0,4,63,0,67,0,23,110,0,133,64,0,64,197
09/16/2020,SGR,TX,ASW,CE,Federal Contract Tower,0,13,47,0,60,0,7,66,0,73,0,20,113,0,133,38,0,38,171
09/17/2020,SGR,TX,ASW,CE,Federal Contract Tower,0,11,55,0,66,0,17,77,2,96,0,28,132,2,162,118,2,120,282
09/18/2020,SGR,TX,ASW,CE,Federal Contract Tower,0,13,54,0,67,0,0,65,0,65,0,13,119,0,132,76,0,76,208
09/19/2020,SGR,TX,ASW,CE,Federal Contract Tower,0,13,41,0,54,0,0,68,0,68,0,13,109,0,122,44,0,44,166
09/20/2020,SGR,TX,ASW,CE,Federal Contract Tower,0,20,61,0,81,0,0,35,0,35,0,20,96,0,116,42,0,42,158
09/21/2020,SGR,TX,ASW,CE,Federal Contract Tower,0,6,21,0,27,0,0,1,0,1,0,6,22,0,28,0,0,0,28
09/22/2020,SGR,TX,ASW,CE,Federal Contract Tower,0,9,24,0,33,0,0,0,0,0,0,9,24,0,33,0,0,0,33
09/23/2020,SGR,TX,ASW,CE,Federal Contract Tower,0,14,37,4,55,0,5,19,0,24,0,19,56,4,79,0,0,0,79
09/24/2020,SGR,TX,ASW,CE,Federal Contract Tower,0,23,67,2,92,0,2,48,0,50,0,25,115,2,142,48,0,48,190
09/25/2020,SGR,TX,ASW,CE,Federal Contract Tower,0,21,56,0,77,0,0,86,0,86,0,21,142,0,163,104,0,104,267
09/26/2020,SGR,TX,ASW,CE,Federal Contract Tower,0,16,24,0,40,0,2,79,0,81,0,18,103,0,121,126,0,126,247
09/27/2020,SGR,TX,ASW,CE,Federal Contract Tower,0,15,48,0,63,0,0,68,0,68,0,15,116,0,131,70,0,70,201
09/28/2020,SGR,TX,ASW,CE,Federal Contract Tower,0,16,61,0,77,0,3,31,2,36,0,19,92,2,113,18,0,18,131
09/29/2020,SGR,TX,ASW,CE,Federal Contract Tower,0,21,69,2,92,0,4,88,2,94,0,25,157,4,186,76,0,76,262
09/30/2020,SGR,TX,ASW,CE,Federal Contract Tower,0,20,36,0,56,0,6,91,2,99,0,26,127,2,155,96,0,96,251
10/01/2020,SGR,TX,ASW,CE,Federal Contract Tower,0,8,53,2,63,0,3,86,0,89,0,11,139,2,152,124,0,124,276
10/02/2020,SGR,TX,ASW,CE,Federal Contract Tower,0,19,51,0,70,0,1,84,0,85,0,20,135,0,155,112,0,112,267
10/04/2020,SGR,TX,ASW,CE,Federal Contract Tower,0,22,32,0,54,0,0,69,0,69,0,22,101,0,123,64,0,64,187
10/05/2020,SGR,TX,ASW,CE,Federal Contract Tower,0,23,49,0,72,0,2,74,0,76,0,25,123,0,148,68,0,68,216
10/06/2020,SGR,TX,ASW,CE,Federal Contract Tower,0,15,38,0,53,0,8,76,0,84,0,23,114,0,137,84,0,84,221
10/07/2020,SGR,TX,ASW,CE,Federal Contract Tower,0,17,50,0,67,0,2,84,0,86,0,19,134,0,153,64,0,64,217
10/08/2020,SGR,TX,ASW,CE,Federal Contract Tower,0,24,53,0,77,0,2,73,0,75,0,26,126,0,152,112,0,112,264
10/09/2020,SGR,TX,ASW,CE,Federal Contract Tower,0,5,33,0,38,0,0,8,0,8,0,5,41,0,46,22,0,22,68
10/10/2020,SGR,TX,ASW,CE,Federal Contract Tower,0,8,28,0,36,0,0,93,0,93,0,8,121,0,129,110,0,110,239
10/11/2020,SGR,TX,ASW,CE,Federal Contract Tower,0,10,39,0,49,0,0,84,0,84,0,10,123,0,133,86,0,86,219
10/12/2020,SGR,TX,ASW,CE,Federal Contract Tower,0,13,57,0,70,0,0,42,0,42,0,13,99,0,112,60,0,60,172
10/13/2020,SGR,TX,ASW,CE,Federal Contract Tower,0,29,55,0,84,0,21,59,0,80,0,50,114,0,164,74,0,74,238
10/15/2020,SGR,TX,ASW,CE,Federal Contract Tower,0,17,57,0,74,0,2,78,0,80,0,19,135,0,154,114,0,114,268
10/16/2020,SGR,TX,ASW,CE,Federal Contract Tower,0,19,87,0,106,0,2,8,0,10,0,21,95,0,116,2,0,2,118
10/17/2020,SGR,TX,ASW,CE,Federal Contract Tower,0,15,43,0,58,0,0,79,0,79,0,15,122,0,137,104,0,104,241
10/18/2020,SGR,TX,ASW,CE,Federal Contract Tower,0,15,39,0,54,0,0,69,0,69,0,15,108,0,123,78,0,78,201
10/19/2020,SGR,TX,ASW,CE,Federal Contract Tower,0,15,46,0,61,0,4,32,0,36,0,19,78,0,97,38,0,38,135
10/20/2020,SGR,TX,ASW,CE,Federal Contract Tower,0,13,43,0,56,0,7,63,0,70,0,20,106,0,126,112,0,112,238
10/21/2020,SGR,TX,ASW,CE,Federal Contract Tower,0,12,65,0,77,0,3,62,0,65,0,15,127,0,142,53,0,53,195
10/22/2020,SGR,TX,ASW,CE,Federal Contract Tower,0,17,59,0,76,0,33,74,0,107,0,50,133,0,183,120,0,120,303
10/23/2020,SGR,TX,ASW,CE,Federal Contract Tower,0,9,54,0,63,0,1,48,0,49,0,10,102,0,112,50,0,50,162
10/24/2020,SGR,TX,ASW,CE,Federal Contract Tower,0,9,49,0,58,0,2,82,0,84,0,11,131,0,142,160,0,160,302
10/25/2020,SGR,TX,ASW,CE,Federal Contract Tower,0,12,59,0,71,0,0,32,0,32,0,12,91,0,103,80,0,80,183
10/26/2020,SGR,TX,ASW,CE,Federal Contract Tower,0,10,43,0,53,0,8,48,1,57,0,18,91,1,110,64,0,64,174
10/27/2020,SGR,TX,ASW,CE,Federal Contract Tower,0,17,43,0,60,0,2,5,0,7,0,19,48,0,67,0,0,0,67
10/28/2020,SGR,TX,ASW,CE,Federal Contract Tower,0,11,56,0,67,0,0,11,0,11,0,11,67,0,78,38,0,38,116
10/29/2020,SGR,TX,ASW,CE,Federal Contract Tower,0,11,49,0,60,0,0,85,0,85,0,11,134,0,145,88,0,88,233
10/30/2020,SGR,TX,ASW,CE,Federal Contract Tower,0,14,61,0,75,0,0,128,0,128,0,14,189,0,203,102,0,102,305
10/31/2020,SGR,TX,ASW,CE,Federal Contract Tower,0,12,17,0,29,0,0,95,0,95,0,12,112,0,124,148,0,148,272
11/01/2020,SGR,TX,ASW,CE,Federal Contract Tower,0,11,33,0,44,0,0,83,0,83,0,11,116,0,127,94,0,94,221
11/02/2020,SGR,TX,ASW,CE,Federal Contract Tower,0,10,35,0,45,0,0,81,0,81,0,10,116,0,126,90,0,90,216
11/03/2020,SGR,TX,ASW,CE,Federal Contract Tower,0,9,46,0,55,0,5,77,0,82,0,14,123,0,137,118,0,118,255
11/04/2020,SGR,TX,ASW,CE,Federal Contract Tower,0,24,50,0,74,0,0,72,0,72,0,24,122,0,146,102,0,102,248
11/05/2020,SGR,TX,ASW,CE,Federal Contract Tower,0,29,60,0,89,0,0,70,6,76,0,29,130,6,165,98,4,102,267
11/06/2020,SGR,TX,ASW,CE,Federal Contract Tower,0,22,36,0,58,0,0,68,0,68,0,22,104,0,126,104,0,104,230
11/07/2020,SGR,TX,ASW,CE,Federal Contract Tower,0,10,30,0,40,0,0,90,0,90,0,10,120,0,130,116,0,116,246
11/08/2020,SGR,TX,ASW,CE,Federal Contract Tower,0,13,48,0,61,0,0,51,0,51,0,13,99,0,112,96,0,96,208
11/09/2020,SGR,TX,ASW,CE,Federal Contract Tower,0,20,45,1,66,0,2,44,0,46,0,22,89,1,112,66,0,66,178
11/10/2020,SGR,TX,ASW,CE,Federal Contract Tower,0,17,63,0,80,0,4,67,0,71,0,21,130,0,151,94,0,94,245
11/11/2020,SGR,TX,ASW,CE,Federal Contract Tower,0,10,80,0,90,0,7,74,0,81,0,17,154,0,171,76,0,76,247
11/12/2020,SGR,TX,ASW,CE,Federal Contract Tower,0,15,65,0,80,0,15,103,0,118,0,30,168,0,198,98,0,98,296
11/13/2020,SGR,TX,ASW,CE,Federal Contract Tower,0,20,55,0,75,0,1,23,1,25,0,21,78,1,100,30,0,30,130
11/14/2020,SGR,TX,ASW,CE,Federal Contract Tower,0,3,28,0,31,0,0,54,0,54,0,3,82,0,85,104,0,104,189
11/15/2020,SGR,TX,ASW,CE,Federal Contract Tower,0,16,42,0,58,0,0,72,2,74,0,16,114,2,132,72,0,72,204
11/16/2020,SGR,TX,ASW,CE,Federal Contract Tower,0,13,57,0,70,0,3,70,2,75,0,16,127,2,145,110,0,110,255
11/17/2020,SGR,TX,ASW,CE,Federal Contract Tower,0,2,48,0,50,0,4,108,3,115,0,6,156,3,165,156,0,156,321
11/18/2020,SGR,TX,ASW,CE,Federal Contract Tower,0,11,50,0,61,0,6,94,0,100,0,17,144,0,161,112,0,112,273
11/19/2020,SGR,TX,ASW,CE,Federal Contract Tower,0,17,54,0,71,0,3,74,1,78,0,20,128,1,149,88,0,88,237
11/20/2020,SGR,TX,ASW,CE,Federal Contract Tower,0,25,55,0,80,0,4,58,0,62,0,29,113,0,142,98,0,98,240
11/21/2020,SGR,TX,ASW,CE,Federal Contract Tower,0,18,46,0,64,0,0,70,0,70,0,18,116,0,134,106,0,106,240
11/22/2020,SGR,TX,ASW,CE,Federal Contract Tower,0,12,49,0,61,0,0,77,0,77,0,12,126,0,138,142,0,142,280
11/23/2020,SGR,TX,ASW,CE,Federal Contract Tower,0,11,65,0,76,0,1,21,0,22,0,12,86,0,98,58,0,58,156
11/24/2020,SGR,TX,ASW,CE,Federal Contract Tower,0,10,31,1,42,0,2,46,1,49,0,12,77,2,91,72,0,72,163
11/25/2020,SGR,TX,ASW,CE,Federal Contract Tower,0,10,46,0,56,0,2,58,0,60,0,12,104,0,116,88,0,88,204
11/26/2020,SGR,TX,ASW,CE,Federal Contract Tower,0,4,16,0,20,0,0,5,0,5,0,4,21,0,25,0,0,0,25
11/27/2020,SGR,TX,ASW,CE,Federal Contract Tower,0,16,17,0,33,0,0,0,0,0,0,16,17,0,33,0,0,0,33
11/28/2020,SGR,TX,ASW,CE,Federal Contract Tower,0,15,18,0,33,0,0,0,0,0,0,15,18,0,33,0,0,0,33
11/29/2020,SGR,TX,ASW,CE,Federal Contract Tower,0,27,99,0,126,0,0,16,0,16,0,27,115,0,142,0,0,0,142
11/30/2020,SGR,TX,ASW,CE,Federal Contract Tower,0,8,60,1,69,0,6,90,1,97,0,14,150,2,166,84,0,84,250
12/01/2020,SGR,TX,ASW,CE,Federal Contract Tower,0,13,47,0,60,0,4,100,0,104,0,17,147,0,164,124,0,124,288
12/02/2020,SGR,TX,ASW,CE,Federal Contract Tower,0,10,25,0,35,0,0,3,0,3,0,10,28,0,38,4,0,4,42
12/03/2020,SGR,TX,ASW,CE,Federal Contract Tower,0,14,73,0,87,0,4,84,0,88,0,18,157,0,175,134,0,134,309
12/04/2020,SGR,TX,ASW,CE,Federal Contract Tower,0,10,50,0,60,0,2,95,0,97,0,12,145,0,157,88,0,88,245
12/05/2020,SGR,TX,ASW,CE,Federal Contract Tower,0,17,21,0,38,0,0,84,0,84,0,17,105,0,122,118,0,118,240
12/06/2020,SGR,TX,ASW,CE,Federal Contract Tower,0,24,53,0,77,0,1,82,0,83,0,25,135,0,160,98,0,98,258
12/07/2020,SGR,TX,ASW,CE,Federal Contract Tower,0,16,36,0,52,0,4,76,0,80,0,20,112,0,132,78,0,78,210
12/08/2020,SGR,TX,ASW,CE,Federal Contract Tower,0,12,52,3,67,0,6,88,0,94,0,18,140,3,161,120,0,120,281
12/09/2020,SGR,TX,ASW,CE,Federal Contract Tower,0,9,60,0,69,0,4,96,2,102,0,13,156,2,171,106,0,106,277
12/10/2020,SGR,TX,ASW,CE,Federal Contract Tower,0,13,57,0,70,0,2,71,0,73,0,15,128,0,143,142,0,142,285
12/11/2020,SGR,TX,ASW,CE,Federal Contract Tower,0,14,32,0,46,0,0,24,0,24,0,14,56,0,70,60,0,60,130
12/12/2020,SGR,TX,ASW,CE,Federal Contract Tower,0,15,32,0,47,0,0,21,0,21,0,15,53,0,68,12,0,12,80
12/13/2020,SGR,TX,ASW,CE,Federal Contract Tower,0,18,30,0,48,0,0,1,0,1,0,18,31,0,49,0,0,0,49
12/14/2020,SGR,TX,ASW,CE,Federal Contract Tower,0,8,42,0,50,0,0,46,0,46,0,8,88,0,96,86,0,86,182
12/15/2020,SGR,TX,ASW,CE,Federal Contract Tower,0,14,78,0,92,0,5,0,0,5,0,19,78,0,97,0,0,0,97
12/16/2020,SGR,TX,ASW,CE,Federal Contract Tower,0,58,58,0,116,0,8,86,0,94,0,66,144,0,210,70,0,70,280
12/17/2020,SGR,TX,ASW,CE,Federal Contract Tower,0,14,56,1,71,0,6,107,1,114,0,20,163,2,185,118,0,118,303
12/18/2020,SGR,TX,ASW,CE,Federal Contract Tower,0,17,62,0,79,0,2,83,0,85,0,19,145,0,164,40,0,40,204
12/19/2020,SGR,TX,ASW,CE,Federal Contract Tower,0,21,17,0,38,0,0,5,0,5,0,21,22,0,43,0,0,0,43
12/20/2020,SGR,TX,ASW,CE,Federal Contract Tower,0,27,56,0,83,0,0,109,0,109,0,27,165,0,192,96,0,96,288
12/21/2020,SGR,TX,ASW,CE,Federal Contract Tower,0,10,32,0,42,0,2,73,0,75,0,12,105,0,117,66,0,66,183
12/22/2020,SGR,TX,ASW,CE,Federal Contract Tower,0,15,57,2,74,0,1,92,0,93,0,16,149,2,167,96,0,96,263
12/23/2020,SGR,TX,ASW,CE,Federal Contract Tower,0,14,48,0,62,0,2,18,0,20,0,16,66,0,82,40,0,40,122
12/24/2020,SGR,TX,ASW,CE,Federal Contract Tower,0,7,12,0,19,0,0,26,0,26,0,7,38,0,45,10,0,10,55
12/25/2020,SGR,TX,ASW,CE,Federal Contract Tower,0,7,6,0,13,0,0,18,0,18,0,7,24,0,31,2,0,2,33
12/26/2020,SGR,TX,ASW,CE,Federal Contract Tower,0,14,29,0,43,0,0,80,0,80,0,14,109,0,123,110,0,110,233
12/27/2020,SGR,TX,ASW,CE,Federal Contract Tower,0,19,39,0,58,0,0,55,0,55,0,19,94,0,113,92,0,92,205
12/28/2020,SGR,TX,ASW,CE,Federal Contract Tower,0,22,32,0,54,0,4,59,0,63,0,26,91,0,117,80,0,80,197
12/29/2020,SGR,TX,ASW,CE,Federal Contract Tower,0,11,32,0,43,0,2,29,0,31,0,13,61,0,74,22,0,22,96
12/30/2020,SGR,TX,ASW,CE,Federal Contract Tower,0,16,41,0,57,0,0,16,2,18,0,16,57,2,75,12,0,12,87
12/31/2020,SGR,TX,ASW,CE,Federal Contract Tower,0,9,14,0,23,0,0,0,0,0,0,9,14,0,23,0,0,0,23
01/01/2021,SGR,TX,ASW,CE,Federal Contract Tower,0,16,30,0,46,0,0,26,0,26,0,16,56,0,72,8,0,8,80
01/02/2021,SGR,TX,ASW,CE,Federal Contract Tower,0,27,37,0,64,0,0,112,0,112,0,27,149,0,176,108,0,108,284
01/03/2021,SGR,TX,ASW,CE,Federal Contract Tower,0,22,45,0,67,0,0,92,0,92,0,22,137,0,159,34,0,34,193
01/04/2021,SGR,TX,ASW,CE,Federal Contract Tower,0,14,45,0,59,0,8,69,0,77,0,22,114,0,136,32,0,32,168
01/05/2021,SGR,TX,ASW,CE,Federal Contract Tower,0,22,53,1,76,0,7,82,1,90,0,29,135,2,166,62,0,62,228
01/06/2021,SGR,TX,ASW,CE,Federal Contract Tower,0,17,18,0,35,0,1,32,0,33,0,18,50,0,68,50,0,50,118
01/07/2021,SGR,TX,ASW,CE,Federal Contract Tower,0,16,50,0,66,0,4,65,0,69,0,20,115,0,135,42,0,42,177
01/08/2021,SGR,TX,ASW,CE,Federal Contract Tower,0,19,53,0,72,0,0,62,0,62,0,19,115,0,134,74,0,74,208
01/09/2021,SGR,TX,ASW,CE,Federal Contract Tower,0,6,29,0,35,0,1,103,0,104,0,7,132,0,139,140,0,140,279
01/10/2021,SGR,TX,ASW,CE,Federal Contract Tower,0,17,21,0,38,0,0,0,0,0,0,17,21,0,38,0,0,0,38
01/11/2021,SGR,TX,ASW,CE,Federal Contract Tower,0,15,36,0,51,0,2,27,0,29,0,17,63,0,80,80,0,80,160
01/12/2021,SGR,TX,ASW,CE,Federal Contract Tower,0,21,55,0,76,0,5,57,2,64,0,26,112,2,140,74,0,74,214
01/13/2021,SGR,TX,ASW,CE,Federal Contract Tower,0,10,53,0,63,0,3,82,0,85,0,13,135,0,148,60,0,60,208
01/14/2021,SGR,TX,ASW,CE,Federal Contract Tower,0,21,40,1,62,0,3,79,2,84,0,24,119,3,146,22,0,22,168
01/15/2021,SGR,TX,ASW,CE,Federal Contract Tower,0,16,57,1,74,0,6,67,2,75,0,22,124,3,149,10,0,10,159
01/16/2021,SGR,TX,ASW,CE,Federal Contract Tower,0,9,31,0,40,0,0,73,0,73,0,9,104,0,113,102,0,102,215
01/17/2021,SGR,TX,ASW,CE,Federal Contract Tower,0,16,39,0,55,0,0,88,0,88,0,16,127,0,143,82,0,82,225
01/18/2021,SGR,TX,ASW,CE,Federal Contract Tower,0,17,52,0,69,0,2,89,0,91,0,19,141,0,160,88,0,88,248
01/19/2021,SGR,TX,ASW,CE,Federal Contract Tower,0,5,40,0,45,0,4,53,0,57,0,9,93,0,102,34,0,34,136
01/20/2021,SGR,TX,ASW,CE,Federal Contract Tower,0,20,71,0,91,0,0,0,0,0,0,20,71,0,91,0,0,0,91
01/21/2021,SGR,TX,ASW,CE,Federal Contract Tower,0,23,51,0,74,0,0,0,0,0,0,23,51,0,74,0,0,0,74
01/22/2021,SGR,TX,ASW,CE,Federal Contract Tower,0,14,30,0,44,0,0,14,0,14,0,14,44,0,58,24,0,24,82
01/23/2021,SGR,TX,ASW,CE,Federal Contract Tower,0,8,42,0,50,0,0,0,0,0,0,8,42,0,50,0,0,0,50
01/24/2021,SGR,TX,ASW,CE,Federal Contract Tower,0,16,40,0,56,0,0,12,0,12,0,16,52,0,68,42,0,42,110
01/25/2021,SGR,TX,ASW,CE,Federal Contract Tower,0,11,33,0,44,0,2,49,0,51,0,13,82,0,95,26,0,26,121
01/26/2021,SGR,TX,ASW,CE,Federal Contract Tower,0,12,64,0,76,0,7,114,0,121,0,19,178,0,197,70,0,70,267
01/27/2021,SGR,TX,ASW,CE,Federal Contract Tower,0,19,65,0,84,0,2,68,0,70,0,21,133,0,154,58,0,58,212
01/28/2021,SGR,TX,ASW,CE,Federal Contract Tower,0,17,73,0,90,0,4,101,0,105,0,21,174,0,195,160,0,160,355
01/29/2021,SGR,TX,ASW,CE,Federal Contract Tower,0,13,52,0,65,0,0,116,10,126,0,13,168,10,191,130,8,138,329
01/30/2021,SGR,TX,ASW,CE,Federal Contract Tower,0,4,28,0,32,0,0,40,0,40,0,4,68,0,72,72,0,72,144
01/31/2021,SGR,TX,ASW,CE,Federal Contract Tower,0,13,52,0,65,0,0,112,0,112,0,13,164,0,177,40,0,40,217
02/01/2021,SGR,TX,ASW,CE,Federal Contract Tower,0,12,44,0,56,0,6,91,0,97,0,18,135,0,153,72,0,72,225
02/02/2021,SGR,TX,ASW,CE,Federal Contract Tower,0,14,49,0,63,0,2,87,0,89,0,16,136,0,152,104,0,104,256
02/03/2021,SGR,TX,ASW,CE,Federal Contract Tower,0,17,37,0,54,0,4,72,0,76,0,21,109,0,130,106,0,106,236
02/04/2021,SGR,TX,ASW,CE,Federal Contract Tower,0,18,52,0,70,0,2,56,0,58,0,20,108,0,128,62,0,62,190
02/05/2021,SGR,TX,ASW,CE,Federal Contract Tower,0,13,48,0,61,0,0,37,0,37,0,13,85,0,98,38,0,38,136
02/06/2021,SGR,TX,ASW,CE,Federal Contract Tower,0,13,34,0,47,0,0,26,0,26,0,13,60,0,73,22,0,22,95
02/07/2021,SGR,TX,ASW,CE,Federal Contract Tower,0,12,25,0,37,0,0,88,0,88,0,12,113,0,125,42,0,42,167
02/08/2021,SGR,TX,ASW,CE,Federal Contract Tower,0,22,41,0,63,0,1,66,0,67,0,23,107,0,130,78,0,78,208
02/09/2021,SGR,TX,ASW,CE,Federal Contract Tower,0,12,65,0,77,0,4,7,0,11,0,16,72,0,88,6,0,6,94
02/10/2021,SGR,TX,ASW,CE,Federal Contract Tower,0,0,0,0,0,0,0,0,0,0,0,0,0,0,0,0,0,0,0
02/11/2021,SGR,TX,ASW,CE,Federal Contract Tower,0,19,47,0,66,0,0,0,0,0,0,19,47,0,66,0,0,0,66
02/13/2021,SGR,TX,ASW,CE,Federal Contract Tower,0,17,17,0,34,0,0,4,0,4,0,17,21,0,38,4,0,4,42
02/14/2021,SGR,TX,ASW,CE,Federal Contract Tower,0,18,15,0,33,0,0,0,0,0,0,18,15,0,33,0,0,0,33
02/15/2021,SGR,TX,ASW,CE,Federal Contract Tower,0,0,0,0,0,0,0,0,0,0,0,0,0,0,0,0,0,0,0
02/16/2021,SGR,TX,ASW,CE,Federal Contract Tower,0,0,0,0,0,0,0,0,0,0,0,0,0,0,0,0,0,0,0
02/17/2021,SGR,TX,ASW,CE,Federal Contract Tower,0,4,4,0,8,0,0,0,0,0,0,4,4,0,8,0,0,0,8
02/18/2021,SGR,TX,ASW,CE,Federal Contract Tower,0,17,18,0,35,0,2,3,0,5,0,19,21,0,40,16,4,20,60
02/19/2021,SGR,TX,ASW,CE,Federal Contract Tower,0,9,21,0,30,0,0,69,0,69,0,9,90,0,99,134,0,134,233
02/20/2021,SGR,TX,ASW,CE,Federal Contract Tower,0,3,25,0,28,0,1,96,0,97,0,4,121,0,125,120,0,120,245
02/21/2021,SGR,TX,ASW,CE,Federal Contract Tower,0,9,35,0,44,0,0,46,0,46,0,9,81,0,90,70,0,70,160
02/22/2021,SGR,TX,ASW,CE,Federal Contract Tower,0,14,55,0,69,0,2,91,0,93,0,16,146,0,162,84,0,84,246
02/23/2021,SGR,TX,ASW,CE,Federal Contract Tower,0,22,68,0,90,0,3,106,0,109,0,25,174,0,199,62,0,62,261
02/24/2021,SGR,TX,ASW,CE,Federal Contract Tower,0,16,59,0,75,0,5,38,0,43,0,21,97,0,118,58,0,58,176
02/25/2021,SGR,TX,ASW,CE,Federal Contract Tower,0,21,48,0,69,0,0,5,0,5,0,21,53,0,74,18,0,18,92
02/26/2021,SGR,TX,ASW,CE,Federal Contract Tower,0,49,92,0,141,0,0,7,0,7,0,49,99,0,148,4,0,4,152
02/27/2021,SGR,TX,ASW,CE,Federal Contract Tower,0,11,46,0,57,0,0,32,0,32,0,11,78,0,89,64,0,64,153
02/28/2021,SGR,TX,ASW,CE,Federal Contract Tower,0,37,50,0,87,0,0,21,0,21,0,37,71,0,108,14,0,14,122
03/01/2021,SGR,TX,ASW,CE,Federal Contract Tower,0,19,34,0,53,0,2,0,0,2,0,21,34,0,55,0,0,0,55
03/02/2021,SGR,TX,ASW,CE,Federal Contract Tower,0,16,60,0,76,0,3,53,0,56,0,19,113,0,132,52,0,52,184
03/03/2021,SGR,TX,ASW,CE,Federal Contract Tower,0,23,54,0,77,0,0,97,0,97,0,23,151,0,174,40,0,40,214
03/04/2021,SGR,TX,ASW,CE,Federal Contract Tower,0,15,57,0,72,0,4,106,0,110,0,19,163,0,182,128,0,128,310
03/05/2021,SGR,TX,ASW,CE,Federal Contract Tower,0,15,47,0,62,0,1,59,0,60,0,16,106,0,122,126,0,126,248
03/06/2021,SGR,TX,ASW,CE,Federal Contract Tower,0,4,27,0,31,0,0,93,0,93,0,4,120,0,124,78,0,78,202
03/07/2021,SGR,TX,ASW,CE,Federal Contract Tower,0,23,59,0,82,0,0,93,0,93,0,23,152,0,175,48,0,48,223
03/08/2021,SGR,TX,ASW,CE,Federal Contract Tower,0,13,43,0,56,0,1,85,0,86,0,14,128,0,142,110,0,110,252
03/09/2021,SGR,TX,ASW,CE,Federal Contract Tower,0,13,35,0,48,0,8,52,0,60,0,21,87,0,108,26,0,26,134
03/10/2021,SGR,TX,ASW,CE,Federal Contract Tower,0,12,52,0,64,0,1,21,0,22,0,13,73,0,86,12,0,12,98
03/11/2021,SGR,TX,ASW,CE,Federal Contract Tower,0,21,84,5,110,0,1,51,0,52,0,22,135,5,162,102,0,102,264
03/12/2021,SGR,TX,ASW,CE,Federal Contract Tower,0,40,64,0,104,0,1,68,9,78,0,41,132,9,182,74,0,74,256
03/13/2021,SGR,TX,ASW,CE,Federal Contract Tower,0,33,58,0,91,0,0,57,0,57,0,33,115,0,148,80,0,80,228
03/14/2021,SGR,TX,ASW,CE,Federal Contract Tower,0,16,46,0,62,0,0,0,0,0,0,16,46,0,62,10,0,10,72
03/15/2021,SGR,TX,ASW,CE,Federal Contract Tower,0,21,58,0,79,0,0,9,0,9,0,21,67,0,88,6,0,6,94
03/16/2021,SGR,TX,ASW,CE,Federal Contract Tower,0,21,35,0,56,0,4,5,0,9,0,25,40,0,65,2,0,2,67
03/17/2021,SGR,TX,ASW,CE,Federal Contract Tower,0,18,41,0,59,0,1,19,0,20,0,19,60,0,79,6,0,6,85
03/18/2021,SGR,TX,ASW,CE,Federal Contract Tower,0,12,59,0,71,0,1,74,0,75,0,13,133,0,146,44,0,44,190
03/19/2021,SGR,TX,ASW,CE,Federal Contract Tower,0,27,85,0,112,0,0,114,0,114,0,27,199,0,226,122,0,122,348
03/20/2021,SGR,TX,ASW,CE,Federal Contract Tower,0,22,55,2,79,0,2,112,0,114,0,24,167,2,193,124,0,124,317
03/21/2021,SGR,TX,ASW,CE,Federal Contract Tower,0,22,65,0,87,0,2,90,0,92,0,24,155,0,179,70,0,70,249
03/22/2021,SGR,TX,ASW,CE,Federal Contract Tower,0,12,39,0,51,0,1,42,0,43,0,13,81,0,94,22,0,22,116
03/23/2021,SGR,TX,ASW,CE,Federal Contract Tower,0,15,59,0,74,0,1,68,0,69,0,16,127,0,143,36,0,36,179
03/24/2021,SGR,TX,ASW,CE,Federal Contract Tower,0,13,80,0,93,0,0,0,0,0,0,13,80,0,93,0,0,0,93
03/25/2021,SGR,TX,ASW,CE,Federal Contract Tower,0,13,60,0,73,0,5,63,0,68,0,18,123,0,141,56,0,56,197
03/26/2021,SGR,TX,ASW,CE,Federal Contract Tower,0,18,42,0,60,0,3,117,0,120,0,21,159,0,180,156,0,156,336
03/27/2021,SGR,TX,ASW,CE,Federal Contract Tower,0,14,54,0,68,0,0,14,0,14,0,14,68,0,82,36,0,36,118
03/28/2021,SGR,TX,ASW,CE,Federal Contract Tower,0,17,29,0,46,0,0,39,0,39,0,17,68,0,85,70,0,70,155
03/29/2021,SGR,TX,ASW,CE,Federal Contract Tower,0,8,41,0,49,0,11,89,0,100,0,19,130,0,149,120,0,120,269
03/30/2021,SGR,TX,ASW,CE,Federal Contract Tower,0,13,54,0,67,0,2,22,0,24,0,15,76,0,91,32,0,32,123
03/31/2021,SGR,TX,ASW,CE,Federal Contract Tower,0,21,41,0,62,0,0,2,0,2,0,21,43,0,64,0,0,0,64
04/01/2021,SGR,TX,ASW,CE,Federal Contract Tower,0,18,72,0,90,0,4,98,0,102,0,22,170,0,192,112,0,112,304
04/02/2021,SGR,TX,ASW,CE,Federal Contract Tower,0,26,39,0,65,0,0,80,0,80,0,26,119,0,145,94,0,94,239
04/03/2021,SGR,TX,ASW,CE,Federal Contract Tower,0,9,29,0,38,0,0,65,0,65,0,9,94,0,103,106,0,106,209
04/04/2021,SGR,TX,ASW,CE,Federal Contract Tower,0,23,53,0,76,0,0,24,0,24,0,23,77,0,100,32,0,32,132
04/05/2021,SGR,TX,ASW,CE,Federal Contract Tower,0,21,41,0,62,0,5,79,0,84,0,26,120,0,146,108,0,108,254
04/06/2021,SGR,TX,ASW,CE,Federal Contract Tower,0,40,54,2,96,0,4,41,0,45,0,44,95,2,141,60,0,60,201
04/08/2021,SGR,TX,ASW,CE,Federal Contract Tower,0,12,63,0,75,0,0,65,0,65,0,12,128,0,140,120,0,120,260
04/09/2021,SGR,TX,ASW,CE,Federal Contract Tower,0,15,78,0,93,0,0,36,0,36,0,15,114,0,129,106,0,106,235
04/10/2021,SGR,TX,ASW,CE,Federal Contract Tower,0,15,35,0,50,0,0,65,0,65,0,15,100,0,115,86,0,86,201
04/11/2021,SGR,TX,ASW,CE,Federal Contract Tower,0,20,60,0,80,0,4,95,0,99,0,24,155,0,179,104,0,104,283
04/12/2021,SGR,TX,ASW,CE,Federal Contract Tower,0,24,46,0,70,0,0,81,0,81,0,24,127,0,151,134,0,134,285
04/13/2021,SGR,TX,ASW,CE,Federal Contract Tower,0,12,57,0,69,0,0,14,0,14,0,12,71,0,83,22,0,22,105
04/14/2021,SGR,TX,ASW,CE,Federal Contract Tower,0,30,77,0,107,0,2,1,1,4,0,32,78,1,111,0,0,0,111
04/15/2021,SGR,TX,ASW,CE,Federal Contract Tower,0,21,75,0,96,0,0,8,0,8,0,21,83,0,104,8,0,8,112
04/16/2021,SGR,TX,ASW,CE,Federal Contract Tower,0,16,34,0,50,0,0,0,0,0,0,16,34,0,50,0,0,0,50
04/17/2021,SGR,TX,ASW,CE,Federal Contract Tower,0,10,44,0,54,0,2,17,0,19,0,12,61,0,73,60,0,60,133
04/18/2021,SGR,TX,ASW,CE,Federal Contract Tower,0,28,50,0,78,0,1,111,0,112,0,29,161,0,190,142,0,142,332
04/19/2021,SGR,TX,ASW,CE,Federal Contract Tower,0,18,61,0,79,0,8,69,0,77,0,26,130,0,156,136,0,136,292
04/20/2021,SGR,TX,ASW,CE,Federal Contract Tower,0,14,51,0,65,0,1,96,2,99,0,15,147,2,164,92,0,92,256
04/21/2021,SGR,TX,ASW,CE,Federal Contract Tower,0,24,82,0,106,0,6,102,0,108,0,30,184,0,214,68,0,68,282
04/22/2021,SGR,TX,ASW,CE,Federal Contract Tower,0,21,58,0,79,0,2,64,2,68,0,23,122,2,147,90,0,90,237
04/23/2021,SGR,TX,ASW,CE,Federal Contract Tower,0,22,49,0,71,0,0,0,0,0,0,22,49,0,71,0,0,0,71
04/24/2021,SGR,TX,ASW,CE,Federal Contract Tower,0,20,45,0,65,0,2,104,0,106,0,22,149,0,171,30,0,30,201
04/25/2021,SGR,TX,ASW,CE,Federal Contract Tower,0,29,48,0,77,0,0,96,0,96,0,29,144,0,173,92,0,92,265
04/26/2021,SGR,TX,ASW,CE,Federal Contract Tower,0,12,42,2,56,0,1,91,0,92,0,13,133,2,148,52,0,52,200
04/27/2021,SGR,TX,ASW,CE,Federal Contract Tower,0,12,74,0,86,0,0,12,0,12,0,12,86,0,98,22,0,22,120
04/28/2021,SGR,TX,ASW,CE,Federal Contract Tower,0,12,50,0,62,0,10,31,0,41,0,22,81,0,103,54,0,54,157
04/30/2021,SGR,TX,ASW,CE,Federal Contract Tower,0,9,20,0,29,0,0,0,0,0,0,9,20,0,29,0,0,0,29
05/01/2021,SGR,TX,ASW,CE,Federal Contract Tower,0,16,12,0,28,0,2,0,0,2,0,18,12,0,30,0,0,0,30
05/02/2021,SGR,TX,ASW,CE,Federal Contract Tower,0,18,36,0,54,0,0,60,0,60,0,18,96,0,114,72,2,74,188
05/03/2021,SGR,TX,ASW,CE,Federal Contract Tower,0,16,72,0,88,0,6,45,2,53,0,22,117,2,141,100,2,102,243
05/04/2021,SGR,TX,ASW,CE,Federal Contract Tower,0,26,53,0,79,0,2,43,0,45,0,28,96,0,124,82,0,82,206
05/05/2021,SGR,TX,ASW,CE,Federal Contract Tower,0,19,94,4,117,0,3,120,1,124,0,22,214,5,241,16,24,40,281
05/06/2021,SGR,TX,ASW,CE,Federal Contract Tower,0,30,83,0,113,0,7,118,0,125,0,37,201,0,238,144,0,144,382
05/07/2021,SGR,TX,ASW,CE,Federal Contract Tower,0,17,46,0,63,0,1,123,2,126,0,18,169,2,189,164,0,164,353
05/08/2021,SGR,TX,ASW,CE,Federal Contract Tower,0,15,51,0,66,0,2,79,0,81,0,17,130,0,147,138,0,138,285
05/09/2021,SGR,TX,ASW,CE,Federal Contract Tower,0,21,49,0,70,0,0,36,0,36,0,21,85,0,106,70,0,70,176
05/10/2021,SGR,TX,ASW,CE,Federal Contract Tower,0,26,48,2,76,0,0,63,0,63,0,26,111,2,139,90,0,90,229
05/11/2021,SGR,TX,ASW,CE,Federal Contract Tower,0,11,39,0,50,0,2,27,0,29,0,13,66,0,79,30,0,30,109
05/12/2021,SGR,TX,ASW,CE,Federal Contract Tower,0,24,47,0,71,0,5,5,0,10,0,29,52,0,81,16,6,22,103
05/13/2021,SGR,TX,ASW,CE,Federal Contract Tower,0,22,104,0,126,0,9,56,0,65,0,31,160,0,191,114,0,114,305
05/14/2021,SGR,TX,ASW,CE,Federal Contract Tower,0,28,56,0,84,0,0,71,0,71,0,28,127,0,155,58,0,58,213
05/15/2021,SGR,TX,ASW,CE,Federal Contract Tower,0,9,35,0,44,0,0,78,4,82,0,9,113,4,126,160,0,160,286
05/16/2021,SGR,TX,ASW,CE,Federal Contract Tower,0,28,39,0,67,0,0,1,0,1,0,28,40,0,68,0,0,0,68
05/17/2021,SGR,TX,ASW,CE,Federal Contract Tower,0,18,28,2,48,0,7,35,2,44,0,25,63,4,92,52,10,62,154
05/18/2021,SGR,TX,ASW,CE,Federal Contract Tower,0,17,47,0,64,0,4,48,0,52,0,21,95,0,116,52,0,52,168
05/19/2021,SGR,TX,ASW,CE,Federal Contract Tower,0,22,35,0,57,0,0,11,0,11,0,22,46,0,68,16,0,16,84
05/20/2021,SGR,TX,ASW,CE,Federal Contract Tower,0,21,50,2,73,0,1,28,0,29,0,22,78,2,102,62,0,62,164
05/21/2021,SGR,TX,ASW,CE,Federal Contract Tower,0,14,56,0,70,0,0,14,0,14,0,14,70,0,84,36,0,36,120
05/22/2021,SGR,TX,ASW,CE,Federal Contract Tower,0,12,24,0,36,0,0,10,0,10,0,12,34,0,46,22,0,22,68
05/23/2021,SGR,TX,ASW,CE,Federal Contract Tower,0,19,43,0,62,0,1,8,0,9,0,20,51,0,71,10,0,10,81
05/24/2021,SGR,TX,ASW,CE,Federal Contract Tower,0,27,49,0,76,0,0,19,0,19,0,27,68,0,95,16,0,16,111
05/25/2021,SGR,TX,ASW,CE,Federal Contract Tower,0,25,52,0,77,0,5,36,0,41,0,30,88,0,118,86,0,86,204
05/26/2021,SGR,TX,ASW,CE,Federal Contract Tower,0,18,61,0,79,0,2,59,2,63,0,20,120,2,142,122,8,130,272
05/27/2021,SGR,TX,ASW,CE,Federal Contract Tower,0,17,107,0,124,0,4,76,0,80,0,21,183,0,204,122,0,122,326
05/28/2021,SGR,TX,ASW,CE,Federal Contract Tower,0,21,41,5,67,0,2,43,2,47,0,23,84,7,114,66,4,70,184
05/29/2021,SGR,TX,ASW,CE,Federal Contract Tower,0,12,32,0,44,0,2,95,0,97,0,14,127,0,141,164,0,164,305
05/30/2021,SGR,TX,ASW,CE,Federal Contract Tower,0,12,35,1,48,0,2,53,0,55,0,14,88,1,103,88,0,88,191
05/31/2021,SGR,TX,ASW,CE,Federal Contract Tower,0,21,60,0,81,0,0,88,0,88,0,21,148,0,169,140,0,140,309
06/01/2021,SGR,TX,ASW,CE,Federal Contract Tower,0,25,45,0,70,0,2,47,0,49,0,27,92,0,119,126,0,126,245
06/02/2021,SGR,TX,ASW,CE,Federal Contract Tower,0,15,48,0,63,0,3,63,0,66,0,18,111,0,129,144,0,144,273
06/03/2021,SGR,TX,ASW,CE,Federal Contract Tower,0,19,57,0,76,0,3,45,0,48,0,22,102,0,124,86,0,86,210
06/04/2021,SGR,TX,ASW,CE,Federal Contract Tower,0,29,42,0,71,0,0,22,0,22,0,29,64,0,93,42,0,42,135
06/05/2021,SGR,TX,ASW,CE,Federal Contract Tower,0,17,27,0,44,0,0,65,0,65,0,17,92,0,109,142,0,142,251
06/06/2021,SGR,TX,ASW,CE,Federal Contract Tower,0,20,53,0,73,0,3,81,0,84,0,23,134,0,157,106,0,106,263
06/07/2021,SGR,TX,ASW,CE,Federal Contract Tower,0,20,62,0,82,0,4,66,0,70,0,24,128,0,152,72,0,72,224
06/08/2021,SGR,TX,ASW,CE,Federal Contract Tower,0,33,69,0,102,0,5,82,0,87,0,38,151,0,189,88,0,88,277
06/09/2021,SGR,TX,ASW,CE,Federal Contract Tower,0,17,78,2,97,0,6,70,0,76,0,23,148,2,173,132,0,132,305
06/10/2021,SGR,TX,ASW,CE,Federal Contract Tower,0,27,71,0,98,0,3,79,0,82,0,30,150,0,180,122,0,122,302
06/11/2021,SGR,TX,ASW,CE,Federal Contract Tower,0,22,59,0,81,0,3,118,0,121,0,25,177,0,202,126,0,126,328
06/12/2021,SGR,TX,ASW,CE,Federal Contract Tower,0,13,33,0,46,0,2,101,0,103,0,15,134,0,149,80,0,80,229
06/13/2021,SGR,TX,ASW,CE,Federal Contract Tower,0,14,33,0,47,0,0,85,0,85,0,14,118,0,132,106,0,106,238
06/14/2021,SGR,TX,ASW,CE,Federal Contract Tower,0,16,43,0,59,0,3,66,0,69,0,19,109,0,128,66,0,66,194
06/15/2021,SGR,TX,ASW,CE,Federal Contract Tower,0,22,41,0,63,0,5,80,1,86,0,27,121,1,149,74,0,74,223
06/16/2021,SGR,TX,ASW,CE,Federal Contract Tower,0,17,53,0,70,0,6,98,0,104,0,23,151,0,174,106,0,106,280
06/17/2021,SGR,TX,ASW,CE,Federal Contract Tower,0,19,50,0,69,0,1,107,0,108,0,20,157,0,177,98,0,98,275
06/18/2021,SGR,TX,ASW,CE,Federal Contract Tower,0,18,65,0,83,0,4,101,0,105,0,22,166,0,188,97,0,97,285
06/19/2021,SGR,TX,ASW,CE,Federal Contract Tower,0,20,32,0,52,0,0,96,0,96,0,20,128,0,148,94,0,94,242
06/20/2021,SGR,TX,ASW,CE,Federal Contract Tower,0,28,39,0,67,0,1,66,0,67,0,29,105,0,134,48,0,48,182
06/21/2021,SGR,TX,ASW,CE,Federal Contract Tower,0,31,48,0,79,0,2,55,0,57,0,33,103,0,136,112,0,112,248
06/22/2021,SGR,TX,ASW,CE,Federal Contract Tower,0,34,58,2,94,0,2,53,0,55,0,36,111,2,149,86,0,86,235
06/23/2021,SGR,TX,ASW,CE,Federal Contract Tower,0,29,70,0,99,0,0,90,0,90,0,29,160,0,189,98,0,98,287
06/24/2021,SGR,TX,ASW,CE,Federal Contract Tower,0,33,69,0,102,0,2,77,0,79,0,35,146,0,181,106,0,106,287
06/25/2021,SGR,TX,ASW,CE,Federal Contract Tower,0,10,39,0,49,0,2,94,0,96,0,12,133,0,145,134,0,134,279
06/26/2021,SGR,TX,ASW,CE,Federal Contract Tower,0,20,31,0,51,0,0,39,0,39,0,20,70,0,90,66,0,66,156
06/27/2021,SGR,TX,ASW,CE,Federal Contract Tower,0,25,32,0,57,0,0,56,0,56,0,25,88,0,113,54,0,54,167
06/28/2021,SGR,TX,ASW,CE,Federal Contract Tower,0,18,33,0,51,0,1,5,0,6,0,19,38,0,57,4,0,4,61
06/29/2021,SGR,TX,ASW,CE,Federal Contract Tower,0,14,54,0,68,0,4,37,0,41,0,18,91,0,109,64,0,64,173
06/30/2021,SGR,TX,ASW,CE,Federal Contract Tower,0,29,80,0,109,0,4,73,0,77,0,33,153,0,186,116,0,116,302
07/01/2021,SGR,TX,ASW,CE,Federal Contract Tower,0,18,60,1,79,0,2,80,2,84,0,20,140,3,163,122,0,122,285
07/02/2021,SGR,TX,ASW,CE,Federal Contract Tower,0,17,50,0,67,0,4,105,0,109,0,21,155,0,176,185,0,185,361
07/03/2021,SGR,TX,ASW,CE,Federal Contract Tower,0,9,9,0,18,0,0,35,0,35,0,9,44,0,53,60,0,60,113
07/04/2021,SGR,TX,ASW,CE,Federal Contract Tower,0,3,24,0,27,0,0,30,0,30,0,3,54,0,57,116,0,116,173
07/05/2021,SGR,TX,ASW,CE,Federal Contract Tower,0,13,45,0,58,0,1,54,0,55,0,14,99,0,113,128,0,128,241
07/06/2021,SGR,TX,ASW,CE,Federal Contract Tower,0,12,52,0,64,0,5,18,0,23,0,17,70,0,87,40,0,40,127
07/07/2021,SGR,TX,ASW,CE,Federal Contract Tower,0,20,71,0,91,0,2,51,0,53,0,22,122,0,144,114,0,114,258
07/08/2021,SGR,TX,ASW,CE,Federal Contract Tower,0,18,52,0,70,0,2,62,0,64,0,20,114,0,134,96,0,96,230
07/09/2021,SGR,TX,ASW,CE,Federal Contract Tower,0,20,36,0,56,0,0,15,0,15,0,20,51,0,71,56,0,56,127
07/10/2021,SGR,TX,ASW,CE,Federal Contract Tower,0,25,31,0,56,0,3,82,0,85,0,28,113,0,141,88,0,88,229
07/11/2021,SGR,TX,ASW,CE,Federal Contract Tower,0,24,59,0,83,0,0,78,0,78,0,24,137,0,161,100,0,100,261
07/12/2021,SGR,TX,ASW,CE,Federal Contract Tower,0,24,56,2,82,0,3,76,0,79,0,27,132,2,161,102,0,102,263
07/13/2021,SGR,TX,ASW,CE,Federal Contract Tower,0,19,59,0,78,0,4,62,0,66,0,23,121,0,144,66,0,66,210
07/14/2021,SGR,TX,ASW,CE,Federal Contract Tower,0,25,67,0,92,0,3,89,0,92,0,28,156,0,184,76,0,76,260
07/15/2021,SGR,TX,ASW,CE,Federal Contract Tower,0,21,65,0,86,0,2,82,0,84,0,23,147,0,170,108,0,108,278
07/16/2021,SGR,TX,ASW,CE,Federal Contract Tower,0,18,44,0,62,0,5,89,0,94,0,23,133,0,156,96,0,96,252
07/17/2021,SGR,TX,ASW,CE,Federal Contract Tower,0,18,27,0,45,0,2,81,0,83,0,20,108,0,128,136,0,136,264
07/18/2021,SGR,TX,ASW,CE,Federal Contract Tower,0,23,40,0,63,0,0,58,0,58,0,23,98,0,121,62,0,62,183
07/19/2021,SGR,TX,ASW,CE,Federal Contract Tower,0,17,38,0,55,0,4,59,0,63,0,21,97,0,118,86,0,86,204
07/20/2021,SGR,TX,ASW,CE,Federal Contract Tower,0,25,47,0,72,0,3,57,0,60,0,28,104,0,132,52,0,52,184
07/21/2021,SGR,TX,ASW,CE,Federal Contract Tower,0,10,60,0,70,0,5,74,0,79,0,15,134,0,149,100,0,100,249
07/22/2021,SGR,TX,ASW,CE,Federal Contract Tower,0,18,51,0,69,0,8,77,0,85,0,26,128,0,154,98,0,98,252
07/23/2021,SGR,TX,ASW,CE,Federal Contract Tower,0,20,52,0,72,0,7,75,0,82,0,27,127,0,154,86,0,86,240
07/24/2021,SGR,TX,ASW,CE,Federal Contract Tower,0,12,39,0,51,0,1,101,0,102,0,13,140,0,153,124,0,124,277
07/25/2021,SGR,TX,ASW,CE,Federal Contract Tower,0,24,53,0,77,0,0,61,0,61,0,24,114,0,138,62,0,62,200
07/26/2021,SGR,TX,ASW,CE,Federal Contract Tower,0,16,49,0,65,0,2,70,0,72,0,18,119,0,137,100,0,100,237
07/27/2021,SGR,TX,ASW,CE,Federal Contract Tower,0,13,48,0,61,0,2,94,0,96,0,15,142,0,157,72,0,72,229
07/28/2021,SGR,TX,ASW,CE,Federal Contract Tower,0,17,52,0,69,0,2,85,0,87,0,19,137,0,156,96,0,96,252
07/29/2021,SGR,TX,ASW,CE,Federal Contract Tower,0,18,43,0,61,0,5,112,0,117,0,23,155,0,178,112,0,112,290
07/30/2021,SGR,TX,ASW,CE,Federal Contract Tower,0,26,38,0,64,0,1,57,0,58,0,27,95,0,122,72,0,72,194
07/31/2021,SGR,TX,ASW,CE,Federal Contract Tower,0,15,26,0,41,0,1,80,0,81,0,16,106,0,122,106,0,106,228
08/01/2021,SGR,TX,ASW,CE,Federal Contract Tower,0,21,32,0,53,0,0,69,0,69,0,21,101,0,122,104,0,104,226
08/02/2021,SGR,TX,ASW,CE,Federal Contract Tower,0,20,54,0,74,0,4,55,0,59,0,24,109,0,133,64,0,64,197
08/03/2021,SGR,TX,ASW,CE,Federal Contract Tower,0,16,58,0,74,0,4,33,0,37,0,20,91,0,111,62,0,62,173
08/04/2021,SGR,TX,ASW,CE,Federal Contract Tower,0,24,84,0,108,0,6,78,0,84,0,30,162,0,192,80,0,80,272
08/05/2021,SGR,TX,ASW,CE,Federal Contract Tower,0,20,43,0,63,0,2,53,0,55,0,22,96,0,118,34,0,34,152
08/06/2021,SGR,TX,ASW,CE,Federal Contract Tower,0,27,40,0,67,0,3,55,0,58,0,30,95,0,125,94,0,94,219
08/07/2021,SGR,TX,ASW,CE,Federal Contract Tower,0,19,23,0,42,0,1,82,0,83,0,20,105,0,125,162,0,162,287
08/08/2021,SGR,TX,ASW,CE,Federal Contract Tower,0,25,56,0,81,0,0,81,0,81,0,25,137,0,162,58,0,58,220
08/09/2021,SGR,TX,ASW,CE,Federal Contract Tower,0,21,41,0,62,0,8,70,0,78,0,29,111,0,140,78,0,78,218
08/10/2021,SGR,TX,ASW,CE,Federal Contract Tower,0,6,58,0,64,0,2,74,0,76,0,8,132,0,140,44,0,44,184
08/11/2021,SGR,TX,ASW,CE,Federal Contract Tower,0,16,45,0,61,0,7,72,0,79,0,23,117,0,140,18,12,30,170
08/12/2021,SGR,TX,ASW,CE,Federal Contract Tower,0,27,46,0,73,0,6,101,0,107,0,33,147,0,180,78,0,78,258
08/13/2021,SGR,TX,ASW,CE,Federal Contract Tower,0,20,30,0,50,0,1,55,0,56,0,21,85,0,106,78,0,78,184
08/14/2021,SGR,TX,ASW,CE,Federal Contract Tower,0,10,24,0,34,0,2,71,10,83,0,12,95,10,117,106,0,106,223
08/15/2021,SGR,TX,ASW,CE,Federal Contract Tower,0,12,28,0,40,0,0,42,0,42,0,12,70,0,82,34,0,34,116
08/16/2021,SGR,TX,ASW,CE,Federal Contract Tower,0,24,65,0,89,0,8,67,0,75,0,32,132,0,164,36,0,36,200
08/17/2021,SGR,TX,ASW,CE,Federal Contract Tower,0,27,55,0,82,0,4,66,0,70,0,31,121,0,152,60,0,60,212
08/18/2021,SGR,TX,ASW,CE,Federal Contract Tower,0,26,65,0,91,0,0,37,0,37,0,26,102,0,128,84,0,84,212
08/19/2021,SGR,TX,ASW,CE,Federal Contract Tower,0,17,59,0,76,0,5,84,2,91,0,22,143,2,167,82,0,82,249
08/20/2021,SGR,TX,ASW,CE,Federal Contract Tower,0,20,40,0,60,0,2,72,0,74,0,22,112,0,134,94,0,94,228
08/21/2021,SGR,TX,ASW,CE,Federal Contract Tower,0,20,23,0,43,0,2,97,0,99,0,22,120,0,142,108,0,108,250
08/22/2021,SGR,TX,ASW,CE,Federal Contract Tower,0,14,51,1,66,0,69,1,0,70,0,83,52,1,136,82,0,82,218
08/23/2021,SGR,TX,ASW,CE,Federal Contract Tower,0,21,40,0,61,0,2,72,0,74,0,23,112,0,135,90,0,90,225
08/24/2021,SGR,TX,ASW,CE,Federal Contract Tower,0,22,41,0,63,0,5,65,0,70,0,27,106,0,133,72,0,72,205
08/25/2021,SGR,TX,ASW,CE,Federal Contract Tower,0,25,56,0,81,0,3,87,0,90,0,28,143,0,171,70,2,72,243
08/26/2021,SGR,TX,ASW,CE,Federal Contract Tower,0,21,60,0,81,0,8,70,0,78,0,29,130,0,159,86,0,86,245
08/27/2021,SGR,TX,ASW,CE,Federal Contract Tower,0,14,49,0,63,0,0,39,0,39,0,14,88,0,102,48,0,48,150
08/28/2021,SGR,TX,ASW,CE,Federal Contract Tower,0,22,29,0,51,0,2,45,0,47,0,24,74,0,98,106,0,106,204
08/29/2021,SGR,TX,ASW,CE,Federal Contract Tower,0,11,48,0,59,0,0,70,0,70,0,11,118,0,129,78,0,78,207
08/30/2021,SGR,TX,ASW,CE,Federal Contract Tower,0,15,37,0,52,0,7,88,0,95,0,22,125,0,147,70,0,70,217
08/31/2021,SGR,TX,ASW,CE,Federal Contract Tower,0,21,63,0,84,0,3,77,0,80,0,24,140,0,164,106,0,106,270
09/01/2021,SGR,TX,ASW,CE,Federal Contract Tower,0,15,43,0,58,0,4,64,0,68,0,19,107,0,126,86,0,86,212
09/02/2021,SGR,TX,ASW,CE,Federal Contract Tower,0,17,49,0,66,0,2,50,0,52,0,19,99,0,118,46,0,46,164
09/03/2021,SGR,TX,ASW,CE,Federal Contract Tower,0,22,66,2,90,0,4,58,2,64,0,26,124,4,154,130,0,130,284
09/04/2021,SGR,TX,ASW,CE,Federal Contract Tower,0,8,25,0,33,0,1,74,0,75,0,9,99,0,108,120,0,120,228
09/05/2021,SGR,TX,ASW,CE,Federal Contract Tower,0,13,26,0,39,0,0,63,0,63,0,13,89,0,102,52,0,52,154
09/06/2021,SGR,TX,ASW,CE,Federal Contract Tower,0,25,45,0,70,0,44,0,0,44,0,69,45,0,114,60,0,60,174
09/07/2021,SGR,TX,ASW,CE,Federal Contract Tower,0,23,50,0,73,0,2,63,0,65,0,25,113,0,138,60,0,60,198
09/08/2021,SGR,TX,ASW,CE,Federal Contract Tower,0,16,70,0,86,0,3,73,0,76,0,19,143,0,162,88,0,88,250
09/09/2021,SGR,TX,ASW,CE,Federal Contract Tower,0,20,56,0,76,0,3,79,0,82,0,23,135,0,158,92,0,92,250
09/10/2021,SGR,TX,ASW,CE,Federal Contract Tower,0,17,65,0,82,0,3,59,0,62,0,20,124,0,144,74,0,74,218
09/11/2021,SGR,TX,ASW,CE,Federal Contract Tower,0,15,38,0,53,0,4,92,0,96,0,19,130,0,149,140,0,140,289
09/12/2021,SGR,TX,ASW,CE,Federal Contract Tower,0,21,52,0,73,0,0,69,0,69,0,21,121,0,142,56,0,56,198
09/13/2021,SGR,TX,ASW,CE,Federal Contract Tower,0,15,21,0,36,0,0,11,0,11,0,15,32,0,47,2,0,2,49
09/14/2021,SGR,TX,ASW,CE,Federal Contract Tower,0,20,11,0,31,0,5,0,0,5,0,25,11,0,36,0,0,0,36
09/15/2021,SGR,TX,ASW,CE,Federal Contract Tower,0,26,74,0,100,0,2,19,0,21,0,28,93,0,121,26,0,26,147
09/16/2021,SGR,TX,ASW,CE,Federal Contract Tower,0,24,63,0,87,0,2,51,0,53,0,26,114,0,140,78,0,78,218
09/17/2021,SGR,TX,ASW,CE,Federal Contract Tower,0,23,74,0,97,0,3,88,0,91,0,26,162,0,188,118,0,118,306
09/18/2021,SGR,TX,ASW,CE,Federal Contract Tower,0,22,25,0,47,0,0,70,0,70,0,22,95,0,117,140,0,140,257
09/19/2021,SGR,TX,ASW,CE,Federal Contract Tower,0,21,65,0,86,0,0,69,0,69,0,21,134,0,155,62,0,62,217
09/20/2021,SGR,TX,ASW,CE,Federal Contract Tower,0,13,50,0,63,0,3,81,3,87,0,16,131,3,150,110,0,110,260
09/21/2021,SGR,TX,ASW,CE,Federal Contract Tower,0,29,52,0,81,0,2,61,0,63,0,31,113,0,144,68,0,68,212
09/22/2021,SGR,TX,ASW,CE,Federal Contract Tower,0,29,57,0,86,0,2,83,0,85,0,31,140,0,171,106,0,106,277
09/23/2021,SGR,TX,ASW,CE,Federal Contract Tower,0,30,49,0,79,0,10,100,0,110,0,40,149,0,189,104,0,104,293
09/24/2021,SGR,TX,ASW,CE,Federal Contract Tower,0,16,72,0,88,0,1,101,0,102,0,17,173,0,190,120,0,120,310
09/25/2021,SGR,TX,ASW,CE,Federal Contract Tower,0,28,27,0,55,0,0,90,0,90,0,28,117,0,145,78,0,78,223
09/26/2021,SGR,TX,ASW,CE,Federal Contract Tower,0,31,43,0,74,0,4,77,0,81,0,35,120,0,155,78,0,78,233
09/27/2021,SGR,TX,ASW,CE,Federal Contract Tower,0,29,53,0,82,0,6,56,0,62,0,35,109,0,144,50,0,50,194
09/28/2021,SGR,TX,ASW,CE,Federal Contract Tower,0,21,58,0,79,0,1,7,0,8,0,22,65,0,87,8,0,8,95
09/29/2021,SGR,TX,ASW,CE,Federal Contract Tower,0,18,57,0,75,0,6,49,0,55,0,24,106,0,130,86,0,86,216
09/30/2021,SGR,TX,ASW,CE,Federal Contract Tower,0,30,57,0,87,0,6,32,0,38,0,36,89,0,125,56,0,56,181
10/01/2021,SGR,TX,ASW,CE,Federal Contract Tower,0,30,40,0,70,0,0,4,0,4,0,30,44,0,74,14,0,14,88
10/02/2021,SGR,TX,ASW,CE,Federal Contract Tower,0,14,18,0,32,0,0,46,0,46,0,14,64,0,78,98,0,98,176
10/03/2021,SGR,TX,ASW,CE,Federal Contract Tower,0,35,72,0,107,0,0,43,0,43,0,35,115,0,150,74,0,74,224
10/04/2021,SGR,TX,ASW,CE,Federal Contract Tower,0,16,43,0,59,0,0,73,0,73,0,16,116,0,132,78,0,78,210
10/05/2021,SGR,TX,ASW,CE,Federal Contract Tower,0,32,68,0,100,0,13,73,0,86,0,45,141,0,186,96,0,96,282
10/06/2021,SGR,TX,ASW,CE,Federal Contract Tower,0,14,59,0,73,0,1,88,0,89,0,15,147,0,162,90,0,90,252
10/07/2021,SGR,TX,ASW,CE,Federal Contract Tower,0,25,56,2,83,0,5,69,0,74,0,30,125,2,157,92,0,92,249
10/08/2021,SGR,TX,ASW,CE,Federal Contract Tower,0,27,49,0,76,0,2,83,0,85,0,29,132,0,161,124,0,124,285
10/09/2021,SGR,TX,ASW,CE,Federal Contract Tower,0,10,46,0,56,0,0,85,0,85,0,10,131,0,141,144,0,144,285
10/10/2021,SGR,TX,ASW,CE,Federal Contract Tower,0,21,67,0,88,0,0,49,0,49,0,21,116,0,137,62,0,62,199
10/11/2021,SGR,TX,ASW,CE,Federal Contract Tower,0,29,56,0,85,0,13,62,0,75,0,42,118,0,160,86,0,86,246
10/12/2021,SGR,TX,ASW,CE,Federal Contract Tower,0,16,61,0,77,0,3,48,0,51,0,19,109,0,128,100,0,100,228
10/13/2021,SGR,TX,ASW,CE,Federal Contract Tower,0,16,53,0,69,0,4,71,0,75,0,20,124,0,144,116,0,116,260
10/14/2021,SGR,TX,ASW,CE,Federal Contract Tower,0,29,67,0,96,0,0,22,0,22,0,29,89,0,118,38,0,38,156
10/15/2021,SGR,TX,ASW,CE,Federal Contract Tower,0,39,59,0,98,0,4,57,0,61,0,43,116,0,159,142,0,142,301
10/16/2021,SGR,TX,ASW,CE,Federal Contract Tower,0,12,31,0,43,0,2,68,0,70,0,14,99,0,113,84,0,84,197
10/17/2021,SGR,TX,ASW,CE,Federal Contract Tower,0,32,61,0,93,0,1,103,0,104,0,33,164,0,197,48,0,48,245
10/18/2021,SGR,TX,ASW,CE,Federal Contract Tower,0,17,73,0,90,0,2,84,0,86,0,19,157,0,176,82,0,82,258
10/19/2021,SGR,TX,ASW,CE,Federal Contract Tower,0,21,57,0,78,0,7,82,0,89,0,28,139,0,167,78,0,78,245
10/20/2021,SGR,TX,ASW,CE,Federal Contract Tower,0,17,74,0,91,0,7,68,0,75,0,24,142,0,166,82,0,82,248
10/21/2021,SGR,TX,ASW,CE,Federal Contract Tower,0,28,73,0,101,0,6,70,2,78,0,34,143,2,179,106,0,106,285
10/22/2021,SGR,TX,ASW,CE,Federal Contract Tower,0,20,65,1,86,0,0,66,0,66,0,20,131,1,152,54,0,54,206
10/23/2021,SGR,TX,ASW,CE,Federal Contract Tower,0,11,30,0,41,0,1,47,0,48,0,12,77,0,89,68,0,68,157
10/24/2021,SGR,TX,ASW,CE,Federal Contract Tower,0,24,38,0,62,0,0,77,0,77,0,24,115,0,139,142,0,142,281
10/25/2021,SGR,TX,ASW,CE,Federal Contract Tower,0,26,67,0,93,0,2,40,0,42,0,28,107,0,135,32,0,32,167
10/26/2021,SGR,TX,ASW,CE,Federal Contract Tower,0,26,77,2,105,0,0,87,0,87,0,26,164,2,192,46,0,46,238
10/27/2021,SGR,TX,ASW,CE,Federal Contract Tower,0,18,50,0,68,0,0,45,0,45,0,18,95,0,113,30,0,30,143
10/28/2021,SGR,TX,ASW,CE,Federal Contract Tower,0,30,64,2,96,0,0,15,0,15,0,30,79,2,111,0,0,0,111
10/29/2021,SGR,TX,ASW,CE,Federal Contract Tower,0,23,59,1,83,0,0,38,0,38,0,23,97,1,121,38,0,38,159
10/30/2021,SGR,TX,ASW,CE,Federal Contract Tower,0,13,31,0,44,0,2,109,0,111,0,15,140,0,155,156,0,156,311
10/31/2021,SGR,TX,ASW,CE,Federal Contract Tower,0,22,37,0,59,0,1,85,0,86,0,23,122,0,145,90,0,90,235
11/01/2021,SGR,TX,ASW,CE,Federal Contract Tower,0,15,45,0,60,0,0,83,0,83,0,15,128,0,143,76,0,76,219
11/02/2021,SGR,TX,ASW,CE,Federal Contract Tower,0,13,70,0,83,0,58,0,0,58,0,71,70,0,141,82,0,82,223
11/03/2021,SGR,TX,ASW,CE,Federal Contract Tower,0,29,56,0,85,0,0,39,0,39,0,29,95,0,124,70,0,70,194
11/04/2021,SGR,TX,ASW,CE,Federal Contract Tower,0,24,76,0,100,0,0,3,0,3,0,24,79,0,103,18,0,18,121
11/05/2021,SGR,TX,ASW,CE,Federal Contract Tower,0,23,81,0,104,0,1,69,0,70,0,24,150,0,174,122,0,122,296
11/06/2021,SGR,TX,ASW,CE,Federal Contract Tower,0,10,30,0,40,0,0,87,0,87,0,10,117,0,127,106,0,106,233
11/07/2021,SGR,TX,ASW,CE,Federal Contract Tower,0,31,68,0,99,0,3,108,0,111,0,34,176,0,210,32,4,36,246
11/08/2021,SGR,TX,ASW,CE,Federal Contract Tower,0,31,37,0,68,0,4,75,0,79,0,35,112,0,147,78,0,78,225
11/09/2021,SGR,TX,ASW,CE,Federal Contract Tower,0,24,53,0,77,0,6,79,0,85,0,30,132,0,162,48,0,48,210
11/10/2021,SGR,TX,ASW,CE,Federal Contract Tower,0,25,71,0,96,0,2,72,0,74,0,27,143,0,170,58,0,58,228
11/11/2021,SGR,TX,ASW,CE,Federal Contract Tower,0,23,89,0,112,0,0,75,0,75,0,23,164,0,187,102,0,102,289
11/12/2021,SGR,TX,ASW,CE,Federal Contract Tower,0,18,68,0,86,0,9,107,0,116,0,27,175,0,202,92,0,92,294
11/13/2021,SGR,TX,ASW,CE,Federal Contract Tower,0,11,44,0,55,0,0,72,0,72,0,11,116,0,127,104,0,104,231
11/14/2021,SGR,TX,ASW,CE,Federal Contract Tower,0,27,51,0,78,0,1,77,0,78,0,28,128,0,156,78,0,78,234
11/15/2021,SGR,TX,ASW,CE,Federal Contract Tower,0,21,65,0,86,0,1,53,0,54,0,22,118,0,140,46,0,46,186
11/16/2021,SGR,TX,ASW,CE,Federal Contract Tower,0,28,74,0,102,0,2,45,0,47,0,30,119,0,149,60,0,60,209
11/17/2021,SGR,TX,ASW,CE,Federal Contract Tower,0,27,72,0,99,0,2,50,0,52,0,29,122,0,151,26,0,26,177
11/18/2021,SGR,TX,ASW,CE,Federal Contract Tower,0,31,73,1,105,0,6,70,1,77,0,37,143,2,182,82,0,82,264
11/19/2021,SGR,TX,ASW,CE,Federal Contract Tower,0,30,70,0,100,0,0,90,0,90,0,30,160,0,190,92,0,92,282
11/20/2021,SGR,TX,ASW,CE,Federal Contract Tower,0,22,50,0,72,0,0,96,0,96,0,22,146,0,168,100,0,100,268
11/21/2021,SGR,TX,ASW,CE,Federal Contract Tower,0,25,47,0,72,0,0,61,0,61,0,25,108,0,133,76,0,76,209
11/22/2021,SGR,TX,ASW,CE,Federal Contract Tower,0,12,71,2,85,0,1,60,0,61,0,13,131,2,146,46,0,46,192
11/23/2021,SGR,TX,ASW,CE,Federal Contract Tower,0,19,73,0,92,0,8,72,0,80,0,27,145,0,172,86,0,86,258
11/24/2021,SGR,TX,ASW,CE,Federal Contract Tower,0,10,54,0,64,0,2,39,0,41,0,12,93,0,105,32,0,32,137
11/25/2021,SGR,TX,ASW,CE,Federal Contract Tower,0,5,11,0,16,0,0,0,0,0,0,5,11,0,16,0,0,0,16
11/26/2021,SGR,TX,ASW,CE,Federal Contract Tower,0,11,23,0,34,0,3,57,0,60,0,14,80,0,94,58,0,58,152
11/27/2021,SGR,TX,ASW,CE,Federal Contract Tower,0,14,43,0,57,0,2,22,0,24,0,16,65,0,81,44,0,44,125
11/28/2021,SGR,TX,ASW,CE,Federal Contract Tower,0,25,84,0,109,0,0,15,0,15,0,25,99,0,124,0,0,0,124
11/29/2021,SGR,TX,ASW,CE,Federal Contract Tower,0,30,62,0,92,0,3,63,0,66,0,33,125,0,158,48,0,48,206
11/30/2021,SGR,TX,ASW,CE,Federal Contract Tower,0,31,50,0,81,0,11,89,0,100,0,42,139,0,181,120,0,120,301
12/01/2021,SGR,TX,ASW,CE,Federal Contract Tower,0,22,82,0,104,0,2,67,0,69,0,24,149,0,173,50,0,50,223
12/02/2021,SGR,TX,ASW,CE,Federal Contract Tower,0,36,56,2,94,0,3,66,0,69,0,39,122,2,163,62,0,62,225
12/03/2021,SGR,TX,ASW,CE,Federal Contract Tower,0,26,40,0,66,0,10,53,0,63,0,36,93,0,129,68,0,68,197
12/04/2021,SGR,TX,ASW,CE,Federal Contract Tower,0,18,29,0,47,0,0,27,0,27,0,18,56,0,74,32,0,32,106
12/05/2021,SGR,TX,ASW,CE,Federal Contract Tower,0,32,57,0,89,0,0,45,0,45,0,32,102,0,134,28,0,28,162
12/06/2021,SGR,TX,ASW,CE,Federal Contract Tower,0,18,51,0,69,0,0,12,0,12,0,18,63,0,81,26,0,26,107
12/07/2021,SGR,TX,ASW,CE,Federal Contract Tower,0,23,100,0,123,0,8,54,0,62,0,31,154,0,185,88,0,88,273
12/08/2021,SGR,TX,ASW,CE,Federal Contract Tower,0,26,76,0,102,0,1,19,0,20,0,27,95,0,122,30,0,30,152
12/09/2021,SGR,TX,ASW,CE,Federal Contract Tower,0,18,72,0,90,0,3,25,0,28,0,21,97,0,118,16,0,16,134
12/10/2021,SGR,TX,ASW,CE,Federal Contract Tower,0,19,65,0,84,0,4,23,0,27,0,23,88,0,111,12,0,12,123
12/11/2021,SGR,TX,ASW,CE,Federal Contract Tower,0,12,42,0,54,0,0,49,0,49,0,12,91,0,103,54,0,54,157
12/12/2021,SGR,TX,ASW,CE,Federal Contract Tower,0,12,56,0,68,0,2,99,0,101,0,14,155,0,169,130,0,130,299
12/13/2021,SGR,TX,ASW,CE,Federal Contract Tower,0,34,50,0,84,0,9,24,0,33,0,43,74,0,117,6,0,6,123
12/14/2021,SGR,TX,ASW,CE,Federal Contract Tower,0,33,84,0,117,0,2,35,0,37,0,35,119,0,154,72,0,72,226
12/15/2021,SGR,TX,ASW,CE,Federal Contract Tower,0,29,64,2,95,0,2,37,0,39,0,31,101,2,134,22,0,22,156
12/16/2021,SGR,TX,ASW,CE,Federal Contract Tower,0,36,72,0,108,0,4,67,0,71,0,40,139,0,179,64,0,64,243
12/17/2021,SGR,TX,ASW,CE,Federal Contract Tower,0,44,61,0,105,0,4,40,0,44,0,48,101,0,149,42,0,42,191
12/18/2021,SGR,TX,ASW,CE,Federal Contract Tower,0,12,16,0,28,0,0,5,0,5,0,12,21,0,33,4,0,4,37
12/19/2021,SGR,TX,ASW,CE,Federal Contract Tower,0,29,50,0,79,0,8,70,0,78,0,37,120,0,157,84,0,84,241
12/20/2021,SGR,TX,ASW,CE,Federal Contract Tower,0,21,53,0,74,0,15,80,0,95,0,36,133,0,169,88,0,88,257
12/21/2021,SGR,TX,ASW,CE,Federal Contract Tower,0,23,54,0,77,0,8,71,0,79,0,31,125,0,156,48,0,48,204
12/22/2021,SGR,TX,ASW,CE,Federal Contract Tower,0,6,54,2,62,0,2,88,0,90,0,8,142,2,152,58,0,58,210
12/23/2021,SGR,TX,ASW,CE,Federal Contract Tower,0,26,39,0,65,0,2,71,0,73,0,28,110,0,138,38,0,38,176
12/24/2021,SGR,TX,ASW,CE,Federal Contract Tower,0,7,11,0,18,0,0,28,0,28,0,7,39,0,46,20,0,20,66
12/25/2021,SGR,TX,ASW,CE,Federal Contract Tower,0,14,12,0,26,0,0,9,0,9,0,14,21,0,35,0,0,0,35
12/26/2021,SGR,TX,ASW,CE,Federal Contract Tower,0,20,50,0,70,0,1,26,0,27,0,21,76,0,97,28,0,28,125
12/27/2021,SGR,TX,ASW,CE,Federal Contract Tower,0,29,47,0,76,0,1,57,0,58,0,30,104,0,134,62,0,62,196
12/28/2021,SGR,TX,ASW,CE,Federal Contract Tower,0,10,46,2,58,0,40,0,0,40,0,50,46,2,98,40,0,40,138
12/29/2021,SGR,TX,ASW,CE,Federal Contract Tower,0,17,47,0,64,0,9,33,0,42,0,26,80,0,106,48,0,48,154
12/30/2021,SGR,TX,ASW,CE,Federal Contract Tower,0,23,36,0,59,0,2,38,0,40,0,25,74,0,99,38,0,38,137
12/31/2021,SGR,TX,ASW,CE,Federal Contract Tower,0,14,39,0,53,0,0,13,0,13,0,14,52,0,66,2,0,2,68
01/01/2022,SGR,TX,ASW,CE,Federal Contract Tower,0,13,15,0,28,0,0,15,0,15,0,13,30,0,43,2,0,2,45
01/02/2022,SGR,TX,ASW,CE,Federal Contract Tower,0,21,41,0,62,0,0,10,0,10,0,21,51,0,72,0,0,0,72
01/03/2022,SGR,TX,ASW,CE,Federal Contract Tower,0,19,32,0,51,0,4,72,0,76,0,23,104,0,127,80,0,80,207
01/04/2022,SGR,TX,ASW,CE,Federal Contract Tower,0,22,43,0,65,0,7,67,0,74,0,29,110,0,139,68,0,68,207
01/05/2022,SGR,TX,ASW,CE,Federal Contract Tower,0,20,44,0,64,0,4,53,0,57,0,24,97,0,121,40,0,40,161
01/06/2022,SGR,TX,ASW,CE,Federal Contract Tower,0,11,57,0,68,0,0,44,0,44,0,11,101,0,112,40,0,40,152
01/07/2022,SGR,TX,ASW,CE,Federal Contract Tower,0,23,71,0,94,0,0,38,0,38,0,23,109,0,132,88,0,88,220
01/08/2022,SGR,TX,ASW,CE,Federal Contract Tower,0,20,23,0,43,0,0,4,0,4,0,20,27,0,47,10,0,10,57
01/09/2022,SGR,TX,ASW,CE,Federal Contract Tower,0,18,56,0,74,0,0,20,0,20,0,18,76,0,94,10,0,10,104
01/10/2022,SGR,TX,ASW,CE,Federal Contract Tower,0,16,35,0,51,0,2,51,0,53,0,18,86,0,104,42,0,42,146
01/11/2022,SGR,TX,ASW,CE,Federal Contract Tower,0,7,62,0,69,0,1,46,0,47,0,8,108,0,116,36,0,36,152
01/12/2022,SGR,TX,ASW,CE,Federal Contract Tower,0,22,83,0,105,0,5,56,0,61,0,27,139,0,166,48,0,48,214
01/13/2022,SGR,TX,ASW,CE,Federal Contract Tower,0,19,61,0,80,0,4,75,0,79,0,23,136,0,159,72,0,72,231
01/14/2022,SGR,TX,ASW,CE,Federal Contract Tower,0,24,44,0,68,0,1,100,0,101,0,25,144,0,169,136,0,136,305
01/15/2022,SGR,TX,ASW,CE,Federal Contract Tower,0,6,11,0,17,0,0,12,0,12,0,6,23,0,29,0,0,0,29
01/16/2022,SGR,TX,ASW,CE,Federal Contract Tower,0,20,37,0,57,0,2,86,0,88,0,22,123,0,145,50,0,50,195
01/17/2022,SGR,TX,ASW,CE,Federal Contract Tower,0,34,51,0,85,0,1,90,0,91,0,35,141,0,176,128,0,128,304
01/18/2022,SGR,TX,ASW,CE,Federal Contract Tower,0,16,53,0,69,0,6,67,0,73,0,22,120,0,142,50,0,50,192
01/19/2022,SGR,TX,ASW,CE,Federal Contract Tower,0,18,43,2,63,0,2,51,0,53,0,20,94,2,116,20,4,24,140
01/20/2022,SGR,TX,ASW,CE,Federal Contract Tower,0,27,39,0,66,0,0,32,0,32,0,27,71,0,98,24,0,24,122
01/21/2022,SGR,TX,ASW,CE,Federal Contract Tower,0,19,48,0,67,0,2,82,0,84,0,21,130,0,151,128,0,128,279
01/22/2022,SGR,TX,ASW,CE,Federal Contract Tower,0,7,28,0,35,0,0,108,0,108,0,7,136,0,143,72,0,72,215
01/23/2022,SGR,TX,ASW,CE,Federal Contract Tower,0,25,32,0,57,0,0,91,0,91,0,25,123,0,148,106,0,106,254
01/24/2022,SGR,TX,ASW,CE,Federal Contract Tower,0,22,37,0,59,0,0,1,0,1,0,22,38,0,60,0,0,0,60
01/25/2022,SGR,TX,ASW,CE,Federal Contract Tower,0,14,101,0,115,0,0,22,0,22,0,14,123,0,137,2,0,2,139
01/26/2022,SGR,TX,ASW,CE,Federal Contract Tower,0,22,75,0,97,0,0,87,0,87,0,22,162,0,184,64,0,64,248
01/27/2022,SGR,TX,ASW,CE,Federal Contract Tower,0,31,67,0,98,0,1,94,0,95,0,32,161,0,193,84,0,84,277
01/28/2022,SGR,TX,ASW,CE,Federal Contract Tower,0,25,56,0,81,0,0,68,0,68,0,25,124,0,149,62,0,62,211
01/29/2022,SGR,TX,ASW,CE,Federal Contract Tower,0,13,24,0,37,0,0,103,0,103,0,13,127,0,140,102,0,102,242
01/30/2022,SGR,TX,ASW,CE,Federal Contract Tower,0,32,44,0,76,0,4,100,9,113,0,36,144,9,189,94,0,94,283
01/31/2022,SGR,TX,ASW,CE,Federal Contract Tower,0,10,37,0,47,0,0,2,0,2,0,10,39,0,49,2,0,2,51
02/01/2022,SGR,TX,ASW,CE,Federal Contract Tower,0,14,65,0,79,0,2,23,0,25,0,16,88,0,104,22,0,22,126
02/02/2022,SGR,TX,ASW,CE,Federal Contract Tower,0,13,56,0,69,0,1,1,0,2,0,14,57,0,71,0,0,0,71
02/03/2022,SGR,TX,ASW,CE,Federal Contract Tower,0,12,14,0,26,0,0,0,0,0,0,12,14,0,26,0,0,0,26
02/04/2022,SGR,TX,ASW,CE,Federal Contract Tower,0,14,42,0,56,0,0,15,0,15,0,14,57,0,71,0,8,8,79
02/05/2022,SGR,TX,ASW,CE,Federal Contract Tower,0,16,27,0,43,0,0,110,0,110,0,16,137,0,153,132,0,132,285
02/06/2022,SGR,TX,ASW,CE,Federal Contract Tower,0,16,54,0,70,0,0,117,4,121,0,16,171,4,191,82,0,82,273
02/07/2022,SGR,TX,ASW,CE,Federal Contract Tower,0,28,50,0,78,0,9,104,0,113,0,37,154,0,191,76,0,76,267
02/08/2022,SGR,TX,ASW,CE,Federal Contract Tower,0,25,59,0,84,0,4,107,0,111,0,29,166,0,195,100,0,100,295
02/09/2022,SGR,TX,ASW,CE,Federal Contract Tower,0,31,68,0,99,0,8,145,0,153,0,39,213,0,252,134,0,134,386
02/10/2022,SGR,TX,ASW,CE,Federal Contract Tower,0,38,69,0,107,0,2,141,0,143,0,40,210,0,250,112,0,112,362
02/11/2022,SGR,TX,ASW,CE,Federal Contract Tower,0,27,64,0,91,0,0,135,0,135,0,27,199,0,226,126,0,126,352
02/12/2022,SGR,TX,ASW,CE,Federal Contract Tower,0,5,47,0,52,0,0,1,0,1,0,5,48,0,53,0,0,0,53
02/13/2022,SGR,TX,ASW,CE,Federal Contract Tower,0,21,44,0,65,0,4,99,0,103,0,25,143,0,168,102,0,102,270
02/14/2022,SGR,TX,ASW,CE,Federal Contract Tower,0,18,42,0,60,0,7,82,2,91,0,25,124,2,151,72,0,72,223
02/15/2022,SGR,TX,ASW,CE,Federal Contract Tower,0,16,85,0,101,0,7,61,0,68,0,23,146,0,169,46,0,46,215
02/16/2022,SGR,TX,ASW,CE,Federal Contract Tower,0,25,60,0,85,0,3,29,0,32,0,28,89,0,117,52,0,52,169
02/17/2022,SGR,TX,ASW,CE,Federal Contract Tower,0,31,59,0,90,0,4,31,0,35,0,35,90,0,125,32,0,32,157
02/18/2022,SGR,TX,ASW,CE,Federal Contract Tower,0,36,68,0,104,0,4,113,0,117,0,40,181,0,221,174,0,174,395
02/19/2022,SGR,TX,ASW,CE,Federal Contract Tower,0,6,38,0,44,0,1,87,0,88,0,7,125,0,132,142,0,142,274
02/20/2022,SGR,TX,ASW,CE,Federal Contract Tower,0,19,39,0,58,0,1,68,0,69,0,20,107,0,127,90,0,90,217
02/21/2022,SGR,TX,ASW,CE,Federal Contract Tower,0,15,40,0,55,0,3,18,0,21,0,18,58,0,76,0,0,0,76
02/22/2022,SGR,TX,ASW,CE,Federal Contract Tower,0,22,57,0,79,0,4,39,0,43,0,26,96,0,122,72,0,72,194
02/23/2022,SGR,TX,ASW,CE,Federal Contract Tower,0,35,67,0,102,0,8,0,0,8,0,43,67,0,110,0,0,0,110
02/24/2022,SGR,TX,ASW,CE,Federal Contract Tower,0,26,44,0,70,0,0,0,0,0,0,26,44,0,70,0,0,0,70
02/25/2022,SGR,TX,ASW,CE,Federal Contract Tower,0,41,58,0,99,0,1,61,0,62,0,42,119,0,161,80,0,80,241
02/26/2022,SGR,TX,ASW,CE,Federal Contract Tower,0,13,32,0,45,0,0,0,0,0,0,13,32,0,45,0,0,0,45
02/27/2022,SGR,TX,ASW,CE,Federal Contract Tower,0,19,54,0,73,0,3,55,0,58,0,22,109,0,131,42,0,42,173
02/28/2022,SGR,TX,ASW,CE,Federal Contract Tower,0,13,78,0,91,0,5,140,2,147,0,18,218,2,238,94,4,98,336
03/01/2022,SGR,TX,ASW,CE,Federal Contract Tower,0,17,62,0,79,0,6,71,0,77,0,23,133,0,156,78,0,78,234
03/02/2022,SGR,TX,ASW,CE,Federal Contract Tower,0,21,75,0,96,0,3,83,0,86,0,24,158,0,182,76,0,76,258
03/03/2022,SGR,TX,ASW,CE,Federal Contract Tower,0,29,73,0,102,0,7,108,0,115,0,36,181,0,217,164,0,164,381
03/04/2022,SGR,TX,ASW,CE,Federal Contract Tower,0,21,55,0,76,0,0,77,0,77,0,21,132,0,153,148,0,148,301
03/05/2022,SGR,TX,ASW,CE,Federal Contract Tower,0,7,31,0,38,0,4,88,0,92,0,11,119,0,130,56,0,56,186
03/06/2022,SGR,TX,ASW,CE,Federal Contract Tower,0,24,69,2,95,0,0,32,2,34,0,24,101,4,129,12,0,12,141
03/07/2022,SGR,TX,ASW,CE,Federal Contract Tower,0,26,58,0,84,0,6,32,0,38,0,32,90,0,122,70,0,70,192
03/08/2022,SGR,TX,ASW,CE,Federal Contract Tower,0,17,51,0,68,0,0,2,0,2,0,17,53,0,70,0,0,0,70
03/09/2022,SGR,TX,ASW,CE,Federal Contract Tower,0,28,65,2,95,0,10,91,0,101,0,38,156,2,196,108,0,108,304
03/10/2022,SGR,TX,ASW,CE,Federal Contract Tower,0,21,55,1,77,0,8,121,0,129,0,29,176,1,206,112,0,112,318
03/11/2022,SGR,TX,ASW,CE,Federal Contract Tower,0,30,58,0,88,0,7,8,0,15,0,37,66,0,103,8,0,8,111
03/12/2022,SGR,TX,ASW,CE,Federal Contract Tower,0,30,49,0,79,0,0,130,0,130,0,30,179,0,209,126,0,126,335
03/13/2022,SGR,TX,ASW,CE,Federal Contract Tower,0,24,48,0,72,0,0,92,0,92,0,24,140,0,164,108,0,108,272
03/14/2022,SGR,TX,ASW,CE,Federal Contract Tower,0,20,45,0,65,0,0,60,0,60,0,20,105,0,125,102,0,102,227
03/15/2022,SGR,TX,ASW,CE,Federal Contract Tower,0,7,47,0,54,0,1,66,0,67,0,8,113,0,121,58,0,58,179
03/16/2022,SGR,TX,ASW,CE,Federal Contract Tower,0,14,93,0,107,0,5,114,0,119,0,19,207,0,226,102,0,102,328
03/17/2022,SGR,TX,ASW,CE,Federal Contract Tower,0,26,40,0,66,0,0,31,0,31,0,26,71,0,97,10,0,10,107
03/18/2022,SGR,TX,ASW,CE,Federal Contract Tower,0,19,43,0,62,0,0,66,0,66,0,19,109,0,128,20,0,20,148
03/19/2022,SGR,TX,ASW,CE,Federal Contract Tower,0,21,52,0,73,0,0,137,0,137,0,21,189,0,210,140,0,140,350
03/20/2022,SGR,TX,ASW,CE,Federal Contract Tower,0,22,63,0,85,0,0,97,0,97,0,22,160,0,182,54,0,54,236
03/21/2022,SGR,TX,ASW,CE,Federal Contract Tower,0,24,50,0,74,0,0,2,0,2,0,24,52,0,76,0,0,0,76
03/22/2022,SGR,TX,ASW,CE,Federal Contract Tower,0,20,36,0,56,0,5,42,0,47,0,25,78,0,103,34,0,34,137
03/23/2022,SGR,TX,ASW,CE,Federal Contract Tower,0,15,53,0,68,0,10,80,0,90,0,25,133,0,158,68,0,68,226
03/24/2022,SGR,TX,ASW,CE,Federal Contract Tower,0,27,56,0,83,0,6,114,0,120,0,33,170,0,203,116,0,116,319
03/25/2022,SGR,TX,ASW,CE,Federal Contract Tower,0,17,59,2,78,0,6,108,0,114,0,23,167,2,192,180,0,180,372
03/26/2022,SGR,TX,ASW,CE,Federal Contract Tower,0,11,31,0,42,0,0,100,0,100,0,11,131,0,142,166,0,166,308
03/27/2022,SGR,TX,ASW,CE,Federal Contract Tower,0,22,45,0,67,0,3,98,0,101,0,25,143,0,168,106,0,106,274
03/28/2022,SGR,TX,ASW,CE,Federal Contract Tower,0,30,58,0,88,0,3,92,0,95,0,33,150,0,183,106,0,106,289
03/29/2022,SGR,TX,ASW,CE,Federal Contract Tower,0,25,58,0,83,0,4,6,2,12,0,29,64,2,95,12,0,12,107
03/30/2022,SGR,TX,ASW,CE,Federal Contract Tower,0,25,58,0,83,0,2,31,0,33,0,27,89,0,116,28,0,28,144
03/31/2022,SGR,TX,ASW,CE,Federal Contract Tower,0,17,64,0,81,0,6,113,1,120,0,23,177,1,201,132,0,132,333
04/01/2022,SGR,TX,ASW,CE,Federal Contract Tower,0,19,58,0,77,0,2,97,0,99,0,21,155,0,176,92,0,92,268
04/02/2022,SGR,TX,ASW,CE,Federal Contract Tower,0,6,31,0,37,0,0,91,0,91,0,6,122,0,128,158,0,158,286
04/03/2022,SGR,TX,ASW,CE,Federal Contract Tower,0,25,49,0,74,0,4,80,1,85,0,29,129,1,159,104,0,104,263
04/04/2022,SGR,TX,ASW,CE,Federal Contract Tower,0,36,74,0,110,0,5,14,0,19,0,41,88,0,129,10,0,10,139
04/05/2022,SGR,TX,ASW,CE,Federal Contract Tower,0,39,62,0,101,0,6,41,0,47,0,45,103,0,148,74,0,74,222
04/06/2022,SGR,TX,ASW,CE,Federal Contract Tower,0,34,68,0,102,0,29,31,0,60,0,63,99,0,162,18,0,18,180
04/07/2022,SGR,TX,ASW,CE,Federal Contract Tower,0,27,76,0,103,0,4,88,0,92,0,31,164,0,195,134,0,134,329
04/08/2022,SGR,TX,ASW,CE,Federal Contract Tower,0,19,50,0,69,0,4,72,0,76,0,23,122,0,145,62,2,64,209
04/09/2022,SGR,TX,ASW,CE,Federal Contract Tower,0,15,31,0,46,0,6,95,0,101,0,21,126,0,147,180,0,180,327
04/10/2022,SGR,TX,ASW,CE,Federal Contract Tower,0,13,46,0,59,0,0,35,0,35,0,13,81,0,94,28,0,28,122
04/11/2022,SGR,TX,ASW,CE,Federal Contract Tower,0,25,50,0,75,0,8,44,0,52,0,33,94,0,127,120,0,120,247
04/12/2022,SGR,TX,ASW,CE,Federal Contract Tower,0,13,73,0,86,0,2,12,0,14,0,15,85,0,100,44,0,44,144
04/13/2022,SGR,TX,ASW,CE,Federal Contract Tower,0,29,73,0,102,0,2,17,0,19,0,31,90,0,121,46,0,46,167
04/14/2022,SGR,TX,ASW,CE,Federal Contract Tower,0,32,78,1,111,0,3,100,1,104,0,35,178,2,215,78,8,86,301
04/15/2022,SGR,TX,ASW,CE,Federal Contract Tower,0,24,58,0,82,0,1,21,0,22,0,25,79,0,104,74,0,74,178
04/16/2022,SGR,TX,ASW,CE,Federal Contract Tower,0,7,36,0,43,0,0,61,0,61,0,7,97,0,104,138,0,138,242
04/17/2022,SGR,TX,ASW,CE,Federal Contract Tower,0,14,36,0,50,0,0,23,0,23,0,14,59,0,73,10,0,10,83
04/18/2022,SGR,TX,ASW,CE,Federal Contract Tower,0,29,68,0,97,0,4,102,0,106,0,33,170,0,203,102,0,102,305
04/19/2022,SGR,TX,ASW,CE,Federal Contract Tower,0,33,68,0,101,0,6,43,0,49,0,39,111,0,150,0,0,0,150
04/20/2022,SGR,TX,ASW,CE,Federal Contract Tower,0,19,79,0,98,0,2,23,0,25,0,21,102,0,123,26,0,26,149
04/21/2022,SGR,TX,ASW,CE,Federal Contract Tower,0,21,60,0,81,0,0,34,0,34,0,21,94,0,115,72,0,72,187
04/22/2022,SGR,TX,ASW,CE,Federal Contract Tower,0,21,50,0,71,0,5,63,0,68,0,26,113,0,139,96,0,96,235
04/23/2022,SGR,TX,ASW,CE,Federal Contract Tower,0,11,25,0,36,0,5,67,0,72,0,16,92,0,108,56,0,56,164
04/24/2022,SGR,TX,ASW,CE,Federal Contract Tower,0,27,56,0,83,0,1,59,0,60,0,28,115,0,143,72,0,72,215
04/25/2022,SGR,TX,ASW,CE,Federal Contract Tower,0,22,42,0,64,0,3,26,0,29,0,25,68,0,93,74,0,74,167
04/26/2022,SGR,TX,ASW,CE,Federal Contract Tower,0,26,63,3,92,0,0,66,1,67,0,26,129,4,159,158,0,158,317
04/27/2022,SGR,TX,ASW,CE,Federal Contract Tower,0,42,81,0,123,0,2,87,0,89,0,44,168,0,212,122,0,122,334
04/28/2022,SGR,TX,ASW,CE,Federal Contract Tower,0,25,54,0,79,0,4,86,0,90,0,29,140,0,169,130,0,130,299
04/29/2022,SGR,TX,ASW,CE,Federal Contract Tower,0,21,55,0,76,0,4,81,0,85,0,25,136,0,161,146,0,146,307
04/30/2022,SGR,TX,ASW,CE,Federal Contract Tower,0,14,35,0,49,0,2,84,0,86,0,16,119,0,135,162,8,170,305
05/01/2022,SGR,TX,ASW,CE,Federal Contract Tower,0,20,34,0,54,0,0,59,0,59,0,20,93,0,113,106,0,106,219
05/02/2022,SGR,TX,ASW,CE,Federal Contract Tower,0,22,39,0,61,0,0,40,0,40,0,22,79,0,101,42,0,42,143
05/03/2022,SGR,TX,ASW,CE,Federal Contract Tower,0,25,51,0,76,0,10,59,0,69,0,35,110,0,145,86,0,86,231
05/04/2022,SGR,TX,ASW,CE,Federal Contract Tower,0,30,74,0,104,0,6,93,0,99,0,36,167,0,203,68,0,68,271
05/05/2022,SGR,TX,ASW,CE,Federal Contract Tower,0,27,56,0,83,0,0,15,0,15,0,27,71,0,98,22,0,22,120
05/06/2022,SGR,TX,ASW,CE,Federal Contract Tower,0,37,64,0,101,0,8,86,0,94,0,45,150,0,195,136,0,136,331
05/07/2022,SGR,TX,ASW,CE,Federal Contract Tower,0,18,65,0,83,0,1,80,0,81,0,19,145,0,164,126,0,126,290
05/08/2022,SGR,TX,ASW,CE,Federal Contract Tower,0,28,39,0,67,0,10,78,0,88,0,38,117,0,155,92,0,92,247
05/09/2022,SGR,TX,ASW,CE,Federal Contract Tower,0,21,42,0,63,0,3,43,0,46,0,24,85,0,109,60,0,60,169
05/10/2022,SGR,TX,ASW,CE,Federal Contract Tower,0,18,66,0,84,0,5,79,3,87,0,23,145,3,171,104,0,104,275
05/11/2022,SGR,TX,ASW,CE,Federal Contract Tower,0,17,70,0,87,0,0,62,0,62,0,17,132,0,149,20,0,20,169
05/12/2022,SGR,TX,ASW,CE,Federal Contract Tower,0,20,57,0,77,0,10,70,0,80,0,30,127,0,157,112,0,112,269
05/13/2022,SGR,TX,ASW,CE,Federal Contract Tower,0,13,69,0,82,0,0,64,0,64,0,13,133,0,146,82,0,82,228
05/14/2022,SGR,TX,ASW,CE,Federal Contract Tower,0,12,31,0,43,0,6,78,2,86,0,18,109,2,129,134,0,134,263
05/15/2022,SGR,TX,ASW,CE,Federal Contract Tower,0,23,56,0,79,0,1,84,0,85,0,24,140,0,164,146,0,146,310
05/16/2022,SGR,TX,ASW,CE,Federal Contract Tower,0,27,40,2,69,0,4,68,0,72,0,31,108,2,141,124,0,124,265
05/17/2022,SGR,TX,ASW,CE,Federal Contract Tower,0,17,58,0,75,0,7,80,0,87,0,24,138,0,162,32,0,32,194
05/18/2022,SGR,TX,ASW,CE,Federal Contract Tower,0,21,68,0,89,0,5,87,0,92,0,26,155,0,181,122,0,122,303
05/19/2022,SGR,TX,ASW,CE,Federal Contract Tower,0,25,61,0,86,0,4,70,0,74,0,29,131,0,160,86,0,86,246
05/20/2022,SGR,TX,ASW,CE,Federal Contract Tower,0,12,63,0,75,0,4,61,0,65,0,16,124,0,140,68,0,68,208
05/21/2022,SGR,TX,ASW,CE,Federal Contract Tower,0,12,37,0,49,0,0,78,0,78,0,12,115,0,127,118,0,118,245
05/22/2022,SGR,TX,ASW,CE,Federal Contract Tower,0,26,50,0,76,0,5,56,0,61,0,31,106,0,137,114,0,114,251
05/23/2022,SGR,TX,ASW,CE,Federal Contract Tower,0,17,43,0,60,0,2,49,0,51,0,19,92,0,111,90,0,90,201
05/24/2022,SGR,TX,ASW,CE,Federal Contract Tower,0,11,47,0,58,0,2,21,0,23,0,13,68,0,81,62,0,62,143
05/25/2022,SGR,TX,ASW,CE,Federal Contract Tower,0,17,53,0,70,0,5,57,0,62,0,22,110,0,132,18,8,26,158
05/26/2022,SGR,TX,ASW,CE,Federal Contract Tower,0,25,56,0,81,0,2,84,0,86,0,27,140,0,167,100,0,100,267
05/27/2022,SGR,TX,ASW,CE,Federal Contract Tower,0,25,57,0,82,0,4,80,0,84,0,29,137,0,166,126,0,126,292
05/28/2022,SGR,TX,ASW,CE,Federal Contract Tower,0,10,46,1,57,0,0,60,1,61,0,10,106,2,118,112,0,112,230
05/29/2022,SGR,TX,ASW,CE,Federal Contract Tower,0,9,30,0,39,0,0,66,0,66,0,9,96,0,105,94,0,94,199
05/30/2022,SGR,TX,ASW,CE,Federal Contract Tower,0,23,48,0,71,0,0,49,0,49,0,23,97,0,120,58,0,58,178
05/31/2022,SGR,TX,ASW,CE,Federal Contract Tower,0,24,59,0,83,0,3,57,0,60,0,27,116,0,143,62,0,62,205
06/01/2022,SGR,TX,ASW,CE,Federal Contract Tower,0,17,65,0,82,0,0,79,0,79,0,17,144,0,161,98,0,98,259
06/02/2022,SGR,TX,ASW,CE,Federal Contract Tower,0,33,59,0,92,0,2,61,0,63,0,35,120,0,155,66,0,66,221
06/03/2022,SGR,TX,ASW,CE,Federal Contract Tower,0,25,47,0,72,0,2,86,0,88,0,27,133,0,160,98,0,98,258
06/04/2022,SGR,TX,ASW,CE,Federal Contract Tower,0,28,36,0,64,0,0,104,0,104,0,28,140,0,168,200,0,200,368
06/05/2022,SGR,TX,ASW,CE,Federal Contract Tower,0,16,62,0,78,0,0,85,0,85,0,16,147,0,163,106,0,106,269
06/06/2022,SGR,TX,ASW,CE,Federal Contract Tower,0,21,50,0,71,0,0,50,0,50,0,21,100,0,121,100,0,100,221
06/07/2022,SGR,TX,ASW,CE,Federal Contract Tower,0,23,53,0,76,0,3,64,0,67,0,26,117,0,143,34,0,34,177
06/08/2022,SGR,TX,ASW,CE,Federal Contract Tower,0,28,58,0,86,0,4,85,0,89,0,32,143,0,175,142,0,142,317
06/09/2022,SGR,TX,ASW,CE,Federal Contract Tower,0,37,60,0,97,0,8,85,2,95,0,45,145,2,192,92,0,92,284
06/10/2022,SGR,TX,ASW,CE,Federal Contract Tower,0,23,67,0,90,0,2,79,0,81,0,25,146,0,171,84,0,84,255
06/11/2022,SGR,TX,ASW,CE,Federal Contract Tower,0,17,43,0,60,0,0,61,0,61,0,17,104,0,121,78,0,78,199
06/12/2022,SGR,TX,ASW,CE,Federal Contract Tower,0,27,71,0,98,0,0,102,0,102,0,27,173,0,200,148,0,148,348
06/13/2022,SGR,TX,ASW,CE,Federal Contract Tower,0,20,48,0,68,0,6,39,2,47,0,26,87,2,115,28,0,28,143
06/14/2022,SGR,TX,ASW,CE,Federal Contract Tower,0,28,57,1,86,0,7,68,3,78,0,35,125,4,164,86,0,86,250
06/15/2022,SGR,TX,ASW,CE,Federal Contract Tower,0,31,63,0,94,0,2,82,0,84,0,33,145,0,178,110,0,110,288
06/16/2022,SGR,TX,ASW,CE,Federal Contract Tower,0,36,56,0,92,0,5,58,0,63,0,41,114,0,155,106,0,106,261
06/17/2022,SGR,TX,ASW,CE,Federal Contract Tower,0,35,56,0,91,0,0,96,0,96,0,35,152,0,187,142,0,142,329
06/18/2022,SGR,TX,ASW,CE,Federal Contract Tower,0,23,45,0,68,0,0,81,0,81,0,23,126,0,149,106,0,106,255
06/19/2022,SGR,TX,ASW,CE,Federal Contract Tower,0,19,33,0,52,0,0,73,0,73,0,19,106,0,125,64,0,64,189
06/20/2022,SGR,TX,ASW,CE,Federal Contract Tower,0,16,37,1,54,0,2,68,1,71,0,18,105,2,125,104,0,104,229
06/21/2022,SGR,TX,ASW,CE,Federal Contract Tower,0,33,47,0,80,0,5,57,0,62,0,38,104,0,142,140,0,140,282
06/22/2022,SGR,TX,ASW,CE,Federal Contract Tower,0,18,53,0,71,0,7,76,0,83,0,25,129,0,154,112,0,112,266
06/23/2022,SGR,TX,ASW,CE,Federal Contract Tower,0,24,69,0,93,0,6,74,0,80,0,30,143,0,173,82,0,82,255
06/24/2022,SGR,TX,ASW,CE,Federal Contract Tower,0,20,38,0,58,0,0,61,0,61,0,20,99,0,119,94,0,94,213
06/25/2022,SGR,TX,ASW,CE,Federal Contract Tower,0,20,35,0,55,0,2,61,0,63,0,22,96,0,118,28,0,28,146
06/26/2022,SGR,TX,ASW,CE,Federal Contract Tower,0,20,51,0,71,0,2,77,0,79,0,22,128,0,150,94,0,94,244
06/27/2022,SGR,TX,ASW,CE,Federal Contract Tower,0,14,53,0,67,0,2,49,0,51,0,16,102,0,118,70,0,70,188
06/28/2022,SGR,TX,ASW,CE,Federal Contract Tower,0,20,60,0,80,0,2,56,0,58,0,22,116,0,138,52,0,52,190
06/29/2022,SGR,TX,ASW,CE,Federal Contract Tower,0,24,35,0,59,0,2,58,0,60,0,26,93,0,119,90,0,90,209
06/30/2022,SGR,TX,ASW,CE,Federal Contract Tower,0,16,48,0,64,0,2,46,0,48,0,18,94,0,112,92,0,92,204
07/01/2022,SGR,TX,ASW,CE,Federal Contract Tower,0,20,37,0,57,0,10,33,0,43,0,30,70,0,100,26,0,26,126
07/02/2022,SGR,TX,ASW,CE,Federal Contract Tower,0,16,24,0,40,0,0,56,0,56,0,16,80,0,96,110,0,110,206
07/03/2022,SGR,TX,ASW,CE,Federal Contract Tower,0,11,14,0,25,0,0,56,0,56,0,11,70,0,81,78,0,78,159
07/04/2022,SGR,TX,ASW,CE,Federal Contract Tower,0,7,20,0,27,0,3,39,1,43,0,10,59,1,70,60,0,60,130
07/05/2022,SGR,TX,ASW,CE,Federal Contract Tower,0,15,53,0,68,0,10,66,0,76,0,25,119,0,144,112,0,112,256
07/06/2022,SGR,TX,ASW,CE,Federal Contract Tower,0,19,48,0,67,0,2,69,0,71,0,21,117,0,138,92,0,92,230
07/07/2022,SGR,TX,ASW,CE,Federal Contract Tower,0,15,50,0,65,0,5,59,0,64,0,20,109,0,129,96,0,96,225
07/08/2022,SGR,TX,ASW,CE,Federal Contract Tower,0,14,38,0,52,0,2,75,0,77,0,16,113,0,129,90,0,90,219
07/09/2022,SGR,TX,ASW,CE,Federal Contract Tower,0,22,31,0,53,0,2,83,0,85,0,24,114,0,138,134,0,134,272
07/10/2022,SGR,TX,ASW,CE,Federal Contract Tower,0,14,44,0,58,0,1,66,0,67,0,15,110,0,125,92,0,92,217
07/11/2022,SGR,TX,ASW,CE,Federal Contract Tower,0,22,50,0,72,0,3,63,0,66,0,25,113,0,138,74,0,74,212
07/12/2022,SGR,TX,ASW,CE,Federal Contract Tower,0,17,67,0,84,0,2,48,0,50,0,19,115,0,134,78,0,78,212
07/13/2022,SGR,TX,ASW,CE,Federal Contract Tower,0,9,61,0,70,0,3,58,0,61,0,12,119,0,131,62,0,62,193
07/14/2022,SGR,TX,ASW,CE,Federal Contract Tower,0,24,40,0,64,0,13,60,0,73,0,37,100,0,137,48,0,48,185
07/15/2022,SGR,TX,ASW,CE,Federal Contract Tower,0,21,39,0,60,0,0,61,0,61,0,21,100,0,121,98,0,98,219
07/16/2022,SGR,TX,ASW,CE,Federal Contract Tower,0,18,22,0,40,0,4,81,0,85,0,22,103,0,125,94,0,94,219
07/17/2022,SGR,TX,ASW,CE,Federal Contract Tower,0,14,39,0,53,0,0,75,0,75,0,14,114,0,128,106,0,106,234
07/18/2022,SGR,TX,ASW,CE,Federal Contract Tower,0,15,48,0,63,0,9,94,0,103,0,24,142,0,166,128,0,128,294
07/19/2022,SGR,TX,ASW,CE,Federal Contract Tower,0,12,46,0,58,0,4,55,0,59,0,16,101,0,117,44,0,44,161
07/20/2022,SGR,TX,ASW,CE,Federal Contract Tower,0,16,43,2,61,0,2,71,0,73,0,18,114,2,134,124,0,124,258
07/21/2022,SGR,TX,ASW,CE,Federal Contract Tower,0,17,65,0,82,0,3,80,0,83,0,20,145,0,165,90,0,90,255
07/22/2022,SGR,TX,ASW,CE,Federal Contract Tower,0,20,44,0,64,0,0,73,0,73,0,20,117,0,137,68,0,68,205
07/23/2022,SGR,TX,ASW,CE,Federal Contract Tower,0,15,45,0,60,0,1,72,0,73,0,16,117,0,133,126,0,126,259
07/24/2022,SGR,TX,ASW,CE,Federal Contract Tower,0,17,44,0,61,0,0,66,0,66,0,17,110,0,127,60,0,60,187
07/25/2022,SGR,TX,ASW,CE,Federal Contract Tower,0,9,50,0,59,0,6,50,0,56,0,15,100,0,115,100,0,100,215
07/26/2022,SGR,TX,ASW,CE,Federal Contract Tower,0,9,59,0,68,0,2,62,0,64,0,11,121,0,132,92,0,92,224
07/27/2022,SGR,TX,ASW,CE,Federal Contract Tower,0,21,57,0,78,0,6,63,0,69,0,27,120,0,147,102,0,102,249
07/28/2022,SGR,TX,ASW,CE,Federal Contract Tower,0,16,64,0,80,0,2,76,0,78,0,18,140,0,158,90,0,90,248
07/29/2022,SGR,TX,ASW,CE,Federal Contract Tower,0,22,40,0,62,0,1,44,0,45,0,23,84,0,107,54,0,54,161
07/30/2022,SGR,TX,ASW,CE,Federal Contract Tower,0,23,34,0,57,0,5,77,0,82,0,28,111,0,139,128,0,128,267
07/31/2022,SGR,TX,ASW,CE,Federal Contract Tower,0,22,42,0,64,0,2,52,0,54,0,24,94,0,118,66,0,66,184
08/01/2022,SGR,TX,ASW,CE,Federal Contract Tower,0,29,53,0,82,0,0,68,0,68,0,29,121,0,150,128,0,128,278
08/02/2022,SGR,TX,ASW,CE,Federal Contract Tower,0,11,45,0,56,0,2,62,0,64,0,13,107,0,120,134,0,134,254
08/03/2022,SGR,TX,ASW,CE,Federal Contract Tower,0,19,60,0,79,0,12,4,0,16,0,31,64,0,95,134,0,134,229
08/04/2022,SGR,TX,ASW,CE,Federal Contract Tower,0,14,58,0,72,0,10,84,0,94,0,24,142,0,166,154,0,154,320
08/05/2022,SGR,TX,ASW,CE,Federal Contract Tower,0,26,53,0,79,0,0,61,0,61,0,26,114,0,140,94,0,94,234
08/06/2022,SGR,TX,ASW,CE,Federal Contract Tower,0,14,19,0,33,0,2,58,0,60,0,16,77,0,93,68,0,68,161
08/07/2022,SGR,TX,ASW,CE,Federal Contract Tower,0,16,34,0,50,0,2,85,0,87,0,18,119,0,137,94,0,94,231
08/08/2022,SGR,TX,ASW,CE,Federal Contract Tower,0,10,49,0,59,0,6,67,1,74,0,16,116,1,133,36,0,36,169
08/09/2022,SGR,TX,ASW,CE,Federal Contract Tower,0,18,53,0,71,0,3,58,2,63,0,21,111,2,134,68,0,68,202
08/10/2022,SGR,TX,ASW,CE,Federal Contract Tower,0,21,51,0,72,0,2,59,1,62,0,23,110,1,134,52,0,52,186
08/11/2022,SGR,TX,ASW,CE,Federal Contract Tower,0,31,59,0,90,0,6,83,1,90,0,37,142,1,180,126,2,128,308
08/12/2022,SGR,TX,ASW,CE,Federal Contract Tower,0,16,39,0,55,0,1,55,0,56,0,17,94,0,111,62,0,62,173
08/13/2022,SGR,TX,ASW,CE,Federal Contract Tower,0,10,47,0,57,0,1,64,0,65,0,11,111,0,122,94,0,94,216
08/14/2022,SGR,TX,ASW,CE,Federal Contract Tower,0,43,33,0,76,0,4,68,0,72,0,47,101,0,148,136,0,136,284
08/15/2022,SGR,TX,ASW,CE,Federal Contract Tower,0,18,55,0,73,0,1,76,0,77,0,19,131,0,150,140,0,140,290
08/16/2022,SGR,TX,ASW,CE,Federal Contract Tower,0,21,57,0,78,0,3,63,0,66,0,24,120,0,144,40,0,40,184
08/17/2022,SGR,TX,ASW,CE,Federal Contract Tower,0,22,77,0,99,0,5,52,0,57,0,27,129,0,156,90,0,90,246
08/18/2022,SGR,TX,ASW,CE,Federal Contract Tower,0,15,52,0,67,0,1,55,0,56,0,16,107,0,123,86,0,86,209
08/19/2022,SGR,TX,ASW,CE,Federal Contract Tower,0,17,54,0,71,0,0,20,0,20,0,17,74,0,91,20,0,20,111
08/20/2022,SGR,TX,ASW,CE,Federal Contract Tower,0,15,32,0,47,0,22,69,0,91,0,37,101,0,138,78,0,78,216
08/21/2022,SGR,TX,ASW,CE,Federal Contract Tower,0,16,51,0,67,0,4,73,0,77,0,20,124,0,144,102,0,102,246
08/22/2022,SGR,TX,ASW,CE,Federal Contract Tower,0,20,33,0,53,0,6,58,0,64,0,26,91,0,117,108,0,108,225
08/23/2022,SGR,TX,ASW,CE,Federal Contract Tower,0,24,36,0,60,0,4,53,0,57,0,28,89,0,117,94,0,94,211
08/24/2022,SGR,TX,ASW,CE,Federal Contract Tower,0,22,33,0,55,0,0,21,0,21,0,22,54,0,76,8,2,10,86
08/25/2022,SGR,TX,ASW,CE,Federal Contract Tower,0,33,77,0,110,0,1,62,0,63,0,34,139,0,173,142,0,142,315
08/26/2022,SGR,TX,ASW,CE,Federal Contract Tower,0,24,42,0,66,0,2,73,0,75,0,26,115,0,141,150,0,150,291
08/27/2022,SGR,TX,ASW,CE,Federal Contract Tower,0,6,33,0,39,0,1,70,0,71,0,7,103,0,110,98,0,98,208
08/28/2022,SGR,TX,ASW,CE,Federal Contract Tower,0,18,42,0,60,0,0,99,0,99,0,18,141,0,159,158,0,158,317
08/29/2022,SGR,TX,ASW,CE,Federal Contract Tower,0,17,38,0,55,0,2,32,0,34,0,19,70,0,89,60,0,60,149
08/30/2022,SGR,TX,ASW,CE,Federal Contract Tower,0,13,47,0,60,0,11,40,0,51,0,24,87,0,111,4,0,4,115
08/31/2022,SGR,TX,ASW,CE,Federal Contract Tower,0,26,63,0,89,0,2,59,0,61,0,28,122,0,150,52,0,52,202
09/01/2022,SGR,TX,ASW,CE,Federal Contract Tower,0,22,78,0,100,0,2,65,0,67,0,24,143,0,167,134,0,134,301
09/02/2022,SGR,TX,ASW,CE,Federal Contract Tower,0,26,50,0,76,0,0,79,0,79,0,26,129,0,155,100,0,100,255
09/03/2022,SGR,TX,ASW,CE,Federal Contract Tower,0,12,19,0,31,0,0,51,0,51,0,12,70,0,82,70,0,70,152
09/04/2022,SGR,TX,ASW,CE,Federal Contract Tower,0,10,28,0,38,0,0,59,0,59,0,10,87,0,97,132,0,132,229
09/05/2022,SGR,TX,ASW,CE,Federal Contract Tower,0,16,41,0,57,0,0,74,0,74,0,16,115,0,131,48,0,48,179
09/06/2022,SGR,TX,ASW,CE,Federal Contract Tower,0,28,54,0,82,0,5,56,0,61,0,33,110,0,143,58,0,58,201
09/07/2022,SGR,TX,ASW,CE,Federal Contract Tower,0,18,69,0,87,0,1,64,0,65,0,19,133,0,152,62,0,62,214
09/08/2022,SGR,TX,ASW,CE,Federal Contract Tower,0,19,50,0,69,0,1,79,0,80,0,20,129,0,149,102,0,102,251
09/09/2022,SGR,TX,ASW,CE,Federal Contract Tower,0,22,65,0,87,0,0,84,0,84,0,22,149,0,171,84,0,84,255
09/10/2022,SGR,TX,ASW,CE,Federal Contract Tower,0,15,50,0,65,0,1,92,0,93,0,16,142,0,158,90,0,90,248
09/11/2022,SGR,TX,ASW,CE,Federal Contract Tower,0,16,47,0,63,0,0,81,0,81,0,16,128,0,144,90,0,90,234
09/12/2022,SGR,TX,ASW,CE,Federal Contract Tower,0,16,58,1,75,0,0,51,1,52,0,16,109,2,127,46,0,46,173
09/13/2022,SGR,TX,ASW,CE,Federal Contract Tower,0,12,45,0,57,0,0,0,0,0,0,12,45,0,57,38,0,38,95
09/14/2022,SGR,TX,ASW,CE,Federal Contract Tower,0,24,64,0,88,0,2,73,0,75,0,26,137,0,163,64,0,64,227
09/15/2022,SGR,TX,ASW,CE,Federal Contract Tower,0,16,76,0,92,0,2,87,0,89,0,18,163,0,181,122,0,122,303
09/16/2022,SGR,TX,ASW,CE,Federal Contract Tower,0,22,38,0,60,0,0,84,0,84,0,22,122,0,144,80,0,80,224
09/17/2022,SGR,TX,ASW,CE,Federal Contract Tower,0,9,30,0,39,0,0,87,0,87,0,9,117,0,126,120,0,120,246
09/18/2022,SGR,TX,ASW,CE,Federal Contract Tower,0,25,63,0,88,0,1,80,1,82,0,26,143,1,170,102,0,102,272
09/19/2022,SGR,TX,ASW,CE,Federal Contract Tower,0,23,52,0,75,0,3,37,0,40,0,26,89,0,115,22,0,22,137
09/20/2022,SGR,TX,ASW,CE,Federal Contract Tower,0,21,52,0,73,0,5,95,0,100,0,26,147,0,173,82,0,82,255
09/21/2022,SGR,TX,ASW,CE,Federal Contract Tower,0,30,56,0,86,0,7,72,0,79,0,37,128,0,165,64,0,64,229
09/22/2022,SGR,TX,ASW,CE,Federal Contract Tower,0,24,56,0,80,0,3,84,0,87,0,27,140,0,167,102,0,102,269
09/23/2022,SGR,TX,ASW,CE,Federal Contract Tower,0,29,50,1,80,0,0,82,0,82,0,29,132,1,162,112,0,112,274
09/24/2022,SGR,TX,ASW,CE,Federal Contract Tower,0,14,27,0,41,0,0,59,0,59,0,14,86,0,100,66,0,66,166
09/25/2022,SGR,TX,ASW,CE,Federal Contract Tower,0,44,64,0,108,0,2,72,0,74,0,46,136,0,182,86,0,86,268
09/26/2022,SGR,TX,ASW,CE,Federal Contract Tower,0,20,37,0,57,0,4,60,0,64,0,24,97,0,121,90,0,90,211
09/27/2022,SGR,TX,ASW,CE,Federal Contract Tower,0,30,59,0,89,0,3,84,0,87,0,33,143,0,176,54,0,54,230
09/28/2022,SGR,TX,ASW,CE,Federal Contract Tower,0,28,63,0,91,0,2,71,0,73,0,30,134,0,164,68,0,68,232
09/29/2022,SGR,TX,ASW,CE,Federal Contract Tower,0,25,65,0,90,0,0,114,0,114,0,25,179,0,204,98,0,98,302
09/30/2022,SGR,TX,ASW,CE,Federal Contract Tower,0,28,79,0,107,0,0,94,0,94,0,28,173,0,201,100,0,100,301
10/01/2022,SGR,TX,ASW,CE,Federal Contract Tower,0,18,27,0,45,0,0,88,0,88,0,18,115,0,133,84,0,84,217
10/02/2022,SGR,TX,ASW,CE,Federal Contract Tower,0,25,58,0,83,0,0,93,0,93,0,25,151,0,176,54,0,54,230
10/03/2022,SGR,TX,ASW,CE,Federal Contract Tower,0,35,34,0,69,0,3,59,0,62,0,38,93,0,131,66,0,66,197
10/04/2022,SGR,TX,ASW,CE,Federal Contract Tower,0,25,54,0,79,0,1,68,0,69,0,26,122,0,148,50,0,50,198
10/05/2022,SGR,TX,ASW,CE,Federal Contract Tower,0,21,54,0,75,0,3,61,0,64,0,24,115,0,139,48,0,48,187
10/06/2022,SGR,TX,ASW,CE,Federal Contract Tower,0,34,77,0,111,0,0,89,1,90,0,34,166,1,201,122,0,122,323
10/07/2022,SGR,TX,ASW,CE,Federal Contract Tower,0,39,51,0,90,0,0,73,0,73,0,39,124,0,163,102,0,102,265
10/08/2022,SGR,TX,ASW,CE,Federal Contract Tower,0,17,50,0,67,0,1,96,0,97,0,18,146,0,164,86,0,86,250
10/09/2022,SGR,TX,ASW,CE,Federal Contract Tower,0,34,61,0,95,0,1,77,0,78,0,35,138,0,173,106,0,106,279
10/10/2022,SGR,TX,ASW,CE,Federal Contract Tower,0,26,76,0,102,0,3,55,0,58,0,29,131,0,160,46,0,46,206
10/11/2022,SGR,TX,ASW,CE,Federal Contract Tower,0,15,65,0,80,0,2,68,0,70,0,17,133,0,150,70,0,70,220
10/12/2022,SGR,TX,ASW,CE,Federal Contract Tower,0,15,53,0,68,0,4,70,0,74,0,19,123,0,142,124,0,124,266
10/13/2022,SGR,TX,ASW,CE,Federal Contract Tower,0,21,70,0,91,0,2,60,0,62,0,23,130,0,153,70,0,70,223
10/14/2022,SGR,TX,ASW,CE,Federal Contract Tower,0,19,60,0,79,0,4,95,0,99,0,23,155,0,178,138,0,138,316
10/15/2022,SGR,TX,ASW,CE,Federal Contract Tower,0,16,35,0,51,0,0,81,0,81,0,16,116,0,132,126,0,126,258
10/16/2022,SGR,TX,ASW,CE,Federal Contract Tower,0,28,61,0,89,0,3,52,0,55,0,31,113,0,144,98,0,98,242
10/17/2022,SGR,TX,ASW,CE,Federal Contract Tower,0,14,77,0,91,0,0,24,0,24,0,14,101,0,115,14,0,14,129
10/18/2022,SGR,TX,ASW,CE,Federal Contract Tower,0,19,64,0,83,0,10,83,0,93,0,29,147,0,176,64,0,64,240
10/19/2022,SGR,TX,ASW,CE,Federal Contract Tower,0,24,57,0,81,0,4,78,0,82,0,28,135,0,163,104,0,104,267
10/20/2022,SGR,TX,ASW,CE,Federal Contract Tower,0,30,59,0,89,0,4,94,0,98,0,34,153,0,187,74,0,74,261
10/21/2022,SGR,TX,ASW,CE,Federal Contract Tower,0,41,44,0,85,0,3,64,0,67,0,44,108,0,152,86,0,86,238
10/22/2022,SGR,TX,ASW,CE,Federal Contract Tower,0,20,33,0,53,0,0,78,0,78,0,20,111,0,131,116,0,116,247
10/23/2022,SGR,TX,ASW,CE,Federal Contract Tower,0,28,70,0,98,0,0,65,0,65,0,28,135,0,163,48,0,48,211
10/24/2022,SGR,TX,ASW,CE,Federal Contract Tower,0,32,57,0,89,0,0,16,2,18,0,32,73,2,107,20,0,20,127
10/25/2022,SGR,TX,ASW,CE,Federal Contract Tower,0,17,50,0,67,0,2,38,0,40,0,19,88,0,107,14,0,14,121
10/26/2022,SGR,TX,ASW,CE,Federal Contract Tower,0,28,81,5,114,0,2,73,0,75,0,30,154,5,189,142,0,142,331
10/27/2022,SGR,TX,ASW,CE,Federal Contract Tower,0,25,58,1,84,0,3,90,1,94,0,28,148,2,178,108,0,108,286
10/28/2022,SGR,TX,ASW,CE,Federal Contract Tower,0,22,47,0,69,0,0,6,0,6,0,22,53,0,75,18,0,18,93
10/29/2022,SGR,TX,ASW,CE,Federal Contract Tower,0,16,53,0,69,0,0,66,0,66,0,16,119,0,135,150,0,150,285
10/30/2022,SGR,TX,ASW,CE,Federal Contract Tower,0,31,50,0,81,0,1,89,0,90,0,32,139,0,171,72,0,72,243
10/31/2022,SGR,TX,ASW,CE,Federal Contract Tower,0,8,25,0,33,0,4,88,0,92,0,12,113,0,125,144,0,144,269
11/01/2022,SGR,TX,ASW,CE,Federal Contract Tower,0,23,50,0,73,0,0,4,0,4,0,23,54,0,77,10,0,10,87
11/02/2022,SGR,TX,ASW,CE,Federal Contract Tower,0,25,59,0,84,0,0,73,0,73,0,25,132,0,157,144,0,144,301
11/03/2022,SGR,TX,ASW,CE,Federal Contract Tower,0,30,60,2,92,0,1,35,0,36,0,31,95,2,128,58,0,58,186
11/04/2022,SGR,TX,ASW,CE,Federal Contract Tower,0,42,53,0,95,0,1,20,0,21,0,43,73,0,116,22,0,22,138
11/05/2022,SGR,TX,ASW,CE,Federal Contract Tower,0,15,33,0,48,0,0,110,0,110,0,15,143,0,158,168,0,168,326
11/06/2022,SGR,TX,ASW,CE,Federal Contract Tower,0,32,58,0,90,0,0,55,0,55,0,32,113,0,145,120,0,120,265
11/07/2022,SGR,TX,ASW,CE,Federal Contract Tower,0,25,65,0,90,0,0,50,0,50,0,25,115,0,140,90,0,90,230
11/08/2022,SGR,TX,ASW,CE,Federal Contract Tower,0,21,73,0,94,0,2,66,0,68,0,23,139,0,162,102,0,102,264
11/09/2022,SGR,TX,ASW,CE,Federal Contract Tower,0,37,67,0,104,0,3,63,0,66,0,40,130,0,170,100,0,100,270
11/10/2022,SGR,TX,ASW,CE,Federal Contract Tower,0,28,70,0,98,0,6,78,0,84,0,34,148,0,182,168,0,168,350
11/11/2022,SGR,TX,ASW,CE,Federal Contract Tower,0,20,36,0,56,0,0,49,0,49,0,20,85,0,105,60,0,60,165
11/12/2022,SGR,TX,ASW,CE,Federal Contract Tower,0,20,18,0,38,0,10,83,0,93,0,30,101,0,131,74,0,74,205
11/13/2022,SGR,TX,ASW,CE,Federal Contract Tower,0,42,52,0,94,0,0,94,0,94,0,42,146,0,188,130,0,130,318
11/14/2022,SGR,TX,ASW,CE,Federal Contract Tower,0,25,35,0,60,0,0,11,0,11,0,25,46,0,71,36,0,36,107
11/15/2022,SGR,TX,ASW,CE,Federal Contract Tower,0,57,51,0,108,0,11,59,0,70,0,68,110,0,178,86,0,86,264
11/16/2022,SGR,TX,ASW,CE,Federal Contract Tower,0,18,57,0,75,0,5,85,0,90,0,23,142,0,165,166,0,166,331
11/17/2022,SGR,TX,ASW,CE,Federal Contract Tower,0,28,59,0,87,0,0,95,0,95,0,28,154,0,182,176,0,176,358
11/18/2022,SGR,TX,ASW,CE,Federal Contract Tower,0,35,73,0,108,0,0,70,0,70,0,35,143,0,178,138,0,138,316
11/19/2022,SGR,TX,ASW,CE,Federal Contract Tower,0,21,22,1,44,0,0,0,0,0,0,21,22,1,44,0,0,0,44
11/20/2022,SGR,TX,ASW,CE,Federal Contract Tower,0,25,43,0,68,0,0,79,3,82,0,25,122,3,150,118,0,118,268
11/21/2022,SGR,TX,ASW,CE,Federal Contract Tower,0,14,44,0,58,0,0,2,0,2,0,14,46,0,60,0,0,0,60
11/22/2022,SGR,TX,ASW,CE,Federal Contract Tower,0,12,67,0,79,0,3,75,0,78,0,15,142,0,157,122,0,122,279
11/23/2022,SGR,TX,ASW,CE,Federal Contract Tower,0,27,53,0,80,0,1,69,0,70,0,28,122,0,150,106,0,106,256
11/24/2022,SGR,TX,ASW,CE,Federal Contract Tower,0,5,5,0,10,0,0,0,0,0,0,5,5,0,10,0,0,0,10
11/25/2022,SGR,TX,ASW,CE,Federal Contract Tower,0,10,24,0,34,0,0,0,0,0,0,10,24,0,34,0,0,0,34
11/26/2022,SGR,TX,ASW,CE,Federal Contract Tower,0,35,25,0,60,0,0,38,0,38,0,35,63,0,98,54,0,54,152
11/27/2022,SGR,TX,ASW,CE,Federal Contract Tower,0,25,60,0,85,0,0,88,0,88,0,25,148,0,173,74,0,74,247
11/28/2022,SGR,TX,ASW,CE,Federal Contract Tower,0,22,59,0,81,0,15,78,0,93,0,37,137,0,174,126,0,126,300
11/29/2022,SGR,TX,ASW,CE,Federal Contract Tower,0,24,45,0,69,0,0,7,0,7,0,24,52,0,76,6,0,6,82
11/30/2022,SGR,TX,ASW,CE,Federal Contract Tower,0,21,65,0,86,0,4,69,0,73,0,25,134,0,159,66,0,66,225
12/01/2022,SGR,TX,ASW,CE,Federal Contract Tower,0,27,71,0,98,0,4,79,0,83,0,31,150,0,181,172,0,172,353
12/02/2022,SGR,TX,ASW,CE,Federal Contract Tower,0,24,36,0,60,0,0,22,0,22,0,24,58,0,82,56,0,56,138
12/03/2022,SGR,TX,ASW,CE,Federal Contract Tower,0,21,45,0,66,0,0,31,0,31,0,21,76,0,97,76,0,76,173
12/04/2022,SGR,TX,ASW,CE,Federal Contract Tower,0,24,67,0,91,0,0,44,0,44,0,24,111,0,135,70,0,70,205
12/05/2022,SGR,TX,ASW,CE,Federal Contract Tower,0,18,64,2,84,0,0,27,0,27,0,18,91,2,111,20,0,20,131
12/06/2022,SGR,TX,ASW,CE,Federal Contract Tower,0,23,82,0,105,0,3,66,0,69,0,26,148,0,174,36,0,36,210
12/07/2022,SGR,TX,ASW,CE,Federal Contract Tower,0,22,65,2,89,0,4,46,0,50,0,26,111,2,139,80,0,80,219
12/08/2022,SGR,TX,ASW,CE,Federal Contract Tower,0,24,77,0,101,0,3,45,0,48,0,27,122,0,149,72,0,72,221
12/09/2022,SGR,TX,ASW,CE,Federal Contract Tower,0,23,63,0,86,0,0,45,0,45,0,23,108,0,131,98,0,98,229
12/10/2022,SGR,TX,ASW,CE,Federal Contract Tower,0,20,34,0,54,0,0,47,0,47,0,20,81,0,101,152,0,152,253
12/11/2022,SGR,TX,ASW,CE,Federal Contract Tower,0,28,48,0,76,0,0,37,0,37,0,28,85,0,113,48,0,48,161
12/12/2022,SGR,TX,ASW,CE,Federal Contract Tower,0,25,57,0,82,0,0,7,0,7,0,25,64,0,89,0,0,0,89
12/13/2022,SGR,TX,ASW,CE,Federal Contract Tower,0,17,37,0,54,0,2,12,0,14,0,19,49,0,68,26,0,26,94
12/14/2022,SGR,TX,ASW,CE,Federal Contract Tower,0,29,68,0,97,0,2,81,0,83,0,31,149,0,180,86,0,86,266
12/15/2022,SGR,TX,ASW,CE,Federal Contract Tower,0,28,58,0,86,0,3,101,0,104,0,31,159,0,190,184,0,184,374
12/16/2022,SGR,TX,ASW,CE,Federal Contract Tower,0,31,62,0,93,0,0,82,0,82,0,31,144,0,175,90,0,90,265
12/17/2022,SGR,TX,ASW,CE,Federal Contract Tower,0,16,44,0,60,0,0,87,0,87,0,16,131,0,147,172,0,172,319
12/18/2022,SGR,TX,ASW,CE,Federal Contract Tower,0,25,55,0,80,0,0,70,0,70,0,25,125,0,150,76,0,76,226
12/19/2022,SGR,TX,ASW,CE,Federal Contract Tower,0,13,28,0,41,0,0,2,0,2,0,13,30,0,43,4,0,4,47
12/20/2022,SGR,TX,ASW,CE,Federal Contract Tower,0,16,51,1,68,0,2,15,0,17,0,18,66,1,85,38,0,38,123
12/21/2022,SGR,TX,ASW,CE,Federal Contract Tower,0,15,57,0,72,0,1,47,0,48,0,16,104,0,120,80,0,80,200
12/22/2022,SGR,TX,ASW,CE,Federal Contract Tower,0,15,32,0,47,0,2,9,0,11,0,17,41,0,58,16,0,16,74
12/23/2022,SGR,TX,ASW,CE,Federal Contract Tower,0,14,20,0,34,0,0,35,0,35,0,14,55,0,69,38,0,38,107
12/24/2022,SGR,TX,ASW,CE,Federal Contract Tower,0,7,8,0,15,0,0,54,0,54,0,7,62,0,69,112,0,112,181
12/25/2022,SGR,TX,ASW,CE,Federal Contract Tower,0,24,8,0,32,0,2,16,0,18,0,26,24,0,50,0,0,0,50
12/26/2022,SGR,TX,ASW,CE,Federal Contract Tower,0,30,72,0,102,0,0,54,0,54,0,30,126,0,156,42,0,42,198
12/27/2022,SGR,TX,ASW,CE,Federal Contract Tower,0,28,66,0,94,0,5,77,0,82,0,33,143,0,176,88,0,88,264
12/28/2022,SGR,TX,ASW,CE,Federal Contract Tower,0,15,57,0,72,0,1,45,0,46,0,16,102,0,118,26,0,26,144
12/29/2022,SGR,TX,ASW,CE,Federal Contract Tower,0,22,43,0,65,0,0,18,0,18,0,22,61,0,83,52,0,52,135
12/30/2022,SGR,TX,ASW,CE,Federal Contract Tower,0,12,48,0,60,0,0,40,0,40,0,12,88,0,100,60,0,60,160
12/31/2022,SGR,TX,ASW,CE,Federal Contract Tower,0,8,14,0,22,0,0,49,0,49,0,8,63,0,71,44,0,44,115
01/01/2023,SGR,TX,ASW,CE,Federal Contract Tower,0,19,24,0,43,0,0,18,0,18,0,19,42,0,61,28,0,28,89
01/02/2023,SGR,TX,ASW,CE,Federal Contract Tower,0,15,36,0,51,0,0,3,0,3,0,15,39,0,54,4,0,4,58
01/03/2023,SGR,TX,ASW,CE,Federal Contract Tower,0,24,63,0,87,0,2,65,0,67,0,26,128,0,154,92,0,92,246
01/04/2023,SGR,TX,ASW,CE,Federal Contract Tower,0,23,50,0,73,0,8,72,0,80,0,31,122,0,153,110,0,110,263
01/05/2023,SGR,TX,ASW,CE,Federal Contract Tower,0,7,40,0,47,0,7,90,0,97,0,14,130,0,144,128,0,128,272
01/06/2023,SGR,TX,ASW,CE,Federal Contract Tower,0,17,40,0,57,0,0,75,0,75,0,17,115,0,132,84,0,84,216
01/07/2023,SGR,TX,ASW,CE,Federal Contract Tower,0,12,33,0,45,0,0,57,0,57,0,12,90,0,102,146,0,146,248
01/08/2023,SGR,TX,ASW,CE,Federal Contract Tower,0,20,40,0,60,0,1,88,1,90,0,21,128,1,150,100,6,106,256
01/09/2023,SGR,TX,ASW,CE,Federal Contract Tower,0,20,38,0,58,0,6,81,0,87,0,26,119,0,145,128,0,128,273
01/10/2023,SGR,TX,ASW,CE,Federal Contract Tower,0,10,60,0,70,0,3,39,0,42,0,13,99,0,112,48,0,48,160
01/11/2023,SGR,TX,ASW,CE,Federal Contract Tower,0,29,81,0,110,0,4,28,0,32,0,33,109,0,142,36,0,36,178
01/12/2023,SGR,TX,ASW,CE,Federal Contract Tower,0,26,63,0,89,0,0,56,0,56,0,26,119,0,145,76,0,76,221
01/13/2023,SGR,TX,ASW,CE,Federal Contract Tower,0,24,50,0,74,0,2,100,0,102,0,26,150,0,176,126,0,126,302
01/14/2023,SGR,TX,ASW,CE,Federal Contract Tower,0,14,28,0,42,0,1,105,0,106,0,15,133,0,148,182,0,182,330
01/15/2023,SGR,TX,ASW,CE,Federal Contract Tower,0,11,40,0,51,0,0,65,0,65,0,11,105,0,116,94,0,94,210
01/16/2023,SGR,TX,ASW,CE,Federal Contract Tower,0,19,51,0,70,0,0,36,0,36,0,19,87,0,106,88,0,88,194
01/17/2023,SGR,TX,ASW,CE,Federal Contract Tower,0,24,46,0,70,0,4,44,0,48,0,28,90,0,118,62,0,62,180
01/18/2023,SGR,TX,ASW,CE,Federal Contract Tower,0,31,65,0,96,0,5,46,0,51,0,36,111,0,147,96,0,96,243
01/19/2023,SGR,TX,ASW,CE,Federal Contract Tower,0,22,63,0,85,0,2,113,0,115,0,24,176,0,200,114,0,114,314
01/20/2023,SGR,TX,ASW,CE,Federal Contract Tower,0,15,43,0,58,0,4,57,0,61,0,19,100,0,119,0,108,108,227
01/21/2023,SGR,TX,ASW,CE,Federal Contract Tower,0,7,18,0,25,0,0,11,0,11,0,7,29,0,36,60,0,60,96
01/22/2023,SGR,TX,ASW,CE,Federal Contract Tower,0,17,37,0,54,0,5,102,0,107,0,22,139,0,161,92,0,92,253
01/23/2023,SGR,TX,ASW,CE,Federal Contract Tower,0,26,46,0,72,0,6,88,0,94,0,32,134,0,166,112,0,112,278
01/24/2023,SGR,TX,ASW,CE,Federal Contract Tower,0,11,33,0,44,0,0,2,0,2,0,11,35,0,46,2,0,2,48
01/25/2023,SGR,TX,ASW,CE,Federal Contract Tower,0,22,68,0,90,0,2,65,0,67,0,24,133,0,157,108,0,108,265
01/26/2023,SGR,TX,ASW,CE,Federal Contract Tower,0,20,61,0,81,0,7,102,0,109,0,27,163,0,190,122,0,122,312
01/27/2023,SGR,TX,ASW,CE,Federal Contract Tower,0,21,66,0,87,0,0,75,0,75,0,21,141,0,162,128,0,128,290
01/28/2023,SGR,TX,ASW,CE,Federal Contract Tower,0,19,24,1,44,0,2,5,0,7,0,21,29,1,51,12,0,12,63
01/29/2023,SGR,TX,ASW,CE,Federal Contract Tower,0,26,33,0,59,0,0,8,0,8,0,26,41,0,67,18,0,18,85
01/30/2023,SGR,TX,ASW,CE,Federal Contract Tower,0,13,44,0,57,0,0,0,0,0,0,13,44,0,57,0,0,0,57
01/31/2023,SGR,TX,ASW,CE,Federal Contract Tower,0,13,35,0,48,0,0,0,0,0,0,13,35,0,48,0,0,0,48
02/01/2023,SGR,TX,ASW,CE,Federal Contract Tower,0,11,27,0,38,0,0,0,0,0,0,11,27,0,38,0,0,0,38
02/02/2023,SGR,TX,ASW,CE,Federal Contract Tower,0,25,51,0,76,0,0,0,0,0,0,25,51,0,76,0,0,0,76
02/03/2023,SGR,TX,ASW,CE,Federal Contract Tower,0,21,81,0,102,0,7,90,0,97,0,28,171,0,199,104,0,104,303
02/04/2023,SGR,TX,ASW,CE,Federal Contract Tower,0,7,35,0,42,0,1,92,0,93,0,8,127,0,135,192,0,192,327
02/05/2023,SGR,TX,ASW,CE,Federal Contract Tower,0,10,43,0,53,0,0,112,1,113,0,10,155,1,166,136,0,136,302
02/06/2023,SGR,TX,ASW,CE,Federal Contract Tower,0,26,60,0,86,0,7,89,0,96,0,33,149,0,182,108,0,108,290
02/07/2023,SGR,TX,ASW,CE,Federal Contract Tower,0,22,53,0,75,0,1,54,0,55,0,23,107,0,130,82,0,82,212
02/08/2023,SGR,TX,ASW,CE,Federal Contract Tower,0,27,59,0,86,0,3,10,0,13,0,30,69,0,99,66,0,66,165
02/09/2023,SGR,TX,ASW,CE,Federal Contract Tower,0,23,75,0,98,0,4,113,0,117,0,27,188,0,215,186,0,186,401
02/10/2023,SGR,TX,ASW,CE,Federal Contract Tower,0,22,76,3,101,0,0,93,0,93,0,22,169,3,194,124,0,124,318
02/11/2023,SGR,TX,ASW,CE,Federal Contract Tower,0,8,42,0,50,0,0,123,0,123,0,8,165,0,173,140,0,140,313
02/12/2023,SGR,TX,ASW,CE,Federal Contract Tower,0,16,38,0,54,0,0,86,0,86,0,16,124,0,140,104,0,104,244
02/13/2023,SGR,TX,ASW,CE,Federal Contract Tower,0,21,56,0,77,0,6,83,0,89,0,27,139,0,166,132,0,132,298
02/14/2023,SGR,TX,ASW,CE,Federal Contract Tower,0,10,39,0,49,0,2,37,0,39,0,12,76,0,88,46,0,46,134
02/16/2023,SGR,TX,ASW,CE,Federal Contract Tower,0,21,56,0,77,0,0,21,0,21,0,21,77,0,98,4,0,4,102
02/17/2023,SGR,TX,ASW,CE,Federal Contract Tower,0,41,82,0,123,0,3,101,2,106,0,44,183,2,229,112,0,112,341
02/18/2023,SGR,TX,ASW,CE,Federal Contract Tower,0,10,43,0,53,0,1,109,0,110,0,11,152,0,163,190,0,190,353
02/19/2023,SGR,TX,ASW,CE,Federal Contract Tower,0,20,50,0,70,0,1,88,0,89,0,21,138,0,159,142,0,142,301
02/20/2023,SGR,TX,ASW,CE,Federal Contract Tower,0,27,80,0,107,0,6,14,0,20,0,33,94,0,127,20,0,20,147
02/21/2023,SGR,TX,ASW,CE,Federal Contract Tower,0,20,58,1,79,0,2,20,0,22,0,22,78,1,101,40,0,40,141
02/22/2023,SGR,TX,ASW,CE,Federal Contract Tower,0,37,73,0,110,0,6,35,1,42,0,43,108,1,152,46,0,46,198
02/23/2023,SGR,TX,ASW,CE,Federal Contract Tower,0,19,54,0,73,0,5,58,1,64,0,24,112,1,137,124,0,124,261
02/24/2023,SGR,TX,ASW,CE,Federal Contract Tower,0,26,54,0,80,0,1,49,0,50,0,27,103,0,130,158,0,158,288
02/25/2023,SGR,TX,ASW,CE,Federal Contract Tower,0,16,45,0,61,0,0,67,0,67,0,16,112,0,128,156,0,156,284
02/26/2023,SGR,TX,ASW,CE,Federal Contract Tower,0,36,34,0,70,0,0,34,0,34,0,36,68,0,104,14,0,14,118
02/27/2023,SGR,TX,ASW,CE,Federal Contract Tower,0,23,72,0,95,0,3,90,0,93,0,26,162,0,188,112,0,112,300
02/28/2023,SGR,TX,ASW,CE,Federal Contract Tower,0,14,76,5,95,0,3,76,0,79,0,17,152,5,174,114,0,114,288
03/01/2023,SGR,TX,ASW,CE,Federal Contract Tower,0,14,75,0,89,0,3,45,0,48,0,17,120,0,137,14,0,14,151
03/02/2023,SGR,TX,ASW,CE,Federal Contract Tower,0,24,35,0,59,0,2,8,0,10,0,26,43,0,69,0,0,0,69
03/03/2023,SGR,TX,ASW,CE,Federal Contract Tower,0,21,52,0,73,0,3,91,0,94,0,24,143,0,167,98,0,98,265
03/04/2023,SGR,TX,ASW,CE,Federal Contract Tower,0,20,26,2,48,0,4,103,0,107,0,24,129,2,155,182,0,182,337
03/05/2023,SGR,TX,ASW,CE,Federal Contract Tower,0,26,52,0,78,0,0,95,0,95,0,26,147,0,173,136,0,136,309
03/06/2023,SGR,TX,ASW,CE,Federal Contract Tower,0,19,64,0,83,0,2,46,0,48,0,21,110,0,131,100,0,100,231
03/07/2023,SGR,TX,ASW,CE,Federal Contract Tower,0,23,69,0,92,0,4,59,0,63,0,27,128,0,155,58,0,58,213
03/08/2023,SGR,TX,ASW,CE,Federal Contract Tower,23,0,60,2,85,0,4,54,0,58,23,4,114,2,143,66,0,66,209
03/09/2023,SGR,TX,ASW,CE,Federal Contract Tower,0,21,80,0,101,0,0,75,0,75,0,21,155,0,176,88,0,88,264
03/10/2023,SGR,TX,ASW,CE,Federal Contract Tower,0,23,51,0,74,0,0,57,0,57,0,23,108,0,131,52,0,52,183
03/11/2023,SGR,TX,ASW,CE,Federal Contract Tower,0,34,44,0,78,0,0,53,0,53,0,34,97,0,131,62,0,62,193
03/12/2023,SGR,TX,ASW,CE,Federal Contract Tower,0,19,42,0,61,0,2,45,0,47,0,21,87,0,108,52,0,52,160
03/13/2023,SGR,TX,ASW,CE,Federal Contract Tower,0,24,44,2,70,0,3,69,0,72,0,27,113,2,142,66,0,66,208
03/14/2023,SGR,TX,ASW,CE,Federal Contract Tower,0,8,48,2,58,0,1,63,0,64,0,9,111,2,122,118,0,118,240
03/15/2023,SGR,TX,ASW,CE,Federal Contract Tower,0,15,52,0,67,0,0,92,0,92,0,15,144,0,159,134,0,134,293
03/16/2023,SGR,TX,ASW,CE,Federal Contract Tower,0,22,55,0,77,0,0,16,0,16,0,22,71,0,93,42,0,42,135
03/17/2023,SGR,TX,ASW,CE,Federal Contract Tower,0,21,41,0,62,0,1,43,0,44,0,22,84,0,106,30,0,30,136
03/18/2023,SGR,TX,ASW,CE,Federal Contract Tower,0,24,49,0,73,0,2,81,0,83,0,26,130,0,156,180,0,180,336
03/19/2023,SGR,TX,ASW,CE,Federal Contract Tower,0,35,70,0,105,0,7,86,0,93,0,42,156,0,198,126,0,126,324
03/20/2023,SGR,TX,ASW,CE,Federal Contract Tower,0,17,46,0,63,0,5,102,0,107,0,22,148,0,170,146,0,146,316
03/21/2023,SGR,TX,ASW,CE,Federal Contract Tower,0,20,68,0,88,0,1,33,0,34,0,21,101,0,122,38,0,38,160
03/22/2023,SGR,TX,ASW,CE,Federal Contract Tower,0,22,61,0,83,0,2,51,0,53,0,24,112,0,136,78,0,78,214
03/23/2023,SGR,TX,ASW,CE,Federal Contract Tower,0,32,78,0,110,0,2,47,0,49,0,34,125,0,159,112,0,112,271
03/24/2023,SGR,TX,ASW,CE,Federal Contract Tower,0,26,47,0,73,0,2,17,0,19,0,28,64,0,92,32,0,32,124
03/25/2023,SGR,TX,ASW,CE,Federal Contract Tower,0,10,42,0,52,0,0,113,0,113,0,10,155,0,165,142,0,142,307
03/26/2023,SGR,TX,ASW,CE,Federal Contract Tower,0,21,39,0,60,0,0,9,0,9,0,21,48,0,69,22,0,22,91
03/27/2023,SGR,TX,ASW,CE,Federal Contract Tower,0,25,77,0,102,0,0,10,0,10,0,25,87,0,112,0,0,0,112
03/28/2023,SGR,TX,ASW,CE,Federal Contract Tower,0,27,61,0,88,0,0,0,0,0,0,27,61,0,88,62,0,62,150
03/29/2023,SGR,TX,ASW,CE,Federal Contract Tower,0,38,69,0,107,0,5,92,0,97,0,43,161,0,204,100,0,100,304
03/30/2023,SGR,TX,ASW,CE,Federal Contract Tower,0,24,57,0,81,0,1,2,0,3,0,25,59,0,84,8,0,8,92
03/31/2023,SGR,TX,ASW,CE,Federal Contract Tower,0,21,75,0,96,0,0,44,0,44,0,21,119,0,140,62,0,62,202
04/01/2023,SGR,TX,ASW,CE,Federal Contract Tower,0,12,59,4,75,0,1,103,0,104,0,13,162,4,179,152,0,152,331
04/02/2023,SGR,TX,ASW,CE,Federal Contract Tower,0,28,88,0,116,0,0,26,0,26,0,28,114,0,142,14,0,14,156
04/03/2023,SGR,TX,ASW,CE,Federal Contract Tower,0,15,62,0,77,0,2,71,0,73,0,17,133,0,150,114,0,114,264
04/04/2023,SGR,TX,ASW,CE,Federal Contract Tower,0,39,62,0,101,0,7,27,0,34,0,46,89,0,135,30,0,30,165
04/05/2023,SGR,TX,ASW,CE,Federal Contract Tower,0,41,99,0,140,0,5,7,0,12,0,46,106,0,152,22,0,22,174
04/06/2023,SGR,TX,ASW,CE,Federal Contract Tower,0,32,32,0,64,0,3,0,0,3,0,35,32,0,67,0,0,0,67
04/07/2023,SGR,TX,ASW,CE,Federal Contract Tower,0,21,41,0,62,0,0,0,0,0,0,21,41,0,62,0,0,0,62
04/08/2023,SGR,TX,ASW,CE,Federal Contract Tower,0,12,43,0,55,0,1,6,0,7,0,13,49,0,62,24,0,24,86
04/09/2023,SGR,TX,ASW,CE,Federal Contract Tower,0,19,32,0,51,0,6,20,0,26,0,25,52,0,77,4,0,4,81
04/10/2023,SGR,TX,ASW,CE,Federal Contract Tower,0,33,73,0,106,0,3,100,0,103,0,36,173,0,209,96,0,96,305
04/11/2023,SGR,TX,ASW,CE,Federal Contract Tower,0,14,43,0,57,0,6,78,0,84,0,20,121,0,141,110,0,110,251
04/12/2023,SGR,TX,ASW,CE,Federal Contract Tower,0,17,91,0,108,0,2,68,0,70,0,19,159,0,178,110,0,110,288
04/13/2023,SGR,TX,ASW,CE,Federal Contract Tower,0,31,60,0,91,0,2,118,0,120,0,33,178,0,211,134,0,134,345
04/14/2023,SGR,TX,ASW,CE,Federal Contract Tower,0,26,63,0,89,0,0,46,0,46,0,26,109,0,135,130,0,130,265
04/15/2023,SGR,TX,ASW,CE,Federal Contract Tower,0,19,29,0,48,0,2,59,0,61,0,21,88,0,109,162,0,162,271
04/16/2023,SGR,TX,ASW,CE,Federal Contract Tower,0,31,47,0,78,0,0,95,0,95,0,31,142,0,173,138,0,138,311
04/17/2023,SGR,TX,ASW,CE,Federal Contract Tower,0,14,46,0,60,0,2,96,0,98,0,16,142,0,158,126,0,126,284
04/18/2023,SGR,TX,ASW,CE,Federal Contract Tower,0,17,59,0,76,0,0,59,0,59,0,17,118,0,135,68,0,68,203
04/19/2023,SGR,TX,ASW,CE,Federal Contract Tower,0,37,90,0,127,0,0,67,0,67,0,37,157,0,194,96,0,96,290
04/20/2023,SGR,TX,ASW,CE,Federal Contract Tower,0,30,78,0,108,0,0,27,0,27,0,30,105,0,135,84,0,84,219
04/21/2023,SGR,TX,ASW,CE,Federal Contract Tower,0,22,60,0,82,0,0,92,0,92,0,22,152,0,174,162,0,162,336
04/22/2023,SGR,TX,ASW,CE,Federal Contract Tower,0,19,33,0,52,0,0,112,0,112,0,19,145,0,164,122,0,122,286
04/23/2023,SGR,TX,ASW,CE,Federal Contract Tower,0,28,37,0,65,0,0,21,0,21,0,28,58,0,86,18,0,18,104
04/24/2023,SGR,TX,ASW,CE,Federal Contract Tower,0,26,66,0,92,0,0,92,0,92,0,26,158,0,184,176,0,176,360
04/25/2023,SGR,TX,ASW,CE,Federal Contract Tower,0,18,65,0,83,0,0,76,0,76,0,18,141,0,159,116,0,116,275
04/26/2023,SGR,TX,ASW,CE,Federal Contract Tower,0,24,79,0,103,0,2,33,0,35,0,26,112,0,138,108,0,108,246
04/27/2023,SGR,TX,ASW,CE,Federal Contract Tower,0,25,76,0,101,0,1,31,0,32,0,26,107,0,133,50,0,50,183
04/28/2023,SGR,TX,ASW,CE,Federal Contract Tower,0,17,48,0,65,0,0,72,0,72,0,17,120,0,137,84,0,84,221
04/29/2023,SGR,TX,ASW,CE,Federal Contract Tower,0,12,31,0,43,0,0,23,0,23,0,12,54,0,66,32,0,32,98
04/30/2023,SGR,TX,ASW,CE,Federal Contract Tower,0,13,47,0,60,0,0,111,0,111,0,13,158,0,171,132,0,132,303
05/01/2023,SGR,TX,ASW,CE,Federal Contract Tower,0,15,42,0,57,0,1,112,0,113,0,16,154,0,170,112,0,112,282
05/02/2023,SGR,TX,ASW,CE,Federal Contract Tower,0,18,79,0,97,0,4,79,0,83,0,22,158,0,180,110,0,110,290
05/03/2023,SGR,TX,ASW,CE,Federal Contract Tower,0,21,72,0,93,0,0,102,0,102,0,21,174,0,195,142,0,142,337
05/04/2023,SGR,TX,ASW,CE,Federal Contract Tower,0,23,72,0,95,0,0,49,0,49,0,23,121,0,144,136,0,136,280
05/05/2023,SGR,TX,ASW,CE,Federal Contract Tower,0,21,71,0,92,0,0,45,0,45,0,21,116,0,137,96,0,96,233
05/06/2023,SGR,TX,ASW,CE,Federal Contract Tower,0,13,32,0,45,0,0,60,0,60,0,13,92,0,105,116,0,116,221
05/07/2023,SGR,TX,ASW,CE,Federal Contract Tower,0,15,52,0,67,0,0,10,0,10,0,15,62,0,77,2,0,2,79
05/08/2023,SGR,TX,ASW,CE,Federal Contract Tower,0,20,66,0,86,0,0,24,0,24,0,20,90,0,110,78,0,78,188
05/09/2023,SGR,TX,ASW,CE,Federal Contract Tower,0,12,48,0,60,0,2,7,0,9,0,14,55,0,69,14,0,14,83
05/10/2023,SGR,TX,ASW,CE,Federal Contract Tower,0,21,49,0,70,0,1,9,0,10,0,22,58,0,80,4,0,4,84
05/11/2023,SGR,TX,ASW,CE,Federal Contract Tower,0,10,52,0,62,0,0,39,0,39,0,10,91,0,101,104,0,104,205
05/12/2023,SGR,TX,ASW,CE,Federal Contract Tower,0,27,49,0,76,0,1,59,0,60,0,28,108,0,136,99,0,99,235
05/13/2023,SGR,TX,ASW,CE,Federal Contract Tower,0,16,19,0,35,0,0,9,0,9,0,16,28,0,44,32,0,32,76
05/14/2023,SGR,TX,ASW,CE,Federal Contract Tower,0,26,31,0,57,0,0,20,0,20,0,26,51,0,77,22,0,22,99
05/15/2023,SGR,TX,ASW,CE,Federal Contract Tower,0,18,57,2,77,0,2,67,0,69,0,20,124,2,146,112,0,112,258
05/16/2023,SGR,TX,ASW,CE,Federal Contract Tower,0,11,62,0,73,0,3,80,1,84,0,14,142,1,157,112,0,112,269
05/17/2023,SGR,TX,ASW,CE,Federal Contract Tower,0,31,82,0,113,0,0,106,0,106,0,31,188,0,219,124,0,124,343
05/18/2023,SGR,TX,ASW,CE,Federal Contract Tower,0,19,66,0,85,0,7,111,0,118,0,26,177,0,203,130,0,130,333
05/19/2023,SGR,TX,ASW,CE,Federal Contract Tower,0,18,46,0,64,0,2,116,0,118,0,20,162,0,182,186,0,186,368
05/20/2023,SGR,TX,ASW,CE,Federal Contract Tower,0,22,45,0,67,0,0,104,0,104,0,22,149,0,171,176,0,176,347
05/21/2023,SGR,TX,ASW,CE,Federal Contract Tower,0,12,59,0,71,0,0,77,0,77,0,12,136,0,148,138,0,138,286
05/22/2023,SGR,TX,ASW,CE,Federal Contract Tower,0,28,50,0,78,0,2,94,0,96,0,30,144,0,174,136,0,136,310
05/23/2023,SGR,TX,ASW,CE,Federal Contract Tower,0,27,67,2,96,0,6,110,0,116,0,33,177,2,212,144,0,144,356
05/24/2023,SGR,TX,ASW,CE,Federal Contract Tower,0,22,67,0,89,0,6,68,0,74,0,28,135,0,163,48,0,48,211
05/25/2023,SGR,TX,ASW,CE,Federal Contract Tower,0,23,74,0,97,0,6,103,0,109,0,29,177,0,206,150,0,150,356
05/26/2023,SGR,TX,ASW,CE,Federal Contract Tower,0,29,69,0,98,0,4,114,0,118,0,33,183,0,216,120,0,120,336
05/27/2023,SGR,TX,ASW,CE,Federal Contract Tower,0,13,24,0,37,0,2,69,0,71,0,15,93,0,108,122,0,122,230
05/28/2023,SGR,TX,ASW,CE,Federal Contract Tower,0,13,29,0,42,0,0,78,0,78,0,13,107,0,120,102,0,102,222
05/29/2023,SGR,TX,ASW,CE,Federal Contract Tower,0,22,35,0,57,0,0,52,0,52,0,22,87,0,109,136,0,136,245
05/30/2023,SGR,TX,ASW,CE,Federal Contract Tower,0,31,45,0,76,0,4,83,0,87,0,35,128,0,163,148,0,148,311
05/31/2023,SGR,TX,ASW,CE,Federal Contract Tower,0,27,44,0,71,0,2,100,0,102,0,29,144,0,173,178,0,178,351
06/01/2023,SGR,TX,ASW,CE,Federal Contract Tower,0,24,55,0,79,0,5,128,0,133,0,29,183,0,212,220,0,220,432
06/02/2023,SGR,TX,ASW,CE,Federal Contract Tower,0,16,47,1,64,0,1,97,0,98,0,17,144,1,162,104,0,104,266
06/03/2023,SGR,TX,ASW,CE,Federal Contract Tower,0,22,19,1,42,0,0,112,0,112,0,22,131,1,154,174,0,174,328
06/04/2023,SGR,TX,ASW,CE,Federal Contract Tower,0,17,35,0,52,0,0,76,0,76,0,17,111,0,128,146,0,146,274
06/05/2023,SGR,TX,ASW,CE,Federal Contract Tower,0,25,40,0,65,0,4,40,0,44,0,29,80,0,109,82,0,82,191
06/06/2023,SGR,TX,ASW,CE,Federal Contract Tower,0,16,55,0,71,0,0,56,0,56,0,16,111,0,127,52,0,52,179
06/07/2023,SGR,TX,ASW,CE,Federal Contract Tower,0,29,70,0,99,0,1,123,0,124,0,30,193,0,223,230,0,230,453
06/08/2023,SGR,TX,ASW,CE,Federal Contract Tower,0,31,76,0,107,0,2,105,0,107,0,33,181,0,214,182,0,182,396
06/09/2023,SGR,TX,ASW,CE,Federal Contract Tower,0,24,49,0,73,0,1,88,0,89,0,25,137,0,162,254,0,254,416
06/10/2023,SGR,TX,ASW,CE,Federal Contract Tower,0,12,34,0,46,0,0,93,0,93,0,12,127,0,139,152,0,152,291
06/11/2023,SGR,TX,ASW,CE,Federal Contract Tower,0,31,45,0,76,0,0,80,0,80,0,31,125,0,156,84,0,84,240
06/12/2023,SGR,TX,ASW,CE,Federal Contract Tower,0,20,52,0,72,0,8,117,2,127,0,28,169,2,199,210,2,212,411
06/13/2023,SGR,TX,ASW,CE,Federal Contract Tower,0,19,54,0,73,0,1,94,0,95,0,20,148,0,168,156,0,156,324
06/14/2023,SGR,TX,ASW,CE,Federal Contract Tower,0,30,62,0,92,0,2,95,0,97,0,32,157,0,189,202,0,202,391
06/15/2023,SGR,TX,ASW,CE,Federal Contract Tower,0,11,57,0,68,0,1,79,0,80,0,12,136,0,148,180,0,180,328
06/16/2023,SGR,TX,ASW,CE,Federal Contract Tower,0,15,38,2,55,0,0,83,0,83,0,15,121,2,138,140,0,140,278
06/17/2023,SGR,TX,ASW,CE,Federal Contract Tower,0,13,35,0,48,0,1,85,0,86,0,14,120,0,134,236,0,236,370
06/18/2023,SGR,TX,ASW,CE,Federal Contract Tower,0,23,36,0,59,0,0,56,2,58,0,23,92,2,117,66,0,66,183
06/19/2023,SGR,TX,ASW,CE,Federal Contract Tower,0,16,39,0,55,0,0,77,0,77,0,16,116,0,132,122,0,122,254
06/20/2023,SGR,TX,ASW,CE,Federal Contract Tower,0,25,56,0,81,0,3,83,0,86,0,28,139,0,167,144,0,144,311
06/21/2023,SGR,TX,ASW,CE,Federal Contract Tower,0,26,53,0,79,0,2,87,0,89,0,28,140,0,168,158,0,158,326
06/22/2023,SGR,TX,ASW,CE,Federal Contract Tower,0,16,28,2,46,0,3,71,0,74,0,19,99,2,120,104,0,104,224
06/23/2023,SGR,TX,ASW,CE,Federal Contract Tower,0,24,60,0,84,0,0,93,2,95,0,24,153,2,179,168,0,168,347
06/24/2023,SGR,TX,ASW,CE,Federal Contract Tower,0,17,37,0,54,0,3,87,0,90,0,20,124,0,144,158,0,158,302
06/25/2023,SGR,TX,ASW,CE,Federal Contract Tower,0,21,42,0,63,0,3,62,0,65,0,24,104,0,128,120,0,120,248
06/26/2023,SGR,TX,ASW,CE,Federal Contract Tower,0,25,28,0,53,0,5,80,0,85,0,30,108,0,138,100,0,100,238
06/27/2023,SGR,TX,ASW,CE,Federal Contract Tower,0,24,52,0,76,0,1,81,0,82,0,25,133,0,158,172,0,172,330
06/28/2023,SGR,TX,ASW,CE,Federal Contract Tower,0,23,42,0,65,0,2,85,0,87,0,25,127,0,152,144,0,144,296
06/29/2023,SGR,TX,ASW,CE,Federal Contract Tower,0,16,66,1,83,0,4,82,1,87,0,20,148,2,170,104,0,104,274
07/01/2023,SGR,TX,ASW,CE,Federal Contract Tower,0,33,26,0,59,0,0,79,0,79,0,33,105,0,138,108,0,108,246
07/02/2023,SGR,TX,ASW,CE,Federal Contract Tower,0,11,26,0,37,0,0,36,0,36,0,11,62,0,73,68,0,68,141
07/03/2023,SGR,TX,ASW,CE,Federal Contract Tower,0,7,16,0,23,0,1,63,0,64,0,8,79,0,87,164,0,164,251
07/05/2023,SGR,TX,ASW,CE,Federal Contract Tower,0,19,59,0,78,0,2,61,0,63,0,21,120,0,141,84,0,84,225
07/06/2023,SGR,TX,ASW,CE,Federal Contract Tower,0,11,49,0,60,0,2,34,0,36,0,13,83,0,96,68,0,68,164
07/07/2023,SGR,TX,ASW,CE,Federal Contract Tower,0,14,54,0,68,0,0,58,0,58,0,14,112,0,126,130,0,130,256
07/08/2023,SGR,TX,ASW,CE,Federal Contract Tower,0,19,32,1,52,0,0,75,0,75,0,19,107,1,127,136,0,136,263
07/09/2023,SGR,TX,ASW,CE,Federal Contract Tower,0,23,42,2,67,0,0,73,0,73,0,23,115,2,140,122,0,122,262
07/10/2023,SGR,TX,ASW,CE,Federal Contract Tower,0,17,42,0,59,0,3,87,0,90,0,20,129,0,149,142,0,142,291
07/11/2023,SGR,TX,ASW,CE,Federal Contract Tower,0,15,50,2,67,0,2,65,0,67,0,17,115,2,134,96,0,96,230
07/12/2023,SGR,TX,ASW,CE,Federal Contract Tower,0,9,57,0,66,0,0,91,0,91,0,9,148,0,157,138,0,138,295
07/13/2023,SGR,TX,ASW,CE,Federal Contract Tower,0,14,57,0,71,0,1,109,0,110,0,15,166,0,181,210,0,210,391
07/14/2023,SGR,TX,ASW,CE,Federal Contract Tower,0,21,37,0,58,0,1,96,2,99,0,22,133,2,157,206,0,206,363
07/15/2023,SGR,TX,ASW,CE,Federal Contract Tower,0,14,40,0,54,0,14,96,0,110,0,28,136,0,164,202,0,202,366
07/16/2023,SGR,TX,ASW,CE,Federal Contract Tower,0,11,33,0,44,0,16,76,0,92,0,27,109,0,136,110,0,110,246
07/17/2023,SGR,TX,ASW,CE,Federal Contract Tower,0,20,41,2,63,0,0,104,0,104,0,20,145,2,167,160,0,160,327
07/18/2023,SGR,TX,ASW,CE,Federal Contract Tower,0,14,47,0,61,0,5,90,0,95,0,19,137,0,156,120,0,120,276
07/19/2023,SGR,TX,ASW,CE,Federal Contract Tower,0,15,55,0,70,0,2,81,0,83,0,17,136,0,153,150,0,150,303
07/20/2023,SGR,TX,ASW,CE,Federal Contract Tower,0,18,63,0,81,0,2,96,0,98,0,20,159,0,179,154,0,154,333
07/21/2023,SGR,TX,ASW,CE,Federal Contract Tower,0,23,25,0,48,0,3,76,0,79,0,26,101,0,127,218,0,218,345
07/22/2023,SGR,TX,ASW,CE,Federal Contract Tower,0,16,28,0,44,0,0,86,0,86,0,16,114,0,130,180,0,180,310
07/23/2023,SGR,TX,ASW,CE,Federal Contract Tower,0,13,43,3,59,0,4,68,0,72,0,17,111,3,131,120,0,120,251
07/24/2023,SGR,TX,ASW,CE,Federal Contract Tower,0,16,40,0,56,0,3,90,0,93,0,19,130,0,149,138,0,138,287
07/25/2023,SGR,TX,ASW,CE,Federal Contract Tower,0,39,57,0,96,0,3,98,0,101,0,42,155,0,197,132,0,132,329
07/26/2023,SGR,TX,ASW,CE,Federal Contract Tower,0,24,42,0,66,0,2,78,0,80,0,26,120,0,146,77,2,79,225
07/27/2023,SGR,TX,ASW,CE,Federal Contract Tower,0,17,50,0,67,0,2,77,0,79,0,19,127,0,146,140,0,140,286
07/28/2023,SGR,TX,ASW,CE,Federal Contract Tower,0,15,53,0,68,0,0,94,0,94,0,15,147,0,162,198,0,198,360
07/29/2023,SGR,TX,ASW,CE,Federal Contract Tower,0,10,21,0,31,0,0,67,0,67,0,10,88,0,98,190,0,190,288
07/30/2023,SGR,TX,ASW,CE,Federal Contract Tower,0,22,34,0,56,0,6,78,1,85,0,28,112,1,141,96,0,96,237
07/31/2023,SGR,TX,ASW,CE,Federal Contract Tower,0,20,38,0,58,0,3,67,0,70,0,23,105,0,128,100,0,100,228
08/01/2023,SGR,TX,ASW,CE,Federal Contract Tower,0,16,37,0,53,0,3,103,0,106,0,19,140,0,159,188,0,188,347
08/02/2023,SGR,TX,ASW,CE,Federal Contract Tower,0,24,47,0,71,0,0,84,0,84,0,24,131,0,155,86,0,86,241
08/03/2023,SGR,TX,ASW,CE,Federal Contract Tower,0,20,57,0,77,0,1,110,0,111,0,21,167,0,188,188,0,188,376
08/04/2023,SGR,TX,ASW,CE,Federal Contract Tower,0,13,36,0,49,0,3,66,0,69,0,16,102,0,118,130,0,130,248
08/05/2023,SGR,TX,ASW,CE,Federal Contract Tower,0,12,17,0,29,0,0,75,0,75,0,12,92,0,104,168,0,168,272
08/06/2023,SGR,TX,ASW,CE,Federal Contract Tower,0,31,32,0,63,0,1,84,0,85,0,32,116,0,148,116,0,116,264
08/07/2023,SGR,TX,ASW,CE,Federal Contract Tower,0,23,45,0,68,0,7,78,0,85,0,30,123,0,153,188,0,188,341
08/08/2023,SGR,TX,ASW,CE,Federal Contract Tower,0,16,63,0,79,0,4,83,0,87,0,20,146,0,166,82,0,82,248
08/10/2023,SGR,TX,ASW,CE,Federal Contract Tower,0,23,46,0,69,0,0,60,0,60,0,23,106,0,129,32,0,32,161
08/11/2023,SGR,TX,ASW,CE,Federal Contract Tower,0,16,46,0,62,0,1,78,1,80,0,17,124,1,142,72,0,72,214
08/12/2023,SGR,TX,ASW,CE,Federal Contract Tower,0,16,25,1,42,0,0,74,0,74,0,16,99,1,116,138,0,138,254
08/13/2023,SGR,TX,ASW,CE,Federal Contract Tower,0,36,31,0,67,0,2,76,0,78,0,38,107,0,145,96,0,96,241
08/14/2023,SGR,TX,ASW,CE,Federal Contract Tower,0,17,31,4,52,0,8,68,0,76,0,25,99,4,128,80,0,80,208
08/15/2023,SGR,TX,ASW,CE,Federal Contract Tower,0,14,40,2,56,0,1,71,0,72,0,15,111,2,128,126,0,126,254
08/16/2023,SGR,TX,ASW,CE,Federal Contract Tower,0,17,54,0,71,0,3,72,0,75,0,20,126,0,146,86,8,94,240
08/17/2023,SGR,TX,ASW,CE,Federal Contract Tower,0,26,61,0,87,0,2,72,0,74,0,28,133,0,161,106,2,108,269
08/18/2023,SGR,TX,ASW,CE,Federal Contract Tower,0,13,47,0,60,0,0,74,0,74,0,13,121,0,134,168,0,168,302
08/19/2023,SGR,TX,ASW,CE,Federal Contract Tower,0,7,25,0,32,0,0,85,0,85,0,7,110,0,117,166,0,166,283
08/20/2023,SGR,TX,ASW,CE,Federal Contract Tower,0,13,41,0,54,0,0,84,0,84,0,13,125,0,138,118,0,118,256
08/21/2023,SGR,TX,ASW,CE,Federal Contract Tower,0,18,48,2,68,0,4,82,0,86,0,22,130,2,154,90,0,90,244
08/22/2023,SGR,TX,ASW,CE,Federal Contract Tower,0,25,46,0,71,0,1,51,0,52,0,26,97,0,123,86,0,86,209
08/23/2023,SGR,TX,ASW,CE,Federal Contract Tower,0,16,44,0,60,0,0,0,0,0,0,16,44,0,60,122,0,122,182
08/24/2023,SGR,TX,ASW,CE,Federal Contract Tower,0,20,56,0,76,0,1,87,0,88,0,21,143,0,164,152,0,152,316
08/25/2023,SGR,TX,ASW,CE,Federal Contract Tower,0,23,52,0,75,0,2,80,13,95,0,25,132,13,170,92,0,92,262
08/26/2023,SGR,TX,ASW,CE,Federal Contract Tower,0,14,41,1,56,0,1,90,0,91,0,15,131,1,147,136,0,136,283
08/27/2023,SGR,TX,ASW,CE,Federal Contract Tower,0,22,41,0,63,0,0,77,0,77,0,22,118,0,140,118,0,118,258
08/28/2023,SGR,TX,ASW,CE,Federal Contract Tower,0,15,44,0,59,0,0,120,0,120,0,15,164,0,179,148,0,148,327
08/29/2023,SGR,TX,ASW,CE,Federal Contract Tower,0,15,64,0,79,0,0,63,0,63,0,15,127,0,142,90,0,90,232
08/30/2023,SGR,TX,ASW,CE,Federal Contract Tower,0,22,65,0,87,0,0,86,0,86,0,22,151,0,173,136,0,136,309
08/31/2023,SGR,TX,ASW,CE,Federal Contract Tower,0,27,83,0,110,0,2,87,0,89,0,29,170,0,199,112,0,112,311
