01/01/2020,SHV,LA,ASW,CE,Combined TRACON& Tower with Radar,15,18,10,0,43,0,4,6,0,10,15,22,16,0,53,0,0,0,53
01/02/2020,SHV,LA,ASW,CE,Combined TRACON& Tower with Radar,21,24,7,0,52,0,0,0,0,0,21,24,7,0,52,0,0,0,52
01/03/2020,SHV,LA,ASW,CE,Combined TRACON& Tower with Radar,24,24,18,28,94,0,2,9,0,11,24,26,27,28,105,3,0,3,108
01/04/2020,SHV,LA,ASW,CE,Combined TRACON& Tower with Radar,19,16,10,0,45,0,2,20,3,25,19,18,30,3,70,4,0,4,74
01/05/2020,SHV,LA,ASW,CE,Combined TRACON& Tower with Radar,17,24,17,1,59,0,7,19,1,27,17,31,36,2,86,0,0,0,86
01/06/2020,SHV,LA,ASW,CE,Combined TRACON& Tower with Radar,21,26,24,10,81,0,1,7,0,8,21,27,31,10,89,12,5,17,106
01/07/2020,SHV,LA,ASW,CE,Combined TRACON& Tower with Radar,22,21,12,0,55,0,2,23,0,25,22,23,35,0,80,0,0,0,80
01/08/2020,SHV,LA,ASW,CE,Combined TRACON& Tower with Radar,20,26,29,9,84,0,2,15,3,20,20,28,44,12,104,2,0,2,106
01/09/2020,SHV,LA,ASW,CE,Combined TRACON& Tower with Radar,25,23,12,0,60,0,5,4,3,12,25,28,16,3,72,0,0,0,72
01/10/2020,SHV,LA,ASW,CE,Combined TRACON& Tower with Radar,25,21,9,0,55,0,2,0,0,2,25,23,9,0,57,0,0,0,57
01/11/2020,SHV,LA,ASW,CE,Combined TRACON& Tower with Radar,17,24,8,0,49,0,0,6,0,6,17,24,14,0,55,0,0,0,55
01/12/2020,SHV,LA,ASW,CE,Combined TRACON& Tower with Radar,16,24,19,0,59,0,0,20,0,20,16,24,39,0,79,0,0,0,79
01/13/2020,SHV,LA,ASW,CE,Combined TRACON& Tower with Radar,31,28,29,1,89,0,2,33,1,36,31,30,62,2,125,0,0,0,125
01/14/2020,SHV,LA,ASW,CE,Combined TRACON& Tower with Radar,22,27,32,0,81,0,0,0,0,0,22,27,32,0,81,0,0,0,81
01/15/2020,SHV,LA,ASW,CE,Combined TRACON& Tower with Radar,21,32,21,0,74,0,0,2,0,2,21,32,23,0,76,0,0,0,76
01/16/2020,SHV,LA,ASW,CE,Combined TRACON& Tower with Radar,27,23,10,0,60,0,0,4,0,4,27,23,14,0,64,8,0,8,72
01/17/2020,SHV,LA,ASW,CE,Combined TRACON& Tower with Radar,29,26,22,0,77,0,0,2,0,2,29,26,24,0,79,0,0,0,79
01/18/2020,SHV,LA,ASW,CE,Combined TRACON& Tower with Radar,13,15,8,6,42,0,1,9,0,10,13,16,17,6,52,0,0,0,52
01/19/2020,SHV,LA,ASW,CE,Combined TRACON& Tower with Radar,21,17,14,0,52,0,0,17,1,18,21,17,31,1,70,4,0,4,74
01/20/2020,SHV,LA,ASW,CE,Combined TRACON& Tower with Radar,21,20,19,0,60,0,0,30,0,30,21,20,49,0,90,14,0,14,104
01/21/2020,SHV,LA,ASW,CE,Combined TRACON& Tower with Radar,26,23,13,0,62,0,3,11,0,14,26,26,24,0,76,0,0,0,76
01/22/2020,SHV,LA,ASW,CE,Combined TRACON& Tower with Radar,22,29,4,0,55,0,1,1,0,2,22,30,5,0,57,0,0,0,57
01/23/2020,SHV,LA,ASW,CE,Combined TRACON& Tower with Radar,25,26,20,0,71,0,0,0,0,0,25,26,20,0,71,0,0,0,71
01/24/2020,SHV,LA,ASW,CE,Combined TRACON& Tower with Radar,25,31,29,18,103,0,2,19,3,24,25,33,48,21,127,0,0,0,127
01/25/2020,SHV,LA,ASW,CE,Combined TRACON& Tower with Radar,12,26,9,18,65,0,6,27,10,43,12,32,36,28,108,20,0,20,128
01/26/2020,SHV,LA,ASW,CE,Combined TRACON& Tower with Radar,20,24,20,0,64,0,0,1,0,1,20,24,21,0,65,2,0,2,67
01/27/2020,SHV,LA,ASW,CE,Combined TRACON& Tower with Radar,28,29,18,2,77,0,1,5,0,6,28,30,23,2,83,0,0,0,83
01/28/2020,SHV,LA,ASW,CE,Combined TRACON& Tower with Radar,23,26,18,0,67,0,0,0,4,4,23,26,18,4,71,2,0,2,73
01/29/2020,SHV,LA,ASW,CE,Combined TRACON& Tower with Radar,21,33,28,0,82,0,0,0,0,0,21,33,28,0,82,0,0,0,82
01/30/2020,SHV,LA,ASW,CE,Combined TRACON& Tower with Radar,27,27,32,2,88,0,0,0,0,0,27,27,32,2,88,0,0,0,88
01/31/2020,SHV,LA,ASW,CE,Combined TRACON& Tower with Radar,27,24,28,64,143,0,0,2,0,2,27,24,30,64,145,0,4,4,149
02/01/2020,SHV,LA,ASW,CE,Combined TRACON& Tower with Radar,17,18,11,5,51,0,0,28,6,34,17,18,39,11,85,23,30,53,138
02/02/2020,SHV,LA,ASW,CE,Combined TRACON& Tower with Radar,20,16,7,7,50,0,2,13,3,18,20,18,20,10,68,0,0,0,68
02/03/2020,SHV,LA,ASW,CE,Combined TRACON& Tower with Radar,22,20,23,7,72,0,1,2,3,6,22,21,25,10,78,0,0,0,78
02/04/2020,SHV,LA,ASW,CE,Combined TRACON& Tower with Radar,29,22,13,7,71,0,0,0,0,0,29,22,13,7,71,0,0,0,71
02/05/2020,SHV,LA,ASW,CE,Combined TRACON& Tower with Radar,26,22,16,0,64,0,0,0,0,0,26,22,16,0,64,0,0,0,64
02/06/2020,SHV,LA,ASW,CE,Combined TRACON& Tower with Radar,27,23,15,5,70,0,2,4,3,9,27,25,19,8,79,8,2,10,89
02/07/2020,SHV,LA,ASW,CE,Combined TRACON& Tower with Radar,29,33,28,7,97,0,1,17,4,22,29,34,45,11,119,20,0,20,139
02/08/2020,SHV,LA,ASW,CE,Combined TRACON& Tower with Radar,14,26,10,4,54,0,1,43,1,45,14,27,53,5,99,2,8,10,109
02/09/2020,SHV,LA,ASW,CE,Combined TRACON& Tower with Radar,20,22,13,1,56,0,4,4,1,9,20,26,17,2,65,0,2,2,67
02/10/2020,SHV,LA,ASW,CE,Combined TRACON& Tower with Radar,21,21,9,0,51,0,0,0,0,0,21,21,9,0,51,0,0,0,51
02/11/2020,SHV,LA,ASW,CE,Combined TRACON& Tower with Radar,26,22,6,0,54,0,0,0,0,0,26,22,6,0,54,0,0,0,54
02/12/2020,SHV,LA,ASW,CE,Combined TRACON& Tower with Radar,24,28,7,0,59,0,0,0,0,0,24,28,7,0,59,0,0,0,59
02/13/2020,SHV,LA,ASW,CE,Combined TRACON& Tower with Radar,28,23,34,18,103,0,3,5,0,8,28,26,39,18,111,5,0,5,116
02/14/2020,SHV,LA,ASW,CE,Combined TRACON& Tower with Radar,34,29,21,0,84,0,2,24,0,26,34,31,45,0,110,34,0,34,144
02/15/2020,SHV,LA,ASW,CE,Combined TRACON& Tower with Radar,15,19,17,0,51,0,0,35,0,35,15,19,52,0,86,2,0,2,88
02/16/2020,SHV,LA,ASW,CE,Combined TRACON& Tower with Radar,19,20,21,0,60,0,0,2,0,2,19,20,23,0,62,0,0,0,62
02/17/2020,SHV,LA,ASW,CE,Combined TRACON& Tower with Radar,21,33,24,0,78,0,0,0,0,0,21,33,24,0,78,0,0,0,78
02/18/2020,SHV,LA,ASW,CE,Combined TRACON& Tower with Radar,26,31,5,2,64,0,0,2,0,2,26,31,7,2,66,0,0,0,66
02/19/2020,SHV,LA,ASW,CE,Combined TRACON& Tower with Radar,22,31,20,0,73,0,0,0,0,0,22,31,20,0,73,0,0,0,73
02/20/2020,SHV,LA,ASW,CE,Combined TRACON& Tower with Radar,24,31,20,0,75,0,0,2,0,2,24,31,22,0,77,0,0,0,77
02/21/2020,SHV,LA,ASW,CE,Combined TRACON& Tower with Radar,26,31,19,38,114,0,10,19,3,32,26,41,38,41,146,8,2,10,156
02/22/2020,SHV,LA,ASW,CE,Combined TRACON& Tower with Radar,15,23,8,45,91,0,0,27,10,37,15,23,35,55,128,0,0,0,128
02/23/2020,SHV,LA,ASW,CE,Combined TRACON& Tower with Radar,21,27,11,31,90,0,2,0,0,2,21,29,11,31,92,0,4,4,96
02/24/2020,SHV,LA,ASW,CE,Combined TRACON& Tower with Radar,22,27,6,2,57,0,1,2,0,3,22,28,8,2,60,0,0,0,60
02/25/2020,SHV,LA,ASW,CE,Combined TRACON& Tower with Radar,22,33,16,6,77,0,0,9,3,12,22,33,25,9,89,10,0,10,99
02/26/2020,SHV,LA,ASW,CE,Combined TRACON& Tower with Radar,21,31,18,21,91,0,0,13,1,14,21,31,31,22,105,0,10,10,115
02/27/2020,SHV,LA,ASW,CE,Combined TRACON& Tower with Radar,25,28,23,15,91,0,0,23,2,25,25,28,46,17,116,10,0,10,126
02/28/2020,SHV,LA,ASW,CE,Combined TRACON& Tower with Radar,26,25,10,51,112,0,4,20,1,25,26,29,30,52,137,8,0,8,145
02/29/2020,SHV,LA,ASW,CE,Combined TRACON& Tower with Radar,17,28,8,4,57,0,1,20,7,28,17,29,28,11,85,0,8,8,93
03/01/2020,SHV,LA,ASW,CE,Combined TRACON& Tower with Radar,19,28,9,11,67,0,2,1,1,4,19,30,10,12,71,0,0,0,71
03/02/2020,SHV,LA,ASW,CE,Combined TRACON& Tower with Radar,20,22,16,2,60,0,0,6,0,6,20,22,22,2,66,0,0,0,66
03/03/2020,SHV,LA,ASW,CE,Combined TRACON& Tower with Radar,22,33,14,0,69,0,1,1,0,2,22,34,15,0,71,28,0,28,99
03/04/2020,SHV,LA,ASW,CE,Combined TRACON& Tower with Radar,22,27,6,0,55,0,0,0,0,0,22,27,6,0,55,28,0,28,83
03/05/2020,SHV,LA,ASW,CE,Combined TRACON& Tower with Radar,23,36,30,18,107,0,0,25,0,25,23,36,55,18,132,6,0,6,138
03/06/2020,SHV,LA,ASW,CE,Combined TRACON& Tower with Radar,26,29,7,9,71,0,3,23,0,26,26,32,30,9,97,6,0,6,103
03/07/2020,SHV,LA,ASW,CE,Combined TRACON& Tower with Radar,14,20,11,0,45,0,0,20,0,20,14,20,31,0,65,18,0,18,83
03/08/2020,SHV,LA,ASW,CE,Combined TRACON& Tower with Radar,18,26,25,1,70,0,1,12,1,14,18,27,37,2,84,0,54,54,138
03/09/2020,SHV,LA,ASW,CE,Combined TRACON& Tower with Radar,26,26,13,0,65,0,0,1,0,1,26,26,14,0,66,0,0,0,66
03/10/2020,SHV,LA,ASW,CE,Combined TRACON& Tower with Radar,22,34,18,0,74,0,2,16,2,20,22,36,34,2,94,6,0,6,100
03/11/2020,SHV,LA,ASW,CE,Combined TRACON& Tower with Radar,31,25,25,4,85,0,2,9,0,11,31,27,34,4,96,14,0,14,110
03/12/2020,SHV,LA,ASW,CE,Combined TRACON& Tower with Radar,24,24,12,0,60,0,0,11,0,11,24,24,23,0,71,0,0,0,71
03/13/2020,SHV,LA,ASW,CE,Combined TRACON& Tower with Radar,32,31,7,6,76,0,0,1,0,1,32,31,8,6,77,0,0,0,77
03/14/2020,SHV,LA,ASW,CE,Combined TRACON& Tower with Radar,14,20,12,2,48,0,0,7,0,7,14,20,19,2,55,2,0,2,57
03/15/2020,SHV,LA,ASW,CE,Combined TRACON& Tower with Radar,16,28,11,4,59,0,0,1,0,1,16,28,12,4,60,2,0,2,62
03/16/2020,SHV,LA,ASW,CE,Combined TRACON& Tower with Radar,20,35,17,0,72,0,0,0,0,0,20,35,17,0,72,0,0,0,72
03/17/2020,SHV,LA,ASW,CE,Combined TRACON& Tower with Radar,19,29,17,0,65,0,0,8,0,8,19,29,25,0,73,0,0,0,73
03/18/2020,SHV,LA,ASW,CE,Combined TRACON& Tower with Radar,25,22,15,0,62,0,0,1,0,1,25,22,16,0,63,0,0,0,63
03/19/2020,SHV,LA,ASW,CE,Combined TRACON& Tower with Radar,24,24,4,0,52,0,4,5,0,9,24,28,9,0,61,0,0,0,61
03/20/2020,SHV,LA,ASW,CE,Combined TRACON& Tower with Radar,20,17,2,0,39,0,0,0,0,0,20,17,2,0,39,10,0,10,49
03/21/2020,SHV,LA,ASW,CE,Combined TRACON& Tower with Radar,14,16,9,0,39,0,0,6,0,6,14,16,15,0,45,12,0,12,57
03/22/2020,SHV,LA,ASW,CE,Combined TRACON& Tower with Radar,15,18,2,0,35,0,0,0,0,0,15,18,2,0,35,0,0,0,35
03/23/2020,SHV,LA,ASW,CE,Combined TRACON& Tower with Radar,17,18,4,0,39,0,0,0,0,0,17,18,4,0,39,0,0,0,39
03/24/2020,SHV,LA,ASW,CE,Combined TRACON& Tower with Radar,22,16,12,0,50,0,0,3,0,3,22,16,15,0,53,0,0,0,53
03/25/2020,SHV,LA,ASW,CE,Combined TRACON& Tower with Radar,17,11,2,0,30,0,0,8,0,8,17,11,10,0,38,0,0,0,38
03/26/2020,SHV,LA,ASW,CE,Combined TRACON& Tower with Radar,17,11,5,0,33,0,1,4,0,5,17,12,9,0,38,10,0,10,48
03/27/2020,SHV,LA,ASW,CE,Combined TRACON& Tower with Radar,18,10,9,0,37,0,5,7,1,13,18,15,16,1,50,0,0,0,50
03/28/2020,SHV,LA,ASW,CE,Combined TRACON& Tower with Radar,11,11,1,0,23,0,1,0,4,5,11,12,1,4,28,0,0,0,28
03/29/2020,SHV,LA,ASW,CE,Combined TRACON& Tower with Radar,14,13,5,2,34,0,0,19,0,19,14,13,24,2,53,0,0,0,53
03/30/2020,SHV,LA,ASW,CE,Combined TRACON& Tower with Radar,17,13,4,0,34,0,0,1,0,1,17,13,5,0,35,0,0,0,35
03/31/2020,SHV,LA,ASW,CE,Combined TRACON& Tower with Radar,18,10,1,0,29,0,1,4,0,5,18,11,5,0,34,0,0,0,34
04/01/2020,SHV,LA,ASW,CE,Combined TRACON& Tower with Radar,19,14,5,0,38,0,0,19,0,19,19,14,24,0,57,4,0,4,61
04/02/2020,SHV,LA,ASW,CE,Combined TRACON& Tower with Radar,19,13,3,0,35,0,0,10,0,10,19,13,13,0,45,6,0,6,51
04/03/2020,SHV,LA,ASW,CE,Combined TRACON& Tower with Radar,17,8,2,0,27,0,0,4,0,4,17,8,6,0,31,6,0,6,37
04/04/2020,SHV,LA,ASW,CE,Combined TRACON& Tower with Radar,9,15,0,0,24,0,0,0,0,0,9,15,0,0,24,0,0,0,24
04/05/2020,SHV,LA,ASW,CE,Combined TRACON& Tower with Radar,7,14,9,0,30,0,1,3,0,4,7,15,12,0,34,0,0,0,34
04/06/2020,SHV,LA,ASW,CE,Combined TRACON& Tower with Radar,9,11,6,0,26,0,0,8,2,10,9,11,14,2,36,0,0,0,36
04/07/2020,SHV,LA,ASW,CE,Combined TRACON& Tower with Radar,18,13,13,0,44,0,2,5,0,7,18,15,18,0,51,0,0,0,51
04/08/2020,SHV,LA,ASW,CE,Combined TRACON& Tower with Radar,17,10,5,2,34,0,1,5,0,6,17,11,10,2,40,0,0,0,40
04/09/2020,SHV,LA,ASW,CE,Combined TRACON& Tower with Radar,16,9,2,0,27,0,3,24,0,27,16,12,26,0,54,19,0,19,73
04/10/2020,SHV,LA,ASW,CE,Combined TRACON& Tower with Radar,16,12,7,0,35,0,0,10,4,14,16,12,17,4,49,0,0,0,49
04/11/2020,SHV,LA,ASW,CE,Combined TRACON& Tower with Radar,8,11,2,0,21,0,1,4,0,5,8,12,6,0,26,8,0,8,34
04/12/2020,SHV,LA,ASW,CE,Combined TRACON& Tower with Radar,8,12,2,0,22,0,0,1,0,1,8,12,3,0,23,0,0,0,23
04/13/2020,SHV,LA,ASW,CE,Combined TRACON& Tower with Radar,11,11,7,0,29,0,1,7,0,8,11,12,14,0,37,0,0,0,37
04/14/2020,SHV,LA,ASW,CE,Combined TRACON& Tower with Radar,16,10,2,0,28,0,2,13,0,15,16,12,15,0,43,6,0,6,49
04/15/2020,SHV,LA,ASW,CE,Combined TRACON& Tower with Radar,16,10,6,0,32,0,0,13,0,13,16,10,19,0,45,6,0,6,51
04/16/2020,SHV,LA,ASW,CE,Combined TRACON& Tower with Radar,19,12,3,2,36,0,1,20,2,23,19,13,23,4,59,6,0,6,65
04/17/2020,SHV,LA,ASW,CE,Combined TRACON& Tower with Radar,16,11,2,0,29,0,0,6,0,6,16,11,8,0,35,44,0,44,79
04/18/2020,SHV,LA,ASW,CE,Combined TRACON& Tower with Radar,6,9,8,0,23,0,0,2,0,2,6,9,10,0,25,0,0,0,25
04/19/2020,SHV,LA,ASW,CE,Combined TRACON& Tower with Radar,3,8,2,0,13,0,0,0,0,0,3,8,2,0,13,0,0,0,13
04/20/2020,SHV,LA,ASW,CE,Combined TRACON& Tower with Radar,10,12,6,0,28,0,0,2,0,2,10,12,8,0,30,0,0,0,30
04/21/2020,SHV,LA,ASW,CE,Combined TRACON& Tower with Radar,14,10,9,0,33,0,2,28,1,31,14,12,37,1,64,34,0,34,98
04/22/2020,SHV,LA,ASW,CE,Combined TRACON& Tower with Radar,15,5,4,0,24,0,0,2,0,2,15,5,6,0,26,0,0,0,26
04/23/2020,SHV,LA,ASW,CE,Combined TRACON& Tower with Radar,13,8,10,33,64,0,0,17,2,19,13,8,27,35,83,12,0,12,95
04/24/2020,SHV,LA,ASW,CE,Combined TRACON& Tower with Radar,12,5,4,0,21,0,0,6,4,10,12,5,10,4,31,0,0,0,31
04/25/2020,SHV,LA,ASW,CE,Combined TRACON& Tower with Radar,4,9,5,0,18,0,3,4,0,7,4,12,9,0,25,6,0,6,31
04/26/2020,SHV,LA,ASW,CE,Combined TRACON& Tower with Radar,6,4,7,0,17,0,1,17,2,20,6,5,24,2,37,20,0,20,57
04/27/2020,SHV,LA,ASW,CE,Combined TRACON& Tower with Radar,8,5,10,0,23,0,2,6,0,8,8,7,16,0,31,0,0,0,31
04/28/2020,SHV,LA,ASW,CE,Combined TRACON& Tower with Radar,10,7,3,0,20,0,0,1,0,1,10,7,4,0,21,0,0,0,21
04/29/2020,SHV,LA,ASW,CE,Combined TRACON& Tower with Radar,11,6,3,3,23,0,1,8,1,10,11,7,11,4,33,0,0,0,33
04/30/2020,SHV,LA,ASW,CE,Combined TRACON& Tower with Radar,12,8,6,1,27,0,0,27,0,27,12,8,33,1,54,0,0,0,54
05/01/2020,SHV,LA,ASW,CE,Combined TRACON& Tower with Radar,15,6,2,0,23,0,1,17,0,18,15,7,19,0,41,0,0,0,41
05/02/2020,SHV,LA,ASW,CE,Combined TRACON& Tower with Radar,8,10,1,0,19,0,0,6,0,6,8,10,7,0,25,0,0,0,25
05/03/2020,SHV,LA,ASW,CE,Combined TRACON& Tower with Radar,9,6,3,0,18,0,0,6,0,6,9,6,9,0,24,0,0,0,24
05/04/2020,SHV,LA,ASW,CE,Combined TRACON& Tower with Radar,9,10,8,2,29,0,0,18,0,18,9,10,26,2,47,6,0,6,53
05/05/2020,SHV,LA,ASW,CE,Combined TRACON& Tower with Radar,15,10,5,0,30,0,0,4,2,6,15,10,9,2,36,0,0,0,36
05/06/2020,SHV,LA,ASW,CE,Combined TRACON& Tower with Radar,14,14,14,0,42,0,2,19,0,21,14,16,33,0,63,4,0,4,67
05/07/2020,SHV,LA,ASW,CE,Combined TRACON& Tower with Radar,13,15,5,0,33,0,1,10,1,12,13,16,15,1,45,14,0,14,59
05/08/2020,SHV,LA,ASW,CE,Combined TRACON& Tower with Radar,14,12,4,7,37,0,1,0,0,1,14,13,4,7,38,0,0,0,38
05/09/2020,SHV,LA,ASW,CE,Combined TRACON& Tower with Radar,11,8,8,0,27,0,0,3,0,3,11,8,11,0,30,0,0,0,30
05/10/2020,SHV,LA,ASW,CE,Combined TRACON& Tower with Radar,10,9,1,0,20,0,0,15,0,15,10,9,16,0,35,20,0,20,55
05/11/2020,SHV,LA,ASW,CE,Combined TRACON& Tower with Radar,9,9,8,0,26,0,1,18,0,19,9,10,26,0,45,18,0,18,63
05/12/2020,SHV,LA,ASW,CE,Combined TRACON& Tower with Radar,13,10,5,0,28,0,4,13,13,30,13,14,18,13,58,0,66,66,124
05/13/2020,SHV,LA,ASW,CE,Combined TRACON& Tower with Radar,14,10,10,0,34,0,1,19,0,20,14,11,29,0,54,4,0,4,58
05/14/2020,SHV,LA,ASW,CE,Combined TRACON& Tower with Radar,12,12,12,0,36,0,2,6,0,8,12,14,18,0,44,10,0,10,54
05/15/2020,SHV,LA,ASW,CE,Combined TRACON& Tower with Radar,17,9,12,2,40,0,0,8,0,8,17,9,20,2,48,2,0,2,50
05/16/2020,SHV,LA,ASW,CE,Combined TRACON& Tower with Radar,8,10,2,0,20,0,0,1,1,2,8,10,3,1,22,0,0,0,22
05/17/2020,SHV,LA,ASW,CE,Combined TRACON& Tower with Radar,7,11,2,0,20,0,0,9,0,9,7,11,11,0,29,0,0,0,29
05/18/2020,SHV,LA,ASW,CE,Combined TRACON& Tower with Radar,9,16,10,2,37,0,0,22,1,23,9,16,32,3,60,8,0,8,68
05/19/2020,SHV,LA,ASW,CE,Combined TRACON& Tower with Radar,15,15,1,0,31,0,1,15,1,17,15,16,16,1,48,4,0,4,52
05/20/2020,SHV,LA,ASW,CE,Combined TRACON& Tower with Radar,13,15,6,0,34,0,2,11,0,13,13,17,17,0,47,2,0,2,49
05/21/2020,SHV,LA,ASW,CE,Combined TRACON& Tower with Radar,13,14,12,0,39,0,2,3,0,5,13,16,15,0,44,0,0,0,44
05/22/2020,SHV,LA,ASW,CE,Combined TRACON& Tower with Radar,15,13,12,0,40,0,1,14,0,15,15,14,26,0,55,2,0,2,57
05/23/2020,SHV,LA,ASW,CE,Combined TRACON& Tower with Radar,16,10,4,0,30,0,0,5,0,5,16,10,9,0,35,0,0,0,35
05/24/2020,SHV,LA,ASW,CE,Combined TRACON& Tower with Radar,9,12,7,0,28,0,0,1,0,1,9,12,8,0,29,0,0,0,29
05/25/2020,SHV,LA,ASW,CE,Combined TRACON& Tower with Radar,10,10,5,0,25,0,0,4,0,4,10,10,9,0,29,0,0,0,29
05/26/2020,SHV,LA,ASW,CE,Combined TRACON& Tower with Radar,10,11,11,2,34,0,2,5,0,7,10,13,16,2,41,0,0,0,41
05/27/2020,SHV,LA,ASW,CE,Combined TRACON& Tower with Radar,13,17,7,13,50,0,3,8,1,12,13,20,15,14,62,6,6,12,74
05/28/2020,SHV,LA,ASW,CE,Combined TRACON& Tower with Radar,14,12,13,0,39,0,0,9,0,9,14,12,22,0,48,0,0,0,48
05/29/2020,SHV,LA,ASW,CE,Combined TRACON& Tower with Radar,18,14,23,6,61,0,2,14,0,16,18,16,37,6,77,0,0,0,77
05/30/2020,SHV,LA,ASW,CE,Combined TRACON& Tower with Radar,8,16,10,0,34,0,1,19,0,20,8,17,29,0,54,0,0,0,54
05/31/2020,SHV,LA,ASW,CE,Combined TRACON& Tower with Radar,9,10,8,0,27,0,0,24,0,24,9,10,32,0,51,10,0,10,61
06/01/2020,SHV,LA,ASW,CE,Combined TRACON& Tower with Radar,12,16,7,4,39,0,1,8,0,9,12,17,15,4,48,0,0,0,48
06/02/2020,SHV,LA,ASW,CE,Combined TRACON& Tower with Radar,14,15,11,3,43,0,2,10,0,12,14,17,21,3,55,26,0,26,81
06/03/2020,SHV,LA,ASW,CE,Combined TRACON& Tower with Radar,12,12,10,8,42,0,1,9,0,10,12,13,19,8,52,2,0,2,54
06/04/2020,SHV,LA,ASW,CE,Combined TRACON& Tower with Radar,12,12,15,6,45,0,0,2,0,2,12,12,17,6,47,0,0,0,47
06/05/2020,SHV,LA,ASW,CE,Combined TRACON& Tower with Radar,16,16,14,6,52,0,4,10,2,16,16,20,24,8,68,10,0,10,78
06/06/2020,SHV,LA,ASW,CE,Combined TRACON& Tower with Radar,6,15,6,0,27,0,0,20,0,20,6,15,26,0,47,12,0,12,59
06/07/2020,SHV,LA,ASW,CE,Combined TRACON& Tower with Radar,8,11,4,0,23,0,0,11,0,11,8,11,15,0,34,10,0,10,44
06/08/2020,SHV,LA,ASW,CE,Combined TRACON& Tower with Radar,12,13,7,0,32,0,0,1,1,2,12,13,8,1,34,0,0,0,34
06/09/2020,SHV,LA,ASW,CE,Combined TRACON& Tower with Radar,14,12,14,9,49,0,0,6,0,6,14,12,20,9,55,0,0,0,55
06/10/2020,SHV,LA,ASW,CE,Combined TRACON& Tower with Radar,14,19,16,4,53,0,0,25,0,25,14,19,41,4,78,0,0,0,78
06/11/2020,SHV,LA,ASW,CE,Combined TRACON& Tower with Radar,14,10,6,0,30,0,0,17,0,17,14,10,23,0,47,6,0,6,53
06/12/2020,SHV,LA,ASW,CE,Combined TRACON& Tower with Radar,16,12,14,1,43,0,2,7,1,10,16,14,21,2,53,2,0,2,55
06/13/2020,SHV,LA,ASW,CE,Combined TRACON& Tower with Radar,11,12,13,0,36,0,3,19,0,22,11,15,32,0,58,16,0,16,74
06/14/2020,SHV,LA,ASW,CE,Combined TRACON& Tower with Radar,7,9,17,0,33,0,0,7,4,11,7,9,24,4,44,2,0,2,46
06/15/2020,SHV,LA,ASW,CE,Combined TRACON& Tower with Radar,13,12,8,0,33,0,4,20,0,24,13,16,28,0,57,7,0,7,64
06/16/2020,SHV,LA,ASW,CE,Combined TRACON& Tower with Radar,15,21,17,0,53,0,1,27,2,30,15,22,44,2,83,0,0,0,83
06/17/2020,SHV,LA,ASW,CE,Combined TRACON& Tower with Radar,10,18,19,0,47,0,2,15,0,17,10,20,34,0,64,0,0,0,64
06/18/2020,SHV,LA,ASW,CE,Combined TRACON& Tower with Radar,16,14,14,4,48,0,1,14,4,19,16,15,28,8,67,0,4,4,71
06/19/2020,SHV,LA,ASW,CE,Combined TRACON& Tower with Radar,17,10,21,6,54,0,1,20,1,22,17,11,41,7,76,0,0,0,76
06/20/2020,SHV,LA,ASW,CE,Combined TRACON& Tower with Radar,9,12,10,0,31,0,1,8,0,9,9,13,18,0,40,6,0,6,46
06/21/2020,SHV,LA,ASW,CE,Combined TRACON& Tower with Radar,10,12,15,0,37,0,0,0,0,0,10,12,15,0,37,0,0,0,37
06/22/2020,SHV,LA,ASW,CE,Combined TRACON& Tower with Radar,11,12,7,6,36,0,0,18,1,19,11,12,25,7,55,10,2,12,67
06/23/2020,SHV,LA,ASW,CE,Combined TRACON& Tower with Radar,14,7,14,0,35,0,0,21,1,22,14,7,35,1,57,0,0,0,57
06/24/2020,SHV,LA,ASW,CE,Combined TRACON& Tower with Radar,15,11,17,0,43,0,0,5,1,6,15,11,22,1,49,0,0,0,49
06/25/2020,SHV,LA,ASW,CE,Combined TRACON& Tower with Radar,16,14,11,0,41,0,0,2,0,2,16,14,13,0,43,0,0,0,43
06/26/2020,SHV,LA,ASW,CE,Combined TRACON& Tower with Radar,16,16,15,0,47,0,0,22,0,22,16,16,37,0,69,4,0,4,73
06/27/2020,SHV,LA,ASW,CE,Combined TRACON& Tower with Radar,6,11,15,2,34,0,0,2,0,2,6,11,17,2,36,4,0,4,40
06/28/2020,SHV,LA,ASW,CE,Combined TRACON& Tower with Radar,10,8,3,1,22,0,1,5,0,6,10,9,8,1,28,10,0,10,38
06/29/2020,SHV,LA,ASW,CE,Combined TRACON& Tower with Radar,13,14,12,0,39,0,0,4,0,4,13,14,16,0,43,13,0,13,56
06/30/2020,SHV,LA,ASW,CE,Combined TRACON& Tower with Radar,13,8,20,4,45,0,4,9,0,13,13,12,29,4,58,13,0,13,71
07/01/2020,SHV,LA,ASW,CE,Combined TRACON& Tower with Radar,10,13,26,0,49,0,0,12,0,12,10,13,38,0,61,8,0,8,69
07/02/2020,SHV,LA,ASW,CE,Combined TRACON& Tower with Radar,14,13,7,0,34,0,0,14,0,14,14,13,21,0,48,12,0,12,60
07/03/2020,SHV,LA,ASW,CE,Combined TRACON& Tower with Radar,12,19,13,0,44,0,0,10,0,10,12,19,23,0,54,0,0,0,54
07/04/2020,SHV,LA,ASW,CE,Combined TRACON& Tower with Radar,6,12,0,0,18,0,0,16,2,18,6,12,16,2,36,4,0,4,40
07/05/2020,SHV,LA,ASW,CE,Combined TRACON& Tower with Radar,10,10,17,0,37,0,0,1,2,3,10,10,18,2,40,0,0,0,40
07/06/2020,SHV,LA,ASW,CE,Combined TRACON& Tower with Radar,14,14,12,2,42,0,0,5,0,5,14,14,17,2,47,4,0,4,51
07/07/2020,SHV,LA,ASW,CE,Combined TRACON& Tower with Radar,15,17,17,0,49,0,0,0,0,0,15,17,17,0,49,0,0,0,49
07/08/2020,SHV,LA,ASW,CE,Combined TRACON& Tower with Radar,16,23,19,0,58,0,0,10,0,10,16,23,29,0,68,0,0,0,68
07/09/2020,SHV,LA,ASW,CE,Combined TRACON& Tower with Radar,16,28,14,1,59,0,2,26,4,32,16,30,40,5,91,17,8,25,116
07/10/2020,SHV,LA,ASW,CE,Combined TRACON& Tower with Radar,19,18,8,2,47,0,0,26,0,26,19,18,34,2,73,6,0,6,79
07/11/2020,SHV,LA,ASW,CE,Combined TRACON& Tower with Radar,10,14,9,2,35,0,2,21,0,23,10,16,30,2,58,0,0,0,58
07/12/2020,SHV,LA,ASW,CE,Combined TRACON& Tower with Radar,11,20,13,0,44,0,0,10,0,10,11,20,23,0,54,27,0,27,81
07/13/2020,SHV,LA,ASW,CE,Combined TRACON& Tower with Radar,16,19,11,2,48,0,4,10,0,14,16,23,21,2,62,44,0,44,106
07/14/2020,SHV,LA,ASW,CE,Combined TRACON& Tower with Radar,14,22,17,13,66,0,0,23,1,24,14,22,40,14,90,4,4,8,98
07/15/2020,SHV,LA,ASW,CE,Combined TRACON& Tower with Radar,14,20,12,10,56,0,0,12,3,15,14,20,24,13,71,18,6,24,95
07/16/2020,SHV,LA,ASW,CE,Combined TRACON& Tower with Radar,16,26,14,0,56,0,0,26,14,40,16,26,40,14,96,42,0,42,138
07/17/2020,SHV,LA,ASW,CE,Combined TRACON& Tower with Radar,20,20,13,0,53,0,2,10,0,12,20,22,23,0,65,73,0,73,138
07/18/2020,SHV,LA,ASW,CE,Combined TRACON& Tower with Radar,11,13,5,0,29,0,2,23,1,26,11,15,28,1,55,0,0,0,55
07/19/2020,SHV,LA,ASW,CE,Combined TRACON& Tower with Radar,12,20,4,0,36,0,4,22,0,26,12,24,26,0,62,55,0,55,117
07/20/2020,SHV,LA,ASW,CE,Combined TRACON& Tower with Radar,13,21,13,0,47,0,7,18,0,25,13,28,31,0,72,0,0,0,72
07/21/2020,SHV,LA,ASW,CE,Combined TRACON& Tower with Radar,12,21,0,0,33,0,0,4,0,4,12,21,4,0,37,6,0,6,43
07/22/2020,SHV,LA,ASW,CE,Combined TRACON& Tower with Radar,15,27,21,0,63,0,0,3,0,3,15,27,24,0,66,10,0,10,76
07/23/2020,SHV,LA,ASW,CE,Combined TRACON& Tower with Radar,18,26,15,0,59,0,2,38,0,40,18,28,53,0,99,58,0,58,157
07/24/2020,SHV,LA,ASW,CE,Combined TRACON& Tower with Radar,21,29,16,0,66,0,0,10,0,10,21,29,26,0,76,0,0,0,76
07/25/2020,SHV,LA,ASW,CE,Combined TRACON& Tower with Radar,10,20,24,0,54,0,2,0,0,2,10,22,24,0,56,0,0,0,56
07/26/2020,SHV,LA,ASW,CE,Combined TRACON& Tower with Radar,9,19,2,0,30,0,1,2,0,3,9,20,4,0,33,0,0,0,33
07/27/2020,SHV,LA,ASW,CE,Combined TRACON& Tower with Radar,18,15,14,2,49,0,2,19,0,21,18,17,33,2,70,65,0,65,135
07/28/2020,SHV,LA,ASW,CE,Combined TRACON& Tower with Radar,22,16,22,1,61,0,4,21,1,26,22,20,43,2,87,27,0,27,114
07/29/2020,SHV,LA,ASW,CE,Combined TRACON& Tower with Radar,14,19,18,6,57,0,3,13,0,16,14,22,31,6,73,16,0,16,89
07/30/2020,SHV,LA,ASW,CE,Combined TRACON& Tower with Radar,18,27,14,4,63,0,0,19,0,19,18,27,33,4,82,0,0,0,82
07/31/2020,SHV,LA,ASW,CE,Combined TRACON& Tower with Radar,17,21,22,0,60,0,0,9,0,9,17,21,31,0,69,0,0,0,69
08/01/2020,SHV,LA,ASW,CE,Combined TRACON& Tower with Radar,12,21,17,0,50,0,1,21,0,22,12,22,38,0,72,0,0,0,72
08/02/2020,SHV,LA,ASW,CE,Combined TRACON& Tower with Radar,9,23,3,0,35,0,8,32,0,40,9,31,35,0,75,0,0,0,75
08/03/2020,SHV,LA,ASW,CE,Combined TRACON& Tower with Radar,13,26,11,6,56,0,0,25,3,28,13,26,36,9,84,25,0,25,109
08/04/2020,SHV,LA,ASW,CE,Combined TRACON& Tower with Radar,15,20,14,0,49,0,3,22,0,25,15,23,36,0,74,49,0,49,123
08/05/2020,SHV,LA,ASW,CE,Combined TRACON& Tower with Radar,18,21,20,0,59,0,2,26,0,28,18,23,46,0,87,0,0,0,87
08/06/2020,SHV,LA,ASW,CE,Combined TRACON& Tower with Radar,18,22,14,10,64,0,0,37,0,37,18,22,51,10,101,37,0,37,138
08/07/2020,SHV,LA,ASW,CE,Combined TRACON& Tower with Radar,20,22,19,0,61,0,4,15,11,30,20,26,34,11,91,18,30,48,139
08/08/2020,SHV,LA,ASW,CE,Combined TRACON& Tower with Radar,14,18,7,7,46,0,0,23,0,23,14,18,30,7,69,0,0,0,69
08/09/2020,SHV,LA,ASW,CE,Combined TRACON& Tower with Radar,15,20,9,0,44,0,0,19,0,19,15,20,28,0,63,77,0,77,140
08/10/2020,SHV,LA,ASW,CE,Combined TRACON& Tower with Radar,17,22,7,32,78,0,2,11,1,14,17,24,18,33,92,0,0,0,92
08/11/2020,SHV,LA,ASW,CE,Combined TRACON& Tower with Radar,17,19,17,8,61,0,0,15,0,15,17,19,32,8,76,0,0,0,76
08/12/2020,SHV,LA,ASW,CE,Combined TRACON& Tower with Radar,19,26,7,0,52,0,0,11,0,11,19,26,18,0,63,10,0,10,73
08/13/2020,SHV,LA,ASW,CE,Combined TRACON& Tower with Radar,25,25,29,13,92,0,0,25,2,27,25,25,54,15,119,10,0,10,129
08/14/2020,SHV,LA,ASW,CE,Combined TRACON& Tower with Radar,21,24,14,0,59,0,0,11,1,12,21,24,25,1,71,4,0,4,75
08/15/2020,SHV,LA,ASW,CE,Combined TRACON& Tower with Radar,14,22,12,0,48,0,0,18,0,18,14,22,30,0,66,14,0,14,80
08/16/2020,SHV,LA,ASW,CE,Combined TRACON& Tower with Radar,20,18,22,0,60,0,0,11,0,11,20,18,33,0,71,4,0,4,75
08/17/2020,SHV,LA,ASW,CE,Combined TRACON& Tower with Radar,19,24,12,1,56,0,0,14,0,14,19,24,26,1,70,46,0,46,116
08/18/2020,SHV,LA,ASW,CE,Combined TRACON& Tower with Radar,18,25,14,2,59,0,0,23,0,23,18,25,37,2,82,51,0,51,133
08/19/2020,SHV,LA,ASW,CE,Combined TRACON& Tower with Radar,16,14,23,0,53,0,2,20,1,23,16,16,43,1,76,0,0,0,76
08/20/2020,SHV,LA,ASW,CE,Combined TRACON& Tower with Radar,18,20,16,0,54,0,2,14,0,16,18,22,30,0,70,0,0,0,70
08/21/2020,SHV,LA,ASW,CE,Combined TRACON& Tower with Radar,19,19,7,0,45,0,2,11,0,13,19,21,18,0,58,18,0,18,76
08/22/2020,SHV,LA,ASW,CE,Combined TRACON& Tower with Radar,13,24,5,2,44,0,7,6,0,13,13,31,11,2,57,0,0,0,57
08/23/2020,SHV,LA,ASW,CE,Combined TRACON& Tower with Radar,13,18,20,0,51,0,4,11,0,15,13,22,31,0,66,0,0,0,66
08/24/2020,SHV,LA,ASW,CE,Combined TRACON& Tower with Radar,14,19,5,2,40,0,2,12,0,14,14,21,17,2,54,0,0,0,54
08/25/2020,SHV,LA,ASW,CE,Combined TRACON& Tower with Radar,18,21,8,10,57,0,0,8,0,8,18,21,16,10,65,6,0,6,71
08/26/2020,SHV,LA,ASW,CE,Combined TRACON& Tower with Radar,16,20,9,4,49,0,2,5,0,7,16,22,14,4,56,0,0,0,56
08/27/2020,SHV,LA,ASW,CE,Combined TRACON& Tower with Radar,7,8,0,0,15,0,0,0,0,0,7,8,0,0,15,0,0,0,15
08/28/2020,SHV,LA,ASW,CE,Combined TRACON& Tower with Radar,22,19,13,0,54,0,2,2,0,4,22,21,15,0,58,0,0,0,58
08/29/2020,SHV,LA,ASW,CE,Combined TRACON& Tower with Radar,12,22,16,4,54,0,0,5,3,8,12,22,21,7,62,0,0,0,62
08/30/2020,SHV,LA,ASW,CE,Combined TRACON& Tower with Radar,13,19,9,0,41,0,4,9,1,14,13,23,18,1,55,0,0,0,55
08/31/2020,SHV,LA,ASW,CE,Combined TRACON& Tower with Radar,15,21,11,0,47,0,0,4,2,6,15,21,15,2,53,2,0,2,55
09/01/2020,SHV,LA,ASW,CE,Combined TRACON& Tower with Radar,17,17,21,2,57,0,0,10,4,14,17,17,31,6,71,0,0,0,71
09/02/2020,SHV,LA,ASW,CE,Combined TRACON& Tower with Radar,16,19,20,0,55,0,0,8,0,8,16,19,28,0,63,12,0,12,75
09/03/2020,SHV,LA,ASW,CE,Combined TRACON& Tower with Radar,24,22,18,0,64,0,0,10,0,10,24,22,28,0,74,2,0,2,76
09/04/2020,SHV,LA,ASW,CE,Combined TRACON& Tower with Radar,21,25,11,0,57,0,0,8,2,10,21,25,19,2,67,8,0,8,75
09/05/2020,SHV,LA,ASW,CE,Combined TRACON& Tower with Radar,17,24,11,0,52,0,3,5,0,8,17,27,16,0,60,0,0,0,60
09/06/2020,SHV,LA,ASW,CE,Combined TRACON& Tower with Radar,13,10,6,0,29,0,5,8,0,13,13,15,14,0,42,0,0,0,42
09/07/2020,SHV,LA,ASW,CE,Combined TRACON& Tower with Radar,17,14,13,0,44,0,1,13,0,14,17,15,26,0,58,0,0,0,58
09/08/2020,SHV,LA,ASW,CE,Combined TRACON& Tower with Radar,23,14,15,33,85,0,0,28,27,55,23,14,43,60,140,103,0,103,243
09/09/2020,SHV,LA,ASW,CE,Combined TRACON& Tower with Radar,14,22,23,5,64,0,2,13,3,18,14,24,36,8,82,10,4,14,96
09/10/2020,SHV,LA,ASW,CE,Combined TRACON& Tower with Radar,19,27,15,0,61,0,3,15,2,20,19,30,30,2,81,8,0,8,89
09/11/2020,SHV,LA,ASW,CE,Combined TRACON& Tower with Radar,18,25,27,25,95,0,2,10,2,14,18,27,37,27,109,0,0,0,109
09/12/2020,SHV,LA,ASW,CE,Combined TRACON& Tower with Radar,11,23,31,1,66,0,2,15,12,29,11,25,46,13,95,18,0,18,113
09/13/2020,SHV,LA,ASW,CE,Combined TRACON& Tower with Radar,9,25,15,39,88,0,0,8,1,9,9,25,23,40,97,10,0,10,107
09/14/2020,SHV,LA,ASW,CE,Combined TRACON& Tower with Radar,14,31,22,0,67,0,0,11,0,11,14,31,33,0,78,2,0,2,80
09/15/2020,SHV,LA,ASW,CE,Combined TRACON& Tower with Radar,16,29,13,10,68,0,3,20,0,23,16,32,33,10,91,19,0,19,110
09/16/2020,SHV,LA,ASW,CE,Combined TRACON& Tower with Radar,12,26,33,3,74,0,0,6,2,8,12,26,39,5,82,44,4,48,130
09/17/2020,SHV,LA,ASW,CE,Combined TRACON& Tower with Radar,20,28,22,0,70,0,0,13,0,13,20,28,35,0,83,16,0,16,99
09/18/2020,SHV,LA,ASW,CE,Combined TRACON& Tower with Radar,14,28,28,35,105,0,0,12,0,12,14,28,40,35,117,0,0,0,117
09/19/2020,SHV,LA,ASW,CE,Combined TRACON& Tower with Radar,10,19,5,7,41,0,2,14,2,18,10,21,19,9,59,0,0,0,59
09/20/2020,SHV,LA,ASW,CE,Combined TRACON& Tower with Radar,11,22,13,22,68,0,1,11,1,13,11,23,24,23,81,0,0,0,81
09/21/2020,SHV,LA,ASW,CE,Combined TRACON& Tower with Radar,11,27,11,0,49,0,1,0,0,1,11,28,11,0,50,0,0,0,50
09/22/2020,SHV,LA,ASW,CE,Combined TRACON& Tower with Radar,15,22,9,0,46,0,0,0,0,0,15,22,9,0,46,0,0,0,46
09/23/2020,SHV,LA,ASW,CE,Combined TRACON& Tower with Radar,17,25,11,0,53,0,0,0,0,0,17,25,11,0,53,0,0,0,53
09/24/2020,SHV,LA,ASW,CE,Combined TRACON& Tower with Radar,16,33,28,0,77,0,0,0,0,0,16,33,28,0,77,14,0,14,91
09/25/2020,SHV,LA,ASW,CE,Combined TRACON& Tower with Radar,22,24,21,7,74,0,3,8,0,11,22,27,29,7,85,24,0,24,109
09/26/2020,SHV,LA,ASW,CE,Combined TRACON& Tower with Radar,12,22,13,2,49,0,1,5,0,6,12,23,18,2,55,17,16,33,88
09/27/2020,SHV,LA,ASW,CE,Combined TRACON& Tower with Radar,10,20,10,6,46,0,0,23,0,23,10,20,33,6,69,8,0,8,77
09/28/2020,SHV,LA,ASW,CE,Combined TRACON& Tower with Radar,15,25,15,8,63,0,2,7,2,11,15,27,22,10,74,0,0,0,74
09/29/2020,SHV,LA,ASW,CE,Combined TRACON& Tower with Radar,14,33,15,6,68,0,0,20,0,20,14,33,35,6,88,20,0,20,108
09/30/2020,SHV,LA,ASW,CE,Combined TRACON& Tower with Radar,15,30,22,0,67,0,0,37,0,37,15,30,59,0,104,0,0,0,104
10/01/2020,SHV,LA,ASW,CE,Combined TRACON& Tower with Radar,22,30,16,0,68,0,0,28,0,28,22,30,44,0,96,30,0,30,126
10/02/2020,SHV,LA,ASW,CE,Combined TRACON& Tower with Radar,18,25,13,3,59,0,0,24,0,24,18,25,37,3,83,36,0,36,119
10/03/2020,SHV,LA,ASW,CE,Combined TRACON& Tower with Radar,18,23,8,0,49,0,0,16,0,16,18,23,24,0,65,0,0,0,65
10/04/2020,SHV,LA,ASW,CE,Combined TRACON& Tower with Radar,9,27,14,0,50,0,1,18,0,19,9,28,32,0,69,14,0,14,83
10/05/2020,SHV,LA,ASW,CE,Combined TRACON& Tower with Radar,11,27,8,2,48,0,2,18,5,25,11,29,26,7,73,12,4,16,89
10/06/2020,SHV,LA,ASW,CE,Combined TRACON& Tower with Radar,16,22,26,4,68,0,2,20,8,30,16,24,46,12,98,0,0,0,98
10/07/2020,SHV,LA,ASW,CE,Combined TRACON& Tower with Radar,21,21,20,5,67,0,2,18,10,30,21,23,38,15,97,0,0,0,97
10/08/2020,SHV,LA,ASW,CE,Combined TRACON& Tower with Radar,26,24,13,9,72,0,0,9,1,10,26,24,22,10,82,6,0,6,88
10/09/2020,SHV,LA,ASW,CE,Combined TRACON& Tower with Radar,20,27,13,0,60,0,0,0,0,0,20,27,13,0,60,0,0,0,60
10/10/2020,SHV,LA,ASW,CE,Combined TRACON& Tower with Radar,16,16,9,9,50,0,2,8,1,11,16,18,17,10,61,0,8,8,69
10/11/2020,SHV,LA,ASW,CE,Combined TRACON& Tower with Radar,14,23,6,10,53,0,2,14,0,16,14,25,20,10,69,0,0,0,69
10/12/2020,SHV,LA,ASW,CE,Combined TRACON& Tower with Radar,15,21,10,0,46,0,2,12,1,15,15,23,22,1,61,8,0,8,69
10/13/2020,SHV,LA,ASW,CE,Combined TRACON& Tower with Radar,22,26,21,0,69,0,0,22,1,23,22,26,43,1,92,0,0,0,92
10/14/2020,SHV,LA,ASW,CE,Combined TRACON& Tower with Radar,25,14,20,0,59,0,1,30,6,37,25,15,50,6,96,0,0,0,96
10/15/2020,SHV,LA,ASW,CE,Combined TRACON& Tower with Radar,29,30,34,0,93,0,0,4,1,5,29,30,38,1,98,20,0,20,118
10/16/2020,SHV,LA,ASW,CE,Combined TRACON& Tower with Radar,29,27,35,5,96,0,2,11,1,14,29,29,46,6,110,0,0,0,110
10/17/2020,SHV,LA,ASW,CE,Combined TRACON& Tower with Radar,16,19,16,0,51,0,0,5,1,6,16,19,21,1,57,0,0,0,57
10/18/2020,SHV,LA,ASW,CE,Combined TRACON& Tower with Radar,14,22,12,7,55,0,1,13,5,19,14,23,25,12,74,0,0,0,74
10/19/2020,SHV,LA,ASW,CE,Combined TRACON& Tower with Radar,19,19,17,0,55,0,0,19,0,19,19,19,36,0,74,0,0,0,74
10/20/2020,SHV,LA,ASW,CE,Combined TRACON& Tower with Radar,24,20,8,4,56,0,3,11,0,14,24,23,19,4,70,16,0,16,86
10/21/2020,SHV,LA,ASW,CE,Combined TRACON& Tower with Radar,24,27,23,0,74,0,2,32,0,34,24,29,55,0,108,35,0,35,143
10/22/2020,SHV,LA,ASW,CE,Combined TRACON& Tower with Radar,25,19,18,2,64,0,0,20,0,20,25,19,38,2,84,18,0,18,102
10/23/2020,SHV,LA,ASW,CE,Combined TRACON& Tower with Radar,31,29,19,0,79,0,0,0,0,0,31,29,19,0,79,0,0,0,79
10/24/2020,SHV,LA,ASW,CE,Combined TRACON& Tower with Radar,16,11,13,0,40,0,0,1,0,1,16,11,14,0,41,0,0,0,41
10/25/2020,SHV,LA,ASW,CE,Combined TRACON& Tower with Radar,13,19,17,9,58,0,0,0,0,0,13,19,17,9,58,0,0,0,58
10/26/2020,SHV,LA,ASW,CE,Combined TRACON& Tower with Radar,17,26,15,0,58,0,0,2,0,2,17,26,17,0,60,14,0,14,74
10/27/2020,SHV,LA,ASW,CE,Combined TRACON& Tower with Radar,23,35,23,0,81,0,0,1,0,1,23,35,24,0,82,0,0,0,82
10/28/2020,SHV,LA,ASW,CE,Combined TRACON& Tower with Radar,17,18,9,0,44,0,0,0,0,0,17,18,9,0,44,0,0,0,44
10/29/2020,SHV,LA,ASW,CE,Combined TRACON& Tower with Radar,21,35,24,0,80,0,4,9,4,17,21,39,33,4,97,0,0,0,97
10/30/2020,SHV,LA,ASW,CE,Combined TRACON& Tower with Radar,25,24,27,11,87,0,1,23,1,25,25,25,50,12,112,8,0,8,120
10/31/2020,SHV,LA,ASW,CE,Combined TRACON& Tower with Radar,14,16,9,0,39,0,3,23,0,26,14,19,32,0,65,20,0,20,85
11/01/2020,SHV,LA,ASW,CE,Combined TRACON& Tower with Radar,13,20,10,0,43,0,0,12,0,12,13,20,22,0,55,0,0,0,55
11/02/2020,SHV,LA,ASW,CE,Combined TRACON& Tower with Radar,13,23,11,2,49,0,3,33,1,37,13,26,44,3,86,12,0,12,98
11/03/2020,SHV,LA,ASW,CE,Combined TRACON& Tower with Radar,25,11,12,0,48,0,1,19,0,20,25,12,31,0,68,0,0,0,68
11/04/2020,SHV,LA,ASW,CE,Combined TRACON& Tower with Radar,24,20,21,2,67,0,3,17,2,22,24,23,38,4,89,16,0,16,105
11/05/2020,SHV,LA,ASW,CE,Combined TRACON& Tower with Radar,28,28,27,0,83,0,2,18,1,21,28,30,45,1,104,24,0,24,128
11/06/2020,SHV,LA,ASW,CE,Combined TRACON& Tower with Radar,22,24,14,0,60,0,2,24,0,26,22,26,38,0,86,2,0,2,88
11/07/2020,SHV,LA,ASW,CE,Combined TRACON& Tower with Radar,16,18,6,11,51,0,2,15,5,22,16,20,21,16,73,20,0,20,93
11/08/2020,SHV,LA,ASW,CE,Combined TRACON& Tower with Radar,17,17,16,0,50,0,0,2,0,2,17,17,18,0,52,0,0,0,52
11/09/2020,SHV,LA,ASW,CE,Combined TRACON& Tower with Radar,15,19,13,0,47,0,2,6,0,8,15,21,19,0,55,0,0,0,55
11/10/2020,SHV,LA,ASW,CE,Combined TRACON& Tower with Radar,20,19,12,0,51,0,1,4,0,5,20,20,16,0,56,16,0,16,72
11/11/2020,SHV,LA,ASW,CE,Combined TRACON& Tower with Radar,18,21,22,0,61,0,0,17,0,17,18,21,39,0,78,4,0,4,82
11/12/2020,SHV,LA,ASW,CE,Combined TRACON& Tower with Radar,22,27,26,0,75,0,1,21,0,22,22,28,47,0,97,2,0,2,99
11/13/2020,SHV,LA,ASW,CE,Combined TRACON& Tower with Radar,22,25,30,0,77,0,0,17,0,17,22,25,47,0,94,0,0,0,94
11/14/2020,SHV,LA,ASW,CE,Combined TRACON& Tower with Radar,18,25,8,8,59,0,1,10,0,11,18,26,18,8,70,18,0,18,88
11/15/2020,SHV,LA,ASW,CE,Combined TRACON& Tower with Radar,15,18,15,2,50,0,3,9,0,12,15,21,24,2,62,0,0,0,62
11/16/2020,SHV,LA,ASW,CE,Combined TRACON& Tower with Radar,16,17,16,0,49,0,2,20,0,22,16,19,36,0,71,6,0,6,77
11/17/2020,SHV,LA,ASW,CE,Combined TRACON& Tower with Radar,21,19,19,7,66,0,2,16,0,18,21,21,35,7,84,4,0,4,88
11/18/2020,SHV,LA,ASW,CE,Combined TRACON& Tower with Radar,22,21,24,0,67,0,2,16,2,20,22,23,40,2,87,34,0,34,121
11/19/2020,SHV,LA,ASW,CE,Combined TRACON& Tower with Radar,30,32,17,2,81,0,1,12,0,13,30,33,29,2,94,18,0,18,112
11/20/2020,SHV,LA,ASW,CE,Combined TRACON& Tower with Radar,28,27,18,4,77,0,5,7,2,14,28,32,25,6,91,0,0,0,91
11/21/2020,SHV,LA,ASW,CE,Combined TRACON& Tower with Radar,16,17,16,17,66,0,0,10,0,10,16,17,26,17,76,0,0,0,76
11/22/2020,SHV,LA,ASW,CE,Combined TRACON& Tower with Radar,15,20,15,0,50,0,1,3,0,4,15,21,18,0,54,0,0,0,54
11/23/2020,SHV,LA,ASW,CE,Combined TRACON& Tower with Radar,20,29,20,6,75,0,3,18,0,21,20,32,38,6,96,5,0,5,101
11/24/2020,SHV,LA,ASW,CE,Combined TRACON& Tower with Radar,27,39,15,3,84,0,3,7,0,10,27,42,22,3,94,0,0,0,94
11/25/2020,SHV,LA,ASW,CE,Combined TRACON& Tower with Radar,30,26,18,0,74,0,0,27,2,29,30,26,45,2,103,0,0,0,103
11/26/2020,SHV,LA,ASW,CE,Combined TRACON& Tower with Radar,6,8,4,0,18,0,0,6,0,6,6,8,10,0,24,0,0,0,24
11/27/2020,SHV,LA,ASW,CE,Combined TRACON& Tower with Radar,21,19,14,2,56,0,0,2,0,2,21,19,16,2,58,0,0,0,58
11/28/2020,SHV,LA,ASW,CE,Combined TRACON& Tower with Radar,16,19,16,0,51,0,0,11,0,11,16,19,27,0,62,0,0,0,62
11/29/2020,SHV,LA,ASW,CE,Combined TRACON& Tower with Radar,17,20,7,2,46,0,0,0,0,0,17,20,7,2,46,0,0,0,46
11/30/2020,SHV,LA,ASW,CE,Combined TRACON& Tower with Radar,18,21,14,3,56,0,0,16,0,16,18,21,30,3,72,0,0,0,72
12/01/2020,SHV,LA,ASW,CE,Combined TRACON& Tower with Radar,24,30,12,0,66,0,0,18,2,20,24,30,30,2,86,0,0,0,86
12/02/2020,SHV,LA,ASW,CE,Combined TRACON& Tower with Radar,20,14,13,0,47,0,0,4,0,4,20,14,17,0,51,0,0,0,51
12/03/2020,SHV,LA,ASW,CE,Combined TRACON& Tower with Radar,26,28,13,2,69,0,4,4,0,8,26,32,17,2,77,0,0,0,77
12/04/2020,SHV,LA,ASW,CE,Combined TRACON& Tower with Radar,24,22,17,20,83,0,0,14,1,15,24,22,31,21,98,2,24,26,124
12/05/2020,SHV,LA,ASW,CE,Combined TRACON& Tower with Radar,16,18,28,1,63,0,2,18,4,24,16,20,46,5,87,0,0,0,87
12/06/2020,SHV,LA,ASW,CE,Combined TRACON& Tower with Radar,15,16,12,3,46,0,0,17,0,17,15,16,29,3,63,0,0,0,63
12/07/2020,SHV,LA,ASW,CE,Combined TRACON& Tower with Radar,20,22,15,0,57,0,2,12,0,14,20,24,27,0,71,0,0,0,71
12/08/2020,SHV,LA,ASW,CE,Combined TRACON& Tower with Radar,20,19,13,5,57,0,1,25,7,33,20,20,38,12,90,8,0,8,98
12/09/2020,SHV,LA,ASW,CE,Combined TRACON& Tower with Radar,20,27,20,3,70,0,2,29,1,32,20,29,49,4,102,18,0,18,120
12/10/2020,SHV,LA,ASW,CE,Combined TRACON& Tower with Radar,35,25,27,2,89,0,3,15,6,24,35,28,42,8,113,12,0,12,125
12/11/2020,SHV,LA,ASW,CE,Combined TRACON& Tower with Radar,25,28,9,0,62,0,0,0,0,0,25,28,9,0,62,0,0,0,62
12/12/2020,SHV,LA,ASW,CE,Combined TRACON& Tower with Radar,17,34,10,0,61,0,2,21,0,23,17,36,31,0,84,4,0,4,88
12/13/2020,SHV,LA,ASW,CE,Combined TRACON& Tower with Radar,16,19,4,0,39,0,0,2,0,2,16,19,6,0,41,0,0,0,41
12/14/2020,SHV,LA,ASW,CE,Combined TRACON& Tower with Radar,21,19,8,7,55,0,0,12,0,12,21,19,20,7,67,0,0,0,67
12/15/2020,SHV,LA,ASW,CE,Combined TRACON& Tower with Radar,20,14,9,0,43,0,1,0,0,1,20,15,9,0,44,0,0,0,44
12/16/2020,SHV,LA,ASW,CE,Combined TRACON& Tower with Radar,22,14,14,19,69,0,2,3,0,5,22,16,17,19,74,0,0,0,74
12/17/2020,SHV,LA,ASW,CE,Combined TRACON& Tower with Radar,28,33,16,7,84,0,2,28,1,31,28,35,44,8,115,2,2,4,119
12/18/2020,SHV,LA,ASW,CE,Combined TRACON& Tower with Radar,25,34,21,5,85,0,3,23,0,26,25,37,44,5,111,4,0,4,115
12/19/2020,SHV,LA,ASW,CE,Combined TRACON& Tower with Radar,13,22,1,0,36,0,0,0,0,0,13,22,1,0,36,0,0,0,36
12/20/2020,SHV,LA,ASW,CE,Combined TRACON& Tower with Radar,18,18,18,0,54,0,0,2,0,2,18,18,20,0,56,0,0,0,56
12/21/2020,SHV,LA,ASW,CE,Combined TRACON& Tower with Radar,22,27,14,0,63,0,3,17,0,20,22,30,31,0,83,0,0,0,83
12/22/2020,SHV,LA,ASW,CE,Combined TRACON& Tower with Radar,22,30,19,0,71,0,1,22,0,23,22,31,41,0,94,36,0,36,130
12/23/2020,SHV,LA,ASW,CE,Combined TRACON& Tower with Radar,22,25,9,0,56,0,4,2,0,6,22,29,11,0,62,0,0,0,62
12/24/2020,SHV,LA,ASW,CE,Combined TRACON& Tower with Radar,21,12,6,0,39,0,0,1,0,1,21,12,7,0,40,0,0,0,40
12/25/2020,SHV,LA,ASW,CE,Combined TRACON& Tower with Radar,8,14,1,0,23,0,0,0,0,0,8,14,1,0,23,0,0,0,23
12/26/2020,SHV,LA,ASW,CE,Combined TRACON& Tower with Radar,8,20,21,0,49,0,0,9,0,9,8,20,30,0,58,0,0,0,58
12/27/2020,SHV,LA,ASW,CE,Combined TRACON& Tower with Radar,15,17,6,0,38,0,2,2,0,4,15,19,8,0,42,0,0,0,42
12/28/2020,SHV,LA,ASW,CE,Combined TRACON& Tower with Radar,15,24,22,2,63,0,0,1,1,2,15,24,23,3,65,0,0,0,65
12/29/2020,SHV,LA,ASW,CE,Combined TRACON& Tower with Radar,22,16,19,1,58,0,0,17,0,17,22,16,36,1,75,0,0,0,75
12/30/2020,SHV,LA,ASW,CE,Combined TRACON& Tower with Radar,20,14,15,0,49,0,0,0,0,0,20,14,15,0,49,0,0,0,49
12/31/2020,SHV,LA,ASW,CE,Combined TRACON& Tower with Radar,20,11,0,0,31,0,0,0,0,0,20,11,0,0,31,0,0,0,31
01/01/2021,SHV,LA,ASW,CE,Combined TRACON& Tower with Radar,8,17,6,0,31,0,1,4,0,5,8,18,10,0,36,0,0,0,36
01/02/2021,SHV,LA,ASW,CE,Combined TRACON& Tower with Radar,8,22,15,0,45,0,0,1,0,1,8,22,16,0,46,0,0,0,46
01/03/2021,SHV,LA,ASW,CE,Combined TRACON& Tower with Radar,15,26,14,0,55,0,0,12,0,12,15,26,26,0,67,0,0,0,67
01/04/2021,SHV,LA,ASW,CE,Combined TRACON& Tower with Radar,17,15,18,0,50,0,1,19,1,21,17,16,37,1,71,14,0,14,85
01/05/2021,SHV,LA,ASW,CE,Combined TRACON& Tower with Radar,25,10,17,6,58,0,2,35,6,43,25,12,52,12,101,26,0,26,127
01/06/2021,SHV,LA,ASW,CE,Combined TRACON& Tower with Radar,28,9,22,0,59,0,0,2,0,2,28,9,24,0,61,0,0,0,61
01/07/2021,SHV,LA,ASW,CE,Combined TRACON& Tower with Radar,27,15,10,6,58,0,0,1,0,1,27,15,11,6,59,0,0,0,59
01/08/2021,SHV,LA,ASW,CE,Combined TRACON& Tower with Radar,31,18,15,19,83,0,2,5,2,9,31,20,20,21,92,0,0,0,92
01/09/2021,SHV,LA,ASW,CE,Combined TRACON& Tower with Radar,20,9,3,7,39,0,0,12,11,23,20,9,15,18,62,4,15,19,81
01/10/2021,SHV,LA,ASW,CE,Combined TRACON& Tower with Radar,15,10,11,5,41,0,0,2,0,2,15,10,13,5,43,0,0,0,43
01/11/2021,SHV,LA,ASW,CE,Combined TRACON& Tower with Radar,23,15,9,0,47,0,0,1,0,1,23,15,10,0,48,0,0,0,48
01/12/2021,SHV,LA,ASW,CE,Combined TRACON& Tower with Radar,25,13,11,6,55,0,0,16,1,17,25,13,27,7,72,6,0,6,78
01/13/2021,SHV,LA,ASW,CE,Combined TRACON& Tower with Radar,25,17,19,12,73,0,0,16,1,17,25,17,35,13,90,14,4,18,108
01/14/2021,SHV,LA,ASW,CE,Combined TRACON& Tower with Radar,25,18,13,21,77,0,1,13,6,20,25,19,26,27,97,6,0,6,103
01/15/2021,SHV,LA,ASW,CE,Combined TRACON& Tower with Radar,31,20,11,11,73,0,0,7,0,7,31,20,18,11,80,4,0,4,84
01/16/2021,SHV,LA,ASW,CE,Combined TRACON& Tower with Radar,20,12,9,0,41,0,0,15,0,15,20,12,24,0,56,32,0,32,88
01/17/2021,SHV,LA,ASW,CE,Combined TRACON& Tower with Radar,20,8,10,0,38,0,0,14,0,14,20,8,24,0,52,4,0,4,56
01/18/2021,SHV,LA,ASW,CE,Combined TRACON& Tower with Radar,25,12,17,0,54,0,3,14,2,19,25,15,31,2,73,0,0,0,73
01/19/2021,SHV,LA,ASW,CE,Combined TRACON& Tower with Radar,25,12,12,0,49,0,0,2,0,2,25,12,14,0,51,0,0,0,51
01/20/2021,SHV,LA,ASW,CE,Combined TRACON& Tower with Radar,38,9,21,3,71,0,0,9,0,9,38,9,30,3,80,16,0,16,96
01/21/2021,SHV,LA,ASW,CE,Combined TRACON& Tower with Radar,28,18,16,0,62,0,0,0,0,0,28,18,16,0,62,0,0,0,62
01/22/2021,SHV,LA,ASW,CE,Combined TRACON& Tower with Radar,29,11,16,0,56,0,0,0,0,0,29,11,16,0,56,0,0,0,56
01/23/2021,SHV,LA,ASW,CE,Combined TRACON& Tower with Radar,19,30,23,14,86,0,0,0,0,0,19,30,23,14,86,0,0,0,86
01/24/2021,SHV,LA,ASW,CE,Combined TRACON& Tower with Radar,16,9,6,0,31,0,0,0,0,0,16,9,6,0,31,0,0,0,31
01/25/2021,SHV,LA,ASW,CE,Combined TRACON& Tower with Radar,22,15,11,0,48,0,0,10,0,10,22,15,21,0,58,0,0,0,58
01/26/2021,SHV,LA,ASW,CE,Combined TRACON& Tower with Radar,27,29,18,6,80,0,2,21,0,23,27,31,39,6,103,0,0,0,103
01/27/2021,SHV,LA,ASW,CE,Combined TRACON& Tower with Radar,26,24,21,0,71,0,6,28,0,34,26,30,49,0,105,24,0,24,129
01/28/2021,SHV,LA,ASW,CE,Combined TRACON& Tower with Radar,25,19,16,2,62,0,1,18,0,19,25,20,34,2,81,0,0,0,81
01/29/2021,SHV,LA,ASW,CE,Combined TRACON& Tower with Radar,29,20,13,0,62,2,5,19,0,26,31,25,32,0,88,12,0,12,100
01/30/2021,SHV,LA,ASW,CE,Combined TRACON& Tower with Radar,17,13,2,2,34,0,0,0,0,0,17,13,2,2,34,0,0,0,34
01/31/2021,SHV,LA,ASW,CE,Combined TRACON& Tower with Radar,20,16,19,0,55,0,2,1,0,3,20,18,20,0,58,0,0,0,58
02/01/2021,SHV,LA,ASW,CE,Combined TRACON& Tower with Radar,19,18,16,0,53,0,2,9,0,11,19,20,25,0,64,6,0,6,70
02/02/2021,SHV,LA,ASW,CE,Combined TRACON& Tower with Radar,24,14,14,6,58,0,3,17,0,20,24,17,31,6,78,29,0,29,107
02/03/2021,SHV,LA,ASW,CE,Combined TRACON& Tower with Radar,30,22,12,6,70,0,2,8,4,14,30,24,20,10,84,3,0,3,87
02/04/2021,SHV,LA,ASW,CE,Combined TRACON& Tower with Radar,25,27,11,2,65,0,1,3,2,6,25,28,14,4,71,0,0,0,71
02/05/2021,SHV,LA,ASW,CE,Combined TRACON& Tower with Radar,28,24,10,11,73,0,1,14,4,19,28,25,24,15,92,6,3,9,101
02/06/2021,SHV,LA,ASW,CE,Combined TRACON& Tower with Radar,21,18,9,4,52,0,0,2,0,2,21,18,11,4,54,6,4,10,64
02/07/2021,SHV,LA,ASW,CE,Combined TRACON& Tower with Radar,20,15,10,8,53,0,0,1,0,1,20,15,11,8,54,4,0,4,58
02/08/2021,SHV,LA,ASW,CE,Combined TRACON& Tower with Radar,23,23,31,0,77,0,1,3,5,9,23,24,34,5,86,0,0,0,86
02/09/2021,SHV,LA,ASW,CE,Combined TRACON& Tower with Radar,24,23,17,8,72,0,0,0,0,0,24,23,17,8,72,0,0,0,72
02/10/2021,SHV,LA,ASW,CE,Combined TRACON& Tower with Radar,26,15,29,0,70,0,0,0,0,0,26,15,29,0,70,0,0,0,70
02/11/2021,SHV,LA,ASW,CE,Combined TRACON& Tower with Radar,24,27,12,1,64,0,0,0,0,0,24,27,12,1,64,0,0,0,64
02/12/2021,SHV,LA,ASW,CE,Combined TRACON& Tower with Radar,32,21,9,1,63,0,0,0,2,2,32,21,9,3,65,10,0,10,75
02/13/2021,SHV,LA,ASW,CE,Combined TRACON& Tower with Radar,22,18,9,0,49,0,1,2,0,3,22,19,11,0,52,10,0,10,62
02/14/2021,SHV,LA,ASW,CE,Combined TRACON& Tower with Radar,7,6,5,0,18,0,0,0,0,0,7,6,5,0,18,0,0,0,18
02/15/2021,SHV,LA,ASW,CE,Combined TRACON& Tower with Radar,0,0,0,0,0,0,0,0,0,0,0,0,0,0,0,0,0,0,0
02/16/2021,SHV,LA,ASW,CE,Combined TRACON& Tower with Radar,0,3,4,0,7,0,4,2,0,6,0,7,6,0,13,0,0,0,13
02/17/2021,SHV,LA,ASW,CE,Combined TRACON& Tower with Radar,0,0,0,0,0,0,0,0,0,0,0,0,0,0,0,0,0,0,0
02/18/2021,SHV,LA,ASW,CE,Combined TRACON& Tower with Radar,0,0,1,0,1,0,0,5,0,5,0,0,6,0,6,0,0,0,6
02/19/2021,SHV,LA,ASW,CE,Combined TRACON& Tower with Radar,0,2,3,0,5,0,1,3,0,4,0,3,6,0,9,0,0,0,9
02/20/2021,SHV,LA,ASW,CE,Combined TRACON& Tower with Radar,5,4,13,0,22,0,2,5,3,10,5,6,18,3,32,0,0,0,32
02/21/2021,SHV,LA,ASW,CE,Combined TRACON& Tower with Radar,21,21,12,0,54,0,2,4,0,6,21,23,16,0,60,0,0,0,60
02/22/2021,SHV,LA,ASW,CE,Combined TRACON& Tower with Radar,22,14,14,0,50,0,4,16,0,20,22,18,30,0,70,16,0,16,86
02/23/2021,SHV,LA,ASW,CE,Combined TRACON& Tower with Radar,25,13,18,4,60,0,3,21,0,24,25,16,39,4,84,18,0,18,102
02/24/2021,SHV,LA,ASW,CE,Combined TRACON& Tower with Radar,30,18,11,0,59,0,3,13,1,17,30,21,24,1,76,27,0,27,103
02/25/2021,SHV,LA,ASW,CE,Combined TRACON& Tower with Radar,27,25,20,0,72,0,2,6,1,9,27,27,26,1,81,2,0,2,83
02/26/2021,SHV,LA,ASW,CE,Combined TRACON& Tower with Radar,30,26,15,0,71,0,0,0,0,0,30,26,15,0,71,0,0,0,71
02/27/2021,SHV,LA,ASW,CE,Combined TRACON& Tower with Radar,21,10,14,0,45,0,0,1,1,2,21,10,15,1,47,0,0,0,47
02/28/2021,SHV,LA,ASW,CE,Combined TRACON& Tower with Radar,15,19,7,0,41,0,0,0,0,0,15,19,7,0,41,0,0,0,41
03/01/2021,SHV,LA,ASW,CE,Combined TRACON& Tower with Radar,26,12,8,0,46,0,0,0,0,0,26,12,8,0,46,0,0,0,46
03/02/2021,SHV,LA,ASW,CE,Combined TRACON& Tower with Radar,29,16,14,0,59,0,0,29,0,29,29,16,43,0,88,0,0,0,88
03/03/2021,SHV,LA,ASW,CE,Combined TRACON& Tower with Radar,28,20,12,10,70,0,0,35,0,35,28,20,47,10,105,0,0,0,105
03/04/2021,SHV,LA,ASW,CE,Combined TRACON& Tower with Radar,28,30,21,0,79,0,1,19,0,20,28,31,40,0,99,0,0,0,99
03/05/2021,SHV,LA,ASW,CE,Combined TRACON& Tower with Radar,30,19,13,0,62,0,0,2,0,2,30,19,15,0,64,0,0,0,64
03/06/2021,SHV,LA,ASW,CE,Combined TRACON& Tower with Radar,20,23,9,6,58,0,2,15,8,25,20,25,24,14,83,10,16,26,109
03/07/2021,SHV,LA,ASW,CE,Combined TRACON& Tower with Radar,22,12,14,3,51,0,2,41,0,43,22,14,55,3,94,0,0,0,94
03/08/2021,SHV,LA,ASW,CE,Combined TRACON& Tower with Radar,32,15,18,4,69,0,4,22,1,27,32,19,40,5,96,0,0,0,96
03/09/2021,SHV,LA,ASW,CE,Combined TRACON& Tower with Radar,30,15,19,0,64,0,1,14,0,15,30,16,33,0,79,0,0,0,79
03/10/2021,SHV,LA,ASW,CE,Combined TRACON& Tower with Radar,30,28,27,3,88,0,0,2,1,3,30,28,29,4,91,0,0,0,91
03/11/2021,SHV,LA,ASW,CE,Combined TRACON& Tower with Radar,30,17,32,0,79,0,4,16,1,21,30,21,48,1,100,12,8,20,120
03/12/2021,SHV,LA,ASW,CE,Combined TRACON& Tower with Radar,34,20,14,0,68,0,2,10,0,12,34,22,24,0,80,0,0,0,80
03/13/2021,SHV,LA,ASW,CE,Combined TRACON& Tower with Radar,19,29,18,10,76,0,0,24,0,24,19,29,42,10,100,0,0,0,100
03/14/2021,SHV,LA,ASW,CE,Combined TRACON& Tower with Radar,22,11,20,0,53,0,1,1,2,4,22,12,21,2,57,0,0,0,57
03/15/2021,SHV,LA,ASW,CE,Combined TRACON& Tower with Radar,25,12,14,2,53,0,0,20,0,20,25,12,34,2,73,0,0,0,73
03/16/2021,SHV,LA,ASW,CE,Combined TRACON& Tower with Radar,33,10,33,8,84,0,5,7,6,18,33,15,40,14,102,0,0,0,102
03/17/2021,SHV,LA,ASW,CE,Combined TRACON& Tower with Radar,22,11,8,0,41,0,3,3,0,6,22,14,11,0,47,0,0,0,47
03/18/2021,SHV,LA,ASW,CE,Combined TRACON& Tower with Radar,31,21,28,4,84,0,2,3,4,9,31,23,31,8,93,0,0,0,93
03/19/2021,SHV,LA,ASW,CE,Combined TRACON& Tower with Radar,32,14,29,10,85,0,1,14,1,16,32,15,43,11,101,11,0,11,112
03/20/2021,SHV,LA,ASW,CE,Combined TRACON& Tower with Radar,22,20,10,28,80,0,0,22,0,22,22,20,32,28,102,0,0,0,102
03/21/2021,SHV,LA,ASW,CE,Combined TRACON& Tower with Radar,21,12,13,0,46,0,3,25,1,29,21,15,38,1,75,25,0,25,100
03/22/2021,SHV,LA,ASW,CE,Combined TRACON& Tower with Radar,24,10,10,4,48,0,0,7,0,7,24,10,17,4,55,0,0,0,55
03/23/2021,SHV,LA,ASW,CE,Combined TRACON& Tower with Radar,30,13,18,9,70,0,1,7,1,9,30,14,25,10,79,0,0,0,79
03/24/2021,SHV,LA,ASW,CE,Combined TRACON& Tower with Radar,32,17,6,5,60,0,0,11,1,12,32,17,17,6,72,6,0,6,78
03/25/2021,SHV,LA,ASW,CE,Combined TRACON& Tower with Radar,32,19,12,3,66,0,1,5,0,6,32,20,17,3,72,4,0,4,76
03/26/2021,SHV,LA,ASW,CE,Combined TRACON& Tower with Radar,32,17,23,17,89,0,3,16,1,20,32,20,39,18,109,34,11,45,154
03/27/2021,SHV,LA,ASW,CE,Combined TRACON& Tower with Radar,23,13,23,1,60,0,1,0,0,1,23,14,23,1,61,0,0,0,61
03/28/2021,SHV,LA,ASW,CE,Combined TRACON& Tower with Radar,25,14,15,0,54,0,2,13,1,16,25,16,28,1,70,0,0,0,70
03/29/2021,SHV,LA,ASW,CE,Combined TRACON& Tower with Radar,28,8,9,0,45,0,1,16,1,18,28,9,25,1,63,0,0,0,63
03/30/2021,SHV,LA,ASW,CE,Combined TRACON& Tower with Radar,30,10,34,4,78,0,0,1,0,1,30,10,35,4,79,0,0,0,79
03/31/2021,SHV,LA,ASW,CE,Combined TRACON& Tower with Radar,30,16,5,2,53,0,1,4,2,7,30,17,9,4,60,0,0,0,60
04/01/2021,SHV,LA,ASW,CE,Combined TRACON& Tower with Radar,33,15,20,2,70,0,5,32,2,39,33,20,52,4,109,13,0,13,122
04/02/2021,SHV,LA,ASW,CE,Combined TRACON& Tower with Radar,28,15,26,38,107,0,5,34,32,71,28,20,60,70,178,0,0,0,178
04/03/2021,SHV,LA,ASW,CE,Combined TRACON& Tower with Radar,19,11,19,12,61,0,2,8,0,10,19,13,27,12,71,0,0,0,71
04/04/2021,SHV,LA,ASW,CE,Combined TRACON& Tower with Radar,17,9,4,0,30,0,4,14,0,18,17,13,18,0,48,0,0,0,48
04/05/2021,SHV,LA,ASW,CE,Combined TRACON& Tower with Radar,23,12,24,0,59,0,0,21,1,22,23,12,45,1,81,14,0,14,95
04/06/2021,SHV,LA,ASW,CE,Combined TRACON& Tower with Radar,25,12,19,2,58,0,2,15,0,17,25,14,34,2,75,18,0,18,93
04/07/2021,SHV,LA,ASW,CE,Combined TRACON& Tower with Radar,26,12,25,0,63,0,0,1,0,1,26,12,26,0,64,8,0,8,72
04/08/2021,SHV,LA,ASW,CE,Combined TRACON& Tower with Radar,32,22,24,12,90,0,3,15,4,22,32,25,39,16,112,4,0,4,116
04/09/2021,SHV,LA,ASW,CE,Combined TRACON& Tower with Radar,29,12,13,0,54,0,0,3,0,3,29,12,16,0,57,0,0,0,57
04/10/2021,SHV,LA,ASW,CE,Combined TRACON& Tower with Radar,25,19,12,0,56,0,0,14,1,15,25,19,26,1,71,0,0,0,71
04/11/2021,SHV,LA,ASW,CE,Combined TRACON& Tower with Radar,19,16,17,0,52,0,4,17,0,21,19,20,34,0,73,28,0,28,101
04/12/2021,SHV,LA,ASW,CE,Combined TRACON& Tower with Radar,23,17,22,4,66,0,1,17,2,20,23,18,39,6,86,4,0,4,90
04/13/2021,SHV,LA,ASW,CE,Combined TRACON& Tower with Radar,24,12,20,6,62,0,1,24,0,25,24,13,44,6,87,0,0,0,87
04/14/2021,SHV,LA,ASW,CE,Combined TRACON& Tower with Radar,26,12,16,0,54,0,0,0,0,0,26,12,16,0,54,0,0,0,54
04/15/2021,SHV,LA,ASW,CE,Combined TRACON& Tower with Radar,28,26,24,4,82,0,2,29,2,33,28,28,53,6,115,34,0,34,149
04/16/2021,SHV,LA,ASW,CE,Combined TRACON& Tower with Radar,36,12,14,0,62,0,0,0,0,0,36,12,14,0,62,0,0,0,62
04/17/2021,SHV,LA,ASW,CE,Combined TRACON& Tower with Radar,19,15,12,4,50,0,1,1,0,2,19,16,13,4,52,0,0,0,52
04/18/2021,SHV,LA,ASW,CE,Combined TRACON& Tower with Radar,21,18,19,6,64,0,4,25,0,29,21,22,44,6,93,4,0,4,97
04/19/2021,SHV,LA,ASW,CE,Combined TRACON& Tower with Radar,25,14,13,2,54,0,1,40,0,41,25,15,53,2,95,0,0,0,95
04/20/2021,SHV,LA,ASW,CE,Combined TRACON& Tower with Radar,26,22,11,2,61,0,4,21,1,26,26,26,32,3,87,0,0,0,87
04/21/2021,SHV,LA,ASW,CE,Combined TRACON& Tower with Radar,25,18,16,2,61,0,5,23,0,28,25,23,39,2,89,10,0,10,99
04/22/2021,SHV,LA,ASW,CE,Combined TRACON& Tower with Radar,28,20,30,0,78,0,6,22,0,28,28,26,52,0,106,4,0,4,110
04/23/2021,SHV,LA,ASW,CE,Combined TRACON& Tower with Radar,31,18,8,2,59,0,1,1,0,2,31,19,9,2,61,0,0,0,61
04/24/2021,SHV,LA,ASW,CE,Combined TRACON& Tower with Radar,16,17,10,2,45,0,3,10,2,15,16,20,20,4,60,0,0,0,60
04/25/2021,SHV,LA,ASW,CE,Combined TRACON& Tower with Radar,21,8,27,1,57,0,0,34,6,40,21,8,61,7,97,10,0,10,107
04/26/2021,SHV,LA,ASW,CE,Combined TRACON& Tower with Radar,23,19,21,1,64,0,0,22,2,24,23,19,43,3,88,7,0,7,95
04/27/2021,SHV,LA,ASW,CE,Combined TRACON& Tower with Radar,24,16,33,2,75,0,2,9,2,13,24,18,42,4,88,10,0,10,98
04/28/2021,SHV,LA,ASW,CE,Combined TRACON& Tower with Radar,23,24,24,0,71,0,2,4,2,8,23,26,28,2,79,4,0,4,83
04/29/2021,SHV,LA,ASW,CE,Combined TRACON& Tower with Radar,28,17,24,4,73,0,2,24,0,26,28,19,48,4,99,0,0,0,99
04/30/2021,SHV,LA,ASW,CE,Combined TRACON& Tower with Radar,31,16,14,0,61,0,0,6,1,7,31,16,20,1,68,0,0,0,68
05/01/2021,SHV,LA,ASW,CE,Combined TRACON& Tower with Radar,19,16,9,0,44,0,1,55,1,57,19,17,64,1,101,0,0,0,101
05/02/2021,SHV,LA,ASW,CE,Combined TRACON& Tower with Radar,19,15,9,0,43,0,0,48,0,48,19,15,57,0,91,0,0,0,91
05/03/2021,SHV,LA,ASW,CE,Combined TRACON& Tower with Radar,20,18,21,10,69,0,0,12,0,12,20,18,33,10,81,18,0,18,99
05/04/2021,SHV,LA,ASW,CE,Combined TRACON& Tower with Radar,26,14,10,0,50,0,0,0,0,0,26,14,10,0,50,0,0,0,50
05/05/2021,SHV,LA,ASW,CE,Combined TRACON& Tower with Radar,24,25,21,12,82,0,3,51,5,59,24,28,72,17,141,156,0,156,297
05/06/2021,SHV,LA,ASW,CE,Combined TRACON& Tower with Radar,32,32,29,1,94,0,2,33,7,42,32,34,62,8,136,10,0,10,146
05/07/2021,SHV,LA,ASW,CE,Combined TRACON& Tower with Radar,31,22,22,10,85,0,0,47,1,48,31,22,69,11,133,0,0,0,133
05/08/2021,SHV,LA,ASW,CE,Combined TRACON& Tower with Radar,27,16,19,0,62,0,8,34,2,44,27,24,53,2,106,4,0,4,110
05/09/2021,SHV,LA,ASW,CE,Combined TRACON& Tower with Radar,20,11,11,0,42,0,0,59,1,60,20,11,70,1,102,0,0,0,102
05/10/2021,SHV,LA,ASW,CE,Combined TRACON& Tower with Radar,20,14,17,4,55,0,0,1,0,1,20,14,18,4,56,0,0,0,56
05/11/2021,SHV,LA,ASW,CE,Combined TRACON& Tower with Radar,27,11,6,0,44,0,0,1,0,1,27,11,7,0,45,0,0,0,45
05/12/2021,SHV,LA,ASW,CE,Combined TRACON& Tower with Radar,26,19,16,0,61,0,0,0,0,0,26,19,16,0,61,0,0,0,61
05/13/2021,SHV,LA,ASW,CE,Combined TRACON& Tower with Radar,28,18,26,13,85,0,2,26,3,31,28,20,52,16,116,4,4,8,124
05/14/2021,SHV,LA,ASW,CE,Combined TRACON& Tower with Radar,30,17,15,0,62,0,4,23,0,27,30,21,38,0,89,0,0,0,89
05/15/2021,SHV,LA,ASW,CE,Combined TRACON& Tower with Radar,19,14,11,6,50,0,0,10,27,37,19,14,21,33,87,0,0,0,87
05/16/2021,SHV,LA,ASW,CE,Combined TRACON& Tower with Radar,20,16,14,16,66,0,1,7,1,9,20,17,21,17,75,0,0,0,75
05/17/2021,SHV,LA,ASW,CE,Combined TRACON& Tower with Radar,25,13,7,13,58,0,0,0,0,0,25,13,7,13,58,0,0,0,58
05/18/2021,SHV,LA,ASW,CE,Combined TRACON& Tower with Radar,29,20,22,0,71,0,0,1,0,1,29,20,23,0,72,0,0,0,72
05/19/2021,SHV,LA,ASW,CE,Combined TRACON& Tower with Radar,26,19,13,4,62,0,0,1,2,3,26,19,14,6,65,0,0,0,65
05/20/2021,SHV,LA,ASW,CE,Combined TRACON& Tower with Radar,29,17,8,4,58,0,0,1,0,1,29,17,9,4,59,0,0,0,59
05/21/2021,SHV,LA,ASW,CE,Combined TRACON& Tower with Radar,28,17,14,2,61,0,0,1,0,1,28,17,15,2,62,0,0,0,62
05/22/2021,SHV,LA,ASW,CE,Combined TRACON& Tower with Radar,18,15,16,10,59,0,0,15,4,19,18,15,31,14,78,0,0,0,78
05/23/2021,SHV,LA,ASW,CE,Combined TRACON& Tower with Radar,19,19,8,4,50,0,0,28,1,29,19,19,36,5,79,0,0,0,79
05/24/2021,SHV,LA,ASW,CE,Combined TRACON& Tower with Radar,30,17,20,0,67,0,0,16,0,16,30,17,36,0,83,0,0,0,83
05/25/2021,SHV,LA,ASW,CE,Combined TRACON& Tower with Radar,31,16,24,0,71,0,1,7,0,8,31,17,31,0,79,0,0,0,79
05/26/2021,SHV,LA,ASW,CE,Combined TRACON& Tower with Radar,29,21,23,5,78,0,2,11,2,15,29,23,34,7,93,7,0,7,100
05/27/2021,SHV,LA,ASW,CE,Combined TRACON& Tower with Radar,28,18,22,2,70,0,1,10,0,11,28,19,32,2,81,0,0,0,81
05/28/2021,SHV,LA,ASW,CE,Combined TRACON& Tower with Radar,30,20,22,0,72,0,1,6,0,7,30,21,28,0,79,0,0,0,79
05/29/2021,SHV,LA,ASW,CE,Combined TRACON& Tower with Radar,21,14,8,0,43,0,2,17,0,19,21,16,25,0,62,0,0,0,62
05/30/2021,SHV,LA,ASW,CE,Combined TRACON& Tower with Radar,20,15,16,1,52,0,4,19,0,23,20,19,35,1,75,0,0,0,75
05/31/2021,SHV,LA,ASW,CE,Combined TRACON& Tower with Radar,24,12,13,0,49,0,1,35,2,38,24,13,48,2,87,0,0,0,87
06/01/2021,SHV,LA,ASW,CE,Combined TRACON& Tower with Radar,28,16,17,4,65,0,0,8,0,8,28,16,25,4,73,6,0,6,79
06/02/2021,SHV,LA,ASW,CE,Combined TRACON& Tower with Radar,30,20,26,6,82,0,2,11,1,14,30,22,37,7,96,0,0,0,96
06/03/2021,SHV,LA,ASW,CE,Combined TRACON& Tower with Radar,31,19,29,6,85,0,6,13,1,20,31,25,42,7,105,0,0,0,105
06/04/2021,SHV,LA,ASW,CE,Combined TRACON& Tower with Radar,39,23,8,0,70,0,0,2,0,2,39,23,10,0,72,0,0,0,72
06/05/2021,SHV,LA,ASW,CE,Combined TRACON& Tower with Radar,28,19,7,0,54,0,4,1,0,5,28,23,8,0,59,0,16,16,75
06/06/2021,SHV,LA,ASW,CE,Combined TRACON& Tower with Radar,23,25,12,0,60,0,2,0,0,2,23,27,12,0,62,0,0,0,62
06/07/2021,SHV,LA,ASW,CE,Combined TRACON& Tower with Radar,33,20,32,9,94,0,2,11,2,15,33,22,43,11,109,8,4,12,121
06/08/2021,SHV,LA,ASW,CE,Combined TRACON& Tower with Radar,37,21,13,0,71,0,2,10,0,12,37,23,23,0,83,20,0,20,103
06/09/2021,SHV,LA,ASW,CE,Combined TRACON& Tower with Radar,30,30,25,8,93,0,1,21,1,23,30,31,46,9,116,0,0,0,116
06/10/2021,SHV,LA,ASW,CE,Combined TRACON& Tower with Radar,30,23,31,0,84,0,0,23,0,23,30,23,54,0,107,0,0,0,107
06/11/2021,SHV,LA,ASW,CE,Combined TRACON& Tower with Radar,31,22,24,22,99,0,0,19,2,21,31,22,43,24,120,9,0,9,129
06/12/2021,SHV,LA,ASW,CE,Combined TRACON& Tower with Radar,22,15,8,27,72,0,2,18,0,20,22,17,26,27,92,24,0,24,116
06/13/2021,SHV,LA,ASW,CE,Combined TRACON& Tower with Radar,21,20,9,24,74,0,1,16,0,17,21,21,25,24,91,0,4,4,95
06/14/2021,SHV,LA,ASW,CE,Combined TRACON& Tower with Radar,28,22,11,0,61,0,4,15,0,19,28,26,26,0,80,0,0,0,80
06/15/2021,SHV,LA,ASW,CE,Combined TRACON& Tower with Radar,26,24,11,7,68,0,2,26,3,31,26,26,37,10,99,52,0,52,151
06/16/2021,SHV,LA,ASW,CE,Combined TRACON& Tower with Radar,30,25,29,4,88,0,3,25,0,28,30,28,54,4,116,38,0,38,154
06/17/2021,SHV,LA,ASW,CE,Combined TRACON& Tower with Radar,27,27,27,6,87,0,2,11,0,13,27,29,38,6,100,0,0,0,100
06/18/2021,SHV,LA,ASW,CE,Combined TRACON& Tower with Radar,36,21,17,7,81,0,2,8,0,10,36,23,25,7,91,0,4,4,95
06/19/2021,SHV,LA,ASW,CE,Combined TRACON& Tower with Radar,24,18,16,0,58,0,4,16,1,21,24,22,32,1,79,21,0,21,100
06/20/2021,SHV,LA,ASW,CE,Combined TRACON& Tower with Radar,26,13,10,0,49,0,4,7,2,13,26,17,17,2,62,0,0,0,62
06/21/2021,SHV,LA,ASW,CE,Combined TRACON& Tower with Radar,25,24,18,8,75,0,1,3,0,4,25,25,21,8,79,0,0,0,79
06/22/2021,SHV,LA,ASW,CE,Combined TRACON& Tower with Radar,35,28,13,2,78,0,1,23,1,25,35,29,36,3,103,0,0,0,103
06/23/2021,SHV,LA,ASW,CE,Combined TRACON& Tower with Radar,27,25,24,22,98,0,1,20,0,21,27,26,44,22,119,12,0,12,131
06/24/2021,SHV,LA,ASW,CE,Combined TRACON& Tower with Radar,27,27,18,4,76,0,3,35,0,38,27,30,53,4,114,0,0,0,114
06/25/2021,SHV,LA,ASW,CE,Combined TRACON& Tower with Radar,34,28,20,33,115,0,0,11,7,18,34,28,31,40,133,30,3,33,166
06/26/2021,SHV,LA,ASW,CE,Combined TRACON& Tower with Radar,20,17,20,25,82,0,5,4,7,16,20,22,24,32,98,5,12,17,115
06/27/2021,SHV,LA,ASW,CE,Combined TRACON& Tower with Radar,23,19,15,2,59,0,0,9,1,10,23,19,24,3,69,8,0,8,77
06/28/2021,SHV,LA,ASW,CE,Combined TRACON& Tower with Radar,31,25,20,0,76,0,0,12,0,12,31,25,32,0,88,27,0,27,115
06/29/2021,SHV,LA,ASW,CE,Combined TRACON& Tower with Radar,27,25,22,0,74,0,3,13,0,16,27,28,35,0,90,10,0,10,100
06/30/2021,SHV,LA,ASW,CE,Combined TRACON& Tower with Radar,28,25,22,6,81,0,4,9,0,13,28,29,31,6,94,13,0,13,107
07/01/2021,SHV,LA,ASW,CE,Combined TRACON& Tower with Radar,38,31,28,4,101,0,8,32,3,43,38,39,60,7,144,0,0,0,144
07/02/2021,SHV,LA,ASW,CE,Combined TRACON& Tower with Radar,37,19,13,0,69,0,0,4,0,4,37,19,17,0,73,0,0,0,73
07/03/2021,SHV,LA,ASW,CE,Combined TRACON& Tower with Radar,19,17,10,0,46,0,7,7,0,14,19,24,17,0,60,0,0,0,60
07/04/2021,SHV,LA,ASW,CE,Combined TRACON& Tower with Radar,23,15,7,0,45,0,2,11,0,13,23,17,18,0,58,8,0,8,66
07/05/2021,SHV,LA,ASW,CE,Combined TRACON& Tower with Radar,30,17,16,0,63,0,0,18,2,20,30,17,34,2,83,0,0,0,83
07/06/2021,SHV,LA,ASW,CE,Combined TRACON& Tower with Radar,25,24,24,8,81,0,1,25,2,28,25,25,49,10,109,0,0,0,109
07/07/2021,SHV,LA,ASW,CE,Combined TRACON& Tower with Radar,33,24,13,7,77,0,1,5,2,8,33,25,18,9,85,0,0,0,85
07/08/2021,SHV,LA,ASW,CE,Combined TRACON& Tower with Radar,35,25,16,2,78,0,0,21,1,22,35,25,37,3,100,4,0,4,104
07/09/2021,SHV,LA,ASW,CE,Combined TRACON& Tower with Radar,35,26,24,26,111,0,4,15,3,22,35,30,39,29,133,0,0,0,133
07/10/2021,SHV,LA,ASW,CE,Combined TRACON& Tower with Radar,25,14,16,1,56,0,1,14,3,18,25,15,30,4,74,42,0,42,116
07/11/2021,SHV,LA,ASW,CE,Combined TRACON& Tower with Radar,25,23,16,0,64,0,0,2,0,2,25,23,18,0,66,0,0,0,66
07/12/2021,SHV,LA,ASW,CE,Combined TRACON& Tower with Radar,33,18,17,17,85,0,0,13,2,15,33,18,30,19,100,0,0,0,100
07/13/2021,SHV,LA,ASW,CE,Combined TRACON& Tower with Radar,34,31,21,4,90,0,4,23,2,29,34,35,44,6,119,0,0,0,119
07/14/2021,SHV,LA,ASW,CE,Combined TRACON& Tower with Radar,33,23,27,11,94,0,2,34,7,43,33,25,61,18,137,0,0,0,137
07/15/2021,SHV,LA,ASW,CE,Combined TRACON& Tower with Radar,31,21,18,0,70,0,1,10,0,11,31,22,28,0,81,0,0,0,81
07/16/2021,SHV,LA,ASW,CE,Combined TRACON& Tower with Radar,37,21,15,0,73,0,3,11,0,14,37,24,26,0,87,0,0,0,87
07/17/2021,SHV,LA,ASW,CE,Combined TRACON& Tower with Radar,20,22,13,4,59,0,1,6,0,7,20,23,19,4,66,0,0,0,66
07/18/2021,SHV,LA,ASW,CE,Combined TRACON& Tower with Radar,25,19,10,0,54,0,2,10,0,12,25,21,20,0,66,6,0,6,72
07/19/2021,SHV,LA,ASW,CE,Combined TRACON& Tower with Radar,25,19,12,0,56,0,0,3,0,3,25,19,15,0,59,0,0,0,59
07/20/2021,SHV,LA,ASW,CE,Combined TRACON& Tower with Radar,40,21,26,3,90,0,2,11,0,13,40,23,37,3,103,0,0,0,103
07/21/2021,SHV,LA,ASW,CE,Combined TRACON& Tower with Radar,36,22,25,0,83,0,1,11,0,12,36,23,36,0,95,0,0,0,95
07/22/2021,SHV,LA,ASW,CE,Combined TRACON& Tower with Radar,36,25,22,6,89,0,1,15,0,16,36,26,37,6,105,0,0,0,105
07/23/2021,SHV,LA,ASW,CE,Combined TRACON& Tower with Radar,42,20,28,2,92,0,3,11,1,15,42,23,39,3,107,0,0,0,107
07/24/2021,SHV,LA,ASW,CE,Combined TRACON& Tower with Radar,25,20,12,0,57,0,2,10,0,12,25,22,22,0,69,4,0,4,73
07/25/2021,SHV,LA,ASW,CE,Combined TRACON& Tower with Radar,26,17,12,10,65,0,0,10,0,10,26,17,22,10,75,8,0,8,83
07/26/2021,SHV,LA,ASW,CE,Combined TRACON& Tower with Radar,29,21,13,28,91,0,2,20,4,26,29,23,33,32,117,0,0,0,117
07/27/2021,SHV,LA,ASW,CE,Combined TRACON& Tower with Radar,33,33,16,2,84,0,2,7,1,10,33,35,23,3,94,0,0,0,94
07/28/2021,SHV,LA,ASW,CE,Combined TRACON& Tower with Radar,34,23,10,4,71,0,2,10,1,13,34,25,20,5,84,0,0,0,84
07/29/2021,SHV,LA,ASW,CE,Combined TRACON& Tower with Radar,36,38,23,0,97,0,2,10,0,12,36,40,33,0,109,0,0,0,109
07/30/2021,SHV,LA,ASW,CE,Combined TRACON& Tower with Radar,40,30,18,24,112,0,9,10,7,26,40,39,28,31,138,0,0,0,138
07/31/2021,SHV,LA,ASW,CE,Combined TRACON& Tower with Radar,29,23,10,2,64,0,4,20,0,24,29,27,30,2,88,0,0,0,88
08/01/2021,SHV,LA,ASW,CE,Combined TRACON& Tower with Radar,40,13,10,14,77,0,1,17,0,18,40,14,27,14,95,10,0,10,105
08/02/2021,SHV,LA,ASW,CE,Combined TRACON& Tower with Radar,37,14,12,2,65,0,0,2,0,2,37,14,14,2,67,0,0,0,67
08/03/2021,SHV,LA,ASW,CE,Combined TRACON& Tower with Radar,44,25,12,6,87,0,2,13,0,15,44,27,25,6,102,0,0,0,102
08/04/2021,SHV,LA,ASW,CE,Combined TRACON& Tower with Radar,38,26,13,13,90,0,0,18,1,19,38,26,31,14,109,35,0,35,144
08/05/2021,SHV,LA,ASW,CE,Combined TRACON& Tower with Radar,43,23,15,9,90,0,1,17,2,20,43,24,32,11,110,26,0,26,136
08/06/2021,SHV,LA,ASW,CE,Combined TRACON& Tower with Radar,47,26,14,22,109,0,7,16,7,30,47,33,30,29,139,33,0,33,172
08/07/2021,SHV,LA,ASW,CE,Combined TRACON& Tower with Radar,24,23,23,13,83,0,2,5,2,9,24,25,28,15,92,0,0,0,92
08/08/2021,SHV,LA,ASW,CE,Combined TRACON& Tower with Radar,32,16,12,0,60,0,2,10,0,12,32,18,22,0,72,8,0,8,80
08/09/2021,SHV,LA,ASW,CE,Combined TRACON& Tower with Radar,39,18,10,20,87,0,5,15,3,23,39,23,25,23,110,0,0,0,110
08/10/2021,SHV,LA,ASW,CE,Combined TRACON& Tower with Radar,35,23,31,26,115,0,3,9,10,22,35,26,40,36,137,8,6,14,151
08/11/2021,SHV,LA,ASW,CE,Combined TRACON& Tower with Radar,37,32,12,16,97,0,2,13,2,17,37,34,25,18,114,0,0,0,114
08/12/2021,SHV,LA,ASW,CE,Combined TRACON& Tower with Radar,35,27,21,7,90,0,1,27,0,28,35,28,48,7,118,16,0,16,134
08/13/2021,SHV,LA,ASW,CE,Combined TRACON& Tower with Radar,43,22,12,20,97,0,2,21,0,23,43,24,33,20,120,0,0,0,120
08/14/2021,SHV,LA,ASW,CE,Combined TRACON& Tower with Radar,23,25,1,2,51,0,1,6,0,7,23,26,7,2,58,0,0,0,58
08/15/2021,SHV,LA,ASW,CE,Combined TRACON& Tower with Radar,35,11,12,0,58,0,3,7,0,10,35,14,19,0,68,24,0,24,92
08/16/2021,SHV,LA,ASW,CE,Combined TRACON& Tower with Radar,31,15,12,0,58,0,2,9,0,11,31,17,21,0,69,8,0,8,77
08/17/2021,SHV,LA,ASW,CE,Combined TRACON& Tower with Radar,34,16,16,7,73,0,0,2,0,2,34,16,18,7,75,0,0,0,75
08/18/2021,SHV,LA,ASW,CE,Combined TRACON& Tower with Radar,40,19,12,0,71,0,0,7,0,7,40,19,19,0,78,0,0,0,78
08/19/2021,SHV,LA,ASW,CE,Combined TRACON& Tower with Radar,43,20,11,0,74,0,0,0,0,0,43,20,11,0,74,10,0,10,84
08/20/2021,SHV,LA,ASW,CE,Combined TRACON& Tower with Radar,40,21,25,6,92,0,5,7,0,12,40,26,32,6,104,0,0,0,104
08/21/2021,SHV,LA,ASW,CE,Combined TRACON& Tower with Radar,24,16,11,20,71,0,0,1,0,1,24,16,12,20,72,0,0,0,72
08/22/2021,SHV,LA,ASW,CE,Combined TRACON& Tower with Radar,31,15,10,10,66,0,0,14,0,14,31,15,24,10,80,14,0,14,94
08/23/2021,SHV,LA,ASW,CE,Combined TRACON& Tower with Radar,31,17,18,0,66,0,0,10,0,10,31,17,28,0,76,0,0,0,76
08/24/2021,SHV,LA,ASW,CE,Combined TRACON& Tower with Radar,38,13,14,2,67,0,1,14,0,15,38,14,28,2,82,0,0,0,82
08/25/2021,SHV,LA,ASW,CE,Combined TRACON& Tower with Radar,32,23,24,0,79,0,0,13,0,13,32,23,37,0,92,0,0,0,92
08/26/2021,SHV,LA,ASW,CE,Combined TRACON& Tower with Radar,40,19,22,17,98,0,4,14,1,19,40,23,36,18,117,6,8,14,131
08/27/2021,SHV,LA,ASW,CE,Combined TRACON& Tower with Radar,41,29,9,10,89,0,6,6,0,12,41,35,15,10,101,0,0,0,101
08/28/2021,SHV,LA,ASW,CE,Combined TRACON& Tower with Radar,24,13,12,3,52,0,4,1,3,8,24,17,13,6,60,0,0,0,60
08/29/2021,SHV,LA,ASW,CE,Combined TRACON& Tower with Radar,30,14,14,4,62,0,4,5,1,10,30,18,19,5,72,0,0,0,72
08/30/2021,SHV,LA,ASW,CE,Combined TRACON& Tower with Radar,31,24,14,0,69,0,0,7,0,7,31,24,21,0,76,10,0,10,86
08/31/2021,SHV,LA,ASW,CE,Combined TRACON& Tower with Radar,33,18,21,2,74,0,0,16,0,16,33,18,37,2,90,0,0,0,90
09/01/2021,SHV,LA,ASW,CE,Combined TRACON& Tower with Radar,40,17,14,2,73,0,2,20,6,28,40,19,34,8,101,0,0,0,101
09/02/2021,SHV,LA,ASW,CE,Combined TRACON& Tower with Radar,42,23,16,4,85,0,1,16,0,17,42,24,32,4,102,0,0,0,102
09/03/2021,SHV,LA,ASW,CE,Combined TRACON& Tower with Radar,46,21,22,4,93,0,4,17,0,21,46,25,39,4,114,0,0,0,114
09/04/2021,SHV,LA,ASW,CE,Combined TRACON& Tower with Radar,24,16,11,0,51,0,2,12,0,14,24,18,23,0,65,0,0,0,65
09/05/2021,SHV,LA,ASW,CE,Combined TRACON& Tower with Radar,26,8,7,0,41,0,1,3,1,5,26,9,10,1,46,0,0,0,46
09/06/2021,SHV,LA,ASW,CE,Combined TRACON& Tower with Radar,24,18,9,0,51,0,2,13,0,15,24,20,22,0,66,0,0,0,66
09/07/2021,SHV,LA,ASW,CE,Combined TRACON& Tower with Radar,31,28,23,1,83,0,1,28,7,36,31,29,51,8,119,0,0,0,119
09/08/2021,SHV,LA,ASW,CE,Combined TRACON& Tower with Radar,35,15,25,0,75,0,2,24,10,36,35,17,49,10,111,22,0,22,133
09/09/2021,SHV,LA,ASW,CE,Combined TRACON& Tower with Radar,32,23,21,0,76,0,0,14,3,17,32,23,35,3,93,0,0,0,93
09/10/2021,SHV,LA,ASW,CE,Combined TRACON& Tower with Radar,31,14,19,6,70,0,2,28,4,34,31,16,47,10,104,0,0,0,104
09/11/2021,SHV,LA,ASW,CE,Combined TRACON& Tower with Radar,21,25,24,36,106,0,5,17,2,24,21,30,41,38,130,0,0,0,130
09/12/2021,SHV,LA,ASW,CE,Combined TRACON& Tower with Radar,27,23,11,15,76,0,1,19,1,21,27,24,30,16,97,14,0,14,111
09/13/2021,SHV,LA,ASW,CE,Combined TRACON& Tower with Radar,31,15,21,0,67,0,0,0,0,0,31,15,21,0,67,0,0,0,67
09/14/2021,SHV,LA,ASW,CE,Combined TRACON& Tower with Radar,26,18,4,0,48,0,0,7,0,7,26,18,11,0,55,0,0,0,55
09/15/2021,SHV,LA,ASW,CE,Combined TRACON& Tower with Radar,29,29,7,2,67,0,2,9,0,11,29,31,16,2,78,0,0,0,78
09/16/2021,SHV,LA,ASW,CE,Combined TRACON& Tower with Radar,38,22,19,1,80,0,0,10,5,15,38,22,29,6,95,0,0,0,95
09/17/2021,SHV,LA,ASW,CE,Combined TRACON& Tower with Radar,34,26,27,5,92,0,0,1,0,1,34,26,28,5,93,0,0,0,93
09/18/2021,SHV,LA,ASW,CE,Combined TRACON& Tower with Radar,23,18,10,0,51,0,0,0,0,0,23,18,10,0,51,0,0,0,51
09/19/2021,SHV,LA,ASW,CE,Combined TRACON& Tower with Radar,32,14,10,3,59,0,1,1,0,2,32,15,11,3,61,0,0,0,61
09/20/2021,SHV,LA,ASW,CE,Combined TRACON& Tower with Radar,31,21,15,11,78,0,0,11,0,11,31,21,26,11,89,0,0,0,89
09/21/2021,SHV,LA,ASW,CE,Combined TRACON& Tower with Radar,28,16,19,25,88,0,1,4,0,5,28,17,23,25,93,0,0,0,93
09/22/2021,SHV,LA,ASW,CE,Combined TRACON& Tower with Radar,32,20,14,6,72,0,3,18,3,24,32,23,32,9,96,0,0,0,96
09/23/2021,SHV,LA,ASW,CE,Combined TRACON& Tower with Radar,39,18,17,0,74,0,2,18,0,20,39,20,35,0,94,0,0,0,94
09/24/2021,SHV,LA,ASW,CE,Combined TRACON& Tower with Radar,35,20,14,2,71,0,2,14,1,17,35,22,28,3,88,0,0,0,88
09/25/2021,SHV,LA,ASW,CE,Combined TRACON& Tower with Radar,25,21,15,0,61,0,2,15,0,17,25,23,30,0,78,0,0,0,78
09/26/2021,SHV,LA,ASW,CE,Combined TRACON& Tower with Radar,32,13,6,6,57,0,2,10,0,12,32,15,16,6,69,0,0,0,69
09/27/2021,SHV,LA,ASW,CE,Combined TRACON& Tower with Radar,25,17,26,18,86,0,1,25,1,27,25,18,51,19,113,4,0,4,117
09/28/2021,SHV,LA,ASW,CE,Combined TRACON& Tower with Radar,28,16,22,0,66,0,1,5,0,6,28,17,27,0,72,0,0,0,72
09/29/2021,SHV,LA,ASW,CE,Combined TRACON& Tower with Radar,31,24,13,0,68,0,0,1,0,1,31,24,14,0,69,0,0,0,69
09/30/2021,SHV,LA,ASW,CE,Combined TRACON& Tower with Radar,33,20,17,0,70,0,0,3,0,3,33,20,20,0,73,0,0,0,73
10/01/2021,SHV,LA,ASW,CE,Combined TRACON& Tower with Radar,31,21,27,2,81,0,0,0,0,0,31,21,27,2,81,0,0,0,81
10/02/2021,SHV,LA,ASW,CE,Combined TRACON& Tower with Radar,22,21,12,8,63,0,0,1,0,1,22,21,13,8,64,0,0,0,64
10/03/2021,SHV,LA,ASW,CE,Combined TRACON& Tower with Radar,31,15,23,4,73,0,1,15,0,16,31,16,38,4,89,0,0,0,89
10/04/2021,SHV,LA,ASW,CE,Combined TRACON& Tower with Radar,29,19,14,15,77,0,1,18,1,20,29,20,32,16,97,0,8,8,105
10/05/2021,SHV,LA,ASW,CE,Combined TRACON& Tower with Radar,25,14,15,0,54,0,1,25,0,26,25,15,40,0,80,6,20,26,106
10/06/2021,SHV,LA,ASW,CE,Combined TRACON& Tower with Radar,31,17,20,31,99,0,0,12,4,16,31,17,32,35,115,0,0,0,115
10/07/2021,SHV,LA,ASW,CE,Combined TRACON& Tower with Radar,35,26,27,2,90,0,1,19,6,26,35,27,46,8,116,0,10,10,126
10/08/2021,SHV,LA,ASW,CE,Combined TRACON& Tower with Radar,37,15,16,26,94,0,0,27,4,31,37,15,43,30,125,0,10,10,135
10/09/2021,SHV,LA,ASW,CE,Combined TRACON& Tower with Radar,29,10,14,2,55,0,2,10,0,12,29,12,24,2,67,6,0,6,73
10/10/2021,SHV,LA,ASW,CE,Combined TRACON& Tower with Radar,24,20,9,1,54,0,2,4,0,6,24,22,13,1,60,20,0,20,80
10/11/2021,SHV,LA,ASW,CE,Combined TRACON& Tower with Radar,30,22,10,10,72,0,2,12,2,16,30,24,22,12,88,0,0,0,88
10/12/2021,SHV,LA,ASW,CE,Combined TRACON& Tower with Radar,28,24,14,4,70,0,2,3,0,5,28,26,17,4,75,12,0,12,87
10/13/2021,SHV,LA,ASW,CE,Combined TRACON& Tower with Radar,34,23,13,0,70,0,0,13,2,15,34,23,26,2,85,0,0,0,85
10/14/2021,SHV,LA,ASW,CE,Combined TRACON& Tower with Radar,31,31,20,3,85,0,2,2,1,5,31,33,22,4,90,0,0,0,90
10/15/2021,SHV,LA,ASW,CE,Combined TRACON& Tower with Radar,34,27,30,45,136,0,0,14,2,16,34,27,44,47,152,0,0,0,152
10/16/2021,SHV,LA,ASW,CE,Combined TRACON& Tower with Radar,23,21,22,6,72,0,4,16,4,24,23,25,38,10,96,6,0,6,102
10/17/2021,SHV,LA,ASW,CE,Combined TRACON& Tower with Radar,26,17,11,13,67,0,3,20,7,30,26,20,31,20,97,0,24,24,121
10/18/2021,SHV,LA,ASW,CE,Combined TRACON& Tower with Radar,25,21,18,8,72,0,5,18,0,23,25,26,36,8,95,0,0,0,95
10/19/2021,SHV,LA,ASW,CE,Combined TRACON& Tower with Radar,30,23,15,6,74,0,2,27,0,29,30,25,42,6,103,0,0,0,103
10/20/2021,SHV,LA,ASW,CE,Combined TRACON& Tower with Radar,27,32,33,1,93,0,3,16,3,22,27,35,49,4,115,0,0,0,115
10/21/2021,SHV,LA,ASW,CE,Combined TRACON& Tower with Radar,36,23,20,2,81,0,0,16,7,23,36,23,36,9,104,12,14,26,130
10/22/2021,SHV,LA,ASW,CE,Combined TRACON& Tower with Radar,35,18,20,17,90,0,2,17,17,36,35,20,37,34,126,0,18,18,144
10/23/2021,SHV,LA,ASW,CE,Combined TRACON& Tower with Radar,22,15,8,0,45,0,1,11,0,12,22,16,19,0,57,0,0,0,57
10/24/2021,SHV,LA,ASW,CE,Combined TRACON& Tower with Radar,25,22,14,34,95,0,0,7,0,7,25,22,21,34,102,0,0,0,102
10/25/2021,SHV,LA,ASW,CE,Combined TRACON& Tower with Radar,23,22,30,5,80,0,0,10,0,10,23,22,40,5,90,8,0,8,98
10/26/2021,SHV,LA,ASW,CE,Combined TRACON& Tower with Radar,25,24,25,12,86,0,3,10,4,17,25,27,35,16,103,0,0,0,103
10/27/2021,SHV,LA,ASW,CE,Combined TRACON& Tower with Radar,28,24,8,0,60,0,0,0,0,0,28,24,8,0,60,2,0,2,62
10/28/2021,SHV,LA,ASW,CE,Combined TRACON& Tower with Radar,28,30,9,13,80,0,1,6,0,7,28,31,15,13,87,0,0,0,87
10/29/2021,SHV,LA,ASW,CE,Combined TRACON& Tower with Radar,30,27,17,26,100,0,0,12,1,13,30,27,29,27,113,6,0,6,119
10/30/2021,SHV,LA,ASW,CE,Combined TRACON& Tower with Radar,26,23,21,1,71,0,4,17,0,21,26,27,38,1,92,0,0,0,92
10/31/2021,SHV,LA,ASW,CE,Combined TRACON& Tower with Radar,19,15,15,4,53,0,0,141,0,141,19,15,156,4,194,0,0,0,194
11/01/2021,SHV,LA,ASW,CE,Combined TRACON& Tower with Radar,21,29,12,4,66,0,6,17,4,27,21,35,29,8,93,0,6,6,99
11/02/2021,SHV,LA,ASW,CE,Combined TRACON& Tower with Radar,26,25,15,0,66,0,0,20,4,24,26,25,35,4,90,7,0,7,97
11/03/2021,SHV,LA,ASW,CE,Combined TRACON& Tower with Radar,23,25,13,0,61,0,0,0,0,0,23,25,13,0,61,0,0,0,61
11/04/2021,SHV,LA,ASW,CE,Combined TRACON& Tower with Radar,28,37,22,2,89,0,1,15,0,16,28,38,37,2,105,0,0,0,105
11/05/2021,SHV,LA,ASW,CE,Combined TRACON& Tower with Radar,21,38,25,11,95,0,6,28,7,41,21,44,53,18,136,6,8,14,150
11/06/2021,SHV,LA,ASW,CE,Combined TRACON& Tower with Radar,12,29,15,4,60,0,0,19,0,19,12,29,34,4,79,0,0,0,79
11/07/2021,SHV,LA,ASW,CE,Combined TRACON& Tower with Radar,19,44,12,28,103,0,2,27,2,31,19,46,39,30,134,4,0,4,138
11/08/2021,SHV,LA,ASW,CE,Combined TRACON& Tower with Radar,13,33,10,8,64,0,2,15,12,29,13,35,25,20,93,0,0,0,93
11/09/2021,SHV,LA,ASW,CE,Combined TRACON& Tower with Radar,24,31,18,3,76,0,0,7,1,8,24,31,25,4,84,0,0,0,84
11/10/2021,SHV,LA,ASW,CE,Combined TRACON& Tower with Radar,23,50,13,0,86,0,0,9,0,9,23,50,22,0,95,0,0,0,95
11/11/2021,SHV,LA,ASW,CE,Combined TRACON& Tower with Radar,23,37,28,0,88,0,1,36,0,37,23,38,64,0,125,0,0,0,125
11/12/2021,SHV,LA,ASW,CE,Combined TRACON& Tower with Radar,26,37,23,2,88,0,1,8,0,9,26,38,31,2,97,0,0,0,97
11/13/2021,SHV,LA,ASW,CE,Combined TRACON& Tower with Radar,12,27,15,0,54,0,0,24,0,24,12,27,39,0,78,0,0,0,78
11/14/2021,SHV,LA,ASW,CE,Combined TRACON& Tower with Radar,15,35,14,12,76,0,2,15,0,17,15,37,29,12,93,4,0,4,97
11/15/2021,SHV,LA,ASW,CE,Combined TRACON& Tower with Radar,16,38,12,21,87,0,1,16,9,26,16,39,28,30,113,0,0,0,113
11/16/2021,SHV,LA,ASW,CE,Combined TRACON& Tower with Radar,22,33,17,6,78,0,0,12,0,12,22,33,29,6,90,0,0,0,90
11/17/2021,SHV,LA,ASW,CE,Combined TRACON& Tower with Radar,29,32,16,0,77,0,2,5,0,7,29,34,21,0,84,0,0,0,84
11/18/2021,SHV,LA,ASW,CE,Combined TRACON& Tower with Radar,27,50,21,0,98,0,0,16,0,16,27,50,37,0,114,0,0,0,114
11/19/2021,SHV,LA,ASW,CE,Combined TRACON& Tower with Radar,20,36,18,0,74,0,6,8,0,14,20,42,26,0,88,0,0,0,88
11/20/2021,SHV,LA,ASW,CE,Combined TRACON& Tower with Radar,12,35,16,2,65,0,2,25,2,29,12,37,41,4,94,0,0,0,94
11/21/2021,SHV,LA,ASW,CE,Combined TRACON& Tower with Radar,12,35,14,0,61,0,0,1,0,1,12,35,15,0,62,0,0,0,62
11/22/2021,SHV,LA,ASW,CE,Combined TRACON& Tower with Radar,17,38,12,12,79,0,0,20,6,26,17,38,32,18,105,0,0,0,105
11/23/2021,SHV,LA,ASW,CE,Combined TRACON& Tower with Radar,26,46,24,3,99,0,3,18,1,22,26,49,42,4,121,0,0,0,121
11/24/2021,SHV,LA,ASW,CE,Combined TRACON& Tower with Radar,24,47,20,0,91,0,2,22,0,24,24,49,42,0,115,13,0,13,128
11/25/2021,SHV,LA,ASW,CE,Combined TRACON& Tower with Radar,8,19,2,0,29,0,0,2,0,2,8,19,4,0,31,0,0,0,31
11/26/2021,SHV,LA,ASW,CE,Combined TRACON& Tower with Radar,18,27,16,0,61,0,1,11,0,12,18,28,27,0,73,0,0,0,73
11/27/2021,SHV,LA,ASW,CE,Combined TRACON& Tower with Radar,23,34,23,0,80,0,4,4,0,8,23,38,27,0,88,0,0,0,88
11/28/2021,SHV,LA,ASW,CE,Combined TRACON& Tower with Radar,17,22,37,0,76,0,0,15,0,15,17,22,52,0,91,0,0,0,91
11/29/2021,SHV,LA,ASW,CE,Combined TRACON& Tower with Radar,17,36,15,5,73,0,0,16,1,17,17,36,31,6,90,0,0,0,90
11/30/2021,SHV,LA,ASW,CE,Combined TRACON& Tower with Radar,21,43,16,14,94,0,0,22,2,24,21,43,38,16,118,0,0,0,118
12/01/2021,SHV,LA,ASW,CE,Combined TRACON& Tower with Radar,25,33,23,0,81,0,0,16,0,16,25,33,39,0,97,15,0,15,112
12/02/2021,SHV,LA,ASW,CE,Combined TRACON& Tower with Radar,21,51,13,1,86,0,2,17,1,20,21,53,30,2,106,5,0,5,111
12/03/2021,SHV,LA,ASW,CE,Combined TRACON& Tower with Radar,22,35,23,26,106,0,1,11,0,12,22,36,34,26,118,0,6,6,124
12/04/2021,SHV,LA,ASW,CE,Combined TRACON& Tower with Radar,13,38,8,0,59,0,1,14,0,15,13,39,22,0,74,8,0,8,82
12/05/2021,SHV,LA,ASW,CE,Combined TRACON& Tower with Radar,12,36,21,28,97,0,0,13,0,13,12,36,34,28,110,8,0,8,118
12/06/2021,SHV,LA,ASW,CE,Combined TRACON& Tower with Radar,10,38,17,2,67,0,0,1,0,1,10,38,18,2,68,0,0,0,68
12/07/2021,SHV,LA,ASW,CE,Combined TRACON& Tower with Radar,22,40,16,3,81,0,0,2,0,2,22,40,18,3,83,0,0,0,83
12/08/2021,SHV,LA,ASW,CE,Combined TRACON& Tower with Radar,25,50,28,1,104,0,0,16,7,23,25,50,44,8,127,6,0,6,133
12/09/2021,SHV,LA,ASW,CE,Combined TRACON& Tower with Radar,19,41,24,0,84,0,0,4,0,4,19,41,28,0,88,0,0,0,88
12/10/2021,SHV,LA,ASW,CE,Combined TRACON& Tower with Radar,23,35,24,10,92,0,0,0,0,0,23,35,24,10,92,0,0,0,92
12/11/2021,SHV,LA,ASW,CE,Combined TRACON& Tower with Radar,14,41,12,0,67,0,4,7,0,11,14,45,19,0,78,10,0,10,88
12/12/2021,SHV,LA,ASW,CE,Combined TRACON& Tower with Radar,16,33,20,0,69,0,0,24,2,26,16,33,44,2,95,22,0,22,117
12/13/2021,SHV,LA,ASW,CE,Combined TRACON& Tower with Radar,10,35,25,8,78,0,0,12,0,12,10,35,37,8,90,18,0,18,108
12/14/2021,SHV,LA,ASW,CE,Combined TRACON& Tower with Radar,27,35,37,2,101,0,0,5,0,5,27,35,42,2,106,0,0,0,106
12/15/2021,SHV,LA,ASW,CE,Combined TRACON& Tower with Radar,25,48,25,2,100,0,2,9,0,11,25,50,34,2,111,0,0,0,111
12/16/2021,SHV,LA,ASW,CE,Combined TRACON& Tower with Radar,24,39,22,2,87,0,1,2,0,3,24,40,24,2,90,0,0,0,90
12/17/2021,SHV,LA,ASW,CE,Combined TRACON& Tower with Radar,22,26,14,31,93,0,2,8,0,10,22,28,22,31,103,0,0,0,103
12/18/2021,SHV,LA,ASW,CE,Combined TRACON& Tower with Radar,32,24,2,0,58,0,0,0,0,0,32,24,2,0,58,0,0,0,58
12/19/2021,SHV,LA,ASW,CE,Combined TRACON& Tower with Radar,20,18,18,26,82,0,0,14,0,14,20,18,32,26,96,0,0,0,96
12/20/2021,SHV,LA,ASW,CE,Combined TRACON& Tower with Radar,28,28,16,0,72,0,0,0,0,0,28,28,16,0,72,0,0,0,72
12/21/2021,SHV,LA,ASW,CE,Combined TRACON& Tower with Radar,29,23,17,0,69,0,0,9,0,9,29,23,26,0,78,0,0,0,78
12/22/2021,SHV,LA,ASW,CE,Combined TRACON& Tower with Radar,27,37,11,0,75,0,2,19,0,21,27,39,30,0,96,0,0,0,96
12/23/2021,SHV,LA,ASW,CE,Combined TRACON& Tower with Radar,28,25,8,0,61,0,2,12,0,14,28,27,20,0,75,0,0,0,75
12/24/2021,SHV,LA,ASW,CE,Combined TRACON& Tower with Radar,21,15,10,0,46,0,2,5,0,7,21,17,15,0,53,0,0,0,53
12/25/2021,SHV,LA,ASW,CE,Combined TRACON& Tower with Radar,17,9,4,0,30,0,2,1,1,4,17,11,5,1,34,0,0,0,34
12/26/2021,SHV,LA,ASW,CE,Combined TRACON& Tower with Radar,21,16,18,0,55,0,0,8,0,8,21,16,26,0,63,0,0,0,63
12/27/2021,SHV,LA,ASW,CE,Combined TRACON& Tower with Radar,20,16,15,0,51,0,0,10,0,10,20,16,25,0,61,0,0,0,61
12/28/2021,SHV,LA,ASW,CE,Combined TRACON& Tower with Radar,26,16,24,1,67,0,3,4,1,8,26,19,28,2,75,0,0,0,75
12/29/2021,SHV,LA,ASW,CE,Combined TRACON& Tower with Radar,23,20,13,0,56,0,0,3,0,3,23,20,16,0,59,0,0,0,59
12/30/2021,SHV,LA,ASW,CE,Combined TRACON& Tower with Radar,28,22,19,0,69,0,0,14,0,14,28,22,33,0,83,0,0,0,83
12/31/2021,SHV,LA,ASW,CE,Combined TRACON& Tower with Radar,19,16,14,0,49,0,0,3,0,3,19,16,17,0,52,0,0,0,52
01/01/2022,SHV,LA,ASW,CE,Combined TRACON& Tower with Radar,15,9,6,0,30,0,0,4,0,4,15,9,10,0,34,0,0,0,34
01/02/2022,SHV,LA,ASW,CE,Combined TRACON& Tower with Radar,23,11,11,0,45,0,0,3,0,3,23,11,14,0,48,0,0,0,48
01/03/2022,SHV,LA,ASW,CE,Combined TRACON& Tower with Radar,22,21,21,0,64,0,4,13,0,17,22,25,34,0,81,0,0,0,81
01/04/2022,SHV,LA,ASW,CE,Combined TRACON& Tower with Radar,18,22,22,0,62,0,1,15,0,16,18,23,37,0,78,0,0,0,78
01/05/2022,SHV,LA,ASW,CE,Combined TRACON& Tower with Radar,13,30,9,10,62,0,0,8,0,8,13,30,17,10,70,0,0,0,70
01/06/2022,SHV,LA,ASW,CE,Combined TRACON& Tower with Radar,18,30,12,4,64,0,0,1,0,1,18,30,13,4,65,0,0,0,65
01/07/2022,SHV,LA,ASW,CE,Combined TRACON& Tower with Radar,20,27,15,4,66,0,2,3,0,5,20,29,18,4,71,0,0,0,71
01/08/2022,SHV,LA,ASW,CE,Combined TRACON& Tower with Radar,10,20,5,0,35,0,0,0,0,0,10,20,5,0,35,0,0,0,35
01/09/2022,SHV,LA,ASW,CE,Combined TRACON& Tower with Radar,9,24,9,2,44,0,1,8,0,9,9,25,17,2,53,0,0,0,53
01/10/2022,SHV,LA,ASW,CE,Combined TRACON& Tower with Radar,14,28,11,5,58,0,0,16,1,17,14,28,27,6,75,6,0,6,81
01/11/2022,SHV,LA,ASW,CE,Combined TRACON& Tower with Radar,14,30,25,8,77,0,4,6,0,10,14,34,31,8,87,0,0,0,87
01/12/2022,SHV,LA,ASW,CE,Combined TRACON& Tower with Radar,13,28,11,9,61,0,2,16,3,21,13,30,27,12,82,6,12,18,100
01/13/2022,SHV,LA,ASW,CE,Combined TRACON& Tower with Radar,24,36,14,0,74,0,2,22,1,25,24,38,36,1,99,0,0,0,99
01/14/2022,SHV,LA,ASW,CE,Combined TRACON& Tower with Radar,18,33,8,0,59,0,0,11,0,11,18,33,19,0,70,0,0,0,70
01/15/2022,SHV,LA,ASW,CE,Combined TRACON& Tower with Radar,17,24,6,0,47,0,0,0,0,0,17,24,6,0,47,0,0,0,47
01/16/2022,SHV,LA,ASW,CE,Combined TRACON& Tower with Radar,6,22,9,0,37,0,0,16,0,16,6,22,25,0,53,0,0,0,53
01/17/2022,SHV,LA,ASW,CE,Combined TRACON& Tower with Radar,14,29,18,0,61,0,2,23,0,25,14,31,41,0,86,0,0,0,86
01/18/2022,SHV,LA,ASW,CE,Combined TRACON& Tower with Radar,19,26,13,4,62,0,2,18,0,20,19,28,31,4,82,4,0,4,86
01/19/2022,SHV,LA,ASW,CE,Combined TRACON& Tower with Radar,16,30,11,4,61,0,2,1,0,3,16,32,12,4,64,0,0,0,64
01/20/2022,SHV,LA,ASW,CE,Combined TRACON& Tower with Radar,27,33,13,2,75,0,0,13,0,13,27,33,26,2,88,6,0,6,94
01/21/2022,SHV,LA,ASW,CE,Combined TRACON& Tower with Radar,32,29,11,22,94,0,0,14,2,16,32,29,25,24,110,0,0,0,110
01/22/2022,SHV,LA,ASW,CE,Combined TRACON& Tower with Radar,17,21,6,3,47,0,1,22,0,23,17,22,28,3,70,2,0,2,72
01/23/2022,SHV,LA,ASW,CE,Combined TRACON& Tower with Radar,13,26,9,6,54,0,2,19,3,24,13,28,28,9,78,2,0,2,80
01/24/2022,SHV,LA,ASW,CE,Combined TRACON& Tower with Radar,24,25,14,8,71,0,0,4,0,4,24,25,18,8,75,0,0,0,75
01/25/2022,SHV,LA,ASW,CE,Combined TRACON& Tower with Radar,22,32,16,0,70,0,0,17,0,17,22,32,33,0,87,0,0,0,87
01/26/2022,SHV,LA,ASW,CE,Combined TRACON& Tower with Radar,24,28,19,0,71,0,3,21,0,24,24,31,40,0,95,0,0,0,95
01/27/2022,SHV,LA,ASW,CE,Combined TRACON& Tower with Radar,32,30,20,2,84,0,0,16,0,16,32,30,36,2,100,0,0,0,100
01/28/2022,SHV,LA,ASW,CE,Combined TRACON& Tower with Radar,28,32,16,16,92,0,2,14,1,17,28,34,30,17,109,0,0,0,109
01/29/2022,SHV,LA,ASW,CE,Combined TRACON& Tower with Radar,15,22,10,11,58,0,0,26,4,30,15,22,36,15,88,0,0,0,88
01/30/2022,SHV,LA,ASW,CE,Combined TRACON& Tower with Radar,15,29,13,1,58,0,0,17,0,17,15,29,30,1,75,0,0,0,75
01/31/2022,SHV,LA,ASW,CE,Combined TRACON& Tower with Radar,21,29,13,2,65,0,1,11,2,14,21,30,24,4,79,0,0,0,79
02/01/2022,SHV,LA,ASW,CE,Combined TRACON& Tower with Radar,21,30,13,0,64,0,1,4,0,5,21,31,17,0,69,0,0,0,69
02/02/2022,SHV,LA,ASW,CE,Combined TRACON& Tower with Radar,17,28,20,0,65,0,0,0,0,0,17,28,20,0,65,0,0,0,65
02/03/2022,SHV,LA,ASW,CE,Combined TRACON& Tower with Radar,8,16,0,1,25,0,0,0,0,0,8,16,0,1,25,0,0,0,25
02/04/2022,SHV,LA,ASW,CE,Combined TRACON& Tower with Radar,19,28,14,1,62,0,0,0,0,0,19,28,14,1,62,0,0,0,62
02/05/2022,SHV,LA,ASW,CE,Combined TRACON& Tower with Radar,15,31,8,0,54,0,0,16,0,16,15,31,24,0,70,6,0,6,76
02/06/2022,SHV,LA,ASW,CE,Combined TRACON& Tower with Radar,11,33,13,0,57,0,0,9,0,9,11,33,22,0,66,0,0,0,66
02/07/2022,SHV,LA,ASW,CE,Combined TRACON& Tower with Radar,19,39,12,12,82,0,1,18,2,21,19,40,30,14,103,0,10,10,113
02/08/2022,SHV,LA,ASW,CE,Combined TRACON& Tower with Radar,20,29,14,10,73,0,4,24,1,29,20,33,38,11,102,10,0,10,112
02/09/2022,SHV,LA,ASW,CE,Combined TRACON& Tower with Radar,15,36,17,6,74,0,3,24,1,28,15,39,41,7,102,0,6,6,108
02/10/2022,SHV,LA,ASW,CE,Combined TRACON& Tower with Radar,13,44,29,6,92,0,0,28,2,30,13,44,57,8,122,35,0,35,157
02/11/2022,SHV,LA,ASW,CE,Combined TRACON& Tower with Radar,17,36,14,0,67,0,0,18,0,18,17,36,32,0,85,0,0,0,85
02/12/2022,SHV,LA,ASW,CE,Combined TRACON& Tower with Radar,15,39,14,0,68,0,1,1,0,2,15,40,15,0,70,4,0,4,74
02/13/2022,SHV,LA,ASW,CE,Combined TRACON& Tower with Radar,10,28,12,0,50,0,0,25,0,25,10,28,37,0,75,0,0,0,75
02/14/2022,SHV,LA,ASW,CE,Combined TRACON& Tower with Radar,15,28,15,4,62,0,0,11,0,11,15,28,26,4,73,0,0,0,73
02/15/2022,SHV,LA,ASW,CE,Combined TRACON& Tower with Radar,17,30,19,22,88,0,0,14,4,18,17,30,33,26,106,0,4,4,110
02/16/2022,SHV,LA,ASW,CE,Combined TRACON& Tower with Radar,15,33,15,8,71,0,0,3,0,3,15,33,18,8,74,0,0,0,74
02/17/2022,SHV,LA,ASW,CE,Combined TRACON& Tower with Radar,15,31,8,4,58,0,1,2,0,3,15,32,10,4,61,6,0,6,67
02/18/2022,SHV,LA,ASW,CE,Combined TRACON& Tower with Radar,18,38,15,42,113,0,4,26,0,30,18,42,41,42,143,6,0,6,149
02/19/2022,SHV,LA,ASW,CE,Combined TRACON& Tower with Radar,15,33,6,0,54,0,1,26,0,27,15,34,32,0,81,6,0,6,87
02/20/2022,SHV,LA,ASW,CE,Combined TRACON& Tower with Radar,12,31,24,0,67,0,0,33,0,33,12,31,57,0,100,16,0,16,116
02/21/2022,SHV,LA,ASW,CE,Combined TRACON& Tower with Radar,17,34,27,0,78,0,1,1,0,2,17,35,28,0,80,24,0,24,104
02/22/2022,SHV,LA,ASW,CE,Combined TRACON& Tower with Radar,16,30,31,0,77,0,3,12,0,15,16,33,43,0,92,0,0,0,92
02/23/2022,SHV,LA,ASW,CE,Combined TRACON& Tower with Radar,11,35,13,2,61,0,0,0,0,0,11,35,13,2,61,0,0,0,61
02/24/2022,SHV,LA,ASW,CE,Combined TRACON& Tower with Radar,14,32,14,0,60,0,0,0,0,0,14,32,14,0,60,0,0,0,60
02/25/2022,SHV,LA,ASW,CE,Combined TRACON& Tower with Radar,21,36,24,4,85,0,8,6,0,14,21,44,30,4,99,2,4,6,105
02/26/2022,SHV,LA,ASW,CE,Combined TRACON& Tower with Radar,10,36,12,0,58,0,0,0,0,0,10,36,12,0,58,0,0,0,58
02/27/2022,SHV,LA,ASW,CE,Combined TRACON& Tower with Radar,11,30,8,7,56,0,0,15,1,16,11,30,23,8,72,0,4,4,76
02/28/2022,SHV,LA,ASW,CE,Combined TRACON& Tower with Radar,16,39,7,8,70,0,0,13,6,19,16,39,20,14,89,0,20,20,109
03/01/2022,SHV,LA,ASW,CE,Combined TRACON& Tower with Radar,15,30,19,2,66,0,0,15,0,15,15,30,34,2,81,0,0,0,81
03/02/2022,SHV,LA,ASW,CE,Combined TRACON& Tower with Radar,18,38,21,9,86,0,2,22,2,26,18,40,43,11,112,0,14,14,126
03/03/2022,SHV,LA,ASW,CE,Combined TRACON& Tower with Radar,21,34,14,14,83,0,0,30,5,35,21,34,44,19,118,0,20,20,138
03/04/2022,SHV,LA,ASW,CE,Combined TRACON& Tower with Radar,18,36,19,3,76,0,0,11,2,13,18,36,30,5,89,8,0,8,97
03/05/2022,SHV,LA,ASW,CE,Combined TRACON& Tower with Radar,11,37,12,8,68,0,0,4,0,4,11,37,16,8,72,0,0,0,72
03/06/2022,SHV,LA,ASW,CE,Combined TRACON& Tower with Radar,12,31,5,0,48,0,0,6,1,7,12,31,11,1,55,0,0,0,55
03/07/2022,SHV,LA,ASW,CE,Combined TRACON& Tower with Radar,15,37,10,7,69,0,2,4,1,7,15,39,14,8,76,0,8,8,84
03/08/2022,SHV,LA,ASW,CE,Combined TRACON& Tower with Radar,14,25,17,0,56,0,2,1,0,3,14,27,18,0,59,0,0,0,59
03/09/2022,SHV,LA,ASW,CE,Combined TRACON& Tower with Radar,23,36,28,0,87,0,0,11,0,11,23,36,39,0,98,9,0,9,107
03/10/2022,SHV,LA,ASW,CE,Combined TRACON& Tower with Radar,19,26,19,11,75,0,0,19,0,19,19,26,38,11,94,0,0,0,94
03/11/2022,SHV,LA,ASW,CE,Combined TRACON& Tower with Radar,21,34,11,31,97,0,0,10,8,18,21,34,21,39,115,0,4,4,119
03/12/2022,SHV,LA,ASW,CE,Combined TRACON& Tower with Radar,12,28,20,0,60,0,2,14,2,18,12,30,34,2,78,13,0,13,91
03/13/2022,SHV,LA,ASW,CE,Combined TRACON& Tower with Radar,9,30,11,4,54,0,2,11,0,13,9,32,22,4,67,0,0,0,67
03/14/2022,SHV,LA,ASW,CE,Combined TRACON& Tower with Radar,10,32,11,0,53,0,0,1,0,1,10,32,12,0,54,0,0,0,54
03/15/2022,SHV,LA,ASW,CE,Combined TRACON& Tower with Radar,13,41,20,0,74,0,0,0,0,0,13,41,20,0,74,0,0,0,74
03/16/2022,SHV,LA,ASW,CE,Combined TRACON& Tower with Radar,19,30,14,0,63,0,3,34,0,37,19,33,48,0,100,10,0,10,110
03/17/2022,SHV,LA,ASW,CE,Combined TRACON& Tower with Radar,17,38,16,2,73,0,0,15,0,15,17,38,31,2,88,0,0,0,88
03/18/2022,SHV,LA,ASW,CE,Combined TRACON& Tower with Radar,28,32,13,15,88,0,0,8,0,8,28,32,21,15,96,0,0,0,96
03/19/2022,SHV,LA,ASW,CE,Combined TRACON& Tower with Radar,19,36,17,0,72,0,2,15,0,17,19,38,32,0,89,6,0,6,95
03/20/2022,SHV,LA,ASW,CE,Combined TRACON& Tower with Radar,11,23,13,8,55,0,5,7,1,13,11,28,20,9,68,0,0,0,68
03/21/2022,SHV,LA,ASW,CE,Combined TRACON& Tower with Radar,20,25,15,0,60,0,2,0,0,2,20,27,15,0,62,0,0,0,62
03/22/2022,SHV,LA,ASW,CE,Combined TRACON& Tower with Radar,15,21,15,0,51,0,0,0,0,0,15,21,15,0,51,0,0,0,51
03/23/2022,SHV,LA,ASW,CE,Combined TRACON& Tower with Radar,18,29,18,2,67,0,4,13,0,17,18,33,31,2,84,0,0,0,84
03/24/2022,SHV,LA,ASW,CE,Combined TRACON& Tower with Radar,23,38,19,2,82,0,0,16,2,18,23,38,35,4,100,0,0,0,100
03/25/2022,SHV,LA,ASW,CE,Combined TRACON& Tower with Radar,21,32,11,7,71,0,4,16,1,21,21,36,27,8,92,52,10,62,154
03/26/2022,SHV,LA,ASW,CE,Combined TRACON& Tower with Radar,14,39,23,0,76,0,2,19,0,21,14,41,42,0,97,6,0,6,103
03/27/2022,SHV,LA,ASW,CE,Combined TRACON& Tower with Radar,10,24,14,6,54,0,0,11,1,12,10,24,25,7,66,0,0,0,66
03/28/2022,SHV,LA,ASW,CE,Combined TRACON& Tower with Radar,13,21,27,2,63,0,7,13,0,20,13,28,40,2,83,28,4,32,115
03/29/2022,SHV,LA,ASW,CE,Combined TRACON& Tower with Radar,13,40,26,2,81,0,3,1,0,4,13,43,27,2,85,0,0,0,85
03/30/2022,SHV,LA,ASW,CE,Combined TRACON& Tower with Radar,16,33,13,0,62,0,0,0,0,0,16,33,13,0,62,0,0,0,62
03/31/2022,SHV,LA,ASW,CE,Combined TRACON& Tower with Radar,16,42,39,6,103,0,2,35,0,37,16,44,74,6,140,0,0,0,140
04/01/2022,SHV,LA,ASW,CE,Combined TRACON& Tower with Radar,21,27,27,2,77,0,4,10,0,14,21,31,37,2,91,16,0,16,107
04/02/2022,SHV,LA,ASW,CE,Combined TRACON& Tower with Radar,15,31,8,20,74,0,0,21,0,21,15,31,29,20,95,0,7,7,102
04/03/2022,SHV,LA,ASW,CE,Combined TRACON& Tower with Radar,21,22,18,0,61,0,6,33,0,39,21,28,51,0,100,30,0,30,130
04/04/2022,SHV,LA,ASW,CE,Combined TRACON& Tower with Radar,21,23,13,0,57,0,1,19,0,20,21,24,32,0,77,0,0,0,77
04/05/2022,SHV,LA,ASW,CE,Combined TRACON& Tower with Radar,24,33,10,0,67,0,0,7,0,7,24,33,17,0,74,0,0,0,74
04/06/2022,SHV,LA,ASW,CE,Combined TRACON& Tower with Radar,22,21,26,6,75,0,1,10,0,11,22,22,36,6,86,0,0,0,86
04/07/2022,SHV,LA,ASW,CE,Combined TRACON& Tower with Radar,29,41,19,2,91,0,4,6,0,10,29,45,25,2,101,0,0,0,101
04/08/2022,SHV,LA,ASW,CE,Combined TRACON& Tower with Radar,28,31,23,6,88,0,0,15,0,15,28,31,38,6,103,9,0,9,112
04/09/2022,SHV,LA,ASW,CE,Combined TRACON& Tower with Radar,14,25,14,9,62,0,0,18,3,21,14,25,32,12,83,14,0,14,97
04/10/2022,SHV,LA,ASW,CE,Combined TRACON& Tower with Radar,17,23,9,0,49,0,1,3,0,4,17,24,12,0,53,0,0,0,53
04/11/2022,SHV,LA,ASW,CE,Combined TRACON& Tower with Radar,24,31,19,8,82,0,1,0,0,1,24,32,19,8,83,0,0,0,83
04/12/2022,SHV,LA,ASW,CE,Combined TRACON& Tower with Radar,17,27,17,0,61,0,0,5,0,5,17,27,22,0,66,5,0,5,71
04/13/2022,SHV,LA,ASW,CE,Combined TRACON& Tower with Radar,25,26,7,0,58,0,0,4,0,4,25,26,11,0,62,0,0,0,62
04/14/2022,SHV,LA,ASW,CE,Combined TRACON& Tower with Radar,22,23,31,2,78,0,0,17,4,21,22,23,48,6,99,2,6,8,107
04/15/2022,SHV,LA,ASW,CE,Combined TRACON& Tower with Radar,27,27,27,0,81,0,1,5,0,6,27,28,32,0,87,2,0,2,89
04/16/2022,SHV,LA,ASW,CE,Combined TRACON& Tower with Radar,16,21,6,0,43,0,1,2,0,3,16,22,8,0,46,0,0,0,46
04/17/2022,SHV,LA,ASW,CE,Combined TRACON& Tower with Radar,16,20,9,0,45,0,0,1,0,1,16,20,10,0,46,0,0,0,46
04/18/2022,SHV,LA,ASW,CE,Combined TRACON& Tower with Radar,22,17,15,5,59,0,1,27,1,29,22,18,42,6,88,8,0,8,96
04/19/2022,SHV,LA,ASW,CE,Combined TRACON& Tower with Radar,24,16,27,5,72,0,0,13,17,30,24,16,40,22,102,6,30,36,138
04/20/2022,SHV,LA,ASW,CE,Combined TRACON& Tower with Radar,23,27,20,2,72,0,0,3,0,3,23,27,23,2,75,0,0,0,75
04/21/2022,SHV,LA,ASW,CE,Combined TRACON& Tower with Radar,24,27,28,4,83,0,0,4,0,4,24,27,32,4,87,0,0,0,87
04/22/2022,SHV,LA,ASW,CE,Combined TRACON& Tower with Radar,25,49,21,24,119,0,3,12,13,28,25,52,33,37,147,0,17,17,164
04/23/2022,SHV,LA,ASW,CE,Combined TRACON& Tower with Radar,18,28,10,23,79,0,2,8,1,11,18,30,18,24,90,2,0,2,92
04/24/2022,SHV,LA,ASW,CE,Combined TRACON& Tower with Radar,20,22,11,0,53,0,0,9,1,10,20,22,20,1,63,0,0,0,63
04/25/2022,SHV,LA,ASW,CE,Combined TRACON& Tower with Radar,22,23,15,1,61,0,0,1,0,1,22,23,16,1,62,0,0,0,62
04/26/2022,SHV,LA,ASW,CE,Combined TRACON& Tower with Radar,24,40,18,5,87,0,7,23,2,32,24,47,41,7,119,20,0,20,139
04/27/2022,SHV,LA,ASW,CE,Combined TRACON& Tower with Radar,23,23,10,7,63,0,1,34,0,35,23,24,44,7,98,0,0,0,98
04/28/2022,SHV,LA,ASW,CE,Combined TRACON& Tower with Radar,28,29,25,4,86,0,1,11,2,14,28,30,36,6,100,0,0,0,100
04/29/2022,SHV,LA,ASW,CE,Combined TRACON& Tower with Radar,29,28,24,49,130,0,0,10,4,14,29,28,34,53,144,0,0,0,144
04/30/2022,SHV,LA,ASW,CE,Combined TRACON& Tower with Radar,17,24,18,0,59,0,0,8,0,8,17,24,26,0,67,0,0,0,67
05/01/2022,SHV,LA,ASW,CE,Combined TRACON& Tower with Radar,18,16,19,28,81,0,4,23,6,33,18,20,42,34,114,20,0,20,134
05/02/2022,SHV,LA,ASW,CE,Combined TRACON& Tower with Radar,24,22,19,0,65,0,2,6,0,8,24,24,25,0,73,0,0,0,73
05/03/2022,SHV,LA,ASW,CE,Combined TRACON& Tower with Radar,34,27,13,0,74,0,0,7,0,7,34,27,20,0,81,15,0,15,96
05/04/2022,SHV,LA,ASW,CE,Combined TRACON& Tower with Radar,28,29,29,3,89,0,5,7,0,12,28,34,36,3,101,0,2,2,103
05/05/2022,SHV,LA,ASW,CE,Combined TRACON& Tower with Radar,24,22,23,0,69,0,0,0,0,0,24,22,23,0,69,0,0,0,69
05/06/2022,SHV,LA,ASW,CE,Combined TRACON& Tower with Radar,27,31,13,10,81,0,6,13,0,19,27,37,26,10,100,0,0,0,100
05/07/2022,SHV,LA,ASW,CE,Combined TRACON& Tower with Radar,14,12,12,0,38,0,0,12,0,12,14,12,24,0,50,0,0,0,50
05/08/2022,SHV,LA,ASW,CE,Combined TRACON& Tower with Radar,18,15,13,10,56,0,1,8,0,9,18,16,21,10,65,0,0,0,65
05/09/2022,SHV,LA,ASW,CE,Combined TRACON& Tower with Radar,22,22,27,2,73,0,0,11,4,15,22,22,38,6,88,0,12,12,100
05/10/2022,SHV,LA,ASW,CE,Combined TRACON& Tower with Radar,24,19,23,2,68,0,3,16,0,19,24,22,39,2,87,6,0,6,93
05/11/2022,SHV,LA,ASW,CE,Combined TRACON& Tower with Radar,24,25,32,12,93,0,0,11,2,13,24,25,43,14,106,0,16,16,122
05/12/2022,SHV,LA,ASW,CE,Combined TRACON& Tower with Radar,29,25,29,4,87,0,1,37,2,40,29,26,66,6,127,6,10,16,143
05/13/2022,SHV,LA,ASW,CE,Combined TRACON& Tower with Radar,28,16,15,16,75,0,2,13,1,16,28,18,28,17,91,0,0,0,91
05/14/2022,SHV,LA,ASW,CE,Combined TRACON& Tower with Radar,17,21,9,8,55,0,0,5,0,5,17,21,14,8,60,4,0,4,64
05/15/2022,SHV,LA,ASW,CE,Combined TRACON& Tower with Radar,17,20,19,4,60,0,3,10,0,13,17,23,29,4,73,0,0,0,73
05/16/2022,SHV,LA,ASW,CE,Combined TRACON& Tower with Radar,24,21,18,0,63,0,3,23,0,26,24,24,41,0,89,0,0,0,89
05/17/2022,SHV,LA,ASW,CE,Combined TRACON& Tower with Radar,26,22,25,11,84,0,0,13,3,16,26,22,38,14,100,4,0,4,104
05/18/2022,SHV,LA,ASW,CE,Combined TRACON& Tower with Radar,23,25,10,7,65,0,0,19,1,20,23,25,29,8,85,0,0,0,85
05/19/2022,SHV,LA,ASW,CE,Combined TRACON& Tower with Radar,26,17,10,0,53,0,1,8,0,9,26,18,18,0,62,0,0,0,62
05/20/2022,SHV,LA,ASW,CE,Combined TRACON& Tower with Radar,28,18,13,1,60,0,1,15,5,21,28,19,28,6,81,0,10,10,91
05/21/2022,SHV,LA,ASW,CE,Combined TRACON& Tower with Radar,17,21,9,0,47,0,1,3,0,4,17,22,12,0,51,4,0,4,55
05/22/2022,SHV,LA,ASW,CE,Combined TRACON& Tower with Radar,25,22,8,9,64,0,0,1,1,2,25,22,9,10,66,0,0,0,66
05/23/2022,SHV,LA,ASW,CE,Combined TRACON& Tower with Radar,29,20,32,6,87,0,1,3,0,4,29,21,35,6,91,0,0,0,91
05/24/2022,SHV,LA,ASW,CE,Combined TRACON& Tower with Radar,19,26,18,0,63,0,0,1,2,3,19,26,19,2,66,0,0,0,66
05/25/2022,SHV,LA,ASW,CE,Combined TRACON& Tower with Radar,24,36,12,8,80,0,0,3,3,6,24,36,15,11,86,0,0,0,86
05/26/2022,SHV,LA,ASW,CE,Combined TRACON& Tower with Radar,24,26,24,2,76,0,3,7,0,10,24,29,31,2,86,0,0,0,86
05/27/2022,SHV,LA,ASW,CE,Combined TRACON& Tower with Radar,27,23,24,0,74,0,0,8,0,8,27,23,32,0,82,0,0,0,82
05/28/2022,SHV,LA,ASW,CE,Combined TRACON& Tower with Radar,18,24,10,0,52,0,3,7,0,10,18,27,17,0,62,8,0,8,70
05/29/2022,SHV,LA,ASW,CE,Combined TRACON& Tower with Radar,12,17,8,0,37,0,2,7,0,9,12,19,15,0,46,0,0,0,46
05/30/2022,SHV,LA,ASW,CE,Combined TRACON& Tower with Radar,19,13,10,0,42,0,0,4,0,4,19,13,14,0,46,0,2,2,48
05/31/2022,SHV,LA,ASW,CE,Combined TRACON& Tower with Radar,19,14,10,2,45,0,5,16,2,23,19,19,26,4,68,0,0,0,68
06/01/2022,SHV,LA,ASW,CE,Combined TRACON& Tower with Radar,32,22,12,7,73,0,0,11,3,14,32,22,23,10,87,0,6,6,93
06/02/2022,SHV,LA,ASW,CE,Combined TRACON& Tower with Radar,30,20,11,0,61,0,0,1,0,1,30,20,12,0,62,0,0,0,62
06/03/2022,SHV,LA,ASW,CE,Combined TRACON& Tower with Radar,27,26,14,7,74,0,2,10,0,12,27,28,24,7,86,0,4,4,90
06/04/2022,SHV,LA,ASW,CE,Combined TRACON& Tower with Radar,14,24,10,40,88,0,3,11,3,17,14,27,21,43,105,36,10,46,151
06/05/2022,SHV,LA,ASW,CE,Combined TRACON& Tower with Radar,21,25,14,3,63,0,2,10,0,12,21,27,24,3,75,0,0,0,75
06/06/2022,SHV,LA,ASW,CE,Combined TRACON& Tower with Radar,23,27,17,6,73,0,2,6,4,12,23,29,23,10,85,12,0,12,97
06/07/2022,SHV,LA,ASW,CE,Combined TRACON& Tower with Radar,24,30,23,13,90,0,0,8,5,13,24,30,31,18,103,6,18,24,127
06/08/2022,SHV,LA,ASW,CE,Combined TRACON& Tower with Radar,20,36,20,22,98,0,0,13,1,14,20,36,33,23,112,12,12,24,136
06/09/2022,SHV,LA,ASW,CE,Combined TRACON& Tower with Radar,24,40,33,2,99,0,2,15,0,17,24,42,48,2,116,10,0,10,126
06/10/2022,SHV,LA,ASW,CE,Combined TRACON& Tower with Radar,30,32,15,18,95,0,2,2,0,4,30,34,17,18,99,0,8,8,107
06/11/2022,SHV,LA,ASW,CE,Combined TRACON& Tower with Radar,10,30,10,12,62,0,0,5,3,8,10,30,15,15,70,0,6,6,76
06/12/2022,SHV,LA,ASW,CE,Combined TRACON& Tower with Radar,16,34,23,11,84,0,0,9,0,9,16,34,32,11,93,4,0,4,97
06/13/2022,SHV,LA,ASW,CE,Combined TRACON& Tower with Radar,29,30,26,0,85,1,0,10,0,11,30,30,36,0,96,0,0,0,96
06/14/2022,SHV,LA,ASW,CE,Combined TRACON& Tower with Radar,22,38,34,2,96,0,5,14,0,19,22,43,48,2,115,0,0,0,115
06/15/2022,SHV,LA,ASW,CE,Combined TRACON& Tower with Radar,20,33,23,7,83,0,0,17,4,21,20,33,40,11,104,0,16,16,120
06/16/2022,SHV,LA,ASW,CE,Combined TRACON& Tower with Radar,27,38,16,6,87,0,0,11,0,11,27,38,27,6,98,0,0,0,98
06/17/2022,SHV,LA,ASW,CE,Combined TRACON& Tower with Radar,35,37,17,15,104,0,2,14,6,22,35,39,31,21,126,0,4,4,130
06/18/2022,SHV,LA,ASW,CE,Combined TRACON& Tower with Radar,18,33,4,0,55,0,1,10,0,11,18,34,14,0,66,0,0,0,66
06/19/2022,SHV,LA,ASW,CE,Combined TRACON& Tower with Radar,17,22,10,5,54,0,1,9,1,11,17,23,19,6,65,2,0,2,67
06/20/2022,SHV,LA,ASW,CE,Combined TRACON& Tower with Radar,27,34,10,5,76,0,0,13,0,13,27,34,23,5,89,0,0,0,89
06/21/2022,SHV,LA,ASW,CE,Combined TRACON& Tower with Radar,22,27,13,9,71,0,0,10,1,11,22,27,23,10,82,2,0,2,84
06/22/2022,SHV,LA,ASW,CE,Combined TRACON& Tower with Radar,35,31,14,9,89,0,2,13,11,26,35,33,27,20,115,16,12,28,143
06/23/2022,SHV,LA,ASW,CE,Combined TRACON& Tower with Radar,27,40,13,4,84,0,2,15,6,23,27,42,28,10,107,0,0,0,107
06/24/2022,SHV,LA,ASW,CE,Combined TRACON& Tower with Radar,30,35,7,6,78,0,2,13,0,15,30,37,20,6,93,18,0,18,111
06/25/2022,SHV,LA,ASW,CE,Combined TRACON& Tower with Radar,13,27,17,42,99,0,2,24,19,45,13,29,41,61,144,14,10,24,168
06/26/2022,SHV,LA,ASW,CE,Combined TRACON& Tower with Radar,12,25,6,1,44,0,1,7,1,9,12,26,13,2,53,0,2,2,55
06/27/2022,SHV,LA,ASW,CE,Combined TRACON& Tower with Radar,29,28,11,20,88,0,0,14,0,14,29,28,25,20,102,6,4,10,112
06/28/2022,SHV,LA,ASW,CE,Combined TRACON& Tower with Radar,26,34,26,6,92,0,1,22,2,25,26,35,48,8,117,20,0,20,137
06/29/2022,SHV,LA,ASW,CE,Combined TRACON& Tower with Radar,20,30,12,0,62,0,0,12,0,12,20,30,24,0,74,18,0,18,92
06/30/2022,SHV,LA,ASW,CE,Combined TRACON& Tower with Radar,26,36,20,0,82,0,0,13,0,13,26,36,33,0,95,0,0,0,95
07/01/2022,SHV,LA,ASW,CE,Combined TRACON& Tower with Radar,30,27,17,0,74,0,0,3,0,3,30,27,20,0,77,0,2,2,79
07/02/2022,SHV,LA,ASW,CE,Combined TRACON& Tower with Radar,14,24,12,0,50,0,0,7,0,7,14,24,19,0,57,0,0,0,57
07/03/2022,SHV,LA,ASW,CE,Combined TRACON& Tower with Radar,11,24,6,0,41,0,0,7,2,9,11,24,13,2,50,0,0,0,50
07/04/2022,SHV,LA,ASW,CE,Combined TRACON& Tower with Radar,19,23,4,0,46,0,1,7,0,8,19,24,11,0,54,0,0,0,54
07/05/2022,SHV,LA,ASW,CE,Combined TRACON& Tower with Radar,10,28,18,7,63,0,0,11,1,12,10,28,29,8,75,0,2,2,77
07/06/2022,SHV,LA,ASW,CE,Combined TRACON& Tower with Radar,14,33,27,17,91,0,5,10,6,21,14,38,37,23,112,34,0,34,146
07/07/2022,SHV,LA,ASW,CE,Combined TRACON& Tower with Radar,21,32,20,0,73,0,1,11,6,18,21,33,31,6,91,0,0,0,91
07/08/2022,SHV,LA,ASW,CE,Combined TRACON& Tower with Radar,19,28,21,12,80,0,1,21,6,28,19,29,42,18,108,16,10,26,134
07/09/2022,SHV,LA,ASW,CE,Combined TRACON& Tower with Radar,12,26,16,32,86,0,0,15,0,15,12,26,31,32,101,2,0,2,103
07/10/2022,SHV,LA,ASW,CE,Combined TRACON& Tower with Radar,14,27,16,25,82,0,2,9,0,11,14,29,25,25,93,22,0,22,115
07/11/2022,SHV,LA,ASW,CE,Combined TRACON& Tower with Radar,17,34,16,4,71,0,0,13,0,13,17,34,29,4,84,8,0,8,92
07/12/2022,SHV,LA,ASW,CE,Combined TRACON& Tower with Radar,15,27,12,0,54,0,2,17,0,19,15,29,29,0,73,15,0,15,88
07/13/2022,SHV,LA,ASW,CE,Combined TRACON& Tower with Radar,14,28,23,2,67,0,0,12,1,13,14,28,35,3,80,16,0,16,96
07/14/2022,SHV,LA,ASW,CE,Combined TRACON& Tower with Radar,18,26,18,0,62,0,2,13,0,15,18,28,31,0,77,0,0,0,77
07/15/2022,SHV,LA,ASW,CE,Combined TRACON& Tower with Radar,23,30,20,51,124,0,0,22,18,40,23,30,42,69,164,2,14,16,180
07/16/2022,SHV,LA,ASW,CE,Combined TRACON& Tower with Radar,11,37,17,12,77,0,2,13,2,17,11,39,30,14,94,0,0,0,94
07/17/2022,SHV,LA,ASW,CE,Combined TRACON& Tower with Radar,11,25,15,2,53,0,1,13,2,16,11,26,28,4,69,5,0,5,74
07/18/2022,SHV,LA,ASW,CE,Combined TRACON& Tower with Radar,16,28,11,15,70,0,0,12,1,13,16,28,23,16,83,5,29,34,117
07/19/2022,SHV,LA,ASW,CE,Combined TRACON& Tower with Radar,17,34,12,1,64,0,1,8,1,10,17,35,20,2,74,0,0,0,74
07/20/2022,SHV,LA,ASW,CE,Combined TRACON& Tower with Radar,18,31,18,0,67,0,2,16,0,18,18,33,34,0,85,0,6,6,91
07/21/2022,SHV,LA,ASW,CE,Combined TRACON& Tower with Radar,22,28,23,0,73,0,0,9,0,9,22,28,32,0,82,0,0,0,82
07/22/2022,SHV,LA,ASW,CE,Combined TRACON& Tower with Radar,27,32,12,0,71,0,0,3,0,3,27,32,15,0,74,15,0,15,89
07/23/2022,SHV,LA,ASW,CE,Combined TRACON& Tower with Radar,15,32,18,8,73,0,1,11,0,12,15,33,29,8,85,14,22,36,121
07/24/2022,SHV,LA,ASW,CE,Combined TRACON& Tower with Radar,12,29,5,4,50,0,2,21,0,23,12,31,26,4,73,4,0,4,77
07/25/2022,SHV,LA,ASW,CE,Combined TRACON& Tower with Radar,20,31,20,0,71,0,2,10,0,12,20,33,30,0,83,4,0,4,87
07/26/2022,SHV,LA,ASW,CE,Combined TRACON& Tower with Radar,21,30,20,11,82,0,0,17,9,26,21,30,37,20,108,0,14,14,122
07/27/2022,SHV,LA,ASW,CE,Combined TRACON& Tower with Radar,14,39,22,2,77,0,0,7,0,7,14,39,29,2,84,0,0,0,84
07/28/2022,SHV,LA,ASW,CE,Combined TRACON& Tower with Radar,20,36,15,9,80,0,2,3,2,7,20,38,18,11,87,26,8,34,121
07/29/2022,SHV,LA,ASW,CE,Combined TRACON& Tower with Radar,32,28,15,8,83,0,0,7,0,7,32,28,22,8,90,0,0,0,90
07/30/2022,SHV,LA,ASW,CE,Combined TRACON& Tower with Radar,12,28,20,0,60,0,0,8,0,8,12,28,28,0,68,0,0,0,68
07/31/2022,SHV,LA,ASW,CE,Combined TRACON& Tower with Radar,16,25,11,6,58,0,1,6,1,8,16,26,17,7,66,0,0,0,66
08/01/2022,SHV,LA,ASW,CE,Combined TRACON& Tower with Radar,22,37,28,25,112,0,6,2,5,13,22,43,30,30,125,0,0,0,125
08/02/2022,SHV,LA,ASW,CE,Combined TRACON& Tower with Radar,18,38,25,7,88,0,0,20,1,21,18,38,45,8,109,0,0,0,109
08/03/2022,SHV,LA,ASW,CE,Combined TRACON& Tower with Radar,24,29,19,20,92,0,0,7,6,13,24,29,26,26,105,0,0,0,105
08/04/2022,SHV,LA,ASW,CE,Combined TRACON& Tower with Radar,21,31,27,14,93,0,0,13,1,14,21,31,40,15,107,0,0,0,107
08/05/2022,SHV,LA,ASW,CE,Combined TRACON& Tower with Radar,29,34,20,17,100,0,0,24,3,27,29,34,44,20,127,0,0,0,127
08/06/2022,SHV,LA,ASW,CE,Combined TRACON& Tower with Radar,12,29,16,0,57,0,3,9,0,12,12,32,25,0,69,0,0,0,69
08/07/2022,SHV,LA,ASW,CE,Combined TRACON& Tower with Radar,18,31,10,14,73,0,2,12,0,14,18,33,22,14,87,15,0,15,102
08/08/2022,SHV,LA,ASW,CE,Combined TRACON& Tower with Radar,22,26,18,3,69,0,0,21,4,25,22,26,39,7,94,12,2,14,108
08/09/2022,SHV,LA,ASW,CE,Combined TRACON& Tower with Radar,28,30,19,4,81,0,3,7,4,14,28,33,26,8,95,0,0,0,95
08/10/2022,SHV,LA,ASW,CE,Combined TRACON& Tower with Radar,36,35,12,2,85,0,0,9,1,10,36,35,21,3,95,0,0,0,95
08/11/2022,SHV,LA,ASW,CE,Combined TRACON& Tower with Radar,34,28,22,0,84,0,2,3,0,5,34,30,25,0,89,0,0,0,89
08/12/2022,SHV,LA,ASW,CE,Combined TRACON& Tower with Radar,32,40,14,24,110,0,1,6,0,7,32,41,20,24,117,0,0,0,117
08/13/2022,SHV,LA,ASW,CE,Combined TRACON& Tower with Radar,14,35,26,2,77,0,0,24,0,24,14,35,50,2,101,0,0,0,101
08/14/2022,SHV,LA,ASW,CE,Combined TRACON& Tower with Radar,14,29,7,10,60,0,0,11,0,11,14,29,18,10,71,12,0,12,83
08/15/2022,SHV,LA,ASW,CE,Combined TRACON& Tower with Radar,25,27,7,11,70,0,0,17,1,18,25,27,24,12,88,28,0,28,116
08/16/2022,SHV,LA,ASW,CE,Combined TRACON& Tower with Radar,23,29,28,6,86,0,0,20,6,26,23,29,48,12,112,0,0,0,112
08/17/2022,SHV,LA,ASW,CE,Combined TRACON& Tower with Radar,21,34,16,6,77,0,1,10,0,11,21,35,26,6,88,0,0,0,88
08/18/2022,SHV,LA,ASW,CE,Combined TRACON& Tower with Radar,31,37,30,0,98,0,0,2,0,2,31,37,32,0,100,0,0,0,100
08/19/2022,SHV,LA,ASW,CE,Combined TRACON& Tower with Radar,34,32,18,48,132,0,1,12,1,14,34,33,30,49,146,0,0,0,146
08/20/2022,SHV,LA,ASW,CE,Combined TRACON& Tower with Radar,13,30,12,20,75,0,1,7,0,8,13,31,19,20,83,0,8,8,91
08/21/2022,SHV,LA,ASW,CE,Combined TRACON& Tower with Radar,12,24,6,0,42,0,0,3,0,3,12,24,9,0,45,0,0,0,45
08/22/2022,SHV,LA,ASW,CE,Combined TRACON& Tower with Radar,18,23,5,0,46,0,0,0,0,0,18,23,5,0,46,0,0,0,46
08/23/2022,SHV,LA,ASW,CE,Combined TRACON& Tower with Radar,20,24,15,0,59,0,0,2,0,2,20,24,17,0,61,0,0,0,61
08/24/2022,SHV,LA,ASW,CE,Combined TRACON& Tower with Radar,33,30,16,3,82,0,0,1,0,1,33,30,17,3,83,0,0,0,83
08/25/2022,SHV,LA,ASW,CE,Combined TRACON& Tower with Radar,24,33,25,4,86,0,0,9,0,9,24,33,34,4,95,0,0,0,95
08/26/2022,SHV,LA,ASW,CE,Combined TRACON& Tower with Radar,26,32,8,4,70,0,0,4,0,4,26,32,12,4,74,0,0,0,74
08/27/2022,SHV,LA,ASW,CE,Combined TRACON& Tower with Radar,17,46,6,2,71,0,1,5,0,6,17,47,11,2,77,0,0,0,77
08/28/2022,SHV,LA,ASW,CE,Combined TRACON& Tower with Radar,13,28,13,7,61,0,0,7,0,7,13,28,20,7,68,0,0,0,68
08/29/2022,SHV,LA,ASW,CE,Combined TRACON& Tower with Radar,22,26,12,1,61,0,2,9,0,11,22,28,21,1,72,24,0,24,96
08/30/2022,SHV,LA,ASW,CE,Combined TRACON& Tower with Radar,20,30,21,0,71,0,0,8,0,8,20,30,29,0,79,0,0,0,79
08/31/2022,SHV,LA,ASW,CE,Combined TRACON& Tower with Radar,34,30,15,0,79,0,0,15,0,15,34,30,30,0,94,0,0,0,94
09/01/2022,SHV,LA,ASW,CE,Combined TRACON& Tower with Radar,24,33,28,0,85,0,0,17,0,17,24,33,45,0,102,0,0,0,102
09/02/2022,SHV,LA,ASW,CE,Combined TRACON& Tower with Radar,29,32,14,0,75,0,0,5,0,5,29,32,19,0,80,0,0,0,80
09/03/2022,SHV,LA,ASW,CE,Combined TRACON& Tower with Radar,22,20,7,0,49,0,4,11,0,15,22,24,18,0,64,0,0,0,64
09/04/2022,SHV,LA,ASW,CE,Combined TRACON& Tower with Radar,13,20,11,3,47,0,4,7,1,12,13,24,18,4,59,0,0,0,59
09/05/2022,SHV,LA,ASW,CE,Combined TRACON& Tower with Radar,16,36,16,0,68,0,0,3,0,3,16,36,19,0,71,0,0,0,71
09/06/2022,SHV,LA,ASW,CE,Combined TRACON& Tower with Radar,24,23,7,0,54,0,1,9,0,10,24,24,16,0,64,0,0,0,64
09/07/2022,SHV,LA,ASW,CE,Combined TRACON& Tower with Radar,29,19,20,0,68,0,2,5,0,7,29,21,25,0,75,0,0,0,75
09/08/2022,SHV,LA,ASW,CE,Combined TRACON& Tower with Radar,27,36,18,0,81,0,0,20,0,20,27,36,38,0,101,0,0,0,101
09/09/2022,SHV,LA,ASW,CE,Combined TRACON& Tower with Radar,34,23,16,0,73,0,1,8,0,9,34,24,24,0,82,0,0,0,82
09/10/2022,SHV,LA,ASW,CE,Combined TRACON& Tower with Radar,24,19,24,14,81,0,0,9,1,10,24,19,33,15,91,0,0,0,91
09/11/2022,SHV,LA,ASW,CE,Combined TRACON& Tower with Radar,18,17,20,1,56,0,1,16,0,17,18,18,36,1,73,0,0,0,73
09/12/2022,SHV,LA,ASW,CE,Combined TRACON& Tower with Radar,26,25,7,0,58,0,1,18,0,19,26,26,25,0,77,18,0,18,95
09/13/2022,SHV,LA,ASW,CE,Combined TRACON& Tower with Radar,26,21,30,1,78,0,1,29,1,31,26,22,59,2,109,0,0,0,109
09/14/2022,SHV,LA,ASW,CE,Combined TRACON& Tower with Radar,25,24,32,0,81,0,1,25,0,26,25,25,57,0,107,0,0,0,107
09/15/2022,SHV,LA,ASW,CE,Combined TRACON& Tower with Radar,28,23,20,0,71,0,0,20,0,20,28,23,40,0,91,0,0,0,91
09/16/2022,SHV,LA,ASW,CE,Combined TRACON& Tower with Radar,26,27,20,9,82,0,1,17,1,19,26,28,37,10,101,0,0,0,101
09/17/2022,SHV,LA,ASW,CE,Combined TRACON& Tower with Radar,14,23,21,6,64,0,2,20,0,22,14,25,41,6,86,0,0,0,86
09/18/2022,SHV,LA,ASW,CE,Combined TRACON& Tower with Radar,21,20,29,6,76,0,2,12,0,14,21,22,41,6,90,0,0,0,90
09/19/2022,SHV,LA,ASW,CE,Combined TRACON& Tower with Radar,26,21,14,2,63,0,0,15,4,19,26,21,29,6,82,0,11,11,93
09/20/2022,SHV,LA,ASW,CE,Combined TRACON& Tower with Radar,25,25,10,0,60,0,0,18,2,20,25,25,28,2,80,0,0,0,80
09/21/2022,SHV,LA,ASW,CE,Combined TRACON& Tower with Radar,30,36,26,0,92,0,0,24,6,30,30,36,50,6,122,0,0,0,122
09/22/2022,SHV,LA,ASW,CE,Combined TRACON& Tower with Radar,29,22,29,3,83,0,0,15,0,15,29,22,44,3,98,0,0,0,98
09/23/2022,SHV,LA,ASW,CE,Combined TRACON& Tower with Radar,28,29,23,6,86,0,2,17,6,25,28,31,40,12,111,0,20,20,131
09/24/2022,SHV,LA,ASW,CE,Combined TRACON& Tower with Radar,19,25,20,3,67,0,2,11,1,14,19,27,31,4,81,0,0,0,81
09/25/2022,SHV,LA,ASW,CE,Combined TRACON& Tower with Radar,24,19,16,1,60,0,0,3,0,3,24,19,19,1,63,0,0,0,63
09/26/2022,SHV,LA,ASW,CE,Combined TRACON& Tower with Radar,23,22,19,0,64,0,0,16,0,16,23,22,35,0,80,0,0,0,80
09/27/2022,SHV,LA,ASW,CE,Combined TRACON& Tower with Radar,30,25,29,0,84,0,0,23,0,23,30,25,52,0,107,0,0,0,107
09/28/2022,SHV,LA,ASW,CE,Combined TRACON& Tower with Radar,24,27,27,5,83,0,0,14,3,17,24,27,41,8,100,0,0,0,100
09/29/2022,SHV,LA,ASW,CE,Combined TRACON& Tower with Radar,27,30,27,0,84,0,0,19,0,19,27,30,46,0,103,0,0,0,103
09/30/2022,SHV,LA,ASW,CE,Combined TRACON& Tower with Radar,26,25,17,15,83,0,0,14,17,31,26,25,31,32,114,4,22,26,140
10/01/2022,SHV,LA,ASW,CE,Combined TRACON& Tower with Radar,16,19,14,0,49,0,5,8,0,13,16,24,22,0,62,0,0,0,62
10/02/2022,SHV,LA,ASW,CE,Combined TRACON& Tower with Radar,22,16,11,2,51,0,6,8,0,14,22,22,19,2,65,0,0,0,65
10/03/2022,SHV,LA,ASW,CE,Combined TRACON& Tower with Radar,20,23,25,4,72,0,0,17,0,17,20,23,42,4,89,0,0,0,89
10/04/2022,SHV,LA,ASW,CE,Combined TRACON& Tower with Radar,25,28,17,2,72,0,1,10,0,11,25,29,27,2,83,0,0,0,83
10/05/2022,SHV,LA,ASW,CE,Combined TRACON& Tower with Radar,26,30,21,2,79,0,1,14,1,16,26,31,35,3,95,0,8,8,103
10/06/2022,SHV,LA,ASW,CE,Combined TRACON& Tower with Radar,31,27,14,0,72,0,1,15,4,20,31,28,29,4,92,8,0,8,100
10/07/2022,SHV,LA,ASW,CE,Combined TRACON& Tower with Radar,39,20,25,5,89,0,1,20,1,22,39,21,45,6,111,2,0,2,113
10/08/2022,SHV,LA,ASW,CE,Combined TRACON& Tower with Radar,24,18,21,0,63,0,1,19,2,22,24,19,40,2,85,10,0,10,95
10/09/2022,SHV,LA,ASW,CE,Combined TRACON& Tower with Radar,22,19,12,11,64,0,0,12,1,13,22,19,24,12,77,0,0,0,77
10/10/2022,SHV,LA,ASW,CE,Combined TRACON& Tower with Radar,29,21,18,0,68,0,0,25,0,25,29,21,43,0,93,0,0,0,93
10/11/2022,SHV,LA,ASW,CE,Combined TRACON& Tower with Radar,23,34,23,1,81,0,5,19,3,27,23,39,42,4,108,0,16,16,124
10/12/2022,SHV,LA,ASW,CE,Combined TRACON& Tower with Radar,40,31,15,0,86,0,0,11,0,11,40,31,26,0,97,12,0,12,109
10/13/2022,SHV,LA,ASW,CE,Combined TRACON& Tower with Radar,33,22,36,8,99,0,4,21,0,25,33,26,57,8,124,66,0,66,190
10/14/2022,SHV,LA,ASW,CE,Combined TRACON& Tower with Radar,40,22,32,25,119,0,1,15,10,26,40,23,47,35,145,10,0,10,155
10/15/2022,SHV,LA,ASW,CE,Combined TRACON& Tower with Radar,29,25,9,0,63,0,1,13,0,14,29,26,22,0,77,0,0,0,77
10/16/2022,SHV,LA,ASW,CE,Combined TRACON& Tower with Radar,21,16,8,0,45,0,0,4,0,4,21,16,12,0,49,0,0,0,49
10/17/2022,SHV,LA,ASW,CE,Combined TRACON& Tower with Radar,39,23,30,2,94,0,1,3,0,4,39,24,33,2,98,0,0,0,98
10/18/2022,SHV,LA,ASW,CE,Combined TRACON& Tower with Radar,32,20,23,0,75,0,0,8,0,8,32,20,31,0,83,0,0,0,83
10/19/2022,SHV,LA,ASW,CE,Combined TRACON& Tower with Radar,30,26,24,0,80,0,1,3,0,4,30,27,27,0,84,0,0,0,84
10/20/2022,SHV,LA,ASW,CE,Combined TRACON& Tower with Radar,34,27,30,7,98,0,1,19,1,21,34,28,49,8,119,0,0,0,119
10/21/2022,SHV,LA,ASW,CE,Combined TRACON& Tower with Radar,40,16,21,8,85,0,1,18,2,21,40,17,39,10,106,10,4,14,120
10/22/2022,SHV,LA,ASW,CE,Combined TRACON& Tower with Radar,26,29,14,0,69,0,2,3,0,5,26,31,17,0,74,0,0,0,74
10/23/2022,SHV,LA,ASW,CE,Combined TRACON& Tower with Radar,27,32,21,25,105,0,0,11,1,12,27,32,32,26,117,4,0,4,121
10/24/2022,SHV,LA,ASW,CE,Combined TRACON& Tower with Radar,50,14,21,2,87,0,1,5,0,6,50,15,26,2,93,0,0,0,93
10/25/2022,SHV,LA,ASW,CE,Combined TRACON& Tower with Radar,26,23,16,0,65,0,0,4,0,4,26,23,20,0,69,0,0,0,69
10/26/2022,SHV,LA,ASW,CE,Combined TRACON& Tower with Radar,33,31,22,7,93,0,1,25,1,27,33,32,47,8,120,6,16,22,142
10/27/2022,SHV,LA,ASW,CE,Combined TRACON& Tower with Radar,28,22,26,0,76,0,2,27,2,31,28,24,53,2,107,6,0,6,113
10/28/2022,SHV,LA,ASW,CE,Combined TRACON& Tower with Radar,46,17,18,2,83,0,0,2,0,2,46,17,20,2,85,0,0,0,85
10/29/2022,SHV,LA,ASW,CE,Combined TRACON& Tower with Radar,21,18,9,0,48,0,0,0,0,0,21,18,9,0,48,0,0,0,48
10/30/2022,SHV,LA,ASW,CE,Combined TRACON& Tower with Radar,19,11,24,0,54,0,2,10,0,12,19,13,34,0,66,16,0,16,82
10/31/2022,SHV,LA,ASW,CE,Combined TRACON& Tower with Radar,19,15,9,0,43,0,1,16,1,18,19,16,25,1,61,0,0,0,61
11/01/2022,SHV,LA,ASW,CE,Combined TRACON& Tower with Radar,32,17,27,2,78,0,0,9,0,9,32,17,36,2,87,0,0,0,87
11/02/2022,SHV,LA,ASW,CE,Combined TRACON& Tower with Radar,33,24,16,4,77,0,1,21,0,22,33,25,37,4,99,0,0,0,99
11/03/2022,SHV,LA,ASW,CE,Combined TRACON& Tower with Radar,35,24,26,11,96,0,4,13,9,26,35,28,39,20,122,0,33,33,155
11/04/2022,SHV,LA,ASW,CE,Combined TRACON& Tower with Radar,32,14,20,4,70,0,1,2,0,3,32,15,22,4,73,0,0,0,73
11/05/2022,SHV,LA,ASW,CE,Combined TRACON& Tower with Radar,25,13,17,0,55,0,0,18,0,18,25,13,35,0,73,0,0,0,73
11/06/2022,SHV,LA,ASW,CE,Combined TRACON& Tower with Radar,23,15,14,0,52,0,0,8,0,8,23,15,22,0,60,0,0,0,60
11/07/2022,SHV,LA,ASW,CE,Combined TRACON& Tower with Radar,22,15,22,0,59,0,0,5,0,5,22,15,27,0,64,0,0,0,64
11/08/2022,SHV,LA,ASW,CE,Combined TRACON& Tower with Radar,32,14,32,6,84,0,1,3,0,4,32,15,35,6,88,0,0,0,88
11/09/2022,SHV,LA,ASW,CE,Combined TRACON& Tower with Radar,30,12,22,8,72,0,1,11,2,14,30,13,33,10,86,4,0,4,90
11/10/2022,SHV,LA,ASW,CE,Combined TRACON& Tower with Radar,26,12,31,0,69,0,1,12,0,13,26,13,43,0,82,0,0,0,82
11/11/2022,SHV,LA,ASW,CE,Combined TRACON& Tower with Radar,39,9,17,0,65,0,0,1,0,1,39,9,18,0,66,0,0,0,66
11/12/2022,SHV,LA,ASW,CE,Combined TRACON& Tower with Radar,21,12,10,0,43,0,0,9,0,9,21,12,19,0,52,0,0,0,52
11/13/2022,SHV,LA,ASW,CE,Combined TRACON& Tower with Radar,23,17,14,0,54,0,6,18,0,24,23,23,32,0,78,0,0,0,78
11/14/2022,SHV,LA,ASW,CE,Combined TRACON& Tower with Radar,31,15,12,0,58,0,0,1,0,1,31,15,13,0,59,0,0,0,59
11/15/2022,SHV,LA,ASW,CE,Combined TRACON& Tower with Radar,33,18,14,28,93,0,0,3,2,5,33,18,17,30,98,0,0,0,98
11/16/2022,SHV,LA,ASW,CE,Combined TRACON& Tower with Radar,30,21,26,4,81,0,0,14,0,14,30,21,40,4,95,0,0,0,95
11/17/2022,SHV,LA,ASW,CE,Combined TRACON& Tower with Radar,38,19,20,18,95,0,0,6,2,8,38,19,26,20,103,0,12,12,115
11/18/2022,SHV,LA,ASW,CE,Combined TRACON& Tower with Radar,36,26,29,9,100,0,0,22,2,24,36,26,51,11,124,0,6,6,130
11/19/2022,SHV,LA,ASW,CE,Combined TRACON& Tower with Radar,25,24,16,2,67,0,2,14,1,17,25,26,30,3,84,0,0,0,84
11/20/2022,SHV,LA,ASW,CE,Combined TRACON& Tower with Radar,23,17,21,5,66,0,2,13,2,17,23,19,34,7,83,0,0,0,83
11/21/2022,SHV,LA,ASW,CE,Combined TRACON& Tower with Radar,27,12,18,11,68,0,1,12,0,13,27,13,30,11,81,2,0,2,83
11/22/2022,SHV,LA,ASW,CE,Combined TRACON& Tower with Radar,29,27,20,4,80,0,0,15,0,15,29,27,35,4,95,0,0,0,95
11/23/2022,SHV,LA,ASW,CE,Combined TRACON& Tower with Radar,42,23,26,0,91,0,0,10,0,10,42,23,36,0,101,0,0,0,101
11/24/2022,SHV,LA,ASW,CE,Combined TRACON& Tower with Radar,21,11,0,0,32,0,0,0,0,0,21,11,0,0,32,0,0,0,32
11/25/2022,SHV,LA,ASW,CE,Combined TRACON& Tower with Radar,34,19,19,0,72,0,0,0,0,0,34,19,19,0,72,0,0,0,72
11/26/2022,SHV,LA,ASW,CE,Combined TRACON& Tower with Radar,20,13,7,0,40,0,0,2,0,2,20,13,9,0,42,0,0,0,42
11/27/2022,SHV,LA,ASW,CE,Combined TRACON& Tower with Radar,25,24,15,0,64,0,0,3,0,3,25,24,18,0,67,0,0,0,67
11/28/2022,SHV,LA,ASW,CE,Combined TRACON& Tower with Radar,27,23,30,18,98,0,3,19,1,23,27,26,49,19,121,18,0,18,139
11/29/2022,SHV,LA,ASW,CE,Combined TRACON& Tower with Radar,35,17,24,15,91,0,1,1,0,2,35,18,25,15,93,0,0,0,93
11/30/2022,SHV,LA,ASW,CE,Combined TRACON& Tower with Radar,38,22,23,17,100,0,0,10,14,24,38,22,33,31,124,2,35,37,161
12/01/2022,SHV,LA,ASW,CE,Combined TRACON& Tower with Radar,29,30,19,0,78,0,1,8,0,9,29,31,27,0,87,0,0,0,87
12/02/2022,SHV,LA,ASW,CE,Combined TRACON& Tower with Radar,37,21,15,8,81,0,2,12,4,18,37,23,27,12,99,0,0,0,99
12/03/2022,SHV,LA,ASW,CE,Combined TRACON& Tower with Radar,23,20,13,0,56,0,0,4,0,4,23,20,17,0,60,0,0,0,60
12/04/2022,SHV,LA,ASW,CE,Combined TRACON& Tower with Radar,23,13,15,0,51,0,0,5,0,5,23,13,20,0,56,0,0,0,56
12/05/2022,SHV,LA,ASW,CE,Combined TRACON& Tower with Radar,34,25,10,0,69,0,0,8,0,8,34,25,18,0,77,8,0,8,85
12/06/2022,SHV,LA,ASW,CE,Combined TRACON& Tower with Radar,33,27,28,3,91,0,0,7,1,8,33,27,35,4,99,0,0,0,99
12/07/2022,SHV,LA,ASW,CE,Combined TRACON& Tower with Radar,33,34,33,12,112,0,0,10,2,12,33,34,43,14,124,16,0,16,140
12/08/2022,SHV,LA,ASW,CE,Combined TRACON& Tower with Radar,38,37,21,6,102,0,0,9,6,15,38,37,30,12,117,0,10,10,127
12/09/2022,SHV,LA,ASW,CE,Combined TRACON& Tower with Radar,44,25,18,0,87,0,0,1,2,3,44,25,19,2,90,0,0,0,90
12/10/2022,SHV,LA,ASW,CE,Combined TRACON& Tower with Radar,16,19,15,2,52,0,0,8,0,8,16,19,23,2,60,0,0,0,60
12/11/2022,SHV,LA,ASW,CE,Combined TRACON& Tower with Radar,25,14,19,2,60,0,0,0,0,0,25,14,19,2,60,0,0,0,60
12/12/2022,SHV,LA,ASW,CE,Combined TRACON& Tower with Radar,28,19,13,0,60,0,0,0,0,0,28,19,13,0,60,0,0,0,60
12/13/2022,SHV,LA,ASW,CE,Combined TRACON& Tower with Radar,28,16,9,0,53,0,0,0,0,0,28,16,9,0,53,0,0,0,53
12/14/2022,SHV,LA,ASW,CE,Combined TRACON& Tower with Radar,39,17,27,1,84,0,0,14,2,16,39,17,41,3,100,10,0,10,110
12/15/2022,SHV,LA,ASW,CE,Combined TRACON& Tower with Radar,41,28,22,3,94,0,3,12,2,17,41,31,34,5,111,0,0,0,111
12/16/2022,SHV,LA,ASW,CE,Combined TRACON& Tower with Radar,38,18,13,2,71,0,0,11,0,11,38,18,24,2,82,0,0,0,82
12/17/2022,SHV,LA,ASW,CE,Combined TRACON& Tower with Radar,25,17,12,0,54,0,1,21,0,22,25,18,33,0,76,0,0,0,76
12/18/2022,SHV,LA,ASW,CE,Combined TRACON& Tower with Radar,29,12,15,0,56,0,2,17,0,19,29,14,32,0,75,0,0,0,75
12/19/2022,SHV,LA,ASW,CE,Combined TRACON& Tower with Radar,27,18,11,0,56,0,0,3,0,3,27,18,14,0,59,0,0,0,59
12/20/2022,SHV,LA,ASW,CE,Combined TRACON& Tower with Radar,29,22,23,4,78,0,0,2,0,2,29,22,25,4,80,0,0,0,80
12/21/2022,SHV,LA,ASW,CE,Combined TRACON& Tower with Radar,40,16,33,11,100,0,1,4,1,6,40,17,37,12,106,0,0,0,106
12/22/2022,SHV,LA,ASW,CE,Combined TRACON& Tower with Radar,34,22,14,0,70,0,0,0,0,0,34,22,14,0,70,0,0,0,70
12/23/2022,SHV,LA,ASW,CE,Combined TRACON& Tower with Radar,22,16,10,0,48,0,2,2,0,4,22,18,12,0,52,0,0,0,52
12/24/2022,SHV,LA,ASW,CE,Combined TRACON& Tower with Radar,25,8,0,0,33,0,1,5,0,6,25,9,5,0,39,0,0,0,39
12/25/2022,SHV,LA,ASW,CE,Combined TRACON& Tower with Radar,14,8,1,0,23,0,0,2,0,2,14,8,3,0,25,0,0,0,25
12/26/2022,SHV,LA,ASW,CE,Combined TRACON& Tower with Radar,23,7,10,0,40,0,0,18,0,18,23,7,28,0,58,0,0,0,58
12/27/2022,SHV,LA,ASW,CE,Combined TRACON& Tower with Radar,31,12,10,0,53,0,2,9,0,11,31,14,19,0,64,0,0,0,64
12/28/2022,SHV,LA,ASW,CE,Combined TRACON& Tower with Radar,29,14,13,3,59,0,0,17,1,18,29,14,30,4,77,0,0,0,77
12/29/2022,SHV,LA,ASW,CE,Combined TRACON& Tower with Radar,29,11,8,0,48,0,0,2,0,2,29,11,10,0,50,0,0,0,50
12/30/2022,SHV,LA,ASW,CE,Combined TRACON& Tower with Radar,25,12,14,0,51,0,0,4,0,4,25,12,18,0,55,0,0,0,55
12/31/2022,SHV,LA,ASW,CE,Combined TRACON& Tower with Radar,21,14,8,0,43,0,0,0,0,0,21,14,8,0,43,0,0,0,43
01/01/2023,SHV,LA,ASW,CE,Combined TRACON& Tower with Radar,18,14,2,0,34,0,0,0,0,0,18,14,2,0,34,0,0,0,34
01/02/2023,SHV,LA,ASW,CE,Combined TRACON& Tower with Radar,21,9,7,0,37,0,0,1,0,1,21,9,8,0,38,0,0,0,38
01/03/2023,SHV,LA,ASW,CE,Combined TRACON& Tower with Radar,27,9,19,0,55,0,0,6,0,6,27,9,25,0,61,0,0,0,61
01/04/2023,SHV,LA,ASW,CE,Combined TRACON& Tower with Radar,31,21,20,0,72,0,4,12,0,16,31,25,32,0,88,0,0,0,88
01/05/2023,SHV,LA,ASW,CE,Combined TRACON& Tower with Radar,27,11,16,4,58,0,0,22,4,26,27,11,38,8,84,0,0,0,84
01/06/2023,SHV,LA,ASW,CE,Combined TRACON& Tower with Radar,33,16,20,52,121,0,0,31,2,33,33,16,51,54,154,2,6,8,162
01/07/2023,SHV,LA,ASW,CE,Combined TRACON& Tower with Radar,20,18,7,0,45,0,0,1,0,1,20,18,8,0,46,0,0,0,46
01/08/2023,SHV,LA,ASW,CE,Combined TRACON& Tower with Radar,21,13,16,0,50,0,0,11,0,11,21,13,27,0,61,0,0,0,61
01/09/2023,SHV,LA,ASW,CE,Combined TRACON& Tower with Radar,24,7,16,10,57,0,0,15,0,15,24,7,31,10,72,14,0,14,86
01/10/2023,SHV,LA,ASW,CE,Combined TRACON& Tower with Radar,22,14,22,8,66,0,0,7,0,7,22,14,29,8,73,0,4,4,77
01/11/2023,SHV,LA,ASW,CE,Combined TRACON& Tower with Radar,20,18,9,2,49,0,2,4,0,6,20,20,13,2,55,0,0,0,55
01/12/2023,SHV,LA,ASW,CE,Combined TRACON& Tower with Radar,24,16,22,10,72,0,0,3,0,3,24,16,25,10,75,0,6,6,81
01/13/2023,SHV,LA,ASW,CE,Combined TRACON& Tower with Radar,37,14,18,3,72,0,0,13,3,16,37,14,31,6,88,0,4,4,92
01/14/2023,SHV,LA,ASW,CE,Combined TRACON& Tower with Radar,13,24,22,0,59,0,1,24,0,25,13,25,46,0,84,11,0,11,95
01/15/2023,SHV,LA,ASW,CE,Combined TRACON& Tower with Radar,19,11,11,0,41,0,1,3,0,4,19,12,14,0,45,0,0,0,45
01/16/2023,SHV,LA,ASW,CE,Combined TRACON& Tower with Radar,25,13,18,4,60,0,0,6,0,6,25,13,24,4,66,0,0,0,66
01/17/2023,SHV,LA,ASW,CE,Combined TRACON& Tower with Radar,25,16,13,3,57,0,0,7,0,7,25,16,20,3,64,0,4,4,68
01/18/2023,SHV,LA,ASW,CE,Combined TRACON& Tower with Radar,28,15,14,0,57,0,2,4,0,6,28,17,18,0,63,0,0,0,63
01/19/2023,SHV,LA,ASW,CE,Combined TRACON& Tower with Radar,36,16,19,8,79,0,1,17,0,18,36,17,36,8,97,0,0,0,97
01/20/2023,SHV,LA,ASW,CE,Combined TRACON& Tower with Radar,31,17,24,10,82,0,1,13,2,16,31,18,37,12,98,0,0,0,98
01/21/2023,SHV,LA,ASW,CE,Combined TRACON& Tower with Radar,24,13,8,12,57,0,0,8,3,11,24,13,16,15,68,10,14,24,92
01/22/2023,SHV,LA,ASW,CE,Combined TRACON& Tower with Radar,19,8,7,0,34,0,0,3,0,3,19,8,10,0,37,0,0,0,37
01/23/2023,SHV,LA,ASW,CE,Combined TRACON& Tower with Radar,28,15,20,8,71,0,0,27,2,29,28,15,47,10,100,18,0,18,118
01/24/2023,SHV,LA,ASW,CE,Combined TRACON& Tower with Radar,30,9,4,0,43,0,0,1,0,1,30,9,5,0,44,0,0,0,44
01/25/2023,SHV,LA,ASW,CE,Combined TRACON& Tower with Radar,31,22,15,4,72,0,2,3,2,7,31,24,18,6,79,0,0,0,79
01/26/2023,SHV,LA,ASW,CE,Combined TRACON& Tower with Radar,32,25,20,5,82,0,2,15,3,20,32,27,35,8,102,0,0,0,102
01/27/2023,SHV,LA,ASW,CE,Combined TRACON& Tower with Radar,36,18,13,30,97,0,0,15,2,17,36,18,28,32,114,0,0,0,114
01/28/2023,SHV,LA,ASW,CE,Combined TRACON& Tower with Radar,27,20,10,0,57,0,0,2,0,2,27,20,12,0,59,0,0,0,59
01/29/2023,SHV,LA,ASW,CE,Combined TRACON& Tower with Radar,20,13,9,0,42,0,0,0,0,0,20,13,9,0,42,0,0,0,42
01/30/2023,SHV,LA,ASW,CE,Combined TRACON& Tower with Radar,22,12,14,0,48,0,0,0,0,0,22,12,14,0,48,0,0,0,48
01/31/2023,SHV,LA,ASW,CE,Combined TRACON& Tower with Radar,18,15,6,0,39,0,0,0,0,0,18,15,6,0,39,0,0,0,39
02/01/2023,SHV,LA,ASW,CE,Combined TRACON& Tower with Radar,13,14,7,0,34,0,0,0,0,0,13,14,7,0,34,0,0,0,34
02/02/2023,SHV,LA,ASW,CE,Combined TRACON& Tower with Radar,18,8,10,1,37,0,0,0,0,0,18,8,10,1,37,0,0,0,37
02/03/2023,SHV,LA,ASW,CE,Combined TRACON& Tower with Radar,31,11,21,28,91,0,0,22,4,26,31,11,43,32,117,2,0,2,119
02/04/2023,SHV,LA,ASW,CE,Combined TRACON& Tower with Radar,24,17,20,5,66,0,1,26,4,31,24,18,46,9,97,0,0,0,97
02/05/2023,SHV,LA,ASW,CE,Combined TRACON& Tower with Radar,23,14,8,0,45,0,2,7,2,11,23,16,15,2,56,0,0,0,56
02/06/2023,SHV,LA,ASW,CE,Combined TRACON& Tower with Radar,27,16,22,6,71,0,0,7,2,9,27,16,29,8,80,0,0,0,80
02/07/2023,SHV,LA,ASW,CE,Combined TRACON& Tower with Radar,24,18,28,3,73,0,0,9,0,9,24,18,37,3,82,0,0,0,82
02/08/2023,SHV,LA,ASW,CE,Combined TRACON& Tower with Radar,32,12,8,0,52,0,0,0,0,0,32,12,8,0,52,0,0,0,52
02/09/2023,SHV,LA,ASW,CE,Combined TRACON& Tower with Radar,33,24,23,4,84,0,3,22,8,33,33,27,45,12,117,0,0,0,117
02/10/2023,SHV,LA,ASW,CE,Combined TRACON& Tower with Radar,32,16,8,2,58,0,0,2,3,5,32,16,10,5,63,0,0,0,63
02/11/2023,SHV,LA,ASW,CE,Combined TRACON& Tower with Radar,25,18,6,0,49,0,2,0,0,2,25,20,6,0,51,0,0,0,51
02/12/2023,SHV,LA,ASW,CE,Combined TRACON& Tower with Radar,31,16,8,0,55,0,1,17,0,18,31,17,25,0,73,0,0,0,73
02/13/2023,SHV,LA,ASW,CE,Combined TRACON& Tower with Radar,24,15,10,8,57,0,0,24,2,26,24,15,34,10,83,9,0,9,92
02/14/2023,SHV,LA,ASW,CE,Combined TRACON& Tower with Radar,30,12,11,0,53,0,0,3,0,3,30,12,14,0,56,0,0,0,56
02/15/2023,SHV,LA,ASW,CE,Combined TRACON& Tower with Radar,35,19,13,2,69,0,1,1,0,2,35,20,14,2,71,0,0,0,71
02/16/2023,SHV,LA,ASW,CE,Combined TRACON& Tower with Radar,36,17,20,15,88,0,1,6,3,10,36,18,26,18,98,0,0,0,98
02/17/2023,SHV,LA,ASW,CE,Combined TRACON& Tower with Radar,32,14,25,5,76,0,0,17,3,20,32,14,42,8,96,0,0,0,96
02/18/2023,SHV,LA,ASW,CE,Combined TRACON& Tower with Radar,25,21,22,0,68,0,0,14,0,14,25,21,36,0,82,0,0,0,82
02/19/2023,SHV,LA,ASW,CE,Combined TRACON& Tower with Radar,35,23,16,0,74,1,1,6,0,8,36,24,22,0,82,0,0,0,82
02/20/2023,SHV,LA,ASW,CE,Combined TRACON& Tower with Radar,31,11,19,0,61,0,2,8,0,10,31,13,27,0,71,2,0,2,73
02/21/2023,SHV,LA,ASW,CE,Combined TRACON& Tower with Radar,32,12,22,0,66,0,0,11,0,11,32,12,33,0,77,0,0,0,77
02/22/2023,SHV,LA,ASW,CE,Combined TRACON& Tower with Radar,41,15,16,0,72,0,0,7,0,7,41,15,23,0,79,0,0,0,79
02/23/2023,SHV,LA,ASW,CE,Combined TRACON& Tower with Radar,39,25,41,2,107,0,0,10,2,12,39,25,51,4,119,0,0,0,119
02/24/2023,SHV,LA,ASW,CE,Combined TRACON& Tower with Radar,38,14,12,6,70,0,0,3,0,3,38,14,15,6,73,0,0,0,73
02/25/2023,SHV,LA,ASW,CE,Combined TRACON& Tower with Radar,24,22,22,0,68,0,0,0,0,0,24,22,22,0,68,0,0,0,68
02/26/2023,SHV,LA,ASW,CE,Combined TRACON& Tower with Radar,26,18,20,0,64,0,0,10,0,10,26,18,30,0,74,0,0,0,74
02/27/2023,SHV,LA,ASW,CE,Combined TRACON& Tower with Radar,34,21,16,2,73,0,2,15,2,19,34,23,31,4,92,0,0,0,92
02/28/2023,SHV,LA,ASW,CE,Combined TRACON& Tower with Radar,35,19,38,0,92,0,4,22,0,26,35,23,60,0,118,0,0,0,118
03/01/2023,SHV,LA,ASW,CE,Combined TRACON& Tower with Radar,36,23,13,1,73,0,0,10,1,11,36,23,23,2,84,0,0,0,84
03/02/2023,SHV,LA,ASW,CE,Combined TRACON& Tower with Radar,32,23,11,2,68,0,0,4,0,4,32,23,15,2,72,0,0,0,72
03/03/2023,SHV,LA,ASW,CE,Combined TRACON& Tower with Radar,35,22,15,8,80,0,2,9,0,11,35,24,24,8,91,0,0,0,91
03/04/2023,SHV,LA,ASW,CE,Combined TRACON& Tower with Radar,19,12,6,0,37,0,2,15,3,20,19,14,21,3,57,0,0,0,57
03/05/2023,SHV,LA,ASW,CE,Combined TRACON& Tower with Radar,21,11,20,6,58,0,1,23,0,24,21,12,43,6,82,0,0,0,82
03/06/2023,SHV,LA,ASW,CE,Combined TRACON& Tower with Radar,28,13,19,2,62,0,0,10,0,10,28,13,29,2,72,0,0,0,72
03/07/2023,SHV,LA,ASW,CE,Combined TRACON& Tower with Radar,34,19,8,0,61,0,1,6,0,7,34,20,14,0,68,0,0,0,68
03/08/2023,SHV,LA,ASW,CE,Combined TRACON& Tower with Radar,29,17,15,0,61,0,0,6,0,6,29,17,21,0,67,0,0,0,67
03/09/2023,SHV,LA,ASW,CE,Combined TRACON& Tower with Radar,40,23,23,0,86,0,0,17,0,17,40,23,40,0,103,0,0,0,103
03/10/2023,SHV,LA,ASW,CE,Combined TRACON& Tower with Radar,37,20,18,37,112,0,1,3,10,14,37,21,21,47,126,0,0,0,126
03/11/2023,SHV,LA,ASW,CE,Combined TRACON& Tower with Radar,25,19,12,0,56,0,2,5,0,7,25,21,17,0,63,0,0,0,63
03/12/2023,SHV,LA,ASW,CE,Combined TRACON& Tower with Radar,23,16,12,2,53,0,2,5,0,7,23,18,17,2,60,0,0,0,60
03/13/2023,SHV,LA,ASW,CE,Combined TRACON& Tower with Radar,34,20,10,5,69,0,3,15,3,21,34,23,25,8,90,0,0,0,90
03/14/2023,SHV,LA,ASW,CE,Combined TRACON& Tower with Radar,35,17,10,7,69,0,1,16,1,18,35,18,26,8,87,0,0,0,87
03/15/2023,SHV,LA,ASW,CE,Combined TRACON& Tower with Radar,36,17,19,0,72,0,0,11,0,11,36,17,30,0,83,0,0,0,83
03/16/2023,SHV,LA,ASW,CE,Combined TRACON& Tower with Radar,36,12,16,0,64,0,0,3,0,3,36,12,19,0,67,0,0,0,67
03/17/2023,SHV,LA,ASW,CE,Combined TRACON& Tower with Radar,37,11,9,13,70,0,2,6,0,8,37,13,15,13,78,0,0,0,78
03/18/2023,SHV,LA,ASW,CE,Combined TRACON& Tower with Radar,25,18,26,3,72,0,4,13,0,17,25,22,39,3,89,0,0,0,89
03/19/2023,SHV,LA,ASW,CE,Combined TRACON& Tower with Radar,24,17,19,0,60,0,2,11,0,13,24,19,30,0,73,0,0,0,73
03/20/2023,SHV,LA,ASW,CE,Combined TRACON& Tower with Radar,28,18,12,0,58,0,5,8,1,14,28,23,20,1,72,14,0,14,86
03/21/2023,SHV,LA,ASW,CE,Combined TRACON& Tower with Radar,37,11,22,1,71,0,0,6,1,7,37,11,28,2,78,0,0,0,78
03/22/2023,SHV,LA,ASW,CE,Combined TRACON& Tower with Radar,33,22,19,0,74,0,1,4,0,5,33,23,23,0,79,0,0,0,79
03/23/2023,SHV,LA,ASW,CE,Combined TRACON& Tower with Radar,42,16,20,2,80,0,0,11,0,11,42,16,31,2,91,0,0,0,91
03/24/2023,SHV,LA,ASW,CE,Combined TRACON& Tower with Radar,39,13,5,0,57,0,0,4,0,4,39,13,9,0,61,0,0,0,61
03/25/2023,SHV,LA,ASW,CE,Combined TRACON& Tower with Radar,29,17,15,5,66,0,0,19,3,22,29,17,34,8,88,0,0,0,88
03/26/2023,SHV,LA,ASW,CE,Combined TRACON& Tower with Radar,24,12,11,0,47,0,2,15,5,22,24,14,26,5,69,10,2,12,81
03/27/2023,SHV,LA,ASW,CE,Combined TRACON& Tower with Radar,29,20,22,0,71,0,1,26,1,28,29,21,48,1,99,9,0,9,108
03/28/2023,SHV,LA,ASW,CE,Combined TRACON& Tower with Radar,33,16,27,0,76,0,1,24,0,25,33,17,51,0,101,2,0,2,103
03/29/2023,SHV,LA,ASW,CE,Combined TRACON& Tower with Radar,39,20,21,11,91,0,3,25,4,32,39,23,46,15,123,44,0,44,167
03/30/2023,SHV,LA,ASW,CE,Combined TRACON& Tower with Radar,40,25,23,2,90,0,1,11,0,12,40,26,34,2,102,12,0,12,114
03/31/2023,SHV,LA,ASW,CE,Combined TRACON& Tower with Radar,37,29,12,3,81,0,0,0,1,1,37,29,12,4,82,0,0,0,82
04/01/2023,SHV,LA,ASW,CE,Combined TRACON& Tower with Radar,24,21,9,1,55,0,3,20,2,25,24,24,29,3,80,0,0,0,80
04/02/2023,SHV,LA,ASW,CE,Combined TRACON& Tower with Radar,21,16,18,7,62,0,0,14,6,20,21,16,32,13,82,0,6,6,88
04/03/2023,SHV,LA,ASW,CE,Combined TRACON& Tower with Radar,28,16,14,0,58,0,3,7,2,12,28,19,21,2,70,2,0,2,72
04/04/2023,SHV,LA,ASW,CE,Combined TRACON& Tower with Radar,36,10,15,5,66,0,0,9,7,16,36,10,24,12,82,0,16,16,98
04/05/2023,SHV,LA,ASW,CE,Combined TRACON& Tower with Radar,32,13,13,0,58,0,0,0,0,0,32,13,13,0,58,0,0,0,58
04/06/2023,SHV,LA,ASW,CE,Combined TRACON& Tower with Radar,33,12,17,0,62,0,0,0,0,0,33,12,17,0,62,0,0,0,62
04/07/2023,SHV,LA,ASW,CE,Combined TRACON& Tower with Radar,37,11,12,2,62,0,0,0,0,0,37,11,12,2,62,0,0,0,62
04/08/2023,SHV,LA,ASW,CE,Combined TRACON& Tower with Radar,22,16,22,0,60,0,0,5,0,5,22,16,27,0,65,0,0,0,65
04/09/2023,SHV,LA,ASW,CE,Combined TRACON& Tower with Radar,23,13,13,0,49,0,0,5,0,5,23,13,18,0,54,0,0,0,54
04/10/2023,SHV,LA,ASW,CE,Combined TRACON& Tower with Radar,29,12,20,4,65,0,2,17,0,19,29,14,37,4,84,0,0,0,84
04/11/2023,SHV,LA,ASW,CE,Combined TRACON& Tower with Radar,30,15,16,6,67,0,2,17,2,21,30,17,33,8,88,0,0,0,88
04/12/2023,SHV,LA,ASW,CE,Combined TRACON& Tower with Radar,31,15,21,4,71,0,2,10,0,12,31,17,31,4,83,0,0,0,83
04/13/2023,SHV,LA,ASW,CE,Combined TRACON& Tower with Radar,35,23,24,8,90,0,4,9,0,13,35,27,33,8,103,0,0,0,103
04/14/2023,SHV,LA,ASW,CE,Combined TRACON& Tower with Radar,37,21,10,2,70,0,5,13,2,20,37,26,23,4,90,0,0,0,90
04/15/2023,SHV,LA,ASW,CE,Combined TRACON& Tower with Radar,32,20,8,0,60,0,0,2,0,2,32,20,10,0,62,0,0,0,62
04/16/2023,SHV,LA,ASW,CE,Combined TRACON& Tower with Radar,27,13,16,10,66,0,6,11,0,17,27,19,27,10,83,0,0,0,83
04/17/2023,SHV,LA,ASW,CE,Combined TRACON& Tower with Radar,30,17,24,0,71,0,2,20,0,22,30,19,44,0,93,0,0,0,93
04/18/2023,SHV,LA,ASW,CE,Combined TRACON& Tower with Radar,32,12,17,7,68,0,3,6,2,11,32,15,23,9,79,0,0,0,79
04/19/2023,SHV,LA,ASW,CE,Combined TRACON& Tower with Radar,34,22,16,0,72,0,0,4,0,4,34,22,20,0,76,0,0,0,76
04/20/2023,SHV,LA,ASW,CE,Combined TRACON& Tower with Radar,27,14,21,0,62,0,0,5,0,5,27,14,26,0,67,0,0,0,67
04/21/2023,SHV,LA,ASW,CE,Combined TRACON& Tower with Radar,37,12,16,10,75,0,1,2,0,3,37,13,18,10,78,0,0,0,78
04/22/2023,SHV,LA,ASW,CE,Combined TRACON& Tower with Radar,29,20,11,0,60,0,3,20,0,23,29,23,31,0,83,0,0,0,83
04/23/2023,SHV,LA,ASW,CE,Combined TRACON& Tower with Radar,25,22,15,0,62,0,0,3,0,3,25,22,18,0,65,0,0,0,65
04/24/2023,SHV,LA,ASW,CE,Combined TRACON& Tower with Radar,31,12,19,0,62,0,0,5,0,5,31,12,24,0,67,24,0,24,91
04/25/2023,SHV,LA,ASW,CE,Combined TRACON& Tower with Radar,34,19,26,0,79,0,1,12,0,13,34,20,38,0,92,0,0,0,92
04/26/2023,SHV,LA,ASW,CE,Combined TRACON& Tower with Radar,27,12,12,0,51,0,0,2,0,2,27,12,14,0,53,0,0,0,53
04/27/2023,SHV,LA,ASW,CE,Combined TRACON& Tower with Radar,43,17,10,2,72,0,0,8,2,10,43,17,18,4,82,0,0,0,82
04/28/2023,SHV,LA,ASW,CE,Combined TRACON& Tower with Radar,38,17,22,4,81,0,2,5,0,7,38,19,27,4,88,0,0,0,88
04/29/2023,SHV,LA,ASW,CE,Combined TRACON& Tower with Radar,29,30,10,0,69,0,2,1,0,3,29,32,11,0,72,0,0,0,72
04/30/2023,SHV,LA,ASW,CE,Combined TRACON& Tower with Radar,27,21,15,0,63,0,0,14,0,14,27,21,29,0,77,0,0,0,77
05/01/2023,SHV,LA,ASW,CE,Combined TRACON& Tower with Radar,29,17,18,0,64,0,3,19,0,22,29,20,37,0,86,4,0,4,90
05/02/2023,SHV,LA,ASW,CE,Combined TRACON& Tower with Radar,37,19,15,5,76,0,0,15,3,18,37,19,30,8,94,0,0,0,94
05/03/2023,SHV,LA,ASW,CE,Combined TRACON& Tower with Radar,33,24,14,2,73,0,0,8,2,10,33,24,22,4,83,0,0,0,83
05/04/2023,SHV,LA,ASW,CE,Combined TRACON& Tower with Radar,34,21,21,0,76,0,0,18,0,18,34,21,39,0,94,0,0,0,94
05/05/2023,SHV,LA,ASW,CE,Combined TRACON& Tower with Radar,36,22,23,0,81,0,1,3,0,4,36,23,26,0,85,0,0,0,85
05/06/2023,SHV,LA,ASW,CE,Combined TRACON& Tower with Radar,24,14,6,2,46,0,0,8,0,8,24,14,14,2,54,0,0,0,54
05/07/2023,SHV,LA,ASW,CE,Combined TRACON& Tower with Radar,21,12,11,14,58,0,2,2,3,7,21,14,13,17,65,0,0,0,65
05/08/2023,SHV,LA,ASW,CE,Combined TRACON& Tower with Radar,26,15,14,5,60,0,0,5,1,6,26,15,19,6,66,22,0,22,88
05/09/2023,SHV,LA,ASW,CE,Combined TRACON& Tower with Radar,35,13,23,0,71,0,0,14,2,16,35,13,37,2,87,8,0,8,95
05/10/2023,SHV,LA,ASW,CE,Combined TRACON& Tower with Radar,36,17,16,2,71,0,0,0,0,0,36,17,16,2,71,0,0,0,71
05/11/2023,SHV,LA,ASW,CE,Combined TRACON& Tower with Radar,34,19,17,0,70,0,0,2,0,2,34,19,19,0,72,0,0,0,72
05/12/2023,SHV,LA,ASW,CE,Combined TRACON& Tower with Radar,29,29,23,35,116,0,0,6,0,6,29,29,29,35,122,0,0,0,122
05/13/2023,SHV,LA,ASW,CE,Combined TRACON& Tower with Radar,25,25,10,10,70,0,1,3,4,8,25,26,13,14,78,0,0,0,78
05/14/2023,SHV,LA,ASW,CE,Combined TRACON& Tower with Radar,35,16,10,0,61,0,0,6,0,6,35,16,16,0,67,0,0,0,67
05/15/2023,SHV,LA,ASW,CE,Combined TRACON& Tower with Radar,32,18,17,8,75,0,0,10,0,10,32,18,27,8,85,0,0,0,85
05/16/2023,SHV,LA,ASW,CE,Combined TRACON& Tower with Radar,29,15,16,0,60,0,1,11,0,12,29,16,27,0,72,10,0,10,82
05/17/2023,SHV,LA,ASW,CE,Combined TRACON& Tower with Radar,31,21,20,9,81,0,0,9,1,10,31,21,29,10,91,24,0,24,115
05/18/2023,SHV,LA,ASW,CE,Combined TRACON& Tower with Radar,33,32,26,5,96,0,4,21,1,26,33,36,47,6,122,12,10,22,144
05/19/2023,SHV,LA,ASW,CE,Combined TRACON& Tower with Radar,41,23,18,0,82,0,1,13,0,14,41,24,31,0,96,2,0,2,98
05/20/2023,SHV,LA,ASW,CE,Combined TRACON& Tower with Radar,23,20,16,4,63,0,0,4,0,4,23,20,20,4,67,4,0,4,71
05/21/2023,SHV,LA,ASW,CE,Combined TRACON& Tower with Radar,27,24,19,1,71,0,1,12,1,14,27,25,31,2,85,6,6,12,97
05/22/2023,SHV,LA,ASW,CE,Combined TRACON& Tower with Radar,26,14,29,3,72,0,3,5,0,8,26,17,34,3,80,0,0,0,80
05/23/2023,SHV,LA,ASW,CE,Combined TRACON& Tower with Radar,41,9,18,0,68,0,0,18,3,21,41,9,36,3,89,0,0,0,89
05/24/2023,SHV,LA,ASW,CE,Combined TRACON& Tower with Radar,39,14,16,2,71,0,0,13,5,18,39,14,29,7,89,8,0,8,97
05/25/2023,SHV,LA,ASW,CE,Combined TRACON& Tower with Radar,36,26,22,0,84,0,4,12,0,16,36,30,34,0,100,6,0,6,106
05/26/2023,SHV,LA,ASW,CE,Combined TRACON& Tower with Radar,36,21,23,0,80,0,1,14,0,15,36,22,37,0,95,0,0,0,95
05/27/2023,SHV,LA,ASW,CE,Combined TRACON& Tower with Radar,28,23,9,0,60,0,1,12,0,13,28,24,21,0,73,0,0,0,73
05/28/2023,SHV,LA,ASW,CE,Combined TRACON& Tower with Radar,24,20,7,2,53,0,1,4,0,5,24,21,11,2,58,0,0,0,58
05/29/2023,SHV,LA,ASW,CE,Combined TRACON& Tower with Radar,26,14,9,0,49,0,1,14,0,15,26,15,23,0,64,6,0,6,70
05/30/2023,SHV,LA,ASW,CE,Combined TRACON& Tower with Radar,32,26,22,3,83,0,1,11,2,14,32,27,33,5,97,0,4,4,101
05/31/2023,SHV,LA,ASW,CE,Combined TRACON& Tower with Radar,33,26,9,3,71,0,2,17,1,20,33,28,26,4,91,0,0,0,91
06/01/2023,SHV,LA,ASW,CE,Combined TRACON& Tower with Radar,45,22,14,0,81,0,2,15,0,17,45,24,29,0,98,0,0,0,98
06/02/2023,SHV,LA,ASW,CE,Combined TRACON& Tower with Radar,41,19,15,9,84,0,4,17,2,23,41,23,32,11,107,0,4,4,111
06/03/2023,SHV,LA,ASW,CE,Combined TRACON& Tower with Radar,19,24,9,6,58,0,1,4,0,5,19,25,13,6,63,0,0,0,63
06/04/2023,SHV,LA,ASW,CE,Combined TRACON& Tower with Radar,26,17,13,0,56,0,0,3,0,3,26,17,16,0,59,22,0,22,81
06/05/2023,SHV,LA,ASW,CE,Combined TRACON& Tower with Radar,30,19,8,0,57,0,2,16,0,18,30,21,24,0,75,0,0,0,75
06/06/2023,SHV,LA,ASW,CE,Combined TRACON& Tower with Radar,25,17,13,0,55,0,0,7,0,7,25,17,20,0,62,0,0,0,62
06/07/2023,SHV,LA,ASW,CE,Combined TRACON& Tower with Radar,41,17,22,6,86,0,1,13,0,14,41,18,35,6,100,20,0,20,120
06/08/2023,SHV,LA,ASW,CE,Combined TRACON& Tower with Radar,47,19,20,3,89,0,1,27,0,28,47,20,47,3,117,8,0,8,125
06/09/2023,SHV,LA,ASW,CE,Combined TRACON& Tower with Radar,38,27,16,15,96,0,0,20,0,20,38,27,36,15,116,28,0,28,144
06/10/2023,SHV,LA,ASW,CE,Combined TRACON& Tower with Radar,22,20,15,0,57,0,6,13,0,19,22,26,28,0,76,0,0,0,76
06/11/2023,SHV,LA,ASW,CE,Combined TRACON& Tower with Radar,33,14,7,13,67,0,2,7,4,13,33,16,14,17,80,4,0,4,84
06/12/2023,SHV,LA,ASW,CE,Combined TRACON& Tower with Radar,41,26,12,4,83,0,1,2,0,3,41,27,14,4,86,0,0,0,86
06/13/2023,SHV,LA,ASW,CE,Combined TRACON& Tower with Radar,35,23,9,0,67,0,0,3,0,3,35,23,12,0,70,0,0,0,70
06/14/2023,SHV,LA,ASW,CE,Combined TRACON& Tower with Radar,30,23,12,8,73,0,1,5,0,6,30,24,17,8,79,0,0,0,79
06/15/2023,SHV,LA,ASW,CE,Combined TRACON& Tower with Radar,37,25,24,15,101,0,0,2,3,5,37,25,26,18,106,0,0,0,106
06/16/2023,SHV,LA,ASW,CE,Combined TRACON& Tower with Radar,41,8,11,0,60,0,0,17,0,17,41,8,28,0,77,0,0,0,77
06/17/2023,SHV,LA,ASW,CE,Combined TRACON& Tower with Radar,22,30,22,0,74,0,1,10,0,11,22,31,32,0,85,0,0,0,85
06/18/2023,SHV,LA,ASW,CE,Combined TRACON& Tower with Radar,26,17,15,0,58,0,0,10,0,10,26,17,25,0,68,0,0,0,68
06/19/2023,SHV,LA,ASW,CE,Combined TRACON& Tower with Radar,37,12,23,0,72,0,2,21,0,23,37,14,44,0,95,14,0,14,109
06/20/2023,SHV,LA,ASW,CE,Combined TRACON& Tower with Radar,32,20,14,3,69,0,1,8,1,10,32,21,22,4,79,0,0,0,79
06/21/2023,SHV,LA,ASW,CE,Combined TRACON& Tower with Radar,40,22,16,12,90,0,0,19,2,21,40,22,35,14,111,0,0,0,111
06/22/2023,SHV,LA,ASW,CE,Combined TRACON& Tower with Radar,39,23,19,3,84,0,0,9,2,11,39,23,28,5,95,0,0,0,95
06/23/2023,SHV,LA,ASW,CE,Combined TRACON& Tower with Radar,44,20,12,19,95,0,1,16,2,19,44,21,28,21,114,0,0,0,114
06/24/2023,SHV,LA,ASW,CE,Combined TRACON& Tower with Radar,26,22,12,0,60,0,0,19,0,19,26,22,31,0,79,0,0,0,79
06/25/2023,SHV,LA,ASW,CE,Combined TRACON& Tower with Radar,29,21,9,10,69,0,2,8,0,10,29,23,17,10,79,0,0,0,79
06/26/2023,SHV,LA,ASW,CE,Combined TRACON& Tower with Radar,37,17,23,0,77,0,2,6,0,8,37,19,29,0,85,25,0,25,110
06/27/2023,SHV,LA,ASW,CE,Combined TRACON& Tower with Radar,36,20,17,2,75,0,0,14,0,14,36,20,31,2,89,0,0,0,89
06/28/2023,SHV,LA,ASW,CE,Combined TRACON& Tower with Radar,31,18,16,35,100,0,2,7,5,14,31,20,23,40,114,0,0,0,114
06/29/2023,SHV,LA,ASW,CE,Combined TRACON& Tower with Radar,46,13,23,21,103,1,7,25,0,33,47,20,48,21,136,0,0,0,136
06/30/2023,SHV,LA,ASW,CE,Combined TRACON& Tower with Radar,38,20,17,3,78,0,4,23,1,28,38,24,40,4,106,0,0,0,106
07/01/2023,SHV,LA,ASW,CE,Combined TRACON& Tower with Radar,22,28,21,0,71,0,10,12,0,22,22,38,33,0,93,0,0,0,93
07/02/2023,SHV,LA,ASW,CE,Combined TRACON& Tower with Radar,25,16,2,0,43,0,0,5,0,5,25,16,7,0,48,12,0,12,60
07/03/2023,SHV,LA,ASW,CE,Combined TRACON& Tower with Radar,26,18,10,0,54,0,0,8,0,8,26,18,18,0,62,10,0,10,72
07/04/2023,SHV,LA,ASW,CE,Combined TRACON& Tower with Radar,16,14,3,0,33,0,1,11,0,12,16,15,14,0,45,0,0,0,45
07/05/2023,SHV,LA,ASW,CE,Combined TRACON& Tower with Radar,24,10,10,0,44,0,0,13,0,13,24,10,23,0,57,0,0,0,57
07/06/2023,SHV,LA,ASW,CE,Combined TRACON& Tower with Radar,34,18,12,1,65,0,0,8,1,9,34,18,20,2,74,0,0,0,74
07/07/2023,SHV,LA,ASW,CE,Combined TRACON& Tower with Radar,41,16,12,13,82,0,1,10,0,11,41,17,22,13,93,0,6,6,99
07/08/2023,SHV,LA,ASW,CE,Combined TRACON& Tower with Radar,23,12,11,2,48,0,2,9,2,13,23,14,20,4,61,4,0,4,65
07/09/2023,SHV,LA,ASW,CE,Combined TRACON& Tower with Radar,24,10,9,2,45,0,0,5,0,5,24,10,14,2,50,0,0,0,50
07/10/2023,SHV,LA,ASW,CE,Combined TRACON& Tower with Radar,34,11,11,0,56,0,2,5,0,7,34,13,16,0,63,0,0,0,63
07/11/2023,SHV,LA,ASW,CE,Combined TRACON& Tower with Radar,30,20,8,11,69,0,0,9,0,9,30,20,17,11,78,10,0,10,88
07/12/2023,SHV,LA,ASW,CE,Combined TRACON& Tower with Radar,30,20,13,9,72,0,3,10,0,13,30,23,23,9,85,38,0,38,123
07/13/2023,SHV,LA,ASW,CE,Combined TRACON& Tower with Radar,32,18,18,17,85,0,0,11,4,15,32,18,29,21,100,6,0,6,106
07/14/2023,SHV,LA,ASW,CE,Combined TRACON& Tower with Radar,38,23,23,15,99,0,2,8,1,11,38,25,31,16,110,8,0,8,118
07/15/2023,SHV,LA,ASW,CE,Combined TRACON& Tower with Radar,20,17,10,9,56,0,1,11,6,18,20,18,21,15,74,0,0,0,74
07/16/2023,SHV,LA,ASW,CE,Combined TRACON& Tower with Radar,25,17,12,0,54,0,0,2,0,2,25,17,14,0,56,0,0,0,56
07/17/2023,SHV,LA,ASW,CE,Combined TRACON& Tower with Radar,30,14,9,2,55,0,3,16,2,21,30,17,25,4,76,6,0,6,82
07/18/2023,SHV,LA,ASW,CE,Combined TRACON& Tower with Radar,32,22,13,0,67,0,0,27,0,27,32,22,40,0,94,18,0,18,112
07/19/2023,SHV,LA,ASW,CE,Combined TRACON& Tower with Radar,31,27,30,0,88,0,3,20,0,23,31,30,50,0,111,22,10,32,143
07/20/2023,SHV,LA,ASW,CE,Combined TRACON& Tower with Radar,36,24,28,11,99,0,2,31,7,40,36,26,59,18,139,0,0,0,139
07/21/2023,SHV,LA,ASW,CE,Combined TRACON& Tower with Radar,41,29,10,6,86,0,2,14,0,16,41,31,24,6,102,0,12,12,114
07/22/2023,SHV,LA,ASW,CE,Combined TRACON& Tower with Radar,21,20,9,0,50,0,1,5,0,6,21,21,14,0,56,0,0,0,56
07/23/2023,SHV,LA,ASW,CE,Combined TRACON& Tower with Radar,24,15,7,4,50,0,3,4,0,7,24,18,11,4,57,0,0,0,57
07/24/2023,SHV,LA,ASW,CE,Combined TRACON& Tower with Radar,32,20,22,0,74,0,0,11,0,11,32,20,33,0,85,4,0,4,89
07/25/2023,SHV,LA,ASW,CE,Combined TRACON& Tower with Radar,30,16,10,0,56,0,3,15,0,18,30,19,25,0,74,0,0,0,74
07/26/2023,SHV,LA,ASW,CE,Combined TRACON& Tower with Radar,31,26,16,8,81,0,0,20,0,20,31,26,36,8,101,0,0,0,101
07/27/2023,SHV,LA,ASW,CE,Combined TRACON& Tower with Radar,36,19,16,0,71,0,0,3,4,7,36,19,19,4,78,0,0,0,78
07/28/2023,SHV,LA,ASW,CE,Combined TRACON& Tower with Radar,43,16,20,0,79,0,2,11,0,13,43,18,31,0,92,0,0,0,92
07/29/2023,SHV,LA,ASW,CE,Combined TRACON& Tower with Radar,21,24,10,2,57,0,0,5,0,5,21,24,15,2,62,0,0,0,62
07/30/2023,SHV,LA,ASW,CE,Combined TRACON& Tower with Radar,32,12,10,4,58,0,4,12,0,16,32,16,22,4,74,0,0,0,74
07/31/2023,SHV,LA,ASW,CE,Combined TRACON& Tower with Radar,33,15,15,0,63,0,0,12,0,12,33,15,27,0,75,0,0,0,75
08/01/2023,SHV,LA,ASW,CE,Combined TRACON& Tower with Radar,32,21,20,0,73,0,0,15,0,15,32,21,35,0,88,0,0,0,88
08/02/2023,SHV,LA,ASW,CE,Combined TRACON& Tower with Radar,31,19,15,2,67,0,3,10,0,13,31,22,25,2,80,8,0,8,88
08/03/2023,SHV,LA,ASW,CE,Combined TRACON& Tower with Radar,47,11,14,2,74,0,0,24,0,24,47,11,38,2,98,4,0,4,102
08/04/2023,SHV,LA,ASW,CE,Combined TRACON& Tower with Radar,44,17,18,12,91,0,0,14,0,14,44,17,32,12,105,0,0,0,105
08/05/2023,SHV,LA,ASW,CE,Combined TRACON& Tower with Radar,22,23,2,1,48,0,1,7,1,9,22,24,9,2,57,0,0,0,57
08/06/2023,SHV,LA,ASW,CE,Combined TRACON& Tower with Radar,23,16,8,0,47,0,1,6,0,7,23,17,14,0,54,22,0,22,76
08/07/2023,SHV,LA,ASW,CE,Combined TRACON& Tower with Radar,32,23,19,1,75,0,0,8,0,8,32,23,27,1,83,0,0,0,83
08/08/2023,SHV,LA,ASW,CE,Combined TRACON& Tower with Radar,35,11,11,1,58,0,0,4,2,6,35,11,15,3,64,18,0,18,82
08/09/2023,SHV,LA,ASW,CE,Combined TRACON& Tower with Radar,41,17,17,5,80,0,2,10,1,13,41,19,27,6,93,6,6,12,105
08/10/2023,SHV,LA,ASW,CE,Combined TRACON& Tower with Radar,45,20,13,2,80,0,2,11,0,13,45,22,24,2,93,16,0,16,109
08/11/2023,SHV,LA,ASW,CE,Combined TRACON& Tower with Radar,38,23,14,26,101,0,0,9,0,9,38,23,23,26,110,0,0,0,110
08/12/2023,SHV,LA,ASW,CE,Combined TRACON& Tower with Radar,21,15,15,5,56,0,3,6,4,13,21,18,21,9,69,0,0,0,69
08/13/2023,SHV,LA,ASW,CE,Combined TRACON& Tower with Radar,31,13,12,0,56,0,1,6,0,7,31,14,18,0,63,0,0,0,63
08/14/2023,SHV,LA,ASW,CE,Combined TRACON& Tower with Radar,31,10,6,2,49,0,2,5,0,7,31,12,11,2,56,10,0,10,66
08/15/2023,SHV,LA,ASW,CE,Combined TRACON& Tower with Radar,34,19,12,0,65,0,1,24,0,25,34,20,36,0,90,14,0,14,104
08/16/2023,SHV,LA,ASW,CE,Combined TRACON& Tower with Radar,34,12,12,4,62,0,2,12,0,14,34,14,24,4,76,0,0,0,76
08/17/2023,SHV,LA,ASW,CE,Combined TRACON& Tower with Radar,36,15,15,0,66,0,2,12,2,16,36,17,27,2,82,10,0,10,92
08/18/2023,SHV,LA,ASW,CE,Combined TRACON& Tower with Radar,35,20,5,17,77,0,0,13,3,16,35,20,18,20,93,0,12,12,105
08/19/2023,SHV,LA,ASW,CE,Combined TRACON& Tower with Radar,31,11,13,2,57,0,1,12,0,13,31,12,25,2,70,0,0,0,70
08/20/2023,SHV,LA,ASW,CE,Combined TRACON& Tower with Radar,25,18,8,26,77,0,1,10,0,11,25,19,18,26,88,2,0,2,90
08/21/2023,SHV,LA,ASW,CE,Combined TRACON& Tower with Radar,35,16,11,0,62,0,3,11,0,14,35,19,22,0,76,0,0,0,76
08/22/2023,SHV,LA,ASW,CE,Combined TRACON& Tower with Radar,37,20,26,39,122,0,4,6,5,15,37,24,32,44,137,0,26,26,163
08/23/2023,SHV,LA,ASW,CE,Combined TRACON& Tower with Radar,32,19,9,7,67,0,1,8,2,11,32,20,17,9,78,0,0,0,78
08/24/2023,SHV,LA,ASW,CE,Combined TRACON& Tower with Radar,34,15,12,0,61,0,0,12,0,12,34,15,24,0,73,0,0,0,73
08/25/2023,SHV,LA,ASW,CE,Combined TRACON& Tower with Radar,40,15,16,8,79,0,0,7,0,7,40,15,23,8,86,0,0,0,86
08/26/2023,SHV,LA,ASW,CE,Combined TRACON& Tower with Radar,22,16,7,0,45,0,0,9,0,9,22,16,16,0,54,0,0,0,54
08/27/2023,SHV,LA,ASW,CE,Combined TRACON& Tower with Radar,26,13,13,0,52,0,1,8,0,9,26,14,21,0,61,0,0,0,61
08/28/2023,SHV,LA,ASW,CE,Combined TRACON& Tower with Radar,28,18,28,0,74,0,4,5,0,9,28,22,33,0,83,0,0,0,83
08/29/2023,SHV,LA,ASW,CE,Combined TRACON& Tower with Radar,33,13,27,6,79,0,0,6,0,6,33,13,33,6,85,0,0,0,85
08/30/2023,SHV,LA,ASW,CE,Combined TRACON& Tower with Radar,38,23,15,5,81,0,3,7,1,11,38,26,22,6,92,0,0,0,92
08/31/2023,SHV,LA,ASW,CE,Combined TRACON& Tower with Radar,39,25,13,0,77,0,4,18,0,22,39,29,31,0,99,0,0,0,99
01/01/2020,SHV,LA,ASW,CE,Combined TRACON& Tower with Radar,15,18,10,0,43,0,4,6,0,10,15,22,16,0,53,0,0,0,53
01/02/2020,SHV,LA,ASW,CE,Combined TRACON& Tower with Radar,21,24,7,0,52,0,0,0,0,0,21,24,7,0,52,0,0,0,52
01/03/2020,SHV,LA,ASW,CE,Combined TRACON& Tower with Radar,24,24,18,28,94,0,2,9,0,11,24,26,27,28,105,3,0,3,108
01/04/2020,SHV,LA,ASW,CE,Combined TRACON& Tower with Radar,19,16,10,0,45,0,2,20,3,25,19,18,30,3,70,4,0,4,74
01/05/2020,SHV,LA,ASW,CE,Combined TRACON& Tower with Radar,17,24,17,1,59,0,7,19,1,27,17,31,36,2,86,0,0,0,86
01/06/2020,SHV,LA,ASW,CE,Combined TRACON& Tower with Radar,21,26,24,10,81,0,1,7,0,8,21,27,31,10,89,12,5,17,106
01/07/2020,SHV,LA,ASW,CE,Combined TRACON& Tower with Radar,22,21,12,0,55,0,2,23,0,25,22,23,35,0,80,0,0,0,80
01/08/2020,SHV,LA,ASW,CE,Combined TRACON& Tower with Radar,20,26,29,9,84,0,2,15,3,20,20,28,44,12,104,2,0,2,106
01/09/2020,SHV,LA,ASW,CE,Combined TRACON& Tower with Radar,25,23,12,0,60,0,5,4,3,12,25,28,16,3,72,0,0,0,72
01/10/2020,SHV,LA,ASW,CE,Combined TRACON& Tower with Radar,25,21,9,0,55,0,2,0,0,2,25,23,9,0,57,0,0,0,57
01/11/2020,SHV,LA,ASW,CE,Combined TRACON& Tower with Radar,17,24,8,0,49,0,0,6,0,6,17,24,14,0,55,0,0,0,55
01/12/2020,SHV,LA,ASW,CE,Combined TRACON& Tower with Radar,16,24,19,0,59,0,0,20,0,20,16,24,39,0,79,0,0,0,79
01/13/2020,SHV,LA,ASW,CE,Combined TRACON& Tower with Radar,31,28,29,1,89,0,2,33,1,36,31,30,62,2,125,0,0,0,125
01/14/2020,SHV,LA,ASW,CE,Combined TRACON& Tower with Radar,22,27,32,0,81,0,0,0,0,0,22,27,32,0,81,0,0,0,81
01/15/2020,SHV,LA,ASW,CE,Combined TRACON& Tower with Radar,21,32,21,0,74,0,0,2,0,2,21,32,23,0,76,0,0,0,76
01/16/2020,SHV,LA,ASW,CE,Combined TRACON& Tower with Radar,27,23,10,0,60,0,0,4,0,4,27,23,14,0,64,8,0,8,72
01/17/2020,SHV,LA,ASW,CE,Combined TRACON& Tower with Radar,29,26,22,0,77,0,0,2,0,2,29,26,24,0,79,0,0,0,79
01/18/2020,SHV,LA,ASW,CE,Combined TRACON& Tower with Radar,13,15,8,6,42,0,1,9,0,10,13,16,17,6,52,0,0,0,52
01/19/2020,SHV,LA,ASW,CE,Combined TRACON& Tower with Radar,21,17,14,0,52,0,0,17,1,18,21,17,31,1,70,4,0,4,74
01/20/2020,SHV,LA,ASW,CE,Combined TRACON& Tower with Radar,21,20,19,0,60,0,0,30,0,30,21,20,49,0,90,14,0,14,104
01/21/2020,SHV,LA,ASW,CE,Combined TRACON& Tower with Radar,26,23,13,0,62,0,3,11,0,14,26,26,24,0,76,0,0,0,76
01/22/2020,SHV,LA,ASW,CE,Combined TRACON& Tower with Radar,22,29,4,0,55,0,1,1,0,2,22,30,5,0,57,0,0,0,57
01/23/2020,SHV,LA,ASW,CE,Combined TRACON& Tower with Radar,25,26,20,0,71,0,0,0,0,0,25,26,20,0,71,0,0,0,71
01/24/2020,SHV,LA,ASW,CE,Combined TRACON& Tower with Radar,25,31,29,18,103,0,2,19,3,24,25,33,48,21,127,0,0,0,127
01/25/2020,SHV,LA,ASW,CE,Combined TRACON& Tower with Radar,12,26,9,18,65,0,6,27,10,43,12,32,36,28,108,20,0,20,128
01/26/2020,SHV,LA,ASW,CE,Combined TRACON& Tower with Radar,20,24,20,0,64,0,0,1,0,1,20,24,21,0,65,2,0,2,67
01/27/2020,SHV,LA,ASW,CE,Combined TRACON& Tower with Radar,28,29,18,2,77,0,1,5,0,6,28,30,23,2,83,0,0,0,83
01/28/2020,SHV,LA,ASW,CE,Combined TRACON& Tower with Radar,23,26,18,0,67,0,0,0,4,4,23,26,18,4,71,2,0,2,73
01/29/2020,SHV,LA,ASW,CE,Combined TRACON& Tower with Radar,21,33,28,0,82,0,0,0,0,0,21,33,28,0,82,0,0,0,82
01/30/2020,SHV,LA,ASW,CE,Combined TRACON& Tower with Radar,27,27,32,2,88,0,0,0,0,0,27,27,32,2,88,0,0,0,88
01/31/2020,SHV,LA,ASW,CE,Combined TRACON& Tower with Radar,27,24,28,64,143,0,0,2,0,2,27,24,30,64,145,0,4,4,149
02/01/2020,SHV,LA,ASW,CE,Combined TRACON& Tower with Radar,17,18,11,5,51,0,0,28,6,34,17,18,39,11,85,23,30,53,138
02/02/2020,SHV,LA,ASW,CE,Combined TRACON& Tower with Radar,20,16,7,7,50,0,2,13,3,18,20,18,20,10,68,0,0,0,68
02/03/2020,SHV,LA,ASW,CE,Combined TRACON& Tower with Radar,22,20,23,7,72,0,1,2,3,6,22,21,25,10,78,0,0,0,78
02/04/2020,SHV,LA,ASW,CE,Combined TRACON& Tower with Radar,29,22,13,7,71,0,0,0,0,0,29,22,13,7,71,0,0,0,71
02/05/2020,SHV,LA,ASW,CE,Combined TRACON& Tower with Radar,26,22,16,0,64,0,0,0,0,0,26,22,16,0,64,0,0,0,64
02/06/2020,SHV,LA,ASW,CE,Combined TRACON& Tower with Radar,27,23,15,5,70,0,2,4,3,9,27,25,19,8,79,8,2,10,89
02/07/2020,SHV,LA,ASW,CE,Combined TRACON& Tower with Radar,29,33,28,7,97,0,1,17,4,22,29,34,45,11,119,20,0,20,139
02/08/2020,SHV,LA,ASW,CE,Combined TRACON& Tower with Radar,14,26,10,4,54,0,1,43,1,45,14,27,53,5,99,2,8,10,109
02/09/2020,SHV,LA,ASW,CE,Combined TRACON& Tower with Radar,20,22,13,1,56,0,4,4,1,9,20,26,17,2,65,0,2,2,67
02/10/2020,SHV,LA,ASW,CE,Combined TRACON& Tower with Radar,21,21,9,0,51,0,0,0,0,0,21,21,9,0,51,0,0,0,51
02/11/2020,SHV,LA,ASW,CE,Combined TRACON& Tower with Radar,26,22,6,0,54,0,0,0,0,0,26,22,6,0,54,0,0,0,54
02/12/2020,SHV,LA,ASW,CE,Combined TRACON& Tower with Radar,24,28,7,0,59,0,0,0,0,0,24,28,7,0,59,0,0,0,59
02/13/2020,SHV,LA,ASW,CE,Combined TRACON& Tower with Radar,28,23,34,18,103,0,3,5,0,8,28,26,39,18,111,5,0,5,116
02/14/2020,SHV,LA,ASW,CE,Combined TRACON& Tower with Radar,34,29,21,0,84,0,2,24,0,26,34,31,45,0,110,34,0,34,144
02/15/2020,SHV,LA,ASW,CE,Combined TRACON& Tower with Radar,15,19,17,0,51,0,0,35,0,35,15,19,52,0,86,2,0,2,88
02/16/2020,SHV,LA,ASW,CE,Combined TRACON& Tower with Radar,19,20,21,0,60,0,0,2,0,2,19,20,23,0,62,0,0,0,62
02/17/2020,SHV,LA,ASW,CE,Combined TRACON& Tower with Radar,21,33,24,0,78,0,0,0,0,0,21,33,24,0,78,0,0,0,78
02/18/2020,SHV,LA,ASW,CE,Combined TRACON& Tower with Radar,26,31,5,2,64,0,0,2,0,2,26,31,7,2,66,0,0,0,66
02/19/2020,SHV,LA,ASW,CE,Combined TRACON& Tower with Radar,22,31,20,0,73,0,0,0,0,0,22,31,20,0,73,0,0,0,73
02/20/2020,SHV,LA,ASW,CE,Combined TRACON& Tower with Radar,24,31,20,0,75,0,0,2,0,2,24,31,22,0,77,0,0,0,77
02/21/2020,SHV,LA,ASW,CE,Combined TRACON& Tower with Radar,26,31,19,38,114,0,10,19,3,32,26,41,38,41,146,8,2,10,156
02/22/2020,SHV,LA,ASW,CE,Combined TRACON& Tower with Radar,15,23,8,45,91,0,0,27,10,37,15,23,35,55,128,0,0,0,128
02/23/2020,SHV,LA,ASW,CE,Combined TRACON& Tower with Radar,21,27,11,31,90,0,2,0,0,2,21,29,11,31,92,0,4,4,96
02/24/2020,SHV,LA,ASW,CE,Combined TRACON& Tower with Radar,22,27,6,2,57,0,1,2,0,3,22,28,8,2,60,0,0,0,60
02/25/2020,SHV,LA,ASW,CE,Combined TRACON& Tower with Radar,22,33,16,6,77,0,0,9,3,12,22,33,25,9,89,10,0,10,99
02/26/2020,SHV,LA,ASW,CE,Combined TRACON& Tower with Radar,21,31,18,21,91,0,0,13,1,14,21,31,31,22,105,0,10,10,115
02/27/2020,SHV,LA,ASW,CE,Combined TRACON& Tower with Radar,25,28,23,15,91,0,0,23,2,25,25,28,46,17,116,10,0,10,126
02/28/2020,SHV,LA,ASW,CE,Combined TRACON& Tower with Radar,26,25,10,51,112,0,4,20,1,25,26,29,30,52,137,8,0,8,145
02/29/2020,SHV,LA,ASW,CE,Combined TRACON& Tower with Radar,17,28,8,4,57,0,1,20,7,28,17,29,28,11,85,0,8,8,93
03/01/2020,SHV,LA,ASW,CE,Combined TRACON& Tower with Radar,19,28,9,11,67,0,2,1,1,4,19,30,10,12,71,0,0,0,71
03/02/2020,SHV,LA,ASW,CE,Combined TRACON& Tower with Radar,20,22,16,2,60,0,0,6,0,6,20,22,22,2,66,0,0,0,66
03/03/2020,SHV,LA,ASW,CE,Combined TRACON& Tower with Radar,22,33,14,0,69,0,1,1,0,2,22,34,15,0,71,28,0,28,99
03/04/2020,SHV,LA,ASW,CE,Combined TRACON& Tower with Radar,22,27,6,0,55,0,0,0,0,0,22,27,6,0,55,28,0,28,83
03/05/2020,SHV,LA,ASW,CE,Combined TRACON& Tower with Radar,23,36,30,18,107,0,0,25,0,25,23,36,55,18,132,6,0,6,138
03/06/2020,SHV,LA,ASW,CE,Combined TRACON& Tower with Radar,26,29,7,9,71,0,3,23,0,26,26,32,30,9,97,6,0,6,103
03/07/2020,SHV,LA,ASW,CE,Combined TRACON& Tower with Radar,14,20,11,0,45,0,0,20,0,20,14,20,31,0,65,18,0,18,83
03/08/2020,SHV,LA,ASW,CE,Combined TRACON& Tower with Radar,18,26,25,1,70,0,1,12,1,14,18,27,37,2,84,0,54,54,138
03/09/2020,SHV,LA,ASW,CE,Combined TRACON& Tower with Radar,26,26,13,0,65,0,0,1,0,1,26,26,14,0,66,0,0,0,66
03/10/2020,SHV,LA,ASW,CE,Combined TRACON& Tower with Radar,22,34,18,0,74,0,2,16,2,20,22,36,34,2,94,6,0,6,100
03/11/2020,SHV,LA,ASW,CE,Combined TRACON& Tower with Radar,31,25,25,4,85,0,2,9,0,11,31,27,34,4,96,14,0,14,110
03/12/2020,SHV,LA,ASW,CE,Combined TRACON& Tower with Radar,24,24,12,0,60,0,0,11,0,11,24,24,23,0,71,0,0,0,71
03/13/2020,SHV,LA,ASW,CE,Combined TRACON& Tower with Radar,32,31,7,6,76,0,0,1,0,1,32,31,8,6,77,0,0,0,77
03/14/2020,SHV,LA,ASW,CE,Combined TRACON& Tower with Radar,14,20,12,2,48,0,0,7,0,7,14,20,19,2,55,2,0,2,57
03/15/2020,SHV,LA,ASW,CE,Combined TRACON& Tower with Radar,16,28,11,4,59,0,0,1,0,1,16,28,12,4,60,2,0,2,62
03/16/2020,SHV,LA,ASW,CE,Combined TRACON& Tower with Radar,20,35,17,0,72,0,0,0,0,0,20,35,17,0,72,0,0,0,72
03/17/2020,SHV,LA,ASW,CE,Combined TRACON& Tower with Radar,19,29,17,0,65,0,0,8,0,8,19,29,25,0,73,0,0,0,73
03/18/2020,SHV,LA,ASW,CE,Combined TRACON& Tower with Radar,25,22,15,0,62,0,0,1,0,1,25,22,16,0,63,0,0,0,63
03/19/2020,SHV,LA,ASW,CE,Combined TRACON& Tower with Radar,24,24,4,0,52,0,4,5,0,9,24,28,9,0,61,0,0,0,61
03/20/2020,SHV,LA,ASW,CE,Combined TRACON& Tower with Radar,20,17,2,0,39,0,0,0,0,0,20,17,2,0,39,10,0,10,49
03/21/2020,SHV,LA,ASW,CE,Combined TRACON& Tower with Radar,14,16,9,0,39,0,0,6,0,6,14,16,15,0,45,12,0,12,57
03/22/2020,SHV,LA,ASW,CE,Combined TRACON& Tower with Radar,15,18,2,0,35,0,0,0,0,0,15,18,2,0,35,0,0,0,35
03/23/2020,SHV,LA,ASW,CE,Combined TRACON& Tower with Radar,17,18,4,0,39,0,0,0,0,0,17,18,4,0,39,0,0,0,39
03/24/2020,SHV,LA,ASW,CE,Combined TRACON& Tower with Radar,22,16,12,0,50,0,0,3,0,3,22,16,15,0,53,0,0,0,53
03/25/2020,SHV,LA,ASW,CE,Combined TRACON& Tower with Radar,17,11,2,0,30,0,0,8,0,8,17,11,10,0,38,0,0,0,38
03/26/2020,SHV,LA,ASW,CE,Combined TRACON& Tower with Radar,17,11,5,0,33,0,1,4,0,5,17,12,9,0,38,10,0,10,48
03/27/2020,SHV,LA,ASW,CE,Combined TRACON& Tower with Radar,18,10,9,0,37,0,5,7,1,13,18,15,16,1,50,0,0,0,50
03/28/2020,SHV,LA,ASW,CE,Combined TRACON& Tower with Radar,11,11,1,0,23,0,1,0,4,5,11,12,1,4,28,0,0,0,28
03/29/2020,SHV,LA,ASW,CE,Combined TRACON& Tower with Radar,14,13,5,2,34,0,0,19,0,19,14,13,24,2,53,0,0,0,53
03/30/2020,SHV,LA,ASW,CE,Combined TRACON& Tower with Radar,17,13,4,0,34,0,0,1,0,1,17,13,5,0,35,0,0,0,35
03/31/2020,SHV,LA,ASW,CE,Combined TRACON& Tower with Radar,18,10,1,0,29,0,1,4,0,5,18,11,5,0,34,0,0,0,34
04/01/2020,SHV,LA,ASW,CE,Combined TRACON& Tower with Radar,19,14,5,0,38,0,0,19,0,19,19,14,24,0,57,4,0,4,61
04/02/2020,SHV,LA,ASW,CE,Combined TRACON& Tower with Radar,19,13,3,0,35,0,0,10,0,10,19,13,13,0,45,6,0,6,51
04/03/2020,SHV,LA,ASW,CE,Combined TRACON& Tower with Radar,17,8,2,0,27,0,0,4,0,4,17,8,6,0,31,6,0,6,37
04/04/2020,SHV,LA,ASW,CE,Combined TRACON& Tower with Radar,9,15,0,0,24,0,0,0,0,0,9,15,0,0,24,0,0,0,24
04/05/2020,SHV,LA,ASW,CE,Combined TRACON& Tower with Radar,7,14,9,0,30,0,1,3,0,4,7,15,12,0,34,0,0,0,34
04/06/2020,SHV,LA,ASW,CE,Combined TRACON& Tower with Radar,9,11,6,0,26,0,0,8,2,10,9,11,14,2,36,0,0,0,36
04/07/2020,SHV,LA,ASW,CE,Combined TRACON& Tower with Radar,18,13,13,0,44,0,2,5,0,7,18,15,18,0,51,0,0,0,51
04/08/2020,SHV,LA,ASW,CE,Combined TRACON& Tower with Radar,17,10,5,2,34,0,1,5,0,6,17,11,10,2,40,0,0,0,40
04/09/2020,SHV,LA,ASW,CE,Combined TRACON& Tower with Radar,16,9,2,0,27,0,3,24,0,27,16,12,26,0,54,19,0,19,73
04/10/2020,SHV,LA,ASW,CE,Combined TRACON& Tower with Radar,16,12,7,0,35,0,0,10,4,14,16,12,17,4,49,0,0,0,49
04/11/2020,SHV,LA,ASW,CE,Combined TRACON& Tower with Radar,8,11,2,0,21,0,1,4,0,5,8,12,6,0,26,8,0,8,34
04/12/2020,SHV,LA,ASW,CE,Combined TRACON& Tower with Radar,8,12,2,0,22,0,0,1,0,1,8,12,3,0,23,0,0,0,23
04/13/2020,SHV,LA,ASW,CE,Combined TRACON& Tower with Radar,11,11,7,0,29,0,1,7,0,8,11,12,14,0,37,0,0,0,37
04/14/2020,SHV,LA,ASW,CE,Combined TRACON& Tower with Radar,16,10,2,0,28,0,2,13,0,15,16,12,15,0,43,6,0,6,49
04/15/2020,SHV,LA,ASW,CE,Combined TRACON& Tower with Radar,16,10,6,0,32,0,0,13,0,13,16,10,19,0,45,6,0,6,51
04/16/2020,SHV,LA,ASW,CE,Combined TRACON& Tower with Radar,19,12,3,2,36,0,1,20,2,23,19,13,23,4,59,6,0,6,65
04/17/2020,SHV,LA,ASW,CE,Combined TRACON& Tower with Radar,16,11,2,0,29,0,0,6,0,6,16,11,8,0,35,44,0,44,79
04/18/2020,SHV,LA,ASW,CE,Combined TRACON& Tower with Radar,6,9,8,0,23,0,0,2,0,2,6,9,10,0,25,0,0,0,25
04/19/2020,SHV,LA,ASW,CE,Combined TRACON& Tower with Radar,3,8,2,0,13,0,0,0,0,0,3,8,2,0,13,0,0,0,13
04/20/2020,SHV,LA,ASW,CE,Combined TRACON& Tower with Radar,10,12,6,0,28,0,0,2,0,2,10,12,8,0,30,0,0,0,30
04/21/2020,SHV,LA,ASW,CE,Combined TRACON& Tower with Radar,14,10,9,0,33,0,2,28,1,31,14,12,37,1,64,34,0,34,98
04/22/2020,SHV,LA,ASW,CE,Combined TRACON& Tower with Radar,15,5,4,0,24,0,0,2,0,2,15,5,6,0,26,0,0,0,26
04/23/2020,SHV,LA,ASW,CE,Combined TRACON& Tower with Radar,13,8,10,33,64,0,0,17,2,19,13,8,27,35,83,12,0,12,95
04/24/2020,SHV,LA,ASW,CE,Combined TRACON& Tower with Radar,12,5,4,0,21,0,0,6,4,10,12,5,10,4,31,0,0,0,31
04/25/2020,SHV,LA,ASW,CE,Combined TRACON& Tower with Radar,4,9,5,0,18,0,3,4,0,7,4,12,9,0,25,6,0,6,31
04/26/2020,SHV,LA,ASW,CE,Combined TRACON& Tower with Radar,6,4,7,0,17,0,1,17,2,20,6,5,24,2,37,20,0,20,57
04/27/2020,SHV,LA,ASW,CE,Combined TRACON& Tower with Radar,8,5,10,0,23,0,2,6,0,8,8,7,16,0,31,0,0,0,31
04/28/2020,SHV,LA,ASW,CE,Combined TRACON& Tower with Radar,10,7,3,0,20,0,0,1,0,1,10,7,4,0,21,0,0,0,21
04/29/2020,SHV,LA,ASW,CE,Combined TRACON& Tower with Radar,11,6,3,3,23,0,1,8,1,10,11,7,11,4,33,0,0,0,33
04/30/2020,SHV,LA,ASW,CE,Combined TRACON& Tower with Radar,12,8,6,1,27,0,0,27,0,27,12,8,33,1,54,0,0,0,54
05/01/2020,SHV,LA,ASW,CE,Combined TRACON& Tower with Radar,15,6,2,0,23,0,1,17,0,18,15,7,19,0,41,0,0,0,41
05/02/2020,SHV,LA,ASW,CE,Combined TRACON& Tower with Radar,8,10,1,0,19,0,0,6,0,6,8,10,7,0,25,0,0,0,25
05/03/2020,SHV,LA,ASW,CE,Combined TRACON& Tower with Radar,9,6,3,0,18,0,0,6,0,6,9,6,9,0,24,0,0,0,24
05/04/2020,SHV,LA,ASW,CE,Combined TRACON& Tower with Radar,9,10,8,2,29,0,0,18,0,18,9,10,26,2,47,6,0,6,53
05/05/2020,SHV,LA,ASW,CE,Combined TRACON& Tower with Radar,15,10,5,0,30,0,0,4,2,6,15,10,9,2,36,0,0,0,36
05/06/2020,SHV,LA,ASW,CE,Combined TRACON& Tower with Radar,14,14,14,0,42,0,2,19,0,21,14,16,33,0,63,4,0,4,67
05/07/2020,SHV,LA,ASW,CE,Combined TRACON& Tower with Radar,13,15,5,0,33,0,1,10,1,12,13,16,15,1,45,14,0,14,59
05/08/2020,SHV,LA,ASW,CE,Combined TRACON& Tower with Radar,14,12,4,7,37,0,1,0,0,1,14,13,4,7,38,0,0,0,38
05/09/2020,SHV,LA,ASW,CE,Combined TRACON& Tower with Radar,11,8,8,0,27,0,0,3,0,3,11,8,11,0,30,0,0,0,30
05/10/2020,SHV,LA,ASW,CE,Combined TRACON& Tower with Radar,10,9,1,0,20,0,0,15,0,15,10,9,16,0,35,20,0,20,55
05/11/2020,SHV,LA,ASW,CE,Combined TRACON& Tower with Radar,9,9,8,0,26,0,1,18,0,19,9,10,26,0,45,18,0,18,63
05/12/2020,SHV,LA,ASW,CE,Combined TRACON& Tower with Radar,13,10,5,0,28,0,4,13,13,30,13,14,18,13,58,0,66,66,124
05/13/2020,SHV,LA,ASW,CE,Combined TRACON& Tower with Radar,14,10,10,0,34,0,1,19,0,20,14,11,29,0,54,4,0,4,58
05/14/2020,SHV,LA,ASW,CE,Combined TRACON& Tower with Radar,12,12,12,0,36,0,2,6,0,8,12,14,18,0,44,10,0,10,54
05/15/2020,SHV,LA,ASW,CE,Combined TRACON& Tower with Radar,17,9,12,2,40,0,0,8,0,8,17,9,20,2,48,2,0,2,50
05/16/2020,SHV,LA,ASW,CE,Combined TRACON& Tower with Radar,8,10,2,0,20,0,0,1,1,2,8,10,3,1,22,0,0,0,22
05/17/2020,SHV,LA,ASW,CE,Combined TRACON& Tower with Radar,7,11,2,0,20,0,0,9,0,9,7,11,11,0,29,0,0,0,29
05/18/2020,SHV,LA,ASW,CE,Combined TRACON& Tower with Radar,9,16,10,2,37,0,0,22,1,23,9,16,32,3,60,8,0,8,68
05/19/2020,SHV,LA,ASW,CE,Combined TRACON& Tower with Radar,15,15,1,0,31,0,1,15,1,17,15,16,16,1,48,4,0,4,52
05/20/2020,SHV,LA,ASW,CE,Combined TRACON& Tower with Radar,13,15,6,0,34,0,2,11,0,13,13,17,17,0,47,2,0,2,49
05/21/2020,SHV,LA,ASW,CE,Combined TRACON& Tower with Radar,13,14,12,0,39,0,2,3,0,5,13,16,15,0,44,0,0,0,44
05/22/2020,SHV,LA,ASW,CE,Combined TRACON& Tower with Radar,15,13,12,0,40,0,1,14,0,15,15,14,26,0,55,2,0,2,57
05/23/2020,SHV,LA,ASW,CE,Combined TRACON& Tower with Radar,16,10,4,0,30,0,0,5,0,5,16,10,9,0,35,0,0,0,35
05/24/2020,SHV,LA,ASW,CE,Combined TRACON& Tower with Radar,9,12,7,0,28,0,0,1,0,1,9,12,8,0,29,0,0,0,29
05/25/2020,SHV,LA,ASW,CE,Combined TRACON& Tower with Radar,10,10,5,0,25,0,0,4,0,4,10,10,9,0,29,0,0,0,29
05/26/2020,SHV,LA,ASW,CE,Combined TRACON& Tower with Radar,10,11,11,2,34,0,2,5,0,7,10,13,16,2,41,0,0,0,41
05/27/2020,SHV,LA,ASW,CE,Combined TRACON& Tower with Radar,13,17,7,13,50,0,3,8,1,12,13,20,15,14,62,6,6,12,74
05/28/2020,SHV,LA,ASW,CE,Combined TRACON& Tower with Radar,14,12,13,0,39,0,0,9,0,9,14,12,22,0,48,0,0,0,48
05/29/2020,SHV,LA,ASW,CE,Combined TRACON& Tower with Radar,18,14,23,6,61,0,2,14,0,16,18,16,37,6,77,0,0,0,77
05/30/2020,SHV,LA,ASW,CE,Combined TRACON& Tower with Radar,8,16,10,0,34,0,1,19,0,20,8,17,29,0,54,0,0,0,54
05/31/2020,SHV,LA,ASW,CE,Combined TRACON& Tower with Radar,9,10,8,0,27,0,0,24,0,24,9,10,32,0,51,10,0,10,61
06/01/2020,SHV,LA,ASW,CE,Combined TRACON& Tower with Radar,12,16,7,4,39,0,1,8,0,9,12,17,15,4,48,0,0,0,48
06/02/2020,SHV,LA,ASW,CE,Combined TRACON& Tower with Radar,14,15,11,3,43,0,2,10,0,12,14,17,21,3,55,26,0,26,81
06/03/2020,SHV,LA,ASW,CE,Combined TRACON& Tower with Radar,12,12,10,8,42,0,1,9,0,10,12,13,19,8,52,2,0,2,54
06/04/2020,SHV,LA,ASW,CE,Combined TRACON& Tower with Radar,12,12,15,6,45,0,0,2,0,2,12,12,17,6,47,0,0,0,47
06/05/2020,SHV,LA,ASW,CE,Combined TRACON& Tower with Radar,16,16,14,6,52,0,4,10,2,16,16,20,24,8,68,10,0,10,78
06/06/2020,SHV,LA,ASW,CE,Combined TRACON& Tower with Radar,6,15,6,0,27,0,0,20,0,20,6,15,26,0,47,12,0,12,59
06/07/2020,SHV,LA,ASW,CE,Combined TRACON& Tower with Radar,8,11,4,0,23,0,0,11,0,11,8,11,15,0,34,10,0,10,44
06/08/2020,SHV,LA,ASW,CE,Combined TRACON& Tower with Radar,12,13,7,0,32,0,0,1,1,2,12,13,8,1,34,0,0,0,34
06/09/2020,SHV,LA,ASW,CE,Combined TRACON& Tower with Radar,14,12,14,9,49,0,0,6,0,6,14,12,20,9,55,0,0,0,55
06/10/2020,SHV,LA,ASW,CE,Combined TRACON& Tower with Radar,14,19,16,4,53,0,0,25,0,25,14,19,41,4,78,0,0,0,78
06/11/2020,SHV,LA,ASW,CE,Combined TRACON& Tower with Radar,14,10,6,0,30,0,0,17,0,17,14,10,23,0,47,6,0,6,53
06/12/2020,SHV,LA,ASW,CE,Combined TRACON& Tower with Radar,16,12,14,1,43,0,2,7,1,10,16,14,21,2,53,2,0,2,55
06/13/2020,SHV,LA,ASW,CE,Combined TRACON& Tower with Radar,11,12,13,0,36,0,3,19,0,22,11,15,32,0,58,16,0,16,74
06/14/2020,SHV,LA,ASW,CE,Combined TRACON& Tower with Radar,7,9,17,0,33,0,0,7,4,11,7,9,24,4,44,2,0,2,46
06/15/2020,SHV,LA,ASW,CE,Combined TRACON& Tower with Radar,13,12,8,0,33,0,4,20,0,24,13,16,28,0,57,7,0,7,64
06/16/2020,SHV,LA,ASW,CE,Combined TRACON& Tower with Radar,15,21,17,0,53,0,1,27,2,30,15,22,44,2,83,0,0,0,83
06/17/2020,SHV,LA,ASW,CE,Combined TRACON& Tower with Radar,10,18,19,0,47,0,2,15,0,17,10,20,34,0,64,0,0,0,64
06/18/2020,SHV,LA,ASW,CE,Combined TRACON& Tower with Radar,16,14,14,4,48,0,1,14,4,19,16,15,28,8,67,0,4,4,71
06/19/2020,SHV,LA,ASW,CE,Combined TRACON& Tower with Radar,17,10,21,6,54,0,1,20,1,22,17,11,41,7,76,0,0,0,76
06/20/2020,SHV,LA,ASW,CE,Combined TRACON& Tower with Radar,9,12,10,0,31,0,1,8,0,9,9,13,18,0,40,6,0,6,46
06/21/2020,SHV,LA,ASW,CE,Combined TRACON& Tower with Radar,10,12,15,0,37,0,0,0,0,0,10,12,15,0,37,0,0,0,37
06/22/2020,SHV,LA,ASW,CE,Combined TRACON& Tower with Radar,11,12,7,6,36,0,0,18,1,19,11,12,25,7,55,10,2,12,67
06/23/2020,SHV,LA,ASW,CE,Combined TRACON& Tower with Radar,14,7,14,0,35,0,0,21,1,22,14,7,35,1,57,0,0,0,57
06/24/2020,SHV,LA,ASW,CE,Combined TRACON& Tower with Radar,15,11,17,0,43,0,0,5,1,6,15,11,22,1,49,0,0,0,49
06/25/2020,SHV,LA,ASW,CE,Combined TRACON& Tower with Radar,16,14,11,0,41,0,0,2,0,2,16,14,13,0,43,0,0,0,43
06/26/2020,SHV,LA,ASW,CE,Combined TRACON& Tower with Radar,16,16,15,0,47,0,0,22,0,22,16,16,37,0,69,4,0,4,73
06/27/2020,SHV,LA,ASW,CE,Combined TRACON& Tower with Radar,6,11,15,2,34,0,0,2,0,2,6,11,17,2,36,4,0,4,40
06/28/2020,SHV,LA,ASW,CE,Combined TRACON& Tower with Radar,10,8,3,1,22,0,1,5,0,6,10,9,8,1,28,10,0,10,38
06/29/2020,SHV,LA,ASW,CE,Combined TRACON& Tower with Radar,13,14,12,0,39,0,0,4,0,4,13,14,16,0,43,13,0,13,56
06/30/2020,SHV,LA,ASW,CE,Combined TRACON& Tower with Radar,13,8,20,4,45,0,4,9,0,13,13,12,29,4,58,13,0,13,71
07/01/2020,SHV,LA,ASW,CE,Combined TRACON& Tower with Radar,10,13,26,0,49,0,0,12,0,12,10,13,38,0,61,8,0,8,69
07/02/2020,SHV,LA,ASW,CE,Combined TRACON& Tower with Radar,14,13,7,0,34,0,0,14,0,14,14,13,21,0,48,12,0,12,60
07/03/2020,SHV,LA,ASW,CE,Combined TRACON& Tower with Radar,12,19,13,0,44,0,0,10,0,10,12,19,23,0,54,0,0,0,54
07/04/2020,SHV,LA,ASW,CE,Combined TRACON& Tower with Radar,6,12,0,0,18,0,0,16,2,18,6,12,16,2,36,4,0,4,40
07/05/2020,SHV,LA,ASW,CE,Combined TRACON& Tower with Radar,10,10,17,0,37,0,0,1,2,3,10,10,18,2,40,0,0,0,40
07/06/2020,SHV,LA,ASW,CE,Combined TRACON& Tower with Radar,14,14,12,2,42,0,0,5,0,5,14,14,17,2,47,4,0,4,51
07/07/2020,SHV,LA,ASW,CE,Combined TRACON& Tower with Radar,15,17,17,0,49,0,0,0,0,0,15,17,17,0,49,0,0,0,49
07/08/2020,SHV,LA,ASW,CE,Combined TRACON& Tower with Radar,16,23,19,0,58,0,0,10,0,10,16,23,29,0,68,0,0,0,68
07/09/2020,SHV,LA,ASW,CE,Combined TRACON& Tower with Radar,16,28,14,1,59,0,2,26,4,32,16,30,40,5,91,17,8,25,116
07/10/2020,SHV,LA,ASW,CE,Combined TRACON& Tower with Radar,19,18,8,2,47,0,0,26,0,26,19,18,34,2,73,6,0,6,79
07/11/2020,SHV,LA,ASW,CE,Combined TRACON& Tower with Radar,10,14,9,2,35,0,2,21,0,23,10,16,30,2,58,0,0,0,58
07/12/2020,SHV,LA,ASW,CE,Combined TRACON& Tower with Radar,11,20,13,0,44,0,0,10,0,10,11,20,23,0,54,27,0,27,81
07/13/2020,SHV,LA,ASW,CE,Combined TRACON& Tower with Radar,16,19,11,2,48,0,4,10,0,14,16,23,21,2,62,44,0,44,106
07/14/2020,SHV,LA,ASW,CE,Combined TRACON& Tower with Radar,14,22,17,13,66,0,0,23,1,24,14,22,40,14,90,4,4,8,98
07/15/2020,SHV,LA,ASW,CE,Combined TRACON& Tower with Radar,14,20,12,10,56,0,0,12,3,15,14,20,24,13,71,18,6,24,95
07/16/2020,SHV,LA,ASW,CE,Combined TRACON& Tower with Radar,16,26,14,0,56,0,0,26,14,40,16,26,40,14,96,42,0,42,138
07/17/2020,SHV,LA,ASW,CE,Combined TRACON& Tower with Radar,20,20,13,0,53,0,2,10,0,12,20,22,23,0,65,73,0,73,138
07/18/2020,SHV,LA,ASW,CE,Combined TRACON& Tower with Radar,11,13,5,0,29,0,2,23,1,26,11,15,28,1,55,0,0,0,55
07/19/2020,SHV,LA,ASW,CE,Combined TRACON& Tower with Radar,12,20,4,0,36,0,4,22,0,26,12,24,26,0,62,55,0,55,117
07/20/2020,SHV,LA,ASW,CE,Combined TRACON& Tower with Radar,13,21,13,0,47,0,7,18,0,25,13,28,31,0,72,0,0,0,72
07/21/2020,SHV,LA,ASW,CE,Combined TRACON& Tower with Radar,12,21,0,0,33,0,0,4,0,4,12,21,4,0,37,6,0,6,43
07/22/2020,SHV,LA,ASW,CE,Combined TRACON& Tower with Radar,15,27,21,0,63,0,0,3,0,3,15,27,24,0,66,10,0,10,76
07/23/2020,SHV,LA,ASW,CE,Combined TRACON& Tower with Radar,18,26,15,0,59,0,2,38,0,40,18,28,53,0,99,58,0,58,157
07/24/2020,SHV,LA,ASW,CE,Combined TRACON& Tower with Radar,21,29,16,0,66,0,0,10,0,10,21,29,26,0,76,0,0,0,76
07/25/2020,SHV,LA,ASW,CE,Combined TRACON& Tower with Radar,10,20,24,0,54,0,2,0,0,2,10,22,24,0,56,0,0,0,56
07/26/2020,SHV,LA,ASW,CE,Combined TRACON& Tower with Radar,9,19,2,0,30,0,1,2,0,3,9,20,4,0,33,0,0,0,33
07/27/2020,SHV,LA,ASW,CE,Combined TRACON& Tower with Radar,18,15,14,2,49,0,2,19,0,21,18,17,33,2,70,65,0,65,135
07/28/2020,SHV,LA,ASW,CE,Combined TRACON& Tower with Radar,22,16,22,1,61,0,4,21,1,26,22,20,43,2,87,27,0,27,114
07/29/2020,SHV,LA,ASW,CE,Combined TRACON& Tower with Radar,14,19,18,6,57,0,3,13,0,16,14,22,31,6,73,16,0,16,89
07/30/2020,SHV,LA,ASW,CE,Combined TRACON& Tower with Radar,18,27,14,4,63,0,0,19,0,19,18,27,33,4,82,0,0,0,82
07/31/2020,SHV,LA,ASW,CE,Combined TRACON& Tower with Radar,17,21,22,0,60,0,0,9,0,9,17,21,31,0,69,0,0,0,69
08/01/2020,SHV,LA,ASW,CE,Combined TRACON& Tower with Radar,12,21,17,0,50,0,1,21,0,22,12,22,38,0,72,0,0,0,72
08/02/2020,SHV,LA,ASW,CE,Combined TRACON& Tower with Radar,9,23,3,0,35,0,8,32,0,40,9,31,35,0,75,0,0,0,75
08/03/2020,SHV,LA,ASW,CE,Combined TRACON& Tower with Radar,13,26,11,6,56,0,0,25,3,28,13,26,36,9,84,25,0,25,109
08/04/2020,SHV,LA,ASW,CE,Combined TRACON& Tower with Radar,15,20,14,0,49,0,3,22,0,25,15,23,36,0,74,49,0,49,123
08/05/2020,SHV,LA,ASW,CE,Combined TRACON& Tower with Radar,18,21,20,0,59,0,2,26,0,28,18,23,46,0,87,0,0,0,87
08/06/2020,SHV,LA,ASW,CE,Combined TRACON& Tower with Radar,18,22,14,10,64,0,0,37,0,37,18,22,51,10,101,37,0,37,138
08/07/2020,SHV,LA,ASW,CE,Combined TRACON& Tower with Radar,20,22,19,0,61,0,4,15,11,30,20,26,34,11,91,18,30,48,139
08/08/2020,SHV,LA,ASW,CE,Combined TRACON& Tower with Radar,14,18,7,7,46,0,0,23,0,23,14,18,30,7,69,0,0,0,69
08/09/2020,SHV,LA,ASW,CE,Combined TRACON& Tower with Radar,15,20,9,0,44,0,0,19,0,19,15,20,28,0,63,77,0,77,140
08/10/2020,SHV,LA,ASW,CE,Combined TRACON& Tower with Radar,17,22,7,32,78,0,2,11,1,14,17,24,18,33,92,0,0,0,92
08/11/2020,SHV,LA,ASW,CE,Combined TRACON& Tower with Radar,17,19,17,8,61,0,0,15,0,15,17,19,32,8,76,0,0,0,76
08/12/2020,SHV,LA,ASW,CE,Combined TRACON& Tower with Radar,19,26,7,0,52,0,0,11,0,11,19,26,18,0,63,10,0,10,73
08/13/2020,SHV,LA,ASW,CE,Combined TRACON& Tower with Radar,25,25,29,13,92,0,0,25,2,27,25,25,54,15,119,10,0,10,129
08/14/2020,SHV,LA,ASW,CE,Combined TRACON& Tower with Radar,21,24,14,0,59,0,0,11,1,12,21,24,25,1,71,4,0,4,75
08/15/2020,SHV,LA,ASW,CE,Combined TRACON& Tower with Radar,14,22,12,0,48,0,0,18,0,18,14,22,30,0,66,14,0,14,80
08/16/2020,SHV,LA,ASW,CE,Combined TRACON& Tower with Radar,20,18,22,0,60,0,0,11,0,11,20,18,33,0,71,4,0,4,75
08/17/2020,SHV,LA,ASW,CE,Combined TRACON& Tower with Radar,19,24,12,1,56,0,0,14,0,14,19,24,26,1,70,46,0,46,116
08/18/2020,SHV,LA,ASW,CE,Combined TRACON& Tower with Radar,18,25,14,2,59,0,0,23,0,23,18,25,37,2,82,51,0,51,133
08/19/2020,SHV,LA,ASW,CE,Combined TRACON& Tower with Radar,16,14,23,0,53,0,2,20,1,23,16,16,43,1,76,0,0,0,76
08/20/2020,SHV,LA,ASW,CE,Combined TRACON& Tower with Radar,18,20,16,0,54,0,2,14,0,16,18,22,30,0,70,0,0,0,70
08/21/2020,SHV,LA,ASW,CE,Combined TRACON& Tower with Radar,19,19,7,0,45,0,2,11,0,13,19,21,18,0,58,18,0,18,76
08/22/2020,SHV,LA,ASW,CE,Combined TRACON& Tower with Radar,13,24,5,2,44,0,7,6,0,13,13,31,11,2,57,0,0,0,57
08/23/2020,SHV,LA,ASW,CE,Combined TRACON& Tower with Radar,13,18,20,0,51,0,4,11,0,15,13,22,31,0,66,0,0,0,66
08/24/2020,SHV,LA,ASW,CE,Combined TRACON& Tower with Radar,14,19,5,2,40,0,2,12,0,14,14,21,17,2,54,0,0,0,54
08/25/2020,SHV,LA,ASW,CE,Combined TRACON& Tower with Radar,18,21,8,10,57,0,0,8,0,8,18,21,16,10,65,6,0,6,71
08/26/2020,SHV,LA,ASW,CE,Combined TRACON& Tower with Radar,16,20,9,4,49,0,2,5,0,7,16,22,14,4,56,0,0,0,56
08/27/2020,SHV,LA,ASW,CE,Combined TRACON& Tower with Radar,7,8,0,0,15,0,0,0,0,0,7,8,0,0,15,0,0,0,15
08/28/2020,SHV,LA,ASW,CE,Combined TRACON& Tower with Radar,22,19,13,0,54,0,2,2,0,4,22,21,15,0,58,0,0,0,58
08/29/2020,SHV,LA,ASW,CE,Combined TRACON& Tower with Radar,12,22,16,4,54,0,0,5,3,8,12,22,21,7,62,0,0,0,62
08/30/2020,SHV,LA,ASW,CE,Combined TRACON& Tower with Radar,13,19,9,0,41,0,4,9,1,14,13,23,18,1,55,0,0,0,55
08/31/2020,SHV,LA,ASW,CE,Combined TRACON& Tower with Radar,15,21,11,0,47,0,0,4,2,6,15,21,15,2,53,2,0,2,55
09/01/2020,SHV,LA,ASW,CE,Combined TRACON& Tower with Radar,17,17,21,2,57,0,0,10,4,14,17,17,31,6,71,0,0,0,71
09/02/2020,SHV,LA,ASW,CE,Combined TRACON& Tower with Radar,16,19,20,0,55,0,0,8,0,8,16,19,28,0,63,12,0,12,75
09/03/2020,SHV,LA,ASW,CE,Combined TRACON& Tower with Radar,24,22,18,0,64,0,0,10,0,10,24,22,28,0,74,2,0,2,76
09/04/2020,SHV,LA,ASW,CE,Combined TRACON& Tower with Radar,21,25,11,0,57,0,0,8,2,10,21,25,19,2,67,8,0,8,75
09/05/2020,SHV,LA,ASW,CE,Combined TRACON& Tower with Radar,17,24,11,0,52,0,3,5,0,8,17,27,16,0,60,0,0,0,60
09/06/2020,SHV,LA,ASW,CE,Combined TRACON& Tower with Radar,13,10,6,0,29,0,5,8,0,13,13,15,14,0,42,0,0,0,42
09/07/2020,SHV,LA,ASW,CE,Combined TRACON& Tower with Radar,17,14,13,0,44,0,1,13,0,14,17,15,26,0,58,0,0,0,58
09/08/2020,SHV,LA,ASW,CE,Combined TRACON& Tower with Radar,23,14,15,33,85,0,0,28,27,55,23,14,43,60,140,103,0,103,243
09/09/2020,SHV,LA,ASW,CE,Combined TRACON& Tower with Radar,14,22,23,5,64,0,2,13,3,18,14,24,36,8,82,10,4,14,96
09/10/2020,SHV,LA,ASW,CE,Combined TRACON& Tower with Radar,19,27,15,0,61,0,3,15,2,20,19,30,30,2,81,8,0,8,89
09/11/2020,SHV,LA,ASW,CE,Combined TRACON& Tower with Radar,18,25,27,25,95,0,2,10,2,14,18,27,37,27,109,0,0,0,109
09/12/2020,SHV,LA,ASW,CE,Combined TRACON& Tower with Radar,11,23,31,1,66,0,2,15,12,29,11,25,46,13,95,18,0,18,113
09/13/2020,SHV,LA,ASW,CE,Combined TRACON& Tower with Radar,9,25,15,39,88,0,0,8,1,9,9,25,23,40,97,10,0,10,107
09/14/2020,SHV,LA,ASW,CE,Combined TRACON& Tower with Radar,14,31,22,0,67,0,0,11,0,11,14,31,33,0,78,2,0,2,80
09/15/2020,SHV,LA,ASW,CE,Combined TRACON& Tower with Radar,16,29,13,10,68,0,3,20,0,23,16,32,33,10,91,19,0,19,110
09/16/2020,SHV,LA,ASW,CE,Combined TRACON& Tower with Radar,12,26,33,3,74,0,0,6,2,8,12,26,39,5,82,44,4,48,130
09/17/2020,SHV,LA,ASW,CE,Combined TRACON& Tower with Radar,20,28,22,0,70,0,0,13,0,13,20,28,35,0,83,16,0,16,99
09/18/2020,SHV,LA,ASW,CE,Combined TRACON& Tower with Radar,14,28,28,35,105,0,0,12,0,12,14,28,40,35,117,0,0,0,117
09/19/2020,SHV,LA,ASW,CE,Combined TRACON& Tower with Radar,10,19,5,7,41,0,2,14,2,18,10,21,19,9,59,0,0,0,59
09/20/2020,SHV,LA,ASW,CE,Combined TRACON& Tower with Radar,11,22,13,22,68,0,1,11,1,13,11,23,24,23,81,0,0,0,81
09/21/2020,SHV,LA,ASW,CE,Combined TRACON& Tower with Radar,11,27,11,0,49,0,1,0,0,1,11,28,11,0,50,0,0,0,50
09/22/2020,SHV,LA,ASW,CE,Combined TRACON& Tower with Radar,15,22,9,0,46,0,0,0,0,0,15,22,9,0,46,0,0,0,46
09/23/2020,SHV,LA,ASW,CE,Combined TRACON& Tower with Radar,17,25,11,0,53,0,0,0,0,0,17,25,11,0,53,0,0,0,53
09/24/2020,SHV,LA,ASW,CE,Combined TRACON& Tower with Radar,16,33,28,0,77,0,0,0,0,0,16,33,28,0,77,14,0,14,91
09/25/2020,SHV,LA,ASW,CE,Combined TRACON& Tower with Radar,22,24,21,7,74,0,3,8,0,11,22,27,29,7,85,24,0,24,109
09/26/2020,SHV,LA,ASW,CE,Combined TRACON& Tower with Radar,12,22,13,2,49,0,1,5,0,6,12,23,18,2,55,17,16,33,88
09/27/2020,SHV,LA,ASW,CE,Combined TRACON& Tower with Radar,10,20,10,6,46,0,0,23,0,23,10,20,33,6,69,8,0,8,77
09/28/2020,SHV,LA,ASW,CE,Combined TRACON& Tower with Radar,15,25,15,8,63,0,2,7,2,11,15,27,22,10,74,0,0,0,74
09/29/2020,SHV,LA,ASW,CE,Combined TRACON& Tower with Radar,14,33,15,6,68,0,0,20,0,20,14,33,35,6,88,20,0,20,108
09/30/2020,SHV,LA,ASW,CE,Combined TRACON& Tower with Radar,15,30,22,0,67,0,0,37,0,37,15,30,59,0,104,0,0,0,104
10/01/2020,SHV,LA,ASW,CE,Combined TRACON& Tower with Radar,22,30,16,0,68,0,0,28,0,28,22,30,44,0,96,30,0,30,126
10/02/2020,SHV,LA,ASW,CE,Combined TRACON& Tower with Radar,18,25,13,3,59,0,0,24,0,24,18,25,37,3,83,36,0,36,119
10/03/2020,SHV,LA,ASW,CE,Combined TRACON& Tower with Radar,18,23,8,0,49,0,0,16,0,16,18,23,24,0,65,0,0,0,65
10/04/2020,SHV,LA,ASW,CE,Combined TRACON& Tower with Radar,9,27,14,0,50,0,1,18,0,19,9,28,32,0,69,14,0,14,83
10/05/2020,SHV,LA,ASW,CE,Combined TRACON& Tower with Radar,11,27,8,2,48,0,2,18,5,25,11,29,26,7,73,12,4,16,89
10/06/2020,SHV,LA,ASW,CE,Combined TRACON& Tower with Radar,16,22,26,4,68,0,2,20,8,30,16,24,46,12,98,0,0,0,98
10/07/2020,SHV,LA,ASW,CE,Combined TRACON& Tower with Radar,21,21,20,5,67,0,2,18,10,30,21,23,38,15,97,0,0,0,97
10/08/2020,SHV,LA,ASW,CE,Combined TRACON& Tower with Radar,26,24,13,9,72,0,0,9,1,10,26,24,22,10,82,6,0,6,88
10/09/2020,SHV,LA,ASW,CE,Combined TRACON& Tower with Radar,20,27,13,0,60,0,0,0,0,0,20,27,13,0,60,0,0,0,60
10/10/2020,SHV,LA,ASW,CE,Combined TRACON& Tower with Radar,16,16,9,9,50,0,2,8,1,11,16,18,17,10,61,0,8,8,69
10/11/2020,SHV,LA,ASW,CE,Combined TRACON& Tower with Radar,14,23,6,10,53,0,2,14,0,16,14,25,20,10,69,0,0,0,69
10/12/2020,SHV,LA,ASW,CE,Combined TRACON& Tower with Radar,15,21,10,0,46,0,2,12,1,15,15,23,22,1,61,8,0,8,69
10/13/2020,SHV,LA,ASW,CE,Combined TRACON& Tower with Radar,22,26,21,0,69,0,0,22,1,23,22,26,43,1,92,0,0,0,92
10/14/2020,SHV,LA,ASW,CE,Combined TRACON& Tower with Radar,25,14,20,0,59,0,1,30,6,37,25,15,50,6,96,0,0,0,96
10/15/2020,SHV,LA,ASW,CE,Combined TRACON& Tower with Radar,29,30,34,0,93,0,0,4,1,5,29,30,38,1,98,20,0,20,118
10/16/2020,SHV,LA,ASW,CE,Combined TRACON& Tower with Radar,29,27,35,5,96,0,2,11,1,14,29,29,46,6,110,0,0,0,110
10/17/2020,SHV,LA,ASW,CE,Combined TRACON& Tower with Radar,16,19,16,0,51,0,0,5,1,6,16,19,21,1,57,0,0,0,57
10/18/2020,SHV,LA,ASW,CE,Combined TRACON& Tower with Radar,14,22,12,7,55,0,1,13,5,19,14,23,25,12,74,0,0,0,74
10/19/2020,SHV,LA,ASW,CE,Combined TRACON& Tower with Radar,19,19,17,0,55,0,0,19,0,19,19,19,36,0,74,0,0,0,74
10/20/2020,SHV,LA,ASW,CE,Combined TRACON& Tower with Radar,24,20,8,4,56,0,3,11,0,14,24,23,19,4,70,16,0,16,86
10/21/2020,SHV,LA,ASW,CE,Combined TRACON& Tower with Radar,24,27,23,0,74,0,2,32,0,34,24,29,55,0,108,35,0,35,143
10/22/2020,SHV,LA,ASW,CE,Combined TRACON& Tower with Radar,25,19,18,2,64,0,0,20,0,20,25,19,38,2,84,18,0,18,102
10/23/2020,SHV,LA,ASW,CE,Combined TRACON& Tower with Radar,31,29,19,0,79,0,0,0,0,0,31,29,19,0,79,0,0,0,79
10/24/2020,SHV,LA,ASW,CE,Combined TRACON& Tower with Radar,16,11,13,0,40,0,0,1,0,1,16,11,14,0,41,0,0,0,41
10/25/2020,SHV,LA,ASW,CE,Combined TRACON& Tower with Radar,13,19,17,9,58,0,0,0,0,0,13,19,17,9,58,0,0,0,58
10/26/2020,SHV,LA,ASW,CE,Combined TRACON& Tower with Radar,17,26,15,0,58,0,0,2,0,2,17,26,17,0,60,14,0,14,74
10/27/2020,SHV,LA,ASW,CE,Combined TRACON& Tower with Radar,23,35,23,0,81,0,0,1,0,1,23,35,24,0,82,0,0,0,82
10/28/2020,SHV,LA,ASW,CE,Combined TRACON& Tower with Radar,17,18,9,0,44,0,0,0,0,0,17,18,9,0,44,0,0,0,44
10/29/2020,SHV,LA,ASW,CE,Combined TRACON& Tower with Radar,21,35,24,0,80,0,4,9,4,17,21,39,33,4,97,0,0,0,97
10/30/2020,SHV,LA,ASW,CE,Combined TRACON& Tower with Radar,25,24,27,11,87,0,1,23,1,25,25,25,50,12,112,8,0,8,120
10/31/2020,SHV,LA,ASW,CE,Combined TRACON& Tower with Radar,14,16,9,0,39,0,3,23,0,26,14,19,32,0,65,20,0,20,85
11/01/2020,SHV,LA,ASW,CE,Combined TRACON& Tower with Radar,13,20,10,0,43,0,0,12,0,12,13,20,22,0,55,0,0,0,55
11/02/2020,SHV,LA,ASW,CE,Combined TRACON& Tower with Radar,13,23,11,2,49,0,3,33,1,37,13,26,44,3,86,12,0,12,98
11/03/2020,SHV,LA,ASW,CE,Combined TRACON& Tower with Radar,25,11,12,0,48,0,1,19,0,20,25,12,31,0,68,0,0,0,68
11/04/2020,SHV,LA,ASW,CE,Combined TRACON& Tower with Radar,24,20,21,2,67,0,3,17,2,22,24,23,38,4,89,16,0,16,105
11/05/2020,SHV,LA,ASW,CE,Combined TRACON& Tower with Radar,28,28,27,0,83,0,2,18,1,21,28,30,45,1,104,24,0,24,128
11/06/2020,SHV,LA,ASW,CE,Combined TRACON& Tower with Radar,22,24,14,0,60,0,2,24,0,26,22,26,38,0,86,2,0,2,88
11/07/2020,SHV,LA,ASW,CE,Combined TRACON& Tower with Radar,16,18,6,11,51,0,2,15,5,22,16,20,21,16,73,20,0,20,93
11/08/2020,SHV,LA,ASW,CE,Combined TRACON& Tower with Radar,17,17,16,0,50,0,0,2,0,2,17,17,18,0,52,0,0,0,52
11/09/2020,SHV,LA,ASW,CE,Combined TRACON& Tower with Radar,15,19,13,0,47,0,2,6,0,8,15,21,19,0,55,0,0,0,55
11/10/2020,SHV,LA,ASW,CE,Combined TRACON& Tower with Radar,20,19,12,0,51,0,1,4,0,5,20,20,16,0,56,16,0,16,72
11/11/2020,SHV,LA,ASW,CE,Combined TRACON& Tower with Radar,18,21,22,0,61,0,0,17,0,17,18,21,39,0,78,4,0,4,82
11/12/2020,SHV,LA,ASW,CE,Combined TRACON& Tower with Radar,22,27,26,0,75,0,1,21,0,22,22,28,47,0,97,2,0,2,99
11/13/2020,SHV,LA,ASW,CE,Combined TRACON& Tower with Radar,22,25,30,0,77,0,0,17,0,17,22,25,47,0,94,0,0,0,94
11/14/2020,SHV,LA,ASW,CE,Combined TRACON& Tower with Radar,18,25,8,8,59,0,1,10,0,11,18,26,18,8,70,18,0,18,88
11/15/2020,SHV,LA,ASW,CE,Combined TRACON& Tower with Radar,15,18,15,2,50,0,3,9,0,12,15,21,24,2,62,0,0,0,62
11/16/2020,SHV,LA,ASW,CE,Combined TRACON& Tower with Radar,16,17,16,0,49,0,2,20,0,22,16,19,36,0,71,6,0,6,77
11/17/2020,SHV,LA,ASW,CE,Combined TRACON& Tower with Radar,21,19,19,7,66,0,2,16,0,18,21,21,35,7,84,4,0,4,88
11/18/2020,SHV,LA,ASW,CE,Combined TRACON& Tower with Radar,22,21,24,0,67,0,2,16,2,20,22,23,40,2,87,34,0,34,121
11/19/2020,SHV,LA,ASW,CE,Combined TRACON& Tower with Radar,30,32,17,2,81,0,1,12,0,13,30,33,29,2,94,18,0,18,112
11/20/2020,SHV,LA,ASW,CE,Combined TRACON& Tower with Radar,28,27,18,4,77,0,5,7,2,14,28,32,25,6,91,0,0,0,91
11/21/2020,SHV,LA,ASW,CE,Combined TRACON& Tower with Radar,16,17,16,17,66,0,0,10,0,10,16,17,26,17,76,0,0,0,76
11/22/2020,SHV,LA,ASW,CE,Combined TRACON& Tower with Radar,15,20,15,0,50,0,1,3,0,4,15,21,18,0,54,0,0,0,54
11/23/2020,SHV,LA,ASW,CE,Combined TRACON& Tower with Radar,20,29,20,6,75,0,3,18,0,21,20,32,38,6,96,5,0,5,101
11/24/2020,SHV,LA,ASW,CE,Combined TRACON& Tower with Radar,27,39,15,3,84,0,3,7,0,10,27,42,22,3,94,0,0,0,94
11/25/2020,SHV,LA,ASW,CE,Combined TRACON& Tower with Radar,30,26,18,0,74,0,0,27,2,29,30,26,45,2,103,0,0,0,103
11/26/2020,SHV,LA,ASW,CE,Combined TRACON& Tower with Radar,6,8,4,0,18,0,0,6,0,6,6,8,10,0,24,0,0,0,24
11/27/2020,SHV,LA,ASW,CE,Combined TRACON& Tower with Radar,21,19,14,2,56,0,0,2,0,2,21,19,16,2,58,0,0,0,58
11/28/2020,SHV,LA,ASW,CE,Combined TRACON& Tower with Radar,16,19,16,0,51,0,0,11,0,11,16,19,27,0,62,0,0,0,62
11/29/2020,SHV,LA,ASW,CE,Combined TRACON& Tower with Radar,17,20,7,2,46,0,0,0,0,0,17,20,7,2,46,0,0,0,46
11/30/2020,SHV,LA,ASW,CE,Combined TRACON& Tower with Radar,18,21,14,3,56,0,0,16,0,16,18,21,30,3,72,0,0,0,72
12/01/2020,SHV,LA,ASW,CE,Combined TRACON& Tower with Radar,24,30,12,0,66,0,0,18,2,20,24,30,30,2,86,0,0,0,86
12/02/2020,SHV,LA,ASW,CE,Combined TRACON& Tower with Radar,20,14,13,0,47,0,0,4,0,4,20,14,17,0,51,0,0,0,51
12/03/2020,SHV,LA,ASW,CE,Combined TRACON& Tower with Radar,26,28,13,2,69,0,4,4,0,8,26,32,17,2,77,0,0,0,77
12/04/2020,SHV,LA,ASW,CE,Combined TRACON& Tower with Radar,24,22,17,20,83,0,0,14,1,15,24,22,31,21,98,2,24,26,124
12/05/2020,SHV,LA,ASW,CE,Combined TRACON& Tower with Radar,16,18,28,1,63,0,2,18,4,24,16,20,46,5,87,0,0,0,87
12/06/2020,SHV,LA,ASW,CE,Combined TRACON& Tower with Radar,15,16,12,3,46,0,0,17,0,17,15,16,29,3,63,0,0,0,63
12/07/2020,SHV,LA,ASW,CE,Combined TRACON& Tower with Radar,20,22,15,0,57,0,2,12,0,14,20,24,27,0,71,0,0,0,71
12/08/2020,SHV,LA,ASW,CE,Combined TRACON& Tower with Radar,20,19,13,5,57,0,1,25,7,33,20,20,38,12,90,8,0,8,98
12/09/2020,SHV,LA,ASW,CE,Combined TRACON& Tower with Radar,20,27,20,3,70,0,2,29,1,32,20,29,49,4,102,18,0,18,120
12/10/2020,SHV,LA,ASW,CE,Combined TRACON& Tower with Radar,35,25,27,2,89,0,3,15,6,24,35,28,42,8,113,12,0,12,125
12/11/2020,SHV,LA,ASW,CE,Combined TRACON& Tower with Radar,25,28,9,0,62,0,0,0,0,0,25,28,9,0,62,0,0,0,62
12/12/2020,SHV,LA,ASW,CE,Combined TRACON& Tower with Radar,17,34,10,0,61,0,2,21,0,23,17,36,31,0,84,4,0,4,88
12/13/2020,SHV,LA,ASW,CE,Combined TRACON& Tower with Radar,16,19,4,0,39,0,0,2,0,2,16,19,6,0,41,0,0,0,41
12/14/2020,SHV,LA,ASW,CE,Combined TRACON& Tower with Radar,21,19,8,7,55,0,0,12,0,12,21,19,20,7,67,0,0,0,67
12/15/2020,SHV,LA,ASW,CE,Combined TRACON& Tower with Radar,20,14,9,0,43,0,1,0,0,1,20,15,9,0,44,0,0,0,44
12/16/2020,SHV,LA,ASW,CE,Combined TRACON& Tower with Radar,22,14,14,19,69,0,2,3,0,5,22,16,17,19,74,0,0,0,74
12/17/2020,SHV,LA,ASW,CE,Combined TRACON& Tower with Radar,28,33,16,7,84,0,2,28,1,31,28,35,44,8,115,2,2,4,119
12/18/2020,SHV,LA,ASW,CE,Combined TRACON& Tower with Radar,25,34,21,5,85,0,3,23,0,26,25,37,44,5,111,4,0,4,115
12/19/2020,SHV,LA,ASW,CE,Combined TRACON& Tower with Radar,13,22,1,0,36,0,0,0,0,0,13,22,1,0,36,0,0,0,36
12/20/2020,SHV,LA,ASW,CE,Combined TRACON& Tower with Radar,18,18,18,0,54,0,0,2,0,2,18,18,20,0,56,0,0,0,56
12/21/2020,SHV,LA,ASW,CE,Combined TRACON& Tower with Radar,22,27,14,0,63,0,3,17,0,20,22,30,31,0,83,0,0,0,83
12/22/2020,SHV,LA,ASW,CE,Combined TRACON& Tower with Radar,22,30,19,0,71,0,1,22,0,23,22,31,41,0,94,36,0,36,130
12/23/2020,SHV,LA,ASW,CE,Combined TRACON& Tower with Radar,22,25,9,0,56,0,4,2,0,6,22,29,11,0,62,0,0,0,62
12/24/2020,SHV,LA,ASW,CE,Combined TRACON& Tower with Radar,21,12,6,0,39,0,0,1,0,1,21,12,7,0,40,0,0,0,40
12/25/2020,SHV,LA,ASW,CE,Combined TRACON& Tower with Radar,8,14,1,0,23,0,0,0,0,0,8,14,1,0,23,0,0,0,23
12/26/2020,SHV,LA,ASW,CE,Combined TRACON& Tower with Radar,8,20,21,0,49,0,0,9,0,9,8,20,30,0,58,0,0,0,58
12/27/2020,SHV,LA,ASW,CE,Combined TRACON& Tower with Radar,15,17,6,0,38,0,2,2,0,4,15,19,8,0,42,0,0,0,42
12/28/2020,SHV,LA,ASW,CE,Combined TRACON& Tower with Radar,15,24,22,2,63,0,0,1,1,2,15,24,23,3,65,0,0,0,65
12/29/2020,SHV,LA,ASW,CE,Combined TRACON& Tower with Radar,22,16,19,1,58,0,0,17,0,17,22,16,36,1,75,0,0,0,75
12/30/2020,SHV,LA,ASW,CE,Combined TRACON& Tower with Radar,20,14,15,0,49,0,0,0,0,0,20,14,15,0,49,0,0,0,49
12/31/2020,SHV,LA,ASW,CE,Combined TRACON& Tower with Radar,20,11,0,0,31,0,0,0,0,0,20,11,0,0,31,0,0,0,31
01/01/2021,SHV,LA,ASW,CE,Combined TRACON& Tower with Radar,8,17,6,0,31,0,1,4,0,5,8,18,10,0,36,0,0,0,36
01/02/2021,SHV,LA,ASW,CE,Combined TRACON& Tower with Radar,8,22,15,0,45,0,0,1,0,1,8,22,16,0,46,0,0,0,46
01/03/2021,SHV,LA,ASW,CE,Combined TRACON& Tower with Radar,15,26,14,0,55,0,0,12,0,12,15,26,26,0,67,0,0,0,67
01/04/2021,SHV,LA,ASW,CE,Combined TRACON& Tower with Radar,17,15,18,0,50,0,1,19,1,21,17,16,37,1,71,14,0,14,85
01/05/2021,SHV,LA,ASW,CE,Combined TRACON& Tower with Radar,25,10,17,6,58,0,2,35,6,43,25,12,52,12,101,26,0,26,127
01/06/2021,SHV,LA,ASW,CE,Combined TRACON& Tower with Radar,28,9,22,0,59,0,0,2,0,2,28,9,24,0,61,0,0,0,61
01/07/2021,SHV,LA,ASW,CE,Combined TRACON& Tower with Radar,27,15,10,6,58,0,0,1,0,1,27,15,11,6,59,0,0,0,59
01/08/2021,SHV,LA,ASW,CE,Combined TRACON& Tower with Radar,31,18,15,19,83,0,2,5,2,9,31,20,20,21,92,0,0,0,92
01/09/2021,SHV,LA,ASW,CE,Combined TRACON& Tower with Radar,20,9,3,7,39,0,0,12,11,23,20,9,15,18,62,4,15,19,81
01/10/2021,SHV,LA,ASW,CE,Combined TRACON& Tower with Radar,15,10,11,5,41,0,0,2,0,2,15,10,13,5,43,0,0,0,43
01/11/2021,SHV,LA,ASW,CE,Combined TRACON& Tower with Radar,23,15,9,0,47,0,0,1,0,1,23,15,10,0,48,0,0,0,48
01/12/2021,SHV,LA,ASW,CE,Combined TRACON& Tower with Radar,25,13,11,6,55,0,0,16,1,17,25,13,27,7,72,6,0,6,78
01/13/2021,SHV,LA,ASW,CE,Combined TRACON& Tower with Radar,25,17,19,12,73,0,0,16,1,17,25,17,35,13,90,14,4,18,108
01/14/2021,SHV,LA,ASW,CE,Combined TRACON& Tower with Radar,25,18,13,21,77,0,1,13,6,20,25,19,26,27,97,6,0,6,103
01/15/2021,SHV,LA,ASW,CE,Combined TRACON& Tower with Radar,31,20,11,11,73,0,0,7,0,7,31,20,18,11,80,4,0,4,84
01/16/2021,SHV,LA,ASW,CE,Combined TRACON& Tower with Radar,20,12,9,0,41,0,0,15,0,15,20,12,24,0,56,32,0,32,88
01/17/2021,SHV,LA,ASW,CE,Combined TRACON& Tower with Radar,20,8,10,0,38,0,0,14,0,14,20,8,24,0,52,4,0,4,56
01/18/2021,SHV,LA,ASW,CE,Combined TRACON& Tower with Radar,25,12,17,0,54,0,3,14,2,19,25,15,31,2,73,0,0,0,73
01/19/2021,SHV,LA,ASW,CE,Combined TRACON& Tower with Radar,25,12,12,0,49,0,0,2,0,2,25,12,14,0,51,0,0,0,51
01/20/2021,SHV,LA,ASW,CE,Combined TRACON& Tower with Radar,38,9,21,3,71,0,0,9,0,9,38,9,30,3,80,16,0,16,96
01/21/2021,SHV,LA,ASW,CE,Combined TRACON& Tower with Radar,28,18,16,0,62,0,0,0,0,0,28,18,16,0,62,0,0,0,62
01/22/2021,SHV,LA,ASW,CE,Combined TRACON& Tower with Radar,29,11,16,0,56,0,0,0,0,0,29,11,16,0,56,0,0,0,56
01/23/2021,SHV,LA,ASW,CE,Combined TRACON& Tower with Radar,19,30,23,14,86,0,0,0,0,0,19,30,23,14,86,0,0,0,86
01/24/2021,SHV,LA,ASW,CE,Combined TRACON& Tower with Radar,16,9,6,0,31,0,0,0,0,0,16,9,6,0,31,0,0,0,31
01/25/2021,SHV,LA,ASW,CE,Combined TRACON& Tower with Radar,22,15,11,0,48,0,0,10,0,10,22,15,21,0,58,0,0,0,58
01/26/2021,SHV,LA,ASW,CE,Combined TRACON& Tower with Radar,27,29,18,6,80,0,2,21,0,23,27,31,39,6,103,0,0,0,103
01/27/2021,SHV,LA,ASW,CE,Combined TRACON& Tower with Radar,26,24,21,0,71,0,6,28,0,34,26,30,49,0,105,24,0,24,129
01/28/2021,SHV,LA,ASW,CE,Combined TRACON& Tower with Radar,25,19,16,2,62,0,1,18,0,19,25,20,34,2,81,0,0,0,81
01/29/2021,SHV,LA,ASW,CE,Combined TRACON& Tower with Radar,29,20,13,0,62,2,5,19,0,26,31,25,32,0,88,12,0,12,100
01/30/2021,SHV,LA,ASW,CE,Combined TRACON& Tower with Radar,17,13,2,2,34,0,0,0,0,0,17,13,2,2,34,0,0,0,34
01/31/2021,SHV,LA,ASW,CE,Combined TRACON& Tower with Radar,20,16,19,0,55,0,2,1,0,3,20,18,20,0,58,0,0,0,58
02/01/2021,SHV,LA,ASW,CE,Combined TRACON& Tower with Radar,19,18,16,0,53,0,2,9,0,11,19,20,25,0,64,6,0,6,70
02/02/2021,SHV,LA,ASW,CE,Combined TRACON& Tower with Radar,24,14,14,6,58,0,3,17,0,20,24,17,31,6,78,29,0,29,107
02/03/2021,SHV,LA,ASW,CE,Combined TRACON& Tower with Radar,30,22,12,6,70,0,2,8,4,14,30,24,20,10,84,3,0,3,87
02/04/2021,SHV,LA,ASW,CE,Combined TRACON& Tower with Radar,25,27,11,2,65,0,1,3,2,6,25,28,14,4,71,0,0,0,71
02/05/2021,SHV,LA,ASW,CE,Combined TRACON& Tower with Radar,28,24,10,11,73,0,1,14,4,19,28,25,24,15,92,6,3,9,101
02/06/2021,SHV,LA,ASW,CE,Combined TRACON& Tower with Radar,21,18,9,4,52,0,0,2,0,2,21,18,11,4,54,6,4,10,64
02/07/2021,SHV,LA,ASW,CE,Combined TRACON& Tower with Radar,20,15,10,8,53,0,0,1,0,1,20,15,11,8,54,4,0,4,58
02/08/2021,SHV,LA,ASW,CE,Combined TRACON& Tower with Radar,23,23,31,0,77,0,1,3,5,9,23,24,34,5,86,0,0,0,86
02/09/2021,SHV,LA,ASW,CE,Combined TRACON& Tower with Radar,24,23,17,8,72,0,0,0,0,0,24,23,17,8,72,0,0,0,72
02/10/2021,SHV,LA,ASW,CE,Combined TRACON& Tower with Radar,26,15,29,0,70,0,0,0,0,0,26,15,29,0,70,0,0,0,70
02/11/2021,SHV,LA,ASW,CE,Combined TRACON& Tower with Radar,24,27,12,1,64,0,0,0,0,0,24,27,12,1,64,0,0,0,64
02/12/2021,SHV,LA,ASW,CE,Combined TRACON& Tower with Radar,32,21,9,1,63,0,0,0,2,2,32,21,9,3,65,10,0,10,75
02/13/2021,SHV,LA,ASW,CE,Combined TRACON& Tower with Radar,22,18,9,0,49,0,1,2,0,3,22,19,11,0,52,10,0,10,62
02/14/2021,SHV,LA,ASW,CE,Combined TRACON& Tower with Radar,7,6,5,0,18,0,0,0,0,0,7,6,5,0,18,0,0,0,18
02/15/2021,SHV,LA,ASW,CE,Combined TRACON& Tower with Radar,0,0,0,0,0,0,0,0,0,0,0,0,0,0,0,0,0,0,0
02/16/2021,SHV,LA,ASW,CE,Combined TRACON& Tower with Radar,0,3,4,0,7,0,4,2,0,6,0,7,6,0,13,0,0,0,13
02/17/2021,SHV,LA,ASW,CE,Combined TRACON& Tower with Radar,0,0,0,0,0,0,0,0,0,0,0,0,0,0,0,0,0,0,0
02/18/2021,SHV,LA,ASW,CE,Combined TRACON& Tower with Radar,0,0,1,0,1,0,0,5,0,5,0,0,6,0,6,0,0,0,6
02/19/2021,SHV,LA,ASW,CE,Combined TRACON& Tower with Radar,0,2,3,0,5,0,1,3,0,4,0,3,6,0,9,0,0,0,9
02/20/2021,SHV,LA,ASW,CE,Combined TRACON& Tower with Radar,5,4,13,0,22,0,2,5,3,10,5,6,18,3,32,0,0,0,32
02/21/2021,SHV,LA,ASW,CE,Combined TRACON& Tower with Radar,21,21,12,0,54,0,2,4,0,6,21,23,16,0,60,0,0,0,60
02/22/2021,SHV,LA,ASW,CE,Combined TRACON& Tower with Radar,22,14,14,0,50,0,4,16,0,20,22,18,30,0,70,16,0,16,86
02/23/2021,SHV,LA,ASW,CE,Combined TRACON& Tower with Radar,25,13,18,4,60,0,3,21,0,24,25,16,39,4,84,18,0,18,102
02/24/2021,SHV,LA,ASW,CE,Combined TRACON& Tower with Radar,30,18,11,0,59,0,3,13,1,17,30,21,24,1,76,27,0,27,103
02/25/2021,SHV,LA,ASW,CE,Combined TRACON& Tower with Radar,27,25,20,0,72,0,2,6,1,9,27,27,26,1,81,2,0,2,83
02/26/2021,SHV,LA,ASW,CE,Combined TRACON& Tower with Radar,30,26,15,0,71,0,0,0,0,0,30,26,15,0,71,0,0,0,71
02/27/2021,SHV,LA,ASW,CE,Combined TRACON& Tower with Radar,21,10,14,0,45,0,0,1,1,2,21,10,15,1,47,0,0,0,47
02/28/2021,SHV,LA,ASW,CE,Combined TRACON& Tower with Radar,15,19,7,0,41,0,0,0,0,0,15,19,7,0,41,0,0,0,41
03/01/2021,SHV,LA,ASW,CE,Combined TRACON& Tower with Radar,26,12,8,0,46,0,0,0,0,0,26,12,8,0,46,0,0,0,46
03/02/2021,SHV,LA,ASW,CE,Combined TRACON& Tower with Radar,29,16,14,0,59,0,0,29,0,29,29,16,43,0,88,0,0,0,88
03/03/2021,SHV,LA,ASW,CE,Combined TRACON& Tower with Radar,28,20,12,10,70,0,0,35,0,35,28,20,47,10,105,0,0,0,105
03/04/2021,SHV,LA,ASW,CE,Combined TRACON& Tower with Radar,28,30,21,0,79,0,1,19,0,20,28,31,40,0,99,0,0,0,99
03/05/2021,SHV,LA,ASW,CE,Combined TRACON& Tower with Radar,30,19,13,0,62,0,0,2,0,2,30,19,15,0,64,0,0,0,64
03/06/2021,SHV,LA,ASW,CE,Combined TRACON& Tower with Radar,20,23,9,6,58,0,2,15,8,25,20,25,24,14,83,10,16,26,109
03/07/2021,SHV,LA,ASW,CE,Combined TRACON& Tower with Radar,22,12,14,3,51,0,2,41,0,43,22,14,55,3,94,0,0,0,94
03/08/2021,SHV,LA,ASW,CE,Combined TRACON& Tower with Radar,32,15,18,4,69,0,4,22,1,27,32,19,40,5,96,0,0,0,96
03/09/2021,SHV,LA,ASW,CE,Combined TRACON& Tower with Radar,30,15,19,0,64,0,1,14,0,15,30,16,33,0,79,0,0,0,79
03/10/2021,SHV,LA,ASW,CE,Combined TRACON& Tower with Radar,30,28,27,3,88,0,0,2,1,3,30,28,29,4,91,0,0,0,91
03/11/2021,SHV,LA,ASW,CE,Combined TRACON& Tower with Radar,30,17,32,0,79,0,4,16,1,21,30,21,48,1,100,12,8,20,120
03/12/2021,SHV,LA,ASW,CE,Combined TRACON& Tower with Radar,34,20,14,0,68,0,2,10,0,12,34,22,24,0,80,0,0,0,80
03/13/2021,SHV,LA,ASW,CE,Combined TRACON& Tower with Radar,19,29,18,10,76,0,0,24,0,24,19,29,42,10,100,0,0,0,100
03/14/2021,SHV,LA,ASW,CE,Combined TRACON& Tower with Radar,22,11,20,0,53,0,1,1,2,4,22,12,21,2,57,0,0,0,57
03/15/2021,SHV,LA,ASW,CE,Combined TRACON& Tower with Radar,25,12,14,2,53,0,0,20,0,20,25,12,34,2,73,0,0,0,73
03/16/2021,SHV,LA,ASW,CE,Combined TRACON& Tower with Radar,33,10,33,8,84,0,5,7,6,18,33,15,40,14,102,0,0,0,102
03/17/2021,SHV,LA,ASW,CE,Combined TRACON& Tower with Radar,22,11,8,0,41,0,3,3,0,6,22,14,11,0,47,0,0,0,47
03/18/2021,SHV,LA,ASW,CE,Combined TRACON& Tower with Radar,31,21,28,4,84,0,2,3,4,9,31,23,31,8,93,0,0,0,93
03/19/2021,SHV,LA,ASW,CE,Combined TRACON& Tower with Radar,32,14,29,10,85,0,1,14,1,16,32,15,43,11,101,11,0,11,112
03/20/2021,SHV,LA,ASW,CE,Combined TRACON& Tower with Radar,22,20,10,28,80,0,0,22,0,22,22,20,32,28,102,0,0,0,102
03/21/2021,SHV,LA,ASW,CE,Combined TRACON& Tower with Radar,21,12,13,0,46,0,3,25,1,29,21,15,38,1,75,25,0,25,100
03/22/2021,SHV,LA,ASW,CE,Combined TRACON& Tower with Radar,24,10,10,4,48,0,0,7,0,7,24,10,17,4,55,0,0,0,55
03/23/2021,SHV,LA,ASW,CE,Combined TRACON& Tower with Radar,30,13,18,9,70,0,1,7,1,9,30,14,25,10,79,0,0,0,79
03/24/2021,SHV,LA,ASW,CE,Combined TRACON& Tower with Radar,32,17,6,5,60,0,0,11,1,12,32,17,17,6,72,6,0,6,78
03/25/2021,SHV,LA,ASW,CE,Combined TRACON& Tower with Radar,32,19,12,3,66,0,1,5,0,6,32,20,17,3,72,4,0,4,76
03/26/2021,SHV,LA,ASW,CE,Combined TRACON& Tower with Radar,32,17,23,17,89,0,3,16,1,20,32,20,39,18,109,34,11,45,154
03/27/2021,SHV,LA,ASW,CE,Combined TRACON& Tower with Radar,23,13,23,1,60,0,1,0,0,1,23,14,23,1,61,0,0,0,61
03/28/2021,SHV,LA,ASW,CE,Combined TRACON& Tower with Radar,25,14,15,0,54,0,2,13,1,16,25,16,28,1,70,0,0,0,70
03/29/2021,SHV,LA,ASW,CE,Combined TRACON& Tower with Radar,28,8,9,0,45,0,1,16,1,18,28,9,25,1,63,0,0,0,63
03/30/2021,SHV,LA,ASW,CE,Combined TRACON& Tower with Radar,30,10,34,4,78,0,0,1,0,1,30,10,35,4,79,0,0,0,79
03/31/2021,SHV,LA,ASW,CE,Combined TRACON& Tower with Radar,30,16,5,2,53,0,1,4,2,7,30,17,9,4,60,0,0,0,60
04/01/2021,SHV,LA,ASW,CE,Combined TRACON& Tower with Radar,33,15,20,2,70,0,5,32,2,39,33,20,52,4,109,13,0,13,122
04/02/2021,SHV,LA,ASW,CE,Combined TRACON& Tower with Radar,28,15,26,38,107,0,5,34,32,71,28,20,60,70,178,0,0,0,178
04/03/2021,SHV,LA,ASW,CE,Combined TRACON& Tower with Radar,19,11,19,12,61,0,2,8,0,10,19,13,27,12,71,0,0,0,71
04/04/2021,SHV,LA,ASW,CE,Combined TRACON& Tower with Radar,17,9,4,0,30,0,4,14,0,18,17,13,18,0,48,0,0,0,48
04/05/2021,SHV,LA,ASW,CE,Combined TRACON& Tower with Radar,23,12,24,0,59,0,0,21,1,22,23,12,45,1,81,14,0,14,95
04/06/2021,SHV,LA,ASW,CE,Combined TRACON& Tower with Radar,25,12,19,2,58,0,2,15,0,17,25,14,34,2,75,18,0,18,93
04/07/2021,SHV,LA,ASW,CE,Combined TRACON& Tower with Radar,26,12,25,0,63,0,0,1,0,1,26,12,26,0,64,8,0,8,72
04/08/2021,SHV,LA,ASW,CE,Combined TRACON& Tower with Radar,32,22,24,12,90,0,3,15,4,22,32,25,39,16,112,4,0,4,116
04/09/2021,SHV,LA,ASW,CE,Combined TRACON& Tower with Radar,29,12,13,0,54,0,0,3,0,3,29,12,16,0,57,0,0,0,57
04/10/2021,SHV,LA,ASW,CE,Combined TRACON& Tower with Radar,25,19,12,0,56,0,0,14,1,15,25,19,26,1,71,0,0,0,71
04/11/2021,SHV,LA,ASW,CE,Combined TRACON& Tower with Radar,19,16,17,0,52,0,4,17,0,21,19,20,34,0,73,28,0,28,101
04/12/2021,SHV,LA,ASW,CE,Combined TRACON& Tower with Radar,23,17,22,4,66,0,1,17,2,20,23,18,39,6,86,4,0,4,90
04/13/2021,SHV,LA,ASW,CE,Combined TRACON& Tower with Radar,24,12,20,6,62,0,1,24,0,25,24,13,44,6,87,0,0,0,87
04/14/2021,SHV,LA,ASW,CE,Combined TRACON& Tower with Radar,26,12,16,0,54,0,0,0,0,0,26,12,16,0,54,0,0,0,54
04/15/2021,SHV,LA,ASW,CE,Combined TRACON& Tower with Radar,28,26,24,4,82,0,2,29,2,33,28,28,53,6,115,34,0,34,149
04/16/2021,SHV,LA,ASW,CE,Combined TRACON& Tower with Radar,36,12,14,0,62,0,0,0,0,0,36,12,14,0,62,0,0,0,62
04/17/2021,SHV,LA,ASW,CE,Combined TRACON& Tower with Radar,19,15,12,4,50,0,1,1,0,2,19,16,13,4,52,0,0,0,52
04/18/2021,SHV,LA,ASW,CE,Combined TRACON& Tower with Radar,21,18,19,6,64,0,4,25,0,29,21,22,44,6,93,4,0,4,97
04/19/2021,SHV,LA,ASW,CE,Combined TRACON& Tower with Radar,25,14,13,2,54,0,1,40,0,41,25,15,53,2,95,0,0,0,95
04/20/2021,SHV,LA,ASW,CE,Combined TRACON& Tower with Radar,26,22,11,2,61,0,4,21,1,26,26,26,32,3,87,0,0,0,87
04/21/2021,SHV,LA,ASW,CE,Combined TRACON& Tower with Radar,25,18,16,2,61,0,5,23,0,28,25,23,39,2,89,10,0,10,99
04/22/2021,SHV,LA,ASW,CE,Combined TRACON& Tower with Radar,28,20,30,0,78,0,6,22,0,28,28,26,52,0,106,4,0,4,110
04/23/2021,SHV,LA,ASW,CE,Combined TRACON& Tower with Radar,31,18,8,2,59,0,1,1,0,2,31,19,9,2,61,0,0,0,61
04/24/2021,SHV,LA,ASW,CE,Combined TRACON& Tower with Radar,16,17,10,2,45,0,3,10,2,15,16,20,20,4,60,0,0,0,60
04/25/2021,SHV,LA,ASW,CE,Combined TRACON& Tower with Radar,21,8,27,1,57,0,0,34,6,40,21,8,61,7,97,10,0,10,107
04/26/2021,SHV,LA,ASW,CE,Combined TRACON& Tower with Radar,23,19,21,1,64,0,0,22,2,24,23,19,43,3,88,7,0,7,95
04/27/2021,SHV,LA,ASW,CE,Combined TRACON& Tower with Radar,24,16,33,2,75,0,2,9,2,13,24,18,42,4,88,10,0,10,98
04/28/2021,SHV,LA,ASW,CE,Combined TRACON& Tower with Radar,23,24,24,0,71,0,2,4,2,8,23,26,28,2,79,4,0,4,83
04/29/2021,SHV,LA,ASW,CE,Combined TRACON& Tower with Radar,28,17,24,4,73,0,2,24,0,26,28,19,48,4,99,0,0,0,99
04/30/2021,SHV,LA,ASW,CE,Combined TRACON& Tower with Radar,31,16,14,0,61,0,0,6,1,7,31,16,20,1,68,0,0,0,68
05/01/2021,SHV,LA,ASW,CE,Combined TRACON& Tower with Radar,19,16,9,0,44,0,1,55,1,57,19,17,64,1,101,0,0,0,101
05/02/2021,SHV,LA,ASW,CE,Combined TRACON& Tower with Radar,19,15,9,0,43,0,0,48,0,48,19,15,57,0,91,0,0,0,91
05/03/2021,SHV,LA,ASW,CE,Combined TRACON& Tower with Radar,20,18,21,10,69,0,0,12,0,12,20,18,33,10,81,18,0,18,99
05/04/2021,SHV,LA,ASW,CE,Combined TRACON& Tower with Radar,26,14,10,0,50,0,0,0,0,0,26,14,10,0,50,0,0,0,50
05/05/2021,SHV,LA,ASW,CE,Combined TRACON& Tower with Radar,24,25,21,12,82,0,3,51,5,59,24,28,72,17,141,156,0,156,297
05/06/2021,SHV,LA,ASW,CE,Combined TRACON& Tower with Radar,32,32,29,1,94,0,2,33,7,42,32,34,62,8,136,10,0,10,146
05/07/2021,SHV,LA,ASW,CE,Combined TRACON& Tower with Radar,31,22,22,10,85,0,0,47,1,48,31,22,69,11,133,0,0,0,133
05/08/2021,SHV,LA,ASW,CE,Combined TRACON& Tower with Radar,27,16,19,0,62,0,8,34,2,44,27,24,53,2,106,4,0,4,110
05/09/2021,SHV,LA,ASW,CE,Combined TRACON& Tower with Radar,20,11,11,0,42,0,0,59,1,60,20,11,70,1,102,0,0,0,102
05/10/2021,SHV,LA,ASW,CE,Combined TRACON& Tower with Radar,20,14,17,4,55,0,0,1,0,1,20,14,18,4,56,0,0,0,56
05/11/2021,SHV,LA,ASW,CE,Combined TRACON& Tower with Radar,27,11,6,0,44,0,0,1,0,1,27,11,7,0,45,0,0,0,45
05/12/2021,SHV,LA,ASW,CE,Combined TRACON& Tower with Radar,26,19,16,0,61,0,0,0,0,0,26,19,16,0,61,0,0,0,61
05/13/2021,SHV,LA,ASW,CE,Combined TRACON& Tower with Radar,28,18,26,13,85,0,2,26,3,31,28,20,52,16,116,4,4,8,124
05/14/2021,SHV,LA,ASW,CE,Combined TRACON& Tower with Radar,30,17,15,0,62,0,4,23,0,27,30,21,38,0,89,0,0,0,89
05/15/2021,SHV,LA,ASW,CE,Combined TRACON& Tower with Radar,19,14,11,6,50,0,0,10,27,37,19,14,21,33,87,0,0,0,87
05/16/2021,SHV,LA,ASW,CE,Combined TRACON& Tower with Radar,20,16,14,16,66,0,1,7,1,9,20,17,21,17,75,0,0,0,75
05/17/2021,SHV,LA,ASW,CE,Combined TRACON& Tower with Radar,25,13,7,13,58,0,0,0,0,0,25,13,7,13,58,0,0,0,58
05/18/2021,SHV,LA,ASW,CE,Combined TRACON& Tower with Radar,29,20,22,0,71,0,0,1,0,1,29,20,23,0,72,0,0,0,72
05/19/2021,SHV,LA,ASW,CE,Combined TRACON& Tower with Radar,26,19,13,4,62,0,0,1,2,3,26,19,14,6,65,0,0,0,65
05/20/2021,SHV,LA,ASW,CE,Combined TRACON& Tower with Radar,29,17,8,4,58,0,0,1,0,1,29,17,9,4,59,0,0,0,59
05/21/2021,SHV,LA,ASW,CE,Combined TRACON& Tower with Radar,28,17,14,2,61,0,0,1,0,1,28,17,15,2,62,0,0,0,62
05/22/2021,SHV,LA,ASW,CE,Combined TRACON& Tower with Radar,18,15,16,10,59,0,0,15,4,19,18,15,31,14,78,0,0,0,78
05/23/2021,SHV,LA,ASW,CE,Combined TRACON& Tower with Radar,19,19,8,4,50,0,0,28,1,29,19,19,36,5,79,0,0,0,79
05/24/2021,SHV,LA,ASW,CE,Combined TRACON& Tower with Radar,30,17,20,0,67,0,0,16,0,16,30,17,36,0,83,0,0,0,83
05/25/2021,SHV,LA,ASW,CE,Combined TRACON& Tower with Radar,31,16,24,0,71,0,1,7,0,8,31,17,31,0,79,0,0,0,79
05/26/2021,SHV,LA,ASW,CE,Combined TRACON& Tower with Radar,29,21,23,5,78,0,2,11,2,15,29,23,34,7,93,7,0,7,100
05/27/2021,SHV,LA,ASW,CE,Combined TRACON& Tower with Radar,28,18,22,2,70,0,1,10,0,11,28,19,32,2,81,0,0,0,81
05/28/2021,SHV,LA,ASW,CE,Combined TRACON& Tower with Radar,30,20,22,0,72,0,1,6,0,7,30,21,28,0,79,0,0,0,79
05/29/2021,SHV,LA,ASW,CE,Combined TRACON& Tower with Radar,21,14,8,0,43,0,2,17,0,19,21,16,25,0,62,0,0,0,62
05/30/2021,SHV,LA,ASW,CE,Combined TRACON& Tower with Radar,20,15,16,1,52,0,4,19,0,23,20,19,35,1,75,0,0,0,75
05/31/2021,SHV,LA,ASW,CE,Combined TRACON& Tower with Radar,24,12,13,0,49,0,1,35,2,38,24,13,48,2,87,0,0,0,87
06/01/2021,SHV,LA,ASW,CE,Combined TRACON& Tower with Radar,28,16,17,4,65,0,0,8,0,8,28,16,25,4,73,6,0,6,79
06/02/2021,SHV,LA,ASW,CE,Combined TRACON& Tower with Radar,30,20,26,6,82,0,2,11,1,14,30,22,37,7,96,0,0,0,96
06/03/2021,SHV,LA,ASW,CE,Combined TRACON& Tower with Radar,31,19,29,6,85,0,6,13,1,20,31,25,42,7,105,0,0,0,105
06/04/2021,SHV,LA,ASW,CE,Combined TRACON& Tower with Radar,39,23,8,0,70,0,0,2,0,2,39,23,10,0,72,0,0,0,72
06/05/2021,SHV,LA,ASW,CE,Combined TRACON& Tower with Radar,28,19,7,0,54,0,4,1,0,5,28,23,8,0,59,0,16,16,75
06/06/2021,SHV,LA,ASW,CE,Combined TRACON& Tower with Radar,23,25,12,0,60,0,2,0,0,2,23,27,12,0,62,0,0,0,62
06/07/2021,SHV,LA,ASW,CE,Combined TRACON& Tower with Radar,33,20,32,9,94,0,2,11,2,15,33,22,43,11,109,8,4,12,121
06/08/2021,SHV,LA,ASW,CE,Combined TRACON& Tower with Radar,37,21,13,0,71,0,2,10,0,12,37,23,23,0,83,20,0,20,103
06/09/2021,SHV,LA,ASW,CE,Combined TRACON& Tower with Radar,30,30,25,8,93,0,1,21,1,23,30,31,46,9,116,0,0,0,116
06/10/2021,SHV,LA,ASW,CE,Combined TRACON& Tower with Radar,30,23,31,0,84,0,0,23,0,23,30,23,54,0,107,0,0,0,107
06/11/2021,SHV,LA,ASW,CE,Combined TRACON& Tower with Radar,31,22,24,22,99,0,0,19,2,21,31,22,43,24,120,9,0,9,129
06/12/2021,SHV,LA,ASW,CE,Combined TRACON& Tower with Radar,22,15,8,27,72,0,2,18,0,20,22,17,26,27,92,24,0,24,116
06/13/2021,SHV,LA,ASW,CE,Combined TRACON& Tower with Radar,21,20,9,24,74,0,1,16,0,17,21,21,25,24,91,0,4,4,95
06/14/2021,SHV,LA,ASW,CE,Combined TRACON& Tower with Radar,28,22,11,0,61,0,4,15,0,19,28,26,26,0,80,0,0,0,80
06/15/2021,SHV,LA,ASW,CE,Combined TRACON& Tower with Radar,26,24,11,7,68,0,2,26,3,31,26,26,37,10,99,52,0,52,151
06/16/2021,SHV,LA,ASW,CE,Combined TRACON& Tower with Radar,30,25,29,4,88,0,3,25,0,28,30,28,54,4,116,38,0,38,154
06/17/2021,SHV,LA,ASW,CE,Combined TRACON& Tower with Radar,27,27,27,6,87,0,2,11,0,13,27,29,38,6,100,0,0,0,100
06/18/2021,SHV,LA,ASW,CE,Combined TRACON& Tower with Radar,36,21,17,7,81,0,2,8,0,10,36,23,25,7,91,0,4,4,95
06/19/2021,SHV,LA,ASW,CE,Combined TRACON& Tower with Radar,24,18,16,0,58,0,4,16,1,21,24,22,32,1,79,21,0,21,100
06/20/2021,SHV,LA,ASW,CE,Combined TRACON& Tower with Radar,26,13,10,0,49,0,4,7,2,13,26,17,17,2,62,0,0,0,62
06/21/2021,SHV,LA,ASW,CE,Combined TRACON& Tower with Radar,25,24,18,8,75,0,1,3,0,4,25,25,21,8,79,0,0,0,79
06/22/2021,SHV,LA,ASW,CE,Combined TRACON& Tower with Radar,35,28,13,2,78,0,1,23,1,25,35,29,36,3,103,0,0,0,103
06/23/2021,SHV,LA,ASW,CE,Combined TRACON& Tower with Radar,27,25,24,22,98,0,1,20,0,21,27,26,44,22,119,12,0,12,131
06/24/2021,SHV,LA,ASW,CE,Combined TRACON& Tower with Radar,27,27,18,4,76,0,3,35,0,38,27,30,53,4,114,0,0,0,114
06/25/2021,SHV,LA,ASW,CE,Combined TRACON& Tower with Radar,34,28,20,33,115,0,0,11,7,18,34,28,31,40,133,30,3,33,166
06/26/2021,SHV,LA,ASW,CE,Combined TRACON& Tower with Radar,20,17,20,25,82,0,5,4,7,16,20,22,24,32,98,5,12,17,115
06/27/2021,SHV,LA,ASW,CE,Combined TRACON& Tower with Radar,23,19,15,2,59,0,0,9,1,10,23,19,24,3,69,8,0,8,77
06/28/2021,SHV,LA,ASW,CE,Combined TRACON& Tower with Radar,31,25,20,0,76,0,0,12,0,12,31,25,32,0,88,27,0,27,115
06/29/2021,SHV,LA,ASW,CE,Combined TRACON& Tower with Radar,27,25,22,0,74,0,3,13,0,16,27,28,35,0,90,10,0,10,100
06/30/2021,SHV,LA,ASW,CE,Combined TRACON& Tower with Radar,28,25,22,6,81,0,4,9,0,13,28,29,31,6,94,13,0,13,107
07/01/2021,SHV,LA,ASW,CE,Combined TRACON& Tower with Radar,38,31,28,4,101,0,8,32,3,43,38,39,60,7,144,0,0,0,144
07/02/2021,SHV,LA,ASW,CE,Combined TRACON& Tower with Radar,37,19,13,0,69,0,0,4,0,4,37,19,17,0,73,0,0,0,73
07/03/2021,SHV,LA,ASW,CE,Combined TRACON& Tower with Radar,19,17,10,0,46,0,7,7,0,14,19,24,17,0,60,0,0,0,60
07/04/2021,SHV,LA,ASW,CE,Combined TRACON& Tower with Radar,23,15,7,0,45,0,2,11,0,13,23,17,18,0,58,8,0,8,66
07/05/2021,SHV,LA,ASW,CE,Combined TRACON& Tower with Radar,30,17,16,0,63,0,0,18,2,20,30,17,34,2,83,0,0,0,83
07/06/2021,SHV,LA,ASW,CE,Combined TRACON& Tower with Radar,25,24,24,8,81,0,1,25,2,28,25,25,49,10,109,0,0,0,109
07/07/2021,SHV,LA,ASW,CE,Combined TRACON& Tower with Radar,33,24,13,7,77,0,1,5,2,8,33,25,18,9,85,0,0,0,85
07/08/2021,SHV,LA,ASW,CE,Combined TRACON& Tower with Radar,35,25,16,2,78,0,0,21,1,22,35,25,37,3,100,4,0,4,104
07/09/2021,SHV,LA,ASW,CE,Combined TRACON& Tower with Radar,35,26,24,26,111,0,4,15,3,22,35,30,39,29,133,0,0,0,133
07/10/2021,SHV,LA,ASW,CE,Combined TRACON& Tower with Radar,25,14,16,1,56,0,1,14,3,18,25,15,30,4,74,42,0,42,116
07/11/2021,SHV,LA,ASW,CE,Combined TRACON& Tower with Radar,25,23,16,0,64,0,0,2,0,2,25,23,18,0,66,0,0,0,66
07/12/2021,SHV,LA,ASW,CE,Combined TRACON& Tower with Radar,33,18,17,17,85,0,0,13,2,15,33,18,30,19,100,0,0,0,100
07/13/2021,SHV,LA,ASW,CE,Combined TRACON& Tower with Radar,34,31,21,4,90,0,4,23,2,29,34,35,44,6,119,0,0,0,119
07/14/2021,SHV,LA,ASW,CE,Combined TRACON& Tower with Radar,33,23,27,11,94,0,2,34,7,43,33,25,61,18,137,0,0,0,137
07/15/2021,SHV,LA,ASW,CE,Combined TRACON& Tower with Radar,31,21,18,0,70,0,1,10,0,11,31,22,28,0,81,0,0,0,81
07/16/2021,SHV,LA,ASW,CE,Combined TRACON& Tower with Radar,37,21,15,0,73,0,3,11,0,14,37,24,26,0,87,0,0,0,87
07/17/2021,SHV,LA,ASW,CE,Combined TRACON& Tower with Radar,20,22,13,4,59,0,1,6,0,7,20,23,19,4,66,0,0,0,66
07/18/2021,SHV,LA,ASW,CE,Combined TRACON& Tower with Radar,25,19,10,0,54,0,2,10,0,12,25,21,20,0,66,6,0,6,72
07/19/2021,SHV,LA,ASW,CE,Combined TRACON& Tower with Radar,25,19,12,0,56,0,0,3,0,3,25,19,15,0,59,0,0,0,59
07/20/2021,SHV,LA,ASW,CE,Combined TRACON& Tower with Radar,40,21,26,3,90,0,2,11,0,13,40,23,37,3,103,0,0,0,103
07/21/2021,SHV,LA,ASW,CE,Combined TRACON& Tower with Radar,36,22,25,0,83,0,1,11,0,12,36,23,36,0,95,0,0,0,95
07/22/2021,SHV,LA,ASW,CE,Combined TRACON& Tower with Radar,36,25,22,6,89,0,1,15,0,16,36,26,37,6,105,0,0,0,105
07/23/2021,SHV,LA,ASW,CE,Combined TRACON& Tower with Radar,42,20,28,2,92,0,3,11,1,15,42,23,39,3,107,0,0,0,107
07/24/2021,SHV,LA,ASW,CE,Combined TRACON& Tower with Radar,25,20,12,0,57,0,2,10,0,12,25,22,22,0,69,4,0,4,73
07/25/2021,SHV,LA,ASW,CE,Combined TRACON& Tower with Radar,26,17,12,10,65,0,0,10,0,10,26,17,22,10,75,8,0,8,83
07/26/2021,SHV,LA,ASW,CE,Combined TRACON& Tower with Radar,29,21,13,28,91,0,2,20,4,26,29,23,33,32,117,0,0,0,117
07/27/2021,SHV,LA,ASW,CE,Combined TRACON& Tower with Radar,33,33,16,2,84,0,2,7,1,10,33,35,23,3,94,0,0,0,94
07/28/2021,SHV,LA,ASW,CE,Combined TRACON& Tower with Radar,34,23,10,4,71,0,2,10,1,13,34,25,20,5,84,0,0,0,84
07/29/2021,SHV,LA,ASW,CE,Combined TRACON& Tower with Radar,36,38,23,0,97,0,2,10,0,12,36,40,33,0,109,0,0,0,109
07/30/2021,SHV,LA,ASW,CE,Combined TRACON& Tower with Radar,40,30,18,24,112,0,9,10,7,26,40,39,28,31,138,0,0,0,138
07/31/2021,SHV,LA,ASW,CE,Combined TRACON& Tower with Radar,29,23,10,2,64,0,4,20,0,24,29,27,30,2,88,0,0,0,88
08/01/2021,SHV,LA,ASW,CE,Combined TRACON& Tower with Radar,40,13,10,14,77,0,1,17,0,18,40,14,27,14,95,10,0,10,105
08/02/2021,SHV,LA,ASW,CE,Combined TRACON& Tower with Radar,37,14,12,2,65,0,0,2,0,2,37,14,14,2,67,0,0,0,67
08/03/2021,SHV,LA,ASW,CE,Combined TRACON& Tower with Radar,44,25,12,6,87,0,2,13,0,15,44,27,25,6,102,0,0,0,102
08/04/2021,SHV,LA,ASW,CE,Combined TRACON& Tower with Radar,38,26,13,13,90,0,0,18,1,19,38,26,31,14,109,35,0,35,144
08/05/2021,SHV,LA,ASW,CE,Combined TRACON& Tower with Radar,43,23,15,9,90,0,1,17,2,20,43,24,32,11,110,26,0,26,136
08/06/2021,SHV,LA,ASW,CE,Combined TRACON& Tower with Radar,47,26,14,22,109,0,7,16,7,30,47,33,30,29,139,33,0,33,172
08/07/2021,SHV,LA,ASW,CE,Combined TRACON& Tower with Radar,24,23,23,13,83,0,2,5,2,9,24,25,28,15,92,0,0,0,92
08/08/2021,SHV,LA,ASW,CE,Combined TRACON& Tower with Radar,32,16,12,0,60,0,2,10,0,12,32,18,22,0,72,8,0,8,80
08/09/2021,SHV,LA,ASW,CE,Combined TRACON& Tower with Radar,39,18,10,20,87,0,5,15,3,23,39,23,25,23,110,0,0,0,110
08/10/2021,SHV,LA,ASW,CE,Combined TRACON& Tower with Radar,35,23,31,26,115,0,3,9,10,22,35,26,40,36,137,8,6,14,151
08/11/2021,SHV,LA,ASW,CE,Combined TRACON& Tower with Radar,37,32,12,16,97,0,2,13,2,17,37,34,25,18,114,0,0,0,114
08/12/2021,SHV,LA,ASW,CE,Combined TRACON& Tower with Radar,35,27,21,7,90,0,1,27,0,28,35,28,48,7,118,16,0,16,134
08/13/2021,SHV,LA,ASW,CE,Combined TRACON& Tower with Radar,43,22,12,20,97,0,2,21,0,23,43,24,33,20,120,0,0,0,120
08/14/2021,SHV,LA,ASW,CE,Combined TRACON& Tower with Radar,23,25,1,2,51,0,1,6,0,7,23,26,7,2,58,0,0,0,58
08/15/2021,SHV,LA,ASW,CE,Combined TRACON& Tower with Radar,35,11,12,0,58,0,3,7,0,10,35,14,19,0,68,24,0,24,92
08/16/2021,SHV,LA,ASW,CE,Combined TRACON& Tower with Radar,31,15,12,0,58,0,2,9,0,11,31,17,21,0,69,8,0,8,77
08/17/2021,SHV,LA,ASW,CE,Combined TRACON& Tower with Radar,34,16,16,7,73,0,0,2,0,2,34,16,18,7,75,0,0,0,75
08/18/2021,SHV,LA,ASW,CE,Combined TRACON& Tower with Radar,40,19,12,0,71,0,0,7,0,7,40,19,19,0,78,0,0,0,78
08/19/2021,SHV,LA,ASW,CE,Combined TRACON& Tower with Radar,43,20,11,0,74,0,0,0,0,0,43,20,11,0,74,10,0,10,84
08/20/2021,SHV,LA,ASW,CE,Combined TRACON& Tower with Radar,40,21,25,6,92,0,5,7,0,12,40,26,32,6,104,0,0,0,104
08/21/2021,SHV,LA,ASW,CE,Combined TRACON& Tower with Radar,24,16,11,20,71,0,0,1,0,1,24,16,12,20,72,0,0,0,72
08/22/2021,SHV,LA,ASW,CE,Combined TRACON& Tower with Radar,31,15,10,10,66,0,0,14,0,14,31,15,24,10,80,14,0,14,94
08/23/2021,SHV,LA,ASW,CE,Combined TRACON& Tower with Radar,31,17,18,0,66,0,0,10,0,10,31,17,28,0,76,0,0,0,76
08/24/2021,SHV,LA,ASW,CE,Combined TRACON& Tower with Radar,38,13,14,2,67,0,1,14,0,15,38,14,28,2,82,0,0,0,82
08/25/2021,SHV,LA,ASW,CE,Combined TRACON& Tower with Radar,32,23,24,0,79,0,0,13,0,13,32,23,37,0,92,0,0,0,92
08/26/2021,SHV,LA,ASW,CE,Combined TRACON& Tower with Radar,40,19,22,17,98,0,4,14,1,19,40,23,36,18,117,6,8,14,131
08/27/2021,SHV,LA,ASW,CE,Combined TRACON& Tower with Radar,41,29,9,10,89,0,6,6,0,12,41,35,15,10,101,0,0,0,101
08/28/2021,SHV,LA,ASW,CE,Combined TRACON& Tower with Radar,24,13,12,3,52,0,4,1,3,8,24,17,13,6,60,0,0,0,60
08/29/2021,SHV,LA,ASW,CE,Combined TRACON& Tower with Radar,30,14,14,4,62,0,4,5,1,10,30,18,19,5,72,0,0,0,72
08/30/2021,SHV,LA,ASW,CE,Combined TRACON& Tower with Radar,31,24,14,0,69,0,0,7,0,7,31,24,21,0,76,10,0,10,86
08/31/2021,SHV,LA,ASW,CE,Combined TRACON& Tower with Radar,33,18,21,2,74,0,0,16,0,16,33,18,37,2,90,0,0,0,90
09/01/2021,SHV,LA,ASW,CE,Combined TRACON& Tower with Radar,40,17,14,2,73,0,2,20,6,28,40,19,34,8,101,0,0,0,101
09/02/2021,SHV,LA,ASW,CE,Combined TRACON& Tower with Radar,42,23,16,4,85,0,1,16,0,17,42,24,32,4,102,0,0,0,102
09/03/2021,SHV,LA,ASW,CE,Combined TRACON& Tower with Radar,46,21,22,4,93,0,4,17,0,21,46,25,39,4,114,0,0,0,114
09/04/2021,SHV,LA,ASW,CE,Combined TRACON& Tower with Radar,24,16,11,0,51,0,2,12,0,14,24,18,23,0,65,0,0,0,65
09/05/2021,SHV,LA,ASW,CE,Combined TRACON& Tower with Radar,26,8,7,0,41,0,1,3,1,5,26,9,10,1,46,0,0,0,46
09/06/2021,SHV,LA,ASW,CE,Combined TRACON& Tower with Radar,24,18,9,0,51,0,2,13,0,15,24,20,22,0,66,0,0,0,66
09/07/2021,SHV,LA,ASW,CE,Combined TRACON& Tower with Radar,31,28,23,1,83,0,1,28,7,36,31,29,51,8,119,0,0,0,119
09/08/2021,SHV,LA,ASW,CE,Combined TRACON& Tower with Radar,35,15,25,0,75,0,2,24,10,36,35,17,49,10,111,22,0,22,133
09/09/2021,SHV,LA,ASW,CE,Combined TRACON& Tower with Radar,32,23,21,0,76,0,0,14,3,17,32,23,35,3,93,0,0,0,93
09/10/2021,SHV,LA,ASW,CE,Combined TRACON& Tower with Radar,31,14,19,6,70,0,2,28,4,34,31,16,47,10,104,0,0,0,104
09/11/2021,SHV,LA,ASW,CE,Combined TRACON& Tower with Radar,21,25,24,36,106,0,5,17,2,24,21,30,41,38,130,0,0,0,130
09/12/2021,SHV,LA,ASW,CE,Combined TRACON& Tower with Radar,27,23,11,15,76,0,1,19,1,21,27,24,30,16,97,14,0,14,111
09/13/2021,SHV,LA,ASW,CE,Combined TRACON& Tower with Radar,31,15,21,0,67,0,0,0,0,0,31,15,21,0,67,0,0,0,67
09/14/2021,SHV,LA,ASW,CE,Combined TRACON& Tower with Radar,26,18,4,0,48,0,0,7,0,7,26,18,11,0,55,0,0,0,55
09/15/2021,SHV,LA,ASW,CE,Combined TRACON& Tower with Radar,29,29,7,2,67,0,2,9,0,11,29,31,16,2,78,0,0,0,78
09/16/2021,SHV,LA,ASW,CE,Combined TRACON& Tower with Radar,38,22,19,1,80,0,0,10,5,15,38,22,29,6,95,0,0,0,95
09/17/2021,SHV,LA,ASW,CE,Combined TRACON& Tower with Radar,34,26,27,5,92,0,0,1,0,1,34,26,28,5,93,0,0,0,93
09/18/2021,SHV,LA,ASW,CE,Combined TRACON& Tower with Radar,23,18,10,0,51,0,0,0,0,0,23,18,10,0,51,0,0,0,51
09/19/2021,SHV,LA,ASW,CE,Combined TRACON& Tower with Radar,32,14,10,3,59,0,1,1,0,2,32,15,11,3,61,0,0,0,61
09/20/2021,SHV,LA,ASW,CE,Combined TRACON& Tower with Radar,31,21,15,11,78,0,0,11,0,11,31,21,26,11,89,0,0,0,89
09/21/2021,SHV,LA,ASW,CE,Combined TRACON& Tower with Radar,28,16,19,25,88,0,1,4,0,5,28,17,23,25,93,0,0,0,93
09/22/2021,SHV,LA,ASW,CE,Combined TRACON& Tower with Radar,32,20,14,6,72,0,3,18,3,24,32,23,32,9,96,0,0,0,96
09/23/2021,SHV,LA,ASW,CE,Combined TRACON& Tower with Radar,39,18,17,0,74,0,2,18,0,20,39,20,35,0,94,0,0,0,94
09/24/2021,SHV,LA,ASW,CE,Combined TRACON& Tower with Radar,35,20,14,2,71,0,2,14,1,17,35,22,28,3,88,0,0,0,88
09/25/2021,SHV,LA,ASW,CE,Combined TRACON& Tower with Radar,25,21,15,0,61,0,2,15,0,17,25,23,30,0,78,0,0,0,78
09/26/2021,SHV,LA,ASW,CE,Combined TRACON& Tower with Radar,32,13,6,6,57,0,2,10,0,12,32,15,16,6,69,0,0,0,69
09/27/2021,SHV,LA,ASW,CE,Combined TRACON& Tower with Radar,25,17,26,18,86,0,1,25,1,27,25,18,51,19,113,4,0,4,117
09/28/2021,SHV,LA,ASW,CE,Combined TRACON& Tower with Radar,28,16,22,0,66,0,1,5,0,6,28,17,27,0,72,0,0,0,72
09/29/2021,SHV,LA,ASW,CE,Combined TRACON& Tower with Radar,31,24,13,0,68,0,0,1,0,1,31,24,14,0,69,0,0,0,69
09/30/2021,SHV,LA,ASW,CE,Combined TRACON& Tower with Radar,33,20,17,0,70,0,0,3,0,3,33,20,20,0,73,0,0,0,73
10/01/2021,SHV,LA,ASW,CE,Combined TRACON& Tower with Radar,31,21,27,2,81,0,0,0,0,0,31,21,27,2,81,0,0,0,81
10/02/2021,SHV,LA,ASW,CE,Combined TRACON& Tower with Radar,22,21,12,8,63,0,0,1,0,1,22,21,13,8,64,0,0,0,64
10/03/2021,SHV,LA,ASW,CE,Combined TRACON& Tower with Radar,31,15,23,4,73,0,1,15,0,16,31,16,38,4,89,0,0,0,89
10/04/2021,SHV,LA,ASW,CE,Combined TRACON& Tower with Radar,29,19,14,15,77,0,1,18,1,20,29,20,32,16,97,0,8,8,105
10/05/2021,SHV,LA,ASW,CE,Combined TRACON& Tower with Radar,25,14,15,0,54,0,1,25,0,26,25,15,40,0,80,6,20,26,106
10/06/2021,SHV,LA,ASW,CE,Combined TRACON& Tower with Radar,31,17,20,31,99,0,0,12,4,16,31,17,32,35,115,0,0,0,115
10/07/2021,SHV,LA,ASW,CE,Combined TRACON& Tower with Radar,35,26,27,2,90,0,1,19,6,26,35,27,46,8,116,0,10,10,126
10/08/2021,SHV,LA,ASW,CE,Combined TRACON& Tower with Radar,37,15,16,26,94,0,0,27,4,31,37,15,43,30,125,0,10,10,135
10/09/2021,SHV,LA,ASW,CE,Combined TRACON& Tower with Radar,29,10,14,2,55,0,2,10,0,12,29,12,24,2,67,6,0,6,73
10/10/2021,SHV,LA,ASW,CE,Combined TRACON& Tower with Radar,24,20,9,1,54,0,2,4,0,6,24,22,13,1,60,20,0,20,80
10/11/2021,SHV,LA,ASW,CE,Combined TRACON& Tower with Radar,30,22,10,10,72,0,2,12,2,16,30,24,22,12,88,0,0,0,88
10/12/2021,SHV,LA,ASW,CE,Combined TRACON& Tower with Radar,28,24,14,4,70,0,2,3,0,5,28,26,17,4,75,12,0,12,87
10/13/2021,SHV,LA,ASW,CE,Combined TRACON& Tower with Radar,34,23,13,0,70,0,0,13,2,15,34,23,26,2,85,0,0,0,85
10/14/2021,SHV,LA,ASW,CE,Combined TRACON& Tower with Radar,31,31,20,3,85,0,2,2,1,5,31,33,22,4,90,0,0,0,90
10/15/2021,SHV,LA,ASW,CE,Combined TRACON& Tower with Radar,34,27,30,45,136,0,0,14,2,16,34,27,44,47,152,0,0,0,152
10/16/2021,SHV,LA,ASW,CE,Combined TRACON& Tower with Radar,23,21,22,6,72,0,4,16,4,24,23,25,38,10,96,6,0,6,102
10/17/2021,SHV,LA,ASW,CE,Combined TRACON& Tower with Radar,26,17,11,13,67,0,3,20,7,30,26,20,31,20,97,0,24,24,121
10/18/2021,SHV,LA,ASW,CE,Combined TRACON& Tower with Radar,25,21,18,8,72,0,5,18,0,23,25,26,36,8,95,0,0,0,95
10/19/2021,SHV,LA,ASW,CE,Combined TRACON& Tower with Radar,30,23,15,6,74,0,2,27,0,29,30,25,42,6,103,0,0,0,103
10/20/2021,SHV,LA,ASW,CE,Combined TRACON& Tower with Radar,27,32,33,1,93,0,3,16,3,22,27,35,49,4,115,0,0,0,115
10/21/2021,SHV,LA,ASW,CE,Combined TRACON& Tower with Radar,36,23,20,2,81,0,0,16,7,23,36,23,36,9,104,12,14,26,130
10/22/2021,SHV,LA,ASW,CE,Combined TRACON& Tower with Radar,35,18,20,17,90,0,2,17,17,36,35,20,37,34,126,0,18,18,144
10/23/2021,SHV,LA,ASW,CE,Combined TRACON& Tower with Radar,22,15,8,0,45,0,1,11,0,12,22,16,19,0,57,0,0,0,57
10/24/2021,SHV,LA,ASW,CE,Combined TRACON& Tower with Radar,25,22,14,34,95,0,0,7,0,7,25,22,21,34,102,0,0,0,102
10/25/2021,SHV,LA,ASW,CE,Combined TRACON& Tower with Radar,23,22,30,5,80,0,0,10,0,10,23,22,40,5,90,8,0,8,98
10/26/2021,SHV,LA,ASW,CE,Combined TRACON& Tower with Radar,25,24,25,12,86,0,3,10,4,17,25,27,35,16,103,0,0,0,103
10/27/2021,SHV,LA,ASW,CE,Combined TRACON& Tower with Radar,28,24,8,0,60,0,0,0,0,0,28,24,8,0,60,2,0,2,62
10/28/2021,SHV,LA,ASW,CE,Combined TRACON& Tower with Radar,28,30,9,13,80,0,1,6,0,7,28,31,15,13,87,0,0,0,87
10/29/2021,SHV,LA,ASW,CE,Combined TRACON& Tower with Radar,30,27,17,26,100,0,0,12,1,13,30,27,29,27,113,6,0,6,119
10/30/2021,SHV,LA,ASW,CE,Combined TRACON& Tower with Radar,26,23,21,1,71,0,4,17,0,21,26,27,38,1,92,0,0,0,92
10/31/2021,SHV,LA,ASW,CE,Combined TRACON& Tower with Radar,19,15,15,4,53,0,0,141,0,141,19,15,156,4,194,0,0,0,194
11/01/2021,SHV,LA,ASW,CE,Combined TRACON& Tower with Radar,21,29,12,4,66,0,6,17,4,27,21,35,29,8,93,0,6,6,99
11/02/2021,SHV,LA,ASW,CE,Combined TRACON& Tower with Radar,26,25,15,0,66,0,0,20,4,24,26,25,35,4,90,7,0,7,97
11/03/2021,SHV,LA,ASW,CE,Combined TRACON& Tower with Radar,23,25,13,0,61,0,0,0,0,0,23,25,13,0,61,0,0,0,61
11/04/2021,SHV,LA,ASW,CE,Combined TRACON& Tower with Radar,28,37,22,2,89,0,1,15,0,16,28,38,37,2,105,0,0,0,105
11/05/2021,SHV,LA,ASW,CE,Combined TRACON& Tower with Radar,21,38,25,11,95,0,6,28,7,41,21,44,53,18,136,6,8,14,150
11/06/2021,SHV,LA,ASW,CE,Combined TRACON& Tower with Radar,12,29,15,4,60,0,0,19,0,19,12,29,34,4,79,0,0,0,79
11/07/2021,SHV,LA,ASW,CE,Combined TRACON& Tower with Radar,19,44,12,28,103,0,2,27,2,31,19,46,39,30,134,4,0,4,138
11/08/2021,SHV,LA,ASW,CE,Combined TRACON& Tower with Radar,13,33,10,8,64,0,2,15,12,29,13,35,25,20,93,0,0,0,93
11/09/2021,SHV,LA,ASW,CE,Combined TRACON& Tower with Radar,24,31,18,3,76,0,0,7,1,8,24,31,25,4,84,0,0,0,84
11/10/2021,SHV,LA,ASW,CE,Combined TRACON& Tower with Radar,23,50,13,0,86,0,0,9,0,9,23,50,22,0,95,0,0,0,95
11/11/2021,SHV,LA,ASW,CE,Combined TRACON& Tower with Radar,23,37,28,0,88,0,1,36,0,37,23,38,64,0,125,0,0,0,125
11/12/2021,SHV,LA,ASW,CE,Combined TRACON& Tower with Radar,26,37,23,2,88,0,1,8,0,9,26,38,31,2,97,0,0,0,97
11/13/2021,SHV,LA,ASW,CE,Combined TRACON& Tower with Radar,12,27,15,0,54,0,0,24,0,24,12,27,39,0,78,0,0,0,78
11/14/2021,SHV,LA,ASW,CE,Combined TRACON& Tower with Radar,15,35,14,12,76,0,2,15,0,17,15,37,29,12,93,4,0,4,97
11/15/2021,SHV,LA,ASW,CE,Combined TRACON& Tower with Radar,16,38,12,21,87,0,1,16,9,26,16,39,28,30,113,0,0,0,113
11/16/2021,SHV,LA,ASW,CE,Combined TRACON& Tower with Radar,22,33,17,6,78,0,0,12,0,12,22,33,29,6,90,0,0,0,90
11/17/2021,SHV,LA,ASW,CE,Combined TRACON& Tower with Radar,29,32,16,0,77,0,2,5,0,7,29,34,21,0,84,0,0,0,84
11/18/2021,SHV,LA,ASW,CE,Combined TRACON& Tower with Radar,27,50,21,0,98,0,0,16,0,16,27,50,37,0,114,0,0,0,114
11/19/2021,SHV,LA,ASW,CE,Combined TRACON& Tower with Radar,20,36,18,0,74,0,6,8,0,14,20,42,26,0,88,0,0,0,88
11/20/2021,SHV,LA,ASW,CE,Combined TRACON& Tower with Radar,12,35,16,2,65,0,2,25,2,29,12,37,41,4,94,0,0,0,94
11/21/2021,SHV,LA,ASW,CE,Combined TRACON& Tower with Radar,12,35,14,0,61,0,0,1,0,1,12,35,15,0,62,0,0,0,62
11/22/2021,SHV,LA,ASW,CE,Combined TRACON& Tower with Radar,17,38,12,12,79,0,0,20,6,26,17,38,32,18,105,0,0,0,105
11/23/2021,SHV,LA,ASW,CE,Combined TRACON& Tower with Radar,26,46,24,3,99,0,3,18,1,22,26,49,42,4,121,0,0,0,121
11/24/2021,SHV,LA,ASW,CE,Combined TRACON& Tower with Radar,24,47,20,0,91,0,2,22,0,24,24,49,42,0,115,13,0,13,128
11/25/2021,SHV,LA,ASW,CE,Combined TRACON& Tower with Radar,8,19,2,0,29,0,0,2,0,2,8,19,4,0,31,0,0,0,31
11/26/2021,SHV,LA,ASW,CE,Combined TRACON& Tower with Radar,18,27,16,0,61,0,1,11,0,12,18,28,27,0,73,0,0,0,73
11/27/2021,SHV,LA,ASW,CE,Combined TRACON& Tower with Radar,23,34,23,0,80,0,4,4,0,8,23,38,27,0,88,0,0,0,88
11/28/2021,SHV,LA,ASW,CE,Combined TRACON& Tower with Radar,17,22,37,0,76,0,0,15,0,15,17,22,52,0,91,0,0,0,91
11/29/2021,SHV,LA,ASW,CE,Combined TRACON& Tower with Radar,17,36,15,5,73,0,0,16,1,17,17,36,31,6,90,0,0,0,90
11/30/2021,SHV,LA,ASW,CE,Combined TRACON& Tower with Radar,21,43,16,14,94,0,0,22,2,24,21,43,38,16,118,0,0,0,118
12/01/2021,SHV,LA,ASW,CE,Combined TRACON& Tower with Radar,25,33,23,0,81,0,0,16,0,16,25,33,39,0,97,15,0,15,112
12/02/2021,SHV,LA,ASW,CE,Combined TRACON& Tower with Radar,21,51,13,1,86,0,2,17,1,20,21,53,30,2,106,5,0,5,111
12/03/2021,SHV,LA,ASW,CE,Combined TRACON& Tower with Radar,22,35,23,26,106,0,1,11,0,12,22,36,34,26,118,0,6,6,124
12/04/2021,SHV,LA,ASW,CE,Combined TRACON& Tower with Radar,13,38,8,0,59,0,1,14,0,15,13,39,22,0,74,8,0,8,82
12/05/2021,SHV,LA,ASW,CE,Combined TRACON& Tower with Radar,12,36,21,28,97,0,0,13,0,13,12,36,34,28,110,8,0,8,118
12/06/2021,SHV,LA,ASW,CE,Combined TRACON& Tower with Radar,10,38,17,2,67,0,0,1,0,1,10,38,18,2,68,0,0,0,68
12/07/2021,SHV,LA,ASW,CE,Combined TRACON& Tower with Radar,22,40,16,3,81,0,0,2,0,2,22,40,18,3,83,0,0,0,83
12/08/2021,SHV,LA,ASW,CE,Combined TRACON& Tower with Radar,25,50,28,1,104,0,0,16,7,23,25,50,44,8,127,6,0,6,133
12/09/2021,SHV,LA,ASW,CE,Combined TRACON& Tower with Radar,19,41,24,0,84,0,0,4,0,4,19,41,28,0,88,0,0,0,88
12/10/2021,SHV,LA,ASW,CE,Combined TRACON& Tower with Radar,23,35,24,10,92,0,0,0,0,0,23,35,24,10,92,0,0,0,92
12/11/2021,SHV,LA,ASW,CE,Combined TRACON& Tower with Radar,14,41,12,0,67,0,4,7,0,11,14,45,19,0,78,10,0,10,88
12/12/2021,SHV,LA,ASW,CE,Combined TRACON& Tower with Radar,16,33,20,0,69,0,0,24,2,26,16,33,44,2,95,22,0,22,117
12/13/2021,SHV,LA,ASW,CE,Combined TRACON& Tower with Radar,10,35,25,8,78,0,0,12,0,12,10,35,37,8,90,18,0,18,108
12/14/2021,SHV,LA,ASW,CE,Combined TRACON& Tower with Radar,27,35,37,2,101,0,0,5,0,5,27,35,42,2,106,0,0,0,106
12/15/2021,SHV,LA,ASW,CE,Combined TRACON& Tower with Radar,25,48,25,2,100,0,2,9,0,11,25,50,34,2,111,0,0,0,111
12/16/2021,SHV,LA,ASW,CE,Combined TRACON& Tower with Radar,24,39,22,2,87,0,1,2,0,3,24,40,24,2,90,0,0,0,90
12/17/2021,SHV,LA,ASW,CE,Combined TRACON& Tower with Radar,22,26,14,31,93,0,2,8,0,10,22,28,22,31,103,0,0,0,103
12/18/2021,SHV,LA,ASW,CE,Combined TRACON& Tower with Radar,32,24,2,0,58,0,0,0,0,0,32,24,2,0,58,0,0,0,58
12/19/2021,SHV,LA,ASW,CE,Combined TRACON& Tower with Radar,20,18,18,26,82,0,0,14,0,14,20,18,32,26,96,0,0,0,96
12/20/2021,SHV,LA,ASW,CE,Combined TRACON& Tower with Radar,28,28,16,0,72,0,0,0,0,0,28,28,16,0,72,0,0,0,72
12/21/2021,SHV,LA,ASW,CE,Combined TRACON& Tower with Radar,29,23,17,0,69,0,0,9,0,9,29,23,26,0,78,0,0,0,78
12/22/2021,SHV,LA,ASW,CE,Combined TRACON& Tower with Radar,27,37,11,0,75,0,2,19,0,21,27,39,30,0,96,0,0,0,96
12/23/2021,SHV,LA,ASW,CE,Combined TRACON& Tower with Radar,28,25,8,0,61,0,2,12,0,14,28,27,20,0,75,0,0,0,75
12/24/2021,SHV,LA,ASW,CE,Combined TRACON& Tower with Radar,21,15,10,0,46,0,2,5,0,7,21,17,15,0,53,0,0,0,53
12/25/2021,SHV,LA,ASW,CE,Combined TRACON& Tower with Radar,17,9,4,0,30,0,2,1,1,4,17,11,5,1,34,0,0,0,34
12/26/2021,SHV,LA,ASW,CE,Combined TRACON& Tower with Radar,21,16,18,0,55,0,0,8,0,8,21,16,26,0,63,0,0,0,63
12/27/2021,SHV,LA,ASW,CE,Combined TRACON& Tower with Radar,20,16,15,0,51,0,0,10,0,10,20,16,25,0,61,0,0,0,61
12/28/2021,SHV,LA,ASW,CE,Combined TRACON& Tower with Radar,26,16,24,1,67,0,3,4,1,8,26,19,28,2,75,0,0,0,75
12/29/2021,SHV,LA,ASW,CE,Combined TRACON& Tower with Radar,23,20,13,0,56,0,0,3,0,3,23,20,16,0,59,0,0,0,59
12/30/2021,SHV,LA,ASW,CE,Combined TRACON& Tower with Radar,28,22,19,0,69,0,0,14,0,14,28,22,33,0,83,0,0,0,83
12/31/2021,SHV,LA,ASW,CE,Combined TRACON& Tower with Radar,19,16,14,0,49,0,0,3,0,3,19,16,17,0,52,0,0,0,52
01/01/2022,SHV,LA,ASW,CE,Combined TRACON& Tower with Radar,15,9,6,0,30,0,0,4,0,4,15,9,10,0,34,0,0,0,34
01/02/2022,SHV,LA,ASW,CE,Combined TRACON& Tower with Radar,23,11,11,0,45,0,0,3,0,3,23,11,14,0,48,0,0,0,48
01/03/2022,SHV,LA,ASW,CE,Combined TRACON& Tower with Radar,22,21,21,0,64,0,4,13,0,17,22,25,34,0,81,0,0,0,81
01/04/2022,SHV,LA,ASW,CE,Combined TRACON& Tower with Radar,18,22,22,0,62,0,1,15,0,16,18,23,37,0,78,0,0,0,78
01/05/2022,SHV,LA,ASW,CE,Combined TRACON& Tower with Radar,13,30,9,10,62,0,0,8,0,8,13,30,17,10,70,0,0,0,70
01/06/2022,SHV,LA,ASW,CE,Combined TRACON& Tower with Radar,18,30,12,4,64,0,0,1,0,1,18,30,13,4,65,0,0,0,65
01/07/2022,SHV,LA,ASW,CE,Combined TRACON& Tower with Radar,20,27,15,4,66,0,2,3,0,5,20,29,18,4,71,0,0,0,71
01/08/2022,SHV,LA,ASW,CE,Combined TRACON& Tower with Radar,10,20,5,0,35,0,0,0,0,0,10,20,5,0,35,0,0,0,35
01/09/2022,SHV,LA,ASW,CE,Combined TRACON& Tower with Radar,9,24,9,2,44,0,1,8,0,9,9,25,17,2,53,0,0,0,53
01/10/2022,SHV,LA,ASW,CE,Combined TRACON& Tower with Radar,14,28,11,5,58,0,0,16,1,17,14,28,27,6,75,6,0,6,81
01/11/2022,SHV,LA,ASW,CE,Combined TRACON& Tower with Radar,14,30,25,8,77,0,4,6,0,10,14,34,31,8,87,0,0,0,87
01/12/2022,SHV,LA,ASW,CE,Combined TRACON& Tower with Radar,13,28,11,9,61,0,2,16,3,21,13,30,27,12,82,6,12,18,100
01/13/2022,SHV,LA,ASW,CE,Combined TRACON& Tower with Radar,24,36,14,0,74,0,2,22,1,25,24,38,36,1,99,0,0,0,99
01/14/2022,SHV,LA,ASW,CE,Combined TRACON& Tower with Radar,18,33,8,0,59,0,0,11,0,11,18,33,19,0,70,0,0,0,70
01/15/2022,SHV,LA,ASW,CE,Combined TRACON& Tower with Radar,17,24,6,0,47,0,0,0,0,0,17,24,6,0,47,0,0,0,47
01/16/2022,SHV,LA,ASW,CE,Combined TRACON& Tower with Radar,6,22,9,0,37,0,0,16,0,16,6,22,25,0,53,0,0,0,53
01/17/2022,SHV,LA,ASW,CE,Combined TRACON& Tower with Radar,14,29,18,0,61,0,2,23,0,25,14,31,41,0,86,0,0,0,86
01/18/2022,SHV,LA,ASW,CE,Combined TRACON& Tower with Radar,19,26,13,4,62,0,2,18,0,20,19,28,31,4,82,4,0,4,86
01/19/2022,SHV,LA,ASW,CE,Combined TRACON& Tower with Radar,16,30,11,4,61,0,2,1,0,3,16,32,12,4,64,0,0,0,64
01/20/2022,SHV,LA,ASW,CE,Combined TRACON& Tower with Radar,27,33,13,2,75,0,0,13,0,13,27,33,26,2,88,6,0,6,94
01/21/2022,SHV,LA,ASW,CE,Combined TRACON& Tower with Radar,32,29,11,22,94,0,0,14,2,16,32,29,25,24,110,0,0,0,110
01/22/2022,SHV,LA,ASW,CE,Combined TRACON& Tower with Radar,17,21,6,3,47,0,1,22,0,23,17,22,28,3,70,2,0,2,72
01/23/2022,SHV,LA,ASW,CE,Combined TRACON& Tower with Radar,13,26,9,6,54,0,2,19,3,24,13,28,28,9,78,2,0,2,80
01/24/2022,SHV,LA,ASW,CE,Combined TRACON& Tower with Radar,24,25,14,8,71,0,0,4,0,4,24,25,18,8,75,0,0,0,75
01/25/2022,SHV,LA,ASW,CE,Combined TRACON& Tower with Radar,22,32,16,0,70,0,0,17,0,17,22,32,33,0,87,0,0,0,87
01/26/2022,SHV,LA,ASW,CE,Combined TRACON& Tower with Radar,24,28,19,0,71,0,3,21,0,24,24,31,40,0,95,0,0,0,95
01/27/2022,SHV,LA,ASW,CE,Combined TRACON& Tower with Radar,32,30,20,2,84,0,0,16,0,16,32,30,36,2,100,0,0,0,100
01/28/2022,SHV,LA,ASW,CE,Combined TRACON& Tower with Radar,28,32,16,16,92,0,2,14,1,17,28,34,30,17,109,0,0,0,109
01/29/2022,SHV,LA,ASW,CE,Combined TRACON& Tower with Radar,15,22,10,11,58,0,0,26,4,30,15,22,36,15,88,0,0,0,88
01/30/2022,SHV,LA,ASW,CE,Combined TRACON& Tower with Radar,15,29,13,1,58,0,0,17,0,17,15,29,30,1,75,0,0,0,75
01/31/2022,SHV,LA,ASW,CE,Combined TRACON& Tower with Radar,21,29,13,2,65,0,1,11,2,14,21,30,24,4,79,0,0,0,79
02/01/2022,SHV,LA,ASW,CE,Combined TRACON& Tower with Radar,21,30,13,0,64,0,1,4,0,5,21,31,17,0,69,0,0,0,69
02/02/2022,SHV,LA,ASW,CE,Combined TRACON& Tower with Radar,17,28,20,0,65,0,0,0,0,0,17,28,20,0,65,0,0,0,65
02/03/2022,SHV,LA,ASW,CE,Combined TRACON& Tower with Radar,8,16,0,1,25,0,0,0,0,0,8,16,0,1,25,0,0,0,25
02/04/2022,SHV,LA,ASW,CE,Combined TRACON& Tower with Radar,19,28,14,1,62,0,0,0,0,0,19,28,14,1,62,0,0,0,62
02/05/2022,SHV,LA,ASW,CE,Combined TRACON& Tower with Radar,15,31,8,0,54,0,0,16,0,16,15,31,24,0,70,6,0,6,76
02/06/2022,SHV,LA,ASW,CE,Combined TRACON& Tower with Radar,11,33,13,0,57,0,0,9,0,9,11,33,22,0,66,0,0,0,66
02/07/2022,SHV,LA,ASW,CE,Combined TRACON& Tower with Radar,19,39,12,12,82,0,1,18,2,21,19,40,30,14,103,0,10,10,113
02/08/2022,SHV,LA,ASW,CE,Combined TRACON& Tower with Radar,20,29,14,10,73,0,4,24,1,29,20,33,38,11,102,10,0,10,112
02/09/2022,SHV,LA,ASW,CE,Combined TRACON& Tower with Radar,15,36,17,6,74,0,3,24,1,28,15,39,41,7,102,0,6,6,108
02/10/2022,SHV,LA,ASW,CE,Combined TRACON& Tower with Radar,13,44,29,6,92,0,0,28,2,30,13,44,57,8,122,35,0,35,157
02/11/2022,SHV,LA,ASW,CE,Combined TRACON& Tower with Radar,17,36,14,0,67,0,0,18,0,18,17,36,32,0,85,0,0,0,85
02/12/2022,SHV,LA,ASW,CE,Combined TRACON& Tower with Radar,15,39,14,0,68,0,1,1,0,2,15,40,15,0,70,4,0,4,74
02/13/2022,SHV,LA,ASW,CE,Combined TRACON& Tower with Radar,10,28,12,0,50,0,0,25,0,25,10,28,37,0,75,0,0,0,75
02/14/2022,SHV,LA,ASW,CE,Combined TRACON& Tower with Radar,15,28,15,4,62,0,0,11,0,11,15,28,26,4,73,0,0,0,73
02/15/2022,SHV,LA,ASW,CE,Combined TRACON& Tower with Radar,17,30,19,22,88,0,0,14,4,18,17,30,33,26,106,0,4,4,110
02/16/2022,SHV,LA,ASW,CE,Combined TRACON& Tower with Radar,15,33,15,8,71,0,0,3,0,3,15,33,18,8,74,0,0,0,74
02/17/2022,SHV,LA,ASW,CE,Combined TRACON& Tower with Radar,15,31,8,4,58,0,1,2,0,3,15,32,10,4,61,6,0,6,67
02/18/2022,SHV,LA,ASW,CE,Combined TRACON& Tower with Radar,18,38,15,42,113,0,4,26,0,30,18,42,41,42,143,6,0,6,149
02/19/2022,SHV,LA,ASW,CE,Combined TRACON& Tower with Radar,15,33,6,0,54,0,1,26,0,27,15,34,32,0,81,6,0,6,87
02/20/2022,SHV,LA,ASW,CE,Combined TRACON& Tower with Radar,12,31,24,0,67,0,0,33,0,33,12,31,57,0,100,16,0,16,116
02/21/2022,SHV,LA,ASW,CE,Combined TRACON& Tower with Radar,17,34,27,0,78,0,1,1,0,2,17,35,28,0,80,24,0,24,104
02/22/2022,SHV,LA,ASW,CE,Combined TRACON& Tower with Radar,16,30,31,0,77,0,3,12,0,15,16,33,43,0,92,0,0,0,92
02/23/2022,SHV,LA,ASW,CE,Combined TRACON& Tower with Radar,11,35,13,2,61,0,0,0,0,0,11,35,13,2,61,0,0,0,61
02/24/2022,SHV,LA,ASW,CE,Combined TRACON& Tower with Radar,14,32,14,0,60,0,0,0,0,0,14,32,14,0,60,0,0,0,60
02/25/2022,SHV,LA,ASW,CE,Combined TRACON& Tower with Radar,21,36,24,4,85,0,8,6,0,14,21,44,30,4,99,2,4,6,105
02/26/2022,SHV,LA,ASW,CE,Combined TRACON& Tower with Radar,10,36,12,0,58,0,0,0,0,0,10,36,12,0,58,0,0,0,58
02/27/2022,SHV,LA,ASW,CE,Combined TRACON& Tower with Radar,11,30,8,7,56,0,0,15,1,16,11,30,23,8,72,0,4,4,76
02/28/2022,SHV,LA,ASW,CE,Combined TRACON& Tower with Radar,16,39,7,8,70,0,0,13,6,19,16,39,20,14,89,0,20,20,109
03/01/2022,SHV,LA,ASW,CE,Combined TRACON& Tower with Radar,15,30,19,2,66,0,0,15,0,15,15,30,34,2,81,0,0,0,81
03/02/2022,SHV,LA,ASW,CE,Combined TRACON& Tower with Radar,18,38,21,9,86,0,2,22,2,26,18,40,43,11,112,0,14,14,126
03/03/2022,SHV,LA,ASW,CE,Combined TRACON& Tower with Radar,21,34,14,14,83,0,0,30,5,35,21,34,44,19,118,0,20,20,138
03/04/2022,SHV,LA,ASW,CE,Combined TRACON& Tower with Radar,18,36,19,3,76,0,0,11,2,13,18,36,30,5,89,8,0,8,97
03/05/2022,SHV,LA,ASW,CE,Combined TRACON& Tower with Radar,11,37,12,8,68,0,0,4,0,4,11,37,16,8,72,0,0,0,72
03/06/2022,SHV,LA,ASW,CE,Combined TRACON& Tower with Radar,12,31,5,0,48,0,0,6,1,7,12,31,11,1,55,0,0,0,55
03/07/2022,SHV,LA,ASW,CE,Combined TRACON& Tower with Radar,15,37,10,7,69,0,2,4,1,7,15,39,14,8,76,0,8,8,84
03/08/2022,SHV,LA,ASW,CE,Combined TRACON& Tower with Radar,14,25,17,0,56,0,2,1,0,3,14,27,18,0,59,0,0,0,59
03/09/2022,SHV,LA,ASW,CE,Combined TRACON& Tower with Radar,23,36,28,0,87,0,0,11,0,11,23,36,39,0,98,9,0,9,107
03/10/2022,SHV,LA,ASW,CE,Combined TRACON& Tower with Radar,19,26,19,11,75,0,0,19,0,19,19,26,38,11,94,0,0,0,94
03/11/2022,SHV,LA,ASW,CE,Combined TRACON& Tower with Radar,21,34,11,31,97,0,0,10,8,18,21,34,21,39,115,0,4,4,119
03/12/2022,SHV,LA,ASW,CE,Combined TRACON& Tower with Radar,12,28,20,0,60,0,2,14,2,18,12,30,34,2,78,13,0,13,91
03/13/2022,SHV,LA,ASW,CE,Combined TRACON& Tower with Radar,9,30,11,4,54,0,2,11,0,13,9,32,22,4,67,0,0,0,67
03/14/2022,SHV,LA,ASW,CE,Combined TRACON& Tower with Radar,10,32,11,0,53,0,0,1,0,1,10,32,12,0,54,0,0,0,54
03/15/2022,SHV,LA,ASW,CE,Combined TRACON& Tower with Radar,13,41,20,0,74,0,0,0,0,0,13,41,20,0,74,0,0,0,74
03/16/2022,SHV,LA,ASW,CE,Combined TRACON& Tower with Radar,19,30,14,0,63,0,3,34,0,37,19,33,48,0,100,10,0,10,110
03/17/2022,SHV,LA,ASW,CE,Combined TRACON& Tower with Radar,17,38,16,2,73,0,0,15,0,15,17,38,31,2,88,0,0,0,88
03/18/2022,SHV,LA,ASW,CE,Combined TRACON& Tower with Radar,28,32,13,15,88,0,0,8,0,8,28,32,21,15,96,0,0,0,96
03/19/2022,SHV,LA,ASW,CE,Combined TRACON& Tower with Radar,19,36,17,0,72,0,2,15,0,17,19,38,32,0,89,6,0,6,95
03/20/2022,SHV,LA,ASW,CE,Combined TRACON& Tower with Radar,11,23,13,8,55,0,5,7,1,13,11,28,20,9,68,0,0,0,68
03/21/2022,SHV,LA,ASW,CE,Combined TRACON& Tower with Radar,20,25,15,0,60,0,2,0,0,2,20,27,15,0,62,0,0,0,62
03/22/2022,SHV,LA,ASW,CE,Combined TRACON& Tower with Radar,15,21,15,0,51,0,0,0,0,0,15,21,15,0,51,0,0,0,51
03/23/2022,SHV,LA,ASW,CE,Combined TRACON& Tower with Radar,18,29,18,2,67,0,4,13,0,17,18,33,31,2,84,0,0,0,84
03/24/2022,SHV,LA,ASW,CE,Combined TRACON& Tower with Radar,23,38,19,2,82,0,0,16,2,18,23,38,35,4,100,0,0,0,100
03/25/2022,SHV,LA,ASW,CE,Combined TRACON& Tower with Radar,21,32,11,7,71,0,4,16,1,21,21,36,27,8,92,52,10,62,154
03/26/2022,SHV,LA,ASW,CE,Combined TRACON& Tower with Radar,14,39,23,0,76,0,2,19,0,21,14,41,42,0,97,6,0,6,103
03/27/2022,SHV,LA,ASW,CE,Combined TRACON& Tower with Radar,10,24,14,6,54,0,0,11,1,12,10,24,25,7,66,0,0,0,66
03/28/2022,SHV,LA,ASW,CE,Combined TRACON& Tower with Radar,13,21,27,2,63,0,7,13,0,20,13,28,40,2,83,28,4,32,115
03/29/2022,SHV,LA,ASW,CE,Combined TRACON& Tower with Radar,13,40,26,2,81,0,3,1,0,4,13,43,27,2,85,0,0,0,85
03/30/2022,SHV,LA,ASW,CE,Combined TRACON& Tower with Radar,16,33,13,0,62,0,0,0,0,0,16,33,13,0,62,0,0,0,62
03/31/2022,SHV,LA,ASW,CE,Combined TRACON& Tower with Radar,16,42,39,6,103,0,2,35,0,37,16,44,74,6,140,0,0,0,140
04/01/2022,SHV,LA,ASW,CE,Combined TRACON& Tower with Radar,21,27,27,2,77,0,4,10,0,14,21,31,37,2,91,16,0,16,107
04/02/2022,SHV,LA,ASW,CE,Combined TRACON& Tower with Radar,15,31,8,20,74,0,0,21,0,21,15,31,29,20,95,0,7,7,102
04/03/2022,SHV,LA,ASW,CE,Combined TRACON& Tower with Radar,21,22,18,0,61,0,6,33,0,39,21,28,51,0,100,30,0,30,130
04/04/2022,SHV,LA,ASW,CE,Combined TRACON& Tower with Radar,21,23,13,0,57,0,1,19,0,20,21,24,32,0,77,0,0,0,77
04/05/2022,SHV,LA,ASW,CE,Combined TRACON& Tower with Radar,24,33,10,0,67,0,0,7,0,7,24,33,17,0,74,0,0,0,74
04/06/2022,SHV,LA,ASW,CE,Combined TRACON& Tower with Radar,22,21,26,6,75,0,1,10,0,11,22,22,36,6,86,0,0,0,86
04/07/2022,SHV,LA,ASW,CE,Combined TRACON& Tower with Radar,29,41,19,2,91,0,4,6,0,10,29,45,25,2,101,0,0,0,101
04/08/2022,SHV,LA,ASW,CE,Combined TRACON& Tower with Radar,28,31,23,6,88,0,0,15,0,15,28,31,38,6,103,9,0,9,112
04/09/2022,SHV,LA,ASW,CE,Combined TRACON& Tower with Radar,14,25,14,9,62,0,0,18,3,21,14,25,32,12,83,14,0,14,97
04/10/2022,SHV,LA,ASW,CE,Combined TRACON& Tower with Radar,17,23,9,0,49,0,1,3,0,4,17,24,12,0,53,0,0,0,53
04/11/2022,SHV,LA,ASW,CE,Combined TRACON& Tower with Radar,24,31,19,8,82,0,1,0,0,1,24,32,19,8,83,0,0,0,83
04/12/2022,SHV,LA,ASW,CE,Combined TRACON& Tower with Radar,17,27,17,0,61,0,0,5,0,5,17,27,22,0,66,5,0,5,71
04/13/2022,SHV,LA,ASW,CE,Combined TRACON& Tower with Radar,25,26,7,0,58,0,0,4,0,4,25,26,11,0,62,0,0,0,62
04/14/2022,SHV,LA,ASW,CE,Combined TRACON& Tower with Radar,22,23,31,2,78,0,0,17,4,21,22,23,48,6,99,2,6,8,107
04/15/2022,SHV,LA,ASW,CE,Combined TRACON& Tower with Radar,27,27,27,0,81,0,1,5,0,6,27,28,32,0,87,2,0,2,89
04/16/2022,SHV,LA,ASW,CE,Combined TRACON& Tower with Radar,16,21,6,0,43,0,1,2,0,3,16,22,8,0,46,0,0,0,46
04/17/2022,SHV,LA,ASW,CE,Combined TRACON& Tower with Radar,16,20,9,0,45,0,0,1,0,1,16,20,10,0,46,0,0,0,46
04/18/2022,SHV,LA,ASW,CE,Combined TRACON& Tower with Radar,22,17,15,5,59,0,1,27,1,29,22,18,42,6,88,8,0,8,96
04/19/2022,SHV,LA,ASW,CE,Combined TRACON& Tower with Radar,24,16,27,5,72,0,0,13,17,30,24,16,40,22,102,6,30,36,138
04/20/2022,SHV,LA,ASW,CE,Combined TRACON& Tower with Radar,23,27,20,2,72,0,0,3,0,3,23,27,23,2,75,0,0,0,75
04/21/2022,SHV,LA,ASW,CE,Combined TRACON& Tower with Radar,24,27,28,4,83,0,0,4,0,4,24,27,32,4,87,0,0,0,87
04/22/2022,SHV,LA,ASW,CE,Combined TRACON& Tower with Radar,25,49,21,24,119,0,3,12,13,28,25,52,33,37,147,0,17,17,164
04/23/2022,SHV,LA,ASW,CE,Combined TRACON& Tower with Radar,18,28,10,23,79,0,2,8,1,11,18,30,18,24,90,2,0,2,92
04/24/2022,SHV,LA,ASW,CE,Combined TRACON& Tower with Radar,20,22,11,0,53,0,0,9,1,10,20,22,20,1,63,0,0,0,63
04/25/2022,SHV,LA,ASW,CE,Combined TRACON& Tower with Radar,22,23,15,1,61,0,0,1,0,1,22,23,16,1,62,0,0,0,62
04/26/2022,SHV,LA,ASW,CE,Combined TRACON& Tower with Radar,24,40,18,5,87,0,7,23,2,32,24,47,41,7,119,20,0,20,139
04/27/2022,SHV,LA,ASW,CE,Combined TRACON& Tower with Radar,23,23,10,7,63,0,1,34,0,35,23,24,44,7,98,0,0,0,98
04/28/2022,SHV,LA,ASW,CE,Combined TRACON& Tower with Radar,28,29,25,4,86,0,1,11,2,14,28,30,36,6,100,0,0,0,100
04/29/2022,SHV,LA,ASW,CE,Combined TRACON& Tower with Radar,29,28,24,49,130,0,0,10,4,14,29,28,34,53,144,0,0,0,144
04/30/2022,SHV,LA,ASW,CE,Combined TRACON& Tower with Radar,17,24,18,0,59,0,0,8,0,8,17,24,26,0,67,0,0,0,67
05/01/2022,SHV,LA,ASW,CE,Combined TRACON& Tower with Radar,18,16,19,28,81,0,4,23,6,33,18,20,42,34,114,20,0,20,134
05/02/2022,SHV,LA,ASW,CE,Combined TRACON& Tower with Radar,24,22,19,0,65,0,2,6,0,8,24,24,25,0,73,0,0,0,73
05/03/2022,SHV,LA,ASW,CE,Combined TRACON& Tower with Radar,34,27,13,0,74,0,0,7,0,7,34,27,20,0,81,15,0,15,96
05/04/2022,SHV,LA,ASW,CE,Combined TRACON& Tower with Radar,28,29,29,3,89,0,5,7,0,12,28,34,36,3,101,0,2,2,103
05/05/2022,SHV,LA,ASW,CE,Combined TRACON& Tower with Radar,24,22,23,0,69,0,0,0,0,0,24,22,23,0,69,0,0,0,69
05/06/2022,SHV,LA,ASW,CE,Combined TRACON& Tower with Radar,27,31,13,10,81,0,6,13,0,19,27,37,26,10,100,0,0,0,100
05/07/2022,SHV,LA,ASW,CE,Combined TRACON& Tower with Radar,14,12,12,0,38,0,0,12,0,12,14,12,24,0,50,0,0,0,50
05/08/2022,SHV,LA,ASW,CE,Combined TRACON& Tower with Radar,18,15,13,10,56,0,1,8,0,9,18,16,21,10,65,0,0,0,65
05/09/2022,SHV,LA,ASW,CE,Combined TRACON& Tower with Radar,22,22,27,2,73,0,0,11,4,15,22,22,38,6,88,0,12,12,100
05/10/2022,SHV,LA,ASW,CE,Combined TRACON& Tower with Radar,24,19,23,2,68,0,3,16,0,19,24,22,39,2,87,6,0,6,93
05/11/2022,SHV,LA,ASW,CE,Combined TRACON& Tower with Radar,24,25,32,12,93,0,0,11,2,13,24,25,43,14,106,0,16,16,122
05/12/2022,SHV,LA,ASW,CE,Combined TRACON& Tower with Radar,29,25,29,4,87,0,1,37,2,40,29,26,66,6,127,6,10,16,143
05/13/2022,SHV,LA,ASW,CE,Combined TRACON& Tower with Radar,28,16,15,16,75,0,2,13,1,16,28,18,28,17,91,0,0,0,91
05/14/2022,SHV,LA,ASW,CE,Combined TRACON& Tower with Radar,17,21,9,8,55,0,0,5,0,5,17,21,14,8,60,4,0,4,64
05/15/2022,SHV,LA,ASW,CE,Combined TRACON& Tower with Radar,17,20,19,4,60,0,3,10,0,13,17,23,29,4,73,0,0,0,73
05/16/2022,SHV,LA,ASW,CE,Combined TRACON& Tower with Radar,24,21,18,0,63,0,3,23,0,26,24,24,41,0,89,0,0,0,89
05/17/2022,SHV,LA,ASW,CE,Combined TRACON& Tower with Radar,26,22,25,11,84,0,0,13,3,16,26,22,38,14,100,4,0,4,104
05/18/2022,SHV,LA,ASW,CE,Combined TRACON& Tower with Radar,23,25,10,7,65,0,0,19,1,20,23,25,29,8,85,0,0,0,85
05/19/2022,SHV,LA,ASW,CE,Combined TRACON& Tower with Radar,26,17,10,0,53,0,1,8,0,9,26,18,18,0,62,0,0,0,62
05/20/2022,SHV,LA,ASW,CE,Combined TRACON& Tower with Radar,28,18,13,1,60,0,1,15,5,21,28,19,28,6,81,0,10,10,91
05/21/2022,SHV,LA,ASW,CE,Combined TRACON& Tower with Radar,17,21,9,0,47,0,1,3,0,4,17,22,12,0,51,4,0,4,55
05/22/2022,SHV,LA,ASW,CE,Combined TRACON& Tower with Radar,25,22,8,9,64,0,0,1,1,2,25,22,9,10,66,0,0,0,66
05/23/2022,SHV,LA,ASW,CE,Combined TRACON& Tower with Radar,29,20,32,6,87,0,1,3,0,4,29,21,35,6,91,0,0,0,91
05/24/2022,SHV,LA,ASW,CE,Combined TRACON& Tower with Radar,19,26,18,0,63,0,0,1,2,3,19,26,19,2,66,0,0,0,66
05/25/2022,SHV,LA,ASW,CE,Combined TRACON& Tower with Radar,24,36,12,8,80,0,0,3,3,6,24,36,15,11,86,0,0,0,86
05/26/2022,SHV,LA,ASW,CE,Combined TRACON& Tower with Radar,24,26,24,2,76,0,3,7,0,10,24,29,31,2,86,0,0,0,86
05/27/2022,SHV,LA,ASW,CE,Combined TRACON& Tower with Radar,27,23,24,0,74,0,0,8,0,8,27,23,32,0,82,0,0,0,82
05/28/2022,SHV,LA,ASW,CE,Combined TRACON& Tower with Radar,18,24,10,0,52,0,3,7,0,10,18,27,17,0,62,8,0,8,70
05/29/2022,SHV,LA,ASW,CE,Combined TRACON& Tower with Radar,12,17,8,0,37,0,2,7,0,9,12,19,15,0,46,0,0,0,46
05/30/2022,SHV,LA,ASW,CE,Combined TRACON& Tower with Radar,19,13,10,0,42,0,0,4,0,4,19,13,14,0,46,0,2,2,48
05/31/2022,SHV,LA,ASW,CE,Combined TRACON& Tower with Radar,19,14,10,2,45,0,5,16,2,23,19,19,26,4,68,0,0,0,68
06/01/2022,SHV,LA,ASW,CE,Combined TRACON& Tower with Radar,32,22,12,7,73,0,0,11,3,14,32,22,23,10,87,0,6,6,93
06/02/2022,SHV,LA,ASW,CE,Combined TRACON& Tower with Radar,30,20,11,0,61,0,0,1,0,1,30,20,12,0,62,0,0,0,62
06/03/2022,SHV,LA,ASW,CE,Combined TRACON& Tower with Radar,27,26,14,7,74,0,2,10,0,12,27,28,24,7,86,0,4,4,90
06/04/2022,SHV,LA,ASW,CE,Combined TRACON& Tower with Radar,14,24,10,40,88,0,3,11,3,17,14,27,21,43,105,36,10,46,151
06/05/2022,SHV,LA,ASW,CE,Combined TRACON& Tower with Radar,21,25,14,3,63,0,2,10,0,12,21,27,24,3,75,0,0,0,75
06/06/2022,SHV,LA,ASW,CE,Combined TRACON& Tower with Radar,23,27,17,6,73,0,2,6,4,12,23,29,23,10,85,12,0,12,97
06/07/2022,SHV,LA,ASW,CE,Combined TRACON& Tower with Radar,24,30,23,13,90,0,0,8,5,13,24,30,31,18,103,6,18,24,127
06/08/2022,SHV,LA,ASW,CE,Combined TRACON& Tower with Radar,20,36,20,22,98,0,0,13,1,14,20,36,33,23,112,12,12,24,136
06/09/2022,SHV,LA,ASW,CE,Combined TRACON& Tower with Radar,24,40,33,2,99,0,2,15,0,17,24,42,48,2,116,10,0,10,126
06/10/2022,SHV,LA,ASW,CE,Combined TRACON& Tower with Radar,30,32,15,18,95,0,2,2,0,4,30,34,17,18,99,0,8,8,107
06/11/2022,SHV,LA,ASW,CE,Combined TRACON& Tower with Radar,10,30,10,12,62,0,0,5,3,8,10,30,15,15,70,0,6,6,76
06/12/2022,SHV,LA,ASW,CE,Combined TRACON& Tower with Radar,16,34,23,11,84,0,0,9,0,9,16,34,32,11,93,4,0,4,97
06/13/2022,SHV,LA,ASW,CE,Combined TRACON& Tower with Radar,29,30,26,0,85,1,0,10,0,11,30,30,36,0,96,0,0,0,96
06/14/2022,SHV,LA,ASW,CE,Combined TRACON& Tower with Radar,22,38,34,2,96,0,5,14,0,19,22,43,48,2,115,0,0,0,115
06/15/2022,SHV,LA,ASW,CE,Combined TRACON& Tower with Radar,20,33,23,7,83,0,0,17,4,21,20,33,40,11,104,0,16,16,120
06/16/2022,SHV,LA,ASW,CE,Combined TRACON& Tower with Radar,27,38,16,6,87,0,0,11,0,11,27,38,27,6,98,0,0,0,98
06/17/2022,SHV,LA,ASW,CE,Combined TRACON& Tower with Radar,35,37,17,15,104,0,2,14,6,22,35,39,31,21,126,0,4,4,130
06/18/2022,SHV,LA,ASW,CE,Combined TRACON& Tower with Radar,18,33,4,0,55,0,1,10,0,11,18,34,14,0,66,0,0,0,66
06/19/2022,SHV,LA,ASW,CE,Combined TRACON& Tower with Radar,17,22,10,5,54,0,1,9,1,11,17,23,19,6,65,2,0,2,67
06/20/2022,SHV,LA,ASW,CE,Combined TRACON& Tower with Radar,27,34,10,5,76,0,0,13,0,13,27,34,23,5,89,0,0,0,89
06/21/2022,SHV,LA,ASW,CE,Combined TRACON& Tower with Radar,22,27,13,9,71,0,0,10,1,11,22,27,23,10,82,2,0,2,84
06/22/2022,SHV,LA,ASW,CE,Combined TRACON& Tower with Radar,35,31,14,9,89,0,2,13,11,26,35,33,27,20,115,16,12,28,143
06/23/2022,SHV,LA,ASW,CE,Combined TRACON& Tower with Radar,27,40,13,4,84,0,2,15,6,23,27,42,28,10,107,0,0,0,107
06/24/2022,SHV,LA,ASW,CE,Combined TRACON& Tower with Radar,30,35,7,6,78,0,2,13,0,15,30,37,20,6,93,18,0,18,111
06/25/2022,SHV,LA,ASW,CE,Combined TRACON& Tower with Radar,13,27,17,42,99,0,2,24,19,45,13,29,41,61,144,14,10,24,168
06/26/2022,SHV,LA,ASW,CE,Combined TRACON& Tower with Radar,12,25,6,1,44,0,1,7,1,9,12,26,13,2,53,0,2,2,55
06/27/2022,SHV,LA,ASW,CE,Combined TRACON& Tower with Radar,29,28,11,20,88,0,0,14,0,14,29,28,25,20,102,6,4,10,112
06/28/2022,SHV,LA,ASW,CE,Combined TRACON& Tower with Radar,26,34,26,6,92,0,1,22,2,25,26,35,48,8,117,20,0,20,137
06/29/2022,SHV,LA,ASW,CE,Combined TRACON& Tower with Radar,20,30,12,0,62,0,0,12,0,12,20,30,24,0,74,18,0,18,92
06/30/2022,SHV,LA,ASW,CE,Combined TRACON& Tower with Radar,26,36,20,0,82,0,0,13,0,13,26,36,33,0,95,0,0,0,95
07/01/2022,SHV,LA,ASW,CE,Combined TRACON& Tower with Radar,30,27,17,0,74,0,0,3,0,3,30,27,20,0,77,0,2,2,79
07/02/2022,SHV,LA,ASW,CE,Combined TRACON& Tower with Radar,14,24,12,0,50,0,0,7,0,7,14,24,19,0,57,0,0,0,57
07/03/2022,SHV,LA,ASW,CE,Combined TRACON& Tower with Radar,11,24,6,0,41,0,0,7,2,9,11,24,13,2,50,0,0,0,50
07/04/2022,SHV,LA,ASW,CE,Combined TRACON& Tower with Radar,19,23,4,0,46,0,1,7,0,8,19,24,11,0,54,0,0,0,54
07/05/2022,SHV,LA,ASW,CE,Combined TRACON& Tower with Radar,10,28,18,7,63,0,0,11,1,12,10,28,29,8,75,0,2,2,77
07/06/2022,SHV,LA,ASW,CE,Combined TRACON& Tower with Radar,14,33,27,17,91,0,5,10,6,21,14,38,37,23,112,34,0,34,146
07/07/2022,SHV,LA,ASW,CE,Combined TRACON& Tower with Radar,21,32,20,0,73,0,1,11,6,18,21,33,31,6,91,0,0,0,91
07/08/2022,SHV,LA,ASW,CE,Combined TRACON& Tower with Radar,19,28,21,12,80,0,1,21,6,28,19,29,42,18,108,16,10,26,134
07/09/2022,SHV,LA,ASW,CE,Combined TRACON& Tower with Radar,12,26,16,32,86,0,0,15,0,15,12,26,31,32,101,2,0,2,103
07/10/2022,SHV,LA,ASW,CE,Combined TRACON& Tower with Radar,14,27,16,25,82,0,2,9,0,11,14,29,25,25,93,22,0,22,115
07/11/2022,SHV,LA,ASW,CE,Combined TRACON& Tower with Radar,17,34,16,4,71,0,0,13,0,13,17,34,29,4,84,8,0,8,92
07/12/2022,SHV,LA,ASW,CE,Combined TRACON& Tower with Radar,15,27,12,0,54,0,2,17,0,19,15,29,29,0,73,15,0,15,88
07/13/2022,SHV,LA,ASW,CE,Combined TRACON& Tower with Radar,14,28,23,2,67,0,0,12,1,13,14,28,35,3,80,16,0,16,96
07/14/2022,SHV,LA,ASW,CE,Combined TRACON& Tower with Radar,18,26,18,0,62,0,2,13,0,15,18,28,31,0,77,0,0,0,77
07/15/2022,SHV,LA,ASW,CE,Combined TRACON& Tower with Radar,23,30,20,51,124,0,0,22,18,40,23,30,42,69,164,2,14,16,180
07/16/2022,SHV,LA,ASW,CE,Combined TRACON& Tower with Radar,11,37,17,12,77,0,2,13,2,17,11,39,30,14,94,0,0,0,94
07/17/2022,SHV,LA,ASW,CE,Combined TRACON& Tower with Radar,11,25,15,2,53,0,1,13,2,16,11,26,28,4,69,5,0,5,74
07/18/2022,SHV,LA,ASW,CE,Combined TRACON& Tower with Radar,16,28,11,15,70,0,0,12,1,13,16,28,23,16,83,5,29,34,117
07/19/2022,SHV,LA,ASW,CE,Combined TRACON& Tower with Radar,17,34,12,1,64,0,1,8,1,10,17,35,20,2,74,0,0,0,74
07/20/2022,SHV,LA,ASW,CE,Combined TRACON& Tower with Radar,18,31,18,0,67,0,2,16,0,18,18,33,34,0,85,0,6,6,91
07/21/2022,SHV,LA,ASW,CE,Combined TRACON& Tower with Radar,22,28,23,0,73,0,0,9,0,9,22,28,32,0,82,0,0,0,82
07/22/2022,SHV,LA,ASW,CE,Combined TRACON& Tower with Radar,27,32,12,0,71,0,0,3,0,3,27,32,15,0,74,15,0,15,89
07/23/2022,SHV,LA,ASW,CE,Combined TRACON& Tower with Radar,15,32,18,8,73,0,1,11,0,12,15,33,29,8,85,14,22,36,121
07/24/2022,SHV,LA,ASW,CE,Combined TRACON& Tower with Radar,12,29,5,4,50,0,2,21,0,23,12,31,26,4,73,4,0,4,77
07/25/2022,SHV,LA,ASW,CE,Combined TRACON& Tower with Radar,20,31,20,0,71,0,2,10,0,12,20,33,30,0,83,4,0,4,87
07/26/2022,SHV,LA,ASW,CE,Combined TRACON& Tower with Radar,21,30,20,11,82,0,0,17,9,26,21,30,37,20,108,0,14,14,122
07/27/2022,SHV,LA,ASW,CE,Combined TRACON& Tower with Radar,14,39,22,2,77,0,0,7,0,7,14,39,29,2,84,0,0,0,84
07/28/2022,SHV,LA,ASW,CE,Combined TRACON& Tower with Radar,20,36,15,9,80,0,2,3,2,7,20,38,18,11,87,26,8,34,121
07/29/2022,SHV,LA,ASW,CE,Combined TRACON& Tower with Radar,32,28,15,8,83,0,0,7,0,7,32,28,22,8,90,0,0,0,90
07/30/2022,SHV,LA,ASW,CE,Combined TRACON& Tower with Radar,12,28,20,0,60,0,0,8,0,8,12,28,28,0,68,0,0,0,68
07/31/2022,SHV,LA,ASW,CE,Combined TRACON& Tower with Radar,16,25,11,6,58,0,1,6,1,8,16,26,17,7,66,0,0,0,66
08/01/2022,SHV,LA,ASW,CE,Combined TRACON& Tower with Radar,22,37,28,25,112,0,6,2,5,13,22,43,30,30,125,0,0,0,125
08/02/2022,SHV,LA,ASW,CE,Combined TRACON& Tower with Radar,18,38,25,7,88,0,0,20,1,21,18,38,45,8,109,0,0,0,109
08/03/2022,SHV,LA,ASW,CE,Combined TRACON& Tower with Radar,24,29,19,20,92,0,0,7,6,13,24,29,26,26,105,0,0,0,105
08/04/2022,SHV,LA,ASW,CE,Combined TRACON& Tower with Radar,21,31,27,14,93,0,0,13,1,14,21,31,40,15,107,0,0,0,107
08/05/2022,SHV,LA,ASW,CE,Combined TRACON& Tower with Radar,29,34,20,17,100,0,0,24,3,27,29,34,44,20,127,0,0,0,127
08/06/2022,SHV,LA,ASW,CE,Combined TRACON& Tower with Radar,12,29,16,0,57,0,3,9,0,12,12,32,25,0,69,0,0,0,69
08/07/2022,SHV,LA,ASW,CE,Combined TRACON& Tower with Radar,18,31,10,14,73,0,2,12,0,14,18,33,22,14,87,15,0,15,102
08/08/2022,SHV,LA,ASW,CE,Combined TRACON& Tower with Radar,22,26,18,3,69,0,0,21,4,25,22,26,39,7,94,12,2,14,108
08/09/2022,SHV,LA,ASW,CE,Combined TRACON& Tower with Radar,28,30,19,4,81,0,3,7,4,14,28,33,26,8,95,0,0,0,95
08/10/2022,SHV,LA,ASW,CE,Combined TRACON& Tower with Radar,36,35,12,2,85,0,0,9,1,10,36,35,21,3,95,0,0,0,95
08/11/2022,SHV,LA,ASW,CE,Combined TRACON& Tower with Radar,34,28,22,0,84,0,2,3,0,5,34,30,25,0,89,0,0,0,89
08/12/2022,SHV,LA,ASW,CE,Combined TRACON& Tower with Radar,32,40,14,24,110,0,1,6,0,7,32,41,20,24,117,0,0,0,117
08/13/2022,SHV,LA,ASW,CE,Combined TRACON& Tower with Radar,14,35,26,2,77,0,0,24,0,24,14,35,50,2,101,0,0,0,101
08/14/2022,SHV,LA,ASW,CE,Combined TRACON& Tower with Radar,14,29,7,10,60,0,0,11,0,11,14,29,18,10,71,12,0,12,83
08/15/2022,SHV,LA,ASW,CE,Combined TRACON& Tower with Radar,25,27,7,11,70,0,0,17,1,18,25,27,24,12,88,28,0,28,116
08/16/2022,SHV,LA,ASW,CE,Combined TRACON& Tower with Radar,23,29,28,6,86,0,0,20,6,26,23,29,48,12,112,0,0,0,112
08/17/2022,SHV,LA,ASW,CE,Combined TRACON& Tower with Radar,21,34,16,6,77,0,1,10,0,11,21,35,26,6,88,0,0,0,88
08/18/2022,SHV,LA,ASW,CE,Combined TRACON& Tower with Radar,31,37,30,0,98,0,0,2,0,2,31,37,32,0,100,0,0,0,100
08/19/2022,SHV,LA,ASW,CE,Combined TRACON& Tower with Radar,34,32,18,48,132,0,1,12,1,14,34,33,30,49,146,0,0,0,146
08/20/2022,SHV,LA,ASW,CE,Combined TRACON& Tower with Radar,13,30,12,20,75,0,1,7,0,8,13,31,19,20,83,0,8,8,91
08/21/2022,SHV,LA,ASW,CE,Combined TRACON& Tower with Radar,12,24,6,0,42,0,0,3,0,3,12,24,9,0,45,0,0,0,45
08/22/2022,SHV,LA,ASW,CE,Combined TRACON& Tower with Radar,18,23,5,0,46,0,0,0,0,0,18,23,5,0,46,0,0,0,46
08/23/2022,SHV,LA,ASW,CE,Combined TRACON& Tower with Radar,20,24,15,0,59,0,0,2,0,2,20,24,17,0,61,0,0,0,61
08/24/2022,SHV,LA,ASW,CE,Combined TRACON& Tower with Radar,33,30,16,3,82,0,0,1,0,1,33,30,17,3,83,0,0,0,83
08/25/2022,SHV,LA,ASW,CE,Combined TRACON& Tower with Radar,24,33,25,4,86,0,0,9,0,9,24,33,34,4,95,0,0,0,95
08/26/2022,SHV,LA,ASW,CE,Combined TRACON& Tower with Radar,26,32,8,4,70,0,0,4,0,4,26,32,12,4,74,0,0,0,74
08/27/2022,SHV,LA,ASW,CE,Combined TRACON& Tower with Radar,17,46,6,2,71,0,1,5,0,6,17,47,11,2,77,0,0,0,77
08/28/2022,SHV,LA,ASW,CE,Combined TRACON& Tower with Radar,13,28,13,7,61,0,0,7,0,7,13,28,20,7,68,0,0,0,68
08/29/2022,SHV,LA,ASW,CE,Combined TRACON& Tower with Radar,22,26,12,1,61,0,2,9,0,11,22,28,21,1,72,24,0,24,96
08/30/2022,SHV,LA,ASW,CE,Combined TRACON& Tower with Radar,20,30,21,0,71,0,0,8,0,8,20,30,29,0,79,0,0,0,79
08/31/2022,SHV,LA,ASW,CE,Combined TRACON& Tower with Radar,34,30,15,0,79,0,0,15,0,15,34,30,30,0,94,0,0,0,94
09/01/2022,SHV,LA,ASW,CE,Combined TRACON& Tower with Radar,24,33,28,0,85,0,0,17,0,17,24,33,45,0,102,0,0,0,102
09/02/2022,SHV,LA,ASW,CE,Combined TRACON& Tower with Radar,29,32,14,0,75,0,0,5,0,5,29,32,19,0,80,0,0,0,80
09/03/2022,SHV,LA,ASW,CE,Combined TRACON& Tower with Radar,22,20,7,0,49,0,4,11,0,15,22,24,18,0,64,0,0,0,64
09/04/2022,SHV,LA,ASW,CE,Combined TRACON& Tower with Radar,13,20,11,3,47,0,4,7,1,12,13,24,18,4,59,0,0,0,59
09/05/2022,SHV,LA,ASW,CE,Combined TRACON& Tower with Radar,16,36,16,0,68,0,0,3,0,3,16,36,19,0,71,0,0,0,71
09/06/2022,SHV,LA,ASW,CE,Combined TRACON& Tower with Radar,24,23,7,0,54,0,1,9,0,10,24,24,16,0,64,0,0,0,64
09/07/2022,SHV,LA,ASW,CE,Combined TRACON& Tower with Radar,29,19,20,0,68,0,2,5,0,7,29,21,25,0,75,0,0,0,75
09/08/2022,SHV,LA,ASW,CE,Combined TRACON& Tower with Radar,27,36,18,0,81,0,0,20,0,20,27,36,38,0,101,0,0,0,101
09/09/2022,SHV,LA,ASW,CE,Combined TRACON& Tower with Radar,34,23,16,0,73,0,1,8,0,9,34,24,24,0,82,0,0,0,82
09/10/2022,SHV,LA,ASW,CE,Combined TRACON& Tower with Radar,24,19,24,14,81,0,0,9,1,10,24,19,33,15,91,0,0,0,91
09/11/2022,SHV,LA,ASW,CE,Combined TRACON& Tower with Radar,18,17,20,1,56,0,1,16,0,17,18,18,36,1,73,0,0,0,73
09/12/2022,SHV,LA,ASW,CE,Combined TRACON& Tower with Radar,26,25,7,0,58,0,1,18,0,19,26,26,25,0,77,18,0,18,95
09/13/2022,SHV,LA,ASW,CE,Combined TRACON& Tower with Radar,26,21,30,1,78,0,1,29,1,31,26,22,59,2,109,0,0,0,109
09/14/2022,SHV,LA,ASW,CE,Combined TRACON& Tower with Radar,25,24,32,0,81,0,1,25,0,26,25,25,57,0,107,0,0,0,107
09/15/2022,SHV,LA,ASW,CE,Combined TRACON& Tower with Radar,28,23,20,0,71,0,0,20,0,20,28,23,40,0,91,0,0,0,91
09/16/2022,SHV,LA,ASW,CE,Combined TRACON& Tower with Radar,26,27,20,9,82,0,1,17,1,19,26,28,37,10,101,0,0,0,101
09/17/2022,SHV,LA,ASW,CE,Combined TRACON& Tower with Radar,14,23,21,6,64,0,2,20,0,22,14,25,41,6,86,0,0,0,86
09/18/2022,SHV,LA,ASW,CE,Combined TRACON& Tower with Radar,21,20,29,6,76,0,2,12,0,14,21,22,41,6,90,0,0,0,90
09/19/2022,SHV,LA,ASW,CE,Combined TRACON& Tower with Radar,26,21,14,2,63,0,0,15,4,19,26,21,29,6,82,0,11,11,93
09/20/2022,SHV,LA,ASW,CE,Combined TRACON& Tower with Radar,25,25,10,0,60,0,0,18,2,20,25,25,28,2,80,0,0,0,80
09/21/2022,SHV,LA,ASW,CE,Combined TRACON& Tower with Radar,30,36,26,0,92,0,0,24,6,30,30,36,50,6,122,0,0,0,122
09/22/2022,SHV,LA,ASW,CE,Combined TRACON& Tower with Radar,29,22,29,3,83,0,0,15,0,15,29,22,44,3,98,0,0,0,98
09/23/2022,SHV,LA,ASW,CE,Combined TRACON& Tower with Radar,28,29,23,6,86,0,2,17,6,25,28,31,40,12,111,0,20,20,131
09/24/2022,SHV,LA,ASW,CE,Combined TRACON& Tower with Radar,19,25,20,3,67,0,2,11,1,14,19,27,31,4,81,0,0,0,81
09/25/2022,SHV,LA,ASW,CE,Combined TRACON& Tower with Radar,24,19,16,1,60,0,0,3,0,3,24,19,19,1,63,0,0,0,63
09/26/2022,SHV,LA,ASW,CE,Combined TRACON& Tower with Radar,23,22,19,0,64,0,0,16,0,16,23,22,35,0,80,0,0,0,80
09/27/2022,SHV,LA,ASW,CE,Combined TRACON& Tower with Radar,30,25,29,0,84,0,0,23,0,23,30,25,52,0,107,0,0,0,107
09/28/2022,SHV,LA,ASW,CE,Combined TRACON& Tower with Radar,24,27,27,5,83,0,0,14,3,17,24,27,41,8,100,0,0,0,100
09/29/2022,SHV,LA,ASW,CE,Combined TRACON& Tower with Radar,27,30,27,0,84,0,0,19,0,19,27,30,46,0,103,0,0,0,103
09/30/2022,SHV,LA,ASW,CE,Combined TRACON& Tower with Radar,26,25,17,15,83,0,0,14,17,31,26,25,31,32,114,4,22,26,140
10/01/2022,SHV,LA,ASW,CE,Combined TRACON& Tower with Radar,16,19,14,0,49,0,5,8,0,13,16,24,22,0,62,0,0,0,62
10/02/2022,SHV,LA,ASW,CE,Combined TRACON& Tower with Radar,22,16,11,2,51,0,6,8,0,14,22,22,19,2,65,0,0,0,65
10/03/2022,SHV,LA,ASW,CE,Combined TRACON& Tower with Radar,20,23,25,4,72,0,0,17,0,17,20,23,42,4,89,0,0,0,89
10/04/2022,SHV,LA,ASW,CE,Combined TRACON& Tower with Radar,25,28,17,2,72,0,1,10,0,11,25,29,27,2,83,0,0,0,83
10/05/2022,SHV,LA,ASW,CE,Combined TRACON& Tower with Radar,26,30,21,2,79,0,1,14,1,16,26,31,35,3,95,0,8,8,103
10/06/2022,SHV,LA,ASW,CE,Combined TRACON& Tower with Radar,31,27,14,0,72,0,1,15,4,20,31,28,29,4,92,8,0,8,100
10/07/2022,SHV,LA,ASW,CE,Combined TRACON& Tower with Radar,39,20,25,5,89,0,1,20,1,22,39,21,45,6,111,2,0,2,113
10/08/2022,SHV,LA,ASW,CE,Combined TRACON& Tower with Radar,24,18,21,0,63,0,1,19,2,22,24,19,40,2,85,10,0,10,95
10/09/2022,SHV,LA,ASW,CE,Combined TRACON& Tower with Radar,22,19,12,11,64,0,0,12,1,13,22,19,24,12,77,0,0,0,77
10/10/2022,SHV,LA,ASW,CE,Combined TRACON& Tower with Radar,29,21,18,0,68,0,0,25,0,25,29,21,43,0,93,0,0,0,93
10/11/2022,SHV,LA,ASW,CE,Combined TRACON& Tower with Radar,23,34,23,1,81,0,5,19,3,27,23,39,42,4,108,0,16,16,124
10/12/2022,SHV,LA,ASW,CE,Combined TRACON& Tower with Radar,40,31,15,0,86,0,0,11,0,11,40,31,26,0,97,12,0,12,109
10/13/2022,SHV,LA,ASW,CE,Combined TRACON& Tower with Radar,33,22,36,8,99,0,4,21,0,25,33,26,57,8,124,66,0,66,190
10/14/2022,SHV,LA,ASW,CE,Combined TRACON& Tower with Radar,40,22,32,25,119,0,1,15,10,26,40,23,47,35,145,10,0,10,155
10/15/2022,SHV,LA,ASW,CE,Combined TRACON& Tower with Radar,29,25,9,0,63,0,1,13,0,14,29,26,22,0,77,0,0,0,77
10/16/2022,SHV,LA,ASW,CE,Combined TRACON& Tower with Radar,21,16,8,0,45,0,0,4,0,4,21,16,12,0,49,0,0,0,49
10/17/2022,SHV,LA,ASW,CE,Combined TRACON& Tower with Radar,39,23,30,2,94,0,1,3,0,4,39,24,33,2,98,0,0,0,98
10/18/2022,SHV,LA,ASW,CE,Combined TRACON& Tower with Radar,32,20,23,0,75,0,0,8,0,8,32,20,31,0,83,0,0,0,83
10/19/2022,SHV,LA,ASW,CE,Combined TRACON& Tower with Radar,30,26,24,0,80,0,1,3,0,4,30,27,27,0,84,0,0,0,84
10/20/2022,SHV,LA,ASW,CE,Combined TRACON& Tower with Radar,34,27,30,7,98,0,1,19,1,21,34,28,49,8,119,0,0,0,119
10/21/2022,SHV,LA,ASW,CE,Combined TRACON& Tower with Radar,40,16,21,8,85,0,1,18,2,21,40,17,39,10,106,10,4,14,120
10/22/2022,SHV,LA,ASW,CE,Combined TRACON& Tower with Radar,26,29,14,0,69,0,2,3,0,5,26,31,17,0,74,0,0,0,74
10/23/2022,SHV,LA,ASW,CE,Combined TRACON& Tower with Radar,27,32,21,25,105,0,0,11,1,12,27,32,32,26,117,4,0,4,121
10/24/2022,SHV,LA,ASW,CE,Combined TRACON& Tower with Radar,50,14,21,2,87,0,1,5,0,6,50,15,26,2,93,0,0,0,93
10/25/2022,SHV,LA,ASW,CE,Combined TRACON& Tower with Radar,26,23,16,0,65,0,0,4,0,4,26,23,20,0,69,0,0,0,69
10/26/2022,SHV,LA,ASW,CE,Combined TRACON& Tower with Radar,33,31,22,7,93,0,1,25,1,27,33,32,47,8,120,6,16,22,142
10/27/2022,SHV,LA,ASW,CE,Combined TRACON& Tower with Radar,28,22,26,0,76,0,2,27,2,31,28,24,53,2,107,6,0,6,113
10/28/2022,SHV,LA,ASW,CE,Combined TRACON& Tower with Radar,46,17,18,2,83,0,0,2,0,2,46,17,20,2,85,0,0,0,85
10/29/2022,SHV,LA,ASW,CE,Combined TRACON& Tower with Radar,21,18,9,0,48,0,0,0,0,0,21,18,9,0,48,0,0,0,48
10/30/2022,SHV,LA,ASW,CE,Combined TRACON& Tower with Radar,19,11,24,0,54,0,2,10,0,12,19,13,34,0,66,16,0,16,82
10/31/2022,SHV,LA,ASW,CE,Combined TRACON& Tower with Radar,19,15,9,0,43,0,1,16,1,18,19,16,25,1,61,0,0,0,61
11/01/2022,SHV,LA,ASW,CE,Combined TRACON& Tower with Radar,32,17,27,2,78,0,0,9,0,9,32,17,36,2,87,0,0,0,87
11/02/2022,SHV,LA,ASW,CE,Combined TRACON& Tower with Radar,33,24,16,4,77,0,1,21,0,22,33,25,37,4,99,0,0,0,99
11/03/2022,SHV,LA,ASW,CE,Combined TRACON& Tower with Radar,35,24,26,11,96,0,4,13,9,26,35,28,39,20,122,0,33,33,155
11/04/2022,SHV,LA,ASW,CE,Combined TRACON& Tower with Radar,32,14,20,4,70,0,1,2,0,3,32,15,22,4,73,0,0,0,73
11/05/2022,SHV,LA,ASW,CE,Combined TRACON& Tower with Radar,25,13,17,0,55,0,0,18,0,18,25,13,35,0,73,0,0,0,73
11/06/2022,SHV,LA,ASW,CE,Combined TRACON& Tower with Radar,23,15,14,0,52,0,0,8,0,8,23,15,22,0,60,0,0,0,60
11/07/2022,SHV,LA,ASW,CE,Combined TRACON& Tower with Radar,22,15,22,0,59,0,0,5,0,5,22,15,27,0,64,0,0,0,64
11/08/2022,SHV,LA,ASW,CE,Combined TRACON& Tower with Radar,32,14,32,6,84,0,1,3,0,4,32,15,35,6,88,0,0,0,88
11/09/2022,SHV,LA,ASW,CE,Combined TRACON& Tower with Radar,30,12,22,8,72,0,1,11,2,14,30,13,33,10,86,4,0,4,90
11/10/2022,SHV,LA,ASW,CE,Combined TRACON& Tower with Radar,26,12,31,0,69,0,1,12,0,13,26,13,43,0,82,0,0,0,82
11/11/2022,SHV,LA,ASW,CE,Combined TRACON& Tower with Radar,39,9,17,0,65,0,0,1,0,1,39,9,18,0,66,0,0,0,66
11/12/2022,SHV,LA,ASW,CE,Combined TRACON& Tower with Radar,21,12,10,0,43,0,0,9,0,9,21,12,19,0,52,0,0,0,52
11/13/2022,SHV,LA,ASW,CE,Combined TRACON& Tower with Radar,23,17,14,0,54,0,6,18,0,24,23,23,32,0,78,0,0,0,78
11/14/2022,SHV,LA,ASW,CE,Combined TRACON& Tower with Radar,31,15,12,0,58,0,0,1,0,1,31,15,13,0,59,0,0,0,59
11/15/2022,SHV,LA,ASW,CE,Combined TRACON& Tower with Radar,33,18,14,28,93,0,0,3,2,5,33,18,17,30,98,0,0,0,98
11/16/2022,SHV,LA,ASW,CE,Combined TRACON& Tower with Radar,30,21,26,4,81,0,0,14,0,14,30,21,40,4,95,0,0,0,95
11/17/2022,SHV,LA,ASW,CE,Combined TRACON& Tower with Radar,38,19,20,18,95,0,0,6,2,8,38,19,26,20,103,0,12,12,115
11/18/2022,SHV,LA,ASW,CE,Combined TRACON& Tower with Radar,36,26,29,9,100,0,0,22,2,24,36,26,51,11,124,0,6,6,130
11/19/2022,SHV,LA,ASW,CE,Combined TRACON& Tower with Radar,25,24,16,2,67,0,2,14,1,17,25,26,30,3,84,0,0,0,84
11/20/2022,SHV,LA,ASW,CE,Combined TRACON& Tower with Radar,23,17,21,5,66,0,2,13,2,17,23,19,34,7,83,0,0,0,83
11/21/2022,SHV,LA,ASW,CE,Combined TRACON& Tower with Radar,27,12,18,11,68,0,1,12,0,13,27,13,30,11,81,2,0,2,83
11/22/2022,SHV,LA,ASW,CE,Combined TRACON& Tower with Radar,29,27,20,4,80,0,0,15,0,15,29,27,35,4,95,0,0,0,95
11/23/2022,SHV,LA,ASW,CE,Combined TRACON& Tower with Radar,42,23,26,0,91,0,0,10,0,10,42,23,36,0,101,0,0,0,101
11/24/2022,SHV,LA,ASW,CE,Combined TRACON& Tower with Radar,21,11,0,0,32,0,0,0,0,0,21,11,0,0,32,0,0,0,32
11/25/2022,SHV,LA,ASW,CE,Combined TRACON& Tower with Radar,34,19,19,0,72,0,0,0,0,0,34,19,19,0,72,0,0,0,72
11/26/2022,SHV,LA,ASW,CE,Combined TRACON& Tower with Radar,20,13,7,0,40,0,0,2,0,2,20,13,9,0,42,0,0,0,42
11/27/2022,SHV,LA,ASW,CE,Combined TRACON& Tower with Radar,25,24,15,0,64,0,0,3,0,3,25,24,18,0,67,0,0,0,67
11/28/2022,SHV,LA,ASW,CE,Combined TRACON& Tower with Radar,27,23,30,18,98,0,3,19,1,23,27,26,49,19,121,18,0,18,139
11/29/2022,SHV,LA,ASW,CE,Combined TRACON& Tower with Radar,35,17,24,15,91,0,1,1,0,2,35,18,25,15,93,0,0,0,93
11/30/2022,SHV,LA,ASW,CE,Combined TRACON& Tower with Radar,38,22,23,17,100,0,0,10,14,24,38,22,33,31,124,2,35,37,161
12/01/2022,SHV,LA,ASW,CE,Combined TRACON& Tower with Radar,29,30,19,0,78,0,1,8,0,9,29,31,27,0,87,0,0,0,87
12/02/2022,SHV,LA,ASW,CE,Combined TRACON& Tower with Radar,37,21,15,8,81,0,2,12,4,18,37,23,27,12,99,0,0,0,99
12/03/2022,SHV,LA,ASW,CE,Combined TRACON& Tower with Radar,23,20,13,0,56,0,0,4,0,4,23,20,17,0,60,0,0,0,60
12/04/2022,SHV,LA,ASW,CE,Combined TRACON& Tower with Radar,23,13,15,0,51,0,0,5,0,5,23,13,20,0,56,0,0,0,56
12/05/2022,SHV,LA,ASW,CE,Combined TRACON& Tower with Radar,34,25,10,0,69,0,0,8,0,8,34,25,18,0,77,8,0,8,85
12/06/2022,SHV,LA,ASW,CE,Combined TRACON& Tower with Radar,33,27,28,3,91,0,0,7,1,8,33,27,35,4,99,0,0,0,99
12/07/2022,SHV,LA,ASW,CE,Combined TRACON& Tower with Radar,33,34,33,12,112,0,0,10,2,12,33,34,43,14,124,16,0,16,140
12/08/2022,SHV,LA,ASW,CE,Combined TRACON& Tower with Radar,38,37,21,6,102,0,0,9,6,15,38,37,30,12,117,0,10,10,127
12/09/2022,SHV,LA,ASW,CE,Combined TRACON& Tower with Radar,44,25,18,0,87,0,0,1,2,3,44,25,19,2,90,0,0,0,90
12/10/2022,SHV,LA,ASW,CE,Combined TRACON& Tower with Radar,16,19,15,2,52,0,0,8,0,8,16,19,23,2,60,0,0,0,60
12/11/2022,SHV,LA,ASW,CE,Combined TRACON& Tower with Radar,25,14,19,2,60,0,0,0,0,0,25,14,19,2,60,0,0,0,60
12/12/2022,SHV,LA,ASW,CE,Combined TRACON& Tower with Radar,28,19,13,0,60,0,0,0,0,0,28,19,13,0,60,0,0,0,60
12/13/2022,SHV,LA,ASW,CE,Combined TRACON& Tower with Radar,28,16,9,0,53,0,0,0,0,0,28,16,9,0,53,0,0,0,53
12/14/2022,SHV,LA,ASW,CE,Combined TRACON& Tower with Radar,39,17,27,1,84,0,0,14,2,16,39,17,41,3,100,10,0,10,110
12/15/2022,SHV,LA,ASW,CE,Combined TRACON& Tower with Radar,41,28,22,3,94,0,3,12,2,17,41,31,34,5,111,0,0,0,111
12/16/2022,SHV,LA,ASW,CE,Combined TRACON& Tower with Radar,38,18,13,2,71,0,0,11,0,11,38,18,24,2,82,0,0,0,82
12/17/2022,SHV,LA,ASW,CE,Combined TRACON& Tower with Radar,25,17,12,0,54,0,1,21,0,22,25,18,33,0,76,0,0,0,76
12/18/2022,SHV,LA,ASW,CE,Combined TRACON& Tower with Radar,29,12,15,0,56,0,2,17,0,19,29,14,32,0,75,0,0,0,75
12/19/2022,SHV,LA,ASW,CE,Combined TRACON& Tower with Radar,27,18,11,0,56,0,0,3,0,3,27,18,14,0,59,0,0,0,59
12/20/2022,SHV,LA,ASW,CE,Combined TRACON& Tower with Radar,29,22,23,4,78,0,0,2,0,2,29,22,25,4,80,0,0,0,80
12/21/2022,SHV,LA,ASW,CE,Combined TRACON& Tower with Radar,40,16,33,11,100,0,1,4,1,6,40,17,37,12,106,0,0,0,106
12/22/2022,SHV,LA,ASW,CE,Combined TRACON& Tower with Radar,34,22,14,0,70,0,0,0,0,0,34,22,14,0,70,0,0,0,70
12/23/2022,SHV,LA,ASW,CE,Combined TRACON& Tower with Radar,22,16,10,0,48,0,2,2,0,4,22,18,12,0,52,0,0,0,52
12/24/2022,SHV,LA,ASW,CE,Combined TRACON& Tower with Radar,25,8,0,0,33,0,1,5,0,6,25,9,5,0,39,0,0,0,39
12/25/2022,SHV,LA,ASW,CE,Combined TRACON& Tower with Radar,14,8,1,0,23,0,0,2,0,2,14,8,3,0,25,0,0,0,25
12/26/2022,SHV,LA,ASW,CE,Combined TRACON& Tower with Radar,23,7,10,0,40,0,0,18,0,18,23,7,28,0,58,0,0,0,58
12/27/2022,SHV,LA,ASW,CE,Combined TRACON& Tower with Radar,31,12,10,0,53,0,2,9,0,11,31,14,19,0,64,0,0,0,64
12/28/2022,SHV,LA,ASW,CE,Combined TRACON& Tower with Radar,29,14,13,3,59,0,0,17,1,18,29,14,30,4,77,0,0,0,77
12/29/2022,SHV,LA,ASW,CE,Combined TRACON& Tower with Radar,29,11,8,0,48,0,0,2,0,2,29,11,10,0,50,0,0,0,50
12/30/2022,SHV,LA,ASW,CE,Combined TRACON& Tower with Radar,25,12,14,0,51,0,0,4,0,4,25,12,18,0,55,0,0,0,55
12/31/2022,SHV,LA,ASW,CE,Combined TRACON& Tower with Radar,21,14,8,0,43,0,0,0,0,0,21,14,8,0,43,0,0,0,43
01/01/2023,SHV,LA,ASW,CE,Combined TRACON& Tower with Radar,18,14,2,0,34,0,0,0,0,0,18,14,2,0,34,0,0,0,34
01/02/2023,SHV,LA,ASW,CE,Combined TRACON& Tower with Radar,21,9,7,0,37,0,0,1,0,1,21,9,8,0,38,0,0,0,38
01/03/2023,SHV,LA,ASW,CE,Combined TRACON& Tower with Radar,27,9,19,0,55,0,0,6,0,6,27,9,25,0,61,0,0,0,61
01/04/2023,SHV,LA,ASW,CE,Combined TRACON& Tower with Radar,31,21,20,0,72,0,4,12,0,16,31,25,32,0,88,0,0,0,88
01/05/2023,SHV,LA,ASW,CE,Combined TRACON& Tower with Radar,27,11,16,4,58,0,0,22,4,26,27,11,38,8,84,0,0,0,84
01/06/2023,SHV,LA,ASW,CE,Combined TRACON& Tower with Radar,33,16,20,52,121,0,0,31,2,33,33,16,51,54,154,2,6,8,162
01/07/2023,SHV,LA,ASW,CE,Combined TRACON& Tower with Radar,20,18,7,0,45,0,0,1,0,1,20,18,8,0,46,0,0,0,46
01/08/2023,SHV,LA,ASW,CE,Combined TRACON& Tower with Radar,21,13,16,0,50,0,0,11,0,11,21,13,27,0,61,0,0,0,61
01/09/2023,SHV,LA,ASW,CE,Combined TRACON& Tower with Radar,24,7,16,10,57,0,0,15,0,15,24,7,31,10,72,14,0,14,86
01/10/2023,SHV,LA,ASW,CE,Combined TRACON& Tower with Radar,22,14,22,8,66,0,0,7,0,7,22,14,29,8,73,0,4,4,77
01/11/2023,SHV,LA,ASW,CE,Combined TRACON& Tower with Radar,20,18,9,2,49,0,2,4,0,6,20,20,13,2,55,0,0,0,55
01/12/2023,SHV,LA,ASW,CE,Combined TRACON& Tower with Radar,24,16,22,10,72,0,0,3,0,3,24,16,25,10,75,0,6,6,81
01/13/2023,SHV,LA,ASW,CE,Combined TRACON& Tower with Radar,37,14,18,3,72,0,0,13,3,16,37,14,31,6,88,0,4,4,92
01/14/2023,SHV,LA,ASW,CE,Combined TRACON& Tower with Radar,13,24,22,0,59,0,1,24,0,25,13,25,46,0,84,11,0,11,95
01/15/2023,SHV,LA,ASW,CE,Combined TRACON& Tower with Radar,19,11,11,0,41,0,1,3,0,4,19,12,14,0,45,0,0,0,45
01/16/2023,SHV,LA,ASW,CE,Combined TRACON& Tower with Radar,25,13,18,4,60,0,0,6,0,6,25,13,24,4,66,0,0,0,66
01/17/2023,SHV,LA,ASW,CE,Combined TRACON& Tower with Radar,25,16,13,3,57,0,0,7,0,7,25,16,20,3,64,0,4,4,68
01/18/2023,SHV,LA,ASW,CE,Combined TRACON& Tower with Radar,28,15,14,0,57,0,2,4,0,6,28,17,18,0,63,0,0,0,63
01/19/2023,SHV,LA,ASW,CE,Combined TRACON& Tower with Radar,36,16,19,8,79,0,1,17,0,18,36,17,36,8,97,0,0,0,97
01/20/2023,SHV,LA,ASW,CE,Combined TRACON& Tower with Radar,31,17,24,10,82,0,1,13,2,16,31,18,37,12,98,0,0,0,98
01/21/2023,SHV,LA,ASW,CE,Combined TRACON& Tower with Radar,24,13,8,12,57,0,0,8,3,11,24,13,16,15,68,10,14,24,92
01/22/2023,SHV,LA,ASW,CE,Combined TRACON& Tower with Radar,19,8,7,0,34,0,0,3,0,3,19,8,10,0,37,0,0,0,37
01/23/2023,SHV,LA,ASW,CE,Combined TRACON& Tower with Radar,28,15,20,8,71,0,0,27,2,29,28,15,47,10,100,18,0,18,118
01/24/2023,SHV,LA,ASW,CE,Combined TRACON& Tower with Radar,30,9,4,0,43,0,0,1,0,1,30,9,5,0,44,0,0,0,44
01/25/2023,SHV,LA,ASW,CE,Combined TRACON& Tower with Radar,31,22,15,4,72,0,2,3,2,7,31,24,18,6,79,0,0,0,79
01/26/2023,SHV,LA,ASW,CE,Combined TRACON& Tower with Radar,32,25,20,5,82,0,2,15,3,20,32,27,35,8,102,0,0,0,102
01/27/2023,SHV,LA,ASW,CE,Combined TRACON& Tower with Radar,36,18,13,30,97,0,0,15,2,17,36,18,28,32,114,0,0,0,114
01/28/2023,SHV,LA,ASW,CE,Combined TRACON& Tower with Radar,27,20,10,0,57,0,0,2,0,2,27,20,12,0,59,0,0,0,59
01/29/2023,SHV,LA,ASW,CE,Combined TRACON& Tower with Radar,20,13,9,0,42,0,0,0,0,0,20,13,9,0,42,0,0,0,42
01/30/2023,SHV,LA,ASW,CE,Combined TRACON& Tower with Radar,22,12,14,0,48,0,0,0,0,0,22,12,14,0,48,0,0,0,48
01/31/2023,SHV,LA,ASW,CE,Combined TRACON& Tower with Radar,18,15,6,0,39,0,0,0,0,0,18,15,6,0,39,0,0,0,39
02/01/2023,SHV,LA,ASW,CE,Combined TRACON& Tower with Radar,13,14,7,0,34,0,0,0,0,0,13,14,7,0,34,0,0,0,34
02/02/2023,SHV,LA,ASW,CE,Combined TRACON& Tower with Radar,18,8,10,1,37,0,0,0,0,0,18,8,10,1,37,0,0,0,37
02/03/2023,SHV,LA,ASW,CE,Combined TRACON& Tower with Radar,31,11,21,28,91,0,0,22,4,26,31,11,43,32,117,2,0,2,119
02/04/2023,SHV,LA,ASW,CE,Combined TRACON& Tower with Radar,24,17,20,5,66,0,1,26,4,31,24,18,46,9,97,0,0,0,97
02/05/2023,SHV,LA,ASW,CE,Combined TRACON& Tower with Radar,23,14,8,0,45,0,2,7,2,11,23,16,15,2,56,0,0,0,56
02/06/2023,SHV,LA,ASW,CE,Combined TRACON& Tower with Radar,27,16,22,6,71,0,0,7,2,9,27,16,29,8,80,0,0,0,80
02/07/2023,SHV,LA,ASW,CE,Combined TRACON& Tower with Radar,24,18,28,3,73,0,0,9,0,9,24,18,37,3,82,0,0,0,82
02/08/2023,SHV,LA,ASW,CE,Combined TRACON& Tower with Radar,32,12,8,0,52,0,0,0,0,0,32,12,8,0,52,0,0,0,52
02/09/2023,SHV,LA,ASW,CE,Combined TRACON& Tower with Radar,33,24,23,4,84,0,3,22,8,33,33,27,45,12,117,0,0,0,117
02/10/2023,SHV,LA,ASW,CE,Combined TRACON& Tower with Radar,32,16,8,2,58,0,0,2,3,5,32,16,10,5,63,0,0,0,63
02/11/2023,SHV,LA,ASW,CE,Combined TRACON& Tower with Radar,25,18,6,0,49,0,2,0,0,2,25,20,6,0,51,0,0,0,51
02/12/2023,SHV,LA,ASW,CE,Combined TRACON& Tower with Radar,31,16,8,0,55,0,1,17,0,18,31,17,25,0,73,0,0,0,73
02/13/2023,SHV,LA,ASW,CE,Combined TRACON& Tower with Radar,24,15,10,8,57,0,0,24,2,26,24,15,34,10,83,9,0,9,92
02/14/2023,SHV,LA,ASW,CE,Combined TRACON& Tower with Radar,30,12,11,0,53,0,0,3,0,3,30,12,14,0,56,0,0,0,56
02/15/2023,SHV,LA,ASW,CE,Combined TRACON& Tower with Radar,35,19,13,2,69,0,1,1,0,2,35,20,14,2,71,0,0,0,71
02/16/2023,SHV,LA,ASW,CE,Combined TRACON& Tower with Radar,36,17,20,15,88,0,1,6,3,10,36,18,26,18,98,0,0,0,98
02/17/2023,SHV,LA,ASW,CE,Combined TRACON& Tower with Radar,32,14,25,5,76,0,0,17,3,20,32,14,42,8,96,0,0,0,96
02/18/2023,SHV,LA,ASW,CE,Combined TRACON& Tower with Radar,25,21,22,0,68,0,0,14,0,14,25,21,36,0,82,0,0,0,82
02/19/2023,SHV,LA,ASW,CE,Combined TRACON& Tower with Radar,35,23,16,0,74,1,1,6,0,8,36,24,22,0,82,0,0,0,82
02/20/2023,SHV,LA,ASW,CE,Combined TRACON& Tower with Radar,31,11,19,0,61,0,2,8,0,10,31,13,27,0,71,2,0,2,73
02/21/2023,SHV,LA,ASW,CE,Combined TRACON& Tower with Radar,32,12,22,0,66,0,0,11,0,11,32,12,33,0,77,0,0,0,77
02/22/2023,SHV,LA,ASW,CE,Combined TRACON& Tower with Radar,41,15,16,0,72,0,0,7,0,7,41,15,23,0,79,0,0,0,79
02/23/2023,SHV,LA,ASW,CE,Combined TRACON& Tower with Radar,39,25,41,2,107,0,0,10,2,12,39,25,51,4,119,0,0,0,119
02/24/2023,SHV,LA,ASW,CE,Combined TRACON& Tower with Radar,38,14,12,6,70,0,0,3,0,3,38,14,15,6,73,0,0,0,73
02/25/2023,SHV,LA,ASW,CE,Combined TRACON& Tower with Radar,24,22,22,0,68,0,0,0,0,0,24,22,22,0,68,0,0,0,68
02/26/2023,SHV,LA,ASW,CE,Combined TRACON& Tower with Radar,26,18,20,0,64,0,0,10,0,10,26,18,30,0,74,0,0,0,74
02/27/2023,SHV,LA,ASW,CE,Combined TRACON& Tower with Radar,34,21,16,2,73,0,2,15,2,19,34,23,31,4,92,0,0,0,92
02/28/2023,SHV,LA,ASW,CE,Combined TRACON& Tower with Radar,35,19,38,0,92,0,4,22,0,26,35,23,60,0,118,0,0,0,118
03/01/2023,SHV,LA,ASW,CE,Combined TRACON& Tower with Radar,36,23,13,1,73,0,0,10,1,11,36,23,23,2,84,0,0,0,84
03/02/2023,SHV,LA,ASW,CE,Combined TRACON& Tower with Radar,32,23,11,2,68,0,0,4,0,4,32,23,15,2,72,0,0,0,72
03/03/2023,SHV,LA,ASW,CE,Combined TRACON& Tower with Radar,35,22,15,8,80,0,2,9,0,11,35,24,24,8,91,0,0,0,91
03/04/2023,SHV,LA,ASW,CE,Combined TRACON& Tower with Radar,19,12,6,0,37,0,2,15,3,20,19,14,21,3,57,0,0,0,57
03/05/2023,SHV,LA,ASW,CE,Combined TRACON& Tower with Radar,21,11,20,6,58,0,1,23,0,24,21,12,43,6,82,0,0,0,82
03/06/2023,SHV,LA,ASW,CE,Combined TRACON& Tower with Radar,28,13,19,2,62,0,0,10,0,10,28,13,29,2,72,0,0,0,72
03/07/2023,SHV,LA,ASW,CE,Combined TRACON& Tower with Radar,34,19,8,0,61,0,1,6,0,7,34,20,14,0,68,0,0,0,68
03/08/2023,SHV,LA,ASW,CE,Combined TRACON& Tower with Radar,29,17,15,0,61,0,0,6,0,6,29,17,21,0,67,0,0,0,67
03/09/2023,SHV,LA,ASW,CE,Combined TRACON& Tower with Radar,40,23,23,0,86,0,0,17,0,17,40,23,40,0,103,0,0,0,103
03/10/2023,SHV,LA,ASW,CE,Combined TRACON& Tower with Radar,37,20,18,37,112,0,1,3,10,14,37,21,21,47,126,0,0,0,126
03/11/2023,SHV,LA,ASW,CE,Combined TRACON& Tower with Radar,25,19,12,0,56,0,2,5,0,7,25,21,17,0,63,0,0,0,63
03/12/2023,SHV,LA,ASW,CE,Combined TRACON& Tower with Radar,23,16,12,2,53,0,2,5,0,7,23,18,17,2,60,0,0,0,60
03/13/2023,SHV,LA,ASW,CE,Combined TRACON& Tower with Radar,34,20,10,5,69,0,3,15,3,21,34,23,25,8,90,0,0,0,90
03/14/2023,SHV,LA,ASW,CE,Combined TRACON& Tower with Radar,35,17,10,7,69,0,1,16,1,18,35,18,26,8,87,0,0,0,87
03/15/2023,SHV,LA,ASW,CE,Combined TRACON& Tower with Radar,36,17,19,0,72,0,0,11,0,11,36,17,30,0,83,0,0,0,83
03/16/2023,SHV,LA,ASW,CE,Combined TRACON& Tower with Radar,36,12,16,0,64,0,0,3,0,3,36,12,19,0,67,0,0,0,67
03/17/2023,SHV,LA,ASW,CE,Combined TRACON& Tower with Radar,37,11,9,13,70,0,2,6,0,8,37,13,15,13,78,0,0,0,78
03/18/2023,SHV,LA,ASW,CE,Combined TRACON& Tower with Radar,25,18,26,3,72,0,4,13,0,17,25,22,39,3,89,0,0,0,89
03/19/2023,SHV,LA,ASW,CE,Combined TRACON& Tower with Radar,24,17,19,0,60,0,2,11,0,13,24,19,30,0,73,0,0,0,73
03/20/2023,SHV,LA,ASW,CE,Combined TRACON& Tower with Radar,28,18,12,0,58,0,5,8,1,14,28,23,20,1,72,14,0,14,86
03/21/2023,SHV,LA,ASW,CE,Combined TRACON& Tower with Radar,37,11,22,1,71,0,0,6,1,7,37,11,28,2,78,0,0,0,78
03/22/2023,SHV,LA,ASW,CE,Combined TRACON& Tower with Radar,33,22,19,0,74,0,1,4,0,5,33,23,23,0,79,0,0,0,79
03/23/2023,SHV,LA,ASW,CE,Combined TRACON& Tower with Radar,42,16,20,2,80,0,0,11,0,11,42,16,31,2,91,0,0,0,91
03/24/2023,SHV,LA,ASW,CE,Combined TRACON& Tower with Radar,39,13,5,0,57,0,0,4,0,4,39,13,9,0,61,0,0,0,61
03/25/2023,SHV,LA,ASW,CE,Combined TRACON& Tower with Radar,29,17,15,5,66,0,0,19,3,22,29,17,34,8,88,0,0,0,88
03/26/2023,SHV,LA,ASW,CE,Combined TRACON& Tower with Radar,24,12,11,0,47,0,2,15,5,22,24,14,26,5,69,10,2,12,81
03/27/2023,SHV,LA,ASW,CE,Combined TRACON& Tower with Radar,29,20,22,0,71,0,1,26,1,28,29,21,48,1,99,9,0,9,108
03/28/2023,SHV,LA,ASW,CE,Combined TRACON& Tower with Radar,33,16,27,0,76,0,1,24,0,25,33,17,51,0,101,2,0,2,103
03/29/2023,SHV,LA,ASW,CE,Combined TRACON& Tower with Radar,39,20,21,11,91,0,3,25,4,32,39,23,46,15,123,44,0,44,167
03/30/2023,SHV,LA,ASW,CE,Combined TRACON& Tower with Radar,40,25,23,2,90,0,1,11,0,12,40,26,34,2,102,12,0,12,114
03/31/2023,SHV,LA,ASW,CE,Combined TRACON& Tower with Radar,37,29,12,3,81,0,0,0,1,1,37,29,12,4,82,0,0,0,82
04/01/2023,SHV,LA,ASW,CE,Combined TRACON& Tower with Radar,24,21,9,1,55,0,3,20,2,25,24,24,29,3,80,0,0,0,80
04/02/2023,SHV,LA,ASW,CE,Combined TRACON& Tower with Radar,21,16,18,7,62,0,0,14,6,20,21,16,32,13,82,0,6,6,88
04/03/2023,SHV,LA,ASW,CE,Combined TRACON& Tower with Radar,28,16,14,0,58,0,3,7,2,12,28,19,21,2,70,2,0,2,72
04/04/2023,SHV,LA,ASW,CE,Combined TRACON& Tower with Radar,36,10,15,5,66,0,0,9,7,16,36,10,24,12,82,0,16,16,98
04/05/2023,SHV,LA,ASW,CE,Combined TRACON& Tower with Radar,32,13,13,0,58,0,0,0,0,0,32,13,13,0,58,0,0,0,58
04/06/2023,SHV,LA,ASW,CE,Combined TRACON& Tower with Radar,33,12,17,0,62,0,0,0,0,0,33,12,17,0,62,0,0,0,62
04/07/2023,SHV,LA,ASW,CE,Combined TRACON& Tower with Radar,37,11,12,2,62,0,0,0,0,0,37,11,12,2,62,0,0,0,62
04/08/2023,SHV,LA,ASW,CE,Combined TRACON& Tower with Radar,22,16,22,0,60,0,0,5,0,5,22,16,27,0,65,0,0,0,65
04/09/2023,SHV,LA,ASW,CE,Combined TRACON& Tower with Radar,23,13,13,0,49,0,0,5,0,5,23,13,18,0,54,0,0,0,54
04/10/2023,SHV,LA,ASW,CE,Combined TRACON& Tower with Radar,29,12,20,4,65,0,2,17,0,19,29,14,37,4,84,0,0,0,84
04/11/2023,SHV,LA,ASW,CE,Combined TRACON& Tower with Radar,30,15,16,6,67,0,2,17,2,21,30,17,33,8,88,0,0,0,88
04/12/2023,SHV,LA,ASW,CE,Combined TRACON& Tower with Radar,31,15,21,4,71,0,2,10,0,12,31,17,31,4,83,0,0,0,83
04/13/2023,SHV,LA,ASW,CE,Combined TRACON& Tower with Radar,35,23,24,8,90,0,4,9,0,13,35,27,33,8,103,0,0,0,103
04/14/2023,SHV,LA,ASW,CE,Combined TRACON& Tower with Radar,37,21,10,2,70,0,5,13,2,20,37,26,23,4,90,0,0,0,90
04/15/2023,SHV,LA,ASW,CE,Combined TRACON& Tower with Radar,32,20,8,0,60,0,0,2,0,2,32,20,10,0,62,0,0,0,62
04/16/2023,SHV,LA,ASW,CE,Combined TRACON& Tower with Radar,27,13,16,10,66,0,6,11,0,17,27,19,27,10,83,0,0,0,83
04/17/2023,SHV,LA,ASW,CE,Combined TRACON& Tower with Radar,30,17,24,0,71,0,2,20,0,22,30,19,44,0,93,0,0,0,93
04/18/2023,SHV,LA,ASW,CE,Combined TRACON& Tower with Radar,32,12,17,7,68,0,3,6,2,11,32,15,23,9,79,0,0,0,79
04/19/2023,SHV,LA,ASW,CE,Combined TRACON& Tower with Radar,34,22,16,0,72,0,0,4,0,4,34,22,20,0,76,0,0,0,76
04/20/2023,SHV,LA,ASW,CE,Combined TRACON& Tower with Radar,27,14,21,0,62,0,0,5,0,5,27,14,26,0,67,0,0,0,67
04/21/2023,SHV,LA,ASW,CE,Combined TRACON& Tower with Radar,37,12,16,10,75,0,1,2,0,3,37,13,18,10,78,0,0,0,78
04/22/2023,SHV,LA,ASW,CE,Combined TRACON& Tower with Radar,29,20,11,0,60,0,3,20,0,23,29,23,31,0,83,0,0,0,83
04/23/2023,SHV,LA,ASW,CE,Combined TRACON& Tower with Radar,25,22,15,0,62,0,0,3,0,3,25,22,18,0,65,0,0,0,65
04/24/2023,SHV,LA,ASW,CE,Combined TRACON& Tower with Radar,31,12,19,0,62,0,0,5,0,5,31,12,24,0,67,24,0,24,91
04/25/2023,SHV,LA,ASW,CE,Combined TRACON& Tower with Radar,34,19,26,0,79,0,1,12,0,13,34,20,38,0,92,0,0,0,92
04/26/2023,SHV,LA,ASW,CE,Combined TRACON& Tower with Radar,27,12,12,0,51,0,0,2,0,2,27,12,14,0,53,0,0,0,53
04/27/2023,SHV,LA,ASW,CE,Combined TRACON& Tower with Radar,43,17,10,2,72,0,0,8,2,10,43,17,18,4,82,0,0,0,82
04/28/2023,SHV,LA,ASW,CE,Combined TRACON& Tower with Radar,38,17,22,4,81,0,2,5,0,7,38,19,27,4,88,0,0,0,88
04/29/2023,SHV,LA,ASW,CE,Combined TRACON& Tower with Radar,29,30,10,0,69,0,2,1,0,3,29,32,11,0,72,0,0,0,72
04/30/2023,SHV,LA,ASW,CE,Combined TRACON& Tower with Radar,27,21,15,0,63,0,0,14,0,14,27,21,29,0,77,0,0,0,77
05/01/2023,SHV,LA,ASW,CE,Combined TRACON& Tower with Radar,29,17,18,0,64,0,3,19,0,22,29,20,37,0,86,4,0,4,90
05/02/2023,SHV,LA,ASW,CE,Combined TRACON& Tower with Radar,37,19,15,5,76,0,0,15,3,18,37,19,30,8,94,0,0,0,94
05/03/2023,SHV,LA,ASW,CE,Combined TRACON& Tower with Radar,33,24,14,2,73,0,0,8,2,10,33,24,22,4,83,0,0,0,83
05/04/2023,SHV,LA,ASW,CE,Combined TRACON& Tower with Radar,34,21,21,0,76,0,0,18,0,18,34,21,39,0,94,0,0,0,94
05/05/2023,SHV,LA,ASW,CE,Combined TRACON& Tower with Radar,36,22,23,0,81,0,1,3,0,4,36,23,26,0,85,0,0,0,85
05/06/2023,SHV,LA,ASW,CE,Combined TRACON& Tower with Radar,24,14,6,2,46,0,0,8,0,8,24,14,14,2,54,0,0,0,54
05/07/2023,SHV,LA,ASW,CE,Combined TRACON& Tower with Radar,21,12,11,14,58,0,2,2,3,7,21,14,13,17,65,0,0,0,65
05/08/2023,SHV,LA,ASW,CE,Combined TRACON& Tower with Radar,26,15,14,5,60,0,0,5,1,6,26,15,19,6,66,22,0,22,88
05/09/2023,SHV,LA,ASW,CE,Combined TRACON& Tower with Radar,35,13,23,0,71,0,0,14,2,16,35,13,37,2,87,8,0,8,95
05/10/2023,SHV,LA,ASW,CE,Combined TRACON& Tower with Radar,36,17,16,2,71,0,0,0,0,0,36,17,16,2,71,0,0,0,71
05/11/2023,SHV,LA,ASW,CE,Combined TRACON& Tower with Radar,34,19,17,0,70,0,0,2,0,2,34,19,19,0,72,0,0,0,72
05/12/2023,SHV,LA,ASW,CE,Combined TRACON& Tower with Radar,29,29,23,35,116,0,0,6,0,6,29,29,29,35,122,0,0,0,122
05/13/2023,SHV,LA,ASW,CE,Combined TRACON& Tower with Radar,25,25,10,10,70,0,1,3,4,8,25,26,13,14,78,0,0,0,78
05/14/2023,SHV,LA,ASW,CE,Combined TRACON& Tower with Radar,35,16,10,0,61,0,0,6,0,6,35,16,16,0,67,0,0,0,67
05/15/2023,SHV,LA,ASW,CE,Combined TRACON& Tower with Radar,32,18,17,8,75,0,0,10,0,10,32,18,27,8,85,0,0,0,85
05/16/2023,SHV,LA,ASW,CE,Combined TRACON& Tower with Radar,29,15,16,0,60,0,1,11,0,12,29,16,27,0,72,10,0,10,82
05/17/2023,SHV,LA,ASW,CE,Combined TRACON& Tower with Radar,31,21,20,9,81,0,0,9,1,10,31,21,29,10,91,24,0,24,115
05/18/2023,SHV,LA,ASW,CE,Combined TRACON& Tower with Radar,33,32,26,5,96,0,4,21,1,26,33,36,47,6,122,12,10,22,144
05/19/2023,SHV,LA,ASW,CE,Combined TRACON& Tower with Radar,41,23,18,0,82,0,1,13,0,14,41,24,31,0,96,2,0,2,98
05/20/2023,SHV,LA,ASW,CE,Combined TRACON& Tower with Radar,23,20,16,4,63,0,0,4,0,4,23,20,20,4,67,4,0,4,71
05/21/2023,SHV,LA,ASW,CE,Combined TRACON& Tower with Radar,27,24,19,1,71,0,1,12,1,14,27,25,31,2,85,6,6,12,97
05/22/2023,SHV,LA,ASW,CE,Combined TRACON& Tower with Radar,26,14,29,3,72,0,3,5,0,8,26,17,34,3,80,0,0,0,80
05/23/2023,SHV,LA,ASW,CE,Combined TRACON& Tower with Radar,41,9,18,0,68,0,0,18,3,21,41,9,36,3,89,0,0,0,89
05/24/2023,SHV,LA,ASW,CE,Combined TRACON& Tower with Radar,39,14,16,2,71,0,0,13,5,18,39,14,29,7,89,8,0,8,97
05/25/2023,SHV,LA,ASW,CE,Combined TRACON& Tower with Radar,36,26,22,0,84,0,4,12,0,16,36,30,34,0,100,6,0,6,106
05/26/2023,SHV,LA,ASW,CE,Combined TRACON& Tower with Radar,36,21,23,0,80,0,1,14,0,15,36,22,37,0,95,0,0,0,95
05/27/2023,SHV,LA,ASW,CE,Combined TRACON& Tower with Radar,28,23,9,0,60,0,1,12,0,13,28,24,21,0,73,0,0,0,73
05/28/2023,SHV,LA,ASW,CE,Combined TRACON& Tower with Radar,24,20,7,2,53,0,1,4,0,5,24,21,11,2,58,0,0,0,58
05/29/2023,SHV,LA,ASW,CE,Combined TRACON& Tower with Radar,26,14,9,0,49,0,1,14,0,15,26,15,23,0,64,6,0,6,70
05/30/2023,SHV,LA,ASW,CE,Combined TRACON& Tower with Radar,32,26,22,3,83,0,1,11,2,14,32,27,33,5,97,0,4,4,101
05/31/2023,SHV,LA,ASW,CE,Combined TRACON& Tower with Radar,33,26,9,3,71,0,2,17,1,20,33,28,26,4,91,0,0,0,91
06/01/2023,SHV,LA,ASW,CE,Combined TRACON& Tower with Radar,45,22,14,0,81,0,2,15,0,17,45,24,29,0,98,0,0,0,98
06/02/2023,SHV,LA,ASW,CE,Combined TRACON& Tower with Radar,41,19,15,9,84,0,4,17,2,23,41,23,32,11,107,0,4,4,111
06/03/2023,SHV,LA,ASW,CE,Combined TRACON& Tower with Radar,19,24,9,6,58,0,1,4,0,5,19,25,13,6,63,0,0,0,63
06/04/2023,SHV,LA,ASW,CE,Combined TRACON& Tower with Radar,26,17,13,0,56,0,0,3,0,3,26,17,16,0,59,22,0,22,81
06/05/2023,SHV,LA,ASW,CE,Combined TRACON& Tower with Radar,30,19,8,0,57,0,2,16,0,18,30,21,24,0,75,0,0,0,75
06/06/2023,SHV,LA,ASW,CE,Combined TRACON& Tower with Radar,25,17,13,0,55,0,0,7,0,7,25,17,20,0,62,0,0,0,62
06/07/2023,SHV,LA,ASW,CE,Combined TRACON& Tower with Radar,41,17,22,6,86,0,1,13,0,14,41,18,35,6,100,20,0,20,120
06/08/2023,SHV,LA,ASW,CE,Combined TRACON& Tower with Radar,47,19,20,3,89,0,1,27,0,28,47,20,47,3,117,8,0,8,125
06/09/2023,SHV,LA,ASW,CE,Combined TRACON& Tower with Radar,38,27,16,15,96,0,0,20,0,20,38,27,36,15,116,28,0,28,144
06/10/2023,SHV,LA,ASW,CE,Combined TRACON& Tower with Radar,22,20,15,0,57,0,6,13,0,19,22,26,28,0,76,0,0,0,76
06/11/2023,SHV,LA,ASW,CE,Combined TRACON& Tower with Radar,33,14,7,13,67,0,2,7,4,13,33,16,14,17,80,4,0,4,84
06/12/2023,SHV,LA,ASW,CE,Combined TRACON& Tower with Radar,41,26,12,4,83,0,1,2,0,3,41,27,14,4,86,0,0,0,86
06/13/2023,SHV,LA,ASW,CE,Combined TRACON& Tower with Radar,35,23,9,0,67,0,0,3,0,3,35,23,12,0,70,0,0,0,70
06/14/2023,SHV,LA,ASW,CE,Combined TRACON& Tower with Radar,30,23,12,8,73,0,1,5,0,6,30,24,17,8,79,0,0,0,79
06/15/2023,SHV,LA,ASW,CE,Combined TRACON& Tower with Radar,37,25,24,15,101,0,0,2,3,5,37,25,26,18,106,0,0,0,106
06/16/2023,SHV,LA,ASW,CE,Combined TRACON& Tower with Radar,41,8,11,0,60,0,0,17,0,17,41,8,28,0,77,0,0,0,77
06/17/2023,SHV,LA,ASW,CE,Combined TRACON& Tower with Radar,22,30,22,0,74,0,1,10,0,11,22,31,32,0,85,0,0,0,85
06/18/2023,SHV,LA,ASW,CE,Combined TRACON& Tower with Radar,26,17,15,0,58,0,0,10,0,10,26,17,25,0,68,0,0,0,68
06/19/2023,SHV,LA,ASW,CE,Combined TRACON& Tower with Radar,37,12,23,0,72,0,2,21,0,23,37,14,44,0,95,14,0,14,109
06/20/2023,SHV,LA,ASW,CE,Combined TRACON& Tower with Radar,32,20,14,3,69,0,1,8,1,10,32,21,22,4,79,0,0,0,79
06/21/2023,SHV,LA,ASW,CE,Combined TRACON& Tower with Radar,40,22,16,12,90,0,0,19,2,21,40,22,35,14,111,0,0,0,111
06/22/2023,SHV,LA,ASW,CE,Combined TRACON& Tower with Radar,39,23,19,3,84,0,0,9,2,11,39,23,28,5,95,0,0,0,95
06/23/2023,SHV,LA,ASW,CE,Combined TRACON& Tower with Radar,44,20,12,19,95,0,1,16,2,19,44,21,28,21,114,0,0,0,114
06/24/2023,SHV,LA,ASW,CE,Combined TRACON& Tower with Radar,26,22,12,0,60,0,0,19,0,19,26,22,31,0,79,0,0,0,79
06/25/2023,SHV,LA,ASW,CE,Combined TRACON& Tower with Radar,29,21,9,10,69,0,2,8,0,10,29,23,17,10,79,0,0,0,79
06/26/2023,SHV,LA,ASW,CE,Combined TRACON& Tower with Radar,37,17,23,0,77,0,2,6,0,8,37,19,29,0,85,25,0,25,110
06/27/2023,SHV,LA,ASW,CE,Combined TRACON& Tower with Radar,36,20,17,2,75,0,0,14,0,14,36,20,31,2,89,0,0,0,89
06/28/2023,SHV,LA,ASW,CE,Combined TRACON& Tower with Radar,31,18,16,35,100,0,2,7,5,14,31,20,23,40,114,0,0,0,114
06/29/2023,SHV,LA,ASW,CE,Combined TRACON& Tower with Radar,46,13,23,21,103,1,7,25,0,33,47,20,48,21,136,0,0,0,136
06/30/2023,SHV,LA,ASW,CE,Combined TRACON& Tower with Radar,38,20,17,3,78,0,4,23,1,28,38,24,40,4,106,0,0,0,106
07/01/2023,SHV,LA,ASW,CE,Combined TRACON& Tower with Radar,22,28,21,0,71,0,10,12,0,22,22,38,33,0,93,0,0,0,93
07/02/2023,SHV,LA,ASW,CE,Combined TRACON& Tower with Radar,25,16,2,0,43,0,0,5,0,5,25,16,7,0,48,12,0,12,60
07/03/2023,SHV,LA,ASW,CE,Combined TRACON& Tower with Radar,26,18,10,0,54,0,0,8,0,8,26,18,18,0,62,10,0,10,72
07/04/2023,SHV,LA,ASW,CE,Combined TRACON& Tower with Radar,16,14,3,0,33,0,1,11,0,12,16,15,14,0,45,0,0,0,45
07/05/2023,SHV,LA,ASW,CE,Combined TRACON& Tower with Radar,24,10,10,0,44,0,0,13,0,13,24,10,23,0,57,0,0,0,57
07/06/2023,SHV,LA,ASW,CE,Combined TRACON& Tower with Radar,34,18,12,1,65,0,0,8,1,9,34,18,20,2,74,0,0,0,74
07/07/2023,SHV,LA,ASW,CE,Combined TRACON& Tower with Radar,41,16,12,13,82,0,1,10,0,11,41,17,22,13,93,0,6,6,99
07/08/2023,SHV,LA,ASW,CE,Combined TRACON& Tower with Radar,23,12,11,2,48,0,2,9,2,13,23,14,20,4,61,4,0,4,65
07/09/2023,SHV,LA,ASW,CE,Combined TRACON& Tower with Radar,24,10,9,2,45,0,0,5,0,5,24,10,14,2,50,0,0,0,50
07/10/2023,SHV,LA,ASW,CE,Combined TRACON& Tower with Radar,34,11,11,0,56,0,2,5,0,7,34,13,16,0,63,0,0,0,63
07/11/2023,SHV,LA,ASW,CE,Combined TRACON& Tower with Radar,30,20,8,11,69,0,0,9,0,9,30,20,17,11,78,10,0,10,88
07/12/2023,SHV,LA,ASW,CE,Combined TRACON& Tower with Radar,30,20,13,9,72,0,3,10,0,13,30,23,23,9,85,38,0,38,123
07/13/2023,SHV,LA,ASW,CE,Combined TRACON& Tower with Radar,32,18,18,17,85,0,0,11,4,15,32,18,29,21,100,6,0,6,106
07/14/2023,SHV,LA,ASW,CE,Combined TRACON& Tower with Radar,38,23,23,15,99,0,2,8,1,11,38,25,31,16,110,8,0,8,118
07/15/2023,SHV,LA,ASW,CE,Combined TRACON& Tower with Radar,20,17,10,9,56,0,1,11,6,18,20,18,21,15,74,0,0,0,74
07/16/2023,SHV,LA,ASW,CE,Combined TRACON& Tower with Radar,25,17,12,0,54,0,0,2,0,2,25,17,14,0,56,0,0,0,56
07/17/2023,SHV,LA,ASW,CE,Combined TRACON& Tower with Radar,30,14,9,2,55,0,3,16,2,21,30,17,25,4,76,6,0,6,82
07/18/2023,SHV,LA,ASW,CE,Combined TRACON& Tower with Radar,32,22,13,0,67,0,0,27,0,27,32,22,40,0,94,18,0,18,112
07/19/2023,SHV,LA,ASW,CE,Combined TRACON& Tower with Radar,31,27,30,0,88,0,3,20,0,23,31,30,50,0,111,22,10,32,143
07/20/2023,SHV,LA,ASW,CE,Combined TRACON& Tower with Radar,36,24,28,11,99,0,2,31,7,40,36,26,59,18,139,0,0,0,139
07/21/2023,SHV,LA,ASW,CE,Combined TRACON& Tower with Radar,41,29,10,6,86,0,2,14,0,16,41,31,24,6,102,0,12,12,114
07/22/2023,SHV,LA,ASW,CE,Combined TRACON& Tower with Radar,21,20,9,0,50,0,1,5,0,6,21,21,14,0,56,0,0,0,56
07/23/2023,SHV,LA,ASW,CE,Combined TRACON& Tower with Radar,24,15,7,4,50,0,3,4,0,7,24,18,11,4,57,0,0,0,57
07/24/2023,SHV,LA,ASW,CE,Combined TRACON& Tower with Radar,32,20,22,0,74,0,0,11,0,11,32,20,33,0,85,4,0,4,89
07/25/2023,SHV,LA,ASW,CE,Combined TRACON& Tower with Radar,30,16,10,0,56,0,3,15,0,18,30,19,25,0,74,0,0,0,74
07/26/2023,SHV,LA,ASW,CE,Combined TRACON& Tower with Radar,31,26,16,8,81,0,0,20,0,20,31,26,36,8,101,0,0,0,101
07/27/2023,SHV,LA,ASW,CE,Combined TRACON& Tower with Radar,36,19,16,0,71,0,0,3,4,7,36,19,19,4,78,0,0,0,78
07/28/2023,SHV,LA,ASW,CE,Combined TRACON& Tower with Radar,43,16,20,0,79,0,2,11,0,13,43,18,31,0,92,0,0,0,92
07/29/2023,SHV,LA,ASW,CE,Combined TRACON& Tower with Radar,21,24,10,2,57,0,0,5,0,5,21,24,15,2,62,0,0,0,62
07/30/2023,SHV,LA,ASW,CE,Combined TRACON& Tower with Radar,32,12,10,4,58,0,4,12,0,16,32,16,22,4,74,0,0,0,74
07/31/2023,SHV,LA,ASW,CE,Combined TRACON& Tower with Radar,33,15,15,0,63,0,0,12,0,12,33,15,27,0,75,0,0,0,75
08/01/2023,SHV,LA,ASW,CE,Combined TRACON& Tower with Radar,32,21,20,0,73,0,0,15,0,15,32,21,35,0,88,0,0,0,88
08/02/2023,SHV,LA,ASW,CE,Combined TRACON& Tower with Radar,31,19,15,2,67,0,3,10,0,13,31,22,25,2,80,8,0,8,88
08/03/2023,SHV,LA,ASW,CE,Combined TRACON& Tower with Radar,47,11,14,2,74,0,0,24,0,24,47,11,38,2,98,4,0,4,102
08/04/2023,SHV,LA,ASW,CE,Combined TRACON& Tower with Radar,44,17,18,12,91,0,0,14,0,14,44,17,32,12,105,0,0,0,105
08/05/2023,SHV,LA,ASW,CE,Combined TRACON& Tower with Radar,22,23,2,1,48,0,1,7,1,9,22,24,9,2,57,0,0,0,57
08/06/2023,SHV,LA,ASW,CE,Combined TRACON& Tower with Radar,23,16,8,0,47,0,1,6,0,7,23,17,14,0,54,22,0,22,76
08/07/2023,SHV,LA,ASW,CE,Combined TRACON& Tower with Radar,32,23,19,1,75,0,0,8,0,8,32,23,27,1,83,0,0,0,83
08/08/2023,SHV,LA,ASW,CE,Combined TRACON& Tower with Radar,35,11,11,1,58,0,0,4,2,6,35,11,15,3,64,18,0,18,82
08/09/2023,SHV,LA,ASW,CE,Combined TRACON& Tower with Radar,41,17,17,5,80,0,2,10,1,13,41,19,27,6,93,6,6,12,105
08/10/2023,SHV,LA,ASW,CE,Combined TRACON& Tower with Radar,45,20,13,2,80,0,2,11,0,13,45,22,24,2,93,16,0,16,109
08/11/2023,SHV,LA,ASW,CE,Combined TRACON& Tower with Radar,38,23,14,26,101,0,0,9,0,9,38,23,23,26,110,0,0,0,110
08/12/2023,SHV,LA,ASW,CE,Combined TRACON& Tower with Radar,21,15,15,5,56,0,3,6,4,13,21,18,21,9,69,0,0,0,69
08/13/2023,SHV,LA,ASW,CE,Combined TRACON& Tower with Radar,31,13,12,0,56,0,1,6,0,7,31,14,18,0,63,0,0,0,63
08/14/2023,SHV,LA,ASW,CE,Combined TRACON& Tower with Radar,31,10,6,2,49,0,2,5,0,7,31,12,11,2,56,10,0,10,66
08/15/2023,SHV,LA,ASW,CE,Combined TRACON& Tower with Radar,34,19,12,0,65,0,1,24,0,25,34,20,36,0,90,14,0,14,104
08/16/2023,SHV,LA,ASW,CE,Combined TRACON& Tower with Radar,34,12,12,4,62,0,2,12,0,14,34,14,24,4,76,0,0,0,76
08/17/2023,SHV,LA,ASW,CE,Combined TRACON& Tower with Radar,36,15,15,0,66,0,2,12,2,16,36,17,27,2,82,10,0,10,92
08/18/2023,SHV,LA,ASW,CE,Combined TRACON& Tower with Radar,35,20,5,17,77,0,0,13,3,16,35,20,18,20,93,0,12,12,105
08/19/2023,SHV,LA,ASW,CE,Combined TRACON& Tower with Radar,31,11,13,2,57,0,1,12,0,13,31,12,25,2,70,0,0,0,70
08/20/2023,SHV,LA,ASW,CE,Combined TRACON& Tower with Radar,25,18,8,26,77,0,1,10,0,11,25,19,18,26,88,2,0,2,90
08/21/2023,SHV,LA,ASW,CE,Combined TRACON& Tower with Radar,35,16,11,0,62,0,3,11,0,14,35,19,22,0,76,0,0,0,76
08/22/2023,SHV,LA,ASW,CE,Combined TRACON& Tower with Radar,37,20,26,39,122,0,4,6,5,15,37,24,32,44,137,0,26,26,163
08/23/2023,SHV,LA,ASW,CE,Combined TRACON& Tower with Radar,32,19,9,7,67,0,1,8,2,11,32,20,17,9,78,0,0,0,78
08/24/2023,SHV,LA,ASW,CE,Combined TRACON& Tower with Radar,34,15,12,0,61,0,0,12,0,12,34,15,24,0,73,0,0,0,73
08/25/2023,SHV,LA,ASW,CE,Combined TRACON& Tower with Radar,40,15,16,8,79,0,0,7,0,7,40,15,23,8,86,0,0,0,86
08/26/2023,SHV,LA,ASW,CE,Combined TRACON& Tower with Radar,22,16,7,0,45,0,0,9,0,9,22,16,16,0,54,0,0,0,54
08/27/2023,SHV,LA,ASW,CE,Combined TRACON& Tower with Radar,26,13,13,0,52,0,1,8,0,9,26,14,21,0,61,0,0,0,61
08/28/2023,SHV,LA,ASW,CE,Combined TRACON& Tower with Radar,28,18,28,0,74,0,4,5,0,9,28,22,33,0,83,0,0,0,83
08/29/2023,SHV,LA,ASW,CE,Combined TRACON& Tower with Radar,33,13,27,6,79,0,0,6,0,6,33,13,33,6,85,0,0,0,85
08/30/2023,SHV,LA,ASW,CE,Combined TRACON& Tower with Radar,38,23,15,5,81,0,3,7,1,11,38,26,22,6,92,0,0,0,92
08/31/2023,SHV,LA,ASW,CE,Combined TRACON& Tower with Radar,39,25,13,0,77,0,4,18,0,22,39,29,31,0,99,0,0,0,99
