01/01/2020,SJC,CA,AWP,WE,Towers with Radar,400,30,21,0,451,0,0,4,0,4,400,30,25,0,455,0,0,0,455
01/02/2020,SJC,CA,AWP,WE,Towers with Radar,423,32,35,0,490,0,0,28,0,28,423,32,63,0,518,2,0,2,520
01/03/2020,SJC,CA,AWP,WE,Towers with Radar,408,33,57,0,498,0,2,18,0,20,408,35,75,0,518,0,0,0,518
01/04/2020,SJC,CA,AWP,WE,Towers with Radar,307,46,50,0,403,0,4,19,0,23,307,50,69,0,426,12,0,12,438
01/05/2020,SJC,CA,AWP,WE,Towers with Radar,395,52,50,0,497,0,1,29,0,30,395,53,79,0,527,22,0,22,549
01/06/2020,SJC,CA,AWP,WE,Towers with Radar,442,49,55,0,546,0,0,27,0,27,442,49,82,0,573,24,0,24,597
01/07/2020,SJC,CA,AWP,WE,Towers with Radar,422,55,50,0,527,0,0,23,0,23,422,55,73,0,550,4,0,4,554
01/08/2020,SJC,CA,AWP,WE,Towers with Radar,409,58,50,0,517,0,0,14,0,14,409,58,64,0,531,18,0,18,549
01/09/2020,SJC,CA,AWP,WE,Towers with Radar,424,63,80,0,567,0,0,43,2,45,424,63,123,2,612,4,0,4,616
01/10/2020,SJC,CA,AWP,WE,Towers with Radar,428,47,70,0,545,0,1,50,0,51,428,48,120,0,596,2,0,2,598
01/11/2020,SJC,CA,AWP,WE,Towers with Radar,270,47,84,0,401,0,1,31,0,32,270,48,115,0,433,6,0,6,439
01/12/2020,SJC,CA,AWP,WE,Towers with Radar,365,55,56,2,478,0,0,21,0,21,365,55,77,2,499,6,0,6,505
01/13/2020,SJC,CA,AWP,WE,Towers with Radar,420,59,61,0,540,0,0,25,0,25,420,59,86,0,565,10,0,10,575
01/14/2020,SJC,CA,AWP,WE,Towers with Radar,392,55,64,0,511,0,1,30,0,31,392,56,94,0,542,2,0,2,544
01/15/2020,SJC,CA,AWP,WE,Towers with Radar,399,69,76,1,545,0,1,20,0,21,399,70,96,1,566,0,0,0,566
01/16/2020,SJC,CA,AWP,WE,Towers with Radar,438,80,70,1,589,0,0,13,0,13,438,80,83,1,602,0,0,0,602
01/17/2020,SJC,CA,AWP,WE,Towers with Radar,419,71,92,0,582,0,0,52,0,52,419,71,144,0,634,0,0,0,634
01/18/2020,SJC,CA,AWP,WE,Towers with Radar,255,39,35,0,329,0,4,37,0,41,255,43,72,0,370,20,0,20,390
01/19/2020,SJC,CA,AWP,WE,Towers with Radar,334,84,96,0,514,0,2,54,0,56,334,86,150,0,570,0,0,0,570
01/20/2020,SJC,CA,AWP,WE,Towers with Radar,420,68,89,2,579,0,1,40,0,41,420,69,129,2,620,0,0,0,620
01/21/2020,SJC,CA,AWP,WE,Towers with Radar,409,59,60,0,528,0,0,20,0,20,409,59,80,0,548,0,0,0,548
01/22/2020,SJC,CA,AWP,WE,Towers with Radar,407,65,66,0,538,0,0,16,0,16,407,65,82,0,554,2,0,2,556
01/23/2020,SJC,CA,AWP,WE,Towers with Radar,420,58,61,0,539,0,3,31,0,34,420,61,92,0,573,2,0,2,575
01/24/2020,SJC,CA,AWP,WE,Towers with Radar,424,68,60,0,552,0,0,36,0,36,424,68,96,0,588,0,0,0,588
01/25/2020,SJC,CA,AWP,WE,Towers with Radar,263,25,27,0,315,0,1,28,0,29,263,26,55,0,344,6,0,6,350
01/26/2020,SJC,CA,AWP,WE,Towers with Radar,366,50,58,0,474,0,0,12,0,12,366,50,70,0,486,0,0,0,486
01/27/2020,SJC,CA,AWP,WE,Towers with Radar,419,92,57,0,568,0,0,23,0,23,419,92,80,0,591,8,0,8,599
01/28/2020,SJC,CA,AWP,WE,Towers with Radar,388,80,71,0,539,0,0,10,0,10,388,80,81,0,549,0,0,0,549
01/29/2020,SJC,CA,AWP,WE,Towers with Radar,401,64,64,0,529,0,0,43,0,43,401,64,107,0,572,22,0,22,594
01/30/2020,SJC,CA,AWP,WE,Towers with Radar,434,92,91,0,617,0,2,20,0,22,434,94,111,0,639,0,0,0,639
01/31/2020,SJC,CA,AWP,WE,Towers with Radar,437,62,61,0,560,0,2,53,0,55,437,64,114,0,615,0,12,12,627
02/01/2020,SJC,CA,AWP,WE,Towers with Radar,267,58,35,0,360,0,0,42,2,44,267,58,77,2,404,32,0,32,436
02/02/2020,SJC,CA,AWP,WE,Towers with Radar,336,49,24,0,409,0,0,16,0,16,336,49,40,0,425,28,0,28,453
02/03/2020,SJC,CA,AWP,WE,Towers with Radar,435,67,56,0,558,0,0,27,0,27,435,67,83,0,585,12,0,12,597
02/04/2020,SJC,CA,AWP,WE,Towers with Radar,397,59,63,0,519,0,0,37,0,37,397,59,100,0,556,18,0,18,574
02/05/2020,SJC,CA,AWP,WE,Towers with Radar,394,68,55,0,517,0,0,31,0,31,394,68,86,0,548,2,0,2,550
02/06/2020,SJC,CA,AWP,WE,Towers with Radar,421,66,72,0,559,0,2,35,0,37,421,68,107,0,596,4,0,4,600
02/07/2020,SJC,CA,AWP,WE,Towers with Radar,432,70,64,0,566,0,1,57,0,58,432,71,121,0,624,0,0,0,624
02/08/2020,SJC,CA,AWP,WE,Towers with Radar,257,31,31,0,319,0,0,21,0,21,257,31,52,0,340,20,0,20,360
02/09/2020,SJC,CA,AWP,WE,Towers with Radar,387,64,46,0,497,0,0,15,0,15,387,64,61,0,512,0,0,0,512
02/10/2020,SJC,CA,AWP,WE,Towers with Radar,414,69,61,0,544,0,0,31,0,31,414,69,92,0,575,0,0,0,575
02/11/2020,SJC,CA,AWP,WE,Towers with Radar,397,69,62,0,528,0,0,34,0,34,397,69,96,0,562,0,0,0,562
02/12/2020,SJC,CA,AWP,WE,Towers with Radar,407,82,68,0,557,0,1,39,0,40,407,83,107,0,597,14,0,14,611
02/13/2020,SJC,CA,AWP,WE,Towers with Radar,427,84,57,0,568,0,1,28,0,29,427,85,85,0,597,2,0,2,599
02/14/2020,SJC,CA,AWP,WE,Towers with Radar,431,74,66,0,571,0,2,27,0,29,431,76,93,0,600,0,0,0,600
02/15/2020,SJC,CA,AWP,WE,Towers with Radar,278,54,36,0,368,0,2,37,2,41,278,56,73,2,409,16,0,16,425
02/16/2020,SJC,CA,AWP,WE,Towers with Radar,346,47,15,0,408,0,0,26,0,26,346,47,41,0,434,4,0,4,438
02/17/2020,SJC,CA,AWP,WE,Towers with Radar,434,46,52,0,532,0,0,41,0,41,434,46,93,0,573,6,0,6,579
02/18/2020,SJC,CA,AWP,WE,Towers with Radar,402,62,60,1,525,0,0,35,1,36,402,62,95,2,561,0,0,0,561
02/19/2020,SJC,CA,AWP,WE,Towers with Radar,406,68,55,1,530,0,0,43,0,43,406,68,98,1,573,16,0,16,589
02/20/2020,SJC,CA,AWP,WE,Towers with Radar,428,68,53,0,549,0,2,43,0,45,428,70,96,0,594,6,0,6,600
02/21/2020,SJC,CA,AWP,WE,Towers with Radar,427,67,50,0,544,0,3,30,0,33,427,70,80,0,577,8,0,8,585
02/22/2020,SJC,CA,AWP,WE,Towers with Radar,278,63,23,0,364,0,4,31,0,35,278,67,54,0,399,6,0,6,405
02/23/2020,SJC,CA,AWP,WE,Towers with Radar,371,79,62,0,512,0,1,20,0,21,371,80,82,0,533,0,0,0,533
02/24/2020,SJC,CA,AWP,WE,Towers with Radar,423,59,57,0,539,0,1,17,0,18,423,60,74,0,557,0,0,0,557
02/25/2020,SJC,CA,AWP,WE,Towers with Radar,402,65,42,0,509,0,3,26,0,29,402,68,68,0,538,12,0,12,550
02/26/2020,SJC,CA,AWP,WE,Towers with Radar,416,73,58,0,547,0,0,50,0,50,416,73,108,0,597,0,0,0,597
02/27/2020,SJC,CA,AWP,WE,Towers with Radar,426,82,65,2,575,0,2,32,0,34,426,84,97,2,609,6,0,6,615
02/28/2020,SJC,CA,AWP,WE,Towers with Radar,429,69,73,0,571,0,2,47,0,49,429,71,120,0,620,0,0,0,620
02/29/2020,SJC,CA,AWP,WE,Towers with Radar,274,47,28,0,349,0,1,18,2,21,274,48,46,2,370,0,0,0,370
03/01/2020,SJC,CA,AWP,WE,Towers with Radar,364,77,53,0,494,0,3,20,0,23,364,80,73,0,517,0,0,0,517
03/02/2020,SJC,CA,AWP,WE,Towers with Radar,426,61,54,0,541,0,2,35,0,37,426,63,89,0,578,6,0,6,584
03/03/2020,SJC,CA,AWP,WE,Towers with Radar,405,71,57,0,533,0,0,41,0,41,405,71,98,0,574,0,0,0,574
03/04/2020,SJC,CA,AWP,WE,Towers with Radar,406,72,73,0,551,0,3,49,0,52,406,75,122,0,603,10,0,10,613
03/05/2020,SJC,CA,AWP,WE,Towers with Radar,427,77,78,0,582,0,6,65,1,72,427,83,143,1,654,0,0,0,654
03/06/2020,SJC,CA,AWP,WE,Towers with Radar,426,58,65,0,549,0,0,33,0,33,426,58,98,0,582,0,0,0,582
03/07/2020,SJC,CA,AWP,WE,Towers with Radar,279,40,29,0,348,0,0,4,0,4,279,40,33,0,352,0,0,0,352
03/08/2020,SJC,CA,AWP,WE,Towers with Radar,359,53,43,0,455,0,0,23,0,23,359,53,66,0,478,68,0,68,546
03/09/2020,SJC,CA,AWP,WE,Towers with Radar,422,66,42,0,530,0,0,30,0,30,422,66,72,0,560,10,0,10,570
03/10/2020,SJC,CA,AWP,WE,Towers with Radar,399,57,30,0,486,0,0,27,0,27,399,57,57,0,513,8,0,8,521
03/11/2020,SJC,CA,AWP,WE,Towers with Radar,391,76,35,0,502,0,6,37,0,43,391,82,72,0,545,4,0,4,549
03/12/2020,SJC,CA,AWP,WE,Towers with Radar,429,51,64,0,544,0,1,41,0,42,429,52,105,0,586,12,0,12,598
03/13/2020,SJC,CA,AWP,WE,Towers with Radar,409,35,41,0,485,0,0,25,0,25,409,35,66,0,510,4,0,4,514
03/14/2020,SJC,CA,AWP,WE,Towers with Radar,279,33,25,0,337,0,0,0,0,0,279,33,25,0,337,0,0,0,337
03/15/2020,SJC,CA,AWP,WE,Towers with Radar,347,41,23,0,411,0,0,10,0,10,347,41,33,0,421,0,0,0,421
03/16/2020,SJC,CA,AWP,WE,Towers with Radar,410,55,32,0,497,0,0,15,0,15,410,55,47,0,512,0,0,0,512
03/17/2020,SJC,CA,AWP,WE,Towers with Radar,369,19,29,0,417,0,0,6,0,6,369,19,35,0,423,0,0,0,423
03/18/2020,SJC,CA,AWP,WE,Towers with Radar,360,26,14,0,400,0,0,9,0,9,360,26,23,0,409,0,0,0,409
03/19/2020,SJC,CA,AWP,WE,Towers with Radar,349,14,10,0,373,0,2,17,2,21,349,16,27,2,394,0,0,0,394
03/20/2020,SJC,CA,AWP,WE,Towers with Radar,356,12,21,0,389,0,0,35,0,35,356,12,56,0,424,22,0,22,446
03/21/2020,SJC,CA,AWP,WE,Towers with Radar,254,14,6,0,274,0,0,9,0,9,254,14,15,0,283,20,0,20,303
03/22/2020,SJC,CA,AWP,WE,Towers with Radar,248,9,4,0,261,0,0,3,0,3,248,9,7,0,264,8,0,8,272
03/23/2020,SJC,CA,AWP,WE,Towers with Radar,284,9,4,0,297,0,0,2,0,2,284,9,6,0,299,0,0,0,299
03/24/2020,SJC,CA,AWP,WE,Towers with Radar,281,12,11,0,304,0,1,1,0,2,281,13,12,0,306,0,0,0,306
03/25/2020,SJC,CA,AWP,WE,Towers with Radar,254,9,6,0,269,0,0,4,0,4,254,9,10,0,273,0,0,0,273
03/26/2020,SJC,CA,AWP,WE,Towers with Radar,271,23,6,0,300,0,0,30,0,30,271,23,36,0,330,6,0,6,336
03/27/2020,SJC,CA,AWP,WE,Towers with Radar,206,21,9,0,236,0,0,15,0,15,206,21,24,0,251,0,0,0,251
03/28/2020,SJC,CA,AWP,WE,Towers with Radar,158,19,5,0,182,0,0,0,0,0,158,19,5,0,182,2,0,2,184
03/29/2020,SJC,CA,AWP,WE,Towers with Radar,192,10,2,0,204,0,2,12,0,14,192,12,14,0,218,0,0,0,218
03/30/2020,SJC,CA,AWP,WE,Towers with Radar,203,14,9,0,226,0,2,21,0,23,203,16,30,0,249,0,0,0,249
03/31/2020,SJC,CA,AWP,WE,Towers with Radar,177,14,4,0,195,0,0,19,0,19,177,14,23,0,214,8,0,8,222
04/01/2020,SJC,CA,AWP,WE,Towers with Radar,167,24,9,0,200,0,0,21,0,21,167,24,30,0,221,10,0,10,231
04/02/2020,SJC,CA,AWP,WE,Towers with Radar,150,20,4,0,174,0,0,24,0,24,150,20,28,0,198,18,0,18,216
04/03/2020,SJC,CA,AWP,WE,Towers with Radar,137,22,6,0,165,0,0,34,0,34,137,22,40,0,199,0,0,0,199
04/04/2020,SJC,CA,AWP,WE,Towers with Radar,87,19,2,0,108,0,0,3,0,3,87,19,5,0,111,0,0,0,111
04/05/2020,SJC,CA,AWP,WE,Towers with Radar,105,13,6,0,124,0,0,12,0,12,105,13,18,0,136,0,0,0,136
04/06/2020,SJC,CA,AWP,WE,Towers with Radar,109,18,2,0,129,0,1,5,0,6,109,19,7,0,135,0,0,0,135
04/07/2020,SJC,CA,AWP,WE,Towers with Radar,115,12,5,0,132,0,4,14,0,18,115,16,19,0,150,18,0,18,168
04/08/2020,SJC,CA,AWP,WE,Towers with Radar,112,11,8,4,135,0,2,20,0,22,112,13,28,4,157,6,4,10,167
04/09/2020,SJC,CA,AWP,WE,Towers with Radar,115,18,13,0,146,0,0,9,0,9,115,18,22,0,155,8,0,8,163
04/10/2020,SJC,CA,AWP,WE,Towers with Radar,111,15,17,0,143,0,0,18,0,18,111,15,35,0,161,22,0,22,183
04/11/2020,SJC,CA,AWP,WE,Towers with Radar,75,17,9,1,102,0,1,18,0,19,75,18,27,1,121,4,0,4,125
04/12/2020,SJC,CA,AWP,WE,Towers with Radar,94,11,14,0,119,0,0,14,0,14,94,11,28,0,133,36,0,36,169
04/13/2020,SJC,CA,AWP,WE,Towers with Radar,112,23,6,0,141,0,0,20,0,20,112,23,26,0,161,19,0,19,180
04/14/2020,SJC,CA,AWP,WE,Towers with Radar,106,19,9,0,134,0,0,29,0,29,106,19,38,0,163,10,0,10,173
04/15/2020,SJC,CA,AWP,WE,Towers with Radar,96,14,16,0,126,0,3,42,0,45,96,17,58,0,171,18,0,18,189
04/16/2020,SJC,CA,AWP,WE,Towers with Radar,97,23,4,0,124,0,0,13,0,13,97,23,17,0,137,10,0,10,147
04/17/2020,SJC,CA,AWP,WE,Towers with Radar,105,13,12,0,130,0,2,18,0,20,105,15,30,0,150,12,0,12,162
04/18/2020,SJC,CA,AWP,WE,Towers with Radar,69,14,5,0,88,0,0,23,0,23,69,14,28,0,111,4,0,4,115
04/19/2020,SJC,CA,AWP,WE,Towers with Radar,81,21,8,0,110,0,1,17,0,18,81,22,25,0,128,4,0,4,132
04/20/2020,SJC,CA,AWP,WE,Towers with Radar,96,17,7,0,120,0,0,5,0,5,96,17,12,0,125,0,0,0,125
04/21/2020,SJC,CA,AWP,WE,Towers with Radar,91,15,3,0,109,0,3,13,0,16,91,18,16,0,125,4,0,4,129
04/22/2020,SJC,CA,AWP,WE,Towers with Radar,81,12,18,0,111,0,0,20,0,20,81,12,38,0,131,24,0,24,155
04/23/2020,SJC,CA,AWP,WE,Towers with Radar,101,18,5,0,124,0,1,27,0,28,101,19,32,0,152,18,0,18,170
04/24/2020,SJC,CA,AWP,WE,Towers with Radar,92,15,9,0,116,0,1,26,0,27,92,16,35,0,143,34,0,34,177
04/25/2020,SJC,CA,AWP,WE,Towers with Radar,67,2,9,0,78,0,0,21,0,21,67,2,30,0,99,0,0,0,99
04/26/2020,SJC,CA,AWP,WE,Towers with Radar,82,7,11,0,100,0,1,31,0,32,82,8,42,0,132,18,0,18,150
04/27/2020,SJC,CA,AWP,WE,Towers with Radar,90,19,11,1,121,0,0,27,1,28,90,19,38,2,149,0,0,0,149
04/28/2020,SJC,CA,AWP,WE,Towers with Radar,93,23,9,0,125,0,0,29,0,29,93,23,38,0,154,8,0,8,162
04/29/2020,SJC,CA,AWP,WE,Towers with Radar,81,17,32,0,130,0,0,19,0,19,81,17,51,0,149,20,0,20,169
04/30/2020,SJC,CA,AWP,WE,Towers with Radar,85,23,16,2,126,0,6,20,1,27,85,29,36,3,153,22,0,22,175
05/01/2020,SJC,CA,AWP,WE,Towers with Radar,92,23,11,0,126,0,0,31,0,31,92,23,42,0,157,0,0,0,157
05/02/2020,SJC,CA,AWP,WE,Towers with Radar,67,6,7,1,81,0,2,19,1,22,67,8,26,2,103,4,0,4,107
05/03/2020,SJC,CA,AWP,WE,Towers with Radar,81,13,9,0,103,0,0,31,0,31,81,13,40,0,134,8,0,8,142
05/04/2020,SJC,CA,AWP,WE,Towers with Radar,90,19,5,0,114,0,0,29,0,29,90,19,34,0,143,0,0,0,143
05/05/2020,SJC,CA,AWP,WE,Towers with Radar,71,25,1,3,100,0,0,28,7,35,71,25,29,10,135,0,12,12,147
05/06/2020,SJC,CA,AWP,WE,Towers with Radar,82,19,14,0,115,0,0,41,2,43,82,19,55,2,158,0,0,0,158
05/07/2020,SJC,CA,AWP,WE,Towers with Radar,84,14,11,0,109,0,5,33,0,38,84,19,44,0,147,18,0,18,165
05/08/2020,SJC,CA,AWP,WE,Towers with Radar,81,29,14,0,124,0,2,32,0,34,81,31,46,0,158,22,0,22,180
05/09/2020,SJC,CA,AWP,WE,Towers with Radar,76,21,18,0,115,0,0,37,0,37,76,21,55,0,152,20,0,20,172
05/10/2020,SJC,CA,AWP,WE,Towers with Radar,84,22,15,0,121,0,2,26,0,28,84,24,41,0,149,14,4,18,167
05/11/2020,SJC,CA,AWP,WE,Towers with Radar,87,23,7,0,117,0,0,12,0,12,87,23,19,0,129,2,0,2,131
05/12/2020,SJC,CA,AWP,WE,Towers with Radar,82,12,17,1,112,0,2,23,1,26,82,14,40,2,138,68,2,70,208
05/13/2020,SJC,CA,AWP,WE,Towers with Radar,88,20,19,0,127,0,1,23,1,25,88,21,42,1,152,50,4,54,206
05/14/2020,SJC,CA,AWP,WE,Towers with Radar,89,28,18,0,135,0,0,20,0,20,89,28,38,0,155,4,0,4,159
05/15/2020,SJC,CA,AWP,WE,Towers with Radar,88,21,20,2,131,0,3,39,0,42,88,24,59,2,173,0,0,0,173
05/16/2020,SJC,CA,AWP,WE,Towers with Radar,79,16,20,0,115,0,1,42,0,43,79,17,62,0,158,2,0,2,160
05/17/2020,SJC,CA,AWP,WE,Towers with Radar,88,23,17,0,128,0,2,6,0,8,88,25,23,0,136,0,0,0,136
05/18/2020,SJC,CA,AWP,WE,Towers with Radar,92,34,17,0,143,0,1,8,0,9,92,35,25,0,152,0,0,0,152
05/19/2020,SJC,CA,AWP,WE,Towers with Radar,82,21,23,0,126,0,2,27,0,29,82,23,50,0,155,12,0,12,167
05/20/2020,SJC,CA,AWP,WE,Towers with Radar,89,26,19,0,134,0,2,28,0,30,89,28,47,0,164,8,0,8,172
05/21/2020,SJC,CA,AWP,WE,Towers with Radar,95,35,19,0,149,0,0,40,0,40,95,35,59,0,189,46,0,46,235
05/22/2020,SJC,CA,AWP,WE,Towers with Radar,98,27,21,0,146,0,0,53,0,53,98,27,74,0,199,34,0,34,233
05/23/2020,SJC,CA,AWP,WE,Towers with Radar,81,17,17,0,115,0,0,36,0,36,81,17,53,0,151,6,0,6,157
05/24/2020,SJC,CA,AWP,WE,Towers with Radar,83,17,16,0,116,0,4,27,0,31,83,21,43,0,147,8,0,8,155
05/25/2020,SJC,CA,AWP,WE,Towers with Radar,86,21,13,0,120,0,0,36,3,39,86,21,49,3,159,0,0,0,159
05/26/2020,SJC,CA,AWP,WE,Towers with Radar,89,22,11,2,124,0,0,52,0,52,89,22,63,2,176,16,0,16,192
05/27/2020,SJC,CA,AWP,WE,Towers with Radar,89,21,19,0,129,0,0,30,0,30,89,21,49,0,159,0,0,0,159
05/28/2020,SJC,CA,AWP,WE,Towers with Radar,90,28,14,2,134,0,2,41,0,43,90,30,55,2,177,48,0,48,225
05/29/2020,SJC,CA,AWP,WE,Towers with Radar,88,34,21,0,143,0,1,44,0,45,88,35,65,0,188,8,0,8,196
05/30/2020,SJC,CA,AWP,WE,Towers with Radar,78,16,9,0,103,0,2,6,0,8,78,18,15,0,111,6,0,6,117
05/31/2020,SJC,CA,AWP,WE,Towers with Radar,91,22,19,0,132,0,0,21,0,21,91,22,40,0,153,10,0,10,163
06/01/2020,SJC,CA,AWP,WE,Towers with Radar,93,35,27,2,157,0,1,30,0,31,93,36,57,2,188,4,0,4,192
06/02/2020,SJC,CA,AWP,WE,Towers with Radar,96,28,10,2,136,0,0,39,0,39,96,28,49,2,175,42,0,42,217
06/03/2020,SJC,CA,AWP,WE,Towers with Radar,100,30,14,0,144,0,1,42,0,43,100,31,56,0,187,6,0,6,193
06/04/2020,SJC,CA,AWP,WE,Towers with Radar,100,40,28,0,168,0,8,37,2,47,100,48,65,2,215,16,0,16,231
06/05/2020,SJC,CA,AWP,WE,Towers with Radar,98,25,25,0,148,0,0,32,0,32,98,25,57,0,180,0,0,0,180
06/06/2020,SJC,CA,AWP,WE,Towers with Radar,92,26,26,0,144,0,2,31,0,33,92,28,57,0,177,18,0,18,195
06/07/2020,SJC,CA,AWP,WE,Towers with Radar,127,30,15,0,172,0,0,26,0,26,127,30,41,0,198,16,0,16,214
06/08/2020,SJC,CA,AWP,WE,Towers with Radar,135,32,21,0,188,0,0,18,0,18,135,32,39,0,206,20,0,20,226
06/09/2020,SJC,CA,AWP,WE,Towers with Radar,128,35,34,2,199,0,3,44,0,47,128,38,78,2,246,55,0,55,301
06/10/2020,SJC,CA,AWP,WE,Towers with Radar,131,39,35,0,205,0,1,44,0,45,131,40,79,0,250,8,0,8,258
06/11/2020,SJC,CA,AWP,WE,Towers with Radar,142,33,30,0,205,0,2,25,0,27,142,35,55,0,232,20,0,20,252
06/12/2020,SJC,CA,AWP,WE,Towers with Radar,144,48,29,0,221,0,2,31,0,33,144,50,60,0,254,0,0,0,254
06/13/2020,SJC,CA,AWP,WE,Towers with Radar,130,40,21,0,191,0,1,34,1,36,130,41,55,1,227,0,0,0,227
06/14/2020,SJC,CA,AWP,WE,Towers with Radar,138,36,27,0,201,0,2,35,0,37,138,38,62,0,238,2,0,2,240
06/15/2020,SJC,CA,AWP,WE,Towers with Radar,148,42,35,0,225,0,1,28,0,29,148,43,63,0,254,0,0,0,254
06/16/2020,SJC,CA,AWP,WE,Towers with Radar,142,28,14,0,184,0,0,24,0,24,142,28,38,0,208,0,0,0,208
06/17/2020,SJC,CA,AWP,WE,Towers with Radar,143,46,26,0,215,0,0,41,1,42,143,46,67,1,257,4,0,4,261
06/18/2020,SJC,CA,AWP,WE,Towers with Radar,153,40,22,0,215,0,0,38,0,38,153,40,60,0,253,2,0,2,255
06/19/2020,SJC,CA,AWP,WE,Towers with Radar,153,52,34,1,240,0,1,50,1,52,153,53,84,2,292,44,2,46,338
06/20/2020,SJC,CA,AWP,WE,Towers with Radar,141,44,18,0,203,0,0,33,2,35,141,44,51,2,238,30,0,30,268
06/21/2020,SJC,CA,AWP,WE,Towers with Radar,141,38,26,0,205,0,0,43,0,43,141,38,69,0,248,40,0,40,288
06/22/2020,SJC,CA,AWP,WE,Towers with Radar,156,36,37,0,229,0,1,27,0,28,156,37,64,0,257,26,0,26,283
06/23/2020,SJC,CA,AWP,WE,Towers with Radar,146,30,24,0,200,0,1,27,0,28,146,31,51,0,228,6,0,6,234
06/24/2020,SJC,CA,AWP,WE,Towers with Radar,147,51,28,0,226,0,1,41,2,44,147,52,69,2,270,30,0,30,300
06/25/2020,SJC,CA,AWP,WE,Towers with Radar,154,48,35,3,240,0,4,50,0,54,154,52,85,3,294,42,0,42,336
06/26/2020,SJC,CA,AWP,WE,Towers with Radar,154,49,38,0,241,0,7,55,0,62,154,56,93,0,303,12,0,12,315
06/27/2020,SJC,CA,AWP,WE,Towers with Radar,143,49,32,0,224,0,0,43,0,43,143,49,75,0,267,12,0,12,279
06/28/2020,SJC,CA,AWP,WE,Towers with Radar,167,59,36,0,262,0,5,34,0,39,167,64,70,0,301,26,0,26,327
06/29/2020,SJC,CA,AWP,WE,Towers with Radar,173,53,24,0,250,0,1,31,0,32,173,54,55,0,282,0,0,0,282
06/30/2020,SJC,CA,AWP,WE,Towers with Radar,171,44,30,0,245,0,0,45,0,45,171,44,75,0,290,54,0,54,344
07/01/2020,SJC,CA,AWP,WE,Towers with Radar,171,45,35,0,251,0,2,25,0,27,171,47,60,0,278,0,0,0,278
07/02/2020,SJC,CA,AWP,WE,Towers with Radar,182,52,34,0,268,0,0,47,0,47,182,52,81,0,315,0,0,0,315
07/03/2020,SJC,CA,AWP,WE,Towers with Radar,177,43,22,0,242,0,1,44,0,45,177,44,66,0,287,14,0,14,301
07/04/2020,SJC,CA,AWP,WE,Towers with Radar,140,17,10,2,169,0,6,31,0,37,140,23,41,2,206,0,0,0,206
07/05/2020,SJC,CA,AWP,WE,Towers with Radar,183,61,38,0,282,0,0,27,0,27,183,61,65,0,309,6,0,6,315
07/06/2020,SJC,CA,AWP,WE,Towers with Radar,183,43,36,0,262,0,1,39,0,40,183,44,75,0,302,0,0,0,302
07/07/2020,SJC,CA,AWP,WE,Towers with Radar,185,42,33,0,260,0,2,40,0,42,185,44,73,0,302,42,0,42,344
07/08/2020,SJC,CA,AWP,WE,Towers with Radar,190,36,23,0,249,0,2,42,0,44,190,38,65,0,293,44,0,44,337
07/09/2020,SJC,CA,AWP,WE,Towers with Radar,197,40,24,0,261,0,1,35,0,36,197,41,59,0,297,34,0,34,331
07/10/2020,SJC,CA,AWP,WE,Towers with Radar,193,41,23,0,257,0,0,44,0,44,193,41,67,0,301,30,0,30,331
07/11/2020,SJC,CA,AWP,WE,Towers with Radar,179,37,20,0,236,0,1,24,0,25,179,38,44,0,261,18,0,18,279
07/12/2020,SJC,CA,AWP,WE,Towers with Radar,186,66,30,0,282,0,1,37,0,38,186,67,67,0,320,0,0,0,320
07/13/2020,SJC,CA,AWP,WE,Towers with Radar,195,44,17,0,256,0,0,31,0,31,195,44,48,0,287,46,0,46,333
07/14/2020,SJC,CA,AWP,WE,Towers with Radar,185,40,24,0,249,0,5,23,0,28,185,45,47,0,277,14,0,14,291
07/15/2020,SJC,CA,AWP,WE,Towers with Radar,190,39,37,0,266,0,1,48,0,49,190,40,85,0,315,46,0,46,361
07/16/2020,SJC,CA,AWP,WE,Towers with Radar,204,44,27,0,275,0,1,28,0,29,204,45,55,0,304,34,0,34,338
07/17/2020,SJC,CA,AWP,WE,Towers with Radar,197,47,33,0,277,0,0,25,0,25,197,47,58,0,302,26,0,26,328
07/18/2020,SJC,CA,AWP,WE,Towers with Radar,185,51,39,0,275,0,0,32,0,32,185,51,71,0,307,4,0,4,311
07/19/2020,SJC,CA,AWP,WE,Towers with Radar,195,47,44,0,286,0,2,16,0,18,195,49,60,0,304,32,0,32,336
07/20/2020,SJC,CA,AWP,WE,Towers with Radar,196,31,27,0,254,0,1,19,0,20,196,32,46,0,274,22,0,22,296
07/21/2020,SJC,CA,AWP,WE,Towers with Radar,185,30,20,0,235,0,0,15,0,15,185,30,35,0,250,4,0,4,254
07/22/2020,SJC,CA,AWP,WE,Towers with Radar,190,29,23,0,242,0,1,28,0,29,190,30,51,0,271,0,0,0,271
07/23/2020,SJC,CA,AWP,WE,Towers with Radar,197,37,27,0,261,0,2,40,0,42,197,39,67,0,303,0,0,0,303
07/24/2020,SJC,CA,AWP,WE,Towers with Radar,195,48,29,0,272,0,1,34,0,35,195,49,63,0,307,0,0,0,307
07/25/2020,SJC,CA,AWP,WE,Towers with Radar,182,38,20,0,240,0,0,26,0,26,182,38,46,0,266,12,0,12,278
07/26/2020,SJC,CA,AWP,WE,Towers with Radar,192,42,36,0,270,0,1,36,0,37,192,43,72,0,307,0,0,0,307
07/27/2020,SJC,CA,AWP,WE,Towers with Radar,195,27,9,0,231,0,0,21,0,21,195,27,30,0,252,2,0,2,254
07/28/2020,SJC,CA,AWP,WE,Towers with Radar,187,35,25,0,247,0,2,33,1,36,187,37,58,1,283,18,0,18,301
07/29/2020,SJC,CA,AWP,WE,Towers with Radar,185,34,33,0,252,0,1,30,0,31,185,35,63,0,283,10,0,10,293
07/30/2020,SJC,CA,AWP,WE,Towers with Radar,196,44,43,0,283,0,1,33,0,34,196,45,76,0,317,0,0,0,317
07/31/2020,SJC,CA,AWP,WE,Towers with Radar,192,36,34,0,262,0,0,42,0,42,192,36,76,0,304,46,0,46,350
08/01/2020,SJC,CA,AWP,WE,Towers with Radar,176,44,22,0,242,0,3,32,0,35,176,47,54,0,277,10,0,10,287
08/02/2020,SJC,CA,AWP,WE,Towers with Radar,194,41,20,0,255,0,0,38,0,38,194,41,58,0,293,8,0,8,301
08/03/2020,SJC,CA,AWP,WE,Towers with Radar,198,38,22,0,258,0,5,21,0,26,198,43,43,0,284,0,0,0,284
08/04/2020,SJC,CA,AWP,WE,Towers with Radar,187,43,27,0,257,0,2,24,0,26,187,45,51,0,283,14,0,14,297
08/05/2020,SJC,CA,AWP,WE,Towers with Radar,189,47,48,0,284,0,0,17,0,17,189,47,65,0,301,0,0,0,301
08/06/2020,SJC,CA,AWP,WE,Towers with Radar,195,48,43,0,286,0,0,34,1,35,195,48,77,1,321,58,0,58,379
08/07/2020,SJC,CA,AWP,WE,Towers with Radar,197,49,34,0,280,0,5,53,0,58,197,54,87,0,338,26,0,26,364
08/08/2020,SJC,CA,AWP,WE,Towers with Radar,179,40,20,0,239,0,0,30,0,30,179,40,50,0,269,86,0,86,355
08/09/2020,SJC,CA,AWP,WE,Towers with Radar,189,50,26,0,265,0,0,31,0,31,189,50,57,0,296,54,0,54,350
08/10/2020,SJC,CA,AWP,WE,Towers with Radar,193,44,30,0,267,0,2,22,0,24,193,46,52,0,291,16,0,16,307
08/11/2020,SJC,CA,AWP,WE,Towers with Radar,175,40,12,2,229,0,0,39,0,39,175,40,51,2,268,14,0,14,282
08/12/2020,SJC,CA,AWP,WE,Towers with Radar,169,50,35,0,254,0,5,45,1,51,169,55,80,1,305,0,0,0,305
08/13/2020,SJC,CA,AWP,WE,Towers with Radar,171,52,32,0,255,0,1,41,0,42,171,53,73,0,297,8,0,8,305
08/14/2020,SJC,CA,AWP,WE,Towers with Radar,176,48,33,0,257,0,4,42,0,46,176,52,75,0,303,0,0,0,303
08/15/2020,SJC,CA,AWP,WE,Towers with Radar,170,48,17,0,235,0,0,44,0,44,170,48,61,0,279,12,0,12,291
08/16/2020,SJC,CA,AWP,WE,Towers with Radar,164,62,30,0,256,0,0,19,1,20,164,62,49,1,276,42,0,42,318
08/17/2020,SJC,CA,AWP,WE,Towers with Radar,164,30,31,0,225,0,1,25,0,26,164,31,56,0,251,66,0,66,317
08/18/2020,SJC,CA,AWP,WE,Towers with Radar,155,39,30,0,224,0,3,37,1,41,155,42,67,1,265,8,0,8,273
08/19/2020,SJC,CA,AWP,WE,Towers with Radar,157,52,27,0,236,0,1,7,0,8,157,53,34,0,244,4,0,4,248
08/20/2020,SJC,CA,AWP,WE,Towers with Radar,167,57,32,0,256,0,2,28,3,33,167,59,60,3,289,18,0,18,307
08/21/2020,SJC,CA,AWP,WE,Towers with Radar,169,45,36,0,250,0,2,25,0,27,169,47,61,0,277,22,0,22,299
08/22/2020,SJC,CA,AWP,WE,Towers with Radar,163,53,23,1,240,0,1,12,0,13,163,54,35,1,253,0,0,0,253
08/23/2020,SJC,CA,AWP,WE,Towers with Radar,160,42,45,2,249,0,1,4,2,7,160,43,49,4,256,0,0,0,256
08/24/2020,SJC,CA,AWP,WE,Towers with Radar,167,38,37,0,242,0,0,11,0,11,167,38,48,0,253,0,0,0,253
08/25/2020,SJC,CA,AWP,WE,Towers with Radar,163,33,36,3,235,0,0,10,1,11,163,33,46,4,246,18,0,18,264
08/26/2020,SJC,CA,AWP,WE,Towers with Radar,164,51,20,0,235,0,3,30,0,33,164,54,50,0,268,12,0,12,280
08/27/2020,SJC,CA,AWP,WE,Towers with Radar,171,36,49,0,256,0,1,35,1,37,171,37,84,1,293,64,0,64,357
08/28/2020,SJC,CA,AWP,WE,Towers with Radar,166,57,38,2,263,0,3,28,1,32,166,60,66,3,295,8,0,8,303
08/29/2020,SJC,CA,AWP,WE,Towers with Radar,164,39,18,0,221,0,1,14,2,17,164,40,32,2,238,28,0,28,266
08/30/2020,SJC,CA,AWP,WE,Towers with Radar,160,52,34,0,246,0,2,16,0,18,160,54,50,0,264,46,0,46,310
08/31/2020,SJC,CA,AWP,WE,Towers with Radar,165,39,32,0,236,0,0,16,0,16,165,39,48,0,252,0,0,0,252
09/01/2020,SJC,CA,AWP,WE,Towers with Radar,168,43,22,4,237,0,1,25,0,26,168,44,47,4,263,0,0,0,263
09/02/2020,SJC,CA,AWP,WE,Towers with Radar,170,45,42,2,259,0,0,23,0,23,170,45,65,2,282,0,0,0,282
09/03/2020,SJC,CA,AWP,WE,Towers with Radar,171,51,38,0,260,0,0,47,0,47,171,51,85,0,307,22,0,22,329
09/04/2020,SJC,CA,AWP,WE,Towers with Radar,174,45,32,0,251,0,2,34,3,39,174,47,66,3,290,0,0,0,290
09/05/2020,SJC,CA,AWP,WE,Towers with Radar,167,25,17,0,209,0,3,30,1,34,167,28,47,1,243,0,0,0,243
09/06/2020,SJC,CA,AWP,WE,Towers with Radar,132,28,16,0,176,0,1,18,1,20,132,29,34,1,196,8,0,8,204
09/07/2020,SJC,CA,AWP,WE,Towers with Radar,142,67,39,0,248,0,0,22,0,22,142,67,61,0,270,0,0,0,270
09/08/2020,SJC,CA,AWP,WE,Towers with Radar,136,43,23,0,202,0,0,11,0,11,136,43,34,0,213,10,0,10,223
09/09/2020,SJC,CA,AWP,WE,Towers with Radar,139,48,27,0,214,0,0,8,0,8,139,48,35,0,222,8,0,8,230
09/10/2020,SJC,CA,AWP,WE,Towers with Radar,145,54,42,0,241,0,0,3,0,3,145,54,45,0,244,0,0,0,244
09/11/2020,SJC,CA,AWP,WE,Towers with Radar,146,77,56,0,279,0,0,0,0,0,146,77,56,0,279,0,0,0,279
09/12/2020,SJC,CA,AWP,WE,Towers with Radar,139,55,47,0,241,0,0,1,0,1,139,55,48,0,242,0,0,0,242
09/13/2020,SJC,CA,AWP,WE,Towers with Radar,145,63,42,0,250,0,0,4,0,4,145,63,46,0,254,0,0,0,254
09/14/2020,SJC,CA,AWP,WE,Towers with Radar,137,48,20,0,205,0,0,0,0,0,137,48,20,0,205,0,0,0,205
09/15/2020,SJC,CA,AWP,WE,Towers with Radar,133,54,40,0,227,0,0,10,1,11,133,54,50,1,238,18,0,18,256
09/16/2020,SJC,CA,AWP,WE,Towers with Radar,144,42,35,0,221,0,0,18,0,18,144,42,53,0,239,0,0,0,239
09/17/2020,SJC,CA,AWP,WE,Towers with Radar,142,50,36,0,228,0,2,30,1,33,142,52,66,1,261,32,0,32,293
09/18/2020,SJC,CA,AWP,WE,Towers with Radar,144,41,24,0,209,0,1,47,0,48,144,42,71,0,257,54,0,54,311
09/19/2020,SJC,CA,AWP,WE,Towers with Radar,139,46,19,0,204,0,5,42,6,53,139,51,61,6,257,30,0,30,287
09/20/2020,SJC,CA,AWP,WE,Towers with Radar,136,43,33,0,212,0,0,33,0,33,136,43,66,0,245,14,0,14,259
09/21/2020,SJC,CA,AWP,WE,Towers with Radar,141,39,31,1,212,0,0,19,2,21,141,39,50,3,233,0,0,0,233
09/22/2020,SJC,CA,AWP,WE,Towers with Radar,140,40,31,1,212,0,1,35,0,36,140,41,66,1,248,0,0,0,248
09/23/2020,SJC,CA,AWP,WE,Towers with Radar,147,35,19,0,201,0,0,45,0,45,147,35,64,0,246,10,0,10,256
09/24/2020,SJC,CA,AWP,WE,Towers with Radar,144,50,34,0,228,0,1,38,0,39,144,51,72,0,267,16,0,16,283
09/25/2020,SJC,CA,AWP,WE,Towers with Radar,146,49,32,1,228,0,4,50,0,54,146,53,82,1,282,66,0,66,348
09/26/2020,SJC,CA,AWP,WE,Towers with Radar,136,46,24,1,207,0,2,24,2,28,136,48,48,3,235,18,0,18,253
09/27/2020,SJC,CA,AWP,WE,Towers with Radar,139,58,29,0,226,0,0,23,0,23,139,58,52,0,249,20,0,20,269
09/28/2020,SJC,CA,AWP,WE,Towers with Radar,142,41,35,0,218,0,0,39,0,39,142,41,74,0,257,16,0,16,273
09/29/2020,SJC,CA,AWP,WE,Towers with Radar,140,39,45,0,224,0,2,43,0,45,140,41,88,0,269,32,0,32,301
09/30/2020,SJC,CA,AWP,WE,Towers with Radar,142,42,43,0,227,0,0,23,0,23,142,42,66,0,250,0,0,0,250
10/01/2020,SJC,CA,AWP,WE,Towers with Radar,147,49,35,0,231,0,0,11,0,11,147,49,46,0,242,0,0,0,242
10/02/2020,SJC,CA,AWP,WE,Towers with Radar,142,41,70,2,255,0,2,11,0,13,142,43,81,2,268,0,0,0,268
10/03/2020,SJC,CA,AWP,WE,Towers with Radar,141,49,48,0,238,0,1,14,0,15,141,50,62,0,253,6,0,6,259
10/04/2020,SJC,CA,AWP,WE,Towers with Radar,142,51,31,0,224,0,1,35,0,36,142,52,66,0,260,34,0,34,294
10/05/2020,SJC,CA,AWP,WE,Towers with Radar,143,43,19,0,205,0,1,7,0,8,143,44,26,0,213,6,0,6,219
10/06/2020,SJC,CA,AWP,WE,Towers with Radar,137,35,27,0,199,0,2,63,0,65,137,37,90,0,264,48,0,48,312
10/07/2020,SJC,CA,AWP,WE,Towers with Radar,140,48,44,0,232,0,1,17,0,18,140,49,61,0,250,0,0,0,250
10/08/2020,SJC,CA,AWP,WE,Towers with Radar,146,55,47,2,250,0,3,20,0,23,146,58,67,2,273,18,0,18,291
10/09/2020,SJC,CA,AWP,WE,Towers with Radar,140,61,41,0,242,0,1,28,1,30,140,62,69,1,272,46,0,46,318
10/10/2020,SJC,CA,AWP,WE,Towers with Radar,121,56,23,0,200,0,2,36,2,40,121,58,59,2,240,0,0,0,240
10/11/2020,SJC,CA,AWP,WE,Towers with Radar,141,55,34,0,230,0,0,32,3,35,141,55,66,3,265,0,0,0,265
10/12/2020,SJC,CA,AWP,WE,Towers with Radar,145,44,40,0,229,0,2,27,0,29,145,46,67,0,258,0,0,0,258
10/13/2020,SJC,CA,AWP,WE,Towers with Radar,135,38,31,0,204,0,0,37,0,37,135,38,68,0,241,0,0,0,241
10/14/2020,SJC,CA,AWP,WE,Towers with Radar,137,42,30,0,209,0,7,43,0,50,137,49,73,0,259,0,0,0,259
10/15/2020,SJC,CA,AWP,WE,Towers with Radar,145,54,43,0,242,0,0,45,0,45,145,54,88,0,287,44,0,44,331
10/16/2020,SJC,CA,AWP,WE,Towers with Radar,138,42,50,0,230,0,0,40,0,40,138,42,90,0,270,54,0,54,324
10/17/2020,SJC,CA,AWP,WE,Towers with Radar,121,43,36,0,200,0,3,33,0,36,121,46,69,0,236,14,0,14,250
10/18/2020,SJC,CA,AWP,WE,Towers with Radar,147,56,58,0,261,0,1,38,0,39,147,57,96,0,300,6,0,6,306
10/19/2020,SJC,CA,AWP,WE,Towers with Radar,142,47,19,0,208,0,1,49,0,50,142,48,68,0,258,50,0,50,308
10/20/2020,SJC,CA,AWP,WE,Towers with Radar,138,34,28,0,200,0,0,27,0,27,138,34,55,0,227,14,0,14,241
10/21/2020,SJC,CA,AWP,WE,Towers with Radar,134,61,38,0,233,0,1,45,3,49,134,62,83,3,282,6,0,6,288
10/22/2020,SJC,CA,AWP,WE,Towers with Radar,145,45,40,0,230,0,2,41,1,44,145,47,81,1,274,10,0,10,284
10/23/2020,SJC,CA,AWP,WE,Towers with Radar,144,48,43,0,235,0,1,40,0,41,144,49,83,0,276,12,0,12,288
10/24/2020,SJC,CA,AWP,WE,Towers with Radar,124,58,24,0,206,0,0,32,0,32,124,58,56,0,238,0,0,0,238
10/25/2020,SJC,CA,AWP,WE,Towers with Radar,139,64,32,0,235,0,2,16,0,18,139,66,48,0,253,18,0,18,271
10/26/2020,SJC,CA,AWP,WE,Towers with Radar,139,51,23,0,213,2,1,13,0,16,141,52,36,0,229,0,0,0,229
10/27/2020,SJC,CA,AWP,WE,Towers with Radar,139,41,30,0,210,0,1,54,0,55,139,42,84,0,265,60,0,60,325
10/28/2020,SJC,CA,AWP,WE,Towers with Radar,138,33,32,0,203,0,2,57,0,59,138,35,89,0,262,12,0,12,274
10/29/2020,SJC,CA,AWP,WE,Towers with Radar,143,52,33,0,228,0,0,58,0,58,143,52,91,0,286,74,0,74,360
10/30/2020,SJC,CA,AWP,WE,Towers with Radar,142,43,36,0,221,0,4,56,1,61,142,47,92,1,282,20,0,20,302
10/31/2020,SJC,CA,AWP,WE,Towers with Radar,126,28,12,0,166,0,3,31,2,36,126,31,43,2,202,0,0,0,202
11/01/2020,SJC,CA,AWP,WE,Towers with Radar,144,64,30,0,238,0,0,41,0,41,144,64,71,0,279,0,0,0,279
11/02/2020,SJC,CA,AWP,WE,Towers with Radar,148,44,31,0,223,0,0,43,0,43,148,44,74,0,266,0,0,0,266
11/03/2020,SJC,CA,AWP,WE,Towers with Radar,141,29,30,0,200,0,1,27,0,28,141,30,57,0,228,0,0,0,228
11/04/2020,SJC,CA,AWP,WE,Towers with Radar,142,53,43,0,238,0,0,24,0,24,142,53,67,0,262,22,0,22,284
11/05/2020,SJC,CA,AWP,WE,Towers with Radar,182,49,35,0,266,0,0,48,2,50,182,49,83,2,316,24,2,26,342
11/06/2020,SJC,CA,AWP,WE,Towers with Radar,171,35,31,0,237,0,0,18,0,18,171,35,49,0,255,52,0,52,307
11/07/2020,SJC,CA,AWP,WE,Towers with Radar,131,31,18,2,182,0,2,20,0,22,131,33,38,2,204,24,0,24,228
11/08/2020,SJC,CA,AWP,WE,Towers with Radar,173,52,34,0,259,0,0,22,0,22,173,52,56,0,281,30,0,30,311
11/09/2020,SJC,CA,AWP,WE,Towers with Radar,168,31,39,0,238,0,1,40,0,41,168,32,79,0,279,26,0,26,305
11/10/2020,SJC,CA,AWP,WE,Towers with Radar,140,44,26,0,210,2,0,32,0,34,142,44,58,0,244,34,0,34,278
11/11/2020,SJC,CA,AWP,WE,Towers with Radar,139,46,40,3,228,0,0,25,0,25,139,46,65,3,253,0,2,2,255
11/12/2020,SJC,CA,AWP,WE,Towers with Radar,165,65,41,2,273,0,1,56,0,57,165,66,97,2,330,48,8,56,386
11/13/2020,SJC,CA,AWP,WE,Towers with Radar,174,54,37,0,265,0,1,25,0,26,174,55,62,0,291,0,0,0,291
11/14/2020,SJC,CA,AWP,WE,Towers with Radar,131,39,40,0,210,1,0,13,0,14,132,39,53,0,224,4,0,4,228
11/15/2020,SJC,CA,AWP,WE,Towers with Radar,166,45,29,0,240,0,1,49,0,50,166,46,78,0,290,44,0,44,334
11/16/2020,SJC,CA,AWP,WE,Towers with Radar,171,44,32,0,247,0,1,35,0,36,171,45,67,0,283,24,0,24,307
11/17/2020,SJC,CA,AWP,WE,Towers with Radar,146,40,18,0,204,0,3,10,0,13,146,43,28,0,217,6,0,6,223
11/18/2020,SJC,CA,AWP,WE,Towers with Radar,139,53,34,0,226,0,0,14,0,14,139,53,48,0,240,40,0,40,280
11/19/2020,SJC,CA,AWP,WE,Towers with Radar,177,48,34,0,259,0,1,36,0,37,177,49,70,0,296,0,0,0,296
11/20/2020,SJC,CA,AWP,WE,Towers with Radar,184,52,44,0,280,0,6,33,0,39,184,58,77,0,319,0,0,0,319
11/21/2020,SJC,CA,AWP,WE,Towers with Radar,165,50,44,0,259,0,2,62,0,64,165,52,106,0,323,24,0,24,347
11/22/2020,SJC,CA,AWP,WE,Towers with Radar,176,55,31,0,262,0,2,23,0,25,176,57,54,0,287,0,0,0,287
11/23/2020,SJC,CA,AWP,WE,Towers with Radar,196,44,25,0,265,0,0,25,0,25,196,44,50,0,290,0,0,0,290
11/24/2020,SJC,CA,AWP,WE,Towers with Radar,196,59,31,0,286,0,3,44,2,49,196,62,75,2,335,46,0,46,381
11/25/2020,SJC,CA,AWP,WE,Towers with Radar,198,40,47,0,285,0,5,35,2,42,198,45,82,2,327,16,0,16,343
11/26/2020,SJC,CA,AWP,WE,Towers with Radar,115,25,12,0,152,0,0,8,0,8,115,25,20,0,160,4,0,4,164
11/27/2020,SJC,CA,AWP,WE,Towers with Radar,173,40,16,0,229,0,0,36,0,36,173,40,52,0,265,16,0,16,281
11/28/2020,SJC,CA,AWP,WE,Towers with Radar,172,41,30,0,243,0,1,29,0,30,172,42,59,0,273,2,0,2,275
11/29/2020,SJC,CA,AWP,WE,Towers with Radar,195,68,54,0,317,1,2,32,0,35,196,70,86,0,352,0,0,0,352
11/30/2020,SJC,CA,AWP,WE,Towers with Radar,199,35,31,0,265,1,1,42,0,44,200,36,73,0,309,32,0,32,341
12/01/2020,SJC,CA,AWP,WE,Towers with Radar,176,28,37,0,241,0,1,42,0,43,176,29,79,0,284,38,0,38,322
12/02/2020,SJC,CA,AWP,WE,Towers with Radar,147,40,17,0,204,0,0,32,0,32,147,40,49,0,236,12,0,12,248
12/03/2020,SJC,CA,AWP,WE,Towers with Radar,144,35,32,0,211,0,1,47,0,48,144,36,79,0,259,48,0,48,307
12/04/2020,SJC,CA,AWP,WE,Towers with Radar,153,45,34,0,232,0,1,41,0,42,153,46,75,0,274,36,0,36,310
12/05/2020,SJC,CA,AWP,WE,Towers with Radar,142,36,15,0,193,0,0,26,0,26,142,36,41,0,219,40,0,40,259
12/06/2020,SJC,CA,AWP,WE,Towers with Radar,151,48,36,0,235,0,0,16,0,16,151,48,52,0,251,34,0,34,285
12/07/2020,SJC,CA,AWP,WE,Towers with Radar,151,29,16,0,196,0,0,24,2,26,151,29,40,2,222,2,2,4,226
12/08/2020,SJC,CA,AWP,WE,Towers with Radar,149,25,26,0,200,0,0,34,0,34,149,25,60,0,234,12,0,12,246
12/09/2020,SJC,CA,AWP,WE,Towers with Radar,145,35,22,0,202,0,2,30,2,34,145,37,52,2,236,0,0,0,236
12/10/2020,SJC,CA,AWP,WE,Towers with Radar,146,33,27,0,206,0,0,42,0,42,146,33,69,0,248,0,0,0,248
12/11/2020,SJC,CA,AWP,WE,Towers with Radar,151,47,37,0,235,0,0,22,0,22,151,47,59,0,257,4,0,4,261
12/12/2020,SJC,CA,AWP,WE,Towers with Radar,140,44,23,2,209,0,0,12,0,12,140,44,35,2,221,0,0,0,221
12/13/2020,SJC,CA,AWP,WE,Towers with Radar,146,44,36,0,226,0,0,6,0,6,146,44,42,0,232,0,0,0,232
12/14/2020,SJC,CA,AWP,WE,Towers with Radar,148,35,16,1,200,0,2,28,1,31,148,37,44,2,231,24,0,24,255
12/15/2020,SJC,CA,AWP,WE,Towers with Radar,149,33,18,0,200,0,0,35,0,35,149,33,53,0,235,80,0,80,315
12/16/2020,SJC,CA,AWP,WE,Towers with Radar,150,39,22,0,211,0,0,32,0,32,150,39,54,0,243,46,0,46,289
12/17/2020,SJC,CA,AWP,WE,Towers with Radar,177,32,39,0,248,0,1,14,0,15,177,33,53,0,263,64,0,64,327
12/18/2020,SJC,CA,AWP,WE,Towers with Radar,179,57,24,0,260,0,1,45,1,47,179,58,69,1,307,36,0,36,343
12/19/2020,SJC,CA,AWP,WE,Towers with Radar,163,46,33,0,242,0,0,44,2,46,163,46,77,2,288,54,0,54,342
12/20/2020,SJC,CA,AWP,WE,Towers with Radar,173,50,31,0,254,0,0,30,0,30,173,50,61,0,284,0,0,0,284
12/21/2020,SJC,CA,AWP,WE,Towers with Radar,179,44,27,0,250,0,0,36,0,36,179,44,63,0,286,16,0,16,302
12/22/2020,SJC,CA,AWP,WE,Towers with Radar,170,44,35,10,259,0,1,29,0,30,170,45,64,10,289,10,0,10,299
12/23/2020,SJC,CA,AWP,WE,Towers with Radar,187,50,32,0,269,0,0,38,0,38,187,50,70,0,307,0,0,0,307
12/24/2020,SJC,CA,AWP,WE,Towers with Radar,135,27,16,0,178,0,0,12,0,12,135,27,28,0,190,0,0,0,190
12/25/2020,SJC,CA,AWP,WE,Towers with Radar,131,31,11,0,173,0,2,0,0,2,131,33,11,0,175,0,0,0,175
12/26/2020,SJC,CA,AWP,WE,Towers with Radar,163,38,34,0,235,1,0,12,5,18,164,38,46,5,253,20,0,20,273
12/27/2020,SJC,CA,AWP,WE,Towers with Radar,192,56,32,0,280,0,0,19,8,27,192,56,51,8,307,14,0,14,321
12/28/2020,SJC,CA,AWP,WE,Towers with Radar,172,33,22,0,227,0,0,16,4,20,172,33,38,4,247,46,0,46,293
12/29/2020,SJC,CA,AWP,WE,Towers with Radar,171,43,26,0,240,0,0,42,1,43,171,43,68,1,283,0,0,0,283
12/30/2020,SJC,CA,AWP,WE,Towers with Radar,172,34,29,0,235,0,1,29,0,30,172,35,58,0,265,0,0,0,265
12/31/2020,SJC,CA,AWP,WE,Towers with Radar,135,28,23,0,186,0,2,26,0,28,135,30,49,0,214,38,0,38,252
01/01/2021,SJC,CA,AWP,WE,Towers with Radar,136,43,18,2,199,0,0,20,6,26,136,43,38,8,225,0,0,0,225
01/02/2021,SJC,CA,AWP,WE,Towers with Radar,166,43,43,0,252,0,0,3,2,5,166,43,46,2,257,0,0,0,257
01/03/2021,SJC,CA,AWP,WE,Towers with Radar,192,73,61,0,326,0,1,23,0,24,192,74,84,0,350,0,0,0,350
01/04/2021,SJC,CA,AWP,WE,Towers with Radar,176,45,44,0,265,0,0,5,4,9,176,45,49,4,274,16,0,16,290
01/05/2021,SJC,CA,AWP,WE,Towers with Radar,177,48,17,0,242,0,2,24,5,31,177,50,41,5,273,26,0,26,299
01/06/2021,SJC,CA,AWP,WE,Towers with Radar,176,36,17,0,229,0,0,26,0,26,176,36,43,0,255,37,0,37,292
01/07/2021,SJC,CA,AWP,WE,Towers with Radar,150,49,33,1,233,0,3,15,1,19,150,52,48,2,252,6,0,6,258
01/08/2021,SJC,CA,AWP,WE,Towers with Radar,156,35,33,0,224,0,0,21,0,21,156,35,54,0,245,30,0,30,275
01/09/2021,SJC,CA,AWP,WE,Towers with Radar,148,50,16,0,214,0,0,31,11,42,148,50,47,11,256,0,0,0,256
01/10/2021,SJC,CA,AWP,WE,Towers with Radar,148,46,31,0,225,0,1,31,5,37,148,47,62,5,262,32,0,32,294
01/11/2021,SJC,CA,AWP,WE,Towers with Radar,162,41,31,0,234,0,2,25,4,31,162,43,56,4,265,0,0,0,265
01/12/2021,SJC,CA,AWP,WE,Towers with Radar,154,28,17,0,199,0,2,19,4,25,154,30,36,4,224,30,0,30,254
01/13/2021,SJC,CA,AWP,WE,Towers with Radar,149,47,39,0,235,0,2,31,5,38,149,49,70,5,273,62,0,62,335
01/14/2021,SJC,CA,AWP,WE,Towers with Radar,153,43,35,0,231,0,0,30,3,33,153,43,65,3,264,80,0,80,344
01/15/2021,SJC,CA,AWP,WE,Towers with Radar,159,38,37,0,234,0,3,35,1,39,159,41,72,1,273,46,2,48,321
01/16/2021,SJC,CA,AWP,WE,Towers with Radar,135,38,29,0,202,0,2,41,7,50,135,40,70,7,252,36,0,36,288
01/17/2021,SJC,CA,AWP,WE,Towers with Radar,139,36,17,0,192,0,1,33,6,40,139,37,50,6,232,34,0,34,266
01/18/2021,SJC,CA,AWP,WE,Towers with Radar,165,61,33,0,259,0,0,18,6,24,165,61,51,6,283,0,0,0,283
01/19/2021,SJC,CA,AWP,WE,Towers with Radar,153,37,18,0,208,0,0,4,5,9,153,37,22,5,217,0,0,0,217
01/20/2021,SJC,CA,AWP,WE,Towers with Radar,150,46,31,0,227,0,1,41,6,48,150,47,72,6,275,0,0,0,275
01/21/2021,SJC,CA,AWP,WE,Towers with Radar,155,34,32,0,221,0,3,30,6,39,155,37,62,6,260,8,0,8,268
01/22/2021,SJC,CA,AWP,WE,Towers with Radar,159,28,31,0,218,0,0,9,3,12,159,28,40,3,230,0,0,0,230
01/23/2021,SJC,CA,AWP,WE,Towers with Radar,134,34,26,0,194,0,0,27,2,29,134,34,53,2,223,50,0,50,273
01/24/2021,SJC,CA,AWP,WE,Towers with Radar,145,41,30,0,216,0,0,8,0,8,145,41,38,0,224,16,0,16,240
01/25/2021,SJC,CA,AWP,WE,Towers with Radar,158,29,18,0,205,0,1,18,0,19,158,30,36,0,224,2,0,2,226
01/26/2021,SJC,CA,AWP,WE,Towers with Radar,149,33,15,0,197,0,0,28,2,30,149,33,43,2,227,38,0,38,265
01/27/2021,SJC,CA,AWP,WE,Towers with Radar,148,32,20,0,200,0,0,4,0,4,148,32,24,0,204,0,0,0,204
01/28/2021,SJC,CA,AWP,WE,Towers with Radar,153,27,25,1,206,0,0,0,2,2,153,27,25,3,208,0,0,0,208
01/29/2021,SJC,CA,AWP,WE,Towers with Radar,160,42,37,1,240,0,1,32,2,35,160,43,69,3,275,36,0,36,311
01/30/2021,SJC,CA,AWP,WE,Towers with Radar,137,39,24,0,200,0,3,31,9,43,137,42,55,9,243,14,0,14,257
01/31/2021,SJC,CA,AWP,WE,Towers with Radar,148,46,37,0,231,0,1,19,6,26,148,47,56,6,257,52,0,52,309
02/01/2021,SJC,CA,AWP,WE,Towers with Radar,166,35,24,0,225,0,0,10,2,12,166,35,34,2,237,0,0,0,237
02/02/2021,SJC,CA,AWP,WE,Towers with Radar,156,33,30,0,219,0,1,5,5,11,156,34,35,5,230,6,0,6,236
02/03/2021,SJC,CA,AWP,WE,Towers with Radar,152,45,26,0,223,0,0,29,4,33,152,45,55,4,256,14,0,14,270
02/04/2021,SJC,CA,AWP,WE,Towers with Radar,159,33,30,0,222,0,1,34,6,41,159,34,64,6,263,26,0,26,289
02/05/2021,SJC,CA,AWP,WE,Towers with Radar,163,39,27,0,229,0,0,42,5,47,163,39,69,5,276,26,0,26,302
02/06/2021,SJC,CA,AWP,WE,Towers with Radar,141,28,24,0,193,0,1,33,5,39,141,29,57,5,232,26,0,26,258
02/07/2021,SJC,CA,AWP,WE,Towers with Radar,149,42,34,0,225,0,1,38,3,42,149,43,72,3,267,22,0,22,289
02/08/2021,SJC,CA,AWP,WE,Towers with Radar,162,52,22,2,238,0,0,18,5,23,162,52,40,7,261,0,0,0,261
02/09/2021,SJC,CA,AWP,WE,Towers with Radar,154,40,30,0,224,0,0,34,0,34,154,40,64,0,258,30,0,30,288
02/10/2021,SJC,CA,AWP,WE,Towers with Radar,154,50,44,0,248,0,0,42,4,46,154,50,86,4,294,0,0,0,294
02/11/2021,SJC,CA,AWP,WE,Towers with Radar,149,46,45,0,240,0,1,22,1,24,149,47,67,1,264,0,0,0,264
02/12/2021,SJC,CA,AWP,WE,Towers with Radar,153,56,48,0,257,0,2,29,0,31,153,58,77,0,288,44,0,44,332
02/13/2021,SJC,CA,AWP,WE,Towers with Radar,114,61,42,0,217,0,2,17,0,19,114,63,59,0,236,48,0,48,284
02/14/2021,SJC,CA,AWP,WE,Towers with Radar,120,45,33,0,198,0,1,19,0,20,120,46,52,0,218,2,0,2,220
02/15/2021,SJC,CA,AWP,WE,Towers with Radar,133,50,32,0,215,0,0,6,0,6,133,50,38,0,221,0,0,0,221
02/16/2021,SJC,CA,AWP,WE,Towers with Radar,130,40,31,0,201,0,2,31,0,33,130,42,62,0,234,74,0,74,308
02/17/2021,SJC,CA,AWP,WE,Towers with Radar,136,44,32,0,212,0,0,42,0,42,136,44,74,0,254,16,0,16,270
02/18/2021,SJC,CA,AWP,WE,Towers with Radar,138,45,33,0,216,0,0,25,2,27,138,45,58,2,243,0,0,0,243
02/19/2021,SJC,CA,AWP,WE,Towers with Radar,147,54,30,0,231,0,0,12,0,12,147,54,42,0,243,16,0,16,259
02/20/2021,SJC,CA,AWP,WE,Towers with Radar,124,58,31,0,213,0,1,23,0,24,124,59,54,0,237,14,0,14,251
02/21/2021,SJC,CA,AWP,WE,Towers with Radar,149,70,55,0,274,0,2,24,2,28,149,72,79,2,302,18,0,18,320
02/22/2021,SJC,CA,AWP,WE,Towers with Radar,152,42,19,0,213,0,0,31,0,31,152,42,50,0,244,34,0,34,278
02/23/2021,SJC,CA,AWP,WE,Towers with Radar,142,36,31,0,209,0,0,22,0,22,142,36,53,0,231,22,0,22,253
02/24/2021,SJC,CA,AWP,WE,Towers with Radar,148,50,44,0,242,0,1,30,0,31,148,51,74,0,273,28,0,28,301
02/25/2021,SJC,CA,AWP,WE,Towers with Radar,153,52,37,0,242,0,0,42,0,42,153,52,79,0,284,16,0,16,300
02/26/2021,SJC,CA,AWP,WE,Towers with Radar,155,50,39,0,244,0,0,45,0,45,155,50,84,0,289,19,0,19,308
02/27/2021,SJC,CA,AWP,WE,Towers with Radar,129,40,23,0,192,0,2,34,3,39,129,42,57,3,231,12,0,12,243
02/28/2021,SJC,CA,AWP,WE,Towers with Radar,148,53,32,0,233,0,0,35,0,35,148,53,67,0,268,0,0,0,268
03/01/2021,SJC,CA,AWP,WE,Towers with Radar,149,40,39,0,228,0,0,31,0,31,149,40,70,0,259,0,0,0,259
03/02/2021,SJC,CA,AWP,WE,Towers with Radar,139,35,29,0,203,0,0,32,0,32,139,35,61,0,235,0,0,0,235
03/03/2021,SJC,CA,AWP,WE,Towers with Radar,145,58,35,0,238,0,1,28,0,29,145,59,63,0,267,0,0,0,267
03/04/2021,SJC,CA,AWP,WE,Towers with Radar,158,26,36,0,220,0,0,53,0,53,158,26,89,0,273,116,0,116,389
03/05/2021,SJC,CA,AWP,WE,Towers with Radar,153,50,30,0,233,0,0,28,0,28,153,50,58,0,261,36,0,36,297
03/06/2021,SJC,CA,AWP,WE,Towers with Radar,128,25,15,0,168,0,2,22,2,26,128,27,37,2,194,28,0,28,222
03/07/2021,SJC,CA,AWP,WE,Towers with Radar,176,47,53,0,276,0,0,34,0,34,176,47,87,0,310,32,0,32,342
03/08/2021,SJC,CA,AWP,WE,Towers with Radar,179,32,37,0,248,0,1,16,1,18,179,33,53,1,266,58,0,58,324
03/09/2021,SJC,CA,AWP,WE,Towers with Radar,145,44,39,0,228,0,0,21,4,25,145,44,60,4,253,0,0,0,253
03/10/2021,SJC,CA,AWP,WE,Towers with Radar,147,70,38,0,255,0,0,11,6,17,147,70,49,6,272,40,0,40,312
03/11/2021,SJC,CA,AWP,WE,Towers with Radar,192,56,46,0,294,0,0,21,2,23,192,56,67,2,317,0,0,0,317
03/12/2021,SJC,CA,AWP,WE,Towers with Radar,190,52,44,0,286,0,3,65,1,69,190,55,109,1,355,18,0,18,373
03/13/2021,SJC,CA,AWP,WE,Towers with Radar,138,47,24,2,211,0,1,36,4,41,138,48,60,6,252,68,4,72,324
03/14/2021,SJC,CA,AWP,WE,Towers with Radar,171,66,37,0,274,0,0,15,0,15,171,66,52,0,289,54,0,54,343
03/15/2021,SJC,CA,AWP,WE,Towers with Radar,180,45,32,0,257,0,0,11,0,11,180,45,43,0,268,8,0,8,276
03/16/2021,SJC,CA,AWP,WE,Towers with Radar,185,46,14,4,249,0,2,48,2,52,185,48,62,6,301,94,6,100,401
03/17/2021,SJC,CA,AWP,WE,Towers with Radar,177,59,44,0,280,0,1,40,5,46,177,60,84,5,326,78,0,78,404
03/18/2021,SJC,CA,AWP,WE,Towers with Radar,199,42,54,0,295,0,0,8,1,9,199,42,62,1,304,4,0,4,308
03/19/2021,SJC,CA,AWP,WE,Towers with Radar,196,45,41,0,282,0,0,22,0,22,196,45,63,0,304,0,0,0,304
03/20/2021,SJC,CA,AWP,WE,Towers with Radar,155,40,40,0,235,0,1,31,0,32,155,41,71,0,267,20,0,20,287
03/21/2021,SJC,CA,AWP,WE,Towers with Radar,199,50,37,0,286,0,0,43,0,43,199,50,80,0,329,16,0,16,345
03/22/2021,SJC,CA,AWP,WE,Towers with Radar,194,52,48,0,294,0,2,30,0,32,194,54,78,0,326,0,0,0,326
03/23/2021,SJC,CA,AWP,WE,Towers with Radar,196,41,31,0,268,0,0,33,2,35,196,41,64,2,303,20,0,20,323
03/24/2021,SJC,CA,AWP,WE,Towers with Radar,189,65,42,0,296,0,1,35,3,39,189,66,77,3,335,46,0,46,381
03/25/2021,SJC,CA,AWP,WE,Towers with Radar,205,44,44,0,293,0,2,30,4,36,205,46,74,4,329,70,0,70,399
03/26/2021,SJC,CA,AWP,WE,Towers with Radar,198,63,45,0,306,0,1,39,3,43,198,64,84,3,349,64,0,64,413
03/27/2021,SJC,CA,AWP,WE,Towers with Radar,156,59,35,0,250,0,1,46,3,50,156,60,81,3,300,52,0,52,352
03/28/2021,SJC,CA,AWP,WE,Towers with Radar,194,50,36,0,280,0,0,43,0,43,194,50,79,0,323,30,0,30,353
03/29/2021,SJC,CA,AWP,WE,Towers with Radar,192,49,34,0,275,0,2,38,6,46,192,51,72,6,321,14,0,14,335
03/30/2021,SJC,CA,AWP,WE,Towers with Radar,195,45,37,1,278,0,0,44,4,48,195,45,81,5,326,24,0,24,350
03/31/2021,SJC,CA,AWP,WE,Towers with Radar,191,63,36,0,290,0,1,49,3,53,191,64,85,3,343,42,0,42,385
04/01/2021,SJC,CA,AWP,WE,Towers with Radar,209,63,59,0,331,0,1,42,5,48,209,64,101,5,379,18,0,18,397
04/02/2021,SJC,CA,AWP,WE,Towers with Radar,198,61,49,0,308,0,4,29,0,33,198,65,78,0,341,52,0,52,393
04/03/2021,SJC,CA,AWP,WE,Towers with Radar,156,58,27,0,241,0,2,33,2,37,156,60,60,2,278,16,0,16,294
04/04/2021,SJC,CA,AWP,WE,Towers with Radar,203,61,45,0,309,0,1,26,5,32,203,62,71,5,341,26,0,26,367
04/05/2021,SJC,CA,AWP,WE,Towers with Radar,208,61,31,0,300,0,1,27,4,32,208,62,58,4,332,30,0,30,362
04/06/2021,SJC,CA,AWP,WE,Towers with Radar,208,33,35,0,276,0,3,36,4,43,208,36,71,4,319,76,0,76,395
04/07/2021,SJC,CA,AWP,WE,Towers with Radar,191,47,53,0,291,0,2,41,2,45,191,49,94,2,336,44,0,44,380
04/08/2021,SJC,CA,AWP,WE,Towers with Radar,210,50,33,0,293,0,0,26,5,31,210,50,59,5,324,12,0,12,336
04/09/2021,SJC,CA,AWP,WE,Towers with Radar,209,62,33,0,304,0,0,36,3,39,209,62,69,3,343,0,0,0,343
04/10/2021,SJC,CA,AWP,WE,Towers with Radar,166,56,36,0,258,0,2,37,4,43,166,58,73,4,301,0,0,0,301
04/11/2021,SJC,CA,AWP,WE,Towers with Radar,202,57,46,0,305,0,4,32,6,42,202,61,78,6,347,0,0,0,347
04/12/2021,SJC,CA,AWP,WE,Towers with Radar,184,63,38,0,285,0,2,21,4,27,184,65,59,4,312,0,0,0,312
04/13/2021,SJC,CA,AWP,WE,Towers with Radar,170,49,31,0,250,0,0,38,6,44,170,49,69,6,294,28,0,28,322
04/14/2021,SJC,CA,AWP,WE,Towers with Radar,167,40,40,0,247,0,2,35,10,47,167,42,75,10,294,20,0,20,314
04/15/2021,SJC,CA,AWP,WE,Towers with Radar,185,38,42,0,265,0,1,51,5,57,185,39,93,5,322,8,0,8,330
04/16/2021,SJC,CA,AWP,WE,Towers with Radar,182,66,54,1,303,0,2,49,1,52,182,68,103,2,355,52,0,52,407
04/17/2021,SJC,CA,AWP,WE,Towers with Radar,159,37,41,0,237,0,0,38,3,41,159,37,79,3,278,26,0,26,304
04/18/2021,SJC,CA,AWP,WE,Towers with Radar,178,57,38,0,273,0,2,44,5,51,178,59,82,5,324,0,0,0,324
04/19/2021,SJC,CA,AWP,WE,Towers with Radar,179,44,34,0,257,0,5,36,7,48,179,49,70,7,305,0,0,0,305
04/20/2021,SJC,CA,AWP,WE,Towers with Radar,172,33,36,0,241,0,1,29,9,39,172,34,65,9,280,0,0,0,280
04/21/2021,SJC,CA,AWP,WE,Towers with Radar,165,51,62,0,278,0,5,37,6,48,165,56,99,6,326,32,0,32,358
04/22/2021,SJC,CA,AWP,WE,Towers with Radar,186,53,55,0,294,0,0,46,7,53,186,53,101,7,347,0,0,0,347
04/23/2021,SJC,CA,AWP,WE,Towers with Radar,188,54,53,3,298,0,0,39,3,42,188,54,92,6,340,82,2,84,424
04/24/2021,SJC,CA,AWP,WE,Towers with Radar,162,43,35,0,240,0,3,22,2,27,162,46,57,2,267,14,0,14,281
04/25/2021,SJC,CA,AWP,WE,Towers with Radar,179,54,51,0,284,0,1,7,5,13,179,55,58,5,297,0,0,0,297
04/26/2021,SJC,CA,AWP,WE,Towers with Radar,183,41,43,0,267,0,0,16,3,19,183,41,59,3,286,26,0,26,312
04/27/2021,SJC,CA,AWP,WE,Towers with Radar,171,40,30,0,241,0,1,44,8,53,171,41,74,8,294,80,0,80,374
04/28/2021,SJC,CA,AWP,WE,Towers with Radar,163,51,39,2,255,0,4,32,8,44,163,55,71,10,299,0,0,0,299
04/29/2021,SJC,CA,AWP,WE,Towers with Radar,187,48,43,0,278,0,0,38,6,44,187,48,81,6,322,0,0,0,322
04/30/2021,SJC,CA,AWP,WE,Towers with Radar,183,51,31,0,265,0,2,41,4,47,183,53,72,4,312,0,0,0,312
05/01/2021,SJC,CA,AWP,WE,Towers with Radar,164,36,42,0,242,0,0,36,6,42,164,36,78,6,284,0,0,0,284
05/02/2021,SJC,CA,AWP,WE,Towers with Radar,172,71,45,0,288,0,0,37,5,42,172,71,82,5,330,22,0,22,352
05/03/2021,SJC,CA,AWP,WE,Towers with Radar,180,44,43,0,267,0,0,27,3,30,180,44,70,3,297,0,0,0,297
05/04/2021,SJC,CA,AWP,WE,Towers with Radar,169,37,40,0,246,0,0,43,5,48,169,37,83,5,294,22,0,22,316
05/05/2021,SJC,CA,AWP,WE,Towers with Radar,168,46,51,0,265,0,0,35,5,40,168,46,86,5,305,36,0,36,341
05/06/2021,SJC,CA,AWP,WE,Towers with Radar,182,63,49,0,294,0,1,48,4,53,182,64,97,4,347,38,0,38,385
05/07/2021,SJC,CA,AWP,WE,Towers with Radar,184,44,35,0,263,0,0,44,3,47,184,44,79,3,310,56,0,56,366
05/08/2021,SJC,CA,AWP,WE,Towers with Radar,160,31,41,0,232,0,0,35,8,43,160,31,76,8,275,0,0,0,275
05/09/2021,SJC,CA,AWP,WE,Towers with Radar,197,49,32,0,278,0,0,30,4,34,197,49,62,4,312,0,0,0,312
05/10/2021,SJC,CA,AWP,WE,Towers with Radar,206,52,52,0,310,0,3,25,5,33,206,55,77,5,343,0,0,0,343
05/11/2021,SJC,CA,AWP,WE,Towers with Radar,178,42,48,0,268,0,1,21,5,27,178,43,69,5,295,0,0,0,295
05/12/2021,SJC,CA,AWP,WE,Towers with Radar,174,68,54,0,296,0,1,32,6,39,174,69,86,6,335,0,0,0,335
05/13/2021,SJC,CA,AWP,WE,Towers with Radar,203,67,71,0,341,0,0,38,1,39,203,67,109,1,380,44,0,44,424
05/14/2021,SJC,CA,AWP,WE,Towers with Radar,207,66,52,0,325,0,0,32,3,35,207,66,84,3,360,38,0,38,398
05/15/2021,SJC,CA,AWP,WE,Towers with Radar,162,32,39,0,233,0,1,16,3,20,162,33,55,3,253,24,0,24,277
05/16/2021,SJC,CA,AWP,WE,Towers with Radar,196,52,40,0,288,0,1,36,3,40,196,53,76,3,328,18,0,18,346
05/17/2021,SJC,CA,AWP,WE,Towers with Radar,207,59,45,0,311,0,2,32,4,38,207,61,77,4,349,14,0,14,363
05/18/2021,SJC,CA,AWP,WE,Towers with Radar,181,30,28,0,239,0,0,30,2,32,181,30,58,2,271,0,0,0,271
05/19/2021,SJC,CA,AWP,WE,Towers with Radar,174,56,49,0,279,0,0,33,4,37,174,56,82,4,316,0,0,0,316
05/20/2021,SJC,CA,AWP,WE,Towers with Radar,217,52,34,0,303,0,0,29,0,29,217,52,63,0,332,0,0,0,332
05/21/2021,SJC,CA,AWP,WE,Towers with Radar,219,61,43,0,323,0,0,50,2,52,219,61,93,2,375,0,0,0,375
05/22/2021,SJC,CA,AWP,WE,Towers with Radar,173,31,33,0,237,0,0,42,3,45,173,31,75,3,282,0,0,0,282
05/23/2021,SJC,CA,AWP,WE,Towers with Radar,209,46,40,0,295,0,2,41,10,53,209,48,81,10,348,18,0,18,366
05/24/2021,SJC,CA,AWP,WE,Towers with Radar,215,54,36,0,305,0,1,21,3,25,215,55,57,3,330,16,0,16,346
05/25/2021,SJC,CA,AWP,WE,Towers with Radar,186,55,41,0,282,0,0,26,5,31,186,55,67,5,313,32,0,32,345
05/26/2021,SJC,CA,AWP,WE,Towers with Radar,187,68,41,0,296,0,3,49,2,54,187,71,90,2,350,22,0,22,372
05/27/2021,SJC,CA,AWP,WE,Towers with Radar,215,67,46,0,328,0,4,65,2,71,215,71,111,2,399,54,0,54,453
05/28/2021,SJC,CA,AWP,WE,Towers with Radar,218,76,55,0,349,0,9,30,4,43,218,85,85,4,392,32,0,32,424
05/29/2021,SJC,CA,AWP,WE,Towers with Radar,171,40,35,0,246,0,0,29,5,34,171,40,64,5,280,0,0,0,280
05/30/2021,SJC,CA,AWP,WE,Towers with Radar,198,39,22,0,259,0,2,43,3,48,198,41,65,3,307,38,0,38,345
05/31/2021,SJC,CA,AWP,WE,Towers with Radar,207,60,55,0,322,0,0,46,2,48,207,60,101,2,370,26,0,26,396
06/01/2021,SJC,CA,AWP,WE,Towers with Radar,214,64,48,2,328,0,0,36,3,39,214,64,84,5,367,44,0,44,411
06/02/2021,SJC,CA,AWP,WE,Towers with Radar,205,58,49,0,312,0,1,29,6,36,205,59,78,6,348,42,0,42,390
06/03/2021,SJC,CA,AWP,WE,Towers with Radar,219,67,49,2,337,0,1,42,0,43,219,68,91,2,380,14,0,14,394
06/04/2021,SJC,CA,AWP,WE,Towers with Radar,225,72,61,0,358,0,0,48,2,50,225,72,109,2,408,4,0,4,412
06/05/2021,SJC,CA,AWP,WE,Towers with Radar,188,53,25,0,266,0,1,31,0,32,188,54,56,0,298,0,0,0,298
06/06/2021,SJC,CA,AWP,WE,Towers with Radar,232,66,36,0,334,0,6,30,3,39,232,72,66,3,373,2,0,2,375
06/07/2021,SJC,CA,AWP,WE,Towers with Radar,262,64,36,0,362,0,2,34,3,39,262,66,70,3,401,4,0,4,405
06/08/2021,SJC,CA,AWP,WE,Towers with Radar,246,45,33,2,326,0,1,31,4,36,246,46,64,6,362,32,0,32,394
06/09/2021,SJC,CA,AWP,WE,Towers with Radar,244,66,33,2,345,0,2,38,3,43,244,68,71,5,388,22,0,22,410
06/10/2021,SJC,CA,AWP,WE,Towers with Radar,253,80,46,0,379,0,0,56,1,57,253,80,102,1,436,12,0,12,448
06/11/2021,SJC,CA,AWP,WE,Towers with Radar,258,67,58,0,383,0,0,51,0,51,258,67,109,0,434,0,0,0,434
06/12/2021,SJC,CA,AWP,WE,Towers with Radar,189,54,46,0,289,0,0,43,2,45,189,54,89,2,334,12,0,12,346
06/13/2021,SJC,CA,AWP,WE,Towers with Radar,238,68,46,0,352,0,2,46,0,48,238,70,92,0,400,46,0,46,446
06/14/2021,SJC,CA,AWP,WE,Towers with Radar,260,46,54,0,360,0,1,36,1,38,260,47,90,1,398,0,0,0,398
06/15/2021,SJC,CA,AWP,WE,Towers with Radar,233,46,41,0,320,0,3,43,4,50,233,49,84,4,370,8,0,8,378
06/16/2021,SJC,CA,AWP,WE,Towers with Radar,236,80,54,0,370,0,2,56,4,62,236,82,110,4,432,74,0,74,506
06/17/2021,SJC,CA,AWP,WE,Towers with Radar,255,59,50,0,364,0,0,46,3,49,255,59,96,3,413,34,0,34,447
06/18/2021,SJC,CA,AWP,WE,Towers with Radar,260,62,61,0,383,0,1,57,3,61,260,63,118,3,444,48,0,48,492
06/19/2021,SJC,CA,AWP,WE,Towers with Radar,184,59,31,0,274,0,5,31,5,41,184,64,62,5,315,6,0,6,321
06/20/2021,SJC,CA,AWP,WE,Towers with Radar,228,83,47,0,358,0,0,38,0,38,228,83,85,0,396,14,0,14,410
06/21/2021,SJC,CA,AWP,WE,Towers with Radar,257,81,54,0,392,0,2,32,0,34,257,83,86,0,426,24,0,24,450
06/22/2021,SJC,CA,AWP,WE,Towers with Radar,241,34,50,0,325,0,2,42,4,48,241,36,92,4,373,40,0,40,413
06/23/2021,SJC,CA,AWP,WE,Towers with Radar,243,67,64,0,374,0,0,31,3,34,243,67,95,3,408,2,0,2,410
06/24/2021,SJC,CA,AWP,WE,Towers with Radar,260,69,71,0,400,0,0,30,0,30,260,69,101,0,430,6,0,6,436
06/25/2021,SJC,CA,AWP,WE,Towers with Radar,255,65,61,0,381,0,0,19,0,19,255,65,80,0,400,40,0,40,440
06/26/2021,SJC,CA,AWP,WE,Towers with Radar,183,56,30,0,269,0,2,37,4,43,183,58,67,4,312,18,0,18,330
06/27/2021,SJC,CA,AWP,WE,Towers with Radar,231,70,56,0,357,0,2,31,4,37,231,72,87,4,394,0,0,0,394
06/28/2021,SJC,CA,AWP,WE,Towers with Radar,250,66,38,0,354,0,0,38,7,45,250,66,76,7,399,38,0,38,437
06/29/2021,SJC,CA,AWP,WE,Towers with Radar,234,63,55,0,352,0,6,36,4,46,234,69,91,4,398,106,0,106,504
06/30/2021,SJC,CA,AWP,WE,Towers with Radar,245,75,69,0,389,0,1,36,4,41,245,76,105,4,430,50,0,50,480
07/01/2021,SJC,CA,AWP,WE,Towers with Radar,255,81,48,0,384,0,0,36,0,36,255,81,84,0,420,6,0,6,426
07/02/2021,SJC,CA,AWP,WE,Towers with Radar,258,41,58,0,357,0,0,31,0,31,258,41,89,0,388,0,0,0,388
07/03/2021,SJC,CA,AWP,WE,Towers with Radar,182,30,28,0,240,0,2,19,0,21,182,32,47,0,261,4,0,4,265
07/04/2021,SJC,CA,AWP,WE,Towers with Radar,226,29,20,0,275,0,0,20,0,20,226,29,40,0,295,0,0,0,295
07/05/2021,SJC,CA,AWP,WE,Towers with Radar,252,50,40,0,342,0,2,40,1,43,252,52,80,1,385,34,0,34,419
07/06/2021,SJC,CA,AWP,WE,Towers with Radar,240,60,58,0,358,0,2,31,0,33,240,62,89,0,391,0,0,0,391
07/07/2021,SJC,CA,AWP,WE,Towers with Radar,238,70,32,0,340,0,0,29,0,29,238,70,61,0,369,58,0,58,427
07/08/2021,SJC,CA,AWP,WE,Towers with Radar,250,65,40,0,355,0,0,52,0,52,250,65,92,0,407,16,0,16,423
07/09/2021,SJC,CA,AWP,WE,Towers with Radar,252,57,32,0,341,0,1,41,2,44,252,58,73,2,385,0,0,0,385
07/10/2021,SJC,CA,AWP,WE,Towers with Radar,181,51,41,1,274,0,2,26,0,28,181,53,67,1,302,6,0,6,308
07/11/2021,SJC,CA,AWP,WE,Towers with Radar,232,83,51,1,367,0,1,37,0,38,232,84,88,1,405,20,0,20,425
07/12/2021,SJC,CA,AWP,WE,Towers with Radar,257,58,56,0,371,0,0,30,0,30,257,58,86,0,401,16,0,16,417
07/13/2021,SJC,CA,AWP,WE,Towers with Radar,243,54,52,0,349,0,1,24,1,26,243,55,76,1,375,2,0,2,377
07/14/2021,SJC,CA,AWP,WE,Towers with Radar,240,51,40,0,331,0,3,40,5,48,240,54,80,5,379,4,0,4,383
07/15/2021,SJC,CA,AWP,WE,Towers with Radar,260,55,66,0,381,0,0,42,3,45,260,55,108,3,426,16,0,16,442
07/16/2021,SJC,CA,AWP,WE,Towers with Radar,263,56,40,0,359,0,0,32,3,35,263,56,72,3,394,12,0,12,406
07/17/2021,SJC,CA,AWP,WE,Towers with Radar,190,44,33,0,267,0,3,52,3,58,190,47,85,3,325,2,0,2,327
07/18/2021,SJC,CA,AWP,WE,Towers with Radar,234,48,64,3,349,0,2,29,3,34,234,50,93,6,383,12,0,12,395
07/19/2021,SJC,CA,AWP,WE,Towers with Radar,261,59,40,0,360,0,1,35,3,39,261,60,75,3,399,38,0,38,437
07/20/2021,SJC,CA,AWP,WE,Towers with Radar,244,56,42,0,342,0,2,43,5,50,244,58,85,5,392,56,0,56,448
07/21/2021,SJC,CA,AWP,WE,Towers with Radar,246,56,59,0,361,0,1,44,4,49,246,57,103,4,410,10,0,10,420
07/22/2021,SJC,CA,AWP,WE,Towers with Radar,260,69,55,0,384,0,3,36,5,44,260,72,91,5,428,0,0,0,428
07/23/2021,SJC,CA,AWP,WE,Towers with Radar,268,46,56,0,370,0,2,43,3,48,268,48,99,3,418,12,0,12,430
07/24/2021,SJC,CA,AWP,WE,Towers with Radar,192,40,27,0,259,0,0,28,0,28,192,40,55,0,287,0,0,0,287
07/25/2021,SJC,CA,AWP,WE,Towers with Radar,232,52,52,0,336,0,1,24,0,25,232,53,76,0,361,22,0,22,383
07/26/2021,SJC,CA,AWP,WE,Towers with Radar,265,51,52,0,368,0,0,29,0,29,265,51,81,0,397,16,0,16,413
07/27/2021,SJC,CA,AWP,WE,Towers with Radar,239,49,39,0,327,0,1,21,0,22,239,50,60,0,349,18,0,18,367
07/28/2021,SJC,CA,AWP,WE,Towers with Radar,244,53,52,0,349,0,1,30,0,31,244,54,82,0,380,36,0,36,416
07/29/2021,SJC,CA,AWP,WE,Towers with Radar,264,67,58,0,389,0,0,47,0,47,264,67,105,0,436,36,0,36,472
07/30/2021,SJC,CA,AWP,WE,Towers with Radar,264,61,63,0,388,0,2,36,2,40,264,63,99,2,428,0,0,0,428
07/31/2021,SJC,CA,AWP,WE,Towers with Radar,199,47,38,0,284,0,3,41,0,44,199,50,79,0,328,48,0,48,376
08/01/2021,SJC,CA,AWP,WE,Towers with Radar,229,52,49,0,330,0,0,23,0,23,229,52,72,0,353,0,0,0,353
08/02/2021,SJC,CA,AWP,WE,Towers with Radar,259,44,42,0,345,0,0,28,3,31,259,44,70,3,376,8,0,8,384
08/03/2021,SJC,CA,AWP,WE,Towers with Radar,244,51,43,0,338,0,0,35,6,41,244,51,78,6,379,8,0,8,387
08/04/2021,SJC,CA,AWP,WE,Towers with Radar,237,55,49,0,341,0,2,27,5,34,237,57,76,5,375,16,0,16,391
08/05/2021,SJC,CA,AWP,WE,Towers with Radar,261,57,56,0,374,0,2,27,0,29,261,59,83,0,403,38,0,38,441
08/06/2021,SJC,CA,AWP,WE,Towers with Radar,264,50,52,0,366,0,3,31,0,34,264,53,83,0,400,0,0,0,400
08/07/2021,SJC,CA,AWP,WE,Towers with Radar,197,62,29,0,288,0,0,9,0,9,197,62,38,0,297,6,0,6,303
08/08/2021,SJC,CA,AWP,WE,Towers with Radar,239,59,66,2,366,0,2,20,0,22,239,61,86,2,388,8,0,8,396
08/09/2021,SJC,CA,AWP,WE,Towers with Radar,262,40,48,0,350,0,3,21,3,27,262,43,69,3,377,0,0,0,377
08/10/2021,SJC,CA,AWP,WE,Towers with Radar,240,45,47,0,332,0,0,28,5,33,240,45,75,5,365,8,0,8,373
08/11/2021,SJC,CA,AWP,WE,Towers with Radar,242,47,42,0,331,0,0,41,1,42,242,47,83,1,373,36,0,36,409
08/12/2021,SJC,CA,AWP,WE,Towers with Radar,262,57,50,0,369,0,0,34,2,36,262,57,84,2,405,0,0,0,405
08/13/2021,SJC,CA,AWP,WE,Towers with Radar,264,65,67,0,396,0,1,41,4,46,264,66,108,4,442,22,0,22,464
08/14/2021,SJC,CA,AWP,WE,Towers with Radar,191,43,38,0,272,0,2,37,4,43,191,45,75,4,315,0,0,0,315
08/15/2021,SJC,CA,AWP,WE,Towers with Radar,233,70,50,0,353,0,2,36,3,41,233,72,86,3,394,0,0,0,394
08/16/2021,SJC,CA,AWP,WE,Towers with Radar,265,57,45,0,367,0,2,25,6,33,265,59,70,6,400,18,2,20,420
08/17/2021,SJC,CA,AWP,WE,Towers with Radar,239,65,41,0,345,0,2,35,3,40,239,67,76,3,385,38,0,38,423
08/18/2021,SJC,CA,AWP,WE,Towers with Radar,250,70,48,0,368,0,2,17,5,24,250,72,65,5,392,0,0,0,392
08/19/2021,SJC,CA,AWP,WE,Towers with Radar,257,50,66,0,373,0,1,17,3,21,257,51,83,3,394,14,0,14,408
08/20/2021,SJC,CA,AWP,WE,Towers with Radar,262,69,57,0,388,0,0,23,2,25,262,69,80,2,413,16,0,16,429
08/21/2021,SJC,CA,AWP,WE,Towers with Radar,192,41,25,0,258,0,0,23,4,27,192,41,48,4,285,38,0,38,323
08/22/2021,SJC,CA,AWP,WE,Towers with Radar,238,57,42,0,337,0,2,37,0,39,238,59,79,0,376,34,0,34,410
08/23/2021,SJC,CA,AWP,WE,Towers with Radar,265,50,42,0,357,0,0,35,4,39,265,50,77,4,396,42,0,42,438
08/24/2021,SJC,CA,AWP,WE,Towers with Radar,248,48,55,0,351,0,9,30,4,43,248,57,85,4,394,36,0,36,430
08/25/2021,SJC,CA,AWP,WE,Towers with Radar,251,82,51,0,384,0,0,23,3,26,251,82,74,3,410,38,0,38,448
08/26/2021,SJC,CA,AWP,WE,Towers with Radar,263,68,59,0,390,0,5,40,3,48,263,73,99,3,438,34,0,34,472
08/27/2021,SJC,CA,AWP,WE,Towers with Radar,271,81,43,0,395,0,0,41,3,44,271,81,84,3,439,42,0,42,481
08/28/2021,SJC,CA,AWP,WE,Towers with Radar,203,50,28,0,281,0,0,12,3,15,203,50,40,3,296,0,0,0,296
08/29/2021,SJC,CA,AWP,WE,Towers with Radar,239,48,44,0,331,0,2,34,4,40,239,50,78,4,371,10,0,10,381
08/30/2021,SJC,CA,AWP,WE,Towers with Radar,263,50,43,0,356,0,0,22,7,29,263,50,65,7,385,48,0,48,433
08/31/2021,SJC,CA,AWP,WE,Towers with Radar,251,51,44,0,346,0,1,28,4,33,251,52,72,4,379,20,0,20,399
09/01/2021,SJC,CA,AWP,WE,Towers with Radar,255,54,49,0,358,0,0,42,2,44,255,54,91,2,402,28,0,28,430
09/02/2021,SJC,CA,AWP,WE,Towers with Radar,265,67,63,0,395,0,2,29,3,34,265,69,92,3,429,6,0,6,435
09/03/2021,SJC,CA,AWP,WE,Towers with Radar,272,64,48,0,384,0,0,20,1,21,272,64,68,1,405,0,0,0,405
09/04/2021,SJC,CA,AWP,WE,Towers with Radar,204,42,33,0,279,0,0,28,3,31,204,42,61,3,310,0,0,0,310
09/05/2021,SJC,CA,AWP,WE,Towers with Radar,229,51,15,0,295,0,3,22,3,28,229,54,37,3,323,2,0,2,325
09/06/2021,SJC,CA,AWP,WE,Towers with Radar,261,65,53,0,379,0,2,40,3,45,261,67,93,3,424,26,0,26,450
09/07/2021,SJC,CA,AWP,WE,Towers with Radar,261,57,33,0,351,0,2,37,4,43,261,59,70,4,394,42,0,42,436
09/08/2021,SJC,CA,AWP,WE,Towers with Radar,261,51,35,0,347,0,2,35,10,47,261,53,70,10,394,40,0,40,434
09/09/2021,SJC,CA,AWP,WE,Towers with Radar,283,67,53,0,403,0,0,30,2,32,283,67,83,2,435,8,0,8,443
09/10/2021,SJC,CA,AWP,WE,Towers with Radar,293,66,55,0,414,0,1,39,3,43,293,67,94,3,457,0,0,0,457
09/11/2021,SJC,CA,AWP,WE,Towers with Radar,216,50,26,0,292,0,0,26,4,30,216,50,52,4,322,2,0,2,324
09/12/2021,SJC,CA,AWP,WE,Towers with Radar,279,67,44,0,390,0,1,36,7,44,279,68,80,7,434,6,0,6,440
09/13/2021,SJC,CA,AWP,WE,Towers with Radar,291,72,53,0,416,0,0,31,3,34,291,72,84,3,450,4,0,4,454
09/14/2021,SJC,CA,AWP,WE,Towers with Radar,263,63,37,0,363,0,1,29,6,36,263,64,66,6,399,10,0,10,409
09/15/2021,SJC,CA,AWP,WE,Towers with Radar,271,65,45,0,381,0,5,34,3,42,271,70,79,3,423,46,0,46,469
09/16/2021,SJC,CA,AWP,WE,Towers with Radar,299,68,47,0,414,0,4,32,3,39,299,72,79,3,453,48,0,48,501
09/17/2021,SJC,CA,AWP,WE,Towers with Radar,298,60,40,0,398,0,2,46,3,51,298,62,86,3,449,40,0,40,489
09/18/2021,SJC,CA,AWP,WE,Towers with Radar,218,45,26,0,289,0,6,35,2,43,218,51,61,2,332,32,0,32,364
09/19/2021,SJC,CA,AWP,WE,Towers with Radar,289,71,64,1,425,0,1,28,2,31,289,72,92,3,456,8,0,8,464
09/20/2021,SJC,CA,AWP,WE,Towers with Radar,297,54,37,0,388,0,2,29,4,35,297,56,66,4,423,22,0,22,445
09/21/2021,SJC,CA,AWP,WE,Towers with Radar,270,50,29,0,349,0,0,38,3,41,270,50,67,3,390,22,0,22,412
09/22/2021,SJC,CA,AWP,WE,Towers with Radar,265,81,49,0,395,0,3,34,2,39,265,84,83,2,434,42,0,42,476
09/23/2021,SJC,CA,AWP,WE,Towers with Radar,297,69,71,2,439,0,1,41,3,45,297,70,112,5,484,28,0,28,512
09/24/2021,SJC,CA,AWP,WE,Towers with Radar,295,74,55,0,424,0,0,44,3,47,295,74,99,3,471,24,0,24,495
09/25/2021,SJC,CA,AWP,WE,Towers with Radar,219,48,43,0,310,0,0,19,4,23,219,48,62,4,333,0,0,0,333
09/26/2021,SJC,CA,AWP,WE,Towers with Radar,297,74,91,0,462,0,0,43,5,48,297,74,134,5,510,0,0,0,510
09/27/2021,SJC,CA,AWP,WE,Towers with Radar,295,63,43,0,401,0,0,17,9,26,295,63,60,9,427,0,0,0,427
09/28/2021,SJC,CA,AWP,WE,Towers with Radar,267,55,30,1,353,0,2,30,5,37,267,57,60,6,390,0,0,0,390
09/29/2021,SJC,CA,AWP,WE,Towers with Radar,271,76,48,1,396,0,0,44,3,47,271,76,92,4,443,0,0,0,443
09/30/2021,SJC,CA,AWP,WE,Towers with Radar,296,65,42,0,403,0,0,45,3,48,296,65,87,3,451,0,0,0,451
10/01/2021,SJC,CA,AWP,WE,Towers with Radar,294,67,42,0,403,0,2,37,5,44,294,69,79,5,447,6,0,6,453
10/02/2021,SJC,CA,AWP,WE,Towers with Radar,222,56,42,0,320,0,0,43,3,46,222,56,85,3,366,0,0,0,366
10/03/2021,SJC,CA,AWP,WE,Towers with Radar,292,80,73,0,445,0,0,48,3,51,292,80,121,3,496,0,0,0,496
10/04/2021,SJC,CA,AWP,WE,Towers with Radar,287,57,46,0,390,0,1,22,4,27,287,58,68,4,417,0,0,0,417
10/05/2021,SJC,CA,AWP,WE,Towers with Radar,262,50,31,1,344,0,0,22,2,24,262,50,53,3,368,8,0,8,376
10/06/2021,SJC,CA,AWP,WE,Towers with Radar,264,63,43,0,370,0,5,37,2,44,264,68,80,2,414,0,0,0,414
10/07/2021,SJC,CA,AWP,WE,Towers with Radar,284,85,65,0,434,0,2,36,3,41,284,87,101,3,475,0,0,0,475
10/08/2021,SJC,CA,AWP,WE,Towers with Radar,292,77,80,0,449,0,0,30,0,30,292,77,110,0,479,0,0,0,479
10/09/2021,SJC,CA,AWP,WE,Towers with Radar,213,50,43,0,306,0,5,30,0,35,213,55,73,0,341,16,0,16,357
10/10/2021,SJC,CA,AWP,WE,Towers with Radar,256,87,56,1,400,0,2,46,0,48,256,89,102,1,448,10,0,10,458
10/11/2021,SJC,CA,AWP,WE,Towers with Radar,275,69,50,0,394,0,1,12,0,13,275,70,62,0,407,7,0,7,414
10/12/2021,SJC,CA,AWP,WE,Towers with Radar,260,78,44,0,382,0,0,14,0,14,260,78,58,0,396,0,0,0,396
10/13/2021,SJC,CA,AWP,WE,Towers with Radar,264,89,42,0,395,0,2,33,0,35,264,91,75,0,430,14,0,14,444
10/14/2021,SJC,CA,AWP,WE,Towers with Radar,292,97,53,0,442,0,3,34,0,37,292,100,87,0,479,50,0,50,529
10/15/2021,SJC,CA,AWP,WE,Towers with Radar,297,66,49,0,412,0,3,40,0,43,297,69,89,0,455,12,0,12,467
10/16/2021,SJC,CA,AWP,WE,Towers with Radar,235,39,24,0,298,0,4,41,0,45,235,43,65,0,343,4,0,4,347
10/17/2021,SJC,CA,AWP,WE,Towers with Radar,294,72,48,0,414,0,0,25,0,25,294,72,73,0,439,0,0,0,439
10/18/2021,SJC,CA,AWP,WE,Towers with Radar,293,56,50,0,399,0,0,19,0,19,293,56,69,0,418,16,0,16,434
10/19/2021,SJC,CA,AWP,WE,Towers with Radar,262,51,35,0,348,0,0,42,0,42,262,51,77,0,390,14,0,14,404
10/20/2021,SJC,CA,AWP,WE,Towers with Radar,272,57,47,0,376,0,2,12,0,14,272,59,59,0,390,16,0,16,406
10/21/2021,SJC,CA,AWP,WE,Towers with Radar,270,68,62,0,400,0,1,22,0,23,270,69,84,0,423,0,0,0,423
10/22/2021,SJC,CA,AWP,WE,Towers with Radar,264,54,63,1,382,0,1,19,0,20,264,55,82,1,402,14,0,14,416
10/23/2021,SJC,CA,AWP,WE,Towers with Radar,235,35,32,1,303,0,1,19,0,20,235,36,51,1,323,2,0,2,325
10/24/2021,SJC,CA,AWP,WE,Towers with Radar,304,77,69,2,452,0,0,0,0,0,304,77,69,2,452,0,0,0,452
10/25/2021,SJC,CA,AWP,WE,Towers with Radar,277,74,49,0,400,0,0,11,0,11,277,74,60,0,411,0,0,0,411
10/26/2021,SJC,CA,AWP,WE,Towers with Radar,265,54,51,2,372,0,0,18,0,18,265,54,69,2,390,34,0,34,424
10/27/2021,SJC,CA,AWP,WE,Towers with Radar,266,72,50,0,388,0,1,31,0,32,266,73,81,0,420,54,0,54,474
10/28/2021,SJC,CA,AWP,WE,Towers with Radar,291,74,60,2,427,0,1,45,0,46,291,75,105,2,473,22,0,22,495
10/29/2021,SJC,CA,AWP,WE,Towers with Radar,295,56,57,0,408,0,6,42,0,48,295,62,99,0,456,0,0,0,456
10/30/2021,SJC,CA,AWP,WE,Towers with Radar,232,38,40,1,311,0,0,10,0,10,232,38,50,1,321,0,0,0,321
10/31/2021,SJC,CA,AWP,WE,Towers with Radar,265,53,63,0,381,0,0,32,0,32,265,53,95,0,413,0,0,0,413
11/01/2021,SJC,CA,AWP,WE,Towers with Radar,283,58,50,0,391,0,0,7,0,7,283,58,57,0,398,6,0,6,404
11/02/2021,SJC,CA,AWP,WE,Towers with Radar,271,62,43,0,376,0,0,19,0,19,271,62,62,0,395,8,0,8,403
11/03/2021,SJC,CA,AWP,WE,Towers with Radar,267,66,45,0,378,0,0,31,0,31,267,66,76,0,409,16,0,16,425
11/04/2021,SJC,CA,AWP,WE,Towers with Radar,289,59,71,0,419,0,0,42,0,42,289,59,113,0,461,80,0,80,541
11/05/2021,SJC,CA,AWP,WE,Towers with Radar,286,74,53,0,413,0,2,39,0,41,286,76,92,0,454,18,0,18,472
11/06/2021,SJC,CA,AWP,WE,Towers with Radar,230,37,47,0,314,0,0,21,2,23,230,37,68,2,337,18,0,18,355
11/07/2021,SJC,CA,AWP,WE,Towers with Radar,272,77,82,0,431,0,3,54,0,57,272,80,136,0,488,0,0,0,488
11/08/2021,SJC,CA,AWP,WE,Towers with Radar,288,78,49,0,415,0,0,13,0,13,288,78,62,0,428,24,0,24,452
11/09/2021,SJC,CA,AWP,WE,Towers with Radar,250,77,58,2,387,0,0,16,0,16,250,77,74,2,403,26,0,26,429
11/10/2021,SJC,CA,AWP,WE,Towers with Radar,254,84,74,0,412,0,2,29,0,31,254,86,103,0,443,18,0,18,461
11/11/2021,SJC,CA,AWP,WE,Towers with Radar,294,81,52,0,427,0,2,30,1,33,294,83,82,1,460,30,0,30,490
11/12/2021,SJC,CA,AWP,WE,Towers with Radar,299,61,55,2,417,0,0,32,0,32,299,61,87,2,449,0,0,0,449
11/13/2021,SJC,CA,AWP,WE,Towers with Radar,227,48,31,0,306,0,0,29,1,30,227,48,60,1,336,20,0,20,356
11/14/2021,SJC,CA,AWP,WE,Towers with Radar,274,75,48,0,397,0,2,44,0,46,274,77,92,0,443,20,0,20,463
11/15/2021,SJC,CA,AWP,WE,Towers with Radar,289,93,84,2,468,0,2,31,0,33,289,95,115,2,501,34,0,34,535
11/16/2021,SJC,CA,AWP,WE,Towers with Radar,252,63,58,0,373,0,4,14,2,20,252,67,72,2,393,22,2,24,417
11/17/2021,SJC,CA,AWP,WE,Towers with Radar,257,81,55,2,395,0,0,43,0,43,257,81,98,2,438,14,0,14,452
11/18/2021,SJC,CA,AWP,WE,Towers with Radar,295,72,74,2,443,0,0,38,0,38,295,72,112,2,481,58,0,58,539
11/19/2021,SJC,CA,AWP,WE,Towers with Radar,290,65,120,2,477,0,0,13,0,13,290,65,133,2,490,0,0,0,490
11/20/2021,SJC,CA,AWP,WE,Towers with Radar,233,85,55,0,373,0,0,28,0,28,233,85,83,0,401,0,0,0,401
11/21/2021,SJC,CA,AWP,WE,Towers with Radar,270,76,45,0,391,0,0,49,0,49,270,76,94,0,440,10,0,10,450
11/22/2021,SJC,CA,AWP,WE,Towers with Radar,288,47,39,0,374,0,0,30,0,30,288,47,69,0,404,30,0,30,434
11/23/2021,SJC,CA,AWP,WE,Towers with Radar,270,75,33,0,378,0,0,29,0,29,270,75,62,0,407,0,0,0,407
11/24/2021,SJC,CA,AWP,WE,Towers with Radar,280,53,39,0,372,0,0,28,0,28,280,53,67,0,400,20,0,20,420
11/25/2021,SJC,CA,AWP,WE,Towers with Radar,205,23,10,0,238,0,1,17,0,18,205,24,27,0,256,0,0,0,256
11/26/2021,SJC,CA,AWP,WE,Towers with Radar,236,45,42,0,323,0,2,24,0,26,236,47,66,0,349,24,0,24,373
11/27/2021,SJC,CA,AWP,WE,Towers with Radar,242,72,57,2,373,0,2,37,0,39,242,74,94,2,412,10,0,10,422
11/28/2021,SJC,CA,AWP,WE,Towers with Radar,282,86,85,0,453,0,0,43,0,43,282,86,128,0,496,2,0,2,498
11/29/2021,SJC,CA,AWP,WE,Towers with Radar,271,75,49,0,395,0,0,34,0,34,271,75,83,0,429,10,0,10,439
11/30/2021,SJC,CA,AWP,WE,Towers with Radar,266,71,40,0,377,0,0,48,0,48,266,71,88,0,425,50,0,50,475
12/01/2021,SJC,CA,AWP,WE,Towers with Radar,246,66,51,2,365,0,2,39,2,43,246,68,90,4,408,12,0,12,420
12/02/2021,SJC,CA,AWP,WE,Towers with Radar,265,57,61,0,383,0,0,37,0,37,265,57,98,0,420,2,0,2,422
12/03/2021,SJC,CA,AWP,WE,Towers with Radar,258,62,68,0,388,0,0,7,0,7,258,62,75,0,395,0,0,0,395
12/04/2021,SJC,CA,AWP,WE,Towers with Radar,209,48,45,0,302,0,0,19,0,19,209,48,64,0,321,6,0,6,327
12/05/2021,SJC,CA,AWP,WE,Towers with Radar,265,57,54,0,376,0,0,26,0,26,265,57,80,0,402,8,0,8,410
12/06/2021,SJC,CA,AWP,WE,Towers with Radar,250,64,83,0,397,0,0,0,0,0,250,64,83,0,397,0,0,0,397
12/07/2021,SJC,CA,AWP,WE,Towers with Radar,241,62,65,0,368,0,0,5,0,5,241,62,70,0,373,12,0,12,385
12/08/2021,SJC,CA,AWP,WE,Towers with Radar,254,73,77,0,404,0,3,8,0,11,254,76,85,0,415,0,0,0,415
12/09/2021,SJC,CA,AWP,WE,Towers with Radar,267,78,73,0,418,0,0,22,0,22,267,78,95,0,440,14,0,14,454
12/10/2021,SJC,CA,AWP,WE,Towers with Radar,259,69,72,0,400,0,0,43,1,44,259,69,115,1,444,10,0,10,454
12/11/2021,SJC,CA,AWP,WE,Towers with Radar,207,38,35,0,280,0,1,42,1,44,207,39,77,1,324,16,0,16,340
12/12/2021,SJC,CA,AWP,WE,Towers with Radar,272,56,45,0,373,0,0,0,0,0,272,56,45,0,373,0,0,0,373
12/13/2021,SJC,CA,AWP,WE,Towers with Radar,273,57,56,2,388,0,0,1,0,1,273,57,57,2,389,0,0,0,389
12/14/2021,SJC,CA,AWP,WE,Towers with Radar,223,60,43,0,326,0,2,15,0,17,223,62,58,0,343,12,0,12,355
12/15/2021,SJC,CA,AWP,WE,Towers with Radar,245,67,49,2,363,0,0,5,0,5,245,67,54,2,368,0,0,0,368
12/16/2021,SJC,CA,AWP,WE,Towers with Radar,282,66,65,0,413,0,1,12,1,14,282,67,77,1,427,22,0,22,449
12/17/2021,SJC,CA,AWP,WE,Towers with Radar,282,79,79,0,440,0,4,31,0,35,282,83,110,0,475,8,0,8,483
12/18/2021,SJC,CA,AWP,WE,Towers with Radar,217,65,44,0,326,0,4,38,2,44,217,69,82,2,370,0,0,0,370
12/19/2021,SJC,CA,AWP,WE,Towers with Radar,252,80,83,0,415,0,0,18,5,23,252,80,101,5,438,0,0,0,438
12/20/2021,SJC,CA,AWP,WE,Towers with Radar,268,43,33,0,344,0,0,24,5,29,268,43,57,5,373,0,0,0,373
12/21/2021,SJC,CA,AWP,WE,Towers with Radar,264,45,39,0,348,0,0,25,4,29,264,45,64,4,377,0,0,0,377
12/22/2021,SJC,CA,AWP,WE,Towers with Radar,270,59,42,0,371,0,0,3,4,7,270,59,45,4,378,2,0,2,380
12/23/2021,SJC,CA,AWP,WE,Towers with Radar,273,62,31,0,366,0,0,2,2,4,273,62,33,2,370,0,0,0,370
12/24/2021,SJC,CA,AWP,WE,Towers with Radar,227,30,33,1,291,0,0,3,0,3,227,30,36,1,294,2,0,2,296
12/25/2021,SJC,CA,AWP,WE,Towers with Radar,190,34,16,0,240,0,0,0,0,0,190,34,16,0,240,0,0,0,240
12/26/2021,SJC,CA,AWP,WE,Towers with Radar,240,52,44,0,336,0,1,8,4,13,240,53,52,4,349,16,0,16,365
12/27/2021,SJC,CA,AWP,WE,Towers with Radar,245,51,50,0,346,0,1,4,4,9,245,52,54,4,355,0,0,0,355
12/28/2021,SJC,CA,AWP,WE,Towers with Radar,236,47,51,2,336,0,1,1,8,10,236,48,52,10,346,0,0,0,346
12/29/2021,SJC,CA,AWP,WE,Towers with Radar,240,28,32,0,300,0,0,1,0,1,240,28,33,0,301,0,0,0,301
12/30/2021,SJC,CA,AWP,WE,Towers with Radar,248,45,31,2,326,0,0,24,3,27,248,45,55,5,353,6,0,6,359
12/31/2021,SJC,CA,AWP,WE,Towers with Radar,213,35,20,0,268,0,0,22,6,28,213,35,42,6,296,0,0,0,296
01/01/2022,SJC,CA,AWP,WE,Towers with Radar,193,41,36,0,270,0,2,27,2,31,193,43,63,2,301,0,0,0,301
01/02/2022,SJC,CA,AWP,WE,Towers with Radar,243,56,79,0,378,0,1,34,1,36,243,57,113,1,414,8,0,8,422
01/03/2022,SJC,CA,AWP,WE,Towers with Radar,246,41,43,0,330,0,3,12,4,19,246,44,55,4,349,0,0,0,349
01/04/2022,SJC,CA,AWP,WE,Towers with Radar,230,55,48,0,333,0,0,11,0,11,230,55,59,0,344,12,0,12,356
01/05/2022,SJC,CA,AWP,WE,Towers with Radar,211,45,42,0,298,0,0,10,2,12,211,45,52,2,310,16,0,16,326
01/06/2022,SJC,CA,AWP,WE,Towers with Radar,215,53,60,0,328,0,0,2,0,2,215,53,62,0,330,0,0,0,330
01/07/2022,SJC,CA,AWP,WE,Towers with Radar,215,48,48,0,311,0,0,9,3,12,215,48,57,3,323,6,0,6,329
01/08/2022,SJC,CA,AWP,WE,Towers with Radar,188,47,35,0,270,0,0,19,0,19,188,47,54,0,289,0,0,0,289
01/09/2022,SJC,CA,AWP,WE,Towers with Radar,255,45,63,0,363,0,0,40,0,40,255,45,103,0,403,14,0,14,417
01/10/2022,SJC,CA,AWP,WE,Towers with Radar,234,45,34,0,313,0,4,32,0,36,234,49,66,0,349,0,0,0,349
01/11/2022,SJC,CA,AWP,WE,Towers with Radar,226,45,24,0,295,0,0,32,0,32,226,45,56,0,327,0,0,0,327
01/12/2022,SJC,CA,AWP,WE,Towers with Radar,225,51,29,0,305,0,0,23,0,23,225,51,52,0,328,0,0,0,328
01/13/2022,SJC,CA,AWP,WE,Towers with Radar,237,49,39,0,325,0,1,29,2,32,237,50,68,2,357,32,0,32,389
01/14/2022,SJC,CA,AWP,WE,Towers with Radar,274,54,71,0,399,0,2,21,2,25,274,56,92,2,424,10,0,10,434
01/15/2022,SJC,CA,AWP,WE,Towers with Radar,189,49,36,0,274,0,2,25,4,31,189,51,61,4,305,0,0,0,305
01/16/2022,SJC,CA,AWP,WE,Towers with Radar,229,39,35,0,303,0,1,31,0,32,229,40,66,0,335,0,0,0,335
01/17/2022,SJC,CA,AWP,WE,Towers with Radar,270,54,77,0,401,0,0,20,5,25,270,54,97,5,426,0,0,0,426
01/18/2022,SJC,CA,AWP,WE,Towers with Radar,233,54,47,0,334,0,0,10,4,14,233,54,57,4,348,0,0,0,348
01/19/2022,SJC,CA,AWP,WE,Towers with Radar,228,55,53,0,336,0,0,15,2,17,228,55,68,2,353,18,0,18,371
01/20/2022,SJC,CA,AWP,WE,Towers with Radar,288,55,64,0,407,0,0,26,4,30,288,55,90,4,437,22,2,24,461
01/21/2022,SJC,CA,AWP,WE,Towers with Radar,264,46,59,0,369,0,1,16,4,21,264,47,75,4,390,0,0,0,390
01/22/2022,SJC,CA,AWP,WE,Towers with Radar,192,35,38,0,265,0,1,16,3,20,192,36,54,3,285,0,0,0,285
01/23/2022,SJC,CA,AWP,WE,Towers with Radar,258,65,79,0,402,0,1,25,4,30,258,66,104,4,432,0,0,0,432
01/24/2022,SJC,CA,AWP,WE,Towers with Radar,264,52,58,0,374,0,0,16,3,19,264,52,74,3,393,20,0,20,413
01/25/2022,SJC,CA,AWP,WE,Towers with Radar,223,52,55,0,330,0,1,11,4,16,223,53,66,4,346,24,0,24,370
01/26/2022,SJC,CA,AWP,WE,Towers with Radar,226,59,64,0,349,0,0,11,5,16,226,59,75,5,365,0,0,0,365
01/27/2022,SJC,CA,AWP,WE,Towers with Radar,272,59,65,0,396,0,0,30,0,30,272,59,95,0,426,16,0,16,442
01/28/2022,SJC,CA,AWP,WE,Towers with Radar,261,44,64,0,369,0,0,39,0,39,261,44,103,0,408,20,0,20,428
01/29/2022,SJC,CA,AWP,WE,Towers with Radar,189,39,42,0,270,0,1,24,0,25,189,40,66,0,295,8,0,8,303
01/30/2022,SJC,CA,AWP,WE,Towers with Radar,255,59,81,0,395,0,1,20,2,23,255,60,101,2,418,10,0,10,428
01/31/2022,SJC,CA,AWP,WE,Towers with Radar,259,43,48,0,350,0,1,9,0,10,259,44,57,0,360,46,0,46,406
02/01/2022,SJC,CA,AWP,WE,Towers with Radar,223,51,37,0,311,0,1,6,6,13,223,52,43,6,324,10,0,10,334
02/02/2022,SJC,CA,AWP,WE,Towers with Radar,219,63,45,2,329,0,0,14,3,17,219,63,59,5,346,6,0,6,352
02/03/2022,SJC,CA,AWP,WE,Towers with Radar,239,71,49,0,359,0,1,30,0,31,239,72,79,0,390,20,0,20,410
02/04/2022,SJC,CA,AWP,WE,Towers with Radar,247,48,60,0,355,0,3,35,0,38,247,51,95,0,393,0,0,0,393
02/05/2022,SJC,CA,AWP,WE,Towers with Radar,188,26,42,0,256,0,0,13,0,13,188,26,55,0,269,0,0,0,269
02/06/2022,SJC,CA,AWP,WE,Towers with Radar,246,66,59,0,371,0,0,23,4,27,246,66,82,4,398,5,0,5,403
02/07/2022,SJC,CA,AWP,WE,Towers with Radar,261,56,75,0,392,0,0,9,0,9,261,56,84,0,401,36,0,36,437
02/08/2022,SJC,CA,AWP,WE,Towers with Radar,228,40,49,0,317,0,1,18,2,21,228,41,67,2,338,26,0,26,364
02/09/2022,SJC,CA,AWP,WE,Towers with Radar,223,62,56,0,341,0,0,25,4,29,223,62,81,4,370,50,0,50,420
02/10/2022,SJC,CA,AWP,WE,Towers with Radar,268,64,56,0,388,0,1,27,4,32,268,65,83,4,420,16,0,16,436
02/11/2022,SJC,CA,AWP,WE,Towers with Radar,264,65,67,0,396,0,1,24,0,25,264,66,91,0,421,30,0,30,451
02/12/2022,SJC,CA,AWP,WE,Towers with Radar,195,51,42,0,288,0,3,22,0,25,195,54,64,0,313,0,0,0,313
02/13/2022,SJC,CA,AWP,WE,Towers with Radar,247,57,51,0,355,0,1,24,6,31,247,58,75,6,386,4,0,4,390
02/14/2022,SJC,CA,AWP,WE,Towers with Radar,259,68,58,0,385,0,0,2,3,5,259,68,60,3,390,0,0,0,390
02/15/2022,SJC,CA,AWP,WE,Towers with Radar,229,44,59,0,332,0,0,12,4,16,229,44,71,4,348,4,0,4,352
02/16/2022,SJC,CA,AWP,WE,Towers with Radar,220,58,51,0,329,0,0,21,4,25,220,58,72,4,354,0,0,0,354
02/17/2022,SJC,CA,AWP,WE,Towers with Radar,266,76,69,0,411,0,0,19,2,21,266,76,88,2,432,10,0,10,442
02/18/2022,SJC,CA,AWP,WE,Towers with Radar,267,94,86,0,447,0,2,26,3,31,267,96,112,3,478,16,0,16,494
02/19/2022,SJC,CA,AWP,WE,Towers with Radar,206,77,60,0,343,0,4,20,2,26,206,81,80,2,369,0,0,0,369
02/20/2022,SJC,CA,AWP,WE,Towers with Radar,252,57,40,0,349,0,1,7,3,11,252,58,47,3,360,0,0,0,360
02/21/2022,SJC,CA,AWP,WE,Towers with Radar,264,52,88,0,404,0,1,11,4,16,264,53,99,4,420,12,0,12,432
02/22/2022,SJC,CA,AWP,WE,Towers with Radar,231,42,66,0,339,0,2,6,5,13,231,44,72,5,352,8,0,8,360
02/23/2022,SJC,CA,AWP,WE,Towers with Radar,223,63,51,0,337,0,8,29,3,40,223,71,80,3,377,8,0,8,385
02/24/2022,SJC,CA,AWP,WE,Towers with Radar,262,60,59,2,383,0,1,16,3,20,262,61,75,5,403,12,0,12,415
02/25/2022,SJC,CA,AWP,WE,Towers with Radar,266,69,73,0,408,0,2,22,4,28,266,71,95,4,436,26,0,26,462
02/26/2022,SJC,CA,AWP,WE,Towers with Radar,207,72,60,0,339,0,2,21,4,27,207,74,81,4,366,26,0,26,392
02/27/2022,SJC,CA,AWP,WE,Towers with Radar,259,83,69,0,411,0,0,12,3,15,259,83,81,3,426,0,0,0,426
02/28/2022,SJC,CA,AWP,WE,Towers with Radar,268,59,82,0,409,0,3,17,4,24,268,62,99,4,433,24,0,24,457
03/01/2022,SJC,CA,AWP,WE,Towers with Radar,234,51,55,0,340,0,1,26,6,33,234,52,81,6,373,18,0,18,391
03/02/2022,SJC,CA,AWP,WE,Towers with Radar,231,76,78,0,385,0,0,22,4,26,231,76,100,4,411,14,0,14,425
03/03/2022,SJC,CA,AWP,WE,Towers with Radar,276,47,72,0,395,0,0,9,5,14,276,47,81,5,409,22,0,22,431
03/04/2022,SJC,CA,AWP,WE,Towers with Radar,261,40,79,0,380,0,3,7,1,11,261,43,86,1,391,0,0,0,391
03/05/2022,SJC,CA,AWP,WE,Towers with Radar,191,35,33,0,259,0,3,10,5,18,191,38,43,5,277,16,0,16,293
03/06/2022,SJC,CA,AWP,WE,Towers with Radar,249,66,64,0,379,0,1,25,4,30,249,67,89,4,409,28,0,28,437
03/07/2022,SJC,CA,AWP,WE,Towers with Radar,266,60,78,0,404,0,2,15,4,21,266,62,93,4,425,0,0,0,425
03/08/2022,SJC,CA,AWP,WE,Towers with Radar,235,60,54,0,349,0,0,13,4,17,235,60,67,4,366,30,0,30,396
03/09/2022,SJC,CA,AWP,WE,Towers with Radar,233,74,62,0,369,0,1,22,4,27,233,75,84,4,396,8,0,8,404
03/10/2022,SJC,CA,AWP,WE,Towers with Radar,283,60,63,0,406,0,1,27,5,33,283,61,90,5,439,42,0,42,481
03/11/2022,SJC,CA,AWP,WE,Towers with Radar,278,51,76,4,409,0,5,22,5,32,278,56,98,9,441,0,0,0,441
03/12/2022,SJC,CA,AWP,WE,Towers with Radar,200,42,48,0,290,0,2,25,3,30,200,44,73,3,320,0,0,0,320
03/13/2022,SJC,CA,AWP,WE,Towers with Radar,251,44,54,0,349,0,0,14,0,14,251,44,68,0,363,0,0,0,363
03/14/2022,SJC,CA,AWP,WE,Towers with Radar,277,67,68,1,413,0,0,19,7,26,277,67,87,8,439,28,0,28,467
03/15/2022,SJC,CA,AWP,WE,Towers with Radar,261,56,63,0,380,0,3,10,4,17,261,59,73,4,397,6,0,6,403
03/16/2022,SJC,CA,AWP,WE,Towers with Radar,262,71,69,0,402,0,0,14,2,16,262,71,83,2,418,0,0,0,418
03/17/2022,SJC,CA,AWP,WE,Towers with Radar,296,60,86,0,442,0,10,19,0,29,296,70,105,0,471,8,0,8,479
03/18/2022,SJC,CA,AWP,WE,Towers with Radar,281,69,71,0,421,0,6,29,3,38,281,75,100,3,459,2,0,2,461
03/19/2022,SJC,CA,AWP,WE,Towers with Radar,206,44,33,0,283,0,0,3,4,7,206,44,36,4,290,0,0,0,290
03/20/2022,SJC,CA,AWP,WE,Towers with Radar,280,54,79,0,413,0,1,34,4,39,280,55,113,4,452,6,0,6,458
03/21/2022,SJC,CA,AWP,WE,Towers with Radar,288,60,63,0,411,0,3,17,3,23,288,63,80,3,434,8,0,8,442
03/22/2022,SJC,CA,AWP,WE,Towers with Radar,269,59,50,0,378,0,4,17,3,24,269,63,67,3,402,36,0,36,438
03/23/2022,SJC,CA,AWP,WE,Towers with Radar,269,69,41,0,379,0,0,11,7,18,269,69,52,7,397,0,0,0,397
03/24/2022,SJC,CA,AWP,WE,Towers with Radar,291,75,50,0,416,0,4,32,3,39,291,79,82,3,455,6,0,6,461
03/25/2022,SJC,CA,AWP,WE,Towers with Radar,288,64,62,0,414,0,4,22,6,32,288,68,84,6,446,16,0,16,462
03/26/2022,SJC,CA,AWP,WE,Towers with Radar,203,55,60,0,318,0,7,22,0,29,203,62,82,0,347,24,0,24,371
03/27/2022,SJC,CA,AWP,WE,Towers with Radar,279,70,63,0,412,0,1,12,2,15,279,71,75,2,427,0,0,0,427
03/28/2022,SJC,CA,AWP,WE,Towers with Radar,285,51,52,0,388,0,0,3,4,7,285,51,55,4,395,12,0,12,407
03/29/2022,SJC,CA,AWP,WE,Towers with Radar,278,38,54,0,370,0,2,13,4,19,278,40,67,4,389,28,0,28,417
03/30/2022,SJC,CA,AWP,WE,Towers with Radar,266,61,72,0,399,0,2,20,7,29,266,63,92,7,428,12,0,12,440
03/31/2022,SJC,CA,AWP,WE,Towers with Radar,295,56,60,0,411,0,1,32,7,40,295,57,92,7,451,34,0,34,485
04/01/2022,SJC,CA,AWP,WE,Towers with Radar,279,58,65,0,402,0,1,19,4,24,279,59,84,4,426,0,0,0,426
04/02/2022,SJC,CA,AWP,WE,Towers with Radar,201,43,42,0,286,0,2,18,3,23,201,45,60,3,309,22,0,22,331
04/03/2022,SJC,CA,AWP,WE,Towers with Radar,291,45,68,0,404,0,2,22,4,28,291,47,90,4,432,8,0,8,440
04/04/2022,SJC,CA,AWP,WE,Towers with Radar,310,53,59,0,422,0,1,15,5,21,310,54,74,5,443,8,0,8,451
04/05/2022,SJC,CA,AWP,WE,Towers with Radar,303,58,53,0,414,0,2,20,4,26,303,60,73,4,440,0,0,0,440
04/06/2022,SJC,CA,AWP,WE,Towers with Radar,304,68,65,0,437,0,3,31,6,40,304,71,96,6,477,44,0,44,521
04/07/2022,SJC,CA,AWP,WE,Towers with Radar,317,63,63,0,443,0,0,30,7,37,317,63,93,7,480,22,0,22,502
04/08/2022,SJC,CA,AWP,WE,Towers with Radar,318,70,82,0,470,0,4,24,4,32,318,74,106,4,502,24,0,24,526
04/09/2022,SJC,CA,AWP,WE,Towers with Radar,225,53,47,0,325,0,4,19,0,23,225,57,66,0,348,32,0,32,380
04/10/2022,SJC,CA,AWP,WE,Towers with Radar,306,56,34,0,396,0,1,21,0,22,306,57,55,0,418,6,0,6,424
04/11/2022,SJC,CA,AWP,WE,Towers with Radar,323,55,56,0,434,0,0,9,0,9,323,55,65,0,443,0,0,0,443
04/12/2022,SJC,CA,AWP,WE,Towers with Radar,308,43,53,0,404,0,1,20,0,21,308,44,73,0,425,12,0,12,437
04/13/2022,SJC,CA,AWP,WE,Towers with Radar,306,60,47,0,413,0,4,18,7,29,306,64,65,7,442,18,0,18,460
04/14/2022,SJC,CA,AWP,WE,Towers with Radar,319,65,75,0,459,0,0,7,4,11,319,65,82,4,470,0,0,0,470
04/15/2022,SJC,CA,AWP,WE,Towers with Radar,314,60,57,0,431,0,2,26,5,33,314,62,83,5,464,62,0,62,526
04/16/2022,SJC,CA,AWP,WE,Towers with Radar,225,50,32,2,309,0,0,11,6,17,225,50,43,8,326,14,0,14,340
04/17/2022,SJC,CA,AWP,WE,Towers with Radar,308,69,77,0,454,0,1,18,3,22,308,70,95,3,476,28,0,28,504
04/18/2022,SJC,CA,AWP,WE,Towers with Radar,313,59,64,0,436,0,0,19,7,26,313,59,83,7,462,0,0,0,462
04/19/2022,SJC,CA,AWP,WE,Towers with Radar,313,66,46,0,425,0,1,15,4,20,313,67,61,4,445,14,0,14,459
04/20/2022,SJC,CA,AWP,WE,Towers with Radar,322,64,63,2,451,0,2,17,10,29,322,66,80,12,480,6,0,6,486
04/21/2022,SJC,CA,AWP,WE,Towers with Radar,323,86,61,0,470,0,0,6,4,10,323,86,67,4,480,4,0,4,484
04/22/2022,SJC,CA,AWP,WE,Towers with Radar,314,68,67,0,449,0,5,11,1,17,314,73,78,1,466,14,0,14,480
04/23/2022,SJC,CA,AWP,WE,Towers with Radar,242,32,57,0,331,0,1,22,5,28,242,33,79,5,359,18,0,18,377
04/24/2022,SJC,CA,AWP,WE,Towers with Radar,311,57,67,0,435,0,0,29,2,31,311,57,96,2,466,0,0,0,466
04/25/2022,SJC,CA,AWP,WE,Towers with Radar,320,55,55,0,430,0,1,19,3,23,320,56,74,3,453,10,0,10,463
04/26/2022,SJC,CA,AWP,WE,Towers with Radar,318,50,56,0,424,0,0,22,7,29,318,50,78,7,453,66,0,66,519
04/27/2022,SJC,CA,AWP,WE,Towers with Radar,320,54,58,0,432,0,2,27,10,39,320,56,85,10,471,64,0,64,535
04/28/2022,SJC,CA,AWP,WE,Towers with Radar,323,56,62,0,441,0,2,15,5,22,323,58,77,5,463,32,0,32,495
04/29/2022,SJC,CA,AWP,WE,Towers with Radar,312,65,56,1,434,0,6,30,6,42,312,71,86,7,476,0,0,0,476
04/30/2022,SJC,CA,AWP,WE,Towers with Radar,238,37,31,0,306,0,3,10,3,16,238,40,41,3,322,0,0,0,322
05/01/2022,SJC,CA,AWP,WE,Towers with Radar,305,62,71,1,439,0,2,20,3,25,305,64,91,4,464,0,0,0,464
05/02/2022,SJC,CA,AWP,WE,Towers with Radar,309,56,62,0,427,0,1,9,5,15,309,57,71,5,442,0,0,0,442
05/03/2022,SJC,CA,AWP,WE,Towers with Radar,308,45,53,0,406,0,1,14,3,18,308,46,67,3,424,16,0,16,440
05/04/2022,SJC,CA,AWP,WE,Towers with Radar,310,63,65,0,438,0,3,17,6,26,310,66,82,6,464,60,0,60,524
05/05/2022,SJC,CA,AWP,WE,Towers with Radar,317,79,71,0,467,0,1,25,5,31,317,80,96,5,498,16,0,16,514
05/06/2022,SJC,CA,AWP,WE,Towers with Radar,308,60,61,0,429,0,2,22,6,30,308,62,83,6,459,12,0,12,471
05/07/2022,SJC,CA,AWP,WE,Towers with Radar,229,31,27,0,287,0,2,9,6,17,229,33,36,6,304,16,0,16,320
05/08/2022,SJC,CA,AWP,WE,Towers with Radar,307,51,44,0,402,0,1,14,5,20,307,52,58,5,422,0,0,0,422
05/09/2022,SJC,CA,AWP,WE,Towers with Radar,317,66,77,0,460,0,1,7,4,12,317,67,84,4,472,0,0,0,472
05/10/2022,SJC,CA,AWP,WE,Towers with Radar,304,64,68,0,436,0,1,16,5,22,304,65,84,5,458,0,0,0,458
05/11/2022,SJC,CA,AWP,WE,Towers with Radar,308,63,75,2,448,0,0,24,6,30,308,63,99,8,478,4,0,4,482
05/12/2022,SJC,CA,AWP,WE,Towers with Radar,303,64,61,0,428,14,5,31,3,53,317,69,92,3,481,10,0,10,491
05/13/2022,SJC,CA,AWP,WE,Towers with Radar,309,50,64,0,423,0,1,28,8,37,309,51,92,8,460,20,0,20,480
05/14/2022,SJC,CA,AWP,WE,Towers with Radar,237,36,50,0,323,0,2,19,4,25,237,38,69,4,348,0,0,0,348
05/15/2022,SJC,CA,AWP,WE,Towers with Radar,318,65,81,0,464,0,0,17,4,21,318,65,98,4,485,2,0,2,487
05/16/2022,SJC,CA,AWP,WE,Towers with Radar,317,53,70,2,442,0,0,13,1,14,317,53,83,3,456,16,0,16,472
05/17/2022,SJC,CA,AWP,WE,Towers with Radar,311,73,63,0,447,0,2,21,3,26,311,75,84,3,473,0,0,0,473
05/18/2022,SJC,CA,AWP,WE,Towers with Radar,305,58,66,0,429,0,0,20,8,28,305,58,86,8,457,12,0,12,469
05/19/2022,SJC,CA,AWP,WE,Towers with Radar,324,73,70,2,469,0,2,21,0,23,324,75,91,2,492,4,0,4,496
05/20/2022,SJC,CA,AWP,WE,Towers with Radar,313,69,65,0,447,0,1,32,3,36,313,70,97,3,483,0,0,0,483
05/21/2022,SJC,CA,AWP,WE,Towers with Radar,236,43,37,0,316,0,0,33,3,36,236,43,70,3,352,6,0,6,358
05/22/2022,SJC,CA,AWP,WE,Towers with Radar,316,54,63,2,435,0,2,22,3,27,316,56,85,5,462,22,0,22,484
05/23/2022,SJC,CA,AWP,WE,Towers with Radar,326,61,40,0,427,0,0,18,3,21,326,61,58,3,448,10,0,10,458
05/24/2022,SJC,CA,AWP,WE,Towers with Radar,310,73,61,0,444,0,0,18,4,22,310,73,79,4,466,28,0,28,494
05/25/2022,SJC,CA,AWP,WE,Towers with Radar,316,77,70,0,463,0,1,27,3,31,316,78,97,3,494,42,0,42,536
05/26/2022,SJC,CA,AWP,WE,Towers with Radar,323,78,64,0,465,0,1,35,6,42,323,79,99,6,507,20,0,20,527
05/27/2022,SJC,CA,AWP,WE,Towers with Radar,320,60,73,0,453,0,0,34,3,37,320,60,107,3,490,32,0,32,522
05/28/2022,SJC,CA,AWP,WE,Towers with Radar,238,30,40,0,308,0,3,16,4,23,238,33,56,4,331,38,0,38,369
05/29/2022,SJC,CA,AWP,WE,Towers with Radar,307,26,34,0,367,0,0,8,0,8,307,26,42,0,375,0,0,0,375
05/30/2022,SJC,CA,AWP,WE,Towers with Radar,319,58,69,0,446,0,0,32,3,35,319,58,101,3,481,26,0,26,507
05/31/2022,SJC,CA,AWP,WE,Towers with Radar,309,66,72,0,447,0,1,29,5,35,309,67,101,5,482,10,0,10,492
06/01/2022,SJC,CA,AWP,WE,Towers with Radar,302,68,60,0,430,0,6,21,3,30,302,74,81,3,460,42,0,42,502
06/02/2022,SJC,CA,AWP,WE,Towers with Radar,321,69,75,0,465,0,3,25,1,29,321,72,100,1,494,0,0,0,494
06/03/2022,SJC,CA,AWP,WE,Towers with Radar,308,56,51,0,415,0,0,21,4,25,308,56,72,4,440,26,0,26,466
06/04/2022,SJC,CA,AWP,WE,Towers with Radar,224,39,38,0,301,0,5,17,0,22,224,44,55,0,323,0,0,0,323
06/05/2022,SJC,CA,AWP,WE,Towers with Radar,355,54,66,3,478,0,0,11,3,14,355,54,77,6,492,0,0,0,492
06/06/2022,SJC,CA,AWP,WE,Towers with Radar,356,53,63,1,473,0,2,19,3,24,356,55,82,4,497,22,0,22,519
06/07/2022,SJC,CA,AWP,WE,Towers with Radar,350,69,48,0,467,0,1,16,2,19,350,70,64,2,486,0,0,0,486
06/08/2022,SJC,CA,AWP,WE,Towers with Radar,352,78,60,0,490,0,0,26,4,30,352,78,86,4,520,28,0,28,548
06/09/2022,SJC,CA,AWP,WE,Towers with Radar,357,82,66,0,505,0,0,25,4,29,357,82,91,4,534,12,0,12,546
06/10/2022,SJC,CA,AWP,WE,Towers with Radar,356,85,77,2,520,0,4,28,2,34,356,89,105,4,554,22,0,22,576
06/11/2022,SJC,CA,AWP,WE,Towers with Radar,249,42,51,0,342,0,0,20,2,22,249,42,71,2,364,42,0,42,406
06/12/2022,SJC,CA,AWP,WE,Towers with Radar,351,79,84,0,514,0,1,15,2,18,351,80,99,2,532,26,0,26,558
06/13/2022,SJC,CA,AWP,WE,Towers with Radar,362,70,49,0,481,0,0,26,1,27,362,70,75,1,508,4,0,4,512
06/14/2022,SJC,CA,AWP,WE,Towers with Radar,341,62,53,0,456,3,1,20,5,29,344,63,73,5,485,4,0,4,489
06/15/2022,SJC,CA,AWP,WE,Towers with Radar,348,66,59,0,473,0,0,23,2,25,348,66,82,2,498,24,0,24,522
06/16/2022,SJC,CA,AWP,WE,Towers with Radar,352,61,46,0,459,0,0,24,2,26,352,61,70,2,485,0,0,0,485
06/17/2022,SJC,CA,AWP,WE,Towers with Radar,346,58,56,1,461,0,2,17,3,22,346,60,73,4,483,0,0,0,483
06/18/2022,SJC,CA,AWP,WE,Towers with Radar,240,34,44,0,318,0,1,26,4,31,240,35,70,4,349,14,0,14,363
06/19/2022,SJC,CA,AWP,WE,Towers with Radar,345,58,73,2,478,0,1,33,3,37,345,59,106,5,515,0,0,0,515
06/20/2022,SJC,CA,AWP,WE,Towers with Radar,357,61,67,0,485,0,1,21,2,24,357,62,88,2,509,0,0,0,509
06/21/2022,SJC,CA,AWP,WE,Towers with Radar,350,65,68,0,483,0,0,17,2,19,350,65,85,2,502,0,0,0,502
06/22/2022,SJC,CA,AWP,WE,Towers with Radar,350,63,63,0,476,0,0,25,0,25,350,63,88,0,501,26,0,26,527
06/23/2022,SJC,CA,AWP,WE,Towers with Radar,360,72,65,0,497,0,0,26,9,35,360,72,91,9,532,26,2,28,560
06/24/2022,SJC,CA,AWP,WE,Towers with Radar,354,55,71,0,480,0,0,35,4,39,354,55,106,4,519,26,0,26,545
06/25/2022,SJC,CA,AWP,WE,Towers with Radar,238,45,37,0,320,0,1,21,4,26,238,46,58,4,346,8,0,8,354
06/26/2022,SJC,CA,AWP,WE,Towers with Radar,345,56,49,0,450,0,0,22,3,25,345,56,71,3,475,20,0,20,495
06/27/2022,SJC,CA,AWP,WE,Towers with Radar,353,58,62,0,473,0,2,16,1,19,353,60,78,1,492,0,0,0,492
06/28/2022,SJC,CA,AWP,WE,Towers with Radar,338,57,54,0,449,0,0,22,2,24,338,57,76,2,473,0,0,0,473
06/29/2022,SJC,CA,AWP,WE,Towers with Radar,359,63,61,0,483,0,0,20,4,24,359,63,81,4,507,0,0,0,507
06/30/2022,SJC,CA,AWP,WE,Towers with Radar,358,82,75,0,515,0,0,24,2,26,358,82,99,2,541,14,0,14,555
07/01/2022,SJC,CA,AWP,WE,Towers with Radar,353,64,59,0,476,0,1,18,5,24,353,65,77,5,500,6,0,6,506
07/02/2022,SJC,CA,AWP,WE,Towers with Radar,236,55,56,0,347,0,0,18,4,22,236,55,74,4,369,18,0,18,387
07/03/2022,SJC,CA,AWP,WE,Towers with Radar,318,26,35,1,380,0,0,17,3,20,318,26,52,4,400,16,0,16,416
07/04/2022,SJC,CA,AWP,WE,Towers with Radar,337,22,28,0,387,0,1,19,1,21,337,23,47,1,408,20,0,20,428
07/05/2022,SJC,CA,AWP,WE,Towers with Radar,349,53,63,0,465,0,1,24,0,25,349,54,87,0,490,22,0,22,512
07/06/2022,SJC,CA,AWP,WE,Towers with Radar,343,59,36,0,438,0,1,17,1,19,343,60,53,1,457,50,0,50,507
07/07/2022,SJC,CA,AWP,WE,Towers with Radar,361,52,32,0,445,0,1,10,0,11,361,53,42,0,456,2,0,2,458
07/08/2022,SJC,CA,AWP,WE,Towers with Radar,355,48,53,0,456,0,8,20,0,28,355,56,73,0,484,8,0,8,492
07/09/2022,SJC,CA,AWP,WE,Towers with Radar,240,34,42,0,316,0,0,19,0,19,240,34,61,0,335,16,0,16,351
07/10/2022,SJC,CA,AWP,WE,Towers with Radar,347,60,65,0,472,0,3,25,0,28,347,63,90,0,500,40,0,40,540
07/11/2022,SJC,CA,AWP,WE,Towers with Radar,359,66,60,1,486,0,4,22,0,26,359,70,82,1,512,30,0,30,542
07/12/2022,SJC,CA,AWP,WE,Towers with Radar,347,84,64,0,495,0,2,16,0,18,347,86,80,0,513,22,0,22,535
07/13/2022,SJC,CA,AWP,WE,Towers with Radar,348,72,52,1,473,0,0,30,0,30,348,72,82,1,503,12,0,12,515
07/14/2022,SJC,CA,AWP,WE,Towers with Radar,355,78,70,0,503,0,1,29,0,30,355,79,99,0,533,4,0,4,537
07/15/2022,SJC,CA,AWP,WE,Towers with Radar,354,70,55,0,479,0,1,32,0,33,354,71,87,0,512,12,0,12,524
07/16/2022,SJC,CA,AWP,WE,Towers with Radar,242,40,45,0,327,0,2,34,0,36,242,42,79,0,363,42,0,42,405
07/17/2022,SJC,CA,AWP,WE,Towers with Radar,347,68,56,0,471,0,1,25,0,26,347,69,81,0,497,18,0,18,515
07/18/2022,SJC,CA,AWP,WE,Towers with Radar,357,55,44,0,456,0,4,11,0,15,357,59,55,0,471,6,0,6,477
07/19/2022,SJC,CA,AWP,WE,Towers with Radar,354,71,49,0,474,0,0,16,0,16,354,71,65,0,490,0,0,0,490
07/20/2022,SJC,CA,AWP,WE,Towers with Radar,355,70,56,0,481,0,3,23,1,27,355,73,79,1,508,12,0,12,520
07/21/2022,SJC,CA,AWP,WE,Towers with Radar,369,73,70,0,512,0,1,21,0,22,369,74,91,0,534,0,0,0,534
07/22/2022,SJC,CA,AWP,WE,Towers with Radar,367,59,64,0,490,0,0,26,0,26,367,59,90,0,516,0,0,0,516
07/23/2022,SJC,CA,AWP,WE,Towers with Radar,235,27,46,0,308,0,2,20,0,22,235,29,66,0,330,36,0,36,366
07/24/2022,SJC,CA,AWP,WE,Towers with Radar,340,64,81,0,485,0,0,24,0,24,340,64,105,0,509,22,0,22,531
07/25/2022,SJC,CA,AWP,WE,Towers with Radar,353,68,61,0,482,0,0,14,0,14,353,68,75,0,496,20,0,20,516
07/26/2022,SJC,CA,AWP,WE,Towers with Radar,350,62,55,0,467,0,1,16,0,17,350,63,71,0,484,0,0,0,484
07/27/2022,SJC,CA,AWP,WE,Towers with Radar,353,51,63,0,467,0,0,26,0,26,353,51,89,0,493,14,0,14,507
07/28/2022,SJC,CA,AWP,WE,Towers with Radar,353,72,72,0,497,0,1,26,0,27,353,73,98,0,524,40,0,40,564
07/29/2022,SJC,CA,AWP,WE,Towers with Radar,354,80,67,0,501,0,0,24,0,24,354,80,91,0,525,4,0,4,529
07/30/2022,SJC,CA,AWP,WE,Towers with Radar,239,32,31,0,302,0,1,14,0,15,239,33,45,0,317,22,0,22,339
07/31/2022,SJC,CA,AWP,WE,Towers with Radar,342,50,42,0,434,0,1,18,0,19,342,51,60,0,453,0,0,0,453
08/01/2022,SJC,CA,AWP,WE,Towers with Radar,360,53,46,0,459,0,0,17,0,17,360,53,63,0,476,8,0,8,484
08/02/2022,SJC,CA,AWP,WE,Towers with Radar,351,60,39,0,450,0,0,17,0,17,351,60,56,0,467,8,0,8,475
08/03/2022,SJC,CA,AWP,WE,Towers with Radar,346,57,60,0,463,0,1,28,0,29,346,58,88,0,492,54,0,54,546
08/04/2022,SJC,CA,AWP,WE,Towers with Radar,350,68,57,0,475,0,1,24,1,26,350,69,81,1,501,0,0,0,501
08/05/2022,SJC,CA,AWP,WE,Towers with Radar,356,70,48,0,474,0,5,23,2,30,356,75,71,2,504,14,0,14,518
08/06/2022,SJC,CA,AWP,WE,Towers with Radar,240,43,48,0,331,0,2,19,4,25,240,45,67,4,356,0,0,0,356
08/07/2022,SJC,CA,AWP,WE,Towers with Radar,345,45,62,0,452,0,0,27,3,30,345,45,89,3,482,38,0,38,520
08/08/2022,SJC,CA,AWP,WE,Towers with Radar,354,57,53,0,464,0,1,25,3,29,354,58,78,3,493,8,0,8,501
08/09/2022,SJC,CA,AWP,WE,Towers with Radar,334,61,47,0,442,0,5,35,3,43,334,66,82,3,485,18,0,18,503
08/10/2022,SJC,CA,AWP,WE,Towers with Radar,340,69,54,0,463,0,0,27,5,32,340,69,81,5,495,36,0,36,531
08/11/2022,SJC,CA,AWP,WE,Towers with Radar,371,68,66,0,505,0,0,24,6,30,371,68,90,6,535,0,0,0,535
08/12/2022,SJC,CA,AWP,WE,Towers with Radar,358,65,47,0,470,0,0,29,4,33,358,65,76,4,503,0,0,0,503
08/13/2022,SJC,CA,AWP,WE,Towers with Radar,241,35,38,0,314,0,0,25,3,28,241,35,63,3,342,18,0,18,360
08/14/2022,SJC,CA,AWP,WE,Towers with Radar,331,63,53,0,447,0,3,21,4,28,331,66,74,4,475,2,0,2,477
08/15/2022,SJC,CA,AWP,WE,Towers with Radar,361,75,60,0,496,0,0,27,4,31,361,75,87,4,527,38,0,38,565
08/16/2022,SJC,CA,AWP,WE,Towers with Radar,349,80,60,1,490,1,1,27,3,32,350,81,87,4,522,20,0,20,542
08/17/2022,SJC,CA,AWP,WE,Towers with Radar,350,66,66,1,483,0,0,15,4,19,350,66,81,5,502,2,0,2,504
08/18/2022,SJC,CA,AWP,WE,Towers with Radar,358,76,79,0,513,0,1,25,2,28,358,77,104,2,541,16,0,16,557
08/19/2022,SJC,CA,AWP,WE,Towers with Radar,360,58,53,1,472,0,1,29,6,36,360,59,82,7,508,18,0,18,526
08/20/2022,SJC,CA,AWP,WE,Towers with Radar,240,42,51,0,333,0,6,23,6,35,240,48,74,6,368,0,0,0,368
08/21/2022,SJC,CA,AWP,WE,Towers with Radar,336,57,58,1,452,0,2,41,3,46,336,59,99,4,498,8,0,8,506
08/22/2022,SJC,CA,AWP,WE,Towers with Radar,357,82,54,2,495,0,1,20,4,25,357,83,74,6,520,8,0,8,528
08/23/2022,SJC,CA,AWP,WE,Towers with Radar,343,83,53,0,479,0,3,18,4,25,343,86,71,4,504,52,0,52,556
08/24/2022,SJC,CA,AWP,WE,Towers with Radar,345,78,56,0,479,0,3,23,4,30,345,81,79,4,509,16,0,16,525
08/25/2022,SJC,CA,AWP,WE,Towers with Radar,366,73,70,0,509,0,2,22,3,27,366,75,92,3,536,18,0,18,554
08/26/2022,SJC,CA,AWP,WE,Towers with Radar,359,66,52,0,477,0,0,29,3,32,359,66,81,3,509,20,0,20,529
08/27/2022,SJC,CA,AWP,WE,Towers with Radar,237,25,44,1,307,0,0,21,3,24,237,25,65,4,331,10,0,10,341
08/28/2022,SJC,CA,AWP,WE,Towers with Radar,345,59,60,0,464,0,0,29,4,33,345,59,89,4,497,60,0,60,557
08/29/2022,SJC,CA,AWP,WE,Towers with Radar,363,53,46,0,462,0,0,16,4,20,363,53,62,4,482,0,0,0,482
08/30/2022,SJC,CA,AWP,WE,Towers with Radar,342,62,34,0,438,0,2,26,2,30,342,64,60,2,468,10,0,10,478
08/31/2022,SJC,CA,AWP,WE,Towers with Radar,350,82,56,0,488,0,0,23,0,23,350,82,79,0,511,28,0,28,539
09/01/2022,SJC,CA,AWP,WE,Towers with Radar,365,76,55,0,496,0,0,37,2,39,365,76,92,2,535,14,0,14,549
09/02/2022,SJC,CA,AWP,WE,Towers with Radar,358,66,67,0,491,0,2,29,3,34,358,68,96,3,525,42,0,42,567
09/03/2022,SJC,CA,AWP,WE,Towers with Radar,238,40,40,1,319,0,0,25,3,28,238,40,65,4,347,18,0,18,365
09/04/2022,SJC,CA,AWP,WE,Towers with Radar,283,34,39,0,356,0,2,13,4,19,283,36,52,4,375,4,0,4,379
09/05/2022,SJC,CA,AWP,WE,Towers with Radar,353,70,60,0,483,0,2,31,4,37,353,72,91,4,520,22,0,22,542
09/06/2022,SJC,CA,AWP,WE,Towers with Radar,324,72,55,0,451,0,2,14,8,24,324,74,69,8,475,0,0,0,475
09/07/2022,SJC,CA,AWP,WE,Towers with Radar,321,71,63,0,455,0,4,15,3,22,321,75,78,3,477,0,0,0,477
09/08/2022,SJC,CA,AWP,WE,Towers with Radar,368,83,63,1,515,0,2,22,7,31,368,85,85,8,546,24,0,24,570
09/09/2022,SJC,CA,AWP,WE,Towers with Radar,363,60,54,0,477,0,0,27,0,27,363,60,81,0,504,2,0,2,506
09/10/2022,SJC,CA,AWP,WE,Towers with Radar,253,50,55,1,359,0,1,20,4,25,253,51,75,5,384,18,0,18,402
09/11/2022,SJC,CA,AWP,WE,Towers with Radar,310,61,73,0,444,0,4,29,4,37,310,65,102,4,481,14,0,14,495
09/12/2022,SJC,CA,AWP,WE,Towers with Radar,362,58,55,1,476,0,2,20,4,26,362,60,75,5,502,36,0,36,538
09/13/2022,SJC,CA,AWP,WE,Towers with Radar,330,67,44,0,441,0,0,19,8,27,330,67,63,8,468,26,0,26,494
09/14/2022,SJC,CA,AWP,WE,Towers with Radar,337,74,55,0,466,0,0,19,2,21,337,74,74,2,487,0,0,0,487
09/15/2022,SJC,CA,AWP,WE,Towers with Radar,384,64,47,0,495,0,3,15,4,22,384,67,62,4,517,10,0,10,527
09/16/2022,SJC,CA,AWP,WE,Towers with Radar,366,57,63,0,486,0,1,23,3,27,366,58,86,3,513,48,0,48,561
09/17/2022,SJC,CA,AWP,WE,Towers with Radar,264,34,53,1,352,0,1,29,4,34,264,35,82,5,386,0,0,0,386
09/18/2022,SJC,CA,AWP,WE,Towers with Radar,331,75,77,0,483,0,0,2,8,10,331,75,79,8,493,0,0,0,493
09/19/2022,SJC,CA,AWP,WE,Towers with Radar,369,69,59,0,497,0,0,7,2,9,369,69,66,2,506,4,0,4,510
09/20/2022,SJC,CA,AWP,WE,Towers with Radar,338,72,45,1,456,0,0,15,3,18,338,72,60,4,474,16,0,16,490
09/21/2022,SJC,CA,AWP,WE,Towers with Radar,338,78,38,0,454,0,0,17,5,22,338,78,55,5,476,44,0,44,520
09/22/2022,SJC,CA,AWP,WE,Towers with Radar,377,87,55,1,520,0,1,30,9,40,377,88,85,10,560,18,0,18,578
09/23/2022,SJC,CA,AWP,WE,Towers with Radar,369,42,51,2,464,0,1,30,4,35,369,43,81,6,499,38,0,38,537
09/24/2022,SJC,CA,AWP,WE,Towers with Radar,261,46,43,0,350,0,2,32,2,36,261,48,75,2,386,34,0,34,420
09/25/2022,SJC,CA,AWP,WE,Towers with Radar,315,55,55,1,426,0,3,29,3,35,315,58,84,4,461,8,0,8,469
09/26/2022,SJC,CA,AWP,WE,Towers with Radar,369,63,58,1,491,0,0,15,0,15,369,63,73,1,506,26,0,26,532
09/27/2022,SJC,CA,AWP,WE,Towers with Radar,337,58,33,0,428,0,1,14,2,17,337,59,47,2,445,32,0,32,477
09/28/2022,SJC,CA,AWP,WE,Towers with Radar,334,78,43,0,455,0,1,17,2,20,334,79,60,2,475,30,0,30,505
09/29/2022,SJC,CA,AWP,WE,Towers with Radar,375,86,63,0,524,0,6,27,4,37,375,92,90,4,561,22,0,22,583
09/30/2022,SJC,CA,AWP,WE,Towers with Radar,376,94,58,1,529,0,1,28,4,33,376,95,86,5,562,4,0,4,566
10/01/2022,SJC,CA,AWP,WE,Towers with Radar,258,56,42,0,356,0,1,10,0,11,258,57,52,0,367,14,0,14,381
10/02/2022,SJC,CA,AWP,WE,Towers with Radar,313,67,57,1,438,0,0,28,2,30,313,67,85,3,468,0,0,0,468
10/03/2022,SJC,CA,AWP,WE,Towers with Radar,367,93,101,0,561,0,0,37,4,41,367,93,138,4,602,0,0,0,602
10/04/2022,SJC,CA,AWP,WE,Towers with Radar,339,83,84,1,507,0,4,17,0,21,339,87,101,1,528,10,0,10,538
10/05/2022,SJC,CA,AWP,WE,Towers with Radar,340,84,67,0,491,0,3,21,4,28,340,87,88,4,519,36,0,36,555
10/06/2022,SJC,CA,AWP,WE,Towers with Radar,359,75,65,0,499,0,2,20,4,26,359,77,85,4,525,2,0,2,527
10/07/2022,SJC,CA,AWP,WE,Towers with Radar,359,52,74,0,485,0,0,37,5,42,359,52,111,5,527,36,0,36,563
10/08/2022,SJC,CA,AWP,WE,Towers with Radar,244,41,49,0,334,0,2,22,5,29,244,43,71,5,363,0,0,0,363
10/09/2022,SJC,CA,AWP,WE,Towers with Radar,293,60,73,0,426,0,1,20,2,23,293,61,93,2,449,0,0,0,449
10/10/2022,SJC,CA,AWP,WE,Towers with Radar,358,70,63,0,491,0,1,13,4,18,358,71,76,4,509,0,0,0,509
10/11/2022,SJC,CA,AWP,WE,Towers with Radar,345,60,63,0,468,0,1,14,4,19,345,61,77,4,487,8,0,8,495
10/12/2022,SJC,CA,AWP,WE,Towers with Radar,357,87,65,0,509,0,0,16,4,20,357,87,81,4,529,6,0,6,535
10/13/2022,SJC,CA,AWP,WE,Towers with Radar,360,81,63,0,504,0,0,30,3,33,360,81,93,3,537,24,0,24,561
10/14/2022,SJC,CA,AWP,WE,Towers with Radar,360,69,53,0,482,0,0,22,0,22,360,69,75,0,504,0,0,0,504
10/15/2022,SJC,CA,AWP,WE,Towers with Radar,241,38,46,0,325,0,3,17,0,20,241,41,63,0,345,100,0,100,445
10/16/2022,SJC,CA,AWP,WE,Towers with Radar,294,76,70,0,440,0,1,11,0,12,294,77,81,0,452,4,0,4,456
10/17/2022,SJC,CA,AWP,WE,Towers with Radar,354,67,53,0,474,0,2,31,0,33,354,69,84,0,507,10,0,10,517
10/18/2022,SJC,CA,AWP,WE,Towers with Radar,344,72,52,0,468,0,2,24,0,26,344,74,76,0,494,0,0,0,494
10/19/2022,SJC,CA,AWP,WE,Towers with Radar,345,70,45,0,460,0,1,36,0,37,345,71,81,0,497,54,0,54,551
10/20/2022,SJC,CA,AWP,WE,Towers with Radar,355,80,57,0,492,0,1,28,0,29,355,81,85,0,521,26,0,26,547
10/21/2022,SJC,CA,AWP,WE,Towers with Radar,346,76,55,0,477,1,0,34,0,35,347,76,89,0,512,46,0,46,558
10/22/2022,SJC,CA,AWP,WE,Towers with Radar,237,43,41,0,321,0,0,15,2,17,237,43,56,2,338,0,0,0,338
10/23/2022,SJC,CA,AWP,WE,Towers with Radar,295,87,81,0,463,0,0,29,0,29,295,87,110,0,492,6,0,6,498
10/24/2022,SJC,CA,AWP,WE,Towers with Radar,353,76,60,0,489,0,0,25,0,25,353,76,85,0,514,12,0,12,526
10/25/2022,SJC,CA,AWP,WE,Towers with Radar,338,74,46,0,458,0,4,18,0,22,338,78,64,0,480,0,0,0,480
10/26/2022,SJC,CA,AWP,WE,Towers with Radar,348,79,45,4,476,0,2,22,2,26,348,81,67,6,502,10,0,10,512
10/27/2022,SJC,CA,AWP,WE,Towers with Radar,353,76,68,2,499,0,0,26,0,26,353,76,94,2,525,40,0,40,565
10/28/2022,SJC,CA,AWP,WE,Towers with Radar,343,59,63,0,465,0,2,30,0,32,343,61,93,0,497,22,0,22,519
10/29/2022,SJC,CA,AWP,WE,Towers with Radar,241,40,19,0,300,0,2,19,0,21,241,42,38,0,321,0,0,0,321
10/30/2022,SJC,CA,AWP,WE,Towers with Radar,295,60,58,0,413,0,0,17,0,17,295,60,75,0,430,20,0,20,450
10/31/2022,SJC,CA,AWP,WE,Towers with Radar,341,57,35,0,433,0,1,13,0,14,341,58,48,0,447,0,0,0,447
11/01/2022,SJC,CA,AWP,WE,Towers with Radar,347,73,54,0,474,0,0,7,2,9,347,73,61,2,483,0,0,0,483
11/02/2022,SJC,CA,AWP,WE,Towers with Radar,349,85,73,0,507,0,0,18,0,18,349,85,91,0,525,0,0,0,525
11/03/2022,SJC,CA,AWP,WE,Towers with Radar,357,91,54,0,502,0,6,29,0,35,357,97,83,0,537,0,0,0,537
11/04/2022,SJC,CA,AWP,WE,Towers with Radar,352,80,46,0,478,0,0,16,2,18,352,80,62,2,496,12,0,12,508
11/05/2022,SJC,CA,AWP,WE,Towers with Radar,254,34,44,0,332,0,0,6,1,7,254,34,50,1,339,0,0,0,339
11/06/2022,SJC,CA,AWP,WE,Towers with Radar,335,58,51,0,444,0,1,22,2,25,335,59,73,2,469,34,0,34,503
11/07/2022,SJC,CA,AWP,WE,Towers with Radar,339,74,46,0,459,0,4,7,6,17,339,78,53,6,476,0,0,0,476
11/08/2022,SJC,CA,AWP,WE,Towers with Radar,310,51,48,0,409,0,0,4,2,6,310,51,52,2,415,0,0,0,415
11/09/2022,SJC,CA,AWP,WE,Towers with Radar,332,61,45,0,438,0,0,22,2,24,332,61,67,2,462,16,0,16,478
11/10/2022,SJC,CA,AWP,WE,Towers with Radar,348,82,67,0,497,0,5,40,4,49,348,87,107,4,546,30,0,30,576
11/11/2022,SJC,CA,AWP,WE,Towers with Radar,338,59,65,0,462,0,0,34,4,38,338,59,99,4,500,0,0,0,500
11/12/2022,SJC,CA,AWP,WE,Towers with Radar,254,39,34,2,329,0,2,26,5,33,254,41,60,7,362,16,0,16,378
11/13/2022,SJC,CA,AWP,WE,Towers with Radar,342,66,68,0,476,0,1,40,2,43,342,67,108,2,519,14,0,14,533
11/14/2022,SJC,CA,AWP,WE,Towers with Radar,348,77,57,0,482,0,2,16,6,24,348,79,73,6,506,40,0,40,546
11/15/2022,SJC,CA,AWP,WE,Towers with Radar,322,91,56,0,469,0,2,22,3,27,322,93,78,3,496,36,0,36,532
11/16/2022,SJC,CA,AWP,WE,Towers with Radar,325,80,60,0,465,0,0,27,4,31,325,80,87,4,496,30,0,30,526
11/17/2022,SJC,CA,AWP,WE,Towers with Radar,346,79,66,0,491,0,4,21,4,29,346,83,87,4,520,12,0,12,532
11/18/2022,SJC,CA,AWP,WE,Towers with Radar,346,83,86,0,515,0,4,37,2,43,346,87,123,2,558,30,0,30,588
11/19/2022,SJC,CA,AWP,WE,Towers with Radar,272,58,35,0,365,0,2,25,0,27,272,60,60,0,392,0,0,0,392
11/20/2022,SJC,CA,AWP,WE,Towers with Radar,353,52,48,0,453,0,1,31,3,35,353,53,79,3,488,24,0,24,512
11/21/2022,SJC,CA,AWP,WE,Towers with Radar,360,49,40,3,452,0,4,17,4,25,360,53,57,7,477,14,0,14,491
11/22/2022,SJC,CA,AWP,WE,Towers with Radar,337,48,61,0,446,0,1,31,5,37,337,49,92,5,483,20,12,32,515
11/23/2022,SJC,CA,AWP,WE,Towers with Radar,340,40,35,0,415,0,0,20,2,22,340,40,55,2,437,20,0,20,457
11/24/2022,SJC,CA,AWP,WE,Towers with Radar,251,23,10,0,284,0,0,8,0,8,251,23,18,0,292,2,0,2,294
11/25/2022,SJC,CA,AWP,WE,Towers with Radar,332,34,27,2,395,0,0,16,2,18,332,34,43,4,413,0,0,0,413
11/26/2022,SJC,CA,AWP,WE,Towers with Radar,274,52,51,0,377,0,0,25,0,25,274,52,76,0,402,0,0,0,402
11/27/2022,SJC,CA,AWP,WE,Towers with Radar,340,88,94,0,522,0,2,20,0,22,340,90,114,0,544,6,0,6,550
11/28/2022,SJC,CA,AWP,WE,Towers with Radar,337,96,58,0,491,0,0,14,4,18,337,96,72,4,509,0,0,0,509
11/29/2022,SJC,CA,AWP,WE,Towers with Radar,338,57,58,0,453,0,0,22,3,25,338,57,80,3,478,14,0,14,492
11/30/2022,SJC,CA,AWP,WE,Towers with Radar,294,78,65,0,437,0,2,29,7,38,294,80,94,7,475,2,0,2,477
12/01/2022,SJC,CA,AWP,WE,Towers with Radar,317,73,39,0,429,0,0,3,1,4,317,73,42,1,433,0,0,0,433
12/02/2022,SJC,CA,AWP,WE,Towers with Radar,316,61,53,3,433,0,3,24,4,31,316,64,77,7,464,0,0,0,464
12/03/2022,SJC,CA,AWP,WE,Towers with Radar,246,41,42,0,329,0,0,0,0,0,246,41,42,0,329,0,0,0,329
12/04/2022,SJC,CA,AWP,WE,Towers with Radar,336,44,56,2,438,0,1,16,2,19,336,45,72,4,457,0,0,0,457
12/05/2022,SJC,CA,AWP,WE,Towers with Radar,335,66,59,0,460,0,0,9,0,9,335,66,68,0,469,14,0,14,483
12/06/2022,SJC,CA,AWP,WE,Towers with Radar,312,78,55,0,445,0,1,26,0,27,312,79,81,0,472,0,0,0,472
12/07/2022,SJC,CA,AWP,WE,Towers with Radar,314,74,55,0,443,0,0,18,6,24,314,74,73,6,467,0,0,0,467
12/08/2022,SJC,CA,AWP,WE,Towers with Radar,337,85,62,4,488,0,0,16,0,16,337,85,78,4,504,0,0,0,504
12/09/2022,SJC,CA,AWP,WE,Towers with Radar,330,67,74,0,471,0,0,8,0,8,330,67,82,0,479,6,0,6,485
12/10/2022,SJC,CA,AWP,WE,Towers with Radar,243,36,24,0,303,0,0,0,0,0,243,36,24,0,303,0,0,0,303
12/11/2022,SJC,CA,AWP,WE,Towers with Radar,333,77,62,0,472,0,0,11,2,13,333,77,73,2,485,0,0,0,485
12/12/2022,SJC,CA,AWP,WE,Towers with Radar,337,62,54,0,453,0,0,12,0,12,337,62,66,0,465,28,0,28,493
12/13/2022,SJC,CA,AWP,WE,Towers with Radar,304,61,51,0,416,0,1,17,0,18,304,62,68,0,434,12,0,12,446
12/14/2022,SJC,CA,AWP,WE,Towers with Radar,312,78,41,0,431,0,1,27,1,29,312,79,68,1,460,10,0,10,470
12/15/2022,SJC,CA,AWP,WE,Towers with Radar,335,73,51,2,461,0,0,30,0,30,335,73,81,2,491,20,0,20,511
12/16/2022,SJC,CA,AWP,WE,Towers with Radar,348,90,58,1,497,0,0,17,0,17,348,90,75,1,514,0,0,0,514
12/17/2022,SJC,CA,AWP,WE,Towers with Radar,251,41,49,0,341,0,0,28,0,28,251,41,77,0,369,16,0,16,385
12/18/2022,SJC,CA,AWP,WE,Towers with Radar,342,45,41,0,428,0,0,28,0,28,342,45,69,0,456,0,0,0,456
12/19/2022,SJC,CA,AWP,WE,Towers with Radar,339,74,36,2,451,0,0,14,0,14,339,74,50,2,465,10,0,10,475
12/20/2022,SJC,CA,AWP,WE,Towers with Radar,333,56,43,0,432,0,0,23,0,23,333,56,66,0,455,0,0,0,455
12/21/2022,SJC,CA,AWP,WE,Towers with Radar,311,67,39,0,417,0,2,16,0,18,311,69,55,0,435,18,0,18,453
12/22/2022,SJC,CA,AWP,WE,Towers with Radar,300,68,48,0,416,0,0,24,0,24,300,68,72,0,440,20,0,20,460
12/23/2022,SJC,CA,AWP,WE,Towers with Radar,228,44,39,0,311,0,0,32,0,32,228,44,71,0,343,0,0,0,343
12/24/2022,SJC,CA,AWP,WE,Towers with Radar,156,31,34,0,221,0,0,6,0,6,156,31,40,0,227,0,0,0,227
12/25/2022,SJC,CA,AWP,WE,Towers with Radar,165,29,14,2,210,0,2,9,0,11,165,31,23,2,221,16,0,16,237
12/26/2022,SJC,CA,AWP,WE,Towers with Radar,165,57,66,0,288,0,0,9,0,9,165,57,75,0,297,0,0,0,297
12/27/2022,SJC,CA,AWP,WE,Towers with Radar,157,50,42,0,249,0,0,0,0,0,157,50,42,0,249,0,0,0,249
12/28/2022,SJC,CA,AWP,WE,Towers with Radar,171,42,41,0,254,0,0,18,0,18,171,42,59,0,272,4,0,4,276
12/29/2022,SJC,CA,AWP,WE,Towers with Radar,188,45,33,0,266,0,0,2,0,2,188,45,35,0,268,0,0,0,268
12/30/2022,SJC,CA,AWP,WE,Towers with Radar,330,48,24,0,402,0,0,1,0,1,330,48,25,0,403,24,0,24,427
12/31/2022,SJC,CA,AWP,WE,Towers with Radar,228,32,22,0,282,0,0,0,0,0,228,32,22,0,282,0,0,0,282
01/01/2023,SJC,CA,AWP,WE,Towers with Radar,335,55,54,0,444,0,1,23,0,24,335,56,77,0,468,14,0,14,482
01/02/2023,SJC,CA,AWP,WE,Towers with Radar,343,61,63,0,467,0,0,3,0,3,343,61,66,0,470,24,0,24,494
01/03/2023,SJC,CA,AWP,WE,Towers with Radar,327,52,39,0,418,0,1,8,0,9,327,53,47,0,427,0,0,0,427
01/04/2023,SJC,CA,AWP,WE,Towers with Radar,345,40,38,0,423,0,0,0,0,0,345,40,38,0,423,0,0,0,423
01/05/2023,SJC,CA,AWP,WE,Towers with Radar,343,34,33,3,413,0,0,4,0,4,343,34,37,3,417,0,0,0,417
01/06/2023,SJC,CA,AWP,WE,Towers with Radar,320,47,40,0,407,0,1,27,0,28,320,48,67,0,435,12,0,12,447
01/07/2023,SJC,CA,AWP,WE,Towers with Radar,236,43,38,2,319,0,3,10,0,13,236,46,48,2,332,0,0,0,332
01/08/2023,SJC,CA,AWP,WE,Towers with Radar,289,90,84,2,465,0,0,18,3,21,289,90,102,5,486,0,0,0,486
01/09/2023,SJC,CA,AWP,WE,Towers with Radar,333,67,46,0,446,0,1,6,0,7,333,68,52,0,453,0,0,0,453
01/10/2023,SJC,CA,AWP,WE,Towers with Radar,291,58,25,0,374,0,0,4,0,4,291,58,29,0,378,0,0,0,378
01/11/2023,SJC,CA,AWP,WE,Towers with Radar,295,93,38,2,428,0,2,7,0,9,295,95,45,2,437,26,0,26,463
01/12/2023,SJC,CA,AWP,WE,Towers with Radar,335,72,50,1,458,0,1,26,0,27,335,73,76,1,485,8,0,8,493
01/13/2023,SJC,CA,AWP,WE,Towers with Radar,330,56,38,0,424,0,0,3,0,3,330,56,41,0,427,0,0,0,427
01/14/2023,SJC,CA,AWP,WE,Towers with Radar,215,37,36,0,288,0,0,1,0,1,215,37,37,0,289,0,0,0,289
01/15/2023,SJC,CA,AWP,WE,Towers with Radar,267,34,27,0,328,0,0,7,0,7,267,34,34,0,335,12,0,12,347
01/16/2023,SJC,CA,AWP,WE,Towers with Radar,337,50,48,0,435,0,0,11,0,11,337,50,59,0,446,34,0,34,480
01/17/2023,SJC,CA,AWP,WE,Towers with Radar,289,60,63,8,420,0,2,30,1,33,289,62,93,9,453,0,0,0,453
01/18/2023,SJC,CA,AWP,WE,Towers with Radar,304,68,36,2,410,0,3,16,0,19,304,71,52,2,429,0,0,0,429
01/19/2023,SJC,CA,AWP,WE,Towers with Radar,340,51,42,6,439,0,0,12,0,12,340,51,54,6,451,0,0,0,451
01/20/2023,SJC,CA,AWP,WE,Towers with Radar,328,62,49,2,441,0,0,42,0,42,328,62,91,2,483,14,0,14,497
01/21/2023,SJC,CA,AWP,WE,Towers with Radar,218,27,45,2,292,0,0,26,0,26,218,27,71,2,318,64,0,64,382
01/22/2023,SJC,CA,AWP,WE,Towers with Radar,279,105,132,2,518,0,0,34,2,36,279,105,166,4,554,10,0,10,564
01/23/2023,SJC,CA,AWP,WE,Towers with Radar,336,56,56,0,448,0,0,28,0,28,336,56,84,0,476,8,0,8,484
01/24/2023,SJC,CA,AWP,WE,Towers with Radar,294,50,52,2,398,0,3,28,0,31,294,53,80,2,429,2,0,2,431
01/25/2023,SJC,CA,AWP,WE,Towers with Radar,298,71,70,3,442,0,3,38,0,41,298,74,108,3,483,6,0,6,489
01/26/2023,SJC,CA,AWP,WE,Towers with Radar,342,63,53,1,459,0,1,20,0,21,342,64,73,1,480,0,0,0,480
01/27/2023,SJC,CA,AWP,WE,Towers with Radar,332,54,49,4,439,0,2,42,0,44,332,56,91,4,483,14,0,14,497
01/28/2023,SJC,CA,AWP,WE,Towers with Radar,221,43,44,0,308,0,2,17,0,19,221,45,61,0,327,0,0,0,327
01/29/2023,SJC,CA,AWP,WE,Towers with Radar,279,56,50,0,385,0,1,12,0,13,279,57,62,0,398,30,0,30,428
01/30/2023,SJC,CA,AWP,WE,Towers with Radar,319,73,49,1,442,0,2,23,2,27,319,75,72,3,469,24,2,26,495
01/31/2023,SJC,CA,AWP,WE,Towers with Radar,276,55,48,0,379,0,1,20,0,21,276,56,68,0,400,6,0,6,406
02/01/2023,SJC,CA,AWP,WE,Towers with Radar,290,70,68,0,428,0,0,31,0,31,290,70,99,0,459,40,0,40,499
02/02/2023,SJC,CA,AWP,WE,Towers with Radar,339,72,45,0,456,0,1,33,0,34,339,73,78,0,490,18,0,18,508
02/03/2023,SJC,CA,AWP,WE,Towers with Radar,334,55,37,0,426,0,0,13,2,15,334,55,50,2,441,30,0,30,471
02/04/2023,SJC,CA,AWP,WE,Towers with Radar,219,45,30,0,294,0,0,10,0,10,219,45,40,0,304,0,0,0,304
02/05/2023,SJC,CA,AWP,WE,Towers with Radar,283,61,32,0,376,0,0,8,0,8,283,61,40,0,384,2,0,2,386
02/06/2023,SJC,CA,AWP,WE,Towers with Radar,338,59,52,0,449,1,2,25,0,28,339,61,77,0,477,16,0,16,493
02/07/2023,SJC,CA,AWP,WE,Towers with Radar,302,60,62,0,424,0,3,26,0,29,302,63,88,0,453,16,0,16,469
02/08/2023,SJC,CA,AWP,WE,Towers with Radar,307,73,46,0,426,0,1,34,0,35,307,74,80,0,461,26,0,26,487
02/09/2023,SJC,CA,AWP,WE,Towers with Radar,343,55,45,0,443,0,0,34,0,34,343,55,79,0,477,10,0,10,487
02/10/2023,SJC,CA,AWP,WE,Towers with Radar,328,77,50,0,455,0,0,29,0,29,328,77,79,0,484,12,0,12,496
02/11/2023,SJC,CA,AWP,WE,Towers with Radar,217,68,31,0,316,0,0,17,0,17,217,68,48,0,333,14,0,14,347
02/12/2023,SJC,CA,AWP,WE,Towers with Radar,275,55,37,0,367,0,0,30,0,30,275,55,67,0,397,0,0,0,397
02/13/2023,SJC,CA,AWP,WE,Towers with Radar,334,76,55,0,465,0,0,21,0,21,334,76,76,0,486,0,0,0,486
02/14/2023,SJC,CA,AWP,WE,Towers with Radar,295,55,36,0,386,0,1,27,2,30,295,56,63,2,416,6,0,6,422
02/15/2023,SJC,CA,AWP,WE,Towers with Radar,308,84,43,0,435,0,1,31,0,32,308,85,74,0,467,34,0,34,501
02/16/2023,SJC,CA,AWP,WE,Towers with Radar,341,99,70,0,510,0,2,19,0,21,341,101,89,0,531,0,0,0,531
02/17/2023,SJC,CA,AWP,WE,Towers with Radar,323,89,71,0,483,0,0,44,0,44,323,89,115,0,527,6,0,6,533
02/18/2023,SJC,CA,AWP,WE,Towers with Radar,218,52,49,0,319,0,0,21,0,21,218,52,70,0,340,26,0,26,366
02/19/2023,SJC,CA,AWP,WE,Towers with Radar,273,46,41,0,360,0,0,34,0,34,273,46,75,0,394,14,0,14,408
02/20/2023,SJC,CA,AWP,WE,Towers with Radar,340,53,65,0,458,0,0,37,0,37,340,53,102,0,495,26,0,26,521
02/21/2023,SJC,CA,AWP,WE,Towers with Radar,301,57,43,0,401,0,2,8,0,10,301,59,51,0,411,8,0,8,419
02/22/2023,SJC,CA,AWP,WE,Towers with Radar,292,76,33,0,401,0,1,8,2,11,292,77,41,2,412,0,0,0,412
02/23/2023,SJC,CA,AWP,WE,Towers with Radar,333,66,55,0,454,0,0,13,0,13,333,66,68,0,467,18,0,18,485
02/24/2023,SJC,CA,AWP,WE,Towers with Radar,318,74,42,0,434,0,0,9,0,9,318,74,51,0,443,0,0,0,443
02/25/2023,SJC,CA,AWP,WE,Towers with Radar,221,71,40,0,332,0,0,12,0,12,221,71,52,0,344,14,0,14,358
02/26/2023,SJC,CA,AWP,WE,Towers with Radar,280,72,50,0,402,0,0,9,0,9,280,72,59,0,411,22,0,22,433
02/27/2023,SJC,CA,AWP,WE,Towers with Radar,338,70,28,0,436,0,4,5,0,9,338,74,33,0,445,0,0,0,445
02/28/2023,SJC,CA,AWP,WE,Towers with Radar,301,69,30,2,402,0,0,6,0,6,301,69,36,2,408,0,0,0,408
03/01/2023,SJC,CA,AWP,WE,Towers with Radar,305,78,42,0,425,0,0,20,0,20,305,78,62,0,445,22,0,22,467
03/02/2023,SJC,CA,AWP,WE,Towers with Radar,340,61,49,0,450,0,0,33,0,33,340,61,82,0,483,12,0,12,495
03/03/2023,SJC,CA,AWP,WE,Towers with Radar,324,60,43,0,427,0,0,17,1,18,324,60,60,1,445,0,0,0,445
03/04/2023,SJC,CA,AWP,WE,Towers with Radar,215,38,15,0,268,0,0,1,0,1,215,38,16,0,269,0,0,0,269
03/05/2023,SJC,CA,AWP,WE,Towers with Radar,281,64,36,2,383,0,0,5,0,5,281,64,41,2,388,36,0,36,424
03/06/2023,SJC,CA,AWP,WE,Towers with Radar,333,66,43,0,442,0,0,8,0,8,333,66,51,0,450,6,0,6,456
03/07/2023,SJC,CA,AWP,WE,Towers with Radar,290,65,32,0,387,0,0,10,0,10,290,65,42,0,397,24,0,24,421
03/08/2023,SJC,CA,AWP,WE,Towers with Radar,303,80,67,0,450,0,3,10,0,13,303,83,77,0,463,0,0,0,463
03/09/2023,SJC,CA,AWP,WE,Towers with Radar,373,91,52,0,516,0,0,2,0,2,373,91,54,0,518,16,0,16,534
03/10/2023,SJC,CA,AWP,WE,Towers with Radar,319,66,41,2,428,0,0,1,0,1,319,66,42,2,429,0,0,0,429
03/11/2023,SJC,CA,AWP,WE,Towers with Radar,222,33,34,0,289,0,0,4,0,4,222,33,38,0,293,18,0,18,311
03/12/2023,SJC,CA,AWP,WE,Towers with Radar,272,67,46,0,385,0,0,2,0,2,272,67,48,0,387,0,0,0,387
03/13/2023,SJC,CA,AWP,WE,Towers with Radar,332,48,49,2,431,0,0,3,0,3,332,48,52,2,434,4,0,4,438
03/14/2023,SJC,CA,AWP,WE,Towers with Radar,301,36,30,0,367,0,0,3,0,3,301,36,33,0,370,0,0,0,370
03/15/2023,SJC,CA,AWP,WE,Towers with Radar,287,70,58,0,415,0,0,23,0,23,287,70,81,0,438,0,0,0,438
03/16/2023,SJC,CA,AWP,WE,Towers with Radar,337,63,59,0,459,0,0,32,0,32,337,63,91,0,491,2,0,2,493
03/17/2023,SJC,CA,AWP,WE,Towers with Radar,337,63,46,0,446,0,2,23,0,25,337,65,69,0,471,0,0,0,471
03/18/2023,SJC,CA,AWP,WE,Towers with Radar,232,32,29,1,294,0,0,12,0,12,232,32,41,1,306,0,0,0,306
03/19/2023,SJC,CA,AWP,WE,Towers with Radar,279,53,60,0,392,0,0,0,0,0,279,53,60,0,392,0,0,0,392
03/20/2023,SJC,CA,AWP,WE,Towers with Radar,333,46,43,0,422,0,0,4,0,4,333,46,47,0,426,32,0,32,458
03/21/2023,SJC,CA,AWP,WE,Towers with Radar,314,49,32,0,395,0,0,0,0,0,314,49,32,0,395,0,0,0,395
03/22/2023,SJC,CA,AWP,WE,Towers with Radar,301,53,46,0,400,0,0,8,3,11,301,53,54,3,411,22,0,22,433
03/23/2023,SJC,CA,AWP,WE,Towers with Radar,342,63,61,1,467,0,0,15,0,15,342,63,76,1,482,26,0,26,508
03/24/2023,SJC,CA,AWP,WE,Towers with Radar,328,38,54,0,420,0,2,40,0,42,328,40,94,0,462,36,0,36,498
03/25/2023,SJC,CA,AWP,WE,Towers with Radar,228,38,45,2,313,0,2,17,0,19,228,40,62,2,332,2,0,2,334
03/26/2023,SJC,CA,AWP,WE,Towers with Radar,279,63,65,0,407,0,0,29,0,29,279,63,94,0,436,22,0,22,458
03/27/2023,SJC,CA,AWP,WE,Towers with Radar,343,52,46,0,441,0,1,22,0,23,343,53,68,0,464,0,0,0,464
03/28/2023,SJC,CA,AWP,WE,Towers with Radar,300,53,20,0,373,0,1,0,0,1,300,54,20,0,374,0,0,0,374
03/29/2023,SJC,CA,AWP,WE,Towers with Radar,302,55,41,0,398,0,0,3,0,3,302,55,44,0,401,0,0,0,401
03/30/2023,SJC,CA,AWP,WE,Towers with Radar,339,74,45,4,462,0,0,10,0,10,339,74,55,4,472,24,0,24,496
03/31/2023,SJC,CA,AWP,WE,Towers with Radar,329,56,54,0,439,0,1,34,2,37,329,57,88,2,476,2,0,2,478
04/01/2023,SJC,CA,AWP,WE,Towers with Radar,221,45,31,0,297,0,0,18,0,18,221,45,49,0,315,8,0,8,323
04/02/2023,SJC,CA,AWP,WE,Towers with Radar,273,43,57,0,373,0,0,8,0,8,273,43,65,0,381,0,0,0,381
04/03/2023,SJC,CA,AWP,WE,Towers with Radar,346,56,56,0,458,0,2,9,0,11,346,58,65,0,469,0,0,0,469
04/04/2023,SJC,CA,AWP,WE,Towers with Radar,300,71,51,0,422,0,2,31,0,33,300,73,82,0,455,20,0,20,475
04/05/2023,SJC,CA,AWP,WE,Towers with Radar,295,65,46,0,406,0,0,32,0,32,295,65,78,0,438,42,0,42,480
04/06/2023,SJC,CA,AWP,WE,Towers with Radar,334,66,48,0,448,0,1,24,0,25,334,67,72,0,473,0,0,0,473
04/07/2023,SJC,CA,AWP,WE,Towers with Radar,332,59,40,0,431,0,0,11,0,11,332,59,51,0,442,6,0,6,448
04/08/2023,SJC,CA,AWP,WE,Towers with Radar,227,44,41,0,312,0,2,20,0,22,227,46,61,0,334,34,12,46,380
04/09/2023,SJC,CA,AWP,WE,Towers with Radar,271,43,43,0,357,0,2,30,0,32,271,45,73,0,389,24,0,24,413
04/10/2023,SJC,CA,AWP,WE,Towers with Radar,334,52,68,0,454,0,0,17,0,17,334,52,85,0,471,6,0,6,477
04/11/2023,SJC,CA,AWP,WE,Towers with Radar,336,56,45,0,437,0,5,9,2,16,336,61,54,2,453,0,0,0,453
04/12/2023,SJC,CA,AWP,WE,Towers with Radar,332,46,38,0,416,0,2,13,0,15,332,48,51,0,431,0,0,0,431
04/13/2023,SJC,CA,AWP,WE,Towers with Radar,354,71,57,0,482,0,2,25,0,27,354,73,82,0,509,26,0,26,535
04/14/2023,SJC,CA,AWP,WE,Towers with Radar,350,54,41,0,445,0,1,29,0,30,350,55,70,0,475,20,0,20,495
04/15/2023,SJC,CA,AWP,WE,Towers with Radar,235,65,46,0,346,0,0,27,0,27,235,65,73,0,373,38,0,38,411
04/16/2023,SJC,CA,AWP,WE,Towers with Radar,277,65,61,0,403,0,0,38,0,38,277,65,99,0,441,0,0,0,441
04/17/2023,SJC,CA,AWP,WE,Towers with Radar,355,54,53,0,462,0,1,19,0,20,355,55,72,0,482,8,0,8,490
04/18/2023,SJC,CA,AWP,WE,Towers with Radar,324,50,44,0,418,0,0,24,0,24,324,50,68,0,442,6,0,6,448
04/19/2023,SJC,CA,AWP,WE,Towers with Radar,324,64,30,0,418,0,0,45,0,45,324,64,75,0,463,44,0,44,507
04/20/2023,SJC,CA,AWP,WE,Towers with Radar,323,71,63,0,457,0,1,29,0,30,323,72,92,0,487,24,0,24,511
04/21/2023,SJC,CA,AWP,WE,Towers with Radar,331,56,44,2,433,0,4,42,0,46,331,60,86,2,479,26,0,26,505
04/22/2023,SJC,CA,AWP,WE,Towers with Radar,216,35,30,0,281,0,1,30,0,31,216,36,60,0,312,0,0,0,312
04/23/2023,SJC,CA,AWP,WE,Towers with Radar,268,58,57,0,383,0,2,16,0,18,268,60,73,0,401,0,0,0,401
04/24/2023,SJC,CA,AWP,WE,Towers with Radar,333,47,47,1,428,0,0,26,1,27,333,47,73,2,455,2,0,2,457
04/25/2023,SJC,CA,AWP,WE,Towers with Radar,324,51,62,0,437,0,5,25,0,30,324,56,87,0,467,34,0,34,501
04/26/2023,SJC,CA,AWP,WE,Towers with Radar,327,58,50,0,435,0,0,33,0,33,327,58,83,0,468,14,0,14,482
04/27/2023,SJC,CA,AWP,WE,Towers with Radar,339,70,39,0,448,0,3,28,0,31,339,73,67,0,479,26,0,26,505
04/28/2023,SJC,CA,AWP,WE,Towers with Radar,328,65,52,0,445,0,3,39,0,42,328,68,91,0,487,24,0,24,511
04/29/2023,SJC,CA,AWP,WE,Towers with Radar,221,29,35,0,285,0,0,16,0,16,221,29,51,0,301,12,0,12,313
04/30/2023,SJC,CA,AWP,WE,Towers with Radar,263,36,54,0,353,0,0,19,0,19,263,36,73,0,372,30,0,30,402
05/01/2023,SJC,CA,AWP,WE,Towers with Radar,332,67,55,2,456,0,0,6,0,6,332,67,61,2,462,0,0,0,462
05/02/2023,SJC,CA,AWP,WE,Towers with Radar,323,58,46,0,427,0,0,7,0,7,323,58,53,0,434,4,0,4,438
05/03/2023,SJC,CA,AWP,WE,Towers with Radar,325,74,51,0,450,0,2,11,0,13,325,76,62,0,463,0,0,0,463
05/04/2023,SJC,CA,AWP,WE,Towers with Radar,333,54,32,0,419,0,0,4,0,4,333,54,36,0,423,0,0,0,423
05/05/2023,SJC,CA,AWP,WE,Towers with Radar,331,61,66,0,458,0,2,9,0,11,331,63,75,0,469,0,0,0,469
05/06/2023,SJC,CA,AWP,WE,Towers with Radar,223,41,27,0,291,0,0,12,2,14,223,41,39,2,305,0,0,0,305
05/07/2023,SJC,CA,AWP,WE,Towers with Radar,266,58,58,0,382,0,1,17,0,18,266,59,75,0,400,16,0,16,416
05/08/2023,SJC,CA,AWP,WE,Towers with Radar,339,47,51,0,437,0,2,18,0,20,339,49,69,0,457,0,0,0,457
05/09/2023,SJC,CA,AWP,WE,Towers with Radar,329,76,49,2,456,0,0,24,0,24,329,76,73,2,480,16,0,16,496
05/10/2023,SJC,CA,AWP,WE,Towers with Radar,329,61,57,1,448,0,1,28,0,29,329,62,85,1,477,16,0,16,493
05/11/2023,SJC,CA,AWP,WE,Towers with Radar,344,75,63,6,488,0,1,23,0,24,344,76,86,6,512,32,0,32,544
05/12/2023,SJC,CA,AWP,WE,Towers with Radar,331,56,52,0,439,0,2,23,0,25,331,58,75,0,464,0,0,0,464
05/13/2023,SJC,CA,AWP,WE,Towers with Radar,226,30,39,0,295,0,0,22,0,22,226,30,61,0,317,2,0,2,319
05/14/2023,SJC,CA,AWP,WE,Towers with Radar,267,46,51,1,365,0,0,23,0,23,267,46,74,1,388,4,0,4,392
05/15/2023,SJC,CA,AWP,WE,Towers with Radar,350,56,64,0,470,0,0,22,0,22,350,56,86,0,492,28,0,28,520
05/16/2023,SJC,CA,AWP,WE,Towers with Radar,335,56,51,0,442,0,2,22,0,24,335,58,73,0,466,44,0,44,510
05/17/2023,SJC,CA,AWP,WE,Towers with Radar,333,66,59,0,458,0,6,31,0,37,333,72,90,0,495,48,0,48,543
05/18/2023,SJC,CA,AWP,WE,Towers with Radar,337,68,54,0,459,0,4,17,0,21,337,72,71,0,480,0,0,0,480
05/19/2023,SJC,CA,AWP,WE,Towers with Radar,338,65,57,0,460,0,2,27,0,29,338,67,84,0,489,0,0,0,489
05/20/2023,SJC,CA,AWP,WE,Towers with Radar,229,41,32,0,302,0,0,24,0,24,229,41,56,0,326,48,0,48,374
05/21/2023,SJC,CA,AWP,WE,Towers with Radar,279,66,65,0,410,0,0,15,0,15,279,66,80,0,425,2,0,2,427
05/22/2023,SJC,CA,AWP,WE,Towers with Radar,341,76,70,0,487,0,0,16,0,16,341,76,86,0,503,12,0,12,515
05/23/2023,SJC,CA,AWP,WE,Towers with Radar,332,73,48,0,453,0,0,19,0,19,332,73,67,0,472,0,0,0,472
05/24/2023,SJC,CA,AWP,WE,Towers with Radar,339,73,44,0,456,0,1,20,0,21,339,74,64,0,477,0,0,0,477
05/25/2023,SJC,CA,AWP,WE,Towers with Radar,345,63,66,0,474,0,0,28,0,28,345,63,94,0,502,70,0,70,572
05/26/2023,SJC,CA,AWP,WE,Towers with Radar,341,67,50,0,458,0,2,24,0,26,341,69,74,0,484,26,0,26,510
05/27/2023,SJC,CA,AWP,WE,Towers with Radar,224,45,38,0,307,0,0,17,0,17,224,45,55,0,324,4,0,4,328
05/28/2023,SJC,CA,AWP,WE,Towers with Radar,254,37,29,0,320,0,0,7,0,7,254,37,36,0,327,0,0,0,327
05/29/2023,SJC,CA,AWP,WE,Towers with Radar,331,71,51,0,453,0,3,26,3,32,331,74,77,3,485,30,0,30,515
05/30/2023,SJC,CA,AWP,WE,Towers with Radar,335,54,39,0,428,0,2,10,0,12,335,56,49,0,440,0,0,0,440
05/31/2023,SJC,CA,AWP,WE,Towers with Radar,341,52,38,0,431,0,1,13,0,14,341,53,51,0,445,20,0,20,465
06/01/2023,SJC,CA,AWP,WE,Towers with Radar,346,51,56,0,453,0,0,25,0,25,346,51,81,0,478,46,0,46,524
06/02/2023,SJC,CA,AWP,WE,Towers with Radar,339,42,50,0,431,0,4,28,0,32,339,46,78,0,463,14,0,14,477
06/03/2023,SJC,CA,AWP,WE,Towers with Radar,230,38,44,0,312,0,0,26,0,26,230,38,70,0,338,4,0,4,342
06/04/2023,SJC,CA,AWP,WE,Towers with Radar,278,40,54,0,372,0,1,31,0,32,278,41,85,0,404,6,0,6,410
06/05/2023,SJC,CA,AWP,WE,Towers with Radar,332,61,39,0,432,0,0,19,0,19,332,61,58,0,451,0,0,0,451
06/06/2023,SJC,CA,AWP,WE,Towers with Radar,329,59,50,0,438,0,0,15,0,15,329,59,65,0,453,4,0,4,457
06/07/2023,SJC,CA,AWP,WE,Towers with Radar,344,59,53,0,456,0,0,17,0,17,344,59,70,0,473,10,0,10,483
06/08/2023,SJC,CA,AWP,WE,Towers with Radar,346,70,48,0,464,0,0,19,0,19,346,70,67,0,483,0,0,0,483
06/09/2023,SJC,CA,AWP,WE,Towers with Radar,351,53,51,0,455,0,1,22,0,23,351,54,73,0,478,10,0,10,488
06/10/2023,SJC,CA,AWP,WE,Towers with Radar,263,41,45,0,349,0,1,19,0,20,263,42,64,0,369,16,0,16,385
06/11/2023,SJC,CA,AWP,WE,Towers with Radar,284,46,58,0,388,0,0,16,0,16,284,46,74,0,404,0,0,0,404
06/12/2023,SJC,CA,AWP,WE,Towers with Radar,344,60,48,0,452,0,1,21,0,22,344,61,69,0,474,12,0,12,486
06/13/2023,SJC,CA,AWP,WE,Towers with Radar,344,52,46,0,442,0,0,23,0,23,344,52,69,0,465,0,0,0,465
06/14/2023,SJC,CA,AWP,WE,Towers with Radar,348,59,65,0,472,0,3,16,0,19,348,62,81,0,491,0,0,0,491
06/15/2023,SJC,CA,AWP,WE,Towers with Radar,342,64,58,1,465,0,2,34,0,36,342,66,92,1,501,26,0,26,527
06/16/2023,SJC,CA,AWP,WE,Towers with Radar,346,56,58,0,460,0,2,29,0,31,346,58,87,0,491,8,0,8,499
06/17/2023,SJC,CA,AWP,WE,Towers with Radar,245,43,39,0,327,0,0,20,0,20,245,43,59,0,347,0,0,0,347
06/18/2023,SJC,CA,AWP,WE,Towers with Radar,285,66,53,0,404,0,0,23,1,24,285,66,76,1,428,8,0,8,436
06/19/2023,SJC,CA,AWP,WE,Towers with Radar,347,78,55,1,481,0,0,25,0,25,347,78,80,1,506,0,0,0,506
06/20/2023,SJC,CA,AWP,WE,Towers with Radar,336,75,60,0,471,0,0,22,0,22,336,75,82,0,493,24,0,24,517
06/21/2023,SJC,CA,AWP,WE,Towers with Radar,328,62,44,1,435,0,0,29,0,29,328,62,73,1,464,30,0,30,494
06/22/2023,SJC,CA,AWP,WE,Towers with Radar,343,66,53,1,463,0,1,23,1,25,343,67,76,2,488,62,0,62,550
06/23/2023,SJC,CA,AWP,WE,Towers with Radar,346,69,58,0,473,0,2,30,0,32,346,71,88,0,505,0,0,0,505
06/24/2023,SJC,CA,AWP,WE,Towers with Radar,256,39,39,1,335,0,0,26,0,26,256,39,65,1,361,0,0,0,361
06/25/2023,SJC,CA,AWP,WE,Towers with Radar,281,61,52,0,394,0,1,28,0,29,281,62,80,0,423,12,0,12,435
06/26/2023,SJC,CA,AWP,WE,Towers with Radar,346,63,37,0,446,0,0,20,0,20,346,63,57,0,466,2,0,2,468
06/27/2023,SJC,CA,AWP,WE,Towers with Radar,330,54,67,0,451,0,4,11,0,15,330,58,78,0,466,0,0,0,466
06/28/2023,SJC,CA,AWP,WE,Towers with Radar,338,74,48,0,460,0,0,18,0,18,338,74,66,0,478,0,0,0,478
06/29/2023,SJC,CA,AWP,WE,Towers with Radar,343,77,60,0,480,0,0,35,0,35,343,77,95,0,515,16,0,16,531
06/30/2023,SJC,CA,AWP,WE,Towers with Radar,349,50,60,0,459,0,2,30,1,33,349,52,90,1,492,22,0,22,514
07/01/2023,SJC,CA,AWP,WE,Towers with Radar,253,54,37,0,344,0,0,27,0,27,253,54,64,0,371,58,0,58,429
07/02/2023,SJC,CA,AWP,WE,Towers with Radar,270,44,27,0,341,0,0,12,0,12,270,44,39,0,353,14,0,14,367
07/03/2023,SJC,CA,AWP,WE,Towers with Radar,338,25,24,0,387,0,5,13,0,18,338,30,37,0,405,0,0,0,405
07/04/2023,SJC,CA,AWP,WE,Towers with Radar,317,32,21,0,370,0,0,12,0,12,317,32,33,0,382,6,0,6,388
07/05/2023,SJC,CA,AWP,WE,Towers with Radar,347,63,47,0,457,0,0,21,0,21,347,63,68,0,478,0,0,0,478
07/06/2023,SJC,CA,AWP,WE,Towers with Radar,353,61,43,0,457,0,0,19,0,19,353,61,62,0,476,6,0,6,482
07/07/2023,SJC,CA,AWP,WE,Towers with Radar,349,43,44,0,436,0,0,27,3,30,349,43,71,3,466,36,0,36,502
07/08/2023,SJC,CA,AWP,WE,Towers with Radar,245,51,40,1,337,0,0,24,2,26,245,51,64,3,363,2,0,2,365
07/09/2023,SJC,CA,AWP,WE,Towers with Radar,281,67,53,0,401,0,5,19,0,24,281,72,72,0,425,28,0,28,453
07/10/2023,SJC,CA,AWP,WE,Towers with Radar,358,59,52,0,469,0,2,17,0,19,358,61,69,0,488,0,0,0,488
07/11/2023,SJC,CA,AWP,WE,Towers with Radar,328,66,54,0,448,0,4,25,0,29,328,70,79,0,477,16,0,16,493
07/12/2023,SJC,CA,AWP,WE,Towers with Radar,327,68,67,0,462,0,0,26,0,26,327,68,93,0,488,0,0,0,488
07/13/2023,SJC,CA,AWP,WE,Towers with Radar,352,65,64,0,481,0,2,27,1,30,352,67,91,1,511,2,0,2,513
07/14/2023,SJC,CA,AWP,WE,Towers with Radar,348,52,48,0,448,0,1,20,0,21,348,53,68,0,469,0,0,0,469
07/15/2023,SJC,CA,AWP,WE,Towers with Radar,237,46,44,0,327,0,1,25,0,26,237,47,69,0,353,8,0,8,361
07/16/2023,SJC,CA,AWP,WE,Towers with Radar,283,53,55,0,391,0,0,21,0,21,283,53,76,0,412,30,0,30,442
07/17/2023,SJC,CA,AWP,WE,Towers with Radar,351,54,56,2,463,0,0,12,0,12,351,54,68,2,475,8,0,8,483
07/18/2023,SJC,CA,AWP,WE,Towers with Radar,326,42,49,0,417,0,0,24,0,24,326,42,73,0,441,6,0,6,447
07/19/2023,SJC,CA,AWP,WE,Towers with Radar,330,51,61,0,442,0,2,26,0,28,330,53,87,0,470,38,0,38,508
07/20/2023,SJC,CA,AWP,WE,Towers with Radar,344,64,64,0,472,0,0,31,0,31,344,64,95,0,503,54,0,54,557
07/21/2023,SJC,CA,AWP,WE,Towers with Radar,353,43,55,0,451,0,0,40,0,40,353,43,95,0,491,52,0,52,543
07/22/2023,SJC,CA,AWP,WE,Towers with Radar,239,39,34,0,312,0,0,21,0,21,239,39,55,0,333,20,0,20,353
07/23/2023,SJC,CA,AWP,WE,Towers with Radar,282,50,46,2,380,0,5,23,0,28,282,55,69,2,408,0,0,0,408
07/24/2023,SJC,CA,AWP,WE,Towers with Radar,346,51,55,2,454,0,1,11,0,12,346,52,66,2,466,42,0,42,508
07/25/2023,SJC,CA,AWP,WE,Towers with Radar,322,55,32,0,409,0,1,19,0,20,322,56,51,0,429,0,0,0,429
07/26/2023,SJC,CA,AWP,WE,Towers with Radar,326,53,59,0,438,0,0,26,0,26,326,53,85,0,464,30,0,30,494
07/27/2023,SJC,CA,AWP,WE,Towers with Radar,353,59,55,0,467,0,0,42,0,42,353,59,97,0,509,8,0,8,517
07/28/2023,SJC,CA,AWP,WE,Towers with Radar,351,53,54,0,458,0,0,54,0,54,351,53,108,0,512,0,0,0,512
07/29/2023,SJC,CA,AWP,WE,Towers with Radar,237,66,45,0,348,0,0,30,0,30,237,66,75,0,378,36,0,36,414
07/30/2023,SJC,CA,AWP,WE,Towers with Radar,284,66,43,0,393,0,1,28,0,29,284,67,71,0,422,0,0,0,422
07/31/2023,SJC,CA,AWP,WE,Towers with Radar,342,36,38,0,416,0,0,18,0,18,342,36,56,0,434,14,0,14,448
08/01/2023,SJC,CA,AWP,WE,Towers with Radar,322,49,38,0,409,0,0,20,0,20,322,49,58,0,429,14,8,22,451
08/02/2023,SJC,CA,AWP,WE,Towers with Radar,329,66,57,0,452,0,4,30,0,34,329,70,87,0,486,26,0,26,512
08/03/2023,SJC,CA,AWP,WE,Towers with Radar,351,65,55,0,471,0,3,22,0,25,351,68,77,0,496,22,0,22,518
08/04/2023,SJC,CA,AWP,WE,Towers with Radar,350,59,42,1,452,0,2,25,0,27,350,61,67,1,479,24,0,24,503
08/05/2023,SJC,CA,AWP,WE,Towers with Radar,234,41,33,0,308,0,0,22,0,22,234,41,55,0,330,0,0,0,330
08/06/2023,SJC,CA,AWP,WE,Towers with Radar,272,58,44,0,374,0,3,29,0,32,272,61,73,0,406,4,0,4,410
08/07/2023,SJC,CA,AWP,WE,Towers with Radar,348,56,48,0,452,0,2,18,0,20,348,58,66,0,472,52,0,52,524
08/08/2023,SJC,CA,AWP,WE,Towers with Radar,328,63,37,0,428,0,0,19,0,19,328,63,56,0,447,20,0,20,467
08/09/2023,SJC,CA,AWP,WE,Towers with Radar,329,62,42,0,433,0,0,18,0,18,329,62,60,0,451,4,0,4,455
08/10/2023,SJC,CA,AWP,WE,Towers with Radar,353,81,65,0,499,0,0,31,1,32,353,81,96,1,531,8,0,8,539
08/11/2023,SJC,CA,AWP,WE,Towers with Radar,354,52,32,0,438,0,0,25,0,25,354,52,57,0,463,0,0,0,463
08/12/2023,SJC,CA,AWP,WE,Towers with Radar,236,39,36,0,311,0,0,17,0,17,236,39,53,0,328,18,0,18,346
08/13/2023,SJC,CA,AWP,WE,Towers with Radar,284,56,49,0,389,0,0,18,0,18,284,56,67,0,407,0,0,0,407
08/14/2023,SJC,CA,AWP,WE,Towers with Radar,344,43,38,0,425,0,0,18,0,18,344,43,56,0,443,32,0,32,475
08/15/2023,SJC,CA,AWP,WE,Towers with Radar,326,60,53,0,439,0,0,21,0,21,326,60,74,0,460,4,0,4,464
08/16/2023,SJC,CA,AWP,WE,Towers with Radar,328,55,54,0,437,0,4,24,0,28,328,59,78,0,465,6,0,6,471
08/17/2023,SJC,CA,AWP,WE,Towers with Radar,344,77,43,2,466,1,0,24,0,25,345,77,67,2,491,10,0,10,501
08/18/2023,SJC,CA,AWP,WE,Towers with Radar,334,53,48,0,435,0,0,24,0,24,334,53,72,0,459,0,0,0,459
08/19/2023,SJC,CA,AWP,WE,Towers with Radar,240,31,42,0,313,0,0,17,0,17,240,31,59,0,330,0,0,0,330
08/20/2023,SJC,CA,AWP,WE,Towers with Radar,261,71,47,0,379,0,0,14,0,14,261,71,61,0,393,24,0,24,417
08/21/2023,SJC,CA,AWP,WE,Towers with Radar,320,47,38,0,405,0,0,6,0,6,320,47,44,0,411,4,0,4,415
08/22/2023,SJC,CA,AWP,WE,Towers with Radar,328,54,58,0,440,0,1,18,1,20,328,55,76,1,460,24,0,24,484
08/23/2023,SJC,CA,AWP,WE,Towers with Radar,329,61,50,1,441,0,3,28,1,32,329,64,78,2,473,36,2,38,511
08/24/2023,SJC,CA,AWP,WE,Towers with Radar,355,70,51,1,477,0,0,39,1,40,355,70,90,2,517,0,0,0,517
08/25/2023,SJC,CA,AWP,WE,Towers with Radar,347,49,45,0,441,0,1,25,0,26,347,50,70,0,467,0,0,0,467
08/26/2023,SJC,CA,AWP,WE,Towers with Radar,238,38,34,0,310,0,0,13,3,16,238,38,47,3,326,28,0,28,354
08/27/2023,SJC,CA,AWP,WE,Towers with Radar,332,48,47,0,427,0,0,26,0,26,332,48,73,0,453,44,0,44,497
08/28/2023,SJC,CA,AWP,WE,Towers with Radar,338,58,39,0,435,0,0,17,0,17,338,58,56,0,452,0,0,0,452
08/29/2023,SJC,CA,AWP,WE,Towers with Radar,332,65,48,0,445,0,0,26,0,26,332,65,74,0,471,38,0,38,509
08/30/2023,SJC,CA,AWP,WE,Towers with Radar,330,56,48,0,434,0,5,30,0,35,330,61,78,0,469,2,0,2,471
08/31/2023,SJC,CA,AWP,WE,Towers with Radar,343,70,54,0,467,0,1,22,0,23,343,71,76,0,490,4,0,4,494
01/01/2020,SJC,CA,AWP,WE,Towers with Radar,400,30,21,0,451,0,0,4,0,4,400,30,25,0,455,0,0,0,455
01/02/2020,SJC,CA,AWP,WE,Towers with Radar,423,32,35,0,490,0,0,28,0,28,423,32,63,0,518,2,0,2,520
01/03/2020,SJC,CA,AWP,WE,Towers with Radar,408,33,57,0,498,0,2,18,0,20,408,35,75,0,518,0,0,0,518
01/04/2020,SJC,CA,AWP,WE,Towers with Radar,307,46,50,0,403,0,4,19,0,23,307,50,69,0,426,12,0,12,438
01/05/2020,SJC,CA,AWP,WE,Towers with Radar,395,52,50,0,497,0,1,29,0,30,395,53,79,0,527,22,0,22,549
01/06/2020,SJC,CA,AWP,WE,Towers with Radar,442,49,55,0,546,0,0,27,0,27,442,49,82,0,573,24,0,24,597
01/07/2020,SJC,CA,AWP,WE,Towers with Radar,422,55,50,0,527,0,0,23,0,23,422,55,73,0,550,4,0,4,554
01/08/2020,SJC,CA,AWP,WE,Towers with Radar,409,58,50,0,517,0,0,14,0,14,409,58,64,0,531,18,0,18,549
01/09/2020,SJC,CA,AWP,WE,Towers with Radar,424,63,80,0,567,0,0,43,2,45,424,63,123,2,612,4,0,4,616
01/10/2020,SJC,CA,AWP,WE,Towers with Radar,428,47,70,0,545,0,1,50,0,51,428,48,120,0,596,2,0,2,598
01/11/2020,SJC,CA,AWP,WE,Towers with Radar,270,47,84,0,401,0,1,31,0,32,270,48,115,0,433,6,0,6,439
01/12/2020,SJC,CA,AWP,WE,Towers with Radar,365,55,56,2,478,0,0,21,0,21,365,55,77,2,499,6,0,6,505
01/13/2020,SJC,CA,AWP,WE,Towers with Radar,420,59,61,0,540,0,0,25,0,25,420,59,86,0,565,10,0,10,575
01/14/2020,SJC,CA,AWP,WE,Towers with Radar,392,55,64,0,511,0,1,30,0,31,392,56,94,0,542,2,0,2,544
01/15/2020,SJC,CA,AWP,WE,Towers with Radar,399,69,76,1,545,0,1,20,0,21,399,70,96,1,566,0,0,0,566
01/16/2020,SJC,CA,AWP,WE,Towers with Radar,438,80,70,1,589,0,0,13,0,13,438,80,83,1,602,0,0,0,602
01/17/2020,SJC,CA,AWP,WE,Towers with Radar,419,71,92,0,582,0,0,52,0,52,419,71,144,0,634,0,0,0,634
01/18/2020,SJC,CA,AWP,WE,Towers with Radar,255,39,35,0,329,0,4,37,0,41,255,43,72,0,370,20,0,20,390
01/19/2020,SJC,CA,AWP,WE,Towers with Radar,334,84,96,0,514,0,2,54,0,56,334,86,150,0,570,0,0,0,570
01/20/2020,SJC,CA,AWP,WE,Towers with Radar,420,68,89,2,579,0,1,40,0,41,420,69,129,2,620,0,0,0,620
01/21/2020,SJC,CA,AWP,WE,Towers with Radar,409,59,60,0,528,0,0,20,0,20,409,59,80,0,548,0,0,0,548
01/22/2020,SJC,CA,AWP,WE,Towers with Radar,407,65,66,0,538,0,0,16,0,16,407,65,82,0,554,2,0,2,556
01/23/2020,SJC,CA,AWP,WE,Towers with Radar,420,58,61,0,539,0,3,31,0,34,420,61,92,0,573,2,0,2,575
01/24/2020,SJC,CA,AWP,WE,Towers with Radar,424,68,60,0,552,0,0,36,0,36,424,68,96,0,588,0,0,0,588
01/25/2020,SJC,CA,AWP,WE,Towers with Radar,263,25,27,0,315,0,1,28,0,29,263,26,55,0,344,6,0,6,350
01/26/2020,SJC,CA,AWP,WE,Towers with Radar,366,50,58,0,474,0,0,12,0,12,366,50,70,0,486,0,0,0,486
01/27/2020,SJC,CA,AWP,WE,Towers with Radar,419,92,57,0,568,0,0,23,0,23,419,92,80,0,591,8,0,8,599
01/28/2020,SJC,CA,AWP,WE,Towers with Radar,388,80,71,0,539,0,0,10,0,10,388,80,81,0,549,0,0,0,549
01/29/2020,SJC,CA,AWP,WE,Towers with Radar,401,64,64,0,529,0,0,43,0,43,401,64,107,0,572,22,0,22,594
01/30/2020,SJC,CA,AWP,WE,Towers with Radar,434,92,91,0,617,0,2,20,0,22,434,94,111,0,639,0,0,0,639
01/31/2020,SJC,CA,AWP,WE,Towers with Radar,437,62,61,0,560,0,2,53,0,55,437,64,114,0,615,0,12,12,627
02/01/2020,SJC,CA,AWP,WE,Towers with Radar,267,58,35,0,360,0,0,42,2,44,267,58,77,2,404,32,0,32,436
02/02/2020,SJC,CA,AWP,WE,Towers with Radar,336,49,24,0,409,0,0,16,0,16,336,49,40,0,425,28,0,28,453
02/03/2020,SJC,CA,AWP,WE,Towers with Radar,435,67,56,0,558,0,0,27,0,27,435,67,83,0,585,12,0,12,597
02/04/2020,SJC,CA,AWP,WE,Towers with Radar,397,59,63,0,519,0,0,37,0,37,397,59,100,0,556,18,0,18,574
02/05/2020,SJC,CA,AWP,WE,Towers with Radar,394,68,55,0,517,0,0,31,0,31,394,68,86,0,548,2,0,2,550
02/06/2020,SJC,CA,AWP,WE,Towers with Radar,421,66,72,0,559,0,2,35,0,37,421,68,107,0,596,4,0,4,600
02/07/2020,SJC,CA,AWP,WE,Towers with Radar,432,70,64,0,566,0,1,57,0,58,432,71,121,0,624,0,0,0,624
02/08/2020,SJC,CA,AWP,WE,Towers with Radar,257,31,31,0,319,0,0,21,0,21,257,31,52,0,340,20,0,20,360
02/09/2020,SJC,CA,AWP,WE,Towers with Radar,387,64,46,0,497,0,0,15,0,15,387,64,61,0,512,0,0,0,512
02/10/2020,SJC,CA,AWP,WE,Towers with Radar,414,69,61,0,544,0,0,31,0,31,414,69,92,0,575,0,0,0,575
02/11/2020,SJC,CA,AWP,WE,Towers with Radar,397,69,62,0,528,0,0,34,0,34,397,69,96,0,562,0,0,0,562
02/12/2020,SJC,CA,AWP,WE,Towers with Radar,407,82,68,0,557,0,1,39,0,40,407,83,107,0,597,14,0,14,611
02/13/2020,SJC,CA,AWP,WE,Towers with Radar,427,84,57,0,568,0,1,28,0,29,427,85,85,0,597,2,0,2,599
02/14/2020,SJC,CA,AWP,WE,Towers with Radar,431,74,66,0,571,0,2,27,0,29,431,76,93,0,600,0,0,0,600
02/15/2020,SJC,CA,AWP,WE,Towers with Radar,278,54,36,0,368,0,2,37,2,41,278,56,73,2,409,16,0,16,425
02/16/2020,SJC,CA,AWP,WE,Towers with Radar,346,47,15,0,408,0,0,26,0,26,346,47,41,0,434,4,0,4,438
02/17/2020,SJC,CA,AWP,WE,Towers with Radar,434,46,52,0,532,0,0,41,0,41,434,46,93,0,573,6,0,6,579
02/18/2020,SJC,CA,AWP,WE,Towers with Radar,402,62,60,1,525,0,0,35,1,36,402,62,95,2,561,0,0,0,561
02/19/2020,SJC,CA,AWP,WE,Towers with Radar,406,68,55,1,530,0,0,43,0,43,406,68,98,1,573,16,0,16,589
02/20/2020,SJC,CA,AWP,WE,Towers with Radar,428,68,53,0,549,0,2,43,0,45,428,70,96,0,594,6,0,6,600
02/21/2020,SJC,CA,AWP,WE,Towers with Radar,427,67,50,0,544,0,3,30,0,33,427,70,80,0,577,8,0,8,585
02/22/2020,SJC,CA,AWP,WE,Towers with Radar,278,63,23,0,364,0,4,31,0,35,278,67,54,0,399,6,0,6,405
02/23/2020,SJC,CA,AWP,WE,Towers with Radar,371,79,62,0,512,0,1,20,0,21,371,80,82,0,533,0,0,0,533
02/24/2020,SJC,CA,AWP,WE,Towers with Radar,423,59,57,0,539,0,1,17,0,18,423,60,74,0,557,0,0,0,557
02/25/2020,SJC,CA,AWP,WE,Towers with Radar,402,65,42,0,509,0,3,26,0,29,402,68,68,0,538,12,0,12,550
02/26/2020,SJC,CA,AWP,WE,Towers with Radar,416,73,58,0,547,0,0,50,0,50,416,73,108,0,597,0,0,0,597
02/27/2020,SJC,CA,AWP,WE,Towers with Radar,426,82,65,2,575,0,2,32,0,34,426,84,97,2,609,6,0,6,615
02/28/2020,SJC,CA,AWP,WE,Towers with Radar,429,69,73,0,571,0,2,47,0,49,429,71,120,0,620,0,0,0,620
02/29/2020,SJC,CA,AWP,WE,Towers with Radar,274,47,28,0,349,0,1,18,2,21,274,48,46,2,370,0,0,0,370
03/01/2020,SJC,CA,AWP,WE,Towers with Radar,364,77,53,0,494,0,3,20,0,23,364,80,73,0,517,0,0,0,517
03/02/2020,SJC,CA,AWP,WE,Towers with Radar,426,61,54,0,541,0,2,35,0,37,426,63,89,0,578,6,0,6,584
03/03/2020,SJC,CA,AWP,WE,Towers with Radar,405,71,57,0,533,0,0,41,0,41,405,71,98,0,574,0,0,0,574
03/04/2020,SJC,CA,AWP,WE,Towers with Radar,406,72,73,0,551,0,3,49,0,52,406,75,122,0,603,10,0,10,613
03/05/2020,SJC,CA,AWP,WE,Towers with Radar,427,77,78,0,582,0,6,65,1,72,427,83,143,1,654,0,0,0,654
03/06/2020,SJC,CA,AWP,WE,Towers with Radar,426,58,65,0,549,0,0,33,0,33,426,58,98,0,582,0,0,0,582
03/07/2020,SJC,CA,AWP,WE,Towers with Radar,279,40,29,0,348,0,0,4,0,4,279,40,33,0,352,0,0,0,352
03/08/2020,SJC,CA,AWP,WE,Towers with Radar,359,53,43,0,455,0,0,23,0,23,359,53,66,0,478,68,0,68,546
03/09/2020,SJC,CA,AWP,WE,Towers with Radar,422,66,42,0,530,0,0,30,0,30,422,66,72,0,560,10,0,10,570
03/10/2020,SJC,CA,AWP,WE,Towers with Radar,399,57,30,0,486,0,0,27,0,27,399,57,57,0,513,8,0,8,521
03/11/2020,SJC,CA,AWP,WE,Towers with Radar,391,76,35,0,502,0,6,37,0,43,391,82,72,0,545,4,0,4,549
03/12/2020,SJC,CA,AWP,WE,Towers with Radar,429,51,64,0,544,0,1,41,0,42,429,52,105,0,586,12,0,12,598
03/13/2020,SJC,CA,AWP,WE,Towers with Radar,409,35,41,0,485,0,0,25,0,25,409,35,66,0,510,4,0,4,514
03/14/2020,SJC,CA,AWP,WE,Towers with Radar,279,33,25,0,337,0,0,0,0,0,279,33,25,0,337,0,0,0,337
03/15/2020,SJC,CA,AWP,WE,Towers with Radar,347,41,23,0,411,0,0,10,0,10,347,41,33,0,421,0,0,0,421
03/16/2020,SJC,CA,AWP,WE,Towers with Radar,410,55,32,0,497,0,0,15,0,15,410,55,47,0,512,0,0,0,512
03/17/2020,SJC,CA,AWP,WE,Towers with Radar,369,19,29,0,417,0,0,6,0,6,369,19,35,0,423,0,0,0,423
03/18/2020,SJC,CA,AWP,WE,Towers with Radar,360,26,14,0,400,0,0,9,0,9,360,26,23,0,409,0,0,0,409
03/19/2020,SJC,CA,AWP,WE,Towers with Radar,349,14,10,0,373,0,2,17,2,21,349,16,27,2,394,0,0,0,394
03/20/2020,SJC,CA,AWP,WE,Towers with Radar,356,12,21,0,389,0,0,35,0,35,356,12,56,0,424,22,0,22,446
03/21/2020,SJC,CA,AWP,WE,Towers with Radar,254,14,6,0,274,0,0,9,0,9,254,14,15,0,283,20,0,20,303
03/22/2020,SJC,CA,AWP,WE,Towers with Radar,248,9,4,0,261,0,0,3,0,3,248,9,7,0,264,8,0,8,272
03/23/2020,SJC,CA,AWP,WE,Towers with Radar,284,9,4,0,297,0,0,2,0,2,284,9,6,0,299,0,0,0,299
03/24/2020,SJC,CA,AWP,WE,Towers with Radar,281,12,11,0,304,0,1,1,0,2,281,13,12,0,306,0,0,0,306
03/25/2020,SJC,CA,AWP,WE,Towers with Radar,254,9,6,0,269,0,0,4,0,4,254,9,10,0,273,0,0,0,273
03/26/2020,SJC,CA,AWP,WE,Towers with Radar,271,23,6,0,300,0,0,30,0,30,271,23,36,0,330,6,0,6,336
03/27/2020,SJC,CA,AWP,WE,Towers with Radar,206,21,9,0,236,0,0,15,0,15,206,21,24,0,251,0,0,0,251
03/28/2020,SJC,CA,AWP,WE,Towers with Radar,158,19,5,0,182,0,0,0,0,0,158,19,5,0,182,2,0,2,184
03/29/2020,SJC,CA,AWP,WE,Towers with Radar,192,10,2,0,204,0,2,12,0,14,192,12,14,0,218,0,0,0,218
03/30/2020,SJC,CA,AWP,WE,Towers with Radar,203,14,9,0,226,0,2,21,0,23,203,16,30,0,249,0,0,0,249
03/31/2020,SJC,CA,AWP,WE,Towers with Radar,177,14,4,0,195,0,0,19,0,19,177,14,23,0,214,8,0,8,222
04/01/2020,SJC,CA,AWP,WE,Towers with Radar,167,24,9,0,200,0,0,21,0,21,167,24,30,0,221,10,0,10,231
04/02/2020,SJC,CA,AWP,WE,Towers with Radar,150,20,4,0,174,0,0,24,0,24,150,20,28,0,198,18,0,18,216
04/03/2020,SJC,CA,AWP,WE,Towers with Radar,137,22,6,0,165,0,0,34,0,34,137,22,40,0,199,0,0,0,199
04/04/2020,SJC,CA,AWP,WE,Towers with Radar,87,19,2,0,108,0,0,3,0,3,87,19,5,0,111,0,0,0,111
04/05/2020,SJC,CA,AWP,WE,Towers with Radar,105,13,6,0,124,0,0,12,0,12,105,13,18,0,136,0,0,0,136
04/06/2020,SJC,CA,AWP,WE,Towers with Radar,109,18,2,0,129,0,1,5,0,6,109,19,7,0,135,0,0,0,135
04/07/2020,SJC,CA,AWP,WE,Towers with Radar,115,12,5,0,132,0,4,14,0,18,115,16,19,0,150,18,0,18,168
04/08/2020,SJC,CA,AWP,WE,Towers with Radar,112,11,8,4,135,0,2,20,0,22,112,13,28,4,157,6,4,10,167
04/09/2020,SJC,CA,AWP,WE,Towers with Radar,115,18,13,0,146,0,0,9,0,9,115,18,22,0,155,8,0,8,163
04/10/2020,SJC,CA,AWP,WE,Towers with Radar,111,15,17,0,143,0,0,18,0,18,111,15,35,0,161,22,0,22,183
04/11/2020,SJC,CA,AWP,WE,Towers with Radar,75,17,9,1,102,0,1,18,0,19,75,18,27,1,121,4,0,4,125
04/12/2020,SJC,CA,AWP,WE,Towers with Radar,94,11,14,0,119,0,0,14,0,14,94,11,28,0,133,36,0,36,169
04/13/2020,SJC,CA,AWP,WE,Towers with Radar,112,23,6,0,141,0,0,20,0,20,112,23,26,0,161,19,0,19,180
04/14/2020,SJC,CA,AWP,WE,Towers with Radar,106,19,9,0,134,0,0,29,0,29,106,19,38,0,163,10,0,10,173
04/15/2020,SJC,CA,AWP,WE,Towers with Radar,96,14,16,0,126,0,3,42,0,45,96,17,58,0,171,18,0,18,189
04/16/2020,SJC,CA,AWP,WE,Towers with Radar,97,23,4,0,124,0,0,13,0,13,97,23,17,0,137,10,0,10,147
04/17/2020,SJC,CA,AWP,WE,Towers with Radar,105,13,12,0,130,0,2,18,0,20,105,15,30,0,150,12,0,12,162
04/18/2020,SJC,CA,AWP,WE,Towers with Radar,69,14,5,0,88,0,0,23,0,23,69,14,28,0,111,4,0,4,115
04/19/2020,SJC,CA,AWP,WE,Towers with Radar,81,21,8,0,110,0,1,17,0,18,81,22,25,0,128,4,0,4,132
04/20/2020,SJC,CA,AWP,WE,Towers with Radar,96,17,7,0,120,0,0,5,0,5,96,17,12,0,125,0,0,0,125
04/21/2020,SJC,CA,AWP,WE,Towers with Radar,91,15,3,0,109,0,3,13,0,16,91,18,16,0,125,4,0,4,129
04/22/2020,SJC,CA,AWP,WE,Towers with Radar,81,12,18,0,111,0,0,20,0,20,81,12,38,0,131,24,0,24,155
04/23/2020,SJC,CA,AWP,WE,Towers with Radar,101,18,5,0,124,0,1,27,0,28,101,19,32,0,152,18,0,18,170
04/24/2020,SJC,CA,AWP,WE,Towers with Radar,92,15,9,0,116,0,1,26,0,27,92,16,35,0,143,34,0,34,177
04/25/2020,SJC,CA,AWP,WE,Towers with Radar,67,2,9,0,78,0,0,21,0,21,67,2,30,0,99,0,0,0,99
04/26/2020,SJC,CA,AWP,WE,Towers with Radar,82,7,11,0,100,0,1,31,0,32,82,8,42,0,132,18,0,18,150
04/27/2020,SJC,CA,AWP,WE,Towers with Radar,90,19,11,1,121,0,0,27,1,28,90,19,38,2,149,0,0,0,149
04/28/2020,SJC,CA,AWP,WE,Towers with Radar,93,23,9,0,125,0,0,29,0,29,93,23,38,0,154,8,0,8,162
04/29/2020,SJC,CA,AWP,WE,Towers with Radar,81,17,32,0,130,0,0,19,0,19,81,17,51,0,149,20,0,20,169
04/30/2020,SJC,CA,AWP,WE,Towers with Radar,85,23,16,2,126,0,6,20,1,27,85,29,36,3,153,22,0,22,175
05/01/2020,SJC,CA,AWP,WE,Towers with Radar,92,23,11,0,126,0,0,31,0,31,92,23,42,0,157,0,0,0,157
05/02/2020,SJC,CA,AWP,WE,Towers with Radar,67,6,7,1,81,0,2,19,1,22,67,8,26,2,103,4,0,4,107
05/03/2020,SJC,CA,AWP,WE,Towers with Radar,81,13,9,0,103,0,0,31,0,31,81,13,40,0,134,8,0,8,142
05/04/2020,SJC,CA,AWP,WE,Towers with Radar,90,19,5,0,114,0,0,29,0,29,90,19,34,0,143,0,0,0,143
05/05/2020,SJC,CA,AWP,WE,Towers with Radar,71,25,1,3,100,0,0,28,7,35,71,25,29,10,135,0,12,12,147
05/06/2020,SJC,CA,AWP,WE,Towers with Radar,82,19,14,0,115,0,0,41,2,43,82,19,55,2,158,0,0,0,158
05/07/2020,SJC,CA,AWP,WE,Towers with Radar,84,14,11,0,109,0,5,33,0,38,84,19,44,0,147,18,0,18,165
05/08/2020,SJC,CA,AWP,WE,Towers with Radar,81,29,14,0,124,0,2,32,0,34,81,31,46,0,158,22,0,22,180
05/09/2020,SJC,CA,AWP,WE,Towers with Radar,76,21,18,0,115,0,0,37,0,37,76,21,55,0,152,20,0,20,172
05/10/2020,SJC,CA,AWP,WE,Towers with Radar,84,22,15,0,121,0,2,26,0,28,84,24,41,0,149,14,4,18,167
05/11/2020,SJC,CA,AWP,WE,Towers with Radar,87,23,7,0,117,0,0,12,0,12,87,23,19,0,129,2,0,2,131
05/12/2020,SJC,CA,AWP,WE,Towers with Radar,82,12,17,1,112,0,2,23,1,26,82,14,40,2,138,68,2,70,208
05/13/2020,SJC,CA,AWP,WE,Towers with Radar,88,20,19,0,127,0,1,23,1,25,88,21,42,1,152,50,4,54,206
05/14/2020,SJC,CA,AWP,WE,Towers with Radar,89,28,18,0,135,0,0,20,0,20,89,28,38,0,155,4,0,4,159
05/15/2020,SJC,CA,AWP,WE,Towers with Radar,88,21,20,2,131,0,3,39,0,42,88,24,59,2,173,0,0,0,173
05/16/2020,SJC,CA,AWP,WE,Towers with Radar,79,16,20,0,115,0,1,42,0,43,79,17,62,0,158,2,0,2,160
05/17/2020,SJC,CA,AWP,WE,Towers with Radar,88,23,17,0,128,0,2,6,0,8,88,25,23,0,136,0,0,0,136
05/18/2020,SJC,CA,AWP,WE,Towers with Radar,92,34,17,0,143,0,1,8,0,9,92,35,25,0,152,0,0,0,152
05/19/2020,SJC,CA,AWP,WE,Towers with Radar,82,21,23,0,126,0,2,27,0,29,82,23,50,0,155,12,0,12,167
05/20/2020,SJC,CA,AWP,WE,Towers with Radar,89,26,19,0,134,0,2,28,0,30,89,28,47,0,164,8,0,8,172
05/21/2020,SJC,CA,AWP,WE,Towers with Radar,95,35,19,0,149,0,0,40,0,40,95,35,59,0,189,46,0,46,235
05/22/2020,SJC,CA,AWP,WE,Towers with Radar,98,27,21,0,146,0,0,53,0,53,98,27,74,0,199,34,0,34,233
05/23/2020,SJC,CA,AWP,WE,Towers with Radar,81,17,17,0,115,0,0,36,0,36,81,17,53,0,151,6,0,6,157
05/24/2020,SJC,CA,AWP,WE,Towers with Radar,83,17,16,0,116,0,4,27,0,31,83,21,43,0,147,8,0,8,155
05/25/2020,SJC,CA,AWP,WE,Towers with Radar,86,21,13,0,120,0,0,36,3,39,86,21,49,3,159,0,0,0,159
05/26/2020,SJC,CA,AWP,WE,Towers with Radar,89,22,11,2,124,0,0,52,0,52,89,22,63,2,176,16,0,16,192
05/27/2020,SJC,CA,AWP,WE,Towers with Radar,89,21,19,0,129,0,0,30,0,30,89,21,49,0,159,0,0,0,159
05/28/2020,SJC,CA,AWP,WE,Towers with Radar,90,28,14,2,134,0,2,41,0,43,90,30,55,2,177,48,0,48,225
05/29/2020,SJC,CA,AWP,WE,Towers with Radar,88,34,21,0,143,0,1,44,0,45,88,35,65,0,188,8,0,8,196
05/30/2020,SJC,CA,AWP,WE,Towers with Radar,78,16,9,0,103,0,2,6,0,8,78,18,15,0,111,6,0,6,117
05/31/2020,SJC,CA,AWP,WE,Towers with Radar,91,22,19,0,132,0,0,21,0,21,91,22,40,0,153,10,0,10,163
06/01/2020,SJC,CA,AWP,WE,Towers with Radar,93,35,27,2,157,0,1,30,0,31,93,36,57,2,188,4,0,4,192
06/02/2020,SJC,CA,AWP,WE,Towers with Radar,96,28,10,2,136,0,0,39,0,39,96,28,49,2,175,42,0,42,217
06/03/2020,SJC,CA,AWP,WE,Towers with Radar,100,30,14,0,144,0,1,42,0,43,100,31,56,0,187,6,0,6,193
06/04/2020,SJC,CA,AWP,WE,Towers with Radar,100,40,28,0,168,0,8,37,2,47,100,48,65,2,215,16,0,16,231
06/05/2020,SJC,CA,AWP,WE,Towers with Radar,98,25,25,0,148,0,0,32,0,32,98,25,57,0,180,0,0,0,180
06/06/2020,SJC,CA,AWP,WE,Towers with Radar,92,26,26,0,144,0,2,31,0,33,92,28,57,0,177,18,0,18,195
06/07/2020,SJC,CA,AWP,WE,Towers with Radar,127,30,15,0,172,0,0,26,0,26,127,30,41,0,198,16,0,16,214
06/08/2020,SJC,CA,AWP,WE,Towers with Radar,135,32,21,0,188,0,0,18,0,18,135,32,39,0,206,20,0,20,226
06/09/2020,SJC,CA,AWP,WE,Towers with Radar,128,35,34,2,199,0,3,44,0,47,128,38,78,2,246,55,0,55,301
06/10/2020,SJC,CA,AWP,WE,Towers with Radar,131,39,35,0,205,0,1,44,0,45,131,40,79,0,250,8,0,8,258
06/11/2020,SJC,CA,AWP,WE,Towers with Radar,142,33,30,0,205,0,2,25,0,27,142,35,55,0,232,20,0,20,252
06/12/2020,SJC,CA,AWP,WE,Towers with Radar,144,48,29,0,221,0,2,31,0,33,144,50,60,0,254,0,0,0,254
06/13/2020,SJC,CA,AWP,WE,Towers with Radar,130,40,21,0,191,0,1,34,1,36,130,41,55,1,227,0,0,0,227
06/14/2020,SJC,CA,AWP,WE,Towers with Radar,138,36,27,0,201,0,2,35,0,37,138,38,62,0,238,2,0,2,240
06/15/2020,SJC,CA,AWP,WE,Towers with Radar,148,42,35,0,225,0,1,28,0,29,148,43,63,0,254,0,0,0,254
06/16/2020,SJC,CA,AWP,WE,Towers with Radar,142,28,14,0,184,0,0,24,0,24,142,28,38,0,208,0,0,0,208
06/17/2020,SJC,CA,AWP,WE,Towers with Radar,143,46,26,0,215,0,0,41,1,42,143,46,67,1,257,4,0,4,261
06/18/2020,SJC,CA,AWP,WE,Towers with Radar,153,40,22,0,215,0,0,38,0,38,153,40,60,0,253,2,0,2,255
06/19/2020,SJC,CA,AWP,WE,Towers with Radar,153,52,34,1,240,0,1,50,1,52,153,53,84,2,292,44,2,46,338
06/20/2020,SJC,CA,AWP,WE,Towers with Radar,141,44,18,0,203,0,0,33,2,35,141,44,51,2,238,30,0,30,268
06/21/2020,SJC,CA,AWP,WE,Towers with Radar,141,38,26,0,205,0,0,43,0,43,141,38,69,0,248,40,0,40,288
06/22/2020,SJC,CA,AWP,WE,Towers with Radar,156,36,37,0,229,0,1,27,0,28,156,37,64,0,257,26,0,26,283
06/23/2020,SJC,CA,AWP,WE,Towers with Radar,146,30,24,0,200,0,1,27,0,28,146,31,51,0,228,6,0,6,234
06/24/2020,SJC,CA,AWP,WE,Towers with Radar,147,51,28,0,226,0,1,41,2,44,147,52,69,2,270,30,0,30,300
06/25/2020,SJC,CA,AWP,WE,Towers with Radar,154,48,35,3,240,0,4,50,0,54,154,52,85,3,294,42,0,42,336
06/26/2020,SJC,CA,AWP,WE,Towers with Radar,154,49,38,0,241,0,7,55,0,62,154,56,93,0,303,12,0,12,315
06/27/2020,SJC,CA,AWP,WE,Towers with Radar,143,49,32,0,224,0,0,43,0,43,143,49,75,0,267,12,0,12,279
06/28/2020,SJC,CA,AWP,WE,Towers with Radar,167,59,36,0,262,0,5,34,0,39,167,64,70,0,301,26,0,26,327
06/29/2020,SJC,CA,AWP,WE,Towers with Radar,173,53,24,0,250,0,1,31,0,32,173,54,55,0,282,0,0,0,282
06/30/2020,SJC,CA,AWP,WE,Towers with Radar,171,44,30,0,245,0,0,45,0,45,171,44,75,0,290,54,0,54,344
07/01/2020,SJC,CA,AWP,WE,Towers with Radar,171,45,35,0,251,0,2,25,0,27,171,47,60,0,278,0,0,0,278
07/02/2020,SJC,CA,AWP,WE,Towers with Radar,182,52,34,0,268,0,0,47,0,47,182,52,81,0,315,0,0,0,315
07/03/2020,SJC,CA,AWP,WE,Towers with Radar,177,43,22,0,242,0,1,44,0,45,177,44,66,0,287,14,0,14,301
07/04/2020,SJC,CA,AWP,WE,Towers with Radar,140,17,10,2,169,0,6,31,0,37,140,23,41,2,206,0,0,0,206
07/05/2020,SJC,CA,AWP,WE,Towers with Radar,183,61,38,0,282,0,0,27,0,27,183,61,65,0,309,6,0,6,315
07/06/2020,SJC,CA,AWP,WE,Towers with Radar,183,43,36,0,262,0,1,39,0,40,183,44,75,0,302,0,0,0,302
07/07/2020,SJC,CA,AWP,WE,Towers with Radar,185,42,33,0,260,0,2,40,0,42,185,44,73,0,302,42,0,42,344
07/08/2020,SJC,CA,AWP,WE,Towers with Radar,190,36,23,0,249,0,2,42,0,44,190,38,65,0,293,44,0,44,337
07/09/2020,SJC,CA,AWP,WE,Towers with Radar,197,40,24,0,261,0,1,35,0,36,197,41,59,0,297,34,0,34,331
07/10/2020,SJC,CA,AWP,WE,Towers with Radar,193,41,23,0,257,0,0,44,0,44,193,41,67,0,301,30,0,30,331
07/11/2020,SJC,CA,AWP,WE,Towers with Radar,179,37,20,0,236,0,1,24,0,25,179,38,44,0,261,18,0,18,279
07/12/2020,SJC,CA,AWP,WE,Towers with Radar,186,66,30,0,282,0,1,37,0,38,186,67,67,0,320,0,0,0,320
07/13/2020,SJC,CA,AWP,WE,Towers with Radar,195,44,17,0,256,0,0,31,0,31,195,44,48,0,287,46,0,46,333
07/14/2020,SJC,CA,AWP,WE,Towers with Radar,185,40,24,0,249,0,5,23,0,28,185,45,47,0,277,14,0,14,291
07/15/2020,SJC,CA,AWP,WE,Towers with Radar,190,39,37,0,266,0,1,48,0,49,190,40,85,0,315,46,0,46,361
07/16/2020,SJC,CA,AWP,WE,Towers with Radar,204,44,27,0,275,0,1,28,0,29,204,45,55,0,304,34,0,34,338
07/17/2020,SJC,CA,AWP,WE,Towers with Radar,197,47,33,0,277,0,0,25,0,25,197,47,58,0,302,26,0,26,328
07/18/2020,SJC,CA,AWP,WE,Towers with Radar,185,51,39,0,275,0,0,32,0,32,185,51,71,0,307,4,0,4,311
07/19/2020,SJC,CA,AWP,WE,Towers with Radar,195,47,44,0,286,0,2,16,0,18,195,49,60,0,304,32,0,32,336
07/20/2020,SJC,CA,AWP,WE,Towers with Radar,196,31,27,0,254,0,1,19,0,20,196,32,46,0,274,22,0,22,296
07/21/2020,SJC,CA,AWP,WE,Towers with Radar,185,30,20,0,235,0,0,15,0,15,185,30,35,0,250,4,0,4,254
07/22/2020,SJC,CA,AWP,WE,Towers with Radar,190,29,23,0,242,0,1,28,0,29,190,30,51,0,271,0,0,0,271
07/23/2020,SJC,CA,AWP,WE,Towers with Radar,197,37,27,0,261,0,2,40,0,42,197,39,67,0,303,0,0,0,303
07/24/2020,SJC,CA,AWP,WE,Towers with Radar,195,48,29,0,272,0,1,34,0,35,195,49,63,0,307,0,0,0,307
07/25/2020,SJC,CA,AWP,WE,Towers with Radar,182,38,20,0,240,0,0,26,0,26,182,38,46,0,266,12,0,12,278
07/26/2020,SJC,CA,AWP,WE,Towers with Radar,192,42,36,0,270,0,1,36,0,37,192,43,72,0,307,0,0,0,307
07/27/2020,SJC,CA,AWP,WE,Towers with Radar,195,27,9,0,231,0,0,21,0,21,195,27,30,0,252,2,0,2,254
07/28/2020,SJC,CA,AWP,WE,Towers with Radar,187,35,25,0,247,0,2,33,1,36,187,37,58,1,283,18,0,18,301
07/29/2020,SJC,CA,AWP,WE,Towers with Radar,185,34,33,0,252,0,1,30,0,31,185,35,63,0,283,10,0,10,293
07/30/2020,SJC,CA,AWP,WE,Towers with Radar,196,44,43,0,283,0,1,33,0,34,196,45,76,0,317,0,0,0,317
07/31/2020,SJC,CA,AWP,WE,Towers with Radar,192,36,34,0,262,0,0,42,0,42,192,36,76,0,304,46,0,46,350
08/01/2020,SJC,CA,AWP,WE,Towers with Radar,176,44,22,0,242,0,3,32,0,35,176,47,54,0,277,10,0,10,287
08/02/2020,SJC,CA,AWP,WE,Towers with Radar,194,41,20,0,255,0,0,38,0,38,194,41,58,0,293,8,0,8,301
08/03/2020,SJC,CA,AWP,WE,Towers with Radar,198,38,22,0,258,0,5,21,0,26,198,43,43,0,284,0,0,0,284
08/04/2020,SJC,CA,AWP,WE,Towers with Radar,187,43,27,0,257,0,2,24,0,26,187,45,51,0,283,14,0,14,297
08/05/2020,SJC,CA,AWP,WE,Towers with Radar,189,47,48,0,284,0,0,17,0,17,189,47,65,0,301,0,0,0,301
08/06/2020,SJC,CA,AWP,WE,Towers with Radar,195,48,43,0,286,0,0,34,1,35,195,48,77,1,321,58,0,58,379
08/07/2020,SJC,CA,AWP,WE,Towers with Radar,197,49,34,0,280,0,5,53,0,58,197,54,87,0,338,26,0,26,364
08/08/2020,SJC,CA,AWP,WE,Towers with Radar,179,40,20,0,239,0,0,30,0,30,179,40,50,0,269,86,0,86,355
08/09/2020,SJC,CA,AWP,WE,Towers with Radar,189,50,26,0,265,0,0,31,0,31,189,50,57,0,296,54,0,54,350
08/10/2020,SJC,CA,AWP,WE,Towers with Radar,193,44,30,0,267,0,2,22,0,24,193,46,52,0,291,16,0,16,307
08/11/2020,SJC,CA,AWP,WE,Towers with Radar,175,40,12,2,229,0,0,39,0,39,175,40,51,2,268,14,0,14,282
08/12/2020,SJC,CA,AWP,WE,Towers with Radar,169,50,35,0,254,0,5,45,1,51,169,55,80,1,305,0,0,0,305
08/13/2020,SJC,CA,AWP,WE,Towers with Radar,171,52,32,0,255,0,1,41,0,42,171,53,73,0,297,8,0,8,305
08/14/2020,SJC,CA,AWP,WE,Towers with Radar,176,48,33,0,257,0,4,42,0,46,176,52,75,0,303,0,0,0,303
08/15/2020,SJC,CA,AWP,WE,Towers with Radar,170,48,17,0,235,0,0,44,0,44,170,48,61,0,279,12,0,12,291
08/16/2020,SJC,CA,AWP,WE,Towers with Radar,164,62,30,0,256,0,0,19,1,20,164,62,49,1,276,42,0,42,318
08/17/2020,SJC,CA,AWP,WE,Towers with Radar,164,30,31,0,225,0,1,25,0,26,164,31,56,0,251,66,0,66,317
08/18/2020,SJC,CA,AWP,WE,Towers with Radar,155,39,30,0,224,0,3,37,1,41,155,42,67,1,265,8,0,8,273
08/19/2020,SJC,CA,AWP,WE,Towers with Radar,157,52,27,0,236,0,1,7,0,8,157,53,34,0,244,4,0,4,248
08/20/2020,SJC,CA,AWP,WE,Towers with Radar,167,57,32,0,256,0,2,28,3,33,167,59,60,3,289,18,0,18,307
08/21/2020,SJC,CA,AWP,WE,Towers with Radar,169,45,36,0,250,0,2,25,0,27,169,47,61,0,277,22,0,22,299
08/22/2020,SJC,CA,AWP,WE,Towers with Radar,163,53,23,1,240,0,1,12,0,13,163,54,35,1,253,0,0,0,253
08/23/2020,SJC,CA,AWP,WE,Towers with Radar,160,42,45,2,249,0,1,4,2,7,160,43,49,4,256,0,0,0,256
08/24/2020,SJC,CA,AWP,WE,Towers with Radar,167,38,37,0,242,0,0,11,0,11,167,38,48,0,253,0,0,0,253
08/25/2020,SJC,CA,AWP,WE,Towers with Radar,163,33,36,3,235,0,0,10,1,11,163,33,46,4,246,18,0,18,264
08/26/2020,SJC,CA,AWP,WE,Towers with Radar,164,51,20,0,235,0,3,30,0,33,164,54,50,0,268,12,0,12,280
08/27/2020,SJC,CA,AWP,WE,Towers with Radar,171,36,49,0,256,0,1,35,1,37,171,37,84,1,293,64,0,64,357
08/28/2020,SJC,CA,AWP,WE,Towers with Radar,166,57,38,2,263,0,3,28,1,32,166,60,66,3,295,8,0,8,303
08/29/2020,SJC,CA,AWP,WE,Towers with Radar,164,39,18,0,221,0,1,14,2,17,164,40,32,2,238,28,0,28,266
08/30/2020,SJC,CA,AWP,WE,Towers with Radar,160,52,34,0,246,0,2,16,0,18,160,54,50,0,264,46,0,46,310
08/31/2020,SJC,CA,AWP,WE,Towers with Radar,165,39,32,0,236,0,0,16,0,16,165,39,48,0,252,0,0,0,252
09/01/2020,SJC,CA,AWP,WE,Towers with Radar,168,43,22,4,237,0,1,25,0,26,168,44,47,4,263,0,0,0,263
09/02/2020,SJC,CA,AWP,WE,Towers with Radar,170,45,42,2,259,0,0,23,0,23,170,45,65,2,282,0,0,0,282
09/03/2020,SJC,CA,AWP,WE,Towers with Radar,171,51,38,0,260,0,0,47,0,47,171,51,85,0,307,22,0,22,329
09/04/2020,SJC,CA,AWP,WE,Towers with Radar,174,45,32,0,251,0,2,34,3,39,174,47,66,3,290,0,0,0,290
09/05/2020,SJC,CA,AWP,WE,Towers with Radar,167,25,17,0,209,0,3,30,1,34,167,28,47,1,243,0,0,0,243
09/06/2020,SJC,CA,AWP,WE,Towers with Radar,132,28,16,0,176,0,1,18,1,20,132,29,34,1,196,8,0,8,204
09/07/2020,SJC,CA,AWP,WE,Towers with Radar,142,67,39,0,248,0,0,22,0,22,142,67,61,0,270,0,0,0,270
09/08/2020,SJC,CA,AWP,WE,Towers with Radar,136,43,23,0,202,0,0,11,0,11,136,43,34,0,213,10,0,10,223
09/09/2020,SJC,CA,AWP,WE,Towers with Radar,139,48,27,0,214,0,0,8,0,8,139,48,35,0,222,8,0,8,230
09/10/2020,SJC,CA,AWP,WE,Towers with Radar,145,54,42,0,241,0,0,3,0,3,145,54,45,0,244,0,0,0,244
09/11/2020,SJC,CA,AWP,WE,Towers with Radar,146,77,56,0,279,0,0,0,0,0,146,77,56,0,279,0,0,0,279
09/12/2020,SJC,CA,AWP,WE,Towers with Radar,139,55,47,0,241,0,0,1,0,1,139,55,48,0,242,0,0,0,242
09/13/2020,SJC,CA,AWP,WE,Towers with Radar,145,63,42,0,250,0,0,4,0,4,145,63,46,0,254,0,0,0,254
09/14/2020,SJC,CA,AWP,WE,Towers with Radar,137,48,20,0,205,0,0,0,0,0,137,48,20,0,205,0,0,0,205
09/15/2020,SJC,CA,AWP,WE,Towers with Radar,133,54,40,0,227,0,0,10,1,11,133,54,50,1,238,18,0,18,256
09/16/2020,SJC,CA,AWP,WE,Towers with Radar,144,42,35,0,221,0,0,18,0,18,144,42,53,0,239,0,0,0,239
09/17/2020,SJC,CA,AWP,WE,Towers with Radar,142,50,36,0,228,0,2,30,1,33,142,52,66,1,261,32,0,32,293
09/18/2020,SJC,CA,AWP,WE,Towers with Radar,144,41,24,0,209,0,1,47,0,48,144,42,71,0,257,54,0,54,311
09/19/2020,SJC,CA,AWP,WE,Towers with Radar,139,46,19,0,204,0,5,42,6,53,139,51,61,6,257,30,0,30,287
09/20/2020,SJC,CA,AWP,WE,Towers with Radar,136,43,33,0,212,0,0,33,0,33,136,43,66,0,245,14,0,14,259
09/21/2020,SJC,CA,AWP,WE,Towers with Radar,141,39,31,1,212,0,0,19,2,21,141,39,50,3,233,0,0,0,233
09/22/2020,SJC,CA,AWP,WE,Towers with Radar,140,40,31,1,212,0,1,35,0,36,140,41,66,1,248,0,0,0,248
09/23/2020,SJC,CA,AWP,WE,Towers with Radar,147,35,19,0,201,0,0,45,0,45,147,35,64,0,246,10,0,10,256
09/24/2020,SJC,CA,AWP,WE,Towers with Radar,144,50,34,0,228,0,1,38,0,39,144,51,72,0,267,16,0,16,283
09/25/2020,SJC,CA,AWP,WE,Towers with Radar,146,49,32,1,228,0,4,50,0,54,146,53,82,1,282,66,0,66,348
09/26/2020,SJC,CA,AWP,WE,Towers with Radar,136,46,24,1,207,0,2,24,2,28,136,48,48,3,235,18,0,18,253
09/27/2020,SJC,CA,AWP,WE,Towers with Radar,139,58,29,0,226,0,0,23,0,23,139,58,52,0,249,20,0,20,269
09/28/2020,SJC,CA,AWP,WE,Towers with Radar,142,41,35,0,218,0,0,39,0,39,142,41,74,0,257,16,0,16,273
09/29/2020,SJC,CA,AWP,WE,Towers with Radar,140,39,45,0,224,0,2,43,0,45,140,41,88,0,269,32,0,32,301
09/30/2020,SJC,CA,AWP,WE,Towers with Radar,142,42,43,0,227,0,0,23,0,23,142,42,66,0,250,0,0,0,250
10/01/2020,SJC,CA,AWP,WE,Towers with Radar,147,49,35,0,231,0,0,11,0,11,147,49,46,0,242,0,0,0,242
10/02/2020,SJC,CA,AWP,WE,Towers with Radar,142,41,70,2,255,0,2,11,0,13,142,43,81,2,268,0,0,0,268
10/03/2020,SJC,CA,AWP,WE,Towers with Radar,141,49,48,0,238,0,1,14,0,15,141,50,62,0,253,6,0,6,259
10/04/2020,SJC,CA,AWP,WE,Towers with Radar,142,51,31,0,224,0,1,35,0,36,142,52,66,0,260,34,0,34,294
10/05/2020,SJC,CA,AWP,WE,Towers with Radar,143,43,19,0,205,0,1,7,0,8,143,44,26,0,213,6,0,6,219
10/06/2020,SJC,CA,AWP,WE,Towers with Radar,137,35,27,0,199,0,2,63,0,65,137,37,90,0,264,48,0,48,312
10/07/2020,SJC,CA,AWP,WE,Towers with Radar,140,48,44,0,232,0,1,17,0,18,140,49,61,0,250,0,0,0,250
10/08/2020,SJC,CA,AWP,WE,Towers with Radar,146,55,47,2,250,0,3,20,0,23,146,58,67,2,273,18,0,18,291
10/09/2020,SJC,CA,AWP,WE,Towers with Radar,140,61,41,0,242,0,1,28,1,30,140,62,69,1,272,46,0,46,318
10/10/2020,SJC,CA,AWP,WE,Towers with Radar,121,56,23,0,200,0,2,36,2,40,121,58,59,2,240,0,0,0,240
10/11/2020,SJC,CA,AWP,WE,Towers with Radar,141,55,34,0,230,0,0,32,3,35,141,55,66,3,265,0,0,0,265
10/12/2020,SJC,CA,AWP,WE,Towers with Radar,145,44,40,0,229,0,2,27,0,29,145,46,67,0,258,0,0,0,258
10/13/2020,SJC,CA,AWP,WE,Towers with Radar,135,38,31,0,204,0,0,37,0,37,135,38,68,0,241,0,0,0,241
10/14/2020,SJC,CA,AWP,WE,Towers with Radar,137,42,30,0,209,0,7,43,0,50,137,49,73,0,259,0,0,0,259
10/15/2020,SJC,CA,AWP,WE,Towers with Radar,145,54,43,0,242,0,0,45,0,45,145,54,88,0,287,44,0,44,331
10/16/2020,SJC,CA,AWP,WE,Towers with Radar,138,42,50,0,230,0,0,40,0,40,138,42,90,0,270,54,0,54,324
10/17/2020,SJC,CA,AWP,WE,Towers with Radar,121,43,36,0,200,0,3,33,0,36,121,46,69,0,236,14,0,14,250
10/18/2020,SJC,CA,AWP,WE,Towers with Radar,147,56,58,0,261,0,1,38,0,39,147,57,96,0,300,6,0,6,306
10/19/2020,SJC,CA,AWP,WE,Towers with Radar,142,47,19,0,208,0,1,49,0,50,142,48,68,0,258,50,0,50,308
10/20/2020,SJC,CA,AWP,WE,Towers with Radar,138,34,28,0,200,0,0,27,0,27,138,34,55,0,227,14,0,14,241
10/21/2020,SJC,CA,AWP,WE,Towers with Radar,134,61,38,0,233,0,1,45,3,49,134,62,83,3,282,6,0,6,288
10/22/2020,SJC,CA,AWP,WE,Towers with Radar,145,45,40,0,230,0,2,41,1,44,145,47,81,1,274,10,0,10,284
10/23/2020,SJC,CA,AWP,WE,Towers with Radar,144,48,43,0,235,0,1,40,0,41,144,49,83,0,276,12,0,12,288
10/24/2020,SJC,CA,AWP,WE,Towers with Radar,124,58,24,0,206,0,0,32,0,32,124,58,56,0,238,0,0,0,238
10/25/2020,SJC,CA,AWP,WE,Towers with Radar,139,64,32,0,235,0,2,16,0,18,139,66,48,0,253,18,0,18,271
10/26/2020,SJC,CA,AWP,WE,Towers with Radar,139,51,23,0,213,2,1,13,0,16,141,52,36,0,229,0,0,0,229
10/27/2020,SJC,CA,AWP,WE,Towers with Radar,139,41,30,0,210,0,1,54,0,55,139,42,84,0,265,60,0,60,325
10/28/2020,SJC,CA,AWP,WE,Towers with Radar,138,33,32,0,203,0,2,57,0,59,138,35,89,0,262,12,0,12,274
10/29/2020,SJC,CA,AWP,WE,Towers with Radar,143,52,33,0,228,0,0,58,0,58,143,52,91,0,286,74,0,74,360
10/30/2020,SJC,CA,AWP,WE,Towers with Radar,142,43,36,0,221,0,4,56,1,61,142,47,92,1,282,20,0,20,302
10/31/2020,SJC,CA,AWP,WE,Towers with Radar,126,28,12,0,166,0,3,31,2,36,126,31,43,2,202,0,0,0,202
11/01/2020,SJC,CA,AWP,WE,Towers with Radar,144,64,30,0,238,0,0,41,0,41,144,64,71,0,279,0,0,0,279
11/02/2020,SJC,CA,AWP,WE,Towers with Radar,148,44,31,0,223,0,0,43,0,43,148,44,74,0,266,0,0,0,266
11/03/2020,SJC,CA,AWP,WE,Towers with Radar,141,29,30,0,200,0,1,27,0,28,141,30,57,0,228,0,0,0,228
11/04/2020,SJC,CA,AWP,WE,Towers with Radar,142,53,43,0,238,0,0,24,0,24,142,53,67,0,262,22,0,22,284
11/05/2020,SJC,CA,AWP,WE,Towers with Radar,182,49,35,0,266,0,0,48,2,50,182,49,83,2,316,24,2,26,342
11/06/2020,SJC,CA,AWP,WE,Towers with Radar,171,35,31,0,237,0,0,18,0,18,171,35,49,0,255,52,0,52,307
11/07/2020,SJC,CA,AWP,WE,Towers with Radar,131,31,18,2,182,0,2,20,0,22,131,33,38,2,204,24,0,24,228
11/08/2020,SJC,CA,AWP,WE,Towers with Radar,173,52,34,0,259,0,0,22,0,22,173,52,56,0,281,30,0,30,311
11/09/2020,SJC,CA,AWP,WE,Towers with Radar,168,31,39,0,238,0,1,40,0,41,168,32,79,0,279,26,0,26,305
11/10/2020,SJC,CA,AWP,WE,Towers with Radar,140,44,26,0,210,2,0,32,0,34,142,44,58,0,244,34,0,34,278
11/11/2020,SJC,CA,AWP,WE,Towers with Radar,139,46,40,3,228,0,0,25,0,25,139,46,65,3,253,0,2,2,255
11/12/2020,SJC,CA,AWP,WE,Towers with Radar,165,65,41,2,273,0,1,56,0,57,165,66,97,2,330,48,8,56,386
11/13/2020,SJC,CA,AWP,WE,Towers with Radar,174,54,37,0,265,0,1,25,0,26,174,55,62,0,291,0,0,0,291
11/14/2020,SJC,CA,AWP,WE,Towers with Radar,131,39,40,0,210,1,0,13,0,14,132,39,53,0,224,4,0,4,228
11/15/2020,SJC,CA,AWP,WE,Towers with Radar,166,45,29,0,240,0,1,49,0,50,166,46,78,0,290,44,0,44,334
11/16/2020,SJC,CA,AWP,WE,Towers with Radar,171,44,32,0,247,0,1,35,0,36,171,45,67,0,283,24,0,24,307
11/17/2020,SJC,CA,AWP,WE,Towers with Radar,146,40,18,0,204,0,3,10,0,13,146,43,28,0,217,6,0,6,223
11/18/2020,SJC,CA,AWP,WE,Towers with Radar,139,53,34,0,226,0,0,14,0,14,139,53,48,0,240,40,0,40,280
11/19/2020,SJC,CA,AWP,WE,Towers with Radar,177,48,34,0,259,0,1,36,0,37,177,49,70,0,296,0,0,0,296
11/20/2020,SJC,CA,AWP,WE,Towers with Radar,184,52,44,0,280,0,6,33,0,39,184,58,77,0,319,0,0,0,319
11/21/2020,SJC,CA,AWP,WE,Towers with Radar,165,50,44,0,259,0,2,62,0,64,165,52,106,0,323,24,0,24,347
11/22/2020,SJC,CA,AWP,WE,Towers with Radar,176,55,31,0,262,0,2,23,0,25,176,57,54,0,287,0,0,0,287
11/23/2020,SJC,CA,AWP,WE,Towers with Radar,196,44,25,0,265,0,0,25,0,25,196,44,50,0,290,0,0,0,290
11/24/2020,SJC,CA,AWP,WE,Towers with Radar,196,59,31,0,286,0,3,44,2,49,196,62,75,2,335,46,0,46,381
11/25/2020,SJC,CA,AWP,WE,Towers with Radar,198,40,47,0,285,0,5,35,2,42,198,45,82,2,327,16,0,16,343
11/26/2020,SJC,CA,AWP,WE,Towers with Radar,115,25,12,0,152,0,0,8,0,8,115,25,20,0,160,4,0,4,164
11/27/2020,SJC,CA,AWP,WE,Towers with Radar,173,40,16,0,229,0,0,36,0,36,173,40,52,0,265,16,0,16,281
11/28/2020,SJC,CA,AWP,WE,Towers with Radar,172,41,30,0,243,0,1,29,0,30,172,42,59,0,273,2,0,2,275
11/29/2020,SJC,CA,AWP,WE,Towers with Radar,195,68,54,0,317,1,2,32,0,35,196,70,86,0,352,0,0,0,352
11/30/2020,SJC,CA,AWP,WE,Towers with Radar,199,35,31,0,265,1,1,42,0,44,200,36,73,0,309,32,0,32,341
12/01/2020,SJC,CA,AWP,WE,Towers with Radar,176,28,37,0,241,0,1,42,0,43,176,29,79,0,284,38,0,38,322
12/02/2020,SJC,CA,AWP,WE,Towers with Radar,147,40,17,0,204,0,0,32,0,32,147,40,49,0,236,12,0,12,248
12/03/2020,SJC,CA,AWP,WE,Towers with Radar,144,35,32,0,211,0,1,47,0,48,144,36,79,0,259,48,0,48,307
12/04/2020,SJC,CA,AWP,WE,Towers with Radar,153,45,34,0,232,0,1,41,0,42,153,46,75,0,274,36,0,36,310
12/05/2020,SJC,CA,AWP,WE,Towers with Radar,142,36,15,0,193,0,0,26,0,26,142,36,41,0,219,40,0,40,259
12/06/2020,SJC,CA,AWP,WE,Towers with Radar,151,48,36,0,235,0,0,16,0,16,151,48,52,0,251,34,0,34,285
12/07/2020,SJC,CA,AWP,WE,Towers with Radar,151,29,16,0,196,0,0,24,2,26,151,29,40,2,222,2,2,4,226
12/08/2020,SJC,CA,AWP,WE,Towers with Radar,149,25,26,0,200,0,0,34,0,34,149,25,60,0,234,12,0,12,246
12/09/2020,SJC,CA,AWP,WE,Towers with Radar,145,35,22,0,202,0,2,30,2,34,145,37,52,2,236,0,0,0,236
12/10/2020,SJC,CA,AWP,WE,Towers with Radar,146,33,27,0,206,0,0,42,0,42,146,33,69,0,248,0,0,0,248
12/11/2020,SJC,CA,AWP,WE,Towers with Radar,151,47,37,0,235,0,0,22,0,22,151,47,59,0,257,4,0,4,261
12/12/2020,SJC,CA,AWP,WE,Towers with Radar,140,44,23,2,209,0,0,12,0,12,140,44,35,2,221,0,0,0,221
12/13/2020,SJC,CA,AWP,WE,Towers with Radar,146,44,36,0,226,0,0,6,0,6,146,44,42,0,232,0,0,0,232
12/14/2020,SJC,CA,AWP,WE,Towers with Radar,148,35,16,1,200,0,2,28,1,31,148,37,44,2,231,24,0,24,255
12/15/2020,SJC,CA,AWP,WE,Towers with Radar,149,33,18,0,200,0,0,35,0,35,149,33,53,0,235,80,0,80,315
12/16/2020,SJC,CA,AWP,WE,Towers with Radar,150,39,22,0,211,0,0,32,0,32,150,39,54,0,243,46,0,46,289
12/17/2020,SJC,CA,AWP,WE,Towers with Radar,177,32,39,0,248,0,1,14,0,15,177,33,53,0,263,64,0,64,327
12/18/2020,SJC,CA,AWP,WE,Towers with Radar,179,57,24,0,260,0,1,45,1,47,179,58,69,1,307,36,0,36,343
12/19/2020,SJC,CA,AWP,WE,Towers with Radar,163,46,33,0,242,0,0,44,2,46,163,46,77,2,288,54,0,54,342
12/20/2020,SJC,CA,AWP,WE,Towers with Radar,173,50,31,0,254,0,0,30,0,30,173,50,61,0,284,0,0,0,284
12/21/2020,SJC,CA,AWP,WE,Towers with Radar,179,44,27,0,250,0,0,36,0,36,179,44,63,0,286,16,0,16,302
12/22/2020,SJC,CA,AWP,WE,Towers with Radar,170,44,35,10,259,0,1,29,0,30,170,45,64,10,289,10,0,10,299
12/23/2020,SJC,CA,AWP,WE,Towers with Radar,187,50,32,0,269,0,0,38,0,38,187,50,70,0,307,0,0,0,307
12/24/2020,SJC,CA,AWP,WE,Towers with Radar,135,27,16,0,178,0,0,12,0,12,135,27,28,0,190,0,0,0,190
12/25/2020,SJC,CA,AWP,WE,Towers with Radar,131,31,11,0,173,0,2,0,0,2,131,33,11,0,175,0,0,0,175
12/26/2020,SJC,CA,AWP,WE,Towers with Radar,163,38,34,0,235,1,0,12,5,18,164,38,46,5,253,20,0,20,273
12/27/2020,SJC,CA,AWP,WE,Towers with Radar,192,56,32,0,280,0,0,19,8,27,192,56,51,8,307,14,0,14,321
12/28/2020,SJC,CA,AWP,WE,Towers with Radar,172,33,22,0,227,0,0,16,4,20,172,33,38,4,247,46,0,46,293
12/29/2020,SJC,CA,AWP,WE,Towers with Radar,171,43,26,0,240,0,0,42,1,43,171,43,68,1,283,0,0,0,283
12/30/2020,SJC,CA,AWP,WE,Towers with Radar,172,34,29,0,235,0,1,29,0,30,172,35,58,0,265,0,0,0,265
12/31/2020,SJC,CA,AWP,WE,Towers with Radar,135,28,23,0,186,0,2,26,0,28,135,30,49,0,214,38,0,38,252
01/01/2021,SJC,CA,AWP,WE,Towers with Radar,136,43,18,2,199,0,0,20,6,26,136,43,38,8,225,0,0,0,225
01/02/2021,SJC,CA,AWP,WE,Towers with Radar,166,43,43,0,252,0,0,3,2,5,166,43,46,2,257,0,0,0,257
01/03/2021,SJC,CA,AWP,WE,Towers with Radar,192,73,61,0,326,0,1,23,0,24,192,74,84,0,350,0,0,0,350
01/04/2021,SJC,CA,AWP,WE,Towers with Radar,176,45,44,0,265,0,0,5,4,9,176,45,49,4,274,16,0,16,290
01/05/2021,SJC,CA,AWP,WE,Towers with Radar,177,48,17,0,242,0,2,24,5,31,177,50,41,5,273,26,0,26,299
01/06/2021,SJC,CA,AWP,WE,Towers with Radar,176,36,17,0,229,0,0,26,0,26,176,36,43,0,255,37,0,37,292
01/07/2021,SJC,CA,AWP,WE,Towers with Radar,150,49,33,1,233,0,3,15,1,19,150,52,48,2,252,6,0,6,258
01/08/2021,SJC,CA,AWP,WE,Towers with Radar,156,35,33,0,224,0,0,21,0,21,156,35,54,0,245,30,0,30,275
01/09/2021,SJC,CA,AWP,WE,Towers with Radar,148,50,16,0,214,0,0,31,11,42,148,50,47,11,256,0,0,0,256
01/10/2021,SJC,CA,AWP,WE,Towers with Radar,148,46,31,0,225,0,1,31,5,37,148,47,62,5,262,32,0,32,294
01/11/2021,SJC,CA,AWP,WE,Towers with Radar,162,41,31,0,234,0,2,25,4,31,162,43,56,4,265,0,0,0,265
01/12/2021,SJC,CA,AWP,WE,Towers with Radar,154,28,17,0,199,0,2,19,4,25,154,30,36,4,224,30,0,30,254
01/13/2021,SJC,CA,AWP,WE,Towers with Radar,149,47,39,0,235,0,2,31,5,38,149,49,70,5,273,62,0,62,335
01/14/2021,SJC,CA,AWP,WE,Towers with Radar,153,43,35,0,231,0,0,30,3,33,153,43,65,3,264,80,0,80,344
01/15/2021,SJC,CA,AWP,WE,Towers with Radar,159,38,37,0,234,0,3,35,1,39,159,41,72,1,273,46,2,48,321
01/16/2021,SJC,CA,AWP,WE,Towers with Radar,135,38,29,0,202,0,2,41,7,50,135,40,70,7,252,36,0,36,288
01/17/2021,SJC,CA,AWP,WE,Towers with Radar,139,36,17,0,192,0,1,33,6,40,139,37,50,6,232,34,0,34,266
01/18/2021,SJC,CA,AWP,WE,Towers with Radar,165,61,33,0,259,0,0,18,6,24,165,61,51,6,283,0,0,0,283
01/19/2021,SJC,CA,AWP,WE,Towers with Radar,153,37,18,0,208,0,0,4,5,9,153,37,22,5,217,0,0,0,217
01/20/2021,SJC,CA,AWP,WE,Towers with Radar,150,46,31,0,227,0,1,41,6,48,150,47,72,6,275,0,0,0,275
01/21/2021,SJC,CA,AWP,WE,Towers with Radar,155,34,32,0,221,0,3,30,6,39,155,37,62,6,260,8,0,8,268
01/22/2021,SJC,CA,AWP,WE,Towers with Radar,159,28,31,0,218,0,0,9,3,12,159,28,40,3,230,0,0,0,230
01/23/2021,SJC,CA,AWP,WE,Towers with Radar,134,34,26,0,194,0,0,27,2,29,134,34,53,2,223,50,0,50,273
01/24/2021,SJC,CA,AWP,WE,Towers with Radar,145,41,30,0,216,0,0,8,0,8,145,41,38,0,224,16,0,16,240
01/25/2021,SJC,CA,AWP,WE,Towers with Radar,158,29,18,0,205,0,1,18,0,19,158,30,36,0,224,2,0,2,226
01/26/2021,SJC,CA,AWP,WE,Towers with Radar,149,33,15,0,197,0,0,28,2,30,149,33,43,2,227,38,0,38,265
01/27/2021,SJC,CA,AWP,WE,Towers with Radar,148,32,20,0,200,0,0,4,0,4,148,32,24,0,204,0,0,0,204
01/28/2021,SJC,CA,AWP,WE,Towers with Radar,153,27,25,1,206,0,0,0,2,2,153,27,25,3,208,0,0,0,208
01/29/2021,SJC,CA,AWP,WE,Towers with Radar,160,42,37,1,240,0,1,32,2,35,160,43,69,3,275,36,0,36,311
01/30/2021,SJC,CA,AWP,WE,Towers with Radar,137,39,24,0,200,0,3,31,9,43,137,42,55,9,243,14,0,14,257
01/31/2021,SJC,CA,AWP,WE,Towers with Radar,148,46,37,0,231,0,1,19,6,26,148,47,56,6,257,52,0,52,309
02/01/2021,SJC,CA,AWP,WE,Towers with Radar,166,35,24,0,225,0,0,10,2,12,166,35,34,2,237,0,0,0,237
02/02/2021,SJC,CA,AWP,WE,Towers with Radar,156,33,30,0,219,0,1,5,5,11,156,34,35,5,230,6,0,6,236
02/03/2021,SJC,CA,AWP,WE,Towers with Radar,152,45,26,0,223,0,0,29,4,33,152,45,55,4,256,14,0,14,270
02/04/2021,SJC,CA,AWP,WE,Towers with Radar,159,33,30,0,222,0,1,34,6,41,159,34,64,6,263,26,0,26,289
02/05/2021,SJC,CA,AWP,WE,Towers with Radar,163,39,27,0,229,0,0,42,5,47,163,39,69,5,276,26,0,26,302
02/06/2021,SJC,CA,AWP,WE,Towers with Radar,141,28,24,0,193,0,1,33,5,39,141,29,57,5,232,26,0,26,258
02/07/2021,SJC,CA,AWP,WE,Towers with Radar,149,42,34,0,225,0,1,38,3,42,149,43,72,3,267,22,0,22,289
02/08/2021,SJC,CA,AWP,WE,Towers with Radar,162,52,22,2,238,0,0,18,5,23,162,52,40,7,261,0,0,0,261
02/09/2021,SJC,CA,AWP,WE,Towers with Radar,154,40,30,0,224,0,0,34,0,34,154,40,64,0,258,30,0,30,288
02/10/2021,SJC,CA,AWP,WE,Towers with Radar,154,50,44,0,248,0,0,42,4,46,154,50,86,4,294,0,0,0,294
02/11/2021,SJC,CA,AWP,WE,Towers with Radar,149,46,45,0,240,0,1,22,1,24,149,47,67,1,264,0,0,0,264
02/12/2021,SJC,CA,AWP,WE,Towers with Radar,153,56,48,0,257,0,2,29,0,31,153,58,77,0,288,44,0,44,332
02/13/2021,SJC,CA,AWP,WE,Towers with Radar,114,61,42,0,217,0,2,17,0,19,114,63,59,0,236,48,0,48,284
02/14/2021,SJC,CA,AWP,WE,Towers with Radar,120,45,33,0,198,0,1,19,0,20,120,46,52,0,218,2,0,2,220
02/15/2021,SJC,CA,AWP,WE,Towers with Radar,133,50,32,0,215,0,0,6,0,6,133,50,38,0,221,0,0,0,221
02/16/2021,SJC,CA,AWP,WE,Towers with Radar,130,40,31,0,201,0,2,31,0,33,130,42,62,0,234,74,0,74,308
02/17/2021,SJC,CA,AWP,WE,Towers with Radar,136,44,32,0,212,0,0,42,0,42,136,44,74,0,254,16,0,16,270
02/18/2021,SJC,CA,AWP,WE,Towers with Radar,138,45,33,0,216,0,0,25,2,27,138,45,58,2,243,0,0,0,243
02/19/2021,SJC,CA,AWP,WE,Towers with Radar,147,54,30,0,231,0,0,12,0,12,147,54,42,0,243,16,0,16,259
02/20/2021,SJC,CA,AWP,WE,Towers with Radar,124,58,31,0,213,0,1,23,0,24,124,59,54,0,237,14,0,14,251
02/21/2021,SJC,CA,AWP,WE,Towers with Radar,149,70,55,0,274,0,2,24,2,28,149,72,79,2,302,18,0,18,320
02/22/2021,SJC,CA,AWP,WE,Towers with Radar,152,42,19,0,213,0,0,31,0,31,152,42,50,0,244,34,0,34,278
02/23/2021,SJC,CA,AWP,WE,Towers with Radar,142,36,31,0,209,0,0,22,0,22,142,36,53,0,231,22,0,22,253
02/24/2021,SJC,CA,AWP,WE,Towers with Radar,148,50,44,0,242,0,1,30,0,31,148,51,74,0,273,28,0,28,301
02/25/2021,SJC,CA,AWP,WE,Towers with Radar,153,52,37,0,242,0,0,42,0,42,153,52,79,0,284,16,0,16,300
02/26/2021,SJC,CA,AWP,WE,Towers with Radar,155,50,39,0,244,0,0,45,0,45,155,50,84,0,289,19,0,19,308
02/27/2021,SJC,CA,AWP,WE,Towers with Radar,129,40,23,0,192,0,2,34,3,39,129,42,57,3,231,12,0,12,243
02/28/2021,SJC,CA,AWP,WE,Towers with Radar,148,53,32,0,233,0,0,35,0,35,148,53,67,0,268,0,0,0,268
03/01/2021,SJC,CA,AWP,WE,Towers with Radar,149,40,39,0,228,0,0,31,0,31,149,40,70,0,259,0,0,0,259
03/02/2021,SJC,CA,AWP,WE,Towers with Radar,139,35,29,0,203,0,0,32,0,32,139,35,61,0,235,0,0,0,235
03/03/2021,SJC,CA,AWP,WE,Towers with Radar,145,58,35,0,238,0,1,28,0,29,145,59,63,0,267,0,0,0,267
03/04/2021,SJC,CA,AWP,WE,Towers with Radar,158,26,36,0,220,0,0,53,0,53,158,26,89,0,273,116,0,116,389
03/05/2021,SJC,CA,AWP,WE,Towers with Radar,153,50,30,0,233,0,0,28,0,28,153,50,58,0,261,36,0,36,297
03/06/2021,SJC,CA,AWP,WE,Towers with Radar,128,25,15,0,168,0,2,22,2,26,128,27,37,2,194,28,0,28,222
03/07/2021,SJC,CA,AWP,WE,Towers with Radar,176,47,53,0,276,0,0,34,0,34,176,47,87,0,310,32,0,32,342
03/08/2021,SJC,CA,AWP,WE,Towers with Radar,179,32,37,0,248,0,1,16,1,18,179,33,53,1,266,58,0,58,324
03/09/2021,SJC,CA,AWP,WE,Towers with Radar,145,44,39,0,228,0,0,21,4,25,145,44,60,4,253,0,0,0,253
03/10/2021,SJC,CA,AWP,WE,Towers with Radar,147,70,38,0,255,0,0,11,6,17,147,70,49,6,272,40,0,40,312
03/11/2021,SJC,CA,AWP,WE,Towers with Radar,192,56,46,0,294,0,0,21,2,23,192,56,67,2,317,0,0,0,317
03/12/2021,SJC,CA,AWP,WE,Towers with Radar,190,52,44,0,286,0,3,65,1,69,190,55,109,1,355,18,0,18,373
03/13/2021,SJC,CA,AWP,WE,Towers with Radar,138,47,24,2,211,0,1,36,4,41,138,48,60,6,252,68,4,72,324
03/14/2021,SJC,CA,AWP,WE,Towers with Radar,171,66,37,0,274,0,0,15,0,15,171,66,52,0,289,54,0,54,343
03/15/2021,SJC,CA,AWP,WE,Towers with Radar,180,45,32,0,257,0,0,11,0,11,180,45,43,0,268,8,0,8,276
03/16/2021,SJC,CA,AWP,WE,Towers with Radar,185,46,14,4,249,0,2,48,2,52,185,48,62,6,301,94,6,100,401
03/17/2021,SJC,CA,AWP,WE,Towers with Radar,177,59,44,0,280,0,1,40,5,46,177,60,84,5,326,78,0,78,404
03/18/2021,SJC,CA,AWP,WE,Towers with Radar,199,42,54,0,295,0,0,8,1,9,199,42,62,1,304,4,0,4,308
03/19/2021,SJC,CA,AWP,WE,Towers with Radar,196,45,41,0,282,0,0,22,0,22,196,45,63,0,304,0,0,0,304
03/20/2021,SJC,CA,AWP,WE,Towers with Radar,155,40,40,0,235,0,1,31,0,32,155,41,71,0,267,20,0,20,287
03/21/2021,SJC,CA,AWP,WE,Towers with Radar,199,50,37,0,286,0,0,43,0,43,199,50,80,0,329,16,0,16,345
03/22/2021,SJC,CA,AWP,WE,Towers with Radar,194,52,48,0,294,0,2,30,0,32,194,54,78,0,326,0,0,0,326
03/23/2021,SJC,CA,AWP,WE,Towers with Radar,196,41,31,0,268,0,0,33,2,35,196,41,64,2,303,20,0,20,323
03/24/2021,SJC,CA,AWP,WE,Towers with Radar,189,65,42,0,296,0,1,35,3,39,189,66,77,3,335,46,0,46,381
03/25/2021,SJC,CA,AWP,WE,Towers with Radar,205,44,44,0,293,0,2,30,4,36,205,46,74,4,329,70,0,70,399
03/26/2021,SJC,CA,AWP,WE,Towers with Radar,198,63,45,0,306,0,1,39,3,43,198,64,84,3,349,64,0,64,413
03/27/2021,SJC,CA,AWP,WE,Towers with Radar,156,59,35,0,250,0,1,46,3,50,156,60,81,3,300,52,0,52,352
03/28/2021,SJC,CA,AWP,WE,Towers with Radar,194,50,36,0,280,0,0,43,0,43,194,50,79,0,323,30,0,30,353
03/29/2021,SJC,CA,AWP,WE,Towers with Radar,192,49,34,0,275,0,2,38,6,46,192,51,72,6,321,14,0,14,335
03/30/2021,SJC,CA,AWP,WE,Towers with Radar,195,45,37,1,278,0,0,44,4,48,195,45,81,5,326,24,0,24,350
03/31/2021,SJC,CA,AWP,WE,Towers with Radar,191,63,36,0,290,0,1,49,3,53,191,64,85,3,343,42,0,42,385
04/01/2021,SJC,CA,AWP,WE,Towers with Radar,209,63,59,0,331,0,1,42,5,48,209,64,101,5,379,18,0,18,397
04/02/2021,SJC,CA,AWP,WE,Towers with Radar,198,61,49,0,308,0,4,29,0,33,198,65,78,0,341,52,0,52,393
04/03/2021,SJC,CA,AWP,WE,Towers with Radar,156,58,27,0,241,0,2,33,2,37,156,60,60,2,278,16,0,16,294
04/04/2021,SJC,CA,AWP,WE,Towers with Radar,203,61,45,0,309,0,1,26,5,32,203,62,71,5,341,26,0,26,367
04/05/2021,SJC,CA,AWP,WE,Towers with Radar,208,61,31,0,300,0,1,27,4,32,208,62,58,4,332,30,0,30,362
04/06/2021,SJC,CA,AWP,WE,Towers with Radar,208,33,35,0,276,0,3,36,4,43,208,36,71,4,319,76,0,76,395
04/07/2021,SJC,CA,AWP,WE,Towers with Radar,191,47,53,0,291,0,2,41,2,45,191,49,94,2,336,44,0,44,380
04/08/2021,SJC,CA,AWP,WE,Towers with Radar,210,50,33,0,293,0,0,26,5,31,210,50,59,5,324,12,0,12,336
04/09/2021,SJC,CA,AWP,WE,Towers with Radar,209,62,33,0,304,0,0,36,3,39,209,62,69,3,343,0,0,0,343
04/10/2021,SJC,CA,AWP,WE,Towers with Radar,166,56,36,0,258,0,2,37,4,43,166,58,73,4,301,0,0,0,301
04/11/2021,SJC,CA,AWP,WE,Towers with Radar,202,57,46,0,305,0,4,32,6,42,202,61,78,6,347,0,0,0,347
04/12/2021,SJC,CA,AWP,WE,Towers with Radar,184,63,38,0,285,0,2,21,4,27,184,65,59,4,312,0,0,0,312
04/13/2021,SJC,CA,AWP,WE,Towers with Radar,170,49,31,0,250,0,0,38,6,44,170,49,69,6,294,28,0,28,322
04/14/2021,SJC,CA,AWP,WE,Towers with Radar,167,40,40,0,247,0,2,35,10,47,167,42,75,10,294,20,0,20,314
04/15/2021,SJC,CA,AWP,WE,Towers with Radar,185,38,42,0,265,0,1,51,5,57,185,39,93,5,322,8,0,8,330
04/16/2021,SJC,CA,AWP,WE,Towers with Radar,182,66,54,1,303,0,2,49,1,52,182,68,103,2,355,52,0,52,407
04/17/2021,SJC,CA,AWP,WE,Towers with Radar,159,37,41,0,237,0,0,38,3,41,159,37,79,3,278,26,0,26,304
04/18/2021,SJC,CA,AWP,WE,Towers with Radar,178,57,38,0,273,0,2,44,5,51,178,59,82,5,324,0,0,0,324
04/19/2021,SJC,CA,AWP,WE,Towers with Radar,179,44,34,0,257,0,5,36,7,48,179,49,70,7,305,0,0,0,305
04/20/2021,SJC,CA,AWP,WE,Towers with Radar,172,33,36,0,241,0,1,29,9,39,172,34,65,9,280,0,0,0,280
04/21/2021,SJC,CA,AWP,WE,Towers with Radar,165,51,62,0,278,0,5,37,6,48,165,56,99,6,326,32,0,32,358
04/22/2021,SJC,CA,AWP,WE,Towers with Radar,186,53,55,0,294,0,0,46,7,53,186,53,101,7,347,0,0,0,347
04/23/2021,SJC,CA,AWP,WE,Towers with Radar,188,54,53,3,298,0,0,39,3,42,188,54,92,6,340,82,2,84,424
04/24/2021,SJC,CA,AWP,WE,Towers with Radar,162,43,35,0,240,0,3,22,2,27,162,46,57,2,267,14,0,14,281
04/25/2021,SJC,CA,AWP,WE,Towers with Radar,179,54,51,0,284,0,1,7,5,13,179,55,58,5,297,0,0,0,297
04/26/2021,SJC,CA,AWP,WE,Towers with Radar,183,41,43,0,267,0,0,16,3,19,183,41,59,3,286,26,0,26,312
04/27/2021,SJC,CA,AWP,WE,Towers with Radar,171,40,30,0,241,0,1,44,8,53,171,41,74,8,294,80,0,80,374
04/28/2021,SJC,CA,AWP,WE,Towers with Radar,163,51,39,2,255,0,4,32,8,44,163,55,71,10,299,0,0,0,299
04/29/2021,SJC,CA,AWP,WE,Towers with Radar,187,48,43,0,278,0,0,38,6,44,187,48,81,6,322,0,0,0,322
04/30/2021,SJC,CA,AWP,WE,Towers with Radar,183,51,31,0,265,0,2,41,4,47,183,53,72,4,312,0,0,0,312
05/01/2021,SJC,CA,AWP,WE,Towers with Radar,164,36,42,0,242,0,0,36,6,42,164,36,78,6,284,0,0,0,284
05/02/2021,SJC,CA,AWP,WE,Towers with Radar,172,71,45,0,288,0,0,37,5,42,172,71,82,5,330,22,0,22,352
05/03/2021,SJC,CA,AWP,WE,Towers with Radar,180,44,43,0,267,0,0,27,3,30,180,44,70,3,297,0,0,0,297
05/04/2021,SJC,CA,AWP,WE,Towers with Radar,169,37,40,0,246,0,0,43,5,48,169,37,83,5,294,22,0,22,316
05/05/2021,SJC,CA,AWP,WE,Towers with Radar,168,46,51,0,265,0,0,35,5,40,168,46,86,5,305,36,0,36,341
05/06/2021,SJC,CA,AWP,WE,Towers with Radar,182,63,49,0,294,0,1,48,4,53,182,64,97,4,347,38,0,38,385
05/07/2021,SJC,CA,AWP,WE,Towers with Radar,184,44,35,0,263,0,0,44,3,47,184,44,79,3,310,56,0,56,366
05/08/2021,SJC,CA,AWP,WE,Towers with Radar,160,31,41,0,232,0,0,35,8,43,160,31,76,8,275,0,0,0,275
05/09/2021,SJC,CA,AWP,WE,Towers with Radar,197,49,32,0,278,0,0,30,4,34,197,49,62,4,312,0,0,0,312
05/10/2021,SJC,CA,AWP,WE,Towers with Radar,206,52,52,0,310,0,3,25,5,33,206,55,77,5,343,0,0,0,343
05/11/2021,SJC,CA,AWP,WE,Towers with Radar,178,42,48,0,268,0,1,21,5,27,178,43,69,5,295,0,0,0,295
05/12/2021,SJC,CA,AWP,WE,Towers with Radar,174,68,54,0,296,0,1,32,6,39,174,69,86,6,335,0,0,0,335
05/13/2021,SJC,CA,AWP,WE,Towers with Radar,203,67,71,0,341,0,0,38,1,39,203,67,109,1,380,44,0,44,424
05/14/2021,SJC,CA,AWP,WE,Towers with Radar,207,66,52,0,325,0,0,32,3,35,207,66,84,3,360,38,0,38,398
05/15/2021,SJC,CA,AWP,WE,Towers with Radar,162,32,39,0,233,0,1,16,3,20,162,33,55,3,253,24,0,24,277
05/16/2021,SJC,CA,AWP,WE,Towers with Radar,196,52,40,0,288,0,1,36,3,40,196,53,76,3,328,18,0,18,346
05/17/2021,SJC,CA,AWP,WE,Towers with Radar,207,59,45,0,311,0,2,32,4,38,207,61,77,4,349,14,0,14,363
05/18/2021,SJC,CA,AWP,WE,Towers with Radar,181,30,28,0,239,0,0,30,2,32,181,30,58,2,271,0,0,0,271
05/19/2021,SJC,CA,AWP,WE,Towers with Radar,174,56,49,0,279,0,0,33,4,37,174,56,82,4,316,0,0,0,316
05/20/2021,SJC,CA,AWP,WE,Towers with Radar,217,52,34,0,303,0,0,29,0,29,217,52,63,0,332,0,0,0,332
05/21/2021,SJC,CA,AWP,WE,Towers with Radar,219,61,43,0,323,0,0,50,2,52,219,61,93,2,375,0,0,0,375
05/22/2021,SJC,CA,AWP,WE,Towers with Radar,173,31,33,0,237,0,0,42,3,45,173,31,75,3,282,0,0,0,282
05/23/2021,SJC,CA,AWP,WE,Towers with Radar,209,46,40,0,295,0,2,41,10,53,209,48,81,10,348,18,0,18,366
05/24/2021,SJC,CA,AWP,WE,Towers with Radar,215,54,36,0,305,0,1,21,3,25,215,55,57,3,330,16,0,16,346
05/25/2021,SJC,CA,AWP,WE,Towers with Radar,186,55,41,0,282,0,0,26,5,31,186,55,67,5,313,32,0,32,345
05/26/2021,SJC,CA,AWP,WE,Towers with Radar,187,68,41,0,296,0,3,49,2,54,187,71,90,2,350,22,0,22,372
05/27/2021,SJC,CA,AWP,WE,Towers with Radar,215,67,46,0,328,0,4,65,2,71,215,71,111,2,399,54,0,54,453
05/28/2021,SJC,CA,AWP,WE,Towers with Radar,218,76,55,0,349,0,9,30,4,43,218,85,85,4,392,32,0,32,424
05/29/2021,SJC,CA,AWP,WE,Towers with Radar,171,40,35,0,246,0,0,29,5,34,171,40,64,5,280,0,0,0,280
05/30/2021,SJC,CA,AWP,WE,Towers with Radar,198,39,22,0,259,0,2,43,3,48,198,41,65,3,307,38,0,38,345
05/31/2021,SJC,CA,AWP,WE,Towers with Radar,207,60,55,0,322,0,0,46,2,48,207,60,101,2,370,26,0,26,396
06/01/2021,SJC,CA,AWP,WE,Towers with Radar,214,64,48,2,328,0,0,36,3,39,214,64,84,5,367,44,0,44,411
06/02/2021,SJC,CA,AWP,WE,Towers with Radar,205,58,49,0,312,0,1,29,6,36,205,59,78,6,348,42,0,42,390
06/03/2021,SJC,CA,AWP,WE,Towers with Radar,219,67,49,2,337,0,1,42,0,43,219,68,91,2,380,14,0,14,394
06/04/2021,SJC,CA,AWP,WE,Towers with Radar,225,72,61,0,358,0,0,48,2,50,225,72,109,2,408,4,0,4,412
06/05/2021,SJC,CA,AWP,WE,Towers with Radar,188,53,25,0,266,0,1,31,0,32,188,54,56,0,298,0,0,0,298
06/06/2021,SJC,CA,AWP,WE,Towers with Radar,232,66,36,0,334,0,6,30,3,39,232,72,66,3,373,2,0,2,375
06/07/2021,SJC,CA,AWP,WE,Towers with Radar,262,64,36,0,362,0,2,34,3,39,262,66,70,3,401,4,0,4,405
06/08/2021,SJC,CA,AWP,WE,Towers with Radar,246,45,33,2,326,0,1,31,4,36,246,46,64,6,362,32,0,32,394
06/09/2021,SJC,CA,AWP,WE,Towers with Radar,244,66,33,2,345,0,2,38,3,43,244,68,71,5,388,22,0,22,410
06/10/2021,SJC,CA,AWP,WE,Towers with Radar,253,80,46,0,379,0,0,56,1,57,253,80,102,1,436,12,0,12,448
06/11/2021,SJC,CA,AWP,WE,Towers with Radar,258,67,58,0,383,0,0,51,0,51,258,67,109,0,434,0,0,0,434
06/12/2021,SJC,CA,AWP,WE,Towers with Radar,189,54,46,0,289,0,0,43,2,45,189,54,89,2,334,12,0,12,346
06/13/2021,SJC,CA,AWP,WE,Towers with Radar,238,68,46,0,352,0,2,46,0,48,238,70,92,0,400,46,0,46,446
06/14/2021,SJC,CA,AWP,WE,Towers with Radar,260,46,54,0,360,0,1,36,1,38,260,47,90,1,398,0,0,0,398
06/15/2021,SJC,CA,AWP,WE,Towers with Radar,233,46,41,0,320,0,3,43,4,50,233,49,84,4,370,8,0,8,378
06/16/2021,SJC,CA,AWP,WE,Towers with Radar,236,80,54,0,370,0,2,56,4,62,236,82,110,4,432,74,0,74,506
06/17/2021,SJC,CA,AWP,WE,Towers with Radar,255,59,50,0,364,0,0,46,3,49,255,59,96,3,413,34,0,34,447
06/18/2021,SJC,CA,AWP,WE,Towers with Radar,260,62,61,0,383,0,1,57,3,61,260,63,118,3,444,48,0,48,492
06/19/2021,SJC,CA,AWP,WE,Towers with Radar,184,59,31,0,274,0,5,31,5,41,184,64,62,5,315,6,0,6,321
06/20/2021,SJC,CA,AWP,WE,Towers with Radar,228,83,47,0,358,0,0,38,0,38,228,83,85,0,396,14,0,14,410
06/21/2021,SJC,CA,AWP,WE,Towers with Radar,257,81,54,0,392,0,2,32,0,34,257,83,86,0,426,24,0,24,450
06/22/2021,SJC,CA,AWP,WE,Towers with Radar,241,34,50,0,325,0,2,42,4,48,241,36,92,4,373,40,0,40,413
06/23/2021,SJC,CA,AWP,WE,Towers with Radar,243,67,64,0,374,0,0,31,3,34,243,67,95,3,408,2,0,2,410
06/24/2021,SJC,CA,AWP,WE,Towers with Radar,260,69,71,0,400,0,0,30,0,30,260,69,101,0,430,6,0,6,436
06/25/2021,SJC,CA,AWP,WE,Towers with Radar,255,65,61,0,381,0,0,19,0,19,255,65,80,0,400,40,0,40,440
06/26/2021,SJC,CA,AWP,WE,Towers with Radar,183,56,30,0,269,0,2,37,4,43,183,58,67,4,312,18,0,18,330
06/27/2021,SJC,CA,AWP,WE,Towers with Radar,231,70,56,0,357,0,2,31,4,37,231,72,87,4,394,0,0,0,394
06/28/2021,SJC,CA,AWP,WE,Towers with Radar,250,66,38,0,354,0,0,38,7,45,250,66,76,7,399,38,0,38,437
06/29/2021,SJC,CA,AWP,WE,Towers with Radar,234,63,55,0,352,0,6,36,4,46,234,69,91,4,398,106,0,106,504
06/30/2021,SJC,CA,AWP,WE,Towers with Radar,245,75,69,0,389,0,1,36,4,41,245,76,105,4,430,50,0,50,480
07/01/2021,SJC,CA,AWP,WE,Towers with Radar,255,81,48,0,384,0,0,36,0,36,255,81,84,0,420,6,0,6,426
07/02/2021,SJC,CA,AWP,WE,Towers with Radar,258,41,58,0,357,0,0,31,0,31,258,41,89,0,388,0,0,0,388
07/03/2021,SJC,CA,AWP,WE,Towers with Radar,182,30,28,0,240,0,2,19,0,21,182,32,47,0,261,4,0,4,265
07/04/2021,SJC,CA,AWP,WE,Towers with Radar,226,29,20,0,275,0,0,20,0,20,226,29,40,0,295,0,0,0,295
07/05/2021,SJC,CA,AWP,WE,Towers with Radar,252,50,40,0,342,0,2,40,1,43,252,52,80,1,385,34,0,34,419
07/06/2021,SJC,CA,AWP,WE,Towers with Radar,240,60,58,0,358,0,2,31,0,33,240,62,89,0,391,0,0,0,391
07/07/2021,SJC,CA,AWP,WE,Towers with Radar,238,70,32,0,340,0,0,29,0,29,238,70,61,0,369,58,0,58,427
07/08/2021,SJC,CA,AWP,WE,Towers with Radar,250,65,40,0,355,0,0,52,0,52,250,65,92,0,407,16,0,16,423
07/09/2021,SJC,CA,AWP,WE,Towers with Radar,252,57,32,0,341,0,1,41,2,44,252,58,73,2,385,0,0,0,385
07/10/2021,SJC,CA,AWP,WE,Towers with Radar,181,51,41,1,274,0,2,26,0,28,181,53,67,1,302,6,0,6,308
07/11/2021,SJC,CA,AWP,WE,Towers with Radar,232,83,51,1,367,0,1,37,0,38,232,84,88,1,405,20,0,20,425
07/12/2021,SJC,CA,AWP,WE,Towers with Radar,257,58,56,0,371,0,0,30,0,30,257,58,86,0,401,16,0,16,417
07/13/2021,SJC,CA,AWP,WE,Towers with Radar,243,54,52,0,349,0,1,24,1,26,243,55,76,1,375,2,0,2,377
07/14/2021,SJC,CA,AWP,WE,Towers with Radar,240,51,40,0,331,0,3,40,5,48,240,54,80,5,379,4,0,4,383
07/15/2021,SJC,CA,AWP,WE,Towers with Radar,260,55,66,0,381,0,0,42,3,45,260,55,108,3,426,16,0,16,442
07/16/2021,SJC,CA,AWP,WE,Towers with Radar,263,56,40,0,359,0,0,32,3,35,263,56,72,3,394,12,0,12,406
07/17/2021,SJC,CA,AWP,WE,Towers with Radar,190,44,33,0,267,0,3,52,3,58,190,47,85,3,325,2,0,2,327
07/18/2021,SJC,CA,AWP,WE,Towers with Radar,234,48,64,3,349,0,2,29,3,34,234,50,93,6,383,12,0,12,395
07/19/2021,SJC,CA,AWP,WE,Towers with Radar,261,59,40,0,360,0,1,35,3,39,261,60,75,3,399,38,0,38,437
07/20/2021,SJC,CA,AWP,WE,Towers with Radar,244,56,42,0,342,0,2,43,5,50,244,58,85,5,392,56,0,56,448
07/21/2021,SJC,CA,AWP,WE,Towers with Radar,246,56,59,0,361,0,1,44,4,49,246,57,103,4,410,10,0,10,420
07/22/2021,SJC,CA,AWP,WE,Towers with Radar,260,69,55,0,384,0,3,36,5,44,260,72,91,5,428,0,0,0,428
07/23/2021,SJC,CA,AWP,WE,Towers with Radar,268,46,56,0,370,0,2,43,3,48,268,48,99,3,418,12,0,12,430
07/24/2021,SJC,CA,AWP,WE,Towers with Radar,192,40,27,0,259,0,0,28,0,28,192,40,55,0,287,0,0,0,287
07/25/2021,SJC,CA,AWP,WE,Towers with Radar,232,52,52,0,336,0,1,24,0,25,232,53,76,0,361,22,0,22,383
07/26/2021,SJC,CA,AWP,WE,Towers with Radar,265,51,52,0,368,0,0,29,0,29,265,51,81,0,397,16,0,16,413
07/27/2021,SJC,CA,AWP,WE,Towers with Radar,239,49,39,0,327,0,1,21,0,22,239,50,60,0,349,18,0,18,367
07/28/2021,SJC,CA,AWP,WE,Towers with Radar,244,53,52,0,349,0,1,30,0,31,244,54,82,0,380,36,0,36,416
07/29/2021,SJC,CA,AWP,WE,Towers with Radar,264,67,58,0,389,0,0,47,0,47,264,67,105,0,436,36,0,36,472
07/30/2021,SJC,CA,AWP,WE,Towers with Radar,264,61,63,0,388,0,2,36,2,40,264,63,99,2,428,0,0,0,428
07/31/2021,SJC,CA,AWP,WE,Towers with Radar,199,47,38,0,284,0,3,41,0,44,199,50,79,0,328,48,0,48,376
08/01/2021,SJC,CA,AWP,WE,Towers with Radar,229,52,49,0,330,0,0,23,0,23,229,52,72,0,353,0,0,0,353
08/02/2021,SJC,CA,AWP,WE,Towers with Radar,259,44,42,0,345,0,0,28,3,31,259,44,70,3,376,8,0,8,384
08/03/2021,SJC,CA,AWP,WE,Towers with Radar,244,51,43,0,338,0,0,35,6,41,244,51,78,6,379,8,0,8,387
08/04/2021,SJC,CA,AWP,WE,Towers with Radar,237,55,49,0,341,0,2,27,5,34,237,57,76,5,375,16,0,16,391
08/05/2021,SJC,CA,AWP,WE,Towers with Radar,261,57,56,0,374,0,2,27,0,29,261,59,83,0,403,38,0,38,441
08/06/2021,SJC,CA,AWP,WE,Towers with Radar,264,50,52,0,366,0,3,31,0,34,264,53,83,0,400,0,0,0,400
08/07/2021,SJC,CA,AWP,WE,Towers with Radar,197,62,29,0,288,0,0,9,0,9,197,62,38,0,297,6,0,6,303
08/08/2021,SJC,CA,AWP,WE,Towers with Radar,239,59,66,2,366,0,2,20,0,22,239,61,86,2,388,8,0,8,396
08/09/2021,SJC,CA,AWP,WE,Towers with Radar,262,40,48,0,350,0,3,21,3,27,262,43,69,3,377,0,0,0,377
08/10/2021,SJC,CA,AWP,WE,Towers with Radar,240,45,47,0,332,0,0,28,5,33,240,45,75,5,365,8,0,8,373
08/11/2021,SJC,CA,AWP,WE,Towers with Radar,242,47,42,0,331,0,0,41,1,42,242,47,83,1,373,36,0,36,409
08/12/2021,SJC,CA,AWP,WE,Towers with Radar,262,57,50,0,369,0,0,34,2,36,262,57,84,2,405,0,0,0,405
08/13/2021,SJC,CA,AWP,WE,Towers with Radar,264,65,67,0,396,0,1,41,4,46,264,66,108,4,442,22,0,22,464
08/14/2021,SJC,CA,AWP,WE,Towers with Radar,191,43,38,0,272,0,2,37,4,43,191,45,75,4,315,0,0,0,315
08/15/2021,SJC,CA,AWP,WE,Towers with Radar,233,70,50,0,353,0,2,36,3,41,233,72,86,3,394,0,0,0,394
08/16/2021,SJC,CA,AWP,WE,Towers with Radar,265,57,45,0,367,0,2,25,6,33,265,59,70,6,400,18,2,20,420
08/17/2021,SJC,CA,AWP,WE,Towers with Radar,239,65,41,0,345,0,2,35,3,40,239,67,76,3,385,38,0,38,423
08/18/2021,SJC,CA,AWP,WE,Towers with Radar,250,70,48,0,368,0,2,17,5,24,250,72,65,5,392,0,0,0,392
08/19/2021,SJC,CA,AWP,WE,Towers with Radar,257,50,66,0,373,0,1,17,3,21,257,51,83,3,394,14,0,14,408
08/20/2021,SJC,CA,AWP,WE,Towers with Radar,262,69,57,0,388,0,0,23,2,25,262,69,80,2,413,16,0,16,429
08/21/2021,SJC,CA,AWP,WE,Towers with Radar,192,41,25,0,258,0,0,23,4,27,192,41,48,4,285,38,0,38,323
08/22/2021,SJC,CA,AWP,WE,Towers with Radar,238,57,42,0,337,0,2,37,0,39,238,59,79,0,376,34,0,34,410
08/23/2021,SJC,CA,AWP,WE,Towers with Radar,265,50,42,0,357,0,0,35,4,39,265,50,77,4,396,42,0,42,438
08/24/2021,SJC,CA,AWP,WE,Towers with Radar,248,48,55,0,351,0,9,30,4,43,248,57,85,4,394,36,0,36,430
08/25/2021,SJC,CA,AWP,WE,Towers with Radar,251,82,51,0,384,0,0,23,3,26,251,82,74,3,410,38,0,38,448
08/26/2021,SJC,CA,AWP,WE,Towers with Radar,263,68,59,0,390,0,5,40,3,48,263,73,99,3,438,34,0,34,472
08/27/2021,SJC,CA,AWP,WE,Towers with Radar,271,81,43,0,395,0,0,41,3,44,271,81,84,3,439,42,0,42,481
08/28/2021,SJC,CA,AWP,WE,Towers with Radar,203,50,28,0,281,0,0,12,3,15,203,50,40,3,296,0,0,0,296
08/29/2021,SJC,CA,AWP,WE,Towers with Radar,239,48,44,0,331,0,2,34,4,40,239,50,78,4,371,10,0,10,381
08/30/2021,SJC,CA,AWP,WE,Towers with Radar,263,50,43,0,356,0,0,22,7,29,263,50,65,7,385,48,0,48,433
08/31/2021,SJC,CA,AWP,WE,Towers with Radar,251,51,44,0,346,0,1,28,4,33,251,52,72,4,379,20,0,20,399
09/01/2021,SJC,CA,AWP,WE,Towers with Radar,255,54,49,0,358,0,0,42,2,44,255,54,91,2,402,28,0,28,430
09/02/2021,SJC,CA,AWP,WE,Towers with Radar,265,67,63,0,395,0,2,29,3,34,265,69,92,3,429,6,0,6,435
09/03/2021,SJC,CA,AWP,WE,Towers with Radar,272,64,48,0,384,0,0,20,1,21,272,64,68,1,405,0,0,0,405
09/04/2021,SJC,CA,AWP,WE,Towers with Radar,204,42,33,0,279,0,0,28,3,31,204,42,61,3,310,0,0,0,310
09/05/2021,SJC,CA,AWP,WE,Towers with Radar,229,51,15,0,295,0,3,22,3,28,229,54,37,3,323,2,0,2,325
09/06/2021,SJC,CA,AWP,WE,Towers with Radar,261,65,53,0,379,0,2,40,3,45,261,67,93,3,424,26,0,26,450
09/07/2021,SJC,CA,AWP,WE,Towers with Radar,261,57,33,0,351,0,2,37,4,43,261,59,70,4,394,42,0,42,436
09/08/2021,SJC,CA,AWP,WE,Towers with Radar,261,51,35,0,347,0,2,35,10,47,261,53,70,10,394,40,0,40,434
09/09/2021,SJC,CA,AWP,WE,Towers with Radar,283,67,53,0,403,0,0,30,2,32,283,67,83,2,435,8,0,8,443
09/10/2021,SJC,CA,AWP,WE,Towers with Radar,293,66,55,0,414,0,1,39,3,43,293,67,94,3,457,0,0,0,457
09/11/2021,SJC,CA,AWP,WE,Towers with Radar,216,50,26,0,292,0,0,26,4,30,216,50,52,4,322,2,0,2,324
09/12/2021,SJC,CA,AWP,WE,Towers with Radar,279,67,44,0,390,0,1,36,7,44,279,68,80,7,434,6,0,6,440
09/13/2021,SJC,CA,AWP,WE,Towers with Radar,291,72,53,0,416,0,0,31,3,34,291,72,84,3,450,4,0,4,454
09/14/2021,SJC,CA,AWP,WE,Towers with Radar,263,63,37,0,363,0,1,29,6,36,263,64,66,6,399,10,0,10,409
09/15/2021,SJC,CA,AWP,WE,Towers with Radar,271,65,45,0,381,0,5,34,3,42,271,70,79,3,423,46,0,46,469
09/16/2021,SJC,CA,AWP,WE,Towers with Radar,299,68,47,0,414,0,4,32,3,39,299,72,79,3,453,48,0,48,501
09/17/2021,SJC,CA,AWP,WE,Towers with Radar,298,60,40,0,398,0,2,46,3,51,298,62,86,3,449,40,0,40,489
09/18/2021,SJC,CA,AWP,WE,Towers with Radar,218,45,26,0,289,0,6,35,2,43,218,51,61,2,332,32,0,32,364
09/19/2021,SJC,CA,AWP,WE,Towers with Radar,289,71,64,1,425,0,1,28,2,31,289,72,92,3,456,8,0,8,464
09/20/2021,SJC,CA,AWP,WE,Towers with Radar,297,54,37,0,388,0,2,29,4,35,297,56,66,4,423,22,0,22,445
09/21/2021,SJC,CA,AWP,WE,Towers with Radar,270,50,29,0,349,0,0,38,3,41,270,50,67,3,390,22,0,22,412
09/22/2021,SJC,CA,AWP,WE,Towers with Radar,265,81,49,0,395,0,3,34,2,39,265,84,83,2,434,42,0,42,476
09/23/2021,SJC,CA,AWP,WE,Towers with Radar,297,69,71,2,439,0,1,41,3,45,297,70,112,5,484,28,0,28,512
09/24/2021,SJC,CA,AWP,WE,Towers with Radar,295,74,55,0,424,0,0,44,3,47,295,74,99,3,471,24,0,24,495
09/25/2021,SJC,CA,AWP,WE,Towers with Radar,219,48,43,0,310,0,0,19,4,23,219,48,62,4,333,0,0,0,333
09/26/2021,SJC,CA,AWP,WE,Towers with Radar,297,74,91,0,462,0,0,43,5,48,297,74,134,5,510,0,0,0,510
09/27/2021,SJC,CA,AWP,WE,Towers with Radar,295,63,43,0,401,0,0,17,9,26,295,63,60,9,427,0,0,0,427
09/28/2021,SJC,CA,AWP,WE,Towers with Radar,267,55,30,1,353,0,2,30,5,37,267,57,60,6,390,0,0,0,390
09/29/2021,SJC,CA,AWP,WE,Towers with Radar,271,76,48,1,396,0,0,44,3,47,271,76,92,4,443,0,0,0,443
09/30/2021,SJC,CA,AWP,WE,Towers with Radar,296,65,42,0,403,0,0,45,3,48,296,65,87,3,451,0,0,0,451
10/01/2021,SJC,CA,AWP,WE,Towers with Radar,294,67,42,0,403,0,2,37,5,44,294,69,79,5,447,6,0,6,453
10/02/2021,SJC,CA,AWP,WE,Towers with Radar,222,56,42,0,320,0,0,43,3,46,222,56,85,3,366,0,0,0,366
10/03/2021,SJC,CA,AWP,WE,Towers with Radar,292,80,73,0,445,0,0,48,3,51,292,80,121,3,496,0,0,0,496
10/04/2021,SJC,CA,AWP,WE,Towers with Radar,287,57,46,0,390,0,1,22,4,27,287,58,68,4,417,0,0,0,417
10/05/2021,SJC,CA,AWP,WE,Towers with Radar,262,50,31,1,344,0,0,22,2,24,262,50,53,3,368,8,0,8,376
10/06/2021,SJC,CA,AWP,WE,Towers with Radar,264,63,43,0,370,0,5,37,2,44,264,68,80,2,414,0,0,0,414
10/07/2021,SJC,CA,AWP,WE,Towers with Radar,284,85,65,0,434,0,2,36,3,41,284,87,101,3,475,0,0,0,475
10/08/2021,SJC,CA,AWP,WE,Towers with Radar,292,77,80,0,449,0,0,30,0,30,292,77,110,0,479,0,0,0,479
10/09/2021,SJC,CA,AWP,WE,Towers with Radar,213,50,43,0,306,0,5,30,0,35,213,55,73,0,341,16,0,16,357
10/10/2021,SJC,CA,AWP,WE,Towers with Radar,256,87,56,1,400,0,2,46,0,48,256,89,102,1,448,10,0,10,458
10/11/2021,SJC,CA,AWP,WE,Towers with Radar,275,69,50,0,394,0,1,12,0,13,275,70,62,0,407,7,0,7,414
10/12/2021,SJC,CA,AWP,WE,Towers with Radar,260,78,44,0,382,0,0,14,0,14,260,78,58,0,396,0,0,0,396
10/13/2021,SJC,CA,AWP,WE,Towers with Radar,264,89,42,0,395,0,2,33,0,35,264,91,75,0,430,14,0,14,444
10/14/2021,SJC,CA,AWP,WE,Towers with Radar,292,97,53,0,442,0,3,34,0,37,292,100,87,0,479,50,0,50,529
10/15/2021,SJC,CA,AWP,WE,Towers with Radar,297,66,49,0,412,0,3,40,0,43,297,69,89,0,455,12,0,12,467
10/16/2021,SJC,CA,AWP,WE,Towers with Radar,235,39,24,0,298,0,4,41,0,45,235,43,65,0,343,4,0,4,347
10/17/2021,SJC,CA,AWP,WE,Towers with Radar,294,72,48,0,414,0,0,25,0,25,294,72,73,0,439,0,0,0,439
10/18/2021,SJC,CA,AWP,WE,Towers with Radar,293,56,50,0,399,0,0,19,0,19,293,56,69,0,418,16,0,16,434
10/19/2021,SJC,CA,AWP,WE,Towers with Radar,262,51,35,0,348,0,0,42,0,42,262,51,77,0,390,14,0,14,404
10/20/2021,SJC,CA,AWP,WE,Towers with Radar,272,57,47,0,376,0,2,12,0,14,272,59,59,0,390,16,0,16,406
10/21/2021,SJC,CA,AWP,WE,Towers with Radar,270,68,62,0,400,0,1,22,0,23,270,69,84,0,423,0,0,0,423
10/22/2021,SJC,CA,AWP,WE,Towers with Radar,264,54,63,1,382,0,1,19,0,20,264,55,82,1,402,14,0,14,416
10/23/2021,SJC,CA,AWP,WE,Towers with Radar,235,35,32,1,303,0,1,19,0,20,235,36,51,1,323,2,0,2,325
10/24/2021,SJC,CA,AWP,WE,Towers with Radar,304,77,69,2,452,0,0,0,0,0,304,77,69,2,452,0,0,0,452
10/25/2021,SJC,CA,AWP,WE,Towers with Radar,277,74,49,0,400,0,0,11,0,11,277,74,60,0,411,0,0,0,411
10/26/2021,SJC,CA,AWP,WE,Towers with Radar,265,54,51,2,372,0,0,18,0,18,265,54,69,2,390,34,0,34,424
10/27/2021,SJC,CA,AWP,WE,Towers with Radar,266,72,50,0,388,0,1,31,0,32,266,73,81,0,420,54,0,54,474
10/28/2021,SJC,CA,AWP,WE,Towers with Radar,291,74,60,2,427,0,1,45,0,46,291,75,105,2,473,22,0,22,495
10/29/2021,SJC,CA,AWP,WE,Towers with Radar,295,56,57,0,408,0,6,42,0,48,295,62,99,0,456,0,0,0,456
10/30/2021,SJC,CA,AWP,WE,Towers with Radar,232,38,40,1,311,0,0,10,0,10,232,38,50,1,321,0,0,0,321
10/31/2021,SJC,CA,AWP,WE,Towers with Radar,265,53,63,0,381,0,0,32,0,32,265,53,95,0,413,0,0,0,413
11/01/2021,SJC,CA,AWP,WE,Towers with Radar,283,58,50,0,391,0,0,7,0,7,283,58,57,0,398,6,0,6,404
11/02/2021,SJC,CA,AWP,WE,Towers with Radar,271,62,43,0,376,0,0,19,0,19,271,62,62,0,395,8,0,8,403
11/03/2021,SJC,CA,AWP,WE,Towers with Radar,267,66,45,0,378,0,0,31,0,31,267,66,76,0,409,16,0,16,425
11/04/2021,SJC,CA,AWP,WE,Towers with Radar,289,59,71,0,419,0,0,42,0,42,289,59,113,0,461,80,0,80,541
11/05/2021,SJC,CA,AWP,WE,Towers with Radar,286,74,53,0,413,0,2,39,0,41,286,76,92,0,454,18,0,18,472
11/06/2021,SJC,CA,AWP,WE,Towers with Radar,230,37,47,0,314,0,0,21,2,23,230,37,68,2,337,18,0,18,355
11/07/2021,SJC,CA,AWP,WE,Towers with Radar,272,77,82,0,431,0,3,54,0,57,272,80,136,0,488,0,0,0,488
11/08/2021,SJC,CA,AWP,WE,Towers with Radar,288,78,49,0,415,0,0,13,0,13,288,78,62,0,428,24,0,24,452
11/09/2021,SJC,CA,AWP,WE,Towers with Radar,250,77,58,2,387,0,0,16,0,16,250,77,74,2,403,26,0,26,429
11/10/2021,SJC,CA,AWP,WE,Towers with Radar,254,84,74,0,412,0,2,29,0,31,254,86,103,0,443,18,0,18,461
11/11/2021,SJC,CA,AWP,WE,Towers with Radar,294,81,52,0,427,0,2,30,1,33,294,83,82,1,460,30,0,30,490
11/12/2021,SJC,CA,AWP,WE,Towers with Radar,299,61,55,2,417,0,0,32,0,32,299,61,87,2,449,0,0,0,449
11/13/2021,SJC,CA,AWP,WE,Towers with Radar,227,48,31,0,306,0,0,29,1,30,227,48,60,1,336,20,0,20,356
11/14/2021,SJC,CA,AWP,WE,Towers with Radar,274,75,48,0,397,0,2,44,0,46,274,77,92,0,443,20,0,20,463
11/15/2021,SJC,CA,AWP,WE,Towers with Radar,289,93,84,2,468,0,2,31,0,33,289,95,115,2,501,34,0,34,535
11/16/2021,SJC,CA,AWP,WE,Towers with Radar,252,63,58,0,373,0,4,14,2,20,252,67,72,2,393,22,2,24,417
11/17/2021,SJC,CA,AWP,WE,Towers with Radar,257,81,55,2,395,0,0,43,0,43,257,81,98,2,438,14,0,14,452
11/18/2021,SJC,CA,AWP,WE,Towers with Radar,295,72,74,2,443,0,0,38,0,38,295,72,112,2,481,58,0,58,539
11/19/2021,SJC,CA,AWP,WE,Towers with Radar,290,65,120,2,477,0,0,13,0,13,290,65,133,2,490,0,0,0,490
11/20/2021,SJC,CA,AWP,WE,Towers with Radar,233,85,55,0,373,0,0,28,0,28,233,85,83,0,401,0,0,0,401
11/21/2021,SJC,CA,AWP,WE,Towers with Radar,270,76,45,0,391,0,0,49,0,49,270,76,94,0,440,10,0,10,450
11/22/2021,SJC,CA,AWP,WE,Towers with Radar,288,47,39,0,374,0,0,30,0,30,288,47,69,0,404,30,0,30,434
11/23/2021,SJC,CA,AWP,WE,Towers with Radar,270,75,33,0,378,0,0,29,0,29,270,75,62,0,407,0,0,0,407
11/24/2021,SJC,CA,AWP,WE,Towers with Radar,280,53,39,0,372,0,0,28,0,28,280,53,67,0,400,20,0,20,420
11/25/2021,SJC,CA,AWP,WE,Towers with Radar,205,23,10,0,238,0,1,17,0,18,205,24,27,0,256,0,0,0,256
11/26/2021,SJC,CA,AWP,WE,Towers with Radar,236,45,42,0,323,0,2,24,0,26,236,47,66,0,349,24,0,24,373
11/27/2021,SJC,CA,AWP,WE,Towers with Radar,242,72,57,2,373,0,2,37,0,39,242,74,94,2,412,10,0,10,422
11/28/2021,SJC,CA,AWP,WE,Towers with Radar,282,86,85,0,453,0,0,43,0,43,282,86,128,0,496,2,0,2,498
11/29/2021,SJC,CA,AWP,WE,Towers with Radar,271,75,49,0,395,0,0,34,0,34,271,75,83,0,429,10,0,10,439
11/30/2021,SJC,CA,AWP,WE,Towers with Radar,266,71,40,0,377,0,0,48,0,48,266,71,88,0,425,50,0,50,475
12/01/2021,SJC,CA,AWP,WE,Towers with Radar,246,66,51,2,365,0,2,39,2,43,246,68,90,4,408,12,0,12,420
12/02/2021,SJC,CA,AWP,WE,Towers with Radar,265,57,61,0,383,0,0,37,0,37,265,57,98,0,420,2,0,2,422
12/03/2021,SJC,CA,AWP,WE,Towers with Radar,258,62,68,0,388,0,0,7,0,7,258,62,75,0,395,0,0,0,395
12/04/2021,SJC,CA,AWP,WE,Towers with Radar,209,48,45,0,302,0,0,19,0,19,209,48,64,0,321,6,0,6,327
12/05/2021,SJC,CA,AWP,WE,Towers with Radar,265,57,54,0,376,0,0,26,0,26,265,57,80,0,402,8,0,8,410
12/06/2021,SJC,CA,AWP,WE,Towers with Radar,250,64,83,0,397,0,0,0,0,0,250,64,83,0,397,0,0,0,397
12/07/2021,SJC,CA,AWP,WE,Towers with Radar,241,62,65,0,368,0,0,5,0,5,241,62,70,0,373,12,0,12,385
12/08/2021,SJC,CA,AWP,WE,Towers with Radar,254,73,77,0,404,0,3,8,0,11,254,76,85,0,415,0,0,0,415
12/09/2021,SJC,CA,AWP,WE,Towers with Radar,267,78,73,0,418,0,0,22,0,22,267,78,95,0,440,14,0,14,454
12/10/2021,SJC,CA,AWP,WE,Towers with Radar,259,69,72,0,400,0,0,43,1,44,259,69,115,1,444,10,0,10,454
12/11/2021,SJC,CA,AWP,WE,Towers with Radar,207,38,35,0,280,0,1,42,1,44,207,39,77,1,324,16,0,16,340
12/12/2021,SJC,CA,AWP,WE,Towers with Radar,272,56,45,0,373,0,0,0,0,0,272,56,45,0,373,0,0,0,373
12/13/2021,SJC,CA,AWP,WE,Towers with Radar,273,57,56,2,388,0,0,1,0,1,273,57,57,2,389,0,0,0,389
12/14/2021,SJC,CA,AWP,WE,Towers with Radar,223,60,43,0,326,0,2,15,0,17,223,62,58,0,343,12,0,12,355
12/15/2021,SJC,CA,AWP,WE,Towers with Radar,245,67,49,2,363,0,0,5,0,5,245,67,54,2,368,0,0,0,368
12/16/2021,SJC,CA,AWP,WE,Towers with Radar,282,66,65,0,413,0,1,12,1,14,282,67,77,1,427,22,0,22,449
12/17/2021,SJC,CA,AWP,WE,Towers with Radar,282,79,79,0,440,0,4,31,0,35,282,83,110,0,475,8,0,8,483
12/18/2021,SJC,CA,AWP,WE,Towers with Radar,217,65,44,0,326,0,4,38,2,44,217,69,82,2,370,0,0,0,370
12/19/2021,SJC,CA,AWP,WE,Towers with Radar,252,80,83,0,415,0,0,18,5,23,252,80,101,5,438,0,0,0,438
12/20/2021,SJC,CA,AWP,WE,Towers with Radar,268,43,33,0,344,0,0,24,5,29,268,43,57,5,373,0,0,0,373
12/21/2021,SJC,CA,AWP,WE,Towers with Radar,264,45,39,0,348,0,0,25,4,29,264,45,64,4,377,0,0,0,377
12/22/2021,SJC,CA,AWP,WE,Towers with Radar,270,59,42,0,371,0,0,3,4,7,270,59,45,4,378,2,0,2,380
12/23/2021,SJC,CA,AWP,WE,Towers with Radar,273,62,31,0,366,0,0,2,2,4,273,62,33,2,370,0,0,0,370
12/24/2021,SJC,CA,AWP,WE,Towers with Radar,227,30,33,1,291,0,0,3,0,3,227,30,36,1,294,2,0,2,296
12/25/2021,SJC,CA,AWP,WE,Towers with Radar,190,34,16,0,240,0,0,0,0,0,190,34,16,0,240,0,0,0,240
12/26/2021,SJC,CA,AWP,WE,Towers with Radar,240,52,44,0,336,0,1,8,4,13,240,53,52,4,349,16,0,16,365
12/27/2021,SJC,CA,AWP,WE,Towers with Radar,245,51,50,0,346,0,1,4,4,9,245,52,54,4,355,0,0,0,355
12/28/2021,SJC,CA,AWP,WE,Towers with Radar,236,47,51,2,336,0,1,1,8,10,236,48,52,10,346,0,0,0,346
12/29/2021,SJC,CA,AWP,WE,Towers with Radar,240,28,32,0,300,0,0,1,0,1,240,28,33,0,301,0,0,0,301
12/30/2021,SJC,CA,AWP,WE,Towers with Radar,248,45,31,2,326,0,0,24,3,27,248,45,55,5,353,6,0,6,359
12/31/2021,SJC,CA,AWP,WE,Towers with Radar,213,35,20,0,268,0,0,22,6,28,213,35,42,6,296,0,0,0,296
01/01/2022,SJC,CA,AWP,WE,Towers with Radar,193,41,36,0,270,0,2,27,2,31,193,43,63,2,301,0,0,0,301
01/02/2022,SJC,CA,AWP,WE,Towers with Radar,243,56,79,0,378,0,1,34,1,36,243,57,113,1,414,8,0,8,422
01/03/2022,SJC,CA,AWP,WE,Towers with Radar,246,41,43,0,330,0,3,12,4,19,246,44,55,4,349,0,0,0,349
01/04/2022,SJC,CA,AWP,WE,Towers with Radar,230,55,48,0,333,0,0,11,0,11,230,55,59,0,344,12,0,12,356
01/05/2022,SJC,CA,AWP,WE,Towers with Radar,211,45,42,0,298,0,0,10,2,12,211,45,52,2,310,16,0,16,326
01/06/2022,SJC,CA,AWP,WE,Towers with Radar,215,53,60,0,328,0,0,2,0,2,215,53,62,0,330,0,0,0,330
01/07/2022,SJC,CA,AWP,WE,Towers with Radar,215,48,48,0,311,0,0,9,3,12,215,48,57,3,323,6,0,6,329
01/08/2022,SJC,CA,AWP,WE,Towers with Radar,188,47,35,0,270,0,0,19,0,19,188,47,54,0,289,0,0,0,289
01/09/2022,SJC,CA,AWP,WE,Towers with Radar,255,45,63,0,363,0,0,40,0,40,255,45,103,0,403,14,0,14,417
01/10/2022,SJC,CA,AWP,WE,Towers with Radar,234,45,34,0,313,0,4,32,0,36,234,49,66,0,349,0,0,0,349
01/11/2022,SJC,CA,AWP,WE,Towers with Radar,226,45,24,0,295,0,0,32,0,32,226,45,56,0,327,0,0,0,327
01/12/2022,SJC,CA,AWP,WE,Towers with Radar,225,51,29,0,305,0,0,23,0,23,225,51,52,0,328,0,0,0,328
01/13/2022,SJC,CA,AWP,WE,Towers with Radar,237,49,39,0,325,0,1,29,2,32,237,50,68,2,357,32,0,32,389
01/14/2022,SJC,CA,AWP,WE,Towers with Radar,274,54,71,0,399,0,2,21,2,25,274,56,92,2,424,10,0,10,434
01/15/2022,SJC,CA,AWP,WE,Towers with Radar,189,49,36,0,274,0,2,25,4,31,189,51,61,4,305,0,0,0,305
01/16/2022,SJC,CA,AWP,WE,Towers with Radar,229,39,35,0,303,0,1,31,0,32,229,40,66,0,335,0,0,0,335
01/17/2022,SJC,CA,AWP,WE,Towers with Radar,270,54,77,0,401,0,0,20,5,25,270,54,97,5,426,0,0,0,426
01/18/2022,SJC,CA,AWP,WE,Towers with Radar,233,54,47,0,334,0,0,10,4,14,233,54,57,4,348,0,0,0,348
01/19/2022,SJC,CA,AWP,WE,Towers with Radar,228,55,53,0,336,0,0,15,2,17,228,55,68,2,353,18,0,18,371
01/20/2022,SJC,CA,AWP,WE,Towers with Radar,288,55,64,0,407,0,0,26,4,30,288,55,90,4,437,22,2,24,461
01/21/2022,SJC,CA,AWP,WE,Towers with Radar,264,46,59,0,369,0,1,16,4,21,264,47,75,4,390,0,0,0,390
01/22/2022,SJC,CA,AWP,WE,Towers with Radar,192,35,38,0,265,0,1,16,3,20,192,36,54,3,285,0,0,0,285
01/23/2022,SJC,CA,AWP,WE,Towers with Radar,258,65,79,0,402,0,1,25,4,30,258,66,104,4,432,0,0,0,432
01/24/2022,SJC,CA,AWP,WE,Towers with Radar,264,52,58,0,374,0,0,16,3,19,264,52,74,3,393,20,0,20,413
01/25/2022,SJC,CA,AWP,WE,Towers with Radar,223,52,55,0,330,0,1,11,4,16,223,53,66,4,346,24,0,24,370
01/26/2022,SJC,CA,AWP,WE,Towers with Radar,226,59,64,0,349,0,0,11,5,16,226,59,75,5,365,0,0,0,365
01/27/2022,SJC,CA,AWP,WE,Towers with Radar,272,59,65,0,396,0,0,30,0,30,272,59,95,0,426,16,0,16,442
01/28/2022,SJC,CA,AWP,WE,Towers with Radar,261,44,64,0,369,0,0,39,0,39,261,44,103,0,408,20,0,20,428
01/29/2022,SJC,CA,AWP,WE,Towers with Radar,189,39,42,0,270,0,1,24,0,25,189,40,66,0,295,8,0,8,303
01/30/2022,SJC,CA,AWP,WE,Towers with Radar,255,59,81,0,395,0,1,20,2,23,255,60,101,2,418,10,0,10,428
01/31/2022,SJC,CA,AWP,WE,Towers with Radar,259,43,48,0,350,0,1,9,0,10,259,44,57,0,360,46,0,46,406
02/01/2022,SJC,CA,AWP,WE,Towers with Radar,223,51,37,0,311,0,1,6,6,13,223,52,43,6,324,10,0,10,334
02/02/2022,SJC,CA,AWP,WE,Towers with Radar,219,63,45,2,329,0,0,14,3,17,219,63,59,5,346,6,0,6,352
02/03/2022,SJC,CA,AWP,WE,Towers with Radar,239,71,49,0,359,0,1,30,0,31,239,72,79,0,390,20,0,20,410
02/04/2022,SJC,CA,AWP,WE,Towers with Radar,247,48,60,0,355,0,3,35,0,38,247,51,95,0,393,0,0,0,393
02/05/2022,SJC,CA,AWP,WE,Towers with Radar,188,26,42,0,256,0,0,13,0,13,188,26,55,0,269,0,0,0,269
02/06/2022,SJC,CA,AWP,WE,Towers with Radar,246,66,59,0,371,0,0,23,4,27,246,66,82,4,398,5,0,5,403
02/07/2022,SJC,CA,AWP,WE,Towers with Radar,261,56,75,0,392,0,0,9,0,9,261,56,84,0,401,36,0,36,437
02/08/2022,SJC,CA,AWP,WE,Towers with Radar,228,40,49,0,317,0,1,18,2,21,228,41,67,2,338,26,0,26,364
02/09/2022,SJC,CA,AWP,WE,Towers with Radar,223,62,56,0,341,0,0,25,4,29,223,62,81,4,370,50,0,50,420
02/10/2022,SJC,CA,AWP,WE,Towers with Radar,268,64,56,0,388,0,1,27,4,32,268,65,83,4,420,16,0,16,436
02/11/2022,SJC,CA,AWP,WE,Towers with Radar,264,65,67,0,396,0,1,24,0,25,264,66,91,0,421,30,0,30,451
02/12/2022,SJC,CA,AWP,WE,Towers with Radar,195,51,42,0,288,0,3,22,0,25,195,54,64,0,313,0,0,0,313
02/13/2022,SJC,CA,AWP,WE,Towers with Radar,247,57,51,0,355,0,1,24,6,31,247,58,75,6,386,4,0,4,390
02/14/2022,SJC,CA,AWP,WE,Towers with Radar,259,68,58,0,385,0,0,2,3,5,259,68,60,3,390,0,0,0,390
02/15/2022,SJC,CA,AWP,WE,Towers with Radar,229,44,59,0,332,0,0,12,4,16,229,44,71,4,348,4,0,4,352
02/16/2022,SJC,CA,AWP,WE,Towers with Radar,220,58,51,0,329,0,0,21,4,25,220,58,72,4,354,0,0,0,354
02/17/2022,SJC,CA,AWP,WE,Towers with Radar,266,76,69,0,411,0,0,19,2,21,266,76,88,2,432,10,0,10,442
02/18/2022,SJC,CA,AWP,WE,Towers with Radar,267,94,86,0,447,0,2,26,3,31,267,96,112,3,478,16,0,16,494
02/19/2022,SJC,CA,AWP,WE,Towers with Radar,206,77,60,0,343,0,4,20,2,26,206,81,80,2,369,0,0,0,369
02/20/2022,SJC,CA,AWP,WE,Towers with Radar,252,57,40,0,349,0,1,7,3,11,252,58,47,3,360,0,0,0,360
02/21/2022,SJC,CA,AWP,WE,Towers with Radar,264,52,88,0,404,0,1,11,4,16,264,53,99,4,420,12,0,12,432
02/22/2022,SJC,CA,AWP,WE,Towers with Radar,231,42,66,0,339,0,2,6,5,13,231,44,72,5,352,8,0,8,360
02/23/2022,SJC,CA,AWP,WE,Towers with Radar,223,63,51,0,337,0,8,29,3,40,223,71,80,3,377,8,0,8,385
02/24/2022,SJC,CA,AWP,WE,Towers with Radar,262,60,59,2,383,0,1,16,3,20,262,61,75,5,403,12,0,12,415
02/25/2022,SJC,CA,AWP,WE,Towers with Radar,266,69,73,0,408,0,2,22,4,28,266,71,95,4,436,26,0,26,462
02/26/2022,SJC,CA,AWP,WE,Towers with Radar,207,72,60,0,339,0,2,21,4,27,207,74,81,4,366,26,0,26,392
02/27/2022,SJC,CA,AWP,WE,Towers with Radar,259,83,69,0,411,0,0,12,3,15,259,83,81,3,426,0,0,0,426
02/28/2022,SJC,CA,AWP,WE,Towers with Radar,268,59,82,0,409,0,3,17,4,24,268,62,99,4,433,24,0,24,457
03/01/2022,SJC,CA,AWP,WE,Towers with Radar,234,51,55,0,340,0,1,26,6,33,234,52,81,6,373,18,0,18,391
03/02/2022,SJC,CA,AWP,WE,Towers with Radar,231,76,78,0,385,0,0,22,4,26,231,76,100,4,411,14,0,14,425
03/03/2022,SJC,CA,AWP,WE,Towers with Radar,276,47,72,0,395,0,0,9,5,14,276,47,81,5,409,22,0,22,431
03/04/2022,SJC,CA,AWP,WE,Towers with Radar,261,40,79,0,380,0,3,7,1,11,261,43,86,1,391,0,0,0,391
03/05/2022,SJC,CA,AWP,WE,Towers with Radar,191,35,33,0,259,0,3,10,5,18,191,38,43,5,277,16,0,16,293
03/06/2022,SJC,CA,AWP,WE,Towers with Radar,249,66,64,0,379,0,1,25,4,30,249,67,89,4,409,28,0,28,437
03/07/2022,SJC,CA,AWP,WE,Towers with Radar,266,60,78,0,404,0,2,15,4,21,266,62,93,4,425,0,0,0,425
03/08/2022,SJC,CA,AWP,WE,Towers with Radar,235,60,54,0,349,0,0,13,4,17,235,60,67,4,366,30,0,30,396
03/09/2022,SJC,CA,AWP,WE,Towers with Radar,233,74,62,0,369,0,1,22,4,27,233,75,84,4,396,8,0,8,404
03/10/2022,SJC,CA,AWP,WE,Towers with Radar,283,60,63,0,406,0,1,27,5,33,283,61,90,5,439,42,0,42,481
03/11/2022,SJC,CA,AWP,WE,Towers with Radar,278,51,76,4,409,0,5,22,5,32,278,56,98,9,441,0,0,0,441
03/12/2022,SJC,CA,AWP,WE,Towers with Radar,200,42,48,0,290,0,2,25,3,30,200,44,73,3,320,0,0,0,320
03/13/2022,SJC,CA,AWP,WE,Towers with Radar,251,44,54,0,349,0,0,14,0,14,251,44,68,0,363,0,0,0,363
03/14/2022,SJC,CA,AWP,WE,Towers with Radar,277,67,68,1,413,0,0,19,7,26,277,67,87,8,439,28,0,28,467
03/15/2022,SJC,CA,AWP,WE,Towers with Radar,261,56,63,0,380,0,3,10,4,17,261,59,73,4,397,6,0,6,403
03/16/2022,SJC,CA,AWP,WE,Towers with Radar,262,71,69,0,402,0,0,14,2,16,262,71,83,2,418,0,0,0,418
03/17/2022,SJC,CA,AWP,WE,Towers with Radar,296,60,86,0,442,0,10,19,0,29,296,70,105,0,471,8,0,8,479
03/18/2022,SJC,CA,AWP,WE,Towers with Radar,281,69,71,0,421,0,6,29,3,38,281,75,100,3,459,2,0,2,461
03/19/2022,SJC,CA,AWP,WE,Towers with Radar,206,44,33,0,283,0,0,3,4,7,206,44,36,4,290,0,0,0,290
03/20/2022,SJC,CA,AWP,WE,Towers with Radar,280,54,79,0,413,0,1,34,4,39,280,55,113,4,452,6,0,6,458
03/21/2022,SJC,CA,AWP,WE,Towers with Radar,288,60,63,0,411,0,3,17,3,23,288,63,80,3,434,8,0,8,442
03/22/2022,SJC,CA,AWP,WE,Towers with Radar,269,59,50,0,378,0,4,17,3,24,269,63,67,3,402,36,0,36,438
03/23/2022,SJC,CA,AWP,WE,Towers with Radar,269,69,41,0,379,0,0,11,7,18,269,69,52,7,397,0,0,0,397
03/24/2022,SJC,CA,AWP,WE,Towers with Radar,291,75,50,0,416,0,4,32,3,39,291,79,82,3,455,6,0,6,461
03/25/2022,SJC,CA,AWP,WE,Towers with Radar,288,64,62,0,414,0,4,22,6,32,288,68,84,6,446,16,0,16,462
03/26/2022,SJC,CA,AWP,WE,Towers with Radar,203,55,60,0,318,0,7,22,0,29,203,62,82,0,347,24,0,24,371
03/27/2022,SJC,CA,AWP,WE,Towers with Radar,279,70,63,0,412,0,1,12,2,15,279,71,75,2,427,0,0,0,427
03/28/2022,SJC,CA,AWP,WE,Towers with Radar,285,51,52,0,388,0,0,3,4,7,285,51,55,4,395,12,0,12,407
03/29/2022,SJC,CA,AWP,WE,Towers with Radar,278,38,54,0,370,0,2,13,4,19,278,40,67,4,389,28,0,28,417
03/30/2022,SJC,CA,AWP,WE,Towers with Radar,266,61,72,0,399,0,2,20,7,29,266,63,92,7,428,12,0,12,440
03/31/2022,SJC,CA,AWP,WE,Towers with Radar,295,56,60,0,411,0,1,32,7,40,295,57,92,7,451,34,0,34,485
04/01/2022,SJC,CA,AWP,WE,Towers with Radar,279,58,65,0,402,0,1,19,4,24,279,59,84,4,426,0,0,0,426
04/02/2022,SJC,CA,AWP,WE,Towers with Radar,201,43,42,0,286,0,2,18,3,23,201,45,60,3,309,22,0,22,331
04/03/2022,SJC,CA,AWP,WE,Towers with Radar,291,45,68,0,404,0,2,22,4,28,291,47,90,4,432,8,0,8,440
04/04/2022,SJC,CA,AWP,WE,Towers with Radar,310,53,59,0,422,0,1,15,5,21,310,54,74,5,443,8,0,8,451
04/05/2022,SJC,CA,AWP,WE,Towers with Radar,303,58,53,0,414,0,2,20,4,26,303,60,73,4,440,0,0,0,440
04/06/2022,SJC,CA,AWP,WE,Towers with Radar,304,68,65,0,437,0,3,31,6,40,304,71,96,6,477,44,0,44,521
04/07/2022,SJC,CA,AWP,WE,Towers with Radar,317,63,63,0,443,0,0,30,7,37,317,63,93,7,480,22,0,22,502
04/08/2022,SJC,CA,AWP,WE,Towers with Radar,318,70,82,0,470,0,4,24,4,32,318,74,106,4,502,24,0,24,526
04/09/2022,SJC,CA,AWP,WE,Towers with Radar,225,53,47,0,325,0,4,19,0,23,225,57,66,0,348,32,0,32,380
04/10/2022,SJC,CA,AWP,WE,Towers with Radar,306,56,34,0,396,0,1,21,0,22,306,57,55,0,418,6,0,6,424
04/11/2022,SJC,CA,AWP,WE,Towers with Radar,323,55,56,0,434,0,0,9,0,9,323,55,65,0,443,0,0,0,443
04/12/2022,SJC,CA,AWP,WE,Towers with Radar,308,43,53,0,404,0,1,20,0,21,308,44,73,0,425,12,0,12,437
04/13/2022,SJC,CA,AWP,WE,Towers with Radar,306,60,47,0,413,0,4,18,7,29,306,64,65,7,442,18,0,18,460
04/14/2022,SJC,CA,AWP,WE,Towers with Radar,319,65,75,0,459,0,0,7,4,11,319,65,82,4,470,0,0,0,470
04/15/2022,SJC,CA,AWP,WE,Towers with Radar,314,60,57,0,431,0,2,26,5,33,314,62,83,5,464,62,0,62,526
04/16/2022,SJC,CA,AWP,WE,Towers with Radar,225,50,32,2,309,0,0,11,6,17,225,50,43,8,326,14,0,14,340
04/17/2022,SJC,CA,AWP,WE,Towers with Radar,308,69,77,0,454,0,1,18,3,22,308,70,95,3,476,28,0,28,504
04/18/2022,SJC,CA,AWP,WE,Towers with Radar,313,59,64,0,436,0,0,19,7,26,313,59,83,7,462,0,0,0,462
04/19/2022,SJC,CA,AWP,WE,Towers with Radar,313,66,46,0,425,0,1,15,4,20,313,67,61,4,445,14,0,14,459
04/20/2022,SJC,CA,AWP,WE,Towers with Radar,322,64,63,2,451,0,2,17,10,29,322,66,80,12,480,6,0,6,486
04/21/2022,SJC,CA,AWP,WE,Towers with Radar,323,86,61,0,470,0,0,6,4,10,323,86,67,4,480,4,0,4,484
04/22/2022,SJC,CA,AWP,WE,Towers with Radar,314,68,67,0,449,0,5,11,1,17,314,73,78,1,466,14,0,14,480
04/23/2022,SJC,CA,AWP,WE,Towers with Radar,242,32,57,0,331,0,1,22,5,28,242,33,79,5,359,18,0,18,377
04/24/2022,SJC,CA,AWP,WE,Towers with Radar,311,57,67,0,435,0,0,29,2,31,311,57,96,2,466,0,0,0,466
04/25/2022,SJC,CA,AWP,WE,Towers with Radar,320,55,55,0,430,0,1,19,3,23,320,56,74,3,453,10,0,10,463
04/26/2022,SJC,CA,AWP,WE,Towers with Radar,318,50,56,0,424,0,0,22,7,29,318,50,78,7,453,66,0,66,519
04/27/2022,SJC,CA,AWP,WE,Towers with Radar,320,54,58,0,432,0,2,27,10,39,320,56,85,10,471,64,0,64,535
04/28/2022,SJC,CA,AWP,WE,Towers with Radar,323,56,62,0,441,0,2,15,5,22,323,58,77,5,463,32,0,32,495
04/29/2022,SJC,CA,AWP,WE,Towers with Radar,312,65,56,1,434,0,6,30,6,42,312,71,86,7,476,0,0,0,476
04/30/2022,SJC,CA,AWP,WE,Towers with Radar,238,37,31,0,306,0,3,10,3,16,238,40,41,3,322,0,0,0,322
05/01/2022,SJC,CA,AWP,WE,Towers with Radar,305,62,71,1,439,0,2,20,3,25,305,64,91,4,464,0,0,0,464
05/02/2022,SJC,CA,AWP,WE,Towers with Radar,309,56,62,0,427,0,1,9,5,15,309,57,71,5,442,0,0,0,442
05/03/2022,SJC,CA,AWP,WE,Towers with Radar,308,45,53,0,406,0,1,14,3,18,308,46,67,3,424,16,0,16,440
05/04/2022,SJC,CA,AWP,WE,Towers with Radar,310,63,65,0,438,0,3,17,6,26,310,66,82,6,464,60,0,60,524
05/05/2022,SJC,CA,AWP,WE,Towers with Radar,317,79,71,0,467,0,1,25,5,31,317,80,96,5,498,16,0,16,514
05/06/2022,SJC,CA,AWP,WE,Towers with Radar,308,60,61,0,429,0,2,22,6,30,308,62,83,6,459,12,0,12,471
05/07/2022,SJC,CA,AWP,WE,Towers with Radar,229,31,27,0,287,0,2,9,6,17,229,33,36,6,304,16,0,16,320
05/08/2022,SJC,CA,AWP,WE,Towers with Radar,307,51,44,0,402,0,1,14,5,20,307,52,58,5,422,0,0,0,422
05/09/2022,SJC,CA,AWP,WE,Towers with Radar,317,66,77,0,460,0,1,7,4,12,317,67,84,4,472,0,0,0,472
05/10/2022,SJC,CA,AWP,WE,Towers with Radar,304,64,68,0,436,0,1,16,5,22,304,65,84,5,458,0,0,0,458
05/11/2022,SJC,CA,AWP,WE,Towers with Radar,308,63,75,2,448,0,0,24,6,30,308,63,99,8,478,4,0,4,482
05/12/2022,SJC,CA,AWP,WE,Towers with Radar,303,64,61,0,428,14,5,31,3,53,317,69,92,3,481,10,0,10,491
05/13/2022,SJC,CA,AWP,WE,Towers with Radar,309,50,64,0,423,0,1,28,8,37,309,51,92,8,460,20,0,20,480
05/14/2022,SJC,CA,AWP,WE,Towers with Radar,237,36,50,0,323,0,2,19,4,25,237,38,69,4,348,0,0,0,348
05/15/2022,SJC,CA,AWP,WE,Towers with Radar,318,65,81,0,464,0,0,17,4,21,318,65,98,4,485,2,0,2,487
05/16/2022,SJC,CA,AWP,WE,Towers with Radar,317,53,70,2,442,0,0,13,1,14,317,53,83,3,456,16,0,16,472
05/17/2022,SJC,CA,AWP,WE,Towers with Radar,311,73,63,0,447,0,2,21,3,26,311,75,84,3,473,0,0,0,473
05/18/2022,SJC,CA,AWP,WE,Towers with Radar,305,58,66,0,429,0,0,20,8,28,305,58,86,8,457,12,0,12,469
05/19/2022,SJC,CA,AWP,WE,Towers with Radar,324,73,70,2,469,0,2,21,0,23,324,75,91,2,492,4,0,4,496
05/20/2022,SJC,CA,AWP,WE,Towers with Radar,313,69,65,0,447,0,1,32,3,36,313,70,97,3,483,0,0,0,483
05/21/2022,SJC,CA,AWP,WE,Towers with Radar,236,43,37,0,316,0,0,33,3,36,236,43,70,3,352,6,0,6,358
05/22/2022,SJC,CA,AWP,WE,Towers with Radar,316,54,63,2,435,0,2,22,3,27,316,56,85,5,462,22,0,22,484
05/23/2022,SJC,CA,AWP,WE,Towers with Radar,326,61,40,0,427,0,0,18,3,21,326,61,58,3,448,10,0,10,458
05/24/2022,SJC,CA,AWP,WE,Towers with Radar,310,73,61,0,444,0,0,18,4,22,310,73,79,4,466,28,0,28,494
05/25/2022,SJC,CA,AWP,WE,Towers with Radar,316,77,70,0,463,0,1,27,3,31,316,78,97,3,494,42,0,42,536
05/26/2022,SJC,CA,AWP,WE,Towers with Radar,323,78,64,0,465,0,1,35,6,42,323,79,99,6,507,20,0,20,527
05/27/2022,SJC,CA,AWP,WE,Towers with Radar,320,60,73,0,453,0,0,34,3,37,320,60,107,3,490,32,0,32,522
05/28/2022,SJC,CA,AWP,WE,Towers with Radar,238,30,40,0,308,0,3,16,4,23,238,33,56,4,331,38,0,38,369
05/29/2022,SJC,CA,AWP,WE,Towers with Radar,307,26,34,0,367,0,0,8,0,8,307,26,42,0,375,0,0,0,375
05/30/2022,SJC,CA,AWP,WE,Towers with Radar,319,58,69,0,446,0,0,32,3,35,319,58,101,3,481,26,0,26,507
05/31/2022,SJC,CA,AWP,WE,Towers with Radar,309,66,72,0,447,0,1,29,5,35,309,67,101,5,482,10,0,10,492
06/01/2022,SJC,CA,AWP,WE,Towers with Radar,302,68,60,0,430,0,6,21,3,30,302,74,81,3,460,42,0,42,502
06/02/2022,SJC,CA,AWP,WE,Towers with Radar,321,69,75,0,465,0,3,25,1,29,321,72,100,1,494,0,0,0,494
06/03/2022,SJC,CA,AWP,WE,Towers with Radar,308,56,51,0,415,0,0,21,4,25,308,56,72,4,440,26,0,26,466
06/04/2022,SJC,CA,AWP,WE,Towers with Radar,224,39,38,0,301,0,5,17,0,22,224,44,55,0,323,0,0,0,323
06/05/2022,SJC,CA,AWP,WE,Towers with Radar,355,54,66,3,478,0,0,11,3,14,355,54,77,6,492,0,0,0,492
06/06/2022,SJC,CA,AWP,WE,Towers with Radar,356,53,63,1,473,0,2,19,3,24,356,55,82,4,497,22,0,22,519
06/07/2022,SJC,CA,AWP,WE,Towers with Radar,350,69,48,0,467,0,1,16,2,19,350,70,64,2,486,0,0,0,486
06/08/2022,SJC,CA,AWP,WE,Towers with Radar,352,78,60,0,490,0,0,26,4,30,352,78,86,4,520,28,0,28,548
06/09/2022,SJC,CA,AWP,WE,Towers with Radar,357,82,66,0,505,0,0,25,4,29,357,82,91,4,534,12,0,12,546
06/10/2022,SJC,CA,AWP,WE,Towers with Radar,356,85,77,2,520,0,4,28,2,34,356,89,105,4,554,22,0,22,576
06/11/2022,SJC,CA,AWP,WE,Towers with Radar,249,42,51,0,342,0,0,20,2,22,249,42,71,2,364,42,0,42,406
06/12/2022,SJC,CA,AWP,WE,Towers with Radar,351,79,84,0,514,0,1,15,2,18,351,80,99,2,532,26,0,26,558
06/13/2022,SJC,CA,AWP,WE,Towers with Radar,362,70,49,0,481,0,0,26,1,27,362,70,75,1,508,4,0,4,512
06/14/2022,SJC,CA,AWP,WE,Towers with Radar,341,62,53,0,456,3,1,20,5,29,344,63,73,5,485,4,0,4,489
06/15/2022,SJC,CA,AWP,WE,Towers with Radar,348,66,59,0,473,0,0,23,2,25,348,66,82,2,498,24,0,24,522
06/16/2022,SJC,CA,AWP,WE,Towers with Radar,352,61,46,0,459,0,0,24,2,26,352,61,70,2,485,0,0,0,485
06/17/2022,SJC,CA,AWP,WE,Towers with Radar,346,58,56,1,461,0,2,17,3,22,346,60,73,4,483,0,0,0,483
06/18/2022,SJC,CA,AWP,WE,Towers with Radar,240,34,44,0,318,0,1,26,4,31,240,35,70,4,349,14,0,14,363
06/19/2022,SJC,CA,AWP,WE,Towers with Radar,345,58,73,2,478,0,1,33,3,37,345,59,106,5,515,0,0,0,515
06/20/2022,SJC,CA,AWP,WE,Towers with Radar,357,61,67,0,485,0,1,21,2,24,357,62,88,2,509,0,0,0,509
06/21/2022,SJC,CA,AWP,WE,Towers with Radar,350,65,68,0,483,0,0,17,2,19,350,65,85,2,502,0,0,0,502
06/22/2022,SJC,CA,AWP,WE,Towers with Radar,350,63,63,0,476,0,0,25,0,25,350,63,88,0,501,26,0,26,527
06/23/2022,SJC,CA,AWP,WE,Towers with Radar,360,72,65,0,497,0,0,26,9,35,360,72,91,9,532,26,2,28,560
06/24/2022,SJC,CA,AWP,WE,Towers with Radar,354,55,71,0,480,0,0,35,4,39,354,55,106,4,519,26,0,26,545
06/25/2022,SJC,CA,AWP,WE,Towers with Radar,238,45,37,0,320,0,1,21,4,26,238,46,58,4,346,8,0,8,354
06/26/2022,SJC,CA,AWP,WE,Towers with Radar,345,56,49,0,450,0,0,22,3,25,345,56,71,3,475,20,0,20,495
06/27/2022,SJC,CA,AWP,WE,Towers with Radar,353,58,62,0,473,0,2,16,1,19,353,60,78,1,492,0,0,0,492
06/28/2022,SJC,CA,AWP,WE,Towers with Radar,338,57,54,0,449,0,0,22,2,24,338,57,76,2,473,0,0,0,473
06/29/2022,SJC,CA,AWP,WE,Towers with Radar,359,63,61,0,483,0,0,20,4,24,359,63,81,4,507,0,0,0,507
06/30/2022,SJC,CA,AWP,WE,Towers with Radar,358,82,75,0,515,0,0,24,2,26,358,82,99,2,541,14,0,14,555
07/01/2022,SJC,CA,AWP,WE,Towers with Radar,353,64,59,0,476,0,1,18,5,24,353,65,77,5,500,6,0,6,506
07/02/2022,SJC,CA,AWP,WE,Towers with Radar,236,55,56,0,347,0,0,18,4,22,236,55,74,4,369,18,0,18,387
07/03/2022,SJC,CA,AWP,WE,Towers with Radar,318,26,35,1,380,0,0,17,3,20,318,26,52,4,400,16,0,16,416
07/04/2022,SJC,CA,AWP,WE,Towers with Radar,337,22,28,0,387,0,1,19,1,21,337,23,47,1,408,20,0,20,428
07/05/2022,SJC,CA,AWP,WE,Towers with Radar,349,53,63,0,465,0,1,24,0,25,349,54,87,0,490,22,0,22,512
07/06/2022,SJC,CA,AWP,WE,Towers with Radar,343,59,36,0,438,0,1,17,1,19,343,60,53,1,457,50,0,50,507
07/07/2022,SJC,CA,AWP,WE,Towers with Radar,361,52,32,0,445,0,1,10,0,11,361,53,42,0,456,2,0,2,458
07/08/2022,SJC,CA,AWP,WE,Towers with Radar,355,48,53,0,456,0,8,20,0,28,355,56,73,0,484,8,0,8,492
07/09/2022,SJC,CA,AWP,WE,Towers with Radar,240,34,42,0,316,0,0,19,0,19,240,34,61,0,335,16,0,16,351
07/10/2022,SJC,CA,AWP,WE,Towers with Radar,347,60,65,0,472,0,3,25,0,28,347,63,90,0,500,40,0,40,540
07/11/2022,SJC,CA,AWP,WE,Towers with Radar,359,66,60,1,486,0,4,22,0,26,359,70,82,1,512,30,0,30,542
07/12/2022,SJC,CA,AWP,WE,Towers with Radar,347,84,64,0,495,0,2,16,0,18,347,86,80,0,513,22,0,22,535
07/13/2022,SJC,CA,AWP,WE,Towers with Radar,348,72,52,1,473,0,0,30,0,30,348,72,82,1,503,12,0,12,515
07/14/2022,SJC,CA,AWP,WE,Towers with Radar,355,78,70,0,503,0,1,29,0,30,355,79,99,0,533,4,0,4,537
07/15/2022,SJC,CA,AWP,WE,Towers with Radar,354,70,55,0,479,0,1,32,0,33,354,71,87,0,512,12,0,12,524
07/16/2022,SJC,CA,AWP,WE,Towers with Radar,242,40,45,0,327,0,2,34,0,36,242,42,79,0,363,42,0,42,405
07/17/2022,SJC,CA,AWP,WE,Towers with Radar,347,68,56,0,471,0,1,25,0,26,347,69,81,0,497,18,0,18,515
07/18/2022,SJC,CA,AWP,WE,Towers with Radar,357,55,44,0,456,0,4,11,0,15,357,59,55,0,471,6,0,6,477
07/19/2022,SJC,CA,AWP,WE,Towers with Radar,354,71,49,0,474,0,0,16,0,16,354,71,65,0,490,0,0,0,490
07/20/2022,SJC,CA,AWP,WE,Towers with Radar,355,70,56,0,481,0,3,23,1,27,355,73,79,1,508,12,0,12,520
07/21/2022,SJC,CA,AWP,WE,Towers with Radar,369,73,70,0,512,0,1,21,0,22,369,74,91,0,534,0,0,0,534
07/22/2022,SJC,CA,AWP,WE,Towers with Radar,367,59,64,0,490,0,0,26,0,26,367,59,90,0,516,0,0,0,516
07/23/2022,SJC,CA,AWP,WE,Towers with Radar,235,27,46,0,308,0,2,20,0,22,235,29,66,0,330,36,0,36,366
07/24/2022,SJC,CA,AWP,WE,Towers with Radar,340,64,81,0,485,0,0,24,0,24,340,64,105,0,509,22,0,22,531
07/25/2022,SJC,CA,AWP,WE,Towers with Radar,353,68,61,0,482,0,0,14,0,14,353,68,75,0,496,20,0,20,516
07/26/2022,SJC,CA,AWP,WE,Towers with Radar,350,62,55,0,467,0,1,16,0,17,350,63,71,0,484,0,0,0,484
07/27/2022,SJC,CA,AWP,WE,Towers with Radar,353,51,63,0,467,0,0,26,0,26,353,51,89,0,493,14,0,14,507
07/28/2022,SJC,CA,AWP,WE,Towers with Radar,353,72,72,0,497,0,1,26,0,27,353,73,98,0,524,40,0,40,564
07/29/2022,SJC,CA,AWP,WE,Towers with Radar,354,80,67,0,501,0,0,24,0,24,354,80,91,0,525,4,0,4,529
07/30/2022,SJC,CA,AWP,WE,Towers with Radar,239,32,31,0,302,0,1,14,0,15,239,33,45,0,317,22,0,22,339
07/31/2022,SJC,CA,AWP,WE,Towers with Radar,342,50,42,0,434,0,1,18,0,19,342,51,60,0,453,0,0,0,453
08/01/2022,SJC,CA,AWP,WE,Towers with Radar,360,53,46,0,459,0,0,17,0,17,360,53,63,0,476,8,0,8,484
08/02/2022,SJC,CA,AWP,WE,Towers with Radar,351,60,39,0,450,0,0,17,0,17,351,60,56,0,467,8,0,8,475
08/03/2022,SJC,CA,AWP,WE,Towers with Radar,346,57,60,0,463,0,1,28,0,29,346,58,88,0,492,54,0,54,546
08/04/2022,SJC,CA,AWP,WE,Towers with Radar,350,68,57,0,475,0,1,24,1,26,350,69,81,1,501,0,0,0,501
08/05/2022,SJC,CA,AWP,WE,Towers with Radar,356,70,48,0,474,0,5,23,2,30,356,75,71,2,504,14,0,14,518
08/06/2022,SJC,CA,AWP,WE,Towers with Radar,240,43,48,0,331,0,2,19,4,25,240,45,67,4,356,0,0,0,356
08/07/2022,SJC,CA,AWP,WE,Towers with Radar,345,45,62,0,452,0,0,27,3,30,345,45,89,3,482,38,0,38,520
08/08/2022,SJC,CA,AWP,WE,Towers with Radar,354,57,53,0,464,0,1,25,3,29,354,58,78,3,493,8,0,8,501
08/09/2022,SJC,CA,AWP,WE,Towers with Radar,334,61,47,0,442,0,5,35,3,43,334,66,82,3,485,18,0,18,503
08/10/2022,SJC,CA,AWP,WE,Towers with Radar,340,69,54,0,463,0,0,27,5,32,340,69,81,5,495,36,0,36,531
08/11/2022,SJC,CA,AWP,WE,Towers with Radar,371,68,66,0,505,0,0,24,6,30,371,68,90,6,535,0,0,0,535
08/12/2022,SJC,CA,AWP,WE,Towers with Radar,358,65,47,0,470,0,0,29,4,33,358,65,76,4,503,0,0,0,503
08/13/2022,SJC,CA,AWP,WE,Towers with Radar,241,35,38,0,314,0,0,25,3,28,241,35,63,3,342,18,0,18,360
08/14/2022,SJC,CA,AWP,WE,Towers with Radar,331,63,53,0,447,0,3,21,4,28,331,66,74,4,475,2,0,2,477
08/15/2022,SJC,CA,AWP,WE,Towers with Radar,361,75,60,0,496,0,0,27,4,31,361,75,87,4,527,38,0,38,565
08/16/2022,SJC,CA,AWP,WE,Towers with Radar,349,80,60,1,490,1,1,27,3,32,350,81,87,4,522,20,0,20,542
08/17/2022,SJC,CA,AWP,WE,Towers with Radar,350,66,66,1,483,0,0,15,4,19,350,66,81,5,502,2,0,2,504
08/18/2022,SJC,CA,AWP,WE,Towers with Radar,358,76,79,0,513,0,1,25,2,28,358,77,104,2,541,16,0,16,557
08/19/2022,SJC,CA,AWP,WE,Towers with Radar,360,58,53,1,472,0,1,29,6,36,360,59,82,7,508,18,0,18,526
08/20/2022,SJC,CA,AWP,WE,Towers with Radar,240,42,51,0,333,0,6,23,6,35,240,48,74,6,368,0,0,0,368
08/21/2022,SJC,CA,AWP,WE,Towers with Radar,336,57,58,1,452,0,2,41,3,46,336,59,99,4,498,8,0,8,506
08/22/2022,SJC,CA,AWP,WE,Towers with Radar,357,82,54,2,495,0,1,20,4,25,357,83,74,6,520,8,0,8,528
08/23/2022,SJC,CA,AWP,WE,Towers with Radar,343,83,53,0,479,0,3,18,4,25,343,86,71,4,504,52,0,52,556
08/24/2022,SJC,CA,AWP,WE,Towers with Radar,345,78,56,0,479,0,3,23,4,30,345,81,79,4,509,16,0,16,525
08/25/2022,SJC,CA,AWP,WE,Towers with Radar,366,73,70,0,509,0,2,22,3,27,366,75,92,3,536,18,0,18,554
08/26/2022,SJC,CA,AWP,WE,Towers with Radar,359,66,52,0,477,0,0,29,3,32,359,66,81,3,509,20,0,20,529
08/27/2022,SJC,CA,AWP,WE,Towers with Radar,237,25,44,1,307,0,0,21,3,24,237,25,65,4,331,10,0,10,341
08/28/2022,SJC,CA,AWP,WE,Towers with Radar,345,59,60,0,464,0,0,29,4,33,345,59,89,4,497,60,0,60,557
08/29/2022,SJC,CA,AWP,WE,Towers with Radar,363,53,46,0,462,0,0,16,4,20,363,53,62,4,482,0,0,0,482
08/30/2022,SJC,CA,AWP,WE,Towers with Radar,342,62,34,0,438,0,2,26,2,30,342,64,60,2,468,10,0,10,478
08/31/2022,SJC,CA,AWP,WE,Towers with Radar,350,82,56,0,488,0,0,23,0,23,350,82,79,0,511,28,0,28,539
09/01/2022,SJC,CA,AWP,WE,Towers with Radar,365,76,55,0,496,0,0,37,2,39,365,76,92,2,535,14,0,14,549
09/02/2022,SJC,CA,AWP,WE,Towers with Radar,358,66,67,0,491,0,2,29,3,34,358,68,96,3,525,42,0,42,567
09/03/2022,SJC,CA,AWP,WE,Towers with Radar,238,40,40,1,319,0,0,25,3,28,238,40,65,4,347,18,0,18,365
09/04/2022,SJC,CA,AWP,WE,Towers with Radar,283,34,39,0,356,0,2,13,4,19,283,36,52,4,375,4,0,4,379
09/05/2022,SJC,CA,AWP,WE,Towers with Radar,353,70,60,0,483,0,2,31,4,37,353,72,91,4,520,22,0,22,542
09/06/2022,SJC,CA,AWP,WE,Towers with Radar,324,72,55,0,451,0,2,14,8,24,324,74,69,8,475,0,0,0,475
09/07/2022,SJC,CA,AWP,WE,Towers with Radar,321,71,63,0,455,0,4,15,3,22,321,75,78,3,477,0,0,0,477
09/08/2022,SJC,CA,AWP,WE,Towers with Radar,368,83,63,1,515,0,2,22,7,31,368,85,85,8,546,24,0,24,570
09/09/2022,SJC,CA,AWP,WE,Towers with Radar,363,60,54,0,477,0,0,27,0,27,363,60,81,0,504,2,0,2,506
09/10/2022,SJC,CA,AWP,WE,Towers with Radar,253,50,55,1,359,0,1,20,4,25,253,51,75,5,384,18,0,18,402
09/11/2022,SJC,CA,AWP,WE,Towers with Radar,310,61,73,0,444,0,4,29,4,37,310,65,102,4,481,14,0,14,495
09/12/2022,SJC,CA,AWP,WE,Towers with Radar,362,58,55,1,476,0,2,20,4,26,362,60,75,5,502,36,0,36,538
09/13/2022,SJC,CA,AWP,WE,Towers with Radar,330,67,44,0,441,0,0,19,8,27,330,67,63,8,468,26,0,26,494
09/14/2022,SJC,CA,AWP,WE,Towers with Radar,337,74,55,0,466,0,0,19,2,21,337,74,74,2,487,0,0,0,487
09/15/2022,SJC,CA,AWP,WE,Towers with Radar,384,64,47,0,495,0,3,15,4,22,384,67,62,4,517,10,0,10,527
09/16/2022,SJC,CA,AWP,WE,Towers with Radar,366,57,63,0,486,0,1,23,3,27,366,58,86,3,513,48,0,48,561
09/17/2022,SJC,CA,AWP,WE,Towers with Radar,264,34,53,1,352,0,1,29,4,34,264,35,82,5,386,0,0,0,386
09/18/2022,SJC,CA,AWP,WE,Towers with Radar,331,75,77,0,483,0,0,2,8,10,331,75,79,8,493,0,0,0,493
09/19/2022,SJC,CA,AWP,WE,Towers with Radar,369,69,59,0,497,0,0,7,2,9,369,69,66,2,506,4,0,4,510
09/20/2022,SJC,CA,AWP,WE,Towers with Radar,338,72,45,1,456,0,0,15,3,18,338,72,60,4,474,16,0,16,490
09/21/2022,SJC,CA,AWP,WE,Towers with Radar,338,78,38,0,454,0,0,17,5,22,338,78,55,5,476,44,0,44,520
09/22/2022,SJC,CA,AWP,WE,Towers with Radar,377,87,55,1,520,0,1,30,9,40,377,88,85,10,560,18,0,18,578
09/23/2022,SJC,CA,AWP,WE,Towers with Radar,369,42,51,2,464,0,1,30,4,35,369,43,81,6,499,38,0,38,537
09/24/2022,SJC,CA,AWP,WE,Towers with Radar,261,46,43,0,350,0,2,32,2,36,261,48,75,2,386,34,0,34,420
09/25/2022,SJC,CA,AWP,WE,Towers with Radar,315,55,55,1,426,0,3,29,3,35,315,58,84,4,461,8,0,8,469
09/26/2022,SJC,CA,AWP,WE,Towers with Radar,369,63,58,1,491,0,0,15,0,15,369,63,73,1,506,26,0,26,532
09/27/2022,SJC,CA,AWP,WE,Towers with Radar,337,58,33,0,428,0,1,14,2,17,337,59,47,2,445,32,0,32,477
09/28/2022,SJC,CA,AWP,WE,Towers with Radar,334,78,43,0,455,0,1,17,2,20,334,79,60,2,475,30,0,30,505
09/29/2022,SJC,CA,AWP,WE,Towers with Radar,375,86,63,0,524,0,6,27,4,37,375,92,90,4,561,22,0,22,583
09/30/2022,SJC,CA,AWP,WE,Towers with Radar,376,94,58,1,529,0,1,28,4,33,376,95,86,5,562,4,0,4,566
10/01/2022,SJC,CA,AWP,WE,Towers with Radar,258,56,42,0,356,0,1,10,0,11,258,57,52,0,367,14,0,14,381
10/02/2022,SJC,CA,AWP,WE,Towers with Radar,313,67,57,1,438,0,0,28,2,30,313,67,85,3,468,0,0,0,468
10/03/2022,SJC,CA,AWP,WE,Towers with Radar,367,93,101,0,561,0,0,37,4,41,367,93,138,4,602,0,0,0,602
10/04/2022,SJC,CA,AWP,WE,Towers with Radar,339,83,84,1,507,0,4,17,0,21,339,87,101,1,528,10,0,10,538
10/05/2022,SJC,CA,AWP,WE,Towers with Radar,340,84,67,0,491,0,3,21,4,28,340,87,88,4,519,36,0,36,555
10/06/2022,SJC,CA,AWP,WE,Towers with Radar,359,75,65,0,499,0,2,20,4,26,359,77,85,4,525,2,0,2,527
10/07/2022,SJC,CA,AWP,WE,Towers with Radar,359,52,74,0,485,0,0,37,5,42,359,52,111,5,527,36,0,36,563
10/08/2022,SJC,CA,AWP,WE,Towers with Radar,244,41,49,0,334,0,2,22,5,29,244,43,71,5,363,0,0,0,363
10/09/2022,SJC,CA,AWP,WE,Towers with Radar,293,60,73,0,426,0,1,20,2,23,293,61,93,2,449,0,0,0,449
10/10/2022,SJC,CA,AWP,WE,Towers with Radar,358,70,63,0,491,0,1,13,4,18,358,71,76,4,509,0,0,0,509
10/11/2022,SJC,CA,AWP,WE,Towers with Radar,345,60,63,0,468,0,1,14,4,19,345,61,77,4,487,8,0,8,495
10/12/2022,SJC,CA,AWP,WE,Towers with Radar,357,87,65,0,509,0,0,16,4,20,357,87,81,4,529,6,0,6,535
10/13/2022,SJC,CA,AWP,WE,Towers with Radar,360,81,63,0,504,0,0,30,3,33,360,81,93,3,537,24,0,24,561
10/14/2022,SJC,CA,AWP,WE,Towers with Radar,360,69,53,0,482,0,0,22,0,22,360,69,75,0,504,0,0,0,504
10/15/2022,SJC,CA,AWP,WE,Towers with Radar,241,38,46,0,325,0,3,17,0,20,241,41,63,0,345,100,0,100,445
10/16/2022,SJC,CA,AWP,WE,Towers with Radar,294,76,70,0,440,0,1,11,0,12,294,77,81,0,452,4,0,4,456
10/17/2022,SJC,CA,AWP,WE,Towers with Radar,354,67,53,0,474,0,2,31,0,33,354,69,84,0,507,10,0,10,517
10/18/2022,SJC,CA,AWP,WE,Towers with Radar,344,72,52,0,468,0,2,24,0,26,344,74,76,0,494,0,0,0,494
10/19/2022,SJC,CA,AWP,WE,Towers with Radar,345,70,45,0,460,0,1,36,0,37,345,71,81,0,497,54,0,54,551
10/20/2022,SJC,CA,AWP,WE,Towers with Radar,355,80,57,0,492,0,1,28,0,29,355,81,85,0,521,26,0,26,547
10/21/2022,SJC,CA,AWP,WE,Towers with Radar,346,76,55,0,477,1,0,34,0,35,347,76,89,0,512,46,0,46,558
10/22/2022,SJC,CA,AWP,WE,Towers with Radar,237,43,41,0,321,0,0,15,2,17,237,43,56,2,338,0,0,0,338
10/23/2022,SJC,CA,AWP,WE,Towers with Radar,295,87,81,0,463,0,0,29,0,29,295,87,110,0,492,6,0,6,498
10/24/2022,SJC,CA,AWP,WE,Towers with Radar,353,76,60,0,489,0,0,25,0,25,353,76,85,0,514,12,0,12,526
10/25/2022,SJC,CA,AWP,WE,Towers with Radar,338,74,46,0,458,0,4,18,0,22,338,78,64,0,480,0,0,0,480
10/26/2022,SJC,CA,AWP,WE,Towers with Radar,348,79,45,4,476,0,2,22,2,26,348,81,67,6,502,10,0,10,512
10/27/2022,SJC,CA,AWP,WE,Towers with Radar,353,76,68,2,499,0,0,26,0,26,353,76,94,2,525,40,0,40,565
10/28/2022,SJC,CA,AWP,WE,Towers with Radar,343,59,63,0,465,0,2,30,0,32,343,61,93,0,497,22,0,22,519
10/29/2022,SJC,CA,AWP,WE,Towers with Radar,241,40,19,0,300,0,2,19,0,21,241,42,38,0,321,0,0,0,321
10/30/2022,SJC,CA,AWP,WE,Towers with Radar,295,60,58,0,413,0,0,17,0,17,295,60,75,0,430,20,0,20,450
10/31/2022,SJC,CA,AWP,WE,Towers with Radar,341,57,35,0,433,0,1,13,0,14,341,58,48,0,447,0,0,0,447
11/01/2022,SJC,CA,AWP,WE,Towers with Radar,347,73,54,0,474,0,0,7,2,9,347,73,61,2,483,0,0,0,483
11/02/2022,SJC,CA,AWP,WE,Towers with Radar,349,85,73,0,507,0,0,18,0,18,349,85,91,0,525,0,0,0,525
11/03/2022,SJC,CA,AWP,WE,Towers with Radar,357,91,54,0,502,0,6,29,0,35,357,97,83,0,537,0,0,0,537
11/04/2022,SJC,CA,AWP,WE,Towers with Radar,352,80,46,0,478,0,0,16,2,18,352,80,62,2,496,12,0,12,508
11/05/2022,SJC,CA,AWP,WE,Towers with Radar,254,34,44,0,332,0,0,6,1,7,254,34,50,1,339,0,0,0,339
11/06/2022,SJC,CA,AWP,WE,Towers with Radar,335,58,51,0,444,0,1,22,2,25,335,59,73,2,469,34,0,34,503
11/07/2022,SJC,CA,AWP,WE,Towers with Radar,339,74,46,0,459,0,4,7,6,17,339,78,53,6,476,0,0,0,476
11/08/2022,SJC,CA,AWP,WE,Towers with Radar,310,51,48,0,409,0,0,4,2,6,310,51,52,2,415,0,0,0,415
11/09/2022,SJC,CA,AWP,WE,Towers with Radar,332,61,45,0,438,0,0,22,2,24,332,61,67,2,462,16,0,16,478
11/10/2022,SJC,CA,AWP,WE,Towers with Radar,348,82,67,0,497,0,5,40,4,49,348,87,107,4,546,30,0,30,576
11/11/2022,SJC,CA,AWP,WE,Towers with Radar,338,59,65,0,462,0,0,34,4,38,338,59,99,4,500,0,0,0,500
11/12/2022,SJC,CA,AWP,WE,Towers with Radar,254,39,34,2,329,0,2,26,5,33,254,41,60,7,362,16,0,16,378
11/13/2022,SJC,CA,AWP,WE,Towers with Radar,342,66,68,0,476,0,1,40,2,43,342,67,108,2,519,14,0,14,533
11/14/2022,SJC,CA,AWP,WE,Towers with Radar,348,77,57,0,482,0,2,16,6,24,348,79,73,6,506,40,0,40,546
11/15/2022,SJC,CA,AWP,WE,Towers with Radar,322,91,56,0,469,0,2,22,3,27,322,93,78,3,496,36,0,36,532
11/16/2022,SJC,CA,AWP,WE,Towers with Radar,325,80,60,0,465,0,0,27,4,31,325,80,87,4,496,30,0,30,526
11/17/2022,SJC,CA,AWP,WE,Towers with Radar,346,79,66,0,491,0,4,21,4,29,346,83,87,4,520,12,0,12,532
11/18/2022,SJC,CA,AWP,WE,Towers with Radar,346,83,86,0,515,0,4,37,2,43,346,87,123,2,558,30,0,30,588
11/19/2022,SJC,CA,AWP,WE,Towers with Radar,272,58,35,0,365,0,2,25,0,27,272,60,60,0,392,0,0,0,392
11/20/2022,SJC,CA,AWP,WE,Towers with Radar,353,52,48,0,453,0,1,31,3,35,353,53,79,3,488,24,0,24,512
11/21/2022,SJC,CA,AWP,WE,Towers with Radar,360,49,40,3,452,0,4,17,4,25,360,53,57,7,477,14,0,14,491
11/22/2022,SJC,CA,AWP,WE,Towers with Radar,337,48,61,0,446,0,1,31,5,37,337,49,92,5,483,20,12,32,515
11/23/2022,SJC,CA,AWP,WE,Towers with Radar,340,40,35,0,415,0,0,20,2,22,340,40,55,2,437,20,0,20,457
11/24/2022,SJC,CA,AWP,WE,Towers with Radar,251,23,10,0,284,0,0,8,0,8,251,23,18,0,292,2,0,2,294
11/25/2022,SJC,CA,AWP,WE,Towers with Radar,332,34,27,2,395,0,0,16,2,18,332,34,43,4,413,0,0,0,413
11/26/2022,SJC,CA,AWP,WE,Towers with Radar,274,52,51,0,377,0,0,25,0,25,274,52,76,0,402,0,0,0,402
11/27/2022,SJC,CA,AWP,WE,Towers with Radar,340,88,94,0,522,0,2,20,0,22,340,90,114,0,544,6,0,6,550
11/28/2022,SJC,CA,AWP,WE,Towers with Radar,337,96,58,0,491,0,0,14,4,18,337,96,72,4,509,0,0,0,509
11/29/2022,SJC,CA,AWP,WE,Towers with Radar,338,57,58,0,453,0,0,22,3,25,338,57,80,3,478,14,0,14,492
11/30/2022,SJC,CA,AWP,WE,Towers with Radar,294,78,65,0,437,0,2,29,7,38,294,80,94,7,475,2,0,2,477
12/01/2022,SJC,CA,AWP,WE,Towers with Radar,317,73,39,0,429,0,0,3,1,4,317,73,42,1,433,0,0,0,433
12/02/2022,SJC,CA,AWP,WE,Towers with Radar,316,61,53,3,433,0,3,24,4,31,316,64,77,7,464,0,0,0,464
12/03/2022,SJC,CA,AWP,WE,Towers with Radar,246,41,42,0,329,0,0,0,0,0,246,41,42,0,329,0,0,0,329
12/04/2022,SJC,CA,AWP,WE,Towers with Radar,336,44,56,2,438,0,1,16,2,19,336,45,72,4,457,0,0,0,457
12/05/2022,SJC,CA,AWP,WE,Towers with Radar,335,66,59,0,460,0,0,9,0,9,335,66,68,0,469,14,0,14,483
12/06/2022,SJC,CA,AWP,WE,Towers with Radar,312,78,55,0,445,0,1,26,0,27,312,79,81,0,472,0,0,0,472
12/07/2022,SJC,CA,AWP,WE,Towers with Radar,314,74,55,0,443,0,0,18,6,24,314,74,73,6,467,0,0,0,467
12/08/2022,SJC,CA,AWP,WE,Towers with Radar,337,85,62,4,488,0,0,16,0,16,337,85,78,4,504,0,0,0,504
12/09/2022,SJC,CA,AWP,WE,Towers with Radar,330,67,74,0,471,0,0,8,0,8,330,67,82,0,479,6,0,6,485
12/10/2022,SJC,CA,AWP,WE,Towers with Radar,243,36,24,0,303,0,0,0,0,0,243,36,24,0,303,0,0,0,303
12/11/2022,SJC,CA,AWP,WE,Towers with Radar,333,77,62,0,472,0,0,11,2,13,333,77,73,2,485,0,0,0,485
12/12/2022,SJC,CA,AWP,WE,Towers with Radar,337,62,54,0,453,0,0,12,0,12,337,62,66,0,465,28,0,28,493
12/13/2022,SJC,CA,AWP,WE,Towers with Radar,304,61,51,0,416,0,1,17,0,18,304,62,68,0,434,12,0,12,446
12/14/2022,SJC,CA,AWP,WE,Towers with Radar,312,78,41,0,431,0,1,27,1,29,312,79,68,1,460,10,0,10,470
12/15/2022,SJC,CA,AWP,WE,Towers with Radar,335,73,51,2,461,0,0,30,0,30,335,73,81,2,491,20,0,20,511
12/16/2022,SJC,CA,AWP,WE,Towers with Radar,348,90,58,1,497,0,0,17,0,17,348,90,75,1,514,0,0,0,514
12/17/2022,SJC,CA,AWP,WE,Towers with Radar,251,41,49,0,341,0,0,28,0,28,251,41,77,0,369,16,0,16,385
12/18/2022,SJC,CA,AWP,WE,Towers with Radar,342,45,41,0,428,0,0,28,0,28,342,45,69,0,456,0,0,0,456
12/19/2022,SJC,CA,AWP,WE,Towers with Radar,339,74,36,2,451,0,0,14,0,14,339,74,50,2,465,10,0,10,475
12/20/2022,SJC,CA,AWP,WE,Towers with Radar,333,56,43,0,432,0,0,23,0,23,333,56,66,0,455,0,0,0,455
12/21/2022,SJC,CA,AWP,WE,Towers with Radar,311,67,39,0,417,0,2,16,0,18,311,69,55,0,435,18,0,18,453
12/22/2022,SJC,CA,AWP,WE,Towers with Radar,300,68,48,0,416,0,0,24,0,24,300,68,72,0,440,20,0,20,460
12/23/2022,SJC,CA,AWP,WE,Towers with Radar,228,44,39,0,311,0,0,32,0,32,228,44,71,0,343,0,0,0,343
12/24/2022,SJC,CA,AWP,WE,Towers with Radar,156,31,34,0,221,0,0,6,0,6,156,31,40,0,227,0,0,0,227
12/25/2022,SJC,CA,AWP,WE,Towers with Radar,165,29,14,2,210,0,2,9,0,11,165,31,23,2,221,16,0,16,237
12/26/2022,SJC,CA,AWP,WE,Towers with Radar,165,57,66,0,288,0,0,9,0,9,165,57,75,0,297,0,0,0,297
12/27/2022,SJC,CA,AWP,WE,Towers with Radar,157,50,42,0,249,0,0,0,0,0,157,50,42,0,249,0,0,0,249
12/28/2022,SJC,CA,AWP,WE,Towers with Radar,171,42,41,0,254,0,0,18,0,18,171,42,59,0,272,4,0,4,276
12/29/2022,SJC,CA,AWP,WE,Towers with Radar,188,45,33,0,266,0,0,2,0,2,188,45,35,0,268,0,0,0,268
12/30/2022,SJC,CA,AWP,WE,Towers with Radar,330,48,24,0,402,0,0,1,0,1,330,48,25,0,403,24,0,24,427
12/31/2022,SJC,CA,AWP,WE,Towers with Radar,228,32,22,0,282,0,0,0,0,0,228,32,22,0,282,0,0,0,282
01/01/2023,SJC,CA,AWP,WE,Towers with Radar,335,55,54,0,444,0,1,23,0,24,335,56,77,0,468,14,0,14,482
01/02/2023,SJC,CA,AWP,WE,Towers with Radar,343,61,63,0,467,0,0,3,0,3,343,61,66,0,470,24,0,24,494
01/03/2023,SJC,CA,AWP,WE,Towers with Radar,327,52,39,0,418,0,1,8,0,9,327,53,47,0,427,0,0,0,427
01/04/2023,SJC,CA,AWP,WE,Towers with Radar,345,40,38,0,423,0,0,0,0,0,345,40,38,0,423,0,0,0,423
01/05/2023,SJC,CA,AWP,WE,Towers with Radar,343,34,33,3,413,0,0,4,0,4,343,34,37,3,417,0,0,0,417
01/06/2023,SJC,CA,AWP,WE,Towers with Radar,320,47,40,0,407,0,1,27,0,28,320,48,67,0,435,12,0,12,447
01/07/2023,SJC,CA,AWP,WE,Towers with Radar,236,43,38,2,319,0,3,10,0,13,236,46,48,2,332,0,0,0,332
01/08/2023,SJC,CA,AWP,WE,Towers with Radar,289,90,84,2,465,0,0,18,3,21,289,90,102,5,486,0,0,0,486
01/09/2023,SJC,CA,AWP,WE,Towers with Radar,333,67,46,0,446,0,1,6,0,7,333,68,52,0,453,0,0,0,453
01/10/2023,SJC,CA,AWP,WE,Towers with Radar,291,58,25,0,374,0,0,4,0,4,291,58,29,0,378,0,0,0,378
01/11/2023,SJC,CA,AWP,WE,Towers with Radar,295,93,38,2,428,0,2,7,0,9,295,95,45,2,437,26,0,26,463
01/12/2023,SJC,CA,AWP,WE,Towers with Radar,335,72,50,1,458,0,1,26,0,27,335,73,76,1,485,8,0,8,493
01/13/2023,SJC,CA,AWP,WE,Towers with Radar,330,56,38,0,424,0,0,3,0,3,330,56,41,0,427,0,0,0,427
01/14/2023,SJC,CA,AWP,WE,Towers with Radar,215,37,36,0,288,0,0,1,0,1,215,37,37,0,289,0,0,0,289
01/15/2023,SJC,CA,AWP,WE,Towers with Radar,267,34,27,0,328,0,0,7,0,7,267,34,34,0,335,12,0,12,347
01/16/2023,SJC,CA,AWP,WE,Towers with Radar,337,50,48,0,435,0,0,11,0,11,337,50,59,0,446,34,0,34,480
01/17/2023,SJC,CA,AWP,WE,Towers with Radar,289,60,63,8,420,0,2,30,1,33,289,62,93,9,453,0,0,0,453
01/18/2023,SJC,CA,AWP,WE,Towers with Radar,304,68,36,2,410,0,3,16,0,19,304,71,52,2,429,0,0,0,429
01/19/2023,SJC,CA,AWP,WE,Towers with Radar,340,51,42,6,439,0,0,12,0,12,340,51,54,6,451,0,0,0,451
01/20/2023,SJC,CA,AWP,WE,Towers with Radar,328,62,49,2,441,0,0,42,0,42,328,62,91,2,483,14,0,14,497
01/21/2023,SJC,CA,AWP,WE,Towers with Radar,218,27,45,2,292,0,0,26,0,26,218,27,71,2,318,64,0,64,382
01/22/2023,SJC,CA,AWP,WE,Towers with Radar,279,105,132,2,518,0,0,34,2,36,279,105,166,4,554,10,0,10,564
01/23/2023,SJC,CA,AWP,WE,Towers with Radar,336,56,56,0,448,0,0,28,0,28,336,56,84,0,476,8,0,8,484
01/24/2023,SJC,CA,AWP,WE,Towers with Radar,294,50,52,2,398,0,3,28,0,31,294,53,80,2,429,2,0,2,431
01/25/2023,SJC,CA,AWP,WE,Towers with Radar,298,71,70,3,442,0,3,38,0,41,298,74,108,3,483,6,0,6,489
01/26/2023,SJC,CA,AWP,WE,Towers with Radar,342,63,53,1,459,0,1,20,0,21,342,64,73,1,480,0,0,0,480
01/27/2023,SJC,CA,AWP,WE,Towers with Radar,332,54,49,4,439,0,2,42,0,44,332,56,91,4,483,14,0,14,497
01/28/2023,SJC,CA,AWP,WE,Towers with Radar,221,43,44,0,308,0,2,17,0,19,221,45,61,0,327,0,0,0,327
01/29/2023,SJC,CA,AWP,WE,Towers with Radar,279,56,50,0,385,0,1,12,0,13,279,57,62,0,398,30,0,30,428
01/30/2023,SJC,CA,AWP,WE,Towers with Radar,319,73,49,1,442,0,2,23,2,27,319,75,72,3,469,24,2,26,495
01/31/2023,SJC,CA,AWP,WE,Towers with Radar,276,55,48,0,379,0,1,20,0,21,276,56,68,0,400,6,0,6,406
02/01/2023,SJC,CA,AWP,WE,Towers with Radar,290,70,68,0,428,0,0,31,0,31,290,70,99,0,459,40,0,40,499
02/02/2023,SJC,CA,AWP,WE,Towers with Radar,339,72,45,0,456,0,1,33,0,34,339,73,78,0,490,18,0,18,508
02/03/2023,SJC,CA,AWP,WE,Towers with Radar,334,55,37,0,426,0,0,13,2,15,334,55,50,2,441,30,0,30,471
02/04/2023,SJC,CA,AWP,WE,Towers with Radar,219,45,30,0,294,0,0,10,0,10,219,45,40,0,304,0,0,0,304
02/05/2023,SJC,CA,AWP,WE,Towers with Radar,283,61,32,0,376,0,0,8,0,8,283,61,40,0,384,2,0,2,386
02/06/2023,SJC,CA,AWP,WE,Towers with Radar,338,59,52,0,449,1,2,25,0,28,339,61,77,0,477,16,0,16,493
02/07/2023,SJC,CA,AWP,WE,Towers with Radar,302,60,62,0,424,0,3,26,0,29,302,63,88,0,453,16,0,16,469
02/08/2023,SJC,CA,AWP,WE,Towers with Radar,307,73,46,0,426,0,1,34,0,35,307,74,80,0,461,26,0,26,487
02/09/2023,SJC,CA,AWP,WE,Towers with Radar,343,55,45,0,443,0,0,34,0,34,343,55,79,0,477,10,0,10,487
02/10/2023,SJC,CA,AWP,WE,Towers with Radar,328,77,50,0,455,0,0,29,0,29,328,77,79,0,484,12,0,12,496
02/11/2023,SJC,CA,AWP,WE,Towers with Radar,217,68,31,0,316,0,0,17,0,17,217,68,48,0,333,14,0,14,347
02/12/2023,SJC,CA,AWP,WE,Towers with Radar,275,55,37,0,367,0,0,30,0,30,275,55,67,0,397,0,0,0,397
02/13/2023,SJC,CA,AWP,WE,Towers with Radar,334,76,55,0,465,0,0,21,0,21,334,76,76,0,486,0,0,0,486
02/14/2023,SJC,CA,AWP,WE,Towers with Radar,295,55,36,0,386,0,1,27,2,30,295,56,63,2,416,6,0,6,422
02/15/2023,SJC,CA,AWP,WE,Towers with Radar,308,84,43,0,435,0,1,31,0,32,308,85,74,0,467,34,0,34,501
02/16/2023,SJC,CA,AWP,WE,Towers with Radar,341,99,70,0,510,0,2,19,0,21,341,101,89,0,531,0,0,0,531
02/17/2023,SJC,CA,AWP,WE,Towers with Radar,323,89,71,0,483,0,0,44,0,44,323,89,115,0,527,6,0,6,533
02/18/2023,SJC,CA,AWP,WE,Towers with Radar,218,52,49,0,319,0,0,21,0,21,218,52,70,0,340,26,0,26,366
02/19/2023,SJC,CA,AWP,WE,Towers with Radar,273,46,41,0,360,0,0,34,0,34,273,46,75,0,394,14,0,14,408
02/20/2023,SJC,CA,AWP,WE,Towers with Radar,340,53,65,0,458,0,0,37,0,37,340,53,102,0,495,26,0,26,521
02/21/2023,SJC,CA,AWP,WE,Towers with Radar,301,57,43,0,401,0,2,8,0,10,301,59,51,0,411,8,0,8,419
02/22/2023,SJC,CA,AWP,WE,Towers with Radar,292,76,33,0,401,0,1,8,2,11,292,77,41,2,412,0,0,0,412
02/23/2023,SJC,CA,AWP,WE,Towers with Radar,333,66,55,0,454,0,0,13,0,13,333,66,68,0,467,18,0,18,485
02/24/2023,SJC,CA,AWP,WE,Towers with Radar,318,74,42,0,434,0,0,9,0,9,318,74,51,0,443,0,0,0,443
02/25/2023,SJC,CA,AWP,WE,Towers with Radar,221,71,40,0,332,0,0,12,0,12,221,71,52,0,344,14,0,14,358
02/26/2023,SJC,CA,AWP,WE,Towers with Radar,280,72,50,0,402,0,0,9,0,9,280,72,59,0,411,22,0,22,433
02/27/2023,SJC,CA,AWP,WE,Towers with Radar,338,70,28,0,436,0,4,5,0,9,338,74,33,0,445,0,0,0,445
02/28/2023,SJC,CA,AWP,WE,Towers with Radar,301,69,30,2,402,0,0,6,0,6,301,69,36,2,408,0,0,0,408
03/01/2023,SJC,CA,AWP,WE,Towers with Radar,305,78,42,0,425,0,0,20,0,20,305,78,62,0,445,22,0,22,467
03/02/2023,SJC,CA,AWP,WE,Towers with Radar,340,61,49,0,450,0,0,33,0,33,340,61,82,0,483,12,0,12,495
03/03/2023,SJC,CA,AWP,WE,Towers with Radar,324,60,43,0,427,0,0,17,1,18,324,60,60,1,445,0,0,0,445
03/04/2023,SJC,CA,AWP,WE,Towers with Radar,215,38,15,0,268,0,0,1,0,1,215,38,16,0,269,0,0,0,269
03/05/2023,SJC,CA,AWP,WE,Towers with Radar,281,64,36,2,383,0,0,5,0,5,281,64,41,2,388,36,0,36,424
03/06/2023,SJC,CA,AWP,WE,Towers with Radar,333,66,43,0,442,0,0,8,0,8,333,66,51,0,450,6,0,6,456
03/07/2023,SJC,CA,AWP,WE,Towers with Radar,290,65,32,0,387,0,0,10,0,10,290,65,42,0,397,24,0,24,421
03/08/2023,SJC,CA,AWP,WE,Towers with Radar,303,80,67,0,450,0,3,10,0,13,303,83,77,0,463,0,0,0,463
03/09/2023,SJC,CA,AWP,WE,Towers with Radar,373,91,52,0,516,0,0,2,0,2,373,91,54,0,518,16,0,16,534
03/10/2023,SJC,CA,AWP,WE,Towers with Radar,319,66,41,2,428,0,0,1,0,1,319,66,42,2,429,0,0,0,429
03/11/2023,SJC,CA,AWP,WE,Towers with Radar,222,33,34,0,289,0,0,4,0,4,222,33,38,0,293,18,0,18,311
03/12/2023,SJC,CA,AWP,WE,Towers with Radar,272,67,46,0,385,0,0,2,0,2,272,67,48,0,387,0,0,0,387
03/13/2023,SJC,CA,AWP,WE,Towers with Radar,332,48,49,2,431,0,0,3,0,3,332,48,52,2,434,4,0,4,438
03/14/2023,SJC,CA,AWP,WE,Towers with Radar,301,36,30,0,367,0,0,3,0,3,301,36,33,0,370,0,0,0,370
03/15/2023,SJC,CA,AWP,WE,Towers with Radar,287,70,58,0,415,0,0,23,0,23,287,70,81,0,438,0,0,0,438
03/16/2023,SJC,CA,AWP,WE,Towers with Radar,337,63,59,0,459,0,0,32,0,32,337,63,91,0,491,2,0,2,493
03/17/2023,SJC,CA,AWP,WE,Towers with Radar,337,63,46,0,446,0,2,23,0,25,337,65,69,0,471,0,0,0,471
03/18/2023,SJC,CA,AWP,WE,Towers with Radar,232,32,29,1,294,0,0,12,0,12,232,32,41,1,306,0,0,0,306
03/19/2023,SJC,CA,AWP,WE,Towers with Radar,279,53,60,0,392,0,0,0,0,0,279,53,60,0,392,0,0,0,392
03/20/2023,SJC,CA,AWP,WE,Towers with Radar,333,46,43,0,422,0,0,4,0,4,333,46,47,0,426,32,0,32,458
03/21/2023,SJC,CA,AWP,WE,Towers with Radar,314,49,32,0,395,0,0,0,0,0,314,49,32,0,395,0,0,0,395
03/22/2023,SJC,CA,AWP,WE,Towers with Radar,301,53,46,0,400,0,0,8,3,11,301,53,54,3,411,22,0,22,433
03/23/2023,SJC,CA,AWP,WE,Towers with Radar,342,63,61,1,467,0,0,15,0,15,342,63,76,1,482,26,0,26,508
03/24/2023,SJC,CA,AWP,WE,Towers with Radar,328,38,54,0,420,0,2,40,0,42,328,40,94,0,462,36,0,36,498
03/25/2023,SJC,CA,AWP,WE,Towers with Radar,228,38,45,2,313,0,2,17,0,19,228,40,62,2,332,2,0,2,334
03/26/2023,SJC,CA,AWP,WE,Towers with Radar,279,63,65,0,407,0,0,29,0,29,279,63,94,0,436,22,0,22,458
03/27/2023,SJC,CA,AWP,WE,Towers with Radar,343,52,46,0,441,0,1,22,0,23,343,53,68,0,464,0,0,0,464
03/28/2023,SJC,CA,AWP,WE,Towers with Radar,300,53,20,0,373,0,1,0,0,1,300,54,20,0,374,0,0,0,374
03/29/2023,SJC,CA,AWP,WE,Towers with Radar,302,55,41,0,398,0,0,3,0,3,302,55,44,0,401,0,0,0,401
03/30/2023,SJC,CA,AWP,WE,Towers with Radar,339,74,45,4,462,0,0,10,0,10,339,74,55,4,472,24,0,24,496
03/31/2023,SJC,CA,AWP,WE,Towers with Radar,329,56,54,0,439,0,1,34,2,37,329,57,88,2,476,2,0,2,478
04/01/2023,SJC,CA,AWP,WE,Towers with Radar,221,45,31,0,297,0,0,18,0,18,221,45,49,0,315,8,0,8,323
04/02/2023,SJC,CA,AWP,WE,Towers with Radar,273,43,57,0,373,0,0,8,0,8,273,43,65,0,381,0,0,0,381
04/03/2023,SJC,CA,AWP,WE,Towers with Radar,346,56,56,0,458,0,2,9,0,11,346,58,65,0,469,0,0,0,469
04/04/2023,SJC,CA,AWP,WE,Towers with Radar,300,71,51,0,422,0,2,31,0,33,300,73,82,0,455,20,0,20,475
04/05/2023,SJC,CA,AWP,WE,Towers with Radar,295,65,46,0,406,0,0,32,0,32,295,65,78,0,438,42,0,42,480
04/06/2023,SJC,CA,AWP,WE,Towers with Radar,334,66,48,0,448,0,1,24,0,25,334,67,72,0,473,0,0,0,473
04/07/2023,SJC,CA,AWP,WE,Towers with Radar,332,59,40,0,431,0,0,11,0,11,332,59,51,0,442,6,0,6,448
04/08/2023,SJC,CA,AWP,WE,Towers with Radar,227,44,41,0,312,0,2,20,0,22,227,46,61,0,334,34,12,46,380
04/09/2023,SJC,CA,AWP,WE,Towers with Radar,271,43,43,0,357,0,2,30,0,32,271,45,73,0,389,24,0,24,413
04/10/2023,SJC,CA,AWP,WE,Towers with Radar,334,52,68,0,454,0,0,17,0,17,334,52,85,0,471,6,0,6,477
04/11/2023,SJC,CA,AWP,WE,Towers with Radar,336,56,45,0,437,0,5,9,2,16,336,61,54,2,453,0,0,0,453
04/12/2023,SJC,CA,AWP,WE,Towers with Radar,332,46,38,0,416,0,2,13,0,15,332,48,51,0,431,0,0,0,431
04/13/2023,SJC,CA,AWP,WE,Towers with Radar,354,71,57,0,482,0,2,25,0,27,354,73,82,0,509,26,0,26,535
04/14/2023,SJC,CA,AWP,WE,Towers with Radar,350,54,41,0,445,0,1,29,0,30,350,55,70,0,475,20,0,20,495
04/15/2023,SJC,CA,AWP,WE,Towers with Radar,235,65,46,0,346,0,0,27,0,27,235,65,73,0,373,38,0,38,411
04/16/2023,SJC,CA,AWP,WE,Towers with Radar,277,65,61,0,403,0,0,38,0,38,277,65,99,0,441,0,0,0,441
04/17/2023,SJC,CA,AWP,WE,Towers with Radar,355,54,53,0,462,0,1,19,0,20,355,55,72,0,482,8,0,8,490
04/18/2023,SJC,CA,AWP,WE,Towers with Radar,324,50,44,0,418,0,0,24,0,24,324,50,68,0,442,6,0,6,448
04/19/2023,SJC,CA,AWP,WE,Towers with Radar,324,64,30,0,418,0,0,45,0,45,324,64,75,0,463,44,0,44,507
04/20/2023,SJC,CA,AWP,WE,Towers with Radar,323,71,63,0,457,0,1,29,0,30,323,72,92,0,487,24,0,24,511
04/21/2023,SJC,CA,AWP,WE,Towers with Radar,331,56,44,2,433,0,4,42,0,46,331,60,86,2,479,26,0,26,505
04/22/2023,SJC,CA,AWP,WE,Towers with Radar,216,35,30,0,281,0,1,30,0,31,216,36,60,0,312,0,0,0,312
04/23/2023,SJC,CA,AWP,WE,Towers with Radar,268,58,57,0,383,0,2,16,0,18,268,60,73,0,401,0,0,0,401
04/24/2023,SJC,CA,AWP,WE,Towers with Radar,333,47,47,1,428,0,0,26,1,27,333,47,73,2,455,2,0,2,457
04/25/2023,SJC,CA,AWP,WE,Towers with Radar,324,51,62,0,437,0,5,25,0,30,324,56,87,0,467,34,0,34,501
04/26/2023,SJC,CA,AWP,WE,Towers with Radar,327,58,50,0,435,0,0,33,0,33,327,58,83,0,468,14,0,14,482
04/27/2023,SJC,CA,AWP,WE,Towers with Radar,339,70,39,0,448,0,3,28,0,31,339,73,67,0,479,26,0,26,505
04/28/2023,SJC,CA,AWP,WE,Towers with Radar,328,65,52,0,445,0,3,39,0,42,328,68,91,0,487,24,0,24,511
04/29/2023,SJC,CA,AWP,WE,Towers with Radar,221,29,35,0,285,0,0,16,0,16,221,29,51,0,301,12,0,12,313
04/30/2023,SJC,CA,AWP,WE,Towers with Radar,263,36,54,0,353,0,0,19,0,19,263,36,73,0,372,30,0,30,402
05/01/2023,SJC,CA,AWP,WE,Towers with Radar,332,67,55,2,456,0,0,6,0,6,332,67,61,2,462,0,0,0,462
05/02/2023,SJC,CA,AWP,WE,Towers with Radar,323,58,46,0,427,0,0,7,0,7,323,58,53,0,434,4,0,4,438
05/03/2023,SJC,CA,AWP,WE,Towers with Radar,325,74,51,0,450,0,2,11,0,13,325,76,62,0,463,0,0,0,463
05/04/2023,SJC,CA,AWP,WE,Towers with Radar,333,54,32,0,419,0,0,4,0,4,333,54,36,0,423,0,0,0,423
05/05/2023,SJC,CA,AWP,WE,Towers with Radar,331,61,66,0,458,0,2,9,0,11,331,63,75,0,469,0,0,0,469
05/06/2023,SJC,CA,AWP,WE,Towers with Radar,223,41,27,0,291,0,0,12,2,14,223,41,39,2,305,0,0,0,305
05/07/2023,SJC,CA,AWP,WE,Towers with Radar,266,58,58,0,382,0,1,17,0,18,266,59,75,0,400,16,0,16,416
05/08/2023,SJC,CA,AWP,WE,Towers with Radar,339,47,51,0,437,0,2,18,0,20,339,49,69,0,457,0,0,0,457
05/09/2023,SJC,CA,AWP,WE,Towers with Radar,329,76,49,2,456,0,0,24,0,24,329,76,73,2,480,16,0,16,496
05/10/2023,SJC,CA,AWP,WE,Towers with Radar,329,61,57,1,448,0,1,28,0,29,329,62,85,1,477,16,0,16,493
05/11/2023,SJC,CA,AWP,WE,Towers with Radar,344,75,63,6,488,0,1,23,0,24,344,76,86,6,512,32,0,32,544
05/12/2023,SJC,CA,AWP,WE,Towers with Radar,331,56,52,0,439,0,2,23,0,25,331,58,75,0,464,0,0,0,464
05/13/2023,SJC,CA,AWP,WE,Towers with Radar,226,30,39,0,295,0,0,22,0,22,226,30,61,0,317,2,0,2,319
05/14/2023,SJC,CA,AWP,WE,Towers with Radar,267,46,51,1,365,0,0,23,0,23,267,46,74,1,388,4,0,4,392
05/15/2023,SJC,CA,AWP,WE,Towers with Radar,350,56,64,0,470,0,0,22,0,22,350,56,86,0,492,28,0,28,520
05/16/2023,SJC,CA,AWP,WE,Towers with Radar,335,56,51,0,442,0,2,22,0,24,335,58,73,0,466,44,0,44,510
05/17/2023,SJC,CA,AWP,WE,Towers with Radar,333,66,59,0,458,0,6,31,0,37,333,72,90,0,495,48,0,48,543
05/18/2023,SJC,CA,AWP,WE,Towers with Radar,337,68,54,0,459,0,4,17,0,21,337,72,71,0,480,0,0,0,480
05/19/2023,SJC,CA,AWP,WE,Towers with Radar,338,65,57,0,460,0,2,27,0,29,338,67,84,0,489,0,0,0,489
05/20/2023,SJC,CA,AWP,WE,Towers with Radar,229,41,32,0,302,0,0,24,0,24,229,41,56,0,326,48,0,48,374
05/21/2023,SJC,CA,AWP,WE,Towers with Radar,279,66,65,0,410,0,0,15,0,15,279,66,80,0,425,2,0,2,427
05/22/2023,SJC,CA,AWP,WE,Towers with Radar,341,76,70,0,487,0,0,16,0,16,341,76,86,0,503,12,0,12,515
05/23/2023,SJC,CA,AWP,WE,Towers with Radar,332,73,48,0,453,0,0,19,0,19,332,73,67,0,472,0,0,0,472
05/24/2023,SJC,CA,AWP,WE,Towers with Radar,339,73,44,0,456,0,1,20,0,21,339,74,64,0,477,0,0,0,477
05/25/2023,SJC,CA,AWP,WE,Towers with Radar,345,63,66,0,474,0,0,28,0,28,345,63,94,0,502,70,0,70,572
05/26/2023,SJC,CA,AWP,WE,Towers with Radar,341,67,50,0,458,0,2,24,0,26,341,69,74,0,484,26,0,26,510
05/27/2023,SJC,CA,AWP,WE,Towers with Radar,224,45,38,0,307,0,0,17,0,17,224,45,55,0,324,4,0,4,328
05/28/2023,SJC,CA,AWP,WE,Towers with Radar,254,37,29,0,320,0,0,7,0,7,254,37,36,0,327,0,0,0,327
05/29/2023,SJC,CA,AWP,WE,Towers with Radar,331,71,51,0,453,0,3,26,3,32,331,74,77,3,485,30,0,30,515
05/30/2023,SJC,CA,AWP,WE,Towers with Radar,335,54,39,0,428,0,2,10,0,12,335,56,49,0,440,0,0,0,440
05/31/2023,SJC,CA,AWP,WE,Towers with Radar,341,52,38,0,431,0,1,13,0,14,341,53,51,0,445,20,0,20,465
06/01/2023,SJC,CA,AWP,WE,Towers with Radar,346,51,56,0,453,0,0,25,0,25,346,51,81,0,478,46,0,46,524
06/02/2023,SJC,CA,AWP,WE,Towers with Radar,339,42,50,0,431,0,4,28,0,32,339,46,78,0,463,14,0,14,477
06/03/2023,SJC,CA,AWP,WE,Towers with Radar,230,38,44,0,312,0,0,26,0,26,230,38,70,0,338,4,0,4,342
06/04/2023,SJC,CA,AWP,WE,Towers with Radar,278,40,54,0,372,0,1,31,0,32,278,41,85,0,404,6,0,6,410
06/05/2023,SJC,CA,AWP,WE,Towers with Radar,332,61,39,0,432,0,0,19,0,19,332,61,58,0,451,0,0,0,451
06/06/2023,SJC,CA,AWP,WE,Towers with Radar,329,59,50,0,438,0,0,15,0,15,329,59,65,0,453,4,0,4,457
06/07/2023,SJC,CA,AWP,WE,Towers with Radar,344,59,53,0,456,0,0,17,0,17,344,59,70,0,473,10,0,10,483
06/08/2023,SJC,CA,AWP,WE,Towers with Radar,346,70,48,0,464,0,0,19,0,19,346,70,67,0,483,0,0,0,483
06/09/2023,SJC,CA,AWP,WE,Towers with Radar,351,53,51,0,455,0,1,22,0,23,351,54,73,0,478,10,0,10,488
06/10/2023,SJC,CA,AWP,WE,Towers with Radar,263,41,45,0,349,0,1,19,0,20,263,42,64,0,369,16,0,16,385
06/11/2023,SJC,CA,AWP,WE,Towers with Radar,284,46,58,0,388,0,0,16,0,16,284,46,74,0,404,0,0,0,404
06/12/2023,SJC,CA,AWP,WE,Towers with Radar,344,60,48,0,452,0,1,21,0,22,344,61,69,0,474,12,0,12,486
06/13/2023,SJC,CA,AWP,WE,Towers with Radar,344,52,46,0,442,0,0,23,0,23,344,52,69,0,465,0,0,0,465
06/14/2023,SJC,CA,AWP,WE,Towers with Radar,348,59,65,0,472,0,3,16,0,19,348,62,81,0,491,0,0,0,491
06/15/2023,SJC,CA,AWP,WE,Towers with Radar,342,64,58,1,465,0,2,34,0,36,342,66,92,1,501,26,0,26,527
06/16/2023,SJC,CA,AWP,WE,Towers with Radar,346,56,58,0,460,0,2,29,0,31,346,58,87,0,491,8,0,8,499
06/17/2023,SJC,CA,AWP,WE,Towers with Radar,245,43,39,0,327,0,0,20,0,20,245,43,59,0,347,0,0,0,347
06/18/2023,SJC,CA,AWP,WE,Towers with Radar,285,66,53,0,404,0,0,23,1,24,285,66,76,1,428,8,0,8,436
06/19/2023,SJC,CA,AWP,WE,Towers with Radar,347,78,55,1,481,0,0,25,0,25,347,78,80,1,506,0,0,0,506
06/20/2023,SJC,CA,AWP,WE,Towers with Radar,336,75,60,0,471,0,0,22,0,22,336,75,82,0,493,24,0,24,517
06/21/2023,SJC,CA,AWP,WE,Towers with Radar,328,62,44,1,435,0,0,29,0,29,328,62,73,1,464,30,0,30,494
06/22/2023,SJC,CA,AWP,WE,Towers with Radar,343,66,53,1,463,0,1,23,1,25,343,67,76,2,488,62,0,62,550
06/23/2023,SJC,CA,AWP,WE,Towers with Radar,346,69,58,0,473,0,2,30,0,32,346,71,88,0,505,0,0,0,505
06/24/2023,SJC,CA,AWP,WE,Towers with Radar,256,39,39,1,335,0,0,26,0,26,256,39,65,1,361,0,0,0,361
06/25/2023,SJC,CA,AWP,WE,Towers with Radar,281,61,52,0,394,0,1,28,0,29,281,62,80,0,423,12,0,12,435
06/26/2023,SJC,CA,AWP,WE,Towers with Radar,346,63,37,0,446,0,0,20,0,20,346,63,57,0,466,2,0,2,468
06/27/2023,SJC,CA,AWP,WE,Towers with Radar,330,54,67,0,451,0,4,11,0,15,330,58,78,0,466,0,0,0,466
06/28/2023,SJC,CA,AWP,WE,Towers with Radar,338,74,48,0,460,0,0,18,0,18,338,74,66,0,478,0,0,0,478
06/29/2023,SJC,CA,AWP,WE,Towers with Radar,343,77,60,0,480,0,0,35,0,35,343,77,95,0,515,16,0,16,531
06/30/2023,SJC,CA,AWP,WE,Towers with Radar,349,50,60,0,459,0,2,30,1,33,349,52,90,1,492,22,0,22,514
07/01/2023,SJC,CA,AWP,WE,Towers with Radar,253,54,37,0,344,0,0,27,0,27,253,54,64,0,371,58,0,58,429
07/02/2023,SJC,CA,AWP,WE,Towers with Radar,270,44,27,0,341,0,0,12,0,12,270,44,39,0,353,14,0,14,367
07/03/2023,SJC,CA,AWP,WE,Towers with Radar,338,25,24,0,387,0,5,13,0,18,338,30,37,0,405,0,0,0,405
07/04/2023,SJC,CA,AWP,WE,Towers with Radar,317,32,21,0,370,0,0,12,0,12,317,32,33,0,382,6,0,6,388
07/05/2023,SJC,CA,AWP,WE,Towers with Radar,347,63,47,0,457,0,0,21,0,21,347,63,68,0,478,0,0,0,478
07/06/2023,SJC,CA,AWP,WE,Towers with Radar,353,61,43,0,457,0,0,19,0,19,353,61,62,0,476,6,0,6,482
07/07/2023,SJC,CA,AWP,WE,Towers with Radar,349,43,44,0,436,0,0,27,3,30,349,43,71,3,466,36,0,36,502
07/08/2023,SJC,CA,AWP,WE,Towers with Radar,245,51,40,1,337,0,0,24,2,26,245,51,64,3,363,2,0,2,365
07/09/2023,SJC,CA,AWP,WE,Towers with Radar,281,67,53,0,401,0,5,19,0,24,281,72,72,0,425,28,0,28,453
07/10/2023,SJC,CA,AWP,WE,Towers with Radar,358,59,52,0,469,0,2,17,0,19,358,61,69,0,488,0,0,0,488
07/11/2023,SJC,CA,AWP,WE,Towers with Radar,328,66,54,0,448,0,4,25,0,29,328,70,79,0,477,16,0,16,493
07/12/2023,SJC,CA,AWP,WE,Towers with Radar,327,68,67,0,462,0,0,26,0,26,327,68,93,0,488,0,0,0,488
07/13/2023,SJC,CA,AWP,WE,Towers with Radar,352,65,64,0,481,0,2,27,1,30,352,67,91,1,511,2,0,2,513
07/14/2023,SJC,CA,AWP,WE,Towers with Radar,348,52,48,0,448,0,1,20,0,21,348,53,68,0,469,0,0,0,469
07/15/2023,SJC,CA,AWP,WE,Towers with Radar,237,46,44,0,327,0,1,25,0,26,237,47,69,0,353,8,0,8,361
07/16/2023,SJC,CA,AWP,WE,Towers with Radar,283,53,55,0,391,0,0,21,0,21,283,53,76,0,412,30,0,30,442
07/17/2023,SJC,CA,AWP,WE,Towers with Radar,351,54,56,2,463,0,0,12,0,12,351,54,68,2,475,8,0,8,483
07/18/2023,SJC,CA,AWP,WE,Towers with Radar,326,42,49,0,417,0,0,24,0,24,326,42,73,0,441,6,0,6,447
07/19/2023,SJC,CA,AWP,WE,Towers with Radar,330,51,61,0,442,0,2,26,0,28,330,53,87,0,470,38,0,38,508
07/20/2023,SJC,CA,AWP,WE,Towers with Radar,344,64,64,0,472,0,0,31,0,31,344,64,95,0,503,54,0,54,557
07/21/2023,SJC,CA,AWP,WE,Towers with Radar,353,43,55,0,451,0,0,40,0,40,353,43,95,0,491,52,0,52,543
07/22/2023,SJC,CA,AWP,WE,Towers with Radar,239,39,34,0,312,0,0,21,0,21,239,39,55,0,333,20,0,20,353
07/23/2023,SJC,CA,AWP,WE,Towers with Radar,282,50,46,2,380,0,5,23,0,28,282,55,69,2,408,0,0,0,408
07/24/2023,SJC,CA,AWP,WE,Towers with Radar,346,51,55,2,454,0,1,11,0,12,346,52,66,2,466,42,0,42,508
07/25/2023,SJC,CA,AWP,WE,Towers with Radar,322,55,32,0,409,0,1,19,0,20,322,56,51,0,429,0,0,0,429
07/26/2023,SJC,CA,AWP,WE,Towers with Radar,326,53,59,0,438,0,0,26,0,26,326,53,85,0,464,30,0,30,494
07/27/2023,SJC,CA,AWP,WE,Towers with Radar,353,59,55,0,467,0,0,42,0,42,353,59,97,0,509,8,0,8,517
07/28/2023,SJC,CA,AWP,WE,Towers with Radar,351,53,54,0,458,0,0,54,0,54,351,53,108,0,512,0,0,0,512
07/29/2023,SJC,CA,AWP,WE,Towers with Radar,237,66,45,0,348,0,0,30,0,30,237,66,75,0,378,36,0,36,414
07/30/2023,SJC,CA,AWP,WE,Towers with Radar,284,66,43,0,393,0,1,28,0,29,284,67,71,0,422,0,0,0,422
07/31/2023,SJC,CA,AWP,WE,Towers with Radar,342,36,38,0,416,0,0,18,0,18,342,36,56,0,434,14,0,14,448
08/01/2023,SJC,CA,AWP,WE,Towers with Radar,322,49,38,0,409,0,0,20,0,20,322,49,58,0,429,14,8,22,451
08/02/2023,SJC,CA,AWP,WE,Towers with Radar,329,66,57,0,452,0,4,30,0,34,329,70,87,0,486,26,0,26,512
08/03/2023,SJC,CA,AWP,WE,Towers with Radar,351,65,55,0,471,0,3,22,0,25,351,68,77,0,496,22,0,22,518
08/04/2023,SJC,CA,AWP,WE,Towers with Radar,350,59,42,1,452,0,2,25,0,27,350,61,67,1,479,24,0,24,503
08/05/2023,SJC,CA,AWP,WE,Towers with Radar,234,41,33,0,308,0,0,22,0,22,234,41,55,0,330,0,0,0,330
08/06/2023,SJC,CA,AWP,WE,Towers with Radar,272,58,44,0,374,0,3,29,0,32,272,61,73,0,406,4,0,4,410
08/07/2023,SJC,CA,AWP,WE,Towers with Radar,348,56,48,0,452,0,2,18,0,20,348,58,66,0,472,52,0,52,524
08/08/2023,SJC,CA,AWP,WE,Towers with Radar,328,63,37,0,428,0,0,19,0,19,328,63,56,0,447,20,0,20,467
08/09/2023,SJC,CA,AWP,WE,Towers with Radar,329,62,42,0,433,0,0,18,0,18,329,62,60,0,451,4,0,4,455
08/10/2023,SJC,CA,AWP,WE,Towers with Radar,353,81,65,0,499,0,0,31,1,32,353,81,96,1,531,8,0,8,539
08/11/2023,SJC,CA,AWP,WE,Towers with Radar,354,52,32,0,438,0,0,25,0,25,354,52,57,0,463,0,0,0,463
08/12/2023,SJC,CA,AWP,WE,Towers with Radar,236,39,36,0,311,0,0,17,0,17,236,39,53,0,328,18,0,18,346
08/13/2023,SJC,CA,AWP,WE,Towers with Radar,284,56,49,0,389,0,0,18,0,18,284,56,67,0,407,0,0,0,407
08/14/2023,SJC,CA,AWP,WE,Towers with Radar,344,43,38,0,425,0,0,18,0,18,344,43,56,0,443,32,0,32,475
08/15/2023,SJC,CA,AWP,WE,Towers with Radar,326,60,53,0,439,0,0,21,0,21,326,60,74,0,460,4,0,4,464
08/16/2023,SJC,CA,AWP,WE,Towers with Radar,328,55,54,0,437,0,4,24,0,28,328,59,78,0,465,6,0,6,471
08/17/2023,SJC,CA,AWP,WE,Towers with Radar,344,77,43,2,466,1,0,24,0,25,345,77,67,2,491,10,0,10,501
08/18/2023,SJC,CA,AWP,WE,Towers with Radar,334,53,48,0,435,0,0,24,0,24,334,53,72,0,459,0,0,0,459
08/19/2023,SJC,CA,AWP,WE,Towers with Radar,240,31,42,0,313,0,0,17,0,17,240,31,59,0,330,0,0,0,330
08/20/2023,SJC,CA,AWP,WE,Towers with Radar,261,71,47,0,379,0,0,14,0,14,261,71,61,0,393,24,0,24,417
08/21/2023,SJC,CA,AWP,WE,Towers with Radar,320,47,38,0,405,0,0,6,0,6,320,47,44,0,411,4,0,4,415
08/22/2023,SJC,CA,AWP,WE,Towers with Radar,328,54,58,0,440,0,1,18,1,20,328,55,76,1,460,24,0,24,484
08/23/2023,SJC,CA,AWP,WE,Towers with Radar,329,61,50,1,441,0,3,28,1,32,329,64,78,2,473,36,2,38,511
08/24/2023,SJC,CA,AWP,WE,Towers with Radar,355,70,51,1,477,0,0,39,1,40,355,70,90,2,517,0,0,0,517
08/25/2023,SJC,CA,AWP,WE,Towers with Radar,347,49,45,0,441,0,1,25,0,26,347,50,70,0,467,0,0,0,467
08/26/2023,SJC,CA,AWP,WE,Towers with Radar,238,38,34,0,310,0,0,13,3,16,238,38,47,3,326,28,0,28,354
08/27/2023,SJC,CA,AWP,WE,Towers with Radar,332,48,47,0,427,0,0,26,0,26,332,48,73,0,453,44,0,44,497
08/28/2023,SJC,CA,AWP,WE,Towers with Radar,338,58,39,0,435,0,0,17,0,17,338,58,56,0,452,0,0,0,452
08/29/2023,SJC,CA,AWP,WE,Towers with Radar,332,65,48,0,445,0,0,26,0,26,332,65,74,0,471,38,0,38,509
08/30/2023,SJC,CA,AWP,WE,Towers with Radar,330,56,48,0,434,0,5,30,0,35,330,61,78,0,469,2,0,2,471
08/31/2023,SJC,CA,AWP,WE,Towers with Radar,343,70,54,0,467,0,1,22,0,23,343,71,76,0,490,4,0,4,494
