01/01/2020,SJT,TX,ASW,CE,Federal Contract Tower,8,6,8,0,22,0,0,9,0,9,8,6,17,0,31,8,0,8,39
01/02/2020,SJT,TX,ASW,CE,Federal Contract Tower,9,9,18,0,36,0,0,14,0,14,9,9,32,0,50,10,0,10,60
01/03/2020,SJT,TX,ASW,CE,Federal Contract Tower,6,13,7,25,51,0,0,24,13,37,6,13,31,38,88,6,138,144,232
01/04/2020,SJT,TX,ASW,CE,Federal Contract Tower,8,6,14,3,31,0,0,49,0,49,8,6,63,3,80,30,4,34,114
01/05/2020,SJT,TX,ASW,CE,Federal Contract Tower,8,0,12,0,20,0,0,27,0,27,8,0,39,0,47,14,0,14,61
01/06/2020,SJT,TX,ASW,CE,Federal Contract Tower,8,5,16,24,53,0,0,33,23,56,8,5,49,47,109,54,26,80,189
01/07/2020,SJT,TX,ASW,CE,Federal Contract Tower,7,9,18,15,49,0,0,39,8,47,7,9,57,23,96,76,30,106,202
01/08/2020,SJT,TX,ASW,CE,Federal Contract Tower,6,11,18,28,63,0,0,22,19,41,6,11,40,47,104,40,82,122,226
01/09/2020,SJT,TX,ASW,CE,Federal Contract Tower,10,15,27,53,105,0,0,42,8,50,10,15,69,61,155,82,100,182,337
01/10/2020,SJT,TX,ASW,CE,Federal Contract Tower,3,10,23,96,132,0,1,18,24,43,3,11,41,120,175,32,156,188,363
01/11/2020,SJT,TX,ASW,CE,Federal Contract Tower,5,6,21,11,43,0,3,28,7,38,5,9,49,18,81,18,38,56,137
01/12/2020,SJT,TX,ASW,CE,Federal Contract Tower,8,3,14,28,53,0,0,26,22,48,8,3,40,50,101,8,102,110,211
01/13/2020,SJT,TX,ASW,CE,Federal Contract Tower,8,5,30,45,88,0,0,27,16,43,8,5,57,61,131,24,178,202,333
01/14/2020,SJT,TX,ASW,CE,Federal Contract Tower,6,12,30,56,104,0,0,39,30,69,6,12,69,86,173,44,168,212,385
01/15/2020,SJT,TX,ASW,CE,Federal Contract Tower,6,12,30,38,86,0,0,17,12,29,6,12,47,50,115,4,140,144,259
01/16/2020,SJT,TX,ASW,CE,Federal Contract Tower,9,8,8,0,25,0,0,0,0,0,9,8,8,0,25,0,0,0,25
01/17/2020,SJT,TX,ASW,CE,Federal Contract Tower,11,13,14,8,46,0,0,0,0,0,11,13,14,8,46,0,6,6,52
01/18/2020,SJT,TX,ASW,CE,Federal Contract Tower,5,4,21,0,30,0,0,23,1,24,5,4,44,1,54,32,0,32,86
01/19/2020,SJT,TX,ASW,CE,Federal Contract Tower,8,4,8,1,21,0,0,21,1,22,8,4,29,2,43,18,6,24,67
01/20/2020,SJT,TX,ASW,CE,Federal Contract Tower,8,6,11,2,27,0,3,36,1,40,8,9,47,3,67,58,0,58,125
01/21/2020,SJT,TX,ASW,CE,Federal Contract Tower,6,18,19,35,78,0,0,25,8,33,6,18,44,43,111,14,102,116,227
01/22/2020,SJT,TX,ASW,CE,Federal Contract Tower,8,13,22,87,130,0,0,16,21,37,8,13,38,108,167,4,268,272,439
01/23/2020,SJT,TX,ASW,CE,Federal Contract Tower,8,10,11,118,147,0,4,31,21,56,8,14,42,139,203,56,374,430,633
01/24/2020,SJT,TX,ASW,CE,Federal Contract Tower,8,11,35,50,104,0,2,49,20,71,8,13,84,70,175,54,178,232,407
01/25/2020,SJT,TX,ASW,CE,Federal Contract Tower,5,9,1,6,21,0,1,19,2,22,5,10,20,8,43,2,14,16,59
01/26/2020,SJT,TX,ASW,CE,Federal Contract Tower,8,9,14,38,69,0,0,26,17,43,8,9,40,55,112,36,75,111,223
01/27/2020,SJT,TX,ASW,CE,Federal Contract Tower,7,7,12,73,99,0,1,19,43,63,7,8,31,116,162,8,370,378,540
01/28/2020,SJT,TX,ASW,CE,Federal Contract Tower,6,18,26,50,100,0,2,12,10,24,6,20,38,60,124,14,82,96,220
01/29/2020,SJT,TX,ASW,CE,Federal Contract Tower,7,11,23,45,86,1,3,42,22,68,8,14,65,67,154,34,59,93,247
01/30/2020,SJT,TX,ASW,CE,Federal Contract Tower,8,7,18,17,50,0,0,5,1,6,8,7,23,18,56,0,58,58,114
01/31/2020,SJT,TX,ASW,CE,Federal Contract Tower,8,8,24,0,40,0,0,22,0,22,8,8,46,0,62,24,0,24,86
02/01/2020,SJT,TX,ASW,CE,Federal Contract Tower,5,6,9,0,20,0,0,38,0,38,5,6,47,0,58,24,0,24,82
02/02/2020,SJT,TX,ASW,CE,Federal Contract Tower,8,1,11,8,28,0,1,23,2,26,8,2,34,10,54,28,14,42,96
02/03/2020,SJT,TX,ASW,CE,Federal Contract Tower,8,3,16,41,68,0,0,21,9,30,8,3,37,50,98,8,232,240,338
02/04/2020,SJT,TX,ASW,CE,Federal Contract Tower,6,11,22,25,64,0,1,2,0,3,6,12,24,25,67,0,26,26,93
02/05/2020,SJT,TX,ASW,CE,Federal Contract Tower,4,10,11,0,25,0,0,0,0,0,4,10,11,0,25,10,0,10,35
02/06/2020,SJT,TX,ASW,CE,Federal Contract Tower,8,10,13,29,60,0,0,38,16,54,8,10,51,45,114,32,116,148,262
02/07/2020,SJT,TX,ASW,CE,Federal Contract Tower,8,7,20,23,58,0,0,35,10,45,8,7,55,33,103,20,70,90,193
02/08/2020,SJT,TX,ASW,CE,Federal Contract Tower,5,9,20,4,38,0,0,43,0,43,5,9,63,4,81,40,10,50,131
02/09/2020,SJT,TX,ASW,CE,Federal Contract Tower,9,2,9,11,31,0,0,17,6,23,9,2,26,17,54,14,16,30,84
02/10/2020,SJT,TX,ASW,CE,Federal Contract Tower,9,6,22,5,42,0,0,11,4,15,9,6,33,9,57,0,6,6,63
02/11/2020,SJT,TX,ASW,CE,Federal Contract Tower,4,15,16,1,36,0,0,0,0,0,4,15,16,1,36,8,8,16,52
02/12/2020,SJT,TX,ASW,CE,Federal Contract Tower,9,18,24,61,112,0,0,26,21,47,9,18,50,82,159,22,164,186,345
02/14/2020,SJT,TX,ASW,CE,Federal Contract Tower,7,14,24,24,69,0,0,37,11,48,7,14,61,35,117,116,84,200,317
02/15/2020,SJT,TX,ASW,CE,Federal Contract Tower,6,7,10,0,23,0,1,26,0,27,6,8,36,0,50,30,0,30,80
02/16/2020,SJT,TX,ASW,CE,Federal Contract Tower,7,4,7,0,18,0,0,27,0,27,7,4,34,0,45,38,0,38,83
02/17/2020,SJT,TX,ASW,CE,Federal Contract Tower,19,13,24,0,56,0,0,33,0,33,19,13,57,0,89,96,0,96,185
02/18/2020,SJT,TX,ASW,CE,Federal Contract Tower,8,9,31,43,91,0,0,26,11,37,8,9,57,54,128,14,124,138,266
02/19/2020,SJT,TX,ASW,CE,Federal Contract Tower,9,8,23,28,68,0,0,6,0,6,9,8,29,28,74,44,36,80,154
02/20/2020,SJT,TX,ASW,CE,Federal Contract Tower,9,11,16,22,58,0,2,14,0,16,9,13,30,22,74,40,130,170,244
02/21/2020,SJT,TX,ASW,CE,Federal Contract Tower,8,14,25,41,88,0,8,52,18,78,8,22,77,59,166,104,216,320,486
02/22/2020,SJT,TX,ASW,CE,Federal Contract Tower,6,1,21,0,28,0,4,53,1,58,6,5,74,1,86,90,0,90,176
02/23/2020,SJT,TX,ASW,CE,Federal Contract Tower,8,2,30,1,41,0,0,14,1,15,8,2,44,2,56,38,0,38,94
02/24/2020,SJT,TX,ASW,CE,Federal Contract Tower,8,8,26,33,75,0,0,30,14,44,8,8,56,47,119,46,156,202,321
02/25/2020,SJT,TX,ASW,CE,Federal Contract Tower,7,12,20,16,55,0,2,33,5,40,7,14,53,21,95,28,34,62,157
02/26/2020,SJT,TX,ASW,CE,Federal Contract Tower,8,16,27,38,89,0,6,42,13,61,8,22,69,51,150,62,218,280,430
02/27/2020,SJT,TX,ASW,CE,Federal Contract Tower,8,14,15,28,65,0,0,36,31,67,8,14,51,59,132,27,232,259,391
02/28/2020,SJT,TX,ASW,CE,Federal Contract Tower,8,10,17,26,61,0,2,34,12,48,8,12,51,38,109,52,202,254,363
02/29/2020,SJT,TX,ASW,CE,Federal Contract Tower,6,4,12,0,22,0,2,29,0,31,6,6,41,0,53,22,0,22,75
03/01/2020,SJT,TX,ASW,CE,Federal Contract Tower,8,3,13,10,34,0,0,28,10,38,8,3,41,20,72,22,16,38,110
03/02/2020,SJT,TX,ASW,CE,Federal Contract Tower,8,4,22,52,86,0,1,24,12,37,8,5,46,64,123,20,192,212,335
03/03/2020,SJT,TX,ASW,CE,Federal Contract Tower,7,15,20,64,106,0,0,9,10,19,7,15,29,74,125,16,200,216,341
03/04/2020,SJT,TX,ASW,CE,Federal Contract Tower,8,7,11,1,27,0,0,1,0,1,8,7,12,1,28,0,2,2,30
03/05/2020,SJT,TX,ASW,CE,Federal Contract Tower,8,12,28,40,88,0,0,45,9,54,8,12,73,49,142,66,146,212,354
03/06/2020,SJT,TX,ASW,CE,Federal Contract Tower,8,9,19,59,95,0,4,39,12,55,8,13,58,71,150,6,120,126,276
03/07/2020,SJT,TX,ASW,CE,Federal Contract Tower,6,1,12,2,21,0,4,36,3,43,6,5,48,5,64,34,30,64,128
03/08/2020,SJT,TX,ASW,CE,Federal Contract Tower,8,7,12,0,27,0,0,3,0,3,8,7,15,0,30,0,0,0,30
03/09/2020,SJT,TX,ASW,CE,Federal Contract Tower,8,6,19,7,40,0,0,23,4,27,8,6,42,11,67,70,32,102,169
03/10/2020,SJT,TX,ASW,CE,Federal Contract Tower,8,18,24,15,65,0,0,19,3,22,8,18,43,18,87,44,24,68,155
03/11/2020,SJT,TX,ASW,CE,Federal Contract Tower,8,11,22,75,116,0,0,24,13,37,8,11,46,88,153,44,184,228,381
03/12/2020,SJT,TX,ASW,CE,Federal Contract Tower,8,7,28,28,71,0,4,46,7,57,8,11,74,35,128,40,158,198,326
03/13/2020,SJT,TX,ASW,CE,Federal Contract Tower,8,9,16,37,70,0,0,3,0,3,8,9,19,37,73,8,50,58,131
03/14/2020,SJT,TX,ASW,CE,Federal Contract Tower,6,8,15,4,33,0,0,1,0,1,6,8,16,4,34,0,0,0,34
03/15/2020,SJT,TX,ASW,CE,Federal Contract Tower,7,2,6,0,15,0,0,0,0,0,7,2,6,0,15,6,0,6,21
03/16/2020,SJT,TX,ASW,CE,Federal Contract Tower,8,9,9,3,29,0,0,4,0,4,8,9,13,3,33,0,0,0,33
03/17/2020,SJT,TX,ASW,CE,Federal Contract Tower,8,8,16,18,50,0,0,16,3,19,8,8,32,21,69,8,36,44,113
03/18/2020,SJT,TX,ASW,CE,Federal Contract Tower,6,14,17,23,60,0,1,6,0,7,6,15,23,23,67,28,62,90,157
03/19/2020,SJT,TX,ASW,CE,Federal Contract Tower,7,11,4,39,61,0,0,21,4,25,7,11,25,43,86,44,114,158,244
03/20/2020,SJT,TX,ASW,CE,Federal Contract Tower,6,8,20,55,89,0,0,32,2,34,6,8,52,57,123,30,166,196,319
03/21/2020,SJT,TX,ASW,CE,Federal Contract Tower,6,3,6,0,15,0,1,2,0,3,6,4,8,0,18,8,0,8,26
03/22/2020,SJT,TX,ASW,CE,Federal Contract Tower,5,6,8,0,19,0,0,10,0,10,5,6,18,0,29,20,0,20,49
03/23/2020,SJT,TX,ASW,CE,Federal Contract Tower,7,2,11,59,79,0,0,35,14,49,7,2,46,73,128,26,146,172,300
03/24/2020,SJT,TX,ASW,CE,Federal Contract Tower,6,9,13,30,58,0,0,24,10,34,6,9,37,40,92,52,60,112,204
03/25/2020,SJT,TX,ASW,CE,Federal Contract Tower,5,15,22,53,95,0,4,26,11,41,5,19,48,64,136,32,116,148,284
03/26/2020,SJT,TX,ASW,CE,Federal Contract Tower,7,9,6,25,47,0,0,18,1,19,7,9,24,26,66,16,70,86,152
03/27/2020,SJT,TX,ASW,CE,Federal Contract Tower,8,7,11,29,55,0,0,21,6,27,8,7,32,35,82,60,144,204,286
03/28/2020,SJT,TX,ASW,CE,Federal Contract Tower,3,3,2,0,8,0,2,9,0,11,3,5,11,0,19,4,0,4,23
03/29/2020,SJT,TX,ASW,CE,Federal Contract Tower,5,0,10,7,22,0,0,20,4,24,5,0,30,11,46,44,10,54,100
03/30/2020,SJT,TX,ASW,CE,Federal Contract Tower,5,5,8,17,35,0,0,13,2,15,5,5,21,19,50,12,36,48,98
03/31/2020,SJT,TX,ASW,CE,Federal Contract Tower,4,7,13,40,64,0,6,26,2,34,4,13,39,42,98,46,124,170,268
04/01/2020,SJT,TX,ASW,CE,Federal Contract Tower,6,7,13,41,67,0,2,12,12,26,6,9,25,53,93,56,144,200,293
04/02/2020,SJT,TX,ASW,CE,Federal Contract Tower,2,15,8,38,63,0,3,12,5,20,2,18,20,43,83,20,98,118,201
04/03/2020,SJT,TX,ASW,CE,Federal Contract Tower,6,11,5,0,22,0,0,16,0,16,6,11,21,0,38,4,0,4,42
04/04/2020,SJT,TX,ASW,CE,Federal Contract Tower,2,4,0,0,6,0,0,0,0,0,2,4,0,0,6,0,0,0,6
04/05/2020,SJT,TX,ASW,CE,Federal Contract Tower,4,2,9,0,15,0,0,13,0,13,4,2,22,0,28,16,0,16,44
04/06/2020,SJT,TX,ASW,CE,Federal Contract Tower,7,2,11,11,31,0,0,10,2,12,7,2,21,13,43,16,26,42,85
04/07/2020,SJT,TX,ASW,CE,Federal Contract Tower,4,10,16,42,72,0,0,32,10,42,4,10,48,52,114,28,86,114,228
04/08/2020,SJT,TX,ASW,CE,Federal Contract Tower,2,12,15,45,74,0,0,24,13,37,2,12,39,58,111,22,184,206,317
04/09/2020,SJT,TX,ASW,CE,Federal Contract Tower,3,9,18,13,43,0,0,1,0,1,3,9,19,13,44,4,26,30,74
04/10/2020,SJT,TX,ASW,CE,Federal Contract Tower,4,13,11,23,51,0,0,12,2,14,4,13,23,25,65,28,50,78,143
04/11/2020,SJT,TX,ASW,CE,Federal Contract Tower,4,5,3,2,14,0,0,2,0,2,4,5,5,2,16,0,2,2,18
04/12/2020,SJT,TX,ASW,CE,Federal Contract Tower,3,0,3,0,6,0,0,8,0,8,3,0,11,0,14,20,0,20,34
04/13/2020,SJT,TX,ASW,CE,Federal Contract Tower,3,5,17,40,65,0,0,34,16,50,3,5,51,56,115,8,188,196,311
04/14/2020,SJT,TX,ASW,CE,Federal Contract Tower,2,5,16,21,44,0,0,19,3,22,2,5,35,24,66,16,54,70,136
04/16/2020,SJT,TX,ASW,CE,Federal Contract Tower,3,10,7,12,32,0,0,9,2,11,3,10,16,14,43,6,50,56,99
04/17/2020,SJT,TX,ASW,CE,Federal Contract Tower,6,10,7,41,64,0,0,2,10,12,6,10,9,51,76,12,68,80,156
04/18/2020,SJT,TX,ASW,CE,Federal Contract Tower,1,4,9,33,47,0,0,1,0,1,1,4,10,33,48,6,68,74,122
04/19/2020,SJT,TX,ASW,CE,Federal Contract Tower,4,3,5,11,23,0,1,23,4,28,4,4,28,15,51,8,26,34,85
04/20/2020,SJT,TX,ASW,CE,Federal Contract Tower,1,2,12,39,54,0,0,39,11,50,1,2,51,50,104,44,118,162,266
04/21/2020,SJT,TX,ASW,CE,Federal Contract Tower,1,10,19,58,88,0,4,21,9,34,1,14,40,67,122,24,178,202,324
04/22/2020,SJT,TX,ASW,CE,Federal Contract Tower,2,10,6,20,38,0,2,20,6,28,2,12,26,26,66,40,52,92,158
04/23/2020,SJT,TX,ASW,CE,Federal Contract Tower,2,8,15,30,55,0,2,36,8,46,2,10,51,38,101,52,39,91,192
04/24/2020,SJT,TX,ASW,CE,Federal Contract Tower,4,8,11,25,48,0,2,17,12,31,4,10,28,37,79,8,46,54,133
04/25/2020,SJT,TX,ASW,CE,Federal Contract Tower,2,5,8,32,47,0,0,12,8,20,2,5,20,40,67,8,156,164,231
04/26/2020,SJT,TX,ASW,CE,Federal Contract Tower,0,3,13,0,16,0,0,32,0,32,0,3,45,0,48,24,0,24,72
04/27/2020,SJT,TX,ASW,CE,Federal Contract Tower,2,2,7,12,23,0,0,21,9,30,2,2,28,21,53,2,16,18,71
04/28/2020,SJT,TX,ASW,CE,Federal Contract Tower,2,7,8,39,56,0,0,17,2,19,2,7,25,41,75,0,112,112,187
04/29/2020,SJT,TX,ASW,CE,Federal Contract Tower,0,5,10,52,67,0,0,19,2,21,0,5,29,54,88,0,124,124,212
04/30/2020,SJT,TX,ASW,CE,Federal Contract Tower,2,12,34,21,69,0,2,35,3,40,2,14,69,24,109,26,38,64,173
05/01/2020,SJT,TX,ASW,CE,Federal Contract Tower,6,11,12,41,70,0,1,24,5,30,6,12,36,46,100,11,132,143,243
05/02/2020,SJT,TX,ASW,CE,Federal Contract Tower,2,7,1,12,22,0,0,22,1,23,2,7,23,13,45,0,12,12,57
05/03/2020,SJT,TX,ASW,CE,Federal Contract Tower,2,2,2,0,6,0,0,17,0,17,2,2,19,0,23,0,0,0,23
05/04/2020,SJT,TX,ASW,CE,Federal Contract Tower,4,7,21,23,55,0,1,16,7,24,4,8,37,30,79,24,36,60,139
05/05/2020,SJT,TX,ASW,CE,Federal Contract Tower,6,12,13,47,78,0,0,29,25,54,6,12,42,72,132,2,79,81,213
05/06/2020,SJT,TX,ASW,CE,Federal Contract Tower,4,12,32,48,96,0,0,45,6,51,4,12,77,54,147,58,96,154,301
05/07/2020,SJT,TX,ASW,CE,Federal Contract Tower,6,10,16,68,100,0,0,27,14,41,6,10,43,82,141,16,108,124,265
05/08/2020,SJT,TX,ASW,CE,Federal Contract Tower,8,17,5,48,78,0,1,6,9,16,8,18,11,57,94,12,130,142,236
05/09/2020,SJT,TX,ASW,CE,Federal Contract Tower,6,7,23,45,81,0,0,42,6,48,6,7,65,51,129,42,124,166,295
05/10/2020,SJT,TX,ASW,CE,Federal Contract Tower,6,3,15,5,29,0,0,12,1,13,6,3,27,6,42,14,6,20,62
05/11/2020,SJT,TX,ASW,CE,Federal Contract Tower,6,5,12,28,51,0,0,21,17,38,6,5,33,45,89,10,78,88,177
05/12/2020,SJT,TX,ASW,CE,Federal Contract Tower,5,13,22,40,80,0,1,34,7,42,5,14,56,47,122,72,180,252,374
05/13/2020,SJT,TX,ASW,CE,Federal Contract Tower,6,18,22,66,112,0,0,19,10,29,6,18,41,76,141,72,162,234,375
05/14/2020,SJT,TX,ASW,CE,Federal Contract Tower,6,11,23,54,94,0,4,51,5,60,6,15,74,59,154,58,160,218,372
05/15/2020,SJT,TX,ASW,CE,Federal Contract Tower,8,9,9,48,74,0,0,12,16,28,8,9,21,64,102,12,90,102,204
05/16/2020,SJT,TX,ASW,CE,Federal Contract Tower,10,6,8,36,60,0,4,24,0,28,10,10,32,36,88,16,166,182,270
05/17/2020,SJT,TX,ASW,CE,Federal Contract Tower,6,0,12,0,18,0,0,33,0,33,6,0,45,0,51,14,0,14,65
05/18/2020,SJT,TX,ASW,CE,Federal Contract Tower,8,2,11,35,56,0,2,30,13,45,8,4,41,48,101,60,104,164,265
05/19/2020,SJT,TX,ASW,CE,Federal Contract Tower,6,14,13,62,95,0,4,24,19,47,6,18,37,81,142,16,108,124,266
05/20/2020,SJT,TX,ASW,CE,Federal Contract Tower,5,12,28,34,79,0,3,11,10,24,5,15,39,44,103,20,68,88,191
05/21/2020,SJT,TX,ASW,CE,Federal Contract Tower,7,15,8,34,64,0,1,25,6,32,7,16,33,40,96,22,88,110,206
05/22/2020,SJT,TX,ASW,CE,Federal Contract Tower,6,10,25,2,43,0,0,28,0,28,6,10,53,2,71,40,0,40,111
05/23/2020,SJT,TX,ASW,CE,Federal Contract Tower,6,5,10,3,24,0,0,16,0,16,6,5,26,3,40,20,4,24,64
05/24/2020,SJT,TX,ASW,CE,Federal Contract Tower,6,0,10,0,16,0,1,14,0,15,6,1,24,0,31,30,0,30,61
05/25/2020,SJT,TX,ASW,CE,Federal Contract Tower,5,5,7,0,17,0,2,23,0,25,5,7,30,0,42,64,0,64,106
05/26/2020,SJT,TX,ASW,CE,Federal Contract Tower,6,4,22,70,102,0,0,39,3,42,6,4,61,73,144,78,136,214,358
05/27/2020,SJT,TX,ASW,CE,Federal Contract Tower,8,9,19,38,74,0,0,38,2,40,8,9,57,40,114,46,80,126,240
05/28/2020,SJT,TX,ASW,CE,Federal Contract Tower,6,11,23,46,86,0,1,36,11,48,6,12,59,57,134,88,93,181,315
05/29/2020,SJT,TX,ASW,CE,Federal Contract Tower,7,11,21,41,80,0,0,38,8,46,7,11,59,49,126,202,194,396,522
05/30/2020,SJT,TX,ASW,CE,Federal Contract Tower,6,3,11,0,20,0,1,63,0,64,6,4,74,0,84,106,0,106,190
05/31/2020,SJT,TX,ASW,CE,Federal Contract Tower,6,6,8,5,25,0,1,32,2,35,6,7,40,7,60,26,10,36,96
06/01/2020,SJT,TX,ASW,CE,Federal Contract Tower,6,9,4,6,25,0,2,19,2,23,6,11,23,8,48,40,8,48,96
06/02/2020,SJT,TX,ASW,CE,Federal Contract Tower,6,12,33,61,112,0,0,39,16,55,6,12,72,77,167,200,150,350,517
06/03/2020,SJT,TX,ASW,CE,Federal Contract Tower,6,12,38,66,122,0,1,48,23,72,6,13,86,89,194,212,184,396,590
06/04/2020,SJT,TX,ASW,CE,Federal Contract Tower,6,13,33,12,64,0,5,42,11,58,6,18,75,23,122,140,44,184,306
06/05/2020,SJT,TX,ASW,CE,Federal Contract Tower,6,16,20,41,83,0,0,32,5,37,6,16,52,46,120,52,104,156,276
06/06/2020,SJT,TX,ASW,CE,Federal Contract Tower,4,3,6,10,23,0,2,39,1,42,4,5,45,11,65,80,24,104,169
06/07/2020,SJT,TX,ASW,CE,Federal Contract Tower,4,0,11,16,31,0,0,24,4,28,4,0,35,20,59,14,26,40,99
06/08/2020,SJT,TX,ASW,CE,Federal Contract Tower,4,5,12,47,68,0,2,49,18,69,4,7,61,65,137,134,102,236,373
06/09/2020,SJT,TX,ASW,CE,Federal Contract Tower,4,10,15,53,82,0,0,26,18,44,4,10,41,71,126,36,148,184,310
06/10/2020,SJT,TX,ASW,CE,Federal Contract Tower,4,7,21,44,76,0,4,53,19,76,4,11,74,63,152,90,176,266,418
06/11/2020,SJT,TX,ASW,CE,Federal Contract Tower,4,9,12,56,81,3,0,40,13,56,7,9,52,69,137,52,174,226,363
06/12/2020,SJT,TX,ASW,CE,Federal Contract Tower,5,15,19,116,155,0,2,43,39,84,5,17,62,155,239,12,357,369,608
06/13/2020,SJT,TX,ASW,CE,Federal Contract Tower,4,5,9,12,30,0,4,32,1,37,4,9,41,13,67,84,20,104,171
06/14/2020,SJT,TX,ASW,CE,Federal Contract Tower,5,1,5,14,25,0,0,38,5,43,5,1,43,19,68,10,28,38,106
06/15/2020,SJT,TX,ASW,CE,Federal Contract Tower,4,8,12,58,82,0,3,44,19,66,4,11,56,77,148,28,148,176,324
06/16/2020,SJT,TX,ASW,CE,Federal Contract Tower,4,15,23,84,126,0,0,35,26,61,4,15,58,110,187,16,222,238,425
06/17/2020,SJT,TX,ASW,CE,Federal Contract Tower,4,11,9,49,73,0,0,49,24,73,4,11,58,73,146,104,126,230,376
06/18/2020,SJT,TX,ASW,CE,Federal Contract Tower,4,8,20,64,96,0,2,19,8,29,4,10,39,72,125,18,190,208,333
06/19/2020,SJT,TX,ASW,CE,Federal Contract Tower,5,10,23,93,131,0,0,35,20,55,5,10,58,113,186,88,240,328,514
06/20/2020,SJT,TX,ASW,CE,Federal Contract Tower,4,6,11,19,40,0,6,29,2,37,4,12,40,21,77,38,44,82,159
06/21/2020,SJT,TX,ASW,CE,Federal Contract Tower,4,4,13,0,21,0,0,33,0,33,4,4,46,0,54,16,0,16,70
06/22/2020,SJT,TX,ASW,CE,Federal Contract Tower,4,3,19,74,100,0,1,44,8,53,4,4,63,82,153,102,146,248,401
06/23/2020,SJT,TX,ASW,CE,Federal Contract Tower,4,9,12,39,64,0,0,32,4,36,4,9,44,43,100,54,216,270,370
06/24/2020,SJT,TX,ASW,CE,Federal Contract Tower,6,11,23,66,106,0,0,47,15,62,6,11,70,81,168,114,294,408,576
06/25/2020,SJT,TX,ASW,CE,Federal Contract Tower,4,14,30,45,93,0,0,28,15,43,4,14,58,60,136,66,208,274,410
06/26/2020,SJT,TX,ASW,CE,Federal Contract Tower,6,13,22,79,120,0,0,28,22,50,6,13,50,101,170,36,256,292,462
06/27/2020,SJT,TX,ASW,CE,Federal Contract Tower,4,7,8,0,19,0,0,24,0,24,4,7,32,0,43,24,0,24,67
06/28/2020,SJT,TX,ASW,CE,Federal Contract Tower,4,1,6,0,11,0,0,1,0,1,4,1,7,0,12,0,0,0,12
06/29/2020,SJT,TX,ASW,CE,Federal Contract Tower,3,10,15,45,73,0,0,22,15,37,3,10,37,60,110,60,158,218,328
06/30/2020,SJT,TX,ASW,CE,Federal Contract Tower,4,7,25,53,89,0,0,55,18,73,4,7,80,71,162,148,220,368,530
07/01/2020,SJT,TX,ASW,CE,Federal Contract Tower,4,7,18,43,72,0,0,27,16,43,4,7,45,59,115,22,140,162,277
07/02/2020,SJT,TX,ASW,CE,Federal Contract Tower,4,12,26,23,65,0,0,30,10,40,4,12,56,33,105,92,96,188,293
07/03/2020,SJT,TX,ASW,CE,Federal Contract Tower,4,8,15,1,28,0,0,34,0,34,4,8,49,1,62,70,2,72,134
07/04/2020,SJT,TX,ASW,CE,Federal Contract Tower,4,0,3,0,7,0,0,27,0,27,4,0,30,0,34,42,0,42,76
07/05/2020,SJT,TX,ASW,CE,Federal Contract Tower,4,4,4,6,18,0,0,17,1,18,4,4,21,7,36,6,10,16,52
07/06/2020,SJT,TX,ASW,CE,Federal Contract Tower,4,6,5,2,17,0,0,17,0,17,4,6,22,2,34,40,0,40,74
07/07/2020,SJT,TX,ASW,CE,Federal Contract Tower,6,7,15,53,81,0,0,18,6,24,6,7,33,59,105,14,160,174,279
07/08/2020,SJT,TX,ASW,CE,Federal Contract Tower,6,10,24,32,72,0,3,32,9,44,6,13,56,41,116,80,76,156,272
07/09/2020,SJT,TX,ASW,CE,Federal Contract Tower,5,9,16,43,73,0,2,21,11,34,5,11,37,54,107,44,118,162,269
07/10/2020,SJT,TX,ASW,CE,Federal Contract Tower,6,11,16,39,72,0,2,22,9,33,6,13,38,48,105,38,106,144,249
07/11/2020,SJT,TX,ASW,CE,Federal Contract Tower,4,4,12,0,20,0,3,25,8,36,4,7,37,8,56,34,0,34,90
07/12/2020,SJT,TX,ASW,CE,Federal Contract Tower,6,3,5,0,14,0,2,25,0,27,6,5,30,0,41,16,0,16,57
07/13/2020,SJT,TX,ASW,CE,Federal Contract Tower,6,7,20,15,48,0,0,19,0,19,6,7,39,15,67,56,20,76,143
07/14/2020,SJT,TX,ASW,CE,Federal Contract Tower,5,12,10,19,46,0,5,16,4,25,5,17,26,23,71,18,20,38,109
07/15/2020,SJT,TX,ASW,CE,Federal Contract Tower,8,12,17,31,68,0,0,28,3,31,8,12,45,34,99,14,66,80,179
07/16/2020,SJT,TX,ASW,CE,Federal Contract Tower,7,15,19,24,65,0,0,12,2,14,7,15,31,26,79,18,36,54,133
07/17/2020,SJT,TX,ASW,CE,Federal Contract Tower,11,14,21,45,91,0,0,38,5,43,11,14,59,50,134,6,112,118,252
07/18/2020,SJT,TX,ASW,CE,Federal Contract Tower,3,8,14,3,28,0,1,28,2,31,3,9,42,5,59,34,6,40,99
07/19/2020,SJT,TX,ASW,CE,Federal Contract Tower,7,5,7,0,19,0,2,25,2,29,7,7,32,2,48,44,0,44,92
07/20/2020,SJT,TX,ASW,CE,Federal Contract Tower,7,5,12,55,79,0,0,26,11,37,7,5,38,66,116,36,128,164,280
07/21/2020,SJT,TX,ASW,CE,Federal Contract Tower,7,12,27,32,78,0,1,31,8,40,7,13,58,40,118,28,88,116,234
07/22/2020,SJT,TX,ASW,CE,Federal Contract Tower,6,13,26,33,78,0,3,22,4,29,6,16,48,37,107,10,72,82,189
07/23/2020,SJT,TX,ASW,CE,Federal Contract Tower,610,17,21,54,702,0,2,15,2,19,610,19,36,56,721,2,54,56,777
07/24/2020,SJT,TX,ASW,CE,Federal Contract Tower,7,10,13,34,64,0,0,27,10,37,7,10,40,44,101,28,98,126,227
07/25/2020,SJT,TX,ASW,CE,Federal Contract Tower,3,3,8,0,14,0,1,20,3,24,3,4,28,3,38,42,0,42,80
07/26/2020,SJT,TX,ASW,CE,Federal Contract Tower,6,2,8,0,16,0,0,12,0,12,6,2,20,0,28,20,0,20,48
07/27/2020,SJT,TX,ASW,CE,Federal Contract Tower,6,6,23,40,75,0,2,33,9,44,6,8,56,49,119,64,70,134,253
07/28/2020,SJT,TX,ASW,CE,Federal Contract Tower,6,12,13,30,61,0,1,20,9,30,6,13,33,39,91,26,100,126,217
07/29/2020,SJT,TX,ASW,CE,Federal Contract Tower,6,12,11,58,87,0,0,41,19,60,6,12,52,77,147,68,200,268,415
07/30/2020,SJT,TX,ASW,CE,Federal Contract Tower,6,13,16,28,63,0,3,23,10,36,6,16,39,38,99,54,108,162,261
07/31/2020,SJT,TX,ASW,CE,Federal Contract Tower,7,12,19,49,87,0,0,26,9,35,7,12,45,58,122,24,140,164,286
08/01/2020,SJT,TX,ASW,CE,Federal Contract Tower,3,4,11,11,29,0,2,29,0,31,3,6,40,11,60,10,20,30,90
08/02/2020,SJT,TX,ASW,CE,Federal Contract Tower,6,4,17,7,34,0,0,23,3,26,6,4,40,10,60,36,10,46,106
08/03/2020,SJT,TX,ASW,CE,Federal Contract Tower,8,4,15,10,37,0,3,27,2,32,8,7,42,12,69,84,50,134,203
08/04/2020,SJT,TX,ASW,CE,Federal Contract Tower,6,11,17,18,52,0,3,21,5,29,6,14,38,23,81,16,50,66,147
08/05/2020,SJT,TX,ASW,CE,Federal Contract Tower,6,11,18,22,57,0,0,34,3,37,6,11,52,25,94,12,90,102,196
08/07/2020,SJT,TX,ASW,CE,Federal Contract Tower,7,11,25,24,67,0,2,45,3,50,7,13,70,27,117,32,66,98,215
08/08/2020,SJT,TX,ASW,CE,Federal Contract Tower,4,3,8,2,17,0,1,22,0,23,4,4,30,2,40,10,2,12,52
08/09/2020,SJT,TX,ASW,CE,Federal Contract Tower,6,2,17,8,33,0,0,28,4,32,6,2,45,12,65,34,18,52,117
08/10/2020,SJT,TX,ASW,CE,Federal Contract Tower,7,6,16,22,51,0,0,24,8,32,7,6,40,30,83,6,68,74,157
08/11/2020,SJT,TX,ASW,CE,Federal Contract Tower,8,11,26,9,54,0,5,26,3,34,8,16,52,12,88,64,24,88,176
08/12/2020,SJT,TX,ASW,CE,Federal Contract Tower,6,10,25,32,73,0,0,22,5,27,6,10,47,37,100,6,88,94,194
08/13/2020,SJT,TX,ASW,CE,Federal Contract Tower,7,12,14,32,65,0,1,23,3,27,7,13,37,35,92,12,86,98,190
08/14/2020,SJT,TX,ASW,CE,Federal Contract Tower,8,13,19,46,86,0,0,29,17,46,8,13,48,63,132,50,152,202,334
08/15/2020,SJT,TX,ASW,CE,Federal Contract Tower,3,4,8,0,15,0,1,52,0,53,3,5,60,0,68,62,0,62,130
08/16/2020,SJT,TX,ASW,CE,Federal Contract Tower,4,2,14,5,25,0,1,41,3,45,4,3,55,8,70,46,10,56,126
08/17/2020,SJT,TX,ASW,CE,Federal Contract Tower,6,7,9,39,61,0,2,30,2,34,6,9,39,41,95,32,58,90,185
08/18/2020,SJT,TX,ASW,CE,Federal Contract Tower,6,11,17,34,68,0,0,32,6,38,6,11,49,40,106,46,110,156,262
08/19/2020,SJT,TX,ASW,CE,Federal Contract Tower,6,6,23,40,75,0,2,29,6,37,6,8,52,46,112,62,114,176,288
08/20/2020,SJT,TX,ASW,CE,Federal Contract Tower,6,14,29,45,94,0,2,44,9,55,6,16,73,54,149,34,90,124,273
08/21/2020,SJT,TX,ASW,CE,Federal Contract Tower,8,13,14,32,67,0,0,36,2,38,8,13,50,34,105,12,58,70,175
08/22/2020,SJT,TX,ASW,CE,Federal Contract Tower,4,8,9,0,21,0,0,21,3,24,4,8,30,3,45,22,0,22,67
08/23/2020,SJT,TX,ASW,CE,Federal Contract Tower,6,0,8,11,25,0,2,29,1,32,6,2,37,12,57,34,18,52,109
08/24/2020,SJT,TX,ASW,CE,Federal Contract Tower,6,6,15,51,78,0,0,33,12,45,6,6,48,63,123,40,160,200,323
08/25/2020,SJT,TX,ASW,CE,Federal Contract Tower,6,11,19,45,81,0,10,34,8,52,6,21,53,53,133,104,86,190,323
08/26/2020,SJT,TX,ASW,CE,Federal Contract Tower,4,20,16,56,96,0,1,29,8,38,4,21,45,64,134,24,162,186,320
08/27/2020,SJT,TX,ASW,CE,Federal Contract Tower,5,15,27,45,92,0,0,40,29,69,5,15,67,74,161,92,75,167,328
08/28/2020,SJT,TX,ASW,CE,Federal Contract Tower,9,17,15,23,64,0,2,54,4,60,9,19,69,27,124,38,54,92,216
08/29/2020,SJT,TX,ASW,CE,Federal Contract Tower,4,1,17,2,24,0,2,39,16,57,4,3,56,18,81,48,2,50,131
08/30/2020,SJT,TX,ASW,CE,Federal Contract Tower,5,5,18,3,31,0,0,28,1,29,5,5,46,4,60,30,6,36,96
08/31/2020,SJT,TX,ASW,CE,Federal Contract Tower,5,7,15,40,67,0,0,23,18,41,5,7,38,58,108,8,66,74,182
09/01/2020,SJT,TX,ASW,CE,Federal Contract Tower,5,17,11,31,64,0,5,26,2,33,5,22,37,33,97,36,58,94,191
09/02/2020,SJT,TX,ASW,CE,Federal Contract Tower,4,15,27,103,149,0,1,29,12,42,4,16,56,115,191,70,392,462,653
09/03/2020,SJT,TX,ASW,CE,Federal Contract Tower,8,19,5,33,65,0,5,35,9,49,8,24,40,42,114,48,130,178,292
09/04/2020,SJT,TX,ASW,CE,Federal Contract Tower,7,14,25,0,46,0,3,45,0,48,7,17,70,0,94,28,0,28,122
09/05/2020,SJT,TX,ASW,CE,Federal Contract Tower,4,4,10,0,18,0,4,10,26,40,4,8,20,26,58,12,0,12,70
09/06/2020,SJT,TX,ASW,CE,Federal Contract Tower,6,2,9,0,17,0,0,30,12,42,6,2,39,12,59,30,0,30,89
09/07/2020,SJT,TX,ASW,CE,Federal Contract Tower,6,4,9,0,19,0,2,30,2,34,6,6,39,2,53,14,0,14,67
09/08/2020,SJT,TX,ASW,CE,Federal Contract Tower,6,8,12,65,91,0,0,27,14,41,6,8,39,79,132,14,236,250,382
09/09/2020,SJT,TX,ASW,CE,Federal Contract Tower,4,12,2,0,18,0,0,0,0,0,4,12,2,0,18,6,0,6,24
09/10/2020,SJT,TX,ASW,CE,Federal Contract Tower,4,14,12,4,34,0,0,3,0,3,4,14,15,4,37,6,4,10,47
09/11/2020,SJT,TX,ASW,CE,Federal Contract Tower,6,11,19,15,51,0,0,15,2,17,6,11,34,17,68,10,16,26,94
09/12/2020,SJT,TX,ASW,CE,Federal Contract Tower,4,3,21,1,29,0,9,44,6,59,4,12,65,7,88,52,0,52,140
09/13/2020,SJT,TX,ASW,CE,Federal Contract Tower,4,2,7,0,13,0,0,13,0,13,4,2,20,0,26,8,0,8,34
09/14/2020,SJT,TX,ASW,CE,Federal Contract Tower,4,6,13,56,79,0,1,41,21,63,4,7,54,77,142,100,152,252,394
09/15/2020,SJT,TX,ASW,CE,Federal Contract Tower,4,12,21,61,98,0,4,41,28,73,4,16,62,89,171,42,154,196,367
09/16/2020,SJT,TX,ASW,CE,Federal Contract Tower,4,12,25,39,80,0,1,31,2,34,4,13,56,41,114,76,110,186,300
09/17/2020,SJT,TX,ASW,CE,Federal Contract Tower,4,12,31,68,115,0,2,37,12,51,4,14,68,80,166,64,314,378,544
09/18/2020,SJT,TX,ASW,CE,Federal Contract Tower,6,11,15,39,71,0,5,46,12,63,6,16,61,51,134,48,216,264,398
09/19/2020,SJT,TX,ASW,CE,Federal Contract Tower,4,5,16,0,25,0,0,18,0,18,4,5,34,0,43,6,0,6,49
09/20/2020,SJT,TX,ASW,CE,Federal Contract Tower,5,1,15,6,27,0,2,37,0,39,5,3,52,6,66,30,46,76,142
09/21/2020,SJT,TX,ASW,CE,Federal Contract Tower,5,6,20,52,83,0,0,18,4,22,5,6,38,56,105,60,164,224,329
09/22/2020,SJT,TX,ASW,CE,Federal Contract Tower,4,13,32,46,95,0,0,21,5,26,4,13,53,51,121,102,140,242,363
09/23/2020,SJT,TX,ASW,CE,Federal Contract Tower,4,16,27,81,128,0,0,22,13,35,4,16,49,94,163,28,246,274,437
09/24/2020,SJT,TX,ASW,CE,Federal Contract Tower,4,17,16,32,69,0,1,32,10,43,4,18,48,42,112,26,92,118,230
09/25/2020,SJT,TX,ASW,CE,Federal Contract Tower,10,11,35,55,111,0,4,37,5,46,10,15,72,60,157,44,184,228,385
09/26/2020,SJT,TX,ASW,CE,Federal Contract Tower,4,9,6,0,19,0,0,23,2,25,4,9,29,2,44,42,0,42,86
09/27/2020,SJT,TX,ASW,CE,Federal Contract Tower,4,2,8,8,22,0,0,25,6,31,4,2,33,14,53,38,14,52,105
09/28/2020,SJT,TX,ASW,CE,Federal Contract Tower,3,6,21,68,98,0,1,13,6,20,3,7,34,74,118,42,222,264,382
09/29/2020,SJT,TX,ASW,CE,Federal Contract Tower,4,14,52,21,91,0,0,24,4,28,4,14,76,25,119,16,32,48,167
09/30/2020,SJT,TX,ASW,CE,Federal Contract Tower,4,15,17,16,52,0,0,33,3,36,4,15,50,19,88,50,24,74,162
10/01/2020,SJT,TX,ASW,CE,Federal Contract Tower,4,15,13,18,50,0,0,33,7,40,4,15,46,25,90,50,14,64,154
10/02/2020,SJT,TX,ASW,CE,Federal Contract Tower,6,16,15,31,68,0,2,26,16,44,6,18,41,47,112,20,22,42,154
10/03/2020,SJT,TX,ASW,CE,Federal Contract Tower,5,4,7,0,16,0,0,27,3,30,5,4,34,3,46,30,0,30,76
10/04/2020,SJT,TX,ASW,CE,Federal Contract Tower,4,1,12,0,17,0,0,35,0,35,4,1,47,0,52,24,0,24,76
10/05/2020,SJT,TX,ASW,CE,Federal Contract Tower,4,10,18,7,39,0,1,33,1,35,4,11,51,8,74,48,4,52,126
10/06/2020,SJT,TX,ASW,CE,Federal Contract Tower,4,15,14,12,45,0,2,26,7,35,4,17,40,19,80,60,14,74,154
10/07/2020,SJT,TX,ASW,CE,Federal Contract Tower,7,11,25,11,54,0,3,28,2,33,7,14,53,13,87,28,24,52,139
10/08/2020,SJT,TX,ASW,CE,Federal Contract Tower,9,12,20,17,58,0,1,30,2,33,9,13,50,19,91,20,44,64,155
10/09/2020,SJT,TX,ASW,CE,Federal Contract Tower,8,13,24,8,53,0,1,39,0,40,8,14,63,8,93,54,12,66,159
10/10/2020,SJT,TX,ASW,CE,Federal Contract Tower,4,6,10,11,31,0,5,32,0,37,4,11,42,11,68,32,10,42,110
10/11/2020,SJT,TX,ASW,CE,Federal Contract Tower,6,1,12,0,19,0,2,26,0,28,6,3,38,0,47,42,0,42,89
10/12/2020,SJT,TX,ASW,CE,Federal Contract Tower,7,4,15,3,29,0,0,33,0,33,7,4,48,3,62,46,4,50,112
10/13/2020,SJT,TX,ASW,CE,Federal Contract Tower,7,10,12,20,49,0,0,22,5,27,7,10,34,25,76,28,20,48,124
10/14/2020,SJT,TX,ASW,CE,Federal Contract Tower,7,19,20,9,55,0,1,25,3,29,7,20,45,12,84,68,20,88,172
10/15/2020,SJT,TX,ASW,CE,Federal Contract Tower,8,14,17,19,58,0,2,26,8,36,8,16,43,27,94,28,24,52,146
10/16/2020,SJT,TX,ASW,CE,Federal Contract Tower,7,13,17,29,66,0,0,37,9,46,7,13,54,38,112,36,46,82,194
10/17/2020,SJT,TX,ASW,CE,Federal Contract Tower,4,5,9,14,32,0,4,15,5,24,4,9,24,19,56,6,18,24,80
10/18/2020,SJT,TX,ASW,CE,Federal Contract Tower,7,8,11,2,28,0,0,20,0,20,7,8,31,2,48,8,0,8,56
10/19/2020,SJT,TX,ASW,CE,Federal Contract Tower,8,12,21,15,56,0,0,14,1,15,8,12,35,16,71,33,16,49,120
10/20/2020,SJT,TX,ASW,CE,Federal Contract Tower,6,19,22,16,63,0,0,9,0,9,6,19,31,16,72,26,22,48,120
10/21/2020,SJT,TX,ASW,CE,Federal Contract Tower,7,11,30,14,62,0,12,28,2,42,7,23,58,16,104,54,40,94,198
10/23/2020,SJT,TX,ASW,CE,Federal Contract Tower,11,12,22,50,95,0,3,5,0,8,11,15,27,50,103,14,82,96,199
10/24/2020,SJT,TX,ASW,CE,Federal Contract Tower,4,5,23,0,32,0,7,22,0,29,4,12,45,0,61,69,0,69,130
10/25/2020,SJT,TX,ASW,CE,Federal Contract Tower,6,5,20,14,45,0,0,18,8,26,6,5,38,22,71,52,56,108,179
10/26/2020,SJT,TX,ASW,CE,Federal Contract Tower,7,11,16,4,38,0,0,0,0,0,7,11,16,4,38,0,4,4,42
10/27/2020,SJT,TX,ASW,CE,Federal Contract Tower,5,5,4,0,14,0,0,0,0,0,5,5,4,0,14,0,0,0,14
10/28/2020,SJT,TX,ASW,CE,Federal Contract Tower,6,16,18,24,64,1,2,7,2,12,7,18,25,26,76,32,50,82,158
10/29/2020,SJT,TX,ASW,CE,Federal Contract Tower,6,17,15,23,61,0,0,17,0,17,6,17,32,23,78,4,50,54,132
10/30/2020,SJT,TX,ASW,CE,Federal Contract Tower,10,15,14,27,66,0,0,52,3,55,10,15,66,30,121,42,130,172,293
10/31/2020,SJT,TX,ASW,CE,Federal Contract Tower,4,5,25,0,34,0,7,19,4,30,4,12,44,4,64,40,0,40,104
11/01/2020,SJT,TX,ASW,CE,Federal Contract Tower,5,9,10,39,63,0,2,19,4,25,5,11,29,43,88,6,68,74,162
11/02/2020,SJT,TX,ASW,CE,Federal Contract Tower,7,7,18,28,60,0,0,32,0,32,7,7,50,28,92,36,84,120,212
11/03/2020,SJT,TX,ASW,CE,Federal Contract Tower,7,14,16,43,80,0,1,33,20,54,7,15,49,63,134,20,128,148,282
11/04/2020,SJT,TX,ASW,CE,Federal Contract Tower,6,14,27,24,71,0,2,29,2,33,6,16,56,26,104,28,46,74,178
11/05/2020,SJT,TX,ASW,CE,Federal Contract Tower,6,10,22,36,74,0,3,32,2,37,6,13,54,38,111,20,72,92,203
11/06/2020,SJT,TX,ASW,CE,Federal Contract Tower,8,10,15,42,75,0,0,21,3,24,8,10,36,45,99,12,100,112,211
11/07/2020,SJT,TX,ASW,CE,Federal Contract Tower,6,10,12,0,28,0,2,24,0,26,6,12,36,0,54,10,0,10,64
11/08/2020,SJT,TX,ASW,CE,Federal Contract Tower,6,1,13,11,31,0,4,28,8,40,6,5,41,19,71,6,6,12,83
11/09/2020,SJT,TX,ASW,CE,Federal Contract Tower,6,10,11,66,93,0,2,20,9,31,6,12,31,75,124,18,176,194,318
11/10/2020,SJT,TX,ASW,CE,Federal Contract Tower,9,14,12,31,66,0,0,28,1,29,9,14,40,32,95,40,100,140,235
11/11/2020,SJT,TX,ASW,CE,Federal Contract Tower,6,11,25,3,45,0,0,22,0,22,6,11,47,3,67,30,4,34,101
11/12/2020,SJT,TX,ASW,CE,Federal Contract Tower,6,19,24,27,76,0,1,35,9,45,6,20,59,36,121,48,42,90,211
11/13/2020,SJT,TX,ASW,CE,Federal Contract Tower,10,16,14,19,59,0,0,7,2,9,10,16,21,21,68,6,22,28,96
11/14/2020,SJT,TX,ASW,CE,Federal Contract Tower,6,4,7,2,19,0,0,12,0,12,6,4,19,2,31,2,2,4,35
11/15/2020,SJT,TX,ASW,CE,Federal Contract Tower,6,5,15,19,45,0,0,25,12,37,6,5,40,31,82,28,26,54,136
11/16/2020,SJT,TX,ASW,CE,Federal Contract Tower,8,9,16,20,53,0,2,19,6,27,8,11,35,26,80,14,20,34,114
11/17/2020,SJT,TX,ASW,CE,Federal Contract Tower,6,15,25,39,85,0,0,23,13,36,6,15,48,52,121,8,70,78,199
11/18/2020,SJT,TX,ASW,CE,Federal Contract Tower,7,12,28,50,97,0,0,32,23,55,7,12,60,73,152,46,164,210,362
11/19/2020,SJT,TX,ASW,CE,Federal Contract Tower,6,13,18,48,85,0,1,24,4,29,6,14,42,52,114,4,127,131,245
11/20/2020,SJT,TX,ASW,CE,Federal Contract Tower,11,13,29,27,80,2,50,6,0,58,13,63,35,27,138,64,46,110,248
11/21/2020,SJT,TX,ASW,CE,Federal Contract Tower,6,7,22,14,49,0,0,27,2,29,6,7,49,16,78,26,28,54,132
11/22/2020,SJT,TX,ASW,CE,Federal Contract Tower,6,4,22,4,36,0,0,2,0,2,6,4,24,4,38,20,8,28,66
11/23/2020,SJT,TX,ASW,CE,Federal Contract Tower,6,7,24,26,63,0,0,17,4,21,6,7,41,30,84,20,32,52,136
11/24/2020,SJT,TX,ASW,CE,Federal Contract Tower,6,13,16,49,84,0,0,12,13,25,6,13,28,62,109,4,110,114,223
11/25/2020,SJT,TX,ASW,CE,Federal Contract Tower,6,14,18,28,66,0,0,50,3,53,6,14,68,31,119,62,120,182,301
11/26/2020,SJT,TX,ASW,CE,Federal Contract Tower,2,1,1,0,4,0,0,9,0,9,2,1,10,0,13,0,0,0,13
11/27/2020,SJT,TX,ASW,CE,Federal Contract Tower,8,12,19,4,43,0,0,6,0,6,8,12,25,4,49,28,6,34,83
11/28/2020,SJT,TX,ASW,CE,Federal Contract Tower,7,12,4,0,23,0,0,0,0,0,7,12,4,0,23,0,0,0,23
11/29/2020,SJT,TX,ASW,CE,Federal Contract Tower,8,8,24,0,40,0,0,15,0,15,8,8,39,0,55,6,0,6,61
11/30/2020,SJT,TX,ASW,CE,Federal Contract Tower,8,3,13,42,66,0,10,37,12,59,8,13,50,54,125,150,78,228,353
12/01/2020,SJT,TX,ASW,CE,Federal Contract Tower,6,19,16,38,79,0,1,12,12,25,6,20,28,50,104,24,88,112,216
12/02/2020,SJT,TX,ASW,CE,Federal Contract Tower,6,16,29,55,106,0,5,20,16,41,6,21,49,71,147,36,210,246,393
12/03/2020,SJT,TX,ASW,CE,Federal Contract Tower,9,11,17,73,110,0,5,10,3,18,9,16,27,76,128,4,170,174,302
12/04/2020,SJT,TX,ASW,CE,Federal Contract Tower,10,15,17,28,70,0,6,46,2,54,10,21,63,30,124,68,54,122,246
12/05/2020,SJT,TX,ASW,CE,Federal Contract Tower,4,8,10,5,27,0,0,20,0,20,4,8,30,5,47,50,8,58,105
12/06/2020,SJT,TX,ASW,CE,Federal Contract Tower,6,1,10,12,29,0,1,47,7,55,6,2,57,19,84,14,28,42,126
12/07/2020,SJT,TX,ASW,CE,Federal Contract Tower,7,6,30,26,69,0,1,42,5,48,7,7,72,31,117,46,72,118,235
12/08/2020,SJT,TX,ASW,CE,Federal Contract Tower,6,8,24,30,68,0,1,37,15,53,6,9,61,45,121,28,86,114,235
12/09/2020,SJT,TX,ASW,CE,Federal Contract Tower,6,19,20,41,86,0,2,36,10,48,6,21,56,51,134,54,54,108,242
12/10/2020,SJT,TX,ASW,CE,Federal Contract Tower,7,13,14,54,88,0,2,18,1,21,7,15,32,55,109,12,112,124,233
12/11/2020,SJT,TX,ASW,CE,Federal Contract Tower,8,13,16,52,89,0,0,21,8,29,8,13,37,60,118,28,90,118,236
12/12/2020,SJT,TX,ASW,CE,Federal Contract Tower,4,7,10,0,21,0,4,41,4,49,4,11,51,4,70,62,0,62,132
12/13/2020,SJT,TX,ASW,CE,Federal Contract Tower,6,2,10,7,25,0,0,11,2,13,6,2,21,9,38,0,32,32,70
12/14/2020,SJT,TX,ASW,CE,Federal Contract Tower,6,7,14,44,71,0,2,23,5,30,6,9,37,49,101,16,110,126,227
12/15/2020,SJT,TX,ASW,CE,Federal Contract Tower,5,16,19,50,90,0,1,15,6,22,5,17,34,56,112,14,138,152,264
12/16/2020,SJT,TX,ASW,CE,Federal Contract Tower,5,19,22,35,81,0,5,26,11,42,5,24,48,46,123,18,102,120,243
12/17/2020,SJT,TX,ASW,CE,Federal Contract Tower,9,16,22,46,93,0,4,21,10,35,9,20,43,56,128,24,124,148,276
12/18/2020,SJT,TX,ASW,CE,Federal Contract Tower,10,18,26,30,84,0,0,13,3,16,10,18,39,33,100,10,98,108,208
12/19/2020,SJT,TX,ASW,CE,Federal Contract Tower,8,7,6,0,21,0,0,15,0,15,8,7,21,0,36,8,0,8,44
12/20/2020,SJT,TX,ASW,CE,Federal Contract Tower,9,5,13,7,34,0,4,35,1,40,9,9,48,8,74,18,14,32,106
12/21/2020,SJT,TX,ASW,CE,Federal Contract Tower,8,14,12,28,62,0,2,26,0,28,8,16,38,28,90,22,72,94,184
12/22/2020,SJT,TX,ASW,CE,Federal Contract Tower,8,15,26,33,82,0,2,21,4,27,8,17,47,37,109,0,46,46,155
12/23/2020,SJT,TX,ASW,CE,Federal Contract Tower,8,17,8,0,33,0,0,15,0,15,8,17,23,0,48,0,0,0,48
12/24/2020,SJT,TX,ASW,CE,Federal Contract Tower,6,10,10,0,26,0,1,18,0,19,6,11,28,0,45,38,0,38,83
12/25/2020,SJT,TX,ASW,CE,Federal Contract Tower,2,4,5,0,11,0,0,10,0,10,2,4,15,0,21,12,0,12,33
12/26/2020,SJT,TX,ASW,CE,Federal Contract Tower,8,5,9,0,22,0,0,15,0,15,8,5,24,0,37,4,0,4,41
12/27/2020,SJT,TX,ASW,CE,Federal Contract Tower,9,2,4,0,15,0,4,21,0,25,9,6,25,0,40,10,0,10,50
12/28/2020,SJT,TX,ASW,CE,Federal Contract Tower,8,12,24,0,44,0,2,13,0,15,8,14,37,0,59,6,0,6,65
12/29/2020,SJT,TX,ASW,CE,Federal Contract Tower,8,16,11,0,35,0,2,3,0,5,8,18,14,0,40,2,0,2,42
12/30/2020,SJT,TX,ASW,CE,Federal Contract Tower,6,8,9,4,27,0,0,0,0,0,6,8,9,4,27,0,2,2,29
12/31/2020,SJT,TX,ASW,CE,Federal Contract Tower,2,2,3,0,7,0,0,0,0,0,2,2,3,0,7,0,0,0,7
01/01/2021,SJT,TX,ASW,CE,Federal Contract Tower,9,6,9,0,24,0,0,11,0,11,9,6,20,0,35,2,0,2,37
01/02/2021,SJT,TX,ASW,CE,Federal Contract Tower,8,5,23,0,36,0,0,23,0,23,8,5,46,0,59,20,0,20,79
01/03/2021,SJT,TX,ASW,CE,Federal Contract Tower,8,5,15,0,28,0,0,38,0,38,8,5,53,0,66,18,0,18,84
01/04/2021,SJT,TX,ASW,CE,Federal Contract Tower,8,13,7,3,31,0,2,20,0,22,8,15,27,3,53,44,0,44,97
01/05/2021,SJT,TX,ASW,CE,Federal Contract Tower,7,13,17,6,43,0,0,22,0,22,7,13,39,6,65,32,6,38,103
01/06/2021,SJT,TX,ASW,CE,Federal Contract Tower,7,15,27,23,72,0,3,16,2,21,7,18,43,25,93,16,88,104,197
01/07/2021,SJT,TX,ASW,CE,Federal Contract Tower,7,12,24,34,77,0,0,28,6,34,7,12,52,40,111,52,92,144,255
01/08/2021,SJT,TX,ASW,CE,Federal Contract Tower,10,18,23,47,98,0,0,2,0,2,10,18,25,47,100,0,78,78,178
01/09/2021,SJT,TX,ASW,CE,Federal Contract Tower,8,3,9,3,23,0,0,4,0,4,8,3,13,3,27,4,0,4,31
01/10/2021,SJT,TX,ASW,CE,Federal Contract Tower,0,4,1,0,5,0,0,0,0,0,0,4,1,0,5,0,0,0,5
01/11/2021,SJT,TX,ASW,CE,Federal Contract Tower,6,11,24,26,67,0,1,11,2,14,6,12,35,28,81,42,52,94,175
01/12/2021,SJT,TX,ASW,CE,Federal Contract Tower,8,10,16,24,58,0,3,25,17,45,8,13,41,41,103,12,62,74,177
01/13/2021,SJT,TX,ASW,CE,Federal Contract Tower,8,12,22,26,68,0,12,37,7,56,8,24,59,33,124,38,94,132,256
01/14/2021,SJT,TX,ASW,CE,Federal Contract Tower,7,16,17,12,52,0,6,23,4,33,7,22,40,16,85,26,48,74,159
01/15/2021,SJT,TX,ASW,CE,Federal Contract Tower,12,9,20,24,65,0,1,21,4,26,12,10,41,28,91,2,52,54,145
01/16/2021,SJT,TX,ASW,CE,Federal Contract Tower,6,5,6,0,17,0,3,27,0,30,6,8,33,0,47,34,0,34,81
01/17/2021,SJT,TX,ASW,CE,Federal Contract Tower,7,4,10,3,24,0,3,16,0,19,7,7,26,3,43,2,4,6,49
01/18/2021,SJT,TX,ASW,CE,Federal Contract Tower,7,10,14,1,32,0,1,17,5,23,7,11,31,6,55,18,2,20,75
01/19/2021,SJT,TX,ASW,CE,Federal Contract Tower,9,10,16,51,86,0,1,11,13,25,9,11,27,64,111,0,86,86,197
01/20/2021,SJT,TX,ASW,CE,Federal Contract Tower,7,12,7,0,26,0,0,0,0,0,7,12,7,0,26,0,0,0,26
01/21/2021,SJT,TX,ASW,CE,Federal Contract Tower,7,10,14,36,67,0,2,6,2,10,7,12,20,38,77,14,86,100,177
01/22/2021,SJT,TX,ASW,CE,Federal Contract Tower,12,12,20,122,166,0,2,32,11,45,12,14,52,133,211,100,188,288,499
01/24/2021,SJT,TX,ASW,CE,Federal Contract Tower,9,3,7,11,30,0,0,7,4,11,9,3,14,15,41,0,24,24,65
01/25/2021,SJT,TX,ASW,CE,Federal Contract Tower,7,7,15,52,81,0,0,19,15,34,7,7,34,67,115,0,86,86,201
01/26/2021,SJT,TX,ASW,CE,Federal Contract Tower,8,7,25,44,84,0,5,48,16,69,8,12,73,60,153,56,100,156,309
01/27/2021,SJT,TX,ASW,CE,Federal Contract Tower,7,16,18,39,80,0,6,25,10,41,7,22,43,49,121,94,104,198,319
01/28/2021,SJT,TX,ASW,CE,Federal Contract Tower,7,12,10,46,75,0,4,55,9,68,7,16,65,55,143,114,76,190,333
01/29/2021,SJT,TX,ASW,CE,Federal Contract Tower,12,18,30,50,110,0,0,15,0,15,12,18,45,50,125,26,90,116,241
01/30/2021,SJT,TX,ASW,CE,Federal Contract Tower,7,7,6,6,26,0,1,10,2,13,7,8,16,8,39,4,18,22,61
01/31/2021,SJT,TX,ASW,CE,Federal Contract Tower,8,6,14,13,41,0,0,54,1,55,8,6,68,14,96,30,46,76,172
02/01/2021,SJT,TX,ASW,CE,Federal Contract Tower,7,8,14,62,91,0,1,23,12,36,7,9,37,74,127,28,174,202,329
02/02/2021,SJT,TX,ASW,CE,Federal Contract Tower,7,16,16,31,70,0,6,35,12,53,7,22,51,43,123,26,84,110,233
02/03/2021,SJT,TX,ASW,CE,Federal Contract Tower,7,13,19,12,51,0,4,38,9,51,7,17,57,21,102,48,16,64,166
02/04/2021,SJT,TX,ASW,CE,Federal Contract Tower,8,8,9,49,74,0,9,27,15,51,8,17,36,64,125,24,210,234,359
02/05/2021,SJT,TX,ASW,CE,Federal Contract Tower,12,21,17,37,87,0,8,59,15,82,12,29,76,52,169,90,142,232,401
02/06/2021,SJT,TX,ASW,CE,Federal Contract Tower,7,4,6,25,42,0,2,25,6,33,7,6,31,31,75,18,52,70,145
02/07/2021,SJT,TX,ASW,CE,Federal Contract Tower,8,1,9,12,30,0,0,16,5,21,8,1,25,17,51,24,16,40,91
02/08/2021,SJT,TX,ASW,CE,Federal Contract Tower,6,6,17,75,104,0,4,21,9,34,6,10,38,84,138,0,134,134,272
02/09/2021,SJT,TX,ASW,CE,Federal Contract Tower,7,7,14,24,52,0,0,3,0,3,7,7,17,24,55,0,18,18,73
02/10/2021,SJT,TX,ASW,CE,Federal Contract Tower,7,10,9,2,28,0,0,0,2,2,7,10,9,4,30,0,0,0,30
02/11/2021,SJT,TX,ASW,CE,Federal Contract Tower,1,2,4,0,7,0,0,0,0,0,1,2,4,0,7,0,0,0,7
02/12/2021,SJT,TX,ASW,CE,Federal Contract Tower,0,0,7,0,7,0,0,0,0,0,0,0,7,0,7,2,0,2,9
02/13/2021,SJT,TX,ASW,CE,Federal Contract Tower,0,1,1,0,2,0,0,0,0,0,0,1,1,0,2,0,0,0,2
02/14/2021,SJT,TX,ASW,CE,Federal Contract Tower,0,0,0,0,0,0,0,0,0,0,0,0,0,0,0,0,0,0,0
02/15/2021,SJT,TX,ASW,CE,Federal Contract Tower,0,0,0,0,0,0,0,2,4,6,0,0,2,4,6,0,0,0,6
02/16/2021,SJT,TX,ASW,CE,Federal Contract Tower,0,0,0,0,0,0,0,2,0,2,0,0,2,0,2,0,0,0,2
02/17/2021,SJT,TX,ASW,CE,Federal Contract Tower,0,0,0,0,0,0,0,0,0,0,0,0,0,0,0,0,0,0,0
02/18/2021,SJT,TX,ASW,CE,Federal Contract Tower,0,0,0,0,0,0,0,0,0,0,0,0,0,0,0,0,0,0,0
02/19/2021,SJT,TX,ASW,CE,Federal Contract Tower,3,5,3,0,11,0,0,19,0,19,3,5,22,0,30,6,0,6,36
02/20/2021,SJT,TX,ASW,CE,Federal Contract Tower,8,6,13,0,27,0,2,34,0,36,8,8,47,0,63,64,0,64,127
02/21/2021,SJT,TX,ASW,CE,Federal Contract Tower,9,3,4,0,16,0,0,35,0,35,9,3,39,0,51,2,22,24,75
02/22/2021,SJT,TX,ASW,CE,Federal Contract Tower,9,7,24,26,66,0,6,23,5,34,9,13,47,31,100,54,40,94,194
02/23/2021,SJT,TX,ASW,CE,Federal Contract Tower,7,15,17,51,90,0,3,19,11,33,7,18,36,62,123,6,208,214,337
02/24/2021,SJT,TX,ASW,CE,Federal Contract Tower,7,19,23,62,111,0,6,31,22,59,7,25,54,84,170,70,224,294,464
02/25/2021,SJT,TX,ASW,CE,Federal Contract Tower,8,17,37,88,150,0,0,16,3,19,8,17,53,91,169,138,78,216,385
02/26/2021,SJT,TX,ASW,CE,Federal Contract Tower,9,16,34,93,152,0,5,27,50,82,9,21,61,143,234,86,287,373,607
02/27/2021,SJT,TX,ASW,CE,Federal Contract Tower,7,5,8,20,40,0,2,7,13,22,7,7,15,33,62,12,52,64,126
02/28/2021,SJT,TX,ASW,CE,Federal Contract Tower,10,0,16,11,37,0,2,11,46,59,10,2,27,57,96,14,68,82,178
03/01/2021,SJT,TX,ASW,CE,Federal Contract Tower,9,10,19,70,108,0,1,34,69,104,9,11,53,139,212,102,300,402,614
03/02/2021,SJT,TX,ASW,CE,Federal Contract Tower,9,8,28,59,104,0,6,37,39,82,9,14,65,98,186,96,226,322,508
03/03/2021,SJT,TX,ASW,CE,Federal Contract Tower,7,19,20,44,90,0,8,34,8,50,7,27,54,52,140,72,114,186,326
03/04/2021,SJT,TX,ASW,CE,Federal Contract Tower,8,13,29,54,104,0,0,40,11,51,8,13,69,65,155,26,158,184,339
03/05/2021,SJT,TX,ASW,CE,Federal Contract Tower,10,15,14,55,94,0,0,15,8,23,10,15,29,63,117,0,158,158,275
03/06/2021,SJT,TX,ASW,CE,Federal Contract Tower,6,6,16,0,28,0,0,39,20,59,6,6,55,20,87,32,0,32,119
03/07/2021,SJT,TX,ASW,CE,Federal Contract Tower,10,5,15,2,32,0,2,16,0,18,10,7,31,2,50,30,2,32,82
03/08/2021,SJT,TX,ASW,CE,Federal Contract Tower,9,12,11,27,59,0,0,11,2,13,9,12,22,29,72,44,38,82,154
03/09/2021,SJT,TX,ASW,CE,Federal Contract Tower,9,11,26,53,99,0,1,12,3,16,9,12,38,56,115,34,150,184,299
03/10/2021,SJT,TX,ASW,CE,Federal Contract Tower,8,9,25,55,97,0,0,11,10,21,8,9,36,65,118,16,142,158,276
03/11/2021,SJT,TX,ASW,CE,Federal Contract Tower,8,8,20,20,56,0,0,20,2,22,8,8,40,22,78,38,48,86,164
03/12/2021,SJT,TX,ASW,CE,Federal Contract Tower,11,10,21,22,64,0,2,18,1,21,11,12,39,23,85,16,56,72,157
03/13/2021,SJT,TX,ASW,CE,Federal Contract Tower,6,8,6,0,20,0,0,10,0,10,6,8,16,0,30,10,0,10,40
03/14/2021,SJT,TX,ASW,CE,Federal Contract Tower,10,4,7,1,22,0,0,9,5,14,10,4,16,6,36,2,0,2,38
03/15/2021,SJT,TX,ASW,CE,Federal Contract Tower,8,12,6,28,54,0,3,22,7,32,8,15,28,35,86,12,48,60,146
03/16/2021,SJT,TX,ASW,CE,Federal Contract Tower,8,12,29,27,76,0,2,23,5,30,8,14,52,32,106,52,56,108,214
03/17/2021,SJT,TX,ASW,CE,Federal Contract Tower,3,9,5,8,25,0,2,2,2,6,3,11,7,10,31,0,10,10,41
03/18/2021,SJT,TX,ASW,CE,Federal Contract Tower,9,8,38,46,101,0,0,58,16,74,9,8,96,62,175,56,116,172,347
03/19/2021,SJT,TX,ASW,CE,Federal Contract Tower,8,13,34,27,82,0,1,45,8,54,8,14,79,35,136,72,102,174,310
03/20/2021,SJT,TX,ASW,CE,Federal Contract Tower,8,7,13,45,73,0,0,25,7,32,8,7,38,52,105,12,146,158,263
03/21/2021,SJT,TX,ASW,CE,Federal Contract Tower,8,7,8,7,30,0,4,20,7,31,8,11,28,14,61,0,46,46,107
03/22/2021,SJT,TX,ASW,CE,Federal Contract Tower,6,4,8,6,24,0,0,8,5,13,6,4,16,11,37,0,4,4,41
03/23/2021,SJT,TX,ASW,CE,Federal Contract Tower,8,11,22,25,66,0,0,36,12,48,8,11,58,37,114,30,92,122,236
03/24/2021,SJT,TX,ASW,CE,Federal Contract Tower,7,8,22,73,110,0,0,19,16,35,7,8,41,89,145,16,246,262,407
03/25/2021,SJT,TX,ASW,CE,Federal Contract Tower,8,19,25,48,100,0,0,50,24,74,8,19,75,72,174,22,226,248,422
03/26/2021,SJT,TX,ASW,CE,Federal Contract Tower,8,11,19,26,64,0,1,37,5,43,8,12,56,31,107,20,92,112,219
03/27/2021,SJT,TX,ASW,CE,Federal Contract Tower,6,5,20,10,41,0,0,33,6,39,6,5,53,16,80,38,28,66,146
03/28/2021,SJT,TX,ASW,CE,Federal Contract Tower,8,4,16,20,48,0,0,25,4,29,8,4,41,24,77,44,38,82,159
03/29/2021,SJT,TX,ASW,CE,Federal Contract Tower,8,9,12,36,65,0,1,21,4,26,8,10,33,40,91,16,94,110,201
03/30/2021,SJT,TX,ASW,CE,Federal Contract Tower,8,17,11,9,45,0,1,18,2,21,8,18,29,11,66,34,16,50,116
03/31/2021,SJT,TX,ASW,CE,Federal Contract Tower,8,8,17,109,142,0,1,22,34,57,8,9,39,143,199,62,264,326,525
04/01/2021,SJT,TX,ASW,CE,Federal Contract Tower,8,11,23,26,68,1,0,53,12,66,9,11,76,38,134,10,210,220,354
04/02/2021,SJT,TX,ASW,CE,Federal Contract Tower,12,11,21,20,64,0,1,33,19,53,12,12,54,39,117,48,82,130,247
04/03/2021,SJT,TX,ASW,CE,Federal Contract Tower,8,7,3,6,24,0,0,8,16,24,8,7,11,22,48,14,2,16,64
04/04/2021,SJT,TX,ASW,CE,Federal Contract Tower,7,1,8,0,16,0,0,8,0,8,7,1,16,0,24,2,0,2,26
04/05/2021,SJT,TX,ASW,CE,Federal Contract Tower,8,8,27,57,100,0,1,20,6,27,8,9,47,63,127,30,86,116,243
04/06/2021,SJT,TX,ASW,CE,Federal Contract Tower,7,17,20,43,87,0,2,21,3,26,7,19,41,46,113,10,110,120,233
04/07/2021,SJT,TX,ASW,CE,Federal Contract Tower,8,11,22,45,86,0,0,31,22,53,8,11,53,67,139,58,220,278,417
04/08/2021,SJT,TX,ASW,CE,Federal Contract Tower,7,15,27,25,74,0,3,40,11,54,7,18,67,36,128,54,58,112,240
04/09/2021,SJT,TX,ASW,CE,Federal Contract Tower,8,11,14,28,61,0,1,25,4,30,8,12,39,32,91,4,42,46,137
04/10/2021,SJT,TX,ASW,CE,Federal Contract Tower,9,9,15,14,47,0,4,40,4,48,9,13,55,18,95,52,28,80,175
04/11/2021,SJT,TX,ASW,CE,Federal Contract Tower,9,6,10,18,43,0,3,16,6,25,9,9,26,24,68,10,8,18,86
04/12/2021,SJT,TX,ASW,CE,Federal Contract Tower,8,7,19,16,50,0,2,25,1,28,8,9,44,17,78,48,76,124,202
04/13/2021,SJT,TX,ASW,CE,Federal Contract Tower,9,18,26,58,111,0,2,14,0,16,9,20,40,58,127,50,166,216,343
04/14/2021,SJT,TX,ASW,CE,Federal Contract Tower,7,16,37,54,114,0,0,17,3,20,7,16,54,57,134,64,92,156,290
04/15/2021,SJT,TX,ASW,CE,Federal Contract Tower,8,9,13,0,30,0,0,0,0,0,8,9,13,0,30,2,0,2,32
04/16/2021,SJT,TX,ASW,CE,Federal Contract Tower,8,14,26,9,57,0,0,0,0,0,8,14,26,9,57,8,12,20,77
04/17/2021,SJT,TX,ASW,CE,Federal Contract Tower,9,9,16,3,37,0,4,19,0,23,9,13,35,3,60,70,0,70,130
04/18/2021,SJT,TX,ASW,CE,Federal Contract Tower,8,13,12,14,47,0,1,29,11,41,8,14,41,25,88,40,62,102,190
04/19/2021,SJT,TX,ASW,CE,Federal Contract Tower,8,3,17,40,68,0,3,38,22,63,8,6,55,62,131,46,110,156,287
04/20/2021,SJT,TX,ASW,CE,Federal Contract Tower,9,12,22,64,107,0,1,20,4,25,9,13,42,68,132,40,154,194,326
04/21/2021,SJT,TX,ASW,CE,Federal Contract Tower,11,14,17,45,87,0,1,22,12,35,11,15,39,57,122,26,134,160,282
04/23/2021,SJT,TX,ASW,CE,Federal Contract Tower,16,11,15,28,70,0,1,12,3,16,16,12,27,31,86,32,65,97,183
04/24/2021,SJT,TX,ASW,CE,Federal Contract Tower,12,7,8,10,37,0,2,47,1,50,12,9,55,11,87,88,34,122,209
04/25/2021,SJT,TX,ASW,CE,Federal Contract Tower,13,5,11,5,34,0,0,29,4,33,13,5,40,9,67,24,22,46,113
04/26/2021,SJT,TX,ASW,CE,Federal Contract Tower,12,7,17,58,94,0,3,33,21,57,12,10,50,79,151,40,152,192,343
04/27/2021,SJT,TX,ASW,CE,Federal Contract Tower,11,8,18,46,83,0,1,18,8,27,11,9,36,54,110,10,140,150,260
04/28/2021,SJT,TX,ASW,CE,Federal Contract Tower,13,10,9,6,38,0,0,9,10,19,13,10,18,16,57,14,8,22,79
04/29/2021,SJT,TX,ASW,CE,Federal Contract Tower,13,14,21,18,66,0,0,5,1,6,13,14,26,19,72,14,22,36,108
04/30/2021,SJT,TX,ASW,CE,Federal Contract Tower,13,11,20,13,57,0,0,17,0,17,13,11,37,13,74,38,28,66,140
05/01/2021,SJT,TX,ASW,CE,Federal Contract Tower,12,7,2,0,21,0,0,0,0,0,12,7,2,0,21,0,0,0,21
05/02/2021,SJT,TX,ASW,CE,Federal Contract Tower,12,5,17,5,39,0,0,21,0,21,12,5,38,5,60,8,2,10,70
05/03/2021,SJT,TX,ASW,CE,Federal Contract Tower,14,6,23,55,98,0,1,29,6,36,14,7,52,61,134,18,160,178,312
05/04/2021,SJT,TX,ASW,CE,Federal Contract Tower,10,19,21,62,112,0,1,18,11,30,10,20,39,73,142,2,262,264,406
05/05/2021,SJT,TX,ASW,CE,Federal Contract Tower,12,16,22,45,95,0,6,24,19,49,12,22,46,64,144,94,102,196,340
05/06/2021,SJT,TX,ASW,CE,Federal Contract Tower,13,16,32,25,86,0,0,33,16,49,13,16,65,41,135,48,34,82,217
05/07/2021,SJT,TX,ASW,CE,Federal Contract Tower,17,14,11,9,51,0,1,29,0,30,17,15,40,9,81,28,34,62,143
05/08/2021,SJT,TX,ASW,CE,Federal Contract Tower,10,5,16,5,36,0,0,29,4,33,10,5,45,9,69,10,8,18,87
05/09/2021,SJT,TX,ASW,CE,Federal Contract Tower,12,5,15,17,49,0,0,21,5,26,12,5,36,22,75,10,38,48,123
05/10/2021,SJT,TX,ASW,CE,Federal Contract Tower,9,3,12,43,67,0,0,8,0,8,9,3,20,43,75,16,126,142,217
05/11/2021,SJT,TX,ASW,CE,Federal Contract Tower,7,10,8,3,28,0,0,0,0,0,7,10,8,3,28,0,0,0,28
05/12/2021,SJT,TX,ASW,CE,Federal Contract Tower,12,10,27,42,91,0,0,18,10,28,12,10,45,52,119,38,82,120,239
05/13/2021,SJT,TX,ASW,CE,Federal Contract Tower,14,9,35,27,85,0,0,24,0,24,14,9,59,27,109,26,76,102,211
05/14/2021,SJT,TX,ASW,CE,Federal Contract Tower,12,15,31,6,64,0,0,22,0,22,12,15,53,6,86,82,4,86,172
05/15/2021,SJT,TX,ASW,CE,Federal Contract Tower,11,6,11,0,28,0,4,8,0,12,11,10,19,0,40,18,0,18,58
05/16/2021,SJT,TX,ASW,CE,Federal Contract Tower,14,3,14,19,50,0,0,37,9,46,14,3,51,28,96,54,44,98,194
05/17/2021,SJT,TX,ASW,CE,Federal Contract Tower,12,5,16,15,48,0,1,18,0,19,12,6,34,15,67,12,26,38,105
05/18/2021,SJT,TX,ASW,CE,Federal Contract Tower,11,9,14,13,47,0,5,24,5,34,11,14,38,18,81,30,96,126,207
05/19/2021,SJT,TX,ASW,CE,Federal Contract Tower,12,10,15,14,51,0,0,11,0,11,12,10,26,14,62,50,10,60,122
05/20/2021,SJT,TX,ASW,CE,Federal Contract Tower,14,11,32,45,102,0,3,69,9,81,14,14,101,54,183,56,106,162,345
05/21/2021,SJT,TX,ASW,CE,Federal Contract Tower,12,14,22,95,143,0,0,24,9,33,12,14,46,104,176,34,188,222,398
05/22/2021,SJT,TX,ASW,CE,Federal Contract Tower,11,5,9,23,48,0,0,15,6,21,11,5,24,29,69,30,58,88,157
05/23/2021,SJT,TX,ASW,CE,Federal Contract Tower,13,5,14,23,55,2,2,12,3,19,15,7,26,26,74,18,44,62,136
05/24/2021,SJT,TX,ASW,CE,Federal Contract Tower,15,5,9,69,98,0,3,21,0,24,15,8,30,69,122,38,242,280,402
05/25/2021,SJT,TX,ASW,CE,Federal Contract Tower,10,19,18,76,123,0,1,34,12,47,10,20,52,88,170,60,314,374,544
05/26/2021,SJT,TX,ASW,CE,Federal Contract Tower,14,13,25,73,125,0,0,43,11,54,14,13,68,84,179,78,192,270,449
05/27/2021,SJT,TX,ASW,CE,Federal Contract Tower,11,13,22,45,91,0,7,35,14,56,11,20,57,59,147,94,160,254,401
05/28/2021,SJT,TX,ASW,CE,Federal Contract Tower,12,19,17,6,54,0,1,10,1,12,12,20,27,7,66,18,4,22,88
05/29/2021,SJT,TX,ASW,CE,Federal Contract Tower,14,7,16,0,37,0,0,5,0,5,14,7,21,0,42,2,0,2,44
05/30/2021,SJT,TX,ASW,CE,Federal Contract Tower,15,2,11,0,28,0,0,8,0,8,15,2,19,0,36,6,0,6,42
05/31/2021,SJT,TX,ASW,CE,Federal Contract Tower,12,5,7,0,24,0,0,5,0,5,12,5,12,0,29,36,0,36,65
06/01/2021,SJT,TX,ASW,CE,Federal Contract Tower,14,10,22,50,96,0,0,20,3,23,14,10,42,53,119,24,110,134,253
06/02/2021,SJT,TX,ASW,CE,Federal Contract Tower,12,14,22,55,103,0,2,28,8,38,12,16,50,63,141,46,124,170,311
06/03/2021,SJT,TX,ASW,CE,Federal Contract Tower,15,16,42,28,101,0,2,22,5,29,15,18,64,33,130,72,208,280,410
06/04/2021,SJT,TX,ASW,CE,Federal Contract Tower,15,11,19,37,82,0,3,20,1,24,15,14,39,38,106,42,130,172,278
06/05/2021,SJT,TX,ASW,CE,Federal Contract Tower,11,8,18,10,47,0,2,28,0,30,11,10,46,10,77,64,28,92,169
06/06/2021,SJT,TX,ASW,CE,Federal Contract Tower,15,2,11,33,61,0,0,19,3,22,15,2,30,36,83,64,98,162,245
06/07/2021,SJT,TX,ASW,CE,Federal Contract Tower,9,8,23,45,85,0,1,21,5,27,9,9,44,50,112,38,60,98,210
06/08/2021,SJT,TX,ASW,CE,Federal Contract Tower,14,17,26,31,88,0,0,25,6,31,14,17,51,37,119,38,68,106,225
06/09/2021,SJT,TX,ASW,CE,Federal Contract Tower,13,16,29,35,93,0,1,29,10,40,13,17,58,45,133,44,88,132,265
06/10/2021,SJT,TX,ASW,CE,Federal Contract Tower,14,11,48,31,104,0,3,24,8,35,14,14,72,39,139,16,140,156,295
06/11/2021,SJT,TX,ASW,CE,Federal Contract Tower,15,13,12,35,75,0,3,28,10,41,15,16,40,45,116,70,84,154,270
06/12/2021,SJT,TX,ASW,CE,Federal Contract Tower,12,7,12,10,41,0,3,23,1,27,12,10,35,11,68,12,26,38,106
06/13/2021,SJT,TX,ASW,CE,Federal Contract Tower,12,9,29,2,52,0,5,43,1,49,12,14,72,3,101,70,18,88,189
06/14/2021,SJT,TX,ASW,CE,Federal Contract Tower,14,5,12,6,37,0,2,21,1,24,14,7,33,7,61,26,10,36,97
06/15/2021,SJT,TX,ASW,CE,Federal Contract Tower,12,12,8,4,36,0,7,22,6,35,12,19,30,10,71,4,32,36,107
06/16/2021,SJT,TX,ASW,CE,Federal Contract Tower,13,11,20,31,75,0,6,32,10,48,13,17,52,41,123,38,50,88,211
06/17/2021,SJT,TX,ASW,CE,Federal Contract Tower,13,12,22,22,69,0,4,21,5,30,13,16,43,27,99,44,60,104,203
06/18/2021,SJT,TX,ASW,CE,Federal Contract Tower,11,12,28,13,64,0,0,30,4,34,11,12,58,17,98,54,24,78,176
06/19/2021,SJT,TX,ASW,CE,Federal Contract Tower,11,10,15,0,36,0,8,32,0,40,11,18,47,0,76,12,0,12,88
06/20/2021,SJT,TX,ASW,CE,Federal Contract Tower,13,1,17,6,37,0,4,18,7,29,13,5,35,13,66,2,2,4,70
06/21/2021,SJT,TX,ASW,CE,Federal Contract Tower,13,7,6,59,85,0,0,14,17,31,13,7,20,76,116,0,196,196,312
06/22/2021,SJT,TX,ASW,CE,Federal Contract Tower,13,11,22,18,64,0,0,7,0,7,13,11,29,18,71,8,32,40,111
06/23/2021,SJT,TX,ASW,CE,Federal Contract Tower,14,14,20,50,98,0,2,20,4,26,14,16,40,54,124,16,130,146,270
06/24/2021,SJT,TX,ASW,CE,Federal Contract Tower,13,15,17,45,90,0,4,19,19,42,13,19,36,64,132,0,154,154,286
06/25/2021,SJT,TX,ASW,CE,Federal Contract Tower,12,9,13,29,63,0,2,18,2,22,12,11,31,31,85,8,66,74,159
06/26/2021,SJT,TX,ASW,CE,Federal Contract Tower,11,2,10,10,33,0,2,11,8,21,11,4,21,18,54,10,22,32,86
06/27/2021,SJT,TX,ASW,CE,Federal Contract Tower,14,1,18,33,66,0,0,29,7,36,14,1,47,40,102,26,62,88,190
06/28/2021,SJT,TX,ASW,CE,Federal Contract Tower,9,5,14,39,67,0,0,3,5,8,9,5,17,44,75,0,52,52,127
06/29/2021,SJT,TX,ASW,CE,Federal Contract Tower,12,17,33,91,153,1,0,7,4,12,13,17,40,95,165,44,158,202,367
06/30/2021,SJT,TX,ASW,CE,Federal Contract Tower,13,15,25,47,100,0,0,22,8,30,13,15,47,55,130,30,136,166,296
07/01/2021,SJT,TX,ASW,CE,Federal Contract Tower,14,7,28,39,88,0,1,33,8,42,14,8,61,47,130,12,86,98,228
07/02/2021,SJT,TX,ASW,CE,Federal Contract Tower,10,13,20,0,43,0,6,24,0,30,10,19,44,0,73,34,0,34,107
07/03/2021,SJT,TX,ASW,CE,Federal Contract Tower,9,5,6,0,20,0,0,3,0,3,9,5,9,0,23,0,0,0,23
07/04/2021,SJT,TX,ASW,CE,Federal Contract Tower,12,5,6,0,23,0,0,7,0,7,12,5,13,0,30,2,0,2,32
07/05/2021,SJT,TX,ASW,CE,Federal Contract Tower,15,4,18,0,37,0,0,6,0,6,15,4,24,0,43,0,0,0,43
07/06/2021,SJT,TX,ASW,CE,Federal Contract Tower,11,6,14,27,58,0,0,18,12,30,11,6,32,39,88,2,54,56,144
07/07/2021,SJT,TX,ASW,CE,Federal Contract Tower,10,11,27,37,85,0,1,15,4,20,10,12,42,41,105,26,66,92,197
07/08/2021,SJT,TX,ASW,CE,Federal Contract Tower,18,13,36,42,109,0,0,34,12,46,18,13,70,54,155,38,114,152,307
07/09/2021,SJT,TX,ASW,CE,Federal Contract Tower,15,15,29,92,151,0,1,23,17,41,15,16,52,109,192,29,146,175,367
07/10/2021,SJT,TX,ASW,CE,Federal Contract Tower,11,11,14,2,38,0,2,29,1,32,11,13,43,3,70,68,0,68,138
07/11/2021,SJT,TX,ASW,CE,Federal Contract Tower,13,6,17,23,59,0,0,10,0,10,13,6,27,23,69,4,33,37,106
07/12/2021,SJT,TX,ASW,CE,Federal Contract Tower,13,2,12,0,27,0,0,20,0,20,13,2,32,0,47,5,0,5,52
07/13/2021,SJT,TX,ASW,CE,Federal Contract Tower,9,15,8,16,48,0,3,37,11,51,9,18,45,27,99,30,68,98,197
07/14/2021,SJT,TX,ASW,CE,Federal Contract Tower,12,12,21,36,81,0,0,34,16,50,12,12,55,52,131,22,108,130,261
07/15/2021,SJT,TX,ASW,CE,Federal Contract Tower,14,14,34,37,99,0,6,20,8,34,14,20,54,45,133,12,56,68,201
07/16/2021,SJT,TX,ASW,CE,Federal Contract Tower,16,22,12,37,87,0,5,24,7,36,16,27,36,44,123,64,70,134,257
07/17/2021,SJT,TX,ASW,CE,Federal Contract Tower,9,8,6,2,25,0,4,28,2,34,9,12,34,4,59,58,6,64,123
07/18/2021,SJT,TX,ASW,CE,Federal Contract Tower,13,8,12,25,58,0,1,30,11,42,13,9,42,36,100,6,74,80,180
07/19/2021,SJT,TX,ASW,CE,Federal Contract Tower,10,4,15,5,34,0,1,20,0,21,10,5,35,5,55,8,6,14,69
07/20/2021,SJT,TX,ASW,CE,Federal Contract Tower,8,20,16,42,86,0,6,25,16,47,8,26,41,58,133,32,54,86,219
07/21/2021,SJT,TX,ASW,CE,Federal Contract Tower,10,10,20,43,83,0,2,29,16,47,10,12,49,59,130,30,144,174,304
07/22/2021,SJT,TX,ASW,CE,Federal Contract Tower,12,17,5,25,59,0,0,32,3,35,12,17,37,28,94,30,50,80,174
07/23/2021,SJT,TX,ASW,CE,Federal Contract Tower,14,18,22,48,102,0,2,35,7,44,14,20,57,55,146,46,70,116,262
07/24/2021,SJT,TX,ASW,CE,Federal Contract Tower,9,6,7,0,22,0,4,27,0,31,9,10,34,0,53,18,0,18,71
07/25/2021,SJT,TX,ASW,CE,Federal Contract Tower,13,5,11,6,35,0,4,17,0,21,13,9,28,6,56,20,12,32,88
07/26/2021,SJT,TX,ASW,CE,Federal Contract Tower,12,13,14,23,62,0,2,20,3,25,12,15,34,26,87,62,88,150,237
07/27/2021,SJT,TX,ASW,CE,Federal Contract Tower,8,12,20,33,73,0,2,35,19,56,8,14,55,52,129,32,80,112,241
07/28/2021,SJT,TX,ASW,CE,Federal Contract Tower,8,16,17,18,59,3,4,29,13,49,11,20,46,31,108,26,54,80,188
07/29/2021,SJT,TX,ASW,CE,Federal Contract Tower,13,15,25,51,104,1,1,44,12,58,14,16,69,63,162,36,106,142,304
07/30/2021,SJT,TX,ASW,CE,Federal Contract Tower,13,13,14,75,115,0,0,44,8,52,13,13,58,83,167,90,130,220,387
07/31/2021,SJT,TX,ASW,CE,Federal Contract Tower,9,7,9,6,31,0,4,36,0,40,9,11,45,6,71,66,8,74,145
08/01/2021,SJT,TX,ASW,CE,Federal Contract Tower,7,3,19,13,42,0,0,21,0,21,7,3,40,13,63,12,8,20,83
08/02/2021,SJT,TX,ASW,CE,Federal Contract Tower,13,5,13,12,43,0,0,21,5,26,13,5,34,17,69,76,22,98,167
08/03/2021,SJT,TX,ASW,CE,Federal Contract Tower,12,12,17,34,75,0,0,26,10,36,12,12,43,44,111,22,108,130,241
08/04/2021,SJT,TX,ASW,CE,Federal Contract Tower,13,14,22,54,103,0,1,28,15,44,13,15,50,69,147,24,196,220,367
08/05/2021,SJT,TX,ASW,CE,Federal Contract Tower,12,9,20,17,58,0,0,32,12,44,12,9,52,29,102,14,108,122,224
08/06/2021,SJT,TX,ASW,CE,Federal Contract Tower,13,19,15,38,85,0,0,32,73,105,13,19,47,111,190,25,210,235,425
08/07/2021,SJT,TX,ASW,CE,Federal Contract Tower,10,9,12,10,41,0,2,15,57,74,10,11,27,67,115,20,123,143,258
08/08/2021,SJT,TX,ASW,CE,Federal Contract Tower,13,5,11,14,43,0,0,27,60,87,13,5,38,74,130,52,118,170,300
08/09/2021,SJT,TX,ASW,CE,Federal Contract Tower,13,11,11,37,72,0,0,25,72,97,13,11,36,109,169,18,186,204,373
08/10/2021,SJT,TX,ASW,CE,Federal Contract Tower,10,13,15,55,93,0,1,24,55,80,10,14,39,110,173,84,162,246,419
08/11/2021,SJT,TX,ASW,CE,Federal Contract Tower,16,10,15,51,92,0,3,33,20,56,16,13,48,71,148,38,94,132,280
08/12/2021,SJT,TX,ASW,CE,Federal Contract Tower,15,10,19,32,76,0,1,43,11,55,15,11,62,43,131,34,96,130,261
08/13/2021,SJT,TX,ASW,CE,Federal Contract Tower,13,15,22,74,124,0,2,46,15,63,13,17,68,89,187,64,146,210,397
08/14/2021,SJT,TX,ASW,CE,Federal Contract Tower,13,7,6,3,29,0,2,20,4,26,13,9,26,7,55,2,20,22,77
08/15/2021,SJT,TX,ASW,CE,Federal Contract Tower,14,4,10,1,29,0,2,19,0,21,14,6,29,1,50,14,0,14,64
08/16/2021,SJT,TX,ASW,CE,Federal Contract Tower,13,6,23,51,93,0,3,30,13,46,13,9,53,64,139,48,184,232,371
08/17/2021,SJT,TX,ASW,CE,Federal Contract Tower,4,8,5,0,17,0,0,2,0,2,4,8,7,0,19,0,0,0,19
08/18/2021,SJT,TX,ASW,CE,Federal Contract Tower,9,15,8,16,48,0,1,3,0,4,9,16,11,16,52,6,24,30,82
08/19/2021,SJT,TX,ASW,CE,Federal Contract Tower,13,8,13,40,74,0,0,26,2,28,13,8,39,42,102,24,50,74,176
08/20/2021,SJT,TX,ASW,CE,Federal Contract Tower,15,11,21,47,94,0,1,22,17,40,15,12,43,64,134,34,78,112,246
08/21/2021,SJT,TX,ASW,CE,Federal Contract Tower,12,7,7,4,30,0,1,23,0,24,12,8,30,4,54,4,16,20,74
08/22/2021,SJT,TX,ASW,CE,Federal Contract Tower,13,1,10,8,32,0,1,26,5,32,13,2,36,13,64,24,16,40,104
08/23/2021,SJT,TX,ASW,CE,Federal Contract Tower,14,7,16,14,51,0,0,42,4,46,14,7,58,18,97,54,38,92,189
08/24/2021,SJT,TX,ASW,CE,Federal Contract Tower,12,14,7,44,77,0,1,30,10,41,12,15,37,54,118,36,72,108,226
08/25/2021,SJT,TX,ASW,CE,Federal Contract Tower,12,13,22,33,80,0,2,45,8,55,12,15,67,41,135,14,76,90,225
08/26/2021,SJT,TX,ASW,CE,Federal Contract Tower,12,12,15,25,64,0,5,43,3,51,12,17,58,28,115,22,42,64,179
08/27/2021,SJT,TX,ASW,CE,Federal Contract Tower,12,22,13,97,144,0,1,37,20,58,12,23,50,117,202,48,164,212,414
08/28/2021,SJT,TX,ASW,CE,Federal Contract Tower,13,7,8,2,30,0,1,24,11,36,13,8,32,13,66,20,10,30,96
08/29/2021,SJT,TX,ASW,CE,Federal Contract Tower,13,4,15,0,32,0,1,27,0,28,13,5,42,0,60,8,0,8,68
08/31/2021,SJT,TX,ASW,CE,Federal Contract Tower,10,13,29,23,75,0,6,36,25,67,10,19,65,48,142,42,104,146,288
09/01/2021,SJT,TX,ASW,CE,Federal Contract Tower,12,17,20,36,85,0,6,33,8,47,12,23,53,44,132,30,58,88,220
09/02/2021,SJT,TX,ASW,CE,Federal Contract Tower,12,14,20,60,106,0,9,42,25,76,12,23,62,85,182,40,162,202,384
09/03/2021,SJT,TX,ASW,CE,Federal Contract Tower,13,16,19,2,50,0,7,52,0,59,13,23,71,2,109,14,0,14,123
09/04/2021,SJT,TX,ASW,CE,Federal Contract Tower,9,10,12,0,31,0,0,32,2,34,9,10,44,2,65,8,0,8,73
09/05/2021,SJT,TX,ASW,CE,Federal Contract Tower,13,2,12,0,27,1,3,25,2,31,14,5,37,2,58,4,0,4,62
09/06/2021,SJT,TX,ASW,CE,Federal Contract Tower,13,3,11,3,30,1,0,26,5,32,14,3,37,8,62,0,4,4,66
09/07/2021,SJT,TX,ASW,CE,Federal Contract Tower,11,8,23,35,77,0,1,30,9,40,11,9,53,44,117,10,84,94,211
09/08/2021,SJT,TX,ASW,CE,Federal Contract Tower,13,16,17,45,91,0,1,27,11,39,13,17,44,56,130,14,134,148,278
09/09/2021,SJT,TX,ASW,CE,Federal Contract Tower,13,23,25,20,81,0,0,35,9,44,13,23,60,29,125,16,54,70,195
09/10/2021,SJT,TX,ASW,CE,Federal Contract Tower,14,16,21,36,87,0,0,51,6,57,14,16,72,42,144,80,72,152,296
09/11/2021,SJT,TX,ASW,CE,Federal Contract Tower,8,5,2,4,19,0,0,28,1,29,8,5,30,5,48,8,6,14,62
09/12/2021,SJT,TX,ASW,CE,Federal Contract Tower,15,5,10,3,33,0,1,25,6,32,15,6,35,9,65,16,2,18,83
09/13/2021,SJT,TX,ASW,CE,Federal Contract Tower,12,11,16,78,117,0,0,41,10,51,12,11,57,88,168,76,222,298,466
09/14/2021,SJT,TX,ASW,CE,Federal Contract Tower,13,15,24,54,106,0,3,22,6,31,13,18,46,60,137,38,180,218,355
09/15/2021,SJT,TX,ASW,CE,Federal Contract Tower,13,14,26,32,85,0,0,43,5,48,13,14,69,37,133,52,62,114,247
09/16/2021,SJT,TX,ASW,CE,Federal Contract Tower,13,18,21,39,91,0,0,36,7,43,13,18,57,46,134,64,52,116,250
09/17/2021,SJT,TX,ASW,CE,Federal Contract Tower,11,16,31,29,87,0,0,39,8,47,11,16,70,37,134,46,74,120,254
09/19/2021,SJT,TX,ASW,CE,Federal Contract Tower,12,5,15,4,36,0,1,50,4,55,12,6,65,8,91,4,26,30,121
09/20/2021,SJT,TX,ASW,CE,Federal Contract Tower,13,8,14,28,63,0,3,40,2,45,13,11,54,30,108,48,48,96,204
09/21/2021,SJT,TX,ASW,CE,Federal Contract Tower,12,15,20,9,56,1,9,40,4,54,13,24,60,13,110,60,30,90,200
09/22/2021,SJT,TX,ASW,CE,Federal Contract Tower,16,11,21,39,87,1,5,66,13,85,17,16,87,52,172,72,52,124,296
09/23/2021,SJT,TX,ASW,CE,Federal Contract Tower,14,13,26,8,61,0,3,58,1,62,14,16,84,9,123,104,4,108,231
09/25/2021,SJT,TX,ASW,CE,Federal Contract Tower,8,8,6,0,22,0,4,51,0,55,8,12,57,0,77,32,0,32,109
09/26/2021,SJT,TX,ASW,CE,Federal Contract Tower,13,6,8,0,27,0,2,62,0,64,13,8,70,0,91,32,0,32,123
09/27/2021,SJT,TX,ASW,CE,Federal Contract Tower,12,7,15,12,46,0,1,49,7,57,12,8,64,19,103,72,26,98,201
09/28/2021,SJT,TX,ASW,CE,Federal Contract Tower,12,7,17,20,56,0,0,41,9,50,12,7,58,29,106,28,52,80,186
09/29/2021,SJT,TX,ASW,CE,Federal Contract Tower,11,19,18,62,110,0,2,44,10,56,11,21,62,72,166,52,120,172,338
09/30/2021,SJT,TX,ASW,CE,Federal Contract Tower,11,13,18,49,91,0,2,29,12,43,11,15,47,61,134,16,104,120,254
10/01/2021,SJT,TX,ASW,CE,Federal Contract Tower,11,11,19,40,81,0,0,17,1,18,11,11,36,41,99,54,86,140,239
10/02/2021,SJT,TX,ASW,CE,Federal Contract Tower,7,6,9,2,24,0,0,16,0,16,7,6,25,2,40,14,2,16,56
10/03/2021,SJT,TX,ASW,CE,Federal Contract Tower,11,2,16,9,38,0,0,35,7,42,11,2,51,16,80,70,14,84,164
10/04/2021,SJT,TX,ASW,CE,Federal Contract Tower,9,10,14,51,84,0,11,44,15,70,9,21,58,66,154,94,150,244,398
10/05/2021,SJT,TX,ASW,CE,Federal Contract Tower,9,12,19,19,59,0,9,39,9,57,9,21,58,28,116,66,26,92,208
10/06/2021,SJT,TX,ASW,CE,Federal Contract Tower,11,19,18,47,95,0,6,57,13,76,11,25,75,60,171,58,102,160,331
10/07/2021,SJT,TX,ASW,CE,Federal Contract Tower,8,13,20,19,60,0,0,48,4,52,8,13,68,23,112,64,12,76,188
10/08/2021,SJT,TX,ASW,CE,Federal Contract Tower,9,12,22,26,69,0,3,44,3,50,9,15,66,29,119,56,40,96,215
10/09/2021,SJT,TX,ASW,CE,Federal Contract Tower,7,4,17,0,28,0,8,17,0,25,7,12,34,0,53,18,0,18,71
10/10/2021,SJT,TX,ASW,CE,Federal Contract Tower,6,7,15,0,28,0,0,21,0,21,6,7,36,0,49,28,0,28,77
10/11/2021,SJT,TX,ASW,CE,Federal Contract Tower,8,7,20,2,37,0,0,55,1,56,8,7,75,3,93,54,4,58,151
10/12/2021,SJT,TX,ASW,CE,Federal Contract Tower,7,11,11,51,80,0,0,11,10,21,7,11,22,61,101,14,148,162,263
10/13/2021,SJT,TX,ASW,CE,Federal Contract Tower,5,9,16,21,51,0,0,9,3,12,5,9,25,24,63,14,94,108,171
10/14/2021,SJT,TX,ASW,CE,Federal Contract Tower,6,19,22,12,59,0,2,25,1,28,6,21,47,13,87,104,14,118,205
10/15/2021,SJT,TX,ASW,CE,Federal Contract Tower,8,15,24,12,59,0,0,41,2,43,8,15,65,14,102,86,32,118,220
10/16/2021,SJT,TX,ASW,CE,Federal Contract Tower,7,5,11,12,35,0,3,67,8,78,7,8,78,20,113,54,28,82,195
10/17/2021,SJT,TX,ASW,CE,Federal Contract Tower,8,3,16,3,30,0,2,48,3,53,8,5,64,6,83,98,4,102,185
10/18/2021,SJT,TX,ASW,CE,Federal Contract Tower,7,6,11,22,46,0,0,38,2,40,7,6,49,24,86,68,34,102,188
10/19/2021,SJT,TX,ASW,CE,Federal Contract Tower,7,10,30,20,67,0,0,56,8,64,7,10,86,28,131,98,36,134,265
10/20/2021,SJT,TX,ASW,CE,Federal Contract Tower,8,14,30,26,78,0,0,40,6,46,8,14,70,32,124,90,74,164,288
10/21/2021,SJT,TX,ASW,CE,Federal Contract Tower,4,13,28,9,54,0,0,28,0,28,4,13,56,9,82,58,24,82,164
10/22/2021,SJT,TX,ASW,CE,Federal Contract Tower,7,17,13,40,77,0,1,47,8,56,7,18,60,48,133,38,90,128,261
10/23/2021,SJT,TX,ASW,CE,Federal Contract Tower,7,6,8,1,22,0,3,24,2,29,7,9,32,3,51,24,22,46,97
10/24/2021,SJT,TX,ASW,CE,Federal Contract Tower,8,3,17,10,38,0,0,45,9,54,8,3,62,19,92,69,34,103,195
10/25/2021,SJT,TX,ASW,CE,Federal Contract Tower,7,8,13,39,67,0,0,60,17,77,7,8,73,56,144,130,152,282,426
10/26/2021,SJT,TX,ASW,CE,Federal Contract Tower,7,16,21,45,89,0,2,29,10,41,7,18,50,55,130,30,128,158,288
10/27/2021,SJT,TX,ASW,CE,Federal Contract Tower,8,12,11,29,60,0,5,10,7,22,8,17,21,36,82,2,30,32,114
10/28/2021,SJT,TX,ASW,CE,Federal Contract Tower,2,12,25,23,62,0,5,50,4,59,2,17,75,27,121,84,38,122,243
10/29/2021,SJT,TX,ASW,CE,Federal Contract Tower,8,14,14,23,59,0,5,42,16,63,8,19,56,39,122,50,34,84,206
10/30/2021,SJT,TX,ASW,CE,Federal Contract Tower,7,7,15,0,29,0,4,39,0,43,7,11,54,0,72,30,0,30,102
10/31/2021,SJT,TX,ASW,CE,Federal Contract Tower,8,4,14,0,26,0,0,49,0,49,8,4,63,0,75,64,0,64,139
11/01/2021,SJT,TX,ASW,CE,Federal Contract Tower,7,6,20,46,79,0,3,38,11,52,7,9,58,57,131,62,92,154,285
11/02/2021,SJT,TX,ASW,CE,Federal Contract Tower,8,14,31,9,62,0,0,0,0,0,8,14,31,9,62,14,14,28,90
11/03/2021,SJT,TX,ASW,CE,Federal Contract Tower,8,10,21,4,43,0,0,0,0,0,8,10,21,4,43,8,2,10,53
11/04/2021,SJT,TX,ASW,CE,Federal Contract Tower,8,10,24,73,115,0,0,0,0,0,8,10,24,73,115,6,160,166,281
11/05/2021,SJT,TX,ASW,CE,Federal Contract Tower,8,11,14,88,121,0,0,42,13,55,8,11,56,101,176,62,196,258,434
11/06/2021,SJT,TX,ASW,CE,Federal Contract Tower,8,5,12,11,36,0,0,30,14,44,8,5,42,25,80,18,74,92,172
11/07/2021,SJT,TX,ASW,CE,Federal Contract Tower,8,1,6,11,26,0,0,57,14,71,8,1,63,25,97,50,30,80,177
11/08/2021,SJT,TX,ASW,CE,Federal Contract Tower,7,7,14,34,62,0,2,43,10,55,7,9,57,44,117,32,74,106,223
11/09/2021,SJT,TX,ASW,CE,Federal Contract Tower,8,13,21,39,81,0,5,45,8,58,8,18,66,47,139,134,112,246,385
11/10/2021,SJT,TX,ASW,CE,Federal Contract Tower,8,17,30,5,60,0,2,35,5,42,8,19,65,10,102,36,12,48,150
11/11/2021,SJT,TX,ASW,CE,Federal Contract Tower,8,11,34,0,53,0,1,56,2,59,8,12,90,2,112,56,0,56,168
11/12/2021,SJT,TX,ASW,CE,Federal Contract Tower,10,19,29,50,108,0,2,55,24,81,10,21,84,74,189,52,132,184,373
11/13/2021,SJT,TX,ASW,CE,Federal Contract Tower,8,5,24,17,54,0,1,38,4,43,8,6,62,21,97,64,42,106,203
11/14/2021,SJT,TX,ASW,CE,Federal Contract Tower,9,9,16,6,40,0,1,62,1,64,9,10,78,7,104,102,8,110,214
11/15/2021,SJT,TX,ASW,CE,Federal Contract Tower,8,13,10,29,60,0,5,56,8,69,8,18,66,37,129,62,128,190,319
11/16/2021,SJT,TX,ASW,CE,Federal Contract Tower,8,19,31,30,88,0,2,56,6,64,8,21,87,36,152,46,94,140,292
11/17/2021,SJT,TX,ASW,CE,Federal Contract Tower,8,9,24,34,75,0,0,44,6,50,8,9,68,40,125,60,98,158,283
11/18/2021,SJT,TX,ASW,CE,Federal Contract Tower,8,16,9,58,91,0,0,37,8,45,8,16,46,66,136,24,130,154,290
11/19/2021,SJT,TX,ASW,CE,Federal Contract Tower,7,20,19,20,66,0,5,66,6,77,7,25,85,26,143,40,20,60,203
11/20/2021,SJT,TX,ASW,CE,Federal Contract Tower,8,4,17,0,29,0,1,35,0,36,8,5,52,0,65,20,0,20,85
11/21/2021,SJT,TX,ASW,CE,Federal Contract Tower,7,0,18,0,25,0,0,21,6,27,7,0,39,6,52,18,0,18,70
11/22/2021,SJT,TX,ASW,CE,Federal Contract Tower,8,7,12,6,33,0,0,56,2,58,8,7,68,8,91,48,22,70,161
11/23/2021,SJT,TX,ASW,CE,Federal Contract Tower,8,11,18,9,46,0,1,41,23,65,8,12,59,32,111,34,10,44,155
11/24/2021,SJT,TX,ASW,CE,Federal Contract Tower,10,11,23,10,54,0,1,40,5,46,10,12,63,15,100,24,30,54,154
11/25/2021,SJT,TX,ASW,CE,Federal Contract Tower,4,2,4,0,10,0,0,5,0,5,4,2,9,0,15,0,0,0,15
11/26/2021,SJT,TX,ASW,CE,Federal Contract Tower,7,10,18,0,35,0,0,21,0,21,7,10,39,0,56,42,0,42,98
11/27/2021,SJT,TX,ASW,CE,Federal Contract Tower,12,4,20,0,36,0,0,2,0,2,12,4,22,0,38,0,0,0,38
11/28/2021,SJT,TX,ASW,CE,Federal Contract Tower,10,4,20,0,34,0,0,34,0,34,10,4,54,0,68,50,0,50,118
11/29/2021,SJT,TX,ASW,CE,Federal Contract Tower,8,12,11,14,45,0,3,32,3,38,8,15,43,17,83,20,56,76,159
11/30/2021,SJT,TX,ASW,CE,Federal Contract Tower,8,12,11,36,67,0,4,50,14,68,8,16,61,50,135,88,88,176,311
12/01/2021,SJT,TX,ASW,CE,Federal Contract Tower,8,17,26,43,94,0,9,66,18,93,8,26,92,61,187,48,104,152,339
12/02/2021,SJT,TX,ASW,CE,Federal Contract Tower,6,20,18,38,82,0,3,60,8,71,6,23,78,46,153,101,106,207,360
12/03/2021,SJT,TX,ASW,CE,Federal Contract Tower,7,15,15,68,105,0,1,41,12,54,7,16,56,80,159,20,144,164,323
12/04/2021,SJT,TX,ASW,CE,Federal Contract Tower,7,7,22,17,53,0,2,41,1,44,7,9,63,18,97,48,36,84,181
12/05/2021,SJT,TX,ASW,CE,Federal Contract Tower,7,4,14,8,33,0,0,20,2,22,7,4,34,10,55,6,18,24,79
12/06/2021,SJT,TX,ASW,CE,Federal Contract Tower,7,10,13,65,95,0,4,26,14,44,7,14,39,79,139,14,168,182,321
12/07/2021,SJT,TX,ASW,CE,Federal Contract Tower,6,14,34,33,87,0,0,38,9,47,6,14,72,42,134,56,72,128,262
12/08/2021,SJT,TX,ASW,CE,Federal Contract Tower,6,19,27,40,92,0,1,54,17,72,6,20,81,57,164,32,136,168,332
12/09/2021,SJT,TX,ASW,CE,Federal Contract Tower,6,14,26,53,99,0,0,40,16,56,6,14,66,69,155,30,130,160,315
12/10/2021,SJT,TX,ASW,CE,Federal Contract Tower,6,20,13,29,68,0,0,28,5,33,6,20,41,34,101,36,78,114,215
12/11/2021,SJT,TX,ASW,CE,Federal Contract Tower,6,6,13,38,63,0,1,45,5,51,6,7,58,43,114,50,68,118,232
12/12/2021,SJT,TX,ASW,CE,Federal Contract Tower,6,4,17,3,30,0,1,46,0,47,6,5,63,3,77,38,14,52,129
12/13/2021,SJT,TX,ASW,CE,Federal Contract Tower,6,7,12,82,107,0,0,48,8,56,6,7,60,90,163,34,234,268,431
12/14/2021,SJT,TX,ASW,CE,Federal Contract Tower,7,16,27,82,132,0,0,24,10,34,7,16,51,92,166,10,214,224,390
12/15/2021,SJT,TX,ASW,CE,Federal Contract Tower,7,11,14,54,86,0,3,7,15,25,7,14,21,69,111,10,208,218,329
12/16/2021,SJT,TX,ASW,CE,Federal Contract Tower,8,21,27,28,84,0,0,30,5,35,8,21,57,33,119,28,88,116,235
12/17/2021,SJT,TX,ASW,CE,Federal Contract Tower,8,17,22,14,61,0,2,22,1,25,8,19,44,15,86,12,32,44,130
12/18/2021,SJT,TX,ASW,CE,Federal Contract Tower,8,10,17,2,37,0,0,12,1,13,8,10,29,3,50,4,4,8,58
12/19/2021,SJT,TX,ASW,CE,Federal Contract Tower,11,5,22,0,38,0,0,26,0,26,11,5,48,0,64,18,0,18,82
12/20/2021,SJT,TX,ASW,CE,Federal Contract Tower,9,10,22,21,62,0,1,68,1,70,9,11,90,22,132,54,76,130,262
12/21/2021,SJT,TX,ASW,CE,Federal Contract Tower,8,13,21,22,64,0,0,69,6,75,8,13,90,28,139,62,76,138,277
12/22/2021,SJT,TX,ASW,CE,Federal Contract Tower,8,16,24,24,72,0,3,47,5,55,8,19,71,29,127,42,50,92,219
12/23/2021,SJT,TX,ASW,CE,Federal Contract Tower,8,16,14,4,42,0,0,34,0,34,8,16,48,4,76,12,8,20,96
12/24/2021,SJT,TX,ASW,CE,Federal Contract Tower,5,14,4,0,23,0,0,13,0,13,5,14,17,0,36,8,0,8,44
12/25/2021,SJT,TX,ASW,CE,Federal Contract Tower,9,4,5,0,18,0,1,8,0,9,9,5,13,0,27,0,0,0,27
12/26/2021,SJT,TX,ASW,CE,Federal Contract Tower,8,6,16,0,30,0,2,25,0,27,8,8,41,0,57,10,18,28,85
12/27/2021,SJT,TX,ASW,CE,Federal Contract Tower,8,4,15,0,27,0,0,30,0,30,8,4,45,0,57,50,0,50,107
12/28/2021,SJT,TX,ASW,CE,Federal Contract Tower,9,18,18,2,47,0,3,33,1,37,9,21,51,3,84,10,18,28,112
12/29/2021,SJT,TX,ASW,CE,Federal Contract Tower,6,12,22,0,40,0,0,28,0,28,6,12,50,0,68,50,0,50,118
12/30/2021,SJT,TX,ASW,CE,Federal Contract Tower,8,12,24,0,44,0,4,38,0,42,8,16,62,0,86,36,0,36,122
12/31/2021,SJT,TX,ASW,CE,Federal Contract Tower,6,9,19,0,34,0,1,11,0,12,6,10,30,0,46,20,0,20,66
01/01/2022,SJT,TX,ASW,CE,Federal Contract Tower,7,1,3,0,11,0,0,11,0,11,7,1,14,0,22,0,0,0,22
01/02/2022,SJT,TX,ASW,CE,Federal Contract Tower,8,1,13,0,22,0,5,28,0,33,8,6,41,0,55,30,0,30,85
01/03/2022,SJT,TX,ASW,CE,Federal Contract Tower,6,7,15,0,28,0,3,32,0,35,6,10,47,0,63,42,0,42,105
01/04/2022,SJT,TX,ASW,CE,Federal Contract Tower,6,14,16,10,46,0,0,24,2,26,6,14,40,12,72,18,52,70,142
01/05/2022,SJT,TX,ASW,CE,Federal Contract Tower,6,13,19,40,78,0,4,29,10,43,6,17,48,50,121,20,82,102,223
01/06/2022,SJT,TX,ASW,CE,Federal Contract Tower,5,15,13,36,69,0,2,32,6,40,5,17,45,42,109,8,68,76,185
01/07/2022,SJT,TX,ASW,CE,Federal Contract Tower,8,15,7,47,77,0,2,22,4,28,8,17,29,51,105,26,132,158,263
01/08/2022,SJT,TX,ASW,CE,Federal Contract Tower,7,2,6,10,25,0,1,19,3,23,7,3,25,13,48,24,52,76,124
01/09/2022,SJT,TX,ASW,CE,Federal Contract Tower,6,5,12,29,52,0,4,18,8,30,6,9,30,37,82,34,48,82,164
01/10/2022,SJT,TX,ASW,CE,Federal Contract Tower,7,7,4,38,56,0,4,25,10,39,7,11,29,48,95,26,74,100,195
01/11/2022,SJT,TX,ASW,CE,Federal Contract Tower,7,13,19,35,74,0,5,22,8,35,7,18,41,43,109,54,68,122,231
01/12/2022,SJT,TX,ASW,CE,Federal Contract Tower,6,12,21,49,88,0,2,41,19,62,6,14,62,68,150,58,142,200,350
01/13/2022,SJT,TX,ASW,CE,Federal Contract Tower,6,11,31,68,116,0,2,48,9,59,6,13,79,77,175,26,204,230,405
01/14/2022,SJT,TX,ASW,CE,Federal Contract Tower,6,8,15,26,55,1,15,10,0,26,7,23,25,26,81,14,108,122,203
01/15/2022,SJT,TX,ASW,CE,Federal Contract Tower,5,3,5,4,17,0,0,9,0,9,5,3,14,4,26,8,4,12,38
01/16/2022,SJT,TX,ASW,CE,Federal Contract Tower,6,9,22,2,39,0,2,46,0,48,6,11,68,2,87,76,8,84,171
01/17/2022,SJT,TX,ASW,CE,Federal Contract Tower,6,6,15,2,29,0,3,46,1,50,6,9,61,3,79,32,6,38,117
01/18/2022,SJT,TX,ASW,CE,Federal Contract Tower,6,13,15,37,71,0,0,18,1,19,6,13,33,38,90,10,52,62,152
01/19/2022,SJT,TX,ASW,CE,Federal Contract Tower,5,13,16,34,68,0,10,16,10,36,5,23,32,44,104,48,124,172,276
01/20/2022,SJT,TX,ASW,CE,Federal Contract Tower,6,8,14,5,33,0,0,14,0,14,6,8,28,5,47,24,8,32,79
01/21/2022,SJT,TX,ASW,CE,Federal Contract Tower,6,11,23,35,75,0,4,31,6,41,6,15,54,41,116,36,52,88,204
01/22/2022,SJT,TX,ASW,CE,Federal Contract Tower,5,11,23,5,44,0,24,28,1,53,5,35,51,6,97,12,22,34,131
01/23/2022,SJT,TX,ASW,CE,Federal Contract Tower,6,7,9,14,36,0,0,20,2,22,6,7,29,16,58,46,46,92,150
01/24/2022,SJT,TX,ASW,CE,Federal Contract Tower,7,8,14,74,103,0,1,22,8,31,7,9,36,82,134,38,214,252,386
01/25/2022,SJT,TX,ASW,CE,Federal Contract Tower,7,9,39,70,125,0,1,49,18,68,7,10,88,88,193,74,280,354,547
01/26/2022,SJT,TX,ASW,CE,Federal Contract Tower,7,15,25,12,59,0,0,8,4,12,7,15,33,16,71,28,6,34,105
01/27/2022,SJT,TX,ASW,CE,Federal Contract Tower,6,8,22,39,75,0,0,17,0,17,6,8,39,39,92,20,82,102,194
01/28/2022,SJT,TX,ASW,CE,Federal Contract Tower,6,12,18,70,106,0,3,37,7,47,6,15,55,77,153,24,190,214,367
01/29/2022,SJT,TX,ASW,CE,Federal Contract Tower,5,8,13,0,26,0,5,31,0,36,5,13,44,0,62,12,0,12,74
01/30/2022,SJT,TX,ASW,CE,Federal Contract Tower,6,6,17,20,49,0,0,51,4,55,6,6,68,24,104,36,58,94,198
01/31/2022,SJT,TX,ASW,CE,Federal Contract Tower,6,8,10,68,92,0,1,32,11,44,6,9,42,79,136,50,244,294,430
02/01/2022,SJT,TX,ASW,CE,Federal Contract Tower,7,11,21,52,91,0,2,32,9,43,7,13,53,61,134,68,92,160,294
02/02/2022,SJT,TX,ASW,CE,Federal Contract Tower,3,7,4,36,50,0,0,4,5,9,3,7,8,41,59,16,82,98,157
02/03/2022,SJT,TX,ASW,CE,Federal Contract Tower,0,0,0,0,0,0,0,0,0,0,0,0,0,0,0,0,0,0,0
02/04/2022,SJT,TX,ASW,CE,Federal Contract Tower,0,1,15,14,30,0,2,17,2,21,0,3,32,16,51,0,16,16,67
02/05/2022,SJT,TX,ASW,CE,Federal Contract Tower,3,12,21,7,43,0,1,32,2,35,3,13,53,9,78,24,10,34,112
02/06/2022,SJT,TX,ASW,CE,Federal Contract Tower,6,2,9,19,36,0,0,56,9,65,6,2,65,28,101,12,60,72,173
02/07/2022,SJT,TX,ASW,CE,Federal Contract Tower,7,13,26,63,109,0,1,42,17,60,7,14,68,80,169,44,154,198,367
02/08/2022,SJT,TX,ASW,CE,Federal Contract Tower,7,8,18,35,68,0,4,44,4,52,7,12,62,39,120,88,72,160,280
02/09/2022,SJT,TX,ASW,CE,Federal Contract Tower,6,12,20,28,66,0,1,58,11,70,6,13,78,39,136,60,80,140,276
02/10/2022,SJT,TX,ASW,CE,Federal Contract Tower,7,15,26,47,95,0,3,45,13,61,7,18,71,60,156,60,80,140,296
02/11/2022,SJT,TX,ASW,CE,Federal Contract Tower,5,13,20,31,69,0,2,43,1,46,5,15,63,32,115,64,44,108,223
02/12/2022,SJT,TX,ASW,CE,Federal Contract Tower,5,7,7,20,39,0,3,12,4,19,5,10,19,24,58,0,40,40,98
02/13/2022,SJT,TX,ASW,CE,Federal Contract Tower,7,4,13,12,36,0,0,40,9,49,7,4,53,21,85,56,76,132,217
02/14/2022,SJT,TX,ASW,CE,Federal Contract Tower,7,9,13,30,59,0,4,44,16,64,7,13,57,46,123,62,74,136,259
02/15/2022,SJT,TX,ASW,CE,Federal Contract Tower,6,11,24,36,77,0,4,30,13,47,6,15,54,49,124,18,54,72,196
02/16/2022,SJT,TX,ASW,CE,Federal Contract Tower,6,12,16,63,97,0,1,20,18,39,6,13,36,81,136,20,158,178,314
02/17/2022,SJT,TX,ASW,CE,Federal Contract Tower,6,11,21,36,74,0,1,29,0,30,6,12,50,36,104,16,50,66,170
02/18/2022,SJT,TX,ASW,CE,Federal Contract Tower,7,14,30,51,102,0,3,46,12,61,7,17,76,63,163,40,92,132,295
02/19/2022,SJT,TX,ASW,CE,Federal Contract Tower,5,5,10,0,20,0,6,49,0,55,5,11,59,0,75,84,0,84,159
02/20/2022,SJT,TX,ASW,CE,Federal Contract Tower,6,2,12,17,37,0,2,35,2,39,6,4,47,19,76,80,22,102,178
02/21/2022,SJT,TX,ASW,CE,Federal Contract Tower,7,7,15,2,31,0,3,35,0,38,7,10,50,2,69,58,2,60,129
02/22/2022,SJT,TX,ASW,CE,Federal Contract Tower,8,17,21,65,111,0,6,37,13,56,8,23,58,78,167,54,110,164,331
02/23/2022,SJT,TX,ASW,CE,Federal Contract Tower,2,7,7,0,16,0,0,4,0,4,2,7,11,0,20,12,0,12,32
02/24/2022,SJT,TX,ASW,CE,Federal Contract Tower,3,2,13,23,41,0,2,13,0,15,3,4,26,23,56,18,56,74,130
02/25/2022,SJT,TX,ASW,CE,Federal Contract Tower,6,14,28,45,93,0,3,35,17,55,6,17,63,62,148,68,112,180,328
02/26/2022,SJT,TX,ASW,CE,Federal Contract Tower,5,4,9,5,23,0,0,6,0,6,5,4,15,5,29,46,8,54,83
02/27/2022,SJT,TX,ASW,CE,Federal Contract Tower,6,8,20,9,43,0,0,52,9,61,6,8,72,18,104,60,28,88,192
02/28/2022,SJT,TX,ASW,CE,Federal Contract Tower,7,10,15,35,67,0,3,37,10,50,7,13,52,45,117,68,46,114,231
03/01/2022,SJT,TX,ASW,CE,Federal Contract Tower,7,12,21,41,81,0,6,53,8,67,7,18,74,49,148,120,64,184,332
03/02/2022,SJT,TX,ASW,CE,Federal Contract Tower,7,12,35,40,94,0,4,52,9,65,7,16,87,49,159,24,114,138,297
03/03/2022,SJT,TX,ASW,CE,Federal Contract Tower,6,12,25,25,68,0,6,42,8,56,6,18,67,33,124,76,72,148,272
03/04/2022,SJT,TX,ASW,CE,Federal Contract Tower,6,9,26,43,84,0,1,14,4,19,6,10,40,47,103,12,132,144,247
03/05/2022,SJT,TX,ASW,CE,Federal Contract Tower,5,4,15,9,33,0,3,21,0,24,5,7,36,9,57,32,18,50,107
03/06/2022,SJT,TX,ASW,CE,Federal Contract Tower,6,5,6,23,40,0,0,15,5,20,6,5,21,28,60,10,30,40,100
03/07/2022,SJT,TX,ASW,CE,Federal Contract Tower,8,11,13,46,78,0,0,32,11,43,8,11,45,57,121,44,90,134,255
03/08/2022,SJT,TX,ASW,CE,Federal Contract Tower,6,25,16,65,112,0,0,37,12,49,6,25,53,77,161,64,172,236,397
03/09/2022,SJT,TX,ASW,CE,Federal Contract Tower,8,17,18,44,87,0,1,37,14,52,8,18,55,58,139,70,94,164,303
03/10/2022,SJT,TX,ASW,CE,Federal Contract Tower,7,15,30,23,75,0,1,48,12,61,7,16,78,35,136,160,48,208,344
03/11/2022,SJT,TX,ASW,CE,Federal Contract Tower,5,7,15,5,32,0,0,13,0,13,5,7,28,5,45,52,26,78,123
03/12/2022,SJT,TX,ASW,CE,Federal Contract Tower,6,7,18,7,38,0,3,40,0,43,6,10,58,7,81,54,10,64,145
03/13/2022,SJT,TX,ASW,CE,Federal Contract Tower,6,3,15,7,31,0,0,20,9,29,6,3,35,16,60,32,26,58,118
03/14/2022,SJT,TX,ASW,CE,Federal Contract Tower,5,8,15,24,52,0,1,8,11,20,5,9,23,35,72,8,56,64,136
03/15/2022,SJT,TX,ASW,CE,Federal Contract Tower,8,11,20,28,67,0,0,31,8,39,8,11,51,36,106,32,54,86,192
03/16/2022,SJT,TX,ASW,CE,Federal Contract Tower,7,10,28,32,77,0,1,24,5,30,7,11,52,37,107,54,80,134,241
03/17/2022,SJT,TX,ASW,CE,Federal Contract Tower,8,12,17,9,46,0,0,15,1,16,8,12,32,10,62,6,20,26,88
03/18/2022,SJT,TX,ASW,CE,Federal Contract Tower,3,14,17,32,66,0,0,29,11,40,3,14,46,43,106,38,98,136,242
03/19/2022,SJT,TX,ASW,CE,Federal Contract Tower,6,5,20,0,31,0,3,46,0,49,6,8,66,0,80,78,0,78,158
03/20/2022,SJT,TX,ASW,CE,Federal Contract Tower,6,3,18,7,34,0,0,14,4,18,6,3,32,11,52,22,24,46,98
03/21/2022,SJT,TX,ASW,CE,Federal Contract Tower,3,3,17,47,70,0,0,6,1,7,3,3,23,48,77,4,86,90,167
03/22/2022,SJT,TX,ASW,CE,Federal Contract Tower,6,10,23,27,66,0,0,11,6,17,6,10,34,33,83,0,46,46,129
03/23/2022,SJT,TX,ASW,CE,Federal Contract Tower,7,12,21,30,70,2,5,23,12,42,9,17,44,42,112,26,78,104,216
03/24/2022,SJT,TX,ASW,CE,Federal Contract Tower,3,11,10,34,58,0,2,30,20,52,3,13,40,54,110,62,102,164,274
03/25/2022,SJT,TX,ASW,CE,Federal Contract Tower,6,13,16,12,47,0,0,61,4,65,6,13,77,16,112,164,18,182,294
03/26/2022,SJT,TX,ASW,CE,Federal Contract Tower,6,2,7,16,31,0,3,32,6,41,6,5,39,22,72,56,34,90,162
03/27/2022,SJT,TX,ASW,CE,Federal Contract Tower,4,5,8,1,18,0,1,58,1,60,4,6,66,2,78,86,2,88,166
03/28/2022,SJT,TX,ASW,CE,Federal Contract Tower,7,11,14,24,56,0,0,54,8,62,7,11,68,32,118,88,36,124,242
03/29/2022,SJT,TX,ASW,CE,Federal Contract Tower,7,12,14,52,85,0,2,11,9,22,7,14,25,61,107,6,138,144,251
03/30/2022,SJT,TX,ASW,CE,Federal Contract Tower,8,12,13,20,53,0,0,25,9,34,8,12,38,29,87,14,60,74,161
03/31/2022,SJT,TX,ASW,CE,Federal Contract Tower,6,19,27,24,76,0,0,66,13,79,6,19,93,37,155,86,130,216,371
04/01/2022,SJT,TX,ASW,CE,Federal Contract Tower,6,13,14,24,57,0,4,28,3,35,6,17,42,27,92,76,58,134,226
04/02/2022,SJT,TX,ASW,CE,Federal Contract Tower,7,7,8,4,26,0,1,57,2,60,7,8,65,6,86,43,12,55,141
04/03/2022,SJT,TX,ASW,CE,Federal Contract Tower,6,5,14,7,32,0,7,39,1,47,6,12,53,8,79,62,24,86,165
04/04/2022,SJT,TX,ASW,CE,Federal Contract Tower,7,9,27,18,61,0,2,11,0,13,7,11,38,18,74,84,32,116,190
04/05/2022,SJT,TX,ASW,CE,Federal Contract Tower,6,18,45,24,93,0,1,43,6,50,6,19,88,30,143,48,44,92,235
04/06/2022,SJT,TX,ASW,CE,Federal Contract Tower,5,17,28,17,67,0,4,36,2,42,5,21,64,19,109,96,28,124,233
04/07/2022,SJT,TX,ASW,CE,Federal Contract Tower,9,15,27,37,88,0,4,57,13,74,9,19,84,50,162,164,122,286,448
04/08/2022,SJT,TX,ASW,CE,Federal Contract Tower,8,10,21,30,69,0,1,66,15,82,8,11,87,45,151,88,84,172,323
04/09/2022,SJT,TX,ASW,CE,Federal Contract Tower,6,3,10,2,21,0,2,36,4,42,6,5,46,6,63,60,2,62,125
04/10/2022,SJT,TX,ASW,CE,Federal Contract Tower,8,3,22,11,44,0,0,34,4,38,8,3,56,15,82,58,28,86,168
04/11/2022,SJT,TX,ASW,CE,Federal Contract Tower,7,7,24,41,79,0,2,31,17,50,7,9,55,58,129,46,116,162,291
04/12/2022,SJT,TX,ASW,CE,Federal Contract Tower,6,10,12,56,84,0,4,36,17,57,6,14,48,73,141,48,166,214,355
04/13/2022,SJT,TX,ASW,CE,Federal Contract Tower,6,10,28,49,93,0,2,32,6,40,6,12,60,55,133,50,128,178,311
04/14/2022,SJT,TX,ASW,CE,Federal Contract Tower,8,14,30,18,70,0,2,73,3,78,8,16,103,21,148,110,26,136,284
04/15/2022,SJT,TX,ASW,CE,Federal Contract Tower,8,10,28,36,82,0,0,65,6,71,8,10,93,42,153,122,116,238,391
04/16/2022,SJT,TX,ASW,CE,Federal Contract Tower,6,8,3,1,18,0,0,43,2,45,6,8,46,3,63,62,2,64,127
04/17/2022,SJT,TX,ASW,CE,Federal Contract Tower,10,8,9,1,28,0,1,21,0,22,10,9,30,1,50,24,0,24,74
04/18/2022,SJT,TX,ASW,CE,Federal Contract Tower,8,11,17,67,103,0,3,32,9,44,8,14,49,76,147,36,178,214,361
04/19/2022,SJT,TX,ASW,CE,Federal Contract Tower,6,10,29,24,69,0,3,20,11,34,6,13,49,35,103,8,34,42,145
04/20/2022,SJT,TX,ASW,CE,Federal Contract Tower,8,8,24,76,116,0,4,9,58,71,8,12,33,134,187,24,228,252,439
04/21/2022,SJT,TX,ASW,CE,Federal Contract Tower,8,11,35,49,103,0,1,48,83,132,8,12,83,132,235,46,194,240,475
04/22/2022,SJT,TX,ASW,CE,Federal Contract Tower,10,10,19,57,96,0,1,33,49,83,10,11,52,106,179,36,168,204,383
04/23/2022,SJT,TX,ASW,CE,Federal Contract Tower,6,6,31,19,62,0,0,54,37,91,6,6,85,56,153,92,142,234,387
04/24/2022,SJT,TX,ASW,CE,Federal Contract Tower,12,2,14,46,74,0,0,21,15,36,12,2,35,61,110,46,38,84,194
04/25/2022,SJT,TX,ASW,CE,Federal Contract Tower,10,7,6,12,35,0,4,12,21,37,10,11,18,33,72,4,88,92,164
04/26/2022,SJT,TX,ASW,CE,Federal Contract Tower,6,12,27,53,98,0,4,61,43,108,6,16,88,96,206,93,130,223,429
04/27/2022,SJT,TX,ASW,CE,Federal Contract Tower,7,18,32,44,101,0,0,23,4,27,7,18,55,48,128,90,152,242,370
04/28/2022,SJT,TX,ASW,CE,Federal Contract Tower,8,12,32,48,100,0,1,27,7,35,8,13,59,55,135,62,90,152,287
04/29/2022,SJT,TX,ASW,CE,Federal Contract Tower,8,11,13,22,54,0,0,26,5,31,8,11,39,27,85,36,64,100,185
04/30/2022,SJT,TX,ASW,CE,Federal Contract Tower,6,4,16,14,40,0,1,43,4,48,6,5,59,18,88,46,32,78,166
05/01/2022,SJT,TX,ASW,CE,Federal Contract Tower,8,0,20,3,31,0,0,7,0,7,8,0,27,3,38,8,2,10,48
05/02/2022,SJT,TX,ASW,CE,Federal Contract Tower,9,8,25,29,71,0,10,19,5,34,9,18,44,34,105,16,80,96,201
05/03/2022,SJT,TX,ASW,CE,Federal Contract Tower,6,14,19,41,80,0,4,39,9,52,6,18,58,50,132,56,114,170,302
05/04/2022,SJT,TX,ASW,CE,Federal Contract Tower,7,15,19,20,61,0,0,14,4,18,7,15,33,24,79,24,48,72,151
05/05/2022,SJT,TX,ASW,CE,Federal Contract Tower,12,16,24,16,68,0,4,33,2,39,12,20,57,18,107,42,52,94,201
05/06/2022,SJT,TX,ASW,CE,Federal Contract Tower,8,15,11,3,37,0,6,44,5,55,8,21,55,8,92,28,12,40,132
05/07/2022,SJT,TX,ASW,CE,Federal Contract Tower,8,3,11,0,22,0,1,54,2,57,8,4,65,2,79,68,0,68,147
05/08/2022,SJT,TX,ASW,CE,Federal Contract Tower,8,5,8,9,30,0,0,29,1,30,8,5,37,10,60,22,32,54,114
05/09/2022,SJT,TX,ASW,CE,Federal Contract Tower,8,11,17,45,81,0,5,23,8,36,8,16,40,53,117,18,130,148,265
05/10/2022,SJT,TX,ASW,CE,Federal Contract Tower,7,17,11,23,58,0,0,33,4,37,7,17,44,27,95,100,80,180,275
05/11/2022,SJT,TX,ASW,CE,Federal Contract Tower,8,11,30,36,85,0,6,31,8,45,8,17,61,44,130,46,82,128,258
05/12/2022,SJT,TX,ASW,CE,Federal Contract Tower,7,17,30,30,84,0,4,37,12,53,7,21,67,42,137,46,72,118,255
05/13/2022,SJT,TX,ASW,CE,Federal Contract Tower,8,6,37,6,57,0,2,51,4,57,8,8,88,10,114,32,22,54,168
05/14/2022,SJT,TX,ASW,CE,Federal Contract Tower,8,4,6,2,20,0,4,42,4,50,8,8,48,6,70,54,0,54,124
05/15/2022,SJT,TX,ASW,CE,Federal Contract Tower,8,5,12,8,33,0,0,31,3,34,8,5,43,11,67,24,24,48,115
05/16/2022,SJT,TX,ASW,CE,Federal Contract Tower,8,12,18,18,56,0,2,44,2,48,8,14,62,20,104,94,34,128,232
05/17/2022,SJT,TX,ASW,CE,Federal Contract Tower,9,13,25,28,75,0,13,33,16,62,9,26,58,44,137,50,96,146,283
05/18/2022,SJT,TX,ASW,CE,Federal Contract Tower,6,16,20,15,57,0,2,46,5,53,6,18,66,20,110,45,18,63,173
05/19/2022,SJT,TX,ASW,CE,Federal Contract Tower,7,13,27,11,58,0,2,24,13,39,7,15,51,24,97,32,36,68,165
05/20/2022,SJT,TX,ASW,CE,Federal Contract Tower,8,15,16,19,58,0,2,26,7,35,8,17,42,26,93,60,58,118,211
05/21/2022,SJT,TX,ASW,CE,Federal Contract Tower,8,10,11,2,31,0,0,41,1,42,8,10,52,3,73,98,2,100,173
05/22/2022,SJT,TX,ASW,CE,Federal Contract Tower,10,0,8,4,22,0,2,31,3,36,10,2,39,7,58,48,10,58,116
05/23/2022,SJT,TX,ASW,CE,Federal Contract Tower,7,5,15,7,34,0,2,10,2,14,7,7,25,9,48,44,0,44,92
05/24/2022,SJT,TX,ASW,CE,Federal Contract Tower,3,10,14,16,43,0,3,16,0,19,3,13,30,16,62,60,66,126,188
05/25/2022,SJT,TX,ASW,CE,Federal Contract Tower,9,15,17,9,50,0,4,46,6,56,9,19,63,15,106,88,32,120,226
05/26/2022,SJT,TX,ASW,CE,Federal Contract Tower,6,13,23,2,44,0,2,36,0,38,6,15,59,2,82,45,0,45,127
05/27/2022,SJT,TX,ASW,CE,Federal Contract Tower,8,11,23,2,44,0,5,41,0,46,8,16,64,2,90,68,0,68,158
05/28/2022,SJT,TX,ASW,CE,Federal Contract Tower,7,4,17,1,29,0,0,32,0,32,7,4,49,1,61,22,0,22,83
05/29/2022,SJT,TX,ASW,CE,Federal Contract Tower,8,3,7,0,18,0,2,21,0,23,8,5,28,0,41,38,0,38,79
05/30/2022,SJT,TX,ASW,CE,Federal Contract Tower,8,7,14,0,29,0,0,24,0,24,8,7,38,0,53,34,0,34,87
05/31/2022,SJT,TX,ASW,CE,Federal Contract Tower,8,13,23,5,49,0,7,36,3,46,8,20,59,8,95,64,16,80,175
06/01/2022,SJT,TX,ASW,CE,Federal Contract Tower,8,20,27,16,71,0,1,31,11,43,8,21,58,27,114,96,52,148,262
06/02/2022,SJT,TX,ASW,CE,Federal Contract Tower,10,14,30,24,78,0,1,21,1,23,10,15,51,25,101,64,74,138,239
06/03/2022,SJT,TX,ASW,CE,Federal Contract Tower,7,9,17,9,42,0,1,17,1,19,7,10,34,10,61,28,30,58,119
06/04/2022,SJT,TX,ASW,CE,Federal Contract Tower,6,5,8,4,23,0,3,43,4,50,6,8,51,8,73,58,6,64,137
06/05/2022,SJT,TX,ASW,CE,Federal Contract Tower,5,7,8,2,22,0,0,39,3,42,5,7,47,5,64,10,2,12,76
06/06/2022,SJT,TX,ASW,CE,Federal Contract Tower,6,12,6,11,35,0,6,30,33,69,6,18,36,44,104,34,10,44,148
06/07/2022,SJT,TX,ASW,CE,Federal Contract Tower,6,11,28,11,56,0,8,60,6,74,6,19,88,17,130,96,24,120,250
06/08/2022,SJT,TX,ASW,CE,Federal Contract Tower,8,18,30,35,91,0,3,25,14,42,8,21,55,49,133,56,182,238,371
06/09/2022,SJT,TX,ASW,CE,Federal Contract Tower,5,13,31,13,62,0,6,51,18,75,5,19,82,31,137,82,58,140,277
06/10/2022,SJT,TX,ASW,CE,Federal Contract Tower,7,20,22,23,72,0,0,51,15,66,7,20,73,38,138,60,70,130,268
06/11/2022,SJT,TX,ASW,CE,Federal Contract Tower,5,8,10,0,23,0,2,29,3,34,5,10,39,3,57,34,0,34,91
06/12/2022,SJT,TX,ASW,CE,Federal Contract Tower,6,4,25,9,44,0,0,39,19,58,6,4,64,28,102,18,16,34,136
06/13/2022,SJT,TX,ASW,CE,Federal Contract Tower,8,9,30,14,61,0,7,42,2,51,8,16,72,16,112,94,20,114,226
06/14/2022,SJT,TX,ASW,CE,Federal Contract Tower,6,11,30,5,52,0,2,61,1,64,6,13,91,6,116,98,24,122,238
06/15/2022,SJT,TX,ASW,CE,Federal Contract Tower,6,9,28,14,57,0,7,46,17,70,6,16,74,31,127,36,22,58,185
06/16/2022,SJT,TX,ASW,CE,Federal Contract Tower,6,13,27,3,49,0,5,28,1,34,6,18,55,4,83,52,6,58,141
06/17/2022,SJT,TX,ASW,CE,Federal Contract Tower,6,17,23,10,56,0,7,41,7,55,6,24,64,17,111,52,10,62,173
06/18/2022,SJT,TX,ASW,CE,Federal Contract Tower,6,7,12,14,39,0,1,46,1,48,6,8,58,15,87,28,12,40,127
06/19/2022,SJT,TX,ASW,CE,Federal Contract Tower,6,3,9,0,18,0,0,24,0,24,6,3,33,0,42,38,0,38,80
06/20/2022,SJT,TX,ASW,CE,Federal Contract Tower,6,9,30,9,54,0,4,39,4,47,6,13,69,13,101,112,16,128,229
06/21/2022,SJT,TX,ASW,CE,Federal Contract Tower,6,12,35,24,77,0,2,43,2,47,6,14,78,26,124,76,52,128,252
06/22/2022,SJT,TX,ASW,CE,Federal Contract Tower,6,12,45,25,88,0,3,30,6,39,6,15,75,31,127,54,60,114,241
06/23/2022,SJT,TX,ASW,CE,Federal Contract Tower,6,11,28,13,58,0,2,48,0,50,6,13,76,13,108,88,32,120,228
06/24/2022,SJT,TX,ASW,CE,Federal Contract Tower,7,14,24,15,60,0,1,47,13,61,7,15,71,28,121,72,44,116,237
06/25/2022,SJT,TX,ASW,CE,Federal Contract Tower,6,2,14,9,31,0,2,39,0,41,6,4,53,9,72,60,10,70,142
06/26/2022,SJT,TX,ASW,CE,Federal Contract Tower,6,4,15,2,27,0,0,42,12,54,6,4,57,14,81,106,4,110,191
06/27/2022,SJT,TX,ASW,CE,Federal Contract Tower,6,5,32,20,63,0,7,34,6,47,6,12,66,26,110,34,28,62,172
06/28/2022,SJT,TX,ASW,CE,Federal Contract Tower,6,8,27,33,74,0,1,41,7,49,6,9,68,40,123,78,60,138,261
06/29/2022,SJT,TX,ASW,CE,Federal Contract Tower,5,16,31,37,89,0,6,53,12,71,5,22,84,49,160,66,50,116,276
06/30/2022,SJT,TX,ASW,CE,Federal Contract Tower,6,16,27,22,71,0,3,60,7,70,6,19,87,29,141,124,58,182,323
07/01/2022,SJT,TX,ASW,CE,Federal Contract Tower,6,19,19,2,46,0,1,31,0,32,6,20,50,2,78,40,6,46,124
07/02/2022,SJT,TX,ASW,CE,Federal Contract Tower,6,2,13,2,23,0,1,49,0,50,6,3,62,2,73,62,2,64,137
07/03/2022,SJT,TX,ASW,CE,Federal Contract Tower,5,0,20,0,25,0,0,33,0,33,5,0,53,0,58,40,0,40,98
07/04/2022,SJT,TX,ASW,CE,Federal Contract Tower,6,3,12,0,21,0,0,49,0,49,6,3,61,0,70,56,0,56,126
07/05/2022,SJT,TX,ASW,CE,Federal Contract Tower,6,11,15,15,47,0,3,40,7,50,6,14,55,22,97,66,20,86,183
07/06/2022,SJT,TX,ASW,CE,Federal Contract Tower,6,12,16,37,71,0,3,42,42,87,6,15,58,79,158,84,76,160,318
07/07/2022,SJT,TX,ASW,CE,Federal Contract Tower,7,19,8,36,70,0,2,55,3,60,7,21,63,39,130,96,134,230,360
07/08/2022,SJT,TX,ASW,CE,Federal Contract Tower,7,15,6,9,37,1,3,43,7,54,8,18,49,16,91,58,20,78,169
07/09/2022,SJT,TX,ASW,CE,Federal Contract Tower,6,2,11,6,25,0,3,40,9,52,6,5,51,15,77,24,50,74,151
07/10/2022,SJT,TX,ASW,CE,Federal Contract Tower,6,1,22,8,37,0,2,28,2,32,6,3,50,10,69,60,20,80,149
07/11/2022,SJT,TX,ASW,CE,Federal Contract Tower,7,8,11,28,54,0,5,36,15,56,7,13,47,43,110,30,34,64,174
07/12/2022,SJT,TX,ASW,CE,Federal Contract Tower,6,13,21,17,57,0,4,28,5,37,6,17,49,22,94,34,18,52,146
07/13/2022,SJT,TX,ASW,CE,Federal Contract Tower,6,12,30,21,69,0,4,47,5,56,6,16,77,26,125,58,48,106,231
07/14/2022,SJT,TX,ASW,CE,Federal Contract Tower,5,15,30,24,74,0,3,34,2,39,5,18,64,26,113,36,40,76,189
07/15/2022,SJT,TX,ASW,CE,Federal Contract Tower,6,11,18,43,78,0,5,39,2,46,6,16,57,45,124,40,76,116,240
07/16/2022,SJT,TX,ASW,CE,Federal Contract Tower,6,3,5,0,14,0,1,29,2,32,6,4,34,2,46,28,0,28,74
07/17/2022,SJT,TX,ASW,CE,Federal Contract Tower,6,2,16,24,48,0,1,26,5,32,6,3,42,29,80,48,122,170,250
07/18/2022,SJT,TX,ASW,CE,Federal Contract Tower,6,10,6,33,55,0,5,39,6,50,6,15,45,39,105,42,48,90,195
07/19/2022,SJT,TX,ASW,CE,Federal Contract Tower,6,12,14,23,55,0,12,43,9,64,6,24,57,32,119,86,34,120,239
07/20/2022,SJT,TX,ASW,CE,Federal Contract Tower,4,13,15,25,57,0,24,48,13,85,4,37,63,38,142,80,66,146,288
07/21/2022,SJT,TX,ASW,CE,Federal Contract Tower,6,20,14,32,72,0,2,34,3,39,6,22,48,35,111,46,78,124,235
07/22/2022,SJT,TX,ASW,CE,Federal Contract Tower,6,10,21,46,83,0,3,40,5,48,6,13,61,51,131,36,62,98,229
07/23/2022,SJT,TX,ASW,CE,Federal Contract Tower,5,5,8,0,18,0,1,54,1,56,5,6,62,1,74,52,0,52,126
07/24/2022,SJT,TX,ASW,CE,Federal Contract Tower,6,0,8,13,27,0,0,38,10,48,6,0,46,23,75,8,32,40,115
07/25/2022,SJT,TX,ASW,CE,Federal Contract Tower,6,14,13,32,65,0,0,24,16,40,6,14,37,48,105,30,86,116,221
07/26/2022,SJT,TX,ASW,CE,Federal Contract Tower,6,16,18,42,82,0,3,38,10,51,6,19,56,52,133,52,64,116,249
07/27/2022,SJT,TX,ASW,CE,Federal Contract Tower,6,14,14,49,83,0,2,36,21,59,6,16,50,70,142,22,104,126,268
07/28/2022,SJT,TX,ASW,CE,Federal Contract Tower,6,19,18,13,56,0,7,48,5,60,6,26,66,18,116,48,30,78,194
07/29/2022,SJT,TX,ASW,CE,Federal Contract Tower,6,9,19,23,57,0,1,25,7,33,6,10,44,30,90,32,48,80,170
07/30/2022,SJT,TX,ASW,CE,Federal Contract Tower,6,5,6,14,31,0,1,31,1,33,6,6,37,15,64,12,28,40,104
07/31/2022,SJT,TX,ASW,CE,Federal Contract Tower,6,4,10,0,20,0,0,23,0,23,6,4,33,0,43,16,0,16,59
08/01/2022,SJT,TX,ASW,CE,Federal Contract Tower,6,7,10,25,48,0,1,28,6,35,6,8,38,31,83,30,60,90,173
08/02/2022,SJT,TX,ASW,CE,Federal Contract Tower,7,12,16,27,62,0,1,30,4,35,7,13,46,31,97,4,70,74,171
08/03/2022,SJT,TX,ASW,CE,Federal Contract Tower,6,15,16,19,56,0,0,25,7,32,6,15,41,26,88,12,26,38,126
08/04/2022,SJT,TX,ASW,CE,Federal Contract Tower,7,16,16,13,52,0,4,39,10,53,7,20,55,23,105,36,54,90,195
08/05/2022,SJT,TX,ASW,CE,Federal Contract Tower,6,11,17,21,55,0,1,26,11,38,6,12,43,32,93,12,42,54,147
08/06/2022,SJT,TX,ASW,CE,Federal Contract Tower,6,3,15,5,29,0,1,36,2,39,6,4,51,7,68,22,22,44,112
08/07/2022,SJT,TX,ASW,CE,Federal Contract Tower,6,0,14,22,42,0,0,30,3,33,6,0,44,25,75,16,34,50,125
08/08/2022,SJT,TX,ASW,CE,Federal Contract Tower,6,4,10,22,42,0,1,49,4,54,6,5,59,26,96,44,58,102,198
08/09/2022,SJT,TX,ASW,CE,Federal Contract Tower,5,14,14,38,71,0,2,28,17,47,5,16,42,55,118,38,65,103,221
08/10/2022,SJT,TX,ASW,CE,Federal Contract Tower,6,5,12,18,41,0,4,32,4,40,6,9,44,22,81,78,64,142,223
08/11/2022,SJT,TX,ASW,CE,Federal Contract Tower,6,9,21,15,51,0,8,32,6,46,6,17,53,21,97,38,20,58,155
08/12/2022,SJT,TX,ASW,CE,Federal Contract Tower,6,16,12,53,87,0,5,38,2,45,6,21,50,55,132,38,106,144,276
08/13/2022,SJT,TX,ASW,CE,Federal Contract Tower,6,9,6,2,23,0,5,26,0,31,6,14,32,2,54,56,0,56,110
08/14/2022,SJT,TX,ASW,CE,Federal Contract Tower,6,4,6,0,16,0,5,27,0,32,6,9,33,0,48,26,0,26,74
08/15/2022,SJT,TX,ASW,CE,Federal Contract Tower,6,6,14,12,38,0,6,30,4,40,6,12,44,16,78,22,18,40,118
08/16/2022,SJT,TX,ASW,CE,Federal Contract Tower,6,10,15,21,52,0,4,37,6,47,6,14,52,27,99,56,42,98,197
08/17/2022,SJT,TX,ASW,CE,Federal Contract Tower,91,12,13,39,155,0,6,43,2,51,91,18,56,41,206,60,76,136,342
08/18/2022,SJT,TX,ASW,CE,Federal Contract Tower,6,16,22,12,56,0,1,24,2,27,6,17,46,14,83,42,20,62,145
08/19/2022,SJT,TX,ASW,CE,Federal Contract Tower,6,15,15,7,43,0,3,20,1,24,6,18,35,8,67,16,4,20,87
08/20/2022,SJT,TX,ASW,CE,Federal Contract Tower,9,4,7,1,21,0,1,43,0,44,9,5,50,1,65,38,0,38,103
08/21/2022,SJT,TX,ASW,CE,Federal Contract Tower,5,5,9,8,27,0,0,8,8,16,5,5,17,16,43,2,20,22,65
08/22/2022,SJT,TX,ASW,CE,Federal Contract Tower,4,8,7,4,23,0,2,9,0,11,4,10,16,4,34,20,4,24,58
08/23/2022,SJT,TX,ASW,CE,Federal Contract Tower,6,23,24,31,84,0,20,45,12,77,6,43,69,43,161,80,82,162,323
08/24/2022,SJT,TX,ASW,CE,Federal Contract Tower,5,19,21,43,88,0,6,56,4,66,5,25,77,47,154,124,88,212,366
08/25/2022,SJT,TX,ASW,CE,Federal Contract Tower,6,21,16,92,135,0,20,74,14,108,6,41,90,106,243,98,138,236,479
08/26/2022,SJT,TX,ASW,CE,Federal Contract Tower,6,15,18,41,80,0,7,43,5,55,6,22,61,46,135,34,118,152,287
08/27/2022,SJT,TX,ASW,CE,Federal Contract Tower,6,4,11,1,22,0,1,57,2,60,6,5,68,3,82,60,10,70,152
08/28/2022,SJT,TX,ASW,CE,Federal Contract Tower,8,4,10,22,44,0,1,25,8,34,8,5,35,30,78,8,46,54,132
08/29/2022,SJT,TX,ASW,CE,Federal Contract Tower,6,6,17,39,68,0,3,42,18,63,6,9,59,57,131,44,76,120,251
08/30/2022,SJT,TX,ASW,CE,Federal Contract Tower,6,10,8,13,37,0,0,35,0,35,6,10,43,13,72,48,20,68,140
08/31/2022,SJT,TX,ASW,CE,Federal Contract Tower,5,9,21,4,39,0,0,30,2,32,5,9,51,6,71,62,2,64,135
09/01/2022,SJT,TX,ASW,CE,Federal Contract Tower,4,6,22,0,32,0,0,21,0,21,4,6,43,0,53,20,0,20,73
09/02/2022,SJT,TX,ASW,CE,Federal Contract Tower,6,11,22,0,39,0,0,24,5,29,6,11,46,5,68,50,4,54,122
09/03/2022,SJT,TX,ASW,CE,Federal Contract Tower,5,4,12,0,21,0,2,29,1,32,5,6,41,1,53,24,0,24,77
09/04/2022,SJT,TX,ASW,CE,Federal Contract Tower,4,10,4,3,21,0,0,15,0,15,4,10,19,3,36,38,4,42,78
09/05/2022,SJT,TX,ASW,CE,Federal Contract Tower,7,3,22,0,32,0,37,4,0,41,7,40,26,0,73,40,4,44,117
09/06/2022,SJT,TX,ASW,CE,Federal Contract Tower,7,9,24,52,92,0,7,79,13,99,7,16,103,65,191,124,85,209,400
09/07/2022,SJT,TX,ASW,CE,Federal Contract Tower,6,18,20,43,87,0,7,60,7,74,6,25,80,50,161,124,131,255,416
09/08/2022,SJT,TX,ASW,CE,Federal Contract Tower,6,10,15,4,35,0,3,73,7,83,6,13,88,11,118,214,18,232,350
09/09/2022,SJT,TX,ASW,CE,Federal Contract Tower,6,13,36,11,66,0,10,43,4,57,6,23,79,15,123,52,18,70,193
09/10/2022,SJT,TX,ASW,CE,Federal Contract Tower,6,4,10,2,22,0,5,41,2,48,6,9,51,4,70,38,8,46,116
09/11/2022,SJT,TX,ASW,CE,Federal Contract Tower,6,4,16,9,35,0,0,56,1,57,6,4,72,10,92,96,6,102,194
09/12/2022,SJT,TX,ASW,CE,Federal Contract Tower,6,8,22,18,54,0,2,60,12,74,6,10,82,30,128,68,32,100,228
09/13/2022,SJT,TX,ASW,CE,Federal Contract Tower,8,13,31,54,106,10,4,99,3,116,18,17,130,57,222,218,26,244,466
09/14/2022,SJT,TX,ASW,CE,Federal Contract Tower,6,15,20,19,60,0,4,49,3,56,6,19,69,22,116,100,30,130,246
09/15/2022,SJT,TX,ASW,CE,Federal Contract Tower,6,13,19,25,63,0,0,68,7,75,6,13,87,32,138,136,108,244,382
09/16/2022,SJT,TX,ASW,CE,Federal Contract Tower,8,10,22,20,60,0,2,46,3,51,8,12,68,23,111,54,52,106,217
09/17/2022,SJT,TX,ASW,CE,Federal Contract Tower,6,7,9,7,29,0,0,47,3,50,6,7,56,10,79,72,18,90,169
09/18/2022,SJT,TX,ASW,CE,Federal Contract Tower,6,5,15,8,34,0,0,44,6,50,6,5,59,14,84,80,14,94,178
09/19/2022,SJT,TX,ASW,CE,Federal Contract Tower,6,11,12,38,67,0,3,43,9,55,6,14,55,47,122,80,110,190,312
09/20/2022,SJT,TX,ASW,CE,Federal Contract Tower,6,15,20,19,60,0,3,67,16,86,6,18,87,35,146,142,68,210,356
09/21/2022,SJT,TX,ASW,CE,Federal Contract Tower,6,9,18,24,57,0,2,46,14,62,6,11,64,38,119,48,114,162,281
09/22/2022,SJT,TX,ASW,CE,Federal Contract Tower,6,13,23,36,78,0,1,58,10,69,6,14,81,46,147,148,68,216,363
09/23/2022,SJT,TX,ASW,CE,Federal Contract Tower,6,17,16,22,61,0,4,49,12,65,6,21,65,34,126,58,44,102,228
09/24/2022,SJT,TX,ASW,CE,Federal Contract Tower,8,4,23,0,35,0,4,43,1,48,8,8,66,1,83,104,0,104,187
09/25/2022,SJT,TX,ASW,CE,Federal Contract Tower,6,3,18,10,37,0,0,54,7,61,6,3,72,17,98,62,12,74,172
09/26/2022,SJT,TX,ASW,CE,Federal Contract Tower,6,4,26,39,75,0,4,39,18,61,6,8,65,57,136,48,108,156,292
09/27/2022,SJT,TX,ASW,CE,Federal Contract Tower,8,17,26,23,74,0,2,82,11,95,8,19,108,34,169,152,70,222,391
09/28/2022,SJT,TX,ASW,CE,Federal Contract Tower,6,15,31,28,80,0,7,50,8,65,6,22,81,36,145,120,90,210,355
09/29/2022,SJT,TX,ASW,CE,Federal Contract Tower,6,17,17,41,81,0,7,84,6,97,6,24,101,47,178,104,132,236,414
09/30/2022,SJT,TX,ASW,CE,Federal Contract Tower,6,17,14,26,63,0,6,58,12,76,6,23,72,38,139,102,90,192,331
10/01/2022,SJT,TX,ASW,CE,Federal Contract Tower,7,6,4,2,19,0,1,72,1,74,7,7,76,3,93,56,15,71,164
10/02/2022,SJT,TX,ASW,CE,Federal Contract Tower,5,9,17,3,34,0,0,54,0,54,5,9,71,3,88,54,2,56,144
10/03/2022,SJT,TX,ASW,CE,Federal Contract Tower,6,6,15,31,58,0,0,50,12,62,6,6,65,43,120,110,94,204,324
10/04/2022,SJT,TX,ASW,CE,Federal Contract Tower,6,17,33,30,86,0,14,73,12,99,6,31,106,42,185,144,74,218,403
10/05/2022,SJT,TX,ASW,CE,Federal Contract Tower,6,11,53,47,117,0,6,67,24,97,6,17,120,71,214,176,100,276,490
10/06/2022,SJT,TX,ASW,CE,Federal Contract Tower,6,10,27,38,81,0,2,62,8,72,6,12,89,46,153,86,84,170,323
10/07/2022,SJT,TX,ASW,CE,Federal Contract Tower,8,13,35,58,114,0,4,44,6,54,8,17,79,64,168,64,140,204,372
10/08/2022,SJT,TX,ASW,CE,Federal Contract Tower,4,5,10,0,19,0,0,41,0,41,4,5,51,0,60,6,0,6,66
10/09/2022,SJT,TX,ASW,CE,Federal Contract Tower,6,2,27,0,35,0,0,38,0,38,6,2,65,0,73,36,0,36,109
10/10/2022,SJT,TX,ASW,CE,Federal Contract Tower,4,5,16,0,25,0,1,29,0,30,4,6,45,0,55,20,0,20,75
10/11/2022,SJT,TX,ASW,CE,Federal Contract Tower,4,15,22,32,73,0,3,44,1,48,4,18,66,33,121,110,44,154,275
10/12/2022,SJT,TX,ASW,CE,Federal Contract Tower,3,14,20,27,64,0,3,40,16,59,3,17,60,43,123,78,44,122,245
10/13/2022,SJT,TX,ASW,CE,Federal Contract Tower,6,9,27,28,70,0,3,58,4,65,6,12,85,32,135,58,98,156,291
10/14/2022,SJT,TX,ASW,CE,Federal Contract Tower,6,18,35,45,104,0,1,84,1,86,6,19,119,46,190,144,74,218,408
10/15/2022,SJT,TX,ASW,CE,Federal Contract Tower,4,4,17,0,25,0,0,42,5,47,4,4,59,5,72,70,24,94,166
10/16/2022,SJT,TX,ASW,CE,Federal Contract Tower,6,0,19,0,25,0,0,6,0,6,6,0,25,0,31,14,0,14,45
10/17/2022,SJT,TX,ASW,CE,Federal Contract Tower,4,8,9,10,31,0,1,18,0,19,4,9,27,10,50,68,22,90,140
10/18/2022,SJT,TX,ASW,CE,Federal Contract Tower,4,13,30,30,77,0,3,70,6,79,4,16,100,36,156,192,132,324,480
10/19/2022,SJT,TX,ASW,CE,Federal Contract Tower,4,10,37,58,109,0,3,47,4,54,4,13,84,62,163,66,146,212,375
10/20/2022,SJT,TX,ASW,CE,Federal Contract Tower,6,20,23,36,85,0,10,55,5,70,6,30,78,41,155,70,84,154,309
10/21/2022,SJT,TX,ASW,CE,Federal Contract Tower,6,15,18,18,57,0,3,57,6,66,6,18,75,24,123,60,52,112,235
10/22/2022,SJT,TX,ASW,CE,Federal Contract Tower,4,6,13,0,23,0,0,31,0,31,4,6,44,0,54,30,0,30,84
10/23/2022,SJT,TX,ASW,CE,Federal Contract Tower,6,4,19,14,43,0,0,29,0,29,6,4,48,14,72,2,30,32,104
10/24/2022,SJT,TX,ASW,CE,Federal Contract Tower,4,5,17,3,29,0,2,17,3,22,4,7,34,6,51,46,10,56,107
10/25/2022,SJT,TX,ASW,CE,Federal Contract Tower,4,12,30,28,74,0,8,70,19,97,4,20,100,47,171,150,96,246,417
10/26/2022,SJT,TX,ASW,CE,Federal Contract Tower,3,18,38,23,82,0,4,48,9,61,3,22,86,32,143,60,100,160,303
10/27/2022,SJT,TX,ASW,CE,Federal Contract Tower,6,16,31,19,72,0,4,55,9,68,6,20,86,28,140,94,62,156,296
10/28/2022,SJT,TX,ASW,CE,Federal Contract Tower,11,8,29,10,58,0,0,8,0,8,11,8,37,10,66,12,8,20,86
10/29/2022,SJT,TX,ASW,CE,Federal Contract Tower,3,11,21,10,45,0,2,30,8,40,3,13,51,18,85,44,14,58,143
10/30/2022,SJT,TX,ASW,CE,Federal Contract Tower,6,1,16,11,34,0,0,61,11,72,6,1,77,22,106,64,48,112,218
10/31/2022,SJT,TX,ASW,CE,Federal Contract Tower,3,10,26,44,83,0,5,53,11,69,3,15,79,55,152,131,97,228,380
11/01/2022,SJT,TX,ASW,CE,Federal Contract Tower,4,15,23,28,70,0,0,58,10,68,4,15,81,38,138,56,84,140,278
11/02/2022,SJT,TX,ASW,CE,Federal Contract Tower,4,9,32,39,84,0,1,40,10,51,4,10,72,49,135,70,142,212,347
11/03/2022,SJT,TX,ASW,CE,Federal Contract Tower,4,10,31,18,63,0,3,16,4,23,4,13,47,22,86,28,62,90,176
11/04/2022,SJT,TX,ASW,CE,Federal Contract Tower,2,9,9,58,78,0,0,7,14,21,2,9,16,72,99,2,130,132,231
11/05/2022,SJT,TX,ASW,CE,Federal Contract Tower,2,7,8,1,18,0,0,52,2,54,2,7,60,3,72,88,0,88,160
11/06/2022,SJT,TX,ASW,CE,Federal Contract Tower,6,3,21,8,38,0,0,52,10,62,6,3,73,18,100,28,30,58,158
11/07/2022,SJT,TX,ASW,CE,Federal Contract Tower,4,6,25,10,45,0,2,34,1,37,4,8,59,11,82,48,72,120,202
11/08/2022,SJT,TX,ASW,CE,Federal Contract Tower,5,12,42,40,99,0,3,51,5,59,5,15,93,45,158,52,88,140,298
11/09/2022,SJT,TX,ASW,CE,Federal Contract Tower,6,15,23,55,99,0,8,20,4,32,6,23,43,59,131,42,116,158,289
11/10/2022,SJT,TX,ASW,CE,Federal Contract Tower,4,17,39,52,112,0,3,36,9,48,4,20,75,61,160,76,124,200,360
11/11/2022,SJT,TX,ASW,CE,Federal Contract Tower,4,12,20,2,38,0,0,6,0,6,4,12,26,2,44,8,6,14,58
11/12/2022,SJT,TX,ASW,CE,Federal Contract Tower,4,5,41,0,50,0,2,42,2,46,4,7,83,2,96,52,0,52,148
11/13/2022,SJT,TX,ASW,CE,Federal Contract Tower,4,4,33,0,41,0,0,35,0,35,4,4,68,0,76,72,0,72,148
11/14/2022,SJT,TX,ASW,CE,Federal Contract Tower,4,14,13,0,31,0,1,15,0,16,4,15,28,0,47,38,0,38,85
11/15/2022,SJT,TX,ASW,CE,Federal Contract Tower,3,10,24,42,79,0,3,59,10,72,3,13,83,52,151,72,94,166,317
11/16/2022,SJT,TX,ASW,CE,Federal Contract Tower,4,12,26,42,84,0,0,62,16,78,4,12,88,58,162,68,88,156,318
11/17/2022,SJT,TX,ASW,CE,Federal Contract Tower,4,14,27,42,87,0,4,54,14,72,4,18,81,56,159,78,98,176,335
11/18/2022,SJT,TX,ASW,CE,Federal Contract Tower,4,10,28,34,76,0,1,23,2,26,4,11,51,36,102,22,76,98,200
11/19/2022,SJT,TX,ASW,CE,Federal Contract Tower,4,7,13,0,24,0,0,7,0,7,4,7,20,0,31,20,0,20,51
11/20/2022,SJT,TX,ASW,CE,Federal Contract Tower,4,5,8,2,19,0,5,0,0,5,4,10,8,2,24,6,4,10,34
11/21/2022,SJT,TX,ASW,CE,Federal Contract Tower,4,12,16,26,58,0,1,16,0,17,4,13,32,26,75,54,40,94,169
11/22/2022,SJT,TX,ASW,CE,Federal Contract Tower,4,12,20,9,45,0,1,35,0,36,4,13,55,9,81,46,12,58,139
11/23/2022,SJT,TX,ASW,CE,Federal Contract Tower,4,16,16,6,42,0,0,17,0,17,4,16,33,6,59,2,10,12,71
11/24/2022,SJT,TX,ASW,CE,Federal Contract Tower,5,1,13,0,19,0,0,1,0,1,5,1,14,0,20,0,0,0,20
11/25/2022,SJT,TX,ASW,CE,Federal Contract Tower,6,12,4,0,22,0,0,0,0,0,6,12,4,0,22,2,0,2,24
11/26/2022,SJT,TX,ASW,CE,Federal Contract Tower,4,7,10,0,21,0,0,13,0,13,4,7,23,0,34,10,0,10,44
11/27/2022,SJT,TX,ASW,CE,Federal Contract Tower,5,0,31,0,36,0,0,43,0,43,5,0,74,0,79,50,0,50,129
11/28/2022,SJT,TX,ASW,CE,Federal Contract Tower,4,11,19,56,90,0,5,38,7,50,4,16,57,63,140,80,130,210,350
11/29/2022,SJT,TX,ASW,CE,Federal Contract Tower,4,17,11,41,73,0,6,63,26,95,4,23,74,67,168,102,82,184,352
11/30/2022,SJT,TX,ASW,CE,Federal Contract Tower,4,15,31,40,90,0,8,38,22,68,4,23,69,62,158,54,120,174,332
12/01/2022,SJT,TX,ASW,CE,Federal Contract Tower,6,16,34,40,96,0,3,41,7,51,6,19,75,47,147,132,84,216,363
12/02/2022,SJT,TX,ASW,CE,Federal Contract Tower,5,16,32,21,74,0,1,32,0,33,5,17,64,21,107,74,82,156,263
12/03/2022,SJT,TX,ASW,CE,Federal Contract Tower,5,10,29,16,60,0,0,38,0,38,5,10,67,16,98,46,42,88,186
12/04/2022,SJT,TX,ASW,CE,Federal Contract Tower,4,4,33,13,54,0,0,16,0,16,4,4,49,13,70,52,30,82,152
12/05/2022,SJT,TX,ASW,CE,Federal Contract Tower,4,7,28,22,61,0,7,50,2,59,4,14,78,24,120,118,52,170,290
12/06/2022,SJT,TX,ASW,CE,Federal Contract Tower,4,12,32,34,82,0,0,84,24,108,4,12,116,58,190,96,82,178,368
12/07/2022,SJT,TX,ASW,CE,Federal Contract Tower,4,17,28,11,60,0,2,21,7,30,4,19,49,18,90,36,36,72,162
12/08/2022,SJT,TX,ASW,CE,Federal Contract Tower,5,18,34,10,67,0,0,33,0,33,5,18,67,10,100,62,14,76,176
12/09/2022,SJT,TX,ASW,CE,Federal Contract Tower,5,12,21,11,49,0,2,38,0,40,5,14,59,11,89,102,34,136,225
12/10/2022,SJT,TX,ASW,CE,Federal Contract Tower,3,10,12,0,25,0,0,1,0,1,3,10,13,0,26,0,0,0,26
12/11/2022,SJT,TX,ASW,CE,Federal Contract Tower,3,7,19,10,39,0,0,0,0,0,3,7,19,10,39,0,14,14,53
12/12/2022,SJT,TX,ASW,CE,Federal Contract Tower,4,8,34,31,77,0,0,40,6,46,4,8,74,37,123,78,46,124,247
12/13/2022,SJT,TX,ASW,CE,Federal Contract Tower,4,14,34,32,84,0,3,75,31,109,4,17,109,63,193,90,78,168,361
12/14/2022,SJT,TX,ASW,CE,Federal Contract Tower,4,16,23,6,49,0,7,39,4,50,4,23,62,10,99,22,10,32,131
12/15/2022,SJT,TX,ASW,CE,Federal Contract Tower,5,22,16,42,85,0,4,66,3,73,5,26,82,45,158,158,38,196,354
12/16/2022,SJT,TX,ASW,CE,Federal Contract Tower,5,15,36,44,100,0,2,48,2,52,5,17,84,46,152,94,108,202,354
12/17/2022,SJT,TX,ASW,CE,Federal Contract Tower,4,7,24,0,35,0,0,74,0,74,4,7,98,0,109,112,0,112,221
12/18/2022,SJT,TX,ASW,CE,Federal Contract Tower,4,0,35,12,51,0,0,25,2,27,4,0,60,14,78,34,16,50,128
12/19/2022,SJT,TX,ASW,CE,Federal Contract Tower,4,17,15,39,75,0,0,25,9,34,4,17,40,48,109,36,68,104,213
12/20/2022,SJT,TX,ASW,CE,Federal Contract Tower,4,16,34,30,84,0,2,24,3,29,4,18,58,33,113,38,36,74,187
12/21/2022,SJT,TX,ASW,CE,Federal Contract Tower,4,20,17,39,80,0,1,26,0,27,4,21,43,39,107,54,32,86,193
12/22/2022,SJT,TX,ASW,CE,Federal Contract Tower,4,10,19,0,33,0,1,9,0,10,4,11,28,0,43,6,0,6,49
12/23/2022,SJT,TX,ASW,CE,Federal Contract Tower,4,14,8,0,26,0,0,10,0,10,4,14,18,0,36,10,0,10,46
12/24/2022,SJT,TX,ASW,CE,Federal Contract Tower,3,3,6,0,12,0,0,12,0,12,3,3,18,0,24,10,0,10,34
12/25/2022,SJT,TX,ASW,CE,Federal Contract Tower,2,2,6,0,10,0,0,7,0,7,2,2,13,0,17,8,0,8,25
12/26/2022,SJT,TX,ASW,CE,Federal Contract Tower,4,3,29,0,36,0,0,16,0,16,4,3,45,0,52,16,0,16,68
12/27/2022,SJT,TX,ASW,CE,Federal Contract Tower,4,8,14,2,28,0,1,30,1,32,4,9,44,3,60,22,2,24,84
12/28/2022,SJT,TX,ASW,CE,Federal Contract Tower,4,21,15,0,40,0,4,43,0,47,4,25,58,0,87,50,0,50,137
12/29/2022,SJT,TX,ASW,CE,Federal Contract Tower,4,13,13,0,30,0,1,48,0,49,4,14,61,0,79,60,0,60,139
12/30/2022,SJT,TX,ASW,CE,Federal Contract Tower,4,14,21,0,39,0,0,47,0,47,4,14,68,0,86,104,0,104,190
12/31/2022,SJT,TX,ASW,CE,Federal Contract Tower,3,5,13,0,21,0,2,29,0,31,3,7,42,0,52,16,0,16,68
01/01/2023,SJT,TX,ASW,CE,Federal Contract Tower,2,7,9,0,18,0,0,28,0,28,2,7,37,0,46,30,0,30,76
01/02/2023,SJT,TX,ASW,CE,Federal Contract Tower,5,8,16,0,29,0,0,23,0,23,5,8,39,0,52,16,0,16,68
01/03/2023,SJT,TX,ASW,CE,Federal Contract Tower,3,13,13,0,29,0,5,22,0,27,3,18,35,0,56,26,0,26,82
01/04/2023,SJT,TX,ASW,CE,Federal Contract Tower,4,11,21,8,44,0,5,25,0,30,4,16,46,8,74,26,10,36,110
01/05/2023,SJT,TX,ASW,CE,Federal Contract Tower,4,19,32,39,94,0,3,41,11,55,4,22,73,50,149,52,88,140,289
01/06/2023,SJT,TX,ASW,CE,Federal Contract Tower,4,8,20,29,61,0,2,42,18,62,4,10,62,47,123,46,88,134,257
01/07/2023,SJT,TX,ASW,CE,Federal Contract Tower,4,4,5,5,18,0,0,51,0,51,4,4,56,5,69,126,8,134,203
01/08/2023,SJT,TX,ASW,CE,Federal Contract Tower,4,5,26,13,48,0,3,46,5,54,4,8,72,18,102,30,30,60,162
01/09/2023,SJT,TX,ASW,CE,Federal Contract Tower,4,10,12,49,75,0,10,47,15,72,4,20,59,64,147,44,116,160,307
01/10/2023,SJT,TX,ASW,CE,Federal Contract Tower,4,21,25,42,92,0,7,35,24,66,4,28,60,66,158,52,150,202,360
01/11/2023,SJT,TX,ASW,CE,Federal Contract Tower,4,13,28,19,64,0,9,38,14,61,4,22,66,33,125,78,40,118,243
01/12/2023,SJT,TX,ASW,CE,Federal Contract Tower,4,14,25,54,97,0,3,42,11,56,4,17,67,65,153,68,164,232,385
01/13/2023,SJT,TX,ASW,CE,Federal Contract Tower,4,17,14,20,55,0,6,46,8,60,4,23,60,28,115,68,48,116,231
01/14/2023,SJT,TX,ASW,CE,Federal Contract Tower,3,6,16,0,25,0,0,36,0,36,3,6,52,0,61,16,0,16,77
01/15/2023,SJT,TX,ASW,CE,Federal Contract Tower,3,3,15,0,21,0,0,15,0,15,3,3,30,0,36,18,0,18,54
01/16/2023,SJT,TX,ASW,CE,Federal Contract Tower,4,7,27,1,39,0,1,34,0,35,4,8,61,1,74,93,0,93,167
01/17/2023,SJT,TX,ASW,CE,Federal Contract Tower,4,8,17,34,63,0,3,68,21,92,4,11,85,55,155,52,46,98,253
01/18/2023,SJT,TX,ASW,CE,Federal Contract Tower,4,14,26,33,77,0,0,20,11,31,4,14,46,44,108,26,68,94,202
01/19/2023,SJT,TX,ASW,CE,Federal Contract Tower,4,16,35,32,87,0,0,90,3,93,4,16,125,35,180,110,96,206,386
01/20/2023,SJT,TX,ASW,CE,Federal Contract Tower,4,11,16,29,60,0,2,54,18,74,4,13,70,47,134,58,36,94,228
01/21/2023,SJT,TX,ASW,CE,Federal Contract Tower,4,4,17,2,27,0,0,92,10,102,4,4,109,12,129,122,0,122,251
01/22/2023,SJT,TX,ASW,CE,Federal Contract Tower,4,4,13,31,52,0,0,61,18,79,4,4,74,49,131,76,74,150,281
01/23/2023,SJT,TX,ASW,CE,Federal Contract Tower,4,9,15,37,65,0,1,44,12,57,4,10,59,49,122,38,44,82,204
01/24/2023,SJT,TX,ASW,CE,Federal Contract Tower,6,10,8,5,29,0,4,3,6,13,6,14,11,11,42,4,10,14,56
01/25/2023,SJT,TX,ASW,CE,Federal Contract Tower,6,10,30,34,80,0,2,89,19,110,6,12,119,53,190,106,78,184,374
01/26/2023,SJT,TX,ASW,CE,Federal Contract Tower,5,9,17,23,54,0,1,113,34,148,5,10,130,57,202,134,78,212,414
01/27/2023,SJT,TX,ASW,CE,Federal Contract Tower,8,17,14,32,71,0,1,82,4,87,8,18,96,36,158,74,56,130,288
01/28/2023,SJT,TX,ASW,CE,Federal Contract Tower,4,6,17,18,45,0,0,42,5,47,4,6,59,23,92,30,10,40,132
01/29/2023,SJT,TX,ASW,CE,Federal Contract Tower,4,3,21,31,59,0,0,8,0,8,4,3,29,31,67,6,40,46,113
01/30/2023,SJT,TX,ASW,CE,Federal Contract Tower,0,1,3,0,4,0,0,0,0,0,0,1,3,0,4,0,0,0,4
01/31/2023,SJT,TX,ASW,CE,Federal Contract Tower,0,0,0,0,0,0,0,0,0,0,0,0,0,0,0,0,0,0,0
02/01/2023,SJT,TX,ASW,CE,Federal Contract Tower,0,0,0,0,0,0,0,0,0,0,0,0,0,0,0,0,0,0,0
02/02/2023,SJT,TX,ASW,CE,Federal Contract Tower,5,8,5,1,19,0,0,5,0,5,5,8,10,1,24,10,0,10,34
02/03/2023,SJT,TX,ASW,CE,Federal Contract Tower,5,11,33,68,117,0,1,83,17,101,5,12,116,85,218,120,210,330,548
02/04/2023,SJT,TX,ASW,CE,Federal Contract Tower,7,5,14,0,26,0,0,72,0,72,7,5,86,0,98,110,0,110,208
02/05/2023,SJT,TX,ASW,CE,Federal Contract Tower,6,6,32,13,57,0,1,73,14,88,6,7,105,27,145,128,82,210,355
02/06/2023,SJT,TX,ASW,CE,Federal Contract Tower,6,9,17,35,67,0,4,45,11,60,6,13,62,46,127,72,66,138,265
02/07/2023,SJT,TX,ASW,CE,Federal Contract Tower,5,14,28,28,75,0,0,0,0,0,5,14,28,28,75,10,30,40,115
02/08/2023,SJT,TX,ASW,CE,Federal Contract Tower,4,14,28,36,82,0,1,38,29,68,4,15,66,65,150,30,78,108,258
02/09/2023,SJT,TX,ASW,CE,Federal Contract Tower,6,11,25,15,57,0,8,73,23,104,6,19,98,38,161,108,76,184,345
02/10/2023,SJT,TX,ASW,CE,Federal Contract Tower,6,12,33,8,59,0,4,56,4,64,6,16,89,12,123,76,22,98,221
02/11/2023,SJT,TX,ASW,CE,Federal Contract Tower,6,12,22,19,59,0,1,77,5,83,6,13,99,24,142,92,28,120,262
02/12/2023,SJT,TX,ASW,CE,Federal Contract Tower,6,5,16,2,29,0,0,53,0,53,6,5,69,2,82,40,4,44,126
02/13/2023,SJT,TX,ASW,CE,Federal Contract Tower,6,7,27,34,74,0,4,38,8,50,6,11,65,42,124,50,94,144,268
02/14/2023,SJT,TX,ASW,CE,Federal Contract Tower,5,9,8,9,31,0,2,37,12,51,5,11,45,21,82,56,56,112,194
02/15/2023,SJT,TX,ASW,CE,Federal Contract Tower,5,16,23,20,64,0,6,26,13,45,5,22,49,33,109,46,50,96,205
02/16/2023,SJT,TX,ASW,CE,Federal Contract Tower,6,11,29,51,97,0,12,91,22,125,6,23,120,73,222,110,202,312,534
02/17/2023,SJT,TX,ASW,CE,Federal Contract Tower,6,11,31,26,74,0,2,82,18,102,6,13,113,44,176,134,82,216,392
02/18/2023,SJT,TX,ASW,CE,Federal Contract Tower,5,9,9,2,25,0,0,89,0,89,5,9,98,2,114,114,0,114,228
02/19/2023,SJT,TX,ASW,CE,Federal Contract Tower,6,5,17,5,33,0,1,48,0,49,6,6,65,5,82,50,4,54,136
02/20/2023,SJT,TX,ASW,CE,Federal Contract Tower,6,8,35,2,51,0,1,80,3,84,6,9,115,5,135,112,4,116,251
02/21/2023,SJT,TX,ASW,CE,Federal Contract Tower,6,9,30,33,78,0,4,74,18,96,6,13,104,51,174,94,82,176,350
02/22/2023,SJT,TX,ASW,CE,Federal Contract Tower,6,11,27,20,64,0,4,19,14,37,6,15,46,34,101,34,50,84,185
02/23/2023,SJT,TX,ASW,CE,Federal Contract Tower,6,10,38,58,112,0,4,53,9,66,6,14,91,67,178,82,122,204,382
02/24/2023,SJT,TX,ASW,CE,Federal Contract Tower,6,14,15,41,76,0,7,54,13,74,6,21,69,54,150,170,78,248,398
02/25/2023,SJT,TX,ASW,CE,Federal Contract Tower,6,5,13,2,26,0,1,7,0,8,6,6,20,2,34,6,0,6,40
02/26/2023,SJT,TX,ASW,CE,Federal Contract Tower,8,5,17,20,50,0,4,3,2,9,8,9,20,22,59,2,36,38,97
02/27/2023,SJT,TX,ASW,CE,Federal Contract Tower,7,11,25,33,76,0,6,79,15,100,7,17,104,48,176,118,56,174,350
02/28/2023,SJT,TX,ASW,CE,Federal Contract Tower,5,15,34,38,92,0,7,114,18,139,5,22,148,56,231,170,104,274,505
03/01/2023,SJT,TX,ASW,CE,Federal Contract Tower,7,16,40,38,101,0,6,85,10,101,7,22,125,48,202,144,72,216,418
03/02/2023,SJT,TX,ASW,CE,Federal Contract Tower,4,13,21,27,65,0,1,29,4,34,4,14,50,31,99,52,50,102,201
03/03/2023,SJT,TX,ASW,CE,Federal Contract Tower,5,13,37,28,83,0,2,81,8,91,5,15,118,36,174,98,78,176,350
03/04/2023,SJT,TX,ASW,CE,Federal Contract Tower,6,8,23,17,54,0,4,63,1,68,6,12,86,18,122,50,20,70,192
03/05/2023,SJT,TX,ASW,CE,Federal Contract Tower,6,5,13,2,26,0,1,32,0,33,6,6,45,2,59,32,8,40,99
03/06/2023,SJT,TX,ASW,CE,Federal Contract Tower,6,12,35,41,94,0,5,61,19,85,6,17,96,60,179,178,100,278,457
03/07/2023,SJT,TX,ASW,CE,Federal Contract Tower,4,14,27,52,97,0,1,133,27,161,4,15,160,79,258,270,112,382,640
03/08/2023,SJT,TX,ASW,CE,Federal Contract Tower,4,11,31,14,60,0,1,32,0,33,4,12,63,14,93,76,8,84,177
03/09/2023,SJT,TX,ASW,CE,Federal Contract Tower,11,20,26,3,60,0,3,19,2,24,11,23,45,5,84,78,0,78,162
03/10/2023,SJT,TX,ASW,CE,Federal Contract Tower,6,14,26,29,75,0,2,43,0,45,6,16,69,29,120,92,40,132,252
03/11/2023,SJT,TX,ASW,CE,Federal Contract Tower,6,3,15,0,24,0,0,37,2,39,6,3,52,2,63,22,0,22,85
03/12/2023,SJT,TX,ASW,CE,Federal Contract Tower,6,5,17,10,38,0,0,52,6,58,6,5,69,16,96,60,8,68,164
03/13/2023,SJT,TX,ASW,CE,Federal Contract Tower,6,7,22,26,61,0,2,77,14,93,6,9,99,40,154,108,70,178,332
03/14/2023,SJT,TX,ASW,CE,Federal Contract Tower,5,8,29,39,81,0,4,120,15,139,5,12,149,54,220,200,80,280,500
03/15/2023,SJT,TX,ASW,CE,Federal Contract Tower,5,11,13,7,36,0,2,28,0,30,5,13,41,7,66,16,14,30,96
03/16/2023,SJT,TX,ASW,CE,Federal Contract Tower,7,8,15,50,80,0,3,11,24,38,7,11,26,74,118,10,106,116,234
03/17/2023,SJT,TX,ASW,CE,Federal Contract Tower,6,12,16,33,67,0,3,35,16,54,6,15,51,49,121,94,96,190,311
03/18/2023,SJT,TX,ASW,CE,Federal Contract Tower,5,10,23,2,40,0,3,56,0,59,5,13,79,2,99,92,2,94,193
03/19/2023,SJT,TX,ASW,CE,Federal Contract Tower,6,8,27,8,49,0,2,63,2,67,6,10,90,10,116,132,8,140,256
03/20/2023,SJT,TX,ASW,CE,Federal Contract Tower,6,12,24,15,57,0,0,12,5,17,6,12,36,20,74,8,38,46,120
03/21/2023,SJT,TX,ASW,CE,Federal Contract Tower,5,15,37,29,86,0,2,85,47,134,5,17,122,76,220,108,124,232,452
03/22/2023,SJT,TX,ASW,CE,Federal Contract Tower,5,12,21,35,73,0,8,59,4,71,5,20,80,39,144,98,34,132,276
03/23/2023,SJT,TX,ASW,CE,Federal Contract Tower,6,11,28,17,62,0,3,62,2,67,6,14,90,19,129,206,36,242,371
03/24/2023,SJT,TX,ASW,CE,Federal Contract Tower,7,15,15,29,66,0,1,38,20,59,7,16,53,49,125,44,90,134,259
03/25/2023,SJT,TX,ASW,CE,Federal Contract Tower,6,7,19,5,37,0,5,80,3,88,6,12,99,8,125,128,8,136,261
03/26/2023,SJT,TX,ASW,CE,Federal Contract Tower,6,3,39,0,48,0,44,0,0,44,6,47,39,0,92,99,0,99,191
03/27/2023,SJT,TX,ASW,CE,Federal Contract Tower,6,2,20,19,47,0,0,23,5,28,6,2,43,24,75,32,42,74,149
03/28/2023,SJT,TX,ASW,CE,Federal Contract Tower,5,12,24,30,71,0,2,57,14,73,5,14,81,44,144,120,106,226,370
03/29/2023,SJT,TX,ASW,CE,Federal Contract Tower,5,18,21,8,52,0,6,117,20,143,5,24,138,28,195,276,26,302,497
03/30/2023,SJT,TX,ASW,CE,Federal Contract Tower,6,21,17,24,68,0,8,8,3,19,6,29,25,27,87,0,28,28,115
03/31/2023,SJT,TX,ASW,CE,Federal Contract Tower,6,12,16,30,64,0,6,24,12,42,6,18,40,42,106,26,40,66,172
04/01/2023,SJT,TX,ASW,CE,Federal Contract Tower,6,15,20,0,41,0,2,67,2,71,6,17,87,2,112,98,0,98,210
04/02/2023,SJT,TX,ASW,CE,Federal Contract Tower,6,7,14,12,39,0,0,19,1,20,6,7,33,13,59,44,20,64,123
04/03/2023,SJT,TX,ASW,CE,Federal Contract Tower,6,12,33,19,70,0,3,62,7,72,6,15,95,26,142,188,79,267,409
04/04/2023,SJT,TX,ASW,CE,Federal Contract Tower,4,11,18,22,55,0,8,44,5,57,4,19,62,27,112,144,34,178,290
04/05/2023,SJT,TX,ASW,CE,Federal Contract Tower,4,14,35,46,99,0,5,72,26,103,4,19,107,72,202,80,108,188,390
04/06/2023,SJT,TX,ASW,CE,Federal Contract Tower,4,7,23,17,51,0,9,53,1,63,4,16,76,18,114,110,68,178,292
04/07/2023,SJT,TX,ASW,CE,Federal Contract Tower,4,9,20,11,44,0,0,14,2,16,4,9,34,13,60,26,12,38,98
04/08/2023,SJT,TX,ASW,CE,Federal Contract Tower,2,4,21,10,37,0,4,61,0,65,2,8,82,10,102,80,8,88,190
04/09/2023,SJT,TX,ASW,CE,Federal Contract Tower,5,0,15,0,20,0,0,26,0,26,5,0,41,0,46,24,0,24,70
04/10/2023,SJT,TX,ASW,CE,Federal Contract Tower,5,12,26,44,87,0,0,54,16,70,5,12,80,60,157,136,92,228,385
04/11/2023,SJT,TX,ASW,CE,Federal Contract Tower,4,11,25,42,82,0,5,59,9,73,4,16,84,51,155,80,78,158,313
04/12/2023,SJT,TX,ASW,CE,Federal Contract Tower,4,13,35,24,76,0,2,103,9,114,4,15,138,33,190,134,54,188,378
04/13/2023,SJT,TX,ASW,CE,Federal Contract Tower,4,13,34,8,59,0,4,131,18,153,4,17,165,26,212,202,56,258,470
04/14/2023,SJT,TX,ASW,CE,Federal Contract Tower,10,11,24,32,77,0,4,25,7,36,10,15,49,39,113,52,70,122,235
04/15/2023,SJT,TX,ASW,CE,Federal Contract Tower,4,7,18,5,34,0,1,58,2,61,4,8,76,7,95,60,6,66,161
04/16/2023,SJT,TX,ASW,CE,Federal Contract Tower,4,9,25,0,38,0,1,69,0,70,4,10,94,0,108,54,0,54,162
04/17/2023,SJT,TX,ASW,CE,Federal Contract Tower,4,10,33,26,73,0,4,42,6,52,4,14,75,32,125,72,58,130,255
04/18/2023,SJT,TX,ASW,CE,Federal Contract Tower,6,13,21,29,69,0,2,57,29,88,6,15,78,58,157,64,86,150,307
04/19/2023,SJT,TX,ASW,CE,Federal Contract Tower,4,13,36,34,87,0,9,39,3,51,4,22,75,37,138,102,92,194,332
04/20/2023,SJT,TX,ASW,CE,Federal Contract Tower,5,20,22,31,78,0,17,54,70,141,5,37,76,101,219,58,166,224,443
04/21/2023,SJT,TX,ASW,CE,Federal Contract Tower,4,24,26,46,100,0,2,60,30,92,4,26,86,76,192,90,70,160,352
04/22/2023,SJT,TX,ASW,CE,Federal Contract Tower,4,5,14,0,23,0,2,36,0,38,4,7,50,0,61,22,0,22,83
04/23/2023,SJT,TX,ASW,CE,Federal Contract Tower,4,4,8,8,24,0,0,2,0,2,4,4,10,8,26,0,8,8,34
04/24/2023,SJT,TX,ASW,CE,Federal Contract Tower,4,14,19,22,59,0,2,26,0,28,4,16,45,22,87,88,30,118,205
04/25/2023,SJT,TX,ASW,CE,Federal Contract Tower,4,17,29,18,68,0,0,73,4,77,4,17,102,22,145,152,28,180,325
04/26/2023,SJT,TX,ASW,CE,Federal Contract Tower,2,11,35,41,89,0,0,62,6,68,2,11,97,47,157,120,122,242,399
04/27/2023,SJT,TX,ASW,CE,Federal Contract Tower,4,13,19,4,40,0,0,130,8,138,4,13,149,12,178,181,4,185,363
04/28/2023,SJT,TX,ASW,CE,Federal Contract Tower,4,16,20,2,42,0,1,57,0,58,4,17,77,2,100,90,0,90,190
04/29/2023,SJT,TX,ASW,CE,Federal Contract Tower,4,4,32,2,42,0,3,124,4,131,4,7,156,6,173,94,0,94,267
04/30/2023,SJT,TX,ASW,CE,Federal Contract Tower,5,2,22,11,40,0,0,49,2,51,5,2,71,13,91,56,16,72,163
05/01/2023,SJT,TX,ASW,CE,Federal Contract Tower,4,8,26,6,44,0,4,65,2,71,4,12,91,8,115,114,16,130,245
05/02/2023,SJT,TX,ASW,CE,Federal Contract Tower,6,10,42,40,98,0,0,67,14,81,6,10,109,54,179,148,50,198,377
05/03/2023,SJT,TX,ASW,CE,Federal Contract Tower,4,10,44,30,88,0,0,56,7,63,4,10,100,37,151,100,48,148,299
05/04/2023,SJT,TX,ASW,CE,Federal Contract Tower,4,9,48,10,71,0,1,36,1,38,4,10,84,11,109,74,10,84,193
05/05/2023,SJT,TX,ASW,CE,Federal Contract Tower,4,11,40,26,81,0,2,36,13,51,4,13,76,39,132,100,32,132,264
05/06/2023,SJT,TX,ASW,CE,Federal Contract Tower,6,4,10,2,22,0,0,24,2,26,6,4,34,4,48,116,0,116,164
05/07/2023,SJT,TX,ASW,CE,Federal Contract Tower,3,4,20,12,39,0,0,15,0,15,3,4,35,12,54,36,22,58,112
05/08/2023,SJT,TX,ASW,CE,Federal Contract Tower,3,11,20,29,63,0,2,41,12,55,3,13,61,41,118,104,70,174,292
05/09/2023,SJT,TX,ASW,CE,Federal Contract Tower,4,11,24,32,71,0,1,56,16,73,4,12,80,48,144,106,66,172,316
05/10/2023,SJT,TX,ASW,CE,Federal Contract Tower,4,17,49,41,111,0,2,39,10,51,4,19,88,51,162,144,46,190,352
05/11/2023,SJT,TX,ASW,CE,Federal Contract Tower,4,18,45,32,99,0,1,52,11,64,4,19,97,43,163,124,74,198,361
05/12/2023,SJT,TX,ASW,CE,Federal Contract Tower,4,10,37,13,64,0,1,36,2,39,4,11,73,15,103,122,18,140,243
05/13/2023,SJT,TX,ASW,CE,Federal Contract Tower,4,6,14,0,24,0,0,14,0,14,4,6,28,0,38,22,0,22,60
05/14/2023,SJT,TX,ASW,CE,Federal Contract Tower,4,6,26,17,53,0,2,22,2,26,4,8,48,19,79,78,28,106,185
05/15/2023,SJT,TX,ASW,CE,Federal Contract Tower,3,8,33,3,47,0,0,69,3,72,3,8,102,6,119,122,14,136,255
05/16/2023,SJT,TX,ASW,CE,Federal Contract Tower,4,15,32,18,69,0,1,51,11,63,4,16,83,29,132,70,34,104,236
05/17/2023,SJT,TX,ASW,CE,Federal Contract Tower,4,11,24,31,70,0,1,64,15,80,4,12,88,46,150,70,72,142,292
05/18/2023,SJT,TX,ASW,CE,Federal Contract Tower,4,10,35,8,57,0,1,60,5,66,4,11,95,13,123,94,22,116,239
05/19/2023,SJT,TX,ASW,CE,Federal Contract Tower,8,5,20,7,40,0,0,54,4,58,8,5,74,11,98,110,40,150,248
05/20/2023,SJT,TX,ASW,CE,Federal Contract Tower,4,4,14,1,23,0,0,18,0,18,4,4,32,1,41,4,2,6,47
05/21/2023,SJT,TX,ASW,CE,Federal Contract Tower,4,6,7,4,21,0,0,19,0,19,4,6,26,4,40,98,4,102,142
05/22/2023,SJT,TX,ASW,CE,Federal Contract Tower,4,10,8,1,23,0,0,37,0,37,4,10,45,1,60,58,10,68,128
05/23/2023,SJT,TX,ASW,CE,Federal Contract Tower,4,9,24,2,39,0,3,63,2,68,4,12,87,4,107,80,0,80,187
05/24/2023,SJT,TX,ASW,CE,Federal Contract Tower,4,17,25,24,70,0,0,29,8,37,4,17,54,32,107,48,74,122,229
05/25/2023,SJT,TX,ASW,CE,Federal Contract Tower,3,14,26,2,45,0,5,31,0,36,3,19,57,2,81,56,4,60,141
05/26/2023,SJT,TX,ASW,CE,Federal Contract Tower,4,12,30,0,46,0,3,24,0,27,4,15,54,0,73,45,0,45,118
05/27/2023,SJT,TX,ASW,CE,Federal Contract Tower,5,4,20,0,29,0,1,35,12,48,5,5,55,12,77,31,0,31,108
05/28/2023,SJT,TX,ASW,CE,Federal Contract Tower,4,4,13,0,21,0,0,14,6,20,4,4,27,6,41,26,0,26,67
05/29/2023,SJT,TX,ASW,CE,Federal Contract Tower,4,3,13,1,21,0,0,31,13,44,4,3,44,14,65,100,0,100,165
05/30/2023,SJT,TX,ASW,CE,Federal Contract Tower,4,8,30,14,56,0,1,45,9,55,4,9,75,23,111,78,52,130,241
05/31/2023,SJT,TX,ASW,CE,Federal Contract Tower,4,13,20,20,57,0,2,37,6,45,4,15,57,26,102,44,78,122,224
06/01/2023,SJT,TX,ASW,CE,Federal Contract Tower,3,12,24,21,60,0,0,45,10,55,3,12,69,31,115,102,48,150,265
06/02/2023,SJT,TX,ASW,CE,Federal Contract Tower,3,10,18,17,48,0,1,50,5,56,3,11,68,22,104,100,52,152,256
06/03/2023,SJT,TX,ASW,CE,Federal Contract Tower,4,7,20,0,31,0,0,28,2,30,4,7,48,2,61,20,0,20,81
06/04/2023,SJT,TX,ASW,CE,Federal Contract Tower,4,0,9,6,19,0,0,32,0,32,4,0,41,6,51,38,4,42,93
06/05/2023,SJT,TX,ASW,CE,Federal Contract Tower,6,9,24,30,69,0,0,28,4,32,6,9,52,34,101,64,104,168,269
06/06/2023,SJT,TX,ASW,CE,Federal Contract Tower,2,10,28,27,67,1,1,79,14,95,3,11,107,41,162,132,88,220,382
06/07/2023,SJT,TX,ASW,CE,Federal Contract Tower,4,15,16,19,54,0,5,44,11,60,4,20,60,30,114,54,58,112,226
06/08/2023,SJT,TX,ASW,CE,Federal Contract Tower,4,11,18,14,47,0,6,61,7,74,4,17,79,21,121,114,64,178,299
06/09/2023,SJT,TX,ASW,CE,Federal Contract Tower,6,10,18,24,58,0,1,58,13,72,6,11,76,37,130,78,40,118,248
06/10/2023,SJT,TX,ASW,CE,Federal Contract Tower,3,4,11,0,18,0,2,41,0,43,3,6,52,0,61,46,0,46,107
06/11/2023,SJT,TX,ASW,CE,Federal Contract Tower,5,2,16,8,31,0,0,41,3,44,5,2,57,11,75,62,12,74,149
06/12/2023,SJT,TX,ASW,CE,Federal Contract Tower,5,13,21,21,60,1,0,33,3,37,6,13,54,24,97,70,46,116,213
06/13/2023,SJT,TX,ASW,CE,Federal Contract Tower,4,13,33,24,74,0,0,41,5,46,4,13,74,29,120,80,40,120,240
06/14/2023,SJT,TX,ASW,CE,Federal Contract Tower,4,13,28,26,71,0,6,48,6,60,4,19,76,32,131,90,58,148,279
06/15/2023,SJT,TX,ASW,CE,Federal Contract Tower,4,6,23,3,36,0,1,53,7,61,4,7,76,10,97,82,4,86,183
06/16/2023,SJT,TX,ASW,CE,Federal Contract Tower,4,16,23,17,60,0,1,47,4,52,4,17,70,21,112,86,16,102,214
06/17/2023,SJT,TX,ASW,CE,Federal Contract Tower,4,3,31,4,42,0,1,49,1,51,4,4,80,5,93,42,0,42,135
06/18/2023,SJT,TX,ASW,CE,Federal Contract Tower,4,6,13,0,23,0,0,23,0,23,4,6,36,0,46,16,0,16,62
06/19/2023,SJT,TX,ASW,CE,Federal Contract Tower,4,9,20,3,36,0,32,0,0,32,4,41,20,3,68,40,6,46,114
06/20/2023,SJT,TX,ASW,CE,Federal Contract Tower,4,8,28,12,52,0,0,52,2,54,4,8,80,14,106,108,22,130,236
06/21/2023,SJT,TX,ASW,CE,Federal Contract Tower,4,12,30,10,56,0,3,46,8,57,4,15,76,18,113,66,14,80,193
06/22/2023,SJT,TX,ASW,CE,Federal Contract Tower,4,15,31,16,66,0,2,42,10,54,4,17,73,26,120,68,34,102,222
06/23/2023,SJT,TX,ASW,CE,Federal Contract Tower,6,10,23,12,51,0,4,41,5,50,6,14,64,17,101,80,32,112,213
06/24/2023,SJT,TX,ASW,CE,Federal Contract Tower,4,5,12,0,21,0,1,35,0,36,4,6,47,0,57,18,0,18,75
06/25/2023,SJT,TX,ASW,CE,Federal Contract Tower,4,0,14,8,26,0,2,40,5,47,4,2,54,13,73,58,12,70,143
06/26/2023,SJT,TX,ASW,CE,Federal Contract Tower,4,12,18,30,64,0,8,45,5,58,4,20,63,35,122,66,46,112,234
06/27/2023,SJT,TX,ASW,CE,Federal Contract Tower,5,10,19,14,48,0,1,99,19,119,5,11,118,33,167,142,38,180,347
06/28/2023,SJT,TX,ASW,CE,Federal Contract Tower,4,9,26,2,41,0,2,42,4,48,4,11,68,6,89,40,0,40,129
06/29/2023,SJT,TX,ASW,CE,Federal Contract Tower,8,10,25,5,48,0,2,39,3,44,8,12,64,8,92,44,10,54,146
06/30/2023,SJT,TX,ASW,CE,Federal Contract Tower,4,14,23,7,48,0,1,33,12,46,4,15,56,19,94,20,12,32,126
07/01/2023,SJT,TX,ASW,CE,Federal Contract Tower,4,3,8,0,15,0,0,53,0,53,4,3,61,0,68,58,0,58,126
07/02/2023,SJT,TX,ASW,CE,Federal Contract Tower,4,2,15,0,21,0,0,45,10,55,4,2,60,10,76,68,0,68,144
07/03/2023,SJT,TX,ASW,CE,Federal Contract Tower,4,13,17,0,34,0,3,55,2,60,4,16,72,2,94,120,0,120,214
07/04/2023,SJT,TX,ASW,CE,Federal Contract Tower,3,0,22,0,25,0,0,52,0,52,3,0,74,0,77,102,0,102,179
07/05/2023,SJT,TX,ASW,CE,Federal Contract Tower,6,9,25,32,72,0,0,50,10,60,6,9,75,42,132,78,52,130,262
07/06/2023,SJT,TX,ASW,CE,Federal Contract Tower,4,10,39,45,98,0,1,56,19,76,4,11,95,64,174,120,60,180,354
07/07/2023,SJT,TX,ASW,CE,Federal Contract Tower,4,10,30,38,82,0,2,39,7,48,4,12,69,45,130,88,46,134,264
07/08/2023,SJT,TX,ASW,CE,Federal Contract Tower,4,3,12,1,20,0,1,47,1,49,4,4,59,2,69,46,0,46,115
07/09/2023,SJT,TX,ASW,CE,Federal Contract Tower,6,4,16,34,60,0,4,37,13,54,6,8,53,47,114,76,68,144,258
07/10/2023,SJT,TX,ASW,CE,Federal Contract Tower,4,8,20,25,57,0,1,34,13,48,4,9,54,38,105,56,60,116,221
07/11/2023,SJT,TX,ASW,CE,Federal Contract Tower,4,11,42,16,73,0,0,52,9,61,4,11,94,25,134,100,24,124,258
07/12/2023,SJT,TX,ASW,CE,Federal Contract Tower,4,11,34,12,61,0,0,33,11,44,4,11,67,23,105,92,12,104,209
07/13/2023,SJT,TX,ASW,CE,Federal Contract Tower,4,11,32,8,55,0,0,57,2,59,4,11,89,10,114,120,4,124,238
07/14/2023,SJT,TX,ASW,CE,Federal Contract Tower,4,9,26,17,56,0,0,34,7,41,4,9,60,24,97,56,32,88,185
07/15/2023,SJT,TX,ASW,CE,Federal Contract Tower,4,3,10,0,17,0,1,39,0,40,4,4,49,0,57,20,0,20,77
07/16/2023,SJT,TX,ASW,CE,Federal Contract Tower,2,4,13,5,24,0,0,37,0,37,2,4,50,5,61,40,6,46,107
07/17/2023,SJT,TX,ASW,CE,Federal Contract Tower,4,5,30,19,58,0,0,55,19,74,4,5,85,38,132,90,70,160,292
07/18/2023,SJT,TX,ASW,CE,Federal Contract Tower,4,10,34,27,75,0,0,46,22,68,4,10,80,49,143,92,86,178,321
07/19/2023,SJT,TX,ASW,CE,Federal Contract Tower,4,11,32,31,78,0,0,53,17,70,4,11,85,48,148,112,44,156,304
07/20/2023,SJT,TX,ASW,CE,Federal Contract Tower,4,12,31,28,75,0,0,74,26,100,4,12,105,54,175,98,78,176,351
07/21/2023,SJT,TX,ASW,CE,Federal Contract Tower,4,12,24,22,62,0,0,66,13,79,4,12,90,35,141,62,68,130,271
07/22/2023,SJT,TX,ASW,CE,Federal Contract Tower,4,2,9,0,15,0,2,55,0,57,4,4,64,0,72,32,0,32,104
07/23/2023,SJT,TX,ASW,CE,Federal Contract Tower,4,3,24,9,40,0,0,36,2,38,4,3,60,11,78,34,22,56,134
07/24/2023,SJT,TX,ASW,CE,Federal Contract Tower,4,5,18,9,36,0,0,52,9,61,4,5,70,18,97,58,28,86,183
07/25/2023,SJT,TX,ASW,CE,Federal Contract Tower,4,8,30,17,59,0,0,63,17,80,4,8,93,34,139,105,16,121,260
07/26/2023,SJT,TX,ASW,CE,Federal Contract Tower,4,9,26,9,48,0,0,70,6,76,4,9,96,15,124,122,10,132,256
07/27/2023,SJT,TX,ASW,CE,Federal Contract Tower,4,9,25,26,64,0,0,63,10,73,4,9,88,36,137,62,50,112,249
07/28/2023,SJT,TX,ASW,CE,Federal Contract Tower,4,8,29,9,50,0,0,67,26,93,4,8,96,35,143,128,24,152,295
07/29/2023,SJT,TX,ASW,CE,Federal Contract Tower,4,4,18,0,26,0,0,50,10,60,4,4,68,10,86,112,0,112,198
07/30/2023,SJT,TX,ASW,CE,Federal Contract Tower,6,2,17,0,25,0,0,39,6,45,6,2,56,6,70,96,12,108,178
07/31/2023,SJT,TX,ASW,CE,Federal Contract Tower,4,8,46,4,62,0,0,71,10,81,4,8,117,14,143,142,18,160,303
08/01/2023,SJT,TX,ASW,CE,Federal Contract Tower,4,11,41,13,69,0,0,52,21,73,4,11,93,34,142,78,35,113,255
08/02/2023,SJT,TX,ASW,CE,Federal Contract Tower,6,14,30,12,62,0,1,67,13,81,6,15,97,25,143,124,46,170,313
08/03/2023,SJT,TX,ASW,CE,Federal Contract Tower,4,9,36,11,60,0,0,51,6,57,4,9,87,17,117,136,20,156,273
08/04/2023,SJT,TX,ASW,CE,Federal Contract Tower,4,9,15,22,50,0,0,55,5,60,4,9,70,27,110,58,28,86,196
08/05/2023,SJT,TX,ASW,CE,Federal Contract Tower,4,4,14,0,22,0,1,45,0,46,4,5,59,0,68,36,0,36,104
08/06/2023,SJT,TX,ASW,CE,Federal Contract Tower,4,3,17,0,24,0,0,28,0,28,4,3,45,0,52,50,0,50,102
08/07/2023,SJT,TX,ASW,CE,Federal Contract Tower,4,4,21,17,46,0,0,45,4,49,4,4,66,21,95,46,22,68,163
08/08/2023,SJT,TX,ASW,CE,Federal Contract Tower,4,8,15,29,56,0,0,42,16,58,4,8,57,45,114,76,36,112,226
08/09/2023,SJT,TX,ASW,CE,Federal Contract Tower,4,8,21,17,50,0,0,27,10,37,4,8,48,27,87,38,54,92,179
08/10/2023,SJT,TX,ASW,CE,Federal Contract Tower,5,11,26,8,50,0,0,35,2,37,5,11,61,10,87,74,16,90,177
08/11/2023,SJT,TX,ASW,CE,Federal Contract Tower,4,10,27,21,62,0,0,50,1,51,4,10,77,22,113,78,30,108,221
08/12/2023,SJT,TX,ASW,CE,Federal Contract Tower,4,5,7,0,16,0,0,52,0,52,4,5,59,0,68,40,0,40,108
08/13/2023,SJT,TX,ASW,CE,Federal Contract Tower,4,5,26,0,35,0,0,46,0,46,4,5,72,0,81,86,0,86,167
08/14/2023,SJT,TX,ASW,CE,Federal Contract Tower,4,9,16,8,37,0,0,49,5,54,4,9,65,13,91,52,14,66,157
08/15/2023,SJT,TX,ASW,CE,Federal Contract Tower,4,9,20,3,36,0,0,71,6,77,4,9,91,9,113,178,12,190,303
08/16/2023,SJT,TX,ASW,CE,Federal Contract Tower,4,7,26,16,53,0,0,82,1,83,4,7,108,17,136,112,16,128,264
08/17/2023,SJT,TX,ASW,CE,Federal Contract Tower,4,3,22,9,38,0,2,68,9,79,4,5,90,18,117,102,32,134,251
08/18/2023,SJT,TX,ASW,CE,Federal Contract Tower,4,11,24,14,53,0,0,42,7,49,4,11,66,21,102,28,22,50,152
08/19/2023,SJT,TX,ASW,CE,Federal Contract Tower,4,3,21,3,31,0,2,27,0,29,4,5,48,3,60,18,0,18,78
08/20/2023,SJT,TX,ASW,CE,Federal Contract Tower,4,4,8,13,29,0,0,16,10,26,4,4,24,23,55,20,20,40,95
08/21/2023,SJT,TX,ASW,CE,Federal Contract Tower,4,2,14,24,44,0,0,54,11,65,4,2,68,35,109,10,38,48,157
08/22/2023,SJT,TX,ASW,CE,Federal Contract Tower,4,5,23,16,48,0,0,83,5,88,4,5,106,21,136,116,44,160,296
08/23/2023,SJT,TX,ASW,CE,Federal Contract Tower,4,8,18,37,67,0,0,63,6,69,4,8,81,43,136,90,80,170,306
08/24/2023,SJT,TX,ASW,CE,Federal Contract Tower,4,6,25,23,58,0,0,85,10,95,4,6,110,33,153,150,42,192,345
08/25/2023,SJT,TX,ASW,CE,Federal Contract Tower,5,9,11,29,54,1,0,47,15,63,6,9,58,44,117,32,54,86,203
08/26/2023,SJT,TX,ASW,CE,Federal Contract Tower,4,3,7,7,21,0,0,52,1,53,4,3,59,8,74,20,14,34,108
08/27/2023,SJT,TX,ASW,CE,Federal Contract Tower,4,1,4,24,33,0,0,42,8,50,4,1,46,32,83,8,58,66,149
08/28/2023,SJT,TX,ASW,CE,Federal Contract Tower,4,5,18,8,35,0,0,30,2,32,4,5,48,10,67,42,18,60,127
08/29/2023,SJT,TX,ASW,CE,Federal Contract Tower,4,5,18,10,37,0,0,55,14,69,4,5,73,24,106,114,38,152,258
08/30/2023,SJT,TX,ASW,CE,Federal Contract Tower,8,11,27,9,55,0,0,57,0,57,8,11,84,9,112,64,8,72,184
08/31/2023,SJT,TX,ASW,CE,Federal Contract Tower,3,10,20,11,44,0,0,66,20,86,3,10,86,31,130,84,46,130,260
01/01/2020,SJT,TX,ASW,CE,Federal Contract Tower,8,6,8,0,22,0,0,9,0,9,8,6,17,0,31,8,0,8,39
01/02/2020,SJT,TX,ASW,CE,Federal Contract Tower,9,9,18,0,36,0,0,14,0,14,9,9,32,0,50,10,0,10,60
01/03/2020,SJT,TX,ASW,CE,Federal Contract Tower,6,13,7,25,51,0,0,24,13,37,6,13,31,38,88,6,138,144,232
01/04/2020,SJT,TX,ASW,CE,Federal Contract Tower,8,6,14,3,31,0,0,49,0,49,8,6,63,3,80,30,4,34,114
01/05/2020,SJT,TX,ASW,CE,Federal Contract Tower,8,0,12,0,20,0,0,27,0,27,8,0,39,0,47,14,0,14,61
01/06/2020,SJT,TX,ASW,CE,Federal Contract Tower,8,5,16,24,53,0,0,33,23,56,8,5,49,47,109,54,26,80,189
01/07/2020,SJT,TX,ASW,CE,Federal Contract Tower,7,9,18,15,49,0,0,39,8,47,7,9,57,23,96,76,30,106,202
01/08/2020,SJT,TX,ASW,CE,Federal Contract Tower,6,11,18,28,63,0,0,22,19,41,6,11,40,47,104,40,82,122,226
01/09/2020,SJT,TX,ASW,CE,Federal Contract Tower,10,15,27,53,105,0,0,42,8,50,10,15,69,61,155,82,100,182,337
01/10/2020,SJT,TX,ASW,CE,Federal Contract Tower,3,10,23,96,132,0,1,18,24,43,3,11,41,120,175,32,156,188,363
01/11/2020,SJT,TX,ASW,CE,Federal Contract Tower,5,6,21,11,43,0,3,28,7,38,5,9,49,18,81,18,38,56,137
01/12/2020,SJT,TX,ASW,CE,Federal Contract Tower,8,3,14,28,53,0,0,26,22,48,8,3,40,50,101,8,102,110,211
01/13/2020,SJT,TX,ASW,CE,Federal Contract Tower,8,5,30,45,88,0,0,27,16,43,8,5,57,61,131,24,178,202,333
01/14/2020,SJT,TX,ASW,CE,Federal Contract Tower,6,12,30,56,104,0,0,39,30,69,6,12,69,86,173,44,168,212,385
01/15/2020,SJT,TX,ASW,CE,Federal Contract Tower,6,12,30,38,86,0,0,17,12,29,6,12,47,50,115,4,140,144,259
01/16/2020,SJT,TX,ASW,CE,Federal Contract Tower,9,8,8,0,25,0,0,0,0,0,9,8,8,0,25,0,0,0,25
01/17/2020,SJT,TX,ASW,CE,Federal Contract Tower,11,13,14,8,46,0,0,0,0,0,11,13,14,8,46,0,6,6,52
01/18/2020,SJT,TX,ASW,CE,Federal Contract Tower,5,4,21,0,30,0,0,23,1,24,5,4,44,1,54,32,0,32,86
01/19/2020,SJT,TX,ASW,CE,Federal Contract Tower,8,4,8,1,21,0,0,21,1,22,8,4,29,2,43,18,6,24,67
01/20/2020,SJT,TX,ASW,CE,Federal Contract Tower,8,6,11,2,27,0,3,36,1,40,8,9,47,3,67,58,0,58,125
01/21/2020,SJT,TX,ASW,CE,Federal Contract Tower,6,18,19,35,78,0,0,25,8,33,6,18,44,43,111,14,102,116,227
01/22/2020,SJT,TX,ASW,CE,Federal Contract Tower,8,13,22,87,130,0,0,16,21,37,8,13,38,108,167,4,268,272,439
01/23/2020,SJT,TX,ASW,CE,Federal Contract Tower,8,10,11,118,147,0,4,31,21,56,8,14,42,139,203,56,374,430,633
01/24/2020,SJT,TX,ASW,CE,Federal Contract Tower,8,11,35,50,104,0,2,49,20,71,8,13,84,70,175,54,178,232,407
01/25/2020,SJT,TX,ASW,CE,Federal Contract Tower,5,9,1,6,21,0,1,19,2,22,5,10,20,8,43,2,14,16,59
01/26/2020,SJT,TX,ASW,CE,Federal Contract Tower,8,9,14,38,69,0,0,26,17,43,8,9,40,55,112,36,75,111,223
01/27/2020,SJT,TX,ASW,CE,Federal Contract Tower,7,7,12,73,99,0,1,19,43,63,7,8,31,116,162,8,370,378,540
01/28/2020,SJT,TX,ASW,CE,Federal Contract Tower,6,18,26,50,100,0,2,12,10,24,6,20,38,60,124,14,82,96,220
01/29/2020,SJT,TX,ASW,CE,Federal Contract Tower,7,11,23,45,86,1,3,42,22,68,8,14,65,67,154,34,59,93,247
01/30/2020,SJT,TX,ASW,CE,Federal Contract Tower,8,7,18,17,50,0,0,5,1,6,8,7,23,18,56,0,58,58,114
01/31/2020,SJT,TX,ASW,CE,Federal Contract Tower,8,8,24,0,40,0,0,22,0,22,8,8,46,0,62,24,0,24,86
02/01/2020,SJT,TX,ASW,CE,Federal Contract Tower,5,6,9,0,20,0,0,38,0,38,5,6,47,0,58,24,0,24,82
02/02/2020,SJT,TX,ASW,CE,Federal Contract Tower,8,1,11,8,28,0,1,23,2,26,8,2,34,10,54,28,14,42,96
02/03/2020,SJT,TX,ASW,CE,Federal Contract Tower,8,3,16,41,68,0,0,21,9,30,8,3,37,50,98,8,232,240,338
02/04/2020,SJT,TX,ASW,CE,Federal Contract Tower,6,11,22,25,64,0,1,2,0,3,6,12,24,25,67,0,26,26,93
02/05/2020,SJT,TX,ASW,CE,Federal Contract Tower,4,10,11,0,25,0,0,0,0,0,4,10,11,0,25,10,0,10,35
02/06/2020,SJT,TX,ASW,CE,Federal Contract Tower,8,10,13,29,60,0,0,38,16,54,8,10,51,45,114,32,116,148,262
02/07/2020,SJT,TX,ASW,CE,Federal Contract Tower,8,7,20,23,58,0,0,35,10,45,8,7,55,33,103,20,70,90,193
02/08/2020,SJT,TX,ASW,CE,Federal Contract Tower,5,9,20,4,38,0,0,43,0,43,5,9,63,4,81,40,10,50,131
02/09/2020,SJT,TX,ASW,CE,Federal Contract Tower,9,2,9,11,31,0,0,17,6,23,9,2,26,17,54,14,16,30,84
02/10/2020,SJT,TX,ASW,CE,Federal Contract Tower,9,6,22,5,42,0,0,11,4,15,9,6,33,9,57,0,6,6,63
02/11/2020,SJT,TX,ASW,CE,Federal Contract Tower,4,15,16,1,36,0,0,0,0,0,4,15,16,1,36,8,8,16,52
02/12/2020,SJT,TX,ASW,CE,Federal Contract Tower,9,18,24,61,112,0,0,26,21,47,9,18,50,82,159,22,164,186,345
02/14/2020,SJT,TX,ASW,CE,Federal Contract Tower,7,14,24,24,69,0,0,37,11,48,7,14,61,35,117,116,84,200,317
02/15/2020,SJT,TX,ASW,CE,Federal Contract Tower,6,7,10,0,23,0,1,26,0,27,6,8,36,0,50,30,0,30,80
02/16/2020,SJT,TX,ASW,CE,Federal Contract Tower,7,4,7,0,18,0,0,27,0,27,7,4,34,0,45,38,0,38,83
02/17/2020,SJT,TX,ASW,CE,Federal Contract Tower,19,13,24,0,56,0,0,33,0,33,19,13,57,0,89,96,0,96,185
02/18/2020,SJT,TX,ASW,CE,Federal Contract Tower,8,9,31,43,91,0,0,26,11,37,8,9,57,54,128,14,124,138,266
02/19/2020,SJT,TX,ASW,CE,Federal Contract Tower,9,8,23,28,68,0,0,6,0,6,9,8,29,28,74,44,36,80,154
02/20/2020,SJT,TX,ASW,CE,Federal Contract Tower,9,11,16,22,58,0,2,14,0,16,9,13,30,22,74,40,130,170,244
02/21/2020,SJT,TX,ASW,CE,Federal Contract Tower,8,14,25,41,88,0,8,52,18,78,8,22,77,59,166,104,216,320,486
02/22/2020,SJT,TX,ASW,CE,Federal Contract Tower,6,1,21,0,28,0,4,53,1,58,6,5,74,1,86,90,0,90,176
02/23/2020,SJT,TX,ASW,CE,Federal Contract Tower,8,2,30,1,41,0,0,14,1,15,8,2,44,2,56,38,0,38,94
02/24/2020,SJT,TX,ASW,CE,Federal Contract Tower,8,8,26,33,75,0,0,30,14,44,8,8,56,47,119,46,156,202,321
02/25/2020,SJT,TX,ASW,CE,Federal Contract Tower,7,12,20,16,55,0,2,33,5,40,7,14,53,21,95,28,34,62,157
02/26/2020,SJT,TX,ASW,CE,Federal Contract Tower,8,16,27,38,89,0,6,42,13,61,8,22,69,51,150,62,218,280,430
02/27/2020,SJT,TX,ASW,CE,Federal Contract Tower,8,14,15,28,65,0,0,36,31,67,8,14,51,59,132,27,232,259,391
02/28/2020,SJT,TX,ASW,CE,Federal Contract Tower,8,10,17,26,61,0,2,34,12,48,8,12,51,38,109,52,202,254,363
02/29/2020,SJT,TX,ASW,CE,Federal Contract Tower,6,4,12,0,22,0,2,29,0,31,6,6,41,0,53,22,0,22,75
03/01/2020,SJT,TX,ASW,CE,Federal Contract Tower,8,3,13,10,34,0,0,28,10,38,8,3,41,20,72,22,16,38,110
03/02/2020,SJT,TX,ASW,CE,Federal Contract Tower,8,4,22,52,86,0,1,24,12,37,8,5,46,64,123,20,192,212,335
03/03/2020,SJT,TX,ASW,CE,Federal Contract Tower,7,15,20,64,106,0,0,9,10,19,7,15,29,74,125,16,200,216,341
03/04/2020,SJT,TX,ASW,CE,Federal Contract Tower,8,7,11,1,27,0,0,1,0,1,8,7,12,1,28,0,2,2,30
03/05/2020,SJT,TX,ASW,CE,Federal Contract Tower,8,12,28,40,88,0,0,45,9,54,8,12,73,49,142,66,146,212,354
03/06/2020,SJT,TX,ASW,CE,Federal Contract Tower,8,9,19,59,95,0,4,39,12,55,8,13,58,71,150,6,120,126,276
03/07/2020,SJT,TX,ASW,CE,Federal Contract Tower,6,1,12,2,21,0,4,36,3,43,6,5,48,5,64,34,30,64,128
03/08/2020,SJT,TX,ASW,CE,Federal Contract Tower,8,7,12,0,27,0,0,3,0,3,8,7,15,0,30,0,0,0,30
03/09/2020,SJT,TX,ASW,CE,Federal Contract Tower,8,6,19,7,40,0,0,23,4,27,8,6,42,11,67,70,32,102,169
03/10/2020,SJT,TX,ASW,CE,Federal Contract Tower,8,18,24,15,65,0,0,19,3,22,8,18,43,18,87,44,24,68,155
03/11/2020,SJT,TX,ASW,CE,Federal Contract Tower,8,11,22,75,116,0,0,24,13,37,8,11,46,88,153,44,184,228,381
03/12/2020,SJT,TX,ASW,CE,Federal Contract Tower,8,7,28,28,71,0,4,46,7,57,8,11,74,35,128,40,158,198,326
03/13/2020,SJT,TX,ASW,CE,Federal Contract Tower,8,9,16,37,70,0,0,3,0,3,8,9,19,37,73,8,50,58,131
03/14/2020,SJT,TX,ASW,CE,Federal Contract Tower,6,8,15,4,33,0,0,1,0,1,6,8,16,4,34,0,0,0,34
03/15/2020,SJT,TX,ASW,CE,Federal Contract Tower,7,2,6,0,15,0,0,0,0,0,7,2,6,0,15,6,0,6,21
03/16/2020,SJT,TX,ASW,CE,Federal Contract Tower,8,9,9,3,29,0,0,4,0,4,8,9,13,3,33,0,0,0,33
03/17/2020,SJT,TX,ASW,CE,Federal Contract Tower,8,8,16,18,50,0,0,16,3,19,8,8,32,21,69,8,36,44,113
03/18/2020,SJT,TX,ASW,CE,Federal Contract Tower,6,14,17,23,60,0,1,6,0,7,6,15,23,23,67,28,62,90,157
03/19/2020,SJT,TX,ASW,CE,Federal Contract Tower,7,11,4,39,61,0,0,21,4,25,7,11,25,43,86,44,114,158,244
03/20/2020,SJT,TX,ASW,CE,Federal Contract Tower,6,8,20,55,89,0,0,32,2,34,6,8,52,57,123,30,166,196,319
03/21/2020,SJT,TX,ASW,CE,Federal Contract Tower,6,3,6,0,15,0,1,2,0,3,6,4,8,0,18,8,0,8,26
03/22/2020,SJT,TX,ASW,CE,Federal Contract Tower,5,6,8,0,19,0,0,10,0,10,5,6,18,0,29,20,0,20,49
03/23/2020,SJT,TX,ASW,CE,Federal Contract Tower,7,2,11,59,79,0,0,35,14,49,7,2,46,73,128,26,146,172,300
03/24/2020,SJT,TX,ASW,CE,Federal Contract Tower,6,9,13,30,58,0,0,24,10,34,6,9,37,40,92,52,60,112,204
03/25/2020,SJT,TX,ASW,CE,Federal Contract Tower,5,15,22,53,95,0,4,26,11,41,5,19,48,64,136,32,116,148,284
03/26/2020,SJT,TX,ASW,CE,Federal Contract Tower,7,9,6,25,47,0,0,18,1,19,7,9,24,26,66,16,70,86,152
03/27/2020,SJT,TX,ASW,CE,Federal Contract Tower,8,7,11,29,55,0,0,21,6,27,8,7,32,35,82,60,144,204,286
03/28/2020,SJT,TX,ASW,CE,Federal Contract Tower,3,3,2,0,8,0,2,9,0,11,3,5,11,0,19,4,0,4,23
03/29/2020,SJT,TX,ASW,CE,Federal Contract Tower,5,0,10,7,22,0,0,20,4,24,5,0,30,11,46,44,10,54,100
03/30/2020,SJT,TX,ASW,CE,Federal Contract Tower,5,5,8,17,35,0,0,13,2,15,5,5,21,19,50,12,36,48,98
03/31/2020,SJT,TX,ASW,CE,Federal Contract Tower,4,7,13,40,64,0,6,26,2,34,4,13,39,42,98,46,124,170,268
04/01/2020,SJT,TX,ASW,CE,Federal Contract Tower,6,7,13,41,67,0,2,12,12,26,6,9,25,53,93,56,144,200,293
04/02/2020,SJT,TX,ASW,CE,Federal Contract Tower,2,15,8,38,63,0,3,12,5,20,2,18,20,43,83,20,98,118,201
04/03/2020,SJT,TX,ASW,CE,Federal Contract Tower,6,11,5,0,22,0,0,16,0,16,6,11,21,0,38,4,0,4,42
04/04/2020,SJT,TX,ASW,CE,Federal Contract Tower,2,4,0,0,6,0,0,0,0,0,2,4,0,0,6,0,0,0,6
04/05/2020,SJT,TX,ASW,CE,Federal Contract Tower,4,2,9,0,15,0,0,13,0,13,4,2,22,0,28,16,0,16,44
04/06/2020,SJT,TX,ASW,CE,Federal Contract Tower,7,2,11,11,31,0,0,10,2,12,7,2,21,13,43,16,26,42,85
04/07/2020,SJT,TX,ASW,CE,Federal Contract Tower,4,10,16,42,72,0,0,32,10,42,4,10,48,52,114,28,86,114,228
04/08/2020,SJT,TX,ASW,CE,Federal Contract Tower,2,12,15,45,74,0,0,24,13,37,2,12,39,58,111,22,184,206,317
04/09/2020,SJT,TX,ASW,CE,Federal Contract Tower,3,9,18,13,43,0,0,1,0,1,3,9,19,13,44,4,26,30,74
04/10/2020,SJT,TX,ASW,CE,Federal Contract Tower,4,13,11,23,51,0,0,12,2,14,4,13,23,25,65,28,50,78,143
04/11/2020,SJT,TX,ASW,CE,Federal Contract Tower,4,5,3,2,14,0,0,2,0,2,4,5,5,2,16,0,2,2,18
04/12/2020,SJT,TX,ASW,CE,Federal Contract Tower,3,0,3,0,6,0,0,8,0,8,3,0,11,0,14,20,0,20,34
04/13/2020,SJT,TX,ASW,CE,Federal Contract Tower,3,5,17,40,65,0,0,34,16,50,3,5,51,56,115,8,188,196,311
04/14/2020,SJT,TX,ASW,CE,Federal Contract Tower,2,5,16,21,44,0,0,19,3,22,2,5,35,24,66,16,54,70,136
04/16/2020,SJT,TX,ASW,CE,Federal Contract Tower,3,10,7,12,32,0,0,9,2,11,3,10,16,14,43,6,50,56,99
04/17/2020,SJT,TX,ASW,CE,Federal Contract Tower,6,10,7,41,64,0,0,2,10,12,6,10,9,51,76,12,68,80,156
04/18/2020,SJT,TX,ASW,CE,Federal Contract Tower,1,4,9,33,47,0,0,1,0,1,1,4,10,33,48,6,68,74,122
04/19/2020,SJT,TX,ASW,CE,Federal Contract Tower,4,3,5,11,23,0,1,23,4,28,4,4,28,15,51,8,26,34,85
04/20/2020,SJT,TX,ASW,CE,Federal Contract Tower,1,2,12,39,54,0,0,39,11,50,1,2,51,50,104,44,118,162,266
04/21/2020,SJT,TX,ASW,CE,Federal Contract Tower,1,10,19,58,88,0,4,21,9,34,1,14,40,67,122,24,178,202,324
04/22/2020,SJT,TX,ASW,CE,Federal Contract Tower,2,10,6,20,38,0,2,20,6,28,2,12,26,26,66,40,52,92,158
04/23/2020,SJT,TX,ASW,CE,Federal Contract Tower,2,8,15,30,55,0,2,36,8,46,2,10,51,38,101,52,39,91,192
04/24/2020,SJT,TX,ASW,CE,Federal Contract Tower,4,8,11,25,48,0,2,17,12,31,4,10,28,37,79,8,46,54,133
04/25/2020,SJT,TX,ASW,CE,Federal Contract Tower,2,5,8,32,47,0,0,12,8,20,2,5,20,40,67,8,156,164,231
04/26/2020,SJT,TX,ASW,CE,Federal Contract Tower,0,3,13,0,16,0,0,32,0,32,0,3,45,0,48,24,0,24,72
04/27/2020,SJT,TX,ASW,CE,Federal Contract Tower,2,2,7,12,23,0,0,21,9,30,2,2,28,21,53,2,16,18,71
04/28/2020,SJT,TX,ASW,CE,Federal Contract Tower,2,7,8,39,56,0,0,17,2,19,2,7,25,41,75,0,112,112,187
04/29/2020,SJT,TX,ASW,CE,Federal Contract Tower,0,5,10,52,67,0,0,19,2,21,0,5,29,54,88,0,124,124,212
04/30/2020,SJT,TX,ASW,CE,Federal Contract Tower,2,12,34,21,69,0,2,35,3,40,2,14,69,24,109,26,38,64,173
05/01/2020,SJT,TX,ASW,CE,Federal Contract Tower,6,11,12,41,70,0,1,24,5,30,6,12,36,46,100,11,132,143,243
05/02/2020,SJT,TX,ASW,CE,Federal Contract Tower,2,7,1,12,22,0,0,22,1,23,2,7,23,13,45,0,12,12,57
05/03/2020,SJT,TX,ASW,CE,Federal Contract Tower,2,2,2,0,6,0,0,17,0,17,2,2,19,0,23,0,0,0,23
05/04/2020,SJT,TX,ASW,CE,Federal Contract Tower,4,7,21,23,55,0,1,16,7,24,4,8,37,30,79,24,36,60,139
05/05/2020,SJT,TX,ASW,CE,Federal Contract Tower,6,12,13,47,78,0,0,29,25,54,6,12,42,72,132,2,79,81,213
05/06/2020,SJT,TX,ASW,CE,Federal Contract Tower,4,12,32,48,96,0,0,45,6,51,4,12,77,54,147,58,96,154,301
05/07/2020,SJT,TX,ASW,CE,Federal Contract Tower,6,10,16,68,100,0,0,27,14,41,6,10,43,82,141,16,108,124,265
05/08/2020,SJT,TX,ASW,CE,Federal Contract Tower,8,17,5,48,78,0,1,6,9,16,8,18,11,57,94,12,130,142,236
05/09/2020,SJT,TX,ASW,CE,Federal Contract Tower,6,7,23,45,81,0,0,42,6,48,6,7,65,51,129,42,124,166,295
05/10/2020,SJT,TX,ASW,CE,Federal Contract Tower,6,3,15,5,29,0,0,12,1,13,6,3,27,6,42,14,6,20,62
05/11/2020,SJT,TX,ASW,CE,Federal Contract Tower,6,5,12,28,51,0,0,21,17,38,6,5,33,45,89,10,78,88,177
05/12/2020,SJT,TX,ASW,CE,Federal Contract Tower,5,13,22,40,80,0,1,34,7,42,5,14,56,47,122,72,180,252,374
05/13/2020,SJT,TX,ASW,CE,Federal Contract Tower,6,18,22,66,112,0,0,19,10,29,6,18,41,76,141,72,162,234,375
05/14/2020,SJT,TX,ASW,CE,Federal Contract Tower,6,11,23,54,94,0,4,51,5,60,6,15,74,59,154,58,160,218,372
05/15/2020,SJT,TX,ASW,CE,Federal Contract Tower,8,9,9,48,74,0,0,12,16,28,8,9,21,64,102,12,90,102,204
05/16/2020,SJT,TX,ASW,CE,Federal Contract Tower,10,6,8,36,60,0,4,24,0,28,10,10,32,36,88,16,166,182,270
05/17/2020,SJT,TX,ASW,CE,Federal Contract Tower,6,0,12,0,18,0,0,33,0,33,6,0,45,0,51,14,0,14,65
05/18/2020,SJT,TX,ASW,CE,Federal Contract Tower,8,2,11,35,56,0,2,30,13,45,8,4,41,48,101,60,104,164,265
05/19/2020,SJT,TX,ASW,CE,Federal Contract Tower,6,14,13,62,95,0,4,24,19,47,6,18,37,81,142,16,108,124,266
05/20/2020,SJT,TX,ASW,CE,Federal Contract Tower,5,12,28,34,79,0,3,11,10,24,5,15,39,44,103,20,68,88,191
05/21/2020,SJT,TX,ASW,CE,Federal Contract Tower,7,15,8,34,64,0,1,25,6,32,7,16,33,40,96,22,88,110,206
05/22/2020,SJT,TX,ASW,CE,Federal Contract Tower,6,10,25,2,43,0,0,28,0,28,6,10,53,2,71,40,0,40,111
05/23/2020,SJT,TX,ASW,CE,Federal Contract Tower,6,5,10,3,24,0,0,16,0,16,6,5,26,3,40,20,4,24,64
05/24/2020,SJT,TX,ASW,CE,Federal Contract Tower,6,0,10,0,16,0,1,14,0,15,6,1,24,0,31,30,0,30,61
05/25/2020,SJT,TX,ASW,CE,Federal Contract Tower,5,5,7,0,17,0,2,23,0,25,5,7,30,0,42,64,0,64,106
05/26/2020,SJT,TX,ASW,CE,Federal Contract Tower,6,4,22,70,102,0,0,39,3,42,6,4,61,73,144,78,136,214,358
05/27/2020,SJT,TX,ASW,CE,Federal Contract Tower,8,9,19,38,74,0,0,38,2,40,8,9,57,40,114,46,80,126,240
05/28/2020,SJT,TX,ASW,CE,Federal Contract Tower,6,11,23,46,86,0,1,36,11,48,6,12,59,57,134,88,93,181,315
05/29/2020,SJT,TX,ASW,CE,Federal Contract Tower,7,11,21,41,80,0,0,38,8,46,7,11,59,49,126,202,194,396,522
05/30/2020,SJT,TX,ASW,CE,Federal Contract Tower,6,3,11,0,20,0,1,63,0,64,6,4,74,0,84,106,0,106,190
05/31/2020,SJT,TX,ASW,CE,Federal Contract Tower,6,6,8,5,25,0,1,32,2,35,6,7,40,7,60,26,10,36,96
06/01/2020,SJT,TX,ASW,CE,Federal Contract Tower,6,9,4,6,25,0,2,19,2,23,6,11,23,8,48,40,8,48,96
06/02/2020,SJT,TX,ASW,CE,Federal Contract Tower,6,12,33,61,112,0,0,39,16,55,6,12,72,77,167,200,150,350,517
06/03/2020,SJT,TX,ASW,CE,Federal Contract Tower,6,12,38,66,122,0,1,48,23,72,6,13,86,89,194,212,184,396,590
06/04/2020,SJT,TX,ASW,CE,Federal Contract Tower,6,13,33,12,64,0,5,42,11,58,6,18,75,23,122,140,44,184,306
06/05/2020,SJT,TX,ASW,CE,Federal Contract Tower,6,16,20,41,83,0,0,32,5,37,6,16,52,46,120,52,104,156,276
06/06/2020,SJT,TX,ASW,CE,Federal Contract Tower,4,3,6,10,23,0,2,39,1,42,4,5,45,11,65,80,24,104,169
06/07/2020,SJT,TX,ASW,CE,Federal Contract Tower,4,0,11,16,31,0,0,24,4,28,4,0,35,20,59,14,26,40,99
06/08/2020,SJT,TX,ASW,CE,Federal Contract Tower,4,5,12,47,68,0,2,49,18,69,4,7,61,65,137,134,102,236,373
06/09/2020,SJT,TX,ASW,CE,Federal Contract Tower,4,10,15,53,82,0,0,26,18,44,4,10,41,71,126,36,148,184,310
06/10/2020,SJT,TX,ASW,CE,Federal Contract Tower,4,7,21,44,76,0,4,53,19,76,4,11,74,63,152,90,176,266,418
06/11/2020,SJT,TX,ASW,CE,Federal Contract Tower,4,9,12,56,81,3,0,40,13,56,7,9,52,69,137,52,174,226,363
06/12/2020,SJT,TX,ASW,CE,Federal Contract Tower,5,15,19,116,155,0,2,43,39,84,5,17,62,155,239,12,357,369,608
06/13/2020,SJT,TX,ASW,CE,Federal Contract Tower,4,5,9,12,30,0,4,32,1,37,4,9,41,13,67,84,20,104,171
06/14/2020,SJT,TX,ASW,CE,Federal Contract Tower,5,1,5,14,25,0,0,38,5,43,5,1,43,19,68,10,28,38,106
06/15/2020,SJT,TX,ASW,CE,Federal Contract Tower,4,8,12,58,82,0,3,44,19,66,4,11,56,77,148,28,148,176,324
06/16/2020,SJT,TX,ASW,CE,Federal Contract Tower,4,15,23,84,126,0,0,35,26,61,4,15,58,110,187,16,222,238,425
06/17/2020,SJT,TX,ASW,CE,Federal Contract Tower,4,11,9,49,73,0,0,49,24,73,4,11,58,73,146,104,126,230,376
06/18/2020,SJT,TX,ASW,CE,Federal Contract Tower,4,8,20,64,96,0,2,19,8,29,4,10,39,72,125,18,190,208,333
06/19/2020,SJT,TX,ASW,CE,Federal Contract Tower,5,10,23,93,131,0,0,35,20,55,5,10,58,113,186,88,240,328,514
06/20/2020,SJT,TX,ASW,CE,Federal Contract Tower,4,6,11,19,40,0,6,29,2,37,4,12,40,21,77,38,44,82,159
06/21/2020,SJT,TX,ASW,CE,Federal Contract Tower,4,4,13,0,21,0,0,33,0,33,4,4,46,0,54,16,0,16,70
06/22/2020,SJT,TX,ASW,CE,Federal Contract Tower,4,3,19,74,100,0,1,44,8,53,4,4,63,82,153,102,146,248,401
06/23/2020,SJT,TX,ASW,CE,Federal Contract Tower,4,9,12,39,64,0,0,32,4,36,4,9,44,43,100,54,216,270,370
06/24/2020,SJT,TX,ASW,CE,Federal Contract Tower,6,11,23,66,106,0,0,47,15,62,6,11,70,81,168,114,294,408,576
06/25/2020,SJT,TX,ASW,CE,Federal Contract Tower,4,14,30,45,93,0,0,28,15,43,4,14,58,60,136,66,208,274,410
06/26/2020,SJT,TX,ASW,CE,Federal Contract Tower,6,13,22,79,120,0,0,28,22,50,6,13,50,101,170,36,256,292,462
06/27/2020,SJT,TX,ASW,CE,Federal Contract Tower,4,7,8,0,19,0,0,24,0,24,4,7,32,0,43,24,0,24,67
06/28/2020,SJT,TX,ASW,CE,Federal Contract Tower,4,1,6,0,11,0,0,1,0,1,4,1,7,0,12,0,0,0,12
06/29/2020,SJT,TX,ASW,CE,Federal Contract Tower,3,10,15,45,73,0,0,22,15,37,3,10,37,60,110,60,158,218,328
06/30/2020,SJT,TX,ASW,CE,Federal Contract Tower,4,7,25,53,89,0,0,55,18,73,4,7,80,71,162,148,220,368,530
07/01/2020,SJT,TX,ASW,CE,Federal Contract Tower,4,7,18,43,72,0,0,27,16,43,4,7,45,59,115,22,140,162,277
07/02/2020,SJT,TX,ASW,CE,Federal Contract Tower,4,12,26,23,65,0,0,30,10,40,4,12,56,33,105,92,96,188,293
07/03/2020,SJT,TX,ASW,CE,Federal Contract Tower,4,8,15,1,28,0,0,34,0,34,4,8,49,1,62,70,2,72,134
07/04/2020,SJT,TX,ASW,CE,Federal Contract Tower,4,0,3,0,7,0,0,27,0,27,4,0,30,0,34,42,0,42,76
07/05/2020,SJT,TX,ASW,CE,Federal Contract Tower,4,4,4,6,18,0,0,17,1,18,4,4,21,7,36,6,10,16,52
07/06/2020,SJT,TX,ASW,CE,Federal Contract Tower,4,6,5,2,17,0,0,17,0,17,4,6,22,2,34,40,0,40,74
07/07/2020,SJT,TX,ASW,CE,Federal Contract Tower,6,7,15,53,81,0,0,18,6,24,6,7,33,59,105,14,160,174,279
07/08/2020,SJT,TX,ASW,CE,Federal Contract Tower,6,10,24,32,72,0,3,32,9,44,6,13,56,41,116,80,76,156,272
07/09/2020,SJT,TX,ASW,CE,Federal Contract Tower,5,9,16,43,73,0,2,21,11,34,5,11,37,54,107,44,118,162,269
07/10/2020,SJT,TX,ASW,CE,Federal Contract Tower,6,11,16,39,72,0,2,22,9,33,6,13,38,48,105,38,106,144,249
07/11/2020,SJT,TX,ASW,CE,Federal Contract Tower,4,4,12,0,20,0,3,25,8,36,4,7,37,8,56,34,0,34,90
07/12/2020,SJT,TX,ASW,CE,Federal Contract Tower,6,3,5,0,14,0,2,25,0,27,6,5,30,0,41,16,0,16,57
07/13/2020,SJT,TX,ASW,CE,Federal Contract Tower,6,7,20,15,48,0,0,19,0,19,6,7,39,15,67,56,20,76,143
07/14/2020,SJT,TX,ASW,CE,Federal Contract Tower,5,12,10,19,46,0,5,16,4,25,5,17,26,23,71,18,20,38,109
07/15/2020,SJT,TX,ASW,CE,Federal Contract Tower,8,12,17,31,68,0,0,28,3,31,8,12,45,34,99,14,66,80,179
07/16/2020,SJT,TX,ASW,CE,Federal Contract Tower,7,15,19,24,65,0,0,12,2,14,7,15,31,26,79,18,36,54,133
07/17/2020,SJT,TX,ASW,CE,Federal Contract Tower,11,14,21,45,91,0,0,38,5,43,11,14,59,50,134,6,112,118,252
07/18/2020,SJT,TX,ASW,CE,Federal Contract Tower,3,8,14,3,28,0,1,28,2,31,3,9,42,5,59,34,6,40,99
07/19/2020,SJT,TX,ASW,CE,Federal Contract Tower,7,5,7,0,19,0,2,25,2,29,7,7,32,2,48,44,0,44,92
07/20/2020,SJT,TX,ASW,CE,Federal Contract Tower,7,5,12,55,79,0,0,26,11,37,7,5,38,66,116,36,128,164,280
07/21/2020,SJT,TX,ASW,CE,Federal Contract Tower,7,12,27,32,78,0,1,31,8,40,7,13,58,40,118,28,88,116,234
07/22/2020,SJT,TX,ASW,CE,Federal Contract Tower,6,13,26,33,78,0,3,22,4,29,6,16,48,37,107,10,72,82,189
07/23/2020,SJT,TX,ASW,CE,Federal Contract Tower,610,17,21,54,702,0,2,15,2,19,610,19,36,56,721,2,54,56,777
07/24/2020,SJT,TX,ASW,CE,Federal Contract Tower,7,10,13,34,64,0,0,27,10,37,7,10,40,44,101,28,98,126,227
07/25/2020,SJT,TX,ASW,CE,Federal Contract Tower,3,3,8,0,14,0,1,20,3,24,3,4,28,3,38,42,0,42,80
07/26/2020,SJT,TX,ASW,CE,Federal Contract Tower,6,2,8,0,16,0,0,12,0,12,6,2,20,0,28,20,0,20,48
07/27/2020,SJT,TX,ASW,CE,Federal Contract Tower,6,6,23,40,75,0,2,33,9,44,6,8,56,49,119,64,70,134,253
07/28/2020,SJT,TX,ASW,CE,Federal Contract Tower,6,12,13,30,61,0,1,20,9,30,6,13,33,39,91,26,100,126,217
07/29/2020,SJT,TX,ASW,CE,Federal Contract Tower,6,12,11,58,87,0,0,41,19,60,6,12,52,77,147,68,200,268,415
07/30/2020,SJT,TX,ASW,CE,Federal Contract Tower,6,13,16,28,63,0,3,23,10,36,6,16,39,38,99,54,108,162,261
07/31/2020,SJT,TX,ASW,CE,Federal Contract Tower,7,12,19,49,87,0,0,26,9,35,7,12,45,58,122,24,140,164,286
08/01/2020,SJT,TX,ASW,CE,Federal Contract Tower,3,4,11,11,29,0,2,29,0,31,3,6,40,11,60,10,20,30,90
08/02/2020,SJT,TX,ASW,CE,Federal Contract Tower,6,4,17,7,34,0,0,23,3,26,6,4,40,10,60,36,10,46,106
08/03/2020,SJT,TX,ASW,CE,Federal Contract Tower,8,4,15,10,37,0,3,27,2,32,8,7,42,12,69,84,50,134,203
08/04/2020,SJT,TX,ASW,CE,Federal Contract Tower,6,11,17,18,52,0,3,21,5,29,6,14,38,23,81,16,50,66,147
08/05/2020,SJT,TX,ASW,CE,Federal Contract Tower,6,11,18,22,57,0,0,34,3,37,6,11,52,25,94,12,90,102,196
08/07/2020,SJT,TX,ASW,CE,Federal Contract Tower,7,11,25,24,67,0,2,45,3,50,7,13,70,27,117,32,66,98,215
08/08/2020,SJT,TX,ASW,CE,Federal Contract Tower,4,3,8,2,17,0,1,22,0,23,4,4,30,2,40,10,2,12,52
08/09/2020,SJT,TX,ASW,CE,Federal Contract Tower,6,2,17,8,33,0,0,28,4,32,6,2,45,12,65,34,18,52,117
08/10/2020,SJT,TX,ASW,CE,Federal Contract Tower,7,6,16,22,51,0,0,24,8,32,7,6,40,30,83,6,68,74,157
08/11/2020,SJT,TX,ASW,CE,Federal Contract Tower,8,11,26,9,54,0,5,26,3,34,8,16,52,12,88,64,24,88,176
08/12/2020,SJT,TX,ASW,CE,Federal Contract Tower,6,10,25,32,73,0,0,22,5,27,6,10,47,37,100,6,88,94,194
08/13/2020,SJT,TX,ASW,CE,Federal Contract Tower,7,12,14,32,65,0,1,23,3,27,7,13,37,35,92,12,86,98,190
08/14/2020,SJT,TX,ASW,CE,Federal Contract Tower,8,13,19,46,86,0,0,29,17,46,8,13,48,63,132,50,152,202,334
08/15/2020,SJT,TX,ASW,CE,Federal Contract Tower,3,4,8,0,15,0,1,52,0,53,3,5,60,0,68,62,0,62,130
08/16/2020,SJT,TX,ASW,CE,Federal Contract Tower,4,2,14,5,25,0,1,41,3,45,4,3,55,8,70,46,10,56,126
08/17/2020,SJT,TX,ASW,CE,Federal Contract Tower,6,7,9,39,61,0,2,30,2,34,6,9,39,41,95,32,58,90,185
08/18/2020,SJT,TX,ASW,CE,Federal Contract Tower,6,11,17,34,68,0,0,32,6,38,6,11,49,40,106,46,110,156,262
08/19/2020,SJT,TX,ASW,CE,Federal Contract Tower,6,6,23,40,75,0,2,29,6,37,6,8,52,46,112,62,114,176,288
08/20/2020,SJT,TX,ASW,CE,Federal Contract Tower,6,14,29,45,94,0,2,44,9,55,6,16,73,54,149,34,90,124,273
08/21/2020,SJT,TX,ASW,CE,Federal Contract Tower,8,13,14,32,67,0,0,36,2,38,8,13,50,34,105,12,58,70,175
08/22/2020,SJT,TX,ASW,CE,Federal Contract Tower,4,8,9,0,21,0,0,21,3,24,4,8,30,3,45,22,0,22,67
08/23/2020,SJT,TX,ASW,CE,Federal Contract Tower,6,0,8,11,25,0,2,29,1,32,6,2,37,12,57,34,18,52,109
08/24/2020,SJT,TX,ASW,CE,Federal Contract Tower,6,6,15,51,78,0,0,33,12,45,6,6,48,63,123,40,160,200,323
08/25/2020,SJT,TX,ASW,CE,Federal Contract Tower,6,11,19,45,81,0,10,34,8,52,6,21,53,53,133,104,86,190,323
08/26/2020,SJT,TX,ASW,CE,Federal Contract Tower,4,20,16,56,96,0,1,29,8,38,4,21,45,64,134,24,162,186,320
08/27/2020,SJT,TX,ASW,CE,Federal Contract Tower,5,15,27,45,92,0,0,40,29,69,5,15,67,74,161,92,75,167,328
08/28/2020,SJT,TX,ASW,CE,Federal Contract Tower,9,17,15,23,64,0,2,54,4,60,9,19,69,27,124,38,54,92,216
08/29/2020,SJT,TX,ASW,CE,Federal Contract Tower,4,1,17,2,24,0,2,39,16,57,4,3,56,18,81,48,2,50,131
08/30/2020,SJT,TX,ASW,CE,Federal Contract Tower,5,5,18,3,31,0,0,28,1,29,5,5,46,4,60,30,6,36,96
08/31/2020,SJT,TX,ASW,CE,Federal Contract Tower,5,7,15,40,67,0,0,23,18,41,5,7,38,58,108,8,66,74,182
09/01/2020,SJT,TX,ASW,CE,Federal Contract Tower,5,17,11,31,64,0,5,26,2,33,5,22,37,33,97,36,58,94,191
09/02/2020,SJT,TX,ASW,CE,Federal Contract Tower,4,15,27,103,149,0,1,29,12,42,4,16,56,115,191,70,392,462,653
09/03/2020,SJT,TX,ASW,CE,Federal Contract Tower,8,19,5,33,65,0,5,35,9,49,8,24,40,42,114,48,130,178,292
09/04/2020,SJT,TX,ASW,CE,Federal Contract Tower,7,14,25,0,46,0,3,45,0,48,7,17,70,0,94,28,0,28,122
09/05/2020,SJT,TX,ASW,CE,Federal Contract Tower,4,4,10,0,18,0,4,10,26,40,4,8,20,26,58,12,0,12,70
09/06/2020,SJT,TX,ASW,CE,Federal Contract Tower,6,2,9,0,17,0,0,30,12,42,6,2,39,12,59,30,0,30,89
09/07/2020,SJT,TX,ASW,CE,Federal Contract Tower,6,4,9,0,19,0,2,30,2,34,6,6,39,2,53,14,0,14,67
09/08/2020,SJT,TX,ASW,CE,Federal Contract Tower,6,8,12,65,91,0,0,27,14,41,6,8,39,79,132,14,236,250,382
09/09/2020,SJT,TX,ASW,CE,Federal Contract Tower,4,12,2,0,18,0,0,0,0,0,4,12,2,0,18,6,0,6,24
09/10/2020,SJT,TX,ASW,CE,Federal Contract Tower,4,14,12,4,34,0,0,3,0,3,4,14,15,4,37,6,4,10,47
09/11/2020,SJT,TX,ASW,CE,Federal Contract Tower,6,11,19,15,51,0,0,15,2,17,6,11,34,17,68,10,16,26,94
09/12/2020,SJT,TX,ASW,CE,Federal Contract Tower,4,3,21,1,29,0,9,44,6,59,4,12,65,7,88,52,0,52,140
09/13/2020,SJT,TX,ASW,CE,Federal Contract Tower,4,2,7,0,13,0,0,13,0,13,4,2,20,0,26,8,0,8,34
09/14/2020,SJT,TX,ASW,CE,Federal Contract Tower,4,6,13,56,79,0,1,41,21,63,4,7,54,77,142,100,152,252,394
09/15/2020,SJT,TX,ASW,CE,Federal Contract Tower,4,12,21,61,98,0,4,41,28,73,4,16,62,89,171,42,154,196,367
09/16/2020,SJT,TX,ASW,CE,Federal Contract Tower,4,12,25,39,80,0,1,31,2,34,4,13,56,41,114,76,110,186,300
09/17/2020,SJT,TX,ASW,CE,Federal Contract Tower,4,12,31,68,115,0,2,37,12,51,4,14,68,80,166,64,314,378,544
09/18/2020,SJT,TX,ASW,CE,Federal Contract Tower,6,11,15,39,71,0,5,46,12,63,6,16,61,51,134,48,216,264,398
09/19/2020,SJT,TX,ASW,CE,Federal Contract Tower,4,5,16,0,25,0,0,18,0,18,4,5,34,0,43,6,0,6,49
09/20/2020,SJT,TX,ASW,CE,Federal Contract Tower,5,1,15,6,27,0,2,37,0,39,5,3,52,6,66,30,46,76,142
09/21/2020,SJT,TX,ASW,CE,Federal Contract Tower,5,6,20,52,83,0,0,18,4,22,5,6,38,56,105,60,164,224,329
09/22/2020,SJT,TX,ASW,CE,Federal Contract Tower,4,13,32,46,95,0,0,21,5,26,4,13,53,51,121,102,140,242,363
09/23/2020,SJT,TX,ASW,CE,Federal Contract Tower,4,16,27,81,128,0,0,22,13,35,4,16,49,94,163,28,246,274,437
09/24/2020,SJT,TX,ASW,CE,Federal Contract Tower,4,17,16,32,69,0,1,32,10,43,4,18,48,42,112,26,92,118,230
09/25/2020,SJT,TX,ASW,CE,Federal Contract Tower,10,11,35,55,111,0,4,37,5,46,10,15,72,60,157,44,184,228,385
09/26/2020,SJT,TX,ASW,CE,Federal Contract Tower,4,9,6,0,19,0,0,23,2,25,4,9,29,2,44,42,0,42,86
09/27/2020,SJT,TX,ASW,CE,Federal Contract Tower,4,2,8,8,22,0,0,25,6,31,4,2,33,14,53,38,14,52,105
09/28/2020,SJT,TX,ASW,CE,Federal Contract Tower,3,6,21,68,98,0,1,13,6,20,3,7,34,74,118,42,222,264,382
09/29/2020,SJT,TX,ASW,CE,Federal Contract Tower,4,14,52,21,91,0,0,24,4,28,4,14,76,25,119,16,32,48,167
09/30/2020,SJT,TX,ASW,CE,Federal Contract Tower,4,15,17,16,52,0,0,33,3,36,4,15,50,19,88,50,24,74,162
10/01/2020,SJT,TX,ASW,CE,Federal Contract Tower,4,15,13,18,50,0,0,33,7,40,4,15,46,25,90,50,14,64,154
10/02/2020,SJT,TX,ASW,CE,Federal Contract Tower,6,16,15,31,68,0,2,26,16,44,6,18,41,47,112,20,22,42,154
10/03/2020,SJT,TX,ASW,CE,Federal Contract Tower,5,4,7,0,16,0,0,27,3,30,5,4,34,3,46,30,0,30,76
10/04/2020,SJT,TX,ASW,CE,Federal Contract Tower,4,1,12,0,17,0,0,35,0,35,4,1,47,0,52,24,0,24,76
10/05/2020,SJT,TX,ASW,CE,Federal Contract Tower,4,10,18,7,39,0,1,33,1,35,4,11,51,8,74,48,4,52,126
10/06/2020,SJT,TX,ASW,CE,Federal Contract Tower,4,15,14,12,45,0,2,26,7,35,4,17,40,19,80,60,14,74,154
10/07/2020,SJT,TX,ASW,CE,Federal Contract Tower,7,11,25,11,54,0,3,28,2,33,7,14,53,13,87,28,24,52,139
10/08/2020,SJT,TX,ASW,CE,Federal Contract Tower,9,12,20,17,58,0,1,30,2,33,9,13,50,19,91,20,44,64,155
10/09/2020,SJT,TX,ASW,CE,Federal Contract Tower,8,13,24,8,53,0,1,39,0,40,8,14,63,8,93,54,12,66,159
10/10/2020,SJT,TX,ASW,CE,Federal Contract Tower,4,6,10,11,31,0,5,32,0,37,4,11,42,11,68,32,10,42,110
10/11/2020,SJT,TX,ASW,CE,Federal Contract Tower,6,1,12,0,19,0,2,26,0,28,6,3,38,0,47,42,0,42,89
10/12/2020,SJT,TX,ASW,CE,Federal Contract Tower,7,4,15,3,29,0,0,33,0,33,7,4,48,3,62,46,4,50,112
10/13/2020,SJT,TX,ASW,CE,Federal Contract Tower,7,10,12,20,49,0,0,22,5,27,7,10,34,25,76,28,20,48,124
10/14/2020,SJT,TX,ASW,CE,Federal Contract Tower,7,19,20,9,55,0,1,25,3,29,7,20,45,12,84,68,20,88,172
10/15/2020,SJT,TX,ASW,CE,Federal Contract Tower,8,14,17,19,58,0,2,26,8,36,8,16,43,27,94,28,24,52,146
10/16/2020,SJT,TX,ASW,CE,Federal Contract Tower,7,13,17,29,66,0,0,37,9,46,7,13,54,38,112,36,46,82,194
10/17/2020,SJT,TX,ASW,CE,Federal Contract Tower,4,5,9,14,32,0,4,15,5,24,4,9,24,19,56,6,18,24,80
10/18/2020,SJT,TX,ASW,CE,Federal Contract Tower,7,8,11,2,28,0,0,20,0,20,7,8,31,2,48,8,0,8,56
10/19/2020,SJT,TX,ASW,CE,Federal Contract Tower,8,12,21,15,56,0,0,14,1,15,8,12,35,16,71,33,16,49,120
10/20/2020,SJT,TX,ASW,CE,Federal Contract Tower,6,19,22,16,63,0,0,9,0,9,6,19,31,16,72,26,22,48,120
10/21/2020,SJT,TX,ASW,CE,Federal Contract Tower,7,11,30,14,62,0,12,28,2,42,7,23,58,16,104,54,40,94,198
10/23/2020,SJT,TX,ASW,CE,Federal Contract Tower,11,12,22,50,95,0,3,5,0,8,11,15,27,50,103,14,82,96,199
10/24/2020,SJT,TX,ASW,CE,Federal Contract Tower,4,5,23,0,32,0,7,22,0,29,4,12,45,0,61,69,0,69,130
10/25/2020,SJT,TX,ASW,CE,Federal Contract Tower,6,5,20,14,45,0,0,18,8,26,6,5,38,22,71,52,56,108,179
10/26/2020,SJT,TX,ASW,CE,Federal Contract Tower,7,11,16,4,38,0,0,0,0,0,7,11,16,4,38,0,4,4,42
10/27/2020,SJT,TX,ASW,CE,Federal Contract Tower,5,5,4,0,14,0,0,0,0,0,5,5,4,0,14,0,0,0,14
10/28/2020,SJT,TX,ASW,CE,Federal Contract Tower,6,16,18,24,64,1,2,7,2,12,7,18,25,26,76,32,50,82,158
10/29/2020,SJT,TX,ASW,CE,Federal Contract Tower,6,17,15,23,61,0,0,17,0,17,6,17,32,23,78,4,50,54,132
10/30/2020,SJT,TX,ASW,CE,Federal Contract Tower,10,15,14,27,66,0,0,52,3,55,10,15,66,30,121,42,130,172,293
10/31/2020,SJT,TX,ASW,CE,Federal Contract Tower,4,5,25,0,34,0,7,19,4,30,4,12,44,4,64,40,0,40,104
11/01/2020,SJT,TX,ASW,CE,Federal Contract Tower,5,9,10,39,63,0,2,19,4,25,5,11,29,43,88,6,68,74,162
11/02/2020,SJT,TX,ASW,CE,Federal Contract Tower,7,7,18,28,60,0,0,32,0,32,7,7,50,28,92,36,84,120,212
11/03/2020,SJT,TX,ASW,CE,Federal Contract Tower,7,14,16,43,80,0,1,33,20,54,7,15,49,63,134,20,128,148,282
11/04/2020,SJT,TX,ASW,CE,Federal Contract Tower,6,14,27,24,71,0,2,29,2,33,6,16,56,26,104,28,46,74,178
11/05/2020,SJT,TX,ASW,CE,Federal Contract Tower,6,10,22,36,74,0,3,32,2,37,6,13,54,38,111,20,72,92,203
11/06/2020,SJT,TX,ASW,CE,Federal Contract Tower,8,10,15,42,75,0,0,21,3,24,8,10,36,45,99,12,100,112,211
11/07/2020,SJT,TX,ASW,CE,Federal Contract Tower,6,10,12,0,28,0,2,24,0,26,6,12,36,0,54,10,0,10,64
11/08/2020,SJT,TX,ASW,CE,Federal Contract Tower,6,1,13,11,31,0,4,28,8,40,6,5,41,19,71,6,6,12,83
11/09/2020,SJT,TX,ASW,CE,Federal Contract Tower,6,10,11,66,93,0,2,20,9,31,6,12,31,75,124,18,176,194,318
11/10/2020,SJT,TX,ASW,CE,Federal Contract Tower,9,14,12,31,66,0,0,28,1,29,9,14,40,32,95,40,100,140,235
11/11/2020,SJT,TX,ASW,CE,Federal Contract Tower,6,11,25,3,45,0,0,22,0,22,6,11,47,3,67,30,4,34,101
11/12/2020,SJT,TX,ASW,CE,Federal Contract Tower,6,19,24,27,76,0,1,35,9,45,6,20,59,36,121,48,42,90,211
11/13/2020,SJT,TX,ASW,CE,Federal Contract Tower,10,16,14,19,59,0,0,7,2,9,10,16,21,21,68,6,22,28,96
11/14/2020,SJT,TX,ASW,CE,Federal Contract Tower,6,4,7,2,19,0,0,12,0,12,6,4,19,2,31,2,2,4,35
11/15/2020,SJT,TX,ASW,CE,Federal Contract Tower,6,5,15,19,45,0,0,25,12,37,6,5,40,31,82,28,26,54,136
11/16/2020,SJT,TX,ASW,CE,Federal Contract Tower,8,9,16,20,53,0,2,19,6,27,8,11,35,26,80,14,20,34,114
11/17/2020,SJT,TX,ASW,CE,Federal Contract Tower,6,15,25,39,85,0,0,23,13,36,6,15,48,52,121,8,70,78,199
11/18/2020,SJT,TX,ASW,CE,Federal Contract Tower,7,12,28,50,97,0,0,32,23,55,7,12,60,73,152,46,164,210,362
11/19/2020,SJT,TX,ASW,CE,Federal Contract Tower,6,13,18,48,85,0,1,24,4,29,6,14,42,52,114,4,127,131,245
11/20/2020,SJT,TX,ASW,CE,Federal Contract Tower,11,13,29,27,80,2,50,6,0,58,13,63,35,27,138,64,46,110,248
11/21/2020,SJT,TX,ASW,CE,Federal Contract Tower,6,7,22,14,49,0,0,27,2,29,6,7,49,16,78,26,28,54,132
11/22/2020,SJT,TX,ASW,CE,Federal Contract Tower,6,4,22,4,36,0,0,2,0,2,6,4,24,4,38,20,8,28,66
11/23/2020,SJT,TX,ASW,CE,Federal Contract Tower,6,7,24,26,63,0,0,17,4,21,6,7,41,30,84,20,32,52,136
11/24/2020,SJT,TX,ASW,CE,Federal Contract Tower,6,13,16,49,84,0,0,12,13,25,6,13,28,62,109,4,110,114,223
11/25/2020,SJT,TX,ASW,CE,Federal Contract Tower,6,14,18,28,66,0,0,50,3,53,6,14,68,31,119,62,120,182,301
11/26/2020,SJT,TX,ASW,CE,Federal Contract Tower,2,1,1,0,4,0,0,9,0,9,2,1,10,0,13,0,0,0,13
11/27/2020,SJT,TX,ASW,CE,Federal Contract Tower,8,12,19,4,43,0,0,6,0,6,8,12,25,4,49,28,6,34,83
11/28/2020,SJT,TX,ASW,CE,Federal Contract Tower,7,12,4,0,23,0,0,0,0,0,7,12,4,0,23,0,0,0,23
11/29/2020,SJT,TX,ASW,CE,Federal Contract Tower,8,8,24,0,40,0,0,15,0,15,8,8,39,0,55,6,0,6,61
11/30/2020,SJT,TX,ASW,CE,Federal Contract Tower,8,3,13,42,66,0,10,37,12,59,8,13,50,54,125,150,78,228,353
12/01/2020,SJT,TX,ASW,CE,Federal Contract Tower,6,19,16,38,79,0,1,12,12,25,6,20,28,50,104,24,88,112,216
12/02/2020,SJT,TX,ASW,CE,Federal Contract Tower,6,16,29,55,106,0,5,20,16,41,6,21,49,71,147,36,210,246,393
12/03/2020,SJT,TX,ASW,CE,Federal Contract Tower,9,11,17,73,110,0,5,10,3,18,9,16,27,76,128,4,170,174,302
12/04/2020,SJT,TX,ASW,CE,Federal Contract Tower,10,15,17,28,70,0,6,46,2,54,10,21,63,30,124,68,54,122,246
12/05/2020,SJT,TX,ASW,CE,Federal Contract Tower,4,8,10,5,27,0,0,20,0,20,4,8,30,5,47,50,8,58,105
12/06/2020,SJT,TX,ASW,CE,Federal Contract Tower,6,1,10,12,29,0,1,47,7,55,6,2,57,19,84,14,28,42,126
12/07/2020,SJT,TX,ASW,CE,Federal Contract Tower,7,6,30,26,69,0,1,42,5,48,7,7,72,31,117,46,72,118,235
12/08/2020,SJT,TX,ASW,CE,Federal Contract Tower,6,8,24,30,68,0,1,37,15,53,6,9,61,45,121,28,86,114,235
12/09/2020,SJT,TX,ASW,CE,Federal Contract Tower,6,19,20,41,86,0,2,36,10,48,6,21,56,51,134,54,54,108,242
12/10/2020,SJT,TX,ASW,CE,Federal Contract Tower,7,13,14,54,88,0,2,18,1,21,7,15,32,55,109,12,112,124,233
12/11/2020,SJT,TX,ASW,CE,Federal Contract Tower,8,13,16,52,89,0,0,21,8,29,8,13,37,60,118,28,90,118,236
12/12/2020,SJT,TX,ASW,CE,Federal Contract Tower,4,7,10,0,21,0,4,41,4,49,4,11,51,4,70,62,0,62,132
12/13/2020,SJT,TX,ASW,CE,Federal Contract Tower,6,2,10,7,25,0,0,11,2,13,6,2,21,9,38,0,32,32,70
12/14/2020,SJT,TX,ASW,CE,Federal Contract Tower,6,7,14,44,71,0,2,23,5,30,6,9,37,49,101,16,110,126,227
12/15/2020,SJT,TX,ASW,CE,Federal Contract Tower,5,16,19,50,90,0,1,15,6,22,5,17,34,56,112,14,138,152,264
12/16/2020,SJT,TX,ASW,CE,Federal Contract Tower,5,19,22,35,81,0,5,26,11,42,5,24,48,46,123,18,102,120,243
12/17/2020,SJT,TX,ASW,CE,Federal Contract Tower,9,16,22,46,93,0,4,21,10,35,9,20,43,56,128,24,124,148,276
12/18/2020,SJT,TX,ASW,CE,Federal Contract Tower,10,18,26,30,84,0,0,13,3,16,10,18,39,33,100,10,98,108,208
12/19/2020,SJT,TX,ASW,CE,Federal Contract Tower,8,7,6,0,21,0,0,15,0,15,8,7,21,0,36,8,0,8,44
12/20/2020,SJT,TX,ASW,CE,Federal Contract Tower,9,5,13,7,34,0,4,35,1,40,9,9,48,8,74,18,14,32,106
12/21/2020,SJT,TX,ASW,CE,Federal Contract Tower,8,14,12,28,62,0,2,26,0,28,8,16,38,28,90,22,72,94,184
12/22/2020,SJT,TX,ASW,CE,Federal Contract Tower,8,15,26,33,82,0,2,21,4,27,8,17,47,37,109,0,46,46,155
12/23/2020,SJT,TX,ASW,CE,Federal Contract Tower,8,17,8,0,33,0,0,15,0,15,8,17,23,0,48,0,0,0,48
12/24/2020,SJT,TX,ASW,CE,Federal Contract Tower,6,10,10,0,26,0,1,18,0,19,6,11,28,0,45,38,0,38,83
12/25/2020,SJT,TX,ASW,CE,Federal Contract Tower,2,4,5,0,11,0,0,10,0,10,2,4,15,0,21,12,0,12,33
12/26/2020,SJT,TX,ASW,CE,Federal Contract Tower,8,5,9,0,22,0,0,15,0,15,8,5,24,0,37,4,0,4,41
12/27/2020,SJT,TX,ASW,CE,Federal Contract Tower,9,2,4,0,15,0,4,21,0,25,9,6,25,0,40,10,0,10,50
12/28/2020,SJT,TX,ASW,CE,Federal Contract Tower,8,12,24,0,44,0,2,13,0,15,8,14,37,0,59,6,0,6,65
12/29/2020,SJT,TX,ASW,CE,Federal Contract Tower,8,16,11,0,35,0,2,3,0,5,8,18,14,0,40,2,0,2,42
12/30/2020,SJT,TX,ASW,CE,Federal Contract Tower,6,8,9,4,27,0,0,0,0,0,6,8,9,4,27,0,2,2,29
12/31/2020,SJT,TX,ASW,CE,Federal Contract Tower,2,2,3,0,7,0,0,0,0,0,2,2,3,0,7,0,0,0,7
01/01/2021,SJT,TX,ASW,CE,Federal Contract Tower,9,6,9,0,24,0,0,11,0,11,9,6,20,0,35,2,0,2,37
01/02/2021,SJT,TX,ASW,CE,Federal Contract Tower,8,5,23,0,36,0,0,23,0,23,8,5,46,0,59,20,0,20,79
01/03/2021,SJT,TX,ASW,CE,Federal Contract Tower,8,5,15,0,28,0,0,38,0,38,8,5,53,0,66,18,0,18,84
01/04/2021,SJT,TX,ASW,CE,Federal Contract Tower,8,13,7,3,31,0,2,20,0,22,8,15,27,3,53,44,0,44,97
01/05/2021,SJT,TX,ASW,CE,Federal Contract Tower,7,13,17,6,43,0,0,22,0,22,7,13,39,6,65,32,6,38,103
01/06/2021,SJT,TX,ASW,CE,Federal Contract Tower,7,15,27,23,72,0,3,16,2,21,7,18,43,25,93,16,88,104,197
01/07/2021,SJT,TX,ASW,CE,Federal Contract Tower,7,12,24,34,77,0,0,28,6,34,7,12,52,40,111,52,92,144,255
01/08/2021,SJT,TX,ASW,CE,Federal Contract Tower,10,18,23,47,98,0,0,2,0,2,10,18,25,47,100,0,78,78,178
01/09/2021,SJT,TX,ASW,CE,Federal Contract Tower,8,3,9,3,23,0,0,4,0,4,8,3,13,3,27,4,0,4,31
01/10/2021,SJT,TX,ASW,CE,Federal Contract Tower,0,4,1,0,5,0,0,0,0,0,0,4,1,0,5,0,0,0,5
01/11/2021,SJT,TX,ASW,CE,Federal Contract Tower,6,11,24,26,67,0,1,11,2,14,6,12,35,28,81,42,52,94,175
01/12/2021,SJT,TX,ASW,CE,Federal Contract Tower,8,10,16,24,58,0,3,25,17,45,8,13,41,41,103,12,62,74,177
01/13/2021,SJT,TX,ASW,CE,Federal Contract Tower,8,12,22,26,68,0,12,37,7,56,8,24,59,33,124,38,94,132,256
01/14/2021,SJT,TX,ASW,CE,Federal Contract Tower,7,16,17,12,52,0,6,23,4,33,7,22,40,16,85,26,48,74,159
01/15/2021,SJT,TX,ASW,CE,Federal Contract Tower,12,9,20,24,65,0,1,21,4,26,12,10,41,28,91,2,52,54,145
01/16/2021,SJT,TX,ASW,CE,Federal Contract Tower,6,5,6,0,17,0,3,27,0,30,6,8,33,0,47,34,0,34,81
01/17/2021,SJT,TX,ASW,CE,Federal Contract Tower,7,4,10,3,24,0,3,16,0,19,7,7,26,3,43,2,4,6,49
01/18/2021,SJT,TX,ASW,CE,Federal Contract Tower,7,10,14,1,32,0,1,17,5,23,7,11,31,6,55,18,2,20,75
01/19/2021,SJT,TX,ASW,CE,Federal Contract Tower,9,10,16,51,86,0,1,11,13,25,9,11,27,64,111,0,86,86,197
01/20/2021,SJT,TX,ASW,CE,Federal Contract Tower,7,12,7,0,26,0,0,0,0,0,7,12,7,0,26,0,0,0,26
01/21/2021,SJT,TX,ASW,CE,Federal Contract Tower,7,10,14,36,67,0,2,6,2,10,7,12,20,38,77,14,86,100,177
01/22/2021,SJT,TX,ASW,CE,Federal Contract Tower,12,12,20,122,166,0,2,32,11,45,12,14,52,133,211,100,188,288,499
01/24/2021,SJT,TX,ASW,CE,Federal Contract Tower,9,3,7,11,30,0,0,7,4,11,9,3,14,15,41,0,24,24,65
01/25/2021,SJT,TX,ASW,CE,Federal Contract Tower,7,7,15,52,81,0,0,19,15,34,7,7,34,67,115,0,86,86,201
01/26/2021,SJT,TX,ASW,CE,Federal Contract Tower,8,7,25,44,84,0,5,48,16,69,8,12,73,60,153,56,100,156,309
01/27/2021,SJT,TX,ASW,CE,Federal Contract Tower,7,16,18,39,80,0,6,25,10,41,7,22,43,49,121,94,104,198,319
01/28/2021,SJT,TX,ASW,CE,Federal Contract Tower,7,12,10,46,75,0,4,55,9,68,7,16,65,55,143,114,76,190,333
01/29/2021,SJT,TX,ASW,CE,Federal Contract Tower,12,18,30,50,110,0,0,15,0,15,12,18,45,50,125,26,90,116,241
01/30/2021,SJT,TX,ASW,CE,Federal Contract Tower,7,7,6,6,26,0,1,10,2,13,7,8,16,8,39,4,18,22,61
01/31/2021,SJT,TX,ASW,CE,Federal Contract Tower,8,6,14,13,41,0,0,54,1,55,8,6,68,14,96,30,46,76,172
02/01/2021,SJT,TX,ASW,CE,Federal Contract Tower,7,8,14,62,91,0,1,23,12,36,7,9,37,74,127,28,174,202,329
02/02/2021,SJT,TX,ASW,CE,Federal Contract Tower,7,16,16,31,70,0,6,35,12,53,7,22,51,43,123,26,84,110,233
02/03/2021,SJT,TX,ASW,CE,Federal Contract Tower,7,13,19,12,51,0,4,38,9,51,7,17,57,21,102,48,16,64,166
02/04/2021,SJT,TX,ASW,CE,Federal Contract Tower,8,8,9,49,74,0,9,27,15,51,8,17,36,64,125,24,210,234,359
02/05/2021,SJT,TX,ASW,CE,Federal Contract Tower,12,21,17,37,87,0,8,59,15,82,12,29,76,52,169,90,142,232,401
02/06/2021,SJT,TX,ASW,CE,Federal Contract Tower,7,4,6,25,42,0,2,25,6,33,7,6,31,31,75,18,52,70,145
02/07/2021,SJT,TX,ASW,CE,Federal Contract Tower,8,1,9,12,30,0,0,16,5,21,8,1,25,17,51,24,16,40,91
02/08/2021,SJT,TX,ASW,CE,Federal Contract Tower,6,6,17,75,104,0,4,21,9,34,6,10,38,84,138,0,134,134,272
02/09/2021,SJT,TX,ASW,CE,Federal Contract Tower,7,7,14,24,52,0,0,3,0,3,7,7,17,24,55,0,18,18,73
02/10/2021,SJT,TX,ASW,CE,Federal Contract Tower,7,10,9,2,28,0,0,0,2,2,7,10,9,4,30,0,0,0,30
02/11/2021,SJT,TX,ASW,CE,Federal Contract Tower,1,2,4,0,7,0,0,0,0,0,1,2,4,0,7,0,0,0,7
02/12/2021,SJT,TX,ASW,CE,Federal Contract Tower,0,0,7,0,7,0,0,0,0,0,0,0,7,0,7,2,0,2,9
02/13/2021,SJT,TX,ASW,CE,Federal Contract Tower,0,1,1,0,2,0,0,0,0,0,0,1,1,0,2,0,0,0,2
02/14/2021,SJT,TX,ASW,CE,Federal Contract Tower,0,0,0,0,0,0,0,0,0,0,0,0,0,0,0,0,0,0,0
02/15/2021,SJT,TX,ASW,CE,Federal Contract Tower,0,0,0,0,0,0,0,2,4,6,0,0,2,4,6,0,0,0,6
02/16/2021,SJT,TX,ASW,CE,Federal Contract Tower,0,0,0,0,0,0,0,2,0,2,0,0,2,0,2,0,0,0,2
02/17/2021,SJT,TX,ASW,CE,Federal Contract Tower,0,0,0,0,0,0,0,0,0,0,0,0,0,0,0,0,0,0,0
02/18/2021,SJT,TX,ASW,CE,Federal Contract Tower,0,0,0,0,0,0,0,0,0,0,0,0,0,0,0,0,0,0,0
02/19/2021,SJT,TX,ASW,CE,Federal Contract Tower,3,5,3,0,11,0,0,19,0,19,3,5,22,0,30,6,0,6,36
02/20/2021,SJT,TX,ASW,CE,Federal Contract Tower,8,6,13,0,27,0,2,34,0,36,8,8,47,0,63,64,0,64,127
02/21/2021,SJT,TX,ASW,CE,Federal Contract Tower,9,3,4,0,16,0,0,35,0,35,9,3,39,0,51,2,22,24,75
02/22/2021,SJT,TX,ASW,CE,Federal Contract Tower,9,7,24,26,66,0,6,23,5,34,9,13,47,31,100,54,40,94,194
02/23/2021,SJT,TX,ASW,CE,Federal Contract Tower,7,15,17,51,90,0,3,19,11,33,7,18,36,62,123,6,208,214,337
02/24/2021,SJT,TX,ASW,CE,Federal Contract Tower,7,19,23,62,111,0,6,31,22,59,7,25,54,84,170,70,224,294,464
02/25/2021,SJT,TX,ASW,CE,Federal Contract Tower,8,17,37,88,150,0,0,16,3,19,8,17,53,91,169,138,78,216,385
02/26/2021,SJT,TX,ASW,CE,Federal Contract Tower,9,16,34,93,152,0,5,27,50,82,9,21,61,143,234,86,287,373,607
02/27/2021,SJT,TX,ASW,CE,Federal Contract Tower,7,5,8,20,40,0,2,7,13,22,7,7,15,33,62,12,52,64,126
02/28/2021,SJT,TX,ASW,CE,Federal Contract Tower,10,0,16,11,37,0,2,11,46,59,10,2,27,57,96,14,68,82,178
03/01/2021,SJT,TX,ASW,CE,Federal Contract Tower,9,10,19,70,108,0,1,34,69,104,9,11,53,139,212,102,300,402,614
03/02/2021,SJT,TX,ASW,CE,Federal Contract Tower,9,8,28,59,104,0,6,37,39,82,9,14,65,98,186,96,226,322,508
03/03/2021,SJT,TX,ASW,CE,Federal Contract Tower,7,19,20,44,90,0,8,34,8,50,7,27,54,52,140,72,114,186,326
03/04/2021,SJT,TX,ASW,CE,Federal Contract Tower,8,13,29,54,104,0,0,40,11,51,8,13,69,65,155,26,158,184,339
03/05/2021,SJT,TX,ASW,CE,Federal Contract Tower,10,15,14,55,94,0,0,15,8,23,10,15,29,63,117,0,158,158,275
03/06/2021,SJT,TX,ASW,CE,Federal Contract Tower,6,6,16,0,28,0,0,39,20,59,6,6,55,20,87,32,0,32,119
03/07/2021,SJT,TX,ASW,CE,Federal Contract Tower,10,5,15,2,32,0,2,16,0,18,10,7,31,2,50,30,2,32,82
03/08/2021,SJT,TX,ASW,CE,Federal Contract Tower,9,12,11,27,59,0,0,11,2,13,9,12,22,29,72,44,38,82,154
03/09/2021,SJT,TX,ASW,CE,Federal Contract Tower,9,11,26,53,99,0,1,12,3,16,9,12,38,56,115,34,150,184,299
03/10/2021,SJT,TX,ASW,CE,Federal Contract Tower,8,9,25,55,97,0,0,11,10,21,8,9,36,65,118,16,142,158,276
03/11/2021,SJT,TX,ASW,CE,Federal Contract Tower,8,8,20,20,56,0,0,20,2,22,8,8,40,22,78,38,48,86,164
03/12/2021,SJT,TX,ASW,CE,Federal Contract Tower,11,10,21,22,64,0,2,18,1,21,11,12,39,23,85,16,56,72,157
03/13/2021,SJT,TX,ASW,CE,Federal Contract Tower,6,8,6,0,20,0,0,10,0,10,6,8,16,0,30,10,0,10,40
03/14/2021,SJT,TX,ASW,CE,Federal Contract Tower,10,4,7,1,22,0,0,9,5,14,10,4,16,6,36,2,0,2,38
03/15/2021,SJT,TX,ASW,CE,Federal Contract Tower,8,12,6,28,54,0,3,22,7,32,8,15,28,35,86,12,48,60,146
03/16/2021,SJT,TX,ASW,CE,Federal Contract Tower,8,12,29,27,76,0,2,23,5,30,8,14,52,32,106,52,56,108,214
03/17/2021,SJT,TX,ASW,CE,Federal Contract Tower,3,9,5,8,25,0,2,2,2,6,3,11,7,10,31,0,10,10,41
03/18/2021,SJT,TX,ASW,CE,Federal Contract Tower,9,8,38,46,101,0,0,58,16,74,9,8,96,62,175,56,116,172,347
03/19/2021,SJT,TX,ASW,CE,Federal Contract Tower,8,13,34,27,82,0,1,45,8,54,8,14,79,35,136,72,102,174,310
03/20/2021,SJT,TX,ASW,CE,Federal Contract Tower,8,7,13,45,73,0,0,25,7,32,8,7,38,52,105,12,146,158,263
03/21/2021,SJT,TX,ASW,CE,Federal Contract Tower,8,7,8,7,30,0,4,20,7,31,8,11,28,14,61,0,46,46,107
03/22/2021,SJT,TX,ASW,CE,Federal Contract Tower,6,4,8,6,24,0,0,8,5,13,6,4,16,11,37,0,4,4,41
03/23/2021,SJT,TX,ASW,CE,Federal Contract Tower,8,11,22,25,66,0,0,36,12,48,8,11,58,37,114,30,92,122,236
03/24/2021,SJT,TX,ASW,CE,Federal Contract Tower,7,8,22,73,110,0,0,19,16,35,7,8,41,89,145,16,246,262,407
03/25/2021,SJT,TX,ASW,CE,Federal Contract Tower,8,19,25,48,100,0,0,50,24,74,8,19,75,72,174,22,226,248,422
03/26/2021,SJT,TX,ASW,CE,Federal Contract Tower,8,11,19,26,64,0,1,37,5,43,8,12,56,31,107,20,92,112,219
03/27/2021,SJT,TX,ASW,CE,Federal Contract Tower,6,5,20,10,41,0,0,33,6,39,6,5,53,16,80,38,28,66,146
03/28/2021,SJT,TX,ASW,CE,Federal Contract Tower,8,4,16,20,48,0,0,25,4,29,8,4,41,24,77,44,38,82,159
03/29/2021,SJT,TX,ASW,CE,Federal Contract Tower,8,9,12,36,65,0,1,21,4,26,8,10,33,40,91,16,94,110,201
03/30/2021,SJT,TX,ASW,CE,Federal Contract Tower,8,17,11,9,45,0,1,18,2,21,8,18,29,11,66,34,16,50,116
03/31/2021,SJT,TX,ASW,CE,Federal Contract Tower,8,8,17,109,142,0,1,22,34,57,8,9,39,143,199,62,264,326,525
04/01/2021,SJT,TX,ASW,CE,Federal Contract Tower,8,11,23,26,68,1,0,53,12,66,9,11,76,38,134,10,210,220,354
04/02/2021,SJT,TX,ASW,CE,Federal Contract Tower,12,11,21,20,64,0,1,33,19,53,12,12,54,39,117,48,82,130,247
04/03/2021,SJT,TX,ASW,CE,Federal Contract Tower,8,7,3,6,24,0,0,8,16,24,8,7,11,22,48,14,2,16,64
04/04/2021,SJT,TX,ASW,CE,Federal Contract Tower,7,1,8,0,16,0,0,8,0,8,7,1,16,0,24,2,0,2,26
04/05/2021,SJT,TX,ASW,CE,Federal Contract Tower,8,8,27,57,100,0,1,20,6,27,8,9,47,63,127,30,86,116,243
04/06/2021,SJT,TX,ASW,CE,Federal Contract Tower,7,17,20,43,87,0,2,21,3,26,7,19,41,46,113,10,110,120,233
04/07/2021,SJT,TX,ASW,CE,Federal Contract Tower,8,11,22,45,86,0,0,31,22,53,8,11,53,67,139,58,220,278,417
04/08/2021,SJT,TX,ASW,CE,Federal Contract Tower,7,15,27,25,74,0,3,40,11,54,7,18,67,36,128,54,58,112,240
04/09/2021,SJT,TX,ASW,CE,Federal Contract Tower,8,11,14,28,61,0,1,25,4,30,8,12,39,32,91,4,42,46,137
04/10/2021,SJT,TX,ASW,CE,Federal Contract Tower,9,9,15,14,47,0,4,40,4,48,9,13,55,18,95,52,28,80,175
04/11/2021,SJT,TX,ASW,CE,Federal Contract Tower,9,6,10,18,43,0,3,16,6,25,9,9,26,24,68,10,8,18,86
04/12/2021,SJT,TX,ASW,CE,Federal Contract Tower,8,7,19,16,50,0,2,25,1,28,8,9,44,17,78,48,76,124,202
04/13/2021,SJT,TX,ASW,CE,Federal Contract Tower,9,18,26,58,111,0,2,14,0,16,9,20,40,58,127,50,166,216,343
04/14/2021,SJT,TX,ASW,CE,Federal Contract Tower,7,16,37,54,114,0,0,17,3,20,7,16,54,57,134,64,92,156,290
04/15/2021,SJT,TX,ASW,CE,Federal Contract Tower,8,9,13,0,30,0,0,0,0,0,8,9,13,0,30,2,0,2,32
04/16/2021,SJT,TX,ASW,CE,Federal Contract Tower,8,14,26,9,57,0,0,0,0,0,8,14,26,9,57,8,12,20,77
04/17/2021,SJT,TX,ASW,CE,Federal Contract Tower,9,9,16,3,37,0,4,19,0,23,9,13,35,3,60,70,0,70,130
04/18/2021,SJT,TX,ASW,CE,Federal Contract Tower,8,13,12,14,47,0,1,29,11,41,8,14,41,25,88,40,62,102,190
04/19/2021,SJT,TX,ASW,CE,Federal Contract Tower,8,3,17,40,68,0,3,38,22,63,8,6,55,62,131,46,110,156,287
04/20/2021,SJT,TX,ASW,CE,Federal Contract Tower,9,12,22,64,107,0,1,20,4,25,9,13,42,68,132,40,154,194,326
04/21/2021,SJT,TX,ASW,CE,Federal Contract Tower,11,14,17,45,87,0,1,22,12,35,11,15,39,57,122,26,134,160,282
04/23/2021,SJT,TX,ASW,CE,Federal Contract Tower,16,11,15,28,70,0,1,12,3,16,16,12,27,31,86,32,65,97,183
04/24/2021,SJT,TX,ASW,CE,Federal Contract Tower,12,7,8,10,37,0,2,47,1,50,12,9,55,11,87,88,34,122,209
04/25/2021,SJT,TX,ASW,CE,Federal Contract Tower,13,5,11,5,34,0,0,29,4,33,13,5,40,9,67,24,22,46,113
04/26/2021,SJT,TX,ASW,CE,Federal Contract Tower,12,7,17,58,94,0,3,33,21,57,12,10,50,79,151,40,152,192,343
04/27/2021,SJT,TX,ASW,CE,Federal Contract Tower,11,8,18,46,83,0,1,18,8,27,11,9,36,54,110,10,140,150,260
04/28/2021,SJT,TX,ASW,CE,Federal Contract Tower,13,10,9,6,38,0,0,9,10,19,13,10,18,16,57,14,8,22,79
04/29/2021,SJT,TX,ASW,CE,Federal Contract Tower,13,14,21,18,66,0,0,5,1,6,13,14,26,19,72,14,22,36,108
04/30/2021,SJT,TX,ASW,CE,Federal Contract Tower,13,11,20,13,57,0,0,17,0,17,13,11,37,13,74,38,28,66,140
05/01/2021,SJT,TX,ASW,CE,Federal Contract Tower,12,7,2,0,21,0,0,0,0,0,12,7,2,0,21,0,0,0,21
05/02/2021,SJT,TX,ASW,CE,Federal Contract Tower,12,5,17,5,39,0,0,21,0,21,12,5,38,5,60,8,2,10,70
05/03/2021,SJT,TX,ASW,CE,Federal Contract Tower,14,6,23,55,98,0,1,29,6,36,14,7,52,61,134,18,160,178,312
05/04/2021,SJT,TX,ASW,CE,Federal Contract Tower,10,19,21,62,112,0,1,18,11,30,10,20,39,73,142,2,262,264,406
05/05/2021,SJT,TX,ASW,CE,Federal Contract Tower,12,16,22,45,95,0,6,24,19,49,12,22,46,64,144,94,102,196,340
05/06/2021,SJT,TX,ASW,CE,Federal Contract Tower,13,16,32,25,86,0,0,33,16,49,13,16,65,41,135,48,34,82,217
05/07/2021,SJT,TX,ASW,CE,Federal Contract Tower,17,14,11,9,51,0,1,29,0,30,17,15,40,9,81,28,34,62,143
05/08/2021,SJT,TX,ASW,CE,Federal Contract Tower,10,5,16,5,36,0,0,29,4,33,10,5,45,9,69,10,8,18,87
05/09/2021,SJT,TX,ASW,CE,Federal Contract Tower,12,5,15,17,49,0,0,21,5,26,12,5,36,22,75,10,38,48,123
05/10/2021,SJT,TX,ASW,CE,Federal Contract Tower,9,3,12,43,67,0,0,8,0,8,9,3,20,43,75,16,126,142,217
05/11/2021,SJT,TX,ASW,CE,Federal Contract Tower,7,10,8,3,28,0,0,0,0,0,7,10,8,3,28,0,0,0,28
05/12/2021,SJT,TX,ASW,CE,Federal Contract Tower,12,10,27,42,91,0,0,18,10,28,12,10,45,52,119,38,82,120,239
05/13/2021,SJT,TX,ASW,CE,Federal Contract Tower,14,9,35,27,85,0,0,24,0,24,14,9,59,27,109,26,76,102,211
05/14/2021,SJT,TX,ASW,CE,Federal Contract Tower,12,15,31,6,64,0,0,22,0,22,12,15,53,6,86,82,4,86,172
05/15/2021,SJT,TX,ASW,CE,Federal Contract Tower,11,6,11,0,28,0,4,8,0,12,11,10,19,0,40,18,0,18,58
05/16/2021,SJT,TX,ASW,CE,Federal Contract Tower,14,3,14,19,50,0,0,37,9,46,14,3,51,28,96,54,44,98,194
05/17/2021,SJT,TX,ASW,CE,Federal Contract Tower,12,5,16,15,48,0,1,18,0,19,12,6,34,15,67,12,26,38,105
05/18/2021,SJT,TX,ASW,CE,Federal Contract Tower,11,9,14,13,47,0,5,24,5,34,11,14,38,18,81,30,96,126,207
05/19/2021,SJT,TX,ASW,CE,Federal Contract Tower,12,10,15,14,51,0,0,11,0,11,12,10,26,14,62,50,10,60,122
05/20/2021,SJT,TX,ASW,CE,Federal Contract Tower,14,11,32,45,102,0,3,69,9,81,14,14,101,54,183,56,106,162,345
05/21/2021,SJT,TX,ASW,CE,Federal Contract Tower,12,14,22,95,143,0,0,24,9,33,12,14,46,104,176,34,188,222,398
05/22/2021,SJT,TX,ASW,CE,Federal Contract Tower,11,5,9,23,48,0,0,15,6,21,11,5,24,29,69,30,58,88,157
05/23/2021,SJT,TX,ASW,CE,Federal Contract Tower,13,5,14,23,55,2,2,12,3,19,15,7,26,26,74,18,44,62,136
05/24/2021,SJT,TX,ASW,CE,Federal Contract Tower,15,5,9,69,98,0,3,21,0,24,15,8,30,69,122,38,242,280,402
05/25/2021,SJT,TX,ASW,CE,Federal Contract Tower,10,19,18,76,123,0,1,34,12,47,10,20,52,88,170,60,314,374,544
05/26/2021,SJT,TX,ASW,CE,Federal Contract Tower,14,13,25,73,125,0,0,43,11,54,14,13,68,84,179,78,192,270,449
05/27/2021,SJT,TX,ASW,CE,Federal Contract Tower,11,13,22,45,91,0,7,35,14,56,11,20,57,59,147,94,160,254,401
05/28/2021,SJT,TX,ASW,CE,Federal Contract Tower,12,19,17,6,54,0,1,10,1,12,12,20,27,7,66,18,4,22,88
05/29/2021,SJT,TX,ASW,CE,Federal Contract Tower,14,7,16,0,37,0,0,5,0,5,14,7,21,0,42,2,0,2,44
05/30/2021,SJT,TX,ASW,CE,Federal Contract Tower,15,2,11,0,28,0,0,8,0,8,15,2,19,0,36,6,0,6,42
05/31/2021,SJT,TX,ASW,CE,Federal Contract Tower,12,5,7,0,24,0,0,5,0,5,12,5,12,0,29,36,0,36,65
06/01/2021,SJT,TX,ASW,CE,Federal Contract Tower,14,10,22,50,96,0,0,20,3,23,14,10,42,53,119,24,110,134,253
06/02/2021,SJT,TX,ASW,CE,Federal Contract Tower,12,14,22,55,103,0,2,28,8,38,12,16,50,63,141,46,124,170,311
06/03/2021,SJT,TX,ASW,CE,Federal Contract Tower,15,16,42,28,101,0,2,22,5,29,15,18,64,33,130,72,208,280,410
06/04/2021,SJT,TX,ASW,CE,Federal Contract Tower,15,11,19,37,82,0,3,20,1,24,15,14,39,38,106,42,130,172,278
06/05/2021,SJT,TX,ASW,CE,Federal Contract Tower,11,8,18,10,47,0,2,28,0,30,11,10,46,10,77,64,28,92,169
06/06/2021,SJT,TX,ASW,CE,Federal Contract Tower,15,2,11,33,61,0,0,19,3,22,15,2,30,36,83,64,98,162,245
06/07/2021,SJT,TX,ASW,CE,Federal Contract Tower,9,8,23,45,85,0,1,21,5,27,9,9,44,50,112,38,60,98,210
06/08/2021,SJT,TX,ASW,CE,Federal Contract Tower,14,17,26,31,88,0,0,25,6,31,14,17,51,37,119,38,68,106,225
06/09/2021,SJT,TX,ASW,CE,Federal Contract Tower,13,16,29,35,93,0,1,29,10,40,13,17,58,45,133,44,88,132,265
06/10/2021,SJT,TX,ASW,CE,Federal Contract Tower,14,11,48,31,104,0,3,24,8,35,14,14,72,39,139,16,140,156,295
06/11/2021,SJT,TX,ASW,CE,Federal Contract Tower,15,13,12,35,75,0,3,28,10,41,15,16,40,45,116,70,84,154,270
06/12/2021,SJT,TX,ASW,CE,Federal Contract Tower,12,7,12,10,41,0,3,23,1,27,12,10,35,11,68,12,26,38,106
06/13/2021,SJT,TX,ASW,CE,Federal Contract Tower,12,9,29,2,52,0,5,43,1,49,12,14,72,3,101,70,18,88,189
06/14/2021,SJT,TX,ASW,CE,Federal Contract Tower,14,5,12,6,37,0,2,21,1,24,14,7,33,7,61,26,10,36,97
06/15/2021,SJT,TX,ASW,CE,Federal Contract Tower,12,12,8,4,36,0,7,22,6,35,12,19,30,10,71,4,32,36,107
06/16/2021,SJT,TX,ASW,CE,Federal Contract Tower,13,11,20,31,75,0,6,32,10,48,13,17,52,41,123,38,50,88,211
06/17/2021,SJT,TX,ASW,CE,Federal Contract Tower,13,12,22,22,69,0,4,21,5,30,13,16,43,27,99,44,60,104,203
06/18/2021,SJT,TX,ASW,CE,Federal Contract Tower,11,12,28,13,64,0,0,30,4,34,11,12,58,17,98,54,24,78,176
06/19/2021,SJT,TX,ASW,CE,Federal Contract Tower,11,10,15,0,36,0,8,32,0,40,11,18,47,0,76,12,0,12,88
06/20/2021,SJT,TX,ASW,CE,Federal Contract Tower,13,1,17,6,37,0,4,18,7,29,13,5,35,13,66,2,2,4,70
06/21/2021,SJT,TX,ASW,CE,Federal Contract Tower,13,7,6,59,85,0,0,14,17,31,13,7,20,76,116,0,196,196,312
06/22/2021,SJT,TX,ASW,CE,Federal Contract Tower,13,11,22,18,64,0,0,7,0,7,13,11,29,18,71,8,32,40,111
06/23/2021,SJT,TX,ASW,CE,Federal Contract Tower,14,14,20,50,98,0,2,20,4,26,14,16,40,54,124,16,130,146,270
06/24/2021,SJT,TX,ASW,CE,Federal Contract Tower,13,15,17,45,90,0,4,19,19,42,13,19,36,64,132,0,154,154,286
06/25/2021,SJT,TX,ASW,CE,Federal Contract Tower,12,9,13,29,63,0,2,18,2,22,12,11,31,31,85,8,66,74,159
06/26/2021,SJT,TX,ASW,CE,Federal Contract Tower,11,2,10,10,33,0,2,11,8,21,11,4,21,18,54,10,22,32,86
06/27/2021,SJT,TX,ASW,CE,Federal Contract Tower,14,1,18,33,66,0,0,29,7,36,14,1,47,40,102,26,62,88,190
06/28/2021,SJT,TX,ASW,CE,Federal Contract Tower,9,5,14,39,67,0,0,3,5,8,9,5,17,44,75,0,52,52,127
06/29/2021,SJT,TX,ASW,CE,Federal Contract Tower,12,17,33,91,153,1,0,7,4,12,13,17,40,95,165,44,158,202,367
06/30/2021,SJT,TX,ASW,CE,Federal Contract Tower,13,15,25,47,100,0,0,22,8,30,13,15,47,55,130,30,136,166,296
07/01/2021,SJT,TX,ASW,CE,Federal Contract Tower,14,7,28,39,88,0,1,33,8,42,14,8,61,47,130,12,86,98,228
07/02/2021,SJT,TX,ASW,CE,Federal Contract Tower,10,13,20,0,43,0,6,24,0,30,10,19,44,0,73,34,0,34,107
07/03/2021,SJT,TX,ASW,CE,Federal Contract Tower,9,5,6,0,20,0,0,3,0,3,9,5,9,0,23,0,0,0,23
07/04/2021,SJT,TX,ASW,CE,Federal Contract Tower,12,5,6,0,23,0,0,7,0,7,12,5,13,0,30,2,0,2,32
07/05/2021,SJT,TX,ASW,CE,Federal Contract Tower,15,4,18,0,37,0,0,6,0,6,15,4,24,0,43,0,0,0,43
07/06/2021,SJT,TX,ASW,CE,Federal Contract Tower,11,6,14,27,58,0,0,18,12,30,11,6,32,39,88,2,54,56,144
07/07/2021,SJT,TX,ASW,CE,Federal Contract Tower,10,11,27,37,85,0,1,15,4,20,10,12,42,41,105,26,66,92,197
07/08/2021,SJT,TX,ASW,CE,Federal Contract Tower,18,13,36,42,109,0,0,34,12,46,18,13,70,54,155,38,114,152,307
07/09/2021,SJT,TX,ASW,CE,Federal Contract Tower,15,15,29,92,151,0,1,23,17,41,15,16,52,109,192,29,146,175,367
07/10/2021,SJT,TX,ASW,CE,Federal Contract Tower,11,11,14,2,38,0,2,29,1,32,11,13,43,3,70,68,0,68,138
07/11/2021,SJT,TX,ASW,CE,Federal Contract Tower,13,6,17,23,59,0,0,10,0,10,13,6,27,23,69,4,33,37,106
07/12/2021,SJT,TX,ASW,CE,Federal Contract Tower,13,2,12,0,27,0,0,20,0,20,13,2,32,0,47,5,0,5,52
07/13/2021,SJT,TX,ASW,CE,Federal Contract Tower,9,15,8,16,48,0,3,37,11,51,9,18,45,27,99,30,68,98,197
07/14/2021,SJT,TX,ASW,CE,Federal Contract Tower,12,12,21,36,81,0,0,34,16,50,12,12,55,52,131,22,108,130,261
07/15/2021,SJT,TX,ASW,CE,Federal Contract Tower,14,14,34,37,99,0,6,20,8,34,14,20,54,45,133,12,56,68,201
07/16/2021,SJT,TX,ASW,CE,Federal Contract Tower,16,22,12,37,87,0,5,24,7,36,16,27,36,44,123,64,70,134,257
07/17/2021,SJT,TX,ASW,CE,Federal Contract Tower,9,8,6,2,25,0,4,28,2,34,9,12,34,4,59,58,6,64,123
07/18/2021,SJT,TX,ASW,CE,Federal Contract Tower,13,8,12,25,58,0,1,30,11,42,13,9,42,36,100,6,74,80,180
07/19/2021,SJT,TX,ASW,CE,Federal Contract Tower,10,4,15,5,34,0,1,20,0,21,10,5,35,5,55,8,6,14,69
07/20/2021,SJT,TX,ASW,CE,Federal Contract Tower,8,20,16,42,86,0,6,25,16,47,8,26,41,58,133,32,54,86,219
07/21/2021,SJT,TX,ASW,CE,Federal Contract Tower,10,10,20,43,83,0,2,29,16,47,10,12,49,59,130,30,144,174,304
07/22/2021,SJT,TX,ASW,CE,Federal Contract Tower,12,17,5,25,59,0,0,32,3,35,12,17,37,28,94,30,50,80,174
07/23/2021,SJT,TX,ASW,CE,Federal Contract Tower,14,18,22,48,102,0,2,35,7,44,14,20,57,55,146,46,70,116,262
07/24/2021,SJT,TX,ASW,CE,Federal Contract Tower,9,6,7,0,22,0,4,27,0,31,9,10,34,0,53,18,0,18,71
07/25/2021,SJT,TX,ASW,CE,Federal Contract Tower,13,5,11,6,35,0,4,17,0,21,13,9,28,6,56,20,12,32,88
07/26/2021,SJT,TX,ASW,CE,Federal Contract Tower,12,13,14,23,62,0,2,20,3,25,12,15,34,26,87,62,88,150,237
07/27/2021,SJT,TX,ASW,CE,Federal Contract Tower,8,12,20,33,73,0,2,35,19,56,8,14,55,52,129,32,80,112,241
07/28/2021,SJT,TX,ASW,CE,Federal Contract Tower,8,16,17,18,59,3,4,29,13,49,11,20,46,31,108,26,54,80,188
07/29/2021,SJT,TX,ASW,CE,Federal Contract Tower,13,15,25,51,104,1,1,44,12,58,14,16,69,63,162,36,106,142,304
07/30/2021,SJT,TX,ASW,CE,Federal Contract Tower,13,13,14,75,115,0,0,44,8,52,13,13,58,83,167,90,130,220,387
07/31/2021,SJT,TX,ASW,CE,Federal Contract Tower,9,7,9,6,31,0,4,36,0,40,9,11,45,6,71,66,8,74,145
08/01/2021,SJT,TX,ASW,CE,Federal Contract Tower,7,3,19,13,42,0,0,21,0,21,7,3,40,13,63,12,8,20,83
08/02/2021,SJT,TX,ASW,CE,Federal Contract Tower,13,5,13,12,43,0,0,21,5,26,13,5,34,17,69,76,22,98,167
08/03/2021,SJT,TX,ASW,CE,Federal Contract Tower,12,12,17,34,75,0,0,26,10,36,12,12,43,44,111,22,108,130,241
08/04/2021,SJT,TX,ASW,CE,Federal Contract Tower,13,14,22,54,103,0,1,28,15,44,13,15,50,69,147,24,196,220,367
08/05/2021,SJT,TX,ASW,CE,Federal Contract Tower,12,9,20,17,58,0,0,32,12,44,12,9,52,29,102,14,108,122,224
08/06/2021,SJT,TX,ASW,CE,Federal Contract Tower,13,19,15,38,85,0,0,32,73,105,13,19,47,111,190,25,210,235,425
08/07/2021,SJT,TX,ASW,CE,Federal Contract Tower,10,9,12,10,41,0,2,15,57,74,10,11,27,67,115,20,123,143,258
08/08/2021,SJT,TX,ASW,CE,Federal Contract Tower,13,5,11,14,43,0,0,27,60,87,13,5,38,74,130,52,118,170,300
08/09/2021,SJT,TX,ASW,CE,Federal Contract Tower,13,11,11,37,72,0,0,25,72,97,13,11,36,109,169,18,186,204,373
08/10/2021,SJT,TX,ASW,CE,Federal Contract Tower,10,13,15,55,93,0,1,24,55,80,10,14,39,110,173,84,162,246,419
08/11/2021,SJT,TX,ASW,CE,Federal Contract Tower,16,10,15,51,92,0,3,33,20,56,16,13,48,71,148,38,94,132,280
08/12/2021,SJT,TX,ASW,CE,Federal Contract Tower,15,10,19,32,76,0,1,43,11,55,15,11,62,43,131,34,96,130,261
08/13/2021,SJT,TX,ASW,CE,Federal Contract Tower,13,15,22,74,124,0,2,46,15,63,13,17,68,89,187,64,146,210,397
08/14/2021,SJT,TX,ASW,CE,Federal Contract Tower,13,7,6,3,29,0,2,20,4,26,13,9,26,7,55,2,20,22,77
08/15/2021,SJT,TX,ASW,CE,Federal Contract Tower,14,4,10,1,29,0,2,19,0,21,14,6,29,1,50,14,0,14,64
08/16/2021,SJT,TX,ASW,CE,Federal Contract Tower,13,6,23,51,93,0,3,30,13,46,13,9,53,64,139,48,184,232,371
08/17/2021,SJT,TX,ASW,CE,Federal Contract Tower,4,8,5,0,17,0,0,2,0,2,4,8,7,0,19,0,0,0,19
08/18/2021,SJT,TX,ASW,CE,Federal Contract Tower,9,15,8,16,48,0,1,3,0,4,9,16,11,16,52,6,24,30,82
08/19/2021,SJT,TX,ASW,CE,Federal Contract Tower,13,8,13,40,74,0,0,26,2,28,13,8,39,42,102,24,50,74,176
08/20/2021,SJT,TX,ASW,CE,Federal Contract Tower,15,11,21,47,94,0,1,22,17,40,15,12,43,64,134,34,78,112,246
08/21/2021,SJT,TX,ASW,CE,Federal Contract Tower,12,7,7,4,30,0,1,23,0,24,12,8,30,4,54,4,16,20,74
08/22/2021,SJT,TX,ASW,CE,Federal Contract Tower,13,1,10,8,32,0,1,26,5,32,13,2,36,13,64,24,16,40,104
08/23/2021,SJT,TX,ASW,CE,Federal Contract Tower,14,7,16,14,51,0,0,42,4,46,14,7,58,18,97,54,38,92,189
08/24/2021,SJT,TX,ASW,CE,Federal Contract Tower,12,14,7,44,77,0,1,30,10,41,12,15,37,54,118,36,72,108,226
08/25/2021,SJT,TX,ASW,CE,Federal Contract Tower,12,13,22,33,80,0,2,45,8,55,12,15,67,41,135,14,76,90,225
08/26/2021,SJT,TX,ASW,CE,Federal Contract Tower,12,12,15,25,64,0,5,43,3,51,12,17,58,28,115,22,42,64,179
08/27/2021,SJT,TX,ASW,CE,Federal Contract Tower,12,22,13,97,144,0,1,37,20,58,12,23,50,117,202,48,164,212,414
08/28/2021,SJT,TX,ASW,CE,Federal Contract Tower,13,7,8,2,30,0,1,24,11,36,13,8,32,13,66,20,10,30,96
08/29/2021,SJT,TX,ASW,CE,Federal Contract Tower,13,4,15,0,32,0,1,27,0,28,13,5,42,0,60,8,0,8,68
08/31/2021,SJT,TX,ASW,CE,Federal Contract Tower,10,13,29,23,75,0,6,36,25,67,10,19,65,48,142,42,104,146,288
09/01/2021,SJT,TX,ASW,CE,Federal Contract Tower,12,17,20,36,85,0,6,33,8,47,12,23,53,44,132,30,58,88,220
09/02/2021,SJT,TX,ASW,CE,Federal Contract Tower,12,14,20,60,106,0,9,42,25,76,12,23,62,85,182,40,162,202,384
09/03/2021,SJT,TX,ASW,CE,Federal Contract Tower,13,16,19,2,50,0,7,52,0,59,13,23,71,2,109,14,0,14,123
09/04/2021,SJT,TX,ASW,CE,Federal Contract Tower,9,10,12,0,31,0,0,32,2,34,9,10,44,2,65,8,0,8,73
09/05/2021,SJT,TX,ASW,CE,Federal Contract Tower,13,2,12,0,27,1,3,25,2,31,14,5,37,2,58,4,0,4,62
09/06/2021,SJT,TX,ASW,CE,Federal Contract Tower,13,3,11,3,30,1,0,26,5,32,14,3,37,8,62,0,4,4,66
09/07/2021,SJT,TX,ASW,CE,Federal Contract Tower,11,8,23,35,77,0,1,30,9,40,11,9,53,44,117,10,84,94,211
09/08/2021,SJT,TX,ASW,CE,Federal Contract Tower,13,16,17,45,91,0,1,27,11,39,13,17,44,56,130,14,134,148,278
09/09/2021,SJT,TX,ASW,CE,Federal Contract Tower,13,23,25,20,81,0,0,35,9,44,13,23,60,29,125,16,54,70,195
09/10/2021,SJT,TX,ASW,CE,Federal Contract Tower,14,16,21,36,87,0,0,51,6,57,14,16,72,42,144,80,72,152,296
09/11/2021,SJT,TX,ASW,CE,Federal Contract Tower,8,5,2,4,19,0,0,28,1,29,8,5,30,5,48,8,6,14,62
09/12/2021,SJT,TX,ASW,CE,Federal Contract Tower,15,5,10,3,33,0,1,25,6,32,15,6,35,9,65,16,2,18,83
09/13/2021,SJT,TX,ASW,CE,Federal Contract Tower,12,11,16,78,117,0,0,41,10,51,12,11,57,88,168,76,222,298,466
09/14/2021,SJT,TX,ASW,CE,Federal Contract Tower,13,15,24,54,106,0,3,22,6,31,13,18,46,60,137,38,180,218,355
09/15/2021,SJT,TX,ASW,CE,Federal Contract Tower,13,14,26,32,85,0,0,43,5,48,13,14,69,37,133,52,62,114,247
09/16/2021,SJT,TX,ASW,CE,Federal Contract Tower,13,18,21,39,91,0,0,36,7,43,13,18,57,46,134,64,52,116,250
09/17/2021,SJT,TX,ASW,CE,Federal Contract Tower,11,16,31,29,87,0,0,39,8,47,11,16,70,37,134,46,74,120,254
09/19/2021,SJT,TX,ASW,CE,Federal Contract Tower,12,5,15,4,36,0,1,50,4,55,12,6,65,8,91,4,26,30,121
09/20/2021,SJT,TX,ASW,CE,Federal Contract Tower,13,8,14,28,63,0,3,40,2,45,13,11,54,30,108,48,48,96,204
09/21/2021,SJT,TX,ASW,CE,Federal Contract Tower,12,15,20,9,56,1,9,40,4,54,13,24,60,13,110,60,30,90,200
09/22/2021,SJT,TX,ASW,CE,Federal Contract Tower,16,11,21,39,87,1,5,66,13,85,17,16,87,52,172,72,52,124,296
09/23/2021,SJT,TX,ASW,CE,Federal Contract Tower,14,13,26,8,61,0,3,58,1,62,14,16,84,9,123,104,4,108,231
09/25/2021,SJT,TX,ASW,CE,Federal Contract Tower,8,8,6,0,22,0,4,51,0,55,8,12,57,0,77,32,0,32,109
09/26/2021,SJT,TX,ASW,CE,Federal Contract Tower,13,6,8,0,27,0,2,62,0,64,13,8,70,0,91,32,0,32,123
09/27/2021,SJT,TX,ASW,CE,Federal Contract Tower,12,7,15,12,46,0,1,49,7,57,12,8,64,19,103,72,26,98,201
09/28/2021,SJT,TX,ASW,CE,Federal Contract Tower,12,7,17,20,56,0,0,41,9,50,12,7,58,29,106,28,52,80,186
09/29/2021,SJT,TX,ASW,CE,Federal Contract Tower,11,19,18,62,110,0,2,44,10,56,11,21,62,72,166,52,120,172,338
09/30/2021,SJT,TX,ASW,CE,Federal Contract Tower,11,13,18,49,91,0,2,29,12,43,11,15,47,61,134,16,104,120,254
10/01/2021,SJT,TX,ASW,CE,Federal Contract Tower,11,11,19,40,81,0,0,17,1,18,11,11,36,41,99,54,86,140,239
10/02/2021,SJT,TX,ASW,CE,Federal Contract Tower,7,6,9,2,24,0,0,16,0,16,7,6,25,2,40,14,2,16,56
10/03/2021,SJT,TX,ASW,CE,Federal Contract Tower,11,2,16,9,38,0,0,35,7,42,11,2,51,16,80,70,14,84,164
10/04/2021,SJT,TX,ASW,CE,Federal Contract Tower,9,10,14,51,84,0,11,44,15,70,9,21,58,66,154,94,150,244,398
10/05/2021,SJT,TX,ASW,CE,Federal Contract Tower,9,12,19,19,59,0,9,39,9,57,9,21,58,28,116,66,26,92,208
10/06/2021,SJT,TX,ASW,CE,Federal Contract Tower,11,19,18,47,95,0,6,57,13,76,11,25,75,60,171,58,102,160,331
10/07/2021,SJT,TX,ASW,CE,Federal Contract Tower,8,13,20,19,60,0,0,48,4,52,8,13,68,23,112,64,12,76,188
10/08/2021,SJT,TX,ASW,CE,Federal Contract Tower,9,12,22,26,69,0,3,44,3,50,9,15,66,29,119,56,40,96,215
10/09/2021,SJT,TX,ASW,CE,Federal Contract Tower,7,4,17,0,28,0,8,17,0,25,7,12,34,0,53,18,0,18,71
10/10/2021,SJT,TX,ASW,CE,Federal Contract Tower,6,7,15,0,28,0,0,21,0,21,6,7,36,0,49,28,0,28,77
10/11/2021,SJT,TX,ASW,CE,Federal Contract Tower,8,7,20,2,37,0,0,55,1,56,8,7,75,3,93,54,4,58,151
10/12/2021,SJT,TX,ASW,CE,Federal Contract Tower,7,11,11,51,80,0,0,11,10,21,7,11,22,61,101,14,148,162,263
10/13/2021,SJT,TX,ASW,CE,Federal Contract Tower,5,9,16,21,51,0,0,9,3,12,5,9,25,24,63,14,94,108,171
10/14/2021,SJT,TX,ASW,CE,Federal Contract Tower,6,19,22,12,59,0,2,25,1,28,6,21,47,13,87,104,14,118,205
10/15/2021,SJT,TX,ASW,CE,Federal Contract Tower,8,15,24,12,59,0,0,41,2,43,8,15,65,14,102,86,32,118,220
10/16/2021,SJT,TX,ASW,CE,Federal Contract Tower,7,5,11,12,35,0,3,67,8,78,7,8,78,20,113,54,28,82,195
10/17/2021,SJT,TX,ASW,CE,Federal Contract Tower,8,3,16,3,30,0,2,48,3,53,8,5,64,6,83,98,4,102,185
10/18/2021,SJT,TX,ASW,CE,Federal Contract Tower,7,6,11,22,46,0,0,38,2,40,7,6,49,24,86,68,34,102,188
10/19/2021,SJT,TX,ASW,CE,Federal Contract Tower,7,10,30,20,67,0,0,56,8,64,7,10,86,28,131,98,36,134,265
10/20/2021,SJT,TX,ASW,CE,Federal Contract Tower,8,14,30,26,78,0,0,40,6,46,8,14,70,32,124,90,74,164,288
10/21/2021,SJT,TX,ASW,CE,Federal Contract Tower,4,13,28,9,54,0,0,28,0,28,4,13,56,9,82,58,24,82,164
10/22/2021,SJT,TX,ASW,CE,Federal Contract Tower,7,17,13,40,77,0,1,47,8,56,7,18,60,48,133,38,90,128,261
10/23/2021,SJT,TX,ASW,CE,Federal Contract Tower,7,6,8,1,22,0,3,24,2,29,7,9,32,3,51,24,22,46,97
10/24/2021,SJT,TX,ASW,CE,Federal Contract Tower,8,3,17,10,38,0,0,45,9,54,8,3,62,19,92,69,34,103,195
10/25/2021,SJT,TX,ASW,CE,Federal Contract Tower,7,8,13,39,67,0,0,60,17,77,7,8,73,56,144,130,152,282,426
10/26/2021,SJT,TX,ASW,CE,Federal Contract Tower,7,16,21,45,89,0,2,29,10,41,7,18,50,55,130,30,128,158,288
10/27/2021,SJT,TX,ASW,CE,Federal Contract Tower,8,12,11,29,60,0,5,10,7,22,8,17,21,36,82,2,30,32,114
10/28/2021,SJT,TX,ASW,CE,Federal Contract Tower,2,12,25,23,62,0,5,50,4,59,2,17,75,27,121,84,38,122,243
10/29/2021,SJT,TX,ASW,CE,Federal Contract Tower,8,14,14,23,59,0,5,42,16,63,8,19,56,39,122,50,34,84,206
10/30/2021,SJT,TX,ASW,CE,Federal Contract Tower,7,7,15,0,29,0,4,39,0,43,7,11,54,0,72,30,0,30,102
10/31/2021,SJT,TX,ASW,CE,Federal Contract Tower,8,4,14,0,26,0,0,49,0,49,8,4,63,0,75,64,0,64,139
11/01/2021,SJT,TX,ASW,CE,Federal Contract Tower,7,6,20,46,79,0,3,38,11,52,7,9,58,57,131,62,92,154,285
11/02/2021,SJT,TX,ASW,CE,Federal Contract Tower,8,14,31,9,62,0,0,0,0,0,8,14,31,9,62,14,14,28,90
11/03/2021,SJT,TX,ASW,CE,Federal Contract Tower,8,10,21,4,43,0,0,0,0,0,8,10,21,4,43,8,2,10,53
11/04/2021,SJT,TX,ASW,CE,Federal Contract Tower,8,10,24,73,115,0,0,0,0,0,8,10,24,73,115,6,160,166,281
11/05/2021,SJT,TX,ASW,CE,Federal Contract Tower,8,11,14,88,121,0,0,42,13,55,8,11,56,101,176,62,196,258,434
11/06/2021,SJT,TX,ASW,CE,Federal Contract Tower,8,5,12,11,36,0,0,30,14,44,8,5,42,25,80,18,74,92,172
11/07/2021,SJT,TX,ASW,CE,Federal Contract Tower,8,1,6,11,26,0,0,57,14,71,8,1,63,25,97,50,30,80,177
11/08/2021,SJT,TX,ASW,CE,Federal Contract Tower,7,7,14,34,62,0,2,43,10,55,7,9,57,44,117,32,74,106,223
11/09/2021,SJT,TX,ASW,CE,Federal Contract Tower,8,13,21,39,81,0,5,45,8,58,8,18,66,47,139,134,112,246,385
11/10/2021,SJT,TX,ASW,CE,Federal Contract Tower,8,17,30,5,60,0,2,35,5,42,8,19,65,10,102,36,12,48,150
11/11/2021,SJT,TX,ASW,CE,Federal Contract Tower,8,11,34,0,53,0,1,56,2,59,8,12,90,2,112,56,0,56,168
11/12/2021,SJT,TX,ASW,CE,Federal Contract Tower,10,19,29,50,108,0,2,55,24,81,10,21,84,74,189,52,132,184,373
11/13/2021,SJT,TX,ASW,CE,Federal Contract Tower,8,5,24,17,54,0,1,38,4,43,8,6,62,21,97,64,42,106,203
11/14/2021,SJT,TX,ASW,CE,Federal Contract Tower,9,9,16,6,40,0,1,62,1,64,9,10,78,7,104,102,8,110,214
11/15/2021,SJT,TX,ASW,CE,Federal Contract Tower,8,13,10,29,60,0,5,56,8,69,8,18,66,37,129,62,128,190,319
11/16/2021,SJT,TX,ASW,CE,Federal Contract Tower,8,19,31,30,88,0,2,56,6,64,8,21,87,36,152,46,94,140,292
11/17/2021,SJT,TX,ASW,CE,Federal Contract Tower,8,9,24,34,75,0,0,44,6,50,8,9,68,40,125,60,98,158,283
11/18/2021,SJT,TX,ASW,CE,Federal Contract Tower,8,16,9,58,91,0,0,37,8,45,8,16,46,66,136,24,130,154,290
11/19/2021,SJT,TX,ASW,CE,Federal Contract Tower,7,20,19,20,66,0,5,66,6,77,7,25,85,26,143,40,20,60,203
11/20/2021,SJT,TX,ASW,CE,Federal Contract Tower,8,4,17,0,29,0,1,35,0,36,8,5,52,0,65,20,0,20,85
11/21/2021,SJT,TX,ASW,CE,Federal Contract Tower,7,0,18,0,25,0,0,21,6,27,7,0,39,6,52,18,0,18,70
11/22/2021,SJT,TX,ASW,CE,Federal Contract Tower,8,7,12,6,33,0,0,56,2,58,8,7,68,8,91,48,22,70,161
11/23/2021,SJT,TX,ASW,CE,Federal Contract Tower,8,11,18,9,46,0,1,41,23,65,8,12,59,32,111,34,10,44,155
11/24/2021,SJT,TX,ASW,CE,Federal Contract Tower,10,11,23,10,54,0,1,40,5,46,10,12,63,15,100,24,30,54,154
11/25/2021,SJT,TX,ASW,CE,Federal Contract Tower,4,2,4,0,10,0,0,5,0,5,4,2,9,0,15,0,0,0,15
11/26/2021,SJT,TX,ASW,CE,Federal Contract Tower,7,10,18,0,35,0,0,21,0,21,7,10,39,0,56,42,0,42,98
11/27/2021,SJT,TX,ASW,CE,Federal Contract Tower,12,4,20,0,36,0,0,2,0,2,12,4,22,0,38,0,0,0,38
11/28/2021,SJT,TX,ASW,CE,Federal Contract Tower,10,4,20,0,34,0,0,34,0,34,10,4,54,0,68,50,0,50,118
11/29/2021,SJT,TX,ASW,CE,Federal Contract Tower,8,12,11,14,45,0,3,32,3,38,8,15,43,17,83,20,56,76,159
11/30/2021,SJT,TX,ASW,CE,Federal Contract Tower,8,12,11,36,67,0,4,50,14,68,8,16,61,50,135,88,88,176,311
12/01/2021,SJT,TX,ASW,CE,Federal Contract Tower,8,17,26,43,94,0,9,66,18,93,8,26,92,61,187,48,104,152,339
12/02/2021,SJT,TX,ASW,CE,Federal Contract Tower,6,20,18,38,82,0,3,60,8,71,6,23,78,46,153,101,106,207,360
12/03/2021,SJT,TX,ASW,CE,Federal Contract Tower,7,15,15,68,105,0,1,41,12,54,7,16,56,80,159,20,144,164,323
12/04/2021,SJT,TX,ASW,CE,Federal Contract Tower,7,7,22,17,53,0,2,41,1,44,7,9,63,18,97,48,36,84,181
12/05/2021,SJT,TX,ASW,CE,Federal Contract Tower,7,4,14,8,33,0,0,20,2,22,7,4,34,10,55,6,18,24,79
12/06/2021,SJT,TX,ASW,CE,Federal Contract Tower,7,10,13,65,95,0,4,26,14,44,7,14,39,79,139,14,168,182,321
12/07/2021,SJT,TX,ASW,CE,Federal Contract Tower,6,14,34,33,87,0,0,38,9,47,6,14,72,42,134,56,72,128,262
12/08/2021,SJT,TX,ASW,CE,Federal Contract Tower,6,19,27,40,92,0,1,54,17,72,6,20,81,57,164,32,136,168,332
12/09/2021,SJT,TX,ASW,CE,Federal Contract Tower,6,14,26,53,99,0,0,40,16,56,6,14,66,69,155,30,130,160,315
12/10/2021,SJT,TX,ASW,CE,Federal Contract Tower,6,20,13,29,68,0,0,28,5,33,6,20,41,34,101,36,78,114,215
12/11/2021,SJT,TX,ASW,CE,Federal Contract Tower,6,6,13,38,63,0,1,45,5,51,6,7,58,43,114,50,68,118,232
12/12/2021,SJT,TX,ASW,CE,Federal Contract Tower,6,4,17,3,30,0,1,46,0,47,6,5,63,3,77,38,14,52,129
12/13/2021,SJT,TX,ASW,CE,Federal Contract Tower,6,7,12,82,107,0,0,48,8,56,6,7,60,90,163,34,234,268,431
12/14/2021,SJT,TX,ASW,CE,Federal Contract Tower,7,16,27,82,132,0,0,24,10,34,7,16,51,92,166,10,214,224,390
12/15/2021,SJT,TX,ASW,CE,Federal Contract Tower,7,11,14,54,86,0,3,7,15,25,7,14,21,69,111,10,208,218,329
12/16/2021,SJT,TX,ASW,CE,Federal Contract Tower,8,21,27,28,84,0,0,30,5,35,8,21,57,33,119,28,88,116,235
12/17/2021,SJT,TX,ASW,CE,Federal Contract Tower,8,17,22,14,61,0,2,22,1,25,8,19,44,15,86,12,32,44,130
12/18/2021,SJT,TX,ASW,CE,Federal Contract Tower,8,10,17,2,37,0,0,12,1,13,8,10,29,3,50,4,4,8,58
12/19/2021,SJT,TX,ASW,CE,Federal Contract Tower,11,5,22,0,38,0,0,26,0,26,11,5,48,0,64,18,0,18,82
12/20/2021,SJT,TX,ASW,CE,Federal Contract Tower,9,10,22,21,62,0,1,68,1,70,9,11,90,22,132,54,76,130,262
12/21/2021,SJT,TX,ASW,CE,Federal Contract Tower,8,13,21,22,64,0,0,69,6,75,8,13,90,28,139,62,76,138,277
12/22/2021,SJT,TX,ASW,CE,Federal Contract Tower,8,16,24,24,72,0,3,47,5,55,8,19,71,29,127,42,50,92,219
12/23/2021,SJT,TX,ASW,CE,Federal Contract Tower,8,16,14,4,42,0,0,34,0,34,8,16,48,4,76,12,8,20,96
12/24/2021,SJT,TX,ASW,CE,Federal Contract Tower,5,14,4,0,23,0,0,13,0,13,5,14,17,0,36,8,0,8,44
12/25/2021,SJT,TX,ASW,CE,Federal Contract Tower,9,4,5,0,18,0,1,8,0,9,9,5,13,0,27,0,0,0,27
12/26/2021,SJT,TX,ASW,CE,Federal Contract Tower,8,6,16,0,30,0,2,25,0,27,8,8,41,0,57,10,18,28,85
12/27/2021,SJT,TX,ASW,CE,Federal Contract Tower,8,4,15,0,27,0,0,30,0,30,8,4,45,0,57,50,0,50,107
12/28/2021,SJT,TX,ASW,CE,Federal Contract Tower,9,18,18,2,47,0,3,33,1,37,9,21,51,3,84,10,18,28,112
12/29/2021,SJT,TX,ASW,CE,Federal Contract Tower,6,12,22,0,40,0,0,28,0,28,6,12,50,0,68,50,0,50,118
12/30/2021,SJT,TX,ASW,CE,Federal Contract Tower,8,12,24,0,44,0,4,38,0,42,8,16,62,0,86,36,0,36,122
12/31/2021,SJT,TX,ASW,CE,Federal Contract Tower,6,9,19,0,34,0,1,11,0,12,6,10,30,0,46,20,0,20,66
01/01/2022,SJT,TX,ASW,CE,Federal Contract Tower,7,1,3,0,11,0,0,11,0,11,7,1,14,0,22,0,0,0,22
01/02/2022,SJT,TX,ASW,CE,Federal Contract Tower,8,1,13,0,22,0,5,28,0,33,8,6,41,0,55,30,0,30,85
01/03/2022,SJT,TX,ASW,CE,Federal Contract Tower,6,7,15,0,28,0,3,32,0,35,6,10,47,0,63,42,0,42,105
01/04/2022,SJT,TX,ASW,CE,Federal Contract Tower,6,14,16,10,46,0,0,24,2,26,6,14,40,12,72,18,52,70,142
01/05/2022,SJT,TX,ASW,CE,Federal Contract Tower,6,13,19,40,78,0,4,29,10,43,6,17,48,50,121,20,82,102,223
01/06/2022,SJT,TX,ASW,CE,Federal Contract Tower,5,15,13,36,69,0,2,32,6,40,5,17,45,42,109,8,68,76,185
01/07/2022,SJT,TX,ASW,CE,Federal Contract Tower,8,15,7,47,77,0,2,22,4,28,8,17,29,51,105,26,132,158,263
01/08/2022,SJT,TX,ASW,CE,Federal Contract Tower,7,2,6,10,25,0,1,19,3,23,7,3,25,13,48,24,52,76,124
01/09/2022,SJT,TX,ASW,CE,Federal Contract Tower,6,5,12,29,52,0,4,18,8,30,6,9,30,37,82,34,48,82,164
01/10/2022,SJT,TX,ASW,CE,Federal Contract Tower,7,7,4,38,56,0,4,25,10,39,7,11,29,48,95,26,74,100,195
01/11/2022,SJT,TX,ASW,CE,Federal Contract Tower,7,13,19,35,74,0,5,22,8,35,7,18,41,43,109,54,68,122,231
01/12/2022,SJT,TX,ASW,CE,Federal Contract Tower,6,12,21,49,88,0,2,41,19,62,6,14,62,68,150,58,142,200,350
01/13/2022,SJT,TX,ASW,CE,Federal Contract Tower,6,11,31,68,116,0,2,48,9,59,6,13,79,77,175,26,204,230,405
01/14/2022,SJT,TX,ASW,CE,Federal Contract Tower,6,8,15,26,55,1,15,10,0,26,7,23,25,26,81,14,108,122,203
01/15/2022,SJT,TX,ASW,CE,Federal Contract Tower,5,3,5,4,17,0,0,9,0,9,5,3,14,4,26,8,4,12,38
01/16/2022,SJT,TX,ASW,CE,Federal Contract Tower,6,9,22,2,39,0,2,46,0,48,6,11,68,2,87,76,8,84,171
01/17/2022,SJT,TX,ASW,CE,Federal Contract Tower,6,6,15,2,29,0,3,46,1,50,6,9,61,3,79,32,6,38,117
01/18/2022,SJT,TX,ASW,CE,Federal Contract Tower,6,13,15,37,71,0,0,18,1,19,6,13,33,38,90,10,52,62,152
01/19/2022,SJT,TX,ASW,CE,Federal Contract Tower,5,13,16,34,68,0,10,16,10,36,5,23,32,44,104,48,124,172,276
01/20/2022,SJT,TX,ASW,CE,Federal Contract Tower,6,8,14,5,33,0,0,14,0,14,6,8,28,5,47,24,8,32,79
01/21/2022,SJT,TX,ASW,CE,Federal Contract Tower,6,11,23,35,75,0,4,31,6,41,6,15,54,41,116,36,52,88,204
01/22/2022,SJT,TX,ASW,CE,Federal Contract Tower,5,11,23,5,44,0,24,28,1,53,5,35,51,6,97,12,22,34,131
01/23/2022,SJT,TX,ASW,CE,Federal Contract Tower,6,7,9,14,36,0,0,20,2,22,6,7,29,16,58,46,46,92,150
01/24/2022,SJT,TX,ASW,CE,Federal Contract Tower,7,8,14,74,103,0,1,22,8,31,7,9,36,82,134,38,214,252,386
01/25/2022,SJT,TX,ASW,CE,Federal Contract Tower,7,9,39,70,125,0,1,49,18,68,7,10,88,88,193,74,280,354,547
01/26/2022,SJT,TX,ASW,CE,Federal Contract Tower,7,15,25,12,59,0,0,8,4,12,7,15,33,16,71,28,6,34,105
01/27/2022,SJT,TX,ASW,CE,Federal Contract Tower,6,8,22,39,75,0,0,17,0,17,6,8,39,39,92,20,82,102,194
01/28/2022,SJT,TX,ASW,CE,Federal Contract Tower,6,12,18,70,106,0,3,37,7,47,6,15,55,77,153,24,190,214,367
01/29/2022,SJT,TX,ASW,CE,Federal Contract Tower,5,8,13,0,26,0,5,31,0,36,5,13,44,0,62,12,0,12,74
01/30/2022,SJT,TX,ASW,CE,Federal Contract Tower,6,6,17,20,49,0,0,51,4,55,6,6,68,24,104,36,58,94,198
01/31/2022,SJT,TX,ASW,CE,Federal Contract Tower,6,8,10,68,92,0,1,32,11,44,6,9,42,79,136,50,244,294,430
02/01/2022,SJT,TX,ASW,CE,Federal Contract Tower,7,11,21,52,91,0,2,32,9,43,7,13,53,61,134,68,92,160,294
02/02/2022,SJT,TX,ASW,CE,Federal Contract Tower,3,7,4,36,50,0,0,4,5,9,3,7,8,41,59,16,82,98,157
02/03/2022,SJT,TX,ASW,CE,Federal Contract Tower,0,0,0,0,0,0,0,0,0,0,0,0,0,0,0,0,0,0,0
02/04/2022,SJT,TX,ASW,CE,Federal Contract Tower,0,1,15,14,30,0,2,17,2,21,0,3,32,16,51,0,16,16,67
02/05/2022,SJT,TX,ASW,CE,Federal Contract Tower,3,12,21,7,43,0,1,32,2,35,3,13,53,9,78,24,10,34,112
02/06/2022,SJT,TX,ASW,CE,Federal Contract Tower,6,2,9,19,36,0,0,56,9,65,6,2,65,28,101,12,60,72,173
02/07/2022,SJT,TX,ASW,CE,Federal Contract Tower,7,13,26,63,109,0,1,42,17,60,7,14,68,80,169,44,154,198,367
02/08/2022,SJT,TX,ASW,CE,Federal Contract Tower,7,8,18,35,68,0,4,44,4,52,7,12,62,39,120,88,72,160,280
02/09/2022,SJT,TX,ASW,CE,Federal Contract Tower,6,12,20,28,66,0,1,58,11,70,6,13,78,39,136,60,80,140,276
02/10/2022,SJT,TX,ASW,CE,Federal Contract Tower,7,15,26,47,95,0,3,45,13,61,7,18,71,60,156,60,80,140,296
02/11/2022,SJT,TX,ASW,CE,Federal Contract Tower,5,13,20,31,69,0,2,43,1,46,5,15,63,32,115,64,44,108,223
02/12/2022,SJT,TX,ASW,CE,Federal Contract Tower,5,7,7,20,39,0,3,12,4,19,5,10,19,24,58,0,40,40,98
02/13/2022,SJT,TX,ASW,CE,Federal Contract Tower,7,4,13,12,36,0,0,40,9,49,7,4,53,21,85,56,76,132,217
02/14/2022,SJT,TX,ASW,CE,Federal Contract Tower,7,9,13,30,59,0,4,44,16,64,7,13,57,46,123,62,74,136,259
02/15/2022,SJT,TX,ASW,CE,Federal Contract Tower,6,11,24,36,77,0,4,30,13,47,6,15,54,49,124,18,54,72,196
02/16/2022,SJT,TX,ASW,CE,Federal Contract Tower,6,12,16,63,97,0,1,20,18,39,6,13,36,81,136,20,158,178,314
02/17/2022,SJT,TX,ASW,CE,Federal Contract Tower,6,11,21,36,74,0,1,29,0,30,6,12,50,36,104,16,50,66,170
02/18/2022,SJT,TX,ASW,CE,Federal Contract Tower,7,14,30,51,102,0,3,46,12,61,7,17,76,63,163,40,92,132,295
02/19/2022,SJT,TX,ASW,CE,Federal Contract Tower,5,5,10,0,20,0,6,49,0,55,5,11,59,0,75,84,0,84,159
02/20/2022,SJT,TX,ASW,CE,Federal Contract Tower,6,2,12,17,37,0,2,35,2,39,6,4,47,19,76,80,22,102,178
02/21/2022,SJT,TX,ASW,CE,Federal Contract Tower,7,7,15,2,31,0,3,35,0,38,7,10,50,2,69,58,2,60,129
02/22/2022,SJT,TX,ASW,CE,Federal Contract Tower,8,17,21,65,111,0,6,37,13,56,8,23,58,78,167,54,110,164,331
02/23/2022,SJT,TX,ASW,CE,Federal Contract Tower,2,7,7,0,16,0,0,4,0,4,2,7,11,0,20,12,0,12,32
02/24/2022,SJT,TX,ASW,CE,Federal Contract Tower,3,2,13,23,41,0,2,13,0,15,3,4,26,23,56,18,56,74,130
02/25/2022,SJT,TX,ASW,CE,Federal Contract Tower,6,14,28,45,93,0,3,35,17,55,6,17,63,62,148,68,112,180,328
02/26/2022,SJT,TX,ASW,CE,Federal Contract Tower,5,4,9,5,23,0,0,6,0,6,5,4,15,5,29,46,8,54,83
02/27/2022,SJT,TX,ASW,CE,Federal Contract Tower,6,8,20,9,43,0,0,52,9,61,6,8,72,18,104,60,28,88,192
02/28/2022,SJT,TX,ASW,CE,Federal Contract Tower,7,10,15,35,67,0,3,37,10,50,7,13,52,45,117,68,46,114,231
03/01/2022,SJT,TX,ASW,CE,Federal Contract Tower,7,12,21,41,81,0,6,53,8,67,7,18,74,49,148,120,64,184,332
03/02/2022,SJT,TX,ASW,CE,Federal Contract Tower,7,12,35,40,94,0,4,52,9,65,7,16,87,49,159,24,114,138,297
03/03/2022,SJT,TX,ASW,CE,Federal Contract Tower,6,12,25,25,68,0,6,42,8,56,6,18,67,33,124,76,72,148,272
03/04/2022,SJT,TX,ASW,CE,Federal Contract Tower,6,9,26,43,84,0,1,14,4,19,6,10,40,47,103,12,132,144,247
03/05/2022,SJT,TX,ASW,CE,Federal Contract Tower,5,4,15,9,33,0,3,21,0,24,5,7,36,9,57,32,18,50,107
03/06/2022,SJT,TX,ASW,CE,Federal Contract Tower,6,5,6,23,40,0,0,15,5,20,6,5,21,28,60,10,30,40,100
03/07/2022,SJT,TX,ASW,CE,Federal Contract Tower,8,11,13,46,78,0,0,32,11,43,8,11,45,57,121,44,90,134,255
03/08/2022,SJT,TX,ASW,CE,Federal Contract Tower,6,25,16,65,112,0,0,37,12,49,6,25,53,77,161,64,172,236,397
03/09/2022,SJT,TX,ASW,CE,Federal Contract Tower,8,17,18,44,87,0,1,37,14,52,8,18,55,58,139,70,94,164,303
03/10/2022,SJT,TX,ASW,CE,Federal Contract Tower,7,15,30,23,75,0,1,48,12,61,7,16,78,35,136,160,48,208,344
03/11/2022,SJT,TX,ASW,CE,Federal Contract Tower,5,7,15,5,32,0,0,13,0,13,5,7,28,5,45,52,26,78,123
03/12/2022,SJT,TX,ASW,CE,Federal Contract Tower,6,7,18,7,38,0,3,40,0,43,6,10,58,7,81,54,10,64,145
03/13/2022,SJT,TX,ASW,CE,Federal Contract Tower,6,3,15,7,31,0,0,20,9,29,6,3,35,16,60,32,26,58,118
03/14/2022,SJT,TX,ASW,CE,Federal Contract Tower,5,8,15,24,52,0,1,8,11,20,5,9,23,35,72,8,56,64,136
03/15/2022,SJT,TX,ASW,CE,Federal Contract Tower,8,11,20,28,67,0,0,31,8,39,8,11,51,36,106,32,54,86,192
03/16/2022,SJT,TX,ASW,CE,Federal Contract Tower,7,10,28,32,77,0,1,24,5,30,7,11,52,37,107,54,80,134,241
03/17/2022,SJT,TX,ASW,CE,Federal Contract Tower,8,12,17,9,46,0,0,15,1,16,8,12,32,10,62,6,20,26,88
03/18/2022,SJT,TX,ASW,CE,Federal Contract Tower,3,14,17,32,66,0,0,29,11,40,3,14,46,43,106,38,98,136,242
03/19/2022,SJT,TX,ASW,CE,Federal Contract Tower,6,5,20,0,31,0,3,46,0,49,6,8,66,0,80,78,0,78,158
03/20/2022,SJT,TX,ASW,CE,Federal Contract Tower,6,3,18,7,34,0,0,14,4,18,6,3,32,11,52,22,24,46,98
03/21/2022,SJT,TX,ASW,CE,Federal Contract Tower,3,3,17,47,70,0,0,6,1,7,3,3,23,48,77,4,86,90,167
03/22/2022,SJT,TX,ASW,CE,Federal Contract Tower,6,10,23,27,66,0,0,11,6,17,6,10,34,33,83,0,46,46,129
03/23/2022,SJT,TX,ASW,CE,Federal Contract Tower,7,12,21,30,70,2,5,23,12,42,9,17,44,42,112,26,78,104,216
03/24/2022,SJT,TX,ASW,CE,Federal Contract Tower,3,11,10,34,58,0,2,30,20,52,3,13,40,54,110,62,102,164,274
03/25/2022,SJT,TX,ASW,CE,Federal Contract Tower,6,13,16,12,47,0,0,61,4,65,6,13,77,16,112,164,18,182,294
03/26/2022,SJT,TX,ASW,CE,Federal Contract Tower,6,2,7,16,31,0,3,32,6,41,6,5,39,22,72,56,34,90,162
03/27/2022,SJT,TX,ASW,CE,Federal Contract Tower,4,5,8,1,18,0,1,58,1,60,4,6,66,2,78,86,2,88,166
03/28/2022,SJT,TX,ASW,CE,Federal Contract Tower,7,11,14,24,56,0,0,54,8,62,7,11,68,32,118,88,36,124,242
03/29/2022,SJT,TX,ASW,CE,Federal Contract Tower,7,12,14,52,85,0,2,11,9,22,7,14,25,61,107,6,138,144,251
03/30/2022,SJT,TX,ASW,CE,Federal Contract Tower,8,12,13,20,53,0,0,25,9,34,8,12,38,29,87,14,60,74,161
03/31/2022,SJT,TX,ASW,CE,Federal Contract Tower,6,19,27,24,76,0,0,66,13,79,6,19,93,37,155,86,130,216,371
04/01/2022,SJT,TX,ASW,CE,Federal Contract Tower,6,13,14,24,57,0,4,28,3,35,6,17,42,27,92,76,58,134,226
04/02/2022,SJT,TX,ASW,CE,Federal Contract Tower,7,7,8,4,26,0,1,57,2,60,7,8,65,6,86,43,12,55,141
04/03/2022,SJT,TX,ASW,CE,Federal Contract Tower,6,5,14,7,32,0,7,39,1,47,6,12,53,8,79,62,24,86,165
04/04/2022,SJT,TX,ASW,CE,Federal Contract Tower,7,9,27,18,61,0,2,11,0,13,7,11,38,18,74,84,32,116,190
04/05/2022,SJT,TX,ASW,CE,Federal Contract Tower,6,18,45,24,93,0,1,43,6,50,6,19,88,30,143,48,44,92,235
04/06/2022,SJT,TX,ASW,CE,Federal Contract Tower,5,17,28,17,67,0,4,36,2,42,5,21,64,19,109,96,28,124,233
04/07/2022,SJT,TX,ASW,CE,Federal Contract Tower,9,15,27,37,88,0,4,57,13,74,9,19,84,50,162,164,122,286,448
04/08/2022,SJT,TX,ASW,CE,Federal Contract Tower,8,10,21,30,69,0,1,66,15,82,8,11,87,45,151,88,84,172,323
04/09/2022,SJT,TX,ASW,CE,Federal Contract Tower,6,3,10,2,21,0,2,36,4,42,6,5,46,6,63,60,2,62,125
04/10/2022,SJT,TX,ASW,CE,Federal Contract Tower,8,3,22,11,44,0,0,34,4,38,8,3,56,15,82,58,28,86,168
04/11/2022,SJT,TX,ASW,CE,Federal Contract Tower,7,7,24,41,79,0,2,31,17,50,7,9,55,58,129,46,116,162,291
04/12/2022,SJT,TX,ASW,CE,Federal Contract Tower,6,10,12,56,84,0,4,36,17,57,6,14,48,73,141,48,166,214,355
04/13/2022,SJT,TX,ASW,CE,Federal Contract Tower,6,10,28,49,93,0,2,32,6,40,6,12,60,55,133,50,128,178,311
04/14/2022,SJT,TX,ASW,CE,Federal Contract Tower,8,14,30,18,70,0,2,73,3,78,8,16,103,21,148,110,26,136,284
04/15/2022,SJT,TX,ASW,CE,Federal Contract Tower,8,10,28,36,82,0,0,65,6,71,8,10,93,42,153,122,116,238,391
04/16/2022,SJT,TX,ASW,CE,Federal Contract Tower,6,8,3,1,18,0,0,43,2,45,6,8,46,3,63,62,2,64,127
04/17/2022,SJT,TX,ASW,CE,Federal Contract Tower,10,8,9,1,28,0,1,21,0,22,10,9,30,1,50,24,0,24,74
04/18/2022,SJT,TX,ASW,CE,Federal Contract Tower,8,11,17,67,103,0,3,32,9,44,8,14,49,76,147,36,178,214,361
04/19/2022,SJT,TX,ASW,CE,Federal Contract Tower,6,10,29,24,69,0,3,20,11,34,6,13,49,35,103,8,34,42,145
04/20/2022,SJT,TX,ASW,CE,Federal Contract Tower,8,8,24,76,116,0,4,9,58,71,8,12,33,134,187,24,228,252,439
04/21/2022,SJT,TX,ASW,CE,Federal Contract Tower,8,11,35,49,103,0,1,48,83,132,8,12,83,132,235,46,194,240,475
04/22/2022,SJT,TX,ASW,CE,Federal Contract Tower,10,10,19,57,96,0,1,33,49,83,10,11,52,106,179,36,168,204,383
04/23/2022,SJT,TX,ASW,CE,Federal Contract Tower,6,6,31,19,62,0,0,54,37,91,6,6,85,56,153,92,142,234,387
04/24/2022,SJT,TX,ASW,CE,Federal Contract Tower,12,2,14,46,74,0,0,21,15,36,12,2,35,61,110,46,38,84,194
04/25/2022,SJT,TX,ASW,CE,Federal Contract Tower,10,7,6,12,35,0,4,12,21,37,10,11,18,33,72,4,88,92,164
04/26/2022,SJT,TX,ASW,CE,Federal Contract Tower,6,12,27,53,98,0,4,61,43,108,6,16,88,96,206,93,130,223,429
04/27/2022,SJT,TX,ASW,CE,Federal Contract Tower,7,18,32,44,101,0,0,23,4,27,7,18,55,48,128,90,152,242,370
04/28/2022,SJT,TX,ASW,CE,Federal Contract Tower,8,12,32,48,100,0,1,27,7,35,8,13,59,55,135,62,90,152,287
04/29/2022,SJT,TX,ASW,CE,Federal Contract Tower,8,11,13,22,54,0,0,26,5,31,8,11,39,27,85,36,64,100,185
04/30/2022,SJT,TX,ASW,CE,Federal Contract Tower,6,4,16,14,40,0,1,43,4,48,6,5,59,18,88,46,32,78,166
05/01/2022,SJT,TX,ASW,CE,Federal Contract Tower,8,0,20,3,31,0,0,7,0,7,8,0,27,3,38,8,2,10,48
05/02/2022,SJT,TX,ASW,CE,Federal Contract Tower,9,8,25,29,71,0,10,19,5,34,9,18,44,34,105,16,80,96,201
05/03/2022,SJT,TX,ASW,CE,Federal Contract Tower,6,14,19,41,80,0,4,39,9,52,6,18,58,50,132,56,114,170,302
05/04/2022,SJT,TX,ASW,CE,Federal Contract Tower,7,15,19,20,61,0,0,14,4,18,7,15,33,24,79,24,48,72,151
05/05/2022,SJT,TX,ASW,CE,Federal Contract Tower,12,16,24,16,68,0,4,33,2,39,12,20,57,18,107,42,52,94,201
05/06/2022,SJT,TX,ASW,CE,Federal Contract Tower,8,15,11,3,37,0,6,44,5,55,8,21,55,8,92,28,12,40,132
05/07/2022,SJT,TX,ASW,CE,Federal Contract Tower,8,3,11,0,22,0,1,54,2,57,8,4,65,2,79,68,0,68,147
05/08/2022,SJT,TX,ASW,CE,Federal Contract Tower,8,5,8,9,30,0,0,29,1,30,8,5,37,10,60,22,32,54,114
05/09/2022,SJT,TX,ASW,CE,Federal Contract Tower,8,11,17,45,81,0,5,23,8,36,8,16,40,53,117,18,130,148,265
05/10/2022,SJT,TX,ASW,CE,Federal Contract Tower,7,17,11,23,58,0,0,33,4,37,7,17,44,27,95,100,80,180,275
05/11/2022,SJT,TX,ASW,CE,Federal Contract Tower,8,11,30,36,85,0,6,31,8,45,8,17,61,44,130,46,82,128,258
05/12/2022,SJT,TX,ASW,CE,Federal Contract Tower,7,17,30,30,84,0,4,37,12,53,7,21,67,42,137,46,72,118,255
05/13/2022,SJT,TX,ASW,CE,Federal Contract Tower,8,6,37,6,57,0,2,51,4,57,8,8,88,10,114,32,22,54,168
05/14/2022,SJT,TX,ASW,CE,Federal Contract Tower,8,4,6,2,20,0,4,42,4,50,8,8,48,6,70,54,0,54,124
05/15/2022,SJT,TX,ASW,CE,Federal Contract Tower,8,5,12,8,33,0,0,31,3,34,8,5,43,11,67,24,24,48,115
05/16/2022,SJT,TX,ASW,CE,Federal Contract Tower,8,12,18,18,56,0,2,44,2,48,8,14,62,20,104,94,34,128,232
05/17/2022,SJT,TX,ASW,CE,Federal Contract Tower,9,13,25,28,75,0,13,33,16,62,9,26,58,44,137,50,96,146,283
05/18/2022,SJT,TX,ASW,CE,Federal Contract Tower,6,16,20,15,57,0,2,46,5,53,6,18,66,20,110,45,18,63,173
05/19/2022,SJT,TX,ASW,CE,Federal Contract Tower,7,13,27,11,58,0,2,24,13,39,7,15,51,24,97,32,36,68,165
05/20/2022,SJT,TX,ASW,CE,Federal Contract Tower,8,15,16,19,58,0,2,26,7,35,8,17,42,26,93,60,58,118,211
05/21/2022,SJT,TX,ASW,CE,Federal Contract Tower,8,10,11,2,31,0,0,41,1,42,8,10,52,3,73,98,2,100,173
05/22/2022,SJT,TX,ASW,CE,Federal Contract Tower,10,0,8,4,22,0,2,31,3,36,10,2,39,7,58,48,10,58,116
05/23/2022,SJT,TX,ASW,CE,Federal Contract Tower,7,5,15,7,34,0,2,10,2,14,7,7,25,9,48,44,0,44,92
05/24/2022,SJT,TX,ASW,CE,Federal Contract Tower,3,10,14,16,43,0,3,16,0,19,3,13,30,16,62,60,66,126,188
05/25/2022,SJT,TX,ASW,CE,Federal Contract Tower,9,15,17,9,50,0,4,46,6,56,9,19,63,15,106,88,32,120,226
05/26/2022,SJT,TX,ASW,CE,Federal Contract Tower,6,13,23,2,44,0,2,36,0,38,6,15,59,2,82,45,0,45,127
05/27/2022,SJT,TX,ASW,CE,Federal Contract Tower,8,11,23,2,44,0,5,41,0,46,8,16,64,2,90,68,0,68,158
05/28/2022,SJT,TX,ASW,CE,Federal Contract Tower,7,4,17,1,29,0,0,32,0,32,7,4,49,1,61,22,0,22,83
05/29/2022,SJT,TX,ASW,CE,Federal Contract Tower,8,3,7,0,18,0,2,21,0,23,8,5,28,0,41,38,0,38,79
05/30/2022,SJT,TX,ASW,CE,Federal Contract Tower,8,7,14,0,29,0,0,24,0,24,8,7,38,0,53,34,0,34,87
05/31/2022,SJT,TX,ASW,CE,Federal Contract Tower,8,13,23,5,49,0,7,36,3,46,8,20,59,8,95,64,16,80,175
06/01/2022,SJT,TX,ASW,CE,Federal Contract Tower,8,20,27,16,71,0,1,31,11,43,8,21,58,27,114,96,52,148,262
06/02/2022,SJT,TX,ASW,CE,Federal Contract Tower,10,14,30,24,78,0,1,21,1,23,10,15,51,25,101,64,74,138,239
06/03/2022,SJT,TX,ASW,CE,Federal Contract Tower,7,9,17,9,42,0,1,17,1,19,7,10,34,10,61,28,30,58,119
06/04/2022,SJT,TX,ASW,CE,Federal Contract Tower,6,5,8,4,23,0,3,43,4,50,6,8,51,8,73,58,6,64,137
06/05/2022,SJT,TX,ASW,CE,Federal Contract Tower,5,7,8,2,22,0,0,39,3,42,5,7,47,5,64,10,2,12,76
06/06/2022,SJT,TX,ASW,CE,Federal Contract Tower,6,12,6,11,35,0,6,30,33,69,6,18,36,44,104,34,10,44,148
06/07/2022,SJT,TX,ASW,CE,Federal Contract Tower,6,11,28,11,56,0,8,60,6,74,6,19,88,17,130,96,24,120,250
06/08/2022,SJT,TX,ASW,CE,Federal Contract Tower,8,18,30,35,91,0,3,25,14,42,8,21,55,49,133,56,182,238,371
06/09/2022,SJT,TX,ASW,CE,Federal Contract Tower,5,13,31,13,62,0,6,51,18,75,5,19,82,31,137,82,58,140,277
06/10/2022,SJT,TX,ASW,CE,Federal Contract Tower,7,20,22,23,72,0,0,51,15,66,7,20,73,38,138,60,70,130,268
06/11/2022,SJT,TX,ASW,CE,Federal Contract Tower,5,8,10,0,23,0,2,29,3,34,5,10,39,3,57,34,0,34,91
06/12/2022,SJT,TX,ASW,CE,Federal Contract Tower,6,4,25,9,44,0,0,39,19,58,6,4,64,28,102,18,16,34,136
06/13/2022,SJT,TX,ASW,CE,Federal Contract Tower,8,9,30,14,61,0,7,42,2,51,8,16,72,16,112,94,20,114,226
06/14/2022,SJT,TX,ASW,CE,Federal Contract Tower,6,11,30,5,52,0,2,61,1,64,6,13,91,6,116,98,24,122,238
06/15/2022,SJT,TX,ASW,CE,Federal Contract Tower,6,9,28,14,57,0,7,46,17,70,6,16,74,31,127,36,22,58,185
06/16/2022,SJT,TX,ASW,CE,Federal Contract Tower,6,13,27,3,49,0,5,28,1,34,6,18,55,4,83,52,6,58,141
06/17/2022,SJT,TX,ASW,CE,Federal Contract Tower,6,17,23,10,56,0,7,41,7,55,6,24,64,17,111,52,10,62,173
06/18/2022,SJT,TX,ASW,CE,Federal Contract Tower,6,7,12,14,39,0,1,46,1,48,6,8,58,15,87,28,12,40,127
06/19/2022,SJT,TX,ASW,CE,Federal Contract Tower,6,3,9,0,18,0,0,24,0,24,6,3,33,0,42,38,0,38,80
06/20/2022,SJT,TX,ASW,CE,Federal Contract Tower,6,9,30,9,54,0,4,39,4,47,6,13,69,13,101,112,16,128,229
06/21/2022,SJT,TX,ASW,CE,Federal Contract Tower,6,12,35,24,77,0,2,43,2,47,6,14,78,26,124,76,52,128,252
06/22/2022,SJT,TX,ASW,CE,Federal Contract Tower,6,12,45,25,88,0,3,30,6,39,6,15,75,31,127,54,60,114,241
06/23/2022,SJT,TX,ASW,CE,Federal Contract Tower,6,11,28,13,58,0,2,48,0,50,6,13,76,13,108,88,32,120,228
06/24/2022,SJT,TX,ASW,CE,Federal Contract Tower,7,14,24,15,60,0,1,47,13,61,7,15,71,28,121,72,44,116,237
06/25/2022,SJT,TX,ASW,CE,Federal Contract Tower,6,2,14,9,31,0,2,39,0,41,6,4,53,9,72,60,10,70,142
06/26/2022,SJT,TX,ASW,CE,Federal Contract Tower,6,4,15,2,27,0,0,42,12,54,6,4,57,14,81,106,4,110,191
06/27/2022,SJT,TX,ASW,CE,Federal Contract Tower,6,5,32,20,63,0,7,34,6,47,6,12,66,26,110,34,28,62,172
06/28/2022,SJT,TX,ASW,CE,Federal Contract Tower,6,8,27,33,74,0,1,41,7,49,6,9,68,40,123,78,60,138,261
06/29/2022,SJT,TX,ASW,CE,Federal Contract Tower,5,16,31,37,89,0,6,53,12,71,5,22,84,49,160,66,50,116,276
06/30/2022,SJT,TX,ASW,CE,Federal Contract Tower,6,16,27,22,71,0,3,60,7,70,6,19,87,29,141,124,58,182,323
07/01/2022,SJT,TX,ASW,CE,Federal Contract Tower,6,19,19,2,46,0,1,31,0,32,6,20,50,2,78,40,6,46,124
07/02/2022,SJT,TX,ASW,CE,Federal Contract Tower,6,2,13,2,23,0,1,49,0,50,6,3,62,2,73,62,2,64,137
07/03/2022,SJT,TX,ASW,CE,Federal Contract Tower,5,0,20,0,25,0,0,33,0,33,5,0,53,0,58,40,0,40,98
07/04/2022,SJT,TX,ASW,CE,Federal Contract Tower,6,3,12,0,21,0,0,49,0,49,6,3,61,0,70,56,0,56,126
07/05/2022,SJT,TX,ASW,CE,Federal Contract Tower,6,11,15,15,47,0,3,40,7,50,6,14,55,22,97,66,20,86,183
07/06/2022,SJT,TX,ASW,CE,Federal Contract Tower,6,12,16,37,71,0,3,42,42,87,6,15,58,79,158,84,76,160,318
07/07/2022,SJT,TX,ASW,CE,Federal Contract Tower,7,19,8,36,70,0,2,55,3,60,7,21,63,39,130,96,134,230,360
07/08/2022,SJT,TX,ASW,CE,Federal Contract Tower,7,15,6,9,37,1,3,43,7,54,8,18,49,16,91,58,20,78,169
07/09/2022,SJT,TX,ASW,CE,Federal Contract Tower,6,2,11,6,25,0,3,40,9,52,6,5,51,15,77,24,50,74,151
07/10/2022,SJT,TX,ASW,CE,Federal Contract Tower,6,1,22,8,37,0,2,28,2,32,6,3,50,10,69,60,20,80,149
07/11/2022,SJT,TX,ASW,CE,Federal Contract Tower,7,8,11,28,54,0,5,36,15,56,7,13,47,43,110,30,34,64,174
07/12/2022,SJT,TX,ASW,CE,Federal Contract Tower,6,13,21,17,57,0,4,28,5,37,6,17,49,22,94,34,18,52,146
07/13/2022,SJT,TX,ASW,CE,Federal Contract Tower,6,12,30,21,69,0,4,47,5,56,6,16,77,26,125,58,48,106,231
07/14/2022,SJT,TX,ASW,CE,Federal Contract Tower,5,15,30,24,74,0,3,34,2,39,5,18,64,26,113,36,40,76,189
07/15/2022,SJT,TX,ASW,CE,Federal Contract Tower,6,11,18,43,78,0,5,39,2,46,6,16,57,45,124,40,76,116,240
07/16/2022,SJT,TX,ASW,CE,Federal Contract Tower,6,3,5,0,14,0,1,29,2,32,6,4,34,2,46,28,0,28,74
07/17/2022,SJT,TX,ASW,CE,Federal Contract Tower,6,2,16,24,48,0,1,26,5,32,6,3,42,29,80,48,122,170,250
07/18/2022,SJT,TX,ASW,CE,Federal Contract Tower,6,10,6,33,55,0,5,39,6,50,6,15,45,39,105,42,48,90,195
07/19/2022,SJT,TX,ASW,CE,Federal Contract Tower,6,12,14,23,55,0,12,43,9,64,6,24,57,32,119,86,34,120,239
07/20/2022,SJT,TX,ASW,CE,Federal Contract Tower,4,13,15,25,57,0,24,48,13,85,4,37,63,38,142,80,66,146,288
07/21/2022,SJT,TX,ASW,CE,Federal Contract Tower,6,20,14,32,72,0,2,34,3,39,6,22,48,35,111,46,78,124,235
07/22/2022,SJT,TX,ASW,CE,Federal Contract Tower,6,10,21,46,83,0,3,40,5,48,6,13,61,51,131,36,62,98,229
07/23/2022,SJT,TX,ASW,CE,Federal Contract Tower,5,5,8,0,18,0,1,54,1,56,5,6,62,1,74,52,0,52,126
07/24/2022,SJT,TX,ASW,CE,Federal Contract Tower,6,0,8,13,27,0,0,38,10,48,6,0,46,23,75,8,32,40,115
07/25/2022,SJT,TX,ASW,CE,Federal Contract Tower,6,14,13,32,65,0,0,24,16,40,6,14,37,48,105,30,86,116,221
07/26/2022,SJT,TX,ASW,CE,Federal Contract Tower,6,16,18,42,82,0,3,38,10,51,6,19,56,52,133,52,64,116,249
07/27/2022,SJT,TX,ASW,CE,Federal Contract Tower,6,14,14,49,83,0,2,36,21,59,6,16,50,70,142,22,104,126,268
07/28/2022,SJT,TX,ASW,CE,Federal Contract Tower,6,19,18,13,56,0,7,48,5,60,6,26,66,18,116,48,30,78,194
07/29/2022,SJT,TX,ASW,CE,Federal Contract Tower,6,9,19,23,57,0,1,25,7,33,6,10,44,30,90,32,48,80,170
07/30/2022,SJT,TX,ASW,CE,Federal Contract Tower,6,5,6,14,31,0,1,31,1,33,6,6,37,15,64,12,28,40,104
07/31/2022,SJT,TX,ASW,CE,Federal Contract Tower,6,4,10,0,20,0,0,23,0,23,6,4,33,0,43,16,0,16,59
08/01/2022,SJT,TX,ASW,CE,Federal Contract Tower,6,7,10,25,48,0,1,28,6,35,6,8,38,31,83,30,60,90,173
08/02/2022,SJT,TX,ASW,CE,Federal Contract Tower,7,12,16,27,62,0,1,30,4,35,7,13,46,31,97,4,70,74,171
08/03/2022,SJT,TX,ASW,CE,Federal Contract Tower,6,15,16,19,56,0,0,25,7,32,6,15,41,26,88,12,26,38,126
08/04/2022,SJT,TX,ASW,CE,Federal Contract Tower,7,16,16,13,52,0,4,39,10,53,7,20,55,23,105,36,54,90,195
08/05/2022,SJT,TX,ASW,CE,Federal Contract Tower,6,11,17,21,55,0,1,26,11,38,6,12,43,32,93,12,42,54,147
08/06/2022,SJT,TX,ASW,CE,Federal Contract Tower,6,3,15,5,29,0,1,36,2,39,6,4,51,7,68,22,22,44,112
08/07/2022,SJT,TX,ASW,CE,Federal Contract Tower,6,0,14,22,42,0,0,30,3,33,6,0,44,25,75,16,34,50,125
08/08/2022,SJT,TX,ASW,CE,Federal Contract Tower,6,4,10,22,42,0,1,49,4,54,6,5,59,26,96,44,58,102,198
08/09/2022,SJT,TX,ASW,CE,Federal Contract Tower,5,14,14,38,71,0,2,28,17,47,5,16,42,55,118,38,65,103,221
08/10/2022,SJT,TX,ASW,CE,Federal Contract Tower,6,5,12,18,41,0,4,32,4,40,6,9,44,22,81,78,64,142,223
08/11/2022,SJT,TX,ASW,CE,Federal Contract Tower,6,9,21,15,51,0,8,32,6,46,6,17,53,21,97,38,20,58,155
08/12/2022,SJT,TX,ASW,CE,Federal Contract Tower,6,16,12,53,87,0,5,38,2,45,6,21,50,55,132,38,106,144,276
08/13/2022,SJT,TX,ASW,CE,Federal Contract Tower,6,9,6,2,23,0,5,26,0,31,6,14,32,2,54,56,0,56,110
08/14/2022,SJT,TX,ASW,CE,Federal Contract Tower,6,4,6,0,16,0,5,27,0,32,6,9,33,0,48,26,0,26,74
08/15/2022,SJT,TX,ASW,CE,Federal Contract Tower,6,6,14,12,38,0,6,30,4,40,6,12,44,16,78,22,18,40,118
08/16/2022,SJT,TX,ASW,CE,Federal Contract Tower,6,10,15,21,52,0,4,37,6,47,6,14,52,27,99,56,42,98,197
08/17/2022,SJT,TX,ASW,CE,Federal Contract Tower,91,12,13,39,155,0,6,43,2,51,91,18,56,41,206,60,76,136,342
08/18/2022,SJT,TX,ASW,CE,Federal Contract Tower,6,16,22,12,56,0,1,24,2,27,6,17,46,14,83,42,20,62,145
08/19/2022,SJT,TX,ASW,CE,Federal Contract Tower,6,15,15,7,43,0,3,20,1,24,6,18,35,8,67,16,4,20,87
08/20/2022,SJT,TX,ASW,CE,Federal Contract Tower,9,4,7,1,21,0,1,43,0,44,9,5,50,1,65,38,0,38,103
08/21/2022,SJT,TX,ASW,CE,Federal Contract Tower,5,5,9,8,27,0,0,8,8,16,5,5,17,16,43,2,20,22,65
08/22/2022,SJT,TX,ASW,CE,Federal Contract Tower,4,8,7,4,23,0,2,9,0,11,4,10,16,4,34,20,4,24,58
08/23/2022,SJT,TX,ASW,CE,Federal Contract Tower,6,23,24,31,84,0,20,45,12,77,6,43,69,43,161,80,82,162,323
08/24/2022,SJT,TX,ASW,CE,Federal Contract Tower,5,19,21,43,88,0,6,56,4,66,5,25,77,47,154,124,88,212,366
08/25/2022,SJT,TX,ASW,CE,Federal Contract Tower,6,21,16,92,135,0,20,74,14,108,6,41,90,106,243,98,138,236,479
08/26/2022,SJT,TX,ASW,CE,Federal Contract Tower,6,15,18,41,80,0,7,43,5,55,6,22,61,46,135,34,118,152,287
08/27/2022,SJT,TX,ASW,CE,Federal Contract Tower,6,4,11,1,22,0,1,57,2,60,6,5,68,3,82,60,10,70,152
08/28/2022,SJT,TX,ASW,CE,Federal Contract Tower,8,4,10,22,44,0,1,25,8,34,8,5,35,30,78,8,46,54,132
08/29/2022,SJT,TX,ASW,CE,Federal Contract Tower,6,6,17,39,68,0,3,42,18,63,6,9,59,57,131,44,76,120,251
08/30/2022,SJT,TX,ASW,CE,Federal Contract Tower,6,10,8,13,37,0,0,35,0,35,6,10,43,13,72,48,20,68,140
08/31/2022,SJT,TX,ASW,CE,Federal Contract Tower,5,9,21,4,39,0,0,30,2,32,5,9,51,6,71,62,2,64,135
09/01/2022,SJT,TX,ASW,CE,Federal Contract Tower,4,6,22,0,32,0,0,21,0,21,4,6,43,0,53,20,0,20,73
09/02/2022,SJT,TX,ASW,CE,Federal Contract Tower,6,11,22,0,39,0,0,24,5,29,6,11,46,5,68,50,4,54,122
09/03/2022,SJT,TX,ASW,CE,Federal Contract Tower,5,4,12,0,21,0,2,29,1,32,5,6,41,1,53,24,0,24,77
09/04/2022,SJT,TX,ASW,CE,Federal Contract Tower,4,10,4,3,21,0,0,15,0,15,4,10,19,3,36,38,4,42,78
09/05/2022,SJT,TX,ASW,CE,Federal Contract Tower,7,3,22,0,32,0,37,4,0,41,7,40,26,0,73,40,4,44,117
09/06/2022,SJT,TX,ASW,CE,Federal Contract Tower,7,9,24,52,92,0,7,79,13,99,7,16,103,65,191,124,85,209,400
09/07/2022,SJT,TX,ASW,CE,Federal Contract Tower,6,18,20,43,87,0,7,60,7,74,6,25,80,50,161,124,131,255,416
09/08/2022,SJT,TX,ASW,CE,Federal Contract Tower,6,10,15,4,35,0,3,73,7,83,6,13,88,11,118,214,18,232,350
09/09/2022,SJT,TX,ASW,CE,Federal Contract Tower,6,13,36,11,66,0,10,43,4,57,6,23,79,15,123,52,18,70,193
09/10/2022,SJT,TX,ASW,CE,Federal Contract Tower,6,4,10,2,22,0,5,41,2,48,6,9,51,4,70,38,8,46,116
09/11/2022,SJT,TX,ASW,CE,Federal Contract Tower,6,4,16,9,35,0,0,56,1,57,6,4,72,10,92,96,6,102,194
09/12/2022,SJT,TX,ASW,CE,Federal Contract Tower,6,8,22,18,54,0,2,60,12,74,6,10,82,30,128,68,32,100,228
09/13/2022,SJT,TX,ASW,CE,Federal Contract Tower,8,13,31,54,106,10,4,99,3,116,18,17,130,57,222,218,26,244,466
09/14/2022,SJT,TX,ASW,CE,Federal Contract Tower,6,15,20,19,60,0,4,49,3,56,6,19,69,22,116,100,30,130,246
09/15/2022,SJT,TX,ASW,CE,Federal Contract Tower,6,13,19,25,63,0,0,68,7,75,6,13,87,32,138,136,108,244,382
09/16/2022,SJT,TX,ASW,CE,Federal Contract Tower,8,10,22,20,60,0,2,46,3,51,8,12,68,23,111,54,52,106,217
09/17/2022,SJT,TX,ASW,CE,Federal Contract Tower,6,7,9,7,29,0,0,47,3,50,6,7,56,10,79,72,18,90,169
09/18/2022,SJT,TX,ASW,CE,Federal Contract Tower,6,5,15,8,34,0,0,44,6,50,6,5,59,14,84,80,14,94,178
09/19/2022,SJT,TX,ASW,CE,Federal Contract Tower,6,11,12,38,67,0,3,43,9,55,6,14,55,47,122,80,110,190,312
09/20/2022,SJT,TX,ASW,CE,Federal Contract Tower,6,15,20,19,60,0,3,67,16,86,6,18,87,35,146,142,68,210,356
09/21/2022,SJT,TX,ASW,CE,Federal Contract Tower,6,9,18,24,57,0,2,46,14,62,6,11,64,38,119,48,114,162,281
09/22/2022,SJT,TX,ASW,CE,Federal Contract Tower,6,13,23,36,78,0,1,58,10,69,6,14,81,46,147,148,68,216,363
09/23/2022,SJT,TX,ASW,CE,Federal Contract Tower,6,17,16,22,61,0,4,49,12,65,6,21,65,34,126,58,44,102,228
09/24/2022,SJT,TX,ASW,CE,Federal Contract Tower,8,4,23,0,35,0,4,43,1,48,8,8,66,1,83,104,0,104,187
09/25/2022,SJT,TX,ASW,CE,Federal Contract Tower,6,3,18,10,37,0,0,54,7,61,6,3,72,17,98,62,12,74,172
09/26/2022,SJT,TX,ASW,CE,Federal Contract Tower,6,4,26,39,75,0,4,39,18,61,6,8,65,57,136,48,108,156,292
09/27/2022,SJT,TX,ASW,CE,Federal Contract Tower,8,17,26,23,74,0,2,82,11,95,8,19,108,34,169,152,70,222,391
09/28/2022,SJT,TX,ASW,CE,Federal Contract Tower,6,15,31,28,80,0,7,50,8,65,6,22,81,36,145,120,90,210,355
09/29/2022,SJT,TX,ASW,CE,Federal Contract Tower,6,17,17,41,81,0,7,84,6,97,6,24,101,47,178,104,132,236,414
09/30/2022,SJT,TX,ASW,CE,Federal Contract Tower,6,17,14,26,63,0,6,58,12,76,6,23,72,38,139,102,90,192,331
10/01/2022,SJT,TX,ASW,CE,Federal Contract Tower,7,6,4,2,19,0,1,72,1,74,7,7,76,3,93,56,15,71,164
10/02/2022,SJT,TX,ASW,CE,Federal Contract Tower,5,9,17,3,34,0,0,54,0,54,5,9,71,3,88,54,2,56,144
10/03/2022,SJT,TX,ASW,CE,Federal Contract Tower,6,6,15,31,58,0,0,50,12,62,6,6,65,43,120,110,94,204,324
10/04/2022,SJT,TX,ASW,CE,Federal Contract Tower,6,17,33,30,86,0,14,73,12,99,6,31,106,42,185,144,74,218,403
10/05/2022,SJT,TX,ASW,CE,Federal Contract Tower,6,11,53,47,117,0,6,67,24,97,6,17,120,71,214,176,100,276,490
10/06/2022,SJT,TX,ASW,CE,Federal Contract Tower,6,10,27,38,81,0,2,62,8,72,6,12,89,46,153,86,84,170,323
10/07/2022,SJT,TX,ASW,CE,Federal Contract Tower,8,13,35,58,114,0,4,44,6,54,8,17,79,64,168,64,140,204,372
10/08/2022,SJT,TX,ASW,CE,Federal Contract Tower,4,5,10,0,19,0,0,41,0,41,4,5,51,0,60,6,0,6,66
10/09/2022,SJT,TX,ASW,CE,Federal Contract Tower,6,2,27,0,35,0,0,38,0,38,6,2,65,0,73,36,0,36,109
10/10/2022,SJT,TX,ASW,CE,Federal Contract Tower,4,5,16,0,25,0,1,29,0,30,4,6,45,0,55,20,0,20,75
10/11/2022,SJT,TX,ASW,CE,Federal Contract Tower,4,15,22,32,73,0,3,44,1,48,4,18,66,33,121,110,44,154,275
10/12/2022,SJT,TX,ASW,CE,Federal Contract Tower,3,14,20,27,64,0,3,40,16,59,3,17,60,43,123,78,44,122,245
10/13/2022,SJT,TX,ASW,CE,Federal Contract Tower,6,9,27,28,70,0,3,58,4,65,6,12,85,32,135,58,98,156,291
10/14/2022,SJT,TX,ASW,CE,Federal Contract Tower,6,18,35,45,104,0,1,84,1,86,6,19,119,46,190,144,74,218,408
10/15/2022,SJT,TX,ASW,CE,Federal Contract Tower,4,4,17,0,25,0,0,42,5,47,4,4,59,5,72,70,24,94,166
10/16/2022,SJT,TX,ASW,CE,Federal Contract Tower,6,0,19,0,25,0,0,6,0,6,6,0,25,0,31,14,0,14,45
10/17/2022,SJT,TX,ASW,CE,Federal Contract Tower,4,8,9,10,31,0,1,18,0,19,4,9,27,10,50,68,22,90,140
10/18/2022,SJT,TX,ASW,CE,Federal Contract Tower,4,13,30,30,77,0,3,70,6,79,4,16,100,36,156,192,132,324,480
10/19/2022,SJT,TX,ASW,CE,Federal Contract Tower,4,10,37,58,109,0,3,47,4,54,4,13,84,62,163,66,146,212,375
10/20/2022,SJT,TX,ASW,CE,Federal Contract Tower,6,20,23,36,85,0,10,55,5,70,6,30,78,41,155,70,84,154,309
10/21/2022,SJT,TX,ASW,CE,Federal Contract Tower,6,15,18,18,57,0,3,57,6,66,6,18,75,24,123,60,52,112,235
10/22/2022,SJT,TX,ASW,CE,Federal Contract Tower,4,6,13,0,23,0,0,31,0,31,4,6,44,0,54,30,0,30,84
10/23/2022,SJT,TX,ASW,CE,Federal Contract Tower,6,4,19,14,43,0,0,29,0,29,6,4,48,14,72,2,30,32,104
10/24/2022,SJT,TX,ASW,CE,Federal Contract Tower,4,5,17,3,29,0,2,17,3,22,4,7,34,6,51,46,10,56,107
10/25/2022,SJT,TX,ASW,CE,Federal Contract Tower,4,12,30,28,74,0,8,70,19,97,4,20,100,47,171,150,96,246,417
10/26/2022,SJT,TX,ASW,CE,Federal Contract Tower,3,18,38,23,82,0,4,48,9,61,3,22,86,32,143,60,100,160,303
10/27/2022,SJT,TX,ASW,CE,Federal Contract Tower,6,16,31,19,72,0,4,55,9,68,6,20,86,28,140,94,62,156,296
10/28/2022,SJT,TX,ASW,CE,Federal Contract Tower,11,8,29,10,58,0,0,8,0,8,11,8,37,10,66,12,8,20,86
10/29/2022,SJT,TX,ASW,CE,Federal Contract Tower,3,11,21,10,45,0,2,30,8,40,3,13,51,18,85,44,14,58,143
10/30/2022,SJT,TX,ASW,CE,Federal Contract Tower,6,1,16,11,34,0,0,61,11,72,6,1,77,22,106,64,48,112,218
10/31/2022,SJT,TX,ASW,CE,Federal Contract Tower,3,10,26,44,83,0,5,53,11,69,3,15,79,55,152,131,97,228,380
11/01/2022,SJT,TX,ASW,CE,Federal Contract Tower,4,15,23,28,70,0,0,58,10,68,4,15,81,38,138,56,84,140,278
11/02/2022,SJT,TX,ASW,CE,Federal Contract Tower,4,9,32,39,84,0,1,40,10,51,4,10,72,49,135,70,142,212,347
11/03/2022,SJT,TX,ASW,CE,Federal Contract Tower,4,10,31,18,63,0,3,16,4,23,4,13,47,22,86,28,62,90,176
11/04/2022,SJT,TX,ASW,CE,Federal Contract Tower,2,9,9,58,78,0,0,7,14,21,2,9,16,72,99,2,130,132,231
11/05/2022,SJT,TX,ASW,CE,Federal Contract Tower,2,7,8,1,18,0,0,52,2,54,2,7,60,3,72,88,0,88,160
11/06/2022,SJT,TX,ASW,CE,Federal Contract Tower,6,3,21,8,38,0,0,52,10,62,6,3,73,18,100,28,30,58,158
11/07/2022,SJT,TX,ASW,CE,Federal Contract Tower,4,6,25,10,45,0,2,34,1,37,4,8,59,11,82,48,72,120,202
11/08/2022,SJT,TX,ASW,CE,Federal Contract Tower,5,12,42,40,99,0,3,51,5,59,5,15,93,45,158,52,88,140,298
11/09/2022,SJT,TX,ASW,CE,Federal Contract Tower,6,15,23,55,99,0,8,20,4,32,6,23,43,59,131,42,116,158,289
11/10/2022,SJT,TX,ASW,CE,Federal Contract Tower,4,17,39,52,112,0,3,36,9,48,4,20,75,61,160,76,124,200,360
11/11/2022,SJT,TX,ASW,CE,Federal Contract Tower,4,12,20,2,38,0,0,6,0,6,4,12,26,2,44,8,6,14,58
11/12/2022,SJT,TX,ASW,CE,Federal Contract Tower,4,5,41,0,50,0,2,42,2,46,4,7,83,2,96,52,0,52,148
11/13/2022,SJT,TX,ASW,CE,Federal Contract Tower,4,4,33,0,41,0,0,35,0,35,4,4,68,0,76,72,0,72,148
11/14/2022,SJT,TX,ASW,CE,Federal Contract Tower,4,14,13,0,31,0,1,15,0,16,4,15,28,0,47,38,0,38,85
11/15/2022,SJT,TX,ASW,CE,Federal Contract Tower,3,10,24,42,79,0,3,59,10,72,3,13,83,52,151,72,94,166,317
11/16/2022,SJT,TX,ASW,CE,Federal Contract Tower,4,12,26,42,84,0,0,62,16,78,4,12,88,58,162,68,88,156,318
11/17/2022,SJT,TX,ASW,CE,Federal Contract Tower,4,14,27,42,87,0,4,54,14,72,4,18,81,56,159,78,98,176,335
11/18/2022,SJT,TX,ASW,CE,Federal Contract Tower,4,10,28,34,76,0,1,23,2,26,4,11,51,36,102,22,76,98,200
11/19/2022,SJT,TX,ASW,CE,Federal Contract Tower,4,7,13,0,24,0,0,7,0,7,4,7,20,0,31,20,0,20,51
11/20/2022,SJT,TX,ASW,CE,Federal Contract Tower,4,5,8,2,19,0,5,0,0,5,4,10,8,2,24,6,4,10,34
11/21/2022,SJT,TX,ASW,CE,Federal Contract Tower,4,12,16,26,58,0,1,16,0,17,4,13,32,26,75,54,40,94,169
11/22/2022,SJT,TX,ASW,CE,Federal Contract Tower,4,12,20,9,45,0,1,35,0,36,4,13,55,9,81,46,12,58,139
11/23/2022,SJT,TX,ASW,CE,Federal Contract Tower,4,16,16,6,42,0,0,17,0,17,4,16,33,6,59,2,10,12,71
11/24/2022,SJT,TX,ASW,CE,Federal Contract Tower,5,1,13,0,19,0,0,1,0,1,5,1,14,0,20,0,0,0,20
11/25/2022,SJT,TX,ASW,CE,Federal Contract Tower,6,12,4,0,22,0,0,0,0,0,6,12,4,0,22,2,0,2,24
11/26/2022,SJT,TX,ASW,CE,Federal Contract Tower,4,7,10,0,21,0,0,13,0,13,4,7,23,0,34,10,0,10,44
11/27/2022,SJT,TX,ASW,CE,Federal Contract Tower,5,0,31,0,36,0,0,43,0,43,5,0,74,0,79,50,0,50,129
11/28/2022,SJT,TX,ASW,CE,Federal Contract Tower,4,11,19,56,90,0,5,38,7,50,4,16,57,63,140,80,130,210,350
11/29/2022,SJT,TX,ASW,CE,Federal Contract Tower,4,17,11,41,73,0,6,63,26,95,4,23,74,67,168,102,82,184,352
11/30/2022,SJT,TX,ASW,CE,Federal Contract Tower,4,15,31,40,90,0,8,38,22,68,4,23,69,62,158,54,120,174,332
12/01/2022,SJT,TX,ASW,CE,Federal Contract Tower,6,16,34,40,96,0,3,41,7,51,6,19,75,47,147,132,84,216,363
12/02/2022,SJT,TX,ASW,CE,Federal Contract Tower,5,16,32,21,74,0,1,32,0,33,5,17,64,21,107,74,82,156,263
12/03/2022,SJT,TX,ASW,CE,Federal Contract Tower,5,10,29,16,60,0,0,38,0,38,5,10,67,16,98,46,42,88,186
12/04/2022,SJT,TX,ASW,CE,Federal Contract Tower,4,4,33,13,54,0,0,16,0,16,4,4,49,13,70,52,30,82,152
12/05/2022,SJT,TX,ASW,CE,Federal Contract Tower,4,7,28,22,61,0,7,50,2,59,4,14,78,24,120,118,52,170,290
12/06/2022,SJT,TX,ASW,CE,Federal Contract Tower,4,12,32,34,82,0,0,84,24,108,4,12,116,58,190,96,82,178,368
12/07/2022,SJT,TX,ASW,CE,Federal Contract Tower,4,17,28,11,60,0,2,21,7,30,4,19,49,18,90,36,36,72,162
12/08/2022,SJT,TX,ASW,CE,Federal Contract Tower,5,18,34,10,67,0,0,33,0,33,5,18,67,10,100,62,14,76,176
12/09/2022,SJT,TX,ASW,CE,Federal Contract Tower,5,12,21,11,49,0,2,38,0,40,5,14,59,11,89,102,34,136,225
12/10/2022,SJT,TX,ASW,CE,Federal Contract Tower,3,10,12,0,25,0,0,1,0,1,3,10,13,0,26,0,0,0,26
12/11/2022,SJT,TX,ASW,CE,Federal Contract Tower,3,7,19,10,39,0,0,0,0,0,3,7,19,10,39,0,14,14,53
12/12/2022,SJT,TX,ASW,CE,Federal Contract Tower,4,8,34,31,77,0,0,40,6,46,4,8,74,37,123,78,46,124,247
12/13/2022,SJT,TX,ASW,CE,Federal Contract Tower,4,14,34,32,84,0,3,75,31,109,4,17,109,63,193,90,78,168,361
12/14/2022,SJT,TX,ASW,CE,Federal Contract Tower,4,16,23,6,49,0,7,39,4,50,4,23,62,10,99,22,10,32,131
12/15/2022,SJT,TX,ASW,CE,Federal Contract Tower,5,22,16,42,85,0,4,66,3,73,5,26,82,45,158,158,38,196,354
12/16/2022,SJT,TX,ASW,CE,Federal Contract Tower,5,15,36,44,100,0,2,48,2,52,5,17,84,46,152,94,108,202,354
12/17/2022,SJT,TX,ASW,CE,Federal Contract Tower,4,7,24,0,35,0,0,74,0,74,4,7,98,0,109,112,0,112,221
12/18/2022,SJT,TX,ASW,CE,Federal Contract Tower,4,0,35,12,51,0,0,25,2,27,4,0,60,14,78,34,16,50,128
12/19/2022,SJT,TX,ASW,CE,Federal Contract Tower,4,17,15,39,75,0,0,25,9,34,4,17,40,48,109,36,68,104,213
12/20/2022,SJT,TX,ASW,CE,Federal Contract Tower,4,16,34,30,84,0,2,24,3,29,4,18,58,33,113,38,36,74,187
12/21/2022,SJT,TX,ASW,CE,Federal Contract Tower,4,20,17,39,80,0,1,26,0,27,4,21,43,39,107,54,32,86,193
12/22/2022,SJT,TX,ASW,CE,Federal Contract Tower,4,10,19,0,33,0,1,9,0,10,4,11,28,0,43,6,0,6,49
12/23/2022,SJT,TX,ASW,CE,Federal Contract Tower,4,14,8,0,26,0,0,10,0,10,4,14,18,0,36,10,0,10,46
12/24/2022,SJT,TX,ASW,CE,Federal Contract Tower,3,3,6,0,12,0,0,12,0,12,3,3,18,0,24,10,0,10,34
12/25/2022,SJT,TX,ASW,CE,Federal Contract Tower,2,2,6,0,10,0,0,7,0,7,2,2,13,0,17,8,0,8,25
12/26/2022,SJT,TX,ASW,CE,Federal Contract Tower,4,3,29,0,36,0,0,16,0,16,4,3,45,0,52,16,0,16,68
12/27/2022,SJT,TX,ASW,CE,Federal Contract Tower,4,8,14,2,28,0,1,30,1,32,4,9,44,3,60,22,2,24,84
12/28/2022,SJT,TX,ASW,CE,Federal Contract Tower,4,21,15,0,40,0,4,43,0,47,4,25,58,0,87,50,0,50,137
12/29/2022,SJT,TX,ASW,CE,Federal Contract Tower,4,13,13,0,30,0,1,48,0,49,4,14,61,0,79,60,0,60,139
12/30/2022,SJT,TX,ASW,CE,Federal Contract Tower,4,14,21,0,39,0,0,47,0,47,4,14,68,0,86,104,0,104,190
12/31/2022,SJT,TX,ASW,CE,Federal Contract Tower,3,5,13,0,21,0,2,29,0,31,3,7,42,0,52,16,0,16,68
01/01/2023,SJT,TX,ASW,CE,Federal Contract Tower,2,7,9,0,18,0,0,28,0,28,2,7,37,0,46,30,0,30,76
01/02/2023,SJT,TX,ASW,CE,Federal Contract Tower,5,8,16,0,29,0,0,23,0,23,5,8,39,0,52,16,0,16,68
01/03/2023,SJT,TX,ASW,CE,Federal Contract Tower,3,13,13,0,29,0,5,22,0,27,3,18,35,0,56,26,0,26,82
01/04/2023,SJT,TX,ASW,CE,Federal Contract Tower,4,11,21,8,44,0,5,25,0,30,4,16,46,8,74,26,10,36,110
01/05/2023,SJT,TX,ASW,CE,Federal Contract Tower,4,19,32,39,94,0,3,41,11,55,4,22,73,50,149,52,88,140,289
01/06/2023,SJT,TX,ASW,CE,Federal Contract Tower,4,8,20,29,61,0,2,42,18,62,4,10,62,47,123,46,88,134,257
01/07/2023,SJT,TX,ASW,CE,Federal Contract Tower,4,4,5,5,18,0,0,51,0,51,4,4,56,5,69,126,8,134,203
01/08/2023,SJT,TX,ASW,CE,Federal Contract Tower,4,5,26,13,48,0,3,46,5,54,4,8,72,18,102,30,30,60,162
01/09/2023,SJT,TX,ASW,CE,Federal Contract Tower,4,10,12,49,75,0,10,47,15,72,4,20,59,64,147,44,116,160,307
01/10/2023,SJT,TX,ASW,CE,Federal Contract Tower,4,21,25,42,92,0,7,35,24,66,4,28,60,66,158,52,150,202,360
01/11/2023,SJT,TX,ASW,CE,Federal Contract Tower,4,13,28,19,64,0,9,38,14,61,4,22,66,33,125,78,40,118,243
01/12/2023,SJT,TX,ASW,CE,Federal Contract Tower,4,14,25,54,97,0,3,42,11,56,4,17,67,65,153,68,164,232,385
01/13/2023,SJT,TX,ASW,CE,Federal Contract Tower,4,17,14,20,55,0,6,46,8,60,4,23,60,28,115,68,48,116,231
01/14/2023,SJT,TX,ASW,CE,Federal Contract Tower,3,6,16,0,25,0,0,36,0,36,3,6,52,0,61,16,0,16,77
01/15/2023,SJT,TX,ASW,CE,Federal Contract Tower,3,3,15,0,21,0,0,15,0,15,3,3,30,0,36,18,0,18,54
01/16/2023,SJT,TX,ASW,CE,Federal Contract Tower,4,7,27,1,39,0,1,34,0,35,4,8,61,1,74,93,0,93,167
01/17/2023,SJT,TX,ASW,CE,Federal Contract Tower,4,8,17,34,63,0,3,68,21,92,4,11,85,55,155,52,46,98,253
01/18/2023,SJT,TX,ASW,CE,Federal Contract Tower,4,14,26,33,77,0,0,20,11,31,4,14,46,44,108,26,68,94,202
01/19/2023,SJT,TX,ASW,CE,Federal Contract Tower,4,16,35,32,87,0,0,90,3,93,4,16,125,35,180,110,96,206,386
01/20/2023,SJT,TX,ASW,CE,Federal Contract Tower,4,11,16,29,60,0,2,54,18,74,4,13,70,47,134,58,36,94,228
01/21/2023,SJT,TX,ASW,CE,Federal Contract Tower,4,4,17,2,27,0,0,92,10,102,4,4,109,12,129,122,0,122,251
01/22/2023,SJT,TX,ASW,CE,Federal Contract Tower,4,4,13,31,52,0,0,61,18,79,4,4,74,49,131,76,74,150,281
01/23/2023,SJT,TX,ASW,CE,Federal Contract Tower,4,9,15,37,65,0,1,44,12,57,4,10,59,49,122,38,44,82,204
01/24/2023,SJT,TX,ASW,CE,Federal Contract Tower,6,10,8,5,29,0,4,3,6,13,6,14,11,11,42,4,10,14,56
01/25/2023,SJT,TX,ASW,CE,Federal Contract Tower,6,10,30,34,80,0,2,89,19,110,6,12,119,53,190,106,78,184,374
01/26/2023,SJT,TX,ASW,CE,Federal Contract Tower,5,9,17,23,54,0,1,113,34,148,5,10,130,57,202,134,78,212,414
01/27/2023,SJT,TX,ASW,CE,Federal Contract Tower,8,17,14,32,71,0,1,82,4,87,8,18,96,36,158,74,56,130,288
01/28/2023,SJT,TX,ASW,CE,Federal Contract Tower,4,6,17,18,45,0,0,42,5,47,4,6,59,23,92,30,10,40,132
01/29/2023,SJT,TX,ASW,CE,Federal Contract Tower,4,3,21,31,59,0,0,8,0,8,4,3,29,31,67,6,40,46,113
01/30/2023,SJT,TX,ASW,CE,Federal Contract Tower,0,1,3,0,4,0,0,0,0,0,0,1,3,0,4,0,0,0,4
01/31/2023,SJT,TX,ASW,CE,Federal Contract Tower,0,0,0,0,0,0,0,0,0,0,0,0,0,0,0,0,0,0,0
02/01/2023,SJT,TX,ASW,CE,Federal Contract Tower,0,0,0,0,0,0,0,0,0,0,0,0,0,0,0,0,0,0,0
02/02/2023,SJT,TX,ASW,CE,Federal Contract Tower,5,8,5,1,19,0,0,5,0,5,5,8,10,1,24,10,0,10,34
02/03/2023,SJT,TX,ASW,CE,Federal Contract Tower,5,11,33,68,117,0,1,83,17,101,5,12,116,85,218,120,210,330,548
02/04/2023,SJT,TX,ASW,CE,Federal Contract Tower,7,5,14,0,26,0,0,72,0,72,7,5,86,0,98,110,0,110,208
02/05/2023,SJT,TX,ASW,CE,Federal Contract Tower,6,6,32,13,57,0,1,73,14,88,6,7,105,27,145,128,82,210,355
02/06/2023,SJT,TX,ASW,CE,Federal Contract Tower,6,9,17,35,67,0,4,45,11,60,6,13,62,46,127,72,66,138,265
02/07/2023,SJT,TX,ASW,CE,Federal Contract Tower,5,14,28,28,75,0,0,0,0,0,5,14,28,28,75,10,30,40,115
02/08/2023,SJT,TX,ASW,CE,Federal Contract Tower,4,14,28,36,82,0,1,38,29,68,4,15,66,65,150,30,78,108,258
02/09/2023,SJT,TX,ASW,CE,Federal Contract Tower,6,11,25,15,57,0,8,73,23,104,6,19,98,38,161,108,76,184,345
02/10/2023,SJT,TX,ASW,CE,Federal Contract Tower,6,12,33,8,59,0,4,56,4,64,6,16,89,12,123,76,22,98,221
02/11/2023,SJT,TX,ASW,CE,Federal Contract Tower,6,12,22,19,59,0,1,77,5,83,6,13,99,24,142,92,28,120,262
02/12/2023,SJT,TX,ASW,CE,Federal Contract Tower,6,5,16,2,29,0,0,53,0,53,6,5,69,2,82,40,4,44,126
02/13/2023,SJT,TX,ASW,CE,Federal Contract Tower,6,7,27,34,74,0,4,38,8,50,6,11,65,42,124,50,94,144,268
02/14/2023,SJT,TX,ASW,CE,Federal Contract Tower,5,9,8,9,31,0,2,37,12,51,5,11,45,21,82,56,56,112,194
02/15/2023,SJT,TX,ASW,CE,Federal Contract Tower,5,16,23,20,64,0,6,26,13,45,5,22,49,33,109,46,50,96,205
02/16/2023,SJT,TX,ASW,CE,Federal Contract Tower,6,11,29,51,97,0,12,91,22,125,6,23,120,73,222,110,202,312,534
02/17/2023,SJT,TX,ASW,CE,Federal Contract Tower,6,11,31,26,74,0,2,82,18,102,6,13,113,44,176,134,82,216,392
02/18/2023,SJT,TX,ASW,CE,Federal Contract Tower,5,9,9,2,25,0,0,89,0,89,5,9,98,2,114,114,0,114,228
02/19/2023,SJT,TX,ASW,CE,Federal Contract Tower,6,5,17,5,33,0,1,48,0,49,6,6,65,5,82,50,4,54,136
02/20/2023,SJT,TX,ASW,CE,Federal Contract Tower,6,8,35,2,51,0,1,80,3,84,6,9,115,5,135,112,4,116,251
02/21/2023,SJT,TX,ASW,CE,Federal Contract Tower,6,9,30,33,78,0,4,74,18,96,6,13,104,51,174,94,82,176,350
02/22/2023,SJT,TX,ASW,CE,Federal Contract Tower,6,11,27,20,64,0,4,19,14,37,6,15,46,34,101,34,50,84,185
02/23/2023,SJT,TX,ASW,CE,Federal Contract Tower,6,10,38,58,112,0,4,53,9,66,6,14,91,67,178,82,122,204,382
02/24/2023,SJT,TX,ASW,CE,Federal Contract Tower,6,14,15,41,76,0,7,54,13,74,6,21,69,54,150,170,78,248,398
02/25/2023,SJT,TX,ASW,CE,Federal Contract Tower,6,5,13,2,26,0,1,7,0,8,6,6,20,2,34,6,0,6,40
02/26/2023,SJT,TX,ASW,CE,Federal Contract Tower,8,5,17,20,50,0,4,3,2,9,8,9,20,22,59,2,36,38,97
02/27/2023,SJT,TX,ASW,CE,Federal Contract Tower,7,11,25,33,76,0,6,79,15,100,7,17,104,48,176,118,56,174,350
02/28/2023,SJT,TX,ASW,CE,Federal Contract Tower,5,15,34,38,92,0,7,114,18,139,5,22,148,56,231,170,104,274,505
03/01/2023,SJT,TX,ASW,CE,Federal Contract Tower,7,16,40,38,101,0,6,85,10,101,7,22,125,48,202,144,72,216,418
03/02/2023,SJT,TX,ASW,CE,Federal Contract Tower,4,13,21,27,65,0,1,29,4,34,4,14,50,31,99,52,50,102,201
03/03/2023,SJT,TX,ASW,CE,Federal Contract Tower,5,13,37,28,83,0,2,81,8,91,5,15,118,36,174,98,78,176,350
03/04/2023,SJT,TX,ASW,CE,Federal Contract Tower,6,8,23,17,54,0,4,63,1,68,6,12,86,18,122,50,20,70,192
03/05/2023,SJT,TX,ASW,CE,Federal Contract Tower,6,5,13,2,26,0,1,32,0,33,6,6,45,2,59,32,8,40,99
03/06/2023,SJT,TX,ASW,CE,Federal Contract Tower,6,12,35,41,94,0,5,61,19,85,6,17,96,60,179,178,100,278,457
03/07/2023,SJT,TX,ASW,CE,Federal Contract Tower,4,14,27,52,97,0,1,133,27,161,4,15,160,79,258,270,112,382,640
03/08/2023,SJT,TX,ASW,CE,Federal Contract Tower,4,11,31,14,60,0,1,32,0,33,4,12,63,14,93,76,8,84,177
03/09/2023,SJT,TX,ASW,CE,Federal Contract Tower,11,20,26,3,60,0,3,19,2,24,11,23,45,5,84,78,0,78,162
03/10/2023,SJT,TX,ASW,CE,Federal Contract Tower,6,14,26,29,75,0,2,43,0,45,6,16,69,29,120,92,40,132,252
03/11/2023,SJT,TX,ASW,CE,Federal Contract Tower,6,3,15,0,24,0,0,37,2,39,6,3,52,2,63,22,0,22,85
03/12/2023,SJT,TX,ASW,CE,Federal Contract Tower,6,5,17,10,38,0,0,52,6,58,6,5,69,16,96,60,8,68,164
03/13/2023,SJT,TX,ASW,CE,Federal Contract Tower,6,7,22,26,61,0,2,77,14,93,6,9,99,40,154,108,70,178,332
03/14/2023,SJT,TX,ASW,CE,Federal Contract Tower,5,8,29,39,81,0,4,120,15,139,5,12,149,54,220,200,80,280,500
03/15/2023,SJT,TX,ASW,CE,Federal Contract Tower,5,11,13,7,36,0,2,28,0,30,5,13,41,7,66,16,14,30,96
03/16/2023,SJT,TX,ASW,CE,Federal Contract Tower,7,8,15,50,80,0,3,11,24,38,7,11,26,74,118,10,106,116,234
03/17/2023,SJT,TX,ASW,CE,Federal Contract Tower,6,12,16,33,67,0,3,35,16,54,6,15,51,49,121,94,96,190,311
03/18/2023,SJT,TX,ASW,CE,Federal Contract Tower,5,10,23,2,40,0,3,56,0,59,5,13,79,2,99,92,2,94,193
03/19/2023,SJT,TX,ASW,CE,Federal Contract Tower,6,8,27,8,49,0,2,63,2,67,6,10,90,10,116,132,8,140,256
03/20/2023,SJT,TX,ASW,CE,Federal Contract Tower,6,12,24,15,57,0,0,12,5,17,6,12,36,20,74,8,38,46,120
03/21/2023,SJT,TX,ASW,CE,Federal Contract Tower,5,15,37,29,86,0,2,85,47,134,5,17,122,76,220,108,124,232,452
03/22/2023,SJT,TX,ASW,CE,Federal Contract Tower,5,12,21,35,73,0,8,59,4,71,5,20,80,39,144,98,34,132,276
03/23/2023,SJT,TX,ASW,CE,Federal Contract Tower,6,11,28,17,62,0,3,62,2,67,6,14,90,19,129,206,36,242,371
03/24/2023,SJT,TX,ASW,CE,Federal Contract Tower,7,15,15,29,66,0,1,38,20,59,7,16,53,49,125,44,90,134,259
03/25/2023,SJT,TX,ASW,CE,Federal Contract Tower,6,7,19,5,37,0,5,80,3,88,6,12,99,8,125,128,8,136,261
03/26/2023,SJT,TX,ASW,CE,Federal Contract Tower,6,3,39,0,48,0,44,0,0,44,6,47,39,0,92,99,0,99,191
03/27/2023,SJT,TX,ASW,CE,Federal Contract Tower,6,2,20,19,47,0,0,23,5,28,6,2,43,24,75,32,42,74,149
03/28/2023,SJT,TX,ASW,CE,Federal Contract Tower,5,12,24,30,71,0,2,57,14,73,5,14,81,44,144,120,106,226,370
03/29/2023,SJT,TX,ASW,CE,Federal Contract Tower,5,18,21,8,52,0,6,117,20,143,5,24,138,28,195,276,26,302,497
03/30/2023,SJT,TX,ASW,CE,Federal Contract Tower,6,21,17,24,68,0,8,8,3,19,6,29,25,27,87,0,28,28,115
03/31/2023,SJT,TX,ASW,CE,Federal Contract Tower,6,12,16,30,64,0,6,24,12,42,6,18,40,42,106,26,40,66,172
04/01/2023,SJT,TX,ASW,CE,Federal Contract Tower,6,15,20,0,41,0,2,67,2,71,6,17,87,2,112,98,0,98,210
04/02/2023,SJT,TX,ASW,CE,Federal Contract Tower,6,7,14,12,39,0,0,19,1,20,6,7,33,13,59,44,20,64,123
04/03/2023,SJT,TX,ASW,CE,Federal Contract Tower,6,12,33,19,70,0,3,62,7,72,6,15,95,26,142,188,79,267,409
04/04/2023,SJT,TX,ASW,CE,Federal Contract Tower,4,11,18,22,55,0,8,44,5,57,4,19,62,27,112,144,34,178,290
04/05/2023,SJT,TX,ASW,CE,Federal Contract Tower,4,14,35,46,99,0,5,72,26,103,4,19,107,72,202,80,108,188,390
04/06/2023,SJT,TX,ASW,CE,Federal Contract Tower,4,7,23,17,51,0,9,53,1,63,4,16,76,18,114,110,68,178,292
04/07/2023,SJT,TX,ASW,CE,Federal Contract Tower,4,9,20,11,44,0,0,14,2,16,4,9,34,13,60,26,12,38,98
04/08/2023,SJT,TX,ASW,CE,Federal Contract Tower,2,4,21,10,37,0,4,61,0,65,2,8,82,10,102,80,8,88,190
04/09/2023,SJT,TX,ASW,CE,Federal Contract Tower,5,0,15,0,20,0,0,26,0,26,5,0,41,0,46,24,0,24,70
04/10/2023,SJT,TX,ASW,CE,Federal Contract Tower,5,12,26,44,87,0,0,54,16,70,5,12,80,60,157,136,92,228,385
04/11/2023,SJT,TX,ASW,CE,Federal Contract Tower,4,11,25,42,82,0,5,59,9,73,4,16,84,51,155,80,78,158,313
04/12/2023,SJT,TX,ASW,CE,Federal Contract Tower,4,13,35,24,76,0,2,103,9,114,4,15,138,33,190,134,54,188,378
04/13/2023,SJT,TX,ASW,CE,Federal Contract Tower,4,13,34,8,59,0,4,131,18,153,4,17,165,26,212,202,56,258,470
04/14/2023,SJT,TX,ASW,CE,Federal Contract Tower,10,11,24,32,77,0,4,25,7,36,10,15,49,39,113,52,70,122,235
04/15/2023,SJT,TX,ASW,CE,Federal Contract Tower,4,7,18,5,34,0,1,58,2,61,4,8,76,7,95,60,6,66,161
04/16/2023,SJT,TX,ASW,CE,Federal Contract Tower,4,9,25,0,38,0,1,69,0,70,4,10,94,0,108,54,0,54,162
04/17/2023,SJT,TX,ASW,CE,Federal Contract Tower,4,10,33,26,73,0,4,42,6,52,4,14,75,32,125,72,58,130,255
04/18/2023,SJT,TX,ASW,CE,Federal Contract Tower,6,13,21,29,69,0,2,57,29,88,6,15,78,58,157,64,86,150,307
04/19/2023,SJT,TX,ASW,CE,Federal Contract Tower,4,13,36,34,87,0,9,39,3,51,4,22,75,37,138,102,92,194,332
04/20/2023,SJT,TX,ASW,CE,Federal Contract Tower,5,20,22,31,78,0,17,54,70,141,5,37,76,101,219,58,166,224,443
04/21/2023,SJT,TX,ASW,CE,Federal Contract Tower,4,24,26,46,100,0,2,60,30,92,4,26,86,76,192,90,70,160,352
04/22/2023,SJT,TX,ASW,CE,Federal Contract Tower,4,5,14,0,23,0,2,36,0,38,4,7,50,0,61,22,0,22,83
04/23/2023,SJT,TX,ASW,CE,Federal Contract Tower,4,4,8,8,24,0,0,2,0,2,4,4,10,8,26,0,8,8,34
04/24/2023,SJT,TX,ASW,CE,Federal Contract Tower,4,14,19,22,59,0,2,26,0,28,4,16,45,22,87,88,30,118,205
04/25/2023,SJT,TX,ASW,CE,Federal Contract Tower,4,17,29,18,68,0,0,73,4,77,4,17,102,22,145,152,28,180,325
04/26/2023,SJT,TX,ASW,CE,Federal Contract Tower,2,11,35,41,89,0,0,62,6,68,2,11,97,47,157,120,122,242,399
04/27/2023,SJT,TX,ASW,CE,Federal Contract Tower,4,13,19,4,40,0,0,130,8,138,4,13,149,12,178,181,4,185,363
04/28/2023,SJT,TX,ASW,CE,Federal Contract Tower,4,16,20,2,42,0,1,57,0,58,4,17,77,2,100,90,0,90,190
04/29/2023,SJT,TX,ASW,CE,Federal Contract Tower,4,4,32,2,42,0,3,124,4,131,4,7,156,6,173,94,0,94,267
04/30/2023,SJT,TX,ASW,CE,Federal Contract Tower,5,2,22,11,40,0,0,49,2,51,5,2,71,13,91,56,16,72,163
05/01/2023,SJT,TX,ASW,CE,Federal Contract Tower,4,8,26,6,44,0,4,65,2,71,4,12,91,8,115,114,16,130,245
05/02/2023,SJT,TX,ASW,CE,Federal Contract Tower,6,10,42,40,98,0,0,67,14,81,6,10,109,54,179,148,50,198,377
05/03/2023,SJT,TX,ASW,CE,Federal Contract Tower,4,10,44,30,88,0,0,56,7,63,4,10,100,37,151,100,48,148,299
05/04/2023,SJT,TX,ASW,CE,Federal Contract Tower,4,9,48,10,71,0,1,36,1,38,4,10,84,11,109,74,10,84,193
05/05/2023,SJT,TX,ASW,CE,Federal Contract Tower,4,11,40,26,81,0,2,36,13,51,4,13,76,39,132,100,32,132,264
05/06/2023,SJT,TX,ASW,CE,Federal Contract Tower,6,4,10,2,22,0,0,24,2,26,6,4,34,4,48,116,0,116,164
05/07/2023,SJT,TX,ASW,CE,Federal Contract Tower,3,4,20,12,39,0,0,15,0,15,3,4,35,12,54,36,22,58,112
05/08/2023,SJT,TX,ASW,CE,Federal Contract Tower,3,11,20,29,63,0,2,41,12,55,3,13,61,41,118,104,70,174,292
05/09/2023,SJT,TX,ASW,CE,Federal Contract Tower,4,11,24,32,71,0,1,56,16,73,4,12,80,48,144,106,66,172,316
05/10/2023,SJT,TX,ASW,CE,Federal Contract Tower,4,17,49,41,111,0,2,39,10,51,4,19,88,51,162,144,46,190,352
05/11/2023,SJT,TX,ASW,CE,Federal Contract Tower,4,18,45,32,99,0,1,52,11,64,4,19,97,43,163,124,74,198,361
05/12/2023,SJT,TX,ASW,CE,Federal Contract Tower,4,10,37,13,64,0,1,36,2,39,4,11,73,15,103,122,18,140,243
05/13/2023,SJT,TX,ASW,CE,Federal Contract Tower,4,6,14,0,24,0,0,14,0,14,4,6,28,0,38,22,0,22,60
05/14/2023,SJT,TX,ASW,CE,Federal Contract Tower,4,6,26,17,53,0,2,22,2,26,4,8,48,19,79,78,28,106,185
05/15/2023,SJT,TX,ASW,CE,Federal Contract Tower,3,8,33,3,47,0,0,69,3,72,3,8,102,6,119,122,14,136,255
05/16/2023,SJT,TX,ASW,CE,Federal Contract Tower,4,15,32,18,69,0,1,51,11,63,4,16,83,29,132,70,34,104,236
05/17/2023,SJT,TX,ASW,CE,Federal Contract Tower,4,11,24,31,70,0,1,64,15,80,4,12,88,46,150,70,72,142,292
05/18/2023,SJT,TX,ASW,CE,Federal Contract Tower,4,10,35,8,57,0,1,60,5,66,4,11,95,13,123,94,22,116,239
05/19/2023,SJT,TX,ASW,CE,Federal Contract Tower,8,5,20,7,40,0,0,54,4,58,8,5,74,11,98,110,40,150,248
05/20/2023,SJT,TX,ASW,CE,Federal Contract Tower,4,4,14,1,23,0,0,18,0,18,4,4,32,1,41,4,2,6,47
05/21/2023,SJT,TX,ASW,CE,Federal Contract Tower,4,6,7,4,21,0,0,19,0,19,4,6,26,4,40,98,4,102,142
05/22/2023,SJT,TX,ASW,CE,Federal Contract Tower,4,10,8,1,23,0,0,37,0,37,4,10,45,1,60,58,10,68,128
05/23/2023,SJT,TX,ASW,CE,Federal Contract Tower,4,9,24,2,39,0,3,63,2,68,4,12,87,4,107,80,0,80,187
05/24/2023,SJT,TX,ASW,CE,Federal Contract Tower,4,17,25,24,70,0,0,29,8,37,4,17,54,32,107,48,74,122,229
05/25/2023,SJT,TX,ASW,CE,Federal Contract Tower,3,14,26,2,45,0,5,31,0,36,3,19,57,2,81,56,4,60,141
05/26/2023,SJT,TX,ASW,CE,Federal Contract Tower,4,12,30,0,46,0,3,24,0,27,4,15,54,0,73,45,0,45,118
05/27/2023,SJT,TX,ASW,CE,Federal Contract Tower,5,4,20,0,29,0,1,35,12,48,5,5,55,12,77,31,0,31,108
05/28/2023,SJT,TX,ASW,CE,Federal Contract Tower,4,4,13,0,21,0,0,14,6,20,4,4,27,6,41,26,0,26,67
05/29/2023,SJT,TX,ASW,CE,Federal Contract Tower,4,3,13,1,21,0,0,31,13,44,4,3,44,14,65,100,0,100,165
05/30/2023,SJT,TX,ASW,CE,Federal Contract Tower,4,8,30,14,56,0,1,45,9,55,4,9,75,23,111,78,52,130,241
05/31/2023,SJT,TX,ASW,CE,Federal Contract Tower,4,13,20,20,57,0,2,37,6,45,4,15,57,26,102,44,78,122,224
06/01/2023,SJT,TX,ASW,CE,Federal Contract Tower,3,12,24,21,60,0,0,45,10,55,3,12,69,31,115,102,48,150,265
06/02/2023,SJT,TX,ASW,CE,Federal Contract Tower,3,10,18,17,48,0,1,50,5,56,3,11,68,22,104,100,52,152,256
06/03/2023,SJT,TX,ASW,CE,Federal Contract Tower,4,7,20,0,31,0,0,28,2,30,4,7,48,2,61,20,0,20,81
06/04/2023,SJT,TX,ASW,CE,Federal Contract Tower,4,0,9,6,19,0,0,32,0,32,4,0,41,6,51,38,4,42,93
06/05/2023,SJT,TX,ASW,CE,Federal Contract Tower,6,9,24,30,69,0,0,28,4,32,6,9,52,34,101,64,104,168,269
06/06/2023,SJT,TX,ASW,CE,Federal Contract Tower,2,10,28,27,67,1,1,79,14,95,3,11,107,41,162,132,88,220,382
06/07/2023,SJT,TX,ASW,CE,Federal Contract Tower,4,15,16,19,54,0,5,44,11,60,4,20,60,30,114,54,58,112,226
06/08/2023,SJT,TX,ASW,CE,Federal Contract Tower,4,11,18,14,47,0,6,61,7,74,4,17,79,21,121,114,64,178,299
06/09/2023,SJT,TX,ASW,CE,Federal Contract Tower,6,10,18,24,58,0,1,58,13,72,6,11,76,37,130,78,40,118,248
06/10/2023,SJT,TX,ASW,CE,Federal Contract Tower,3,4,11,0,18,0,2,41,0,43,3,6,52,0,61,46,0,46,107
06/11/2023,SJT,TX,ASW,CE,Federal Contract Tower,5,2,16,8,31,0,0,41,3,44,5,2,57,11,75,62,12,74,149
06/12/2023,SJT,TX,ASW,CE,Federal Contract Tower,5,13,21,21,60,1,0,33,3,37,6,13,54,24,97,70,46,116,213
06/13/2023,SJT,TX,ASW,CE,Federal Contract Tower,4,13,33,24,74,0,0,41,5,46,4,13,74,29,120,80,40,120,240
06/14/2023,SJT,TX,ASW,CE,Federal Contract Tower,4,13,28,26,71,0,6,48,6,60,4,19,76,32,131,90,58,148,279
06/15/2023,SJT,TX,ASW,CE,Federal Contract Tower,4,6,23,3,36,0,1,53,7,61,4,7,76,10,97,82,4,86,183
06/16/2023,SJT,TX,ASW,CE,Federal Contract Tower,4,16,23,17,60,0,1,47,4,52,4,17,70,21,112,86,16,102,214
06/17/2023,SJT,TX,ASW,CE,Federal Contract Tower,4,3,31,4,42,0,1,49,1,51,4,4,80,5,93,42,0,42,135
06/18/2023,SJT,TX,ASW,CE,Federal Contract Tower,4,6,13,0,23,0,0,23,0,23,4,6,36,0,46,16,0,16,62
06/19/2023,SJT,TX,ASW,CE,Federal Contract Tower,4,9,20,3,36,0,32,0,0,32,4,41,20,3,68,40,6,46,114
06/20/2023,SJT,TX,ASW,CE,Federal Contract Tower,4,8,28,12,52,0,0,52,2,54,4,8,80,14,106,108,22,130,236
06/21/2023,SJT,TX,ASW,CE,Federal Contract Tower,4,12,30,10,56,0,3,46,8,57,4,15,76,18,113,66,14,80,193
06/22/2023,SJT,TX,ASW,CE,Federal Contract Tower,4,15,31,16,66,0,2,42,10,54,4,17,73,26,120,68,34,102,222
06/23/2023,SJT,TX,ASW,CE,Federal Contract Tower,6,10,23,12,51,0,4,41,5,50,6,14,64,17,101,80,32,112,213
06/24/2023,SJT,TX,ASW,CE,Federal Contract Tower,4,5,12,0,21,0,1,35,0,36,4,6,47,0,57,18,0,18,75
06/25/2023,SJT,TX,ASW,CE,Federal Contract Tower,4,0,14,8,26,0,2,40,5,47,4,2,54,13,73,58,12,70,143
06/26/2023,SJT,TX,ASW,CE,Federal Contract Tower,4,12,18,30,64,0,8,45,5,58,4,20,63,35,122,66,46,112,234
06/27/2023,SJT,TX,ASW,CE,Federal Contract Tower,5,10,19,14,48,0,1,99,19,119,5,11,118,33,167,142,38,180,347
06/28/2023,SJT,TX,ASW,CE,Federal Contract Tower,4,9,26,2,41,0,2,42,4,48,4,11,68,6,89,40,0,40,129
06/29/2023,SJT,TX,ASW,CE,Federal Contract Tower,8,10,25,5,48,0,2,39,3,44,8,12,64,8,92,44,10,54,146
06/30/2023,SJT,TX,ASW,CE,Federal Contract Tower,4,14,23,7,48,0,1,33,12,46,4,15,56,19,94,20,12,32,126
07/01/2023,SJT,TX,ASW,CE,Federal Contract Tower,4,3,8,0,15,0,0,53,0,53,4,3,61,0,68,58,0,58,126
07/02/2023,SJT,TX,ASW,CE,Federal Contract Tower,4,2,15,0,21,0,0,45,10,55,4,2,60,10,76,68,0,68,144
07/03/2023,SJT,TX,ASW,CE,Federal Contract Tower,4,13,17,0,34,0,3,55,2,60,4,16,72,2,94,120,0,120,214
07/04/2023,SJT,TX,ASW,CE,Federal Contract Tower,3,0,22,0,25,0,0,52,0,52,3,0,74,0,77,102,0,102,179
07/05/2023,SJT,TX,ASW,CE,Federal Contract Tower,6,9,25,32,72,0,0,50,10,60,6,9,75,42,132,78,52,130,262
07/06/2023,SJT,TX,ASW,CE,Federal Contract Tower,4,10,39,45,98,0,1,56,19,76,4,11,95,64,174,120,60,180,354
07/07/2023,SJT,TX,ASW,CE,Federal Contract Tower,4,10,30,38,82,0,2,39,7,48,4,12,69,45,130,88,46,134,264
07/08/2023,SJT,TX,ASW,CE,Federal Contract Tower,4,3,12,1,20,0,1,47,1,49,4,4,59,2,69,46,0,46,115
07/09/2023,SJT,TX,ASW,CE,Federal Contract Tower,6,4,16,34,60,0,4,37,13,54,6,8,53,47,114,76,68,144,258
07/10/2023,SJT,TX,ASW,CE,Federal Contract Tower,4,8,20,25,57,0,1,34,13,48,4,9,54,38,105,56,60,116,221
07/11/2023,SJT,TX,ASW,CE,Federal Contract Tower,4,11,42,16,73,0,0,52,9,61,4,11,94,25,134,100,24,124,258
07/12/2023,SJT,TX,ASW,CE,Federal Contract Tower,4,11,34,12,61,0,0,33,11,44,4,11,67,23,105,92,12,104,209
07/13/2023,SJT,TX,ASW,CE,Federal Contract Tower,4,11,32,8,55,0,0,57,2,59,4,11,89,10,114,120,4,124,238
07/14/2023,SJT,TX,ASW,CE,Federal Contract Tower,4,9,26,17,56,0,0,34,7,41,4,9,60,24,97,56,32,88,185
07/15/2023,SJT,TX,ASW,CE,Federal Contract Tower,4,3,10,0,17,0,1,39,0,40,4,4,49,0,57,20,0,20,77
07/16/2023,SJT,TX,ASW,CE,Federal Contract Tower,2,4,13,5,24,0,0,37,0,37,2,4,50,5,61,40,6,46,107
07/17/2023,SJT,TX,ASW,CE,Federal Contract Tower,4,5,30,19,58,0,0,55,19,74,4,5,85,38,132,90,70,160,292
07/18/2023,SJT,TX,ASW,CE,Federal Contract Tower,4,10,34,27,75,0,0,46,22,68,4,10,80,49,143,92,86,178,321
07/19/2023,SJT,TX,ASW,CE,Federal Contract Tower,4,11,32,31,78,0,0,53,17,70,4,11,85,48,148,112,44,156,304
07/20/2023,SJT,TX,ASW,CE,Federal Contract Tower,4,12,31,28,75,0,0,74,26,100,4,12,105,54,175,98,78,176,351
07/21/2023,SJT,TX,ASW,CE,Federal Contract Tower,4,12,24,22,62,0,0,66,13,79,4,12,90,35,141,62,68,130,271
07/22/2023,SJT,TX,ASW,CE,Federal Contract Tower,4,2,9,0,15,0,2,55,0,57,4,4,64,0,72,32,0,32,104
07/23/2023,SJT,TX,ASW,CE,Federal Contract Tower,4,3,24,9,40,0,0,36,2,38,4,3,60,11,78,34,22,56,134
07/24/2023,SJT,TX,ASW,CE,Federal Contract Tower,4,5,18,9,36,0,0,52,9,61,4,5,70,18,97,58,28,86,183
07/25/2023,SJT,TX,ASW,CE,Federal Contract Tower,4,8,30,17,59,0,0,63,17,80,4,8,93,34,139,105,16,121,260
07/26/2023,SJT,TX,ASW,CE,Federal Contract Tower,4,9,26,9,48,0,0,70,6,76,4,9,96,15,124,122,10,132,256
07/27/2023,SJT,TX,ASW,CE,Federal Contract Tower,4,9,25,26,64,0,0,63,10,73,4,9,88,36,137,62,50,112,249
07/28/2023,SJT,TX,ASW,CE,Federal Contract Tower,4,8,29,9,50,0,0,67,26,93,4,8,96,35,143,128,24,152,295
07/29/2023,SJT,TX,ASW,CE,Federal Contract Tower,4,4,18,0,26,0,0,50,10,60,4,4,68,10,86,112,0,112,198
07/30/2023,SJT,TX,ASW,CE,Federal Contract Tower,6,2,17,0,25,0,0,39,6,45,6,2,56,6,70,96,12,108,178
07/31/2023,SJT,TX,ASW,CE,Federal Contract Tower,4,8,46,4,62,0,0,71,10,81,4,8,117,14,143,142,18,160,303
08/01/2023,SJT,TX,ASW,CE,Federal Contract Tower,4,11,41,13,69,0,0,52,21,73,4,11,93,34,142,78,35,113,255
08/02/2023,SJT,TX,ASW,CE,Federal Contract Tower,6,14,30,12,62,0,1,67,13,81,6,15,97,25,143,124,46,170,313
08/03/2023,SJT,TX,ASW,CE,Federal Contract Tower,4,9,36,11,60,0,0,51,6,57,4,9,87,17,117,136,20,156,273
08/04/2023,SJT,TX,ASW,CE,Federal Contract Tower,4,9,15,22,50,0,0,55,5,60,4,9,70,27,110,58,28,86,196
08/05/2023,SJT,TX,ASW,CE,Federal Contract Tower,4,4,14,0,22,0,1,45,0,46,4,5,59,0,68,36,0,36,104
08/06/2023,SJT,TX,ASW,CE,Federal Contract Tower,4,3,17,0,24,0,0,28,0,28,4,3,45,0,52,50,0,50,102
08/07/2023,SJT,TX,ASW,CE,Federal Contract Tower,4,4,21,17,46,0,0,45,4,49,4,4,66,21,95,46,22,68,163
08/08/2023,SJT,TX,ASW,CE,Federal Contract Tower,4,8,15,29,56,0,0,42,16,58,4,8,57,45,114,76,36,112,226
08/09/2023,SJT,TX,ASW,CE,Federal Contract Tower,4,8,21,17,50,0,0,27,10,37,4,8,48,27,87,38,54,92,179
08/10/2023,SJT,TX,ASW,CE,Federal Contract Tower,5,11,26,8,50,0,0,35,2,37,5,11,61,10,87,74,16,90,177
08/11/2023,SJT,TX,ASW,CE,Federal Contract Tower,4,10,27,21,62,0,0,50,1,51,4,10,77,22,113,78,30,108,221
08/12/2023,SJT,TX,ASW,CE,Federal Contract Tower,4,5,7,0,16,0,0,52,0,52,4,5,59,0,68,40,0,40,108
08/13/2023,SJT,TX,ASW,CE,Federal Contract Tower,4,5,26,0,35,0,0,46,0,46,4,5,72,0,81,86,0,86,167
08/14/2023,SJT,TX,ASW,CE,Federal Contract Tower,4,9,16,8,37,0,0,49,5,54,4,9,65,13,91,52,14,66,157
08/15/2023,SJT,TX,ASW,CE,Federal Contract Tower,4,9,20,3,36,0,0,71,6,77,4,9,91,9,113,178,12,190,303
08/16/2023,SJT,TX,ASW,CE,Federal Contract Tower,4,7,26,16,53,0,0,82,1,83,4,7,108,17,136,112,16,128,264
08/17/2023,SJT,TX,ASW,CE,Federal Contract Tower,4,3,22,9,38,0,2,68,9,79,4,5,90,18,117,102,32,134,251
08/18/2023,SJT,TX,ASW,CE,Federal Contract Tower,4,11,24,14,53,0,0,42,7,49,4,11,66,21,102,28,22,50,152
08/19/2023,SJT,TX,ASW,CE,Federal Contract Tower,4,3,21,3,31,0,2,27,0,29,4,5,48,3,60,18,0,18,78
08/20/2023,SJT,TX,ASW,CE,Federal Contract Tower,4,4,8,13,29,0,0,16,10,26,4,4,24,23,55,20,20,40,95
08/21/2023,SJT,TX,ASW,CE,Federal Contract Tower,4,2,14,24,44,0,0,54,11,65,4,2,68,35,109,10,38,48,157
08/22/2023,SJT,TX,ASW,CE,Federal Contract Tower,4,5,23,16,48,0,0,83,5,88,4,5,106,21,136,116,44,160,296
08/23/2023,SJT,TX,ASW,CE,Federal Contract Tower,4,8,18,37,67,0,0,63,6,69,4,8,81,43,136,90,80,170,306
08/24/2023,SJT,TX,ASW,CE,Federal Contract Tower,4,6,25,23,58,0,0,85,10,95,4,6,110,33,153,150,42,192,345
08/25/2023,SJT,TX,ASW,CE,Federal Contract Tower,5,9,11,29,54,1,0,47,15,63,6,9,58,44,117,32,54,86,203
08/26/2023,SJT,TX,ASW,CE,Federal Contract Tower,4,3,7,7,21,0,0,52,1,53,4,3,59,8,74,20,14,34,108
08/27/2023,SJT,TX,ASW,CE,Federal Contract Tower,4,1,4,24,33,0,0,42,8,50,4,1,46,32,83,8,58,66,149
08/28/2023,SJT,TX,ASW,CE,Federal Contract Tower,4,5,18,8,35,0,0,30,2,32,4,5,48,10,67,42,18,60,127
08/29/2023,SJT,TX,ASW,CE,Federal Contract Tower,4,5,18,10,37,0,0,55,14,69,4,5,73,24,106,114,38,152,258
08/30/2023,SJT,TX,ASW,CE,Federal Contract Tower,8,11,27,9,55,0,0,57,0,57,8,11,84,9,112,64,8,72,184
08/31/2023,SJT,TX,ASW,CE,Federal Contract Tower,3,10,20,11,44,0,0,66,20,86,3,10,86,31,130,84,46,130,260
