01/01/2020,SJU,PR,ASO,ES,Towers with Radar,208,67,8,0,283,0,135,14,0,149,208,202,22,0,432,0,0,0,432
01/02/2020,SJU,PR,ASO,ES,Towers with Radar,236,108,42,1,387,0,170,30,1,201,236,278,72,2,588,0,0,0,588
01/03/2020,SJU,PR,ASO,ES,Towers with Radar,237,159,38,0,434,0,129,40,0,169,237,288,78,0,603,0,0,0,603
01/04/2020,SJU,PR,ASO,ES,Towers with Radar,270,86,50,9,415,0,191,73,0,264,270,277,123,9,679,0,0,0,679
01/05/2020,SJU,PR,ASO,ES,Towers with Radar,247,83,37,1,368,0,161,28,0,189,247,244,65,1,557,0,0,0,557
01/06/2020,SJU,PR,ASO,ES,Towers with Radar,232,83,13,11,339,0,113,25,2,140,232,196,38,13,479,0,0,0,479
01/07/2020,SJU,PR,ASO,ES,Towers with Radar,222,87,19,5,333,0,120,27,0,147,222,207,46,5,480,1,0,1,481
01/08/2020,SJU,PR,ASO,ES,Towers with Radar,233,94,13,12,352,0,108,21,3,132,233,202,34,15,484,0,0,0,484
01/09/2020,SJU,PR,ASO,ES,Towers with Radar,242,105,44,2,393,0,117,34,0,151,242,222,78,2,544,0,1,1,545
01/10/2020,SJU,PR,ASO,ES,Towers with Radar,228,104,12,0,344,0,119,21,3,143,228,223,33,3,487,0,0,0,487
01/11/2020,SJU,PR,ASO,ES,Towers with Radar,249,56,21,0,326,0,131,15,1,147,249,187,36,1,473,0,0,0,473
01/12/2020,SJU,PR,ASO,ES,Towers with Radar,239,59,16,0,314,0,107,15,0,122,239,166,31,0,436,0,0,0,436
01/13/2020,SJU,PR,ASO,ES,Towers with Radar,217,97,22,0,336,0,100,21,1,122,217,197,43,1,458,0,0,0,458
01/14/2020,SJU,PR,ASO,ES,Towers with Radar,219,102,22,1,344,0,110,27,0,137,219,212,49,1,481,0,0,0,481
01/15/2020,SJU,PR,ASO,ES,Towers with Radar,210,104,11,3,328,0,113,22,3,138,210,217,33,6,466,2,0,2,468
01/16/2020,SJU,PR,ASO,ES,Towers with Radar,207,104,25,3,339,0,122,27,1,150,207,226,52,4,489,0,0,0,489
01/17/2020,SJU,PR,ASO,ES,Towers with Radar,228,97,13,0,338,0,140,18,3,161,228,237,31,3,499,0,1,1,500
01/18/2020,SJU,PR,ASO,ES,Towers with Radar,248,69,14,3,334,0,116,30,0,146,248,185,44,3,480,0,0,0,480
01/19/2020,SJU,PR,ASO,ES,Towers with Radar,230,75,12,1,318,8,83,9,2,102,238,158,21,3,420,0,0,0,420
01/20/2020,SJU,PR,ASO,ES,Towers with Radar,224,114,27,1,366,15,112,20,2,149,239,226,47,3,515,0,0,0,515
01/21/2020,SJU,PR,ASO,ES,Towers with Radar,203,96,18,2,319,0,126,19,2,147,203,222,37,4,466,0,0,0,466
01/22/2020,SJU,PR,ASO,ES,Towers with Radar,218,94,18,6,336,0,139,25,2,166,218,233,43,8,502,10,0,10,512
01/23/2020,SJU,PR,ASO,ES,Towers with Radar,214,100,9,4,327,0,94,15,0,109,214,194,24,4,436,0,0,0,436
01/24/2020,SJU,PR,ASO,ES,Towers with Radar,216,133,16,2,367,0,116,23,3,142,216,249,39,5,509,0,0,0,509
01/25/2020,SJU,PR,ASO,ES,Towers with Radar,215,69,6,2,292,0,106,26,0,132,215,175,32,2,424,6,0,6,430
01/26/2020,SJU,PR,ASO,ES,Towers with Radar,214,57,13,6,290,0,114,11,2,127,214,171,24,8,417,0,0,0,417
01/27/2020,SJU,PR,ASO,ES,Towers with Radar,216,104,15,3,338,0,117,16,3,136,216,221,31,6,474,0,0,0,474
01/28/2020,SJU,PR,ASO,ES,Towers with Radar,199,85,27,7,318,0,115,21,3,139,199,200,48,10,457,20,0,20,477
01/29/2020,SJU,PR,ASO,ES,Towers with Radar,200,85,20,15,320,0,135,15,5,155,200,220,35,20,475,0,0,0,475
01/30/2020,SJU,PR,ASO,ES,Towers with Radar,191,111,29,1,332,0,145,24,0,169,191,256,53,1,501,10,0,10,511
01/31/2020,SJU,PR,ASO,ES,Towers with Radar,219,95,35,1,350,0,141,31,1,173,219,236,66,2,523,4,0,4,527
02/01/2020,SJU,PR,ASO,ES,Towers with Radar,239,49,22,3,313,0,130,34,3,167,239,179,56,6,480,0,0,0,480
02/02/2020,SJU,PR,ASO,ES,Towers with Radar,228,46,19,0,293,0,116,17,1,134,228,162,36,1,427,0,0,0,427
02/03/2020,SJU,PR,ASO,ES,Towers with Radar,206,95,39,2,342,0,141,25,0,166,206,236,64,2,508,0,0,0,508
02/04/2020,SJU,PR,ASO,ES,Towers with Radar,208,88,17,1,314,0,121,23,1,145,208,209,40,2,459,0,0,0,459
02/05/2020,SJU,PR,ASO,ES,Towers with Radar,195,87,20,2,304,0,138,23,1,162,195,225,43,3,466,2,0,2,468
02/06/2020,SJU,PR,ASO,ES,Towers with Radar,201,104,33,1,339,0,131,33,1,165,201,235,66,2,504,12,0,12,516
02/07/2020,SJU,PR,ASO,ES,Towers with Radar,207,109,24,2,342,0,144,22,0,166,207,253,46,2,508,13,0,13,521
02/08/2020,SJU,PR,ASO,ES,Towers with Radar,222,59,10,5,296,0,145,19,0,164,222,204,29,5,460,0,0,0,460
02/09/2020,SJU,PR,ASO,ES,Towers with Radar,221,53,14,2,290,12,121,17,4,154,233,174,31,6,444,0,0,0,444
02/10/2020,SJU,PR,ASO,ES,Towers with Radar,198,113,17,1,329,0,139,11,4,154,198,252,28,5,483,0,0,0,483
02/11/2020,SJU,PR,ASO,ES,Towers with Radar,194,89,19,0,302,0,118,30,5,153,194,207,49,5,455,0,0,0,455
02/12/2020,SJU,PR,ASO,ES,Towers with Radar,201,99,18,4,322,0,121,18,5,144,201,220,36,9,466,0,0,0,466
02/13/2020,SJU,PR,ASO,ES,Towers with Radar,202,123,27,2,354,0,148,29,2,179,202,271,56,4,533,0,0,0,533
02/14/2020,SJU,PR,ASO,ES,Towers with Radar,205,123,29,0,357,0,127,44,0,171,205,250,73,0,528,0,0,0,528
02/15/2020,SJU,PR,ASO,ES,Towers with Radar,220,63,22,1,306,0,150,41,0,191,220,213,63,1,497,0,0,0,497
02/16/2020,SJU,PR,ASO,ES,Towers with Radar,217,72,17,2,308,0,115,15,1,131,217,187,32,3,439,0,0,0,439
02/17/2020,SJU,PR,ASO,ES,Towers with Radar,201,115,19,3,338,0,145,8,0,153,201,260,27,3,491,0,0,0,491
02/18/2020,SJU,PR,ASO,ES,Towers with Radar,187,120,21,6,334,0,135,19,4,158,187,255,40,10,492,2,0,2,494
02/19/2020,SJU,PR,ASO,ES,Towers with Radar,204,93,23,1,321,0,121,32,1,154,204,214,55,2,475,0,0,0,475
02/20/2020,SJU,PR,ASO,ES,Towers with Radar,203,108,22,3,336,0,141,23,3,167,203,249,45,6,503,0,0,0,503
02/21/2020,SJU,PR,ASO,ES,Towers with Radar,202,86,16,2,306,0,156,24,4,184,202,242,40,6,490,0,0,0,490
02/22/2020,SJU,PR,ASO,ES,Towers with Radar,230,56,24,4,314,0,140,40,3,183,230,196,64,7,497,0,0,0,497
02/23/2020,SJU,PR,ASO,ES,Towers with Radar,231,67,22,3,323,11,116,20,2,149,242,183,42,5,472,0,0,0,472
02/24/2020,SJU,PR,ASO,ES,Towers with Radar,196,135,19,5,355,0,75,9,7,91,196,210,28,12,446,0,0,0,446
02/25/2020,SJU,PR,ASO,ES,Towers with Radar,201,146,29,1,377,0,51,8,1,60,201,197,37,2,437,0,0,0,437
02/26/2020,SJU,PR,ASO,ES,Towers with Radar,195,111,37,10,353,0,127,17,3,147,195,238,54,13,500,0,0,0,500
02/27/2020,SJU,PR,ASO,ES,Towers with Radar,216,93,23,2,334,0,166,30,3,199,216,259,53,5,533,0,0,0,533
02/28/2020,SJU,PR,ASO,ES,Towers with Radar,207,92,22,5,326,0,130,41,0,171,207,222,63,5,497,0,0,0,497
02/29/2020,SJU,PR,ASO,ES,Towers with Radar,231,57,25,4,317,0,178,33,2,213,231,235,58,6,530,0,0,0,530
03/01/2020,SJU,PR,ASO,ES,Towers with Radar,233,48,27,3,311,0,266,17,0,283,233,314,44,3,594,0,0,0,594
03/02/2020,SJU,PR,ASO,ES,Towers with Radar,198,108,20,2,328,0,136,9,1,146,198,244,29,3,474,0,0,0,474
03/03/2020,SJU,PR,ASO,ES,Towers with Radar,202,99,26,1,328,0,141,10,0,151,202,240,36,1,479,4,0,4,483
03/04/2020,SJU,PR,ASO,ES,Towers with Radar,210,93,31,13,347,0,130,30,3,163,210,223,61,16,510,0,0,0,510
03/05/2020,SJU,PR,ASO,ES,Towers with Radar,202,98,13,0,313,0,110,14,1,125,202,208,27,1,438,5,0,5,443
03/06/2020,SJU,PR,ASO,ES,Towers with Radar,216,101,22,0,339,0,142,11,0,153,216,243,33,0,492,0,0,0,492
03/07/2020,SJU,PR,ASO,ES,Towers with Radar,240,62,26,2,330,0,102,18,0,120,240,164,44,2,450,0,0,0,450
03/08/2020,SJU,PR,ASO,ES,Towers with Radar,239,71,14,1,325,0,88,8,1,97,239,159,22,2,422,7,0,7,429
03/09/2020,SJU,PR,ASO,ES,Towers with Radar,223,155,40,0,418,0,68,8,0,76,223,223,48,0,494,0,0,0,494
03/10/2020,SJU,PR,ASO,ES,Towers with Radar,217,98,32,0,347,0,108,21,0,129,217,206,53,0,476,0,0,0,476
03/11/2020,SJU,PR,ASO,ES,Towers with Radar,236,89,16,10,351,0,110,26,0,136,236,199,42,10,487,0,0,0,487
03/12/2020,SJU,PR,ASO,ES,Towers with Radar,214,107,22,0,343,0,108,13,0,121,214,215,35,0,464,6,0,6,470
03/13/2020,SJU,PR,ASO,ES,Towers with Radar,204,100,32,0,336,0,135,33,3,171,204,235,65,3,507,0,0,0,507
03/14/2020,SJU,PR,ASO,ES,Towers with Radar,259,66,26,0,351,0,135,20,0,155,259,201,46,0,506,0,0,0,506
03/15/2020,SJU,PR,ASO,ES,Towers with Radar,245,71,36,0,352,0,152,21,0,173,245,223,57,0,525,0,0,0,525
03/16/2020,SJU,PR,ASO,ES,Towers with Radar,209,113,30,3,355,0,115,15,0,130,209,228,45,3,485,2,0,2,487
03/17/2020,SJU,PR,ASO,ES,Towers with Radar,229,112,28,3,372,0,122,20,2,144,229,234,48,5,516,0,0,0,516
03/18/2020,SJU,PR,ASO,ES,Towers with Radar,212,99,20,1,332,0,104,20,0,124,212,203,40,1,456,0,0,0,456
03/19/2020,SJU,PR,ASO,ES,Towers with Radar,227,112,16,3,358,0,123,21,1,145,227,235,37,4,503,0,0,0,503
03/20/2020,SJU,PR,ASO,ES,Towers with Radar,192,96,25,6,319,0,125,18,2,145,192,221,43,8,464,6,0,6,470
03/21/2020,SJU,PR,ASO,ES,Towers with Radar,189,60,23,2,274,0,92,17,0,109,189,152,40,2,383,0,0,0,383
03/22/2020,SJU,PR,ASO,ES,Towers with Radar,203,44,18,7,272,0,45,8,1,54,203,89,26,8,326,0,0,0,326
03/23/2020,SJU,PR,ASO,ES,Towers with Radar,163,79,9,1,252,0,38,2,0,40,163,117,11,1,292,0,0,0,292
03/24/2020,SJU,PR,ASO,ES,Towers with Radar,167,91,12,3,273,0,54,4,1,59,167,145,16,4,332,4,0,4,336
03/25/2020,SJU,PR,ASO,ES,Towers with Radar,150,73,8,0,231,0,44,10,2,56,150,117,18,2,287,5,0,5,292
03/26/2020,SJU,PR,ASO,ES,Towers with Radar,142,73,6,1,222,0,50,7,1,58,142,123,13,2,280,0,0,0,280
03/27/2020,SJU,PR,ASO,ES,Towers with Radar,117,70,9,2,198,0,35,12,2,49,117,105,21,4,247,0,0,0,247
03/28/2020,SJU,PR,ASO,ES,Towers with Radar,117,24,6,3,150,0,30,2,3,35,117,54,8,6,185,0,0,0,185
03/29/2020,SJU,PR,ASO,ES,Towers with Radar,93,20,9,0,122,0,27,6,1,34,93,47,15,1,156,0,0,0,156
03/30/2020,SJU,PR,ASO,ES,Towers with Radar,83,63,13,8,167,0,33,8,1,42,83,96,21,9,209,0,17,17,226
03/31/2020,SJU,PR,ASO,ES,Towers with Radar,91,54,4,1,150,0,35,11,1,47,91,89,15,2,197,0,0,0,197
04/01/2020,SJU,PR,ASO,ES,Towers with Radar,102,51,8,0,161,0,39,13,0,52,102,90,21,0,213,0,0,0,213
04/02/2020,SJU,PR,ASO,ES,Towers with Radar,97,54,3,1,155,0,37,12,2,51,97,91,15,3,206,0,0,0,206
04/03/2020,SJU,PR,ASO,ES,Towers with Radar,94,66,8,0,168,0,28,14,0,42,94,94,22,0,210,0,0,0,210
04/04/2020,SJU,PR,ASO,ES,Towers with Radar,81,24,6,4,115,0,29,4,0,33,81,53,10,4,148,0,0,0,148
04/05/2020,SJU,PR,ASO,ES,Towers with Radar,74,23,5,0,102,0,21,5,0,26,74,44,10,0,128,0,0,0,128
04/06/2020,SJU,PR,ASO,ES,Towers with Radar,65,45,4,8,122,0,27,7,0,34,65,72,11,8,156,0,0,0,156
04/07/2020,SJU,PR,ASO,ES,Towers with Radar,70,68,4,0,142,0,23,2,0,25,70,91,6,0,167,0,0,0,167
04/08/2020,SJU,PR,ASO,ES,Towers with Radar,71,68,6,0,145,6,22,3,0,31,77,90,9,0,176,0,0,0,176
04/09/2020,SJU,PR,ASO,ES,Towers with Radar,73,59,7,1,140,0,49,19,0,68,73,108,26,1,208,0,0,0,208
04/10/2020,SJU,PR,ASO,ES,Towers with Radar,69,17,6,0,92,3,26,1,0,30,72,43,7,0,122,0,0,0,122
04/11/2020,SJU,PR,ASO,ES,Towers with Radar,63,21,11,2,97,0,35,3,1,39,63,56,14,3,136,0,0,0,136
04/12/2020,SJU,PR,ASO,ES,Towers with Radar,51,14,2,0,67,3,18,2,0,23,54,32,4,0,90,0,0,0,90
04/13/2020,SJU,PR,ASO,ES,Towers with Radar,52,31,12,1,96,0,24,6,1,31,52,55,18,2,127,0,0,0,127
04/14/2020,SJU,PR,ASO,ES,Towers with Radar,57,47,3,7,114,0,24,7,7,38,57,71,10,14,152,0,0,0,152
04/15/2020,SJU,PR,ASO,ES,Towers with Radar,59,45,10,6,120,0,32,10,7,49,59,77,20,13,169,0,0,0,169
04/16/2020,SJU,PR,ASO,ES,Towers with Radar,55,60,3,2,120,0,20,13,0,33,55,80,16,2,153,0,0,0,153
04/17/2020,SJU,PR,ASO,ES,Towers with Radar,56,40,7,1,104,0,35,10,0,45,56,75,17,1,149,0,0,0,149
04/18/2020,SJU,PR,ASO,ES,Towers with Radar,62,17,14,0,93,0,28,7,1,36,62,45,21,1,129,3,0,3,132
04/19/2020,SJU,PR,ASO,ES,Towers with Radar,39,15,4,10,68,0,31,5,3,39,39,46,9,13,107,0,0,0,107
04/20/2020,SJU,PR,ASO,ES,Towers with Radar,35,58,8,9,110,0,46,13,0,59,35,104,21,9,169,0,0,0,169
04/21/2020,SJU,PR,ASO,ES,Towers with Radar,53,60,4,0,117,0,44,15,0,59,53,104,19,0,176,13,0,13,189
04/22/2020,SJU,PR,ASO,ES,Towers with Radar,51,48,3,0,102,2,36,13,1,52,53,84,16,1,154,4,0,4,158
04/23/2020,SJU,PR,ASO,ES,Towers with Radar,56,61,10,5,132,0,35,29,2,66,56,96,39,7,198,4,0,4,202
04/24/2020,SJU,PR,ASO,ES,Towers with Radar,57,51,2,8,118,0,38,7,2,47,57,89,9,10,165,0,0,0,165
04/25/2020,SJU,PR,ASO,ES,Towers with Radar,55,20,8,2,85,0,24,8,0,32,55,44,16,2,117,0,0,0,117
04/26/2020,SJU,PR,ASO,ES,Towers with Radar,46,17,4,1,68,0,27,0,1,28,46,44,4,2,96,0,0,0,96
04/27/2020,SJU,PR,ASO,ES,Towers with Radar,36,62,4,8,110,0,33,9,3,45,36,95,13,11,155,0,0,0,155
04/28/2020,SJU,PR,ASO,ES,Towers with Radar,60,42,19,2,123,0,38,19,1,58,60,80,38,3,181,0,0,0,181
04/29/2020,SJU,PR,ASO,ES,Towers with Radar,55,42,13,13,123,0,32,20,9,61,55,74,33,22,184,0,0,0,184
04/30/2020,SJU,PR,ASO,ES,Towers with Radar,77,79,17,0,173,0,36,30,0,66,77,115,47,0,239,0,0,0,239
05/01/2020,SJU,PR,ASO,ES,Towers with Radar,56,48,7,0,111,0,38,24,0,62,56,86,31,0,173,2,0,2,175
05/02/2020,SJU,PR,ASO,ES,Towers with Radar,61,17,12,0,90,0,32,17,0,49,61,49,29,0,139,0,1,1,140
05/03/2020,SJU,PR,ASO,ES,Towers with Radar,43,18,3,1,65,0,37,2,1,40,43,55,5,2,105,0,0,0,105
05/04/2020,SJU,PR,ASO,ES,Towers with Radar,35,66,12,7,120,0,39,8,1,48,35,105,20,8,168,0,0,0,168
05/05/2020,SJU,PR,ASO,ES,Towers with Radar,48,59,13,3,123,0,47,12,5,64,48,106,25,8,187,3,0,3,190
05/06/2020,SJU,PR,ASO,ES,Towers with Radar,47,51,7,0,105,0,69,13,1,83,47,120,20,1,188,0,0,0,188
05/07/2020,SJU,PR,ASO,ES,Towers with Radar,52,68,15,1,136,0,62,9,1,72,52,130,24,2,208,28,0,28,236
05/08/2020,SJU,PR,ASO,ES,Towers with Radar,52,52,8,0,112,0,52,11,2,65,52,104,19,2,177,2,0,2,179
05/09/2020,SJU,PR,ASO,ES,Towers with Radar,52,14,10,1,77,0,25,10,0,35,52,39,20,1,112,0,0,0,112
05/10/2020,SJU,PR,ASO,ES,Towers with Radar,54,30,5,0,89,0,32,2,0,34,54,62,7,0,123,0,0,0,123
05/11/2020,SJU,PR,ASO,ES,Towers with Radar,46,78,6,2,132,0,61,35,2,98,46,139,41,4,230,8,0,8,238
05/12/2020,SJU,PR,ASO,ES,Towers with Radar,43,54,8,1,106,0,48,15,2,65,43,102,23,3,171,0,0,0,171
05/13/2020,SJU,PR,ASO,ES,Towers with Radar,51,57,12,0,120,0,34,18,0,52,51,91,30,0,172,0,0,0,172
05/14/2020,SJU,PR,ASO,ES,Towers with Radar,65,57,11,1,134,4,43,14,0,61,69,100,25,1,195,0,0,0,195
05/15/2020,SJU,PR,ASO,ES,Towers with Radar,65,71,10,0,146,0,40,23,0,63,65,111,33,0,209,0,0,0,209
05/16/2020,SJU,PR,ASO,ES,Towers with Radar,51,21,7,0,79,0,25,18,0,43,51,46,25,0,122,0,0,0,122
05/17/2020,SJU,PR,ASO,ES,Towers with Radar,43,8,7,0,58,0,26,10,2,38,43,34,17,2,96,5,0,5,101
05/18/2020,SJU,PR,ASO,ES,Towers with Radar,38,74,19,1,132,0,50,20,0,70,38,124,39,1,202,0,0,0,202
05/19/2020,SJU,PR,ASO,ES,Towers with Radar,46,51,8,2,107,0,61,18,4,83,46,112,26,6,190,0,0,0,190
05/20/2020,SJU,PR,ASO,ES,Towers with Radar,48,58,8,0,114,0,46,15,1,62,48,104,23,1,176,4,0,4,180
05/21/2020,SJU,PR,ASO,ES,Towers with Radar,69,61,20,0,150,0,50,15,1,66,69,111,35,1,216,0,0,0,216
05/22/2020,SJU,PR,ASO,ES,Towers with Radar,62,73,13,0,148,0,62,9,0,71,62,135,22,0,219,0,0,0,219
05/23/2020,SJU,PR,ASO,ES,Towers with Radar,48,27,13,0,88,0,43,14,0,57,48,70,27,0,145,0,0,0,145
05/24/2020,SJU,PR,ASO,ES,Towers with Radar,44,26,10,0,80,0,41,2,0,43,44,67,12,0,123,0,0,0,123
05/25/2020,SJU,PR,ASO,ES,Towers with Radar,45,59,19,1,124,0,56,15,0,71,45,115,34,1,195,1,1,2,197
05/26/2020,SJU,PR,ASO,ES,Towers with Radar,36,85,15,1,137,0,58,12,0,70,36,143,27,1,207,0,0,0,207
05/27/2020,SJU,PR,ASO,ES,Towers with Radar,54,53,18,4,129,0,46,10,2,58,54,99,28,6,187,0,0,0,187
05/28/2020,SJU,PR,ASO,ES,Towers with Radar,71,72,16,1,160,0,48,7,1,56,71,120,23,2,216,0,0,0,216
05/29/2020,SJU,PR,ASO,ES,Towers with Radar,67,76,21,0,164,0,69,19,0,88,67,145,40,0,252,0,0,0,252
05/30/2020,SJU,PR,ASO,ES,Towers with Radar,57,29,9,0,95,0,56,7,0,63,57,85,16,0,158,0,0,0,158
05/31/2020,SJU,PR,ASO,ES,Towers with Radar,54,16,11,4,85,0,49,1,4,54,54,65,12,8,139,0,0,0,139
06/01/2020,SJU,PR,ASO,ES,Towers with Radar,68,46,25,0,139,0,50,14,0,64,68,96,39,0,203,1,0,1,204
06/02/2020,SJU,PR,ASO,ES,Towers with Radar,70,56,16,1,143,0,53,23,1,77,70,109,39,2,220,0,0,0,220
06/03/2020,SJU,PR,ASO,ES,Towers with Radar,83,54,11,1,149,0,60,23,1,84,83,114,34,2,233,0,0,0,233
06/04/2020,SJU,PR,ASO,ES,Towers with Radar,89,68,7,3,167,0,63,16,1,80,89,131,23,4,247,4,0,4,251
06/05/2020,SJU,PR,ASO,ES,Towers with Radar,102,93,12,3,210,0,53,15,3,71,102,146,27,6,281,0,0,0,281
06/06/2020,SJU,PR,ASO,ES,Towers with Radar,83,15,6,0,104,0,47,11,0,58,83,62,17,0,162,0,0,0,162
06/07/2020,SJU,PR,ASO,ES,Towers with Radar,82,21,20,0,123,0,45,8,2,55,82,66,28,2,178,0,0,0,178
06/08/2020,SJU,PR,ASO,ES,Towers with Radar,72,83,15,0,170,0,67,14,0,81,72,150,29,0,251,0,0,0,251
06/09/2020,SJU,PR,ASO,ES,Towers with Radar,75,54,10,2,141,0,69,13,3,85,75,123,23,5,226,0,0,0,226
06/10/2020,SJU,PR,ASO,ES,Towers with Radar,84,56,10,25,175,0,43,15,5,63,84,99,25,30,238,0,0,0,238
06/11/2020,SJU,PR,ASO,ES,Towers with Radar,110,60,10,0,180,0,48,6,2,56,110,108,16,2,236,0,0,0,236
06/12/2020,SJU,PR,ASO,ES,Towers with Radar,105,70,18,7,200,0,51,21,1,73,105,121,39,8,273,0,0,0,273
06/13/2020,SJU,PR,ASO,ES,Towers with Radar,88,18,14,1,121,7,41,8,4,60,95,59,22,5,181,0,0,0,181
06/14/2020,SJU,PR,ASO,ES,Towers with Radar,90,20,10,1,121,0,46,13,0,59,90,66,23,1,180,0,0,0,180
06/15/2020,SJU,PR,ASO,ES,Towers with Radar,84,83,16,7,190,0,65,11,0,76,84,148,27,7,266,0,0,0,266
06/16/2020,SJU,PR,ASO,ES,Towers with Radar,88,55,29,0,172,0,52,5,0,57,88,107,34,0,229,0,0,0,229
06/17/2020,SJU,PR,ASO,ES,Towers with Radar,86,59,13,5,163,0,50,14,3,67,86,109,27,8,230,0,0,0,230
06/18/2020,SJU,PR,ASO,ES,Towers with Radar,119,70,19,7,215,0,87,22,2,111,119,157,41,9,326,0,0,0,326
06/19/2020,SJU,PR,ASO,ES,Towers with Radar,110,66,13,3,192,0,73,14,1,88,110,139,27,4,280,2,0,2,282
06/20/2020,SJU,PR,ASO,ES,Towers with Radar,93,21,14,0,128,0,59,13,1,73,93,80,27,1,201,0,0,0,201
06/21/2020,SJU,PR,ASO,ES,Towers with Radar,94,24,14,0,132,0,53,7,2,62,94,77,21,2,194,0,0,0,194
06/22/2020,SJU,PR,ASO,ES,Towers with Radar,101,87,16,1,205,0,73,22,0,95,101,160,38,1,300,0,0,0,300
06/23/2020,SJU,PR,ASO,ES,Towers with Radar,96,89,11,3,199,0,36,12,0,48,96,125,23,3,247,0,0,0,247
06/24/2020,SJU,PR,ASO,ES,Towers with Radar,118,74,24,0,216,0,80,13,0,93,118,154,37,0,309,0,0,0,309
06/25/2020,SJU,PR,ASO,ES,Towers with Radar,131,61,21,3,216,0,72,22,0,94,131,133,43,3,310,0,0,0,310
06/26/2020,SJU,PR,ASO,ES,Towers with Radar,114,79,23,2,218,0,78,14,0,92,114,157,37,2,310,2,0,2,312
06/27/2020,SJU,PR,ASO,ES,Towers with Radar,98,28,24,2,152,0,67,14,2,83,98,95,38,4,235,1,0,1,236
06/28/2020,SJU,PR,ASO,ES,Towers with Radar,106,18,16,1,141,0,61,4,1,66,106,79,20,2,207,0,0,0,207
06/29/2020,SJU,PR,ASO,ES,Towers with Radar,93,64,11,0,168,0,59,6,3,68,93,123,17,3,236,0,0,0,236
06/30/2020,SJU,PR,ASO,ES,Towers with Radar,105,65,19,0,189,0,76,20,0,96,105,141,39,0,285,0,0,0,285
07/01/2020,SJU,PR,ASO,ES,Towers with Radar,117,63,15,5,200,0,68,16,1,85,117,131,31,6,285,6,0,6,291
07/02/2020,SJU,PR,ASO,ES,Towers with Radar,154,74,10,0,238,0,81,17,5,103,154,155,27,5,341,12,0,12,353
07/03/2020,SJU,PR,ASO,ES,Towers with Radar,144,90,18,1,253,0,69,21,3,93,144,159,39,4,346,0,0,0,346
07/04/2020,SJU,PR,ASO,ES,Towers with Radar,123,24,8,2,157,0,64,5,3,72,123,88,13,5,229,0,0,0,229
07/05/2020,SJU,PR,ASO,ES,Towers with Radar,138,21,15,0,174,0,65,13,2,80,138,86,28,2,254,0,0,0,254
07/06/2020,SJU,PR,ASO,ES,Towers with Radar,159,79,14,15,267,0,75,13,2,90,159,154,27,17,357,0,0,0,357
07/07/2020,SJU,PR,ASO,ES,Towers with Radar,167,60,12,0,239,0,80,7,0,87,167,140,19,0,326,0,0,0,326
07/08/2020,SJU,PR,ASO,ES,Towers with Radar,157,69,8,1,235,0,67,11,0,78,157,136,19,1,313,0,0,0,313
07/09/2020,SJU,PR,ASO,ES,Towers with Radar,163,71,26,2,262,0,62,19,0,81,163,133,45,2,343,1,0,1,344
07/10/2020,SJU,PR,ASO,ES,Towers with Radar,167,71,12,3,253,0,75,17,3,95,167,146,29,6,348,2,0,2,350
07/11/2020,SJU,PR,ASO,ES,Towers with Radar,158,19,10,0,187,0,59,10,0,69,158,78,20,0,256,0,0,0,256
07/12/2020,SJU,PR,ASO,ES,Towers with Radar,172,27,25,2,226,0,42,10,0,52,172,69,35,2,278,0,0,0,278
07/13/2020,SJU,PR,ASO,ES,Towers with Radar,163,73,15,0,251,0,68,10,2,80,163,141,25,2,331,0,0,0,331
07/14/2020,SJU,PR,ASO,ES,Towers with Radar,165,57,14,4,240,0,46,16,2,64,165,103,30,6,304,0,0,0,304
07/15/2020,SJU,PR,ASO,ES,Towers with Radar,165,67,11,1,244,0,57,12,3,72,165,124,23,4,316,0,0,0,316
07/16/2020,SJU,PR,ASO,ES,Towers with Radar,177,81,14,1,273,0,63,10,3,76,177,144,24,4,349,4,0,4,353
07/17/2020,SJU,PR,ASO,ES,Towers with Radar,172,80,17,3,272,0,85,25,5,115,172,165,42,8,387,0,0,0,387
07/18/2020,SJU,PR,ASO,ES,Towers with Radar,166,32,14,1,213,0,62,10,2,74,166,94,24,3,287,0,0,0,287
07/19/2020,SJU,PR,ASO,ES,Towers with Radar,155,13,12,2,182,0,61,6,1,68,155,74,18,3,250,4,0,4,254
07/20/2020,SJU,PR,ASO,ES,Towers with Radar,159,72,12,13,256,0,58,13,4,75,159,130,25,17,331,0,0,0,331
07/21/2020,SJU,PR,ASO,ES,Towers with Radar,123,55,10,4,192,0,57,15,1,73,123,112,25,5,265,0,0,0,265
07/22/2020,SJU,PR,ASO,ES,Towers with Radar,173,60,22,3,258,0,58,8,1,67,173,118,30,4,325,0,0,0,325
07/23/2020,SJU,PR,ASO,ES,Towers with Radar,168,86,9,2,265,0,53,12,2,67,168,139,21,4,332,0,0,0,332
07/24/2020,SJU,PR,ASO,ES,Towers with Radar,176,90,8,0,274,0,59,9,3,71,176,149,17,3,345,0,0,0,345
07/25/2020,SJU,PR,ASO,ES,Towers with Radar,157,35,13,10,215,0,53,13,0,66,157,88,26,10,281,0,0,0,281
07/26/2020,SJU,PR,ASO,ES,Towers with Radar,147,27,19,5,198,0,53,8,1,62,147,80,27,6,260,0,0,0,260
07/27/2020,SJU,PR,ASO,ES,Towers with Radar,147,70,15,2,234,0,68,15,2,85,147,138,30,4,319,0,0,0,319
07/28/2020,SJU,PR,ASO,ES,Towers with Radar,150,63,22,3,238,0,67,14,2,83,150,130,36,5,321,1,0,1,322
07/29/2020,SJU,PR,ASO,ES,Towers with Radar,149,13,5,2,169,0,24,9,3,36,149,37,14,5,205,0,0,0,205
07/30/2020,SJU,PR,ASO,ES,Towers with Radar,144,42,7,1,194,0,9,0,0,9,144,51,7,1,203,0,0,0,203
07/31/2020,SJU,PR,ASO,ES,Towers with Radar,175,88,14,3,280,0,57,21,1,79,175,145,35,4,359,0,1,1,360
08/01/2020,SJU,PR,ASO,ES,Towers with Radar,163,30,5,0,198,0,49,8,0,57,163,79,13,0,255,0,0,0,255
08/02/2020,SJU,PR,ASO,ES,Towers with Radar,171,20,11,1,203,0,39,8,0,47,171,59,19,1,250,5,0,5,255
08/03/2020,SJU,PR,ASO,ES,Towers with Radar,155,62,17,3,237,0,57,22,3,82,155,119,39,6,319,10,0,10,329
08/04/2020,SJU,PR,ASO,ES,Towers with Radar,148,48,18,1,215,0,55,21,1,77,148,103,39,2,292,0,0,0,292
08/05/2020,SJU,PR,ASO,ES,Towers with Radar,166,76,23,3,268,0,54,12,2,68,166,130,35,5,336,14,0,14,350
08/06/2020,SJU,PR,ASO,ES,Towers with Radar,151,82,15,1,249,0,62,15,3,80,151,144,30,4,329,0,0,0,329
08/07/2020,SJU,PR,ASO,ES,Towers with Radar,168,63,10,14,255,0,64,18,1,83,168,127,28,15,338,0,0,0,338
08/08/2020,SJU,PR,ASO,ES,Towers with Radar,149,36,7,5,197,0,55,9,2,66,149,91,16,7,263,6,0,6,269
08/09/2020,SJU,PR,ASO,ES,Towers with Radar,129,32,8,6,175,0,52,9,1,62,129,84,17,7,237,0,0,0,237
08/10/2020,SJU,PR,ASO,ES,Towers with Radar,136,72,17,1,226,0,66,13,4,83,136,138,30,5,309,0,0,0,309
08/11/2020,SJU,PR,ASO,ES,Towers with Radar,134,59,27,15,235,0,42,26,6,74,134,101,53,21,309,0,0,0,309
08/12/2020,SJU,PR,ASO,ES,Towers with Radar,131,63,6,17,217,0,55,9,2,66,131,118,15,19,283,8,0,8,291
08/13/2020,SJU,PR,ASO,ES,Towers with Radar,158,76,14,3,251,0,56,13,2,71,158,132,27,5,322,2,0,2,324
08/14/2020,SJU,PR,ASO,ES,Towers with Radar,156,74,20,1,251,0,64,23,0,87,156,138,43,1,338,0,0,0,338
08/15/2020,SJU,PR,ASO,ES,Towers with Radar,142,23,15,3,183,0,43,6,4,53,142,66,21,7,236,2,0,2,238
08/16/2020,SJU,PR,ASO,ES,Towers with Radar,155,23,10,2,190,0,49,8,1,58,155,72,18,3,248,0,0,0,248
08/17/2020,SJU,PR,ASO,ES,Towers with Radar,138,72,7,7,224,0,62,10,7,79,138,134,17,14,303,1,0,1,304
08/18/2020,SJU,PR,ASO,ES,Towers with Radar,143,60,15,3,221,0,54,11,7,72,143,114,26,10,293,0,0,0,293
08/19/2020,SJU,PR,ASO,ES,Towers with Radar,124,66,19,11,220,0,50,16,6,72,124,116,35,17,292,0,0,0,292
08/20/2020,SJU,PR,ASO,ES,Towers with Radar,146,66,12,2,226,0,52,16,4,72,146,118,28,6,298,0,0,0,298
08/21/2020,SJU,PR,ASO,ES,Towers with Radar,147,56,14,2,219,0,59,12,1,72,147,115,26,3,291,0,0,0,291
08/22/2020,SJU,PR,ASO,ES,Towers with Radar,103,0,4,0,107,0,2,0,0,2,103,2,4,0,109,0,0,0,109
08/23/2020,SJU,PR,ASO,ES,Towers with Radar,134,37,5,1,177,0,47,16,0,63,134,84,21,1,240,0,0,0,240
08/24/2020,SJU,PR,ASO,ES,Towers with Radar,132,89,7,2,230,0,46,11,0,57,132,135,18,2,287,2,0,2,289
08/25/2020,SJU,PR,ASO,ES,Towers with Radar,135,66,10,2,213,0,53,12,0,65,135,119,22,2,278,0,0,0,278
08/26/2020,SJU,PR,ASO,ES,Towers with Radar,131,63,14,3,211,0,54,11,0,65,131,117,25,3,276,0,0,0,276
08/27/2020,SJU,PR,ASO,ES,Towers with Radar,142,78,16,6,242,0,42,7,0,49,142,120,23,6,291,0,0,0,291
08/28/2020,SJU,PR,ASO,ES,Towers with Radar,147,76,25,4,252,0,60,16,0,76,147,136,41,4,328,6,0,6,334
08/29/2020,SJU,PR,ASO,ES,Towers with Radar,141,29,6,14,190,0,40,9,1,50,141,69,15,15,240,0,0,0,240
08/30/2020,SJU,PR,ASO,ES,Towers with Radar,136,17,13,5,171,0,33,13,1,47,136,50,26,6,218,0,0,0,218
08/31/2020,SJU,PR,ASO,ES,Towers with Radar,139,70,20,6,235,0,48,19,1,68,139,118,39,7,303,0,0,0,303
09/01/2020,SJU,PR,ASO,ES,Towers with Radar,115,59,26,3,203,0,42,15,3,60,115,101,41,6,263,8,0,8,271
09/02/2020,SJU,PR,ASO,ES,Towers with Radar,139,66,13,10,228,0,61,10,1,72,139,127,23,11,300,0,0,0,300
09/03/2020,SJU,PR,ASO,ES,Towers with Radar,141,76,15,2,234,0,41,11,0,52,141,117,26,2,286,0,0,0,286
09/04/2020,SJU,PR,ASO,ES,Towers with Radar,144,64,19,7,234,0,54,23,1,78,144,118,42,8,312,11,0,11,323
09/05/2020,SJU,PR,ASO,ES,Towers with Radar,128,26,12,7,173,0,44,8,3,55,128,70,20,10,228,0,0,0,228
09/06/2020,SJU,PR,ASO,ES,Towers with Radar,131,33,17,12,193,0,39,6,2,47,131,72,23,14,240,0,0,0,240
09/07/2020,SJU,PR,ASO,ES,Towers with Radar,103,46,16,4,169,0,49,19,1,69,103,95,35,5,238,0,0,0,238
09/08/2020,SJU,PR,ASO,ES,Towers with Radar,102,59,19,4,184,0,63,24,1,88,102,122,43,5,272,0,0,0,272
09/09/2020,SJU,PR,ASO,ES,Towers with Radar,118,62,22,14,216,0,49,16,9,74,118,111,38,23,290,0,0,0,290
09/10/2020,SJU,PR,ASO,ES,Towers with Radar,129,84,17,5,235,0,48,20,5,73,129,132,37,10,308,0,0,0,308
09/11/2020,SJU,PR,ASO,ES,Towers with Radar,130,76,21,6,233,0,48,16,2,66,130,124,37,8,299,0,0,0,299
09/12/2020,SJU,PR,ASO,ES,Towers with Radar,137,26,24,6,193,0,42,32,2,76,137,68,56,8,269,0,0,0,269
09/13/2020,SJU,PR,ASO,ES,Towers with Radar,101,19,9,1,130,0,38,3,1,42,101,57,12,2,172,0,0,0,172
09/14/2020,SJU,PR,ASO,ES,Towers with Radar,119,76,21,19,235,0,58,19,1,78,119,134,40,20,313,0,0,0,313
09/15/2020,SJU,PR,ASO,ES,Towers with Radar,100,70,22,2,194,0,58,20,1,79,100,128,42,3,273,0,0,0,273
09/16/2020,SJU,PR,ASO,ES,Towers with Radar,129,59,18,19,225,0,50,9,3,62,129,109,27,22,287,0,0,0,287
09/17/2020,SJU,PR,ASO,ES,Towers with Radar,121,79,23,0,223,0,59,20,1,80,121,138,43,1,303,0,0,0,303
09/18/2020,SJU,PR,ASO,ES,Towers with Radar,119,70,16,1,206,0,38,19,0,57,119,108,35,1,263,0,0,0,263
09/19/2020,SJU,PR,ASO,ES,Towers with Radar,115,26,14,1,156,0,37,12,0,49,115,63,26,1,205,1,0,1,206
09/20/2020,SJU,PR,ASO,ES,Towers with Radar,109,21,14,0,144,0,32,21,0,53,109,53,35,0,197,0,0,0,197
09/21/2020,SJU,PR,ASO,ES,Towers with Radar,121,83,23,2,229,0,62,13,0,75,121,145,36,2,304,7,0,7,311
09/22/2020,SJU,PR,ASO,ES,Towers with Radar,108,57,15,2,182,0,53,14,0,67,108,110,29,2,249,0,0,0,249
09/23/2020,SJU,PR,ASO,ES,Towers with Radar,119,64,20,2,205,0,48,9,0,57,119,112,29,2,262,2,0,2,264
09/24/2020,SJU,PR,ASO,ES,Towers with Radar,139,80,15,3,237,0,48,20,2,70,139,128,35,5,307,0,0,0,307
09/25/2020,SJU,PR,ASO,ES,Towers with Radar,143,83,7,0,233,0,79,14,1,94,143,162,21,1,327,0,0,0,327
09/26/2020,SJU,PR,ASO,ES,Towers with Radar,118,25,8,0,151,0,51,17,1,69,118,76,25,1,220,7,0,7,227
09/27/2020,SJU,PR,ASO,ES,Towers with Radar,116,22,16,1,155,0,37,2,0,39,116,59,18,1,194,0,0,0,194
09/28/2020,SJU,PR,ASO,ES,Towers with Radar,120,94,12,1,227,0,65,11,0,76,120,159,23,1,303,0,0,0,303
09/29/2020,SJU,PR,ASO,ES,Towers with Radar,128,78,21,2,229,0,76,16,0,92,128,154,37,2,321,0,0,0,321
09/30/2020,SJU,PR,ASO,ES,Towers with Radar,121,60,14,0,195,2,45,14,1,62,123,105,28,1,257,0,0,0,257
10/01/2020,SJU,PR,ASO,ES,Towers with Radar,128,77,24,2,231,0,40,27,0,67,128,117,51,2,298,0,0,0,298
10/02/2020,SJU,PR,ASO,ES,Towers with Radar,135,73,14,3,225,0,62,14,1,77,135,135,28,4,302,0,0,0,302
10/03/2020,SJU,PR,ASO,ES,Towers with Radar,116,28,15,3,162,0,34,17,1,52,116,62,32,4,214,0,0,0,214
10/04/2020,SJU,PR,ASO,ES,Towers with Radar,117,29,6,16,168,0,42,7,0,49,117,71,13,16,217,0,0,0,217
10/05/2020,SJU,PR,ASO,ES,Towers with Radar,124,82,10,8,224,0,44,6,1,51,124,126,16,9,275,0,0,0,275
10/06/2020,SJU,PR,ASO,ES,Towers with Radar,124,73,28,7,232,0,72,37,1,110,124,145,65,8,342,0,0,0,342
10/07/2020,SJU,PR,ASO,ES,Towers with Radar,127,67,24,4,222,0,52,28,3,83,127,119,52,7,305,2,0,2,307
10/08/2020,SJU,PR,ASO,ES,Towers with Radar,146,79,24,1,250,0,53,30,2,85,146,132,54,3,335,0,0,0,335
10/09/2020,SJU,PR,ASO,ES,Towers with Radar,156,64,17,7,244,4,57,20,1,82,160,121,37,8,326,0,0,0,326
10/10/2020,SJU,PR,ASO,ES,Towers with Radar,137,32,10,1,180,0,43,10,1,54,137,75,20,2,234,0,0,0,234
10/11/2020,SJU,PR,ASO,ES,Towers with Radar,116,19,13,2,150,0,49,16,0,65,116,68,29,2,215,2,0,2,217
10/12/2020,SJU,PR,ASO,ES,Towers with Radar,130,65,14,0,209,0,66,17,0,83,130,131,31,0,292,0,0,0,292
10/13/2020,SJU,PR,ASO,ES,Towers with Radar,121,63,25,3,212,0,49,26,2,77,121,112,51,5,289,2,0,2,291
10/14/2020,SJU,PR,ASO,ES,Towers with Radar,128,75,16,6,225,0,58,19,6,83,128,133,35,12,308,0,0,0,308
10/15/2020,SJU,PR,ASO,ES,Towers with Radar,141,89,20,1,251,0,51,21,3,75,141,140,41,4,326,0,0,0,326
10/16/2020,SJU,PR,ASO,ES,Towers with Radar,151,79,22,14,266,0,69,12,2,83,151,148,34,16,349,0,0,0,349
10/17/2020,SJU,PR,ASO,ES,Towers with Radar,136,42,21,1,200,0,58,3,2,63,136,100,24,3,263,0,0,0,263
10/18/2020,SJU,PR,ASO,ES,Towers with Radar,123,40,6,2,171,0,54,9,1,64,123,94,15,3,235,0,0,0,235
10/19/2020,SJU,PR,ASO,ES,Towers with Radar,133,89,13,1,236,0,77,25,2,104,133,166,38,3,340,0,0,0,340
10/20/2020,SJU,PR,ASO,ES,Towers with Radar,124,83,12,4,223,0,73,19,3,95,124,156,31,7,318,0,0,0,318
10/21/2020,SJU,PR,ASO,ES,Towers with Radar,128,96,14,7,245,0,62,17,2,81,128,158,31,9,326,8,0,8,334
10/22/2020,SJU,PR,ASO,ES,Towers with Radar,136,97,14,3,250,0,72,15,0,87,136,169,29,3,337,0,0,0,337
10/23/2020,SJU,PR,ASO,ES,Towers with Radar,137,67,29,2,235,0,70,22,0,92,137,137,51,2,327,0,0,0,327
10/24/2020,SJU,PR,ASO,ES,Towers with Radar,128,31,9,1,169,0,69,14,0,83,128,100,23,1,252,0,0,0,252
10/25/2020,SJU,PR,ASO,ES,Towers with Radar,132,30,19,0,181,0,59,13,0,72,132,89,32,0,253,0,0,0,253
10/26/2020,SJU,PR,ASO,ES,Towers with Radar,145,83,11,7,246,0,76,13,2,91,145,159,24,9,337,0,0,0,337
10/27/2020,SJU,PR,ASO,ES,Towers with Radar,127,80,24,0,231,0,79,14,0,93,127,159,38,0,324,0,2,2,326
10/28/2020,SJU,PR,ASO,ES,Towers with Radar,138,92,15,10,255,0,68,18,4,90,138,160,33,14,345,2,0,2,347
10/29/2020,SJU,PR,ASO,ES,Towers with Radar,150,106,26,2,284,0,55,21,1,77,150,161,47,3,361,0,0,0,361
10/30/2020,SJU,PR,ASO,ES,Towers with Radar,159,79,21,2,261,0,84,25,1,110,159,163,46,3,371,0,0,0,371
10/31/2020,SJU,PR,ASO,ES,Towers with Radar,129,25,11,0,165,0,62,12,0,74,129,87,23,0,239,0,0,0,239
11/01/2020,SJU,PR,ASO,ES,Towers with Radar,130,26,12,0,168,0,63,15,0,78,130,89,27,0,246,0,0,0,246
11/02/2020,SJU,PR,ASO,ES,Towers with Radar,133,79,17,3,232,0,69,10,1,80,133,148,27,4,312,3,0,3,315
11/03/2020,SJU,PR,ASO,ES,Towers with Radar,136,71,14,8,229,0,58,21,2,81,136,129,35,10,310,0,0,0,310
11/04/2020,SJU,PR,ASO,ES,Towers with Radar,132,81,12,2,227,0,51,22,2,75,132,132,34,4,302,0,0,0,302
11/05/2020,SJU,PR,ASO,ES,Towers with Radar,148,89,36,6,279,0,75,30,3,108,148,164,66,9,387,34,0,34,421
11/06/2020,SJU,PR,ASO,ES,Towers with Radar,146,77,17,2,242,0,61,13,0,74,146,138,30,2,316,6,0,6,322
11/07/2020,SJU,PR,ASO,ES,Towers with Radar,136,33,15,1,185,0,57,11,1,69,136,90,26,2,254,0,0,0,254
11/08/2020,SJU,PR,ASO,ES,Towers with Radar,131,44,18,1,194,0,35,7,0,42,131,79,25,1,236,0,0,0,236
11/09/2020,SJU,PR,ASO,ES,Towers with Radar,149,77,15,6,247,0,62,11,3,76,149,139,26,9,323,0,0,0,323
11/10/2020,SJU,PR,ASO,ES,Towers with Radar,146,102,18,0,266,0,42,6,0,48,146,144,24,0,314,0,0,0,314
11/11/2020,SJU,PR,ASO,ES,Towers with Radar,139,120,18,1,278,0,21,1,2,24,139,141,19,3,302,2,0,2,304
11/12/2020,SJU,PR,ASO,ES,Towers with Radar,150,123,36,0,309,0,89,20,4,113,150,212,56,4,422,0,0,0,422
11/13/2020,SJU,PR,ASO,ES,Towers with Radar,164,81,25,0,270,0,78,25,0,103,164,159,50,0,373,20,0,20,393
11/14/2020,SJU,PR,ASO,ES,Towers with Radar,144,47,29,0,220,0,74,13,1,88,144,121,42,1,308,0,0,0,308
11/15/2020,SJU,PR,ASO,ES,Towers with Radar,141,40,19,1,201,0,73,7,0,80,141,113,26,1,281,0,0,0,281
11/16/2020,SJU,PR,ASO,ES,Towers with Radar,145,77,25,1,248,0,79,22,0,101,145,156,47,1,349,0,0,0,349
11/17/2020,SJU,PR,ASO,ES,Towers with Radar,122,87,20,0,229,0,68,22,0,90,122,155,42,0,319,0,0,0,319
11/18/2020,SJU,PR,ASO,ES,Towers with Radar,161,83,20,1,265,0,61,18,0,79,161,144,38,1,344,0,0,0,344
11/19/2020,SJU,PR,ASO,ES,Towers with Radar,165,98,18,1,282,0,73,25,0,98,165,171,43,1,380,0,0,0,380
11/20/2020,SJU,PR,ASO,ES,Towers with Radar,179,87,23,5,294,0,91,18,1,110,179,178,41,6,404,0,0,0,404
11/21/2020,SJU,PR,ASO,ES,Towers with Radar,183,59,26,6,274,0,75,10,2,87,183,134,36,8,361,0,0,0,361
11/22/2020,SJU,PR,ASO,ES,Towers with Radar,160,61,23,1,245,0,56,6,0,62,160,117,29,1,307,0,0,0,307
11/23/2020,SJU,PR,ASO,ES,Towers with Radar,177,94,13,3,287,0,102,16,1,119,177,196,29,4,406,0,0,0,406
11/24/2020,SJU,PR,ASO,ES,Towers with Radar,159,79,28,2,268,0,71,25,3,99,159,150,53,5,367,6,0,6,373
11/25/2020,SJU,PR,ASO,ES,Towers with Radar,159,105,22,3,289,0,90,20,1,111,159,195,42,4,400,0,0,0,400
11/26/2020,SJU,PR,ASO,ES,Towers with Radar,128,47,4,1,180,0,58,4,1,63,128,105,8,2,243,0,0,0,243
11/27/2020,SJU,PR,ASO,ES,Towers with Radar,149,51,22,0,222,0,73,21,0,94,149,124,43,0,316,8,1,9,325
11/28/2020,SJU,PR,ASO,ES,Towers with Radar,182,34,25,0,241,0,75,15,0,90,182,109,40,0,331,0,0,0,331
11/29/2020,SJU,PR,ASO,ES,Towers with Radar,189,37,18,0,244,0,103,9,1,113,189,140,27,1,357,0,0,0,357
11/30/2020,SJU,PR,ASO,ES,Towers with Radar,176,92,24,5,297,0,109,15,2,126,176,201,39,7,423,4,0,4,427
12/01/2020,SJU,PR,ASO,ES,Towers with Radar,168,92,20,5,285,0,93,16,1,110,168,185,36,6,395,9,0,9,404
12/02/2020,SJU,PR,ASO,ES,Towers with Radar,141,80,17,3,241,0,68,17,3,88,141,148,34,6,329,4,0,4,333
12/03/2020,SJU,PR,ASO,ES,Towers with Radar,170,84,24,7,285,0,88,14,1,103,170,172,38,8,388,0,0,0,388
12/04/2020,SJU,PR,ASO,ES,Towers with Radar,167,104,23,7,301,0,84,20,1,105,167,188,43,8,406,0,0,0,406
12/05/2020,SJU,PR,ASO,ES,Towers with Radar,147,61,13,1,222,0,45,8,1,54,147,106,21,2,276,2,0,2,278
12/06/2020,SJU,PR,ASO,ES,Towers with Radar,156,64,22,0,242,0,38,14,0,52,156,102,36,0,294,0,0,0,294
12/07/2020,SJU,PR,ASO,ES,Towers with Radar,160,97,13,0,270,0,76,15,1,92,160,173,28,1,362,0,0,0,362
12/08/2020,SJU,PR,ASO,ES,Towers with Radar,136,91,8,0,235,0,67,19,1,87,136,158,27,1,322,18,0,18,340
12/09/2020,SJU,PR,ASO,ES,Towers with Radar,163,87,25,0,275,0,97,17,2,116,163,184,42,2,391,16,1,17,408
12/10/2020,SJU,PR,ASO,ES,Towers with Radar,171,90,13,0,274,0,73,14,1,88,171,163,27,1,362,5,0,5,367
12/11/2020,SJU,PR,ASO,ES,Towers with Radar,175,91,24,0,290,0,68,22,0,90,175,159,46,0,380,0,0,0,380
12/12/2020,SJU,PR,ASO,ES,Towers with Radar,159,54,7,1,221,0,69,13,0,82,159,123,20,1,303,0,0,0,303
12/13/2020,SJU,PR,ASO,ES,Towers with Radar,163,39,17,0,219,1,63,8,0,72,164,102,25,0,291,0,0,0,291
12/14/2020,SJU,PR,ASO,ES,Towers with Radar,168,96,33,2,299,0,74,17,1,92,168,170,50,3,391,0,0,0,391
12/15/2020,SJU,PR,ASO,ES,Towers with Radar,136,109,24,1,270,0,83,14,1,98,136,192,38,2,368,0,0,0,368
12/16/2020,SJU,PR,ASO,ES,Towers with Radar,147,105,21,7,280,0,60,12,4,76,147,165,33,11,356,0,0,0,356
12/17/2020,SJU,PR,ASO,ES,Towers with Radar,185,97,21,1,304,0,67,9,4,80,185,164,30,5,384,14,0,14,398
12/18/2020,SJU,PR,ASO,ES,Towers with Radar,218,109,30,1,358,0,107,15,0,122,218,216,45,1,480,0,0,0,480
12/19/2020,SJU,PR,ASO,ES,Towers with Radar,217,79,32,6,334,0,93,19,1,113,217,172,51,7,447,0,0,0,447
12/20/2020,SJU,PR,ASO,ES,Towers with Radar,212,58,19,0,289,0,67,7,0,74,212,125,26,0,363,0,0,0,363
12/21/2020,SJU,PR,ASO,ES,Towers with Radar,221,98,29,2,350,0,79,21,3,103,221,177,50,5,453,0,0,0,453
12/22/2020,SJU,PR,ASO,ES,Towers with Radar,211,110,24,4,349,0,92,19,1,112,211,202,43,5,461,6,0,6,467
12/23/2020,SJU,PR,ASO,ES,Towers with Radar,219,100,24,0,343,0,106,29,0,135,219,206,53,0,478,0,0,0,478
12/24/2020,SJU,PR,ASO,ES,Towers with Radar,207,114,11,0,332,0,69,1,0,70,207,183,12,0,402,0,0,0,402
12/25/2020,SJU,PR,ASO,ES,Towers with Radar,153,34,11,0,198,0,67,3,0,70,153,101,14,0,268,6,0,6,274
12/26/2020,SJU,PR,ASO,ES,Towers with Radar,229,49,33,0,311,0,114,19,0,133,229,163,52,0,444,2,0,2,446
12/27/2020,SJU,PR,ASO,ES,Towers with Radar,202,49,36,0,287,0,99,10,0,109,202,148,46,0,396,0,0,0,396
12/28/2020,SJU,PR,ASO,ES,Towers with Radar,200,94,23,0,317,0,93,11,0,104,200,187,34,0,421,10,0,10,431
12/29/2020,SJU,PR,ASO,ES,Towers with Radar,192,94,26,2,314,0,78,15,2,95,192,172,41,4,409,0,0,0,409
12/30/2020,SJU,PR,ASO,ES,Towers with Radar,204,83,29,0,316,0,102,34,2,138,204,185,63,2,454,0,0,0,454
12/31/2020,SJU,PR,ASO,ES,Towers with Radar,199,85,14,2,300,0,62,13,2,77,199,147,27,4,377,0,0,0,377
01/01/2021,SJU,PR,ASO,ES,Towers with Radar,160,45,16,0,221,0,67,0,0,67,160,112,16,0,288,0,0,0,288
01/02/2021,SJU,PR,ASO,ES,Towers with Radar,213,61,41,0,315,0,110,16,1,127,213,171,57,1,442,0,0,0,442
01/03/2021,SJU,PR,ASO,ES,Towers with Radar,194,64,52,0,310,0,107,11,0,118,194,171,63,0,428,0,0,0,428
01/04/2021,SJU,PR,ASO,ES,Towers with Radar,201,123,34,0,358,0,64,13,0,77,201,187,47,0,435,0,0,0,435
01/05/2021,SJU,PR,ASO,ES,Towers with Radar,198,117,28,0,343,0,62,13,0,75,198,179,41,0,418,0,0,0,418
01/06/2021,SJU,PR,ASO,ES,Towers with Radar,167,70,33,1,271,0,79,13,0,92,167,149,46,1,363,0,0,0,363
01/07/2021,SJU,PR,ASO,ES,Towers with Radar,182,81,27,1,291,0,72,16,2,90,182,153,43,3,381,0,0,0,381
01/08/2021,SJU,PR,ASO,ES,Towers with Radar,180,94,28,0,302,0,75,18,0,93,180,169,46,0,395,0,0,0,395
01/09/2021,SJU,PR,ASO,ES,Towers with Radar,179,47,28,0,254,0,72,16,0,88,179,119,44,0,342,0,0,0,342
01/10/2021,SJU,PR,ASO,ES,Towers with Radar,181,44,27,1,253,0,89,18,0,107,181,133,45,1,360,0,0,0,360
01/11/2021,SJU,PR,ASO,ES,Towers with Radar,147,81,18,2,248,0,72,24,2,98,147,153,42,4,346,0,0,0,346
01/12/2021,SJU,PR,ASO,ES,Towers with Radar,165,105,18,4,292,0,80,8,2,90,165,185,26,6,382,0,1,1,383
01/13/2021,SJU,PR,ASO,ES,Towers with Radar,136,74,25,3,238,0,77,23,2,102,136,151,48,5,340,12,0,12,352
01/14/2021,SJU,PR,ASO,ES,Towers with Radar,188,96,32,7,323,0,76,23,2,101,188,172,55,9,424,0,0,0,424
01/15/2021,SJU,PR,ASO,ES,Towers with Radar,161,84,21,5,271,0,99,18,3,120,161,183,39,8,391,0,0,0,391
01/16/2021,SJU,PR,ASO,ES,Towers with Radar,148,43,19,3,213,0,71,17,3,91,148,114,36,6,304,0,0,0,304
01/17/2021,SJU,PR,ASO,ES,Towers with Radar,142,66,8,7,223,0,65,8,1,74,142,131,16,8,297,0,0,0,297
01/18/2021,SJU,PR,ASO,ES,Towers with Radar,150,74,15,5,244,0,92,15,2,109,150,166,30,7,353,0,0,0,353
01/19/2021,SJU,PR,ASO,ES,Towers with Radar,134,93,19,3,249,0,68,17,1,86,134,161,36,4,335,6,0,6,341
01/20/2021,SJU,PR,ASO,ES,Towers with Radar,146,84,18,25,273,0,66,16,3,85,146,150,34,28,358,12,0,12,370
01/21/2021,SJU,PR,ASO,ES,Towers with Radar,155,94,27,9,285,0,82,17,3,102,155,176,44,12,387,4,0,4,391
01/22/2021,SJU,PR,ASO,ES,Towers with Radar,168,79,29,5,281,0,78,36,1,115,168,157,65,6,396,0,0,0,396
01/23/2021,SJU,PR,ASO,ES,Towers with Radar,152,38,15,6,211,0,68,22,2,92,152,106,37,8,303,0,0,0,303
01/24/2021,SJU,PR,ASO,ES,Towers with Radar,148,38,9,2,197,0,66,6,0,72,148,104,15,2,269,0,0,0,269
01/25/2021,SJU,PR,ASO,ES,Towers with Radar,149,83,19,4,255,0,74,6,4,84,149,157,25,8,339,0,0,0,339
01/26/2021,SJU,PR,ASO,ES,Towers with Radar,133,75,10,1,219,0,65,14,1,80,133,140,24,2,299,0,0,0,299
01/27/2021,SJU,PR,ASO,ES,Towers with Radar,136,75,30,7,248,0,60,22,9,91,136,135,52,16,339,4,0,4,343
01/28/2021,SJU,PR,ASO,ES,Towers with Radar,151,79,31,3,264,0,79,28,3,110,151,158,59,6,374,0,0,0,374
01/29/2021,SJU,PR,ASO,ES,Towers with Radar,161,85,20,3,269,0,76,29,3,108,161,161,49,6,377,0,0,0,377
01/30/2021,SJU,PR,ASO,ES,Towers with Radar,148,74,30,2,254,0,38,11,1,50,148,112,41,3,304,0,0,0,304
01/31/2021,SJU,PR,ASO,ES,Towers with Radar,133,79,19,5,236,0,45,4,0,49,133,124,23,5,285,0,0,0,285
02/01/2021,SJU,PR,ASO,ES,Towers with Radar,130,58,28,9,225,0,95,22,5,122,130,153,50,14,347,0,0,0,347
02/02/2021,SJU,PR,ASO,ES,Towers with Radar,120,80,19,1,220,0,59,19,0,78,120,139,38,1,298,0,0,0,298
02/03/2021,SJU,PR,ASO,ES,Towers with Radar,132,85,27,8,252,0,83,26,0,109,132,168,53,8,361,0,0,0,361
02/04/2021,SJU,PR,ASO,ES,Towers with Radar,157,100,18,1,276,0,52,11,0,63,157,152,29,1,339,2,0,2,341
02/05/2021,SJU,PR,ASO,ES,Towers with Radar,167,95,18,1,281,0,76,21,0,97,167,171,39,1,378,5,1,6,384
02/06/2021,SJU,PR,ASO,ES,Towers with Radar,145,40,16,2,203,0,71,12,1,84,145,111,28,3,287,0,0,0,287
02/07/2021,SJU,PR,ASO,ES,Towers with Radar,140,37,18,0,195,0,60,9,0,69,140,97,27,0,264,0,0,0,264
02/08/2021,SJU,PR,ASO,ES,Towers with Radar,172,86,13,0,271,0,83,14,0,97,172,169,27,0,368,0,0,0,368
02/09/2021,SJU,PR,ASO,ES,Towers with Radar,131,82,25,0,238,0,72,20,2,94,131,154,45,2,332,6,0,6,338
02/10/2021,SJU,PR,ASO,ES,Towers with Radar,139,85,27,7,258,0,60,16,1,77,139,145,43,8,335,10,0,10,345
02/11/2021,SJU,PR,ASO,ES,Towers with Radar,149,88,34,0,271,0,76,15,2,93,149,164,49,2,364,0,0,0,364
02/12/2021,SJU,PR,ASO,ES,Towers with Radar,196,94,33,2,325,0,94,21,1,116,196,188,54,3,441,4,0,4,445
02/13/2021,SJU,PR,ASO,ES,Towers with Radar,158,43,38,5,244,0,75,26,1,102,158,118,64,6,346,0,0,0,346
02/14/2021,SJU,PR,ASO,ES,Towers with Radar,156,33,24,3,216,0,63,9,0,72,156,96,33,3,288,0,0,0,288
02/15/2021,SJU,PR,ASO,ES,Towers with Radar,157,92,28,4,281,0,80,24,1,105,157,172,52,5,386,0,1,1,387
02/16/2021,SJU,PR,ASO,ES,Towers with Radar,152,72,19,3,246,0,75,14,2,91,152,147,33,5,337,0,0,0,337
02/17/2021,SJU,PR,ASO,ES,Towers with Radar,162,76,17,2,257,0,59,6,2,67,162,135,23,4,324,0,0,0,324
02/18/2021,SJU,PR,ASO,ES,Towers with Radar,153,72,24,4,253,0,72,24,0,96,153,144,48,4,349,8,0,8,357
02/19/2021,SJU,PR,ASO,ES,Towers with Radar,179,76,17,0,272,0,87,20,0,107,179,163,37,0,379,0,0,0,379
02/20/2021,SJU,PR,ASO,ES,Towers with Radar,172,52,10,4,238,0,73,13,0,86,172,125,23,4,324,4,0,4,328
02/21/2021,SJU,PR,ASO,ES,Towers with Radar,162,38,22,1,223,0,54,9,1,64,162,92,31,2,287,0,0,0,287
02/22/2021,SJU,PR,ASO,ES,Towers with Radar,166,100,30,4,300,0,80,30,1,111,166,180,60,5,411,10,0,10,421
02/23/2021,SJU,PR,ASO,ES,Towers with Radar,155,76,25,0,256,0,59,23,2,84,155,135,48,2,340,0,0,0,340
02/24/2021,SJU,PR,ASO,ES,Towers with Radar,151,82,38,2,273,0,67,28,2,97,151,149,66,4,370,0,0,0,370
02/25/2021,SJU,PR,ASO,ES,Towers with Radar,173,80,40,2,295,0,100,20,0,120,173,180,60,2,415,6,0,6,421
02/26/2021,SJU,PR,ASO,ES,Towers with Radar,199,96,22,2,319,4,86,8,0,98,203,182,30,2,417,0,0,0,417
02/27/2021,SJU,PR,ASO,ES,Towers with Radar,172,69,27,3,271,0,87,13,0,100,172,156,40,3,371,0,0,0,371
02/28/2021,SJU,PR,ASO,ES,Towers with Radar,155,42,39,2,238,0,63,17,0,80,155,105,56,2,318,0,0,0,318
03/01/2021,SJU,PR,ASO,ES,Towers with Radar,160,118,19,0,297,0,63,14,1,78,160,181,33,1,375,0,0,0,375
03/02/2021,SJU,PR,ASO,ES,Towers with Radar,156,89,17,0,262,0,64,26,0,90,156,153,43,0,352,0,0,0,352
03/03/2021,SJU,PR,ASO,ES,Towers with Radar,163,86,18,4,271,0,67,25,0,92,163,153,43,4,363,0,0,0,363
03/04/2021,SJU,PR,ASO,ES,Towers with Radar,182,90,22,0,294,0,67,17,1,85,182,157,39,1,379,0,0,0,379
03/05/2021,SJU,PR,ASO,ES,Towers with Radar,170,95,17,0,282,0,96,5,0,101,170,191,22,0,383,0,0,0,383
03/06/2021,SJU,PR,ASO,ES,Towers with Radar,178,66,24,0,268,0,75,23,0,98,178,141,47,0,366,0,0,0,366
03/07/2021,SJU,PR,ASO,ES,Towers with Radar,188,30,24,0,242,0,72,6,0,78,188,102,30,0,320,0,0,0,320
03/08/2021,SJU,PR,ASO,ES,Towers with Radar,177,82,25,2,286,0,86,21,2,109,177,168,46,4,395,0,0,0,395
03/09/2021,SJU,PR,ASO,ES,Towers with Radar,177,86,41,5,309,0,77,40,5,122,177,163,81,10,431,0,0,0,431
03/10/2021,SJU,PR,ASO,ES,Towers with Radar,176,85,18,1,280,0,79,31,0,110,176,164,49,1,390,0,0,0,390
03/11/2021,SJU,PR,ASO,ES,Towers with Radar,206,102,45,1,354,0,83,38,0,121,206,185,83,1,475,0,0,0,475
03/12/2021,SJU,PR,ASO,ES,Towers with Radar,199,81,41,1,322,0,104,27,0,131,199,185,68,1,453,0,0,0,453
03/13/2021,SJU,PR,ASO,ES,Towers with Radar,194,48,24,0,266,0,71,12,0,83,194,119,36,0,349,0,0,0,349
03/14/2021,SJU,PR,ASO,ES,Towers with Radar,189,44,37,0,270,0,77,20,0,97,189,121,57,0,367,0,0,0,367
03/15/2021,SJU,PR,ASO,ES,Towers with Radar,188,91,38,4,321,0,96,34,0,130,188,187,72,4,451,0,0,0,451
03/16/2021,SJU,PR,ASO,ES,Towers with Radar,192,74,41,1,308,0,85,28,0,113,192,159,69,1,421,0,0,0,421
03/17/2021,SJU,PR,ASO,ES,Towers with Radar,194,104,38,1,337,0,80,25,0,105,194,184,63,1,442,0,0,0,442
03/18/2021,SJU,PR,ASO,ES,Towers with Radar,207,98,43,0,348,0,93,34,0,127,207,191,77,0,475,0,0,0,475
03/19/2021,SJU,PR,ASO,ES,Towers with Radar,219,91,41,4,355,0,106,26,0,132,219,197,67,4,487,0,0,0,487
03/20/2021,SJU,PR,ASO,ES,Towers with Radar,208,51,44,5,308,0,105,19,2,126,208,156,63,7,434,0,0,0,434
03/21/2021,SJU,PR,ASO,ES,Towers with Radar,185,36,27,1,249,0,81,13,0,94,185,117,40,1,343,0,0,0,343
03/22/2021,SJU,PR,ASO,ES,Towers with Radar,193,76,24,2,295,0,94,14,0,108,193,170,38,2,403,0,0,0,403
03/23/2021,SJU,PR,ASO,ES,Towers with Radar,204,83,30,4,321,0,100,35,3,138,204,183,65,7,459,10,0,10,469
03/24/2021,SJU,PR,ASO,ES,Towers with Radar,219,97,21,3,340,0,104,16,0,120,219,201,37,3,460,26,0,26,486
03/25/2021,SJU,PR,ASO,ES,Towers with Radar,198,99,43,3,343,0,79,31,2,112,198,178,74,5,455,4,0,4,459
03/26/2021,SJU,PR,ASO,ES,Towers with Radar,211,108,33,2,354,0,126,17,0,143,211,234,50,2,497,0,0,0,497
03/27/2021,SJU,PR,ASO,ES,Towers with Radar,205,48,27,1,281,0,100,35,1,136,205,148,62,2,417,0,0,0,417
03/28/2021,SJU,PR,ASO,ES,Towers with Radar,197,62,44,1,304,0,77,15,1,93,197,139,59,2,397,0,0,0,397
03/29/2021,SJU,PR,ASO,ES,Towers with Radar,220,96,21,7,344,0,92,17,3,112,220,188,38,10,456,0,0,0,456
03/30/2021,SJU,PR,ASO,ES,Towers with Radar,213,89,27,2,331,0,102,21,1,124,213,191,48,3,455,0,0,0,455
03/31/2021,SJU,PR,ASO,ES,Towers with Radar,209,95,20,1,325,0,117,22,1,140,209,212,42,2,465,5,0,5,470
04/01/2021,SJU,PR,ASO,ES,Towers with Radar,210,108,24,0,342,0,103,16,0,119,210,211,40,0,461,9,0,9,470
04/02/2021,SJU,PR,ASO,ES,Towers with Radar,218,78,19,0,315,0,76,14,0,90,218,154,33,0,405,0,0,0,405
04/03/2021,SJU,PR,ASO,ES,Towers with Radar,217,64,25,0,306,0,93,11,0,104,217,157,36,0,410,0,0,0,410
04/04/2021,SJU,PR,ASO,ES,Towers with Radar,203,57,44,0,304,0,105,25,0,130,203,162,69,0,434,0,0,0,434
04/05/2021,SJU,PR,ASO,ES,Towers with Radar,208,80,29,1,318,0,97,27,2,126,208,177,56,3,444,0,0,0,444
04/06/2021,SJU,PR,ASO,ES,Towers with Radar,210,80,36,6,332,0,82,9,4,95,210,162,45,10,427,0,0,0,427
04/07/2021,SJU,PR,ASO,ES,Towers with Radar,211,72,40,0,323,0,85,11,0,96,211,157,51,0,419,0,0,0,419
04/08/2021,SJU,PR,ASO,ES,Towers with Radar,218,111,24,0,353,0,91,25,2,118,218,202,49,2,471,0,0,0,471
04/09/2021,SJU,PR,ASO,ES,Towers with Radar,213,83,35,0,331,0,103,18,0,121,213,186,53,0,452,0,0,0,452
04/10/2021,SJU,PR,ASO,ES,Towers with Radar,209,40,24,3,276,0,103,19,3,125,209,143,43,6,401,0,0,0,401
04/11/2021,SJU,PR,ASO,ES,Towers with Radar,198,44,27,2,271,0,76,12,0,88,198,120,39,2,359,0,0,0,359
04/12/2021,SJU,PR,ASO,ES,Towers with Radar,200,85,27,3,315,0,103,21,1,125,200,188,48,4,440,0,0,0,440
04/13/2021,SJU,PR,ASO,ES,Towers with Radar,212,85,29,5,331,2,81,13,4,100,214,166,42,9,431,0,0,0,431
04/14/2021,SJU,PR,ASO,ES,Towers with Radar,199,95,22,3,319,0,79,16,1,96,199,174,38,4,415,0,0,0,415
04/15/2021,SJU,PR,ASO,ES,Towers with Radar,198,83,34,4,319,0,87,30,0,117,198,170,64,4,436,0,0,0,436
04/16/2021,SJU,PR,ASO,ES,Towers with Radar,207,78,21,0,306,0,94,22,3,119,207,172,43,3,425,0,0,0,425
04/17/2021,SJU,PR,ASO,ES,Towers with Radar,217,37,15,6,275,0,87,10,1,98,217,124,25,7,373,0,0,0,373
04/18/2021,SJU,PR,ASO,ES,Towers with Radar,200,36,24,1,261,0,61,11,0,72,200,97,35,1,333,6,0,6,339
04/19/2021,SJU,PR,ASO,ES,Towers with Radar,195,81,32,0,308,0,84,24,0,108,195,165,56,0,416,0,0,0,416
04/20/2021,SJU,PR,ASO,ES,Towers with Radar,195,82,22,0,299,0,87,19,1,107,195,169,41,1,406,4,0,4,410
04/21/2021,SJU,PR,ASO,ES,Towers with Radar,201,86,23,3,313,0,94,22,1,117,201,180,45,4,430,0,2,2,432
04/22/2021,SJU,PR,ASO,ES,Towers with Radar,206,94,27,1,328,0,87,15,2,104,206,181,42,3,432,0,0,0,432
04/23/2021,SJU,PR,ASO,ES,Towers with Radar,209,97,30,3,339,0,123,37,1,161,209,220,67,4,500,6,0,6,506
04/24/2021,SJU,PR,ASO,ES,Towers with Radar,203,39,15,6,263,0,104,7,1,112,203,143,22,7,375,0,0,0,375
04/25/2021,SJU,PR,ASO,ES,Towers with Radar,211,41,24,1,277,0,83,11,1,95,211,124,35,2,372,0,0,0,372
04/26/2021,SJU,PR,ASO,ES,Towers with Radar,206,102,31,2,341,0,100,20,3,123,206,202,51,5,464,0,0,0,464
04/27/2021,SJU,PR,ASO,ES,Towers with Radar,201,84,10,0,295,0,87,7,1,95,201,171,17,1,390,2,0,2,392
04/28/2021,SJU,PR,ASO,ES,Towers with Radar,204,105,25,1,335,0,85,13,0,98,204,190,38,1,433,0,0,0,433
04/29/2021,SJU,PR,ASO,ES,Towers with Radar,190,91,22,3,306,0,73,3,1,77,190,164,25,4,383,0,0,0,383
04/30/2021,SJU,PR,ASO,ES,Towers with Radar,210,85,22,1,318,0,98,9,0,107,210,183,31,1,425,0,0,0,425
05/01/2021,SJU,PR,ASO,ES,Towers with Radar,214,47,14,1,276,0,87,18,0,105,214,134,32,1,381,0,0,0,381
05/02/2021,SJU,PR,ASO,ES,Towers with Radar,186,40,16,0,242,0,71,5,0,76,186,111,21,0,318,0,0,0,318
05/03/2021,SJU,PR,ASO,ES,Towers with Radar,193,85,19,0,297,0,88,10,0,98,193,173,29,0,395,0,0,0,395
05/04/2021,SJU,PR,ASO,ES,Towers with Radar,185,91,33,0,309,0,106,11,0,117,185,197,44,0,426,6,0,6,432
05/05/2021,SJU,PR,ASO,ES,Towers with Radar,193,87,33,8,321,0,80,14,8,102,193,167,47,16,423,0,0,0,423
05/06/2021,SJU,PR,ASO,ES,Towers with Radar,221,93,30,7,351,0,89,7,2,98,221,182,37,9,449,0,0,0,449
05/07/2021,SJU,PR,ASO,ES,Towers with Radar,235,90,28,2,355,0,104,28,2,134,235,194,56,4,489,8,0,8,497
05/08/2021,SJU,PR,ASO,ES,Towers with Radar,254,38,19,1,312,0,79,8,2,89,254,117,27,3,401,8,0,8,409
05/09/2021,SJU,PR,ASO,ES,Towers with Radar,231,36,20,3,290,0,74,4,0,78,231,110,24,3,368,0,0,0,368
05/10/2021,SJU,PR,ASO,ES,Towers with Radar,224,101,24,5,354,0,76,11,4,91,224,177,35,9,445,6,0,6,451
05/11/2021,SJU,PR,ASO,ES,Towers with Radar,253,93,11,3,360,0,80,17,1,98,253,173,28,4,458,0,0,0,458
05/12/2021,SJU,PR,ASO,ES,Towers with Radar,266,104,33,4,407,0,101,17,0,118,266,205,50,4,525,1,0,1,526
05/13/2021,SJU,PR,ASO,ES,Towers with Radar,229,80,30,5,344,0,93,18,3,114,229,173,48,8,458,18,0,18,476
05/14/2021,SJU,PR,ASO,ES,Towers with Radar,252,100,16,1,369,0,111,12,1,124,252,211,28,2,493,8,0,8,501
05/15/2021,SJU,PR,ASO,ES,Towers with Radar,255,43,18,2,318,0,88,11,1,100,255,131,29,3,418,0,0,0,418
05/16/2021,SJU,PR,ASO,ES,Towers with Radar,220,33,22,0,275,0,94,8,2,104,220,127,30,2,379,0,0,0,379
05/17/2021,SJU,PR,ASO,ES,Towers with Radar,226,76,25,4,331,8,78,8,1,95,234,154,33,5,426,0,0,0,426
05/18/2021,SJU,PR,ASO,ES,Towers with Radar,240,86,27,1,354,20,74,16,8,118,260,160,43,9,472,1,1,2,474
05/19/2021,SJU,PR,ASO,ES,Towers with Radar,238,85,23,1,347,13,95,14,0,122,251,180,37,1,469,0,0,0,469
05/20/2021,SJU,PR,ASO,ES,Towers with Radar,234,83,31,2,350,0,84,30,1,115,234,167,61,3,465,8,0,8,473
05/21/2021,SJU,PR,ASO,ES,Towers with Radar,240,96,16,0,352,0,94,17,3,114,240,190,33,3,466,0,0,0,466
05/22/2021,SJU,PR,ASO,ES,Towers with Radar,255,44,9,1,309,0,83,14,0,97,255,127,23,1,406,0,0,0,406
05/23/2021,SJU,PR,ASO,ES,Towers with Radar,230,58,30,1,319,0,58,10,0,68,230,116,40,1,387,0,0,0,387
05/24/2021,SJU,PR,ASO,ES,Towers with Radar,233,79,21,0,333,0,91,16,0,107,233,170,37,0,440,0,0,0,440
05/25/2021,SJU,PR,ASO,ES,Towers with Radar,234,88,29,0,351,0,96,24,2,122,234,184,53,2,473,0,0,0,473
05/26/2021,SJU,PR,ASO,ES,Towers with Radar,244,81,18,2,345,0,101,4,3,108,244,182,22,5,453,7,0,7,460
05/27/2021,SJU,PR,ASO,ES,Towers with Radar,228,79,24,2,333,0,104,17,0,121,228,183,41,2,454,0,0,0,454
05/28/2021,SJU,PR,ASO,ES,Towers with Radar,248,103,26,3,380,0,108,21,3,132,248,211,47,6,512,0,0,0,512
05/29/2021,SJU,PR,ASO,ES,Towers with Radar,260,44,16,1,321,0,116,12,0,128,260,160,28,1,449,0,0,0,449
05/30/2021,SJU,PR,ASO,ES,Towers with Radar,217,30,15,0,262,0,92,5,0,97,217,122,20,0,359,0,0,0,359
05/31/2021,SJU,PR,ASO,ES,Towers with Radar,235,66,28,2,331,0,98,11,0,109,235,164,39,2,440,0,0,0,440
06/01/2021,SJU,PR,ASO,ES,Towers with Radar,241,65,35,0,341,0,117,24,0,141,241,182,59,0,482,6,0,6,488
06/02/2021,SJU,PR,ASO,ES,Towers with Radar,224,77,32,9,342,0,80,14,3,97,224,157,46,12,439,1,0,1,440
06/03/2021,SJU,PR,ASO,ES,Towers with Radar,233,96,19,1,349,0,78,20,2,100,233,174,39,3,449,1,1,2,451
06/04/2021,SJU,PR,ASO,ES,Towers with Radar,305,102,15,0,422,0,103,27,2,132,305,205,42,2,554,2,0,2,556
06/05/2021,SJU,PR,ASO,ES,Towers with Radar,260,57,20,1,338,0,72,14,1,87,260,129,34,2,425,4,0,4,429
06/06/2021,SJU,PR,ASO,ES,Towers with Radar,250,48,23,1,322,0,80,5,2,87,250,128,28,3,409,5,0,5,414
06/07/2021,SJU,PR,ASO,ES,Towers with Radar,255,105,28,4,392,0,96,22,4,122,255,201,50,8,514,13,0,13,527
06/08/2021,SJU,PR,ASO,ES,Towers with Radar,253,87,31,1,372,0,87,16,0,103,253,174,47,1,475,0,0,0,475
06/09/2021,SJU,PR,ASO,ES,Towers with Radar,256,106,22,5,389,0,72,17,1,90,256,178,39,6,479,3,0,3,482
06/10/2021,SJU,PR,ASO,ES,Towers with Radar,222,113,17,2,354,0,48,9,0,57,222,161,26,2,411,0,0,0,411
06/11/2021,SJU,PR,ASO,ES,Towers with Radar,244,98,22,2,366,0,78,11,2,91,244,176,33,4,457,0,0,0,457
06/12/2021,SJU,PR,ASO,ES,Towers with Radar,245,45,13,5,308,0,79,11,4,94,245,124,24,9,402,0,0,0,402
06/13/2021,SJU,PR,ASO,ES,Towers with Radar,239,48,19,0,306,0,91,11,0,102,239,139,30,0,408,0,0,0,408
06/14/2021,SJU,PR,ASO,ES,Towers with Radar,227,96,34,10,367,0,94,9,4,107,227,190,43,14,474,0,0,0,474
06/15/2021,SJU,PR,ASO,ES,Towers with Radar,232,87,37,0,356,0,114,33,1,148,232,201,70,1,504,14,0,14,518
06/16/2021,SJU,PR,ASO,ES,Towers with Radar,249,76,26,1,352,0,95,8,2,105,249,171,34,3,457,0,0,0,457
06/17/2021,SJU,PR,ASO,ES,Towers with Radar,239,87,20,5,351,0,85,11,1,97,239,172,31,6,448,0,0,0,448
06/18/2021,SJU,PR,ASO,ES,Towers with Radar,271,102,30,7,410,0,120,30,6,156,271,222,60,13,566,6,0,6,572
06/19/2021,SJU,PR,ASO,ES,Towers with Radar,251,59,21,3,334,4,81,13,1,99,255,140,34,4,433,0,0,0,433
06/20/2021,SJU,PR,ASO,ES,Towers with Radar,246,52,15,2,315,0,81,3,0,84,246,133,18,2,399,0,0,0,399
06/21/2021,SJU,PR,ASO,ES,Towers with Radar,230,85,26,2,343,0,99,18,1,118,230,184,44,3,461,4,0,4,465
06/22/2021,SJU,PR,ASO,ES,Towers with Radar,243,104,29,6,382,0,93,8,3,104,243,197,37,9,486,0,0,0,486
06/23/2021,SJU,PR,ASO,ES,Towers with Radar,253,96,42,13,404,0,90,20,1,111,253,186,62,14,515,29,0,29,544
06/24/2021,SJU,PR,ASO,ES,Towers with Radar,242,111,34,4,391,0,105,14,2,121,242,216,48,6,512,12,0,12,524
06/25/2021,SJU,PR,ASO,ES,Towers with Radar,242,99,27,1,369,0,92,33,1,126,242,191,60,2,495,5,0,5,500
06/26/2021,SJU,PR,ASO,ES,Towers with Radar,264,47,26,0,337,0,82,9,0,91,264,129,35,0,428,6,0,6,434
06/27/2021,SJU,PR,ASO,ES,Towers with Radar,242,47,28,4,321,0,88,7,1,96,242,135,35,5,417,6,0,6,423
06/28/2021,SJU,PR,ASO,ES,Towers with Radar,238,96,26,0,360,0,91,18,0,109,238,187,44,0,469,0,0,0,469
06/29/2021,SJU,PR,ASO,ES,Towers with Radar,265,93,24,1,383,0,92,23,0,115,265,185,47,1,498,0,0,0,498
06/30/2021,SJU,PR,ASO,ES,Towers with Radar,260,109,24,0,393,0,95,22,0,117,260,204,46,0,510,0,0,0,510
07/01/2021,SJU,PR,ASO,ES,Towers with Radar,239,96,25,1,361,0,73,21,0,94,239,169,46,1,455,0,0,0,455
07/02/2021,SJU,PR,ASO,ES,Towers with Radar,253,77,23,1,354,0,93,15,0,108,253,170,38,1,462,0,0,0,462
07/03/2021,SJU,PR,ASO,ES,Towers with Radar,244,49,10,0,303,0,74,11,0,85,244,123,21,0,388,0,0,0,388
07/04/2021,SJU,PR,ASO,ES,Towers with Radar,225,40,13,0,278,0,67,9,0,76,225,107,22,0,354,0,0,0,354
07/05/2021,SJU,PR,ASO,ES,Towers with Radar,231,68,19,0,318,0,108,10,1,119,231,176,29,1,437,0,1,1,438
07/06/2021,SJU,PR,ASO,ES,Towers with Radar,229,81,16,1,327,0,104,21,1,126,229,185,37,2,453,8,0,8,461
07/07/2021,SJU,PR,ASO,ES,Towers with Radar,243,86,21,1,351,0,84,17,1,102,243,170,38,2,453,0,0,0,453
07/08/2021,SJU,PR,ASO,ES,Towers with Radar,248,94,14,5,361,0,105,18,2,125,248,199,32,7,486,23,0,23,509
07/09/2021,SJU,PR,ASO,ES,Towers with Radar,262,95,15,5,377,0,91,30,7,128,262,186,45,12,505,0,0,0,505
07/10/2021,SJU,PR,ASO,ES,Towers with Radar,250,49,12,9,320,0,89,12,5,106,250,138,24,14,426,6,0,6,432
07/11/2021,SJU,PR,ASO,ES,Towers with Radar,250,43,15,0,308,0,79,11,4,94,250,122,26,4,402,0,0,0,402
07/12/2021,SJU,PR,ASO,ES,Towers with Radar,237,108,18,0,363,0,109,23,2,134,237,217,41,2,497,0,0,0,497
07/13/2021,SJU,PR,ASO,ES,Towers with Radar,253,85,28,3,369,0,82,25,7,114,253,167,53,10,483,0,0,0,483
07/14/2021,SJU,PR,ASO,ES,Towers with Radar,264,81,23,7,375,0,103,16,3,122,264,184,39,10,497,0,0,0,497
07/15/2021,SJU,PR,ASO,ES,Towers with Radar,240,91,27,3,361,0,98,28,2,128,240,189,55,5,489,0,0,0,489
07/16/2021,SJU,PR,ASO,ES,Towers with Radar,247,96,10,1,354,0,100,19,3,122,247,196,29,4,476,0,0,0,476
07/17/2021,SJU,PR,ASO,ES,Towers with Radar,238,52,23,2,315,0,78,19,1,98,238,130,42,3,413,0,1,1,414
07/18/2021,SJU,PR,ASO,ES,Towers with Radar,240,45,14,4,303,0,77,7,4,88,240,122,21,8,391,0,0,0,391
07/19/2021,SJU,PR,ASO,ES,Towers with Radar,250,104,20,5,379,0,89,21,4,114,250,193,41,9,493,0,0,0,493
07/20/2021,SJU,PR,ASO,ES,Towers with Radar,242,100,15,1,358,0,87,15,1,103,242,187,30,2,461,0,0,0,461
07/21/2021,SJU,PR,ASO,ES,Towers with Radar,255,74,24,1,354,0,88,27,0,115,255,162,51,1,469,0,0,0,469
07/22/2021,SJU,PR,ASO,ES,Towers with Radar,249,89,18,0,356,0,92,22,4,118,249,181,40,4,474,14,0,14,488
07/23/2021,SJU,PR,ASO,ES,Towers with Radar,262,102,24,0,388,0,85,14,1,100,262,187,38,1,488,0,0,0,488
07/24/2021,SJU,PR,ASO,ES,Towers with Radar,275,75,31,0,381,0,60,9,0,69,275,135,40,0,450,0,0,0,450
07/25/2021,SJU,PR,ASO,ES,Towers with Radar,241,46,18,0,305,0,66,9,0,75,241,112,27,0,380,0,0,0,380
07/26/2021,SJU,PR,ASO,ES,Towers with Radar,247,85,20,0,352,0,96,20,0,116,247,181,40,0,468,0,0,0,468
07/27/2021,SJU,PR,ASO,ES,Towers with Radar,274,92,38,1,405,0,106,14,2,122,274,198,52,3,527,5,0,5,532
07/28/2021,SJU,PR,ASO,ES,Towers with Radar,253,82,10,1,346,0,74,8,3,85,253,156,18,4,431,0,0,0,431
07/29/2021,SJU,PR,ASO,ES,Towers with Radar,251,92,32,0,375,0,89,34,0,123,251,181,66,0,498,0,0,0,498
07/30/2021,SJU,PR,ASO,ES,Towers with Radar,246,94,19,0,359,0,122,28,4,154,246,216,47,4,513,0,0,0,513
07/31/2021,SJU,PR,ASO,ES,Towers with Radar,270,56,27,0,353,0,84,31,0,115,270,140,58,0,468,0,0,0,468
08/01/2021,SJU,PR,ASO,ES,Towers with Radar,213,40,16,1,270,0,78,14,0,92,213,118,30,1,362,0,0,0,362
08/02/2021,SJU,PR,ASO,ES,Towers with Radar,205,80,13,0,298,0,103,24,0,127,205,183,37,0,425,0,0,0,425
08/03/2021,SJU,PR,ASO,ES,Towers with Radar,220,73,21,0,314,0,81,21,0,102,220,154,42,0,416,8,0,8,424
08/04/2021,SJU,PR,ASO,ES,Towers with Radar,194,87,15,4,300,0,93,11,0,104,194,180,26,4,404,0,0,0,404
08/05/2021,SJU,PR,ASO,ES,Towers with Radar,213,94,22,1,330,0,97,21,3,121,213,191,43,4,451,4,0,4,455
08/06/2021,SJU,PR,ASO,ES,Towers with Radar,225,101,17,0,343,0,109,18,0,127,225,210,35,0,470,0,0,0,470
08/07/2021,SJU,PR,ASO,ES,Towers with Radar,227,49,6,0,282,0,88,20,0,108,227,137,26,0,390,0,0,0,390
08/08/2021,SJU,PR,ASO,ES,Towers with Radar,223,60,16,1,300,0,69,12,0,81,223,129,28,1,381,0,0,0,381
08/09/2021,SJU,PR,ASO,ES,Towers with Radar,240,110,25,1,376,0,84,24,1,109,240,194,49,2,485,0,0,0,485
08/10/2021,SJU,PR,ASO,ES,Towers with Radar,251,74,13,3,341,0,61,10,0,71,251,135,23,3,412,0,0,0,412
08/11/2021,SJU,PR,ASO,ES,Towers with Radar,236,78,10,0,324,0,78,14,0,92,236,156,24,0,416,0,0,0,416
08/12/2021,SJU,PR,ASO,ES,Towers with Radar,238,94,27,3,362,0,86,19,2,107,238,180,46,5,469,0,0,0,469
08/13/2021,SJU,PR,ASO,ES,Towers with Radar,247,105,23,0,375,0,102,11,2,115,247,207,34,2,490,15,0,15,505
08/14/2021,SJU,PR,ASO,ES,Towers with Radar,251,50,9,0,310,0,80,6,0,86,251,130,15,0,396,12,0,12,408
08/15/2021,SJU,PR,ASO,ES,Towers with Radar,230,11,7,1,249,0,13,0,0,13,230,24,7,1,262,0,0,0,262
08/16/2021,SJU,PR,ASO,ES,Towers with Radar,221,106,18,0,345,0,105,14,0,119,221,211,32,0,464,0,0,0,464
08/17/2021,SJU,PR,ASO,ES,Towers with Radar,226,83,13,5,327,0,78,17,1,96,226,161,30,6,423,2,0,2,425
08/18/2021,SJU,PR,ASO,ES,Towers with Radar,223,73,20,1,317,0,85,18,0,103,223,158,38,1,420,0,0,0,420
08/19/2021,SJU,PR,ASO,ES,Towers with Radar,222,100,16,1,339,0,77,25,1,103,222,177,41,2,442,0,0,0,442
08/20/2021,SJU,PR,ASO,ES,Towers with Radar,228,95,20,4,347,0,99,23,2,124,228,194,43,6,471,0,0,0,471
08/21/2021,SJU,PR,ASO,ES,Towers with Radar,231,50,8,0,289,0,69,19,0,88,231,119,27,0,377,2,0,2,379
08/22/2021,SJU,PR,ASO,ES,Towers with Radar,209,35,16,3,263,0,69,3,0,72,209,104,19,3,335,0,0,0,335
08/23/2021,SJU,PR,ASO,ES,Towers with Radar,224,80,10,1,315,0,83,13,1,97,224,163,23,2,412,0,0,0,412
08/24/2021,SJU,PR,ASO,ES,Towers with Radar,218,67,15,2,302,0,83,17,1,101,218,150,32,3,403,0,3,3,406
08/25/2021,SJU,PR,ASO,ES,Towers with Radar,226,71,15,0,312,0,83,18,0,101,226,154,33,0,413,0,0,0,413
08/26/2021,SJU,PR,ASO,ES,Towers with Radar,212,99,32,0,343,0,77,22,0,99,212,176,54,0,442,16,0,16,458
08/27/2021,SJU,PR,ASO,ES,Towers with Radar,237,80,21,1,339,0,82,25,1,108,237,162,46,2,447,1,0,1,448
08/28/2021,SJU,PR,ASO,ES,Towers with Radar,229,38,13,1,281,0,75,2,0,77,229,113,15,1,358,0,0,0,358
08/29/2021,SJU,PR,ASO,ES,Towers with Radar,200,29,15,0,244,0,66,6,0,72,200,95,21,0,316,0,0,0,316
08/30/2021,SJU,PR,ASO,ES,Towers with Radar,217,80,35,2,334,0,86,24,1,111,217,166,59,3,445,0,0,0,445
08/31/2021,SJU,PR,ASO,ES,Towers with Radar,224,76,22,3,325,0,80,14,3,97,224,156,36,6,422,0,0,0,422
09/01/2021,SJU,PR,ASO,ES,Towers with Radar,236,78,28,3,345,0,77,16,2,95,236,155,44,5,440,0,0,0,440
09/02/2021,SJU,PR,ASO,ES,Towers with Radar,203,89,26,1,319,0,77,25,2,104,203,166,51,3,423,14,0,14,437
09/03/2021,SJU,PR,ASO,ES,Towers with Radar,233,89,21,0,343,0,96,26,0,122,233,185,47,0,465,0,0,0,465
09/04/2021,SJU,PR,ASO,ES,Towers with Radar,219,50,15,6,290,0,57,5,1,63,219,107,20,7,353,0,0,0,353
09/05/2021,SJU,PR,ASO,ES,Towers with Radar,212,26,9,9,256,0,65,17,1,83,212,91,26,10,339,0,0,0,339
09/06/2021,SJU,PR,ASO,ES,Towers with Radar,210,55,28,0,293,0,89,15,1,105,210,144,43,1,398,0,0,0,398
09/07/2021,SJU,PR,ASO,ES,Towers with Radar,202,75,28,0,305,0,107,14,0,121,202,182,42,0,426,0,0,0,426
09/08/2021,SJU,PR,ASO,ES,Towers with Radar,187,67,19,0,273,0,73,28,0,101,187,140,47,0,374,10,0,10,384
09/09/2021,SJU,PR,ASO,ES,Towers with Radar,203,81,15,2,301,0,86,21,0,107,203,167,36,2,408,0,0,0,408
09/10/2021,SJU,PR,ASO,ES,Towers with Radar,190,90,14,0,294,0,79,25,1,105,190,169,39,1,399,6,0,6,405
09/11/2021,SJU,PR,ASO,ES,Towers with Radar,207,51,10,1,269,0,61,9,0,70,207,112,19,1,339,0,0,0,339
09/12/2021,SJU,PR,ASO,ES,Towers with Radar,157,31,10,2,200,0,58,5,3,66,157,89,15,5,266,0,0,0,266
09/13/2021,SJU,PR,ASO,ES,Towers with Radar,187,79,14,1,281,0,71,14,0,85,187,150,28,1,366,6,0,6,372
09/14/2021,SJU,PR,ASO,ES,Towers with Radar,178,86,12,1,277,0,76,14,0,90,178,162,26,1,367,2,0,2,369
09/15/2021,SJU,PR,ASO,ES,Towers with Radar,187,80,19,1,287,0,58,21,0,79,187,138,40,1,366,0,0,0,366
09/16/2021,SJU,PR,ASO,ES,Towers with Radar,191,95,26,3,315,0,62,18,2,82,191,157,44,5,397,0,0,0,397
09/17/2021,SJU,PR,ASO,ES,Towers with Radar,194,82,16,0,292,0,81,19,2,102,194,163,35,2,394,0,0,0,394
09/18/2021,SJU,PR,ASO,ES,Towers with Radar,198,42,10,1,251,0,63,7,0,70,198,105,17,1,321,0,0,0,321
09/19/2021,SJU,PR,ASO,ES,Towers with Radar,168,29,9,0,206,0,54,5,2,61,168,83,14,2,267,1,0,1,268
09/20/2021,SJU,PR,ASO,ES,Towers with Radar,192,86,31,2,311,0,71,29,3,103,192,157,60,5,414,0,0,0,414
09/21/2021,SJU,PR,ASO,ES,Towers with Radar,180,88,29,0,297,0,56,10,0,66,180,144,39,0,363,0,0,0,363
09/22/2021,SJU,PR,ASO,ES,Towers with Radar,189,77,18,2,286,0,81,11,4,96,189,158,29,6,382,0,0,0,382
09/23/2021,SJU,PR,ASO,ES,Towers with Radar,184,84,24,2,294,0,73,19,1,93,184,157,43,3,387,0,0,0,387
09/24/2021,SJU,PR,ASO,ES,Towers with Radar,188,81,15,1,285,0,77,16,0,93,188,158,31,1,378,0,0,0,378
09/25/2021,SJU,PR,ASO,ES,Towers with Radar,191,30,13,1,235,0,61,3,0,64,191,91,16,1,299,0,0,0,299
09/26/2021,SJU,PR,ASO,ES,Towers with Radar,176,23,13,2,214,0,69,6,0,75,176,92,19,2,289,0,0,0,289
09/27/2021,SJU,PR,ASO,ES,Towers with Radar,174,78,24,1,277,0,68,14,1,83,174,146,38,2,360,0,0,0,360
09/28/2021,SJU,PR,ASO,ES,Towers with Radar,181,70,16,2,269,0,73,14,0,87,181,143,30,2,356,2,0,2,358
09/29/2021,SJU,PR,ASO,ES,Towers with Radar,179,71,13,5,268,0,65,10,1,76,179,136,23,6,344,16,0,16,360
09/30/2021,SJU,PR,ASO,ES,Towers with Radar,214,83,20,4,321,0,78,19,2,99,214,161,39,6,420,4,0,4,424
10/01/2021,SJU,PR,ASO,ES,Towers with Radar,201,78,25,0,304,0,88,23,0,111,201,166,48,0,415,0,0,0,415
10/02/2021,SJU,PR,ASO,ES,Towers with Radar,184,42,27,0,253,0,71,11,0,82,184,113,38,0,335,0,0,0,335
10/03/2021,SJU,PR,ASO,ES,Towers with Radar,175,55,17,1,248,0,65,9,1,75,175,120,26,2,323,0,0,0,323
10/04/2021,SJU,PR,ASO,ES,Towers with Radar,188,98,19,13,318,0,89,12,4,105,188,187,31,17,423,0,0,0,423
10/05/2021,SJU,PR,ASO,ES,Towers with Radar,175,84,33,0,292,0,66,19,1,86,175,150,52,1,378,0,0,0,378
10/06/2021,SJU,PR,ASO,ES,Towers with Radar,181,98,22,0,301,0,75,12,0,87,181,173,34,0,388,0,0,0,388
10/07/2021,SJU,PR,ASO,ES,Towers with Radar,196,83,28,0,307,0,84,9,2,95,196,167,37,2,402,6,0,6,408
10/08/2021,SJU,PR,ASO,ES,Towers with Radar,192,90,22,5,309,0,89,22,1,112,192,179,44,6,421,0,0,0,421
10/09/2021,SJU,PR,ASO,ES,Towers with Radar,201,46,13,1,261,0,67,13,0,80,201,113,26,1,341,0,0,0,341
10/10/2021,SJU,PR,ASO,ES,Towers with Radar,179,37,9,0,225,0,54,5,0,59,179,91,14,0,284,0,0,0,284
10/11/2021,SJU,PR,ASO,ES,Towers with Radar,183,85,18,0,286,0,61,17,0,78,183,146,35,0,364,0,0,0,364
10/12/2021,SJU,PR,ASO,ES,Towers with Radar,186,77,15,0,278,0,69,16,0,85,186,146,31,0,363,0,0,0,363
10/13/2021,SJU,PR,ASO,ES,Towers with Radar,197,79,23,4,303,0,74,17,1,92,197,153,40,5,395,0,0,0,395
10/14/2021,SJU,PR,ASO,ES,Towers with Radar,199,77,17,1,294,0,82,14,0,96,199,159,31,1,390,0,0,0,390
10/15/2021,SJU,PR,ASO,ES,Towers with Radar,194,99,24,0,317,0,88,19,2,109,194,187,43,2,426,0,0,0,426
10/16/2021,SJU,PR,ASO,ES,Towers with Radar,200,58,13,1,272,0,58,12,2,72,200,116,25,3,344,0,0,0,344
10/17/2021,SJU,PR,ASO,ES,Towers with Radar,179,44,15,3,241,0,60,13,1,74,179,104,28,4,315,0,0,0,315
10/18/2021,SJU,PR,ASO,ES,Towers with Radar,189,92,27,1,309,0,90,26,2,118,189,182,53,3,427,0,0,0,427
10/19/2021,SJU,PR,ASO,ES,Towers with Radar,189,79,20,3,291,0,88,22,1,111,189,167,42,4,402,6,0,6,408
10/20/2021,SJU,PR,ASO,ES,Towers with Radar,208,70,27,0,305,0,72,13,1,86,208,142,40,1,391,0,0,0,391
10/21/2021,SJU,PR,ASO,ES,Towers with Radar,198,91,28,13,330,0,88,20,1,109,198,179,48,14,439,0,0,0,439
10/22/2021,SJU,PR,ASO,ES,Towers with Radar,200,81,19,0,300,0,84,20,0,104,200,165,39,0,404,2,0,2,406
10/23/2021,SJU,PR,ASO,ES,Towers with Radar,208,42,30,2,282,0,84,17,1,102,208,126,47,3,384,0,0,0,384
10/24/2021,SJU,PR,ASO,ES,Towers with Radar,184,43,23,0,250,0,76,3,0,79,184,119,26,0,329,0,0,0,329
10/25/2021,SJU,PR,ASO,ES,Towers with Radar,191,89,28,0,308,0,70,21,0,91,191,159,49,0,399,0,0,0,399
10/26/2021,SJU,PR,ASO,ES,Towers with Radar,192,62,16,0,270,0,96,16,0,112,192,158,32,0,382,6,0,6,388
10/27/2021,SJU,PR,ASO,ES,Towers with Radar,182,74,22,11,289,0,87,12,1,100,182,161,34,12,389,0,0,0,389
10/28/2021,SJU,PR,ASO,ES,Towers with Radar,191,82,18,3,294,0,90,19,1,110,191,172,37,4,404,0,0,0,404
10/29/2021,SJU,PR,ASO,ES,Towers with Radar,195,91,29,2,317,2,85,23,0,110,197,176,52,2,427,0,0,0,427
10/30/2021,SJU,PR,ASO,ES,Towers with Radar,186,57,22,7,272,0,83,17,0,100,186,140,39,7,372,0,0,0,372
10/31/2021,SJU,PR,ASO,ES,Towers with Radar,170,42,16,1,229,0,68,15,0,83,170,110,31,1,312,0,0,0,312
11/01/2021,SJU,PR,ASO,ES,Towers with Radar,183,65,32,0,280,0,99,33,0,132,183,164,65,0,412,6,0,6,418
11/02/2021,SJU,PR,ASO,ES,Towers with Radar,189,84,35,0,308,0,105,33,0,138,189,189,68,0,446,6,0,6,452
11/03/2021,SJU,PR,ASO,ES,Towers with Radar,182,79,32,2,295,0,112,15,0,127,182,191,47,2,422,0,0,0,422
11/04/2021,SJU,PR,ASO,ES,Towers with Radar,196,84,40,0,320,0,110,27,1,138,196,194,67,1,458,0,0,0,458
11/05/2021,SJU,PR,ASO,ES,Towers with Radar,205,95,35,2,337,0,90,33,1,124,205,185,68,3,461,0,0,0,461
11/06/2021,SJU,PR,ASO,ES,Towers with Radar,181,50,16,1,248,0,89,10,0,99,181,139,26,1,347,0,0,0,347
11/07/2021,SJU,PR,ASO,ES,Towers with Radar,170,48,27,2,247,0,92,15,0,107,170,140,42,2,354,0,0,0,354
11/08/2021,SJU,PR,ASO,ES,Towers with Radar,193,85,30,2,310,0,122,18,0,140,193,207,48,2,450,0,0,0,450
11/09/2021,SJU,PR,ASO,ES,Towers with Radar,174,76,35,11,296,0,118,23,3,144,174,194,58,14,440,6,0,6,446
11/10/2021,SJU,PR,ASO,ES,Towers with Radar,185,72,44,4,305,0,110,28,2,140,185,182,72,6,445,7,0,7,452
11/11/2021,SJU,PR,ASO,ES,Towers with Radar,189,66,26,4,285,0,123,19,1,143,189,189,45,5,428,4,0,4,432
11/12/2021,SJU,PR,ASO,ES,Towers with Radar,202,106,20,2,330,0,102,22,1,125,202,208,42,3,455,2,0,2,457
11/13/2021,SJU,PR,ASO,ES,Towers with Radar,208,47,26,1,282,0,101,13,1,115,208,148,39,2,397,0,0,0,397
11/14/2021,SJU,PR,ASO,ES,Towers with Radar,181,47,29,0,257,0,85,8,0,93,181,132,37,0,350,0,0,0,350
11/15/2021,SJU,PR,ASO,ES,Towers with Radar,197,88,27,1,313,0,101,7,1,109,197,189,34,2,422,0,0,0,422
11/16/2021,SJU,PR,ASO,ES,Towers with Radar,173,87,34,2,296,0,113,22,3,138,173,200,56,5,434,25,0,25,459
11/17/2021,SJU,PR,ASO,ES,Towers with Radar,189,96,23,0,308,0,104,36,6,146,189,200,59,6,454,0,0,0,454
11/18/2021,SJU,PR,ASO,ES,Towers with Radar,196,119,38,2,355,0,134,19,1,154,196,253,57,3,509,0,0,0,509
11/19/2021,SJU,PR,ASO,ES,Towers with Radar,221,105,38,2,366,0,124,39,0,163,221,229,77,2,529,0,0,0,529
11/20/2021,SJU,PR,ASO,ES,Towers with Radar,213,54,29,0,296,0,125,18,1,144,213,179,47,1,440,0,0,0,440
11/21/2021,SJU,PR,ASO,ES,Towers with Radar,197,49,35,1,282,0,119,24,0,143,197,168,59,1,425,0,0,0,425
11/22/2021,SJU,PR,ASO,ES,Towers with Radar,215,89,25,5,334,0,106,22,1,129,215,195,47,6,463,14,0,14,477
11/23/2021,SJU,PR,ASO,ES,Towers with Radar,217,85,25,1,328,0,107,21,0,128,217,192,46,1,456,58,0,58,514
11/24/2021,SJU,PR,ASO,ES,Towers with Radar,216,80,28,0,324,0,123,6,0,129,216,203,34,0,453,0,0,0,453
11/25/2021,SJU,PR,ASO,ES,Towers with Radar,168,64,23,0,255,0,70,6,1,77,168,134,29,1,332,0,0,0,332
11/26/2021,SJU,PR,ASO,ES,Towers with Radar,176,90,22,1,289,0,99,12,0,111,176,189,34,1,400,16,0,16,416
11/27/2021,SJU,PR,ASO,ES,Towers with Radar,215,63,30,1,309,0,122,25,1,148,215,185,55,2,457,0,0,0,457
11/28/2021,SJU,PR,ASO,ES,Towers with Radar,201,57,49,1,308,0,119,26,1,146,201,176,75,2,454,0,0,0,454
11/29/2021,SJU,PR,ASO,ES,Towers with Radar,217,89,29,4,339,0,131,15,1,147,217,220,44,5,486,0,0,0,486
11/30/2021,SJU,PR,ASO,ES,Towers with Radar,207,113,22,3,345,0,97,25,0,122,207,210,47,3,467,0,0,0,467
12/01/2021,SJU,PR,ASO,ES,Towers with Radar,221,116,28,2,367,0,88,23,3,114,221,204,51,5,481,0,0,0,481
12/02/2021,SJU,PR,ASO,ES,Towers with Radar,213,92,49,1,355,0,126,35,2,163,213,218,84,3,518,6,0,6,524
12/03/2021,SJU,PR,ASO,ES,Towers with Radar,221,99,36,1,357,0,97,16,3,116,221,196,52,4,473,0,0,0,473
12/04/2021,SJU,PR,ASO,ES,Towers with Radar,234,61,23,4,322,0,90,13,0,103,234,151,36,4,425,0,0,0,425
12/05/2021,SJU,PR,ASO,ES,Towers with Radar,193,56,35,1,285,0,91,16,1,108,193,147,51,2,393,0,0,0,393
12/06/2021,SJU,PR,ASO,ES,Towers with Radar,212,96,26,1,335,0,103,9,3,115,212,199,35,4,450,0,0,0,450
12/07/2021,SJU,PR,ASO,ES,Towers with Radar,176,89,30,2,297,0,100,22,0,122,176,189,52,2,419,0,0,0,419
12/08/2021,SJU,PR,ASO,ES,Towers with Radar,201,100,40,0,341,0,87,14,7,108,201,187,54,7,449,8,0,8,457
12/09/2021,SJU,PR,ASO,ES,Towers with Radar,206,107,36,2,351,0,103,15,4,122,206,210,51,6,473,8,0,8,481
12/10/2021,SJU,PR,ASO,ES,Towers with Radar,214,117,25,1,357,0,98,21,2,121,214,215,46,3,478,0,0,0,478
12/11/2021,SJU,PR,ASO,ES,Towers with Radar,220,54,25,3,302,0,99,13,1,113,220,153,38,4,415,0,0,0,415
12/12/2021,SJU,PR,ASO,ES,Towers with Radar,192,57,31,1,281,0,94,16,3,113,192,151,47,4,394,0,0,0,394
12/13/2021,SJU,PR,ASO,ES,Towers with Radar,200,105,31,2,338,0,78,25,1,104,200,183,56,3,442,0,0,0,442
12/14/2021,SJU,PR,ASO,ES,Towers with Radar,199,88,19,5,311,0,93,10,1,104,199,181,29,6,415,0,0,0,415
12/15/2021,SJU,PR,ASO,ES,Towers with Radar,204,109,31,2,346,0,104,29,1,134,204,213,60,3,480,18,0,18,498
12/16/2021,SJU,PR,ASO,ES,Towers with Radar,228,108,39,6,381,0,84,34,3,121,228,192,73,9,502,0,0,0,502
12/17/2021,SJU,PR,ASO,ES,Towers with Radar,244,124,50,4,422,0,120,32,2,154,244,244,82,6,576,0,0,0,576
12/18/2021,SJU,PR,ASO,ES,Towers with Radar,236,64,44,5,349,0,113,25,1,139,236,177,69,6,488,0,0,0,488
12/19/2021,SJU,PR,ASO,ES,Towers with Radar,216,65,42,5,328,0,105,18,1,124,216,170,60,6,452,16,0,16,468
12/20/2021,SJU,PR,ASO,ES,Towers with Radar,232,113,45,5,395,0,116,25,1,142,232,229,70,6,537,4,0,4,541
12/21/2021,SJU,PR,ASO,ES,Towers with Radar,246,109,38,5,398,0,100,31,1,132,246,209,69,6,530,6,0,6,536
12/22/2021,SJU,PR,ASO,ES,Towers with Radar,242,96,31,2,371,0,124,27,0,151,242,220,58,2,522,0,0,0,522
12/23/2021,SJU,PR,ASO,ES,Towers with Radar,252,108,19,0,379,0,112,20,3,135,252,220,39,3,514,0,0,0,514
12/24/2021,SJU,PR,ASO,ES,Towers with Radar,224,90,12,3,329,1,114,12,0,127,225,204,24,3,456,0,0,0,456
12/25/2021,SJU,PR,ASO,ES,Towers with Radar,209,49,11,0,269,0,87,5,0,92,209,136,16,0,361,0,0,0,361
12/26/2021,SJU,PR,ASO,ES,Towers with Radar,217,63,30,0,310,0,104,40,0,144,217,167,70,0,454,0,0,0,454
12/27/2021,SJU,PR,ASO,ES,Towers with Radar,218,86,40,0,344,0,121,35,0,156,218,207,75,0,500,0,0,0,500
12/28/2021,SJU,PR,ASO,ES,Towers with Radar,246,94,35,0,375,0,124,25,0,149,246,218,60,0,524,0,0,0,524
12/29/2021,SJU,PR,ASO,ES,Towers with Radar,224,78,23,3,328,0,116,17,1,134,224,194,40,4,462,0,0,0,462
12/30/2021,SJU,PR,ASO,ES,Towers with Radar,242,104,31,0,377,0,109,21,0,130,242,213,52,0,507,0,0,0,507
12/31/2021,SJU,PR,ASO,ES,Towers with Radar,226,86,13,0,325,0,104,10,0,114,226,190,23,0,439,0,0,0,439
01/01/2022,SJU,PR,ASO,ES,Towers with Radar,209,58,29,0,296,0,106,10,0,116,209,164,39,0,412,0,0,0,412
01/02/2022,SJU,PR,ASO,ES,Towers with Radar,221,63,57,6,347,0,132,36,4,172,221,195,93,10,519,0,0,0,519
01/03/2022,SJU,PR,ASO,ES,Towers with Radar,225,82,38,2,347,2,125,33,0,160,227,207,71,2,507,0,0,0,507
01/04/2022,SJU,PR,ASO,ES,Towers with Radar,264,102,32,2,400,0,130,29,0,159,264,232,61,2,559,0,0,0,559
01/05/2022,SJU,PR,ASO,ES,Towers with Radar,214,81,21,2,318,0,109,23,0,132,214,190,44,2,450,0,0,0,450
01/06/2022,SJU,PR,ASO,ES,Towers with Radar,224,99,20,4,347,0,98,10,0,108,224,197,30,4,455,0,0,0,455
01/07/2022,SJU,PR,ASO,ES,Towers with Radar,198,79,20,2,299,0,106,25,1,132,198,185,45,3,431,6,0,6,437
01/08/2022,SJU,PR,ASO,ES,Towers with Radar,240,64,24,3,331,0,111,21,0,132,240,175,45,3,463,0,0,0,463
01/09/2022,SJU,PR,ASO,ES,Towers with Radar,197,54,26,6,283,0,107,7,0,114,197,161,33,6,397,5,0,5,402
01/10/2022,SJU,PR,ASO,ES,Towers with Radar,214,102,23,4,343,0,122,13,5,140,214,224,36,9,483,6,0,6,489
01/11/2022,SJU,PR,ASO,ES,Towers with Radar,211,87,28,4,330,0,106,27,0,133,211,193,55,4,463,27,0,27,490
01/12/2022,SJU,PR,ASO,ES,Towers with Radar,216,83,23,6,328,0,100,13,1,114,216,183,36,7,442,0,0,0,442
01/13/2022,SJU,PR,ASO,ES,Towers with Radar,201,98,25,0,324,0,112,15,0,127,201,210,40,0,451,0,0,0,451
01/14/2022,SJU,PR,ASO,ES,Towers with Radar,199,96,28,0,323,0,139,19,1,159,199,235,47,1,482,0,0,0,482
01/15/2022,SJU,PR,ASO,ES,Towers with Radar,217,59,28,1,305,1,93,21,0,115,218,152,49,1,420,0,0,0,420
01/16/2022,SJU,PR,ASO,ES,Towers with Radar,179,52,24,1,256,0,93,8,0,101,179,145,32,1,357,0,0,0,357
01/17/2022,SJU,PR,ASO,ES,Towers with Radar,192,89,21,1,303,0,104,13,0,117,192,193,34,1,420,0,0,0,420
01/18/2022,SJU,PR,ASO,ES,Towers with Radar,206,75,24,1,306,0,130,18,1,149,206,205,42,2,455,0,0,0,455
01/19/2022,SJU,PR,ASO,ES,Towers with Radar,192,89,23,17,321,0,98,17,2,117,192,187,40,19,438,0,0,0,438
01/20/2022,SJU,PR,ASO,ES,Towers with Radar,196,87,23,1,307,0,116,23,8,147,196,203,46,9,454,0,0,0,454
01/21/2022,SJU,PR,ASO,ES,Towers with Radar,198,94,31,9,332,0,109,29,2,140,198,203,60,11,472,0,0,0,472
01/22/2022,SJU,PR,ASO,ES,Towers with Radar,212,56,23,18,309,0,110,25,2,137,212,166,48,20,446,0,0,0,446
01/23/2022,SJU,PR,ASO,ES,Towers with Radar,178,50,20,8,256,0,103,9,2,114,178,153,29,10,370,0,0,0,370
01/24/2022,SJU,PR,ASO,ES,Towers with Radar,183,100,21,6,310,0,119,24,1,144,183,219,45,7,454,0,0,0,454
01/25/2022,SJU,PR,ASO,ES,Towers with Radar,179,84,27,3,293,0,105,31,1,137,179,189,58,4,430,0,0,0,430
01/26/2022,SJU,PR,ASO,ES,Towers with Radar,201,88,38,4,331,0,111,51,0,162,201,199,89,4,493,0,0,0,493
01/27/2022,SJU,PR,ASO,ES,Towers with Radar,194,110,35,1,340,0,137,26,2,165,194,247,61,3,505,2,0,2,507
01/28/2022,SJU,PR,ASO,ES,Towers with Radar,200,83,32,1,316,0,124,26,2,152,200,207,58,3,468,0,0,0,468
01/29/2022,SJU,PR,ASO,ES,Towers with Radar,166,47,35,1,249,0,110,22,2,134,166,157,57,3,383,0,3,3,386
01/30/2022,SJU,PR,ASO,ES,Towers with Radar,181,83,36,3,303,0,77,17,1,95,181,160,53,4,398,0,0,0,398
01/31/2022,SJU,PR,ASO,ES,Towers with Radar,184,91,42,9,326,0,111,33,1,145,184,202,75,10,471,3,0,3,474
02/01/2022,SJU,PR,ASO,ES,Towers with Radar,180,94,31,0,305,0,96,22,1,119,180,190,53,1,424,0,0,0,424
02/02/2022,SJU,PR,ASO,ES,Towers with Radar,193,81,25,2,301,0,100,31,1,132,193,181,56,3,433,1,0,1,434
02/03/2022,SJU,PR,ASO,ES,Towers with Radar,171,99,35,2,307,0,113,31,4,148,171,212,66,6,455,0,0,0,455
02/04/2022,SJU,PR,ASO,ES,Towers with Radar,179,109,29,5,322,0,84,11,0,95,179,193,40,5,417,0,0,0,417
02/05/2022,SJU,PR,ASO,ES,Towers with Radar,194,93,31,1,319,0,45,9,0,54,194,138,40,1,373,0,0,0,373
02/06/2022,SJU,PR,ASO,ES,Towers with Radar,190,85,46,0,321,0,35,13,1,49,190,120,59,1,370,0,0,0,370
02/07/2022,SJU,PR,ASO,ES,Towers with Radar,187,119,28,13,347,6,75,16,1,98,193,194,44,14,445,0,0,0,445
02/08/2022,SJU,PR,ASO,ES,Towers with Radar,190,96,30,2,318,0,112,32,2,146,190,208,62,4,464,0,1,1,465
02/09/2022,SJU,PR,ASO,ES,Towers with Radar,194,94,40,3,331,0,114,47,4,165,194,208,87,7,496,14,1,15,511
02/10/2022,SJU,PR,ASO,ES,Towers with Radar,196,91,26,1,314,0,112,31,2,145,196,203,57,3,459,0,0,0,459
02/11/2022,SJU,PR,ASO,ES,Towers with Radar,193,110,40,2,345,0,131,38,2,171,193,241,78,4,516,0,0,0,516
02/12/2022,SJU,PR,ASO,ES,Towers with Radar,213,85,29,0,327,0,95,16,1,112,213,180,45,1,439,0,0,0,439
02/13/2022,SJU,PR,ASO,ES,Towers with Radar,197,88,31,0,316,0,79,15,1,95,197,167,46,1,411,0,0,0,411
02/14/2022,SJU,PR,ASO,ES,Towers with Radar,199,98,33,5,335,0,111,33,4,148,199,209,66,9,483,0,0,0,483
02/15/2022,SJU,PR,ASO,ES,Towers with Radar,192,77,36,9,314,0,126,41,3,170,192,203,77,12,484,0,0,0,484
02/16/2022,SJU,PR,ASO,ES,Towers with Radar,208,89,48,4,349,0,111,34,2,147,208,200,82,6,496,0,0,0,496
02/17/2022,SJU,PR,ASO,ES,Towers with Radar,228,105,48,1,382,0,128,20,0,148,228,233,68,1,530,0,0,0,530
02/18/2022,SJU,PR,ASO,ES,Towers with Radar,218,129,45,0,392,0,116,31,2,149,218,245,76,2,541,0,0,0,541
02/19/2022,SJU,PR,ASO,ES,Towers with Radar,223,78,27,0,328,0,111,33,0,144,223,189,60,0,472,0,1,1,473
02/20/2022,SJU,PR,ASO,ES,Towers with Radar,211,44,28,1,284,0,102,14,0,116,211,146,42,1,400,0,0,0,400
02/21/2022,SJU,PR,ASO,ES,Towers with Radar,202,84,36,3,325,0,126,23,1,150,202,210,59,4,475,0,0,0,475
02/22/2022,SJU,PR,ASO,ES,Towers with Radar,211,83,38,2,334,0,116,48,1,165,211,199,86,3,499,0,0,0,499
02/23/2022,SJU,PR,ASO,ES,Towers with Radar,203,95,27,0,325,0,126,37,0,163,203,221,64,0,488,0,0,0,488
02/24/2022,SJU,PR,ASO,ES,Towers with Radar,215,86,23,0,324,8,114,28,1,151,223,200,51,1,475,0,0,0,475
02/25/2022,SJU,PR,ASO,ES,Towers with Radar,202,96,40,2,340,0,129,19,3,151,202,225,59,5,491,0,0,0,491
02/26/2022,SJU,PR,ASO,ES,Towers with Radar,224,52,29,2,307,0,133,24,3,160,224,185,53,5,467,2,0,2,469
02/27/2022,SJU,PR,ASO,ES,Towers with Radar,213,57,32,1,303,0,100,30,0,130,213,157,62,1,433,0,0,0,433
02/28/2022,SJU,PR,ASO,ES,Towers with Radar,215,100,33,0,348,0,125,17,2,144,215,225,50,2,492,0,0,0,492
03/01/2022,SJU,PR,ASO,ES,Towers with Radar,222,84,37,3,346,28,110,15,1,154,250,194,52,4,500,0,0,0,500
03/02/2022,SJU,PR,ASO,ES,Towers with Radar,216,70,35,2,323,0,125,36,0,161,216,195,71,2,484,12,0,12,496
03/03/2022,SJU,PR,ASO,ES,Towers with Radar,228,93,29,1,351,0,107,24,0,131,228,200,53,1,482,22,0,22,504
03/04/2022,SJU,PR,ASO,ES,Towers with Radar,216,102,28,2,348,24,93,21,2,140,240,195,49,4,488,0,0,0,488
03/05/2022,SJU,PR,ASO,ES,Towers with Radar,225,84,32,0,341,11,99,18,0,128,236,183,50,0,469,0,0,0,469
03/06/2022,SJU,PR,ASO,ES,Towers with Radar,218,81,30,0,329,0,86,15,0,101,218,167,45,0,430,0,0,0,430
03/07/2022,SJU,PR,ASO,ES,Towers with Radar,214,96,30,0,340,6,95,23,3,127,220,191,53,3,467,0,0,0,467
03/08/2022,SJU,PR,ASO,ES,Towers with Radar,233,79,27,0,339,0,120,26,0,146,233,199,53,0,485,0,0,0,485
03/09/2022,SJU,PR,ASO,ES,Towers with Radar,205,67,28,0,300,0,122,23,0,145,205,189,51,0,445,42,0,42,487
03/10/2022,SJU,PR,ASO,ES,Towers with Radar,213,85,28,2,328,0,94,19,1,114,213,179,47,3,442,22,0,22,464
03/11/2022,SJU,PR,ASO,ES,Towers with Radar,213,95,22,1,331,0,144,31,1,176,213,239,53,2,507,4,0,4,511
03/12/2022,SJU,PR,ASO,ES,Towers with Radar,223,87,50,3,363,0,80,35,0,115,223,167,85,3,478,0,0,0,478
03/13/2022,SJU,PR,ASO,ES,Towers with Radar,217,55,46,2,320,0,93,14,0,107,217,148,60,2,427,0,0,0,427
03/14/2022,SJU,PR,ASO,ES,Towers with Radar,198,106,31,3,338,0,114,12,1,127,198,220,43,4,465,0,0,0,465
03/15/2022,SJU,PR,ASO,ES,Towers with Radar,210,87,40,2,339,0,121,27,3,151,210,208,67,5,490,0,0,0,490
03/16/2022,SJU,PR,ASO,ES,Towers with Radar,202,78,37,2,319,0,121,29,2,152,202,199,66,4,471,4,0,4,475
03/17/2022,SJU,PR,ASO,ES,Towers with Radar,233,96,40,1,370,0,95,22,0,117,233,191,62,1,487,4,0,4,491
03/18/2022,SJU,PR,ASO,ES,Towers with Radar,206,96,27,3,332,0,119,22,3,144,206,215,49,6,476,0,0,0,476
03/19/2022,SJU,PR,ASO,ES,Towers with Radar,232,82,34,0,348,0,127,37,0,164,232,209,71,0,512,0,0,0,512
03/20/2022,SJU,PR,ASO,ES,Towers with Radar,188,64,29,0,281,1,106,24,0,131,189,170,53,0,412,5,0,5,417
03/21/2022,SJU,PR,ASO,ES,Towers with Radar,204,128,25,2,359,0,100,22,2,124,204,228,47,4,483,0,0,0,483
03/22/2022,SJU,PR,ASO,ES,Towers with Radar,215,121,16,3,355,0,100,21,3,124,215,221,37,6,479,0,0,0,479
03/23/2022,SJU,PR,ASO,ES,Towers with Radar,217,84,27,1,329,0,95,23,0,118,217,179,50,1,447,27,0,27,474
03/24/2022,SJU,PR,ASO,ES,Towers with Radar,220,122,29,0,371,0,106,31,2,139,220,228,60,2,510,0,0,0,510
03/25/2022,SJU,PR,ASO,ES,Towers with Radar,210,118,31,2,361,0,108,27,0,135,210,226,58,2,496,0,0,0,496
03/26/2022,SJU,PR,ASO,ES,Towers with Radar,231,83,34,1,349,0,125,16,0,141,231,208,50,1,490,0,0,0,490
03/27/2022,SJU,PR,ASO,ES,Towers with Radar,197,67,31,0,295,0,89,22,0,111,197,156,53,0,406,0,0,0,406
03/28/2022,SJU,PR,ASO,ES,Towers with Radar,213,92,21,2,328,0,117,16,1,134,213,209,37,3,462,0,0,0,462
03/29/2022,SJU,PR,ASO,ES,Towers with Radar,221,84,31,3,339,0,134,21,1,156,221,218,52,4,495,0,0,0,495
03/30/2022,SJU,PR,ASO,ES,Towers with Radar,208,76,31,2,317,0,119,19,1,139,208,195,50,3,456,0,0,0,456
03/31/2022,SJU,PR,ASO,ES,Towers with Radar,202,96,26,0,324,0,109,22,1,132,202,205,48,1,456,5,0,5,461
04/01/2022,SJU,PR,ASO,ES,Towers with Radar,204,97,21,1,323,0,126,19,2,147,204,223,40,3,470,6,0,6,476
04/02/2022,SJU,PR,ASO,ES,Towers with Radar,222,86,28,1,337,0,101,33,1,135,222,187,61,2,472,20,0,20,492
04/03/2022,SJU,PR,ASO,ES,Towers with Radar,160,50,25,1,236,0,89,20,0,109,160,139,45,1,345,0,0,0,345
04/04/2022,SJU,PR,ASO,ES,Towers with Radar,184,92,25,4,305,0,104,24,3,131,184,196,49,7,436,0,0,0,436
04/05/2022,SJU,PR,ASO,ES,Towers with Radar,209,78,37,3,327,0,118,12,2,132,209,196,49,5,459,20,0,20,479
04/06/2022,SJU,PR,ASO,ES,Towers with Radar,211,88,30,4,333,0,87,26,0,113,211,175,56,4,446,1,0,1,447
04/07/2022,SJU,PR,ASO,ES,Towers with Radar,210,86,21,4,321,0,92,33,0,125,210,178,54,4,446,0,0,0,446
04/08/2022,SJU,PR,ASO,ES,Towers with Radar,200,98,32,4,334,0,109,21,0,130,200,207,53,4,464,0,0,0,464
04/09/2022,SJU,PR,ASO,ES,Towers with Radar,212,58,43,4,317,0,127,41,0,168,212,185,84,4,485,0,0,0,485
04/10/2022,SJU,PR,ASO,ES,Towers with Radar,208,54,26,5,293,0,86,12,0,98,208,140,38,5,391,0,0,0,391
04/11/2022,SJU,PR,ASO,ES,Towers with Radar,204,106,29,3,342,0,108,23,2,133,204,214,52,5,475,0,0,0,475
04/12/2022,SJU,PR,ASO,ES,Towers with Radar,217,79,34,1,331,0,100,24,4,128,217,179,58,5,459,0,0,0,459
04/13/2022,SJU,PR,ASO,ES,Towers with Radar,218,85,38,9,350,0,104,36,1,141,218,189,74,10,491,0,0,0,491
04/14/2022,SJU,PR,ASO,ES,Towers with Radar,224,99,28,0,351,0,106,22,0,128,224,205,50,0,479,0,0,0,479
04/15/2022,SJU,PR,ASO,ES,Towers with Radar,246,60,24,1,331,0,94,21,0,115,246,154,45,1,446,0,0,0,446
04/16/2022,SJU,PR,ASO,ES,Towers with Radar,246,78,19,0,343,0,93,33,0,126,246,171,52,0,469,4,0,4,473
04/17/2022,SJU,PR,ASO,ES,Towers with Radar,218,46,29,0,293,0,89,29,0,118,218,135,58,0,411,3,0,3,414
04/18/2022,SJU,PR,ASO,ES,Towers with Radar,205,89,30,2,326,0,115,27,3,145,205,204,57,5,471,0,0,0,471
04/19/2022,SJU,PR,ASO,ES,Towers with Radar,217,106,22,5,350,0,108,24,0,132,217,214,46,5,482,0,0,0,482
04/20/2022,SJU,PR,ASO,ES,Towers with Radar,222,79,25,0,326,0,100,20,0,120,222,179,45,0,446,0,0,0,446
04/21/2022,SJU,PR,ASO,ES,Towers with Radar,224,100,37,1,362,0,92,34,0,126,224,192,71,1,488,0,0,0,488
04/22/2022,SJU,PR,ASO,ES,Towers with Radar,227,106,29,1,363,0,110,44,3,157,227,216,73,4,520,1,0,1,521
04/23/2022,SJU,PR,ASO,ES,Towers with Radar,243,72,19,0,334,0,132,35,0,167,243,204,54,0,501,0,0,0,501
04/24/2022,SJU,PR,ASO,ES,Towers with Radar,213,51,46,1,311,0,87,17,0,104,213,138,63,1,415,0,0,0,415
04/25/2022,SJU,PR,ASO,ES,Towers with Radar,205,95,36,0,336,0,122,16,0,138,205,217,52,0,474,0,0,0,474
04/26/2022,SJU,PR,ASO,ES,Towers with Radar,214,89,30,0,333,0,112,40,0,152,214,201,70,0,485,0,0,0,485
04/27/2022,SJU,PR,ASO,ES,Towers with Radar,224,88,27,7,346,0,100,27,0,127,224,188,54,7,473,10,0,10,483
04/28/2022,SJU,PR,ASO,ES,Towers with Radar,218,98,25,0,341,0,77,26,2,105,218,175,51,2,446,0,0,0,446
04/29/2022,SJU,PR,ASO,ES,Towers with Radar,218,104,25,0,347,0,88,36,2,126,218,192,61,2,473,0,0,0,473
04/30/2022,SJU,PR,ASO,ES,Towers with Radar,245,89,17,1,352,0,43,7,0,50,245,132,24,1,402,0,0,0,402
05/01/2022,SJU,PR,ASO,ES,Towers with Radar,219,87,34,2,342,0,53,33,0,86,219,140,67,2,428,0,0,0,428
05/02/2022,SJU,PR,ASO,ES,Towers with Radar,227,101,31,4,363,0,90,24,2,116,227,191,55,6,479,8,0,8,487
05/03/2022,SJU,PR,ASO,ES,Towers with Radar,227,88,37,2,354,0,95,28,2,125,227,183,65,4,479,0,0,0,479
05/04/2022,SJU,PR,ASO,ES,Towers with Radar,231,88,40,0,359,0,90,27,2,119,231,178,67,2,478,0,0,0,478
05/05/2022,SJU,PR,ASO,ES,Towers with Radar,231,77,31,1,340,0,100,32,0,132,231,177,63,1,472,4,0,4,476
05/06/2022,SJU,PR,ASO,ES,Towers with Radar,216,94,20,5,335,0,101,13,1,115,216,195,33,6,450,4,0,4,454
05/07/2022,SJU,PR,ASO,ES,Towers with Radar,239,50,7,2,298,0,91,9,0,100,239,141,16,2,398,0,0,0,398
05/08/2022,SJU,PR,ASO,ES,Towers with Radar,202,51,16,0,269,0,65,9,0,74,202,116,25,0,343,0,0,0,343
05/09/2022,SJU,PR,ASO,ES,Towers with Radar,214,81,26,3,324,0,71,14,0,85,214,152,40,3,409,1,0,1,410
05/10/2022,SJU,PR,ASO,ES,Towers with Radar,211,85,26,2,324,0,74,40,0,114,211,159,66,2,438,0,0,0,438
05/11/2022,SJU,PR,ASO,ES,Towers with Radar,229,83,29,8,349,0,81,10,1,92,229,164,39,9,441,0,0,0,441
05/12/2022,SJU,PR,ASO,ES,Towers with Radar,214,108,37,1,360,0,87,27,1,115,214,195,64,2,475,0,0,0,475
05/13/2022,SJU,PR,ASO,ES,Towers with Radar,219,86,11,5,321,0,80,17,1,98,219,166,28,6,419,0,0,0,419
05/14/2022,SJU,PR,ASO,ES,Towers with Radar,232,73,19,1,325,0,71,12,2,85,232,144,31,3,410,0,0,0,410
05/15/2022,SJU,PR,ASO,ES,Towers with Radar,211,53,13,0,277,0,63,27,1,91,211,116,40,1,368,0,0,0,368
05/16/2022,SJU,PR,ASO,ES,Towers with Radar,210,99,28,2,339,0,75,20,4,99,210,174,48,6,438,10,0,10,448
05/17/2022,SJU,PR,ASO,ES,Towers with Radar,225,75,27,1,328,0,114,48,3,165,225,189,75,4,493,6,0,6,499
05/18/2022,SJU,PR,ASO,ES,Towers with Radar,215,78,30,4,327,0,78,27,3,108,215,156,57,7,435,15,0,15,450
05/19/2022,SJU,PR,ASO,ES,Towers with Radar,211,91,25,2,329,0,86,37,0,123,211,177,62,2,452,0,0,0,452
05/20/2022,SJU,PR,ASO,ES,Towers with Radar,218,90,18,0,326,0,104,31,0,135,218,194,49,0,461,0,0,0,461
05/21/2022,SJU,PR,ASO,ES,Towers with Radar,220,52,14,0,286,0,76,11,0,87,220,128,25,0,373,0,0,0,373
05/22/2022,SJU,PR,ASO,ES,Towers with Radar,196,35,8,0,239,0,59,7,1,67,196,94,15,1,306,0,0,0,306
05/23/2022,SJU,PR,ASO,ES,Towers with Radar,211,77,14,8,310,0,72,12,4,88,211,149,26,12,398,0,0,0,398
05/24/2022,SJU,PR,ASO,ES,Towers with Radar,229,82,26,3,340,0,79,23,2,104,229,161,49,5,444,0,0,0,444
05/25/2022,SJU,PR,ASO,ES,Towers with Radar,209,80,25,6,320,0,75,16,2,93,209,155,41,8,413,0,0,0,413
05/26/2022,SJU,PR,ASO,ES,Towers with Radar,237,105,30,3,375,0,76,24,1,101,237,181,54,4,476,10,0,10,486
05/27/2022,SJU,PR,ASO,ES,Towers with Radar,206,87,16,2,311,0,90,14,1,105,206,177,30,3,416,0,0,0,416
05/28/2022,SJU,PR,ASO,ES,Towers with Radar,262,60,22,0,344,0,63,18,1,82,262,123,40,1,426,0,0,0,426
05/29/2022,SJU,PR,ASO,ES,Towers with Radar,207,37,20,0,264,0,69,15,0,84,207,106,35,0,348,0,0,0,348
05/30/2022,SJU,PR,ASO,ES,Towers with Radar,196,57,15,0,268,0,90,19,1,110,196,147,34,1,378,0,0,0,378
05/31/2022,SJU,PR,ASO,ES,Towers with Radar,202,78,28,0,308,0,72,27,2,101,202,150,55,2,409,0,0,0,409
06/01/2022,SJU,PR,ASO,ES,Towers with Radar,214,64,21,2,301,7,70,21,1,99,221,134,42,3,400,0,0,0,400
06/02/2022,SJU,PR,ASO,ES,Towers with Radar,217,74,17,1,309,0,83,20,2,105,217,157,37,3,414,0,0,0,414
06/03/2022,SJU,PR,ASO,ES,Towers with Radar,231,79,25,0,335,0,103,19,1,123,231,182,44,1,458,0,0,0,458
06/04/2022,SJU,PR,ASO,ES,Towers with Radar,247,47,22,2,318,0,53,11,0,64,247,100,33,2,382,0,0,0,382
06/05/2022,SJU,PR,ASO,ES,Towers with Radar,208,52,18,0,278,0,48,16,0,64,208,100,34,0,342,0,0,0,342
06/06/2022,SJU,PR,ASO,ES,Towers with Radar,215,72,15,0,302,0,70,28,0,98,215,142,43,0,400,0,0,0,400
06/07/2022,SJU,PR,ASO,ES,Towers with Radar,222,77,14,0,313,0,73,23,1,97,222,150,37,1,410,0,0,0,410
06/08/2022,SJU,PR,ASO,ES,Towers with Radar,216,65,26,1,308,4,55,24,3,86,220,120,50,4,394,0,0,0,394
06/09/2022,SJU,PR,ASO,ES,Towers with Radar,210,82,25,1,318,0,63,23,1,87,210,145,48,2,405,0,0,0,405
06/10/2022,SJU,PR,ASO,ES,Towers with Radar,226,75,17,4,322,0,65,25,3,93,226,140,42,7,415,0,0,0,415
06/11/2022,SJU,PR,ASO,ES,Towers with Radar,251,46,18,9,324,0,46,12,0,58,251,92,30,9,382,0,0,0,382
06/12/2022,SJU,PR,ASO,ES,Towers with Radar,211,48,14,8,281,0,33,20,0,53,211,81,34,8,334,0,0,0,334
06/13/2022,SJU,PR,ASO,ES,Towers with Radar,229,73,21,7,330,0,65,17,8,90,229,138,38,15,420,0,0,0,420
06/14/2022,SJU,PR,ASO,ES,Towers with Radar,227,77,24,0,328,0,56,14,0,70,227,133,38,0,398,0,0,0,398
06/15/2022,SJU,PR,ASO,ES,Towers with Radar,221,88,15,4,328,0,37,15,5,57,221,125,30,9,385,0,0,0,385
06/16/2022,SJU,PR,ASO,ES,Towers with Radar,241,102,27,6,376,0,56,26,4,86,241,158,53,10,462,0,0,0,462
06/17/2022,SJU,PR,ASO,ES,Towers with Radar,207,92,21,3,323,0,63,24,8,95,207,155,45,11,418,0,0,0,418
06/18/2022,SJU,PR,ASO,ES,Towers with Radar,248,42,16,10,316,0,54,23,1,78,248,96,39,11,394,0,0,0,394
06/19/2022,SJU,PR,ASO,ES,Towers with Radar,212,42,16,1,271,0,53,15,0,68,212,95,31,1,339,0,0,0,339
06/20/2022,SJU,PR,ASO,ES,Towers with Radar,218,68,20,0,306,0,68,21,0,89,218,136,41,0,395,0,0,0,395
06/21/2022,SJU,PR,ASO,ES,Towers with Radar,215,74,20,3,312,0,57,18,0,75,215,131,38,3,387,0,0,0,387
06/22/2022,SJU,PR,ASO,ES,Towers with Radar,219,85,20,5,329,0,57,14,2,73,219,142,34,7,402,0,0,0,402
06/23/2022,SJU,PR,ASO,ES,Towers with Radar,221,77,28,2,328,0,43,20,0,63,221,120,48,2,391,0,0,0,391
06/24/2022,SJU,PR,ASO,ES,Towers with Radar,223,88,17,1,329,0,67,16,0,83,223,155,33,1,412,0,0,0,412
06/25/2022,SJU,PR,ASO,ES,Towers with Radar,236,55,16,0,307,0,52,11,0,63,236,107,27,0,370,0,0,0,370
06/26/2022,SJU,PR,ASO,ES,Towers with Radar,221,39,26,3,289,0,48,20,3,71,221,87,46,6,360,0,0,0,360
06/27/2022,SJU,PR,ASO,ES,Towers with Radar,219,88,39,7,353,0,69,29,0,98,219,157,68,7,451,0,0,0,451
06/28/2022,SJU,PR,ASO,ES,Towers with Radar,236,88,33,0,357,0,72,31,0,103,236,160,64,0,460,0,0,0,460
06/29/2022,SJU,PR,ASO,ES,Towers with Radar,232,92,20,4,348,0,71,22,15,108,232,163,42,19,456,0,0,0,456
06/30/2022,SJU,PR,ASO,ES,Towers with Radar,234,94,20,0,348,0,85,17,4,106,234,179,37,4,454,0,0,0,454
07/01/2022,SJU,PR,ASO,ES,Towers with Radar,229,89,26,12,356,12,65,20,1,98,241,154,46,13,454,0,0,0,454
07/02/2022,SJU,PR,ASO,ES,Towers with Radar,249,53,21,1,324,0,19,3,1,23,249,72,24,2,347,0,0,0,347
07/03/2022,SJU,PR,ASO,ES,Towers with Radar,222,49,12,1,284,0,54,19,0,73,222,103,31,1,357,0,0,0,357
07/04/2022,SJU,PR,ASO,ES,Towers with Radar,203,67,7,0,277,0,62,3,0,65,203,129,10,0,342,0,0,0,342
07/05/2022,SJU,PR,ASO,ES,Towers with Radar,189,79,20,1,289,0,66,27,2,95,189,145,47,3,384,0,0,0,384
07/06/2022,SJU,PR,ASO,ES,Towers with Radar,227,95,12,1,335,0,39,11,0,50,227,134,23,1,385,6,0,6,391
07/07/2022,SJU,PR,ASO,ES,Towers with Radar,233,73,38,2,346,0,66,24,1,91,233,139,62,3,437,0,0,0,437
07/08/2022,SJU,PR,ASO,ES,Towers with Radar,231,93,25,5,354,0,52,15,7,74,231,145,40,12,428,0,0,0,428
07/09/2022,SJU,PR,ASO,ES,Towers with Radar,252,47,11,3,313,0,38,26,1,65,252,85,37,4,378,0,0,0,378
07/10/2022,SJU,PR,ASO,ES,Towers with Radar,217,37,20,8,282,0,49,12,3,64,217,86,32,11,346,0,0,0,346
07/11/2022,SJU,PR,ASO,ES,Towers with Radar,208,84,28,1,321,0,78,16,1,95,208,162,44,2,416,0,0,0,416
07/12/2022,SJU,PR,ASO,ES,Towers with Radar,229,83,17,3,332,0,63,15,2,80,229,146,32,5,412,0,0,0,412
07/13/2022,SJU,PR,ASO,ES,Towers with Radar,229,78,19,12,338,0,44,10,2,56,229,122,29,14,394,0,0,0,394
07/14/2022,SJU,PR,ASO,ES,Towers with Radar,233,109,29,10,381,0,56,23,10,89,233,165,52,20,470,0,0,0,470
07/15/2022,SJU,PR,ASO,ES,Towers with Radar,230,96,22,2,350,0,71,23,0,94,230,167,45,2,444,0,0,0,444
07/16/2022,SJU,PR,ASO,ES,Towers with Radar,264,40,12,1,317,0,46,4,0,50,264,86,16,1,367,0,0,0,367
07/17/2022,SJU,PR,ASO,ES,Towers with Radar,201,42,11,1,255,0,47,8,0,55,201,89,19,1,310,0,0,0,310
07/18/2022,SJU,PR,ASO,ES,Towers with Radar,214,89,24,2,329,0,56,15,0,71,214,145,39,2,400,0,0,0,400
07/19/2022,SJU,PR,ASO,ES,Towers with Radar,217,78,14,1,310,0,71,14,1,86,217,149,28,2,396,0,0,0,396
07/20/2022,SJU,PR,ASO,ES,Towers with Radar,226,83,19,4,332,0,50,14,1,65,226,133,33,5,397,0,0,0,397
07/21/2022,SJU,PR,ASO,ES,Towers with Radar,229,106,17,2,354,0,41,8,1,50,229,147,25,3,404,0,0,0,404
07/22/2022,SJU,PR,ASO,ES,Towers with Radar,243,67,22,6,338,0,72,33,5,110,243,139,55,11,448,0,0,0,448
07/23/2022,SJU,PR,ASO,ES,Towers with Radar,252,46,14,0,312,0,39,20,8,67,252,85,34,8,379,0,0,0,379
07/24/2022,SJU,PR,ASO,ES,Towers with Radar,214,44,16,1,275,0,48,9,6,63,214,92,25,7,338,0,0,0,338
07/25/2022,SJU,PR,ASO,ES,Towers with Radar,216,81,10,6,313,0,43,7,2,52,216,124,17,8,365,0,0,0,365
07/26/2022,SJU,PR,ASO,ES,Towers with Radar,208,73,15,5,301,7,60,31,5,103,215,133,46,10,404,0,0,0,404
07/27/2022,SJU,PR,ASO,ES,Towers with Radar,228,88,22,4,342,0,50,12,9,71,228,138,34,13,413,0,0,0,413
07/28/2022,SJU,PR,ASO,ES,Towers with Radar,221,91,17,0,329,0,69,16,3,88,221,160,33,3,417,0,0,0,417
07/29/2022,SJU,PR,ASO,ES,Towers with Radar,228,80,31,0,339,0,66,30,0,96,228,146,61,0,435,0,0,0,435
07/30/2022,SJU,PR,ASO,ES,Towers with Radar,241,50,18,3,312,0,36,11,0,47,241,86,29,3,359,0,0,0,359
07/31/2022,SJU,PR,ASO,ES,Towers with Radar,204,41,22,3,270,0,55,18,0,73,204,96,40,3,343,0,0,0,343
08/01/2022,SJU,PR,ASO,ES,Towers with Radar,200,74,25,2,301,0,52,13,1,66,200,126,38,3,367,6,0,6,373
08/02/2022,SJU,PR,ASO,ES,Towers with Radar,224,76,22,6,328,0,71,25,3,99,224,147,47,9,427,0,0,0,427
08/03/2022,SJU,PR,ASO,ES,Towers with Radar,195,75,19,2,291,0,50,11,1,62,195,125,30,3,353,0,0,0,353
08/04/2022,SJU,PR,ASO,ES,Towers with Radar,220,76,14,2,312,0,59,8,1,68,220,135,22,3,380,0,0,0,380
08/05/2022,SJU,PR,ASO,ES,Towers with Radar,264,71,9,2,346,0,54,22,0,76,264,125,31,2,422,2,0,2,424
08/06/2022,SJU,PR,ASO,ES,Towers with Radar,228,48,9,5,290,0,34,14,4,52,228,82,23,9,342,0,0,0,342
08/07/2022,SJU,PR,ASO,ES,Towers with Radar,206,58,21,2,287,0,34,2,0,36,206,92,23,2,323,0,0,0,323
08/08/2022,SJU,PR,ASO,ES,Towers with Radar,224,73,29,4,330,0,62,26,1,89,224,135,55,5,419,0,0,0,419
08/09/2022,SJU,PR,ASO,ES,Towers with Radar,214,80,25,0,319,0,67,27,0,94,214,147,52,0,413,1,0,1,414
08/10/2022,SJU,PR,ASO,ES,Towers with Radar,215,79,10,3,307,0,63,12,2,77,215,142,22,5,384,0,0,0,384
08/11/2022,SJU,PR,ASO,ES,Towers with Radar,200,83,26,4,313,0,55,15,3,73,200,138,41,7,386,0,0,0,386
08/12/2022,SJU,PR,ASO,ES,Towers with Radar,218,76,26,4,324,0,71,28,1,100,218,147,54,5,424,0,0,0,424
08/13/2022,SJU,PR,ASO,ES,Towers with Radar,233,38,26,0,297,0,53,25,0,78,233,91,51,0,375,0,0,0,375
08/14/2022,SJU,PR,ASO,ES,Towers with Radar,209,38,15,5,267,0,57,4,1,62,209,95,19,6,329,13,0,13,342
08/15/2022,SJU,PR,ASO,ES,Towers with Radar,216,77,19,3,315,0,57,18,2,77,216,134,37,5,392,0,0,0,392
08/16/2022,SJU,PR,ASO,ES,Towers with Radar,214,67,23,2,306,0,66,27,4,97,214,133,50,6,403,0,0,0,403
08/17/2022,SJU,PR,ASO,ES,Towers with Radar,221,80,24,4,329,0,57,33,2,92,221,137,57,6,421,0,0,0,421
08/18/2022,SJU,PR,ASO,ES,Towers with Radar,204,79,24,2,309,0,59,21,1,81,204,138,45,3,390,0,0,0,390
08/19/2022,SJU,PR,ASO,ES,Towers with Radar,206,104,20,3,333,0,72,23,1,96,206,176,43,4,429,0,0,0,429
08/20/2022,SJU,PR,ASO,ES,Towers with Radar,218,38,18,7,281,0,62,12,1,75,218,100,30,8,356,0,0,0,356
08/21/2022,SJU,PR,ASO,ES,Towers with Radar,186,31,11,2,230,0,43,3,0,46,186,74,14,2,276,0,0,0,276
08/22/2022,SJU,PR,ASO,ES,Towers with Radar,210,71,16,1,298,0,38,15,0,53,210,109,31,1,351,0,0,0,351
08/23/2022,SJU,PR,ASO,ES,Towers with Radar,197,66,15,0,278,0,69,17,2,88,197,135,32,2,366,0,0,0,366
08/24/2022,SJU,PR,ASO,ES,Towers with Radar,207,67,15,0,289,0,63,27,0,90,207,130,42,0,379,4,0,4,383
08/25/2022,SJU,PR,ASO,ES,Towers with Radar,202,77,21,0,300,0,60,17,0,77,202,137,38,0,377,0,0,0,377
08/26/2022,SJU,PR,ASO,ES,Towers with Radar,200,78,13,0,291,0,60,11,2,73,200,138,24,2,364,14,0,14,378
08/27/2022,SJU,PR,ASO,ES,Towers with Radar,212,62,22,6,302,0,39,16,2,57,212,101,38,8,359,0,0,0,359
08/28/2022,SJU,PR,ASO,ES,Towers with Radar,191,27,14,0,232,0,31,0,0,31,191,58,14,0,263,0,0,0,263
08/29/2022,SJU,PR,ASO,ES,Towers with Radar,214,78,25,1,318,0,53,18,3,74,214,131,43,4,392,0,0,0,392
08/30/2022,SJU,PR,ASO,ES,Towers with Radar,203,65,26,1,295,0,68,35,1,104,203,133,61,2,399,10,0,10,409
08/31/2022,SJU,PR,ASO,ES,Towers with Radar,205,81,12,5,303,0,57,23,0,80,205,138,35,5,383,6,0,6,389
09/01/2022,SJU,PR,ASO,ES,Towers with Radar,207,77,21,1,306,0,61,14,1,76,207,138,35,2,382,0,0,0,382
09/02/2022,SJU,PR,ASO,ES,Towers with Radar,207,79,14,2,302,0,62,15,2,79,207,141,29,4,381,0,0,0,381
09/03/2022,SJU,PR,ASO,ES,Towers with Radar,234,45,10,4,293,0,35,8,0,43,234,80,18,4,336,0,0,0,336
09/04/2022,SJU,PR,ASO,ES,Towers with Radar,186,38,13,2,239,0,13,1,0,14,186,51,14,2,253,0,0,0,253
09/05/2022,SJU,PR,ASO,ES,Towers with Radar,190,63,30,1,284,0,21,7,0,28,190,84,37,1,312,0,0,0,312
09/06/2022,SJU,PR,ASO,ES,Towers with Radar,200,70,19,3,292,0,52,7,0,59,200,122,26,3,351,0,0,0,351
09/07/2022,SJU,PR,ASO,ES,Towers with Radar,170,67,16,3,256,0,40,15,1,56,170,107,31,4,312,0,0,0,312
09/08/2022,SJU,PR,ASO,ES,Towers with Radar,172,73,14,2,261,0,63,15,0,78,172,136,29,2,339,4,0,4,343
09/09/2022,SJU,PR,ASO,ES,Towers with Radar,185,72,23,3,283,0,51,20,0,71,185,123,43,3,354,0,0,0,354
09/10/2022,SJU,PR,ASO,ES,Towers with Radar,175,37,13,3,228,0,25,10,2,37,175,62,23,5,265,12,0,12,277
09/11/2022,SJU,PR,ASO,ES,Towers with Radar,159,33,21,5,218,0,31,7,0,38,159,64,28,5,256,0,0,0,256
09/12/2022,SJU,PR,ASO,ES,Towers with Radar,147,67,26,6,246,0,47,23,0,70,147,114,49,6,316,4,0,4,320
09/13/2022,SJU,PR,ASO,ES,Towers with Radar,169,60,19,4,252,0,56,30,0,86,169,116,49,4,338,0,0,0,338
09/14/2022,SJU,PR,ASO,ES,Towers with Radar,164,63,27,3,257,0,45,22,0,67,164,108,49,3,324,0,0,0,324
09/15/2022,SJU,PR,ASO,ES,Towers with Radar,184,74,27,1,286,0,45,13,4,62,184,119,40,5,348,0,0,0,348
09/16/2022,SJU,PR,ASO,ES,Towers with Radar,173,55,23,1,252,0,48,5,0,53,173,103,28,1,305,0,0,0,305
09/17/2022,SJU,PR,ASO,ES,Towers with Radar,138,6,5,0,149,0,0,0,0,0,138,6,5,0,149,0,0,0,149
09/18/2022,SJU,PR,ASO,ES,Towers with Radar,0,0,0,0,0,0,0,0,0,0,0,0,0,0,0,0,0,0,0
09/19/2022,SJU,PR,ASO,ES,Towers with Radar,140,33,21,0,194,0,6,6,0,12,140,39,27,0,206,0,0,0,206
09/20/2022,SJU,PR,ASO,ES,Towers with Radar,201,79,22,1,303,0,53,22,0,75,201,132,44,1,378,0,0,0,378
09/21/2022,SJU,PR,ASO,ES,Towers with Radar,190,64,33,2,289,0,66,29,1,96,190,130,62,3,385,0,0,0,385
09/22/2022,SJU,PR,ASO,ES,Towers with Radar,185,85,21,0,291,0,59,13,0,72,185,144,34,0,363,0,0,0,363
09/23/2022,SJU,PR,ASO,ES,Towers with Radar,175,66,17,2,260,0,52,30,0,82,175,118,47,2,342,0,0,0,342
09/24/2022,SJU,PR,ASO,ES,Towers with Radar,192,33,19,1,245,0,28,26,0,54,192,61,45,1,299,0,0,0,299
09/25/2022,SJU,PR,ASO,ES,Towers with Radar,168,24,15,0,207,0,29,18,0,47,168,53,33,0,254,0,0,0,254
09/26/2022,SJU,PR,ASO,ES,Towers with Radar,156,71,15,2,244,0,51,6,1,58,156,122,21,3,302,0,0,0,302
09/27/2022,SJU,PR,ASO,ES,Towers with Radar,165,64,25,1,255,0,52,23,1,76,165,116,48,2,331,2,0,2,333
09/28/2022,SJU,PR,ASO,ES,Towers with Radar,124,64,16,4,208,0,40,28,1,69,124,104,44,5,277,0,0,0,277
09/29/2022,SJU,PR,ASO,ES,Towers with Radar,130,71,10,1,212,0,42,16,2,60,130,113,26,3,272,0,0,0,272
09/30/2022,SJU,PR,ASO,ES,Towers with Radar,150,68,16,1,235,0,40,25,1,66,150,108,41,2,301,0,0,0,301
10/01/2022,SJU,PR,ASO,ES,Towers with Radar,175,39,13,5,232,0,31,10,3,44,175,70,23,8,276,0,0,0,276
10/02/2022,SJU,PR,ASO,ES,Towers with Radar,150,25,14,4,193,0,32,9,0,41,150,57,23,4,234,0,0,0,234
10/03/2022,SJU,PR,ASO,ES,Towers with Radar,157,75,12,3,247,0,47,20,2,69,157,122,32,5,316,0,0,0,316
10/04/2022,SJU,PR,ASO,ES,Towers with Radar,189,68,27,6,290,0,56,40,1,97,189,124,67,7,387,0,0,0,387
10/05/2022,SJU,PR,ASO,ES,Towers with Radar,174,64,14,0,252,0,34,20,2,56,174,98,34,2,308,0,0,0,308
10/06/2022,SJU,PR,ASO,ES,Towers with Radar,179,73,28,2,282,0,53,24,6,83,179,126,52,8,365,0,0,0,365
10/07/2022,SJU,PR,ASO,ES,Towers with Radar,190,77,17,2,286,0,51,19,2,72,190,128,36,4,358,0,0,0,358
10/08/2022,SJU,PR,ASO,ES,Towers with Radar,192,40,12,0,244,0,37,12,1,50,192,77,24,1,294,0,0,0,294
10/09/2022,SJU,PR,ASO,ES,Towers with Radar,168,36,18,0,222,0,34,4,2,40,168,70,22,2,262,0,0,0,262
10/10/2022,SJU,PR,ASO,ES,Towers with Radar,166,60,23,5,254,0,52,9,1,62,166,112,32,6,316,0,0,0,316
10/11/2022,SJU,PR,ASO,ES,Towers with Radar,189,70,13,3,275,0,43,31,3,77,189,113,44,6,352,0,0,0,352
10/12/2022,SJU,PR,ASO,ES,Towers with Radar,186,84,25,1,296,0,55,31,1,87,186,139,56,2,383,0,0,0,383
10/13/2022,SJU,PR,ASO,ES,Towers with Radar,185,90,20,0,295,0,42,26,0,68,185,132,46,0,363,18,0,18,381
10/14/2022,SJU,PR,ASO,ES,Towers with Radar,182,89,18,0,289,0,52,18,0,70,182,141,36,0,359,0,0,0,359
10/15/2022,SJU,PR,ASO,ES,Towers with Radar,193,46,16,0,255,0,38,16,0,54,193,84,32,0,309,0,0,0,309
10/16/2022,SJU,PR,ASO,ES,Towers with Radar,164,41,12,0,217,0,52,7,1,60,164,93,19,1,277,14,0,14,291
10/17/2022,SJU,PR,ASO,ES,Towers with Radar,175,84,24,1,284,0,74,17,0,91,175,158,41,1,375,3,1,4,379
10/18/2022,SJU,PR,ASO,ES,Towers with Radar,171,65,21,0,257,0,64,28,0,92,171,129,49,0,349,0,0,0,349
10/19/2022,SJU,PR,ASO,ES,Towers with Radar,187,75,16,5,283,0,41,16,4,61,187,116,32,9,344,0,0,0,344
10/20/2022,SJU,PR,ASO,ES,Towers with Radar,172,85,22,4,283,0,51,14,0,65,172,136,36,4,348,0,0,0,348
10/21/2022,SJU,PR,ASO,ES,Towers with Radar,182,84,19,0,285,0,59,18,1,78,182,143,37,1,363,10,0,10,373
10/22/2022,SJU,PR,ASO,ES,Towers with Radar,200,47,16,0,263,0,28,7,0,35,200,75,23,0,298,0,0,0,298
10/23/2022,SJU,PR,ASO,ES,Towers with Radar,166,31,12,0,209,0,49,1,0,50,166,80,13,0,259,0,0,0,259
10/24/2022,SJU,PR,ASO,ES,Towers with Radar,171,67,18,2,258,0,59,13,4,76,171,126,31,6,334,0,0,0,334
10/25/2022,SJU,PR,ASO,ES,Towers with Radar,182,79,12,1,274,0,81,23,1,105,182,160,35,2,379,0,0,0,379
10/26/2022,SJU,PR,ASO,ES,Towers with Radar,179,80,18,4,281,0,16,0,0,16,179,96,18,4,297,22,0,22,319
10/27/2022,SJU,PR,ASO,ES,Towers with Radar,196,121,13,2,332,0,32,12,0,44,196,153,25,2,376,4,0,4,380
10/28/2022,SJU,PR,ASO,ES,Towers with Radar,196,86,18,0,300,0,73,17,0,90,196,159,35,0,390,0,0,0,390
10/29/2022,SJU,PR,ASO,ES,Towers with Radar,196,54,13,0,263,0,57,8,0,65,196,111,21,0,328,0,0,0,328
10/30/2022,SJU,PR,ASO,ES,Towers with Radar,177,53,17,0,247,0,46,6,0,52,177,99,23,0,299,0,0,0,299
10/31/2022,SJU,PR,ASO,ES,Towers with Radar,185,97,18,0,300,0,56,6,0,62,185,153,24,0,362,8,0,8,370
11/01/2022,SJU,PR,ASO,ES,Towers with Radar,190,84,20,0,294,0,61,16,1,78,190,145,36,1,372,0,0,0,372
11/02/2022,SJU,PR,ASO,ES,Towers with Radar,190,89,19,1,299,0,68,16,0,84,190,157,35,1,383,0,0,0,383
11/03/2022,SJU,PR,ASO,ES,Towers with Radar,187,81,29,2,299,0,72,20,3,95,187,153,49,5,394,2,0,2,396
11/04/2022,SJU,PR,ASO,ES,Towers with Radar,203,102,15,3,323,0,56,10,1,67,203,158,25,4,390,0,0,0,390
11/05/2022,SJU,PR,ASO,ES,Towers with Radar,207,71,6,5,289,0,31,3,0,34,207,102,9,5,323,0,0,0,323
11/06/2022,SJU,PR,ASO,ES,Towers with Radar,190,54,21,2,267,0,46,13,0,59,190,100,34,2,326,0,0,0,326
11/07/2022,SJU,PR,ASO,ES,Towers with Radar,207,99,12,1,319,0,59,3,0,62,207,158,15,1,381,0,0,0,381
11/08/2022,SJU,PR,ASO,ES,Towers with Radar,233,84,23,1,341,0,72,14,0,86,233,156,37,1,427,12,0,12,439
11/09/2022,SJU,PR,ASO,ES,Towers with Radar,218,85,21,0,324,0,69,18,0,87,218,154,39,0,411,0,0,0,411
11/10/2022,SJU,PR,ASO,ES,Towers with Radar,170,88,17,0,275,0,78,32,0,110,170,166,49,0,385,0,0,0,385
11/11/2022,SJU,PR,ASO,ES,Towers with Radar,197,81,17,1,296,0,65,13,1,79,197,146,30,2,375,0,0,0,375
11/12/2022,SJU,PR,ASO,ES,Towers with Radar,227,45,26,0,298,0,64,13,0,77,227,109,39,0,375,0,0,0,375
11/13/2022,SJU,PR,ASO,ES,Towers with Radar,199,48,35,0,282,0,59,13,0,72,199,107,48,0,354,0,0,0,354
11/14/2022,SJU,PR,ASO,ES,Towers with Radar,210,89,27,1,327,0,72,22,2,96,210,161,49,3,423,0,0,0,423
11/15/2022,SJU,PR,ASO,ES,Towers with Radar,239,96,24,0,359,0,85,25,0,110,239,181,49,0,469,10,0,10,479
11/16/2022,SJU,PR,ASO,ES,Towers with Radar,219,74,25,2,320,0,71,41,3,115,219,145,66,5,435,14,0,14,449
11/17/2022,SJU,PR,ASO,ES,Towers with Radar,211,103,18,1,333,0,84,19,0,103,211,187,37,1,436,0,0,0,436
11/18/2022,SJU,PR,ASO,ES,Towers with Radar,217,84,35,3,339,0,100,26,0,126,217,184,61,3,465,0,0,0,465
11/19/2022,SJU,PR,ASO,ES,Towers with Radar,237,60,20,1,318,0,88,30,0,118,237,148,50,1,436,0,0,0,436
11/20/2022,SJU,PR,ASO,ES,Towers with Radar,208,57,19,0,284,0,74,18,0,92,208,131,37,0,376,0,0,0,376
11/21/2022,SJU,PR,ASO,ES,Towers with Radar,216,98,22,1,337,0,87,20,1,108,216,185,42,2,445,0,0,0,445
11/22/2022,SJU,PR,ASO,ES,Towers with Radar,225,84,29,1,339,0,81,18,1,100,225,165,47,2,439,2,2,4,443
11/23/2022,SJU,PR,ASO,ES,Towers with Radar,223,78,23,1,325,0,81,17,8,106,223,159,40,9,431,0,0,0,431
11/24/2022,SJU,PR,ASO,ES,Towers with Radar,176,66,7,0,249,0,57,8,0,65,176,123,15,0,314,0,0,0,314
11/25/2022,SJU,PR,ASO,ES,Towers with Radar,204,91,8,0,303,0,82,14,0,96,204,173,22,0,399,0,0,0,399
11/26/2022,SJU,PR,ASO,ES,Towers with Radar,236,54,16,0,306,0,91,20,0,111,236,145,36,0,417,0,0,0,417
11/27/2022,SJU,PR,ASO,ES,Towers with Radar,202,63,38,0,303,0,87,32,0,119,202,150,70,0,422,0,0,0,422
11/28/2022,SJU,PR,ASO,ES,Towers with Radar,218,88,31,4,341,0,93,27,0,120,218,181,58,4,461,0,0,0,461
11/29/2022,SJU,PR,ASO,ES,Towers with Radar,231,92,40,0,363,0,77,19,0,96,231,169,59,0,459,0,0,0,459
11/30/2022,SJU,PR,ASO,ES,Towers with Radar,234,89,21,0,344,0,84,29,1,114,234,173,50,1,458,9,1,10,468
12/01/2022,SJU,PR,ASO,ES,Towers with Radar,212,99,19,0,330,0,97,25,2,124,212,196,44,2,454,0,0,0,454
12/02/2022,SJU,PR,ASO,ES,Towers with Radar,214,84,26,0,324,0,92,21,0,113,214,176,47,0,437,5,0,5,442
12/03/2022,SJU,PR,ASO,ES,Towers with Radar,247,54,14,0,315,0,68,14,0,82,247,122,28,0,397,0,0,0,397
12/04/2022,SJU,PR,ASO,ES,Towers with Radar,206,57,14,1,278,0,73,15,0,88,206,130,29,1,366,0,0,0,366
12/05/2022,SJU,PR,ASO,ES,Towers with Radar,228,95,19,0,342,0,77,12,0,89,228,172,31,0,431,0,0,0,431
12/06/2022,SJU,PR,ASO,ES,Towers with Radar,215,92,30,0,337,0,93,21,0,114,215,185,51,0,451,0,0,0,451
12/07/2022,SJU,PR,ASO,ES,Towers with Radar,226,76,25,0,327,0,67,19,0,86,226,143,44,0,413,0,1,1,414
12/08/2022,SJU,PR,ASO,ES,Towers with Radar,211,96,25,5,337,0,95,23,2,120,211,191,48,7,457,2,0,2,459
12/09/2022,SJU,PR,ASO,ES,Towers with Radar,231,78,23,2,334,0,97,14,0,111,231,175,37,2,445,0,0,0,445
12/10/2022,SJU,PR,ASO,ES,Towers with Radar,233,58,9,1,301,0,82,12,1,95,233,140,21,2,396,0,0,0,396
12/11/2022,SJU,PR,ASO,ES,Towers with Radar,210,46,14,0,270,0,78,10,0,88,210,124,24,0,358,3,2,5,363
12/12/2022,SJU,PR,ASO,ES,Towers with Radar,221,80,18,1,320,0,87,11,1,99,221,167,29,2,419,0,0,0,419
12/13/2022,SJU,PR,ASO,ES,Towers with Radar,233,95,16,4,348,0,76,14,3,93,233,171,30,7,441,0,0,0,441
12/14/2022,SJU,PR,ASO,ES,Towers with Radar,231,92,21,1,345,0,91,23,2,116,231,183,44,3,461,0,0,0,461
12/15/2022,SJU,PR,ASO,ES,Towers with Radar,231,102,21,0,354,0,94,28,0,122,231,196,49,0,476,0,0,0,476
12/16/2022,SJU,PR,ASO,ES,Towers with Radar,247,99,25,0,371,0,94,21,0,115,247,193,46,0,486,0,0,0,486
12/17/2022,SJU,PR,ASO,ES,Towers with Radar,265,97,22,2,386,0,66,11,0,77,265,163,33,2,463,0,0,0,463
12/18/2022,SJU,PR,ASO,ES,Towers with Radar,239,51,33,0,323,0,76,15,0,91,239,127,48,0,414,0,0,0,414
12/19/2022,SJU,PR,ASO,ES,Towers with Radar,235,98,25,1,359,0,84,26,0,110,235,182,51,1,469,0,0,0,469
12/20/2022,SJU,PR,ASO,ES,Towers with Radar,229,95,32,1,357,0,71,24,2,97,229,166,56,3,454,0,0,0,454
12/21/2022,SJU,PR,ASO,ES,Towers with Radar,247,82,33,4,366,0,59,19,0,78,247,141,52,4,444,0,0,0,444
12/22/2022,SJU,PR,ASO,ES,Towers with Radar,239,95,33,12,379,0,84,19,16,119,239,179,52,28,498,0,0,0,498
12/23/2022,SJU,PR,ASO,ES,Towers with Radar,230,97,29,0,356,0,97,12,0,109,230,194,41,0,465,0,0,0,465
12/24/2022,SJU,PR,ASO,ES,Towers with Radar,228,55,16,0,299,0,82,17,0,99,228,137,33,0,398,0,0,0,398
12/25/2022,SJU,PR,ASO,ES,Towers with Radar,189,32,12,0,233,0,62,5,0,67,189,94,17,0,300,0,0,0,300
12/26/2022,SJU,PR,ASO,ES,Towers with Radar,181,75,62,0,318,0,80,28,0,108,181,155,90,0,426,0,0,0,426
12/27/2022,SJU,PR,ASO,ES,Towers with Radar,244,95,58,4,401,0,101,38,0,139,244,196,96,4,540,0,0,0,540
12/28/2022,SJU,PR,ASO,ES,Towers with Radar,248,97,53,6,404,0,66,11,0,77,248,163,64,6,481,7,4,11,492
12/29/2022,SJU,PR,ASO,ES,Towers with Radar,254,99,42,7,402,0,96,16,11,123,254,195,58,18,525,0,0,0,525
12/30/2022,SJU,PR,ASO,ES,Towers with Radar,260,111,26,11,408,0,93,17,6,116,260,204,43,17,524,0,0,0,524
12/31/2022,SJU,PR,ASO,ES,Towers with Radar,267,47,17,23,354,0,91,15,2,108,267,138,32,25,462,0,0,0,462
01/01/2023,SJU,PR,ASO,ES,Towers with Radar,228,54,35,8,325,0,108,19,0,127,228,162,54,8,452,0,0,0,452
01/02/2023,SJU,PR,ASO,ES,Towers with Radar,255,85,90,9,439,18,111,51,0,180,273,196,141,9,619,0,0,0,619
01/03/2023,SJU,PR,ASO,ES,Towers with Radar,253,100,47,11,411,0,121,29,1,151,253,221,76,12,562,0,0,0,562
01/04/2023,SJU,PR,ASO,ES,Towers with Radar,225,112,51,1,389,0,66,17,2,85,225,178,68,3,474,0,0,0,474
01/05/2023,SJU,PR,ASO,ES,Towers with Radar,255,97,13,4,369,0,104,13,1,118,255,201,26,5,487,8,0,8,495
01/06/2023,SJU,PR,ASO,ES,Towers with Radar,246,70,31,0,347,0,114,11,0,125,246,184,42,0,472,0,0,0,472
01/07/2023,SJU,PR,ASO,ES,Towers with Radar,262,94,27,9,392,0,78,16,2,96,262,172,43,11,488,0,0,0,488
01/08/2023,SJU,PR,ASO,ES,Towers with Radar,232,65,25,4,326,0,91,6,0,97,232,156,31,4,423,0,0,0,423
01/09/2023,SJU,PR,ASO,ES,Towers with Radar,231,94,29,0,354,0,103,13,0,116,231,197,42,0,470,8,0,8,478
01/10/2023,SJU,PR,ASO,ES,Towers with Radar,268,93,30,1,392,0,118,22,0,140,268,211,52,1,532,0,0,0,532
01/11/2023,SJU,PR,ASO,ES,Towers with Radar,227,76,29,3,335,0,83,24,1,108,227,159,53,4,443,0,0,0,443
01/12/2023,SJU,PR,ASO,ES,Towers with Radar,226,101,39,1,367,0,88,25,1,114,226,189,64,2,481,0,0,0,481
01/13/2023,SJU,PR,ASO,ES,Towers with Radar,211,96,36,7,350,0,83,22,1,106,211,179,58,8,456,0,0,0,456
01/14/2023,SJU,PR,ASO,ES,Towers with Radar,265,76,20,1,362,0,71,11,3,85,265,147,31,4,447,4,0,4,451
01/15/2023,SJU,PR,ASO,ES,Towers with Radar,226,69,26,0,321,0,75,7,0,82,226,144,33,0,403,0,0,0,403
01/16/2023,SJU,PR,ASO,ES,Towers with Radar,237,134,35,1,407,0,64,6,0,70,237,198,41,1,477,0,0,0,477
01/17/2023,SJU,PR,ASO,ES,Towers with Radar,220,84,13,1,318,0,97,19,0,116,220,181,32,1,434,0,0,0,434
01/18/2023,SJU,PR,ASO,ES,Towers with Radar,215,73,17,1,306,0,71,17,0,88,215,144,34,1,394,0,0,0,394
01/19/2023,SJU,PR,ASO,ES,Towers with Radar,225,85,19,3,332,0,83,13,1,97,225,168,32,4,429,0,0,0,429
01/20/2023,SJU,PR,ASO,ES,Towers with Radar,228,91,23,1,343,0,90,15,0,105,228,181,38,1,448,0,0,0,448
01/21/2023,SJU,PR,ASO,ES,Towers with Radar,250,47,16,3,316,0,81,10,2,93,250,128,26,5,409,0,0,0,409
01/22/2023,SJU,PR,ASO,ES,Towers with Radar,208,46,21,0,275,0,79,2,0,81,208,125,23,0,356,0,0,0,356
01/23/2023,SJU,PR,ASO,ES,Towers with Radar,213,86,18,0,317,0,80,8,0,88,213,166,26,0,405,0,0,0,405
01/24/2023,SJU,PR,ASO,ES,Towers with Radar,221,77,24,1,323,0,98,22,3,123,221,175,46,4,446,6,0,6,452
01/25/2023,SJU,PR,ASO,ES,Towers with Radar,224,83,36,1,344,0,84,27,0,111,224,167,63,1,455,0,0,0,455
01/26/2023,SJU,PR,ASO,ES,Towers with Radar,219,95,39,1,354,0,85,36,1,122,219,180,75,2,476,0,0,0,476
01/27/2023,SJU,PR,ASO,ES,Towers with Radar,215,76,42,0,333,0,73,22,0,95,215,149,64,0,428,0,0,0,428
01/28/2023,SJU,PR,ASO,ES,Towers with Radar,261,75,36,3,375,0,80,18,1,99,261,155,54,4,474,0,0,0,474
01/29/2023,SJU,PR,ASO,ES,Towers with Radar,229,55,35,1,320,0,72,20,0,92,229,127,55,1,412,0,0,0,412
01/30/2023,SJU,PR,ASO,ES,Towers with Radar,219,98,10,0,327,0,85,10,0,95,219,183,20,0,422,0,0,0,422
01/31/2023,SJU,PR,ASO,ES,Towers with Radar,196,73,21,5,295,0,76,23,0,99,196,149,44,5,394,0,0,0,394
02/01/2023,SJU,PR,ASO,ES,Towers with Radar,206,89,27,4,326,0,88,21,3,112,206,177,48,7,438,0,0,0,438
02/02/2023,SJU,PR,ASO,ES,Towers with Radar,222,87,20,1,330,0,98,26,1,125,222,185,46,2,455,0,0,0,455
02/03/2023,SJU,PR,ASO,ES,Towers with Radar,217,90,33,3,343,0,91,45,1,137,217,181,78,4,480,4,0,4,484
02/04/2023,SJU,PR,ASO,ES,Towers with Radar,247,75,33,2,357,0,69,14,0,83,247,144,47,2,440,0,0,0,440
02/05/2023,SJU,PR,ASO,ES,Towers with Radar,212,74,23,2,311,0,68,10,0,78,212,142,33,2,389,0,0,0,389
02/06/2023,SJU,PR,ASO,ES,Towers with Radar,212,84,20,3,319,0,104,18,0,122,212,188,38,3,441,0,0,0,441
02/07/2023,SJU,PR,ASO,ES,Towers with Radar,220,91,30,2,343,0,115,24,1,140,220,206,54,3,483,0,0,0,483
02/08/2023,SJU,PR,ASO,ES,Towers with Radar,200,83,34,6,323,0,90,21,0,111,200,173,55,6,434,0,0,0,434
02/09/2023,SJU,PR,ASO,ES,Towers with Radar,198,102,34,2,336,0,86,34,2,122,198,188,68,4,458,0,0,0,458
02/10/2023,SJU,PR,ASO,ES,Towers with Radar,208,87,24,5,324,0,89,11,0,100,208,176,35,5,424,0,0,0,424
02/11/2023,SJU,PR,ASO,ES,Towers with Radar,253,56,16,3,328,0,99,21,0,120,253,155,37,3,448,0,0,0,448
02/12/2023,SJU,PR,ASO,ES,Towers with Radar,209,56,14,5,284,0,92,3,0,95,209,148,17,5,379,4,1,5,384
02/13/2023,SJU,PR,ASO,ES,Towers with Radar,197,92,31,2,322,3,77,17,1,98,200,169,48,3,420,0,0,0,420
02/14/2023,SJU,PR,ASO,ES,Towers with Radar,222,83,16,5,326,0,105,16,1,122,222,188,32,6,448,2,0,2,450
02/15/2023,SJU,PR,ASO,ES,Towers with Radar,213,69,43,2,327,0,86,36,0,122,213,155,79,2,449,0,0,0,449
02/16/2023,SJU,PR,ASO,ES,Towers with Radar,207,107,39,10,363,0,77,31,1,109,207,184,70,11,472,0,0,0,472
02/17/2023,SJU,PR,ASO,ES,Towers with Radar,227,100,41,7,375,0,106,22,2,130,227,206,63,9,505,0,0,0,505
02/18/2023,SJU,PR,ASO,ES,Towers with Radar,238,53,25,8,324,0,90,20,6,116,238,143,45,14,440,0,0,0,440
02/19/2023,SJU,PR,ASO,ES,Towers with Radar,231,54,34,1,320,0,89,8,0,97,231,143,42,1,417,0,0,0,417
02/20/2023,SJU,PR,ASO,ES,Towers with Radar,189,70,23,10,292,0,86,20,2,108,189,156,43,12,400,6,0,6,406
02/21/2023,SJU,PR,ASO,ES,Towers with Radar,206,97,34,13,350,0,98,39,6,143,206,195,73,19,493,19,3,22,515
02/22/2023,SJU,PR,ASO,ES,Towers with Radar,206,86,36,11,339,0,98,19,6,123,206,184,55,17,462,2,0,2,464
02/23/2023,SJU,PR,ASO,ES,Towers with Radar,204,102,25,25,356,0,97,20,16,133,204,199,45,41,489,0,0,0,489
02/24/2023,SJU,PR,ASO,ES,Towers with Radar,215,85,29,25,354,0,117,22,6,145,215,202,51,31,499,4,0,4,503
02/25/2023,SJU,PR,ASO,ES,Towers with Radar,230,63,21,23,337,0,108,16,1,125,230,171,37,24,462,0,0,0,462
02/26/2023,SJU,PR,ASO,ES,Towers with Radar,222,59,28,4,313,0,123,8,4,135,222,182,36,8,448,0,0,0,448
02/27/2023,SJU,PR,ASO,ES,Towers with Radar,187,97,13,5,302,0,101,15,0,116,187,198,28,5,418,2,0,2,420
02/28/2023,SJU,PR,ASO,ES,Towers with Radar,217,79,24,8,328,0,103,23,2,128,217,182,47,10,456,4,0,4,460
03/01/2023,SJU,PR,ASO,ES,Towers with Radar,206,89,39,2,336,0,91,22,0,113,206,180,61,2,449,2,0,2,451
03/02/2023,SJU,PR,ASO,ES,Towers with Radar,214,97,25,8,344,0,96,16,2,114,214,193,41,10,458,0,0,0,458
03/03/2023,SJU,PR,ASO,ES,Towers with Radar,218,89,29,3,339,0,63,19,1,83,218,152,48,4,422,9,0,9,431
03/04/2023,SJU,PR,ASO,ES,Towers with Radar,253,57,13,5,328,0,83,6,0,89,253,140,19,5,417,0,0,0,417
03/05/2023,SJU,PR,ASO,ES,Towers with Radar,218,58,25,5,306,0,77,12,0,89,218,135,37,5,395,1,0,1,396
03/06/2023,SJU,PR,ASO,ES,Towers with Radar,200,90,28,0,318,0,88,24,0,112,200,178,52,0,430,0,0,0,430
03/07/2023,SJU,PR,ASO,ES,Towers with Radar,221,79,28,1,329,0,94,25,0,119,221,173,53,1,448,4,0,4,452
03/08/2023,SJU,PR,ASO,ES,Towers with Radar,209,85,39,7,340,0,90,44,3,137,209,175,83,10,477,0,0,0,477
03/09/2023,SJU,PR,ASO,ES,Towers with Radar,222,109,29,0,360,0,93,25,0,118,222,202,54,0,478,0,0,0,478
03/10/2023,SJU,PR,ASO,ES,Towers with Radar,227,95,25,2,349,0,92,26,4,122,227,187,51,6,471,0,0,0,471
03/11/2023,SJU,PR,ASO,ES,Towers with Radar,245,65,33,0,343,9,99,11,0,119,254,164,44,0,462,0,0,0,462
03/12/2023,SJU,PR,ASO,ES,Towers with Radar,217,58,31,0,306,0,95,15,0,110,217,153,46,0,416,0,0,0,416
03/13/2023,SJU,PR,ASO,ES,Towers with Radar,213,101,17,0,331,0,112,6,1,119,213,213,23,1,450,0,0,0,450
03/14/2023,SJU,PR,ASO,ES,Towers with Radar,222,80,20,0,322,0,95,23,0,118,222,175,43,0,440,0,0,0,440
03/15/2023,SJU,PR,ASO,ES,Towers with Radar,218,99,25,7,349,0,69,21,1,91,218,168,46,8,440,0,0,0,440
03/16/2023,SJU,PR,ASO,ES,Towers with Radar,237,110,25,0,372,0,96,22,2,120,237,206,47,2,492,0,0,0,492
03/17/2023,SJU,PR,ASO,ES,Towers with Radar,214,113,26,0,353,0,72,32,1,105,214,185,58,1,458,0,0,0,458
03/18/2023,SJU,PR,ASO,ES,Towers with Radar,249,74,31,0,354,0,105,33,0,138,249,179,64,0,492,0,0,0,492
03/19/2023,SJU,PR,ASO,ES,Towers with Radar,222,51,24,0,297,0,123,17,0,140,222,174,41,0,437,6,0,6,443
03/20/2023,SJU,PR,ASO,ES,Towers with Radar,200,91,26,0,317,0,103,15,0,118,200,194,41,0,435,1,0,1,436
03/21/2023,SJU,PR,ASO,ES,Towers with Radar,229,85,30,2,346,0,104,32,0,136,229,189,62,2,482,0,0,0,482
03/22/2023,SJU,PR,ASO,ES,Towers with Radar,216,89,23,1,329,0,102,28,0,130,216,191,51,1,459,0,0,0,459
03/23/2023,SJU,PR,ASO,ES,Towers with Radar,215,98,36,1,350,0,76,29,0,105,215,174,65,1,455,0,0,0,455
03/24/2023,SJU,PR,ASO,ES,Towers with Radar,223,84,26,1,334,0,94,31,0,125,223,178,57,1,459,0,0,0,459
03/25/2023,SJU,PR,ASO,ES,Towers with Radar,202,43,16,0,261,0,105,14,2,121,202,148,30,2,382,0,0,0,382
03/26/2023,SJU,PR,ASO,ES,Towers with Radar,215,58,23,1,297,0,105,12,1,118,215,163,35,2,415,0,0,0,415
03/27/2023,SJU,PR,ASO,ES,Towers with Radar,197,96,15,1,309,0,87,17,2,106,197,183,32,3,415,0,0,0,415
03/28/2023,SJU,PR,ASO,ES,Towers with Radar,204,92,32,0,328,0,102,51,0,153,204,194,83,0,481,11,0,11,492
03/29/2023,SJU,PR,ASO,ES,Towers with Radar,203,90,24,7,324,0,97,21,3,121,203,187,45,10,445,0,0,0,445
03/30/2023,SJU,PR,ASO,ES,Towers with Radar,215,86,19,1,321,0,74,38,0,112,215,160,57,1,433,0,0,0,433
03/31/2023,SJU,PR,ASO,ES,Towers with Radar,210,92,40,1,343,0,91,32,0,123,210,183,72,1,466,0,0,0,466
04/01/2023,SJU,PR,ASO,ES,Towers with Radar,243,62,36,0,341,0,102,21,0,123,243,164,57,0,464,0,0,0,464
04/02/2023,SJU,PR,ASO,ES,Towers with Radar,208,56,28,0,292,1,100,8,0,109,209,156,36,0,401,0,0,0,401
04/03/2023,SJU,PR,ASO,ES,Towers with Radar,196,100,23,0,319,0,87,21,0,108,196,187,44,0,427,0,0,0,427
04/04/2023,SJU,PR,ASO,ES,Towers with Radar,212,88,31,1,332,5,98,28,0,131,217,186,59,1,463,0,0,0,463
04/05/2023,SJU,PR,ASO,ES,Towers with Radar,203,91,23,0,317,0,69,14,1,84,203,160,37,1,401,0,0,0,401
04/06/2023,SJU,PR,ASO,ES,Towers with Radar,215,135,33,1,384,0,77,27,1,105,215,212,60,2,489,0,0,0,489
04/07/2023,SJU,PR,ASO,ES,Towers with Radar,211,64,25,0,300,0,78,8,0,86,211,142,33,0,386,0,0,0,386
04/08/2023,SJU,PR,ASO,ES,Towers with Radar,254,82,27,1,364,0,62,12,0,74,254,144,39,1,438,0,0,0,438
04/09/2023,SJU,PR,ASO,ES,Towers with Radar,224,67,25,0,316,0,91,20,0,111,224,158,45,0,427,0,0,0,427
04/10/2023,SJU,PR,ASO,ES,Towers with Radar,191,81,27,3,302,0,118,14,4,136,191,199,41,7,438,4,0,4,442
04/11/2023,SJU,PR,ASO,ES,Towers with Radar,211,102,25,0,338,0,119,11,5,135,211,221,36,5,473,12,0,12,485
04/12/2023,SJU,PR,ASO,ES,Towers with Radar,198,83,17,0,298,0,92,26,3,121,198,175,43,3,419,0,0,0,419
04/13/2023,SJU,PR,ASO,ES,Towers with Radar,191,113,25,3,332,0,91,18,2,111,191,204,43,5,443,0,0,0,443
04/14/2023,SJU,PR,ASO,ES,Towers with Radar,214,90,27,2,333,0,90,24,0,114,214,180,51,2,447,0,0,0,447
04/15/2023,SJU,PR,ASO,ES,Towers with Radar,227,58,13,1,299,0,95,18,0,113,227,153,31,1,412,0,0,0,412
04/16/2023,SJU,PR,ASO,ES,Towers with Radar,192,42,15,0,249,0,87,6,0,93,192,129,21,0,342,14,0,14,356
04/17/2023,SJU,PR,ASO,ES,Towers with Radar,203,91,32,0,326,0,99,30,0,129,203,190,62,0,455,3,0,3,458
04/18/2023,SJU,PR,ASO,ES,Towers with Radar,208,86,27,8,329,0,100,28,1,129,208,186,55,9,458,2,0,2,460
04/19/2023,SJU,PR,ASO,ES,Towers with Radar,221,86,25,2,334,0,98,27,0,125,221,184,52,2,459,0,0,0,459
04/20/2023,SJU,PR,ASO,ES,Towers with Radar,205,90,24,5,324,0,94,24,0,118,205,184,48,5,442,0,0,0,442
04/21/2023,SJU,PR,ASO,ES,Towers with Radar,227,89,17,2,335,0,82,26,1,109,227,171,43,3,444,0,0,0,444
04/22/2023,SJU,PR,ASO,ES,Towers with Radar,234,50,11,5,300,0,81,26,1,108,234,131,37,6,408,0,0,0,408
04/23/2023,SJU,PR,ASO,ES,Towers with Radar,210,72,12,1,295,0,70,19,0,89,210,142,31,1,384,4,0,4,388
04/24/2023,SJU,PR,ASO,ES,Towers with Radar,217,90,29,4,340,0,96,23,1,120,217,186,52,5,460,1,0,1,461
04/25/2023,SJU,PR,ASO,ES,Towers with Radar,215,77,34,2,328,0,108,30,1,139,215,185,64,3,467,0,0,0,467
04/26/2023,SJU,PR,ASO,ES,Towers with Radar,218,84,12,1,315,0,91,21,0,112,218,175,33,1,427,0,0,0,427
04/27/2023,SJU,PR,ASO,ES,Towers with Radar,214,86,37,2,339,0,82,18,1,101,214,168,55,3,440,0,0,0,440
04/28/2023,SJU,PR,ASO,ES,Towers with Radar,209,82,26,9,326,0,84,18,2,104,209,166,44,11,430,0,0,0,430
04/29/2023,SJU,PR,ASO,ES,Towers with Radar,244,56,18,0,318,0,71,27,0,98,244,127,45,0,416,14,0,14,430
04/30/2023,SJU,PR,ASO,ES,Towers with Radar,194,50,20,0,264,0,77,6,0,83,194,127,26,0,347,0,0,0,347
05/01/2023,SJU,PR,ASO,ES,Towers with Radar,197,66,24,3,290,0,81,12,1,94,197,147,36,4,384,1,1,2,386
05/02/2023,SJU,PR,ASO,ES,Towers with Radar,218,79,18,9,324,0,84,11,0,95,218,163,29,9,419,6,0,6,425
05/03/2023,SJU,PR,ASO,ES,Towers with Radar,207,83,25,11,326,0,84,16,5,105,207,167,41,16,431,34,0,34,465
05/04/2023,SJU,PR,ASO,ES,Towers with Radar,212,83,13,5,313,0,96,10,2,108,212,179,23,7,421,0,0,0,421
05/05/2023,SJU,PR,ASO,ES,Towers with Radar,232,91,24,6,353,0,77,31,0,108,232,168,55,6,461,23,0,23,484
05/06/2023,SJU,PR,ASO,ES,Towers with Radar,268,41,10,7,326,0,64,10,0,74,268,105,20,7,400,0,0,0,400
05/07/2023,SJU,PR,ASO,ES,Towers with Radar,241,46,26,0,313,0,79,7,0,86,241,125,33,0,399,0,0,0,399
05/08/2023,SJU,PR,ASO,ES,Towers with Radar,231,88,24,0,343,0,72,13,0,85,231,160,37,0,428,0,0,0,428
05/09/2023,SJU,PR,ASO,ES,Towers with Radar,266,74,27,2,369,0,72,19,1,92,266,146,46,3,461,10,0,10,471
05/10/2023,SJU,PR,ASO,ES,Towers with Radar,241,80,25,0,346,0,73,33,0,106,241,153,58,0,452,1,0,1,453
05/11/2023,SJU,PR,ASO,ES,Towers with Radar,244,95,23,0,362,0,92,20,0,112,244,187,43,0,474,0,0,0,474
05/12/2023,SJU,PR,ASO,ES,Towers with Radar,247,97,18,1,363,0,83,22,0,105,247,180,40,1,468,0,0,0,468
05/13/2023,SJU,PR,ASO,ES,Towers with Radar,269,66,24,1,360,0,59,7,0,66,269,125,31,1,426,0,0,0,426
05/14/2023,SJU,PR,ASO,ES,Towers with Radar,248,53,13,0,314,0,67,5,0,72,248,120,18,0,386,0,0,0,386
05/15/2023,SJU,PR,ASO,ES,Towers with Radar,234,102,24,2,362,0,74,6,2,82,234,176,30,4,444,0,0,0,444
05/16/2023,SJU,PR,ASO,ES,Towers with Radar,246,75,18,3,342,0,97,17,1,115,246,172,35,4,457,4,0,4,461
05/17/2023,SJU,PR,ASO,ES,Towers with Radar,238,86,17,6,347,0,64,19,7,90,238,150,36,13,437,6,0,6,443
05/18/2023,SJU,PR,ASO,ES,Towers with Radar,246,77,20,2,345,0,73,12,0,85,246,150,32,2,430,0,0,0,430
05/19/2023,SJU,PR,ASO,ES,Towers with Radar,248,90,21,0,359,3,85,9,1,98,251,175,30,1,457,0,0,0,457
05/20/2023,SJU,PR,ASO,ES,Towers with Radar,285,46,17,0,348,0,64,4,0,68,285,110,21,0,416,8,0,8,424
05/21/2023,SJU,PR,ASO,ES,Towers with Radar,238,50,14,1,303,0,79,10,0,89,238,129,24,1,392,0,0,0,392
05/22/2023,SJU,PR,ASO,ES,Towers with Radar,212,112,23,3,350,0,85,5,1,91,212,197,28,4,441,2,0,2,443
05/23/2023,SJU,PR,ASO,ES,Towers with Radar,242,82,20,1,345,0,71,15,0,86,242,153,35,1,431,0,0,0,431
05/24/2023,SJU,PR,ASO,ES,Towers with Radar,245,76,18,0,339,0,75,20,0,95,245,151,38,0,434,0,0,0,434
05/25/2023,SJU,PR,ASO,ES,Towers with Radar,267,103,18,0,388,0,84,23,0,107,267,187,41,0,495,2,0,2,497
05/26/2023,SJU,PR,ASO,ES,Towers with Radar,232,69,29,0,330,0,88,26,0,114,232,157,55,0,444,24,0,24,468
05/27/2023,SJU,PR,ASO,ES,Towers with Radar,295,61,11,0,367,0,83,38,0,121,295,144,49,0,488,0,0,0,488
05/28/2023,SJU,PR,ASO,ES,Towers with Radar,230,48,19,0,297,0,83,4,0,87,230,131,23,0,384,0,0,0,384
05/29/2023,SJU,PR,ASO,ES,Towers with Radar,236,69,22,0,327,0,78,17,0,95,236,147,39,0,422,18,0,18,440
05/30/2023,SJU,PR,ASO,ES,Towers with Radar,227,80,21,2,330,0,85,13,1,99,227,165,34,3,429,0,0,0,429
05/31/2023,SJU,PR,ASO,ES,Towers with Radar,261,73,14,0,348,0,77,9,1,87,261,150,23,1,435,4,0,4,439
06/01/2023,SJU,PR,ASO,ES,Towers with Radar,237,75,32,0,344,0,91,40,1,132,237,166,72,1,476,4,0,4,480
06/02/2023,SJU,PR,ASO,ES,Towers with Radar,236,87,5,1,329,0,70,9,0,79,236,157,14,1,408,16,0,16,424
06/03/2023,SJU,PR,ASO,ES,Towers with Radar,262,57,23,1,343,0,78,14,0,92,262,135,37,1,435,4,0,4,439
06/04/2023,SJU,PR,ASO,ES,Towers with Radar,251,41,18,0,310,0,62,16,0,78,251,103,34,0,388,0,0,0,388
06/05/2023,SJU,PR,ASO,ES,Towers with Radar,252,85,27,0,364,0,70,19,1,90,252,155,46,1,454,0,0,0,454
06/06/2023,SJU,PR,ASO,ES,Towers with Radar,230,75,29,0,334,0,72,23,0,95,230,147,52,0,429,5,0,5,434
06/07/2023,SJU,PR,ASO,ES,Towers with Radar,268,90,22,0,380,0,80,23,0,103,268,170,45,0,483,0,0,0,483
06/08/2023,SJU,PR,ASO,ES,Towers with Radar,277,92,17,0,386,0,83,17,2,102,277,175,34,2,488,4,0,4,492
06/09/2023,SJU,PR,ASO,ES,Towers with Radar,290,85,18,1,394,0,87,12,0,99,290,172,30,1,493,6,0,6,499
06/10/2023,SJU,PR,ASO,ES,Towers with Radar,285,43,18,1,347,0,73,12,0,85,285,116,30,1,432,0,0,0,432
06/11/2023,SJU,PR,ASO,ES,Towers with Radar,252,44,25,2,323,0,70,11,0,81,252,114,36,2,404,0,0,0,404
06/12/2023,SJU,PR,ASO,ES,Towers with Radar,261,104,17,1,383,0,99,19,0,118,261,203,36,1,501,0,0,0,501
06/13/2023,SJU,PR,ASO,ES,Towers with Radar,260,92,26,1,379,0,77,16,4,97,260,169,42,5,476,0,0,0,476
06/14/2023,SJU,PR,ASO,ES,Towers with Radar,271,85,21,10,387,0,79,27,0,106,271,164,48,10,493,0,0,0,493
06/15/2023,SJU,PR,ASO,ES,Towers with Radar,268,107,19,0,394,0,97,21,0,118,268,204,40,0,512,0,0,0,512
06/16/2023,SJU,PR,ASO,ES,Towers with Radar,268,91,12,0,371,0,81,11,0,92,268,172,23,0,463,0,0,0,463
06/17/2023,SJU,PR,ASO,ES,Towers with Radar,288,55,19,0,362,0,71,9,0,80,288,126,28,0,442,0,0,0,442
06/18/2023,SJU,PR,ASO,ES,Towers with Radar,257,41,25,0,323,0,57,15,0,72,257,98,40,0,395,0,0,0,395
06/19/2023,SJU,PR,ASO,ES,Towers with Radar,238,74,15,0,327,0,87,32,0,119,238,161,47,0,446,0,0,0,446
06/20/2023,SJU,PR,ASO,ES,Towers with Radar,240,83,14,1,338,0,80,32,0,112,240,163,46,1,450,2,0,2,452
06/21/2023,SJU,PR,ASO,ES,Towers with Radar,245,67,26,0,338,0,83,22,0,105,245,150,48,0,443,0,0,0,443
06/22/2023,SJU,PR,ASO,ES,Towers with Radar,258,66,27,0,351,0,83,28,1,112,258,149,55,1,463,0,0,0,463
06/23/2023,SJU,PR,ASO,ES,Towers with Radar,235,79,22,2,338,0,65,19,0,84,235,144,41,2,422,0,0,0,422
06/24/2023,SJU,PR,ASO,ES,Towers with Radar,276,42,8,2,328,0,69,10,0,79,276,111,18,2,407,0,0,0,407
06/25/2023,SJU,PR,ASO,ES,Towers with Radar,245,46,8,0,299,0,68,21,0,89,245,114,29,0,388,2,0,2,390
06/26/2023,SJU,PR,ASO,ES,Towers with Radar,237,86,15,0,338,0,70,18,0,88,237,156,33,0,426,0,0,0,426
06/27/2023,SJU,PR,ASO,ES,Towers with Radar,254,70,26,3,353,0,72,21,1,94,254,142,47,4,447,3,1,4,451
06/28/2023,SJU,PR,ASO,ES,Towers with Radar,229,73,15,0,317,0,60,15,0,75,229,133,30,0,392,0,0,0,392
06/29/2023,SJU,PR,ASO,ES,Towers with Radar,284,128,25,7,444,0,54,8,3,65,284,182,33,10,509,0,2,2,511
06/30/2023,SJU,PR,ASO,ES,Towers with Radar,242,88,25,0,355,0,98,20,0,118,242,186,45,0,473,2,0,2,475
07/01/2023,SJU,PR,ASO,ES,Towers with Radar,289,53,23,0,365,0,71,14,0,85,289,124,37,0,450,0,0,0,450
07/02/2023,SJU,PR,ASO,ES,Towers with Radar,260,47,12,0,319,0,69,5,1,75,260,116,17,1,394,0,0,0,394
07/03/2023,SJU,PR,ASO,ES,Towers with Radar,257,97,11,0,365,0,50,21,0,71,257,147,32,0,436,0,0,0,436
07/04/2023,SJU,PR,ASO,ES,Towers with Radar,225,56,11,1,293,0,64,11,0,75,225,120,22,1,368,0,0,0,368
07/05/2023,SJU,PR,ASO,ES,Towers with Radar,239,73,22,0,334,0,73,29,0,102,239,146,51,0,436,0,0,0,436
07/06/2023,SJU,PR,ASO,ES,Towers with Radar,255,84,15,0,354,0,82,15,0,97,255,166,30,0,451,0,0,0,451
07/07/2023,SJU,PR,ASO,ES,Towers with Radar,253,79,20,0,352,0,82,16,0,98,253,161,36,0,450,0,0,0,450
07/08/2023,SJU,PR,ASO,ES,Towers with Radar,295,55,12,0,362,0,49,13,0,62,295,104,25,0,424,0,0,0,424
07/09/2023,SJU,PR,ASO,ES,Towers with Radar,267,50,24,1,342,0,66,10,0,76,267,116,34,1,418,0,0,0,418
07/10/2023,SJU,PR,ASO,ES,Towers with Radar,238,78,16,1,333,0,76,26,1,103,238,154,42,2,436,0,0,0,436
07/11/2023,SJU,PR,ASO,ES,Towers with Radar,274,68,20,4,366,0,78,22,0,100,274,146,42,4,466,0,0,0,466
07/12/2023,SJU,PR,ASO,ES,Towers with Radar,253,92,16,2,363,0,62,11,1,74,253,154,27,3,437,10,0,10,447
07/13/2023,SJU,PR,ASO,ES,Towers with Radar,264,84,25,2,375,0,77,20,0,97,264,161,45,2,472,1,2,3,475
07/14/2023,SJU,PR,ASO,ES,Towers with Radar,256,75,13,3,347,0,80,10,0,90,256,155,23,3,437,0,0,0,437
07/15/2023,SJU,PR,ASO,ES,Towers with Radar,289,46,8,0,343,0,67,13,0,80,289,113,21,0,423,0,0,0,423
07/16/2023,SJU,PR,ASO,ES,Towers with Radar,241,42,8,0,291,0,71,4,0,75,241,113,12,0,366,5,0,5,371
07/17/2023,SJU,PR,ASO,ES,Towers with Radar,238,88,24,1,351,0,66,19,0,85,238,154,43,1,436,0,0,0,436
07/18/2023,SJU,PR,ASO,ES,Towers with Radar,269,77,23,1,370,0,78,13,1,92,269,155,36,2,462,0,0,0,462
07/19/2023,SJU,PR,ASO,ES,Towers with Radar,258,81,21,2,362,0,78,15,0,93,258,159,36,2,455,12,0,12,467
07/20/2023,SJU,PR,ASO,ES,Towers with Radar,266,97,25,1,389,0,75,26,0,101,266,172,51,1,490,0,0,0,490
07/21/2023,SJU,PR,ASO,ES,Towers with Radar,272,87,24,2,385,0,105,18,0,123,272,192,42,2,508,0,0,0,508
07/22/2023,SJU,PR,ASO,ES,Towers with Radar,286,41,29,1,357,0,78,9,0,87,286,119,38,1,444,0,0,0,444
07/23/2023,SJU,PR,ASO,ES,Towers with Radar,270,46,15,1,332,0,70,1,1,72,270,116,16,2,404,0,0,0,404
07/24/2023,SJU,PR,ASO,ES,Towers with Radar,261,93,21,4,379,0,66,12,1,79,261,159,33,5,458,0,0,0,458
07/25/2023,SJU,PR,ASO,ES,Towers with Radar,271,67,12,0,350,0,53,12,5,70,271,120,24,5,420,0,0,0,420
07/26/2023,SJU,PR,ASO,ES,Towers with Radar,268,94,20,5,387,0,75,20,0,95,268,169,40,5,482,0,0,0,482
07/27/2023,SJU,PR,ASO,ES,Towers with Radar,258,83,12,1,354,0,66,21,0,87,258,149,33,1,441,0,0,0,441
07/28/2023,SJU,PR,ASO,ES,Towers with Radar,277,95,23,0,395,0,91,30,2,123,277,186,53,2,518,0,0,0,518
07/29/2023,SJU,PR,ASO,ES,Towers with Radar,293,58,30,2,383,0,66,14,0,80,293,124,44,2,463,0,0,0,463
07/30/2023,SJU,PR,ASO,ES,Towers with Radar,268,44,17,2,331,0,67,14,1,82,268,111,31,3,413,0,0,0,413
07/31/2023,SJU,PR,ASO,ES,Towers with Radar,253,85,12,9,359,0,73,15,2,90,253,158,27,11,449,0,0,0,449
08/01/2023,SJU,PR,ASO,ES,Towers with Radar,295,85,41,7,428,0,54,26,1,81,295,139,67,8,509,0,0,0,509
08/02/2023,SJU,PR,ASO,ES,Towers with Radar,267,68,19,4,358,8,68,33,0,109,275,136,52,4,467,13,0,13,480
08/03/2023,SJU,PR,ASO,ES,Towers with Radar,261,84,25,0,370,0,81,17,0,98,261,165,42,0,468,0,0,0,468
08/04/2023,SJU,PR,ASO,ES,Towers with Radar,263,81,20,3,367,0,70,14,2,86,263,151,34,5,453,0,0,0,453
08/05/2023,SJU,PR,ASO,ES,Towers with Radar,308,49,12,1,370,0,66,1,1,68,308,115,13,2,438,0,0,0,438
08/06/2023,SJU,PR,ASO,ES,Towers with Radar,256,43,20,0,319,0,77,8,0,85,256,120,28,0,404,0,0,0,404
08/07/2023,SJU,PR,ASO,ES,Towers with Radar,244,80,9,1,334,0,77,12,0,89,244,157,21,1,423,0,0,0,423
08/08/2023,SJU,PR,ASO,ES,Towers with Radar,246,68,7,1,322,0,73,21,3,97,246,141,28,4,419,0,0,0,419
08/09/2023,SJU,PR,ASO,ES,Towers with Radar,261,81,27,4,373,0,62,15,1,78,261,143,42,5,451,0,0,0,451
08/10/2023,SJU,PR,ASO,ES,Towers with Radar,236,78,17,0,331,0,85,21,0,106,236,163,38,0,437,0,0,0,437
08/11/2023,SJU,PR,ASO,ES,Towers with Radar,262,88,25,0,375,0,89,12,1,102,262,177,37,1,477,0,0,0,477
08/12/2023,SJU,PR,ASO,ES,Towers with Radar,268,45,6,1,320,0,62,2,0,64,268,107,8,1,384,0,0,0,384
08/13/2023,SJU,PR,ASO,ES,Towers with Radar,272,34,17,0,323,0,76,8,0,84,272,110,25,0,407,0,0,0,407
08/14/2023,SJU,PR,ASO,ES,Towers with Radar,215,81,11,10,317,0,99,12,1,112,215,180,23,11,429,0,0,0,429
08/15/2023,SJU,PR,ASO,ES,Towers with Radar,264,82,24,3,373,0,110,14,0,124,264,192,38,3,497,12,0,12,509
08/16/2023,SJU,PR,ASO,ES,Towers with Radar,230,84,17,2,333,0,84,6,0,90,230,168,23,2,423,14,0,14,437
08/17/2023,SJU,PR,ASO,ES,Towers with Radar,235,81,15,0,331,0,86,23,0,109,235,167,38,0,440,0,0,0,440
08/18/2023,SJU,PR,ASO,ES,Towers with Radar,241,87,24,1,353,0,94,10,0,104,241,181,34,1,457,0,0,0,457
08/19/2023,SJU,PR,ASO,ES,Towers with Radar,242,43,11,0,296,0,72,9,0,81,242,115,20,0,377,0,0,0,377
08/20/2023,SJU,PR,ASO,ES,Towers with Radar,244,53,10,0,307,0,68,0,0,68,244,121,10,0,375,0,0,0,375
08/21/2023,SJU,PR,ASO,ES,Towers with Radar,238,86,14,7,345,0,72,7,1,80,238,158,21,8,425,0,0,0,425
08/22/2023,SJU,PR,ASO,ES,Towers with Radar,237,87,12,0,336,0,52,7,1,60,237,139,19,1,396,8,0,8,404
08/23/2023,SJU,PR,ASO,ES,Towers with Radar,242,74,30,0,346,0,72,19,2,93,242,146,49,2,439,0,0,0,439
08/24/2023,SJU,PR,ASO,ES,Towers with Radar,231,84,18,6,339,0,65,22,3,90,231,149,40,9,429,9,2,11,440
08/25/2023,SJU,PR,ASO,ES,Towers with Radar,262,90,26,2,380,0,68,30,0,98,262,158,56,2,478,0,0,0,478
08/26/2023,SJU,PR,ASO,ES,Towers with Radar,263,43,13,0,319,0,53,7,1,61,263,96,20,1,380,0,0,0,380
08/27/2023,SJU,PR,ASO,ES,Towers with Radar,224,40,17,0,281,0,64,12,2,78,224,104,29,2,359,0,0,0,359
08/28/2023,SJU,PR,ASO,ES,Towers with Radar,226,95,12,4,337,0,72,18,2,92,226,167,30,6,429,0,0,0,429
08/29/2023,SJU,PR,ASO,ES,Towers with Radar,233,82,23,0,338,0,69,15,0,84,233,151,38,0,422,6,0,6,428
08/30/2023,SJU,PR,ASO,ES,Towers with Radar,234,82,22,3,341,0,73,33,8,114,234,155,55,11,455,10,0,10,465
08/31/2023,SJU,PR,ASO,ES,Towers with Radar,225,84,27,1,337,0,56,16,0,72,225,140,43,1,409,8,0,8,417
01/01/2020,SJU,PR,ASO,ES,Towers with Radar,208,67,8,0,283,0,135,14,0,149,208,202,22,0,432,0,0,0,432
01/02/2020,SJU,PR,ASO,ES,Towers with Radar,236,108,42,1,387,0,170,30,1,201,236,278,72,2,588,0,0,0,588
01/03/2020,SJU,PR,ASO,ES,Towers with Radar,237,159,38,0,434,0,129,40,0,169,237,288,78,0,603,0,0,0,603
01/04/2020,SJU,PR,ASO,ES,Towers with Radar,270,86,50,9,415,0,191,73,0,264,270,277,123,9,679,0,0,0,679
01/05/2020,SJU,PR,ASO,ES,Towers with Radar,247,83,37,1,368,0,161,28,0,189,247,244,65,1,557,0,0,0,557
01/06/2020,SJU,PR,ASO,ES,Towers with Radar,232,83,13,11,339,0,113,25,2,140,232,196,38,13,479,0,0,0,479
01/07/2020,SJU,PR,ASO,ES,Towers with Radar,222,87,19,5,333,0,120,27,0,147,222,207,46,5,480,1,0,1,481
01/08/2020,SJU,PR,ASO,ES,Towers with Radar,233,94,13,12,352,0,108,21,3,132,233,202,34,15,484,0,0,0,484
01/09/2020,SJU,PR,ASO,ES,Towers with Radar,242,105,44,2,393,0,117,34,0,151,242,222,78,2,544,0,1,1,545
01/10/2020,SJU,PR,ASO,ES,Towers with Radar,228,104,12,0,344,0,119,21,3,143,228,223,33,3,487,0,0,0,487
01/11/2020,SJU,PR,ASO,ES,Towers with Radar,249,56,21,0,326,0,131,15,1,147,249,187,36,1,473,0,0,0,473
01/12/2020,SJU,PR,ASO,ES,Towers with Radar,239,59,16,0,314,0,107,15,0,122,239,166,31,0,436,0,0,0,436
01/13/2020,SJU,PR,ASO,ES,Towers with Radar,217,97,22,0,336,0,100,21,1,122,217,197,43,1,458,0,0,0,458
01/14/2020,SJU,PR,ASO,ES,Towers with Radar,219,102,22,1,344,0,110,27,0,137,219,212,49,1,481,0,0,0,481
01/15/2020,SJU,PR,ASO,ES,Towers with Radar,210,104,11,3,328,0,113,22,3,138,210,217,33,6,466,2,0,2,468
01/16/2020,SJU,PR,ASO,ES,Towers with Radar,207,104,25,3,339,0,122,27,1,150,207,226,52,4,489,0,0,0,489
01/17/2020,SJU,PR,ASO,ES,Towers with Radar,228,97,13,0,338,0,140,18,3,161,228,237,31,3,499,0,1,1,500
01/18/2020,SJU,PR,ASO,ES,Towers with Radar,248,69,14,3,334,0,116,30,0,146,248,185,44,3,480,0,0,0,480
01/19/2020,SJU,PR,ASO,ES,Towers with Radar,230,75,12,1,318,8,83,9,2,102,238,158,21,3,420,0,0,0,420
01/20/2020,SJU,PR,ASO,ES,Towers with Radar,224,114,27,1,366,15,112,20,2,149,239,226,47,3,515,0,0,0,515
01/21/2020,SJU,PR,ASO,ES,Towers with Radar,203,96,18,2,319,0,126,19,2,147,203,222,37,4,466,0,0,0,466
01/22/2020,SJU,PR,ASO,ES,Towers with Radar,218,94,18,6,336,0,139,25,2,166,218,233,43,8,502,10,0,10,512
01/23/2020,SJU,PR,ASO,ES,Towers with Radar,214,100,9,4,327,0,94,15,0,109,214,194,24,4,436,0,0,0,436
01/24/2020,SJU,PR,ASO,ES,Towers with Radar,216,133,16,2,367,0,116,23,3,142,216,249,39,5,509,0,0,0,509
01/25/2020,SJU,PR,ASO,ES,Towers with Radar,215,69,6,2,292,0,106,26,0,132,215,175,32,2,424,6,0,6,430
01/26/2020,SJU,PR,ASO,ES,Towers with Radar,214,57,13,6,290,0,114,11,2,127,214,171,24,8,417,0,0,0,417
01/27/2020,SJU,PR,ASO,ES,Towers with Radar,216,104,15,3,338,0,117,16,3,136,216,221,31,6,474,0,0,0,474
01/28/2020,SJU,PR,ASO,ES,Towers with Radar,199,85,27,7,318,0,115,21,3,139,199,200,48,10,457,20,0,20,477
01/29/2020,SJU,PR,ASO,ES,Towers with Radar,200,85,20,15,320,0,135,15,5,155,200,220,35,20,475,0,0,0,475
01/30/2020,SJU,PR,ASO,ES,Towers with Radar,191,111,29,1,332,0,145,24,0,169,191,256,53,1,501,10,0,10,511
01/31/2020,SJU,PR,ASO,ES,Towers with Radar,219,95,35,1,350,0,141,31,1,173,219,236,66,2,523,4,0,4,527
02/01/2020,SJU,PR,ASO,ES,Towers with Radar,239,49,22,3,313,0,130,34,3,167,239,179,56,6,480,0,0,0,480
02/02/2020,SJU,PR,ASO,ES,Towers with Radar,228,46,19,0,293,0,116,17,1,134,228,162,36,1,427,0,0,0,427
02/03/2020,SJU,PR,ASO,ES,Towers with Radar,206,95,39,2,342,0,141,25,0,166,206,236,64,2,508,0,0,0,508
02/04/2020,SJU,PR,ASO,ES,Towers with Radar,208,88,17,1,314,0,121,23,1,145,208,209,40,2,459,0,0,0,459
02/05/2020,SJU,PR,ASO,ES,Towers with Radar,195,87,20,2,304,0,138,23,1,162,195,225,43,3,466,2,0,2,468
02/06/2020,SJU,PR,ASO,ES,Towers with Radar,201,104,33,1,339,0,131,33,1,165,201,235,66,2,504,12,0,12,516
02/07/2020,SJU,PR,ASO,ES,Towers with Radar,207,109,24,2,342,0,144,22,0,166,207,253,46,2,508,13,0,13,521
02/08/2020,SJU,PR,ASO,ES,Towers with Radar,222,59,10,5,296,0,145,19,0,164,222,204,29,5,460,0,0,0,460
02/09/2020,SJU,PR,ASO,ES,Towers with Radar,221,53,14,2,290,12,121,17,4,154,233,174,31,6,444,0,0,0,444
02/10/2020,SJU,PR,ASO,ES,Towers with Radar,198,113,17,1,329,0,139,11,4,154,198,252,28,5,483,0,0,0,483
02/11/2020,SJU,PR,ASO,ES,Towers with Radar,194,89,19,0,302,0,118,30,5,153,194,207,49,5,455,0,0,0,455
02/12/2020,SJU,PR,ASO,ES,Towers with Radar,201,99,18,4,322,0,121,18,5,144,201,220,36,9,466,0,0,0,466
02/13/2020,SJU,PR,ASO,ES,Towers with Radar,202,123,27,2,354,0,148,29,2,179,202,271,56,4,533,0,0,0,533
02/14/2020,SJU,PR,ASO,ES,Towers with Radar,205,123,29,0,357,0,127,44,0,171,205,250,73,0,528,0,0,0,528
02/15/2020,SJU,PR,ASO,ES,Towers with Radar,220,63,22,1,306,0,150,41,0,191,220,213,63,1,497,0,0,0,497
02/16/2020,SJU,PR,ASO,ES,Towers with Radar,217,72,17,2,308,0,115,15,1,131,217,187,32,3,439,0,0,0,439
02/17/2020,SJU,PR,ASO,ES,Towers with Radar,201,115,19,3,338,0,145,8,0,153,201,260,27,3,491,0,0,0,491
02/18/2020,SJU,PR,ASO,ES,Towers with Radar,187,120,21,6,334,0,135,19,4,158,187,255,40,10,492,2,0,2,494
02/19/2020,SJU,PR,ASO,ES,Towers with Radar,204,93,23,1,321,0,121,32,1,154,204,214,55,2,475,0,0,0,475
02/20/2020,SJU,PR,ASO,ES,Towers with Radar,203,108,22,3,336,0,141,23,3,167,203,249,45,6,503,0,0,0,503
02/21/2020,SJU,PR,ASO,ES,Towers with Radar,202,86,16,2,306,0,156,24,4,184,202,242,40,6,490,0,0,0,490
02/22/2020,SJU,PR,ASO,ES,Towers with Radar,230,56,24,4,314,0,140,40,3,183,230,196,64,7,497,0,0,0,497
02/23/2020,SJU,PR,ASO,ES,Towers with Radar,231,67,22,3,323,11,116,20,2,149,242,183,42,5,472,0,0,0,472
02/24/2020,SJU,PR,ASO,ES,Towers with Radar,196,135,19,5,355,0,75,9,7,91,196,210,28,12,446,0,0,0,446
02/25/2020,SJU,PR,ASO,ES,Towers with Radar,201,146,29,1,377,0,51,8,1,60,201,197,37,2,437,0,0,0,437
02/26/2020,SJU,PR,ASO,ES,Towers with Radar,195,111,37,10,353,0,127,17,3,147,195,238,54,13,500,0,0,0,500
02/27/2020,SJU,PR,ASO,ES,Towers with Radar,216,93,23,2,334,0,166,30,3,199,216,259,53,5,533,0,0,0,533
02/28/2020,SJU,PR,ASO,ES,Towers with Radar,207,92,22,5,326,0,130,41,0,171,207,222,63,5,497,0,0,0,497
02/29/2020,SJU,PR,ASO,ES,Towers with Radar,231,57,25,4,317,0,178,33,2,213,231,235,58,6,530,0,0,0,530
03/01/2020,SJU,PR,ASO,ES,Towers with Radar,233,48,27,3,311,0,266,17,0,283,233,314,44,3,594,0,0,0,594
03/02/2020,SJU,PR,ASO,ES,Towers with Radar,198,108,20,2,328,0,136,9,1,146,198,244,29,3,474,0,0,0,474
03/03/2020,SJU,PR,ASO,ES,Towers with Radar,202,99,26,1,328,0,141,10,0,151,202,240,36,1,479,4,0,4,483
03/04/2020,SJU,PR,ASO,ES,Towers with Radar,210,93,31,13,347,0,130,30,3,163,210,223,61,16,510,0,0,0,510
03/05/2020,SJU,PR,ASO,ES,Towers with Radar,202,98,13,0,313,0,110,14,1,125,202,208,27,1,438,5,0,5,443
03/06/2020,SJU,PR,ASO,ES,Towers with Radar,216,101,22,0,339,0,142,11,0,153,216,243,33,0,492,0,0,0,492
03/07/2020,SJU,PR,ASO,ES,Towers with Radar,240,62,26,2,330,0,102,18,0,120,240,164,44,2,450,0,0,0,450
03/08/2020,SJU,PR,ASO,ES,Towers with Radar,239,71,14,1,325,0,88,8,1,97,239,159,22,2,422,7,0,7,429
03/09/2020,SJU,PR,ASO,ES,Towers with Radar,223,155,40,0,418,0,68,8,0,76,223,223,48,0,494,0,0,0,494
03/10/2020,SJU,PR,ASO,ES,Towers with Radar,217,98,32,0,347,0,108,21,0,129,217,206,53,0,476,0,0,0,476
03/11/2020,SJU,PR,ASO,ES,Towers with Radar,236,89,16,10,351,0,110,26,0,136,236,199,42,10,487,0,0,0,487
03/12/2020,SJU,PR,ASO,ES,Towers with Radar,214,107,22,0,343,0,108,13,0,121,214,215,35,0,464,6,0,6,470
03/13/2020,SJU,PR,ASO,ES,Towers with Radar,204,100,32,0,336,0,135,33,3,171,204,235,65,3,507,0,0,0,507
03/14/2020,SJU,PR,ASO,ES,Towers with Radar,259,66,26,0,351,0,135,20,0,155,259,201,46,0,506,0,0,0,506
03/15/2020,SJU,PR,ASO,ES,Towers with Radar,245,71,36,0,352,0,152,21,0,173,245,223,57,0,525,0,0,0,525
03/16/2020,SJU,PR,ASO,ES,Towers with Radar,209,113,30,3,355,0,115,15,0,130,209,228,45,3,485,2,0,2,487
03/17/2020,SJU,PR,ASO,ES,Towers with Radar,229,112,28,3,372,0,122,20,2,144,229,234,48,5,516,0,0,0,516
03/18/2020,SJU,PR,ASO,ES,Towers with Radar,212,99,20,1,332,0,104,20,0,124,212,203,40,1,456,0,0,0,456
03/19/2020,SJU,PR,ASO,ES,Towers with Radar,227,112,16,3,358,0,123,21,1,145,227,235,37,4,503,0,0,0,503
03/20/2020,SJU,PR,ASO,ES,Towers with Radar,192,96,25,6,319,0,125,18,2,145,192,221,43,8,464,6,0,6,470
03/21/2020,SJU,PR,ASO,ES,Towers with Radar,189,60,23,2,274,0,92,17,0,109,189,152,40,2,383,0,0,0,383
03/22/2020,SJU,PR,ASO,ES,Towers with Radar,203,44,18,7,272,0,45,8,1,54,203,89,26,8,326,0,0,0,326
03/23/2020,SJU,PR,ASO,ES,Towers with Radar,163,79,9,1,252,0,38,2,0,40,163,117,11,1,292,0,0,0,292
03/24/2020,SJU,PR,ASO,ES,Towers with Radar,167,91,12,3,273,0,54,4,1,59,167,145,16,4,332,4,0,4,336
03/25/2020,SJU,PR,ASO,ES,Towers with Radar,150,73,8,0,231,0,44,10,2,56,150,117,18,2,287,5,0,5,292
03/26/2020,SJU,PR,ASO,ES,Towers with Radar,142,73,6,1,222,0,50,7,1,58,142,123,13,2,280,0,0,0,280
03/27/2020,SJU,PR,ASO,ES,Towers with Radar,117,70,9,2,198,0,35,12,2,49,117,105,21,4,247,0,0,0,247
03/28/2020,SJU,PR,ASO,ES,Towers with Radar,117,24,6,3,150,0,30,2,3,35,117,54,8,6,185,0,0,0,185
03/29/2020,SJU,PR,ASO,ES,Towers with Radar,93,20,9,0,122,0,27,6,1,34,93,47,15,1,156,0,0,0,156
03/30/2020,SJU,PR,ASO,ES,Towers with Radar,83,63,13,8,167,0,33,8,1,42,83,96,21,9,209,0,17,17,226
03/31/2020,SJU,PR,ASO,ES,Towers with Radar,91,54,4,1,150,0,35,11,1,47,91,89,15,2,197,0,0,0,197
04/01/2020,SJU,PR,ASO,ES,Towers with Radar,102,51,8,0,161,0,39,13,0,52,102,90,21,0,213,0,0,0,213
04/02/2020,SJU,PR,ASO,ES,Towers with Radar,97,54,3,1,155,0,37,12,2,51,97,91,15,3,206,0,0,0,206
04/03/2020,SJU,PR,ASO,ES,Towers with Radar,94,66,8,0,168,0,28,14,0,42,94,94,22,0,210,0,0,0,210
04/04/2020,SJU,PR,ASO,ES,Towers with Radar,81,24,6,4,115,0,29,4,0,33,81,53,10,4,148,0,0,0,148
04/05/2020,SJU,PR,ASO,ES,Towers with Radar,74,23,5,0,102,0,21,5,0,26,74,44,10,0,128,0,0,0,128
04/06/2020,SJU,PR,ASO,ES,Towers with Radar,65,45,4,8,122,0,27,7,0,34,65,72,11,8,156,0,0,0,156
04/07/2020,SJU,PR,ASO,ES,Towers with Radar,70,68,4,0,142,0,23,2,0,25,70,91,6,0,167,0,0,0,167
04/08/2020,SJU,PR,ASO,ES,Towers with Radar,71,68,6,0,145,6,22,3,0,31,77,90,9,0,176,0,0,0,176
04/09/2020,SJU,PR,ASO,ES,Towers with Radar,73,59,7,1,140,0,49,19,0,68,73,108,26,1,208,0,0,0,208
04/10/2020,SJU,PR,ASO,ES,Towers with Radar,69,17,6,0,92,3,26,1,0,30,72,43,7,0,122,0,0,0,122
04/11/2020,SJU,PR,ASO,ES,Towers with Radar,63,21,11,2,97,0,35,3,1,39,63,56,14,3,136,0,0,0,136
04/12/2020,SJU,PR,ASO,ES,Towers with Radar,51,14,2,0,67,3,18,2,0,23,54,32,4,0,90,0,0,0,90
04/13/2020,SJU,PR,ASO,ES,Towers with Radar,52,31,12,1,96,0,24,6,1,31,52,55,18,2,127,0,0,0,127
04/14/2020,SJU,PR,ASO,ES,Towers with Radar,57,47,3,7,114,0,24,7,7,38,57,71,10,14,152,0,0,0,152
04/15/2020,SJU,PR,ASO,ES,Towers with Radar,59,45,10,6,120,0,32,10,7,49,59,77,20,13,169,0,0,0,169
04/16/2020,SJU,PR,ASO,ES,Towers with Radar,55,60,3,2,120,0,20,13,0,33,55,80,16,2,153,0,0,0,153
04/17/2020,SJU,PR,ASO,ES,Towers with Radar,56,40,7,1,104,0,35,10,0,45,56,75,17,1,149,0,0,0,149
04/18/2020,SJU,PR,ASO,ES,Towers with Radar,62,17,14,0,93,0,28,7,1,36,62,45,21,1,129,3,0,3,132
04/19/2020,SJU,PR,ASO,ES,Towers with Radar,39,15,4,10,68,0,31,5,3,39,39,46,9,13,107,0,0,0,107
04/20/2020,SJU,PR,ASO,ES,Towers with Radar,35,58,8,9,110,0,46,13,0,59,35,104,21,9,169,0,0,0,169
04/21/2020,SJU,PR,ASO,ES,Towers with Radar,53,60,4,0,117,0,44,15,0,59,53,104,19,0,176,13,0,13,189
04/22/2020,SJU,PR,ASO,ES,Towers with Radar,51,48,3,0,102,2,36,13,1,52,53,84,16,1,154,4,0,4,158
04/23/2020,SJU,PR,ASO,ES,Towers with Radar,56,61,10,5,132,0,35,29,2,66,56,96,39,7,198,4,0,4,202
04/24/2020,SJU,PR,ASO,ES,Towers with Radar,57,51,2,8,118,0,38,7,2,47,57,89,9,10,165,0,0,0,165
04/25/2020,SJU,PR,ASO,ES,Towers with Radar,55,20,8,2,85,0,24,8,0,32,55,44,16,2,117,0,0,0,117
04/26/2020,SJU,PR,ASO,ES,Towers with Radar,46,17,4,1,68,0,27,0,1,28,46,44,4,2,96,0,0,0,96
04/27/2020,SJU,PR,ASO,ES,Towers with Radar,36,62,4,8,110,0,33,9,3,45,36,95,13,11,155,0,0,0,155
04/28/2020,SJU,PR,ASO,ES,Towers with Radar,60,42,19,2,123,0,38,19,1,58,60,80,38,3,181,0,0,0,181
04/29/2020,SJU,PR,ASO,ES,Towers with Radar,55,42,13,13,123,0,32,20,9,61,55,74,33,22,184,0,0,0,184
04/30/2020,SJU,PR,ASO,ES,Towers with Radar,77,79,17,0,173,0,36,30,0,66,77,115,47,0,239,0,0,0,239
05/01/2020,SJU,PR,ASO,ES,Towers with Radar,56,48,7,0,111,0,38,24,0,62,56,86,31,0,173,2,0,2,175
05/02/2020,SJU,PR,ASO,ES,Towers with Radar,61,17,12,0,90,0,32,17,0,49,61,49,29,0,139,0,1,1,140
05/03/2020,SJU,PR,ASO,ES,Towers with Radar,43,18,3,1,65,0,37,2,1,40,43,55,5,2,105,0,0,0,105
05/04/2020,SJU,PR,ASO,ES,Towers with Radar,35,66,12,7,120,0,39,8,1,48,35,105,20,8,168,0,0,0,168
05/05/2020,SJU,PR,ASO,ES,Towers with Radar,48,59,13,3,123,0,47,12,5,64,48,106,25,8,187,3,0,3,190
05/06/2020,SJU,PR,ASO,ES,Towers with Radar,47,51,7,0,105,0,69,13,1,83,47,120,20,1,188,0,0,0,188
05/07/2020,SJU,PR,ASO,ES,Towers with Radar,52,68,15,1,136,0,62,9,1,72,52,130,24,2,208,28,0,28,236
05/08/2020,SJU,PR,ASO,ES,Towers with Radar,52,52,8,0,112,0,52,11,2,65,52,104,19,2,177,2,0,2,179
05/09/2020,SJU,PR,ASO,ES,Towers with Radar,52,14,10,1,77,0,25,10,0,35,52,39,20,1,112,0,0,0,112
05/10/2020,SJU,PR,ASO,ES,Towers with Radar,54,30,5,0,89,0,32,2,0,34,54,62,7,0,123,0,0,0,123
05/11/2020,SJU,PR,ASO,ES,Towers with Radar,46,78,6,2,132,0,61,35,2,98,46,139,41,4,230,8,0,8,238
05/12/2020,SJU,PR,ASO,ES,Towers with Radar,43,54,8,1,106,0,48,15,2,65,43,102,23,3,171,0,0,0,171
05/13/2020,SJU,PR,ASO,ES,Towers with Radar,51,57,12,0,120,0,34,18,0,52,51,91,30,0,172,0,0,0,172
05/14/2020,SJU,PR,ASO,ES,Towers with Radar,65,57,11,1,134,4,43,14,0,61,69,100,25,1,195,0,0,0,195
05/15/2020,SJU,PR,ASO,ES,Towers with Radar,65,71,10,0,146,0,40,23,0,63,65,111,33,0,209,0,0,0,209
05/16/2020,SJU,PR,ASO,ES,Towers with Radar,51,21,7,0,79,0,25,18,0,43,51,46,25,0,122,0,0,0,122
05/17/2020,SJU,PR,ASO,ES,Towers with Radar,43,8,7,0,58,0,26,10,2,38,43,34,17,2,96,5,0,5,101
05/18/2020,SJU,PR,ASO,ES,Towers with Radar,38,74,19,1,132,0,50,20,0,70,38,124,39,1,202,0,0,0,202
05/19/2020,SJU,PR,ASO,ES,Towers with Radar,46,51,8,2,107,0,61,18,4,83,46,112,26,6,190,0,0,0,190
05/20/2020,SJU,PR,ASO,ES,Towers with Radar,48,58,8,0,114,0,46,15,1,62,48,104,23,1,176,4,0,4,180
05/21/2020,SJU,PR,ASO,ES,Towers with Radar,69,61,20,0,150,0,50,15,1,66,69,111,35,1,216,0,0,0,216
05/22/2020,SJU,PR,ASO,ES,Towers with Radar,62,73,13,0,148,0,62,9,0,71,62,135,22,0,219,0,0,0,219
05/23/2020,SJU,PR,ASO,ES,Towers with Radar,48,27,13,0,88,0,43,14,0,57,48,70,27,0,145,0,0,0,145
05/24/2020,SJU,PR,ASO,ES,Towers with Radar,44,26,10,0,80,0,41,2,0,43,44,67,12,0,123,0,0,0,123
05/25/2020,SJU,PR,ASO,ES,Towers with Radar,45,59,19,1,124,0,56,15,0,71,45,115,34,1,195,1,1,2,197
05/26/2020,SJU,PR,ASO,ES,Towers with Radar,36,85,15,1,137,0,58,12,0,70,36,143,27,1,207,0,0,0,207
05/27/2020,SJU,PR,ASO,ES,Towers with Radar,54,53,18,4,129,0,46,10,2,58,54,99,28,6,187,0,0,0,187
05/28/2020,SJU,PR,ASO,ES,Towers with Radar,71,72,16,1,160,0,48,7,1,56,71,120,23,2,216,0,0,0,216
05/29/2020,SJU,PR,ASO,ES,Towers with Radar,67,76,21,0,164,0,69,19,0,88,67,145,40,0,252,0,0,0,252
05/30/2020,SJU,PR,ASO,ES,Towers with Radar,57,29,9,0,95,0,56,7,0,63,57,85,16,0,158,0,0,0,158
05/31/2020,SJU,PR,ASO,ES,Towers with Radar,54,16,11,4,85,0,49,1,4,54,54,65,12,8,139,0,0,0,139
06/01/2020,SJU,PR,ASO,ES,Towers with Radar,68,46,25,0,139,0,50,14,0,64,68,96,39,0,203,1,0,1,204
06/02/2020,SJU,PR,ASO,ES,Towers with Radar,70,56,16,1,143,0,53,23,1,77,70,109,39,2,220,0,0,0,220
06/03/2020,SJU,PR,ASO,ES,Towers with Radar,83,54,11,1,149,0,60,23,1,84,83,114,34,2,233,0,0,0,233
06/04/2020,SJU,PR,ASO,ES,Towers with Radar,89,68,7,3,167,0,63,16,1,80,89,131,23,4,247,4,0,4,251
06/05/2020,SJU,PR,ASO,ES,Towers with Radar,102,93,12,3,210,0,53,15,3,71,102,146,27,6,281,0,0,0,281
06/06/2020,SJU,PR,ASO,ES,Towers with Radar,83,15,6,0,104,0,47,11,0,58,83,62,17,0,162,0,0,0,162
06/07/2020,SJU,PR,ASO,ES,Towers with Radar,82,21,20,0,123,0,45,8,2,55,82,66,28,2,178,0,0,0,178
06/08/2020,SJU,PR,ASO,ES,Towers with Radar,72,83,15,0,170,0,67,14,0,81,72,150,29,0,251,0,0,0,251
06/09/2020,SJU,PR,ASO,ES,Towers with Radar,75,54,10,2,141,0,69,13,3,85,75,123,23,5,226,0,0,0,226
06/10/2020,SJU,PR,ASO,ES,Towers with Radar,84,56,10,25,175,0,43,15,5,63,84,99,25,30,238,0,0,0,238
06/11/2020,SJU,PR,ASO,ES,Towers with Radar,110,60,10,0,180,0,48,6,2,56,110,108,16,2,236,0,0,0,236
06/12/2020,SJU,PR,ASO,ES,Towers with Radar,105,70,18,7,200,0,51,21,1,73,105,121,39,8,273,0,0,0,273
06/13/2020,SJU,PR,ASO,ES,Towers with Radar,88,18,14,1,121,7,41,8,4,60,95,59,22,5,181,0,0,0,181
06/14/2020,SJU,PR,ASO,ES,Towers with Radar,90,20,10,1,121,0,46,13,0,59,90,66,23,1,180,0,0,0,180
06/15/2020,SJU,PR,ASO,ES,Towers with Radar,84,83,16,7,190,0,65,11,0,76,84,148,27,7,266,0,0,0,266
06/16/2020,SJU,PR,ASO,ES,Towers with Radar,88,55,29,0,172,0,52,5,0,57,88,107,34,0,229,0,0,0,229
06/17/2020,SJU,PR,ASO,ES,Towers with Radar,86,59,13,5,163,0,50,14,3,67,86,109,27,8,230,0,0,0,230
06/18/2020,SJU,PR,ASO,ES,Towers with Radar,119,70,19,7,215,0,87,22,2,111,119,157,41,9,326,0,0,0,326
06/19/2020,SJU,PR,ASO,ES,Towers with Radar,110,66,13,3,192,0,73,14,1,88,110,139,27,4,280,2,0,2,282
06/20/2020,SJU,PR,ASO,ES,Towers with Radar,93,21,14,0,128,0,59,13,1,73,93,80,27,1,201,0,0,0,201
06/21/2020,SJU,PR,ASO,ES,Towers with Radar,94,24,14,0,132,0,53,7,2,62,94,77,21,2,194,0,0,0,194
06/22/2020,SJU,PR,ASO,ES,Towers with Radar,101,87,16,1,205,0,73,22,0,95,101,160,38,1,300,0,0,0,300
06/23/2020,SJU,PR,ASO,ES,Towers with Radar,96,89,11,3,199,0,36,12,0,48,96,125,23,3,247,0,0,0,247
06/24/2020,SJU,PR,ASO,ES,Towers with Radar,118,74,24,0,216,0,80,13,0,93,118,154,37,0,309,0,0,0,309
06/25/2020,SJU,PR,ASO,ES,Towers with Radar,131,61,21,3,216,0,72,22,0,94,131,133,43,3,310,0,0,0,310
06/26/2020,SJU,PR,ASO,ES,Towers with Radar,114,79,23,2,218,0,78,14,0,92,114,157,37,2,310,2,0,2,312
06/27/2020,SJU,PR,ASO,ES,Towers with Radar,98,28,24,2,152,0,67,14,2,83,98,95,38,4,235,1,0,1,236
06/28/2020,SJU,PR,ASO,ES,Towers with Radar,106,18,16,1,141,0,61,4,1,66,106,79,20,2,207,0,0,0,207
06/29/2020,SJU,PR,ASO,ES,Towers with Radar,93,64,11,0,168,0,59,6,3,68,93,123,17,3,236,0,0,0,236
06/30/2020,SJU,PR,ASO,ES,Towers with Radar,105,65,19,0,189,0,76,20,0,96,105,141,39,0,285,0,0,0,285
07/01/2020,SJU,PR,ASO,ES,Towers with Radar,117,63,15,5,200,0,68,16,1,85,117,131,31,6,285,6,0,6,291
07/02/2020,SJU,PR,ASO,ES,Towers with Radar,154,74,10,0,238,0,81,17,5,103,154,155,27,5,341,12,0,12,353
07/03/2020,SJU,PR,ASO,ES,Towers with Radar,144,90,18,1,253,0,69,21,3,93,144,159,39,4,346,0,0,0,346
07/04/2020,SJU,PR,ASO,ES,Towers with Radar,123,24,8,2,157,0,64,5,3,72,123,88,13,5,229,0,0,0,229
07/05/2020,SJU,PR,ASO,ES,Towers with Radar,138,21,15,0,174,0,65,13,2,80,138,86,28,2,254,0,0,0,254
07/06/2020,SJU,PR,ASO,ES,Towers with Radar,159,79,14,15,267,0,75,13,2,90,159,154,27,17,357,0,0,0,357
07/07/2020,SJU,PR,ASO,ES,Towers with Radar,167,60,12,0,239,0,80,7,0,87,167,140,19,0,326,0,0,0,326
07/08/2020,SJU,PR,ASO,ES,Towers with Radar,157,69,8,1,235,0,67,11,0,78,157,136,19,1,313,0,0,0,313
07/09/2020,SJU,PR,ASO,ES,Towers with Radar,163,71,26,2,262,0,62,19,0,81,163,133,45,2,343,1,0,1,344
07/10/2020,SJU,PR,ASO,ES,Towers with Radar,167,71,12,3,253,0,75,17,3,95,167,146,29,6,348,2,0,2,350
07/11/2020,SJU,PR,ASO,ES,Towers with Radar,158,19,10,0,187,0,59,10,0,69,158,78,20,0,256,0,0,0,256
07/12/2020,SJU,PR,ASO,ES,Towers with Radar,172,27,25,2,226,0,42,10,0,52,172,69,35,2,278,0,0,0,278
07/13/2020,SJU,PR,ASO,ES,Towers with Radar,163,73,15,0,251,0,68,10,2,80,163,141,25,2,331,0,0,0,331
07/14/2020,SJU,PR,ASO,ES,Towers with Radar,165,57,14,4,240,0,46,16,2,64,165,103,30,6,304,0,0,0,304
07/15/2020,SJU,PR,ASO,ES,Towers with Radar,165,67,11,1,244,0,57,12,3,72,165,124,23,4,316,0,0,0,316
07/16/2020,SJU,PR,ASO,ES,Towers with Radar,177,81,14,1,273,0,63,10,3,76,177,144,24,4,349,4,0,4,353
07/17/2020,SJU,PR,ASO,ES,Towers with Radar,172,80,17,3,272,0,85,25,5,115,172,165,42,8,387,0,0,0,387
07/18/2020,SJU,PR,ASO,ES,Towers with Radar,166,32,14,1,213,0,62,10,2,74,166,94,24,3,287,0,0,0,287
07/19/2020,SJU,PR,ASO,ES,Towers with Radar,155,13,12,2,182,0,61,6,1,68,155,74,18,3,250,4,0,4,254
07/20/2020,SJU,PR,ASO,ES,Towers with Radar,159,72,12,13,256,0,58,13,4,75,159,130,25,17,331,0,0,0,331
07/21/2020,SJU,PR,ASO,ES,Towers with Radar,123,55,10,4,192,0,57,15,1,73,123,112,25,5,265,0,0,0,265
07/22/2020,SJU,PR,ASO,ES,Towers with Radar,173,60,22,3,258,0,58,8,1,67,173,118,30,4,325,0,0,0,325
07/23/2020,SJU,PR,ASO,ES,Towers with Radar,168,86,9,2,265,0,53,12,2,67,168,139,21,4,332,0,0,0,332
07/24/2020,SJU,PR,ASO,ES,Towers with Radar,176,90,8,0,274,0,59,9,3,71,176,149,17,3,345,0,0,0,345
07/25/2020,SJU,PR,ASO,ES,Towers with Radar,157,35,13,10,215,0,53,13,0,66,157,88,26,10,281,0,0,0,281
07/26/2020,SJU,PR,ASO,ES,Towers with Radar,147,27,19,5,198,0,53,8,1,62,147,80,27,6,260,0,0,0,260
07/27/2020,SJU,PR,ASO,ES,Towers with Radar,147,70,15,2,234,0,68,15,2,85,147,138,30,4,319,0,0,0,319
07/28/2020,SJU,PR,ASO,ES,Towers with Radar,150,63,22,3,238,0,67,14,2,83,150,130,36,5,321,1,0,1,322
07/29/2020,SJU,PR,ASO,ES,Towers with Radar,149,13,5,2,169,0,24,9,3,36,149,37,14,5,205,0,0,0,205
07/30/2020,SJU,PR,ASO,ES,Towers with Radar,144,42,7,1,194,0,9,0,0,9,144,51,7,1,203,0,0,0,203
07/31/2020,SJU,PR,ASO,ES,Towers with Radar,175,88,14,3,280,0,57,21,1,79,175,145,35,4,359,0,1,1,360
08/01/2020,SJU,PR,ASO,ES,Towers with Radar,163,30,5,0,198,0,49,8,0,57,163,79,13,0,255,0,0,0,255
08/02/2020,SJU,PR,ASO,ES,Towers with Radar,171,20,11,1,203,0,39,8,0,47,171,59,19,1,250,5,0,5,255
08/03/2020,SJU,PR,ASO,ES,Towers with Radar,155,62,17,3,237,0,57,22,3,82,155,119,39,6,319,10,0,10,329
08/04/2020,SJU,PR,ASO,ES,Towers with Radar,148,48,18,1,215,0,55,21,1,77,148,103,39,2,292,0,0,0,292
08/05/2020,SJU,PR,ASO,ES,Towers with Radar,166,76,23,3,268,0,54,12,2,68,166,130,35,5,336,14,0,14,350
08/06/2020,SJU,PR,ASO,ES,Towers with Radar,151,82,15,1,249,0,62,15,3,80,151,144,30,4,329,0,0,0,329
08/07/2020,SJU,PR,ASO,ES,Towers with Radar,168,63,10,14,255,0,64,18,1,83,168,127,28,15,338,0,0,0,338
08/08/2020,SJU,PR,ASO,ES,Towers with Radar,149,36,7,5,197,0,55,9,2,66,149,91,16,7,263,6,0,6,269
08/09/2020,SJU,PR,ASO,ES,Towers with Radar,129,32,8,6,175,0,52,9,1,62,129,84,17,7,237,0,0,0,237
08/10/2020,SJU,PR,ASO,ES,Towers with Radar,136,72,17,1,226,0,66,13,4,83,136,138,30,5,309,0,0,0,309
08/11/2020,SJU,PR,ASO,ES,Towers with Radar,134,59,27,15,235,0,42,26,6,74,134,101,53,21,309,0,0,0,309
08/12/2020,SJU,PR,ASO,ES,Towers with Radar,131,63,6,17,217,0,55,9,2,66,131,118,15,19,283,8,0,8,291
08/13/2020,SJU,PR,ASO,ES,Towers with Radar,158,76,14,3,251,0,56,13,2,71,158,132,27,5,322,2,0,2,324
08/14/2020,SJU,PR,ASO,ES,Towers with Radar,156,74,20,1,251,0,64,23,0,87,156,138,43,1,338,0,0,0,338
08/15/2020,SJU,PR,ASO,ES,Towers with Radar,142,23,15,3,183,0,43,6,4,53,142,66,21,7,236,2,0,2,238
08/16/2020,SJU,PR,ASO,ES,Towers with Radar,155,23,10,2,190,0,49,8,1,58,155,72,18,3,248,0,0,0,248
08/17/2020,SJU,PR,ASO,ES,Towers with Radar,138,72,7,7,224,0,62,10,7,79,138,134,17,14,303,1,0,1,304
08/18/2020,SJU,PR,ASO,ES,Towers with Radar,143,60,15,3,221,0,54,11,7,72,143,114,26,10,293,0,0,0,293
08/19/2020,SJU,PR,ASO,ES,Towers with Radar,124,66,19,11,220,0,50,16,6,72,124,116,35,17,292,0,0,0,292
08/20/2020,SJU,PR,ASO,ES,Towers with Radar,146,66,12,2,226,0,52,16,4,72,146,118,28,6,298,0,0,0,298
08/21/2020,SJU,PR,ASO,ES,Towers with Radar,147,56,14,2,219,0,59,12,1,72,147,115,26,3,291,0,0,0,291
08/22/2020,SJU,PR,ASO,ES,Towers with Radar,103,0,4,0,107,0,2,0,0,2,103,2,4,0,109,0,0,0,109
08/23/2020,SJU,PR,ASO,ES,Towers with Radar,134,37,5,1,177,0,47,16,0,63,134,84,21,1,240,0,0,0,240
08/24/2020,SJU,PR,ASO,ES,Towers with Radar,132,89,7,2,230,0,46,11,0,57,132,135,18,2,287,2,0,2,289
08/25/2020,SJU,PR,ASO,ES,Towers with Radar,135,66,10,2,213,0,53,12,0,65,135,119,22,2,278,0,0,0,278
08/26/2020,SJU,PR,ASO,ES,Towers with Radar,131,63,14,3,211,0,54,11,0,65,131,117,25,3,276,0,0,0,276
08/27/2020,SJU,PR,ASO,ES,Towers with Radar,142,78,16,6,242,0,42,7,0,49,142,120,23,6,291,0,0,0,291
08/28/2020,SJU,PR,ASO,ES,Towers with Radar,147,76,25,4,252,0,60,16,0,76,147,136,41,4,328,6,0,6,334
08/29/2020,SJU,PR,ASO,ES,Towers with Radar,141,29,6,14,190,0,40,9,1,50,141,69,15,15,240,0,0,0,240
08/30/2020,SJU,PR,ASO,ES,Towers with Radar,136,17,13,5,171,0,33,13,1,47,136,50,26,6,218,0,0,0,218
08/31/2020,SJU,PR,ASO,ES,Towers with Radar,139,70,20,6,235,0,48,19,1,68,139,118,39,7,303,0,0,0,303
09/01/2020,SJU,PR,ASO,ES,Towers with Radar,115,59,26,3,203,0,42,15,3,60,115,101,41,6,263,8,0,8,271
09/02/2020,SJU,PR,ASO,ES,Towers with Radar,139,66,13,10,228,0,61,10,1,72,139,127,23,11,300,0,0,0,300
09/03/2020,SJU,PR,ASO,ES,Towers with Radar,141,76,15,2,234,0,41,11,0,52,141,117,26,2,286,0,0,0,286
09/04/2020,SJU,PR,ASO,ES,Towers with Radar,144,64,19,7,234,0,54,23,1,78,144,118,42,8,312,11,0,11,323
09/05/2020,SJU,PR,ASO,ES,Towers with Radar,128,26,12,7,173,0,44,8,3,55,128,70,20,10,228,0,0,0,228
09/06/2020,SJU,PR,ASO,ES,Towers with Radar,131,33,17,12,193,0,39,6,2,47,131,72,23,14,240,0,0,0,240
09/07/2020,SJU,PR,ASO,ES,Towers with Radar,103,46,16,4,169,0,49,19,1,69,103,95,35,5,238,0,0,0,238
09/08/2020,SJU,PR,ASO,ES,Towers with Radar,102,59,19,4,184,0,63,24,1,88,102,122,43,5,272,0,0,0,272
09/09/2020,SJU,PR,ASO,ES,Towers with Radar,118,62,22,14,216,0,49,16,9,74,118,111,38,23,290,0,0,0,290
09/10/2020,SJU,PR,ASO,ES,Towers with Radar,129,84,17,5,235,0,48,20,5,73,129,132,37,10,308,0,0,0,308
09/11/2020,SJU,PR,ASO,ES,Towers with Radar,130,76,21,6,233,0,48,16,2,66,130,124,37,8,299,0,0,0,299
09/12/2020,SJU,PR,ASO,ES,Towers with Radar,137,26,24,6,193,0,42,32,2,76,137,68,56,8,269,0,0,0,269
09/13/2020,SJU,PR,ASO,ES,Towers with Radar,101,19,9,1,130,0,38,3,1,42,101,57,12,2,172,0,0,0,172
09/14/2020,SJU,PR,ASO,ES,Towers with Radar,119,76,21,19,235,0,58,19,1,78,119,134,40,20,313,0,0,0,313
09/15/2020,SJU,PR,ASO,ES,Towers with Radar,100,70,22,2,194,0,58,20,1,79,100,128,42,3,273,0,0,0,273
09/16/2020,SJU,PR,ASO,ES,Towers with Radar,129,59,18,19,225,0,50,9,3,62,129,109,27,22,287,0,0,0,287
09/17/2020,SJU,PR,ASO,ES,Towers with Radar,121,79,23,0,223,0,59,20,1,80,121,138,43,1,303,0,0,0,303
09/18/2020,SJU,PR,ASO,ES,Towers with Radar,119,70,16,1,206,0,38,19,0,57,119,108,35,1,263,0,0,0,263
09/19/2020,SJU,PR,ASO,ES,Towers with Radar,115,26,14,1,156,0,37,12,0,49,115,63,26,1,205,1,0,1,206
09/20/2020,SJU,PR,ASO,ES,Towers with Radar,109,21,14,0,144,0,32,21,0,53,109,53,35,0,197,0,0,0,197
09/21/2020,SJU,PR,ASO,ES,Towers with Radar,121,83,23,2,229,0,62,13,0,75,121,145,36,2,304,7,0,7,311
09/22/2020,SJU,PR,ASO,ES,Towers with Radar,108,57,15,2,182,0,53,14,0,67,108,110,29,2,249,0,0,0,249
09/23/2020,SJU,PR,ASO,ES,Towers with Radar,119,64,20,2,205,0,48,9,0,57,119,112,29,2,262,2,0,2,264
09/24/2020,SJU,PR,ASO,ES,Towers with Radar,139,80,15,3,237,0,48,20,2,70,139,128,35,5,307,0,0,0,307
09/25/2020,SJU,PR,ASO,ES,Towers with Radar,143,83,7,0,233,0,79,14,1,94,143,162,21,1,327,0,0,0,327
09/26/2020,SJU,PR,ASO,ES,Towers with Radar,118,25,8,0,151,0,51,17,1,69,118,76,25,1,220,7,0,7,227
09/27/2020,SJU,PR,ASO,ES,Towers with Radar,116,22,16,1,155,0,37,2,0,39,116,59,18,1,194,0,0,0,194
09/28/2020,SJU,PR,ASO,ES,Towers with Radar,120,94,12,1,227,0,65,11,0,76,120,159,23,1,303,0,0,0,303
09/29/2020,SJU,PR,ASO,ES,Towers with Radar,128,78,21,2,229,0,76,16,0,92,128,154,37,2,321,0,0,0,321
09/30/2020,SJU,PR,ASO,ES,Towers with Radar,121,60,14,0,195,2,45,14,1,62,123,105,28,1,257,0,0,0,257
10/01/2020,SJU,PR,ASO,ES,Towers with Radar,128,77,24,2,231,0,40,27,0,67,128,117,51,2,298,0,0,0,298
10/02/2020,SJU,PR,ASO,ES,Towers with Radar,135,73,14,3,225,0,62,14,1,77,135,135,28,4,302,0,0,0,302
10/03/2020,SJU,PR,ASO,ES,Towers with Radar,116,28,15,3,162,0,34,17,1,52,116,62,32,4,214,0,0,0,214
10/04/2020,SJU,PR,ASO,ES,Towers with Radar,117,29,6,16,168,0,42,7,0,49,117,71,13,16,217,0,0,0,217
10/05/2020,SJU,PR,ASO,ES,Towers with Radar,124,82,10,8,224,0,44,6,1,51,124,126,16,9,275,0,0,0,275
10/06/2020,SJU,PR,ASO,ES,Towers with Radar,124,73,28,7,232,0,72,37,1,110,124,145,65,8,342,0,0,0,342
10/07/2020,SJU,PR,ASO,ES,Towers with Radar,127,67,24,4,222,0,52,28,3,83,127,119,52,7,305,2,0,2,307
10/08/2020,SJU,PR,ASO,ES,Towers with Radar,146,79,24,1,250,0,53,30,2,85,146,132,54,3,335,0,0,0,335
10/09/2020,SJU,PR,ASO,ES,Towers with Radar,156,64,17,7,244,4,57,20,1,82,160,121,37,8,326,0,0,0,326
10/10/2020,SJU,PR,ASO,ES,Towers with Radar,137,32,10,1,180,0,43,10,1,54,137,75,20,2,234,0,0,0,234
10/11/2020,SJU,PR,ASO,ES,Towers with Radar,116,19,13,2,150,0,49,16,0,65,116,68,29,2,215,2,0,2,217
10/12/2020,SJU,PR,ASO,ES,Towers with Radar,130,65,14,0,209,0,66,17,0,83,130,131,31,0,292,0,0,0,292
10/13/2020,SJU,PR,ASO,ES,Towers with Radar,121,63,25,3,212,0,49,26,2,77,121,112,51,5,289,2,0,2,291
10/14/2020,SJU,PR,ASO,ES,Towers with Radar,128,75,16,6,225,0,58,19,6,83,128,133,35,12,308,0,0,0,308
10/15/2020,SJU,PR,ASO,ES,Towers with Radar,141,89,20,1,251,0,51,21,3,75,141,140,41,4,326,0,0,0,326
10/16/2020,SJU,PR,ASO,ES,Towers with Radar,151,79,22,14,266,0,69,12,2,83,151,148,34,16,349,0,0,0,349
10/17/2020,SJU,PR,ASO,ES,Towers with Radar,136,42,21,1,200,0,58,3,2,63,136,100,24,3,263,0,0,0,263
10/18/2020,SJU,PR,ASO,ES,Towers with Radar,123,40,6,2,171,0,54,9,1,64,123,94,15,3,235,0,0,0,235
10/19/2020,SJU,PR,ASO,ES,Towers with Radar,133,89,13,1,236,0,77,25,2,104,133,166,38,3,340,0,0,0,340
10/20/2020,SJU,PR,ASO,ES,Towers with Radar,124,83,12,4,223,0,73,19,3,95,124,156,31,7,318,0,0,0,318
10/21/2020,SJU,PR,ASO,ES,Towers with Radar,128,96,14,7,245,0,62,17,2,81,128,158,31,9,326,8,0,8,334
10/22/2020,SJU,PR,ASO,ES,Towers with Radar,136,97,14,3,250,0,72,15,0,87,136,169,29,3,337,0,0,0,337
10/23/2020,SJU,PR,ASO,ES,Towers with Radar,137,67,29,2,235,0,70,22,0,92,137,137,51,2,327,0,0,0,327
10/24/2020,SJU,PR,ASO,ES,Towers with Radar,128,31,9,1,169,0,69,14,0,83,128,100,23,1,252,0,0,0,252
10/25/2020,SJU,PR,ASO,ES,Towers with Radar,132,30,19,0,181,0,59,13,0,72,132,89,32,0,253,0,0,0,253
10/26/2020,SJU,PR,ASO,ES,Towers with Radar,145,83,11,7,246,0,76,13,2,91,145,159,24,9,337,0,0,0,337
10/27/2020,SJU,PR,ASO,ES,Towers with Radar,127,80,24,0,231,0,79,14,0,93,127,159,38,0,324,0,2,2,326
10/28/2020,SJU,PR,ASO,ES,Towers with Radar,138,92,15,10,255,0,68,18,4,90,138,160,33,14,345,2,0,2,347
10/29/2020,SJU,PR,ASO,ES,Towers with Radar,150,106,26,2,284,0,55,21,1,77,150,161,47,3,361,0,0,0,361
10/30/2020,SJU,PR,ASO,ES,Towers with Radar,159,79,21,2,261,0,84,25,1,110,159,163,46,3,371,0,0,0,371
10/31/2020,SJU,PR,ASO,ES,Towers with Radar,129,25,11,0,165,0,62,12,0,74,129,87,23,0,239,0,0,0,239
11/01/2020,SJU,PR,ASO,ES,Towers with Radar,130,26,12,0,168,0,63,15,0,78,130,89,27,0,246,0,0,0,246
11/02/2020,SJU,PR,ASO,ES,Towers with Radar,133,79,17,3,232,0,69,10,1,80,133,148,27,4,312,3,0,3,315
11/03/2020,SJU,PR,ASO,ES,Towers with Radar,136,71,14,8,229,0,58,21,2,81,136,129,35,10,310,0,0,0,310
11/04/2020,SJU,PR,ASO,ES,Towers with Radar,132,81,12,2,227,0,51,22,2,75,132,132,34,4,302,0,0,0,302
11/05/2020,SJU,PR,ASO,ES,Towers with Radar,148,89,36,6,279,0,75,30,3,108,148,164,66,9,387,34,0,34,421
11/06/2020,SJU,PR,ASO,ES,Towers with Radar,146,77,17,2,242,0,61,13,0,74,146,138,30,2,316,6,0,6,322
11/07/2020,SJU,PR,ASO,ES,Towers with Radar,136,33,15,1,185,0,57,11,1,69,136,90,26,2,254,0,0,0,254
11/08/2020,SJU,PR,ASO,ES,Towers with Radar,131,44,18,1,194,0,35,7,0,42,131,79,25,1,236,0,0,0,236
11/09/2020,SJU,PR,ASO,ES,Towers with Radar,149,77,15,6,247,0,62,11,3,76,149,139,26,9,323,0,0,0,323
11/10/2020,SJU,PR,ASO,ES,Towers with Radar,146,102,18,0,266,0,42,6,0,48,146,144,24,0,314,0,0,0,314
11/11/2020,SJU,PR,ASO,ES,Towers with Radar,139,120,18,1,278,0,21,1,2,24,139,141,19,3,302,2,0,2,304
11/12/2020,SJU,PR,ASO,ES,Towers with Radar,150,123,36,0,309,0,89,20,4,113,150,212,56,4,422,0,0,0,422
11/13/2020,SJU,PR,ASO,ES,Towers with Radar,164,81,25,0,270,0,78,25,0,103,164,159,50,0,373,20,0,20,393
11/14/2020,SJU,PR,ASO,ES,Towers with Radar,144,47,29,0,220,0,74,13,1,88,144,121,42,1,308,0,0,0,308
11/15/2020,SJU,PR,ASO,ES,Towers with Radar,141,40,19,1,201,0,73,7,0,80,141,113,26,1,281,0,0,0,281
11/16/2020,SJU,PR,ASO,ES,Towers with Radar,145,77,25,1,248,0,79,22,0,101,145,156,47,1,349,0,0,0,349
11/17/2020,SJU,PR,ASO,ES,Towers with Radar,122,87,20,0,229,0,68,22,0,90,122,155,42,0,319,0,0,0,319
11/18/2020,SJU,PR,ASO,ES,Towers with Radar,161,83,20,1,265,0,61,18,0,79,161,144,38,1,344,0,0,0,344
11/19/2020,SJU,PR,ASO,ES,Towers with Radar,165,98,18,1,282,0,73,25,0,98,165,171,43,1,380,0,0,0,380
11/20/2020,SJU,PR,ASO,ES,Towers with Radar,179,87,23,5,294,0,91,18,1,110,179,178,41,6,404,0,0,0,404
11/21/2020,SJU,PR,ASO,ES,Towers with Radar,183,59,26,6,274,0,75,10,2,87,183,134,36,8,361,0,0,0,361
11/22/2020,SJU,PR,ASO,ES,Towers with Radar,160,61,23,1,245,0,56,6,0,62,160,117,29,1,307,0,0,0,307
11/23/2020,SJU,PR,ASO,ES,Towers with Radar,177,94,13,3,287,0,102,16,1,119,177,196,29,4,406,0,0,0,406
11/24/2020,SJU,PR,ASO,ES,Towers with Radar,159,79,28,2,268,0,71,25,3,99,159,150,53,5,367,6,0,6,373
11/25/2020,SJU,PR,ASO,ES,Towers with Radar,159,105,22,3,289,0,90,20,1,111,159,195,42,4,400,0,0,0,400
11/26/2020,SJU,PR,ASO,ES,Towers with Radar,128,47,4,1,180,0,58,4,1,63,128,105,8,2,243,0,0,0,243
11/27/2020,SJU,PR,ASO,ES,Towers with Radar,149,51,22,0,222,0,73,21,0,94,149,124,43,0,316,8,1,9,325
11/28/2020,SJU,PR,ASO,ES,Towers with Radar,182,34,25,0,241,0,75,15,0,90,182,109,40,0,331,0,0,0,331
11/29/2020,SJU,PR,ASO,ES,Towers with Radar,189,37,18,0,244,0,103,9,1,113,189,140,27,1,357,0,0,0,357
11/30/2020,SJU,PR,ASO,ES,Towers with Radar,176,92,24,5,297,0,109,15,2,126,176,201,39,7,423,4,0,4,427
12/01/2020,SJU,PR,ASO,ES,Towers with Radar,168,92,20,5,285,0,93,16,1,110,168,185,36,6,395,9,0,9,404
12/02/2020,SJU,PR,ASO,ES,Towers with Radar,141,80,17,3,241,0,68,17,3,88,141,148,34,6,329,4,0,4,333
12/03/2020,SJU,PR,ASO,ES,Towers with Radar,170,84,24,7,285,0,88,14,1,103,170,172,38,8,388,0,0,0,388
12/04/2020,SJU,PR,ASO,ES,Towers with Radar,167,104,23,7,301,0,84,20,1,105,167,188,43,8,406,0,0,0,406
12/05/2020,SJU,PR,ASO,ES,Towers with Radar,147,61,13,1,222,0,45,8,1,54,147,106,21,2,276,2,0,2,278
12/06/2020,SJU,PR,ASO,ES,Towers with Radar,156,64,22,0,242,0,38,14,0,52,156,102,36,0,294,0,0,0,294
12/07/2020,SJU,PR,ASO,ES,Towers with Radar,160,97,13,0,270,0,76,15,1,92,160,173,28,1,362,0,0,0,362
12/08/2020,SJU,PR,ASO,ES,Towers with Radar,136,91,8,0,235,0,67,19,1,87,136,158,27,1,322,18,0,18,340
12/09/2020,SJU,PR,ASO,ES,Towers with Radar,163,87,25,0,275,0,97,17,2,116,163,184,42,2,391,16,1,17,408
12/10/2020,SJU,PR,ASO,ES,Towers with Radar,171,90,13,0,274,0,73,14,1,88,171,163,27,1,362,5,0,5,367
12/11/2020,SJU,PR,ASO,ES,Towers with Radar,175,91,24,0,290,0,68,22,0,90,175,159,46,0,380,0,0,0,380
12/12/2020,SJU,PR,ASO,ES,Towers with Radar,159,54,7,1,221,0,69,13,0,82,159,123,20,1,303,0,0,0,303
12/13/2020,SJU,PR,ASO,ES,Towers with Radar,163,39,17,0,219,1,63,8,0,72,164,102,25,0,291,0,0,0,291
12/14/2020,SJU,PR,ASO,ES,Towers with Radar,168,96,33,2,299,0,74,17,1,92,168,170,50,3,391,0,0,0,391
12/15/2020,SJU,PR,ASO,ES,Towers with Radar,136,109,24,1,270,0,83,14,1,98,136,192,38,2,368,0,0,0,368
12/16/2020,SJU,PR,ASO,ES,Towers with Radar,147,105,21,7,280,0,60,12,4,76,147,165,33,11,356,0,0,0,356
12/17/2020,SJU,PR,ASO,ES,Towers with Radar,185,97,21,1,304,0,67,9,4,80,185,164,30,5,384,14,0,14,398
12/18/2020,SJU,PR,ASO,ES,Towers with Radar,218,109,30,1,358,0,107,15,0,122,218,216,45,1,480,0,0,0,480
12/19/2020,SJU,PR,ASO,ES,Towers with Radar,217,79,32,6,334,0,93,19,1,113,217,172,51,7,447,0,0,0,447
12/20/2020,SJU,PR,ASO,ES,Towers with Radar,212,58,19,0,289,0,67,7,0,74,212,125,26,0,363,0,0,0,363
12/21/2020,SJU,PR,ASO,ES,Towers with Radar,221,98,29,2,350,0,79,21,3,103,221,177,50,5,453,0,0,0,453
12/22/2020,SJU,PR,ASO,ES,Towers with Radar,211,110,24,4,349,0,92,19,1,112,211,202,43,5,461,6,0,6,467
12/23/2020,SJU,PR,ASO,ES,Towers with Radar,219,100,24,0,343,0,106,29,0,135,219,206,53,0,478,0,0,0,478
12/24/2020,SJU,PR,ASO,ES,Towers with Radar,207,114,11,0,332,0,69,1,0,70,207,183,12,0,402,0,0,0,402
12/25/2020,SJU,PR,ASO,ES,Towers with Radar,153,34,11,0,198,0,67,3,0,70,153,101,14,0,268,6,0,6,274
12/26/2020,SJU,PR,ASO,ES,Towers with Radar,229,49,33,0,311,0,114,19,0,133,229,163,52,0,444,2,0,2,446
12/27/2020,SJU,PR,ASO,ES,Towers with Radar,202,49,36,0,287,0,99,10,0,109,202,148,46,0,396,0,0,0,396
12/28/2020,SJU,PR,ASO,ES,Towers with Radar,200,94,23,0,317,0,93,11,0,104,200,187,34,0,421,10,0,10,431
12/29/2020,SJU,PR,ASO,ES,Towers with Radar,192,94,26,2,314,0,78,15,2,95,192,172,41,4,409,0,0,0,409
12/30/2020,SJU,PR,ASO,ES,Towers with Radar,204,83,29,0,316,0,102,34,2,138,204,185,63,2,454,0,0,0,454
12/31/2020,SJU,PR,ASO,ES,Towers with Radar,199,85,14,2,300,0,62,13,2,77,199,147,27,4,377,0,0,0,377
01/01/2021,SJU,PR,ASO,ES,Towers with Radar,160,45,16,0,221,0,67,0,0,67,160,112,16,0,288,0,0,0,288
01/02/2021,SJU,PR,ASO,ES,Towers with Radar,213,61,41,0,315,0,110,16,1,127,213,171,57,1,442,0,0,0,442
01/03/2021,SJU,PR,ASO,ES,Towers with Radar,194,64,52,0,310,0,107,11,0,118,194,171,63,0,428,0,0,0,428
01/04/2021,SJU,PR,ASO,ES,Towers with Radar,201,123,34,0,358,0,64,13,0,77,201,187,47,0,435,0,0,0,435
01/05/2021,SJU,PR,ASO,ES,Towers with Radar,198,117,28,0,343,0,62,13,0,75,198,179,41,0,418,0,0,0,418
01/06/2021,SJU,PR,ASO,ES,Towers with Radar,167,70,33,1,271,0,79,13,0,92,167,149,46,1,363,0,0,0,363
01/07/2021,SJU,PR,ASO,ES,Towers with Radar,182,81,27,1,291,0,72,16,2,90,182,153,43,3,381,0,0,0,381
01/08/2021,SJU,PR,ASO,ES,Towers with Radar,180,94,28,0,302,0,75,18,0,93,180,169,46,0,395,0,0,0,395
01/09/2021,SJU,PR,ASO,ES,Towers with Radar,179,47,28,0,254,0,72,16,0,88,179,119,44,0,342,0,0,0,342
01/10/2021,SJU,PR,ASO,ES,Towers with Radar,181,44,27,1,253,0,89,18,0,107,181,133,45,1,360,0,0,0,360
01/11/2021,SJU,PR,ASO,ES,Towers with Radar,147,81,18,2,248,0,72,24,2,98,147,153,42,4,346,0,0,0,346
01/12/2021,SJU,PR,ASO,ES,Towers with Radar,165,105,18,4,292,0,80,8,2,90,165,185,26,6,382,0,1,1,383
01/13/2021,SJU,PR,ASO,ES,Towers with Radar,136,74,25,3,238,0,77,23,2,102,136,151,48,5,340,12,0,12,352
01/14/2021,SJU,PR,ASO,ES,Towers with Radar,188,96,32,7,323,0,76,23,2,101,188,172,55,9,424,0,0,0,424
01/15/2021,SJU,PR,ASO,ES,Towers with Radar,161,84,21,5,271,0,99,18,3,120,161,183,39,8,391,0,0,0,391
01/16/2021,SJU,PR,ASO,ES,Towers with Radar,148,43,19,3,213,0,71,17,3,91,148,114,36,6,304,0,0,0,304
01/17/2021,SJU,PR,ASO,ES,Towers with Radar,142,66,8,7,223,0,65,8,1,74,142,131,16,8,297,0,0,0,297
01/18/2021,SJU,PR,ASO,ES,Towers with Radar,150,74,15,5,244,0,92,15,2,109,150,166,30,7,353,0,0,0,353
01/19/2021,SJU,PR,ASO,ES,Towers with Radar,134,93,19,3,249,0,68,17,1,86,134,161,36,4,335,6,0,6,341
01/20/2021,SJU,PR,ASO,ES,Towers with Radar,146,84,18,25,273,0,66,16,3,85,146,150,34,28,358,12,0,12,370
01/21/2021,SJU,PR,ASO,ES,Towers with Radar,155,94,27,9,285,0,82,17,3,102,155,176,44,12,387,4,0,4,391
01/22/2021,SJU,PR,ASO,ES,Towers with Radar,168,79,29,5,281,0,78,36,1,115,168,157,65,6,396,0,0,0,396
01/23/2021,SJU,PR,ASO,ES,Towers with Radar,152,38,15,6,211,0,68,22,2,92,152,106,37,8,303,0,0,0,303
01/24/2021,SJU,PR,ASO,ES,Towers with Radar,148,38,9,2,197,0,66,6,0,72,148,104,15,2,269,0,0,0,269
01/25/2021,SJU,PR,ASO,ES,Towers with Radar,149,83,19,4,255,0,74,6,4,84,149,157,25,8,339,0,0,0,339
01/26/2021,SJU,PR,ASO,ES,Towers with Radar,133,75,10,1,219,0,65,14,1,80,133,140,24,2,299,0,0,0,299
01/27/2021,SJU,PR,ASO,ES,Towers with Radar,136,75,30,7,248,0,60,22,9,91,136,135,52,16,339,4,0,4,343
01/28/2021,SJU,PR,ASO,ES,Towers with Radar,151,79,31,3,264,0,79,28,3,110,151,158,59,6,374,0,0,0,374
01/29/2021,SJU,PR,ASO,ES,Towers with Radar,161,85,20,3,269,0,76,29,3,108,161,161,49,6,377,0,0,0,377
01/30/2021,SJU,PR,ASO,ES,Towers with Radar,148,74,30,2,254,0,38,11,1,50,148,112,41,3,304,0,0,0,304
01/31/2021,SJU,PR,ASO,ES,Towers with Radar,133,79,19,5,236,0,45,4,0,49,133,124,23,5,285,0,0,0,285
02/01/2021,SJU,PR,ASO,ES,Towers with Radar,130,58,28,9,225,0,95,22,5,122,130,153,50,14,347,0,0,0,347
02/02/2021,SJU,PR,ASO,ES,Towers with Radar,120,80,19,1,220,0,59,19,0,78,120,139,38,1,298,0,0,0,298
02/03/2021,SJU,PR,ASO,ES,Towers with Radar,132,85,27,8,252,0,83,26,0,109,132,168,53,8,361,0,0,0,361
02/04/2021,SJU,PR,ASO,ES,Towers with Radar,157,100,18,1,276,0,52,11,0,63,157,152,29,1,339,2,0,2,341
02/05/2021,SJU,PR,ASO,ES,Towers with Radar,167,95,18,1,281,0,76,21,0,97,167,171,39,1,378,5,1,6,384
02/06/2021,SJU,PR,ASO,ES,Towers with Radar,145,40,16,2,203,0,71,12,1,84,145,111,28,3,287,0,0,0,287
02/07/2021,SJU,PR,ASO,ES,Towers with Radar,140,37,18,0,195,0,60,9,0,69,140,97,27,0,264,0,0,0,264
02/08/2021,SJU,PR,ASO,ES,Towers with Radar,172,86,13,0,271,0,83,14,0,97,172,169,27,0,368,0,0,0,368
02/09/2021,SJU,PR,ASO,ES,Towers with Radar,131,82,25,0,238,0,72,20,2,94,131,154,45,2,332,6,0,6,338
02/10/2021,SJU,PR,ASO,ES,Towers with Radar,139,85,27,7,258,0,60,16,1,77,139,145,43,8,335,10,0,10,345
02/11/2021,SJU,PR,ASO,ES,Towers with Radar,149,88,34,0,271,0,76,15,2,93,149,164,49,2,364,0,0,0,364
02/12/2021,SJU,PR,ASO,ES,Towers with Radar,196,94,33,2,325,0,94,21,1,116,196,188,54,3,441,4,0,4,445
02/13/2021,SJU,PR,ASO,ES,Towers with Radar,158,43,38,5,244,0,75,26,1,102,158,118,64,6,346,0,0,0,346
02/14/2021,SJU,PR,ASO,ES,Towers with Radar,156,33,24,3,216,0,63,9,0,72,156,96,33,3,288,0,0,0,288
02/15/2021,SJU,PR,ASO,ES,Towers with Radar,157,92,28,4,281,0,80,24,1,105,157,172,52,5,386,0,1,1,387
02/16/2021,SJU,PR,ASO,ES,Towers with Radar,152,72,19,3,246,0,75,14,2,91,152,147,33,5,337,0,0,0,337
02/17/2021,SJU,PR,ASO,ES,Towers with Radar,162,76,17,2,257,0,59,6,2,67,162,135,23,4,324,0,0,0,324
02/18/2021,SJU,PR,ASO,ES,Towers with Radar,153,72,24,4,253,0,72,24,0,96,153,144,48,4,349,8,0,8,357
02/19/2021,SJU,PR,ASO,ES,Towers with Radar,179,76,17,0,272,0,87,20,0,107,179,163,37,0,379,0,0,0,379
02/20/2021,SJU,PR,ASO,ES,Towers with Radar,172,52,10,4,238,0,73,13,0,86,172,125,23,4,324,4,0,4,328
02/21/2021,SJU,PR,ASO,ES,Towers with Radar,162,38,22,1,223,0,54,9,1,64,162,92,31,2,287,0,0,0,287
02/22/2021,SJU,PR,ASO,ES,Towers with Radar,166,100,30,4,300,0,80,30,1,111,166,180,60,5,411,10,0,10,421
02/23/2021,SJU,PR,ASO,ES,Towers with Radar,155,76,25,0,256,0,59,23,2,84,155,135,48,2,340,0,0,0,340
02/24/2021,SJU,PR,ASO,ES,Towers with Radar,151,82,38,2,273,0,67,28,2,97,151,149,66,4,370,0,0,0,370
02/25/2021,SJU,PR,ASO,ES,Towers with Radar,173,80,40,2,295,0,100,20,0,120,173,180,60,2,415,6,0,6,421
02/26/2021,SJU,PR,ASO,ES,Towers with Radar,199,96,22,2,319,4,86,8,0,98,203,182,30,2,417,0,0,0,417
02/27/2021,SJU,PR,ASO,ES,Towers with Radar,172,69,27,3,271,0,87,13,0,100,172,156,40,3,371,0,0,0,371
02/28/2021,SJU,PR,ASO,ES,Towers with Radar,155,42,39,2,238,0,63,17,0,80,155,105,56,2,318,0,0,0,318
03/01/2021,SJU,PR,ASO,ES,Towers with Radar,160,118,19,0,297,0,63,14,1,78,160,181,33,1,375,0,0,0,375
03/02/2021,SJU,PR,ASO,ES,Towers with Radar,156,89,17,0,262,0,64,26,0,90,156,153,43,0,352,0,0,0,352
03/03/2021,SJU,PR,ASO,ES,Towers with Radar,163,86,18,4,271,0,67,25,0,92,163,153,43,4,363,0,0,0,363
03/04/2021,SJU,PR,ASO,ES,Towers with Radar,182,90,22,0,294,0,67,17,1,85,182,157,39,1,379,0,0,0,379
03/05/2021,SJU,PR,ASO,ES,Towers with Radar,170,95,17,0,282,0,96,5,0,101,170,191,22,0,383,0,0,0,383
03/06/2021,SJU,PR,ASO,ES,Towers with Radar,178,66,24,0,268,0,75,23,0,98,178,141,47,0,366,0,0,0,366
03/07/2021,SJU,PR,ASO,ES,Towers with Radar,188,30,24,0,242,0,72,6,0,78,188,102,30,0,320,0,0,0,320
03/08/2021,SJU,PR,ASO,ES,Towers with Radar,177,82,25,2,286,0,86,21,2,109,177,168,46,4,395,0,0,0,395
03/09/2021,SJU,PR,ASO,ES,Towers with Radar,177,86,41,5,309,0,77,40,5,122,177,163,81,10,431,0,0,0,431
03/10/2021,SJU,PR,ASO,ES,Towers with Radar,176,85,18,1,280,0,79,31,0,110,176,164,49,1,390,0,0,0,390
03/11/2021,SJU,PR,ASO,ES,Towers with Radar,206,102,45,1,354,0,83,38,0,121,206,185,83,1,475,0,0,0,475
03/12/2021,SJU,PR,ASO,ES,Towers with Radar,199,81,41,1,322,0,104,27,0,131,199,185,68,1,453,0,0,0,453
03/13/2021,SJU,PR,ASO,ES,Towers with Radar,194,48,24,0,266,0,71,12,0,83,194,119,36,0,349,0,0,0,349
03/14/2021,SJU,PR,ASO,ES,Towers with Radar,189,44,37,0,270,0,77,20,0,97,189,121,57,0,367,0,0,0,367
03/15/2021,SJU,PR,ASO,ES,Towers with Radar,188,91,38,4,321,0,96,34,0,130,188,187,72,4,451,0,0,0,451
03/16/2021,SJU,PR,ASO,ES,Towers with Radar,192,74,41,1,308,0,85,28,0,113,192,159,69,1,421,0,0,0,421
03/17/2021,SJU,PR,ASO,ES,Towers with Radar,194,104,38,1,337,0,80,25,0,105,194,184,63,1,442,0,0,0,442
03/18/2021,SJU,PR,ASO,ES,Towers with Radar,207,98,43,0,348,0,93,34,0,127,207,191,77,0,475,0,0,0,475
03/19/2021,SJU,PR,ASO,ES,Towers with Radar,219,91,41,4,355,0,106,26,0,132,219,197,67,4,487,0,0,0,487
03/20/2021,SJU,PR,ASO,ES,Towers with Radar,208,51,44,5,308,0,105,19,2,126,208,156,63,7,434,0,0,0,434
03/21/2021,SJU,PR,ASO,ES,Towers with Radar,185,36,27,1,249,0,81,13,0,94,185,117,40,1,343,0,0,0,343
03/22/2021,SJU,PR,ASO,ES,Towers with Radar,193,76,24,2,295,0,94,14,0,108,193,170,38,2,403,0,0,0,403
03/23/2021,SJU,PR,ASO,ES,Towers with Radar,204,83,30,4,321,0,100,35,3,138,204,183,65,7,459,10,0,10,469
03/24/2021,SJU,PR,ASO,ES,Towers with Radar,219,97,21,3,340,0,104,16,0,120,219,201,37,3,460,26,0,26,486
03/25/2021,SJU,PR,ASO,ES,Towers with Radar,198,99,43,3,343,0,79,31,2,112,198,178,74,5,455,4,0,4,459
03/26/2021,SJU,PR,ASO,ES,Towers with Radar,211,108,33,2,354,0,126,17,0,143,211,234,50,2,497,0,0,0,497
03/27/2021,SJU,PR,ASO,ES,Towers with Radar,205,48,27,1,281,0,100,35,1,136,205,148,62,2,417,0,0,0,417
03/28/2021,SJU,PR,ASO,ES,Towers with Radar,197,62,44,1,304,0,77,15,1,93,197,139,59,2,397,0,0,0,397
03/29/2021,SJU,PR,ASO,ES,Towers with Radar,220,96,21,7,344,0,92,17,3,112,220,188,38,10,456,0,0,0,456
03/30/2021,SJU,PR,ASO,ES,Towers with Radar,213,89,27,2,331,0,102,21,1,124,213,191,48,3,455,0,0,0,455
03/31/2021,SJU,PR,ASO,ES,Towers with Radar,209,95,20,1,325,0,117,22,1,140,209,212,42,2,465,5,0,5,470
04/01/2021,SJU,PR,ASO,ES,Towers with Radar,210,108,24,0,342,0,103,16,0,119,210,211,40,0,461,9,0,9,470
04/02/2021,SJU,PR,ASO,ES,Towers with Radar,218,78,19,0,315,0,76,14,0,90,218,154,33,0,405,0,0,0,405
04/03/2021,SJU,PR,ASO,ES,Towers with Radar,217,64,25,0,306,0,93,11,0,104,217,157,36,0,410,0,0,0,410
04/04/2021,SJU,PR,ASO,ES,Towers with Radar,203,57,44,0,304,0,105,25,0,130,203,162,69,0,434,0,0,0,434
04/05/2021,SJU,PR,ASO,ES,Towers with Radar,208,80,29,1,318,0,97,27,2,126,208,177,56,3,444,0,0,0,444
04/06/2021,SJU,PR,ASO,ES,Towers with Radar,210,80,36,6,332,0,82,9,4,95,210,162,45,10,427,0,0,0,427
04/07/2021,SJU,PR,ASO,ES,Towers with Radar,211,72,40,0,323,0,85,11,0,96,211,157,51,0,419,0,0,0,419
04/08/2021,SJU,PR,ASO,ES,Towers with Radar,218,111,24,0,353,0,91,25,2,118,218,202,49,2,471,0,0,0,471
04/09/2021,SJU,PR,ASO,ES,Towers with Radar,213,83,35,0,331,0,103,18,0,121,213,186,53,0,452,0,0,0,452
04/10/2021,SJU,PR,ASO,ES,Towers with Radar,209,40,24,3,276,0,103,19,3,125,209,143,43,6,401,0,0,0,401
04/11/2021,SJU,PR,ASO,ES,Towers with Radar,198,44,27,2,271,0,76,12,0,88,198,120,39,2,359,0,0,0,359
04/12/2021,SJU,PR,ASO,ES,Towers with Radar,200,85,27,3,315,0,103,21,1,125,200,188,48,4,440,0,0,0,440
04/13/2021,SJU,PR,ASO,ES,Towers with Radar,212,85,29,5,331,2,81,13,4,100,214,166,42,9,431,0,0,0,431
04/14/2021,SJU,PR,ASO,ES,Towers with Radar,199,95,22,3,319,0,79,16,1,96,199,174,38,4,415,0,0,0,415
04/15/2021,SJU,PR,ASO,ES,Towers with Radar,198,83,34,4,319,0,87,30,0,117,198,170,64,4,436,0,0,0,436
04/16/2021,SJU,PR,ASO,ES,Towers with Radar,207,78,21,0,306,0,94,22,3,119,207,172,43,3,425,0,0,0,425
04/17/2021,SJU,PR,ASO,ES,Towers with Radar,217,37,15,6,275,0,87,10,1,98,217,124,25,7,373,0,0,0,373
04/18/2021,SJU,PR,ASO,ES,Towers with Radar,200,36,24,1,261,0,61,11,0,72,200,97,35,1,333,6,0,6,339
04/19/2021,SJU,PR,ASO,ES,Towers with Radar,195,81,32,0,308,0,84,24,0,108,195,165,56,0,416,0,0,0,416
04/20/2021,SJU,PR,ASO,ES,Towers with Radar,195,82,22,0,299,0,87,19,1,107,195,169,41,1,406,4,0,4,410
04/21/2021,SJU,PR,ASO,ES,Towers with Radar,201,86,23,3,313,0,94,22,1,117,201,180,45,4,430,0,2,2,432
04/22/2021,SJU,PR,ASO,ES,Towers with Radar,206,94,27,1,328,0,87,15,2,104,206,181,42,3,432,0,0,0,432
04/23/2021,SJU,PR,ASO,ES,Towers with Radar,209,97,30,3,339,0,123,37,1,161,209,220,67,4,500,6,0,6,506
04/24/2021,SJU,PR,ASO,ES,Towers with Radar,203,39,15,6,263,0,104,7,1,112,203,143,22,7,375,0,0,0,375
04/25/2021,SJU,PR,ASO,ES,Towers with Radar,211,41,24,1,277,0,83,11,1,95,211,124,35,2,372,0,0,0,372
04/26/2021,SJU,PR,ASO,ES,Towers with Radar,206,102,31,2,341,0,100,20,3,123,206,202,51,5,464,0,0,0,464
04/27/2021,SJU,PR,ASO,ES,Towers with Radar,201,84,10,0,295,0,87,7,1,95,201,171,17,1,390,2,0,2,392
04/28/2021,SJU,PR,ASO,ES,Towers with Radar,204,105,25,1,335,0,85,13,0,98,204,190,38,1,433,0,0,0,433
04/29/2021,SJU,PR,ASO,ES,Towers with Radar,190,91,22,3,306,0,73,3,1,77,190,164,25,4,383,0,0,0,383
04/30/2021,SJU,PR,ASO,ES,Towers with Radar,210,85,22,1,318,0,98,9,0,107,210,183,31,1,425,0,0,0,425
05/01/2021,SJU,PR,ASO,ES,Towers with Radar,214,47,14,1,276,0,87,18,0,105,214,134,32,1,381,0,0,0,381
05/02/2021,SJU,PR,ASO,ES,Towers with Radar,186,40,16,0,242,0,71,5,0,76,186,111,21,0,318,0,0,0,318
05/03/2021,SJU,PR,ASO,ES,Towers with Radar,193,85,19,0,297,0,88,10,0,98,193,173,29,0,395,0,0,0,395
05/04/2021,SJU,PR,ASO,ES,Towers with Radar,185,91,33,0,309,0,106,11,0,117,185,197,44,0,426,6,0,6,432
05/05/2021,SJU,PR,ASO,ES,Towers with Radar,193,87,33,8,321,0,80,14,8,102,193,167,47,16,423,0,0,0,423
05/06/2021,SJU,PR,ASO,ES,Towers with Radar,221,93,30,7,351,0,89,7,2,98,221,182,37,9,449,0,0,0,449
05/07/2021,SJU,PR,ASO,ES,Towers with Radar,235,90,28,2,355,0,104,28,2,134,235,194,56,4,489,8,0,8,497
05/08/2021,SJU,PR,ASO,ES,Towers with Radar,254,38,19,1,312,0,79,8,2,89,254,117,27,3,401,8,0,8,409
05/09/2021,SJU,PR,ASO,ES,Towers with Radar,231,36,20,3,290,0,74,4,0,78,231,110,24,3,368,0,0,0,368
05/10/2021,SJU,PR,ASO,ES,Towers with Radar,224,101,24,5,354,0,76,11,4,91,224,177,35,9,445,6,0,6,451
05/11/2021,SJU,PR,ASO,ES,Towers with Radar,253,93,11,3,360,0,80,17,1,98,253,173,28,4,458,0,0,0,458
05/12/2021,SJU,PR,ASO,ES,Towers with Radar,266,104,33,4,407,0,101,17,0,118,266,205,50,4,525,1,0,1,526
05/13/2021,SJU,PR,ASO,ES,Towers with Radar,229,80,30,5,344,0,93,18,3,114,229,173,48,8,458,18,0,18,476
05/14/2021,SJU,PR,ASO,ES,Towers with Radar,252,100,16,1,369,0,111,12,1,124,252,211,28,2,493,8,0,8,501
05/15/2021,SJU,PR,ASO,ES,Towers with Radar,255,43,18,2,318,0,88,11,1,100,255,131,29,3,418,0,0,0,418
05/16/2021,SJU,PR,ASO,ES,Towers with Radar,220,33,22,0,275,0,94,8,2,104,220,127,30,2,379,0,0,0,379
05/17/2021,SJU,PR,ASO,ES,Towers with Radar,226,76,25,4,331,8,78,8,1,95,234,154,33,5,426,0,0,0,426
05/18/2021,SJU,PR,ASO,ES,Towers with Radar,240,86,27,1,354,20,74,16,8,118,260,160,43,9,472,1,1,2,474
05/19/2021,SJU,PR,ASO,ES,Towers with Radar,238,85,23,1,347,13,95,14,0,122,251,180,37,1,469,0,0,0,469
05/20/2021,SJU,PR,ASO,ES,Towers with Radar,234,83,31,2,350,0,84,30,1,115,234,167,61,3,465,8,0,8,473
05/21/2021,SJU,PR,ASO,ES,Towers with Radar,240,96,16,0,352,0,94,17,3,114,240,190,33,3,466,0,0,0,466
05/22/2021,SJU,PR,ASO,ES,Towers with Radar,255,44,9,1,309,0,83,14,0,97,255,127,23,1,406,0,0,0,406
05/23/2021,SJU,PR,ASO,ES,Towers with Radar,230,58,30,1,319,0,58,10,0,68,230,116,40,1,387,0,0,0,387
05/24/2021,SJU,PR,ASO,ES,Towers with Radar,233,79,21,0,333,0,91,16,0,107,233,170,37,0,440,0,0,0,440
05/25/2021,SJU,PR,ASO,ES,Towers with Radar,234,88,29,0,351,0,96,24,2,122,234,184,53,2,473,0,0,0,473
05/26/2021,SJU,PR,ASO,ES,Towers with Radar,244,81,18,2,345,0,101,4,3,108,244,182,22,5,453,7,0,7,460
05/27/2021,SJU,PR,ASO,ES,Towers with Radar,228,79,24,2,333,0,104,17,0,121,228,183,41,2,454,0,0,0,454
05/28/2021,SJU,PR,ASO,ES,Towers with Radar,248,103,26,3,380,0,108,21,3,132,248,211,47,6,512,0,0,0,512
05/29/2021,SJU,PR,ASO,ES,Towers with Radar,260,44,16,1,321,0,116,12,0,128,260,160,28,1,449,0,0,0,449
05/30/2021,SJU,PR,ASO,ES,Towers with Radar,217,30,15,0,262,0,92,5,0,97,217,122,20,0,359,0,0,0,359
05/31/2021,SJU,PR,ASO,ES,Towers with Radar,235,66,28,2,331,0,98,11,0,109,235,164,39,2,440,0,0,0,440
06/01/2021,SJU,PR,ASO,ES,Towers with Radar,241,65,35,0,341,0,117,24,0,141,241,182,59,0,482,6,0,6,488
06/02/2021,SJU,PR,ASO,ES,Towers with Radar,224,77,32,9,342,0,80,14,3,97,224,157,46,12,439,1,0,1,440
06/03/2021,SJU,PR,ASO,ES,Towers with Radar,233,96,19,1,349,0,78,20,2,100,233,174,39,3,449,1,1,2,451
06/04/2021,SJU,PR,ASO,ES,Towers with Radar,305,102,15,0,422,0,103,27,2,132,305,205,42,2,554,2,0,2,556
06/05/2021,SJU,PR,ASO,ES,Towers with Radar,260,57,20,1,338,0,72,14,1,87,260,129,34,2,425,4,0,4,429
06/06/2021,SJU,PR,ASO,ES,Towers with Radar,250,48,23,1,322,0,80,5,2,87,250,128,28,3,409,5,0,5,414
06/07/2021,SJU,PR,ASO,ES,Towers with Radar,255,105,28,4,392,0,96,22,4,122,255,201,50,8,514,13,0,13,527
06/08/2021,SJU,PR,ASO,ES,Towers with Radar,253,87,31,1,372,0,87,16,0,103,253,174,47,1,475,0,0,0,475
06/09/2021,SJU,PR,ASO,ES,Towers with Radar,256,106,22,5,389,0,72,17,1,90,256,178,39,6,479,3,0,3,482
06/10/2021,SJU,PR,ASO,ES,Towers with Radar,222,113,17,2,354,0,48,9,0,57,222,161,26,2,411,0,0,0,411
06/11/2021,SJU,PR,ASO,ES,Towers with Radar,244,98,22,2,366,0,78,11,2,91,244,176,33,4,457,0,0,0,457
06/12/2021,SJU,PR,ASO,ES,Towers with Radar,245,45,13,5,308,0,79,11,4,94,245,124,24,9,402,0,0,0,402
06/13/2021,SJU,PR,ASO,ES,Towers with Radar,239,48,19,0,306,0,91,11,0,102,239,139,30,0,408,0,0,0,408
06/14/2021,SJU,PR,ASO,ES,Towers with Radar,227,96,34,10,367,0,94,9,4,107,227,190,43,14,474,0,0,0,474
06/15/2021,SJU,PR,ASO,ES,Towers with Radar,232,87,37,0,356,0,114,33,1,148,232,201,70,1,504,14,0,14,518
06/16/2021,SJU,PR,ASO,ES,Towers with Radar,249,76,26,1,352,0,95,8,2,105,249,171,34,3,457,0,0,0,457
06/17/2021,SJU,PR,ASO,ES,Towers with Radar,239,87,20,5,351,0,85,11,1,97,239,172,31,6,448,0,0,0,448
06/18/2021,SJU,PR,ASO,ES,Towers with Radar,271,102,30,7,410,0,120,30,6,156,271,222,60,13,566,6,0,6,572
06/19/2021,SJU,PR,ASO,ES,Towers with Radar,251,59,21,3,334,4,81,13,1,99,255,140,34,4,433,0,0,0,433
06/20/2021,SJU,PR,ASO,ES,Towers with Radar,246,52,15,2,315,0,81,3,0,84,246,133,18,2,399,0,0,0,399
06/21/2021,SJU,PR,ASO,ES,Towers with Radar,230,85,26,2,343,0,99,18,1,118,230,184,44,3,461,4,0,4,465
06/22/2021,SJU,PR,ASO,ES,Towers with Radar,243,104,29,6,382,0,93,8,3,104,243,197,37,9,486,0,0,0,486
06/23/2021,SJU,PR,ASO,ES,Towers with Radar,253,96,42,13,404,0,90,20,1,111,253,186,62,14,515,29,0,29,544
06/24/2021,SJU,PR,ASO,ES,Towers with Radar,242,111,34,4,391,0,105,14,2,121,242,216,48,6,512,12,0,12,524
06/25/2021,SJU,PR,ASO,ES,Towers with Radar,242,99,27,1,369,0,92,33,1,126,242,191,60,2,495,5,0,5,500
06/26/2021,SJU,PR,ASO,ES,Towers with Radar,264,47,26,0,337,0,82,9,0,91,264,129,35,0,428,6,0,6,434
06/27/2021,SJU,PR,ASO,ES,Towers with Radar,242,47,28,4,321,0,88,7,1,96,242,135,35,5,417,6,0,6,423
06/28/2021,SJU,PR,ASO,ES,Towers with Radar,238,96,26,0,360,0,91,18,0,109,238,187,44,0,469,0,0,0,469
06/29/2021,SJU,PR,ASO,ES,Towers with Radar,265,93,24,1,383,0,92,23,0,115,265,185,47,1,498,0,0,0,498
06/30/2021,SJU,PR,ASO,ES,Towers with Radar,260,109,24,0,393,0,95,22,0,117,260,204,46,0,510,0,0,0,510
07/01/2021,SJU,PR,ASO,ES,Towers with Radar,239,96,25,1,361,0,73,21,0,94,239,169,46,1,455,0,0,0,455
07/02/2021,SJU,PR,ASO,ES,Towers with Radar,253,77,23,1,354,0,93,15,0,108,253,170,38,1,462,0,0,0,462
07/03/2021,SJU,PR,ASO,ES,Towers with Radar,244,49,10,0,303,0,74,11,0,85,244,123,21,0,388,0,0,0,388
07/04/2021,SJU,PR,ASO,ES,Towers with Radar,225,40,13,0,278,0,67,9,0,76,225,107,22,0,354,0,0,0,354
07/05/2021,SJU,PR,ASO,ES,Towers with Radar,231,68,19,0,318,0,108,10,1,119,231,176,29,1,437,0,1,1,438
07/06/2021,SJU,PR,ASO,ES,Towers with Radar,229,81,16,1,327,0,104,21,1,126,229,185,37,2,453,8,0,8,461
07/07/2021,SJU,PR,ASO,ES,Towers with Radar,243,86,21,1,351,0,84,17,1,102,243,170,38,2,453,0,0,0,453
07/08/2021,SJU,PR,ASO,ES,Towers with Radar,248,94,14,5,361,0,105,18,2,125,248,199,32,7,486,23,0,23,509
07/09/2021,SJU,PR,ASO,ES,Towers with Radar,262,95,15,5,377,0,91,30,7,128,262,186,45,12,505,0,0,0,505
07/10/2021,SJU,PR,ASO,ES,Towers with Radar,250,49,12,9,320,0,89,12,5,106,250,138,24,14,426,6,0,6,432
07/11/2021,SJU,PR,ASO,ES,Towers with Radar,250,43,15,0,308,0,79,11,4,94,250,122,26,4,402,0,0,0,402
07/12/2021,SJU,PR,ASO,ES,Towers with Radar,237,108,18,0,363,0,109,23,2,134,237,217,41,2,497,0,0,0,497
07/13/2021,SJU,PR,ASO,ES,Towers with Radar,253,85,28,3,369,0,82,25,7,114,253,167,53,10,483,0,0,0,483
07/14/2021,SJU,PR,ASO,ES,Towers with Radar,264,81,23,7,375,0,103,16,3,122,264,184,39,10,497,0,0,0,497
07/15/2021,SJU,PR,ASO,ES,Towers with Radar,240,91,27,3,361,0,98,28,2,128,240,189,55,5,489,0,0,0,489
07/16/2021,SJU,PR,ASO,ES,Towers with Radar,247,96,10,1,354,0,100,19,3,122,247,196,29,4,476,0,0,0,476
07/17/2021,SJU,PR,ASO,ES,Towers with Radar,238,52,23,2,315,0,78,19,1,98,238,130,42,3,413,0,1,1,414
07/18/2021,SJU,PR,ASO,ES,Towers with Radar,240,45,14,4,303,0,77,7,4,88,240,122,21,8,391,0,0,0,391
07/19/2021,SJU,PR,ASO,ES,Towers with Radar,250,104,20,5,379,0,89,21,4,114,250,193,41,9,493,0,0,0,493
07/20/2021,SJU,PR,ASO,ES,Towers with Radar,242,100,15,1,358,0,87,15,1,103,242,187,30,2,461,0,0,0,461
07/21/2021,SJU,PR,ASO,ES,Towers with Radar,255,74,24,1,354,0,88,27,0,115,255,162,51,1,469,0,0,0,469
07/22/2021,SJU,PR,ASO,ES,Towers with Radar,249,89,18,0,356,0,92,22,4,118,249,181,40,4,474,14,0,14,488
07/23/2021,SJU,PR,ASO,ES,Towers with Radar,262,102,24,0,388,0,85,14,1,100,262,187,38,1,488,0,0,0,488
07/24/2021,SJU,PR,ASO,ES,Towers with Radar,275,75,31,0,381,0,60,9,0,69,275,135,40,0,450,0,0,0,450
07/25/2021,SJU,PR,ASO,ES,Towers with Radar,241,46,18,0,305,0,66,9,0,75,241,112,27,0,380,0,0,0,380
07/26/2021,SJU,PR,ASO,ES,Towers with Radar,247,85,20,0,352,0,96,20,0,116,247,181,40,0,468,0,0,0,468
07/27/2021,SJU,PR,ASO,ES,Towers with Radar,274,92,38,1,405,0,106,14,2,122,274,198,52,3,527,5,0,5,532
07/28/2021,SJU,PR,ASO,ES,Towers with Radar,253,82,10,1,346,0,74,8,3,85,253,156,18,4,431,0,0,0,431
07/29/2021,SJU,PR,ASO,ES,Towers with Radar,251,92,32,0,375,0,89,34,0,123,251,181,66,0,498,0,0,0,498
07/30/2021,SJU,PR,ASO,ES,Towers with Radar,246,94,19,0,359,0,122,28,4,154,246,216,47,4,513,0,0,0,513
07/31/2021,SJU,PR,ASO,ES,Towers with Radar,270,56,27,0,353,0,84,31,0,115,270,140,58,0,468,0,0,0,468
08/01/2021,SJU,PR,ASO,ES,Towers with Radar,213,40,16,1,270,0,78,14,0,92,213,118,30,1,362,0,0,0,362
08/02/2021,SJU,PR,ASO,ES,Towers with Radar,205,80,13,0,298,0,103,24,0,127,205,183,37,0,425,0,0,0,425
08/03/2021,SJU,PR,ASO,ES,Towers with Radar,220,73,21,0,314,0,81,21,0,102,220,154,42,0,416,8,0,8,424
08/04/2021,SJU,PR,ASO,ES,Towers with Radar,194,87,15,4,300,0,93,11,0,104,194,180,26,4,404,0,0,0,404
08/05/2021,SJU,PR,ASO,ES,Towers with Radar,213,94,22,1,330,0,97,21,3,121,213,191,43,4,451,4,0,4,455
08/06/2021,SJU,PR,ASO,ES,Towers with Radar,225,101,17,0,343,0,109,18,0,127,225,210,35,0,470,0,0,0,470
08/07/2021,SJU,PR,ASO,ES,Towers with Radar,227,49,6,0,282,0,88,20,0,108,227,137,26,0,390,0,0,0,390
08/08/2021,SJU,PR,ASO,ES,Towers with Radar,223,60,16,1,300,0,69,12,0,81,223,129,28,1,381,0,0,0,381
08/09/2021,SJU,PR,ASO,ES,Towers with Radar,240,110,25,1,376,0,84,24,1,109,240,194,49,2,485,0,0,0,485
08/10/2021,SJU,PR,ASO,ES,Towers with Radar,251,74,13,3,341,0,61,10,0,71,251,135,23,3,412,0,0,0,412
08/11/2021,SJU,PR,ASO,ES,Towers with Radar,236,78,10,0,324,0,78,14,0,92,236,156,24,0,416,0,0,0,416
08/12/2021,SJU,PR,ASO,ES,Towers with Radar,238,94,27,3,362,0,86,19,2,107,238,180,46,5,469,0,0,0,469
08/13/2021,SJU,PR,ASO,ES,Towers with Radar,247,105,23,0,375,0,102,11,2,115,247,207,34,2,490,15,0,15,505
08/14/2021,SJU,PR,ASO,ES,Towers with Radar,251,50,9,0,310,0,80,6,0,86,251,130,15,0,396,12,0,12,408
08/15/2021,SJU,PR,ASO,ES,Towers with Radar,230,11,7,1,249,0,13,0,0,13,230,24,7,1,262,0,0,0,262
08/16/2021,SJU,PR,ASO,ES,Towers with Radar,221,106,18,0,345,0,105,14,0,119,221,211,32,0,464,0,0,0,464
08/17/2021,SJU,PR,ASO,ES,Towers with Radar,226,83,13,5,327,0,78,17,1,96,226,161,30,6,423,2,0,2,425
08/18/2021,SJU,PR,ASO,ES,Towers with Radar,223,73,20,1,317,0,85,18,0,103,223,158,38,1,420,0,0,0,420
08/19/2021,SJU,PR,ASO,ES,Towers with Radar,222,100,16,1,339,0,77,25,1,103,222,177,41,2,442,0,0,0,442
08/20/2021,SJU,PR,ASO,ES,Towers with Radar,228,95,20,4,347,0,99,23,2,124,228,194,43,6,471,0,0,0,471
08/21/2021,SJU,PR,ASO,ES,Towers with Radar,231,50,8,0,289,0,69,19,0,88,231,119,27,0,377,2,0,2,379
08/22/2021,SJU,PR,ASO,ES,Towers with Radar,209,35,16,3,263,0,69,3,0,72,209,104,19,3,335,0,0,0,335
08/23/2021,SJU,PR,ASO,ES,Towers with Radar,224,80,10,1,315,0,83,13,1,97,224,163,23,2,412,0,0,0,412
08/24/2021,SJU,PR,ASO,ES,Towers with Radar,218,67,15,2,302,0,83,17,1,101,218,150,32,3,403,0,3,3,406
08/25/2021,SJU,PR,ASO,ES,Towers with Radar,226,71,15,0,312,0,83,18,0,101,226,154,33,0,413,0,0,0,413
08/26/2021,SJU,PR,ASO,ES,Towers with Radar,212,99,32,0,343,0,77,22,0,99,212,176,54,0,442,16,0,16,458
08/27/2021,SJU,PR,ASO,ES,Towers with Radar,237,80,21,1,339,0,82,25,1,108,237,162,46,2,447,1,0,1,448
08/28/2021,SJU,PR,ASO,ES,Towers with Radar,229,38,13,1,281,0,75,2,0,77,229,113,15,1,358,0,0,0,358
08/29/2021,SJU,PR,ASO,ES,Towers with Radar,200,29,15,0,244,0,66,6,0,72,200,95,21,0,316,0,0,0,316
08/30/2021,SJU,PR,ASO,ES,Towers with Radar,217,80,35,2,334,0,86,24,1,111,217,166,59,3,445,0,0,0,445
08/31/2021,SJU,PR,ASO,ES,Towers with Radar,224,76,22,3,325,0,80,14,3,97,224,156,36,6,422,0,0,0,422
09/01/2021,SJU,PR,ASO,ES,Towers with Radar,236,78,28,3,345,0,77,16,2,95,236,155,44,5,440,0,0,0,440
09/02/2021,SJU,PR,ASO,ES,Towers with Radar,203,89,26,1,319,0,77,25,2,104,203,166,51,3,423,14,0,14,437
09/03/2021,SJU,PR,ASO,ES,Towers with Radar,233,89,21,0,343,0,96,26,0,122,233,185,47,0,465,0,0,0,465
09/04/2021,SJU,PR,ASO,ES,Towers with Radar,219,50,15,6,290,0,57,5,1,63,219,107,20,7,353,0,0,0,353
09/05/2021,SJU,PR,ASO,ES,Towers with Radar,212,26,9,9,256,0,65,17,1,83,212,91,26,10,339,0,0,0,339
09/06/2021,SJU,PR,ASO,ES,Towers with Radar,210,55,28,0,293,0,89,15,1,105,210,144,43,1,398,0,0,0,398
09/07/2021,SJU,PR,ASO,ES,Towers with Radar,202,75,28,0,305,0,107,14,0,121,202,182,42,0,426,0,0,0,426
09/08/2021,SJU,PR,ASO,ES,Towers with Radar,187,67,19,0,273,0,73,28,0,101,187,140,47,0,374,10,0,10,384
09/09/2021,SJU,PR,ASO,ES,Towers with Radar,203,81,15,2,301,0,86,21,0,107,203,167,36,2,408,0,0,0,408
09/10/2021,SJU,PR,ASO,ES,Towers with Radar,190,90,14,0,294,0,79,25,1,105,190,169,39,1,399,6,0,6,405
09/11/2021,SJU,PR,ASO,ES,Towers with Radar,207,51,10,1,269,0,61,9,0,70,207,112,19,1,339,0,0,0,339
09/12/2021,SJU,PR,ASO,ES,Towers with Radar,157,31,10,2,200,0,58,5,3,66,157,89,15,5,266,0,0,0,266
09/13/2021,SJU,PR,ASO,ES,Towers with Radar,187,79,14,1,281,0,71,14,0,85,187,150,28,1,366,6,0,6,372
09/14/2021,SJU,PR,ASO,ES,Towers with Radar,178,86,12,1,277,0,76,14,0,90,178,162,26,1,367,2,0,2,369
09/15/2021,SJU,PR,ASO,ES,Towers with Radar,187,80,19,1,287,0,58,21,0,79,187,138,40,1,366,0,0,0,366
09/16/2021,SJU,PR,ASO,ES,Towers with Radar,191,95,26,3,315,0,62,18,2,82,191,157,44,5,397,0,0,0,397
09/17/2021,SJU,PR,ASO,ES,Towers with Radar,194,82,16,0,292,0,81,19,2,102,194,163,35,2,394,0,0,0,394
09/18/2021,SJU,PR,ASO,ES,Towers with Radar,198,42,10,1,251,0,63,7,0,70,198,105,17,1,321,0,0,0,321
09/19/2021,SJU,PR,ASO,ES,Towers with Radar,168,29,9,0,206,0,54,5,2,61,168,83,14,2,267,1,0,1,268
09/20/2021,SJU,PR,ASO,ES,Towers with Radar,192,86,31,2,311,0,71,29,3,103,192,157,60,5,414,0,0,0,414
09/21/2021,SJU,PR,ASO,ES,Towers with Radar,180,88,29,0,297,0,56,10,0,66,180,144,39,0,363,0,0,0,363
09/22/2021,SJU,PR,ASO,ES,Towers with Radar,189,77,18,2,286,0,81,11,4,96,189,158,29,6,382,0,0,0,382
09/23/2021,SJU,PR,ASO,ES,Towers with Radar,184,84,24,2,294,0,73,19,1,93,184,157,43,3,387,0,0,0,387
09/24/2021,SJU,PR,ASO,ES,Towers with Radar,188,81,15,1,285,0,77,16,0,93,188,158,31,1,378,0,0,0,378
09/25/2021,SJU,PR,ASO,ES,Towers with Radar,191,30,13,1,235,0,61,3,0,64,191,91,16,1,299,0,0,0,299
09/26/2021,SJU,PR,ASO,ES,Towers with Radar,176,23,13,2,214,0,69,6,0,75,176,92,19,2,289,0,0,0,289
09/27/2021,SJU,PR,ASO,ES,Towers with Radar,174,78,24,1,277,0,68,14,1,83,174,146,38,2,360,0,0,0,360
09/28/2021,SJU,PR,ASO,ES,Towers with Radar,181,70,16,2,269,0,73,14,0,87,181,143,30,2,356,2,0,2,358
09/29/2021,SJU,PR,ASO,ES,Towers with Radar,179,71,13,5,268,0,65,10,1,76,179,136,23,6,344,16,0,16,360
09/30/2021,SJU,PR,ASO,ES,Towers with Radar,214,83,20,4,321,0,78,19,2,99,214,161,39,6,420,4,0,4,424
10/01/2021,SJU,PR,ASO,ES,Towers with Radar,201,78,25,0,304,0,88,23,0,111,201,166,48,0,415,0,0,0,415
10/02/2021,SJU,PR,ASO,ES,Towers with Radar,184,42,27,0,253,0,71,11,0,82,184,113,38,0,335,0,0,0,335
10/03/2021,SJU,PR,ASO,ES,Towers with Radar,175,55,17,1,248,0,65,9,1,75,175,120,26,2,323,0,0,0,323
10/04/2021,SJU,PR,ASO,ES,Towers with Radar,188,98,19,13,318,0,89,12,4,105,188,187,31,17,423,0,0,0,423
10/05/2021,SJU,PR,ASO,ES,Towers with Radar,175,84,33,0,292,0,66,19,1,86,175,150,52,1,378,0,0,0,378
10/06/2021,SJU,PR,ASO,ES,Towers with Radar,181,98,22,0,301,0,75,12,0,87,181,173,34,0,388,0,0,0,388
10/07/2021,SJU,PR,ASO,ES,Towers with Radar,196,83,28,0,307,0,84,9,2,95,196,167,37,2,402,6,0,6,408
10/08/2021,SJU,PR,ASO,ES,Towers with Radar,192,90,22,5,309,0,89,22,1,112,192,179,44,6,421,0,0,0,421
10/09/2021,SJU,PR,ASO,ES,Towers with Radar,201,46,13,1,261,0,67,13,0,80,201,113,26,1,341,0,0,0,341
10/10/2021,SJU,PR,ASO,ES,Towers with Radar,179,37,9,0,225,0,54,5,0,59,179,91,14,0,284,0,0,0,284
10/11/2021,SJU,PR,ASO,ES,Towers with Radar,183,85,18,0,286,0,61,17,0,78,183,146,35,0,364,0,0,0,364
10/12/2021,SJU,PR,ASO,ES,Towers with Radar,186,77,15,0,278,0,69,16,0,85,186,146,31,0,363,0,0,0,363
10/13/2021,SJU,PR,ASO,ES,Towers with Radar,197,79,23,4,303,0,74,17,1,92,197,153,40,5,395,0,0,0,395
10/14/2021,SJU,PR,ASO,ES,Towers with Radar,199,77,17,1,294,0,82,14,0,96,199,159,31,1,390,0,0,0,390
10/15/2021,SJU,PR,ASO,ES,Towers with Radar,194,99,24,0,317,0,88,19,2,109,194,187,43,2,426,0,0,0,426
10/16/2021,SJU,PR,ASO,ES,Towers with Radar,200,58,13,1,272,0,58,12,2,72,200,116,25,3,344,0,0,0,344
10/17/2021,SJU,PR,ASO,ES,Towers with Radar,179,44,15,3,241,0,60,13,1,74,179,104,28,4,315,0,0,0,315
10/18/2021,SJU,PR,ASO,ES,Towers with Radar,189,92,27,1,309,0,90,26,2,118,189,182,53,3,427,0,0,0,427
10/19/2021,SJU,PR,ASO,ES,Towers with Radar,189,79,20,3,291,0,88,22,1,111,189,167,42,4,402,6,0,6,408
10/20/2021,SJU,PR,ASO,ES,Towers with Radar,208,70,27,0,305,0,72,13,1,86,208,142,40,1,391,0,0,0,391
10/21/2021,SJU,PR,ASO,ES,Towers with Radar,198,91,28,13,330,0,88,20,1,109,198,179,48,14,439,0,0,0,439
10/22/2021,SJU,PR,ASO,ES,Towers with Radar,200,81,19,0,300,0,84,20,0,104,200,165,39,0,404,2,0,2,406
10/23/2021,SJU,PR,ASO,ES,Towers with Radar,208,42,30,2,282,0,84,17,1,102,208,126,47,3,384,0,0,0,384
10/24/2021,SJU,PR,ASO,ES,Towers with Radar,184,43,23,0,250,0,76,3,0,79,184,119,26,0,329,0,0,0,329
10/25/2021,SJU,PR,ASO,ES,Towers with Radar,191,89,28,0,308,0,70,21,0,91,191,159,49,0,399,0,0,0,399
10/26/2021,SJU,PR,ASO,ES,Towers with Radar,192,62,16,0,270,0,96,16,0,112,192,158,32,0,382,6,0,6,388
10/27/2021,SJU,PR,ASO,ES,Towers with Radar,182,74,22,11,289,0,87,12,1,100,182,161,34,12,389,0,0,0,389
10/28/2021,SJU,PR,ASO,ES,Towers with Radar,191,82,18,3,294,0,90,19,1,110,191,172,37,4,404,0,0,0,404
10/29/2021,SJU,PR,ASO,ES,Towers with Radar,195,91,29,2,317,2,85,23,0,110,197,176,52,2,427,0,0,0,427
10/30/2021,SJU,PR,ASO,ES,Towers with Radar,186,57,22,7,272,0,83,17,0,100,186,140,39,7,372,0,0,0,372
10/31/2021,SJU,PR,ASO,ES,Towers with Radar,170,42,16,1,229,0,68,15,0,83,170,110,31,1,312,0,0,0,312
11/01/2021,SJU,PR,ASO,ES,Towers with Radar,183,65,32,0,280,0,99,33,0,132,183,164,65,0,412,6,0,6,418
11/02/2021,SJU,PR,ASO,ES,Towers with Radar,189,84,35,0,308,0,105,33,0,138,189,189,68,0,446,6,0,6,452
11/03/2021,SJU,PR,ASO,ES,Towers with Radar,182,79,32,2,295,0,112,15,0,127,182,191,47,2,422,0,0,0,422
11/04/2021,SJU,PR,ASO,ES,Towers with Radar,196,84,40,0,320,0,110,27,1,138,196,194,67,1,458,0,0,0,458
11/05/2021,SJU,PR,ASO,ES,Towers with Radar,205,95,35,2,337,0,90,33,1,124,205,185,68,3,461,0,0,0,461
11/06/2021,SJU,PR,ASO,ES,Towers with Radar,181,50,16,1,248,0,89,10,0,99,181,139,26,1,347,0,0,0,347
11/07/2021,SJU,PR,ASO,ES,Towers with Radar,170,48,27,2,247,0,92,15,0,107,170,140,42,2,354,0,0,0,354
11/08/2021,SJU,PR,ASO,ES,Towers with Radar,193,85,30,2,310,0,122,18,0,140,193,207,48,2,450,0,0,0,450
11/09/2021,SJU,PR,ASO,ES,Towers with Radar,174,76,35,11,296,0,118,23,3,144,174,194,58,14,440,6,0,6,446
11/10/2021,SJU,PR,ASO,ES,Towers with Radar,185,72,44,4,305,0,110,28,2,140,185,182,72,6,445,7,0,7,452
11/11/2021,SJU,PR,ASO,ES,Towers with Radar,189,66,26,4,285,0,123,19,1,143,189,189,45,5,428,4,0,4,432
11/12/2021,SJU,PR,ASO,ES,Towers with Radar,202,106,20,2,330,0,102,22,1,125,202,208,42,3,455,2,0,2,457
11/13/2021,SJU,PR,ASO,ES,Towers with Radar,208,47,26,1,282,0,101,13,1,115,208,148,39,2,397,0,0,0,397
11/14/2021,SJU,PR,ASO,ES,Towers with Radar,181,47,29,0,257,0,85,8,0,93,181,132,37,0,350,0,0,0,350
11/15/2021,SJU,PR,ASO,ES,Towers with Radar,197,88,27,1,313,0,101,7,1,109,197,189,34,2,422,0,0,0,422
11/16/2021,SJU,PR,ASO,ES,Towers with Radar,173,87,34,2,296,0,113,22,3,138,173,200,56,5,434,25,0,25,459
11/17/2021,SJU,PR,ASO,ES,Towers with Radar,189,96,23,0,308,0,104,36,6,146,189,200,59,6,454,0,0,0,454
11/18/2021,SJU,PR,ASO,ES,Towers with Radar,196,119,38,2,355,0,134,19,1,154,196,253,57,3,509,0,0,0,509
11/19/2021,SJU,PR,ASO,ES,Towers with Radar,221,105,38,2,366,0,124,39,0,163,221,229,77,2,529,0,0,0,529
11/20/2021,SJU,PR,ASO,ES,Towers with Radar,213,54,29,0,296,0,125,18,1,144,213,179,47,1,440,0,0,0,440
11/21/2021,SJU,PR,ASO,ES,Towers with Radar,197,49,35,1,282,0,119,24,0,143,197,168,59,1,425,0,0,0,425
11/22/2021,SJU,PR,ASO,ES,Towers with Radar,215,89,25,5,334,0,106,22,1,129,215,195,47,6,463,14,0,14,477
11/23/2021,SJU,PR,ASO,ES,Towers with Radar,217,85,25,1,328,0,107,21,0,128,217,192,46,1,456,58,0,58,514
11/24/2021,SJU,PR,ASO,ES,Towers with Radar,216,80,28,0,324,0,123,6,0,129,216,203,34,0,453,0,0,0,453
11/25/2021,SJU,PR,ASO,ES,Towers with Radar,168,64,23,0,255,0,70,6,1,77,168,134,29,1,332,0,0,0,332
11/26/2021,SJU,PR,ASO,ES,Towers with Radar,176,90,22,1,289,0,99,12,0,111,176,189,34,1,400,16,0,16,416
11/27/2021,SJU,PR,ASO,ES,Towers with Radar,215,63,30,1,309,0,122,25,1,148,215,185,55,2,457,0,0,0,457
11/28/2021,SJU,PR,ASO,ES,Towers with Radar,201,57,49,1,308,0,119,26,1,146,201,176,75,2,454,0,0,0,454
11/29/2021,SJU,PR,ASO,ES,Towers with Radar,217,89,29,4,339,0,131,15,1,147,217,220,44,5,486,0,0,0,486
11/30/2021,SJU,PR,ASO,ES,Towers with Radar,207,113,22,3,345,0,97,25,0,122,207,210,47,3,467,0,0,0,467
12/01/2021,SJU,PR,ASO,ES,Towers with Radar,221,116,28,2,367,0,88,23,3,114,221,204,51,5,481,0,0,0,481
12/02/2021,SJU,PR,ASO,ES,Towers with Radar,213,92,49,1,355,0,126,35,2,163,213,218,84,3,518,6,0,6,524
12/03/2021,SJU,PR,ASO,ES,Towers with Radar,221,99,36,1,357,0,97,16,3,116,221,196,52,4,473,0,0,0,473
12/04/2021,SJU,PR,ASO,ES,Towers with Radar,234,61,23,4,322,0,90,13,0,103,234,151,36,4,425,0,0,0,425
12/05/2021,SJU,PR,ASO,ES,Towers with Radar,193,56,35,1,285,0,91,16,1,108,193,147,51,2,393,0,0,0,393
12/06/2021,SJU,PR,ASO,ES,Towers with Radar,212,96,26,1,335,0,103,9,3,115,212,199,35,4,450,0,0,0,450
12/07/2021,SJU,PR,ASO,ES,Towers with Radar,176,89,30,2,297,0,100,22,0,122,176,189,52,2,419,0,0,0,419
12/08/2021,SJU,PR,ASO,ES,Towers with Radar,201,100,40,0,341,0,87,14,7,108,201,187,54,7,449,8,0,8,457
12/09/2021,SJU,PR,ASO,ES,Towers with Radar,206,107,36,2,351,0,103,15,4,122,206,210,51,6,473,8,0,8,481
12/10/2021,SJU,PR,ASO,ES,Towers with Radar,214,117,25,1,357,0,98,21,2,121,214,215,46,3,478,0,0,0,478
12/11/2021,SJU,PR,ASO,ES,Towers with Radar,220,54,25,3,302,0,99,13,1,113,220,153,38,4,415,0,0,0,415
12/12/2021,SJU,PR,ASO,ES,Towers with Radar,192,57,31,1,281,0,94,16,3,113,192,151,47,4,394,0,0,0,394
12/13/2021,SJU,PR,ASO,ES,Towers with Radar,200,105,31,2,338,0,78,25,1,104,200,183,56,3,442,0,0,0,442
12/14/2021,SJU,PR,ASO,ES,Towers with Radar,199,88,19,5,311,0,93,10,1,104,199,181,29,6,415,0,0,0,415
12/15/2021,SJU,PR,ASO,ES,Towers with Radar,204,109,31,2,346,0,104,29,1,134,204,213,60,3,480,18,0,18,498
12/16/2021,SJU,PR,ASO,ES,Towers with Radar,228,108,39,6,381,0,84,34,3,121,228,192,73,9,502,0,0,0,502
12/17/2021,SJU,PR,ASO,ES,Towers with Radar,244,124,50,4,422,0,120,32,2,154,244,244,82,6,576,0,0,0,576
12/18/2021,SJU,PR,ASO,ES,Towers with Radar,236,64,44,5,349,0,113,25,1,139,236,177,69,6,488,0,0,0,488
12/19/2021,SJU,PR,ASO,ES,Towers with Radar,216,65,42,5,328,0,105,18,1,124,216,170,60,6,452,16,0,16,468
12/20/2021,SJU,PR,ASO,ES,Towers with Radar,232,113,45,5,395,0,116,25,1,142,232,229,70,6,537,4,0,4,541
12/21/2021,SJU,PR,ASO,ES,Towers with Radar,246,109,38,5,398,0,100,31,1,132,246,209,69,6,530,6,0,6,536
12/22/2021,SJU,PR,ASO,ES,Towers with Radar,242,96,31,2,371,0,124,27,0,151,242,220,58,2,522,0,0,0,522
12/23/2021,SJU,PR,ASO,ES,Towers with Radar,252,108,19,0,379,0,112,20,3,135,252,220,39,3,514,0,0,0,514
12/24/2021,SJU,PR,ASO,ES,Towers with Radar,224,90,12,3,329,1,114,12,0,127,225,204,24,3,456,0,0,0,456
12/25/2021,SJU,PR,ASO,ES,Towers with Radar,209,49,11,0,269,0,87,5,0,92,209,136,16,0,361,0,0,0,361
12/26/2021,SJU,PR,ASO,ES,Towers with Radar,217,63,30,0,310,0,104,40,0,144,217,167,70,0,454,0,0,0,454
12/27/2021,SJU,PR,ASO,ES,Towers with Radar,218,86,40,0,344,0,121,35,0,156,218,207,75,0,500,0,0,0,500
12/28/2021,SJU,PR,ASO,ES,Towers with Radar,246,94,35,0,375,0,124,25,0,149,246,218,60,0,524,0,0,0,524
12/29/2021,SJU,PR,ASO,ES,Towers with Radar,224,78,23,3,328,0,116,17,1,134,224,194,40,4,462,0,0,0,462
12/30/2021,SJU,PR,ASO,ES,Towers with Radar,242,104,31,0,377,0,109,21,0,130,242,213,52,0,507,0,0,0,507
12/31/2021,SJU,PR,ASO,ES,Towers with Radar,226,86,13,0,325,0,104,10,0,114,226,190,23,0,439,0,0,0,439
01/01/2022,SJU,PR,ASO,ES,Towers with Radar,209,58,29,0,296,0,106,10,0,116,209,164,39,0,412,0,0,0,412
01/02/2022,SJU,PR,ASO,ES,Towers with Radar,221,63,57,6,347,0,132,36,4,172,221,195,93,10,519,0,0,0,519
01/03/2022,SJU,PR,ASO,ES,Towers with Radar,225,82,38,2,347,2,125,33,0,160,227,207,71,2,507,0,0,0,507
01/04/2022,SJU,PR,ASO,ES,Towers with Radar,264,102,32,2,400,0,130,29,0,159,264,232,61,2,559,0,0,0,559
01/05/2022,SJU,PR,ASO,ES,Towers with Radar,214,81,21,2,318,0,109,23,0,132,214,190,44,2,450,0,0,0,450
01/06/2022,SJU,PR,ASO,ES,Towers with Radar,224,99,20,4,347,0,98,10,0,108,224,197,30,4,455,0,0,0,455
01/07/2022,SJU,PR,ASO,ES,Towers with Radar,198,79,20,2,299,0,106,25,1,132,198,185,45,3,431,6,0,6,437
01/08/2022,SJU,PR,ASO,ES,Towers with Radar,240,64,24,3,331,0,111,21,0,132,240,175,45,3,463,0,0,0,463
01/09/2022,SJU,PR,ASO,ES,Towers with Radar,197,54,26,6,283,0,107,7,0,114,197,161,33,6,397,5,0,5,402
01/10/2022,SJU,PR,ASO,ES,Towers with Radar,214,102,23,4,343,0,122,13,5,140,214,224,36,9,483,6,0,6,489
01/11/2022,SJU,PR,ASO,ES,Towers with Radar,211,87,28,4,330,0,106,27,0,133,211,193,55,4,463,27,0,27,490
01/12/2022,SJU,PR,ASO,ES,Towers with Radar,216,83,23,6,328,0,100,13,1,114,216,183,36,7,442,0,0,0,442
01/13/2022,SJU,PR,ASO,ES,Towers with Radar,201,98,25,0,324,0,112,15,0,127,201,210,40,0,451,0,0,0,451
01/14/2022,SJU,PR,ASO,ES,Towers with Radar,199,96,28,0,323,0,139,19,1,159,199,235,47,1,482,0,0,0,482
01/15/2022,SJU,PR,ASO,ES,Towers with Radar,217,59,28,1,305,1,93,21,0,115,218,152,49,1,420,0,0,0,420
01/16/2022,SJU,PR,ASO,ES,Towers with Radar,179,52,24,1,256,0,93,8,0,101,179,145,32,1,357,0,0,0,357
01/17/2022,SJU,PR,ASO,ES,Towers with Radar,192,89,21,1,303,0,104,13,0,117,192,193,34,1,420,0,0,0,420
01/18/2022,SJU,PR,ASO,ES,Towers with Radar,206,75,24,1,306,0,130,18,1,149,206,205,42,2,455,0,0,0,455
01/19/2022,SJU,PR,ASO,ES,Towers with Radar,192,89,23,17,321,0,98,17,2,117,192,187,40,19,438,0,0,0,438
01/20/2022,SJU,PR,ASO,ES,Towers with Radar,196,87,23,1,307,0,116,23,8,147,196,203,46,9,454,0,0,0,454
01/21/2022,SJU,PR,ASO,ES,Towers with Radar,198,94,31,9,332,0,109,29,2,140,198,203,60,11,472,0,0,0,472
01/22/2022,SJU,PR,ASO,ES,Towers with Radar,212,56,23,18,309,0,110,25,2,137,212,166,48,20,446,0,0,0,446
01/23/2022,SJU,PR,ASO,ES,Towers with Radar,178,50,20,8,256,0,103,9,2,114,178,153,29,10,370,0,0,0,370
01/24/2022,SJU,PR,ASO,ES,Towers with Radar,183,100,21,6,310,0,119,24,1,144,183,219,45,7,454,0,0,0,454
01/25/2022,SJU,PR,ASO,ES,Towers with Radar,179,84,27,3,293,0,105,31,1,137,179,189,58,4,430,0,0,0,430
01/26/2022,SJU,PR,ASO,ES,Towers with Radar,201,88,38,4,331,0,111,51,0,162,201,199,89,4,493,0,0,0,493
01/27/2022,SJU,PR,ASO,ES,Towers with Radar,194,110,35,1,340,0,137,26,2,165,194,247,61,3,505,2,0,2,507
01/28/2022,SJU,PR,ASO,ES,Towers with Radar,200,83,32,1,316,0,124,26,2,152,200,207,58,3,468,0,0,0,468
01/29/2022,SJU,PR,ASO,ES,Towers with Radar,166,47,35,1,249,0,110,22,2,134,166,157,57,3,383,0,3,3,386
01/30/2022,SJU,PR,ASO,ES,Towers with Radar,181,83,36,3,303,0,77,17,1,95,181,160,53,4,398,0,0,0,398
01/31/2022,SJU,PR,ASO,ES,Towers with Radar,184,91,42,9,326,0,111,33,1,145,184,202,75,10,471,3,0,3,474
02/01/2022,SJU,PR,ASO,ES,Towers with Radar,180,94,31,0,305,0,96,22,1,119,180,190,53,1,424,0,0,0,424
02/02/2022,SJU,PR,ASO,ES,Towers with Radar,193,81,25,2,301,0,100,31,1,132,193,181,56,3,433,1,0,1,434
02/03/2022,SJU,PR,ASO,ES,Towers with Radar,171,99,35,2,307,0,113,31,4,148,171,212,66,6,455,0,0,0,455
02/04/2022,SJU,PR,ASO,ES,Towers with Radar,179,109,29,5,322,0,84,11,0,95,179,193,40,5,417,0,0,0,417
02/05/2022,SJU,PR,ASO,ES,Towers with Radar,194,93,31,1,319,0,45,9,0,54,194,138,40,1,373,0,0,0,373
02/06/2022,SJU,PR,ASO,ES,Towers with Radar,190,85,46,0,321,0,35,13,1,49,190,120,59,1,370,0,0,0,370
02/07/2022,SJU,PR,ASO,ES,Towers with Radar,187,119,28,13,347,6,75,16,1,98,193,194,44,14,445,0,0,0,445
02/08/2022,SJU,PR,ASO,ES,Towers with Radar,190,96,30,2,318,0,112,32,2,146,190,208,62,4,464,0,1,1,465
02/09/2022,SJU,PR,ASO,ES,Towers with Radar,194,94,40,3,331,0,114,47,4,165,194,208,87,7,496,14,1,15,511
02/10/2022,SJU,PR,ASO,ES,Towers with Radar,196,91,26,1,314,0,112,31,2,145,196,203,57,3,459,0,0,0,459
02/11/2022,SJU,PR,ASO,ES,Towers with Radar,193,110,40,2,345,0,131,38,2,171,193,241,78,4,516,0,0,0,516
02/12/2022,SJU,PR,ASO,ES,Towers with Radar,213,85,29,0,327,0,95,16,1,112,213,180,45,1,439,0,0,0,439
02/13/2022,SJU,PR,ASO,ES,Towers with Radar,197,88,31,0,316,0,79,15,1,95,197,167,46,1,411,0,0,0,411
02/14/2022,SJU,PR,ASO,ES,Towers with Radar,199,98,33,5,335,0,111,33,4,148,199,209,66,9,483,0,0,0,483
02/15/2022,SJU,PR,ASO,ES,Towers with Radar,192,77,36,9,314,0,126,41,3,170,192,203,77,12,484,0,0,0,484
02/16/2022,SJU,PR,ASO,ES,Towers with Radar,208,89,48,4,349,0,111,34,2,147,208,200,82,6,496,0,0,0,496
02/17/2022,SJU,PR,ASO,ES,Towers with Radar,228,105,48,1,382,0,128,20,0,148,228,233,68,1,530,0,0,0,530
02/18/2022,SJU,PR,ASO,ES,Towers with Radar,218,129,45,0,392,0,116,31,2,149,218,245,76,2,541,0,0,0,541
02/19/2022,SJU,PR,ASO,ES,Towers with Radar,223,78,27,0,328,0,111,33,0,144,223,189,60,0,472,0,1,1,473
02/20/2022,SJU,PR,ASO,ES,Towers with Radar,211,44,28,1,284,0,102,14,0,116,211,146,42,1,400,0,0,0,400
02/21/2022,SJU,PR,ASO,ES,Towers with Radar,202,84,36,3,325,0,126,23,1,150,202,210,59,4,475,0,0,0,475
02/22/2022,SJU,PR,ASO,ES,Towers with Radar,211,83,38,2,334,0,116,48,1,165,211,199,86,3,499,0,0,0,499
02/23/2022,SJU,PR,ASO,ES,Towers with Radar,203,95,27,0,325,0,126,37,0,163,203,221,64,0,488,0,0,0,488
02/24/2022,SJU,PR,ASO,ES,Towers with Radar,215,86,23,0,324,8,114,28,1,151,223,200,51,1,475,0,0,0,475
02/25/2022,SJU,PR,ASO,ES,Towers with Radar,202,96,40,2,340,0,129,19,3,151,202,225,59,5,491,0,0,0,491
02/26/2022,SJU,PR,ASO,ES,Towers with Radar,224,52,29,2,307,0,133,24,3,160,224,185,53,5,467,2,0,2,469
02/27/2022,SJU,PR,ASO,ES,Towers with Radar,213,57,32,1,303,0,100,30,0,130,213,157,62,1,433,0,0,0,433
02/28/2022,SJU,PR,ASO,ES,Towers with Radar,215,100,33,0,348,0,125,17,2,144,215,225,50,2,492,0,0,0,492
03/01/2022,SJU,PR,ASO,ES,Towers with Radar,222,84,37,3,346,28,110,15,1,154,250,194,52,4,500,0,0,0,500
03/02/2022,SJU,PR,ASO,ES,Towers with Radar,216,70,35,2,323,0,125,36,0,161,216,195,71,2,484,12,0,12,496
03/03/2022,SJU,PR,ASO,ES,Towers with Radar,228,93,29,1,351,0,107,24,0,131,228,200,53,1,482,22,0,22,504
03/04/2022,SJU,PR,ASO,ES,Towers with Radar,216,102,28,2,348,24,93,21,2,140,240,195,49,4,488,0,0,0,488
03/05/2022,SJU,PR,ASO,ES,Towers with Radar,225,84,32,0,341,11,99,18,0,128,236,183,50,0,469,0,0,0,469
03/06/2022,SJU,PR,ASO,ES,Towers with Radar,218,81,30,0,329,0,86,15,0,101,218,167,45,0,430,0,0,0,430
03/07/2022,SJU,PR,ASO,ES,Towers with Radar,214,96,30,0,340,6,95,23,3,127,220,191,53,3,467,0,0,0,467
03/08/2022,SJU,PR,ASO,ES,Towers with Radar,233,79,27,0,339,0,120,26,0,146,233,199,53,0,485,0,0,0,485
03/09/2022,SJU,PR,ASO,ES,Towers with Radar,205,67,28,0,300,0,122,23,0,145,205,189,51,0,445,42,0,42,487
03/10/2022,SJU,PR,ASO,ES,Towers with Radar,213,85,28,2,328,0,94,19,1,114,213,179,47,3,442,22,0,22,464
03/11/2022,SJU,PR,ASO,ES,Towers with Radar,213,95,22,1,331,0,144,31,1,176,213,239,53,2,507,4,0,4,511
03/12/2022,SJU,PR,ASO,ES,Towers with Radar,223,87,50,3,363,0,80,35,0,115,223,167,85,3,478,0,0,0,478
03/13/2022,SJU,PR,ASO,ES,Towers with Radar,217,55,46,2,320,0,93,14,0,107,217,148,60,2,427,0,0,0,427
03/14/2022,SJU,PR,ASO,ES,Towers with Radar,198,106,31,3,338,0,114,12,1,127,198,220,43,4,465,0,0,0,465
03/15/2022,SJU,PR,ASO,ES,Towers with Radar,210,87,40,2,339,0,121,27,3,151,210,208,67,5,490,0,0,0,490
03/16/2022,SJU,PR,ASO,ES,Towers with Radar,202,78,37,2,319,0,121,29,2,152,202,199,66,4,471,4,0,4,475
03/17/2022,SJU,PR,ASO,ES,Towers with Radar,233,96,40,1,370,0,95,22,0,117,233,191,62,1,487,4,0,4,491
03/18/2022,SJU,PR,ASO,ES,Towers with Radar,206,96,27,3,332,0,119,22,3,144,206,215,49,6,476,0,0,0,476
03/19/2022,SJU,PR,ASO,ES,Towers with Radar,232,82,34,0,348,0,127,37,0,164,232,209,71,0,512,0,0,0,512
03/20/2022,SJU,PR,ASO,ES,Towers with Radar,188,64,29,0,281,1,106,24,0,131,189,170,53,0,412,5,0,5,417
03/21/2022,SJU,PR,ASO,ES,Towers with Radar,204,128,25,2,359,0,100,22,2,124,204,228,47,4,483,0,0,0,483
03/22/2022,SJU,PR,ASO,ES,Towers with Radar,215,121,16,3,355,0,100,21,3,124,215,221,37,6,479,0,0,0,479
03/23/2022,SJU,PR,ASO,ES,Towers with Radar,217,84,27,1,329,0,95,23,0,118,217,179,50,1,447,27,0,27,474
03/24/2022,SJU,PR,ASO,ES,Towers with Radar,220,122,29,0,371,0,106,31,2,139,220,228,60,2,510,0,0,0,510
03/25/2022,SJU,PR,ASO,ES,Towers with Radar,210,118,31,2,361,0,108,27,0,135,210,226,58,2,496,0,0,0,496
03/26/2022,SJU,PR,ASO,ES,Towers with Radar,231,83,34,1,349,0,125,16,0,141,231,208,50,1,490,0,0,0,490
03/27/2022,SJU,PR,ASO,ES,Towers with Radar,197,67,31,0,295,0,89,22,0,111,197,156,53,0,406,0,0,0,406
03/28/2022,SJU,PR,ASO,ES,Towers with Radar,213,92,21,2,328,0,117,16,1,134,213,209,37,3,462,0,0,0,462
03/29/2022,SJU,PR,ASO,ES,Towers with Radar,221,84,31,3,339,0,134,21,1,156,221,218,52,4,495,0,0,0,495
03/30/2022,SJU,PR,ASO,ES,Towers with Radar,208,76,31,2,317,0,119,19,1,139,208,195,50,3,456,0,0,0,456
03/31/2022,SJU,PR,ASO,ES,Towers with Radar,202,96,26,0,324,0,109,22,1,132,202,205,48,1,456,5,0,5,461
04/01/2022,SJU,PR,ASO,ES,Towers with Radar,204,97,21,1,323,0,126,19,2,147,204,223,40,3,470,6,0,6,476
04/02/2022,SJU,PR,ASO,ES,Towers with Radar,222,86,28,1,337,0,101,33,1,135,222,187,61,2,472,20,0,20,492
04/03/2022,SJU,PR,ASO,ES,Towers with Radar,160,50,25,1,236,0,89,20,0,109,160,139,45,1,345,0,0,0,345
04/04/2022,SJU,PR,ASO,ES,Towers with Radar,184,92,25,4,305,0,104,24,3,131,184,196,49,7,436,0,0,0,436
04/05/2022,SJU,PR,ASO,ES,Towers with Radar,209,78,37,3,327,0,118,12,2,132,209,196,49,5,459,20,0,20,479
04/06/2022,SJU,PR,ASO,ES,Towers with Radar,211,88,30,4,333,0,87,26,0,113,211,175,56,4,446,1,0,1,447
04/07/2022,SJU,PR,ASO,ES,Towers with Radar,210,86,21,4,321,0,92,33,0,125,210,178,54,4,446,0,0,0,446
04/08/2022,SJU,PR,ASO,ES,Towers with Radar,200,98,32,4,334,0,109,21,0,130,200,207,53,4,464,0,0,0,464
04/09/2022,SJU,PR,ASO,ES,Towers with Radar,212,58,43,4,317,0,127,41,0,168,212,185,84,4,485,0,0,0,485
04/10/2022,SJU,PR,ASO,ES,Towers with Radar,208,54,26,5,293,0,86,12,0,98,208,140,38,5,391,0,0,0,391
04/11/2022,SJU,PR,ASO,ES,Towers with Radar,204,106,29,3,342,0,108,23,2,133,204,214,52,5,475,0,0,0,475
04/12/2022,SJU,PR,ASO,ES,Towers with Radar,217,79,34,1,331,0,100,24,4,128,217,179,58,5,459,0,0,0,459
04/13/2022,SJU,PR,ASO,ES,Towers with Radar,218,85,38,9,350,0,104,36,1,141,218,189,74,10,491,0,0,0,491
04/14/2022,SJU,PR,ASO,ES,Towers with Radar,224,99,28,0,351,0,106,22,0,128,224,205,50,0,479,0,0,0,479
04/15/2022,SJU,PR,ASO,ES,Towers with Radar,246,60,24,1,331,0,94,21,0,115,246,154,45,1,446,0,0,0,446
04/16/2022,SJU,PR,ASO,ES,Towers with Radar,246,78,19,0,343,0,93,33,0,126,246,171,52,0,469,4,0,4,473
04/17/2022,SJU,PR,ASO,ES,Towers with Radar,218,46,29,0,293,0,89,29,0,118,218,135,58,0,411,3,0,3,414
04/18/2022,SJU,PR,ASO,ES,Towers with Radar,205,89,30,2,326,0,115,27,3,145,205,204,57,5,471,0,0,0,471
04/19/2022,SJU,PR,ASO,ES,Towers with Radar,217,106,22,5,350,0,108,24,0,132,217,214,46,5,482,0,0,0,482
04/20/2022,SJU,PR,ASO,ES,Towers with Radar,222,79,25,0,326,0,100,20,0,120,222,179,45,0,446,0,0,0,446
04/21/2022,SJU,PR,ASO,ES,Towers with Radar,224,100,37,1,362,0,92,34,0,126,224,192,71,1,488,0,0,0,488
04/22/2022,SJU,PR,ASO,ES,Towers with Radar,227,106,29,1,363,0,110,44,3,157,227,216,73,4,520,1,0,1,521
04/23/2022,SJU,PR,ASO,ES,Towers with Radar,243,72,19,0,334,0,132,35,0,167,243,204,54,0,501,0,0,0,501
04/24/2022,SJU,PR,ASO,ES,Towers with Radar,213,51,46,1,311,0,87,17,0,104,213,138,63,1,415,0,0,0,415
04/25/2022,SJU,PR,ASO,ES,Towers with Radar,205,95,36,0,336,0,122,16,0,138,205,217,52,0,474,0,0,0,474
04/26/2022,SJU,PR,ASO,ES,Towers with Radar,214,89,30,0,333,0,112,40,0,152,214,201,70,0,485,0,0,0,485
04/27/2022,SJU,PR,ASO,ES,Towers with Radar,224,88,27,7,346,0,100,27,0,127,224,188,54,7,473,10,0,10,483
04/28/2022,SJU,PR,ASO,ES,Towers with Radar,218,98,25,0,341,0,77,26,2,105,218,175,51,2,446,0,0,0,446
04/29/2022,SJU,PR,ASO,ES,Towers with Radar,218,104,25,0,347,0,88,36,2,126,218,192,61,2,473,0,0,0,473
04/30/2022,SJU,PR,ASO,ES,Towers with Radar,245,89,17,1,352,0,43,7,0,50,245,132,24,1,402,0,0,0,402
05/01/2022,SJU,PR,ASO,ES,Towers with Radar,219,87,34,2,342,0,53,33,0,86,219,140,67,2,428,0,0,0,428
05/02/2022,SJU,PR,ASO,ES,Towers with Radar,227,101,31,4,363,0,90,24,2,116,227,191,55,6,479,8,0,8,487
05/03/2022,SJU,PR,ASO,ES,Towers with Radar,227,88,37,2,354,0,95,28,2,125,227,183,65,4,479,0,0,0,479
05/04/2022,SJU,PR,ASO,ES,Towers with Radar,231,88,40,0,359,0,90,27,2,119,231,178,67,2,478,0,0,0,478
05/05/2022,SJU,PR,ASO,ES,Towers with Radar,231,77,31,1,340,0,100,32,0,132,231,177,63,1,472,4,0,4,476
05/06/2022,SJU,PR,ASO,ES,Towers with Radar,216,94,20,5,335,0,101,13,1,115,216,195,33,6,450,4,0,4,454
05/07/2022,SJU,PR,ASO,ES,Towers with Radar,239,50,7,2,298,0,91,9,0,100,239,141,16,2,398,0,0,0,398
05/08/2022,SJU,PR,ASO,ES,Towers with Radar,202,51,16,0,269,0,65,9,0,74,202,116,25,0,343,0,0,0,343
05/09/2022,SJU,PR,ASO,ES,Towers with Radar,214,81,26,3,324,0,71,14,0,85,214,152,40,3,409,1,0,1,410
05/10/2022,SJU,PR,ASO,ES,Towers with Radar,211,85,26,2,324,0,74,40,0,114,211,159,66,2,438,0,0,0,438
05/11/2022,SJU,PR,ASO,ES,Towers with Radar,229,83,29,8,349,0,81,10,1,92,229,164,39,9,441,0,0,0,441
05/12/2022,SJU,PR,ASO,ES,Towers with Radar,214,108,37,1,360,0,87,27,1,115,214,195,64,2,475,0,0,0,475
05/13/2022,SJU,PR,ASO,ES,Towers with Radar,219,86,11,5,321,0,80,17,1,98,219,166,28,6,419,0,0,0,419
05/14/2022,SJU,PR,ASO,ES,Towers with Radar,232,73,19,1,325,0,71,12,2,85,232,144,31,3,410,0,0,0,410
05/15/2022,SJU,PR,ASO,ES,Towers with Radar,211,53,13,0,277,0,63,27,1,91,211,116,40,1,368,0,0,0,368
05/16/2022,SJU,PR,ASO,ES,Towers with Radar,210,99,28,2,339,0,75,20,4,99,210,174,48,6,438,10,0,10,448
05/17/2022,SJU,PR,ASO,ES,Towers with Radar,225,75,27,1,328,0,114,48,3,165,225,189,75,4,493,6,0,6,499
05/18/2022,SJU,PR,ASO,ES,Towers with Radar,215,78,30,4,327,0,78,27,3,108,215,156,57,7,435,15,0,15,450
05/19/2022,SJU,PR,ASO,ES,Towers with Radar,211,91,25,2,329,0,86,37,0,123,211,177,62,2,452,0,0,0,452
05/20/2022,SJU,PR,ASO,ES,Towers with Radar,218,90,18,0,326,0,104,31,0,135,218,194,49,0,461,0,0,0,461
05/21/2022,SJU,PR,ASO,ES,Towers with Radar,220,52,14,0,286,0,76,11,0,87,220,128,25,0,373,0,0,0,373
05/22/2022,SJU,PR,ASO,ES,Towers with Radar,196,35,8,0,239,0,59,7,1,67,196,94,15,1,306,0,0,0,306
05/23/2022,SJU,PR,ASO,ES,Towers with Radar,211,77,14,8,310,0,72,12,4,88,211,149,26,12,398,0,0,0,398
05/24/2022,SJU,PR,ASO,ES,Towers with Radar,229,82,26,3,340,0,79,23,2,104,229,161,49,5,444,0,0,0,444
05/25/2022,SJU,PR,ASO,ES,Towers with Radar,209,80,25,6,320,0,75,16,2,93,209,155,41,8,413,0,0,0,413
05/26/2022,SJU,PR,ASO,ES,Towers with Radar,237,105,30,3,375,0,76,24,1,101,237,181,54,4,476,10,0,10,486
05/27/2022,SJU,PR,ASO,ES,Towers with Radar,206,87,16,2,311,0,90,14,1,105,206,177,30,3,416,0,0,0,416
05/28/2022,SJU,PR,ASO,ES,Towers with Radar,262,60,22,0,344,0,63,18,1,82,262,123,40,1,426,0,0,0,426
05/29/2022,SJU,PR,ASO,ES,Towers with Radar,207,37,20,0,264,0,69,15,0,84,207,106,35,0,348,0,0,0,348
05/30/2022,SJU,PR,ASO,ES,Towers with Radar,196,57,15,0,268,0,90,19,1,110,196,147,34,1,378,0,0,0,378
05/31/2022,SJU,PR,ASO,ES,Towers with Radar,202,78,28,0,308,0,72,27,2,101,202,150,55,2,409,0,0,0,409
06/01/2022,SJU,PR,ASO,ES,Towers with Radar,214,64,21,2,301,7,70,21,1,99,221,134,42,3,400,0,0,0,400
06/02/2022,SJU,PR,ASO,ES,Towers with Radar,217,74,17,1,309,0,83,20,2,105,217,157,37,3,414,0,0,0,414
06/03/2022,SJU,PR,ASO,ES,Towers with Radar,231,79,25,0,335,0,103,19,1,123,231,182,44,1,458,0,0,0,458
06/04/2022,SJU,PR,ASO,ES,Towers with Radar,247,47,22,2,318,0,53,11,0,64,247,100,33,2,382,0,0,0,382
06/05/2022,SJU,PR,ASO,ES,Towers with Radar,208,52,18,0,278,0,48,16,0,64,208,100,34,0,342,0,0,0,342
06/06/2022,SJU,PR,ASO,ES,Towers with Radar,215,72,15,0,302,0,70,28,0,98,215,142,43,0,400,0,0,0,400
06/07/2022,SJU,PR,ASO,ES,Towers with Radar,222,77,14,0,313,0,73,23,1,97,222,150,37,1,410,0,0,0,410
06/08/2022,SJU,PR,ASO,ES,Towers with Radar,216,65,26,1,308,4,55,24,3,86,220,120,50,4,394,0,0,0,394
06/09/2022,SJU,PR,ASO,ES,Towers with Radar,210,82,25,1,318,0,63,23,1,87,210,145,48,2,405,0,0,0,405
06/10/2022,SJU,PR,ASO,ES,Towers with Radar,226,75,17,4,322,0,65,25,3,93,226,140,42,7,415,0,0,0,415
06/11/2022,SJU,PR,ASO,ES,Towers with Radar,251,46,18,9,324,0,46,12,0,58,251,92,30,9,382,0,0,0,382
06/12/2022,SJU,PR,ASO,ES,Towers with Radar,211,48,14,8,281,0,33,20,0,53,211,81,34,8,334,0,0,0,334
06/13/2022,SJU,PR,ASO,ES,Towers with Radar,229,73,21,7,330,0,65,17,8,90,229,138,38,15,420,0,0,0,420
06/14/2022,SJU,PR,ASO,ES,Towers with Radar,227,77,24,0,328,0,56,14,0,70,227,133,38,0,398,0,0,0,398
06/15/2022,SJU,PR,ASO,ES,Towers with Radar,221,88,15,4,328,0,37,15,5,57,221,125,30,9,385,0,0,0,385
06/16/2022,SJU,PR,ASO,ES,Towers with Radar,241,102,27,6,376,0,56,26,4,86,241,158,53,10,462,0,0,0,462
06/17/2022,SJU,PR,ASO,ES,Towers with Radar,207,92,21,3,323,0,63,24,8,95,207,155,45,11,418,0,0,0,418
06/18/2022,SJU,PR,ASO,ES,Towers with Radar,248,42,16,10,316,0,54,23,1,78,248,96,39,11,394,0,0,0,394
06/19/2022,SJU,PR,ASO,ES,Towers with Radar,212,42,16,1,271,0,53,15,0,68,212,95,31,1,339,0,0,0,339
06/20/2022,SJU,PR,ASO,ES,Towers with Radar,218,68,20,0,306,0,68,21,0,89,218,136,41,0,395,0,0,0,395
06/21/2022,SJU,PR,ASO,ES,Towers with Radar,215,74,20,3,312,0,57,18,0,75,215,131,38,3,387,0,0,0,387
06/22/2022,SJU,PR,ASO,ES,Towers with Radar,219,85,20,5,329,0,57,14,2,73,219,142,34,7,402,0,0,0,402
06/23/2022,SJU,PR,ASO,ES,Towers with Radar,221,77,28,2,328,0,43,20,0,63,221,120,48,2,391,0,0,0,391
06/24/2022,SJU,PR,ASO,ES,Towers with Radar,223,88,17,1,329,0,67,16,0,83,223,155,33,1,412,0,0,0,412
06/25/2022,SJU,PR,ASO,ES,Towers with Radar,236,55,16,0,307,0,52,11,0,63,236,107,27,0,370,0,0,0,370
06/26/2022,SJU,PR,ASO,ES,Towers with Radar,221,39,26,3,289,0,48,20,3,71,221,87,46,6,360,0,0,0,360
06/27/2022,SJU,PR,ASO,ES,Towers with Radar,219,88,39,7,353,0,69,29,0,98,219,157,68,7,451,0,0,0,451
06/28/2022,SJU,PR,ASO,ES,Towers with Radar,236,88,33,0,357,0,72,31,0,103,236,160,64,0,460,0,0,0,460
06/29/2022,SJU,PR,ASO,ES,Towers with Radar,232,92,20,4,348,0,71,22,15,108,232,163,42,19,456,0,0,0,456
06/30/2022,SJU,PR,ASO,ES,Towers with Radar,234,94,20,0,348,0,85,17,4,106,234,179,37,4,454,0,0,0,454
07/01/2022,SJU,PR,ASO,ES,Towers with Radar,229,89,26,12,356,12,65,20,1,98,241,154,46,13,454,0,0,0,454
07/02/2022,SJU,PR,ASO,ES,Towers with Radar,249,53,21,1,324,0,19,3,1,23,249,72,24,2,347,0,0,0,347
07/03/2022,SJU,PR,ASO,ES,Towers with Radar,222,49,12,1,284,0,54,19,0,73,222,103,31,1,357,0,0,0,357
07/04/2022,SJU,PR,ASO,ES,Towers with Radar,203,67,7,0,277,0,62,3,0,65,203,129,10,0,342,0,0,0,342
07/05/2022,SJU,PR,ASO,ES,Towers with Radar,189,79,20,1,289,0,66,27,2,95,189,145,47,3,384,0,0,0,384
07/06/2022,SJU,PR,ASO,ES,Towers with Radar,227,95,12,1,335,0,39,11,0,50,227,134,23,1,385,6,0,6,391
07/07/2022,SJU,PR,ASO,ES,Towers with Radar,233,73,38,2,346,0,66,24,1,91,233,139,62,3,437,0,0,0,437
07/08/2022,SJU,PR,ASO,ES,Towers with Radar,231,93,25,5,354,0,52,15,7,74,231,145,40,12,428,0,0,0,428
07/09/2022,SJU,PR,ASO,ES,Towers with Radar,252,47,11,3,313,0,38,26,1,65,252,85,37,4,378,0,0,0,378
07/10/2022,SJU,PR,ASO,ES,Towers with Radar,217,37,20,8,282,0,49,12,3,64,217,86,32,11,346,0,0,0,346
07/11/2022,SJU,PR,ASO,ES,Towers with Radar,208,84,28,1,321,0,78,16,1,95,208,162,44,2,416,0,0,0,416
07/12/2022,SJU,PR,ASO,ES,Towers with Radar,229,83,17,3,332,0,63,15,2,80,229,146,32,5,412,0,0,0,412
07/13/2022,SJU,PR,ASO,ES,Towers with Radar,229,78,19,12,338,0,44,10,2,56,229,122,29,14,394,0,0,0,394
07/14/2022,SJU,PR,ASO,ES,Towers with Radar,233,109,29,10,381,0,56,23,10,89,233,165,52,20,470,0,0,0,470
07/15/2022,SJU,PR,ASO,ES,Towers with Radar,230,96,22,2,350,0,71,23,0,94,230,167,45,2,444,0,0,0,444
07/16/2022,SJU,PR,ASO,ES,Towers with Radar,264,40,12,1,317,0,46,4,0,50,264,86,16,1,367,0,0,0,367
07/17/2022,SJU,PR,ASO,ES,Towers with Radar,201,42,11,1,255,0,47,8,0,55,201,89,19,1,310,0,0,0,310
07/18/2022,SJU,PR,ASO,ES,Towers with Radar,214,89,24,2,329,0,56,15,0,71,214,145,39,2,400,0,0,0,400
07/19/2022,SJU,PR,ASO,ES,Towers with Radar,217,78,14,1,310,0,71,14,1,86,217,149,28,2,396,0,0,0,396
07/20/2022,SJU,PR,ASO,ES,Towers with Radar,226,83,19,4,332,0,50,14,1,65,226,133,33,5,397,0,0,0,397
07/21/2022,SJU,PR,ASO,ES,Towers with Radar,229,106,17,2,354,0,41,8,1,50,229,147,25,3,404,0,0,0,404
07/22/2022,SJU,PR,ASO,ES,Towers with Radar,243,67,22,6,338,0,72,33,5,110,243,139,55,11,448,0,0,0,448
07/23/2022,SJU,PR,ASO,ES,Towers with Radar,252,46,14,0,312,0,39,20,8,67,252,85,34,8,379,0,0,0,379
07/24/2022,SJU,PR,ASO,ES,Towers with Radar,214,44,16,1,275,0,48,9,6,63,214,92,25,7,338,0,0,0,338
07/25/2022,SJU,PR,ASO,ES,Towers with Radar,216,81,10,6,313,0,43,7,2,52,216,124,17,8,365,0,0,0,365
07/26/2022,SJU,PR,ASO,ES,Towers with Radar,208,73,15,5,301,7,60,31,5,103,215,133,46,10,404,0,0,0,404
07/27/2022,SJU,PR,ASO,ES,Towers with Radar,228,88,22,4,342,0,50,12,9,71,228,138,34,13,413,0,0,0,413
07/28/2022,SJU,PR,ASO,ES,Towers with Radar,221,91,17,0,329,0,69,16,3,88,221,160,33,3,417,0,0,0,417
07/29/2022,SJU,PR,ASO,ES,Towers with Radar,228,80,31,0,339,0,66,30,0,96,228,146,61,0,435,0,0,0,435
07/30/2022,SJU,PR,ASO,ES,Towers with Radar,241,50,18,3,312,0,36,11,0,47,241,86,29,3,359,0,0,0,359
07/31/2022,SJU,PR,ASO,ES,Towers with Radar,204,41,22,3,270,0,55,18,0,73,204,96,40,3,343,0,0,0,343
08/01/2022,SJU,PR,ASO,ES,Towers with Radar,200,74,25,2,301,0,52,13,1,66,200,126,38,3,367,6,0,6,373
08/02/2022,SJU,PR,ASO,ES,Towers with Radar,224,76,22,6,328,0,71,25,3,99,224,147,47,9,427,0,0,0,427
08/03/2022,SJU,PR,ASO,ES,Towers with Radar,195,75,19,2,291,0,50,11,1,62,195,125,30,3,353,0,0,0,353
08/04/2022,SJU,PR,ASO,ES,Towers with Radar,220,76,14,2,312,0,59,8,1,68,220,135,22,3,380,0,0,0,380
08/05/2022,SJU,PR,ASO,ES,Towers with Radar,264,71,9,2,346,0,54,22,0,76,264,125,31,2,422,2,0,2,424
08/06/2022,SJU,PR,ASO,ES,Towers with Radar,228,48,9,5,290,0,34,14,4,52,228,82,23,9,342,0,0,0,342
08/07/2022,SJU,PR,ASO,ES,Towers with Radar,206,58,21,2,287,0,34,2,0,36,206,92,23,2,323,0,0,0,323
08/08/2022,SJU,PR,ASO,ES,Towers with Radar,224,73,29,4,330,0,62,26,1,89,224,135,55,5,419,0,0,0,419
08/09/2022,SJU,PR,ASO,ES,Towers with Radar,214,80,25,0,319,0,67,27,0,94,214,147,52,0,413,1,0,1,414
08/10/2022,SJU,PR,ASO,ES,Towers with Radar,215,79,10,3,307,0,63,12,2,77,215,142,22,5,384,0,0,0,384
08/11/2022,SJU,PR,ASO,ES,Towers with Radar,200,83,26,4,313,0,55,15,3,73,200,138,41,7,386,0,0,0,386
08/12/2022,SJU,PR,ASO,ES,Towers with Radar,218,76,26,4,324,0,71,28,1,100,218,147,54,5,424,0,0,0,424
08/13/2022,SJU,PR,ASO,ES,Towers with Radar,233,38,26,0,297,0,53,25,0,78,233,91,51,0,375,0,0,0,375
08/14/2022,SJU,PR,ASO,ES,Towers with Radar,209,38,15,5,267,0,57,4,1,62,209,95,19,6,329,13,0,13,342
08/15/2022,SJU,PR,ASO,ES,Towers with Radar,216,77,19,3,315,0,57,18,2,77,216,134,37,5,392,0,0,0,392
08/16/2022,SJU,PR,ASO,ES,Towers with Radar,214,67,23,2,306,0,66,27,4,97,214,133,50,6,403,0,0,0,403
08/17/2022,SJU,PR,ASO,ES,Towers with Radar,221,80,24,4,329,0,57,33,2,92,221,137,57,6,421,0,0,0,421
08/18/2022,SJU,PR,ASO,ES,Towers with Radar,204,79,24,2,309,0,59,21,1,81,204,138,45,3,390,0,0,0,390
08/19/2022,SJU,PR,ASO,ES,Towers with Radar,206,104,20,3,333,0,72,23,1,96,206,176,43,4,429,0,0,0,429
08/20/2022,SJU,PR,ASO,ES,Towers with Radar,218,38,18,7,281,0,62,12,1,75,218,100,30,8,356,0,0,0,356
08/21/2022,SJU,PR,ASO,ES,Towers with Radar,186,31,11,2,230,0,43,3,0,46,186,74,14,2,276,0,0,0,276
08/22/2022,SJU,PR,ASO,ES,Towers with Radar,210,71,16,1,298,0,38,15,0,53,210,109,31,1,351,0,0,0,351
08/23/2022,SJU,PR,ASO,ES,Towers with Radar,197,66,15,0,278,0,69,17,2,88,197,135,32,2,366,0,0,0,366
08/24/2022,SJU,PR,ASO,ES,Towers with Radar,207,67,15,0,289,0,63,27,0,90,207,130,42,0,379,4,0,4,383
08/25/2022,SJU,PR,ASO,ES,Towers with Radar,202,77,21,0,300,0,60,17,0,77,202,137,38,0,377,0,0,0,377
08/26/2022,SJU,PR,ASO,ES,Towers with Radar,200,78,13,0,291,0,60,11,2,73,200,138,24,2,364,14,0,14,378
08/27/2022,SJU,PR,ASO,ES,Towers with Radar,212,62,22,6,302,0,39,16,2,57,212,101,38,8,359,0,0,0,359
08/28/2022,SJU,PR,ASO,ES,Towers with Radar,191,27,14,0,232,0,31,0,0,31,191,58,14,0,263,0,0,0,263
08/29/2022,SJU,PR,ASO,ES,Towers with Radar,214,78,25,1,318,0,53,18,3,74,214,131,43,4,392,0,0,0,392
08/30/2022,SJU,PR,ASO,ES,Towers with Radar,203,65,26,1,295,0,68,35,1,104,203,133,61,2,399,10,0,10,409
08/31/2022,SJU,PR,ASO,ES,Towers with Radar,205,81,12,5,303,0,57,23,0,80,205,138,35,5,383,6,0,6,389
09/01/2022,SJU,PR,ASO,ES,Towers with Radar,207,77,21,1,306,0,61,14,1,76,207,138,35,2,382,0,0,0,382
09/02/2022,SJU,PR,ASO,ES,Towers with Radar,207,79,14,2,302,0,62,15,2,79,207,141,29,4,381,0,0,0,381
09/03/2022,SJU,PR,ASO,ES,Towers with Radar,234,45,10,4,293,0,35,8,0,43,234,80,18,4,336,0,0,0,336
09/04/2022,SJU,PR,ASO,ES,Towers with Radar,186,38,13,2,239,0,13,1,0,14,186,51,14,2,253,0,0,0,253
09/05/2022,SJU,PR,ASO,ES,Towers with Radar,190,63,30,1,284,0,21,7,0,28,190,84,37,1,312,0,0,0,312
09/06/2022,SJU,PR,ASO,ES,Towers with Radar,200,70,19,3,292,0,52,7,0,59,200,122,26,3,351,0,0,0,351
09/07/2022,SJU,PR,ASO,ES,Towers with Radar,170,67,16,3,256,0,40,15,1,56,170,107,31,4,312,0,0,0,312
09/08/2022,SJU,PR,ASO,ES,Towers with Radar,172,73,14,2,261,0,63,15,0,78,172,136,29,2,339,4,0,4,343
09/09/2022,SJU,PR,ASO,ES,Towers with Radar,185,72,23,3,283,0,51,20,0,71,185,123,43,3,354,0,0,0,354
09/10/2022,SJU,PR,ASO,ES,Towers with Radar,175,37,13,3,228,0,25,10,2,37,175,62,23,5,265,12,0,12,277
09/11/2022,SJU,PR,ASO,ES,Towers with Radar,159,33,21,5,218,0,31,7,0,38,159,64,28,5,256,0,0,0,256
09/12/2022,SJU,PR,ASO,ES,Towers with Radar,147,67,26,6,246,0,47,23,0,70,147,114,49,6,316,4,0,4,320
09/13/2022,SJU,PR,ASO,ES,Towers with Radar,169,60,19,4,252,0,56,30,0,86,169,116,49,4,338,0,0,0,338
09/14/2022,SJU,PR,ASO,ES,Towers with Radar,164,63,27,3,257,0,45,22,0,67,164,108,49,3,324,0,0,0,324
09/15/2022,SJU,PR,ASO,ES,Towers with Radar,184,74,27,1,286,0,45,13,4,62,184,119,40,5,348,0,0,0,348
09/16/2022,SJU,PR,ASO,ES,Towers with Radar,173,55,23,1,252,0,48,5,0,53,173,103,28,1,305,0,0,0,305
09/17/2022,SJU,PR,ASO,ES,Towers with Radar,138,6,5,0,149,0,0,0,0,0,138,6,5,0,149,0,0,0,149
09/18/2022,SJU,PR,ASO,ES,Towers with Radar,0,0,0,0,0,0,0,0,0,0,0,0,0,0,0,0,0,0,0
09/19/2022,SJU,PR,ASO,ES,Towers with Radar,140,33,21,0,194,0,6,6,0,12,140,39,27,0,206,0,0,0,206
09/20/2022,SJU,PR,ASO,ES,Towers with Radar,201,79,22,1,303,0,53,22,0,75,201,132,44,1,378,0,0,0,378
09/21/2022,SJU,PR,ASO,ES,Towers with Radar,190,64,33,2,289,0,66,29,1,96,190,130,62,3,385,0,0,0,385
09/22/2022,SJU,PR,ASO,ES,Towers with Radar,185,85,21,0,291,0,59,13,0,72,185,144,34,0,363,0,0,0,363
09/23/2022,SJU,PR,ASO,ES,Towers with Radar,175,66,17,2,260,0,52,30,0,82,175,118,47,2,342,0,0,0,342
09/24/2022,SJU,PR,ASO,ES,Towers with Radar,192,33,19,1,245,0,28,26,0,54,192,61,45,1,299,0,0,0,299
09/25/2022,SJU,PR,ASO,ES,Towers with Radar,168,24,15,0,207,0,29,18,0,47,168,53,33,0,254,0,0,0,254
09/26/2022,SJU,PR,ASO,ES,Towers with Radar,156,71,15,2,244,0,51,6,1,58,156,122,21,3,302,0,0,0,302
09/27/2022,SJU,PR,ASO,ES,Towers with Radar,165,64,25,1,255,0,52,23,1,76,165,116,48,2,331,2,0,2,333
09/28/2022,SJU,PR,ASO,ES,Towers with Radar,124,64,16,4,208,0,40,28,1,69,124,104,44,5,277,0,0,0,277
09/29/2022,SJU,PR,ASO,ES,Towers with Radar,130,71,10,1,212,0,42,16,2,60,130,113,26,3,272,0,0,0,272
09/30/2022,SJU,PR,ASO,ES,Towers with Radar,150,68,16,1,235,0,40,25,1,66,150,108,41,2,301,0,0,0,301
10/01/2022,SJU,PR,ASO,ES,Towers with Radar,175,39,13,5,232,0,31,10,3,44,175,70,23,8,276,0,0,0,276
10/02/2022,SJU,PR,ASO,ES,Towers with Radar,150,25,14,4,193,0,32,9,0,41,150,57,23,4,234,0,0,0,234
10/03/2022,SJU,PR,ASO,ES,Towers with Radar,157,75,12,3,247,0,47,20,2,69,157,122,32,5,316,0,0,0,316
10/04/2022,SJU,PR,ASO,ES,Towers with Radar,189,68,27,6,290,0,56,40,1,97,189,124,67,7,387,0,0,0,387
10/05/2022,SJU,PR,ASO,ES,Towers with Radar,174,64,14,0,252,0,34,20,2,56,174,98,34,2,308,0,0,0,308
10/06/2022,SJU,PR,ASO,ES,Towers with Radar,179,73,28,2,282,0,53,24,6,83,179,126,52,8,365,0,0,0,365
10/07/2022,SJU,PR,ASO,ES,Towers with Radar,190,77,17,2,286,0,51,19,2,72,190,128,36,4,358,0,0,0,358
10/08/2022,SJU,PR,ASO,ES,Towers with Radar,192,40,12,0,244,0,37,12,1,50,192,77,24,1,294,0,0,0,294
10/09/2022,SJU,PR,ASO,ES,Towers with Radar,168,36,18,0,222,0,34,4,2,40,168,70,22,2,262,0,0,0,262
10/10/2022,SJU,PR,ASO,ES,Towers with Radar,166,60,23,5,254,0,52,9,1,62,166,112,32,6,316,0,0,0,316
10/11/2022,SJU,PR,ASO,ES,Towers with Radar,189,70,13,3,275,0,43,31,3,77,189,113,44,6,352,0,0,0,352
10/12/2022,SJU,PR,ASO,ES,Towers with Radar,186,84,25,1,296,0,55,31,1,87,186,139,56,2,383,0,0,0,383
10/13/2022,SJU,PR,ASO,ES,Towers with Radar,185,90,20,0,295,0,42,26,0,68,185,132,46,0,363,18,0,18,381
10/14/2022,SJU,PR,ASO,ES,Towers with Radar,182,89,18,0,289,0,52,18,0,70,182,141,36,0,359,0,0,0,359
10/15/2022,SJU,PR,ASO,ES,Towers with Radar,193,46,16,0,255,0,38,16,0,54,193,84,32,0,309,0,0,0,309
10/16/2022,SJU,PR,ASO,ES,Towers with Radar,164,41,12,0,217,0,52,7,1,60,164,93,19,1,277,14,0,14,291
10/17/2022,SJU,PR,ASO,ES,Towers with Radar,175,84,24,1,284,0,74,17,0,91,175,158,41,1,375,3,1,4,379
10/18/2022,SJU,PR,ASO,ES,Towers with Radar,171,65,21,0,257,0,64,28,0,92,171,129,49,0,349,0,0,0,349
10/19/2022,SJU,PR,ASO,ES,Towers with Radar,187,75,16,5,283,0,41,16,4,61,187,116,32,9,344,0,0,0,344
10/20/2022,SJU,PR,ASO,ES,Towers with Radar,172,85,22,4,283,0,51,14,0,65,172,136,36,4,348,0,0,0,348
10/21/2022,SJU,PR,ASO,ES,Towers with Radar,182,84,19,0,285,0,59,18,1,78,182,143,37,1,363,10,0,10,373
10/22/2022,SJU,PR,ASO,ES,Towers with Radar,200,47,16,0,263,0,28,7,0,35,200,75,23,0,298,0,0,0,298
10/23/2022,SJU,PR,ASO,ES,Towers with Radar,166,31,12,0,209,0,49,1,0,50,166,80,13,0,259,0,0,0,259
10/24/2022,SJU,PR,ASO,ES,Towers with Radar,171,67,18,2,258,0,59,13,4,76,171,126,31,6,334,0,0,0,334
10/25/2022,SJU,PR,ASO,ES,Towers with Radar,182,79,12,1,274,0,81,23,1,105,182,160,35,2,379,0,0,0,379
10/26/2022,SJU,PR,ASO,ES,Towers with Radar,179,80,18,4,281,0,16,0,0,16,179,96,18,4,297,22,0,22,319
10/27/2022,SJU,PR,ASO,ES,Towers with Radar,196,121,13,2,332,0,32,12,0,44,196,153,25,2,376,4,0,4,380
10/28/2022,SJU,PR,ASO,ES,Towers with Radar,196,86,18,0,300,0,73,17,0,90,196,159,35,0,390,0,0,0,390
10/29/2022,SJU,PR,ASO,ES,Towers with Radar,196,54,13,0,263,0,57,8,0,65,196,111,21,0,328,0,0,0,328
10/30/2022,SJU,PR,ASO,ES,Towers with Radar,177,53,17,0,247,0,46,6,0,52,177,99,23,0,299,0,0,0,299
10/31/2022,SJU,PR,ASO,ES,Towers with Radar,185,97,18,0,300,0,56,6,0,62,185,153,24,0,362,8,0,8,370
11/01/2022,SJU,PR,ASO,ES,Towers with Radar,190,84,20,0,294,0,61,16,1,78,190,145,36,1,372,0,0,0,372
11/02/2022,SJU,PR,ASO,ES,Towers with Radar,190,89,19,1,299,0,68,16,0,84,190,157,35,1,383,0,0,0,383
11/03/2022,SJU,PR,ASO,ES,Towers with Radar,187,81,29,2,299,0,72,20,3,95,187,153,49,5,394,2,0,2,396
11/04/2022,SJU,PR,ASO,ES,Towers with Radar,203,102,15,3,323,0,56,10,1,67,203,158,25,4,390,0,0,0,390
11/05/2022,SJU,PR,ASO,ES,Towers with Radar,207,71,6,5,289,0,31,3,0,34,207,102,9,5,323,0,0,0,323
11/06/2022,SJU,PR,ASO,ES,Towers with Radar,190,54,21,2,267,0,46,13,0,59,190,100,34,2,326,0,0,0,326
11/07/2022,SJU,PR,ASO,ES,Towers with Radar,207,99,12,1,319,0,59,3,0,62,207,158,15,1,381,0,0,0,381
11/08/2022,SJU,PR,ASO,ES,Towers with Radar,233,84,23,1,341,0,72,14,0,86,233,156,37,1,427,12,0,12,439
11/09/2022,SJU,PR,ASO,ES,Towers with Radar,218,85,21,0,324,0,69,18,0,87,218,154,39,0,411,0,0,0,411
11/10/2022,SJU,PR,ASO,ES,Towers with Radar,170,88,17,0,275,0,78,32,0,110,170,166,49,0,385,0,0,0,385
11/11/2022,SJU,PR,ASO,ES,Towers with Radar,197,81,17,1,296,0,65,13,1,79,197,146,30,2,375,0,0,0,375
11/12/2022,SJU,PR,ASO,ES,Towers with Radar,227,45,26,0,298,0,64,13,0,77,227,109,39,0,375,0,0,0,375
11/13/2022,SJU,PR,ASO,ES,Towers with Radar,199,48,35,0,282,0,59,13,0,72,199,107,48,0,354,0,0,0,354
11/14/2022,SJU,PR,ASO,ES,Towers with Radar,210,89,27,1,327,0,72,22,2,96,210,161,49,3,423,0,0,0,423
11/15/2022,SJU,PR,ASO,ES,Towers with Radar,239,96,24,0,359,0,85,25,0,110,239,181,49,0,469,10,0,10,479
11/16/2022,SJU,PR,ASO,ES,Towers with Radar,219,74,25,2,320,0,71,41,3,115,219,145,66,5,435,14,0,14,449
11/17/2022,SJU,PR,ASO,ES,Towers with Radar,211,103,18,1,333,0,84,19,0,103,211,187,37,1,436,0,0,0,436
11/18/2022,SJU,PR,ASO,ES,Towers with Radar,217,84,35,3,339,0,100,26,0,126,217,184,61,3,465,0,0,0,465
11/19/2022,SJU,PR,ASO,ES,Towers with Radar,237,60,20,1,318,0,88,30,0,118,237,148,50,1,436,0,0,0,436
11/20/2022,SJU,PR,ASO,ES,Towers with Radar,208,57,19,0,284,0,74,18,0,92,208,131,37,0,376,0,0,0,376
11/21/2022,SJU,PR,ASO,ES,Towers with Radar,216,98,22,1,337,0,87,20,1,108,216,185,42,2,445,0,0,0,445
11/22/2022,SJU,PR,ASO,ES,Towers with Radar,225,84,29,1,339,0,81,18,1,100,225,165,47,2,439,2,2,4,443
11/23/2022,SJU,PR,ASO,ES,Towers with Radar,223,78,23,1,325,0,81,17,8,106,223,159,40,9,431,0,0,0,431
11/24/2022,SJU,PR,ASO,ES,Towers with Radar,176,66,7,0,249,0,57,8,0,65,176,123,15,0,314,0,0,0,314
11/25/2022,SJU,PR,ASO,ES,Towers with Radar,204,91,8,0,303,0,82,14,0,96,204,173,22,0,399,0,0,0,399
11/26/2022,SJU,PR,ASO,ES,Towers with Radar,236,54,16,0,306,0,91,20,0,111,236,145,36,0,417,0,0,0,417
11/27/2022,SJU,PR,ASO,ES,Towers with Radar,202,63,38,0,303,0,87,32,0,119,202,150,70,0,422,0,0,0,422
11/28/2022,SJU,PR,ASO,ES,Towers with Radar,218,88,31,4,341,0,93,27,0,120,218,181,58,4,461,0,0,0,461
11/29/2022,SJU,PR,ASO,ES,Towers with Radar,231,92,40,0,363,0,77,19,0,96,231,169,59,0,459,0,0,0,459
11/30/2022,SJU,PR,ASO,ES,Towers with Radar,234,89,21,0,344,0,84,29,1,114,234,173,50,1,458,9,1,10,468
12/01/2022,SJU,PR,ASO,ES,Towers with Radar,212,99,19,0,330,0,97,25,2,124,212,196,44,2,454,0,0,0,454
12/02/2022,SJU,PR,ASO,ES,Towers with Radar,214,84,26,0,324,0,92,21,0,113,214,176,47,0,437,5,0,5,442
12/03/2022,SJU,PR,ASO,ES,Towers with Radar,247,54,14,0,315,0,68,14,0,82,247,122,28,0,397,0,0,0,397
12/04/2022,SJU,PR,ASO,ES,Towers with Radar,206,57,14,1,278,0,73,15,0,88,206,130,29,1,366,0,0,0,366
12/05/2022,SJU,PR,ASO,ES,Towers with Radar,228,95,19,0,342,0,77,12,0,89,228,172,31,0,431,0,0,0,431
12/06/2022,SJU,PR,ASO,ES,Towers with Radar,215,92,30,0,337,0,93,21,0,114,215,185,51,0,451,0,0,0,451
12/07/2022,SJU,PR,ASO,ES,Towers with Radar,226,76,25,0,327,0,67,19,0,86,226,143,44,0,413,0,1,1,414
12/08/2022,SJU,PR,ASO,ES,Towers with Radar,211,96,25,5,337,0,95,23,2,120,211,191,48,7,457,2,0,2,459
12/09/2022,SJU,PR,ASO,ES,Towers with Radar,231,78,23,2,334,0,97,14,0,111,231,175,37,2,445,0,0,0,445
12/10/2022,SJU,PR,ASO,ES,Towers with Radar,233,58,9,1,301,0,82,12,1,95,233,140,21,2,396,0,0,0,396
12/11/2022,SJU,PR,ASO,ES,Towers with Radar,210,46,14,0,270,0,78,10,0,88,210,124,24,0,358,3,2,5,363
12/12/2022,SJU,PR,ASO,ES,Towers with Radar,221,80,18,1,320,0,87,11,1,99,221,167,29,2,419,0,0,0,419
12/13/2022,SJU,PR,ASO,ES,Towers with Radar,233,95,16,4,348,0,76,14,3,93,233,171,30,7,441,0,0,0,441
12/14/2022,SJU,PR,ASO,ES,Towers with Radar,231,92,21,1,345,0,91,23,2,116,231,183,44,3,461,0,0,0,461
12/15/2022,SJU,PR,ASO,ES,Towers with Radar,231,102,21,0,354,0,94,28,0,122,231,196,49,0,476,0,0,0,476
12/16/2022,SJU,PR,ASO,ES,Towers with Radar,247,99,25,0,371,0,94,21,0,115,247,193,46,0,486,0,0,0,486
12/17/2022,SJU,PR,ASO,ES,Towers with Radar,265,97,22,2,386,0,66,11,0,77,265,163,33,2,463,0,0,0,463
12/18/2022,SJU,PR,ASO,ES,Towers with Radar,239,51,33,0,323,0,76,15,0,91,239,127,48,0,414,0,0,0,414
12/19/2022,SJU,PR,ASO,ES,Towers with Radar,235,98,25,1,359,0,84,26,0,110,235,182,51,1,469,0,0,0,469
12/20/2022,SJU,PR,ASO,ES,Towers with Radar,229,95,32,1,357,0,71,24,2,97,229,166,56,3,454,0,0,0,454
12/21/2022,SJU,PR,ASO,ES,Towers with Radar,247,82,33,4,366,0,59,19,0,78,247,141,52,4,444,0,0,0,444
12/22/2022,SJU,PR,ASO,ES,Towers with Radar,239,95,33,12,379,0,84,19,16,119,239,179,52,28,498,0,0,0,498
12/23/2022,SJU,PR,ASO,ES,Towers with Radar,230,97,29,0,356,0,97,12,0,109,230,194,41,0,465,0,0,0,465
12/24/2022,SJU,PR,ASO,ES,Towers with Radar,228,55,16,0,299,0,82,17,0,99,228,137,33,0,398,0,0,0,398
12/25/2022,SJU,PR,ASO,ES,Towers with Radar,189,32,12,0,233,0,62,5,0,67,189,94,17,0,300,0,0,0,300
12/26/2022,SJU,PR,ASO,ES,Towers with Radar,181,75,62,0,318,0,80,28,0,108,181,155,90,0,426,0,0,0,426
12/27/2022,SJU,PR,ASO,ES,Towers with Radar,244,95,58,4,401,0,101,38,0,139,244,196,96,4,540,0,0,0,540
12/28/2022,SJU,PR,ASO,ES,Towers with Radar,248,97,53,6,404,0,66,11,0,77,248,163,64,6,481,7,4,11,492
12/29/2022,SJU,PR,ASO,ES,Towers with Radar,254,99,42,7,402,0,96,16,11,123,254,195,58,18,525,0,0,0,525
12/30/2022,SJU,PR,ASO,ES,Towers with Radar,260,111,26,11,408,0,93,17,6,116,260,204,43,17,524,0,0,0,524
12/31/2022,SJU,PR,ASO,ES,Towers with Radar,267,47,17,23,354,0,91,15,2,108,267,138,32,25,462,0,0,0,462
01/01/2023,SJU,PR,ASO,ES,Towers with Radar,228,54,35,8,325,0,108,19,0,127,228,162,54,8,452,0,0,0,452
01/02/2023,SJU,PR,ASO,ES,Towers with Radar,255,85,90,9,439,18,111,51,0,180,273,196,141,9,619,0,0,0,619
01/03/2023,SJU,PR,ASO,ES,Towers with Radar,253,100,47,11,411,0,121,29,1,151,253,221,76,12,562,0,0,0,562
01/04/2023,SJU,PR,ASO,ES,Towers with Radar,225,112,51,1,389,0,66,17,2,85,225,178,68,3,474,0,0,0,474
01/05/2023,SJU,PR,ASO,ES,Towers with Radar,255,97,13,4,369,0,104,13,1,118,255,201,26,5,487,8,0,8,495
01/06/2023,SJU,PR,ASO,ES,Towers with Radar,246,70,31,0,347,0,114,11,0,125,246,184,42,0,472,0,0,0,472
01/07/2023,SJU,PR,ASO,ES,Towers with Radar,262,94,27,9,392,0,78,16,2,96,262,172,43,11,488,0,0,0,488
01/08/2023,SJU,PR,ASO,ES,Towers with Radar,232,65,25,4,326,0,91,6,0,97,232,156,31,4,423,0,0,0,423
01/09/2023,SJU,PR,ASO,ES,Towers with Radar,231,94,29,0,354,0,103,13,0,116,231,197,42,0,470,8,0,8,478
01/10/2023,SJU,PR,ASO,ES,Towers with Radar,268,93,30,1,392,0,118,22,0,140,268,211,52,1,532,0,0,0,532
01/11/2023,SJU,PR,ASO,ES,Towers with Radar,227,76,29,3,335,0,83,24,1,108,227,159,53,4,443,0,0,0,443
01/12/2023,SJU,PR,ASO,ES,Towers with Radar,226,101,39,1,367,0,88,25,1,114,226,189,64,2,481,0,0,0,481
01/13/2023,SJU,PR,ASO,ES,Towers with Radar,211,96,36,7,350,0,83,22,1,106,211,179,58,8,456,0,0,0,456
01/14/2023,SJU,PR,ASO,ES,Towers with Radar,265,76,20,1,362,0,71,11,3,85,265,147,31,4,447,4,0,4,451
01/15/2023,SJU,PR,ASO,ES,Towers with Radar,226,69,26,0,321,0,75,7,0,82,226,144,33,0,403,0,0,0,403
01/16/2023,SJU,PR,ASO,ES,Towers with Radar,237,134,35,1,407,0,64,6,0,70,237,198,41,1,477,0,0,0,477
01/17/2023,SJU,PR,ASO,ES,Towers with Radar,220,84,13,1,318,0,97,19,0,116,220,181,32,1,434,0,0,0,434
01/18/2023,SJU,PR,ASO,ES,Towers with Radar,215,73,17,1,306,0,71,17,0,88,215,144,34,1,394,0,0,0,394
01/19/2023,SJU,PR,ASO,ES,Towers with Radar,225,85,19,3,332,0,83,13,1,97,225,168,32,4,429,0,0,0,429
01/20/2023,SJU,PR,ASO,ES,Towers with Radar,228,91,23,1,343,0,90,15,0,105,228,181,38,1,448,0,0,0,448
01/21/2023,SJU,PR,ASO,ES,Towers with Radar,250,47,16,3,316,0,81,10,2,93,250,128,26,5,409,0,0,0,409
01/22/2023,SJU,PR,ASO,ES,Towers with Radar,208,46,21,0,275,0,79,2,0,81,208,125,23,0,356,0,0,0,356
01/23/2023,SJU,PR,ASO,ES,Towers with Radar,213,86,18,0,317,0,80,8,0,88,213,166,26,0,405,0,0,0,405
01/24/2023,SJU,PR,ASO,ES,Towers with Radar,221,77,24,1,323,0,98,22,3,123,221,175,46,4,446,6,0,6,452
01/25/2023,SJU,PR,ASO,ES,Towers with Radar,224,83,36,1,344,0,84,27,0,111,224,167,63,1,455,0,0,0,455
01/26/2023,SJU,PR,ASO,ES,Towers with Radar,219,95,39,1,354,0,85,36,1,122,219,180,75,2,476,0,0,0,476
01/27/2023,SJU,PR,ASO,ES,Towers with Radar,215,76,42,0,333,0,73,22,0,95,215,149,64,0,428,0,0,0,428
01/28/2023,SJU,PR,ASO,ES,Towers with Radar,261,75,36,3,375,0,80,18,1,99,261,155,54,4,474,0,0,0,474
01/29/2023,SJU,PR,ASO,ES,Towers with Radar,229,55,35,1,320,0,72,20,0,92,229,127,55,1,412,0,0,0,412
01/30/2023,SJU,PR,ASO,ES,Towers with Radar,219,98,10,0,327,0,85,10,0,95,219,183,20,0,422,0,0,0,422
01/31/2023,SJU,PR,ASO,ES,Towers with Radar,196,73,21,5,295,0,76,23,0,99,196,149,44,5,394,0,0,0,394
02/01/2023,SJU,PR,ASO,ES,Towers with Radar,206,89,27,4,326,0,88,21,3,112,206,177,48,7,438,0,0,0,438
02/02/2023,SJU,PR,ASO,ES,Towers with Radar,222,87,20,1,330,0,98,26,1,125,222,185,46,2,455,0,0,0,455
02/03/2023,SJU,PR,ASO,ES,Towers with Radar,217,90,33,3,343,0,91,45,1,137,217,181,78,4,480,4,0,4,484
02/04/2023,SJU,PR,ASO,ES,Towers with Radar,247,75,33,2,357,0,69,14,0,83,247,144,47,2,440,0,0,0,440
02/05/2023,SJU,PR,ASO,ES,Towers with Radar,212,74,23,2,311,0,68,10,0,78,212,142,33,2,389,0,0,0,389
02/06/2023,SJU,PR,ASO,ES,Towers with Radar,212,84,20,3,319,0,104,18,0,122,212,188,38,3,441,0,0,0,441
02/07/2023,SJU,PR,ASO,ES,Towers with Radar,220,91,30,2,343,0,115,24,1,140,220,206,54,3,483,0,0,0,483
02/08/2023,SJU,PR,ASO,ES,Towers with Radar,200,83,34,6,323,0,90,21,0,111,200,173,55,6,434,0,0,0,434
02/09/2023,SJU,PR,ASO,ES,Towers with Radar,198,102,34,2,336,0,86,34,2,122,198,188,68,4,458,0,0,0,458
02/10/2023,SJU,PR,ASO,ES,Towers with Radar,208,87,24,5,324,0,89,11,0,100,208,176,35,5,424,0,0,0,424
02/11/2023,SJU,PR,ASO,ES,Towers with Radar,253,56,16,3,328,0,99,21,0,120,253,155,37,3,448,0,0,0,448
02/12/2023,SJU,PR,ASO,ES,Towers with Radar,209,56,14,5,284,0,92,3,0,95,209,148,17,5,379,4,1,5,384
02/13/2023,SJU,PR,ASO,ES,Towers with Radar,197,92,31,2,322,3,77,17,1,98,200,169,48,3,420,0,0,0,420
02/14/2023,SJU,PR,ASO,ES,Towers with Radar,222,83,16,5,326,0,105,16,1,122,222,188,32,6,448,2,0,2,450
02/15/2023,SJU,PR,ASO,ES,Towers with Radar,213,69,43,2,327,0,86,36,0,122,213,155,79,2,449,0,0,0,449
02/16/2023,SJU,PR,ASO,ES,Towers with Radar,207,107,39,10,363,0,77,31,1,109,207,184,70,11,472,0,0,0,472
02/17/2023,SJU,PR,ASO,ES,Towers with Radar,227,100,41,7,375,0,106,22,2,130,227,206,63,9,505,0,0,0,505
02/18/2023,SJU,PR,ASO,ES,Towers with Radar,238,53,25,8,324,0,90,20,6,116,238,143,45,14,440,0,0,0,440
02/19/2023,SJU,PR,ASO,ES,Towers with Radar,231,54,34,1,320,0,89,8,0,97,231,143,42,1,417,0,0,0,417
02/20/2023,SJU,PR,ASO,ES,Towers with Radar,189,70,23,10,292,0,86,20,2,108,189,156,43,12,400,6,0,6,406
02/21/2023,SJU,PR,ASO,ES,Towers with Radar,206,97,34,13,350,0,98,39,6,143,206,195,73,19,493,19,3,22,515
02/22/2023,SJU,PR,ASO,ES,Towers with Radar,206,86,36,11,339,0,98,19,6,123,206,184,55,17,462,2,0,2,464
02/23/2023,SJU,PR,ASO,ES,Towers with Radar,204,102,25,25,356,0,97,20,16,133,204,199,45,41,489,0,0,0,489
02/24/2023,SJU,PR,ASO,ES,Towers with Radar,215,85,29,25,354,0,117,22,6,145,215,202,51,31,499,4,0,4,503
02/25/2023,SJU,PR,ASO,ES,Towers with Radar,230,63,21,23,337,0,108,16,1,125,230,171,37,24,462,0,0,0,462
02/26/2023,SJU,PR,ASO,ES,Towers with Radar,222,59,28,4,313,0,123,8,4,135,222,182,36,8,448,0,0,0,448
02/27/2023,SJU,PR,ASO,ES,Towers with Radar,187,97,13,5,302,0,101,15,0,116,187,198,28,5,418,2,0,2,420
02/28/2023,SJU,PR,ASO,ES,Towers with Radar,217,79,24,8,328,0,103,23,2,128,217,182,47,10,456,4,0,4,460
03/01/2023,SJU,PR,ASO,ES,Towers with Radar,206,89,39,2,336,0,91,22,0,113,206,180,61,2,449,2,0,2,451
03/02/2023,SJU,PR,ASO,ES,Towers with Radar,214,97,25,8,344,0,96,16,2,114,214,193,41,10,458,0,0,0,458
03/03/2023,SJU,PR,ASO,ES,Towers with Radar,218,89,29,3,339,0,63,19,1,83,218,152,48,4,422,9,0,9,431
03/04/2023,SJU,PR,ASO,ES,Towers with Radar,253,57,13,5,328,0,83,6,0,89,253,140,19,5,417,0,0,0,417
03/05/2023,SJU,PR,ASO,ES,Towers with Radar,218,58,25,5,306,0,77,12,0,89,218,135,37,5,395,1,0,1,396
03/06/2023,SJU,PR,ASO,ES,Towers with Radar,200,90,28,0,318,0,88,24,0,112,200,178,52,0,430,0,0,0,430
03/07/2023,SJU,PR,ASO,ES,Towers with Radar,221,79,28,1,329,0,94,25,0,119,221,173,53,1,448,4,0,4,452
03/08/2023,SJU,PR,ASO,ES,Towers with Radar,209,85,39,7,340,0,90,44,3,137,209,175,83,10,477,0,0,0,477
03/09/2023,SJU,PR,ASO,ES,Towers with Radar,222,109,29,0,360,0,93,25,0,118,222,202,54,0,478,0,0,0,478
03/10/2023,SJU,PR,ASO,ES,Towers with Radar,227,95,25,2,349,0,92,26,4,122,227,187,51,6,471,0,0,0,471
03/11/2023,SJU,PR,ASO,ES,Towers with Radar,245,65,33,0,343,9,99,11,0,119,254,164,44,0,462,0,0,0,462
03/12/2023,SJU,PR,ASO,ES,Towers with Radar,217,58,31,0,306,0,95,15,0,110,217,153,46,0,416,0,0,0,416
03/13/2023,SJU,PR,ASO,ES,Towers with Radar,213,101,17,0,331,0,112,6,1,119,213,213,23,1,450,0,0,0,450
03/14/2023,SJU,PR,ASO,ES,Towers with Radar,222,80,20,0,322,0,95,23,0,118,222,175,43,0,440,0,0,0,440
03/15/2023,SJU,PR,ASO,ES,Towers with Radar,218,99,25,7,349,0,69,21,1,91,218,168,46,8,440,0,0,0,440
03/16/2023,SJU,PR,ASO,ES,Towers with Radar,237,110,25,0,372,0,96,22,2,120,237,206,47,2,492,0,0,0,492
03/17/2023,SJU,PR,ASO,ES,Towers with Radar,214,113,26,0,353,0,72,32,1,105,214,185,58,1,458,0,0,0,458
03/18/2023,SJU,PR,ASO,ES,Towers with Radar,249,74,31,0,354,0,105,33,0,138,249,179,64,0,492,0,0,0,492
03/19/2023,SJU,PR,ASO,ES,Towers with Radar,222,51,24,0,297,0,123,17,0,140,222,174,41,0,437,6,0,6,443
03/20/2023,SJU,PR,ASO,ES,Towers with Radar,200,91,26,0,317,0,103,15,0,118,200,194,41,0,435,1,0,1,436
03/21/2023,SJU,PR,ASO,ES,Towers with Radar,229,85,30,2,346,0,104,32,0,136,229,189,62,2,482,0,0,0,482
03/22/2023,SJU,PR,ASO,ES,Towers with Radar,216,89,23,1,329,0,102,28,0,130,216,191,51,1,459,0,0,0,459
03/23/2023,SJU,PR,ASO,ES,Towers with Radar,215,98,36,1,350,0,76,29,0,105,215,174,65,1,455,0,0,0,455
03/24/2023,SJU,PR,ASO,ES,Towers with Radar,223,84,26,1,334,0,94,31,0,125,223,178,57,1,459,0,0,0,459
03/25/2023,SJU,PR,ASO,ES,Towers with Radar,202,43,16,0,261,0,105,14,2,121,202,148,30,2,382,0,0,0,382
03/26/2023,SJU,PR,ASO,ES,Towers with Radar,215,58,23,1,297,0,105,12,1,118,215,163,35,2,415,0,0,0,415
03/27/2023,SJU,PR,ASO,ES,Towers with Radar,197,96,15,1,309,0,87,17,2,106,197,183,32,3,415,0,0,0,415
03/28/2023,SJU,PR,ASO,ES,Towers with Radar,204,92,32,0,328,0,102,51,0,153,204,194,83,0,481,11,0,11,492
03/29/2023,SJU,PR,ASO,ES,Towers with Radar,203,90,24,7,324,0,97,21,3,121,203,187,45,10,445,0,0,0,445
03/30/2023,SJU,PR,ASO,ES,Towers with Radar,215,86,19,1,321,0,74,38,0,112,215,160,57,1,433,0,0,0,433
03/31/2023,SJU,PR,ASO,ES,Towers with Radar,210,92,40,1,343,0,91,32,0,123,210,183,72,1,466,0,0,0,466
04/01/2023,SJU,PR,ASO,ES,Towers with Radar,243,62,36,0,341,0,102,21,0,123,243,164,57,0,464,0,0,0,464
04/02/2023,SJU,PR,ASO,ES,Towers with Radar,208,56,28,0,292,1,100,8,0,109,209,156,36,0,401,0,0,0,401
04/03/2023,SJU,PR,ASO,ES,Towers with Radar,196,100,23,0,319,0,87,21,0,108,196,187,44,0,427,0,0,0,427
04/04/2023,SJU,PR,ASO,ES,Towers with Radar,212,88,31,1,332,5,98,28,0,131,217,186,59,1,463,0,0,0,463
04/05/2023,SJU,PR,ASO,ES,Towers with Radar,203,91,23,0,317,0,69,14,1,84,203,160,37,1,401,0,0,0,401
04/06/2023,SJU,PR,ASO,ES,Towers with Radar,215,135,33,1,384,0,77,27,1,105,215,212,60,2,489,0,0,0,489
04/07/2023,SJU,PR,ASO,ES,Towers with Radar,211,64,25,0,300,0,78,8,0,86,211,142,33,0,386,0,0,0,386
04/08/2023,SJU,PR,ASO,ES,Towers with Radar,254,82,27,1,364,0,62,12,0,74,254,144,39,1,438,0,0,0,438
04/09/2023,SJU,PR,ASO,ES,Towers with Radar,224,67,25,0,316,0,91,20,0,111,224,158,45,0,427,0,0,0,427
04/10/2023,SJU,PR,ASO,ES,Towers with Radar,191,81,27,3,302,0,118,14,4,136,191,199,41,7,438,4,0,4,442
04/11/2023,SJU,PR,ASO,ES,Towers with Radar,211,102,25,0,338,0,119,11,5,135,211,221,36,5,473,12,0,12,485
04/12/2023,SJU,PR,ASO,ES,Towers with Radar,198,83,17,0,298,0,92,26,3,121,198,175,43,3,419,0,0,0,419
04/13/2023,SJU,PR,ASO,ES,Towers with Radar,191,113,25,3,332,0,91,18,2,111,191,204,43,5,443,0,0,0,443
04/14/2023,SJU,PR,ASO,ES,Towers with Radar,214,90,27,2,333,0,90,24,0,114,214,180,51,2,447,0,0,0,447
04/15/2023,SJU,PR,ASO,ES,Towers with Radar,227,58,13,1,299,0,95,18,0,113,227,153,31,1,412,0,0,0,412
04/16/2023,SJU,PR,ASO,ES,Towers with Radar,192,42,15,0,249,0,87,6,0,93,192,129,21,0,342,14,0,14,356
04/17/2023,SJU,PR,ASO,ES,Towers with Radar,203,91,32,0,326,0,99,30,0,129,203,190,62,0,455,3,0,3,458
04/18/2023,SJU,PR,ASO,ES,Towers with Radar,208,86,27,8,329,0,100,28,1,129,208,186,55,9,458,2,0,2,460
04/19/2023,SJU,PR,ASO,ES,Towers with Radar,221,86,25,2,334,0,98,27,0,125,221,184,52,2,459,0,0,0,459
04/20/2023,SJU,PR,ASO,ES,Towers with Radar,205,90,24,5,324,0,94,24,0,118,205,184,48,5,442,0,0,0,442
04/21/2023,SJU,PR,ASO,ES,Towers with Radar,227,89,17,2,335,0,82,26,1,109,227,171,43,3,444,0,0,0,444
04/22/2023,SJU,PR,ASO,ES,Towers with Radar,234,50,11,5,300,0,81,26,1,108,234,131,37,6,408,0,0,0,408
04/23/2023,SJU,PR,ASO,ES,Towers with Radar,210,72,12,1,295,0,70,19,0,89,210,142,31,1,384,4,0,4,388
04/24/2023,SJU,PR,ASO,ES,Towers with Radar,217,90,29,4,340,0,96,23,1,120,217,186,52,5,460,1,0,1,461
04/25/2023,SJU,PR,ASO,ES,Towers with Radar,215,77,34,2,328,0,108,30,1,139,215,185,64,3,467,0,0,0,467
04/26/2023,SJU,PR,ASO,ES,Towers with Radar,218,84,12,1,315,0,91,21,0,112,218,175,33,1,427,0,0,0,427
04/27/2023,SJU,PR,ASO,ES,Towers with Radar,214,86,37,2,339,0,82,18,1,101,214,168,55,3,440,0,0,0,440
04/28/2023,SJU,PR,ASO,ES,Towers with Radar,209,82,26,9,326,0,84,18,2,104,209,166,44,11,430,0,0,0,430
04/29/2023,SJU,PR,ASO,ES,Towers with Radar,244,56,18,0,318,0,71,27,0,98,244,127,45,0,416,14,0,14,430
04/30/2023,SJU,PR,ASO,ES,Towers with Radar,194,50,20,0,264,0,77,6,0,83,194,127,26,0,347,0,0,0,347
05/01/2023,SJU,PR,ASO,ES,Towers with Radar,197,66,24,3,290,0,81,12,1,94,197,147,36,4,384,1,1,2,386
05/02/2023,SJU,PR,ASO,ES,Towers with Radar,218,79,18,9,324,0,84,11,0,95,218,163,29,9,419,6,0,6,425
05/03/2023,SJU,PR,ASO,ES,Towers with Radar,207,83,25,11,326,0,84,16,5,105,207,167,41,16,431,34,0,34,465
05/04/2023,SJU,PR,ASO,ES,Towers with Radar,212,83,13,5,313,0,96,10,2,108,212,179,23,7,421,0,0,0,421
05/05/2023,SJU,PR,ASO,ES,Towers with Radar,232,91,24,6,353,0,77,31,0,108,232,168,55,6,461,23,0,23,484
05/06/2023,SJU,PR,ASO,ES,Towers with Radar,268,41,10,7,326,0,64,10,0,74,268,105,20,7,400,0,0,0,400
05/07/2023,SJU,PR,ASO,ES,Towers with Radar,241,46,26,0,313,0,79,7,0,86,241,125,33,0,399,0,0,0,399
05/08/2023,SJU,PR,ASO,ES,Towers with Radar,231,88,24,0,343,0,72,13,0,85,231,160,37,0,428,0,0,0,428
05/09/2023,SJU,PR,ASO,ES,Towers with Radar,266,74,27,2,369,0,72,19,1,92,266,146,46,3,461,10,0,10,471
05/10/2023,SJU,PR,ASO,ES,Towers with Radar,241,80,25,0,346,0,73,33,0,106,241,153,58,0,452,1,0,1,453
05/11/2023,SJU,PR,ASO,ES,Towers with Radar,244,95,23,0,362,0,92,20,0,112,244,187,43,0,474,0,0,0,474
05/12/2023,SJU,PR,ASO,ES,Towers with Radar,247,97,18,1,363,0,83,22,0,105,247,180,40,1,468,0,0,0,468
05/13/2023,SJU,PR,ASO,ES,Towers with Radar,269,66,24,1,360,0,59,7,0,66,269,125,31,1,426,0,0,0,426
05/14/2023,SJU,PR,ASO,ES,Towers with Radar,248,53,13,0,314,0,67,5,0,72,248,120,18,0,386,0,0,0,386
05/15/2023,SJU,PR,ASO,ES,Towers with Radar,234,102,24,2,362,0,74,6,2,82,234,176,30,4,444,0,0,0,444
05/16/2023,SJU,PR,ASO,ES,Towers with Radar,246,75,18,3,342,0,97,17,1,115,246,172,35,4,457,4,0,4,461
05/17/2023,SJU,PR,ASO,ES,Towers with Radar,238,86,17,6,347,0,64,19,7,90,238,150,36,13,437,6,0,6,443
05/18/2023,SJU,PR,ASO,ES,Towers with Radar,246,77,20,2,345,0,73,12,0,85,246,150,32,2,430,0,0,0,430
05/19/2023,SJU,PR,ASO,ES,Towers with Radar,248,90,21,0,359,3,85,9,1,98,251,175,30,1,457,0,0,0,457
05/20/2023,SJU,PR,ASO,ES,Towers with Radar,285,46,17,0,348,0,64,4,0,68,285,110,21,0,416,8,0,8,424
05/21/2023,SJU,PR,ASO,ES,Towers with Radar,238,50,14,1,303,0,79,10,0,89,238,129,24,1,392,0,0,0,392
05/22/2023,SJU,PR,ASO,ES,Towers with Radar,212,112,23,3,350,0,85,5,1,91,212,197,28,4,441,2,0,2,443
05/23/2023,SJU,PR,ASO,ES,Towers with Radar,242,82,20,1,345,0,71,15,0,86,242,153,35,1,431,0,0,0,431
05/24/2023,SJU,PR,ASO,ES,Towers with Radar,245,76,18,0,339,0,75,20,0,95,245,151,38,0,434,0,0,0,434
05/25/2023,SJU,PR,ASO,ES,Towers with Radar,267,103,18,0,388,0,84,23,0,107,267,187,41,0,495,2,0,2,497
05/26/2023,SJU,PR,ASO,ES,Towers with Radar,232,69,29,0,330,0,88,26,0,114,232,157,55,0,444,24,0,24,468
05/27/2023,SJU,PR,ASO,ES,Towers with Radar,295,61,11,0,367,0,83,38,0,121,295,144,49,0,488,0,0,0,488
05/28/2023,SJU,PR,ASO,ES,Towers with Radar,230,48,19,0,297,0,83,4,0,87,230,131,23,0,384,0,0,0,384
05/29/2023,SJU,PR,ASO,ES,Towers with Radar,236,69,22,0,327,0,78,17,0,95,236,147,39,0,422,18,0,18,440
05/30/2023,SJU,PR,ASO,ES,Towers with Radar,227,80,21,2,330,0,85,13,1,99,227,165,34,3,429,0,0,0,429
05/31/2023,SJU,PR,ASO,ES,Towers with Radar,261,73,14,0,348,0,77,9,1,87,261,150,23,1,435,4,0,4,439
06/01/2023,SJU,PR,ASO,ES,Towers with Radar,237,75,32,0,344,0,91,40,1,132,237,166,72,1,476,4,0,4,480
06/02/2023,SJU,PR,ASO,ES,Towers with Radar,236,87,5,1,329,0,70,9,0,79,236,157,14,1,408,16,0,16,424
06/03/2023,SJU,PR,ASO,ES,Towers with Radar,262,57,23,1,343,0,78,14,0,92,262,135,37,1,435,4,0,4,439
06/04/2023,SJU,PR,ASO,ES,Towers with Radar,251,41,18,0,310,0,62,16,0,78,251,103,34,0,388,0,0,0,388
06/05/2023,SJU,PR,ASO,ES,Towers with Radar,252,85,27,0,364,0,70,19,1,90,252,155,46,1,454,0,0,0,454
06/06/2023,SJU,PR,ASO,ES,Towers with Radar,230,75,29,0,334,0,72,23,0,95,230,147,52,0,429,5,0,5,434
06/07/2023,SJU,PR,ASO,ES,Towers with Radar,268,90,22,0,380,0,80,23,0,103,268,170,45,0,483,0,0,0,483
06/08/2023,SJU,PR,ASO,ES,Towers with Radar,277,92,17,0,386,0,83,17,2,102,277,175,34,2,488,4,0,4,492
06/09/2023,SJU,PR,ASO,ES,Towers with Radar,290,85,18,1,394,0,87,12,0,99,290,172,30,1,493,6,0,6,499
06/10/2023,SJU,PR,ASO,ES,Towers with Radar,285,43,18,1,347,0,73,12,0,85,285,116,30,1,432,0,0,0,432
06/11/2023,SJU,PR,ASO,ES,Towers with Radar,252,44,25,2,323,0,70,11,0,81,252,114,36,2,404,0,0,0,404
06/12/2023,SJU,PR,ASO,ES,Towers with Radar,261,104,17,1,383,0,99,19,0,118,261,203,36,1,501,0,0,0,501
06/13/2023,SJU,PR,ASO,ES,Towers with Radar,260,92,26,1,379,0,77,16,4,97,260,169,42,5,476,0,0,0,476
06/14/2023,SJU,PR,ASO,ES,Towers with Radar,271,85,21,10,387,0,79,27,0,106,271,164,48,10,493,0,0,0,493
06/15/2023,SJU,PR,ASO,ES,Towers with Radar,268,107,19,0,394,0,97,21,0,118,268,204,40,0,512,0,0,0,512
06/16/2023,SJU,PR,ASO,ES,Towers with Radar,268,91,12,0,371,0,81,11,0,92,268,172,23,0,463,0,0,0,463
06/17/2023,SJU,PR,ASO,ES,Towers with Radar,288,55,19,0,362,0,71,9,0,80,288,126,28,0,442,0,0,0,442
06/18/2023,SJU,PR,ASO,ES,Towers with Radar,257,41,25,0,323,0,57,15,0,72,257,98,40,0,395,0,0,0,395
06/19/2023,SJU,PR,ASO,ES,Towers with Radar,238,74,15,0,327,0,87,32,0,119,238,161,47,0,446,0,0,0,446
06/20/2023,SJU,PR,ASO,ES,Towers with Radar,240,83,14,1,338,0,80,32,0,112,240,163,46,1,450,2,0,2,452
06/21/2023,SJU,PR,ASO,ES,Towers with Radar,245,67,26,0,338,0,83,22,0,105,245,150,48,0,443,0,0,0,443
06/22/2023,SJU,PR,ASO,ES,Towers with Radar,258,66,27,0,351,0,83,28,1,112,258,149,55,1,463,0,0,0,463
06/23/2023,SJU,PR,ASO,ES,Towers with Radar,235,79,22,2,338,0,65,19,0,84,235,144,41,2,422,0,0,0,422
06/24/2023,SJU,PR,ASO,ES,Towers with Radar,276,42,8,2,328,0,69,10,0,79,276,111,18,2,407,0,0,0,407
06/25/2023,SJU,PR,ASO,ES,Towers with Radar,245,46,8,0,299,0,68,21,0,89,245,114,29,0,388,2,0,2,390
06/26/2023,SJU,PR,ASO,ES,Towers with Radar,237,86,15,0,338,0,70,18,0,88,237,156,33,0,426,0,0,0,426
06/27/2023,SJU,PR,ASO,ES,Towers with Radar,254,70,26,3,353,0,72,21,1,94,254,142,47,4,447,3,1,4,451
06/28/2023,SJU,PR,ASO,ES,Towers with Radar,229,73,15,0,317,0,60,15,0,75,229,133,30,0,392,0,0,0,392
06/29/2023,SJU,PR,ASO,ES,Towers with Radar,284,128,25,7,444,0,54,8,3,65,284,182,33,10,509,0,2,2,511
06/30/2023,SJU,PR,ASO,ES,Towers with Radar,242,88,25,0,355,0,98,20,0,118,242,186,45,0,473,2,0,2,475
07/01/2023,SJU,PR,ASO,ES,Towers with Radar,289,53,23,0,365,0,71,14,0,85,289,124,37,0,450,0,0,0,450
07/02/2023,SJU,PR,ASO,ES,Towers with Radar,260,47,12,0,319,0,69,5,1,75,260,116,17,1,394,0,0,0,394
07/03/2023,SJU,PR,ASO,ES,Towers with Radar,257,97,11,0,365,0,50,21,0,71,257,147,32,0,436,0,0,0,436
07/04/2023,SJU,PR,ASO,ES,Towers with Radar,225,56,11,1,293,0,64,11,0,75,225,120,22,1,368,0,0,0,368
07/05/2023,SJU,PR,ASO,ES,Towers with Radar,239,73,22,0,334,0,73,29,0,102,239,146,51,0,436,0,0,0,436
07/06/2023,SJU,PR,ASO,ES,Towers with Radar,255,84,15,0,354,0,82,15,0,97,255,166,30,0,451,0,0,0,451
07/07/2023,SJU,PR,ASO,ES,Towers with Radar,253,79,20,0,352,0,82,16,0,98,253,161,36,0,450,0,0,0,450
07/08/2023,SJU,PR,ASO,ES,Towers with Radar,295,55,12,0,362,0,49,13,0,62,295,104,25,0,424,0,0,0,424
07/09/2023,SJU,PR,ASO,ES,Towers with Radar,267,50,24,1,342,0,66,10,0,76,267,116,34,1,418,0,0,0,418
07/10/2023,SJU,PR,ASO,ES,Towers with Radar,238,78,16,1,333,0,76,26,1,103,238,154,42,2,436,0,0,0,436
07/11/2023,SJU,PR,ASO,ES,Towers with Radar,274,68,20,4,366,0,78,22,0,100,274,146,42,4,466,0,0,0,466
07/12/2023,SJU,PR,ASO,ES,Towers with Radar,253,92,16,2,363,0,62,11,1,74,253,154,27,3,437,10,0,10,447
07/13/2023,SJU,PR,ASO,ES,Towers with Radar,264,84,25,2,375,0,77,20,0,97,264,161,45,2,472,1,2,3,475
07/14/2023,SJU,PR,ASO,ES,Towers with Radar,256,75,13,3,347,0,80,10,0,90,256,155,23,3,437,0,0,0,437
07/15/2023,SJU,PR,ASO,ES,Towers with Radar,289,46,8,0,343,0,67,13,0,80,289,113,21,0,423,0,0,0,423
07/16/2023,SJU,PR,ASO,ES,Towers with Radar,241,42,8,0,291,0,71,4,0,75,241,113,12,0,366,5,0,5,371
07/17/2023,SJU,PR,ASO,ES,Towers with Radar,238,88,24,1,351,0,66,19,0,85,238,154,43,1,436,0,0,0,436
07/18/2023,SJU,PR,ASO,ES,Towers with Radar,269,77,23,1,370,0,78,13,1,92,269,155,36,2,462,0,0,0,462
07/19/2023,SJU,PR,ASO,ES,Towers with Radar,258,81,21,2,362,0,78,15,0,93,258,159,36,2,455,12,0,12,467
07/20/2023,SJU,PR,ASO,ES,Towers with Radar,266,97,25,1,389,0,75,26,0,101,266,172,51,1,490,0,0,0,490
07/21/2023,SJU,PR,ASO,ES,Towers with Radar,272,87,24,2,385,0,105,18,0,123,272,192,42,2,508,0,0,0,508
07/22/2023,SJU,PR,ASO,ES,Towers with Radar,286,41,29,1,357,0,78,9,0,87,286,119,38,1,444,0,0,0,444
07/23/2023,SJU,PR,ASO,ES,Towers with Radar,270,46,15,1,332,0,70,1,1,72,270,116,16,2,404,0,0,0,404
07/24/2023,SJU,PR,ASO,ES,Towers with Radar,261,93,21,4,379,0,66,12,1,79,261,159,33,5,458,0,0,0,458
07/25/2023,SJU,PR,ASO,ES,Towers with Radar,271,67,12,0,350,0,53,12,5,70,271,120,24,5,420,0,0,0,420
07/26/2023,SJU,PR,ASO,ES,Towers with Radar,268,94,20,5,387,0,75,20,0,95,268,169,40,5,482,0,0,0,482
07/27/2023,SJU,PR,ASO,ES,Towers with Radar,258,83,12,1,354,0,66,21,0,87,258,149,33,1,441,0,0,0,441
07/28/2023,SJU,PR,ASO,ES,Towers with Radar,277,95,23,0,395,0,91,30,2,123,277,186,53,2,518,0,0,0,518
07/29/2023,SJU,PR,ASO,ES,Towers with Radar,293,58,30,2,383,0,66,14,0,80,293,124,44,2,463,0,0,0,463
07/30/2023,SJU,PR,ASO,ES,Towers with Radar,268,44,17,2,331,0,67,14,1,82,268,111,31,3,413,0,0,0,413
07/31/2023,SJU,PR,ASO,ES,Towers with Radar,253,85,12,9,359,0,73,15,2,90,253,158,27,11,449,0,0,0,449
08/01/2023,SJU,PR,ASO,ES,Towers with Radar,295,85,41,7,428,0,54,26,1,81,295,139,67,8,509,0,0,0,509
08/02/2023,SJU,PR,ASO,ES,Towers with Radar,267,68,19,4,358,8,68,33,0,109,275,136,52,4,467,13,0,13,480
08/03/2023,SJU,PR,ASO,ES,Towers with Radar,261,84,25,0,370,0,81,17,0,98,261,165,42,0,468,0,0,0,468
08/04/2023,SJU,PR,ASO,ES,Towers with Radar,263,81,20,3,367,0,70,14,2,86,263,151,34,5,453,0,0,0,453
08/05/2023,SJU,PR,ASO,ES,Towers with Radar,308,49,12,1,370,0,66,1,1,68,308,115,13,2,438,0,0,0,438
08/06/2023,SJU,PR,ASO,ES,Towers with Radar,256,43,20,0,319,0,77,8,0,85,256,120,28,0,404,0,0,0,404
08/07/2023,SJU,PR,ASO,ES,Towers with Radar,244,80,9,1,334,0,77,12,0,89,244,157,21,1,423,0,0,0,423
08/08/2023,SJU,PR,ASO,ES,Towers with Radar,246,68,7,1,322,0,73,21,3,97,246,141,28,4,419,0,0,0,419
08/09/2023,SJU,PR,ASO,ES,Towers with Radar,261,81,27,4,373,0,62,15,1,78,261,143,42,5,451,0,0,0,451
08/10/2023,SJU,PR,ASO,ES,Towers with Radar,236,78,17,0,331,0,85,21,0,106,236,163,38,0,437,0,0,0,437
08/11/2023,SJU,PR,ASO,ES,Towers with Radar,262,88,25,0,375,0,89,12,1,102,262,177,37,1,477,0,0,0,477
08/12/2023,SJU,PR,ASO,ES,Towers with Radar,268,45,6,1,320,0,62,2,0,64,268,107,8,1,384,0,0,0,384
08/13/2023,SJU,PR,ASO,ES,Towers with Radar,272,34,17,0,323,0,76,8,0,84,272,110,25,0,407,0,0,0,407
08/14/2023,SJU,PR,ASO,ES,Towers with Radar,215,81,11,10,317,0,99,12,1,112,215,180,23,11,429,0,0,0,429
08/15/2023,SJU,PR,ASO,ES,Towers with Radar,264,82,24,3,373,0,110,14,0,124,264,192,38,3,497,12,0,12,509
08/16/2023,SJU,PR,ASO,ES,Towers with Radar,230,84,17,2,333,0,84,6,0,90,230,168,23,2,423,14,0,14,437
08/17/2023,SJU,PR,ASO,ES,Towers with Radar,235,81,15,0,331,0,86,23,0,109,235,167,38,0,440,0,0,0,440
08/18/2023,SJU,PR,ASO,ES,Towers with Radar,241,87,24,1,353,0,94,10,0,104,241,181,34,1,457,0,0,0,457
08/19/2023,SJU,PR,ASO,ES,Towers with Radar,242,43,11,0,296,0,72,9,0,81,242,115,20,0,377,0,0,0,377
08/20/2023,SJU,PR,ASO,ES,Towers with Radar,244,53,10,0,307,0,68,0,0,68,244,121,10,0,375,0,0,0,375
08/21/2023,SJU,PR,ASO,ES,Towers with Radar,238,86,14,7,345,0,72,7,1,80,238,158,21,8,425,0,0,0,425
08/22/2023,SJU,PR,ASO,ES,Towers with Radar,237,87,12,0,336,0,52,7,1,60,237,139,19,1,396,8,0,8,404
08/23/2023,SJU,PR,ASO,ES,Towers with Radar,242,74,30,0,346,0,72,19,2,93,242,146,49,2,439,0,0,0,439
08/24/2023,SJU,PR,ASO,ES,Towers with Radar,231,84,18,6,339,0,65,22,3,90,231,149,40,9,429,9,2,11,440
08/25/2023,SJU,PR,ASO,ES,Towers with Radar,262,90,26,2,380,0,68,30,0,98,262,158,56,2,478,0,0,0,478
08/26/2023,SJU,PR,ASO,ES,Towers with Radar,263,43,13,0,319,0,53,7,1,61,263,96,20,1,380,0,0,0,380
08/27/2023,SJU,PR,ASO,ES,Towers with Radar,224,40,17,0,281,0,64,12,2,78,224,104,29,2,359,0,0,0,359
08/28/2023,SJU,PR,ASO,ES,Towers with Radar,226,95,12,4,337,0,72,18,2,92,226,167,30,6,429,0,0,0,429
08/29/2023,SJU,PR,ASO,ES,Towers with Radar,233,82,23,0,338,0,69,15,0,84,233,151,38,0,422,6,0,6,428
08/30/2023,SJU,PR,ASO,ES,Towers with Radar,234,82,22,3,341,0,73,33,8,114,234,155,55,11,455,10,0,10,465
08/31/2023,SJU,PR,ASO,ES,Towers with Radar,225,84,27,1,337,0,56,16,0,72,225,140,43,1,409,8,0,8,417
