01/01/2020,SLC,UT,ANM,WE,Towers with Radar,549,149,62,0,760,0,5,0,1,6,549,154,62,1,766,0,0,0,766
01/02/2020,SLC,UT,ANM,WE,Towers with Radar,652,223,79,0,954,0,13,42,4,59,652,236,121,4,1013,0,0,0,1013
01/03/2020,SLC,UT,ANM,WE,Towers with Radar,655,208,98,0,961,0,6,119,2,127,655,214,217,2,1088,0,0,0,1088
01/04/2020,SLC,UT,ANM,WE,Towers with Radar,594,178,72,0,844,0,4,79,6,89,594,182,151,6,933,0,0,0,933
01/05/2020,SLC,UT,ANM,WE,Towers with Radar,663,160,88,0,911,0,2,27,0,29,663,162,115,0,940,0,0,0,940
01/06/2020,SLC,UT,ANM,WE,Towers with Radar,660,186,60,5,911,0,16,103,0,119,660,202,163,5,1030,0,0,0,1030
01/07/2020,SLC,UT,ANM,WE,Towers with Radar,653,175,45,5,878,0,16,133,3,152,653,191,178,8,1030,0,0,0,1030
01/08/2020,SLC,UT,ANM,WE,Towers with Radar,641,177,83,7,908,0,8,38,1,47,641,185,121,8,955,0,0,0,955
01/09/2020,SLC,UT,ANM,WE,Towers with Radar,650,201,55,7,913,0,7,28,2,37,650,208,83,9,950,0,0,0,950
01/10/2020,SLC,UT,ANM,WE,Towers with Radar,653,174,59,1,887,0,16,103,0,119,653,190,162,1,1006,0,0,0,1006
01/11/2020,SLC,UT,ANM,WE,Towers with Radar,517,115,37,0,669,0,6,1,2,9,517,121,38,2,678,32,0,32,710
01/12/2020,SLC,UT,ANM,WE,Towers with Radar,620,147,46,2,815,0,3,1,0,4,620,150,47,2,819,0,0,0,819
01/13/2020,SLC,UT,ANM,WE,Towers with Radar,646,182,76,4,908,0,6,13,1,20,646,188,89,5,928,0,0,0,928
01/14/2020,SLC,UT,ANM,WE,Towers with Radar,637,170,77,4,888,0,10,11,3,24,637,180,88,7,912,0,0,0,912
01/15/2020,SLC,UT,ANM,WE,Towers with Radar,637,183,54,6,880,0,15,145,11,171,637,198,199,17,1051,0,0,0,1051
01/16/2020,SLC,UT,ANM,WE,Towers with Radar,660,205,101,4,970,0,11,61,5,77,660,216,162,9,1047,0,0,0,1047
01/17/2020,SLC,UT,ANM,WE,Towers with Radar,641,245,89,3,978,0,12,45,0,57,641,257,134,3,1035,0,0,0,1035
01/18/2020,SLC,UT,ANM,WE,Towers with Radar,462,117,63,7,649,0,13,131,8,152,462,130,194,15,801,0,0,0,801
01/19/2020,SLC,UT,ANM,WE,Towers with Radar,508,114,35,1,658,0,5,80,0,85,508,119,115,1,743,0,0,0,743
01/20/2020,SLC,UT,ANM,WE,Towers with Radar,634,208,102,6,950,0,12,128,0,140,634,220,230,6,1090,0,0,0,1090
01/21/2020,SLC,UT,ANM,WE,Towers with Radar,635,171,58,4,868,0,13,27,2,42,635,184,85,6,910,0,0,0,910
01/22/2020,SLC,UT,ANM,WE,Towers with Radar,639,180,75,4,898,0,6,11,2,19,639,186,86,6,917,0,0,0,917
01/23/2020,SLC,UT,ANM,WE,Towers with Radar,659,224,142,5,1030,0,15,112,2,129,659,239,254,7,1159,0,0,0,1159
01/24/2020,SLC,UT,ANM,WE,Towers with Radar,650,205,98,4,957,0,3,20,1,24,650,208,118,5,981,0,0,0,981
01/25/2020,SLC,UT,ANM,WE,Towers with Radar,511,132,65,2,710,0,5,16,0,21,511,137,81,2,731,0,0,0,731
01/26/2020,SLC,UT,ANM,WE,Towers with Radar,612,168,131,2,913,0,6,23,2,31,612,174,154,4,944,0,0,0,944
01/27/2020,SLC,UT,ANM,WE,Towers with Radar,641,192,91,14,938,0,14,83,2,99,641,206,174,16,1037,0,0,0,1037
01/28/2020,SLC,UT,ANM,WE,Towers with Radar,634,184,100,7,925,0,11,71,5,87,634,195,171,12,1012,0,0,0,1012
01/29/2020,SLC,UT,ANM,WE,Towers with Radar,632,190,71,2,895,0,6,49,0,55,632,196,120,2,950,0,0,0,950
01/30/2020,SLC,UT,ANM,WE,Towers with Radar,656,194,66,6,922,0,5,5,4,14,656,199,71,10,936,0,0,0,936
01/31/2020,SLC,UT,ANM,WE,Towers with Radar,659,208,98,4,969,1,6,134,2,143,660,214,232,6,1112,0,0,0,1112
02/01/2020,SLC,UT,ANM,WE,Towers with Radar,473,133,45,9,660,0,3,136,3,142,473,136,181,12,802,0,0,0,802
02/02/2020,SLC,UT,ANM,WE,Towers with Radar,562,170,60,2,794,0,10,33,1,44,562,180,93,3,838,0,0,0,838
02/03/2020,SLC,UT,ANM,WE,Towers with Radar,637,193,58,1,889,0,3,0,0,3,637,196,58,1,892,0,0,0,892
02/04/2020,SLC,UT,ANM,WE,Towers with Radar,627,183,50,3,863,1,17,119,2,139,628,200,169,5,1002,0,0,0,1002
02/05/2020,SLC,UT,ANM,WE,Towers with Radar,631,193,80,2,906,0,5,5,0,10,631,198,85,2,916,0,0,0,916
02/06/2020,SLC,UT,ANM,WE,Towers with Radar,672,206,69,1,948,0,3,4,1,8,672,209,73,2,956,0,0,0,956
02/07/2020,SLC,UT,ANM,WE,Towers with Radar,661,216,73,0,950,0,15,45,2,62,661,231,118,2,1012,4,0,4,1016
02/08/2020,SLC,UT,ANM,WE,Towers with Radar,531,134,38,3,706,0,4,58,5,67,531,138,96,8,773,0,0,0,773
02/09/2020,SLC,UT,ANM,WE,Towers with Radar,606,151,60,1,818,0,4,93,1,98,606,155,153,2,916,0,0,0,916
02/10/2020,SLC,UT,ANM,WE,Towers with Radar,641,163,55,5,864,0,6,111,4,121,641,169,166,9,985,4,0,4,989
02/11/2020,SLC,UT,ANM,WE,Towers with Radar,646,162,66,6,880,0,19,135,4,158,646,181,201,10,1038,4,0,4,1042
02/12/2020,SLC,UT,ANM,WE,Towers with Radar,633,173,81,3,890,0,8,111,10,129,633,181,192,13,1019,0,0,0,1019
02/13/2020,SLC,UT,ANM,WE,Towers with Radar,657,199,96,4,956,0,11,147,6,164,657,210,243,10,1120,0,0,0,1120
02/14/2020,SLC,UT,ANM,WE,Towers with Radar,669,222,114,4,1009,0,13,97,0,110,669,235,211,4,1119,0,0,0,1119
02/15/2020,SLC,UT,ANM,WE,Towers with Radar,508,133,53,2,696,0,5,110,0,115,508,138,163,2,811,0,0,0,811
02/16/2020,SLC,UT,ANM,WE,Towers with Radar,528,139,58,6,731,0,5,2,0,7,528,144,60,6,738,20,0,20,758
02/17/2020,SLC,UT,ANM,WE,Towers with Radar,637,219,114,3,973,0,7,100,3,110,637,226,214,6,1083,0,0,0,1083
02/18/2020,SLC,UT,ANM,WE,Towers with Radar,642,195,69,8,914,0,7,129,5,141,642,202,198,13,1055,0,0,0,1055
02/19/2020,SLC,UT,ANM,WE,Towers with Radar,656,186,75,3,920,0,12,134,5,151,656,198,209,8,1071,20,0,20,1091
02/20/2020,SLC,UT,ANM,WE,Towers with Radar,663,196,79,1,939,0,19,148,11,178,663,215,227,12,1117,0,0,0,1117
02/21/2020,SLC,UT,ANM,WE,Towers with Radar,670,174,65,0,909,0,8,135,13,156,670,182,200,13,1065,24,0,24,1089
02/22/2020,SLC,UT,ANM,WE,Towers with Radar,543,148,55,1,747,0,9,111,2,122,543,157,166,3,869,0,0,0,869
02/23/2020,SLC,UT,ANM,WE,Towers with Radar,629,154,75,1,859,0,6,65,0,71,629,160,140,1,930,0,0,0,930
02/24/2020,SLC,UT,ANM,WE,Towers with Radar,649,185,60,2,896,0,11,60,4,75,649,196,120,6,971,0,0,0,971
02/25/2020,SLC,UT,ANM,WE,Towers with Radar,646,171,60,7,884,0,13,132,3,148,646,184,192,10,1032,0,0,0,1032
02/26/2020,SLC,UT,ANM,WE,Towers with Radar,665,163,73,6,907,0,13,133,0,146,665,176,206,6,1053,0,0,0,1053
02/27/2020,SLC,UT,ANM,WE,Towers with Radar,660,171,66,8,905,0,13,126,2,141,660,184,192,10,1046,0,0,0,1046
02/28/2020,SLC,UT,ANM,WE,Towers with Radar,664,179,71,1,915,0,14,168,1,183,664,193,239,2,1098,0,0,0,1098
02/29/2020,SLC,UT,ANM,WE,Towers with Radar,543,122,77,0,742,0,9,44,1,54,543,131,121,1,796,0,0,0,796
03/01/2020,SLC,UT,ANM,WE,Towers with Radar,620,182,83,0,885,0,2,1,2,5,620,184,84,2,890,0,0,0,890
03/02/2020,SLC,UT,ANM,WE,Towers with Radar,653,169,53,4,879,0,18,149,0,167,653,187,202,4,1046,0,0,0,1046
03/03/2020,SLC,UT,ANM,WE,Towers with Radar,648,180,73,6,907,0,7,153,3,163,648,187,226,9,1070,0,0,0,1070
03/04/2020,SLC,UT,ANM,WE,Towers with Radar,643,164,82,7,896,0,17,115,4,136,643,181,197,11,1032,10,0,10,1042
03/05/2020,SLC,UT,ANM,WE,Towers with Radar,669,194,91,5,959,0,9,169,0,178,669,203,260,5,1137,0,0,0,1137
03/06/2020,SLC,UT,ANM,WE,Towers with Radar,676,183,54,9,922,0,18,78,2,98,676,201,132,11,1020,50,0,50,1070
03/07/2020,SLC,UT,ANM,WE,Towers with Radar,536,150,63,0,749,0,7,27,1,35,536,157,90,1,784,0,0,0,784
03/08/2020,SLC,UT,ANM,WE,Towers with Radar,623,169,81,2,875,0,11,29,0,40,623,180,110,2,915,0,0,0,915
03/09/2020,SLC,UT,ANM,WE,Towers with Radar,665,171,70,10,916,0,13,71,0,84,665,184,141,10,1000,0,0,0,1000
03/10/2020,SLC,UT,ANM,WE,Towers with Radar,648,163,62,4,877,0,13,131,5,149,648,176,193,9,1026,66,0,66,1092
03/11/2020,SLC,UT,ANM,WE,Towers with Radar,651,175,73,3,902,0,11,113,4,128,651,186,186,7,1030,28,0,28,1058
03/12/2020,SLC,UT,ANM,WE,Towers with Radar,707,171,85,3,966,0,10,120,1,131,707,181,205,4,1097,0,0,0,1097
03/13/2020,SLC,UT,ANM,WE,Towers with Radar,704,199,66,0,969,0,9,51,6,66,704,208,117,6,1035,0,0,0,1035
03/14/2020,SLC,UT,ANM,WE,Towers with Radar,606,176,77,1,860,0,11,5,2,18,606,187,82,3,878,0,0,0,878
03/15/2020,SLC,UT,ANM,WE,Towers with Radar,661,150,69,5,885,0,4,17,0,21,661,154,86,5,906,0,0,0,906
03/16/2020,SLC,UT,ANM,WE,Towers with Radar,696,185,57,5,943,0,8,80,2,90,696,193,137,7,1033,0,0,0,1033
03/17/2020,SLC,UT,ANM,WE,Towers with Radar,678,170,51,5,904,0,14,40,0,54,678,184,91,5,958,24,0,24,982
03/18/2020,SLC,UT,ANM,WE,Towers with Radar,211,71,38,0,320,0,6,4,2,12,211,77,42,2,332,10,0,10,342
03/19/2020,SLC,UT,ANM,WE,Towers with Radar,584,141,35,0,760,0,3,3,0,6,584,144,38,0,766,0,0,0,766
03/20/2020,SLC,UT,ANM,WE,Towers with Radar,568,149,44,0,761,0,8,10,0,18,568,157,54,0,779,0,0,0,779
03/21/2020,SLC,UT,ANM,WE,Towers with Radar,420,103,29,1,553,0,14,87,4,105,420,117,116,5,658,0,0,0,658
03/22/2020,SLC,UT,ANM,WE,Towers with Radar,470,110,33,0,613,0,3,74,4,81,470,113,107,4,694,0,0,0,694
03/23/2020,SLC,UT,ANM,WE,Towers with Radar,465,149,23,3,640,0,9,40,0,49,465,158,63,3,689,20,0,20,709
03/24/2020,SLC,UT,ANM,WE,Towers with Radar,433,138,20,2,593,0,11,11,2,24,433,149,31,4,617,8,0,8,625
03/25/2020,SLC,UT,ANM,WE,Towers with Radar,444,119,15,5,583,0,4,2,13,19,444,123,17,18,602,0,0,0,602
03/26/2020,SLC,UT,ANM,WE,Towers with Radar,415,113,16,14,558,0,14,18,0,32,415,127,34,14,590,0,0,0,590
03/27/2020,SLC,UT,ANM,WE,Towers with Radar,422,110,30,0,562,0,4,118,3,125,422,114,148,3,687,0,0,0,687
03/28/2020,SLC,UT,ANM,WE,Towers with Radar,413,101,24,0,538,0,8,44,0,52,413,109,68,0,590,42,0,42,632
03/29/2020,SLC,UT,ANM,WE,Towers with Radar,381,100,8,2,491,0,1,29,0,30,381,101,37,2,521,100,0,100,621
03/30/2020,SLC,UT,ANM,WE,Towers with Radar,360,135,17,2,514,0,9,52,0,61,360,144,69,2,575,64,0,64,639
03/31/2020,SLC,UT,ANM,WE,Towers with Radar,397,137,20,4,558,0,14,40,2,56,397,151,60,6,614,70,0,70,684
04/01/2020,SLC,UT,ANM,WE,Towers with Radar,381,97,22,9,509,0,8,46,2,56,381,105,68,11,565,64,4,68,633
04/02/2020,SLC,UT,ANM,WE,Towers with Radar,313,84,22,4,423,0,9,58,2,69,313,93,80,6,492,0,2,2,494
04/03/2020,SLC,UT,ANM,WE,Towers with Radar,331,86,22,1,440,0,11,105,1,117,331,97,127,2,557,0,0,0,557
04/04/2020,SLC,UT,ANM,WE,Towers with Radar,308,48,15,0,371,0,5,62,0,67,308,53,77,0,438,0,0,0,438
04/05/2020,SLC,UT,ANM,WE,Towers with Radar,303,43,19,0,365,0,8,21,0,29,303,51,40,0,394,0,0,0,394
04/06/2020,SLC,UT,ANM,WE,Towers with Radar,275,74,19,8,376,0,6,16,3,25,275,80,35,11,401,0,0,0,401
04/07/2020,SLC,UT,ANM,WE,Towers with Radar,322,83,21,3,429,0,2,60,8,70,322,85,81,11,499,16,0,16,515
04/08/2020,SLC,UT,ANM,WE,Towers with Radar,313,83,18,19,433,0,14,63,5,82,313,97,81,24,515,0,14,14,529
04/09/2020,SLC,UT,ANM,WE,Towers with Radar,311,93,10,5,419,0,4,60,8,72,311,97,70,13,491,6,8,14,505
04/10/2020,SLC,UT,ANM,WE,Towers with Radar,285,74,20,3,382,0,13,83,4,100,285,87,103,7,482,0,0,0,482
04/11/2020,SLC,UT,ANM,WE,Towers with Radar,278,54,19,1,352,0,3,45,0,48,278,57,64,1,400,0,0,0,400
04/12/2020,SLC,UT,ANM,WE,Towers with Radar,256,37,7,1,301,0,6,20,0,26,256,43,27,1,327,0,0,0,327
04/13/2020,SLC,UT,ANM,WE,Towers with Radar,266,85,15,6,372,0,11,47,2,60,266,96,62,8,432,106,0,106,538
04/14/2020,SLC,UT,ANM,WE,Towers with Radar,275,73,18,10,376,0,14,44,7,65,275,87,62,17,441,62,0,62,503
04/15/2020,SLC,UT,ANM,WE,Towers with Radar,267,82,21,7,377,0,12,13,2,27,267,94,34,9,404,44,0,44,448
04/16/2020,SLC,UT,ANM,WE,Towers with Radar,241,83,18,12,354,0,9,47,3,59,241,92,65,15,413,88,0,88,501
04/17/2020,SLC,UT,ANM,WE,Towers with Radar,244,74,28,0,346,0,20,129,2,151,244,94,157,2,497,54,0,54,551
04/18/2020,SLC,UT,ANM,WE,Towers with Radar,217,55,18,0,290,0,1,62,6,69,217,56,80,6,359,6,0,6,365
04/19/2020,SLC,UT,ANM,WE,Towers with Radar,225,49,22,0,296,0,8,40,0,48,225,57,62,0,344,28,0,28,372
04/20/2020,SLC,UT,ANM,WE,Towers with Radar,234,81,24,6,345,0,5,69,0,74,234,86,93,6,419,0,0,0,419
04/21/2020,SLC,UT,ANM,WE,Towers with Radar,247,83,21,2,353,0,19,71,3,93,247,102,92,5,446,42,0,42,488
04/22/2020,SLC,UT,ANM,WE,Towers with Radar,249,88,23,2,362,0,16,66,1,83,249,104,89,3,445,0,0,0,445
04/23/2020,SLC,UT,ANM,WE,Towers with Radar,258,78,23,7,366,0,11,34,9,54,258,89,57,16,420,0,12,12,432
04/24/2020,SLC,UT,ANM,WE,Towers with Radar,237,76,33,0,346,0,16,120,0,136,237,92,153,0,482,102,0,102,584
04/25/2020,SLC,UT,ANM,WE,Towers with Radar,204,56,15,1,276,0,11,91,2,104,204,67,106,3,380,20,0,20,400
04/26/2020,SLC,UT,ANM,WE,Towers with Radar,223,50,18,1,292,0,14,31,2,47,223,64,49,3,339,0,0,0,339
04/27/2020,SLC,UT,ANM,WE,Towers with Radar,220,77,26,13,336,0,10,64,6,80,220,87,90,19,416,80,0,80,496
04/28/2020,SLC,UT,ANM,WE,Towers with Radar,250,81,18,10,359,0,15,92,2,109,250,96,110,12,468,74,0,74,542
04/29/2020,SLC,UT,ANM,WE,Towers with Radar,258,80,13,5,356,0,16,64,4,84,258,96,77,9,440,0,0,0,440
04/30/2020,SLC,UT,ANM,WE,Towers with Radar,258,92,33,2,385,0,10,60,3,73,258,102,93,5,458,26,0,26,484
05/01/2020,SLC,UT,ANM,WE,Towers with Radar,247,86,27,0,360,0,11,43,1,55,247,97,70,1,415,38,0,38,453
05/02/2020,SLC,UT,ANM,WE,Towers with Radar,193,43,15,4,255,0,5,67,4,76,193,48,82,8,331,0,0,0,331
05/03/2020,SLC,UT,ANM,WE,Towers with Radar,207,36,17,0,260,0,3,39,2,44,207,39,56,2,304,0,0,0,304
05/04/2020,SLC,UT,ANM,WE,Towers with Radar,214,68,21,9,312,0,9,103,1,113,214,77,124,10,425,0,0,0,425
05/05/2020,SLC,UT,ANM,WE,Towers with Radar,238,78,36,7,359,0,6,100,4,110,238,84,136,11,469,0,0,0,469
05/06/2020,SLC,UT,ANM,WE,Towers with Radar,250,82,43,12,387,0,14,51,2,67,250,96,94,14,454,0,0,0,454
05/07/2020,SLC,UT,ANM,WE,Towers with Radar,249,84,43,7,383,0,13,109,4,126,249,97,152,11,509,0,0,0,509
05/08/2020,SLC,UT,ANM,WE,Towers with Radar,240,90,31,4,365,0,12,131,0,143,240,102,162,4,508,118,0,118,626
05/09/2020,SLC,UT,ANM,WE,Towers with Radar,194,46,37,1,278,0,10,72,6,88,194,56,109,7,366,30,0,30,396
05/10/2020,SLC,UT,ANM,WE,Towers with Radar,221,26,16,0,263,0,2,46,0,48,221,28,62,0,311,0,0,0,311
05/11/2020,SLC,UT,ANM,WE,Towers with Radar,236,83,30,4,353,0,18,30,3,51,236,101,60,7,404,0,0,0,404
05/12/2020,SLC,UT,ANM,WE,Towers with Radar,244,76,20,6,346,0,17,39,3,59,244,93,59,9,405,0,0,0,405
05/13/2020,SLC,UT,ANM,WE,Towers with Radar,235,83,49,15,382,0,7,80,13,100,235,90,129,28,482,16,24,40,522
05/14/2020,SLC,UT,ANM,WE,Towers with Radar,236,88,39,2,365,0,19,85,2,106,236,107,124,4,471,38,0,38,509
05/15/2020,SLC,UT,ANM,WE,Towers with Radar,231,86,32,4,353,0,13,99,0,112,231,99,131,4,465,54,0,54,519
05/16/2020,SLC,UT,ANM,WE,Towers with Radar,196,39,34,0,269,0,4,96,1,101,196,43,130,1,370,0,0,0,370
05/17/2020,SLC,UT,ANM,WE,Towers with Radar,213,28,28,0,269,0,5,23,3,31,213,33,51,3,300,0,0,0,300
05/18/2020,SLC,UT,ANM,WE,Towers with Radar,225,79,42,6,352,0,18,11,4,33,225,97,53,10,385,0,0,0,385
05/19/2020,SLC,UT,ANM,WE,Towers with Radar,235,73,38,7,353,0,21,22,2,45,235,94,60,9,398,0,0,0,398
05/20/2020,SLC,UT,ANM,WE,Towers with Radar,249,83,45,15,392,0,10,22,1,33,249,93,67,16,425,0,0,0,425
05/21/2020,SLC,UT,ANM,WE,Towers with Radar,256,87,62,4,409,0,24,137,5,166,256,111,199,9,575,0,0,0,575
05/22/2020,SLC,UT,ANM,WE,Towers with Radar,255,91,53,0,399,0,2,48,2,52,255,93,101,2,451,14,0,14,465
05/23/2020,SLC,UT,ANM,WE,Towers with Radar,208,42,28,0,278,0,10,28,3,41,208,52,56,3,319,0,0,0,319
05/24/2020,SLC,UT,ANM,WE,Towers with Radar,226,40,26,0,292,0,5,49,3,57,226,45,75,3,349,4,0,4,353
05/25/2020,SLC,UT,ANM,WE,Towers with Radar,225,27,44,0,296,0,5,96,2,103,225,32,140,2,399,26,0,26,425
05/26/2020,SLC,UT,ANM,WE,Towers with Radar,225,61,44,2,332,0,19,116,3,138,225,80,160,5,470,30,0,30,500
05/27/2020,SLC,UT,ANM,WE,Towers with Radar,249,102,46,2,399,0,23,93,7,123,249,125,139,9,522,18,0,18,540
05/28/2020,SLC,UT,ANM,WE,Towers with Radar,258,95,36,6,395,0,12,124,7,143,258,107,160,13,538,64,24,88,626
05/29/2020,SLC,UT,ANM,WE,Towers with Radar,256,80,26,0,362,0,11,93,8,112,256,91,119,8,474,56,0,56,530
05/30/2020,SLC,UT,ANM,WE,Towers with Radar,206,44,14,0,264,0,7,35,8,50,206,51,49,8,314,0,0,0,314
05/31/2020,SLC,UT,ANM,WE,Towers with Radar,241,43,34,1,319,1,7,51,2,61,242,50,85,3,380,0,0,0,380
06/01/2020,SLC,UT,ANM,WE,Towers with Radar,226,73,31,8,338,0,10,82,15,107,226,83,113,23,445,0,0,0,445
06/02/2020,SLC,UT,ANM,WE,Towers with Radar,280,83,56,5,424,0,17,100,8,125,280,100,156,13,549,0,0,0,549
06/03/2020,SLC,UT,ANM,WE,Towers with Radar,293,91,62,5,451,0,15,153,4,172,293,106,215,9,623,0,0,0,623
06/04/2020,SLC,UT,ANM,WE,Towers with Radar,298,87,49,3,437,0,16,118,6,140,298,103,167,9,577,54,0,54,631
06/05/2020,SLC,UT,ANM,WE,Towers with Radar,292,109,72,0,473,0,12,54,5,71,292,121,126,5,544,50,0,50,594
06/06/2020,SLC,UT,ANM,WE,Towers with Radar,273,70,57,0,400,0,5,18,14,37,273,75,75,14,437,0,0,0,437
06/07/2020,SLC,UT,ANM,WE,Towers with Radar,298,53,31,2,384,0,2,8,0,10,298,55,39,2,394,0,0,0,394
06/08/2020,SLC,UT,ANM,WE,Towers with Radar,300,71,62,15,448,0,9,19,15,43,300,80,81,30,491,0,10,10,501
06/09/2020,SLC,UT,ANM,WE,Towers with Radar,306,80,54,8,448,0,17,148,2,167,306,97,202,10,615,0,0,0,615
06/10/2020,SLC,UT,ANM,WE,Towers with Radar,311,92,72,12,487,0,21,137,10,168,311,113,209,22,655,0,0,0,655
06/11/2020,SLC,UT,ANM,WE,Towers with Radar,319,96,47,6,468,0,10,119,12,141,319,106,166,18,609,114,0,114,723
06/12/2020,SLC,UT,ANM,WE,Towers with Radar,313,97,69,2,481,0,13,57,2,72,313,110,126,4,553,32,0,32,585
06/13/2020,SLC,UT,ANM,WE,Towers with Radar,288,62,31,2,383,0,8,38,2,48,288,70,69,4,431,20,0,20,451
06/14/2020,SLC,UT,ANM,WE,Towers with Radar,313,69,45,0,427,0,9,81,2,92,313,78,126,2,519,32,0,32,551
06/15/2020,SLC,UT,ANM,WE,Towers with Radar,308,73,60,6,447,1,11,100,4,116,309,84,160,10,563,110,0,110,673
06/16/2020,SLC,UT,ANM,WE,Towers with Radar,318,97,55,6,476,0,17,23,1,41,318,114,78,7,517,0,0,0,517
06/17/2020,SLC,UT,ANM,WE,Towers with Radar,327,97,70,8,502,0,10,106,9,125,327,107,176,17,627,0,0,0,627
06/18/2020,SLC,UT,ANM,WE,Towers with Radar,332,105,60,5,502,0,17,130,9,156,332,122,190,14,658,76,0,76,734
06/19/2020,SLC,UT,ANM,WE,Towers with Radar,321,96,50,2,469,0,33,143,2,178,321,129,193,4,647,0,0,0,647
06/20/2020,SLC,UT,ANM,WE,Towers with Radar,298,68,46,2,414,0,9,94,1,104,298,77,140,3,518,0,0,0,518
06/21/2020,SLC,UT,ANM,WE,Towers with Radar,321,63,45,0,429,1,6,47,3,57,322,69,92,3,486,0,0,0,486
06/22/2020,SLC,UT,ANM,WE,Towers with Radar,318,88,48,5,459,0,15,88,3,106,318,103,136,8,565,104,0,104,669
06/23/2020,SLC,UT,ANM,WE,Towers with Radar,328,94,63,6,491,0,29,115,24,168,328,123,178,30,659,74,26,100,759
06/24/2020,SLC,UT,ANM,WE,Towers with Radar,335,102,66,9,512,0,13,130,9,152,335,115,196,18,664,86,6,92,756
06/25/2020,SLC,UT,ANM,WE,Towers with Radar,333,106,59,13,511,0,16,91,4,111,333,122,150,17,622,12,0,12,634
06/26/2020,SLC,UT,ANM,WE,Towers with Radar,337,105,65,1,508,0,17,105,5,127,337,122,170,6,635,0,0,0,635
06/27/2020,SLC,UT,ANM,WE,Towers with Radar,332,62,73,2,469,0,8,88,0,96,332,70,161,2,565,0,0,0,565
06/28/2020,SLC,UT,ANM,WE,Towers with Radar,368,56,61,1,486,0,7,18,0,25,368,63,79,1,511,0,0,0,511
06/29/2020,SLC,UT,ANM,WE,Towers with Radar,361,100,50,7,518,0,12,35,6,53,361,112,85,13,571,0,12,12,583
06/30/2020,SLC,UT,ANM,WE,Towers with Radar,375,99,80,1,555,0,13,72,13,98,375,112,152,14,653,22,0,22,675
07/01/2020,SLC,UT,ANM,WE,Towers with Radar,413,91,94,2,600,0,14,114,7,135,413,105,208,9,735,104,0,104,839
07/02/2020,SLC,UT,ANM,WE,Towers with Radar,489,110,94,2,695,0,11,124,7,142,489,121,218,9,837,110,0,110,947
07/03/2020,SLC,UT,ANM,WE,Towers with Radar,448,112,43,1,604,0,16,73,6,95,448,128,116,7,699,0,0,0,699
07/04/2020,SLC,UT,ANM,WE,Towers with Radar,377,51,19,0,447,0,6,47,4,57,377,57,66,4,504,0,0,0,504
07/05/2020,SLC,UT,ANM,WE,Towers with Radar,424,98,70,1,593,0,7,49,4,60,424,105,119,5,653,0,0,0,653
07/06/2020,SLC,UT,ANM,WE,Towers with Radar,464,92,72,1,629,0,17,106,0,123,464,109,178,1,752,0,0,0,752
07/07/2020,SLC,UT,ANM,WE,Towers with Radar,475,101,56,8,640,0,14,96,17,127,475,115,152,25,767,0,0,0,767
07/08/2020,SLC,UT,ANM,WE,Towers with Radar,458,109,56,5,628,0,23,107,6,136,458,132,163,11,764,0,0,0,764
07/09/2020,SLC,UT,ANM,WE,Towers with Radar,475,111,78,4,668,0,13,123,7,143,475,124,201,11,811,0,0,0,811
07/10/2020,SLC,UT,ANM,WE,Towers with Radar,477,114,57,1,649,0,8,95,0,103,477,122,152,1,752,0,0,0,752
07/11/2020,SLC,UT,ANM,WE,Towers with Radar,455,77,45,0,577,0,15,54,2,71,455,92,99,2,648,0,0,0,648
07/12/2020,SLC,UT,ANM,WE,Towers with Radar,475,83,86,2,646,0,6,57,3,66,475,89,143,5,712,0,0,0,712
07/13/2020,SLC,UT,ANM,WE,Towers with Radar,474,90,76,10,650,0,6,73,3,82,474,96,149,13,732,16,6,22,754
07/14/2020,SLC,UT,ANM,WE,Towers with Radar,480,96,64,9,649,0,22,93,0,115,480,118,157,9,764,72,0,72,836
07/15/2020,SLC,UT,ANM,WE,Towers with Radar,485,115,60,4,664,0,21,96,0,117,485,136,156,4,781,54,0,54,835
07/16/2020,SLC,UT,ANM,WE,Towers with Radar,497,113,65,4,679,0,16,79,2,97,497,129,144,6,776,4,0,4,780
07/17/2020,SLC,UT,ANM,WE,Towers with Radar,497,111,60,1,669,0,20,55,3,78,497,131,115,4,747,24,0,24,771
07/18/2020,SLC,UT,ANM,WE,Towers with Radar,485,69,49,0,603,0,8,65,0,73,485,77,114,0,676,0,0,0,676
07/19/2020,SLC,UT,ANM,WE,Towers with Radar,484,80,57,2,623,0,10,49,2,61,484,90,106,4,684,0,0,0,684
07/20/2020,SLC,UT,ANM,WE,Towers with Radar,469,92,46,5,612,0,14,104,5,123,469,106,150,10,735,0,0,0,735
07/21/2020,SLC,UT,ANM,WE,Towers with Radar,488,108,66,5,667,0,17,88,5,110,488,125,154,10,777,0,0,0,777
07/22/2020,SLC,UT,ANM,WE,Towers with Radar,492,106,58,6,662,0,13,44,5,62,492,119,102,11,724,0,0,0,724
07/23/2020,SLC,UT,ANM,WE,Towers with Radar,510,110,61,3,684,0,4,54,5,63,510,114,115,8,747,0,0,0,747
07/24/2020,SLC,UT,ANM,WE,Towers with Radar,496,122,67,3,688,0,20,82,3,105,496,142,149,6,793,0,0,0,793
07/25/2020,SLC,UT,ANM,WE,Towers with Radar,471,82,46,0,599,0,6,79,0,85,471,88,125,0,684,0,0,0,684
07/26/2020,SLC,UT,ANM,WE,Towers with Radar,477,85,83,0,645,0,5,71,6,82,477,90,154,6,727,0,0,0,727
07/27/2020,SLC,UT,ANM,WE,Towers with Radar,483,105,58,9,655,0,14,83,4,101,483,119,141,13,756,0,0,0,756
07/28/2020,SLC,UT,ANM,WE,Towers with Radar,483,117,59,11,670,0,16,113,3,132,483,133,172,14,802,46,0,46,848
07/29/2020,SLC,UT,ANM,WE,Towers with Radar,486,125,72,4,687,0,14,104,3,121,486,139,176,7,808,0,0,0,808
07/30/2020,SLC,UT,ANM,WE,Towers with Radar,502,106,59,6,673,0,18,110,7,135,502,124,169,13,808,0,0,0,808
07/31/2020,SLC,UT,ANM,WE,Towers with Radar,512,110,63,1,686,0,27,97,2,126,512,137,160,3,812,66,0,66,878
08/01/2020,SLC,UT,ANM,WE,Towers with Radar,517,87,71,2,677,1,7,63,0,71,518,94,134,2,748,78,0,78,826
08/02/2020,SLC,UT,ANM,WE,Towers with Radar,535,85,76,0,696,0,0,53,9,62,535,85,129,9,758,0,0,0,758
08/03/2020,SLC,UT,ANM,WE,Towers with Radar,529,123,60,5,717,0,12,100,3,115,529,135,160,8,832,74,0,74,906
08/04/2020,SLC,UT,ANM,WE,Towers with Radar,508,139,68,6,721,0,11,67,11,89,508,150,135,17,810,10,0,10,820
08/05/2020,SLC,UT,ANM,WE,Towers with Radar,516,137,88,5,746,0,13,92,7,112,516,150,180,12,858,34,0,34,892
08/06/2020,SLC,UT,ANM,WE,Towers with Radar,550,131,60,7,748,0,15,87,7,109,550,146,147,14,857,0,0,0,857
08/07/2020,SLC,UT,ANM,WE,Towers with Radar,542,128,54,0,724,0,8,113,4,125,542,136,167,4,849,0,0,0,849
08/08/2020,SLC,UT,ANM,WE,Towers with Radar,521,75,42,0,638,0,3,77,2,82,521,78,119,2,720,0,0,0,720
08/09/2020,SLC,UT,ANM,WE,Towers with Radar,532,95,58,0,685,0,4,71,4,79,532,99,129,4,764,0,0,0,764
08/10/2020,SLC,UT,ANM,WE,Towers with Radar,526,132,60,13,731,0,8,89,2,99,526,140,149,15,830,0,0,0,830
08/11/2020,SLC,UT,ANM,WE,Towers with Radar,504,129,56,11,700,0,9,106,11,126,504,138,162,22,826,0,0,0,826
08/12/2020,SLC,UT,ANM,WE,Towers with Radar,512,127,41,3,683,0,17,118,7,142,512,144,159,10,825,0,0,0,825
08/13/2020,SLC,UT,ANM,WE,Towers with Radar,544,126,56,6,732,0,11,108,4,123,544,137,164,10,855,0,0,0,855
08/14/2020,SLC,UT,ANM,WE,Towers with Radar,534,126,62,2,724,0,18,122,5,145,534,144,184,7,869,20,0,20,889
08/15/2020,SLC,UT,ANM,WE,Towers with Radar,516,87,32,0,635,0,16,82,2,100,516,103,114,2,735,0,0,0,735
08/16/2020,SLC,UT,ANM,WE,Towers with Radar,526,94,69,1,690,0,8,72,3,83,526,102,141,4,773,0,0,0,773
08/17/2020,SLC,UT,ANM,WE,Towers with Radar,521,131,71,8,731,0,10,85,7,102,521,141,156,15,833,0,0,0,833
08/18/2020,SLC,UT,ANM,WE,Towers with Radar,486,137,57,12,692,0,12,85,10,107,486,149,142,22,799,0,0,0,799
08/19/2020,SLC,UT,ANM,WE,Towers with Radar,507,125,56,12,700,0,10,97,5,112,507,135,153,17,812,0,0,0,812
08/20/2020,SLC,UT,ANM,WE,Towers with Radar,552,133,65,12,762,0,7,86,9,102,552,140,151,21,864,0,0,0,864
08/21/2020,SLC,UT,ANM,WE,Towers with Radar,541,141,58,2,742,0,16,57,5,78,541,157,115,7,820,52,0,52,872
08/22/2020,SLC,UT,ANM,WE,Towers with Radar,520,79,48,0,647,1,5,54,3,63,521,84,102,3,710,0,0,0,710
08/23/2020,SLC,UT,ANM,WE,Towers with Radar,524,96,65,0,685,0,16,32,6,54,524,112,97,6,739,0,0,0,739
08/24/2020,SLC,UT,ANM,WE,Towers with Radar,517,125,53,4,699,0,10,65,13,88,517,135,118,17,787,0,0,0,787
08/25/2020,SLC,UT,ANM,WE,Towers with Radar,496,124,43,3,666,0,12,70,1,83,496,136,113,4,749,0,0,0,749
08/26/2020,SLC,UT,ANM,WE,Towers with Radar,513,127,51,4,695,0,13,99,7,119,513,140,150,11,814,0,0,0,814
08/27/2020,SLC,UT,ANM,WE,Towers with Radar,550,134,73,8,765,0,13,67,8,88,550,147,140,16,853,0,0,0,853
08/28/2020,SLC,UT,ANM,WE,Towers with Radar,529,124,57,0,710,0,16,114,5,135,529,140,171,5,845,60,0,60,905
08/29/2020,SLC,UT,ANM,WE,Towers with Radar,515,92,42,0,649,0,14,83,10,107,515,106,125,10,756,0,0,0,756
08/30/2020,SLC,UT,ANM,WE,Towers with Radar,526,97,70,0,693,0,4,48,1,53,526,101,118,1,746,22,0,22,768
08/31/2020,SLC,UT,ANM,WE,Towers with Radar,524,120,63,12,719,0,5,72,3,80,524,125,135,15,799,0,0,0,799
09/01/2020,SLC,UT,ANM,WE,Towers with Radar,491,124,55,6,676,0,2,132,10,144,491,126,187,16,820,92,0,92,912
09/02/2020,SLC,UT,ANM,WE,Towers with Radar,507,124,85,3,719,0,16,105,7,128,507,140,190,10,847,24,0,24,871
09/03/2020,SLC,UT,ANM,WE,Towers with Radar,546,139,73,3,761,0,8,150,1,159,546,147,223,4,920,0,0,0,920
09/04/2020,SLC,UT,ANM,WE,Towers with Radar,551,136,76,0,763,0,17,117,5,139,551,153,193,5,902,0,0,0,902
09/05/2020,SLC,UT,ANM,WE,Towers with Radar,505,73,32,0,610,1,3,75,9,88,506,76,107,9,698,0,0,0,698
09/06/2020,SLC,UT,ANM,WE,Towers with Radar,494,88,26,0,608,0,7,60,6,73,494,95,86,6,681,0,0,0,681
09/07/2020,SLC,UT,ANM,WE,Towers with Radar,515,86,80,0,681,0,6,37,6,49,515,92,117,6,730,0,0,0,730
09/08/2020,SLC,UT,ANM,WE,Towers with Radar,512,96,35,2,645,0,0,1,3,4,512,96,36,5,649,0,0,0,649
09/09/2020,SLC,UT,ANM,WE,Towers with Radar,502,149,66,9,726,0,6,41,13,60,502,155,107,22,786,0,0,0,786
09/10/2020,SLC,UT,ANM,WE,Towers with Radar,525,133,66,6,730,0,11,107,4,122,525,144,173,10,852,0,0,0,852
09/11/2020,SLC,UT,ANM,WE,Towers with Radar,508,123,42,3,676,0,7,135,2,144,508,130,177,5,820,0,0,0,820
09/12/2020,SLC,UT,ANM,WE,Towers with Radar,483,78,44,3,608,0,11,99,4,114,483,89,143,7,722,22,0,22,744
09/13/2020,SLC,UT,ANM,WE,Towers with Radar,501,108,65,2,676,0,2,72,5,79,501,110,137,7,755,0,0,0,755
09/14/2020,SLC,UT,ANM,WE,Towers with Radar,490,110,47,7,654,0,10,107,6,123,490,120,154,13,777,36,0,36,813
09/15/2020,SLC,UT,ANM,WE,Towers with Radar,484,133,54,9,680,0,10,116,3,129,484,143,170,12,809,26,0,26,835
09/16/2020,SLC,UT,ANM,WE,Towers with Radar,497,132,71,4,704,0,17,100,4,121,497,149,171,8,825,0,0,0,825
09/17/2020,SLC,UT,ANM,WE,Towers with Radar,539,123,61,5,728,0,16,102,7,125,539,139,163,12,853,0,0,0,853
09/18/2020,SLC,UT,ANM,WE,Towers with Radar,532,107,58,1,698,0,5,75,4,84,532,112,133,5,782,0,0,0,782
09/19/2020,SLC,UT,ANM,WE,Towers with Radar,506,89,38,5,638,0,7,35,8,50,506,96,73,13,688,0,0,0,688
09/20/2020,SLC,UT,ANM,WE,Towers with Radar,521,85,69,2,677,0,8,84,8,100,521,93,153,10,777,20,0,20,797
09/21/2020,SLC,UT,ANM,WE,Towers with Radar,501,113,43,5,662,0,7,100,6,113,501,120,143,11,775,0,0,0,775
09/22/2020,SLC,UT,ANM,WE,Towers with Radar,487,116,49,9,661,0,8,66,11,85,487,124,115,20,746,0,0,0,746
09/23/2020,SLC,UT,ANM,WE,Towers with Radar,507,138,63,11,719,0,5,103,7,115,507,143,166,18,834,0,0,0,834
09/24/2020,SLC,UT,ANM,WE,Towers with Radar,543,125,55,7,730,0,21,100,3,124,543,146,155,10,854,22,0,22,876
09/25/2020,SLC,UT,ANM,WE,Towers with Radar,536,122,82,4,744,0,20,91,7,118,536,142,173,11,862,0,0,0,862
09/26/2020,SLC,UT,ANM,WE,Towers with Radar,504,77,40,0,621,0,11,66,6,83,504,88,106,6,704,0,0,0,704
09/27/2020,SLC,UT,ANM,WE,Towers with Radar,520,66,69,4,659,0,9,65,3,77,520,75,134,7,736,0,0,0,736
09/28/2020,SLC,UT,ANM,WE,Towers with Radar,496,115,50,8,669,0,22,130,5,157,496,137,180,13,826,10,0,10,836
09/29/2020,SLC,UT,ANM,WE,Towers with Radar,487,140,51,16,694,0,11,114,6,131,487,151,165,22,825,80,0,80,905
09/30/2020,SLC,UT,ANM,WE,Towers with Radar,500,116,53,14,683,0,13,113,2,128,500,129,166,16,811,0,0,0,811
10/01/2020,SLC,UT,ANM,WE,Towers with Radar,550,129,67,4,750,0,7,115,3,125,550,136,182,7,875,0,0,0,875
10/02/2020,SLC,UT,ANM,WE,Towers with Radar,543,118,72,2,735,0,16,106,5,127,543,134,178,7,862,0,0,0,862
10/03/2020,SLC,UT,ANM,WE,Towers with Radar,511,94,35,2,642,0,14,80,5,99,511,108,115,7,741,0,0,0,741
10/04/2020,SLC,UT,ANM,WE,Towers with Radar,528,99,57,6,690,0,2,39,2,43,528,101,96,8,733,0,0,0,733
10/05/2020,SLC,UT,ANM,WE,Towers with Radar,506,134,46,11,697,0,10,67,6,83,506,144,113,17,780,0,0,0,780
10/06/2020,SLC,UT,ANM,WE,Towers with Radar,501,131,67,3,702,0,10,74,3,87,501,141,141,6,789,0,0,0,789
10/07/2020,SLC,UT,ANM,WE,Towers with Radar,510,139,58,9,716,0,5,78,11,94,510,144,136,20,810,0,0,0,810
10/08/2020,SLC,UT,ANM,WE,Towers with Radar,566,137,67,14,784,0,9,98,14,121,566,146,165,28,905,32,0,32,937
10/09/2020,SLC,UT,ANM,WE,Towers with Radar,556,124,90,3,773,0,9,120,4,133,556,133,210,7,906,22,0,22,928
10/10/2020,SLC,UT,ANM,WE,Towers with Radar,526,76,37,0,639,0,7,41,1,49,526,83,78,1,688,0,0,0,688
10/11/2020,SLC,UT,ANM,WE,Towers with Radar,549,85,54,0,688,0,4,21,4,29,549,89,75,4,717,14,0,14,731
10/12/2020,SLC,UT,ANM,WE,Towers with Radar,526,118,53,2,699,0,14,69,2,85,526,132,122,4,784,0,0,0,784
10/13/2020,SLC,UT,ANM,WE,Towers with Radar,502,133,47,6,688,0,14,121,7,142,502,147,168,13,830,52,0,52,882
10/14/2020,SLC,UT,ANM,WE,Towers with Radar,520,146,66,4,736,0,16,59,7,82,520,162,125,11,818,0,0,0,818
10/15/2020,SLC,UT,ANM,WE,Towers with Radar,556,131,79,2,768,0,8,121,0,129,556,139,200,2,897,0,0,0,897
10/16/2020,SLC,UT,ANM,WE,Towers with Radar,550,116,53,5,724,0,11,125,1,137,550,127,178,6,861,0,0,0,861
10/17/2020,SLC,UT,ANM,WE,Towers with Radar,527,73,22,3,625,0,2,90,2,94,527,75,112,5,719,42,0,42,761
10/18/2020,SLC,UT,ANM,WE,Towers with Radar,545,84,50,5,684,0,6,57,1,64,545,90,107,6,748,0,0,0,748
10/19/2020,SLC,UT,ANM,WE,Towers with Radar,519,115,41,8,683,0,9,80,3,92,519,124,121,11,775,0,0,0,775
10/20/2020,SLC,UT,ANM,WE,Towers with Radar,506,129,62,10,707,0,10,114,2,126,506,139,176,12,833,0,0,0,833
10/21/2020,SLC,UT,ANM,WE,Towers with Radar,509,131,48,7,695,0,8,83,2,93,509,139,131,9,788,0,0,0,788
10/22/2020,SLC,UT,ANM,WE,Towers with Radar,556,117,50,9,732,0,9,83,4,96,556,126,133,13,828,0,0,0,828
10/23/2020,SLC,UT,ANM,WE,Towers with Radar,558,121,79,8,766,0,11,93,6,110,558,132,172,14,876,0,0,0,876
10/24/2020,SLC,UT,ANM,WE,Towers with Radar,494,89,40,3,626,0,15,64,2,81,494,104,104,5,707,0,0,0,707
10/25/2020,SLC,UT,ANM,WE,Towers with Radar,500,85,47,2,634,0,5,6,0,11,500,90,53,2,645,0,0,0,645
10/26/2020,SLC,UT,ANM,WE,Towers with Radar,482,115,50,8,655,0,10,84,3,97,482,125,134,11,752,38,0,38,790
10/27/2020,SLC,UT,ANM,WE,Towers with Radar,487,123,57,7,674,0,16,107,6,129,487,139,164,13,803,0,0,0,803
10/28/2020,SLC,UT,ANM,WE,Towers with Radar,490,135,62,8,695,0,15,98,19,132,490,150,160,27,827,0,0,0,827
10/29/2020,SLC,UT,ANM,WE,Towers with Radar,521,119,55,3,698,0,14,104,16,134,521,133,159,19,832,0,0,0,832
10/30/2020,SLC,UT,ANM,WE,Towers with Radar,507,138,49,2,696,0,12,109,8,129,507,150,158,10,825,0,0,0,825
10/31/2020,SLC,UT,ANM,WE,Towers with Radar,419,75,30,0,524,0,2,83,5,90,419,77,113,5,614,0,0,0,614
11/01/2020,SLC,UT,ANM,WE,Towers with Radar,477,70,34,0,581,0,1,56,1,58,477,71,90,1,639,14,0,14,653
11/02/2020,SLC,UT,ANM,WE,Towers with Radar,461,119,61,5,646,0,10,71,0,81,461,129,132,5,727,6,0,6,733
11/03/2020,SLC,UT,ANM,WE,Towers with Radar,431,136,44,5,616,0,7,96,3,106,431,143,140,8,722,38,0,38,760
11/04/2020,SLC,UT,ANM,WE,Towers with Radar,471,125,47,6,649,0,17,110,5,132,471,142,157,11,781,0,0,0,781
11/05/2020,SLC,UT,ANM,WE,Towers with Radar,524,146,48,7,725,0,4,109,9,122,524,150,157,16,847,0,0,0,847
11/06/2020,SLC,UT,ANM,WE,Towers with Radar,531,132,47,0,710,0,7,22,3,32,531,139,69,3,742,22,0,22,764
11/07/2020,SLC,UT,ANM,WE,Towers with Radar,480,84,23,4,591,0,7,8,0,15,480,91,31,4,606,0,0,0,606
11/08/2020,SLC,UT,ANM,WE,Towers with Radar,546,73,21,3,643,0,1,0,0,1,546,74,21,3,644,0,0,0,644
11/09/2020,SLC,UT,ANM,WE,Towers with Radar,530,134,40,6,710,0,6,20,3,29,530,140,60,9,739,0,0,0,739
11/10/2020,SLC,UT,ANM,WE,Towers with Radar,503,138,46,9,696,0,6,56,1,63,503,144,102,10,759,0,0,0,759
11/11/2020,SLC,UT,ANM,WE,Towers with Radar,519,134,61,2,716,0,3,2,0,5,519,137,63,2,721,0,0,0,721
11/12/2020,SLC,UT,ANM,WE,Towers with Radar,553,135,61,0,749,0,6,104,0,110,553,141,165,0,859,0,0,0,859
11/13/2020,SLC,UT,ANM,WE,Towers with Radar,567,150,52,5,774,0,9,25,0,34,567,159,77,5,808,0,0,0,808
11/14/2020,SLC,UT,ANM,WE,Towers with Radar,511,99,33,7,650,0,16,18,1,35,511,115,51,8,685,0,0,0,685
11/15/2020,SLC,UT,ANM,WE,Towers with Radar,582,86,59,1,728,0,9,40,0,49,582,95,99,1,777,0,0,0,777
11/16/2020,SLC,UT,ANM,WE,Towers with Radar,529,114,47,8,698,0,8,110,4,122,529,122,157,12,820,10,0,10,830
11/17/2020,SLC,UT,ANM,WE,Towers with Radar,514,130,65,5,714,0,8,42,4,54,514,138,107,9,768,0,0,0,768
11/18/2020,SLC,UT,ANM,WE,Towers with Radar,520,132,51,13,716,0,6,17,2,25,520,138,68,15,741,0,0,0,741
11/19/2020,SLC,UT,ANM,WE,Towers with Radar,554,140,53,7,754,0,6,116,4,126,554,146,169,11,880,0,0,0,880
11/20/2020,SLC,UT,ANM,WE,Towers with Radar,636,145,78,6,865,0,9,121,2,132,636,154,199,8,997,0,0,0,997
11/21/2020,SLC,UT,ANM,WE,Towers with Radar,624,101,59,0,784,0,5,132,1,138,624,106,191,1,922,20,0,20,942
11/22/2020,SLC,UT,ANM,WE,Towers with Radar,622,95,57,0,774,0,10,70,0,80,622,105,127,0,854,0,0,0,854
11/23/2020,SLC,UT,ANM,WE,Towers with Radar,642,132,46,5,825,0,2,54,1,57,642,134,100,6,882,0,0,0,882
11/24/2020,SLC,UT,ANM,WE,Towers with Radar,681,152,63,7,903,0,9,86,3,98,681,161,149,10,1001,0,0,0,1001
11/25/2020,SLC,UT,ANM,WE,Towers with Radar,644,162,70,4,880,0,21,79,1,101,644,183,149,5,981,0,0,0,981
11/26/2020,SLC,UT,ANM,WE,Towers with Radar,321,55,15,0,391,0,3,21,0,24,321,58,36,0,415,0,0,0,415
11/27/2020,SLC,UT,ANM,WE,Towers with Radar,467,101,27,0,595,0,8,85,3,96,467,109,112,3,691,0,0,0,691
11/28/2020,SLC,UT,ANM,WE,Towers with Radar,616,100,60,0,776,0,10,58,1,69,616,110,118,1,845,0,0,0,845
11/29/2020,SLC,UT,ANM,WE,Towers with Radar,656,104,115,0,875,0,8,64,2,74,656,112,179,2,949,0,0,0,949
11/30/2020,SLC,UT,ANM,WE,Towers with Radar,662,130,40,6,838,0,7,75,3,85,662,137,115,9,923,4,0,4,927
12/01/2020,SLC,UT,ANM,WE,Towers with Radar,638,141,38,8,825,0,12,83,5,100,638,153,121,13,925,6,0,6,931
12/02/2020,SLC,UT,ANM,WE,Towers with Radar,515,150,50,10,725,0,18,98,1,117,515,168,148,11,842,0,0,0,842
12/03/2020,SLC,UT,ANM,WE,Towers with Radar,573,145,75,10,803,0,13,103,2,118,573,158,178,12,921,0,0,0,921
12/04/2020,SLC,UT,ANM,WE,Towers with Radar,551,141,57,2,751,0,8,111,4,123,551,149,168,6,874,24,0,24,898
12/05/2020,SLC,UT,ANM,WE,Towers with Radar,489,86,33,4,612,0,1,71,1,73,489,87,104,5,685,0,0,0,685
12/06/2020,SLC,UT,ANM,WE,Towers with Radar,530,97,48,4,679,0,14,67,0,81,530,111,115,4,760,0,0,0,760
12/07/2020,SLC,UT,ANM,WE,Towers with Radar,526,128,52,8,714,0,8,72,6,86,526,136,124,14,800,0,0,0,800
12/08/2020,SLC,UT,ANM,WE,Towers with Radar,498,137,55,4,694,0,10,110,6,126,498,147,165,10,820,0,0,0,820
12/09/2020,SLC,UT,ANM,WE,Towers with Radar,522,137,75,5,739,0,14,102,6,122,522,151,177,11,861,0,0,0,861
12/10/2020,SLC,UT,ANM,WE,Towers with Radar,560,142,58,10,770,0,4,102,4,110,560,146,160,14,880,0,0,0,880
12/11/2020,SLC,UT,ANM,WE,Towers with Radar,557,156,62,1,776,0,12,32,4,48,557,168,94,5,824,0,0,0,824
12/12/2020,SLC,UT,ANM,WE,Towers with Radar,488,102,35,2,627,0,5,15,0,20,488,107,50,2,647,0,0,0,647
12/13/2020,SLC,UT,ANM,WE,Towers with Radar,528,105,42,0,675,0,11,68,0,79,528,116,110,0,754,14,0,14,768
12/14/2020,SLC,UT,ANM,WE,Towers with Radar,528,151,55,2,736,0,2,1,0,3,528,153,56,2,739,0,0,0,739
12/15/2020,SLC,UT,ANM,WE,Towers with Radar,505,180,60,2,747,0,16,47,6,69,505,196,107,8,816,0,0,0,816
12/16/2020,SLC,UT,ANM,WE,Towers with Radar,525,177,83,7,792,0,25,83,8,116,525,202,166,15,908,0,0,0,908
12/17/2020,SLC,UT,ANM,WE,Towers with Radar,596,187,78,1,862,1,5,1,0,7,597,192,79,1,869,0,0,0,869
12/18/2020,SLC,UT,ANM,WE,Towers with Radar,646,247,125,0,1018,0,22,48,4,74,646,269,173,4,1092,0,0,0,1092
12/19/2020,SLC,UT,ANM,WE,Towers with Radar,635,172,87,1,895,0,10,69,1,80,635,182,156,2,975,22,0,22,997
12/20/2020,SLC,UT,ANM,WE,Towers with Radar,630,163,76,4,873,0,5,38,2,45,630,168,114,6,918,0,0,0,918
12/21/2020,SLC,UT,ANM,WE,Towers with Radar,614,173,76,12,875,0,12,103,0,115,614,185,179,12,990,0,0,0,990
12/22/2020,SLC,UT,ANM,WE,Towers with Radar,645,200,66,4,915,0,12,15,12,39,645,212,81,16,954,0,0,0,954
12/23/2020,SLC,UT,ANM,WE,Towers with Radar,647,212,87,4,950,0,13,65,5,83,647,225,152,9,1033,0,0,0,1033
12/24/2020,SLC,UT,ANM,WE,Towers with Radar,396,140,38,0,574,0,5,50,0,55,396,145,88,0,629,0,0,0,629
12/25/2020,SLC,UT,ANM,WE,Towers with Radar,324,80,19,0,423,0,0,7,0,7,324,80,26,0,430,0,0,0,430
12/26/2020,SLC,UT,ANM,WE,Towers with Radar,584,182,113,0,879,0,11,16,0,27,584,193,129,0,906,0,0,0,906
12/27/2020,SLC,UT,ANM,WE,Towers with Radar,629,178,111,1,919,0,3,31,2,36,629,181,142,3,955,0,0,0,955
12/28/2020,SLC,UT,ANM,WE,Towers with Radar,588,207,79,8,882,0,8,15,0,23,588,215,94,8,905,0,0,0,905
12/29/2020,SLC,UT,ANM,WE,Towers with Radar,623,185,79,8,895,0,13,85,2,100,623,198,164,10,995,0,0,0,995
12/30/2020,SLC,UT,ANM,WE,Towers with Radar,627,193,76,5,901,0,16,90,8,114,627,209,166,13,1015,0,0,0,1015
12/31/2020,SLC,UT,ANM,WE,Towers with Radar,433,136,72,2,643,0,15,5,1,21,433,151,77,3,664,0,0,0,664
01/01/2021,SLC,UT,ANM,WE,Towers with Radar,448,107,52,2,609,0,4,17,1,22,448,111,69,3,631,10,0,10,641
01/02/2021,SLC,UT,ANM,WE,Towers with Radar,617,202,132,2,953,0,3,42,1,46,617,205,174,3,999,0,0,0,999
01/03/2021,SLC,UT,ANM,WE,Towers with Radar,635,242,162,0,1039,0,7,2,2,11,635,249,164,2,1050,6,0,6,1056
01/04/2021,SLC,UT,ANM,WE,Towers with Radar,600,187,86,4,877,0,8,68,4,80,600,195,154,8,957,0,0,0,957
01/05/2021,SLC,UT,ANM,WE,Towers with Radar,531,167,77,5,780,0,7,47,0,54,531,174,124,5,834,18,0,18,852
01/06/2021,SLC,UT,ANM,WE,Towers with Radar,527,146,75,8,756,0,22,91,3,116,527,168,166,11,872,0,0,0,872
01/07/2021,SLC,UT,ANM,WE,Towers with Radar,580,158,77,8,823,0,7,83,1,91,580,165,160,9,914,0,0,0,914
01/08/2021,SLC,UT,ANM,WE,Towers with Radar,566,145,59,5,775,0,5,84,2,91,566,150,143,7,866,0,0,0,866
01/09/2021,SLC,UT,ANM,WE,Towers with Radar,479,121,57,0,657,0,1,51,0,52,479,122,108,0,709,0,0,0,709
01/10/2021,SLC,UT,ANM,WE,Towers with Radar,537,148,73,3,761,0,5,48,4,57,537,153,121,7,818,0,0,0,818
01/11/2021,SLC,UT,ANM,WE,Towers with Radar,537,138,74,5,754,0,14,71,6,91,537,152,145,11,845,0,4,4,849
01/12/2021,SLC,UT,ANM,WE,Towers with Radar,493,157,54,4,708,0,13,75,5,93,493,170,129,9,801,0,0,0,801
01/13/2021,SLC,UT,ANM,WE,Towers with Radar,507,161,68,9,745,0,9,53,6,68,507,170,121,15,813,0,0,0,813
01/14/2021,SLC,UT,ANM,WE,Towers with Radar,572,197,86,10,865,0,16,81,1,98,572,213,167,11,963,0,0,0,963
01/15/2021,SLC,UT,ANM,WE,Towers with Radar,561,187,79,17,844,0,12,95,5,112,561,199,174,22,956,0,0,0,956
01/16/2021,SLC,UT,ANM,WE,Towers with Radar,470,106,45,10,631,0,4,63,4,71,470,110,108,14,702,0,0,0,702
01/17/2021,SLC,UT,ANM,WE,Towers with Radar,492,93,56,6,647,0,14,71,6,91,492,107,127,12,738,0,0,0,738
01/18/2021,SLC,UT,ANM,WE,Towers with Radar,545,191,87,2,825,0,10,60,5,75,545,201,147,7,900,0,0,0,900
01/19/2021,SLC,UT,ANM,WE,Towers with Radar,488,135,49,5,677,0,4,61,5,70,488,139,110,10,747,0,0,0,747
01/20/2021,SLC,UT,ANM,WE,Towers with Radar,501,150,63,4,718,0,3,107,6,116,501,153,170,10,834,48,0,48,882
01/21/2021,SLC,UT,ANM,WE,Towers with Radar,568,152,71,4,795,0,4,110,9,123,568,156,181,13,918,0,0,0,918
01/22/2021,SLC,UT,ANM,WE,Towers with Radar,573,166,82,1,822,0,17,41,0,58,573,183,123,1,880,0,0,0,880
01/23/2021,SLC,UT,ANM,WE,Towers with Radar,478,108,35,5,626,0,1,1,0,2,478,109,36,5,628,0,0,0,628
01/24/2021,SLC,UT,ANM,WE,Towers with Radar,545,105,74,7,731,0,1,0,0,1,545,106,74,7,732,0,0,0,732
01/25/2021,SLC,UT,ANM,WE,Towers with Radar,552,138,54,6,750,0,7,15,0,22,552,145,69,6,772,0,0,0,772
01/26/2021,SLC,UT,ANM,WE,Towers with Radar,500,138,51,5,694,0,5,2,0,7,500,143,53,5,701,0,0,0,701
01/27/2021,SLC,UT,ANM,WE,Towers with Radar,504,201,96,15,816,0,7,10,0,17,504,208,106,15,833,0,0,0,833
01/28/2021,SLC,UT,ANM,WE,Towers with Radar,577,206,86,9,878,0,3,19,6,28,577,209,105,15,906,0,0,0,906
01/29/2021,SLC,UT,ANM,WE,Towers with Radar,582,171,87,1,841,0,5,24,0,29,582,176,111,1,870,0,0,0,870
01/30/2021,SLC,UT,ANM,WE,Towers with Radar,472,113,55,0,640,0,10,68,2,80,472,123,123,2,720,0,0,0,720
01/31/2021,SLC,UT,ANM,WE,Towers with Radar,551,139,93,2,785,0,6,84,3,93,551,145,177,5,878,0,0,0,878
02/01/2021,SLC,UT,ANM,WE,Towers with Radar,532,130,52,7,721,0,16,93,8,117,532,146,145,15,838,0,0,0,838
02/02/2021,SLC,UT,ANM,WE,Towers with Radar,491,152,52,11,706,0,4,87,9,100,491,156,139,20,806,0,0,0,806
02/03/2021,SLC,UT,ANM,WE,Towers with Radar,510,160,45,2,717,0,11,8,8,27,510,171,53,10,744,0,0,0,744
02/04/2021,SLC,UT,ANM,WE,Towers with Radar,567,184,79,2,832,0,7,56,4,67,567,191,135,6,899,6,0,6,905
02/05/2021,SLC,UT,ANM,WE,Towers with Radar,577,178,61,4,820,0,11,5,1,17,577,189,66,5,837,0,0,0,837
02/06/2021,SLC,UT,ANM,WE,Towers with Radar,486,120,44,0,650,0,15,81,6,102,486,135,125,6,752,0,0,0,752
02/07/2021,SLC,UT,ANM,WE,Towers with Radar,499,94,52,0,645,0,8,49,4,61,499,102,101,4,706,0,0,0,706
02/08/2021,SLC,UT,ANM,WE,Towers with Radar,537,155,74,2,768,0,22,102,3,127,537,177,176,5,895,0,0,0,895
02/09/2021,SLC,UT,ANM,WE,Towers with Radar,495,166,56,5,722,0,9,58,2,69,495,175,114,7,791,0,0,0,791
02/10/2021,SLC,UT,ANM,WE,Towers with Radar,508,161,95,6,770,1,8,165,6,180,509,169,260,12,950,0,0,0,950
02/11/2021,SLC,UT,ANM,WE,Towers with Radar,571,220,136,5,932,1,6,75,7,89,572,226,211,12,1021,0,0,0,1021
02/12/2021,SLC,UT,ANM,WE,Towers with Radar,590,228,125,1,944,1,0,12,2,15,591,228,137,3,959,0,0,0,959
02/13/2021,SLC,UT,ANM,WE,Towers with Radar,461,170,93,0,724,0,1,0,0,1,461,171,93,0,725,0,0,0,725
02/14/2021,SLC,UT,ANM,WE,Towers with Radar,471,135,57,1,664,0,5,24,3,32,471,140,81,4,696,0,0,0,696
02/15/2021,SLC,UT,ANM,WE,Towers with Radar,520,214,160,1,895,0,3,1,7,11,520,217,161,8,906,0,0,0,906
02/16/2021,SLC,UT,ANM,WE,Towers with Radar,478,193,86,1,758,0,0,1,0,1,478,193,87,1,759,0,0,0,759
02/17/2021,SLC,UT,ANM,WE,Towers with Radar,470,170,86,2,728,0,10,5,2,17,470,180,91,4,745,0,0,0,745
02/18/2021,SLC,UT,ANM,WE,Towers with Radar,548,168,100,7,823,0,11,110,4,125,548,179,210,11,948,0,0,0,948
02/19/2021,SLC,UT,ANM,WE,Towers with Radar,572,226,87,4,889,0,12,20,2,34,572,238,107,6,923,0,0,0,923
02/20/2021,SLC,UT,ANM,WE,Towers with Radar,477,167,88,1,733,0,8,22,2,32,477,175,110,3,765,0,0,0,765
02/21/2021,SLC,UT,ANM,WE,Towers with Radar,561,169,100,2,832,0,6,73,3,82,561,175,173,5,914,0,0,0,914
02/22/2021,SLC,UT,ANM,WE,Towers with Radar,567,144,86,7,804,0,7,121,5,133,567,151,207,12,937,0,0,0,937
02/23/2021,SLC,UT,ANM,WE,Towers with Radar,514,159,56,4,733,0,11,72,2,85,514,170,128,6,818,34,0,34,852
02/24/2021,SLC,UT,ANM,WE,Towers with Radar,512,173,85,4,774,0,6,15,0,21,512,179,100,4,795,0,0,0,795
02/25/2021,SLC,UT,ANM,WE,Towers with Radar,587,184,86,9,866,0,13,114,5,132,587,197,200,14,998,0,0,0,998
02/26/2021,SLC,UT,ANM,WE,Towers with Radar,592,189,93,8,882,0,5,42,0,47,592,194,135,8,929,0,0,0,929
02/27/2021,SLC,UT,ANM,WE,Towers with Radar,486,130,60,3,679,0,3,5,4,12,486,133,65,7,691,16,0,16,707
02/28/2021,SLC,UT,ANM,WE,Towers with Radar,561,151,90,2,804,0,14,56,3,73,561,165,146,5,877,10,0,10,887
03/01/2021,SLC,UT,ANM,WE,Towers with Radar,565,137,61,5,768,0,7,111,1,119,565,144,172,6,887,0,0,0,887
03/02/2021,SLC,UT,ANM,WE,Towers with Radar,513,149,70,9,741,0,12,132,2,146,513,161,202,11,887,14,0,14,901
03/03/2021,SLC,UT,ANM,WE,Towers with Radar,520,159,80,3,762,0,15,142,2,159,520,174,222,5,921,0,0,0,921
03/04/2021,SLC,UT,ANM,WE,Towers with Radar,626,177,82,5,890,0,10,94,3,107,626,187,176,8,997,0,0,0,997
03/05/2021,SLC,UT,ANM,WE,Towers with Radar,612,170,81,5,868,0,11,118,8,137,612,181,199,13,1005,0,0,0,1005
03/06/2021,SLC,UT,ANM,WE,Towers with Radar,541,115,68,6,730,0,9,22,2,33,541,124,90,8,763,0,0,0,763
03/07/2021,SLC,UT,ANM,WE,Towers with Radar,599,136,91,3,829,0,0,83,5,88,599,136,174,8,917,0,0,0,917
03/08/2021,SLC,UT,ANM,WE,Towers with Radar,619,159,83,6,867,0,4,16,3,23,619,163,99,9,890,0,0,0,890
03/09/2021,SLC,UT,ANM,WE,Towers with Radar,539,158,57,8,762,0,6,36,2,44,539,164,93,10,806,4,0,4,810
03/10/2021,SLC,UT,ANM,WE,Towers with Radar,535,161,93,8,797,0,8,90,1,99,535,169,183,9,896,0,0,0,896
03/11/2021,SLC,UT,ANM,WE,Towers with Radar,645,182,101,15,943,0,9,19,2,30,645,191,120,17,973,0,0,0,973
03/12/2021,SLC,UT,ANM,WE,Towers with Radar,645,186,98,4,933,0,7,128,1,136,645,193,226,5,1069,0,0,0,1069
03/13/2021,SLC,UT,ANM,WE,Towers with Radar,556,148,88,0,792,0,5,8,0,13,556,153,96,0,805,0,0,0,805
03/14/2021,SLC,UT,ANM,WE,Towers with Radar,584,134,114,3,835,0,7,62,5,74,584,141,176,8,909,0,0,0,909
03/15/2021,SLC,UT,ANM,WE,Towers with Radar,598,171,64,8,841,0,3,89,2,94,598,174,153,10,935,0,0,0,935
03/16/2021,SLC,UT,ANM,WE,Towers with Radar,570,154,89,6,819,0,3,63,5,71,570,157,152,11,890,0,0,0,890
03/17/2021,SLC,UT,ANM,WE,Towers with Radar,562,181,79,5,827,1,4,97,6,108,563,185,176,11,935,50,0,50,985
03/18/2021,SLC,UT,ANM,WE,Towers with Radar,642,188,87,4,921,0,5,109,3,117,642,193,196,7,1038,90,0,90,1128
03/19/2021,SLC,UT,ANM,WE,Towers with Radar,652,170,98,5,925,0,11,76,2,89,652,181,174,7,1014,0,0,0,1014
03/20/2021,SLC,UT,ANM,WE,Towers with Radar,564,147,88,2,801,0,7,1,0,8,564,154,89,2,809,0,0,0,809
03/21/2021,SLC,UT,ANM,WE,Towers with Radar,613,145,109,4,871,0,16,22,12,50,613,161,131,16,921,0,0,0,921
03/22/2021,SLC,UT,ANM,WE,Towers with Radar,612,163,77,5,857,0,7,68,0,75,612,170,145,5,932,0,0,0,932
03/23/2021,SLC,UT,ANM,WE,Towers with Radar,572,144,71,7,794,0,8,22,1,31,572,152,93,8,825,12,0,12,837
03/24/2021,SLC,UT,ANM,WE,Towers with Radar,585,161,86,8,840,0,10,156,0,166,585,171,242,8,1006,0,0,0,1006
03/25/2021,SLC,UT,ANM,WE,Towers with Radar,638,208,92,2,940,0,5,32,6,43,638,213,124,8,983,0,0,0,983
03/26/2021,SLC,UT,ANM,WE,Towers with Radar,661,178,101,4,944,0,8,31,4,43,661,186,132,8,987,40,0,40,1027
03/27/2021,SLC,UT,ANM,WE,Towers with Radar,569,118,76,1,764,1,6,111,8,126,570,124,187,9,890,22,0,22,912
03/28/2021,SLC,UT,ANM,WE,Towers with Radar,621,125,85,0,831,0,14,92,6,112,621,139,177,6,943,0,0,0,943
03/29/2021,SLC,UT,ANM,WE,Towers with Radar,644,152,60,2,858,0,14,19,1,34,644,166,79,3,892,0,0,0,892
03/30/2021,SLC,UT,ANM,WE,Towers with Radar,569,152,64,6,791,0,16,113,6,135,569,168,177,12,926,0,0,0,926
03/31/2021,SLC,UT,ANM,WE,Towers with Radar,564,157,82,4,807,0,6,167,2,175,564,163,249,6,982,0,0,0,982
04/01/2021,SLC,UT,ANM,WE,Towers with Radar,655,158,81,6,900,0,12,150,4,166,655,170,231,10,1066,0,0,0,1066
04/02/2021,SLC,UT,ANM,WE,Towers with Radar,649,170,78,4,901,0,14,115,0,129,649,184,193,4,1030,36,0,36,1066
04/03/2021,SLC,UT,ANM,WE,Towers with Radar,560,115,66,0,741,0,7,89,0,96,560,122,155,0,837,0,0,0,837
04/04/2021,SLC,UT,ANM,WE,Towers with Radar,604,135,51,4,794,0,6,37,2,45,604,141,88,6,839,0,0,0,839
04/05/2021,SLC,UT,ANM,WE,Towers with Radar,632,157,84,8,881,0,1,66,0,67,632,158,150,8,948,0,0,0,948
04/06/2021,SLC,UT,ANM,WE,Towers with Radar,556,160,80,4,800,0,7,40,0,47,556,167,120,4,847,0,0,0,847
04/07/2021,SLC,UT,ANM,WE,Towers with Radar,563,164,77,8,812,0,8,138,0,146,563,172,215,8,958,0,0,0,958
04/08/2021,SLC,UT,ANM,WE,Towers with Radar,642,156,96,4,898,0,16,81,8,105,642,172,177,12,1003,0,0,0,1003
04/09/2021,SLC,UT,ANM,WE,Towers with Radar,640,141,64,2,847,0,6,122,1,129,640,147,186,3,976,0,0,0,976
04/10/2021,SLC,UT,ANM,WE,Towers with Radar,555,110,46,2,713,0,3,84,4,91,555,113,130,6,804,0,0,0,804
04/11/2021,SLC,UT,ANM,WE,Towers with Radar,626,111,64,3,804,0,5,52,0,57,626,116,116,3,861,0,0,0,861
04/12/2021,SLC,UT,ANM,WE,Towers with Radar,636,126,46,4,812,0,13,113,0,126,636,139,159,4,938,0,0,0,938
04/13/2021,SLC,UT,ANM,WE,Towers with Radar,569,150,43,6,768,0,13,32,0,45,569,163,75,6,813,0,0,0,813
04/14/2021,SLC,UT,ANM,WE,Towers with Radar,578,157,71,5,811,0,11,3,2,16,578,168,74,7,827,0,0,0,827
04/15/2021,SLC,UT,ANM,WE,Towers with Radar,638,176,63,4,881,0,2,9,2,13,638,178,72,6,894,0,0,0,894
04/16/2021,SLC,UT,ANM,WE,Towers with Radar,645,146,65,2,858,0,9,18,10,37,645,155,83,12,895,0,0,0,895
04/17/2021,SLC,UT,ANM,WE,Towers with Radar,570,92,48,3,713,0,5,70,0,75,570,97,118,3,788,0,0,0,788
04/18/2021,SLC,UT,ANM,WE,Towers with Radar,624,102,48,4,778,0,1,61,12,74,624,103,109,16,852,0,0,0,852
04/19/2021,SLC,UT,ANM,WE,Towers with Radar,617,127,51,4,799,0,13,43,4,60,617,140,94,8,859,0,0,0,859
04/20/2021,SLC,UT,ANM,WE,Towers with Radar,565,145,35,6,751,0,13,129,7,149,565,158,164,13,900,44,0,44,944
04/21/2021,SLC,UT,ANM,WE,Towers with Radar,559,151,56,2,768,0,2,80,4,86,559,153,136,6,854,0,0,0,854
04/22/2021,SLC,UT,ANM,WE,Towers with Radar,650,152,62,1,865,0,7,137,2,146,650,159,199,3,1011,0,0,0,1011
04/23/2021,SLC,UT,ANM,WE,Towers with Radar,643,144,56,0,843,0,7,124,2,133,643,151,180,2,976,0,0,0,976
04/24/2021,SLC,UT,ANM,WE,Towers with Radar,583,92,46,0,721,0,9,55,0,64,583,101,101,0,785,40,0,40,825
04/25/2021,SLC,UT,ANM,WE,Towers with Radar,627,116,44,0,787,0,11,35,0,46,627,127,79,0,833,0,0,0,833
04/26/2021,SLC,UT,ANM,WE,Towers with Radar,636,141,47,4,828,0,4,3,2,9,636,145,50,6,837,0,0,0,837
04/27/2021,SLC,UT,ANM,WE,Towers with Radar,562,146,52,4,764,0,7,54,8,69,562,153,106,12,833,0,0,0,833
04/28/2021,SLC,UT,ANM,WE,Towers with Radar,562,149,56,4,771,0,15,102,3,120,562,164,158,7,891,0,0,0,891
04/29/2021,SLC,UT,ANM,WE,Towers with Radar,654,143,74,5,876,1,11,106,15,133,655,154,180,20,1009,26,0,26,1035
04/30/2021,SLC,UT,ANM,WE,Towers with Radar,639,149,56,7,851,0,20,111,7,138,639,169,167,14,989,0,0,0,989
05/01/2021,SLC,UT,ANM,WE,Towers with Radar,598,85,35,8,726,0,4,57,3,64,598,89,92,11,790,6,0,6,796
05/02/2021,SLC,UT,ANM,WE,Towers with Radar,631,95,55,4,785,0,8,27,2,37,631,103,82,6,822,0,0,0,822
05/03/2021,SLC,UT,ANM,WE,Towers with Radar,616,129,39,10,794,0,7,78,0,85,616,136,117,10,879,86,0,86,965
05/04/2021,SLC,UT,ANM,WE,Towers with Radar,560,140,41,13,754,1,10,77,6,94,561,150,118,19,848,14,0,14,862
05/05/2021,SLC,UT,ANM,WE,Towers with Radar,621,154,72,12,859,0,3,92,8,103,621,157,164,20,962,0,0,0,962
05/06/2021,SLC,UT,ANM,WE,Towers with Radar,656,173,67,4,900,0,17,71,10,98,656,190,138,14,998,0,0,0,998
05/07/2021,SLC,UT,ANM,WE,Towers with Radar,687,167,62,9,925,1,5,29,3,38,688,172,91,12,963,0,0,0,963
05/08/2021,SLC,UT,ANM,WE,Towers with Radar,607,92,25,3,727,0,11,57,2,70,607,103,82,5,797,4,0,4,801
05/09/2021,SLC,UT,ANM,WE,Towers with Radar,642,98,30,2,772,0,5,30,0,35,642,103,60,2,807,4,0,4,811
05/10/2021,SLC,UT,ANM,WE,Towers with Radar,639,150,92,6,887,0,9,55,3,67,639,159,147,9,954,18,0,18,972
05/11/2021,SLC,UT,ANM,WE,Towers with Radar,630,147,59,8,844,0,8,97,1,106,630,155,156,9,950,0,0,0,950
05/12/2021,SLC,UT,ANM,WE,Towers with Radar,648,171,74,9,902,0,7,107,6,120,648,178,181,15,1022,0,0,0,1022
05/13/2021,SLC,UT,ANM,WE,Towers with Radar,664,159,76,11,910,0,13,75,4,92,664,172,151,15,1002,2,0,2,1004
05/14/2021,SLC,UT,ANM,WE,Towers with Radar,669,153,65,6,893,0,13,84,7,104,669,166,149,13,997,0,0,0,997
05/15/2021,SLC,UT,ANM,WE,Towers with Radar,615,102,37,4,758,0,3,71,3,77,615,105,108,7,835,0,0,0,835
05/16/2021,SLC,UT,ANM,WE,Towers with Radar,646,106,51,4,807,0,3,35,6,44,646,109,86,10,851,0,0,0,851
05/17/2021,SLC,UT,ANM,WE,Towers with Radar,655,121,61,3,840,0,11,69,4,84,655,132,130,7,924,0,0,0,924
05/18/2021,SLC,UT,ANM,WE,Towers with Radar,644,137,47,7,835,0,8,107,3,118,644,145,154,10,953,0,0,0,953
05/19/2021,SLC,UT,ANM,WE,Towers with Radar,659,144,66,10,879,0,12,75,8,95,659,156,141,18,974,20,0,20,994
05/20/2021,SLC,UT,ANM,WE,Towers with Radar,677,137,70,5,889,0,10,64,4,78,677,147,134,9,967,0,0,0,967
05/21/2021,SLC,UT,ANM,WE,Towers with Radar,665,158,53,2,878,0,2,46,2,50,665,160,99,4,928,0,0,0,928
05/22/2021,SLC,UT,ANM,WE,Towers with Radar,631,112,44,3,790,0,5,92,2,99,631,117,136,5,889,0,0,0,889
05/23/2021,SLC,UT,ANM,WE,Towers with Radar,664,133,65,0,862,1,3,17,0,21,665,136,82,0,883,0,0,0,883
05/24/2021,SLC,UT,ANM,WE,Towers with Radar,651,152,67,2,872,0,16,85,9,110,651,168,152,11,982,0,0,0,982
05/25/2021,SLC,UT,ANM,WE,Towers with Radar,651,144,44,4,843,0,9,83,3,95,651,153,127,7,938,0,0,0,938
05/26/2021,SLC,UT,ANM,WE,Towers with Radar,653,177,72,4,906,0,6,82,8,96,653,183,154,12,1002,0,0,0,1002
05/27/2021,SLC,UT,ANM,WE,Towers with Radar,671,177,74,5,927,0,8,115,2,125,671,185,189,7,1052,0,0,0,1052
05/28/2021,SLC,UT,ANM,WE,Towers with Radar,667,154,65,2,888,0,17,121,6,144,667,171,186,8,1032,0,0,0,1032
05/29/2021,SLC,UT,ANM,WE,Towers with Radar,607,100,24,2,733,0,1,84,3,88,607,101,108,5,821,0,0,0,821
05/30/2021,SLC,UT,ANM,WE,Towers with Radar,603,94,20,0,717,0,0,47,0,47,603,94,67,0,764,0,0,0,764
05/31/2021,SLC,UT,ANM,WE,Towers with Radar,636,117,71,0,824,0,5,77,3,85,636,122,148,3,909,0,0,0,909
06/01/2021,SLC,UT,ANM,WE,Towers with Radar,628,141,56,2,827,0,10,91,6,107,628,151,147,8,934,0,0,0,934
06/02/2021,SLC,UT,ANM,WE,Towers with Radar,662,163,81,14,920,0,13,76,7,96,662,176,157,21,1016,0,0,0,1016
06/03/2021,SLC,UT,ANM,WE,Towers with Radar,675,166,69,3,913,0,6,97,5,108,675,172,166,8,1021,0,0,0,1021
06/04/2021,SLC,UT,ANM,WE,Towers with Radar,683,163,39,3,888,0,8,94,1,103,683,171,133,4,991,0,0,0,991
06/05/2021,SLC,UT,ANM,WE,Towers with Radar,628,124,37,3,792,0,3,44,4,51,628,127,81,7,843,0,0,0,843
06/06/2021,SLC,UT,ANM,WE,Towers with Radar,671,143,52,4,870,0,10,44,3,57,671,153,96,7,927,0,0,0,927
06/07/2021,SLC,UT,ANM,WE,Towers with Radar,691,154,64,8,917,0,8,80,8,96,691,162,144,16,1013,0,0,0,1013
06/08/2021,SLC,UT,ANM,WE,Towers with Radar,688,157,83,5,933,0,12,38,9,59,688,169,121,14,992,0,0,0,992
06/09/2021,SLC,UT,ANM,WE,Towers with Radar,691,167,70,4,932,0,8,37,8,53,691,175,107,12,985,0,0,0,985
06/10/2021,SLC,UT,ANM,WE,Towers with Radar,718,168,85,1,972,0,24,36,7,67,718,192,121,8,1039,0,0,0,1039
06/11/2021,SLC,UT,ANM,WE,Towers with Radar,709,165,96,3,973,0,11,109,0,120,709,176,205,3,1093,0,0,0,1093
06/12/2021,SLC,UT,ANM,WE,Towers with Radar,631,142,41,1,815,0,12,69,2,83,631,154,110,3,898,0,0,0,898
06/13/2021,SLC,UT,ANM,WE,Towers with Radar,679,144,71,8,902,0,10,56,3,69,679,154,127,11,971,0,0,0,971
06/14/2021,SLC,UT,ANM,WE,Towers with Radar,696,149,64,8,917,0,6,47,4,57,696,155,111,12,974,0,0,0,974
06/15/2021,SLC,UT,ANM,WE,Towers with Radar,690,151,76,6,923,0,7,49,10,66,690,158,125,16,989,0,0,0,989
06/16/2021,SLC,UT,ANM,WE,Towers with Radar,711,174,92,7,984,0,16,97,11,124,711,190,189,18,1108,0,0,0,1108
06/17/2021,SLC,UT,ANM,WE,Towers with Radar,720,177,80,5,982,0,7,108,5,120,720,184,188,10,1102,0,0,0,1102
06/18/2021,SLC,UT,ANM,WE,Towers with Radar,713,183,86,0,982,0,8,83,5,96,713,191,169,5,1078,22,0,22,1100
06/19/2021,SLC,UT,ANM,WE,Towers with Radar,639,152,40,0,831,0,13,66,9,88,639,165,106,9,919,0,0,0,919
06/20/2021,SLC,UT,ANM,WE,Towers with Radar,687,125,58,0,870,0,9,44,4,57,687,134,102,4,927,24,0,24,951
06/21/2021,SLC,UT,ANM,WE,Towers with Radar,692,175,68,3,938,0,9,87,8,104,692,184,155,11,1042,0,0,0,1042
06/22/2021,SLC,UT,ANM,WE,Towers with Radar,718,156,70,8,952,0,9,74,10,93,718,165,144,18,1045,0,0,0,1045
06/23/2021,SLC,UT,ANM,WE,Towers with Radar,712,165,82,6,965,0,5,66,10,81,712,170,148,16,1046,0,0,0,1046
06/24/2021,SLC,UT,ANM,WE,Towers with Radar,716,181,87,2,986,1,10,29,6,46,717,191,116,8,1032,0,0,0,1032
06/25/2021,SLC,UT,ANM,WE,Towers with Radar,711,190,65,8,974,0,5,92,7,104,711,195,157,15,1078,0,0,0,1078
06/26/2021,SLC,UT,ANM,WE,Towers with Radar,656,147,63,1,867,0,9,85,11,105,656,156,148,12,972,0,0,0,972
06/27/2021,SLC,UT,ANM,WE,Towers with Radar,688,156,77,2,923,0,14,28,2,44,688,170,105,4,967,0,0,0,967
06/28/2021,SLC,UT,ANM,WE,Towers with Radar,697,160,71,6,934,0,8,53,4,65,697,168,124,10,999,0,0,0,999
06/29/2021,SLC,UT,ANM,WE,Towers with Radar,720,182,74,8,984,0,10,79,7,96,720,192,153,15,1080,0,0,0,1080
06/30/2021,SLC,UT,ANM,WE,Towers with Radar,707,191,88,7,993,0,12,82,8,102,707,203,170,15,1095,0,0,0,1095
07/01/2021,SLC,UT,ANM,WE,Towers with Radar,732,195,92,10,1029,0,17,76,5,98,732,212,168,15,1127,0,0,0,1127
07/02/2021,SLC,UT,ANM,WE,Towers with Radar,726,182,88,2,998,0,5,76,4,85,726,187,164,6,1083,0,0,0,1083
07/03/2021,SLC,UT,ANM,WE,Towers with Radar,649,160,36,0,845,0,9,71,9,89,649,169,107,9,934,0,0,0,934
07/04/2021,SLC,UT,ANM,WE,Towers with Radar,634,139,24,0,797,0,14,27,0,41,634,153,51,0,838,0,0,0,838
07/05/2021,SLC,UT,ANM,WE,Towers with Radar,700,139,89,0,928,0,5,58,3,66,700,144,147,3,994,0,0,0,994
07/06/2021,SLC,UT,ANM,WE,Towers with Radar,688,153,73,4,918,0,15,75,4,94,688,168,148,8,1012,0,0,0,1012
07/07/2021,SLC,UT,ANM,WE,Towers with Radar,711,193,75,4,983,0,19,94,3,116,711,212,169,7,1099,0,0,0,1099
07/08/2021,SLC,UT,ANM,WE,Towers with Radar,720,190,70,2,982,0,9,92,1,102,720,199,162,3,1084,0,0,0,1084
07/09/2021,SLC,UT,ANM,WE,Towers with Radar,714,169,63,2,948,0,13,65,5,83,714,182,128,7,1031,26,0,26,1057
07/10/2021,SLC,UT,ANM,WE,Towers with Radar,662,150,61,1,874,0,12,53,4,69,662,162,114,5,943,10,0,10,953
07/11/2021,SLC,UT,ANM,WE,Towers with Radar,701,128,78,2,909,0,6,53,4,63,701,134,131,6,972,0,0,0,972
07/12/2021,SLC,UT,ANM,WE,Towers with Radar,697,154,62,2,915,0,13,77,5,95,697,167,139,7,1010,0,0,0,1010
07/13/2021,SLC,UT,ANM,WE,Towers with Radar,715,159,71,3,948,0,19,74,11,104,715,178,145,14,1052,0,0,0,1052
07/14/2021,SLC,UT,ANM,WE,Towers with Radar,710,164,99,6,979,0,14,85,14,113,710,178,184,20,1092,0,0,0,1092
07/15/2021,SLC,UT,ANM,WE,Towers with Radar,715,184,91,5,995,0,6,82,7,95,715,190,173,12,1090,0,0,0,1090
07/16/2021,SLC,UT,ANM,WE,Towers with Radar,716,171,63,0,950,0,10,95,4,109,716,181,158,4,1059,8,0,8,1067
07/17/2021,SLC,UT,ANM,WE,Towers with Radar,664,124,63,1,852,0,4,102,3,109,664,128,165,4,961,20,0,20,981
07/18/2021,SLC,UT,ANM,WE,Towers with Radar,704,148,74,4,930,0,12,55,8,75,704,160,129,12,1005,14,0,14,1019
07/19/2021,SLC,UT,ANM,WE,Towers with Radar,703,162,78,5,948,0,8,81,14,103,703,170,159,19,1051,0,0,0,1051
07/20/2021,SLC,UT,ANM,WE,Towers with Radar,726,160,67,5,958,0,15,95,10,120,726,175,162,15,1078,14,0,14,1092
07/21/2021,SLC,UT,ANM,WE,Towers with Radar,722,171,88,5,986,0,15,82,10,107,722,186,170,15,1093,0,0,0,1093
07/22/2021,SLC,UT,ANM,WE,Towers with Radar,730,177,85,7,999,0,20,87,2,109,730,197,172,9,1108,0,0,0,1108
07/23/2021,SLC,UT,ANM,WE,Towers with Radar,745,181,79,1,1006,0,15,83,0,98,745,196,162,1,1104,2,0,2,1106
07/24/2021,SLC,UT,ANM,WE,Towers with Radar,668,137,56,3,864,0,17,67,5,89,668,154,123,8,953,0,0,0,953
07/25/2021,SLC,UT,ANM,WE,Towers with Radar,700,149,89,0,938,0,7,39,3,49,700,156,128,3,987,0,0,0,987
07/26/2021,SLC,UT,ANM,WE,Towers with Radar,706,155,64,10,935,0,10,48,0,58,706,165,112,10,993,0,0,0,993
07/27/2021,SLC,UT,ANM,WE,Towers with Radar,699,165,72,3,939,0,12,65,5,82,699,177,137,8,1021,0,0,0,1021
07/28/2021,SLC,UT,ANM,WE,Towers with Radar,719,183,72,4,978,0,4,79,3,86,719,187,151,7,1064,0,0,0,1064
07/29/2021,SLC,UT,ANM,WE,Towers with Radar,730,182,100,6,1018,0,12,82,2,96,730,194,182,8,1114,0,0,0,1114
07/30/2021,SLC,UT,ANM,WE,Towers with Radar,719,179,79,1,978,0,12,52,0,64,719,191,131,1,1042,0,0,0,1042
07/31/2021,SLC,UT,ANM,WE,Towers with Radar,669,144,63,1,877,0,13,73,0,86,669,157,136,1,963,0,0,0,963
08/01/2021,SLC,UT,ANM,WE,Towers with Radar,687,133,77,0,897,0,11,23,0,34,687,144,100,0,931,0,0,0,931
08/02/2021,SLC,UT,ANM,WE,Towers with Radar,696,159,68,8,931,0,13,39,2,54,696,172,107,10,985,0,0,0,985
08/03/2021,SLC,UT,ANM,WE,Towers with Radar,706,171,65,3,945,0,10,111,2,123,706,181,176,5,1068,0,0,0,1068
08/04/2021,SLC,UT,ANM,WE,Towers with Radar,718,163,74,7,962,0,16,72,12,100,718,179,146,19,1062,0,0,0,1062
08/05/2021,SLC,UT,ANM,WE,Towers with Radar,716,167,65,5,953,0,10,61,7,78,716,177,126,12,1031,0,0,0,1031
08/06/2021,SLC,UT,ANM,WE,Towers with Radar,715,175,76,6,972,0,6,27,1,34,715,181,103,7,1006,0,0,0,1006
08/07/2021,SLC,UT,ANM,WE,Towers with Radar,670,131,84,3,888,0,2,27,6,35,670,133,111,9,923,0,0,0,923
08/08/2021,SLC,UT,ANM,WE,Towers with Radar,689,160,88,6,943,0,4,24,0,28,689,164,112,6,971,0,0,0,971
08/09/2021,SLC,UT,ANM,WE,Towers with Radar,694,174,83,7,958,0,8,56,2,66,694,182,139,9,1024,0,0,0,1024
08/10/2021,SLC,UT,ANM,WE,Towers with Radar,706,168,69,7,950,0,6,82,6,94,706,174,151,13,1044,0,0,0,1044
08/11/2021,SLC,UT,ANM,WE,Towers with Radar,709,190,78,7,984,1,10,103,14,128,710,200,181,21,1112,0,0,0,1112
08/12/2021,SLC,UT,ANM,WE,Towers with Radar,734,166,113,5,1018,0,7,99,5,111,734,173,212,10,1129,0,0,0,1129
08/13/2021,SLC,UT,ANM,WE,Towers with Radar,713,165,83,2,963,0,15,105,2,122,713,180,188,4,1085,0,0,0,1085
08/14/2021,SLC,UT,ANM,WE,Towers with Radar,654,134,57,0,845,0,6,65,4,75,654,140,122,4,920,0,0,0,920
08/15/2021,SLC,UT,ANM,WE,Towers with Radar,681,156,102,1,940,0,3,56,5,64,681,159,158,6,1004,0,0,0,1004
08/16/2021,SLC,UT,ANM,WE,Towers with Radar,690,161,66,6,923,0,12,58,10,80,690,173,124,16,1003,0,0,0,1003
08/17/2021,SLC,UT,ANM,WE,Towers with Radar,681,169,81,5,936,0,8,36,4,48,681,177,117,9,984,0,0,0,984
08/18/2021,SLC,UT,ANM,WE,Towers with Radar,703,163,75,4,945,0,0,2,2,4,703,163,77,6,949,0,0,0,949
08/19/2021,SLC,UT,ANM,WE,Towers with Radar,726,201,78,8,1013,0,5,19,0,24,726,206,97,8,1037,0,0,0,1037
08/20/2021,SLC,UT,ANM,WE,Towers with Radar,717,168,71,5,961,0,17,109,2,128,717,185,180,7,1089,0,0,0,1089
08/21/2021,SLC,UT,ANM,WE,Towers with Radar,656,130,44,1,831,0,10,39,2,51,656,140,83,3,882,0,0,0,882
08/22/2021,SLC,UT,ANM,WE,Towers with Radar,702,139,85,0,926,0,5,67,1,73,702,144,152,1,999,0,0,0,999
08/23/2021,SLC,UT,ANM,WE,Towers with Radar,694,184,70,8,956,0,9,68,4,81,694,193,138,12,1037,0,0,0,1037
08/24/2021,SLC,UT,ANM,WE,Towers with Radar,687,166,58,14,925,0,10,92,0,102,687,176,150,14,1027,0,0,0,1027
08/25/2021,SLC,UT,ANM,WE,Towers with Radar,695,187,69,13,964,0,10,80,4,94,695,197,149,17,1058,0,0,0,1058
08/26/2021,SLC,UT,ANM,WE,Towers with Radar,704,175,92,10,981,0,8,119,6,133,704,183,211,16,1114,0,0,0,1114
08/27/2021,SLC,UT,ANM,WE,Towers with Radar,720,184,73,3,980,0,8,104,8,120,720,192,177,11,1100,0,0,0,1100
08/28/2021,SLC,UT,ANM,WE,Towers with Radar,651,122,29,2,804,0,12,76,4,92,651,134,105,6,896,0,0,0,896
08/29/2021,SLC,UT,ANM,WE,Towers with Radar,675,149,73,2,899,0,11,48,2,61,675,160,121,4,960,0,0,0,960
08/30/2021,SLC,UT,ANM,WE,Towers with Radar,692,158,54,6,910,0,9,77,6,92,692,167,131,12,1002,0,0,0,1002
08/31/2021,SLC,UT,ANM,WE,Towers with Radar,696,178,58,3,935,0,11,71,11,93,696,189,129,14,1028,0,0,0,1028
09/01/2021,SLC,UT,ANM,WE,Towers with Radar,688,182,84,2,956,0,12,65,4,81,688,194,149,6,1037,0,0,0,1037
09/02/2021,SLC,UT,ANM,WE,Towers with Radar,719,187,88,2,996,0,8,62,8,78,719,195,150,10,1074,0,0,0,1074
09/03/2021,SLC,UT,ANM,WE,Towers with Radar,726,180,108,1,1015,0,10,87,1,98,726,190,195,2,1113,12,0,12,1125
09/04/2021,SLC,UT,ANM,WE,Towers with Radar,636,140,33,0,809,0,15,57,1,73,636,155,90,1,882,12,0,12,894
09/05/2021,SLC,UT,ANM,WE,Towers with Radar,639,123,45,0,807,0,2,44,4,50,639,125,89,4,857,0,0,0,857
09/06/2021,SLC,UT,ANM,WE,Towers with Radar,669,133,85,1,888,0,5,68,0,73,669,138,153,1,961,0,0,0,961
09/07/2021,SLC,UT,ANM,WE,Towers with Radar,665,177,75,4,921,0,15,75,8,98,665,192,150,12,1019,0,0,0,1019
09/08/2021,SLC,UT,ANM,WE,Towers with Radar,664,175,85,7,931,0,19,102,2,123,664,194,187,9,1054,0,0,0,1054
09/09/2021,SLC,UT,ANM,WE,Towers with Radar,684,189,104,9,986,0,15,100,7,122,684,204,204,16,1108,0,0,0,1108
09/10/2021,SLC,UT,ANM,WE,Towers with Radar,709,194,75,3,981,0,4,51,3,58,709,198,126,6,1039,0,0,0,1039
09/11/2021,SLC,UT,ANM,WE,Towers with Radar,619,120,48,5,792,0,17,29,3,49,619,137,77,8,841,0,0,0,841
09/12/2021,SLC,UT,ANM,WE,Towers with Radar,666,129,84,2,881,0,8,65,8,81,666,137,149,10,962,0,0,0,962
09/13/2021,SLC,UT,ANM,WE,Towers with Radar,678,170,78,6,932,0,5,84,7,96,678,175,162,13,1028,0,0,0,1028
09/14/2021,SLC,UT,ANM,WE,Towers with Radar,661,156,91,3,911,0,5,100,7,112,661,161,191,10,1023,0,0,0,1023
09/15/2021,SLC,UT,ANM,WE,Towers with Radar,677,165,87,7,936,0,14,102,9,125,677,179,189,16,1061,0,0,0,1061
09/16/2021,SLC,UT,ANM,WE,Towers with Radar,706,166,74,11,957,0,10,93,4,107,706,176,167,15,1064,0,0,0,1064
09/17/2021,SLC,UT,ANM,WE,Towers with Radar,704,172,77,2,955,0,22,80,7,109,704,194,157,9,1064,0,0,0,1064
09/18/2021,SLC,UT,ANM,WE,Towers with Radar,642,130,50,6,828,0,8,13,3,24,642,138,63,9,852,0,0,0,852
09/19/2021,SLC,UT,ANM,WE,Towers with Radar,673,152,60,3,888,0,11,13,6,30,673,163,73,9,918,0,0,0,918
09/20/2021,SLC,UT,ANM,WE,Towers with Radar,681,168,74,12,935,0,4,96,4,104,681,172,170,16,1039,0,0,0,1039
09/21/2021,SLC,UT,ANM,WE,Towers with Radar,668,161,68,14,911,0,10,97,3,110,668,171,165,17,1021,0,0,0,1021
09/22/2021,SLC,UT,ANM,WE,Towers with Radar,674,165,71,3,913,0,7,115,4,126,674,172,186,7,1039,0,0,0,1039
09/23/2021,SLC,UT,ANM,WE,Towers with Radar,699,192,111,2,1004,0,19,104,7,130,699,211,215,9,1134,0,0,0,1134
09/24/2021,SLC,UT,ANM,WE,Towers with Radar,695,177,100,6,978,0,23,95,1,119,695,200,195,7,1097,0,0,0,1097
09/25/2021,SLC,UT,ANM,WE,Towers with Radar,627,131,61,5,824,0,6,71,4,81,627,137,132,9,905,0,0,0,905
09/26/2021,SLC,UT,ANM,WE,Towers with Radar,660,139,68,0,867,0,4,64,2,70,660,143,132,2,937,0,0,0,937
09/27/2021,SLC,UT,ANM,WE,Towers with Radar,683,152,77,2,914,0,11,98,2,111,683,163,175,4,1025,0,0,0,1025
09/28/2021,SLC,UT,ANM,WE,Towers with Radar,678,158,85,8,929,0,6,18,4,28,678,164,103,12,957,0,0,0,957
09/29/2021,SLC,UT,ANM,WE,Towers with Radar,673,161,79,2,915,0,10,64,4,78,673,171,143,6,993,0,0,0,993
09/30/2021,SLC,UT,ANM,WE,Towers with Radar,692,183,80,4,959,0,9,88,3,100,692,192,168,7,1059,0,0,0,1059
10/01/2021,SLC,UT,ANM,WE,Towers with Radar,694,146,73,2,915,0,9,130,2,141,694,155,203,4,1056,0,0,0,1056
10/02/2021,SLC,UT,ANM,WE,Towers with Radar,620,124,34,0,778,0,14,56,4,74,620,138,90,4,852,18,0,18,870
10/03/2021,SLC,UT,ANM,WE,Towers with Radar,651,113,56,1,821,0,11,51,3,65,651,124,107,4,886,0,0,0,886
10/04/2021,SLC,UT,ANM,WE,Towers with Radar,673,152,64,9,898,0,22,96,3,121,673,174,160,12,1019,0,0,0,1019
10/05/2021,SLC,UT,ANM,WE,Towers with Radar,662,155,74,4,895,0,20,62,0,82,662,175,136,4,977,0,0,0,977
10/06/2021,SLC,UT,ANM,WE,Towers with Radar,668,156,58,6,888,0,12,39,0,51,668,168,97,6,939,0,0,0,939
10/07/2021,SLC,UT,ANM,WE,Towers with Radar,691,168,82,3,944,0,18,44,0,62,691,186,126,3,1006,0,0,0,1006
10/08/2021,SLC,UT,ANM,WE,Towers with Radar,687,169,81,5,942,0,17,16,2,35,687,186,97,7,977,0,0,0,977
10/09/2021,SLC,UT,ANM,WE,Towers with Radar,614,118,41,0,773,0,5,12,2,19,614,123,53,2,792,0,0,0,792
10/10/2021,SLC,UT,ANM,WE,Towers with Radar,631,112,67,2,812,0,1,67,2,70,631,113,134,4,882,0,0,0,882
10/11/2021,SLC,UT,ANM,WE,Towers with Radar,665,132,81,1,879,0,9,37,0,46,665,141,118,1,925,0,0,0,925
10/12/2021,SLC,UT,ANM,WE,Towers with Radar,678,188,83,0,949,0,3,7,0,10,678,191,90,0,959,0,0,0,959
10/13/2021,SLC,UT,ANM,WE,Towers with Radar,684,166,92,7,949,0,13,92,4,109,684,179,184,11,1058,0,0,0,1058
10/14/2021,SLC,UT,ANM,WE,Towers with Radar,688,158,92,0,938,0,13,20,29,62,688,171,112,29,1000,0,0,0,1000
10/15/2021,SLC,UT,ANM,WE,Towers with Radar,689,162,74,4,929,0,14,103,1,118,689,176,177,5,1047,0,0,0,1047
10/16/2021,SLC,UT,ANM,WE,Towers with Radar,622,108,54,6,790,0,11,68,3,82,622,119,122,9,872,0,0,0,872
10/17/2021,SLC,UT,ANM,WE,Towers with Radar,660,103,82,2,847,0,12,44,2,58,660,115,126,4,905,0,0,0,905
10/18/2021,SLC,UT,ANM,WE,Towers with Radar,673,148,61,0,882,0,3,45,11,59,673,151,106,11,941,0,0,0,941
10/19/2021,SLC,UT,ANM,WE,Towers with Radar,673,168,83,4,928,0,13,25,0,38,673,181,108,4,966,0,0,0,966
10/20/2021,SLC,UT,ANM,WE,Towers with Radar,673,166,93,8,940,0,16,110,7,133,673,182,203,15,1073,0,0,0,1073
10/21/2021,SLC,UT,ANM,WE,Towers with Radar,585,128,80,2,795,0,14,118,1,133,585,142,198,3,928,0,0,0,928
10/22/2021,SLC,UT,ANM,WE,Towers with Radar,650,145,97,6,898,0,9,100,5,114,650,154,197,11,1012,0,0,0,1012
10/23/2021,SLC,UT,ANM,WE,Towers with Radar,606,105,57,1,769,0,6,4,4,14,606,111,61,5,783,0,0,0,783
10/24/2021,SLC,UT,ANM,WE,Towers with Radar,658,129,87,1,875,0,12,26,1,39,658,141,113,2,914,0,0,0,914
10/25/2021,SLC,UT,ANM,WE,Towers with Radar,679,149,72,1,901,0,12,9,2,23,679,161,81,3,924,0,0,0,924
10/26/2021,SLC,UT,ANM,WE,Towers with Radar,679,139,72,7,897,0,10,15,4,29,679,149,87,11,926,0,0,0,926
10/27/2021,SLC,UT,ANM,WE,Towers with Radar,678,155,73,4,910,0,4,106,16,126,678,159,179,20,1036,0,0,0,1036
10/28/2021,SLC,UT,ANM,WE,Towers with Radar,687,161,54,6,908,0,5,104,5,114,687,166,158,11,1022,0,0,0,1022
10/29/2021,SLC,UT,ANM,WE,Towers with Radar,689,141,71,5,906,0,9,105,4,118,689,150,176,9,1024,0,0,0,1024
10/30/2021,SLC,UT,ANM,WE,Towers with Radar,610,98,52,0,760,0,10,79,3,92,610,108,131,3,852,2,0,2,854
10/31/2021,SLC,UT,ANM,WE,Towers with Radar,508,120,38,0,666,0,14,36,1,51,508,134,74,1,717,0,0,0,717
11/01/2021,SLC,UT,ANM,WE,Towers with Radar,630,142,67,11,850,0,12,91,6,109,630,154,158,17,959,0,0,0,959
11/02/2021,SLC,UT,ANM,WE,Towers with Radar,638,135,59,10,842,0,2,29,5,36,638,137,88,15,878,0,0,0,878
11/03/2021,SLC,UT,ANM,WE,Towers with Radar,632,153,72,12,869,0,4,115,2,121,632,157,187,14,990,0,0,0,990
11/04/2021,SLC,UT,ANM,WE,Towers with Radar,654,150,70,5,879,0,4,118,2,124,654,154,188,7,1003,0,0,0,1003
11/05/2021,SLC,UT,ANM,WE,Towers with Radar,635,154,78,9,876,0,6,115,1,122,635,160,193,10,998,0,0,0,998
11/06/2021,SLC,UT,ANM,WE,Towers with Radar,594,104,41,3,742,0,20,74,2,96,594,124,115,5,838,0,0,0,838
11/07/2021,SLC,UT,ANM,WE,Towers with Radar,601,106,68,3,778,0,3,47,2,52,601,109,115,5,830,0,0,0,830
11/08/2021,SLC,UT,ANM,WE,Towers with Radar,613,134,62,10,819,0,9,71,1,81,613,143,133,11,900,0,0,0,900
11/09/2021,SLC,UT,ANM,WE,Towers with Radar,610,163,81,6,860,0,21,14,4,39,610,184,95,10,899,0,0,0,899
11/10/2021,SLC,UT,ANM,WE,Towers with Radar,620,139,82,8,849,0,9,80,6,95,620,148,162,14,944,0,0,0,944
11/11/2021,SLC,UT,ANM,WE,Towers with Radar,633,142,80,0,855,0,19,58,1,78,633,161,138,1,933,0,0,0,933
11/12/2021,SLC,UT,ANM,WE,Towers with Radar,631,141,49,2,823,0,14,83,0,97,631,155,132,2,920,0,0,0,920
11/13/2021,SLC,UT,ANM,WE,Towers with Radar,569,91,50,3,713,0,11,89,1,101,569,102,139,4,814,0,0,0,814
11/14/2021,SLC,UT,ANM,WE,Towers with Radar,607,103,47,0,757,0,7,56,2,65,607,110,103,2,822,0,0,0,822
11/15/2021,SLC,UT,ANM,WE,Towers with Radar,604,133,57,2,796,0,7,85,2,94,604,140,142,4,890,0,0,0,890
11/16/2021,SLC,UT,ANM,WE,Towers with Radar,617,140,80,5,842,0,15,64,2,81,617,155,144,7,923,0,0,0,923
11/17/2021,SLC,UT,ANM,WE,Towers with Radar,625,134,64,6,829,0,15,107,0,122,625,149,171,6,951,0,0,0,951
11/18/2021,SLC,UT,ANM,WE,Towers with Radar,650,144,76,6,876,0,3,110,2,115,650,147,186,8,991,0,0,0,991
11/19/2021,SLC,UT,ANM,WE,Towers with Radar,649,159,101,2,911,0,13,62,4,79,649,172,163,6,990,0,0,0,990
11/20/2021,SLC,UT,ANM,WE,Towers with Radar,602,105,79,6,792,0,9,33,3,45,602,114,112,9,837,0,0,0,837
11/21/2021,SLC,UT,ANM,WE,Towers with Radar,618,102,72,5,797,0,3,59,2,64,618,105,131,7,861,0,0,0,861
11/22/2021,SLC,UT,ANM,WE,Towers with Radar,625,127,64,4,820,0,16,110,6,132,625,143,174,10,952,0,0,0,952
11/23/2021,SLC,UT,ANM,WE,Towers with Radar,663,139,90,6,898,0,15,93,13,121,663,154,183,19,1019,0,0,0,1019
11/24/2021,SLC,UT,ANM,WE,Towers with Radar,672,155,84,5,916,0,5,86,2,93,672,160,170,7,1009,0,0,0,1009
11/25/2021,SLC,UT,ANM,WE,Towers with Radar,380,58,8,0,446,0,3,28,0,31,380,61,36,0,477,0,0,0,477
11/26/2021,SLC,UT,ANM,WE,Towers with Radar,472,135,56,0,663,0,12,69,3,84,472,147,125,3,747,0,0,0,747
11/27/2021,SLC,UT,ANM,WE,Towers with Radar,631,101,56,1,789,0,3,61,0,64,631,104,117,1,853,0,0,0,853
11/28/2021,SLC,UT,ANM,WE,Towers with Radar,640,129,109,0,878,0,9,48,2,59,640,138,157,2,937,0,0,0,937
11/29/2021,SLC,UT,ANM,WE,Towers with Radar,648,133,66,2,849,0,4,93,5,102,648,137,159,7,951,0,0,0,951
11/30/2021,SLC,UT,ANM,WE,Towers with Radar,652,150,60,7,869,0,10,89,2,101,652,160,149,9,970,0,0,0,970
12/01/2021,SLC,UT,ANM,WE,Towers with Radar,612,145,80,4,841,0,16,100,7,123,612,161,180,11,964,0,0,0,964
12/02/2021,SLC,UT,ANM,WE,Towers with Radar,640,148,72,1,861,0,9,116,0,125,640,157,188,1,986,0,0,0,986
12/03/2021,SLC,UT,ANM,WE,Towers with Radar,619,141,79,7,846,0,7,98,1,106,619,148,177,8,952,0,0,0,952
12/04/2021,SLC,UT,ANM,WE,Towers with Radar,499,106,59,2,666,0,8,81,2,91,499,114,140,4,757,0,0,0,757
12/05/2021,SLC,UT,ANM,WE,Towers with Radar,600,89,74,0,763,0,6,43,4,53,600,95,117,4,816,0,0,0,816
12/06/2021,SLC,UT,ANM,WE,Towers with Radar,601,119,53,8,781,0,4,65,5,74,601,123,118,13,855,0,0,0,855
12/07/2021,SLC,UT,ANM,WE,Towers with Radar,605,126,74,6,811,0,9,77,0,86,605,135,151,6,897,0,0,0,897
12/08/2021,SLC,UT,ANM,WE,Towers with Radar,602,154,89,5,850,0,5,80,6,91,602,159,169,11,941,0,0,0,941
12/09/2021,SLC,UT,ANM,WE,Towers with Radar,641,143,87,3,874,0,1,0,0,1,641,144,87,3,875,0,0,0,875
12/10/2021,SLC,UT,ANM,WE,Towers with Radar,617,142,88,2,849,0,5,13,1,19,617,147,101,3,868,0,0,0,868
12/11/2021,SLC,UT,ANM,WE,Towers with Radar,491,100,55,0,646,0,7,52,0,59,491,107,107,0,705,0,0,0,705
12/12/2021,SLC,UT,ANM,WE,Towers with Radar,596,108,66,2,772,0,3,38,0,41,596,111,104,2,813,0,0,0,813
12/13/2021,SLC,UT,ANM,WE,Towers with Radar,601,137,107,10,855,0,2,32,0,34,601,139,139,10,889,0,0,0,889
12/14/2021,SLC,UT,ANM,WE,Towers with Radar,572,146,74,4,796,0,4,16,0,20,572,150,90,4,816,0,0,0,816
12/15/2021,SLC,UT,ANM,WE,Towers with Radar,560,153,79,11,803,0,11,48,9,68,560,164,127,20,871,0,0,0,871
12/16/2021,SLC,UT,ANM,WE,Towers with Radar,661,187,99,3,950,0,3,7,6,16,661,190,106,9,966,0,0,0,966
12/17/2021,SLC,UT,ANM,WE,Towers with Radar,664,205,163,1,1033,0,13,45,6,64,664,218,208,7,1097,0,0,0,1097
12/18/2021,SLC,UT,ANM,WE,Towers with Radar,618,169,119,1,907,0,9,92,4,105,618,178,211,5,1012,0,0,0,1012
12/19/2021,SLC,UT,ANM,WE,Towers with Radar,636,146,117,2,901,0,8,52,2,62,636,154,169,4,963,0,0,0,963
12/20/2021,SLC,UT,ANM,WE,Towers with Radar,631,163,75,7,876,0,10,93,10,113,631,173,168,17,989,0,0,0,989
12/21/2021,SLC,UT,ANM,WE,Towers with Radar,663,176,100,5,944,0,6,53,3,62,663,182,153,8,1006,0,0,0,1006
12/22/2021,SLC,UT,ANM,WE,Towers with Radar,669,195,103,1,968,0,3,9,0,12,669,198,112,1,980,0,0,0,980
12/23/2021,SLC,UT,ANM,WE,Towers with Radar,664,202,117,0,983,0,4,14,4,22,664,206,131,4,1005,0,0,0,1005
12/24/2021,SLC,UT,ANM,WE,Towers with Radar,471,165,73,0,709,0,9,6,0,15,471,174,79,0,724,0,0,0,724
12/25/2021,SLC,UT,ANM,WE,Towers with Radar,407,122,36,0,565,0,5,0,2,7,407,127,36,2,572,0,0,0,572
12/26/2021,SLC,UT,ANM,WE,Towers with Radar,526,161,165,0,852,0,2,9,0,11,526,163,174,0,863,0,0,0,863
12/27/2021,SLC,UT,ANM,WE,Towers with Radar,571,221,157,0,949,0,9,4,0,13,571,230,161,0,962,0,0,0,962
12/28/2021,SLC,UT,ANM,WE,Towers with Radar,644,223,126,5,998,0,13,16,0,29,644,236,142,5,1027,0,0,0,1027
12/29/2021,SLC,UT,ANM,WE,Towers with Radar,645,209,122,6,982,0,7,26,0,33,645,216,148,6,1015,0,0,0,1015
12/30/2021,SLC,UT,ANM,WE,Towers with Radar,622,220,144,1,987,0,11,15,1,27,622,231,159,2,1014,0,0,0,1014
12/31/2021,SLC,UT,ANM,WE,Towers with Radar,494,204,112,0,810,0,9,10,4,23,494,213,122,4,833,0,0,0,833
01/01/2022,SLC,UT,ANM,WE,Towers with Radar,453,180,139,1,773,0,20,30,4,54,453,200,169,5,827,0,0,0,827
01/02/2022,SLC,UT,ANM,WE,Towers with Radar,590,191,237,1,1019,0,15,26,2,43,590,206,263,3,1062,0,0,0,1062
01/03/2022,SLC,UT,ANM,WE,Towers with Radar,610,194,131,2,937,0,15,83,2,100,610,209,214,4,1037,0,0,0,1037
01/04/2022,SLC,UT,ANM,WE,Towers with Radar,610,200,71,3,884,0,8,11,1,20,610,208,82,4,904,0,0,0,904
01/05/2022,SLC,UT,ANM,WE,Towers with Radar,587,153,78,4,822,0,3,7,2,12,587,156,85,6,834,0,0,0,834
01/06/2022,SLC,UT,ANM,WE,Towers with Radar,582,178,83,6,849,0,11,20,0,31,582,189,103,6,880,0,0,0,880
01/07/2022,SLC,UT,ANM,WE,Towers with Radar,578,158,89,3,828,0,8,33,2,43,578,166,122,5,871,0,0,0,871
01/08/2022,SLC,UT,ANM,WE,Towers with Radar,481,136,66,6,689,0,12,71,5,88,481,148,137,11,777,0,0,0,777
01/09/2022,SLC,UT,ANM,WE,Towers with Radar,568,116,83,4,771,0,11,64,2,77,568,127,147,6,848,0,0,0,848
01/10/2022,SLC,UT,ANM,WE,Towers with Radar,590,133,87,10,820,0,5,74,7,86,590,138,161,17,906,0,0,0,906
01/11/2022,SLC,UT,ANM,WE,Towers with Radar,598,145,69,8,820,0,5,76,6,87,598,150,145,14,907,0,0,0,907
01/12/2022,SLC,UT,ANM,WE,Towers with Radar,596,134,81,7,818,0,2,107,12,121,596,136,188,19,939,0,0,0,939
01/13/2022,SLC,UT,ANM,WE,Towers with Radar,610,167,111,9,897,0,2,76,0,78,610,169,187,9,975,0,0,0,975
01/14/2022,SLC,UT,ANM,WE,Towers with Radar,610,176,105,12,903,0,18,84,2,104,610,194,189,14,1007,0,0,0,1007
01/15/2022,SLC,UT,ANM,WE,Towers with Radar,455,121,67,7,650,0,4,55,1,60,455,125,122,8,710,0,0,0,710
01/16/2022,SLC,UT,ANM,WE,Towers with Radar,454,102,64,2,622,0,1,50,3,54,454,103,114,5,676,0,0,0,676
01/17/2022,SLC,UT,ANM,WE,Towers with Radar,608,187,134,7,936,0,5,57,3,65,608,192,191,10,1001,0,0,0,1001
01/18/2022,SLC,UT,ANM,WE,Towers with Radar,602,150,81,8,841,0,0,34,10,44,602,150,115,18,885,0,0,0,885
01/19/2022,SLC,UT,ANM,WE,Towers with Radar,605,157,96,6,864,0,5,8,10,23,605,162,104,16,887,0,0,0,887
01/20/2022,SLC,UT,ANM,WE,Towers with Radar,628,140,134,6,908,0,7,18,10,35,628,147,152,16,943,0,0,0,943
01/21/2022,SLC,UT,ANM,WE,Towers with Radar,628,140,88,6,862,0,7,26,5,38,628,147,114,11,900,0,0,0,900
01/22/2022,SLC,UT,ANM,WE,Towers with Radar,497,119,47,0,663,0,5,97,4,106,497,124,144,4,769,0,0,0,769
01/23/2022,SLC,UT,ANM,WE,Towers with Radar,584,106,104,2,796,0,4,62,0,66,584,110,166,2,862,0,0,0,862
01/24/2022,SLC,UT,ANM,WE,Towers with Radar,608,113,76,5,802,0,17,79,9,105,608,130,155,14,907,0,0,0,907
01/25/2022,SLC,UT,ANM,WE,Towers with Radar,606,153,78,8,845,0,7,49,5,61,606,160,127,13,906,0,0,0,906
01/26/2022,SLC,UT,ANM,WE,Towers with Radar,602,137,92,5,836,0,13,104,11,128,602,150,196,16,964,16,0,16,980
01/27/2022,SLC,UT,ANM,WE,Towers with Radar,629,156,94,9,888,0,8,82,15,105,629,164,176,24,993,0,0,0,993
01/28/2022,SLC,UT,ANM,WE,Towers with Radar,605,138,61,13,817,0,8,112,3,123,605,146,173,16,940,0,0,0,940
01/29/2022,SLC,UT,ANM,WE,Towers with Radar,474,123,47,3,647,0,1,98,6,105,474,124,145,9,752,0,0,0,752
01/30/2022,SLC,UT,ANM,WE,Towers with Radar,583,129,110,8,830,0,1,39,1,41,583,130,149,9,871,0,0,0,871
01/31/2022,SLC,UT,ANM,WE,Towers with Radar,612,125,77,8,822,0,6,78,5,89,612,131,155,13,911,0,0,0,911
02/01/2022,SLC,UT,ANM,WE,Towers with Radar,584,142,70,6,802,0,10,75,9,94,584,152,145,15,896,0,0,0,896
02/02/2022,SLC,UT,ANM,WE,Towers with Radar,585,149,86,3,823,0,15,54,10,79,585,164,140,13,902,0,0,0,902
02/03/2022,SLC,UT,ANM,WE,Towers with Radar,548,155,90,19,812,0,10,86,9,105,548,165,176,28,917,0,0,0,917
02/04/2022,SLC,UT,ANM,WE,Towers with Radar,582,141,105,19,847,0,9,74,6,89,582,150,179,25,936,0,0,0,936
02/05/2022,SLC,UT,ANM,WE,Towers with Radar,472,117,47,5,641,0,11,76,4,91,472,128,123,9,732,0,0,0,732
02/06/2022,SLC,UT,ANM,WE,Towers with Radar,584,126,85,4,799,0,0,44,1,45,584,126,129,5,844,0,0,0,844
02/07/2022,SLC,UT,ANM,WE,Towers with Radar,601,142,75,3,821,0,5,78,8,91,601,147,153,11,912,0,0,0,912
02/08/2022,SLC,UT,ANM,WE,Towers with Radar,592,157,82,3,834,0,5,66,5,76,592,162,148,8,910,0,0,0,910
02/09/2022,SLC,UT,ANM,WE,Towers with Radar,603,140,88,6,837,0,13,77,5,95,603,153,165,11,932,0,0,0,932
02/10/2022,SLC,UT,ANM,WE,Towers with Radar,618,143,94,7,862,0,8,89,6,103,618,151,183,13,965,0,0,0,965
02/11/2022,SLC,UT,ANM,WE,Towers with Radar,602,158,100,7,867,0,14,95,3,112,602,172,195,10,979,32,0,32,1011
02/12/2022,SLC,UT,ANM,WE,Towers with Radar,479,97,81,6,663,0,6,75,2,83,479,103,156,8,746,0,0,0,746
02/13/2022,SLC,UT,ANM,WE,Towers with Radar,488,107,77,2,674,0,4,48,1,53,488,111,125,3,727,0,0,0,727
02/14/2022,SLC,UT,ANM,WE,Towers with Radar,605,128,105,17,855,0,10,62,8,80,605,138,167,25,935,0,0,0,935
02/15/2022,SLC,UT,ANM,WE,Towers with Radar,608,136,72,10,826,0,2,40,20,62,608,138,112,30,888,0,0,0,888
02/16/2022,SLC,UT,ANM,WE,Towers with Radar,602,169,119,3,893,0,5,6,4,15,602,174,125,7,908,0,0,0,908
02/17/2022,SLC,UT,ANM,WE,Towers with Radar,618,188,121,4,931,0,6,87,10,103,618,194,208,14,1034,0,0,0,1034
02/18/2022,SLC,UT,ANM,WE,Towers with Radar,627,188,141,0,956,0,4,84,1,89,627,192,225,1,1045,0,0,0,1045
02/19/2022,SLC,UT,ANM,WE,Towers with Radar,483,130,86,2,701,0,9,67,2,78,483,139,153,4,779,0,0,0,779
02/20/2022,SLC,UT,ANM,WE,Towers with Radar,507,131,93,1,732,1,12,37,0,50,508,143,130,1,782,0,0,0,782
02/21/2022,SLC,UT,ANM,WE,Towers with Radar,599,218,161,0,978,0,6,10,1,17,599,224,171,1,995,0,0,0,995
02/22/2022,SLC,UT,ANM,WE,Towers with Radar,616,166,106,6,894,0,7,40,2,49,616,173,146,8,943,0,0,0,943
02/23/2022,SLC,UT,ANM,WE,Towers with Radar,604,163,110,7,884,0,2,1,2,5,604,165,111,9,889,0,0,0,889
02/24/2022,SLC,UT,ANM,WE,Towers with Radar,622,172,146,11,951,0,7,45,3,55,622,179,191,14,1006,0,0,0,1006
02/25/2022,SLC,UT,ANM,WE,Towers with Radar,618,161,109,4,892,0,6,71,1,78,618,167,180,5,970,0,0,0,970
02/26/2022,SLC,UT,ANM,WE,Towers with Radar,523,130,92,3,748,1,7,82,4,94,524,137,174,7,842,0,0,0,842
02/27/2022,SLC,UT,ANM,WE,Towers with Radar,600,127,125,3,855,1,4,54,7,66,601,131,179,10,921,0,0,0,921
02/28/2022,SLC,UT,ANM,WE,Towers with Radar,617,101,78,5,801,1,15,85,3,104,618,116,163,8,905,0,0,0,905
03/01/2022,SLC,UT,ANM,WE,Towers with Radar,616,125,69,7,817,0,13,115,1,129,616,138,184,8,946,0,0,0,946
03/02/2022,SLC,UT,ANM,WE,Towers with Radar,621,137,74,4,836,0,3,96,2,101,621,140,170,6,937,0,0,0,937
03/03/2022,SLC,UT,ANM,WE,Towers with Radar,627,166,123,0,916,0,3,78,8,89,627,169,201,8,1005,0,0,0,1005
03/04/2022,SLC,UT,ANM,WE,Towers with Radar,622,172,117,2,913,0,4,21,3,28,622,176,138,5,941,0,0,0,941
03/05/2022,SLC,UT,ANM,WE,Towers with Radar,503,117,90,0,710,0,6,5,0,11,503,123,95,0,721,0,0,0,721
03/06/2022,SLC,UT,ANM,WE,Towers with Radar,600,149,125,4,878,0,6,8,0,14,600,155,133,4,892,0,0,0,892
03/07/2022,SLC,UT,ANM,WE,Towers with Radar,630,144,120,1,895,0,9,101,2,112,630,153,221,3,1007,0,0,0,1007
03/08/2022,SLC,UT,ANM,WE,Towers with Radar,597,172,109,4,882,0,5,16,0,21,597,177,125,4,903,0,0,0,903
03/09/2022,SLC,UT,ANM,WE,Towers with Radar,600,152,100,10,862,0,11,4,3,18,600,163,104,13,880,0,0,0,880
03/10/2022,SLC,UT,ANM,WE,Towers with Radar,623,180,115,9,927,0,5,81,2,88,623,185,196,11,1015,0,0,0,1015
03/11/2022,SLC,UT,ANM,WE,Towers with Radar,640,146,127,3,916,0,7,92,0,99,640,153,219,3,1015,0,0,0,1015
03/12/2022,SLC,UT,ANM,WE,Towers with Radar,567,131,85,0,783,1,2,91,1,95,568,133,176,1,878,0,0,0,878
03/13/2022,SLC,UT,ANM,WE,Towers with Radar,599,140,128,1,868,0,7,6,0,13,599,147,134,1,881,0,0,0,881
03/14/2022,SLC,UT,ANM,WE,Towers with Radar,624,124,97,11,856,0,3,85,2,90,624,127,182,13,946,0,0,0,946
03/15/2022,SLC,UT,ANM,WE,Towers with Radar,638,130,88,5,861,1,0,74,5,80,639,130,162,10,941,0,0,0,941
03/16/2022,SLC,UT,ANM,WE,Towers with Radar,629,149,121,6,905,0,17,25,6,48,629,166,146,12,953,0,0,0,953
03/17/2022,SLC,UT,ANM,WE,Towers with Radar,623,159,104,5,891,0,9,99,5,113,623,168,203,10,1004,0,0,0,1004
03/18/2022,SLC,UT,ANM,WE,Towers with Radar,617,153,87,4,861,0,8,90,7,105,617,161,177,11,966,0,0,0,966
03/19/2022,SLC,UT,ANM,WE,Towers with Radar,581,122,81,0,784,0,6,55,0,61,581,128,136,0,845,0,0,0,845
03/20/2022,SLC,UT,ANM,WE,Towers with Radar,605,117,95,3,820,0,8,3,4,15,605,125,98,7,835,0,0,0,835
03/21/2022,SLC,UT,ANM,WE,Towers with Radar,610,138,65,5,818,0,18,63,0,81,610,156,128,5,899,0,0,0,899
03/22/2022,SLC,UT,ANM,WE,Towers with Radar,615,122,79,2,818,0,7,66,3,76,615,129,145,5,894,0,0,0,894
03/23/2022,SLC,UT,ANM,WE,Towers with Radar,626,128,90,7,851,0,4,106,4,114,626,132,196,11,965,0,0,0,965
03/24/2022,SLC,UT,ANM,WE,Towers with Radar,624,153,107,8,892,0,17,101,0,118,624,170,208,8,1010,0,0,0,1010
03/25/2022,SLC,UT,ANM,WE,Towers with Radar,637,143,96,1,877,0,4,105,1,110,637,147,201,2,987,0,0,0,987
03/26/2022,SLC,UT,ANM,WE,Towers with Radar,579,115,71,1,766,0,11,86,1,98,579,126,157,2,864,0,0,0,864
03/27/2022,SLC,UT,ANM,WE,Towers with Radar,600,113,91,1,805,0,5,29,0,34,600,118,120,1,839,0,0,0,839
03/28/2022,SLC,UT,ANM,WE,Towers with Radar,608,118,84,12,822,1,4,19,0,24,609,122,103,12,846,0,0,0,846
03/29/2022,SLC,UT,ANM,WE,Towers with Radar,608,139,73,6,826,0,3,14,5,22,608,142,87,11,848,0,0,0,848
03/30/2022,SLC,UT,ANM,WE,Towers with Radar,616,118,73,6,813,0,6,88,5,99,616,124,161,11,912,0,0,0,912
03/31/2022,SLC,UT,ANM,WE,Towers with Radar,619,132,108,8,867,0,7,37,7,51,619,139,145,15,918,0,0,0,918
04/01/2022,SLC,UT,ANM,WE,Towers with Radar,625,134,82,9,850,0,8,114,2,124,625,142,196,11,974,0,0,0,974
04/02/2022,SLC,UT,ANM,WE,Towers with Radar,549,99,45,4,697,0,8,65,5,78,549,107,110,9,775,0,0,0,775
04/03/2022,SLC,UT,ANM,WE,Towers with Radar,594,105,61,0,760,0,6,45,2,53,594,111,106,2,813,0,0,0,813
04/04/2022,SLC,UT,ANM,WE,Towers with Radar,623,117,73,11,824,0,17,38,5,60,623,134,111,16,884,0,0,0,884
04/05/2022,SLC,UT,ANM,WE,Towers with Radar,618,120,56,5,799,0,0,13,5,18,618,120,69,10,817,0,0,0,817
04/06/2022,SLC,UT,ANM,WE,Towers with Radar,633,134,64,4,835,0,8,93,4,105,633,142,157,8,940,0,0,0,940
04/07/2022,SLC,UT,ANM,WE,Towers with Radar,616,140,77,10,843,0,11,88,7,106,616,151,165,17,949,0,0,0,949
04/08/2022,SLC,UT,ANM,WE,Towers with Radar,624,127,78,7,836,0,7,94,3,104,624,134,172,10,940,0,0,0,940
04/09/2022,SLC,UT,ANM,WE,Towers with Radar,550,93,42,10,695,0,10,58,3,71,550,103,100,13,766,0,0,0,766
04/10/2022,SLC,UT,ANM,WE,Towers with Radar,599,104,62,6,771,0,7,37,1,45,599,111,99,7,816,40,0,40,856
04/11/2022,SLC,UT,ANM,WE,Towers with Radar,603,93,69,6,771,0,5,29,0,34,603,98,98,6,805,0,0,0,805
04/12/2022,SLC,UT,ANM,WE,Towers with Radar,628,109,62,1,800,1,3,2,2,8,629,112,64,3,808,0,0,0,808
04/13/2022,SLC,UT,ANM,WE,Towers with Radar,623,126,79,3,831,0,3,12,1,16,623,129,91,4,847,0,0,0,847
04/14/2022,SLC,UT,ANM,WE,Towers with Radar,627,132,95,8,862,0,9,68,4,81,627,141,163,12,943,0,0,0,943
04/15/2022,SLC,UT,ANM,WE,Towers with Radar,632,137,67,8,844,0,9,49,3,61,632,146,116,11,905,50,0,50,955
04/16/2022,SLC,UT,ANM,WE,Towers with Radar,556,83,30,1,670,0,8,31,0,39,556,91,61,1,709,0,0,0,709
04/17/2022,SLC,UT,ANM,WE,Towers with Radar,603,88,43,2,736,0,4,57,1,62,603,92,100,3,798,0,0,0,798
04/18/2022,SLC,UT,ANM,WE,Towers with Radar,613,105,69,9,796,0,2,77,1,80,613,107,146,10,876,0,0,0,876
04/19/2022,SLC,UT,ANM,WE,Towers with Radar,608,122,79,7,816,0,10,36,3,49,608,132,115,10,865,0,0,0,865
04/20/2022,SLC,UT,ANM,WE,Towers with Radar,611,122,71,6,810,0,3,104,12,119,611,125,175,18,929,0,0,0,929
04/21/2022,SLC,UT,ANM,WE,Towers with Radar,631,126,71,3,831,0,9,29,10,48,631,135,100,13,879,0,0,0,879
04/22/2022,SLC,UT,ANM,WE,Towers with Radar,587,125,84,2,798,0,4,1,5,10,587,129,85,7,808,0,0,0,808
04/23/2022,SLC,UT,ANM,WE,Towers with Radar,307,46,18,3,374,0,3,11,1,15,307,49,29,4,389,0,0,0,389
04/24/2022,SLC,UT,ANM,WE,Towers with Radar,604,96,82,3,785,0,11,61,2,74,604,107,143,5,859,0,0,0,859
04/25/2022,SLC,UT,ANM,WE,Towers with Radar,596,108,54,3,761,0,8,94,4,106,596,116,148,7,867,0,0,0,867
04/26/2022,SLC,UT,ANM,WE,Towers with Radar,615,98,61,14,788,0,5,63,3,71,615,103,124,17,859,0,0,0,859
04/27/2022,SLC,UT,ANM,WE,Towers with Radar,612,123,79,6,820,0,4,82,7,93,612,127,161,13,913,0,0,0,913
04/28/2022,SLC,UT,ANM,WE,Towers with Radar,635,126,78,4,843,0,9,48,4,61,635,135,126,8,904,0,0,0,904
04/29/2022,SLC,UT,ANM,WE,Towers with Radar,621,121,60,7,809,1,9,46,2,58,622,130,106,9,867,0,0,0,867
04/30/2022,SLC,UT,ANM,WE,Towers with Radar,537,82,38,3,660,0,18,100,2,120,537,100,138,5,780,0,0,0,780
05/01/2022,SLC,UT,ANM,WE,Towers with Radar,582,87,48,1,718,0,2,11,2,15,582,89,59,3,733,0,0,0,733
05/02/2022,SLC,UT,ANM,WE,Towers with Radar,585,98,41,3,727,0,13,53,1,67,585,111,94,4,794,0,0,0,794
05/03/2022,SLC,UT,ANM,WE,Towers with Radar,639,96,63,10,808,0,6,47,4,57,639,102,110,14,865,0,0,0,865
05/04/2022,SLC,UT,ANM,WE,Towers with Radar,620,116,91,8,835,0,10,59,6,75,620,126,150,14,910,0,0,0,910
05/05/2022,SLC,UT,ANM,WE,Towers with Radar,618,105,68,8,799,1,7,97,3,108,619,112,165,11,907,0,0,0,907
05/06/2022,SLC,UT,ANM,WE,Towers with Radar,632,100,73,4,809,0,13,78,3,94,632,113,151,7,903,0,0,0,903
05/07/2022,SLC,UT,ANM,WE,Towers with Radar,559,73,45,2,679,0,6,29,0,35,559,79,74,2,714,0,0,0,714
05/08/2022,SLC,UT,ANM,WE,Towers with Radar,582,70,43,1,696,0,0,15,0,15,582,70,58,1,711,0,0,0,711
05/09/2022,SLC,UT,ANM,WE,Towers with Radar,623,96,66,9,794,0,8,33,7,48,623,104,99,16,842,0,0,0,842
05/10/2022,SLC,UT,ANM,WE,Towers with Radar,622,114,62,15,813,0,4,78,1,83,622,118,140,16,896,0,0,0,896
05/11/2022,SLC,UT,ANM,WE,Towers with Radar,634,104,57,5,800,0,17,64,8,89,634,121,121,13,889,0,0,0,889
05/12/2022,SLC,UT,ANM,WE,Towers with Radar,626,121,76,5,828,0,19,60,11,90,626,140,136,16,918,0,0,0,918
05/13/2022,SLC,UT,ANM,WE,Towers with Radar,616,118,43,7,784,0,22,63,7,92,616,140,106,14,876,0,0,0,876
05/14/2022,SLC,UT,ANM,WE,Towers with Radar,533,84,33,5,655,0,17,59,13,89,533,101,92,18,744,0,0,0,744
05/15/2022,SLC,UT,ANM,WE,Towers with Radar,592,74,41,7,714,0,19,59,2,80,592,93,100,9,794,0,0,0,794
05/16/2022,SLC,UT,ANM,WE,Towers with Radar,601,93,41,12,747,0,6,80,2,88,601,99,121,14,835,0,0,0,835
05/17/2022,SLC,UT,ANM,WE,Towers with Radar,616,94,40,5,755,0,5,76,2,83,616,99,116,7,838,0,0,0,838
05/18/2022,SLC,UT,ANM,WE,Towers with Radar,630,108,83,6,827,0,12,73,5,90,630,120,156,11,917,0,0,0,917
05/19/2022,SLC,UT,ANM,WE,Towers with Radar,638,101,64,9,812,0,10,46,6,62,638,111,110,15,874,0,0,0,874
05/20/2022,SLC,UT,ANM,WE,Towers with Radar,624,99,61,4,788,0,16,43,4,63,624,115,104,8,851,0,0,0,851
05/21/2022,SLC,UT,ANM,WE,Towers with Radar,545,79,29,1,654,0,5,86,4,95,545,84,115,5,749,0,0,0,749
05/22/2022,SLC,UT,ANM,WE,Towers with Radar,609,63,61,5,738,0,5,46,8,59,609,68,107,13,797,0,0,0,797
05/23/2022,SLC,UT,ANM,WE,Towers with Radar,628,90,56,10,784,0,17,77,15,109,628,107,133,25,893,0,0,0,893
05/24/2022,SLC,UT,ANM,WE,Towers with Radar,615,104,62,9,790,0,14,89,4,107,615,118,151,13,897,0,0,0,897
05/25/2022,SLC,UT,ANM,WE,Towers with Radar,628,116,76,6,826,0,11,98,3,112,628,127,174,9,938,0,0,0,938
05/26/2022,SLC,UT,ANM,WE,Towers with Radar,636,123,82,7,848,0,11,81,6,98,636,134,163,13,946,0,0,0,946
05/27/2022,SLC,UT,ANM,WE,Towers with Radar,642,111,93,0,846,0,24,79,1,104,642,135,172,1,950,0,0,0,950
05/28/2022,SLC,UT,ANM,WE,Towers with Radar,555,79,36,0,670,0,15,20,1,36,555,94,56,1,706,0,0,0,706
05/29/2022,SLC,UT,ANM,WE,Towers with Radar,558,67,33,1,659,0,2,2,1,5,558,69,35,2,664,0,0,0,664
05/30/2022,SLC,UT,ANM,WE,Towers with Radar,613,83,66,0,762,0,4,15,3,22,613,87,81,3,784,0,0,0,784
05/31/2022,SLC,UT,ANM,WE,Towers with Radar,610,119,55,2,786,0,23,86,2,111,610,142,141,4,897,0,0,0,897
06/01/2022,SLC,UT,ANM,WE,Towers with Radar,629,101,63,8,801,0,18,104,0,122,629,119,167,8,923,0,0,0,923
06/02/2022,SLC,UT,ANM,WE,Towers with Radar,631,108,62,8,809,0,6,126,7,139,631,114,188,15,948,0,0,0,948
06/03/2022,SLC,UT,ANM,WE,Towers with Radar,637,103,61,6,807,0,16,78,7,101,637,119,139,13,908,0,0,0,908
06/04/2022,SLC,UT,ANM,WE,Towers with Radar,537,85,42,5,669,0,2,41,3,46,537,87,83,8,715,0,0,0,715
06/05/2022,SLC,UT,ANM,WE,Towers with Radar,630,74,57,4,765,0,3,34,1,38,630,77,91,5,803,0,0,0,803
06/06/2022,SLC,UT,ANM,WE,Towers with Radar,652,83,73,8,816,0,9,85,3,97,652,92,158,11,913,0,0,0,913
06/07/2022,SLC,UT,ANM,WE,Towers with Radar,646,111,53,4,814,0,12,89,15,116,646,123,142,19,930,0,0,0,930
06/08/2022,SLC,UT,ANM,WE,Towers with Radar,649,112,47,5,813,0,4,94,6,104,649,116,141,11,917,6,0,6,923
06/09/2022,SLC,UT,ANM,WE,Towers with Radar,670,144,67,3,884,0,5,87,6,98,670,149,154,9,982,46,0,46,1028
06/10/2022,SLC,UT,ANM,WE,Towers with Radar,664,133,57,4,858,0,8,83,5,96,664,141,140,9,954,40,0,40,994
06/11/2022,SLC,UT,ANM,WE,Towers with Radar,604,98,58,5,765,0,10,85,3,98,604,108,143,8,863,0,0,0,863
06/12/2022,SLC,UT,ANM,WE,Towers with Radar,656,88,58,8,810,0,6,26,0,32,656,94,84,8,842,0,0,0,842
06/13/2022,SLC,UT,ANM,WE,Towers with Radar,651,115,62,5,833,1,11,23,3,38,652,126,85,8,871,0,0,0,871
06/14/2022,SLC,UT,ANM,WE,Towers with Radar,644,110,67,11,832,0,6,93,3,102,644,116,160,14,934,0,0,0,934
06/15/2022,SLC,UT,ANM,WE,Towers with Radar,663,142,88,8,901,0,6,110,7,123,663,148,198,15,1024,0,0,0,1024
06/16/2022,SLC,UT,ANM,WE,Towers with Radar,640,128,76,7,851,0,15,101,6,122,640,143,177,13,973,0,0,0,973
06/17/2022,SLC,UT,ANM,WE,Towers with Radar,661,135,87,1,884,0,4,24,1,29,661,139,111,2,913,0,0,0,913
06/18/2022,SLC,UT,ANM,WE,Towers with Radar,604,93,47,4,748,0,9,25,2,36,604,102,72,6,784,0,0,0,784
06/19/2022,SLC,UT,ANM,WE,Towers with Radar,616,103,53,0,772,0,9,23,2,34,616,112,76,2,806,0,0,0,806
06/20/2022,SLC,UT,ANM,WE,Towers with Radar,659,132,69,0,860,0,5,85,1,91,659,137,154,1,951,0,0,0,951
06/21/2022,SLC,UT,ANM,WE,Towers with Radar,649,116,79,10,854,0,20,119,1,140,649,136,198,11,994,60,0,60,1054
06/22/2022,SLC,UT,ANM,WE,Towers with Radar,645,142,67,7,861,0,12,104,3,119,645,154,171,10,980,0,0,0,980
06/23/2022,SLC,UT,ANM,WE,Towers with Radar,685,155,80,3,923,0,4,53,7,64,685,159,133,10,987,0,0,0,987
06/24/2022,SLC,UT,ANM,WE,Towers with Radar,673,136,82,2,893,0,13,56,4,73,673,149,138,6,966,0,0,0,966
06/25/2022,SLC,UT,ANM,WE,Towers with Radar,556,100,61,3,720,0,14,56,4,74,556,114,117,7,794,0,0,0,794
06/26/2022,SLC,UT,ANM,WE,Towers with Radar,627,97,69,0,793,0,4,43,2,49,627,101,112,2,842,0,0,0,842
06/27/2022,SLC,UT,ANM,WE,Towers with Radar,649,124,90,7,870,0,9,109,5,123,649,133,199,12,993,0,0,0,993
06/28/2022,SLC,UT,ANM,WE,Towers with Radar,643,132,76,4,855,0,11,56,5,72,643,143,132,9,927,0,0,0,927
06/29/2022,SLC,UT,ANM,WE,Towers with Radar,658,124,88,4,874,0,6,57,7,70,658,130,145,11,944,0,0,0,944
06/30/2022,SLC,UT,ANM,WE,Towers with Radar,675,133,99,4,911,0,2,79,5,86,675,135,178,9,997,0,0,0,997
07/01/2022,SLC,UT,ANM,WE,Towers with Radar,682,147,74,2,905,0,5,63,6,74,682,152,137,8,979,32,0,32,1011
07/02/2022,SLC,UT,ANM,WE,Towers with Radar,607,104,44,1,756,0,5,50,3,58,607,109,94,4,814,22,0,22,836
07/03/2022,SLC,UT,ANM,WE,Towers with Radar,597,72,43,1,713,0,12,21,3,36,597,84,64,4,749,0,0,0,749
07/04/2022,SLC,UT,ANM,WE,Towers with Radar,579,75,52,0,706,0,4,21,2,27,579,79,73,2,733,0,0,0,733
07/05/2022,SLC,UT,ANM,WE,Towers with Radar,633,122,91,3,849,0,10,76,4,90,633,132,167,7,939,58,0,58,997
07/06/2022,SLC,UT,ANM,WE,Towers with Radar,615,116,65,12,808,0,13,84,2,99,615,129,149,14,907,0,0,0,907
07/07/2022,SLC,UT,ANM,WE,Towers with Radar,623,146,55,11,835,0,8,84,6,98,623,154,139,17,933,114,0,114,1047
07/08/2022,SLC,UT,ANM,WE,Towers with Radar,627,125,78,3,833,0,16,66,5,87,627,141,144,8,920,0,0,0,920
07/09/2022,SLC,UT,ANM,WE,Towers with Radar,591,97,37,4,729,0,4,63,1,68,591,101,100,5,797,0,0,0,797
07/10/2022,SLC,UT,ANM,WE,Towers with Radar,662,122,78,4,866,0,12,60,2,74,662,134,138,6,940,6,0,6,946
07/11/2022,SLC,UT,ANM,WE,Towers with Radar,670,110,79,4,863,1,17,83,6,107,671,127,162,10,970,0,0,0,970
07/12/2022,SLC,UT,ANM,WE,Towers with Radar,665,126,71,2,864,0,9,68,3,80,665,135,139,5,944,0,0,0,944
07/13/2022,SLC,UT,ANM,WE,Towers with Radar,662,137,63,4,866,0,13,57,5,75,662,150,120,9,941,0,0,0,941
07/14/2022,SLC,UT,ANM,WE,Towers with Radar,685,132,78,7,902,0,12,57,7,76,685,144,135,14,978,0,0,0,978
07/15/2022,SLC,UT,ANM,WE,Towers with Radar,680,134,71,3,888,0,12,71,3,86,680,146,142,6,974,26,0,26,1000
07/16/2022,SLC,UT,ANM,WE,Towers with Radar,581,98,50,0,729,0,3,73,2,78,581,101,123,2,807,16,0,16,823
07/17/2022,SLC,UT,ANM,WE,Towers with Radar,625,111,47,5,788,0,1,33,4,38,625,112,80,9,826,0,0,0,826
07/18/2022,SLC,UT,ANM,WE,Towers with Radar,677,115,69,4,865,0,13,60,1,74,677,128,129,5,939,0,0,0,939
07/19/2022,SLC,UT,ANM,WE,Towers with Radar,660,111,70,3,844,0,16,68,4,88,660,127,138,7,932,0,0,0,932
07/20/2022,SLC,UT,ANM,WE,Towers with Radar,677,118,82,6,883,0,11,113,9,133,677,129,195,15,1016,0,0,0,1016
07/21/2022,SLC,UT,ANM,WE,Towers with Radar,688,133,66,4,891,0,13,66,7,86,688,146,132,11,977,0,0,0,977
07/22/2022,SLC,UT,ANM,WE,Towers with Radar,697,125,56,0,878,0,12,78,3,93,697,137,134,3,971,0,0,0,971
07/23/2022,SLC,UT,ANM,WE,Towers with Radar,586,92,41,1,720,0,10,74,0,84,586,102,115,1,804,0,0,0,804
07/24/2022,SLC,UT,ANM,WE,Towers with Radar,641,102,71,1,815,0,9,21,1,31,641,111,92,2,846,0,0,0,846
07/25/2022,SLC,UT,ANM,WE,Towers with Radar,659,109,55,6,829,0,17,58,2,77,659,126,113,8,906,0,0,0,906
07/26/2022,SLC,UT,ANM,WE,Towers with Radar,656,114,64,9,843,0,10,92,2,104,656,124,156,11,947,0,0,0,947
07/27/2022,SLC,UT,ANM,WE,Towers with Radar,675,130,91,8,904,0,19,61,5,85,675,149,152,13,989,0,0,0,989
07/28/2022,SLC,UT,ANM,WE,Towers with Radar,672,120,72,6,870,0,23,61,6,90,672,143,133,12,960,0,0,0,960
07/29/2022,SLC,UT,ANM,WE,Towers with Radar,683,135,61,1,880,0,10,73,8,91,683,145,134,9,971,12,0,12,983
07/30/2022,SLC,UT,ANM,WE,Towers with Radar,599,97,52,2,750,0,12,73,9,94,599,109,125,11,844,6,0,6,850
07/31/2022,SLC,UT,ANM,WE,Towers with Radar,632,95,68,1,796,0,10,48,10,68,632,105,116,11,864,0,0,0,864
08/01/2022,SLC,UT,ANM,WE,Towers with Radar,656,124,63,3,846,0,5,65,2,72,656,129,128,5,918,0,0,0,918
08/02/2022,SLC,UT,ANM,WE,Towers with Radar,677,127,71,4,879,0,15,63,5,83,677,142,134,9,962,0,0,0,962
08/03/2022,SLC,UT,ANM,WE,Towers with Radar,654,134,72,6,866,0,19,91,3,113,654,153,163,9,979,0,0,0,979
08/04/2022,SLC,UT,ANM,WE,Towers with Radar,660,142,81,4,887,0,10,78,3,91,660,152,159,7,978,0,0,0,978
08/05/2022,SLC,UT,ANM,WE,Towers with Radar,661,124,72,2,859,0,17,34,2,53,661,141,106,4,912,0,0,0,912
08/06/2022,SLC,UT,ANM,WE,Towers with Radar,590,105,48,3,746,0,8,28,2,38,590,113,76,5,784,0,0,0,784
08/07/2022,SLC,UT,ANM,WE,Towers with Radar,633,108,94,2,837,0,10,78,4,92,633,118,172,6,929,0,0,0,929
08/08/2022,SLC,UT,ANM,WE,Towers with Radar,664,121,75,7,867,0,19,84,3,106,664,140,159,10,973,0,0,0,973
08/09/2022,SLC,UT,ANM,WE,Towers with Radar,654,118,64,8,844,0,14,85,5,104,654,132,149,13,948,0,0,0,948
08/10/2022,SLC,UT,ANM,WE,Towers with Radar,643,131,94,7,875,0,11,65,2,78,643,142,159,9,953,0,0,0,953
08/11/2022,SLC,UT,ANM,WE,Towers with Radar,675,153,74,4,906,0,13,61,8,82,675,166,135,12,988,0,0,0,988
08/12/2022,SLC,UT,ANM,WE,Towers with Radar,677,131,51,2,861,0,9,54,4,67,677,140,105,6,928,0,0,0,928
08/13/2022,SLC,UT,ANM,WE,Towers with Radar,597,114,51,2,764,0,8,54,6,68,597,122,105,8,832,0,0,0,832
08/14/2022,SLC,UT,ANM,WE,Towers with Radar,630,116,81,3,830,0,7,56,3,66,630,123,137,6,896,0,0,0,896
08/15/2022,SLC,UT,ANM,WE,Towers with Radar,668,118,57,12,855,1,16,78,4,99,669,134,135,16,954,0,0,0,954
08/16/2022,SLC,UT,ANM,WE,Towers with Radar,639,138,60,3,840,0,21,86,6,113,639,159,146,9,953,0,0,0,953
08/17/2022,SLC,UT,ANM,WE,Towers with Radar,651,115,94,10,870,0,11,82,9,102,651,126,176,19,972,0,0,0,972
08/18/2022,SLC,UT,ANM,WE,Towers with Radar,677,138,75,5,895,0,15,70,4,89,677,153,145,9,984,0,0,0,984
08/19/2022,SLC,UT,ANM,WE,Towers with Radar,660,153,61,3,877,0,8,37,4,49,660,161,98,7,926,0,0,0,926
08/20/2022,SLC,UT,ANM,WE,Towers with Radar,590,112,45,4,751,0,6,54,3,63,590,118,99,7,814,0,0,0,814
08/21/2022,SLC,UT,ANM,WE,Towers with Radar,635,106,70,2,813,0,10,53,5,68,635,116,123,7,881,0,0,0,881
08/22/2022,SLC,UT,ANM,WE,Towers with Radar,645,112,82,9,848,1,11,61,1,74,646,123,143,10,922,0,0,0,922
08/23/2022,SLC,UT,ANM,WE,Towers with Radar,641,126,60,9,836,0,9,71,4,84,641,135,131,13,920,0,0,0,920
08/24/2022,SLC,UT,ANM,WE,Towers with Radar,643,131,76,7,857,0,13,58,0,71,643,144,134,7,928,0,0,0,928
08/25/2022,SLC,UT,ANM,WE,Towers with Radar,662,129,94,9,894,0,23,94,10,127,662,152,188,19,1021,0,0,0,1021
08/26/2022,SLC,UT,ANM,WE,Towers with Radar,665,131,72,4,872,0,15,123,5,143,665,146,195,9,1015,0,0,0,1015
08/27/2022,SLC,UT,ANM,WE,Towers with Radar,590,75,40,1,706,0,12,61,6,79,590,87,101,7,785,0,0,0,785
08/28/2022,SLC,UT,ANM,WE,Towers with Radar,642,91,61,0,794,0,8,48,0,56,642,99,109,0,850,0,0,0,850
08/29/2022,SLC,UT,ANM,WE,Towers with Radar,652,96,62,11,821,0,13,86,6,105,652,109,148,17,926,0,0,0,926
08/30/2022,SLC,UT,ANM,WE,Towers with Radar,628,116,72,6,822,0,17,81,5,103,628,133,153,11,925,0,0,0,925
08/31/2022,SLC,UT,ANM,WE,Towers with Radar,646,117,67,5,835,0,10,106,8,124,646,127,173,13,959,0,0,0,959
09/01/2022,SLC,UT,ANM,WE,Towers with Radar,674,140,89,7,910,0,8,87,2,97,674,148,176,9,1007,0,0,0,1007
09/02/2022,SLC,UT,ANM,WE,Towers with Radar,664,126,75,6,871,0,12,77,0,89,664,138,152,6,960,0,0,0,960
09/03/2022,SLC,UT,ANM,WE,Towers with Radar,561,88,44,0,693,0,16,58,4,78,561,104,102,4,771,0,0,0,771
09/04/2022,SLC,UT,ANM,WE,Towers with Radar,557,83,46,2,688,0,6,37,3,46,557,89,83,5,734,0,0,0,734
09/05/2022,SLC,UT,ANM,WE,Towers with Radar,657,95,76,0,828,0,3,45,3,51,657,98,121,3,879,0,0,0,879
09/06/2022,SLC,UT,ANM,WE,Towers with Radar,596,121,79,11,807,0,6,59,5,70,596,127,138,16,877,0,0,0,877
09/07/2022,SLC,UT,ANM,WE,Towers with Radar,608,134,62,9,813,0,11,80,3,94,608,145,142,12,907,0,0,0,907
09/08/2022,SLC,UT,ANM,WE,Towers with Radar,609,126,90,7,832,0,7,85,11,103,609,133,175,18,935,0,0,0,935
09/09/2022,SLC,UT,ANM,WE,Towers with Radar,611,132,88,0,831,0,8,74,4,86,611,140,162,4,917,0,0,0,917
09/10/2022,SLC,UT,ANM,WE,Towers with Radar,573,100,62,1,736,0,10,78,3,91,573,110,140,4,827,0,0,0,827
09/11/2022,SLC,UT,ANM,WE,Towers with Radar,631,92,74,4,801,0,2,48,6,56,631,94,122,10,857,0,0,0,857
09/12/2022,SLC,UT,ANM,WE,Towers with Radar,642,127,61,7,837,0,12,74,3,89,642,139,135,10,926,0,0,0,926
09/13/2022,SLC,UT,ANM,WE,Towers with Radar,634,147,60,3,844,0,4,33,11,48,634,151,93,14,892,0,0,0,892
09/14/2022,SLC,UT,ANM,WE,Towers with Radar,636,150,73,10,869,0,3,19,8,30,636,153,92,18,899,0,0,0,899
09/15/2022,SLC,UT,ANM,WE,Towers with Radar,653,147,65,9,874,0,3,67,18,88,653,150,132,27,962,0,0,0,962
09/16/2022,SLC,UT,ANM,WE,Towers with Radar,660,150,85,5,900,0,8,90,3,101,660,158,175,8,1001,0,0,0,1001
09/17/2022,SLC,UT,ANM,WE,Towers with Radar,554,105,48,0,707,0,16,70,0,86,554,121,118,0,793,0,0,0,793
09/18/2022,SLC,UT,ANM,WE,Towers with Radar,610,112,74,3,799,0,14,49,9,72,610,126,123,12,871,0,0,0,871
09/19/2022,SLC,UT,ANM,WE,Towers with Radar,632,127,65,12,836,1,10,70,5,86,633,137,135,17,922,0,0,0,922
09/20/2022,SLC,UT,ANM,WE,Towers with Radar,631,106,94,9,840,0,14,66,10,90,631,120,160,19,930,0,0,0,930
09/21/2022,SLC,UT,ANM,WE,Towers with Radar,631,130,69,10,840,0,22,30,5,57,631,152,99,15,897,0,0,0,897
09/22/2022,SLC,UT,ANM,WE,Towers with Radar,654,139,101,8,902,0,6,95,6,107,654,145,196,14,1009,0,0,0,1009
09/23/2022,SLC,UT,ANM,WE,Towers with Radar,652,141,81,6,880,0,14,91,3,108,652,155,172,9,988,0,0,0,988
09/24/2022,SLC,UT,ANM,WE,Towers with Radar,559,94,49,10,712,0,5,83,3,91,559,99,132,13,803,8,0,8,811
09/25/2022,SLC,UT,ANM,WE,Towers with Radar,619,102,56,1,778,0,3,48,3,54,619,105,104,4,832,0,0,0,832
09/26/2022,SLC,UT,ANM,WE,Towers with Radar,639,109,48,6,802,0,9,75,3,87,639,118,123,9,889,0,0,0,889
09/27/2022,SLC,UT,ANM,WE,Towers with Radar,630,105,60,6,801,0,4,96,4,104,630,109,156,10,905,38,0,38,943
09/28/2022,SLC,UT,ANM,WE,Towers with Radar,632,130,97,3,862,0,8,42,8,58,632,138,139,11,920,0,0,0,920
09/29/2022,SLC,UT,ANM,WE,Towers with Radar,647,126,51,6,830,0,4,53,3,60,647,130,104,9,890,0,0,0,890
09/30/2022,SLC,UT,ANM,WE,Towers with Radar,651,143,70,2,866,1,12,92,2,107,652,155,162,4,973,0,0,0,973
10/01/2022,SLC,UT,ANM,WE,Towers with Radar,547,93,54,0,694,1,12,48,3,64,548,105,102,3,758,0,0,0,758
10/02/2022,SLC,UT,ANM,WE,Towers with Radar,597,112,57,0,766,0,5,38,2,45,597,117,95,2,811,0,0,0,811
10/03/2022,SLC,UT,ANM,WE,Towers with Radar,614,116,81,6,817,0,8,81,4,93,614,124,162,10,910,0,0,0,910
10/04/2022,SLC,UT,ANM,WE,Towers with Radar,619,112,59,7,797,1,15,113,2,131,620,127,172,9,928,0,0,0,928
10/05/2022,SLC,UT,ANM,WE,Towers with Radar,630,119,98,4,851,0,3,111,6,120,630,122,209,10,971,0,0,0,971
10/06/2022,SLC,UT,ANM,WE,Towers with Radar,631,116,86,7,840,0,10,117,14,141,631,126,203,21,981,0,0,0,981
10/07/2022,SLC,UT,ANM,WE,Towers with Radar,632,121,106,3,862,0,7,103,4,114,632,128,209,7,976,0,0,0,976
10/08/2022,SLC,UT,ANM,WE,Towers with Radar,542,70,65,1,678,0,2,103,8,113,542,72,168,9,791,10,0,10,801
10/09/2022,SLC,UT,ANM,WE,Towers with Radar,599,84,71,2,756,0,7,58,2,67,599,91,129,4,823,0,0,0,823
10/10/2022,SLC,UT,ANM,WE,Towers with Radar,615,120,66,1,802,0,14,76,9,99,615,134,142,10,901,0,0,0,901
10/11/2022,SLC,UT,ANM,WE,Towers with Radar,609,106,56,6,777,0,4,70,0,74,609,110,126,6,851,22,0,22,873
10/12/2022,SLC,UT,ANM,WE,Towers with Radar,610,119,70,8,807,0,14,82,3,99,610,133,152,11,906,0,0,0,906
10/13/2022,SLC,UT,ANM,WE,Towers with Radar,624,131,68,9,832,0,10,79,5,94,624,141,147,14,926,0,0,0,926
10/14/2022,SLC,UT,ANM,WE,Towers with Radar,640,116,72,4,832,0,14,98,2,114,640,130,170,6,946,0,0,0,946
10/15/2022,SLC,UT,ANM,WE,Towers with Radar,545,84,44,0,673,0,10,73,4,87,545,94,117,4,760,0,0,0,760
10/16/2022,SLC,UT,ANM,WE,Towers with Radar,598,93,57,0,748,0,5,38,0,43,598,98,95,0,791,0,0,0,791
10/17/2022,SLC,UT,ANM,WE,Towers with Radar,613,97,71,6,787,0,10,107,0,117,613,107,178,6,904,0,0,0,904
10/18/2022,SLC,UT,ANM,WE,Towers with Radar,603,96,76,5,780,0,17,106,4,127,603,113,182,9,907,0,0,0,907
10/19/2022,SLC,UT,ANM,WE,Towers with Radar,605,122,91,5,823,0,5,123,2,130,605,127,214,7,953,0,0,0,953
10/20/2022,SLC,UT,ANM,WE,Towers with Radar,633,117,69,4,823,0,15,110,3,128,633,132,179,7,951,0,0,0,951
10/21/2022,SLC,UT,ANM,WE,Towers with Radar,624,114,65,2,805,0,10,87,4,101,624,124,152,6,906,6,0,6,912
10/22/2022,SLC,UT,ANM,WE,Towers with Radar,564,90,27,2,683,0,3,3,4,10,564,93,30,6,693,0,0,0,693
10/23/2022,SLC,UT,ANM,WE,Towers with Radar,600,120,63,4,787,0,6,5,0,11,600,126,68,4,798,0,0,0,798
10/24/2022,SLC,UT,ANM,WE,Towers with Radar,620,107,65,5,797,0,11,105,0,116,620,118,170,5,913,0,0,0,913
10/25/2022,SLC,UT,ANM,WE,Towers with Radar,612,91,62,4,769,0,11,59,8,78,612,102,121,12,847,0,0,0,847
10/26/2022,SLC,UT,ANM,WE,Towers with Radar,614,124,81,4,823,0,14,20,2,36,614,138,101,6,859,0,0,0,859
10/27/2022,SLC,UT,ANM,WE,Towers with Radar,622,111,63,6,802,0,7,94,12,113,622,118,157,18,915,0,0,0,915
10/28/2022,SLC,UT,ANM,WE,Towers with Radar,621,118,69,5,813,0,10,100,0,110,621,128,169,5,923,0,0,0,923
10/29/2022,SLC,UT,ANM,WE,Towers with Radar,536,68,34,0,638,0,7,75,8,90,536,75,109,8,728,0,0,0,728
10/30/2022,SLC,UT,ANM,WE,Towers with Radar,537,71,26,1,635,0,5,62,0,67,537,76,88,1,702,0,0,0,702
10/31/2022,SLC,UT,ANM,WE,Towers with Radar,531,74,41,0,646,0,9,84,4,97,531,83,125,4,743,0,0,0,743
11/01/2022,SLC,UT,ANM,WE,Towers with Radar,603,99,78,4,784,0,15,26,1,42,603,114,104,5,826,0,0,0,826
11/02/2022,SLC,UT,ANM,WE,Towers with Radar,619,119,70,4,812,0,3,1,0,4,619,122,71,4,816,0,0,0,816
11/03/2022,SLC,UT,ANM,WE,Towers with Radar,612,119,58,5,794,0,14,59,2,75,612,133,117,7,869,0,0,0,869
11/04/2022,SLC,UT,ANM,WE,Towers with Radar,615,120,57,2,794,0,12,99,0,111,615,132,156,2,905,0,0,0,905
11/05/2022,SLC,UT,ANM,WE,Towers with Radar,527,67,50,2,646,1,0,6,2,9,528,67,56,4,655,0,0,0,655
11/06/2022,SLC,UT,ANM,WE,Towers with Radar,558,85,44,5,692,0,9,56,0,65,558,94,100,5,757,0,0,0,757
11/07/2022,SLC,UT,ANM,WE,Towers with Radar,558,96,65,3,722,0,11,8,1,20,558,107,73,4,742,0,0,0,742
11/08/2022,SLC,UT,ANM,WE,Towers with Radar,582,102,57,10,751,0,5,2,0,7,582,107,59,10,758,0,0,0,758
11/09/2022,SLC,UT,ANM,WE,Towers with Radar,605,100,62,3,770,0,6,4,2,12,605,106,66,5,782,0,0,0,782
11/10/2022,SLC,UT,ANM,WE,Towers with Radar,610,114,82,0,806,0,21,76,5,102,610,135,158,5,908,0,0,0,908
11/11/2022,SLC,UT,ANM,WE,Towers with Radar,613,105,62,0,780,0,4,116,0,120,613,109,178,0,900,0,0,0,900
11/12/2022,SLC,UT,ANM,WE,Towers with Radar,536,65,44,2,647,0,13,79,0,92,536,78,123,2,739,0,0,0,739
11/13/2022,SLC,UT,ANM,WE,Towers with Radar,597,68,56,0,721,0,6,51,0,57,597,74,107,0,778,0,0,0,778
11/14/2022,SLC,UT,ANM,WE,Towers with Radar,606,102,66,3,777,0,14,87,1,102,606,116,153,4,879,0,0,0,879
11/15/2022,SLC,UT,ANM,WE,Towers with Radar,609,97,58,0,764,0,8,85,2,95,609,105,143,2,859,0,0,0,859
11/16/2022,SLC,UT,ANM,WE,Towers with Radar,607,98,60,3,768,0,12,53,1,66,607,110,113,4,834,0,0,0,834
11/17/2022,SLC,UT,ANM,WE,Towers with Radar,622,102,88,4,816,0,18,86,5,109,622,120,174,9,925,0,0,0,925
11/18/2022,SLC,UT,ANM,WE,Towers with Radar,623,122,77,2,824,0,17,70,2,89,623,139,147,4,913,0,0,0,913
11/19/2022,SLC,UT,ANM,WE,Towers with Radar,536,94,56,1,687,0,14,80,1,95,536,108,136,2,782,0,0,0,782
11/20/2022,SLC,UT,ANM,WE,Towers with Radar,615,70,59,2,746,0,6,41,2,49,615,76,100,4,795,0,0,0,795
11/21/2022,SLC,UT,ANM,WE,Towers with Radar,597,106,67,3,773,0,11,60,0,71,597,117,127,3,844,0,0,0,844
11/22/2022,SLC,UT,ANM,WE,Towers with Radar,631,119,76,8,834,0,13,87,2,102,631,132,163,10,936,0,0,0,936
11/23/2022,SLC,UT,ANM,WE,Towers with Radar,629,133,81,2,845,0,19,52,2,73,629,152,133,4,918,0,0,0,918
11/24/2022,SLC,UT,ANM,WE,Towers with Radar,372,45,11,0,428,0,2,11,0,13,372,47,22,0,441,0,0,0,441
11/25/2022,SLC,UT,ANM,WE,Towers with Radar,514,107,27,0,648,0,10,66,0,76,514,117,93,0,724,0,0,0,724
11/26/2022,SLC,UT,ANM,WE,Towers with Radar,601,106,57,0,764,0,0,38,4,42,601,106,95,4,806,0,0,0,806
11/27/2022,SLC,UT,ANM,WE,Towers with Radar,621,94,83,1,799,0,6,42,1,49,621,100,125,2,848,0,0,0,848
11/28/2022,SLC,UT,ANM,WE,Towers with Radar,621,103,50,0,774,0,5,13,0,18,621,108,63,0,792,0,0,0,792
11/29/2022,SLC,UT,ANM,WE,Towers with Radar,590,121,72,9,792,0,10,55,0,65,590,131,127,9,857,24,0,24,881
11/30/2022,SLC,UT,ANM,WE,Towers with Radar,604,132,82,6,824,0,4,74,4,82,604,136,156,10,906,0,0,0,906
12/01/2022,SLC,UT,ANM,WE,Towers with Radar,623,115,72,1,811,0,16,19,6,41,623,131,91,7,852,0,0,0,852
12/02/2022,SLC,UT,ANM,WE,Towers with Radar,609,119,104,3,835,0,15,50,6,71,609,134,154,9,906,0,0,0,906
12/03/2022,SLC,UT,ANM,WE,Towers with Radar,539,77,65,0,681,0,7,63,3,73,539,84,128,3,754,0,0,0,754
12/04/2022,SLC,UT,ANM,WE,Towers with Radar,592,98,60,1,751,0,13,8,0,21,592,111,68,1,772,0,0,0,772
12/05/2022,SLC,UT,ANM,WE,Towers with Radar,599,100,98,3,800,0,9,12,0,21,599,109,110,3,821,0,0,0,821
12/06/2022,SLC,UT,ANM,WE,Towers with Radar,629,103,91,4,827,0,5,9,2,16,629,108,100,6,843,0,0,0,843
12/07/2022,SLC,UT,ANM,WE,Towers with Radar,598,120,75,7,800,0,5,5,0,10,598,125,80,7,810,0,0,0,810
12/08/2022,SLC,UT,ANM,WE,Towers with Radar,626,122,97,9,854,0,20,103,4,127,626,142,200,13,981,0,0,0,981
12/09/2022,SLC,UT,ANM,WE,Towers with Radar,617,121,70,3,811,0,7,50,2,59,617,128,120,5,870,0,0,0,870
12/10/2022,SLC,UT,ANM,WE,Towers with Radar,522,58,34,1,615,0,10,35,0,45,522,68,69,1,660,0,0,0,660
12/11/2022,SLC,UT,ANM,WE,Towers with Radar,564,85,61,0,710,0,10,4,0,14,564,95,65,0,724,0,0,0,724
12/12/2022,SLC,UT,ANM,WE,Towers with Radar,593,106,75,2,776,0,4,4,0,8,593,110,79,2,784,0,0,0,784
12/13/2022,SLC,UT,ANM,WE,Towers with Radar,584,116,67,2,769,0,0,0,0,0,584,116,67,2,769,0,0,0,769
12/14/2022,SLC,UT,ANM,WE,Towers with Radar,624,131,81,3,839,0,1,12,4,17,624,132,93,7,856,0,0,0,856
12/15/2022,SLC,UT,ANM,WE,Towers with Radar,652,142,79,2,875,0,11,18,0,29,652,153,97,2,904,0,0,0,904
12/16/2022,SLC,UT,ANM,WE,Towers with Radar,656,146,114,8,924,0,16,75,4,95,656,162,189,12,1019,0,0,0,1019
12/17/2022,SLC,UT,ANM,WE,Towers with Radar,562,104,83,0,749,0,15,66,6,87,562,119,149,6,836,0,0,0,836
12/18/2022,SLC,UT,ANM,WE,Towers with Radar,600,117,84,5,806,0,16,41,0,57,600,133,125,5,863,0,0,0,863
12/19/2022,SLC,UT,ANM,WE,Towers with Radar,605,137,76,8,826,0,11,68,3,82,605,148,144,11,908,0,0,0,908
12/20/2022,SLC,UT,ANM,WE,Towers with Radar,620,121,84,5,830,0,15,60,2,77,620,136,144,7,907,0,0,0,907
12/21/2022,SLC,UT,ANM,WE,Towers with Radar,629,147,94,5,875,0,13,10,2,25,629,160,104,7,900,0,0,0,900
12/22/2022,SLC,UT,ANM,WE,Towers with Radar,637,178,115,2,932,0,16,73,3,92,637,194,188,5,1024,0,0,0,1024
12/23/2022,SLC,UT,ANM,WE,Towers with Radar,582,162,76,0,820,1,12,28,0,41,583,174,104,0,861,0,0,0,861
12/24/2022,SLC,UT,ANM,WE,Towers with Radar,422,103,49,0,574,0,4,1,0,5,422,107,50,0,579,0,0,0,579
12/25/2022,SLC,UT,ANM,WE,Towers with Radar,376,85,34,0,495,0,0,0,0,0,376,85,34,0,495,0,0,0,495
12/26/2022,SLC,UT,ANM,WE,Towers with Radar,541,159,184,0,884,0,9,55,2,66,541,168,239,2,950,0,0,0,950
12/27/2022,SLC,UT,ANM,WE,Towers with Radar,598,179,131,8,916,0,10,6,0,16,598,189,137,8,932,0,0,0,932
12/28/2022,SLC,UT,ANM,WE,Towers with Radar,615,162,110,3,890,0,4,13,1,18,615,166,123,4,908,0,0,0,908
12/29/2022,SLC,UT,ANM,WE,Towers with Radar,609,148,94,7,858,0,8,78,4,90,609,156,172,11,948,0,0,0,948
12/30/2022,SLC,UT,ANM,WE,Towers with Radar,654,172,97,2,925,0,6,1,2,9,654,178,98,4,934,0,0,0,934
12/31/2022,SLC,UT,ANM,WE,Towers with Radar,514,131,80,1,726,0,4,2,0,6,514,135,82,1,732,0,0,0,732
01/01/2023,SLC,UT,ANM,WE,Towers with Radar,516,123,96,0,735,1,0,0,0,1,517,123,96,0,736,0,0,0,736
01/02/2023,SLC,UT,ANM,WE,Towers with Radar,606,182,232,0,1020,0,2,0,2,4,606,184,232,2,1024,0,0,0,1024
01/03/2023,SLC,UT,ANM,WE,Towers with Radar,654,186,155,3,998,0,6,12,5,23,654,192,167,8,1021,0,0,0,1021
01/04/2023,SLC,UT,ANM,WE,Towers with Radar,638,145,95,7,885,0,10,90,0,100,638,155,185,7,985,0,0,0,985
01/05/2023,SLC,UT,ANM,WE,Towers with Radar,637,147,73,4,861,0,8,35,1,44,637,155,108,5,905,0,0,0,905
01/06/2023,SLC,UT,ANM,WE,Towers with Radar,625,142,73,2,842,0,9,7,1,17,625,151,80,3,859,0,0,0,859
01/07/2023,SLC,UT,ANM,WE,Towers with Radar,554,103,60,0,717,0,7,88,4,99,554,110,148,4,816,0,0,0,816
01/08/2023,SLC,UT,ANM,WE,Towers with Radar,631,111,79,5,826,0,12,33,4,49,631,123,112,9,875,0,0,0,875
01/09/2023,SLC,UT,ANM,WE,Towers with Radar,623,99,69,0,791,0,1,22,1,24,623,100,91,1,815,0,0,0,815
01/10/2023,SLC,UT,ANM,WE,Towers with Radar,626,116,79,6,827,0,2,13,4,19,626,118,92,10,846,0,0,0,846
01/11/2023,SLC,UT,ANM,WE,Towers with Radar,600,137,107,4,848,0,6,55,11,72,600,143,162,15,920,0,0,0,920
01/12/2023,SLC,UT,ANM,WE,Towers with Radar,634,124,103,5,866,0,5,120,10,135,634,129,223,15,1001,0,0,0,1001
01/13/2023,SLC,UT,ANM,WE,Towers with Radar,631,165,123,2,921,0,9,106,10,125,631,174,229,12,1046,0,0,0,1046
01/14/2023,SLC,UT,ANM,WE,Towers with Radar,537,113,52,0,702,0,10,52,4,66,537,123,104,4,768,0,0,0,768
01/15/2023,SLC,UT,ANM,WE,Towers with Radar,552,89,50,0,691,0,6,1,0,7,552,95,51,0,698,0,0,0,698
01/16/2023,SLC,UT,ANM,WE,Towers with Radar,617,197,147,1,962,0,2,7,2,11,617,199,154,3,973,0,0,0,973
01/17/2023,SLC,UT,ANM,WE,Towers with Radar,612,127,71,8,818,0,0,0,0,0,612,127,71,8,818,0,0,0,818
01/18/2023,SLC,UT,ANM,WE,Towers with Radar,606,121,83,8,818,0,9,79,9,97,606,130,162,17,915,0,0,0,915
01/19/2023,SLC,UT,ANM,WE,Towers with Radar,637,148,106,4,895,0,4,48,3,55,637,152,154,7,950,0,0,0,950
01/20/2023,SLC,UT,ANM,WE,Towers with Radar,642,123,88,0,853,1,2,59,9,71,643,125,147,9,924,0,0,0,924
01/21/2023,SLC,UT,ANM,WE,Towers with Radar,543,100,72,1,716,0,8,75,2,85,543,108,147,3,801,0,0,0,801
01/22/2023,SLC,UT,ANM,WE,Towers with Radar,622,122,100,0,844,0,3,1,0,4,622,125,101,0,848,0,0,0,848
01/23/2023,SLC,UT,ANM,WE,Towers with Radar,627,120,63,9,819,0,20,68,0,88,627,140,131,9,907,0,0,0,907
01/24/2023,SLC,UT,ANM,WE,Towers with Radar,603,114,79,2,798,0,17,74,4,95,603,131,153,6,893,0,0,0,893
01/25/2023,SLC,UT,ANM,WE,Towers with Radar,619,128,70,6,823,0,1,5,4,10,619,129,75,10,833,0,0,0,833
01/26/2023,SLC,UT,ANM,WE,Towers with Radar,632,155,117,7,911,0,18,14,4,36,632,173,131,11,947,0,0,0,947
01/27/2023,SLC,UT,ANM,WE,Towers with Radar,646,111,99,1,857,0,2,14,0,16,646,113,113,1,873,0,0,0,873
01/28/2023,SLC,UT,ANM,WE,Towers with Radar,558,94,62,1,715,0,5,39,0,44,558,99,101,1,759,0,0,0,759
01/29/2023,SLC,UT,ANM,WE,Towers with Radar,616,134,87,0,837,0,6,0,0,6,616,140,87,0,843,0,0,0,843
01/30/2023,SLC,UT,ANM,WE,Towers with Radar,609,135,77,3,824,0,10,77,5,92,609,145,154,8,916,0,0,0,916
01/31/2023,SLC,UT,ANM,WE,Towers with Radar,604,96,71,8,779,0,7,80,6,93,604,103,151,14,872,10,0,10,882
02/01/2023,SLC,UT,ANM,WE,Towers with Radar,585,141,72,4,802,0,18,89,7,114,585,159,161,11,916,0,0,0,916
02/02/2023,SLC,UT,ANM,WE,Towers with Radar,619,130,77,6,832,0,3,70,6,79,619,133,147,12,911,0,0,0,911
02/03/2023,SLC,UT,ANM,WE,Towers with Radar,637,124,86,6,853,1,7,58,4,70,638,131,144,10,923,0,0,0,923
02/04/2023,SLC,UT,ANM,WE,Towers with Radar,564,84,71,9,728,0,6,25,2,33,564,90,96,11,761,0,0,0,761
02/05/2023,SLC,UT,ANM,WE,Towers with Radar,624,141,101,7,873,0,7,7,6,20,624,148,108,13,893,0,0,0,893
02/06/2023,SLC,UT,ANM,WE,Towers with Radar,636,155,99,4,894,0,8,15,6,29,636,163,114,10,923,0,0,0,923
02/07/2023,SLC,UT,ANM,WE,Towers with Radar,627,107,85,6,825,0,4,83,7,94,627,111,168,13,919,0,0,0,919
02/08/2023,SLC,UT,ANM,WE,Towers with Radar,625,119,75,7,826,0,6,46,9,61,625,125,121,16,887,0,0,0,887
02/09/2023,SLC,UT,ANM,WE,Towers with Radar,649,114,84,13,860,0,13,81,14,108,649,127,165,27,968,0,0,0,968
02/10/2023,SLC,UT,ANM,WE,Towers with Radar,645,120,77,4,846,0,11,79,10,100,645,131,156,14,946,0,0,0,946
02/11/2023,SLC,UT,ANM,WE,Towers with Radar,578,78,50,0,706,0,14,80,1,95,578,92,130,1,801,0,0,0,801
02/12/2023,SLC,UT,ANM,WE,Towers with Radar,557,84,62,3,706,0,3,37,1,41,557,87,99,4,747,0,0,0,747
02/13/2023,SLC,UT,ANM,WE,Towers with Radar,579,125,79,7,790,0,6,57,3,66,579,131,136,10,856,0,0,0,856
02/14/2023,SLC,UT,ANM,WE,Towers with Radar,587,103,64,2,756,0,8,32,4,44,587,111,96,6,800,0,0,0,800
02/15/2023,SLC,UT,ANM,WE,Towers with Radar,627,139,93,4,863,0,12,49,0,61,627,151,142,4,924,0,0,0,924
02/16/2023,SLC,UT,ANM,WE,Towers with Radar,652,214,196,6,1068,0,13,72,4,89,652,227,268,10,1157,0,0,0,1157
02/17/2023,SLC,UT,ANM,WE,Towers with Radar,654,236,181,0,1071,0,7,40,5,52,654,243,221,5,1123,0,0,0,1123
02/18/2023,SLC,UT,ANM,WE,Towers with Radar,577,150,98,0,825,0,6,30,1,37,577,156,128,1,862,0,0,0,862
02/19/2023,SLC,UT,ANM,WE,Towers with Radar,563,162,96,0,821,0,4,19,2,25,563,166,115,2,846,0,0,0,846
02/20/2023,SLC,UT,ANM,WE,Towers with Radar,642,186,170,1,999,0,4,24,0,28,642,190,194,1,1027,0,0,0,1027
02/21/2023,SLC,UT,ANM,WE,Towers with Radar,570,131,76,8,785,0,6,4,0,10,570,137,80,8,795,0,0,0,795
02/22/2023,SLC,UT,ANM,WE,Towers with Radar,545,98,60,0,703,0,1,0,0,1,545,99,60,0,704,0,0,0,704
02/23/2023,SLC,UT,ANM,WE,Towers with Radar,648,141,100,6,895,0,9,14,3,26,648,150,114,9,921,0,0,0,921
02/24/2023,SLC,UT,ANM,WE,Towers with Radar,650,158,93,0,901,0,20,55,5,80,650,178,148,5,981,0,0,0,981
02/25/2023,SLC,UT,ANM,WE,Towers with Radar,577,136,71,3,787,0,13,84,5,102,577,149,155,8,889,0,0,0,889
02/26/2023,SLC,UT,ANM,WE,Towers with Radar,636,118,90,0,844,0,8,6,4,18,636,126,96,4,862,0,0,0,862
02/27/2023,SLC,UT,ANM,WE,Towers with Radar,641,116,71,3,831,0,8,5,1,14,641,124,76,4,845,0,0,0,845
02/28/2023,SLC,UT,ANM,WE,Towers with Radar,630,131,68,9,838,0,10,39,4,53,630,141,107,13,891,0,0,0,891
03/01/2023,SLC,UT,ANM,WE,Towers with Radar,626,122,113,2,863,0,5,0,0,5,626,127,113,2,868,0,0,0,868
03/02/2023,SLC,UT,ANM,WE,Towers with Radar,640,160,97,3,900,0,18,91,10,119,640,178,188,13,1019,0,0,0,1019
03/03/2023,SLC,UT,ANM,WE,Towers with Radar,641,129,85,2,857,0,6,23,5,34,641,135,108,7,891,0,0,0,891
03/04/2023,SLC,UT,ANM,WE,Towers with Radar,562,107,58,4,731,0,10,14,1,25,562,117,72,5,756,0,0,0,756
03/05/2023,SLC,UT,ANM,WE,Towers with Radar,615,138,114,2,869,0,12,22,0,34,615,150,136,2,903,0,0,0,903
03/06/2023,SLC,UT,ANM,WE,Towers with Radar,653,142,103,4,902,0,17,45,2,64,653,159,148,6,966,0,0,0,966
03/07/2023,SLC,UT,ANM,WE,Towers with Radar,633,151,88,3,875,0,13,54,11,78,633,164,142,14,953,0,0,0,953
03/08/2023,SLC,UT,ANM,WE,Towers with Radar,637,113,106,5,861,1,9,32,3,45,638,122,138,8,906,0,0,0,906
03/09/2023,SLC,UT,ANM,WE,Towers with Radar,659,134,126,5,924,0,11,88,18,117,659,145,214,23,1041,0,0,0,1041
03/10/2023,SLC,UT,ANM,WE,Towers with Radar,654,143,92,1,890,0,2,1,2,5,654,145,93,3,895,0,0,0,895
03/11/2023,SLC,UT,ANM,WE,Towers with Radar,607,120,66,3,796,0,14,92,6,112,607,134,158,9,908,0,0,0,908
03/12/2023,SLC,UT,ANM,WE,Towers with Radar,613,153,113,4,883,0,6,2,0,8,613,159,115,4,891,0,0,0,891
03/13/2023,SLC,UT,ANM,WE,Towers with Radar,657,161,74,1,893,0,11,67,5,83,657,172,141,6,976,0,0,0,976
03/14/2023,SLC,UT,ANM,WE,Towers with Radar,647,131,62,5,845,0,10,11,8,29,647,141,73,13,874,0,0,0,874
03/15/2023,SLC,UT,ANM,WE,Towers with Radar,659,130,79,5,873,0,7,24,6,37,659,137,103,11,910,0,0,0,910
03/16/2023,SLC,UT,ANM,WE,Towers with Radar,646,133,78,8,865,0,23,86,10,119,646,156,164,18,984,18,0,18,1002
03/17/2023,SLC,UT,ANM,WE,Towers with Radar,651,124,77,1,853,0,21,108,8,137,651,145,185,9,990,36,0,36,1026
03/18/2023,SLC,UT,ANM,WE,Towers with Radar,599,135,64,1,799,0,9,87,7,103,599,144,151,8,902,0,0,0,902
03/19/2023,SLC,UT,ANM,WE,Towers with Radar,627,127,106,1,861,0,8,27,8,43,627,135,133,9,904,0,0,0,904
03/20/2023,SLC,UT,ANM,WE,Towers with Radar,642,133,80,8,863,0,4,6,1,11,642,137,86,9,874,0,0,0,874
03/21/2023,SLC,UT,ANM,WE,Towers with Radar,643,103,76,7,829,0,10,42,4,56,643,113,118,11,885,0,0,0,885
03/22/2023,SLC,UT,ANM,WE,Towers with Radar,649,119,81,8,857,0,4,4,0,8,649,123,85,8,865,0,0,0,865
03/23/2023,SLC,UT,ANM,WE,Towers with Radar,662,146,105,8,921,0,7,12,7,26,662,153,117,15,947,0,0,0,947
03/24/2023,SLC,UT,ANM,WE,Towers with Radar,658,138,76,0,872,0,1,1,6,8,658,139,77,6,880,0,0,0,880
03/25/2023,SLC,UT,ANM,WE,Towers with Radar,584,99,67,1,751,0,13,6,0,19,584,112,73,1,770,0,0,0,770
03/26/2023,SLC,UT,ANM,WE,Towers with Radar,591,137,100,0,828,0,4,6,0,10,591,141,106,0,838,0,0,0,838
03/27/2023,SLC,UT,ANM,WE,Towers with Radar,634,108,87,0,829,0,11,46,7,64,634,119,133,7,893,0,0,0,893
03/28/2023,SLC,UT,ANM,WE,Towers with Radar,636,97,70,7,810,0,10,83,12,105,636,107,153,19,915,0,0,0,915
03/29/2023,SLC,UT,ANM,WE,Towers with Radar,605,121,72,3,801,0,4,17,2,23,605,125,89,5,824,0,0,0,824
03/30/2023,SLC,UT,ANM,WE,Towers with Radar,658,141,82,5,886,0,4,0,2,6,658,145,82,7,892,0,0,0,892
03/31/2023,SLC,UT,ANM,WE,Towers with Radar,641,125,84,1,851,0,3,20,1,24,641,128,104,2,875,0,0,0,875
04/01/2023,SLC,UT,ANM,WE,Towers with Radar,556,99,52,5,712,0,7,47,1,55,556,106,99,6,767,0,0,0,767
04/02/2023,SLC,UT,ANM,WE,Towers with Radar,592,105,86,0,783,0,13,23,1,37,592,118,109,1,820,0,0,0,820
04/03/2023,SLC,UT,ANM,WE,Towers with Radar,641,91,44,0,776,0,0,0,0,0,641,91,44,0,776,0,0,0,776
04/04/2023,SLC,UT,ANM,WE,Towers with Radar,619,89,58,0,766,0,0,0,1,1,619,89,58,1,767,0,0,0,767
04/05/2023,SLC,UT,ANM,WE,Towers with Radar,619,108,66,5,798,0,13,36,10,59,619,121,102,15,857,0,0,0,857
04/06/2023,SLC,UT,ANM,WE,Towers with Radar,652,115,84,4,855,0,5,117,11,133,652,120,201,15,988,0,0,0,988
04/07/2023,SLC,UT,ANM,WE,Towers with Radar,647,112,71,0,830,0,9,96,0,105,647,121,167,0,935,0,0,0,935
04/08/2023,SLC,UT,ANM,WE,Towers with Radar,583,90,60,0,733,0,5,75,0,80,583,95,135,0,813,0,0,0,813
04/09/2023,SLC,UT,ANM,WE,Towers with Radar,613,110,63,1,787,0,6,53,0,59,613,116,116,1,846,0,0,0,846
04/10/2023,SLC,UT,ANM,WE,Towers with Radar,615,103,96,5,819,0,5,102,7,114,615,108,198,12,933,0,0,0,933
04/11/2023,SLC,UT,ANM,WE,Towers with Radar,621,105,57,6,789,0,12,64,4,80,621,117,121,10,869,0,0,0,869
04/12/2023,SLC,UT,ANM,WE,Towers with Radar,632,96,74,4,806,0,6,42,8,56,632,102,116,12,862,0,0,0,862
04/13/2023,SLC,UT,ANM,WE,Towers with Radar,639,114,65,5,823,0,3,26,8,37,639,117,91,13,860,0,0,0,860
04/14/2023,SLC,UT,ANM,WE,Towers with Radar,638,92,67,5,802,0,11,86,3,100,638,103,153,8,902,0,0,0,902
04/15/2023,SLC,UT,ANM,WE,Towers with Radar,531,85,48,4,668,0,10,89,5,104,531,95,137,9,772,0,0,0,772
04/16/2023,SLC,UT,ANM,WE,Towers with Radar,602,81,54,0,737,0,17,68,1,86,602,98,122,1,823,0,0,0,823
04/17/2023,SLC,UT,ANM,WE,Towers with Radar,626,74,57,5,762,0,13,60,4,77,626,87,117,9,839,0,0,0,839
04/18/2023,SLC,UT,ANM,WE,Towers with Radar,626,89,80,5,800,0,8,4,5,17,626,97,84,10,817,0,0,0,817
04/19/2023,SLC,UT,ANM,WE,Towers with Radar,640,97,71,7,815,0,12,106,12,130,640,109,177,19,945,0,0,0,945
04/20/2023,SLC,UT,ANM,WE,Towers with Radar,622,130,89,4,845,0,9,43,5,57,622,139,132,9,902,0,0,0,902
04/21/2023,SLC,UT,ANM,WE,Towers with Radar,641,106,60,3,810,0,6,25,2,33,641,112,85,5,843,0,0,0,843
04/22/2023,SLC,UT,ANM,WE,Towers with Radar,541,69,33,1,644,0,11,65,4,80,541,80,98,5,724,0,0,0,724
04/23/2023,SLC,UT,ANM,WE,Towers with Radar,601,83,51,0,735,0,2,52,2,56,601,85,103,2,791,0,0,0,791
04/24/2023,SLC,UT,ANM,WE,Towers with Radar,623,80,34,6,743,0,15,24,8,47,623,95,58,14,790,0,0,0,790
04/25/2023,SLC,UT,ANM,WE,Towers with Radar,650,107,51,6,814,0,21,32,6,59,650,128,83,12,873,0,0,0,873
04/26/2023,SLC,UT,ANM,WE,Towers with Radar,626,105,66,7,804,0,19,119,4,142,626,124,185,11,946,0,0,0,946
04/27/2023,SLC,UT,ANM,WE,Towers with Radar,638,110,50,3,801,1,11,79,11,102,639,121,129,14,903,0,0,0,903
04/28/2023,SLC,UT,ANM,WE,Towers with Radar,638,100,53,5,796,0,5,83,4,92,638,105,136,9,888,40,0,40,928
04/29/2023,SLC,UT,ANM,WE,Towers with Radar,551,72,28,3,654,0,11,104,2,117,551,83,132,5,771,0,0,0,771
04/30/2023,SLC,UT,ANM,WE,Towers with Radar,582,61,46,5,694,0,5,80,2,87,582,66,126,7,781,0,0,0,781
05/01/2023,SLC,UT,ANM,WE,Towers with Radar,625,75,46,9,755,0,7,32,6,45,625,82,78,15,800,22,0,22,822
05/02/2023,SLC,UT,ANM,WE,Towers with Radar,628,97,55,10,790,0,12,33,36,81,628,109,88,46,871,0,0,0,871
05/03/2023,SLC,UT,ANM,WE,Towers with Radar,629,94,58,7,788,0,12,31,43,86,629,106,89,50,874,0,0,0,874
05/04/2023,SLC,UT,ANM,WE,Towers with Radar,642,103,63,7,815,0,7,18,7,32,642,110,81,14,847,0,0,0,847
05/05/2023,SLC,UT,ANM,WE,Towers with Radar,636,98,65,3,802,0,9,36,15,60,636,107,101,18,862,0,0,0,862
05/06/2023,SLC,UT,ANM,WE,Towers with Radar,544,62,37,0,643,0,14,22,13,49,544,76,59,13,692,0,0,0,692
05/07/2023,SLC,UT,ANM,WE,Towers with Radar,579,72,36,1,688,0,6,19,12,37,579,78,55,13,725,0,0,0,725
05/08/2023,SLC,UT,ANM,WE,Towers with Radar,629,103,51,4,787,0,8,33,18,59,629,111,84,22,846,0,0,0,846
05/09/2023,SLC,UT,ANM,WE,Towers with Radar,629,89,49,8,775,0,8,33,51,92,629,97,82,59,867,0,0,0,867
05/10/2023,SLC,UT,ANM,WE,Towers with Radar,614,103,87,10,814,0,5,21,28,54,614,108,108,38,868,0,0,0,868
05/11/2023,SLC,UT,ANM,WE,Towers with Radar,651,113,67,8,839,0,8,30,60,98,651,121,97,68,937,0,0,0,937
05/12/2023,SLC,UT,ANM,WE,Towers with Radar,636,110,49,2,797,1,14,64,27,106,637,124,113,29,903,0,0,0,903
05/13/2023,SLC,UT,ANM,WE,Towers with Radar,532,74,39,0,645,0,5,17,7,29,532,79,56,7,674,0,0,0,674
05/14/2023,SLC,UT,ANM,WE,Towers with Radar,578,53,29,1,661,0,1,11,8,20,578,54,40,9,681,0,0,0,681
05/15/2023,SLC,UT,ANM,WE,Towers with Radar,626,99,56,12,793,0,10,36,34,80,626,109,92,46,873,74,0,74,947
05/16/2023,SLC,UT,ANM,WE,Towers with Radar,629,115,68,4,816,0,8,42,45,95,629,123,110,49,911,16,0,16,927
05/17/2023,SLC,UT,ANM,WE,Towers with Radar,633,110,70,4,817,0,16,37,19,72,633,126,107,23,889,0,0,0,889
05/18/2023,SLC,UT,ANM,WE,Towers with Radar,634,107,57,8,806,0,10,61,40,111,634,117,118,48,917,0,0,0,917
05/19/2023,SLC,UT,ANM,WE,Towers with Radar,639,93,60,1,793,0,16,55,50,121,639,109,115,51,914,10,0,10,924
05/20/2023,SLC,UT,ANM,WE,Towers with Radar,541,63,35,4,643,0,5,44,36,85,541,68,79,40,728,48,0,48,776
05/21/2023,SLC,UT,ANM,WE,Towers with Radar,594,73,51,1,719,0,8,34,18,60,594,81,85,19,779,0,0,0,779
05/22/2023,SLC,UT,ANM,WE,Towers with Radar,626,96,45,9,776,0,12,27,28,67,626,108,72,37,843,0,0,0,843
05/23/2023,SLC,UT,ANM,WE,Towers with Radar,622,96,69,7,794,0,7,29,29,65,622,103,98,36,859,0,0,0,859
05/24/2023,SLC,UT,ANM,WE,Towers with Radar,626,99,64,3,792,0,10,25,30,65,626,109,89,33,857,14,0,14,871
05/25/2023,SLC,UT,ANM,WE,Towers with Radar,647,122,70,4,843,0,15,33,36,84,647,137,103,40,927,0,0,0,927
05/26/2023,SLC,UT,ANM,WE,Towers with Radar,646,113,73,0,832,0,11,31,15,57,646,124,104,15,889,0,0,0,889
05/27/2023,SLC,UT,ANM,WE,Towers with Radar,532,80,37,0,649,0,11,26,24,61,532,91,63,24,710,10,0,10,720
05/28/2023,SLC,UT,ANM,WE,Towers with Radar,530,68,22,0,620,1,4,23,21,49,531,72,45,21,669,0,0,0,669
05/29/2023,SLC,UT,ANM,WE,Towers with Radar,616,91,59,2,768,0,6,42,13,61,616,97,101,15,829,0,0,0,829
05/30/2023,SLC,UT,ANM,WE,Towers with Radar,598,80,54,8,740,0,13,61,36,110,598,93,115,44,850,0,0,0,850
05/31/2023,SLC,UT,ANM,WE,Towers with Radar,648,106,64,6,824,0,16,28,39,83,648,122,92,45,907,0,0,0,907
06/01/2023,SLC,UT,ANM,WE,Towers with Radar,647,110,57,6,820,0,11,34,30,75,647,121,91,36,895,0,0,0,895
06/02/2023,SLC,UT,ANM,WE,Towers with Radar,642,118,48,2,810,0,16,26,13,55,642,134,74,15,865,0,0,0,865
06/03/2023,SLC,UT,ANM,WE,Towers with Radar,555,67,26,1,649,0,5,35,19,59,555,72,61,20,708,0,0,0,708
06/04/2023,SLC,UT,ANM,WE,Towers with Radar,605,78,46,0,729,0,6,30,25,61,605,84,76,25,790,0,0,0,790
06/05/2023,SLC,UT,ANM,WE,Towers with Radar,642,90,45,6,783,0,13,30,41,84,642,103,75,47,867,0,0,0,867
06/06/2023,SLC,UT,ANM,WE,Towers with Radar,632,93,55,9,789,0,9,24,29,62,632,102,79,38,851,0,0,0,851
06/07/2023,SLC,UT,ANM,WE,Towers with Radar,675,96,65,5,841,0,11,39,35,85,675,107,104,40,926,0,0,0,926
06/08/2023,SLC,UT,ANM,WE,Towers with Radar,669,107,70,1,847,1,19,44,43,107,670,126,114,44,954,0,0,0,954
06/09/2023,SLC,UT,ANM,WE,Towers with Radar,659,100,48,4,811,0,17,49,27,93,659,117,97,31,904,0,0,0,904
06/10/2023,SLC,UT,ANM,WE,Towers with Radar,614,83,30,1,728,0,9,44,23,76,614,92,74,24,804,0,0,0,804
06/11/2023,SLC,UT,ANM,WE,Towers with Radar,611,84,50,3,748,0,5,26,21,52,611,89,76,24,800,0,0,0,800
06/12/2023,SLC,UT,ANM,WE,Towers with Radar,640,100,54,5,799,0,11,29,20,60,640,111,83,25,859,0,0,0,859
06/13/2023,SLC,UT,ANM,WE,Towers with Radar,637,89,59,5,790,0,22,48,41,111,637,111,107,46,901,0,0,0,901
06/14/2023,SLC,UT,ANM,WE,Towers with Radar,644,116,75,17,852,0,7,29,32,68,644,123,104,49,920,0,0,0,920
06/15/2023,SLC,UT,ANM,WE,Towers with Radar,656,126,84,1,867,0,8,40,22,70,656,134,124,23,937,0,0,0,937
06/16/2023,SLC,UT,ANM,WE,Towers with Radar,658,91,61,4,814,0,20,57,44,121,658,111,118,48,935,0,0,0,935
06/17/2023,SLC,UT,ANM,WE,Towers with Radar,613,76,39,2,730,0,17,52,27,96,613,93,91,29,826,0,0,0,826
06/18/2023,SLC,UT,ANM,WE,Towers with Radar,609,81,40,2,732,0,12,17,3,32,609,93,57,5,764,0,0,0,764
06/19/2023,SLC,UT,ANM,WE,Towers with Radar,642,86,49,1,778,0,7,14,13,34,642,93,63,14,812,0,0,0,812
06/20/2023,SLC,UT,ANM,WE,Towers with Radar,646,114,69,6,835,0,21,51,43,115,646,135,120,49,950,0,0,0,950
06/21/2023,SLC,UT,ANM,WE,Towers with Radar,664,109,76,9,858,0,12,64,26,102,664,121,140,35,960,0,0,0,960
06/22/2023,SLC,UT,ANM,WE,Towers with Radar,676,131,75,12,894,0,19,59,50,128,676,150,134,62,1022,0,0,0,1022
06/23/2023,SLC,UT,ANM,WE,Towers with Radar,657,104,49,6,816,0,14,44,13,71,657,118,93,19,887,42,0,42,929
06/24/2023,SLC,UT,ANM,WE,Towers with Radar,601,83,46,6,736,0,7,66,23,96,601,90,112,29,832,0,0,0,832
06/25/2023,SLC,UT,ANM,WE,Towers with Radar,622,79,48,5,754,0,0,39,11,50,622,79,87,16,804,0,0,0,804
06/26/2023,SLC,UT,ANM,WE,Towers with Radar,634,99,55,3,791,0,13,59,19,91,634,112,114,22,882,0,0,0,882
06/27/2023,SLC,UT,ANM,WE,Towers with Radar,638,79,71,7,795,0,12,86,10,108,638,91,157,17,903,0,0,0,903
06/28/2023,SLC,UT,ANM,WE,Towers with Radar,633,105,68,8,814,0,10,60,17,87,633,115,128,25,901,0,0,0,901
06/29/2023,SLC,UT,ANM,WE,Towers with Radar,647,121,73,3,844,0,9,74,10,93,647,130,147,13,937,0,0,0,937
06/30/2023,SLC,UT,ANM,WE,Towers with Radar,670,108,84,2,864,0,14,72,11,97,670,122,156,13,961,0,0,0,961
07/01/2023,SLC,UT,ANM,WE,Towers with Radar,648,84,50,0,782,0,12,56,3,71,648,96,106,3,853,0,0,0,853
07/02/2023,SLC,UT,ANM,WE,Towers with Radar,594,74,27,0,695,0,8,28,5,41,594,82,55,5,736,0,0,0,736
07/03/2023,SLC,UT,ANM,WE,Towers with Radar,583,80,34,1,698,0,9,53,5,67,583,89,87,6,765,0,0,0,765
07/04/2023,SLC,UT,ANM,WE,Towers with Radar,556,66,14,0,636,0,5,44,0,49,556,71,58,0,685,0,0,0,685
07/05/2023,SLC,UT,ANM,WE,Towers with Radar,650,107,57,3,817,0,3,72,5,80,650,110,129,8,897,0,0,0,897
07/06/2023,SLC,UT,ANM,WE,Towers with Radar,663,124,65,5,857,0,14,57,15,86,663,138,122,20,943,0,0,0,943
07/07/2023,SLC,UT,ANM,WE,Towers with Radar,632,115,54,2,803,0,6,63,1,70,632,121,117,3,873,0,0,0,873
07/08/2023,SLC,UT,ANM,WE,Towers with Radar,637,85,40,0,762,0,16,44,7,67,637,101,84,7,829,0,0,0,829
07/09/2023,SLC,UT,ANM,WE,Towers with Radar,628,85,52,2,767,0,9,43,1,53,628,94,95,3,820,0,0,0,820
07/10/2023,SLC,UT,ANM,WE,Towers with Radar,668,90,75,2,835,0,8,51,6,65,668,98,126,8,900,0,0,0,900
07/11/2023,SLC,UT,ANM,WE,Towers with Radar,672,100,77,4,853,0,17,71,5,93,672,117,148,9,946,0,0,0,946
07/12/2023,SLC,UT,ANM,WE,Towers with Radar,664,123,64,7,858,0,13,80,9,102,664,136,144,16,960,0,0,0,960
07/13/2023,SLC,UT,ANM,WE,Towers with Radar,681,125,72,8,886,0,14,67,11,92,681,139,139,19,978,0,0,0,978
07/14/2023,SLC,UT,ANM,WE,Towers with Radar,669,119,58,2,848,0,9,69,4,82,669,128,127,6,930,0,0,0,930
07/15/2023,SLC,UT,ANM,WE,Towers with Radar,650,71,43,3,767,0,21,70,10,101,650,92,113,13,868,40,0,40,908
07/16/2023,SLC,UT,ANM,WE,Towers with Radar,630,100,67,2,799,0,7,36,4,47,630,107,103,6,846,0,0,0,846
07/17/2023,SLC,UT,ANM,WE,Towers with Radar,645,109,56,5,815,0,15,55,8,78,645,124,111,13,893,0,0,0,893
07/18/2023,SLC,UT,ANM,WE,Towers with Radar,657,87,65,2,811,0,9,50,19,78,657,96,115,21,889,0,0,0,889
07/19/2023,SLC,UT,ANM,WE,Towers with Radar,676,122,79,6,883,0,12,63,7,82,676,134,142,13,965,0,0,0,965
07/20/2023,SLC,UT,ANM,WE,Towers with Radar,660,118,92,7,877,0,9,83,13,105,660,127,175,20,982,32,0,32,1014
07/21/2023,SLC,UT,ANM,WE,Towers with Radar,673,115,69,1,858,0,9,74,2,85,673,124,143,3,943,0,0,0,943
07/22/2023,SLC,UT,ANM,WE,Towers with Radar,659,75,52,1,787,0,8,60,7,75,659,83,112,8,862,0,0,0,862
07/23/2023,SLC,UT,ANM,WE,Towers with Radar,656,95,66,1,818,0,3,36,1,40,656,98,102,2,858,0,0,0,858
07/24/2023,SLC,UT,ANM,WE,Towers with Radar,662,108,51,3,824,0,2,46,0,48,662,110,97,3,872,0,0,0,872
07/25/2023,SLC,UT,ANM,WE,Towers with Radar,683,103,47,4,837,0,17,67,6,90,683,120,114,10,927,0,0,0,927
07/26/2023,SLC,UT,ANM,WE,Towers with Radar,658,125,74,10,867,0,9,53,9,71,658,134,127,19,938,0,0,0,938
07/27/2023,SLC,UT,ANM,WE,Towers with Radar,694,115,63,7,879,0,11,38,8,57,694,126,101,15,936,0,0,0,936
07/28/2023,SLC,UT,ANM,WE,Towers with Radar,660,101,70,0,831,0,4,80,4,88,660,105,150,4,919,0,0,0,919
07/29/2023,SLC,UT,ANM,WE,Towers with Radar,654,94,62,1,811,0,7,44,8,59,654,101,106,9,870,0,0,0,870
07/30/2023,SLC,UT,ANM,WE,Towers with Radar,654,91,57,0,802,0,10,35,7,52,654,101,92,7,854,0,0,0,854
07/31/2023,SLC,UT,ANM,WE,Towers with Radar,648,105,52,5,810,0,8,35,12,55,648,113,87,17,865,40,0,40,905
08/01/2023,SLC,UT,ANM,WE,Towers with Radar,670,117,63,6,856,0,4,34,9,47,670,121,97,15,903,26,0,26,929
08/02/2023,SLC,UT,ANM,WE,Towers with Radar,649,120,68,5,842,0,4,30,7,41,649,124,98,12,883,0,0,0,883
08/03/2023,SLC,UT,ANM,WE,Towers with Radar,685,118,71,4,878,0,8,25,6,39,685,126,96,10,917,0,0,0,917
08/04/2023,SLC,UT,ANM,WE,Towers with Radar,674,112,63,6,855,0,7,72,11,90,674,119,135,17,945,0,0,0,945
08/05/2023,SLC,UT,ANM,WE,Towers with Radar,638,82,50,4,774,0,12,52,16,80,638,94,102,20,854,0,0,0,854
08/06/2023,SLC,UT,ANM,WE,Towers with Radar,629,78,58,5,770,0,11,49,5,65,629,89,107,10,835,0,0,0,835
08/07/2023,SLC,UT,ANM,WE,Towers with Radar,618,97,48,3,766,0,6,70,1,77,618,103,118,4,843,0,0,0,843
08/08/2023,SLC,UT,ANM,WE,Towers with Radar,661,109,78,8,856,0,13,91,12,116,661,122,169,20,972,0,0,0,972
08/09/2023,SLC,UT,ANM,WE,Towers with Radar,647,99,45,5,796,0,13,49,4,66,647,112,94,9,862,0,0,0,862
08/10/2023,SLC,UT,ANM,WE,Towers with Radar,667,95,44,9,815,0,10,26,5,41,667,105,70,14,856,0,0,0,856
08/11/2023,SLC,UT,ANM,WE,Towers with Radar,681,109,55,8,853,0,15,68,6,89,681,124,123,14,942,0,0,0,942
08/12/2023,SLC,UT,ANM,WE,Towers with Radar,629,89,45,1,764,0,12,47,4,63,629,101,92,5,827,0,0,0,827
08/13/2023,SLC,UT,ANM,WE,Towers with Radar,646,82,45,3,776,0,6,56,4,66,646,88,101,7,842,0,0,0,842
08/14/2023,SLC,UT,ANM,WE,Towers with Radar,654,102,65,9,830,0,12,66,11,89,654,114,131,20,919,0,0,0,919
08/15/2023,SLC,UT,ANM,WE,Towers with Radar,639,93,55,11,798,0,18,84,6,108,639,111,139,17,906,0,0,0,906
08/16/2023,SLC,UT,ANM,WE,Towers with Radar,653,90,69,11,823,0,11,92,11,114,653,101,161,22,937,0,0,0,937
08/17/2023,SLC,UT,ANM,WE,Towers with Radar,662,103,70,2,837,0,12,44,6,62,662,115,114,8,899,0,0,0,899
08/18/2023,SLC,UT,ANM,WE,Towers with Radar,674,103,53,6,836,0,10,67,2,79,674,113,120,8,915,0,0,0,915
08/19/2023,SLC,UT,ANM,WE,Towers with Radar,642,78,33,2,755,0,13,60,0,73,642,91,93,2,828,0,0,0,828
08/20/2023,SLC,UT,ANM,WE,Towers with Radar,642,86,61,2,791,0,7,26,3,36,642,93,87,5,827,0,0,0,827
08/21/2023,SLC,UT,ANM,WE,Towers with Radar,652,110,58,5,825,0,7,19,10,36,652,117,77,15,861,0,0,0,861
08/22/2023,SLC,UT,ANM,WE,Towers with Radar,651,105,60,4,820,0,3,21,1,25,651,108,81,5,845,0,0,0,845
08/23/2023,SLC,UT,ANM,WE,Towers with Radar,643,115,61,4,823,0,13,71,10,94,643,128,132,14,917,0,0,0,917
08/24/2023,SLC,UT,ANM,WE,Towers with Radar,655,105,73,4,837,0,19,70,13,102,655,124,143,17,939,0,0,0,939
08/25/2023,SLC,UT,ANM,WE,Towers with Radar,665,94,59,7,825,0,14,89,8,111,665,108,148,15,936,0,0,0,936
08/26/2023,SLC,UT,ANM,WE,Towers with Radar,641,74,40,3,758,0,3,51,4,58,641,77,91,7,816,0,0,0,816
08/27/2023,SLC,UT,ANM,WE,Towers with Radar,636,106,60,0,802,0,13,44,3,60,636,119,104,3,862,0,0,0,862
08/28/2023,SLC,UT,ANM,WE,Towers with Radar,631,87,66,8,792,0,14,84,2,100,631,101,150,10,892,0,0,0,892
08/29/2023,SLC,UT,ANM,WE,Towers with Radar,637,83,66,10,796,0,14,53,6,73,637,97,119,16,869,0,0,0,869
08/30/2023,SLC,UT,ANM,WE,Towers with Radar,631,99,72,6,808,0,13,84,11,108,631,112,156,17,916,0,0,0,916
08/31/2023,SLC,UT,ANM,WE,Towers with Radar,672,107,89,4,872,0,12,75,5,92,672,119,164,9,964,0,0,0,964
01/01/2020,SLC,UT,ANM,WE,Towers with Radar,549,149,62,0,760,0,5,0,1,6,549,154,62,1,766,0,0,0,766
01/02/2020,SLC,UT,ANM,WE,Towers with Radar,652,223,79,0,954,0,13,42,4,59,652,236,121,4,1013,0,0,0,1013
01/03/2020,SLC,UT,ANM,WE,Towers with Radar,655,208,98,0,961,0,6,119,2,127,655,214,217,2,1088,0,0,0,1088
01/04/2020,SLC,UT,ANM,WE,Towers with Radar,594,178,72,0,844,0,4,79,6,89,594,182,151,6,933,0,0,0,933
01/05/2020,SLC,UT,ANM,WE,Towers with Radar,663,160,88,0,911,0,2,27,0,29,663,162,115,0,940,0,0,0,940
01/06/2020,SLC,UT,ANM,WE,Towers with Radar,660,186,60,5,911,0,16,103,0,119,660,202,163,5,1030,0,0,0,1030
01/07/2020,SLC,UT,ANM,WE,Towers with Radar,653,175,45,5,878,0,16,133,3,152,653,191,178,8,1030,0,0,0,1030
01/08/2020,SLC,UT,ANM,WE,Towers with Radar,641,177,83,7,908,0,8,38,1,47,641,185,121,8,955,0,0,0,955
01/09/2020,SLC,UT,ANM,WE,Towers with Radar,650,201,55,7,913,0,7,28,2,37,650,208,83,9,950,0,0,0,950
01/10/2020,SLC,UT,ANM,WE,Towers with Radar,653,174,59,1,887,0,16,103,0,119,653,190,162,1,1006,0,0,0,1006
01/11/2020,SLC,UT,ANM,WE,Towers with Radar,517,115,37,0,669,0,6,1,2,9,517,121,38,2,678,32,0,32,710
01/12/2020,SLC,UT,ANM,WE,Towers with Radar,620,147,46,2,815,0,3,1,0,4,620,150,47,2,819,0,0,0,819
01/13/2020,SLC,UT,ANM,WE,Towers with Radar,646,182,76,4,908,0,6,13,1,20,646,188,89,5,928,0,0,0,928
01/14/2020,SLC,UT,ANM,WE,Towers with Radar,637,170,77,4,888,0,10,11,3,24,637,180,88,7,912,0,0,0,912
01/15/2020,SLC,UT,ANM,WE,Towers with Radar,637,183,54,6,880,0,15,145,11,171,637,198,199,17,1051,0,0,0,1051
01/16/2020,SLC,UT,ANM,WE,Towers with Radar,660,205,101,4,970,0,11,61,5,77,660,216,162,9,1047,0,0,0,1047
01/17/2020,SLC,UT,ANM,WE,Towers with Radar,641,245,89,3,978,0,12,45,0,57,641,257,134,3,1035,0,0,0,1035
01/18/2020,SLC,UT,ANM,WE,Towers with Radar,462,117,63,7,649,0,13,131,8,152,462,130,194,15,801,0,0,0,801
01/19/2020,SLC,UT,ANM,WE,Towers with Radar,508,114,35,1,658,0,5,80,0,85,508,119,115,1,743,0,0,0,743
01/20/2020,SLC,UT,ANM,WE,Towers with Radar,634,208,102,6,950,0,12,128,0,140,634,220,230,6,1090,0,0,0,1090
01/21/2020,SLC,UT,ANM,WE,Towers with Radar,635,171,58,4,868,0,13,27,2,42,635,184,85,6,910,0,0,0,910
01/22/2020,SLC,UT,ANM,WE,Towers with Radar,639,180,75,4,898,0,6,11,2,19,639,186,86,6,917,0,0,0,917
01/23/2020,SLC,UT,ANM,WE,Towers with Radar,659,224,142,5,1030,0,15,112,2,129,659,239,254,7,1159,0,0,0,1159
01/24/2020,SLC,UT,ANM,WE,Towers with Radar,650,205,98,4,957,0,3,20,1,24,650,208,118,5,981,0,0,0,981
01/25/2020,SLC,UT,ANM,WE,Towers with Radar,511,132,65,2,710,0,5,16,0,21,511,137,81,2,731,0,0,0,731
01/26/2020,SLC,UT,ANM,WE,Towers with Radar,612,168,131,2,913,0,6,23,2,31,612,174,154,4,944,0,0,0,944
01/27/2020,SLC,UT,ANM,WE,Towers with Radar,641,192,91,14,938,0,14,83,2,99,641,206,174,16,1037,0,0,0,1037
01/28/2020,SLC,UT,ANM,WE,Towers with Radar,634,184,100,7,925,0,11,71,5,87,634,195,171,12,1012,0,0,0,1012
01/29/2020,SLC,UT,ANM,WE,Towers with Radar,632,190,71,2,895,0,6,49,0,55,632,196,120,2,950,0,0,0,950
01/30/2020,SLC,UT,ANM,WE,Towers with Radar,656,194,66,6,922,0,5,5,4,14,656,199,71,10,936,0,0,0,936
01/31/2020,SLC,UT,ANM,WE,Towers with Radar,659,208,98,4,969,1,6,134,2,143,660,214,232,6,1112,0,0,0,1112
02/01/2020,SLC,UT,ANM,WE,Towers with Radar,473,133,45,9,660,0,3,136,3,142,473,136,181,12,802,0,0,0,802
02/02/2020,SLC,UT,ANM,WE,Towers with Radar,562,170,60,2,794,0,10,33,1,44,562,180,93,3,838,0,0,0,838
02/03/2020,SLC,UT,ANM,WE,Towers with Radar,637,193,58,1,889,0,3,0,0,3,637,196,58,1,892,0,0,0,892
02/04/2020,SLC,UT,ANM,WE,Towers with Radar,627,183,50,3,863,1,17,119,2,139,628,200,169,5,1002,0,0,0,1002
02/05/2020,SLC,UT,ANM,WE,Towers with Radar,631,193,80,2,906,0,5,5,0,10,631,198,85,2,916,0,0,0,916
02/06/2020,SLC,UT,ANM,WE,Towers with Radar,672,206,69,1,948,0,3,4,1,8,672,209,73,2,956,0,0,0,956
02/07/2020,SLC,UT,ANM,WE,Towers with Radar,661,216,73,0,950,0,15,45,2,62,661,231,118,2,1012,4,0,4,1016
02/08/2020,SLC,UT,ANM,WE,Towers with Radar,531,134,38,3,706,0,4,58,5,67,531,138,96,8,773,0,0,0,773
02/09/2020,SLC,UT,ANM,WE,Towers with Radar,606,151,60,1,818,0,4,93,1,98,606,155,153,2,916,0,0,0,916
02/10/2020,SLC,UT,ANM,WE,Towers with Radar,641,163,55,5,864,0,6,111,4,121,641,169,166,9,985,4,0,4,989
02/11/2020,SLC,UT,ANM,WE,Towers with Radar,646,162,66,6,880,0,19,135,4,158,646,181,201,10,1038,4,0,4,1042
02/12/2020,SLC,UT,ANM,WE,Towers with Radar,633,173,81,3,890,0,8,111,10,129,633,181,192,13,1019,0,0,0,1019
02/13/2020,SLC,UT,ANM,WE,Towers with Radar,657,199,96,4,956,0,11,147,6,164,657,210,243,10,1120,0,0,0,1120
02/14/2020,SLC,UT,ANM,WE,Towers with Radar,669,222,114,4,1009,0,13,97,0,110,669,235,211,4,1119,0,0,0,1119
02/15/2020,SLC,UT,ANM,WE,Towers with Radar,508,133,53,2,696,0,5,110,0,115,508,138,163,2,811,0,0,0,811
02/16/2020,SLC,UT,ANM,WE,Towers with Radar,528,139,58,6,731,0,5,2,0,7,528,144,60,6,738,20,0,20,758
02/17/2020,SLC,UT,ANM,WE,Towers with Radar,637,219,114,3,973,0,7,100,3,110,637,226,214,6,1083,0,0,0,1083
02/18/2020,SLC,UT,ANM,WE,Towers with Radar,642,195,69,8,914,0,7,129,5,141,642,202,198,13,1055,0,0,0,1055
02/19/2020,SLC,UT,ANM,WE,Towers with Radar,656,186,75,3,920,0,12,134,5,151,656,198,209,8,1071,20,0,20,1091
02/20/2020,SLC,UT,ANM,WE,Towers with Radar,663,196,79,1,939,0,19,148,11,178,663,215,227,12,1117,0,0,0,1117
02/21/2020,SLC,UT,ANM,WE,Towers with Radar,670,174,65,0,909,0,8,135,13,156,670,182,200,13,1065,24,0,24,1089
02/22/2020,SLC,UT,ANM,WE,Towers with Radar,543,148,55,1,747,0,9,111,2,122,543,157,166,3,869,0,0,0,869
02/23/2020,SLC,UT,ANM,WE,Towers with Radar,629,154,75,1,859,0,6,65,0,71,629,160,140,1,930,0,0,0,930
02/24/2020,SLC,UT,ANM,WE,Towers with Radar,649,185,60,2,896,0,11,60,4,75,649,196,120,6,971,0,0,0,971
02/25/2020,SLC,UT,ANM,WE,Towers with Radar,646,171,60,7,884,0,13,132,3,148,646,184,192,10,1032,0,0,0,1032
02/26/2020,SLC,UT,ANM,WE,Towers with Radar,665,163,73,6,907,0,13,133,0,146,665,176,206,6,1053,0,0,0,1053
02/27/2020,SLC,UT,ANM,WE,Towers with Radar,660,171,66,8,905,0,13,126,2,141,660,184,192,10,1046,0,0,0,1046
02/28/2020,SLC,UT,ANM,WE,Towers with Radar,664,179,71,1,915,0,14,168,1,183,664,193,239,2,1098,0,0,0,1098
02/29/2020,SLC,UT,ANM,WE,Towers with Radar,543,122,77,0,742,0,9,44,1,54,543,131,121,1,796,0,0,0,796
03/01/2020,SLC,UT,ANM,WE,Towers with Radar,620,182,83,0,885,0,2,1,2,5,620,184,84,2,890,0,0,0,890
03/02/2020,SLC,UT,ANM,WE,Towers with Radar,653,169,53,4,879,0,18,149,0,167,653,187,202,4,1046,0,0,0,1046
03/03/2020,SLC,UT,ANM,WE,Towers with Radar,648,180,73,6,907,0,7,153,3,163,648,187,226,9,1070,0,0,0,1070
03/04/2020,SLC,UT,ANM,WE,Towers with Radar,643,164,82,7,896,0,17,115,4,136,643,181,197,11,1032,10,0,10,1042
03/05/2020,SLC,UT,ANM,WE,Towers with Radar,669,194,91,5,959,0,9,169,0,178,669,203,260,5,1137,0,0,0,1137
03/06/2020,SLC,UT,ANM,WE,Towers with Radar,676,183,54,9,922,0,18,78,2,98,676,201,132,11,1020,50,0,50,1070
03/07/2020,SLC,UT,ANM,WE,Towers with Radar,536,150,63,0,749,0,7,27,1,35,536,157,90,1,784,0,0,0,784
03/08/2020,SLC,UT,ANM,WE,Towers with Radar,623,169,81,2,875,0,11,29,0,40,623,180,110,2,915,0,0,0,915
03/09/2020,SLC,UT,ANM,WE,Towers with Radar,665,171,70,10,916,0,13,71,0,84,665,184,141,10,1000,0,0,0,1000
03/10/2020,SLC,UT,ANM,WE,Towers with Radar,648,163,62,4,877,0,13,131,5,149,648,176,193,9,1026,66,0,66,1092
03/11/2020,SLC,UT,ANM,WE,Towers with Radar,651,175,73,3,902,0,11,113,4,128,651,186,186,7,1030,28,0,28,1058
03/12/2020,SLC,UT,ANM,WE,Towers with Radar,707,171,85,3,966,0,10,120,1,131,707,181,205,4,1097,0,0,0,1097
03/13/2020,SLC,UT,ANM,WE,Towers with Radar,704,199,66,0,969,0,9,51,6,66,704,208,117,6,1035,0,0,0,1035
03/14/2020,SLC,UT,ANM,WE,Towers with Radar,606,176,77,1,860,0,11,5,2,18,606,187,82,3,878,0,0,0,878
03/15/2020,SLC,UT,ANM,WE,Towers with Radar,661,150,69,5,885,0,4,17,0,21,661,154,86,5,906,0,0,0,906
03/16/2020,SLC,UT,ANM,WE,Towers with Radar,696,185,57,5,943,0,8,80,2,90,696,193,137,7,1033,0,0,0,1033
03/17/2020,SLC,UT,ANM,WE,Towers with Radar,678,170,51,5,904,0,14,40,0,54,678,184,91,5,958,24,0,24,982
03/18/2020,SLC,UT,ANM,WE,Towers with Radar,211,71,38,0,320,0,6,4,2,12,211,77,42,2,332,10,0,10,342
03/19/2020,SLC,UT,ANM,WE,Towers with Radar,584,141,35,0,760,0,3,3,0,6,584,144,38,0,766,0,0,0,766
03/20/2020,SLC,UT,ANM,WE,Towers with Radar,568,149,44,0,761,0,8,10,0,18,568,157,54,0,779,0,0,0,779
03/21/2020,SLC,UT,ANM,WE,Towers with Radar,420,103,29,1,553,0,14,87,4,105,420,117,116,5,658,0,0,0,658
03/22/2020,SLC,UT,ANM,WE,Towers with Radar,470,110,33,0,613,0,3,74,4,81,470,113,107,4,694,0,0,0,694
03/23/2020,SLC,UT,ANM,WE,Towers with Radar,465,149,23,3,640,0,9,40,0,49,465,158,63,3,689,20,0,20,709
03/24/2020,SLC,UT,ANM,WE,Towers with Radar,433,138,20,2,593,0,11,11,2,24,433,149,31,4,617,8,0,8,625
03/25/2020,SLC,UT,ANM,WE,Towers with Radar,444,119,15,5,583,0,4,2,13,19,444,123,17,18,602,0,0,0,602
03/26/2020,SLC,UT,ANM,WE,Towers with Radar,415,113,16,14,558,0,14,18,0,32,415,127,34,14,590,0,0,0,590
03/27/2020,SLC,UT,ANM,WE,Towers with Radar,422,110,30,0,562,0,4,118,3,125,422,114,148,3,687,0,0,0,687
03/28/2020,SLC,UT,ANM,WE,Towers with Radar,413,101,24,0,538,0,8,44,0,52,413,109,68,0,590,42,0,42,632
03/29/2020,SLC,UT,ANM,WE,Towers with Radar,381,100,8,2,491,0,1,29,0,30,381,101,37,2,521,100,0,100,621
03/30/2020,SLC,UT,ANM,WE,Towers with Radar,360,135,17,2,514,0,9,52,0,61,360,144,69,2,575,64,0,64,639
03/31/2020,SLC,UT,ANM,WE,Towers with Radar,397,137,20,4,558,0,14,40,2,56,397,151,60,6,614,70,0,70,684
04/01/2020,SLC,UT,ANM,WE,Towers with Radar,381,97,22,9,509,0,8,46,2,56,381,105,68,11,565,64,4,68,633
04/02/2020,SLC,UT,ANM,WE,Towers with Radar,313,84,22,4,423,0,9,58,2,69,313,93,80,6,492,0,2,2,494
04/03/2020,SLC,UT,ANM,WE,Towers with Radar,331,86,22,1,440,0,11,105,1,117,331,97,127,2,557,0,0,0,557
04/04/2020,SLC,UT,ANM,WE,Towers with Radar,308,48,15,0,371,0,5,62,0,67,308,53,77,0,438,0,0,0,438
04/05/2020,SLC,UT,ANM,WE,Towers with Radar,303,43,19,0,365,0,8,21,0,29,303,51,40,0,394,0,0,0,394
04/06/2020,SLC,UT,ANM,WE,Towers with Radar,275,74,19,8,376,0,6,16,3,25,275,80,35,11,401,0,0,0,401
04/07/2020,SLC,UT,ANM,WE,Towers with Radar,322,83,21,3,429,0,2,60,8,70,322,85,81,11,499,16,0,16,515
04/08/2020,SLC,UT,ANM,WE,Towers with Radar,313,83,18,19,433,0,14,63,5,82,313,97,81,24,515,0,14,14,529
04/09/2020,SLC,UT,ANM,WE,Towers with Radar,311,93,10,5,419,0,4,60,8,72,311,97,70,13,491,6,8,14,505
04/10/2020,SLC,UT,ANM,WE,Towers with Radar,285,74,20,3,382,0,13,83,4,100,285,87,103,7,482,0,0,0,482
04/11/2020,SLC,UT,ANM,WE,Towers with Radar,278,54,19,1,352,0,3,45,0,48,278,57,64,1,400,0,0,0,400
04/12/2020,SLC,UT,ANM,WE,Towers with Radar,256,37,7,1,301,0,6,20,0,26,256,43,27,1,327,0,0,0,327
04/13/2020,SLC,UT,ANM,WE,Towers with Radar,266,85,15,6,372,0,11,47,2,60,266,96,62,8,432,106,0,106,538
04/14/2020,SLC,UT,ANM,WE,Towers with Radar,275,73,18,10,376,0,14,44,7,65,275,87,62,17,441,62,0,62,503
04/15/2020,SLC,UT,ANM,WE,Towers with Radar,267,82,21,7,377,0,12,13,2,27,267,94,34,9,404,44,0,44,448
04/16/2020,SLC,UT,ANM,WE,Towers with Radar,241,83,18,12,354,0,9,47,3,59,241,92,65,15,413,88,0,88,501
04/17/2020,SLC,UT,ANM,WE,Towers with Radar,244,74,28,0,346,0,20,129,2,151,244,94,157,2,497,54,0,54,551
04/18/2020,SLC,UT,ANM,WE,Towers with Radar,217,55,18,0,290,0,1,62,6,69,217,56,80,6,359,6,0,6,365
04/19/2020,SLC,UT,ANM,WE,Towers with Radar,225,49,22,0,296,0,8,40,0,48,225,57,62,0,344,28,0,28,372
04/20/2020,SLC,UT,ANM,WE,Towers with Radar,234,81,24,6,345,0,5,69,0,74,234,86,93,6,419,0,0,0,419
04/21/2020,SLC,UT,ANM,WE,Towers with Radar,247,83,21,2,353,0,19,71,3,93,247,102,92,5,446,42,0,42,488
04/22/2020,SLC,UT,ANM,WE,Towers with Radar,249,88,23,2,362,0,16,66,1,83,249,104,89,3,445,0,0,0,445
04/23/2020,SLC,UT,ANM,WE,Towers with Radar,258,78,23,7,366,0,11,34,9,54,258,89,57,16,420,0,12,12,432
04/24/2020,SLC,UT,ANM,WE,Towers with Radar,237,76,33,0,346,0,16,120,0,136,237,92,153,0,482,102,0,102,584
04/25/2020,SLC,UT,ANM,WE,Towers with Radar,204,56,15,1,276,0,11,91,2,104,204,67,106,3,380,20,0,20,400
04/26/2020,SLC,UT,ANM,WE,Towers with Radar,223,50,18,1,292,0,14,31,2,47,223,64,49,3,339,0,0,0,339
04/27/2020,SLC,UT,ANM,WE,Towers with Radar,220,77,26,13,336,0,10,64,6,80,220,87,90,19,416,80,0,80,496
04/28/2020,SLC,UT,ANM,WE,Towers with Radar,250,81,18,10,359,0,15,92,2,109,250,96,110,12,468,74,0,74,542
04/29/2020,SLC,UT,ANM,WE,Towers with Radar,258,80,13,5,356,0,16,64,4,84,258,96,77,9,440,0,0,0,440
04/30/2020,SLC,UT,ANM,WE,Towers with Radar,258,92,33,2,385,0,10,60,3,73,258,102,93,5,458,26,0,26,484
05/01/2020,SLC,UT,ANM,WE,Towers with Radar,247,86,27,0,360,0,11,43,1,55,247,97,70,1,415,38,0,38,453
05/02/2020,SLC,UT,ANM,WE,Towers with Radar,193,43,15,4,255,0,5,67,4,76,193,48,82,8,331,0,0,0,331
05/03/2020,SLC,UT,ANM,WE,Towers with Radar,207,36,17,0,260,0,3,39,2,44,207,39,56,2,304,0,0,0,304
05/04/2020,SLC,UT,ANM,WE,Towers with Radar,214,68,21,9,312,0,9,103,1,113,214,77,124,10,425,0,0,0,425
05/05/2020,SLC,UT,ANM,WE,Towers with Radar,238,78,36,7,359,0,6,100,4,110,238,84,136,11,469,0,0,0,469
05/06/2020,SLC,UT,ANM,WE,Towers with Radar,250,82,43,12,387,0,14,51,2,67,250,96,94,14,454,0,0,0,454
05/07/2020,SLC,UT,ANM,WE,Towers with Radar,249,84,43,7,383,0,13,109,4,126,249,97,152,11,509,0,0,0,509
05/08/2020,SLC,UT,ANM,WE,Towers with Radar,240,90,31,4,365,0,12,131,0,143,240,102,162,4,508,118,0,118,626
05/09/2020,SLC,UT,ANM,WE,Towers with Radar,194,46,37,1,278,0,10,72,6,88,194,56,109,7,366,30,0,30,396
05/10/2020,SLC,UT,ANM,WE,Towers with Radar,221,26,16,0,263,0,2,46,0,48,221,28,62,0,311,0,0,0,311
05/11/2020,SLC,UT,ANM,WE,Towers with Radar,236,83,30,4,353,0,18,30,3,51,236,101,60,7,404,0,0,0,404
05/12/2020,SLC,UT,ANM,WE,Towers with Radar,244,76,20,6,346,0,17,39,3,59,244,93,59,9,405,0,0,0,405
05/13/2020,SLC,UT,ANM,WE,Towers with Radar,235,83,49,15,382,0,7,80,13,100,235,90,129,28,482,16,24,40,522
05/14/2020,SLC,UT,ANM,WE,Towers with Radar,236,88,39,2,365,0,19,85,2,106,236,107,124,4,471,38,0,38,509
05/15/2020,SLC,UT,ANM,WE,Towers with Radar,231,86,32,4,353,0,13,99,0,112,231,99,131,4,465,54,0,54,519
05/16/2020,SLC,UT,ANM,WE,Towers with Radar,196,39,34,0,269,0,4,96,1,101,196,43,130,1,370,0,0,0,370
05/17/2020,SLC,UT,ANM,WE,Towers with Radar,213,28,28,0,269,0,5,23,3,31,213,33,51,3,300,0,0,0,300
05/18/2020,SLC,UT,ANM,WE,Towers with Radar,225,79,42,6,352,0,18,11,4,33,225,97,53,10,385,0,0,0,385
05/19/2020,SLC,UT,ANM,WE,Towers with Radar,235,73,38,7,353,0,21,22,2,45,235,94,60,9,398,0,0,0,398
05/20/2020,SLC,UT,ANM,WE,Towers with Radar,249,83,45,15,392,0,10,22,1,33,249,93,67,16,425,0,0,0,425
05/21/2020,SLC,UT,ANM,WE,Towers with Radar,256,87,62,4,409,0,24,137,5,166,256,111,199,9,575,0,0,0,575
05/22/2020,SLC,UT,ANM,WE,Towers with Radar,255,91,53,0,399,0,2,48,2,52,255,93,101,2,451,14,0,14,465
05/23/2020,SLC,UT,ANM,WE,Towers with Radar,208,42,28,0,278,0,10,28,3,41,208,52,56,3,319,0,0,0,319
05/24/2020,SLC,UT,ANM,WE,Towers with Radar,226,40,26,0,292,0,5,49,3,57,226,45,75,3,349,4,0,4,353
05/25/2020,SLC,UT,ANM,WE,Towers with Radar,225,27,44,0,296,0,5,96,2,103,225,32,140,2,399,26,0,26,425
05/26/2020,SLC,UT,ANM,WE,Towers with Radar,225,61,44,2,332,0,19,116,3,138,225,80,160,5,470,30,0,30,500
05/27/2020,SLC,UT,ANM,WE,Towers with Radar,249,102,46,2,399,0,23,93,7,123,249,125,139,9,522,18,0,18,540
05/28/2020,SLC,UT,ANM,WE,Towers with Radar,258,95,36,6,395,0,12,124,7,143,258,107,160,13,538,64,24,88,626
05/29/2020,SLC,UT,ANM,WE,Towers with Radar,256,80,26,0,362,0,11,93,8,112,256,91,119,8,474,56,0,56,530
05/30/2020,SLC,UT,ANM,WE,Towers with Radar,206,44,14,0,264,0,7,35,8,50,206,51,49,8,314,0,0,0,314
05/31/2020,SLC,UT,ANM,WE,Towers with Radar,241,43,34,1,319,1,7,51,2,61,242,50,85,3,380,0,0,0,380
06/01/2020,SLC,UT,ANM,WE,Towers with Radar,226,73,31,8,338,0,10,82,15,107,226,83,113,23,445,0,0,0,445
06/02/2020,SLC,UT,ANM,WE,Towers with Radar,280,83,56,5,424,0,17,100,8,125,280,100,156,13,549,0,0,0,549
06/03/2020,SLC,UT,ANM,WE,Towers with Radar,293,91,62,5,451,0,15,153,4,172,293,106,215,9,623,0,0,0,623
06/04/2020,SLC,UT,ANM,WE,Towers with Radar,298,87,49,3,437,0,16,118,6,140,298,103,167,9,577,54,0,54,631
06/05/2020,SLC,UT,ANM,WE,Towers with Radar,292,109,72,0,473,0,12,54,5,71,292,121,126,5,544,50,0,50,594
06/06/2020,SLC,UT,ANM,WE,Towers with Radar,273,70,57,0,400,0,5,18,14,37,273,75,75,14,437,0,0,0,437
06/07/2020,SLC,UT,ANM,WE,Towers with Radar,298,53,31,2,384,0,2,8,0,10,298,55,39,2,394,0,0,0,394
06/08/2020,SLC,UT,ANM,WE,Towers with Radar,300,71,62,15,448,0,9,19,15,43,300,80,81,30,491,0,10,10,501
06/09/2020,SLC,UT,ANM,WE,Towers with Radar,306,80,54,8,448,0,17,148,2,167,306,97,202,10,615,0,0,0,615
06/10/2020,SLC,UT,ANM,WE,Towers with Radar,311,92,72,12,487,0,21,137,10,168,311,113,209,22,655,0,0,0,655
06/11/2020,SLC,UT,ANM,WE,Towers with Radar,319,96,47,6,468,0,10,119,12,141,319,106,166,18,609,114,0,114,723
06/12/2020,SLC,UT,ANM,WE,Towers with Radar,313,97,69,2,481,0,13,57,2,72,313,110,126,4,553,32,0,32,585
06/13/2020,SLC,UT,ANM,WE,Towers with Radar,288,62,31,2,383,0,8,38,2,48,288,70,69,4,431,20,0,20,451
06/14/2020,SLC,UT,ANM,WE,Towers with Radar,313,69,45,0,427,0,9,81,2,92,313,78,126,2,519,32,0,32,551
06/15/2020,SLC,UT,ANM,WE,Towers with Radar,308,73,60,6,447,1,11,100,4,116,309,84,160,10,563,110,0,110,673
06/16/2020,SLC,UT,ANM,WE,Towers with Radar,318,97,55,6,476,0,17,23,1,41,318,114,78,7,517,0,0,0,517
06/17/2020,SLC,UT,ANM,WE,Towers with Radar,327,97,70,8,502,0,10,106,9,125,327,107,176,17,627,0,0,0,627
06/18/2020,SLC,UT,ANM,WE,Towers with Radar,332,105,60,5,502,0,17,130,9,156,332,122,190,14,658,76,0,76,734
06/19/2020,SLC,UT,ANM,WE,Towers with Radar,321,96,50,2,469,0,33,143,2,178,321,129,193,4,647,0,0,0,647
06/20/2020,SLC,UT,ANM,WE,Towers with Radar,298,68,46,2,414,0,9,94,1,104,298,77,140,3,518,0,0,0,518
06/21/2020,SLC,UT,ANM,WE,Towers with Radar,321,63,45,0,429,1,6,47,3,57,322,69,92,3,486,0,0,0,486
06/22/2020,SLC,UT,ANM,WE,Towers with Radar,318,88,48,5,459,0,15,88,3,106,318,103,136,8,565,104,0,104,669
06/23/2020,SLC,UT,ANM,WE,Towers with Radar,328,94,63,6,491,0,29,115,24,168,328,123,178,30,659,74,26,100,759
06/24/2020,SLC,UT,ANM,WE,Towers with Radar,335,102,66,9,512,0,13,130,9,152,335,115,196,18,664,86,6,92,756
06/25/2020,SLC,UT,ANM,WE,Towers with Radar,333,106,59,13,511,0,16,91,4,111,333,122,150,17,622,12,0,12,634
06/26/2020,SLC,UT,ANM,WE,Towers with Radar,337,105,65,1,508,0,17,105,5,127,337,122,170,6,635,0,0,0,635
06/27/2020,SLC,UT,ANM,WE,Towers with Radar,332,62,73,2,469,0,8,88,0,96,332,70,161,2,565,0,0,0,565
06/28/2020,SLC,UT,ANM,WE,Towers with Radar,368,56,61,1,486,0,7,18,0,25,368,63,79,1,511,0,0,0,511
06/29/2020,SLC,UT,ANM,WE,Towers with Radar,361,100,50,7,518,0,12,35,6,53,361,112,85,13,571,0,12,12,583
06/30/2020,SLC,UT,ANM,WE,Towers with Radar,375,99,80,1,555,0,13,72,13,98,375,112,152,14,653,22,0,22,675
07/01/2020,SLC,UT,ANM,WE,Towers with Radar,413,91,94,2,600,0,14,114,7,135,413,105,208,9,735,104,0,104,839
07/02/2020,SLC,UT,ANM,WE,Towers with Radar,489,110,94,2,695,0,11,124,7,142,489,121,218,9,837,110,0,110,947
07/03/2020,SLC,UT,ANM,WE,Towers with Radar,448,112,43,1,604,0,16,73,6,95,448,128,116,7,699,0,0,0,699
07/04/2020,SLC,UT,ANM,WE,Towers with Radar,377,51,19,0,447,0,6,47,4,57,377,57,66,4,504,0,0,0,504
07/05/2020,SLC,UT,ANM,WE,Towers with Radar,424,98,70,1,593,0,7,49,4,60,424,105,119,5,653,0,0,0,653
07/06/2020,SLC,UT,ANM,WE,Towers with Radar,464,92,72,1,629,0,17,106,0,123,464,109,178,1,752,0,0,0,752
07/07/2020,SLC,UT,ANM,WE,Towers with Radar,475,101,56,8,640,0,14,96,17,127,475,115,152,25,767,0,0,0,767
07/08/2020,SLC,UT,ANM,WE,Towers with Radar,458,109,56,5,628,0,23,107,6,136,458,132,163,11,764,0,0,0,764
07/09/2020,SLC,UT,ANM,WE,Towers with Radar,475,111,78,4,668,0,13,123,7,143,475,124,201,11,811,0,0,0,811
07/10/2020,SLC,UT,ANM,WE,Towers with Radar,477,114,57,1,649,0,8,95,0,103,477,122,152,1,752,0,0,0,752
07/11/2020,SLC,UT,ANM,WE,Towers with Radar,455,77,45,0,577,0,15,54,2,71,455,92,99,2,648,0,0,0,648
07/12/2020,SLC,UT,ANM,WE,Towers with Radar,475,83,86,2,646,0,6,57,3,66,475,89,143,5,712,0,0,0,712
07/13/2020,SLC,UT,ANM,WE,Towers with Radar,474,90,76,10,650,0,6,73,3,82,474,96,149,13,732,16,6,22,754
07/14/2020,SLC,UT,ANM,WE,Towers with Radar,480,96,64,9,649,0,22,93,0,115,480,118,157,9,764,72,0,72,836
07/15/2020,SLC,UT,ANM,WE,Towers with Radar,485,115,60,4,664,0,21,96,0,117,485,136,156,4,781,54,0,54,835
07/16/2020,SLC,UT,ANM,WE,Towers with Radar,497,113,65,4,679,0,16,79,2,97,497,129,144,6,776,4,0,4,780
07/17/2020,SLC,UT,ANM,WE,Towers with Radar,497,111,60,1,669,0,20,55,3,78,497,131,115,4,747,24,0,24,771
07/18/2020,SLC,UT,ANM,WE,Towers with Radar,485,69,49,0,603,0,8,65,0,73,485,77,114,0,676,0,0,0,676
07/19/2020,SLC,UT,ANM,WE,Towers with Radar,484,80,57,2,623,0,10,49,2,61,484,90,106,4,684,0,0,0,684
07/20/2020,SLC,UT,ANM,WE,Towers with Radar,469,92,46,5,612,0,14,104,5,123,469,106,150,10,735,0,0,0,735
07/21/2020,SLC,UT,ANM,WE,Towers with Radar,488,108,66,5,667,0,17,88,5,110,488,125,154,10,777,0,0,0,777
07/22/2020,SLC,UT,ANM,WE,Towers with Radar,492,106,58,6,662,0,13,44,5,62,492,119,102,11,724,0,0,0,724
07/23/2020,SLC,UT,ANM,WE,Towers with Radar,510,110,61,3,684,0,4,54,5,63,510,114,115,8,747,0,0,0,747
07/24/2020,SLC,UT,ANM,WE,Towers with Radar,496,122,67,3,688,0,20,82,3,105,496,142,149,6,793,0,0,0,793
07/25/2020,SLC,UT,ANM,WE,Towers with Radar,471,82,46,0,599,0,6,79,0,85,471,88,125,0,684,0,0,0,684
07/26/2020,SLC,UT,ANM,WE,Towers with Radar,477,85,83,0,645,0,5,71,6,82,477,90,154,6,727,0,0,0,727
07/27/2020,SLC,UT,ANM,WE,Towers with Radar,483,105,58,9,655,0,14,83,4,101,483,119,141,13,756,0,0,0,756
07/28/2020,SLC,UT,ANM,WE,Towers with Radar,483,117,59,11,670,0,16,113,3,132,483,133,172,14,802,46,0,46,848
07/29/2020,SLC,UT,ANM,WE,Towers with Radar,486,125,72,4,687,0,14,104,3,121,486,139,176,7,808,0,0,0,808
07/30/2020,SLC,UT,ANM,WE,Towers with Radar,502,106,59,6,673,0,18,110,7,135,502,124,169,13,808,0,0,0,808
07/31/2020,SLC,UT,ANM,WE,Towers with Radar,512,110,63,1,686,0,27,97,2,126,512,137,160,3,812,66,0,66,878
08/01/2020,SLC,UT,ANM,WE,Towers with Radar,517,87,71,2,677,1,7,63,0,71,518,94,134,2,748,78,0,78,826
08/02/2020,SLC,UT,ANM,WE,Towers with Radar,535,85,76,0,696,0,0,53,9,62,535,85,129,9,758,0,0,0,758
08/03/2020,SLC,UT,ANM,WE,Towers with Radar,529,123,60,5,717,0,12,100,3,115,529,135,160,8,832,74,0,74,906
08/04/2020,SLC,UT,ANM,WE,Towers with Radar,508,139,68,6,721,0,11,67,11,89,508,150,135,17,810,10,0,10,820
08/05/2020,SLC,UT,ANM,WE,Towers with Radar,516,137,88,5,746,0,13,92,7,112,516,150,180,12,858,34,0,34,892
08/06/2020,SLC,UT,ANM,WE,Towers with Radar,550,131,60,7,748,0,15,87,7,109,550,146,147,14,857,0,0,0,857
08/07/2020,SLC,UT,ANM,WE,Towers with Radar,542,128,54,0,724,0,8,113,4,125,542,136,167,4,849,0,0,0,849
08/08/2020,SLC,UT,ANM,WE,Towers with Radar,521,75,42,0,638,0,3,77,2,82,521,78,119,2,720,0,0,0,720
08/09/2020,SLC,UT,ANM,WE,Towers with Radar,532,95,58,0,685,0,4,71,4,79,532,99,129,4,764,0,0,0,764
08/10/2020,SLC,UT,ANM,WE,Towers with Radar,526,132,60,13,731,0,8,89,2,99,526,140,149,15,830,0,0,0,830
08/11/2020,SLC,UT,ANM,WE,Towers with Radar,504,129,56,11,700,0,9,106,11,126,504,138,162,22,826,0,0,0,826
08/12/2020,SLC,UT,ANM,WE,Towers with Radar,512,127,41,3,683,0,17,118,7,142,512,144,159,10,825,0,0,0,825
08/13/2020,SLC,UT,ANM,WE,Towers with Radar,544,126,56,6,732,0,11,108,4,123,544,137,164,10,855,0,0,0,855
08/14/2020,SLC,UT,ANM,WE,Towers with Radar,534,126,62,2,724,0,18,122,5,145,534,144,184,7,869,20,0,20,889
08/15/2020,SLC,UT,ANM,WE,Towers with Radar,516,87,32,0,635,0,16,82,2,100,516,103,114,2,735,0,0,0,735
08/16/2020,SLC,UT,ANM,WE,Towers with Radar,526,94,69,1,690,0,8,72,3,83,526,102,141,4,773,0,0,0,773
08/17/2020,SLC,UT,ANM,WE,Towers with Radar,521,131,71,8,731,0,10,85,7,102,521,141,156,15,833,0,0,0,833
08/18/2020,SLC,UT,ANM,WE,Towers with Radar,486,137,57,12,692,0,12,85,10,107,486,149,142,22,799,0,0,0,799
08/19/2020,SLC,UT,ANM,WE,Towers with Radar,507,125,56,12,700,0,10,97,5,112,507,135,153,17,812,0,0,0,812
08/20/2020,SLC,UT,ANM,WE,Towers with Radar,552,133,65,12,762,0,7,86,9,102,552,140,151,21,864,0,0,0,864
08/21/2020,SLC,UT,ANM,WE,Towers with Radar,541,141,58,2,742,0,16,57,5,78,541,157,115,7,820,52,0,52,872
08/22/2020,SLC,UT,ANM,WE,Towers with Radar,520,79,48,0,647,1,5,54,3,63,521,84,102,3,710,0,0,0,710
08/23/2020,SLC,UT,ANM,WE,Towers with Radar,524,96,65,0,685,0,16,32,6,54,524,112,97,6,739,0,0,0,739
08/24/2020,SLC,UT,ANM,WE,Towers with Radar,517,125,53,4,699,0,10,65,13,88,517,135,118,17,787,0,0,0,787
08/25/2020,SLC,UT,ANM,WE,Towers with Radar,496,124,43,3,666,0,12,70,1,83,496,136,113,4,749,0,0,0,749
08/26/2020,SLC,UT,ANM,WE,Towers with Radar,513,127,51,4,695,0,13,99,7,119,513,140,150,11,814,0,0,0,814
08/27/2020,SLC,UT,ANM,WE,Towers with Radar,550,134,73,8,765,0,13,67,8,88,550,147,140,16,853,0,0,0,853
08/28/2020,SLC,UT,ANM,WE,Towers with Radar,529,124,57,0,710,0,16,114,5,135,529,140,171,5,845,60,0,60,905
08/29/2020,SLC,UT,ANM,WE,Towers with Radar,515,92,42,0,649,0,14,83,10,107,515,106,125,10,756,0,0,0,756
08/30/2020,SLC,UT,ANM,WE,Towers with Radar,526,97,70,0,693,0,4,48,1,53,526,101,118,1,746,22,0,22,768
08/31/2020,SLC,UT,ANM,WE,Towers with Radar,524,120,63,12,719,0,5,72,3,80,524,125,135,15,799,0,0,0,799
09/01/2020,SLC,UT,ANM,WE,Towers with Radar,491,124,55,6,676,0,2,132,10,144,491,126,187,16,820,92,0,92,912
09/02/2020,SLC,UT,ANM,WE,Towers with Radar,507,124,85,3,719,0,16,105,7,128,507,140,190,10,847,24,0,24,871
09/03/2020,SLC,UT,ANM,WE,Towers with Radar,546,139,73,3,761,0,8,150,1,159,546,147,223,4,920,0,0,0,920
09/04/2020,SLC,UT,ANM,WE,Towers with Radar,551,136,76,0,763,0,17,117,5,139,551,153,193,5,902,0,0,0,902
09/05/2020,SLC,UT,ANM,WE,Towers with Radar,505,73,32,0,610,1,3,75,9,88,506,76,107,9,698,0,0,0,698
09/06/2020,SLC,UT,ANM,WE,Towers with Radar,494,88,26,0,608,0,7,60,6,73,494,95,86,6,681,0,0,0,681
09/07/2020,SLC,UT,ANM,WE,Towers with Radar,515,86,80,0,681,0,6,37,6,49,515,92,117,6,730,0,0,0,730
09/08/2020,SLC,UT,ANM,WE,Towers with Radar,512,96,35,2,645,0,0,1,3,4,512,96,36,5,649,0,0,0,649
09/09/2020,SLC,UT,ANM,WE,Towers with Radar,502,149,66,9,726,0,6,41,13,60,502,155,107,22,786,0,0,0,786
09/10/2020,SLC,UT,ANM,WE,Towers with Radar,525,133,66,6,730,0,11,107,4,122,525,144,173,10,852,0,0,0,852
09/11/2020,SLC,UT,ANM,WE,Towers with Radar,508,123,42,3,676,0,7,135,2,144,508,130,177,5,820,0,0,0,820
09/12/2020,SLC,UT,ANM,WE,Towers with Radar,483,78,44,3,608,0,11,99,4,114,483,89,143,7,722,22,0,22,744
09/13/2020,SLC,UT,ANM,WE,Towers with Radar,501,108,65,2,676,0,2,72,5,79,501,110,137,7,755,0,0,0,755
09/14/2020,SLC,UT,ANM,WE,Towers with Radar,490,110,47,7,654,0,10,107,6,123,490,120,154,13,777,36,0,36,813
09/15/2020,SLC,UT,ANM,WE,Towers with Radar,484,133,54,9,680,0,10,116,3,129,484,143,170,12,809,26,0,26,835
09/16/2020,SLC,UT,ANM,WE,Towers with Radar,497,132,71,4,704,0,17,100,4,121,497,149,171,8,825,0,0,0,825
09/17/2020,SLC,UT,ANM,WE,Towers with Radar,539,123,61,5,728,0,16,102,7,125,539,139,163,12,853,0,0,0,853
09/18/2020,SLC,UT,ANM,WE,Towers with Radar,532,107,58,1,698,0,5,75,4,84,532,112,133,5,782,0,0,0,782
09/19/2020,SLC,UT,ANM,WE,Towers with Radar,506,89,38,5,638,0,7,35,8,50,506,96,73,13,688,0,0,0,688
09/20/2020,SLC,UT,ANM,WE,Towers with Radar,521,85,69,2,677,0,8,84,8,100,521,93,153,10,777,20,0,20,797
09/21/2020,SLC,UT,ANM,WE,Towers with Radar,501,113,43,5,662,0,7,100,6,113,501,120,143,11,775,0,0,0,775
09/22/2020,SLC,UT,ANM,WE,Towers with Radar,487,116,49,9,661,0,8,66,11,85,487,124,115,20,746,0,0,0,746
09/23/2020,SLC,UT,ANM,WE,Towers with Radar,507,138,63,11,719,0,5,103,7,115,507,143,166,18,834,0,0,0,834
09/24/2020,SLC,UT,ANM,WE,Towers with Radar,543,125,55,7,730,0,21,100,3,124,543,146,155,10,854,22,0,22,876
09/25/2020,SLC,UT,ANM,WE,Towers with Radar,536,122,82,4,744,0,20,91,7,118,536,142,173,11,862,0,0,0,862
09/26/2020,SLC,UT,ANM,WE,Towers with Radar,504,77,40,0,621,0,11,66,6,83,504,88,106,6,704,0,0,0,704
09/27/2020,SLC,UT,ANM,WE,Towers with Radar,520,66,69,4,659,0,9,65,3,77,520,75,134,7,736,0,0,0,736
09/28/2020,SLC,UT,ANM,WE,Towers with Radar,496,115,50,8,669,0,22,130,5,157,496,137,180,13,826,10,0,10,836
09/29/2020,SLC,UT,ANM,WE,Towers with Radar,487,140,51,16,694,0,11,114,6,131,487,151,165,22,825,80,0,80,905
09/30/2020,SLC,UT,ANM,WE,Towers with Radar,500,116,53,14,683,0,13,113,2,128,500,129,166,16,811,0,0,0,811
10/01/2020,SLC,UT,ANM,WE,Towers with Radar,550,129,67,4,750,0,7,115,3,125,550,136,182,7,875,0,0,0,875
10/02/2020,SLC,UT,ANM,WE,Towers with Radar,543,118,72,2,735,0,16,106,5,127,543,134,178,7,862,0,0,0,862
10/03/2020,SLC,UT,ANM,WE,Towers with Radar,511,94,35,2,642,0,14,80,5,99,511,108,115,7,741,0,0,0,741
10/04/2020,SLC,UT,ANM,WE,Towers with Radar,528,99,57,6,690,0,2,39,2,43,528,101,96,8,733,0,0,0,733
10/05/2020,SLC,UT,ANM,WE,Towers with Radar,506,134,46,11,697,0,10,67,6,83,506,144,113,17,780,0,0,0,780
10/06/2020,SLC,UT,ANM,WE,Towers with Radar,501,131,67,3,702,0,10,74,3,87,501,141,141,6,789,0,0,0,789
10/07/2020,SLC,UT,ANM,WE,Towers with Radar,510,139,58,9,716,0,5,78,11,94,510,144,136,20,810,0,0,0,810
10/08/2020,SLC,UT,ANM,WE,Towers with Radar,566,137,67,14,784,0,9,98,14,121,566,146,165,28,905,32,0,32,937
10/09/2020,SLC,UT,ANM,WE,Towers with Radar,556,124,90,3,773,0,9,120,4,133,556,133,210,7,906,22,0,22,928
10/10/2020,SLC,UT,ANM,WE,Towers with Radar,526,76,37,0,639,0,7,41,1,49,526,83,78,1,688,0,0,0,688
10/11/2020,SLC,UT,ANM,WE,Towers with Radar,549,85,54,0,688,0,4,21,4,29,549,89,75,4,717,14,0,14,731
10/12/2020,SLC,UT,ANM,WE,Towers with Radar,526,118,53,2,699,0,14,69,2,85,526,132,122,4,784,0,0,0,784
10/13/2020,SLC,UT,ANM,WE,Towers with Radar,502,133,47,6,688,0,14,121,7,142,502,147,168,13,830,52,0,52,882
10/14/2020,SLC,UT,ANM,WE,Towers with Radar,520,146,66,4,736,0,16,59,7,82,520,162,125,11,818,0,0,0,818
10/15/2020,SLC,UT,ANM,WE,Towers with Radar,556,131,79,2,768,0,8,121,0,129,556,139,200,2,897,0,0,0,897
10/16/2020,SLC,UT,ANM,WE,Towers with Radar,550,116,53,5,724,0,11,125,1,137,550,127,178,6,861,0,0,0,861
10/17/2020,SLC,UT,ANM,WE,Towers with Radar,527,73,22,3,625,0,2,90,2,94,527,75,112,5,719,42,0,42,761
10/18/2020,SLC,UT,ANM,WE,Towers with Radar,545,84,50,5,684,0,6,57,1,64,545,90,107,6,748,0,0,0,748
10/19/2020,SLC,UT,ANM,WE,Towers with Radar,519,115,41,8,683,0,9,80,3,92,519,124,121,11,775,0,0,0,775
10/20/2020,SLC,UT,ANM,WE,Towers with Radar,506,129,62,10,707,0,10,114,2,126,506,139,176,12,833,0,0,0,833
10/21/2020,SLC,UT,ANM,WE,Towers with Radar,509,131,48,7,695,0,8,83,2,93,509,139,131,9,788,0,0,0,788
10/22/2020,SLC,UT,ANM,WE,Towers with Radar,556,117,50,9,732,0,9,83,4,96,556,126,133,13,828,0,0,0,828
10/23/2020,SLC,UT,ANM,WE,Towers with Radar,558,121,79,8,766,0,11,93,6,110,558,132,172,14,876,0,0,0,876
10/24/2020,SLC,UT,ANM,WE,Towers with Radar,494,89,40,3,626,0,15,64,2,81,494,104,104,5,707,0,0,0,707
10/25/2020,SLC,UT,ANM,WE,Towers with Radar,500,85,47,2,634,0,5,6,0,11,500,90,53,2,645,0,0,0,645
10/26/2020,SLC,UT,ANM,WE,Towers with Radar,482,115,50,8,655,0,10,84,3,97,482,125,134,11,752,38,0,38,790
10/27/2020,SLC,UT,ANM,WE,Towers with Radar,487,123,57,7,674,0,16,107,6,129,487,139,164,13,803,0,0,0,803
10/28/2020,SLC,UT,ANM,WE,Towers with Radar,490,135,62,8,695,0,15,98,19,132,490,150,160,27,827,0,0,0,827
10/29/2020,SLC,UT,ANM,WE,Towers with Radar,521,119,55,3,698,0,14,104,16,134,521,133,159,19,832,0,0,0,832
10/30/2020,SLC,UT,ANM,WE,Towers with Radar,507,138,49,2,696,0,12,109,8,129,507,150,158,10,825,0,0,0,825
10/31/2020,SLC,UT,ANM,WE,Towers with Radar,419,75,30,0,524,0,2,83,5,90,419,77,113,5,614,0,0,0,614
11/01/2020,SLC,UT,ANM,WE,Towers with Radar,477,70,34,0,581,0,1,56,1,58,477,71,90,1,639,14,0,14,653
11/02/2020,SLC,UT,ANM,WE,Towers with Radar,461,119,61,5,646,0,10,71,0,81,461,129,132,5,727,6,0,6,733
11/03/2020,SLC,UT,ANM,WE,Towers with Radar,431,136,44,5,616,0,7,96,3,106,431,143,140,8,722,38,0,38,760
11/04/2020,SLC,UT,ANM,WE,Towers with Radar,471,125,47,6,649,0,17,110,5,132,471,142,157,11,781,0,0,0,781
11/05/2020,SLC,UT,ANM,WE,Towers with Radar,524,146,48,7,725,0,4,109,9,122,524,150,157,16,847,0,0,0,847
11/06/2020,SLC,UT,ANM,WE,Towers with Radar,531,132,47,0,710,0,7,22,3,32,531,139,69,3,742,22,0,22,764
11/07/2020,SLC,UT,ANM,WE,Towers with Radar,480,84,23,4,591,0,7,8,0,15,480,91,31,4,606,0,0,0,606
11/08/2020,SLC,UT,ANM,WE,Towers with Radar,546,73,21,3,643,0,1,0,0,1,546,74,21,3,644,0,0,0,644
11/09/2020,SLC,UT,ANM,WE,Towers with Radar,530,134,40,6,710,0,6,20,3,29,530,140,60,9,739,0,0,0,739
11/10/2020,SLC,UT,ANM,WE,Towers with Radar,503,138,46,9,696,0,6,56,1,63,503,144,102,10,759,0,0,0,759
11/11/2020,SLC,UT,ANM,WE,Towers with Radar,519,134,61,2,716,0,3,2,0,5,519,137,63,2,721,0,0,0,721
11/12/2020,SLC,UT,ANM,WE,Towers with Radar,553,135,61,0,749,0,6,104,0,110,553,141,165,0,859,0,0,0,859
11/13/2020,SLC,UT,ANM,WE,Towers with Radar,567,150,52,5,774,0,9,25,0,34,567,159,77,5,808,0,0,0,808
11/14/2020,SLC,UT,ANM,WE,Towers with Radar,511,99,33,7,650,0,16,18,1,35,511,115,51,8,685,0,0,0,685
11/15/2020,SLC,UT,ANM,WE,Towers with Radar,582,86,59,1,728,0,9,40,0,49,582,95,99,1,777,0,0,0,777
11/16/2020,SLC,UT,ANM,WE,Towers with Radar,529,114,47,8,698,0,8,110,4,122,529,122,157,12,820,10,0,10,830
11/17/2020,SLC,UT,ANM,WE,Towers with Radar,514,130,65,5,714,0,8,42,4,54,514,138,107,9,768,0,0,0,768
11/18/2020,SLC,UT,ANM,WE,Towers with Radar,520,132,51,13,716,0,6,17,2,25,520,138,68,15,741,0,0,0,741
11/19/2020,SLC,UT,ANM,WE,Towers with Radar,554,140,53,7,754,0,6,116,4,126,554,146,169,11,880,0,0,0,880
11/20/2020,SLC,UT,ANM,WE,Towers with Radar,636,145,78,6,865,0,9,121,2,132,636,154,199,8,997,0,0,0,997
11/21/2020,SLC,UT,ANM,WE,Towers with Radar,624,101,59,0,784,0,5,132,1,138,624,106,191,1,922,20,0,20,942
11/22/2020,SLC,UT,ANM,WE,Towers with Radar,622,95,57,0,774,0,10,70,0,80,622,105,127,0,854,0,0,0,854
11/23/2020,SLC,UT,ANM,WE,Towers with Radar,642,132,46,5,825,0,2,54,1,57,642,134,100,6,882,0,0,0,882
11/24/2020,SLC,UT,ANM,WE,Towers with Radar,681,152,63,7,903,0,9,86,3,98,681,161,149,10,1001,0,0,0,1001
11/25/2020,SLC,UT,ANM,WE,Towers with Radar,644,162,70,4,880,0,21,79,1,101,644,183,149,5,981,0,0,0,981
11/26/2020,SLC,UT,ANM,WE,Towers with Radar,321,55,15,0,391,0,3,21,0,24,321,58,36,0,415,0,0,0,415
11/27/2020,SLC,UT,ANM,WE,Towers with Radar,467,101,27,0,595,0,8,85,3,96,467,109,112,3,691,0,0,0,691
11/28/2020,SLC,UT,ANM,WE,Towers with Radar,616,100,60,0,776,0,10,58,1,69,616,110,118,1,845,0,0,0,845
11/29/2020,SLC,UT,ANM,WE,Towers with Radar,656,104,115,0,875,0,8,64,2,74,656,112,179,2,949,0,0,0,949
11/30/2020,SLC,UT,ANM,WE,Towers with Radar,662,130,40,6,838,0,7,75,3,85,662,137,115,9,923,4,0,4,927
12/01/2020,SLC,UT,ANM,WE,Towers with Radar,638,141,38,8,825,0,12,83,5,100,638,153,121,13,925,6,0,6,931
12/02/2020,SLC,UT,ANM,WE,Towers with Radar,515,150,50,10,725,0,18,98,1,117,515,168,148,11,842,0,0,0,842
12/03/2020,SLC,UT,ANM,WE,Towers with Radar,573,145,75,10,803,0,13,103,2,118,573,158,178,12,921,0,0,0,921
12/04/2020,SLC,UT,ANM,WE,Towers with Radar,551,141,57,2,751,0,8,111,4,123,551,149,168,6,874,24,0,24,898
12/05/2020,SLC,UT,ANM,WE,Towers with Radar,489,86,33,4,612,0,1,71,1,73,489,87,104,5,685,0,0,0,685
12/06/2020,SLC,UT,ANM,WE,Towers with Radar,530,97,48,4,679,0,14,67,0,81,530,111,115,4,760,0,0,0,760
12/07/2020,SLC,UT,ANM,WE,Towers with Radar,526,128,52,8,714,0,8,72,6,86,526,136,124,14,800,0,0,0,800
12/08/2020,SLC,UT,ANM,WE,Towers with Radar,498,137,55,4,694,0,10,110,6,126,498,147,165,10,820,0,0,0,820
12/09/2020,SLC,UT,ANM,WE,Towers with Radar,522,137,75,5,739,0,14,102,6,122,522,151,177,11,861,0,0,0,861
12/10/2020,SLC,UT,ANM,WE,Towers with Radar,560,142,58,10,770,0,4,102,4,110,560,146,160,14,880,0,0,0,880
12/11/2020,SLC,UT,ANM,WE,Towers with Radar,557,156,62,1,776,0,12,32,4,48,557,168,94,5,824,0,0,0,824
12/12/2020,SLC,UT,ANM,WE,Towers with Radar,488,102,35,2,627,0,5,15,0,20,488,107,50,2,647,0,0,0,647
12/13/2020,SLC,UT,ANM,WE,Towers with Radar,528,105,42,0,675,0,11,68,0,79,528,116,110,0,754,14,0,14,768
12/14/2020,SLC,UT,ANM,WE,Towers with Radar,528,151,55,2,736,0,2,1,0,3,528,153,56,2,739,0,0,0,739
12/15/2020,SLC,UT,ANM,WE,Towers with Radar,505,180,60,2,747,0,16,47,6,69,505,196,107,8,816,0,0,0,816
12/16/2020,SLC,UT,ANM,WE,Towers with Radar,525,177,83,7,792,0,25,83,8,116,525,202,166,15,908,0,0,0,908
12/17/2020,SLC,UT,ANM,WE,Towers with Radar,596,187,78,1,862,1,5,1,0,7,597,192,79,1,869,0,0,0,869
12/18/2020,SLC,UT,ANM,WE,Towers with Radar,646,247,125,0,1018,0,22,48,4,74,646,269,173,4,1092,0,0,0,1092
12/19/2020,SLC,UT,ANM,WE,Towers with Radar,635,172,87,1,895,0,10,69,1,80,635,182,156,2,975,22,0,22,997
12/20/2020,SLC,UT,ANM,WE,Towers with Radar,630,163,76,4,873,0,5,38,2,45,630,168,114,6,918,0,0,0,918
12/21/2020,SLC,UT,ANM,WE,Towers with Radar,614,173,76,12,875,0,12,103,0,115,614,185,179,12,990,0,0,0,990
12/22/2020,SLC,UT,ANM,WE,Towers with Radar,645,200,66,4,915,0,12,15,12,39,645,212,81,16,954,0,0,0,954
12/23/2020,SLC,UT,ANM,WE,Towers with Radar,647,212,87,4,950,0,13,65,5,83,647,225,152,9,1033,0,0,0,1033
12/24/2020,SLC,UT,ANM,WE,Towers with Radar,396,140,38,0,574,0,5,50,0,55,396,145,88,0,629,0,0,0,629
12/25/2020,SLC,UT,ANM,WE,Towers with Radar,324,80,19,0,423,0,0,7,0,7,324,80,26,0,430,0,0,0,430
12/26/2020,SLC,UT,ANM,WE,Towers with Radar,584,182,113,0,879,0,11,16,0,27,584,193,129,0,906,0,0,0,906
12/27/2020,SLC,UT,ANM,WE,Towers with Radar,629,178,111,1,919,0,3,31,2,36,629,181,142,3,955,0,0,0,955
12/28/2020,SLC,UT,ANM,WE,Towers with Radar,588,207,79,8,882,0,8,15,0,23,588,215,94,8,905,0,0,0,905
12/29/2020,SLC,UT,ANM,WE,Towers with Radar,623,185,79,8,895,0,13,85,2,100,623,198,164,10,995,0,0,0,995
12/30/2020,SLC,UT,ANM,WE,Towers with Radar,627,193,76,5,901,0,16,90,8,114,627,209,166,13,1015,0,0,0,1015
12/31/2020,SLC,UT,ANM,WE,Towers with Radar,433,136,72,2,643,0,15,5,1,21,433,151,77,3,664,0,0,0,664
01/01/2021,SLC,UT,ANM,WE,Towers with Radar,448,107,52,2,609,0,4,17,1,22,448,111,69,3,631,10,0,10,641
01/02/2021,SLC,UT,ANM,WE,Towers with Radar,617,202,132,2,953,0,3,42,1,46,617,205,174,3,999,0,0,0,999
01/03/2021,SLC,UT,ANM,WE,Towers with Radar,635,242,162,0,1039,0,7,2,2,11,635,249,164,2,1050,6,0,6,1056
01/04/2021,SLC,UT,ANM,WE,Towers with Radar,600,187,86,4,877,0,8,68,4,80,600,195,154,8,957,0,0,0,957
01/05/2021,SLC,UT,ANM,WE,Towers with Radar,531,167,77,5,780,0,7,47,0,54,531,174,124,5,834,18,0,18,852
01/06/2021,SLC,UT,ANM,WE,Towers with Radar,527,146,75,8,756,0,22,91,3,116,527,168,166,11,872,0,0,0,872
01/07/2021,SLC,UT,ANM,WE,Towers with Radar,580,158,77,8,823,0,7,83,1,91,580,165,160,9,914,0,0,0,914
01/08/2021,SLC,UT,ANM,WE,Towers with Radar,566,145,59,5,775,0,5,84,2,91,566,150,143,7,866,0,0,0,866
01/09/2021,SLC,UT,ANM,WE,Towers with Radar,479,121,57,0,657,0,1,51,0,52,479,122,108,0,709,0,0,0,709
01/10/2021,SLC,UT,ANM,WE,Towers with Radar,537,148,73,3,761,0,5,48,4,57,537,153,121,7,818,0,0,0,818
01/11/2021,SLC,UT,ANM,WE,Towers with Radar,537,138,74,5,754,0,14,71,6,91,537,152,145,11,845,0,4,4,849
01/12/2021,SLC,UT,ANM,WE,Towers with Radar,493,157,54,4,708,0,13,75,5,93,493,170,129,9,801,0,0,0,801
01/13/2021,SLC,UT,ANM,WE,Towers with Radar,507,161,68,9,745,0,9,53,6,68,507,170,121,15,813,0,0,0,813
01/14/2021,SLC,UT,ANM,WE,Towers with Radar,572,197,86,10,865,0,16,81,1,98,572,213,167,11,963,0,0,0,963
01/15/2021,SLC,UT,ANM,WE,Towers with Radar,561,187,79,17,844,0,12,95,5,112,561,199,174,22,956,0,0,0,956
01/16/2021,SLC,UT,ANM,WE,Towers with Radar,470,106,45,10,631,0,4,63,4,71,470,110,108,14,702,0,0,0,702
01/17/2021,SLC,UT,ANM,WE,Towers with Radar,492,93,56,6,647,0,14,71,6,91,492,107,127,12,738,0,0,0,738
01/18/2021,SLC,UT,ANM,WE,Towers with Radar,545,191,87,2,825,0,10,60,5,75,545,201,147,7,900,0,0,0,900
01/19/2021,SLC,UT,ANM,WE,Towers with Radar,488,135,49,5,677,0,4,61,5,70,488,139,110,10,747,0,0,0,747
01/20/2021,SLC,UT,ANM,WE,Towers with Radar,501,150,63,4,718,0,3,107,6,116,501,153,170,10,834,48,0,48,882
01/21/2021,SLC,UT,ANM,WE,Towers with Radar,568,152,71,4,795,0,4,110,9,123,568,156,181,13,918,0,0,0,918
01/22/2021,SLC,UT,ANM,WE,Towers with Radar,573,166,82,1,822,0,17,41,0,58,573,183,123,1,880,0,0,0,880
01/23/2021,SLC,UT,ANM,WE,Towers with Radar,478,108,35,5,626,0,1,1,0,2,478,109,36,5,628,0,0,0,628
01/24/2021,SLC,UT,ANM,WE,Towers with Radar,545,105,74,7,731,0,1,0,0,1,545,106,74,7,732,0,0,0,732
01/25/2021,SLC,UT,ANM,WE,Towers with Radar,552,138,54,6,750,0,7,15,0,22,552,145,69,6,772,0,0,0,772
01/26/2021,SLC,UT,ANM,WE,Towers with Radar,500,138,51,5,694,0,5,2,0,7,500,143,53,5,701,0,0,0,701
01/27/2021,SLC,UT,ANM,WE,Towers with Radar,504,201,96,15,816,0,7,10,0,17,504,208,106,15,833,0,0,0,833
01/28/2021,SLC,UT,ANM,WE,Towers with Radar,577,206,86,9,878,0,3,19,6,28,577,209,105,15,906,0,0,0,906
01/29/2021,SLC,UT,ANM,WE,Towers with Radar,582,171,87,1,841,0,5,24,0,29,582,176,111,1,870,0,0,0,870
01/30/2021,SLC,UT,ANM,WE,Towers with Radar,472,113,55,0,640,0,10,68,2,80,472,123,123,2,720,0,0,0,720
01/31/2021,SLC,UT,ANM,WE,Towers with Radar,551,139,93,2,785,0,6,84,3,93,551,145,177,5,878,0,0,0,878
02/01/2021,SLC,UT,ANM,WE,Towers with Radar,532,130,52,7,721,0,16,93,8,117,532,146,145,15,838,0,0,0,838
02/02/2021,SLC,UT,ANM,WE,Towers with Radar,491,152,52,11,706,0,4,87,9,100,491,156,139,20,806,0,0,0,806
02/03/2021,SLC,UT,ANM,WE,Towers with Radar,510,160,45,2,717,0,11,8,8,27,510,171,53,10,744,0,0,0,744
02/04/2021,SLC,UT,ANM,WE,Towers with Radar,567,184,79,2,832,0,7,56,4,67,567,191,135,6,899,6,0,6,905
02/05/2021,SLC,UT,ANM,WE,Towers with Radar,577,178,61,4,820,0,11,5,1,17,577,189,66,5,837,0,0,0,837
02/06/2021,SLC,UT,ANM,WE,Towers with Radar,486,120,44,0,650,0,15,81,6,102,486,135,125,6,752,0,0,0,752
02/07/2021,SLC,UT,ANM,WE,Towers with Radar,499,94,52,0,645,0,8,49,4,61,499,102,101,4,706,0,0,0,706
02/08/2021,SLC,UT,ANM,WE,Towers with Radar,537,155,74,2,768,0,22,102,3,127,537,177,176,5,895,0,0,0,895
02/09/2021,SLC,UT,ANM,WE,Towers with Radar,495,166,56,5,722,0,9,58,2,69,495,175,114,7,791,0,0,0,791
02/10/2021,SLC,UT,ANM,WE,Towers with Radar,508,161,95,6,770,1,8,165,6,180,509,169,260,12,950,0,0,0,950
02/11/2021,SLC,UT,ANM,WE,Towers with Radar,571,220,136,5,932,1,6,75,7,89,572,226,211,12,1021,0,0,0,1021
02/12/2021,SLC,UT,ANM,WE,Towers with Radar,590,228,125,1,944,1,0,12,2,15,591,228,137,3,959,0,0,0,959
02/13/2021,SLC,UT,ANM,WE,Towers with Radar,461,170,93,0,724,0,1,0,0,1,461,171,93,0,725,0,0,0,725
02/14/2021,SLC,UT,ANM,WE,Towers with Radar,471,135,57,1,664,0,5,24,3,32,471,140,81,4,696,0,0,0,696
02/15/2021,SLC,UT,ANM,WE,Towers with Radar,520,214,160,1,895,0,3,1,7,11,520,217,161,8,906,0,0,0,906
02/16/2021,SLC,UT,ANM,WE,Towers with Radar,478,193,86,1,758,0,0,1,0,1,478,193,87,1,759,0,0,0,759
02/17/2021,SLC,UT,ANM,WE,Towers with Radar,470,170,86,2,728,0,10,5,2,17,470,180,91,4,745,0,0,0,745
02/18/2021,SLC,UT,ANM,WE,Towers with Radar,548,168,100,7,823,0,11,110,4,125,548,179,210,11,948,0,0,0,948
02/19/2021,SLC,UT,ANM,WE,Towers with Radar,572,226,87,4,889,0,12,20,2,34,572,238,107,6,923,0,0,0,923
02/20/2021,SLC,UT,ANM,WE,Towers with Radar,477,167,88,1,733,0,8,22,2,32,477,175,110,3,765,0,0,0,765
02/21/2021,SLC,UT,ANM,WE,Towers with Radar,561,169,100,2,832,0,6,73,3,82,561,175,173,5,914,0,0,0,914
02/22/2021,SLC,UT,ANM,WE,Towers with Radar,567,144,86,7,804,0,7,121,5,133,567,151,207,12,937,0,0,0,937
02/23/2021,SLC,UT,ANM,WE,Towers with Radar,514,159,56,4,733,0,11,72,2,85,514,170,128,6,818,34,0,34,852
02/24/2021,SLC,UT,ANM,WE,Towers with Radar,512,173,85,4,774,0,6,15,0,21,512,179,100,4,795,0,0,0,795
02/25/2021,SLC,UT,ANM,WE,Towers with Radar,587,184,86,9,866,0,13,114,5,132,587,197,200,14,998,0,0,0,998
02/26/2021,SLC,UT,ANM,WE,Towers with Radar,592,189,93,8,882,0,5,42,0,47,592,194,135,8,929,0,0,0,929
02/27/2021,SLC,UT,ANM,WE,Towers with Radar,486,130,60,3,679,0,3,5,4,12,486,133,65,7,691,16,0,16,707
02/28/2021,SLC,UT,ANM,WE,Towers with Radar,561,151,90,2,804,0,14,56,3,73,561,165,146,5,877,10,0,10,887
03/01/2021,SLC,UT,ANM,WE,Towers with Radar,565,137,61,5,768,0,7,111,1,119,565,144,172,6,887,0,0,0,887
03/02/2021,SLC,UT,ANM,WE,Towers with Radar,513,149,70,9,741,0,12,132,2,146,513,161,202,11,887,14,0,14,901
03/03/2021,SLC,UT,ANM,WE,Towers with Radar,520,159,80,3,762,0,15,142,2,159,520,174,222,5,921,0,0,0,921
03/04/2021,SLC,UT,ANM,WE,Towers with Radar,626,177,82,5,890,0,10,94,3,107,626,187,176,8,997,0,0,0,997
03/05/2021,SLC,UT,ANM,WE,Towers with Radar,612,170,81,5,868,0,11,118,8,137,612,181,199,13,1005,0,0,0,1005
03/06/2021,SLC,UT,ANM,WE,Towers with Radar,541,115,68,6,730,0,9,22,2,33,541,124,90,8,763,0,0,0,763
03/07/2021,SLC,UT,ANM,WE,Towers with Radar,599,136,91,3,829,0,0,83,5,88,599,136,174,8,917,0,0,0,917
03/08/2021,SLC,UT,ANM,WE,Towers with Radar,619,159,83,6,867,0,4,16,3,23,619,163,99,9,890,0,0,0,890
03/09/2021,SLC,UT,ANM,WE,Towers with Radar,539,158,57,8,762,0,6,36,2,44,539,164,93,10,806,4,0,4,810
03/10/2021,SLC,UT,ANM,WE,Towers with Radar,535,161,93,8,797,0,8,90,1,99,535,169,183,9,896,0,0,0,896
03/11/2021,SLC,UT,ANM,WE,Towers with Radar,645,182,101,15,943,0,9,19,2,30,645,191,120,17,973,0,0,0,973
03/12/2021,SLC,UT,ANM,WE,Towers with Radar,645,186,98,4,933,0,7,128,1,136,645,193,226,5,1069,0,0,0,1069
03/13/2021,SLC,UT,ANM,WE,Towers with Radar,556,148,88,0,792,0,5,8,0,13,556,153,96,0,805,0,0,0,805
03/14/2021,SLC,UT,ANM,WE,Towers with Radar,584,134,114,3,835,0,7,62,5,74,584,141,176,8,909,0,0,0,909
03/15/2021,SLC,UT,ANM,WE,Towers with Radar,598,171,64,8,841,0,3,89,2,94,598,174,153,10,935,0,0,0,935
03/16/2021,SLC,UT,ANM,WE,Towers with Radar,570,154,89,6,819,0,3,63,5,71,570,157,152,11,890,0,0,0,890
03/17/2021,SLC,UT,ANM,WE,Towers with Radar,562,181,79,5,827,1,4,97,6,108,563,185,176,11,935,50,0,50,985
03/18/2021,SLC,UT,ANM,WE,Towers with Radar,642,188,87,4,921,0,5,109,3,117,642,193,196,7,1038,90,0,90,1128
03/19/2021,SLC,UT,ANM,WE,Towers with Radar,652,170,98,5,925,0,11,76,2,89,652,181,174,7,1014,0,0,0,1014
03/20/2021,SLC,UT,ANM,WE,Towers with Radar,564,147,88,2,801,0,7,1,0,8,564,154,89,2,809,0,0,0,809
03/21/2021,SLC,UT,ANM,WE,Towers with Radar,613,145,109,4,871,0,16,22,12,50,613,161,131,16,921,0,0,0,921
03/22/2021,SLC,UT,ANM,WE,Towers with Radar,612,163,77,5,857,0,7,68,0,75,612,170,145,5,932,0,0,0,932
03/23/2021,SLC,UT,ANM,WE,Towers with Radar,572,144,71,7,794,0,8,22,1,31,572,152,93,8,825,12,0,12,837
03/24/2021,SLC,UT,ANM,WE,Towers with Radar,585,161,86,8,840,0,10,156,0,166,585,171,242,8,1006,0,0,0,1006
03/25/2021,SLC,UT,ANM,WE,Towers with Radar,638,208,92,2,940,0,5,32,6,43,638,213,124,8,983,0,0,0,983
03/26/2021,SLC,UT,ANM,WE,Towers with Radar,661,178,101,4,944,0,8,31,4,43,661,186,132,8,987,40,0,40,1027
03/27/2021,SLC,UT,ANM,WE,Towers with Radar,569,118,76,1,764,1,6,111,8,126,570,124,187,9,890,22,0,22,912
03/28/2021,SLC,UT,ANM,WE,Towers with Radar,621,125,85,0,831,0,14,92,6,112,621,139,177,6,943,0,0,0,943
03/29/2021,SLC,UT,ANM,WE,Towers with Radar,644,152,60,2,858,0,14,19,1,34,644,166,79,3,892,0,0,0,892
03/30/2021,SLC,UT,ANM,WE,Towers with Radar,569,152,64,6,791,0,16,113,6,135,569,168,177,12,926,0,0,0,926
03/31/2021,SLC,UT,ANM,WE,Towers with Radar,564,157,82,4,807,0,6,167,2,175,564,163,249,6,982,0,0,0,982
04/01/2021,SLC,UT,ANM,WE,Towers with Radar,655,158,81,6,900,0,12,150,4,166,655,170,231,10,1066,0,0,0,1066
04/02/2021,SLC,UT,ANM,WE,Towers with Radar,649,170,78,4,901,0,14,115,0,129,649,184,193,4,1030,36,0,36,1066
04/03/2021,SLC,UT,ANM,WE,Towers with Radar,560,115,66,0,741,0,7,89,0,96,560,122,155,0,837,0,0,0,837
04/04/2021,SLC,UT,ANM,WE,Towers with Radar,604,135,51,4,794,0,6,37,2,45,604,141,88,6,839,0,0,0,839
04/05/2021,SLC,UT,ANM,WE,Towers with Radar,632,157,84,8,881,0,1,66,0,67,632,158,150,8,948,0,0,0,948
04/06/2021,SLC,UT,ANM,WE,Towers with Radar,556,160,80,4,800,0,7,40,0,47,556,167,120,4,847,0,0,0,847
04/07/2021,SLC,UT,ANM,WE,Towers with Radar,563,164,77,8,812,0,8,138,0,146,563,172,215,8,958,0,0,0,958
04/08/2021,SLC,UT,ANM,WE,Towers with Radar,642,156,96,4,898,0,16,81,8,105,642,172,177,12,1003,0,0,0,1003
04/09/2021,SLC,UT,ANM,WE,Towers with Radar,640,141,64,2,847,0,6,122,1,129,640,147,186,3,976,0,0,0,976
04/10/2021,SLC,UT,ANM,WE,Towers with Radar,555,110,46,2,713,0,3,84,4,91,555,113,130,6,804,0,0,0,804
04/11/2021,SLC,UT,ANM,WE,Towers with Radar,626,111,64,3,804,0,5,52,0,57,626,116,116,3,861,0,0,0,861
04/12/2021,SLC,UT,ANM,WE,Towers with Radar,636,126,46,4,812,0,13,113,0,126,636,139,159,4,938,0,0,0,938
04/13/2021,SLC,UT,ANM,WE,Towers with Radar,569,150,43,6,768,0,13,32,0,45,569,163,75,6,813,0,0,0,813
04/14/2021,SLC,UT,ANM,WE,Towers with Radar,578,157,71,5,811,0,11,3,2,16,578,168,74,7,827,0,0,0,827
04/15/2021,SLC,UT,ANM,WE,Towers with Radar,638,176,63,4,881,0,2,9,2,13,638,178,72,6,894,0,0,0,894
04/16/2021,SLC,UT,ANM,WE,Towers with Radar,645,146,65,2,858,0,9,18,10,37,645,155,83,12,895,0,0,0,895
04/17/2021,SLC,UT,ANM,WE,Towers with Radar,570,92,48,3,713,0,5,70,0,75,570,97,118,3,788,0,0,0,788
04/18/2021,SLC,UT,ANM,WE,Towers with Radar,624,102,48,4,778,0,1,61,12,74,624,103,109,16,852,0,0,0,852
04/19/2021,SLC,UT,ANM,WE,Towers with Radar,617,127,51,4,799,0,13,43,4,60,617,140,94,8,859,0,0,0,859
04/20/2021,SLC,UT,ANM,WE,Towers with Radar,565,145,35,6,751,0,13,129,7,149,565,158,164,13,900,44,0,44,944
04/21/2021,SLC,UT,ANM,WE,Towers with Radar,559,151,56,2,768,0,2,80,4,86,559,153,136,6,854,0,0,0,854
04/22/2021,SLC,UT,ANM,WE,Towers with Radar,650,152,62,1,865,0,7,137,2,146,650,159,199,3,1011,0,0,0,1011
04/23/2021,SLC,UT,ANM,WE,Towers with Radar,643,144,56,0,843,0,7,124,2,133,643,151,180,2,976,0,0,0,976
04/24/2021,SLC,UT,ANM,WE,Towers with Radar,583,92,46,0,721,0,9,55,0,64,583,101,101,0,785,40,0,40,825
04/25/2021,SLC,UT,ANM,WE,Towers with Radar,627,116,44,0,787,0,11,35,0,46,627,127,79,0,833,0,0,0,833
04/26/2021,SLC,UT,ANM,WE,Towers with Radar,636,141,47,4,828,0,4,3,2,9,636,145,50,6,837,0,0,0,837
04/27/2021,SLC,UT,ANM,WE,Towers with Radar,562,146,52,4,764,0,7,54,8,69,562,153,106,12,833,0,0,0,833
04/28/2021,SLC,UT,ANM,WE,Towers with Radar,562,149,56,4,771,0,15,102,3,120,562,164,158,7,891,0,0,0,891
04/29/2021,SLC,UT,ANM,WE,Towers with Radar,654,143,74,5,876,1,11,106,15,133,655,154,180,20,1009,26,0,26,1035
04/30/2021,SLC,UT,ANM,WE,Towers with Radar,639,149,56,7,851,0,20,111,7,138,639,169,167,14,989,0,0,0,989
05/01/2021,SLC,UT,ANM,WE,Towers with Radar,598,85,35,8,726,0,4,57,3,64,598,89,92,11,790,6,0,6,796
05/02/2021,SLC,UT,ANM,WE,Towers with Radar,631,95,55,4,785,0,8,27,2,37,631,103,82,6,822,0,0,0,822
05/03/2021,SLC,UT,ANM,WE,Towers with Radar,616,129,39,10,794,0,7,78,0,85,616,136,117,10,879,86,0,86,965
05/04/2021,SLC,UT,ANM,WE,Towers with Radar,560,140,41,13,754,1,10,77,6,94,561,150,118,19,848,14,0,14,862
05/05/2021,SLC,UT,ANM,WE,Towers with Radar,621,154,72,12,859,0,3,92,8,103,621,157,164,20,962,0,0,0,962
05/06/2021,SLC,UT,ANM,WE,Towers with Radar,656,173,67,4,900,0,17,71,10,98,656,190,138,14,998,0,0,0,998
05/07/2021,SLC,UT,ANM,WE,Towers with Radar,687,167,62,9,925,1,5,29,3,38,688,172,91,12,963,0,0,0,963
05/08/2021,SLC,UT,ANM,WE,Towers with Radar,607,92,25,3,727,0,11,57,2,70,607,103,82,5,797,4,0,4,801
05/09/2021,SLC,UT,ANM,WE,Towers with Radar,642,98,30,2,772,0,5,30,0,35,642,103,60,2,807,4,0,4,811
05/10/2021,SLC,UT,ANM,WE,Towers with Radar,639,150,92,6,887,0,9,55,3,67,639,159,147,9,954,18,0,18,972
05/11/2021,SLC,UT,ANM,WE,Towers with Radar,630,147,59,8,844,0,8,97,1,106,630,155,156,9,950,0,0,0,950
05/12/2021,SLC,UT,ANM,WE,Towers with Radar,648,171,74,9,902,0,7,107,6,120,648,178,181,15,1022,0,0,0,1022
05/13/2021,SLC,UT,ANM,WE,Towers with Radar,664,159,76,11,910,0,13,75,4,92,664,172,151,15,1002,2,0,2,1004
05/14/2021,SLC,UT,ANM,WE,Towers with Radar,669,153,65,6,893,0,13,84,7,104,669,166,149,13,997,0,0,0,997
05/15/2021,SLC,UT,ANM,WE,Towers with Radar,615,102,37,4,758,0,3,71,3,77,615,105,108,7,835,0,0,0,835
05/16/2021,SLC,UT,ANM,WE,Towers with Radar,646,106,51,4,807,0,3,35,6,44,646,109,86,10,851,0,0,0,851
05/17/2021,SLC,UT,ANM,WE,Towers with Radar,655,121,61,3,840,0,11,69,4,84,655,132,130,7,924,0,0,0,924
05/18/2021,SLC,UT,ANM,WE,Towers with Radar,644,137,47,7,835,0,8,107,3,118,644,145,154,10,953,0,0,0,953
05/19/2021,SLC,UT,ANM,WE,Towers with Radar,659,144,66,10,879,0,12,75,8,95,659,156,141,18,974,20,0,20,994
05/20/2021,SLC,UT,ANM,WE,Towers with Radar,677,137,70,5,889,0,10,64,4,78,677,147,134,9,967,0,0,0,967
05/21/2021,SLC,UT,ANM,WE,Towers with Radar,665,158,53,2,878,0,2,46,2,50,665,160,99,4,928,0,0,0,928
05/22/2021,SLC,UT,ANM,WE,Towers with Radar,631,112,44,3,790,0,5,92,2,99,631,117,136,5,889,0,0,0,889
05/23/2021,SLC,UT,ANM,WE,Towers with Radar,664,133,65,0,862,1,3,17,0,21,665,136,82,0,883,0,0,0,883
05/24/2021,SLC,UT,ANM,WE,Towers with Radar,651,152,67,2,872,0,16,85,9,110,651,168,152,11,982,0,0,0,982
05/25/2021,SLC,UT,ANM,WE,Towers with Radar,651,144,44,4,843,0,9,83,3,95,651,153,127,7,938,0,0,0,938
05/26/2021,SLC,UT,ANM,WE,Towers with Radar,653,177,72,4,906,0,6,82,8,96,653,183,154,12,1002,0,0,0,1002
05/27/2021,SLC,UT,ANM,WE,Towers with Radar,671,177,74,5,927,0,8,115,2,125,671,185,189,7,1052,0,0,0,1052
05/28/2021,SLC,UT,ANM,WE,Towers with Radar,667,154,65,2,888,0,17,121,6,144,667,171,186,8,1032,0,0,0,1032
05/29/2021,SLC,UT,ANM,WE,Towers with Radar,607,100,24,2,733,0,1,84,3,88,607,101,108,5,821,0,0,0,821
05/30/2021,SLC,UT,ANM,WE,Towers with Radar,603,94,20,0,717,0,0,47,0,47,603,94,67,0,764,0,0,0,764
05/31/2021,SLC,UT,ANM,WE,Towers with Radar,636,117,71,0,824,0,5,77,3,85,636,122,148,3,909,0,0,0,909
06/01/2021,SLC,UT,ANM,WE,Towers with Radar,628,141,56,2,827,0,10,91,6,107,628,151,147,8,934,0,0,0,934
06/02/2021,SLC,UT,ANM,WE,Towers with Radar,662,163,81,14,920,0,13,76,7,96,662,176,157,21,1016,0,0,0,1016
06/03/2021,SLC,UT,ANM,WE,Towers with Radar,675,166,69,3,913,0,6,97,5,108,675,172,166,8,1021,0,0,0,1021
06/04/2021,SLC,UT,ANM,WE,Towers with Radar,683,163,39,3,888,0,8,94,1,103,683,171,133,4,991,0,0,0,991
06/05/2021,SLC,UT,ANM,WE,Towers with Radar,628,124,37,3,792,0,3,44,4,51,628,127,81,7,843,0,0,0,843
06/06/2021,SLC,UT,ANM,WE,Towers with Radar,671,143,52,4,870,0,10,44,3,57,671,153,96,7,927,0,0,0,927
06/07/2021,SLC,UT,ANM,WE,Towers with Radar,691,154,64,8,917,0,8,80,8,96,691,162,144,16,1013,0,0,0,1013
06/08/2021,SLC,UT,ANM,WE,Towers with Radar,688,157,83,5,933,0,12,38,9,59,688,169,121,14,992,0,0,0,992
06/09/2021,SLC,UT,ANM,WE,Towers with Radar,691,167,70,4,932,0,8,37,8,53,691,175,107,12,985,0,0,0,985
06/10/2021,SLC,UT,ANM,WE,Towers with Radar,718,168,85,1,972,0,24,36,7,67,718,192,121,8,1039,0,0,0,1039
06/11/2021,SLC,UT,ANM,WE,Towers with Radar,709,165,96,3,973,0,11,109,0,120,709,176,205,3,1093,0,0,0,1093
06/12/2021,SLC,UT,ANM,WE,Towers with Radar,631,142,41,1,815,0,12,69,2,83,631,154,110,3,898,0,0,0,898
06/13/2021,SLC,UT,ANM,WE,Towers with Radar,679,144,71,8,902,0,10,56,3,69,679,154,127,11,971,0,0,0,971
06/14/2021,SLC,UT,ANM,WE,Towers with Radar,696,149,64,8,917,0,6,47,4,57,696,155,111,12,974,0,0,0,974
06/15/2021,SLC,UT,ANM,WE,Towers with Radar,690,151,76,6,923,0,7,49,10,66,690,158,125,16,989,0,0,0,989
06/16/2021,SLC,UT,ANM,WE,Towers with Radar,711,174,92,7,984,0,16,97,11,124,711,190,189,18,1108,0,0,0,1108
06/17/2021,SLC,UT,ANM,WE,Towers with Radar,720,177,80,5,982,0,7,108,5,120,720,184,188,10,1102,0,0,0,1102
06/18/2021,SLC,UT,ANM,WE,Towers with Radar,713,183,86,0,982,0,8,83,5,96,713,191,169,5,1078,22,0,22,1100
06/19/2021,SLC,UT,ANM,WE,Towers with Radar,639,152,40,0,831,0,13,66,9,88,639,165,106,9,919,0,0,0,919
06/20/2021,SLC,UT,ANM,WE,Towers with Radar,687,125,58,0,870,0,9,44,4,57,687,134,102,4,927,24,0,24,951
06/21/2021,SLC,UT,ANM,WE,Towers with Radar,692,175,68,3,938,0,9,87,8,104,692,184,155,11,1042,0,0,0,1042
06/22/2021,SLC,UT,ANM,WE,Towers with Radar,718,156,70,8,952,0,9,74,10,93,718,165,144,18,1045,0,0,0,1045
06/23/2021,SLC,UT,ANM,WE,Towers with Radar,712,165,82,6,965,0,5,66,10,81,712,170,148,16,1046,0,0,0,1046
06/24/2021,SLC,UT,ANM,WE,Towers with Radar,716,181,87,2,986,1,10,29,6,46,717,191,116,8,1032,0,0,0,1032
06/25/2021,SLC,UT,ANM,WE,Towers with Radar,711,190,65,8,974,0,5,92,7,104,711,195,157,15,1078,0,0,0,1078
06/26/2021,SLC,UT,ANM,WE,Towers with Radar,656,147,63,1,867,0,9,85,11,105,656,156,148,12,972,0,0,0,972
06/27/2021,SLC,UT,ANM,WE,Towers with Radar,688,156,77,2,923,0,14,28,2,44,688,170,105,4,967,0,0,0,967
06/28/2021,SLC,UT,ANM,WE,Towers with Radar,697,160,71,6,934,0,8,53,4,65,697,168,124,10,999,0,0,0,999
06/29/2021,SLC,UT,ANM,WE,Towers with Radar,720,182,74,8,984,0,10,79,7,96,720,192,153,15,1080,0,0,0,1080
06/30/2021,SLC,UT,ANM,WE,Towers with Radar,707,191,88,7,993,0,12,82,8,102,707,203,170,15,1095,0,0,0,1095
07/01/2021,SLC,UT,ANM,WE,Towers with Radar,732,195,92,10,1029,0,17,76,5,98,732,212,168,15,1127,0,0,0,1127
07/02/2021,SLC,UT,ANM,WE,Towers with Radar,726,182,88,2,998,0,5,76,4,85,726,187,164,6,1083,0,0,0,1083
07/03/2021,SLC,UT,ANM,WE,Towers with Radar,649,160,36,0,845,0,9,71,9,89,649,169,107,9,934,0,0,0,934
07/04/2021,SLC,UT,ANM,WE,Towers with Radar,634,139,24,0,797,0,14,27,0,41,634,153,51,0,838,0,0,0,838
07/05/2021,SLC,UT,ANM,WE,Towers with Radar,700,139,89,0,928,0,5,58,3,66,700,144,147,3,994,0,0,0,994
07/06/2021,SLC,UT,ANM,WE,Towers with Radar,688,153,73,4,918,0,15,75,4,94,688,168,148,8,1012,0,0,0,1012
07/07/2021,SLC,UT,ANM,WE,Towers with Radar,711,193,75,4,983,0,19,94,3,116,711,212,169,7,1099,0,0,0,1099
07/08/2021,SLC,UT,ANM,WE,Towers with Radar,720,190,70,2,982,0,9,92,1,102,720,199,162,3,1084,0,0,0,1084
07/09/2021,SLC,UT,ANM,WE,Towers with Radar,714,169,63,2,948,0,13,65,5,83,714,182,128,7,1031,26,0,26,1057
07/10/2021,SLC,UT,ANM,WE,Towers with Radar,662,150,61,1,874,0,12,53,4,69,662,162,114,5,943,10,0,10,953
07/11/2021,SLC,UT,ANM,WE,Towers with Radar,701,128,78,2,909,0,6,53,4,63,701,134,131,6,972,0,0,0,972
07/12/2021,SLC,UT,ANM,WE,Towers with Radar,697,154,62,2,915,0,13,77,5,95,697,167,139,7,1010,0,0,0,1010
07/13/2021,SLC,UT,ANM,WE,Towers with Radar,715,159,71,3,948,0,19,74,11,104,715,178,145,14,1052,0,0,0,1052
07/14/2021,SLC,UT,ANM,WE,Towers with Radar,710,164,99,6,979,0,14,85,14,113,710,178,184,20,1092,0,0,0,1092
07/15/2021,SLC,UT,ANM,WE,Towers with Radar,715,184,91,5,995,0,6,82,7,95,715,190,173,12,1090,0,0,0,1090
07/16/2021,SLC,UT,ANM,WE,Towers with Radar,716,171,63,0,950,0,10,95,4,109,716,181,158,4,1059,8,0,8,1067
07/17/2021,SLC,UT,ANM,WE,Towers with Radar,664,124,63,1,852,0,4,102,3,109,664,128,165,4,961,20,0,20,981
07/18/2021,SLC,UT,ANM,WE,Towers with Radar,704,148,74,4,930,0,12,55,8,75,704,160,129,12,1005,14,0,14,1019
07/19/2021,SLC,UT,ANM,WE,Towers with Radar,703,162,78,5,948,0,8,81,14,103,703,170,159,19,1051,0,0,0,1051
07/20/2021,SLC,UT,ANM,WE,Towers with Radar,726,160,67,5,958,0,15,95,10,120,726,175,162,15,1078,14,0,14,1092
07/21/2021,SLC,UT,ANM,WE,Towers with Radar,722,171,88,5,986,0,15,82,10,107,722,186,170,15,1093,0,0,0,1093
07/22/2021,SLC,UT,ANM,WE,Towers with Radar,730,177,85,7,999,0,20,87,2,109,730,197,172,9,1108,0,0,0,1108
07/23/2021,SLC,UT,ANM,WE,Towers with Radar,745,181,79,1,1006,0,15,83,0,98,745,196,162,1,1104,2,0,2,1106
07/24/2021,SLC,UT,ANM,WE,Towers with Radar,668,137,56,3,864,0,17,67,5,89,668,154,123,8,953,0,0,0,953
07/25/2021,SLC,UT,ANM,WE,Towers with Radar,700,149,89,0,938,0,7,39,3,49,700,156,128,3,987,0,0,0,987
07/26/2021,SLC,UT,ANM,WE,Towers with Radar,706,155,64,10,935,0,10,48,0,58,706,165,112,10,993,0,0,0,993
07/27/2021,SLC,UT,ANM,WE,Towers with Radar,699,165,72,3,939,0,12,65,5,82,699,177,137,8,1021,0,0,0,1021
07/28/2021,SLC,UT,ANM,WE,Towers with Radar,719,183,72,4,978,0,4,79,3,86,719,187,151,7,1064,0,0,0,1064
07/29/2021,SLC,UT,ANM,WE,Towers with Radar,730,182,100,6,1018,0,12,82,2,96,730,194,182,8,1114,0,0,0,1114
07/30/2021,SLC,UT,ANM,WE,Towers with Radar,719,179,79,1,978,0,12,52,0,64,719,191,131,1,1042,0,0,0,1042
07/31/2021,SLC,UT,ANM,WE,Towers with Radar,669,144,63,1,877,0,13,73,0,86,669,157,136,1,963,0,0,0,963
08/01/2021,SLC,UT,ANM,WE,Towers with Radar,687,133,77,0,897,0,11,23,0,34,687,144,100,0,931,0,0,0,931
08/02/2021,SLC,UT,ANM,WE,Towers with Radar,696,159,68,8,931,0,13,39,2,54,696,172,107,10,985,0,0,0,985
08/03/2021,SLC,UT,ANM,WE,Towers with Radar,706,171,65,3,945,0,10,111,2,123,706,181,176,5,1068,0,0,0,1068
08/04/2021,SLC,UT,ANM,WE,Towers with Radar,718,163,74,7,962,0,16,72,12,100,718,179,146,19,1062,0,0,0,1062
08/05/2021,SLC,UT,ANM,WE,Towers with Radar,716,167,65,5,953,0,10,61,7,78,716,177,126,12,1031,0,0,0,1031
08/06/2021,SLC,UT,ANM,WE,Towers with Radar,715,175,76,6,972,0,6,27,1,34,715,181,103,7,1006,0,0,0,1006
08/07/2021,SLC,UT,ANM,WE,Towers with Radar,670,131,84,3,888,0,2,27,6,35,670,133,111,9,923,0,0,0,923
08/08/2021,SLC,UT,ANM,WE,Towers with Radar,689,160,88,6,943,0,4,24,0,28,689,164,112,6,971,0,0,0,971
08/09/2021,SLC,UT,ANM,WE,Towers with Radar,694,174,83,7,958,0,8,56,2,66,694,182,139,9,1024,0,0,0,1024
08/10/2021,SLC,UT,ANM,WE,Towers with Radar,706,168,69,7,950,0,6,82,6,94,706,174,151,13,1044,0,0,0,1044
08/11/2021,SLC,UT,ANM,WE,Towers with Radar,709,190,78,7,984,1,10,103,14,128,710,200,181,21,1112,0,0,0,1112
08/12/2021,SLC,UT,ANM,WE,Towers with Radar,734,166,113,5,1018,0,7,99,5,111,734,173,212,10,1129,0,0,0,1129
08/13/2021,SLC,UT,ANM,WE,Towers with Radar,713,165,83,2,963,0,15,105,2,122,713,180,188,4,1085,0,0,0,1085
08/14/2021,SLC,UT,ANM,WE,Towers with Radar,654,134,57,0,845,0,6,65,4,75,654,140,122,4,920,0,0,0,920
08/15/2021,SLC,UT,ANM,WE,Towers with Radar,681,156,102,1,940,0,3,56,5,64,681,159,158,6,1004,0,0,0,1004
08/16/2021,SLC,UT,ANM,WE,Towers with Radar,690,161,66,6,923,0,12,58,10,80,690,173,124,16,1003,0,0,0,1003
08/17/2021,SLC,UT,ANM,WE,Towers with Radar,681,169,81,5,936,0,8,36,4,48,681,177,117,9,984,0,0,0,984
08/18/2021,SLC,UT,ANM,WE,Towers with Radar,703,163,75,4,945,0,0,2,2,4,703,163,77,6,949,0,0,0,949
08/19/2021,SLC,UT,ANM,WE,Towers with Radar,726,201,78,8,1013,0,5,19,0,24,726,206,97,8,1037,0,0,0,1037
08/20/2021,SLC,UT,ANM,WE,Towers with Radar,717,168,71,5,961,0,17,109,2,128,717,185,180,7,1089,0,0,0,1089
08/21/2021,SLC,UT,ANM,WE,Towers with Radar,656,130,44,1,831,0,10,39,2,51,656,140,83,3,882,0,0,0,882
08/22/2021,SLC,UT,ANM,WE,Towers with Radar,702,139,85,0,926,0,5,67,1,73,702,144,152,1,999,0,0,0,999
08/23/2021,SLC,UT,ANM,WE,Towers with Radar,694,184,70,8,956,0,9,68,4,81,694,193,138,12,1037,0,0,0,1037
08/24/2021,SLC,UT,ANM,WE,Towers with Radar,687,166,58,14,925,0,10,92,0,102,687,176,150,14,1027,0,0,0,1027
08/25/2021,SLC,UT,ANM,WE,Towers with Radar,695,187,69,13,964,0,10,80,4,94,695,197,149,17,1058,0,0,0,1058
08/26/2021,SLC,UT,ANM,WE,Towers with Radar,704,175,92,10,981,0,8,119,6,133,704,183,211,16,1114,0,0,0,1114
08/27/2021,SLC,UT,ANM,WE,Towers with Radar,720,184,73,3,980,0,8,104,8,120,720,192,177,11,1100,0,0,0,1100
08/28/2021,SLC,UT,ANM,WE,Towers with Radar,651,122,29,2,804,0,12,76,4,92,651,134,105,6,896,0,0,0,896
08/29/2021,SLC,UT,ANM,WE,Towers with Radar,675,149,73,2,899,0,11,48,2,61,675,160,121,4,960,0,0,0,960
08/30/2021,SLC,UT,ANM,WE,Towers with Radar,692,158,54,6,910,0,9,77,6,92,692,167,131,12,1002,0,0,0,1002
08/31/2021,SLC,UT,ANM,WE,Towers with Radar,696,178,58,3,935,0,11,71,11,93,696,189,129,14,1028,0,0,0,1028
09/01/2021,SLC,UT,ANM,WE,Towers with Radar,688,182,84,2,956,0,12,65,4,81,688,194,149,6,1037,0,0,0,1037
09/02/2021,SLC,UT,ANM,WE,Towers with Radar,719,187,88,2,996,0,8,62,8,78,719,195,150,10,1074,0,0,0,1074
09/03/2021,SLC,UT,ANM,WE,Towers with Radar,726,180,108,1,1015,0,10,87,1,98,726,190,195,2,1113,12,0,12,1125
09/04/2021,SLC,UT,ANM,WE,Towers with Radar,636,140,33,0,809,0,15,57,1,73,636,155,90,1,882,12,0,12,894
09/05/2021,SLC,UT,ANM,WE,Towers with Radar,639,123,45,0,807,0,2,44,4,50,639,125,89,4,857,0,0,0,857
09/06/2021,SLC,UT,ANM,WE,Towers with Radar,669,133,85,1,888,0,5,68,0,73,669,138,153,1,961,0,0,0,961
09/07/2021,SLC,UT,ANM,WE,Towers with Radar,665,177,75,4,921,0,15,75,8,98,665,192,150,12,1019,0,0,0,1019
09/08/2021,SLC,UT,ANM,WE,Towers with Radar,664,175,85,7,931,0,19,102,2,123,664,194,187,9,1054,0,0,0,1054
09/09/2021,SLC,UT,ANM,WE,Towers with Radar,684,189,104,9,986,0,15,100,7,122,684,204,204,16,1108,0,0,0,1108
09/10/2021,SLC,UT,ANM,WE,Towers with Radar,709,194,75,3,981,0,4,51,3,58,709,198,126,6,1039,0,0,0,1039
09/11/2021,SLC,UT,ANM,WE,Towers with Radar,619,120,48,5,792,0,17,29,3,49,619,137,77,8,841,0,0,0,841
09/12/2021,SLC,UT,ANM,WE,Towers with Radar,666,129,84,2,881,0,8,65,8,81,666,137,149,10,962,0,0,0,962
09/13/2021,SLC,UT,ANM,WE,Towers with Radar,678,170,78,6,932,0,5,84,7,96,678,175,162,13,1028,0,0,0,1028
09/14/2021,SLC,UT,ANM,WE,Towers with Radar,661,156,91,3,911,0,5,100,7,112,661,161,191,10,1023,0,0,0,1023
09/15/2021,SLC,UT,ANM,WE,Towers with Radar,677,165,87,7,936,0,14,102,9,125,677,179,189,16,1061,0,0,0,1061
09/16/2021,SLC,UT,ANM,WE,Towers with Radar,706,166,74,11,957,0,10,93,4,107,706,176,167,15,1064,0,0,0,1064
09/17/2021,SLC,UT,ANM,WE,Towers with Radar,704,172,77,2,955,0,22,80,7,109,704,194,157,9,1064,0,0,0,1064
09/18/2021,SLC,UT,ANM,WE,Towers with Radar,642,130,50,6,828,0,8,13,3,24,642,138,63,9,852,0,0,0,852
09/19/2021,SLC,UT,ANM,WE,Towers with Radar,673,152,60,3,888,0,11,13,6,30,673,163,73,9,918,0,0,0,918
09/20/2021,SLC,UT,ANM,WE,Towers with Radar,681,168,74,12,935,0,4,96,4,104,681,172,170,16,1039,0,0,0,1039
09/21/2021,SLC,UT,ANM,WE,Towers with Radar,668,161,68,14,911,0,10,97,3,110,668,171,165,17,1021,0,0,0,1021
09/22/2021,SLC,UT,ANM,WE,Towers with Radar,674,165,71,3,913,0,7,115,4,126,674,172,186,7,1039,0,0,0,1039
09/23/2021,SLC,UT,ANM,WE,Towers with Radar,699,192,111,2,1004,0,19,104,7,130,699,211,215,9,1134,0,0,0,1134
09/24/2021,SLC,UT,ANM,WE,Towers with Radar,695,177,100,6,978,0,23,95,1,119,695,200,195,7,1097,0,0,0,1097
09/25/2021,SLC,UT,ANM,WE,Towers with Radar,627,131,61,5,824,0,6,71,4,81,627,137,132,9,905,0,0,0,905
09/26/2021,SLC,UT,ANM,WE,Towers with Radar,660,139,68,0,867,0,4,64,2,70,660,143,132,2,937,0,0,0,937
09/27/2021,SLC,UT,ANM,WE,Towers with Radar,683,152,77,2,914,0,11,98,2,111,683,163,175,4,1025,0,0,0,1025
09/28/2021,SLC,UT,ANM,WE,Towers with Radar,678,158,85,8,929,0,6,18,4,28,678,164,103,12,957,0,0,0,957
09/29/2021,SLC,UT,ANM,WE,Towers with Radar,673,161,79,2,915,0,10,64,4,78,673,171,143,6,993,0,0,0,993
09/30/2021,SLC,UT,ANM,WE,Towers with Radar,692,183,80,4,959,0,9,88,3,100,692,192,168,7,1059,0,0,0,1059
10/01/2021,SLC,UT,ANM,WE,Towers with Radar,694,146,73,2,915,0,9,130,2,141,694,155,203,4,1056,0,0,0,1056
10/02/2021,SLC,UT,ANM,WE,Towers with Radar,620,124,34,0,778,0,14,56,4,74,620,138,90,4,852,18,0,18,870
10/03/2021,SLC,UT,ANM,WE,Towers with Radar,651,113,56,1,821,0,11,51,3,65,651,124,107,4,886,0,0,0,886
10/04/2021,SLC,UT,ANM,WE,Towers with Radar,673,152,64,9,898,0,22,96,3,121,673,174,160,12,1019,0,0,0,1019
10/05/2021,SLC,UT,ANM,WE,Towers with Radar,662,155,74,4,895,0,20,62,0,82,662,175,136,4,977,0,0,0,977
10/06/2021,SLC,UT,ANM,WE,Towers with Radar,668,156,58,6,888,0,12,39,0,51,668,168,97,6,939,0,0,0,939
10/07/2021,SLC,UT,ANM,WE,Towers with Radar,691,168,82,3,944,0,18,44,0,62,691,186,126,3,1006,0,0,0,1006
10/08/2021,SLC,UT,ANM,WE,Towers with Radar,687,169,81,5,942,0,17,16,2,35,687,186,97,7,977,0,0,0,977
10/09/2021,SLC,UT,ANM,WE,Towers with Radar,614,118,41,0,773,0,5,12,2,19,614,123,53,2,792,0,0,0,792
10/10/2021,SLC,UT,ANM,WE,Towers with Radar,631,112,67,2,812,0,1,67,2,70,631,113,134,4,882,0,0,0,882
10/11/2021,SLC,UT,ANM,WE,Towers with Radar,665,132,81,1,879,0,9,37,0,46,665,141,118,1,925,0,0,0,925
10/12/2021,SLC,UT,ANM,WE,Towers with Radar,678,188,83,0,949,0,3,7,0,10,678,191,90,0,959,0,0,0,959
10/13/2021,SLC,UT,ANM,WE,Towers with Radar,684,166,92,7,949,0,13,92,4,109,684,179,184,11,1058,0,0,0,1058
10/14/2021,SLC,UT,ANM,WE,Towers with Radar,688,158,92,0,938,0,13,20,29,62,688,171,112,29,1000,0,0,0,1000
10/15/2021,SLC,UT,ANM,WE,Towers with Radar,689,162,74,4,929,0,14,103,1,118,689,176,177,5,1047,0,0,0,1047
10/16/2021,SLC,UT,ANM,WE,Towers with Radar,622,108,54,6,790,0,11,68,3,82,622,119,122,9,872,0,0,0,872
10/17/2021,SLC,UT,ANM,WE,Towers with Radar,660,103,82,2,847,0,12,44,2,58,660,115,126,4,905,0,0,0,905
10/18/2021,SLC,UT,ANM,WE,Towers with Radar,673,148,61,0,882,0,3,45,11,59,673,151,106,11,941,0,0,0,941
10/19/2021,SLC,UT,ANM,WE,Towers with Radar,673,168,83,4,928,0,13,25,0,38,673,181,108,4,966,0,0,0,966
10/20/2021,SLC,UT,ANM,WE,Towers with Radar,673,166,93,8,940,0,16,110,7,133,673,182,203,15,1073,0,0,0,1073
10/21/2021,SLC,UT,ANM,WE,Towers with Radar,585,128,80,2,795,0,14,118,1,133,585,142,198,3,928,0,0,0,928
10/22/2021,SLC,UT,ANM,WE,Towers with Radar,650,145,97,6,898,0,9,100,5,114,650,154,197,11,1012,0,0,0,1012
10/23/2021,SLC,UT,ANM,WE,Towers with Radar,606,105,57,1,769,0,6,4,4,14,606,111,61,5,783,0,0,0,783
10/24/2021,SLC,UT,ANM,WE,Towers with Radar,658,129,87,1,875,0,12,26,1,39,658,141,113,2,914,0,0,0,914
10/25/2021,SLC,UT,ANM,WE,Towers with Radar,679,149,72,1,901,0,12,9,2,23,679,161,81,3,924,0,0,0,924
10/26/2021,SLC,UT,ANM,WE,Towers with Radar,679,139,72,7,897,0,10,15,4,29,679,149,87,11,926,0,0,0,926
10/27/2021,SLC,UT,ANM,WE,Towers with Radar,678,155,73,4,910,0,4,106,16,126,678,159,179,20,1036,0,0,0,1036
10/28/2021,SLC,UT,ANM,WE,Towers with Radar,687,161,54,6,908,0,5,104,5,114,687,166,158,11,1022,0,0,0,1022
10/29/2021,SLC,UT,ANM,WE,Towers with Radar,689,141,71,5,906,0,9,105,4,118,689,150,176,9,1024,0,0,0,1024
10/30/2021,SLC,UT,ANM,WE,Towers with Radar,610,98,52,0,760,0,10,79,3,92,610,108,131,3,852,2,0,2,854
10/31/2021,SLC,UT,ANM,WE,Towers with Radar,508,120,38,0,666,0,14,36,1,51,508,134,74,1,717,0,0,0,717
11/01/2021,SLC,UT,ANM,WE,Towers with Radar,630,142,67,11,850,0,12,91,6,109,630,154,158,17,959,0,0,0,959
11/02/2021,SLC,UT,ANM,WE,Towers with Radar,638,135,59,10,842,0,2,29,5,36,638,137,88,15,878,0,0,0,878
11/03/2021,SLC,UT,ANM,WE,Towers with Radar,632,153,72,12,869,0,4,115,2,121,632,157,187,14,990,0,0,0,990
11/04/2021,SLC,UT,ANM,WE,Towers with Radar,654,150,70,5,879,0,4,118,2,124,654,154,188,7,1003,0,0,0,1003
11/05/2021,SLC,UT,ANM,WE,Towers with Radar,635,154,78,9,876,0,6,115,1,122,635,160,193,10,998,0,0,0,998
11/06/2021,SLC,UT,ANM,WE,Towers with Radar,594,104,41,3,742,0,20,74,2,96,594,124,115,5,838,0,0,0,838
11/07/2021,SLC,UT,ANM,WE,Towers with Radar,601,106,68,3,778,0,3,47,2,52,601,109,115,5,830,0,0,0,830
11/08/2021,SLC,UT,ANM,WE,Towers with Radar,613,134,62,10,819,0,9,71,1,81,613,143,133,11,900,0,0,0,900
11/09/2021,SLC,UT,ANM,WE,Towers with Radar,610,163,81,6,860,0,21,14,4,39,610,184,95,10,899,0,0,0,899
11/10/2021,SLC,UT,ANM,WE,Towers with Radar,620,139,82,8,849,0,9,80,6,95,620,148,162,14,944,0,0,0,944
11/11/2021,SLC,UT,ANM,WE,Towers with Radar,633,142,80,0,855,0,19,58,1,78,633,161,138,1,933,0,0,0,933
11/12/2021,SLC,UT,ANM,WE,Towers with Radar,631,141,49,2,823,0,14,83,0,97,631,155,132,2,920,0,0,0,920
11/13/2021,SLC,UT,ANM,WE,Towers with Radar,569,91,50,3,713,0,11,89,1,101,569,102,139,4,814,0,0,0,814
11/14/2021,SLC,UT,ANM,WE,Towers with Radar,607,103,47,0,757,0,7,56,2,65,607,110,103,2,822,0,0,0,822
11/15/2021,SLC,UT,ANM,WE,Towers with Radar,604,133,57,2,796,0,7,85,2,94,604,140,142,4,890,0,0,0,890
11/16/2021,SLC,UT,ANM,WE,Towers with Radar,617,140,80,5,842,0,15,64,2,81,617,155,144,7,923,0,0,0,923
11/17/2021,SLC,UT,ANM,WE,Towers with Radar,625,134,64,6,829,0,15,107,0,122,625,149,171,6,951,0,0,0,951
11/18/2021,SLC,UT,ANM,WE,Towers with Radar,650,144,76,6,876,0,3,110,2,115,650,147,186,8,991,0,0,0,991
11/19/2021,SLC,UT,ANM,WE,Towers with Radar,649,159,101,2,911,0,13,62,4,79,649,172,163,6,990,0,0,0,990
11/20/2021,SLC,UT,ANM,WE,Towers with Radar,602,105,79,6,792,0,9,33,3,45,602,114,112,9,837,0,0,0,837
11/21/2021,SLC,UT,ANM,WE,Towers with Radar,618,102,72,5,797,0,3,59,2,64,618,105,131,7,861,0,0,0,861
11/22/2021,SLC,UT,ANM,WE,Towers with Radar,625,127,64,4,820,0,16,110,6,132,625,143,174,10,952,0,0,0,952
11/23/2021,SLC,UT,ANM,WE,Towers with Radar,663,139,90,6,898,0,15,93,13,121,663,154,183,19,1019,0,0,0,1019
11/24/2021,SLC,UT,ANM,WE,Towers with Radar,672,155,84,5,916,0,5,86,2,93,672,160,170,7,1009,0,0,0,1009
11/25/2021,SLC,UT,ANM,WE,Towers with Radar,380,58,8,0,446,0,3,28,0,31,380,61,36,0,477,0,0,0,477
11/26/2021,SLC,UT,ANM,WE,Towers with Radar,472,135,56,0,663,0,12,69,3,84,472,147,125,3,747,0,0,0,747
11/27/2021,SLC,UT,ANM,WE,Towers with Radar,631,101,56,1,789,0,3,61,0,64,631,104,117,1,853,0,0,0,853
11/28/2021,SLC,UT,ANM,WE,Towers with Radar,640,129,109,0,878,0,9,48,2,59,640,138,157,2,937,0,0,0,937
11/29/2021,SLC,UT,ANM,WE,Towers with Radar,648,133,66,2,849,0,4,93,5,102,648,137,159,7,951,0,0,0,951
11/30/2021,SLC,UT,ANM,WE,Towers with Radar,652,150,60,7,869,0,10,89,2,101,652,160,149,9,970,0,0,0,970
12/01/2021,SLC,UT,ANM,WE,Towers with Radar,612,145,80,4,841,0,16,100,7,123,612,161,180,11,964,0,0,0,964
12/02/2021,SLC,UT,ANM,WE,Towers with Radar,640,148,72,1,861,0,9,116,0,125,640,157,188,1,986,0,0,0,986
12/03/2021,SLC,UT,ANM,WE,Towers with Radar,619,141,79,7,846,0,7,98,1,106,619,148,177,8,952,0,0,0,952
12/04/2021,SLC,UT,ANM,WE,Towers with Radar,499,106,59,2,666,0,8,81,2,91,499,114,140,4,757,0,0,0,757
12/05/2021,SLC,UT,ANM,WE,Towers with Radar,600,89,74,0,763,0,6,43,4,53,600,95,117,4,816,0,0,0,816
12/06/2021,SLC,UT,ANM,WE,Towers with Radar,601,119,53,8,781,0,4,65,5,74,601,123,118,13,855,0,0,0,855
12/07/2021,SLC,UT,ANM,WE,Towers with Radar,605,126,74,6,811,0,9,77,0,86,605,135,151,6,897,0,0,0,897
12/08/2021,SLC,UT,ANM,WE,Towers with Radar,602,154,89,5,850,0,5,80,6,91,602,159,169,11,941,0,0,0,941
12/09/2021,SLC,UT,ANM,WE,Towers with Radar,641,143,87,3,874,0,1,0,0,1,641,144,87,3,875,0,0,0,875
12/10/2021,SLC,UT,ANM,WE,Towers with Radar,617,142,88,2,849,0,5,13,1,19,617,147,101,3,868,0,0,0,868
12/11/2021,SLC,UT,ANM,WE,Towers with Radar,491,100,55,0,646,0,7,52,0,59,491,107,107,0,705,0,0,0,705
12/12/2021,SLC,UT,ANM,WE,Towers with Radar,596,108,66,2,772,0,3,38,0,41,596,111,104,2,813,0,0,0,813
12/13/2021,SLC,UT,ANM,WE,Towers with Radar,601,137,107,10,855,0,2,32,0,34,601,139,139,10,889,0,0,0,889
12/14/2021,SLC,UT,ANM,WE,Towers with Radar,572,146,74,4,796,0,4,16,0,20,572,150,90,4,816,0,0,0,816
12/15/2021,SLC,UT,ANM,WE,Towers with Radar,560,153,79,11,803,0,11,48,9,68,560,164,127,20,871,0,0,0,871
12/16/2021,SLC,UT,ANM,WE,Towers with Radar,661,187,99,3,950,0,3,7,6,16,661,190,106,9,966,0,0,0,966
12/17/2021,SLC,UT,ANM,WE,Towers with Radar,664,205,163,1,1033,0,13,45,6,64,664,218,208,7,1097,0,0,0,1097
12/18/2021,SLC,UT,ANM,WE,Towers with Radar,618,169,119,1,907,0,9,92,4,105,618,178,211,5,1012,0,0,0,1012
12/19/2021,SLC,UT,ANM,WE,Towers with Radar,636,146,117,2,901,0,8,52,2,62,636,154,169,4,963,0,0,0,963
12/20/2021,SLC,UT,ANM,WE,Towers with Radar,631,163,75,7,876,0,10,93,10,113,631,173,168,17,989,0,0,0,989
12/21/2021,SLC,UT,ANM,WE,Towers with Radar,663,176,100,5,944,0,6,53,3,62,663,182,153,8,1006,0,0,0,1006
12/22/2021,SLC,UT,ANM,WE,Towers with Radar,669,195,103,1,968,0,3,9,0,12,669,198,112,1,980,0,0,0,980
12/23/2021,SLC,UT,ANM,WE,Towers with Radar,664,202,117,0,983,0,4,14,4,22,664,206,131,4,1005,0,0,0,1005
12/24/2021,SLC,UT,ANM,WE,Towers with Radar,471,165,73,0,709,0,9,6,0,15,471,174,79,0,724,0,0,0,724
12/25/2021,SLC,UT,ANM,WE,Towers with Radar,407,122,36,0,565,0,5,0,2,7,407,127,36,2,572,0,0,0,572
12/26/2021,SLC,UT,ANM,WE,Towers with Radar,526,161,165,0,852,0,2,9,0,11,526,163,174,0,863,0,0,0,863
12/27/2021,SLC,UT,ANM,WE,Towers with Radar,571,221,157,0,949,0,9,4,0,13,571,230,161,0,962,0,0,0,962
12/28/2021,SLC,UT,ANM,WE,Towers with Radar,644,223,126,5,998,0,13,16,0,29,644,236,142,5,1027,0,0,0,1027
12/29/2021,SLC,UT,ANM,WE,Towers with Radar,645,209,122,6,982,0,7,26,0,33,645,216,148,6,1015,0,0,0,1015
12/30/2021,SLC,UT,ANM,WE,Towers with Radar,622,220,144,1,987,0,11,15,1,27,622,231,159,2,1014,0,0,0,1014
12/31/2021,SLC,UT,ANM,WE,Towers with Radar,494,204,112,0,810,0,9,10,4,23,494,213,122,4,833,0,0,0,833
01/01/2022,SLC,UT,ANM,WE,Towers with Radar,453,180,139,1,773,0,20,30,4,54,453,200,169,5,827,0,0,0,827
01/02/2022,SLC,UT,ANM,WE,Towers with Radar,590,191,237,1,1019,0,15,26,2,43,590,206,263,3,1062,0,0,0,1062
01/03/2022,SLC,UT,ANM,WE,Towers with Radar,610,194,131,2,937,0,15,83,2,100,610,209,214,4,1037,0,0,0,1037
01/04/2022,SLC,UT,ANM,WE,Towers with Radar,610,200,71,3,884,0,8,11,1,20,610,208,82,4,904,0,0,0,904
01/05/2022,SLC,UT,ANM,WE,Towers with Radar,587,153,78,4,822,0,3,7,2,12,587,156,85,6,834,0,0,0,834
01/06/2022,SLC,UT,ANM,WE,Towers with Radar,582,178,83,6,849,0,11,20,0,31,582,189,103,6,880,0,0,0,880
01/07/2022,SLC,UT,ANM,WE,Towers with Radar,578,158,89,3,828,0,8,33,2,43,578,166,122,5,871,0,0,0,871
01/08/2022,SLC,UT,ANM,WE,Towers with Radar,481,136,66,6,689,0,12,71,5,88,481,148,137,11,777,0,0,0,777
01/09/2022,SLC,UT,ANM,WE,Towers with Radar,568,116,83,4,771,0,11,64,2,77,568,127,147,6,848,0,0,0,848
01/10/2022,SLC,UT,ANM,WE,Towers with Radar,590,133,87,10,820,0,5,74,7,86,590,138,161,17,906,0,0,0,906
01/11/2022,SLC,UT,ANM,WE,Towers with Radar,598,145,69,8,820,0,5,76,6,87,598,150,145,14,907,0,0,0,907
01/12/2022,SLC,UT,ANM,WE,Towers with Radar,596,134,81,7,818,0,2,107,12,121,596,136,188,19,939,0,0,0,939
01/13/2022,SLC,UT,ANM,WE,Towers with Radar,610,167,111,9,897,0,2,76,0,78,610,169,187,9,975,0,0,0,975
01/14/2022,SLC,UT,ANM,WE,Towers with Radar,610,176,105,12,903,0,18,84,2,104,610,194,189,14,1007,0,0,0,1007
01/15/2022,SLC,UT,ANM,WE,Towers with Radar,455,121,67,7,650,0,4,55,1,60,455,125,122,8,710,0,0,0,710
01/16/2022,SLC,UT,ANM,WE,Towers with Radar,454,102,64,2,622,0,1,50,3,54,454,103,114,5,676,0,0,0,676
01/17/2022,SLC,UT,ANM,WE,Towers with Radar,608,187,134,7,936,0,5,57,3,65,608,192,191,10,1001,0,0,0,1001
01/18/2022,SLC,UT,ANM,WE,Towers with Radar,602,150,81,8,841,0,0,34,10,44,602,150,115,18,885,0,0,0,885
01/19/2022,SLC,UT,ANM,WE,Towers with Radar,605,157,96,6,864,0,5,8,10,23,605,162,104,16,887,0,0,0,887
01/20/2022,SLC,UT,ANM,WE,Towers with Radar,628,140,134,6,908,0,7,18,10,35,628,147,152,16,943,0,0,0,943
01/21/2022,SLC,UT,ANM,WE,Towers with Radar,628,140,88,6,862,0,7,26,5,38,628,147,114,11,900,0,0,0,900
01/22/2022,SLC,UT,ANM,WE,Towers with Radar,497,119,47,0,663,0,5,97,4,106,497,124,144,4,769,0,0,0,769
01/23/2022,SLC,UT,ANM,WE,Towers with Radar,584,106,104,2,796,0,4,62,0,66,584,110,166,2,862,0,0,0,862
01/24/2022,SLC,UT,ANM,WE,Towers with Radar,608,113,76,5,802,0,17,79,9,105,608,130,155,14,907,0,0,0,907
01/25/2022,SLC,UT,ANM,WE,Towers with Radar,606,153,78,8,845,0,7,49,5,61,606,160,127,13,906,0,0,0,906
01/26/2022,SLC,UT,ANM,WE,Towers with Radar,602,137,92,5,836,0,13,104,11,128,602,150,196,16,964,16,0,16,980
01/27/2022,SLC,UT,ANM,WE,Towers with Radar,629,156,94,9,888,0,8,82,15,105,629,164,176,24,993,0,0,0,993
01/28/2022,SLC,UT,ANM,WE,Towers with Radar,605,138,61,13,817,0,8,112,3,123,605,146,173,16,940,0,0,0,940
01/29/2022,SLC,UT,ANM,WE,Towers with Radar,474,123,47,3,647,0,1,98,6,105,474,124,145,9,752,0,0,0,752
01/30/2022,SLC,UT,ANM,WE,Towers with Radar,583,129,110,8,830,0,1,39,1,41,583,130,149,9,871,0,0,0,871
01/31/2022,SLC,UT,ANM,WE,Towers with Radar,612,125,77,8,822,0,6,78,5,89,612,131,155,13,911,0,0,0,911
02/01/2022,SLC,UT,ANM,WE,Towers with Radar,584,142,70,6,802,0,10,75,9,94,584,152,145,15,896,0,0,0,896
02/02/2022,SLC,UT,ANM,WE,Towers with Radar,585,149,86,3,823,0,15,54,10,79,585,164,140,13,902,0,0,0,902
02/03/2022,SLC,UT,ANM,WE,Towers with Radar,548,155,90,19,812,0,10,86,9,105,548,165,176,28,917,0,0,0,917
02/04/2022,SLC,UT,ANM,WE,Towers with Radar,582,141,105,19,847,0,9,74,6,89,582,150,179,25,936,0,0,0,936
02/05/2022,SLC,UT,ANM,WE,Towers with Radar,472,117,47,5,641,0,11,76,4,91,472,128,123,9,732,0,0,0,732
02/06/2022,SLC,UT,ANM,WE,Towers with Radar,584,126,85,4,799,0,0,44,1,45,584,126,129,5,844,0,0,0,844
02/07/2022,SLC,UT,ANM,WE,Towers with Radar,601,142,75,3,821,0,5,78,8,91,601,147,153,11,912,0,0,0,912
02/08/2022,SLC,UT,ANM,WE,Towers with Radar,592,157,82,3,834,0,5,66,5,76,592,162,148,8,910,0,0,0,910
02/09/2022,SLC,UT,ANM,WE,Towers with Radar,603,140,88,6,837,0,13,77,5,95,603,153,165,11,932,0,0,0,932
02/10/2022,SLC,UT,ANM,WE,Towers with Radar,618,143,94,7,862,0,8,89,6,103,618,151,183,13,965,0,0,0,965
02/11/2022,SLC,UT,ANM,WE,Towers with Radar,602,158,100,7,867,0,14,95,3,112,602,172,195,10,979,32,0,32,1011
02/12/2022,SLC,UT,ANM,WE,Towers with Radar,479,97,81,6,663,0,6,75,2,83,479,103,156,8,746,0,0,0,746
02/13/2022,SLC,UT,ANM,WE,Towers with Radar,488,107,77,2,674,0,4,48,1,53,488,111,125,3,727,0,0,0,727
02/14/2022,SLC,UT,ANM,WE,Towers with Radar,605,128,105,17,855,0,10,62,8,80,605,138,167,25,935,0,0,0,935
02/15/2022,SLC,UT,ANM,WE,Towers with Radar,608,136,72,10,826,0,2,40,20,62,608,138,112,30,888,0,0,0,888
02/16/2022,SLC,UT,ANM,WE,Towers with Radar,602,169,119,3,893,0,5,6,4,15,602,174,125,7,908,0,0,0,908
02/17/2022,SLC,UT,ANM,WE,Towers with Radar,618,188,121,4,931,0,6,87,10,103,618,194,208,14,1034,0,0,0,1034
02/18/2022,SLC,UT,ANM,WE,Towers with Radar,627,188,141,0,956,0,4,84,1,89,627,192,225,1,1045,0,0,0,1045
02/19/2022,SLC,UT,ANM,WE,Towers with Radar,483,130,86,2,701,0,9,67,2,78,483,139,153,4,779,0,0,0,779
02/20/2022,SLC,UT,ANM,WE,Towers with Radar,507,131,93,1,732,1,12,37,0,50,508,143,130,1,782,0,0,0,782
02/21/2022,SLC,UT,ANM,WE,Towers with Radar,599,218,161,0,978,0,6,10,1,17,599,224,171,1,995,0,0,0,995
02/22/2022,SLC,UT,ANM,WE,Towers with Radar,616,166,106,6,894,0,7,40,2,49,616,173,146,8,943,0,0,0,943
02/23/2022,SLC,UT,ANM,WE,Towers with Radar,604,163,110,7,884,0,2,1,2,5,604,165,111,9,889,0,0,0,889
02/24/2022,SLC,UT,ANM,WE,Towers with Radar,622,172,146,11,951,0,7,45,3,55,622,179,191,14,1006,0,0,0,1006
02/25/2022,SLC,UT,ANM,WE,Towers with Radar,618,161,109,4,892,0,6,71,1,78,618,167,180,5,970,0,0,0,970
02/26/2022,SLC,UT,ANM,WE,Towers with Radar,523,130,92,3,748,1,7,82,4,94,524,137,174,7,842,0,0,0,842
02/27/2022,SLC,UT,ANM,WE,Towers with Radar,600,127,125,3,855,1,4,54,7,66,601,131,179,10,921,0,0,0,921
02/28/2022,SLC,UT,ANM,WE,Towers with Radar,617,101,78,5,801,1,15,85,3,104,618,116,163,8,905,0,0,0,905
03/01/2022,SLC,UT,ANM,WE,Towers with Radar,616,125,69,7,817,0,13,115,1,129,616,138,184,8,946,0,0,0,946
03/02/2022,SLC,UT,ANM,WE,Towers with Radar,621,137,74,4,836,0,3,96,2,101,621,140,170,6,937,0,0,0,937
03/03/2022,SLC,UT,ANM,WE,Towers with Radar,627,166,123,0,916,0,3,78,8,89,627,169,201,8,1005,0,0,0,1005
03/04/2022,SLC,UT,ANM,WE,Towers with Radar,622,172,117,2,913,0,4,21,3,28,622,176,138,5,941,0,0,0,941
03/05/2022,SLC,UT,ANM,WE,Towers with Radar,503,117,90,0,710,0,6,5,0,11,503,123,95,0,721,0,0,0,721
03/06/2022,SLC,UT,ANM,WE,Towers with Radar,600,149,125,4,878,0,6,8,0,14,600,155,133,4,892,0,0,0,892
03/07/2022,SLC,UT,ANM,WE,Towers with Radar,630,144,120,1,895,0,9,101,2,112,630,153,221,3,1007,0,0,0,1007
03/08/2022,SLC,UT,ANM,WE,Towers with Radar,597,172,109,4,882,0,5,16,0,21,597,177,125,4,903,0,0,0,903
03/09/2022,SLC,UT,ANM,WE,Towers with Radar,600,152,100,10,862,0,11,4,3,18,600,163,104,13,880,0,0,0,880
03/10/2022,SLC,UT,ANM,WE,Towers with Radar,623,180,115,9,927,0,5,81,2,88,623,185,196,11,1015,0,0,0,1015
03/11/2022,SLC,UT,ANM,WE,Towers with Radar,640,146,127,3,916,0,7,92,0,99,640,153,219,3,1015,0,0,0,1015
03/12/2022,SLC,UT,ANM,WE,Towers with Radar,567,131,85,0,783,1,2,91,1,95,568,133,176,1,878,0,0,0,878
03/13/2022,SLC,UT,ANM,WE,Towers with Radar,599,140,128,1,868,0,7,6,0,13,599,147,134,1,881,0,0,0,881
03/14/2022,SLC,UT,ANM,WE,Towers with Radar,624,124,97,11,856,0,3,85,2,90,624,127,182,13,946,0,0,0,946
03/15/2022,SLC,UT,ANM,WE,Towers with Radar,638,130,88,5,861,1,0,74,5,80,639,130,162,10,941,0,0,0,941
03/16/2022,SLC,UT,ANM,WE,Towers with Radar,629,149,121,6,905,0,17,25,6,48,629,166,146,12,953,0,0,0,953
03/17/2022,SLC,UT,ANM,WE,Towers with Radar,623,159,104,5,891,0,9,99,5,113,623,168,203,10,1004,0,0,0,1004
03/18/2022,SLC,UT,ANM,WE,Towers with Radar,617,153,87,4,861,0,8,90,7,105,617,161,177,11,966,0,0,0,966
03/19/2022,SLC,UT,ANM,WE,Towers with Radar,581,122,81,0,784,0,6,55,0,61,581,128,136,0,845,0,0,0,845
03/20/2022,SLC,UT,ANM,WE,Towers with Radar,605,117,95,3,820,0,8,3,4,15,605,125,98,7,835,0,0,0,835
03/21/2022,SLC,UT,ANM,WE,Towers with Radar,610,138,65,5,818,0,18,63,0,81,610,156,128,5,899,0,0,0,899
03/22/2022,SLC,UT,ANM,WE,Towers with Radar,615,122,79,2,818,0,7,66,3,76,615,129,145,5,894,0,0,0,894
03/23/2022,SLC,UT,ANM,WE,Towers with Radar,626,128,90,7,851,0,4,106,4,114,626,132,196,11,965,0,0,0,965
03/24/2022,SLC,UT,ANM,WE,Towers with Radar,624,153,107,8,892,0,17,101,0,118,624,170,208,8,1010,0,0,0,1010
03/25/2022,SLC,UT,ANM,WE,Towers with Radar,637,143,96,1,877,0,4,105,1,110,637,147,201,2,987,0,0,0,987
03/26/2022,SLC,UT,ANM,WE,Towers with Radar,579,115,71,1,766,0,11,86,1,98,579,126,157,2,864,0,0,0,864
03/27/2022,SLC,UT,ANM,WE,Towers with Radar,600,113,91,1,805,0,5,29,0,34,600,118,120,1,839,0,0,0,839
03/28/2022,SLC,UT,ANM,WE,Towers with Radar,608,118,84,12,822,1,4,19,0,24,609,122,103,12,846,0,0,0,846
03/29/2022,SLC,UT,ANM,WE,Towers with Radar,608,139,73,6,826,0,3,14,5,22,608,142,87,11,848,0,0,0,848
03/30/2022,SLC,UT,ANM,WE,Towers with Radar,616,118,73,6,813,0,6,88,5,99,616,124,161,11,912,0,0,0,912
03/31/2022,SLC,UT,ANM,WE,Towers with Radar,619,132,108,8,867,0,7,37,7,51,619,139,145,15,918,0,0,0,918
04/01/2022,SLC,UT,ANM,WE,Towers with Radar,625,134,82,9,850,0,8,114,2,124,625,142,196,11,974,0,0,0,974
04/02/2022,SLC,UT,ANM,WE,Towers with Radar,549,99,45,4,697,0,8,65,5,78,549,107,110,9,775,0,0,0,775
04/03/2022,SLC,UT,ANM,WE,Towers with Radar,594,105,61,0,760,0,6,45,2,53,594,111,106,2,813,0,0,0,813
04/04/2022,SLC,UT,ANM,WE,Towers with Radar,623,117,73,11,824,0,17,38,5,60,623,134,111,16,884,0,0,0,884
04/05/2022,SLC,UT,ANM,WE,Towers with Radar,618,120,56,5,799,0,0,13,5,18,618,120,69,10,817,0,0,0,817
04/06/2022,SLC,UT,ANM,WE,Towers with Radar,633,134,64,4,835,0,8,93,4,105,633,142,157,8,940,0,0,0,940
04/07/2022,SLC,UT,ANM,WE,Towers with Radar,616,140,77,10,843,0,11,88,7,106,616,151,165,17,949,0,0,0,949
04/08/2022,SLC,UT,ANM,WE,Towers with Radar,624,127,78,7,836,0,7,94,3,104,624,134,172,10,940,0,0,0,940
04/09/2022,SLC,UT,ANM,WE,Towers with Radar,550,93,42,10,695,0,10,58,3,71,550,103,100,13,766,0,0,0,766
04/10/2022,SLC,UT,ANM,WE,Towers with Radar,599,104,62,6,771,0,7,37,1,45,599,111,99,7,816,40,0,40,856
04/11/2022,SLC,UT,ANM,WE,Towers with Radar,603,93,69,6,771,0,5,29,0,34,603,98,98,6,805,0,0,0,805
04/12/2022,SLC,UT,ANM,WE,Towers with Radar,628,109,62,1,800,1,3,2,2,8,629,112,64,3,808,0,0,0,808
04/13/2022,SLC,UT,ANM,WE,Towers with Radar,623,126,79,3,831,0,3,12,1,16,623,129,91,4,847,0,0,0,847
04/14/2022,SLC,UT,ANM,WE,Towers with Radar,627,132,95,8,862,0,9,68,4,81,627,141,163,12,943,0,0,0,943
04/15/2022,SLC,UT,ANM,WE,Towers with Radar,632,137,67,8,844,0,9,49,3,61,632,146,116,11,905,50,0,50,955
04/16/2022,SLC,UT,ANM,WE,Towers with Radar,556,83,30,1,670,0,8,31,0,39,556,91,61,1,709,0,0,0,709
04/17/2022,SLC,UT,ANM,WE,Towers with Radar,603,88,43,2,736,0,4,57,1,62,603,92,100,3,798,0,0,0,798
04/18/2022,SLC,UT,ANM,WE,Towers with Radar,613,105,69,9,796,0,2,77,1,80,613,107,146,10,876,0,0,0,876
04/19/2022,SLC,UT,ANM,WE,Towers with Radar,608,122,79,7,816,0,10,36,3,49,608,132,115,10,865,0,0,0,865
04/20/2022,SLC,UT,ANM,WE,Towers with Radar,611,122,71,6,810,0,3,104,12,119,611,125,175,18,929,0,0,0,929
04/21/2022,SLC,UT,ANM,WE,Towers with Radar,631,126,71,3,831,0,9,29,10,48,631,135,100,13,879,0,0,0,879
04/22/2022,SLC,UT,ANM,WE,Towers with Radar,587,125,84,2,798,0,4,1,5,10,587,129,85,7,808,0,0,0,808
04/23/2022,SLC,UT,ANM,WE,Towers with Radar,307,46,18,3,374,0,3,11,1,15,307,49,29,4,389,0,0,0,389
04/24/2022,SLC,UT,ANM,WE,Towers with Radar,604,96,82,3,785,0,11,61,2,74,604,107,143,5,859,0,0,0,859
04/25/2022,SLC,UT,ANM,WE,Towers with Radar,596,108,54,3,761,0,8,94,4,106,596,116,148,7,867,0,0,0,867
04/26/2022,SLC,UT,ANM,WE,Towers with Radar,615,98,61,14,788,0,5,63,3,71,615,103,124,17,859,0,0,0,859
04/27/2022,SLC,UT,ANM,WE,Towers with Radar,612,123,79,6,820,0,4,82,7,93,612,127,161,13,913,0,0,0,913
04/28/2022,SLC,UT,ANM,WE,Towers with Radar,635,126,78,4,843,0,9,48,4,61,635,135,126,8,904,0,0,0,904
04/29/2022,SLC,UT,ANM,WE,Towers with Radar,621,121,60,7,809,1,9,46,2,58,622,130,106,9,867,0,0,0,867
04/30/2022,SLC,UT,ANM,WE,Towers with Radar,537,82,38,3,660,0,18,100,2,120,537,100,138,5,780,0,0,0,780
05/01/2022,SLC,UT,ANM,WE,Towers with Radar,582,87,48,1,718,0,2,11,2,15,582,89,59,3,733,0,0,0,733
05/02/2022,SLC,UT,ANM,WE,Towers with Radar,585,98,41,3,727,0,13,53,1,67,585,111,94,4,794,0,0,0,794
05/03/2022,SLC,UT,ANM,WE,Towers with Radar,639,96,63,10,808,0,6,47,4,57,639,102,110,14,865,0,0,0,865
05/04/2022,SLC,UT,ANM,WE,Towers with Radar,620,116,91,8,835,0,10,59,6,75,620,126,150,14,910,0,0,0,910
05/05/2022,SLC,UT,ANM,WE,Towers with Radar,618,105,68,8,799,1,7,97,3,108,619,112,165,11,907,0,0,0,907
05/06/2022,SLC,UT,ANM,WE,Towers with Radar,632,100,73,4,809,0,13,78,3,94,632,113,151,7,903,0,0,0,903
05/07/2022,SLC,UT,ANM,WE,Towers with Radar,559,73,45,2,679,0,6,29,0,35,559,79,74,2,714,0,0,0,714
05/08/2022,SLC,UT,ANM,WE,Towers with Radar,582,70,43,1,696,0,0,15,0,15,582,70,58,1,711,0,0,0,711
05/09/2022,SLC,UT,ANM,WE,Towers with Radar,623,96,66,9,794,0,8,33,7,48,623,104,99,16,842,0,0,0,842
05/10/2022,SLC,UT,ANM,WE,Towers with Radar,622,114,62,15,813,0,4,78,1,83,622,118,140,16,896,0,0,0,896
05/11/2022,SLC,UT,ANM,WE,Towers with Radar,634,104,57,5,800,0,17,64,8,89,634,121,121,13,889,0,0,0,889
05/12/2022,SLC,UT,ANM,WE,Towers with Radar,626,121,76,5,828,0,19,60,11,90,626,140,136,16,918,0,0,0,918
05/13/2022,SLC,UT,ANM,WE,Towers with Radar,616,118,43,7,784,0,22,63,7,92,616,140,106,14,876,0,0,0,876
05/14/2022,SLC,UT,ANM,WE,Towers with Radar,533,84,33,5,655,0,17,59,13,89,533,101,92,18,744,0,0,0,744
05/15/2022,SLC,UT,ANM,WE,Towers with Radar,592,74,41,7,714,0,19,59,2,80,592,93,100,9,794,0,0,0,794
05/16/2022,SLC,UT,ANM,WE,Towers with Radar,601,93,41,12,747,0,6,80,2,88,601,99,121,14,835,0,0,0,835
05/17/2022,SLC,UT,ANM,WE,Towers with Radar,616,94,40,5,755,0,5,76,2,83,616,99,116,7,838,0,0,0,838
05/18/2022,SLC,UT,ANM,WE,Towers with Radar,630,108,83,6,827,0,12,73,5,90,630,120,156,11,917,0,0,0,917
05/19/2022,SLC,UT,ANM,WE,Towers with Radar,638,101,64,9,812,0,10,46,6,62,638,111,110,15,874,0,0,0,874
05/20/2022,SLC,UT,ANM,WE,Towers with Radar,624,99,61,4,788,0,16,43,4,63,624,115,104,8,851,0,0,0,851
05/21/2022,SLC,UT,ANM,WE,Towers with Radar,545,79,29,1,654,0,5,86,4,95,545,84,115,5,749,0,0,0,749
05/22/2022,SLC,UT,ANM,WE,Towers with Radar,609,63,61,5,738,0,5,46,8,59,609,68,107,13,797,0,0,0,797
05/23/2022,SLC,UT,ANM,WE,Towers with Radar,628,90,56,10,784,0,17,77,15,109,628,107,133,25,893,0,0,0,893
05/24/2022,SLC,UT,ANM,WE,Towers with Radar,615,104,62,9,790,0,14,89,4,107,615,118,151,13,897,0,0,0,897
05/25/2022,SLC,UT,ANM,WE,Towers with Radar,628,116,76,6,826,0,11,98,3,112,628,127,174,9,938,0,0,0,938
05/26/2022,SLC,UT,ANM,WE,Towers with Radar,636,123,82,7,848,0,11,81,6,98,636,134,163,13,946,0,0,0,946
05/27/2022,SLC,UT,ANM,WE,Towers with Radar,642,111,93,0,846,0,24,79,1,104,642,135,172,1,950,0,0,0,950
05/28/2022,SLC,UT,ANM,WE,Towers with Radar,555,79,36,0,670,0,15,20,1,36,555,94,56,1,706,0,0,0,706
05/29/2022,SLC,UT,ANM,WE,Towers with Radar,558,67,33,1,659,0,2,2,1,5,558,69,35,2,664,0,0,0,664
05/30/2022,SLC,UT,ANM,WE,Towers with Radar,613,83,66,0,762,0,4,15,3,22,613,87,81,3,784,0,0,0,784
05/31/2022,SLC,UT,ANM,WE,Towers with Radar,610,119,55,2,786,0,23,86,2,111,610,142,141,4,897,0,0,0,897
06/01/2022,SLC,UT,ANM,WE,Towers with Radar,629,101,63,8,801,0,18,104,0,122,629,119,167,8,923,0,0,0,923
06/02/2022,SLC,UT,ANM,WE,Towers with Radar,631,108,62,8,809,0,6,126,7,139,631,114,188,15,948,0,0,0,948
06/03/2022,SLC,UT,ANM,WE,Towers with Radar,637,103,61,6,807,0,16,78,7,101,637,119,139,13,908,0,0,0,908
06/04/2022,SLC,UT,ANM,WE,Towers with Radar,537,85,42,5,669,0,2,41,3,46,537,87,83,8,715,0,0,0,715
06/05/2022,SLC,UT,ANM,WE,Towers with Radar,630,74,57,4,765,0,3,34,1,38,630,77,91,5,803,0,0,0,803
06/06/2022,SLC,UT,ANM,WE,Towers with Radar,652,83,73,8,816,0,9,85,3,97,652,92,158,11,913,0,0,0,913
06/07/2022,SLC,UT,ANM,WE,Towers with Radar,646,111,53,4,814,0,12,89,15,116,646,123,142,19,930,0,0,0,930
06/08/2022,SLC,UT,ANM,WE,Towers with Radar,649,112,47,5,813,0,4,94,6,104,649,116,141,11,917,6,0,6,923
06/09/2022,SLC,UT,ANM,WE,Towers with Radar,670,144,67,3,884,0,5,87,6,98,670,149,154,9,982,46,0,46,1028
06/10/2022,SLC,UT,ANM,WE,Towers with Radar,664,133,57,4,858,0,8,83,5,96,664,141,140,9,954,40,0,40,994
06/11/2022,SLC,UT,ANM,WE,Towers with Radar,604,98,58,5,765,0,10,85,3,98,604,108,143,8,863,0,0,0,863
06/12/2022,SLC,UT,ANM,WE,Towers with Radar,656,88,58,8,810,0,6,26,0,32,656,94,84,8,842,0,0,0,842
06/13/2022,SLC,UT,ANM,WE,Towers with Radar,651,115,62,5,833,1,11,23,3,38,652,126,85,8,871,0,0,0,871
06/14/2022,SLC,UT,ANM,WE,Towers with Radar,644,110,67,11,832,0,6,93,3,102,644,116,160,14,934,0,0,0,934
06/15/2022,SLC,UT,ANM,WE,Towers with Radar,663,142,88,8,901,0,6,110,7,123,663,148,198,15,1024,0,0,0,1024
06/16/2022,SLC,UT,ANM,WE,Towers with Radar,640,128,76,7,851,0,15,101,6,122,640,143,177,13,973,0,0,0,973
06/17/2022,SLC,UT,ANM,WE,Towers with Radar,661,135,87,1,884,0,4,24,1,29,661,139,111,2,913,0,0,0,913
06/18/2022,SLC,UT,ANM,WE,Towers with Radar,604,93,47,4,748,0,9,25,2,36,604,102,72,6,784,0,0,0,784
06/19/2022,SLC,UT,ANM,WE,Towers with Radar,616,103,53,0,772,0,9,23,2,34,616,112,76,2,806,0,0,0,806
06/20/2022,SLC,UT,ANM,WE,Towers with Radar,659,132,69,0,860,0,5,85,1,91,659,137,154,1,951,0,0,0,951
06/21/2022,SLC,UT,ANM,WE,Towers with Radar,649,116,79,10,854,0,20,119,1,140,649,136,198,11,994,60,0,60,1054
06/22/2022,SLC,UT,ANM,WE,Towers with Radar,645,142,67,7,861,0,12,104,3,119,645,154,171,10,980,0,0,0,980
06/23/2022,SLC,UT,ANM,WE,Towers with Radar,685,155,80,3,923,0,4,53,7,64,685,159,133,10,987,0,0,0,987
06/24/2022,SLC,UT,ANM,WE,Towers with Radar,673,136,82,2,893,0,13,56,4,73,673,149,138,6,966,0,0,0,966
06/25/2022,SLC,UT,ANM,WE,Towers with Radar,556,100,61,3,720,0,14,56,4,74,556,114,117,7,794,0,0,0,794
06/26/2022,SLC,UT,ANM,WE,Towers with Radar,627,97,69,0,793,0,4,43,2,49,627,101,112,2,842,0,0,0,842
06/27/2022,SLC,UT,ANM,WE,Towers with Radar,649,124,90,7,870,0,9,109,5,123,649,133,199,12,993,0,0,0,993
06/28/2022,SLC,UT,ANM,WE,Towers with Radar,643,132,76,4,855,0,11,56,5,72,643,143,132,9,927,0,0,0,927
06/29/2022,SLC,UT,ANM,WE,Towers with Radar,658,124,88,4,874,0,6,57,7,70,658,130,145,11,944,0,0,0,944
06/30/2022,SLC,UT,ANM,WE,Towers with Radar,675,133,99,4,911,0,2,79,5,86,675,135,178,9,997,0,0,0,997
07/01/2022,SLC,UT,ANM,WE,Towers with Radar,682,147,74,2,905,0,5,63,6,74,682,152,137,8,979,32,0,32,1011
07/02/2022,SLC,UT,ANM,WE,Towers with Radar,607,104,44,1,756,0,5,50,3,58,607,109,94,4,814,22,0,22,836
07/03/2022,SLC,UT,ANM,WE,Towers with Radar,597,72,43,1,713,0,12,21,3,36,597,84,64,4,749,0,0,0,749
07/04/2022,SLC,UT,ANM,WE,Towers with Radar,579,75,52,0,706,0,4,21,2,27,579,79,73,2,733,0,0,0,733
07/05/2022,SLC,UT,ANM,WE,Towers with Radar,633,122,91,3,849,0,10,76,4,90,633,132,167,7,939,58,0,58,997
07/06/2022,SLC,UT,ANM,WE,Towers with Radar,615,116,65,12,808,0,13,84,2,99,615,129,149,14,907,0,0,0,907
07/07/2022,SLC,UT,ANM,WE,Towers with Radar,623,146,55,11,835,0,8,84,6,98,623,154,139,17,933,114,0,114,1047
07/08/2022,SLC,UT,ANM,WE,Towers with Radar,627,125,78,3,833,0,16,66,5,87,627,141,144,8,920,0,0,0,920
07/09/2022,SLC,UT,ANM,WE,Towers with Radar,591,97,37,4,729,0,4,63,1,68,591,101,100,5,797,0,0,0,797
07/10/2022,SLC,UT,ANM,WE,Towers with Radar,662,122,78,4,866,0,12,60,2,74,662,134,138,6,940,6,0,6,946
07/11/2022,SLC,UT,ANM,WE,Towers with Radar,670,110,79,4,863,1,17,83,6,107,671,127,162,10,970,0,0,0,970
07/12/2022,SLC,UT,ANM,WE,Towers with Radar,665,126,71,2,864,0,9,68,3,80,665,135,139,5,944,0,0,0,944
07/13/2022,SLC,UT,ANM,WE,Towers with Radar,662,137,63,4,866,0,13,57,5,75,662,150,120,9,941,0,0,0,941
07/14/2022,SLC,UT,ANM,WE,Towers with Radar,685,132,78,7,902,0,12,57,7,76,685,144,135,14,978,0,0,0,978
07/15/2022,SLC,UT,ANM,WE,Towers with Radar,680,134,71,3,888,0,12,71,3,86,680,146,142,6,974,26,0,26,1000
07/16/2022,SLC,UT,ANM,WE,Towers with Radar,581,98,50,0,729,0,3,73,2,78,581,101,123,2,807,16,0,16,823
07/17/2022,SLC,UT,ANM,WE,Towers with Radar,625,111,47,5,788,0,1,33,4,38,625,112,80,9,826,0,0,0,826
07/18/2022,SLC,UT,ANM,WE,Towers with Radar,677,115,69,4,865,0,13,60,1,74,677,128,129,5,939,0,0,0,939
07/19/2022,SLC,UT,ANM,WE,Towers with Radar,660,111,70,3,844,0,16,68,4,88,660,127,138,7,932,0,0,0,932
07/20/2022,SLC,UT,ANM,WE,Towers with Radar,677,118,82,6,883,0,11,113,9,133,677,129,195,15,1016,0,0,0,1016
07/21/2022,SLC,UT,ANM,WE,Towers with Radar,688,133,66,4,891,0,13,66,7,86,688,146,132,11,977,0,0,0,977
07/22/2022,SLC,UT,ANM,WE,Towers with Radar,697,125,56,0,878,0,12,78,3,93,697,137,134,3,971,0,0,0,971
07/23/2022,SLC,UT,ANM,WE,Towers with Radar,586,92,41,1,720,0,10,74,0,84,586,102,115,1,804,0,0,0,804
07/24/2022,SLC,UT,ANM,WE,Towers with Radar,641,102,71,1,815,0,9,21,1,31,641,111,92,2,846,0,0,0,846
07/25/2022,SLC,UT,ANM,WE,Towers with Radar,659,109,55,6,829,0,17,58,2,77,659,126,113,8,906,0,0,0,906
07/26/2022,SLC,UT,ANM,WE,Towers with Radar,656,114,64,9,843,0,10,92,2,104,656,124,156,11,947,0,0,0,947
07/27/2022,SLC,UT,ANM,WE,Towers with Radar,675,130,91,8,904,0,19,61,5,85,675,149,152,13,989,0,0,0,989
07/28/2022,SLC,UT,ANM,WE,Towers with Radar,672,120,72,6,870,0,23,61,6,90,672,143,133,12,960,0,0,0,960
07/29/2022,SLC,UT,ANM,WE,Towers with Radar,683,135,61,1,880,0,10,73,8,91,683,145,134,9,971,12,0,12,983
07/30/2022,SLC,UT,ANM,WE,Towers with Radar,599,97,52,2,750,0,12,73,9,94,599,109,125,11,844,6,0,6,850
07/31/2022,SLC,UT,ANM,WE,Towers with Radar,632,95,68,1,796,0,10,48,10,68,632,105,116,11,864,0,0,0,864
08/01/2022,SLC,UT,ANM,WE,Towers with Radar,656,124,63,3,846,0,5,65,2,72,656,129,128,5,918,0,0,0,918
08/02/2022,SLC,UT,ANM,WE,Towers with Radar,677,127,71,4,879,0,15,63,5,83,677,142,134,9,962,0,0,0,962
08/03/2022,SLC,UT,ANM,WE,Towers with Radar,654,134,72,6,866,0,19,91,3,113,654,153,163,9,979,0,0,0,979
08/04/2022,SLC,UT,ANM,WE,Towers with Radar,660,142,81,4,887,0,10,78,3,91,660,152,159,7,978,0,0,0,978
08/05/2022,SLC,UT,ANM,WE,Towers with Radar,661,124,72,2,859,0,17,34,2,53,661,141,106,4,912,0,0,0,912
08/06/2022,SLC,UT,ANM,WE,Towers with Radar,590,105,48,3,746,0,8,28,2,38,590,113,76,5,784,0,0,0,784
08/07/2022,SLC,UT,ANM,WE,Towers with Radar,633,108,94,2,837,0,10,78,4,92,633,118,172,6,929,0,0,0,929
08/08/2022,SLC,UT,ANM,WE,Towers with Radar,664,121,75,7,867,0,19,84,3,106,664,140,159,10,973,0,0,0,973
08/09/2022,SLC,UT,ANM,WE,Towers with Radar,654,118,64,8,844,0,14,85,5,104,654,132,149,13,948,0,0,0,948
08/10/2022,SLC,UT,ANM,WE,Towers with Radar,643,131,94,7,875,0,11,65,2,78,643,142,159,9,953,0,0,0,953
08/11/2022,SLC,UT,ANM,WE,Towers with Radar,675,153,74,4,906,0,13,61,8,82,675,166,135,12,988,0,0,0,988
08/12/2022,SLC,UT,ANM,WE,Towers with Radar,677,131,51,2,861,0,9,54,4,67,677,140,105,6,928,0,0,0,928
08/13/2022,SLC,UT,ANM,WE,Towers with Radar,597,114,51,2,764,0,8,54,6,68,597,122,105,8,832,0,0,0,832
08/14/2022,SLC,UT,ANM,WE,Towers with Radar,630,116,81,3,830,0,7,56,3,66,630,123,137,6,896,0,0,0,896
08/15/2022,SLC,UT,ANM,WE,Towers with Radar,668,118,57,12,855,1,16,78,4,99,669,134,135,16,954,0,0,0,954
08/16/2022,SLC,UT,ANM,WE,Towers with Radar,639,138,60,3,840,0,21,86,6,113,639,159,146,9,953,0,0,0,953
08/17/2022,SLC,UT,ANM,WE,Towers with Radar,651,115,94,10,870,0,11,82,9,102,651,126,176,19,972,0,0,0,972
08/18/2022,SLC,UT,ANM,WE,Towers with Radar,677,138,75,5,895,0,15,70,4,89,677,153,145,9,984,0,0,0,984
08/19/2022,SLC,UT,ANM,WE,Towers with Radar,660,153,61,3,877,0,8,37,4,49,660,161,98,7,926,0,0,0,926
08/20/2022,SLC,UT,ANM,WE,Towers with Radar,590,112,45,4,751,0,6,54,3,63,590,118,99,7,814,0,0,0,814
08/21/2022,SLC,UT,ANM,WE,Towers with Radar,635,106,70,2,813,0,10,53,5,68,635,116,123,7,881,0,0,0,881
08/22/2022,SLC,UT,ANM,WE,Towers with Radar,645,112,82,9,848,1,11,61,1,74,646,123,143,10,922,0,0,0,922
08/23/2022,SLC,UT,ANM,WE,Towers with Radar,641,126,60,9,836,0,9,71,4,84,641,135,131,13,920,0,0,0,920
08/24/2022,SLC,UT,ANM,WE,Towers with Radar,643,131,76,7,857,0,13,58,0,71,643,144,134,7,928,0,0,0,928
08/25/2022,SLC,UT,ANM,WE,Towers with Radar,662,129,94,9,894,0,23,94,10,127,662,152,188,19,1021,0,0,0,1021
08/26/2022,SLC,UT,ANM,WE,Towers with Radar,665,131,72,4,872,0,15,123,5,143,665,146,195,9,1015,0,0,0,1015
08/27/2022,SLC,UT,ANM,WE,Towers with Radar,590,75,40,1,706,0,12,61,6,79,590,87,101,7,785,0,0,0,785
08/28/2022,SLC,UT,ANM,WE,Towers with Radar,642,91,61,0,794,0,8,48,0,56,642,99,109,0,850,0,0,0,850
08/29/2022,SLC,UT,ANM,WE,Towers with Radar,652,96,62,11,821,0,13,86,6,105,652,109,148,17,926,0,0,0,926
08/30/2022,SLC,UT,ANM,WE,Towers with Radar,628,116,72,6,822,0,17,81,5,103,628,133,153,11,925,0,0,0,925
08/31/2022,SLC,UT,ANM,WE,Towers with Radar,646,117,67,5,835,0,10,106,8,124,646,127,173,13,959,0,0,0,959
09/01/2022,SLC,UT,ANM,WE,Towers with Radar,674,140,89,7,910,0,8,87,2,97,674,148,176,9,1007,0,0,0,1007
09/02/2022,SLC,UT,ANM,WE,Towers with Radar,664,126,75,6,871,0,12,77,0,89,664,138,152,6,960,0,0,0,960
09/03/2022,SLC,UT,ANM,WE,Towers with Radar,561,88,44,0,693,0,16,58,4,78,561,104,102,4,771,0,0,0,771
09/04/2022,SLC,UT,ANM,WE,Towers with Radar,557,83,46,2,688,0,6,37,3,46,557,89,83,5,734,0,0,0,734
09/05/2022,SLC,UT,ANM,WE,Towers with Radar,657,95,76,0,828,0,3,45,3,51,657,98,121,3,879,0,0,0,879
09/06/2022,SLC,UT,ANM,WE,Towers with Radar,596,121,79,11,807,0,6,59,5,70,596,127,138,16,877,0,0,0,877
09/07/2022,SLC,UT,ANM,WE,Towers with Radar,608,134,62,9,813,0,11,80,3,94,608,145,142,12,907,0,0,0,907
09/08/2022,SLC,UT,ANM,WE,Towers with Radar,609,126,90,7,832,0,7,85,11,103,609,133,175,18,935,0,0,0,935
09/09/2022,SLC,UT,ANM,WE,Towers with Radar,611,132,88,0,831,0,8,74,4,86,611,140,162,4,917,0,0,0,917
09/10/2022,SLC,UT,ANM,WE,Towers with Radar,573,100,62,1,736,0,10,78,3,91,573,110,140,4,827,0,0,0,827
09/11/2022,SLC,UT,ANM,WE,Towers with Radar,631,92,74,4,801,0,2,48,6,56,631,94,122,10,857,0,0,0,857
09/12/2022,SLC,UT,ANM,WE,Towers with Radar,642,127,61,7,837,0,12,74,3,89,642,139,135,10,926,0,0,0,926
09/13/2022,SLC,UT,ANM,WE,Towers with Radar,634,147,60,3,844,0,4,33,11,48,634,151,93,14,892,0,0,0,892
09/14/2022,SLC,UT,ANM,WE,Towers with Radar,636,150,73,10,869,0,3,19,8,30,636,153,92,18,899,0,0,0,899
09/15/2022,SLC,UT,ANM,WE,Towers with Radar,653,147,65,9,874,0,3,67,18,88,653,150,132,27,962,0,0,0,962
09/16/2022,SLC,UT,ANM,WE,Towers with Radar,660,150,85,5,900,0,8,90,3,101,660,158,175,8,1001,0,0,0,1001
09/17/2022,SLC,UT,ANM,WE,Towers with Radar,554,105,48,0,707,0,16,70,0,86,554,121,118,0,793,0,0,0,793
09/18/2022,SLC,UT,ANM,WE,Towers with Radar,610,112,74,3,799,0,14,49,9,72,610,126,123,12,871,0,0,0,871
09/19/2022,SLC,UT,ANM,WE,Towers with Radar,632,127,65,12,836,1,10,70,5,86,633,137,135,17,922,0,0,0,922
09/20/2022,SLC,UT,ANM,WE,Towers with Radar,631,106,94,9,840,0,14,66,10,90,631,120,160,19,930,0,0,0,930
09/21/2022,SLC,UT,ANM,WE,Towers with Radar,631,130,69,10,840,0,22,30,5,57,631,152,99,15,897,0,0,0,897
09/22/2022,SLC,UT,ANM,WE,Towers with Radar,654,139,101,8,902,0,6,95,6,107,654,145,196,14,1009,0,0,0,1009
09/23/2022,SLC,UT,ANM,WE,Towers with Radar,652,141,81,6,880,0,14,91,3,108,652,155,172,9,988,0,0,0,988
09/24/2022,SLC,UT,ANM,WE,Towers with Radar,559,94,49,10,712,0,5,83,3,91,559,99,132,13,803,8,0,8,811
09/25/2022,SLC,UT,ANM,WE,Towers with Radar,619,102,56,1,778,0,3,48,3,54,619,105,104,4,832,0,0,0,832
09/26/2022,SLC,UT,ANM,WE,Towers with Radar,639,109,48,6,802,0,9,75,3,87,639,118,123,9,889,0,0,0,889
09/27/2022,SLC,UT,ANM,WE,Towers with Radar,630,105,60,6,801,0,4,96,4,104,630,109,156,10,905,38,0,38,943
09/28/2022,SLC,UT,ANM,WE,Towers with Radar,632,130,97,3,862,0,8,42,8,58,632,138,139,11,920,0,0,0,920
09/29/2022,SLC,UT,ANM,WE,Towers with Radar,647,126,51,6,830,0,4,53,3,60,647,130,104,9,890,0,0,0,890
09/30/2022,SLC,UT,ANM,WE,Towers with Radar,651,143,70,2,866,1,12,92,2,107,652,155,162,4,973,0,0,0,973
10/01/2022,SLC,UT,ANM,WE,Towers with Radar,547,93,54,0,694,1,12,48,3,64,548,105,102,3,758,0,0,0,758
10/02/2022,SLC,UT,ANM,WE,Towers with Radar,597,112,57,0,766,0,5,38,2,45,597,117,95,2,811,0,0,0,811
10/03/2022,SLC,UT,ANM,WE,Towers with Radar,614,116,81,6,817,0,8,81,4,93,614,124,162,10,910,0,0,0,910
10/04/2022,SLC,UT,ANM,WE,Towers with Radar,619,112,59,7,797,1,15,113,2,131,620,127,172,9,928,0,0,0,928
10/05/2022,SLC,UT,ANM,WE,Towers with Radar,630,119,98,4,851,0,3,111,6,120,630,122,209,10,971,0,0,0,971
10/06/2022,SLC,UT,ANM,WE,Towers with Radar,631,116,86,7,840,0,10,117,14,141,631,126,203,21,981,0,0,0,981
10/07/2022,SLC,UT,ANM,WE,Towers with Radar,632,121,106,3,862,0,7,103,4,114,632,128,209,7,976,0,0,0,976
10/08/2022,SLC,UT,ANM,WE,Towers with Radar,542,70,65,1,678,0,2,103,8,113,542,72,168,9,791,10,0,10,801
10/09/2022,SLC,UT,ANM,WE,Towers with Radar,599,84,71,2,756,0,7,58,2,67,599,91,129,4,823,0,0,0,823
10/10/2022,SLC,UT,ANM,WE,Towers with Radar,615,120,66,1,802,0,14,76,9,99,615,134,142,10,901,0,0,0,901
10/11/2022,SLC,UT,ANM,WE,Towers with Radar,609,106,56,6,777,0,4,70,0,74,609,110,126,6,851,22,0,22,873
10/12/2022,SLC,UT,ANM,WE,Towers with Radar,610,119,70,8,807,0,14,82,3,99,610,133,152,11,906,0,0,0,906
10/13/2022,SLC,UT,ANM,WE,Towers with Radar,624,131,68,9,832,0,10,79,5,94,624,141,147,14,926,0,0,0,926
10/14/2022,SLC,UT,ANM,WE,Towers with Radar,640,116,72,4,832,0,14,98,2,114,640,130,170,6,946,0,0,0,946
10/15/2022,SLC,UT,ANM,WE,Towers with Radar,545,84,44,0,673,0,10,73,4,87,545,94,117,4,760,0,0,0,760
10/16/2022,SLC,UT,ANM,WE,Towers with Radar,598,93,57,0,748,0,5,38,0,43,598,98,95,0,791,0,0,0,791
10/17/2022,SLC,UT,ANM,WE,Towers with Radar,613,97,71,6,787,0,10,107,0,117,613,107,178,6,904,0,0,0,904
10/18/2022,SLC,UT,ANM,WE,Towers with Radar,603,96,76,5,780,0,17,106,4,127,603,113,182,9,907,0,0,0,907
10/19/2022,SLC,UT,ANM,WE,Towers with Radar,605,122,91,5,823,0,5,123,2,130,605,127,214,7,953,0,0,0,953
10/20/2022,SLC,UT,ANM,WE,Towers with Radar,633,117,69,4,823,0,15,110,3,128,633,132,179,7,951,0,0,0,951
10/21/2022,SLC,UT,ANM,WE,Towers with Radar,624,114,65,2,805,0,10,87,4,101,624,124,152,6,906,6,0,6,912
10/22/2022,SLC,UT,ANM,WE,Towers with Radar,564,90,27,2,683,0,3,3,4,10,564,93,30,6,693,0,0,0,693
10/23/2022,SLC,UT,ANM,WE,Towers with Radar,600,120,63,4,787,0,6,5,0,11,600,126,68,4,798,0,0,0,798
10/24/2022,SLC,UT,ANM,WE,Towers with Radar,620,107,65,5,797,0,11,105,0,116,620,118,170,5,913,0,0,0,913
10/25/2022,SLC,UT,ANM,WE,Towers with Radar,612,91,62,4,769,0,11,59,8,78,612,102,121,12,847,0,0,0,847
10/26/2022,SLC,UT,ANM,WE,Towers with Radar,614,124,81,4,823,0,14,20,2,36,614,138,101,6,859,0,0,0,859
10/27/2022,SLC,UT,ANM,WE,Towers with Radar,622,111,63,6,802,0,7,94,12,113,622,118,157,18,915,0,0,0,915
10/28/2022,SLC,UT,ANM,WE,Towers with Radar,621,118,69,5,813,0,10,100,0,110,621,128,169,5,923,0,0,0,923
10/29/2022,SLC,UT,ANM,WE,Towers with Radar,536,68,34,0,638,0,7,75,8,90,536,75,109,8,728,0,0,0,728
10/30/2022,SLC,UT,ANM,WE,Towers with Radar,537,71,26,1,635,0,5,62,0,67,537,76,88,1,702,0,0,0,702
10/31/2022,SLC,UT,ANM,WE,Towers with Radar,531,74,41,0,646,0,9,84,4,97,531,83,125,4,743,0,0,0,743
11/01/2022,SLC,UT,ANM,WE,Towers with Radar,603,99,78,4,784,0,15,26,1,42,603,114,104,5,826,0,0,0,826
11/02/2022,SLC,UT,ANM,WE,Towers with Radar,619,119,70,4,812,0,3,1,0,4,619,122,71,4,816,0,0,0,816
11/03/2022,SLC,UT,ANM,WE,Towers with Radar,612,119,58,5,794,0,14,59,2,75,612,133,117,7,869,0,0,0,869
11/04/2022,SLC,UT,ANM,WE,Towers with Radar,615,120,57,2,794,0,12,99,0,111,615,132,156,2,905,0,0,0,905
11/05/2022,SLC,UT,ANM,WE,Towers with Radar,527,67,50,2,646,1,0,6,2,9,528,67,56,4,655,0,0,0,655
11/06/2022,SLC,UT,ANM,WE,Towers with Radar,558,85,44,5,692,0,9,56,0,65,558,94,100,5,757,0,0,0,757
11/07/2022,SLC,UT,ANM,WE,Towers with Radar,558,96,65,3,722,0,11,8,1,20,558,107,73,4,742,0,0,0,742
11/08/2022,SLC,UT,ANM,WE,Towers with Radar,582,102,57,10,751,0,5,2,0,7,582,107,59,10,758,0,0,0,758
11/09/2022,SLC,UT,ANM,WE,Towers with Radar,605,100,62,3,770,0,6,4,2,12,605,106,66,5,782,0,0,0,782
11/10/2022,SLC,UT,ANM,WE,Towers with Radar,610,114,82,0,806,0,21,76,5,102,610,135,158,5,908,0,0,0,908
11/11/2022,SLC,UT,ANM,WE,Towers with Radar,613,105,62,0,780,0,4,116,0,120,613,109,178,0,900,0,0,0,900
11/12/2022,SLC,UT,ANM,WE,Towers with Radar,536,65,44,2,647,0,13,79,0,92,536,78,123,2,739,0,0,0,739
11/13/2022,SLC,UT,ANM,WE,Towers with Radar,597,68,56,0,721,0,6,51,0,57,597,74,107,0,778,0,0,0,778
11/14/2022,SLC,UT,ANM,WE,Towers with Radar,606,102,66,3,777,0,14,87,1,102,606,116,153,4,879,0,0,0,879
11/15/2022,SLC,UT,ANM,WE,Towers with Radar,609,97,58,0,764,0,8,85,2,95,609,105,143,2,859,0,0,0,859
11/16/2022,SLC,UT,ANM,WE,Towers with Radar,607,98,60,3,768,0,12,53,1,66,607,110,113,4,834,0,0,0,834
11/17/2022,SLC,UT,ANM,WE,Towers with Radar,622,102,88,4,816,0,18,86,5,109,622,120,174,9,925,0,0,0,925
11/18/2022,SLC,UT,ANM,WE,Towers with Radar,623,122,77,2,824,0,17,70,2,89,623,139,147,4,913,0,0,0,913
11/19/2022,SLC,UT,ANM,WE,Towers with Radar,536,94,56,1,687,0,14,80,1,95,536,108,136,2,782,0,0,0,782
11/20/2022,SLC,UT,ANM,WE,Towers with Radar,615,70,59,2,746,0,6,41,2,49,615,76,100,4,795,0,0,0,795
11/21/2022,SLC,UT,ANM,WE,Towers with Radar,597,106,67,3,773,0,11,60,0,71,597,117,127,3,844,0,0,0,844
11/22/2022,SLC,UT,ANM,WE,Towers with Radar,631,119,76,8,834,0,13,87,2,102,631,132,163,10,936,0,0,0,936
11/23/2022,SLC,UT,ANM,WE,Towers with Radar,629,133,81,2,845,0,19,52,2,73,629,152,133,4,918,0,0,0,918
11/24/2022,SLC,UT,ANM,WE,Towers with Radar,372,45,11,0,428,0,2,11,0,13,372,47,22,0,441,0,0,0,441
11/25/2022,SLC,UT,ANM,WE,Towers with Radar,514,107,27,0,648,0,10,66,0,76,514,117,93,0,724,0,0,0,724
11/26/2022,SLC,UT,ANM,WE,Towers with Radar,601,106,57,0,764,0,0,38,4,42,601,106,95,4,806,0,0,0,806
11/27/2022,SLC,UT,ANM,WE,Towers with Radar,621,94,83,1,799,0,6,42,1,49,621,100,125,2,848,0,0,0,848
11/28/2022,SLC,UT,ANM,WE,Towers with Radar,621,103,50,0,774,0,5,13,0,18,621,108,63,0,792,0,0,0,792
11/29/2022,SLC,UT,ANM,WE,Towers with Radar,590,121,72,9,792,0,10,55,0,65,590,131,127,9,857,24,0,24,881
11/30/2022,SLC,UT,ANM,WE,Towers with Radar,604,132,82,6,824,0,4,74,4,82,604,136,156,10,906,0,0,0,906
12/01/2022,SLC,UT,ANM,WE,Towers with Radar,623,115,72,1,811,0,16,19,6,41,623,131,91,7,852,0,0,0,852
12/02/2022,SLC,UT,ANM,WE,Towers with Radar,609,119,104,3,835,0,15,50,6,71,609,134,154,9,906,0,0,0,906
12/03/2022,SLC,UT,ANM,WE,Towers with Radar,539,77,65,0,681,0,7,63,3,73,539,84,128,3,754,0,0,0,754
12/04/2022,SLC,UT,ANM,WE,Towers with Radar,592,98,60,1,751,0,13,8,0,21,592,111,68,1,772,0,0,0,772
12/05/2022,SLC,UT,ANM,WE,Towers with Radar,599,100,98,3,800,0,9,12,0,21,599,109,110,3,821,0,0,0,821
12/06/2022,SLC,UT,ANM,WE,Towers with Radar,629,103,91,4,827,0,5,9,2,16,629,108,100,6,843,0,0,0,843
12/07/2022,SLC,UT,ANM,WE,Towers with Radar,598,120,75,7,800,0,5,5,0,10,598,125,80,7,810,0,0,0,810
12/08/2022,SLC,UT,ANM,WE,Towers with Radar,626,122,97,9,854,0,20,103,4,127,626,142,200,13,981,0,0,0,981
12/09/2022,SLC,UT,ANM,WE,Towers with Radar,617,121,70,3,811,0,7,50,2,59,617,128,120,5,870,0,0,0,870
12/10/2022,SLC,UT,ANM,WE,Towers with Radar,522,58,34,1,615,0,10,35,0,45,522,68,69,1,660,0,0,0,660
12/11/2022,SLC,UT,ANM,WE,Towers with Radar,564,85,61,0,710,0,10,4,0,14,564,95,65,0,724,0,0,0,724
12/12/2022,SLC,UT,ANM,WE,Towers with Radar,593,106,75,2,776,0,4,4,0,8,593,110,79,2,784,0,0,0,784
12/13/2022,SLC,UT,ANM,WE,Towers with Radar,584,116,67,2,769,0,0,0,0,0,584,116,67,2,769,0,0,0,769
12/14/2022,SLC,UT,ANM,WE,Towers with Radar,624,131,81,3,839,0,1,12,4,17,624,132,93,7,856,0,0,0,856
12/15/2022,SLC,UT,ANM,WE,Towers with Radar,652,142,79,2,875,0,11,18,0,29,652,153,97,2,904,0,0,0,904
12/16/2022,SLC,UT,ANM,WE,Towers with Radar,656,146,114,8,924,0,16,75,4,95,656,162,189,12,1019,0,0,0,1019
12/17/2022,SLC,UT,ANM,WE,Towers with Radar,562,104,83,0,749,0,15,66,6,87,562,119,149,6,836,0,0,0,836
12/18/2022,SLC,UT,ANM,WE,Towers with Radar,600,117,84,5,806,0,16,41,0,57,600,133,125,5,863,0,0,0,863
12/19/2022,SLC,UT,ANM,WE,Towers with Radar,605,137,76,8,826,0,11,68,3,82,605,148,144,11,908,0,0,0,908
12/20/2022,SLC,UT,ANM,WE,Towers with Radar,620,121,84,5,830,0,15,60,2,77,620,136,144,7,907,0,0,0,907
12/21/2022,SLC,UT,ANM,WE,Towers with Radar,629,147,94,5,875,0,13,10,2,25,629,160,104,7,900,0,0,0,900
12/22/2022,SLC,UT,ANM,WE,Towers with Radar,637,178,115,2,932,0,16,73,3,92,637,194,188,5,1024,0,0,0,1024
12/23/2022,SLC,UT,ANM,WE,Towers with Radar,582,162,76,0,820,1,12,28,0,41,583,174,104,0,861,0,0,0,861
12/24/2022,SLC,UT,ANM,WE,Towers with Radar,422,103,49,0,574,0,4,1,0,5,422,107,50,0,579,0,0,0,579
12/25/2022,SLC,UT,ANM,WE,Towers with Radar,376,85,34,0,495,0,0,0,0,0,376,85,34,0,495,0,0,0,495
12/26/2022,SLC,UT,ANM,WE,Towers with Radar,541,159,184,0,884,0,9,55,2,66,541,168,239,2,950,0,0,0,950
12/27/2022,SLC,UT,ANM,WE,Towers with Radar,598,179,131,8,916,0,10,6,0,16,598,189,137,8,932,0,0,0,932
12/28/2022,SLC,UT,ANM,WE,Towers with Radar,615,162,110,3,890,0,4,13,1,18,615,166,123,4,908,0,0,0,908
12/29/2022,SLC,UT,ANM,WE,Towers with Radar,609,148,94,7,858,0,8,78,4,90,609,156,172,11,948,0,0,0,948
12/30/2022,SLC,UT,ANM,WE,Towers with Radar,654,172,97,2,925,0,6,1,2,9,654,178,98,4,934,0,0,0,934
12/31/2022,SLC,UT,ANM,WE,Towers with Radar,514,131,80,1,726,0,4,2,0,6,514,135,82,1,732,0,0,0,732
01/01/2023,SLC,UT,ANM,WE,Towers with Radar,516,123,96,0,735,1,0,0,0,1,517,123,96,0,736,0,0,0,736
01/02/2023,SLC,UT,ANM,WE,Towers with Radar,606,182,232,0,1020,0,2,0,2,4,606,184,232,2,1024,0,0,0,1024
01/03/2023,SLC,UT,ANM,WE,Towers with Radar,654,186,155,3,998,0,6,12,5,23,654,192,167,8,1021,0,0,0,1021
01/04/2023,SLC,UT,ANM,WE,Towers with Radar,638,145,95,7,885,0,10,90,0,100,638,155,185,7,985,0,0,0,985
01/05/2023,SLC,UT,ANM,WE,Towers with Radar,637,147,73,4,861,0,8,35,1,44,637,155,108,5,905,0,0,0,905
01/06/2023,SLC,UT,ANM,WE,Towers with Radar,625,142,73,2,842,0,9,7,1,17,625,151,80,3,859,0,0,0,859
01/07/2023,SLC,UT,ANM,WE,Towers with Radar,554,103,60,0,717,0,7,88,4,99,554,110,148,4,816,0,0,0,816
01/08/2023,SLC,UT,ANM,WE,Towers with Radar,631,111,79,5,826,0,12,33,4,49,631,123,112,9,875,0,0,0,875
01/09/2023,SLC,UT,ANM,WE,Towers with Radar,623,99,69,0,791,0,1,22,1,24,623,100,91,1,815,0,0,0,815
01/10/2023,SLC,UT,ANM,WE,Towers with Radar,626,116,79,6,827,0,2,13,4,19,626,118,92,10,846,0,0,0,846
01/11/2023,SLC,UT,ANM,WE,Towers with Radar,600,137,107,4,848,0,6,55,11,72,600,143,162,15,920,0,0,0,920
01/12/2023,SLC,UT,ANM,WE,Towers with Radar,634,124,103,5,866,0,5,120,10,135,634,129,223,15,1001,0,0,0,1001
01/13/2023,SLC,UT,ANM,WE,Towers with Radar,631,165,123,2,921,0,9,106,10,125,631,174,229,12,1046,0,0,0,1046
01/14/2023,SLC,UT,ANM,WE,Towers with Radar,537,113,52,0,702,0,10,52,4,66,537,123,104,4,768,0,0,0,768
01/15/2023,SLC,UT,ANM,WE,Towers with Radar,552,89,50,0,691,0,6,1,0,7,552,95,51,0,698,0,0,0,698
01/16/2023,SLC,UT,ANM,WE,Towers with Radar,617,197,147,1,962,0,2,7,2,11,617,199,154,3,973,0,0,0,973
01/17/2023,SLC,UT,ANM,WE,Towers with Radar,612,127,71,8,818,0,0,0,0,0,612,127,71,8,818,0,0,0,818
01/18/2023,SLC,UT,ANM,WE,Towers with Radar,606,121,83,8,818,0,9,79,9,97,606,130,162,17,915,0,0,0,915
01/19/2023,SLC,UT,ANM,WE,Towers with Radar,637,148,106,4,895,0,4,48,3,55,637,152,154,7,950,0,0,0,950
01/20/2023,SLC,UT,ANM,WE,Towers with Radar,642,123,88,0,853,1,2,59,9,71,643,125,147,9,924,0,0,0,924
01/21/2023,SLC,UT,ANM,WE,Towers with Radar,543,100,72,1,716,0,8,75,2,85,543,108,147,3,801,0,0,0,801
01/22/2023,SLC,UT,ANM,WE,Towers with Radar,622,122,100,0,844,0,3,1,0,4,622,125,101,0,848,0,0,0,848
01/23/2023,SLC,UT,ANM,WE,Towers with Radar,627,120,63,9,819,0,20,68,0,88,627,140,131,9,907,0,0,0,907
01/24/2023,SLC,UT,ANM,WE,Towers with Radar,603,114,79,2,798,0,17,74,4,95,603,131,153,6,893,0,0,0,893
01/25/2023,SLC,UT,ANM,WE,Towers with Radar,619,128,70,6,823,0,1,5,4,10,619,129,75,10,833,0,0,0,833
01/26/2023,SLC,UT,ANM,WE,Towers with Radar,632,155,117,7,911,0,18,14,4,36,632,173,131,11,947,0,0,0,947
01/27/2023,SLC,UT,ANM,WE,Towers with Radar,646,111,99,1,857,0,2,14,0,16,646,113,113,1,873,0,0,0,873
01/28/2023,SLC,UT,ANM,WE,Towers with Radar,558,94,62,1,715,0,5,39,0,44,558,99,101,1,759,0,0,0,759
01/29/2023,SLC,UT,ANM,WE,Towers with Radar,616,134,87,0,837,0,6,0,0,6,616,140,87,0,843,0,0,0,843
01/30/2023,SLC,UT,ANM,WE,Towers with Radar,609,135,77,3,824,0,10,77,5,92,609,145,154,8,916,0,0,0,916
01/31/2023,SLC,UT,ANM,WE,Towers with Radar,604,96,71,8,779,0,7,80,6,93,604,103,151,14,872,10,0,10,882
02/01/2023,SLC,UT,ANM,WE,Towers with Radar,585,141,72,4,802,0,18,89,7,114,585,159,161,11,916,0,0,0,916
02/02/2023,SLC,UT,ANM,WE,Towers with Radar,619,130,77,6,832,0,3,70,6,79,619,133,147,12,911,0,0,0,911
02/03/2023,SLC,UT,ANM,WE,Towers with Radar,637,124,86,6,853,1,7,58,4,70,638,131,144,10,923,0,0,0,923
02/04/2023,SLC,UT,ANM,WE,Towers with Radar,564,84,71,9,728,0,6,25,2,33,564,90,96,11,761,0,0,0,761
02/05/2023,SLC,UT,ANM,WE,Towers with Radar,624,141,101,7,873,0,7,7,6,20,624,148,108,13,893,0,0,0,893
02/06/2023,SLC,UT,ANM,WE,Towers with Radar,636,155,99,4,894,0,8,15,6,29,636,163,114,10,923,0,0,0,923
02/07/2023,SLC,UT,ANM,WE,Towers with Radar,627,107,85,6,825,0,4,83,7,94,627,111,168,13,919,0,0,0,919
02/08/2023,SLC,UT,ANM,WE,Towers with Radar,625,119,75,7,826,0,6,46,9,61,625,125,121,16,887,0,0,0,887
02/09/2023,SLC,UT,ANM,WE,Towers with Radar,649,114,84,13,860,0,13,81,14,108,649,127,165,27,968,0,0,0,968
02/10/2023,SLC,UT,ANM,WE,Towers with Radar,645,120,77,4,846,0,11,79,10,100,645,131,156,14,946,0,0,0,946
02/11/2023,SLC,UT,ANM,WE,Towers with Radar,578,78,50,0,706,0,14,80,1,95,578,92,130,1,801,0,0,0,801
02/12/2023,SLC,UT,ANM,WE,Towers with Radar,557,84,62,3,706,0,3,37,1,41,557,87,99,4,747,0,0,0,747
02/13/2023,SLC,UT,ANM,WE,Towers with Radar,579,125,79,7,790,0,6,57,3,66,579,131,136,10,856,0,0,0,856
02/14/2023,SLC,UT,ANM,WE,Towers with Radar,587,103,64,2,756,0,8,32,4,44,587,111,96,6,800,0,0,0,800
02/15/2023,SLC,UT,ANM,WE,Towers with Radar,627,139,93,4,863,0,12,49,0,61,627,151,142,4,924,0,0,0,924
02/16/2023,SLC,UT,ANM,WE,Towers with Radar,652,214,196,6,1068,0,13,72,4,89,652,227,268,10,1157,0,0,0,1157
02/17/2023,SLC,UT,ANM,WE,Towers with Radar,654,236,181,0,1071,0,7,40,5,52,654,243,221,5,1123,0,0,0,1123
02/18/2023,SLC,UT,ANM,WE,Towers with Radar,577,150,98,0,825,0,6,30,1,37,577,156,128,1,862,0,0,0,862
02/19/2023,SLC,UT,ANM,WE,Towers with Radar,563,162,96,0,821,0,4,19,2,25,563,166,115,2,846,0,0,0,846
02/20/2023,SLC,UT,ANM,WE,Towers with Radar,642,186,170,1,999,0,4,24,0,28,642,190,194,1,1027,0,0,0,1027
02/21/2023,SLC,UT,ANM,WE,Towers with Radar,570,131,76,8,785,0,6,4,0,10,570,137,80,8,795,0,0,0,795
02/22/2023,SLC,UT,ANM,WE,Towers with Radar,545,98,60,0,703,0,1,0,0,1,545,99,60,0,704,0,0,0,704
02/23/2023,SLC,UT,ANM,WE,Towers with Radar,648,141,100,6,895,0,9,14,3,26,648,150,114,9,921,0,0,0,921
02/24/2023,SLC,UT,ANM,WE,Towers with Radar,650,158,93,0,901,0,20,55,5,80,650,178,148,5,981,0,0,0,981
02/25/2023,SLC,UT,ANM,WE,Towers with Radar,577,136,71,3,787,0,13,84,5,102,577,149,155,8,889,0,0,0,889
02/26/2023,SLC,UT,ANM,WE,Towers with Radar,636,118,90,0,844,0,8,6,4,18,636,126,96,4,862,0,0,0,862
02/27/2023,SLC,UT,ANM,WE,Towers with Radar,641,116,71,3,831,0,8,5,1,14,641,124,76,4,845,0,0,0,845
02/28/2023,SLC,UT,ANM,WE,Towers with Radar,630,131,68,9,838,0,10,39,4,53,630,141,107,13,891,0,0,0,891
03/01/2023,SLC,UT,ANM,WE,Towers with Radar,626,122,113,2,863,0,5,0,0,5,626,127,113,2,868,0,0,0,868
03/02/2023,SLC,UT,ANM,WE,Towers with Radar,640,160,97,3,900,0,18,91,10,119,640,178,188,13,1019,0,0,0,1019
03/03/2023,SLC,UT,ANM,WE,Towers with Radar,641,129,85,2,857,0,6,23,5,34,641,135,108,7,891,0,0,0,891
03/04/2023,SLC,UT,ANM,WE,Towers with Radar,562,107,58,4,731,0,10,14,1,25,562,117,72,5,756,0,0,0,756
03/05/2023,SLC,UT,ANM,WE,Towers with Radar,615,138,114,2,869,0,12,22,0,34,615,150,136,2,903,0,0,0,903
03/06/2023,SLC,UT,ANM,WE,Towers with Radar,653,142,103,4,902,0,17,45,2,64,653,159,148,6,966,0,0,0,966
03/07/2023,SLC,UT,ANM,WE,Towers with Radar,633,151,88,3,875,0,13,54,11,78,633,164,142,14,953,0,0,0,953
03/08/2023,SLC,UT,ANM,WE,Towers with Radar,637,113,106,5,861,1,9,32,3,45,638,122,138,8,906,0,0,0,906
03/09/2023,SLC,UT,ANM,WE,Towers with Radar,659,134,126,5,924,0,11,88,18,117,659,145,214,23,1041,0,0,0,1041
03/10/2023,SLC,UT,ANM,WE,Towers with Radar,654,143,92,1,890,0,2,1,2,5,654,145,93,3,895,0,0,0,895
03/11/2023,SLC,UT,ANM,WE,Towers with Radar,607,120,66,3,796,0,14,92,6,112,607,134,158,9,908,0,0,0,908
03/12/2023,SLC,UT,ANM,WE,Towers with Radar,613,153,113,4,883,0,6,2,0,8,613,159,115,4,891,0,0,0,891
03/13/2023,SLC,UT,ANM,WE,Towers with Radar,657,161,74,1,893,0,11,67,5,83,657,172,141,6,976,0,0,0,976
03/14/2023,SLC,UT,ANM,WE,Towers with Radar,647,131,62,5,845,0,10,11,8,29,647,141,73,13,874,0,0,0,874
03/15/2023,SLC,UT,ANM,WE,Towers with Radar,659,130,79,5,873,0,7,24,6,37,659,137,103,11,910,0,0,0,910
03/16/2023,SLC,UT,ANM,WE,Towers with Radar,646,133,78,8,865,0,23,86,10,119,646,156,164,18,984,18,0,18,1002
03/17/2023,SLC,UT,ANM,WE,Towers with Radar,651,124,77,1,853,0,21,108,8,137,651,145,185,9,990,36,0,36,1026
03/18/2023,SLC,UT,ANM,WE,Towers with Radar,599,135,64,1,799,0,9,87,7,103,599,144,151,8,902,0,0,0,902
03/19/2023,SLC,UT,ANM,WE,Towers with Radar,627,127,106,1,861,0,8,27,8,43,627,135,133,9,904,0,0,0,904
03/20/2023,SLC,UT,ANM,WE,Towers with Radar,642,133,80,8,863,0,4,6,1,11,642,137,86,9,874,0,0,0,874
03/21/2023,SLC,UT,ANM,WE,Towers with Radar,643,103,76,7,829,0,10,42,4,56,643,113,118,11,885,0,0,0,885
03/22/2023,SLC,UT,ANM,WE,Towers with Radar,649,119,81,8,857,0,4,4,0,8,649,123,85,8,865,0,0,0,865
03/23/2023,SLC,UT,ANM,WE,Towers with Radar,662,146,105,8,921,0,7,12,7,26,662,153,117,15,947,0,0,0,947
03/24/2023,SLC,UT,ANM,WE,Towers with Radar,658,138,76,0,872,0,1,1,6,8,658,139,77,6,880,0,0,0,880
03/25/2023,SLC,UT,ANM,WE,Towers with Radar,584,99,67,1,751,0,13,6,0,19,584,112,73,1,770,0,0,0,770
03/26/2023,SLC,UT,ANM,WE,Towers with Radar,591,137,100,0,828,0,4,6,0,10,591,141,106,0,838,0,0,0,838
03/27/2023,SLC,UT,ANM,WE,Towers with Radar,634,108,87,0,829,0,11,46,7,64,634,119,133,7,893,0,0,0,893
03/28/2023,SLC,UT,ANM,WE,Towers with Radar,636,97,70,7,810,0,10,83,12,105,636,107,153,19,915,0,0,0,915
03/29/2023,SLC,UT,ANM,WE,Towers with Radar,605,121,72,3,801,0,4,17,2,23,605,125,89,5,824,0,0,0,824
03/30/2023,SLC,UT,ANM,WE,Towers with Radar,658,141,82,5,886,0,4,0,2,6,658,145,82,7,892,0,0,0,892
03/31/2023,SLC,UT,ANM,WE,Towers with Radar,641,125,84,1,851,0,3,20,1,24,641,128,104,2,875,0,0,0,875
04/01/2023,SLC,UT,ANM,WE,Towers with Radar,556,99,52,5,712,0,7,47,1,55,556,106,99,6,767,0,0,0,767
04/02/2023,SLC,UT,ANM,WE,Towers with Radar,592,105,86,0,783,0,13,23,1,37,592,118,109,1,820,0,0,0,820
04/03/2023,SLC,UT,ANM,WE,Towers with Radar,641,91,44,0,776,0,0,0,0,0,641,91,44,0,776,0,0,0,776
04/04/2023,SLC,UT,ANM,WE,Towers with Radar,619,89,58,0,766,0,0,0,1,1,619,89,58,1,767,0,0,0,767
04/05/2023,SLC,UT,ANM,WE,Towers with Radar,619,108,66,5,798,0,13,36,10,59,619,121,102,15,857,0,0,0,857
04/06/2023,SLC,UT,ANM,WE,Towers with Radar,652,115,84,4,855,0,5,117,11,133,652,120,201,15,988,0,0,0,988
04/07/2023,SLC,UT,ANM,WE,Towers with Radar,647,112,71,0,830,0,9,96,0,105,647,121,167,0,935,0,0,0,935
04/08/2023,SLC,UT,ANM,WE,Towers with Radar,583,90,60,0,733,0,5,75,0,80,583,95,135,0,813,0,0,0,813
04/09/2023,SLC,UT,ANM,WE,Towers with Radar,613,110,63,1,787,0,6,53,0,59,613,116,116,1,846,0,0,0,846
04/10/2023,SLC,UT,ANM,WE,Towers with Radar,615,103,96,5,819,0,5,102,7,114,615,108,198,12,933,0,0,0,933
04/11/2023,SLC,UT,ANM,WE,Towers with Radar,621,105,57,6,789,0,12,64,4,80,621,117,121,10,869,0,0,0,869
04/12/2023,SLC,UT,ANM,WE,Towers with Radar,632,96,74,4,806,0,6,42,8,56,632,102,116,12,862,0,0,0,862
04/13/2023,SLC,UT,ANM,WE,Towers with Radar,639,114,65,5,823,0,3,26,8,37,639,117,91,13,860,0,0,0,860
04/14/2023,SLC,UT,ANM,WE,Towers with Radar,638,92,67,5,802,0,11,86,3,100,638,103,153,8,902,0,0,0,902
04/15/2023,SLC,UT,ANM,WE,Towers with Radar,531,85,48,4,668,0,10,89,5,104,531,95,137,9,772,0,0,0,772
04/16/2023,SLC,UT,ANM,WE,Towers with Radar,602,81,54,0,737,0,17,68,1,86,602,98,122,1,823,0,0,0,823
04/17/2023,SLC,UT,ANM,WE,Towers with Radar,626,74,57,5,762,0,13,60,4,77,626,87,117,9,839,0,0,0,839
04/18/2023,SLC,UT,ANM,WE,Towers with Radar,626,89,80,5,800,0,8,4,5,17,626,97,84,10,817,0,0,0,817
04/19/2023,SLC,UT,ANM,WE,Towers with Radar,640,97,71,7,815,0,12,106,12,130,640,109,177,19,945,0,0,0,945
04/20/2023,SLC,UT,ANM,WE,Towers with Radar,622,130,89,4,845,0,9,43,5,57,622,139,132,9,902,0,0,0,902
04/21/2023,SLC,UT,ANM,WE,Towers with Radar,641,106,60,3,810,0,6,25,2,33,641,112,85,5,843,0,0,0,843
04/22/2023,SLC,UT,ANM,WE,Towers with Radar,541,69,33,1,644,0,11,65,4,80,541,80,98,5,724,0,0,0,724
04/23/2023,SLC,UT,ANM,WE,Towers with Radar,601,83,51,0,735,0,2,52,2,56,601,85,103,2,791,0,0,0,791
04/24/2023,SLC,UT,ANM,WE,Towers with Radar,623,80,34,6,743,0,15,24,8,47,623,95,58,14,790,0,0,0,790
04/25/2023,SLC,UT,ANM,WE,Towers with Radar,650,107,51,6,814,0,21,32,6,59,650,128,83,12,873,0,0,0,873
04/26/2023,SLC,UT,ANM,WE,Towers with Radar,626,105,66,7,804,0,19,119,4,142,626,124,185,11,946,0,0,0,946
04/27/2023,SLC,UT,ANM,WE,Towers with Radar,638,110,50,3,801,1,11,79,11,102,639,121,129,14,903,0,0,0,903
04/28/2023,SLC,UT,ANM,WE,Towers with Radar,638,100,53,5,796,0,5,83,4,92,638,105,136,9,888,40,0,40,928
04/29/2023,SLC,UT,ANM,WE,Towers with Radar,551,72,28,3,654,0,11,104,2,117,551,83,132,5,771,0,0,0,771
04/30/2023,SLC,UT,ANM,WE,Towers with Radar,582,61,46,5,694,0,5,80,2,87,582,66,126,7,781,0,0,0,781
05/01/2023,SLC,UT,ANM,WE,Towers with Radar,625,75,46,9,755,0,7,32,6,45,625,82,78,15,800,22,0,22,822
05/02/2023,SLC,UT,ANM,WE,Towers with Radar,628,97,55,10,790,0,12,33,36,81,628,109,88,46,871,0,0,0,871
05/03/2023,SLC,UT,ANM,WE,Towers with Radar,629,94,58,7,788,0,12,31,43,86,629,106,89,50,874,0,0,0,874
05/04/2023,SLC,UT,ANM,WE,Towers with Radar,642,103,63,7,815,0,7,18,7,32,642,110,81,14,847,0,0,0,847
05/05/2023,SLC,UT,ANM,WE,Towers with Radar,636,98,65,3,802,0,9,36,15,60,636,107,101,18,862,0,0,0,862
05/06/2023,SLC,UT,ANM,WE,Towers with Radar,544,62,37,0,643,0,14,22,13,49,544,76,59,13,692,0,0,0,692
05/07/2023,SLC,UT,ANM,WE,Towers with Radar,579,72,36,1,688,0,6,19,12,37,579,78,55,13,725,0,0,0,725
05/08/2023,SLC,UT,ANM,WE,Towers with Radar,629,103,51,4,787,0,8,33,18,59,629,111,84,22,846,0,0,0,846
05/09/2023,SLC,UT,ANM,WE,Towers with Radar,629,89,49,8,775,0,8,33,51,92,629,97,82,59,867,0,0,0,867
05/10/2023,SLC,UT,ANM,WE,Towers with Radar,614,103,87,10,814,0,5,21,28,54,614,108,108,38,868,0,0,0,868
05/11/2023,SLC,UT,ANM,WE,Towers with Radar,651,113,67,8,839,0,8,30,60,98,651,121,97,68,937,0,0,0,937
05/12/2023,SLC,UT,ANM,WE,Towers with Radar,636,110,49,2,797,1,14,64,27,106,637,124,113,29,903,0,0,0,903
05/13/2023,SLC,UT,ANM,WE,Towers with Radar,532,74,39,0,645,0,5,17,7,29,532,79,56,7,674,0,0,0,674
05/14/2023,SLC,UT,ANM,WE,Towers with Radar,578,53,29,1,661,0,1,11,8,20,578,54,40,9,681,0,0,0,681
05/15/2023,SLC,UT,ANM,WE,Towers with Radar,626,99,56,12,793,0,10,36,34,80,626,109,92,46,873,74,0,74,947
05/16/2023,SLC,UT,ANM,WE,Towers with Radar,629,115,68,4,816,0,8,42,45,95,629,123,110,49,911,16,0,16,927
05/17/2023,SLC,UT,ANM,WE,Towers with Radar,633,110,70,4,817,0,16,37,19,72,633,126,107,23,889,0,0,0,889
05/18/2023,SLC,UT,ANM,WE,Towers with Radar,634,107,57,8,806,0,10,61,40,111,634,117,118,48,917,0,0,0,917
05/19/2023,SLC,UT,ANM,WE,Towers with Radar,639,93,60,1,793,0,16,55,50,121,639,109,115,51,914,10,0,10,924
05/20/2023,SLC,UT,ANM,WE,Towers with Radar,541,63,35,4,643,0,5,44,36,85,541,68,79,40,728,48,0,48,776
05/21/2023,SLC,UT,ANM,WE,Towers with Radar,594,73,51,1,719,0,8,34,18,60,594,81,85,19,779,0,0,0,779
05/22/2023,SLC,UT,ANM,WE,Towers with Radar,626,96,45,9,776,0,12,27,28,67,626,108,72,37,843,0,0,0,843
05/23/2023,SLC,UT,ANM,WE,Towers with Radar,622,96,69,7,794,0,7,29,29,65,622,103,98,36,859,0,0,0,859
05/24/2023,SLC,UT,ANM,WE,Towers with Radar,626,99,64,3,792,0,10,25,30,65,626,109,89,33,857,14,0,14,871
05/25/2023,SLC,UT,ANM,WE,Towers with Radar,647,122,70,4,843,0,15,33,36,84,647,137,103,40,927,0,0,0,927
05/26/2023,SLC,UT,ANM,WE,Towers with Radar,646,113,73,0,832,0,11,31,15,57,646,124,104,15,889,0,0,0,889
05/27/2023,SLC,UT,ANM,WE,Towers with Radar,532,80,37,0,649,0,11,26,24,61,532,91,63,24,710,10,0,10,720
05/28/2023,SLC,UT,ANM,WE,Towers with Radar,530,68,22,0,620,1,4,23,21,49,531,72,45,21,669,0,0,0,669
05/29/2023,SLC,UT,ANM,WE,Towers with Radar,616,91,59,2,768,0,6,42,13,61,616,97,101,15,829,0,0,0,829
05/30/2023,SLC,UT,ANM,WE,Towers with Radar,598,80,54,8,740,0,13,61,36,110,598,93,115,44,850,0,0,0,850
05/31/2023,SLC,UT,ANM,WE,Towers with Radar,648,106,64,6,824,0,16,28,39,83,648,122,92,45,907,0,0,0,907
06/01/2023,SLC,UT,ANM,WE,Towers with Radar,647,110,57,6,820,0,11,34,30,75,647,121,91,36,895,0,0,0,895
06/02/2023,SLC,UT,ANM,WE,Towers with Radar,642,118,48,2,810,0,16,26,13,55,642,134,74,15,865,0,0,0,865
06/03/2023,SLC,UT,ANM,WE,Towers with Radar,555,67,26,1,649,0,5,35,19,59,555,72,61,20,708,0,0,0,708
06/04/2023,SLC,UT,ANM,WE,Towers with Radar,605,78,46,0,729,0,6,30,25,61,605,84,76,25,790,0,0,0,790
06/05/2023,SLC,UT,ANM,WE,Towers with Radar,642,90,45,6,783,0,13,30,41,84,642,103,75,47,867,0,0,0,867
06/06/2023,SLC,UT,ANM,WE,Towers with Radar,632,93,55,9,789,0,9,24,29,62,632,102,79,38,851,0,0,0,851
06/07/2023,SLC,UT,ANM,WE,Towers with Radar,675,96,65,5,841,0,11,39,35,85,675,107,104,40,926,0,0,0,926
06/08/2023,SLC,UT,ANM,WE,Towers with Radar,669,107,70,1,847,1,19,44,43,107,670,126,114,44,954,0,0,0,954
06/09/2023,SLC,UT,ANM,WE,Towers with Radar,659,100,48,4,811,0,17,49,27,93,659,117,97,31,904,0,0,0,904
06/10/2023,SLC,UT,ANM,WE,Towers with Radar,614,83,30,1,728,0,9,44,23,76,614,92,74,24,804,0,0,0,804
06/11/2023,SLC,UT,ANM,WE,Towers with Radar,611,84,50,3,748,0,5,26,21,52,611,89,76,24,800,0,0,0,800
06/12/2023,SLC,UT,ANM,WE,Towers with Radar,640,100,54,5,799,0,11,29,20,60,640,111,83,25,859,0,0,0,859
06/13/2023,SLC,UT,ANM,WE,Towers with Radar,637,89,59,5,790,0,22,48,41,111,637,111,107,46,901,0,0,0,901
06/14/2023,SLC,UT,ANM,WE,Towers with Radar,644,116,75,17,852,0,7,29,32,68,644,123,104,49,920,0,0,0,920
06/15/2023,SLC,UT,ANM,WE,Towers with Radar,656,126,84,1,867,0,8,40,22,70,656,134,124,23,937,0,0,0,937
06/16/2023,SLC,UT,ANM,WE,Towers with Radar,658,91,61,4,814,0,20,57,44,121,658,111,118,48,935,0,0,0,935
06/17/2023,SLC,UT,ANM,WE,Towers with Radar,613,76,39,2,730,0,17,52,27,96,613,93,91,29,826,0,0,0,826
06/18/2023,SLC,UT,ANM,WE,Towers with Radar,609,81,40,2,732,0,12,17,3,32,609,93,57,5,764,0,0,0,764
06/19/2023,SLC,UT,ANM,WE,Towers with Radar,642,86,49,1,778,0,7,14,13,34,642,93,63,14,812,0,0,0,812
06/20/2023,SLC,UT,ANM,WE,Towers with Radar,646,114,69,6,835,0,21,51,43,115,646,135,120,49,950,0,0,0,950
06/21/2023,SLC,UT,ANM,WE,Towers with Radar,664,109,76,9,858,0,12,64,26,102,664,121,140,35,960,0,0,0,960
06/22/2023,SLC,UT,ANM,WE,Towers with Radar,676,131,75,12,894,0,19,59,50,128,676,150,134,62,1022,0,0,0,1022
06/23/2023,SLC,UT,ANM,WE,Towers with Radar,657,104,49,6,816,0,14,44,13,71,657,118,93,19,887,42,0,42,929
06/24/2023,SLC,UT,ANM,WE,Towers with Radar,601,83,46,6,736,0,7,66,23,96,601,90,112,29,832,0,0,0,832
06/25/2023,SLC,UT,ANM,WE,Towers with Radar,622,79,48,5,754,0,0,39,11,50,622,79,87,16,804,0,0,0,804
06/26/2023,SLC,UT,ANM,WE,Towers with Radar,634,99,55,3,791,0,13,59,19,91,634,112,114,22,882,0,0,0,882
06/27/2023,SLC,UT,ANM,WE,Towers with Radar,638,79,71,7,795,0,12,86,10,108,638,91,157,17,903,0,0,0,903
06/28/2023,SLC,UT,ANM,WE,Towers with Radar,633,105,68,8,814,0,10,60,17,87,633,115,128,25,901,0,0,0,901
06/29/2023,SLC,UT,ANM,WE,Towers with Radar,647,121,73,3,844,0,9,74,10,93,647,130,147,13,937,0,0,0,937
06/30/2023,SLC,UT,ANM,WE,Towers with Radar,670,108,84,2,864,0,14,72,11,97,670,122,156,13,961,0,0,0,961
07/01/2023,SLC,UT,ANM,WE,Towers with Radar,648,84,50,0,782,0,12,56,3,71,648,96,106,3,853,0,0,0,853
07/02/2023,SLC,UT,ANM,WE,Towers with Radar,594,74,27,0,695,0,8,28,5,41,594,82,55,5,736,0,0,0,736
07/03/2023,SLC,UT,ANM,WE,Towers with Radar,583,80,34,1,698,0,9,53,5,67,583,89,87,6,765,0,0,0,765
07/04/2023,SLC,UT,ANM,WE,Towers with Radar,556,66,14,0,636,0,5,44,0,49,556,71,58,0,685,0,0,0,685
07/05/2023,SLC,UT,ANM,WE,Towers with Radar,650,107,57,3,817,0,3,72,5,80,650,110,129,8,897,0,0,0,897
07/06/2023,SLC,UT,ANM,WE,Towers with Radar,663,124,65,5,857,0,14,57,15,86,663,138,122,20,943,0,0,0,943
07/07/2023,SLC,UT,ANM,WE,Towers with Radar,632,115,54,2,803,0,6,63,1,70,632,121,117,3,873,0,0,0,873
07/08/2023,SLC,UT,ANM,WE,Towers with Radar,637,85,40,0,762,0,16,44,7,67,637,101,84,7,829,0,0,0,829
07/09/2023,SLC,UT,ANM,WE,Towers with Radar,628,85,52,2,767,0,9,43,1,53,628,94,95,3,820,0,0,0,820
07/10/2023,SLC,UT,ANM,WE,Towers with Radar,668,90,75,2,835,0,8,51,6,65,668,98,126,8,900,0,0,0,900
07/11/2023,SLC,UT,ANM,WE,Towers with Radar,672,100,77,4,853,0,17,71,5,93,672,117,148,9,946,0,0,0,946
07/12/2023,SLC,UT,ANM,WE,Towers with Radar,664,123,64,7,858,0,13,80,9,102,664,136,144,16,960,0,0,0,960
07/13/2023,SLC,UT,ANM,WE,Towers with Radar,681,125,72,8,886,0,14,67,11,92,681,139,139,19,978,0,0,0,978
07/14/2023,SLC,UT,ANM,WE,Towers with Radar,669,119,58,2,848,0,9,69,4,82,669,128,127,6,930,0,0,0,930
07/15/2023,SLC,UT,ANM,WE,Towers with Radar,650,71,43,3,767,0,21,70,10,101,650,92,113,13,868,40,0,40,908
07/16/2023,SLC,UT,ANM,WE,Towers with Radar,630,100,67,2,799,0,7,36,4,47,630,107,103,6,846,0,0,0,846
07/17/2023,SLC,UT,ANM,WE,Towers with Radar,645,109,56,5,815,0,15,55,8,78,645,124,111,13,893,0,0,0,893
07/18/2023,SLC,UT,ANM,WE,Towers with Radar,657,87,65,2,811,0,9,50,19,78,657,96,115,21,889,0,0,0,889
07/19/2023,SLC,UT,ANM,WE,Towers with Radar,676,122,79,6,883,0,12,63,7,82,676,134,142,13,965,0,0,0,965
07/20/2023,SLC,UT,ANM,WE,Towers with Radar,660,118,92,7,877,0,9,83,13,105,660,127,175,20,982,32,0,32,1014
07/21/2023,SLC,UT,ANM,WE,Towers with Radar,673,115,69,1,858,0,9,74,2,85,673,124,143,3,943,0,0,0,943
07/22/2023,SLC,UT,ANM,WE,Towers with Radar,659,75,52,1,787,0,8,60,7,75,659,83,112,8,862,0,0,0,862
07/23/2023,SLC,UT,ANM,WE,Towers with Radar,656,95,66,1,818,0,3,36,1,40,656,98,102,2,858,0,0,0,858
07/24/2023,SLC,UT,ANM,WE,Towers with Radar,662,108,51,3,824,0,2,46,0,48,662,110,97,3,872,0,0,0,872
07/25/2023,SLC,UT,ANM,WE,Towers with Radar,683,103,47,4,837,0,17,67,6,90,683,120,114,10,927,0,0,0,927
07/26/2023,SLC,UT,ANM,WE,Towers with Radar,658,125,74,10,867,0,9,53,9,71,658,134,127,19,938,0,0,0,938
07/27/2023,SLC,UT,ANM,WE,Towers with Radar,694,115,63,7,879,0,11,38,8,57,694,126,101,15,936,0,0,0,936
07/28/2023,SLC,UT,ANM,WE,Towers with Radar,660,101,70,0,831,0,4,80,4,88,660,105,150,4,919,0,0,0,919
07/29/2023,SLC,UT,ANM,WE,Towers with Radar,654,94,62,1,811,0,7,44,8,59,654,101,106,9,870,0,0,0,870
07/30/2023,SLC,UT,ANM,WE,Towers with Radar,654,91,57,0,802,0,10,35,7,52,654,101,92,7,854,0,0,0,854
07/31/2023,SLC,UT,ANM,WE,Towers with Radar,648,105,52,5,810,0,8,35,12,55,648,113,87,17,865,40,0,40,905
08/01/2023,SLC,UT,ANM,WE,Towers with Radar,670,117,63,6,856,0,4,34,9,47,670,121,97,15,903,26,0,26,929
08/02/2023,SLC,UT,ANM,WE,Towers with Radar,649,120,68,5,842,0,4,30,7,41,649,124,98,12,883,0,0,0,883
08/03/2023,SLC,UT,ANM,WE,Towers with Radar,685,118,71,4,878,0,8,25,6,39,685,126,96,10,917,0,0,0,917
08/04/2023,SLC,UT,ANM,WE,Towers with Radar,674,112,63,6,855,0,7,72,11,90,674,119,135,17,945,0,0,0,945
08/05/2023,SLC,UT,ANM,WE,Towers with Radar,638,82,50,4,774,0,12,52,16,80,638,94,102,20,854,0,0,0,854
08/06/2023,SLC,UT,ANM,WE,Towers with Radar,629,78,58,5,770,0,11,49,5,65,629,89,107,10,835,0,0,0,835
08/07/2023,SLC,UT,ANM,WE,Towers with Radar,618,97,48,3,766,0,6,70,1,77,618,103,118,4,843,0,0,0,843
08/08/2023,SLC,UT,ANM,WE,Towers with Radar,661,109,78,8,856,0,13,91,12,116,661,122,169,20,972,0,0,0,972
08/09/2023,SLC,UT,ANM,WE,Towers with Radar,647,99,45,5,796,0,13,49,4,66,647,112,94,9,862,0,0,0,862
08/10/2023,SLC,UT,ANM,WE,Towers with Radar,667,95,44,9,815,0,10,26,5,41,667,105,70,14,856,0,0,0,856
08/11/2023,SLC,UT,ANM,WE,Towers with Radar,681,109,55,8,853,0,15,68,6,89,681,124,123,14,942,0,0,0,942
08/12/2023,SLC,UT,ANM,WE,Towers with Radar,629,89,45,1,764,0,12,47,4,63,629,101,92,5,827,0,0,0,827
08/13/2023,SLC,UT,ANM,WE,Towers with Radar,646,82,45,3,776,0,6,56,4,66,646,88,101,7,842,0,0,0,842
08/14/2023,SLC,UT,ANM,WE,Towers with Radar,654,102,65,9,830,0,12,66,11,89,654,114,131,20,919,0,0,0,919
08/15/2023,SLC,UT,ANM,WE,Towers with Radar,639,93,55,11,798,0,18,84,6,108,639,111,139,17,906,0,0,0,906
08/16/2023,SLC,UT,ANM,WE,Towers with Radar,653,90,69,11,823,0,11,92,11,114,653,101,161,22,937,0,0,0,937
08/17/2023,SLC,UT,ANM,WE,Towers with Radar,662,103,70,2,837,0,12,44,6,62,662,115,114,8,899,0,0,0,899
08/18/2023,SLC,UT,ANM,WE,Towers with Radar,674,103,53,6,836,0,10,67,2,79,674,113,120,8,915,0,0,0,915
08/19/2023,SLC,UT,ANM,WE,Towers with Radar,642,78,33,2,755,0,13,60,0,73,642,91,93,2,828,0,0,0,828
08/20/2023,SLC,UT,ANM,WE,Towers with Radar,642,86,61,2,791,0,7,26,3,36,642,93,87,5,827,0,0,0,827
08/21/2023,SLC,UT,ANM,WE,Towers with Radar,652,110,58,5,825,0,7,19,10,36,652,117,77,15,861,0,0,0,861
08/22/2023,SLC,UT,ANM,WE,Towers with Radar,651,105,60,4,820,0,3,21,1,25,651,108,81,5,845,0,0,0,845
08/23/2023,SLC,UT,ANM,WE,Towers with Radar,643,115,61,4,823,0,13,71,10,94,643,128,132,14,917,0,0,0,917
08/24/2023,SLC,UT,ANM,WE,Towers with Radar,655,105,73,4,837,0,19,70,13,102,655,124,143,17,939,0,0,0,939
08/25/2023,SLC,UT,ANM,WE,Towers with Radar,665,94,59,7,825,0,14,89,8,111,665,108,148,15,936,0,0,0,936
08/26/2023,SLC,UT,ANM,WE,Towers with Radar,641,74,40,3,758,0,3,51,4,58,641,77,91,7,816,0,0,0,816
08/27/2023,SLC,UT,ANM,WE,Towers with Radar,636,106,60,0,802,0,13,44,3,60,636,119,104,3,862,0,0,0,862
08/28/2023,SLC,UT,ANM,WE,Towers with Radar,631,87,66,8,792,0,14,84,2,100,631,101,150,10,892,0,0,0,892
08/29/2023,SLC,UT,ANM,WE,Towers with Radar,637,83,66,10,796,0,14,53,6,73,637,97,119,16,869,0,0,0,869
08/30/2023,SLC,UT,ANM,WE,Towers with Radar,631,99,72,6,808,0,13,84,11,108,631,112,156,17,916,0,0,0,916
08/31/2023,SLC,UT,ANM,WE,Towers with Radar,672,107,89,4,872,0,12,75,5,92,672,119,164,9,964,0,0,0,964
