01/01/2020,SLE,OR,ANM,WE,Federal Contract Tower,0,0,2,0,2,0,0,5,0,5,0,0,7,0,7,18,0,18,25
01/02/2020,SLE,OR,ANM,WE,Federal Contract Tower,0,4,6,0,10,0,10,18,0,28,0,14,24,0,38,28,0,28,66
01/03/2020,SLE,OR,ANM,WE,Federal Contract Tower,0,9,16,0,25,0,8,59,6,73,0,17,75,6,98,32,14,46,144
01/04/2020,SLE,OR,ANM,WE,Federal Contract Tower,0,0,9,0,9,0,0,18,0,18,0,0,27,0,27,2,0,2,29
01/05/2020,SLE,OR,ANM,WE,Federal Contract Tower,0,0,6,0,6,0,0,4,0,4,0,0,10,0,10,0,0,0,10
01/06/2020,SLE,OR,ANM,WE,Federal Contract Tower,0,6,5,0,11,0,0,0,0,0,0,6,5,0,11,0,0,0,11
01/07/2020,SLE,OR,ANM,WE,Federal Contract Tower,0,4,8,4,16,0,7,7,7,21,0,11,15,11,37,0,128,128,165
01/08/2020,SLE,OR,ANM,WE,Federal Contract Tower,0,4,1,1,6,0,0,10,5,15,0,4,11,6,21,18,34,52,73
01/09/2020,SLE,OR,ANM,WE,Federal Contract Tower,0,7,10,2,19,0,5,3,5,13,0,12,13,7,32,2,80,82,114
01/10/2020,SLE,OR,ANM,WE,Federal Contract Tower,0,8,3,0,11,0,2,1,5,8,0,10,4,5,19,4,10,14,33
01/11/2020,SLE,OR,ANM,WE,Federal Contract Tower,0,0,1,0,1,0,0,10,0,10,0,0,11,0,11,56,0,56,67
01/12/2020,SLE,OR,ANM,WE,Federal Contract Tower,0,0,1,0,1,0,0,4,0,4,0,0,5,0,5,0,0,0,5
01/13/2020,SLE,OR,ANM,WE,Federal Contract Tower,0,6,4,0,10,0,0,0,0,0,0,6,4,0,10,0,0,0,10
01/14/2020,SLE,OR,ANM,WE,Federal Contract Tower,0,6,7,2,15,0,7,20,3,30,0,13,27,5,45,12,0,12,57
01/15/2020,SLE,OR,ANM,WE,Federal Contract Tower,0,4,5,0,9,0,7,9,3,19,0,11,14,3,28,0,10,10,38
01/16/2020,SLE,OR,ANM,WE,Federal Contract Tower,0,9,2,5,16,0,2,10,3,15,0,11,12,8,31,14,12,26,57
01/17/2020,SLE,OR,ANM,WE,Federal Contract Tower,0,5,5,2,12,0,2,3,6,11,0,7,8,8,23,2,2,4,27
01/18/2020,SLE,OR,ANM,WE,Federal Contract Tower,0,2,2,0,4,0,0,2,0,2,0,2,4,0,6,0,0,0,6
01/19/2020,SLE,OR,ANM,WE,Federal Contract Tower,0,0,9,0,9,0,1,10,0,11,0,1,19,0,20,32,0,32,52
01/20/2020,SLE,OR,ANM,WE,Federal Contract Tower,0,9,10,2,21,0,6,6,0,12,0,15,16,2,33,32,0,32,65
01/21/2020,SLE,OR,ANM,WE,Federal Contract Tower,0,6,8,0,14,0,3,8,9,20,0,9,16,9,34,12,46,58,92
01/22/2020,SLE,OR,ANM,WE,Federal Contract Tower,0,5,5,0,10,0,0,3,0,3,0,5,8,0,13,2,0,2,15
01/23/2020,SLE,OR,ANM,WE,Federal Contract Tower,0,5,12,6,23,0,6,11,2,19,0,11,23,8,42,8,0,8,50
01/24/2020,SLE,OR,ANM,WE,Federal Contract Tower,0,4,12,5,21,0,5,51,1,57,0,9,63,6,78,14,0,14,92
01/25/2020,SLE,OR,ANM,WE,Federal Contract Tower,0,0,16,0,16,0,0,58,0,58,0,0,74,0,74,72,0,72,146
01/26/2020,SLE,OR,ANM,WE,Federal Contract Tower,0,0,5,0,5,0,0,18,0,18,0,0,23,0,23,28,0,28,51
01/27/2020,SLE,OR,ANM,WE,Federal Contract Tower,0,2,4,8,14,0,4,17,16,37,0,6,21,24,51,28,16,44,95
01/29/2020,SLE,OR,ANM,WE,Federal Contract Tower,0,6,10,3,19,0,0,10,4,14,0,6,20,7,33,16,0,16,49
01/30/2020,SLE,OR,ANM,WE,Federal Contract Tower,0,5,22,1,28,0,12,51,11,74,0,17,73,12,102,64,24,88,190
01/31/2020,SLE,OR,ANM,WE,Federal Contract Tower,0,4,14,2,20,0,2,42,6,50,0,6,56,8,70,18,8,26,96
02/01/2020,SLE,OR,ANM,WE,Federal Contract Tower,0,0,18,0,18,0,0,9,0,9,0,0,27,0,27,2,0,2,29
02/02/2020,SLE,OR,ANM,WE,Federal Contract Tower,0,0,7,0,7,0,2,41,0,43,0,2,48,0,50,48,2,50,100
02/03/2020,SLE,OR,ANM,WE,Federal Contract Tower,0,5,9,3,17,0,7,44,3,54,0,12,53,6,71,28,2,30,101
02/04/2020,SLE,OR,ANM,WE,Federal Contract Tower,0,4,8,1,13,0,9,51,14,74,0,13,59,15,87,48,4,52,139
02/05/2020,SLE,OR,ANM,WE,Federal Contract Tower,0,4,11,2,17,0,0,1,0,1,0,4,12,2,18,0,32,32,50
02/06/2020,SLE,OR,ANM,WE,Federal Contract Tower,0,6,9,4,19,0,6,13,15,34,0,12,22,19,53,10,10,20,73
02/07/2020,SLE,OR,ANM,WE,Federal Contract Tower,0,5,11,5,21,0,0,7,0,7,0,5,18,5,28,14,0,14,42
02/08/2020,SLE,OR,ANM,WE,Federal Contract Tower,0,1,1,0,2,0,0,26,11,37,0,1,27,11,39,48,52,100,139
02/09/2020,SLE,OR,ANM,WE,Federal Contract Tower,0,3,7,0,10,0,0,63,3,66,0,3,70,3,76,78,202,280,356
02/10/2020,SLE,OR,ANM,WE,Federal Contract Tower,0,5,30,2,37,0,6,54,14,74,0,11,84,16,111,56,32,88,199
02/11/2020,SLE,OR,ANM,WE,Federal Contract Tower,0,5,4,0,9,0,9,28,8,45,0,14,32,8,54,40,24,64,118
02/12/2020,SLE,OR,ANM,WE,Federal Contract Tower,0,2,14,8,24,0,2,14,7,23,0,4,28,15,47,20,28,48,95
02/13/2020,SLE,OR,ANM,WE,Federal Contract Tower,0,7,14,4,25,0,0,0,0,0,0,7,14,4,25,0,8,8,33
02/14/2020,SLE,OR,ANM,WE,Federal Contract Tower,0,3,6,2,11,0,15,25,1,41,0,18,31,3,52,10,0,10,62
02/15/2020,SLE,OR,ANM,WE,Federal Contract Tower,0,2,4,0,6,0,0,0,0,0,0,2,4,0,6,0,0,0,6
02/16/2020,SLE,OR,ANM,WE,Federal Contract Tower,0,2,11,0,13,0,0,34,0,34,0,2,45,0,47,4,0,4,51
02/17/2020,SLE,OR,ANM,WE,Federal Contract Tower,0,3,21,0,24,0,1,50,0,51,0,4,71,0,75,28,0,28,103
02/18/2020,SLE,OR,ANM,WE,Federal Contract Tower,0,0,22,4,26,0,14,70,4,88,0,14,92,8,114,40,4,44,158
02/19/2020,SLE,OR,ANM,WE,Federal Contract Tower,0,4,20,0,24,0,9,101,4,114,0,13,121,4,138,76,8,84,222
02/20/2020,SLE,OR,ANM,WE,Federal Contract Tower,0,3,15,3,21,0,9,102,4,115,0,12,117,7,136,106,12,118,254
02/21/2020,SLE,OR,ANM,WE,Federal Contract Tower,0,6,9,0,15,0,21,87,5,113,0,27,96,5,128,64,26,90,218
02/22/2020,SLE,OR,ANM,WE,Federal Contract Tower,0,2,5,0,7,0,0,62,0,62,0,2,67,0,69,80,0,80,149
02/24/2020,SLE,OR,ANM,WE,Federal Contract Tower,0,3,11,4,18,0,3,48,15,66,0,6,59,19,84,92,16,108,192
02/25/2020,SLE,OR,ANM,WE,Federal Contract Tower,0,11,14,3,28,0,10,67,13,90,0,21,81,16,118,60,20,80,198
02/26/2020,SLE,OR,ANM,WE,Federal Contract Tower,0,3,23,1,27,0,13,63,15,91,0,16,86,16,118,82,18,100,218
02/27/2020,SLE,OR,ANM,WE,Federal Contract Tower,0,1,19,5,25,0,11,71,7,89,0,12,90,12,114,58,8,66,180
02/28/2020,SLE,OR,ANM,WE,Federal Contract Tower,0,4,7,2,13,0,13,36,6,55,0,17,43,8,68,32,0,32,100
02/29/2020,SLE,OR,ANM,WE,Federal Contract Tower,0,0,11,1,12,0,0,17,0,17,0,0,28,1,29,10,0,10,39
03/01/2020,SLE,OR,ANM,WE,Federal Contract Tower,0,0,4,0,4,0,3,38,0,41,0,3,42,0,45,40,0,40,85
03/02/2020,SLE,OR,ANM,WE,Federal Contract Tower,0,4,11,2,17,0,7,13,0,20,0,11,24,2,37,40,0,40,77
03/03/2020,SLE,OR,ANM,WE,Federal Contract Tower,0,1,8,1,10,0,12,25,10,47,0,13,33,11,57,64,6,70,127
03/04/2020,SLE,OR,ANM,WE,Federal Contract Tower,0,4,25,0,29,0,15,26,4,45,0,19,51,4,74,46,1,47,121
03/05/2020,SLE,OR,ANM,WE,Federal Contract Tower,0,3,18,1,22,0,24,47,1,72,0,27,65,2,94,31,0,31,125
03/06/2020,SLE,OR,ANM,WE,Federal Contract Tower,0,4,14,0,18,0,0,3,0,3,0,4,17,0,21,0,0,0,21
03/07/2020,SLE,OR,ANM,WE,Federal Contract Tower,0,0,3,4,7,0,0,5,6,11,0,0,8,10,18,2,24,26,44
03/08/2020,SLE,OR,ANM,WE,Federal Contract Tower,0,1,16,0,17,0,4,28,0,32,0,5,44,0,49,10,0,10,59
03/09/2020,SLE,OR,ANM,WE,Federal Contract Tower,0,0,10,12,22,0,9,69,9,87,0,9,79,21,109,24,0,24,133
03/10/2020,SLE,OR,ANM,WE,Federal Contract Tower,0,2,15,0,17,25,53,12,0,90,25,55,27,0,107,44,10,54,161
03/11/2020,SLE,OR,ANM,WE,Federal Contract Tower,0,2,11,1,14,0,16,35,10,61,0,18,46,11,75,32,17,49,124
03/12/2020,SLE,OR,ANM,WE,Federal Contract Tower,0,1,20,1,22,0,20,47,9,76,0,21,67,10,98,48,12,60,158
03/13/2020,SLE,OR,ANM,WE,Federal Contract Tower,0,4,3,2,9,0,2,0,0,2,0,6,3,2,11,0,0,0,11
03/14/2020,SLE,OR,ANM,WE,Federal Contract Tower,0,1,1,1,3,0,0,5,0,5,0,1,6,1,8,0,0,0,8
03/16/2020,SLE,OR,ANM,WE,Federal Contract Tower,0,2,6,4,12,0,7,40,8,55,0,9,46,12,67,16,40,56,123
03/17/2020,SLE,OR,ANM,WE,Federal Contract Tower,0,5,13,5,23,0,7,64,4,75,0,12,77,9,98,112,0,112,210
03/18/2020,SLE,OR,ANM,WE,Federal Contract Tower,0,1,8,1,10,0,9,39,3,51,0,10,47,4,61,44,6,50,111
03/19/2020,SLE,OR,ANM,WE,Federal Contract Tower,0,1,10,0,11,0,10,60,10,80,0,11,70,10,91,38,0,38,129
03/20/2020,SLE,OR,ANM,WE,Federal Contract Tower,0,1,3,0,4,0,13,52,4,69,0,14,55,4,73,76,4,80,153
03/21/2020,SLE,OR,ANM,WE,Federal Contract Tower,0,0,9,0,9,0,4,55,0,59,0,4,64,0,68,22,0,22,90
03/22/2020,SLE,OR,ANM,WE,Federal Contract Tower,0,0,8,0,8,0,0,67,0,67,0,0,75,0,75,34,0,34,109
03/23/2020,SLE,OR,ANM,WE,Federal Contract Tower,0,4,2,2,8,0,5,2,6,13,0,9,4,8,21,4,6,10,31
03/24/2020,SLE,OR,ANM,WE,Federal Contract Tower,0,8,0,0,8,0,3,2,10,15,0,11,2,10,23,4,2,6,29
03/25/2020,SLE,OR,ANM,WE,Federal Contract Tower,0,6,0,0,6,0,7,11,0,18,0,13,11,0,24,8,0,8,32
03/26/2020,SLE,OR,ANM,WE,Federal Contract Tower,0,6,3,0,9,0,12,28,0,40,0,18,31,0,49,24,0,24,73
03/27/2020,SLE,OR,ANM,WE,Federal Contract Tower,0,4,1,0,5,0,0,0,0,0,0,4,1,0,5,0,0,0,5
03/28/2020,SLE,OR,ANM,WE,Federal Contract Tower,0,0,0,0,0,0,0,0,0,0,0,0,0,0,0,0,0,0,0
03/29/2020,SLE,OR,ANM,WE,Federal Contract Tower,0,0,2,0,2,0,0,9,0,9,0,0,11,0,11,8,0,8,19
03/31/2020,SLE,OR,ANM,WE,Federal Contract Tower,0,2,5,1,8,0,7,5,0,12,0,9,10,1,20,6,0,6,26
04/01/2020,SLE,OR,ANM,WE,Federal Contract Tower,0,4,2,0,6,0,6,9,0,15,0,10,11,0,21,12,0,12,33
04/02/2020,SLE,OR,ANM,WE,Federal Contract Tower,0,3,4,0,7,0,9,7,0,16,0,12,11,0,23,6,0,6,29
04/03/2020,SLE,OR,ANM,WE,Federal Contract Tower,0,3,5,0,8,0,5,11,0,16,0,8,16,0,24,12,0,12,36
04/04/2020,SLE,OR,ANM,WE,Federal Contract Tower,0,2,1,0,3,0,0,6,0,6,0,2,7,0,9,2,0,2,11
04/05/2020,SLE,OR,ANM,WE,Federal Contract Tower,0,0,2,0,2,0,0,20,0,20,0,0,22,0,22,6,0,6,28
04/06/2020,SLE,OR,ANM,WE,Federal Contract Tower,0,6,3,0,9,0,3,12,3,18,0,9,15,3,27,12,0,12,39
04/07/2020,SLE,OR,ANM,WE,Federal Contract Tower,0,2,8,0,10,0,2,38,1,41,0,4,46,1,51,14,0,14,65
04/08/2020,SLE,OR,ANM,WE,Federal Contract Tower,0,6,12,0,18,0,26,49,12,87,0,32,61,12,105,22,2,24,129
04/09/2020,SLE,OR,ANM,WE,Federal Contract Tower,0,3,4,0,7,0,9,71,0,80,0,12,75,0,87,88,0,88,175
04/10/2020,SLE,OR,ANM,WE,Federal Contract Tower,0,2,5,0,7,0,3,63,0,66,0,5,68,0,73,8,0,8,81
04/11/2020,SLE,OR,ANM,WE,Federal Contract Tower,0,0,1,0,1,0,0,36,0,36,0,0,37,0,37,18,0,18,55
04/12/2020,SLE,OR,ANM,WE,Federal Contract Tower,0,0,4,0,4,0,2,25,0,27,0,2,29,0,31,2,0,2,33
04/13/2020,SLE,OR,ANM,WE,Federal Contract Tower,0,3,9,0,12,0,5,26,0,31,0,8,35,0,43,20,0,20,63
04/14/2020,SLE,OR,ANM,WE,Federal Contract Tower,0,2,13,0,15,0,7,33,0,40,0,9,46,0,55,22,0,22,77
04/15/2020,SLE,OR,ANM,WE,Federal Contract Tower,0,3,16,0,19,0,3,7,0,10,0,6,23,0,29,32,0,32,61
04/16/2020,SLE,OR,ANM,WE,Federal Contract Tower,0,13,4,0,17,0,7,47,0,54,0,20,51,0,71,0,0,0,71
04/17/2020,SLE,OR,ANM,WE,Federal Contract Tower,0,1,10,0,11,0,7,75,0,82,0,8,85,0,93,94,0,94,187
04/18/2020,SLE,OR,ANM,WE,Federal Contract Tower,0,0,4,0,4,0,0,2,0,2,0,0,6,0,6,6,0,6,12
04/19/2020,SLE,OR,ANM,WE,Federal Contract Tower,0,0,9,0,9,0,0,22,0,22,0,0,31,0,31,48,0,48,79
04/20/2020,SLE,OR,ANM,WE,Federal Contract Tower,0,2,6,0,8,0,10,36,2,48,0,12,42,2,56,37,0,37,93
04/21/2020,SLE,OR,ANM,WE,Federal Contract Tower,0,11,18,2,31,0,5,22,1,28,0,16,40,3,59,4,0,4,63
04/22/2020,SLE,OR,ANM,WE,Federal Contract Tower,0,4,6,0,10,0,0,0,0,0,0,4,6,0,10,0,0,0,10
04/23/2020,SLE,OR,ANM,WE,Federal Contract Tower,0,4,14,0,18,0,14,45,4,63,0,18,59,4,81,56,0,56,137
04/24/2020,SLE,OR,ANM,WE,Federal Contract Tower,0,1,6,0,7,0,1,3,0,4,0,2,9,0,11,0,0,0,11
04/25/2020,SLE,OR,ANM,WE,Federal Contract Tower,0,0,6,0,6,0,0,11,0,11,0,0,17,0,17,10,0,10,27
04/26/2020,SLE,OR,ANM,WE,Federal Contract Tower,0,1,4,0,5,0,0,54,0,54,0,1,58,0,59,24,0,24,83
04/27/2020,SLE,OR,ANM,WE,Federal Contract Tower,0,2,5,0,7,0,5,11,2,18,0,7,16,2,25,16,0,16,41
04/28/2020,SLE,OR,ANM,WE,Federal Contract Tower,0,0,8,0,8,0,18,53,3,74,0,18,61,3,82,46,6,52,134
04/29/2020,SLE,OR,ANM,WE,Federal Contract Tower,0,8,9,0,17,0,11,37,4,52,0,19,46,4,69,36,0,36,105
04/30/2020,SLE,OR,ANM,WE,Federal Contract Tower,0,7,1,0,8,0,17,35,0,52,0,24,36,0,60,48,0,48,108
05/01/2020,SLE,OR,ANM,WE,Federal Contract Tower,0,5,24,0,29,0,17,54,1,72,0,22,78,1,101,36,0,36,137
05/02/2020,SLE,OR,ANM,WE,Federal Contract Tower,0,0,3,0,3,0,1,2,0,3,0,1,5,0,6,0,0,0,6
05/03/2020,SLE,OR,ANM,WE,Federal Contract Tower,0,0,4,0,4,0,0,17,0,17,0,0,21,0,21,8,0,8,29
05/04/2020,SLE,OR,ANM,WE,Federal Contract Tower,0,7,4,4,15,0,0,21,2,23,0,7,25,6,38,22,4,26,64
05/05/2020,SLE,OR,ANM,WE,Federal Contract Tower,0,2,15,0,17,0,8,40,8,56,0,10,55,8,73,20,6,26,99
05/06/2020,SLE,OR,ANM,WE,Federal Contract Tower,0,3,5,0,8,0,8,43,1,52,0,11,48,1,60,28,8,36,96
05/07/2020,SLE,OR,ANM,WE,Federal Contract Tower,0,3,11,0,14,0,11,77,1,89,0,14,88,1,103,58,0,58,161
05/08/2020,SLE,OR,ANM,WE,Federal Contract Tower,0,0,3,0,3,0,10,75,0,85,0,10,78,0,88,24,0,24,112
05/09/2020,SLE,OR,ANM,WE,Federal Contract Tower,0,0,4,0,4,0,2,60,0,62,0,2,64,0,66,46,0,46,112
05/10/2020,SLE,OR,ANM,WE,Federal Contract Tower,0,2,4,0,6,0,1,24,0,25,0,3,28,0,31,32,0,32,63
05/11/2020,SLE,OR,ANM,WE,Federal Contract Tower,0,3,17,4,24,0,12,42,0,54,0,15,59,4,78,34,0,34,112
05/12/2020,SLE,OR,ANM,WE,Federal Contract Tower,0,5,3,0,8,0,0,5,2,7,0,5,8,2,15,10,0,10,25
05/13/2020,SLE,OR,ANM,WE,Federal Contract Tower,0,4,16,0,20,0,0,17,0,17,0,4,33,0,37,26,0,26,63
05/14/2020,SLE,OR,ANM,WE,Federal Contract Tower,0,4,13,6,23,0,2,1,1,4,0,6,14,7,27,12,2,14,41
05/15/2020,SLE,OR,ANM,WE,Federal Contract Tower,0,1,11,1,13,0,18,74,2,94,0,19,85,3,107,68,0,68,175
05/16/2020,SLE,OR,ANM,WE,Federal Contract Tower,0,0,8,0,8,0,0,13,0,13,0,0,21,0,21,28,0,28,49
05/17/2020,SLE,OR,ANM,WE,Federal Contract Tower,0,1,10,0,11,0,0,7,0,7,0,1,17,0,18,13,0,13,31
05/18/2020,SLE,OR,ANM,WE,Federal Contract Tower,0,6,6,2,14,0,2,1,0,3,0,8,7,2,17,0,0,0,17
05/19/2020,SLE,OR,ANM,WE,Federal Contract Tower,0,8,19,0,27,0,0,26,1,27,0,8,45,1,54,34,2,36,90
05/20/2020,SLE,OR,ANM,WE,Federal Contract Tower,0,6,14,0,20,0,0,6,0,6,0,6,20,0,26,0,0,0,26
05/21/2020,SLE,OR,ANM,WE,Federal Contract Tower,0,7,5,1,13,0,4,18,3,25,0,11,23,4,38,0,0,0,38
05/22/2020,SLE,OR,ANM,WE,Federal Contract Tower,0,3,2,0,5,0,9,46,0,55,0,12,48,0,60,46,0,46,106
05/23/2020,SLE,OR,ANM,WE,Federal Contract Tower,0,0,8,0,8,0,0,50,0,50,0,0,58,0,58,24,0,24,82
05/24/2020,SLE,OR,ANM,WE,Federal Contract Tower,0,2,8,0,10,0,0,57,0,57,0,2,65,0,67,50,0,50,117
05/25/2020,SLE,OR,ANM,WE,Federal Contract Tower,0,0,7,0,7,0,0,39,0,39,0,0,46,0,46,56,0,56,102
05/26/2020,SLE,OR,ANM,WE,Federal Contract Tower,0,3,15,1,19,0,11,37,0,48,0,14,52,1,67,84,0,84,151
05/28/2020,SLE,OR,ANM,WE,Federal Contract Tower,0,8,16,0,24,0,9,68,5,82,0,17,84,5,106,38,0,38,144
05/29/2020,SLE,OR,ANM,WE,Federal Contract Tower,0,2,26,0,28,0,8,90,0,98,0,10,116,0,126,90,0,90,216
05/30/2020,SLE,OR,ANM,WE,Federal Contract Tower,0,1,2,0,3,0,0,8,0,8,0,1,10,0,11,36,0,36,47
05/31/2020,SLE,OR,ANM,WE,Federal Contract Tower,0,0,12,0,12,0,0,42,0,42,0,0,54,0,54,12,0,12,66
06/01/2020,SLE,OR,ANM,WE,Federal Contract Tower,0,1,13,1,15,0,8,45,3,56,0,9,58,4,71,26,2,28,99
06/02/2020,SLE,OR,ANM,WE,Federal Contract Tower,0,1,11,0,12,0,16,110,0,126,0,17,121,0,138,93,0,93,231
06/03/2020,SLE,OR,ANM,WE,Federal Contract Tower,0,0,22,1,23,0,16,55,5,76,0,16,77,6,99,76,0,76,175
06/04/2020,SLE,OR,ANM,WE,Federal Contract Tower,0,3,13,2,18,0,13,67,0,80,0,16,80,2,98,50,0,50,148
06/05/2020,SLE,OR,ANM,WE,Federal Contract Tower,0,3,15,0,18,0,6,29,0,35,0,9,44,0,53,34,0,34,87
06/06/2020,SLE,OR,ANM,WE,Federal Contract Tower,0,0,8,0,8,0,0,10,3,13,0,0,18,3,21,0,0,0,21
06/07/2020,SLE,OR,ANM,WE,Federal Contract Tower,0,0,4,0,4,0,2,17,0,19,0,2,21,0,23,22,0,22,45
06/08/2020,SLE,OR,ANM,WE,Federal Contract Tower,0,3,18,0,21,0,5,36,4,45,0,8,54,4,66,58,0,58,124
06/09/2020,SLE,OR,ANM,WE,Federal Contract Tower,0,8,4,2,14,0,4,0,13,17,0,12,4,15,31,0,40,40,71
06/11/2020,SLE,OR,ANM,WE,Federal Contract Tower,0,4,15,7,26,0,10,60,16,86,0,14,75,23,112,68,34,102,214
06/12/2020,SLE,OR,ANM,WE,Federal Contract Tower,0,5,13,1,19,0,3,13,2,18,0,8,26,3,37,40,0,40,77
06/13/2020,SLE,OR,ANM,WE,Federal Contract Tower,0,0,9,5,14,0,0,8,7,15,0,0,17,12,29,0,0,0,29
06/14/2020,SLE,OR,ANM,WE,Federal Contract Tower,0,2,14,4,20,0,0,51,9,60,0,2,65,13,80,40,0,40,120
06/15/2020,SLE,OR,ANM,WE,Federal Contract Tower,0,2,5,13,20,0,3,4,8,15,0,5,9,21,35,6,4,10,45
06/16/2020,SLE,OR,ANM,WE,Federal Contract Tower,0,3,14,2,19,0,3,10,2,15,0,6,24,4,34,0,0,0,34
06/17/2020,SLE,OR,ANM,WE,Federal Contract Tower,0,3,9,0,12,0,19,70,16,105,0,22,79,16,117,134,8,142,259
06/18/2020,SLE,OR,ANM,WE,Federal Contract Tower,0,10,23,1,34,0,12,67,13,92,0,22,90,14,126,104,18,122,248
06/19/2020,SLE,OR,ANM,WE,Federal Contract Tower,0,3,19,0,22,0,10,69,9,88,0,13,88,9,110,130,0,130,240
06/20/2020,SLE,OR,ANM,WE,Federal Contract Tower,0,0,13,8,21,0,2,26,3,31,0,2,39,11,52,33,0,33,85
06/21/2020,SLE,OR,ANM,WE,Federal Contract Tower,0,2,14,0,16,0,0,49,7,56,0,2,63,7,72,54,0,54,126
06/22/2020,SLE,OR,ANM,WE,Federal Contract Tower,0,3,17,1,21,0,21,55,7,83,0,24,72,8,104,60,0,60,164
06/23/2020,SLE,OR,ANM,WE,Federal Contract Tower,0,10,22,1,33,0,12,64,4,80,0,22,86,5,113,46,0,46,159
06/24/2020,SLE,OR,ANM,WE,Federal Contract Tower,0,6,13,4,23,0,12,63,7,82,0,18,76,11,105,26,0,26,131
06/25/2020,SLE,OR,ANM,WE,Federal Contract Tower,0,4,7,4,15,0,8,58,6,72,0,12,65,10,87,54,2,56,143
06/26/2020,SLE,OR,ANM,WE,Federal Contract Tower,0,3,13,0,16,0,21,78,4,103,0,24,91,4,119,8,0,8,127
06/27/2020,SLE,OR,ANM,WE,Federal Contract Tower,0,2,26,1,29,0,6,52,12,70,0,8,78,13,99,31,0,31,130
06/28/2020,SLE,OR,ANM,WE,Federal Contract Tower,0,2,6,1,9,0,0,11,1,12,0,2,17,2,21,14,0,14,35
06/29/2020,SLE,OR,ANM,WE,Federal Contract Tower,0,3,10,1,14,0,6,44,0,50,0,9,54,1,64,100,0,100,164
06/30/2020,SLE,OR,ANM,WE,Federal Contract Tower,0,5,19,3,27,0,4,38,11,53,0,9,57,14,80,100,14,114,194
07/01/2020,SLE,OR,ANM,WE,Federal Contract Tower,0,4,3,0,7,0,8,30,2,40,0,12,33,2,47,44,2,46,93
07/02/2020,SLE,OR,ANM,WE,Federal Contract Tower,0,1,14,0,15,0,7,56,2,65,0,8,70,2,80,82,0,82,162
07/03/2020,SLE,OR,ANM,WE,Federal Contract Tower,0,0,13,0,13,0,2,44,0,46,0,2,57,0,59,26,0,26,85
07/04/2020,SLE,OR,ANM,WE,Federal Contract Tower,0,0,4,0,4,0,0,42,0,42,0,0,46,0,46,22,0,22,68
07/05/2020,SLE,OR,ANM,WE,Federal Contract Tower,0,0,10,0,10,0,3,49,0,52,0,3,59,0,62,30,0,30,92
07/06/2020,SLE,OR,ANM,WE,Federal Contract Tower,0,2,17,1,20,0,5,43,2,50,0,7,60,3,70,44,0,44,114
07/07/2020,SLE,OR,ANM,WE,Federal Contract Tower,0,4,13,0,17,0,9,24,5,38,0,13,37,5,55,20,2,22,77
07/08/2020,SLE,OR,ANM,WE,Federal Contract Tower,0,1,15,1,17,0,1,66,1,68,0,2,81,2,85,39,2,41,126
07/09/2020,SLE,OR,ANM,WE,Federal Contract Tower,0,1,7,2,10,0,23,76,15,114,0,24,83,17,124,28,6,34,158
07/10/2020,SLE,OR,ANM,WE,Federal Contract Tower,0,1,20,2,23,0,28,72,4,104,0,29,92,6,127,62,0,62,189
07/11/2020,SLE,OR,ANM,WE,Federal Contract Tower,0,0,8,2,10,0,0,59,25,84,0,0,67,27,94,28,33,61,155
07/12/2020,SLE,OR,ANM,WE,Federal Contract Tower,0,0,8,5,13,0,0,34,15,49,0,0,42,20,62,7,2,9,71
07/13/2020,SLE,OR,ANM,WE,Federal Contract Tower,0,2,12,2,16,0,7,53,4,64,0,9,65,6,80,42,2,44,124
07/14/2020,SLE,OR,ANM,WE,Federal Contract Tower,0,4,9,1,14,0,11,80,11,102,0,15,89,12,116,66,6,72,188
07/15/2020,SLE,OR,ANM,WE,Federal Contract Tower,0,3,9,0,12,0,21,54,8,83,0,24,63,8,95,40,20,60,155
07/16/2020,SLE,OR,ANM,WE,Federal Contract Tower,0,9,10,1,20,0,19,72,4,95,0,28,82,5,115,40,6,46,161
07/17/2020,SLE,OR,ANM,WE,Federal Contract Tower,0,6,9,4,19,0,5,70,0,75,0,11,79,4,94,60,0,60,154
07/18/2020,SLE,OR,ANM,WE,Federal Contract Tower,0,0,13,2,15,0,0,69,2,71,0,0,82,4,86,22,0,22,108
07/19/2020,SLE,OR,ANM,WE,Federal Contract Tower,0,3,10,0,13,0,4,76,2,82,0,7,86,2,95,21,4,25,120
07/20/2020,SLE,OR,ANM,WE,Federal Contract Tower,0,6,19,1,26,0,11,32,4,47,0,17,51,5,73,8,0,8,81
07/21/2020,SLE,OR,ANM,WE,Federal Contract Tower,0,3,21,0,24,0,11,61,8,80,0,14,82,8,104,78,0,78,182
07/22/2020,SLE,OR,ANM,WE,Federal Contract Tower,0,7,19,1,27,0,6,60,8,74,0,13,79,9,101,44,0,44,145
07/23/2020,SLE,OR,ANM,WE,Federal Contract Tower,0,4,28,4,36,0,10,56,2,68,0,14,84,6,104,38,18,56,160
07/24/2020,SLE,OR,ANM,WE,Federal Contract Tower,0,5,15,2,22,0,10,89,4,103,0,15,104,6,125,18,0,18,143
07/25/2020,SLE,OR,ANM,WE,Federal Contract Tower,0,1,2,0,3,0,2,61,2,65,0,3,63,2,68,36,0,36,104
07/26/2020,SLE,OR,ANM,WE,Federal Contract Tower,0,2,15,0,17,0,3,53,0,56,0,5,68,0,73,68,0,68,141
07/27/2020,SLE,OR,ANM,WE,Federal Contract Tower,0,3,6,0,9,0,11,51,5,67,0,14,57,5,76,46,2,48,124
07/28/2020,SLE,OR,ANM,WE,Federal Contract Tower,0,4,4,2,10,0,14,65,5,84,0,18,69,7,94,50,0,50,144
07/29/2020,SLE,OR,ANM,WE,Federal Contract Tower,0,2,4,2,8,0,7,40,13,60,0,9,44,15,68,30,18,48,116
07/30/2020,SLE,OR,ANM,WE,Federal Contract Tower,0,2,6,0,8,0,18,75,8,101,0,20,81,8,109,30,0,30,139
07/31/2020,SLE,OR,ANM,WE,Federal Contract Tower,0,3,9,0,12,0,15,83,0,98,0,18,92,0,110,90,0,90,200
08/01/2020,SLE,OR,ANM,WE,Federal Contract Tower,0,2,11,0,13,0,0,71,13,84,0,2,82,13,97,34,12,46,143
08/02/2020,SLE,OR,ANM,WE,Federal Contract Tower,0,0,14,2,16,0,0,62,9,71,0,0,76,11,87,47,4,51,138
08/03/2020,SLE,OR,ANM,WE,Federal Contract Tower,0,4,12,1,17,0,6,51,1,58,0,10,63,2,75,28,0,28,103
08/04/2020,SLE,OR,ANM,WE,Federal Contract Tower,0,1,5,2,8,0,15,40,12,67,0,16,45,14,75,42,26,68,143
08/05/2020,SLE,OR,ANM,WE,Federal Contract Tower,0,7,17,3,27,0,9,86,10,105,0,16,103,13,132,70,34,104,236
08/06/2020,SLE,OR,ANM,WE,Federal Contract Tower,0,2,10,2,14,0,2,20,11,33,0,4,30,13,47,10,22,32,79
08/07/2020,SLE,OR,ANM,WE,Federal Contract Tower,0,6,8,5,19,0,4,73,4,81,0,10,81,9,100,42,6,48,148
08/08/2020,SLE,OR,ANM,WE,Federal Contract Tower,0,4,20,0,24,0,2,83,8,93,0,6,103,8,117,34,8,42,159
08/09/2020,SLE,OR,ANM,WE,Federal Contract Tower,0,2,7,0,9,0,0,74,2,76,0,2,81,2,85,36,0,36,121
08/10/2020,SLE,OR,ANM,WE,Federal Contract Tower,0,4,9,8,21,0,10,62,5,77,0,14,71,13,98,26,18,44,142
08/11/2020,SLE,OR,ANM,WE,Federal Contract Tower,0,14,18,7,39,0,9,81,12,102,0,23,99,19,141,68,16,84,225
08/12/2020,SLE,OR,ANM,WE,Federal Contract Tower,0,11,5,10,26,0,14,67,10,91,0,25,72,20,117,102,2,104,221
08/13/2020,SLE,OR,ANM,WE,Federal Contract Tower,0,9,19,2,30,0,9,96,12,117,0,18,115,14,147,78,0,78,225
08/14/2020,SLE,OR,ANM,WE,Federal Contract Tower,0,5,10,7,22,0,4,53,5,62,0,9,63,12,84,54,2,56,140
08/15/2020,SLE,OR,ANM,WE,Federal Contract Tower,0,0,10,0,10,0,2,73,5,80,0,2,83,5,90,68,0,68,158
08/16/2020,SLE,OR,ANM,WE,Federal Contract Tower,0,2,6,4,12,0,1,45,4,50,0,3,51,8,62,10,0,10,72
08/17/2020,SLE,OR,ANM,WE,Federal Contract Tower,0,1,20,1,22,0,22,43,8,73,0,23,63,9,95,40,6,46,141
08/18/2020,SLE,OR,ANM,WE,Federal Contract Tower,0,3,15,1,19,0,12,67,6,85,0,15,82,7,104,38,0,38,142
08/19/2020,SLE,OR,ANM,WE,Federal Contract Tower,0,8,12,2,22,0,23,90,12,125,0,31,102,14,147,124,0,124,271
08/20/2020,SLE,OR,ANM,WE,Federal Contract Tower,0,4,9,2,15,0,10,72,10,92,0,14,81,12,107,64,16,80,187
08/21/2020,SLE,OR,ANM,WE,Federal Contract Tower,0,6,14,0,20,0,12,35,2,49,0,18,49,2,69,38,6,44,113
08/22/2020,SLE,OR,ANM,WE,Federal Contract Tower,0,0,12,0,12,0,6,93,9,108,0,6,105,9,120,22,0,22,142
08/23/2020,SLE,OR,ANM,WE,Federal Contract Tower,0,4,8,0,12,0,6,76,0,82,0,10,84,0,94,44,0,44,138
08/24/2020,SLE,OR,ANM,WE,Federal Contract Tower,0,3,18,2,23,0,11,72,2,85,0,14,90,4,108,26,0,26,134
08/25/2020,SLE,OR,ANM,WE,Federal Contract Tower,0,3,21,1,25,0,25,49,2,76,0,28,70,3,101,70,0,70,171
08/26/2020,SLE,OR,ANM,WE,Federal Contract Tower,0,9,27,0,36,0,22,65,1,88,0,31,92,1,124,74,0,74,198
08/27/2020,SLE,OR,ANM,WE,Federal Contract Tower,0,4,17,0,21,0,15,89,7,111,0,19,106,7,132,118,0,118,250
08/28/2020,SLE,OR,ANM,WE,Federal Contract Tower,0,5,23,0,28,0,17,105,5,127,0,22,128,5,155,52,0,52,207
08/29/2020,SLE,OR,ANM,WE,Federal Contract Tower,0,0,5,0,5,0,1,82,0,83,0,1,87,0,88,30,0,30,118
08/30/2020,SLE,OR,ANM,WE,Federal Contract Tower,0,0,5,0,5,0,1,47,2,50,0,1,52,2,55,60,0,60,115
08/31/2020,SLE,OR,ANM,WE,Federal Contract Tower,0,2,7,0,9,0,8,44,2,54,0,10,51,2,63,56,0,56,119
09/01/2020,SLE,OR,ANM,WE,Federal Contract Tower,0,2,9,3,14,0,8,77,0,85,0,10,86,3,99,62,0,62,161
09/02/2020,SLE,OR,ANM,WE,Federal Contract Tower,0,3,22,6,31,0,10,72,5,87,0,13,94,11,118,94,8,102,220
09/03/2020,SLE,OR,ANM,WE,Federal Contract Tower,0,5,6,0,11,0,13,58,3,74,0,18,64,3,85,122,2,124,209
09/04/2020,SLE,OR,ANM,WE,Federal Contract Tower,0,3,18,0,21,0,14,83,2,99,0,17,101,2,120,86,0,86,206
09/05/2020,SLE,OR,ANM,WE,Federal Contract Tower,0,5,14,0,19,0,0,79,0,79,0,5,93,0,98,54,0,54,152
09/06/2020,SLE,OR,ANM,WE,Federal Contract Tower,0,0,4,0,4,0,2,71,0,73,0,2,75,0,77,42,0,42,119
09/07/2020,SLE,OR,ANM,WE,Federal Contract Tower,0,0,13,0,13,0,2,41,3,46,0,2,54,3,59,16,0,16,75
09/08/2020,SLE,OR,ANM,WE,Federal Contract Tower,0,4,7,3,14,0,5,2,10,17,0,9,9,13,31,0,0,0,31
09/09/2020,SLE,OR,ANM,WE,Federal Contract Tower,0,9,10,0,19,0,0,4,2,6,0,9,14,2,25,0,0,0,25
09/10/2020,SLE,OR,ANM,WE,Federal Contract Tower,0,5,2,3,10,0,0,0,0,0,0,5,2,3,10,0,0,0,10
09/11/2020,SLE,OR,ANM,WE,Federal Contract Tower,0,7,2,0,9,0,0,0,0,0,0,7,2,0,9,0,0,0,9
09/12/2020,SLE,OR,ANM,WE,Federal Contract Tower,0,2,0,0,2,0,0,0,0,0,0,2,0,0,2,0,0,0,2
09/13/2020,SLE,OR,ANM,WE,Federal Contract Tower,0,0,2,0,2,0,0,0,0,0,0,0,2,0,2,0,0,0,2
09/14/2020,SLE,OR,ANM,WE,Federal Contract Tower,0,4,8,2,14,0,0,0,0,0,0,4,8,2,14,0,0,0,14
09/15/2020,SLE,OR,ANM,WE,Federal Contract Tower,0,8,8,0,16,0,0,0,0,0,0,8,8,0,16,0,0,0,16
09/16/2020,SLE,OR,ANM,WE,Federal Contract Tower,0,4,3,0,7,0,0,0,0,0,0,4,3,0,7,0,0,0,7
09/17/2020,SLE,OR,ANM,WE,Federal Contract Tower,0,2,5,0,7,0,0,0,0,0,0,2,5,0,7,2,0,2,9
09/18/2020,SLE,OR,ANM,WE,Federal Contract Tower,0,4,1,1,6,0,0,6,0,6,0,4,7,1,12,0,0,0,12
09/19/2020,SLE,OR,ANM,WE,Federal Contract Tower,0,0,9,3,12,0,1,23,2,26,0,1,32,5,38,8,0,8,46
09/20/2020,SLE,OR,ANM,WE,Federal Contract Tower,0,1,7,0,8,0,1,67,3,71,0,2,74,3,79,31,0,31,110
09/21/2020,SLE,OR,ANM,WE,Federal Contract Tower,0,4,13,4,21,0,9,62,5,76,0,13,75,9,97,38,0,38,135
09/22/2020,SLE,OR,ANM,WE,Federal Contract Tower,0,3,16,0,19,0,25,70,0,95,0,28,86,0,114,72,2,74,188
09/23/2020,SLE,OR,ANM,WE,Federal Contract Tower,0,13,13,0,26,0,11,21,4,36,0,24,34,4,62,20,8,28,90
09/24/2020,SLE,OR,ANM,WE,Federal Contract Tower,0,8,25,2,35,0,15,11,5,31,0,23,36,7,66,14,26,40,106
09/25/2020,SLE,OR,ANM,WE,Federal Contract Tower,0,6,5,0,11,0,0,3,1,4,0,6,8,1,15,0,2,2,17
09/26/2020,SLE,OR,ANM,WE,Federal Contract Tower,0,10,26,0,36,0,31,49,0,80,0,41,75,0,116,48,0,48,164
09/27/2020,SLE,OR,ANM,WE,Federal Contract Tower,0,3,19,0,22,0,8,76,2,86,0,11,95,2,108,32,0,32,140
09/28/2020,SLE,OR,ANM,WE,Federal Contract Tower,0,3,25,0,28,0,26,100,5,131,0,29,125,5,159,40,0,40,199
09/29/2020,SLE,OR,ANM,WE,Federal Contract Tower,0,7,15,2,24,0,16,98,1,115,0,23,113,3,139,116,4,120,259
09/30/2020,SLE,OR,ANM,WE,Federal Contract Tower,0,3,27,0,30,0,18,80,2,100,0,21,107,2,130,88,0,88,218
10/01/2020,SLE,OR,ANM,WE,Federal Contract Tower,0,6,16,0,22,0,10,37,4,51,0,16,53,4,73,54,4,58,131
10/02/2020,SLE,OR,ANM,WE,Federal Contract Tower,0,3,18,0,21,0,8,45,0,53,0,11,63,0,74,14,0,14,88
10/03/2020,SLE,OR,ANM,WE,Federal Contract Tower,0,5,8,0,13,0,0,66,0,66,0,5,74,0,79,46,0,46,125
10/04/2020,SLE,OR,ANM,WE,Federal Contract Tower,0,0,17,0,17,0,0,14,0,14,0,0,31,0,31,0,0,0,31
10/05/2020,SLE,OR,ANM,WE,Federal Contract Tower,0,4,16,0,20,0,3,38,8,49,0,7,54,8,69,46,4,50,119
10/06/2020,SLE,OR,ANM,WE,Federal Contract Tower,0,9,27,4,40,0,38,58,18,114,0,47,85,22,154,74,16,90,244
10/07/2020,SLE,OR,ANM,WE,Federal Contract Tower,0,8,22,3,33,0,25,62,10,97,0,33,84,13,130,46,22,68,198
10/08/2020,SLE,OR,ANM,WE,Federal Contract Tower,0,7,22,2,31,0,2,26,6,34,0,9,48,8,65,28,10,38,103
10/09/2020,SLE,OR,ANM,WE,Federal Contract Tower,0,7,14,0,21,0,9,44,0,53,0,16,58,0,74,18,0,18,92
10/10/2020,SLE,OR,ANM,WE,Federal Contract Tower,0,0,8,0,8,0,0,1,0,1,0,0,9,0,9,19,0,19,28
10/11/2020,SLE,OR,ANM,WE,Federal Contract Tower,0,0,8,0,8,0,0,7,0,7,0,0,15,0,15,12,0,12,27
10/12/2020,SLE,OR,ANM,WE,Federal Contract Tower,0,14,17,0,31,0,14,29,1,44,0,28,46,1,75,42,0,42,117
10/13/2020,SLE,OR,ANM,WE,Federal Contract Tower,0,4,7,2,13,0,3,4,1,8,0,7,11,3,21,0,0,0,21
10/14/2020,SLE,OR,ANM,WE,Federal Contract Tower,0,7,20,3,30,0,32,64,3,99,0,39,84,6,129,86,0,86,215
10/15/2020,SLE,OR,ANM,WE,Federal Contract Tower,0,5,32,3,40,0,10,89,1,100,0,15,121,4,140,40,0,40,180
10/16/2020,SLE,OR,ANM,WE,Federal Contract Tower,0,2,11,3,16,0,15,82,6,103,0,17,93,9,119,70,2,72,191
10/17/2020,SLE,OR,ANM,WE,Federal Contract Tower,0,1,24,2,27,0,0,21,16,37,0,1,45,18,64,52,14,66,130
10/18/2020,SLE,OR,ANM,WE,Federal Contract Tower,0,0,20,3,23,0,0,47,5,52,0,0,67,8,75,50,0,50,125
10/19/2020,SLE,OR,ANM,WE,Federal Contract Tower,0,3,14,3,20,0,10,35,8,53,0,13,49,11,73,28,2,30,103
10/20/2020,SLE,OR,ANM,WE,Federal Contract Tower,0,1,9,4,14,0,11,49,6,66,0,12,58,10,80,52,6,58,138
10/21/2020,SLE,OR,ANM,WE,Federal Contract Tower,0,7,25,1,33,0,2,58,28,88,0,9,83,29,121,62,20,82,203
10/22/2020,SLE,OR,ANM,WE,Federal Contract Tower,0,2,29,2,33,0,9,78,13,100,0,11,107,15,133,80,0,80,213
10/23/2020,SLE,OR,ANM,WE,Federal Contract Tower,0,2,16,2,20,0,4,42,5,51,0,6,58,7,71,52,18,70,141
10/24/2020,SLE,OR,ANM,WE,Federal Contract Tower,0,2,5,0,7,0,0,54,0,54,0,2,59,0,61,48,0,48,109
10/25/2020,SLE,OR,ANM,WE,Federal Contract Tower,0,2,10,0,12,0,3,54,0,57,0,5,64,0,69,14,0,14,83
10/26/2020,SLE,OR,ANM,WE,Federal Contract Tower,0,4,15,2,21,0,10,57,4,71,0,14,72,6,92,26,0,26,118
10/27/2020,SLE,OR,ANM,WE,Federal Contract Tower,0,2,20,2,24,0,6,56,1,63,0,8,76,3,87,80,4,84,171
10/28/2020,SLE,OR,ANM,WE,Federal Contract Tower,0,2,16,5,23,0,4,79,4,87,0,6,95,9,110,40,2,42,152
10/29/2020,SLE,OR,ANM,WE,Federal Contract Tower,0,6,19,5,30,0,2,42,1,45,0,8,61,6,75,64,0,64,139
10/30/2020,SLE,OR,ANM,WE,Federal Contract Tower,0,7,14,2,23,0,2,18,0,20,0,9,32,2,43,28,0,28,71
10/31/2020,SLE,OR,ANM,WE,Federal Contract Tower,0,2,23,0,25,0,0,55,0,55,0,2,78,0,80,74,0,74,154
11/01/2020,SLE,OR,ANM,WE,Federal Contract Tower,0,1,26,0,27,0,1,81,7,89,0,2,107,7,116,58,4,62,178
11/02/2020,SLE,OR,ANM,WE,Federal Contract Tower,0,3,15,2,20,0,7,90,11,108,0,10,105,13,128,80,2,82,210
11/03/2020,SLE,OR,ANM,WE,Federal Contract Tower,0,4,7,0,11,0,2,10,0,12,0,6,17,0,23,6,0,6,29
11/04/2020,SLE,OR,ANM,WE,Federal Contract Tower,0,3,14,2,19,0,11,24,6,41,0,14,38,8,60,30,4,34,94
11/05/2020,SLE,OR,ANM,WE,Federal Contract Tower,0,6,9,5,20,0,4,4,0,8,0,10,13,5,28,38,0,38,66
11/06/2020,SLE,OR,ANM,WE,Federal Contract Tower,0,5,15,2,22,0,4,10,2,16,0,9,25,4,38,2,2,4,42
11/07/2020,SLE,OR,ANM,WE,Federal Contract Tower,0,0,7,2,9,0,0,34,15,49,0,0,41,17,58,50,4,54,112
11/08/2020,SLE,OR,ANM,WE,Federal Contract Tower,0,0,20,1,21,0,0,80,9,89,0,0,100,10,110,90,4,94,204
11/09/2020,SLE,OR,ANM,WE,Federal Contract Tower,0,3,6,0,9,0,3,17,0,20,0,6,23,0,29,44,0,44,73
11/10/2020,SLE,OR,ANM,WE,Federal Contract Tower,0,2,4,0,6,0,2,7,5,14,0,4,11,5,20,0,12,12,32
11/11/2020,SLE,OR,ANM,WE,Federal Contract Tower,0,14,8,0,22,0,7,50,0,57,0,21,58,0,79,42,0,42,121
11/12/2020,SLE,OR,ANM,WE,Federal Contract Tower,0,4,13,0,17,0,2,17,0,19,0,6,30,0,36,22,0,22,58
11/13/2020,SLE,OR,ANM,WE,Federal Contract Tower,0,4,4,0,8,0,2,9,0,11,0,6,13,0,19,10,0,10,29
11/14/2020,SLE,OR,ANM,WE,Federal Contract Tower,0,2,0,0,2,0,0,5,0,5,0,2,5,0,7,18,0,18,25
11/15/2020,SLE,OR,ANM,WE,Federal Contract Tower,0,0,7,0,7,0,0,14,0,14,0,0,21,0,21,52,0,52,73
11/16/2020,SLE,OR,ANM,WE,Federal Contract Tower,0,3,7,0,10,0,2,18,2,22,0,5,25,2,32,34,0,34,66
11/17/2020,SLE,OR,ANM,WE,Federal Contract Tower,0,4,9,0,13,0,1,3,2,6,0,5,12,2,19,0,0,0,19
11/18/2020,SLE,OR,ANM,WE,Federal Contract Tower,0,5,14,1,20,0,0,3,0,3,0,5,17,1,23,0,0,0,23
11/19/2020,SLE,OR,ANM,WE,Federal Contract Tower,0,0,8,9,17,0,0,18,2,20,0,0,26,11,37,26,2,28,65
11/20/2020,SLE,OR,ANM,WE,Federal Contract Tower,0,7,13,0,20,0,0,0,0,0,0,7,13,0,20,0,0,0,20
11/21/2020,SLE,OR,ANM,WE,Federal Contract Tower,0,1,19,0,20,0,0,0,0,0,0,1,19,0,20,0,0,0,20
11/22/2020,SLE,OR,ANM,WE,Federal Contract Tower,0,1,9,0,10,0,0,3,0,3,0,1,12,0,13,30,0,30,43
11/23/2020,SLE,OR,ANM,WE,Federal Contract Tower,0,4,18,2,24,0,1,10,0,11,0,5,28,2,35,46,0,46,81
11/24/2020,SLE,OR,ANM,WE,Federal Contract Tower,0,6,10,0,16,0,5,20,0,25,0,11,30,0,41,2,0,2,43
11/25/2020,SLE,OR,ANM,WE,Federal Contract Tower,0,3,8,0,11,0,2,13,0,15,0,5,21,0,26,20,0,20,46
11/26/2020,SLE,OR,ANM,WE,Federal Contract Tower,0,0,13,0,13,0,0,13,0,13,0,0,26,0,26,64,0,64,90
11/27/2020,SLE,OR,ANM,WE,Federal Contract Tower,0,4,4,0,8,0,0,0,0,0,0,4,4,0,8,0,0,0,8
11/28/2020,SLE,OR,ANM,WE,Federal Contract Tower,0,2,18,0,20,0,0,0,0,0,0,2,18,0,20,0,0,0,20
11/29/2020,SLE,OR,ANM,WE,Federal Contract Tower,0,1,20,0,21,0,0,0,0,0,0,1,20,0,21,0,0,0,21
11/30/2020,SLE,OR,ANM,WE,Federal Contract Tower,0,2,8,0,10,0,4,58,0,62,0,6,66,0,72,142,0,142,214
12/01/2020,SLE,OR,ANM,WE,Federal Contract Tower,0,2,10,0,12,0,8,45,5,58,0,10,55,5,70,44,4,48,118
12/02/2020,SLE,OR,ANM,WE,Federal Contract Tower,0,3,25,1,29,0,7,82,3,92,0,10,107,4,121,118,0,118,239
12/03/2020,SLE,OR,ANM,WE,Federal Contract Tower,0,4,21,0,25,0,3,88,19,110,0,7,109,19,135,72,0,72,207
12/04/2020,SLE,OR,ANM,WE,Federal Contract Tower,0,3,28,0,31,0,4,76,3,83,0,7,104,3,114,72,0,72,186
12/05/2020,SLE,OR,ANM,WE,Federal Contract Tower,0,4,7,0,11,0,1,105,0,106,0,5,112,0,117,60,0,60,177
12/06/2020,SLE,OR,ANM,WE,Federal Contract Tower,0,1,11,0,12,0,0,22,0,22,0,1,33,0,34,10,0,10,44
12/07/2020,SLE,OR,ANM,WE,Federal Contract Tower,0,4,13,1,18,0,0,27,1,28,0,4,40,2,46,48,0,48,94
12/08/2020,SLE,OR,ANM,WE,Federal Contract Tower,0,10,3,0,13,0,3,31,0,34,0,13,34,0,47,74,0,74,121
12/09/2020,SLE,OR,ANM,WE,Federal Contract Tower,0,6,6,2,14,0,3,39,0,42,0,9,45,2,56,70,0,70,126
12/10/2020,SLE,OR,ANM,WE,Federal Contract Tower,0,9,11,2,22,0,0,0,0,0,0,9,11,2,22,4,0,4,26
12/11/2020,SLE,OR,ANM,WE,Federal Contract Tower,0,4,1,2,7,0,2,4,0,6,0,6,5,2,13,10,0,10,23
12/12/2020,SLE,OR,ANM,WE,Federal Contract Tower,0,0,22,0,22,0,0,43,0,43,0,0,65,0,65,48,0,48,113
12/13/2020,SLE,OR,ANM,WE,Federal Contract Tower,0,0,1,0,1,0,0,2,0,2,0,0,3,0,3,4,0,4,7
12/14/2020,SLE,OR,ANM,WE,Federal Contract Tower,0,6,14,0,20,0,4,46,13,63,0,10,60,13,83,48,6,54,137
12/15/2020,SLE,OR,ANM,WE,Federal Contract Tower,0,3,2,0,5,0,3,1,1,5,0,6,3,1,10,0,52,52,62
12/16/2020,SLE,OR,ANM,WE,Federal Contract Tower,0,5,4,0,9,0,2,8,5,15,0,7,12,5,24,12,2,14,38
12/17/2020,SLE,OR,ANM,WE,Federal Contract Tower,0,4,12,0,16,0,13,10,5,28,0,17,22,5,44,44,14,58,102
12/18/2020,SLE,OR,ANM,WE,Federal Contract Tower,0,3,11,0,14,0,9,40,6,55,0,12,51,6,69,26,2,28,97
12/19/2020,SLE,OR,ANM,WE,Federal Contract Tower,0,0,8,0,8,0,2,4,0,6,0,2,12,0,14,6,0,6,20
12/20/2020,SLE,OR,ANM,WE,Federal Contract Tower,0,0,9,0,9,0,0,0,0,0,0,0,9,0,9,0,0,0,9
12/21/2020,SLE,OR,ANM,WE,Federal Contract Tower,0,4,9,0,13,0,0,0,0,0,0,4,9,0,13,4,0,4,17
12/22/2020,SLE,OR,ANM,WE,Federal Contract Tower,0,3,13,0,16,0,5,37,4,46,0,8,50,4,62,68,0,68,130
12/23/2020,SLE,OR,ANM,WE,Federal Contract Tower,0,7,19,0,26,0,7,42,0,49,0,14,61,0,75,66,0,66,141
12/24/2020,SLE,OR,ANM,WE,Federal Contract Tower,0,4,2,0,6,0,0,0,0,0,0,4,2,0,6,0,0,0,6
12/25/2020,SLE,OR,ANM,WE,Federal Contract Tower,0,0,0,0,0,0,0,0,0,0,0,0,0,0,0,0,0,0,0
12/26/2020,SLE,OR,ANM,WE,Federal Contract Tower,0,0,5,0,5,0,3,8,0,11,0,3,13,0,16,18,0,18,34
12/27/2020,SLE,OR,ANM,WE,Federal Contract Tower,0,2,17,0,19,0,0,66,0,66,0,2,83,0,85,34,0,34,119
12/28/2020,SLE,OR,ANM,WE,Federal Contract Tower,0,3,21,0,24,0,9,90,0,99,0,12,111,0,123,100,0,100,223
12/29/2020,SLE,OR,ANM,WE,Federal Contract Tower,0,3,19,0,22,0,6,38,0,44,0,9,57,0,66,20,0,20,86
12/30/2020,SLE,OR,ANM,WE,Federal Contract Tower,0,3,10,0,13,0,1,0,0,1,0,4,10,0,14,0,0,0,14
12/31/2020,SLE,OR,ANM,WE,Federal Contract Tower,0,3,13,0,16,0,1,11,0,12,0,4,24,0,28,10,0,10,38
01/01/2021,SLE,OR,ANM,WE,Federal Contract Tower,0,0,1,0,1,0,2,14,0,16,0,2,15,0,17,12,0,12,29
01/02/2021,SLE,OR,ANM,WE,Federal Contract Tower,0,0,2,0,2,0,0,0,0,0,0,0,2,0,2,0,0,0,2
01/03/2021,SLE,OR,ANM,WE,Federal Contract Tower,0,3,14,0,17,0,0,35,0,35,0,3,49,0,52,46,0,46,98
01/04/2021,SLE,OR,ANM,WE,Federal Contract Tower,0,3,2,0,5,0,5,4,0,9,0,8,6,0,14,20,0,20,34
01/05/2021,SLE,OR,ANM,WE,Federal Contract Tower,0,2,16,2,20,0,8,25,2,35,0,10,41,4,55,34,0,34,89
01/06/2021,SLE,OR,ANM,WE,Federal Contract Tower,0,6,11,0,17,0,3,0,0,3,0,9,11,0,20,8,0,8,28
01/07/2021,SLE,OR,ANM,WE,Federal Contract Tower,0,2,24,3,29,0,8,60,4,72,0,10,84,7,101,84,4,88,189
01/08/2021,SLE,OR,ANM,WE,Federal Contract Tower,0,3,5,2,10,0,2,24,2,28,0,5,29,4,38,20,12,32,70
01/09/2021,SLE,OR,ANM,WE,Federal Contract Tower,0,0,15,0,15,0,0,0,0,0,0,0,15,0,15,0,0,0,15
01/10/2021,SLE,OR,ANM,WE,Federal Contract Tower,0,0,8,0,8,0,0,2,0,2,0,0,10,0,10,0,0,0,10
01/11/2021,SLE,OR,ANM,WE,Federal Contract Tower,0,3,13,0,16,0,2,20,1,23,0,5,33,1,39,52,2,54,93
01/12/2021,SLE,OR,ANM,WE,Federal Contract Tower,0,5,5,0,10,0,0,0,0,0,0,5,5,0,10,0,0,0,10
01/13/2021,SLE,OR,ANM,WE,Federal Contract Tower,0,6,24,2,32,0,19,69,16,104,0,25,93,18,136,42,4,46,182
01/14/2021,SLE,OR,ANM,WE,Federal Contract Tower,0,7,34,0,41,0,7,49,16,72,0,14,83,16,113,66,10,76,189
01/15/2021,SLE,OR,ANM,WE,Federal Contract Tower,0,2,17,0,19,0,0,0,0,0,0,2,17,0,19,0,0,0,19
01/16/2021,SLE,OR,ANM,WE,Federal Contract Tower,0,0,21,0,21,0,2,5,0,7,0,2,26,0,28,10,0,10,38
01/17/2021,SLE,OR,ANM,WE,Federal Contract Tower,0,0,16,0,16,0,0,8,0,8,0,0,24,0,24,4,0,4,28
01/18/2021,SLE,OR,ANM,WE,Federal Contract Tower,0,0,18,0,18,0,0,53,0,53,0,0,71,0,71,70,0,70,141
01/19/2021,SLE,OR,ANM,WE,Federal Contract Tower,0,13,9,0,22,0,9,69,2,80,0,22,78,2,102,92,0,92,194
01/20/2021,SLE,OR,ANM,WE,Federal Contract Tower,0,4,42,1,47,0,7,75,2,84,0,11,117,3,131,56,0,56,187
01/21/2021,SLE,OR,ANM,WE,Federal Contract Tower,0,4,8,5,17,0,4,0,2,6,0,8,8,7,23,0,0,0,23
01/22/2021,SLE,OR,ANM,WE,Federal Contract Tower,0,3,33,1,37,0,13,80,6,99,0,16,113,7,136,44,4,48,184
01/23/2021,SLE,OR,ANM,WE,Federal Contract Tower,0,0,8,0,8,0,6,88,3,97,0,6,96,3,105,70,0,70,175
01/24/2021,SLE,OR,ANM,WE,Federal Contract Tower,0,0,0,0,0,0,0,0,4,4,0,0,0,4,4,0,0,0,4
01/25/2021,SLE,OR,ANM,WE,Federal Contract Tower,0,3,11,2,16,0,1,9,5,15,0,4,20,7,31,0,12,12,43
01/26/2021,SLE,OR,ANM,WE,Federal Contract Tower,0,4,2,0,6,0,0,9,1,10,0,4,11,1,16,12,0,12,28
01/27/2021,SLE,OR,ANM,WE,Federal Contract Tower,0,4,5,2,11,0,4,1,1,6,0,8,6,3,17,24,0,24,41
01/28/2021,SLE,OR,ANM,WE,Federal Contract Tower,0,4,8,0,12,0,7,17,7,31,0,11,25,7,43,80,20,100,143
01/29/2021,SLE,OR,ANM,WE,Federal Contract Tower,0,6,10,0,16,0,0,12,0,12,0,6,22,0,28,32,0,32,60
01/30/2021,SLE,OR,ANM,WE,Federal Contract Tower,0,2,2,0,4,0,0,12,3,15,0,2,14,3,19,6,0,6,25
01/31/2021,SLE,OR,ANM,WE,Federal Contract Tower,0,1,11,0,12,0,0,10,0,10,0,1,21,0,22,2,0,2,24
02/01/2021,SLE,OR,ANM,WE,Federal Contract Tower,0,3,4,0,7,0,2,2,1,5,0,5,6,1,12,18,0,18,30
02/02/2021,SLE,OR,ANM,WE,Federal Contract Tower,0,4,7,0,11,0,9,7,0,16,0,13,14,0,27,6,0,6,33
02/03/2021,SLE,OR,ANM,WE,Federal Contract Tower,0,1,12,0,13,0,9,30,3,42,0,10,42,3,55,26,18,44,99
02/04/2021,SLE,OR,ANM,WE,Federal Contract Tower,0,5,11,3,19,0,5,33,10,48,0,10,44,13,67,54,30,84,151
02/05/2021,SLE,OR,ANM,WE,Federal Contract Tower,0,4,16,2,22,0,1,5,2,8,0,5,21,4,30,22,8,30,60
02/06/2021,SLE,OR,ANM,WE,Federal Contract Tower,0,0,9,1,10,0,1,9,6,16,0,1,18,7,26,26,24,50,76
02/07/2021,SLE,OR,ANM,WE,Federal Contract Tower,0,0,4,1,5,0,0,11,2,13,0,0,15,3,18,26,6,32,50
02/08/2021,SLE,OR,ANM,WE,Federal Contract Tower,0,3,6,0,9,0,4,33,0,37,0,7,39,0,46,64,0,64,110
02/09/2021,SLE,OR,ANM,WE,Federal Contract Tower,0,4,28,2,34,0,7,67,3,77,0,11,95,5,111,24,2,26,137
02/10/2021,SLE,OR,ANM,WE,Federal Contract Tower,0,5,8,2,15,0,8,83,14,105,0,13,91,16,120,162,18,180,300
02/11/2021,SLE,OR,ANM,WE,Federal Contract Tower,0,6,2,2,10,0,0,0,0,0,0,6,2,2,10,0,0,0,10
02/12/2021,SLE,OR,ANM,WE,Federal Contract Tower,0,0,0,0,0,0,0,0,0,0,0,0,0,0,0,0,0,0,0
02/14/2021,SLE,OR,ANM,WE,Federal Contract Tower,0,4,1,0,5,0,0,0,0,0,0,4,1,0,5,0,0,0,5
02/15/2021,SLE,OR,ANM,WE,Federal Contract Tower,0,7,6,0,13,0,1,1,0,2,0,8,7,0,15,0,0,0,15
02/16/2021,SLE,OR,ANM,WE,Federal Contract Tower,0,3,27,4,34,0,10,19,0,29,0,13,46,4,63,16,0,16,79
02/17/2021,SLE,OR,ANM,WE,Federal Contract Tower,0,3,13,0,16,0,24,33,0,57,0,27,46,0,73,82,0,82,155
02/18/2021,SLE,OR,ANM,WE,Federal Contract Tower,0,4,12,3,19,0,7,0,0,7,0,11,12,3,26,0,0,0,26
02/19/2021,SLE,OR,ANM,WE,Federal Contract Tower,0,11,2,0,13,0,3,11,2,16,0,14,13,2,29,8,12,20,49
02/20/2021,SLE,OR,ANM,WE,Federal Contract Tower,0,0,18,0,18,0,0,24,0,24,0,0,42,0,42,38,0,38,80
02/21/2021,SLE,OR,ANM,WE,Federal Contract Tower,0,1,11,0,12,0,0,2,0,2,0,1,13,0,14,10,0,10,24
02/22/2021,SLE,OR,ANM,WE,Federal Contract Tower,0,5,15,0,20,0,0,0,2,2,0,5,15,2,22,0,16,16,38
02/23/2021,SLE,OR,ANM,WE,Federal Contract Tower,0,5,8,2,15,0,22,23,8,53,0,27,31,10,68,44,18,62,130
02/24/2021,SLE,OR,ANM,WE,Federal Contract Tower,0,4,20,0,24,0,4,77,5,86,0,8,97,5,110,84,10,94,204
02/25/2021,SLE,OR,ANM,WE,Federal Contract Tower,0,5,3,0,8,0,0,5,3,8,0,5,8,3,16,10,38,48,64
02/26/2021,SLE,OR,ANM,WE,Federal Contract Tower,0,5,9,2,16,0,0,2,1,3,0,5,11,3,19,8,2,10,29
02/27/2021,SLE,OR,ANM,WE,Federal Contract Tower,0,0,4,0,4,0,3,65,0,68,0,3,69,0,72,88,0,88,160
02/28/2021,SLE,OR,ANM,WE,Federal Contract Tower,0,0,9,0,9,0,0,127,0,127,0,0,136,0,136,139,0,139,275
03/01/2021,SLE,OR,ANM,WE,Federal Contract Tower,0,1,18,0,19,0,14,96,5,115,0,15,114,5,134,76,6,82,216
03/02/2021,SLE,OR,ANM,WE,Federal Contract Tower,0,4,22,11,37,0,5,64,1,70,0,9,86,12,107,46,0,46,153
03/04/2021,SLE,OR,ANM,WE,Federal Contract Tower,0,4,34,2,40,0,6,46,6,58,0,10,80,8,98,70,20,90,188
03/05/2021,SLE,OR,ANM,WE,Federal Contract Tower,0,3,7,2,12,0,1,1,4,6,0,4,8,6,18,0,18,18,36
03/06/2021,SLE,OR,ANM,WE,Federal Contract Tower,0,0,11,1,12,0,0,39,17,56,0,0,50,18,68,12,8,20,88
03/07/2021,SLE,OR,ANM,WE,Federal Contract Tower,0,0,6,4,10,0,2,11,9,22,0,2,17,13,32,4,20,24,56
03/08/2021,SLE,OR,ANM,WE,Federal Contract Tower,0,4,10,1,15,0,10,45,7,62,0,14,55,8,77,26,16,42,119
03/09/2021,SLE,OR,ANM,WE,Federal Contract Tower,0,6,20,3,29,0,9,39,16,64,0,15,59,19,93,28,36,64,157
03/10/2021,SLE,OR,ANM,WE,Federal Contract Tower,0,3,15,2,20,0,15,11,14,40,0,18,26,16,60,54,6,60,120
03/11/2021,SLE,OR,ANM,WE,Federal Contract Tower,0,2,24,0,26,0,7,96,21,124,0,9,120,21,150,140,10,150,300
03/12/2021,SLE,OR,ANM,WE,Federal Contract Tower,0,5,25,0,30,0,14,96,6,116,0,19,121,6,146,76,2,78,224
03/13/2021,SLE,OR,ANM,WE,Federal Contract Tower,0,0,7,0,7,0,1,107,0,108,0,1,114,0,115,62,0,62,177
03/14/2021,SLE,OR,ANM,WE,Federal Contract Tower,0,0,4,0,4,0,0,7,0,7,0,0,11,0,11,0,0,0,11
03/15/2021,SLE,OR,ANM,WE,Federal Contract Tower,0,7,16,2,25,0,12,54,1,67,0,19,70,3,92,52,0,52,144
03/16/2021,SLE,OR,ANM,WE,Federal Contract Tower,0,4,17,6,27,0,11,77,6,94,0,15,94,12,121,63,4,67,188
03/17/2021,SLE,OR,ANM,WE,Federal Contract Tower,0,4,16,2,22,0,16,80,5,101,0,20,96,7,123,81,0,81,204
03/18/2021,SLE,OR,ANM,WE,Federal Contract Tower,0,4,5,2,11,0,0,9,0,9,0,4,14,2,20,14,0,14,34
03/19/2021,SLE,OR,ANM,WE,Federal Contract Tower,0,8,2,2,12,0,2,3,0,5,0,10,5,2,17,12,0,12,29
03/20/2021,SLE,OR,ANM,WE,Federal Contract Tower,0,0,9,0,9,0,0,6,0,6,0,0,15,0,15,2,0,2,17
03/21/2021,SLE,OR,ANM,WE,Federal Contract Tower,0,0,3,0,3,0,2,24,0,26,0,2,27,0,29,22,0,22,51
03/22/2021,SLE,OR,ANM,WE,Federal Contract Tower,0,2,3,0,5,0,6,24,2,32,0,8,27,2,37,32,0,32,69
03/23/2021,SLE,OR,ANM,WE,Federal Contract Tower,0,2,21,2,25,0,19,77,12,108,0,21,98,14,133,34,10,44,177
03/24/2021,SLE,OR,ANM,WE,Federal Contract Tower,0,4,4,1,9,0,0,0,4,4,0,4,4,5,13,18,10,28,41
03/25/2021,SLE,OR,ANM,WE,Federal Contract Tower,0,1,17,6,24,0,3,12,11,26,0,4,29,17,50,8,22,30,80
03/26/2021,SLE,OR,ANM,WE,Federal Contract Tower,0,1,21,2,24,0,8,85,8,101,0,9,106,10,125,74,0,74,199
03/27/2021,SLE,OR,ANM,WE,Federal Contract Tower,0,0,9,1,10,0,2,99,2,103,0,2,108,3,113,80,0,80,193
03/28/2021,SLE,OR,ANM,WE,Federal Contract Tower,0,1,3,0,4,0,0,7,0,7,0,1,10,0,11,18,0,18,29
03/29/2021,SLE,OR,ANM,WE,Federal Contract Tower,0,2,8,0,10,0,18,24,0,42,0,20,32,0,52,18,0,18,70
03/30/2021,SLE,OR,ANM,WE,Federal Contract Tower,0,2,15,11,28,0,15,56,8,79,0,17,71,19,107,43,2,45,152
03/31/2021,SLE,OR,ANM,WE,Federal Contract Tower,0,2,11,0,13,0,12,77,4,93,0,14,88,4,106,90,4,94,200
04/01/2021,SLE,OR,ANM,WE,Federal Contract Tower,0,3,17,2,22,0,13,61,2,76,0,16,78,4,98,74,0,74,172
04/02/2021,SLE,OR,ANM,WE,Federal Contract Tower,0,3,17,0,20,0,3,79,0,82,0,6,96,0,102,86,0,86,188
04/03/2021,SLE,OR,ANM,WE,Federal Contract Tower,0,0,9,0,9,0,0,66,0,66,0,0,75,0,75,30,0,30,105
04/04/2021,SLE,OR,ANM,WE,Federal Contract Tower,0,0,9,0,9,0,3,23,1,27,0,3,32,1,36,12,0,12,48
04/05/2021,SLE,OR,ANM,WE,Federal Contract Tower,0,1,9,2,12,0,7,65,5,77,0,8,74,7,89,56,0,56,145
04/06/2021,SLE,OR,ANM,WE,Federal Contract Tower,0,3,16,1,20,0,11,40,4,55,0,14,56,5,75,46,0,46,121
04/07/2021,SLE,OR,ANM,WE,Federal Contract Tower,0,1,22,2,25,0,1,6,10,17,0,2,28,12,42,20,10,30,72
04/08/2021,SLE,OR,ANM,WE,Federal Contract Tower,0,1,29,0,30,0,8,27,7,42,0,9,56,7,72,48,8,56,128
04/09/2021,SLE,OR,ANM,WE,Federal Contract Tower,0,4,12,2,18,0,15,67,6,88,0,19,79,8,106,30,4,34,140
04/10/2021,SLE,OR,ANM,WE,Federal Contract Tower,0,2,5,1,8,0,5,46,1,52,0,7,51,2,60,38,0,38,98
04/11/2021,SLE,OR,ANM,WE,Federal Contract Tower,0,0,9,1,10,0,4,51,4,59,0,4,60,5,69,54,0,54,123
04/12/2021,SLE,OR,ANM,WE,Federal Contract Tower,0,2,15,0,17,0,21,44,9,74,0,23,59,9,91,40,0,40,131
04/13/2021,SLE,OR,ANM,WE,Federal Contract Tower,0,1,2,2,5,0,17,24,1,42,0,18,26,3,47,0,0,0,47
04/14/2021,SLE,OR,ANM,WE,Federal Contract Tower,0,3,14,7,24,0,11,64,0,75,0,14,78,7,99,22,0,22,121
04/15/2021,SLE,OR,ANM,WE,Federal Contract Tower,0,0,16,1,17,0,8,71,0,79,0,8,87,1,96,86,0,86,182
04/16/2021,SLE,OR,ANM,WE,Federal Contract Tower,0,0,8,0,8,0,9,71,0,80,0,9,79,0,88,20,0,20,108
04/17/2021,SLE,OR,ANM,WE,Federal Contract Tower,0,0,10,0,10,0,0,93,0,93,0,0,103,0,103,40,0,40,143
04/18/2021,SLE,OR,ANM,WE,Federal Contract Tower,0,3,9,0,12,0,1,80,0,81,0,4,89,0,93,92,0,92,185
04/19/2021,SLE,OR,ANM,WE,Federal Contract Tower,0,4,10,0,14,0,3,62,8,73,0,7,72,8,87,68,12,80,167
04/20/2021,SLE,OR,ANM,WE,Federal Contract Tower,0,4,21,1,26,0,5,48,5,58,0,9,69,6,84,4,8,12,96
04/21/2021,SLE,OR,ANM,WE,Federal Contract Tower,0,0,17,4,21,0,8,62,5,75,0,8,79,9,96,28,6,34,130
04/22/2021,SLE,OR,ANM,WE,Federal Contract Tower,0,2,27,2,31,0,6,29,3,38,0,8,56,5,69,34,0,34,103
04/23/2021,SLE,OR,ANM,WE,Federal Contract Tower,0,5,7,1,13,0,5,44,1,50,0,10,51,2,63,26,0,26,89
04/24/2021,SLE,OR,ANM,WE,Federal Contract Tower,0,3,11,0,14,0,0,6,0,6,0,3,17,0,20,2,0,2,22
04/25/2021,SLE,OR,ANM,WE,Federal Contract Tower,0,3,9,0,12,0,0,16,0,16,0,3,25,0,28,26,0,26,54
04/26/2021,SLE,OR,ANM,WE,Federal Contract Tower,0,2,5,2,9,0,1,29,0,30,0,3,34,2,39,18,0,18,57
04/27/2021,SLE,OR,ANM,WE,Federal Contract Tower,0,6,16,0,22,0,4,79,10,93,0,10,95,10,115,26,0,26,141
04/28/2021,SLE,OR,ANM,WE,Federal Contract Tower,0,3,27,2,32,0,9,86,0,95,0,12,113,2,127,62,0,62,189
04/29/2021,SLE,OR,ANM,WE,Federal Contract Tower,0,4,26,1,31,0,10,88,2,100,0,14,114,3,131,36,0,36,167
04/30/2021,SLE,OR,ANM,WE,Federal Contract Tower,0,9,13,0,22,0,13,30,4,47,0,22,43,4,69,28,8,36,105
05/01/2021,SLE,OR,ANM,WE,Federal Contract Tower,0,0,17,0,17,0,2,49,10,61,0,2,66,10,78,4,10,14,92
05/02/2021,SLE,OR,ANM,WE,Federal Contract Tower,0,1,21,2,24,0,2,54,3,59,0,3,75,5,83,44,10,54,137
05/03/2021,SLE,OR,ANM,WE,Federal Contract Tower,0,2,12,0,14,0,5,50,7,62,0,7,62,7,76,62,0,62,138
05/04/2021,SLE,OR,ANM,WE,Federal Contract Tower,0,5,38,1,44,0,2,74,2,78,0,7,112,3,122,48,0,48,170
05/05/2021,SLE,OR,ANM,WE,Federal Contract Tower,0,14,13,2,29,0,3,95,9,107,0,17,108,11,136,80,16,96,232
05/06/2021,SLE,OR,ANM,WE,Federal Contract Tower,0,2,9,3,14,0,7,20,3,30,0,9,29,6,44,10,0,10,54
05/07/2021,SLE,OR,ANM,WE,Federal Contract Tower,0,7,4,2,13,0,3,42,7,52,0,10,46,9,65,56,6,62,127
05/08/2021,SLE,OR,ANM,WE,Federal Contract Tower,0,0,18,0,18,0,1,69,0,70,0,1,87,0,88,20,0,20,108
05/09/2021,SLE,OR,ANM,WE,Federal Contract Tower,0,0,9,0,9,0,0,27,0,27,0,0,36,0,36,12,0,12,48
05/10/2021,SLE,OR,ANM,WE,Federal Contract Tower,0,1,10,2,13,0,9,56,1,66,0,10,66,3,79,78,0,78,157
05/11/2021,SLE,OR,ANM,WE,Federal Contract Tower,0,7,18,7,32,0,5,70,9,84,0,12,88,16,116,46,25,71,187
05/12/2021,SLE,OR,ANM,WE,Federal Contract Tower,0,11,14,2,27,0,16,85,2,103,0,27,99,4,130,60,0,60,190
05/13/2021,SLE,OR,ANM,WE,Federal Contract Tower,2,3,10,0,15,0,7,93,15,115,2,10,103,15,130,50,0,50,180
05/14/2021,SLE,OR,ANM,WE,Federal Contract Tower,0,10,18,1,29,0,15,95,5,115,0,25,113,6,144,72,4,76,220
05/15/2021,SLE,OR,ANM,WE,Federal Contract Tower,0,1,11,0,12,0,0,119,1,120,0,1,130,1,132,46,0,46,178
05/16/2021,SLE,OR,ANM,WE,Federal Contract Tower,0,3,15,0,18,0,4,97,0,101,0,7,112,0,119,96,0,96,215
05/17/2021,SLE,OR,ANM,WE,Federal Contract Tower,0,9,24,0,33,0,0,7,7,14,0,9,31,7,47,2,4,6,53
05/18/2021,SLE,OR,ANM,WE,Federal Contract Tower,0,3,25,0,28,0,5,45,16,66,0,8,70,16,94,26,2,28,122
05/19/2021,SLE,OR,ANM,WE,Federal Contract Tower,0,6,13,2,21,0,3,31,12,46,0,9,44,14,67,16,0,16,83
05/20/2021,SLE,OR,ANM,WE,Federal Contract Tower,0,6,25,0,31,0,9,28,7,44,0,15,53,7,75,36,4,40,115
05/21/2021,SLE,OR,ANM,WE,Federal Contract Tower,0,3,11,3,17,0,7,50,5,62,0,10,61,8,79,88,4,92,171
05/22/2021,SLE,OR,ANM,WE,Federal Contract Tower,0,1,19,0,20,0,5,64,0,69,0,6,83,0,89,42,0,42,131
05/23/2021,SLE,OR,ANM,WE,Federal Contract Tower,0,3,9,0,12,0,4,18,0,22,0,7,27,0,34,10,0,10,44
05/24/2021,SLE,OR,ANM,WE,Federal Contract Tower,0,5,23,0,28,0,0,18,0,18,0,5,41,0,46,8,0,8,54
05/25/2021,SLE,OR,ANM,WE,Federal Contract Tower,0,4,16,5,25,0,5,45,2,52,0,9,61,7,77,42,0,42,119
05/26/2021,SLE,OR,ANM,WE,Federal Contract Tower,0,9,21,0,30,0,15,148,4,167,0,24,169,4,197,106,0,106,303
05/27/2021,SLE,OR,ANM,WE,Federal Contract Tower,0,5,8,2,15,0,4,5,7,16,0,9,13,9,31,4,10,14,45
05/28/2021,SLE,OR,ANM,WE,Federal Contract Tower,0,5,26,0,31,0,20,61,0,81,0,25,87,0,112,30,0,30,142
05/29/2021,SLE,OR,ANM,WE,Federal Contract Tower,0,2,9,0,11,0,2,97,0,99,0,4,106,0,110,90,0,90,200
05/30/2021,SLE,OR,ANM,WE,Federal Contract Tower,0,0,7,0,7,0,2,61,0,63,0,2,68,0,70,10,0,10,80
05/31/2021,SLE,OR,ANM,WE,Federal Contract Tower,0,0,7,0,7,0,7,86,0,93,0,7,93,0,100,84,0,84,184
06/01/2021,SLE,OR,ANM,WE,Federal Contract Tower,0,2,13,1,16,0,7,92,1,100,0,9,105,2,116,92,0,92,208
06/02/2021,SLE,OR,ANM,WE,Federal Contract Tower,0,7,23,0,30,0,19,79,4,102,0,26,102,4,132,80,0,80,212
06/03/2021,SLE,OR,ANM,WE,Federal Contract Tower,0,5,55,2,62,0,16,57,6,79,0,21,112,8,141,60,0,60,201
06/04/2021,SLE,OR,ANM,WE,Federal Contract Tower,0,5,14,1,20,0,13,77,7,97,0,18,91,8,117,66,16,82,199
06/05/2021,SLE,OR,ANM,WE,Federal Contract Tower,0,6,11,7,24,0,13,29,10,52,0,19,40,17,76,22,4,26,102
06/06/2021,SLE,OR,ANM,WE,Federal Contract Tower,0,0,17,0,17,0,14,35,9,58,0,14,52,9,75,10,10,20,95
06/07/2021,SLE,OR,ANM,WE,Federal Contract Tower,0,4,25,2,31,0,38,35,7,80,0,42,60,9,111,28,22,50,161
06/08/2021,SLE,OR,ANM,WE,Federal Contract Tower,0,7,22,3,32,0,7,65,10,82,0,14,87,13,114,52,12,64,178
06/09/2021,SLE,OR,ANM,WE,Federal Contract Tower,0,5,18,2,25,0,12,104,13,129,0,17,122,15,154,68,2,70,224
06/10/2021,SLE,OR,ANM,WE,Federal Contract Tower,0,3,23,2,28,0,4,60,7,71,0,7,83,9,99,88,0,88,187
06/11/2021,SLE,OR,ANM,WE,Federal Contract Tower,0,4,8,3,15,0,0,5,4,9,0,4,13,7,24,4,8,12,36
06/12/2021,SLE,OR,ANM,WE,Federal Contract Tower,0,1,15,0,16,5,56,0,0,61,5,57,15,0,77,16,0,16,93
06/13/2021,SLE,OR,ANM,WE,Federal Contract Tower,0,0,10,2,12,0,0,4,4,8,0,0,14,6,20,0,0,0,20
06/14/2021,SLE,OR,ANM,WE,Federal Contract Tower,0,9,20,7,36,0,6,29,0,35,0,15,49,7,71,32,0,32,103
06/15/2021,SLE,OR,ANM,WE,Federal Contract Tower,0,3,5,3,11,0,8,34,7,49,0,11,39,10,60,10,2,12,72
06/16/2021,SLE,OR,ANM,WE,Federal Contract Tower,0,2,13,3,18,0,16,108,3,127,0,18,121,6,145,64,6,70,215
06/17/2021,SLE,OR,ANM,WE,Federal Contract Tower,0,3,22,4,29,0,11,118,5,134,0,14,140,9,163,74,6,80,243
06/18/2021,SLE,OR,ANM,WE,Federal Contract Tower,0,1,8,2,11,0,14,96,0,110,0,15,104,2,121,106,0,106,227
06/19/2021,SLE,OR,ANM,WE,Federal Contract Tower,0,1,12,0,13,0,3,86,5,94,0,4,98,5,107,28,0,28,135
06/20/2021,SLE,OR,ANM,WE,Federal Contract Tower,0,2,15,1,18,0,3,58,0,61,0,5,73,1,79,16,0,16,95
06/21/2021,SLE,OR,ANM,WE,Federal Contract Tower,0,4,19,1,24,0,7,48,0,55,0,11,67,1,79,18,0,18,97
06/22/2021,SLE,OR,ANM,WE,Federal Contract Tower,0,11,17,2,30,0,21,82,11,114,0,32,99,13,144,152,4,156,300
06/23/2021,SLE,OR,ANM,WE,Federal Contract Tower,0,4,25,16,45,0,14,101,1,116,0,18,126,17,161,58,0,58,219
06/24/2021,SLE,OR,ANM,WE,Federal Contract Tower,0,5,20,0,25,1,10,66,3,80,1,15,86,3,105,46,2,48,153
06/25/2021,SLE,OR,ANM,WE,Federal Contract Tower,0,6,12,2,20,0,4,53,0,57,0,10,65,2,77,40,0,40,117
06/26/2021,SLE,OR,ANM,WE,Federal Contract Tower,0,2,7,2,11,0,8,52,2,62,0,10,59,4,73,8,0,8,81
06/27/2021,SLE,OR,ANM,WE,Federal Contract Tower,0,2,14,0,16,0,1,36,0,37,0,3,50,0,53,20,0,20,73
06/28/2021,SLE,OR,ANM,WE,Federal Contract Tower,0,3,9,0,12,0,3,24,0,27,0,6,33,0,39,8,0,8,47
06/29/2021,SLE,OR,ANM,WE,Federal Contract Tower,0,4,20,2,26,0,12,44,3,59,0,16,64,5,85,68,0,68,153
06/30/2021,SLE,OR,ANM,WE,Federal Contract Tower,0,6,32,3,41,0,11,46,3,60,0,17,78,6,101,90,0,90,191
07/01/2021,SLE,OR,ANM,WE,Federal Contract Tower,0,11,27,9,47,0,6,46,0,52,0,17,73,9,99,62,0,62,161
07/02/2021,SLE,OR,ANM,WE,Federal Contract Tower,0,3,11,0,14,0,14,80,4,98,0,17,91,4,112,130,2,132,244
07/03/2021,SLE,OR,ANM,WE,Federal Contract Tower,0,0,17,0,17,0,5,66,1,72,0,5,83,1,89,32,0,32,121
07/04/2021,SLE,OR,ANM,WE,Federal Contract Tower,0,0,3,0,3,0,7,26,0,33,0,7,29,0,36,18,0,18,54
07/05/2021,SLE,OR,ANM,WE,Federal Contract Tower,0,1,3,0,4,0,8,68,0,76,0,9,71,0,80,64,0,64,144
07/06/2021,SLE,OR,ANM,WE,Federal Contract Tower,0,5,14,0,19,0,19,75,10,104,0,24,89,10,123,38,18,56,179
07/07/2021,SLE,OR,ANM,WE,Federal Contract Tower,0,7,20,0,27,0,6,53,5,64,0,13,73,5,91,98,2,100,191
07/08/2021,SLE,OR,ANM,WE,Federal Contract Tower,0,5,34,3,42,0,14,55,7,76,0,19,89,10,118,16,0,16,134
07/09/2021,SLE,OR,ANM,WE,Federal Contract Tower,0,2,11,2,15,0,15,67,8,90,0,17,78,10,105,48,0,48,153
07/10/2021,SLE,OR,ANM,WE,Federal Contract Tower,0,1,5,5,11,0,5,81,11,97,0,6,86,16,108,40,2,42,150
07/11/2021,SLE,OR,ANM,WE,Federal Contract Tower,0,0,13,2,15,0,1,76,2,79,0,1,89,4,94,32,0,32,126
07/12/2021,SLE,OR,ANM,WE,Federal Contract Tower,0,3,24,2,29,0,8,61,3,72,0,11,85,5,101,8,0,8,109
07/13/2021,SLE,OR,ANM,WE,Federal Contract Tower,0,5,19,0,24,0,6,83,7,96,0,11,102,7,120,108,0,108,228
07/14/2021,SLE,OR,ANM,WE,Federal Contract Tower,0,1,12,2,15,0,2,90,6,98,0,3,102,8,113,38,8,46,159
07/15/2021,SLE,OR,ANM,WE,Federal Contract Tower,0,5,20,3,28,0,6,50,0,56,0,11,70,3,84,66,0,66,150
07/16/2021,SLE,OR,ANM,WE,Federal Contract Tower,0,3,22,0,25,0,19,48,1,68,0,22,70,1,93,78,0,78,171
07/17/2021,SLE,OR,ANM,WE,Federal Contract Tower,0,0,15,0,15,0,0,85,1,86,0,0,100,1,101,36,0,36,137
07/18/2021,SLE,OR,ANM,WE,Federal Contract Tower,0,0,6,0,6,0,3,63,0,66,0,3,69,0,72,30,0,30,102
07/19/2021,SLE,OR,ANM,WE,Federal Contract Tower,0,1,15,0,16,0,5,69,0,74,0,6,84,0,90,70,0,70,160
07/20/2021,SLE,OR,ANM,WE,Federal Contract Tower,0,1,22,3,26,0,11,58,3,72,0,12,80,6,98,78,8,86,184
07/21/2021,SLE,OR,ANM,WE,Federal Contract Tower,0,3,23,1,27,0,8,55,3,66,0,11,78,4,93,86,0,86,179
07/22/2021,SLE,OR,ANM,WE,Federal Contract Tower,0,4,19,2,25,0,1,75,10,86,0,5,94,12,111,10,0,10,121
07/23/2021,SLE,OR,ANM,WE,Federal Contract Tower,0,8,28,1,37,0,6,105,1,112,0,14,133,2,149,66,0,66,215
07/24/2021,SLE,OR,ANM,WE,Federal Contract Tower,0,3,13,0,16,0,5,90,2,97,0,8,103,2,113,54,0,54,167
07/25/2021,SLE,OR,ANM,WE,Federal Contract Tower,0,3,15,0,18,0,7,73,5,85,0,10,88,5,103,46,0,46,149
07/26/2021,SLE,OR,ANM,WE,Federal Contract Tower,0,9,10,0,19,0,9,41,2,52,0,18,51,2,71,26,0,26,97
07/27/2021,SLE,OR,ANM,WE,Federal Contract Tower,0,2,20,6,28,0,6,53,3,62,0,8,73,9,90,60,10,70,160
07/28/2021,SLE,OR,ANM,WE,Federal Contract Tower,0,5,13,2,20,0,7,58,8,73,0,12,71,10,93,84,2,86,179
07/29/2021,SLE,OR,ANM,WE,Federal Contract Tower,0,3,15,4,22,0,9,60,3,72,0,12,75,7,94,36,12,48,142
07/30/2021,SLE,OR,ANM,WE,Federal Contract Tower,0,3,16,0,19,0,3,61,6,70,0,6,77,6,89,40,0,40,129
07/31/2021,SLE,OR,ANM,WE,Federal Contract Tower,0,6,15,0,21,0,0,86,0,86,0,6,101,0,107,66,0,66,173
08/01/2021,SLE,OR,ANM,WE,Federal Contract Tower,0,4,18,0,22,0,0,60,0,60,0,4,78,0,82,20,0,20,102
08/02/2021,SLE,OR,ANM,WE,Federal Contract Tower,0,5,3,1,9,0,2,42,0,44,0,7,45,1,53,30,0,30,83
08/03/2021,SLE,OR,ANM,WE,Federal Contract Tower,0,1,24,0,25,0,14,54,2,70,0,15,78,2,95,64,0,64,159
08/04/2021,SLE,OR,ANM,WE,Federal Contract Tower,0,3,23,2,28,0,6,87,1,94,0,9,110,3,122,62,2,64,186
08/05/2021,SLE,OR,ANM,WE,Federal Contract Tower,0,4,8,0,12,0,10,39,3,52,0,14,47,3,64,72,0,72,136
08/06/2021,SLE,OR,ANM,WE,Federal Contract Tower,0,2,19,2,23,0,12,62,2,76,0,14,81,4,99,82,10,92,191
08/07/2021,SLE,OR,ANM,WE,Federal Contract Tower,0,4,3,0,7,0,0,56,2,58,0,4,59,2,65,54,0,54,119
08/08/2021,SLE,OR,ANM,WE,Federal Contract Tower,0,1,17,0,18,0,2,84,0,86,0,3,101,0,104,50,0,50,154
08/09/2021,SLE,OR,ANM,WE,Federal Contract Tower,0,3,15,2,20,0,4,50,4,58,0,7,65,6,78,62,0,62,140
08/10/2021,SLE,OR,ANM,WE,Federal Contract Tower,0,2,27,0,29,0,6,76,13,95,0,8,103,13,124,46,10,56,180
08/11/2021,SLE,OR,ANM,WE,Federal Contract Tower,0,4,19,1,24,0,7,69,9,85,0,11,88,10,109,52,8,60,169
08/12/2021,SLE,OR,ANM,WE,Federal Contract Tower,0,1,10,0,11,0,6,39,1,46,0,7,49,1,57,42,1,43,100
08/13/2021,SLE,OR,ANM,WE,Federal Contract Tower,0,2,8,3,13,0,6,29,1,36,0,8,37,4,49,4,0,4,53
08/15/2021,SLE,OR,ANM,WE,Federal Contract Tower,0,2,10,1,13,0,0,65,10,75,0,2,75,11,88,26,0,26,114
08/16/2021,SLE,OR,ANM,WE,Federal Contract Tower,0,3,10,0,13,0,10,60,1,71,0,13,70,1,84,48,0,48,132
08/17/2021,SLE,OR,ANM,WE,Federal Contract Tower,0,4,9,0,13,0,6,64,4,74,0,10,73,4,87,46,0,46,133
08/18/2021,SLE,OR,ANM,WE,Federal Contract Tower,0,4,11,1,16,0,11,81,5,97,0,15,92,6,113,56,0,56,169
08/19/2021,SLE,OR,ANM,WE,Federal Contract Tower,0,3,26,4,33,0,13,67,0,80,0,16,93,4,113,100,0,100,213
08/20/2021,SLE,OR,ANM,WE,Federal Contract Tower,0,4,20,2,26,0,5,42,0,47,0,9,62,2,73,38,0,38,111
08/21/2021,SLE,OR,ANM,WE,Federal Contract Tower,0,0,13,0,13,0,4,37,0,41,0,4,50,0,54,42,0,42,96
08/22/2021,SLE,OR,ANM,WE,Federal Contract Tower,0,1,15,0,16,0,3,50,0,53,0,4,65,0,69,56,0,56,125
08/23/2021,SLE,OR,ANM,WE,Federal Contract Tower,0,4,16,1,21,0,20,69,0,89,0,24,85,1,110,90,0,90,200
08/24/2021,SLE,OR,ANM,WE,Federal Contract Tower,0,8,11,0,19,0,9,72,4,85,0,17,83,4,104,64,0,64,168
08/25/2021,SLE,OR,ANM,WE,Federal Contract Tower,0,4,8,0,12,0,9,85,5,99,0,13,93,5,111,126,0,126,237
08/26/2021,SLE,OR,ANM,WE,Federal Contract Tower,0,3,25,2,30,0,10,45,4,59,0,13,70,6,89,84,4,88,177
08/27/2021,SLE,OR,ANM,WE,Federal Contract Tower,0,3,14,0,17,0,7,71,1,79,0,10,85,1,96,68,0,68,164
08/28/2021,SLE,OR,ANM,WE,Federal Contract Tower,0,0,8,0,8,0,7,79,0,86,0,7,87,0,94,12,0,12,106
08/29/2021,SLE,OR,ANM,WE,Federal Contract Tower,0,0,13,0,13,0,5,80,0,85,0,5,93,0,98,64,0,64,162
08/30/2021,SLE,OR,ANM,WE,Federal Contract Tower,0,1,18,0,19,0,7,83,0,90,0,8,101,0,109,98,0,98,207
08/31/2021,SLE,OR,ANM,WE,Federal Contract Tower,0,2,12,2,16,0,10,64,2,76,0,12,76,4,92,80,0,80,172
09/01/2021,SLE,OR,ANM,WE,Federal Contract Tower,0,2,18,0,20,0,11,97,1,109,0,13,115,1,129,116,0,116,245
09/02/2021,SLE,OR,ANM,WE,Federal Contract Tower,0,6,20,0,26,0,17,100,0,117,0,23,120,0,143,74,0,74,217
09/03/2021,SLE,OR,ANM,WE,Federal Contract Tower,0,2,19,0,21,0,21,92,0,113,0,23,111,0,134,120,0,120,254
09/04/2021,SLE,OR,ANM,WE,Federal Contract Tower,0,1,9,0,10,0,1,80,0,81,0,2,89,0,91,18,0,18,109
09/05/2021,SLE,OR,ANM,WE,Federal Contract Tower,0,0,11,0,11,0,4,91,0,95,0,4,102,0,106,64,0,64,170
09/06/2021,SLE,OR,ANM,WE,Federal Contract Tower,0,0,11,0,11,0,2,72,0,74,0,2,83,0,85,46,0,46,131
09/07/2021,SLE,OR,ANM,WE,Federal Contract Tower,0,3,16,2,21,0,7,43,1,51,0,10,59,3,72,68,0,68,140
09/08/2021,SLE,OR,ANM,WE,Federal Contract Tower,0,4,4,0,8,0,11,58,0,69,0,15,62,0,77,74,0,74,151
09/09/2021,SLE,OR,ANM,WE,Federal Contract Tower,0,1,11,5,17,0,13,56,3,72,0,14,67,8,89,52,0,52,141
09/10/2021,SLE,OR,ANM,WE,Federal Contract Tower,0,7,23,2,32,0,3,26,2,31,0,10,49,4,63,88,0,88,151
09/11/2021,SLE,OR,ANM,WE,Federal Contract Tower,0,2,12,0,14,0,11,78,7,96,0,13,90,7,110,74,2,76,186
09/12/2021,SLE,OR,ANM,WE,Federal Contract Tower,0,2,11,1,14,0,0,77,6,83,0,2,88,7,97,17,18,35,132
09/13/2021,SLE,OR,ANM,WE,Federal Contract Tower,0,1,19,1,21,0,9,95,1,105,0,10,114,2,126,86,0,86,212
09/14/2021,SLE,OR,ANM,WE,Federal Contract Tower,0,5,19,0,24,0,9,62,0,71,0,14,81,0,95,88,0,88,183
09/15/2021,SLE,OR,ANM,WE,Federal Contract Tower,0,3,17,1,21,0,5,74,4,83,0,8,91,5,104,52,0,52,156
09/16/2021,SLE,OR,ANM,WE,Federal Contract Tower,0,3,15,2,20,0,7,73,7,87,0,10,88,9,107,68,4,72,179
09/17/2021,SLE,OR,ANM,WE,Federal Contract Tower,0,4,12,2,18,0,4,46,0,50,0,8,58,2,68,14,0,14,82
09/18/2021,SLE,OR,ANM,WE,Federal Contract Tower,0,2,9,0,11,0,1,2,0,3,0,3,11,0,14,0,0,0,14
09/19/2021,SLE,OR,ANM,WE,Federal Contract Tower,0,0,11,0,11,0,0,11,0,11,0,0,22,0,22,8,0,8,30
09/20/2021,SLE,OR,ANM,WE,Federal Contract Tower,0,2,14,0,16,0,5,31,1,37,0,7,45,1,53,34,0,34,87
09/21/2021,SLE,OR,ANM,WE,Federal Contract Tower,0,5,22,0,27,0,3,126,4,133,0,8,148,4,160,134,0,134,294
09/22/2021,SLE,OR,ANM,WE,Federal Contract Tower,0,5,28,0,33,0,5,68,0,73,0,10,96,0,106,26,0,26,132
09/23/2021,SLE,OR,ANM,WE,Federal Contract Tower,0,5,15,0,20,0,4,50,0,54,0,9,65,0,74,96,10,106,180
09/24/2021,SLE,OR,ANM,WE,Federal Contract Tower,0,0,20,0,20,0,1,99,0,100,0,1,119,0,120,102,2,104,224
09/25/2021,SLE,OR,ANM,WE,Federal Contract Tower,0,1,6,0,7,0,3,94,0,97,0,4,100,0,104,54,0,54,158
09/26/2021,SLE,OR,ANM,WE,Federal Contract Tower,0,0,11,0,11,0,0,46,0,46,0,0,57,0,57,61,0,61,118
09/27/2021,SLE,OR,ANM,WE,Federal Contract Tower,0,3,5,0,8,0,0,0,0,0,0,3,5,0,8,0,0,0,8
09/28/2021,SLE,OR,ANM,WE,Federal Contract Tower,0,4,22,0,26,0,2,12,0,14,0,6,34,0,40,18,0,18,58
09/29/2021,SLE,OR,ANM,WE,Federal Contract Tower,0,3,27,1,31,0,6,65,4,75,0,9,92,5,106,118,0,118,224
09/30/2021,SLE,OR,ANM,WE,Federal Contract Tower,0,3,12,0,15,0,0,16,0,16,0,3,28,0,31,12,0,12,43
10/01/2021,SLE,OR,ANM,WE,Federal Contract Tower,0,4,8,0,12,0,3,61,0,64,0,7,69,0,76,94,0,94,170
10/02/2021,SLE,OR,ANM,WE,Federal Contract Tower,0,2,5,0,7,0,90,0,0,90,0,92,5,0,97,14,0,14,111
10/03/2021,SLE,OR,ANM,WE,Federal Contract Tower,0,6,17,0,23,0,2,70,0,72,0,8,87,0,95,54,0,54,149
10/04/2021,SLE,OR,ANM,WE,Federal Contract Tower,0,1,24,0,25,0,2,20,2,24,0,3,44,2,49,4,0,4,53
10/05/2021,SLE,OR,ANM,WE,Federal Contract Tower,0,3,25,2,30,0,0,2,4,6,0,3,27,6,36,32,18,50,86
10/06/2021,SLE,OR,ANM,WE,Federal Contract Tower,0,5,19,0,24,0,9,46,13,68,0,14,65,13,92,64,0,64,156
10/07/2021,SLE,OR,ANM,WE,Federal Contract Tower,0,8,17,0,25,0,21,77,9,107,0,29,94,9,132,70,0,70,202
10/08/2021,SLE,OR,ANM,WE,Federal Contract Tower,0,10,11,0,21,0,4,89,0,93,0,14,100,0,114,84,0,84,198
10/09/2021,SLE,OR,ANM,WE,Federal Contract Tower,0,0,16,0,16,0,2,68,0,70,0,2,84,0,86,30,0,30,116
10/10/2021,SLE,OR,ANM,WE,Federal Contract Tower,0,0,8,0,8,0,0,27,0,27,0,0,35,0,35,32,0,32,67
10/11/2021,SLE,OR,ANM,WE,Federal Contract Tower,0,10,19,0,29,0,10,69,0,79,0,20,88,0,108,63,0,63,171
10/12/2021,SLE,OR,ANM,WE,Federal Contract Tower,0,2,19,8,29,0,9,45,9,63,0,11,64,17,92,22,14,36,128
10/13/2021,SLE,OR,ANM,WE,Federal Contract Tower,0,9,18,2,29,0,0,8,1,9,0,9,26,3,38,0,0,0,38
10/14/2021,SLE,OR,ANM,WE,Federal Contract Tower,0,8,19,2,29,0,2,8,2,12,0,10,27,4,41,20,0,20,61
10/15/2021,SLE,OR,ANM,WE,Federal Contract Tower,0,7,17,1,25,0,2,51,2,55,0,9,68,3,80,88,2,90,170
10/16/2021,SLE,OR,ANM,WE,Federal Contract Tower,0,0,30,0,30,0,2,63,0,65,0,2,93,0,95,100,0,100,195
10/17/2021,SLE,OR,ANM,WE,Federal Contract Tower,0,1,11,0,12,0,3,17,1,21,0,4,28,1,33,28,0,28,61
10/18/2021,SLE,OR,ANM,WE,Federal Contract Tower,0,5,19,2,26,0,5,66,6,77,0,10,85,8,103,80,14,94,197
10/19/2021,SLE,OR,ANM,WE,Federal Contract Tower,0,2,22,0,24,0,12,52,7,71,0,14,74,7,95,62,6,68,163
10/20/2021,SLE,OR,ANM,WE,Federal Contract Tower,0,2,16,0,18,0,2,18,3,23,0,4,34,3,41,64,22,86,127
10/21/2021,SLE,OR,ANM,WE,Federal Contract Tower,0,5,16,2,23,0,7,31,5,43,0,12,47,7,66,8,2,10,76
10/22/2021,SLE,OR,ANM,WE,Federal Contract Tower,0,4,10,1,15,0,2,0,2,4,0,6,10,3,19,10,19,29,48
10/23/2021,SLE,OR,ANM,WE,Federal Contract Tower,0,0,16,0,16,0,0,5,6,11,0,0,21,6,27,0,21,21,48
10/24/2021,SLE,OR,ANM,WE,Federal Contract Tower,0,0,8,0,8,0,0,0,0,0,0,0,8,0,8,12,0,12,20
10/25/2021,SLE,OR,ANM,WE,Federal Contract Tower,0,1,4,0,5,0,0,0,0,0,0,1,4,0,5,0,0,0,5
10/26/2021,SLE,OR,ANM,WE,Federal Contract Tower,0,7,10,1,18,0,0,2,2,4,0,7,12,3,22,0,10,10,32
10/27/2021,SLE,OR,ANM,WE,Federal Contract Tower,0,13,35,1,49,0,3,25,2,30,0,16,60,3,79,28,6,34,113
10/28/2021,SLE,OR,ANM,WE,Federal Contract Tower,0,6,13,1,20,0,2,13,8,23,0,8,26,9,43,24,4,28,71
10/29/2021,SLE,OR,ANM,WE,Federal Contract Tower,0,4,13,2,19,0,9,36,2,47,0,13,49,4,66,56,4,60,126
10/30/2021,SLE,OR,ANM,WE,Federal Contract Tower,0,0,10,0,10,0,11,94,0,105,0,11,104,0,115,90,0,90,205
10/31/2021,SLE,OR,ANM,WE,Federal Contract Tower,0,0,17,0,17,0,0,110,0,110,0,0,127,0,127,185,0,185,312
11/01/2021,SLE,OR,ANM,WE,Federal Contract Tower,0,5,18,0,23,0,0,10,1,11,0,5,28,1,34,6,2,8,42
11/02/2021,SLE,OR,ANM,WE,Federal Contract Tower,0,12,21,2,35,0,1,1,2,4,0,13,22,4,39,0,0,0,39
11/03/2021,SLE,OR,ANM,WE,Federal Contract Tower,0,4,19,4,27,0,4,58,5,67,0,8,77,9,94,62,18,80,174
11/04/2021,SLE,OR,ANM,WE,Federal Contract Tower,0,4,3,2,9,0,0,3,2,5,0,4,6,4,14,0,6,6,20
11/05/2021,SLE,OR,ANM,WE,Federal Contract Tower,0,5,5,4,14,0,6,69,1,76,0,11,74,5,90,46,0,46,136
11/06/2021,SLE,OR,ANM,WE,Federal Contract Tower,0,2,4,1,7,0,3,0,5,8,0,5,4,6,15,0,2,2,17
11/07/2021,SLE,OR,ANM,WE,Federal Contract Tower,0,0,1,2,3,0,0,5,2,7,0,0,6,4,10,6,0,6,16
11/08/2021,SLE,OR,ANM,WE,Federal Contract Tower,0,7,12,2,21,0,11,65,2,78,0,18,77,4,99,68,4,72,171
11/09/2021,SLE,OR,ANM,WE,Federal Contract Tower,0,6,19,5,30,0,5,29,5,39,0,11,48,10,69,18,6,24,93
11/10/2021,SLE,OR,ANM,WE,Federal Contract Tower,0,6,20,2,28,0,2,68,8,78,0,8,88,10,106,74,20,94,200
11/11/2021,SLE,OR,ANM,WE,Federal Contract Tower,0,6,7,1,14,0,0,0,0,0,0,6,7,1,14,26,0,26,40
11/12/2021,SLE,OR,ANM,WE,Federal Contract Tower,0,4,17,0,21,0,1,2,2,5,0,5,19,2,26,0,16,16,42
11/13/2021,SLE,OR,ANM,WE,Federal Contract Tower,0,4,23,0,27,0,0,0,0,0,0,4,23,0,27,0,0,0,27
11/14/2021,SLE,OR,ANM,WE,Federal Contract Tower,0,0,9,0,9,0,0,32,0,32,0,0,41,0,41,28,0,28,69
11/15/2021,SLE,OR,ANM,WE,Federal Contract Tower,0,2,5,0,7,0,2,1,0,3,0,4,6,0,10,0,0,0,10
11/16/2021,SLE,OR,ANM,WE,Federal Contract Tower,0,7,35,1,43,0,8,107,13,128,0,15,142,14,171,126,0,126,297
11/17/2021,SLE,OR,ANM,WE,Federal Contract Tower,0,2,18,3,23,0,8,89,18,115,0,10,107,21,138,56,38,94,232
11/18/2021,SLE,OR,ANM,WE,Federal Contract Tower,0,8,18,0,26,0,5,34,11,50,0,13,52,11,76,30,8,38,114
11/19/2021,SLE,OR,ANM,WE,Federal Contract Tower,0,5,17,0,22,0,2,16,6,24,0,7,33,6,46,40,0,40,86
11/20/2021,SLE,OR,ANM,WE,Federal Contract Tower,0,0,17,2,19,0,7,93,0,100,0,7,110,2,119,94,0,94,213
11/21/2021,SLE,OR,ANM,WE,Federal Contract Tower,0,0,5,0,5,0,0,9,0,9,0,0,14,0,14,16,0,16,30
11/22/2021,SLE,OR,ANM,WE,Federal Contract Tower,0,4,10,2,16,0,0,36,0,36,0,4,46,2,52,67,0,67,119
11/23/2021,SLE,OR,ANM,WE,Federal Contract Tower,0,3,4,0,7,0,3,21,2,26,0,6,25,2,33,13,4,17,50
11/24/2021,SLE,OR,ANM,WE,Federal Contract Tower,0,4,14,0,18,0,0,0,0,0,0,4,14,0,18,0,0,0,18
11/25/2021,SLE,OR,ANM,WE,Federal Contract Tower,0,0,1,0,1,0,2,18,0,20,0,2,19,0,21,10,0,10,31
11/26/2021,SLE,OR,ANM,WE,Federal Contract Tower,0,4,13,0,17,0,2,20,0,22,0,6,33,0,39,29,0,29,68
11/27/2021,SLE,OR,ANM,WE,Federal Contract Tower,0,1,6,0,7,0,0,4,0,4,0,1,10,0,11,0,0,0,11
11/28/2021,SLE,OR,ANM,WE,Federal Contract Tower,0,1,29,0,30,0,0,50,0,50,0,1,79,0,80,32,0,32,112
11/29/2021,SLE,OR,ANM,WE,Federal Contract Tower,0,7,18,4,29,0,0,16,4,20,0,7,34,8,49,80,6,86,135
11/30/2021,SLE,OR,ANM,WE,Federal Contract Tower,0,1,13,3,17,0,6,62,8,76,0,7,75,11,93,60,4,64,157
12/01/2021,SLE,OR,ANM,WE,Federal Contract Tower,0,4,16,0,20,0,14,54,14,82,0,18,70,14,102,72,18,90,192
12/02/2021,SLE,OR,ANM,WE,Federal Contract Tower,0,5,26,1,32,0,6,44,3,53,0,11,70,4,85,44,4,48,133
12/03/2021,SLE,OR,ANM,WE,Federal Contract Tower,0,1,26,2,29,0,10,59,1,70,0,11,85,3,99,42,12,54,153
12/04/2021,SLE,OR,ANM,WE,Federal Contract Tower,0,0,7,0,7,0,1,8,0,9,0,1,15,0,16,26,0,26,42
12/05/2021,SLE,OR,ANM,WE,Federal Contract Tower,0,0,22,0,22,0,0,89,2,91,0,0,111,2,113,70,10,80,193
12/06/2021,SLE,OR,ANM,WE,Federal Contract Tower,0,4,5,6,15,0,0,0,0,0,0,4,5,6,15,0,32,32,47
12/07/2021,SLE,OR,ANM,WE,Federal Contract Tower,0,12,12,1,25,0,0,10,3,13,0,12,22,4,38,42,44,86,124
12/08/2021,SLE,OR,ANM,WE,Federal Contract Tower,0,6,6,0,12,0,8,46,7,61,0,14,52,7,73,86,4,90,163
12/09/2021,SLE,OR,ANM,WE,Federal Contract Tower,0,13,12,2,27,0,0,1,2,3,0,13,13,4,30,2,4,6,36
12/10/2021,SLE,OR,ANM,WE,Federal Contract Tower,0,8,9,2,19,0,3,6,3,12,0,11,15,5,31,17,0,17,48
12/11/2021,SLE,OR,ANM,WE,Federal Contract Tower,0,2,0,0,2,0,0,0,0,0,0,2,0,0,2,0,0,0,2
12/12/2021,SLE,OR,ANM,WE,Federal Contract Tower,0,0,6,0,6,0,0,3,0,3,0,0,9,0,9,14,0,14,23
12/13/2021,SLE,OR,ANM,WE,Federal Contract Tower,0,8,2,0,10,0,0,0,4,4,0,8,2,4,14,0,38,38,52
12/14/2021,SLE,OR,ANM,WE,Federal Contract Tower,0,8,18,1,27,0,31,78,21,130,0,39,96,22,157,90,12,102,259
12/16/2021,SLE,OR,ANM,WE,Federal Contract Tower,0,7,7,0,14,0,7,11,5,23,0,14,18,5,37,10,20,30,67
12/17/2021,SLE,OR,ANM,WE,Federal Contract Tower,0,9,21,0,30,0,5,23,0,28,0,14,44,0,58,50,0,50,108
12/18/2021,SLE,OR,ANM,WE,Federal Contract Tower,0,4,7,0,11,0,0,1,0,1,0,4,8,0,12,0,0,0,12
12/19/2021,SLE,OR,ANM,WE,Federal Contract Tower,0,0,0,0,0,0,0,0,0,0,0,0,0,0,0,0,0,0,0
12/20/2021,SLE,OR,ANM,WE,Federal Contract Tower,0,3,6,0,9,0,0,0,0,0,0,3,6,0,9,0,0,0,9
12/21/2021,SLE,OR,ANM,WE,Federal Contract Tower,0,13,11,4,28,0,15,31,3,49,0,28,42,7,77,48,16,64,141
12/22/2021,SLE,OR,ANM,WE,Federal Contract Tower,0,4,10,0,14,0,0,22,2,24,0,4,32,2,38,20,0,20,58
12/23/2021,SLE,OR,ANM,WE,Federal Contract Tower,0,6,10,0,16,0,0,33,0,33,0,6,43,0,49,50,0,50,99
12/24/2021,SLE,OR,ANM,WE,Federal Contract Tower,0,2,0,0,2,0,0,0,0,0,0,2,0,0,2,0,0,0,2
12/25/2021,SLE,OR,ANM,WE,Federal Contract Tower,0,0,0,0,0,0,0,0,0,0,0,0,0,0,0,0,0,0,0
12/26/2021,SLE,OR,ANM,WE,Federal Contract Tower,0,0,0,0,0,0,0,0,0,0,0,0,0,0,0,0,0,0,0
12/27/2021,SLE,OR,ANM,WE,Federal Contract Tower,0,2,2,0,4,0,0,2,0,2,0,2,4,0,6,0,0,0,6
12/28/2021,SLE,OR,ANM,WE,Federal Contract Tower,0,2,0,0,2,0,0,0,0,0,0,2,0,0,2,0,0,0,2
12/29/2021,SLE,OR,ANM,WE,Federal Contract Tower,0,3,5,0,8,0,3,19,0,22,0,6,24,0,30,96,0,96,126
12/30/2021,SLE,OR,ANM,WE,Federal Contract Tower,0,7,7,0,14,0,2,0,0,2,0,9,7,0,16,0,0,0,16
12/31/2021,SLE,OR,ANM,WE,Federal Contract Tower,0,3,4,0,7,0,2,43,0,45,0,5,47,0,52,90,0,90,142
01/01/2022,SLE,OR,ANM,WE,Federal Contract Tower,0,0,3,0,3,0,0,69,0,69,0,0,72,0,72,60,0,60,132
01/02/2022,SLE,OR,ANM,WE,Federal Contract Tower,0,2,5,0,7,0,0,9,0,9,0,2,14,0,16,22,0,22,38
01/03/2022,SLE,OR,ANM,WE,Federal Contract Tower,0,20,5,0,25,0,0,3,0,3,0,20,8,0,28,0,20,20,48
01/04/2022,SLE,OR,ANM,WE,Federal Contract Tower,0,13,0,0,13,0,0,2,1,3,0,13,2,1,16,0,14,14,30
01/05/2022,SLE,OR,ANM,WE,Federal Contract Tower,0,4,5,0,9,0,0,0,0,0,0,4,5,0,9,0,0,0,9
01/06/2022,SLE,OR,ANM,WE,Federal Contract Tower,0,19,4,2,25,0,1,4,3,8,0,20,8,5,33,8,8,16,49
01/07/2022,SLE,OR,ANM,WE,Federal Contract Tower,0,3,10,1,14,0,1,12,2,15,0,4,22,3,29,36,0,36,65
01/08/2022,SLE,OR,ANM,WE,Federal Contract Tower,0,1,26,3,30,0,2,89,8,99,0,3,115,11,129,68,12,80,209
01/09/2022,SLE,OR,ANM,WE,Federal Contract Tower,0,1,27,0,28,0,0,102,2,104,0,1,129,2,132,126,14,140,272
01/10/2022,SLE,OR,ANM,WE,Federal Contract Tower,0,4,8,0,12,0,7,13,0,20,0,11,21,0,32,30,0,30,62
01/11/2022,SLE,OR,ANM,WE,Federal Contract Tower,0,8,14,0,22,0,16,26,2,44,0,24,40,2,66,16,0,16,82
01/12/2022,SLE,OR,ANM,WE,Federal Contract Tower,0,8,16,4,28,0,21,69,3,93,0,29,85,7,121,82,6,88,209
01/13/2022,SLE,OR,ANM,WE,Federal Contract Tower,0,6,10,2,18,0,0,2,2,4,0,6,12,4,22,6,8,14,36
01/14/2022,SLE,OR,ANM,WE,Federal Contract Tower,0,6,17,2,25,0,0,11,0,11,0,6,28,2,36,31,0,31,67
01/15/2022,SLE,OR,ANM,WE,Federal Contract Tower,0,0,9,0,9,0,0,0,0,0,0,0,9,0,9,0,0,0,9
01/16/2022,SLE,OR,ANM,WE,Federal Contract Tower,0,0,5,0,5,0,0,15,0,15,0,0,20,0,20,18,0,18,38
01/17/2022,SLE,OR,ANM,WE,Federal Contract Tower,0,5,19,0,24,0,0,0,0,0,0,5,19,0,24,0,0,0,24
01/18/2022,SLE,OR,ANM,WE,Federal Contract Tower,0,7,13,2,22,0,2,7,8,17,0,9,20,10,39,10,86,96,135
01/19/2022,SLE,OR,ANM,WE,Federal Contract Tower,0,4,13,0,17,0,0,0,0,0,0,4,13,0,17,0,22,22,39
01/20/2022,SLE,OR,ANM,WE,Federal Contract Tower,0,13,25,4,42,0,0,20,16,36,0,13,45,20,78,14,30,44,122
01/21/2022,SLE,OR,ANM,WE,Federal Contract Tower,0,7,25,2,34,0,0,4,1,5,0,7,29,3,39,40,12,52,91
01/22/2022,SLE,OR,ANM,WE,Federal Contract Tower,0,0,17,0,17,0,0,56,0,56,0,0,73,0,73,59,0,59,132
01/23/2022,SLE,OR,ANM,WE,Federal Contract Tower,0,1,19,0,20,0,0,70,0,70,0,1,89,0,90,88,0,88,178
01/24/2022,SLE,OR,ANM,WE,Federal Contract Tower,0,17,7,0,24,0,0,0,0,0,0,17,7,0,24,0,0,0,24
01/25/2022,SLE,OR,ANM,WE,Federal Contract Tower,0,4,25,0,29,0,9,79,0,88,0,13,104,0,117,88,0,88,205
01/26/2022,SLE,OR,ANM,WE,Federal Contract Tower,0,6,14,0,20,0,3,83,18,104,0,9,97,18,124,90,18,108,232
01/27/2022,SLE,OR,ANM,WE,Federal Contract Tower,0,4,15,4,23,0,5,83,1,89,0,9,98,5,112,92,2,94,206
01/28/2022,SLE,OR,ANM,WE,Federal Contract Tower,0,3,17,4,24,0,6,79,2,87,0,9,96,6,111,97,2,99,210
01/29/2022,SLE,OR,ANM,WE,Federal Contract Tower,0,3,17,0,20,0,11,67,0,78,0,14,84,0,98,22,0,22,120
01/30/2022,SLE,OR,ANM,WE,Federal Contract Tower,0,1,0,0,1,0,0,14,0,14,0,1,14,0,15,2,0,2,17
01/31/2022,SLE,OR,ANM,WE,Federal Contract Tower,0,7,14,2,23,0,1,15,11,27,0,8,29,13,50,28,0,28,78
02/01/2022,SLE,OR,ANM,WE,Federal Contract Tower,0,8,10,0,18,0,0,13,15,28,0,8,23,15,46,28,42,70,116
02/02/2022,SLE,OR,ANM,WE,Federal Contract Tower,0,4,2,0,6,0,0,0,0,0,0,4,2,0,6,0,12,12,18
02/03/2022,SLE,OR,ANM,WE,Federal Contract Tower,0,5,22,3,30,0,13,30,5,48,0,18,52,8,78,52,10,62,140
02/04/2022,SLE,OR,ANM,WE,Federal Contract Tower,0,3,18,0,21,0,0,6,0,6,0,3,24,0,27,24,0,24,51
02/05/2022,SLE,OR,ANM,WE,Federal Contract Tower,0,0,16,0,16,0,1,39,0,40,0,1,55,0,56,19,0,19,75
02/06/2022,SLE,OR,ANM,WE,Federal Contract Tower,0,1,5,0,6,0,1,61,0,62,0,2,66,0,68,60,0,60,128
02/07/2022,SLE,OR,ANM,WE,Federal Contract Tower,0,4,15,1,20,0,0,8,4,12,0,4,23,5,32,11,10,21,53
02/08/2022,SLE,OR,ANM,WE,Federal Contract Tower,0,3,20,0,23,0,6,36,0,42,0,9,56,0,65,30,0,30,95
02/09/2022,SLE,OR,ANM,WE,Federal Contract Tower,0,5,22,0,27,0,2,42,1,45,0,7,64,1,72,58,0,58,130
02/10/2022,SLE,OR,ANM,WE,Federal Contract Tower,0,6,10,0,16,0,0,0,0,0,0,6,10,0,16,0,0,0,16
02/11/2022,SLE,OR,ANM,WE,Federal Contract Tower,0,5,27,0,32,0,1,65,0,66,0,6,92,0,98,86,0,86,184
02/12/2022,SLE,OR,ANM,WE,Federal Contract Tower,0,0,18,0,18,0,3,145,4,152,0,3,163,4,170,78,44,122,292
02/13/2022,SLE,OR,ANM,WE,Federal Contract Tower,0,0,8,4,12,0,0,72,1,73,0,0,80,5,85,18,6,24,109
02/14/2022,SLE,OR,ANM,WE,Federal Contract Tower,0,5,8,0,13,0,1,2,7,10,0,6,10,7,23,0,14,14,37
02/15/2022,SLE,OR,ANM,WE,Federal Contract Tower,0,4,24,1,29,0,6,21,20,47,0,10,45,21,76,48,72,120,196
02/16/2022,SLE,OR,ANM,WE,Federal Contract Tower,0,2,10,3,15,0,7,36,10,53,0,9,46,13,68,68,10,78,146
02/17/2022,SLE,OR,ANM,WE,Federal Contract Tower,0,1,34,0,35,0,7,19,16,42,0,8,53,16,77,30,38,68,145
02/18/2022,SLE,OR,ANM,WE,Federal Contract Tower,0,0,16,0,16,0,3,65,0,68,0,3,81,0,84,82,0,82,166
02/19/2022,SLE,OR,ANM,WE,Federal Contract Tower,0,4,11,2,17,0,0,23,0,23,0,4,34,2,40,38,0,38,78
02/20/2022,SLE,OR,ANM,WE,Federal Contract Tower,0,1,7,0,8,0,1,27,0,28,0,2,34,0,36,34,0,34,70
02/21/2022,SLE,OR,ANM,WE,Federal Contract Tower,0,4,5,0,9,0,0,4,0,4,0,4,9,0,13,4,0,4,17
02/22/2022,SLE,OR,ANM,WE,Federal Contract Tower,0,5,21,2,28,0,0,62,3,65,0,5,83,5,93,30,0,30,123
02/23/2022,SLE,OR,ANM,WE,Federal Contract Tower,0,4,29,0,33,0,3,112,3,118,0,7,141,3,151,69,8,77,228
02/24/2022,SLE,OR,ANM,WE,Federal Contract Tower,0,3,11,5,19,0,1,12,6,19,0,4,23,11,38,10,16,26,64
02/25/2022,SLE,OR,ANM,WE,Federal Contract Tower,0,6,20,1,27,0,14,81,7,102,0,20,101,8,129,78,14,92,221
02/26/2022,SLE,OR,ANM,WE,Federal Contract Tower,0,4,14,0,18,0,2,34,2,38,0,6,48,2,56,58,0,58,114
02/27/2022,SLE,OR,ANM,WE,Federal Contract Tower,0,2,23,0,25,0,0,2,0,2,0,2,25,0,27,0,0,0,27
02/28/2022,SLE,OR,ANM,WE,Federal Contract Tower,0,5,6,0,11,0,0,2,0,2,0,5,8,0,13,0,0,0,13
03/01/2022,SLE,OR,ANM,WE,Federal Contract Tower,0,4,20,4,28,0,0,4,8,12,0,4,24,12,40,0,44,44,84
03/02/2022,SLE,OR,ANM,WE,Federal Contract Tower,0,5,21,5,31,0,1,6,0,7,0,6,27,5,38,52,12,64,102
03/03/2022,SLE,OR,ANM,WE,Federal Contract Tower,0,3,20,4,27,0,4,24,12,40,0,7,44,16,67,6,0,6,73
03/04/2022,SLE,OR,ANM,WE,Federal Contract Tower,0,4,13,0,17,0,5,31,8,44,0,9,44,8,61,0,12,12,73
03/05/2022,SLE,OR,ANM,WE,Federal Contract Tower,0,4,22,2,28,0,2,98,20,120,0,6,120,22,148,55,15,70,218
03/06/2022,SLE,OR,ANM,WE,Federal Contract Tower,0,5,11,2,18,0,0,46,1,47,0,5,57,3,65,76,0,76,141
03/07/2022,SLE,OR,ANM,WE,Federal Contract Tower,0,5,21,0,26,0,7,40,11,58,0,12,61,11,84,24,7,31,115
03/08/2022,SLE,OR,ANM,WE,Federal Contract Tower,0,5,14,7,26,0,2,15,3,20,0,7,29,10,46,16,4,20,66
03/09/2022,SLE,OR,ANM,WE,Federal Contract Tower,0,4,13,0,17,0,2,33,3,38,0,6,46,3,55,16,0,16,71
03/10/2022,SLE,OR,ANM,WE,Federal Contract Tower,0,3,34,0,37,0,9,81,2,92,0,12,115,2,129,28,0,28,157
03/11/2022,SLE,OR,ANM,WE,Federal Contract Tower,0,3,33,2,38,0,5,92,4,101,0,8,125,6,139,62,2,64,203
03/12/2022,SLE,OR,ANM,WE,Federal Contract Tower,0,0,5,0,5,0,0,59,0,59,0,0,64,0,64,50,0,50,114
03/13/2022,SLE,OR,ANM,WE,Federal Contract Tower,0,0,9,0,9,0,0,1,0,1,0,0,10,0,10,0,0,0,10
03/14/2022,SLE,OR,ANM,WE,Federal Contract Tower,0,7,15,1,23,0,1,22,1,24,0,8,37,2,47,90,0,90,137
03/15/2022,SLE,OR,ANM,WE,Federal Contract Tower,0,8,14,0,22,0,4,29,5,38,0,12,43,5,60,14,4,18,78
03/16/2022,SLE,OR,ANM,WE,Federal Contract Tower,0,4,25,2,31,0,3,83,0,86,0,7,108,2,117,106,0,106,223
03/17/2022,SLE,OR,ANM,WE,Federal Contract Tower,0,4,9,4,17,0,6,30,3,39,0,10,39,7,56,40,0,40,96
03/18/2022,SLE,OR,ANM,WE,Federal Contract Tower,0,4,30,2,36,0,7,32,4,43,0,11,62,6,79,34,2,36,115
03/19/2022,SLE,OR,ANM,WE,Federal Contract Tower,0,0,15,2,17,0,4,23,3,30,0,4,38,5,47,24,0,24,71
03/20/2022,SLE,OR,ANM,WE,Federal Contract Tower,0,0,7,0,7,0,0,16,0,16,0,0,23,0,23,3,0,3,26
03/21/2022,SLE,OR,ANM,WE,Federal Contract Tower,0,4,10,0,14,1,1,1,0,3,1,5,11,0,17,9,0,9,26
03/22/2022,SLE,OR,ANM,WE,Federal Contract Tower,0,5,9,0,14,0,6,78,7,91,0,11,87,7,105,71,0,71,176
03/23/2022,SLE,OR,ANM,WE,Federal Contract Tower,0,5,16,3,24,0,6,7,8,21,0,11,23,11,45,22,22,44,89
03/24/2022,SLE,OR,ANM,WE,Federal Contract Tower,0,4,11,4,19,0,2,76,4,82,0,6,87,8,101,42,6,48,149
03/25/2022,SLE,OR,ANM,WE,Federal Contract Tower,0,1,19,4,24,0,2,75,5,82,0,3,94,9,106,43,4,47,153
03/26/2022,SLE,OR,ANM,WE,Federal Contract Tower,0,0,21,0,21,0,16,45,0,61,0,16,66,0,82,61,4,65,147
03/27/2022,SLE,OR,ANM,WE,Federal Contract Tower,0,0,14,0,14,0,0,47,0,47,0,0,61,0,61,38,0,38,99
03/28/2022,SLE,OR,ANM,WE,Federal Contract Tower,0,4,12,2,18,0,10,17,6,33,0,14,29,8,51,26,2,28,79
03/29/2022,SLE,OR,ANM,WE,Federal Contract Tower,0,4,14,2,20,0,4,40,9,53,0,8,54,11,73,66,16,82,155
03/30/2022,SLE,OR,ANM,WE,Federal Contract Tower,0,8,12,2,22,0,11,28,10,49,0,19,40,12,71,42,2,44,115
03/31/2022,SLE,OR,ANM,WE,Federal Contract Tower,0,3,13,2,18,0,5,60,10,75,0,8,73,12,93,28,6,34,127
04/01/2022,SLE,OR,ANM,WE,Federal Contract Tower,0,4,11,0,15,0,4,52,6,62,0,8,63,6,77,32,4,36,113
04/02/2022,SLE,OR,ANM,WE,Federal Contract Tower,0,0,6,0,6,0,2,96,8,106,0,2,102,8,112,56,8,64,176
04/03/2022,SLE,OR,ANM,WE,Federal Contract Tower,0,0,8,0,8,0,1,14,7,22,0,1,22,7,30,4,0,4,34
04/04/2022,SLE,OR,ANM,WE,Federal Contract Tower,0,3,1,0,4,0,0,3,0,3,0,3,4,0,7,0,0,0,7
04/05/2022,SLE,OR,ANM,WE,Federal Contract Tower,0,5,23,1,29,0,3,29,9,41,0,8,52,10,70,40,18,58,128
04/06/2022,SLE,OR,ANM,WE,Federal Contract Tower,0,3,21,2,26,0,5,72,4,81,0,8,93,6,107,50,0,50,157
04/07/2022,SLE,OR,ANM,WE,Federal Contract Tower,0,5,27,5,37,0,12,96,14,122,0,17,123,19,159,70,6,76,235
04/08/2022,SLE,OR,ANM,WE,Federal Contract Tower,0,5,12,0,17,0,0,22,3,25,0,5,34,3,42,24,0,24,66
04/09/2022,SLE,OR,ANM,WE,Federal Contract Tower,0,0,8,0,8,0,0,32,0,32,0,0,40,0,40,18,0,18,58
04/10/2022,SLE,OR,ANM,WE,Federal Contract Tower,0,7,13,0,20,0,0,6,0,6,0,7,19,0,26,22,0,22,48
04/11/2022,SLE,OR,ANM,WE,Federal Contract Tower,0,4,6,3,13,0,0,2,1,3,0,4,8,4,16,2,0,2,18
04/12/2022,SLE,OR,ANM,WE,Federal Contract Tower,0,7,6,4,17,0,0,0,4,4,0,7,6,8,21,0,26,26,47
04/13/2022,SLE,OR,ANM,WE,Federal Contract Tower,0,10,6,0,16,0,6,9,10,25,0,16,15,10,41,0,12,12,53
04/14/2022,SLE,OR,ANM,WE,Federal Contract Tower,0,7,21,0,28,0,0,9,7,16,0,7,30,7,44,14,14,28,72
04/15/2022,SLE,OR,ANM,WE,Federal Contract Tower,0,6,13,4,23,0,9,62,10,81,0,15,75,14,104,64,0,64,168
04/16/2022,SLE,OR,ANM,WE,Federal Contract Tower,0,3,15,0,18,0,0,14,3,17,0,3,29,3,35,22,0,22,57
04/17/2022,SLE,OR,ANM,WE,Federal Contract Tower,0,3,10,0,13,0,2,59,0,61,0,5,69,0,74,24,0,24,98
04/18/2022,SLE,OR,ANM,WE,Federal Contract Tower,0,7,6,2,15,0,2,9,7,18,0,9,15,9,33,48,0,48,81
04/19/2022,SLE,OR,ANM,WE,Federal Contract Tower,0,7,9,0,16,0,0,1,0,1,0,7,10,0,17,0,0,0,17
04/20/2022,SLE,OR,ANM,WE,Federal Contract Tower,0,5,3,2,10,0,2,2,2,6,0,7,5,4,16,0,8,8,24
04/21/2022,SLE,OR,ANM,WE,Federal Contract Tower,0,4,10,2,16,0,15,8,3,26,0,19,18,5,42,10,0,10,52
04/22/2022,SLE,OR,ANM,WE,Federal Contract Tower,0,7,5,10,22,0,12,29,5,46,0,19,34,15,68,72,4,76,144
04/23/2022,SLE,OR,ANM,WE,Federal Contract Tower,0,2,10,0,12,0,5,130,0,135,0,7,140,0,147,136,0,136,283
04/24/2022,SLE,OR,ANM,WE,Federal Contract Tower,0,1,21,0,22,0,0,117,0,117,0,1,138,0,139,40,0,40,179
04/25/2022,SLE,OR,ANM,WE,Federal Contract Tower,0,4,12,5,21,0,5,10,6,21,0,9,22,11,42,38,4,42,84
04/26/2022,SLE,OR,ANM,WE,Federal Contract Tower,0,4,8,2,14,0,6,29,7,42,0,10,37,9,56,21,4,25,81
04/27/2022,SLE,OR,ANM,WE,Federal Contract Tower,0,5,18,1,24,0,4,59,5,68,0,9,77,6,92,106,0,106,198
04/28/2022,SLE,OR,ANM,WE,Federal Contract Tower,0,2,8,0,10,0,4,42,7,53,0,6,50,7,63,38,8,46,109
04/29/2022,SLE,OR,ANM,WE,Federal Contract Tower,0,5,8,0,13,0,5,33,0,38,0,10,41,0,51,53,0,53,104
04/30/2022,SLE,OR,ANM,WE,Federal Contract Tower,0,0,5,0,5,0,2,15,2,19,0,2,20,2,24,54,4,58,82
05/01/2022,SLE,OR,ANM,WE,Federal Contract Tower,0,1,24,0,25,0,1,61,0,62,0,2,85,0,87,74,0,74,161
05/02/2022,SLE,OR,ANM,WE,Federal Contract Tower,0,8,3,0,11,0,0,1,0,1,0,8,4,0,12,0,0,0,12
05/03/2022,SLE,OR,ANM,WE,Federal Contract Tower,0,5,28,0,33,0,3,52,0,55,0,8,80,0,88,70,10,80,168
05/04/2022,SLE,OR,ANM,WE,Federal Contract Tower,0,2,27,2,31,0,12,136,0,148,0,14,163,2,179,134,0,134,313
05/05/2022,SLE,OR,ANM,WE,Federal Contract Tower,0,7,10,0,17,0,1,2,0,3,0,8,12,0,20,4,0,4,24
05/06/2022,SLE,OR,ANM,WE,Federal Contract Tower,0,4,8,1,13,0,2,0,5,7,0,6,8,6,20,0,0,0,20
05/07/2022,SLE,OR,ANM,WE,Federal Contract Tower,0,0,11,0,11,0,4,13,0,17,0,4,24,0,28,22,0,22,50
05/08/2022,SLE,OR,ANM,WE,Federal Contract Tower,0,2,5,0,7,0,0,3,0,3,0,2,8,0,10,14,0,14,24
05/09/2022,SLE,OR,ANM,WE,Federal Contract Tower,0,5,12,0,17,0,4,25,1,30,0,9,37,1,47,27,4,31,78
05/10/2022,SLE,OR,ANM,WE,Federal Contract Tower,0,2,19,0,21,0,6,71,9,86,0,8,90,9,107,78,2,80,187
05/11/2022,SLE,OR,ANM,WE,Federal Contract Tower,0,4,30,0,34,0,7,80,6,93,0,11,110,6,127,30,4,34,161
05/12/2022,SLE,OR,ANM,WE,Federal Contract Tower,0,4,2,8,14,0,0,6,0,6,0,4,8,8,20,12,0,12,32
05/13/2022,SLE,OR,ANM,WE,Federal Contract Tower,0,6,23,0,29,0,8,59,5,72,0,14,82,5,101,84,0,84,185
05/14/2022,SLE,OR,ANM,WE,Federal Contract Tower,0,1,9,4,14,0,1,14,1,16,0,2,23,5,30,16,0,16,46
05/15/2022,SLE,OR,ANM,WE,Federal Contract Tower,0,0,14,3,17,0,4,30,0,34,0,4,44,3,51,16,0,16,67
05/16/2022,SLE,OR,ANM,WE,Federal Contract Tower,0,3,78,0,81,0,6,114,3,123,0,9,192,3,204,138,6,144,348
05/17/2022,SLE,OR,ANM,WE,Federal Contract Tower,0,3,22,0,25,0,17,99,6,122,0,20,121,6,147,80,0,80,227
05/18/2022,SLE,OR,ANM,WE,Federal Contract Tower,0,4,7,0,11,0,2,17,2,21,0,6,24,2,32,22,0,22,54
05/19/2022,SLE,OR,ANM,WE,Federal Contract Tower,0,4,10,1,15,0,5,32,5,42,0,9,42,6,57,16,0,16,73
05/20/2022,SLE,OR,ANM,WE,Federal Contract Tower,0,4,22,0,26,0,9,60,2,71,0,13,82,2,97,60,0,60,157
05/21/2022,SLE,OR,ANM,WE,Federal Contract Tower,0,1,19,0,20,0,2,111,0,113,0,3,130,0,133,53,0,53,186
05/22/2022,SLE,OR,ANM,WE,Federal Contract Tower,0,0,15,0,15,0,0,62,0,62,0,0,77,0,77,93,0,93,170
05/23/2022,SLE,OR,ANM,WE,Federal Contract Tower,0,4,20,0,24,0,3,58,3,64,0,7,78,3,88,96,0,96,184
05/24/2022,SLE,OR,ANM,WE,Federal Contract Tower,0,4,20,0,24,0,6,72,4,82,0,10,92,4,106,97,0,97,203
05/25/2022,SLE,OR,ANM,WE,Federal Contract Tower,0,4,31,1,36,0,1,64,0,65,0,5,95,1,101,130,0,130,231
05/26/2022,SLE,OR,ANM,WE,Federal Contract Tower,0,4,14,1,19,0,4,49,10,63,0,8,63,11,82,40,0,40,122
05/27/2022,SLE,OR,ANM,WE,Federal Contract Tower,0,4,4,0,8,0,2,28,3,33,0,6,32,3,41,68,0,68,109
05/28/2022,SLE,OR,ANM,WE,Federal Contract Tower,0,0,11,0,11,0,0,8,0,8,0,0,19,0,19,4,0,4,23
05/29/2022,SLE,OR,ANM,WE,Federal Contract Tower,0,1,11,0,12,0,1,9,0,10,0,2,20,0,22,20,0,20,42
05/30/2022,SLE,OR,ANM,WE,Federal Contract Tower,0,0,25,0,25,0,6,43,0,49,0,6,68,0,74,73,0,73,147
05/31/2022,SLE,OR,ANM,WE,Federal Contract Tower,0,3,78,0,81,0,6,114,3,123,0,9,192,3,204,138,6,144,348
06/01/2022,SLE,OR,ANM,WE,Federal Contract Tower,0,2,20,0,22,0,10,58,5,73,0,12,78,5,95,94,2,96,191
06/02/2022,SLE,OR,ANM,WE,Federal Contract Tower,0,3,17,6,26,0,11,102,7,120,0,14,119,13,146,86,2,88,234
06/03/2022,SLE,OR,ANM,WE,Federal Contract Tower,0,3,4,0,7,0,7,18,4,29,0,10,22,4,36,2,2,4,40
06/04/2022,SLE,OR,ANM,WE,Federal Contract Tower,0,0,5,4,9,0,0,0,0,0,0,0,5,4,9,0,0,0,9
06/05/2022,SLE,OR,ANM,WE,Federal Contract Tower,0,0,4,2,6,0,0,6,0,6,0,0,10,2,12,4,0,4,16
06/06/2022,SLE,OR,ANM,WE,Federal Contract Tower,0,5,23,1,29,0,2,17,3,22,0,7,40,4,51,43,0,43,94
06/07/2022,SLE,OR,ANM,WE,Federal Contract Tower,0,4,14,0,18,0,0,76,5,81,0,4,90,5,99,91,9,100,199
06/08/2022,SLE,OR,ANM,WE,Federal Contract Tower,0,6,14,0,20,0,6,51,11,68,0,12,65,11,88,78,0,78,166
06/09/2022,SLE,OR,ANM,WE,Federal Contract Tower,0,7,27,2,36,0,4,46,3,53,0,11,73,5,89,42,0,42,131
06/10/2022,SLE,OR,ANM,WE,Federal Contract Tower,0,4,16,4,24,0,0,1,0,1,0,4,17,4,25,30,0,30,55
06/11/2022,SLE,OR,ANM,WE,Federal Contract Tower,0,0,11,2,13,0,0,9,0,9,0,0,20,2,22,31,0,31,53
06/12/2022,SLE,OR,ANM,WE,Federal Contract Tower,0,1,11,4,16,0,0,15,3,18,0,1,26,7,34,4,14,18,52
06/13/2022,SLE,OR,ANM,WE,Federal Contract Tower,0,3,14,2,19,0,8,19,0,27,0,11,33,2,46,40,0,40,86
06/14/2022,SLE,OR,ANM,WE,Federal Contract Tower,0,7,10,3,20,0,3,48,4,55,0,10,58,7,75,106,4,110,185
06/15/2022,SLE,OR,ANM,WE,Federal Contract Tower,0,5,15,2,22,0,15,74,4,93,0,20,89,6,115,114,0,114,229
06/16/2022,SLE,OR,ANM,WE,Federal Contract Tower,2,3,10,1,16,0,5,37,0,42,2,8,47,1,58,114,0,114,172
06/17/2022,SLE,OR,ANM,WE,Federal Contract Tower,0,3,15,0,18,0,1,9,0,10,0,4,24,0,28,21,0,21,49
06/18/2022,SLE,OR,ANM,WE,Federal Contract Tower,0,2,11,0,13,0,0,33,0,33,0,2,44,0,46,53,0,53,99
06/19/2022,SLE,OR,ANM,WE,Federal Contract Tower,0,0,12,2,14,0,0,13,0,13,0,0,25,2,27,30,0,30,57
06/20/2022,SLE,OR,ANM,WE,Federal Contract Tower,0,2,10,2,14,0,5,46,1,52,0,7,56,3,66,82,0,82,148
06/21/2022,SLE,OR,ANM,WE,Federal Contract Tower,0,5,10,6,21,0,4,69,3,76,0,9,79,9,97,64,0,64,161
06/22/2022,SLE,OR,ANM,WE,Federal Contract Tower,0,4,11,0,15,0,1,89,6,96,0,5,100,6,111,99,0,99,210
06/23/2022,SLE,OR,ANM,WE,Federal Contract Tower,0,5,8,5,18,0,1,75,3,79,0,6,83,8,97,124,0,124,221
06/24/2022,SLE,OR,ANM,WE,Federal Contract Tower,0,2,10,4,16,0,3,99,4,106,0,5,109,8,122,54,0,54,176
06/25/2022,SLE,OR,ANM,WE,Federal Contract Tower,0,0,6,0,6,0,1,63,1,65,0,1,69,1,71,40,0,40,111
06/26/2022,SLE,OR,ANM,WE,Federal Contract Tower,0,1,8,0,9,0,0,52,0,52,0,1,60,0,61,29,0,29,90
06/27/2022,SLE,OR,ANM,WE,Federal Contract Tower,0,4,8,0,12,0,6,57,4,67,0,10,65,4,79,75,2,77,156
06/28/2022,SLE,OR,ANM,WE,Federal Contract Tower,0,4,18,4,26,0,6,63,6,75,0,10,81,10,101,36,2,38,139
06/29/2022,SLE,OR,ANM,WE,Federal Contract Tower,0,8,20,4,32,0,8,82,2,92,0,16,102,6,124,94,4,98,222
06/30/2022,SLE,OR,ANM,WE,Federal Contract Tower,0,3,16,0,19,0,8,107,6,121,0,11,123,6,140,104,0,104,244
07/01/2022,SLE,OR,ANM,WE,Federal Contract Tower,0,8,11,0,19,0,10,71,2,83,0,18,82,2,102,9,0,9,111
07/02/2022,SLE,OR,ANM,WE,Federal Contract Tower,0,4,9,1,14,0,1,26,1,28,0,5,35,2,42,52,0,52,94
07/03/2022,SLE,OR,ANM,WE,Federal Contract Tower,0,0,14,0,14,0,1,25,0,26,0,1,39,0,40,30,0,30,70
07/04/2022,SLE,OR,ANM,WE,Federal Contract Tower,0,0,2,0,2,0,1,20,0,21,0,1,22,0,23,29,0,29,52
07/05/2022,SLE,OR,ANM,WE,Federal Contract Tower,0,5,8,0,13,0,3,47,5,55,0,8,55,5,68,46,0,46,114
07/06/2022,SLE,OR,ANM,WE,Federal Contract Tower,0,6,16,3,25,0,5,26,6,37,0,11,42,9,62,42,0,42,104
07/07/2022,SLE,OR,ANM,WE,Federal Contract Tower,0,8,27,0,35,0,15,47,8,70,0,23,74,8,105,56,0,56,161
07/08/2022,SLE,OR,ANM,WE,Federal Contract Tower,0,4,22,3,29,0,17,87,6,110,0,21,109,9,139,135,0,135,274
07/09/2022,SLE,OR,ANM,WE,Federal Contract Tower,0,3,10,2,15,0,4,54,0,58,0,7,64,2,73,100,0,100,173
07/10/2022,SLE,OR,ANM,WE,Federal Contract Tower,0,3,10,0,13,0,2,85,0,87,0,5,95,0,100,65,0,65,165
07/11/2022,SLE,OR,ANM,WE,Federal Contract Tower,0,2,12,2,16,0,13,46,2,61,0,15,58,4,77,26,0,26,103
07/12/2022,SLE,OR,ANM,WE,Federal Contract Tower,0,5,15,0,20,0,11,42,0,53,0,16,57,0,73,68,0,68,141
07/13/2022,SLE,OR,ANM,WE,Federal Contract Tower,0,6,10,5,21,0,11,50,2,63,0,17,60,7,84,50,0,50,134
07/14/2022,SLE,OR,ANM,WE,Federal Contract Tower,0,4,21,1,26,0,11,58,1,70,0,15,79,2,96,144,0,144,240
07/15/2022,SLE,OR,ANM,WE,Federal Contract Tower,0,4,12,2,18,0,14,95,0,109,0,18,107,2,127,70,0,70,197
07/16/2022,SLE,OR,ANM,WE,Federal Contract Tower,0,0,10,1,11,0,7,36,4,47,0,7,46,5,58,18,4,22,80
07/17/2022,SLE,OR,ANM,WE,Federal Contract Tower,0,0,8,0,8,0,1,50,9,60,0,1,58,9,68,53,0,53,121
07/18/2022,SLE,OR,ANM,WE,Federal Contract Tower,0,4,20,2,26,0,12,69,4,85,0,16,89,6,111,36,0,36,147
07/19/2022,SLE,OR,ANM,WE,Federal Contract Tower,0,4,8,0,12,0,20,84,30,134,0,24,92,30,146,109,2,111,257
07/20/2022,SLE,OR,ANM,WE,Federal Contract Tower,0,2,10,1,13,0,18,69,6,93,0,20,79,7,106,82,0,82,188
07/21/2022,SLE,OR,ANM,WE,Federal Contract Tower,0,6,11,0,17,0,3,63,5,71,0,9,74,5,88,80,2,82,170
07/22/2022,SLE,OR,ANM,WE,Federal Contract Tower,0,4,26,2,32,0,2,70,1,73,0,6,96,3,105,56,0,56,161
07/23/2022,SLE,OR,ANM,WE,Federal Contract Tower,0,2,16,0,18,0,4,87,0,91,0,6,103,0,109,80,0,80,189
07/24/2022,SLE,OR,ANM,WE,Federal Contract Tower,0,4,15,0,19,0,5,33,0,38,0,9,48,0,57,4,0,4,61
07/25/2022,SLE,OR,ANM,WE,Federal Contract Tower,0,4,6,3,13,0,8,27,1,36,0,12,33,4,49,69,0,69,118
07/26/2022,SLE,OR,ANM,WE,Federal Contract Tower,0,4,10,1,15,0,15,48,6,69,0,19,58,7,84,42,0,42,126
07/27/2022,SLE,OR,ANM,WE,Federal Contract Tower,0,4,10,4,18,0,6,54,7,67,0,10,64,11,85,68,0,68,153
07/28/2022,SLE,OR,ANM,WE,Federal Contract Tower,0,3,19,2,24,0,13,46,9,68,0,16,65,11,92,88,4,92,184
07/29/2022,SLE,OR,ANM,WE,Federal Contract Tower,0,3,8,0,11,0,17,70,6,93,0,20,78,6,104,77,0,77,181
07/30/2022,SLE,OR,ANM,WE,Federal Contract Tower,0,0,3,0,3,0,13,47,0,60,0,13,50,0,63,52,0,52,115
07/31/2022,SLE,OR,ANM,WE,Federal Contract Tower,0,0,11,0,11,0,15,71,0,86,0,15,82,0,97,66,0,66,163
08/01/2022,SLE,OR,ANM,WE,Federal Contract Tower,0,4,7,0,11,0,11,26,3,40,0,15,33,3,51,55,22,77,128
08/02/2022,SLE,OR,ANM,WE,Federal Contract Tower,0,8,7,2,17,0,4,61,6,71,0,12,68,8,88,75,8,83,171
08/03/2022,SLE,OR,ANM,WE,Federal Contract Tower,0,4,20,3,27,0,9,77,12,98,0,13,97,15,125,6,0,6,131
08/04/2022,SLE,OR,ANM,WE,Federal Contract Tower,0,7,20,2,29,0,15,72,7,94,0,22,92,9,123,4,6,10,133
08/05/2022,SLE,OR,ANM,WE,Federal Contract Tower,0,12,17,0,29,0,19,70,2,91,0,31,87,2,120,39,0,39,159
08/06/2022,SLE,OR,ANM,WE,Federal Contract Tower,0,4,7,7,18,0,3,61,3,67,0,7,68,10,85,39,2,41,126
08/07/2022,SLE,OR,ANM,WE,Federal Contract Tower,0,0,14,2,16,0,0,51,8,59,0,0,65,10,75,6,0,6,81
08/08/2022,SLE,OR,ANM,WE,Federal Contract Tower,0,3,4,0,7,0,9,35,0,44,0,12,39,0,51,8,0,8,59
08/09/2022,SLE,OR,ANM,WE,Federal Contract Tower,0,4,6,2,12,0,9,45,2,56,0,13,51,4,68,13,0,13,81
08/10/2022,SLE,OR,ANM,WE,Federal Contract Tower,0,5,12,0,17,0,6,50,4,60,0,11,62,4,77,36,0,36,113
08/11/2022,SLE,OR,ANM,WE,Federal Contract Tower,0,2,11,2,15,0,6,66,0,72,0,8,77,2,87,92,0,92,179
08/12/2022,SLE,OR,ANM,WE,Federal Contract Tower,0,4,15,0,19,0,9,79,3,91,0,13,94,3,110,33,0,33,143
08/13/2022,SLE,OR,ANM,WE,Federal Contract Tower,0,0,23,2,25,0,8,80,0,88,0,8,103,2,113,40,1,41,154
08/14/2022,SLE,OR,ANM,WE,Federal Contract Tower,0,2,12,0,14,0,3,71,2,76,0,5,83,2,90,75,0,75,165
08/15/2022,SLE,OR,ANM,WE,Federal Contract Tower,0,6,8,5,19,0,16,63,6,85,0,22,71,11,104,53,2,55,159
08/16/2022,SLE,OR,ANM,WE,Federal Contract Tower,0,5,14,2,21,0,8,71,2,81,0,13,85,4,102,44,6,50,152
08/17/2022,SLE,OR,ANM,WE,Federal Contract Tower,0,5,23,2,30,0,8,37,16,61,0,13,60,18,91,74,2,76,167
08/18/2022,SLE,OR,ANM,WE,Federal Contract Tower,0,7,25,4,36,0,3,87,9,99,0,10,112,13,135,54,4,58,193
08/19/2022,SLE,OR,ANM,WE,Federal Contract Tower,0,4,25,1,30,0,2,51,3,56,0,6,76,4,86,4,3,7,93
08/20/2022,SLE,OR,ANM,WE,Federal Contract Tower,0,0,20,0,20,0,7,27,0,34,0,7,47,0,54,50,0,50,104
08/21/2022,SLE,OR,ANM,WE,Federal Contract Tower,0,1,13,0,14,0,6,44,0,50,0,7,57,0,64,20,0,20,84
08/22/2022,SLE,OR,ANM,WE,Federal Contract Tower,0,7,10,0,17,0,15,61,2,78,0,22,71,2,95,71,0,71,166
08/23/2022,SLE,OR,ANM,WE,Federal Contract Tower,0,5,21,0,26,0,10,55,10,75,0,15,76,10,101,39,0,39,140
08/24/2022,SLE,OR,ANM,WE,Federal Contract Tower,0,3,15,3,21,0,13,55,17,85,0,16,70,20,106,141,0,141,247
08/25/2022,SLE,OR,ANM,WE,Federal Contract Tower,0,7,15,2,24,0,10,83,6,99,0,17,98,8,123,122,2,124,247
08/26/2022,SLE,OR,ANM,WE,Federal Contract Tower,0,6,36,1,43,0,11,94,6,111,0,17,130,7,154,87,0,87,241
08/27/2022,SLE,OR,ANM,WE,Federal Contract Tower,0,1,21,0,22,0,4,76,16,96,0,5,97,16,118,32,0,32,150
08/28/2022,SLE,OR,ANM,WE,Federal Contract Tower,0,2,6,0,8,0,7,70,0,77,0,9,76,0,85,96,0,96,181
08/29/2022,SLE,OR,ANM,WE,Federal Contract Tower,0,4,22,3,29,0,2,55,2,59,0,6,77,5,88,24,0,24,112
08/30/2022,SLE,OR,ANM,WE,Federal Contract Tower,0,4,27,1,32,0,5,49,5,59,0,9,76,6,91,127,4,131,222
08/31/2022,SLE,OR,ANM,WE,Federal Contract Tower,0,8,13,3,24,0,7,78,4,89,0,15,91,7,113,88,2,90,203
09/01/2022,SLE,OR,ANM,WE,Federal Contract Tower,0,6,15,2,23,0,20,63,8,91,0,26,78,10,114,132,0,132,246
09/02/2022,SLE,OR,ANM,WE,Federal Contract Tower,0,4,35,0,39,0,14,45,2,61,0,18,80,2,100,43,0,43,143
09/03/2022,SLE,OR,ANM,WE,Federal Contract Tower,0,0,22,0,22,0,6,61,0,67,0,6,83,0,89,83,0,83,172
09/04/2022,SLE,OR,ANM,WE,Federal Contract Tower,0,3,12,0,15,0,0,55,0,55,0,3,67,0,70,55,0,55,125
09/05/2022,SLE,OR,ANM,WE,Federal Contract Tower,0,1,18,0,19,0,3,75,0,78,0,4,93,0,97,46,0,46,143
09/06/2022,SLE,OR,ANM,WE,Federal Contract Tower,0,3,16,2,21,0,20,58,2,80,0,23,74,4,101,127,0,127,228
09/07/2022,SLE,OR,ANM,WE,Federal Contract Tower,0,5,25,4,34,0,6,71,3,80,0,11,96,7,114,106,0,106,220
09/08/2022,SLE,OR,ANM,WE,Federal Contract Tower,0,5,44,3,52,0,23,85,7,115,0,28,129,10,167,134,2,136,303
09/09/2022,SLE,OR,ANM,WE,Federal Contract Tower,0,5,4,5,14,0,7,34,6,47,0,12,38,11,61,26,0,26,87
09/10/2022,SLE,OR,ANM,WE,Federal Contract Tower,0,1,20,2,23,0,12,39,11,62,0,13,59,13,85,45,22,67,152
09/11/2022,SLE,OR,ANM,WE,Federal Contract Tower,0,0,20,3,23,0,2,31,3,36,0,2,51,6,59,54,15,69,128
09/12/2022,SLE,OR,ANM,WE,Federal Contract Tower,0,4,32,0,36,0,3,44,9,56,0,7,76,9,92,202,8,210,302
09/13/2022,SLE,OR,ANM,WE,Federal Contract Tower,0,2,21,2,25,0,14,66,6,86,0,16,87,8,111,130,0,130,241
09/14/2022,SLE,OR,ANM,WE,Federal Contract Tower,0,9,22,0,31,0,28,48,8,84,0,37,70,8,115,42,20,62,177
09/15/2022,SLE,OR,ANM,WE,Federal Contract Tower,0,8,18,1,27,0,28,67,6,101,0,36,85,7,128,178,10,188,316
09/16/2022,SLE,OR,ANM,WE,Federal Contract Tower,0,10,11,0,21,0,32,70,3,105,0,42,81,3,126,134,0,134,260
09/17/2022,SLE,OR,ANM,WE,Federal Contract Tower,0,0,14,1,15,0,14,55,1,70,0,14,69,2,85,86,0,86,171
09/18/2022,SLE,OR,ANM,WE,Federal Contract Tower,0,0,14,0,14,0,3,42,0,45,0,3,56,0,59,44,0,44,103
09/19/2022,SLE,OR,ANM,WE,Federal Contract Tower,0,6,20,1,27,0,1,57,0,58,0,7,77,1,85,124,0,124,209
09/20/2022,SLE,OR,ANM,WE,Federal Contract Tower,0,6,18,4,28,0,18,57,2,77,0,24,75,6,105,56,0,56,161
09/21/2022,SLE,OR,ANM,WE,Federal Contract Tower,0,4,6,0,10,0,8,74,10,92,0,12,80,10,102,46,8,54,156
09/22/2022,SLE,OR,ANM,WE,Federal Contract Tower,0,4,18,2,24,0,11,43,8,62,0,15,61,10,86,30,6,36,122
09/23/2022,SLE,OR,ANM,WE,Federal Contract Tower,2,7,27,1,37,0,18,71,0,89,2,25,98,1,126,62,0,62,188
09/24/2022,SLE,OR,ANM,WE,Federal Contract Tower,0,3,14,0,17,0,4,96,0,100,0,7,110,0,117,48,0,48,165
09/25/2022,SLE,OR,ANM,WE,Federal Contract Tower,0,3,25,0,28,0,3,85,0,88,0,6,110,0,116,38,0,38,154
09/26/2022,SLE,OR,ANM,WE,Federal Contract Tower,0,6,16,2,24,0,2,52,4,58,0,8,68,6,82,68,0,68,150
09/27/2022,SLE,OR,ANM,WE,Federal Contract Tower,0,6,12,0,18,0,3,90,12,105,0,9,102,12,123,150,10,160,283
09/28/2022,SLE,OR,ANM,WE,Federal Contract Tower,0,5,11,2,18,0,8,14,9,31,0,13,25,11,49,30,4,34,83
09/29/2022,SLE,OR,ANM,WE,Federal Contract Tower,0,6,21,6,33,0,5,11,8,24,0,11,32,14,57,20,12,32,89
09/30/2022,SLE,OR,ANM,WE,Federal Contract Tower,0,6,34,1,41,0,4,41,2,47,0,10,75,3,88,62,0,62,150
10/01/2022,SLE,OR,ANM,WE,Federal Contract Tower,0,0,10,0,10,0,8,79,0,87,0,8,89,0,97,58,0,58,155
10/02/2022,SLE,OR,ANM,WE,Federal Contract Tower,0,0,19,0,19,0,3,92,0,95,0,3,111,0,114,70,0,70,184
10/03/2022,SLE,OR,ANM,WE,Federal Contract Tower,0,2,19,0,21,0,14,36,3,53,0,16,55,3,74,60,0,60,134
10/04/2022,SLE,OR,ANM,WE,Federal Contract Tower,0,2,21,1,24,0,1,14,6,21,0,3,35,7,45,82,2,84,129
10/05/2022,SLE,OR,ANM,WE,Federal Contract Tower,0,2,23,2,27,0,2,19,1,22,0,4,42,3,49,6,8,14,63
10/06/2022,SLE,OR,ANM,WE,Federal Contract Tower,0,4,16,1,21,0,6,39,0,45,0,10,55,1,66,66,0,66,132
10/07/2022,SLE,OR,ANM,WE,Federal Contract Tower,0,8,15,0,23,0,5,57,0,62,0,13,72,0,85,74,0,74,159
10/08/2022,SLE,OR,ANM,WE,Federal Contract Tower,0,1,12,0,13,0,8,79,0,87,0,9,91,0,100,84,0,84,184
10/09/2022,SLE,OR,ANM,WE,Federal Contract Tower,0,1,15,0,16,0,5,69,0,74,0,6,84,0,90,66,3,69,159
10/10/2022,SLE,OR,ANM,WE,Federal Contract Tower,0,5,25,3,33,0,15,84,0,99,0,20,109,3,132,90,0,90,222
10/11/2022,SLE,OR,ANM,WE,Federal Contract Tower,0,3,21,4,28,0,29,62,6,97,0,32,83,10,125,122,4,126,251
10/12/2022,SLE,OR,ANM,WE,Federal Contract Tower,0,4,15,2,21,0,8,98,4,110,0,12,113,6,131,74,0,74,205
10/13/2022,SLE,OR,ANM,WE,Federal Contract Tower,0,5,13,2,20,0,19,76,7,102,0,24,89,9,122,26,0,26,148
10/14/2022,SLE,OR,ANM,WE,Federal Contract Tower,0,4,14,0,18,0,8,72,0,80,0,12,86,0,98,70,0,70,168
10/15/2022,SLE,OR,ANM,WE,Federal Contract Tower,0,0,8,2,10,0,4,74,0,78,0,4,82,2,88,58,0,58,146
10/16/2022,SLE,OR,ANM,WE,Federal Contract Tower,0,3,16,0,19,0,12,77,0,89,0,15,93,0,108,88,0,88,196
10/17/2022,SLE,OR,ANM,WE,Federal Contract Tower,0,4,10,0,14,0,6,36,0,42,0,10,46,0,56,32,0,32,88
10/18/2022,SLE,OR,ANM,WE,Federal Contract Tower,0,8,19,3,30,0,2,17,3,22,0,10,36,6,52,50,0,50,102
10/19/2022,SLE,OR,ANM,WE,Federal Contract Tower,0,12,26,4,42,0,15,48,7,70,0,27,74,11,112,106,16,122,234
10/20/2022,SLE,OR,ANM,WE,Federal Contract Tower,0,10,11,7,28,0,7,4,1,12,0,17,15,8,40,14,4,18,58
10/21/2022,SLE,OR,ANM,WE,Federal Contract Tower,0,12,12,5,29,0,4,33,4,41,0,16,45,9,70,72,0,72,142
10/22/2022,SLE,OR,ANM,WE,Federal Contract Tower,0,4,4,0,8,0,4,19,2,25,0,8,23,2,33,34,0,34,67
10/23/2022,SLE,OR,ANM,WE,Federal Contract Tower,0,8,11,0,19,0,5,84,0,89,0,13,95,0,108,92,0,92,200
10/24/2022,SLE,OR,ANM,WE,Federal Contract Tower,0,5,17,0,22,0,4,7,5,16,0,9,24,5,38,0,4,4,42
10/25/2022,SLE,OR,ANM,WE,Federal Contract Tower,0,14,23,1,38,0,6,10,2,18,0,20,33,3,56,26,2,28,84
10/26/2022,SLE,OR,ANM,WE,Federal Contract Tower,0,7,15,4,26,0,4,47,6,57,0,11,62,10,83,62,10,72,155
10/27/2022,SLE,OR,ANM,WE,Federal Contract Tower,0,3,16,1,20,0,28,104,10,142,0,31,120,11,162,132,0,132,294
10/28/2022,SLE,OR,ANM,WE,Federal Contract Tower,0,10,3,2,15,0,3,2,0,5,0,13,5,2,20,20,0,20,40
10/29/2022,SLE,OR,ANM,WE,Federal Contract Tower,0,4,18,0,22,0,0,1,0,1,0,4,19,0,23,4,0,4,27
10/30/2022,SLE,OR,ANM,WE,Federal Contract Tower,0,3,15,0,18,0,34,61,0,95,0,37,76,0,113,76,0,76,189
10/31/2022,SLE,OR,ANM,WE,Federal Contract Tower,0,3,6,3,12,0,1,2,0,3,0,4,8,3,15,14,0,14,29
11/01/2022,SLE,OR,ANM,WE,Federal Contract Tower,0,4,16,0,20,0,4,12,4,20,0,8,28,4,40,18,0,18,58
11/02/2022,SLE,OR,ANM,WE,Federal Contract Tower,0,4,7,2,13,0,3,14,2,19,0,7,21,4,32,44,12,56,88
11/03/2022,SLE,OR,ANM,WE,Federal Contract Tower,0,5,10,2,17,0,5,53,5,63,0,10,63,7,80,142,10,152,232
11/04/2022,SLE,OR,ANM,WE,Federal Contract Tower,0,4,2,2,8,0,0,0,0,0,0,4,2,2,8,0,10,10,18
11/05/2022,SLE,OR,ANM,WE,Federal Contract Tower,0,0,7,2,9,0,3,21,19,43,0,3,28,21,52,38,2,40,92
11/06/2022,SLE,OR,ANM,WE,Federal Contract Tower,0,1,5,0,6,0,0,1,0,1,0,1,6,0,7,0,0,0,7
11/07/2022,SLE,OR,ANM,WE,Federal Contract Tower,0,9,5,4,18,0,0,0,0,0,0,9,5,4,18,0,4,4,22
11/08/2022,SLE,OR,ANM,WE,Federal Contract Tower,0,7,20,4,31,0,4,46,15,65,0,11,66,19,96,84,8,92,188
11/09/2022,SLE,OR,ANM,WE,Federal Contract Tower,0,2,12,3,17,0,13,85,5,103,0,15,97,8,120,152,22,174,294
11/10/2022,SLE,OR,ANM,WE,Federal Contract Tower,0,3,25,4,32,0,9,67,5,81,0,12,92,9,113,126,0,126,239
11/11/2022,SLE,OR,ANM,WE,Federal Contract Tower,0,7,9,0,16,0,10,24,0,34,0,17,33,0,50,32,0,32,82
11/12/2022,SLE,OR,ANM,WE,Federal Contract Tower,0,0,7,0,7,0,4,85,0,89,0,4,92,0,96,118,0,118,214
11/13/2022,SLE,OR,ANM,WE,Federal Contract Tower,0,2,6,0,8,0,3,8,0,11,0,5,14,0,19,38,0,38,57
11/14/2022,SLE,OR,ANM,WE,Federal Contract Tower,0,8,1,0,9,0,10,43,3,56,0,18,44,3,65,21,0,21,86
11/15/2022,SLE,OR,ANM,WE,Federal Contract Tower,0,4,15,2,21,0,13,57,16,86,0,17,72,18,107,92,0,92,199
11/16/2022,SLE,OR,ANM,WE,Federal Contract Tower,0,7,16,4,27,0,10,58,14,82,0,17,74,18,109,70,0,70,179
11/17/2022,SLE,OR,ANM,WE,Federal Contract Tower,0,3,6,0,9,0,13,49,11,73,0,16,55,11,82,80,0,80,162
11/18/2022,SLE,OR,ANM,WE,Federal Contract Tower,0,15,5,1,21,0,15,96,5,116,0,30,101,6,137,168,0,168,305
11/19/2022,SLE,OR,ANM,WE,Federal Contract Tower,0,0,6,0,6,0,10,87,0,97,0,10,93,0,103,82,0,82,185
11/20/2022,SLE,OR,ANM,WE,Federal Contract Tower,0,0,11,0,11,0,3,44,0,47,0,3,55,0,58,64,0,64,122
11/21/2022,SLE,OR,ANM,WE,Federal Contract Tower,0,6,15,1,22,0,3,35,15,53,0,9,50,16,75,88,16,104,179
11/22/2022,SLE,OR,ANM,WE,Federal Contract Tower,0,4,23,0,27,0,9,7,9,25,0,13,30,9,52,34,0,34,86
11/23/2022,SLE,OR,ANM,WE,Federal Contract Tower,0,5,11,0,16,0,0,0,0,0,0,5,11,0,16,0,0,0,16
11/24/2022,SLE,OR,ANM,WE,Federal Contract Tower,0,0,2,0,2,0,0,0,0,0,0,0,2,0,2,0,0,0,2
11/25/2022,SLE,OR,ANM,WE,Federal Contract Tower,0,5,12,0,17,0,0,0,0,0,0,5,12,0,17,0,0,0,17
11/26/2022,SLE,OR,ANM,WE,Federal Contract Tower,0,0,7,0,7,0,1,56,0,57,0,1,63,0,64,56,0,56,120
11/27/2022,SLE,OR,ANM,WE,Federal Contract Tower,0,1,7,0,8,0,2,0,0,2,0,3,7,0,10,2,0,2,12
11/28/2022,SLE,OR,ANM,WE,Federal Contract Tower,0,5,8,2,15,0,11,48,3,62,0,16,56,5,77,84,0,84,161
11/29/2022,SLE,OR,ANM,WE,Federal Contract Tower,0,6,4,0,10,0,0,0,0,0,0,6,4,0,10,0,0,0,10
11/30/2022,SLE,OR,ANM,WE,Federal Contract Tower,0,5,5,2,12,0,1,7,3,11,0,6,12,5,23,10,0,10,33
12/01/2022,SLE,OR,ANM,WE,Federal Contract Tower,0,4,5,0,9,0,12,2,8,22,0,16,7,8,31,4,0,4,35
12/02/2022,SLE,OR,ANM,WE,Federal Contract Tower,0,4,7,1,12,0,4,31,6,41,0,8,38,7,53,54,4,58,111
12/03/2022,SLE,OR,ANM,WE,Federal Contract Tower,0,0,9,0,9,0,7,83,0,90,0,7,92,0,99,78,0,78,177
12/04/2022,SLE,OR,ANM,WE,Federal Contract Tower,0,0,1,0,1,0,2,3,0,5,0,2,4,0,6,0,0,0,6
12/05/2022,SLE,OR,ANM,WE,Federal Contract Tower,0,5,9,1,15,0,0,0,0,0,0,5,9,1,15,0,0,0,15
12/06/2022,SLE,OR,ANM,WE,Federal Contract Tower,0,9,6,2,17,0,20,14,8,42,0,29,20,10,59,34,4,38,97
12/07/2022,SLE,OR,ANM,WE,Federal Contract Tower,0,5,9,1,15,0,0,2,0,2,0,5,11,1,17,0,0,0,17
12/08/2022,SLE,OR,ANM,WE,Federal Contract Tower,0,4,6,3,13,0,2,2,6,10,0,6,8,9,23,16,0,16,39
12/09/2022,SLE,OR,ANM,WE,Federal Contract Tower,0,6,4,0,10,0,2,5,2,9,0,8,9,2,19,6,4,10,29
12/10/2022,SLE,OR,ANM,WE,Federal Contract Tower,0,2,2,0,4,0,2,6,0,8,0,4,8,0,12,0,0,0,12
12/11/2022,SLE,OR,ANM,WE,Federal Contract Tower,0,0,13,0,13,0,2,12,0,14,0,2,25,0,27,38,0,38,65
12/12/2022,SLE,OR,ANM,WE,Federal Contract Tower,0,9,8,4,21,0,1,39,6,46,0,10,47,10,67,72,0,72,139
12/13/2022,SLE,OR,ANM,WE,Federal Contract Tower,0,4,21,5,30,0,21,45,12,78,0,25,66,17,108,40,4,44,152
12/14/2022,SLE,OR,ANM,WE,Federal Contract Tower,0,6,20,1,27,0,8,43,7,58,0,14,63,8,85,106,0,106,191
12/15/2022,SLE,OR,ANM,WE,Federal Contract Tower,0,3,12,0,15,0,1,76,8,85,0,4,88,8,100,106,0,106,206
12/16/2022,SLE,OR,ANM,WE,Federal Contract Tower,0,9,27,0,36,0,6,78,6,90,0,15,105,6,126,114,0,114,240
12/17/2022,SLE,OR,ANM,WE,Federal Contract Tower,0,2,11,0,13,0,0,122,0,122,0,2,133,0,135,98,0,98,233
12/18/2022,SLE,OR,ANM,WE,Federal Contract Tower,0,3,9,0,12,0,0,0,0,0,0,3,9,0,12,0,0,0,12
12/19/2022,SLE,OR,ANM,WE,Federal Contract Tower,0,5,4,0,9,0,0,6,3,9,0,5,10,3,18,0,2,2,20
12/20/2022,SLE,OR,ANM,WE,Federal Contract Tower,0,4,9,0,13,0,0,0,0,0,0,4,9,0,13,0,2,2,15
12/21/2022,SLE,OR,ANM,WE,Federal Contract Tower,0,6,21,0,27,0,14,65,12,91,0,20,86,12,118,26,22,48,166
12/22/2022,SLE,OR,ANM,WE,Federal Contract Tower,0,2,2,0,4,0,6,4,0,10,0,8,6,0,14,6,0,6,20
12/23/2022,SLE,OR,ANM,WE,Federal Contract Tower,0,0,0,0,0,0,0,0,0,0,0,0,0,0,0,0,0,0,0
12/24/2022,SLE,OR,ANM,WE,Federal Contract Tower,0,0,2,0,2,0,0,0,0,0,0,0,2,0,2,0,0,0,2
12/25/2022,SLE,OR,ANM,WE,Federal Contract Tower,0,2,3,0,5,0,0,2,0,2,0,2,5,0,7,0,0,0,7
12/26/2022,SLE,OR,ANM,WE,Federal Contract Tower,0,1,9,0,10,0,2,10,0,12,0,3,19,0,22,0,8,8,30
12/27/2022,SLE,OR,ANM,WE,Federal Contract Tower,0,3,0,0,3,0,0,0,0,0,0,3,0,0,3,0,0,0,3
12/28/2022,SLE,OR,ANM,WE,Federal Contract Tower,0,4,9,2,15,0,0,10,3,13,0,4,19,5,28,26,2,28,56
12/29/2022,SLE,OR,ANM,WE,Federal Contract Tower,0,6,0,2,8,0,0,2,0,2,0,6,2,2,10,0,0,0,10
12/30/2022,SLE,OR,ANM,WE,Federal Contract Tower,0,4,9,0,13,0,2,1,0,3,0,6,10,0,16,40,0,40,56
12/31/2022,SLE,OR,ANM,WE,Federal Contract Tower,0,0,7,0,7,0,0,4,0,4,0,0,11,0,11,14,0,14,25
01/01/2023,SLE,OR,ANM,WE,Federal Contract Tower,0,0,3,0,3,0,0,19,0,19,0,0,22,0,22,68,0,68,90
01/02/2023,SLE,OR,ANM,WE,Federal Contract Tower,0,0,13,0,13,0,2,15,0,17,0,2,28,0,30,12,0,12,42
01/03/2023,SLE,OR,ANM,WE,Federal Contract Tower,0,5,12,1,18,0,5,44,3,52,0,10,56,4,70,74,0,74,144
01/04/2023,SLE,OR,ANM,WE,Federal Contract Tower,0,7,4,1,12,0,7,7,0,14,0,14,11,1,26,4,0,4,30
01/05/2023,SLE,OR,ANM,WE,Federal Contract Tower,0,3,15,0,18,0,8,9,0,17,0,11,24,0,35,30,0,30,65
01/06/2023,SLE,OR,ANM,WE,Federal Contract Tower,0,10,16,0,26,0,21,65,2,88,0,31,81,2,114,83,0,83,197
01/07/2023,SLE,OR,ANM,WE,Federal Contract Tower,0,0,8,0,8,0,3,24,10,37,0,3,32,10,45,62,8,70,115
01/08/2023,SLE,OR,ANM,WE,Federal Contract Tower,0,0,8,2,10,0,1,2,4,7,0,1,10,6,17,0,24,24,41
01/09/2023,SLE,OR,ANM,WE,Federal Contract Tower,0,4,4,3,11,0,0,7,17,24,0,4,11,20,35,0,10,10,45
01/10/2023,SLE,OR,ANM,WE,Federal Contract Tower,0,7,6,0,13,0,21,59,12,92,0,28,65,12,105,76,6,82,187
01/11/2023,SLE,OR,ANM,WE,Federal Contract Tower,0,4,3,3,10,0,4,23,11,38,0,8,26,14,48,52,24,76,124
01/12/2023,SLE,OR,ANM,WE,Federal Contract Tower,0,4,3,3,10,0,6,8,18,32,0,10,11,21,42,24,0,24,66
01/13/2023,SLE,OR,ANM,WE,Federal Contract Tower,0,7,6,0,13,0,2,4,2,8,0,9,10,2,21,22,6,28,49
01/14/2023,SLE,OR,ANM,WE,Federal Contract Tower,0,2,10,0,12,0,4,22,0,26,0,6,32,0,38,48,0,48,86
01/15/2023,SLE,OR,ANM,WE,Federal Contract Tower,0,1,4,0,5,0,0,0,0,0,0,1,4,0,5,0,0,0,5
01/16/2023,SLE,OR,ANM,WE,Federal Contract Tower,0,10,20,0,30,0,1,57,0,58,0,11,77,0,88,42,0,42,130
01/17/2023,SLE,OR,ANM,WE,Federal Contract Tower,0,5,9,3,17,0,4,13,6,23,0,9,22,9,40,42,2,44,84
01/18/2023,SLE,OR,ANM,WE,Federal Contract Tower,0,6,11,0,17,0,0,0,0,0,0,6,11,0,17,0,0,0,17
01/19/2023,SLE,OR,ANM,WE,Federal Contract Tower,0,10,12,5,27,0,12,12,2,26,0,22,24,7,53,12,12,24,77
01/20/2023,SLE,OR,ANM,WE,Federal Contract Tower,0,7,10,0,17,0,0,0,2,2,0,7,10,2,19,0,4,4,23
01/21/2023,SLE,OR,ANM,WE,Federal Contract Tower,0,2,4,0,6,0,2,18,2,22,0,4,22,2,28,38,0,38,66
01/22/2023,SLE,OR,ANM,WE,Federal Contract Tower,0,5,15,0,20,0,5,60,0,65,0,10,75,0,85,70,0,70,155
01/23/2023,SLE,OR,ANM,WE,Federal Contract Tower,0,4,6,0,10,0,9,39,5,53,0,13,45,5,63,76,2,78,141
01/24/2023,SLE,OR,ANM,WE,Federal Contract Tower,0,7,9,3,19,0,0,14,5,19,0,7,23,8,38,26,4,30,68
01/25/2023,SLE,OR,ANM,WE,Federal Contract Tower,0,4,16,7,27,0,2,0,2,4,0,6,16,9,31,0,4,4,35
01/26/2023,SLE,OR,ANM,WE,Federal Contract Tower,0,4,6,4,14,0,0,0,2,2,0,4,6,6,16,0,0,0,16
01/27/2023,SLE,OR,ANM,WE,Federal Contract Tower,0,5,8,1,14,0,0,8,0,8,0,5,16,1,22,46,10,56,78
01/28/2023,SLE,OR,ANM,WE,Federal Contract Tower,0,0,12,0,12,0,0,7,2,9,0,0,19,2,21,8,0,8,29
01/29/2023,SLE,OR,ANM,WE,Federal Contract Tower,0,0,14,0,14,0,0,61,0,61,0,0,75,0,75,18,0,18,93
01/30/2023,SLE,OR,ANM,WE,Federal Contract Tower,0,4,15,0,19,0,5,93,0,98,0,9,108,0,117,80,0,80,197
01/31/2023,SLE,OR,ANM,WE,Federal Contract Tower,0,4,8,0,12,0,5,64,5,74,0,9,72,5,86,74,6,80,166
02/01/2023,SLE,OR,ANM,WE,Federal Contract Tower,0,3,10,3,16,0,5,66,2,73,0,8,76,5,89,64,0,64,153
02/02/2023,SLE,OR,ANM,WE,Federal Contract Tower,0,5,8,2,15,0,11,52,6,69,0,16,60,8,84,38,6,44,128
02/03/2023,SLE,OR,ANM,WE,Federal Contract Tower,0,4,8,5,17,0,3,11,0,14,0,7,19,5,31,0,0,0,31
02/04/2023,SLE,OR,ANM,WE,Federal Contract Tower,0,0,9,0,9,0,1,41,13,55,0,1,50,13,64,40,0,40,104
02/05/2023,SLE,OR,ANM,WE,Federal Contract Tower,0,0,4,0,4,0,0,2,7,9,0,0,6,7,13,8,10,18,31
02/06/2023,SLE,OR,ANM,WE,Federal Contract Tower,0,3,4,2,9,0,5,15,7,27,0,8,19,9,36,18,0,18,54
02/07/2023,SLE,OR,ANM,WE,Federal Contract Tower,0,1,10,2,13,0,7,4,5,16,0,8,14,7,29,8,0,8,37
02/08/2023,SLE,OR,ANM,WE,Federal Contract Tower,0,2,19,1,22,0,10,70,4,84,0,12,89,5,106,50,0,50,156
02/09/2023,SLE,OR,ANM,WE,Federal Contract Tower,0,3,18,1,22,0,3,103,4,110,0,6,121,5,132,36,2,38,170
02/10/2023,SLE,OR,ANM,WE,Federal Contract Tower,0,2,7,2,11,0,7,19,0,26,0,9,26,2,37,50,4,54,91
02/11/2023,SLE,OR,ANM,WE,Federal Contract Tower,0,1,18,4,23,0,6,34,1,41,0,7,52,5,64,18,0,18,82
02/12/2023,SLE,OR,ANM,WE,Federal Contract Tower,0,1,5,2,8,0,3,15,0,18,0,4,20,2,26,6,0,6,32
02/13/2023,SLE,OR,ANM,WE,Federal Contract Tower,0,2,8,3,13,0,1,0,11,12,0,3,8,14,25,0,6,6,31
02/14/2023,SLE,OR,ANM,WE,Federal Contract Tower,0,9,16,2,27,0,0,34,0,34,0,9,50,2,61,46,0,46,107
02/15/2023,SLE,OR,ANM,WE,Federal Contract Tower,0,3,16,4,23,0,4,48,10,62,0,7,64,14,85,30,8,38,123
02/16/2023,SLE,OR,ANM,WE,Federal Contract Tower,0,4,13,5,22,0,4,65,16,85,0,8,78,21,107,90,30,120,227
02/17/2023,SLE,OR,ANM,WE,Federal Contract Tower,0,3,9,5,17,0,12,93,5,110,0,15,102,10,127,100,6,106,233
02/18/2023,SLE,OR,ANM,WE,Federal Contract Tower,0,0,17,0,17,0,2,38,0,40,0,2,55,0,57,96,0,96,153
02/19/2023,SLE,OR,ANM,WE,Federal Contract Tower,0,1,9,0,10,0,0,36,0,36,0,1,45,0,46,16,0,16,62
02/20/2023,SLE,OR,ANM,WE,Federal Contract Tower,0,5,11,0,16,0,10,14,0,24,0,15,25,0,40,24,0,24,64
02/21/2023,SLE,OR,ANM,WE,Federal Contract Tower,0,8,8,4,20,0,9,4,12,25,0,17,12,16,45,14,4,18,63
02/22/2023,SLE,OR,ANM,WE,Federal Contract Tower,0,4,8,1,13,0,0,0,0,0,0,4,8,1,13,0,0,0,13
02/23/2023,SLE,OR,ANM,WE,Federal Contract Tower,0,0,4,0,4,0,1,1,0,2,0,1,5,0,6,0,0,0,6
02/24/2023,SLE,OR,ANM,WE,Federal Contract Tower,0,2,17,2,21,0,11,47,8,66,0,13,64,10,87,60,2,62,149
02/25/2023,SLE,OR,ANM,WE,Federal Contract Tower,0,2,24,0,26,0,2,93,2,97,0,4,117,2,123,80,0,80,203
02/26/2023,SLE,OR,ANM,WE,Federal Contract Tower,0,0,4,0,4,0,1,3,0,4,0,1,7,0,8,0,0,0,8
02/27/2023,SLE,OR,ANM,WE,Federal Contract Tower,0,3,9,1,13,0,0,11,1,12,0,3,20,2,25,12,2,14,39
02/28/2023,SLE,OR,ANM,WE,Federal Contract Tower,0,4,5,1,10,0,2,1,5,8,0,6,6,6,18,2,10,12,30
03/01/2023,SLE,OR,ANM,WE,Federal Contract Tower,0,3,16,4,23,0,10,69,4,83,0,13,85,8,106,62,14,76,182
03/02/2023,SLE,OR,ANM,WE,Federal Contract Tower,0,5,6,0,11,0,2,10,5,17,0,7,16,5,28,6,6,12,40
03/03/2023,SLE,OR,ANM,WE,Federal Contract Tower,0,6,7,3,16,0,0,5,5,10,0,6,12,8,26,32,0,32,58
03/04/2023,SLE,OR,ANM,WE,Federal Contract Tower,0,1,8,0,9,0,0,1,9,10,0,1,9,9,19,6,0,6,25
03/05/2023,SLE,OR,ANM,WE,Federal Contract Tower,0,1,6,2,9,0,1,2,0,3,0,2,8,2,12,14,2,16,28
03/06/2023,SLE,OR,ANM,WE,Federal Contract Tower,0,4,7,5,16,0,5,43,14,62,0,9,50,19,78,36,6,42,120
03/07/2023,SLE,OR,ANM,WE,Federal Contract Tower,0,4,14,5,23,0,4,21,6,31,0,8,35,11,54,40,12,52,106
03/08/2023,SLE,OR,ANM,WE,Federal Contract Tower,0,5,15,3,23,0,4,22,12,38,0,9,37,15,61,32,24,56,117
03/09/2023,SLE,OR,ANM,WE,Federal Contract Tower,0,3,9,0,12,0,5,13,12,30,0,8,22,12,42,20,12,32,74
03/10/2023,SLE,OR,ANM,WE,Federal Contract Tower,0,4,13,0,17,0,2,3,0,5,0,6,16,0,22,44,0,44,66
03/11/2023,SLE,OR,ANM,WE,Federal Contract Tower,0,2,18,1,21,0,8,97,1,106,0,10,115,2,127,104,0,104,231
03/12/2023,SLE,OR,ANM,WE,Federal Contract Tower,0,2,13,0,15,0,3,7,0,10,0,5,20,0,25,6,0,6,31
03/13/2023,SLE,OR,ANM,WE,Federal Contract Tower,0,9,4,0,13,0,0,0,0,0,0,9,4,0,13,0,0,0,13
03/14/2023,SLE,OR,ANM,WE,Federal Contract Tower,0,9,23,1,33,0,14,39,6,59,0,23,62,7,92,69,0,69,161
03/15/2023,SLE,OR,ANM,WE,Federal Contract Tower,0,5,24,0,29,0,7,72,10,89,0,12,96,10,118,158,0,158,276
03/16/2023,SLE,OR,ANM,WE,Federal Contract Tower,0,1,38,0,39,0,5,111,7,123,0,6,149,7,162,176,2,178,340
03/17/2023,SLE,OR,ANM,WE,Federal Contract Tower,0,4,17,0,21,0,13,85,3,101,0,17,102,3,122,56,4,60,182
03/18/2023,SLE,OR,ANM,WE,Federal Contract Tower,0,3,9,0,12,0,8,131,1,140,0,11,140,1,152,122,0,122,274
03/19/2023,SLE,OR,ANM,WE,Federal Contract Tower,0,2,12,0,14,0,0,4,0,4,0,2,16,0,18,10,0,10,28
03/20/2023,SLE,OR,ANM,WE,Federal Contract Tower,0,2,19,0,21,0,0,1,10,11,0,2,20,10,32,0,12,12,44
03/21/2023,SLE,OR,ANM,WE,Federal Contract Tower,0,2,13,1,16,0,14,61,10,85,0,16,74,11,101,74,0,74,175
03/22/2023,SLE,OR,ANM,WE,Federal Contract Tower,0,1,10,1,12,0,8,94,11,113,0,9,104,12,125,92,2,94,219
03/23/2023,SLE,OR,ANM,WE,Federal Contract Tower,0,6,8,0,14,0,8,4,0,12,0,14,12,0,26,4,0,4,30
03/24/2023,SLE,OR,ANM,WE,Federal Contract Tower,0,4,6,0,10,0,3,3,4,10,0,7,9,4,20,0,2,2,22
03/25/2023,SLE,OR,ANM,WE,Federal Contract Tower,0,0,5,0,5,0,0,0,0,0,0,0,5,0,5,0,0,0,5
03/26/2023,SLE,OR,ANM,WE,Federal Contract Tower,0,3,4,0,7,0,2,18,0,20,0,5,22,0,27,22,0,22,49
03/27/2023,SLE,OR,ANM,WE,Federal Contract Tower,0,4,12,0,16,0,2,34,4,40,0,6,46,4,56,32,2,34,90
03/28/2023,SLE,OR,ANM,WE,Federal Contract Tower,0,5,11,0,16,0,3,2,0,5,0,8,13,0,21,26,0,26,47
03/29/2023,SLE,OR,ANM,WE,Federal Contract Tower,0,10,28,2,40,0,8,56,2,66,0,18,84,4,106,82,0,82,188
03/30/2023,SLE,OR,ANM,WE,Federal Contract Tower,0,3,19,2,24,0,7,47,3,57,0,10,66,5,81,50,0,50,131
03/31/2023,SLE,OR,ANM,WE,Federal Contract Tower,0,4,7,4,15,0,3,8,0,11,0,7,15,4,26,8,0,8,34
04/01/2023,SLE,OR,ANM,WE,Federal Contract Tower,0,0,2,0,2,0,2,8,2,12,0,2,10,2,14,18,0,18,32
04/02/2023,SLE,OR,ANM,WE,Federal Contract Tower,0,2,8,0,10,0,0,5,0,5,0,2,13,0,15,0,0,0,15
04/03/2023,SLE,OR,ANM,WE,Federal Contract Tower,0,2,16,3,21,0,2,18,1,21,0,4,34,4,42,44,0,44,86
04/04/2023,SLE,OR,ANM,WE,Federal Contract Tower,0,2,8,3,13,0,2,23,5,30,0,4,31,8,43,44,10,54,97
04/05/2023,SLE,OR,ANM,WE,Federal Contract Tower,0,4,7,0,11,0,8,27,8,43,0,12,34,8,54,58,8,66,120
04/06/2023,SLE,OR,ANM,WE,Federal Contract Tower,0,4,13,2,19,0,0,10,15,25,0,4,23,17,44,44,12,56,100
04/07/2023,SLE,OR,ANM,WE,Federal Contract Tower,0,3,12,4,19,0,8,10,5,23,0,11,22,9,42,6,4,10,52
04/08/2023,SLE,OR,ANM,WE,Federal Contract Tower,0,2,25,0,27,0,27,78,0,105,0,29,103,0,132,82,0,82,214
04/09/2023,SLE,OR,ANM,WE,Federal Contract Tower,0,1,5,1,7,0,4,2,0,6,0,5,7,1,13,8,0,8,21
04/10/2023,SLE,OR,ANM,WE,Federal Contract Tower,0,4,6,2,12,0,0,0,0,0,0,4,6,2,12,0,0,0,12
04/11/2023,SLE,OR,ANM,WE,Federal Contract Tower,0,3,13,2,18,0,11,27,2,40,0,14,40,4,58,28,0,28,86
04/12/2023,SLE,OR,ANM,WE,Federal Contract Tower,0,9,14,0,23,0,12,37,11,60,0,21,51,11,83,80,12,92,175
04/13/2023,SLE,OR,ANM,WE,Federal Contract Tower,0,0,22,0,22,0,17,64,2,83,0,17,86,2,105,130,0,130,235
04/14/2023,SLE,OR,ANM,WE,Federal Contract Tower,0,1,23,0,24,0,11,120,10,141,0,12,143,10,165,120,12,132,297
04/15/2023,SLE,OR,ANM,WE,Federal Contract Tower,0,1,15,1,17,0,2,43,0,45,0,3,58,1,62,58,0,58,120
04/16/2023,SLE,OR,ANM,WE,Federal Contract Tower,0,1,7,3,11,0,2,1,7,10,0,3,8,10,21,0,0,0,21
04/17/2023,SLE,OR,ANM,WE,Federal Contract Tower,0,5,7,2,14,0,7,6,0,13,0,12,13,2,27,2,0,2,29
04/18/2023,SLE,OR,ANM,WE,Federal Contract Tower,0,4,8,2,14,0,2,0,0,2,0,6,8,2,16,0,0,0,16
04/19/2023,SLE,OR,ANM,WE,Federal Contract Tower,0,6,7,1,14,0,5,14,0,19,0,11,21,1,33,24,0,24,57
04/20/2023,SLE,OR,ANM,WE,Federal Contract Tower,0,6,11,6,23,0,23,12,2,37,0,29,23,8,60,28,0,28,88
04/21/2023,SLE,OR,ANM,WE,Federal Contract Tower,0,10,16,2,28,0,6,45,2,53,0,16,61,4,81,80,0,80,161
04/22/2023,SLE,OR,ANM,WE,Federal Contract Tower,0,4,8,0,12,0,4,47,0,51,0,8,55,0,63,40,0,40,103
04/23/2023,SLE,OR,ANM,WE,Federal Contract Tower,0,1,10,0,11,0,2,14,0,16,0,3,24,0,27,8,0,8,35
04/24/2023,SLE,OR,ANM,WE,Federal Contract Tower,0,6,8,2,16,0,5,31,3,39,0,11,39,5,55,28,8,36,91
04/25/2023,SLE,OR,ANM,WE,Federal Contract Tower,0,1,13,6,20,0,11,121,2,134,0,12,134,8,154,129,4,133,287
04/26/2023,SLE,OR,ANM,WE,Federal Contract Tower,0,5,13,5,23,0,8,92,14,114,0,13,105,19,137,68,0,68,205
04/27/2023,SLE,OR,ANM,WE,Federal Contract Tower,0,5,15,7,27,0,7,92,5,104,0,12,107,12,131,85,6,91,222
04/28/2023,SLE,OR,ANM,WE,Federal Contract Tower,0,4,31,2,37,0,14,93,0,107,0,18,124,2,144,122,0,122,266
04/29/2023,SLE,OR,ANM,WE,Federal Contract Tower,0,5,19,0,24,0,7,84,0,91,0,12,103,0,115,48,0,48,163
04/30/2023,SLE,OR,ANM,WE,Federal Contract Tower,0,0,14,0,14,0,3,30,0,33,0,3,44,0,47,38,0,38,85
05/01/2023,SLE,OR,ANM,WE,Federal Contract Tower,0,4,8,0,12,0,1,41,0,42,0,5,49,0,54,62,0,62,116
05/02/2023,SLE,OR,ANM,WE,Federal Contract Tower,0,5,14,2,21,0,3,57,0,60,0,8,71,2,81,162,0,162,243
05/03/2023,SLE,OR,ANM,WE,Federal Contract Tower,0,1,19,2,22,0,9,82,0,91,0,10,101,2,113,40,0,40,153
05/04/2023,SLE,OR,ANM,WE,Federal Contract Tower,0,4,6,0,10,0,0,4,0,4,0,4,10,0,14,6,0,6,20
05/05/2023,SLE,OR,ANM,WE,Federal Contract Tower,0,10,23,4,37,0,7,22,0,29,0,17,45,4,66,46,0,46,112
05/06/2023,SLE,OR,ANM,WE,Federal Contract Tower,0,2,20,0,22,0,1,38,0,39,0,3,58,0,61,30,0,30,91
05/07/2023,SLE,OR,ANM,WE,Federal Contract Tower,0,0,13,0,13,0,14,56,0,70,0,14,69,0,83,40,0,40,123
05/08/2023,SLE,OR,ANM,WE,Federal Contract Tower,0,6,5,2,13,0,8,15,5,28,0,14,20,7,41,12,0,12,53
05/09/2023,SLE,OR,ANM,WE,Federal Contract Tower,0,6,17,2,25,0,5,82,2,89,0,11,99,4,114,112,0,112,226
05/10/2023,SLE,OR,ANM,WE,Federal Contract Tower,0,10,14,1,25,0,10,94,4,108,0,20,108,5,133,52,4,56,189
05/11/2023,SLE,OR,ANM,WE,Federal Contract Tower,0,3,20,2,25,0,10,92,2,104,0,13,112,4,129,84,0,84,213
05/12/2023,SLE,OR,ANM,WE,Federal Contract Tower,0,2,21,4,27,0,10,79,5,94,0,12,100,9,121,40,0,40,161
05/13/2023,SLE,OR,ANM,WE,Federal Contract Tower,0,2,19,0,21,0,5,102,0,107,0,7,121,0,128,32,0,32,160
05/14/2023,SLE,OR,ANM,WE,Federal Contract Tower,0,1,7,0,8,0,2,40,0,42,0,3,47,0,50,50,0,50,100
05/15/2023,SLE,OR,ANM,WE,Federal Contract Tower,0,5,13,0,18,0,8,68,0,76,0,13,81,0,94,36,0,36,130
05/16/2023,SLE,OR,ANM,WE,Federal Contract Tower,0,4,30,2,36,0,6,85,3,94,0,10,115,5,130,60,6,66,196
05/17/2023,SLE,OR,ANM,WE,Federal Contract Tower,0,3,24,2,29,0,4,79,9,92,0,7,103,11,121,122,10,132,253
05/18/2023,SLE,OR,ANM,WE,Federal Contract Tower,0,3,15,5,23,0,14,93,5,112,0,17,108,10,135,68,6,74,209
05/19/2023,SLE,OR,ANM,WE,Federal Contract Tower,0,1,19,0,20,0,4,72,6,82,0,5,91,6,102,56,0,56,158
05/20/2023,SLE,OR,ANM,WE,Federal Contract Tower,0,0,5,1,6,0,2,58,0,60,0,2,63,1,66,42,0,42,108
05/21/2023,SLE,OR,ANM,WE,Federal Contract Tower,0,2,10,3,15,0,9,37,0,46,0,11,47,3,61,12,0,12,73
05/22/2023,SLE,OR,ANM,WE,Federal Contract Tower,0,5,12,2,19,0,5,45,6,56,0,10,57,8,75,28,2,30,105
05/23/2023,SLE,OR,ANM,WE,Federal Contract Tower,0,3,19,0,22,0,5,77,6,88,0,8,96,6,110,50,0,50,160
05/24/2023,SLE,OR,ANM,WE,Federal Contract Tower,0,3,16,0,19,0,5,67,3,75,0,8,83,3,94,36,0,36,130
05/25/2023,SLE,OR,ANM,WE,Federal Contract Tower,0,3,12,0,15,0,25,56,0,81,0,28,68,0,96,22,0,22,118
05/26/2023,SLE,OR,ANM,WE,Federal Contract Tower,0,0,8,0,8,0,21,70,2,93,0,21,78,2,101,90,0,90,191
05/27/2023,SLE,OR,ANM,WE,Federal Contract Tower,0,1,16,0,17,0,13,69,0,82,0,14,85,0,99,60,0,60,159
05/28/2023,SLE,OR,ANM,WE,Federal Contract Tower,0,2,4,0,6,0,2,51,0,53,0,4,55,0,59,18,0,18,77
05/29/2023,SLE,OR,ANM,WE,Federal Contract Tower,0,0,9,0,9,0,4,64,0,68,0,4,73,0,77,22,0,22,99
05/30/2023,SLE,OR,ANM,WE,Federal Contract Tower,0,0,15,1,16,0,8,76,5,89,0,8,91,6,105,58,0,58,163
05/31/2023,SLE,OR,ANM,WE,Federal Contract Tower,0,6,7,2,15,0,14,63,12,89,0,20,70,14,104,38,0,38,142
06/01/2023,SLE,OR,ANM,WE,Federal Contract Tower,1,3,8,2,14,0,9,88,3,100,1,12,96,5,114,74,6,80,194
06/02/2023,SLE,OR,ANM,WE,Federal Contract Tower,0,2,16,2,20,0,6,56,4,66,0,8,72,6,86,54,0,54,140
06/03/2023,SLE,OR,ANM,WE,Federal Contract Tower,0,2,7,0,9,0,0,74,5,79,0,2,81,5,88,62,0,62,150
06/04/2023,SLE,OR,ANM,WE,Federal Contract Tower,0,2,5,0,7,0,0,33,3,36,0,2,38,3,43,0,0,0,43
06/05/2023,SLE,OR,ANM,WE,Federal Contract Tower,0,4,12,0,16,0,4,33,6,43,0,8,45,6,59,40,0,40,99
06/06/2023,SLE,OR,ANM,WE,Federal Contract Tower,0,5,10,0,15,0,2,82,4,88,0,7,92,4,103,68,0,68,171
06/07/2023,SLE,OR,ANM,WE,Federal Contract Tower,0,1,10,3,14,0,6,75,1,82,0,7,85,4,96,82,0,82,178
06/08/2023,SLE,OR,ANM,WE,Federal Contract Tower,0,8,6,0,14,0,4,55,4,63,0,12,61,4,77,52,0,52,129
06/09/2023,SLE,OR,ANM,WE,Federal Contract Tower,0,5,21,0,26,0,9,28,7,44,0,14,49,7,70,74,2,76,146
06/10/2023,SLE,OR,ANM,WE,Federal Contract Tower,0,0,4,0,4,0,4,59,0,63,0,4,63,0,67,70,0,70,137
06/11/2023,SLE,OR,ANM,WE,Federal Contract Tower,0,0,13,2,15,0,2,40,0,42,0,2,53,2,57,40,0,40,97
06/12/2023,SLE,OR,ANM,WE,Federal Contract Tower,0,1,6,7,14,0,10,48,10,68,0,11,54,17,82,86,0,86,168
06/13/2023,SLE,OR,ANM,WE,Federal Contract Tower,0,6,3,2,11,0,10,73,8,91,0,16,76,10,102,48,6,54,156
06/14/2023,SLE,OR,ANM,WE,Federal Contract Tower,0,0,8,0,8,0,14,84,7,105,0,14,92,7,113,16,4,20,133
06/15/2023,SLE,OR,ANM,WE,Federal Contract Tower,0,4,11,2,17,0,12,70,2,84,0,16,81,4,101,36,0,36,137
06/16/2023,SLE,OR,ANM,WE,Federal Contract Tower,0,5,3,1,9,0,5,65,0,70,0,10,68,1,79,58,0,58,137
06/17/2023,SLE,OR,ANM,WE,Federal Contract Tower,0,2,3,0,5,0,0,27,0,27,0,2,30,0,32,36,0,36,68
06/18/2023,SLE,OR,ANM,WE,Federal Contract Tower,0,2,9,0,11,0,1,3,0,4,0,3,12,0,15,4,0,4,19
06/19/2023,SLE,OR,ANM,WE,Federal Contract Tower,0,3,15,0,18,0,9,17,0,26,0,12,32,0,44,10,0,10,54
06/20/2023,SLE,OR,ANM,WE,Federal Contract Tower,0,3,5,2,10,0,6,34,2,42,0,9,39,4,52,82,0,82,134
06/21/2023,SLE,OR,ANM,WE,Federal Contract Tower,0,2,9,2,13,0,11,78,0,89,0,13,87,2,102,64,0,64,166
06/22/2023,SLE,OR,ANM,WE,Federal Contract Tower,0,5,16,0,21,0,5,91,2,98,0,10,107,2,119,42,0,42,161
06/23/2023,SLE,OR,ANM,WE,Federal Contract Tower,0,3,7,1,11,0,10,86,2,98,0,13,93,3,109,30,0,30,139
06/24/2023,SLE,OR,ANM,WE,Federal Contract Tower,0,0,3,0,3,0,9,87,5,101,0,9,90,5,104,48,0,48,152
06/25/2023,SLE,OR,ANM,WE,Federal Contract Tower,0,0,10,0,10,0,2,55,0,57,0,2,65,0,67,92,0,92,159
06/26/2023,SLE,OR,ANM,WE,Federal Contract Tower,0,3,14,2,19,0,8,45,4,57,0,11,59,6,76,28,16,44,120
06/27/2023,SLE,OR,ANM,WE,Federal Contract Tower,0,5,14,1,20,0,9,53,10,72,0,14,67,11,92,58,0,58,150
06/28/2023,SLE,OR,ANM,WE,Federal Contract Tower,0,2,10,2,14,0,9,75,16,100,0,11,85,18,114,62,0,62,176
06/29/2023,SLE,OR,ANM,WE,Federal Contract Tower,0,4,15,4,23,0,4,65,2,71,0,8,80,6,94,68,0,68,162
06/30/2023,SLE,OR,ANM,WE,Federal Contract Tower,0,6,19,3,28,0,14,83,1,98,0,20,102,4,126,46,0,46,172
07/01/2023,SLE,OR,ANM,WE,Federal Contract Tower,0,2,10,0,12,0,12,83,0,95,0,14,93,0,107,38,0,38,145
07/02/2023,SLE,OR,ANM,WE,Federal Contract Tower,0,0,9,0,9,0,5,48,0,53,0,5,57,0,62,20,0,20,82
07/03/2023,SLE,OR,ANM,WE,Federal Contract Tower,0,2,28,0,30,0,16,71,0,87,0,18,99,0,117,36,0,36,153
07/04/2023,SLE,OR,ANM,WE,Federal Contract Tower,0,0,1,0,1,0,6,28,0,34,0,6,29,0,35,22,0,22,57
07/05/2023,SLE,OR,ANM,WE,Federal Contract Tower,0,2,11,4,17,1,5,48,0,54,1,7,59,4,71,18,0,18,89
07/06/2023,SLE,OR,ANM,WE,Federal Contract Tower,0,2,11,5,18,0,5,58,1,64,0,7,69,6,82,28,0,28,110
07/07/2023,SLE,OR,ANM,WE,Federal Contract Tower,0,3,31,4,38,0,6,43,2,51,0,9,74,6,89,54,0,54,143
07/08/2023,SLE,OR,ANM,WE,Federal Contract Tower,0,3,21,0,24,0,8,42,0,50,0,11,63,0,74,63,0,63,137
07/09/2023,SLE,OR,ANM,WE,Federal Contract Tower,0,0,11,0,11,0,2,54,2,58,0,2,65,2,69,80,0,80,149
07/10/2023,SLE,OR,ANM,WE,Federal Contract Tower,0,5,14,0,19,2,14,50,7,73,2,19,64,7,92,128,0,128,220
07/11/2023,SLE,OR,ANM,WE,Federal Contract Tower,0,1,7,3,11,0,15,76,11,102,0,16,83,14,113,80,0,80,193
07/12/2023,SLE,OR,ANM,WE,Federal Contract Tower,0,5,11,0,16,0,7,84,10,101,0,12,95,10,117,68,0,68,185
07/13/2023,SLE,OR,ANM,WE,Federal Contract Tower,0,8,7,0,15,0,11,94,6,111,0,19,101,6,126,54,0,54,180
07/14/2023,SLE,OR,ANM,WE,Federal Contract Tower,0,2,24,3,29,0,10,106,1,117,0,12,130,4,146,84,3,87,233
07/15/2023,SLE,OR,ANM,WE,Federal Contract Tower,0,1,8,0,9,0,4,47,21,72,0,5,55,21,81,52,0,52,133
07/16/2023,SLE,OR,ANM,WE,Federal Contract Tower,0,0,20,1,21,0,9,43,5,57,0,9,63,6,78,42,6,48,126
07/17/2023,SLE,OR,ANM,WE,Federal Contract Tower,0,2,8,6,16,1,7,75,0,83,1,9,83,6,99,32,0,32,131
07/18/2023,SLE,OR,ANM,WE,Federal Contract Tower,0,5,18,1,24,0,8,61,7,76,0,13,79,8,100,64,0,64,164
07/19/2023,SLE,OR,ANM,WE,Federal Contract Tower,0,4,10,0,14,0,6,73,5,84,0,10,83,5,98,62,0,62,160
07/20/2023,SLE,OR,ANM,WE,Federal Contract Tower,0,0,14,4,18,0,7,78,12,97,0,7,92,16,115,52,4,56,171
07/21/2023,SLE,OR,ANM,WE,Federal Contract Tower,0,2,24,0,26,0,9,99,4,112,0,11,123,4,138,90,2,92,230
07/22/2023,SLE,OR,ANM,WE,Federal Contract Tower,0,2,15,0,17,0,0,72,0,72,0,2,87,0,89,50,0,50,139
07/23/2023,SLE,OR,ANM,WE,Federal Contract Tower,0,0,10,0,10,0,0,37,0,37,0,0,47,0,47,30,0,30,77
07/24/2023,SLE,OR,ANM,WE,Federal Contract Tower,0,2,20,2,24,0,5,58,12,75,0,7,78,14,99,38,0,38,137
07/25/2023,SLE,OR,ANM,WE,Federal Contract Tower,0,3,28,0,31,0,15,82,7,104,0,18,110,7,135,78,10,88,223
07/26/2023,SLE,OR,ANM,WE,Federal Contract Tower,0,2,13,6,21,0,10,88,9,107,0,12,101,15,128,122,6,128,256
07/27/2023,SLE,OR,ANM,WE,Federal Contract Tower,0,2,23,1,26,0,11,95,8,114,0,13,118,9,140,100,0,100,240
07/28/2023,SLE,OR,ANM,WE,Federal Contract Tower,0,3,25,0,28,0,10,93,0,103,0,13,118,0,131,30,0,30,161
07/29/2023,SLE,OR,ANM,WE,Federal Contract Tower,0,0,10,0,10,0,6,81,0,87,0,6,91,0,97,24,0,24,121
07/30/2023,SLE,OR,ANM,WE,Federal Contract Tower,0,0,8,0,8,0,5,62,0,67,0,5,70,0,75,30,0,30,105
07/31/2023,SLE,OR,ANM,WE,Federal Contract Tower,0,3,24,3,30,0,8,63,0,71,0,11,87,3,101,70,0,70,171
08/01/2023,SLE,OR,ANM,WE,Federal Contract Tower,0,6,12,1,19,0,7,70,9,86,0,13,82,10,105,28,0,28,133
08/02/2023,SLE,OR,ANM,WE,Federal Contract Tower,0,3,22,0,25,0,11,57,5,73,0,14,79,5,98,32,0,32,130
08/03/2023,SLE,OR,ANM,WE,Federal Contract Tower,0,7,29,1,37,0,6,69,4,79,0,13,98,5,116,82,0,82,198
08/04/2023,SLE,OR,ANM,WE,Federal Contract Tower,0,5,9,1,15,0,9,56,4,69,0,14,65,5,84,66,4,70,154
08/05/2023,SLE,OR,ANM,WE,Federal Contract Tower,0,4,15,2,21,0,7,64,12,83,0,11,79,14,104,50,4,54,158
08/06/2023,SLE,OR,ANM,WE,Federal Contract Tower,0,3,16,2,21,0,1,47,4,52,0,4,63,6,73,52,2,54,127
08/07/2023,SLE,OR,ANM,WE,Federal Contract Tower,0,3,6,0,9,0,21,42,4,67,0,24,48,4,76,42,0,42,118
08/08/2023,SLE,OR,ANM,WE,Federal Contract Tower,0,4,19,0,23,0,14,67,4,85,0,18,86,4,108,74,2,76,184
08/09/2023,SLE,OR,ANM,WE,Federal Contract Tower,0,6,26,0,32,0,11,81,2,94,0,17,107,2,126,74,0,74,200
08/10/2023,SLE,OR,ANM,WE,Federal Contract Tower,0,3,30,1,34,0,5,66,8,79,0,8,96,9,113,54,0,54,167
08/11/2023,SLE,OR,ANM,WE,Federal Contract Tower,0,2,14,0,16,0,4,67,2,73,0,6,81,2,89,44,0,44,133
08/12/2023,SLE,OR,ANM,WE,Federal Contract Tower,0,0,14,0,14,0,0,63,0,63,0,0,77,0,77,50,0,50,127
08/13/2023,SLE,OR,ANM,WE,Federal Contract Tower,0,2,11,0,13,0,1,47,0,48,0,3,58,0,61,42,0,42,103
08/14/2023,SLE,OR,ANM,WE,Federal Contract Tower,0,2,13,0,15,0,23,55,2,80,0,25,68,2,95,66,0,66,161
08/15/2023,SLE,OR,ANM,WE,Federal Contract Tower,0,6,3,3,12,0,6,36,2,44,0,12,39,5,56,26,0,26,82
08/16/2023,SLE,OR,ANM,WE,Federal Contract Tower,0,3,14,0,17,0,7,68,1,76,0,10,82,1,93,68,0,68,161
08/17/2023,SLE,OR,ANM,WE,Federal Contract Tower,0,6,29,1,36,0,4,74,7,85,0,10,103,8,121,100,0,100,221
08/18/2023,SLE,OR,ANM,WE,Federal Contract Tower,0,4,40,0,44,0,6,64,2,72,0,10,104,2,116,62,0,62,178
08/19/2023,SLE,OR,ANM,WE,Federal Contract Tower,0,0,5,0,5,0,4,68,0,72,0,4,73,0,77,34,0,34,111
08/20/2023,SLE,OR,ANM,WE,Federal Contract Tower,0,0,20,0,20,0,0,30,0,30,0,0,50,0,50,22,0,22,72
08/21/2023,SLE,OR,ANM,WE,Federal Contract Tower,0,2,20,0,22,0,5,45,5,55,0,7,65,5,77,50,6,56,133
08/22/2023,SLE,OR,ANM,WE,Federal Contract Tower,0,3,28,0,31,0,12,81,12,105,0,15,109,12,136,78,18,96,232
08/23/2023,SLE,OR,ANM,WE,Federal Contract Tower,0,5,26,0,31,0,17,80,8,105,0,22,106,8,136,46,0,46,182
08/24/2023,SLE,OR,ANM,WE,Federal Contract Tower,0,7,26,1,34,0,8,52,9,69,0,15,78,10,103,130,0,130,233
08/25/2023,SLE,OR,ANM,WE,Federal Contract Tower,0,3,12,3,18,0,10,59,0,69,0,13,71,3,87,6,0,6,93
08/26/2023,SLE,OR,ANM,WE,Federal Contract Tower,0,2,19,0,21,0,7,74,0,81,0,9,93,0,102,58,0,58,160
08/27/2023,SLE,OR,ANM,WE,Federal Contract Tower,0,0,21,0,21,0,2,54,0,56,0,2,75,0,77,20,0,20,97
08/28/2023,SLE,OR,ANM,WE,Federal Contract Tower,0,6,42,4,52,0,0,20,2,22,0,6,62,6,74,64,0,64,138
08/29/2023,SLE,OR,ANM,WE,Federal Contract Tower,0,10,22,1,33,0,16,56,12,84,0,26,78,13,117,78,0,78,195
08/30/2023,SLE,OR,ANM,WE,Federal Contract Tower,0,5,18,0,23,0,8,71,2,81,0,13,89,2,104,58,0,58,162
08/31/2023,SLE,OR,ANM,WE,Federal Contract Tower,0,8,27,5,40,0,0,0,0,0,0,8,27,5,40,0,0,0,40
01/01/2020,SLE,OR,ANM,WE,Federal Contract Tower,0,0,2,0,2,0,0,5,0,5,0,0,7,0,7,18,0,18,25
01/02/2020,SLE,OR,ANM,WE,Federal Contract Tower,0,4,6,0,10,0,10,18,0,28,0,14,24,0,38,28,0,28,66
01/03/2020,SLE,OR,ANM,WE,Federal Contract Tower,0,9,16,0,25,0,8,59,6,73,0,17,75,6,98,32,14,46,144
01/04/2020,SLE,OR,ANM,WE,Federal Contract Tower,0,0,9,0,9,0,0,18,0,18,0,0,27,0,27,2,0,2,29
01/05/2020,SLE,OR,ANM,WE,Federal Contract Tower,0,0,6,0,6,0,0,4,0,4,0,0,10,0,10,0,0,0,10
01/06/2020,SLE,OR,ANM,WE,Federal Contract Tower,0,6,5,0,11,0,0,0,0,0,0,6,5,0,11,0,0,0,11
01/07/2020,SLE,OR,ANM,WE,Federal Contract Tower,0,4,8,4,16,0,7,7,7,21,0,11,15,11,37,0,128,128,165
01/08/2020,SLE,OR,ANM,WE,Federal Contract Tower,0,4,1,1,6,0,0,10,5,15,0,4,11,6,21,18,34,52,73
01/09/2020,SLE,OR,ANM,WE,Federal Contract Tower,0,7,10,2,19,0,5,3,5,13,0,12,13,7,32,2,80,82,114
01/10/2020,SLE,OR,ANM,WE,Federal Contract Tower,0,8,3,0,11,0,2,1,5,8,0,10,4,5,19,4,10,14,33
01/11/2020,SLE,OR,ANM,WE,Federal Contract Tower,0,0,1,0,1,0,0,10,0,10,0,0,11,0,11,56,0,56,67
01/12/2020,SLE,OR,ANM,WE,Federal Contract Tower,0,0,1,0,1,0,0,4,0,4,0,0,5,0,5,0,0,0,5
01/13/2020,SLE,OR,ANM,WE,Federal Contract Tower,0,6,4,0,10,0,0,0,0,0,0,6,4,0,10,0,0,0,10
01/14/2020,SLE,OR,ANM,WE,Federal Contract Tower,0,6,7,2,15,0,7,20,3,30,0,13,27,5,45,12,0,12,57
01/15/2020,SLE,OR,ANM,WE,Federal Contract Tower,0,4,5,0,9,0,7,9,3,19,0,11,14,3,28,0,10,10,38
01/16/2020,SLE,OR,ANM,WE,Federal Contract Tower,0,9,2,5,16,0,2,10,3,15,0,11,12,8,31,14,12,26,57
01/17/2020,SLE,OR,ANM,WE,Federal Contract Tower,0,5,5,2,12,0,2,3,6,11,0,7,8,8,23,2,2,4,27
01/18/2020,SLE,OR,ANM,WE,Federal Contract Tower,0,2,2,0,4,0,0,2,0,2,0,2,4,0,6,0,0,0,6
01/19/2020,SLE,OR,ANM,WE,Federal Contract Tower,0,0,9,0,9,0,1,10,0,11,0,1,19,0,20,32,0,32,52
01/20/2020,SLE,OR,ANM,WE,Federal Contract Tower,0,9,10,2,21,0,6,6,0,12,0,15,16,2,33,32,0,32,65
01/21/2020,SLE,OR,ANM,WE,Federal Contract Tower,0,6,8,0,14,0,3,8,9,20,0,9,16,9,34,12,46,58,92
01/22/2020,SLE,OR,ANM,WE,Federal Contract Tower,0,5,5,0,10,0,0,3,0,3,0,5,8,0,13,2,0,2,15
01/23/2020,SLE,OR,ANM,WE,Federal Contract Tower,0,5,12,6,23,0,6,11,2,19,0,11,23,8,42,8,0,8,50
01/24/2020,SLE,OR,ANM,WE,Federal Contract Tower,0,4,12,5,21,0,5,51,1,57,0,9,63,6,78,14,0,14,92
01/25/2020,SLE,OR,ANM,WE,Federal Contract Tower,0,0,16,0,16,0,0,58,0,58,0,0,74,0,74,72,0,72,146
01/26/2020,SLE,OR,ANM,WE,Federal Contract Tower,0,0,5,0,5,0,0,18,0,18,0,0,23,0,23,28,0,28,51
01/27/2020,SLE,OR,ANM,WE,Federal Contract Tower,0,2,4,8,14,0,4,17,16,37,0,6,21,24,51,28,16,44,95
01/29/2020,SLE,OR,ANM,WE,Federal Contract Tower,0,6,10,3,19,0,0,10,4,14,0,6,20,7,33,16,0,16,49
01/30/2020,SLE,OR,ANM,WE,Federal Contract Tower,0,5,22,1,28,0,12,51,11,74,0,17,73,12,102,64,24,88,190
01/31/2020,SLE,OR,ANM,WE,Federal Contract Tower,0,4,14,2,20,0,2,42,6,50,0,6,56,8,70,18,8,26,96
02/01/2020,SLE,OR,ANM,WE,Federal Contract Tower,0,0,18,0,18,0,0,9,0,9,0,0,27,0,27,2,0,2,29
02/02/2020,SLE,OR,ANM,WE,Federal Contract Tower,0,0,7,0,7,0,2,41,0,43,0,2,48,0,50,48,2,50,100
02/03/2020,SLE,OR,ANM,WE,Federal Contract Tower,0,5,9,3,17,0,7,44,3,54,0,12,53,6,71,28,2,30,101
02/04/2020,SLE,OR,ANM,WE,Federal Contract Tower,0,4,8,1,13,0,9,51,14,74,0,13,59,15,87,48,4,52,139
02/05/2020,SLE,OR,ANM,WE,Federal Contract Tower,0,4,11,2,17,0,0,1,0,1,0,4,12,2,18,0,32,32,50
02/06/2020,SLE,OR,ANM,WE,Federal Contract Tower,0,6,9,4,19,0,6,13,15,34,0,12,22,19,53,10,10,20,73
02/07/2020,SLE,OR,ANM,WE,Federal Contract Tower,0,5,11,5,21,0,0,7,0,7,0,5,18,5,28,14,0,14,42
02/08/2020,SLE,OR,ANM,WE,Federal Contract Tower,0,1,1,0,2,0,0,26,11,37,0,1,27,11,39,48,52,100,139
02/09/2020,SLE,OR,ANM,WE,Federal Contract Tower,0,3,7,0,10,0,0,63,3,66,0,3,70,3,76,78,202,280,356
02/10/2020,SLE,OR,ANM,WE,Federal Contract Tower,0,5,30,2,37,0,6,54,14,74,0,11,84,16,111,56,32,88,199
02/11/2020,SLE,OR,ANM,WE,Federal Contract Tower,0,5,4,0,9,0,9,28,8,45,0,14,32,8,54,40,24,64,118
02/12/2020,SLE,OR,ANM,WE,Federal Contract Tower,0,2,14,8,24,0,2,14,7,23,0,4,28,15,47,20,28,48,95
02/13/2020,SLE,OR,ANM,WE,Federal Contract Tower,0,7,14,4,25,0,0,0,0,0,0,7,14,4,25,0,8,8,33
02/14/2020,SLE,OR,ANM,WE,Federal Contract Tower,0,3,6,2,11,0,15,25,1,41,0,18,31,3,52,10,0,10,62
02/15/2020,SLE,OR,ANM,WE,Federal Contract Tower,0,2,4,0,6,0,0,0,0,0,0,2,4,0,6,0,0,0,6
02/16/2020,SLE,OR,ANM,WE,Federal Contract Tower,0,2,11,0,13,0,0,34,0,34,0,2,45,0,47,4,0,4,51
02/17/2020,SLE,OR,ANM,WE,Federal Contract Tower,0,3,21,0,24,0,1,50,0,51,0,4,71,0,75,28,0,28,103
02/18/2020,SLE,OR,ANM,WE,Federal Contract Tower,0,0,22,4,26,0,14,70,4,88,0,14,92,8,114,40,4,44,158
02/19/2020,SLE,OR,ANM,WE,Federal Contract Tower,0,4,20,0,24,0,9,101,4,114,0,13,121,4,138,76,8,84,222
02/20/2020,SLE,OR,ANM,WE,Federal Contract Tower,0,3,15,3,21,0,9,102,4,115,0,12,117,7,136,106,12,118,254
02/21/2020,SLE,OR,ANM,WE,Federal Contract Tower,0,6,9,0,15,0,21,87,5,113,0,27,96,5,128,64,26,90,218
02/22/2020,SLE,OR,ANM,WE,Federal Contract Tower,0,2,5,0,7,0,0,62,0,62,0,2,67,0,69,80,0,80,149
02/24/2020,SLE,OR,ANM,WE,Federal Contract Tower,0,3,11,4,18,0,3,48,15,66,0,6,59,19,84,92,16,108,192
02/25/2020,SLE,OR,ANM,WE,Federal Contract Tower,0,11,14,3,28,0,10,67,13,90,0,21,81,16,118,60,20,80,198
02/26/2020,SLE,OR,ANM,WE,Federal Contract Tower,0,3,23,1,27,0,13,63,15,91,0,16,86,16,118,82,18,100,218
02/27/2020,SLE,OR,ANM,WE,Federal Contract Tower,0,1,19,5,25,0,11,71,7,89,0,12,90,12,114,58,8,66,180
02/28/2020,SLE,OR,ANM,WE,Federal Contract Tower,0,4,7,2,13,0,13,36,6,55,0,17,43,8,68,32,0,32,100
02/29/2020,SLE,OR,ANM,WE,Federal Contract Tower,0,0,11,1,12,0,0,17,0,17,0,0,28,1,29,10,0,10,39
03/01/2020,SLE,OR,ANM,WE,Federal Contract Tower,0,0,4,0,4,0,3,38,0,41,0,3,42,0,45,40,0,40,85
03/02/2020,SLE,OR,ANM,WE,Federal Contract Tower,0,4,11,2,17,0,7,13,0,20,0,11,24,2,37,40,0,40,77
03/03/2020,SLE,OR,ANM,WE,Federal Contract Tower,0,1,8,1,10,0,12,25,10,47,0,13,33,11,57,64,6,70,127
03/04/2020,SLE,OR,ANM,WE,Federal Contract Tower,0,4,25,0,29,0,15,26,4,45,0,19,51,4,74,46,1,47,121
03/05/2020,SLE,OR,ANM,WE,Federal Contract Tower,0,3,18,1,22,0,24,47,1,72,0,27,65,2,94,31,0,31,125
03/06/2020,SLE,OR,ANM,WE,Federal Contract Tower,0,4,14,0,18,0,0,3,0,3,0,4,17,0,21,0,0,0,21
03/07/2020,SLE,OR,ANM,WE,Federal Contract Tower,0,0,3,4,7,0,0,5,6,11,0,0,8,10,18,2,24,26,44
03/08/2020,SLE,OR,ANM,WE,Federal Contract Tower,0,1,16,0,17,0,4,28,0,32,0,5,44,0,49,10,0,10,59
03/09/2020,SLE,OR,ANM,WE,Federal Contract Tower,0,0,10,12,22,0,9,69,9,87,0,9,79,21,109,24,0,24,133
03/10/2020,SLE,OR,ANM,WE,Federal Contract Tower,0,2,15,0,17,25,53,12,0,90,25,55,27,0,107,44,10,54,161
03/11/2020,SLE,OR,ANM,WE,Federal Contract Tower,0,2,11,1,14,0,16,35,10,61,0,18,46,11,75,32,17,49,124
03/12/2020,SLE,OR,ANM,WE,Federal Contract Tower,0,1,20,1,22,0,20,47,9,76,0,21,67,10,98,48,12,60,158
03/13/2020,SLE,OR,ANM,WE,Federal Contract Tower,0,4,3,2,9,0,2,0,0,2,0,6,3,2,11,0,0,0,11
03/14/2020,SLE,OR,ANM,WE,Federal Contract Tower,0,1,1,1,3,0,0,5,0,5,0,1,6,1,8,0,0,0,8
03/16/2020,SLE,OR,ANM,WE,Federal Contract Tower,0,2,6,4,12,0,7,40,8,55,0,9,46,12,67,16,40,56,123
03/17/2020,SLE,OR,ANM,WE,Federal Contract Tower,0,5,13,5,23,0,7,64,4,75,0,12,77,9,98,112,0,112,210
03/18/2020,SLE,OR,ANM,WE,Federal Contract Tower,0,1,8,1,10,0,9,39,3,51,0,10,47,4,61,44,6,50,111
03/19/2020,SLE,OR,ANM,WE,Federal Contract Tower,0,1,10,0,11,0,10,60,10,80,0,11,70,10,91,38,0,38,129
03/20/2020,SLE,OR,ANM,WE,Federal Contract Tower,0,1,3,0,4,0,13,52,4,69,0,14,55,4,73,76,4,80,153
03/21/2020,SLE,OR,ANM,WE,Federal Contract Tower,0,0,9,0,9,0,4,55,0,59,0,4,64,0,68,22,0,22,90
03/22/2020,SLE,OR,ANM,WE,Federal Contract Tower,0,0,8,0,8,0,0,67,0,67,0,0,75,0,75,34,0,34,109
03/23/2020,SLE,OR,ANM,WE,Federal Contract Tower,0,4,2,2,8,0,5,2,6,13,0,9,4,8,21,4,6,10,31
03/24/2020,SLE,OR,ANM,WE,Federal Contract Tower,0,8,0,0,8,0,3,2,10,15,0,11,2,10,23,4,2,6,29
03/25/2020,SLE,OR,ANM,WE,Federal Contract Tower,0,6,0,0,6,0,7,11,0,18,0,13,11,0,24,8,0,8,32
03/26/2020,SLE,OR,ANM,WE,Federal Contract Tower,0,6,3,0,9,0,12,28,0,40,0,18,31,0,49,24,0,24,73
03/27/2020,SLE,OR,ANM,WE,Federal Contract Tower,0,4,1,0,5,0,0,0,0,0,0,4,1,0,5,0,0,0,5
03/28/2020,SLE,OR,ANM,WE,Federal Contract Tower,0,0,0,0,0,0,0,0,0,0,0,0,0,0,0,0,0,0,0
03/29/2020,SLE,OR,ANM,WE,Federal Contract Tower,0,0,2,0,2,0,0,9,0,9,0,0,11,0,11,8,0,8,19
03/31/2020,SLE,OR,ANM,WE,Federal Contract Tower,0,2,5,1,8,0,7,5,0,12,0,9,10,1,20,6,0,6,26
04/01/2020,SLE,OR,ANM,WE,Federal Contract Tower,0,4,2,0,6,0,6,9,0,15,0,10,11,0,21,12,0,12,33
04/02/2020,SLE,OR,ANM,WE,Federal Contract Tower,0,3,4,0,7,0,9,7,0,16,0,12,11,0,23,6,0,6,29
04/03/2020,SLE,OR,ANM,WE,Federal Contract Tower,0,3,5,0,8,0,5,11,0,16,0,8,16,0,24,12,0,12,36
04/04/2020,SLE,OR,ANM,WE,Federal Contract Tower,0,2,1,0,3,0,0,6,0,6,0,2,7,0,9,2,0,2,11
04/05/2020,SLE,OR,ANM,WE,Federal Contract Tower,0,0,2,0,2,0,0,20,0,20,0,0,22,0,22,6,0,6,28
04/06/2020,SLE,OR,ANM,WE,Federal Contract Tower,0,6,3,0,9,0,3,12,3,18,0,9,15,3,27,12,0,12,39
04/07/2020,SLE,OR,ANM,WE,Federal Contract Tower,0,2,8,0,10,0,2,38,1,41,0,4,46,1,51,14,0,14,65
04/08/2020,SLE,OR,ANM,WE,Federal Contract Tower,0,6,12,0,18,0,26,49,12,87,0,32,61,12,105,22,2,24,129
04/09/2020,SLE,OR,ANM,WE,Federal Contract Tower,0,3,4,0,7,0,9,71,0,80,0,12,75,0,87,88,0,88,175
04/10/2020,SLE,OR,ANM,WE,Federal Contract Tower,0,2,5,0,7,0,3,63,0,66,0,5,68,0,73,8,0,8,81
04/11/2020,SLE,OR,ANM,WE,Federal Contract Tower,0,0,1,0,1,0,0,36,0,36,0,0,37,0,37,18,0,18,55
04/12/2020,SLE,OR,ANM,WE,Federal Contract Tower,0,0,4,0,4,0,2,25,0,27,0,2,29,0,31,2,0,2,33
04/13/2020,SLE,OR,ANM,WE,Federal Contract Tower,0,3,9,0,12,0,5,26,0,31,0,8,35,0,43,20,0,20,63
04/14/2020,SLE,OR,ANM,WE,Federal Contract Tower,0,2,13,0,15,0,7,33,0,40,0,9,46,0,55,22,0,22,77
04/15/2020,SLE,OR,ANM,WE,Federal Contract Tower,0,3,16,0,19,0,3,7,0,10,0,6,23,0,29,32,0,32,61
04/16/2020,SLE,OR,ANM,WE,Federal Contract Tower,0,13,4,0,17,0,7,47,0,54,0,20,51,0,71,0,0,0,71
04/17/2020,SLE,OR,ANM,WE,Federal Contract Tower,0,1,10,0,11,0,7,75,0,82,0,8,85,0,93,94,0,94,187
04/18/2020,SLE,OR,ANM,WE,Federal Contract Tower,0,0,4,0,4,0,0,2,0,2,0,0,6,0,6,6,0,6,12
04/19/2020,SLE,OR,ANM,WE,Federal Contract Tower,0,0,9,0,9,0,0,22,0,22,0,0,31,0,31,48,0,48,79
04/20/2020,SLE,OR,ANM,WE,Federal Contract Tower,0,2,6,0,8,0,10,36,2,48,0,12,42,2,56,37,0,37,93
04/21/2020,SLE,OR,ANM,WE,Federal Contract Tower,0,11,18,2,31,0,5,22,1,28,0,16,40,3,59,4,0,4,63
04/22/2020,SLE,OR,ANM,WE,Federal Contract Tower,0,4,6,0,10,0,0,0,0,0,0,4,6,0,10,0,0,0,10
04/23/2020,SLE,OR,ANM,WE,Federal Contract Tower,0,4,14,0,18,0,14,45,4,63,0,18,59,4,81,56,0,56,137
04/24/2020,SLE,OR,ANM,WE,Federal Contract Tower,0,1,6,0,7,0,1,3,0,4,0,2,9,0,11,0,0,0,11
04/25/2020,SLE,OR,ANM,WE,Federal Contract Tower,0,0,6,0,6,0,0,11,0,11,0,0,17,0,17,10,0,10,27
04/26/2020,SLE,OR,ANM,WE,Federal Contract Tower,0,1,4,0,5,0,0,54,0,54,0,1,58,0,59,24,0,24,83
04/27/2020,SLE,OR,ANM,WE,Federal Contract Tower,0,2,5,0,7,0,5,11,2,18,0,7,16,2,25,16,0,16,41
04/28/2020,SLE,OR,ANM,WE,Federal Contract Tower,0,0,8,0,8,0,18,53,3,74,0,18,61,3,82,46,6,52,134
04/29/2020,SLE,OR,ANM,WE,Federal Contract Tower,0,8,9,0,17,0,11,37,4,52,0,19,46,4,69,36,0,36,105
04/30/2020,SLE,OR,ANM,WE,Federal Contract Tower,0,7,1,0,8,0,17,35,0,52,0,24,36,0,60,48,0,48,108
05/01/2020,SLE,OR,ANM,WE,Federal Contract Tower,0,5,24,0,29,0,17,54,1,72,0,22,78,1,101,36,0,36,137
05/02/2020,SLE,OR,ANM,WE,Federal Contract Tower,0,0,3,0,3,0,1,2,0,3,0,1,5,0,6,0,0,0,6
05/03/2020,SLE,OR,ANM,WE,Federal Contract Tower,0,0,4,0,4,0,0,17,0,17,0,0,21,0,21,8,0,8,29
05/04/2020,SLE,OR,ANM,WE,Federal Contract Tower,0,7,4,4,15,0,0,21,2,23,0,7,25,6,38,22,4,26,64
05/05/2020,SLE,OR,ANM,WE,Federal Contract Tower,0,2,15,0,17,0,8,40,8,56,0,10,55,8,73,20,6,26,99
05/06/2020,SLE,OR,ANM,WE,Federal Contract Tower,0,3,5,0,8,0,8,43,1,52,0,11,48,1,60,28,8,36,96
05/07/2020,SLE,OR,ANM,WE,Federal Contract Tower,0,3,11,0,14,0,11,77,1,89,0,14,88,1,103,58,0,58,161
05/08/2020,SLE,OR,ANM,WE,Federal Contract Tower,0,0,3,0,3,0,10,75,0,85,0,10,78,0,88,24,0,24,112
05/09/2020,SLE,OR,ANM,WE,Federal Contract Tower,0,0,4,0,4,0,2,60,0,62,0,2,64,0,66,46,0,46,112
05/10/2020,SLE,OR,ANM,WE,Federal Contract Tower,0,2,4,0,6,0,1,24,0,25,0,3,28,0,31,32,0,32,63
05/11/2020,SLE,OR,ANM,WE,Federal Contract Tower,0,3,17,4,24,0,12,42,0,54,0,15,59,4,78,34,0,34,112
05/12/2020,SLE,OR,ANM,WE,Federal Contract Tower,0,5,3,0,8,0,0,5,2,7,0,5,8,2,15,10,0,10,25
05/13/2020,SLE,OR,ANM,WE,Federal Contract Tower,0,4,16,0,20,0,0,17,0,17,0,4,33,0,37,26,0,26,63
05/14/2020,SLE,OR,ANM,WE,Federal Contract Tower,0,4,13,6,23,0,2,1,1,4,0,6,14,7,27,12,2,14,41
05/15/2020,SLE,OR,ANM,WE,Federal Contract Tower,0,1,11,1,13,0,18,74,2,94,0,19,85,3,107,68,0,68,175
05/16/2020,SLE,OR,ANM,WE,Federal Contract Tower,0,0,8,0,8,0,0,13,0,13,0,0,21,0,21,28,0,28,49
05/17/2020,SLE,OR,ANM,WE,Federal Contract Tower,0,1,10,0,11,0,0,7,0,7,0,1,17,0,18,13,0,13,31
05/18/2020,SLE,OR,ANM,WE,Federal Contract Tower,0,6,6,2,14,0,2,1,0,3,0,8,7,2,17,0,0,0,17
05/19/2020,SLE,OR,ANM,WE,Federal Contract Tower,0,8,19,0,27,0,0,26,1,27,0,8,45,1,54,34,2,36,90
05/20/2020,SLE,OR,ANM,WE,Federal Contract Tower,0,6,14,0,20,0,0,6,0,6,0,6,20,0,26,0,0,0,26
05/21/2020,SLE,OR,ANM,WE,Federal Contract Tower,0,7,5,1,13,0,4,18,3,25,0,11,23,4,38,0,0,0,38
05/22/2020,SLE,OR,ANM,WE,Federal Contract Tower,0,3,2,0,5,0,9,46,0,55,0,12,48,0,60,46,0,46,106
05/23/2020,SLE,OR,ANM,WE,Federal Contract Tower,0,0,8,0,8,0,0,50,0,50,0,0,58,0,58,24,0,24,82
05/24/2020,SLE,OR,ANM,WE,Federal Contract Tower,0,2,8,0,10,0,0,57,0,57,0,2,65,0,67,50,0,50,117
05/25/2020,SLE,OR,ANM,WE,Federal Contract Tower,0,0,7,0,7,0,0,39,0,39,0,0,46,0,46,56,0,56,102
05/26/2020,SLE,OR,ANM,WE,Federal Contract Tower,0,3,15,1,19,0,11,37,0,48,0,14,52,1,67,84,0,84,151
05/28/2020,SLE,OR,ANM,WE,Federal Contract Tower,0,8,16,0,24,0,9,68,5,82,0,17,84,5,106,38,0,38,144
05/29/2020,SLE,OR,ANM,WE,Federal Contract Tower,0,2,26,0,28,0,8,90,0,98,0,10,116,0,126,90,0,90,216
05/30/2020,SLE,OR,ANM,WE,Federal Contract Tower,0,1,2,0,3,0,0,8,0,8,0,1,10,0,11,36,0,36,47
05/31/2020,SLE,OR,ANM,WE,Federal Contract Tower,0,0,12,0,12,0,0,42,0,42,0,0,54,0,54,12,0,12,66
06/01/2020,SLE,OR,ANM,WE,Federal Contract Tower,0,1,13,1,15,0,8,45,3,56,0,9,58,4,71,26,2,28,99
06/02/2020,SLE,OR,ANM,WE,Federal Contract Tower,0,1,11,0,12,0,16,110,0,126,0,17,121,0,138,93,0,93,231
06/03/2020,SLE,OR,ANM,WE,Federal Contract Tower,0,0,22,1,23,0,16,55,5,76,0,16,77,6,99,76,0,76,175
06/04/2020,SLE,OR,ANM,WE,Federal Contract Tower,0,3,13,2,18,0,13,67,0,80,0,16,80,2,98,50,0,50,148
06/05/2020,SLE,OR,ANM,WE,Federal Contract Tower,0,3,15,0,18,0,6,29,0,35,0,9,44,0,53,34,0,34,87
06/06/2020,SLE,OR,ANM,WE,Federal Contract Tower,0,0,8,0,8,0,0,10,3,13,0,0,18,3,21,0,0,0,21
06/07/2020,SLE,OR,ANM,WE,Federal Contract Tower,0,0,4,0,4,0,2,17,0,19,0,2,21,0,23,22,0,22,45
06/08/2020,SLE,OR,ANM,WE,Federal Contract Tower,0,3,18,0,21,0,5,36,4,45,0,8,54,4,66,58,0,58,124
06/09/2020,SLE,OR,ANM,WE,Federal Contract Tower,0,8,4,2,14,0,4,0,13,17,0,12,4,15,31,0,40,40,71
06/11/2020,SLE,OR,ANM,WE,Federal Contract Tower,0,4,15,7,26,0,10,60,16,86,0,14,75,23,112,68,34,102,214
06/12/2020,SLE,OR,ANM,WE,Federal Contract Tower,0,5,13,1,19,0,3,13,2,18,0,8,26,3,37,40,0,40,77
06/13/2020,SLE,OR,ANM,WE,Federal Contract Tower,0,0,9,5,14,0,0,8,7,15,0,0,17,12,29,0,0,0,29
06/14/2020,SLE,OR,ANM,WE,Federal Contract Tower,0,2,14,4,20,0,0,51,9,60,0,2,65,13,80,40,0,40,120
06/15/2020,SLE,OR,ANM,WE,Federal Contract Tower,0,2,5,13,20,0,3,4,8,15,0,5,9,21,35,6,4,10,45
06/16/2020,SLE,OR,ANM,WE,Federal Contract Tower,0,3,14,2,19,0,3,10,2,15,0,6,24,4,34,0,0,0,34
06/17/2020,SLE,OR,ANM,WE,Federal Contract Tower,0,3,9,0,12,0,19,70,16,105,0,22,79,16,117,134,8,142,259
06/18/2020,SLE,OR,ANM,WE,Federal Contract Tower,0,10,23,1,34,0,12,67,13,92,0,22,90,14,126,104,18,122,248
06/19/2020,SLE,OR,ANM,WE,Federal Contract Tower,0,3,19,0,22,0,10,69,9,88,0,13,88,9,110,130,0,130,240
06/20/2020,SLE,OR,ANM,WE,Federal Contract Tower,0,0,13,8,21,0,2,26,3,31,0,2,39,11,52,33,0,33,85
06/21/2020,SLE,OR,ANM,WE,Federal Contract Tower,0,2,14,0,16,0,0,49,7,56,0,2,63,7,72,54,0,54,126
06/22/2020,SLE,OR,ANM,WE,Federal Contract Tower,0,3,17,1,21,0,21,55,7,83,0,24,72,8,104,60,0,60,164
06/23/2020,SLE,OR,ANM,WE,Federal Contract Tower,0,10,22,1,33,0,12,64,4,80,0,22,86,5,113,46,0,46,159
06/24/2020,SLE,OR,ANM,WE,Federal Contract Tower,0,6,13,4,23,0,12,63,7,82,0,18,76,11,105,26,0,26,131
06/25/2020,SLE,OR,ANM,WE,Federal Contract Tower,0,4,7,4,15,0,8,58,6,72,0,12,65,10,87,54,2,56,143
06/26/2020,SLE,OR,ANM,WE,Federal Contract Tower,0,3,13,0,16,0,21,78,4,103,0,24,91,4,119,8,0,8,127
06/27/2020,SLE,OR,ANM,WE,Federal Contract Tower,0,2,26,1,29,0,6,52,12,70,0,8,78,13,99,31,0,31,130
06/28/2020,SLE,OR,ANM,WE,Federal Contract Tower,0,2,6,1,9,0,0,11,1,12,0,2,17,2,21,14,0,14,35
06/29/2020,SLE,OR,ANM,WE,Federal Contract Tower,0,3,10,1,14,0,6,44,0,50,0,9,54,1,64,100,0,100,164
06/30/2020,SLE,OR,ANM,WE,Federal Contract Tower,0,5,19,3,27,0,4,38,11,53,0,9,57,14,80,100,14,114,194
07/01/2020,SLE,OR,ANM,WE,Federal Contract Tower,0,4,3,0,7,0,8,30,2,40,0,12,33,2,47,44,2,46,93
07/02/2020,SLE,OR,ANM,WE,Federal Contract Tower,0,1,14,0,15,0,7,56,2,65,0,8,70,2,80,82,0,82,162
07/03/2020,SLE,OR,ANM,WE,Federal Contract Tower,0,0,13,0,13,0,2,44,0,46,0,2,57,0,59,26,0,26,85
07/04/2020,SLE,OR,ANM,WE,Federal Contract Tower,0,0,4,0,4,0,0,42,0,42,0,0,46,0,46,22,0,22,68
07/05/2020,SLE,OR,ANM,WE,Federal Contract Tower,0,0,10,0,10,0,3,49,0,52,0,3,59,0,62,30,0,30,92
07/06/2020,SLE,OR,ANM,WE,Federal Contract Tower,0,2,17,1,20,0,5,43,2,50,0,7,60,3,70,44,0,44,114
07/07/2020,SLE,OR,ANM,WE,Federal Contract Tower,0,4,13,0,17,0,9,24,5,38,0,13,37,5,55,20,2,22,77
07/08/2020,SLE,OR,ANM,WE,Federal Contract Tower,0,1,15,1,17,0,1,66,1,68,0,2,81,2,85,39,2,41,126
07/09/2020,SLE,OR,ANM,WE,Federal Contract Tower,0,1,7,2,10,0,23,76,15,114,0,24,83,17,124,28,6,34,158
07/10/2020,SLE,OR,ANM,WE,Federal Contract Tower,0,1,20,2,23,0,28,72,4,104,0,29,92,6,127,62,0,62,189
07/11/2020,SLE,OR,ANM,WE,Federal Contract Tower,0,0,8,2,10,0,0,59,25,84,0,0,67,27,94,28,33,61,155
07/12/2020,SLE,OR,ANM,WE,Federal Contract Tower,0,0,8,5,13,0,0,34,15,49,0,0,42,20,62,7,2,9,71
07/13/2020,SLE,OR,ANM,WE,Federal Contract Tower,0,2,12,2,16,0,7,53,4,64,0,9,65,6,80,42,2,44,124
07/14/2020,SLE,OR,ANM,WE,Federal Contract Tower,0,4,9,1,14,0,11,80,11,102,0,15,89,12,116,66,6,72,188
07/15/2020,SLE,OR,ANM,WE,Federal Contract Tower,0,3,9,0,12,0,21,54,8,83,0,24,63,8,95,40,20,60,155
07/16/2020,SLE,OR,ANM,WE,Federal Contract Tower,0,9,10,1,20,0,19,72,4,95,0,28,82,5,115,40,6,46,161
07/17/2020,SLE,OR,ANM,WE,Federal Contract Tower,0,6,9,4,19,0,5,70,0,75,0,11,79,4,94,60,0,60,154
07/18/2020,SLE,OR,ANM,WE,Federal Contract Tower,0,0,13,2,15,0,0,69,2,71,0,0,82,4,86,22,0,22,108
07/19/2020,SLE,OR,ANM,WE,Federal Contract Tower,0,3,10,0,13,0,4,76,2,82,0,7,86,2,95,21,4,25,120
07/20/2020,SLE,OR,ANM,WE,Federal Contract Tower,0,6,19,1,26,0,11,32,4,47,0,17,51,5,73,8,0,8,81
07/21/2020,SLE,OR,ANM,WE,Federal Contract Tower,0,3,21,0,24,0,11,61,8,80,0,14,82,8,104,78,0,78,182
07/22/2020,SLE,OR,ANM,WE,Federal Contract Tower,0,7,19,1,27,0,6,60,8,74,0,13,79,9,101,44,0,44,145
07/23/2020,SLE,OR,ANM,WE,Federal Contract Tower,0,4,28,4,36,0,10,56,2,68,0,14,84,6,104,38,18,56,160
07/24/2020,SLE,OR,ANM,WE,Federal Contract Tower,0,5,15,2,22,0,10,89,4,103,0,15,104,6,125,18,0,18,143
07/25/2020,SLE,OR,ANM,WE,Federal Contract Tower,0,1,2,0,3,0,2,61,2,65,0,3,63,2,68,36,0,36,104
07/26/2020,SLE,OR,ANM,WE,Federal Contract Tower,0,2,15,0,17,0,3,53,0,56,0,5,68,0,73,68,0,68,141
07/27/2020,SLE,OR,ANM,WE,Federal Contract Tower,0,3,6,0,9,0,11,51,5,67,0,14,57,5,76,46,2,48,124
07/28/2020,SLE,OR,ANM,WE,Federal Contract Tower,0,4,4,2,10,0,14,65,5,84,0,18,69,7,94,50,0,50,144
07/29/2020,SLE,OR,ANM,WE,Federal Contract Tower,0,2,4,2,8,0,7,40,13,60,0,9,44,15,68,30,18,48,116
07/30/2020,SLE,OR,ANM,WE,Federal Contract Tower,0,2,6,0,8,0,18,75,8,101,0,20,81,8,109,30,0,30,139
07/31/2020,SLE,OR,ANM,WE,Federal Contract Tower,0,3,9,0,12,0,15,83,0,98,0,18,92,0,110,90,0,90,200
08/01/2020,SLE,OR,ANM,WE,Federal Contract Tower,0,2,11,0,13,0,0,71,13,84,0,2,82,13,97,34,12,46,143
08/02/2020,SLE,OR,ANM,WE,Federal Contract Tower,0,0,14,2,16,0,0,62,9,71,0,0,76,11,87,47,4,51,138
08/03/2020,SLE,OR,ANM,WE,Federal Contract Tower,0,4,12,1,17,0,6,51,1,58,0,10,63,2,75,28,0,28,103
08/04/2020,SLE,OR,ANM,WE,Federal Contract Tower,0,1,5,2,8,0,15,40,12,67,0,16,45,14,75,42,26,68,143
08/05/2020,SLE,OR,ANM,WE,Federal Contract Tower,0,7,17,3,27,0,9,86,10,105,0,16,103,13,132,70,34,104,236
08/06/2020,SLE,OR,ANM,WE,Federal Contract Tower,0,2,10,2,14,0,2,20,11,33,0,4,30,13,47,10,22,32,79
08/07/2020,SLE,OR,ANM,WE,Federal Contract Tower,0,6,8,5,19,0,4,73,4,81,0,10,81,9,100,42,6,48,148
08/08/2020,SLE,OR,ANM,WE,Federal Contract Tower,0,4,20,0,24,0,2,83,8,93,0,6,103,8,117,34,8,42,159
08/09/2020,SLE,OR,ANM,WE,Federal Contract Tower,0,2,7,0,9,0,0,74,2,76,0,2,81,2,85,36,0,36,121
08/10/2020,SLE,OR,ANM,WE,Federal Contract Tower,0,4,9,8,21,0,10,62,5,77,0,14,71,13,98,26,18,44,142
08/11/2020,SLE,OR,ANM,WE,Federal Contract Tower,0,14,18,7,39,0,9,81,12,102,0,23,99,19,141,68,16,84,225
08/12/2020,SLE,OR,ANM,WE,Federal Contract Tower,0,11,5,10,26,0,14,67,10,91,0,25,72,20,117,102,2,104,221
08/13/2020,SLE,OR,ANM,WE,Federal Contract Tower,0,9,19,2,30,0,9,96,12,117,0,18,115,14,147,78,0,78,225
08/14/2020,SLE,OR,ANM,WE,Federal Contract Tower,0,5,10,7,22,0,4,53,5,62,0,9,63,12,84,54,2,56,140
08/15/2020,SLE,OR,ANM,WE,Federal Contract Tower,0,0,10,0,10,0,2,73,5,80,0,2,83,5,90,68,0,68,158
08/16/2020,SLE,OR,ANM,WE,Federal Contract Tower,0,2,6,4,12,0,1,45,4,50,0,3,51,8,62,10,0,10,72
08/17/2020,SLE,OR,ANM,WE,Federal Contract Tower,0,1,20,1,22,0,22,43,8,73,0,23,63,9,95,40,6,46,141
08/18/2020,SLE,OR,ANM,WE,Federal Contract Tower,0,3,15,1,19,0,12,67,6,85,0,15,82,7,104,38,0,38,142
08/19/2020,SLE,OR,ANM,WE,Federal Contract Tower,0,8,12,2,22,0,23,90,12,125,0,31,102,14,147,124,0,124,271
08/20/2020,SLE,OR,ANM,WE,Federal Contract Tower,0,4,9,2,15,0,10,72,10,92,0,14,81,12,107,64,16,80,187
08/21/2020,SLE,OR,ANM,WE,Federal Contract Tower,0,6,14,0,20,0,12,35,2,49,0,18,49,2,69,38,6,44,113
08/22/2020,SLE,OR,ANM,WE,Federal Contract Tower,0,0,12,0,12,0,6,93,9,108,0,6,105,9,120,22,0,22,142
08/23/2020,SLE,OR,ANM,WE,Federal Contract Tower,0,4,8,0,12,0,6,76,0,82,0,10,84,0,94,44,0,44,138
08/24/2020,SLE,OR,ANM,WE,Federal Contract Tower,0,3,18,2,23,0,11,72,2,85,0,14,90,4,108,26,0,26,134
08/25/2020,SLE,OR,ANM,WE,Federal Contract Tower,0,3,21,1,25,0,25,49,2,76,0,28,70,3,101,70,0,70,171
08/26/2020,SLE,OR,ANM,WE,Federal Contract Tower,0,9,27,0,36,0,22,65,1,88,0,31,92,1,124,74,0,74,198
08/27/2020,SLE,OR,ANM,WE,Federal Contract Tower,0,4,17,0,21,0,15,89,7,111,0,19,106,7,132,118,0,118,250
08/28/2020,SLE,OR,ANM,WE,Federal Contract Tower,0,5,23,0,28,0,17,105,5,127,0,22,128,5,155,52,0,52,207
08/29/2020,SLE,OR,ANM,WE,Federal Contract Tower,0,0,5,0,5,0,1,82,0,83,0,1,87,0,88,30,0,30,118
08/30/2020,SLE,OR,ANM,WE,Federal Contract Tower,0,0,5,0,5,0,1,47,2,50,0,1,52,2,55,60,0,60,115
08/31/2020,SLE,OR,ANM,WE,Federal Contract Tower,0,2,7,0,9,0,8,44,2,54,0,10,51,2,63,56,0,56,119
09/01/2020,SLE,OR,ANM,WE,Federal Contract Tower,0,2,9,3,14,0,8,77,0,85,0,10,86,3,99,62,0,62,161
09/02/2020,SLE,OR,ANM,WE,Federal Contract Tower,0,3,22,6,31,0,10,72,5,87,0,13,94,11,118,94,8,102,220
09/03/2020,SLE,OR,ANM,WE,Federal Contract Tower,0,5,6,0,11,0,13,58,3,74,0,18,64,3,85,122,2,124,209
09/04/2020,SLE,OR,ANM,WE,Federal Contract Tower,0,3,18,0,21,0,14,83,2,99,0,17,101,2,120,86,0,86,206
09/05/2020,SLE,OR,ANM,WE,Federal Contract Tower,0,5,14,0,19,0,0,79,0,79,0,5,93,0,98,54,0,54,152
09/06/2020,SLE,OR,ANM,WE,Federal Contract Tower,0,0,4,0,4,0,2,71,0,73,0,2,75,0,77,42,0,42,119
09/07/2020,SLE,OR,ANM,WE,Federal Contract Tower,0,0,13,0,13,0,2,41,3,46,0,2,54,3,59,16,0,16,75
09/08/2020,SLE,OR,ANM,WE,Federal Contract Tower,0,4,7,3,14,0,5,2,10,17,0,9,9,13,31,0,0,0,31
09/09/2020,SLE,OR,ANM,WE,Federal Contract Tower,0,9,10,0,19,0,0,4,2,6,0,9,14,2,25,0,0,0,25
09/10/2020,SLE,OR,ANM,WE,Federal Contract Tower,0,5,2,3,10,0,0,0,0,0,0,5,2,3,10,0,0,0,10
09/11/2020,SLE,OR,ANM,WE,Federal Contract Tower,0,7,2,0,9,0,0,0,0,0,0,7,2,0,9,0,0,0,9
09/12/2020,SLE,OR,ANM,WE,Federal Contract Tower,0,2,0,0,2,0,0,0,0,0,0,2,0,0,2,0,0,0,2
09/13/2020,SLE,OR,ANM,WE,Federal Contract Tower,0,0,2,0,2,0,0,0,0,0,0,0,2,0,2,0,0,0,2
09/14/2020,SLE,OR,ANM,WE,Federal Contract Tower,0,4,8,2,14,0,0,0,0,0,0,4,8,2,14,0,0,0,14
09/15/2020,SLE,OR,ANM,WE,Federal Contract Tower,0,8,8,0,16,0,0,0,0,0,0,8,8,0,16,0,0,0,16
09/16/2020,SLE,OR,ANM,WE,Federal Contract Tower,0,4,3,0,7,0,0,0,0,0,0,4,3,0,7,0,0,0,7
09/17/2020,SLE,OR,ANM,WE,Federal Contract Tower,0,2,5,0,7,0,0,0,0,0,0,2,5,0,7,2,0,2,9
09/18/2020,SLE,OR,ANM,WE,Federal Contract Tower,0,4,1,1,6,0,0,6,0,6,0,4,7,1,12,0,0,0,12
09/19/2020,SLE,OR,ANM,WE,Federal Contract Tower,0,0,9,3,12,0,1,23,2,26,0,1,32,5,38,8,0,8,46
09/20/2020,SLE,OR,ANM,WE,Federal Contract Tower,0,1,7,0,8,0,1,67,3,71,0,2,74,3,79,31,0,31,110
09/21/2020,SLE,OR,ANM,WE,Federal Contract Tower,0,4,13,4,21,0,9,62,5,76,0,13,75,9,97,38,0,38,135
09/22/2020,SLE,OR,ANM,WE,Federal Contract Tower,0,3,16,0,19,0,25,70,0,95,0,28,86,0,114,72,2,74,188
09/23/2020,SLE,OR,ANM,WE,Federal Contract Tower,0,13,13,0,26,0,11,21,4,36,0,24,34,4,62,20,8,28,90
09/24/2020,SLE,OR,ANM,WE,Federal Contract Tower,0,8,25,2,35,0,15,11,5,31,0,23,36,7,66,14,26,40,106
09/25/2020,SLE,OR,ANM,WE,Federal Contract Tower,0,6,5,0,11,0,0,3,1,4,0,6,8,1,15,0,2,2,17
09/26/2020,SLE,OR,ANM,WE,Federal Contract Tower,0,10,26,0,36,0,31,49,0,80,0,41,75,0,116,48,0,48,164
09/27/2020,SLE,OR,ANM,WE,Federal Contract Tower,0,3,19,0,22,0,8,76,2,86,0,11,95,2,108,32,0,32,140
09/28/2020,SLE,OR,ANM,WE,Federal Contract Tower,0,3,25,0,28,0,26,100,5,131,0,29,125,5,159,40,0,40,199
09/29/2020,SLE,OR,ANM,WE,Federal Contract Tower,0,7,15,2,24,0,16,98,1,115,0,23,113,3,139,116,4,120,259
09/30/2020,SLE,OR,ANM,WE,Federal Contract Tower,0,3,27,0,30,0,18,80,2,100,0,21,107,2,130,88,0,88,218
10/01/2020,SLE,OR,ANM,WE,Federal Contract Tower,0,6,16,0,22,0,10,37,4,51,0,16,53,4,73,54,4,58,131
10/02/2020,SLE,OR,ANM,WE,Federal Contract Tower,0,3,18,0,21,0,8,45,0,53,0,11,63,0,74,14,0,14,88
10/03/2020,SLE,OR,ANM,WE,Federal Contract Tower,0,5,8,0,13,0,0,66,0,66,0,5,74,0,79,46,0,46,125
10/04/2020,SLE,OR,ANM,WE,Federal Contract Tower,0,0,17,0,17,0,0,14,0,14,0,0,31,0,31,0,0,0,31
10/05/2020,SLE,OR,ANM,WE,Federal Contract Tower,0,4,16,0,20,0,3,38,8,49,0,7,54,8,69,46,4,50,119
10/06/2020,SLE,OR,ANM,WE,Federal Contract Tower,0,9,27,4,40,0,38,58,18,114,0,47,85,22,154,74,16,90,244
10/07/2020,SLE,OR,ANM,WE,Federal Contract Tower,0,8,22,3,33,0,25,62,10,97,0,33,84,13,130,46,22,68,198
10/08/2020,SLE,OR,ANM,WE,Federal Contract Tower,0,7,22,2,31,0,2,26,6,34,0,9,48,8,65,28,10,38,103
10/09/2020,SLE,OR,ANM,WE,Federal Contract Tower,0,7,14,0,21,0,9,44,0,53,0,16,58,0,74,18,0,18,92
10/10/2020,SLE,OR,ANM,WE,Federal Contract Tower,0,0,8,0,8,0,0,1,0,1,0,0,9,0,9,19,0,19,28
10/11/2020,SLE,OR,ANM,WE,Federal Contract Tower,0,0,8,0,8,0,0,7,0,7,0,0,15,0,15,12,0,12,27
10/12/2020,SLE,OR,ANM,WE,Federal Contract Tower,0,14,17,0,31,0,14,29,1,44,0,28,46,1,75,42,0,42,117
10/13/2020,SLE,OR,ANM,WE,Federal Contract Tower,0,4,7,2,13,0,3,4,1,8,0,7,11,3,21,0,0,0,21
10/14/2020,SLE,OR,ANM,WE,Federal Contract Tower,0,7,20,3,30,0,32,64,3,99,0,39,84,6,129,86,0,86,215
10/15/2020,SLE,OR,ANM,WE,Federal Contract Tower,0,5,32,3,40,0,10,89,1,100,0,15,121,4,140,40,0,40,180
10/16/2020,SLE,OR,ANM,WE,Federal Contract Tower,0,2,11,3,16,0,15,82,6,103,0,17,93,9,119,70,2,72,191
10/17/2020,SLE,OR,ANM,WE,Federal Contract Tower,0,1,24,2,27,0,0,21,16,37,0,1,45,18,64,52,14,66,130
10/18/2020,SLE,OR,ANM,WE,Federal Contract Tower,0,0,20,3,23,0,0,47,5,52,0,0,67,8,75,50,0,50,125
10/19/2020,SLE,OR,ANM,WE,Federal Contract Tower,0,3,14,3,20,0,10,35,8,53,0,13,49,11,73,28,2,30,103
10/20/2020,SLE,OR,ANM,WE,Federal Contract Tower,0,1,9,4,14,0,11,49,6,66,0,12,58,10,80,52,6,58,138
10/21/2020,SLE,OR,ANM,WE,Federal Contract Tower,0,7,25,1,33,0,2,58,28,88,0,9,83,29,121,62,20,82,203
10/22/2020,SLE,OR,ANM,WE,Federal Contract Tower,0,2,29,2,33,0,9,78,13,100,0,11,107,15,133,80,0,80,213
10/23/2020,SLE,OR,ANM,WE,Federal Contract Tower,0,2,16,2,20,0,4,42,5,51,0,6,58,7,71,52,18,70,141
10/24/2020,SLE,OR,ANM,WE,Federal Contract Tower,0,2,5,0,7,0,0,54,0,54,0,2,59,0,61,48,0,48,109
10/25/2020,SLE,OR,ANM,WE,Federal Contract Tower,0,2,10,0,12,0,3,54,0,57,0,5,64,0,69,14,0,14,83
10/26/2020,SLE,OR,ANM,WE,Federal Contract Tower,0,4,15,2,21,0,10,57,4,71,0,14,72,6,92,26,0,26,118
10/27/2020,SLE,OR,ANM,WE,Federal Contract Tower,0,2,20,2,24,0,6,56,1,63,0,8,76,3,87,80,4,84,171
10/28/2020,SLE,OR,ANM,WE,Federal Contract Tower,0,2,16,5,23,0,4,79,4,87,0,6,95,9,110,40,2,42,152
10/29/2020,SLE,OR,ANM,WE,Federal Contract Tower,0,6,19,5,30,0,2,42,1,45,0,8,61,6,75,64,0,64,139
10/30/2020,SLE,OR,ANM,WE,Federal Contract Tower,0,7,14,2,23,0,2,18,0,20,0,9,32,2,43,28,0,28,71
10/31/2020,SLE,OR,ANM,WE,Federal Contract Tower,0,2,23,0,25,0,0,55,0,55,0,2,78,0,80,74,0,74,154
11/01/2020,SLE,OR,ANM,WE,Federal Contract Tower,0,1,26,0,27,0,1,81,7,89,0,2,107,7,116,58,4,62,178
11/02/2020,SLE,OR,ANM,WE,Federal Contract Tower,0,3,15,2,20,0,7,90,11,108,0,10,105,13,128,80,2,82,210
11/03/2020,SLE,OR,ANM,WE,Federal Contract Tower,0,4,7,0,11,0,2,10,0,12,0,6,17,0,23,6,0,6,29
11/04/2020,SLE,OR,ANM,WE,Federal Contract Tower,0,3,14,2,19,0,11,24,6,41,0,14,38,8,60,30,4,34,94
11/05/2020,SLE,OR,ANM,WE,Federal Contract Tower,0,6,9,5,20,0,4,4,0,8,0,10,13,5,28,38,0,38,66
11/06/2020,SLE,OR,ANM,WE,Federal Contract Tower,0,5,15,2,22,0,4,10,2,16,0,9,25,4,38,2,2,4,42
11/07/2020,SLE,OR,ANM,WE,Federal Contract Tower,0,0,7,2,9,0,0,34,15,49,0,0,41,17,58,50,4,54,112
11/08/2020,SLE,OR,ANM,WE,Federal Contract Tower,0,0,20,1,21,0,0,80,9,89,0,0,100,10,110,90,4,94,204
11/09/2020,SLE,OR,ANM,WE,Federal Contract Tower,0,3,6,0,9,0,3,17,0,20,0,6,23,0,29,44,0,44,73
11/10/2020,SLE,OR,ANM,WE,Federal Contract Tower,0,2,4,0,6,0,2,7,5,14,0,4,11,5,20,0,12,12,32
11/11/2020,SLE,OR,ANM,WE,Federal Contract Tower,0,14,8,0,22,0,7,50,0,57,0,21,58,0,79,42,0,42,121
11/12/2020,SLE,OR,ANM,WE,Federal Contract Tower,0,4,13,0,17,0,2,17,0,19,0,6,30,0,36,22,0,22,58
11/13/2020,SLE,OR,ANM,WE,Federal Contract Tower,0,4,4,0,8,0,2,9,0,11,0,6,13,0,19,10,0,10,29
11/14/2020,SLE,OR,ANM,WE,Federal Contract Tower,0,2,0,0,2,0,0,5,0,5,0,2,5,0,7,18,0,18,25
11/15/2020,SLE,OR,ANM,WE,Federal Contract Tower,0,0,7,0,7,0,0,14,0,14,0,0,21,0,21,52,0,52,73
11/16/2020,SLE,OR,ANM,WE,Federal Contract Tower,0,3,7,0,10,0,2,18,2,22,0,5,25,2,32,34,0,34,66
11/17/2020,SLE,OR,ANM,WE,Federal Contract Tower,0,4,9,0,13,0,1,3,2,6,0,5,12,2,19,0,0,0,19
11/18/2020,SLE,OR,ANM,WE,Federal Contract Tower,0,5,14,1,20,0,0,3,0,3,0,5,17,1,23,0,0,0,23
11/19/2020,SLE,OR,ANM,WE,Federal Contract Tower,0,0,8,9,17,0,0,18,2,20,0,0,26,11,37,26,2,28,65
11/20/2020,SLE,OR,ANM,WE,Federal Contract Tower,0,7,13,0,20,0,0,0,0,0,0,7,13,0,20,0,0,0,20
11/21/2020,SLE,OR,ANM,WE,Federal Contract Tower,0,1,19,0,20,0,0,0,0,0,0,1,19,0,20,0,0,0,20
11/22/2020,SLE,OR,ANM,WE,Federal Contract Tower,0,1,9,0,10,0,0,3,0,3,0,1,12,0,13,30,0,30,43
11/23/2020,SLE,OR,ANM,WE,Federal Contract Tower,0,4,18,2,24,0,1,10,0,11,0,5,28,2,35,46,0,46,81
11/24/2020,SLE,OR,ANM,WE,Federal Contract Tower,0,6,10,0,16,0,5,20,0,25,0,11,30,0,41,2,0,2,43
11/25/2020,SLE,OR,ANM,WE,Federal Contract Tower,0,3,8,0,11,0,2,13,0,15,0,5,21,0,26,20,0,20,46
11/26/2020,SLE,OR,ANM,WE,Federal Contract Tower,0,0,13,0,13,0,0,13,0,13,0,0,26,0,26,64,0,64,90
11/27/2020,SLE,OR,ANM,WE,Federal Contract Tower,0,4,4,0,8,0,0,0,0,0,0,4,4,0,8,0,0,0,8
11/28/2020,SLE,OR,ANM,WE,Federal Contract Tower,0,2,18,0,20,0,0,0,0,0,0,2,18,0,20,0,0,0,20
11/29/2020,SLE,OR,ANM,WE,Federal Contract Tower,0,1,20,0,21,0,0,0,0,0,0,1,20,0,21,0,0,0,21
11/30/2020,SLE,OR,ANM,WE,Federal Contract Tower,0,2,8,0,10,0,4,58,0,62,0,6,66,0,72,142,0,142,214
12/01/2020,SLE,OR,ANM,WE,Federal Contract Tower,0,2,10,0,12,0,8,45,5,58,0,10,55,5,70,44,4,48,118
12/02/2020,SLE,OR,ANM,WE,Federal Contract Tower,0,3,25,1,29,0,7,82,3,92,0,10,107,4,121,118,0,118,239
12/03/2020,SLE,OR,ANM,WE,Federal Contract Tower,0,4,21,0,25,0,3,88,19,110,0,7,109,19,135,72,0,72,207
12/04/2020,SLE,OR,ANM,WE,Federal Contract Tower,0,3,28,0,31,0,4,76,3,83,0,7,104,3,114,72,0,72,186
12/05/2020,SLE,OR,ANM,WE,Federal Contract Tower,0,4,7,0,11,0,1,105,0,106,0,5,112,0,117,60,0,60,177
12/06/2020,SLE,OR,ANM,WE,Federal Contract Tower,0,1,11,0,12,0,0,22,0,22,0,1,33,0,34,10,0,10,44
12/07/2020,SLE,OR,ANM,WE,Federal Contract Tower,0,4,13,1,18,0,0,27,1,28,0,4,40,2,46,48,0,48,94
12/08/2020,SLE,OR,ANM,WE,Federal Contract Tower,0,10,3,0,13,0,3,31,0,34,0,13,34,0,47,74,0,74,121
12/09/2020,SLE,OR,ANM,WE,Federal Contract Tower,0,6,6,2,14,0,3,39,0,42,0,9,45,2,56,70,0,70,126
12/10/2020,SLE,OR,ANM,WE,Federal Contract Tower,0,9,11,2,22,0,0,0,0,0,0,9,11,2,22,4,0,4,26
12/11/2020,SLE,OR,ANM,WE,Federal Contract Tower,0,4,1,2,7,0,2,4,0,6,0,6,5,2,13,10,0,10,23
12/12/2020,SLE,OR,ANM,WE,Federal Contract Tower,0,0,22,0,22,0,0,43,0,43,0,0,65,0,65,48,0,48,113
12/13/2020,SLE,OR,ANM,WE,Federal Contract Tower,0,0,1,0,1,0,0,2,0,2,0,0,3,0,3,4,0,4,7
12/14/2020,SLE,OR,ANM,WE,Federal Contract Tower,0,6,14,0,20,0,4,46,13,63,0,10,60,13,83,48,6,54,137
12/15/2020,SLE,OR,ANM,WE,Federal Contract Tower,0,3,2,0,5,0,3,1,1,5,0,6,3,1,10,0,52,52,62
12/16/2020,SLE,OR,ANM,WE,Federal Contract Tower,0,5,4,0,9,0,2,8,5,15,0,7,12,5,24,12,2,14,38
12/17/2020,SLE,OR,ANM,WE,Federal Contract Tower,0,4,12,0,16,0,13,10,5,28,0,17,22,5,44,44,14,58,102
12/18/2020,SLE,OR,ANM,WE,Federal Contract Tower,0,3,11,0,14,0,9,40,6,55,0,12,51,6,69,26,2,28,97
12/19/2020,SLE,OR,ANM,WE,Federal Contract Tower,0,0,8,0,8,0,2,4,0,6,0,2,12,0,14,6,0,6,20
12/20/2020,SLE,OR,ANM,WE,Federal Contract Tower,0,0,9,0,9,0,0,0,0,0,0,0,9,0,9,0,0,0,9
12/21/2020,SLE,OR,ANM,WE,Federal Contract Tower,0,4,9,0,13,0,0,0,0,0,0,4,9,0,13,4,0,4,17
12/22/2020,SLE,OR,ANM,WE,Federal Contract Tower,0,3,13,0,16,0,5,37,4,46,0,8,50,4,62,68,0,68,130
12/23/2020,SLE,OR,ANM,WE,Federal Contract Tower,0,7,19,0,26,0,7,42,0,49,0,14,61,0,75,66,0,66,141
12/24/2020,SLE,OR,ANM,WE,Federal Contract Tower,0,4,2,0,6,0,0,0,0,0,0,4,2,0,6,0,0,0,6
12/25/2020,SLE,OR,ANM,WE,Federal Contract Tower,0,0,0,0,0,0,0,0,0,0,0,0,0,0,0,0,0,0,0
12/26/2020,SLE,OR,ANM,WE,Federal Contract Tower,0,0,5,0,5,0,3,8,0,11,0,3,13,0,16,18,0,18,34
12/27/2020,SLE,OR,ANM,WE,Federal Contract Tower,0,2,17,0,19,0,0,66,0,66,0,2,83,0,85,34,0,34,119
12/28/2020,SLE,OR,ANM,WE,Federal Contract Tower,0,3,21,0,24,0,9,90,0,99,0,12,111,0,123,100,0,100,223
12/29/2020,SLE,OR,ANM,WE,Federal Contract Tower,0,3,19,0,22,0,6,38,0,44,0,9,57,0,66,20,0,20,86
12/30/2020,SLE,OR,ANM,WE,Federal Contract Tower,0,3,10,0,13,0,1,0,0,1,0,4,10,0,14,0,0,0,14
12/31/2020,SLE,OR,ANM,WE,Federal Contract Tower,0,3,13,0,16,0,1,11,0,12,0,4,24,0,28,10,0,10,38
01/01/2021,SLE,OR,ANM,WE,Federal Contract Tower,0,0,1,0,1,0,2,14,0,16,0,2,15,0,17,12,0,12,29
01/02/2021,SLE,OR,ANM,WE,Federal Contract Tower,0,0,2,0,2,0,0,0,0,0,0,0,2,0,2,0,0,0,2
01/03/2021,SLE,OR,ANM,WE,Federal Contract Tower,0,3,14,0,17,0,0,35,0,35,0,3,49,0,52,46,0,46,98
01/04/2021,SLE,OR,ANM,WE,Federal Contract Tower,0,3,2,0,5,0,5,4,0,9,0,8,6,0,14,20,0,20,34
01/05/2021,SLE,OR,ANM,WE,Federal Contract Tower,0,2,16,2,20,0,8,25,2,35,0,10,41,4,55,34,0,34,89
01/06/2021,SLE,OR,ANM,WE,Federal Contract Tower,0,6,11,0,17,0,3,0,0,3,0,9,11,0,20,8,0,8,28
01/07/2021,SLE,OR,ANM,WE,Federal Contract Tower,0,2,24,3,29,0,8,60,4,72,0,10,84,7,101,84,4,88,189
01/08/2021,SLE,OR,ANM,WE,Federal Contract Tower,0,3,5,2,10,0,2,24,2,28,0,5,29,4,38,20,12,32,70
01/09/2021,SLE,OR,ANM,WE,Federal Contract Tower,0,0,15,0,15,0,0,0,0,0,0,0,15,0,15,0,0,0,15
01/10/2021,SLE,OR,ANM,WE,Federal Contract Tower,0,0,8,0,8,0,0,2,0,2,0,0,10,0,10,0,0,0,10
01/11/2021,SLE,OR,ANM,WE,Federal Contract Tower,0,3,13,0,16,0,2,20,1,23,0,5,33,1,39,52,2,54,93
01/12/2021,SLE,OR,ANM,WE,Federal Contract Tower,0,5,5,0,10,0,0,0,0,0,0,5,5,0,10,0,0,0,10
01/13/2021,SLE,OR,ANM,WE,Federal Contract Tower,0,6,24,2,32,0,19,69,16,104,0,25,93,18,136,42,4,46,182
01/14/2021,SLE,OR,ANM,WE,Federal Contract Tower,0,7,34,0,41,0,7,49,16,72,0,14,83,16,113,66,10,76,189
01/15/2021,SLE,OR,ANM,WE,Federal Contract Tower,0,2,17,0,19,0,0,0,0,0,0,2,17,0,19,0,0,0,19
01/16/2021,SLE,OR,ANM,WE,Federal Contract Tower,0,0,21,0,21,0,2,5,0,7,0,2,26,0,28,10,0,10,38
01/17/2021,SLE,OR,ANM,WE,Federal Contract Tower,0,0,16,0,16,0,0,8,0,8,0,0,24,0,24,4,0,4,28
01/18/2021,SLE,OR,ANM,WE,Federal Contract Tower,0,0,18,0,18,0,0,53,0,53,0,0,71,0,71,70,0,70,141
01/19/2021,SLE,OR,ANM,WE,Federal Contract Tower,0,13,9,0,22,0,9,69,2,80,0,22,78,2,102,92,0,92,194
01/20/2021,SLE,OR,ANM,WE,Federal Contract Tower,0,4,42,1,47,0,7,75,2,84,0,11,117,3,131,56,0,56,187
01/21/2021,SLE,OR,ANM,WE,Federal Contract Tower,0,4,8,5,17,0,4,0,2,6,0,8,8,7,23,0,0,0,23
01/22/2021,SLE,OR,ANM,WE,Federal Contract Tower,0,3,33,1,37,0,13,80,6,99,0,16,113,7,136,44,4,48,184
01/23/2021,SLE,OR,ANM,WE,Federal Contract Tower,0,0,8,0,8,0,6,88,3,97,0,6,96,3,105,70,0,70,175
01/24/2021,SLE,OR,ANM,WE,Federal Contract Tower,0,0,0,0,0,0,0,0,4,4,0,0,0,4,4,0,0,0,4
01/25/2021,SLE,OR,ANM,WE,Federal Contract Tower,0,3,11,2,16,0,1,9,5,15,0,4,20,7,31,0,12,12,43
01/26/2021,SLE,OR,ANM,WE,Federal Contract Tower,0,4,2,0,6,0,0,9,1,10,0,4,11,1,16,12,0,12,28
01/27/2021,SLE,OR,ANM,WE,Federal Contract Tower,0,4,5,2,11,0,4,1,1,6,0,8,6,3,17,24,0,24,41
01/28/2021,SLE,OR,ANM,WE,Federal Contract Tower,0,4,8,0,12,0,7,17,7,31,0,11,25,7,43,80,20,100,143
01/29/2021,SLE,OR,ANM,WE,Federal Contract Tower,0,6,10,0,16,0,0,12,0,12,0,6,22,0,28,32,0,32,60
01/30/2021,SLE,OR,ANM,WE,Federal Contract Tower,0,2,2,0,4,0,0,12,3,15,0,2,14,3,19,6,0,6,25
01/31/2021,SLE,OR,ANM,WE,Federal Contract Tower,0,1,11,0,12,0,0,10,0,10,0,1,21,0,22,2,0,2,24
02/01/2021,SLE,OR,ANM,WE,Federal Contract Tower,0,3,4,0,7,0,2,2,1,5,0,5,6,1,12,18,0,18,30
02/02/2021,SLE,OR,ANM,WE,Federal Contract Tower,0,4,7,0,11,0,9,7,0,16,0,13,14,0,27,6,0,6,33
02/03/2021,SLE,OR,ANM,WE,Federal Contract Tower,0,1,12,0,13,0,9,30,3,42,0,10,42,3,55,26,18,44,99
02/04/2021,SLE,OR,ANM,WE,Federal Contract Tower,0,5,11,3,19,0,5,33,10,48,0,10,44,13,67,54,30,84,151
02/05/2021,SLE,OR,ANM,WE,Federal Contract Tower,0,4,16,2,22,0,1,5,2,8,0,5,21,4,30,22,8,30,60
02/06/2021,SLE,OR,ANM,WE,Federal Contract Tower,0,0,9,1,10,0,1,9,6,16,0,1,18,7,26,26,24,50,76
02/07/2021,SLE,OR,ANM,WE,Federal Contract Tower,0,0,4,1,5,0,0,11,2,13,0,0,15,3,18,26,6,32,50
02/08/2021,SLE,OR,ANM,WE,Federal Contract Tower,0,3,6,0,9,0,4,33,0,37,0,7,39,0,46,64,0,64,110
02/09/2021,SLE,OR,ANM,WE,Federal Contract Tower,0,4,28,2,34,0,7,67,3,77,0,11,95,5,111,24,2,26,137
02/10/2021,SLE,OR,ANM,WE,Federal Contract Tower,0,5,8,2,15,0,8,83,14,105,0,13,91,16,120,162,18,180,300
02/11/2021,SLE,OR,ANM,WE,Federal Contract Tower,0,6,2,2,10,0,0,0,0,0,0,6,2,2,10,0,0,0,10
02/12/2021,SLE,OR,ANM,WE,Federal Contract Tower,0,0,0,0,0,0,0,0,0,0,0,0,0,0,0,0,0,0,0
02/14/2021,SLE,OR,ANM,WE,Federal Contract Tower,0,4,1,0,5,0,0,0,0,0,0,4,1,0,5,0,0,0,5
02/15/2021,SLE,OR,ANM,WE,Federal Contract Tower,0,7,6,0,13,0,1,1,0,2,0,8,7,0,15,0,0,0,15
02/16/2021,SLE,OR,ANM,WE,Federal Contract Tower,0,3,27,4,34,0,10,19,0,29,0,13,46,4,63,16,0,16,79
02/17/2021,SLE,OR,ANM,WE,Federal Contract Tower,0,3,13,0,16,0,24,33,0,57,0,27,46,0,73,82,0,82,155
02/18/2021,SLE,OR,ANM,WE,Federal Contract Tower,0,4,12,3,19,0,7,0,0,7,0,11,12,3,26,0,0,0,26
02/19/2021,SLE,OR,ANM,WE,Federal Contract Tower,0,11,2,0,13,0,3,11,2,16,0,14,13,2,29,8,12,20,49
02/20/2021,SLE,OR,ANM,WE,Federal Contract Tower,0,0,18,0,18,0,0,24,0,24,0,0,42,0,42,38,0,38,80
02/21/2021,SLE,OR,ANM,WE,Federal Contract Tower,0,1,11,0,12,0,0,2,0,2,0,1,13,0,14,10,0,10,24
02/22/2021,SLE,OR,ANM,WE,Federal Contract Tower,0,5,15,0,20,0,0,0,2,2,0,5,15,2,22,0,16,16,38
02/23/2021,SLE,OR,ANM,WE,Federal Contract Tower,0,5,8,2,15,0,22,23,8,53,0,27,31,10,68,44,18,62,130
02/24/2021,SLE,OR,ANM,WE,Federal Contract Tower,0,4,20,0,24,0,4,77,5,86,0,8,97,5,110,84,10,94,204
02/25/2021,SLE,OR,ANM,WE,Federal Contract Tower,0,5,3,0,8,0,0,5,3,8,0,5,8,3,16,10,38,48,64
02/26/2021,SLE,OR,ANM,WE,Federal Contract Tower,0,5,9,2,16,0,0,2,1,3,0,5,11,3,19,8,2,10,29
02/27/2021,SLE,OR,ANM,WE,Federal Contract Tower,0,0,4,0,4,0,3,65,0,68,0,3,69,0,72,88,0,88,160
02/28/2021,SLE,OR,ANM,WE,Federal Contract Tower,0,0,9,0,9,0,0,127,0,127,0,0,136,0,136,139,0,139,275
03/01/2021,SLE,OR,ANM,WE,Federal Contract Tower,0,1,18,0,19,0,14,96,5,115,0,15,114,5,134,76,6,82,216
03/02/2021,SLE,OR,ANM,WE,Federal Contract Tower,0,4,22,11,37,0,5,64,1,70,0,9,86,12,107,46,0,46,153
03/04/2021,SLE,OR,ANM,WE,Federal Contract Tower,0,4,34,2,40,0,6,46,6,58,0,10,80,8,98,70,20,90,188
03/05/2021,SLE,OR,ANM,WE,Federal Contract Tower,0,3,7,2,12,0,1,1,4,6,0,4,8,6,18,0,18,18,36
03/06/2021,SLE,OR,ANM,WE,Federal Contract Tower,0,0,11,1,12,0,0,39,17,56,0,0,50,18,68,12,8,20,88
03/07/2021,SLE,OR,ANM,WE,Federal Contract Tower,0,0,6,4,10,0,2,11,9,22,0,2,17,13,32,4,20,24,56
03/08/2021,SLE,OR,ANM,WE,Federal Contract Tower,0,4,10,1,15,0,10,45,7,62,0,14,55,8,77,26,16,42,119
03/09/2021,SLE,OR,ANM,WE,Federal Contract Tower,0,6,20,3,29,0,9,39,16,64,0,15,59,19,93,28,36,64,157
03/10/2021,SLE,OR,ANM,WE,Federal Contract Tower,0,3,15,2,20,0,15,11,14,40,0,18,26,16,60,54,6,60,120
03/11/2021,SLE,OR,ANM,WE,Federal Contract Tower,0,2,24,0,26,0,7,96,21,124,0,9,120,21,150,140,10,150,300
03/12/2021,SLE,OR,ANM,WE,Federal Contract Tower,0,5,25,0,30,0,14,96,6,116,0,19,121,6,146,76,2,78,224
03/13/2021,SLE,OR,ANM,WE,Federal Contract Tower,0,0,7,0,7,0,1,107,0,108,0,1,114,0,115,62,0,62,177
03/14/2021,SLE,OR,ANM,WE,Federal Contract Tower,0,0,4,0,4,0,0,7,0,7,0,0,11,0,11,0,0,0,11
03/15/2021,SLE,OR,ANM,WE,Federal Contract Tower,0,7,16,2,25,0,12,54,1,67,0,19,70,3,92,52,0,52,144
03/16/2021,SLE,OR,ANM,WE,Federal Contract Tower,0,4,17,6,27,0,11,77,6,94,0,15,94,12,121,63,4,67,188
03/17/2021,SLE,OR,ANM,WE,Federal Contract Tower,0,4,16,2,22,0,16,80,5,101,0,20,96,7,123,81,0,81,204
03/18/2021,SLE,OR,ANM,WE,Federal Contract Tower,0,4,5,2,11,0,0,9,0,9,0,4,14,2,20,14,0,14,34
03/19/2021,SLE,OR,ANM,WE,Federal Contract Tower,0,8,2,2,12,0,2,3,0,5,0,10,5,2,17,12,0,12,29
03/20/2021,SLE,OR,ANM,WE,Federal Contract Tower,0,0,9,0,9,0,0,6,0,6,0,0,15,0,15,2,0,2,17
03/21/2021,SLE,OR,ANM,WE,Federal Contract Tower,0,0,3,0,3,0,2,24,0,26,0,2,27,0,29,22,0,22,51
03/22/2021,SLE,OR,ANM,WE,Federal Contract Tower,0,2,3,0,5,0,6,24,2,32,0,8,27,2,37,32,0,32,69
03/23/2021,SLE,OR,ANM,WE,Federal Contract Tower,0,2,21,2,25,0,19,77,12,108,0,21,98,14,133,34,10,44,177
03/24/2021,SLE,OR,ANM,WE,Federal Contract Tower,0,4,4,1,9,0,0,0,4,4,0,4,4,5,13,18,10,28,41
03/25/2021,SLE,OR,ANM,WE,Federal Contract Tower,0,1,17,6,24,0,3,12,11,26,0,4,29,17,50,8,22,30,80
03/26/2021,SLE,OR,ANM,WE,Federal Contract Tower,0,1,21,2,24,0,8,85,8,101,0,9,106,10,125,74,0,74,199
03/27/2021,SLE,OR,ANM,WE,Federal Contract Tower,0,0,9,1,10,0,2,99,2,103,0,2,108,3,113,80,0,80,193
03/28/2021,SLE,OR,ANM,WE,Federal Contract Tower,0,1,3,0,4,0,0,7,0,7,0,1,10,0,11,18,0,18,29
03/29/2021,SLE,OR,ANM,WE,Federal Contract Tower,0,2,8,0,10,0,18,24,0,42,0,20,32,0,52,18,0,18,70
03/30/2021,SLE,OR,ANM,WE,Federal Contract Tower,0,2,15,11,28,0,15,56,8,79,0,17,71,19,107,43,2,45,152
03/31/2021,SLE,OR,ANM,WE,Federal Contract Tower,0,2,11,0,13,0,12,77,4,93,0,14,88,4,106,90,4,94,200
04/01/2021,SLE,OR,ANM,WE,Federal Contract Tower,0,3,17,2,22,0,13,61,2,76,0,16,78,4,98,74,0,74,172
04/02/2021,SLE,OR,ANM,WE,Federal Contract Tower,0,3,17,0,20,0,3,79,0,82,0,6,96,0,102,86,0,86,188
04/03/2021,SLE,OR,ANM,WE,Federal Contract Tower,0,0,9,0,9,0,0,66,0,66,0,0,75,0,75,30,0,30,105
04/04/2021,SLE,OR,ANM,WE,Federal Contract Tower,0,0,9,0,9,0,3,23,1,27,0,3,32,1,36,12,0,12,48
04/05/2021,SLE,OR,ANM,WE,Federal Contract Tower,0,1,9,2,12,0,7,65,5,77,0,8,74,7,89,56,0,56,145
04/06/2021,SLE,OR,ANM,WE,Federal Contract Tower,0,3,16,1,20,0,11,40,4,55,0,14,56,5,75,46,0,46,121
04/07/2021,SLE,OR,ANM,WE,Federal Contract Tower,0,1,22,2,25,0,1,6,10,17,0,2,28,12,42,20,10,30,72
04/08/2021,SLE,OR,ANM,WE,Federal Contract Tower,0,1,29,0,30,0,8,27,7,42,0,9,56,7,72,48,8,56,128
04/09/2021,SLE,OR,ANM,WE,Federal Contract Tower,0,4,12,2,18,0,15,67,6,88,0,19,79,8,106,30,4,34,140
04/10/2021,SLE,OR,ANM,WE,Federal Contract Tower,0,2,5,1,8,0,5,46,1,52,0,7,51,2,60,38,0,38,98
04/11/2021,SLE,OR,ANM,WE,Federal Contract Tower,0,0,9,1,10,0,4,51,4,59,0,4,60,5,69,54,0,54,123
04/12/2021,SLE,OR,ANM,WE,Federal Contract Tower,0,2,15,0,17,0,21,44,9,74,0,23,59,9,91,40,0,40,131
04/13/2021,SLE,OR,ANM,WE,Federal Contract Tower,0,1,2,2,5,0,17,24,1,42,0,18,26,3,47,0,0,0,47
04/14/2021,SLE,OR,ANM,WE,Federal Contract Tower,0,3,14,7,24,0,11,64,0,75,0,14,78,7,99,22,0,22,121
04/15/2021,SLE,OR,ANM,WE,Federal Contract Tower,0,0,16,1,17,0,8,71,0,79,0,8,87,1,96,86,0,86,182
04/16/2021,SLE,OR,ANM,WE,Federal Contract Tower,0,0,8,0,8,0,9,71,0,80,0,9,79,0,88,20,0,20,108
04/17/2021,SLE,OR,ANM,WE,Federal Contract Tower,0,0,10,0,10,0,0,93,0,93,0,0,103,0,103,40,0,40,143
04/18/2021,SLE,OR,ANM,WE,Federal Contract Tower,0,3,9,0,12,0,1,80,0,81,0,4,89,0,93,92,0,92,185
04/19/2021,SLE,OR,ANM,WE,Federal Contract Tower,0,4,10,0,14,0,3,62,8,73,0,7,72,8,87,68,12,80,167
04/20/2021,SLE,OR,ANM,WE,Federal Contract Tower,0,4,21,1,26,0,5,48,5,58,0,9,69,6,84,4,8,12,96
04/21/2021,SLE,OR,ANM,WE,Federal Contract Tower,0,0,17,4,21,0,8,62,5,75,0,8,79,9,96,28,6,34,130
04/22/2021,SLE,OR,ANM,WE,Federal Contract Tower,0,2,27,2,31,0,6,29,3,38,0,8,56,5,69,34,0,34,103
04/23/2021,SLE,OR,ANM,WE,Federal Contract Tower,0,5,7,1,13,0,5,44,1,50,0,10,51,2,63,26,0,26,89
04/24/2021,SLE,OR,ANM,WE,Federal Contract Tower,0,3,11,0,14,0,0,6,0,6,0,3,17,0,20,2,0,2,22
04/25/2021,SLE,OR,ANM,WE,Federal Contract Tower,0,3,9,0,12,0,0,16,0,16,0,3,25,0,28,26,0,26,54
04/26/2021,SLE,OR,ANM,WE,Federal Contract Tower,0,2,5,2,9,0,1,29,0,30,0,3,34,2,39,18,0,18,57
04/27/2021,SLE,OR,ANM,WE,Federal Contract Tower,0,6,16,0,22,0,4,79,10,93,0,10,95,10,115,26,0,26,141
04/28/2021,SLE,OR,ANM,WE,Federal Contract Tower,0,3,27,2,32,0,9,86,0,95,0,12,113,2,127,62,0,62,189
04/29/2021,SLE,OR,ANM,WE,Federal Contract Tower,0,4,26,1,31,0,10,88,2,100,0,14,114,3,131,36,0,36,167
04/30/2021,SLE,OR,ANM,WE,Federal Contract Tower,0,9,13,0,22,0,13,30,4,47,0,22,43,4,69,28,8,36,105
05/01/2021,SLE,OR,ANM,WE,Federal Contract Tower,0,0,17,0,17,0,2,49,10,61,0,2,66,10,78,4,10,14,92
05/02/2021,SLE,OR,ANM,WE,Federal Contract Tower,0,1,21,2,24,0,2,54,3,59,0,3,75,5,83,44,10,54,137
05/03/2021,SLE,OR,ANM,WE,Federal Contract Tower,0,2,12,0,14,0,5,50,7,62,0,7,62,7,76,62,0,62,138
05/04/2021,SLE,OR,ANM,WE,Federal Contract Tower,0,5,38,1,44,0,2,74,2,78,0,7,112,3,122,48,0,48,170
05/05/2021,SLE,OR,ANM,WE,Federal Contract Tower,0,14,13,2,29,0,3,95,9,107,0,17,108,11,136,80,16,96,232
05/06/2021,SLE,OR,ANM,WE,Federal Contract Tower,0,2,9,3,14,0,7,20,3,30,0,9,29,6,44,10,0,10,54
05/07/2021,SLE,OR,ANM,WE,Federal Contract Tower,0,7,4,2,13,0,3,42,7,52,0,10,46,9,65,56,6,62,127
05/08/2021,SLE,OR,ANM,WE,Federal Contract Tower,0,0,18,0,18,0,1,69,0,70,0,1,87,0,88,20,0,20,108
05/09/2021,SLE,OR,ANM,WE,Federal Contract Tower,0,0,9,0,9,0,0,27,0,27,0,0,36,0,36,12,0,12,48
05/10/2021,SLE,OR,ANM,WE,Federal Contract Tower,0,1,10,2,13,0,9,56,1,66,0,10,66,3,79,78,0,78,157
05/11/2021,SLE,OR,ANM,WE,Federal Contract Tower,0,7,18,7,32,0,5,70,9,84,0,12,88,16,116,46,25,71,187
05/12/2021,SLE,OR,ANM,WE,Federal Contract Tower,0,11,14,2,27,0,16,85,2,103,0,27,99,4,130,60,0,60,190
05/13/2021,SLE,OR,ANM,WE,Federal Contract Tower,2,3,10,0,15,0,7,93,15,115,2,10,103,15,130,50,0,50,180
05/14/2021,SLE,OR,ANM,WE,Federal Contract Tower,0,10,18,1,29,0,15,95,5,115,0,25,113,6,144,72,4,76,220
05/15/2021,SLE,OR,ANM,WE,Federal Contract Tower,0,1,11,0,12,0,0,119,1,120,0,1,130,1,132,46,0,46,178
05/16/2021,SLE,OR,ANM,WE,Federal Contract Tower,0,3,15,0,18,0,4,97,0,101,0,7,112,0,119,96,0,96,215
05/17/2021,SLE,OR,ANM,WE,Federal Contract Tower,0,9,24,0,33,0,0,7,7,14,0,9,31,7,47,2,4,6,53
05/18/2021,SLE,OR,ANM,WE,Federal Contract Tower,0,3,25,0,28,0,5,45,16,66,0,8,70,16,94,26,2,28,122
05/19/2021,SLE,OR,ANM,WE,Federal Contract Tower,0,6,13,2,21,0,3,31,12,46,0,9,44,14,67,16,0,16,83
05/20/2021,SLE,OR,ANM,WE,Federal Contract Tower,0,6,25,0,31,0,9,28,7,44,0,15,53,7,75,36,4,40,115
05/21/2021,SLE,OR,ANM,WE,Federal Contract Tower,0,3,11,3,17,0,7,50,5,62,0,10,61,8,79,88,4,92,171
05/22/2021,SLE,OR,ANM,WE,Federal Contract Tower,0,1,19,0,20,0,5,64,0,69,0,6,83,0,89,42,0,42,131
05/23/2021,SLE,OR,ANM,WE,Federal Contract Tower,0,3,9,0,12,0,4,18,0,22,0,7,27,0,34,10,0,10,44
05/24/2021,SLE,OR,ANM,WE,Federal Contract Tower,0,5,23,0,28,0,0,18,0,18,0,5,41,0,46,8,0,8,54
05/25/2021,SLE,OR,ANM,WE,Federal Contract Tower,0,4,16,5,25,0,5,45,2,52,0,9,61,7,77,42,0,42,119
05/26/2021,SLE,OR,ANM,WE,Federal Contract Tower,0,9,21,0,30,0,15,148,4,167,0,24,169,4,197,106,0,106,303
05/27/2021,SLE,OR,ANM,WE,Federal Contract Tower,0,5,8,2,15,0,4,5,7,16,0,9,13,9,31,4,10,14,45
05/28/2021,SLE,OR,ANM,WE,Federal Contract Tower,0,5,26,0,31,0,20,61,0,81,0,25,87,0,112,30,0,30,142
05/29/2021,SLE,OR,ANM,WE,Federal Contract Tower,0,2,9,0,11,0,2,97,0,99,0,4,106,0,110,90,0,90,200
05/30/2021,SLE,OR,ANM,WE,Federal Contract Tower,0,0,7,0,7,0,2,61,0,63,0,2,68,0,70,10,0,10,80
05/31/2021,SLE,OR,ANM,WE,Federal Contract Tower,0,0,7,0,7,0,7,86,0,93,0,7,93,0,100,84,0,84,184
06/01/2021,SLE,OR,ANM,WE,Federal Contract Tower,0,2,13,1,16,0,7,92,1,100,0,9,105,2,116,92,0,92,208
06/02/2021,SLE,OR,ANM,WE,Federal Contract Tower,0,7,23,0,30,0,19,79,4,102,0,26,102,4,132,80,0,80,212
06/03/2021,SLE,OR,ANM,WE,Federal Contract Tower,0,5,55,2,62,0,16,57,6,79,0,21,112,8,141,60,0,60,201
06/04/2021,SLE,OR,ANM,WE,Federal Contract Tower,0,5,14,1,20,0,13,77,7,97,0,18,91,8,117,66,16,82,199
06/05/2021,SLE,OR,ANM,WE,Federal Contract Tower,0,6,11,7,24,0,13,29,10,52,0,19,40,17,76,22,4,26,102
06/06/2021,SLE,OR,ANM,WE,Federal Contract Tower,0,0,17,0,17,0,14,35,9,58,0,14,52,9,75,10,10,20,95
06/07/2021,SLE,OR,ANM,WE,Federal Contract Tower,0,4,25,2,31,0,38,35,7,80,0,42,60,9,111,28,22,50,161
06/08/2021,SLE,OR,ANM,WE,Federal Contract Tower,0,7,22,3,32,0,7,65,10,82,0,14,87,13,114,52,12,64,178
06/09/2021,SLE,OR,ANM,WE,Federal Contract Tower,0,5,18,2,25,0,12,104,13,129,0,17,122,15,154,68,2,70,224
06/10/2021,SLE,OR,ANM,WE,Federal Contract Tower,0,3,23,2,28,0,4,60,7,71,0,7,83,9,99,88,0,88,187
06/11/2021,SLE,OR,ANM,WE,Federal Contract Tower,0,4,8,3,15,0,0,5,4,9,0,4,13,7,24,4,8,12,36
06/12/2021,SLE,OR,ANM,WE,Federal Contract Tower,0,1,15,0,16,5,56,0,0,61,5,57,15,0,77,16,0,16,93
06/13/2021,SLE,OR,ANM,WE,Federal Contract Tower,0,0,10,2,12,0,0,4,4,8,0,0,14,6,20,0,0,0,20
06/14/2021,SLE,OR,ANM,WE,Federal Contract Tower,0,9,20,7,36,0,6,29,0,35,0,15,49,7,71,32,0,32,103
06/15/2021,SLE,OR,ANM,WE,Federal Contract Tower,0,3,5,3,11,0,8,34,7,49,0,11,39,10,60,10,2,12,72
06/16/2021,SLE,OR,ANM,WE,Federal Contract Tower,0,2,13,3,18,0,16,108,3,127,0,18,121,6,145,64,6,70,215
06/17/2021,SLE,OR,ANM,WE,Federal Contract Tower,0,3,22,4,29,0,11,118,5,134,0,14,140,9,163,74,6,80,243
06/18/2021,SLE,OR,ANM,WE,Federal Contract Tower,0,1,8,2,11,0,14,96,0,110,0,15,104,2,121,106,0,106,227
06/19/2021,SLE,OR,ANM,WE,Federal Contract Tower,0,1,12,0,13,0,3,86,5,94,0,4,98,5,107,28,0,28,135
06/20/2021,SLE,OR,ANM,WE,Federal Contract Tower,0,2,15,1,18,0,3,58,0,61,0,5,73,1,79,16,0,16,95
06/21/2021,SLE,OR,ANM,WE,Federal Contract Tower,0,4,19,1,24,0,7,48,0,55,0,11,67,1,79,18,0,18,97
06/22/2021,SLE,OR,ANM,WE,Federal Contract Tower,0,11,17,2,30,0,21,82,11,114,0,32,99,13,144,152,4,156,300
06/23/2021,SLE,OR,ANM,WE,Federal Contract Tower,0,4,25,16,45,0,14,101,1,116,0,18,126,17,161,58,0,58,219
06/24/2021,SLE,OR,ANM,WE,Federal Contract Tower,0,5,20,0,25,1,10,66,3,80,1,15,86,3,105,46,2,48,153
06/25/2021,SLE,OR,ANM,WE,Federal Contract Tower,0,6,12,2,20,0,4,53,0,57,0,10,65,2,77,40,0,40,117
06/26/2021,SLE,OR,ANM,WE,Federal Contract Tower,0,2,7,2,11,0,8,52,2,62,0,10,59,4,73,8,0,8,81
06/27/2021,SLE,OR,ANM,WE,Federal Contract Tower,0,2,14,0,16,0,1,36,0,37,0,3,50,0,53,20,0,20,73
06/28/2021,SLE,OR,ANM,WE,Federal Contract Tower,0,3,9,0,12,0,3,24,0,27,0,6,33,0,39,8,0,8,47
06/29/2021,SLE,OR,ANM,WE,Federal Contract Tower,0,4,20,2,26,0,12,44,3,59,0,16,64,5,85,68,0,68,153
06/30/2021,SLE,OR,ANM,WE,Federal Contract Tower,0,6,32,3,41,0,11,46,3,60,0,17,78,6,101,90,0,90,191
07/01/2021,SLE,OR,ANM,WE,Federal Contract Tower,0,11,27,9,47,0,6,46,0,52,0,17,73,9,99,62,0,62,161
07/02/2021,SLE,OR,ANM,WE,Federal Contract Tower,0,3,11,0,14,0,14,80,4,98,0,17,91,4,112,130,2,132,244
07/03/2021,SLE,OR,ANM,WE,Federal Contract Tower,0,0,17,0,17,0,5,66,1,72,0,5,83,1,89,32,0,32,121
07/04/2021,SLE,OR,ANM,WE,Federal Contract Tower,0,0,3,0,3,0,7,26,0,33,0,7,29,0,36,18,0,18,54
07/05/2021,SLE,OR,ANM,WE,Federal Contract Tower,0,1,3,0,4,0,8,68,0,76,0,9,71,0,80,64,0,64,144
07/06/2021,SLE,OR,ANM,WE,Federal Contract Tower,0,5,14,0,19,0,19,75,10,104,0,24,89,10,123,38,18,56,179
07/07/2021,SLE,OR,ANM,WE,Federal Contract Tower,0,7,20,0,27,0,6,53,5,64,0,13,73,5,91,98,2,100,191
07/08/2021,SLE,OR,ANM,WE,Federal Contract Tower,0,5,34,3,42,0,14,55,7,76,0,19,89,10,118,16,0,16,134
07/09/2021,SLE,OR,ANM,WE,Federal Contract Tower,0,2,11,2,15,0,15,67,8,90,0,17,78,10,105,48,0,48,153
07/10/2021,SLE,OR,ANM,WE,Federal Contract Tower,0,1,5,5,11,0,5,81,11,97,0,6,86,16,108,40,2,42,150
07/11/2021,SLE,OR,ANM,WE,Federal Contract Tower,0,0,13,2,15,0,1,76,2,79,0,1,89,4,94,32,0,32,126
07/12/2021,SLE,OR,ANM,WE,Federal Contract Tower,0,3,24,2,29,0,8,61,3,72,0,11,85,5,101,8,0,8,109
07/13/2021,SLE,OR,ANM,WE,Federal Contract Tower,0,5,19,0,24,0,6,83,7,96,0,11,102,7,120,108,0,108,228
07/14/2021,SLE,OR,ANM,WE,Federal Contract Tower,0,1,12,2,15,0,2,90,6,98,0,3,102,8,113,38,8,46,159
07/15/2021,SLE,OR,ANM,WE,Federal Contract Tower,0,5,20,3,28,0,6,50,0,56,0,11,70,3,84,66,0,66,150
07/16/2021,SLE,OR,ANM,WE,Federal Contract Tower,0,3,22,0,25,0,19,48,1,68,0,22,70,1,93,78,0,78,171
07/17/2021,SLE,OR,ANM,WE,Federal Contract Tower,0,0,15,0,15,0,0,85,1,86,0,0,100,1,101,36,0,36,137
07/18/2021,SLE,OR,ANM,WE,Federal Contract Tower,0,0,6,0,6,0,3,63,0,66,0,3,69,0,72,30,0,30,102
07/19/2021,SLE,OR,ANM,WE,Federal Contract Tower,0,1,15,0,16,0,5,69,0,74,0,6,84,0,90,70,0,70,160
07/20/2021,SLE,OR,ANM,WE,Federal Contract Tower,0,1,22,3,26,0,11,58,3,72,0,12,80,6,98,78,8,86,184
07/21/2021,SLE,OR,ANM,WE,Federal Contract Tower,0,3,23,1,27,0,8,55,3,66,0,11,78,4,93,86,0,86,179
07/22/2021,SLE,OR,ANM,WE,Federal Contract Tower,0,4,19,2,25,0,1,75,10,86,0,5,94,12,111,10,0,10,121
07/23/2021,SLE,OR,ANM,WE,Federal Contract Tower,0,8,28,1,37,0,6,105,1,112,0,14,133,2,149,66,0,66,215
07/24/2021,SLE,OR,ANM,WE,Federal Contract Tower,0,3,13,0,16,0,5,90,2,97,0,8,103,2,113,54,0,54,167
07/25/2021,SLE,OR,ANM,WE,Federal Contract Tower,0,3,15,0,18,0,7,73,5,85,0,10,88,5,103,46,0,46,149
07/26/2021,SLE,OR,ANM,WE,Federal Contract Tower,0,9,10,0,19,0,9,41,2,52,0,18,51,2,71,26,0,26,97
07/27/2021,SLE,OR,ANM,WE,Federal Contract Tower,0,2,20,6,28,0,6,53,3,62,0,8,73,9,90,60,10,70,160
07/28/2021,SLE,OR,ANM,WE,Federal Contract Tower,0,5,13,2,20,0,7,58,8,73,0,12,71,10,93,84,2,86,179
07/29/2021,SLE,OR,ANM,WE,Federal Contract Tower,0,3,15,4,22,0,9,60,3,72,0,12,75,7,94,36,12,48,142
07/30/2021,SLE,OR,ANM,WE,Federal Contract Tower,0,3,16,0,19,0,3,61,6,70,0,6,77,6,89,40,0,40,129
07/31/2021,SLE,OR,ANM,WE,Federal Contract Tower,0,6,15,0,21,0,0,86,0,86,0,6,101,0,107,66,0,66,173
08/01/2021,SLE,OR,ANM,WE,Federal Contract Tower,0,4,18,0,22,0,0,60,0,60,0,4,78,0,82,20,0,20,102
08/02/2021,SLE,OR,ANM,WE,Federal Contract Tower,0,5,3,1,9,0,2,42,0,44,0,7,45,1,53,30,0,30,83
08/03/2021,SLE,OR,ANM,WE,Federal Contract Tower,0,1,24,0,25,0,14,54,2,70,0,15,78,2,95,64,0,64,159
08/04/2021,SLE,OR,ANM,WE,Federal Contract Tower,0,3,23,2,28,0,6,87,1,94,0,9,110,3,122,62,2,64,186
08/05/2021,SLE,OR,ANM,WE,Federal Contract Tower,0,4,8,0,12,0,10,39,3,52,0,14,47,3,64,72,0,72,136
08/06/2021,SLE,OR,ANM,WE,Federal Contract Tower,0,2,19,2,23,0,12,62,2,76,0,14,81,4,99,82,10,92,191
08/07/2021,SLE,OR,ANM,WE,Federal Contract Tower,0,4,3,0,7,0,0,56,2,58,0,4,59,2,65,54,0,54,119
08/08/2021,SLE,OR,ANM,WE,Federal Contract Tower,0,1,17,0,18,0,2,84,0,86,0,3,101,0,104,50,0,50,154
08/09/2021,SLE,OR,ANM,WE,Federal Contract Tower,0,3,15,2,20,0,4,50,4,58,0,7,65,6,78,62,0,62,140
08/10/2021,SLE,OR,ANM,WE,Federal Contract Tower,0,2,27,0,29,0,6,76,13,95,0,8,103,13,124,46,10,56,180
08/11/2021,SLE,OR,ANM,WE,Federal Contract Tower,0,4,19,1,24,0,7,69,9,85,0,11,88,10,109,52,8,60,169
08/12/2021,SLE,OR,ANM,WE,Federal Contract Tower,0,1,10,0,11,0,6,39,1,46,0,7,49,1,57,42,1,43,100
08/13/2021,SLE,OR,ANM,WE,Federal Contract Tower,0,2,8,3,13,0,6,29,1,36,0,8,37,4,49,4,0,4,53
08/15/2021,SLE,OR,ANM,WE,Federal Contract Tower,0,2,10,1,13,0,0,65,10,75,0,2,75,11,88,26,0,26,114
08/16/2021,SLE,OR,ANM,WE,Federal Contract Tower,0,3,10,0,13,0,10,60,1,71,0,13,70,1,84,48,0,48,132
08/17/2021,SLE,OR,ANM,WE,Federal Contract Tower,0,4,9,0,13,0,6,64,4,74,0,10,73,4,87,46,0,46,133
08/18/2021,SLE,OR,ANM,WE,Federal Contract Tower,0,4,11,1,16,0,11,81,5,97,0,15,92,6,113,56,0,56,169
08/19/2021,SLE,OR,ANM,WE,Federal Contract Tower,0,3,26,4,33,0,13,67,0,80,0,16,93,4,113,100,0,100,213
08/20/2021,SLE,OR,ANM,WE,Federal Contract Tower,0,4,20,2,26,0,5,42,0,47,0,9,62,2,73,38,0,38,111
08/21/2021,SLE,OR,ANM,WE,Federal Contract Tower,0,0,13,0,13,0,4,37,0,41,0,4,50,0,54,42,0,42,96
08/22/2021,SLE,OR,ANM,WE,Federal Contract Tower,0,1,15,0,16,0,3,50,0,53,0,4,65,0,69,56,0,56,125
08/23/2021,SLE,OR,ANM,WE,Federal Contract Tower,0,4,16,1,21,0,20,69,0,89,0,24,85,1,110,90,0,90,200
08/24/2021,SLE,OR,ANM,WE,Federal Contract Tower,0,8,11,0,19,0,9,72,4,85,0,17,83,4,104,64,0,64,168
08/25/2021,SLE,OR,ANM,WE,Federal Contract Tower,0,4,8,0,12,0,9,85,5,99,0,13,93,5,111,126,0,126,237
08/26/2021,SLE,OR,ANM,WE,Federal Contract Tower,0,3,25,2,30,0,10,45,4,59,0,13,70,6,89,84,4,88,177
08/27/2021,SLE,OR,ANM,WE,Federal Contract Tower,0,3,14,0,17,0,7,71,1,79,0,10,85,1,96,68,0,68,164
08/28/2021,SLE,OR,ANM,WE,Federal Contract Tower,0,0,8,0,8,0,7,79,0,86,0,7,87,0,94,12,0,12,106
08/29/2021,SLE,OR,ANM,WE,Federal Contract Tower,0,0,13,0,13,0,5,80,0,85,0,5,93,0,98,64,0,64,162
08/30/2021,SLE,OR,ANM,WE,Federal Contract Tower,0,1,18,0,19,0,7,83,0,90,0,8,101,0,109,98,0,98,207
08/31/2021,SLE,OR,ANM,WE,Federal Contract Tower,0,2,12,2,16,0,10,64,2,76,0,12,76,4,92,80,0,80,172
09/01/2021,SLE,OR,ANM,WE,Federal Contract Tower,0,2,18,0,20,0,11,97,1,109,0,13,115,1,129,116,0,116,245
09/02/2021,SLE,OR,ANM,WE,Federal Contract Tower,0,6,20,0,26,0,17,100,0,117,0,23,120,0,143,74,0,74,217
09/03/2021,SLE,OR,ANM,WE,Federal Contract Tower,0,2,19,0,21,0,21,92,0,113,0,23,111,0,134,120,0,120,254
09/04/2021,SLE,OR,ANM,WE,Federal Contract Tower,0,1,9,0,10,0,1,80,0,81,0,2,89,0,91,18,0,18,109
09/05/2021,SLE,OR,ANM,WE,Federal Contract Tower,0,0,11,0,11,0,4,91,0,95,0,4,102,0,106,64,0,64,170
09/06/2021,SLE,OR,ANM,WE,Federal Contract Tower,0,0,11,0,11,0,2,72,0,74,0,2,83,0,85,46,0,46,131
09/07/2021,SLE,OR,ANM,WE,Federal Contract Tower,0,3,16,2,21,0,7,43,1,51,0,10,59,3,72,68,0,68,140
09/08/2021,SLE,OR,ANM,WE,Federal Contract Tower,0,4,4,0,8,0,11,58,0,69,0,15,62,0,77,74,0,74,151
09/09/2021,SLE,OR,ANM,WE,Federal Contract Tower,0,1,11,5,17,0,13,56,3,72,0,14,67,8,89,52,0,52,141
09/10/2021,SLE,OR,ANM,WE,Federal Contract Tower,0,7,23,2,32,0,3,26,2,31,0,10,49,4,63,88,0,88,151
09/11/2021,SLE,OR,ANM,WE,Federal Contract Tower,0,2,12,0,14,0,11,78,7,96,0,13,90,7,110,74,2,76,186
09/12/2021,SLE,OR,ANM,WE,Federal Contract Tower,0,2,11,1,14,0,0,77,6,83,0,2,88,7,97,17,18,35,132
09/13/2021,SLE,OR,ANM,WE,Federal Contract Tower,0,1,19,1,21,0,9,95,1,105,0,10,114,2,126,86,0,86,212
09/14/2021,SLE,OR,ANM,WE,Federal Contract Tower,0,5,19,0,24,0,9,62,0,71,0,14,81,0,95,88,0,88,183
09/15/2021,SLE,OR,ANM,WE,Federal Contract Tower,0,3,17,1,21,0,5,74,4,83,0,8,91,5,104,52,0,52,156
09/16/2021,SLE,OR,ANM,WE,Federal Contract Tower,0,3,15,2,20,0,7,73,7,87,0,10,88,9,107,68,4,72,179
09/17/2021,SLE,OR,ANM,WE,Federal Contract Tower,0,4,12,2,18,0,4,46,0,50,0,8,58,2,68,14,0,14,82
09/18/2021,SLE,OR,ANM,WE,Federal Contract Tower,0,2,9,0,11,0,1,2,0,3,0,3,11,0,14,0,0,0,14
09/19/2021,SLE,OR,ANM,WE,Federal Contract Tower,0,0,11,0,11,0,0,11,0,11,0,0,22,0,22,8,0,8,30
09/20/2021,SLE,OR,ANM,WE,Federal Contract Tower,0,2,14,0,16,0,5,31,1,37,0,7,45,1,53,34,0,34,87
09/21/2021,SLE,OR,ANM,WE,Federal Contract Tower,0,5,22,0,27,0,3,126,4,133,0,8,148,4,160,134,0,134,294
09/22/2021,SLE,OR,ANM,WE,Federal Contract Tower,0,5,28,0,33,0,5,68,0,73,0,10,96,0,106,26,0,26,132
09/23/2021,SLE,OR,ANM,WE,Federal Contract Tower,0,5,15,0,20,0,4,50,0,54,0,9,65,0,74,96,10,106,180
09/24/2021,SLE,OR,ANM,WE,Federal Contract Tower,0,0,20,0,20,0,1,99,0,100,0,1,119,0,120,102,2,104,224
09/25/2021,SLE,OR,ANM,WE,Federal Contract Tower,0,1,6,0,7,0,3,94,0,97,0,4,100,0,104,54,0,54,158
09/26/2021,SLE,OR,ANM,WE,Federal Contract Tower,0,0,11,0,11,0,0,46,0,46,0,0,57,0,57,61,0,61,118
09/27/2021,SLE,OR,ANM,WE,Federal Contract Tower,0,3,5,0,8,0,0,0,0,0,0,3,5,0,8,0,0,0,8
09/28/2021,SLE,OR,ANM,WE,Federal Contract Tower,0,4,22,0,26,0,2,12,0,14,0,6,34,0,40,18,0,18,58
09/29/2021,SLE,OR,ANM,WE,Federal Contract Tower,0,3,27,1,31,0,6,65,4,75,0,9,92,5,106,118,0,118,224
09/30/2021,SLE,OR,ANM,WE,Federal Contract Tower,0,3,12,0,15,0,0,16,0,16,0,3,28,0,31,12,0,12,43
10/01/2021,SLE,OR,ANM,WE,Federal Contract Tower,0,4,8,0,12,0,3,61,0,64,0,7,69,0,76,94,0,94,170
10/02/2021,SLE,OR,ANM,WE,Federal Contract Tower,0,2,5,0,7,0,90,0,0,90,0,92,5,0,97,14,0,14,111
10/03/2021,SLE,OR,ANM,WE,Federal Contract Tower,0,6,17,0,23,0,2,70,0,72,0,8,87,0,95,54,0,54,149
10/04/2021,SLE,OR,ANM,WE,Federal Contract Tower,0,1,24,0,25,0,2,20,2,24,0,3,44,2,49,4,0,4,53
10/05/2021,SLE,OR,ANM,WE,Federal Contract Tower,0,3,25,2,30,0,0,2,4,6,0,3,27,6,36,32,18,50,86
10/06/2021,SLE,OR,ANM,WE,Federal Contract Tower,0,5,19,0,24,0,9,46,13,68,0,14,65,13,92,64,0,64,156
10/07/2021,SLE,OR,ANM,WE,Federal Contract Tower,0,8,17,0,25,0,21,77,9,107,0,29,94,9,132,70,0,70,202
10/08/2021,SLE,OR,ANM,WE,Federal Contract Tower,0,10,11,0,21,0,4,89,0,93,0,14,100,0,114,84,0,84,198
10/09/2021,SLE,OR,ANM,WE,Federal Contract Tower,0,0,16,0,16,0,2,68,0,70,0,2,84,0,86,30,0,30,116
10/10/2021,SLE,OR,ANM,WE,Federal Contract Tower,0,0,8,0,8,0,0,27,0,27,0,0,35,0,35,32,0,32,67
10/11/2021,SLE,OR,ANM,WE,Federal Contract Tower,0,10,19,0,29,0,10,69,0,79,0,20,88,0,108,63,0,63,171
10/12/2021,SLE,OR,ANM,WE,Federal Contract Tower,0,2,19,8,29,0,9,45,9,63,0,11,64,17,92,22,14,36,128
10/13/2021,SLE,OR,ANM,WE,Federal Contract Tower,0,9,18,2,29,0,0,8,1,9,0,9,26,3,38,0,0,0,38
10/14/2021,SLE,OR,ANM,WE,Federal Contract Tower,0,8,19,2,29,0,2,8,2,12,0,10,27,4,41,20,0,20,61
10/15/2021,SLE,OR,ANM,WE,Federal Contract Tower,0,7,17,1,25,0,2,51,2,55,0,9,68,3,80,88,2,90,170
10/16/2021,SLE,OR,ANM,WE,Federal Contract Tower,0,0,30,0,30,0,2,63,0,65,0,2,93,0,95,100,0,100,195
10/17/2021,SLE,OR,ANM,WE,Federal Contract Tower,0,1,11,0,12,0,3,17,1,21,0,4,28,1,33,28,0,28,61
10/18/2021,SLE,OR,ANM,WE,Federal Contract Tower,0,5,19,2,26,0,5,66,6,77,0,10,85,8,103,80,14,94,197
10/19/2021,SLE,OR,ANM,WE,Federal Contract Tower,0,2,22,0,24,0,12,52,7,71,0,14,74,7,95,62,6,68,163
10/20/2021,SLE,OR,ANM,WE,Federal Contract Tower,0,2,16,0,18,0,2,18,3,23,0,4,34,3,41,64,22,86,127
10/21/2021,SLE,OR,ANM,WE,Federal Contract Tower,0,5,16,2,23,0,7,31,5,43,0,12,47,7,66,8,2,10,76
10/22/2021,SLE,OR,ANM,WE,Federal Contract Tower,0,4,10,1,15,0,2,0,2,4,0,6,10,3,19,10,19,29,48
10/23/2021,SLE,OR,ANM,WE,Federal Contract Tower,0,0,16,0,16,0,0,5,6,11,0,0,21,6,27,0,21,21,48
10/24/2021,SLE,OR,ANM,WE,Federal Contract Tower,0,0,8,0,8,0,0,0,0,0,0,0,8,0,8,12,0,12,20
10/25/2021,SLE,OR,ANM,WE,Federal Contract Tower,0,1,4,0,5,0,0,0,0,0,0,1,4,0,5,0,0,0,5
10/26/2021,SLE,OR,ANM,WE,Federal Contract Tower,0,7,10,1,18,0,0,2,2,4,0,7,12,3,22,0,10,10,32
10/27/2021,SLE,OR,ANM,WE,Federal Contract Tower,0,13,35,1,49,0,3,25,2,30,0,16,60,3,79,28,6,34,113
10/28/2021,SLE,OR,ANM,WE,Federal Contract Tower,0,6,13,1,20,0,2,13,8,23,0,8,26,9,43,24,4,28,71
10/29/2021,SLE,OR,ANM,WE,Federal Contract Tower,0,4,13,2,19,0,9,36,2,47,0,13,49,4,66,56,4,60,126
10/30/2021,SLE,OR,ANM,WE,Federal Contract Tower,0,0,10,0,10,0,11,94,0,105,0,11,104,0,115,90,0,90,205
10/31/2021,SLE,OR,ANM,WE,Federal Contract Tower,0,0,17,0,17,0,0,110,0,110,0,0,127,0,127,185,0,185,312
11/01/2021,SLE,OR,ANM,WE,Federal Contract Tower,0,5,18,0,23,0,0,10,1,11,0,5,28,1,34,6,2,8,42
11/02/2021,SLE,OR,ANM,WE,Federal Contract Tower,0,12,21,2,35,0,1,1,2,4,0,13,22,4,39,0,0,0,39
11/03/2021,SLE,OR,ANM,WE,Federal Contract Tower,0,4,19,4,27,0,4,58,5,67,0,8,77,9,94,62,18,80,174
11/04/2021,SLE,OR,ANM,WE,Federal Contract Tower,0,4,3,2,9,0,0,3,2,5,0,4,6,4,14,0,6,6,20
11/05/2021,SLE,OR,ANM,WE,Federal Contract Tower,0,5,5,4,14,0,6,69,1,76,0,11,74,5,90,46,0,46,136
11/06/2021,SLE,OR,ANM,WE,Federal Contract Tower,0,2,4,1,7,0,3,0,5,8,0,5,4,6,15,0,2,2,17
11/07/2021,SLE,OR,ANM,WE,Federal Contract Tower,0,0,1,2,3,0,0,5,2,7,0,0,6,4,10,6,0,6,16
11/08/2021,SLE,OR,ANM,WE,Federal Contract Tower,0,7,12,2,21,0,11,65,2,78,0,18,77,4,99,68,4,72,171
11/09/2021,SLE,OR,ANM,WE,Federal Contract Tower,0,6,19,5,30,0,5,29,5,39,0,11,48,10,69,18,6,24,93
11/10/2021,SLE,OR,ANM,WE,Federal Contract Tower,0,6,20,2,28,0,2,68,8,78,0,8,88,10,106,74,20,94,200
11/11/2021,SLE,OR,ANM,WE,Federal Contract Tower,0,6,7,1,14,0,0,0,0,0,0,6,7,1,14,26,0,26,40
11/12/2021,SLE,OR,ANM,WE,Federal Contract Tower,0,4,17,0,21,0,1,2,2,5,0,5,19,2,26,0,16,16,42
11/13/2021,SLE,OR,ANM,WE,Federal Contract Tower,0,4,23,0,27,0,0,0,0,0,0,4,23,0,27,0,0,0,27
11/14/2021,SLE,OR,ANM,WE,Federal Contract Tower,0,0,9,0,9,0,0,32,0,32,0,0,41,0,41,28,0,28,69
11/15/2021,SLE,OR,ANM,WE,Federal Contract Tower,0,2,5,0,7,0,2,1,0,3,0,4,6,0,10,0,0,0,10
11/16/2021,SLE,OR,ANM,WE,Federal Contract Tower,0,7,35,1,43,0,8,107,13,128,0,15,142,14,171,126,0,126,297
11/17/2021,SLE,OR,ANM,WE,Federal Contract Tower,0,2,18,3,23,0,8,89,18,115,0,10,107,21,138,56,38,94,232
11/18/2021,SLE,OR,ANM,WE,Federal Contract Tower,0,8,18,0,26,0,5,34,11,50,0,13,52,11,76,30,8,38,114
11/19/2021,SLE,OR,ANM,WE,Federal Contract Tower,0,5,17,0,22,0,2,16,6,24,0,7,33,6,46,40,0,40,86
11/20/2021,SLE,OR,ANM,WE,Federal Contract Tower,0,0,17,2,19,0,7,93,0,100,0,7,110,2,119,94,0,94,213
11/21/2021,SLE,OR,ANM,WE,Federal Contract Tower,0,0,5,0,5,0,0,9,0,9,0,0,14,0,14,16,0,16,30
11/22/2021,SLE,OR,ANM,WE,Federal Contract Tower,0,4,10,2,16,0,0,36,0,36,0,4,46,2,52,67,0,67,119
11/23/2021,SLE,OR,ANM,WE,Federal Contract Tower,0,3,4,0,7,0,3,21,2,26,0,6,25,2,33,13,4,17,50
11/24/2021,SLE,OR,ANM,WE,Federal Contract Tower,0,4,14,0,18,0,0,0,0,0,0,4,14,0,18,0,0,0,18
11/25/2021,SLE,OR,ANM,WE,Federal Contract Tower,0,0,1,0,1,0,2,18,0,20,0,2,19,0,21,10,0,10,31
11/26/2021,SLE,OR,ANM,WE,Federal Contract Tower,0,4,13,0,17,0,2,20,0,22,0,6,33,0,39,29,0,29,68
11/27/2021,SLE,OR,ANM,WE,Federal Contract Tower,0,1,6,0,7,0,0,4,0,4,0,1,10,0,11,0,0,0,11
11/28/2021,SLE,OR,ANM,WE,Federal Contract Tower,0,1,29,0,30,0,0,50,0,50,0,1,79,0,80,32,0,32,112
11/29/2021,SLE,OR,ANM,WE,Federal Contract Tower,0,7,18,4,29,0,0,16,4,20,0,7,34,8,49,80,6,86,135
11/30/2021,SLE,OR,ANM,WE,Federal Contract Tower,0,1,13,3,17,0,6,62,8,76,0,7,75,11,93,60,4,64,157
12/01/2021,SLE,OR,ANM,WE,Federal Contract Tower,0,4,16,0,20,0,14,54,14,82,0,18,70,14,102,72,18,90,192
12/02/2021,SLE,OR,ANM,WE,Federal Contract Tower,0,5,26,1,32,0,6,44,3,53,0,11,70,4,85,44,4,48,133
12/03/2021,SLE,OR,ANM,WE,Federal Contract Tower,0,1,26,2,29,0,10,59,1,70,0,11,85,3,99,42,12,54,153
12/04/2021,SLE,OR,ANM,WE,Federal Contract Tower,0,0,7,0,7,0,1,8,0,9,0,1,15,0,16,26,0,26,42
12/05/2021,SLE,OR,ANM,WE,Federal Contract Tower,0,0,22,0,22,0,0,89,2,91,0,0,111,2,113,70,10,80,193
12/06/2021,SLE,OR,ANM,WE,Federal Contract Tower,0,4,5,6,15,0,0,0,0,0,0,4,5,6,15,0,32,32,47
12/07/2021,SLE,OR,ANM,WE,Federal Contract Tower,0,12,12,1,25,0,0,10,3,13,0,12,22,4,38,42,44,86,124
12/08/2021,SLE,OR,ANM,WE,Federal Contract Tower,0,6,6,0,12,0,8,46,7,61,0,14,52,7,73,86,4,90,163
12/09/2021,SLE,OR,ANM,WE,Federal Contract Tower,0,13,12,2,27,0,0,1,2,3,0,13,13,4,30,2,4,6,36
12/10/2021,SLE,OR,ANM,WE,Federal Contract Tower,0,8,9,2,19,0,3,6,3,12,0,11,15,5,31,17,0,17,48
12/11/2021,SLE,OR,ANM,WE,Federal Contract Tower,0,2,0,0,2,0,0,0,0,0,0,2,0,0,2,0,0,0,2
12/12/2021,SLE,OR,ANM,WE,Federal Contract Tower,0,0,6,0,6,0,0,3,0,3,0,0,9,0,9,14,0,14,23
12/13/2021,SLE,OR,ANM,WE,Federal Contract Tower,0,8,2,0,10,0,0,0,4,4,0,8,2,4,14,0,38,38,52
12/14/2021,SLE,OR,ANM,WE,Federal Contract Tower,0,8,18,1,27,0,31,78,21,130,0,39,96,22,157,90,12,102,259
12/16/2021,SLE,OR,ANM,WE,Federal Contract Tower,0,7,7,0,14,0,7,11,5,23,0,14,18,5,37,10,20,30,67
12/17/2021,SLE,OR,ANM,WE,Federal Contract Tower,0,9,21,0,30,0,5,23,0,28,0,14,44,0,58,50,0,50,108
12/18/2021,SLE,OR,ANM,WE,Federal Contract Tower,0,4,7,0,11,0,0,1,0,1,0,4,8,0,12,0,0,0,12
12/19/2021,SLE,OR,ANM,WE,Federal Contract Tower,0,0,0,0,0,0,0,0,0,0,0,0,0,0,0,0,0,0,0
12/20/2021,SLE,OR,ANM,WE,Federal Contract Tower,0,3,6,0,9,0,0,0,0,0,0,3,6,0,9,0,0,0,9
12/21/2021,SLE,OR,ANM,WE,Federal Contract Tower,0,13,11,4,28,0,15,31,3,49,0,28,42,7,77,48,16,64,141
12/22/2021,SLE,OR,ANM,WE,Federal Contract Tower,0,4,10,0,14,0,0,22,2,24,0,4,32,2,38,20,0,20,58
12/23/2021,SLE,OR,ANM,WE,Federal Contract Tower,0,6,10,0,16,0,0,33,0,33,0,6,43,0,49,50,0,50,99
12/24/2021,SLE,OR,ANM,WE,Federal Contract Tower,0,2,0,0,2,0,0,0,0,0,0,2,0,0,2,0,0,0,2
12/25/2021,SLE,OR,ANM,WE,Federal Contract Tower,0,0,0,0,0,0,0,0,0,0,0,0,0,0,0,0,0,0,0
12/26/2021,SLE,OR,ANM,WE,Federal Contract Tower,0,0,0,0,0,0,0,0,0,0,0,0,0,0,0,0,0,0,0
12/27/2021,SLE,OR,ANM,WE,Federal Contract Tower,0,2,2,0,4,0,0,2,0,2,0,2,4,0,6,0,0,0,6
12/28/2021,SLE,OR,ANM,WE,Federal Contract Tower,0,2,0,0,2,0,0,0,0,0,0,2,0,0,2,0,0,0,2
12/29/2021,SLE,OR,ANM,WE,Federal Contract Tower,0,3,5,0,8,0,3,19,0,22,0,6,24,0,30,96,0,96,126
12/30/2021,SLE,OR,ANM,WE,Federal Contract Tower,0,7,7,0,14,0,2,0,0,2,0,9,7,0,16,0,0,0,16
12/31/2021,SLE,OR,ANM,WE,Federal Contract Tower,0,3,4,0,7,0,2,43,0,45,0,5,47,0,52,90,0,90,142
01/01/2022,SLE,OR,ANM,WE,Federal Contract Tower,0,0,3,0,3,0,0,69,0,69,0,0,72,0,72,60,0,60,132
01/02/2022,SLE,OR,ANM,WE,Federal Contract Tower,0,2,5,0,7,0,0,9,0,9,0,2,14,0,16,22,0,22,38
01/03/2022,SLE,OR,ANM,WE,Federal Contract Tower,0,20,5,0,25,0,0,3,0,3,0,20,8,0,28,0,20,20,48
01/04/2022,SLE,OR,ANM,WE,Federal Contract Tower,0,13,0,0,13,0,0,2,1,3,0,13,2,1,16,0,14,14,30
01/05/2022,SLE,OR,ANM,WE,Federal Contract Tower,0,4,5,0,9,0,0,0,0,0,0,4,5,0,9,0,0,0,9
01/06/2022,SLE,OR,ANM,WE,Federal Contract Tower,0,19,4,2,25,0,1,4,3,8,0,20,8,5,33,8,8,16,49
01/07/2022,SLE,OR,ANM,WE,Federal Contract Tower,0,3,10,1,14,0,1,12,2,15,0,4,22,3,29,36,0,36,65
01/08/2022,SLE,OR,ANM,WE,Federal Contract Tower,0,1,26,3,30,0,2,89,8,99,0,3,115,11,129,68,12,80,209
01/09/2022,SLE,OR,ANM,WE,Federal Contract Tower,0,1,27,0,28,0,0,102,2,104,0,1,129,2,132,126,14,140,272
01/10/2022,SLE,OR,ANM,WE,Federal Contract Tower,0,4,8,0,12,0,7,13,0,20,0,11,21,0,32,30,0,30,62
01/11/2022,SLE,OR,ANM,WE,Federal Contract Tower,0,8,14,0,22,0,16,26,2,44,0,24,40,2,66,16,0,16,82
01/12/2022,SLE,OR,ANM,WE,Federal Contract Tower,0,8,16,4,28,0,21,69,3,93,0,29,85,7,121,82,6,88,209
01/13/2022,SLE,OR,ANM,WE,Federal Contract Tower,0,6,10,2,18,0,0,2,2,4,0,6,12,4,22,6,8,14,36
01/14/2022,SLE,OR,ANM,WE,Federal Contract Tower,0,6,17,2,25,0,0,11,0,11,0,6,28,2,36,31,0,31,67
01/15/2022,SLE,OR,ANM,WE,Federal Contract Tower,0,0,9,0,9,0,0,0,0,0,0,0,9,0,9,0,0,0,9
01/16/2022,SLE,OR,ANM,WE,Federal Contract Tower,0,0,5,0,5,0,0,15,0,15,0,0,20,0,20,18,0,18,38
01/17/2022,SLE,OR,ANM,WE,Federal Contract Tower,0,5,19,0,24,0,0,0,0,0,0,5,19,0,24,0,0,0,24
01/18/2022,SLE,OR,ANM,WE,Federal Contract Tower,0,7,13,2,22,0,2,7,8,17,0,9,20,10,39,10,86,96,135
01/19/2022,SLE,OR,ANM,WE,Federal Contract Tower,0,4,13,0,17,0,0,0,0,0,0,4,13,0,17,0,22,22,39
01/20/2022,SLE,OR,ANM,WE,Federal Contract Tower,0,13,25,4,42,0,0,20,16,36,0,13,45,20,78,14,30,44,122
01/21/2022,SLE,OR,ANM,WE,Federal Contract Tower,0,7,25,2,34,0,0,4,1,5,0,7,29,3,39,40,12,52,91
01/22/2022,SLE,OR,ANM,WE,Federal Contract Tower,0,0,17,0,17,0,0,56,0,56,0,0,73,0,73,59,0,59,132
01/23/2022,SLE,OR,ANM,WE,Federal Contract Tower,0,1,19,0,20,0,0,70,0,70,0,1,89,0,90,88,0,88,178
01/24/2022,SLE,OR,ANM,WE,Federal Contract Tower,0,17,7,0,24,0,0,0,0,0,0,17,7,0,24,0,0,0,24
01/25/2022,SLE,OR,ANM,WE,Federal Contract Tower,0,4,25,0,29,0,9,79,0,88,0,13,104,0,117,88,0,88,205
01/26/2022,SLE,OR,ANM,WE,Federal Contract Tower,0,6,14,0,20,0,3,83,18,104,0,9,97,18,124,90,18,108,232
01/27/2022,SLE,OR,ANM,WE,Federal Contract Tower,0,4,15,4,23,0,5,83,1,89,0,9,98,5,112,92,2,94,206
01/28/2022,SLE,OR,ANM,WE,Federal Contract Tower,0,3,17,4,24,0,6,79,2,87,0,9,96,6,111,97,2,99,210
01/29/2022,SLE,OR,ANM,WE,Federal Contract Tower,0,3,17,0,20,0,11,67,0,78,0,14,84,0,98,22,0,22,120
01/30/2022,SLE,OR,ANM,WE,Federal Contract Tower,0,1,0,0,1,0,0,14,0,14,0,1,14,0,15,2,0,2,17
01/31/2022,SLE,OR,ANM,WE,Federal Contract Tower,0,7,14,2,23,0,1,15,11,27,0,8,29,13,50,28,0,28,78
02/01/2022,SLE,OR,ANM,WE,Federal Contract Tower,0,8,10,0,18,0,0,13,15,28,0,8,23,15,46,28,42,70,116
02/02/2022,SLE,OR,ANM,WE,Federal Contract Tower,0,4,2,0,6,0,0,0,0,0,0,4,2,0,6,0,12,12,18
02/03/2022,SLE,OR,ANM,WE,Federal Contract Tower,0,5,22,3,30,0,13,30,5,48,0,18,52,8,78,52,10,62,140
02/04/2022,SLE,OR,ANM,WE,Federal Contract Tower,0,3,18,0,21,0,0,6,0,6,0,3,24,0,27,24,0,24,51
02/05/2022,SLE,OR,ANM,WE,Federal Contract Tower,0,0,16,0,16,0,1,39,0,40,0,1,55,0,56,19,0,19,75
02/06/2022,SLE,OR,ANM,WE,Federal Contract Tower,0,1,5,0,6,0,1,61,0,62,0,2,66,0,68,60,0,60,128
02/07/2022,SLE,OR,ANM,WE,Federal Contract Tower,0,4,15,1,20,0,0,8,4,12,0,4,23,5,32,11,10,21,53
02/08/2022,SLE,OR,ANM,WE,Federal Contract Tower,0,3,20,0,23,0,6,36,0,42,0,9,56,0,65,30,0,30,95
02/09/2022,SLE,OR,ANM,WE,Federal Contract Tower,0,5,22,0,27,0,2,42,1,45,0,7,64,1,72,58,0,58,130
02/10/2022,SLE,OR,ANM,WE,Federal Contract Tower,0,6,10,0,16,0,0,0,0,0,0,6,10,0,16,0,0,0,16
02/11/2022,SLE,OR,ANM,WE,Federal Contract Tower,0,5,27,0,32,0,1,65,0,66,0,6,92,0,98,86,0,86,184
02/12/2022,SLE,OR,ANM,WE,Federal Contract Tower,0,0,18,0,18,0,3,145,4,152,0,3,163,4,170,78,44,122,292
02/13/2022,SLE,OR,ANM,WE,Federal Contract Tower,0,0,8,4,12,0,0,72,1,73,0,0,80,5,85,18,6,24,109
02/14/2022,SLE,OR,ANM,WE,Federal Contract Tower,0,5,8,0,13,0,1,2,7,10,0,6,10,7,23,0,14,14,37
02/15/2022,SLE,OR,ANM,WE,Federal Contract Tower,0,4,24,1,29,0,6,21,20,47,0,10,45,21,76,48,72,120,196
02/16/2022,SLE,OR,ANM,WE,Federal Contract Tower,0,2,10,3,15,0,7,36,10,53,0,9,46,13,68,68,10,78,146
02/17/2022,SLE,OR,ANM,WE,Federal Contract Tower,0,1,34,0,35,0,7,19,16,42,0,8,53,16,77,30,38,68,145
02/18/2022,SLE,OR,ANM,WE,Federal Contract Tower,0,0,16,0,16,0,3,65,0,68,0,3,81,0,84,82,0,82,166
02/19/2022,SLE,OR,ANM,WE,Federal Contract Tower,0,4,11,2,17,0,0,23,0,23,0,4,34,2,40,38,0,38,78
02/20/2022,SLE,OR,ANM,WE,Federal Contract Tower,0,1,7,0,8,0,1,27,0,28,0,2,34,0,36,34,0,34,70
02/21/2022,SLE,OR,ANM,WE,Federal Contract Tower,0,4,5,0,9,0,0,4,0,4,0,4,9,0,13,4,0,4,17
02/22/2022,SLE,OR,ANM,WE,Federal Contract Tower,0,5,21,2,28,0,0,62,3,65,0,5,83,5,93,30,0,30,123
02/23/2022,SLE,OR,ANM,WE,Federal Contract Tower,0,4,29,0,33,0,3,112,3,118,0,7,141,3,151,69,8,77,228
02/24/2022,SLE,OR,ANM,WE,Federal Contract Tower,0,3,11,5,19,0,1,12,6,19,0,4,23,11,38,10,16,26,64
02/25/2022,SLE,OR,ANM,WE,Federal Contract Tower,0,6,20,1,27,0,14,81,7,102,0,20,101,8,129,78,14,92,221
02/26/2022,SLE,OR,ANM,WE,Federal Contract Tower,0,4,14,0,18,0,2,34,2,38,0,6,48,2,56,58,0,58,114
02/27/2022,SLE,OR,ANM,WE,Federal Contract Tower,0,2,23,0,25,0,0,2,0,2,0,2,25,0,27,0,0,0,27
02/28/2022,SLE,OR,ANM,WE,Federal Contract Tower,0,5,6,0,11,0,0,2,0,2,0,5,8,0,13,0,0,0,13
03/01/2022,SLE,OR,ANM,WE,Federal Contract Tower,0,4,20,4,28,0,0,4,8,12,0,4,24,12,40,0,44,44,84
03/02/2022,SLE,OR,ANM,WE,Federal Contract Tower,0,5,21,5,31,0,1,6,0,7,0,6,27,5,38,52,12,64,102
03/03/2022,SLE,OR,ANM,WE,Federal Contract Tower,0,3,20,4,27,0,4,24,12,40,0,7,44,16,67,6,0,6,73
03/04/2022,SLE,OR,ANM,WE,Federal Contract Tower,0,4,13,0,17,0,5,31,8,44,0,9,44,8,61,0,12,12,73
03/05/2022,SLE,OR,ANM,WE,Federal Contract Tower,0,4,22,2,28,0,2,98,20,120,0,6,120,22,148,55,15,70,218
03/06/2022,SLE,OR,ANM,WE,Federal Contract Tower,0,5,11,2,18,0,0,46,1,47,0,5,57,3,65,76,0,76,141
03/07/2022,SLE,OR,ANM,WE,Federal Contract Tower,0,5,21,0,26,0,7,40,11,58,0,12,61,11,84,24,7,31,115
03/08/2022,SLE,OR,ANM,WE,Federal Contract Tower,0,5,14,7,26,0,2,15,3,20,0,7,29,10,46,16,4,20,66
03/09/2022,SLE,OR,ANM,WE,Federal Contract Tower,0,4,13,0,17,0,2,33,3,38,0,6,46,3,55,16,0,16,71
03/10/2022,SLE,OR,ANM,WE,Federal Contract Tower,0,3,34,0,37,0,9,81,2,92,0,12,115,2,129,28,0,28,157
03/11/2022,SLE,OR,ANM,WE,Federal Contract Tower,0,3,33,2,38,0,5,92,4,101,0,8,125,6,139,62,2,64,203
03/12/2022,SLE,OR,ANM,WE,Federal Contract Tower,0,0,5,0,5,0,0,59,0,59,0,0,64,0,64,50,0,50,114
03/13/2022,SLE,OR,ANM,WE,Federal Contract Tower,0,0,9,0,9,0,0,1,0,1,0,0,10,0,10,0,0,0,10
03/14/2022,SLE,OR,ANM,WE,Federal Contract Tower,0,7,15,1,23,0,1,22,1,24,0,8,37,2,47,90,0,90,137
03/15/2022,SLE,OR,ANM,WE,Federal Contract Tower,0,8,14,0,22,0,4,29,5,38,0,12,43,5,60,14,4,18,78
03/16/2022,SLE,OR,ANM,WE,Federal Contract Tower,0,4,25,2,31,0,3,83,0,86,0,7,108,2,117,106,0,106,223
03/17/2022,SLE,OR,ANM,WE,Federal Contract Tower,0,4,9,4,17,0,6,30,3,39,0,10,39,7,56,40,0,40,96
03/18/2022,SLE,OR,ANM,WE,Federal Contract Tower,0,4,30,2,36,0,7,32,4,43,0,11,62,6,79,34,2,36,115
03/19/2022,SLE,OR,ANM,WE,Federal Contract Tower,0,0,15,2,17,0,4,23,3,30,0,4,38,5,47,24,0,24,71
03/20/2022,SLE,OR,ANM,WE,Federal Contract Tower,0,0,7,0,7,0,0,16,0,16,0,0,23,0,23,3,0,3,26
03/21/2022,SLE,OR,ANM,WE,Federal Contract Tower,0,4,10,0,14,1,1,1,0,3,1,5,11,0,17,9,0,9,26
03/22/2022,SLE,OR,ANM,WE,Federal Contract Tower,0,5,9,0,14,0,6,78,7,91,0,11,87,7,105,71,0,71,176
03/23/2022,SLE,OR,ANM,WE,Federal Contract Tower,0,5,16,3,24,0,6,7,8,21,0,11,23,11,45,22,22,44,89
03/24/2022,SLE,OR,ANM,WE,Federal Contract Tower,0,4,11,4,19,0,2,76,4,82,0,6,87,8,101,42,6,48,149
03/25/2022,SLE,OR,ANM,WE,Federal Contract Tower,0,1,19,4,24,0,2,75,5,82,0,3,94,9,106,43,4,47,153
03/26/2022,SLE,OR,ANM,WE,Federal Contract Tower,0,0,21,0,21,0,16,45,0,61,0,16,66,0,82,61,4,65,147
03/27/2022,SLE,OR,ANM,WE,Federal Contract Tower,0,0,14,0,14,0,0,47,0,47,0,0,61,0,61,38,0,38,99
03/28/2022,SLE,OR,ANM,WE,Federal Contract Tower,0,4,12,2,18,0,10,17,6,33,0,14,29,8,51,26,2,28,79
03/29/2022,SLE,OR,ANM,WE,Federal Contract Tower,0,4,14,2,20,0,4,40,9,53,0,8,54,11,73,66,16,82,155
03/30/2022,SLE,OR,ANM,WE,Federal Contract Tower,0,8,12,2,22,0,11,28,10,49,0,19,40,12,71,42,2,44,115
03/31/2022,SLE,OR,ANM,WE,Federal Contract Tower,0,3,13,2,18,0,5,60,10,75,0,8,73,12,93,28,6,34,127
04/01/2022,SLE,OR,ANM,WE,Federal Contract Tower,0,4,11,0,15,0,4,52,6,62,0,8,63,6,77,32,4,36,113
04/02/2022,SLE,OR,ANM,WE,Federal Contract Tower,0,0,6,0,6,0,2,96,8,106,0,2,102,8,112,56,8,64,176
04/03/2022,SLE,OR,ANM,WE,Federal Contract Tower,0,0,8,0,8,0,1,14,7,22,0,1,22,7,30,4,0,4,34
04/04/2022,SLE,OR,ANM,WE,Federal Contract Tower,0,3,1,0,4,0,0,3,0,3,0,3,4,0,7,0,0,0,7
04/05/2022,SLE,OR,ANM,WE,Federal Contract Tower,0,5,23,1,29,0,3,29,9,41,0,8,52,10,70,40,18,58,128
04/06/2022,SLE,OR,ANM,WE,Federal Contract Tower,0,3,21,2,26,0,5,72,4,81,0,8,93,6,107,50,0,50,157
04/07/2022,SLE,OR,ANM,WE,Federal Contract Tower,0,5,27,5,37,0,12,96,14,122,0,17,123,19,159,70,6,76,235
04/08/2022,SLE,OR,ANM,WE,Federal Contract Tower,0,5,12,0,17,0,0,22,3,25,0,5,34,3,42,24,0,24,66
04/09/2022,SLE,OR,ANM,WE,Federal Contract Tower,0,0,8,0,8,0,0,32,0,32,0,0,40,0,40,18,0,18,58
04/10/2022,SLE,OR,ANM,WE,Federal Contract Tower,0,7,13,0,20,0,0,6,0,6,0,7,19,0,26,22,0,22,48
04/11/2022,SLE,OR,ANM,WE,Federal Contract Tower,0,4,6,3,13,0,0,2,1,3,0,4,8,4,16,2,0,2,18
04/12/2022,SLE,OR,ANM,WE,Federal Contract Tower,0,7,6,4,17,0,0,0,4,4,0,7,6,8,21,0,26,26,47
04/13/2022,SLE,OR,ANM,WE,Federal Contract Tower,0,10,6,0,16,0,6,9,10,25,0,16,15,10,41,0,12,12,53
04/14/2022,SLE,OR,ANM,WE,Federal Contract Tower,0,7,21,0,28,0,0,9,7,16,0,7,30,7,44,14,14,28,72
04/15/2022,SLE,OR,ANM,WE,Federal Contract Tower,0,6,13,4,23,0,9,62,10,81,0,15,75,14,104,64,0,64,168
04/16/2022,SLE,OR,ANM,WE,Federal Contract Tower,0,3,15,0,18,0,0,14,3,17,0,3,29,3,35,22,0,22,57
04/17/2022,SLE,OR,ANM,WE,Federal Contract Tower,0,3,10,0,13,0,2,59,0,61,0,5,69,0,74,24,0,24,98
04/18/2022,SLE,OR,ANM,WE,Federal Contract Tower,0,7,6,2,15,0,2,9,7,18,0,9,15,9,33,48,0,48,81
04/19/2022,SLE,OR,ANM,WE,Federal Contract Tower,0,7,9,0,16,0,0,1,0,1,0,7,10,0,17,0,0,0,17
04/20/2022,SLE,OR,ANM,WE,Federal Contract Tower,0,5,3,2,10,0,2,2,2,6,0,7,5,4,16,0,8,8,24
04/21/2022,SLE,OR,ANM,WE,Federal Contract Tower,0,4,10,2,16,0,15,8,3,26,0,19,18,5,42,10,0,10,52
04/22/2022,SLE,OR,ANM,WE,Federal Contract Tower,0,7,5,10,22,0,12,29,5,46,0,19,34,15,68,72,4,76,144
04/23/2022,SLE,OR,ANM,WE,Federal Contract Tower,0,2,10,0,12,0,5,130,0,135,0,7,140,0,147,136,0,136,283
04/24/2022,SLE,OR,ANM,WE,Federal Contract Tower,0,1,21,0,22,0,0,117,0,117,0,1,138,0,139,40,0,40,179
04/25/2022,SLE,OR,ANM,WE,Federal Contract Tower,0,4,12,5,21,0,5,10,6,21,0,9,22,11,42,38,4,42,84
04/26/2022,SLE,OR,ANM,WE,Federal Contract Tower,0,4,8,2,14,0,6,29,7,42,0,10,37,9,56,21,4,25,81
04/27/2022,SLE,OR,ANM,WE,Federal Contract Tower,0,5,18,1,24,0,4,59,5,68,0,9,77,6,92,106,0,106,198
04/28/2022,SLE,OR,ANM,WE,Federal Contract Tower,0,2,8,0,10,0,4,42,7,53,0,6,50,7,63,38,8,46,109
04/29/2022,SLE,OR,ANM,WE,Federal Contract Tower,0,5,8,0,13,0,5,33,0,38,0,10,41,0,51,53,0,53,104
04/30/2022,SLE,OR,ANM,WE,Federal Contract Tower,0,0,5,0,5,0,2,15,2,19,0,2,20,2,24,54,4,58,82
05/01/2022,SLE,OR,ANM,WE,Federal Contract Tower,0,1,24,0,25,0,1,61,0,62,0,2,85,0,87,74,0,74,161
05/02/2022,SLE,OR,ANM,WE,Federal Contract Tower,0,8,3,0,11,0,0,1,0,1,0,8,4,0,12,0,0,0,12
05/03/2022,SLE,OR,ANM,WE,Federal Contract Tower,0,5,28,0,33,0,3,52,0,55,0,8,80,0,88,70,10,80,168
05/04/2022,SLE,OR,ANM,WE,Federal Contract Tower,0,2,27,2,31,0,12,136,0,148,0,14,163,2,179,134,0,134,313
05/05/2022,SLE,OR,ANM,WE,Federal Contract Tower,0,7,10,0,17,0,1,2,0,3,0,8,12,0,20,4,0,4,24
05/06/2022,SLE,OR,ANM,WE,Federal Contract Tower,0,4,8,1,13,0,2,0,5,7,0,6,8,6,20,0,0,0,20
05/07/2022,SLE,OR,ANM,WE,Federal Contract Tower,0,0,11,0,11,0,4,13,0,17,0,4,24,0,28,22,0,22,50
05/08/2022,SLE,OR,ANM,WE,Federal Contract Tower,0,2,5,0,7,0,0,3,0,3,0,2,8,0,10,14,0,14,24
05/09/2022,SLE,OR,ANM,WE,Federal Contract Tower,0,5,12,0,17,0,4,25,1,30,0,9,37,1,47,27,4,31,78
05/10/2022,SLE,OR,ANM,WE,Federal Contract Tower,0,2,19,0,21,0,6,71,9,86,0,8,90,9,107,78,2,80,187
05/11/2022,SLE,OR,ANM,WE,Federal Contract Tower,0,4,30,0,34,0,7,80,6,93,0,11,110,6,127,30,4,34,161
05/12/2022,SLE,OR,ANM,WE,Federal Contract Tower,0,4,2,8,14,0,0,6,0,6,0,4,8,8,20,12,0,12,32
05/13/2022,SLE,OR,ANM,WE,Federal Contract Tower,0,6,23,0,29,0,8,59,5,72,0,14,82,5,101,84,0,84,185
05/14/2022,SLE,OR,ANM,WE,Federal Contract Tower,0,1,9,4,14,0,1,14,1,16,0,2,23,5,30,16,0,16,46
05/15/2022,SLE,OR,ANM,WE,Federal Contract Tower,0,0,14,3,17,0,4,30,0,34,0,4,44,3,51,16,0,16,67
05/16/2022,SLE,OR,ANM,WE,Federal Contract Tower,0,3,78,0,81,0,6,114,3,123,0,9,192,3,204,138,6,144,348
05/17/2022,SLE,OR,ANM,WE,Federal Contract Tower,0,3,22,0,25,0,17,99,6,122,0,20,121,6,147,80,0,80,227
05/18/2022,SLE,OR,ANM,WE,Federal Contract Tower,0,4,7,0,11,0,2,17,2,21,0,6,24,2,32,22,0,22,54
05/19/2022,SLE,OR,ANM,WE,Federal Contract Tower,0,4,10,1,15,0,5,32,5,42,0,9,42,6,57,16,0,16,73
05/20/2022,SLE,OR,ANM,WE,Federal Contract Tower,0,4,22,0,26,0,9,60,2,71,0,13,82,2,97,60,0,60,157
05/21/2022,SLE,OR,ANM,WE,Federal Contract Tower,0,1,19,0,20,0,2,111,0,113,0,3,130,0,133,53,0,53,186
05/22/2022,SLE,OR,ANM,WE,Federal Contract Tower,0,0,15,0,15,0,0,62,0,62,0,0,77,0,77,93,0,93,170
05/23/2022,SLE,OR,ANM,WE,Federal Contract Tower,0,4,20,0,24,0,3,58,3,64,0,7,78,3,88,96,0,96,184
05/24/2022,SLE,OR,ANM,WE,Federal Contract Tower,0,4,20,0,24,0,6,72,4,82,0,10,92,4,106,97,0,97,203
05/25/2022,SLE,OR,ANM,WE,Federal Contract Tower,0,4,31,1,36,0,1,64,0,65,0,5,95,1,101,130,0,130,231
05/26/2022,SLE,OR,ANM,WE,Federal Contract Tower,0,4,14,1,19,0,4,49,10,63,0,8,63,11,82,40,0,40,122
05/27/2022,SLE,OR,ANM,WE,Federal Contract Tower,0,4,4,0,8,0,2,28,3,33,0,6,32,3,41,68,0,68,109
05/28/2022,SLE,OR,ANM,WE,Federal Contract Tower,0,0,11,0,11,0,0,8,0,8,0,0,19,0,19,4,0,4,23
05/29/2022,SLE,OR,ANM,WE,Federal Contract Tower,0,1,11,0,12,0,1,9,0,10,0,2,20,0,22,20,0,20,42
05/30/2022,SLE,OR,ANM,WE,Federal Contract Tower,0,0,25,0,25,0,6,43,0,49,0,6,68,0,74,73,0,73,147
05/31/2022,SLE,OR,ANM,WE,Federal Contract Tower,0,3,78,0,81,0,6,114,3,123,0,9,192,3,204,138,6,144,348
06/01/2022,SLE,OR,ANM,WE,Federal Contract Tower,0,2,20,0,22,0,10,58,5,73,0,12,78,5,95,94,2,96,191
06/02/2022,SLE,OR,ANM,WE,Federal Contract Tower,0,3,17,6,26,0,11,102,7,120,0,14,119,13,146,86,2,88,234
06/03/2022,SLE,OR,ANM,WE,Federal Contract Tower,0,3,4,0,7,0,7,18,4,29,0,10,22,4,36,2,2,4,40
06/04/2022,SLE,OR,ANM,WE,Federal Contract Tower,0,0,5,4,9,0,0,0,0,0,0,0,5,4,9,0,0,0,9
06/05/2022,SLE,OR,ANM,WE,Federal Contract Tower,0,0,4,2,6,0,0,6,0,6,0,0,10,2,12,4,0,4,16
06/06/2022,SLE,OR,ANM,WE,Federal Contract Tower,0,5,23,1,29,0,2,17,3,22,0,7,40,4,51,43,0,43,94
06/07/2022,SLE,OR,ANM,WE,Federal Contract Tower,0,4,14,0,18,0,0,76,5,81,0,4,90,5,99,91,9,100,199
06/08/2022,SLE,OR,ANM,WE,Federal Contract Tower,0,6,14,0,20,0,6,51,11,68,0,12,65,11,88,78,0,78,166
06/09/2022,SLE,OR,ANM,WE,Federal Contract Tower,0,7,27,2,36,0,4,46,3,53,0,11,73,5,89,42,0,42,131
06/10/2022,SLE,OR,ANM,WE,Federal Contract Tower,0,4,16,4,24,0,0,1,0,1,0,4,17,4,25,30,0,30,55
06/11/2022,SLE,OR,ANM,WE,Federal Contract Tower,0,0,11,2,13,0,0,9,0,9,0,0,20,2,22,31,0,31,53
06/12/2022,SLE,OR,ANM,WE,Federal Contract Tower,0,1,11,4,16,0,0,15,3,18,0,1,26,7,34,4,14,18,52
06/13/2022,SLE,OR,ANM,WE,Federal Contract Tower,0,3,14,2,19,0,8,19,0,27,0,11,33,2,46,40,0,40,86
06/14/2022,SLE,OR,ANM,WE,Federal Contract Tower,0,7,10,3,20,0,3,48,4,55,0,10,58,7,75,106,4,110,185
06/15/2022,SLE,OR,ANM,WE,Federal Contract Tower,0,5,15,2,22,0,15,74,4,93,0,20,89,6,115,114,0,114,229
06/16/2022,SLE,OR,ANM,WE,Federal Contract Tower,2,3,10,1,16,0,5,37,0,42,2,8,47,1,58,114,0,114,172
06/17/2022,SLE,OR,ANM,WE,Federal Contract Tower,0,3,15,0,18,0,1,9,0,10,0,4,24,0,28,21,0,21,49
06/18/2022,SLE,OR,ANM,WE,Federal Contract Tower,0,2,11,0,13,0,0,33,0,33,0,2,44,0,46,53,0,53,99
06/19/2022,SLE,OR,ANM,WE,Federal Contract Tower,0,0,12,2,14,0,0,13,0,13,0,0,25,2,27,30,0,30,57
06/20/2022,SLE,OR,ANM,WE,Federal Contract Tower,0,2,10,2,14,0,5,46,1,52,0,7,56,3,66,82,0,82,148
06/21/2022,SLE,OR,ANM,WE,Federal Contract Tower,0,5,10,6,21,0,4,69,3,76,0,9,79,9,97,64,0,64,161
06/22/2022,SLE,OR,ANM,WE,Federal Contract Tower,0,4,11,0,15,0,1,89,6,96,0,5,100,6,111,99,0,99,210
06/23/2022,SLE,OR,ANM,WE,Federal Contract Tower,0,5,8,5,18,0,1,75,3,79,0,6,83,8,97,124,0,124,221
06/24/2022,SLE,OR,ANM,WE,Federal Contract Tower,0,2,10,4,16,0,3,99,4,106,0,5,109,8,122,54,0,54,176
06/25/2022,SLE,OR,ANM,WE,Federal Contract Tower,0,0,6,0,6,0,1,63,1,65,0,1,69,1,71,40,0,40,111
06/26/2022,SLE,OR,ANM,WE,Federal Contract Tower,0,1,8,0,9,0,0,52,0,52,0,1,60,0,61,29,0,29,90
06/27/2022,SLE,OR,ANM,WE,Federal Contract Tower,0,4,8,0,12,0,6,57,4,67,0,10,65,4,79,75,2,77,156
06/28/2022,SLE,OR,ANM,WE,Federal Contract Tower,0,4,18,4,26,0,6,63,6,75,0,10,81,10,101,36,2,38,139
06/29/2022,SLE,OR,ANM,WE,Federal Contract Tower,0,8,20,4,32,0,8,82,2,92,0,16,102,6,124,94,4,98,222
06/30/2022,SLE,OR,ANM,WE,Federal Contract Tower,0,3,16,0,19,0,8,107,6,121,0,11,123,6,140,104,0,104,244
07/01/2022,SLE,OR,ANM,WE,Federal Contract Tower,0,8,11,0,19,0,10,71,2,83,0,18,82,2,102,9,0,9,111
07/02/2022,SLE,OR,ANM,WE,Federal Contract Tower,0,4,9,1,14,0,1,26,1,28,0,5,35,2,42,52,0,52,94
07/03/2022,SLE,OR,ANM,WE,Federal Contract Tower,0,0,14,0,14,0,1,25,0,26,0,1,39,0,40,30,0,30,70
07/04/2022,SLE,OR,ANM,WE,Federal Contract Tower,0,0,2,0,2,0,1,20,0,21,0,1,22,0,23,29,0,29,52
07/05/2022,SLE,OR,ANM,WE,Federal Contract Tower,0,5,8,0,13,0,3,47,5,55,0,8,55,5,68,46,0,46,114
07/06/2022,SLE,OR,ANM,WE,Federal Contract Tower,0,6,16,3,25,0,5,26,6,37,0,11,42,9,62,42,0,42,104
07/07/2022,SLE,OR,ANM,WE,Federal Contract Tower,0,8,27,0,35,0,15,47,8,70,0,23,74,8,105,56,0,56,161
07/08/2022,SLE,OR,ANM,WE,Federal Contract Tower,0,4,22,3,29,0,17,87,6,110,0,21,109,9,139,135,0,135,274
07/09/2022,SLE,OR,ANM,WE,Federal Contract Tower,0,3,10,2,15,0,4,54,0,58,0,7,64,2,73,100,0,100,173
07/10/2022,SLE,OR,ANM,WE,Federal Contract Tower,0,3,10,0,13,0,2,85,0,87,0,5,95,0,100,65,0,65,165
07/11/2022,SLE,OR,ANM,WE,Federal Contract Tower,0,2,12,2,16,0,13,46,2,61,0,15,58,4,77,26,0,26,103
07/12/2022,SLE,OR,ANM,WE,Federal Contract Tower,0,5,15,0,20,0,11,42,0,53,0,16,57,0,73,68,0,68,141
07/13/2022,SLE,OR,ANM,WE,Federal Contract Tower,0,6,10,5,21,0,11,50,2,63,0,17,60,7,84,50,0,50,134
07/14/2022,SLE,OR,ANM,WE,Federal Contract Tower,0,4,21,1,26,0,11,58,1,70,0,15,79,2,96,144,0,144,240
07/15/2022,SLE,OR,ANM,WE,Federal Contract Tower,0,4,12,2,18,0,14,95,0,109,0,18,107,2,127,70,0,70,197
07/16/2022,SLE,OR,ANM,WE,Federal Contract Tower,0,0,10,1,11,0,7,36,4,47,0,7,46,5,58,18,4,22,80
07/17/2022,SLE,OR,ANM,WE,Federal Contract Tower,0,0,8,0,8,0,1,50,9,60,0,1,58,9,68,53,0,53,121
07/18/2022,SLE,OR,ANM,WE,Federal Contract Tower,0,4,20,2,26,0,12,69,4,85,0,16,89,6,111,36,0,36,147
07/19/2022,SLE,OR,ANM,WE,Federal Contract Tower,0,4,8,0,12,0,20,84,30,134,0,24,92,30,146,109,2,111,257
07/20/2022,SLE,OR,ANM,WE,Federal Contract Tower,0,2,10,1,13,0,18,69,6,93,0,20,79,7,106,82,0,82,188
07/21/2022,SLE,OR,ANM,WE,Federal Contract Tower,0,6,11,0,17,0,3,63,5,71,0,9,74,5,88,80,2,82,170
07/22/2022,SLE,OR,ANM,WE,Federal Contract Tower,0,4,26,2,32,0,2,70,1,73,0,6,96,3,105,56,0,56,161
07/23/2022,SLE,OR,ANM,WE,Federal Contract Tower,0,2,16,0,18,0,4,87,0,91,0,6,103,0,109,80,0,80,189
07/24/2022,SLE,OR,ANM,WE,Federal Contract Tower,0,4,15,0,19,0,5,33,0,38,0,9,48,0,57,4,0,4,61
07/25/2022,SLE,OR,ANM,WE,Federal Contract Tower,0,4,6,3,13,0,8,27,1,36,0,12,33,4,49,69,0,69,118
07/26/2022,SLE,OR,ANM,WE,Federal Contract Tower,0,4,10,1,15,0,15,48,6,69,0,19,58,7,84,42,0,42,126
07/27/2022,SLE,OR,ANM,WE,Federal Contract Tower,0,4,10,4,18,0,6,54,7,67,0,10,64,11,85,68,0,68,153
07/28/2022,SLE,OR,ANM,WE,Federal Contract Tower,0,3,19,2,24,0,13,46,9,68,0,16,65,11,92,88,4,92,184
07/29/2022,SLE,OR,ANM,WE,Federal Contract Tower,0,3,8,0,11,0,17,70,6,93,0,20,78,6,104,77,0,77,181
07/30/2022,SLE,OR,ANM,WE,Federal Contract Tower,0,0,3,0,3,0,13,47,0,60,0,13,50,0,63,52,0,52,115
07/31/2022,SLE,OR,ANM,WE,Federal Contract Tower,0,0,11,0,11,0,15,71,0,86,0,15,82,0,97,66,0,66,163
08/01/2022,SLE,OR,ANM,WE,Federal Contract Tower,0,4,7,0,11,0,11,26,3,40,0,15,33,3,51,55,22,77,128
08/02/2022,SLE,OR,ANM,WE,Federal Contract Tower,0,8,7,2,17,0,4,61,6,71,0,12,68,8,88,75,8,83,171
08/03/2022,SLE,OR,ANM,WE,Federal Contract Tower,0,4,20,3,27,0,9,77,12,98,0,13,97,15,125,6,0,6,131
08/04/2022,SLE,OR,ANM,WE,Federal Contract Tower,0,7,20,2,29,0,15,72,7,94,0,22,92,9,123,4,6,10,133
08/05/2022,SLE,OR,ANM,WE,Federal Contract Tower,0,12,17,0,29,0,19,70,2,91,0,31,87,2,120,39,0,39,159
08/06/2022,SLE,OR,ANM,WE,Federal Contract Tower,0,4,7,7,18,0,3,61,3,67,0,7,68,10,85,39,2,41,126
08/07/2022,SLE,OR,ANM,WE,Federal Contract Tower,0,0,14,2,16,0,0,51,8,59,0,0,65,10,75,6,0,6,81
08/08/2022,SLE,OR,ANM,WE,Federal Contract Tower,0,3,4,0,7,0,9,35,0,44,0,12,39,0,51,8,0,8,59
08/09/2022,SLE,OR,ANM,WE,Federal Contract Tower,0,4,6,2,12,0,9,45,2,56,0,13,51,4,68,13,0,13,81
08/10/2022,SLE,OR,ANM,WE,Federal Contract Tower,0,5,12,0,17,0,6,50,4,60,0,11,62,4,77,36,0,36,113
08/11/2022,SLE,OR,ANM,WE,Federal Contract Tower,0,2,11,2,15,0,6,66,0,72,0,8,77,2,87,92,0,92,179
08/12/2022,SLE,OR,ANM,WE,Federal Contract Tower,0,4,15,0,19,0,9,79,3,91,0,13,94,3,110,33,0,33,143
08/13/2022,SLE,OR,ANM,WE,Federal Contract Tower,0,0,23,2,25,0,8,80,0,88,0,8,103,2,113,40,1,41,154
08/14/2022,SLE,OR,ANM,WE,Federal Contract Tower,0,2,12,0,14,0,3,71,2,76,0,5,83,2,90,75,0,75,165
08/15/2022,SLE,OR,ANM,WE,Federal Contract Tower,0,6,8,5,19,0,16,63,6,85,0,22,71,11,104,53,2,55,159
08/16/2022,SLE,OR,ANM,WE,Federal Contract Tower,0,5,14,2,21,0,8,71,2,81,0,13,85,4,102,44,6,50,152
08/17/2022,SLE,OR,ANM,WE,Federal Contract Tower,0,5,23,2,30,0,8,37,16,61,0,13,60,18,91,74,2,76,167
08/18/2022,SLE,OR,ANM,WE,Federal Contract Tower,0,7,25,4,36,0,3,87,9,99,0,10,112,13,135,54,4,58,193
08/19/2022,SLE,OR,ANM,WE,Federal Contract Tower,0,4,25,1,30,0,2,51,3,56,0,6,76,4,86,4,3,7,93
08/20/2022,SLE,OR,ANM,WE,Federal Contract Tower,0,0,20,0,20,0,7,27,0,34,0,7,47,0,54,50,0,50,104
08/21/2022,SLE,OR,ANM,WE,Federal Contract Tower,0,1,13,0,14,0,6,44,0,50,0,7,57,0,64,20,0,20,84
08/22/2022,SLE,OR,ANM,WE,Federal Contract Tower,0,7,10,0,17,0,15,61,2,78,0,22,71,2,95,71,0,71,166
08/23/2022,SLE,OR,ANM,WE,Federal Contract Tower,0,5,21,0,26,0,10,55,10,75,0,15,76,10,101,39,0,39,140
08/24/2022,SLE,OR,ANM,WE,Federal Contract Tower,0,3,15,3,21,0,13,55,17,85,0,16,70,20,106,141,0,141,247
08/25/2022,SLE,OR,ANM,WE,Federal Contract Tower,0,7,15,2,24,0,10,83,6,99,0,17,98,8,123,122,2,124,247
08/26/2022,SLE,OR,ANM,WE,Federal Contract Tower,0,6,36,1,43,0,11,94,6,111,0,17,130,7,154,87,0,87,241
08/27/2022,SLE,OR,ANM,WE,Federal Contract Tower,0,1,21,0,22,0,4,76,16,96,0,5,97,16,118,32,0,32,150
08/28/2022,SLE,OR,ANM,WE,Federal Contract Tower,0,2,6,0,8,0,7,70,0,77,0,9,76,0,85,96,0,96,181
08/29/2022,SLE,OR,ANM,WE,Federal Contract Tower,0,4,22,3,29,0,2,55,2,59,0,6,77,5,88,24,0,24,112
08/30/2022,SLE,OR,ANM,WE,Federal Contract Tower,0,4,27,1,32,0,5,49,5,59,0,9,76,6,91,127,4,131,222
08/31/2022,SLE,OR,ANM,WE,Federal Contract Tower,0,8,13,3,24,0,7,78,4,89,0,15,91,7,113,88,2,90,203
09/01/2022,SLE,OR,ANM,WE,Federal Contract Tower,0,6,15,2,23,0,20,63,8,91,0,26,78,10,114,132,0,132,246
09/02/2022,SLE,OR,ANM,WE,Federal Contract Tower,0,4,35,0,39,0,14,45,2,61,0,18,80,2,100,43,0,43,143
09/03/2022,SLE,OR,ANM,WE,Federal Contract Tower,0,0,22,0,22,0,6,61,0,67,0,6,83,0,89,83,0,83,172
09/04/2022,SLE,OR,ANM,WE,Federal Contract Tower,0,3,12,0,15,0,0,55,0,55,0,3,67,0,70,55,0,55,125
09/05/2022,SLE,OR,ANM,WE,Federal Contract Tower,0,1,18,0,19,0,3,75,0,78,0,4,93,0,97,46,0,46,143
09/06/2022,SLE,OR,ANM,WE,Federal Contract Tower,0,3,16,2,21,0,20,58,2,80,0,23,74,4,101,127,0,127,228
09/07/2022,SLE,OR,ANM,WE,Federal Contract Tower,0,5,25,4,34,0,6,71,3,80,0,11,96,7,114,106,0,106,220
09/08/2022,SLE,OR,ANM,WE,Federal Contract Tower,0,5,44,3,52,0,23,85,7,115,0,28,129,10,167,134,2,136,303
09/09/2022,SLE,OR,ANM,WE,Federal Contract Tower,0,5,4,5,14,0,7,34,6,47,0,12,38,11,61,26,0,26,87
09/10/2022,SLE,OR,ANM,WE,Federal Contract Tower,0,1,20,2,23,0,12,39,11,62,0,13,59,13,85,45,22,67,152
09/11/2022,SLE,OR,ANM,WE,Federal Contract Tower,0,0,20,3,23,0,2,31,3,36,0,2,51,6,59,54,15,69,128
09/12/2022,SLE,OR,ANM,WE,Federal Contract Tower,0,4,32,0,36,0,3,44,9,56,0,7,76,9,92,202,8,210,302
09/13/2022,SLE,OR,ANM,WE,Federal Contract Tower,0,2,21,2,25,0,14,66,6,86,0,16,87,8,111,130,0,130,241
09/14/2022,SLE,OR,ANM,WE,Federal Contract Tower,0,9,22,0,31,0,28,48,8,84,0,37,70,8,115,42,20,62,177
09/15/2022,SLE,OR,ANM,WE,Federal Contract Tower,0,8,18,1,27,0,28,67,6,101,0,36,85,7,128,178,10,188,316
09/16/2022,SLE,OR,ANM,WE,Federal Contract Tower,0,10,11,0,21,0,32,70,3,105,0,42,81,3,126,134,0,134,260
09/17/2022,SLE,OR,ANM,WE,Federal Contract Tower,0,0,14,1,15,0,14,55,1,70,0,14,69,2,85,86,0,86,171
09/18/2022,SLE,OR,ANM,WE,Federal Contract Tower,0,0,14,0,14,0,3,42,0,45,0,3,56,0,59,44,0,44,103
09/19/2022,SLE,OR,ANM,WE,Federal Contract Tower,0,6,20,1,27,0,1,57,0,58,0,7,77,1,85,124,0,124,209
09/20/2022,SLE,OR,ANM,WE,Federal Contract Tower,0,6,18,4,28,0,18,57,2,77,0,24,75,6,105,56,0,56,161
09/21/2022,SLE,OR,ANM,WE,Federal Contract Tower,0,4,6,0,10,0,8,74,10,92,0,12,80,10,102,46,8,54,156
09/22/2022,SLE,OR,ANM,WE,Federal Contract Tower,0,4,18,2,24,0,11,43,8,62,0,15,61,10,86,30,6,36,122
09/23/2022,SLE,OR,ANM,WE,Federal Contract Tower,2,7,27,1,37,0,18,71,0,89,2,25,98,1,126,62,0,62,188
09/24/2022,SLE,OR,ANM,WE,Federal Contract Tower,0,3,14,0,17,0,4,96,0,100,0,7,110,0,117,48,0,48,165
09/25/2022,SLE,OR,ANM,WE,Federal Contract Tower,0,3,25,0,28,0,3,85,0,88,0,6,110,0,116,38,0,38,154
09/26/2022,SLE,OR,ANM,WE,Federal Contract Tower,0,6,16,2,24,0,2,52,4,58,0,8,68,6,82,68,0,68,150
09/27/2022,SLE,OR,ANM,WE,Federal Contract Tower,0,6,12,0,18,0,3,90,12,105,0,9,102,12,123,150,10,160,283
09/28/2022,SLE,OR,ANM,WE,Federal Contract Tower,0,5,11,2,18,0,8,14,9,31,0,13,25,11,49,30,4,34,83
09/29/2022,SLE,OR,ANM,WE,Federal Contract Tower,0,6,21,6,33,0,5,11,8,24,0,11,32,14,57,20,12,32,89
09/30/2022,SLE,OR,ANM,WE,Federal Contract Tower,0,6,34,1,41,0,4,41,2,47,0,10,75,3,88,62,0,62,150
10/01/2022,SLE,OR,ANM,WE,Federal Contract Tower,0,0,10,0,10,0,8,79,0,87,0,8,89,0,97,58,0,58,155
10/02/2022,SLE,OR,ANM,WE,Federal Contract Tower,0,0,19,0,19,0,3,92,0,95,0,3,111,0,114,70,0,70,184
10/03/2022,SLE,OR,ANM,WE,Federal Contract Tower,0,2,19,0,21,0,14,36,3,53,0,16,55,3,74,60,0,60,134
10/04/2022,SLE,OR,ANM,WE,Federal Contract Tower,0,2,21,1,24,0,1,14,6,21,0,3,35,7,45,82,2,84,129
10/05/2022,SLE,OR,ANM,WE,Federal Contract Tower,0,2,23,2,27,0,2,19,1,22,0,4,42,3,49,6,8,14,63
10/06/2022,SLE,OR,ANM,WE,Federal Contract Tower,0,4,16,1,21,0,6,39,0,45,0,10,55,1,66,66,0,66,132
10/07/2022,SLE,OR,ANM,WE,Federal Contract Tower,0,8,15,0,23,0,5,57,0,62,0,13,72,0,85,74,0,74,159
10/08/2022,SLE,OR,ANM,WE,Federal Contract Tower,0,1,12,0,13,0,8,79,0,87,0,9,91,0,100,84,0,84,184
10/09/2022,SLE,OR,ANM,WE,Federal Contract Tower,0,1,15,0,16,0,5,69,0,74,0,6,84,0,90,66,3,69,159
10/10/2022,SLE,OR,ANM,WE,Federal Contract Tower,0,5,25,3,33,0,15,84,0,99,0,20,109,3,132,90,0,90,222
10/11/2022,SLE,OR,ANM,WE,Federal Contract Tower,0,3,21,4,28,0,29,62,6,97,0,32,83,10,125,122,4,126,251
10/12/2022,SLE,OR,ANM,WE,Federal Contract Tower,0,4,15,2,21,0,8,98,4,110,0,12,113,6,131,74,0,74,205
10/13/2022,SLE,OR,ANM,WE,Federal Contract Tower,0,5,13,2,20,0,19,76,7,102,0,24,89,9,122,26,0,26,148
10/14/2022,SLE,OR,ANM,WE,Federal Contract Tower,0,4,14,0,18,0,8,72,0,80,0,12,86,0,98,70,0,70,168
10/15/2022,SLE,OR,ANM,WE,Federal Contract Tower,0,0,8,2,10,0,4,74,0,78,0,4,82,2,88,58,0,58,146
10/16/2022,SLE,OR,ANM,WE,Federal Contract Tower,0,3,16,0,19,0,12,77,0,89,0,15,93,0,108,88,0,88,196
10/17/2022,SLE,OR,ANM,WE,Federal Contract Tower,0,4,10,0,14,0,6,36,0,42,0,10,46,0,56,32,0,32,88
10/18/2022,SLE,OR,ANM,WE,Federal Contract Tower,0,8,19,3,30,0,2,17,3,22,0,10,36,6,52,50,0,50,102
10/19/2022,SLE,OR,ANM,WE,Federal Contract Tower,0,12,26,4,42,0,15,48,7,70,0,27,74,11,112,106,16,122,234
10/20/2022,SLE,OR,ANM,WE,Federal Contract Tower,0,10,11,7,28,0,7,4,1,12,0,17,15,8,40,14,4,18,58
10/21/2022,SLE,OR,ANM,WE,Federal Contract Tower,0,12,12,5,29,0,4,33,4,41,0,16,45,9,70,72,0,72,142
10/22/2022,SLE,OR,ANM,WE,Federal Contract Tower,0,4,4,0,8,0,4,19,2,25,0,8,23,2,33,34,0,34,67
10/23/2022,SLE,OR,ANM,WE,Federal Contract Tower,0,8,11,0,19,0,5,84,0,89,0,13,95,0,108,92,0,92,200
10/24/2022,SLE,OR,ANM,WE,Federal Contract Tower,0,5,17,0,22,0,4,7,5,16,0,9,24,5,38,0,4,4,42
10/25/2022,SLE,OR,ANM,WE,Federal Contract Tower,0,14,23,1,38,0,6,10,2,18,0,20,33,3,56,26,2,28,84
10/26/2022,SLE,OR,ANM,WE,Federal Contract Tower,0,7,15,4,26,0,4,47,6,57,0,11,62,10,83,62,10,72,155
10/27/2022,SLE,OR,ANM,WE,Federal Contract Tower,0,3,16,1,20,0,28,104,10,142,0,31,120,11,162,132,0,132,294
10/28/2022,SLE,OR,ANM,WE,Federal Contract Tower,0,10,3,2,15,0,3,2,0,5,0,13,5,2,20,20,0,20,40
10/29/2022,SLE,OR,ANM,WE,Federal Contract Tower,0,4,18,0,22,0,0,1,0,1,0,4,19,0,23,4,0,4,27
10/30/2022,SLE,OR,ANM,WE,Federal Contract Tower,0,3,15,0,18,0,34,61,0,95,0,37,76,0,113,76,0,76,189
10/31/2022,SLE,OR,ANM,WE,Federal Contract Tower,0,3,6,3,12,0,1,2,0,3,0,4,8,3,15,14,0,14,29
11/01/2022,SLE,OR,ANM,WE,Federal Contract Tower,0,4,16,0,20,0,4,12,4,20,0,8,28,4,40,18,0,18,58
11/02/2022,SLE,OR,ANM,WE,Federal Contract Tower,0,4,7,2,13,0,3,14,2,19,0,7,21,4,32,44,12,56,88
11/03/2022,SLE,OR,ANM,WE,Federal Contract Tower,0,5,10,2,17,0,5,53,5,63,0,10,63,7,80,142,10,152,232
11/04/2022,SLE,OR,ANM,WE,Federal Contract Tower,0,4,2,2,8,0,0,0,0,0,0,4,2,2,8,0,10,10,18
11/05/2022,SLE,OR,ANM,WE,Federal Contract Tower,0,0,7,2,9,0,3,21,19,43,0,3,28,21,52,38,2,40,92
11/06/2022,SLE,OR,ANM,WE,Federal Contract Tower,0,1,5,0,6,0,0,1,0,1,0,1,6,0,7,0,0,0,7
11/07/2022,SLE,OR,ANM,WE,Federal Contract Tower,0,9,5,4,18,0,0,0,0,0,0,9,5,4,18,0,4,4,22
11/08/2022,SLE,OR,ANM,WE,Federal Contract Tower,0,7,20,4,31,0,4,46,15,65,0,11,66,19,96,84,8,92,188
11/09/2022,SLE,OR,ANM,WE,Federal Contract Tower,0,2,12,3,17,0,13,85,5,103,0,15,97,8,120,152,22,174,294
11/10/2022,SLE,OR,ANM,WE,Federal Contract Tower,0,3,25,4,32,0,9,67,5,81,0,12,92,9,113,126,0,126,239
11/11/2022,SLE,OR,ANM,WE,Federal Contract Tower,0,7,9,0,16,0,10,24,0,34,0,17,33,0,50,32,0,32,82
11/12/2022,SLE,OR,ANM,WE,Federal Contract Tower,0,0,7,0,7,0,4,85,0,89,0,4,92,0,96,118,0,118,214
11/13/2022,SLE,OR,ANM,WE,Federal Contract Tower,0,2,6,0,8,0,3,8,0,11,0,5,14,0,19,38,0,38,57
11/14/2022,SLE,OR,ANM,WE,Federal Contract Tower,0,8,1,0,9,0,10,43,3,56,0,18,44,3,65,21,0,21,86
11/15/2022,SLE,OR,ANM,WE,Federal Contract Tower,0,4,15,2,21,0,13,57,16,86,0,17,72,18,107,92,0,92,199
11/16/2022,SLE,OR,ANM,WE,Federal Contract Tower,0,7,16,4,27,0,10,58,14,82,0,17,74,18,109,70,0,70,179
11/17/2022,SLE,OR,ANM,WE,Federal Contract Tower,0,3,6,0,9,0,13,49,11,73,0,16,55,11,82,80,0,80,162
11/18/2022,SLE,OR,ANM,WE,Federal Contract Tower,0,15,5,1,21,0,15,96,5,116,0,30,101,6,137,168,0,168,305
11/19/2022,SLE,OR,ANM,WE,Federal Contract Tower,0,0,6,0,6,0,10,87,0,97,0,10,93,0,103,82,0,82,185
11/20/2022,SLE,OR,ANM,WE,Federal Contract Tower,0,0,11,0,11,0,3,44,0,47,0,3,55,0,58,64,0,64,122
11/21/2022,SLE,OR,ANM,WE,Federal Contract Tower,0,6,15,1,22,0,3,35,15,53,0,9,50,16,75,88,16,104,179
11/22/2022,SLE,OR,ANM,WE,Federal Contract Tower,0,4,23,0,27,0,9,7,9,25,0,13,30,9,52,34,0,34,86
11/23/2022,SLE,OR,ANM,WE,Federal Contract Tower,0,5,11,0,16,0,0,0,0,0,0,5,11,0,16,0,0,0,16
11/24/2022,SLE,OR,ANM,WE,Federal Contract Tower,0,0,2,0,2,0,0,0,0,0,0,0,2,0,2,0,0,0,2
11/25/2022,SLE,OR,ANM,WE,Federal Contract Tower,0,5,12,0,17,0,0,0,0,0,0,5,12,0,17,0,0,0,17
11/26/2022,SLE,OR,ANM,WE,Federal Contract Tower,0,0,7,0,7,0,1,56,0,57,0,1,63,0,64,56,0,56,120
11/27/2022,SLE,OR,ANM,WE,Federal Contract Tower,0,1,7,0,8,0,2,0,0,2,0,3,7,0,10,2,0,2,12
11/28/2022,SLE,OR,ANM,WE,Federal Contract Tower,0,5,8,2,15,0,11,48,3,62,0,16,56,5,77,84,0,84,161
11/29/2022,SLE,OR,ANM,WE,Federal Contract Tower,0,6,4,0,10,0,0,0,0,0,0,6,4,0,10,0,0,0,10
11/30/2022,SLE,OR,ANM,WE,Federal Contract Tower,0,5,5,2,12,0,1,7,3,11,0,6,12,5,23,10,0,10,33
12/01/2022,SLE,OR,ANM,WE,Federal Contract Tower,0,4,5,0,9,0,12,2,8,22,0,16,7,8,31,4,0,4,35
12/02/2022,SLE,OR,ANM,WE,Federal Contract Tower,0,4,7,1,12,0,4,31,6,41,0,8,38,7,53,54,4,58,111
12/03/2022,SLE,OR,ANM,WE,Federal Contract Tower,0,0,9,0,9,0,7,83,0,90,0,7,92,0,99,78,0,78,177
12/04/2022,SLE,OR,ANM,WE,Federal Contract Tower,0,0,1,0,1,0,2,3,0,5,0,2,4,0,6,0,0,0,6
12/05/2022,SLE,OR,ANM,WE,Federal Contract Tower,0,5,9,1,15,0,0,0,0,0,0,5,9,1,15,0,0,0,15
12/06/2022,SLE,OR,ANM,WE,Federal Contract Tower,0,9,6,2,17,0,20,14,8,42,0,29,20,10,59,34,4,38,97
12/07/2022,SLE,OR,ANM,WE,Federal Contract Tower,0,5,9,1,15,0,0,2,0,2,0,5,11,1,17,0,0,0,17
12/08/2022,SLE,OR,ANM,WE,Federal Contract Tower,0,4,6,3,13,0,2,2,6,10,0,6,8,9,23,16,0,16,39
12/09/2022,SLE,OR,ANM,WE,Federal Contract Tower,0,6,4,0,10,0,2,5,2,9,0,8,9,2,19,6,4,10,29
12/10/2022,SLE,OR,ANM,WE,Federal Contract Tower,0,2,2,0,4,0,2,6,0,8,0,4,8,0,12,0,0,0,12
12/11/2022,SLE,OR,ANM,WE,Federal Contract Tower,0,0,13,0,13,0,2,12,0,14,0,2,25,0,27,38,0,38,65
12/12/2022,SLE,OR,ANM,WE,Federal Contract Tower,0,9,8,4,21,0,1,39,6,46,0,10,47,10,67,72,0,72,139
12/13/2022,SLE,OR,ANM,WE,Federal Contract Tower,0,4,21,5,30,0,21,45,12,78,0,25,66,17,108,40,4,44,152
12/14/2022,SLE,OR,ANM,WE,Federal Contract Tower,0,6,20,1,27,0,8,43,7,58,0,14,63,8,85,106,0,106,191
12/15/2022,SLE,OR,ANM,WE,Federal Contract Tower,0,3,12,0,15,0,1,76,8,85,0,4,88,8,100,106,0,106,206
12/16/2022,SLE,OR,ANM,WE,Federal Contract Tower,0,9,27,0,36,0,6,78,6,90,0,15,105,6,126,114,0,114,240
12/17/2022,SLE,OR,ANM,WE,Federal Contract Tower,0,2,11,0,13,0,0,122,0,122,0,2,133,0,135,98,0,98,233
12/18/2022,SLE,OR,ANM,WE,Federal Contract Tower,0,3,9,0,12,0,0,0,0,0,0,3,9,0,12,0,0,0,12
12/19/2022,SLE,OR,ANM,WE,Federal Contract Tower,0,5,4,0,9,0,0,6,3,9,0,5,10,3,18,0,2,2,20
12/20/2022,SLE,OR,ANM,WE,Federal Contract Tower,0,4,9,0,13,0,0,0,0,0,0,4,9,0,13,0,2,2,15
12/21/2022,SLE,OR,ANM,WE,Federal Contract Tower,0,6,21,0,27,0,14,65,12,91,0,20,86,12,118,26,22,48,166
12/22/2022,SLE,OR,ANM,WE,Federal Contract Tower,0,2,2,0,4,0,6,4,0,10,0,8,6,0,14,6,0,6,20
12/23/2022,SLE,OR,ANM,WE,Federal Contract Tower,0,0,0,0,0,0,0,0,0,0,0,0,0,0,0,0,0,0,0
12/24/2022,SLE,OR,ANM,WE,Federal Contract Tower,0,0,2,0,2,0,0,0,0,0,0,0,2,0,2,0,0,0,2
12/25/2022,SLE,OR,ANM,WE,Federal Contract Tower,0,2,3,0,5,0,0,2,0,2,0,2,5,0,7,0,0,0,7
12/26/2022,SLE,OR,ANM,WE,Federal Contract Tower,0,1,9,0,10,0,2,10,0,12,0,3,19,0,22,0,8,8,30
12/27/2022,SLE,OR,ANM,WE,Federal Contract Tower,0,3,0,0,3,0,0,0,0,0,0,3,0,0,3,0,0,0,3
12/28/2022,SLE,OR,ANM,WE,Federal Contract Tower,0,4,9,2,15,0,0,10,3,13,0,4,19,5,28,26,2,28,56
12/29/2022,SLE,OR,ANM,WE,Federal Contract Tower,0,6,0,2,8,0,0,2,0,2,0,6,2,2,10,0,0,0,10
12/30/2022,SLE,OR,ANM,WE,Federal Contract Tower,0,4,9,0,13,0,2,1,0,3,0,6,10,0,16,40,0,40,56
12/31/2022,SLE,OR,ANM,WE,Federal Contract Tower,0,0,7,0,7,0,0,4,0,4,0,0,11,0,11,14,0,14,25
01/01/2023,SLE,OR,ANM,WE,Federal Contract Tower,0,0,3,0,3,0,0,19,0,19,0,0,22,0,22,68,0,68,90
01/02/2023,SLE,OR,ANM,WE,Federal Contract Tower,0,0,13,0,13,0,2,15,0,17,0,2,28,0,30,12,0,12,42
01/03/2023,SLE,OR,ANM,WE,Federal Contract Tower,0,5,12,1,18,0,5,44,3,52,0,10,56,4,70,74,0,74,144
01/04/2023,SLE,OR,ANM,WE,Federal Contract Tower,0,7,4,1,12,0,7,7,0,14,0,14,11,1,26,4,0,4,30
01/05/2023,SLE,OR,ANM,WE,Federal Contract Tower,0,3,15,0,18,0,8,9,0,17,0,11,24,0,35,30,0,30,65
01/06/2023,SLE,OR,ANM,WE,Federal Contract Tower,0,10,16,0,26,0,21,65,2,88,0,31,81,2,114,83,0,83,197
01/07/2023,SLE,OR,ANM,WE,Federal Contract Tower,0,0,8,0,8,0,3,24,10,37,0,3,32,10,45,62,8,70,115
01/08/2023,SLE,OR,ANM,WE,Federal Contract Tower,0,0,8,2,10,0,1,2,4,7,0,1,10,6,17,0,24,24,41
01/09/2023,SLE,OR,ANM,WE,Federal Contract Tower,0,4,4,3,11,0,0,7,17,24,0,4,11,20,35,0,10,10,45
01/10/2023,SLE,OR,ANM,WE,Federal Contract Tower,0,7,6,0,13,0,21,59,12,92,0,28,65,12,105,76,6,82,187
01/11/2023,SLE,OR,ANM,WE,Federal Contract Tower,0,4,3,3,10,0,4,23,11,38,0,8,26,14,48,52,24,76,124
01/12/2023,SLE,OR,ANM,WE,Federal Contract Tower,0,4,3,3,10,0,6,8,18,32,0,10,11,21,42,24,0,24,66
01/13/2023,SLE,OR,ANM,WE,Federal Contract Tower,0,7,6,0,13,0,2,4,2,8,0,9,10,2,21,22,6,28,49
01/14/2023,SLE,OR,ANM,WE,Federal Contract Tower,0,2,10,0,12,0,4,22,0,26,0,6,32,0,38,48,0,48,86
01/15/2023,SLE,OR,ANM,WE,Federal Contract Tower,0,1,4,0,5,0,0,0,0,0,0,1,4,0,5,0,0,0,5
01/16/2023,SLE,OR,ANM,WE,Federal Contract Tower,0,10,20,0,30,0,1,57,0,58,0,11,77,0,88,42,0,42,130
01/17/2023,SLE,OR,ANM,WE,Federal Contract Tower,0,5,9,3,17,0,4,13,6,23,0,9,22,9,40,42,2,44,84
01/18/2023,SLE,OR,ANM,WE,Federal Contract Tower,0,6,11,0,17,0,0,0,0,0,0,6,11,0,17,0,0,0,17
01/19/2023,SLE,OR,ANM,WE,Federal Contract Tower,0,10,12,5,27,0,12,12,2,26,0,22,24,7,53,12,12,24,77
01/20/2023,SLE,OR,ANM,WE,Federal Contract Tower,0,7,10,0,17,0,0,0,2,2,0,7,10,2,19,0,4,4,23
01/21/2023,SLE,OR,ANM,WE,Federal Contract Tower,0,2,4,0,6,0,2,18,2,22,0,4,22,2,28,38,0,38,66
01/22/2023,SLE,OR,ANM,WE,Federal Contract Tower,0,5,15,0,20,0,5,60,0,65,0,10,75,0,85,70,0,70,155
01/23/2023,SLE,OR,ANM,WE,Federal Contract Tower,0,4,6,0,10,0,9,39,5,53,0,13,45,5,63,76,2,78,141
01/24/2023,SLE,OR,ANM,WE,Federal Contract Tower,0,7,9,3,19,0,0,14,5,19,0,7,23,8,38,26,4,30,68
01/25/2023,SLE,OR,ANM,WE,Federal Contract Tower,0,4,16,7,27,0,2,0,2,4,0,6,16,9,31,0,4,4,35
01/26/2023,SLE,OR,ANM,WE,Federal Contract Tower,0,4,6,4,14,0,0,0,2,2,0,4,6,6,16,0,0,0,16
01/27/2023,SLE,OR,ANM,WE,Federal Contract Tower,0,5,8,1,14,0,0,8,0,8,0,5,16,1,22,46,10,56,78
01/28/2023,SLE,OR,ANM,WE,Federal Contract Tower,0,0,12,0,12,0,0,7,2,9,0,0,19,2,21,8,0,8,29
01/29/2023,SLE,OR,ANM,WE,Federal Contract Tower,0,0,14,0,14,0,0,61,0,61,0,0,75,0,75,18,0,18,93
01/30/2023,SLE,OR,ANM,WE,Federal Contract Tower,0,4,15,0,19,0,5,93,0,98,0,9,108,0,117,80,0,80,197
01/31/2023,SLE,OR,ANM,WE,Federal Contract Tower,0,4,8,0,12,0,5,64,5,74,0,9,72,5,86,74,6,80,166
02/01/2023,SLE,OR,ANM,WE,Federal Contract Tower,0,3,10,3,16,0,5,66,2,73,0,8,76,5,89,64,0,64,153
02/02/2023,SLE,OR,ANM,WE,Federal Contract Tower,0,5,8,2,15,0,11,52,6,69,0,16,60,8,84,38,6,44,128
02/03/2023,SLE,OR,ANM,WE,Federal Contract Tower,0,4,8,5,17,0,3,11,0,14,0,7,19,5,31,0,0,0,31
02/04/2023,SLE,OR,ANM,WE,Federal Contract Tower,0,0,9,0,9,0,1,41,13,55,0,1,50,13,64,40,0,40,104
02/05/2023,SLE,OR,ANM,WE,Federal Contract Tower,0,0,4,0,4,0,0,2,7,9,0,0,6,7,13,8,10,18,31
02/06/2023,SLE,OR,ANM,WE,Federal Contract Tower,0,3,4,2,9,0,5,15,7,27,0,8,19,9,36,18,0,18,54
02/07/2023,SLE,OR,ANM,WE,Federal Contract Tower,0,1,10,2,13,0,7,4,5,16,0,8,14,7,29,8,0,8,37
02/08/2023,SLE,OR,ANM,WE,Federal Contract Tower,0,2,19,1,22,0,10,70,4,84,0,12,89,5,106,50,0,50,156
02/09/2023,SLE,OR,ANM,WE,Federal Contract Tower,0,3,18,1,22,0,3,103,4,110,0,6,121,5,132,36,2,38,170
02/10/2023,SLE,OR,ANM,WE,Federal Contract Tower,0,2,7,2,11,0,7,19,0,26,0,9,26,2,37,50,4,54,91
02/11/2023,SLE,OR,ANM,WE,Federal Contract Tower,0,1,18,4,23,0,6,34,1,41,0,7,52,5,64,18,0,18,82
02/12/2023,SLE,OR,ANM,WE,Federal Contract Tower,0,1,5,2,8,0,3,15,0,18,0,4,20,2,26,6,0,6,32
02/13/2023,SLE,OR,ANM,WE,Federal Contract Tower,0,2,8,3,13,0,1,0,11,12,0,3,8,14,25,0,6,6,31
02/14/2023,SLE,OR,ANM,WE,Federal Contract Tower,0,9,16,2,27,0,0,34,0,34,0,9,50,2,61,46,0,46,107
02/15/2023,SLE,OR,ANM,WE,Federal Contract Tower,0,3,16,4,23,0,4,48,10,62,0,7,64,14,85,30,8,38,123
02/16/2023,SLE,OR,ANM,WE,Federal Contract Tower,0,4,13,5,22,0,4,65,16,85,0,8,78,21,107,90,30,120,227
02/17/2023,SLE,OR,ANM,WE,Federal Contract Tower,0,3,9,5,17,0,12,93,5,110,0,15,102,10,127,100,6,106,233
02/18/2023,SLE,OR,ANM,WE,Federal Contract Tower,0,0,17,0,17,0,2,38,0,40,0,2,55,0,57,96,0,96,153
02/19/2023,SLE,OR,ANM,WE,Federal Contract Tower,0,1,9,0,10,0,0,36,0,36,0,1,45,0,46,16,0,16,62
02/20/2023,SLE,OR,ANM,WE,Federal Contract Tower,0,5,11,0,16,0,10,14,0,24,0,15,25,0,40,24,0,24,64
02/21/2023,SLE,OR,ANM,WE,Federal Contract Tower,0,8,8,4,20,0,9,4,12,25,0,17,12,16,45,14,4,18,63
02/22/2023,SLE,OR,ANM,WE,Federal Contract Tower,0,4,8,1,13,0,0,0,0,0,0,4,8,1,13,0,0,0,13
02/23/2023,SLE,OR,ANM,WE,Federal Contract Tower,0,0,4,0,4,0,1,1,0,2,0,1,5,0,6,0,0,0,6
02/24/2023,SLE,OR,ANM,WE,Federal Contract Tower,0,2,17,2,21,0,11,47,8,66,0,13,64,10,87,60,2,62,149
02/25/2023,SLE,OR,ANM,WE,Federal Contract Tower,0,2,24,0,26,0,2,93,2,97,0,4,117,2,123,80,0,80,203
02/26/2023,SLE,OR,ANM,WE,Federal Contract Tower,0,0,4,0,4,0,1,3,0,4,0,1,7,0,8,0,0,0,8
02/27/2023,SLE,OR,ANM,WE,Federal Contract Tower,0,3,9,1,13,0,0,11,1,12,0,3,20,2,25,12,2,14,39
02/28/2023,SLE,OR,ANM,WE,Federal Contract Tower,0,4,5,1,10,0,2,1,5,8,0,6,6,6,18,2,10,12,30
03/01/2023,SLE,OR,ANM,WE,Federal Contract Tower,0,3,16,4,23,0,10,69,4,83,0,13,85,8,106,62,14,76,182
03/02/2023,SLE,OR,ANM,WE,Federal Contract Tower,0,5,6,0,11,0,2,10,5,17,0,7,16,5,28,6,6,12,40
03/03/2023,SLE,OR,ANM,WE,Federal Contract Tower,0,6,7,3,16,0,0,5,5,10,0,6,12,8,26,32,0,32,58
03/04/2023,SLE,OR,ANM,WE,Federal Contract Tower,0,1,8,0,9,0,0,1,9,10,0,1,9,9,19,6,0,6,25
03/05/2023,SLE,OR,ANM,WE,Federal Contract Tower,0,1,6,2,9,0,1,2,0,3,0,2,8,2,12,14,2,16,28
03/06/2023,SLE,OR,ANM,WE,Federal Contract Tower,0,4,7,5,16,0,5,43,14,62,0,9,50,19,78,36,6,42,120
03/07/2023,SLE,OR,ANM,WE,Federal Contract Tower,0,4,14,5,23,0,4,21,6,31,0,8,35,11,54,40,12,52,106
03/08/2023,SLE,OR,ANM,WE,Federal Contract Tower,0,5,15,3,23,0,4,22,12,38,0,9,37,15,61,32,24,56,117
03/09/2023,SLE,OR,ANM,WE,Federal Contract Tower,0,3,9,0,12,0,5,13,12,30,0,8,22,12,42,20,12,32,74
03/10/2023,SLE,OR,ANM,WE,Federal Contract Tower,0,4,13,0,17,0,2,3,0,5,0,6,16,0,22,44,0,44,66
03/11/2023,SLE,OR,ANM,WE,Federal Contract Tower,0,2,18,1,21,0,8,97,1,106,0,10,115,2,127,104,0,104,231
03/12/2023,SLE,OR,ANM,WE,Federal Contract Tower,0,2,13,0,15,0,3,7,0,10,0,5,20,0,25,6,0,6,31
03/13/2023,SLE,OR,ANM,WE,Federal Contract Tower,0,9,4,0,13,0,0,0,0,0,0,9,4,0,13,0,0,0,13
03/14/2023,SLE,OR,ANM,WE,Federal Contract Tower,0,9,23,1,33,0,14,39,6,59,0,23,62,7,92,69,0,69,161
03/15/2023,SLE,OR,ANM,WE,Federal Contract Tower,0,5,24,0,29,0,7,72,10,89,0,12,96,10,118,158,0,158,276
03/16/2023,SLE,OR,ANM,WE,Federal Contract Tower,0,1,38,0,39,0,5,111,7,123,0,6,149,7,162,176,2,178,340
03/17/2023,SLE,OR,ANM,WE,Federal Contract Tower,0,4,17,0,21,0,13,85,3,101,0,17,102,3,122,56,4,60,182
03/18/2023,SLE,OR,ANM,WE,Federal Contract Tower,0,3,9,0,12,0,8,131,1,140,0,11,140,1,152,122,0,122,274
03/19/2023,SLE,OR,ANM,WE,Federal Contract Tower,0,2,12,0,14,0,0,4,0,4,0,2,16,0,18,10,0,10,28
03/20/2023,SLE,OR,ANM,WE,Federal Contract Tower,0,2,19,0,21,0,0,1,10,11,0,2,20,10,32,0,12,12,44
03/21/2023,SLE,OR,ANM,WE,Federal Contract Tower,0,2,13,1,16,0,14,61,10,85,0,16,74,11,101,74,0,74,175
03/22/2023,SLE,OR,ANM,WE,Federal Contract Tower,0,1,10,1,12,0,8,94,11,113,0,9,104,12,125,92,2,94,219
03/23/2023,SLE,OR,ANM,WE,Federal Contract Tower,0,6,8,0,14,0,8,4,0,12,0,14,12,0,26,4,0,4,30
03/24/2023,SLE,OR,ANM,WE,Federal Contract Tower,0,4,6,0,10,0,3,3,4,10,0,7,9,4,20,0,2,2,22
03/25/2023,SLE,OR,ANM,WE,Federal Contract Tower,0,0,5,0,5,0,0,0,0,0,0,0,5,0,5,0,0,0,5
03/26/2023,SLE,OR,ANM,WE,Federal Contract Tower,0,3,4,0,7,0,2,18,0,20,0,5,22,0,27,22,0,22,49
03/27/2023,SLE,OR,ANM,WE,Federal Contract Tower,0,4,12,0,16,0,2,34,4,40,0,6,46,4,56,32,2,34,90
03/28/2023,SLE,OR,ANM,WE,Federal Contract Tower,0,5,11,0,16,0,3,2,0,5,0,8,13,0,21,26,0,26,47
03/29/2023,SLE,OR,ANM,WE,Federal Contract Tower,0,10,28,2,40,0,8,56,2,66,0,18,84,4,106,82,0,82,188
03/30/2023,SLE,OR,ANM,WE,Federal Contract Tower,0,3,19,2,24,0,7,47,3,57,0,10,66,5,81,50,0,50,131
03/31/2023,SLE,OR,ANM,WE,Federal Contract Tower,0,4,7,4,15,0,3,8,0,11,0,7,15,4,26,8,0,8,34
04/01/2023,SLE,OR,ANM,WE,Federal Contract Tower,0,0,2,0,2,0,2,8,2,12,0,2,10,2,14,18,0,18,32
04/02/2023,SLE,OR,ANM,WE,Federal Contract Tower,0,2,8,0,10,0,0,5,0,5,0,2,13,0,15,0,0,0,15
04/03/2023,SLE,OR,ANM,WE,Federal Contract Tower,0,2,16,3,21,0,2,18,1,21,0,4,34,4,42,44,0,44,86
04/04/2023,SLE,OR,ANM,WE,Federal Contract Tower,0,2,8,3,13,0,2,23,5,30,0,4,31,8,43,44,10,54,97
04/05/2023,SLE,OR,ANM,WE,Federal Contract Tower,0,4,7,0,11,0,8,27,8,43,0,12,34,8,54,58,8,66,120
04/06/2023,SLE,OR,ANM,WE,Federal Contract Tower,0,4,13,2,19,0,0,10,15,25,0,4,23,17,44,44,12,56,100
04/07/2023,SLE,OR,ANM,WE,Federal Contract Tower,0,3,12,4,19,0,8,10,5,23,0,11,22,9,42,6,4,10,52
04/08/2023,SLE,OR,ANM,WE,Federal Contract Tower,0,2,25,0,27,0,27,78,0,105,0,29,103,0,132,82,0,82,214
04/09/2023,SLE,OR,ANM,WE,Federal Contract Tower,0,1,5,1,7,0,4,2,0,6,0,5,7,1,13,8,0,8,21
04/10/2023,SLE,OR,ANM,WE,Federal Contract Tower,0,4,6,2,12,0,0,0,0,0,0,4,6,2,12,0,0,0,12
04/11/2023,SLE,OR,ANM,WE,Federal Contract Tower,0,3,13,2,18,0,11,27,2,40,0,14,40,4,58,28,0,28,86
04/12/2023,SLE,OR,ANM,WE,Federal Contract Tower,0,9,14,0,23,0,12,37,11,60,0,21,51,11,83,80,12,92,175
04/13/2023,SLE,OR,ANM,WE,Federal Contract Tower,0,0,22,0,22,0,17,64,2,83,0,17,86,2,105,130,0,130,235
04/14/2023,SLE,OR,ANM,WE,Federal Contract Tower,0,1,23,0,24,0,11,120,10,141,0,12,143,10,165,120,12,132,297
04/15/2023,SLE,OR,ANM,WE,Federal Contract Tower,0,1,15,1,17,0,2,43,0,45,0,3,58,1,62,58,0,58,120
04/16/2023,SLE,OR,ANM,WE,Federal Contract Tower,0,1,7,3,11,0,2,1,7,10,0,3,8,10,21,0,0,0,21
04/17/2023,SLE,OR,ANM,WE,Federal Contract Tower,0,5,7,2,14,0,7,6,0,13,0,12,13,2,27,2,0,2,29
04/18/2023,SLE,OR,ANM,WE,Federal Contract Tower,0,4,8,2,14,0,2,0,0,2,0,6,8,2,16,0,0,0,16
04/19/2023,SLE,OR,ANM,WE,Federal Contract Tower,0,6,7,1,14,0,5,14,0,19,0,11,21,1,33,24,0,24,57
04/20/2023,SLE,OR,ANM,WE,Federal Contract Tower,0,6,11,6,23,0,23,12,2,37,0,29,23,8,60,28,0,28,88
04/21/2023,SLE,OR,ANM,WE,Federal Contract Tower,0,10,16,2,28,0,6,45,2,53,0,16,61,4,81,80,0,80,161
04/22/2023,SLE,OR,ANM,WE,Federal Contract Tower,0,4,8,0,12,0,4,47,0,51,0,8,55,0,63,40,0,40,103
04/23/2023,SLE,OR,ANM,WE,Federal Contract Tower,0,1,10,0,11,0,2,14,0,16,0,3,24,0,27,8,0,8,35
04/24/2023,SLE,OR,ANM,WE,Federal Contract Tower,0,6,8,2,16,0,5,31,3,39,0,11,39,5,55,28,8,36,91
04/25/2023,SLE,OR,ANM,WE,Federal Contract Tower,0,1,13,6,20,0,11,121,2,134,0,12,134,8,154,129,4,133,287
04/26/2023,SLE,OR,ANM,WE,Federal Contract Tower,0,5,13,5,23,0,8,92,14,114,0,13,105,19,137,68,0,68,205
04/27/2023,SLE,OR,ANM,WE,Federal Contract Tower,0,5,15,7,27,0,7,92,5,104,0,12,107,12,131,85,6,91,222
04/28/2023,SLE,OR,ANM,WE,Federal Contract Tower,0,4,31,2,37,0,14,93,0,107,0,18,124,2,144,122,0,122,266
04/29/2023,SLE,OR,ANM,WE,Federal Contract Tower,0,5,19,0,24,0,7,84,0,91,0,12,103,0,115,48,0,48,163
04/30/2023,SLE,OR,ANM,WE,Federal Contract Tower,0,0,14,0,14,0,3,30,0,33,0,3,44,0,47,38,0,38,85
05/01/2023,SLE,OR,ANM,WE,Federal Contract Tower,0,4,8,0,12,0,1,41,0,42,0,5,49,0,54,62,0,62,116
05/02/2023,SLE,OR,ANM,WE,Federal Contract Tower,0,5,14,2,21,0,3,57,0,60,0,8,71,2,81,162,0,162,243
05/03/2023,SLE,OR,ANM,WE,Federal Contract Tower,0,1,19,2,22,0,9,82,0,91,0,10,101,2,113,40,0,40,153
05/04/2023,SLE,OR,ANM,WE,Federal Contract Tower,0,4,6,0,10,0,0,4,0,4,0,4,10,0,14,6,0,6,20
05/05/2023,SLE,OR,ANM,WE,Federal Contract Tower,0,10,23,4,37,0,7,22,0,29,0,17,45,4,66,46,0,46,112
05/06/2023,SLE,OR,ANM,WE,Federal Contract Tower,0,2,20,0,22,0,1,38,0,39,0,3,58,0,61,30,0,30,91
05/07/2023,SLE,OR,ANM,WE,Federal Contract Tower,0,0,13,0,13,0,14,56,0,70,0,14,69,0,83,40,0,40,123
05/08/2023,SLE,OR,ANM,WE,Federal Contract Tower,0,6,5,2,13,0,8,15,5,28,0,14,20,7,41,12,0,12,53
05/09/2023,SLE,OR,ANM,WE,Federal Contract Tower,0,6,17,2,25,0,5,82,2,89,0,11,99,4,114,112,0,112,226
05/10/2023,SLE,OR,ANM,WE,Federal Contract Tower,0,10,14,1,25,0,10,94,4,108,0,20,108,5,133,52,4,56,189
05/11/2023,SLE,OR,ANM,WE,Federal Contract Tower,0,3,20,2,25,0,10,92,2,104,0,13,112,4,129,84,0,84,213
05/12/2023,SLE,OR,ANM,WE,Federal Contract Tower,0,2,21,4,27,0,10,79,5,94,0,12,100,9,121,40,0,40,161
05/13/2023,SLE,OR,ANM,WE,Federal Contract Tower,0,2,19,0,21,0,5,102,0,107,0,7,121,0,128,32,0,32,160
05/14/2023,SLE,OR,ANM,WE,Federal Contract Tower,0,1,7,0,8,0,2,40,0,42,0,3,47,0,50,50,0,50,100
05/15/2023,SLE,OR,ANM,WE,Federal Contract Tower,0,5,13,0,18,0,8,68,0,76,0,13,81,0,94,36,0,36,130
05/16/2023,SLE,OR,ANM,WE,Federal Contract Tower,0,4,30,2,36,0,6,85,3,94,0,10,115,5,130,60,6,66,196
05/17/2023,SLE,OR,ANM,WE,Federal Contract Tower,0,3,24,2,29,0,4,79,9,92,0,7,103,11,121,122,10,132,253
05/18/2023,SLE,OR,ANM,WE,Federal Contract Tower,0,3,15,5,23,0,14,93,5,112,0,17,108,10,135,68,6,74,209
05/19/2023,SLE,OR,ANM,WE,Federal Contract Tower,0,1,19,0,20,0,4,72,6,82,0,5,91,6,102,56,0,56,158
05/20/2023,SLE,OR,ANM,WE,Federal Contract Tower,0,0,5,1,6,0,2,58,0,60,0,2,63,1,66,42,0,42,108
05/21/2023,SLE,OR,ANM,WE,Federal Contract Tower,0,2,10,3,15,0,9,37,0,46,0,11,47,3,61,12,0,12,73
05/22/2023,SLE,OR,ANM,WE,Federal Contract Tower,0,5,12,2,19,0,5,45,6,56,0,10,57,8,75,28,2,30,105
05/23/2023,SLE,OR,ANM,WE,Federal Contract Tower,0,3,19,0,22,0,5,77,6,88,0,8,96,6,110,50,0,50,160
05/24/2023,SLE,OR,ANM,WE,Federal Contract Tower,0,3,16,0,19,0,5,67,3,75,0,8,83,3,94,36,0,36,130
05/25/2023,SLE,OR,ANM,WE,Federal Contract Tower,0,3,12,0,15,0,25,56,0,81,0,28,68,0,96,22,0,22,118
05/26/2023,SLE,OR,ANM,WE,Federal Contract Tower,0,0,8,0,8,0,21,70,2,93,0,21,78,2,101,90,0,90,191
05/27/2023,SLE,OR,ANM,WE,Federal Contract Tower,0,1,16,0,17,0,13,69,0,82,0,14,85,0,99,60,0,60,159
05/28/2023,SLE,OR,ANM,WE,Federal Contract Tower,0,2,4,0,6,0,2,51,0,53,0,4,55,0,59,18,0,18,77
05/29/2023,SLE,OR,ANM,WE,Federal Contract Tower,0,0,9,0,9,0,4,64,0,68,0,4,73,0,77,22,0,22,99
05/30/2023,SLE,OR,ANM,WE,Federal Contract Tower,0,0,15,1,16,0,8,76,5,89,0,8,91,6,105,58,0,58,163
05/31/2023,SLE,OR,ANM,WE,Federal Contract Tower,0,6,7,2,15,0,14,63,12,89,0,20,70,14,104,38,0,38,142
06/01/2023,SLE,OR,ANM,WE,Federal Contract Tower,1,3,8,2,14,0,9,88,3,100,1,12,96,5,114,74,6,80,194
06/02/2023,SLE,OR,ANM,WE,Federal Contract Tower,0,2,16,2,20,0,6,56,4,66,0,8,72,6,86,54,0,54,140
06/03/2023,SLE,OR,ANM,WE,Federal Contract Tower,0,2,7,0,9,0,0,74,5,79,0,2,81,5,88,62,0,62,150
06/04/2023,SLE,OR,ANM,WE,Federal Contract Tower,0,2,5,0,7,0,0,33,3,36,0,2,38,3,43,0,0,0,43
06/05/2023,SLE,OR,ANM,WE,Federal Contract Tower,0,4,12,0,16,0,4,33,6,43,0,8,45,6,59,40,0,40,99
06/06/2023,SLE,OR,ANM,WE,Federal Contract Tower,0,5,10,0,15,0,2,82,4,88,0,7,92,4,103,68,0,68,171
06/07/2023,SLE,OR,ANM,WE,Federal Contract Tower,0,1,10,3,14,0,6,75,1,82,0,7,85,4,96,82,0,82,178
06/08/2023,SLE,OR,ANM,WE,Federal Contract Tower,0,8,6,0,14,0,4,55,4,63,0,12,61,4,77,52,0,52,129
06/09/2023,SLE,OR,ANM,WE,Federal Contract Tower,0,5,21,0,26,0,9,28,7,44,0,14,49,7,70,74,2,76,146
06/10/2023,SLE,OR,ANM,WE,Federal Contract Tower,0,0,4,0,4,0,4,59,0,63,0,4,63,0,67,70,0,70,137
06/11/2023,SLE,OR,ANM,WE,Federal Contract Tower,0,0,13,2,15,0,2,40,0,42,0,2,53,2,57,40,0,40,97
06/12/2023,SLE,OR,ANM,WE,Federal Contract Tower,0,1,6,7,14,0,10,48,10,68,0,11,54,17,82,86,0,86,168
06/13/2023,SLE,OR,ANM,WE,Federal Contract Tower,0,6,3,2,11,0,10,73,8,91,0,16,76,10,102,48,6,54,156
06/14/2023,SLE,OR,ANM,WE,Federal Contract Tower,0,0,8,0,8,0,14,84,7,105,0,14,92,7,113,16,4,20,133
06/15/2023,SLE,OR,ANM,WE,Federal Contract Tower,0,4,11,2,17,0,12,70,2,84,0,16,81,4,101,36,0,36,137
06/16/2023,SLE,OR,ANM,WE,Federal Contract Tower,0,5,3,1,9,0,5,65,0,70,0,10,68,1,79,58,0,58,137
06/17/2023,SLE,OR,ANM,WE,Federal Contract Tower,0,2,3,0,5,0,0,27,0,27,0,2,30,0,32,36,0,36,68
06/18/2023,SLE,OR,ANM,WE,Federal Contract Tower,0,2,9,0,11,0,1,3,0,4,0,3,12,0,15,4,0,4,19
06/19/2023,SLE,OR,ANM,WE,Federal Contract Tower,0,3,15,0,18,0,9,17,0,26,0,12,32,0,44,10,0,10,54
06/20/2023,SLE,OR,ANM,WE,Federal Contract Tower,0,3,5,2,10,0,6,34,2,42,0,9,39,4,52,82,0,82,134
06/21/2023,SLE,OR,ANM,WE,Federal Contract Tower,0,2,9,2,13,0,11,78,0,89,0,13,87,2,102,64,0,64,166
06/22/2023,SLE,OR,ANM,WE,Federal Contract Tower,0,5,16,0,21,0,5,91,2,98,0,10,107,2,119,42,0,42,161
06/23/2023,SLE,OR,ANM,WE,Federal Contract Tower,0,3,7,1,11,0,10,86,2,98,0,13,93,3,109,30,0,30,139
06/24/2023,SLE,OR,ANM,WE,Federal Contract Tower,0,0,3,0,3,0,9,87,5,101,0,9,90,5,104,48,0,48,152
06/25/2023,SLE,OR,ANM,WE,Federal Contract Tower,0,0,10,0,10,0,2,55,0,57,0,2,65,0,67,92,0,92,159
06/26/2023,SLE,OR,ANM,WE,Federal Contract Tower,0,3,14,2,19,0,8,45,4,57,0,11,59,6,76,28,16,44,120
06/27/2023,SLE,OR,ANM,WE,Federal Contract Tower,0,5,14,1,20,0,9,53,10,72,0,14,67,11,92,58,0,58,150
06/28/2023,SLE,OR,ANM,WE,Federal Contract Tower,0,2,10,2,14,0,9,75,16,100,0,11,85,18,114,62,0,62,176
06/29/2023,SLE,OR,ANM,WE,Federal Contract Tower,0,4,15,4,23,0,4,65,2,71,0,8,80,6,94,68,0,68,162
06/30/2023,SLE,OR,ANM,WE,Federal Contract Tower,0,6,19,3,28,0,14,83,1,98,0,20,102,4,126,46,0,46,172
07/01/2023,SLE,OR,ANM,WE,Federal Contract Tower,0,2,10,0,12,0,12,83,0,95,0,14,93,0,107,38,0,38,145
07/02/2023,SLE,OR,ANM,WE,Federal Contract Tower,0,0,9,0,9,0,5,48,0,53,0,5,57,0,62,20,0,20,82
07/03/2023,SLE,OR,ANM,WE,Federal Contract Tower,0,2,28,0,30,0,16,71,0,87,0,18,99,0,117,36,0,36,153
07/04/2023,SLE,OR,ANM,WE,Federal Contract Tower,0,0,1,0,1,0,6,28,0,34,0,6,29,0,35,22,0,22,57
07/05/2023,SLE,OR,ANM,WE,Federal Contract Tower,0,2,11,4,17,1,5,48,0,54,1,7,59,4,71,18,0,18,89
07/06/2023,SLE,OR,ANM,WE,Federal Contract Tower,0,2,11,5,18,0,5,58,1,64,0,7,69,6,82,28,0,28,110
07/07/2023,SLE,OR,ANM,WE,Federal Contract Tower,0,3,31,4,38,0,6,43,2,51,0,9,74,6,89,54,0,54,143
07/08/2023,SLE,OR,ANM,WE,Federal Contract Tower,0,3,21,0,24,0,8,42,0,50,0,11,63,0,74,63,0,63,137
07/09/2023,SLE,OR,ANM,WE,Federal Contract Tower,0,0,11,0,11,0,2,54,2,58,0,2,65,2,69,80,0,80,149
07/10/2023,SLE,OR,ANM,WE,Federal Contract Tower,0,5,14,0,19,2,14,50,7,73,2,19,64,7,92,128,0,128,220
07/11/2023,SLE,OR,ANM,WE,Federal Contract Tower,0,1,7,3,11,0,15,76,11,102,0,16,83,14,113,80,0,80,193
07/12/2023,SLE,OR,ANM,WE,Federal Contract Tower,0,5,11,0,16,0,7,84,10,101,0,12,95,10,117,68,0,68,185
07/13/2023,SLE,OR,ANM,WE,Federal Contract Tower,0,8,7,0,15,0,11,94,6,111,0,19,101,6,126,54,0,54,180
07/14/2023,SLE,OR,ANM,WE,Federal Contract Tower,0,2,24,3,29,0,10,106,1,117,0,12,130,4,146,84,3,87,233
07/15/2023,SLE,OR,ANM,WE,Federal Contract Tower,0,1,8,0,9,0,4,47,21,72,0,5,55,21,81,52,0,52,133
07/16/2023,SLE,OR,ANM,WE,Federal Contract Tower,0,0,20,1,21,0,9,43,5,57,0,9,63,6,78,42,6,48,126
07/17/2023,SLE,OR,ANM,WE,Federal Contract Tower,0,2,8,6,16,1,7,75,0,83,1,9,83,6,99,32,0,32,131
07/18/2023,SLE,OR,ANM,WE,Federal Contract Tower,0,5,18,1,24,0,8,61,7,76,0,13,79,8,100,64,0,64,164
07/19/2023,SLE,OR,ANM,WE,Federal Contract Tower,0,4,10,0,14,0,6,73,5,84,0,10,83,5,98,62,0,62,160
07/20/2023,SLE,OR,ANM,WE,Federal Contract Tower,0,0,14,4,18,0,7,78,12,97,0,7,92,16,115,52,4,56,171
07/21/2023,SLE,OR,ANM,WE,Federal Contract Tower,0,2,24,0,26,0,9,99,4,112,0,11,123,4,138,90,2,92,230
07/22/2023,SLE,OR,ANM,WE,Federal Contract Tower,0,2,15,0,17,0,0,72,0,72,0,2,87,0,89,50,0,50,139
07/23/2023,SLE,OR,ANM,WE,Federal Contract Tower,0,0,10,0,10,0,0,37,0,37,0,0,47,0,47,30,0,30,77
07/24/2023,SLE,OR,ANM,WE,Federal Contract Tower,0,2,20,2,24,0,5,58,12,75,0,7,78,14,99,38,0,38,137
07/25/2023,SLE,OR,ANM,WE,Federal Contract Tower,0,3,28,0,31,0,15,82,7,104,0,18,110,7,135,78,10,88,223
07/26/2023,SLE,OR,ANM,WE,Federal Contract Tower,0,2,13,6,21,0,10,88,9,107,0,12,101,15,128,122,6,128,256
07/27/2023,SLE,OR,ANM,WE,Federal Contract Tower,0,2,23,1,26,0,11,95,8,114,0,13,118,9,140,100,0,100,240
07/28/2023,SLE,OR,ANM,WE,Federal Contract Tower,0,3,25,0,28,0,10,93,0,103,0,13,118,0,131,30,0,30,161
07/29/2023,SLE,OR,ANM,WE,Federal Contract Tower,0,0,10,0,10,0,6,81,0,87,0,6,91,0,97,24,0,24,121
07/30/2023,SLE,OR,ANM,WE,Federal Contract Tower,0,0,8,0,8,0,5,62,0,67,0,5,70,0,75,30,0,30,105
07/31/2023,SLE,OR,ANM,WE,Federal Contract Tower,0,3,24,3,30,0,8,63,0,71,0,11,87,3,101,70,0,70,171
08/01/2023,SLE,OR,ANM,WE,Federal Contract Tower,0,6,12,1,19,0,7,70,9,86,0,13,82,10,105,28,0,28,133
08/02/2023,SLE,OR,ANM,WE,Federal Contract Tower,0,3,22,0,25,0,11,57,5,73,0,14,79,5,98,32,0,32,130
08/03/2023,SLE,OR,ANM,WE,Federal Contract Tower,0,7,29,1,37,0,6,69,4,79,0,13,98,5,116,82,0,82,198
08/04/2023,SLE,OR,ANM,WE,Federal Contract Tower,0,5,9,1,15,0,9,56,4,69,0,14,65,5,84,66,4,70,154
08/05/2023,SLE,OR,ANM,WE,Federal Contract Tower,0,4,15,2,21,0,7,64,12,83,0,11,79,14,104,50,4,54,158
08/06/2023,SLE,OR,ANM,WE,Federal Contract Tower,0,3,16,2,21,0,1,47,4,52,0,4,63,6,73,52,2,54,127
08/07/2023,SLE,OR,ANM,WE,Federal Contract Tower,0,3,6,0,9,0,21,42,4,67,0,24,48,4,76,42,0,42,118
08/08/2023,SLE,OR,ANM,WE,Federal Contract Tower,0,4,19,0,23,0,14,67,4,85,0,18,86,4,108,74,2,76,184
08/09/2023,SLE,OR,ANM,WE,Federal Contract Tower,0,6,26,0,32,0,11,81,2,94,0,17,107,2,126,74,0,74,200
08/10/2023,SLE,OR,ANM,WE,Federal Contract Tower,0,3,30,1,34,0,5,66,8,79,0,8,96,9,113,54,0,54,167
08/11/2023,SLE,OR,ANM,WE,Federal Contract Tower,0,2,14,0,16,0,4,67,2,73,0,6,81,2,89,44,0,44,133
08/12/2023,SLE,OR,ANM,WE,Federal Contract Tower,0,0,14,0,14,0,0,63,0,63,0,0,77,0,77,50,0,50,127
08/13/2023,SLE,OR,ANM,WE,Federal Contract Tower,0,2,11,0,13,0,1,47,0,48,0,3,58,0,61,42,0,42,103
08/14/2023,SLE,OR,ANM,WE,Federal Contract Tower,0,2,13,0,15,0,23,55,2,80,0,25,68,2,95,66,0,66,161
08/15/2023,SLE,OR,ANM,WE,Federal Contract Tower,0,6,3,3,12,0,6,36,2,44,0,12,39,5,56,26,0,26,82
08/16/2023,SLE,OR,ANM,WE,Federal Contract Tower,0,3,14,0,17,0,7,68,1,76,0,10,82,1,93,68,0,68,161
08/17/2023,SLE,OR,ANM,WE,Federal Contract Tower,0,6,29,1,36,0,4,74,7,85,0,10,103,8,121,100,0,100,221
08/18/2023,SLE,OR,ANM,WE,Federal Contract Tower,0,4,40,0,44,0,6,64,2,72,0,10,104,2,116,62,0,62,178
08/19/2023,SLE,OR,ANM,WE,Federal Contract Tower,0,0,5,0,5,0,4,68,0,72,0,4,73,0,77,34,0,34,111
08/20/2023,SLE,OR,ANM,WE,Federal Contract Tower,0,0,20,0,20,0,0,30,0,30,0,0,50,0,50,22,0,22,72
08/21/2023,SLE,OR,ANM,WE,Federal Contract Tower,0,2,20,0,22,0,5,45,5,55,0,7,65,5,77,50,6,56,133
08/22/2023,SLE,OR,ANM,WE,Federal Contract Tower,0,3,28,0,31,0,12,81,12,105,0,15,109,12,136,78,18,96,232
08/23/2023,SLE,OR,ANM,WE,Federal Contract Tower,0,5,26,0,31,0,17,80,8,105,0,22,106,8,136,46,0,46,182
08/24/2023,SLE,OR,ANM,WE,Federal Contract Tower,0,7,26,1,34,0,8,52,9,69,0,15,78,10,103,130,0,130,233
08/25/2023,SLE,OR,ANM,WE,Federal Contract Tower,0,3,12,3,18,0,10,59,0,69,0,13,71,3,87,6,0,6,93
08/26/2023,SLE,OR,ANM,WE,Federal Contract Tower,0,2,19,0,21,0,7,74,0,81,0,9,93,0,102,58,0,58,160
08/27/2023,SLE,OR,ANM,WE,Federal Contract Tower,0,0,21,0,21,0,2,54,0,56,0,2,75,0,77,20,0,20,97
08/28/2023,SLE,OR,ANM,WE,Federal Contract Tower,0,6,42,4,52,0,0,20,2,22,0,6,62,6,74,64,0,64,138
08/29/2023,SLE,OR,ANM,WE,Federal Contract Tower,0,10,22,1,33,0,16,56,12,84,0,26,78,13,117,78,0,78,195
08/30/2023,SLE,OR,ANM,WE,Federal Contract Tower,0,5,18,0,23,0,8,71,2,81,0,13,89,2,104,58,0,58,162
08/31/2023,SLE,OR,ANM,WE,Federal Contract Tower,0,8,27,5,40,0,0,0,0,0,0,8,27,5,40,0,0,0,40
