01/01/2020,SLN,KS,ACE,CE,Federal Contract Tower,1,2,2,0,5,0,0,8,0,8,1,2,10,0,13,6,0,6,19
01/02/2020,SLN,KS,ACE,CE,Federal Contract Tower,6,2,15,0,23,0,18,13,2,33,6,20,28,2,56,64,12,76,132
01/03/2020,SLN,KS,ACE,CE,Federal Contract Tower,5,0,18,1,24,0,15,6,3,24,5,15,24,4,48,44,10,54,102
01/04/2020,SLN,KS,ACE,CE,Federal Contract Tower,6,2,6,3,17,0,0,17,0,17,6,2,23,3,34,0,10,10,44
01/05/2020,SLN,KS,ACE,CE,Federal Contract Tower,4,4,9,0,17,0,4,7,0,11,4,8,16,0,28,2,0,2,30
01/06/2020,SLN,KS,ACE,CE,Federal Contract Tower,4,1,16,0,21,0,36,18,0,54,4,37,34,0,75,36,0,36,111
01/07/2020,SLN,KS,ACE,CE,Federal Contract Tower,5,6,6,1,18,0,31,13,5,49,5,37,19,6,67,58,20,78,145
01/08/2020,SLN,KS,ACE,CE,Federal Contract Tower,4,2,5,2,13,0,30,7,14,51,4,32,12,16,64,64,26,90,154
01/09/2020,SLN,KS,ACE,CE,Federal Contract Tower,5,9,11,19,44,0,37,7,18,62,5,46,18,37,106,130,88,218,324
01/10/2020,SLN,KS,ACE,CE,Federal Contract Tower,4,2,4,0,10,0,0,0,0,0,4,2,4,0,10,0,0,0,10
01/11/2020,SLN,KS,ACE,CE,Federal Contract Tower,0,0,3,0,3,0,2,15,0,17,0,2,18,0,20,0,0,0,20
01/12/2020,SLN,KS,ACE,CE,Federal Contract Tower,6,4,4,5,19,0,0,0,0,0,6,4,4,5,19,0,0,0,19
01/13/2020,SLN,KS,ACE,CE,Federal Contract Tower,5,4,9,0,18,0,0,0,0,0,5,4,9,0,18,0,0,0,18
01/14/2020,SLN,KS,ACE,CE,Federal Contract Tower,4,5,12,7,28,0,2,2,0,4,4,7,14,7,32,12,0,12,44
01/15/2020,SLN,KS,ACE,CE,Federal Contract Tower,4,5,12,19,40,0,35,16,13,64,4,40,28,32,104,58,38,96,200
01/16/2020,SLN,KS,ACE,CE,Federal Contract Tower,4,4,5,1,14,0,43,5,3,51,4,47,10,4,65,100,34,134,199
01/17/2020,SLN,KS,ACE,CE,Federal Contract Tower,7,0,4,0,11,0,0,0,0,0,7,0,4,0,11,0,0,0,11
01/18/2020,SLN,KS,ACE,CE,Federal Contract Tower,0,0,5,0,5,0,4,5,0,9,0,4,10,0,14,0,0,0,14
01/19/2020,SLN,KS,ACE,CE,Federal Contract Tower,4,0,7,0,11,0,3,18,0,21,4,3,25,0,32,30,0,30,62
01/20/2020,SLN,KS,ACE,CE,Federal Contract Tower,5,0,11,0,16,0,3,14,0,17,5,3,25,0,33,6,0,6,39
01/21/2020,SLN,KS,ACE,CE,Federal Contract Tower,4,3,9,9,25,0,44,3,22,69,4,47,12,31,94,60,26,86,180
01/22/2020,SLN,KS,ACE,CE,Federal Contract Tower,3,0,1,0,4,0,0,0,0,0,3,0,1,0,4,0,0,0,4
01/23/2020,SLN,KS,ACE,CE,Federal Contract Tower,5,1,7,4,17,0,8,0,2,10,5,9,7,6,27,22,4,26,53
01/24/2020,SLN,KS,ACE,CE,Federal Contract Tower,5,0,9,0,14,0,13,3,16,32,5,13,12,16,46,70,38,108,154
01/25/2020,SLN,KS,ACE,CE,Federal Contract Tower,1,0,8,0,9,0,2,0,0,2,1,2,8,0,11,2,0,2,13
01/26/2020,SLN,KS,ACE,CE,Federal Contract Tower,4,2,8,0,14,0,6,27,2,35,4,8,35,2,49,18,0,18,67
01/27/2020,SLN,KS,ACE,CE,Federal Contract Tower,11,11,5,21,48,0,31,11,1,43,11,42,16,22,91,84,0,84,175
01/28/2020,SLN,KS,ACE,CE,Federal Contract Tower,4,0,4,0,8,0,0,0,0,0,4,0,4,0,8,0,0,0,8
01/29/2020,SLN,KS,ACE,CE,Federal Contract Tower,6,2,9,1,18,0,10,2,11,23,6,12,11,12,41,12,4,16,57
01/30/2020,SLN,KS,ACE,CE,Federal Contract Tower,4,7,8,18,37,0,74,8,13,95,4,81,16,31,132,144,58,202,334
01/31/2020,SLN,KS,ACE,CE,Federal Contract Tower,4,11,18,3,36,0,135,13,13,161,4,146,31,16,197,170,0,170,367
02/01/2020,SLN,KS,ACE,CE,Federal Contract Tower,0,9,11,4,24,2,80,18,0,100,2,89,29,4,124,92,10,102,226
02/02/2020,SLN,KS,ACE,CE,Federal Contract Tower,5,2,5,3,15,0,0,13,4,17,5,2,18,7,32,4,8,12,44
02/03/2020,SLN,KS,ACE,CE,Federal Contract Tower,7,2,15,0,24,0,2,1,0,3,7,4,16,0,27,4,0,4,31
02/04/2020,SLN,KS,ACE,CE,Federal Contract Tower,4,0,3,0,7,0,8,1,9,18,4,8,4,9,25,0,48,48,73
02/05/2020,SLN,KS,ACE,CE,Federal Contract Tower,4,4,12,9,29,0,44,1,14,59,4,48,13,23,88,118,22,140,228
02/06/2020,SLN,KS,ACE,CE,Federal Contract Tower,4,13,8,8,33,0,116,10,15,141,4,129,18,23,174,218,40,258,432
02/07/2020,SLN,KS,ACE,CE,Federal Contract Tower,6,11,12,5,34,0,127,13,14,154,6,138,25,19,188,130,0,130,318
02/08/2020,SLN,KS,ACE,CE,Federal Contract Tower,0,14,10,3,27,0,107,19,3,129,0,121,29,6,156,102,0,102,258
02/09/2020,SLN,KS,ACE,CE,Federal Contract Tower,5,2,8,1,16,0,0,6,4,10,5,2,14,5,26,2,0,2,28
02/10/2020,SLN,KS,ACE,CE,Federal Contract Tower,6,13,7,9,35,0,118,11,4,133,6,131,18,13,168,154,6,160,328
02/11/2020,SLN,KS,ACE,CE,Federal Contract Tower,4,12,11,12,39,0,117,15,6,138,4,129,26,18,177,162,16,178,355
02/12/2020,SLN,KS,ACE,CE,Federal Contract Tower,6,0,4,2,12,0,0,0,0,0,6,0,4,2,12,0,0,0,12
02/13/2020,SLN,KS,ACE,CE,Federal Contract Tower,4,11,14,2,31,0,80,10,0,90,4,91,24,2,121,136,0,136,257
02/14/2020,SLN,KS,ACE,CE,Federal Contract Tower,4,3,12,3,22,0,95,0,1,96,4,98,12,4,118,156,0,156,274
02/15/2020,SLN,KS,ACE,CE,Federal Contract Tower,1,13,6,0,20,0,83,15,0,98,1,96,21,0,118,204,0,204,322
02/16/2020,SLN,KS,ACE,CE,Federal Contract Tower,4,3,6,0,13,0,1,10,0,11,4,4,16,0,24,4,0,4,28
02/17/2020,SLN,KS,ACE,CE,Federal Contract Tower,4,11,17,0,32,0,103,8,0,111,4,114,25,0,143,238,0,238,381
02/18/2020,SLN,KS,ACE,CE,Federal Contract Tower,5,13,16,9,43,0,82,7,6,95,5,95,23,15,138,174,0,174,312
02/19/2020,SLN,KS,ACE,CE,Federal Contract Tower,4,4,16,3,27,0,100,17,10,127,4,104,33,13,154,168,8,176,330
02/20/2020,SLN,KS,ACE,CE,Federal Contract Tower,4,14,14,12,44,0,62,9,6,77,4,76,23,18,121,140,20,160,281
02/21/2020,SLN,KS,ACE,CE,Federal Contract Tower,9,15,7,0,31,0,103,15,8,126,9,118,22,8,157,136,14,150,307
02/22/2020,SLN,KS,ACE,CE,Federal Contract Tower,1,3,15,0,19,0,51,8,3,62,1,54,23,3,81,144,0,144,225
02/23/2020,SLN,KS,ACE,CE,Federal Contract Tower,4,0,8,0,12,0,0,5,0,5,4,0,13,0,17,8,0,8,25
02/24/2020,SLN,KS,ACE,CE,Federal Contract Tower,5,7,6,4,22,0,57,11,3,71,5,64,17,7,93,168,20,188,281
02/25/2020,SLN,KS,ACE,CE,Federal Contract Tower,5,6,5,2,18,0,2,2,0,4,5,8,7,2,22,10,0,10,32
02/26/2020,SLN,KS,ACE,CE,Federal Contract Tower,5,13,13,6,37,0,124,17,5,146,5,137,30,11,183,196,8,204,387
02/27/2020,SLN,KS,ACE,CE,Federal Contract Tower,4,1,25,2,32,0,48,16,2,66,4,49,41,4,98,108,42,150,248
02/28/2020,SLN,KS,ACE,CE,Federal Contract Tower,5,9,8,6,28,0,115,21,0,136,5,124,29,6,164,152,0,152,316
02/29/2020,SLN,KS,ACE,CE,Federal Contract Tower,4,9,11,0,24,0,53,10,0,63,4,62,21,0,87,68,0,68,155
03/01/2020,SLN,KS,ACE,CE,Federal Contract Tower,4,1,15,2,22,0,3,27,0,30,4,4,42,2,52,4,0,4,56
03/02/2020,SLN,KS,ACE,CE,Federal Contract Tower,4,10,10,0,24,0,104,19,0,123,4,114,29,0,147,196,0,196,343
03/03/2020,SLN,KS,ACE,CE,Federal Contract Tower,8,10,10,2,30,0,66,17,7,90,8,76,27,9,120,156,30,186,306
03/04/2020,SLN,KS,ACE,CE,Federal Contract Tower,4,16,16,2,38,0,96,11,0,107,4,112,27,2,145,206,0,206,351
03/05/2020,SLN,KS,ACE,CE,Federal Contract Tower,7,8,8,2,25,0,37,5,7,49,7,45,13,9,74,84,0,84,158
03/06/2020,SLN,KS,ACE,CE,Federal Contract Tower,3,7,11,3,24,0,95,15,0,110,3,102,26,3,134,168,0,168,302
03/07/2020,SLN,KS,ACE,CE,Federal Contract Tower,4,0,4,0,8,0,12,2,9,23,4,12,6,9,31,16,0,16,47
03/08/2020,SLN,KS,ACE,CE,Federal Contract Tower,3,2,2,1,8,0,0,2,1,3,3,2,4,2,11,0,0,0,11
03/09/2020,SLN,KS,ACE,CE,Federal Contract Tower,5,2,9,4,20,0,0,1,0,1,5,2,10,4,21,0,0,0,21
03/11/2020,SLN,KS,ACE,CE,Federal Contract Tower,3,5,21,16,45,0,36,12,5,53,3,41,33,21,98,64,8,72,170
03/12/2020,SLN,KS,ACE,CE,Federal Contract Tower,4,8,15,9,36,0,42,20,16,78,4,50,35,25,114,78,14,92,206
03/13/2020,SLN,KS,ACE,CE,Federal Contract Tower,2,3,11,0,16,0,0,15,6,21,2,3,26,6,37,2,24,26,63
03/14/2020,SLN,KS,ACE,CE,Federal Contract Tower,3,6,12,0,21,0,0,1,1,2,3,6,13,1,23,0,0,0,23
03/15/2020,SLN,KS,ACE,CE,Federal Contract Tower,2,6,10,2,20,0,1,0,1,2,2,7,10,3,22,0,0,0,22
03/16/2020,SLN,KS,ACE,CE,Federal Contract Tower,3,2,9,10,24,0,0,0,0,0,3,2,9,10,24,0,0,0,24
03/17/2020,SLN,KS,ACE,CE,Federal Contract Tower,3,2,9,2,16,0,0,2,2,4,3,2,11,4,20,0,14,14,34
03/18/2020,SLN,KS,ACE,CE,Federal Contract Tower,3,0,4,18,25,0,1,4,3,8,3,1,8,21,33,20,14,34,67
03/19/2020,SLN,KS,ACE,CE,Federal Contract Tower,2,7,8,7,24,0,0,5,6,11,2,7,13,13,35,4,14,18,53
03/20/2020,SLN,KS,ACE,CE,Federal Contract Tower,3,0,7,2,12,0,0,17,4,21,3,0,24,6,33,10,10,20,53
03/21/2020,SLN,KS,ACE,CE,Federal Contract Tower,0,2,5,0,7,0,2,23,0,25,0,4,28,0,32,16,0,16,48
03/22/2020,SLN,KS,ACE,CE,Federal Contract Tower,1,2,5,0,8,0,0,0,0,0,1,2,5,0,8,0,0,0,8
03/23/2020,SLN,KS,ACE,CE,Federal Contract Tower,1,2,7,0,10,0,2,3,0,5,1,4,10,0,15,8,0,8,23
03/24/2020,SLN,KS,ACE,CE,Federal Contract Tower,3,6,6,3,18,0,0,3,2,5,3,6,9,5,23,2,2,4,27
03/25/2020,SLN,KS,ACE,CE,Federal Contract Tower,4,0,2,0,6,0,4,12,3,19,4,4,14,3,25,22,6,28,53
03/26/2020,SLN,KS,ACE,CE,Federal Contract Tower,3,2,2,4,11,0,0,0,0,0,3,2,2,4,11,0,0,0,11
03/27/2020,SLN,KS,ACE,CE,Federal Contract Tower,10,4,5,8,27,0,0,0,1,1,10,4,5,9,28,0,0,0,28
03/28/2020,SLN,KS,ACE,CE,Federal Contract Tower,3,0,0,0,3,0,0,4,0,4,3,0,4,0,7,2,0,2,9
03/29/2020,SLN,KS,ACE,CE,Federal Contract Tower,3,2,5,0,10,0,0,23,0,23,3,2,28,0,33,22,0,22,55
03/30/2020,SLN,KS,ACE,CE,Federal Contract Tower,5,7,3,6,21,0,4,18,1,23,5,11,21,7,44,10,34,44,88
03/31/2020,SLN,KS,ACE,CE,Federal Contract Tower,14,2,1,4,21,0,2,22,1,25,14,4,23,5,46,32,54,86,132
04/01/2020,SLN,KS,ACE,CE,Federal Contract Tower,5,1,2,4,12,0,2,16,4,22,5,3,18,8,34,32,64,96,130
04/02/2020,SLN,KS,ACE,CE,Federal Contract Tower,4,0,2,6,12,0,0,4,0,4,4,0,6,6,16,8,4,12,28
04/03/2020,SLN,KS,ACE,CE,Federal Contract Tower,4,5,10,4,23,0,1,6,3,10,4,6,16,7,33,8,0,8,41
04/04/2020,SLN,KS,ACE,CE,Federal Contract Tower,2,0,2,0,4,0,0,4,0,4,2,0,6,0,8,0,0,0,8
04/05/2020,SLN,KS,ACE,CE,Federal Contract Tower,4,4,6,0,14,0,0,0,0,0,4,4,6,0,14,0,0,0,14
04/06/2020,SLN,KS,ACE,CE,Federal Contract Tower,12,0,2,11,25,0,0,8,1,9,12,0,10,12,34,8,18,26,60
04/07/2020,SLN,KS,ACE,CE,Federal Contract Tower,3,2,6,4,15,0,0,28,1,29,3,2,34,5,44,54,20,74,118
04/08/2020,SLN,KS,ACE,CE,Federal Contract Tower,4,1,2,14,21,0,0,15,9,24,4,1,17,23,45,24,0,24,69
04/09/2020,SLN,KS,ACE,CE,Federal Contract Tower,12,2,7,1,22,0,0,4,7,11,12,2,11,8,33,32,20,52,85
04/10/2020,SLN,KS,ACE,CE,Federal Contract Tower,12,0,2,0,14,0,4,9,6,19,12,4,11,6,33,4,12,16,49
04/12/2020,SLN,KS,ACE,CE,Federal Contract Tower,4,0,0,0,4,0,0,0,0,0,4,0,0,0,4,0,0,0,4
04/13/2020,SLN,KS,ACE,CE,Federal Contract Tower,4,2,0,4,10,0,0,13,2,15,4,2,13,6,25,6,0,6,31
04/14/2020,SLN,KS,ACE,CE,Federal Contract Tower,2,0,4,7,13,0,2,9,1,12,2,2,13,8,25,0,94,94,119
04/15/2020,SLN,KS,ACE,CE,Federal Contract Tower,4,0,4,2,10,0,2,21,5,28,4,2,25,7,38,36,0,36,74
04/16/2020,SLN,KS,ACE,CE,Federal Contract Tower,4,0,0,0,4,0,0,0,0,0,4,0,0,0,4,0,0,0,4
04/17/2020,SLN,KS,ACE,CE,Federal Contract Tower,4,4,1,0,9,0,0,13,0,13,4,4,14,0,22,8,0,8,30
04/18/2020,SLN,KS,ACE,CE,Federal Contract Tower,3,1,0,0,4,0,1,9,0,10,3,2,9,0,14,0,0,0,14
04/19/2020,SLN,KS,ACE,CE,Federal Contract Tower,6,0,3,0,9,0,0,11,0,11,6,0,14,0,20,8,0,8,28
04/20/2020,SLN,KS,ACE,CE,Federal Contract Tower,4,0,0,1,5,0,0,20,0,20,4,0,20,1,25,24,0,24,49
04/21/2020,SLN,KS,ACE,CE,Federal Contract Tower,2,0,3,2,7,0,0,24,4,28,2,0,27,6,35,20,20,40,75
04/22/2020,SLN,KS,ACE,CE,Federal Contract Tower,4,0,6,2,12,0,0,0,0,0,4,0,6,2,12,0,0,0,12
04/23/2020,SLN,KS,ACE,CE,Federal Contract Tower,2,6,2,1,11,0,1,16,1,18,2,7,18,2,29,10,2,12,41
04/24/2020,SLN,KS,ACE,CE,Federal Contract Tower,4,0,1,0,5,0,0,4,9,13,4,0,5,9,18,6,4,10,28
04/25/2020,SLN,KS,ACE,CE,Federal Contract Tower,2,2,6,0,10,0,1,19,0,20,2,3,25,0,30,26,0,26,56
04/26/2020,SLN,KS,ACE,CE,Federal Contract Tower,4,2,2,0,8,0,0,8,0,8,4,2,10,0,16,4,0,4,20
04/27/2020,SLN,KS,ACE,CE,Federal Contract Tower,4,0,1,0,5,0,2,19,2,23,4,2,20,2,28,8,0,8,36
04/28/2020,SLN,KS,ACE,CE,Federal Contract Tower,2,0,2,0,4,0,0,13,0,13,2,0,15,0,17,6,0,6,23
04/29/2020,SLN,KS,ACE,CE,Federal Contract Tower,4,0,5,2,11,0,2,1,2,5,4,2,6,4,16,0,0,0,16
04/30/2020,SLN,KS,ACE,CE,Federal Contract Tower,4,0,2,4,10,0,0,29,9,38,4,0,31,13,48,44,10,54,102
05/01/2020,SLN,KS,ACE,CE,Federal Contract Tower,11,0,2,0,13,0,0,6,5,11,11,0,8,5,24,0,2,2,26
05/02/2020,SLN,KS,ACE,CE,Federal Contract Tower,3,0,0,0,3,0,3,9,0,12,3,3,9,0,15,0,0,0,15
05/03/2020,SLN,KS,ACE,CE,Federal Contract Tower,2,5,1,0,8,0,3,13,0,16,2,8,14,0,24,4,0,4,28
05/04/2020,SLN,KS,ACE,CE,Federal Contract Tower,3,0,7,0,10,0,0,2,0,2,3,0,9,0,12,4,0,4,16
05/05/2020,SLN,KS,ACE,CE,Federal Contract Tower,2,0,3,2,7,0,4,10,0,14,2,4,13,2,21,18,0,18,39
05/06/2020,SLN,KS,ACE,CE,Federal Contract Tower,2,3,2,13,20,0,0,19,2,21,2,3,21,15,41,52,36,88,129
05/07/2020,SLN,KS,ACE,CE,Federal Contract Tower,2,4,4,2,12,0,0,2,6,8,2,4,6,8,20,0,0,0,20
05/08/2020,SLN,KS,ACE,CE,Federal Contract Tower,1,1,5,5,12,0,0,13,12,25,1,1,18,17,37,0,2,2,39
05/09/2020,SLN,KS,ACE,CE,Federal Contract Tower,5,0,5,3,13,0,3,24,0,27,5,3,29,3,40,4,20,24,64
05/10/2020,SLN,KS,ACE,CE,Federal Contract Tower,2,0,9,0,11,0,0,15,0,15,2,0,24,0,26,6,0,6,32
05/11/2020,SLN,KS,ACE,CE,Federal Contract Tower,2,2,8,0,12,0,0,0,2,2,2,2,8,2,14,4,0,4,18
05/12/2020,SLN,KS,ACE,CE,Federal Contract Tower,2,0,2,5,9,0,0,0,3,3,2,0,2,8,12,0,8,8,20
05/13/2020,SLN,KS,ACE,CE,Federal Contract Tower,2,1,2,0,5,0,0,0,0,0,2,1,2,0,5,0,0,0,5
05/14/2020,SLN,KS,ACE,CE,Federal Contract Tower,2,0,3,13,18,0,0,11,8,19,2,0,14,21,37,30,108,138,175
05/15/2020,SLN,KS,ACE,CE,Federal Contract Tower,2,5,3,7,17,0,2,14,6,22,2,7,17,13,39,12,30,42,81
05/16/2020,SLN,KS,ACE,CE,Federal Contract Tower,2,0,8,0,10,0,2,12,0,14,2,2,20,0,24,2,0,2,26
05/17/2020,SLN,KS,ACE,CE,Federal Contract Tower,2,0,3,4,9,0,0,13,4,17,2,0,16,8,26,6,50,56,82
05/18/2020,SLN,KS,ACE,CE,Federal Contract Tower,2,2,7,15,26,0,2,18,16,36,2,4,25,31,62,16,28,44,106
05/19/2020,SLN,KS,ACE,CE,Federal Contract Tower,2,0,15,5,22,0,5,34,11,50,2,5,49,16,72,44,22,66,138
05/20/2020,SLN,KS,ACE,CE,Federal Contract Tower,3,2,6,4,15,0,38,19,11,68,3,40,25,15,83,66,0,66,149
05/21/2020,SLN,KS,ACE,CE,Federal Contract Tower,2,0,2,0,4,0,0,1,7,8,2,0,3,7,12,0,0,0,12
05/22/2020,SLN,KS,ACE,CE,Federal Contract Tower,2,0,6,0,8,0,43,3,3,49,2,43,9,3,57,136,0,136,193
05/23/2020,SLN,KS,ACE,CE,Federal Contract Tower,2,2,7,0,11,0,1,19,4,24,2,3,26,4,35,10,0,10,45
05/24/2020,SLN,KS,ACE,CE,Federal Contract Tower,2,0,5,0,7,0,0,4,0,4,2,0,9,0,11,6,0,6,17
05/25/2020,SLN,KS,ACE,CE,Federal Contract Tower,2,0,3,2,7,0,0,0,0,0,2,0,3,2,7,0,0,0,7
05/26/2020,SLN,KS,ACE,CE,Federal Contract Tower,2,17,4,13,36,0,25,8,5,38,2,42,12,18,74,74,6,80,154
05/27/2020,SLN,KS,ACE,CE,Federal Contract Tower,2,2,11,16,31,0,97,25,5,127,2,99,36,21,158,144,8,152,310
05/28/2020,SLN,KS,ACE,CE,Federal Contract Tower,2,4,11,6,23,0,71,8,19,98,2,75,19,25,121,132,30,162,283
05/29/2020,SLN,KS,ACE,CE,Federal Contract Tower,4,6,8,4,22,0,74,45,12,131,4,80,53,16,153,94,28,122,275
05/30/2020,SLN,KS,ACE,CE,Federal Contract Tower,2,3,9,9,23,0,1,10,1,12,2,4,19,10,35,4,50,54,89
05/31/2020,SLN,KS,ACE,CE,Federal Contract Tower,2,2,8,0,12,0,1,8,0,9,2,3,16,0,21,0,0,0,21
06/01/2020,SLN,KS,ACE,CE,Federal Contract Tower,2,4,7,10,23,0,59,8,7,74,2,63,15,17,97,64,20,84,181
06/02/2020,SLN,KS,ACE,CE,Federal Contract Tower,2,8,7,4,21,0,64,9,4,77,2,72,16,8,98,124,12,136,234
06/03/2020,SLN,KS,ACE,CE,Federal Contract Tower,2,7,12,14,35,0,72,22,8,102,2,79,34,22,137,108,4,112,249
06/04/2020,SLN,KS,ACE,CE,Federal Contract Tower,2,5,8,24,39,0,60,24,15,99,2,65,32,39,138,130,18,148,286
06/05/2020,SLN,KS,ACE,CE,Federal Contract Tower,2,7,9,3,21,0,46,40,12,98,2,53,49,15,119,78,2,80,199
06/06/2020,SLN,KS,ACE,CE,Federal Contract Tower,2,2,9,0,13,0,4,19,0,23,2,6,28,0,36,2,0,2,38
06/07/2020,SLN,KS,ACE,CE,Federal Contract Tower,2,0,8,2,12,0,2,9,2,13,2,2,17,4,25,0,10,10,35
06/08/2020,SLN,KS,ACE,CE,Federal Contract Tower,2,3,10,4,19,0,37,13,2,52,2,40,23,6,71,80,0,80,151
06/09/2020,SLN,KS,ACE,CE,Federal Contract Tower,2,8,6,4,20,0,68,5,0,73,2,76,11,4,93,146,10,156,249
06/10/2020,SLN,KS,ACE,CE,Federal Contract Tower,2,1,6,2,11,0,38,5,3,46,2,39,11,5,57,72,0,72,129
06/11/2020,SLN,KS,ACE,CE,Federal Contract Tower,2,7,11,7,27,0,102,28,4,134,2,109,39,11,161,254,0,254,415
06/12/2020,SLN,KS,ACE,CE,Federal Contract Tower,2,17,12,3,34,0,53,24,3,80,2,70,36,6,114,116,36,152,266
06/13/2020,SLN,KS,ACE,CE,Federal Contract Tower,4,1,5,0,10,0,1,13,10,24,4,2,18,10,34,0,22,22,56
06/14/2020,SLN,KS,ACE,CE,Federal Contract Tower,2,2,7,0,11,0,3,9,0,12,2,5,16,0,23,0,0,0,23
06/15/2020,SLN,KS,ACE,CE,Federal Contract Tower,5,10,17,13,45,0,85,17,7,109,5,95,34,20,154,158,30,188,342
06/16/2020,SLN,KS,ACE,CE,Federal Contract Tower,2,8,10,4,24,0,101,15,4,120,2,109,25,8,144,166,2,168,312
06/17/2020,SLN,KS,ACE,CE,Federal Contract Tower,1,9,14,13,37,0,85,15,10,110,1,94,29,23,147,104,2,106,253
06/18/2020,SLN,KS,ACE,CE,Federal Contract Tower,2,0,8,10,20,0,48,12,5,65,2,48,20,15,85,122,18,140,225
06/19/2020,SLN,KS,ACE,CE,Federal Contract Tower,2,8,8,2,20,0,6,0,0,6,2,14,8,2,26,10,0,10,36
06/20/2020,SLN,KS,ACE,CE,Federal Contract Tower,2,2,10,0,14,0,6,28,0,34,2,8,38,0,48,34,0,34,82
06/21/2020,SLN,KS,ACE,CE,Federal Contract Tower,2,2,12,0,16,0,2,7,0,9,2,4,19,0,25,0,0,0,25
06/22/2020,SLN,KS,ACE,CE,Federal Contract Tower,2,17,10,9,38,0,128,22,4,154,2,145,32,13,192,194,12,206,398
06/23/2020,SLN,KS,ACE,CE,Federal Contract Tower,2,6,12,0,20,0,115,31,1,147,2,121,43,1,167,300,0,300,467
06/24/2020,SLN,KS,ACE,CE,Federal Contract Tower,2,11,8,4,25,0,84,16,3,103,2,95,24,7,128,220,0,220,348
06/25/2020,SLN,KS,ACE,CE,Federal Contract Tower,2,6,12,1,21,0,46,10,17,73,2,52,22,18,94,54,30,84,178
06/26/2020,SLN,KS,ACE,CE,Federal Contract Tower,8,10,14,1,33,0,58,11,14,83,8,68,25,15,116,118,14,132,248
06/27/2020,SLN,KS,ACE,CE,Federal Contract Tower,4,3,5,2,14,0,12,25,4,41,4,15,30,6,55,6,0,6,61
06/28/2020,SLN,KS,ACE,CE,Federal Contract Tower,2,3,9,0,14,0,3,4,0,7,2,6,13,0,21,0,0,0,21
06/29/2020,SLN,KS,ACE,CE,Federal Contract Tower,2,8,16,4,30,0,31,9,3,43,2,39,25,7,73,50,16,66,139
06/30/2020,SLN,KS,ACE,CE,Federal Contract Tower,2,2,13,12,29,0,79,6,0,85,2,81,19,12,114,72,14,86,200
07/01/2020,SLN,KS,ACE,CE,Federal Contract Tower,2,16,16,10,44,0,84,14,4,102,2,100,30,14,146,172,2,174,320
07/02/2020,SLN,KS,ACE,CE,Federal Contract Tower,1,5,3,0,9,0,51,17,6,74,1,56,20,6,83,46,0,46,129
07/03/2020,SLN,KS,ACE,CE,Federal Contract Tower,3,0,12,0,15,0,0,24,0,24,3,0,36,0,39,20,0,20,59
07/04/2020,SLN,KS,ACE,CE,Federal Contract Tower,2,2,2,0,6,0,2,13,0,15,2,4,15,0,21,0,0,0,21
07/05/2020,SLN,KS,ACE,CE,Federal Contract Tower,2,2,4,0,8,0,0,7,0,7,2,2,11,0,15,0,0,0,15
07/06/2020,SLN,KS,ACE,CE,Federal Contract Tower,4,1,5,0,10,0,46,18,0,64,4,47,23,0,74,112,0,112,186
07/07/2020,SLN,KS,ACE,CE,Federal Contract Tower,2,6,10,7,25,0,83,19,7,109,2,89,29,14,134,168,28,196,330
07/08/2020,SLN,KS,ACE,CE,Federal Contract Tower,4,5,1,12,22,0,82,28,2,112,4,87,29,14,134,126,6,132,266
07/09/2020,SLN,KS,ACE,CE,Federal Contract Tower,4,5,18,0,27,0,58,10,2,70,4,63,28,2,97,98,0,98,195
07/10/2020,SLN,KS,ACE,CE,Federal Contract Tower,4,10,15,0,29,0,64,22,0,86,4,74,37,0,115,84,0,84,199
07/11/2020,SLN,KS,ACE,CE,Federal Contract Tower,2,6,10,0,18,0,10,16,4,30,2,16,26,4,48,24,0,24,72
07/12/2020,SLN,KS,ACE,CE,Federal Contract Tower,4,6,5,2,17,0,6,21,4,31,4,12,26,6,48,2,0,2,50
07/13/2020,SLN,KS,ACE,CE,Federal Contract Tower,4,12,4,20,40,0,84,8,13,105,4,96,12,33,145,96,16,112,257
07/14/2020,SLN,KS,ACE,CE,Federal Contract Tower,2,10,17,17,46,0,64,15,23,102,2,74,32,40,148,110,0,110,258
07/15/2020,SLN,KS,ACE,CE,Federal Contract Tower,4,27,25,21,77,0,38,14,19,71,4,65,39,40,148,124,2,126,274
07/16/2020,SLN,KS,ACE,CE,Federal Contract Tower,4,11,8,6,29,0,86,29,3,118,4,97,37,9,147,114,10,124,271
07/17/2020,SLN,KS,ACE,CE,Federal Contract Tower,4,13,12,2,31,0,71,9,2,82,4,84,21,4,113,90,0,90,203
07/18/2020,SLN,KS,ACE,CE,Federal Contract Tower,1,2,9,2,14,0,0,13,12,25,1,2,22,14,39,2,0,2,41
07/19/2020,SLN,KS,ACE,CE,Federal Contract Tower,7,0,6,0,13,0,0,11,4,15,7,0,17,4,28,4,10,14,42
07/20/2020,SLN,KS,ACE,CE,Federal Contract Tower,4,4,7,3,18,0,63,12,7,82,4,67,19,10,100,100,8,108,208
07/21/2020,SLN,KS,ACE,CE,Federal Contract Tower,3,28,20,18,69,0,40,12,21,73,3,68,32,39,142,110,20,130,272
07/22/2020,SLN,KS,ACE,CE,Federal Contract Tower,4,8,7,8,27,0,115,13,7,135,4,123,20,15,162,236,6,242,404
07/23/2020,SLN,KS,ACE,CE,Federal Contract Tower,4,2,4,5,15,0,102,20,9,131,4,104,24,14,146,112,16,128,274
07/24/2020,SLN,KS,ACE,CE,Federal Contract Tower,4,9,14,3,30,0,83,14,3,100,4,92,28,6,130,170,0,170,300
07/25/2020,SLN,KS,ACE,CE,Federal Contract Tower,2,0,2,0,4,0,0,18,0,18,2,0,20,0,22,10,0,10,32
07/26/2020,SLN,KS,ACE,CE,Federal Contract Tower,4,6,10,2,22,0,0,17,0,17,4,6,27,2,39,0,0,0,39
07/27/2020,SLN,KS,ACE,CE,Federal Contract Tower,4,0,6,0,10,0,4,0,0,4,4,4,6,0,14,42,0,42,56
07/29/2020,SLN,KS,ACE,CE,Federal Contract Tower,4,18,11,8,41,0,7,3,1,11,4,25,14,9,52,42,4,46,98
07/30/2020,SLN,KS,ACE,CE,Federal Contract Tower,11,3,7,2,23,0,0,0,1,1,11,3,7,3,24,0,4,4,28
07/31/2020,SLN,KS,ACE,CE,Federal Contract Tower,6,13,16,10,45,0,97,27,9,133,6,110,43,19,178,192,20,212,390
08/01/2020,SLN,KS,ACE,CE,Federal Contract Tower,2,6,5,0,13,0,6,14,0,20,2,12,19,0,33,6,0,6,39
08/02/2020,SLN,KS,ACE,CE,Federal Contract Tower,4,0,3,0,7,0,4,29,0,33,4,4,32,0,40,0,0,0,40
08/03/2020,SLN,KS,ACE,CE,Federal Contract Tower,4,4,9,12,29,0,103,25,9,137,4,107,34,21,166,218,10,228,394
08/04/2020,SLN,KS,ACE,CE,Federal Contract Tower,2,0,9,2,13,0,78,4,0,82,2,78,13,2,95,128,0,128,223
08/05/2020,SLN,KS,ACE,CE,Federal Contract Tower,4,9,13,16,42,0,92,8,19,119,4,101,21,35,161,158,8,166,327
08/06/2020,SLN,KS,ACE,CE,Federal Contract Tower,4,10,6,8,28,0,76,18,11,105,4,86,24,19,133,86,6,92,225
08/07/2020,SLN,KS,ACE,CE,Federal Contract Tower,7,10,9,10,36,0,53,16,9,78,7,63,25,19,114,100,26,126,240
08/08/2020,SLN,KS,ACE,CE,Federal Contract Tower,3,2,8,0,13,0,2,19,0,21,3,4,27,0,34,0,0,0,34
08/09/2020,SLN,KS,ACE,CE,Federal Contract Tower,4,0,15,0,19,0,5,9,0,14,4,5,24,0,33,4,0,4,37
08/10/2020,SLN,KS,ACE,CE,Federal Contract Tower,6,1,12,13,32,0,74,12,13,99,6,75,24,26,131,124,12,136,267
08/11/2020,SLN,KS,ACE,CE,Federal Contract Tower,4,8,12,20,44,0,58,12,49,119,4,66,24,69,163,60,12,72,235
08/12/2020,SLN,KS,ACE,CE,Federal Contract Tower,8,5,12,12,37,0,15,10,33,58,8,20,22,45,95,54,28,82,177
08/13/2020,SLN,KS,ACE,CE,Federal Contract Tower,8,1,16,13,38,0,14,21,38,73,8,15,37,51,111,40,40,80,191
08/14/2020,SLN,KS,ACE,CE,Federal Contract Tower,8,2,11,19,40,0,82,12,40,134,8,84,23,59,174,144,46,190,364
08/15/2020,SLN,KS,ACE,CE,Federal Contract Tower,4,2,7,0,13,0,1,23,2,26,4,3,30,2,39,12,0,12,51
08/16/2020,SLN,KS,ACE,CE,Federal Contract Tower,8,4,19,1,32,0,0,20,5,25,8,4,39,6,57,6,0,6,63
08/17/2020,SLN,KS,ACE,CE,Federal Contract Tower,4,3,6,5,18,0,66,12,7,85,4,69,18,12,103,172,0,172,275
08/18/2020,SLN,KS,ACE,CE,Federal Contract Tower,3,2,13,11,29,0,70,17,43,130,3,72,30,54,159,76,0,76,235
08/19/2020,SLN,KS,ACE,CE,Federal Contract Tower,4,2,11,10,27,0,114,11,118,243,4,116,22,128,270,182,6,188,458
08/20/2020,SLN,KS,ACE,CE,Federal Contract Tower,4,13,14,5,36,0,98,10,134,242,4,111,24,139,278,172,10,182,460
08/21/2020,SLN,KS,ACE,CE,Federal Contract Tower,4,11,17,5,37,0,91,19,104,214,4,102,36,109,251,90,10,100,351
08/22/2020,SLN,KS,ACE,CE,Federal Contract Tower,2,2,10,8,22,0,44,32,19,95,2,46,42,27,117,74,12,86,203
08/23/2020,SLN,KS,ACE,CE,Federal Contract Tower,4,2,13,2,21,0,4,31,10,45,4,6,44,12,66,14,2,16,82
08/24/2020,SLN,KS,ACE,CE,Federal Contract Tower,6,12,5,10,33,0,130,10,84,224,6,142,15,94,257,210,18,228,485
08/25/2020,SLN,KS,ACE,CE,Federal Contract Tower,2,14,12,3,31,0,129,3,114,246,2,143,15,117,277,108,10,118,395
08/26/2020,SLN,KS,ACE,CE,Federal Contract Tower,4,8,10,3,25,0,110,15,115,240,4,118,25,118,265,160,6,166,431
08/27/2020,SLN,KS,ACE,CE,Federal Contract Tower,5,16,13,11,45,0,127,14,11,152,5,143,27,22,197,168,0,168,365
08/28/2020,SLN,KS,ACE,CE,Federal Contract Tower,14,18,22,11,65,0,118,18,18,154,14,136,40,29,219,128,0,128,347
08/29/2020,SLN,KS,ACE,CE,Federal Contract Tower,4,6,5,0,15,0,13,4,0,17,4,19,9,0,32,18,0,18,50
08/30/2020,SLN,KS,ACE,CE,Federal Contract Tower,8,3,6,4,21,0,1,10,5,16,8,4,16,9,37,4,0,4,41
08/31/2020,SLN,KS,ACE,CE,Federal Contract Tower,5,6,10,7,28,0,87,3,1,91,5,93,13,8,119,114,0,114,233
09/01/2020,SLN,KS,ACE,CE,Federal Contract Tower,2,12,20,31,65,0,55,8,5,68,2,67,28,36,133,101,4,105,238
09/02/2020,SLN,KS,ACE,CE,Federal Contract Tower,13,15,8,4,40,0,174,8,7,189,13,189,16,11,229,146,22,168,397
09/03/2020,SLN,KS,ACE,CE,Federal Contract Tower,4,5,21,3,33,0,122,13,5,140,4,127,34,8,173,130,0,130,303
09/04/2020,SLN,KS,ACE,CE,Federal Contract Tower,4,15,9,0,28,0,120,18,0,138,4,135,27,0,166,200,0,200,366
09/05/2020,SLN,KS,ACE,CE,Federal Contract Tower,2,6,4,0,12,0,61,19,0,80,2,67,23,0,92,66,0,66,158
09/06/2020,SLN,KS,ACE,CE,Federal Contract Tower,2,4,5,0,11,0,1,5,0,6,2,5,10,0,17,0,0,0,17
09/07/2020,SLN,KS,ACE,CE,Federal Contract Tower,4,0,10,0,14,0,0,23,0,23,4,0,33,0,37,4,0,4,41
09/08/2020,SLN,KS,ACE,CE,Federal Contract Tower,2,4,6,0,12,0,2,0,0,2,2,6,6,0,14,0,0,0,14
09/09/2020,SLN,KS,ACE,CE,Federal Contract Tower,4,6,11,0,21,0,0,0,0,0,4,6,11,0,21,0,0,0,21
09/10/2020,SLN,KS,ACE,CE,Federal Contract Tower,4,10,7,22,43,0,0,0,2,2,4,10,7,24,45,0,18,18,63
09/11/2020,SLN,KS,ACE,CE,Federal Contract Tower,4,34,14,5,57,0,4,1,3,8,4,38,15,8,65,26,18,44,109
09/12/2020,SLN,KS,ACE,CE,Federal Contract Tower,2,2,2,10,16,0,25,22,1,48,2,27,24,11,64,102,12,114,178
09/13/2020,SLN,KS,ACE,CE,Federal Contract Tower,4,3,7,0,14,0,2,19,0,21,4,5,26,0,35,8,0,8,43
09/14/2020,SLN,KS,ACE,CE,Federal Contract Tower,4,7,7,2,20,0,178,4,4,186,4,185,11,6,206,278,0,278,484
09/15/2020,SLN,KS,ACE,CE,Federal Contract Tower,2,11,11,2,26,0,150,14,6,170,2,161,25,8,196,288,36,324,520
09/16/2020,SLN,KS,ACE,CE,Federal Contract Tower,5,10,8,6,29,0,128,12,11,151,5,138,20,17,180,244,18,262,442
09/17/2020,SLN,KS,ACE,CE,Federal Contract Tower,4,9,7,5,25,0,150,15,2,167,4,159,22,7,192,302,0,302,494
09/18/2020,SLN,KS,ACE,CE,Federal Contract Tower,4,4,16,0,24,0,118,11,13,142,4,122,27,13,166,226,14,240,406
09/19/2020,SLN,KS,ACE,CE,Federal Contract Tower,2,8,8,0,18,0,65,14,3,82,2,73,22,3,100,148,0,148,248
09/20/2020,SLN,KS,ACE,CE,Federal Contract Tower,3,0,16,4,23,0,2,4,2,8,3,2,20,6,31,0,0,0,31
09/21/2020,SLN,KS,ACE,CE,Federal Contract Tower,4,8,8,4,24,0,128,13,5,146,4,136,21,9,170,180,6,186,356
09/22/2020,SLN,KS,ACE,CE,Federal Contract Tower,2,13,7,28,50,0,131,17,6,154,2,144,24,34,204,208,60,268,472
09/23/2020,SLN,KS,ACE,CE,Federal Contract Tower,4,19,9,13,45,0,69,7,8,84,4,88,16,21,129,180,14,194,323
09/24/2020,SLN,KS,ACE,CE,Federal Contract Tower,4,20,14,1,39,0,139,18,6,163,4,159,32,7,202,218,0,218,420
09/25/2020,SLN,KS,ACE,CE,Federal Contract Tower,4,16,11,4,35,0,122,23,6,151,4,138,34,10,186,150,26,176,362
09/26/2020,SLN,KS,ACE,CE,Federal Contract Tower,2,5,12,0,19,0,34,6,0,40,2,39,18,0,59,28,0,28,87
09/27/2020,SLN,KS,ACE,CE,Federal Contract Tower,4,0,17,0,21,0,3,9,0,12,4,3,26,0,33,0,0,0,33
09/28/2020,SLN,KS,ACE,CE,Federal Contract Tower,4,7,12,13,36,0,80,7,10,97,4,87,19,23,133,108,22,130,263
09/29/2020,SLN,KS,ACE,CE,Federal Contract Tower,2,10,5,6,23,0,113,14,16,143,2,123,19,22,166,170,22,192,358
09/30/2020,SLN,KS,ACE,CE,Federal Contract Tower,7,14,16,15,52,0,86,9,14,109,7,100,25,29,161,124,18,142,303
10/01/2020,SLN,KS,ACE,CE,Federal Contract Tower,4,10,13,1,28,0,109,27,7,143,4,119,40,8,171,236,0,236,407
10/02/2020,SLN,KS,ACE,CE,Federal Contract Tower,5,7,10,8,30,0,105,24,30,159,5,112,34,38,189,144,4,148,337
10/03/2020,SLN,KS,ACE,CE,Federal Contract Tower,3,7,8,0,18,0,49,15,0,64,3,56,23,0,82,64,0,64,146
10/04/2020,SLN,KS,ACE,CE,Federal Contract Tower,4,4,12,0,20,0,0,18,0,18,4,4,30,0,38,0,0,0,38
10/05/2020,SLN,KS,ACE,CE,Federal Contract Tower,4,9,10,11,34,0,59,10,4,73,4,68,20,15,107,82,6,88,195
10/06/2020,SLN,KS,ACE,CE,Federal Contract Tower,2,10,10,14,36,0,140,26,23,189,2,150,36,37,225,306,40,346,571
10/07/2020,SLN,KS,ACE,CE,Federal Contract Tower,4,4,18,12,38,0,146,12,18,176,4,150,30,30,214,296,0,296,510
10/08/2020,SLN,KS,ACE,CE,Federal Contract Tower,4,16,17,14,51,0,93,15,13,121,4,109,32,27,172,208,4,212,384
10/09/2020,SLN,KS,ACE,CE,Federal Contract Tower,5,4,9,7,25,0,71,7,9,87,5,75,16,16,112,86,22,108,220
10/10/2020,SLN,KS,ACE,CE,Federal Contract Tower,2,6,10,6,24,0,40,5,2,47,2,46,15,8,71,146,8,154,225
10/11/2020,SLN,KS,ACE,CE,Federal Contract Tower,4,4,4,2,14,0,9,4,1,14,4,13,8,3,28,14,2,16,44
10/12/2020,SLN,KS,ACE,CE,Federal Contract Tower,4,5,12,0,21,0,124,9,0,133,4,129,21,0,154,298,0,298,452
10/13/2020,SLN,KS,ACE,CE,Federal Contract Tower,3,18,11,6,38,4,108,28,8,148,7,126,39,14,186,222,4,226,412
10/14/2020,SLN,KS,ACE,CE,Federal Contract Tower,4,4,5,6,19,0,117,10,13,140,4,121,15,19,159,256,14,270,429
10/15/2020,SLN,KS,ACE,CE,Federal Contract Tower,4,19,12,6,41,0,86,15,17,118,4,105,27,23,159,228,64,292,451
10/16/2020,SLN,KS,ACE,CE,Federal Contract Tower,5,5,12,5,27,0,109,22,14,145,5,114,34,19,172,262,32,294,466
10/17/2020,SLN,KS,ACE,CE,Federal Contract Tower,3,5,4,11,23,0,13,6,8,27,3,18,10,19,50,42,44,86,136
10/18/2020,SLN,KS,ACE,CE,Federal Contract Tower,6,4,9,1,20,0,2,0,3,5,6,6,9,4,25,0,0,0,25
10/19/2020,SLN,KS,ACE,CE,Federal Contract Tower,4,7,14,18,43,0,81,15,10,106,4,88,29,28,149,248,54,302,451
10/20/2020,SLN,KS,ACE,CE,Federal Contract Tower,3,10,13,19,45,0,32,0,23,55,3,42,13,42,100,88,50,138,238
10/21/2020,SLN,KS,ACE,CE,Federal Contract Tower,6,8,7,0,21,0,21,0,0,21,6,29,7,0,42,100,0,100,142
10/22/2020,SLN,KS,ACE,CE,Federal Contract Tower,4,2,19,4,29,0,11,5,13,29,4,13,24,17,58,32,34,66,124
10/23/2020,SLN,KS,ACE,CE,Federal Contract Tower,4,7,8,1,20,0,44,9,0,53,4,51,17,1,73,198,0,198,271
10/24/2020,SLN,KS,ACE,CE,Federal Contract Tower,2,4,12,0,18,0,22,5,0,27,2,26,17,0,45,144,0,144,189
10/25/2020,SLN,KS,ACE,CE,Federal Contract Tower,4,2,3,0,9,0,0,0,0,0,4,2,3,0,9,0,0,0,9
10/26/2020,SLN,KS,ACE,CE,Federal Contract Tower,11,6,4,0,21,0,0,1,0,1,11,6,5,0,22,0,0,0,22
10/27/2020,SLN,KS,ACE,CE,Federal Contract Tower,3,9,9,7,28,0,15,14,4,33,3,24,23,11,61,10,0,10,71
10/28/2020,SLN,KS,ACE,CE,Federal Contract Tower,6,6,9,0,21,0,126,8,2,136,6,132,17,2,157,262,0,262,419
10/29/2020,SLN,KS,ACE,CE,Federal Contract Tower,4,20,9,15,48,0,135,24,13,172,4,155,33,28,220,226,20,246,466
10/30/2020,SLN,KS,ACE,CE,Federal Contract Tower,6,18,16,5,45,0,139,26,3,168,6,157,42,8,213,262,14,276,489
10/31/2020,SLN,KS,ACE,CE,Federal Contract Tower,3,4,6,2,15,0,56,14,0,70,3,60,20,2,85,114,0,114,199
11/01/2020,SLN,KS,ACE,CE,Federal Contract Tower,3,6,4,0,13,0,4,19,0,23,3,10,23,0,36,6,0,6,42
11/02/2020,SLN,KS,ACE,CE,Federal Contract Tower,3,14,7,3,27,0,115,34,1,150,3,129,41,4,177,292,6,298,475
11/03/2020,SLN,KS,ACE,CE,Federal Contract Tower,1,10,13,5,29,0,99,18,2,119,1,109,31,7,148,278,0,278,426
11/04/2020,SLN,KS,ACE,CE,Federal Contract Tower,7,11,12,6,36,0,110,17,68,195,7,121,29,74,231,176,10,186,417
11/05/2020,SLN,KS,ACE,CE,Federal Contract Tower,3,14,6,0,23,0,77,32,8,117,3,91,38,8,140,178,14,192,332
11/06/2020,SLN,KS,ACE,CE,Federal Contract Tower,3,7,10,7,27,0,86,19,3,108,3,93,29,10,135,158,10,168,303
11/07/2020,SLN,KS,ACE,CE,Federal Contract Tower,1,5,4,1,11,0,10,8,0,18,1,15,12,1,29,0,0,0,29
11/08/2020,SLN,KS,ACE,CE,Federal Contract Tower,3,0,13,4,20,0,3,1,0,4,3,3,14,4,24,0,0,0,24
11/09/2020,SLN,KS,ACE,CE,Federal Contract Tower,3,3,4,4,14,0,11,0,8,19,3,14,4,12,33,0,4,4,37
11/10/2020,SLN,KS,ACE,CE,Federal Contract Tower,1,8,13,6,28,0,26,6,7,39,1,34,19,13,67,52,0,52,119
11/11/2020,SLN,KS,ACE,CE,Federal Contract Tower,5,13,15,0,33,0,93,26,0,119,5,106,41,0,152,230,0,230,382
11/12/2020,SLN,KS,ACE,CE,Federal Contract Tower,3,12,7,4,26,0,70,26,13,109,3,82,33,17,135,172,20,192,327
11/13/2020,SLN,KS,ACE,CE,Federal Contract Tower,5,14,19,6,44,0,61,23,7,91,5,75,42,13,135,152,24,176,311
11/14/2020,SLN,KS,ACE,CE,Federal Contract Tower,3,6,2,0,11,0,6,7,0,13,3,12,9,0,24,4,0,4,28
11/15/2020,SLN,KS,ACE,CE,Federal Contract Tower,3,2,5,0,10,0,2,9,3,14,3,4,14,3,24,2,0,2,26
11/16/2020,SLN,KS,ACE,CE,Federal Contract Tower,7,9,1,0,17,0,80,12,0,92,7,89,13,0,109,186,0,186,295
11/17/2020,SLN,KS,ACE,CE,Federal Contract Tower,2,2,11,14,29,0,71,24,13,108,2,73,35,27,137,202,0,202,339
11/18/2020,SLN,KS,ACE,CE,Federal Contract Tower,3,2,7,1,13,0,6,5,2,13,3,8,12,3,26,10,0,10,36
11/19/2020,SLN,KS,ACE,CE,Federal Contract Tower,5,11,5,2,23,0,71,19,7,97,5,82,24,9,120,148,28,176,296
11/20/2020,SLN,KS,ACE,CE,Federal Contract Tower,3,5,4,9,21,0,70,11,3,84,3,75,15,12,105,118,12,130,235
11/21/2020,SLN,KS,ACE,CE,Federal Contract Tower,1,3,8,0,12,0,32,2,0,34,1,35,10,0,46,42,0,42,88
11/22/2020,SLN,KS,ACE,CE,Federal Contract Tower,3,4,9,6,22,0,8,22,0,30,3,12,31,6,52,20,0,20,72
11/23/2020,SLN,KS,ACE,CE,Federal Contract Tower,3,4,7,0,14,0,13,2,2,17,3,17,9,2,31,30,2,32,63
11/24/2020,SLN,KS,ACE,CE,Federal Contract Tower,4,1,13,0,18,0,0,0,0,0,4,1,13,0,18,0,0,0,18
11/25/2020,SLN,KS,ACE,CE,Federal Contract Tower,6,2,12,2,22,0,31,11,2,44,6,33,23,4,66,66,0,66,132
11/26/2020,SLN,KS,ACE,CE,Federal Contract Tower,1,0,3,0,4,0,0,13,0,13,1,0,16,0,17,0,0,0,17
11/27/2020,SLN,KS,ACE,CE,Federal Contract Tower,1,2,2,0,5,0,0,16,0,16,1,2,18,0,21,10,0,10,31
11/28/2020,SLN,KS,ACE,CE,Federal Contract Tower,3,5,0,0,8,0,9,18,0,27,3,14,18,0,35,6,0,6,41
11/29/2020,SLN,KS,ACE,CE,Federal Contract Tower,3,2,1,0,6,0,0,11,0,11,3,2,12,0,17,0,0,0,17
11/30/2020,SLN,KS,ACE,CE,Federal Contract Tower,4,9,6,8,27,0,33,8,0,41,4,42,14,8,68,52,0,52,120
12/01/2020,SLN,KS,ACE,CE,Federal Contract Tower,2,6,4,4,16,0,103,18,2,123,2,109,22,6,139,228,0,228,367
12/02/2020,SLN,KS,ACE,CE,Federal Contract Tower,4,0,11,10,25,0,72,1,9,82,4,72,12,19,107,204,4,208,315
12/03/2020,SLN,KS,ACE,CE,Federal Contract Tower,3,2,9,4,18,0,52,12,21,85,3,54,21,25,103,100,24,124,227
12/04/2020,SLN,KS,ACE,CE,Federal Contract Tower,3,9,12,2,26,0,97,19,7,123,3,106,31,9,149,228,12,240,389
12/05/2020,SLN,KS,ACE,CE,Federal Contract Tower,1,3,6,12,22,0,16,17,4,37,1,19,23,16,59,64,4,68,127
12/06/2020,SLN,KS,ACE,CE,Federal Contract Tower,6,0,6,0,12,0,0,16,0,16,6,0,22,0,28,2,0,2,30
12/07/2020,SLN,KS,ACE,CE,Federal Contract Tower,3,5,6,24,38,0,21,7,2,30,3,26,13,26,68,38,14,52,120
12/08/2020,SLN,KS,ACE,CE,Federal Contract Tower,4,3,7,11,25,0,74,23,10,107,4,77,30,21,132,116,6,122,254
12/09/2020,SLN,KS,ACE,CE,Federal Contract Tower,3,5,6,1,15,0,60,24,8,92,3,65,30,9,107,176,12,188,295
12/10/2020,SLN,KS,ACE,CE,Federal Contract Tower,4,0,9,0,13,0,77,16,9,102,4,77,25,9,115,188,0,188,303
12/11/2020,SLN,KS,ACE,CE,Federal Contract Tower,3,0,5,0,8,0,4,3,4,11,3,4,8,4,19,34,0,34,53
12/12/2020,SLN,KS,ACE,CE,Federal Contract Tower,1,2,6,0,9,0,0,3,0,3,1,2,9,0,12,6,0,6,18
12/13/2020,SLN,KS,ACE,CE,Federal Contract Tower,3,2,9,0,14,0,4,4,1,9,3,6,13,1,23,10,0,10,33
12/14/2020,SLN,KS,ACE,CE,Federal Contract Tower,3,1,10,1,15,0,35,7,0,42,3,36,17,1,57,118,0,118,175
12/15/2020,SLN,KS,ACE,CE,Federal Contract Tower,1,0,5,0,6,0,4,0,2,6,1,4,5,2,12,10,4,14,26
12/16/2020,SLN,KS,ACE,CE,Federal Contract Tower,3,3,7,0,13,0,69,2,2,73,3,72,9,2,86,74,6,80,166
12/17/2020,SLN,KS,ACE,CE,Federal Contract Tower,3,3,14,1,21,0,89,38,22,149,3,92,52,23,170,250,32,282,452
12/18/2020,SLN,KS,ACE,CE,Federal Contract Tower,4,12,6,2,24,0,14,15,19,48,4,26,21,21,72,42,48,90,162
12/19/2020,SLN,KS,ACE,CE,Federal Contract Tower,2,6,10,4,22,0,3,19,1,23,2,9,29,5,45,16,0,16,61
12/20/2020,SLN,KS,ACE,CE,Federal Contract Tower,6,7,11,0,24,0,8,9,0,17,6,15,20,0,41,28,0,28,69
12/21/2020,SLN,KS,ACE,CE,Federal Contract Tower,3,2,9,2,16,0,0,0,0,0,3,2,9,2,16,124,0,124,140
12/22/2020,SLN,KS,ACE,CE,Federal Contract Tower,5,5,16,2,28,0,27,3,0,30,5,32,19,2,58,62,12,74,132
12/23/2020,SLN,KS,ACE,CE,Federal Contract Tower,6,1,16,0,23,0,1,1,0,2,6,2,17,0,25,0,0,0,25
12/24/2020,SLN,KS,ACE,CE,Federal Contract Tower,1,4,4,0,9,0,2,4,0,6,1,6,8,0,15,2,0,2,17
12/25/2020,SLN,KS,ACE,CE,Federal Contract Tower,2,4,1,0,7,0,0,2,0,2,2,4,3,0,9,0,0,0,9
12/26/2020,SLN,KS,ACE,CE,Federal Contract Tower,3,4,13,0,20,0,1,17,0,18,3,5,30,0,38,0,0,0,38
12/27/2020,SLN,KS,ACE,CE,Federal Contract Tower,4,2,17,0,23,0,0,9,0,9,4,2,26,0,32,2,0,2,34
12/28/2020,SLN,KS,ACE,CE,Federal Contract Tower,3,2,10,0,15,0,2,6,0,8,3,4,16,0,23,10,0,10,33
12/29/2020,SLN,KS,ACE,CE,Federal Contract Tower,4,0,4,0,8,0,0,0,0,0,4,0,4,0,8,0,0,0,8
12/30/2020,SLN,KS,ACE,CE,Federal Contract Tower,4,2,19,0,25,0,6,8,6,20,4,8,27,6,45,22,0,22,67
12/31/2020,SLN,KS,ACE,CE,Federal Contract Tower,4,6,7,0,17,0,2,16,0,18,4,8,23,0,35,20,0,20,55
01/01/2021,SLN,KS,ACE,CE,Federal Contract Tower,2,3,3,0,8,0,0,0,0,0,2,3,3,0,8,0,0,0,8
01/02/2021,SLN,KS,ACE,CE,Federal Contract Tower,3,4,14,0,21,0,2,21,0,23,3,6,35,0,44,8,0,8,52
01/03/2021,SLN,KS,ACE,CE,Federal Contract Tower,3,0,13,0,16,0,3,27,0,30,3,3,40,0,46,40,0,40,86
01/04/2021,SLN,KS,ACE,CE,Federal Contract Tower,3,3,8,1,15,0,37,5,1,43,3,40,13,2,58,58,0,58,116
01/05/2021,SLN,KS,ACE,CE,Federal Contract Tower,1,2,9,0,12,0,62,24,0,86,1,64,33,0,98,98,0,98,196
01/06/2021,SLN,KS,ACE,CE,Federal Contract Tower,5,0,11,9,25,0,35,0,9,44,5,35,11,18,69,106,12,118,187
01/07/2021,SLN,KS,ACE,CE,Federal Contract Tower,4,0,8,1,13,0,0,1,0,1,4,0,9,1,14,0,0,0,14
01/08/2021,SLN,KS,ACE,CE,Federal Contract Tower,4,2,14,0,20,0,1,12,10,23,4,3,26,10,43,40,36,76,119
01/09/2021,SLN,KS,ACE,CE,Federal Contract Tower,2,2,7,0,11,0,0,0,0,0,2,2,7,0,11,0,0,0,11
01/10/2021,SLN,KS,ACE,CE,Federal Contract Tower,4,2,7,0,13,0,0,5,0,5,4,2,12,0,18,4,0,4,22
01/11/2021,SLN,KS,ACE,CE,Federal Contract Tower,5,3,7,16,31,0,101,3,2,106,5,104,10,18,137,90,2,92,229
01/12/2021,SLN,KS,ACE,CE,Federal Contract Tower,2,2,16,4,24,0,109,35,4,148,2,111,51,8,172,266,0,266,438
01/13/2021,SLN,KS,ACE,CE,Federal Contract Tower,14,4,7,3,28,2,100,18,5,125,16,104,25,8,153,200,6,206,359
01/14/2021,SLN,KS,ACE,CE,Federal Contract Tower,4,3,11,4,22,0,12,1,2,15,4,15,12,6,37,12,0,12,49
01/15/2021,SLN,KS,ACE,CE,Federal Contract Tower,3,1,2,0,6,0,0,2,0,2,3,1,4,0,8,0,0,0,8
01/16/2021,SLN,KS,ACE,CE,Federal Contract Tower,3,3,7,0,13,0,5,21,4,30,3,8,28,4,43,34,0,34,77
01/17/2021,SLN,KS,ACE,CE,Federal Contract Tower,5,5,5,0,15,0,4,4,0,8,5,9,9,0,23,0,0,0,23
01/18/2021,SLN,KS,ACE,CE,Federal Contract Tower,4,4,6,0,14,0,7,22,0,29,4,11,28,0,43,34,0,34,77
01/19/2021,SLN,KS,ACE,CE,Federal Contract Tower,2,8,13,1,24,0,103,14,5,122,2,111,27,6,146,180,0,180,326
01/20/2021,SLN,KS,ACE,CE,Federal Contract Tower,4,2,7,4,17,0,43,6,2,51,4,45,13,6,68,68,10,78,146
01/21/2021,SLN,KS,ACE,CE,Federal Contract Tower,6,3,15,1,25,0,104,23,10,137,6,107,38,11,162,188,30,218,380
01/22/2021,SLN,KS,ACE,CE,Federal Contract Tower,6,5,4,4,19,0,83,13,25,121,6,88,17,29,140,210,26,236,376
01/23/2021,SLN,KS,ACE,CE,Federal Contract Tower,3,1,6,0,10,0,0,4,0,4,3,1,10,0,14,8,0,8,22
01/24/2021,SLN,KS,ACE,CE,Federal Contract Tower,4,2,5,2,13,0,0,3,0,3,4,2,8,2,16,0,0,0,16
01/25/2021,SLN,KS,ACE,CE,Federal Contract Tower,4,0,1,0,5,0,0,0,0,0,4,0,1,0,5,0,0,0,5
01/26/2021,SLN,KS,ACE,CE,Federal Contract Tower,2,2,9,16,29,0,7,0,0,7,2,9,9,16,36,22,0,22,58
01/27/2021,SLN,KS,ACE,CE,Federal Contract Tower,4,7,3,0,14,0,12,2,6,20,4,19,5,6,34,32,0,32,66
01/28/2021,SLN,KS,ACE,CE,Federal Contract Tower,4,7,7,0,18,0,38,9,0,47,4,45,16,0,65,72,0,72,137
01/29/2021,SLN,KS,ACE,CE,Federal Contract Tower,6,10,11,2,29,0,112,12,8,132,6,122,23,10,161,198,0,198,359
01/30/2021,SLN,KS,ACE,CE,Federal Contract Tower,9,0,3,0,12,0,0,0,0,0,9,0,3,0,12,0,0,0,12
01/31/2021,SLN,KS,ACE,CE,Federal Contract Tower,4,4,5,0,13,0,0,9,0,9,4,4,14,0,22,0,0,0,22
02/01/2021,SLN,KS,ACE,CE,Federal Contract Tower,5,4,10,7,26,0,139,17,1,157,5,143,27,8,183,270,10,280,463
02/02/2021,SLN,KS,ACE,CE,Federal Contract Tower,2,5,8,22,37,0,140,26,7,173,2,145,34,29,210,286,24,310,520
02/03/2021,SLN,KS,ACE,CE,Federal Contract Tower,7,4,8,0,19,0,143,14,10,167,7,147,22,10,186,168,24,192,378
02/04/2021,SLN,KS,ACE,CE,Federal Contract Tower,4,5,10,10,29,0,21,11,21,53,4,26,21,31,82,36,46,82,164
02/05/2021,SLN,KS,ACE,CE,Federal Contract Tower,4,2,5,0,11,0,131,29,7,167,4,133,34,7,178,188,8,196,374
02/06/2021,SLN,KS,ACE,CE,Federal Contract Tower,2,2,4,0,8,0,0,4,0,4,2,2,8,0,12,22,0,22,34
02/07/2021,SLN,KS,ACE,CE,Federal Contract Tower,4,2,2,0,8,0,0,0,0,0,4,2,2,0,8,0,0,0,8
02/08/2021,SLN,KS,ACE,CE,Federal Contract Tower,4,0,4,0,8,0,0,0,0,0,4,0,4,0,8,0,0,0,8
02/09/2021,SLN,KS,ACE,CE,Federal Contract Tower,2,4,16,0,22,0,55,1,0,56,2,59,17,0,78,110,0,110,188
02/10/2021,SLN,KS,ACE,CE,Federal Contract Tower,4,2,15,0,21,0,10,0,7,17,4,12,15,7,38,34,32,66,104
02/11/2021,SLN,KS,ACE,CE,Federal Contract Tower,4,5,17,0,26,0,86,10,4,100,4,91,27,4,126,136,0,136,262
02/12/2021,SLN,KS,ACE,CE,Federal Contract Tower,4,4,18,9,35,0,80,4,2,86,4,84,22,11,121,144,10,154,275
02/13/2021,SLN,KS,ACE,CE,Federal Contract Tower,0,0,10,0,10,0,37,6,0,43,0,37,16,0,53,86,0,86,139
02/14/2021,SLN,KS,ACE,CE,Federal Contract Tower,6,0,6,0,12,0,0,0,0,0,6,0,6,0,12,0,0,0,12
02/15/2021,SLN,KS,ACE,CE,Federal Contract Tower,4,3,6,0,13,0,0,1,0,1,4,3,7,0,14,0,0,0,14
02/16/2021,SLN,KS,ACE,CE,Federal Contract Tower,2,1,5,0,8,0,0,1,0,1,2,1,6,0,9,0,0,0,9
02/17/2021,SLN,KS,ACE,CE,Federal Contract Tower,4,3,12,0,19,0,104,14,0,118,4,107,26,0,137,158,0,158,295
02/18/2021,SLN,KS,ACE,CE,Federal Contract Tower,10,0,10,5,25,0,128,7,12,147,10,128,17,17,172,172,24,196,368
02/19/2021,SLN,KS,ACE,CE,Federal Contract Tower,4,20,20,6,50,0,117,7,5,129,4,137,27,11,179,90,8,98,277
02/20/2021,SLN,KS,ACE,CE,Federal Contract Tower,1,15,8,4,28,0,65,17,4,86,1,80,25,8,114,128,8,136,250
02/21/2021,SLN,KS,ACE,CE,Federal Contract Tower,7,8,4,0,19,0,0,8,0,8,7,8,12,0,27,8,0,8,35
02/22/2021,SLN,KS,ACE,CE,Federal Contract Tower,4,5,3,7,19,0,94,6,2,102,4,99,9,9,121,106,4,110,231
02/23/2021,SLN,KS,ACE,CE,Federal Contract Tower,3,9,11,0,23,0,128,32,3,163,3,137,43,3,186,192,0,192,378
02/24/2021,SLN,KS,ACE,CE,Federal Contract Tower,4,7,5,3,19,0,132,22,11,165,4,139,27,14,184,185,54,239,423
02/25/2021,SLN,KS,ACE,CE,Federal Contract Tower,4,3,3,2,12,0,121,17,5,143,4,124,20,7,155,200,0,200,355
02/26/2021,SLN,KS,ACE,CE,Federal Contract Tower,5,2,13,8,28,0,102,18,25,145,5,104,31,33,173,118,46,164,337
02/27/2021,SLN,KS,ACE,CE,Federal Contract Tower,1,4,4,3,12,0,8,2,2,12,1,12,6,5,24,16,2,18,42
02/28/2021,SLN,KS,ACE,CE,Federal Contract Tower,4,6,2,4,16,0,0,20,0,20,4,6,22,4,36,10,0,10,46
03/01/2021,SLN,KS,ACE,CE,Federal Contract Tower,6,14,8,0,28,0,129,13,0,142,6,143,21,0,170,188,0,188,358
03/02/2021,SLN,KS,ACE,CE,Federal Contract Tower,2,3,7,5,17,0,116,23,3,142,2,119,30,8,159,144,6,150,309
03/03/2021,SLN,KS,ACE,CE,Federal Contract Tower,4,4,11,3,22,0,143,48,4,195,4,147,59,7,217,352,10,362,579
03/04/2021,SLN,KS,ACE,CE,Federal Contract Tower,5,6,15,6,32,0,107,13,24,144,5,113,28,30,176,174,70,244,420
03/05/2021,SLN,KS,ACE,CE,Federal Contract Tower,6,4,17,29,56,0,108,21,19,148,6,112,38,48,204,164,32,196,400
03/06/2021,SLN,KS,ACE,CE,Federal Contract Tower,2,10,14,6,32,0,78,39,6,123,2,88,53,12,155,226,24,250,405
03/07/2021,SLN,KS,ACE,CE,Federal Contract Tower,5,3,9,0,17,0,1,6,0,7,5,4,15,0,24,6,0,6,30
03/08/2021,SLN,KS,ACE,CE,Federal Contract Tower,4,3,9,9,25,0,77,12,3,92,4,80,21,12,117,124,42,166,283
03/09/2021,SLN,KS,ACE,CE,Federal Contract Tower,2,3,6,15,26,0,61,4,8,73,2,64,10,23,99,48,10,58,157
03/10/2021,SLN,KS,ACE,CE,Federal Contract Tower,4,4,6,7,21,0,22,1,13,36,4,26,7,20,57,50,32,82,139
03/11/2021,SLN,KS,ACE,CE,Federal Contract Tower,4,4,15,7,30,0,155,27,22,204,4,159,42,29,234,262,18,280,514
03/12/2021,SLN,KS,ACE,CE,Federal Contract Tower,4,11,8,0,23,0,9,1,0,10,4,20,9,0,33,14,0,14,47
03/13/2021,SLN,KS,ACE,CE,Federal Contract Tower,2,0,4,2,8,0,0,0,0,0,2,0,4,2,8,0,0,0,8
03/14/2021,SLN,KS,ACE,CE,Federal Contract Tower,3,5,4,0,12,0,1,2,0,3,3,6,6,0,15,12,0,12,27
03/16/2021,SLN,KS,ACE,CE,Federal Contract Tower,2,13,21,4,40,0,51,17,1,69,2,64,38,5,109,120,0,120,229
03/17/2021,SLN,KS,ACE,CE,Federal Contract Tower,4,0,8,2,14,0,0,0,0,0,4,0,8,2,14,0,0,0,14
03/18/2021,SLN,KS,ACE,CE,Federal Contract Tower,4,1,10,4,19,0,95,5,14,114,4,96,15,18,133,206,14,220,353
03/19/2021,SLN,KS,ACE,CE,Federal Contract Tower,4,5,15,5,29,0,144,37,11,192,4,149,52,16,221,220,8,228,449
03/20/2021,SLN,KS,ACE,CE,Federal Contract Tower,5,9,7,0,21,0,79,22,1,102,5,88,29,1,123,218,6,224,347
03/21/2021,SLN,KS,ACE,CE,Federal Contract Tower,4,1,2,0,7,0,0,9,7,16,4,1,11,7,23,4,26,30,53
03/22/2021,SLN,KS,ACE,CE,Federal Contract Tower,4,4,12,0,20,0,6,0,0,6,4,10,12,0,26,14,0,14,40
03/23/2021,SLN,KS,ACE,CE,Federal Contract Tower,2,13,17,1,33,0,16,0,9,25,2,29,17,10,58,70,32,102,160
03/24/2021,SLN,KS,ACE,CE,Federal Contract Tower,4,6,13,3,26,0,101,12,11,124,4,107,25,14,150,218,20,238,388
03/25/2021,SLN,KS,ACE,CE,Federal Contract Tower,3,9,20,0,32,0,80,10,24,114,3,89,30,24,146,184,38,222,368
03/26/2021,SLN,KS,ACE,CE,Federal Contract Tower,4,9,9,8,30,0,107,12,6,125,4,116,21,14,155,118,0,118,273
03/27/2021,SLN,KS,ACE,CE,Federal Contract Tower,3,7,15,3,28,0,28,10,6,44,3,35,25,9,72,22,0,22,94
03/28/2021,SLN,KS,ACE,CE,Federal Contract Tower,4,2,9,0,15,0,2,25,4,31,4,4,34,4,46,2,0,2,48
03/29/2021,SLN,KS,ACE,CE,Federal Contract Tower,4,8,2,0,14,0,34,7,0,41,4,42,9,0,55,18,0,18,73
03/30/2021,SLN,KS,ACE,CE,Federal Contract Tower,2,4,11,6,23,0,105,5,0,110,2,109,16,6,133,78,6,84,217
03/31/2021,SLN,KS,ACE,CE,Federal Contract Tower,4,15,19,6,44,0,177,29,1,207,4,192,48,7,251,356,4,360,611
04/01/2021,SLN,KS,ACE,CE,Federal Contract Tower,5,9,5,0,19,2,154,36,8,200,7,163,41,8,219,306,2,308,527
04/02/2021,SLN,KS,ACE,CE,Federal Contract Tower,4,4,8,6,22,0,36,13,1,50,4,40,21,7,72,56,18,74,146
04/03/2021,SLN,KS,ACE,CE,Federal Contract Tower,2,3,3,0,8,0,88,17,0,105,2,91,20,0,113,232,0,232,345
04/04/2021,SLN,KS,ACE,CE,Federal Contract Tower,4,4,7,0,15,0,4,13,0,17,4,8,20,0,32,28,0,28,60
04/05/2021,SLN,KS,ACE,CE,Federal Contract Tower,4,2,7,1,14,0,84,8,1,93,4,86,15,2,107,106,0,106,213
04/06/2021,SLN,KS,ACE,CE,Federal Contract Tower,2,0,6,11,19,0,36,4,5,45,2,36,10,16,64,78,2,80,144
04/07/2021,SLN,KS,ACE,CE,Federal Contract Tower,4,20,9,6,39,0,7,0,3,10,4,27,9,9,49,40,0,40,89
04/08/2021,SLN,KS,ACE,CE,Federal Contract Tower,5,3,9,10,27,0,101,21,19,141,5,104,30,29,168,168,22,190,358
04/09/2021,SLN,KS,ACE,CE,Federal Contract Tower,4,7,7,5,23,0,141,25,8,174,4,148,32,13,197,224,22,246,443
04/10/2021,SLN,KS,ACE,CE,Federal Contract Tower,2,4,6,0,12,0,75,14,4,93,2,79,20,4,105,252,2,254,359
04/11/2021,SLN,KS,ACE,CE,Federal Contract Tower,4,4,4,0,12,0,2,38,0,40,4,6,42,0,52,22,0,22,74
04/12/2021,SLN,KS,ACE,CE,Federal Contract Tower,7,9,13,0,29,0,172,13,0,185,7,181,26,0,214,362,0,362,576
04/13/2021,SLN,KS,ACE,CE,Federal Contract Tower,2,12,13,2,29,0,154,39,0,193,2,166,52,2,222,378,0,378,600
04/14/2021,SLN,KS,ACE,CE,Federal Contract Tower,5,14,18,8,45,0,174,22,5,201,5,188,40,13,246,320,8,328,574
04/15/2021,SLN,KS,ACE,CE,Federal Contract Tower,5,5,8,1,19,0,132,10,2,144,5,137,18,3,163,228,0,228,391
04/16/2021,SLN,KS,ACE,CE,Federal Contract Tower,4,4,3,0,11,0,0,0,0,0,4,4,3,0,11,0,0,0,11
04/17/2021,SLN,KS,ACE,CE,Federal Contract Tower,2,0,11,0,13,0,16,6,0,22,2,16,17,0,35,86,0,86,121
04/18/2021,SLN,KS,ACE,CE,Federal Contract Tower,4,4,15,0,23,0,6,20,4,30,4,10,35,4,53,2,0,2,55
04/19/2021,SLN,KS,ACE,CE,Federal Contract Tower,4,6,9,6,25,0,86,7,2,95,4,92,16,8,120,194,4,198,318
04/20/2021,SLN,KS,ACE,CE,Federal Contract Tower,2,2,4,2,10,0,94,19,5,118,2,96,23,7,128,258,0,258,386
04/21/2021,SLN,KS,ACE,CE,Federal Contract Tower,4,17,9,3,33,0,160,19,4,183,4,177,28,7,216,322,14,336,552
04/22/2021,SLN,KS,ACE,CE,Federal Contract Tower,4,5,8,0,17,0,102,34,11,147,4,107,42,11,164,198,18,216,380
04/23/2021,SLN,KS,ACE,CE,Federal Contract Tower,6,9,13,0,28,0,12,3,4,19,6,21,16,4,47,102,0,102,149
04/24/2021,SLN,KS,ACE,CE,Federal Contract Tower,2,15,6,0,23,0,95,37,4,136,2,110,43,4,159,262,0,262,421
04/25/2021,SLN,KS,ACE,CE,Federal Contract Tower,4,0,4,0,8,0,0,5,0,5,4,0,9,0,13,0,0,0,13
04/26/2021,SLN,KS,ACE,CE,Federal Contract Tower,5,3,5,0,13,0,63,8,2,73,5,66,13,2,86,66,0,66,152
04/27/2021,SLN,KS,ACE,CE,Federal Contract Tower,2,0,4,7,13,0,95,9,4,108,2,95,13,11,121,138,16,154,275
04/28/2021,SLN,KS,ACE,CE,Federal Contract Tower,5,12,8,0,25,0,6,0,0,6,5,18,8,0,31,30,0,30,61
04/29/2021,SLN,KS,ACE,CE,Federal Contract Tower,5,7,10,6,28,0,147,19,7,173,5,154,29,13,201,300,44,344,545
04/30/2021,SLN,KS,ACE,CE,Federal Contract Tower,4,7,12,9,32,2,95,40,10,147,6,102,52,19,179,200,8,208,387
05/01/2021,SLN,KS,ACE,CE,Federal Contract Tower,3,4,5,0,12,0,21,26,0,47,3,25,31,0,59,38,0,38,97
05/02/2021,SLN,KS,ACE,CE,Federal Contract Tower,5,0,13,0,18,0,1,5,0,6,5,1,18,0,24,6,0,6,30
05/03/2021,SLN,KS,ACE,CE,Federal Contract Tower,5,1,7,3,16,0,82,4,3,89,5,83,11,6,105,130,0,130,235
05/04/2021,SLN,KS,ACE,CE,Federal Contract Tower,2,9,16,5,32,0,94,12,7,113,2,103,28,12,145,162,12,174,319
05/05/2021,SLN,KS,ACE,CE,Federal Contract Tower,6,12,9,9,36,0,104,15,21,140,6,116,24,30,176,226,28,254,430
05/06/2021,SLN,KS,ACE,CE,Federal Contract Tower,4,9,14,1,28,0,148,17,7,172,4,157,31,8,200,300,0,300,500
05/07/2021,SLN,KS,ACE,CE,Federal Contract Tower,4,7,9,3,23,0,87,24,17,128,4,94,33,20,151,148,8,156,307
05/08/2021,SLN,KS,ACE,CE,Federal Contract Tower,2,0,5,0,7,0,9,17,0,26,2,9,22,0,33,6,0,6,39
05/09/2021,SLN,KS,ACE,CE,Federal Contract Tower,4,1,12,0,17,0,0,4,3,7,4,1,16,3,24,10,0,10,34
05/10/2021,SLN,KS,ACE,CE,Federal Contract Tower,4,8,12,1,25,0,105,20,7,132,4,113,32,8,157,208,8,216,373
05/11/2021,SLN,KS,ACE,CE,Federal Contract Tower,7,7,11,11,36,0,87,29,12,128,7,94,40,23,164,230,12,242,406
05/12/2021,SLN,KS,ACE,CE,Federal Contract Tower,4,7,16,8,35,0,103,55,32,190,4,110,71,40,225,216,48,264,489
05/13/2021,SLN,KS,ACE,CE,Federal Contract Tower,4,15,9,4,32,0,111,87,21,219,4,126,96,25,251,184,38,222,473
05/14/2021,SLN,KS,ACE,CE,Federal Contract Tower,4,2,9,7,22,0,37,14,15,66,4,39,23,22,88,152,24,176,264
05/15/2021,SLN,KS,ACE,CE,Federal Contract Tower,2,6,2,0,10,0,5,50,0,55,2,11,52,0,65,22,0,22,87
05/16/2021,SLN,KS,ACE,CE,Federal Contract Tower,6,0,8,3,17,0,0,0,3,3,6,0,8,6,20,0,0,0,20
05/17/2021,SLN,KS,ACE,CE,Federal Contract Tower,6,6,13,1,26,0,18,8,1,27,6,24,21,2,53,78,0,78,131
05/19/2021,SLN,KS,ACE,CE,Federal Contract Tower,5,24,5,0,34,0,38,8,13,59,5,62,13,13,93,72,14,86,179
05/20/2021,SLN,KS,ACE,CE,Federal Contract Tower,5,23,15,0,43,0,29,9,14,52,5,52,24,14,95,62,18,80,175
05/21/2021,SLN,KS,ACE,CE,Federal Contract Tower,4,20,10,5,39,0,43,14,5,62,4,63,24,10,101,128,18,146,247
05/22/2021,SLN,KS,ACE,CE,Federal Contract Tower,3,3,7,0,13,0,4,4,1,9,3,7,11,1,22,0,0,0,22
05/23/2021,SLN,KS,ACE,CE,Federal Contract Tower,4,2,10,0,16,0,1,2,4,7,4,3,12,4,23,0,0,0,23
05/24/2021,SLN,KS,ACE,CE,Federal Contract Tower,6,9,11,2,28,0,55,6,2,63,6,64,17,4,91,106,0,106,197
05/25/2021,SLN,KS,ACE,CE,Federal Contract Tower,2,6,8,0,16,0,61,7,10,78,2,67,15,10,94,118,0,118,212
05/26/2021,SLN,KS,ACE,CE,Federal Contract Tower,4,1,13,0,18,0,90,16,0,106,4,91,29,0,124,156,0,156,280
05/27/2021,SLN,KS,ACE,CE,Federal Contract Tower,4,10,8,5,27,0,76,5,2,83,4,86,13,7,110,176,2,178,288
05/28/2021,SLN,KS,ACE,CE,Federal Contract Tower,8,13,10,0,31,0,91,59,0,150,8,104,69,0,181,218,0,218,399
05/29/2021,SLN,KS,ACE,CE,Federal Contract Tower,2,6,10,0,18,0,8,22,0,30,2,14,32,0,48,44,0,44,92
05/30/2021,SLN,KS,ACE,CE,Federal Contract Tower,4,4,4,0,12,0,0,0,0,0,4,4,4,0,12,0,0,0,12
05/31/2021,SLN,KS,ACE,CE,Federal Contract Tower,4,2,7,0,13,0,0,0,0,0,4,2,7,0,13,0,0,0,13
06/01/2021,SLN,KS,ACE,CE,Federal Contract Tower,2,16,4,13,35,0,31,3,6,40,2,47,7,19,75,92,8,100,175
06/02/2021,SLN,KS,ACE,CE,Federal Contract Tower,4,14,1,2,21,0,155,25,5,185,4,169,26,7,206,262,0,262,468
06/03/2021,SLN,KS,ACE,CE,Federal Contract Tower,4,8,13,11,36,0,126,31,11,168,4,134,44,22,204,212,16,228,432
06/04/2021,SLN,KS,ACE,CE,Federal Contract Tower,4,10,8,11,33,0,122,18,5,145,4,132,26,16,178,194,4,198,376
06/05/2021,SLN,KS,ACE,CE,Federal Contract Tower,5,2,30,2,39,0,0,24,0,24,5,2,54,2,63,14,0,14,77
06/06/2021,SLN,KS,ACE,CE,Federal Contract Tower,4,4,10,0,18,0,3,14,7,24,4,7,24,7,42,4,6,10,52
06/07/2021,SLN,KS,ACE,CE,Federal Contract Tower,4,3,16,0,23,0,113,10,3,126,4,116,26,3,149,168,0,168,317
06/08/2021,SLN,KS,ACE,CE,Federal Contract Tower,6,13,18,4,41,0,91,24,2,117,6,104,42,6,158,186,20,206,364
06/09/2021,SLN,KS,ACE,CE,Federal Contract Tower,8,7,7,2,24,0,123,13,2,138,8,130,20,4,162,146,34,180,342
06/10/2021,SLN,KS,ACE,CE,Federal Contract Tower,4,5,9,1,19,0,115,20,1,136,4,120,29,2,155,174,6,180,335
06/11/2021,SLN,KS,ACE,CE,Federal Contract Tower,4,11,23,0,38,0,74,12,0,86,4,85,35,0,124,144,0,144,268
06/12/2021,SLN,KS,ACE,CE,Federal Contract Tower,4,6,10,0,20,0,2,18,0,20,4,8,28,0,40,28,0,28,68
06/13/2021,SLN,KS,ACE,CE,Federal Contract Tower,4,0,20,1,25,0,0,24,1,25,4,0,44,2,50,6,0,6,56
06/14/2021,SLN,KS,ACE,CE,Federal Contract Tower,5,7,10,1,23,0,123,17,1,141,5,130,27,2,164,164,8,172,336
06/15/2021,SLN,KS,ACE,CE,Federal Contract Tower,5,11,13,0,29,0,142,16,0,158,5,153,29,0,187,166,0,166,353
06/16/2021,SLN,KS,ACE,CE,Federal Contract Tower,4,5,13,1,23,0,136,22,3,161,4,141,35,4,184,196,0,196,380
06/17/2021,SLN,KS,ACE,CE,Federal Contract Tower,4,8,11,8,31,0,0,28,0,28,4,8,39,8,59,0,2,2,61
06/18/2021,SLN,KS,ACE,CE,Federal Contract Tower,4,6,10,0,20,0,80,19,0,99,4,86,29,0,119,88,0,88,207
06/19/2021,SLN,KS,ACE,CE,Federal Contract Tower,4,7,5,0,16,0,2,19,6,27,4,9,24,6,43,22,0,22,65
06/20/2021,SLN,KS,ACE,CE,Federal Contract Tower,4,10,12,0,26,0,6,14,0,20,4,16,26,0,46,0,0,0,46
06/21/2021,SLN,KS,ACE,CE,Federal Contract Tower,8,8,12,2,30,0,94,20,0,114,8,102,32,2,144,128,0,128,272
06/22/2021,SLN,KS,ACE,CE,Federal Contract Tower,7,6,13,0,26,0,77,12,4,93,7,83,25,4,119,92,0,92,211
06/23/2021,SLN,KS,ACE,CE,Federal Contract Tower,4,7,15,2,28,0,90,18,5,113,4,97,33,7,141,266,0,266,407
06/24/2021,SLN,KS,ACE,CE,Federal Contract Tower,6,7,15,1,29,0,86,18,2,106,6,93,33,3,135,168,0,168,303
06/25/2021,SLN,KS,ACE,CE,Federal Contract Tower,4,1,12,0,17,0,85,11,1,97,4,86,23,1,114,144,0,144,258
06/26/2021,SLN,KS,ACE,CE,Federal Contract Tower,6,4,3,2,15,0,0,9,0,9,6,4,12,2,24,0,0,0,24
06/27/2021,SLN,KS,ACE,CE,Federal Contract Tower,4,7,10,2,23,0,0,30,2,32,4,7,40,4,55,30,0,30,85
06/28/2021,SLN,KS,ACE,CE,Federal Contract Tower,6,1,17,5,29,0,106,7,1,114,6,107,24,6,143,140,4,144,287
06/29/2021,SLN,KS,ACE,CE,Federal Contract Tower,5,14,15,4,38,0,73,5,3,81,5,87,20,7,119,186,14,200,319
06/30/2021,SLN,KS,ACE,CE,Federal Contract Tower,4,12,10,8,34,0,52,10,0,62,4,64,20,8,96,102,0,102,198
07/01/2021,SLN,KS,ACE,CE,Federal Contract Tower,4,7,11,6,28,0,92,10,0,102,4,99,21,6,130,164,0,164,294
07/02/2021,SLN,KS,ACE,CE,Federal Contract Tower,3,10,8,0,21,0,76,23,0,99,3,86,31,0,120,160,0,160,280
07/03/2021,SLN,KS,ACE,CE,Federal Contract Tower,4,2,11,0,17,0,2,7,0,9,4,4,18,0,26,0,0,0,26
07/04/2021,SLN,KS,ACE,CE,Federal Contract Tower,5,4,4,0,13,0,2,7,0,9,5,6,11,0,22,0,0,0,22
07/05/2021,SLN,KS,ACE,CE,Federal Contract Tower,4,4,3,0,11,0,2,7,0,9,4,6,10,0,20,0,0,0,20
07/06/2021,SLN,KS,ACE,CE,Federal Contract Tower,4,9,17,2,32,0,109,27,0,136,4,118,44,2,168,270,0,270,438
07/07/2021,SLN,KS,ACE,CE,Federal Contract Tower,5,23,9,4,41,0,80,17,0,97,5,103,26,4,138,148,0,148,286
07/08/2021,SLN,KS,ACE,CE,Federal Contract Tower,4,16,12,2,34,0,123,19,4,146,4,139,31,6,180,196,10,206,386
07/09/2021,SLN,KS,ACE,CE,Federal Contract Tower,4,15,6,1,26,0,87,10,0,97,4,102,16,1,123,152,0,152,275
07/10/2021,SLN,KS,ACE,CE,Federal Contract Tower,4,4,14,0,22,0,0,17,1,18,4,4,31,1,40,42,0,42,82
07/11/2021,SLN,KS,ACE,CE,Federal Contract Tower,4,1,20,3,28,0,0,9,0,9,4,1,29,3,37,28,0,28,65
07/12/2021,SLN,KS,ACE,CE,Federal Contract Tower,4,10,15,1,30,0,96,28,2,126,4,106,43,3,156,278,0,278,434
07/13/2021,SLN,KS,ACE,CE,Federal Contract Tower,4,8,0,0,12,0,82,24,4,110,4,90,24,4,122,156,0,156,278
07/14/2021,SLN,KS,ACE,CE,Federal Contract Tower,4,7,8,5,24,0,86,16,4,106,4,93,24,9,130,140,10,150,280
07/15/2021,SLN,KS,ACE,CE,Federal Contract Tower,4,22,5,0,31,0,48,5,11,64,4,70,10,11,95,146,18,164,259
07/16/2021,SLN,KS,ACE,CE,Federal Contract Tower,4,14,21,11,50,0,27,24,6,57,4,41,45,17,107,54,4,58,165
07/17/2021,SLN,KS,ACE,CE,Federal Contract Tower,4,6,18,0,28,0,1,10,18,29,4,7,28,18,57,18,0,18,75
07/18/2021,SLN,KS,ACE,CE,Federal Contract Tower,4,4,12,0,20,0,0,16,0,16,4,4,28,0,36,24,0,24,60
07/19/2021,SLN,KS,ACE,CE,Federal Contract Tower,4,14,11,14,43,0,100,18,8,126,4,114,29,22,169,258,0,258,427
07/20/2021,SLN,KS,ACE,CE,Federal Contract Tower,4,14,7,0,25,0,113,19,4,136,4,127,26,4,161,204,0,204,365
07/21/2021,SLN,KS,ACE,CE,Federal Contract Tower,4,8,17,6,35,0,102,21,21,144,4,110,38,27,179,248,14,262,441
07/22/2021,SLN,KS,ACE,CE,Federal Contract Tower,6,6,12,0,24,0,81,19,8,108,6,87,31,8,132,132,28,160,292
07/23/2021,SLN,KS,ACE,CE,Federal Contract Tower,3,6,8,6,23,0,66,20,8,94,3,72,28,14,117,224,8,232,349
07/24/2021,SLN,KS,ACE,CE,Federal Contract Tower,4,0,13,0,17,0,8,32,0,40,4,8,45,0,57,100,0,100,157
07/25/2021,SLN,KS,ACE,CE,Federal Contract Tower,4,4,7,0,15,0,3,6,0,9,4,7,13,0,24,38,0,38,62
07/26/2021,SLN,KS,ACE,CE,Federal Contract Tower,6,4,9,2,21,0,51,3,3,57,6,55,12,5,78,174,6,180,258
07/27/2021,SLN,KS,ACE,CE,Federal Contract Tower,4,9,10,1,24,0,102,25,0,127,4,111,35,1,151,146,0,146,297
07/28/2021,SLN,KS,ACE,CE,Federal Contract Tower,4,6,13,5,28,0,101,24,5,130,4,107,37,10,158,138,20,158,316
07/29/2021,SLN,KS,ACE,CE,Federal Contract Tower,5,12,13,1,31,0,90,19,2,111,5,102,32,3,142,110,0,110,252
07/30/2021,SLN,KS,ACE,CE,Federal Contract Tower,4,4,13,7,28,0,69,18,2,89,4,73,31,9,117,126,12,138,255
07/31/2021,SLN,KS,ACE,CE,Federal Contract Tower,4,6,8,0,18,0,5,10,1,16,4,11,18,1,34,0,0,0,34
08/01/2021,SLN,KS,ACE,CE,Federal Contract Tower,4,7,14,0,25,0,8,11,0,19,4,15,25,0,44,32,0,32,76
08/02/2021,SLN,KS,ACE,CE,Federal Contract Tower,6,6,11,9,32,0,85,19,6,110,6,91,30,15,142,252,2,254,396
08/03/2021,SLN,KS,ACE,CE,Federal Contract Tower,5,6,14,2,27,0,63,14,3,80,5,69,28,5,107,188,22,210,317
08/04/2021,SLN,KS,ACE,CE,Federal Contract Tower,4,8,13,2,27,0,76,15,7,98,4,84,28,9,125,128,0,128,253
08/05/2021,SLN,KS,ACE,CE,Federal Contract Tower,4,9,12,8,33,0,71,22,15,108,4,80,34,23,141,132,22,154,295
08/06/2021,SLN,KS,ACE,CE,Federal Contract Tower,4,5,13,4,26,0,58,12,3,73,4,63,25,7,99,86,0,86,185
08/07/2021,SLN,KS,ACE,CE,Federal Contract Tower,4,7,12,0,23,0,0,19,2,21,4,7,31,2,44,2,0,2,46
08/08/2021,SLN,KS,ACE,CE,Federal Contract Tower,4,8,14,0,26,0,3,7,2,12,4,11,21,2,38,22,0,22,60
08/09/2021,SLN,KS,ACE,CE,Federal Contract Tower,5,2,9,0,16,0,59,18,0,77,5,61,27,0,93,108,0,108,201
08/10/2021,SLN,KS,ACE,CE,Federal Contract Tower,3,6,2,2,13,0,47,6,0,53,3,53,8,2,66,84,0,84,150
08/11/2021,SLN,KS,ACE,CE,Federal Contract Tower,3,2,15,1,21,0,82,10,1,93,3,84,25,2,114,150,0,150,264
08/12/2021,SLN,KS,ACE,CE,Federal Contract Tower,4,8,11,0,23,0,41,11,1,53,4,49,22,1,76,138,4,142,218
08/13/2021,SLN,KS,ACE,CE,Federal Contract Tower,4,15,12,20,51,0,46,19,8,73,4,61,31,28,124,120,6,126,250
08/14/2021,SLN,KS,ACE,CE,Federal Contract Tower,4,6,10,4,24,0,1,24,0,25,4,7,34,4,49,20,0,20,69
08/15/2021,SLN,KS,ACE,CE,Federal Contract Tower,4,7,13,0,24,0,2,12,0,14,4,9,25,0,38,0,0,0,38
08/16/2021,SLN,KS,ACE,CE,Federal Contract Tower,4,17,19,0,40,0,64,7,0,71,4,81,26,0,111,136,0,136,247
08/17/2021,SLN,KS,ACE,CE,Federal Contract Tower,4,9,18,4,35,0,67,18,0,85,4,76,36,4,120,196,18,214,334
08/18/2021,SLN,KS,ACE,CE,Federal Contract Tower,4,6,14,6,30,0,19,22,2,43,4,25,36,8,73,80,4,84,157
08/19/2021,SLN,KS,ACE,CE,Federal Contract Tower,4,14,22,6,46,0,9,2,6,17,4,23,24,12,63,4,0,4,67
08/20/2021,SLN,KS,ACE,CE,Federal Contract Tower,5,7,14,0,26,0,39,4,4,47,5,46,18,4,73,122,0,122,195
08/21/2021,SLN,KS,ACE,CE,Federal Contract Tower,4,4,7,0,15,0,8,49,0,57,4,12,56,0,72,52,0,52,124
08/22/2021,SLN,KS,ACE,CE,Federal Contract Tower,4,3,19,0,26,0,2,21,0,23,4,5,40,0,49,30,0,30,79
08/23/2021,SLN,KS,ACE,CE,Federal Contract Tower,6,2,8,3,19,0,55,8,0,63,6,57,16,3,82,102,0,102,184
08/24/2021,SLN,KS,ACE,CE,Federal Contract Tower,4,4,12,5,25,0,61,6,0,67,4,65,18,5,92,92,4,96,188
08/25/2021,SLN,KS,ACE,CE,Federal Contract Tower,5,3,11,7,26,0,81,20,5,106,5,84,31,12,132,218,10,228,360
08/26/2021,SLN,KS,ACE,CE,Federal Contract Tower,4,7,21,2,34,0,73,18,13,104,4,80,39,15,138,120,20,140,278
08/27/2021,SLN,KS,ACE,CE,Federal Contract Tower,4,8,14,5,31,0,82,13,14,109,4,90,27,19,140,96,22,118,258
08/28/2021,SLN,KS,ACE,CE,Federal Contract Tower,4,4,18,0,26,0,46,30,0,76,4,50,48,0,102,30,0,30,132
08/29/2021,SLN,KS,ACE,CE,Federal Contract Tower,4,4,4,0,12,0,0,4,0,4,4,4,8,0,16,0,0,0,16
08/30/2021,SLN,KS,ACE,CE,Federal Contract Tower,5,17,12,0,34,0,112,48,4,164,5,129,60,4,198,232,0,232,430
08/31/2021,SLN,KS,ACE,CE,Federal Contract Tower,5,8,9,2,24,0,115,12,5,132,5,123,21,7,156,148,10,158,314
09/01/2021,SLN,KS,ACE,CE,Federal Contract Tower,3,18,9,7,37,0,120,13,5,138,3,138,22,12,175,138,12,150,325
09/02/2021,SLN,KS,ACE,CE,Federal Contract Tower,4,2,13,0,19,0,85,18,3,106,4,87,31,3,125,82,0,82,207
09/03/2021,SLN,KS,ACE,CE,Federal Contract Tower,8,2,12,0,22,0,74,8,0,82,8,76,20,0,104,86,0,86,190
09/04/2021,SLN,KS,ACE,CE,Federal Contract Tower,4,8,3,0,15,0,21,2,0,23,4,29,5,0,38,26,0,26,64
09/05/2021,SLN,KS,ACE,CE,Federal Contract Tower,4,4,8,0,16,0,2,15,0,17,4,6,23,0,33,22,0,22,55
09/06/2021,SLN,KS,ACE,CE,Federal Contract Tower,4,4,9,0,17,0,7,12,0,19,4,11,21,0,36,10,0,10,46
09/07/2021,SLN,KS,ACE,CE,Federal Contract Tower,5,19,12,2,38,0,129,16,6,151,5,148,28,8,189,147,2,149,338
09/08/2021,SLN,KS,ACE,CE,Federal Contract Tower,4,3,11,11,29,0,141,22,12,175,4,144,33,23,204,160,12,172,376
09/09/2021,SLN,KS,ACE,CE,Federal Contract Tower,4,11,13,8,36,0,113,20,2,135,4,124,33,10,171,150,0,150,321
09/10/2021,SLN,KS,ACE,CE,Federal Contract Tower,4,7,9,13,33,0,123,21,3,147,4,130,30,16,180,148,6,154,334
09/11/2021,SLN,KS,ACE,CE,Federal Contract Tower,4,2,4,5,15,0,42,13,8,63,4,44,17,13,78,92,0,92,170
09/12/2021,SLN,KS,ACE,CE,Federal Contract Tower,4,2,24,0,30,0,0,27,2,29,4,2,51,2,59,0,0,0,59
09/13/2021,SLN,KS,ACE,CE,Federal Contract Tower,4,11,8,2,25,0,110,14,2,126,4,121,22,4,151,216,0,216,367
09/14/2021,SLN,KS,ACE,CE,Federal Contract Tower,4,6,10,0,20,0,83,20,2,105,4,89,30,2,125,118,6,124,249
09/15/2021,SLN,KS,ACE,CE,Federal Contract Tower,4,4,16,2,26,0,107,43,3,153,4,111,59,5,179,90,2,92,271
09/16/2021,SLN,KS,ACE,CE,Federal Contract Tower,4,6,14,0,24,0,103,90,1,194,4,109,104,1,218,36,0,36,254
09/17/2021,SLN,KS,ACE,CE,Federal Contract Tower,5,6,7,4,22,0,89,129,2,220,5,95,136,6,242,0,2,2,244
09/18/2021,SLN,KS,ACE,CE,Federal Contract Tower,4,4,8,0,16,0,33,177,0,210,4,37,185,0,226,0,0,0,226
09/19/2021,SLN,KS,ACE,CE,Federal Contract Tower,4,7,7,1,19,0,3,140,1,144,4,10,147,2,163,0,0,0,163
09/20/2021,SLN,KS,ACE,CE,Federal Contract Tower,4,9,19,0,32,0,61,113,2,176,4,70,132,2,208,8,0,8,216
09/21/2021,SLN,KS,ACE,CE,Federal Contract Tower,4,9,23,0,36,0,122,119,2,243,4,131,142,2,279,46,0,46,325
09/22/2021,SLN,KS,ACE,CE,Federal Contract Tower,4,5,26,0,35,0,150,118,4,272,4,155,144,4,307,28,0,28,335
09/23/2021,SLN,KS,ACE,CE,Federal Contract Tower,7,7,22,1,37,0,125,82,16,223,7,132,104,17,260,26,10,36,296
09/24/2021,SLN,KS,ACE,CE,Federal Contract Tower,4,0,25,2,31,0,96,90,7,193,4,96,115,9,224,30,0,30,254
09/25/2021,SLN,KS,ACE,CE,Federal Contract Tower,4,5,15,0,24,0,60,92,2,154,4,65,107,2,178,116,0,116,294
09/26/2021,SLN,KS,ACE,CE,Federal Contract Tower,4,7,7,0,18,0,2,14,0,16,4,9,21,0,34,14,0,14,48
09/27/2021,SLN,KS,ACE,CE,Federal Contract Tower,5,10,15,3,33,0,112,13,4,129,5,122,28,7,162,240,6,246,408
09/28/2021,SLN,KS,ACE,CE,Federal Contract Tower,5,7,10,0,22,0,130,17,5,152,5,137,27,5,174,198,0,198,372
09/29/2021,SLN,KS,ACE,CE,Federal Contract Tower,4,5,12,0,21,0,58,13,3,74,4,63,25,3,95,130,0,130,225
09/30/2021,SLN,KS,ACE,CE,Federal Contract Tower,4,5,13,0,22,0,32,4,6,42,4,37,17,6,64,110,0,110,174
10/01/2021,SLN,KS,ACE,CE,Federal Contract Tower,4,7,17,0,28,0,63,16,2,81,4,70,33,2,109,176,0,176,285
10/02/2021,SLN,KS,ACE,CE,Federal Contract Tower,4,8,18,3,33,0,43,5,0,48,4,51,23,3,81,88,0,88,169
10/03/2021,SLN,KS,ACE,CE,Federal Contract Tower,7,6,8,1,22,0,7,21,3,31,7,13,29,4,53,10,8,18,71
10/04/2021,SLN,KS,ACE,CE,Federal Contract Tower,4,14,9,0,27,0,138,17,0,155,4,152,26,0,182,274,0,274,456
10/05/2021,SLN,KS,ACE,CE,Federal Contract Tower,4,11,17,0,32,0,147,22,1,170,4,158,39,1,202,246,0,246,448
10/06/2021,SLN,KS,ACE,CE,Federal Contract Tower,4,13,23,5,45,0,73,18,3,94,4,86,41,8,139,180,0,180,319
10/07/2021,SLN,KS,ACE,CE,Federal Contract Tower,5,8,17,11,41,0,135,22,5,162,5,143,39,16,203,262,8,270,473
10/08/2021,SLN,KS,ACE,CE,Federal Contract Tower,4,9,20,0,33,0,131,24,0,155,4,140,44,0,188,272,0,272,460
10/09/2021,SLN,KS,ACE,CE,Federal Contract Tower,4,4,6,0,14,0,58,20,0,78,4,62,26,0,92,164,0,164,256
10/10/2021,SLN,KS,ACE,CE,Federal Contract Tower,5,3,12,0,20,0,2,5,0,7,5,5,17,0,27,26,0,26,53
10/11/2021,SLN,KS,ACE,CE,Federal Contract Tower,4,6,10,2,22,0,99,23,2,124,4,105,33,4,146,226,0,226,372
10/12/2021,SLN,KS,ACE,CE,Federal Contract Tower,3,6,13,0,22,0,52,5,2,59,3,58,18,2,81,142,0,142,223
10/13/2021,SLN,KS,ACE,CE,Federal Contract Tower,6,6,18,5,35,0,91,10,10,111,6,97,28,15,146,188,14,202,348
10/14/2021,SLN,KS,ACE,CE,Federal Contract Tower,4,12,12,13,41,0,123,16,7,146,4,135,28,20,187,302,6,308,495
10/15/2021,SLN,KS,ACE,CE,Federal Contract Tower,4,8,16,2,30,0,82,20,2,104,4,90,36,4,134,250,0,250,384
10/16/2021,SLN,KS,ACE,CE,Federal Contract Tower,4,5,10,4,23,0,35,14,3,52,4,40,24,7,75,148,0,148,223
10/17/2021,SLN,KS,ACE,CE,Federal Contract Tower,4,0,13,2,19,0,6,27,1,34,4,6,40,3,53,56,0,56,109
10/18/2021,SLN,KS,ACE,CE,Federal Contract Tower,7,6,10,0,23,0,47,15,9,71,7,53,25,9,94,114,0,114,208
10/19/2021,SLN,KS,ACE,CE,Federal Contract Tower,4,12,4,1,21,0,65,20,10,95,4,77,24,11,116,114,0,114,230
10/20/2021,SLN,KS,ACE,CE,Federal Contract Tower,4,7,10,2,23,0,68,20,10,98,4,75,30,12,121,122,0,122,243
10/21/2021,SLN,KS,ACE,CE,Federal Contract Tower,3,6,10,7,26,0,95,16,14,125,3,101,26,21,151,268,10,278,429
10/22/2021,SLN,KS,ACE,CE,Federal Contract Tower,3,20,9,10,42,0,103,27,23,153,3,123,36,33,195,194,20,214,409
10/23/2021,SLN,KS,ACE,CE,Federal Contract Tower,4,6,11,2,23,0,32,7,2,41,4,38,18,4,64,120,0,120,184
10/24/2021,SLN,KS,ACE,CE,Federal Contract Tower,3,6,15,6,30,0,1,9,0,10,3,7,24,6,40,0,0,0,40
10/25/2021,SLN,KS,ACE,CE,Federal Contract Tower,5,19,13,5,42,0,36,3,4,43,5,55,16,9,85,68,0,68,153
10/26/2021,SLN,KS,ACE,CE,Federal Contract Tower,3,16,10,8,37,0,33,3,0,36,3,49,13,8,73,102,0,102,175
10/27/2021,SLN,KS,ACE,CE,Federal Contract Tower,5,4,12,0,21,0,0,0,0,0,5,4,12,0,21,0,0,0,21
10/28/2021,SLN,KS,ACE,CE,Federal Contract Tower,4,7,5,0,16,0,14,7,0,21,4,21,12,0,37,14,0,14,51
10/29/2021,SLN,KS,ACE,CE,Federal Contract Tower,4,4,17,10,35,0,115,11,12,138,4,119,28,22,173,132,16,148,321
10/30/2021,SLN,KS,ACE,CE,Federal Contract Tower,4,9,14,0,27,0,86,24,6,116,4,95,38,6,143,168,0,168,311
10/31/2021,SLN,KS,ACE,CE,Federal Contract Tower,4,3,15,0,22,0,0,11,0,11,4,3,26,0,33,6,0,6,39
11/01/2021,SLN,KS,ACE,CE,Federal Contract Tower,6,5,7,0,18,0,117,5,0,122,6,122,12,0,140,90,0,90,230
11/02/2021,SLN,KS,ACE,CE,Federal Contract Tower,4,9,5,0,18,0,121,10,1,132,4,130,15,1,150,168,0,168,318
11/03/2021,SLN,KS,ACE,CE,Federal Contract Tower,4,6,22,7,39,0,59,3,2,64,4,65,25,9,103,238,2,240,343
11/04/2021,SLN,KS,ACE,CE,Federal Contract Tower,3,14,29,1,47,0,67,3,7,77,3,81,32,8,124,196,0,196,320
11/05/2021,SLN,KS,ACE,CE,Federal Contract Tower,4,20,7,0,31,0,75,12,5,92,4,95,19,5,123,112,0,112,235
11/06/2021,SLN,KS,ACE,CE,Federal Contract Tower,4,4,3,6,17,0,78,29,16,123,4,82,32,22,140,144,12,156,296
11/07/2021,SLN,KS,ACE,CE,Federal Contract Tower,4,2,16,6,28,0,3,22,5,30,4,5,38,11,58,10,0,10,68
11/08/2021,SLN,KS,ACE,CE,Federal Contract Tower,4,9,5,2,20,0,142,27,0,169,4,151,32,2,189,310,0,310,499
11/09/2021,SLN,KS,ACE,CE,Federal Contract Tower,4,7,17,2,30,0,107,24,2,133,4,114,41,4,163,276,2,278,441
11/10/2021,SLN,KS,ACE,CE,Federal Contract Tower,6,15,17,2,40,0,6,0,0,6,6,21,17,2,46,0,0,0,46
11/11/2021,SLN,KS,ACE,CE,Federal Contract Tower,5,8,13,0,26,0,94,6,0,100,5,102,19,0,126,124,0,124,250
11/12/2021,SLN,KS,ACE,CE,Federal Contract Tower,4,3,13,0,20,0,48,7,1,56,4,51,20,1,76,36,0,36,112
11/13/2021,SLN,KS,ACE,CE,Federal Contract Tower,4,7,13,0,24,0,61,15,2,78,4,68,28,2,102,132,0,132,234
11/14/2021,SLN,KS,ACE,CE,Federal Contract Tower,5,6,10,2,23,0,4,15,8,27,5,10,25,10,50,14,0,14,64
11/15/2021,SLN,KS,ACE,CE,Federal Contract Tower,4,2,14,0,20,0,144,19,2,165,4,146,33,2,185,298,0,298,483
11/16/2021,SLN,KS,ACE,CE,Federal Contract Tower,3,8,4,5,20,0,135,11,5,151,3,143,15,10,171,86,34,120,291
11/17/2021,SLN,KS,ACE,CE,Federal Contract Tower,4,8,8,2,22,0,89,12,8,109,4,97,20,10,131,142,0,142,273
11/18/2021,SLN,KS,ACE,CE,Federal Contract Tower,4,20,6,0,30,0,105,23,16,144,4,125,29,16,174,146,46,192,366
11/19/2021,SLN,KS,ACE,CE,Federal Contract Tower,4,6,12,5,27,0,35,12,19,66,4,41,24,24,93,66,30,96,189
11/20/2021,SLN,KS,ACE,CE,Federal Contract Tower,4,5,11,4,24,0,30,41,4,75,4,35,52,8,99,60,2,62,161
11/21/2021,SLN,KS,ACE,CE,Federal Contract Tower,4,2,8,3,17,0,5,19,2,26,4,7,27,5,43,18,8,26,69
11/22/2021,SLN,KS,ACE,CE,Federal Contract Tower,4,8,4,0,16,0,78,35,4,117,4,86,39,4,133,154,0,154,287
11/23/2021,SLN,KS,ACE,CE,Federal Contract Tower,4,6,6,3,19,0,47,9,3,59,4,53,15,6,78,92,10,102,180
11/24/2021,SLN,KS,ACE,CE,Federal Contract Tower,4,5,9,1,19,0,2,17,1,20,4,7,26,2,39,10,8,18,57
11/25/2021,SLN,KS,ACE,CE,Federal Contract Tower,1,0,3,0,4,0,1,6,0,7,1,1,9,0,11,0,0,0,11
11/26/2021,SLN,KS,ACE,CE,Federal Contract Tower,3,3,3,0,9,0,4,19,0,23,3,7,22,0,32,6,0,6,38
11/27/2021,SLN,KS,ACE,CE,Federal Contract Tower,4,5,14,0,23,0,5,13,0,18,4,10,27,0,41,6,0,6,47
11/28/2021,SLN,KS,ACE,CE,Federal Contract Tower,4,4,5,0,13,0,4,35,0,39,4,8,40,0,52,0,0,0,52
11/29/2021,SLN,KS,ACE,CE,Federal Contract Tower,4,10,15,2,31,0,144,15,0,159,4,154,30,2,190,226,0,226,416
11/30/2021,SLN,KS,ACE,CE,Federal Contract Tower,4,14,15,0,33,0,110,14,1,125,4,124,29,1,158,274,0,274,432
12/01/2021,SLN,KS,ACE,CE,Federal Contract Tower,4,7,10,0,21,0,131,9,0,140,4,138,19,0,161,242,0,242,403
12/02/2021,SLN,KS,ACE,CE,Federal Contract Tower,4,12,18,0,34,0,114,24,3,141,4,126,42,3,175,258,0,258,433
12/03/2021,SLN,KS,ACE,CE,Federal Contract Tower,3,14,14,2,33,0,83,21,3,107,3,97,35,5,140,186,2,188,328
12/04/2021,SLN,KS,ACE,CE,Federal Contract Tower,4,9,7,1,21,0,56,6,3,65,4,65,13,4,86,98,4,102,188
12/05/2021,SLN,KS,ACE,CE,Federal Contract Tower,3,6,10,2,21,0,3,20,0,23,3,9,30,2,44,24,0,24,68
12/06/2021,SLN,KS,ACE,CE,Federal Contract Tower,5,11,6,6,28,0,100,12,0,112,5,111,18,6,140,210,0,210,350
12/07/2021,SLN,KS,ACE,CE,Federal Contract Tower,4,14,3,11,32,0,106,18,6,130,4,120,21,17,162,218,8,226,388
12/08/2021,SLN,KS,ACE,CE,Federal Contract Tower,5,10,8,0,23,0,112,26,0,138,5,122,34,0,161,210,0,210,371
12/09/2021,SLN,KS,ACE,CE,Federal Contract Tower,4,21,10,6,41,0,83,22,9,114,4,104,32,15,155,172,22,194,349
12/10/2021,SLN,KS,ACE,CE,Federal Contract Tower,6,14,9,2,31,0,59,2,10,71,6,73,11,12,102,65,16,81,183
12/11/2021,SLN,KS,ACE,CE,Federal Contract Tower,4,1,5,5,15,0,56,36,1,93,4,57,41,6,108,146,0,146,254
12/12/2021,SLN,KS,ACE,CE,Federal Contract Tower,3,2,7,0,12,0,5,11,2,18,3,7,18,2,30,0,0,0,30
12/13/2021,SLN,KS,ACE,CE,Federal Contract Tower,4,11,12,3,30,0,108,13,1,122,4,119,25,4,152,224,2,226,378
12/14/2021,SLN,KS,ACE,CE,Federal Contract Tower,4,10,18,7,39,0,75,18,1,94,4,85,36,8,133,152,12,164,297
12/15/2021,SLN,KS,ACE,CE,Federal Contract Tower,3,5,4,1,13,0,3,0,0,3,3,8,4,1,16,2,0,2,18
12/16/2021,SLN,KS,ACE,CE,Federal Contract Tower,1,3,12,2,18,0,25,26,6,57,1,28,38,8,75,46,0,46,121
12/17/2021,SLN,KS,ACE,CE,Federal Contract Tower,5,7,14,5,31,0,1,10,6,17,5,8,24,11,48,10,2,12,60
12/18/2021,SLN,KS,ACE,CE,Federal Contract Tower,4,6,10,1,21,0,1,9,3,13,4,7,19,4,34,0,6,6,40
12/19/2021,SLN,KS,ACE,CE,Federal Contract Tower,4,5,13,0,22,0,2,14,0,16,4,7,27,0,38,0,0,0,38
12/20/2021,SLN,KS,ACE,CE,Federal Contract Tower,4,9,10,0,23,0,89,11,0,100,4,98,21,0,123,180,0,180,303
12/21/2021,SLN,KS,ACE,CE,Federal Contract Tower,3,8,11,6,28,0,65,14,2,81,3,73,25,8,109,142,6,148,257
12/22/2021,SLN,KS,ACE,CE,Federal Contract Tower,5,12,12,0,29,0,61,10,1,72,5,73,22,1,101,86,0,86,187
12/23/2021,SLN,KS,ACE,CE,Federal Contract Tower,4,5,9,0,18,0,24,7,1,32,4,29,16,1,50,56,0,56,106
12/24/2021,SLN,KS,ACE,CE,Federal Contract Tower,4,4,2,0,10,0,2,4,0,6,4,6,6,0,16,0,0,0,16
12/25/2021,SLN,KS,ACE,CE,Federal Contract Tower,4,3,4,0,11,0,0,13,0,13,4,3,17,0,24,0,0,0,24
12/26/2021,SLN,KS,ACE,CE,Federal Contract Tower,4,7,29,0,40,0,3,4,0,7,4,10,33,0,47,0,0,0,47
12/27/2021,SLN,KS,ACE,CE,Federal Contract Tower,4,3,20,0,27,0,0,16,0,16,4,3,36,0,43,12,0,12,55
12/28/2021,SLN,KS,ACE,CE,Federal Contract Tower,3,4,16,0,23,0,0,15,0,15,3,4,31,0,38,14,0,14,52
12/29/2021,SLN,KS,ACE,CE,Federal Contract Tower,4,1,10,2,17,0,2,5,10,17,4,3,15,12,34,10,0,10,44
12/30/2021,SLN,KS,ACE,CE,Federal Contract Tower,4,6,9,1,20,0,6,11,1,18,4,12,20,2,38,2,0,2,40
12/31/2021,SLN,KS,ACE,CE,Federal Contract Tower,4,6,13,0,23,0,0,8,0,8,4,6,21,0,31,4,0,4,35
01/01/2022,SLN,KS,ACE,CE,Federal Contract Tower,3,0,2,0,5,0,0,0,0,0,3,0,2,0,5,0,0,0,5
01/02/2022,SLN,KS,ACE,CE,Federal Contract Tower,2,7,18,0,27,0,2,7,0,9,2,9,25,0,36,0,0,0,36
01/03/2022,SLN,KS,ACE,CE,Federal Contract Tower,1,6,10,0,17,0,40,10,0,50,1,46,20,0,67,34,0,34,101
01/04/2022,SLN,KS,ACE,CE,Federal Contract Tower,3,7,3,2,15,0,49,8,1,58,3,56,11,3,73,64,2,66,139
01/05/2022,SLN,KS,ACE,CE,Federal Contract Tower,4,4,8,0,16,0,55,2,4,61,4,59,10,4,77,94,0,94,171
01/06/2022,SLN,KS,ACE,CE,Federal Contract Tower,3,2,2,0,7,0,12,3,10,25,3,14,5,10,32,14,30,44,76
01/07/2022,SLN,KS,ACE,CE,Federal Contract Tower,3,6,13,2,24,0,49,11,11,71,3,55,24,13,95,68,44,112,207
01/08/2022,SLN,KS,ACE,CE,Federal Contract Tower,3,7,5,4,19,0,0,5,6,11,3,7,10,10,30,0,2,2,32
01/09/2022,SLN,KS,ACE,CE,Federal Contract Tower,3,5,10,0,18,0,2,13,4,19,3,7,23,4,37,4,10,14,51
01/10/2022,SLN,KS,ACE,CE,Federal Contract Tower,4,1,14,2,21,0,62,17,0,79,4,63,31,2,100,94,0,94,194
01/11/2022,SLN,KS,ACE,CE,Federal Contract Tower,4,5,8,0,17,0,56,5,0,61,4,61,13,0,78,26,0,26,104
01/12/2022,SLN,KS,ACE,CE,Federal Contract Tower,7,4,8,1,20,0,76,10,5,91,7,80,18,6,111,144,2,146,257
01/13/2022,SLN,KS,ACE,CE,Federal Contract Tower,4,5,14,12,35,2,67,12,4,85,6,72,26,16,120,96,2,98,218
01/14/2022,SLN,KS,ACE,CE,Federal Contract Tower,4,8,3,0,15,0,31,7,0,38,4,39,10,0,53,70,0,70,123
01/15/2022,SLN,KS,ACE,CE,Federal Contract Tower,4,0,6,0,10,0,0,0,0,0,4,0,6,0,10,0,0,0,10
01/16/2022,SLN,KS,ACE,CE,Federal Contract Tower,4,2,6,0,12,0,3,18,0,21,4,5,24,0,33,10,0,10,43
01/17/2022,SLN,KS,ACE,CE,Federal Contract Tower,4,7,2,0,13,0,3,9,2,14,4,10,11,2,27,8,0,8,35
01/18/2022,SLN,KS,ACE,CE,Federal Contract Tower,4,12,11,4,31,0,59,31,0,90,4,71,42,4,121,164,2,166,287
01/19/2022,SLN,KS,ACE,CE,Federal Contract Tower,3,10,7,4,24,0,42,5,5,52,3,52,12,9,76,56,42,98,174
01/20/2022,SLN,KS,ACE,CE,Federal Contract Tower,3,13,17,4,37,0,47,8,4,59,3,60,25,8,96,46,2,48,144
01/21/2022,SLN,KS,ACE,CE,Federal Contract Tower,5,7,8,0,20,0,64,16,8,88,5,71,24,8,108,126,18,144,252
01/22/2022,SLN,KS,ACE,CE,Federal Contract Tower,4,2,2,0,8,0,37,17,0,54,4,39,19,0,62,32,0,32,94
01/23/2022,SLN,KS,ACE,CE,Federal Contract Tower,5,2,11,2,20,0,2,18,0,20,5,4,29,2,40,4,0,4,44
01/24/2022,SLN,KS,ACE,CE,Federal Contract Tower,4,8,4,4,20,0,97,15,1,113,4,105,19,5,133,118,0,118,251
01/25/2022,SLN,KS,ACE,CE,Federal Contract Tower,4,7,11,1,23,0,69,4,2,75,4,76,15,3,98,174,0,174,272
01/26/2022,SLN,KS,ACE,CE,Federal Contract Tower,4,2,15,16,37,0,108,11,4,123,4,110,26,20,160,134,14,148,308
01/27/2022,SLN,KS,ACE,CE,Federal Contract Tower,4,6,14,1,25,0,106,8,7,121,4,112,22,8,146,132,8,140,286
01/28/2022,SLN,KS,ACE,CE,Federal Contract Tower,4,8,18,1,31,0,126,26,12,164,4,134,44,13,195,158,16,174,369
01/29/2022,SLN,KS,ACE,CE,Federal Contract Tower,4,8,6,2,20,0,52,17,2,71,4,60,23,4,91,48,0,48,139
01/30/2022,SLN,KS,ACE,CE,Federal Contract Tower,10,8,11,0,29,0,3,12,0,15,10,11,23,0,44,12,0,12,56
01/31/2022,SLN,KS,ACE,CE,Federal Contract Tower,4,1,9,1,15,0,129,9,1,139,4,130,18,2,154,132,0,132,286
02/01/2022,SLN,KS,ACE,CE,Federal Contract Tower,4,10,0,4,18,0,70,11,1,82,4,80,11,5,100,98,12,110,210
02/02/2022,SLN,KS,ACE,CE,Federal Contract Tower,3,3,7,0,13,0,0,0,0,0,3,3,7,0,13,0,0,0,13
02/03/2022,SLN,KS,ACE,CE,Federal Contract Tower,7,9,24,4,44,0,75,21,9,105,7,84,45,13,149,94,0,94,243
02/04/2022,SLN,KS,ACE,CE,Federal Contract Tower,6,4,33,0,43,0,114,20,2,136,6,118,53,2,179,116,0,116,295
02/05/2022,SLN,KS,ACE,CE,Federal Contract Tower,10,4,4,0,18,0,59,6,0,65,10,63,10,0,83,80,0,80,163
02/06/2022,SLN,KS,ACE,CE,Federal Contract Tower,5,0,10,0,15,0,1,11,0,12,5,1,21,0,27,6,0,6,33
02/07/2022,SLN,KS,ACE,CE,Federal Contract Tower,4,4,10,8,26,0,119,18,4,141,4,123,28,12,167,156,12,168,335
02/08/2022,SLN,KS,ACE,CE,Federal Contract Tower,4,3,16,0,23,0,100,15,2,117,4,103,31,2,140,116,0,116,256
02/09/2022,SLN,KS,ACE,CE,Federal Contract Tower,4,0,6,0,10,0,144,8,2,154,4,144,14,2,164,188,0,188,352
02/10/2022,SLN,KS,ACE,CE,Federal Contract Tower,4,8,8,2,22,0,103,11,8,122,4,111,19,10,144,174,6,180,324
02/11/2022,SLN,KS,ACE,CE,Federal Contract Tower,3,6,4,0,13,0,66,5,0,71,3,72,9,0,84,92,0,92,176
02/12/2022,SLN,KS,ACE,CE,Federal Contract Tower,4,4,9,0,17,0,76,20,0,96,4,80,29,0,113,112,0,112,225
02/13/2022,SLN,KS,ACE,CE,Federal Contract Tower,4,0,6,2,12,0,3,27,0,30,4,3,33,2,42,14,0,14,56
02/14/2022,SLN,KS,ACE,CE,Federal Contract Tower,4,2,4,3,13,0,138,15,9,162,4,140,19,12,175,202,10,212,387
02/15/2022,SLN,KS,ACE,CE,Federal Contract Tower,4,7,11,9,31,0,56,29,6,91,4,63,40,15,122,44,4,48,170
02/16/2022,SLN,KS,ACE,CE,Federal Contract Tower,4,7,27,0,38,0,137,9,7,153,4,144,36,7,191,186,0,186,377
02/17/2022,SLN,KS,ACE,CE,Federal Contract Tower,5,0,12,0,17,0,61,8,7,76,5,61,20,7,93,128,10,138,231
02/18/2022,SLN,KS,ACE,CE,Federal Contract Tower,4,2,14,1,21,0,98,13,5,116,4,100,27,6,137,128,0,128,265
02/19/2022,SLN,KS,ACE,CE,Federal Contract Tower,4,8,8,0,20,0,76,22,3,101,4,84,30,3,121,128,0,128,249
02/20/2022,SLN,KS,ACE,CE,Federal Contract Tower,6,2,16,0,24,0,2,22,0,24,6,4,38,0,48,16,0,16,64
02/21/2022,SLN,KS,ACE,CE,Federal Contract Tower,4,3,12,0,19,0,130,13,0,143,4,133,25,0,162,158,0,158,320
02/22/2022,SLN,KS,ACE,CE,Federal Contract Tower,4,6,8,1,19,0,40,1,3,44,4,46,9,4,63,72,4,76,139
02/23/2022,SLN,KS,ACE,CE,Federal Contract Tower,3,8,9,4,24,0,125,10,12,147,3,133,19,16,171,150,0,150,321
02/24/2022,SLN,KS,ACE,CE,Federal Contract Tower,7,2,4,0,13,0,0,0,8,8,7,2,4,8,21,0,0,0,21
02/25/2022,SLN,KS,ACE,CE,Federal Contract Tower,3,14,19,8,44,0,148,11,2,161,3,162,30,10,205,174,0,174,379
02/26/2022,SLN,KS,ACE,CE,Federal Contract Tower,3,6,6,1,16,0,70,24,0,94,3,76,30,1,110,154,0,154,264
02/27/2022,SLN,KS,ACE,CE,Federal Contract Tower,4,3,4,6,17,0,0,19,0,19,4,3,23,6,36,2,0,2,38
02/28/2022,SLN,KS,ACE,CE,Federal Contract Tower,7,7,10,0,24,0,126,10,8,144,7,133,20,8,168,186,0,186,354
03/01/2022,SLN,KS,ACE,CE,Federal Contract Tower,5,6,11,3,25,0,101,24,21,146,5,107,35,24,171,142,40,182,353
03/02/2022,SLN,KS,ACE,CE,Federal Contract Tower,6,11,9,8,34,0,94,13,15,122,6,105,22,23,156,166,0,166,322
03/03/2022,SLN,KS,ACE,CE,Federal Contract Tower,4,13,22,12,51,0,73,12,6,91,4,86,34,18,142,92,0,92,234
03/04/2022,SLN,KS,ACE,CE,Federal Contract Tower,3,1,14,3,21,0,59,9,4,72,3,60,23,7,93,70,0,70,163
03/05/2022,SLN,KS,ACE,CE,Federal Contract Tower,6,8,8,1,23,0,7,4,2,13,6,15,12,3,36,4,0,4,40
03/06/2022,SLN,KS,ACE,CE,Federal Contract Tower,4,8,10,4,26,0,0,17,2,19,4,8,27,6,45,8,0,8,53
03/07/2022,SLN,KS,ACE,CE,Federal Contract Tower,4,5,8,4,21,0,72,9,1,82,4,77,17,5,103,88,0,88,191
03/08/2022,SLN,KS,ACE,CE,Federal Contract Tower,3,6,11,6,26,0,113,20,10,143,3,119,31,16,169,254,2,256,425
03/09/2022,SLN,KS,ACE,CE,Federal Contract Tower,10,5,20,3,38,0,153,2,22,177,10,158,22,25,215,268,16,284,499
03/10/2022,SLN,KS,ACE,CE,Federal Contract Tower,4,2,4,4,14,0,1,4,0,5,4,3,8,4,19,0,0,0,19
03/11/2022,SLN,KS,ACE,CE,Federal Contract Tower,13,23,18,6,60,0,133,17,8,158,13,156,35,14,218,160,14,174,392
03/12/2022,SLN,KS,ACE,CE,Federal Contract Tower,4,14,17,6,41,0,22,11,3,36,4,36,28,9,77,46,0,46,123
03/13/2022,SLN,KS,ACE,CE,Federal Contract Tower,5,0,15,4,24,0,0,25,0,25,5,0,40,4,49,4,0,4,53
03/14/2022,SLN,KS,ACE,CE,Federal Contract Tower,6,7,7,4,24,0,77,11,3,91,6,84,18,7,115,152,4,156,271
03/15/2022,SLN,KS,ACE,CE,Federal Contract Tower,2,6,20,3,31,0,65,29,10,104,2,71,49,13,135,160,0,160,295
03/16/2022,SLN,KS,ACE,CE,Federal Contract Tower,4,7,9,18,38,0,47,30,13,90,4,54,39,31,128,102,24,126,254
03/17/2022,SLN,KS,ACE,CE,Federal Contract Tower,1,8,7,2,18,0,30,3,16,49,1,38,10,18,67,46,6,52,119
03/18/2022,SLN,KS,ACE,CE,Federal Contract Tower,3,4,9,0,16,0,10,12,6,28,3,14,21,6,44,10,0,10,54
03/19/2022,SLN,KS,ACE,CE,Federal Contract Tower,4,6,20,0,30,0,11,31,0,42,4,17,51,0,72,56,0,56,128
03/20/2022,SLN,KS,ACE,CE,Federal Contract Tower,4,2,10,0,16,0,2,24,0,26,4,4,34,0,42,20,12,32,74
03/21/2022,SLN,KS,ACE,CE,Federal Contract Tower,6,6,7,1,20,0,35,0,0,35,6,41,7,1,55,98,0,98,153
03/22/2022,SLN,KS,ACE,CE,Federal Contract Tower,2,6,12,0,20,0,0,0,2,2,2,6,12,2,22,0,0,0,22
03/23/2022,SLN,KS,ACE,CE,Federal Contract Tower,4,13,5,0,22,0,72,2,0,74,4,85,7,0,96,74,0,74,170
03/24/2022,SLN,KS,ACE,CE,Federal Contract Tower,2,8,12,5,27,0,105,9,22,136,2,113,21,27,163,272,38,310,473
03/25/2022,SLN,KS,ACE,CE,Federal Contract Tower,3,10,11,7,31,0,140,8,8,156,3,150,19,15,187,246,20,266,453
03/26/2022,SLN,KS,ACE,CE,Federal Contract Tower,4,4,7,0,15,0,56,15,5,76,4,60,22,5,91,98,0,98,189
03/27/2022,SLN,KS,ACE,CE,Federal Contract Tower,4,4,8,0,16,0,8,10,0,18,4,12,18,0,34,0,0,0,34
03/28/2022,SLN,KS,ACE,CE,Federal Contract Tower,4,6,14,5,29,0,98,10,14,122,4,104,24,19,151,158,2,160,311
03/29/2022,SLN,KS,ACE,CE,Federal Contract Tower,2,2,4,0,8,0,41,4,2,47,2,43,8,2,55,92,0,92,147
03/30/2022,SLN,KS,ACE,CE,Federal Contract Tower,4,7,7,4,22,0,49,1,6,56,4,56,8,10,78,58,0,58,136
03/31/2022,SLN,KS,ACE,CE,Federal Contract Tower,1,12,5,6,24,0,115,15,9,139,1,127,20,15,163,244,0,244,407
04/01/2022,SLN,KS,ACE,CE,Federal Contract Tower,5,7,9,1,22,0,105,4,1,110,5,112,13,2,132,150,6,156,288
04/02/2022,SLN,KS,ACE,CE,Federal Contract Tower,3,12,10,10,35,0,50,32,0,82,3,62,42,10,117,188,0,188,305
04/03/2022,SLN,KS,ACE,CE,Federal Contract Tower,5,6,9,0,20,0,0,31,0,31,5,6,40,0,51,12,0,12,63
04/04/2022,SLN,KS,ACE,CE,Federal Contract Tower,6,4,11,3,24,0,101,6,2,109,6,105,17,5,133,22,0,22,155
04/05/2022,SLN,KS,ACE,CE,Federal Contract Tower,6,9,13,3,31,0,51,8,7,66,6,60,21,10,97,34,0,34,131
04/06/2022,SLN,KS,ACE,CE,Federal Contract Tower,6,4,14,0,24,0,26,2,6,34,6,30,16,6,58,10,22,32,90
04/07/2022,SLN,KS,ACE,CE,Federal Contract Tower,6,0,15,2,23,0,4,2,0,6,6,4,17,2,29,2,0,2,31
04/08/2022,SLN,KS,ACE,CE,Federal Contract Tower,6,1,11,5,23,0,44,9,14,67,6,45,20,19,90,22,8,30,120
04/09/2022,SLN,KS,ACE,CE,Federal Contract Tower,6,0,8,0,14,0,75,22,2,99,6,75,30,2,113,78,0,78,191
04/10/2022,SLN,KS,ACE,CE,Federal Contract Tower,6,2,9,0,17,0,2,11,2,15,6,4,20,2,32,2,0,2,34
04/11/2022,SLN,KS,ACE,CE,Federal Contract Tower,6,6,15,0,27,0,126,23,4,153,6,132,38,4,180,72,0,72,252
04/12/2022,SLN,KS,ACE,CE,Federal Contract Tower,4,0,5,0,9,0,0,2,0,2,4,0,7,0,11,0,0,0,11
04/13/2022,SLN,KS,ACE,CE,Federal Contract Tower,6,5,17,1,29,0,107,15,10,132,6,112,32,11,161,20,0,20,181
04/14/2022,SLN,KS,ACE,CE,Federal Contract Tower,7,7,15,2,31,0,129,6,5,140,7,136,21,7,171,52,0,52,223
04/15/2022,SLN,KS,ACE,CE,Federal Contract Tower,6,6,3,1,16,0,102,15,2,119,6,108,18,3,135,48,0,48,183
04/16/2022,SLN,KS,ACE,CE,Federal Contract Tower,7,4,9,1,21,0,24,14,2,40,7,28,23,3,61,12,0,12,73
04/17/2022,SLN,KS,ACE,CE,Federal Contract Tower,6,2,1,0,9,0,0,8,0,8,6,2,9,0,17,24,0,24,41
04/18/2022,SLN,KS,ACE,CE,Federal Contract Tower,6,19,8,0,33,0,146,14,0,160,6,165,22,0,193,96,0,96,289
04/19/2022,SLN,KS,ACE,CE,Federal Contract Tower,6,5,4,3,18,0,95,2,15,112,6,100,6,18,130,48,2,50,180
04/20/2022,SLN,KS,ACE,CE,Federal Contract Tower,7,15,11,0,33,0,58,7,9,74,7,73,18,9,107,64,20,84,191
04/21/2022,SLN,KS,ACE,CE,Federal Contract Tower,6,8,9,0,23,0,19,0,3,22,6,27,9,3,45,30,0,30,75
04/22/2022,SLN,KS,ACE,CE,Federal Contract Tower,6,2,3,0,11,0,4,1,8,13,6,6,4,8,24,10,0,10,34
04/23/2022,SLN,KS,ACE,CE,Federal Contract Tower,6,3,2,0,11,0,4,1,8,13,6,7,3,8,24,0,0,0,24
04/24/2022,SLN,KS,ACE,CE,Federal Contract Tower,6,8,12,0,26,0,3,25,1,29,6,11,37,1,55,26,0,26,81
04/25/2022,SLN,KS,ACE,CE,Federal Contract Tower,6,12,18,1,37,0,138,19,2,159,6,150,37,3,196,80,0,80,276
04/26/2022,SLN,KS,ACE,CE,Federal Contract Tower,6,16,20,2,44,0,117,20,3,140,6,133,40,5,184,38,0,38,222
04/27/2022,SLN,KS,ACE,CE,Federal Contract Tower,6,4,7,0,17,0,39,6,9,54,6,43,13,9,71,19,0,19,90
04/28/2022,SLN,KS,ACE,CE,Federal Contract Tower,6,5,11,0,22,0,76,14,0,90,6,81,25,0,112,118,0,118,230
04/29/2022,SLN,KS,ACE,CE,Federal Contract Tower,6,4,3,0,13,0,23,2,1,26,6,27,5,1,39,44,0,44,83
04/30/2022,SLN,KS,ACE,CE,Federal Contract Tower,6,8,3,0,17,0,24,10,0,34,6,32,13,0,51,60,0,60,111
05/01/2022,SLN,KS,ACE,CE,Federal Contract Tower,6,4,9,0,19,0,6,40,0,46,6,10,49,0,65,84,0,84,149
05/02/2022,SLN,KS,ACE,CE,Federal Contract Tower,11,0,6,2,19,0,0,0,0,0,11,0,6,2,19,0,0,0,19
05/03/2022,SLN,KS,ACE,CE,Federal Contract Tower,7,17,8,6,38,0,97,19,4,120,7,114,27,10,158,270,0,270,428
05/04/2022,SLN,KS,ACE,CE,Federal Contract Tower,6,9,6,1,22,0,14,0,0,14,6,23,6,1,36,86,0,86,122
05/05/2022,SLN,KS,ACE,CE,Federal Contract Tower,6,1,4,0,11,0,0,0,0,0,6,1,4,0,11,0,0,0,11
05/06/2022,SLN,KS,ACE,CE,Federal Contract Tower,6,16,7,5,34,0,55,9,3,67,6,71,16,8,101,120,2,122,223
05/07/2022,SLN,KS,ACE,CE,Federal Contract Tower,6,4,5,0,15,0,19,8,0,27,6,23,13,0,42,54,0,54,96
05/08/2022,SLN,KS,ACE,CE,Federal Contract Tower,6,7,3,0,16,0,0,10,0,10,6,7,13,0,26,8,0,8,34
05/09/2022,SLN,KS,ACE,CE,Federal Contract Tower,5,9,7,4,25,0,107,6,0,113,5,116,13,4,138,138,0,138,276
05/10/2022,SLN,KS,ACE,CE,Federal Contract Tower,6,10,9,0,25,0,93,30,3,126,6,103,39,3,151,233,0,233,384
05/11/2022,SLN,KS,ACE,CE,Federal Contract Tower,6,7,9,5,27,0,79,28,4,111,6,86,37,9,138,176,2,178,316
05/12/2022,SLN,KS,ACE,CE,Federal Contract Tower,4,9,10,1,24,0,65,7,12,84,4,74,17,13,108,142,48,190,298
05/13/2022,SLN,KS,ACE,CE,Federal Contract Tower,7,11,15,2,35,0,73,45,12,130,7,84,60,14,165,114,16,130,295
05/14/2022,SLN,KS,ACE,CE,Federal Contract Tower,5,0,7,0,12,0,32,16,0,48,5,32,23,0,60,66,0,66,126
05/15/2022,SLN,KS,ACE,CE,Federal Contract Tower,6,8,14,0,28,0,2,19,0,21,6,10,33,0,49,34,0,34,83
05/16/2022,SLN,KS,ACE,CE,Federal Contract Tower,6,3,7,4,20,0,97,22,0,119,6,100,29,4,139,186,0,186,325
05/17/2022,SLN,KS,ACE,CE,Federal Contract Tower,6,5,14,1,26,0,75,9,4,88,6,80,23,5,114,102,10,112,226
05/18/2022,SLN,KS,ACE,CE,Federal Contract Tower,5,14,6,10,35,0,122,27,9,158,5,136,33,19,193,242,10,252,445
05/19/2022,SLN,KS,ACE,CE,Federal Contract Tower,6,9,22,13,50,0,66,20,19,105,6,75,42,32,155,192,20,212,367
05/20/2022,SLN,KS,ACE,CE,Federal Contract Tower,6,6,7,2,21,0,69,10,16,95,6,75,17,18,116,120,54,174,290
05/21/2022,SLN,KS,ACE,CE,Federal Contract Tower,6,2,7,0,15,0,6,3,2,11,6,8,10,2,26,8,8,16,42
05/22/2022,SLN,KS,ACE,CE,Federal Contract Tower,6,2,6,0,14,0,0,30,0,30,6,2,36,0,44,24,0,24,68
05/23/2022,SLN,KS,ACE,CE,Federal Contract Tower,5,10,9,2,26,0,67,15,0,82,5,77,24,2,108,174,0,174,282
05/24/2022,SLN,KS,ACE,CE,Federal Contract Tower,5,4,8,0,17,0,0,0,0,0,5,4,8,0,17,0,0,0,17
05/25/2022,SLN,KS,ACE,CE,Federal Contract Tower,6,12,14,0,32,0,0,0,0,0,6,12,14,0,32,0,0,0,32
05/26/2022,SLN,KS,ACE,CE,Federal Contract Tower,6,6,9,13,34,0,41,14,5,60,6,47,23,18,94,92,0,92,186
05/27/2022,SLN,KS,ACE,CE,Federal Contract Tower,6,6,9,0,21,0,101,28,0,129,6,107,37,0,150,204,0,204,354
05/28/2022,SLN,KS,ACE,CE,Federal Contract Tower,5,4,8,0,17,0,18,7,0,25,5,22,15,0,42,22,0,22,64
05/29/2022,SLN,KS,ACE,CE,Federal Contract Tower,5,2,8,0,15,0,2,0,0,2,5,4,8,0,17,0,0,0,17
05/30/2022,SLN,KS,ACE,CE,Federal Contract Tower,9,5,6,0,20,0,0,3,0,3,9,5,9,0,23,12,0,12,35
05/31/2022,SLN,KS,ACE,CE,Federal Contract Tower,5,3,16,8,32,0,106,11,4,121,5,109,27,12,153,190,12,202,355
06/01/2022,SLN,KS,ACE,CE,Federal Contract Tower,8,5,12,9,34,0,82,3,10,95,8,87,15,19,129,138,22,160,289
06/02/2022,SLN,KS,ACE,CE,Federal Contract Tower,6,2,16,9,33,0,122,33,12,167,6,124,49,21,200,256,32,288,488
06/03/2022,SLN,KS,ACE,CE,Federal Contract Tower,6,11,13,7,37,0,126,21,8,155,6,137,34,15,192,184,28,212,404
06/04/2022,SLN,KS,ACE,CE,Federal Contract Tower,6,7,10,0,23,0,18,3,0,21,6,25,13,0,44,42,0,42,86
06/05/2022,SLN,KS,ACE,CE,Federal Contract Tower,5,3,6,4,18,0,7,7,1,15,5,10,13,5,33,12,0,12,45
06/06/2022,SLN,KS,ACE,CE,Federal Contract Tower,7,5,1,7,20,2,77,13,3,95,9,82,14,10,115,146,2,148,263
06/07/2022,SLN,KS,ACE,CE,Federal Contract Tower,6,10,11,2,29,0,92,7,8,107,6,102,18,10,136,176,0,176,312
06/08/2022,SLN,KS,ACE,CE,Federal Contract Tower,6,8,13,11,38,0,89,19,13,121,6,97,32,24,159,168,6,174,333
06/09/2022,SLN,KS,ACE,CE,Federal Contract Tower,9,7,10,9,35,0,58,8,11,77,9,65,18,20,112,148,30,178,290
06/10/2022,SLN,KS,ACE,CE,Federal Contract Tower,5,14,10,9,38,0,70,19,17,106,5,84,29,26,144,244,36,280,424
06/11/2022,SLN,KS,ACE,CE,Federal Contract Tower,6,1,7,2,16,0,26,18,6,50,6,27,25,8,66,60,6,66,132
06/12/2022,SLN,KS,ACE,CE,Federal Contract Tower,5,5,6,4,20,0,1,12,2,15,5,6,18,6,35,22,0,22,57
06/13/2022,SLN,KS,ACE,CE,Federal Contract Tower,7,9,9,6,31,0,8,9,10,27,7,17,18,16,58,10,10,20,78
06/14/2022,SLN,KS,ACE,CE,Federal Contract Tower,3,3,9,4,19,0,21,8,14,43,3,24,17,18,62,28,0,28,90
06/15/2022,SLN,KS,ACE,CE,Federal Contract Tower,6,12,10,13,41,0,87,28,22,137,6,99,38,35,178,174,24,198,376
06/16/2022,SLN,KS,ACE,CE,Federal Contract Tower,7,5,15,2,29,0,92,23,8,123,7,97,38,10,152,162,32,194,346
06/17/2022,SLN,KS,ACE,CE,Federal Contract Tower,6,7,7,4,24,0,65,14,8,87,6,72,21,12,111,116,10,126,237
06/18/2022,SLN,KS,ACE,CE,Federal Contract Tower,6,4,4,0,14,0,18,9,5,32,6,22,13,5,46,58,0,58,104
06/19/2022,SLN,KS,ACE,CE,Federal Contract Tower,6,7,4,0,17,0,3,25,6,34,6,10,29,6,51,18,0,18,69
06/20/2022,SLN,KS,ACE,CE,Federal Contract Tower,5,3,11,0,19,0,50,10,6,66,5,53,21,6,85,82,0,82,167
06/21/2022,SLN,KS,ACE,CE,Federal Contract Tower,5,4,8,7,24,0,58,14,15,87,5,62,22,22,111,136,4,140,251
06/22/2022,SLN,KS,ACE,CE,Federal Contract Tower,6,24,17,12,59,0,23,3,22,48,6,47,20,34,107,48,4,52,159
06/23/2022,SLN,KS,ACE,CE,Federal Contract Tower,6,4,14,4,28,0,23,17,32,72,6,27,31,36,100,40,6,46,146
06/24/2022,SLN,KS,ACE,CE,Federal Contract Tower,5,4,16,3,28,0,47,16,13,76,5,51,32,16,104,104,0,104,208
06/25/2022,SLN,KS,ACE,CE,Federal Contract Tower,6,5,6,7,24,0,23,20,2,45,6,28,26,9,69,106,16,122,191
06/26/2022,SLN,KS,ACE,CE,Federal Contract Tower,6,6,12,3,27,0,0,22,0,22,6,6,34,3,49,10,0,10,59
06/27/2022,SLN,KS,ACE,CE,Federal Contract Tower,5,10,15,11,41,0,53,9,0,62,5,63,24,11,103,172,0,172,275
06/28/2022,SLN,KS,ACE,CE,Federal Contract Tower,5,6,5,6,22,0,87,22,3,112,5,93,27,9,134,121,8,129,263
06/29/2022,SLN,KS,ACE,CE,Federal Contract Tower,6,10,7,27,50,0,86,20,6,112,6,96,27,33,162,126,2,128,290
06/30/2022,SLN,KS,ACE,CE,Federal Contract Tower,5,8,6,3,22,0,61,27,2,90,5,69,33,5,112,102,14,116,228
07/01/2022,SLN,KS,ACE,CE,Federal Contract Tower,6,0,12,2,20,0,63,12,0,75,6,63,24,2,95,110,0,110,205
07/02/2022,SLN,KS,ACE,CE,Federal Contract Tower,6,5,5,0,16,0,18,11,1,30,6,23,16,1,46,52,0,52,98
07/03/2022,SLN,KS,ACE,CE,Federal Contract Tower,6,0,15,0,21,0,0,5,0,5,6,0,20,0,26,6,0,6,32
07/04/2022,SLN,KS,ACE,CE,Federal Contract Tower,6,0,0,0,6,0,0,6,0,6,6,0,6,0,12,0,0,0,12
07/05/2022,SLN,KS,ACE,CE,Federal Contract Tower,5,2,10,5,22,0,46,24,3,73,5,48,34,8,95,54,0,54,149
07/06/2022,SLN,KS,ACE,CE,Federal Contract Tower,6,8,11,3,28,0,52,16,5,73,6,60,27,8,101,70,0,70,171
07/07/2022,SLN,KS,ACE,CE,Federal Contract Tower,6,7,7,0,20,0,97,25,2,124,6,104,32,2,144,294,12,306,450
07/08/2022,SLN,KS,ACE,CE,Federal Contract Tower,5,7,20,0,32,0,68,14,0,82,5,75,34,0,114,166,0,166,280
07/09/2022,SLN,KS,ACE,CE,Federal Contract Tower,6,2,19,0,27,0,45,15,3,63,6,47,34,3,90,84,0,84,174
07/10/2022,SLN,KS,ACE,CE,Federal Contract Tower,5,2,18,10,35,0,0,28,0,28,5,2,46,10,63,10,4,14,77
07/11/2022,SLN,KS,ACE,CE,Federal Contract Tower,6,7,13,1,27,0,100,16,2,118,6,107,29,3,145,154,4,158,303
07/12/2022,SLN,KS,ACE,CE,Federal Contract Tower,4,3,6,4,17,0,117,28,0,145,4,120,34,4,162,206,14,220,382
07/13/2022,SLN,KS,ACE,CE,Federal Contract Tower,4,7,6,0,17,0,92,24,2,118,4,99,30,2,135,40,0,40,175
07/14/2022,SLN,KS,ACE,CE,Federal Contract Tower,4,6,9,2,21,0,80,24,0,104,4,86,33,2,125,34,0,34,159
07/15/2022,SLN,KS,ACE,CE,Federal Contract Tower,3,6,8,0,17,0,75,28,6,109,3,81,36,6,126,54,0,54,180
07/16/2022,SLN,KS,ACE,CE,Federal Contract Tower,5,7,14,0,26,0,34,10,0,44,5,41,24,0,70,42,0,42,112
07/17/2022,SLN,KS,ACE,CE,Federal Contract Tower,4,6,7,0,17,0,0,17,0,17,4,6,24,0,34,10,0,10,44
07/18/2022,SLN,KS,ACE,CE,Federal Contract Tower,5,9,5,1,20,0,73,13,1,87,5,82,18,2,107,92,0,92,199
07/19/2022,SLN,KS,ACE,CE,Federal Contract Tower,4,5,5,3,17,0,75,22,6,103,4,80,27,9,120,106,12,118,238
07/20/2022,SLN,KS,ACE,CE,Federal Contract Tower,5,2,7,0,14,0,68,20,0,88,5,70,27,0,102,124,0,124,226
07/21/2022,SLN,KS,ACE,CE,Federal Contract Tower,4,7,9,1,21,0,53,12,1,66,4,60,21,2,87,42,0,42,129
07/22/2022,SLN,KS,ACE,CE,Federal Contract Tower,4,1,11,0,16,0,57,18,0,75,4,58,29,0,91,46,0,46,137
07/23/2022,SLN,KS,ACE,CE,Federal Contract Tower,4,8,5,0,17,0,17,13,0,30,4,25,18,0,47,14,0,14,61
07/24/2022,SLN,KS,ACE,CE,Federal Contract Tower,4,0,10,0,14,0,0,16,0,16,4,0,26,0,30,6,0,6,36
07/25/2022,SLN,KS,ACE,CE,Federal Contract Tower,4,2,10,0,16,0,22,8,0,30,4,24,18,0,46,18,0,18,64
07/26/2022,SLN,KS,ACE,CE,Federal Contract Tower,4,6,7,1,18,0,19,7,0,26,4,25,14,1,44,26,0,26,70
07/27/2022,SLN,KS,ACE,CE,Federal Contract Tower,4,4,4,0,12,0,26,9,11,46,4,30,13,11,58,34,10,44,102
07/28/2022,SLN,KS,ACE,CE,Federal Contract Tower,4,0,10,0,14,0,39,5,4,48,4,39,15,4,62,94,0,94,156
07/29/2022,SLN,KS,ACE,CE,Federal Contract Tower,3,0,12,0,15,4,23,8,8,43,7,23,20,8,58,36,0,36,94
07/30/2022,SLN,KS,ACE,CE,Federal Contract Tower,4,6,13,0,23,0,19,10,0,29,4,25,23,0,52,14,0,14,66
07/31/2022,SLN,KS,ACE,CE,Federal Contract Tower,4,4,8,0,16,0,1,13,0,14,4,5,21,0,30,2,0,2,32
08/01/2022,SLN,KS,ACE,CE,Federal Contract Tower,4,3,18,4,29,0,60,8,5,73,4,63,26,9,102,52,0,52,154
08/02/2022,SLN,KS,ACE,CE,Federal Contract Tower,4,5,2,2,13,0,50,22,3,75,4,55,24,5,88,50,0,50,138
08/03/2022,SLN,KS,ACE,CE,Federal Contract Tower,4,0,7,0,11,0,35,5,2,42,4,35,12,2,53,40,0,40,93
08/04/2022,SLN,KS,ACE,CE,Federal Contract Tower,4,4,10,0,18,0,60,15,8,83,4,64,25,8,101,80,10,90,191
08/05/2022,SLN,KS,ACE,CE,Federal Contract Tower,4,2,11,0,17,0,35,10,7,52,4,37,21,7,69,70,0,70,139
08/06/2022,SLN,KS,ACE,CE,Federal Contract Tower,4,4,4,2,14,0,7,12,1,20,4,11,16,3,34,8,0,8,42
08/07/2022,SLN,KS,ACE,CE,Federal Contract Tower,4,6,11,0,21,0,0,4,0,4,4,6,15,0,25,0,0,0,25
08/08/2022,SLN,KS,ACE,CE,Federal Contract Tower,2,4,9,0,15,0,33,6,8,47,2,37,15,8,62,80,2,82,144
08/09/2022,SLN,KS,ACE,CE,Federal Contract Tower,4,6,10,0,20,0,72,14,6,92,4,78,24,6,112,84,0,84,196
08/10/2022,SLN,KS,ACE,CE,Federal Contract Tower,4,2,7,1,14,0,60,16,9,85,4,62,23,10,99,92,0,92,191
08/11/2022,SLN,KS,ACE,CE,Federal Contract Tower,4,4,14,0,22,0,71,14,21,106,4,75,28,21,128,84,0,84,212
08/12/2022,SLN,KS,ACE,CE,Federal Contract Tower,4,0,7,0,11,0,47,20,4,71,4,47,27,4,82,42,0,42,124
08/13/2022,SLN,KS,ACE,CE,Federal Contract Tower,4,0,2,0,6,0,11,11,2,24,4,11,13,2,30,28,0,28,58
08/14/2022,SLN,KS,ACE,CE,Federal Contract Tower,4,6,12,6,28,0,0,10,0,10,4,6,22,6,38,0,0,0,38
08/15/2022,SLN,KS,ACE,CE,Federal Contract Tower,4,6,10,0,20,0,0,3,2,5,4,6,13,2,25,0,0,0,25
08/16/2022,SLN,KS,ACE,CE,Federal Contract Tower,4,2,4,0,10,0,10,0,0,10,4,12,4,0,20,16,0,16,36
08/17/2022,SLN,KS,ACE,CE,Federal Contract Tower,4,11,6,2,23,0,56,12,3,71,4,67,18,5,94,120,0,120,214
08/18/2022,SLN,KS,ACE,CE,Federal Contract Tower,4,5,5,0,14,0,32,19,13,64,4,37,24,13,78,52,0,52,130
08/19/2022,SLN,KS,ACE,CE,Federal Contract Tower,4,3,11,0,18,0,16,9,0,25,4,19,20,0,43,36,0,36,79
08/20/2022,SLN,KS,ACE,CE,Federal Contract Tower,4,0,2,0,6,0,30,15,0,45,4,30,17,0,51,34,0,34,85
08/21/2022,SLN,KS,ACE,CE,Federal Contract Tower,4,4,7,2,17,0,0,28,4,32,4,4,35,6,49,28,0,28,77
08/22/2022,SLN,KS,ACE,CE,Federal Contract Tower,4,2,6,0,12,0,30,12,0,42,4,32,18,0,54,36,0,36,90
08/23/2022,SLN,KS,ACE,CE,Federal Contract Tower,4,2,14,0,20,0,54,16,4,74,4,56,30,4,94,42,10,52,146
08/24/2022,SLN,KS,ACE,CE,Federal Contract Tower,4,4,15,0,23,0,53,14,4,71,4,57,29,4,94,44,0,44,138
08/25/2022,SLN,KS,ACE,CE,Federal Contract Tower,4,0,14,0,18,0,82,7,8,97,4,82,21,8,115,116,8,124,239
08/26/2022,SLN,KS,ACE,CE,Federal Contract Tower,4,2,10,0,16,0,69,26,7,102,4,71,36,7,118,76,12,88,206
08/27/2022,SLN,KS,ACE,CE,Federal Contract Tower,4,0,3,0,7,0,21,9,0,30,4,21,12,0,37,20,0,20,57
08/28/2022,SLN,KS,ACE,CE,Federal Contract Tower,4,2,2,0,8,0,2,6,0,8,4,4,8,0,16,0,0,0,16
08/29/2022,SLN,KS,ACE,CE,Federal Contract Tower,4,3,18,10,35,0,74,4,2,80,4,77,22,12,115,80,0,80,195
08/30/2022,SLN,KS,ACE,CE,Federal Contract Tower,4,3,5,1,13,0,120,14,1,135,4,123,19,2,148,134,0,134,282
08/31/2022,SLN,KS,ACE,CE,Federal Contract Tower,4,1,16,6,27,0,106,11,8,125,4,107,27,14,152,86,42,128,280
09/01/2022,SLN,KS,ACE,CE,Federal Contract Tower,4,6,12,3,25,0,101,13,3,117,4,107,25,6,142,98,32,130,272
09/02/2022,SLN,KS,ACE,CE,Federal Contract Tower,4,1,21,0,26,0,64,16,0,80,4,65,37,0,106,108,0,108,214
09/03/2022,SLN,KS,ACE,CE,Federal Contract Tower,4,0,4,4,12,0,51,15,0,66,4,51,19,4,78,92,0,92,170
09/04/2022,SLN,KS,ACE,CE,Federal Contract Tower,4,0,13,0,17,0,1,18,0,19,4,1,31,0,36,4,0,4,40
09/05/2022,SLN,KS,ACE,CE,Federal Contract Tower,4,2,15,0,21,0,4,22,0,26,4,6,37,0,47,38,0,38,85
09/06/2022,SLN,KS,ACE,CE,Federal Contract Tower,4,0,21,9,34,0,110,22,1,133,4,110,43,10,167,174,16,190,357
09/07/2022,SLN,KS,ACE,CE,Federal Contract Tower,4,4,11,5,24,0,103,6,7,116,4,107,17,12,140,174,0,174,314
09/08/2022,SLN,KS,ACE,CE,Federal Contract Tower,4,0,9,10,23,0,106,13,11,130,4,106,22,21,153,118,54,172,325
09/09/2022,SLN,KS,ACE,CE,Federal Contract Tower,4,4,10,7,25,0,92,37,11,140,4,96,47,18,165,164,56,220,385
09/10/2022,SLN,KS,ACE,CE,Federal Contract Tower,4,12,5,0,21,0,2,1,0,3,4,14,6,0,24,4,0,4,28
09/11/2022,SLN,KS,ACE,CE,Federal Contract Tower,6,0,14,2,22,0,10,25,9,44,6,10,39,11,66,38,0,38,104
09/12/2022,SLN,KS,ACE,CE,Federal Contract Tower,8,0,17,18,43,0,104,24,12,140,8,104,41,30,183,68,20,88,271
09/13/2022,SLN,KS,ACE,CE,Federal Contract Tower,7,4,8,1,20,0,98,27,8,133,7,102,35,9,153,104,14,118,271
09/14/2022,SLN,KS,ACE,CE,Federal Contract Tower,4,6,9,1,20,0,73,11,40,124,4,79,20,41,144,76,8,84,228
09/15/2022,SLN,KS,ACE,CE,Federal Contract Tower,7,12,14,6,39,0,70,13,90,173,7,82,27,96,212,126,18,144,356
09/16/2022,SLN,KS,ACE,CE,Federal Contract Tower,4,4,24,0,32,0,99,13,88,200,4,103,37,88,232,76,10,86,318
09/17/2022,SLN,KS,ACE,CE,Federal Contract Tower,4,7,6,0,17,0,24,6,49,79,4,31,12,49,96,16,2,18,114
09/18/2022,SLN,KS,ACE,CE,Federal Contract Tower,4,3,9,0,16,0,28,26,0,54,4,31,35,0,70,18,0,18,88
09/19/2022,SLN,KS,ACE,CE,Federal Contract Tower,5,3,16,5,29,0,107,17,74,198,5,110,33,79,227,114,0,114,341
09/20/2022,SLN,KS,ACE,CE,Federal Contract Tower,5,3,10,6,24,0,105,9,70,184,5,108,19,76,208,156,8,164,372
09/21/2022,SLN,KS,ACE,CE,Federal Contract Tower,4,0,12,2,18,0,47,13,55,115,4,47,25,57,133,64,4,68,201
09/22/2022,SLN,KS,ACE,CE,Federal Contract Tower,6,9,9,10,34,0,83,28,5,116,6,92,37,15,150,140,0,140,290
09/23/2022,SLN,KS,ACE,CE,Federal Contract Tower,8,13,24,12,57,0,64,7,1,72,8,77,31,13,129,148,0,148,277
09/24/2022,SLN,KS,ACE,CE,Federal Contract Tower,4,4,8,0,16,0,81,13,0,94,4,85,21,0,110,130,0,130,240
09/25/2022,SLN,KS,ACE,CE,Federal Contract Tower,4,6,11,0,21,0,13,24,0,37,4,19,35,0,58,14,0,14,72
09/26/2022,SLN,KS,ACE,CE,Federal Contract Tower,4,8,8,1,21,0,121,26,4,151,4,129,34,5,172,190,6,196,368
09/27/2022,SLN,KS,ACE,CE,Federal Contract Tower,4,8,9,3,24,0,102,27,2,131,4,110,36,5,155,180,8,188,343
09/28/2022,SLN,KS,ACE,CE,Federal Contract Tower,5,3,13,4,25,0,111,27,7,145,5,114,40,11,170,138,2,140,310
09/29/2022,SLN,KS,ACE,CE,Federal Contract Tower,4,2,14,5,25,0,101,64,6,171,4,103,78,11,196,80,6,86,282
09/30/2022,SLN,KS,ACE,CE,Federal Contract Tower,3,3,18,1,25,0,103,121,5,229,3,106,139,6,254,62,0,62,316
10/01/2022,SLN,KS,ACE,CE,Federal Contract Tower,5,3,3,0,11,0,45,144,0,189,5,48,147,0,200,84,0,84,284
10/02/2022,SLN,KS,ACE,CE,Federal Contract Tower,4,6,8,1,19,0,25,64,0,89,4,31,72,1,108,28,0,28,136
10/03/2022,SLN,KS,ACE,CE,Federal Contract Tower,4,6,7,4,21,0,0,0,0,0,4,6,7,4,21,44,2,46,67
10/04/2022,SLN,KS,ACE,CE,Federal Contract Tower,6,6,12,8,32,0,91,102,4,197,6,97,114,12,229,58,0,58,287
10/05/2022,SLN,KS,ACE,CE,Federal Contract Tower,4,6,13,3,26,0,115,108,10,233,4,121,121,13,259,68,0,68,327
10/06/2022,SLN,KS,ACE,CE,Federal Contract Tower,4,8,15,1,28,0,126,96,3,225,4,134,111,4,253,88,0,88,341
10/07/2022,SLN,KS,ACE,CE,Federal Contract Tower,4,10,12,2,28,0,51,73,0,124,4,61,85,2,152,70,0,70,222
10/08/2022,SLN,KS,ACE,CE,Federal Contract Tower,7,0,22,0,29,0,68,65,0,133,7,68,87,0,162,192,0,192,354
10/09/2022,SLN,KS,ACE,CE,Federal Contract Tower,4,4,10,0,18,0,32,37,0,69,4,36,47,0,87,26,0,26,113
10/10/2022,SLN,KS,ACE,CE,Federal Contract Tower,4,0,18,0,22,0,109,15,0,124,4,109,33,0,146,246,0,246,392
10/11/2022,SLN,KS,ACE,CE,Federal Contract Tower,4,3,16,6,29,0,37,9,2,48,4,40,25,8,77,102,8,110,187
10/12/2022,SLN,KS,ACE,CE,Federal Contract Tower,5,12,11,3,31,0,118,12,2,132,5,130,23,5,163,178,0,178,341
10/13/2022,SLN,KS,ACE,CE,Federal Contract Tower,7,2,11,3,23,0,74,16,13,103,7,76,27,16,126,200,18,218,344
10/14/2022,SLN,KS,ACE,CE,Federal Contract Tower,5,1,23,5,34,0,57,16,9,82,5,58,39,14,116,174,14,188,304
10/15/2022,SLN,KS,ACE,CE,Federal Contract Tower,4,0,7,2,13,0,104,35,4,143,4,104,42,6,156,308,14,322,478
10/16/2022,SLN,KS,ACE,CE,Federal Contract Tower,4,0,10,8,22,0,43,33,0,76,4,43,43,8,98,308,0,308,406
10/17/2022,SLN,KS,ACE,CE,Federal Contract Tower,4,2,8,5,19,0,135,13,3,151,4,137,21,8,170,64,0,64,234
10/18/2022,SLN,KS,ACE,CE,Federal Contract Tower,4,6,11,0,21,0,133,19,6,158,4,139,30,6,179,54,0,54,233
10/19/2022,SLN,KS,ACE,CE,Federal Contract Tower,4,6,9,5,24,0,106,17,14,137,4,112,26,19,161,72,12,84,245
10/20/2022,SLN,KS,ACE,CE,Federal Contract Tower,4,2,14,3,23,0,111,12,2,125,4,113,26,5,148,38,8,46,194
10/21/2022,SLN,KS,ACE,CE,Federal Contract Tower,4,6,7,5,22,0,124,34,5,163,4,130,41,10,185,62,2,64,249
10/22/2022,SLN,KS,ACE,CE,Federal Contract Tower,4,0,6,1,11,0,42,18,0,60,4,42,24,1,71,150,0,150,221
10/23/2022,SLN,KS,ACE,CE,Federal Contract Tower,4,8,5,1,18,0,1,2,0,3,4,9,7,1,21,0,0,0,21
10/24/2022,SLN,KS,ACE,CE,Federal Contract Tower,4,1,6,0,11,0,76,0,4,80,4,77,6,4,91,84,0,84,175
10/25/2022,SLN,KS,ACE,CE,Federal Contract Tower,4,7,4,0,15,0,111,9,2,122,4,118,13,2,137,130,0,130,267
10/26/2022,SLN,KS,ACE,CE,Federal Contract Tower,6,7,9,0,22,0,125,26,3,154,6,132,35,3,176,144,0,144,320
10/27/2022,SLN,KS,ACE,CE,Federal Contract Tower,5,7,7,2,21,0,37,11,16,64,5,44,18,18,85,98,14,112,197
10/28/2022,SLN,KS,ACE,CE,Federal Contract Tower,4,4,11,2,21,0,103,1,3,107,4,107,12,5,128,216,0,216,344
10/29/2022,SLN,KS,ACE,CE,Federal Contract Tower,4,9,6,0,19,0,53,17,2,72,4,62,23,2,91,168,0,168,259
10/30/2022,SLN,KS,ACE,CE,Federal Contract Tower,4,1,8,2,15,0,16,18,0,34,4,17,26,2,49,96,0,96,145
10/31/2022,SLN,KS,ACE,CE,Federal Contract Tower,5,0,11,0,16,1,105,9,0,115,6,105,20,0,131,252,0,252,383
11/01/2022,SLN,KS,ACE,CE,Federal Contract Tower,5,0,11,1,17,0,108,18,3,129,5,108,29,4,146,170,0,170,316
11/02/2022,SLN,KS,ACE,CE,Federal Contract Tower,4,5,10,26,45,0,10,6,7,23,4,15,16,33,68,6,2,8,76
11/03/2022,SLN,KS,ACE,CE,Federal Contract Tower,4,4,21,0,29,0,2,2,2,6,4,6,23,2,35,6,0,6,41
11/04/2022,SLN,KS,ACE,CE,Federal Contract Tower,4,3,8,0,15,0,0,0,0,0,4,3,8,0,15,0,0,0,15
11/05/2022,SLN,KS,ACE,CE,Federal Contract Tower,2,11,3,0,16,0,46,22,5,73,2,57,25,5,89,218,0,218,307
11/06/2022,SLN,KS,ACE,CE,Federal Contract Tower,4,2,17,0,23,0,32,18,0,50,4,34,35,0,73,120,0,120,193
11/07/2022,SLN,KS,ACE,CE,Federal Contract Tower,4,13,8,3,28,0,102,5,0,107,4,115,13,3,135,214,0,214,349
11/08/2022,SLN,KS,ACE,CE,Federal Contract Tower,4,43,10,3,60,0,0,0,0,0,4,43,10,3,60,0,0,0,60
11/09/2022,SLN,KS,ACE,CE,Federal Contract Tower,4,28,13,8,53,0,3,3,22,28,4,31,16,30,81,14,10,24,105
11/10/2022,SLN,KS,ACE,CE,Federal Contract Tower,4,10,7,0,21,0,97,13,13,123,4,107,20,13,144,266,8,274,418
11/11/2022,SLN,KS,ACE,CE,Federal Contract Tower,4,5,18,1,28,0,108,9,4,121,4,113,27,5,149,256,0,256,405
11/12/2022,SLN,KS,ACE,CE,Federal Contract Tower,4,5,6,0,15,0,82,24,0,106,4,87,30,0,121,258,0,258,379
11/13/2022,SLN,KS,ACE,CE,Federal Contract Tower,4,11,16,3,34,0,20,2,4,26,4,31,18,7,60,52,0,52,112
11/14/2022,SLN,KS,ACE,CE,Federal Contract Tower,4,4,5,0,13,0,32,0,3,35,4,36,5,3,48,94,0,94,142
11/15/2022,SLN,KS,ACE,CE,Federal Contract Tower,4,12,8,7,31,0,100,23,7,130,4,112,31,14,161,172,0,172,333
11/16/2022,SLN,KS,ACE,CE,Federal Contract Tower,6,5,12,4,27,0,125,20,19,164,6,130,32,23,191,230,6,236,427
11/17/2022,SLN,KS,ACE,CE,Federal Contract Tower,4,6,14,4,28,0,50,36,18,104,4,56,50,22,132,250,20,270,402
11/18/2022,SLN,KS,ACE,CE,Federal Contract Tower,5,11,5,3,24,0,82,17,19,118,5,93,22,22,142,192,4,196,338
11/19/2022,SLN,KS,ACE,CE,Federal Contract Tower,4,6,5,4,19,0,32,18,2,52,4,38,23,6,71,90,0,90,161
11/20/2022,SLN,KS,ACE,CE,Federal Contract Tower,4,4,6,2,16,0,3,16,6,25,4,7,22,8,41,24,0,24,65
11/21/2022,SLN,KS,ACE,CE,Federal Contract Tower,4,11,10,3,28,0,32,24,0,56,4,43,34,3,84,158,0,158,242
11/22/2022,SLN,KS,ACE,CE,Federal Contract Tower,4,4,17,2,27,0,33,38,4,75,4,37,55,6,102,92,8,100,202
11/23/2022,SLN,KS,ACE,CE,Federal Contract Tower,4,4,9,0,17,0,11,12,2,25,4,15,21,2,42,24,0,24,66
11/24/2022,SLN,KS,ACE,CE,Federal Contract Tower,4,0,4,0,8,0,0,2,0,2,4,0,6,0,10,4,0,4,14
11/25/2022,SLN,KS,ACE,CE,Federal Contract Tower,4,10,0,0,14,0,1,23,0,24,4,11,23,0,38,8,0,8,46
11/26/2022,SLN,KS,ACE,CE,Federal Contract Tower,6,8,14,0,28,0,0,3,0,3,6,8,17,0,31,0,0,0,31
11/27/2022,SLN,KS,ACE,CE,Federal Contract Tower,4,2,3,0,9,0,0,8,0,8,4,2,11,0,17,0,0,0,17
11/28/2022,SLN,KS,ACE,CE,Federal Contract Tower,4,13,8,13,38,0,70,6,23,99,4,83,14,36,137,110,20,130,267
11/29/2022,SLN,KS,ACE,CE,Federal Contract Tower,4,6,12,0,22,0,6,0,5,11,4,12,12,5,33,14,0,14,47
11/30/2022,SLN,KS,ACE,CE,Federal Contract Tower,4,20,10,3,37,0,107,41,11,159,4,127,51,14,196,168,0,168,364
12/01/2022,SLN,KS,ACE,CE,Federal Contract Tower,4,6,10,7,27,0,20,4,16,40,4,26,14,23,67,20,43,63,130
12/02/2022,SLN,KS,ACE,CE,Federal Contract Tower,5,5,10,24,44,0,1,1,14,16,5,6,11,38,60,0,16,16,76
12/03/2022,SLN,KS,ACE,CE,Federal Contract Tower,5,12,11,2,30,0,71,36,2,109,5,83,47,4,139,164,0,164,303
12/04/2022,SLN,KS,ACE,CE,Federal Contract Tower,4,6,6,0,16,0,19,13,4,36,4,25,19,4,52,50,4,54,106
12/05/2022,SLN,KS,ACE,CE,Federal Contract Tower,4,12,6,10,32,0,98,23,8,129,4,110,29,18,161,170,6,176,337
12/06/2022,SLN,KS,ACE,CE,Federal Contract Tower,4,5,11,28,48,0,63,15,4,82,4,68,26,32,130,176,64,240,370
12/07/2022,SLN,KS,ACE,CE,Federal Contract Tower,4,3,20,14,41,0,67,19,11,97,4,70,39,25,138,126,14,140,278
12/08/2022,SLN,KS,ACE,CE,Federal Contract Tower,6,4,7,2,19,0,0,0,0,0,6,4,7,2,19,0,0,0,19
12/09/2022,SLN,KS,ACE,CE,Federal Contract Tower,4,12,10,7,33,0,41,11,2,54,4,53,21,9,87,102,4,106,193
12/10/2022,SLN,KS,ACE,CE,Federal Contract Tower,4,12,8,5,29,0,38,16,2,56,4,50,24,7,85,104,0,104,189
12/11/2022,SLN,KS,ACE,CE,Federal Contract Tower,4,6,17,2,29,0,15,7,0,22,4,21,24,2,51,30,8,38,89
12/12/2022,SLN,KS,ACE,CE,Federal Contract Tower,4,2,0,5,11,0,0,0,0,0,4,2,0,5,11,0,0,0,11
12/13/2022,SLN,KS,ACE,CE,Federal Contract Tower,4,7,8,10,29,0,8,8,1,17,4,15,16,11,46,12,10,22,68
12/14/2022,SLN,KS,ACE,CE,Federal Contract Tower,6,0,3,8,17,0,35,9,9,53,6,35,12,17,70,62,0,62,132
12/15/2022,SLN,KS,ACE,CE,Federal Contract Tower,4,9,6,0,19,0,20,11,16,47,4,29,17,16,66,54,12,66,132
12/16/2022,SLN,KS,ACE,CE,Federal Contract Tower,4,6,9,5,24,0,41,4,13,58,4,47,13,18,82,62,36,98,180
12/17/2022,SLN,KS,ACE,CE,Federal Contract Tower,7,3,8,0,18,0,67,16,4,87,7,70,24,4,105,176,10,186,291
12/18/2022,SLN,KS,ACE,CE,Federal Contract Tower,6,7,14,0,27,0,19,29,0,48,6,26,43,0,75,72,0,72,147
12/19/2022,SLN,KS,ACE,CE,Federal Contract Tower,3,2,2,6,13,0,16,14,4,34,3,18,16,10,47,48,0,48,95
12/20/2022,SLN,KS,ACE,CE,Federal Contract Tower,4,5,9,0,18,0,0,11,0,11,4,5,20,0,29,0,0,0,29
12/21/2022,SLN,KS,ACE,CE,Federal Contract Tower,4,2,8,0,14,0,0,0,0,0,4,2,8,0,14,0,0,0,14
12/22/2022,SLN,KS,ACE,CE,Federal Contract Tower,0,2,5,0,7,0,0,0,0,0,0,2,5,0,7,0,0,0,7
12/23/2022,SLN,KS,ACE,CE,Federal Contract Tower,2,0,12,0,14,0,0,14,0,14,2,0,26,0,28,0,0,0,28
12/24/2022,SLN,KS,ACE,CE,Federal Contract Tower,4,7,3,0,14,0,1,18,0,19,4,8,21,0,33,0,0,0,33
12/25/2022,SLN,KS,ACE,CE,Federal Contract Tower,4,4,2,0,10,0,0,6,0,6,4,4,8,0,16,0,0,0,16
12/26/2022,SLN,KS,ACE,CE,Federal Contract Tower,6,2,6,0,14,0,0,3,0,3,6,2,9,0,17,0,0,0,17
12/27/2022,SLN,KS,ACE,CE,Federal Contract Tower,6,8,19,4,37,0,2,9,4,15,6,10,28,8,52,6,0,6,58
12/28/2022,SLN,KS,ACE,CE,Federal Contract Tower,4,6,11,12,33,0,0,7,7,14,4,6,18,19,47,0,36,36,83
12/29/2022,SLN,KS,ACE,CE,Federal Contract Tower,4,12,6,0,22,0,0,10,16,26,4,12,16,16,48,6,0,6,54
12/30/2022,SLN,KS,ACE,CE,Federal Contract Tower,4,5,6,0,15,0,2,28,0,30,4,7,34,0,45,4,0,4,49
12/31/2022,SLN,KS,ACE,CE,Federal Contract Tower,6,0,7,0,13,0,0,16,0,16,6,0,23,0,29,0,0,0,29
01/01/2023,SLN,KS,ACE,CE,Federal Contract Tower,4,0,7,0,11,0,1,6,0,7,4,1,13,0,18,0,0,0,18
01/02/2023,SLN,KS,ACE,CE,Federal Contract Tower,2,2,4,0,8,0,0,0,0,0,2,2,4,0,8,0,0,0,8
01/03/2023,SLN,KS,ACE,CE,Federal Contract Tower,6,2,17,0,25,0,5,6,0,11,6,7,23,0,36,22,0,22,58
01/04/2023,SLN,KS,ACE,CE,Federal Contract Tower,4,15,8,8,35,0,78,19,19,116,4,93,27,27,151,186,30,216,367
01/05/2023,SLN,KS,ACE,CE,Federal Contract Tower,4,3,5,1,13,0,67,17,20,104,4,70,22,21,117,134,72,206,323
01/06/2023,SLN,KS,ACE,CE,Federal Contract Tower,4,0,5,14,23,0,86,22,13,121,4,86,27,27,144,186,34,220,364
01/07/2023,SLN,KS,ACE,CE,Federal Contract Tower,4,2,4,2,12,0,5,16,10,31,4,7,20,12,43,58,2,60,103
01/08/2023,SLN,KS,ACE,CE,Federal Contract Tower,4,8,7,0,19,0,6,35,0,41,4,14,42,0,60,40,0,40,100
01/09/2023,SLN,KS,ACE,CE,Federal Contract Tower,4,4,12,2,22,0,58,20,1,79,4,62,32,3,101,116,24,140,241
01/10/2023,SLN,KS,ACE,CE,Federal Contract Tower,4,6,9,2,21,0,64,18,6,88,4,70,27,8,109,162,0,162,271
01/11/2023,SLN,KS,ACE,CE,Federal Contract Tower,2,7,2,2,13,0,90,28,12,130,2,97,30,14,143,204,0,204,347
01/12/2023,SLN,KS,ACE,CE,Federal Contract Tower,6,4,12,11,33,0,19,7,8,34,6,23,19,19,67,62,20,82,149
01/13/2023,SLN,KS,ACE,CE,Federal Contract Tower,4,2,15,0,21,0,4,9,0,13,4,6,24,0,34,4,0,4,38
01/14/2023,SLN,KS,ACE,CE,Federal Contract Tower,4,6,4,0,14,0,9,8,0,17,4,15,12,0,31,28,0,28,59
01/15/2023,SLN,KS,ACE,CE,Federal Contract Tower,4,0,9,0,13,0,3,8,0,11,4,3,17,0,24,14,0,14,38
01/16/2023,SLN,KS,ACE,CE,Federal Contract Tower,4,2,14,0,20,0,12,12,0,24,4,14,26,0,44,22,0,22,66
01/17/2023,SLN,KS,ACE,CE,Federal Contract Tower,6,1,10,0,17,0,6,4,0,10,6,7,14,0,27,14,0,14,41
01/18/2023,SLN,KS,ACE,CE,Federal Contract Tower,4,2,5,0,11,0,0,0,0,0,4,2,5,0,11,0,0,0,11
01/19/2023,SLN,KS,ACE,CE,Federal Contract Tower,4,8,16,2,30,0,62,3,15,80,4,70,19,17,110,178,2,180,290
01/20/2023,SLN,KS,ACE,CE,Federal Contract Tower,4,4,10,17,35,0,127,30,16,173,4,131,40,33,208,274,26,300,508
01/21/2023,SLN,KS,ACE,CE,Federal Contract Tower,2,3,0,0,5,0,0,0,0,0,2,3,0,0,5,0,0,0,5
01/22/2023,SLN,KS,ACE,CE,Federal Contract Tower,4,0,7,0,11,0,31,3,0,34,4,31,10,0,45,92,0,92,137
01/23/2023,SLN,KS,ACE,CE,Federal Contract Tower,4,2,20,6,32,0,123,26,5,154,4,125,46,11,186,180,0,180,366
01/24/2023,SLN,KS,ACE,CE,Federal Contract Tower,4,4,3,2,13,0,8,5,2,15,4,12,8,4,28,14,0,14,42
01/25/2023,SLN,KS,ACE,CE,Federal Contract Tower,4,3,13,2,22,0,86,6,6,98,4,89,19,8,120,162,6,168,288
01/26/2023,SLN,KS,ACE,CE,Federal Contract Tower,4,2,9,0,15,0,145,16,10,171,4,147,25,10,186,296,0,296,482
01/27/2023,SLN,KS,ACE,CE,Federal Contract Tower,5,1,11,2,19,0,150,22,26,198,5,151,33,28,217,198,18,216,433
01/28/2023,SLN,KS,ACE,CE,Federal Contract Tower,2,4,7,0,13,0,62,16,2,80,2,66,23,2,93,118,0,118,211
01/29/2023,SLN,KS,ACE,CE,Federal Contract Tower,6,4,16,0,26,0,15,0,0,15,6,19,16,0,41,4,0,4,45
01/30/2023,SLN,KS,ACE,CE,Federal Contract Tower,2,11,6,0,19,0,70,2,7,79,2,81,8,7,98,98,0,98,196
01/31/2023,SLN,KS,ACE,CE,Federal Contract Tower,6,2,8,6,22,0,144,16,10,170,6,146,24,16,192,152,44,196,388
02/01/2023,SLN,KS,ACE,CE,Federal Contract Tower,4,2,21,5,32,0,118,16,9,143,4,120,37,14,175,92,30,122,297
02/02/2023,SLN,KS,ACE,CE,Federal Contract Tower,4,4,6,12,26,0,128,20,23,171,4,132,26,35,197,118,10,128,325
02/03/2023,SLN,KS,ACE,CE,Federal Contract Tower,10,4,10,1,25,0,139,22,14,175,10,143,32,15,200,204,20,224,424
02/04/2023,SLN,KS,ACE,CE,Federal Contract Tower,4,0,10,4,18,0,82,13,7,102,4,82,23,11,120,128,12,140,260
02/05/2023,SLN,KS,ACE,CE,Federal Contract Tower,4,2,10,0,16,0,33,31,0,64,4,35,41,0,80,100,0,100,180
02/06/2023,SLN,KS,ACE,CE,Federal Contract Tower,4,4,9,7,24,0,55,12,1,68,4,59,21,8,92,52,0,52,144
02/08/2023,SLN,KS,ACE,CE,Federal Contract Tower,8,2,8,6,24,0,126,23,12,161,8,128,31,18,185,258,30,288,473
02/09/2023,SLN,KS,ACE,CE,Federal Contract Tower,4,6,12,0,22,0,48,11,10,69,4,54,23,10,91,70,0,70,161
02/10/2023,SLN,KS,ACE,CE,Federal Contract Tower,4,7,6,11,28,0,139,29,7,175,4,146,35,18,203,242,16,258,461
02/11/2023,SLN,KS,ACE,CE,Federal Contract Tower,4,6,4,0,14,0,94,19,1,114,4,100,23,1,128,210,0,210,338
02/12/2023,SLN,KS,ACE,CE,Federal Contract Tower,4,0,5,0,9,0,37,10,0,47,4,37,15,0,56,66,0,66,122
02/13/2023,SLN,KS,ACE,CE,Federal Contract Tower,5,4,14,11,34,0,116,28,11,155,5,120,42,22,189,198,0,198,387
02/14/2023,SLN,KS,ACE,CE,Federal Contract Tower,4,3,9,0,16,0,7,0,5,12,4,10,9,5,28,8,8,16,44
02/15/2023,SLN,KS,ACE,CE,Federal Contract Tower,4,8,5,3,20,0,10,4,6,20,4,18,9,9,40,62,2,64,104
02/16/2023,SLN,KS,ACE,CE,Federal Contract Tower,4,2,16,0,22,0,0,3,7,10,4,2,19,7,32,0,8,8,40
02/17/2023,SLN,KS,ACE,CE,Federal Contract Tower,5,8,10,1,24,0,137,20,26,183,5,145,30,27,207,190,40,230,437
02/18/2023,SLN,KS,ACE,CE,Federal Contract Tower,4,4,8,0,16,0,19,8,2,29,4,23,16,2,45,54,0,54,99
02/19/2023,SLN,KS,ACE,CE,Federal Contract Tower,4,2,6,0,12,0,62,25,0,87,4,64,31,0,99,130,0,130,229
02/20/2023,SLN,KS,ACE,CE,Federal Contract Tower,4,8,9,0,21,0,121,24,0,145,4,129,33,0,166,38,0,38,204
02/21/2023,SLN,KS,ACE,CE,Federal Contract Tower,4,0,16,1,21,0,127,9,4,140,4,127,25,5,161,158,4,162,323
02/22/2023,SLN,KS,ACE,CE,Federal Contract Tower,5,8,8,12,33,0,7,0,2,9,5,15,8,14,42,26,10,36,78
02/23/2023,SLN,KS,ACE,CE,Federal Contract Tower,6,5,7,29,47,0,118,13,16,147,6,123,20,45,194,167,2,169,363
02/24/2023,SLN,KS,ACE,CE,Federal Contract Tower,5,5,26,2,38,0,121,14,0,135,5,126,40,2,173,184,0,184,357
02/25/2023,SLN,KS,ACE,CE,Federal Contract Tower,4,0,6,0,10,0,52,29,5,86,4,52,35,5,96,122,0,122,218
02/26/2023,SLN,KS,ACE,CE,Federal Contract Tower,6,4,6,0,16,0,16,5,0,21,6,20,11,0,37,62,0,62,99
02/27/2023,SLN,KS,ACE,CE,Federal Contract Tower,4,4,7,4,19,0,70,7,6,83,4,74,14,10,102,150,2,152,254
02/28/2023,SLN,KS,ACE,CE,Federal Contract Tower,4,7,5,1,17,0,147,15,2,164,4,154,20,3,181,300,2,302,483
03/01/2023,SLN,KS,ACE,CE,Federal Contract Tower,3,6,11,3,23,0,113,14,16,143,3,119,25,19,166,218,8,226,392
03/02/2023,SLN,KS,ACE,CE,Federal Contract Tower,4,5,10,3,22,0,95,9,18,122,4,100,19,21,144,216,42,258,402
03/03/2023,SLN,KS,ACE,CE,Federal Contract Tower,4,4,9,3,20,0,122,18,2,142,4,126,27,5,162,212,30,242,404
03/04/2023,SLN,KS,ACE,CE,Federal Contract Tower,4,7,10,0,21,0,98,22,12,132,4,105,32,12,153,304,0,304,457
03/05/2023,SLN,KS,ACE,CE,Federal Contract Tower,4,8,4,1,17,0,28,6,3,37,4,36,10,4,54,38,0,38,92
03/06/2023,SLN,KS,ACE,CE,Federal Contract Tower,4,1,7,14,26,0,92,12,6,110,4,93,19,20,136,182,14,196,332
03/07/2023,SLN,KS,ACE,CE,Federal Contract Tower,4,2,4,1,11,0,41,3,5,49,4,43,7,6,60,148,0,148,208
03/08/2023,SLN,KS,ACE,CE,Federal Contract Tower,4,5,0,2,11,0,0,0,4,4,4,5,0,6,15,0,0,0,15
03/09/2023,SLN,KS,ACE,CE,Federal Contract Tower,4,5,5,2,16,0,25,0,0,25,4,30,5,2,41,46,0,46,87
03/10/2023,SLN,KS,ACE,CE,Federal Contract Tower,5,6,8,4,23,0,71,15,4,90,5,77,23,8,113,208,6,214,327
03/11/2023,SLN,KS,ACE,CE,Federal Contract Tower,4,0,2,0,6,0,0,0,0,0,4,0,2,0,6,0,0,0,6
03/12/2023,SLN,KS,ACE,CE,Federal Contract Tower,8,8,12,0,28,0,11,20,0,31,8,19,32,0,59,32,0,32,91
03/13/2023,SLN,KS,ACE,CE,Federal Contract Tower,5,9,10,7,31,0,65,16,4,85,5,74,26,11,116,154,28,182,298
03/14/2023,SLN,KS,ACE,CE,Federal Contract Tower,4,4,8,6,22,0,52,18,6,76,4,56,26,12,98,66,0,66,164
03/15/2023,SLN,KS,ACE,CE,Federal Contract Tower,5,0,14,6,25,0,0,3,15,18,5,0,17,21,43,0,4,4,47
03/16/2023,SLN,KS,ACE,CE,Federal Contract Tower,6,2,21,4,33,0,0,0,7,7,6,2,21,11,40,0,22,22,62
03/17/2023,SLN,KS,ACE,CE,Federal Contract Tower,4,2,8,1,15,0,43,9,5,57,4,45,17,6,72,110,20,130,202
03/18/2023,SLN,KS,ACE,CE,Federal Contract Tower,4,2,16,7,29,0,3,14,4,21,4,5,30,11,50,6,12,18,68
03/19/2023,SLN,KS,ACE,CE,Federal Contract Tower,4,2,6,0,12,0,2,15,0,17,4,4,21,0,29,18,0,18,47
03/20/2023,SLN,KS,ACE,CE,Federal Contract Tower,4,0,6,2,12,0,13,6,4,23,4,13,12,6,35,18,0,18,53
03/21/2023,SLN,KS,ACE,CE,Federal Contract Tower,5,2,22,17,46,0,80,7,5,92,5,82,29,22,138,200,0,200,338
03/22/2023,SLN,KS,ACE,CE,Federal Contract Tower,5,3,17,9,34,0,1,2,1,4,5,4,19,10,38,0,0,0,38
03/23/2023,SLN,KS,ACE,CE,Federal Contract Tower,4,6,8,14,32,0,88,12,3,103,4,94,20,17,135,140,16,156,291
03/24/2023,SLN,KS,ACE,CE,Federal Contract Tower,3,7,9,6,25,0,85,7,7,99,3,92,16,13,124,200,0,200,324
03/25/2023,SLN,KS,ACE,CE,Federal Contract Tower,5,1,10,2,18,0,95,10,4,109,5,96,20,6,127,266,0,266,393
03/26/2023,SLN,KS,ACE,CE,Federal Contract Tower,6,6,4,3,19,0,10,0,0,10,6,16,4,3,29,42,0,42,71
03/27/2023,SLN,KS,ACE,CE,Federal Contract Tower,4,2,10,11,27,0,119,37,11,167,4,121,47,22,194,270,4,274,468
03/28/2023,SLN,KS,ACE,CE,Federal Contract Tower,6,8,17,3,34,0,149,28,17,194,6,157,45,20,228,398,2,400,628
03/29/2023,SLN,KS,ACE,CE,Federal Contract Tower,4,3,14,0,21,0,111,29,18,158,4,114,43,18,179,228,0,228,407
03/30/2023,SLN,KS,ACE,CE,Federal Contract Tower,6,6,7,12,31,0,6,6,17,29,6,12,13,29,60,18,20,38,98
03/31/2023,SLN,KS,ACE,CE,Federal Contract Tower,2,3,17,1,23,0,14,8,7,29,2,17,25,8,52,28,0,28,80
04/01/2023,SLN,KS,ACE,CE,Federal Contract Tower,5,2,7,5,19,0,114,27,11,152,5,116,34,16,171,236,6,242,413
04/02/2023,SLN,KS,ACE,CE,Federal Contract Tower,4,2,4,2,12,0,36,18,5,59,4,38,22,7,71,102,0,102,173
04/03/2023,SLN,KS,ACE,CE,Federal Contract Tower,4,4,7,4,19,0,89,21,13,123,4,93,28,17,142,274,8,282,424
04/04/2023,SLN,KS,ACE,CE,Federal Contract Tower,4,4,6,4,18,0,17,5,13,35,4,21,11,17,53,76,0,76,129
04/05/2023,SLN,KS,ACE,CE,Federal Contract Tower,4,7,8,8,27,0,71,23,10,104,4,78,31,18,131,102,0,102,233
04/06/2023,SLN,KS,ACE,CE,Federal Contract Tower,4,5,7,3,19,0,143,19,10,172,4,148,26,13,191,264,8,272,463
04/07/2023,SLN,KS,ACE,CE,Federal Contract Tower,4,4,1,4,13,0,88,21,17,126,4,92,22,21,139,102,6,108,247
04/09/2023,SLN,KS,ACE,CE,Federal Contract Tower,4,6,7,0,17,0,0,12,0,12,4,6,19,0,29,10,0,10,39
04/10/2023,SLN,KS,ACE,CE,Federal Contract Tower,4,5,11,7,27,0,127,24,13,164,4,132,35,20,191,234,18,252,443
04/11/2023,SLN,KS,ACE,CE,Federal Contract Tower,4,1,6,9,20,0,79,37,6,122,4,80,43,15,142,172,28,200,342
04/12/2023,SLN,KS,ACE,CE,Federal Contract Tower,4,5,14,6,29,0,41,11,11,63,4,46,25,17,92,70,24,94,186
04/13/2023,SLN,KS,ACE,CE,Federal Contract Tower,4,6,9,4,23,0,32,16,18,66,4,38,25,22,89,26,8,34,123
04/14/2023,SLN,KS,ACE,CE,Federal Contract Tower,4,4,5,1,14,0,25,7,14,46,4,29,12,15,60,14,0,14,74
04/16/2023,SLN,KS,ACE,CE,Federal Contract Tower,4,4,4,0,12,0,6,4,0,10,4,10,8,0,22,0,0,0,22
04/17/2023,SLN,KS,ACE,CE,Federal Contract Tower,4,1,8,17,30,0,158,32,5,195,4,159,40,22,225,344,0,344,569
04/18/2023,SLN,KS,ACE,CE,Federal Contract Tower,5,1,11,4,21,1,99,10,4,114,6,100,21,8,135,248,0,248,383
04/19/2023,SLN,KS,ACE,CE,Federal Contract Tower,4,7,10,5,26,0,39,8,2,49,4,46,18,7,75,190,0,190,265
04/20/2023,SLN,KS,ACE,CE,Federal Contract Tower,6,2,9,3,20,0,77,13,4,94,6,79,22,7,114,144,26,170,284
04/21/2023,SLN,KS,ACE,CE,Federal Contract Tower,4,4,6,9,23,0,62,23,10,95,4,66,29,19,118,114,4,118,236
04/22/2023,SLN,KS,ACE,CE,Federal Contract Tower,6,2,10,0,18,0,59,12,0,71,6,61,22,0,89,168,0,168,257
04/23/2023,SLN,KS,ACE,CE,Federal Contract Tower,4,5,3,0,12,0,49,61,0,110,4,54,64,0,122,148,0,148,270
04/24/2023,SLN,KS,ACE,CE,Federal Contract Tower,4,4,2,7,17,0,67,8,4,79,4,71,10,11,96,142,10,152,248
04/25/2023,SLN,KS,ACE,CE,Federal Contract Tower,4,7,19,4,34,0,89,9,8,106,4,96,28,12,140,270,0,270,410
04/26/2023,SLN,KS,ACE,CE,Federal Contract Tower,6,5,7,6,24,0,110,18,13,141,6,115,25,19,165,184,0,184,349
04/27/2023,SLN,KS,ACE,CE,Federal Contract Tower,5,3,17,11,36,0,122,19,21,162,5,125,36,32,198,234,30,264,462
04/28/2023,SLN,KS,ACE,CE,Federal Contract Tower,4,10,19,0,33,0,5,4,1,10,4,15,23,1,43,4,0,4,47
04/29/2023,SLN,KS,ACE,CE,Federal Contract Tower,4,5,5,2,16,0,80,20,0,100,4,85,25,2,116,198,0,198,314
04/30/2023,SLN,KS,ACE,CE,Federal Contract Tower,4,0,13,1,18,0,6,6,1,13,4,6,19,2,31,14,0,14,45
05/01/2023,SLN,KS,ACE,CE,Federal Contract Tower,4,4,4,2,14,0,111,18,7,136,4,115,22,9,150,190,12,202,352
05/02/2023,SLN,KS,ACE,CE,Federal Contract Tower,5,10,13,2,30,0,111,24,8,143,5,121,37,10,173,270,10,280,453
05/03/2023,SLN,KS,ACE,CE,Federal Contract Tower,4,8,8,4,24,0,121,34,7,162,4,129,42,11,186,246,8,254,440
05/04/2023,SLN,KS,ACE,CE,Federal Contract Tower,4,5,12,6,27,0,52,7,6,65,4,57,19,12,92,158,0,158,250
05/05/2023,SLN,KS,ACE,CE,Federal Contract Tower,2,3,13,7,25,0,23,9,0,32,2,26,22,7,57,80,0,80,137
05/06/2023,SLN,KS,ACE,CE,Federal Contract Tower,4,3,5,4,16,0,19,20,3,42,4,22,25,7,58,72,6,78,136
05/07/2023,SLN,KS,ACE,CE,Federal Contract Tower,4,6,13,0,23,0,6,13,0,19,4,12,26,0,42,0,0,0,42
05/08/2023,SLN,KS,ACE,CE,Federal Contract Tower,4,10,2,2,18,0,102,12,2,116,4,112,14,4,134,224,0,224,358
05/09/2023,SLN,KS,ACE,CE,Federal Contract Tower,4,2,5,0,11,0,23,9,2,34,4,25,14,2,45,78,0,78,123
05/10/2023,SLN,KS,ACE,CE,Federal Contract Tower,4,6,16,2,28,0,72,19,16,107,4,78,35,18,135,246,8,254,389
05/11/2023,SLN,KS,ACE,CE,Federal Contract Tower,4,8,10,0,22,0,15,8,3,26,4,23,18,3,48,96,0,96,144
05/12/2023,SLN,KS,ACE,CE,Federal Contract Tower,4,6,6,3,19,0,45,27,6,78,4,51,33,9,97,68,6,74,171
05/13/2023,SLN,KS,ACE,CE,Federal Contract Tower,4,8,7,9,28,0,35,23,7,65,4,43,30,16,93,90,0,90,183
05/14/2023,SLN,KS,ACE,CE,Federal Contract Tower,4,0,9,0,13,0,2,8,1,11,4,2,17,1,24,6,0,6,30
05/15/2023,SLN,KS,ACE,CE,Federal Contract Tower,4,8,15,0,27,0,0,1,2,3,4,8,16,2,30,0,0,0,30
05/16/2023,SLN,KS,ACE,CE,Federal Contract Tower,4,10,6,2,22,0,45,24,13,82,4,55,30,15,104,166,26,192,296
05/17/2023,SLN,KS,ACE,CE,Federal Contract Tower,5,7,5,5,22,0,138,43,22,203,5,145,48,27,225,220,28,248,473
05/18/2023,SLN,KS,ACE,CE,Federal Contract Tower,5,7,11,2,25,0,73,30,20,123,5,80,41,22,148,140,40,180,328
05/19/2023,SLN,KS,ACE,CE,Federal Contract Tower,4,8,18,35,65,0,25,20,18,63,4,33,38,53,128,76,56,132,260
05/20/2023,SLN,KS,ACE,CE,Federal Contract Tower,4,5,16,3,28,0,67,33,0,100,4,72,49,3,128,144,0,144,272
05/21/2023,SLN,KS,ACE,CE,Federal Contract Tower,4,6,7,0,17,0,32,12,1,45,4,38,19,1,62,122,0,122,184
05/22/2023,SLN,KS,ACE,CE,Federal Contract Tower,4,2,14,5,25,0,104,35,5,144,4,106,49,10,169,240,0,240,409
05/23/2023,SLN,KS,ACE,CE,Federal Contract Tower,4,13,9,13,39,0,103,37,14,154,4,116,46,27,193,270,8,278,471
05/24/2023,SLN,KS,ACE,CE,Federal Contract Tower,3,7,9,9,28,0,71,30,6,107,3,78,39,15,135,126,18,144,279
05/25/2023,SLN,KS,ACE,CE,Federal Contract Tower,6,3,6,1,16,0,43,16,7,66,6,46,22,8,82,150,0,150,232
05/26/2023,SLN,KS,ACE,CE,Federal Contract Tower,4,5,7,2,18,0,86,24,1,111,4,91,31,3,129,206,0,206,335
05/27/2023,SLN,KS,ACE,CE,Federal Contract Tower,4,10,10,0,24,0,29,14,4,47,4,39,24,4,71,88,0,88,159
05/28/2023,SLN,KS,ACE,CE,Federal Contract Tower,4,2,3,0,9,0,7,16,0,23,4,9,19,0,32,52,0,52,84
05/29/2023,SLN,KS,ACE,CE,Federal Contract Tower,4,0,8,0,12,0,0,15,0,15,4,0,23,0,27,22,0,22,49
05/30/2023,SLN,KS,ACE,CE,Federal Contract Tower,4,6,5,12,27,0,74,27,8,109,4,80,32,20,136,180,50,230,366
05/31/2023,SLN,KS,ACE,CE,Federal Contract Tower,6,4,0,3,13,0,77,18,19,114,6,81,18,22,127,158,14,172,299
06/01/2023,SLN,KS,ACE,CE,Federal Contract Tower,4,3,7,0,14,0,6,9,14,29,4,9,16,14,43,24,0,24,67
06/02/2023,SLN,KS,ACE,CE,Federal Contract Tower,2,0,10,2,14,0,2,14,12,28,2,2,24,14,42,14,4,18,60
06/03/2023,SLN,KS,ACE,CE,Federal Contract Tower,4,0,2,12,18,0,14,6,1,21,4,14,8,13,39,54,32,86,125
06/04/2023,SLN,KS,ACE,CE,Federal Contract Tower,4,3,9,0,16,0,25,25,8,58,4,28,34,8,74,40,16,56,130
06/05/2023,SLN,KS,ACE,CE,Federal Contract Tower,5,4,10,3,22,0,64,8,28,100,5,68,18,31,122,142,18,160,282
06/06/2023,SLN,KS,ACE,CE,Federal Contract Tower,4,5,15,9,33,0,106,25,28,159,4,111,40,37,192,192,10,202,394
06/07/2023,SLN,KS,ACE,CE,Federal Contract Tower,4,7,10,3,24,0,149,23,28,200,4,156,33,31,224,142,4,146,370
06/08/2023,SLN,KS,ACE,CE,Federal Contract Tower,4,9,7,6,26,0,70,19,11,100,4,79,26,17,126,142,0,142,268
06/09/2023,SLN,KS,ACE,CE,Federal Contract Tower,4,13,16,11,44,0,56,5,8,69,4,69,21,19,113,158,0,158,271
06/10/2023,SLN,KS,ACE,CE,Federal Contract Tower,4,12,4,6,26,0,35,5,14,54,4,47,9,20,80,116,42,158,238
06/11/2023,SLN,KS,ACE,CE,Federal Contract Tower,4,6,13,6,29,0,0,10,14,24,4,6,23,20,53,10,18,28,81
06/12/2023,SLN,KS,ACE,CE,Federal Contract Tower,4,10,12,2,28,0,127,27,18,172,4,137,39,20,200,270,26,296,496
06/13/2023,SLN,KS,ACE,CE,Federal Contract Tower,5,4,10,7,26,0,93,23,9,125,5,97,33,16,151,222,32,254,405
06/14/2023,SLN,KS,ACE,CE,Federal Contract Tower,5,10,13,0,28,0,110,36,1,147,5,120,49,1,175,224,0,224,399
06/15/2023,SLN,KS,ACE,CE,Federal Contract Tower,4,5,11,1,21,0,89,61,4,154,4,94,72,5,175,234,0,234,409
06/16/2023,SLN,KS,ACE,CE,Federal Contract Tower,2,12,5,2,21,0,77,25,0,102,2,89,30,2,123,198,0,198,321
06/17/2023,SLN,KS,ACE,CE,Federal Contract Tower,6,2,10,0,18,0,20,10,0,30,6,22,20,0,48,80,0,80,128
06/18/2023,SLN,KS,ACE,CE,Federal Contract Tower,6,4,18,0,28,0,10,17,2,29,6,14,35,2,57,66,0,66,123
06/19/2023,SLN,KS,ACE,CE,Federal Contract Tower,4,10,12,0,26,0,70,24,0,94,4,80,36,0,120,214,0,214,334
06/20/2023,SLN,KS,ACE,CE,Federal Contract Tower,4,9,8,6,27,0,52,18,3,73,4,61,26,9,100,100,0,100,200
06/21/2023,SLN,KS,ACE,CE,Federal Contract Tower,6,6,2,2,16,0,11,12,2,25,6,17,14,4,41,18,0,18,59
06/22/2023,SLN,KS,ACE,CE,Federal Contract Tower,4,2,14,6,26,0,83,31,0,114,4,85,45,6,140,286,0,286,426
06/23/2023,SLN,KS,ACE,CE,Federal Contract Tower,6,6,8,11,31,0,91,26,5,122,6,97,34,16,153,190,8,198,351
06/24/2023,SLN,KS,ACE,CE,Federal Contract Tower,5,1,9,1,16,0,32,13,0,45,5,33,22,1,61,30,0,30,91
06/25/2023,SLN,KS,ACE,CE,Federal Contract Tower,4,10,10,1,25,0,19,21,1,41,4,29,31,2,66,64,0,64,130
06/26/2023,SLN,KS,ACE,CE,Federal Contract Tower,4,2,5,5,16,0,90,13,0,103,4,92,18,5,119,248,10,258,377
06/27/2023,SLN,KS,ACE,CE,Federal Contract Tower,4,10,1,11,26,0,45,25,3,73,4,55,26,14,99,84,26,110,209
06/28/2023,SLN,KS,ACE,CE,Federal Contract Tower,5,1,12,13,31,0,91,19,10,120,5,92,31,23,151,166,20,186,337
06/29/2023,SLN,KS,ACE,CE,Federal Contract Tower,6,6,7,3,22,0,54,11,7,72,6,60,18,10,94,140,0,140,234
06/30/2023,SLN,KS,ACE,CE,Federal Contract Tower,6,8,12,7,33,0,59,13,6,78,6,67,25,13,111,142,4,146,257
07/01/2023,SLN,KS,ACE,CE,Federal Contract Tower,2,5,11,1,19,0,26,11,1,38,2,31,22,2,57,52,0,52,109
07/02/2023,SLN,KS,ACE,CE,Federal Contract Tower,7,4,3,1,15,0,23,6,0,29,7,27,9,1,44,44,0,44,88
07/03/2023,SLN,KS,ACE,CE,Federal Contract Tower,6,4,1,0,11,0,52,10,0,62,6,56,11,0,73,170,0,170,243
07/04/2023,SLN,KS,ACE,CE,Federal Contract Tower,4,0,3,0,7,0,2,4,0,6,4,2,7,0,13,4,0,4,17
07/05/2023,SLN,KS,ACE,CE,Federal Contract Tower,5,6,6,3,20,0,11,3,8,22,5,17,9,11,42,66,34,100,142
07/06/2023,SLN,KS,ACE,CE,Federal Contract Tower,5,5,15,4,29,0,66,25,12,103,5,71,40,16,132,116,44,160,292
07/07/2023,SLN,KS,ACE,CE,Federal Contract Tower,5,8,8,0,21,0,41,9,9,59,5,49,17,9,80,108,0,108,188
07/08/2023,SLN,KS,ACE,CE,Federal Contract Tower,4,4,11,0,19,0,33,7,2,42,4,37,18,2,61,106,0,106,167
07/09/2023,SLN,KS,ACE,CE,Federal Contract Tower,4,5,16,1,26,0,28,35,3,66,4,33,51,4,92,68,0,68,160
07/10/2023,SLN,KS,ACE,CE,Federal Contract Tower,4,8,15,2,29,0,108,26,6,140,4,116,41,8,169,228,4,232,401
07/11/2023,SLN,KS,ACE,CE,Federal Contract Tower,5,8,4,6,23,0,105,32,8,145,5,113,36,14,168,268,4,272,440
07/12/2023,SLN,KS,ACE,CE,Federal Contract Tower,4,11,14,2,31,0,79,28,6,113,4,90,42,8,144,218,0,218,362
07/13/2023,SLN,KS,ACE,CE,Federal Contract Tower,4,8,16,4,32,0,51,21,18,90,4,59,37,22,122,178,50,228,350
07/14/2023,SLN,KS,ACE,CE,Federal Contract Tower,4,4,6,8,22,0,44,9,8,61,4,48,15,16,83,128,18,146,229
07/15/2023,SLN,KS,ACE,CE,Federal Contract Tower,4,6,7,0,17,0,71,23,0,94,4,77,30,0,111,196,0,196,307
07/16/2023,SLN,KS,ACE,CE,Federal Contract Tower,4,7,12,4,27,0,33,3,0,36,4,40,15,4,63,98,0,98,161
07/17/2023,SLN,KS,ACE,CE,Federal Contract Tower,4,2,11,13,30,0,94,21,7,122,4,96,32,20,152,232,34,266,418
07/18/2023,SLN,KS,ACE,CE,Federal Contract Tower,4,4,15,6,29,0,12,27,5,44,4,16,42,11,73,60,0,60,133
07/19/2023,SLN,KS,ACE,CE,Federal Contract Tower,4,4,12,3,23,0,26,8,2,36,4,30,20,5,59,82,0,82,141
07/20/2023,SLN,KS,ACE,CE,Federal Contract Tower,4,4,12,3,23,0,57,20,10,87,4,61,32,13,110,140,16,156,266
07/21/2023,SLN,KS,ACE,CE,Federal Contract Tower,4,5,7,0,16,0,59,29,1,89,4,64,36,1,105,250,0,250,355
07/22/2023,SLN,KS,ACE,CE,Federal Contract Tower,4,2,3,8,17,0,22,19,0,41,4,24,22,8,58,88,0,88,146
07/23/2023,SLN,KS,ACE,CE,Federal Contract Tower,4,3,5,1,13,0,19,19,0,38,4,22,24,1,51,48,0,48,99
07/24/2023,SLN,KS,ACE,CE,Federal Contract Tower,4,7,9,5,25,0,61,15,2,78,4,68,24,7,103,110,0,110,213
07/25/2023,SLN,KS,ACE,CE,Federal Contract Tower,4,2,14,3,23,0,41,19,8,68,4,43,33,11,91,104,10,114,205
07/26/2023,SLN,KS,ACE,CE,Federal Contract Tower,4,2,10,4,20,0,60,19,10,89,4,62,29,14,109,168,0,168,277
07/27/2023,SLN,KS,ACE,CE,Federal Contract Tower,4,4,10,1,19,0,30,17,24,71,4,34,27,25,90,108,20,128,218
07/28/2023,SLN,KS,ACE,CE,Federal Contract Tower,3,2,10,3,18,0,65,16,8,89,3,67,26,11,107,128,0,128,235
07/29/2023,SLN,KS,ACE,CE,Federal Contract Tower,4,10,12,0,26,0,15,24,4,43,4,25,36,4,69,40,0,40,109
07/30/2023,SLN,KS,ACE,CE,Federal Contract Tower,4,0,7,2,13,0,16,27,0,43,4,16,34,2,56,64,0,64,120
07/31/2023,SLN,KS,ACE,CE,Federal Contract Tower,4,3,9,2,18,0,56,16,0,72,4,59,25,2,90,110,0,110,200
08/01/2023,SLN,KS,ACE,CE,Federal Contract Tower,5,2,8,6,21,0,71,17,1,89,5,73,25,7,110,182,46,228,338
08/02/2023,SLN,KS,ACE,CE,Federal Contract Tower,4,0,14,18,36,0,52,18,6,76,4,52,32,24,112,92,18,110,222
08/03/2023,SLN,KS,ACE,CE,Federal Contract Tower,4,0,17,6,27,0,17,18,4,39,4,17,35,10,66,108,4,112,178
08/04/2023,SLN,KS,ACE,CE,Federal Contract Tower,4,3,11,3,21,0,38,26,7,71,4,41,37,10,92,68,6,74,166
08/05/2023,SLN,KS,ACE,CE,Federal Contract Tower,4,6,15,1,26,0,19,22,12,53,4,25,37,13,79,52,4,56,135
08/06/2023,SLN,KS,ACE,CE,Federal Contract Tower,4,13,14,4,35,0,2,9,0,11,4,15,23,4,46,6,0,6,52
08/07/2023,SLN,KS,ACE,CE,Federal Contract Tower,4,3,8,9,24,0,75,23,1,99,4,78,31,10,123,182,12,194,317
08/08/2023,SLN,KS,ACE,CE,Federal Contract Tower,4,9,8,16,37,0,75,22,8,105,4,84,30,24,142,124,30,154,296
08/09/2023,SLN,KS,ACE,CE,Federal Contract Tower,4,5,12,2,23,0,37,13,1,51,4,42,25,3,74,82,0,82,156
08/10/2023,SLN,KS,ACE,CE,Federal Contract Tower,4,4,11,1,20,0,51,25,11,87,4,55,36,12,107,170,12,182,289
08/11/2023,SLN,KS,ACE,CE,Federal Contract Tower,4,3,5,2,14,0,42,15,2,59,4,45,20,4,73,104,14,118,191
08/12/2023,SLN,KS,ACE,CE,Federal Contract Tower,4,6,9,0,19,0,14,7,1,22,4,20,16,1,41,4,0,4,45
08/13/2023,SLN,KS,ACE,CE,Federal Contract Tower,4,3,13,0,20,0,0,5,0,5,4,3,18,0,25,0,0,0,25
08/14/2023,SLN,KS,ACE,CE,Federal Contract Tower,4,4,13,13,34,0,27,9,3,39,4,31,22,16,73,74,8,82,155
08/15/2023,SLN,KS,ACE,CE,Federal Contract Tower,3,4,12,6,25,0,54,30,7,91,3,58,42,13,116,192,26,218,334
08/16/2023,SLN,KS,ACE,CE,Federal Contract Tower,3,6,8,2,19,0,24,24,15,63,3,30,32,17,82,100,28,128,210
08/17/2023,SLN,KS,ACE,CE,Federal Contract Tower,2,5,27,11,45,0,28,25,15,68,2,33,52,26,113,94,16,110,223
08/18/2023,SLN,KS,ACE,CE,Federal Contract Tower,4,4,9,4,21,0,30,23,7,60,4,34,32,11,81,68,4,72,153
08/19/2023,SLN,KS,ACE,CE,Federal Contract Tower,4,4,7,2,17,0,3,9,1,13,4,7,16,3,30,14,0,14,44
08/20/2023,SLN,KS,ACE,CE,Federal Contract Tower,4,6,6,0,16,0,2,14,5,21,4,8,20,5,37,20,0,20,57
08/21/2023,SLN,KS,ACE,CE,Federal Contract Tower,3,4,6,2,15,0,18,22,2,42,3,22,28,4,57,48,0,48,105
08/22/2023,SLN,KS,ACE,CE,Federal Contract Tower,4,1,9,4,18,0,47,11,6,64,4,48,20,10,82,112,0,112,194
08/23/2023,SLN,KS,ACE,CE,Federal Contract Tower,4,3,5,5,17,0,54,11,12,77,4,57,16,17,94,98,6,104,198
08/24/2023,SLN,KS,ACE,CE,Federal Contract Tower,5,4,16,4,29,0,7,15,7,29,5,11,31,11,58,12,0,12,70
08/25/2023,SLN,KS,ACE,CE,Federal Contract Tower,4,5,8,10,27,0,10,15,2,27,4,15,23,12,54,30,20,50,104
08/26/2023,SLN,KS,ACE,CE,Federal Contract Tower,3,10,0,0,13,0,35,16,0,51,3,45,16,0,64,54,0,54,118
08/27/2023,SLN,KS,ACE,CE,Federal Contract Tower,4,7,9,0,20,0,44,26,4,74,4,51,35,4,94,86,0,86,180
08/28/2023,SLN,KS,ACE,CE,Federal Contract Tower,4,4,8,1,17,0,105,21,1,127,4,109,29,2,144,210,4,214,358
08/29/2023,SLN,KS,ACE,CE,Federal Contract Tower,4,0,5,6,15,0,108,31,11,150,4,108,36,17,165,118,16,134,299
08/30/2023,SLN,KS,ACE,CE,Federal Contract Tower,4,3,12,4,23,0,91,15,12,118,4,94,27,16,141,210,16,226,367
08/31/2023,SLN,KS,ACE,CE,Federal Contract Tower,4,9,13,0,26,0,102,18,0,120,4,111,31,0,146,220,0,220,366
01/01/2020,SLN,KS,ACE,CE,Federal Contract Tower,1,2,2,0,5,0,0,8,0,8,1,2,10,0,13,6,0,6,19
01/02/2020,SLN,KS,ACE,CE,Federal Contract Tower,6,2,15,0,23,0,18,13,2,33,6,20,28,2,56,64,12,76,132
01/03/2020,SLN,KS,ACE,CE,Federal Contract Tower,5,0,18,1,24,0,15,6,3,24,5,15,24,4,48,44,10,54,102
01/04/2020,SLN,KS,ACE,CE,Federal Contract Tower,6,2,6,3,17,0,0,17,0,17,6,2,23,3,34,0,10,10,44
01/05/2020,SLN,KS,ACE,CE,Federal Contract Tower,4,4,9,0,17,0,4,7,0,11,4,8,16,0,28,2,0,2,30
01/06/2020,SLN,KS,ACE,CE,Federal Contract Tower,4,1,16,0,21,0,36,18,0,54,4,37,34,0,75,36,0,36,111
01/07/2020,SLN,KS,ACE,CE,Federal Contract Tower,5,6,6,1,18,0,31,13,5,49,5,37,19,6,67,58,20,78,145
01/08/2020,SLN,KS,ACE,CE,Federal Contract Tower,4,2,5,2,13,0,30,7,14,51,4,32,12,16,64,64,26,90,154
01/09/2020,SLN,KS,ACE,CE,Federal Contract Tower,5,9,11,19,44,0,37,7,18,62,5,46,18,37,106,130,88,218,324
01/10/2020,SLN,KS,ACE,CE,Federal Contract Tower,4,2,4,0,10,0,0,0,0,0,4,2,4,0,10,0,0,0,10
01/11/2020,SLN,KS,ACE,CE,Federal Contract Tower,0,0,3,0,3,0,2,15,0,17,0,2,18,0,20,0,0,0,20
01/12/2020,SLN,KS,ACE,CE,Federal Contract Tower,6,4,4,5,19,0,0,0,0,0,6,4,4,5,19,0,0,0,19
01/13/2020,SLN,KS,ACE,CE,Federal Contract Tower,5,4,9,0,18,0,0,0,0,0,5,4,9,0,18,0,0,0,18
01/14/2020,SLN,KS,ACE,CE,Federal Contract Tower,4,5,12,7,28,0,2,2,0,4,4,7,14,7,32,12,0,12,44
01/15/2020,SLN,KS,ACE,CE,Federal Contract Tower,4,5,12,19,40,0,35,16,13,64,4,40,28,32,104,58,38,96,200
01/16/2020,SLN,KS,ACE,CE,Federal Contract Tower,4,4,5,1,14,0,43,5,3,51,4,47,10,4,65,100,34,134,199
01/17/2020,SLN,KS,ACE,CE,Federal Contract Tower,7,0,4,0,11,0,0,0,0,0,7,0,4,0,11,0,0,0,11
01/18/2020,SLN,KS,ACE,CE,Federal Contract Tower,0,0,5,0,5,0,4,5,0,9,0,4,10,0,14,0,0,0,14
01/19/2020,SLN,KS,ACE,CE,Federal Contract Tower,4,0,7,0,11,0,3,18,0,21,4,3,25,0,32,30,0,30,62
01/20/2020,SLN,KS,ACE,CE,Federal Contract Tower,5,0,11,0,16,0,3,14,0,17,5,3,25,0,33,6,0,6,39
01/21/2020,SLN,KS,ACE,CE,Federal Contract Tower,4,3,9,9,25,0,44,3,22,69,4,47,12,31,94,60,26,86,180
01/22/2020,SLN,KS,ACE,CE,Federal Contract Tower,3,0,1,0,4,0,0,0,0,0,3,0,1,0,4,0,0,0,4
01/23/2020,SLN,KS,ACE,CE,Federal Contract Tower,5,1,7,4,17,0,8,0,2,10,5,9,7,6,27,22,4,26,53
01/24/2020,SLN,KS,ACE,CE,Federal Contract Tower,5,0,9,0,14,0,13,3,16,32,5,13,12,16,46,70,38,108,154
01/25/2020,SLN,KS,ACE,CE,Federal Contract Tower,1,0,8,0,9,0,2,0,0,2,1,2,8,0,11,2,0,2,13
01/26/2020,SLN,KS,ACE,CE,Federal Contract Tower,4,2,8,0,14,0,6,27,2,35,4,8,35,2,49,18,0,18,67
01/27/2020,SLN,KS,ACE,CE,Federal Contract Tower,11,11,5,21,48,0,31,11,1,43,11,42,16,22,91,84,0,84,175
01/28/2020,SLN,KS,ACE,CE,Federal Contract Tower,4,0,4,0,8,0,0,0,0,0,4,0,4,0,8,0,0,0,8
01/29/2020,SLN,KS,ACE,CE,Federal Contract Tower,6,2,9,1,18,0,10,2,11,23,6,12,11,12,41,12,4,16,57
01/30/2020,SLN,KS,ACE,CE,Federal Contract Tower,4,7,8,18,37,0,74,8,13,95,4,81,16,31,132,144,58,202,334
01/31/2020,SLN,KS,ACE,CE,Federal Contract Tower,4,11,18,3,36,0,135,13,13,161,4,146,31,16,197,170,0,170,367
02/01/2020,SLN,KS,ACE,CE,Federal Contract Tower,0,9,11,4,24,2,80,18,0,100,2,89,29,4,124,92,10,102,226
02/02/2020,SLN,KS,ACE,CE,Federal Contract Tower,5,2,5,3,15,0,0,13,4,17,5,2,18,7,32,4,8,12,44
02/03/2020,SLN,KS,ACE,CE,Federal Contract Tower,7,2,15,0,24,0,2,1,0,3,7,4,16,0,27,4,0,4,31
02/04/2020,SLN,KS,ACE,CE,Federal Contract Tower,4,0,3,0,7,0,8,1,9,18,4,8,4,9,25,0,48,48,73
02/05/2020,SLN,KS,ACE,CE,Federal Contract Tower,4,4,12,9,29,0,44,1,14,59,4,48,13,23,88,118,22,140,228
02/06/2020,SLN,KS,ACE,CE,Federal Contract Tower,4,13,8,8,33,0,116,10,15,141,4,129,18,23,174,218,40,258,432
02/07/2020,SLN,KS,ACE,CE,Federal Contract Tower,6,11,12,5,34,0,127,13,14,154,6,138,25,19,188,130,0,130,318
02/08/2020,SLN,KS,ACE,CE,Federal Contract Tower,0,14,10,3,27,0,107,19,3,129,0,121,29,6,156,102,0,102,258
02/09/2020,SLN,KS,ACE,CE,Federal Contract Tower,5,2,8,1,16,0,0,6,4,10,5,2,14,5,26,2,0,2,28
02/10/2020,SLN,KS,ACE,CE,Federal Contract Tower,6,13,7,9,35,0,118,11,4,133,6,131,18,13,168,154,6,160,328
02/11/2020,SLN,KS,ACE,CE,Federal Contract Tower,4,12,11,12,39,0,117,15,6,138,4,129,26,18,177,162,16,178,355
02/12/2020,SLN,KS,ACE,CE,Federal Contract Tower,6,0,4,2,12,0,0,0,0,0,6,0,4,2,12,0,0,0,12
02/13/2020,SLN,KS,ACE,CE,Federal Contract Tower,4,11,14,2,31,0,80,10,0,90,4,91,24,2,121,136,0,136,257
02/14/2020,SLN,KS,ACE,CE,Federal Contract Tower,4,3,12,3,22,0,95,0,1,96,4,98,12,4,118,156,0,156,274
02/15/2020,SLN,KS,ACE,CE,Federal Contract Tower,1,13,6,0,20,0,83,15,0,98,1,96,21,0,118,204,0,204,322
02/16/2020,SLN,KS,ACE,CE,Federal Contract Tower,4,3,6,0,13,0,1,10,0,11,4,4,16,0,24,4,0,4,28
02/17/2020,SLN,KS,ACE,CE,Federal Contract Tower,4,11,17,0,32,0,103,8,0,111,4,114,25,0,143,238,0,238,381
02/18/2020,SLN,KS,ACE,CE,Federal Contract Tower,5,13,16,9,43,0,82,7,6,95,5,95,23,15,138,174,0,174,312
02/19/2020,SLN,KS,ACE,CE,Federal Contract Tower,4,4,16,3,27,0,100,17,10,127,4,104,33,13,154,168,8,176,330
02/20/2020,SLN,KS,ACE,CE,Federal Contract Tower,4,14,14,12,44,0,62,9,6,77,4,76,23,18,121,140,20,160,281
02/21/2020,SLN,KS,ACE,CE,Federal Contract Tower,9,15,7,0,31,0,103,15,8,126,9,118,22,8,157,136,14,150,307
02/22/2020,SLN,KS,ACE,CE,Federal Contract Tower,1,3,15,0,19,0,51,8,3,62,1,54,23,3,81,144,0,144,225
02/23/2020,SLN,KS,ACE,CE,Federal Contract Tower,4,0,8,0,12,0,0,5,0,5,4,0,13,0,17,8,0,8,25
02/24/2020,SLN,KS,ACE,CE,Federal Contract Tower,5,7,6,4,22,0,57,11,3,71,5,64,17,7,93,168,20,188,281
02/25/2020,SLN,KS,ACE,CE,Federal Contract Tower,5,6,5,2,18,0,2,2,0,4,5,8,7,2,22,10,0,10,32
02/26/2020,SLN,KS,ACE,CE,Federal Contract Tower,5,13,13,6,37,0,124,17,5,146,5,137,30,11,183,196,8,204,387
02/27/2020,SLN,KS,ACE,CE,Federal Contract Tower,4,1,25,2,32,0,48,16,2,66,4,49,41,4,98,108,42,150,248
02/28/2020,SLN,KS,ACE,CE,Federal Contract Tower,5,9,8,6,28,0,115,21,0,136,5,124,29,6,164,152,0,152,316
02/29/2020,SLN,KS,ACE,CE,Federal Contract Tower,4,9,11,0,24,0,53,10,0,63,4,62,21,0,87,68,0,68,155
03/01/2020,SLN,KS,ACE,CE,Federal Contract Tower,4,1,15,2,22,0,3,27,0,30,4,4,42,2,52,4,0,4,56
03/02/2020,SLN,KS,ACE,CE,Federal Contract Tower,4,10,10,0,24,0,104,19,0,123,4,114,29,0,147,196,0,196,343
03/03/2020,SLN,KS,ACE,CE,Federal Contract Tower,8,10,10,2,30,0,66,17,7,90,8,76,27,9,120,156,30,186,306
03/04/2020,SLN,KS,ACE,CE,Federal Contract Tower,4,16,16,2,38,0,96,11,0,107,4,112,27,2,145,206,0,206,351
03/05/2020,SLN,KS,ACE,CE,Federal Contract Tower,7,8,8,2,25,0,37,5,7,49,7,45,13,9,74,84,0,84,158
03/06/2020,SLN,KS,ACE,CE,Federal Contract Tower,3,7,11,3,24,0,95,15,0,110,3,102,26,3,134,168,0,168,302
03/07/2020,SLN,KS,ACE,CE,Federal Contract Tower,4,0,4,0,8,0,12,2,9,23,4,12,6,9,31,16,0,16,47
03/08/2020,SLN,KS,ACE,CE,Federal Contract Tower,3,2,2,1,8,0,0,2,1,3,3,2,4,2,11,0,0,0,11
03/09/2020,SLN,KS,ACE,CE,Federal Contract Tower,5,2,9,4,20,0,0,1,0,1,5,2,10,4,21,0,0,0,21
03/11/2020,SLN,KS,ACE,CE,Federal Contract Tower,3,5,21,16,45,0,36,12,5,53,3,41,33,21,98,64,8,72,170
03/12/2020,SLN,KS,ACE,CE,Federal Contract Tower,4,8,15,9,36,0,42,20,16,78,4,50,35,25,114,78,14,92,206
03/13/2020,SLN,KS,ACE,CE,Federal Contract Tower,2,3,11,0,16,0,0,15,6,21,2,3,26,6,37,2,24,26,63
03/14/2020,SLN,KS,ACE,CE,Federal Contract Tower,3,6,12,0,21,0,0,1,1,2,3,6,13,1,23,0,0,0,23
03/15/2020,SLN,KS,ACE,CE,Federal Contract Tower,2,6,10,2,20,0,1,0,1,2,2,7,10,3,22,0,0,0,22
03/16/2020,SLN,KS,ACE,CE,Federal Contract Tower,3,2,9,10,24,0,0,0,0,0,3,2,9,10,24,0,0,0,24
03/17/2020,SLN,KS,ACE,CE,Federal Contract Tower,3,2,9,2,16,0,0,2,2,4,3,2,11,4,20,0,14,14,34
03/18/2020,SLN,KS,ACE,CE,Federal Contract Tower,3,0,4,18,25,0,1,4,3,8,3,1,8,21,33,20,14,34,67
03/19/2020,SLN,KS,ACE,CE,Federal Contract Tower,2,7,8,7,24,0,0,5,6,11,2,7,13,13,35,4,14,18,53
03/20/2020,SLN,KS,ACE,CE,Federal Contract Tower,3,0,7,2,12,0,0,17,4,21,3,0,24,6,33,10,10,20,53
03/21/2020,SLN,KS,ACE,CE,Federal Contract Tower,0,2,5,0,7,0,2,23,0,25,0,4,28,0,32,16,0,16,48
03/22/2020,SLN,KS,ACE,CE,Federal Contract Tower,1,2,5,0,8,0,0,0,0,0,1,2,5,0,8,0,0,0,8
03/23/2020,SLN,KS,ACE,CE,Federal Contract Tower,1,2,7,0,10,0,2,3,0,5,1,4,10,0,15,8,0,8,23
03/24/2020,SLN,KS,ACE,CE,Federal Contract Tower,3,6,6,3,18,0,0,3,2,5,3,6,9,5,23,2,2,4,27
03/25/2020,SLN,KS,ACE,CE,Federal Contract Tower,4,0,2,0,6,0,4,12,3,19,4,4,14,3,25,22,6,28,53
03/26/2020,SLN,KS,ACE,CE,Federal Contract Tower,3,2,2,4,11,0,0,0,0,0,3,2,2,4,11,0,0,0,11
03/27/2020,SLN,KS,ACE,CE,Federal Contract Tower,10,4,5,8,27,0,0,0,1,1,10,4,5,9,28,0,0,0,28
03/28/2020,SLN,KS,ACE,CE,Federal Contract Tower,3,0,0,0,3,0,0,4,0,4,3,0,4,0,7,2,0,2,9
03/29/2020,SLN,KS,ACE,CE,Federal Contract Tower,3,2,5,0,10,0,0,23,0,23,3,2,28,0,33,22,0,22,55
03/30/2020,SLN,KS,ACE,CE,Federal Contract Tower,5,7,3,6,21,0,4,18,1,23,5,11,21,7,44,10,34,44,88
03/31/2020,SLN,KS,ACE,CE,Federal Contract Tower,14,2,1,4,21,0,2,22,1,25,14,4,23,5,46,32,54,86,132
04/01/2020,SLN,KS,ACE,CE,Federal Contract Tower,5,1,2,4,12,0,2,16,4,22,5,3,18,8,34,32,64,96,130
04/02/2020,SLN,KS,ACE,CE,Federal Contract Tower,4,0,2,6,12,0,0,4,0,4,4,0,6,6,16,8,4,12,28
04/03/2020,SLN,KS,ACE,CE,Federal Contract Tower,4,5,10,4,23,0,1,6,3,10,4,6,16,7,33,8,0,8,41
04/04/2020,SLN,KS,ACE,CE,Federal Contract Tower,2,0,2,0,4,0,0,4,0,4,2,0,6,0,8,0,0,0,8
04/05/2020,SLN,KS,ACE,CE,Federal Contract Tower,4,4,6,0,14,0,0,0,0,0,4,4,6,0,14,0,0,0,14
04/06/2020,SLN,KS,ACE,CE,Federal Contract Tower,12,0,2,11,25,0,0,8,1,9,12,0,10,12,34,8,18,26,60
04/07/2020,SLN,KS,ACE,CE,Federal Contract Tower,3,2,6,4,15,0,0,28,1,29,3,2,34,5,44,54,20,74,118
04/08/2020,SLN,KS,ACE,CE,Federal Contract Tower,4,1,2,14,21,0,0,15,9,24,4,1,17,23,45,24,0,24,69
04/09/2020,SLN,KS,ACE,CE,Federal Contract Tower,12,2,7,1,22,0,0,4,7,11,12,2,11,8,33,32,20,52,85
04/10/2020,SLN,KS,ACE,CE,Federal Contract Tower,12,0,2,0,14,0,4,9,6,19,12,4,11,6,33,4,12,16,49
04/12/2020,SLN,KS,ACE,CE,Federal Contract Tower,4,0,0,0,4,0,0,0,0,0,4,0,0,0,4,0,0,0,4
04/13/2020,SLN,KS,ACE,CE,Federal Contract Tower,4,2,0,4,10,0,0,13,2,15,4,2,13,6,25,6,0,6,31
04/14/2020,SLN,KS,ACE,CE,Federal Contract Tower,2,0,4,7,13,0,2,9,1,12,2,2,13,8,25,0,94,94,119
04/15/2020,SLN,KS,ACE,CE,Federal Contract Tower,4,0,4,2,10,0,2,21,5,28,4,2,25,7,38,36,0,36,74
04/16/2020,SLN,KS,ACE,CE,Federal Contract Tower,4,0,0,0,4,0,0,0,0,0,4,0,0,0,4,0,0,0,4
04/17/2020,SLN,KS,ACE,CE,Federal Contract Tower,4,4,1,0,9,0,0,13,0,13,4,4,14,0,22,8,0,8,30
04/18/2020,SLN,KS,ACE,CE,Federal Contract Tower,3,1,0,0,4,0,1,9,0,10,3,2,9,0,14,0,0,0,14
04/19/2020,SLN,KS,ACE,CE,Federal Contract Tower,6,0,3,0,9,0,0,11,0,11,6,0,14,0,20,8,0,8,28
04/20/2020,SLN,KS,ACE,CE,Federal Contract Tower,4,0,0,1,5,0,0,20,0,20,4,0,20,1,25,24,0,24,49
04/21/2020,SLN,KS,ACE,CE,Federal Contract Tower,2,0,3,2,7,0,0,24,4,28,2,0,27,6,35,20,20,40,75
04/22/2020,SLN,KS,ACE,CE,Federal Contract Tower,4,0,6,2,12,0,0,0,0,0,4,0,6,2,12,0,0,0,12
04/23/2020,SLN,KS,ACE,CE,Federal Contract Tower,2,6,2,1,11,0,1,16,1,18,2,7,18,2,29,10,2,12,41
04/24/2020,SLN,KS,ACE,CE,Federal Contract Tower,4,0,1,0,5,0,0,4,9,13,4,0,5,9,18,6,4,10,28
04/25/2020,SLN,KS,ACE,CE,Federal Contract Tower,2,2,6,0,10,0,1,19,0,20,2,3,25,0,30,26,0,26,56
04/26/2020,SLN,KS,ACE,CE,Federal Contract Tower,4,2,2,0,8,0,0,8,0,8,4,2,10,0,16,4,0,4,20
04/27/2020,SLN,KS,ACE,CE,Federal Contract Tower,4,0,1,0,5,0,2,19,2,23,4,2,20,2,28,8,0,8,36
04/28/2020,SLN,KS,ACE,CE,Federal Contract Tower,2,0,2,0,4,0,0,13,0,13,2,0,15,0,17,6,0,6,23
04/29/2020,SLN,KS,ACE,CE,Federal Contract Tower,4,0,5,2,11,0,2,1,2,5,4,2,6,4,16,0,0,0,16
04/30/2020,SLN,KS,ACE,CE,Federal Contract Tower,4,0,2,4,10,0,0,29,9,38,4,0,31,13,48,44,10,54,102
05/01/2020,SLN,KS,ACE,CE,Federal Contract Tower,11,0,2,0,13,0,0,6,5,11,11,0,8,5,24,0,2,2,26
05/02/2020,SLN,KS,ACE,CE,Federal Contract Tower,3,0,0,0,3,0,3,9,0,12,3,3,9,0,15,0,0,0,15
05/03/2020,SLN,KS,ACE,CE,Federal Contract Tower,2,5,1,0,8,0,3,13,0,16,2,8,14,0,24,4,0,4,28
05/04/2020,SLN,KS,ACE,CE,Federal Contract Tower,3,0,7,0,10,0,0,2,0,2,3,0,9,0,12,4,0,4,16
05/05/2020,SLN,KS,ACE,CE,Federal Contract Tower,2,0,3,2,7,0,4,10,0,14,2,4,13,2,21,18,0,18,39
05/06/2020,SLN,KS,ACE,CE,Federal Contract Tower,2,3,2,13,20,0,0,19,2,21,2,3,21,15,41,52,36,88,129
05/07/2020,SLN,KS,ACE,CE,Federal Contract Tower,2,4,4,2,12,0,0,2,6,8,2,4,6,8,20,0,0,0,20
05/08/2020,SLN,KS,ACE,CE,Federal Contract Tower,1,1,5,5,12,0,0,13,12,25,1,1,18,17,37,0,2,2,39
05/09/2020,SLN,KS,ACE,CE,Federal Contract Tower,5,0,5,3,13,0,3,24,0,27,5,3,29,3,40,4,20,24,64
05/10/2020,SLN,KS,ACE,CE,Federal Contract Tower,2,0,9,0,11,0,0,15,0,15,2,0,24,0,26,6,0,6,32
05/11/2020,SLN,KS,ACE,CE,Federal Contract Tower,2,2,8,0,12,0,0,0,2,2,2,2,8,2,14,4,0,4,18
05/12/2020,SLN,KS,ACE,CE,Federal Contract Tower,2,0,2,5,9,0,0,0,3,3,2,0,2,8,12,0,8,8,20
05/13/2020,SLN,KS,ACE,CE,Federal Contract Tower,2,1,2,0,5,0,0,0,0,0,2,1,2,0,5,0,0,0,5
05/14/2020,SLN,KS,ACE,CE,Federal Contract Tower,2,0,3,13,18,0,0,11,8,19,2,0,14,21,37,30,108,138,175
05/15/2020,SLN,KS,ACE,CE,Federal Contract Tower,2,5,3,7,17,0,2,14,6,22,2,7,17,13,39,12,30,42,81
05/16/2020,SLN,KS,ACE,CE,Federal Contract Tower,2,0,8,0,10,0,2,12,0,14,2,2,20,0,24,2,0,2,26
05/17/2020,SLN,KS,ACE,CE,Federal Contract Tower,2,0,3,4,9,0,0,13,4,17,2,0,16,8,26,6,50,56,82
05/18/2020,SLN,KS,ACE,CE,Federal Contract Tower,2,2,7,15,26,0,2,18,16,36,2,4,25,31,62,16,28,44,106
05/19/2020,SLN,KS,ACE,CE,Federal Contract Tower,2,0,15,5,22,0,5,34,11,50,2,5,49,16,72,44,22,66,138
05/20/2020,SLN,KS,ACE,CE,Federal Contract Tower,3,2,6,4,15,0,38,19,11,68,3,40,25,15,83,66,0,66,149
05/21/2020,SLN,KS,ACE,CE,Federal Contract Tower,2,0,2,0,4,0,0,1,7,8,2,0,3,7,12,0,0,0,12
05/22/2020,SLN,KS,ACE,CE,Federal Contract Tower,2,0,6,0,8,0,43,3,3,49,2,43,9,3,57,136,0,136,193
05/23/2020,SLN,KS,ACE,CE,Federal Contract Tower,2,2,7,0,11,0,1,19,4,24,2,3,26,4,35,10,0,10,45
05/24/2020,SLN,KS,ACE,CE,Federal Contract Tower,2,0,5,0,7,0,0,4,0,4,2,0,9,0,11,6,0,6,17
05/25/2020,SLN,KS,ACE,CE,Federal Contract Tower,2,0,3,2,7,0,0,0,0,0,2,0,3,2,7,0,0,0,7
05/26/2020,SLN,KS,ACE,CE,Federal Contract Tower,2,17,4,13,36,0,25,8,5,38,2,42,12,18,74,74,6,80,154
05/27/2020,SLN,KS,ACE,CE,Federal Contract Tower,2,2,11,16,31,0,97,25,5,127,2,99,36,21,158,144,8,152,310
05/28/2020,SLN,KS,ACE,CE,Federal Contract Tower,2,4,11,6,23,0,71,8,19,98,2,75,19,25,121,132,30,162,283
05/29/2020,SLN,KS,ACE,CE,Federal Contract Tower,4,6,8,4,22,0,74,45,12,131,4,80,53,16,153,94,28,122,275
05/30/2020,SLN,KS,ACE,CE,Federal Contract Tower,2,3,9,9,23,0,1,10,1,12,2,4,19,10,35,4,50,54,89
05/31/2020,SLN,KS,ACE,CE,Federal Contract Tower,2,2,8,0,12,0,1,8,0,9,2,3,16,0,21,0,0,0,21
06/01/2020,SLN,KS,ACE,CE,Federal Contract Tower,2,4,7,10,23,0,59,8,7,74,2,63,15,17,97,64,20,84,181
06/02/2020,SLN,KS,ACE,CE,Federal Contract Tower,2,8,7,4,21,0,64,9,4,77,2,72,16,8,98,124,12,136,234
06/03/2020,SLN,KS,ACE,CE,Federal Contract Tower,2,7,12,14,35,0,72,22,8,102,2,79,34,22,137,108,4,112,249
06/04/2020,SLN,KS,ACE,CE,Federal Contract Tower,2,5,8,24,39,0,60,24,15,99,2,65,32,39,138,130,18,148,286
06/05/2020,SLN,KS,ACE,CE,Federal Contract Tower,2,7,9,3,21,0,46,40,12,98,2,53,49,15,119,78,2,80,199
06/06/2020,SLN,KS,ACE,CE,Federal Contract Tower,2,2,9,0,13,0,4,19,0,23,2,6,28,0,36,2,0,2,38
06/07/2020,SLN,KS,ACE,CE,Federal Contract Tower,2,0,8,2,12,0,2,9,2,13,2,2,17,4,25,0,10,10,35
06/08/2020,SLN,KS,ACE,CE,Federal Contract Tower,2,3,10,4,19,0,37,13,2,52,2,40,23,6,71,80,0,80,151
06/09/2020,SLN,KS,ACE,CE,Federal Contract Tower,2,8,6,4,20,0,68,5,0,73,2,76,11,4,93,146,10,156,249
06/10/2020,SLN,KS,ACE,CE,Federal Contract Tower,2,1,6,2,11,0,38,5,3,46,2,39,11,5,57,72,0,72,129
06/11/2020,SLN,KS,ACE,CE,Federal Contract Tower,2,7,11,7,27,0,102,28,4,134,2,109,39,11,161,254,0,254,415
06/12/2020,SLN,KS,ACE,CE,Federal Contract Tower,2,17,12,3,34,0,53,24,3,80,2,70,36,6,114,116,36,152,266
06/13/2020,SLN,KS,ACE,CE,Federal Contract Tower,4,1,5,0,10,0,1,13,10,24,4,2,18,10,34,0,22,22,56
06/14/2020,SLN,KS,ACE,CE,Federal Contract Tower,2,2,7,0,11,0,3,9,0,12,2,5,16,0,23,0,0,0,23
06/15/2020,SLN,KS,ACE,CE,Federal Contract Tower,5,10,17,13,45,0,85,17,7,109,5,95,34,20,154,158,30,188,342
06/16/2020,SLN,KS,ACE,CE,Federal Contract Tower,2,8,10,4,24,0,101,15,4,120,2,109,25,8,144,166,2,168,312
06/17/2020,SLN,KS,ACE,CE,Federal Contract Tower,1,9,14,13,37,0,85,15,10,110,1,94,29,23,147,104,2,106,253
06/18/2020,SLN,KS,ACE,CE,Federal Contract Tower,2,0,8,10,20,0,48,12,5,65,2,48,20,15,85,122,18,140,225
06/19/2020,SLN,KS,ACE,CE,Federal Contract Tower,2,8,8,2,20,0,6,0,0,6,2,14,8,2,26,10,0,10,36
06/20/2020,SLN,KS,ACE,CE,Federal Contract Tower,2,2,10,0,14,0,6,28,0,34,2,8,38,0,48,34,0,34,82
06/21/2020,SLN,KS,ACE,CE,Federal Contract Tower,2,2,12,0,16,0,2,7,0,9,2,4,19,0,25,0,0,0,25
06/22/2020,SLN,KS,ACE,CE,Federal Contract Tower,2,17,10,9,38,0,128,22,4,154,2,145,32,13,192,194,12,206,398
06/23/2020,SLN,KS,ACE,CE,Federal Contract Tower,2,6,12,0,20,0,115,31,1,147,2,121,43,1,167,300,0,300,467
06/24/2020,SLN,KS,ACE,CE,Federal Contract Tower,2,11,8,4,25,0,84,16,3,103,2,95,24,7,128,220,0,220,348
06/25/2020,SLN,KS,ACE,CE,Federal Contract Tower,2,6,12,1,21,0,46,10,17,73,2,52,22,18,94,54,30,84,178
06/26/2020,SLN,KS,ACE,CE,Federal Contract Tower,8,10,14,1,33,0,58,11,14,83,8,68,25,15,116,118,14,132,248
06/27/2020,SLN,KS,ACE,CE,Federal Contract Tower,4,3,5,2,14,0,12,25,4,41,4,15,30,6,55,6,0,6,61
06/28/2020,SLN,KS,ACE,CE,Federal Contract Tower,2,3,9,0,14,0,3,4,0,7,2,6,13,0,21,0,0,0,21
06/29/2020,SLN,KS,ACE,CE,Federal Contract Tower,2,8,16,4,30,0,31,9,3,43,2,39,25,7,73,50,16,66,139
06/30/2020,SLN,KS,ACE,CE,Federal Contract Tower,2,2,13,12,29,0,79,6,0,85,2,81,19,12,114,72,14,86,200
07/01/2020,SLN,KS,ACE,CE,Federal Contract Tower,2,16,16,10,44,0,84,14,4,102,2,100,30,14,146,172,2,174,320
07/02/2020,SLN,KS,ACE,CE,Federal Contract Tower,1,5,3,0,9,0,51,17,6,74,1,56,20,6,83,46,0,46,129
07/03/2020,SLN,KS,ACE,CE,Federal Contract Tower,3,0,12,0,15,0,0,24,0,24,3,0,36,0,39,20,0,20,59
07/04/2020,SLN,KS,ACE,CE,Federal Contract Tower,2,2,2,0,6,0,2,13,0,15,2,4,15,0,21,0,0,0,21
07/05/2020,SLN,KS,ACE,CE,Federal Contract Tower,2,2,4,0,8,0,0,7,0,7,2,2,11,0,15,0,0,0,15
07/06/2020,SLN,KS,ACE,CE,Federal Contract Tower,4,1,5,0,10,0,46,18,0,64,4,47,23,0,74,112,0,112,186
07/07/2020,SLN,KS,ACE,CE,Federal Contract Tower,2,6,10,7,25,0,83,19,7,109,2,89,29,14,134,168,28,196,330
07/08/2020,SLN,KS,ACE,CE,Federal Contract Tower,4,5,1,12,22,0,82,28,2,112,4,87,29,14,134,126,6,132,266
07/09/2020,SLN,KS,ACE,CE,Federal Contract Tower,4,5,18,0,27,0,58,10,2,70,4,63,28,2,97,98,0,98,195
07/10/2020,SLN,KS,ACE,CE,Federal Contract Tower,4,10,15,0,29,0,64,22,0,86,4,74,37,0,115,84,0,84,199
07/11/2020,SLN,KS,ACE,CE,Federal Contract Tower,2,6,10,0,18,0,10,16,4,30,2,16,26,4,48,24,0,24,72
07/12/2020,SLN,KS,ACE,CE,Federal Contract Tower,4,6,5,2,17,0,6,21,4,31,4,12,26,6,48,2,0,2,50
07/13/2020,SLN,KS,ACE,CE,Federal Contract Tower,4,12,4,20,40,0,84,8,13,105,4,96,12,33,145,96,16,112,257
07/14/2020,SLN,KS,ACE,CE,Federal Contract Tower,2,10,17,17,46,0,64,15,23,102,2,74,32,40,148,110,0,110,258
07/15/2020,SLN,KS,ACE,CE,Federal Contract Tower,4,27,25,21,77,0,38,14,19,71,4,65,39,40,148,124,2,126,274
07/16/2020,SLN,KS,ACE,CE,Federal Contract Tower,4,11,8,6,29,0,86,29,3,118,4,97,37,9,147,114,10,124,271
07/17/2020,SLN,KS,ACE,CE,Federal Contract Tower,4,13,12,2,31,0,71,9,2,82,4,84,21,4,113,90,0,90,203
07/18/2020,SLN,KS,ACE,CE,Federal Contract Tower,1,2,9,2,14,0,0,13,12,25,1,2,22,14,39,2,0,2,41
07/19/2020,SLN,KS,ACE,CE,Federal Contract Tower,7,0,6,0,13,0,0,11,4,15,7,0,17,4,28,4,10,14,42
07/20/2020,SLN,KS,ACE,CE,Federal Contract Tower,4,4,7,3,18,0,63,12,7,82,4,67,19,10,100,100,8,108,208
07/21/2020,SLN,KS,ACE,CE,Federal Contract Tower,3,28,20,18,69,0,40,12,21,73,3,68,32,39,142,110,20,130,272
07/22/2020,SLN,KS,ACE,CE,Federal Contract Tower,4,8,7,8,27,0,115,13,7,135,4,123,20,15,162,236,6,242,404
07/23/2020,SLN,KS,ACE,CE,Federal Contract Tower,4,2,4,5,15,0,102,20,9,131,4,104,24,14,146,112,16,128,274
07/24/2020,SLN,KS,ACE,CE,Federal Contract Tower,4,9,14,3,30,0,83,14,3,100,4,92,28,6,130,170,0,170,300
07/25/2020,SLN,KS,ACE,CE,Federal Contract Tower,2,0,2,0,4,0,0,18,0,18,2,0,20,0,22,10,0,10,32
07/26/2020,SLN,KS,ACE,CE,Federal Contract Tower,4,6,10,2,22,0,0,17,0,17,4,6,27,2,39,0,0,0,39
07/27/2020,SLN,KS,ACE,CE,Federal Contract Tower,4,0,6,0,10,0,4,0,0,4,4,4,6,0,14,42,0,42,56
07/29/2020,SLN,KS,ACE,CE,Federal Contract Tower,4,18,11,8,41,0,7,3,1,11,4,25,14,9,52,42,4,46,98
07/30/2020,SLN,KS,ACE,CE,Federal Contract Tower,11,3,7,2,23,0,0,0,1,1,11,3,7,3,24,0,4,4,28
07/31/2020,SLN,KS,ACE,CE,Federal Contract Tower,6,13,16,10,45,0,97,27,9,133,6,110,43,19,178,192,20,212,390
08/01/2020,SLN,KS,ACE,CE,Federal Contract Tower,2,6,5,0,13,0,6,14,0,20,2,12,19,0,33,6,0,6,39
08/02/2020,SLN,KS,ACE,CE,Federal Contract Tower,4,0,3,0,7,0,4,29,0,33,4,4,32,0,40,0,0,0,40
08/03/2020,SLN,KS,ACE,CE,Federal Contract Tower,4,4,9,12,29,0,103,25,9,137,4,107,34,21,166,218,10,228,394
08/04/2020,SLN,KS,ACE,CE,Federal Contract Tower,2,0,9,2,13,0,78,4,0,82,2,78,13,2,95,128,0,128,223
08/05/2020,SLN,KS,ACE,CE,Federal Contract Tower,4,9,13,16,42,0,92,8,19,119,4,101,21,35,161,158,8,166,327
08/06/2020,SLN,KS,ACE,CE,Federal Contract Tower,4,10,6,8,28,0,76,18,11,105,4,86,24,19,133,86,6,92,225
08/07/2020,SLN,KS,ACE,CE,Federal Contract Tower,7,10,9,10,36,0,53,16,9,78,7,63,25,19,114,100,26,126,240
08/08/2020,SLN,KS,ACE,CE,Federal Contract Tower,3,2,8,0,13,0,2,19,0,21,3,4,27,0,34,0,0,0,34
08/09/2020,SLN,KS,ACE,CE,Federal Contract Tower,4,0,15,0,19,0,5,9,0,14,4,5,24,0,33,4,0,4,37
08/10/2020,SLN,KS,ACE,CE,Federal Contract Tower,6,1,12,13,32,0,74,12,13,99,6,75,24,26,131,124,12,136,267
08/11/2020,SLN,KS,ACE,CE,Federal Contract Tower,4,8,12,20,44,0,58,12,49,119,4,66,24,69,163,60,12,72,235
08/12/2020,SLN,KS,ACE,CE,Federal Contract Tower,8,5,12,12,37,0,15,10,33,58,8,20,22,45,95,54,28,82,177
08/13/2020,SLN,KS,ACE,CE,Federal Contract Tower,8,1,16,13,38,0,14,21,38,73,8,15,37,51,111,40,40,80,191
08/14/2020,SLN,KS,ACE,CE,Federal Contract Tower,8,2,11,19,40,0,82,12,40,134,8,84,23,59,174,144,46,190,364
08/15/2020,SLN,KS,ACE,CE,Federal Contract Tower,4,2,7,0,13,0,1,23,2,26,4,3,30,2,39,12,0,12,51
08/16/2020,SLN,KS,ACE,CE,Federal Contract Tower,8,4,19,1,32,0,0,20,5,25,8,4,39,6,57,6,0,6,63
08/17/2020,SLN,KS,ACE,CE,Federal Contract Tower,4,3,6,5,18,0,66,12,7,85,4,69,18,12,103,172,0,172,275
08/18/2020,SLN,KS,ACE,CE,Federal Contract Tower,3,2,13,11,29,0,70,17,43,130,3,72,30,54,159,76,0,76,235
08/19/2020,SLN,KS,ACE,CE,Federal Contract Tower,4,2,11,10,27,0,114,11,118,243,4,116,22,128,270,182,6,188,458
08/20/2020,SLN,KS,ACE,CE,Federal Contract Tower,4,13,14,5,36,0,98,10,134,242,4,111,24,139,278,172,10,182,460
08/21/2020,SLN,KS,ACE,CE,Federal Contract Tower,4,11,17,5,37,0,91,19,104,214,4,102,36,109,251,90,10,100,351
08/22/2020,SLN,KS,ACE,CE,Federal Contract Tower,2,2,10,8,22,0,44,32,19,95,2,46,42,27,117,74,12,86,203
08/23/2020,SLN,KS,ACE,CE,Federal Contract Tower,4,2,13,2,21,0,4,31,10,45,4,6,44,12,66,14,2,16,82
08/24/2020,SLN,KS,ACE,CE,Federal Contract Tower,6,12,5,10,33,0,130,10,84,224,6,142,15,94,257,210,18,228,485
08/25/2020,SLN,KS,ACE,CE,Federal Contract Tower,2,14,12,3,31,0,129,3,114,246,2,143,15,117,277,108,10,118,395
08/26/2020,SLN,KS,ACE,CE,Federal Contract Tower,4,8,10,3,25,0,110,15,115,240,4,118,25,118,265,160,6,166,431
08/27/2020,SLN,KS,ACE,CE,Federal Contract Tower,5,16,13,11,45,0,127,14,11,152,5,143,27,22,197,168,0,168,365
08/28/2020,SLN,KS,ACE,CE,Federal Contract Tower,14,18,22,11,65,0,118,18,18,154,14,136,40,29,219,128,0,128,347
08/29/2020,SLN,KS,ACE,CE,Federal Contract Tower,4,6,5,0,15,0,13,4,0,17,4,19,9,0,32,18,0,18,50
08/30/2020,SLN,KS,ACE,CE,Federal Contract Tower,8,3,6,4,21,0,1,10,5,16,8,4,16,9,37,4,0,4,41
08/31/2020,SLN,KS,ACE,CE,Federal Contract Tower,5,6,10,7,28,0,87,3,1,91,5,93,13,8,119,114,0,114,233
09/01/2020,SLN,KS,ACE,CE,Federal Contract Tower,2,12,20,31,65,0,55,8,5,68,2,67,28,36,133,101,4,105,238
09/02/2020,SLN,KS,ACE,CE,Federal Contract Tower,13,15,8,4,40,0,174,8,7,189,13,189,16,11,229,146,22,168,397
09/03/2020,SLN,KS,ACE,CE,Federal Contract Tower,4,5,21,3,33,0,122,13,5,140,4,127,34,8,173,130,0,130,303
09/04/2020,SLN,KS,ACE,CE,Federal Contract Tower,4,15,9,0,28,0,120,18,0,138,4,135,27,0,166,200,0,200,366
09/05/2020,SLN,KS,ACE,CE,Federal Contract Tower,2,6,4,0,12,0,61,19,0,80,2,67,23,0,92,66,0,66,158
09/06/2020,SLN,KS,ACE,CE,Federal Contract Tower,2,4,5,0,11,0,1,5,0,6,2,5,10,0,17,0,0,0,17
09/07/2020,SLN,KS,ACE,CE,Federal Contract Tower,4,0,10,0,14,0,0,23,0,23,4,0,33,0,37,4,0,4,41
09/08/2020,SLN,KS,ACE,CE,Federal Contract Tower,2,4,6,0,12,0,2,0,0,2,2,6,6,0,14,0,0,0,14
09/09/2020,SLN,KS,ACE,CE,Federal Contract Tower,4,6,11,0,21,0,0,0,0,0,4,6,11,0,21,0,0,0,21
09/10/2020,SLN,KS,ACE,CE,Federal Contract Tower,4,10,7,22,43,0,0,0,2,2,4,10,7,24,45,0,18,18,63
09/11/2020,SLN,KS,ACE,CE,Federal Contract Tower,4,34,14,5,57,0,4,1,3,8,4,38,15,8,65,26,18,44,109
09/12/2020,SLN,KS,ACE,CE,Federal Contract Tower,2,2,2,10,16,0,25,22,1,48,2,27,24,11,64,102,12,114,178
09/13/2020,SLN,KS,ACE,CE,Federal Contract Tower,4,3,7,0,14,0,2,19,0,21,4,5,26,0,35,8,0,8,43
09/14/2020,SLN,KS,ACE,CE,Federal Contract Tower,4,7,7,2,20,0,178,4,4,186,4,185,11,6,206,278,0,278,484
09/15/2020,SLN,KS,ACE,CE,Federal Contract Tower,2,11,11,2,26,0,150,14,6,170,2,161,25,8,196,288,36,324,520
09/16/2020,SLN,KS,ACE,CE,Federal Contract Tower,5,10,8,6,29,0,128,12,11,151,5,138,20,17,180,244,18,262,442
09/17/2020,SLN,KS,ACE,CE,Federal Contract Tower,4,9,7,5,25,0,150,15,2,167,4,159,22,7,192,302,0,302,494
09/18/2020,SLN,KS,ACE,CE,Federal Contract Tower,4,4,16,0,24,0,118,11,13,142,4,122,27,13,166,226,14,240,406
09/19/2020,SLN,KS,ACE,CE,Federal Contract Tower,2,8,8,0,18,0,65,14,3,82,2,73,22,3,100,148,0,148,248
09/20/2020,SLN,KS,ACE,CE,Federal Contract Tower,3,0,16,4,23,0,2,4,2,8,3,2,20,6,31,0,0,0,31
09/21/2020,SLN,KS,ACE,CE,Federal Contract Tower,4,8,8,4,24,0,128,13,5,146,4,136,21,9,170,180,6,186,356
09/22/2020,SLN,KS,ACE,CE,Federal Contract Tower,2,13,7,28,50,0,131,17,6,154,2,144,24,34,204,208,60,268,472
09/23/2020,SLN,KS,ACE,CE,Federal Contract Tower,4,19,9,13,45,0,69,7,8,84,4,88,16,21,129,180,14,194,323
09/24/2020,SLN,KS,ACE,CE,Federal Contract Tower,4,20,14,1,39,0,139,18,6,163,4,159,32,7,202,218,0,218,420
09/25/2020,SLN,KS,ACE,CE,Federal Contract Tower,4,16,11,4,35,0,122,23,6,151,4,138,34,10,186,150,26,176,362
09/26/2020,SLN,KS,ACE,CE,Federal Contract Tower,2,5,12,0,19,0,34,6,0,40,2,39,18,0,59,28,0,28,87
09/27/2020,SLN,KS,ACE,CE,Federal Contract Tower,4,0,17,0,21,0,3,9,0,12,4,3,26,0,33,0,0,0,33
09/28/2020,SLN,KS,ACE,CE,Federal Contract Tower,4,7,12,13,36,0,80,7,10,97,4,87,19,23,133,108,22,130,263
09/29/2020,SLN,KS,ACE,CE,Federal Contract Tower,2,10,5,6,23,0,113,14,16,143,2,123,19,22,166,170,22,192,358
09/30/2020,SLN,KS,ACE,CE,Federal Contract Tower,7,14,16,15,52,0,86,9,14,109,7,100,25,29,161,124,18,142,303
10/01/2020,SLN,KS,ACE,CE,Federal Contract Tower,4,10,13,1,28,0,109,27,7,143,4,119,40,8,171,236,0,236,407
10/02/2020,SLN,KS,ACE,CE,Federal Contract Tower,5,7,10,8,30,0,105,24,30,159,5,112,34,38,189,144,4,148,337
10/03/2020,SLN,KS,ACE,CE,Federal Contract Tower,3,7,8,0,18,0,49,15,0,64,3,56,23,0,82,64,0,64,146
10/04/2020,SLN,KS,ACE,CE,Federal Contract Tower,4,4,12,0,20,0,0,18,0,18,4,4,30,0,38,0,0,0,38
10/05/2020,SLN,KS,ACE,CE,Federal Contract Tower,4,9,10,11,34,0,59,10,4,73,4,68,20,15,107,82,6,88,195
10/06/2020,SLN,KS,ACE,CE,Federal Contract Tower,2,10,10,14,36,0,140,26,23,189,2,150,36,37,225,306,40,346,571
10/07/2020,SLN,KS,ACE,CE,Federal Contract Tower,4,4,18,12,38,0,146,12,18,176,4,150,30,30,214,296,0,296,510
10/08/2020,SLN,KS,ACE,CE,Federal Contract Tower,4,16,17,14,51,0,93,15,13,121,4,109,32,27,172,208,4,212,384
10/09/2020,SLN,KS,ACE,CE,Federal Contract Tower,5,4,9,7,25,0,71,7,9,87,5,75,16,16,112,86,22,108,220
10/10/2020,SLN,KS,ACE,CE,Federal Contract Tower,2,6,10,6,24,0,40,5,2,47,2,46,15,8,71,146,8,154,225
10/11/2020,SLN,KS,ACE,CE,Federal Contract Tower,4,4,4,2,14,0,9,4,1,14,4,13,8,3,28,14,2,16,44
10/12/2020,SLN,KS,ACE,CE,Federal Contract Tower,4,5,12,0,21,0,124,9,0,133,4,129,21,0,154,298,0,298,452
10/13/2020,SLN,KS,ACE,CE,Federal Contract Tower,3,18,11,6,38,4,108,28,8,148,7,126,39,14,186,222,4,226,412
10/14/2020,SLN,KS,ACE,CE,Federal Contract Tower,4,4,5,6,19,0,117,10,13,140,4,121,15,19,159,256,14,270,429
10/15/2020,SLN,KS,ACE,CE,Federal Contract Tower,4,19,12,6,41,0,86,15,17,118,4,105,27,23,159,228,64,292,451
10/16/2020,SLN,KS,ACE,CE,Federal Contract Tower,5,5,12,5,27,0,109,22,14,145,5,114,34,19,172,262,32,294,466
10/17/2020,SLN,KS,ACE,CE,Federal Contract Tower,3,5,4,11,23,0,13,6,8,27,3,18,10,19,50,42,44,86,136
10/18/2020,SLN,KS,ACE,CE,Federal Contract Tower,6,4,9,1,20,0,2,0,3,5,6,6,9,4,25,0,0,0,25
10/19/2020,SLN,KS,ACE,CE,Federal Contract Tower,4,7,14,18,43,0,81,15,10,106,4,88,29,28,149,248,54,302,451
10/20/2020,SLN,KS,ACE,CE,Federal Contract Tower,3,10,13,19,45,0,32,0,23,55,3,42,13,42,100,88,50,138,238
10/21/2020,SLN,KS,ACE,CE,Federal Contract Tower,6,8,7,0,21,0,21,0,0,21,6,29,7,0,42,100,0,100,142
10/22/2020,SLN,KS,ACE,CE,Federal Contract Tower,4,2,19,4,29,0,11,5,13,29,4,13,24,17,58,32,34,66,124
10/23/2020,SLN,KS,ACE,CE,Federal Contract Tower,4,7,8,1,20,0,44,9,0,53,4,51,17,1,73,198,0,198,271
10/24/2020,SLN,KS,ACE,CE,Federal Contract Tower,2,4,12,0,18,0,22,5,0,27,2,26,17,0,45,144,0,144,189
10/25/2020,SLN,KS,ACE,CE,Federal Contract Tower,4,2,3,0,9,0,0,0,0,0,4,2,3,0,9,0,0,0,9
10/26/2020,SLN,KS,ACE,CE,Federal Contract Tower,11,6,4,0,21,0,0,1,0,1,11,6,5,0,22,0,0,0,22
10/27/2020,SLN,KS,ACE,CE,Federal Contract Tower,3,9,9,7,28,0,15,14,4,33,3,24,23,11,61,10,0,10,71
10/28/2020,SLN,KS,ACE,CE,Federal Contract Tower,6,6,9,0,21,0,126,8,2,136,6,132,17,2,157,262,0,262,419
10/29/2020,SLN,KS,ACE,CE,Federal Contract Tower,4,20,9,15,48,0,135,24,13,172,4,155,33,28,220,226,20,246,466
10/30/2020,SLN,KS,ACE,CE,Federal Contract Tower,6,18,16,5,45,0,139,26,3,168,6,157,42,8,213,262,14,276,489
10/31/2020,SLN,KS,ACE,CE,Federal Contract Tower,3,4,6,2,15,0,56,14,0,70,3,60,20,2,85,114,0,114,199
11/01/2020,SLN,KS,ACE,CE,Federal Contract Tower,3,6,4,0,13,0,4,19,0,23,3,10,23,0,36,6,0,6,42
11/02/2020,SLN,KS,ACE,CE,Federal Contract Tower,3,14,7,3,27,0,115,34,1,150,3,129,41,4,177,292,6,298,475
11/03/2020,SLN,KS,ACE,CE,Federal Contract Tower,1,10,13,5,29,0,99,18,2,119,1,109,31,7,148,278,0,278,426
11/04/2020,SLN,KS,ACE,CE,Federal Contract Tower,7,11,12,6,36,0,110,17,68,195,7,121,29,74,231,176,10,186,417
11/05/2020,SLN,KS,ACE,CE,Federal Contract Tower,3,14,6,0,23,0,77,32,8,117,3,91,38,8,140,178,14,192,332
11/06/2020,SLN,KS,ACE,CE,Federal Contract Tower,3,7,10,7,27,0,86,19,3,108,3,93,29,10,135,158,10,168,303
11/07/2020,SLN,KS,ACE,CE,Federal Contract Tower,1,5,4,1,11,0,10,8,0,18,1,15,12,1,29,0,0,0,29
11/08/2020,SLN,KS,ACE,CE,Federal Contract Tower,3,0,13,4,20,0,3,1,0,4,3,3,14,4,24,0,0,0,24
11/09/2020,SLN,KS,ACE,CE,Federal Contract Tower,3,3,4,4,14,0,11,0,8,19,3,14,4,12,33,0,4,4,37
11/10/2020,SLN,KS,ACE,CE,Federal Contract Tower,1,8,13,6,28,0,26,6,7,39,1,34,19,13,67,52,0,52,119
11/11/2020,SLN,KS,ACE,CE,Federal Contract Tower,5,13,15,0,33,0,93,26,0,119,5,106,41,0,152,230,0,230,382
11/12/2020,SLN,KS,ACE,CE,Federal Contract Tower,3,12,7,4,26,0,70,26,13,109,3,82,33,17,135,172,20,192,327
11/13/2020,SLN,KS,ACE,CE,Federal Contract Tower,5,14,19,6,44,0,61,23,7,91,5,75,42,13,135,152,24,176,311
11/14/2020,SLN,KS,ACE,CE,Federal Contract Tower,3,6,2,0,11,0,6,7,0,13,3,12,9,0,24,4,0,4,28
11/15/2020,SLN,KS,ACE,CE,Federal Contract Tower,3,2,5,0,10,0,2,9,3,14,3,4,14,3,24,2,0,2,26
11/16/2020,SLN,KS,ACE,CE,Federal Contract Tower,7,9,1,0,17,0,80,12,0,92,7,89,13,0,109,186,0,186,295
11/17/2020,SLN,KS,ACE,CE,Federal Contract Tower,2,2,11,14,29,0,71,24,13,108,2,73,35,27,137,202,0,202,339
11/18/2020,SLN,KS,ACE,CE,Federal Contract Tower,3,2,7,1,13,0,6,5,2,13,3,8,12,3,26,10,0,10,36
11/19/2020,SLN,KS,ACE,CE,Federal Contract Tower,5,11,5,2,23,0,71,19,7,97,5,82,24,9,120,148,28,176,296
11/20/2020,SLN,KS,ACE,CE,Federal Contract Tower,3,5,4,9,21,0,70,11,3,84,3,75,15,12,105,118,12,130,235
11/21/2020,SLN,KS,ACE,CE,Federal Contract Tower,1,3,8,0,12,0,32,2,0,34,1,35,10,0,46,42,0,42,88
11/22/2020,SLN,KS,ACE,CE,Federal Contract Tower,3,4,9,6,22,0,8,22,0,30,3,12,31,6,52,20,0,20,72
11/23/2020,SLN,KS,ACE,CE,Federal Contract Tower,3,4,7,0,14,0,13,2,2,17,3,17,9,2,31,30,2,32,63
11/24/2020,SLN,KS,ACE,CE,Federal Contract Tower,4,1,13,0,18,0,0,0,0,0,4,1,13,0,18,0,0,0,18
11/25/2020,SLN,KS,ACE,CE,Federal Contract Tower,6,2,12,2,22,0,31,11,2,44,6,33,23,4,66,66,0,66,132
11/26/2020,SLN,KS,ACE,CE,Federal Contract Tower,1,0,3,0,4,0,0,13,0,13,1,0,16,0,17,0,0,0,17
11/27/2020,SLN,KS,ACE,CE,Federal Contract Tower,1,2,2,0,5,0,0,16,0,16,1,2,18,0,21,10,0,10,31
11/28/2020,SLN,KS,ACE,CE,Federal Contract Tower,3,5,0,0,8,0,9,18,0,27,3,14,18,0,35,6,0,6,41
11/29/2020,SLN,KS,ACE,CE,Federal Contract Tower,3,2,1,0,6,0,0,11,0,11,3,2,12,0,17,0,0,0,17
11/30/2020,SLN,KS,ACE,CE,Federal Contract Tower,4,9,6,8,27,0,33,8,0,41,4,42,14,8,68,52,0,52,120
12/01/2020,SLN,KS,ACE,CE,Federal Contract Tower,2,6,4,4,16,0,103,18,2,123,2,109,22,6,139,228,0,228,367
12/02/2020,SLN,KS,ACE,CE,Federal Contract Tower,4,0,11,10,25,0,72,1,9,82,4,72,12,19,107,204,4,208,315
12/03/2020,SLN,KS,ACE,CE,Federal Contract Tower,3,2,9,4,18,0,52,12,21,85,3,54,21,25,103,100,24,124,227
12/04/2020,SLN,KS,ACE,CE,Federal Contract Tower,3,9,12,2,26,0,97,19,7,123,3,106,31,9,149,228,12,240,389
12/05/2020,SLN,KS,ACE,CE,Federal Contract Tower,1,3,6,12,22,0,16,17,4,37,1,19,23,16,59,64,4,68,127
12/06/2020,SLN,KS,ACE,CE,Federal Contract Tower,6,0,6,0,12,0,0,16,0,16,6,0,22,0,28,2,0,2,30
12/07/2020,SLN,KS,ACE,CE,Federal Contract Tower,3,5,6,24,38,0,21,7,2,30,3,26,13,26,68,38,14,52,120
12/08/2020,SLN,KS,ACE,CE,Federal Contract Tower,4,3,7,11,25,0,74,23,10,107,4,77,30,21,132,116,6,122,254
12/09/2020,SLN,KS,ACE,CE,Federal Contract Tower,3,5,6,1,15,0,60,24,8,92,3,65,30,9,107,176,12,188,295
12/10/2020,SLN,KS,ACE,CE,Federal Contract Tower,4,0,9,0,13,0,77,16,9,102,4,77,25,9,115,188,0,188,303
12/11/2020,SLN,KS,ACE,CE,Federal Contract Tower,3,0,5,0,8,0,4,3,4,11,3,4,8,4,19,34,0,34,53
12/12/2020,SLN,KS,ACE,CE,Federal Contract Tower,1,2,6,0,9,0,0,3,0,3,1,2,9,0,12,6,0,6,18
12/13/2020,SLN,KS,ACE,CE,Federal Contract Tower,3,2,9,0,14,0,4,4,1,9,3,6,13,1,23,10,0,10,33
12/14/2020,SLN,KS,ACE,CE,Federal Contract Tower,3,1,10,1,15,0,35,7,0,42,3,36,17,1,57,118,0,118,175
12/15/2020,SLN,KS,ACE,CE,Federal Contract Tower,1,0,5,0,6,0,4,0,2,6,1,4,5,2,12,10,4,14,26
12/16/2020,SLN,KS,ACE,CE,Federal Contract Tower,3,3,7,0,13,0,69,2,2,73,3,72,9,2,86,74,6,80,166
12/17/2020,SLN,KS,ACE,CE,Federal Contract Tower,3,3,14,1,21,0,89,38,22,149,3,92,52,23,170,250,32,282,452
12/18/2020,SLN,KS,ACE,CE,Federal Contract Tower,4,12,6,2,24,0,14,15,19,48,4,26,21,21,72,42,48,90,162
12/19/2020,SLN,KS,ACE,CE,Federal Contract Tower,2,6,10,4,22,0,3,19,1,23,2,9,29,5,45,16,0,16,61
12/20/2020,SLN,KS,ACE,CE,Federal Contract Tower,6,7,11,0,24,0,8,9,0,17,6,15,20,0,41,28,0,28,69
12/21/2020,SLN,KS,ACE,CE,Federal Contract Tower,3,2,9,2,16,0,0,0,0,0,3,2,9,2,16,124,0,124,140
12/22/2020,SLN,KS,ACE,CE,Federal Contract Tower,5,5,16,2,28,0,27,3,0,30,5,32,19,2,58,62,12,74,132
12/23/2020,SLN,KS,ACE,CE,Federal Contract Tower,6,1,16,0,23,0,1,1,0,2,6,2,17,0,25,0,0,0,25
12/24/2020,SLN,KS,ACE,CE,Federal Contract Tower,1,4,4,0,9,0,2,4,0,6,1,6,8,0,15,2,0,2,17
12/25/2020,SLN,KS,ACE,CE,Federal Contract Tower,2,4,1,0,7,0,0,2,0,2,2,4,3,0,9,0,0,0,9
12/26/2020,SLN,KS,ACE,CE,Federal Contract Tower,3,4,13,0,20,0,1,17,0,18,3,5,30,0,38,0,0,0,38
12/27/2020,SLN,KS,ACE,CE,Federal Contract Tower,4,2,17,0,23,0,0,9,0,9,4,2,26,0,32,2,0,2,34
12/28/2020,SLN,KS,ACE,CE,Federal Contract Tower,3,2,10,0,15,0,2,6,0,8,3,4,16,0,23,10,0,10,33
12/29/2020,SLN,KS,ACE,CE,Federal Contract Tower,4,0,4,0,8,0,0,0,0,0,4,0,4,0,8,0,0,0,8
12/30/2020,SLN,KS,ACE,CE,Federal Contract Tower,4,2,19,0,25,0,6,8,6,20,4,8,27,6,45,22,0,22,67
12/31/2020,SLN,KS,ACE,CE,Federal Contract Tower,4,6,7,0,17,0,2,16,0,18,4,8,23,0,35,20,0,20,55
01/01/2021,SLN,KS,ACE,CE,Federal Contract Tower,2,3,3,0,8,0,0,0,0,0,2,3,3,0,8,0,0,0,8
01/02/2021,SLN,KS,ACE,CE,Federal Contract Tower,3,4,14,0,21,0,2,21,0,23,3,6,35,0,44,8,0,8,52
01/03/2021,SLN,KS,ACE,CE,Federal Contract Tower,3,0,13,0,16,0,3,27,0,30,3,3,40,0,46,40,0,40,86
01/04/2021,SLN,KS,ACE,CE,Federal Contract Tower,3,3,8,1,15,0,37,5,1,43,3,40,13,2,58,58,0,58,116
01/05/2021,SLN,KS,ACE,CE,Federal Contract Tower,1,2,9,0,12,0,62,24,0,86,1,64,33,0,98,98,0,98,196
01/06/2021,SLN,KS,ACE,CE,Federal Contract Tower,5,0,11,9,25,0,35,0,9,44,5,35,11,18,69,106,12,118,187
01/07/2021,SLN,KS,ACE,CE,Federal Contract Tower,4,0,8,1,13,0,0,1,0,1,4,0,9,1,14,0,0,0,14
01/08/2021,SLN,KS,ACE,CE,Federal Contract Tower,4,2,14,0,20,0,1,12,10,23,4,3,26,10,43,40,36,76,119
01/09/2021,SLN,KS,ACE,CE,Federal Contract Tower,2,2,7,0,11,0,0,0,0,0,2,2,7,0,11,0,0,0,11
01/10/2021,SLN,KS,ACE,CE,Federal Contract Tower,4,2,7,0,13,0,0,5,0,5,4,2,12,0,18,4,0,4,22
01/11/2021,SLN,KS,ACE,CE,Federal Contract Tower,5,3,7,16,31,0,101,3,2,106,5,104,10,18,137,90,2,92,229
01/12/2021,SLN,KS,ACE,CE,Federal Contract Tower,2,2,16,4,24,0,109,35,4,148,2,111,51,8,172,266,0,266,438
01/13/2021,SLN,KS,ACE,CE,Federal Contract Tower,14,4,7,3,28,2,100,18,5,125,16,104,25,8,153,200,6,206,359
01/14/2021,SLN,KS,ACE,CE,Federal Contract Tower,4,3,11,4,22,0,12,1,2,15,4,15,12,6,37,12,0,12,49
01/15/2021,SLN,KS,ACE,CE,Federal Contract Tower,3,1,2,0,6,0,0,2,0,2,3,1,4,0,8,0,0,0,8
01/16/2021,SLN,KS,ACE,CE,Federal Contract Tower,3,3,7,0,13,0,5,21,4,30,3,8,28,4,43,34,0,34,77
01/17/2021,SLN,KS,ACE,CE,Federal Contract Tower,5,5,5,0,15,0,4,4,0,8,5,9,9,0,23,0,0,0,23
01/18/2021,SLN,KS,ACE,CE,Federal Contract Tower,4,4,6,0,14,0,7,22,0,29,4,11,28,0,43,34,0,34,77
01/19/2021,SLN,KS,ACE,CE,Federal Contract Tower,2,8,13,1,24,0,103,14,5,122,2,111,27,6,146,180,0,180,326
01/20/2021,SLN,KS,ACE,CE,Federal Contract Tower,4,2,7,4,17,0,43,6,2,51,4,45,13,6,68,68,10,78,146
01/21/2021,SLN,KS,ACE,CE,Federal Contract Tower,6,3,15,1,25,0,104,23,10,137,6,107,38,11,162,188,30,218,380
01/22/2021,SLN,KS,ACE,CE,Federal Contract Tower,6,5,4,4,19,0,83,13,25,121,6,88,17,29,140,210,26,236,376
01/23/2021,SLN,KS,ACE,CE,Federal Contract Tower,3,1,6,0,10,0,0,4,0,4,3,1,10,0,14,8,0,8,22
01/24/2021,SLN,KS,ACE,CE,Federal Contract Tower,4,2,5,2,13,0,0,3,0,3,4,2,8,2,16,0,0,0,16
01/25/2021,SLN,KS,ACE,CE,Federal Contract Tower,4,0,1,0,5,0,0,0,0,0,4,0,1,0,5,0,0,0,5
01/26/2021,SLN,KS,ACE,CE,Federal Contract Tower,2,2,9,16,29,0,7,0,0,7,2,9,9,16,36,22,0,22,58
01/27/2021,SLN,KS,ACE,CE,Federal Contract Tower,4,7,3,0,14,0,12,2,6,20,4,19,5,6,34,32,0,32,66
01/28/2021,SLN,KS,ACE,CE,Federal Contract Tower,4,7,7,0,18,0,38,9,0,47,4,45,16,0,65,72,0,72,137
01/29/2021,SLN,KS,ACE,CE,Federal Contract Tower,6,10,11,2,29,0,112,12,8,132,6,122,23,10,161,198,0,198,359
01/30/2021,SLN,KS,ACE,CE,Federal Contract Tower,9,0,3,0,12,0,0,0,0,0,9,0,3,0,12,0,0,0,12
01/31/2021,SLN,KS,ACE,CE,Federal Contract Tower,4,4,5,0,13,0,0,9,0,9,4,4,14,0,22,0,0,0,22
02/01/2021,SLN,KS,ACE,CE,Federal Contract Tower,5,4,10,7,26,0,139,17,1,157,5,143,27,8,183,270,10,280,463
02/02/2021,SLN,KS,ACE,CE,Federal Contract Tower,2,5,8,22,37,0,140,26,7,173,2,145,34,29,210,286,24,310,520
02/03/2021,SLN,KS,ACE,CE,Federal Contract Tower,7,4,8,0,19,0,143,14,10,167,7,147,22,10,186,168,24,192,378
02/04/2021,SLN,KS,ACE,CE,Federal Contract Tower,4,5,10,10,29,0,21,11,21,53,4,26,21,31,82,36,46,82,164
02/05/2021,SLN,KS,ACE,CE,Federal Contract Tower,4,2,5,0,11,0,131,29,7,167,4,133,34,7,178,188,8,196,374
02/06/2021,SLN,KS,ACE,CE,Federal Contract Tower,2,2,4,0,8,0,0,4,0,4,2,2,8,0,12,22,0,22,34
02/07/2021,SLN,KS,ACE,CE,Federal Contract Tower,4,2,2,0,8,0,0,0,0,0,4,2,2,0,8,0,0,0,8
02/08/2021,SLN,KS,ACE,CE,Federal Contract Tower,4,0,4,0,8,0,0,0,0,0,4,0,4,0,8,0,0,0,8
02/09/2021,SLN,KS,ACE,CE,Federal Contract Tower,2,4,16,0,22,0,55,1,0,56,2,59,17,0,78,110,0,110,188
02/10/2021,SLN,KS,ACE,CE,Federal Contract Tower,4,2,15,0,21,0,10,0,7,17,4,12,15,7,38,34,32,66,104
02/11/2021,SLN,KS,ACE,CE,Federal Contract Tower,4,5,17,0,26,0,86,10,4,100,4,91,27,4,126,136,0,136,262
02/12/2021,SLN,KS,ACE,CE,Federal Contract Tower,4,4,18,9,35,0,80,4,2,86,4,84,22,11,121,144,10,154,275
02/13/2021,SLN,KS,ACE,CE,Federal Contract Tower,0,0,10,0,10,0,37,6,0,43,0,37,16,0,53,86,0,86,139
02/14/2021,SLN,KS,ACE,CE,Federal Contract Tower,6,0,6,0,12,0,0,0,0,0,6,0,6,0,12,0,0,0,12
02/15/2021,SLN,KS,ACE,CE,Federal Contract Tower,4,3,6,0,13,0,0,1,0,1,4,3,7,0,14,0,0,0,14
02/16/2021,SLN,KS,ACE,CE,Federal Contract Tower,2,1,5,0,8,0,0,1,0,1,2,1,6,0,9,0,0,0,9
02/17/2021,SLN,KS,ACE,CE,Federal Contract Tower,4,3,12,0,19,0,104,14,0,118,4,107,26,0,137,158,0,158,295
02/18/2021,SLN,KS,ACE,CE,Federal Contract Tower,10,0,10,5,25,0,128,7,12,147,10,128,17,17,172,172,24,196,368
02/19/2021,SLN,KS,ACE,CE,Federal Contract Tower,4,20,20,6,50,0,117,7,5,129,4,137,27,11,179,90,8,98,277
02/20/2021,SLN,KS,ACE,CE,Federal Contract Tower,1,15,8,4,28,0,65,17,4,86,1,80,25,8,114,128,8,136,250
02/21/2021,SLN,KS,ACE,CE,Federal Contract Tower,7,8,4,0,19,0,0,8,0,8,7,8,12,0,27,8,0,8,35
02/22/2021,SLN,KS,ACE,CE,Federal Contract Tower,4,5,3,7,19,0,94,6,2,102,4,99,9,9,121,106,4,110,231
02/23/2021,SLN,KS,ACE,CE,Federal Contract Tower,3,9,11,0,23,0,128,32,3,163,3,137,43,3,186,192,0,192,378
02/24/2021,SLN,KS,ACE,CE,Federal Contract Tower,4,7,5,3,19,0,132,22,11,165,4,139,27,14,184,185,54,239,423
02/25/2021,SLN,KS,ACE,CE,Federal Contract Tower,4,3,3,2,12,0,121,17,5,143,4,124,20,7,155,200,0,200,355
02/26/2021,SLN,KS,ACE,CE,Federal Contract Tower,5,2,13,8,28,0,102,18,25,145,5,104,31,33,173,118,46,164,337
02/27/2021,SLN,KS,ACE,CE,Federal Contract Tower,1,4,4,3,12,0,8,2,2,12,1,12,6,5,24,16,2,18,42
02/28/2021,SLN,KS,ACE,CE,Federal Contract Tower,4,6,2,4,16,0,0,20,0,20,4,6,22,4,36,10,0,10,46
03/01/2021,SLN,KS,ACE,CE,Federal Contract Tower,6,14,8,0,28,0,129,13,0,142,6,143,21,0,170,188,0,188,358
03/02/2021,SLN,KS,ACE,CE,Federal Contract Tower,2,3,7,5,17,0,116,23,3,142,2,119,30,8,159,144,6,150,309
03/03/2021,SLN,KS,ACE,CE,Federal Contract Tower,4,4,11,3,22,0,143,48,4,195,4,147,59,7,217,352,10,362,579
03/04/2021,SLN,KS,ACE,CE,Federal Contract Tower,5,6,15,6,32,0,107,13,24,144,5,113,28,30,176,174,70,244,420
03/05/2021,SLN,KS,ACE,CE,Federal Contract Tower,6,4,17,29,56,0,108,21,19,148,6,112,38,48,204,164,32,196,400
03/06/2021,SLN,KS,ACE,CE,Federal Contract Tower,2,10,14,6,32,0,78,39,6,123,2,88,53,12,155,226,24,250,405
03/07/2021,SLN,KS,ACE,CE,Federal Contract Tower,5,3,9,0,17,0,1,6,0,7,5,4,15,0,24,6,0,6,30
03/08/2021,SLN,KS,ACE,CE,Federal Contract Tower,4,3,9,9,25,0,77,12,3,92,4,80,21,12,117,124,42,166,283
03/09/2021,SLN,KS,ACE,CE,Federal Contract Tower,2,3,6,15,26,0,61,4,8,73,2,64,10,23,99,48,10,58,157
03/10/2021,SLN,KS,ACE,CE,Federal Contract Tower,4,4,6,7,21,0,22,1,13,36,4,26,7,20,57,50,32,82,139
03/11/2021,SLN,KS,ACE,CE,Federal Contract Tower,4,4,15,7,30,0,155,27,22,204,4,159,42,29,234,262,18,280,514
03/12/2021,SLN,KS,ACE,CE,Federal Contract Tower,4,11,8,0,23,0,9,1,0,10,4,20,9,0,33,14,0,14,47
03/13/2021,SLN,KS,ACE,CE,Federal Contract Tower,2,0,4,2,8,0,0,0,0,0,2,0,4,2,8,0,0,0,8
03/14/2021,SLN,KS,ACE,CE,Federal Contract Tower,3,5,4,0,12,0,1,2,0,3,3,6,6,0,15,12,0,12,27
03/16/2021,SLN,KS,ACE,CE,Federal Contract Tower,2,13,21,4,40,0,51,17,1,69,2,64,38,5,109,120,0,120,229
03/17/2021,SLN,KS,ACE,CE,Federal Contract Tower,4,0,8,2,14,0,0,0,0,0,4,0,8,2,14,0,0,0,14
03/18/2021,SLN,KS,ACE,CE,Federal Contract Tower,4,1,10,4,19,0,95,5,14,114,4,96,15,18,133,206,14,220,353
03/19/2021,SLN,KS,ACE,CE,Federal Contract Tower,4,5,15,5,29,0,144,37,11,192,4,149,52,16,221,220,8,228,449
03/20/2021,SLN,KS,ACE,CE,Federal Contract Tower,5,9,7,0,21,0,79,22,1,102,5,88,29,1,123,218,6,224,347
03/21/2021,SLN,KS,ACE,CE,Federal Contract Tower,4,1,2,0,7,0,0,9,7,16,4,1,11,7,23,4,26,30,53
03/22/2021,SLN,KS,ACE,CE,Federal Contract Tower,4,4,12,0,20,0,6,0,0,6,4,10,12,0,26,14,0,14,40
03/23/2021,SLN,KS,ACE,CE,Federal Contract Tower,2,13,17,1,33,0,16,0,9,25,2,29,17,10,58,70,32,102,160
03/24/2021,SLN,KS,ACE,CE,Federal Contract Tower,4,6,13,3,26,0,101,12,11,124,4,107,25,14,150,218,20,238,388
03/25/2021,SLN,KS,ACE,CE,Federal Contract Tower,3,9,20,0,32,0,80,10,24,114,3,89,30,24,146,184,38,222,368
03/26/2021,SLN,KS,ACE,CE,Federal Contract Tower,4,9,9,8,30,0,107,12,6,125,4,116,21,14,155,118,0,118,273
03/27/2021,SLN,KS,ACE,CE,Federal Contract Tower,3,7,15,3,28,0,28,10,6,44,3,35,25,9,72,22,0,22,94
03/28/2021,SLN,KS,ACE,CE,Federal Contract Tower,4,2,9,0,15,0,2,25,4,31,4,4,34,4,46,2,0,2,48
03/29/2021,SLN,KS,ACE,CE,Federal Contract Tower,4,8,2,0,14,0,34,7,0,41,4,42,9,0,55,18,0,18,73
03/30/2021,SLN,KS,ACE,CE,Federal Contract Tower,2,4,11,6,23,0,105,5,0,110,2,109,16,6,133,78,6,84,217
03/31/2021,SLN,KS,ACE,CE,Federal Contract Tower,4,15,19,6,44,0,177,29,1,207,4,192,48,7,251,356,4,360,611
04/01/2021,SLN,KS,ACE,CE,Federal Contract Tower,5,9,5,0,19,2,154,36,8,200,7,163,41,8,219,306,2,308,527
04/02/2021,SLN,KS,ACE,CE,Federal Contract Tower,4,4,8,6,22,0,36,13,1,50,4,40,21,7,72,56,18,74,146
04/03/2021,SLN,KS,ACE,CE,Federal Contract Tower,2,3,3,0,8,0,88,17,0,105,2,91,20,0,113,232,0,232,345
04/04/2021,SLN,KS,ACE,CE,Federal Contract Tower,4,4,7,0,15,0,4,13,0,17,4,8,20,0,32,28,0,28,60
04/05/2021,SLN,KS,ACE,CE,Federal Contract Tower,4,2,7,1,14,0,84,8,1,93,4,86,15,2,107,106,0,106,213
04/06/2021,SLN,KS,ACE,CE,Federal Contract Tower,2,0,6,11,19,0,36,4,5,45,2,36,10,16,64,78,2,80,144
04/07/2021,SLN,KS,ACE,CE,Federal Contract Tower,4,20,9,6,39,0,7,0,3,10,4,27,9,9,49,40,0,40,89
04/08/2021,SLN,KS,ACE,CE,Federal Contract Tower,5,3,9,10,27,0,101,21,19,141,5,104,30,29,168,168,22,190,358
04/09/2021,SLN,KS,ACE,CE,Federal Contract Tower,4,7,7,5,23,0,141,25,8,174,4,148,32,13,197,224,22,246,443
04/10/2021,SLN,KS,ACE,CE,Federal Contract Tower,2,4,6,0,12,0,75,14,4,93,2,79,20,4,105,252,2,254,359
04/11/2021,SLN,KS,ACE,CE,Federal Contract Tower,4,4,4,0,12,0,2,38,0,40,4,6,42,0,52,22,0,22,74
04/12/2021,SLN,KS,ACE,CE,Federal Contract Tower,7,9,13,0,29,0,172,13,0,185,7,181,26,0,214,362,0,362,576
04/13/2021,SLN,KS,ACE,CE,Federal Contract Tower,2,12,13,2,29,0,154,39,0,193,2,166,52,2,222,378,0,378,600
04/14/2021,SLN,KS,ACE,CE,Federal Contract Tower,5,14,18,8,45,0,174,22,5,201,5,188,40,13,246,320,8,328,574
04/15/2021,SLN,KS,ACE,CE,Federal Contract Tower,5,5,8,1,19,0,132,10,2,144,5,137,18,3,163,228,0,228,391
04/16/2021,SLN,KS,ACE,CE,Federal Contract Tower,4,4,3,0,11,0,0,0,0,0,4,4,3,0,11,0,0,0,11
04/17/2021,SLN,KS,ACE,CE,Federal Contract Tower,2,0,11,0,13,0,16,6,0,22,2,16,17,0,35,86,0,86,121
04/18/2021,SLN,KS,ACE,CE,Federal Contract Tower,4,4,15,0,23,0,6,20,4,30,4,10,35,4,53,2,0,2,55
04/19/2021,SLN,KS,ACE,CE,Federal Contract Tower,4,6,9,6,25,0,86,7,2,95,4,92,16,8,120,194,4,198,318
04/20/2021,SLN,KS,ACE,CE,Federal Contract Tower,2,2,4,2,10,0,94,19,5,118,2,96,23,7,128,258,0,258,386
04/21/2021,SLN,KS,ACE,CE,Federal Contract Tower,4,17,9,3,33,0,160,19,4,183,4,177,28,7,216,322,14,336,552
04/22/2021,SLN,KS,ACE,CE,Federal Contract Tower,4,5,8,0,17,0,102,34,11,147,4,107,42,11,164,198,18,216,380
04/23/2021,SLN,KS,ACE,CE,Federal Contract Tower,6,9,13,0,28,0,12,3,4,19,6,21,16,4,47,102,0,102,149
04/24/2021,SLN,KS,ACE,CE,Federal Contract Tower,2,15,6,0,23,0,95,37,4,136,2,110,43,4,159,262,0,262,421
04/25/2021,SLN,KS,ACE,CE,Federal Contract Tower,4,0,4,0,8,0,0,5,0,5,4,0,9,0,13,0,0,0,13
04/26/2021,SLN,KS,ACE,CE,Federal Contract Tower,5,3,5,0,13,0,63,8,2,73,5,66,13,2,86,66,0,66,152
04/27/2021,SLN,KS,ACE,CE,Federal Contract Tower,2,0,4,7,13,0,95,9,4,108,2,95,13,11,121,138,16,154,275
04/28/2021,SLN,KS,ACE,CE,Federal Contract Tower,5,12,8,0,25,0,6,0,0,6,5,18,8,0,31,30,0,30,61
04/29/2021,SLN,KS,ACE,CE,Federal Contract Tower,5,7,10,6,28,0,147,19,7,173,5,154,29,13,201,300,44,344,545
04/30/2021,SLN,KS,ACE,CE,Federal Contract Tower,4,7,12,9,32,2,95,40,10,147,6,102,52,19,179,200,8,208,387
05/01/2021,SLN,KS,ACE,CE,Federal Contract Tower,3,4,5,0,12,0,21,26,0,47,3,25,31,0,59,38,0,38,97
05/02/2021,SLN,KS,ACE,CE,Federal Contract Tower,5,0,13,0,18,0,1,5,0,6,5,1,18,0,24,6,0,6,30
05/03/2021,SLN,KS,ACE,CE,Federal Contract Tower,5,1,7,3,16,0,82,4,3,89,5,83,11,6,105,130,0,130,235
05/04/2021,SLN,KS,ACE,CE,Federal Contract Tower,2,9,16,5,32,0,94,12,7,113,2,103,28,12,145,162,12,174,319
05/05/2021,SLN,KS,ACE,CE,Federal Contract Tower,6,12,9,9,36,0,104,15,21,140,6,116,24,30,176,226,28,254,430
05/06/2021,SLN,KS,ACE,CE,Federal Contract Tower,4,9,14,1,28,0,148,17,7,172,4,157,31,8,200,300,0,300,500
05/07/2021,SLN,KS,ACE,CE,Federal Contract Tower,4,7,9,3,23,0,87,24,17,128,4,94,33,20,151,148,8,156,307
05/08/2021,SLN,KS,ACE,CE,Federal Contract Tower,2,0,5,0,7,0,9,17,0,26,2,9,22,0,33,6,0,6,39
05/09/2021,SLN,KS,ACE,CE,Federal Contract Tower,4,1,12,0,17,0,0,4,3,7,4,1,16,3,24,10,0,10,34
05/10/2021,SLN,KS,ACE,CE,Federal Contract Tower,4,8,12,1,25,0,105,20,7,132,4,113,32,8,157,208,8,216,373
05/11/2021,SLN,KS,ACE,CE,Federal Contract Tower,7,7,11,11,36,0,87,29,12,128,7,94,40,23,164,230,12,242,406
05/12/2021,SLN,KS,ACE,CE,Federal Contract Tower,4,7,16,8,35,0,103,55,32,190,4,110,71,40,225,216,48,264,489
05/13/2021,SLN,KS,ACE,CE,Federal Contract Tower,4,15,9,4,32,0,111,87,21,219,4,126,96,25,251,184,38,222,473
05/14/2021,SLN,KS,ACE,CE,Federal Contract Tower,4,2,9,7,22,0,37,14,15,66,4,39,23,22,88,152,24,176,264
05/15/2021,SLN,KS,ACE,CE,Federal Contract Tower,2,6,2,0,10,0,5,50,0,55,2,11,52,0,65,22,0,22,87
05/16/2021,SLN,KS,ACE,CE,Federal Contract Tower,6,0,8,3,17,0,0,0,3,3,6,0,8,6,20,0,0,0,20
05/17/2021,SLN,KS,ACE,CE,Federal Contract Tower,6,6,13,1,26,0,18,8,1,27,6,24,21,2,53,78,0,78,131
05/19/2021,SLN,KS,ACE,CE,Federal Contract Tower,5,24,5,0,34,0,38,8,13,59,5,62,13,13,93,72,14,86,179
05/20/2021,SLN,KS,ACE,CE,Federal Contract Tower,5,23,15,0,43,0,29,9,14,52,5,52,24,14,95,62,18,80,175
05/21/2021,SLN,KS,ACE,CE,Federal Contract Tower,4,20,10,5,39,0,43,14,5,62,4,63,24,10,101,128,18,146,247
05/22/2021,SLN,KS,ACE,CE,Federal Contract Tower,3,3,7,0,13,0,4,4,1,9,3,7,11,1,22,0,0,0,22
05/23/2021,SLN,KS,ACE,CE,Federal Contract Tower,4,2,10,0,16,0,1,2,4,7,4,3,12,4,23,0,0,0,23
05/24/2021,SLN,KS,ACE,CE,Federal Contract Tower,6,9,11,2,28,0,55,6,2,63,6,64,17,4,91,106,0,106,197
05/25/2021,SLN,KS,ACE,CE,Federal Contract Tower,2,6,8,0,16,0,61,7,10,78,2,67,15,10,94,118,0,118,212
05/26/2021,SLN,KS,ACE,CE,Federal Contract Tower,4,1,13,0,18,0,90,16,0,106,4,91,29,0,124,156,0,156,280
05/27/2021,SLN,KS,ACE,CE,Federal Contract Tower,4,10,8,5,27,0,76,5,2,83,4,86,13,7,110,176,2,178,288
05/28/2021,SLN,KS,ACE,CE,Federal Contract Tower,8,13,10,0,31,0,91,59,0,150,8,104,69,0,181,218,0,218,399
05/29/2021,SLN,KS,ACE,CE,Federal Contract Tower,2,6,10,0,18,0,8,22,0,30,2,14,32,0,48,44,0,44,92
05/30/2021,SLN,KS,ACE,CE,Federal Contract Tower,4,4,4,0,12,0,0,0,0,0,4,4,4,0,12,0,0,0,12
05/31/2021,SLN,KS,ACE,CE,Federal Contract Tower,4,2,7,0,13,0,0,0,0,0,4,2,7,0,13,0,0,0,13
06/01/2021,SLN,KS,ACE,CE,Federal Contract Tower,2,16,4,13,35,0,31,3,6,40,2,47,7,19,75,92,8,100,175
06/02/2021,SLN,KS,ACE,CE,Federal Contract Tower,4,14,1,2,21,0,155,25,5,185,4,169,26,7,206,262,0,262,468
06/03/2021,SLN,KS,ACE,CE,Federal Contract Tower,4,8,13,11,36,0,126,31,11,168,4,134,44,22,204,212,16,228,432
06/04/2021,SLN,KS,ACE,CE,Federal Contract Tower,4,10,8,11,33,0,122,18,5,145,4,132,26,16,178,194,4,198,376
06/05/2021,SLN,KS,ACE,CE,Federal Contract Tower,5,2,30,2,39,0,0,24,0,24,5,2,54,2,63,14,0,14,77
06/06/2021,SLN,KS,ACE,CE,Federal Contract Tower,4,4,10,0,18,0,3,14,7,24,4,7,24,7,42,4,6,10,52
06/07/2021,SLN,KS,ACE,CE,Federal Contract Tower,4,3,16,0,23,0,113,10,3,126,4,116,26,3,149,168,0,168,317
06/08/2021,SLN,KS,ACE,CE,Federal Contract Tower,6,13,18,4,41,0,91,24,2,117,6,104,42,6,158,186,20,206,364
06/09/2021,SLN,KS,ACE,CE,Federal Contract Tower,8,7,7,2,24,0,123,13,2,138,8,130,20,4,162,146,34,180,342
06/10/2021,SLN,KS,ACE,CE,Federal Contract Tower,4,5,9,1,19,0,115,20,1,136,4,120,29,2,155,174,6,180,335
06/11/2021,SLN,KS,ACE,CE,Federal Contract Tower,4,11,23,0,38,0,74,12,0,86,4,85,35,0,124,144,0,144,268
06/12/2021,SLN,KS,ACE,CE,Federal Contract Tower,4,6,10,0,20,0,2,18,0,20,4,8,28,0,40,28,0,28,68
06/13/2021,SLN,KS,ACE,CE,Federal Contract Tower,4,0,20,1,25,0,0,24,1,25,4,0,44,2,50,6,0,6,56
06/14/2021,SLN,KS,ACE,CE,Federal Contract Tower,5,7,10,1,23,0,123,17,1,141,5,130,27,2,164,164,8,172,336
06/15/2021,SLN,KS,ACE,CE,Federal Contract Tower,5,11,13,0,29,0,142,16,0,158,5,153,29,0,187,166,0,166,353
06/16/2021,SLN,KS,ACE,CE,Federal Contract Tower,4,5,13,1,23,0,136,22,3,161,4,141,35,4,184,196,0,196,380
06/17/2021,SLN,KS,ACE,CE,Federal Contract Tower,4,8,11,8,31,0,0,28,0,28,4,8,39,8,59,0,2,2,61
06/18/2021,SLN,KS,ACE,CE,Federal Contract Tower,4,6,10,0,20,0,80,19,0,99,4,86,29,0,119,88,0,88,207
06/19/2021,SLN,KS,ACE,CE,Federal Contract Tower,4,7,5,0,16,0,2,19,6,27,4,9,24,6,43,22,0,22,65
06/20/2021,SLN,KS,ACE,CE,Federal Contract Tower,4,10,12,0,26,0,6,14,0,20,4,16,26,0,46,0,0,0,46
06/21/2021,SLN,KS,ACE,CE,Federal Contract Tower,8,8,12,2,30,0,94,20,0,114,8,102,32,2,144,128,0,128,272
06/22/2021,SLN,KS,ACE,CE,Federal Contract Tower,7,6,13,0,26,0,77,12,4,93,7,83,25,4,119,92,0,92,211
06/23/2021,SLN,KS,ACE,CE,Federal Contract Tower,4,7,15,2,28,0,90,18,5,113,4,97,33,7,141,266,0,266,407
06/24/2021,SLN,KS,ACE,CE,Federal Contract Tower,6,7,15,1,29,0,86,18,2,106,6,93,33,3,135,168,0,168,303
06/25/2021,SLN,KS,ACE,CE,Federal Contract Tower,4,1,12,0,17,0,85,11,1,97,4,86,23,1,114,144,0,144,258
06/26/2021,SLN,KS,ACE,CE,Federal Contract Tower,6,4,3,2,15,0,0,9,0,9,6,4,12,2,24,0,0,0,24
06/27/2021,SLN,KS,ACE,CE,Federal Contract Tower,4,7,10,2,23,0,0,30,2,32,4,7,40,4,55,30,0,30,85
06/28/2021,SLN,KS,ACE,CE,Federal Contract Tower,6,1,17,5,29,0,106,7,1,114,6,107,24,6,143,140,4,144,287
06/29/2021,SLN,KS,ACE,CE,Federal Contract Tower,5,14,15,4,38,0,73,5,3,81,5,87,20,7,119,186,14,200,319
06/30/2021,SLN,KS,ACE,CE,Federal Contract Tower,4,12,10,8,34,0,52,10,0,62,4,64,20,8,96,102,0,102,198
07/01/2021,SLN,KS,ACE,CE,Federal Contract Tower,4,7,11,6,28,0,92,10,0,102,4,99,21,6,130,164,0,164,294
07/02/2021,SLN,KS,ACE,CE,Federal Contract Tower,3,10,8,0,21,0,76,23,0,99,3,86,31,0,120,160,0,160,280
07/03/2021,SLN,KS,ACE,CE,Federal Contract Tower,4,2,11,0,17,0,2,7,0,9,4,4,18,0,26,0,0,0,26
07/04/2021,SLN,KS,ACE,CE,Federal Contract Tower,5,4,4,0,13,0,2,7,0,9,5,6,11,0,22,0,0,0,22
07/05/2021,SLN,KS,ACE,CE,Federal Contract Tower,4,4,3,0,11,0,2,7,0,9,4,6,10,0,20,0,0,0,20
07/06/2021,SLN,KS,ACE,CE,Federal Contract Tower,4,9,17,2,32,0,109,27,0,136,4,118,44,2,168,270,0,270,438
07/07/2021,SLN,KS,ACE,CE,Federal Contract Tower,5,23,9,4,41,0,80,17,0,97,5,103,26,4,138,148,0,148,286
07/08/2021,SLN,KS,ACE,CE,Federal Contract Tower,4,16,12,2,34,0,123,19,4,146,4,139,31,6,180,196,10,206,386
07/09/2021,SLN,KS,ACE,CE,Federal Contract Tower,4,15,6,1,26,0,87,10,0,97,4,102,16,1,123,152,0,152,275
07/10/2021,SLN,KS,ACE,CE,Federal Contract Tower,4,4,14,0,22,0,0,17,1,18,4,4,31,1,40,42,0,42,82
07/11/2021,SLN,KS,ACE,CE,Federal Contract Tower,4,1,20,3,28,0,0,9,0,9,4,1,29,3,37,28,0,28,65
07/12/2021,SLN,KS,ACE,CE,Federal Contract Tower,4,10,15,1,30,0,96,28,2,126,4,106,43,3,156,278,0,278,434
07/13/2021,SLN,KS,ACE,CE,Federal Contract Tower,4,8,0,0,12,0,82,24,4,110,4,90,24,4,122,156,0,156,278
07/14/2021,SLN,KS,ACE,CE,Federal Contract Tower,4,7,8,5,24,0,86,16,4,106,4,93,24,9,130,140,10,150,280
07/15/2021,SLN,KS,ACE,CE,Federal Contract Tower,4,22,5,0,31,0,48,5,11,64,4,70,10,11,95,146,18,164,259
07/16/2021,SLN,KS,ACE,CE,Federal Contract Tower,4,14,21,11,50,0,27,24,6,57,4,41,45,17,107,54,4,58,165
07/17/2021,SLN,KS,ACE,CE,Federal Contract Tower,4,6,18,0,28,0,1,10,18,29,4,7,28,18,57,18,0,18,75
07/18/2021,SLN,KS,ACE,CE,Federal Contract Tower,4,4,12,0,20,0,0,16,0,16,4,4,28,0,36,24,0,24,60
07/19/2021,SLN,KS,ACE,CE,Federal Contract Tower,4,14,11,14,43,0,100,18,8,126,4,114,29,22,169,258,0,258,427
07/20/2021,SLN,KS,ACE,CE,Federal Contract Tower,4,14,7,0,25,0,113,19,4,136,4,127,26,4,161,204,0,204,365
07/21/2021,SLN,KS,ACE,CE,Federal Contract Tower,4,8,17,6,35,0,102,21,21,144,4,110,38,27,179,248,14,262,441
07/22/2021,SLN,KS,ACE,CE,Federal Contract Tower,6,6,12,0,24,0,81,19,8,108,6,87,31,8,132,132,28,160,292
07/23/2021,SLN,KS,ACE,CE,Federal Contract Tower,3,6,8,6,23,0,66,20,8,94,3,72,28,14,117,224,8,232,349
07/24/2021,SLN,KS,ACE,CE,Federal Contract Tower,4,0,13,0,17,0,8,32,0,40,4,8,45,0,57,100,0,100,157
07/25/2021,SLN,KS,ACE,CE,Federal Contract Tower,4,4,7,0,15,0,3,6,0,9,4,7,13,0,24,38,0,38,62
07/26/2021,SLN,KS,ACE,CE,Federal Contract Tower,6,4,9,2,21,0,51,3,3,57,6,55,12,5,78,174,6,180,258
07/27/2021,SLN,KS,ACE,CE,Federal Contract Tower,4,9,10,1,24,0,102,25,0,127,4,111,35,1,151,146,0,146,297
07/28/2021,SLN,KS,ACE,CE,Federal Contract Tower,4,6,13,5,28,0,101,24,5,130,4,107,37,10,158,138,20,158,316
07/29/2021,SLN,KS,ACE,CE,Federal Contract Tower,5,12,13,1,31,0,90,19,2,111,5,102,32,3,142,110,0,110,252
07/30/2021,SLN,KS,ACE,CE,Federal Contract Tower,4,4,13,7,28,0,69,18,2,89,4,73,31,9,117,126,12,138,255
07/31/2021,SLN,KS,ACE,CE,Federal Contract Tower,4,6,8,0,18,0,5,10,1,16,4,11,18,1,34,0,0,0,34
08/01/2021,SLN,KS,ACE,CE,Federal Contract Tower,4,7,14,0,25,0,8,11,0,19,4,15,25,0,44,32,0,32,76
08/02/2021,SLN,KS,ACE,CE,Federal Contract Tower,6,6,11,9,32,0,85,19,6,110,6,91,30,15,142,252,2,254,396
08/03/2021,SLN,KS,ACE,CE,Federal Contract Tower,5,6,14,2,27,0,63,14,3,80,5,69,28,5,107,188,22,210,317
08/04/2021,SLN,KS,ACE,CE,Federal Contract Tower,4,8,13,2,27,0,76,15,7,98,4,84,28,9,125,128,0,128,253
08/05/2021,SLN,KS,ACE,CE,Federal Contract Tower,4,9,12,8,33,0,71,22,15,108,4,80,34,23,141,132,22,154,295
08/06/2021,SLN,KS,ACE,CE,Federal Contract Tower,4,5,13,4,26,0,58,12,3,73,4,63,25,7,99,86,0,86,185
08/07/2021,SLN,KS,ACE,CE,Federal Contract Tower,4,7,12,0,23,0,0,19,2,21,4,7,31,2,44,2,0,2,46
08/08/2021,SLN,KS,ACE,CE,Federal Contract Tower,4,8,14,0,26,0,3,7,2,12,4,11,21,2,38,22,0,22,60
08/09/2021,SLN,KS,ACE,CE,Federal Contract Tower,5,2,9,0,16,0,59,18,0,77,5,61,27,0,93,108,0,108,201
08/10/2021,SLN,KS,ACE,CE,Federal Contract Tower,3,6,2,2,13,0,47,6,0,53,3,53,8,2,66,84,0,84,150
08/11/2021,SLN,KS,ACE,CE,Federal Contract Tower,3,2,15,1,21,0,82,10,1,93,3,84,25,2,114,150,0,150,264
08/12/2021,SLN,KS,ACE,CE,Federal Contract Tower,4,8,11,0,23,0,41,11,1,53,4,49,22,1,76,138,4,142,218
08/13/2021,SLN,KS,ACE,CE,Federal Contract Tower,4,15,12,20,51,0,46,19,8,73,4,61,31,28,124,120,6,126,250
08/14/2021,SLN,KS,ACE,CE,Federal Contract Tower,4,6,10,4,24,0,1,24,0,25,4,7,34,4,49,20,0,20,69
08/15/2021,SLN,KS,ACE,CE,Federal Contract Tower,4,7,13,0,24,0,2,12,0,14,4,9,25,0,38,0,0,0,38
08/16/2021,SLN,KS,ACE,CE,Federal Contract Tower,4,17,19,0,40,0,64,7,0,71,4,81,26,0,111,136,0,136,247
08/17/2021,SLN,KS,ACE,CE,Federal Contract Tower,4,9,18,4,35,0,67,18,0,85,4,76,36,4,120,196,18,214,334
08/18/2021,SLN,KS,ACE,CE,Federal Contract Tower,4,6,14,6,30,0,19,22,2,43,4,25,36,8,73,80,4,84,157
08/19/2021,SLN,KS,ACE,CE,Federal Contract Tower,4,14,22,6,46,0,9,2,6,17,4,23,24,12,63,4,0,4,67
08/20/2021,SLN,KS,ACE,CE,Federal Contract Tower,5,7,14,0,26,0,39,4,4,47,5,46,18,4,73,122,0,122,195
08/21/2021,SLN,KS,ACE,CE,Federal Contract Tower,4,4,7,0,15,0,8,49,0,57,4,12,56,0,72,52,0,52,124
08/22/2021,SLN,KS,ACE,CE,Federal Contract Tower,4,3,19,0,26,0,2,21,0,23,4,5,40,0,49,30,0,30,79
08/23/2021,SLN,KS,ACE,CE,Federal Contract Tower,6,2,8,3,19,0,55,8,0,63,6,57,16,3,82,102,0,102,184
08/24/2021,SLN,KS,ACE,CE,Federal Contract Tower,4,4,12,5,25,0,61,6,0,67,4,65,18,5,92,92,4,96,188
08/25/2021,SLN,KS,ACE,CE,Federal Contract Tower,5,3,11,7,26,0,81,20,5,106,5,84,31,12,132,218,10,228,360
08/26/2021,SLN,KS,ACE,CE,Federal Contract Tower,4,7,21,2,34,0,73,18,13,104,4,80,39,15,138,120,20,140,278
08/27/2021,SLN,KS,ACE,CE,Federal Contract Tower,4,8,14,5,31,0,82,13,14,109,4,90,27,19,140,96,22,118,258
08/28/2021,SLN,KS,ACE,CE,Federal Contract Tower,4,4,18,0,26,0,46,30,0,76,4,50,48,0,102,30,0,30,132
08/29/2021,SLN,KS,ACE,CE,Federal Contract Tower,4,4,4,0,12,0,0,4,0,4,4,4,8,0,16,0,0,0,16
08/30/2021,SLN,KS,ACE,CE,Federal Contract Tower,5,17,12,0,34,0,112,48,4,164,5,129,60,4,198,232,0,232,430
08/31/2021,SLN,KS,ACE,CE,Federal Contract Tower,5,8,9,2,24,0,115,12,5,132,5,123,21,7,156,148,10,158,314
09/01/2021,SLN,KS,ACE,CE,Federal Contract Tower,3,18,9,7,37,0,120,13,5,138,3,138,22,12,175,138,12,150,325
09/02/2021,SLN,KS,ACE,CE,Federal Contract Tower,4,2,13,0,19,0,85,18,3,106,4,87,31,3,125,82,0,82,207
09/03/2021,SLN,KS,ACE,CE,Federal Contract Tower,8,2,12,0,22,0,74,8,0,82,8,76,20,0,104,86,0,86,190
09/04/2021,SLN,KS,ACE,CE,Federal Contract Tower,4,8,3,0,15,0,21,2,0,23,4,29,5,0,38,26,0,26,64
09/05/2021,SLN,KS,ACE,CE,Federal Contract Tower,4,4,8,0,16,0,2,15,0,17,4,6,23,0,33,22,0,22,55
09/06/2021,SLN,KS,ACE,CE,Federal Contract Tower,4,4,9,0,17,0,7,12,0,19,4,11,21,0,36,10,0,10,46
09/07/2021,SLN,KS,ACE,CE,Federal Contract Tower,5,19,12,2,38,0,129,16,6,151,5,148,28,8,189,147,2,149,338
09/08/2021,SLN,KS,ACE,CE,Federal Contract Tower,4,3,11,11,29,0,141,22,12,175,4,144,33,23,204,160,12,172,376
09/09/2021,SLN,KS,ACE,CE,Federal Contract Tower,4,11,13,8,36,0,113,20,2,135,4,124,33,10,171,150,0,150,321
09/10/2021,SLN,KS,ACE,CE,Federal Contract Tower,4,7,9,13,33,0,123,21,3,147,4,130,30,16,180,148,6,154,334
09/11/2021,SLN,KS,ACE,CE,Federal Contract Tower,4,2,4,5,15,0,42,13,8,63,4,44,17,13,78,92,0,92,170
09/12/2021,SLN,KS,ACE,CE,Federal Contract Tower,4,2,24,0,30,0,0,27,2,29,4,2,51,2,59,0,0,0,59
09/13/2021,SLN,KS,ACE,CE,Federal Contract Tower,4,11,8,2,25,0,110,14,2,126,4,121,22,4,151,216,0,216,367
09/14/2021,SLN,KS,ACE,CE,Federal Contract Tower,4,6,10,0,20,0,83,20,2,105,4,89,30,2,125,118,6,124,249
09/15/2021,SLN,KS,ACE,CE,Federal Contract Tower,4,4,16,2,26,0,107,43,3,153,4,111,59,5,179,90,2,92,271
09/16/2021,SLN,KS,ACE,CE,Federal Contract Tower,4,6,14,0,24,0,103,90,1,194,4,109,104,1,218,36,0,36,254
09/17/2021,SLN,KS,ACE,CE,Federal Contract Tower,5,6,7,4,22,0,89,129,2,220,5,95,136,6,242,0,2,2,244
09/18/2021,SLN,KS,ACE,CE,Federal Contract Tower,4,4,8,0,16,0,33,177,0,210,4,37,185,0,226,0,0,0,226
09/19/2021,SLN,KS,ACE,CE,Federal Contract Tower,4,7,7,1,19,0,3,140,1,144,4,10,147,2,163,0,0,0,163
09/20/2021,SLN,KS,ACE,CE,Federal Contract Tower,4,9,19,0,32,0,61,113,2,176,4,70,132,2,208,8,0,8,216
09/21/2021,SLN,KS,ACE,CE,Federal Contract Tower,4,9,23,0,36,0,122,119,2,243,4,131,142,2,279,46,0,46,325
09/22/2021,SLN,KS,ACE,CE,Federal Contract Tower,4,5,26,0,35,0,150,118,4,272,4,155,144,4,307,28,0,28,335
09/23/2021,SLN,KS,ACE,CE,Federal Contract Tower,7,7,22,1,37,0,125,82,16,223,7,132,104,17,260,26,10,36,296
09/24/2021,SLN,KS,ACE,CE,Federal Contract Tower,4,0,25,2,31,0,96,90,7,193,4,96,115,9,224,30,0,30,254
09/25/2021,SLN,KS,ACE,CE,Federal Contract Tower,4,5,15,0,24,0,60,92,2,154,4,65,107,2,178,116,0,116,294
09/26/2021,SLN,KS,ACE,CE,Federal Contract Tower,4,7,7,0,18,0,2,14,0,16,4,9,21,0,34,14,0,14,48
09/27/2021,SLN,KS,ACE,CE,Federal Contract Tower,5,10,15,3,33,0,112,13,4,129,5,122,28,7,162,240,6,246,408
09/28/2021,SLN,KS,ACE,CE,Federal Contract Tower,5,7,10,0,22,0,130,17,5,152,5,137,27,5,174,198,0,198,372
09/29/2021,SLN,KS,ACE,CE,Federal Contract Tower,4,5,12,0,21,0,58,13,3,74,4,63,25,3,95,130,0,130,225
09/30/2021,SLN,KS,ACE,CE,Federal Contract Tower,4,5,13,0,22,0,32,4,6,42,4,37,17,6,64,110,0,110,174
10/01/2021,SLN,KS,ACE,CE,Federal Contract Tower,4,7,17,0,28,0,63,16,2,81,4,70,33,2,109,176,0,176,285
10/02/2021,SLN,KS,ACE,CE,Federal Contract Tower,4,8,18,3,33,0,43,5,0,48,4,51,23,3,81,88,0,88,169
10/03/2021,SLN,KS,ACE,CE,Federal Contract Tower,7,6,8,1,22,0,7,21,3,31,7,13,29,4,53,10,8,18,71
10/04/2021,SLN,KS,ACE,CE,Federal Contract Tower,4,14,9,0,27,0,138,17,0,155,4,152,26,0,182,274,0,274,456
10/05/2021,SLN,KS,ACE,CE,Federal Contract Tower,4,11,17,0,32,0,147,22,1,170,4,158,39,1,202,246,0,246,448
10/06/2021,SLN,KS,ACE,CE,Federal Contract Tower,4,13,23,5,45,0,73,18,3,94,4,86,41,8,139,180,0,180,319
10/07/2021,SLN,KS,ACE,CE,Federal Contract Tower,5,8,17,11,41,0,135,22,5,162,5,143,39,16,203,262,8,270,473
10/08/2021,SLN,KS,ACE,CE,Federal Contract Tower,4,9,20,0,33,0,131,24,0,155,4,140,44,0,188,272,0,272,460
10/09/2021,SLN,KS,ACE,CE,Federal Contract Tower,4,4,6,0,14,0,58,20,0,78,4,62,26,0,92,164,0,164,256
10/10/2021,SLN,KS,ACE,CE,Federal Contract Tower,5,3,12,0,20,0,2,5,0,7,5,5,17,0,27,26,0,26,53
10/11/2021,SLN,KS,ACE,CE,Federal Contract Tower,4,6,10,2,22,0,99,23,2,124,4,105,33,4,146,226,0,226,372
10/12/2021,SLN,KS,ACE,CE,Federal Contract Tower,3,6,13,0,22,0,52,5,2,59,3,58,18,2,81,142,0,142,223
10/13/2021,SLN,KS,ACE,CE,Federal Contract Tower,6,6,18,5,35,0,91,10,10,111,6,97,28,15,146,188,14,202,348
10/14/2021,SLN,KS,ACE,CE,Federal Contract Tower,4,12,12,13,41,0,123,16,7,146,4,135,28,20,187,302,6,308,495
10/15/2021,SLN,KS,ACE,CE,Federal Contract Tower,4,8,16,2,30,0,82,20,2,104,4,90,36,4,134,250,0,250,384
10/16/2021,SLN,KS,ACE,CE,Federal Contract Tower,4,5,10,4,23,0,35,14,3,52,4,40,24,7,75,148,0,148,223
10/17/2021,SLN,KS,ACE,CE,Federal Contract Tower,4,0,13,2,19,0,6,27,1,34,4,6,40,3,53,56,0,56,109
10/18/2021,SLN,KS,ACE,CE,Federal Contract Tower,7,6,10,0,23,0,47,15,9,71,7,53,25,9,94,114,0,114,208
10/19/2021,SLN,KS,ACE,CE,Federal Contract Tower,4,12,4,1,21,0,65,20,10,95,4,77,24,11,116,114,0,114,230
10/20/2021,SLN,KS,ACE,CE,Federal Contract Tower,4,7,10,2,23,0,68,20,10,98,4,75,30,12,121,122,0,122,243
10/21/2021,SLN,KS,ACE,CE,Federal Contract Tower,3,6,10,7,26,0,95,16,14,125,3,101,26,21,151,268,10,278,429
10/22/2021,SLN,KS,ACE,CE,Federal Contract Tower,3,20,9,10,42,0,103,27,23,153,3,123,36,33,195,194,20,214,409
10/23/2021,SLN,KS,ACE,CE,Federal Contract Tower,4,6,11,2,23,0,32,7,2,41,4,38,18,4,64,120,0,120,184
10/24/2021,SLN,KS,ACE,CE,Federal Contract Tower,3,6,15,6,30,0,1,9,0,10,3,7,24,6,40,0,0,0,40
10/25/2021,SLN,KS,ACE,CE,Federal Contract Tower,5,19,13,5,42,0,36,3,4,43,5,55,16,9,85,68,0,68,153
10/26/2021,SLN,KS,ACE,CE,Federal Contract Tower,3,16,10,8,37,0,33,3,0,36,3,49,13,8,73,102,0,102,175
10/27/2021,SLN,KS,ACE,CE,Federal Contract Tower,5,4,12,0,21,0,0,0,0,0,5,4,12,0,21,0,0,0,21
10/28/2021,SLN,KS,ACE,CE,Federal Contract Tower,4,7,5,0,16,0,14,7,0,21,4,21,12,0,37,14,0,14,51
10/29/2021,SLN,KS,ACE,CE,Federal Contract Tower,4,4,17,10,35,0,115,11,12,138,4,119,28,22,173,132,16,148,321
10/30/2021,SLN,KS,ACE,CE,Federal Contract Tower,4,9,14,0,27,0,86,24,6,116,4,95,38,6,143,168,0,168,311
10/31/2021,SLN,KS,ACE,CE,Federal Contract Tower,4,3,15,0,22,0,0,11,0,11,4,3,26,0,33,6,0,6,39
11/01/2021,SLN,KS,ACE,CE,Federal Contract Tower,6,5,7,0,18,0,117,5,0,122,6,122,12,0,140,90,0,90,230
11/02/2021,SLN,KS,ACE,CE,Federal Contract Tower,4,9,5,0,18,0,121,10,1,132,4,130,15,1,150,168,0,168,318
11/03/2021,SLN,KS,ACE,CE,Federal Contract Tower,4,6,22,7,39,0,59,3,2,64,4,65,25,9,103,238,2,240,343
11/04/2021,SLN,KS,ACE,CE,Federal Contract Tower,3,14,29,1,47,0,67,3,7,77,3,81,32,8,124,196,0,196,320
11/05/2021,SLN,KS,ACE,CE,Federal Contract Tower,4,20,7,0,31,0,75,12,5,92,4,95,19,5,123,112,0,112,235
11/06/2021,SLN,KS,ACE,CE,Federal Contract Tower,4,4,3,6,17,0,78,29,16,123,4,82,32,22,140,144,12,156,296
11/07/2021,SLN,KS,ACE,CE,Federal Contract Tower,4,2,16,6,28,0,3,22,5,30,4,5,38,11,58,10,0,10,68
11/08/2021,SLN,KS,ACE,CE,Federal Contract Tower,4,9,5,2,20,0,142,27,0,169,4,151,32,2,189,310,0,310,499
11/09/2021,SLN,KS,ACE,CE,Federal Contract Tower,4,7,17,2,30,0,107,24,2,133,4,114,41,4,163,276,2,278,441
11/10/2021,SLN,KS,ACE,CE,Federal Contract Tower,6,15,17,2,40,0,6,0,0,6,6,21,17,2,46,0,0,0,46
11/11/2021,SLN,KS,ACE,CE,Federal Contract Tower,5,8,13,0,26,0,94,6,0,100,5,102,19,0,126,124,0,124,250
11/12/2021,SLN,KS,ACE,CE,Federal Contract Tower,4,3,13,0,20,0,48,7,1,56,4,51,20,1,76,36,0,36,112
11/13/2021,SLN,KS,ACE,CE,Federal Contract Tower,4,7,13,0,24,0,61,15,2,78,4,68,28,2,102,132,0,132,234
11/14/2021,SLN,KS,ACE,CE,Federal Contract Tower,5,6,10,2,23,0,4,15,8,27,5,10,25,10,50,14,0,14,64
11/15/2021,SLN,KS,ACE,CE,Federal Contract Tower,4,2,14,0,20,0,144,19,2,165,4,146,33,2,185,298,0,298,483
11/16/2021,SLN,KS,ACE,CE,Federal Contract Tower,3,8,4,5,20,0,135,11,5,151,3,143,15,10,171,86,34,120,291
11/17/2021,SLN,KS,ACE,CE,Federal Contract Tower,4,8,8,2,22,0,89,12,8,109,4,97,20,10,131,142,0,142,273
11/18/2021,SLN,KS,ACE,CE,Federal Contract Tower,4,20,6,0,30,0,105,23,16,144,4,125,29,16,174,146,46,192,366
11/19/2021,SLN,KS,ACE,CE,Federal Contract Tower,4,6,12,5,27,0,35,12,19,66,4,41,24,24,93,66,30,96,189
11/20/2021,SLN,KS,ACE,CE,Federal Contract Tower,4,5,11,4,24,0,30,41,4,75,4,35,52,8,99,60,2,62,161
11/21/2021,SLN,KS,ACE,CE,Federal Contract Tower,4,2,8,3,17,0,5,19,2,26,4,7,27,5,43,18,8,26,69
11/22/2021,SLN,KS,ACE,CE,Federal Contract Tower,4,8,4,0,16,0,78,35,4,117,4,86,39,4,133,154,0,154,287
11/23/2021,SLN,KS,ACE,CE,Federal Contract Tower,4,6,6,3,19,0,47,9,3,59,4,53,15,6,78,92,10,102,180
11/24/2021,SLN,KS,ACE,CE,Federal Contract Tower,4,5,9,1,19,0,2,17,1,20,4,7,26,2,39,10,8,18,57
11/25/2021,SLN,KS,ACE,CE,Federal Contract Tower,1,0,3,0,4,0,1,6,0,7,1,1,9,0,11,0,0,0,11
11/26/2021,SLN,KS,ACE,CE,Federal Contract Tower,3,3,3,0,9,0,4,19,0,23,3,7,22,0,32,6,0,6,38
11/27/2021,SLN,KS,ACE,CE,Federal Contract Tower,4,5,14,0,23,0,5,13,0,18,4,10,27,0,41,6,0,6,47
11/28/2021,SLN,KS,ACE,CE,Federal Contract Tower,4,4,5,0,13,0,4,35,0,39,4,8,40,0,52,0,0,0,52
11/29/2021,SLN,KS,ACE,CE,Federal Contract Tower,4,10,15,2,31,0,144,15,0,159,4,154,30,2,190,226,0,226,416
11/30/2021,SLN,KS,ACE,CE,Federal Contract Tower,4,14,15,0,33,0,110,14,1,125,4,124,29,1,158,274,0,274,432
12/01/2021,SLN,KS,ACE,CE,Federal Contract Tower,4,7,10,0,21,0,131,9,0,140,4,138,19,0,161,242,0,242,403
12/02/2021,SLN,KS,ACE,CE,Federal Contract Tower,4,12,18,0,34,0,114,24,3,141,4,126,42,3,175,258,0,258,433
12/03/2021,SLN,KS,ACE,CE,Federal Contract Tower,3,14,14,2,33,0,83,21,3,107,3,97,35,5,140,186,2,188,328
12/04/2021,SLN,KS,ACE,CE,Federal Contract Tower,4,9,7,1,21,0,56,6,3,65,4,65,13,4,86,98,4,102,188
12/05/2021,SLN,KS,ACE,CE,Federal Contract Tower,3,6,10,2,21,0,3,20,0,23,3,9,30,2,44,24,0,24,68
12/06/2021,SLN,KS,ACE,CE,Federal Contract Tower,5,11,6,6,28,0,100,12,0,112,5,111,18,6,140,210,0,210,350
12/07/2021,SLN,KS,ACE,CE,Federal Contract Tower,4,14,3,11,32,0,106,18,6,130,4,120,21,17,162,218,8,226,388
12/08/2021,SLN,KS,ACE,CE,Federal Contract Tower,5,10,8,0,23,0,112,26,0,138,5,122,34,0,161,210,0,210,371
12/09/2021,SLN,KS,ACE,CE,Federal Contract Tower,4,21,10,6,41,0,83,22,9,114,4,104,32,15,155,172,22,194,349
12/10/2021,SLN,KS,ACE,CE,Federal Contract Tower,6,14,9,2,31,0,59,2,10,71,6,73,11,12,102,65,16,81,183
12/11/2021,SLN,KS,ACE,CE,Federal Contract Tower,4,1,5,5,15,0,56,36,1,93,4,57,41,6,108,146,0,146,254
12/12/2021,SLN,KS,ACE,CE,Federal Contract Tower,3,2,7,0,12,0,5,11,2,18,3,7,18,2,30,0,0,0,30
12/13/2021,SLN,KS,ACE,CE,Federal Contract Tower,4,11,12,3,30,0,108,13,1,122,4,119,25,4,152,224,2,226,378
12/14/2021,SLN,KS,ACE,CE,Federal Contract Tower,4,10,18,7,39,0,75,18,1,94,4,85,36,8,133,152,12,164,297
12/15/2021,SLN,KS,ACE,CE,Federal Contract Tower,3,5,4,1,13,0,3,0,0,3,3,8,4,1,16,2,0,2,18
12/16/2021,SLN,KS,ACE,CE,Federal Contract Tower,1,3,12,2,18,0,25,26,6,57,1,28,38,8,75,46,0,46,121
12/17/2021,SLN,KS,ACE,CE,Federal Contract Tower,5,7,14,5,31,0,1,10,6,17,5,8,24,11,48,10,2,12,60
12/18/2021,SLN,KS,ACE,CE,Federal Contract Tower,4,6,10,1,21,0,1,9,3,13,4,7,19,4,34,0,6,6,40
12/19/2021,SLN,KS,ACE,CE,Federal Contract Tower,4,5,13,0,22,0,2,14,0,16,4,7,27,0,38,0,0,0,38
12/20/2021,SLN,KS,ACE,CE,Federal Contract Tower,4,9,10,0,23,0,89,11,0,100,4,98,21,0,123,180,0,180,303
12/21/2021,SLN,KS,ACE,CE,Federal Contract Tower,3,8,11,6,28,0,65,14,2,81,3,73,25,8,109,142,6,148,257
12/22/2021,SLN,KS,ACE,CE,Federal Contract Tower,5,12,12,0,29,0,61,10,1,72,5,73,22,1,101,86,0,86,187
12/23/2021,SLN,KS,ACE,CE,Federal Contract Tower,4,5,9,0,18,0,24,7,1,32,4,29,16,1,50,56,0,56,106
12/24/2021,SLN,KS,ACE,CE,Federal Contract Tower,4,4,2,0,10,0,2,4,0,6,4,6,6,0,16,0,0,0,16
12/25/2021,SLN,KS,ACE,CE,Federal Contract Tower,4,3,4,0,11,0,0,13,0,13,4,3,17,0,24,0,0,0,24
12/26/2021,SLN,KS,ACE,CE,Federal Contract Tower,4,7,29,0,40,0,3,4,0,7,4,10,33,0,47,0,0,0,47
12/27/2021,SLN,KS,ACE,CE,Federal Contract Tower,4,3,20,0,27,0,0,16,0,16,4,3,36,0,43,12,0,12,55
12/28/2021,SLN,KS,ACE,CE,Federal Contract Tower,3,4,16,0,23,0,0,15,0,15,3,4,31,0,38,14,0,14,52
12/29/2021,SLN,KS,ACE,CE,Federal Contract Tower,4,1,10,2,17,0,2,5,10,17,4,3,15,12,34,10,0,10,44
12/30/2021,SLN,KS,ACE,CE,Federal Contract Tower,4,6,9,1,20,0,6,11,1,18,4,12,20,2,38,2,0,2,40
12/31/2021,SLN,KS,ACE,CE,Federal Contract Tower,4,6,13,0,23,0,0,8,0,8,4,6,21,0,31,4,0,4,35
01/01/2022,SLN,KS,ACE,CE,Federal Contract Tower,3,0,2,0,5,0,0,0,0,0,3,0,2,0,5,0,0,0,5
01/02/2022,SLN,KS,ACE,CE,Federal Contract Tower,2,7,18,0,27,0,2,7,0,9,2,9,25,0,36,0,0,0,36
01/03/2022,SLN,KS,ACE,CE,Federal Contract Tower,1,6,10,0,17,0,40,10,0,50,1,46,20,0,67,34,0,34,101
01/04/2022,SLN,KS,ACE,CE,Federal Contract Tower,3,7,3,2,15,0,49,8,1,58,3,56,11,3,73,64,2,66,139
01/05/2022,SLN,KS,ACE,CE,Federal Contract Tower,4,4,8,0,16,0,55,2,4,61,4,59,10,4,77,94,0,94,171
01/06/2022,SLN,KS,ACE,CE,Federal Contract Tower,3,2,2,0,7,0,12,3,10,25,3,14,5,10,32,14,30,44,76
01/07/2022,SLN,KS,ACE,CE,Federal Contract Tower,3,6,13,2,24,0,49,11,11,71,3,55,24,13,95,68,44,112,207
01/08/2022,SLN,KS,ACE,CE,Federal Contract Tower,3,7,5,4,19,0,0,5,6,11,3,7,10,10,30,0,2,2,32
01/09/2022,SLN,KS,ACE,CE,Federal Contract Tower,3,5,10,0,18,0,2,13,4,19,3,7,23,4,37,4,10,14,51
01/10/2022,SLN,KS,ACE,CE,Federal Contract Tower,4,1,14,2,21,0,62,17,0,79,4,63,31,2,100,94,0,94,194
01/11/2022,SLN,KS,ACE,CE,Federal Contract Tower,4,5,8,0,17,0,56,5,0,61,4,61,13,0,78,26,0,26,104
01/12/2022,SLN,KS,ACE,CE,Federal Contract Tower,7,4,8,1,20,0,76,10,5,91,7,80,18,6,111,144,2,146,257
01/13/2022,SLN,KS,ACE,CE,Federal Contract Tower,4,5,14,12,35,2,67,12,4,85,6,72,26,16,120,96,2,98,218
01/14/2022,SLN,KS,ACE,CE,Federal Contract Tower,4,8,3,0,15,0,31,7,0,38,4,39,10,0,53,70,0,70,123
01/15/2022,SLN,KS,ACE,CE,Federal Contract Tower,4,0,6,0,10,0,0,0,0,0,4,0,6,0,10,0,0,0,10
01/16/2022,SLN,KS,ACE,CE,Federal Contract Tower,4,2,6,0,12,0,3,18,0,21,4,5,24,0,33,10,0,10,43
01/17/2022,SLN,KS,ACE,CE,Federal Contract Tower,4,7,2,0,13,0,3,9,2,14,4,10,11,2,27,8,0,8,35
01/18/2022,SLN,KS,ACE,CE,Federal Contract Tower,4,12,11,4,31,0,59,31,0,90,4,71,42,4,121,164,2,166,287
01/19/2022,SLN,KS,ACE,CE,Federal Contract Tower,3,10,7,4,24,0,42,5,5,52,3,52,12,9,76,56,42,98,174
01/20/2022,SLN,KS,ACE,CE,Federal Contract Tower,3,13,17,4,37,0,47,8,4,59,3,60,25,8,96,46,2,48,144
01/21/2022,SLN,KS,ACE,CE,Federal Contract Tower,5,7,8,0,20,0,64,16,8,88,5,71,24,8,108,126,18,144,252
01/22/2022,SLN,KS,ACE,CE,Federal Contract Tower,4,2,2,0,8,0,37,17,0,54,4,39,19,0,62,32,0,32,94
01/23/2022,SLN,KS,ACE,CE,Federal Contract Tower,5,2,11,2,20,0,2,18,0,20,5,4,29,2,40,4,0,4,44
01/24/2022,SLN,KS,ACE,CE,Federal Contract Tower,4,8,4,4,20,0,97,15,1,113,4,105,19,5,133,118,0,118,251
01/25/2022,SLN,KS,ACE,CE,Federal Contract Tower,4,7,11,1,23,0,69,4,2,75,4,76,15,3,98,174,0,174,272
01/26/2022,SLN,KS,ACE,CE,Federal Contract Tower,4,2,15,16,37,0,108,11,4,123,4,110,26,20,160,134,14,148,308
01/27/2022,SLN,KS,ACE,CE,Federal Contract Tower,4,6,14,1,25,0,106,8,7,121,4,112,22,8,146,132,8,140,286
01/28/2022,SLN,KS,ACE,CE,Federal Contract Tower,4,8,18,1,31,0,126,26,12,164,4,134,44,13,195,158,16,174,369
01/29/2022,SLN,KS,ACE,CE,Federal Contract Tower,4,8,6,2,20,0,52,17,2,71,4,60,23,4,91,48,0,48,139
01/30/2022,SLN,KS,ACE,CE,Federal Contract Tower,10,8,11,0,29,0,3,12,0,15,10,11,23,0,44,12,0,12,56
01/31/2022,SLN,KS,ACE,CE,Federal Contract Tower,4,1,9,1,15,0,129,9,1,139,4,130,18,2,154,132,0,132,286
02/01/2022,SLN,KS,ACE,CE,Federal Contract Tower,4,10,0,4,18,0,70,11,1,82,4,80,11,5,100,98,12,110,210
02/02/2022,SLN,KS,ACE,CE,Federal Contract Tower,3,3,7,0,13,0,0,0,0,0,3,3,7,0,13,0,0,0,13
02/03/2022,SLN,KS,ACE,CE,Federal Contract Tower,7,9,24,4,44,0,75,21,9,105,7,84,45,13,149,94,0,94,243
02/04/2022,SLN,KS,ACE,CE,Federal Contract Tower,6,4,33,0,43,0,114,20,2,136,6,118,53,2,179,116,0,116,295
02/05/2022,SLN,KS,ACE,CE,Federal Contract Tower,10,4,4,0,18,0,59,6,0,65,10,63,10,0,83,80,0,80,163
02/06/2022,SLN,KS,ACE,CE,Federal Contract Tower,5,0,10,0,15,0,1,11,0,12,5,1,21,0,27,6,0,6,33
02/07/2022,SLN,KS,ACE,CE,Federal Contract Tower,4,4,10,8,26,0,119,18,4,141,4,123,28,12,167,156,12,168,335
02/08/2022,SLN,KS,ACE,CE,Federal Contract Tower,4,3,16,0,23,0,100,15,2,117,4,103,31,2,140,116,0,116,256
02/09/2022,SLN,KS,ACE,CE,Federal Contract Tower,4,0,6,0,10,0,144,8,2,154,4,144,14,2,164,188,0,188,352
02/10/2022,SLN,KS,ACE,CE,Federal Contract Tower,4,8,8,2,22,0,103,11,8,122,4,111,19,10,144,174,6,180,324
02/11/2022,SLN,KS,ACE,CE,Federal Contract Tower,3,6,4,0,13,0,66,5,0,71,3,72,9,0,84,92,0,92,176
02/12/2022,SLN,KS,ACE,CE,Federal Contract Tower,4,4,9,0,17,0,76,20,0,96,4,80,29,0,113,112,0,112,225
02/13/2022,SLN,KS,ACE,CE,Federal Contract Tower,4,0,6,2,12,0,3,27,0,30,4,3,33,2,42,14,0,14,56
02/14/2022,SLN,KS,ACE,CE,Federal Contract Tower,4,2,4,3,13,0,138,15,9,162,4,140,19,12,175,202,10,212,387
02/15/2022,SLN,KS,ACE,CE,Federal Contract Tower,4,7,11,9,31,0,56,29,6,91,4,63,40,15,122,44,4,48,170
02/16/2022,SLN,KS,ACE,CE,Federal Contract Tower,4,7,27,0,38,0,137,9,7,153,4,144,36,7,191,186,0,186,377
02/17/2022,SLN,KS,ACE,CE,Federal Contract Tower,5,0,12,0,17,0,61,8,7,76,5,61,20,7,93,128,10,138,231
02/18/2022,SLN,KS,ACE,CE,Federal Contract Tower,4,2,14,1,21,0,98,13,5,116,4,100,27,6,137,128,0,128,265
02/19/2022,SLN,KS,ACE,CE,Federal Contract Tower,4,8,8,0,20,0,76,22,3,101,4,84,30,3,121,128,0,128,249
02/20/2022,SLN,KS,ACE,CE,Federal Contract Tower,6,2,16,0,24,0,2,22,0,24,6,4,38,0,48,16,0,16,64
02/21/2022,SLN,KS,ACE,CE,Federal Contract Tower,4,3,12,0,19,0,130,13,0,143,4,133,25,0,162,158,0,158,320
02/22/2022,SLN,KS,ACE,CE,Federal Contract Tower,4,6,8,1,19,0,40,1,3,44,4,46,9,4,63,72,4,76,139
02/23/2022,SLN,KS,ACE,CE,Federal Contract Tower,3,8,9,4,24,0,125,10,12,147,3,133,19,16,171,150,0,150,321
02/24/2022,SLN,KS,ACE,CE,Federal Contract Tower,7,2,4,0,13,0,0,0,8,8,7,2,4,8,21,0,0,0,21
02/25/2022,SLN,KS,ACE,CE,Federal Contract Tower,3,14,19,8,44,0,148,11,2,161,3,162,30,10,205,174,0,174,379
02/26/2022,SLN,KS,ACE,CE,Federal Contract Tower,3,6,6,1,16,0,70,24,0,94,3,76,30,1,110,154,0,154,264
02/27/2022,SLN,KS,ACE,CE,Federal Contract Tower,4,3,4,6,17,0,0,19,0,19,4,3,23,6,36,2,0,2,38
02/28/2022,SLN,KS,ACE,CE,Federal Contract Tower,7,7,10,0,24,0,126,10,8,144,7,133,20,8,168,186,0,186,354
03/01/2022,SLN,KS,ACE,CE,Federal Contract Tower,5,6,11,3,25,0,101,24,21,146,5,107,35,24,171,142,40,182,353
03/02/2022,SLN,KS,ACE,CE,Federal Contract Tower,6,11,9,8,34,0,94,13,15,122,6,105,22,23,156,166,0,166,322
03/03/2022,SLN,KS,ACE,CE,Federal Contract Tower,4,13,22,12,51,0,73,12,6,91,4,86,34,18,142,92,0,92,234
03/04/2022,SLN,KS,ACE,CE,Federal Contract Tower,3,1,14,3,21,0,59,9,4,72,3,60,23,7,93,70,0,70,163
03/05/2022,SLN,KS,ACE,CE,Federal Contract Tower,6,8,8,1,23,0,7,4,2,13,6,15,12,3,36,4,0,4,40
03/06/2022,SLN,KS,ACE,CE,Federal Contract Tower,4,8,10,4,26,0,0,17,2,19,4,8,27,6,45,8,0,8,53
03/07/2022,SLN,KS,ACE,CE,Federal Contract Tower,4,5,8,4,21,0,72,9,1,82,4,77,17,5,103,88,0,88,191
03/08/2022,SLN,KS,ACE,CE,Federal Contract Tower,3,6,11,6,26,0,113,20,10,143,3,119,31,16,169,254,2,256,425
03/09/2022,SLN,KS,ACE,CE,Federal Contract Tower,10,5,20,3,38,0,153,2,22,177,10,158,22,25,215,268,16,284,499
03/10/2022,SLN,KS,ACE,CE,Federal Contract Tower,4,2,4,4,14,0,1,4,0,5,4,3,8,4,19,0,0,0,19
03/11/2022,SLN,KS,ACE,CE,Federal Contract Tower,13,23,18,6,60,0,133,17,8,158,13,156,35,14,218,160,14,174,392
03/12/2022,SLN,KS,ACE,CE,Federal Contract Tower,4,14,17,6,41,0,22,11,3,36,4,36,28,9,77,46,0,46,123
03/13/2022,SLN,KS,ACE,CE,Federal Contract Tower,5,0,15,4,24,0,0,25,0,25,5,0,40,4,49,4,0,4,53
03/14/2022,SLN,KS,ACE,CE,Federal Contract Tower,6,7,7,4,24,0,77,11,3,91,6,84,18,7,115,152,4,156,271
03/15/2022,SLN,KS,ACE,CE,Federal Contract Tower,2,6,20,3,31,0,65,29,10,104,2,71,49,13,135,160,0,160,295
03/16/2022,SLN,KS,ACE,CE,Federal Contract Tower,4,7,9,18,38,0,47,30,13,90,4,54,39,31,128,102,24,126,254
03/17/2022,SLN,KS,ACE,CE,Federal Contract Tower,1,8,7,2,18,0,30,3,16,49,1,38,10,18,67,46,6,52,119
03/18/2022,SLN,KS,ACE,CE,Federal Contract Tower,3,4,9,0,16,0,10,12,6,28,3,14,21,6,44,10,0,10,54
03/19/2022,SLN,KS,ACE,CE,Federal Contract Tower,4,6,20,0,30,0,11,31,0,42,4,17,51,0,72,56,0,56,128
03/20/2022,SLN,KS,ACE,CE,Federal Contract Tower,4,2,10,0,16,0,2,24,0,26,4,4,34,0,42,20,12,32,74
03/21/2022,SLN,KS,ACE,CE,Federal Contract Tower,6,6,7,1,20,0,35,0,0,35,6,41,7,1,55,98,0,98,153
03/22/2022,SLN,KS,ACE,CE,Federal Contract Tower,2,6,12,0,20,0,0,0,2,2,2,6,12,2,22,0,0,0,22
03/23/2022,SLN,KS,ACE,CE,Federal Contract Tower,4,13,5,0,22,0,72,2,0,74,4,85,7,0,96,74,0,74,170
03/24/2022,SLN,KS,ACE,CE,Federal Contract Tower,2,8,12,5,27,0,105,9,22,136,2,113,21,27,163,272,38,310,473
03/25/2022,SLN,KS,ACE,CE,Federal Contract Tower,3,10,11,7,31,0,140,8,8,156,3,150,19,15,187,246,20,266,453
03/26/2022,SLN,KS,ACE,CE,Federal Contract Tower,4,4,7,0,15,0,56,15,5,76,4,60,22,5,91,98,0,98,189
03/27/2022,SLN,KS,ACE,CE,Federal Contract Tower,4,4,8,0,16,0,8,10,0,18,4,12,18,0,34,0,0,0,34
03/28/2022,SLN,KS,ACE,CE,Federal Contract Tower,4,6,14,5,29,0,98,10,14,122,4,104,24,19,151,158,2,160,311
03/29/2022,SLN,KS,ACE,CE,Federal Contract Tower,2,2,4,0,8,0,41,4,2,47,2,43,8,2,55,92,0,92,147
03/30/2022,SLN,KS,ACE,CE,Federal Contract Tower,4,7,7,4,22,0,49,1,6,56,4,56,8,10,78,58,0,58,136
03/31/2022,SLN,KS,ACE,CE,Federal Contract Tower,1,12,5,6,24,0,115,15,9,139,1,127,20,15,163,244,0,244,407
04/01/2022,SLN,KS,ACE,CE,Federal Contract Tower,5,7,9,1,22,0,105,4,1,110,5,112,13,2,132,150,6,156,288
04/02/2022,SLN,KS,ACE,CE,Federal Contract Tower,3,12,10,10,35,0,50,32,0,82,3,62,42,10,117,188,0,188,305
04/03/2022,SLN,KS,ACE,CE,Federal Contract Tower,5,6,9,0,20,0,0,31,0,31,5,6,40,0,51,12,0,12,63
04/04/2022,SLN,KS,ACE,CE,Federal Contract Tower,6,4,11,3,24,0,101,6,2,109,6,105,17,5,133,22,0,22,155
04/05/2022,SLN,KS,ACE,CE,Federal Contract Tower,6,9,13,3,31,0,51,8,7,66,6,60,21,10,97,34,0,34,131
04/06/2022,SLN,KS,ACE,CE,Federal Contract Tower,6,4,14,0,24,0,26,2,6,34,6,30,16,6,58,10,22,32,90
04/07/2022,SLN,KS,ACE,CE,Federal Contract Tower,6,0,15,2,23,0,4,2,0,6,6,4,17,2,29,2,0,2,31
04/08/2022,SLN,KS,ACE,CE,Federal Contract Tower,6,1,11,5,23,0,44,9,14,67,6,45,20,19,90,22,8,30,120
04/09/2022,SLN,KS,ACE,CE,Federal Contract Tower,6,0,8,0,14,0,75,22,2,99,6,75,30,2,113,78,0,78,191
04/10/2022,SLN,KS,ACE,CE,Federal Contract Tower,6,2,9,0,17,0,2,11,2,15,6,4,20,2,32,2,0,2,34
04/11/2022,SLN,KS,ACE,CE,Federal Contract Tower,6,6,15,0,27,0,126,23,4,153,6,132,38,4,180,72,0,72,252
04/12/2022,SLN,KS,ACE,CE,Federal Contract Tower,4,0,5,0,9,0,0,2,0,2,4,0,7,0,11,0,0,0,11
04/13/2022,SLN,KS,ACE,CE,Federal Contract Tower,6,5,17,1,29,0,107,15,10,132,6,112,32,11,161,20,0,20,181
04/14/2022,SLN,KS,ACE,CE,Federal Contract Tower,7,7,15,2,31,0,129,6,5,140,7,136,21,7,171,52,0,52,223
04/15/2022,SLN,KS,ACE,CE,Federal Contract Tower,6,6,3,1,16,0,102,15,2,119,6,108,18,3,135,48,0,48,183
04/16/2022,SLN,KS,ACE,CE,Federal Contract Tower,7,4,9,1,21,0,24,14,2,40,7,28,23,3,61,12,0,12,73
04/17/2022,SLN,KS,ACE,CE,Federal Contract Tower,6,2,1,0,9,0,0,8,0,8,6,2,9,0,17,24,0,24,41
04/18/2022,SLN,KS,ACE,CE,Federal Contract Tower,6,19,8,0,33,0,146,14,0,160,6,165,22,0,193,96,0,96,289
04/19/2022,SLN,KS,ACE,CE,Federal Contract Tower,6,5,4,3,18,0,95,2,15,112,6,100,6,18,130,48,2,50,180
04/20/2022,SLN,KS,ACE,CE,Federal Contract Tower,7,15,11,0,33,0,58,7,9,74,7,73,18,9,107,64,20,84,191
04/21/2022,SLN,KS,ACE,CE,Federal Contract Tower,6,8,9,0,23,0,19,0,3,22,6,27,9,3,45,30,0,30,75
04/22/2022,SLN,KS,ACE,CE,Federal Contract Tower,6,2,3,0,11,0,4,1,8,13,6,6,4,8,24,10,0,10,34
04/23/2022,SLN,KS,ACE,CE,Federal Contract Tower,6,3,2,0,11,0,4,1,8,13,6,7,3,8,24,0,0,0,24
04/24/2022,SLN,KS,ACE,CE,Federal Contract Tower,6,8,12,0,26,0,3,25,1,29,6,11,37,1,55,26,0,26,81
04/25/2022,SLN,KS,ACE,CE,Federal Contract Tower,6,12,18,1,37,0,138,19,2,159,6,150,37,3,196,80,0,80,276
04/26/2022,SLN,KS,ACE,CE,Federal Contract Tower,6,16,20,2,44,0,117,20,3,140,6,133,40,5,184,38,0,38,222
04/27/2022,SLN,KS,ACE,CE,Federal Contract Tower,6,4,7,0,17,0,39,6,9,54,6,43,13,9,71,19,0,19,90
04/28/2022,SLN,KS,ACE,CE,Federal Contract Tower,6,5,11,0,22,0,76,14,0,90,6,81,25,0,112,118,0,118,230
04/29/2022,SLN,KS,ACE,CE,Federal Contract Tower,6,4,3,0,13,0,23,2,1,26,6,27,5,1,39,44,0,44,83
04/30/2022,SLN,KS,ACE,CE,Federal Contract Tower,6,8,3,0,17,0,24,10,0,34,6,32,13,0,51,60,0,60,111
05/01/2022,SLN,KS,ACE,CE,Federal Contract Tower,6,4,9,0,19,0,6,40,0,46,6,10,49,0,65,84,0,84,149
05/02/2022,SLN,KS,ACE,CE,Federal Contract Tower,11,0,6,2,19,0,0,0,0,0,11,0,6,2,19,0,0,0,19
05/03/2022,SLN,KS,ACE,CE,Federal Contract Tower,7,17,8,6,38,0,97,19,4,120,7,114,27,10,158,270,0,270,428
05/04/2022,SLN,KS,ACE,CE,Federal Contract Tower,6,9,6,1,22,0,14,0,0,14,6,23,6,1,36,86,0,86,122
05/05/2022,SLN,KS,ACE,CE,Federal Contract Tower,6,1,4,0,11,0,0,0,0,0,6,1,4,0,11,0,0,0,11
05/06/2022,SLN,KS,ACE,CE,Federal Contract Tower,6,16,7,5,34,0,55,9,3,67,6,71,16,8,101,120,2,122,223
05/07/2022,SLN,KS,ACE,CE,Federal Contract Tower,6,4,5,0,15,0,19,8,0,27,6,23,13,0,42,54,0,54,96
05/08/2022,SLN,KS,ACE,CE,Federal Contract Tower,6,7,3,0,16,0,0,10,0,10,6,7,13,0,26,8,0,8,34
05/09/2022,SLN,KS,ACE,CE,Federal Contract Tower,5,9,7,4,25,0,107,6,0,113,5,116,13,4,138,138,0,138,276
05/10/2022,SLN,KS,ACE,CE,Federal Contract Tower,6,10,9,0,25,0,93,30,3,126,6,103,39,3,151,233,0,233,384
05/11/2022,SLN,KS,ACE,CE,Federal Contract Tower,6,7,9,5,27,0,79,28,4,111,6,86,37,9,138,176,2,178,316
05/12/2022,SLN,KS,ACE,CE,Federal Contract Tower,4,9,10,1,24,0,65,7,12,84,4,74,17,13,108,142,48,190,298
05/13/2022,SLN,KS,ACE,CE,Federal Contract Tower,7,11,15,2,35,0,73,45,12,130,7,84,60,14,165,114,16,130,295
05/14/2022,SLN,KS,ACE,CE,Federal Contract Tower,5,0,7,0,12,0,32,16,0,48,5,32,23,0,60,66,0,66,126
05/15/2022,SLN,KS,ACE,CE,Federal Contract Tower,6,8,14,0,28,0,2,19,0,21,6,10,33,0,49,34,0,34,83
05/16/2022,SLN,KS,ACE,CE,Federal Contract Tower,6,3,7,4,20,0,97,22,0,119,6,100,29,4,139,186,0,186,325
05/17/2022,SLN,KS,ACE,CE,Federal Contract Tower,6,5,14,1,26,0,75,9,4,88,6,80,23,5,114,102,10,112,226
05/18/2022,SLN,KS,ACE,CE,Federal Contract Tower,5,14,6,10,35,0,122,27,9,158,5,136,33,19,193,242,10,252,445
05/19/2022,SLN,KS,ACE,CE,Federal Contract Tower,6,9,22,13,50,0,66,20,19,105,6,75,42,32,155,192,20,212,367
05/20/2022,SLN,KS,ACE,CE,Federal Contract Tower,6,6,7,2,21,0,69,10,16,95,6,75,17,18,116,120,54,174,290
05/21/2022,SLN,KS,ACE,CE,Federal Contract Tower,6,2,7,0,15,0,6,3,2,11,6,8,10,2,26,8,8,16,42
05/22/2022,SLN,KS,ACE,CE,Federal Contract Tower,6,2,6,0,14,0,0,30,0,30,6,2,36,0,44,24,0,24,68
05/23/2022,SLN,KS,ACE,CE,Federal Contract Tower,5,10,9,2,26,0,67,15,0,82,5,77,24,2,108,174,0,174,282
05/24/2022,SLN,KS,ACE,CE,Federal Contract Tower,5,4,8,0,17,0,0,0,0,0,5,4,8,0,17,0,0,0,17
05/25/2022,SLN,KS,ACE,CE,Federal Contract Tower,6,12,14,0,32,0,0,0,0,0,6,12,14,0,32,0,0,0,32
05/26/2022,SLN,KS,ACE,CE,Federal Contract Tower,6,6,9,13,34,0,41,14,5,60,6,47,23,18,94,92,0,92,186
05/27/2022,SLN,KS,ACE,CE,Federal Contract Tower,6,6,9,0,21,0,101,28,0,129,6,107,37,0,150,204,0,204,354
05/28/2022,SLN,KS,ACE,CE,Federal Contract Tower,5,4,8,0,17,0,18,7,0,25,5,22,15,0,42,22,0,22,64
05/29/2022,SLN,KS,ACE,CE,Federal Contract Tower,5,2,8,0,15,0,2,0,0,2,5,4,8,0,17,0,0,0,17
05/30/2022,SLN,KS,ACE,CE,Federal Contract Tower,9,5,6,0,20,0,0,3,0,3,9,5,9,0,23,12,0,12,35
05/31/2022,SLN,KS,ACE,CE,Federal Contract Tower,5,3,16,8,32,0,106,11,4,121,5,109,27,12,153,190,12,202,355
06/01/2022,SLN,KS,ACE,CE,Federal Contract Tower,8,5,12,9,34,0,82,3,10,95,8,87,15,19,129,138,22,160,289
06/02/2022,SLN,KS,ACE,CE,Federal Contract Tower,6,2,16,9,33,0,122,33,12,167,6,124,49,21,200,256,32,288,488
06/03/2022,SLN,KS,ACE,CE,Federal Contract Tower,6,11,13,7,37,0,126,21,8,155,6,137,34,15,192,184,28,212,404
06/04/2022,SLN,KS,ACE,CE,Federal Contract Tower,6,7,10,0,23,0,18,3,0,21,6,25,13,0,44,42,0,42,86
06/05/2022,SLN,KS,ACE,CE,Federal Contract Tower,5,3,6,4,18,0,7,7,1,15,5,10,13,5,33,12,0,12,45
06/06/2022,SLN,KS,ACE,CE,Federal Contract Tower,7,5,1,7,20,2,77,13,3,95,9,82,14,10,115,146,2,148,263
06/07/2022,SLN,KS,ACE,CE,Federal Contract Tower,6,10,11,2,29,0,92,7,8,107,6,102,18,10,136,176,0,176,312
06/08/2022,SLN,KS,ACE,CE,Federal Contract Tower,6,8,13,11,38,0,89,19,13,121,6,97,32,24,159,168,6,174,333
06/09/2022,SLN,KS,ACE,CE,Federal Contract Tower,9,7,10,9,35,0,58,8,11,77,9,65,18,20,112,148,30,178,290
06/10/2022,SLN,KS,ACE,CE,Federal Contract Tower,5,14,10,9,38,0,70,19,17,106,5,84,29,26,144,244,36,280,424
06/11/2022,SLN,KS,ACE,CE,Federal Contract Tower,6,1,7,2,16,0,26,18,6,50,6,27,25,8,66,60,6,66,132
06/12/2022,SLN,KS,ACE,CE,Federal Contract Tower,5,5,6,4,20,0,1,12,2,15,5,6,18,6,35,22,0,22,57
06/13/2022,SLN,KS,ACE,CE,Federal Contract Tower,7,9,9,6,31,0,8,9,10,27,7,17,18,16,58,10,10,20,78
06/14/2022,SLN,KS,ACE,CE,Federal Contract Tower,3,3,9,4,19,0,21,8,14,43,3,24,17,18,62,28,0,28,90
06/15/2022,SLN,KS,ACE,CE,Federal Contract Tower,6,12,10,13,41,0,87,28,22,137,6,99,38,35,178,174,24,198,376
06/16/2022,SLN,KS,ACE,CE,Federal Contract Tower,7,5,15,2,29,0,92,23,8,123,7,97,38,10,152,162,32,194,346
06/17/2022,SLN,KS,ACE,CE,Federal Contract Tower,6,7,7,4,24,0,65,14,8,87,6,72,21,12,111,116,10,126,237
06/18/2022,SLN,KS,ACE,CE,Federal Contract Tower,6,4,4,0,14,0,18,9,5,32,6,22,13,5,46,58,0,58,104
06/19/2022,SLN,KS,ACE,CE,Federal Contract Tower,6,7,4,0,17,0,3,25,6,34,6,10,29,6,51,18,0,18,69
06/20/2022,SLN,KS,ACE,CE,Federal Contract Tower,5,3,11,0,19,0,50,10,6,66,5,53,21,6,85,82,0,82,167
06/21/2022,SLN,KS,ACE,CE,Federal Contract Tower,5,4,8,7,24,0,58,14,15,87,5,62,22,22,111,136,4,140,251
06/22/2022,SLN,KS,ACE,CE,Federal Contract Tower,6,24,17,12,59,0,23,3,22,48,6,47,20,34,107,48,4,52,159
06/23/2022,SLN,KS,ACE,CE,Federal Contract Tower,6,4,14,4,28,0,23,17,32,72,6,27,31,36,100,40,6,46,146
06/24/2022,SLN,KS,ACE,CE,Federal Contract Tower,5,4,16,3,28,0,47,16,13,76,5,51,32,16,104,104,0,104,208
06/25/2022,SLN,KS,ACE,CE,Federal Contract Tower,6,5,6,7,24,0,23,20,2,45,6,28,26,9,69,106,16,122,191
06/26/2022,SLN,KS,ACE,CE,Federal Contract Tower,6,6,12,3,27,0,0,22,0,22,6,6,34,3,49,10,0,10,59
06/27/2022,SLN,KS,ACE,CE,Federal Contract Tower,5,10,15,11,41,0,53,9,0,62,5,63,24,11,103,172,0,172,275
06/28/2022,SLN,KS,ACE,CE,Federal Contract Tower,5,6,5,6,22,0,87,22,3,112,5,93,27,9,134,121,8,129,263
06/29/2022,SLN,KS,ACE,CE,Federal Contract Tower,6,10,7,27,50,0,86,20,6,112,6,96,27,33,162,126,2,128,290
06/30/2022,SLN,KS,ACE,CE,Federal Contract Tower,5,8,6,3,22,0,61,27,2,90,5,69,33,5,112,102,14,116,228
07/01/2022,SLN,KS,ACE,CE,Federal Contract Tower,6,0,12,2,20,0,63,12,0,75,6,63,24,2,95,110,0,110,205
07/02/2022,SLN,KS,ACE,CE,Federal Contract Tower,6,5,5,0,16,0,18,11,1,30,6,23,16,1,46,52,0,52,98
07/03/2022,SLN,KS,ACE,CE,Federal Contract Tower,6,0,15,0,21,0,0,5,0,5,6,0,20,0,26,6,0,6,32
07/04/2022,SLN,KS,ACE,CE,Federal Contract Tower,6,0,0,0,6,0,0,6,0,6,6,0,6,0,12,0,0,0,12
07/05/2022,SLN,KS,ACE,CE,Federal Contract Tower,5,2,10,5,22,0,46,24,3,73,5,48,34,8,95,54,0,54,149
07/06/2022,SLN,KS,ACE,CE,Federal Contract Tower,6,8,11,3,28,0,52,16,5,73,6,60,27,8,101,70,0,70,171
07/07/2022,SLN,KS,ACE,CE,Federal Contract Tower,6,7,7,0,20,0,97,25,2,124,6,104,32,2,144,294,12,306,450
07/08/2022,SLN,KS,ACE,CE,Federal Contract Tower,5,7,20,0,32,0,68,14,0,82,5,75,34,0,114,166,0,166,280
07/09/2022,SLN,KS,ACE,CE,Federal Contract Tower,6,2,19,0,27,0,45,15,3,63,6,47,34,3,90,84,0,84,174
07/10/2022,SLN,KS,ACE,CE,Federal Contract Tower,5,2,18,10,35,0,0,28,0,28,5,2,46,10,63,10,4,14,77
07/11/2022,SLN,KS,ACE,CE,Federal Contract Tower,6,7,13,1,27,0,100,16,2,118,6,107,29,3,145,154,4,158,303
07/12/2022,SLN,KS,ACE,CE,Federal Contract Tower,4,3,6,4,17,0,117,28,0,145,4,120,34,4,162,206,14,220,382
07/13/2022,SLN,KS,ACE,CE,Federal Contract Tower,4,7,6,0,17,0,92,24,2,118,4,99,30,2,135,40,0,40,175
07/14/2022,SLN,KS,ACE,CE,Federal Contract Tower,4,6,9,2,21,0,80,24,0,104,4,86,33,2,125,34,0,34,159
07/15/2022,SLN,KS,ACE,CE,Federal Contract Tower,3,6,8,0,17,0,75,28,6,109,3,81,36,6,126,54,0,54,180
07/16/2022,SLN,KS,ACE,CE,Federal Contract Tower,5,7,14,0,26,0,34,10,0,44,5,41,24,0,70,42,0,42,112
07/17/2022,SLN,KS,ACE,CE,Federal Contract Tower,4,6,7,0,17,0,0,17,0,17,4,6,24,0,34,10,0,10,44
07/18/2022,SLN,KS,ACE,CE,Federal Contract Tower,5,9,5,1,20,0,73,13,1,87,5,82,18,2,107,92,0,92,199
07/19/2022,SLN,KS,ACE,CE,Federal Contract Tower,4,5,5,3,17,0,75,22,6,103,4,80,27,9,120,106,12,118,238
07/20/2022,SLN,KS,ACE,CE,Federal Contract Tower,5,2,7,0,14,0,68,20,0,88,5,70,27,0,102,124,0,124,226
07/21/2022,SLN,KS,ACE,CE,Federal Contract Tower,4,7,9,1,21,0,53,12,1,66,4,60,21,2,87,42,0,42,129
07/22/2022,SLN,KS,ACE,CE,Federal Contract Tower,4,1,11,0,16,0,57,18,0,75,4,58,29,0,91,46,0,46,137
07/23/2022,SLN,KS,ACE,CE,Federal Contract Tower,4,8,5,0,17,0,17,13,0,30,4,25,18,0,47,14,0,14,61
07/24/2022,SLN,KS,ACE,CE,Federal Contract Tower,4,0,10,0,14,0,0,16,0,16,4,0,26,0,30,6,0,6,36
07/25/2022,SLN,KS,ACE,CE,Federal Contract Tower,4,2,10,0,16,0,22,8,0,30,4,24,18,0,46,18,0,18,64
07/26/2022,SLN,KS,ACE,CE,Federal Contract Tower,4,6,7,1,18,0,19,7,0,26,4,25,14,1,44,26,0,26,70
07/27/2022,SLN,KS,ACE,CE,Federal Contract Tower,4,4,4,0,12,0,26,9,11,46,4,30,13,11,58,34,10,44,102
07/28/2022,SLN,KS,ACE,CE,Federal Contract Tower,4,0,10,0,14,0,39,5,4,48,4,39,15,4,62,94,0,94,156
07/29/2022,SLN,KS,ACE,CE,Federal Contract Tower,3,0,12,0,15,4,23,8,8,43,7,23,20,8,58,36,0,36,94
07/30/2022,SLN,KS,ACE,CE,Federal Contract Tower,4,6,13,0,23,0,19,10,0,29,4,25,23,0,52,14,0,14,66
07/31/2022,SLN,KS,ACE,CE,Federal Contract Tower,4,4,8,0,16,0,1,13,0,14,4,5,21,0,30,2,0,2,32
08/01/2022,SLN,KS,ACE,CE,Federal Contract Tower,4,3,18,4,29,0,60,8,5,73,4,63,26,9,102,52,0,52,154
08/02/2022,SLN,KS,ACE,CE,Federal Contract Tower,4,5,2,2,13,0,50,22,3,75,4,55,24,5,88,50,0,50,138
08/03/2022,SLN,KS,ACE,CE,Federal Contract Tower,4,0,7,0,11,0,35,5,2,42,4,35,12,2,53,40,0,40,93
08/04/2022,SLN,KS,ACE,CE,Federal Contract Tower,4,4,10,0,18,0,60,15,8,83,4,64,25,8,101,80,10,90,191
08/05/2022,SLN,KS,ACE,CE,Federal Contract Tower,4,2,11,0,17,0,35,10,7,52,4,37,21,7,69,70,0,70,139
08/06/2022,SLN,KS,ACE,CE,Federal Contract Tower,4,4,4,2,14,0,7,12,1,20,4,11,16,3,34,8,0,8,42
08/07/2022,SLN,KS,ACE,CE,Federal Contract Tower,4,6,11,0,21,0,0,4,0,4,4,6,15,0,25,0,0,0,25
08/08/2022,SLN,KS,ACE,CE,Federal Contract Tower,2,4,9,0,15,0,33,6,8,47,2,37,15,8,62,80,2,82,144
08/09/2022,SLN,KS,ACE,CE,Federal Contract Tower,4,6,10,0,20,0,72,14,6,92,4,78,24,6,112,84,0,84,196
08/10/2022,SLN,KS,ACE,CE,Federal Contract Tower,4,2,7,1,14,0,60,16,9,85,4,62,23,10,99,92,0,92,191
08/11/2022,SLN,KS,ACE,CE,Federal Contract Tower,4,4,14,0,22,0,71,14,21,106,4,75,28,21,128,84,0,84,212
08/12/2022,SLN,KS,ACE,CE,Federal Contract Tower,4,0,7,0,11,0,47,20,4,71,4,47,27,4,82,42,0,42,124
08/13/2022,SLN,KS,ACE,CE,Federal Contract Tower,4,0,2,0,6,0,11,11,2,24,4,11,13,2,30,28,0,28,58
08/14/2022,SLN,KS,ACE,CE,Federal Contract Tower,4,6,12,6,28,0,0,10,0,10,4,6,22,6,38,0,0,0,38
08/15/2022,SLN,KS,ACE,CE,Federal Contract Tower,4,6,10,0,20,0,0,3,2,5,4,6,13,2,25,0,0,0,25
08/16/2022,SLN,KS,ACE,CE,Federal Contract Tower,4,2,4,0,10,0,10,0,0,10,4,12,4,0,20,16,0,16,36
08/17/2022,SLN,KS,ACE,CE,Federal Contract Tower,4,11,6,2,23,0,56,12,3,71,4,67,18,5,94,120,0,120,214
08/18/2022,SLN,KS,ACE,CE,Federal Contract Tower,4,5,5,0,14,0,32,19,13,64,4,37,24,13,78,52,0,52,130
08/19/2022,SLN,KS,ACE,CE,Federal Contract Tower,4,3,11,0,18,0,16,9,0,25,4,19,20,0,43,36,0,36,79
08/20/2022,SLN,KS,ACE,CE,Federal Contract Tower,4,0,2,0,6,0,30,15,0,45,4,30,17,0,51,34,0,34,85
08/21/2022,SLN,KS,ACE,CE,Federal Contract Tower,4,4,7,2,17,0,0,28,4,32,4,4,35,6,49,28,0,28,77
08/22/2022,SLN,KS,ACE,CE,Federal Contract Tower,4,2,6,0,12,0,30,12,0,42,4,32,18,0,54,36,0,36,90
08/23/2022,SLN,KS,ACE,CE,Federal Contract Tower,4,2,14,0,20,0,54,16,4,74,4,56,30,4,94,42,10,52,146
08/24/2022,SLN,KS,ACE,CE,Federal Contract Tower,4,4,15,0,23,0,53,14,4,71,4,57,29,4,94,44,0,44,138
08/25/2022,SLN,KS,ACE,CE,Federal Contract Tower,4,0,14,0,18,0,82,7,8,97,4,82,21,8,115,116,8,124,239
08/26/2022,SLN,KS,ACE,CE,Federal Contract Tower,4,2,10,0,16,0,69,26,7,102,4,71,36,7,118,76,12,88,206
08/27/2022,SLN,KS,ACE,CE,Federal Contract Tower,4,0,3,0,7,0,21,9,0,30,4,21,12,0,37,20,0,20,57
08/28/2022,SLN,KS,ACE,CE,Federal Contract Tower,4,2,2,0,8,0,2,6,0,8,4,4,8,0,16,0,0,0,16
08/29/2022,SLN,KS,ACE,CE,Federal Contract Tower,4,3,18,10,35,0,74,4,2,80,4,77,22,12,115,80,0,80,195
08/30/2022,SLN,KS,ACE,CE,Federal Contract Tower,4,3,5,1,13,0,120,14,1,135,4,123,19,2,148,134,0,134,282
08/31/2022,SLN,KS,ACE,CE,Federal Contract Tower,4,1,16,6,27,0,106,11,8,125,4,107,27,14,152,86,42,128,280
09/01/2022,SLN,KS,ACE,CE,Federal Contract Tower,4,6,12,3,25,0,101,13,3,117,4,107,25,6,142,98,32,130,272
09/02/2022,SLN,KS,ACE,CE,Federal Contract Tower,4,1,21,0,26,0,64,16,0,80,4,65,37,0,106,108,0,108,214
09/03/2022,SLN,KS,ACE,CE,Federal Contract Tower,4,0,4,4,12,0,51,15,0,66,4,51,19,4,78,92,0,92,170
09/04/2022,SLN,KS,ACE,CE,Federal Contract Tower,4,0,13,0,17,0,1,18,0,19,4,1,31,0,36,4,0,4,40
09/05/2022,SLN,KS,ACE,CE,Federal Contract Tower,4,2,15,0,21,0,4,22,0,26,4,6,37,0,47,38,0,38,85
09/06/2022,SLN,KS,ACE,CE,Federal Contract Tower,4,0,21,9,34,0,110,22,1,133,4,110,43,10,167,174,16,190,357
09/07/2022,SLN,KS,ACE,CE,Federal Contract Tower,4,4,11,5,24,0,103,6,7,116,4,107,17,12,140,174,0,174,314
09/08/2022,SLN,KS,ACE,CE,Federal Contract Tower,4,0,9,10,23,0,106,13,11,130,4,106,22,21,153,118,54,172,325
09/09/2022,SLN,KS,ACE,CE,Federal Contract Tower,4,4,10,7,25,0,92,37,11,140,4,96,47,18,165,164,56,220,385
09/10/2022,SLN,KS,ACE,CE,Federal Contract Tower,4,12,5,0,21,0,2,1,0,3,4,14,6,0,24,4,0,4,28
09/11/2022,SLN,KS,ACE,CE,Federal Contract Tower,6,0,14,2,22,0,10,25,9,44,6,10,39,11,66,38,0,38,104
09/12/2022,SLN,KS,ACE,CE,Federal Contract Tower,8,0,17,18,43,0,104,24,12,140,8,104,41,30,183,68,20,88,271
09/13/2022,SLN,KS,ACE,CE,Federal Contract Tower,7,4,8,1,20,0,98,27,8,133,7,102,35,9,153,104,14,118,271
09/14/2022,SLN,KS,ACE,CE,Federal Contract Tower,4,6,9,1,20,0,73,11,40,124,4,79,20,41,144,76,8,84,228
09/15/2022,SLN,KS,ACE,CE,Federal Contract Tower,7,12,14,6,39,0,70,13,90,173,7,82,27,96,212,126,18,144,356
09/16/2022,SLN,KS,ACE,CE,Federal Contract Tower,4,4,24,0,32,0,99,13,88,200,4,103,37,88,232,76,10,86,318
09/17/2022,SLN,KS,ACE,CE,Federal Contract Tower,4,7,6,0,17,0,24,6,49,79,4,31,12,49,96,16,2,18,114
09/18/2022,SLN,KS,ACE,CE,Federal Contract Tower,4,3,9,0,16,0,28,26,0,54,4,31,35,0,70,18,0,18,88
09/19/2022,SLN,KS,ACE,CE,Federal Contract Tower,5,3,16,5,29,0,107,17,74,198,5,110,33,79,227,114,0,114,341
09/20/2022,SLN,KS,ACE,CE,Federal Contract Tower,5,3,10,6,24,0,105,9,70,184,5,108,19,76,208,156,8,164,372
09/21/2022,SLN,KS,ACE,CE,Federal Contract Tower,4,0,12,2,18,0,47,13,55,115,4,47,25,57,133,64,4,68,201
09/22/2022,SLN,KS,ACE,CE,Federal Contract Tower,6,9,9,10,34,0,83,28,5,116,6,92,37,15,150,140,0,140,290
09/23/2022,SLN,KS,ACE,CE,Federal Contract Tower,8,13,24,12,57,0,64,7,1,72,8,77,31,13,129,148,0,148,277
09/24/2022,SLN,KS,ACE,CE,Federal Contract Tower,4,4,8,0,16,0,81,13,0,94,4,85,21,0,110,130,0,130,240
09/25/2022,SLN,KS,ACE,CE,Federal Contract Tower,4,6,11,0,21,0,13,24,0,37,4,19,35,0,58,14,0,14,72
09/26/2022,SLN,KS,ACE,CE,Federal Contract Tower,4,8,8,1,21,0,121,26,4,151,4,129,34,5,172,190,6,196,368
09/27/2022,SLN,KS,ACE,CE,Federal Contract Tower,4,8,9,3,24,0,102,27,2,131,4,110,36,5,155,180,8,188,343
09/28/2022,SLN,KS,ACE,CE,Federal Contract Tower,5,3,13,4,25,0,111,27,7,145,5,114,40,11,170,138,2,140,310
09/29/2022,SLN,KS,ACE,CE,Federal Contract Tower,4,2,14,5,25,0,101,64,6,171,4,103,78,11,196,80,6,86,282
09/30/2022,SLN,KS,ACE,CE,Federal Contract Tower,3,3,18,1,25,0,103,121,5,229,3,106,139,6,254,62,0,62,316
10/01/2022,SLN,KS,ACE,CE,Federal Contract Tower,5,3,3,0,11,0,45,144,0,189,5,48,147,0,200,84,0,84,284
10/02/2022,SLN,KS,ACE,CE,Federal Contract Tower,4,6,8,1,19,0,25,64,0,89,4,31,72,1,108,28,0,28,136
10/03/2022,SLN,KS,ACE,CE,Federal Contract Tower,4,6,7,4,21,0,0,0,0,0,4,6,7,4,21,44,2,46,67
10/04/2022,SLN,KS,ACE,CE,Federal Contract Tower,6,6,12,8,32,0,91,102,4,197,6,97,114,12,229,58,0,58,287
10/05/2022,SLN,KS,ACE,CE,Federal Contract Tower,4,6,13,3,26,0,115,108,10,233,4,121,121,13,259,68,0,68,327
10/06/2022,SLN,KS,ACE,CE,Federal Contract Tower,4,8,15,1,28,0,126,96,3,225,4,134,111,4,253,88,0,88,341
10/07/2022,SLN,KS,ACE,CE,Federal Contract Tower,4,10,12,2,28,0,51,73,0,124,4,61,85,2,152,70,0,70,222
10/08/2022,SLN,KS,ACE,CE,Federal Contract Tower,7,0,22,0,29,0,68,65,0,133,7,68,87,0,162,192,0,192,354
10/09/2022,SLN,KS,ACE,CE,Federal Contract Tower,4,4,10,0,18,0,32,37,0,69,4,36,47,0,87,26,0,26,113
10/10/2022,SLN,KS,ACE,CE,Federal Contract Tower,4,0,18,0,22,0,109,15,0,124,4,109,33,0,146,246,0,246,392
10/11/2022,SLN,KS,ACE,CE,Federal Contract Tower,4,3,16,6,29,0,37,9,2,48,4,40,25,8,77,102,8,110,187
10/12/2022,SLN,KS,ACE,CE,Federal Contract Tower,5,12,11,3,31,0,118,12,2,132,5,130,23,5,163,178,0,178,341
10/13/2022,SLN,KS,ACE,CE,Federal Contract Tower,7,2,11,3,23,0,74,16,13,103,7,76,27,16,126,200,18,218,344
10/14/2022,SLN,KS,ACE,CE,Federal Contract Tower,5,1,23,5,34,0,57,16,9,82,5,58,39,14,116,174,14,188,304
10/15/2022,SLN,KS,ACE,CE,Federal Contract Tower,4,0,7,2,13,0,104,35,4,143,4,104,42,6,156,308,14,322,478
10/16/2022,SLN,KS,ACE,CE,Federal Contract Tower,4,0,10,8,22,0,43,33,0,76,4,43,43,8,98,308,0,308,406
10/17/2022,SLN,KS,ACE,CE,Federal Contract Tower,4,2,8,5,19,0,135,13,3,151,4,137,21,8,170,64,0,64,234
10/18/2022,SLN,KS,ACE,CE,Federal Contract Tower,4,6,11,0,21,0,133,19,6,158,4,139,30,6,179,54,0,54,233
10/19/2022,SLN,KS,ACE,CE,Federal Contract Tower,4,6,9,5,24,0,106,17,14,137,4,112,26,19,161,72,12,84,245
10/20/2022,SLN,KS,ACE,CE,Federal Contract Tower,4,2,14,3,23,0,111,12,2,125,4,113,26,5,148,38,8,46,194
10/21/2022,SLN,KS,ACE,CE,Federal Contract Tower,4,6,7,5,22,0,124,34,5,163,4,130,41,10,185,62,2,64,249
10/22/2022,SLN,KS,ACE,CE,Federal Contract Tower,4,0,6,1,11,0,42,18,0,60,4,42,24,1,71,150,0,150,221
10/23/2022,SLN,KS,ACE,CE,Federal Contract Tower,4,8,5,1,18,0,1,2,0,3,4,9,7,1,21,0,0,0,21
10/24/2022,SLN,KS,ACE,CE,Federal Contract Tower,4,1,6,0,11,0,76,0,4,80,4,77,6,4,91,84,0,84,175
10/25/2022,SLN,KS,ACE,CE,Federal Contract Tower,4,7,4,0,15,0,111,9,2,122,4,118,13,2,137,130,0,130,267
10/26/2022,SLN,KS,ACE,CE,Federal Contract Tower,6,7,9,0,22,0,125,26,3,154,6,132,35,3,176,144,0,144,320
10/27/2022,SLN,KS,ACE,CE,Federal Contract Tower,5,7,7,2,21,0,37,11,16,64,5,44,18,18,85,98,14,112,197
10/28/2022,SLN,KS,ACE,CE,Federal Contract Tower,4,4,11,2,21,0,103,1,3,107,4,107,12,5,128,216,0,216,344
10/29/2022,SLN,KS,ACE,CE,Federal Contract Tower,4,9,6,0,19,0,53,17,2,72,4,62,23,2,91,168,0,168,259
10/30/2022,SLN,KS,ACE,CE,Federal Contract Tower,4,1,8,2,15,0,16,18,0,34,4,17,26,2,49,96,0,96,145
10/31/2022,SLN,KS,ACE,CE,Federal Contract Tower,5,0,11,0,16,1,105,9,0,115,6,105,20,0,131,252,0,252,383
11/01/2022,SLN,KS,ACE,CE,Federal Contract Tower,5,0,11,1,17,0,108,18,3,129,5,108,29,4,146,170,0,170,316
11/02/2022,SLN,KS,ACE,CE,Federal Contract Tower,4,5,10,26,45,0,10,6,7,23,4,15,16,33,68,6,2,8,76
11/03/2022,SLN,KS,ACE,CE,Federal Contract Tower,4,4,21,0,29,0,2,2,2,6,4,6,23,2,35,6,0,6,41
11/04/2022,SLN,KS,ACE,CE,Federal Contract Tower,4,3,8,0,15,0,0,0,0,0,4,3,8,0,15,0,0,0,15
11/05/2022,SLN,KS,ACE,CE,Federal Contract Tower,2,11,3,0,16,0,46,22,5,73,2,57,25,5,89,218,0,218,307
11/06/2022,SLN,KS,ACE,CE,Federal Contract Tower,4,2,17,0,23,0,32,18,0,50,4,34,35,0,73,120,0,120,193
11/07/2022,SLN,KS,ACE,CE,Federal Contract Tower,4,13,8,3,28,0,102,5,0,107,4,115,13,3,135,214,0,214,349
11/08/2022,SLN,KS,ACE,CE,Federal Contract Tower,4,43,10,3,60,0,0,0,0,0,4,43,10,3,60,0,0,0,60
11/09/2022,SLN,KS,ACE,CE,Federal Contract Tower,4,28,13,8,53,0,3,3,22,28,4,31,16,30,81,14,10,24,105
11/10/2022,SLN,KS,ACE,CE,Federal Contract Tower,4,10,7,0,21,0,97,13,13,123,4,107,20,13,144,266,8,274,418
11/11/2022,SLN,KS,ACE,CE,Federal Contract Tower,4,5,18,1,28,0,108,9,4,121,4,113,27,5,149,256,0,256,405
11/12/2022,SLN,KS,ACE,CE,Federal Contract Tower,4,5,6,0,15,0,82,24,0,106,4,87,30,0,121,258,0,258,379
11/13/2022,SLN,KS,ACE,CE,Federal Contract Tower,4,11,16,3,34,0,20,2,4,26,4,31,18,7,60,52,0,52,112
11/14/2022,SLN,KS,ACE,CE,Federal Contract Tower,4,4,5,0,13,0,32,0,3,35,4,36,5,3,48,94,0,94,142
11/15/2022,SLN,KS,ACE,CE,Federal Contract Tower,4,12,8,7,31,0,100,23,7,130,4,112,31,14,161,172,0,172,333
11/16/2022,SLN,KS,ACE,CE,Federal Contract Tower,6,5,12,4,27,0,125,20,19,164,6,130,32,23,191,230,6,236,427
11/17/2022,SLN,KS,ACE,CE,Federal Contract Tower,4,6,14,4,28,0,50,36,18,104,4,56,50,22,132,250,20,270,402
11/18/2022,SLN,KS,ACE,CE,Federal Contract Tower,5,11,5,3,24,0,82,17,19,118,5,93,22,22,142,192,4,196,338
11/19/2022,SLN,KS,ACE,CE,Federal Contract Tower,4,6,5,4,19,0,32,18,2,52,4,38,23,6,71,90,0,90,161
11/20/2022,SLN,KS,ACE,CE,Federal Contract Tower,4,4,6,2,16,0,3,16,6,25,4,7,22,8,41,24,0,24,65
11/21/2022,SLN,KS,ACE,CE,Federal Contract Tower,4,11,10,3,28,0,32,24,0,56,4,43,34,3,84,158,0,158,242
11/22/2022,SLN,KS,ACE,CE,Federal Contract Tower,4,4,17,2,27,0,33,38,4,75,4,37,55,6,102,92,8,100,202
11/23/2022,SLN,KS,ACE,CE,Federal Contract Tower,4,4,9,0,17,0,11,12,2,25,4,15,21,2,42,24,0,24,66
11/24/2022,SLN,KS,ACE,CE,Federal Contract Tower,4,0,4,0,8,0,0,2,0,2,4,0,6,0,10,4,0,4,14
11/25/2022,SLN,KS,ACE,CE,Federal Contract Tower,4,10,0,0,14,0,1,23,0,24,4,11,23,0,38,8,0,8,46
11/26/2022,SLN,KS,ACE,CE,Federal Contract Tower,6,8,14,0,28,0,0,3,0,3,6,8,17,0,31,0,0,0,31
11/27/2022,SLN,KS,ACE,CE,Federal Contract Tower,4,2,3,0,9,0,0,8,0,8,4,2,11,0,17,0,0,0,17
11/28/2022,SLN,KS,ACE,CE,Federal Contract Tower,4,13,8,13,38,0,70,6,23,99,4,83,14,36,137,110,20,130,267
11/29/2022,SLN,KS,ACE,CE,Federal Contract Tower,4,6,12,0,22,0,6,0,5,11,4,12,12,5,33,14,0,14,47
11/30/2022,SLN,KS,ACE,CE,Federal Contract Tower,4,20,10,3,37,0,107,41,11,159,4,127,51,14,196,168,0,168,364
12/01/2022,SLN,KS,ACE,CE,Federal Contract Tower,4,6,10,7,27,0,20,4,16,40,4,26,14,23,67,20,43,63,130
12/02/2022,SLN,KS,ACE,CE,Federal Contract Tower,5,5,10,24,44,0,1,1,14,16,5,6,11,38,60,0,16,16,76
12/03/2022,SLN,KS,ACE,CE,Federal Contract Tower,5,12,11,2,30,0,71,36,2,109,5,83,47,4,139,164,0,164,303
12/04/2022,SLN,KS,ACE,CE,Federal Contract Tower,4,6,6,0,16,0,19,13,4,36,4,25,19,4,52,50,4,54,106
12/05/2022,SLN,KS,ACE,CE,Federal Contract Tower,4,12,6,10,32,0,98,23,8,129,4,110,29,18,161,170,6,176,337
12/06/2022,SLN,KS,ACE,CE,Federal Contract Tower,4,5,11,28,48,0,63,15,4,82,4,68,26,32,130,176,64,240,370
12/07/2022,SLN,KS,ACE,CE,Federal Contract Tower,4,3,20,14,41,0,67,19,11,97,4,70,39,25,138,126,14,140,278
12/08/2022,SLN,KS,ACE,CE,Federal Contract Tower,6,4,7,2,19,0,0,0,0,0,6,4,7,2,19,0,0,0,19
12/09/2022,SLN,KS,ACE,CE,Federal Contract Tower,4,12,10,7,33,0,41,11,2,54,4,53,21,9,87,102,4,106,193
12/10/2022,SLN,KS,ACE,CE,Federal Contract Tower,4,12,8,5,29,0,38,16,2,56,4,50,24,7,85,104,0,104,189
12/11/2022,SLN,KS,ACE,CE,Federal Contract Tower,4,6,17,2,29,0,15,7,0,22,4,21,24,2,51,30,8,38,89
12/12/2022,SLN,KS,ACE,CE,Federal Contract Tower,4,2,0,5,11,0,0,0,0,0,4,2,0,5,11,0,0,0,11
12/13/2022,SLN,KS,ACE,CE,Federal Contract Tower,4,7,8,10,29,0,8,8,1,17,4,15,16,11,46,12,10,22,68
12/14/2022,SLN,KS,ACE,CE,Federal Contract Tower,6,0,3,8,17,0,35,9,9,53,6,35,12,17,70,62,0,62,132
12/15/2022,SLN,KS,ACE,CE,Federal Contract Tower,4,9,6,0,19,0,20,11,16,47,4,29,17,16,66,54,12,66,132
12/16/2022,SLN,KS,ACE,CE,Federal Contract Tower,4,6,9,5,24,0,41,4,13,58,4,47,13,18,82,62,36,98,180
12/17/2022,SLN,KS,ACE,CE,Federal Contract Tower,7,3,8,0,18,0,67,16,4,87,7,70,24,4,105,176,10,186,291
12/18/2022,SLN,KS,ACE,CE,Federal Contract Tower,6,7,14,0,27,0,19,29,0,48,6,26,43,0,75,72,0,72,147
12/19/2022,SLN,KS,ACE,CE,Federal Contract Tower,3,2,2,6,13,0,16,14,4,34,3,18,16,10,47,48,0,48,95
12/20/2022,SLN,KS,ACE,CE,Federal Contract Tower,4,5,9,0,18,0,0,11,0,11,4,5,20,0,29,0,0,0,29
12/21/2022,SLN,KS,ACE,CE,Federal Contract Tower,4,2,8,0,14,0,0,0,0,0,4,2,8,0,14,0,0,0,14
12/22/2022,SLN,KS,ACE,CE,Federal Contract Tower,0,2,5,0,7,0,0,0,0,0,0,2,5,0,7,0,0,0,7
12/23/2022,SLN,KS,ACE,CE,Federal Contract Tower,2,0,12,0,14,0,0,14,0,14,2,0,26,0,28,0,0,0,28
12/24/2022,SLN,KS,ACE,CE,Federal Contract Tower,4,7,3,0,14,0,1,18,0,19,4,8,21,0,33,0,0,0,33
12/25/2022,SLN,KS,ACE,CE,Federal Contract Tower,4,4,2,0,10,0,0,6,0,6,4,4,8,0,16,0,0,0,16
12/26/2022,SLN,KS,ACE,CE,Federal Contract Tower,6,2,6,0,14,0,0,3,0,3,6,2,9,0,17,0,0,0,17
12/27/2022,SLN,KS,ACE,CE,Federal Contract Tower,6,8,19,4,37,0,2,9,4,15,6,10,28,8,52,6,0,6,58
12/28/2022,SLN,KS,ACE,CE,Federal Contract Tower,4,6,11,12,33,0,0,7,7,14,4,6,18,19,47,0,36,36,83
12/29/2022,SLN,KS,ACE,CE,Federal Contract Tower,4,12,6,0,22,0,0,10,16,26,4,12,16,16,48,6,0,6,54
12/30/2022,SLN,KS,ACE,CE,Federal Contract Tower,4,5,6,0,15,0,2,28,0,30,4,7,34,0,45,4,0,4,49
12/31/2022,SLN,KS,ACE,CE,Federal Contract Tower,6,0,7,0,13,0,0,16,0,16,6,0,23,0,29,0,0,0,29
01/01/2023,SLN,KS,ACE,CE,Federal Contract Tower,4,0,7,0,11,0,1,6,0,7,4,1,13,0,18,0,0,0,18
01/02/2023,SLN,KS,ACE,CE,Federal Contract Tower,2,2,4,0,8,0,0,0,0,0,2,2,4,0,8,0,0,0,8
01/03/2023,SLN,KS,ACE,CE,Federal Contract Tower,6,2,17,0,25,0,5,6,0,11,6,7,23,0,36,22,0,22,58
01/04/2023,SLN,KS,ACE,CE,Federal Contract Tower,4,15,8,8,35,0,78,19,19,116,4,93,27,27,151,186,30,216,367
01/05/2023,SLN,KS,ACE,CE,Federal Contract Tower,4,3,5,1,13,0,67,17,20,104,4,70,22,21,117,134,72,206,323
01/06/2023,SLN,KS,ACE,CE,Federal Contract Tower,4,0,5,14,23,0,86,22,13,121,4,86,27,27,144,186,34,220,364
01/07/2023,SLN,KS,ACE,CE,Federal Contract Tower,4,2,4,2,12,0,5,16,10,31,4,7,20,12,43,58,2,60,103
01/08/2023,SLN,KS,ACE,CE,Federal Contract Tower,4,8,7,0,19,0,6,35,0,41,4,14,42,0,60,40,0,40,100
01/09/2023,SLN,KS,ACE,CE,Federal Contract Tower,4,4,12,2,22,0,58,20,1,79,4,62,32,3,101,116,24,140,241
01/10/2023,SLN,KS,ACE,CE,Federal Contract Tower,4,6,9,2,21,0,64,18,6,88,4,70,27,8,109,162,0,162,271
01/11/2023,SLN,KS,ACE,CE,Federal Contract Tower,2,7,2,2,13,0,90,28,12,130,2,97,30,14,143,204,0,204,347
01/12/2023,SLN,KS,ACE,CE,Federal Contract Tower,6,4,12,11,33,0,19,7,8,34,6,23,19,19,67,62,20,82,149
01/13/2023,SLN,KS,ACE,CE,Federal Contract Tower,4,2,15,0,21,0,4,9,0,13,4,6,24,0,34,4,0,4,38
01/14/2023,SLN,KS,ACE,CE,Federal Contract Tower,4,6,4,0,14,0,9,8,0,17,4,15,12,0,31,28,0,28,59
01/15/2023,SLN,KS,ACE,CE,Federal Contract Tower,4,0,9,0,13,0,3,8,0,11,4,3,17,0,24,14,0,14,38
01/16/2023,SLN,KS,ACE,CE,Federal Contract Tower,4,2,14,0,20,0,12,12,0,24,4,14,26,0,44,22,0,22,66
01/17/2023,SLN,KS,ACE,CE,Federal Contract Tower,6,1,10,0,17,0,6,4,0,10,6,7,14,0,27,14,0,14,41
01/18/2023,SLN,KS,ACE,CE,Federal Contract Tower,4,2,5,0,11,0,0,0,0,0,4,2,5,0,11,0,0,0,11
01/19/2023,SLN,KS,ACE,CE,Federal Contract Tower,4,8,16,2,30,0,62,3,15,80,4,70,19,17,110,178,2,180,290
01/20/2023,SLN,KS,ACE,CE,Federal Contract Tower,4,4,10,17,35,0,127,30,16,173,4,131,40,33,208,274,26,300,508
01/21/2023,SLN,KS,ACE,CE,Federal Contract Tower,2,3,0,0,5,0,0,0,0,0,2,3,0,0,5,0,0,0,5
01/22/2023,SLN,KS,ACE,CE,Federal Contract Tower,4,0,7,0,11,0,31,3,0,34,4,31,10,0,45,92,0,92,137
01/23/2023,SLN,KS,ACE,CE,Federal Contract Tower,4,2,20,6,32,0,123,26,5,154,4,125,46,11,186,180,0,180,366
01/24/2023,SLN,KS,ACE,CE,Federal Contract Tower,4,4,3,2,13,0,8,5,2,15,4,12,8,4,28,14,0,14,42
01/25/2023,SLN,KS,ACE,CE,Federal Contract Tower,4,3,13,2,22,0,86,6,6,98,4,89,19,8,120,162,6,168,288
01/26/2023,SLN,KS,ACE,CE,Federal Contract Tower,4,2,9,0,15,0,145,16,10,171,4,147,25,10,186,296,0,296,482
01/27/2023,SLN,KS,ACE,CE,Federal Contract Tower,5,1,11,2,19,0,150,22,26,198,5,151,33,28,217,198,18,216,433
01/28/2023,SLN,KS,ACE,CE,Federal Contract Tower,2,4,7,0,13,0,62,16,2,80,2,66,23,2,93,118,0,118,211
01/29/2023,SLN,KS,ACE,CE,Federal Contract Tower,6,4,16,0,26,0,15,0,0,15,6,19,16,0,41,4,0,4,45
01/30/2023,SLN,KS,ACE,CE,Federal Contract Tower,2,11,6,0,19,0,70,2,7,79,2,81,8,7,98,98,0,98,196
01/31/2023,SLN,KS,ACE,CE,Federal Contract Tower,6,2,8,6,22,0,144,16,10,170,6,146,24,16,192,152,44,196,388
02/01/2023,SLN,KS,ACE,CE,Federal Contract Tower,4,2,21,5,32,0,118,16,9,143,4,120,37,14,175,92,30,122,297
02/02/2023,SLN,KS,ACE,CE,Federal Contract Tower,4,4,6,12,26,0,128,20,23,171,4,132,26,35,197,118,10,128,325
02/03/2023,SLN,KS,ACE,CE,Federal Contract Tower,10,4,10,1,25,0,139,22,14,175,10,143,32,15,200,204,20,224,424
02/04/2023,SLN,KS,ACE,CE,Federal Contract Tower,4,0,10,4,18,0,82,13,7,102,4,82,23,11,120,128,12,140,260
02/05/2023,SLN,KS,ACE,CE,Federal Contract Tower,4,2,10,0,16,0,33,31,0,64,4,35,41,0,80,100,0,100,180
02/06/2023,SLN,KS,ACE,CE,Federal Contract Tower,4,4,9,7,24,0,55,12,1,68,4,59,21,8,92,52,0,52,144
02/08/2023,SLN,KS,ACE,CE,Federal Contract Tower,8,2,8,6,24,0,126,23,12,161,8,128,31,18,185,258,30,288,473
02/09/2023,SLN,KS,ACE,CE,Federal Contract Tower,4,6,12,0,22,0,48,11,10,69,4,54,23,10,91,70,0,70,161
02/10/2023,SLN,KS,ACE,CE,Federal Contract Tower,4,7,6,11,28,0,139,29,7,175,4,146,35,18,203,242,16,258,461
02/11/2023,SLN,KS,ACE,CE,Federal Contract Tower,4,6,4,0,14,0,94,19,1,114,4,100,23,1,128,210,0,210,338
02/12/2023,SLN,KS,ACE,CE,Federal Contract Tower,4,0,5,0,9,0,37,10,0,47,4,37,15,0,56,66,0,66,122
02/13/2023,SLN,KS,ACE,CE,Federal Contract Tower,5,4,14,11,34,0,116,28,11,155,5,120,42,22,189,198,0,198,387
02/14/2023,SLN,KS,ACE,CE,Federal Contract Tower,4,3,9,0,16,0,7,0,5,12,4,10,9,5,28,8,8,16,44
02/15/2023,SLN,KS,ACE,CE,Federal Contract Tower,4,8,5,3,20,0,10,4,6,20,4,18,9,9,40,62,2,64,104
02/16/2023,SLN,KS,ACE,CE,Federal Contract Tower,4,2,16,0,22,0,0,3,7,10,4,2,19,7,32,0,8,8,40
02/17/2023,SLN,KS,ACE,CE,Federal Contract Tower,5,8,10,1,24,0,137,20,26,183,5,145,30,27,207,190,40,230,437
02/18/2023,SLN,KS,ACE,CE,Federal Contract Tower,4,4,8,0,16,0,19,8,2,29,4,23,16,2,45,54,0,54,99
02/19/2023,SLN,KS,ACE,CE,Federal Contract Tower,4,2,6,0,12,0,62,25,0,87,4,64,31,0,99,130,0,130,229
02/20/2023,SLN,KS,ACE,CE,Federal Contract Tower,4,8,9,0,21,0,121,24,0,145,4,129,33,0,166,38,0,38,204
02/21/2023,SLN,KS,ACE,CE,Federal Contract Tower,4,0,16,1,21,0,127,9,4,140,4,127,25,5,161,158,4,162,323
02/22/2023,SLN,KS,ACE,CE,Federal Contract Tower,5,8,8,12,33,0,7,0,2,9,5,15,8,14,42,26,10,36,78
02/23/2023,SLN,KS,ACE,CE,Federal Contract Tower,6,5,7,29,47,0,118,13,16,147,6,123,20,45,194,167,2,169,363
02/24/2023,SLN,KS,ACE,CE,Federal Contract Tower,5,5,26,2,38,0,121,14,0,135,5,126,40,2,173,184,0,184,357
02/25/2023,SLN,KS,ACE,CE,Federal Contract Tower,4,0,6,0,10,0,52,29,5,86,4,52,35,5,96,122,0,122,218
02/26/2023,SLN,KS,ACE,CE,Federal Contract Tower,6,4,6,0,16,0,16,5,0,21,6,20,11,0,37,62,0,62,99
02/27/2023,SLN,KS,ACE,CE,Federal Contract Tower,4,4,7,4,19,0,70,7,6,83,4,74,14,10,102,150,2,152,254
02/28/2023,SLN,KS,ACE,CE,Federal Contract Tower,4,7,5,1,17,0,147,15,2,164,4,154,20,3,181,300,2,302,483
03/01/2023,SLN,KS,ACE,CE,Federal Contract Tower,3,6,11,3,23,0,113,14,16,143,3,119,25,19,166,218,8,226,392
03/02/2023,SLN,KS,ACE,CE,Federal Contract Tower,4,5,10,3,22,0,95,9,18,122,4,100,19,21,144,216,42,258,402
03/03/2023,SLN,KS,ACE,CE,Federal Contract Tower,4,4,9,3,20,0,122,18,2,142,4,126,27,5,162,212,30,242,404
03/04/2023,SLN,KS,ACE,CE,Federal Contract Tower,4,7,10,0,21,0,98,22,12,132,4,105,32,12,153,304,0,304,457
03/05/2023,SLN,KS,ACE,CE,Federal Contract Tower,4,8,4,1,17,0,28,6,3,37,4,36,10,4,54,38,0,38,92
03/06/2023,SLN,KS,ACE,CE,Federal Contract Tower,4,1,7,14,26,0,92,12,6,110,4,93,19,20,136,182,14,196,332
03/07/2023,SLN,KS,ACE,CE,Federal Contract Tower,4,2,4,1,11,0,41,3,5,49,4,43,7,6,60,148,0,148,208
03/08/2023,SLN,KS,ACE,CE,Federal Contract Tower,4,5,0,2,11,0,0,0,4,4,4,5,0,6,15,0,0,0,15
03/09/2023,SLN,KS,ACE,CE,Federal Contract Tower,4,5,5,2,16,0,25,0,0,25,4,30,5,2,41,46,0,46,87
03/10/2023,SLN,KS,ACE,CE,Federal Contract Tower,5,6,8,4,23,0,71,15,4,90,5,77,23,8,113,208,6,214,327
03/11/2023,SLN,KS,ACE,CE,Federal Contract Tower,4,0,2,0,6,0,0,0,0,0,4,0,2,0,6,0,0,0,6
03/12/2023,SLN,KS,ACE,CE,Federal Contract Tower,8,8,12,0,28,0,11,20,0,31,8,19,32,0,59,32,0,32,91
03/13/2023,SLN,KS,ACE,CE,Federal Contract Tower,5,9,10,7,31,0,65,16,4,85,5,74,26,11,116,154,28,182,298
03/14/2023,SLN,KS,ACE,CE,Federal Contract Tower,4,4,8,6,22,0,52,18,6,76,4,56,26,12,98,66,0,66,164
03/15/2023,SLN,KS,ACE,CE,Federal Contract Tower,5,0,14,6,25,0,0,3,15,18,5,0,17,21,43,0,4,4,47
03/16/2023,SLN,KS,ACE,CE,Federal Contract Tower,6,2,21,4,33,0,0,0,7,7,6,2,21,11,40,0,22,22,62
03/17/2023,SLN,KS,ACE,CE,Federal Contract Tower,4,2,8,1,15,0,43,9,5,57,4,45,17,6,72,110,20,130,202
03/18/2023,SLN,KS,ACE,CE,Federal Contract Tower,4,2,16,7,29,0,3,14,4,21,4,5,30,11,50,6,12,18,68
03/19/2023,SLN,KS,ACE,CE,Federal Contract Tower,4,2,6,0,12,0,2,15,0,17,4,4,21,0,29,18,0,18,47
03/20/2023,SLN,KS,ACE,CE,Federal Contract Tower,4,0,6,2,12,0,13,6,4,23,4,13,12,6,35,18,0,18,53
03/21/2023,SLN,KS,ACE,CE,Federal Contract Tower,5,2,22,17,46,0,80,7,5,92,5,82,29,22,138,200,0,200,338
03/22/2023,SLN,KS,ACE,CE,Federal Contract Tower,5,3,17,9,34,0,1,2,1,4,5,4,19,10,38,0,0,0,38
03/23/2023,SLN,KS,ACE,CE,Federal Contract Tower,4,6,8,14,32,0,88,12,3,103,4,94,20,17,135,140,16,156,291
03/24/2023,SLN,KS,ACE,CE,Federal Contract Tower,3,7,9,6,25,0,85,7,7,99,3,92,16,13,124,200,0,200,324
03/25/2023,SLN,KS,ACE,CE,Federal Contract Tower,5,1,10,2,18,0,95,10,4,109,5,96,20,6,127,266,0,266,393
03/26/2023,SLN,KS,ACE,CE,Federal Contract Tower,6,6,4,3,19,0,10,0,0,10,6,16,4,3,29,42,0,42,71
03/27/2023,SLN,KS,ACE,CE,Federal Contract Tower,4,2,10,11,27,0,119,37,11,167,4,121,47,22,194,270,4,274,468
03/28/2023,SLN,KS,ACE,CE,Federal Contract Tower,6,8,17,3,34,0,149,28,17,194,6,157,45,20,228,398,2,400,628
03/29/2023,SLN,KS,ACE,CE,Federal Contract Tower,4,3,14,0,21,0,111,29,18,158,4,114,43,18,179,228,0,228,407
03/30/2023,SLN,KS,ACE,CE,Federal Contract Tower,6,6,7,12,31,0,6,6,17,29,6,12,13,29,60,18,20,38,98
03/31/2023,SLN,KS,ACE,CE,Federal Contract Tower,2,3,17,1,23,0,14,8,7,29,2,17,25,8,52,28,0,28,80
04/01/2023,SLN,KS,ACE,CE,Federal Contract Tower,5,2,7,5,19,0,114,27,11,152,5,116,34,16,171,236,6,242,413
04/02/2023,SLN,KS,ACE,CE,Federal Contract Tower,4,2,4,2,12,0,36,18,5,59,4,38,22,7,71,102,0,102,173
04/03/2023,SLN,KS,ACE,CE,Federal Contract Tower,4,4,7,4,19,0,89,21,13,123,4,93,28,17,142,274,8,282,424
04/04/2023,SLN,KS,ACE,CE,Federal Contract Tower,4,4,6,4,18,0,17,5,13,35,4,21,11,17,53,76,0,76,129
04/05/2023,SLN,KS,ACE,CE,Federal Contract Tower,4,7,8,8,27,0,71,23,10,104,4,78,31,18,131,102,0,102,233
04/06/2023,SLN,KS,ACE,CE,Federal Contract Tower,4,5,7,3,19,0,143,19,10,172,4,148,26,13,191,264,8,272,463
04/07/2023,SLN,KS,ACE,CE,Federal Contract Tower,4,4,1,4,13,0,88,21,17,126,4,92,22,21,139,102,6,108,247
04/09/2023,SLN,KS,ACE,CE,Federal Contract Tower,4,6,7,0,17,0,0,12,0,12,4,6,19,0,29,10,0,10,39
04/10/2023,SLN,KS,ACE,CE,Federal Contract Tower,4,5,11,7,27,0,127,24,13,164,4,132,35,20,191,234,18,252,443
04/11/2023,SLN,KS,ACE,CE,Federal Contract Tower,4,1,6,9,20,0,79,37,6,122,4,80,43,15,142,172,28,200,342
04/12/2023,SLN,KS,ACE,CE,Federal Contract Tower,4,5,14,6,29,0,41,11,11,63,4,46,25,17,92,70,24,94,186
04/13/2023,SLN,KS,ACE,CE,Federal Contract Tower,4,6,9,4,23,0,32,16,18,66,4,38,25,22,89,26,8,34,123
04/14/2023,SLN,KS,ACE,CE,Federal Contract Tower,4,4,5,1,14,0,25,7,14,46,4,29,12,15,60,14,0,14,74
04/16/2023,SLN,KS,ACE,CE,Federal Contract Tower,4,4,4,0,12,0,6,4,0,10,4,10,8,0,22,0,0,0,22
04/17/2023,SLN,KS,ACE,CE,Federal Contract Tower,4,1,8,17,30,0,158,32,5,195,4,159,40,22,225,344,0,344,569
04/18/2023,SLN,KS,ACE,CE,Federal Contract Tower,5,1,11,4,21,1,99,10,4,114,6,100,21,8,135,248,0,248,383
04/19/2023,SLN,KS,ACE,CE,Federal Contract Tower,4,7,10,5,26,0,39,8,2,49,4,46,18,7,75,190,0,190,265
04/20/2023,SLN,KS,ACE,CE,Federal Contract Tower,6,2,9,3,20,0,77,13,4,94,6,79,22,7,114,144,26,170,284
04/21/2023,SLN,KS,ACE,CE,Federal Contract Tower,4,4,6,9,23,0,62,23,10,95,4,66,29,19,118,114,4,118,236
04/22/2023,SLN,KS,ACE,CE,Federal Contract Tower,6,2,10,0,18,0,59,12,0,71,6,61,22,0,89,168,0,168,257
04/23/2023,SLN,KS,ACE,CE,Federal Contract Tower,4,5,3,0,12,0,49,61,0,110,4,54,64,0,122,148,0,148,270
04/24/2023,SLN,KS,ACE,CE,Federal Contract Tower,4,4,2,7,17,0,67,8,4,79,4,71,10,11,96,142,10,152,248
04/25/2023,SLN,KS,ACE,CE,Federal Contract Tower,4,7,19,4,34,0,89,9,8,106,4,96,28,12,140,270,0,270,410
04/26/2023,SLN,KS,ACE,CE,Federal Contract Tower,6,5,7,6,24,0,110,18,13,141,6,115,25,19,165,184,0,184,349
04/27/2023,SLN,KS,ACE,CE,Federal Contract Tower,5,3,17,11,36,0,122,19,21,162,5,125,36,32,198,234,30,264,462
04/28/2023,SLN,KS,ACE,CE,Federal Contract Tower,4,10,19,0,33,0,5,4,1,10,4,15,23,1,43,4,0,4,47
04/29/2023,SLN,KS,ACE,CE,Federal Contract Tower,4,5,5,2,16,0,80,20,0,100,4,85,25,2,116,198,0,198,314
04/30/2023,SLN,KS,ACE,CE,Federal Contract Tower,4,0,13,1,18,0,6,6,1,13,4,6,19,2,31,14,0,14,45
05/01/2023,SLN,KS,ACE,CE,Federal Contract Tower,4,4,4,2,14,0,111,18,7,136,4,115,22,9,150,190,12,202,352
05/02/2023,SLN,KS,ACE,CE,Federal Contract Tower,5,10,13,2,30,0,111,24,8,143,5,121,37,10,173,270,10,280,453
05/03/2023,SLN,KS,ACE,CE,Federal Contract Tower,4,8,8,4,24,0,121,34,7,162,4,129,42,11,186,246,8,254,440
05/04/2023,SLN,KS,ACE,CE,Federal Contract Tower,4,5,12,6,27,0,52,7,6,65,4,57,19,12,92,158,0,158,250
05/05/2023,SLN,KS,ACE,CE,Federal Contract Tower,2,3,13,7,25,0,23,9,0,32,2,26,22,7,57,80,0,80,137
05/06/2023,SLN,KS,ACE,CE,Federal Contract Tower,4,3,5,4,16,0,19,20,3,42,4,22,25,7,58,72,6,78,136
05/07/2023,SLN,KS,ACE,CE,Federal Contract Tower,4,6,13,0,23,0,6,13,0,19,4,12,26,0,42,0,0,0,42
05/08/2023,SLN,KS,ACE,CE,Federal Contract Tower,4,10,2,2,18,0,102,12,2,116,4,112,14,4,134,224,0,224,358
05/09/2023,SLN,KS,ACE,CE,Federal Contract Tower,4,2,5,0,11,0,23,9,2,34,4,25,14,2,45,78,0,78,123
05/10/2023,SLN,KS,ACE,CE,Federal Contract Tower,4,6,16,2,28,0,72,19,16,107,4,78,35,18,135,246,8,254,389
05/11/2023,SLN,KS,ACE,CE,Federal Contract Tower,4,8,10,0,22,0,15,8,3,26,4,23,18,3,48,96,0,96,144
05/12/2023,SLN,KS,ACE,CE,Federal Contract Tower,4,6,6,3,19,0,45,27,6,78,4,51,33,9,97,68,6,74,171
05/13/2023,SLN,KS,ACE,CE,Federal Contract Tower,4,8,7,9,28,0,35,23,7,65,4,43,30,16,93,90,0,90,183
05/14/2023,SLN,KS,ACE,CE,Federal Contract Tower,4,0,9,0,13,0,2,8,1,11,4,2,17,1,24,6,0,6,30
05/15/2023,SLN,KS,ACE,CE,Federal Contract Tower,4,8,15,0,27,0,0,1,2,3,4,8,16,2,30,0,0,0,30
05/16/2023,SLN,KS,ACE,CE,Federal Contract Tower,4,10,6,2,22,0,45,24,13,82,4,55,30,15,104,166,26,192,296
05/17/2023,SLN,KS,ACE,CE,Federal Contract Tower,5,7,5,5,22,0,138,43,22,203,5,145,48,27,225,220,28,248,473
05/18/2023,SLN,KS,ACE,CE,Federal Contract Tower,5,7,11,2,25,0,73,30,20,123,5,80,41,22,148,140,40,180,328
05/19/2023,SLN,KS,ACE,CE,Federal Contract Tower,4,8,18,35,65,0,25,20,18,63,4,33,38,53,128,76,56,132,260
05/20/2023,SLN,KS,ACE,CE,Federal Contract Tower,4,5,16,3,28,0,67,33,0,100,4,72,49,3,128,144,0,144,272
05/21/2023,SLN,KS,ACE,CE,Federal Contract Tower,4,6,7,0,17,0,32,12,1,45,4,38,19,1,62,122,0,122,184
05/22/2023,SLN,KS,ACE,CE,Federal Contract Tower,4,2,14,5,25,0,104,35,5,144,4,106,49,10,169,240,0,240,409
05/23/2023,SLN,KS,ACE,CE,Federal Contract Tower,4,13,9,13,39,0,103,37,14,154,4,116,46,27,193,270,8,278,471
05/24/2023,SLN,KS,ACE,CE,Federal Contract Tower,3,7,9,9,28,0,71,30,6,107,3,78,39,15,135,126,18,144,279
05/25/2023,SLN,KS,ACE,CE,Federal Contract Tower,6,3,6,1,16,0,43,16,7,66,6,46,22,8,82,150,0,150,232
05/26/2023,SLN,KS,ACE,CE,Federal Contract Tower,4,5,7,2,18,0,86,24,1,111,4,91,31,3,129,206,0,206,335
05/27/2023,SLN,KS,ACE,CE,Federal Contract Tower,4,10,10,0,24,0,29,14,4,47,4,39,24,4,71,88,0,88,159
05/28/2023,SLN,KS,ACE,CE,Federal Contract Tower,4,2,3,0,9,0,7,16,0,23,4,9,19,0,32,52,0,52,84
05/29/2023,SLN,KS,ACE,CE,Federal Contract Tower,4,0,8,0,12,0,0,15,0,15,4,0,23,0,27,22,0,22,49
05/30/2023,SLN,KS,ACE,CE,Federal Contract Tower,4,6,5,12,27,0,74,27,8,109,4,80,32,20,136,180,50,230,366
05/31/2023,SLN,KS,ACE,CE,Federal Contract Tower,6,4,0,3,13,0,77,18,19,114,6,81,18,22,127,158,14,172,299
06/01/2023,SLN,KS,ACE,CE,Federal Contract Tower,4,3,7,0,14,0,6,9,14,29,4,9,16,14,43,24,0,24,67
06/02/2023,SLN,KS,ACE,CE,Federal Contract Tower,2,0,10,2,14,0,2,14,12,28,2,2,24,14,42,14,4,18,60
06/03/2023,SLN,KS,ACE,CE,Federal Contract Tower,4,0,2,12,18,0,14,6,1,21,4,14,8,13,39,54,32,86,125
06/04/2023,SLN,KS,ACE,CE,Federal Contract Tower,4,3,9,0,16,0,25,25,8,58,4,28,34,8,74,40,16,56,130
06/05/2023,SLN,KS,ACE,CE,Federal Contract Tower,5,4,10,3,22,0,64,8,28,100,5,68,18,31,122,142,18,160,282
06/06/2023,SLN,KS,ACE,CE,Federal Contract Tower,4,5,15,9,33,0,106,25,28,159,4,111,40,37,192,192,10,202,394
06/07/2023,SLN,KS,ACE,CE,Federal Contract Tower,4,7,10,3,24,0,149,23,28,200,4,156,33,31,224,142,4,146,370
06/08/2023,SLN,KS,ACE,CE,Federal Contract Tower,4,9,7,6,26,0,70,19,11,100,4,79,26,17,126,142,0,142,268
06/09/2023,SLN,KS,ACE,CE,Federal Contract Tower,4,13,16,11,44,0,56,5,8,69,4,69,21,19,113,158,0,158,271
06/10/2023,SLN,KS,ACE,CE,Federal Contract Tower,4,12,4,6,26,0,35,5,14,54,4,47,9,20,80,116,42,158,238
06/11/2023,SLN,KS,ACE,CE,Federal Contract Tower,4,6,13,6,29,0,0,10,14,24,4,6,23,20,53,10,18,28,81
06/12/2023,SLN,KS,ACE,CE,Federal Contract Tower,4,10,12,2,28,0,127,27,18,172,4,137,39,20,200,270,26,296,496
06/13/2023,SLN,KS,ACE,CE,Federal Contract Tower,5,4,10,7,26,0,93,23,9,125,5,97,33,16,151,222,32,254,405
06/14/2023,SLN,KS,ACE,CE,Federal Contract Tower,5,10,13,0,28,0,110,36,1,147,5,120,49,1,175,224,0,224,399
06/15/2023,SLN,KS,ACE,CE,Federal Contract Tower,4,5,11,1,21,0,89,61,4,154,4,94,72,5,175,234,0,234,409
06/16/2023,SLN,KS,ACE,CE,Federal Contract Tower,2,12,5,2,21,0,77,25,0,102,2,89,30,2,123,198,0,198,321
06/17/2023,SLN,KS,ACE,CE,Federal Contract Tower,6,2,10,0,18,0,20,10,0,30,6,22,20,0,48,80,0,80,128
06/18/2023,SLN,KS,ACE,CE,Federal Contract Tower,6,4,18,0,28,0,10,17,2,29,6,14,35,2,57,66,0,66,123
06/19/2023,SLN,KS,ACE,CE,Federal Contract Tower,4,10,12,0,26,0,70,24,0,94,4,80,36,0,120,214,0,214,334
06/20/2023,SLN,KS,ACE,CE,Federal Contract Tower,4,9,8,6,27,0,52,18,3,73,4,61,26,9,100,100,0,100,200
06/21/2023,SLN,KS,ACE,CE,Federal Contract Tower,6,6,2,2,16,0,11,12,2,25,6,17,14,4,41,18,0,18,59
06/22/2023,SLN,KS,ACE,CE,Federal Contract Tower,4,2,14,6,26,0,83,31,0,114,4,85,45,6,140,286,0,286,426
06/23/2023,SLN,KS,ACE,CE,Federal Contract Tower,6,6,8,11,31,0,91,26,5,122,6,97,34,16,153,190,8,198,351
06/24/2023,SLN,KS,ACE,CE,Federal Contract Tower,5,1,9,1,16,0,32,13,0,45,5,33,22,1,61,30,0,30,91
06/25/2023,SLN,KS,ACE,CE,Federal Contract Tower,4,10,10,1,25,0,19,21,1,41,4,29,31,2,66,64,0,64,130
06/26/2023,SLN,KS,ACE,CE,Federal Contract Tower,4,2,5,5,16,0,90,13,0,103,4,92,18,5,119,248,10,258,377
06/27/2023,SLN,KS,ACE,CE,Federal Contract Tower,4,10,1,11,26,0,45,25,3,73,4,55,26,14,99,84,26,110,209
06/28/2023,SLN,KS,ACE,CE,Federal Contract Tower,5,1,12,13,31,0,91,19,10,120,5,92,31,23,151,166,20,186,337
06/29/2023,SLN,KS,ACE,CE,Federal Contract Tower,6,6,7,3,22,0,54,11,7,72,6,60,18,10,94,140,0,140,234
06/30/2023,SLN,KS,ACE,CE,Federal Contract Tower,6,8,12,7,33,0,59,13,6,78,6,67,25,13,111,142,4,146,257
07/01/2023,SLN,KS,ACE,CE,Federal Contract Tower,2,5,11,1,19,0,26,11,1,38,2,31,22,2,57,52,0,52,109
07/02/2023,SLN,KS,ACE,CE,Federal Contract Tower,7,4,3,1,15,0,23,6,0,29,7,27,9,1,44,44,0,44,88
07/03/2023,SLN,KS,ACE,CE,Federal Contract Tower,6,4,1,0,11,0,52,10,0,62,6,56,11,0,73,170,0,170,243
07/04/2023,SLN,KS,ACE,CE,Federal Contract Tower,4,0,3,0,7,0,2,4,0,6,4,2,7,0,13,4,0,4,17
07/05/2023,SLN,KS,ACE,CE,Federal Contract Tower,5,6,6,3,20,0,11,3,8,22,5,17,9,11,42,66,34,100,142
07/06/2023,SLN,KS,ACE,CE,Federal Contract Tower,5,5,15,4,29,0,66,25,12,103,5,71,40,16,132,116,44,160,292
07/07/2023,SLN,KS,ACE,CE,Federal Contract Tower,5,8,8,0,21,0,41,9,9,59,5,49,17,9,80,108,0,108,188
07/08/2023,SLN,KS,ACE,CE,Federal Contract Tower,4,4,11,0,19,0,33,7,2,42,4,37,18,2,61,106,0,106,167
07/09/2023,SLN,KS,ACE,CE,Federal Contract Tower,4,5,16,1,26,0,28,35,3,66,4,33,51,4,92,68,0,68,160
07/10/2023,SLN,KS,ACE,CE,Federal Contract Tower,4,8,15,2,29,0,108,26,6,140,4,116,41,8,169,228,4,232,401
07/11/2023,SLN,KS,ACE,CE,Federal Contract Tower,5,8,4,6,23,0,105,32,8,145,5,113,36,14,168,268,4,272,440
07/12/2023,SLN,KS,ACE,CE,Federal Contract Tower,4,11,14,2,31,0,79,28,6,113,4,90,42,8,144,218,0,218,362
07/13/2023,SLN,KS,ACE,CE,Federal Contract Tower,4,8,16,4,32,0,51,21,18,90,4,59,37,22,122,178,50,228,350
07/14/2023,SLN,KS,ACE,CE,Federal Contract Tower,4,4,6,8,22,0,44,9,8,61,4,48,15,16,83,128,18,146,229
07/15/2023,SLN,KS,ACE,CE,Federal Contract Tower,4,6,7,0,17,0,71,23,0,94,4,77,30,0,111,196,0,196,307
07/16/2023,SLN,KS,ACE,CE,Federal Contract Tower,4,7,12,4,27,0,33,3,0,36,4,40,15,4,63,98,0,98,161
07/17/2023,SLN,KS,ACE,CE,Federal Contract Tower,4,2,11,13,30,0,94,21,7,122,4,96,32,20,152,232,34,266,418
07/18/2023,SLN,KS,ACE,CE,Federal Contract Tower,4,4,15,6,29,0,12,27,5,44,4,16,42,11,73,60,0,60,133
07/19/2023,SLN,KS,ACE,CE,Federal Contract Tower,4,4,12,3,23,0,26,8,2,36,4,30,20,5,59,82,0,82,141
07/20/2023,SLN,KS,ACE,CE,Federal Contract Tower,4,4,12,3,23,0,57,20,10,87,4,61,32,13,110,140,16,156,266
07/21/2023,SLN,KS,ACE,CE,Federal Contract Tower,4,5,7,0,16,0,59,29,1,89,4,64,36,1,105,250,0,250,355
07/22/2023,SLN,KS,ACE,CE,Federal Contract Tower,4,2,3,8,17,0,22,19,0,41,4,24,22,8,58,88,0,88,146
07/23/2023,SLN,KS,ACE,CE,Federal Contract Tower,4,3,5,1,13,0,19,19,0,38,4,22,24,1,51,48,0,48,99
07/24/2023,SLN,KS,ACE,CE,Federal Contract Tower,4,7,9,5,25,0,61,15,2,78,4,68,24,7,103,110,0,110,213
07/25/2023,SLN,KS,ACE,CE,Federal Contract Tower,4,2,14,3,23,0,41,19,8,68,4,43,33,11,91,104,10,114,205
07/26/2023,SLN,KS,ACE,CE,Federal Contract Tower,4,2,10,4,20,0,60,19,10,89,4,62,29,14,109,168,0,168,277
07/27/2023,SLN,KS,ACE,CE,Federal Contract Tower,4,4,10,1,19,0,30,17,24,71,4,34,27,25,90,108,20,128,218
07/28/2023,SLN,KS,ACE,CE,Federal Contract Tower,3,2,10,3,18,0,65,16,8,89,3,67,26,11,107,128,0,128,235
07/29/2023,SLN,KS,ACE,CE,Federal Contract Tower,4,10,12,0,26,0,15,24,4,43,4,25,36,4,69,40,0,40,109
07/30/2023,SLN,KS,ACE,CE,Federal Contract Tower,4,0,7,2,13,0,16,27,0,43,4,16,34,2,56,64,0,64,120
07/31/2023,SLN,KS,ACE,CE,Federal Contract Tower,4,3,9,2,18,0,56,16,0,72,4,59,25,2,90,110,0,110,200
08/01/2023,SLN,KS,ACE,CE,Federal Contract Tower,5,2,8,6,21,0,71,17,1,89,5,73,25,7,110,182,46,228,338
08/02/2023,SLN,KS,ACE,CE,Federal Contract Tower,4,0,14,18,36,0,52,18,6,76,4,52,32,24,112,92,18,110,222
08/03/2023,SLN,KS,ACE,CE,Federal Contract Tower,4,0,17,6,27,0,17,18,4,39,4,17,35,10,66,108,4,112,178
08/04/2023,SLN,KS,ACE,CE,Federal Contract Tower,4,3,11,3,21,0,38,26,7,71,4,41,37,10,92,68,6,74,166
08/05/2023,SLN,KS,ACE,CE,Federal Contract Tower,4,6,15,1,26,0,19,22,12,53,4,25,37,13,79,52,4,56,135
08/06/2023,SLN,KS,ACE,CE,Federal Contract Tower,4,13,14,4,35,0,2,9,0,11,4,15,23,4,46,6,0,6,52
08/07/2023,SLN,KS,ACE,CE,Federal Contract Tower,4,3,8,9,24,0,75,23,1,99,4,78,31,10,123,182,12,194,317
08/08/2023,SLN,KS,ACE,CE,Federal Contract Tower,4,9,8,16,37,0,75,22,8,105,4,84,30,24,142,124,30,154,296
08/09/2023,SLN,KS,ACE,CE,Federal Contract Tower,4,5,12,2,23,0,37,13,1,51,4,42,25,3,74,82,0,82,156
08/10/2023,SLN,KS,ACE,CE,Federal Contract Tower,4,4,11,1,20,0,51,25,11,87,4,55,36,12,107,170,12,182,289
08/11/2023,SLN,KS,ACE,CE,Federal Contract Tower,4,3,5,2,14,0,42,15,2,59,4,45,20,4,73,104,14,118,191
08/12/2023,SLN,KS,ACE,CE,Federal Contract Tower,4,6,9,0,19,0,14,7,1,22,4,20,16,1,41,4,0,4,45
08/13/2023,SLN,KS,ACE,CE,Federal Contract Tower,4,3,13,0,20,0,0,5,0,5,4,3,18,0,25,0,0,0,25
08/14/2023,SLN,KS,ACE,CE,Federal Contract Tower,4,4,13,13,34,0,27,9,3,39,4,31,22,16,73,74,8,82,155
08/15/2023,SLN,KS,ACE,CE,Federal Contract Tower,3,4,12,6,25,0,54,30,7,91,3,58,42,13,116,192,26,218,334
08/16/2023,SLN,KS,ACE,CE,Federal Contract Tower,3,6,8,2,19,0,24,24,15,63,3,30,32,17,82,100,28,128,210
08/17/2023,SLN,KS,ACE,CE,Federal Contract Tower,2,5,27,11,45,0,28,25,15,68,2,33,52,26,113,94,16,110,223
08/18/2023,SLN,KS,ACE,CE,Federal Contract Tower,4,4,9,4,21,0,30,23,7,60,4,34,32,11,81,68,4,72,153
08/19/2023,SLN,KS,ACE,CE,Federal Contract Tower,4,4,7,2,17,0,3,9,1,13,4,7,16,3,30,14,0,14,44
08/20/2023,SLN,KS,ACE,CE,Federal Contract Tower,4,6,6,0,16,0,2,14,5,21,4,8,20,5,37,20,0,20,57
08/21/2023,SLN,KS,ACE,CE,Federal Contract Tower,3,4,6,2,15,0,18,22,2,42,3,22,28,4,57,48,0,48,105
08/22/2023,SLN,KS,ACE,CE,Federal Contract Tower,4,1,9,4,18,0,47,11,6,64,4,48,20,10,82,112,0,112,194
08/23/2023,SLN,KS,ACE,CE,Federal Contract Tower,4,3,5,5,17,0,54,11,12,77,4,57,16,17,94,98,6,104,198
08/24/2023,SLN,KS,ACE,CE,Federal Contract Tower,5,4,16,4,29,0,7,15,7,29,5,11,31,11,58,12,0,12,70
08/25/2023,SLN,KS,ACE,CE,Federal Contract Tower,4,5,8,10,27,0,10,15,2,27,4,15,23,12,54,30,20,50,104
08/26/2023,SLN,KS,ACE,CE,Federal Contract Tower,3,10,0,0,13,0,35,16,0,51,3,45,16,0,64,54,0,54,118
08/27/2023,SLN,KS,ACE,CE,Federal Contract Tower,4,7,9,0,20,0,44,26,4,74,4,51,35,4,94,86,0,86,180
08/28/2023,SLN,KS,ACE,CE,Federal Contract Tower,4,4,8,1,17,0,105,21,1,127,4,109,29,2,144,210,4,214,358
08/29/2023,SLN,KS,ACE,CE,Federal Contract Tower,4,0,5,6,15,0,108,31,11,150,4,108,36,17,165,118,16,134,299
08/30/2023,SLN,KS,ACE,CE,Federal Contract Tower,4,3,12,4,23,0,91,15,12,118,4,94,27,16,141,210,16,226,367
08/31/2023,SLN,KS,ACE,CE,Federal Contract Tower,4,9,13,0,26,0,102,18,0,120,4,111,31,0,146,220,0,220,366
