01/01/2020,SMF,CA,AWP,WE,Towers with Radar,312,14,1,0,327,0,1,5,0,6,312,15,6,0,333,0,0,0,333
01/02/2020,SMF,CA,AWP,WE,Towers with Radar,342,36,6,0,384,0,0,9,0,9,342,36,15,0,393,0,0,0,393
01/03/2020,SMF,CA,AWP,WE,Towers with Radar,343,31,10,13,397,0,0,9,1,10,343,31,19,14,407,4,5,9,416
01/04/2020,SMF,CA,AWP,WE,Towers with Radar,280,17,11,4,312,0,0,6,0,6,280,17,17,4,318,0,1,1,319
01/05/2020,SMF,CA,AWP,WE,Towers with Radar,350,16,16,0,382,0,0,6,0,6,350,16,22,0,388,0,0,0,388
01/06/2020,SMF,CA,AWP,WE,Towers with Radar,344,31,19,0,394,0,0,11,4,15,344,31,30,4,409,0,9,9,418
01/07/2020,SMF,CA,AWP,WE,Towers with Radar,340,32,10,0,382,0,0,0,0,0,340,32,10,0,382,0,0,0,382
01/08/2020,SMF,CA,AWP,WE,Towers with Radar,336,32,6,0,374,0,0,0,0,0,336,32,6,0,374,0,0,0,374
01/09/2020,SMF,CA,AWP,WE,Towers with Radar,350,32,10,4,396,0,0,11,0,11,350,32,21,4,407,0,0,0,407
01/10/2020,SMF,CA,AWP,WE,Towers with Radar,335,38,11,0,384,0,0,11,0,11,335,38,22,0,395,1,0,1,396
01/11/2020,SMF,CA,AWP,WE,Towers with Radar,235,23,8,0,266,0,0,7,0,7,235,23,15,0,273,0,0,0,273
01/12/2020,SMF,CA,AWP,WE,Towers with Radar,310,18,6,0,334,0,0,4,0,4,310,18,10,0,338,0,0,0,338
01/13/2020,SMF,CA,AWP,WE,Towers with Radar,339,32,4,3,378,0,0,13,1,14,339,32,17,4,392,3,3,6,398
01/14/2020,SMF,CA,AWP,WE,Towers with Radar,320,34,5,0,359,0,0,11,2,13,320,34,16,2,372,0,0,0,372
01/15/2020,SMF,CA,AWP,WE,Towers with Radar,330,33,11,0,374,0,2,21,0,23,330,35,32,0,397,2,0,2,399
01/16/2020,SMF,CA,AWP,WE,Towers with Radar,335,31,11,10,387,0,0,1,0,1,335,31,12,10,388,0,2,2,390
01/17/2020,SMF,CA,AWP,WE,Towers with Radar,338,35,15,2,390,0,0,2,2,4,338,35,17,4,394,0,2,2,396
01/18/2020,SMF,CA,AWP,WE,Towers with Radar,225,22,15,1,263,0,0,7,0,7,225,22,22,1,270,1,0,1,271
01/19/2020,SMF,CA,AWP,WE,Towers with Radar,279,15,5,1,300,0,0,0,0,0,279,15,5,1,300,0,0,0,300
01/20/2020,SMF,CA,AWP,WE,Towers with Radar,336,35,13,0,384,0,0,1,0,1,336,35,14,0,385,0,0,0,385
01/21/2020,SMF,CA,AWP,WE,Towers with Radar,321,39,21,1,382,0,0,0,6,6,321,39,21,7,388,0,18,18,406
01/22/2020,SMF,CA,AWP,WE,Towers with Radar,333,32,5,1,371,0,0,2,1,3,333,32,7,2,374,0,0,0,374
01/23/2020,SMF,CA,AWP,WE,Towers with Radar,351,31,9,0,391,0,0,2,0,2,351,31,11,0,393,0,0,0,393
01/24/2020,SMF,CA,AWP,WE,Towers with Radar,336,34,5,1,376,0,0,7,2,9,336,34,12,3,385,0,1,1,386
01/25/2020,SMF,CA,AWP,WE,Towers with Radar,225,23,5,0,253,0,0,2,0,2,225,23,7,0,255,0,0,0,255
01/26/2020,SMF,CA,AWP,WE,Towers with Radar,310,11,4,0,325,0,0,4,0,4,310,11,8,0,329,5,0,5,334
01/27/2020,SMF,CA,AWP,WE,Towers with Radar,330,43,10,0,383,0,0,9,0,9,330,43,19,0,392,3,0,3,395
01/28/2020,SMF,CA,AWP,WE,Towers with Radar,330,35,10,6,381,0,0,3,0,3,330,35,13,6,384,0,0,0,384
01/29/2020,SMF,CA,AWP,WE,Towers with Radar,326,38,5,0,369,0,0,10,2,12,326,38,15,2,381,2,0,2,383
01/30/2020,SMF,CA,AWP,WE,Towers with Radar,341,40,9,3,393,0,1,9,1,11,341,41,18,4,404,0,1,1,405
01/31/2020,SMF,CA,AWP,WE,Towers with Radar,334,34,11,1,380,0,0,10,6,16,334,34,21,7,396,0,17,17,413
02/01/2020,SMF,CA,AWP,WE,Towers with Radar,221,22,7,0,250,0,0,9,0,9,221,22,16,0,259,0,0,0,259
02/02/2020,SMF,CA,AWP,WE,Towers with Radar,287,14,4,0,305,0,0,1,0,1,287,14,5,0,306,0,0,0,306
02/03/2020,SMF,CA,AWP,WE,Towers with Radar,333,34,11,5,383,0,0,9,5,14,333,34,20,10,397,0,20,20,417
02/04/2020,SMF,CA,AWP,WE,Towers with Radar,327,38,7,13,385,0,0,12,2,14,327,38,19,15,399,4,8,12,411
02/05/2020,SMF,CA,AWP,WE,Towers with Radar,325,28,8,0,361,0,1,11,0,12,325,29,19,0,373,0,0,0,373
02/06/2020,SMF,CA,AWP,WE,Towers with Radar,338,32,20,0,390,0,0,12,0,12,338,32,32,0,402,6,0,6,408
02/07/2020,SMF,CA,AWP,WE,Towers with Radar,337,36,7,0,380,0,2,12,2,16,337,38,19,2,396,12,2,14,410
02/08/2020,SMF,CA,AWP,WE,Towers with Radar,231,19,12,0,262,0,6,17,0,23,231,25,29,0,285,0,0,0,285
02/09/2020,SMF,CA,AWP,WE,Towers with Radar,313,23,6,0,342,0,0,4,0,4,313,23,10,0,346,0,0,0,346
02/10/2020,SMF,CA,AWP,WE,Towers with Radar,333,31,6,11,381,0,1,6,5,12,333,32,12,16,393,0,26,26,419
02/11/2020,SMF,CA,AWP,WE,Towers with Radar,316,33,6,1,356,0,0,10,2,12,316,33,16,3,368,0,4,4,372
02/12/2020,SMF,CA,AWP,WE,Towers with Radar,331,33,6,1,371,0,0,15,1,16,331,33,21,2,387,0,4,4,391
02/13/2020,SMF,CA,AWP,WE,Towers with Radar,338,39,8,1,386,0,1,11,1,13,338,40,19,2,399,0,10,10,409
02/14/2020,SMF,CA,AWP,WE,Towers with Radar,333,45,5,2,385,0,4,24,4,32,333,49,29,6,417,38,6,44,461
02/15/2020,SMF,CA,AWP,WE,Towers with Radar,233,23,4,0,260,0,2,6,0,8,233,25,10,0,268,0,0,0,268
02/16/2020,SMF,CA,AWP,WE,Towers with Radar,284,20,2,0,306,0,0,7,0,7,284,20,9,0,313,6,0,6,319
02/17/2020,SMF,CA,AWP,WE,Towers with Radar,328,31,13,0,372,0,0,10,0,10,328,31,23,0,382,34,0,34,416
02/18/2020,SMF,CA,AWP,WE,Towers with Radar,334,43,8,3,388,0,1,11,3,15,334,44,19,6,403,0,28,28,431
02/19/2020,SMF,CA,AWP,WE,Towers with Radar,333,39,9,0,381,0,0,16,0,16,333,39,25,0,397,14,0,14,411
02/20/2020,SMF,CA,AWP,WE,Towers with Radar,342,42,6,1,391,0,1,8,1,10,342,43,14,2,401,0,0,0,401
02/21/2020,SMF,CA,AWP,WE,Towers with Radar,337,37,8,2,384,0,0,9,0,9,337,37,17,2,393,0,0,0,393
02/22/2020,SMF,CA,AWP,WE,Towers with Radar,242,24,5,0,271,0,0,16,0,16,242,24,21,0,287,4,0,4,291
02/23/2020,SMF,CA,AWP,WE,Towers with Radar,305,24,9,0,338,0,0,6,0,6,305,24,15,0,344,0,0,0,344
02/24/2020,SMF,CA,AWP,WE,Towers with Radar,330,38,4,0,372,0,0,7,0,7,330,38,11,0,379,0,0,0,379
02/25/2020,SMF,CA,AWP,WE,Towers with Radar,326,37,9,0,372,0,0,10,0,10,326,37,19,0,382,0,0,0,382
02/26/2020,SMF,CA,AWP,WE,Towers with Radar,330,41,2,8,381,0,0,5,1,6,330,41,7,9,387,12,0,12,399
02/27/2020,SMF,CA,AWP,WE,Towers with Radar,340,40,3,0,383,0,0,8,2,10,340,40,11,2,393,6,0,6,399
02/28/2020,SMF,CA,AWP,WE,Towers with Radar,334,43,4,0,381,0,4,13,0,17,334,47,17,0,398,14,0,14,412
02/29/2020,SMF,CA,AWP,WE,Towers with Radar,241,20,2,0,263,0,0,4,1,5,241,20,6,1,268,0,0,0,268
03/01/2020,SMF,CA,AWP,WE,Towers with Radar,299,19,9,0,327,0,0,8,1,9,299,19,17,1,336,0,0,0,336
03/02/2020,SMF,CA,AWP,WE,Towers with Radar,332,36,6,5,379,0,0,11,5,16,332,36,17,10,395,0,24,24,419
03/03/2020,SMF,CA,AWP,WE,Towers with Radar,328,36,12,2,378,0,0,13,0,13,328,36,25,2,391,2,0,2,393
03/04/2020,SMF,CA,AWP,WE,Towers with Radar,325,35,6,2,368,0,0,15,0,15,325,35,21,2,383,6,0,6,389
03/05/2020,SMF,CA,AWP,WE,Towers with Radar,335,39,12,7,393,0,0,23,7,30,335,39,35,14,423,20,24,44,467
03/06/2020,SMF,CA,AWP,WE,Towers with Radar,339,33,7,6,385,0,0,11,1,12,339,33,18,7,397,0,8,8,405
03/07/2020,SMF,CA,AWP,WE,Towers with Radar,245,23,6,2,276,0,0,0,0,0,245,23,6,2,276,0,4,4,280
03/08/2020,SMF,CA,AWP,WE,Towers with Radar,296,16,6,4,322,0,0,6,0,6,296,16,12,4,328,0,6,6,334
03/09/2020,SMF,CA,AWP,WE,Towers with Radar,332,31,10,5,378,0,1,9,1,11,332,32,19,6,389,0,10,10,399
03/10/2020,SMF,CA,AWP,WE,Towers with Radar,332,37,9,0,378,0,0,19,0,19,332,37,28,0,397,28,0,28,425
03/11/2020,SMF,CA,AWP,WE,Towers with Radar,341,34,15,2,392,0,0,26,0,26,341,34,41,2,418,14,0,14,432
03/12/2020,SMF,CA,AWP,WE,Towers with Radar,346,39,11,4,400,0,0,13,5,18,346,39,24,9,418,0,8,8,426
03/13/2020,SMF,CA,AWP,WE,Towers with Radar,336,32,9,0,377,0,0,8,0,8,336,32,17,0,385,8,0,8,393
03/14/2020,SMF,CA,AWP,WE,Towers with Radar,239,18,2,0,259,0,0,0,0,0,239,18,2,0,259,0,0,0,259
03/15/2020,SMF,CA,AWP,WE,Towers with Radar,288,17,3,0,308,0,0,2,0,2,288,17,5,0,310,0,0,0,310
03/16/2020,SMF,CA,AWP,WE,Towers with Radar,330,34,12,0,376,0,0,0,0,0,330,34,12,0,376,0,0,0,376
03/17/2020,SMF,CA,AWP,WE,Towers with Radar,325,34,14,0,373,0,0,2,0,2,325,34,16,0,375,0,0,0,375
03/18/2020,SMF,CA,AWP,WE,Towers with Radar,300,29,8,0,337,0,1,2,0,3,300,30,10,0,340,28,0,28,368
03/19/2020,SMF,CA,AWP,WE,Towers with Radar,289,27,11,0,327,0,0,12,0,12,289,27,23,0,339,16,0,16,355
03/20/2020,SMF,CA,AWP,WE,Towers with Radar,290,25,8,0,323,0,1,18,0,19,290,26,26,0,342,0,0,0,342
03/21/2020,SMF,CA,AWP,WE,Towers with Radar,210,14,2,0,226,0,0,3,0,3,210,14,5,0,229,0,0,0,229
03/22/2020,SMF,CA,AWP,WE,Towers with Radar,204,10,4,0,218,0,0,5,0,5,204,10,9,0,223,0,0,0,223
03/23/2020,SMF,CA,AWP,WE,Towers with Radar,250,22,5,0,277,0,4,1,0,5,250,26,6,0,282,0,0,0,282
03/24/2020,SMF,CA,AWP,WE,Towers with Radar,247,22,2,13,284,0,0,0,3,3,247,22,2,16,287,0,24,24,311
03/25/2020,SMF,CA,AWP,WE,Towers with Radar,229,22,4,0,255,0,1,10,0,11,229,23,14,0,266,0,0,0,266
03/26/2020,SMF,CA,AWP,WE,Towers with Radar,231,22,6,0,259,0,0,1,0,1,231,22,7,0,260,0,0,0,260
03/27/2020,SMF,CA,AWP,WE,Towers with Radar,173,21,6,2,202,0,4,11,0,15,173,25,17,2,217,12,0,12,229
03/28/2020,SMF,CA,AWP,WE,Towers with Radar,130,14,1,0,145,0,0,0,0,0,130,14,1,0,145,0,0,0,145
03/29/2020,SMF,CA,AWP,WE,Towers with Radar,147,12,3,0,162,0,0,3,0,3,147,12,6,0,165,4,0,4,169
03/30/2020,SMF,CA,AWP,WE,Towers with Radar,160,20,6,0,186,0,0,2,0,2,160,20,8,0,188,0,0,0,188
03/31/2020,SMF,CA,AWP,WE,Towers with Radar,154,23,6,4,187,0,0,5,1,6,154,23,11,5,193,2,0,2,195
04/01/2020,SMF,CA,AWP,WE,Towers with Radar,149,31,2,0,182,0,0,12,0,12,149,31,14,0,194,0,0,0,194
04/02/2020,SMF,CA,AWP,WE,Towers with Radar,143,27,3,0,173,0,1,12,0,13,143,28,15,0,186,0,0,0,186
04/03/2020,SMF,CA,AWP,WE,Towers with Radar,134,23,0,0,157,0,1,11,0,12,134,24,11,0,169,4,0,4,173
04/04/2020,SMF,CA,AWP,WE,Towers with Radar,106,18,3,0,127,0,0,1,0,1,106,18,4,0,128,0,0,0,128
04/05/2020,SMF,CA,AWP,WE,Towers with Radar,124,15,1,0,140,0,0,0,0,0,124,15,1,0,140,0,0,0,140
04/06/2020,SMF,CA,AWP,WE,Towers with Radar,114,29,4,4,151,0,0,1,0,1,114,29,5,4,152,0,0,0,152
04/07/2020,SMF,CA,AWP,WE,Towers with Radar,125,24,8,5,162,0,0,7,2,9,125,24,15,7,171,6,18,24,195
04/08/2020,SMF,CA,AWP,WE,Towers with Radar,123,31,13,0,167,0,0,12,0,12,123,31,25,0,179,0,0,0,179
04/09/2020,SMF,CA,AWP,WE,Towers with Radar,121,31,12,0,164,0,1,5,0,6,121,32,17,0,170,2,0,2,172
04/10/2020,SMF,CA,AWP,WE,Towers with Radar,123,26,7,0,156,0,0,3,1,4,123,26,10,1,160,0,0,0,160
04/11/2020,SMF,CA,AWP,WE,Towers with Radar,98,15,0,0,113,0,0,3,0,3,98,15,3,0,116,0,0,0,116
04/12/2020,SMF,CA,AWP,WE,Towers with Radar,106,6,0,0,112,0,0,0,0,0,106,6,0,0,112,0,0,0,112
04/13/2020,SMF,CA,AWP,WE,Towers with Radar,107,19,10,3,139,0,0,6,3,9,107,19,16,6,148,0,16,16,164
04/14/2020,SMF,CA,AWP,WE,Towers with Radar,111,20,1,0,132,0,0,7,0,7,111,20,8,0,139,4,0,4,143
04/15/2020,SMF,CA,AWP,WE,Towers with Radar,106,18,7,0,131,0,1,6,0,7,106,19,13,0,138,0,0,0,138
04/16/2020,SMF,CA,AWP,WE,Towers with Radar,104,17,3,6,130,0,0,3,0,3,104,17,6,6,133,0,0,0,133
04/17/2020,SMF,CA,AWP,WE,Towers with Radar,113,21,2,1,137,0,2,8,1,11,113,23,10,2,148,6,8,14,162
04/18/2020,SMF,CA,AWP,WE,Towers with Radar,90,11,1,0,102,0,0,4,0,4,90,11,5,0,106,0,0,0,106
04/19/2020,SMF,CA,AWP,WE,Towers with Radar,92,11,4,0,107,0,0,8,0,8,92,11,12,0,115,0,0,0,115
04/20/2020,SMF,CA,AWP,WE,Towers with Radar,90,21,5,7,123,0,0,10,5,15,90,21,15,12,138,4,34,38,176
04/21/2020,SMF,CA,AWP,WE,Towers with Radar,107,23,3,0,133,0,0,12,4,16,107,23,15,4,149,0,10,10,159
04/22/2020,SMF,CA,AWP,WE,Towers with Radar,94,24,9,4,131,0,2,8,2,12,94,26,17,6,143,6,14,20,163
04/23/2020,SMF,CA,AWP,WE,Towers with Radar,101,23,3,10,137,0,1,6,1,8,101,24,9,11,145,0,24,24,169
04/24/2020,SMF,CA,AWP,WE,Towers with Radar,99,22,12,2,135,0,4,12,4,20,99,26,24,6,155,4,12,16,171
04/25/2020,SMF,CA,AWP,WE,Towers with Radar,81,12,2,3,98,0,0,10,2,12,81,12,12,5,110,4,0,4,114
04/26/2020,SMF,CA,AWP,WE,Towers with Radar,97,9,3,0,109,0,0,6,0,6,97,9,9,0,115,0,10,10,125
04/27/2020,SMF,CA,AWP,WE,Towers with Radar,93,18,9,1,121,0,0,17,1,18,93,18,26,2,139,2,8,10,149
04/28/2020,SMF,CA,AWP,WE,Towers with Radar,107,24,9,9,149,0,0,15,1,16,107,24,24,10,165,6,12,18,183
04/29/2020,SMF,CA,AWP,WE,Towers with Radar,100,20,10,15,145,0,0,10,1,11,100,20,20,16,156,2,32,34,190
04/30/2020,SMF,CA,AWP,WE,Towers with Radar,110,23,15,8,156,0,0,46,2,48,110,23,61,10,204,0,42,42,246
05/01/2020,SMF,CA,AWP,WE,Towers with Radar,107,16,6,3,132,0,0,9,3,12,107,16,15,6,144,0,14,14,158
05/02/2020,SMF,CA,AWP,WE,Towers with Radar,88,10,3,0,101,0,0,3,1,4,88,10,6,1,105,0,0,0,105
05/03/2020,SMF,CA,AWP,WE,Towers with Radar,96,4,6,0,106,0,0,12,0,12,96,4,18,0,118,20,0,20,138
05/04/2020,SMF,CA,AWP,WE,Towers with Radar,98,22,2,3,125,0,0,10,0,10,98,22,12,3,135,0,10,10,145
05/05/2020,SMF,CA,AWP,WE,Towers with Radar,102,21,10,3,136,0,0,7,8,15,102,21,17,11,151,0,18,18,169
05/06/2020,SMF,CA,AWP,WE,Towers with Radar,99,21,12,11,143,0,1,12,3,16,99,22,24,14,159,0,10,10,169
05/07/2020,SMF,CA,AWP,WE,Towers with Radar,105,28,4,2,139,0,0,12,0,12,105,28,16,2,151,0,0,0,151
05/08/2020,SMF,CA,AWP,WE,Towers with Radar,105,22,3,0,130,0,0,12,0,12,105,22,15,0,142,26,0,26,168
05/09/2020,SMF,CA,AWP,WE,Towers with Radar,93,20,2,0,115,0,0,10,0,10,93,20,12,0,125,12,0,12,137
05/10/2020,SMF,CA,AWP,WE,Towers with Radar,104,8,2,0,114,0,1,2,0,3,104,9,4,0,117,10,0,10,127
05/11/2020,SMF,CA,AWP,WE,Towers with Radar,98,16,6,5,125,0,2,7,3,12,98,18,13,8,137,2,28,30,167
05/12/2020,SMF,CA,AWP,WE,Towers with Radar,102,22,13,6,143,0,0,3,1,4,102,22,16,7,147,20,10,30,177
05/13/2020,SMF,CA,AWP,WE,Towers with Radar,98,28,7,4,137,0,1,3,0,4,98,29,10,4,141,8,0,8,149
05/14/2020,SMF,CA,AWP,WE,Towers with Radar,108,18,9,0,135,0,0,1,2,3,108,18,10,2,138,0,2,2,140
05/15/2020,SMF,CA,AWP,WE,Towers with Radar,106,22,6,0,134,0,0,11,0,11,106,22,17,0,145,0,0,0,145
05/16/2020,SMF,CA,AWP,WE,Towers with Radar,91,13,6,0,110,0,0,10,0,10,91,13,16,0,120,0,0,0,120
05/17/2020,SMF,CA,AWP,WE,Towers with Radar,103,4,2,0,109,0,0,0,0,0,103,4,2,0,109,0,0,0,109
05/18/2020,SMF,CA,AWP,WE,Towers with Radar,101,20,3,2,126,0,0,5,0,5,101,20,8,2,131,0,6,6,137
05/19/2020,SMF,CA,AWP,WE,Towers with Radar,100,22,8,6,136,0,0,14,4,18,100,22,22,10,154,14,22,36,190
05/20/2020,SMF,CA,AWP,WE,Towers with Radar,100,22,6,4,132,0,0,12,3,15,100,22,18,7,147,14,24,38,185
05/21/2020,SMF,CA,AWP,WE,Towers with Radar,105,18,12,2,137,0,0,14,5,19,105,18,26,7,156,20,20,40,196
05/22/2020,SMF,CA,AWP,WE,Towers with Radar,115,23,9,10,157,0,1,5,0,6,115,24,14,10,163,12,0,12,175
05/23/2020,SMF,CA,AWP,WE,Towers with Radar,98,9,1,1,109,0,0,3,0,3,98,9,4,1,112,12,0,12,124
05/24/2020,SMF,CA,AWP,WE,Towers with Radar,102,6,1,0,109,0,0,10,0,10,102,6,11,0,119,8,0,8,127
05/25/2020,SMF,CA,AWP,WE,Towers with Radar,105,8,1,0,114,0,0,5,0,5,105,8,6,0,119,0,0,0,119
05/26/2020,SMF,CA,AWP,WE,Towers with Radar,101,23,10,0,134,1,0,13,0,14,102,23,23,0,148,16,0,16,164
05/27/2020,SMF,CA,AWP,WE,Towers with Radar,102,21,19,0,142,0,1,9,2,12,102,22,28,2,154,21,0,21,175
05/28/2020,SMF,CA,AWP,WE,Towers with Radar,114,23,11,26,174,0,0,9,4,13,114,23,20,30,187,0,34,34,221
05/29/2020,SMF,CA,AWP,WE,Towers with Radar,108,22,2,1,133,0,0,2,1,3,108,22,4,2,136,4,12,16,152
05/30/2020,SMF,CA,AWP,WE,Towers with Radar,99,15,1,0,115,0,0,4,0,4,99,15,5,0,119,0,0,0,119
05/31/2020,SMF,CA,AWP,WE,Towers with Radar,110,7,5,0,122,6,0,9,0,15,116,7,14,0,137,2,0,2,139
06/01/2020,SMF,CA,AWP,WE,Towers with Radar,110,24,7,16,157,0,0,8,4,12,110,24,15,20,169,0,12,12,181
06/02/2020,SMF,CA,AWP,WE,Towers with Radar,113,18,1,3,135,0,0,4,0,4,113,18,5,3,139,0,6,6,145
06/03/2020,SMF,CA,AWP,WE,Towers with Radar,114,18,5,1,138,0,2,5,1,8,114,20,10,2,146,20,8,28,174
06/04/2020,SMF,CA,AWP,WE,Towers with Radar,119,22,5,2,148,0,0,16,2,18,119,22,21,4,166,26,26,52,218
06/05/2020,SMF,CA,AWP,WE,Towers with Radar,121,24,1,0,146,0,2,8,4,14,121,26,9,4,160,12,12,24,184
06/06/2020,SMF,CA,AWP,WE,Towers with Radar,120,11,6,7,144,0,3,5,1,9,120,14,11,8,153,18,8,26,179
06/07/2020,SMF,CA,AWP,WE,Towers with Radar,151,5,2,0,158,0,0,2,0,2,151,5,4,0,160,0,0,0,160
06/08/2020,SMF,CA,AWP,WE,Towers with Radar,149,16,9,3,177,0,0,17,3,20,149,16,26,6,197,34,30,64,261
06/09/2020,SMF,CA,AWP,WE,Towers with Radar,136,20,7,3,166,0,0,14,3,17,136,20,21,6,183,0,6,6,189
06/10/2020,SMF,CA,AWP,WE,Towers with Radar,144,27,9,2,182,0,1,7,4,12,144,28,16,6,194,2,16,18,212
06/11/2020,SMF,CA,AWP,WE,Towers with Radar,157,22,4,1,184,0,2,10,0,12,157,24,14,1,196,10,0,10,206
06/12/2020,SMF,CA,AWP,WE,Towers with Radar,157,24,6,6,193,7,2,14,7,30,164,26,20,13,223,2,12,14,237
06/13/2020,SMF,CA,AWP,WE,Towers with Radar,142,9,5,0,156,0,2,10,0,12,142,11,15,0,168,20,0,20,188
06/14/2020,SMF,CA,AWP,WE,Towers with Radar,157,3,8,0,168,0,0,12,1,13,157,3,20,1,181,12,0,12,193
06/15/2020,SMF,CA,AWP,WE,Towers with Radar,156,25,5,6,192,0,2,18,0,20,156,27,23,6,212,0,0,0,212
06/16/2020,SMF,CA,AWP,WE,Towers with Radar,147,23,3,1,174,0,2,11,4,17,147,25,14,5,191,24,26,50,241
06/17/2020,SMF,CA,AWP,WE,Towers with Radar,149,26,2,10,187,0,1,11,4,16,149,27,13,14,203,44,26,70,273
06/18/2020,SMF,CA,AWP,WE,Towers with Radar,159,32,5,14,210,0,6,13,16,35,159,38,18,30,245,30,68,98,343
06/19/2020,SMF,CA,AWP,WE,Towers with Radar,158,22,9,1,190,0,2,21,2,25,158,24,30,3,215,14,12,26,241
06/20/2020,SMF,CA,AWP,WE,Towers with Radar,144,9,5,1,159,0,0,16,0,16,144,9,21,1,175,2,0,2,177
06/21/2020,SMF,CA,AWP,WE,Towers with Radar,164,2,4,0,170,0,0,12,0,12,164,2,16,0,182,4,0,4,186
06/22/2020,SMF,CA,AWP,WE,Towers with Radar,171,22,9,0,202,0,0,14,0,14,171,22,23,0,216,12,0,12,228
06/23/2020,SMF,CA,AWP,WE,Towers with Radar,155,20,5,0,180,0,0,11,0,11,155,20,16,0,191,2,0,2,193
06/24/2020,SMF,CA,AWP,WE,Towers with Radar,158,24,8,4,194,0,5,19,0,24,158,29,27,4,218,28,6,34,252
06/25/2020,SMF,CA,AWP,WE,Towers with Radar,173,22,6,0,201,0,2,13,0,15,173,24,19,0,216,26,0,26,242
06/26/2020,SMF,CA,AWP,WE,Towers with Radar,169,20,9,0,198,0,2,19,0,21,169,22,28,0,219,24,0,24,243
06/27/2020,SMF,CA,AWP,WE,Towers with Radar,154,11,3,0,168,0,2,9,0,11,154,13,12,0,179,56,0,56,235
06/28/2020,SMF,CA,AWP,WE,Towers with Radar,162,5,3,0,170,0,0,11,1,12,162,5,14,1,182,0,0,0,182
06/29/2020,SMF,CA,AWP,WE,Towers with Radar,171,18,4,4,197,0,0,18,2,20,171,18,22,6,217,22,4,26,243
06/30/2020,SMF,CA,AWP,WE,Towers with Radar,165,21,6,3,195,0,0,7,2,9,165,21,13,5,204,2,6,8,212
07/01/2020,SMF,CA,AWP,WE,Towers with Radar,170,19,2,0,191,0,0,11,0,11,170,19,13,0,202,34,0,34,236
07/02/2020,SMF,CA,AWP,WE,Towers with Radar,185,20,5,4,214,0,6,17,0,23,185,26,22,4,237,56,12,68,305
07/03/2020,SMF,CA,AWP,WE,Towers with Radar,177,17,3,0,197,0,0,18,0,18,177,17,21,0,215,14,0,14,229
07/04/2020,SMF,CA,AWP,WE,Towers with Radar,129,2,1,0,132,0,2,7,0,9,129,4,8,0,141,0,0,0,141
07/05/2020,SMF,CA,AWP,WE,Towers with Radar,177,7,3,0,187,0,0,7,0,7,177,7,10,0,194,0,0,0,194
07/06/2020,SMF,CA,AWP,WE,Towers with Radar,183,21,3,0,207,0,0,15,0,15,183,21,18,0,222,0,0,0,222
07/07/2020,SMF,CA,AWP,WE,Towers with Radar,186,22,8,5,221,0,0,7,4,11,186,22,15,9,232,46,8,54,286
07/08/2020,SMF,CA,AWP,WE,Towers with Radar,189,21,5,2,217,0,0,11,1,12,189,21,16,3,229,14,8,22,251
07/09/2020,SMF,CA,AWP,WE,Towers with Radar,202,20,7,0,229,0,0,18,0,18,202,20,25,0,247,20,0,20,267
07/10/2020,SMF,CA,AWP,WE,Towers with Radar,196,23,4,6,229,0,0,8,0,8,196,23,12,6,237,0,0,0,237
07/11/2020,SMF,CA,AWP,WE,Towers with Radar,180,13,3,0,196,0,1,9,0,10,180,14,12,0,206,42,0,42,248
07/12/2020,SMF,CA,AWP,WE,Towers with Radar,195,9,9,0,213,0,0,9,0,9,195,9,18,0,222,18,0,18,240
07/13/2020,SMF,CA,AWP,WE,Towers with Radar,191,21,6,0,218,0,2,8,0,10,191,23,14,0,228,2,0,2,230
07/14/2020,SMF,CA,AWP,WE,Towers with Radar,192,26,4,4,226,0,0,5,2,7,192,26,9,6,233,0,20,20,253
07/15/2020,SMF,CA,AWP,WE,Towers with Radar,192,21,2,4,219,0,2,14,5,21,192,23,16,9,240,6,20,26,266
07/16/2020,SMF,CA,AWP,WE,Towers with Radar,201,20,4,3,228,0,3,15,1,19,201,23,19,4,247,16,12,28,275
07/17/2020,SMF,CA,AWP,WE,Towers with Radar,201,22,9,10,242,0,0,20,0,20,201,22,29,10,262,5,10,15,277
07/18/2020,SMF,CA,AWP,WE,Towers with Radar,187,11,2,0,200,0,2,3,1,6,187,13,5,1,206,18,0,18,224
07/19/2020,SMF,CA,AWP,WE,Towers with Radar,195,8,2,0,205,0,0,15,0,15,195,8,17,0,220,0,0,0,220
07/20/2020,SMF,CA,AWP,WE,Towers with Radar,193,17,9,3,222,0,0,6,0,6,193,17,15,3,228,0,8,8,236
07/21/2020,SMF,CA,AWP,WE,Towers with Radar,191,22,6,8,227,0,2,11,1,14,191,24,17,9,241,16,12,28,269
07/22/2020,SMF,CA,AWP,WE,Towers with Radar,194,22,4,0,220,0,0,14,0,14,194,22,18,0,234,34,0,34,268
07/23/2020,SMF,CA,AWP,WE,Towers with Radar,207,18,5,4,234,0,0,12,1,13,207,18,17,5,247,16,0,16,263
07/24/2020,SMF,CA,AWP,WE,Towers with Radar,204,25,7,2,238,0,2,4,0,6,204,27,11,2,244,0,0,0,244
07/25/2020,SMF,CA,AWP,WE,Towers with Radar,194,15,2,0,211,0,3,4,0,7,194,18,6,0,218,0,0,0,218
07/26/2020,SMF,CA,AWP,WE,Towers with Radar,193,8,4,0,205,0,1,18,1,20,193,9,22,1,225,28,0,28,253
07/27/2020,SMF,CA,AWP,WE,Towers with Radar,196,23,4,2,225,0,0,14,3,17,196,23,18,5,242,26,6,32,274
07/28/2020,SMF,CA,AWP,WE,Towers with Radar,184,23,3,2,212,0,0,11,4,15,184,23,14,6,227,12,4,16,243
07/29/2020,SMF,CA,AWP,WE,Towers with Radar,187,22,7,2,218,0,1,14,2,17,187,23,21,4,235,18,0,18,253
07/30/2020,SMF,CA,AWP,WE,Towers with Radar,199,24,20,2,245,0,0,12,0,12,199,24,32,2,257,4,8,12,269
07/31/2020,SMF,CA,AWP,WE,Towers with Radar,200,21,1,0,222,2,2,19,1,24,202,23,20,1,246,28,0,28,274
08/01/2020,SMF,CA,AWP,WE,Towers with Radar,183,12,2,0,197,0,2,7,0,9,183,14,9,0,206,40,0,40,246
08/02/2020,SMF,CA,AWP,WE,Towers with Radar,198,6,8,0,212,4,0,2,0,6,202,6,10,0,218,0,0,0,218
08/03/2020,SMF,CA,AWP,WE,Towers with Radar,193,20,9,2,224,0,0,11,0,11,193,20,20,2,235,4,0,4,239
08/04/2020,SMF,CA,AWP,WE,Towers with Radar,191,26,8,4,229,0,0,10,4,14,191,26,18,8,243,0,0,0,243
08/05/2020,SMF,CA,AWP,WE,Towers with Radar,187,25,4,0,216,0,0,11,2,13,187,25,15,2,229,24,6,30,259
08/06/2020,SMF,CA,AWP,WE,Towers with Radar,198,22,6,0,226,0,0,8,0,8,198,22,14,0,234,0,0,0,234
08/07/2020,SMF,CA,AWP,WE,Towers with Radar,202,27,7,2,238,0,2,4,0,6,202,29,11,2,244,22,4,26,270
08/08/2020,SMF,CA,AWP,WE,Towers with Radar,187,13,2,8,210,0,3,10,0,13,187,16,12,8,223,20,8,28,251
08/09/2020,SMF,CA,AWP,WE,Towers with Radar,194,15,4,0,213,0,2,4,0,6,194,17,8,0,219,22,0,22,241
08/10/2020,SMF,CA,AWP,WE,Towers with Radar,193,24,15,2,234,0,0,4,0,4,193,24,19,2,238,18,0,18,256
08/11/2020,SMF,CA,AWP,WE,Towers with Radar,179,32,9,3,223,0,0,11,3,14,179,32,20,6,237,0,6,6,243
08/12/2020,SMF,CA,AWP,WE,Towers with Radar,181,32,10,0,223,0,1,8,0,9,181,33,18,0,232,28,0,28,260
08/13/2020,SMF,CA,AWP,WE,Towers with Radar,196,29,13,2,240,0,2,6,0,8,196,31,19,2,248,20,0,20,268
08/14/2020,SMF,CA,AWP,WE,Towers with Radar,196,30,5,3,234,0,2,3,1,6,196,32,8,4,240,6,6,12,252
08/15/2020,SMF,CA,AWP,WE,Towers with Radar,170,14,1,4,189,0,1,4,0,5,170,15,5,4,194,4,0,4,198
08/16/2020,SMF,CA,AWP,WE,Towers with Radar,183,18,8,0,209,0,2,6,0,8,183,20,14,0,217,2,0,2,219
08/17/2020,SMF,CA,AWP,WE,Towers with Radar,186,26,14,4,230,0,4,11,0,15,186,30,25,4,245,42,4,46,291
08/18/2020,SMF,CA,AWP,WE,Towers with Radar,184,26,7,0,217,0,0,2,1,3,184,26,9,1,220,10,0,10,230
08/19/2020,SMF,CA,AWP,WE,Towers with Radar,182,27,5,5,219,0,0,1,3,4,182,27,6,8,223,0,10,10,233
08/20/2020,SMF,CA,AWP,WE,Towers with Radar,195,26,6,0,227,0,0,0,0,0,195,26,6,0,227,0,0,0,227
08/21/2020,SMF,CA,AWP,WE,Towers with Radar,194,25,9,0,228,0,0,5,0,5,194,25,14,0,233,0,0,0,233
08/22/2020,SMF,CA,AWP,WE,Towers with Radar,166,17,3,0,186,0,0,0,0,0,166,17,3,0,186,0,0,0,186
08/23/2020,SMF,CA,AWP,WE,Towers with Radar,187,8,3,0,198,0,0,1,0,1,187,8,4,0,199,0,0,0,199
08/24/2020,SMF,CA,AWP,WE,Towers with Radar,187,22,10,0,219,0,0,2,0,2,187,22,12,0,221,0,0,0,221
08/25/2020,SMF,CA,AWP,WE,Towers with Radar,186,26,8,4,224,0,0,5,0,5,186,26,13,4,229,2,0,2,231
08/26/2020,SMF,CA,AWP,WE,Towers with Radar,179,28,5,0,212,0,1,2,0,3,179,29,7,0,215,0,0,0,215
08/27/2020,SMF,CA,AWP,WE,Towers with Radar,192,24,3,2,221,0,0,13,0,13,192,24,16,2,234,2,4,6,240
08/28/2020,SMF,CA,AWP,WE,Towers with Radar,196,25,9,2,232,0,2,8,0,10,196,27,17,2,242,24,4,28,270
08/29/2020,SMF,CA,AWP,WE,Towers with Radar,168,19,7,6,200,0,0,3,0,3,168,19,10,6,203,0,4,4,207
08/30/2020,SMF,CA,AWP,WE,Towers with Radar,186,10,6,0,202,0,0,9,0,9,186,10,15,0,211,0,0,0,211
08/31/2020,SMF,CA,AWP,WE,Towers with Radar,189,24,23,0,236,0,3,11,0,14,189,27,34,0,250,20,0,20,270
09/01/2020,SMF,CA,AWP,WE,Towers with Radar,188,25,14,1,228,0,0,7,1,8,188,25,21,2,236,6,0,6,242
09/02/2020,SMF,CA,AWP,WE,Towers with Radar,183,24,11,3,221,0,0,18,1,19,183,24,29,4,240,26,0,26,266
09/03/2020,SMF,CA,AWP,WE,Towers with Radar,202,31,9,12,254,0,0,3,0,3,202,31,12,12,257,8,14,22,279
09/04/2020,SMF,CA,AWP,WE,Towers with Radar,200,26,11,0,237,0,0,21,0,21,200,26,32,0,258,4,0,4,262
09/05/2020,SMF,CA,AWP,WE,Towers with Radar,163,19,3,0,185,0,0,6,0,6,163,19,9,0,191,0,0,0,191
09/06/2020,SMF,CA,AWP,WE,Towers with Radar,164,13,2,0,179,0,0,2,0,2,164,13,4,0,181,0,0,0,181
09/07/2020,SMF,CA,AWP,WE,Towers with Radar,175,9,4,0,188,0,0,12,0,12,175,9,16,0,200,2,0,2,202
09/08/2020,SMF,CA,AWP,WE,Towers with Radar,169,22,10,10,211,0,0,0,0,0,169,22,10,10,211,0,0,0,211
09/09/2020,SMF,CA,AWP,WE,Towers with Radar,164,25,8,8,205,0,3,5,1,9,164,28,13,9,214,0,18,18,232
09/10/2020,SMF,CA,AWP,WE,Towers with Radar,171,26,12,2,211,0,0,2,0,2,171,26,14,2,213,8,0,8,221
09/11/2020,SMF,CA,AWP,WE,Towers with Radar,176,31,10,0,217,0,0,0,0,0,176,31,10,0,217,0,0,0,217
09/12/2020,SMF,CA,AWP,WE,Towers with Radar,166,17,15,0,198,0,0,0,0,0,166,17,15,0,198,0,0,0,198
09/13/2020,SMF,CA,AWP,WE,Towers with Radar,168,10,9,2,189,0,0,0,0,0,168,10,9,2,189,0,0,0,189
09/14/2020,SMF,CA,AWP,WE,Towers with Radar,165,26,7,4,202,0,0,0,0,0,165,26,7,4,202,0,0,0,202
09/15/2020,SMF,CA,AWP,WE,Towers with Radar,164,27,5,5,201,0,0,1,1,2,164,27,6,6,203,0,10,10,213
09/16/2020,SMF,CA,AWP,WE,Towers with Radar,160,29,7,5,201,0,0,11,1,12,160,29,18,6,213,6,6,12,225
09/17/2020,SMF,CA,AWP,WE,Towers with Radar,169,27,6,0,202,0,2,3,0,5,169,29,9,0,207,0,0,0,207
09/18/2020,SMF,CA,AWP,WE,Towers with Radar,172,25,10,0,207,0,0,16,0,16,172,25,26,0,223,20,0,20,243
09/19/2020,SMF,CA,AWP,WE,Towers with Radar,164,17,3,2,186,0,0,5,0,5,164,17,8,2,191,8,0,8,199
09/20/2020,SMF,CA,AWP,WE,Towers with Radar,170,13,2,0,185,0,0,2,0,2,170,13,4,0,187,0,0,0,187
09/21/2020,SMF,CA,AWP,WE,Towers with Radar,164,23,4,0,191,0,0,19,0,19,164,23,23,0,210,8,4,12,222
09/22/2020,SMF,CA,AWP,WE,Towers with Radar,166,26,5,3,200,0,1,16,1,18,166,27,21,4,218,6,0,6,224
09/23/2020,SMF,CA,AWP,WE,Towers with Radar,161,25,6,5,197,0,0,8,1,9,161,25,14,6,206,0,0,0,206
09/24/2020,SMF,CA,AWP,WE,Towers with Radar,172,28,7,6,213,0,0,7,1,8,172,28,14,7,221,10,0,10,231
09/25/2020,SMF,CA,AWP,WE,Towers with Radar,173,26,5,7,211,0,1,10,6,17,173,27,15,13,228,0,0,0,228
09/26/2020,SMF,CA,AWP,WE,Towers with Radar,165,17,2,0,184,0,0,8,0,8,165,17,10,0,192,0,0,0,192
09/27/2020,SMF,CA,AWP,WE,Towers with Radar,168,14,3,0,185,0,0,10,0,10,168,14,13,0,195,0,0,0,195
09/28/2020,SMF,CA,AWP,WE,Towers with Radar,164,25,3,4,196,0,0,10,4,14,164,25,13,8,210,4,8,12,222
09/29/2020,SMF,CA,AWP,WE,Towers with Radar,174,24,5,5,208,0,0,3,1,4,174,24,8,6,212,0,8,8,220
09/30/2020,SMF,CA,AWP,WE,Towers with Radar,166,29,3,5,203,0,0,3,1,4,166,29,6,6,207,0,0,0,207
10/01/2020,SMF,CA,AWP,WE,Towers with Radar,180,25,9,2,216,0,0,1,0,1,180,25,10,2,217,0,0,0,217
10/02/2020,SMF,CA,AWP,WE,Towers with Radar,183,23,11,0,217,0,1,0,0,1,183,24,11,0,218,0,0,0,218
10/03/2020,SMF,CA,AWP,WE,Towers with Radar,173,11,4,0,188,0,0,4,0,4,173,11,8,0,192,0,0,0,192
10/04/2020,SMF,CA,AWP,WE,Towers with Radar,182,9,5,0,196,0,0,4,1,5,182,9,9,1,201,0,0,0,201
10/05/2020,SMF,CA,AWP,WE,Towers with Radar,200,21,8,2,231,0,0,10,0,10,200,21,18,2,241,12,0,12,253
10/06/2020,SMF,CA,AWP,WE,Towers with Radar,164,21,12,0,197,0,0,2,2,4,164,21,14,2,201,2,4,6,207
10/07/2020,SMF,CA,AWP,WE,Towers with Radar,169,27,7,8,211,0,0,11,1,12,169,27,18,9,223,8,6,14,237
10/08/2020,SMF,CA,AWP,WE,Towers with Radar,189,20,12,4,225,0,0,10,0,10,189,20,22,4,235,0,0,0,235
10/09/2020,SMF,CA,AWP,WE,Towers with Radar,188,21,6,6,221,0,2,7,0,9,188,23,13,6,230,8,0,8,238
10/10/2020,SMF,CA,AWP,WE,Towers with Radar,173,16,5,0,194,0,4,5,0,9,173,20,10,0,203,8,0,8,211
10/11/2020,SMF,CA,AWP,WE,Towers with Radar,187,7,4,0,198,0,0,6,0,6,187,7,10,0,204,0,0,0,204
10/12/2020,SMF,CA,AWP,WE,Towers with Radar,183,25,5,0,213,0,1,7,0,8,183,26,12,0,221,8,0,8,229
10/13/2020,SMF,CA,AWP,WE,Towers with Radar,168,24,7,7,206,0,0,25,1,26,168,24,32,8,232,18,32,50,282
10/14/2020,SMF,CA,AWP,WE,Towers with Radar,172,21,9,3,205,0,0,17,5,22,172,21,26,8,227,18,12,30,257
10/15/2020,SMF,CA,AWP,WE,Towers with Radar,189,26,4,8,227,0,0,25,4,29,189,26,29,12,256,34,15,49,305
10/16/2020,SMF,CA,AWP,WE,Towers with Radar,196,24,5,5,230,0,0,10,0,10,196,24,15,5,240,14,0,14,254
10/17/2020,SMF,CA,AWP,WE,Towers with Radar,182,10,4,0,196,0,0,7,0,7,182,10,11,0,203,0,0,0,203
10/18/2020,SMF,CA,AWP,WE,Towers with Radar,193,5,5,0,203,0,0,8,0,8,193,5,13,0,211,0,0,0,211
10/19/2020,SMF,CA,AWP,WE,Towers with Radar,190,18,9,2,219,0,0,18,2,20,190,18,27,4,239,16,10,26,265
10/20/2020,SMF,CA,AWP,WE,Towers with Radar,174,20,13,8,215,0,0,6,5,11,174,20,19,13,226,0,34,34,260
10/21/2020,SMF,CA,AWP,WE,Towers with Radar,177,29,6,5,217,0,2,18,0,20,177,31,24,5,237,22,0,22,259
10/22/2020,SMF,CA,AWP,WE,Towers with Radar,187,26,8,4,225,0,0,11,0,11,187,26,19,4,236,4,4,8,244
10/23/2020,SMF,CA,AWP,WE,Towers with Radar,190,22,6,0,218,0,0,10,0,10,190,22,16,0,228,0,0,0,228
10/24/2020,SMF,CA,AWP,WE,Towers with Radar,172,10,3,0,185,0,0,6,0,6,172,10,9,0,191,0,0,0,191
10/25/2020,SMF,CA,AWP,WE,Towers with Radar,189,12,5,0,206,0,3,4,0,7,189,15,9,0,213,0,0,0,213
10/26/2020,SMF,CA,AWP,WE,Towers with Radar,186,22,6,14,228,0,1,9,11,21,186,23,15,25,249,0,34,34,283
10/27/2020,SMF,CA,AWP,WE,Towers with Radar,177,24,8,0,209,0,0,10,0,10,177,24,18,0,219,2,0,2,221
10/28/2020,SMF,CA,AWP,WE,Towers with Radar,178,24,17,0,219,0,0,18,0,18,178,24,35,0,237,0,0,0,237
10/29/2020,SMF,CA,AWP,WE,Towers with Radar,185,27,1,2,215,0,3,11,2,16,185,30,12,4,231,6,18,24,255
10/30/2020,SMF,CA,AWP,WE,Towers with Radar,185,24,5,0,214,0,1,10,0,11,185,25,15,0,225,7,0,7,232
10/31/2020,SMF,CA,AWP,WE,Towers with Radar,170,13,2,0,185,0,0,4,0,4,170,13,6,0,189,6,0,6,195
11/01/2020,SMF,CA,AWP,WE,Towers with Radar,193,5,4,0,202,0,0,13,0,13,193,5,17,0,215,16,0,16,231
11/02/2020,SMF,CA,AWP,WE,Towers with Radar,181,23,9,1,214,0,1,12,5,18,181,24,21,6,232,4,0,4,236
11/03/2020,SMF,CA,AWP,WE,Towers with Radar,173,22,7,0,202,0,2,10,2,14,173,24,17,2,216,8,4,12,228
11/04/2020,SMF,CA,AWP,WE,Towers with Radar,175,23,6,1,205,0,0,14,1,15,175,23,20,2,220,2,0,2,222
11/05/2020,SMF,CA,AWP,WE,Towers with Radar,216,22,8,2,248,0,2,5,0,7,216,24,13,2,255,0,0,0,255
11/06/2020,SMF,CA,AWP,WE,Towers with Radar,211,29,4,0,244,0,2,5,2,9,211,31,9,2,253,0,0,0,253
11/07/2020,SMF,CA,AWP,WE,Towers with Radar,165,13,3,0,181,0,0,8,0,8,165,13,11,0,189,0,0,0,189
11/08/2020,SMF,CA,AWP,WE,Towers with Radar,221,10,2,0,233,0,0,2,0,2,221,10,4,0,235,0,0,0,235
11/09/2020,SMF,CA,AWP,WE,Towers with Radar,203,24,11,0,238,0,2,9,0,11,203,26,20,0,249,0,0,0,249
11/10/2020,SMF,CA,AWP,WE,Towers with Radar,168,25,7,4,204,0,2,13,2,17,168,27,20,6,221,22,4,26,247
11/11/2020,SMF,CA,AWP,WE,Towers with Radar,180,23,7,0,210,0,2,8,0,10,180,25,15,0,220,12,0,12,232
11/12/2020,SMF,CA,AWP,WE,Towers with Radar,205,25,3,0,233,0,2,7,2,11,205,27,10,2,244,22,8,30,274
11/13/2020,SMF,CA,AWP,WE,Towers with Radar,212,21,3,2,238,0,0,1,2,3,212,21,4,4,241,0,6,6,247
11/14/2020,SMF,CA,AWP,WE,Towers with Radar,174,12,7,2,195,0,0,10,0,10,174,12,17,2,205,2,0,2,207
11/15/2020,SMF,CA,AWP,WE,Towers with Radar,211,10,6,0,227,0,0,6,0,6,211,10,12,0,233,0,0,0,233
11/16/2020,SMF,CA,AWP,WE,Towers with Radar,201,21,7,4,233,0,0,11,4,15,201,21,18,8,248,0,0,0,248
11/17/2020,SMF,CA,AWP,WE,Towers with Radar,169,32,10,4,215,0,0,2,2,4,169,32,12,6,219,0,0,0,219
11/18/2020,SMF,CA,AWP,WE,Towers with Radar,185,26,2,8,221,0,0,6,1,7,185,26,8,9,228,8,4,12,240
11/19/2020,SMF,CA,AWP,WE,Towers with Radar,220,22,8,0,250,0,0,5,0,5,220,22,13,0,255,22,0,22,277
11/20/2020,SMF,CA,AWP,WE,Towers with Radar,218,23,7,1,249,0,0,7,1,8,218,23,14,2,257,12,4,16,273
11/21/2020,SMF,CA,AWP,WE,Towers with Radar,211,18,5,0,234,0,0,4,0,4,211,18,9,0,238,0,0,0,238
11/22/2020,SMF,CA,AWP,WE,Towers with Radar,212,15,9,0,236,0,0,8,0,8,212,15,17,0,244,0,0,0,244
11/23/2020,SMF,CA,AWP,WE,Towers with Radar,216,22,7,0,245,0,1,8,2,11,216,23,15,2,256,0,2,2,258
11/24/2020,SMF,CA,AWP,WE,Towers with Radar,226,31,8,1,266,0,0,10,1,11,226,31,18,2,277,0,6,6,283
11/25/2020,SMF,CA,AWP,WE,Towers with Radar,233,23,7,0,263,0,1,11,0,12,233,24,18,0,275,0,0,0,275
11/26/2020,SMF,CA,AWP,WE,Towers with Radar,151,8,1,0,160,0,0,3,0,3,151,8,4,0,163,0,0,0,163
11/27/2020,SMF,CA,AWP,WE,Towers with Radar,199,23,2,0,224,0,0,11,0,11,199,23,13,0,235,6,0,6,241
11/28/2020,SMF,CA,AWP,WE,Towers with Radar,215,17,8,0,240,0,1,1,0,2,215,18,9,0,242,2,0,2,244
11/29/2020,SMF,CA,AWP,WE,Towers with Radar,237,14,4,2,257,0,0,10,0,10,237,14,14,2,267,8,0,8,275
11/30/2020,SMF,CA,AWP,WE,Towers with Radar,224,25,9,3,261,0,0,10,1,11,224,25,19,4,272,0,0,0,272
12/01/2020,SMF,CA,AWP,WE,Towers with Radar,226,28,9,0,263,0,0,19,1,20,226,28,28,1,283,24,0,24,307
12/02/2020,SMF,CA,AWP,WE,Towers with Radar,175,32,3,0,210,0,0,15,0,15,175,32,18,0,225,0,0,0,225
12/03/2020,SMF,CA,AWP,WE,Towers with Radar,188,27,8,0,223,0,0,12,0,12,188,27,20,0,235,22,0,22,257
12/04/2020,SMF,CA,AWP,WE,Towers with Radar,195,30,6,0,231,0,0,9,2,11,195,30,15,2,242,0,0,0,242
12/05/2020,SMF,CA,AWP,WE,Towers with Radar,168,13,1,0,182,0,0,14,0,14,168,13,15,0,196,6,0,6,202
12/06/2020,SMF,CA,AWP,WE,Towers with Radar,190,9,2,0,201,0,0,9,0,9,190,9,11,0,210,0,0,0,210
12/07/2020,SMF,CA,AWP,WE,Towers with Radar,179,22,8,6,215,0,0,9,1,10,179,22,17,7,225,0,10,10,235
12/08/2020,SMF,CA,AWP,WE,Towers with Radar,171,20,6,5,202,0,4,13,0,17,171,24,19,5,219,0,8,8,227
12/09/2020,SMF,CA,AWP,WE,Towers with Radar,173,23,4,0,200,0,0,10,0,10,173,23,14,0,210,0,0,0,210
12/10/2020,SMF,CA,AWP,WE,Towers with Radar,194,27,16,0,237,0,1,10,1,12,194,28,26,1,249,4,0,4,253
12/11/2020,SMF,CA,AWP,WE,Towers with Radar,194,24,9,0,227,0,1,8,0,9,194,25,17,0,236,0,0,0,236
12/12/2020,SMF,CA,AWP,WE,Towers with Radar,176,12,3,0,191,0,0,2,0,2,176,12,5,0,193,0,0,0,193
12/13/2020,SMF,CA,AWP,WE,Towers with Radar,192,8,7,0,207,0,0,0,0,0,192,8,7,0,207,0,0,0,207
12/14/2020,SMF,CA,AWP,WE,Towers with Radar,183,27,4,0,214,0,3,11,0,14,183,30,15,0,228,40,0,40,268
12/15/2020,SMF,CA,AWP,WE,Towers with Radar,172,26,10,0,208,0,0,11,2,13,172,26,21,2,221,0,0,0,221
12/16/2020,SMF,CA,AWP,WE,Towers with Radar,180,25,11,0,216,0,0,4,0,4,180,25,15,0,220,2,0,2,222
12/17/2020,SMF,CA,AWP,WE,Towers with Radar,219,30,7,4,260,0,0,8,0,8,219,30,15,4,268,24,4,28,296
12/18/2020,SMF,CA,AWP,WE,Towers with Radar,226,31,13,0,270,0,2,10,0,12,226,33,23,0,282,0,0,0,282
12/19/2020,SMF,CA,AWP,WE,Towers with Radar,222,18,3,0,243,0,2,6,0,8,222,20,9,0,251,0,0,0,251
12/20/2020,SMF,CA,AWP,WE,Towers with Radar,223,4,4,0,231,0,0,4,0,4,223,4,8,0,235,0,0,0,235
12/21/2020,SMF,CA,AWP,WE,Towers with Radar,222,20,6,0,248,0,0,0,0,0,222,20,6,0,248,0,0,0,248
12/22/2020,SMF,CA,AWP,WE,Towers with Radar,222,31,11,0,264,0,0,19,0,19,222,31,30,0,283,24,2,26,309
12/23/2020,SMF,CA,AWP,WE,Towers with Radar,238,30,5,1,274,0,0,8,1,9,238,30,13,2,283,0,0,0,283
12/24/2020,SMF,CA,AWP,WE,Towers with Radar,170,20,2,0,192,0,0,0,0,0,170,20,2,0,192,0,0,0,192
12/25/2020,SMF,CA,AWP,WE,Towers with Radar,144,4,0,0,148,0,0,2,0,2,144,4,2,0,150,0,0,0,150
12/26/2020,SMF,CA,AWP,WE,Towers with Radar,207,16,0,0,223,0,0,6,0,6,207,16,6,0,229,0,0,0,229
12/27/2020,SMF,CA,AWP,WE,Towers with Radar,236,9,3,0,248,0,0,8,0,8,236,9,11,0,256,0,0,0,256
12/28/2020,SMF,CA,AWP,WE,Towers with Radar,206,22,13,2,243,0,7,1,0,8,206,29,14,2,251,2,2,4,255
12/29/2020,SMF,CA,AWP,WE,Towers with Radar,214,27,5,0,246,0,5,24,2,31,214,32,29,2,277,22,10,32,309
12/30/2020,SMF,CA,AWP,WE,Towers with Radar,219,25,5,1,250,0,0,6,1,7,219,25,11,2,257,0,4,4,261
12/31/2020,SMF,CA,AWP,WE,Towers with Radar,169,22,2,0,193,0,0,6,0,6,169,22,8,0,199,2,0,2,201
01/01/2021,SMF,CA,AWP,WE,Towers with Radar,162,8,1,0,171,0,0,2,0,2,162,8,3,0,173,0,0,0,173
01/02/2021,SMF,CA,AWP,WE,Towers with Radar,210,16,5,0,231,0,0,0,0,0,210,16,5,0,231,0,0,0,231
01/03/2021,SMF,CA,AWP,WE,Towers with Radar,245,10,12,0,267,0,0,1,0,1,245,10,13,0,268,0,0,0,268
01/04/2021,SMF,CA,AWP,WE,Towers with Radar,213,24,6,0,243,0,0,3,0,3,213,24,9,0,246,0,0,0,246
01/05/2021,SMF,CA,AWP,WE,Towers with Radar,209,26,13,0,248,0,0,8,0,8,209,26,21,0,256,20,0,20,276
01/06/2021,SMF,CA,AWP,WE,Towers with Radar,202,24,2,0,228,0,0,7,0,7,202,24,9,0,235,0,0,0,235
01/07/2021,SMF,CA,AWP,WE,Towers with Radar,199,22,10,0,231,0,1,6,0,7,199,23,16,0,238,12,0,12,250
01/08/2021,SMF,CA,AWP,WE,Towers with Radar,195,24,7,0,226,0,2,7,0,9,195,26,14,0,235,0,0,0,235
01/09/2021,SMF,CA,AWP,WE,Towers with Radar,176,14,5,0,195,0,1,15,0,16,176,15,20,0,211,20,0,20,231
01/10/2021,SMF,CA,AWP,WE,Towers with Radar,187,11,9,0,207,0,0,3,0,3,187,11,12,0,210,0,0,0,210
01/11/2021,SMF,CA,AWP,WE,Towers with Radar,190,20,11,0,221,0,1,10,0,11,190,21,21,0,232,0,0,0,232
01/12/2021,SMF,CA,AWP,WE,Towers with Radar,183,25,9,0,217,0,0,2,0,2,183,25,11,0,219,0,0,0,219
01/13/2021,SMF,CA,AWP,WE,Towers with Radar,181,29,10,2,222,0,0,9,2,11,181,29,19,4,233,2,2,4,237
01/14/2021,SMF,CA,AWP,WE,Towers with Radar,190,27,9,4,230,0,0,5,2,7,190,27,14,6,237,6,36,42,279
01/15/2021,SMF,CA,AWP,WE,Towers with Radar,190,27,11,1,229,0,0,10,1,11,190,27,21,2,240,6,2,8,248
01/16/2021,SMF,CA,AWP,WE,Towers with Radar,165,12,0,0,177,0,0,7,1,8,165,12,7,1,185,0,0,0,185
01/17/2021,SMF,CA,AWP,WE,Towers with Radar,182,6,2,0,190,0,0,4,0,4,182,6,6,0,194,0,0,0,194
01/18/2021,SMF,CA,AWP,WE,Towers with Radar,184,22,7,0,213,0,0,9,0,9,184,22,16,0,222,14,0,14,236
01/19/2021,SMF,CA,AWP,WE,Towers with Radar,182,23,4,2,211,0,0,4,2,6,182,23,8,4,217,2,16,18,235
01/20/2021,SMF,CA,AWP,WE,Towers with Radar,182,24,7,1,214,0,2,20,0,22,182,26,27,1,236,16,10,26,262
01/21/2021,SMF,CA,AWP,WE,Towers with Radar,186,23,3,7,219,0,0,17,2,19,186,23,20,9,238,24,16,40,278
01/22/2021,SMF,CA,AWP,WE,Towers with Radar,194,21,12,13,240,0,0,9,8,17,194,21,21,21,257,0,38,38,295
01/23/2021,SMF,CA,AWP,WE,Towers with Radar,162,16,3,0,181,0,0,2,0,2,162,16,5,0,183,0,0,0,183
01/24/2021,SMF,CA,AWP,WE,Towers with Radar,190,6,1,0,197,0,0,0,0,0,190,6,1,0,197,0,0,0,197
01/25/2021,SMF,CA,AWP,WE,Towers with Radar,182,22,1,2,207,0,1,3,2,6,182,23,4,4,213,0,18,18,231
01/26/2021,SMF,CA,AWP,WE,Towers with Radar,175,23,4,15,217,0,0,0,4,4,175,23,4,19,221,0,32,32,253
01/27/2021,SMF,CA,AWP,WE,Towers with Radar,186,21,2,1,210,0,2,0,0,2,186,23,2,1,212,0,0,0,212
01/28/2021,SMF,CA,AWP,WE,Towers with Radar,182,29,11,30,252,0,0,0,0,0,182,29,11,30,252,0,10,10,262
01/29/2021,SMF,CA,AWP,WE,Towers with Radar,188,27,36,6,257,0,1,5,0,6,188,28,41,6,263,2,0,2,265
01/30/2021,SMF,CA,AWP,WE,Towers with Radar,163,14,1,0,178,0,0,5,0,5,163,14,6,0,183,2,0,2,185
01/31/2021,SMF,CA,AWP,WE,Towers with Radar,185,10,7,0,202,0,0,4,0,4,185,10,11,0,206,0,0,0,206
02/01/2021,SMF,CA,AWP,WE,Towers with Radar,184,20,4,1,209,0,0,6,5,11,184,20,10,6,220,2,18,20,240
02/02/2021,SMF,CA,AWP,WE,Towers with Radar,181,25,6,6,218,0,0,0,0,0,181,25,6,6,218,0,6,6,224
02/03/2021,SMF,CA,AWP,WE,Towers with Radar,171,23,4,11,209,0,4,5,2,11,171,27,9,13,220,0,0,0,220
02/04/2021,SMF,CA,AWP,WE,Towers with Radar,182,33,10,13,238,0,2,10,12,24,182,35,20,25,262,0,50,50,312
02/05/2021,SMF,CA,AWP,WE,Towers with Radar,190,25,10,10,235,0,0,22,0,22,190,25,32,10,257,2,12,14,271
02/06/2021,SMF,CA,AWP,WE,Towers with Radar,168,18,6,6,198,0,3,9,0,12,168,21,15,6,210,0,6,6,216
02/07/2021,SMF,CA,AWP,WE,Towers with Radar,186,7,7,0,200,0,2,10,0,12,186,9,17,0,212,0,0,0,212
02/08/2021,SMF,CA,AWP,WE,Towers with Radar,180,23,10,15,228,0,0,24,1,25,180,23,34,16,253,18,24,42,295
02/09/2021,SMF,CA,AWP,WE,Towers with Radar,181,25,4,3,213,0,1,16,3,20,181,26,20,6,233,4,42,46,279
02/10/2021,SMF,CA,AWP,WE,Towers with Radar,183,31,15,8,237,0,0,27,3,30,183,31,42,11,267,0,36,36,303
02/11/2021,SMF,CA,AWP,WE,Towers with Radar,178,29,7,16,230,0,3,8,3,14,178,32,15,19,244,0,46,46,290
02/12/2021,SMF,CA,AWP,WE,Towers with Radar,189,27,8,8,232,0,1,16,1,18,189,28,24,9,250,8,22,30,280
02/13/2021,SMF,CA,AWP,WE,Towers with Radar,148,16,3,0,167,0,1,2,0,3,148,17,5,0,170,0,0,0,170
02/14/2021,SMF,CA,AWP,WE,Towers with Radar,156,15,3,0,174,0,0,5,0,5,156,15,8,0,179,24,0,24,203
02/15/2021,SMF,CA,AWP,WE,Towers with Radar,175,24,10,0,209,0,0,1,0,1,175,24,11,0,210,0,0,0,210
02/16/2021,SMF,CA,AWP,WE,Towers with Radar,164,27,6,1,198,0,0,12,1,13,164,27,18,2,211,6,12,18,229
02/17/2021,SMF,CA,AWP,WE,Towers with Radar,159,26,11,8,204,0,2,10,3,15,159,28,21,11,219,0,0,0,219
02/18/2021,SMF,CA,AWP,WE,Towers with Radar,179,24,6,3,212,0,0,16,2,18,179,24,22,5,230,0,22,22,252
02/19/2021,SMF,CA,AWP,WE,Towers with Radar,190,24,6,3,223,0,0,0,0,0,190,24,6,3,223,0,0,0,223
02/20/2021,SMF,CA,AWP,WE,Towers with Radar,155,14,8,1,178,0,0,10,1,11,155,14,18,2,189,26,0,26,215
02/21/2021,SMF,CA,AWP,WE,Towers with Radar,181,15,4,0,200,0,0,1,1,2,181,15,5,1,202,0,0,0,202
02/22/2021,SMF,CA,AWP,WE,Towers with Radar,189,16,6,4,215,0,0,14,2,16,189,16,20,6,231,20,30,50,281
02/23/2021,SMF,CA,AWP,WE,Towers with Radar,173,24,1,9,207,0,0,2,3,5,173,24,3,12,212,0,8,8,220
02/24/2021,SMF,CA,AWP,WE,Towers with Radar,174,26,3,6,209,0,2,5,2,9,174,28,8,8,218,0,6,6,224
02/25/2021,SMF,CA,AWP,WE,Towers with Radar,185,21,10,4,220,0,2,7,2,11,185,23,17,6,231,20,16,36,267
02/26/2021,SMF,CA,AWP,WE,Towers with Radar,195,32,8,2,237,0,0,20,2,22,195,32,28,4,259,8,14,22,281
02/27/2021,SMF,CA,AWP,WE,Towers with Radar,159,15,4,1,179,0,1,3,2,6,159,16,7,3,185,0,10,10,195
02/28/2021,SMF,CA,AWP,WE,Towers with Radar,183,16,7,3,209,0,0,8,1,9,183,16,15,4,218,0,0,0,218
03/01/2021,SMF,CA,AWP,WE,Towers with Radar,186,26,7,0,219,0,1,5,0,6,186,27,12,0,225,0,0,0,225
03/02/2021,SMF,CA,AWP,WE,Towers with Radar,176,31,3,0,210,0,0,15,2,17,176,31,18,2,227,18,6,24,251
03/03/2021,SMF,CA,AWP,WE,Towers with Radar,172,30,4,4,210,0,0,14,0,14,172,30,18,4,224,6,0,6,230
03/04/2021,SMF,CA,AWP,WE,Towers with Radar,177,28,4,2,211,0,0,7,3,10,177,28,11,5,221,0,12,12,233
03/05/2021,SMF,CA,AWP,WE,Towers with Radar,190,24,3,1,218,0,0,18,1,19,190,24,21,2,237,18,16,34,271
03/06/2021,SMF,CA,AWP,WE,Towers with Radar,165,19,9,0,193,0,1,6,0,7,165,20,15,0,200,0,0,0,200
03/07/2021,SMF,CA,AWP,WE,Towers with Radar,203,16,8,1,228,0,0,9,1,10,203,16,17,2,238,2,16,18,256
03/08/2021,SMF,CA,AWP,WE,Towers with Radar,204,26,7,1,238,0,1,3,1,5,204,27,10,2,243,0,0,0,243
03/09/2021,SMF,CA,AWP,WE,Towers with Radar,173,22,11,12,218,0,0,4,1,5,173,22,15,13,223,10,6,16,239
03/10/2021,SMF,CA,AWP,WE,Towers with Radar,180,28,3,1,212,0,0,1,0,1,180,28,4,1,213,0,0,0,213
03/11/2021,SMF,CA,AWP,WE,Towers with Radar,212,29,8,0,249,0,0,14,0,14,212,29,22,0,263,0,0,0,263
03/12/2021,SMF,CA,AWP,WE,Towers with Radar,224,29,12,1,266,0,0,7,1,8,224,29,19,2,274,4,6,10,284
03/13/2021,SMF,CA,AWP,WE,Towers with Radar,176,19,7,2,204,0,0,15,1,16,176,19,22,3,220,10,0,10,230
03/14/2021,SMF,CA,AWP,WE,Towers with Radar,195,9,5,0,209,0,0,3,0,3,195,9,8,0,212,0,0,0,212
03/15/2021,SMF,CA,AWP,WE,Towers with Radar,197,26,6,4,233,0,1,5,4,10,197,27,11,8,243,8,20,28,271
03/16/2021,SMF,CA,AWP,WE,Towers with Radar,210,26,5,1,242,0,2,9,3,14,210,28,14,4,256,6,10,16,272
03/17/2021,SMF,CA,AWP,WE,Towers with Radar,198,27,5,0,230,0,0,14,0,14,198,27,19,0,244,14,0,14,258
03/18/2021,SMF,CA,AWP,WE,Towers with Radar,214,23,4,4,245,0,0,2,0,2,214,23,6,4,247,0,0,0,247
03/19/2021,SMF,CA,AWP,WE,Towers with Radar,220,30,3,0,253,0,0,2,0,2,220,30,5,0,255,0,0,0,255
03/20/2021,SMF,CA,AWP,WE,Towers with Radar,183,22,7,6,218,0,1,5,0,6,183,23,12,6,224,0,0,0,224
03/21/2021,SMF,CA,AWP,WE,Towers with Radar,211,11,3,2,227,0,0,9,0,9,211,11,12,2,236,0,0,0,236
03/22/2021,SMF,CA,AWP,WE,Towers with Radar,219,27,6,0,252,0,1,10,2,13,219,28,16,2,265,0,0,0,265
03/23/2021,SMF,CA,AWP,WE,Towers with Radar,214,27,17,17,275,0,1,13,6,20,214,28,30,23,295,6,44,50,345
03/24/2021,SMF,CA,AWP,WE,Towers with Radar,208,26,8,3,245,0,1,5,2,8,208,27,13,5,253,6,10,16,269
03/25/2021,SMF,CA,AWP,WE,Towers with Radar,212,31,9,5,257,0,0,20,5,25,212,31,29,10,282,20,30,50,332
03/26/2021,SMF,CA,AWP,WE,Towers with Radar,222,32,6,7,267,0,0,7,6,13,222,32,13,13,280,18,14,32,312
03/27/2021,SMF,CA,AWP,WE,Towers with Radar,185,19,8,2,214,0,0,22,1,23,185,19,30,3,237,4,0,4,241
03/28/2021,SMF,CA,AWP,WE,Towers with Radar,216,12,5,1,234,0,0,19,1,20,216,12,24,2,254,8,4,12,266
03/29/2021,SMF,CA,AWP,WE,Towers with Radar,222,26,14,7,269,0,0,12,1,13,222,26,26,8,282,14,0,14,296
03/30/2021,SMF,CA,AWP,WE,Towers with Radar,213,24,9,4,250,0,0,5,8,13,213,24,14,12,263,8,20,28,291
03/31/2021,SMF,CA,AWP,WE,Towers with Radar,212,24,12,1,249,0,0,6,1,7,212,24,18,2,256,0,12,12,268
04/01/2021,SMF,CA,AWP,WE,Towers with Radar,220,31,7,0,258,0,0,8,2,10,220,31,15,2,268,0,0,0,268
04/02/2021,SMF,CA,AWP,WE,Towers with Radar,228,34,16,0,278,0,0,22,0,22,228,34,38,0,300,14,6,20,320
04/03/2021,SMF,CA,AWP,WE,Towers with Radar,186,18,2,0,206,0,0,6,0,6,186,18,8,0,212,0,0,0,212
04/04/2021,SMF,CA,AWP,WE,Towers with Radar,228,14,2,0,244,0,0,3,0,3,228,14,5,0,247,0,0,0,247
04/05/2021,SMF,CA,AWP,WE,Towers with Radar,227,30,9,2,268,0,1,10,2,13,227,31,19,4,281,14,16,30,311
04/06/2021,SMF,CA,AWP,WE,Towers with Radar,224,29,8,2,263,0,2,5,0,7,224,31,13,2,270,4,18,22,292
04/07/2021,SMF,CA,AWP,WE,Towers with Radar,225,30,2,4,261,0,1,3,0,4,225,31,5,4,265,0,10,10,275
04/08/2021,SMF,CA,AWP,WE,Towers with Radar,229,30,5,4,268,0,0,13,4,17,229,30,18,8,285,16,0,16,301
04/09/2021,SMF,CA,AWP,WE,Towers with Radar,241,31,5,3,280,0,0,10,1,11,241,31,15,4,291,0,0,0,291
04/10/2021,SMF,CA,AWP,WE,Towers with Radar,192,15,1,0,208,0,0,6,0,6,192,15,7,0,214,82,0,82,296
04/11/2021,SMF,CA,AWP,WE,Towers with Radar,231,11,2,0,244,0,2,13,0,15,231,13,15,0,259,12,0,12,271
04/12/2021,SMF,CA,AWP,WE,Towers with Radar,218,27,6,5,256,0,2,13,0,15,218,29,19,5,271,2,12,14,285
04/13/2021,SMF,CA,AWP,WE,Towers with Radar,204,34,10,0,248,0,2,17,0,19,204,36,27,0,267,10,0,10,277
04/14/2021,SMF,CA,AWP,WE,Towers with Radar,200,33,8,3,244,0,0,14,3,17,200,33,22,6,261,0,6,6,267
04/15/2021,SMF,CA,AWP,WE,Towers with Radar,217,32,10,0,259,0,0,5,3,8,217,32,15,3,267,20,0,20,287
04/16/2021,SMF,CA,AWP,WE,Towers with Radar,227,24,13,0,264,0,0,14,0,14,227,24,27,0,278,16,0,16,294
04/17/2021,SMF,CA,AWP,WE,Towers with Radar,190,19,2,0,211,0,0,9,0,9,190,19,11,0,220,0,0,0,220
04/18/2021,SMF,CA,AWP,WE,Towers with Radar,216,15,12,0,243,0,0,14,1,15,216,15,26,1,258,0,0,0,258
04/19/2021,SMF,CA,AWP,WE,Towers with Radar,215,29,9,13,266,0,2,14,1,17,215,31,23,14,283,0,6,6,289
04/20/2021,SMF,CA,AWP,WE,Towers with Radar,200,36,10,4,250,0,0,23,4,27,200,36,33,8,277,2,24,26,303
04/21/2021,SMF,CA,AWP,WE,Towers with Radar,197,25,6,5,233,0,0,9,1,10,197,25,15,6,243,4,8,12,255
04/22/2021,SMF,CA,AWP,WE,Towers with Radar,223,34,8,0,265,0,0,16,0,16,223,34,24,0,281,2,0,2,283
04/23/2021,SMF,CA,AWP,WE,Towers with Radar,225,30,6,1,262,0,0,16,3,19,225,30,22,4,281,8,12,20,301
04/24/2021,SMF,CA,AWP,WE,Towers with Radar,189,13,5,2,209,0,0,12,0,12,189,13,17,2,221,18,0,18,239
04/25/2021,SMF,CA,AWP,WE,Towers with Radar,218,14,4,0,236,0,0,2,0,2,218,14,6,0,238,0,0,0,238
04/26/2021,SMF,CA,AWP,WE,Towers with Radar,220,27,5,5,257,0,0,4,8,12,220,27,9,13,269,0,26,26,295
04/27/2021,SMF,CA,AWP,WE,Towers with Radar,196,28,7,1,232,0,0,12,2,14,196,28,19,3,246,14,20,34,280
04/28/2021,SMF,CA,AWP,WE,Towers with Radar,196,25,9,2,232,0,0,13,1,14,196,25,22,3,246,8,6,14,260
04/29/2021,SMF,CA,AWP,WE,Towers with Radar,221,32,6,11,270,0,1,9,4,14,221,33,15,15,284,10,38,48,332
04/30/2021,SMF,CA,AWP,WE,Towers with Radar,222,25,5,2,254,0,0,17,1,18,222,25,22,3,272,34,2,36,308
05/01/2021,SMF,CA,AWP,WE,Towers with Radar,188,17,4,1,210,0,1,3,0,4,188,18,7,1,214,0,0,0,214
05/02/2021,SMF,CA,AWP,WE,Towers with Radar,217,10,2,0,229,0,0,8,0,8,217,10,10,0,237,2,0,2,239
05/03/2021,SMF,CA,AWP,WE,Towers with Radar,214,26,12,5,257,0,1,12,8,21,214,27,24,13,278,2,22,24,302
05/04/2021,SMF,CA,AWP,WE,Towers with Radar,197,32,8,2,239,0,1,15,1,17,197,33,23,3,256,38,6,44,300
05/05/2021,SMF,CA,AWP,WE,Towers with Radar,205,35,13,3,256,0,0,13,3,16,205,35,26,6,272,8,14,22,294
05/06/2021,SMF,CA,AWP,WE,Towers with Radar,223,34,12,3,272,0,0,14,1,15,223,34,26,4,287,0,6,6,293
05/07/2021,SMF,CA,AWP,WE,Towers with Radar,232,34,7,0,273,1,2,15,0,18,233,36,22,0,291,0,0,0,291
05/08/2021,SMF,CA,AWP,WE,Towers with Radar,196,16,1,0,213,0,0,4,0,4,196,16,5,0,217,0,0,0,217
05/09/2021,SMF,CA,AWP,WE,Towers with Radar,244,13,4,0,261,0,0,5,0,5,244,13,9,0,266,0,0,0,266
05/10/2021,SMF,CA,AWP,WE,Towers with Radar,243,29,11,5,288,0,1,21,3,25,243,30,32,8,313,10,24,34,347
05/11/2021,SMF,CA,AWP,WE,Towers with Radar,213,33,9,4,259,0,2,9,1,12,213,35,18,5,271,4,8,12,283
05/12/2021,SMF,CA,AWP,WE,Towers with Radar,225,28,4,5,262,0,1,9,5,15,225,29,13,10,277,12,42,54,331
05/13/2021,SMF,CA,AWP,WE,Towers with Radar,246,32,5,3,286,0,4,11,2,17,246,36,16,5,303,32,12,44,347
05/14/2021,SMF,CA,AWP,WE,Towers with Radar,254,29,10,0,293,0,4,14,4,22,254,33,24,4,315,4,10,14,329
05/15/2021,SMF,CA,AWP,WE,Towers with Radar,205,22,7,0,234,0,0,2,1,3,205,22,9,1,237,0,0,0,237
05/16/2021,SMF,CA,AWP,WE,Towers with Radar,239,16,3,0,258,0,0,9,0,9,239,16,12,0,267,4,0,4,271
05/17/2021,SMF,CA,AWP,WE,Towers with Radar,247,28,6,7,288,0,1,19,7,27,247,29,25,14,315,20,32,52,367
05/18/2021,SMF,CA,AWP,WE,Towers with Radar,226,30,7,2,265,0,0,13,3,16,226,30,20,5,281,0,0,0,281
05/19/2021,SMF,CA,AWP,WE,Towers with Radar,225,27,10,2,264,0,0,8,6,14,225,27,18,8,278,0,0,0,278
05/20/2021,SMF,CA,AWP,WE,Towers with Radar,250,29,11,12,302,0,1,15,0,16,250,30,26,12,318,0,0,0,318
05/21/2021,SMF,CA,AWP,WE,Towers with Radar,260,31,11,10,312,0,0,16,1,17,260,31,27,11,329,22,28,50,379
05/22/2021,SMF,CA,AWP,WE,Towers with Radar,207,17,2,0,226,0,0,6,0,6,207,17,8,0,232,0,0,0,232
05/23/2021,SMF,CA,AWP,WE,Towers with Radar,244,11,4,0,259,0,0,13,2,15,244,11,17,2,274,6,0,6,280
05/24/2021,SMF,CA,AWP,WE,Towers with Radar,251,26,11,0,288,0,0,11,4,15,251,26,22,4,303,2,6,8,311
05/25/2021,SMF,CA,AWP,WE,Towers with Radar,230,29,15,4,278,0,2,10,2,14,230,31,25,6,292,24,16,40,332
05/26/2021,SMF,CA,AWP,WE,Towers with Radar,232,28,5,0,265,0,0,25,0,25,232,28,30,0,290,36,18,54,344
05/27/2021,SMF,CA,AWP,WE,Towers with Radar,247,33,12,12,304,0,0,18,6,24,247,33,30,18,328,2,34,36,364
05/28/2021,SMF,CA,AWP,WE,Towers with Radar,261,31,5,0,297,0,1,19,1,21,261,32,24,1,318,62,0,62,380
05/29/2021,SMF,CA,AWP,WE,Towers with Radar,204,16,4,0,224,0,0,13,0,13,204,16,17,0,237,0,0,0,237
05/30/2021,SMF,CA,AWP,WE,Towers with Radar,241,14,3,0,258,0,0,9,0,9,241,14,12,0,267,0,0,0,267
05/31/2021,SMF,CA,AWP,WE,Towers with Radar,253,10,2,0,265,0,0,1,0,1,253,10,3,0,266,0,0,0,266
06/01/2021,SMF,CA,AWP,WE,Towers with Radar,244,25,5,4,278,0,3,7,1,11,244,28,12,5,289,18,16,34,323
06/02/2021,SMF,CA,AWP,WE,Towers with Radar,250,24,8,2,284,0,2,4,0,6,250,26,12,2,290,0,0,0,290
06/03/2021,SMF,CA,AWP,WE,Towers with Radar,266,28,10,6,310,0,0,23,5,28,266,28,33,11,338,68,10,78,416
06/04/2021,SMF,CA,AWP,WE,Towers with Radar,279,31,11,0,321,0,1,15,0,16,279,32,26,0,337,4,0,4,341
06/05/2021,SMF,CA,AWP,WE,Towers with Radar,225,17,6,0,248,0,0,5,1,6,225,17,11,1,254,0,0,0,254
06/06/2021,SMF,CA,AWP,WE,Towers with Radar,257,14,7,0,278,0,0,9,0,9,257,14,16,0,287,0,0,0,287
06/07/2021,SMF,CA,AWP,WE,Towers with Radar,284,25,10,2,321,0,0,19,8,27,284,25,29,10,348,10,36,46,394
06/08/2021,SMF,CA,AWP,WE,Towers with Radar,289,30,7,1,327,0,0,9,0,9,289,30,16,1,336,24,8,32,368
06/09/2021,SMF,CA,AWP,WE,Towers with Radar,287,33,5,3,328,0,0,8,1,9,287,33,13,4,337,0,10,10,347
06/10/2021,SMF,CA,AWP,WE,Towers with Radar,296,32,8,8,344,0,0,19,1,20,296,32,27,9,364,56,14,70,434
06/11/2021,SMF,CA,AWP,WE,Towers with Radar,308,27,11,4,350,0,0,17,4,21,308,27,28,8,371,6,28,34,405
06/12/2021,SMF,CA,AWP,WE,Towers with Radar,233,18,3,0,254,0,0,10,0,10,233,18,13,0,264,0,0,0,264
06/13/2021,SMF,CA,AWP,WE,Towers with Radar,269,17,6,0,292,0,0,12,0,12,269,17,18,0,304,0,0,0,304
06/14/2021,SMF,CA,AWP,WE,Towers with Radar,278,31,9,3,321,0,0,11,1,12,278,31,20,4,333,4,4,8,341
06/15/2021,SMF,CA,AWP,WE,Towers with Radar,266,26,7,2,301,0,0,21,0,21,266,26,28,2,322,18,0,18,340
06/16/2021,SMF,CA,AWP,WE,Towers with Radar,272,33,6,3,314,0,0,17,6,23,272,33,23,9,337,62,8,70,407
06/17/2021,SMF,CA,AWP,WE,Towers with Radar,299,25,6,0,330,0,0,7,0,7,299,25,13,0,337,0,0,0,337
06/18/2021,SMF,CA,AWP,WE,Towers with Radar,299,24,5,0,328,0,0,6,0,6,299,24,11,0,334,14,0,14,348
06/19/2021,SMF,CA,AWP,WE,Towers with Radar,243,19,2,0,264,0,0,13,1,14,243,19,15,1,278,8,8,16,294
06/20/2021,SMF,CA,AWP,WE,Towers with Radar,272,8,4,2,286,0,0,13,0,13,272,8,17,2,299,0,0,0,299
06/21/2021,SMF,CA,AWP,WE,Towers with Radar,289,32,8,8,337,0,1,8,0,9,289,33,16,8,346,0,6,6,352
06/22/2021,SMF,CA,AWP,WE,Towers with Radar,298,29,8,2,337,0,3,16,4,23,298,32,24,6,360,40,16,56,416
06/23/2021,SMF,CA,AWP,WE,Towers with Radar,294,30,10,5,339,0,0,5,7,12,294,30,15,12,351,8,52,60,411
06/24/2021,SMF,CA,AWP,WE,Towers with Radar,293,29,7,5,334,0,0,3,4,7,293,29,10,9,341,6,12,18,359
06/25/2021,SMF,CA,AWP,WE,Towers with Radar,302,33,21,4,360,0,0,12,5,17,302,33,33,9,377,24,28,52,429
06/26/2021,SMF,CA,AWP,WE,Towers with Radar,241,22,8,0,271,0,2,5,2,9,241,24,13,2,280,10,0,10,290
06/27/2021,SMF,CA,AWP,WE,Towers with Radar,270,11,9,0,290,0,0,8,0,8,270,11,17,0,298,0,0,0,298
06/28/2021,SMF,CA,AWP,WE,Towers with Radar,301,26,5,4,336,0,1,11,1,13,301,27,16,5,349,18,18,36,385
06/29/2021,SMF,CA,AWP,WE,Towers with Radar,300,30,7,2,339,0,1,17,0,18,300,31,24,2,357,6,0,6,363
06/30/2021,SMF,CA,AWP,WE,Towers with Radar,290,30,11,2,333,0,0,9,0,9,290,30,20,2,342,0,4,4,346
07/01/2021,SMF,CA,AWP,WE,Towers with Radar,307,37,11,4,359,0,0,12,9,21,307,37,23,13,380,14,22,36,416
07/02/2021,SMF,CA,AWP,WE,Towers with Radar,301,42,8,0,351,0,3,10,0,13,301,45,18,0,364,0,0,0,364
07/03/2021,SMF,CA,AWP,WE,Towers with Radar,234,18,3,0,255,0,0,6,0,6,234,18,9,0,261,18,0,18,279
07/04/2021,SMF,CA,AWP,WE,Towers with Radar,246,14,0,0,260,0,0,1,0,1,246,14,1,0,261,0,0,0,261
07/05/2021,SMF,CA,AWP,WE,Towers with Radar,290,17,2,0,309,0,0,10,0,10,290,17,12,0,319,0,0,0,319
07/06/2021,SMF,CA,AWP,WE,Towers with Radar,280,38,9,0,327,0,0,12,0,12,280,38,21,0,339,20,0,20,359
07/07/2021,SMF,CA,AWP,WE,Towers with Radar,296,38,10,0,344,0,0,20,0,20,296,38,30,0,364,40,0,40,404
07/08/2021,SMF,CA,AWP,WE,Towers with Radar,305,33,13,0,351,0,0,13,4,17,305,33,26,4,368,0,6,6,374
07/09/2021,SMF,CA,AWP,WE,Towers with Radar,307,33,3,1,344,0,0,28,5,33,307,33,31,6,377,0,10,10,387
07/10/2021,SMF,CA,AWP,WE,Towers with Radar,236,20,5,0,261,0,0,6,0,6,236,20,11,0,267,6,0,6,273
07/11/2021,SMF,CA,AWP,WE,Towers with Radar,263,19,7,0,289,0,0,7,0,7,263,19,14,0,296,0,0,0,296
07/12/2021,SMF,CA,AWP,WE,Towers with Radar,302,33,12,4,351,0,0,15,2,17,302,33,27,6,368,4,14,18,386
07/13/2021,SMF,CA,AWP,WE,Towers with Radar,308,38,9,12,367,0,5,15,4,24,308,43,24,16,391,0,14,14,405
07/14/2021,SMF,CA,AWP,WE,Towers with Radar,295,38,3,4,340,0,0,5,4,9,295,38,8,8,349,4,30,34,383
07/15/2021,SMF,CA,AWP,WE,Towers with Radar,309,31,9,1,350,0,0,18,5,23,309,31,27,6,373,14,36,50,423
07/16/2021,SMF,CA,AWP,WE,Towers with Radar,311,32,6,0,349,0,1,19,0,20,311,33,25,0,369,20,0,20,389
07/17/2021,SMF,CA,AWP,WE,Towers with Radar,243,19,1,0,263,0,1,18,0,19,243,20,19,0,282,12,0,12,294
07/18/2021,SMF,CA,AWP,WE,Towers with Radar,263,16,6,0,285,0,0,10,0,10,263,16,16,0,295,4,0,4,299
07/19/2021,SMF,CA,AWP,WE,Towers with Radar,301,29,4,3,337,0,1,15,1,17,301,30,19,4,354,0,12,12,366
07/20/2021,SMF,CA,AWP,WE,Towers with Radar,302,35,6,6,349,0,0,11,6,17,302,35,17,12,366,2,30,32,398
07/21/2021,SMF,CA,AWP,WE,Towers with Radar,300,32,3,3,338,0,0,21,1,22,300,32,24,4,360,18,6,24,384
07/22/2021,SMF,CA,AWP,WE,Towers with Radar,305,31,7,1,344,0,0,7,1,8,305,31,14,2,352,6,0,6,358
07/23/2021,SMF,CA,AWP,WE,Towers with Radar,303,33,5,2,343,0,6,7,2,15,303,39,12,4,358,8,8,16,374
07/24/2021,SMF,CA,AWP,WE,Towers with Radar,240,25,4,0,269,0,2,15,0,17,240,27,19,0,286,8,0,8,294
07/25/2021,SMF,CA,AWP,WE,Towers with Radar,271,23,6,0,300,0,1,11,0,12,271,24,17,0,312,0,0,0,312
07/26/2021,SMF,CA,AWP,WE,Towers with Radar,299,26,5,2,332,0,0,8,2,10,299,26,13,4,342,0,18,18,360
07/27/2021,SMF,CA,AWP,WE,Towers with Radar,298,32,9,8,347,0,0,29,3,32,298,32,38,11,379,0,10,10,389
07/28/2021,SMF,CA,AWP,WE,Towers with Radar,301,34,10,14,359,0,1,12,1,14,301,35,22,15,373,0,10,10,383
07/29/2021,SMF,CA,AWP,WE,Towers with Radar,311,30,10,5,356,0,4,16,6,26,311,34,26,11,382,14,46,60,442
07/30/2021,SMF,CA,AWP,WE,Towers with Radar,308,32,9,2,351,0,0,5,4,9,308,32,14,6,360,0,4,4,364
07/31/2021,SMF,CA,AWP,WE,Towers with Radar,249,19,9,0,277,0,0,11,0,11,249,19,20,0,288,0,0,0,288
08/01/2021,SMF,CA,AWP,WE,Towers with Radar,262,18,3,0,283,0,0,14,0,14,262,18,17,0,297,10,0,10,307
08/02/2021,SMF,CA,AWP,WE,Towers with Radar,297,34,1,4,336,0,0,14,2,16,297,34,15,6,352,18,18,36,388
08/03/2021,SMF,CA,AWP,WE,Towers with Radar,298,33,13,9,353,0,0,10,5,15,298,33,23,14,368,10,24,34,402
08/04/2021,SMF,CA,AWP,WE,Towers with Radar,295,35,10,0,340,0,0,8,2,10,295,35,18,2,350,0,4,4,354
08/05/2021,SMF,CA,AWP,WE,Towers with Radar,306,37,9,6,358,0,2,17,10,29,306,39,26,16,387,10,44,54,441
08/06/2021,SMF,CA,AWP,WE,Towers with Radar,307,34,6,4,351,0,0,9,0,9,307,34,15,4,360,38,4,42,402
08/07/2021,SMF,CA,AWP,WE,Towers with Radar,253,24,10,0,287,0,0,6,1,7,253,24,16,1,294,0,0,0,294
08/08/2021,SMF,CA,AWP,WE,Towers with Radar,279,22,12,3,316,0,0,9,0,9,279,22,21,3,325,4,6,10,335
08/09/2021,SMF,CA,AWP,WE,Towers with Radar,306,27,8,8,349,0,0,6,6,12,306,27,14,14,361,0,16,16,377
08/10/2021,SMF,CA,AWP,WE,Towers with Radar,298,32,10,2,342,0,0,12,0,12,298,32,22,2,354,0,4,4,358
08/11/2021,SMF,CA,AWP,WE,Towers with Radar,305,32,14,7,358,0,0,12,4,16,305,32,26,11,374,0,24,24,398
08/12/2021,SMF,CA,AWP,WE,Towers with Radar,314,32,13,0,359,0,0,16,6,22,314,32,29,6,381,0,42,42,423
08/13/2021,SMF,CA,AWP,WE,Towers with Radar,319,33,10,5,367,0,0,10,3,13,319,33,20,8,380,12,12,24,404
08/14/2021,SMF,CA,AWP,WE,Towers with Radar,242,25,3,0,270,0,0,7,0,7,242,25,10,0,277,0,0,0,277
08/15/2021,SMF,CA,AWP,WE,Towers with Radar,277,18,8,0,303,0,2,7,0,9,277,20,15,0,312,0,0,0,312
08/16/2021,SMF,CA,AWP,WE,Towers with Radar,304,34,2,1,341,0,0,8,1,9,304,34,10,2,350,8,10,18,368
08/17/2021,SMF,CA,AWP,WE,Towers with Radar,295,40,20,11,366,0,0,10,1,11,295,40,30,12,377,0,0,0,377
08/18/2021,SMF,CA,AWP,WE,Towers with Radar,292,33,14,2,341,0,0,1,0,1,292,33,15,2,342,2,0,2,344
08/19/2021,SMF,CA,AWP,WE,Towers with Radar,312,40,10,10,372,0,4,4,6,14,312,44,14,16,386,0,38,38,424
08/20/2021,SMF,CA,AWP,WE,Towers with Radar,308,36,10,13,367,0,1,1,2,4,308,37,11,15,371,0,28,28,399
08/21/2021,SMF,CA,AWP,WE,Towers with Radar,237,23,3,0,263,0,0,8,0,8,237,23,11,0,271,0,0,0,271
08/22/2021,SMF,CA,AWP,WE,Towers with Radar,278,20,8,0,306,0,0,7,0,7,278,20,15,0,313,2,0,2,315
08/23/2021,SMF,CA,AWP,WE,Towers with Radar,303,34,11,0,348,0,0,9,0,9,303,34,20,0,357,32,0,32,389
08/24/2021,SMF,CA,AWP,WE,Towers with Radar,295,32,14,3,344,0,0,8,4,12,295,32,22,7,356,10,16,26,382
08/25/2021,SMF,CA,AWP,WE,Towers with Radar,297,29,11,3,340,0,0,8,5,13,297,29,19,8,353,34,28,62,415
08/26/2021,SMF,CA,AWP,WE,Towers with Radar,309,34,10,6,359,0,0,8,8,16,309,34,18,14,375,8,38,46,421
08/27/2021,SMF,CA,AWP,WE,Towers with Radar,315,33,13,5,366,0,0,6,1,7,315,33,19,6,373,0,6,6,379
08/28/2021,SMF,CA,AWP,WE,Towers with Radar,238,23,2,2,265,0,0,2,0,2,238,23,4,2,267,0,2,2,269
08/29/2021,SMF,CA,AWP,WE,Towers with Radar,272,20,8,0,300,0,0,0,0,0,272,20,8,0,300,0,0,0,300
08/30/2021,SMF,CA,AWP,WE,Towers with Radar,309,30,13,12,364,0,0,11,6,17,309,30,24,18,381,20,30,50,431
08/31/2021,SMF,CA,AWP,WE,Towers with Radar,293,33,6,4,336,0,0,13,2,15,293,33,19,6,351,30,8,38,389
09/01/2021,SMF,CA,AWP,WE,Towers with Radar,297,36,10,0,343,0,0,16,4,20,297,36,26,4,363,0,0,0,363
09/02/2021,SMF,CA,AWP,WE,Towers with Radar,308,31,9,3,351,0,0,10,3,13,308,31,19,6,364,12,26,38,402
09/03/2021,SMF,CA,AWP,WE,Towers with Radar,319,32,9,0,360,0,0,13,0,13,319,32,22,0,373,0,0,0,373
09/04/2021,SMF,CA,AWP,WE,Towers with Radar,230,21,3,0,254,0,0,5,0,5,230,21,8,0,259,0,0,0,259
09/05/2021,SMF,CA,AWP,WE,Towers with Radar,273,15,1,0,289,0,1,5,0,6,273,16,6,0,295,0,0,0,295
09/06/2021,SMF,CA,AWP,WE,Towers with Radar,300,11,6,0,317,0,0,10,0,10,300,11,16,0,327,12,0,12,339
09/07/2021,SMF,CA,AWP,WE,Towers with Radar,277,27,10,7,321,0,1,13,2,16,277,28,23,9,337,18,10,28,365
09/08/2021,SMF,CA,AWP,WE,Towers with Radar,286,33,4,7,330,0,0,1,1,2,286,33,5,8,332,0,6,6,338
09/09/2021,SMF,CA,AWP,WE,Towers with Radar,301,36,10,4,351,0,3,8,3,14,301,39,18,7,365,0,0,0,365
09/10/2021,SMF,CA,AWP,WE,Towers with Radar,318,36,8,4,366,0,0,4,5,9,318,36,12,9,375,0,0,0,375
09/11/2021,SMF,CA,AWP,WE,Towers with Radar,252,22,9,3,286,0,0,12,1,13,252,22,21,4,299,42,8,50,349
09/12/2021,SMF,CA,AWP,WE,Towers with Radar,293,19,7,2,321,0,4,5,0,9,293,23,12,2,330,0,0,0,330
09/13/2021,SMF,CA,AWP,WE,Towers with Radar,292,33,9,2,336,0,0,15,0,15,292,33,24,2,351,2,2,4,355
09/14/2021,SMF,CA,AWP,WE,Towers with Radar,286,38,12,3,339,0,2,18,5,25,286,40,30,8,364,10,32,42,406
09/15/2021,SMF,CA,AWP,WE,Towers with Radar,288,41,5,0,334,0,1,9,0,10,288,42,14,0,344,0,0,0,344
09/16/2021,SMF,CA,AWP,WE,Towers with Radar,307,38,6,5,356,0,1,12,1,14,307,39,18,6,370,2,6,8,378
09/17/2021,SMF,CA,AWP,WE,Towers with Radar,306,32,5,6,349,0,0,7,3,10,306,32,12,9,359,0,4,4,363
09/18/2021,SMF,CA,AWP,WE,Towers with Radar,255,22,0,0,277,0,0,6,0,6,255,22,6,0,283,0,0,0,283
09/19/2021,SMF,CA,AWP,WE,Towers with Radar,292,20,3,0,315,0,0,12,0,12,292,20,15,0,327,18,0,18,345
09/20/2021,SMF,CA,AWP,WE,Towers with Radar,292,28,9,7,336,0,0,15,6,21,292,28,24,13,357,8,18,26,383
09/21/2021,SMF,CA,AWP,WE,Towers with Radar,288,31,6,5,330,0,0,16,3,19,288,31,22,8,349,12,60,72,421
09/22/2021,SMF,CA,AWP,WE,Towers with Radar,285,28,6,0,319,0,2,12,0,14,285,30,18,0,333,0,0,0,333
09/23/2021,SMF,CA,AWP,WE,Towers with Radar,300,33,16,1,350,0,0,19,1,20,300,33,35,2,370,18,0,18,388
09/24/2021,SMF,CA,AWP,WE,Towers with Radar,309,38,10,0,357,0,2,16,0,18,309,40,26,0,375,0,0,0,375
09/25/2021,SMF,CA,AWP,WE,Towers with Radar,252,23,8,0,283,0,0,14,0,14,252,23,22,0,297,8,0,8,305
09/26/2021,SMF,CA,AWP,WE,Towers with Radar,296,19,11,0,326,0,0,5,0,5,296,19,16,0,331,0,0,0,331
09/27/2021,SMF,CA,AWP,WE,Towers with Radar,292,30,7,2,331,0,0,14,1,15,292,30,21,3,346,4,0,4,350
09/28/2021,SMF,CA,AWP,WE,Towers with Radar,281,37,10,2,330,0,0,26,1,27,281,37,36,3,357,0,0,0,357
09/29/2021,SMF,CA,AWP,WE,Towers with Radar,283,32,11,4,330,0,0,19,2,21,283,32,30,6,351,10,16,26,377
09/30/2021,SMF,CA,AWP,WE,Towers with Radar,304,33,6,4,347,0,0,12,2,14,304,33,18,6,361,2,4,6,367
10/01/2021,SMF,CA,AWP,WE,Towers with Radar,305,35,7,1,348,0,1,14,1,16,305,36,21,2,364,0,14,14,378
10/02/2021,SMF,CA,AWP,WE,Towers with Radar,254,23,2,0,279,0,0,7,0,7,254,23,9,0,286,2,0,2,288
10/03/2021,SMF,CA,AWP,WE,Towers with Radar,303,15,4,0,322,0,0,4,0,4,303,15,8,0,326,0,0,0,326
10/04/2021,SMF,CA,AWP,WE,Towers with Radar,300,28,2,2,332,0,0,12,1,13,300,28,14,3,345,4,2,6,351
10/05/2021,SMF,CA,AWP,WE,Towers with Radar,289,29,8,1,327,0,2,9,2,13,289,31,17,3,340,2,14,16,356
10/06/2021,SMF,CA,AWP,WE,Towers with Radar,288,30,5,3,326,0,1,3,0,4,288,31,8,3,330,0,0,0,330
10/07/2021,SMF,CA,AWP,WE,Towers with Radar,306,36,7,2,351,0,0,19,0,19,306,36,26,2,370,0,0,0,370
10/08/2021,SMF,CA,AWP,WE,Towers with Radar,306,32,7,5,350,0,0,5,1,6,306,32,12,6,356,0,14,14,370
10/09/2021,SMF,CA,AWP,WE,Towers with Radar,227,22,5,0,254,0,0,6,0,6,227,22,11,0,260,0,0,0,260
10/10/2021,SMF,CA,AWP,WE,Towers with Radar,260,22,5,0,287,0,0,7,0,7,260,22,12,0,294,4,0,4,298
10/11/2021,SMF,CA,AWP,WE,Towers with Radar,281,34,5,0,320,0,1,6,0,7,281,35,11,0,327,0,0,0,327
10/12/2021,SMF,CA,AWP,WE,Towers with Radar,289,39,14,13,355,0,0,15,6,21,289,39,29,19,376,2,22,24,400
10/13/2021,SMF,CA,AWP,WE,Towers with Radar,286,44,10,2,342,0,0,8,1,9,286,44,18,3,351,0,0,0,351
10/14/2021,SMF,CA,AWP,WE,Towers with Radar,305,31,5,0,341,0,2,12,2,16,305,33,17,2,357,0,0,0,357
10/15/2021,SMF,CA,AWP,WE,Towers with Radar,321,39,8,2,370,0,0,15,0,15,321,39,23,2,385,0,0,0,385
10/16/2021,SMF,CA,AWP,WE,Towers with Radar,260,22,5,0,287,0,0,9,0,9,260,22,14,0,296,0,0,0,296
10/17/2021,SMF,CA,AWP,WE,Towers with Radar,297,22,6,0,325,0,0,5,0,5,297,22,11,0,330,0,0,0,330
10/18/2021,SMF,CA,AWP,WE,Towers with Radar,304,40,11,5,360,0,0,6,1,7,304,40,17,6,367,0,20,20,387
10/19/2021,SMF,CA,AWP,WE,Towers with Radar,287,34,9,5,335,0,0,10,1,11,287,34,19,6,346,10,10,20,366
10/20/2021,SMF,CA,AWP,WE,Towers with Radar,285,39,5,4,333,0,0,12,0,12,285,39,17,4,345,0,6,6,351
10/21/2021,SMF,CA,AWP,WE,Towers with Radar,294,27,7,0,328,0,0,3,0,3,294,27,10,0,331,0,0,0,331
10/22/2021,SMF,CA,AWP,WE,Towers with Radar,294,33,17,5,349,0,2,7,1,10,294,35,24,6,359,0,0,0,359
10/23/2021,SMF,CA,AWP,WE,Towers with Radar,254,38,8,0,300,0,0,6,0,6,254,38,14,0,306,0,0,0,306
10/24/2021,SMF,CA,AWP,WE,Towers with Radar,283,30,12,0,325,0,0,0,0,0,283,30,12,0,325,0,0,0,325
10/25/2021,SMF,CA,AWP,WE,Towers with Radar,295,36,11,5,347,0,0,7,1,8,295,36,18,6,355,0,0,0,355
10/26/2021,SMF,CA,AWP,WE,Towers with Radar,292,39,8,10,349,0,0,6,6,12,292,39,14,16,361,0,24,24,385
10/27/2021,SMF,CA,AWP,WE,Towers with Radar,287,36,5,2,330,0,0,8,4,12,287,36,13,6,342,0,22,22,364
10/28/2021,SMF,CA,AWP,WE,Towers with Radar,308,32,7,26,373,0,1,8,2,11,308,33,15,28,384,0,14,14,398
10/29/2021,SMF,CA,AWP,WE,Towers with Radar,319,36,11,1,367,0,0,7,0,7,319,36,18,1,374,18,0,18,392
10/30/2021,SMF,CA,AWP,WE,Towers with Radar,247,24,9,0,280,0,0,12,0,12,247,24,21,0,292,12,0,12,304
10/31/2021,SMF,CA,AWP,WE,Towers with Radar,258,17,7,0,282,0,2,11,0,13,258,19,18,0,295,8,0,8,303
11/01/2021,SMF,CA,AWP,WE,Towers with Radar,290,28,18,0,336,0,0,2,0,2,290,28,20,0,338,0,0,0,338
11/02/2021,SMF,CA,AWP,WE,Towers with Radar,276,36,16,0,328,0,0,5,0,5,276,36,21,0,333,0,0,0,333
11/03/2021,SMF,CA,AWP,WE,Towers with Radar,284,42,13,4,343,0,0,16,1,17,284,42,29,5,360,26,12,38,398
11/04/2021,SMF,CA,AWP,WE,Towers with Radar,315,28,8,1,352,0,0,13,1,14,315,28,21,2,366,0,0,0,366
11/05/2021,SMF,CA,AWP,WE,Towers with Radar,307,30,17,0,354,0,0,16,0,16,307,30,33,0,370,0,0,0,370
11/06/2021,SMF,CA,AWP,WE,Towers with Radar,252,20,12,0,284,0,0,3,0,3,252,20,15,0,287,0,0,0,287
11/07/2021,SMF,CA,AWP,WE,Towers with Radar,277,13,15,0,305,0,0,5,0,5,277,13,20,0,310,0,0,0,310
11/08/2021,SMF,CA,AWP,WE,Towers with Radar,279,29,10,2,320,0,0,9,4,13,279,29,19,6,333,0,26,26,359
11/09/2021,SMF,CA,AWP,WE,Towers with Radar,259,34,6,6,305,0,0,0,1,1,259,34,6,7,306,0,0,0,306
11/10/2021,SMF,CA,AWP,WE,Towers with Radar,263,35,18,0,316,0,0,8,0,8,263,35,26,0,324,20,0,20,344
11/11/2021,SMF,CA,AWP,WE,Towers with Radar,289,31,4,0,324,0,1,18,0,19,289,32,22,0,343,0,0,0,343
11/12/2021,SMF,CA,AWP,WE,Towers with Radar,291,20,16,0,327,0,0,0,0,0,291,20,16,0,327,0,0,0,327
11/13/2021,SMF,CA,AWP,WE,Towers with Radar,239,17,9,0,265,0,0,0,0,0,239,17,9,0,265,0,0,0,265
11/14/2021,SMF,CA,AWP,WE,Towers with Radar,272,15,10,0,297,0,0,0,0,0,272,15,10,0,297,0,0,0,297
11/15/2021,SMF,CA,AWP,WE,Towers with Radar,282,31,15,0,328,0,0,2,0,2,282,31,17,0,330,0,0,0,330
11/16/2021,SMF,CA,AWP,WE,Towers with Radar,258,35,7,3,303,0,0,11,0,11,258,35,18,3,314,12,0,12,326
11/17/2021,SMF,CA,AWP,WE,Towers with Radar,254,29,9,0,292,0,0,4,0,4,254,29,13,0,296,0,0,0,296
11/18/2021,SMF,CA,AWP,WE,Towers with Radar,302,30,11,2,345,0,0,1,0,1,302,30,12,2,346,0,0,0,346
11/19/2021,SMF,CA,AWP,WE,Towers with Radar,290,26,21,0,337,0,0,2,0,2,290,26,23,0,339,0,0,0,339
11/20/2021,SMF,CA,AWP,WE,Towers with Radar,250,20,11,0,281,0,0,10,0,10,250,20,21,0,291,0,0,0,291
11/21/2021,SMF,CA,AWP,WE,Towers with Radar,277,23,2,0,302,0,0,7,0,7,277,23,9,0,309,0,0,0,309
11/22/2021,SMF,CA,AWP,WE,Towers with Radar,280,26,14,5,325,0,0,7,1,8,280,26,21,6,333,0,0,0,333
11/23/2021,SMF,CA,AWP,WE,Towers with Radar,285,30,5,0,320,0,0,5,0,5,285,30,10,0,325,0,16,16,341
11/24/2021,SMF,CA,AWP,WE,Towers with Radar,295,31,17,0,343,0,0,10,0,10,295,31,27,0,353,1,0,1,354
11/25/2021,SMF,CA,AWP,WE,Towers with Radar,213,10,0,0,223,0,0,4,0,4,213,10,4,0,227,0,0,0,227
11/26/2021,SMF,CA,AWP,WE,Towers with Radar,245,32,6,0,283,0,1,7,0,8,245,33,13,0,291,0,0,0,291
11/27/2021,SMF,CA,AWP,WE,Towers with Radar,255,23,2,0,280,0,0,6,0,6,255,23,8,0,286,0,0,0,286
11/28/2021,SMF,CA,AWP,WE,Towers with Radar,300,16,9,0,325,0,0,7,0,7,300,16,16,0,332,0,0,0,332
11/29/2021,SMF,CA,AWP,WE,Towers with Radar,286,23,6,0,315,0,0,6,0,6,286,23,12,0,321,0,0,0,321
11/30/2021,SMF,CA,AWP,WE,Towers with Radar,284,34,19,0,337,0,2,4,0,6,284,36,23,0,343,0,0,0,343
12/01/2021,SMF,CA,AWP,WE,Towers with Radar,258,32,21,1,312,0,0,12,1,13,258,32,33,2,325,0,0,0,325
12/02/2021,SMF,CA,AWP,WE,Towers with Radar,279,26,10,4,319,0,0,12,0,12,279,26,22,4,331,0,0,0,331
12/03/2021,SMF,CA,AWP,WE,Towers with Radar,271,34,6,0,311,0,0,5,0,5,271,34,11,0,316,4,0,4,320
12/04/2021,SMF,CA,AWP,WE,Towers with Radar,237,13,7,0,257,0,0,0,0,0,237,13,7,0,257,0,0,0,257
12/05/2021,SMF,CA,AWP,WE,Towers with Radar,281,11,6,0,298,0,0,0,0,0,281,11,6,0,298,0,0,0,298
12/06/2021,SMF,CA,AWP,WE,Towers with Radar,264,29,8,2,303,0,0,0,0,0,264,29,8,2,303,0,0,0,303
12/07/2021,SMF,CA,AWP,WE,Towers with Radar,255,33,13,8,309,0,0,1,0,1,255,33,14,8,310,0,0,0,310
12/08/2021,SMF,CA,AWP,WE,Towers with Radar,262,25,24,6,317,0,0,0,0,0,262,25,24,6,317,0,0,0,317
12/09/2021,SMF,CA,AWP,WE,Towers with Radar,281,31,12,5,329,0,0,10,0,10,281,31,22,5,339,0,0,0,339
12/10/2021,SMF,CA,AWP,WE,Towers with Radar,273,34,10,0,317,0,0,13,0,13,273,34,23,0,330,0,0,0,330
12/11/2021,SMF,CA,AWP,WE,Towers with Radar,227,23,2,0,252,0,0,8,0,8,227,23,10,0,260,0,0,0,260
12/12/2021,SMF,CA,AWP,WE,Towers with Radar,275,22,6,0,303,0,0,1,0,1,275,22,7,0,304,0,0,0,304
12/13/2021,SMF,CA,AWP,WE,Towers with Radar,265,28,10,0,303,0,0,0,0,0,265,28,10,0,303,0,0,0,303
12/14/2021,SMF,CA,AWP,WE,Towers with Radar,239,33,24,5,301,0,0,4,1,5,239,33,28,6,306,6,6,12,318
12/15/2021,SMF,CA,AWP,WE,Towers with Radar,257,27,13,0,297,0,0,2,2,4,257,27,15,2,301,0,0,0,301
12/16/2021,SMF,CA,AWP,WE,Towers with Radar,290,30,10,0,330,0,1,9,0,10,290,31,19,0,340,0,0,0,340
12/17/2021,SMF,CA,AWP,WE,Towers with Radar,281,27,8,3,319,0,0,11,0,11,281,27,19,3,330,10,0,10,340
12/18/2021,SMF,CA,AWP,WE,Towers with Radar,225,23,10,0,258,0,0,0,0,0,225,23,10,0,258,0,0,0,258
12/19/2021,SMF,CA,AWP,WE,Towers with Radar,275,18,14,0,307,0,0,2,0,2,275,18,16,0,309,0,0,0,309
12/20/2021,SMF,CA,AWP,WE,Towers with Radar,277,30,4,0,311,0,0,0,0,0,277,30,4,0,311,0,0,0,311
12/21/2021,SMF,CA,AWP,WE,Towers with Radar,275,38,6,0,319,0,0,1,0,1,275,38,7,0,320,0,0,0,320
12/22/2021,SMF,CA,AWP,WE,Towers with Radar,274,34,11,0,319,0,0,1,0,1,274,34,12,0,320,0,0,0,320
12/23/2021,SMF,CA,AWP,WE,Towers with Radar,282,33,6,0,321,0,0,1,0,1,282,33,7,0,322,0,0,0,322
12/24/2021,SMF,CA,AWP,WE,Towers with Radar,234,19,4,0,257,0,0,1,0,1,234,19,5,0,258,0,0,0,258
12/25/2021,SMF,CA,AWP,WE,Towers with Radar,190,10,0,0,200,0,0,0,0,0,190,10,0,0,200,0,0,0,200
12/26/2021,SMF,CA,AWP,WE,Towers with Radar,254,8,7,0,269,0,0,4,0,4,254,8,11,0,273,0,0,0,273
12/27/2021,SMF,CA,AWP,WE,Towers with Radar,267,29,5,17,318,0,0,1,3,4,267,29,6,20,322,0,0,0,322
12/28/2021,SMF,CA,AWP,WE,Towers with Radar,269,28,5,0,302,0,0,7,0,7,269,28,12,0,309,0,0,0,309
12/29/2021,SMF,CA,AWP,WE,Towers with Radar,271,31,14,0,316,0,0,0,0,0,271,31,14,0,316,0,0,0,316
12/30/2021,SMF,CA,AWP,WE,Towers with Radar,263,31,5,0,299,0,0,8,2,10,263,31,13,2,309,0,0,0,309
12/31/2021,SMF,CA,AWP,WE,Towers with Radar,234,15,1,0,250,0,0,5,0,5,234,15,6,0,255,42,0,42,297
01/01/2022,SMF,CA,AWP,WE,Towers with Radar,193,7,3,0,203,0,0,4,0,4,193,7,7,0,207,0,0,0,207
01/02/2022,SMF,CA,AWP,WE,Towers with Radar,253,15,5,0,273,0,0,5,0,5,253,15,10,0,278,0,0,0,278
01/03/2022,SMF,CA,AWP,WE,Towers with Radar,267,27,5,0,299,0,0,3,0,3,267,27,8,0,302,0,0,0,302
01/04/2022,SMF,CA,AWP,WE,Towers with Radar,237,25,26,0,288,0,0,2,0,2,237,25,28,0,290,0,0,0,290
01/05/2022,SMF,CA,AWP,WE,Towers with Radar,228,28,11,0,267,0,0,2,0,2,228,28,13,0,269,0,0,0,269
01/06/2022,SMF,CA,AWP,WE,Towers with Radar,232,27,5,0,264,0,0,0,0,0,232,27,5,0,264,0,0,0,264
01/07/2022,SMF,CA,AWP,WE,Towers with Radar,229,25,7,1,262,0,0,1,1,2,229,25,8,2,264,0,0,0,264
01/08/2022,SMF,CA,AWP,WE,Towers with Radar,206,15,6,0,227,0,0,4,0,4,206,15,10,0,231,0,0,0,231
01/09/2022,SMF,CA,AWP,WE,Towers with Radar,240,9,2,0,251,0,0,4,0,4,240,9,6,0,255,0,0,0,255
01/10/2022,SMF,CA,AWP,WE,Towers with Radar,232,23,6,1,262,0,1,8,5,14,232,24,14,6,276,0,0,0,276
01/11/2022,SMF,CA,AWP,WE,Towers with Radar,236,27,10,0,273,0,0,13,0,13,236,27,23,0,286,0,0,0,286
01/12/2022,SMF,CA,AWP,WE,Towers with Radar,239,25,14,5,283,0,0,18,0,18,239,25,32,5,301,46,0,46,347
01/13/2022,SMF,CA,AWP,WE,Towers with Radar,248,21,7,3,279,0,0,7,3,10,248,21,14,6,289,50,8,58,347
01/14/2022,SMF,CA,AWP,WE,Towers with Radar,262,29,22,1,314,0,0,16,1,17,262,29,38,2,331,6,0,6,337
01/15/2022,SMF,CA,AWP,WE,Towers with Radar,219,20,7,0,246,0,1,3,0,4,219,21,10,0,250,0,0,0,250
01/16/2022,SMF,CA,AWP,WE,Towers with Radar,245,18,5,0,268,0,1,5,0,6,245,19,10,0,274,4,0,4,278
01/17/2022,SMF,CA,AWP,WE,Towers with Radar,266,26,6,0,298,0,0,2,0,2,266,26,8,0,300,2,0,2,302
01/18/2022,SMF,CA,AWP,WE,Towers with Radar,240,26,5,0,271,0,0,14,0,14,240,26,19,0,285,22,0,22,307
01/19/2022,SMF,CA,AWP,WE,Towers with Radar,230,26,8,0,264,0,0,11,0,11,230,26,19,0,275,0,0,0,275
01/20/2022,SMF,CA,AWP,WE,Towers with Radar,283,29,10,6,328,0,1,9,2,12,283,30,19,8,340,10,20,30,370
01/21/2022,SMF,CA,AWP,WE,Towers with Radar,280,25,11,4,320,0,0,6,8,14,280,25,17,12,334,0,36,36,370
01/22/2022,SMF,CA,AWP,WE,Towers with Radar,223,15,4,0,242,0,0,5,0,5,223,15,9,0,247,0,0,0,247
01/23/2022,SMF,CA,AWP,WE,Towers with Radar,275,12,9,1,297,0,0,4,2,6,275,12,13,3,303,0,8,8,311
01/24/2022,SMF,CA,AWP,WE,Towers with Radar,267,24,14,6,311,0,0,9,0,9,267,24,23,6,320,0,0,0,320
01/25/2022,SMF,CA,AWP,WE,Towers with Radar,244,30,8,11,293,0,0,13,4,17,244,30,21,15,310,12,12,24,334
01/26/2022,SMF,CA,AWP,WE,Towers with Radar,246,23,11,4,284,0,1,11,2,14,246,24,22,6,298,28,20,48,346
01/27/2022,SMF,CA,AWP,WE,Towers with Radar,272,26,6,0,304,0,1,9,0,10,272,27,15,0,314,0,0,0,314
01/28/2022,SMF,CA,AWP,WE,Towers with Radar,276,28,3,3,310,0,0,16,1,17,276,28,19,4,327,0,20,20,347
01/29/2022,SMF,CA,AWP,WE,Towers with Radar,223,14,5,0,242,0,0,15,0,15,223,14,20,0,257,38,0,38,295
01/30/2022,SMF,CA,AWP,WE,Towers with Radar,269,11,1,0,281,0,0,23,0,23,269,11,24,0,304,12,0,12,316
01/31/2022,SMF,CA,AWP,WE,Towers with Radar,273,23,13,0,309,0,0,12,2,14,273,23,25,2,323,6,14,20,343
02/01/2022,SMF,CA,AWP,WE,Towers with Radar,247,27,11,1,286,0,0,3,1,4,247,27,14,2,290,0,6,6,296
02/02/2022,SMF,CA,AWP,WE,Towers with Radar,247,28,4,7,286,0,0,11,18,29,247,28,15,25,315,6,56,62,377
02/03/2022,SMF,CA,AWP,WE,Towers with Radar,259,29,7,2,297,0,0,9,2,11,259,29,16,4,308,18,16,34,342
02/04/2022,SMF,CA,AWP,WE,Towers with Radar,261,27,6,1,295,0,0,18,3,21,261,27,24,4,316,38,10,48,364
02/05/2022,SMF,CA,AWP,WE,Towers with Radar,211,15,1,0,227,0,0,7,0,7,211,15,8,0,234,22,0,22,256
02/06/2022,SMF,CA,AWP,WE,Towers with Radar,262,15,2,0,279,0,0,8,0,8,262,15,10,0,287,0,0,0,287
02/07/2022,SMF,CA,AWP,WE,Towers with Radar,262,23,4,0,289,0,0,7,0,7,262,23,11,0,296,0,0,0,296
02/08/2022,SMF,CA,AWP,WE,Towers with Radar,247,34,6,0,287,0,0,10,0,10,247,34,16,0,297,12,4,16,313
02/09/2022,SMF,CA,AWP,WE,Towers with Radar,246,30,9,2,287,0,0,6,0,6,246,30,15,2,293,0,0,0,293
02/10/2022,SMF,CA,AWP,WE,Towers with Radar,273,25,9,2,309,0,1,6,0,7,273,26,15,2,316,0,0,0,316
02/11/2022,SMF,CA,AWP,WE,Towers with Radar,284,22,8,0,314,0,0,10,0,10,284,22,18,0,324,0,0,0,324
02/12/2022,SMF,CA,AWP,WE,Towers with Radar,228,17,0,0,245,0,0,10,0,10,228,17,10,0,255,4,0,4,259
02/13/2022,SMF,CA,AWP,WE,Towers with Radar,263,11,3,0,277,0,0,7,0,7,263,11,10,0,284,0,0,0,284
02/14/2022,SMF,CA,AWP,WE,Towers with Radar,272,23,8,4,307,0,0,7,0,7,272,23,15,4,314,0,0,0,314
02/15/2022,SMF,CA,AWP,WE,Towers with Radar,250,25,8,4,287,0,0,2,4,6,250,25,10,8,293,0,22,22,315
02/16/2022,SMF,CA,AWP,WE,Towers with Radar,254,22,11,6,293,0,0,15,3,18,254,22,26,9,311,28,8,36,347
02/17/2022,SMF,CA,AWP,WE,Towers with Radar,287,23,15,10,335,0,1,11,2,14,287,24,26,12,349,14,16,30,379
02/18/2022,SMF,CA,AWP,WE,Towers with Radar,290,21,6,14,331,0,2,23,0,25,290,23,29,14,356,0,0,0,356
02/19/2022,SMF,CA,AWP,WE,Towers with Radar,223,12,1,0,236,0,0,4,0,4,223,12,5,0,240,0,0,0,240
02/20/2022,SMF,CA,AWP,WE,Towers with Radar,266,7,7,0,280,0,2,4,0,6,266,9,11,0,286,4,0,4,290
02/21/2022,SMF,CA,AWP,WE,Towers with Radar,276,20,5,0,301,0,0,17,0,17,276,20,22,0,318,8,0,8,326
02/22/2022,SMF,CA,AWP,WE,Towers with Radar,255,27,9,5,296,0,0,8,4,12,255,27,17,9,308,0,26,26,334
02/23/2022,SMF,CA,AWP,WE,Towers with Radar,261,22,15,9,307,0,0,16,4,20,261,22,31,13,327,20,28,48,375
02/24/2022,SMF,CA,AWP,WE,Towers with Radar,279,24,12,4,319,0,4,10,8,22,279,28,22,12,341,2,58,60,401
02/25/2022,SMF,CA,AWP,WE,Towers with Radar,284,24,4,0,312,0,2,12,0,14,284,26,16,0,326,24,0,24,350
02/26/2022,SMF,CA,AWP,WE,Towers with Radar,228,12,4,0,244,0,1,0,0,1,228,13,4,0,245,4,0,4,249
02/27/2022,SMF,CA,AWP,WE,Towers with Radar,281,8,7,0,296,0,0,9,0,9,281,8,16,0,305,6,0,6,311
02/28/2022,SMF,CA,AWP,WE,Towers with Radar,275,22,9,6,312,0,0,14,0,14,275,22,23,6,326,26,2,28,354
03/01/2022,SMF,CA,AWP,WE,Towers with Radar,254,23,13,0,290,0,0,8,4,12,254,23,21,4,302,0,2,2,304
03/02/2022,SMF,CA,AWP,WE,Towers with Radar,261,20,7,5,293,0,0,7,3,10,261,20,14,8,303,4,8,12,315
03/03/2022,SMF,CA,AWP,WE,Towers with Radar,282,25,9,0,316,0,0,8,0,8,282,25,17,0,324,16,0,16,340
03/04/2022,SMF,CA,AWP,WE,Towers with Radar,268,30,11,2,311,0,2,8,0,10,268,32,19,2,321,0,2,2,323
03/05/2022,SMF,CA,AWP,WE,Towers with Radar,216,11,7,0,234,0,0,4,0,4,216,11,11,0,238,16,0,16,254
03/06/2022,SMF,CA,AWP,WE,Towers with Radar,265,7,8,0,280,0,0,7,0,7,265,7,15,0,287,4,0,4,291
03/07/2022,SMF,CA,AWP,WE,Towers with Radar,272,23,8,0,303,0,0,14,4,18,272,23,22,4,321,0,14,14,335
03/08/2022,SMF,CA,AWP,WE,Towers with Radar,249,21,13,1,284,0,0,8,1,9,249,21,21,2,293,24,0,24,317
03/09/2022,SMF,CA,AWP,WE,Towers with Radar,248,22,6,3,279,0,0,7,3,10,248,22,13,6,289,2,24,26,315
03/10/2022,SMF,CA,AWP,WE,Towers with Radar,286,24,6,4,320,0,0,4,1,5,286,24,10,5,325,0,16,16,341
03/11/2022,SMF,CA,AWP,WE,Towers with Radar,288,21,6,7,322,0,0,7,2,9,288,21,13,9,331,0,8,8,339
03/12/2022,SMF,CA,AWP,WE,Towers with Radar,225,13,3,0,241,0,0,6,0,6,225,13,9,0,247,0,0,0,247
03/13/2022,SMF,CA,AWP,WE,Towers with Radar,265,8,2,1,276,0,0,7,1,8,265,8,9,2,284,24,4,28,312
03/14/2022,SMF,CA,AWP,WE,Towers with Radar,284,23,12,0,319,0,0,7,2,9,284,23,19,2,328,16,0,16,344
03/15/2022,SMF,CA,AWP,WE,Towers with Radar,281,22,14,7,324,0,0,2,1,3,281,22,16,8,327,0,10,10,337
03/16/2022,SMF,CA,AWP,WE,Towers with Radar,282,25,19,1,327,0,0,13,3,16,282,25,32,4,343,14,20,34,377
03/17/2022,SMF,CA,AWP,WE,Towers with Radar,297,22,13,0,332,0,0,15,0,15,297,22,28,0,347,0,0,0,347
03/18/2022,SMF,CA,AWP,WE,Towers with Radar,290,25,8,4,327,0,1,10,0,11,290,26,18,4,338,0,0,0,338
03/19/2022,SMF,CA,AWP,WE,Towers with Radar,221,14,6,0,241,0,0,3,0,3,221,14,9,0,244,0,0,0,244
03/20/2022,SMF,CA,AWP,WE,Towers with Radar,288,8,4,2,302,0,1,9,0,10,288,9,13,2,312,0,0,0,312
03/21/2022,SMF,CA,AWP,WE,Towers with Radar,284,21,7,2,314,0,0,8,1,9,284,21,15,3,323,0,2,2,325
03/22/2022,SMF,CA,AWP,WE,Towers with Radar,297,32,6,4,339,0,1,14,0,15,297,33,20,4,354,0,0,0,354
03/23/2022,SMF,CA,AWP,WE,Towers with Radar,281,23,3,1,308,0,2,6,1,9,281,25,9,2,317,0,0,0,317
03/24/2022,SMF,CA,AWP,WE,Towers with Radar,300,19,6,0,325,0,1,24,0,25,300,20,30,0,350,0,0,0,350
03/25/2022,SMF,CA,AWP,WE,Towers with Radar,288,22,12,1,323,0,0,14,3,17,288,22,26,4,340,0,6,6,346
03/26/2022,SMF,CA,AWP,WE,Towers with Radar,229,11,4,0,244,0,0,4,0,4,229,11,8,0,248,2,0,2,250
03/27/2022,SMF,CA,AWP,WE,Towers with Radar,282,10,9,0,301,0,2,7,0,9,282,12,16,0,310,8,0,8,318
03/28/2022,SMF,CA,AWP,WE,Towers with Radar,284,29,9,7,329,0,0,7,5,12,284,29,16,12,341,0,32,32,373
03/29/2022,SMF,CA,AWP,WE,Towers with Radar,295,24,4,1,324,0,0,3,3,6,295,24,7,4,330,0,18,18,348
03/30/2022,SMF,CA,AWP,WE,Towers with Radar,282,26,13,3,324,0,0,9,0,9,282,26,22,3,333,0,8,8,341
03/31/2022,SMF,CA,AWP,WE,Towers with Radar,295,25,21,1,342,0,0,19,1,20,295,25,40,2,362,22,10,32,394
04/01/2022,SMF,CA,AWP,WE,Towers with Radar,291,24,7,1,323,0,1,13,1,15,291,25,20,2,338,0,0,0,338
04/02/2022,SMF,CA,AWP,WE,Towers with Radar,228,11,2,0,241,0,1,5,0,6,228,12,7,0,247,2,0,2,249
04/03/2022,SMF,CA,AWP,WE,Towers with Radar,291,6,6,0,303,0,0,10,0,10,291,6,16,0,313,24,0,24,337
04/04/2022,SMF,CA,AWP,WE,Towers with Radar,308,29,3,2,342,0,0,4,1,5,308,29,7,3,347,0,8,8,355
04/05/2022,SMF,CA,AWP,WE,Towers with Radar,310,30,10,1,351,0,0,4,1,5,310,30,14,2,356,0,0,0,356
04/06/2022,SMF,CA,AWP,WE,Towers with Radar,312,23,2,0,337,0,1,8,4,13,312,24,10,4,350,0,0,0,350
04/07/2022,SMF,CA,AWP,WE,Towers with Radar,318,28,3,1,350,0,0,18,5,23,318,28,21,6,373,12,6,18,391
04/08/2022,SMF,CA,AWP,WE,Towers with Radar,325,25,2,1,353,0,2,21,2,25,325,27,23,3,378,6,0,6,384
04/09/2022,SMF,CA,AWP,WE,Towers with Radar,246,14,6,0,266,0,1,2,0,3,246,15,8,0,269,0,0,0,269
04/10/2022,SMF,CA,AWP,WE,Towers with Radar,311,10,3,0,324,0,1,15,1,17,311,11,18,1,341,2,0,2,343
04/11/2022,SMF,CA,AWP,WE,Towers with Radar,312,23,7,2,344,0,0,1,0,1,312,23,8,2,345,0,2,2,347
04/12/2022,SMF,CA,AWP,WE,Towers with Radar,313,26,11,0,350,0,1,13,0,14,313,27,24,0,364,0,0,0,364
04/13/2022,SMF,CA,AWP,WE,Towers with Radar,307,21,5,2,335,0,0,3,0,3,307,21,8,2,338,0,0,0,338
04/14/2022,SMF,CA,AWP,WE,Towers with Radar,328,31,6,7,372,0,0,0,0,0,328,31,6,7,372,0,6,6,378
04/15/2022,SMF,CA,AWP,WE,Towers with Radar,321,26,7,2,356,0,0,16,1,17,321,26,23,3,373,38,8,46,419
04/16/2022,SMF,CA,AWP,WE,Towers with Radar,249,14,3,0,266,0,0,7,0,7,249,14,10,0,273,0,0,0,273
04/17/2022,SMF,CA,AWP,WE,Towers with Radar,307,6,4,0,317,0,0,4,0,4,307,6,8,0,321,22,0,22,343
04/18/2022,SMF,CA,AWP,WE,Towers with Radar,308,28,5,1,342,0,0,5,1,6,308,28,10,2,348,0,12,12,360
04/19/2022,SMF,CA,AWP,WE,Towers with Radar,316,27,10,0,353,0,0,10,0,10,316,27,20,0,363,16,0,16,379
04/20/2022,SMF,CA,AWP,WE,Towers with Radar,315,26,6,8,355,0,1,7,0,8,315,27,13,8,363,4,0,4,367
04/21/2022,SMF,CA,AWP,WE,Towers with Radar,331,24,7,4,366,0,0,3,3,6,331,24,10,7,372,0,12,12,384
04/22/2022,SMF,CA,AWP,WE,Towers with Radar,311,24,11,3,349,0,0,7,1,8,311,24,18,4,357,24,14,38,395
04/23/2022,SMF,CA,AWP,WE,Towers with Radar,258,14,6,0,278,0,0,13,0,13,258,14,19,0,291,0,0,0,291
04/24/2022,SMF,CA,AWP,WE,Towers with Radar,315,10,10,0,335,0,0,10,0,10,315,10,20,0,345,0,0,0,345
04/25/2022,SMF,CA,AWP,WE,Towers with Radar,313,24,9,3,349,0,0,8,1,9,313,24,17,4,358,2,4,6,364
04/26/2022,SMF,CA,AWP,WE,Towers with Radar,311,27,15,0,353,0,1,17,0,18,311,28,32,0,371,2,0,2,373
04/27/2022,SMF,CA,AWP,WE,Towers with Radar,319,27,9,2,357,0,0,15,0,15,319,27,24,2,372,0,0,0,372
04/28/2022,SMF,CA,AWP,WE,Towers with Radar,328,27,7,8,370,0,0,12,2,14,328,27,19,10,384,12,28,40,424
04/29/2022,SMF,CA,AWP,WE,Towers with Radar,315,32,11,5,363,0,0,12,3,15,315,32,23,8,378,0,24,24,402
04/30/2022,SMF,CA,AWP,WE,Towers with Radar,248,14,2,0,264,0,0,8,0,8,248,14,10,0,272,10,0,10,282
05/01/2022,SMF,CA,AWP,WE,Towers with Radar,310,8,6,2,326,0,0,9,0,9,310,8,15,2,335,0,2,2,337
05/02/2022,SMF,CA,AWP,WE,Towers with Radar,303,26,15,1,345,0,0,19,4,23,303,26,34,5,368,36,38,74,442
05/03/2022,SMF,CA,AWP,WE,Towers with Radar,313,26,8,9,356,0,0,13,7,20,313,26,21,16,376,16,10,26,402
05/04/2022,SMF,CA,AWP,WE,Towers with Radar,311,24,10,0,345,0,1,12,0,13,311,25,22,0,358,28,0,28,386
05/05/2022,SMF,CA,AWP,WE,Towers with Radar,323,28,4,1,356,0,3,2,3,8,323,31,6,4,364,18,10,28,392
05/06/2022,SMF,CA,AWP,WE,Towers with Radar,321,22,9,2,354,0,0,10,4,14,321,22,19,6,368,16,16,32,400
05/07/2022,SMF,CA,AWP,WE,Towers with Radar,249,11,2,1,263,0,1,11,0,12,249,12,13,1,275,12,0,12,287
05/08/2022,SMF,CA,AWP,WE,Towers with Radar,316,7,0,0,323,0,0,2,0,2,316,7,2,0,325,0,0,0,325
05/09/2022,SMF,CA,AWP,WE,Towers with Radar,320,25,15,1,361,0,1,3,3,7,320,26,18,4,368,0,0,0,368
05/10/2022,SMF,CA,AWP,WE,Towers with Radar,320,25,17,0,362,0,0,3,0,3,320,25,20,0,365,0,0,0,365
05/11/2022,SMF,CA,AWP,WE,Towers with Radar,327,20,3,6,356,0,0,7,4,11,327,20,10,10,367,0,18,18,385
05/12/2022,SMF,CA,AWP,WE,Towers with Radar,335,25,10,10,380,0,0,21,5,26,335,25,31,15,406,2,46,48,454
05/13/2022,SMF,CA,AWP,WE,Towers with Radar,323,23,6,0,352,0,1,14,3,18,323,24,20,3,370,6,0,6,376
05/14/2022,SMF,CA,AWP,WE,Towers with Radar,251,12,2,0,265,0,0,11,0,11,251,12,13,0,276,14,0,14,290
05/15/2022,SMF,CA,AWP,WE,Towers with Radar,330,7,12,0,349,0,0,7,0,7,330,7,19,0,356,0,0,0,356
05/16/2022,SMF,CA,AWP,WE,Towers with Radar,321,23,6,2,352,0,0,11,2,13,321,23,17,4,365,10,16,26,391
05/17/2022,SMF,CA,AWP,WE,Towers with Radar,323,23,7,5,358,0,0,8,3,11,323,23,15,8,369,0,0,0,369
05/18/2022,SMF,CA,AWP,WE,Towers with Radar,323,24,10,0,357,0,0,7,0,7,323,24,17,0,364,0,0,0,364
05/19/2022,SMF,CA,AWP,WE,Towers with Radar,339,22,14,0,375,0,3,13,2,18,339,25,27,2,393,0,12,12,405
05/20/2022,SMF,CA,AWP,WE,Towers with Radar,323,24,9,10,366,0,0,16,8,24,323,24,25,18,390,0,28,28,418
05/21/2022,SMF,CA,AWP,WE,Towers with Radar,265,10,12,0,287,0,0,15,0,15,265,10,27,0,302,0,0,0,302
05/22/2022,SMF,CA,AWP,WE,Towers with Radar,322,8,7,0,337,0,0,10,0,10,322,8,17,0,347,10,0,10,357
05/23/2022,SMF,CA,AWP,WE,Towers with Radar,324,22,8,0,354,0,0,5,1,6,324,22,13,1,360,22,0,22,382
05/24/2022,SMF,CA,AWP,WE,Towers with Radar,322,20,10,10,362,0,0,18,1,19,322,20,28,11,381,0,0,0,381
05/25/2022,SMF,CA,AWP,WE,Towers with Radar,322,24,8,0,354,0,0,12,6,18,322,24,20,6,372,4,14,18,390
05/26/2022,SMF,CA,AWP,WE,Towers with Radar,331,23,7,0,361,0,0,14,0,14,331,23,21,0,375,10,0,10,385
05/27/2022,SMF,CA,AWP,WE,Towers with Radar,330,23,8,0,361,0,0,5,0,5,330,23,13,0,366,0,0,0,366
05/28/2022,SMF,CA,AWP,WE,Towers with Radar,259,13,2,0,274,0,0,2,0,2,259,13,4,0,276,14,0,14,290
05/29/2022,SMF,CA,AWP,WE,Towers with Radar,317,6,3,0,326,0,0,8,0,8,317,6,11,0,334,22,0,22,356
05/30/2022,SMF,CA,AWP,WE,Towers with Radar,327,4,4,0,335,0,2,5,0,7,327,6,9,0,342,0,0,0,342
05/31/2022,SMF,CA,AWP,WE,Towers with Radar,317,22,11,1,351,0,0,13,2,15,317,22,24,3,366,0,0,0,366
06/01/2022,SMF,CA,AWP,WE,Towers with Radar,319,21,9,2,351,0,0,13,2,15,319,21,22,4,366,0,6,6,372
06/02/2022,SMF,CA,AWP,WE,Towers with Radar,323,21,12,0,356,0,0,16,0,16,323,21,28,0,372,8,0,8,380
06/03/2022,SMF,CA,AWP,WE,Towers with Radar,319,23,7,5,354,0,0,16,3,19,319,23,23,8,373,2,14,16,389
06/04/2022,SMF,CA,AWP,WE,Towers with Radar,250,11,4,0,265,0,0,6,0,6,250,11,10,0,271,0,0,0,271
06/05/2022,SMF,CA,AWP,WE,Towers with Radar,340,9,3,0,352,0,0,2,0,2,340,9,5,0,354,0,0,0,354
06/06/2022,SMF,CA,AWP,WE,Towers with Radar,342,18,11,2,373,0,0,16,2,18,342,18,27,4,391,12,2,14,405
06/07/2022,SMF,CA,AWP,WE,Towers with Radar,343,25,5,2,375,0,0,4,0,4,343,25,9,2,379,0,6,6,385
06/08/2022,SMF,CA,AWP,WE,Towers with Radar,344,29,2,0,375,0,0,13,0,13,344,29,15,0,388,0,0,0,388
06/09/2022,SMF,CA,AWP,WE,Towers with Radar,336,26,6,0,368,0,0,17,0,17,336,26,23,0,385,30,0,30,415
06/10/2022,SMF,CA,AWP,WE,Towers with Radar,350,26,10,1,387,0,1,11,0,12,350,27,21,1,399,6,6,12,411
06/11/2022,SMF,CA,AWP,WE,Towers with Radar,277,14,5,0,296,0,0,17,0,17,277,14,22,0,313,2,0,2,315
06/12/2022,SMF,CA,AWP,WE,Towers with Radar,335,7,5,0,347,0,0,5,0,5,335,7,10,0,352,0,0,0,352
06/13/2022,SMF,CA,AWP,WE,Towers with Radar,340,22,12,5,379,0,0,20,5,25,340,22,32,10,404,8,24,32,436
06/14/2022,SMF,CA,AWP,WE,Towers with Radar,348,27,12,5,392,0,0,15,3,18,348,27,27,8,410,20,6,26,436
06/15/2022,SMF,CA,AWP,WE,Towers with Radar,343,26,5,2,376,0,1,22,3,26,343,27,27,5,402,0,0,0,402
06/16/2022,SMF,CA,AWP,WE,Towers with Radar,339,24,7,0,370,0,0,7,0,7,339,24,14,0,377,0,0,0,377
06/17/2022,SMF,CA,AWP,WE,Towers with Radar,350,24,7,0,381,0,0,11,0,11,350,24,18,0,392,16,0,16,408
06/18/2022,SMF,CA,AWP,WE,Towers with Radar,274,15,1,0,290,0,0,12,1,13,274,15,13,1,303,52,0,52,355
06/19/2022,SMF,CA,AWP,WE,Towers with Radar,343,10,2,0,355,0,0,10,0,10,343,10,12,0,365,16,0,16,381
06/20/2022,SMF,CA,AWP,WE,Towers with Radar,335,21,7,0,363,0,0,13,0,13,335,21,20,0,376,6,0,6,382
06/21/2022,SMF,CA,AWP,WE,Towers with Radar,347,26,8,0,381,0,0,10,0,10,347,26,18,0,391,0,0,0,391
06/22/2022,SMF,CA,AWP,WE,Towers with Radar,345,27,4,7,383,0,0,12,1,13,345,27,16,8,396,0,10,10,406
06/23/2022,SMF,CA,AWP,WE,Towers with Radar,349,23,15,0,387,0,0,17,0,17,349,23,32,0,404,0,0,0,404
06/24/2022,SMF,CA,AWP,WE,Towers with Radar,353,28,9,0,390,0,0,14,3,17,353,28,23,3,407,12,0,12,419
06/25/2022,SMF,CA,AWP,WE,Towers with Radar,267,15,3,0,285,0,0,10,0,10,267,15,13,0,295,24,0,24,319
06/26/2022,SMF,CA,AWP,WE,Towers with Radar,347,8,4,0,359,0,0,3,0,3,347,8,7,0,362,0,0,0,362
06/27/2022,SMF,CA,AWP,WE,Towers with Radar,342,25,8,2,377,0,0,7,5,12,342,25,15,7,389,0,10,10,399
06/28/2022,SMF,CA,AWP,WE,Towers with Radar,346,25,12,17,400,0,0,26,12,38,346,25,38,29,438,18,14,32,470
06/29/2022,SMF,CA,AWP,WE,Towers with Radar,335,24,7,0,366,0,0,29,4,33,335,24,36,4,399,40,12,52,451
06/30/2022,SMF,CA,AWP,WE,Towers with Radar,357,33,11,6,407,0,1,21,0,22,357,34,32,6,429,26,0,26,455
07/01/2022,SMF,CA,AWP,WE,Towers with Radar,351,28,11,0,390,0,0,13,0,13,351,28,24,0,403,18,0,18,421
07/02/2022,SMF,CA,AWP,WE,Towers with Radar,276,18,3,2,299,0,0,4,0,4,276,18,7,2,303,2,8,10,313
07/03/2022,SMF,CA,AWP,WE,Towers with Radar,318,10,5,0,333,0,1,3,2,6,318,11,8,2,339,20,0,20,359
07/04/2022,SMF,CA,AWP,WE,Towers with Radar,314,11,1,1,327,0,0,7,1,8,314,11,8,2,335,4,22,26,361
07/05/2022,SMF,CA,AWP,WE,Towers with Radar,337,23,6,1,367,0,0,13,2,15,337,23,19,3,382,0,0,0,382
07/06/2022,SMF,CA,AWP,WE,Towers with Radar,339,25,3,2,369,0,0,11,0,11,339,25,14,2,380,24,0,24,404
07/07/2022,SMF,CA,AWP,WE,Towers with Radar,353,23,5,0,381,0,0,17,1,18,353,23,22,1,399,22,2,24,423
07/08/2022,SMF,CA,AWP,WE,Towers with Radar,344,27,5,7,383,0,0,13,1,14,344,27,18,8,397,22,8,30,427
07/09/2022,SMF,CA,AWP,WE,Towers with Radar,276,17,6,0,299,0,1,10,0,11,276,18,16,0,310,8,0,8,318
07/10/2022,SMF,CA,AWP,WE,Towers with Radar,340,17,6,0,363,0,0,8,0,8,340,17,14,0,371,20,0,20,391
07/11/2022,SMF,CA,AWP,WE,Towers with Radar,353,19,9,1,382,0,1,14,2,17,353,20,23,3,399,10,18,28,427
07/12/2022,SMF,CA,AWP,WE,Towers with Radar,346,29,9,0,384,0,3,13,0,16,346,32,22,0,400,0,0,0,400
07/13/2022,SMF,CA,AWP,WE,Towers with Radar,338,25,8,0,371,0,0,8,0,8,338,25,16,0,379,0,0,0,379
07/14/2022,SMF,CA,AWP,WE,Towers with Radar,347,26,8,1,382,0,0,11,2,13,347,26,19,3,395,0,0,0,395
07/15/2022,SMF,CA,AWP,WE,Towers with Radar,360,28,9,0,397,0,0,14,2,16,360,28,23,2,413,6,6,12,425
07/16/2022,SMF,CA,AWP,WE,Towers with Radar,266,13,0,0,279,0,1,10,0,11,266,14,10,0,290,10,0,10,300
07/17/2022,SMF,CA,AWP,WE,Towers with Radar,337,10,0,0,347,0,0,7,0,7,337,10,7,0,354,0,0,0,354
07/18/2022,SMF,CA,AWP,WE,Towers with Radar,350,23,5,2,380,0,1,9,1,11,350,24,14,3,391,2,12,14,405
07/19/2022,SMF,CA,AWP,WE,Towers with Radar,349,27,6,0,382,0,0,17,1,18,349,27,23,1,400,14,0,14,414
07/20/2022,SMF,CA,AWP,WE,Towers with Radar,334,27,6,0,367,0,2,12,0,14,334,29,18,0,381,0,0,0,381
07/21/2022,SMF,CA,AWP,WE,Towers with Radar,362,28,18,5,413,0,1,19,6,26,362,29,37,11,439,24,40,64,503
07/22/2022,SMF,CA,AWP,WE,Towers with Radar,351,28,3,0,382,0,2,26,2,30,351,30,29,2,412,22,6,28,440
07/23/2022,SMF,CA,AWP,WE,Towers with Radar,266,19,5,0,290,0,0,13,0,13,266,19,18,0,303,14,0,14,317
07/24/2022,SMF,CA,AWP,WE,Towers with Radar,331,10,4,0,345,0,0,8,1,9,331,10,12,1,354,16,4,20,374
07/25/2022,SMF,CA,AWP,WE,Towers with Radar,340,19,10,4,373,0,0,22,1,23,340,19,32,5,396,18,0,18,414
07/26/2022,SMF,CA,AWP,WE,Towers with Radar,332,27,8,10,377,0,0,30,2,32,332,27,38,12,409,0,16,16,425
07/27/2022,SMF,CA,AWP,WE,Towers with Radar,342,28,10,4,384,0,0,43,0,43,342,28,53,4,427,0,0,0,427
07/28/2022,SMF,CA,AWP,WE,Towers with Radar,355,28,2,0,385,0,2,14,0,16,355,30,16,0,401,0,0,0,401
07/29/2022,SMF,CA,AWP,WE,Towers with Radar,349,25,9,0,383,0,0,9,0,9,349,25,18,0,392,14,0,14,406
07/30/2022,SMF,CA,AWP,WE,Towers with Radar,278,13,2,0,293,0,1,8,0,9,278,14,10,0,302,10,0,10,312
07/31/2022,SMF,CA,AWP,WE,Towers with Radar,327,13,6,0,346,0,1,11,0,12,327,14,17,0,358,12,0,12,370
08/01/2022,SMF,CA,AWP,WE,Towers with Radar,337,26,8,0,371,0,0,22,0,22,337,26,30,0,393,12,0,12,405
08/02/2022,SMF,CA,AWP,WE,Towers with Radar,346,25,9,0,380,0,0,18,2,20,346,25,27,2,400,14,0,14,414
08/03/2022,SMF,CA,AWP,WE,Towers with Radar,336,28,10,0,374,0,0,15,0,15,336,28,25,0,389,12,0,12,401
08/04/2022,SMF,CA,AWP,WE,Towers with Radar,324,29,2,0,355,0,3,11,0,14,324,32,13,0,369,16,0,16,385
08/05/2022,SMF,CA,AWP,WE,Towers with Radar,338,26,6,0,370,0,0,9,0,9,338,26,15,0,379,10,0,10,389
08/06/2022,SMF,CA,AWP,WE,Towers with Radar,265,15,0,0,280,0,0,13,0,13,265,15,13,0,293,2,0,2,295
08/07/2022,SMF,CA,AWP,WE,Towers with Radar,336,10,4,0,350,0,0,9,0,9,336,10,13,0,359,0,0,0,359
08/08/2022,SMF,CA,AWP,WE,Towers with Radar,344,24,5,5,378,0,2,13,1,16,344,26,18,6,394,6,8,14,408
08/09/2022,SMF,CA,AWP,WE,Towers with Radar,334,27,6,0,367,0,0,13,2,15,334,27,19,2,382,4,0,4,386
08/10/2022,SMF,CA,AWP,WE,Towers with Radar,331,23,5,0,359,0,0,23,2,25,331,23,28,2,384,22,8,30,414
08/11/2022,SMF,CA,AWP,WE,Towers with Radar,341,20,4,8,373,0,2,15,6,23,341,22,19,14,396,14,32,46,442
08/12/2022,SMF,CA,AWP,WE,Towers with Radar,349,25,3,2,379,0,0,29,0,29,349,25,32,2,408,70,0,70,478
08/13/2022,SMF,CA,AWP,WE,Towers with Radar,267,17,3,0,287,0,2,9,0,11,267,19,12,0,298,22,0,22,320
08/14/2022,SMF,CA,AWP,WE,Towers with Radar,332,10,2,0,344,0,0,12,0,12,332,10,14,0,356,24,0,24,380
08/15/2022,SMF,CA,AWP,WE,Towers with Radar,339,21,4,0,364,0,0,11,2,13,339,21,15,2,377,18,0,18,395
08/16/2022,SMF,CA,AWP,WE,Towers with Radar,347,24,10,2,383,0,0,11,3,14,347,24,21,5,397,0,0,0,397
08/17/2022,SMF,CA,AWP,WE,Towers with Radar,335,25,4,0,364,0,2,15,2,19,335,27,19,2,383,32,4,36,419
08/18/2022,SMF,CA,AWP,WE,Towers with Radar,349,25,12,0,386,0,3,18,0,21,349,28,30,0,407,26,0,26,433
08/19/2022,SMF,CA,AWP,WE,Towers with Radar,350,22,9,2,383,0,0,17,2,19,350,22,26,4,402,24,8,32,434
08/20/2022,SMF,CA,AWP,WE,Towers with Radar,260,13,3,0,276,0,0,3,0,3,260,13,6,0,279,12,0,12,291
08/21/2022,SMF,CA,AWP,WE,Towers with Radar,331,10,3,0,344,0,1,11,0,12,331,11,14,0,356,2,0,2,358
08/22/2022,SMF,CA,AWP,WE,Towers with Radar,337,28,9,13,387,0,0,14,5,19,337,28,23,18,406,20,22,42,448
08/23/2022,SMF,CA,AWP,WE,Towers with Radar,331,23,11,7,372,0,2,14,1,17,331,25,25,8,389,0,16,16,405
08/24/2022,SMF,CA,AWP,WE,Towers with Radar,337,22,18,1,378,0,1,14,3,18,337,23,32,4,396,4,18,22,418
08/25/2022,SMF,CA,AWP,WE,Towers with Radar,350,22,8,0,380,0,3,22,2,27,350,25,30,2,407,24,10,34,441
08/26/2022,SMF,CA,AWP,WE,Towers with Radar,354,28,17,3,402,0,2,20,1,23,354,30,37,4,425,42,6,48,473
08/27/2022,SMF,CA,AWP,WE,Towers with Radar,263,12,2,0,277,0,0,12,0,12,263,12,14,0,289,0,0,0,289
08/28/2022,SMF,CA,AWP,WE,Towers with Radar,346,11,6,0,363,0,0,12,0,12,346,11,18,0,375,7,0,7,382
08/29/2022,SMF,CA,AWP,WE,Towers with Radar,333,22,8,0,363,0,0,13,2,15,333,22,21,2,378,38,8,46,424
08/30/2022,SMF,CA,AWP,WE,Towers with Radar,332,23,10,6,371,0,0,14,1,15,332,23,24,7,386,2,4,6,392
08/31/2022,SMF,CA,AWP,WE,Towers with Radar,336,20,5,1,362,0,0,13,1,14,336,20,18,2,376,16,6,22,398
09/01/2022,SMF,CA,AWP,WE,Towers with Radar,352,26,4,0,382,0,0,15,0,15,352,26,19,0,397,28,0,28,425
09/02/2022,SMF,CA,AWP,WE,Towers with Radar,351,29,7,0,387,1,1,11,0,13,352,30,18,0,400,0,0,0,400
09/03/2022,SMF,CA,AWP,WE,Towers with Radar,254,12,1,0,267,0,1,3,0,4,254,13,4,0,271,0,0,0,271
09/04/2022,SMF,CA,AWP,WE,Towers with Radar,286,8,1,0,295,0,0,9,1,10,286,8,10,1,305,10,0,10,315
09/05/2022,SMF,CA,AWP,WE,Towers with Radar,326,10,1,3,340,0,0,4,0,4,326,10,5,3,344,24,0,24,368
09/06/2022,SMF,CA,AWP,WE,Towers with Radar,328,26,5,0,359,0,1,10,0,11,328,27,15,0,370,0,0,0,370
09/07/2022,SMF,CA,AWP,WE,Towers with Radar,318,31,13,3,365,0,3,14,0,17,318,34,27,3,382,0,6,6,388
09/08/2022,SMF,CA,AWP,WE,Towers with Radar,345,28,3,6,382,0,1,6,0,7,345,29,9,6,389,0,0,0,389
09/09/2022,SMF,CA,AWP,WE,Towers with Radar,339,25,5,1,370,0,1,18,1,20,339,26,23,2,390,2,6,8,398
09/10/2022,SMF,CA,AWP,WE,Towers with Radar,260,14,3,0,277,0,2,8,2,12,260,16,11,2,289,4,0,4,293
09/11/2022,SMF,CA,AWP,WE,Towers with Radar,299,6,5,0,310,0,0,7,0,7,299,6,12,0,317,4,0,4,321
09/12/2022,SMF,CA,AWP,WE,Towers with Radar,344,22,10,0,376,0,0,5,4,9,344,22,15,4,385,0,16,16,401
09/13/2022,SMF,CA,AWP,WE,Towers with Radar,327,26,6,0,359,0,1,7,2,10,327,27,13,2,369,4,0,4,373
09/14/2022,SMF,CA,AWP,WE,Towers with Radar,326,23,14,1,364,0,0,9,5,14,326,23,23,6,378,0,14,14,392
09/15/2022,SMF,CA,AWP,WE,Towers with Radar,357,26,2,4,389,0,1,16,0,17,357,27,18,4,406,0,0,0,406
09/16/2022,SMF,CA,AWP,WE,Towers with Radar,352,24,4,0,380,0,1,17,0,18,352,25,21,0,398,44,0,44,442
09/17/2022,SMF,CA,AWP,WE,Towers with Radar,253,16,3,0,272,0,0,10,0,10,253,16,13,0,282,0,0,0,282
09/18/2022,SMF,CA,AWP,WE,Towers with Radar,299,8,6,1,314,0,0,3,0,3,299,8,9,1,317,0,0,0,317
09/19/2022,SMF,CA,AWP,WE,Towers with Radar,345,18,7,1,371,0,0,0,0,0,345,18,7,1,371,0,0,0,371
09/20/2022,SMF,CA,AWP,WE,Towers with Radar,331,26,7,1,365,0,0,6,3,9,331,26,13,4,374,0,6,6,380
09/21/2022,SMF,CA,AWP,WE,Towers with Radar,331,29,11,0,371,0,0,6,0,6,331,29,17,0,377,0,0,0,377
09/22/2022,SMF,CA,AWP,WE,Towers with Radar,353,24,17,2,396,0,1,13,0,14,353,25,30,2,410,0,0,0,410
09/23/2022,SMF,CA,AWP,WE,Towers with Radar,353,22,8,1,384,0,0,9,0,9,353,22,17,1,393,52,0,52,445
09/24/2022,SMF,CA,AWP,WE,Towers with Radar,255,17,10,0,282,0,0,12,0,12,255,17,22,0,294,0,0,0,294
09/25/2022,SMF,CA,AWP,WE,Towers with Radar,301,6,5,0,312,0,0,11,0,11,301,6,16,0,323,0,0,0,323
09/26/2022,SMF,CA,AWP,WE,Towers with Radar,345,25,5,2,377,0,0,17,0,17,345,25,22,2,394,16,0,16,410
09/27/2022,SMF,CA,AWP,WE,Towers with Radar,333,24,6,1,364,0,0,82,1,83,333,24,88,2,447,4,0,4,451
09/28/2022,SMF,CA,AWP,WE,Towers with Radar,321,22,9,5,357,0,1,14,5,20,321,23,23,10,377,16,20,36,413
09/29/2022,SMF,CA,AWP,WE,Towers with Radar,354,22,16,2,394,0,0,13,2,15,354,22,29,4,409,0,14,14,423
09/30/2022,SMF,CA,AWP,WE,Towers with Radar,349,29,12,0,390,0,2,29,0,31,349,31,41,0,421,0,0,0,421
10/01/2022,SMF,CA,AWP,WE,Towers with Radar,249,19,4,0,272,0,0,8,0,8,249,19,12,0,280,0,0,0,280
10/02/2022,SMF,CA,AWP,WE,Towers with Radar,306,13,4,0,323,0,0,7,0,7,306,13,11,0,330,4,0,4,334
10/03/2022,SMF,CA,AWP,WE,Towers with Radar,341,20,6,0,367,0,1,19,0,20,341,21,25,0,387,30,0,30,417
10/04/2022,SMF,CA,AWP,WE,Towers with Radar,327,22,5,8,362,0,0,18,4,22,327,22,23,12,384,36,14,50,434
10/05/2022,SMF,CA,AWP,WE,Towers with Radar,325,24,5,0,354,0,1,5,0,6,325,25,10,0,360,12,0,12,372
10/06/2022,SMF,CA,AWP,WE,Towers with Radar,350,22,9,0,381,0,0,13,0,13,350,22,22,0,394,0,0,0,394
10/07/2022,SMF,CA,AWP,WE,Towers with Radar,346,23,4,2,375,0,1,7,0,8,346,24,11,2,383,0,0,0,383
10/08/2022,SMF,CA,AWP,WE,Towers with Radar,250,16,6,0,272,0,0,12,0,12,250,16,18,0,284,0,0,0,284
10/09/2022,SMF,CA,AWP,WE,Towers with Radar,300,10,4,0,314,0,0,18,0,18,300,10,22,0,332,20,0,20,352
10/10/2022,SMF,CA,AWP,WE,Towers with Radar,341,22,5,0,368,0,0,15,0,15,341,22,20,0,383,0,0,0,383
10/11/2022,SMF,CA,AWP,WE,Towers with Radar,338,24,4,0,366,0,1,15,0,16,338,25,19,0,382,20,0,20,402
10/12/2022,SMF,CA,AWP,WE,Towers with Radar,332,24,3,8,367,0,0,15,9,24,332,24,18,17,391,20,18,38,429
10/13/2022,SMF,CA,AWP,WE,Towers with Radar,356,20,3,0,379,0,0,9,2,11,356,20,12,2,390,0,0,0,390
10/14/2022,SMF,CA,AWP,WE,Towers with Radar,351,24,9,1,385,0,0,10,1,11,351,24,19,2,396,0,6,6,402
10/15/2022,SMF,CA,AWP,WE,Towers with Radar,249,16,3,0,268,0,1,14,0,15,249,17,17,0,283,0,0,0,283
10/16/2022,SMF,CA,AWP,WE,Towers with Radar,299,8,5,0,312,0,0,15,0,15,299,8,20,0,327,12,0,12,339
10/17/2022,SMF,CA,AWP,WE,Towers with Radar,342,20,14,0,376,0,1,5,2,8,342,21,19,2,384,8,0,8,392
10/18/2022,SMF,CA,AWP,WE,Towers with Radar,336,23,5,0,364,0,2,21,0,23,336,25,26,0,387,30,0,30,417
10/19/2022,SMF,CA,AWP,WE,Towers with Radar,332,26,12,1,371,0,0,12,2,14,332,26,24,3,385,0,14,14,399
10/20/2022,SMF,CA,AWP,WE,Towers with Radar,348,24,11,3,386,0,2,16,2,20,348,26,27,5,406,24,4,28,434
10/21/2022,SMF,CA,AWP,WE,Towers with Radar,350,26,11,2,389,0,0,10,0,10,350,26,21,2,399,12,8,20,419
10/22/2022,SMF,CA,AWP,WE,Towers with Radar,249,15,10,0,274,0,0,14,0,14,249,15,24,0,288,0,0,0,288
10/23/2022,SMF,CA,AWP,WE,Towers with Radar,299,13,6,0,318,0,0,13,0,13,299,13,19,0,331,0,0,0,331
10/24/2022,SMF,CA,AWP,WE,Towers with Radar,341,21,4,2,368,0,0,16,2,18,341,21,20,4,386,0,18,18,404
10/25/2022,SMF,CA,AWP,WE,Towers with Radar,325,26,3,4,358,0,0,11,2,13,325,26,14,6,371,26,4,30,401
10/26/2022,SMF,CA,AWP,WE,Towers with Radar,339,27,9,0,375,0,2,9,1,12,339,29,18,1,387,8,0,8,395
10/27/2022,SMF,CA,AWP,WE,Towers with Radar,352,29,11,0,392,0,0,16,4,20,352,29,27,4,412,14,14,28,440
10/28/2022,SMF,CA,AWP,WE,Towers with Radar,346,23,3,1,373,0,2,14,1,17,346,25,17,2,390,10,6,16,406
10/29/2022,SMF,CA,AWP,WE,Towers with Radar,247,12,5,0,264,0,0,8,0,8,247,12,13,0,272,18,0,18,290
10/30/2022,SMF,CA,AWP,WE,Towers with Radar,293,9,5,0,307,0,2,8,0,10,293,11,13,0,317,0,0,0,317
10/31/2022,SMF,CA,AWP,WE,Towers with Radar,325,18,5,0,348,0,0,7,0,7,325,18,12,0,355,0,0,0,355
11/01/2022,SMF,CA,AWP,WE,Towers with Radar,338,28,5,2,373,0,0,1,0,1,338,28,6,2,374,12,0,12,386
11/02/2022,SMF,CA,AWP,WE,Towers with Radar,336,25,2,7,370,0,0,10,5,15,336,25,12,12,385,0,6,6,391
11/03/2022,SMF,CA,AWP,WE,Towers with Radar,353,26,4,2,385,0,0,9,0,9,353,26,13,2,394,14,2,16,410
11/04/2022,SMF,CA,AWP,WE,Towers with Radar,339,22,7,7,375,0,0,9,1,10,339,22,16,8,385,18,16,34,419
11/05/2022,SMF,CA,AWP,WE,Towers with Radar,250,15,8,0,273,0,0,0,0,0,250,15,8,0,273,0,0,0,273
11/06/2022,SMF,CA,AWP,WE,Towers with Radar,342,6,4,0,352,0,0,9,0,9,342,6,13,0,361,2,0,2,363
11/07/2022,SMF,CA,AWP,WE,Towers with Radar,341,19,12,0,372,0,0,5,0,5,341,19,17,0,377,2,0,2,379
11/08/2022,SMF,CA,AWP,WE,Towers with Radar,313,24,13,0,350,0,0,2,0,2,313,24,15,0,352,0,0,0,352
11/09/2022,SMF,CA,AWP,WE,Towers with Radar,332,33,9,12,386,0,0,8,2,10,332,33,17,14,396,0,26,26,422
11/10/2022,SMF,CA,AWP,WE,Towers with Radar,368,21,8,1,398,0,0,9,1,10,368,21,17,2,408,24,6,30,438
11/11/2022,SMF,CA,AWP,WE,Towers with Radar,354,20,3,0,377,0,0,2,0,2,354,20,5,0,379,0,0,0,379
11/12/2022,SMF,CA,AWP,WE,Towers with Radar,270,14,3,0,287,0,0,4,0,4,270,14,7,0,291,0,0,0,291
11/13/2022,SMF,CA,AWP,WE,Towers with Radar,349,10,5,0,364,0,0,11,0,11,349,10,16,0,375,0,0,0,375
11/14/2022,SMF,CA,AWP,WE,Towers with Radar,356,19,10,0,385,0,1,7,0,8,356,20,17,0,393,2,0,2,395
11/15/2022,SMF,CA,AWP,WE,Towers with Radar,326,21,14,2,363,0,1,25,8,34,326,22,39,10,397,18,38,56,453
11/16/2022,SMF,CA,AWP,WE,Towers with Radar,340,20,9,2,371,0,0,8,0,8,340,20,17,2,379,0,0,0,379
11/17/2022,SMF,CA,AWP,WE,Towers with Radar,355,24,11,0,390,0,2,20,0,22,355,26,31,0,412,2,0,2,414
11/18/2022,SMF,CA,AWP,WE,Towers with Radar,349,27,5,1,382,0,0,9,0,9,349,27,14,1,391,2,0,2,393
11/19/2022,SMF,CA,AWP,WE,Towers with Radar,267,10,5,0,282,0,0,3,0,3,267,10,8,0,285,0,0,0,285
11/20/2022,SMF,CA,AWP,WE,Towers with Radar,348,7,8,0,363,0,0,11,0,11,348,7,19,0,374,0,0,0,374
11/21/2022,SMF,CA,AWP,WE,Towers with Radar,349,17,2,7,375,0,0,10,1,11,349,17,12,8,386,4,0,4,390
11/22/2022,SMF,CA,AWP,WE,Towers with Radar,328,25,9,9,371,0,0,12,5,17,328,25,21,14,388,2,20,22,410
11/23/2022,SMF,CA,AWP,WE,Towers with Radar,344,25,5,1,375,0,2,31,3,36,344,27,36,4,411,0,12,12,423
11/24/2022,SMF,CA,AWP,WE,Towers with Radar,240,4,2,0,246,0,0,8,0,8,240,4,10,0,254,0,0,0,254
11/25/2022,SMF,CA,AWP,WE,Towers with Radar,317,24,4,0,345,0,2,14,0,16,317,26,18,0,361,2,0,2,363
11/26/2022,SMF,CA,AWP,WE,Towers with Radar,280,12,2,0,294,0,0,11,0,11,280,12,13,0,305,0,0,0,305
11/27/2022,SMF,CA,AWP,WE,Towers with Radar,330,7,6,0,343,0,0,18,0,18,330,7,24,0,361,14,0,14,375
11/28/2022,SMF,CA,AWP,WE,Towers with Radar,341,18,9,11,379,0,0,6,0,6,341,18,15,11,385,6,0,6,391
11/29/2022,SMF,CA,AWP,WE,Towers with Radar,340,31,11,4,386,0,0,11,4,15,340,31,22,8,401,18,20,38,439
11/30/2022,SMF,CA,AWP,WE,Towers with Radar,315,21,12,4,352,0,0,18,2,20,315,21,30,6,372,18,0,18,390
12/01/2022,SMF,CA,AWP,WE,Towers with Radar,324,25,5,8,362,0,0,2,3,5,324,25,7,11,367,34,0,34,401
12/02/2022,SMF,CA,AWP,WE,Towers with Radar,332,19,8,2,361,0,0,8,0,8,332,19,16,2,369,40,2,42,411
12/03/2022,SMF,CA,AWP,WE,Towers with Radar,253,9,9,0,271,0,0,0,0,0,253,9,9,0,271,6,0,6,277
12/04/2022,SMF,CA,AWP,WE,Towers with Radar,332,2,9,0,343,0,0,2,0,2,332,2,11,0,345,0,0,0,345
12/05/2022,SMF,CA,AWP,WE,Towers with Radar,326,17,14,12,369,0,0,5,6,11,326,17,19,18,380,18,18,36,416
12/06/2022,SMF,CA,AWP,WE,Towers with Radar,321,25,11,5,362,0,2,8,1,11,321,27,19,6,373,18,6,24,397
12/07/2022,SMF,CA,AWP,WE,Towers with Radar,327,21,8,0,356,0,2,9,0,11,327,23,17,0,367,0,0,0,367
12/08/2022,SMF,CA,AWP,WE,Towers with Radar,328,19,5,0,352,0,0,7,0,7,328,19,12,0,359,0,0,0,359
12/09/2022,SMF,CA,AWP,WE,Towers with Radar,325,19,11,0,355,0,1,1,1,3,325,20,12,1,358,2,6,8,366
12/10/2022,SMF,CA,AWP,WE,Towers with Radar,258,9,11,0,278,0,0,0,0,0,258,9,11,0,278,0,0,0,278
12/11/2022,SMF,CA,AWP,WE,Towers with Radar,328,8,6,0,342,0,0,1,0,1,328,8,7,0,343,0,0,0,343
12/12/2022,SMF,CA,AWP,WE,Towers with Radar,320,23,7,4,354,0,2,13,2,17,320,25,20,6,371,30,28,58,429
12/13/2022,SMF,CA,AWP,WE,Towers with Radar,320,21,7,2,350,0,1,10,1,12,320,22,17,3,362,0,0,0,362
12/14/2022,SMF,CA,AWP,WE,Towers with Radar,316,27,12,7,362,0,0,14,1,15,316,27,26,8,377,26,6,32,409
12/15/2022,SMF,CA,AWP,WE,Towers with Radar,329,29,7,0,365,0,0,7,0,7,329,29,14,0,372,0,0,0,372
12/16/2022,SMF,CA,AWP,WE,Towers with Radar,340,19,8,0,367,0,1,12,0,13,340,20,20,0,380,10,0,10,390
12/17/2022,SMF,CA,AWP,WE,Towers with Radar,270,12,4,0,286,0,0,4,0,4,270,12,8,0,290,0,0,0,290
12/18/2022,SMF,CA,AWP,WE,Towers with Radar,348,6,5,0,359,0,0,1,0,1,348,6,6,0,360,0,0,0,360
12/19/2022,SMF,CA,AWP,WE,Towers with Radar,345,18,7,0,370,0,0,0,0,0,345,18,7,0,370,2,0,2,372
12/20/2022,SMF,CA,AWP,WE,Towers with Radar,341,16,4,2,363,0,0,4,0,4,341,16,8,2,367,2,12,14,381
12/21/2022,SMF,CA,AWP,WE,Towers with Radar,313,22,8,0,343,0,0,0,0,0,313,22,8,0,343,0,0,0,343
12/22/2022,SMF,CA,AWP,WE,Towers with Radar,294,19,17,0,330,0,0,2,0,2,294,19,19,0,332,0,0,0,332
12/23/2022,SMF,CA,AWP,WE,Towers with Radar,236,18,15,0,269,0,0,5,0,5,236,18,20,0,274,0,0,0,274
12/24/2022,SMF,CA,AWP,WE,Towers with Radar,161,12,7,0,180,0,2,0,0,2,161,14,7,0,182,0,0,0,182
12/25/2022,SMF,CA,AWP,WE,Towers with Radar,157,3,3,0,163,0,0,0,0,0,157,3,3,0,163,0,0,0,163
12/26/2022,SMF,CA,AWP,WE,Towers with Radar,155,1,15,0,171,0,0,0,0,0,155,1,15,0,171,0,0,0,171
12/27/2022,SMF,CA,AWP,WE,Towers with Radar,174,19,11,0,204,0,0,3,0,3,174,19,14,0,207,0,0,0,207
12/28/2022,SMF,CA,AWP,WE,Towers with Radar,200,21,6,0,227,0,0,3,0,3,200,21,9,0,230,6,0,6,236
12/29/2022,SMF,CA,AWP,WE,Towers with Radar,190,24,6,4,224,0,0,6,0,6,190,24,12,4,230,0,0,0,230
12/30/2022,SMF,CA,AWP,WE,Towers with Radar,323,20,9,0,352,0,0,0,0,0,323,20,9,0,352,0,0,0,352
12/31/2022,SMF,CA,AWP,WE,Towers with Radar,232,14,1,0,247,0,0,0,0,0,232,14,1,0,247,0,0,0,247
01/01/2023,SMF,CA,AWP,WE,Towers with Radar,312,4,2,0,318,0,0,5,0,5,312,4,7,0,323,0,0,0,323
01/02/2023,SMF,CA,AWP,WE,Towers with Radar,319,3,7,0,329,0,0,4,0,4,319,3,11,0,333,0,0,0,333
01/03/2023,SMF,CA,AWP,WE,Towers with Radar,332,17,4,4,357,0,0,0,1,1,332,17,4,5,358,0,0,0,358
01/04/2023,SMF,CA,AWP,WE,Towers with Radar,317,8,14,0,339,0,0,0,0,0,317,8,14,0,339,0,0,0,339
01/05/2023,SMF,CA,AWP,WE,Towers with Radar,328,15,3,0,346,0,0,1,0,1,328,15,4,0,347,0,0,0,347
01/06/2023,SMF,CA,AWP,WE,Towers with Radar,322,16,3,0,341,0,0,3,8,11,322,16,6,8,352,0,22,22,374
01/07/2023,SMF,CA,AWP,WE,Towers with Radar,233,9,3,2,247,0,0,2,7,9,233,9,5,9,256,0,0,0,256
01/08/2023,SMF,CA,AWP,WE,Towers with Radar,283,3,6,1,293,0,0,6,0,6,283,3,12,1,299,18,0,18,317
01/09/2023,SMF,CA,AWP,WE,Towers with Radar,319,22,7,3,351,1,0,4,1,6,320,22,11,4,357,8,16,24,381
01/10/2023,SMF,CA,AWP,WE,Towers with Radar,290,21,4,2,317,0,0,1,0,1,290,21,5,2,318,0,0,0,318
01/11/2023,SMF,CA,AWP,WE,Towers with Radar,276,18,7,2,303,0,0,4,0,4,276,18,11,2,307,0,2,2,309
01/12/2023,SMF,CA,AWP,WE,Towers with Radar,330,14,15,3,362,0,0,13,3,16,330,14,28,6,378,0,0,0,378
01/13/2023,SMF,CA,AWP,WE,Towers with Radar,331,19,8,0,358,0,0,3,0,3,331,19,11,0,361,0,2,2,363
01/14/2023,SMF,CA,AWP,WE,Towers with Radar,231,10,3,0,244,0,0,0,0,0,231,10,3,0,244,0,0,0,244
01/15/2023,SMF,CA,AWP,WE,Towers with Radar,271,1,3,0,275,0,0,0,0,0,271,1,3,0,275,0,0,0,275
01/16/2023,SMF,CA,AWP,WE,Towers with Radar,327,15,3,0,345,0,0,1,0,1,327,15,4,0,346,0,0,0,346
01/17/2023,SMF,CA,AWP,WE,Towers with Radar,284,25,16,5,330,0,0,8,0,8,284,25,24,5,338,0,0,0,338
01/18/2023,SMF,CA,AWP,WE,Towers with Radar,287,17,4,4,312,0,0,5,5,10,287,17,9,9,322,2,12,14,336
01/19/2023,SMF,CA,AWP,WE,Towers with Radar,333,16,4,0,353,0,0,2,2,4,333,16,6,2,357,0,0,0,357
01/20/2023,SMF,CA,AWP,WE,Towers with Radar,329,19,17,5,370,0,0,14,1,15,329,19,31,6,385,4,10,14,399
01/21/2023,SMF,CA,AWP,WE,Towers with Radar,229,8,4,0,241,0,0,8,0,8,229,8,12,0,249,2,0,2,251
01/22/2023,SMF,CA,AWP,WE,Towers with Radar,284,1,3,0,288,0,1,2,0,3,284,2,5,0,291,0,0,0,291
01/23/2023,SMF,CA,AWP,WE,Towers with Radar,320,13,13,7,353,0,0,11,3,14,320,13,24,10,367,0,28,28,395
01/24/2023,SMF,CA,AWP,WE,Towers with Radar,295,20,12,4,331,0,0,7,0,7,295,20,19,4,338,0,0,0,338
01/25/2023,SMF,CA,AWP,WE,Towers with Radar,294,21,11,2,328,0,1,16,0,17,294,22,27,2,345,6,4,10,355
01/26/2023,SMF,CA,AWP,WE,Towers with Radar,323,19,5,4,351,0,0,15,4,19,323,19,20,8,370,24,2,26,396
01/27/2023,SMF,CA,AWP,WE,Towers with Radar,331,16,11,2,360,0,2,10,4,16,331,18,21,6,376,16,16,32,408
01/28/2023,SMF,CA,AWP,WE,Towers with Radar,230,9,1,0,240,0,0,5,0,5,230,9,6,0,245,8,0,8,253
01/29/2023,SMF,CA,AWP,WE,Towers with Radar,280,3,3,0,286,0,1,0,0,1,280,4,3,0,287,0,0,0,287
01/30/2023,SMF,CA,AWP,WE,Towers with Radar,297,13,3,6,319,0,0,1,5,6,297,13,4,11,325,0,30,30,355
01/31/2023,SMF,CA,AWP,WE,Towers with Radar,282,18,7,6,313,0,0,11,0,11,282,18,18,6,324,30,0,30,354
02/01/2023,SMF,CA,AWP,WE,Towers with Radar,284,16,4,0,304,0,1,20,0,21,284,17,24,0,325,34,0,34,359
02/02/2023,SMF,CA,AWP,WE,Towers with Radar,322,14,6,4,346,0,2,9,0,11,322,16,15,4,357,22,0,22,379
02/03/2023,SMF,CA,AWP,WE,Towers with Radar,329,16,9,2,356,0,2,3,1,6,329,18,12,3,362,4,0,4,366
02/04/2023,SMF,CA,AWP,WE,Towers with Radar,246,6,1,0,253,0,0,1,0,1,246,6,2,0,254,0,0,0,254
02/05/2023,SMF,CA,AWP,WE,Towers with Radar,288,2,5,0,295,0,0,0,0,0,288,2,5,0,295,0,0,0,295
02/06/2023,SMF,CA,AWP,WE,Towers with Radar,321,15,10,1,347,0,0,9,3,12,321,15,19,4,359,0,12,12,371
02/07/2023,SMF,CA,AWP,WE,Towers with Radar,308,17,11,2,338,0,0,11,3,14,308,17,22,5,352,6,46,52,404
02/08/2023,SMF,CA,AWP,WE,Towers with Radar,303,19,8,1,331,0,1,14,1,16,303,20,22,2,347,16,0,16,363
02/09/2023,SMF,CA,AWP,WE,Towers with Radar,329,21,7,3,360,0,0,17,0,17,329,21,24,3,377,14,10,24,401
02/10/2023,SMF,CA,AWP,WE,Towers with Radar,325,24,5,9,363,0,2,6,1,9,325,26,11,10,372,0,0,0,372
02/11/2023,SMF,CA,AWP,WE,Towers with Radar,246,7,7,0,260,0,0,10,0,10,246,7,17,0,270,24,0,24,294
02/12/2023,SMF,CA,AWP,WE,Towers with Radar,276,1,2,0,279,0,2,6,0,8,276,3,8,0,287,0,0,0,287
02/13/2023,SMF,CA,AWP,WE,Towers with Radar,314,16,9,9,348,0,0,11,0,11,314,16,20,9,359,0,12,12,371
02/14/2023,SMF,CA,AWP,WE,Towers with Radar,293,19,4,1,317,0,1,9,1,11,293,20,13,2,328,0,0,0,328
02/15/2023,SMF,CA,AWP,WE,Towers with Radar,306,21,4,4,335,0,1,14,0,15,306,22,18,4,350,8,0,8,358
02/16/2023,SMF,CA,AWP,WE,Towers with Radar,321,25,7,3,356,0,0,6,1,7,321,25,13,4,363,0,14,14,377
02/17/2023,SMF,CA,AWP,WE,Towers with Radar,326,17,7,12,362,0,0,7,2,9,326,17,14,14,371,0,40,40,411
02/18/2023,SMF,CA,AWP,WE,Towers with Radar,239,9,6,0,254,0,3,5,0,8,239,12,11,0,262,26,0,26,288
02/19/2023,SMF,CA,AWP,WE,Towers with Radar,271,1,7,0,279,0,0,10,0,10,271,1,17,0,289,14,0,14,303
02/20/2023,SMF,CA,AWP,WE,Towers with Radar,317,20,3,0,340,0,0,7,0,7,317,20,10,0,347,14,0,14,361
02/21/2023,SMF,CA,AWP,WE,Towers with Radar,306,27,11,2,346,0,0,1,0,1,306,27,12,2,347,2,0,2,349
02/22/2023,SMF,CA,AWP,WE,Towers with Radar,297,22,14,0,333,0,0,10,2,12,297,22,24,2,345,0,4,4,349
02/23/2023,SMF,CA,AWP,WE,Towers with Radar,311,20,14,6,351,0,0,3,0,3,311,20,17,6,354,2,8,10,364
02/24/2023,SMF,CA,AWP,WE,Towers with Radar,320,17,2,2,341,0,0,0,0,0,320,17,2,2,341,0,0,0,341
02/25/2023,SMF,CA,AWP,WE,Towers with Radar,237,7,6,0,250,0,0,0,0,0,237,7,6,0,250,0,0,0,250
02/26/2023,SMF,CA,AWP,WE,Towers with Radar,279,6,4,0,289,0,0,0,0,0,279,6,4,0,289,0,0,0,289
02/27/2023,SMF,CA,AWP,WE,Towers with Radar,324,13,9,1,347,0,0,1,1,2,324,13,10,2,349,0,8,8,357
02/28/2023,SMF,CA,AWP,WE,Towers with Radar,304,26,8,0,338,0,0,0,2,2,304,26,8,2,340,0,24,24,364
03/01/2023,SMF,CA,AWP,WE,Towers with Radar,297,20,9,7,333,0,0,6,7,13,297,20,15,14,346,16,18,34,380
03/02/2023,SMF,CA,AWP,WE,Towers with Radar,321,24,9,0,354,0,0,12,1,13,321,24,21,1,367,10,0,10,377
03/03/2023,SMF,CA,AWP,WE,Towers with Radar,320,18,5,8,351,1,1,15,2,19,321,19,20,10,370,30,18,48,418
03/04/2023,SMF,CA,AWP,WE,Towers with Radar,239,11,5,0,255,0,0,1,0,1,239,11,6,0,256,10,0,10,266
03/05/2023,SMF,CA,AWP,WE,Towers with Radar,278,5,7,8,298,0,0,2,0,2,278,5,9,8,300,4,0,4,304
03/06/2023,SMF,CA,AWP,WE,Towers with Radar,322,14,14,8,358,0,0,3,2,5,322,14,17,10,363,0,26,26,389
03/07/2023,SMF,CA,AWP,WE,Towers with Radar,300,16,7,1,324,0,0,10,1,11,300,16,17,2,335,0,0,0,335
03/08/2023,SMF,CA,AWP,WE,Towers with Radar,298,18,12,4,332,0,0,20,0,20,298,18,32,4,352,70,6,76,428
03/09/2023,SMF,CA,AWP,WE,Towers with Radar,329,14,15,1,359,0,0,1,0,1,329,14,16,1,360,0,0,0,360
03/10/2023,SMF,CA,AWP,WE,Towers with Radar,331,18,12,2,363,0,2,7,1,10,331,20,19,3,373,8,8,16,389
03/11/2023,SMF,CA,AWP,WE,Towers with Radar,236,8,0,8,252,0,1,0,0,1,236,9,0,8,253,0,8,8,261
03/12/2023,SMF,CA,AWP,WE,Towers with Radar,275,3,5,0,283,0,0,0,0,0,275,3,5,0,283,0,0,0,283
03/13/2023,SMF,CA,AWP,WE,Towers with Radar,328,19,6,0,353,0,2,1,0,3,328,21,7,0,356,0,0,0,356
03/14/2023,SMF,CA,AWP,WE,Towers with Radar,318,25,4,2,349,0,0,0,0,0,318,25,4,2,349,0,0,0,349
03/15/2023,SMF,CA,AWP,WE,Towers with Radar,301,20,4,7,332,1,0,4,1,6,302,20,8,8,338,4,6,10,348
03/16/2023,SMF,CA,AWP,WE,Towers with Radar,343,23,13,2,381,2,2,13,6,23,345,25,26,8,404,17,16,33,437
03/17/2023,SMF,CA,AWP,WE,Towers with Radar,330,25,14,0,369,0,0,16,0,16,330,25,30,0,385,27,0,27,412
03/18/2023,SMF,CA,AWP,WE,Towers with Radar,250,11,3,0,264,0,0,1,0,1,250,11,4,0,265,0,0,0,265
03/19/2023,SMF,CA,AWP,WE,Towers with Radar,281,6,2,0,289,0,0,0,0,0,281,6,2,0,289,0,0,0,289
03/20/2023,SMF,CA,AWP,WE,Towers with Radar,331,16,4,0,351,0,2,7,2,11,331,18,11,2,362,0,0,0,362
03/21/2023,SMF,CA,AWP,WE,Towers with Radar,336,23,11,2,372,0,0,1,1,2,336,23,12,3,374,0,8,8,382
03/22/2023,SMF,CA,AWP,WE,Towers with Radar,307,25,7,5,344,0,0,2,3,5,307,25,9,8,349,6,18,24,373
03/23/2023,SMF,CA,AWP,WE,Towers with Radar,330,15,14,4,363,0,0,2,4,6,330,15,16,8,369,6,0,6,375
03/24/2023,SMF,CA,AWP,WE,Towers with Radar,335,15,11,0,361,0,0,11,0,11,335,15,22,0,372,0,0,0,372
03/25/2023,SMF,CA,AWP,WE,Towers with Radar,243,9,7,0,259,0,2,17,0,19,243,11,24,0,278,0,0,0,278
03/26/2023,SMF,CA,AWP,WE,Towers with Radar,272,4,5,0,281,0,0,11,0,11,272,4,16,0,292,2,0,2,294
03/27/2023,SMF,CA,AWP,WE,Towers with Radar,342,19,11,0,372,0,0,15,0,15,342,19,26,0,387,42,0,42,429
03/28/2023,SMF,CA,AWP,WE,Towers with Radar,300,19,3,2,324,0,0,0,0,0,300,19,3,2,324,0,0,0,324
03/29/2023,SMF,CA,AWP,WE,Towers with Radar,309,22,11,0,342,0,0,0,0,0,309,22,11,0,342,0,0,0,342
03/30/2023,SMF,CA,AWP,WE,Towers with Radar,329,22,9,5,365,0,1,5,3,9,329,23,14,8,374,36,18,54,428
03/31/2023,SMF,CA,AWP,WE,Towers with Radar,333,19,6,0,358,0,0,20,2,22,333,19,26,2,380,26,0,26,406
04/01/2023,SMF,CA,AWP,WE,Towers with Radar,241,9,1,0,251,0,2,10,0,12,241,11,11,0,263,14,0,14,277
04/02/2023,SMF,CA,AWP,WE,Towers with Radar,275,4,5,0,284,0,0,7,0,7,275,4,12,0,291,0,0,0,291
04/03/2023,SMF,CA,AWP,WE,Towers with Radar,328,17,6,10,361,0,1,7,3,11,328,18,13,13,372,44,18,62,434
04/04/2023,SMF,CA,AWP,WE,Towers with Radar,302,18,3,1,324,0,2,6,2,10,302,20,9,3,334,18,0,18,352
04/05/2023,SMF,CA,AWP,WE,Towers with Radar,302,14,7,0,323,0,1,12,2,15,302,15,19,2,338,40,4,44,382
04/06/2023,SMF,CA,AWP,WE,Towers with Radar,338,18,6,0,362,1,0,16,2,19,339,18,22,2,381,16,0,16,397
04/07/2023,SMF,CA,AWP,WE,Towers with Radar,330,29,9,8,376,0,0,7,0,7,330,29,16,8,383,0,0,0,383
04/08/2023,SMF,CA,AWP,WE,Towers with Radar,250,15,0,0,265,0,1,9,0,10,250,16,9,0,275,16,0,16,291
04/09/2023,SMF,CA,AWP,WE,Towers with Radar,278,7,2,0,287,0,2,13,1,16,278,9,15,1,303,30,0,30,333
04/10/2023,SMF,CA,AWP,WE,Towers with Radar,328,17,6,0,351,0,1,10,0,11,328,18,16,0,362,0,0,0,362
04/11/2023,SMF,CA,AWP,WE,Towers with Radar,340,20,6,0,366,0,4,1,0,5,340,24,7,0,371,12,0,12,383
04/12/2023,SMF,CA,AWP,WE,Towers with Radar,338,18,5,5,366,0,4,18,3,25,338,22,23,8,391,18,6,24,415
04/13/2023,SMF,CA,AWP,WE,Towers with Radar,352,24,4,1,381,0,0,16,1,17,352,24,20,2,398,32,0,32,430
04/14/2023,SMF,CA,AWP,WE,Towers with Radar,334,15,4,0,353,0,3,27,2,32,334,18,31,2,385,14,4,18,403
04/15/2023,SMF,CA,AWP,WE,Towers with Radar,246,5,5,0,256,0,0,9,0,9,246,5,14,0,265,20,0,20,285
04/16/2023,SMF,CA,AWP,WE,Towers with Radar,294,3,2,0,299,0,0,10,0,10,294,3,12,0,309,22,0,22,331
04/17/2023,SMF,CA,AWP,WE,Towers with Radar,342,22,14,4,382,0,2,13,6,21,342,24,27,10,403,0,0,0,403
04/18/2023,SMF,CA,AWP,WE,Towers with Radar,326,23,10,0,359,0,0,5,3,8,326,23,15,3,367,0,0,0,367
04/19/2023,SMF,CA,AWP,WE,Towers with Radar,325,25,7,0,357,0,0,18,2,20,325,25,25,2,377,18,0,18,395
04/20/2023,SMF,CA,AWP,WE,Towers with Radar,327,18,9,2,356,0,0,8,0,8,327,18,17,2,364,18,0,18,382
04/21/2023,SMF,CA,AWP,WE,Towers with Radar,338,20,5,3,366,0,0,20,0,20,338,20,25,3,386,22,0,22,408
04/22/2023,SMF,CA,AWP,WE,Towers with Radar,241,11,5,0,257,0,0,11,0,11,241,11,16,0,268,8,0,8,276
04/23/2023,SMF,CA,AWP,WE,Towers with Radar,295,7,7,0,309,0,0,6,0,6,295,7,13,0,315,0,0,0,315
04/24/2023,SMF,CA,AWP,WE,Towers with Radar,333,20,3,0,356,0,3,20,0,23,333,23,23,0,379,6,0,6,385
04/25/2023,SMF,CA,AWP,WE,Towers with Radar,316,22,7,0,345,0,0,7,0,7,316,22,14,0,352,0,0,0,352
04/26/2023,SMF,CA,AWP,WE,Towers with Radar,325,25,8,2,360,0,1,17,0,18,325,26,25,2,378,36,2,38,416
04/27/2023,SMF,CA,AWP,WE,Towers with Radar,341,14,6,4,365,0,2,18,0,20,341,16,24,4,385,56,0,56,441
04/28/2023,SMF,CA,AWP,WE,Towers with Radar,331,23,9,0,363,0,2,27,0,29,331,25,36,0,392,16,0,16,408
04/29/2023,SMF,CA,AWP,WE,Towers with Radar,250,7,2,0,259,0,1,9,0,10,250,8,11,0,269,28,0,28,297
04/30/2023,SMF,CA,AWP,WE,Towers with Radar,287,10,12,0,309,0,4,5,0,9,287,14,17,0,318,4,0,4,322
05/01/2023,SMF,CA,AWP,WE,Towers with Radar,329,19,9,3,360,0,0,4,5,9,329,19,13,8,369,10,16,26,395
05/02/2023,SMF,CA,AWP,WE,Towers with Radar,333,25,11,2,371,0,1,2,0,3,333,26,13,2,374,0,0,0,374
05/03/2023,SMF,CA,AWP,WE,Towers with Radar,333,21,6,2,362,0,1,12,8,21,333,22,18,10,383,20,14,34,417
05/04/2023,SMF,CA,AWP,WE,Towers with Radar,335,21,3,0,359,0,0,4,0,4,335,21,7,0,363,24,0,24,387
05/05/2023,SMF,CA,AWP,WE,Towers with Radar,336,21,2,3,362,0,2,5,5,12,336,23,7,8,374,12,32,44,418
05/06/2023,SMF,CA,AWP,WE,Towers with Radar,254,8,8,0,270,0,0,1,0,1,254,8,9,0,271,0,0,0,271
05/07/2023,SMF,CA,AWP,WE,Towers with Radar,288,2,5,0,295,0,2,6,0,8,288,4,11,0,303,14,0,14,317
05/08/2023,SMF,CA,AWP,WE,Towers with Radar,333,20,9,4,366,0,0,10,0,10,333,20,19,4,376,26,2,28,404
05/09/2023,SMF,CA,AWP,WE,Towers with Radar,334,30,10,2,376,0,9,10,0,19,334,39,20,2,395,58,0,58,453
05/10/2023,SMF,CA,AWP,WE,Towers with Radar,335,20,10,0,365,0,3,7,2,12,335,23,17,2,377,32,4,36,413
05/11/2023,SMF,CA,AWP,WE,Towers with Radar,341,22,6,0,369,0,2,14,0,16,341,24,20,0,385,28,0,28,413
05/12/2023,SMF,CA,AWP,WE,Towers with Radar,325,30,4,0,359,0,2,13,0,15,325,32,17,0,374,54,0,54,428
05/13/2023,SMF,CA,AWP,WE,Towers with Radar,255,9,0,0,264,0,1,5,0,6,255,10,5,0,270,14,0,14,284
05/14/2023,SMF,CA,AWP,WE,Towers with Radar,289,11,6,0,306,0,0,16,0,16,289,11,22,0,322,12,0,12,334
05/15/2023,SMF,CA,AWP,WE,Towers with Radar,341,17,1,3,362,0,3,10,3,16,341,20,11,6,378,74,8,82,460
05/16/2023,SMF,CA,AWP,WE,Towers with Radar,334,19,4,2,359,0,2,14,4,20,334,21,18,6,379,52,20,72,451
05/17/2023,SMF,CA,AWP,WE,Towers with Radar,338,23,16,3,380,0,0,9,0,9,338,23,25,3,389,50,0,50,439
05/18/2023,SMF,CA,AWP,WE,Towers with Radar,332,20,12,7,371,0,4,14,1,19,332,24,26,8,390,86,14,100,490
05/19/2023,SMF,CA,AWP,WE,Towers with Radar,341,18,13,0,372,0,4,18,0,22,341,22,31,0,394,28,0,28,422
05/20/2023,SMF,CA,AWP,WE,Towers with Radar,252,9,1,0,262,0,0,6,0,6,252,9,7,0,268,24,0,24,292
05/21/2023,SMF,CA,AWP,WE,Towers with Radar,298,3,2,0,303,0,1,10,0,11,298,4,12,0,314,2,0,2,316
05/22/2023,SMF,CA,AWP,WE,Towers with Radar,339,18,10,2,369,0,2,10,4,16,339,20,20,6,385,26,6,32,417
05/23/2023,SMF,CA,AWP,WE,Towers with Radar,340,22,11,0,373,0,0,14,0,14,340,22,25,0,387,0,0,0,387
05/24/2023,SMF,CA,AWP,WE,Towers with Radar,338,20,6,0,364,0,2,14,0,16,338,22,20,0,380,16,0,16,396
05/25/2023,SMF,CA,AWP,WE,Towers with Radar,345,26,4,0,375,0,0,9,4,13,345,26,13,4,388,12,8,20,408
05/26/2023,SMF,CA,AWP,WE,Towers with Radar,341,19,6,0,366,0,0,15,0,15,341,19,21,0,381,24,0,24,405
05/27/2023,SMF,CA,AWP,WE,Towers with Radar,257,11,2,0,270,0,0,18,0,18,257,11,20,0,288,42,0,42,330
05/28/2023,SMF,CA,AWP,WE,Towers with Radar,273,4,1,0,278,0,0,3,0,3,273,4,4,0,281,6,0,6,287
05/29/2023,SMF,CA,AWP,WE,Towers with Radar,336,4,1,0,341,0,3,7,0,10,336,7,8,0,351,10,0,10,361
05/30/2023,SMF,CA,AWP,WE,Towers with Radar,327,17,5,11,360,0,1,9,1,11,327,18,14,12,371,24,8,32,403
05/31/2023,SMF,CA,AWP,WE,Towers with Radar,335,19,10,2,366,0,0,24,2,26,335,19,34,4,392,52,14,66,458
06/01/2023,SMF,CA,AWP,WE,Towers with Radar,343,23,11,2,379,0,3,10,9,22,343,26,21,11,401,38,8,46,447
06/02/2023,SMF,CA,AWP,WE,Towers with Radar,344,16,5,0,365,0,0,9,0,9,344,16,14,0,374,16,0,16,390
06/03/2023,SMF,CA,AWP,WE,Towers with Radar,256,9,0,0,265,0,0,8,0,8,256,9,8,0,273,2,0,2,275
06/04/2023,SMF,CA,AWP,WE,Towers with Radar,286,3,4,0,293,0,1,11,0,12,286,4,15,0,305,18,0,18,323
06/05/2023,SMF,CA,AWP,WE,Towers with Radar,340,14,9,0,363,0,0,4,4,8,340,14,13,4,371,0,12,12,383
06/06/2023,SMF,CA,AWP,WE,Towers with Radar,338,19,10,0,367,0,1,9,2,12,338,20,19,2,379,14,4,18,397
06/07/2023,SMF,CA,AWP,WE,Towers with Radar,345,23,11,0,379,0,0,11,2,13,345,23,22,2,392,32,4,36,428
06/08/2023,SMF,CA,AWP,WE,Towers with Radar,349,17,9,6,381,0,2,20,0,22,349,19,29,6,403,62,18,80,483
06/09/2023,SMF,CA,AWP,WE,Towers with Radar,350,18,13,2,383,0,0,15,0,15,350,18,28,2,398,0,0,0,398
06/10/2023,SMF,CA,AWP,WE,Towers with Radar,267,10,1,0,278,0,1,4,0,5,267,11,5,0,283,34,0,34,317
06/11/2023,SMF,CA,AWP,WE,Towers with Radar,293,4,5,0,302,0,0,7,0,7,293,4,12,0,309,0,0,0,309
06/12/2023,SMF,CA,AWP,WE,Towers with Radar,344,20,6,6,376,0,2,11,4,17,344,22,17,10,393,28,30,58,451
06/13/2023,SMF,CA,AWP,WE,Towers with Radar,341,23,9,4,377,0,3,12,6,21,341,26,21,10,398,34,0,34,432
06/14/2023,SMF,CA,AWP,WE,Towers with Radar,346,20,3,0,369,0,3,10,0,13,346,23,13,0,382,22,0,22,404
06/15/2023,SMF,CA,AWP,WE,Towers with Radar,352,20,7,1,380,0,0,27,3,30,352,20,34,4,410,12,0,12,422
06/16/2023,SMF,CA,AWP,WE,Towers with Radar,349,15,5,0,369,0,0,7,0,7,349,15,12,0,376,0,0,0,376
06/17/2023,SMF,CA,AWP,WE,Towers with Radar,275,6,3,0,284,0,0,2,0,2,275,6,5,0,286,8,0,8,294
06/18/2023,SMF,CA,AWP,WE,Towers with Radar,293,0,0,0,293,0,0,6,0,6,293,0,6,0,299,0,0,0,299
06/19/2023,SMF,CA,AWP,WE,Towers with Radar,345,17,7,0,369,0,1,3,0,4,345,18,10,0,373,14,0,14,387
06/20/2023,SMF,CA,AWP,WE,Towers with Radar,337,20,14,0,371,0,2,13,0,15,337,22,27,0,386,36,0,36,422
06/21/2023,SMF,CA,AWP,WE,Towers with Radar,342,23,2,0,367,0,4,13,0,17,342,27,15,0,384,20,0,20,404
06/22/2023,SMF,CA,AWP,WE,Towers with Radar,345,14,9,3,371,0,2,20,6,28,345,16,29,9,399,38,10,48,447
06/23/2023,SMF,CA,AWP,WE,Towers with Radar,352,14,8,0,374,0,2,16,2,20,352,16,24,2,394,17,0,17,411
06/24/2023,SMF,CA,AWP,WE,Towers with Radar,273,12,0,0,285,0,0,6,0,6,273,12,6,0,291,76,0,76,367
06/25/2023,SMF,CA,AWP,WE,Towers with Radar,288,6,6,0,300,0,1,8,0,9,288,7,14,0,309,26,0,26,335
06/26/2023,SMF,CA,AWP,WE,Towers with Radar,335,19,7,0,361,0,0,17,0,17,335,19,24,0,378,18,0,18,396
06/27/2023,SMF,CA,AWP,WE,Towers with Radar,331,23,14,0,368,0,0,4,0,4,331,23,18,0,372,0,0,0,372
06/28/2023,SMF,CA,AWP,WE,Towers with Radar,332,23,3,0,358,0,1,4,2,7,332,24,7,2,365,8,0,8,373
06/29/2023,SMF,CA,AWP,WE,Towers with Radar,344,20,7,2,373,0,1,17,0,18,344,21,24,2,391,30,0,30,421
06/30/2023,SMF,CA,AWP,WE,Towers with Radar,349,23,7,0,379,0,0,19,0,19,349,23,26,0,398,56,0,56,454
07/01/2023,SMF,CA,AWP,WE,Towers with Radar,275,11,4,0,290,0,1,23,0,24,275,12,27,0,314,40,0,40,354
07/02/2023,SMF,CA,AWP,WE,Towers with Radar,282,7,3,0,292,0,0,8,0,8,282,7,11,0,300,2,0,2,302
07/03/2023,SMF,CA,AWP,WE,Towers with Radar,328,16,3,0,347,0,0,17,0,17,328,16,20,0,364,0,0,0,364
07/04/2023,SMF,CA,AWP,WE,Towers with Radar,316,4,5,0,325,0,3,10,0,13,316,7,15,0,338,0,0,0,338
07/05/2023,SMF,CA,AWP,WE,Towers with Radar,351,21,8,3,383,0,0,12,3,15,351,21,20,6,398,36,12,48,446
07/06/2023,SMF,CA,AWP,WE,Towers with Radar,351,20,4,0,375,0,2,3,0,5,351,22,7,0,380,28,0,28,408
07/07/2023,SMF,CA,AWP,WE,Towers with Radar,353,19,1,0,373,0,0,21,0,21,353,19,22,0,394,2,0,2,396
07/08/2023,SMF,CA,AWP,WE,Towers with Radar,277,7,3,0,287,1,1,8,1,11,278,8,11,1,298,16,0,16,314
07/09/2023,SMF,CA,AWP,WE,Towers with Radar,299,2,10,0,311,0,2,11,0,13,299,4,21,0,324,22,0,22,346
07/10/2023,SMF,CA,AWP,WE,Towers with Radar,354,18,7,2,381,0,1,7,0,8,354,19,14,2,389,16,0,16,405
07/11/2023,SMF,CA,AWP,WE,Towers with Radar,334,22,5,1,362,0,6,4,1,11,334,28,9,2,373,44,8,52,425
07/12/2023,SMF,CA,AWP,WE,Towers with Radar,335,26,5,3,369,0,8,15,3,26,335,34,20,6,395,26,10,36,431
07/13/2023,SMF,CA,AWP,WE,Towers with Radar,350,25,6,1,382,0,4,11,3,18,350,29,17,4,400,34,18,52,452
07/14/2023,SMF,CA,AWP,WE,Towers with Radar,347,25,11,0,383,0,1,6,1,8,347,26,17,1,391,0,0,0,391
07/15/2023,SMF,CA,AWP,WE,Towers with Radar,273,13,4,0,290,0,0,4,2,6,273,13,8,2,296,4,0,4,300
07/16/2023,SMF,CA,AWP,WE,Towers with Radar,296,6,3,0,305,0,0,7,0,7,296,6,10,0,312,0,0,0,312
07/17/2023,SMF,CA,AWP,WE,Towers with Radar,352,19,6,0,377,0,0,7,0,7,352,19,13,0,384,8,0,8,392
07/18/2023,SMF,CA,AWP,WE,Towers with Radar,329,26,8,1,364,0,0,15,4,19,329,26,23,5,383,26,8,34,417
07/19/2023,SMF,CA,AWP,WE,Towers with Radar,338,25,6,0,369,0,1,10,0,11,338,26,16,0,380,18,0,18,398
07/20/2023,SMF,CA,AWP,WE,Towers with Radar,351,17,7,0,375,0,1,15,0,16,351,18,22,0,391,42,0,42,433
07/21/2023,SMF,CA,AWP,WE,Towers with Radar,357,19,6,1,383,0,0,14,4,18,357,19,20,5,401,68,10,78,479
07/22/2023,SMF,CA,AWP,WE,Towers with Radar,275,13,6,0,294,0,0,15,0,15,275,13,21,0,309,2,0,2,311
07/23/2023,SMF,CA,AWP,WE,Towers with Radar,307,5,1,0,313,0,2,5,0,7,307,7,6,0,320,30,0,30,350
07/24/2023,SMF,CA,AWP,WE,Towers with Radar,348,16,6,0,370,0,2,18,2,22,348,18,24,2,392,15,10,25,417
07/25/2023,SMF,CA,AWP,WE,Towers with Radar,337,20,7,6,370,0,0,14,0,14,337,20,21,6,384,24,0,24,408
07/26/2023,SMF,CA,AWP,WE,Towers with Radar,329,19,4,0,352,0,0,16,0,16,329,19,20,0,368,34,0,34,402
07/27/2023,SMF,CA,AWP,WE,Towers with Radar,356,23,4,2,385,0,2,10,2,14,356,25,14,4,399,22,12,34,433
07/28/2023,SMF,CA,AWP,WE,Towers with Radar,341,19,9,0,369,0,1,6,0,7,341,20,15,0,376,10,0,10,386
07/29/2023,SMF,CA,AWP,WE,Towers with Radar,272,9,2,0,283,0,0,17,0,17,272,9,19,0,300,10,0,10,310
07/30/2023,SMF,CA,AWP,WE,Towers with Radar,305,5,3,0,313,0,1,3,0,4,305,6,6,0,317,0,0,0,317
07/31/2023,SMF,CA,AWP,WE,Towers with Radar,337,18,5,0,360,0,0,16,0,16,337,18,21,0,376,6,0,6,382
08/01/2023,SMF,CA,AWP,WE,Towers with Radar,341,19,10,2,372,0,0,21,6,27,341,19,31,8,399,90,20,110,509
08/02/2023,SMF,CA,AWP,WE,Towers with Radar,337,20,8,1,366,0,3,20,3,26,337,23,28,4,392,14,20,34,426
08/03/2023,SMF,CA,AWP,WE,Towers with Radar,348,18,3,0,369,0,2,24,2,28,348,20,27,2,397,12,12,24,421
08/04/2023,SMF,CA,AWP,WE,Towers with Radar,354,24,4,0,382,0,3,20,0,23,354,27,24,0,405,52,0,52,457
08/05/2023,SMF,CA,AWP,WE,Towers with Radar,280,7,4,0,291,1,1,9,0,11,281,8,13,0,302,0,0,0,302
08/06/2023,SMF,CA,AWP,WE,Towers with Radar,311,6,3,0,320,0,3,9,0,12,311,9,12,0,332,16,0,16,348
08/07/2023,SMF,CA,AWP,WE,Towers with Radar,351,21,8,0,380,0,2,11,0,13,351,23,19,0,393,16,0,16,409
08/08/2023,SMF,CA,AWP,WE,Towers with Radar,344,18,4,1,367,0,0,7,1,8,344,18,11,2,375,0,10,10,385
08/09/2023,SMF,CA,AWP,WE,Towers with Radar,344,25,5,2,376,0,1,10,0,11,344,26,15,2,387,2,0,2,389
08/10/2023,SMF,CA,AWP,WE,Towers with Radar,353,23,3,0,379,0,0,7,0,7,353,23,10,0,386,16,0,16,402
08/11/2023,SMF,CA,AWP,WE,Towers with Radar,353,24,6,2,385,0,0,11,0,11,353,24,17,2,396,2,2,4,400
08/12/2023,SMF,CA,AWP,WE,Towers with Radar,276,9,7,0,292,0,1,4,0,5,276,10,11,0,297,8,0,8,305
08/13/2023,SMF,CA,AWP,WE,Towers with Radar,314,5,4,0,323,0,0,8,0,8,314,5,12,0,331,12,0,12,343
08/14/2023,SMF,CA,AWP,WE,Towers with Radar,353,19,2,0,374,0,0,5,0,5,353,19,7,0,379,9,0,9,388
08/15/2023,SMF,CA,AWP,WE,Towers with Radar,355,21,13,1,390,0,2,15,3,20,355,23,28,4,410,14,6,20,430
08/16/2023,SMF,CA,AWP,WE,Towers with Radar,346,20,12,0,378,0,0,11,0,11,346,20,23,0,389,8,0,8,397
08/17/2023,SMF,CA,AWP,WE,Towers with Radar,363,18,9,0,390,0,1,14,0,15,363,19,23,0,405,38,0,38,443
08/18/2023,SMF,CA,AWP,WE,Towers with Radar,342,18,16,0,376,0,1,8,2,11,342,19,24,2,387,44,8,52,439
08/19/2023,SMF,CA,AWP,WE,Towers with Radar,268,10,6,0,284,0,2,10,0,12,268,12,16,0,296,16,0,16,312
08/20/2023,SMF,CA,AWP,WE,Towers with Radar,265,3,10,0,278,0,0,5,0,5,265,3,15,0,283,0,0,0,283
08/21/2023,SMF,CA,AWP,WE,Towers with Radar,323,14,8,0,345,0,1,5,0,6,323,15,13,0,351,4,0,4,355
08/22/2023,SMF,CA,AWP,WE,Towers with Radar,349,19,8,4,380,0,1,16,0,17,349,20,24,4,397,2,0,2,399
08/23/2023,SMF,CA,AWP,WE,Towers with Radar,339,26,12,2,379,0,2,17,0,19,339,28,29,2,398,36,4,40,438
08/24/2023,SMF,CA,AWP,WE,Towers with Radar,354,27,5,2,388,0,2,11,0,13,354,29,16,2,401,10,0,10,411
08/25/2023,SMF,CA,AWP,WE,Towers with Radar,352,18,9,0,379,0,1,13,0,14,352,19,22,0,393,0,0,0,393
08/26/2023,SMF,CA,AWP,WE,Towers with Radar,261,10,2,0,273,0,0,13,0,13,261,10,15,0,286,14,0,14,300
08/27/2023,SMF,CA,AWP,WE,Towers with Radar,338,5,3,1,347,4,0,10,0,14,342,5,13,1,361,12,0,12,373
08/28/2023,SMF,CA,AWP,WE,Towers with Radar,348,16,5,5,374,0,2,15,3,20,348,18,20,8,394,4,8,12,406
08/29/2023,SMF,CA,AWP,WE,Towers with Radar,345,25,7,1,378,0,3,15,1,19,345,28,22,2,397,20,0,20,417
08/30/2023,SMF,CA,AWP,WE,Towers with Radar,345,21,5,1,372,0,2,9,1,12,345,23,14,2,384,22,10,32,416
08/31/2023,SMF,CA,AWP,WE,Towers with Radar,345,20,8,0,373,0,1,11,0,12,345,21,19,0,385,16,0,16,401
01/01/2020,SMF,CA,AWP,WE,Towers with Radar,312,14,1,0,327,0,1,5,0,6,312,15,6,0,333,0,0,0,333
01/02/2020,SMF,CA,AWP,WE,Towers with Radar,342,36,6,0,384,0,0,9,0,9,342,36,15,0,393,0,0,0,393
01/03/2020,SMF,CA,AWP,WE,Towers with Radar,343,31,10,13,397,0,0,9,1,10,343,31,19,14,407,4,5,9,416
01/04/2020,SMF,CA,AWP,WE,Towers with Radar,280,17,11,4,312,0,0,6,0,6,280,17,17,4,318,0,1,1,319
01/05/2020,SMF,CA,AWP,WE,Towers with Radar,350,16,16,0,382,0,0,6,0,6,350,16,22,0,388,0,0,0,388
01/06/2020,SMF,CA,AWP,WE,Towers with Radar,344,31,19,0,394,0,0,11,4,15,344,31,30,4,409,0,9,9,418
01/07/2020,SMF,CA,AWP,WE,Towers with Radar,340,32,10,0,382,0,0,0,0,0,340,32,10,0,382,0,0,0,382
01/08/2020,SMF,CA,AWP,WE,Towers with Radar,336,32,6,0,374,0,0,0,0,0,336,32,6,0,374,0,0,0,374
01/09/2020,SMF,CA,AWP,WE,Towers with Radar,350,32,10,4,396,0,0,11,0,11,350,32,21,4,407,0,0,0,407
01/10/2020,SMF,CA,AWP,WE,Towers with Radar,335,38,11,0,384,0,0,11,0,11,335,38,22,0,395,1,0,1,396
01/11/2020,SMF,CA,AWP,WE,Towers with Radar,235,23,8,0,266,0,0,7,0,7,235,23,15,0,273,0,0,0,273
01/12/2020,SMF,CA,AWP,WE,Towers with Radar,310,18,6,0,334,0,0,4,0,4,310,18,10,0,338,0,0,0,338
01/13/2020,SMF,CA,AWP,WE,Towers with Radar,339,32,4,3,378,0,0,13,1,14,339,32,17,4,392,3,3,6,398
01/14/2020,SMF,CA,AWP,WE,Towers with Radar,320,34,5,0,359,0,0,11,2,13,320,34,16,2,372,0,0,0,372
01/15/2020,SMF,CA,AWP,WE,Towers with Radar,330,33,11,0,374,0,2,21,0,23,330,35,32,0,397,2,0,2,399
01/16/2020,SMF,CA,AWP,WE,Towers with Radar,335,31,11,10,387,0,0,1,0,1,335,31,12,10,388,0,2,2,390
01/17/2020,SMF,CA,AWP,WE,Towers with Radar,338,35,15,2,390,0,0,2,2,4,338,35,17,4,394,0,2,2,396
01/18/2020,SMF,CA,AWP,WE,Towers with Radar,225,22,15,1,263,0,0,7,0,7,225,22,22,1,270,1,0,1,271
01/19/2020,SMF,CA,AWP,WE,Towers with Radar,279,15,5,1,300,0,0,0,0,0,279,15,5,1,300,0,0,0,300
01/20/2020,SMF,CA,AWP,WE,Towers with Radar,336,35,13,0,384,0,0,1,0,1,336,35,14,0,385,0,0,0,385
01/21/2020,SMF,CA,AWP,WE,Towers with Radar,321,39,21,1,382,0,0,0,6,6,321,39,21,7,388,0,18,18,406
01/22/2020,SMF,CA,AWP,WE,Towers with Radar,333,32,5,1,371,0,0,2,1,3,333,32,7,2,374,0,0,0,374
01/23/2020,SMF,CA,AWP,WE,Towers with Radar,351,31,9,0,391,0,0,2,0,2,351,31,11,0,393,0,0,0,393
01/24/2020,SMF,CA,AWP,WE,Towers with Radar,336,34,5,1,376,0,0,7,2,9,336,34,12,3,385,0,1,1,386
01/25/2020,SMF,CA,AWP,WE,Towers with Radar,225,23,5,0,253,0,0,2,0,2,225,23,7,0,255,0,0,0,255
01/26/2020,SMF,CA,AWP,WE,Towers with Radar,310,11,4,0,325,0,0,4,0,4,310,11,8,0,329,5,0,5,334
01/27/2020,SMF,CA,AWP,WE,Towers with Radar,330,43,10,0,383,0,0,9,0,9,330,43,19,0,392,3,0,3,395
01/28/2020,SMF,CA,AWP,WE,Towers with Radar,330,35,10,6,381,0,0,3,0,3,330,35,13,6,384,0,0,0,384
01/29/2020,SMF,CA,AWP,WE,Towers with Radar,326,38,5,0,369,0,0,10,2,12,326,38,15,2,381,2,0,2,383
01/30/2020,SMF,CA,AWP,WE,Towers with Radar,341,40,9,3,393,0,1,9,1,11,341,41,18,4,404,0,1,1,405
01/31/2020,SMF,CA,AWP,WE,Towers with Radar,334,34,11,1,380,0,0,10,6,16,334,34,21,7,396,0,17,17,413
02/01/2020,SMF,CA,AWP,WE,Towers with Radar,221,22,7,0,250,0,0,9,0,9,221,22,16,0,259,0,0,0,259
02/02/2020,SMF,CA,AWP,WE,Towers with Radar,287,14,4,0,305,0,0,1,0,1,287,14,5,0,306,0,0,0,306
02/03/2020,SMF,CA,AWP,WE,Towers with Radar,333,34,11,5,383,0,0,9,5,14,333,34,20,10,397,0,20,20,417
02/04/2020,SMF,CA,AWP,WE,Towers with Radar,327,38,7,13,385,0,0,12,2,14,327,38,19,15,399,4,8,12,411
02/05/2020,SMF,CA,AWP,WE,Towers with Radar,325,28,8,0,361,0,1,11,0,12,325,29,19,0,373,0,0,0,373
02/06/2020,SMF,CA,AWP,WE,Towers with Radar,338,32,20,0,390,0,0,12,0,12,338,32,32,0,402,6,0,6,408
02/07/2020,SMF,CA,AWP,WE,Towers with Radar,337,36,7,0,380,0,2,12,2,16,337,38,19,2,396,12,2,14,410
02/08/2020,SMF,CA,AWP,WE,Towers with Radar,231,19,12,0,262,0,6,17,0,23,231,25,29,0,285,0,0,0,285
02/09/2020,SMF,CA,AWP,WE,Towers with Radar,313,23,6,0,342,0,0,4,0,4,313,23,10,0,346,0,0,0,346
02/10/2020,SMF,CA,AWP,WE,Towers with Radar,333,31,6,11,381,0,1,6,5,12,333,32,12,16,393,0,26,26,419
02/11/2020,SMF,CA,AWP,WE,Towers with Radar,316,33,6,1,356,0,0,10,2,12,316,33,16,3,368,0,4,4,372
02/12/2020,SMF,CA,AWP,WE,Towers with Radar,331,33,6,1,371,0,0,15,1,16,331,33,21,2,387,0,4,4,391
02/13/2020,SMF,CA,AWP,WE,Towers with Radar,338,39,8,1,386,0,1,11,1,13,338,40,19,2,399,0,10,10,409
02/14/2020,SMF,CA,AWP,WE,Towers with Radar,333,45,5,2,385,0,4,24,4,32,333,49,29,6,417,38,6,44,461
02/15/2020,SMF,CA,AWP,WE,Towers with Radar,233,23,4,0,260,0,2,6,0,8,233,25,10,0,268,0,0,0,268
02/16/2020,SMF,CA,AWP,WE,Towers with Radar,284,20,2,0,306,0,0,7,0,7,284,20,9,0,313,6,0,6,319
02/17/2020,SMF,CA,AWP,WE,Towers with Radar,328,31,13,0,372,0,0,10,0,10,328,31,23,0,382,34,0,34,416
02/18/2020,SMF,CA,AWP,WE,Towers with Radar,334,43,8,3,388,0,1,11,3,15,334,44,19,6,403,0,28,28,431
02/19/2020,SMF,CA,AWP,WE,Towers with Radar,333,39,9,0,381,0,0,16,0,16,333,39,25,0,397,14,0,14,411
02/20/2020,SMF,CA,AWP,WE,Towers with Radar,342,42,6,1,391,0,1,8,1,10,342,43,14,2,401,0,0,0,401
02/21/2020,SMF,CA,AWP,WE,Towers with Radar,337,37,8,2,384,0,0,9,0,9,337,37,17,2,393,0,0,0,393
02/22/2020,SMF,CA,AWP,WE,Towers with Radar,242,24,5,0,271,0,0,16,0,16,242,24,21,0,287,4,0,4,291
02/23/2020,SMF,CA,AWP,WE,Towers with Radar,305,24,9,0,338,0,0,6,0,6,305,24,15,0,344,0,0,0,344
02/24/2020,SMF,CA,AWP,WE,Towers with Radar,330,38,4,0,372,0,0,7,0,7,330,38,11,0,379,0,0,0,379
02/25/2020,SMF,CA,AWP,WE,Towers with Radar,326,37,9,0,372,0,0,10,0,10,326,37,19,0,382,0,0,0,382
02/26/2020,SMF,CA,AWP,WE,Towers with Radar,330,41,2,8,381,0,0,5,1,6,330,41,7,9,387,12,0,12,399
02/27/2020,SMF,CA,AWP,WE,Towers with Radar,340,40,3,0,383,0,0,8,2,10,340,40,11,2,393,6,0,6,399
02/28/2020,SMF,CA,AWP,WE,Towers with Radar,334,43,4,0,381,0,4,13,0,17,334,47,17,0,398,14,0,14,412
02/29/2020,SMF,CA,AWP,WE,Towers with Radar,241,20,2,0,263,0,0,4,1,5,241,20,6,1,268,0,0,0,268
03/01/2020,SMF,CA,AWP,WE,Towers with Radar,299,19,9,0,327,0,0,8,1,9,299,19,17,1,336,0,0,0,336
03/02/2020,SMF,CA,AWP,WE,Towers with Radar,332,36,6,5,379,0,0,11,5,16,332,36,17,10,395,0,24,24,419
03/03/2020,SMF,CA,AWP,WE,Towers with Radar,328,36,12,2,378,0,0,13,0,13,328,36,25,2,391,2,0,2,393
03/04/2020,SMF,CA,AWP,WE,Towers with Radar,325,35,6,2,368,0,0,15,0,15,325,35,21,2,383,6,0,6,389
03/05/2020,SMF,CA,AWP,WE,Towers with Radar,335,39,12,7,393,0,0,23,7,30,335,39,35,14,423,20,24,44,467
03/06/2020,SMF,CA,AWP,WE,Towers with Radar,339,33,7,6,385,0,0,11,1,12,339,33,18,7,397,0,8,8,405
03/07/2020,SMF,CA,AWP,WE,Towers with Radar,245,23,6,2,276,0,0,0,0,0,245,23,6,2,276,0,4,4,280
03/08/2020,SMF,CA,AWP,WE,Towers with Radar,296,16,6,4,322,0,0,6,0,6,296,16,12,4,328,0,6,6,334
03/09/2020,SMF,CA,AWP,WE,Towers with Radar,332,31,10,5,378,0,1,9,1,11,332,32,19,6,389,0,10,10,399
03/10/2020,SMF,CA,AWP,WE,Towers with Radar,332,37,9,0,378,0,0,19,0,19,332,37,28,0,397,28,0,28,425
03/11/2020,SMF,CA,AWP,WE,Towers with Radar,341,34,15,2,392,0,0,26,0,26,341,34,41,2,418,14,0,14,432
03/12/2020,SMF,CA,AWP,WE,Towers with Radar,346,39,11,4,400,0,0,13,5,18,346,39,24,9,418,0,8,8,426
03/13/2020,SMF,CA,AWP,WE,Towers with Radar,336,32,9,0,377,0,0,8,0,8,336,32,17,0,385,8,0,8,393
03/14/2020,SMF,CA,AWP,WE,Towers with Radar,239,18,2,0,259,0,0,0,0,0,239,18,2,0,259,0,0,0,259
03/15/2020,SMF,CA,AWP,WE,Towers with Radar,288,17,3,0,308,0,0,2,0,2,288,17,5,0,310,0,0,0,310
03/16/2020,SMF,CA,AWP,WE,Towers with Radar,330,34,12,0,376,0,0,0,0,0,330,34,12,0,376,0,0,0,376
03/17/2020,SMF,CA,AWP,WE,Towers with Radar,325,34,14,0,373,0,0,2,0,2,325,34,16,0,375,0,0,0,375
03/18/2020,SMF,CA,AWP,WE,Towers with Radar,300,29,8,0,337,0,1,2,0,3,300,30,10,0,340,28,0,28,368
03/19/2020,SMF,CA,AWP,WE,Towers with Radar,289,27,11,0,327,0,0,12,0,12,289,27,23,0,339,16,0,16,355
03/20/2020,SMF,CA,AWP,WE,Towers with Radar,290,25,8,0,323,0,1,18,0,19,290,26,26,0,342,0,0,0,342
03/21/2020,SMF,CA,AWP,WE,Towers with Radar,210,14,2,0,226,0,0,3,0,3,210,14,5,0,229,0,0,0,229
03/22/2020,SMF,CA,AWP,WE,Towers with Radar,204,10,4,0,218,0,0,5,0,5,204,10,9,0,223,0,0,0,223
03/23/2020,SMF,CA,AWP,WE,Towers with Radar,250,22,5,0,277,0,4,1,0,5,250,26,6,0,282,0,0,0,282
03/24/2020,SMF,CA,AWP,WE,Towers with Radar,247,22,2,13,284,0,0,0,3,3,247,22,2,16,287,0,24,24,311
03/25/2020,SMF,CA,AWP,WE,Towers with Radar,229,22,4,0,255,0,1,10,0,11,229,23,14,0,266,0,0,0,266
03/26/2020,SMF,CA,AWP,WE,Towers with Radar,231,22,6,0,259,0,0,1,0,1,231,22,7,0,260,0,0,0,260
03/27/2020,SMF,CA,AWP,WE,Towers with Radar,173,21,6,2,202,0,4,11,0,15,173,25,17,2,217,12,0,12,229
03/28/2020,SMF,CA,AWP,WE,Towers with Radar,130,14,1,0,145,0,0,0,0,0,130,14,1,0,145,0,0,0,145
03/29/2020,SMF,CA,AWP,WE,Towers with Radar,147,12,3,0,162,0,0,3,0,3,147,12,6,0,165,4,0,4,169
03/30/2020,SMF,CA,AWP,WE,Towers with Radar,160,20,6,0,186,0,0,2,0,2,160,20,8,0,188,0,0,0,188
03/31/2020,SMF,CA,AWP,WE,Towers with Radar,154,23,6,4,187,0,0,5,1,6,154,23,11,5,193,2,0,2,195
04/01/2020,SMF,CA,AWP,WE,Towers with Radar,149,31,2,0,182,0,0,12,0,12,149,31,14,0,194,0,0,0,194
04/02/2020,SMF,CA,AWP,WE,Towers with Radar,143,27,3,0,173,0,1,12,0,13,143,28,15,0,186,0,0,0,186
04/03/2020,SMF,CA,AWP,WE,Towers with Radar,134,23,0,0,157,0,1,11,0,12,134,24,11,0,169,4,0,4,173
04/04/2020,SMF,CA,AWP,WE,Towers with Radar,106,18,3,0,127,0,0,1,0,1,106,18,4,0,128,0,0,0,128
04/05/2020,SMF,CA,AWP,WE,Towers with Radar,124,15,1,0,140,0,0,0,0,0,124,15,1,0,140,0,0,0,140
04/06/2020,SMF,CA,AWP,WE,Towers with Radar,114,29,4,4,151,0,0,1,0,1,114,29,5,4,152,0,0,0,152
04/07/2020,SMF,CA,AWP,WE,Towers with Radar,125,24,8,5,162,0,0,7,2,9,125,24,15,7,171,6,18,24,195
04/08/2020,SMF,CA,AWP,WE,Towers with Radar,123,31,13,0,167,0,0,12,0,12,123,31,25,0,179,0,0,0,179
04/09/2020,SMF,CA,AWP,WE,Towers with Radar,121,31,12,0,164,0,1,5,0,6,121,32,17,0,170,2,0,2,172
04/10/2020,SMF,CA,AWP,WE,Towers with Radar,123,26,7,0,156,0,0,3,1,4,123,26,10,1,160,0,0,0,160
04/11/2020,SMF,CA,AWP,WE,Towers with Radar,98,15,0,0,113,0,0,3,0,3,98,15,3,0,116,0,0,0,116
04/12/2020,SMF,CA,AWP,WE,Towers with Radar,106,6,0,0,112,0,0,0,0,0,106,6,0,0,112,0,0,0,112
04/13/2020,SMF,CA,AWP,WE,Towers with Radar,107,19,10,3,139,0,0,6,3,9,107,19,16,6,148,0,16,16,164
04/14/2020,SMF,CA,AWP,WE,Towers with Radar,111,20,1,0,132,0,0,7,0,7,111,20,8,0,139,4,0,4,143
04/15/2020,SMF,CA,AWP,WE,Towers with Radar,106,18,7,0,131,0,1,6,0,7,106,19,13,0,138,0,0,0,138
04/16/2020,SMF,CA,AWP,WE,Towers with Radar,104,17,3,6,130,0,0,3,0,3,104,17,6,6,133,0,0,0,133
04/17/2020,SMF,CA,AWP,WE,Towers with Radar,113,21,2,1,137,0,2,8,1,11,113,23,10,2,148,6,8,14,162
04/18/2020,SMF,CA,AWP,WE,Towers with Radar,90,11,1,0,102,0,0,4,0,4,90,11,5,0,106,0,0,0,106
04/19/2020,SMF,CA,AWP,WE,Towers with Radar,92,11,4,0,107,0,0,8,0,8,92,11,12,0,115,0,0,0,115
04/20/2020,SMF,CA,AWP,WE,Towers with Radar,90,21,5,7,123,0,0,10,5,15,90,21,15,12,138,4,34,38,176
04/21/2020,SMF,CA,AWP,WE,Towers with Radar,107,23,3,0,133,0,0,12,4,16,107,23,15,4,149,0,10,10,159
04/22/2020,SMF,CA,AWP,WE,Towers with Radar,94,24,9,4,131,0,2,8,2,12,94,26,17,6,143,6,14,20,163
04/23/2020,SMF,CA,AWP,WE,Towers with Radar,101,23,3,10,137,0,1,6,1,8,101,24,9,11,145,0,24,24,169
04/24/2020,SMF,CA,AWP,WE,Towers with Radar,99,22,12,2,135,0,4,12,4,20,99,26,24,6,155,4,12,16,171
04/25/2020,SMF,CA,AWP,WE,Towers with Radar,81,12,2,3,98,0,0,10,2,12,81,12,12,5,110,4,0,4,114
04/26/2020,SMF,CA,AWP,WE,Towers with Radar,97,9,3,0,109,0,0,6,0,6,97,9,9,0,115,0,10,10,125
04/27/2020,SMF,CA,AWP,WE,Towers with Radar,93,18,9,1,121,0,0,17,1,18,93,18,26,2,139,2,8,10,149
04/28/2020,SMF,CA,AWP,WE,Towers with Radar,107,24,9,9,149,0,0,15,1,16,107,24,24,10,165,6,12,18,183
04/29/2020,SMF,CA,AWP,WE,Towers with Radar,100,20,10,15,145,0,0,10,1,11,100,20,20,16,156,2,32,34,190
04/30/2020,SMF,CA,AWP,WE,Towers with Radar,110,23,15,8,156,0,0,46,2,48,110,23,61,10,204,0,42,42,246
05/01/2020,SMF,CA,AWP,WE,Towers with Radar,107,16,6,3,132,0,0,9,3,12,107,16,15,6,144,0,14,14,158
05/02/2020,SMF,CA,AWP,WE,Towers with Radar,88,10,3,0,101,0,0,3,1,4,88,10,6,1,105,0,0,0,105
05/03/2020,SMF,CA,AWP,WE,Towers with Radar,96,4,6,0,106,0,0,12,0,12,96,4,18,0,118,20,0,20,138
05/04/2020,SMF,CA,AWP,WE,Towers with Radar,98,22,2,3,125,0,0,10,0,10,98,22,12,3,135,0,10,10,145
05/05/2020,SMF,CA,AWP,WE,Towers with Radar,102,21,10,3,136,0,0,7,8,15,102,21,17,11,151,0,18,18,169
05/06/2020,SMF,CA,AWP,WE,Towers with Radar,99,21,12,11,143,0,1,12,3,16,99,22,24,14,159,0,10,10,169
05/07/2020,SMF,CA,AWP,WE,Towers with Radar,105,28,4,2,139,0,0,12,0,12,105,28,16,2,151,0,0,0,151
05/08/2020,SMF,CA,AWP,WE,Towers with Radar,105,22,3,0,130,0,0,12,0,12,105,22,15,0,142,26,0,26,168
05/09/2020,SMF,CA,AWP,WE,Towers with Radar,93,20,2,0,115,0,0,10,0,10,93,20,12,0,125,12,0,12,137
05/10/2020,SMF,CA,AWP,WE,Towers with Radar,104,8,2,0,114,0,1,2,0,3,104,9,4,0,117,10,0,10,127
05/11/2020,SMF,CA,AWP,WE,Towers with Radar,98,16,6,5,125,0,2,7,3,12,98,18,13,8,137,2,28,30,167
05/12/2020,SMF,CA,AWP,WE,Towers with Radar,102,22,13,6,143,0,0,3,1,4,102,22,16,7,147,20,10,30,177
05/13/2020,SMF,CA,AWP,WE,Towers with Radar,98,28,7,4,137,0,1,3,0,4,98,29,10,4,141,8,0,8,149
05/14/2020,SMF,CA,AWP,WE,Towers with Radar,108,18,9,0,135,0,0,1,2,3,108,18,10,2,138,0,2,2,140
05/15/2020,SMF,CA,AWP,WE,Towers with Radar,106,22,6,0,134,0,0,11,0,11,106,22,17,0,145,0,0,0,145
05/16/2020,SMF,CA,AWP,WE,Towers with Radar,91,13,6,0,110,0,0,10,0,10,91,13,16,0,120,0,0,0,120
05/17/2020,SMF,CA,AWP,WE,Towers with Radar,103,4,2,0,109,0,0,0,0,0,103,4,2,0,109,0,0,0,109
05/18/2020,SMF,CA,AWP,WE,Towers with Radar,101,20,3,2,126,0,0,5,0,5,101,20,8,2,131,0,6,6,137
05/19/2020,SMF,CA,AWP,WE,Towers with Radar,100,22,8,6,136,0,0,14,4,18,100,22,22,10,154,14,22,36,190
05/20/2020,SMF,CA,AWP,WE,Towers with Radar,100,22,6,4,132,0,0,12,3,15,100,22,18,7,147,14,24,38,185
05/21/2020,SMF,CA,AWP,WE,Towers with Radar,105,18,12,2,137,0,0,14,5,19,105,18,26,7,156,20,20,40,196
05/22/2020,SMF,CA,AWP,WE,Towers with Radar,115,23,9,10,157,0,1,5,0,6,115,24,14,10,163,12,0,12,175
05/23/2020,SMF,CA,AWP,WE,Towers with Radar,98,9,1,1,109,0,0,3,0,3,98,9,4,1,112,12,0,12,124
05/24/2020,SMF,CA,AWP,WE,Towers with Radar,102,6,1,0,109,0,0,10,0,10,102,6,11,0,119,8,0,8,127
05/25/2020,SMF,CA,AWP,WE,Towers with Radar,105,8,1,0,114,0,0,5,0,5,105,8,6,0,119,0,0,0,119
05/26/2020,SMF,CA,AWP,WE,Towers with Radar,101,23,10,0,134,1,0,13,0,14,102,23,23,0,148,16,0,16,164
05/27/2020,SMF,CA,AWP,WE,Towers with Radar,102,21,19,0,142,0,1,9,2,12,102,22,28,2,154,21,0,21,175
05/28/2020,SMF,CA,AWP,WE,Towers with Radar,114,23,11,26,174,0,0,9,4,13,114,23,20,30,187,0,34,34,221
05/29/2020,SMF,CA,AWP,WE,Towers with Radar,108,22,2,1,133,0,0,2,1,3,108,22,4,2,136,4,12,16,152
05/30/2020,SMF,CA,AWP,WE,Towers with Radar,99,15,1,0,115,0,0,4,0,4,99,15,5,0,119,0,0,0,119
05/31/2020,SMF,CA,AWP,WE,Towers with Radar,110,7,5,0,122,6,0,9,0,15,116,7,14,0,137,2,0,2,139
06/01/2020,SMF,CA,AWP,WE,Towers with Radar,110,24,7,16,157,0,0,8,4,12,110,24,15,20,169,0,12,12,181
06/02/2020,SMF,CA,AWP,WE,Towers with Radar,113,18,1,3,135,0,0,4,0,4,113,18,5,3,139,0,6,6,145
06/03/2020,SMF,CA,AWP,WE,Towers with Radar,114,18,5,1,138,0,2,5,1,8,114,20,10,2,146,20,8,28,174
06/04/2020,SMF,CA,AWP,WE,Towers with Radar,119,22,5,2,148,0,0,16,2,18,119,22,21,4,166,26,26,52,218
06/05/2020,SMF,CA,AWP,WE,Towers with Radar,121,24,1,0,146,0,2,8,4,14,121,26,9,4,160,12,12,24,184
06/06/2020,SMF,CA,AWP,WE,Towers with Radar,120,11,6,7,144,0,3,5,1,9,120,14,11,8,153,18,8,26,179
06/07/2020,SMF,CA,AWP,WE,Towers with Radar,151,5,2,0,158,0,0,2,0,2,151,5,4,0,160,0,0,0,160
06/08/2020,SMF,CA,AWP,WE,Towers with Radar,149,16,9,3,177,0,0,17,3,20,149,16,26,6,197,34,30,64,261
06/09/2020,SMF,CA,AWP,WE,Towers with Radar,136,20,7,3,166,0,0,14,3,17,136,20,21,6,183,0,6,6,189
06/10/2020,SMF,CA,AWP,WE,Towers with Radar,144,27,9,2,182,0,1,7,4,12,144,28,16,6,194,2,16,18,212
06/11/2020,SMF,CA,AWP,WE,Towers with Radar,157,22,4,1,184,0,2,10,0,12,157,24,14,1,196,10,0,10,206
06/12/2020,SMF,CA,AWP,WE,Towers with Radar,157,24,6,6,193,7,2,14,7,30,164,26,20,13,223,2,12,14,237
06/13/2020,SMF,CA,AWP,WE,Towers with Radar,142,9,5,0,156,0,2,10,0,12,142,11,15,0,168,20,0,20,188
06/14/2020,SMF,CA,AWP,WE,Towers with Radar,157,3,8,0,168,0,0,12,1,13,157,3,20,1,181,12,0,12,193
06/15/2020,SMF,CA,AWP,WE,Towers with Radar,156,25,5,6,192,0,2,18,0,20,156,27,23,6,212,0,0,0,212
06/16/2020,SMF,CA,AWP,WE,Towers with Radar,147,23,3,1,174,0,2,11,4,17,147,25,14,5,191,24,26,50,241
06/17/2020,SMF,CA,AWP,WE,Towers with Radar,149,26,2,10,187,0,1,11,4,16,149,27,13,14,203,44,26,70,273
06/18/2020,SMF,CA,AWP,WE,Towers with Radar,159,32,5,14,210,0,6,13,16,35,159,38,18,30,245,30,68,98,343
06/19/2020,SMF,CA,AWP,WE,Towers with Radar,158,22,9,1,190,0,2,21,2,25,158,24,30,3,215,14,12,26,241
06/20/2020,SMF,CA,AWP,WE,Towers with Radar,144,9,5,1,159,0,0,16,0,16,144,9,21,1,175,2,0,2,177
06/21/2020,SMF,CA,AWP,WE,Towers with Radar,164,2,4,0,170,0,0,12,0,12,164,2,16,0,182,4,0,4,186
06/22/2020,SMF,CA,AWP,WE,Towers with Radar,171,22,9,0,202,0,0,14,0,14,171,22,23,0,216,12,0,12,228
06/23/2020,SMF,CA,AWP,WE,Towers with Radar,155,20,5,0,180,0,0,11,0,11,155,20,16,0,191,2,0,2,193
06/24/2020,SMF,CA,AWP,WE,Towers with Radar,158,24,8,4,194,0,5,19,0,24,158,29,27,4,218,28,6,34,252
06/25/2020,SMF,CA,AWP,WE,Towers with Radar,173,22,6,0,201,0,2,13,0,15,173,24,19,0,216,26,0,26,242
06/26/2020,SMF,CA,AWP,WE,Towers with Radar,169,20,9,0,198,0,2,19,0,21,169,22,28,0,219,24,0,24,243
06/27/2020,SMF,CA,AWP,WE,Towers with Radar,154,11,3,0,168,0,2,9,0,11,154,13,12,0,179,56,0,56,235
06/28/2020,SMF,CA,AWP,WE,Towers with Radar,162,5,3,0,170,0,0,11,1,12,162,5,14,1,182,0,0,0,182
06/29/2020,SMF,CA,AWP,WE,Towers with Radar,171,18,4,4,197,0,0,18,2,20,171,18,22,6,217,22,4,26,243
06/30/2020,SMF,CA,AWP,WE,Towers with Radar,165,21,6,3,195,0,0,7,2,9,165,21,13,5,204,2,6,8,212
07/01/2020,SMF,CA,AWP,WE,Towers with Radar,170,19,2,0,191,0,0,11,0,11,170,19,13,0,202,34,0,34,236
07/02/2020,SMF,CA,AWP,WE,Towers with Radar,185,20,5,4,214,0,6,17,0,23,185,26,22,4,237,56,12,68,305
07/03/2020,SMF,CA,AWP,WE,Towers with Radar,177,17,3,0,197,0,0,18,0,18,177,17,21,0,215,14,0,14,229
07/04/2020,SMF,CA,AWP,WE,Towers with Radar,129,2,1,0,132,0,2,7,0,9,129,4,8,0,141,0,0,0,141
07/05/2020,SMF,CA,AWP,WE,Towers with Radar,177,7,3,0,187,0,0,7,0,7,177,7,10,0,194,0,0,0,194
07/06/2020,SMF,CA,AWP,WE,Towers with Radar,183,21,3,0,207,0,0,15,0,15,183,21,18,0,222,0,0,0,222
07/07/2020,SMF,CA,AWP,WE,Towers with Radar,186,22,8,5,221,0,0,7,4,11,186,22,15,9,232,46,8,54,286
07/08/2020,SMF,CA,AWP,WE,Towers with Radar,189,21,5,2,217,0,0,11,1,12,189,21,16,3,229,14,8,22,251
07/09/2020,SMF,CA,AWP,WE,Towers with Radar,202,20,7,0,229,0,0,18,0,18,202,20,25,0,247,20,0,20,267
07/10/2020,SMF,CA,AWP,WE,Towers with Radar,196,23,4,6,229,0,0,8,0,8,196,23,12,6,237,0,0,0,237
07/11/2020,SMF,CA,AWP,WE,Towers with Radar,180,13,3,0,196,0,1,9,0,10,180,14,12,0,206,42,0,42,248
07/12/2020,SMF,CA,AWP,WE,Towers with Radar,195,9,9,0,213,0,0,9,0,9,195,9,18,0,222,18,0,18,240
07/13/2020,SMF,CA,AWP,WE,Towers with Radar,191,21,6,0,218,0,2,8,0,10,191,23,14,0,228,2,0,2,230
07/14/2020,SMF,CA,AWP,WE,Towers with Radar,192,26,4,4,226,0,0,5,2,7,192,26,9,6,233,0,20,20,253
07/15/2020,SMF,CA,AWP,WE,Towers with Radar,192,21,2,4,219,0,2,14,5,21,192,23,16,9,240,6,20,26,266
07/16/2020,SMF,CA,AWP,WE,Towers with Radar,201,20,4,3,228,0,3,15,1,19,201,23,19,4,247,16,12,28,275
07/17/2020,SMF,CA,AWP,WE,Towers with Radar,201,22,9,10,242,0,0,20,0,20,201,22,29,10,262,5,10,15,277
07/18/2020,SMF,CA,AWP,WE,Towers with Radar,187,11,2,0,200,0,2,3,1,6,187,13,5,1,206,18,0,18,224
07/19/2020,SMF,CA,AWP,WE,Towers with Radar,195,8,2,0,205,0,0,15,0,15,195,8,17,0,220,0,0,0,220
07/20/2020,SMF,CA,AWP,WE,Towers with Radar,193,17,9,3,222,0,0,6,0,6,193,17,15,3,228,0,8,8,236
07/21/2020,SMF,CA,AWP,WE,Towers with Radar,191,22,6,8,227,0,2,11,1,14,191,24,17,9,241,16,12,28,269
07/22/2020,SMF,CA,AWP,WE,Towers with Radar,194,22,4,0,220,0,0,14,0,14,194,22,18,0,234,34,0,34,268
07/23/2020,SMF,CA,AWP,WE,Towers with Radar,207,18,5,4,234,0,0,12,1,13,207,18,17,5,247,16,0,16,263
07/24/2020,SMF,CA,AWP,WE,Towers with Radar,204,25,7,2,238,0,2,4,0,6,204,27,11,2,244,0,0,0,244
07/25/2020,SMF,CA,AWP,WE,Towers with Radar,194,15,2,0,211,0,3,4,0,7,194,18,6,0,218,0,0,0,218
07/26/2020,SMF,CA,AWP,WE,Towers with Radar,193,8,4,0,205,0,1,18,1,20,193,9,22,1,225,28,0,28,253
07/27/2020,SMF,CA,AWP,WE,Towers with Radar,196,23,4,2,225,0,0,14,3,17,196,23,18,5,242,26,6,32,274
07/28/2020,SMF,CA,AWP,WE,Towers with Radar,184,23,3,2,212,0,0,11,4,15,184,23,14,6,227,12,4,16,243
07/29/2020,SMF,CA,AWP,WE,Towers with Radar,187,22,7,2,218,0,1,14,2,17,187,23,21,4,235,18,0,18,253
07/30/2020,SMF,CA,AWP,WE,Towers with Radar,199,24,20,2,245,0,0,12,0,12,199,24,32,2,257,4,8,12,269
07/31/2020,SMF,CA,AWP,WE,Towers with Radar,200,21,1,0,222,2,2,19,1,24,202,23,20,1,246,28,0,28,274
08/01/2020,SMF,CA,AWP,WE,Towers with Radar,183,12,2,0,197,0,2,7,0,9,183,14,9,0,206,40,0,40,246
08/02/2020,SMF,CA,AWP,WE,Towers with Radar,198,6,8,0,212,4,0,2,0,6,202,6,10,0,218,0,0,0,218
08/03/2020,SMF,CA,AWP,WE,Towers with Radar,193,20,9,2,224,0,0,11,0,11,193,20,20,2,235,4,0,4,239
08/04/2020,SMF,CA,AWP,WE,Towers with Radar,191,26,8,4,229,0,0,10,4,14,191,26,18,8,243,0,0,0,243
08/05/2020,SMF,CA,AWP,WE,Towers with Radar,187,25,4,0,216,0,0,11,2,13,187,25,15,2,229,24,6,30,259
08/06/2020,SMF,CA,AWP,WE,Towers with Radar,198,22,6,0,226,0,0,8,0,8,198,22,14,0,234,0,0,0,234
08/07/2020,SMF,CA,AWP,WE,Towers with Radar,202,27,7,2,238,0,2,4,0,6,202,29,11,2,244,22,4,26,270
08/08/2020,SMF,CA,AWP,WE,Towers with Radar,187,13,2,8,210,0,3,10,0,13,187,16,12,8,223,20,8,28,251
08/09/2020,SMF,CA,AWP,WE,Towers with Radar,194,15,4,0,213,0,2,4,0,6,194,17,8,0,219,22,0,22,241
08/10/2020,SMF,CA,AWP,WE,Towers with Radar,193,24,15,2,234,0,0,4,0,4,193,24,19,2,238,18,0,18,256
08/11/2020,SMF,CA,AWP,WE,Towers with Radar,179,32,9,3,223,0,0,11,3,14,179,32,20,6,237,0,6,6,243
08/12/2020,SMF,CA,AWP,WE,Towers with Radar,181,32,10,0,223,0,1,8,0,9,181,33,18,0,232,28,0,28,260
08/13/2020,SMF,CA,AWP,WE,Towers with Radar,196,29,13,2,240,0,2,6,0,8,196,31,19,2,248,20,0,20,268
08/14/2020,SMF,CA,AWP,WE,Towers with Radar,196,30,5,3,234,0,2,3,1,6,196,32,8,4,240,6,6,12,252
08/15/2020,SMF,CA,AWP,WE,Towers with Radar,170,14,1,4,189,0,1,4,0,5,170,15,5,4,194,4,0,4,198
08/16/2020,SMF,CA,AWP,WE,Towers with Radar,183,18,8,0,209,0,2,6,0,8,183,20,14,0,217,2,0,2,219
08/17/2020,SMF,CA,AWP,WE,Towers with Radar,186,26,14,4,230,0,4,11,0,15,186,30,25,4,245,42,4,46,291
08/18/2020,SMF,CA,AWP,WE,Towers with Radar,184,26,7,0,217,0,0,2,1,3,184,26,9,1,220,10,0,10,230
08/19/2020,SMF,CA,AWP,WE,Towers with Radar,182,27,5,5,219,0,0,1,3,4,182,27,6,8,223,0,10,10,233
08/20/2020,SMF,CA,AWP,WE,Towers with Radar,195,26,6,0,227,0,0,0,0,0,195,26,6,0,227,0,0,0,227
08/21/2020,SMF,CA,AWP,WE,Towers with Radar,194,25,9,0,228,0,0,5,0,5,194,25,14,0,233,0,0,0,233
08/22/2020,SMF,CA,AWP,WE,Towers with Radar,166,17,3,0,186,0,0,0,0,0,166,17,3,0,186,0,0,0,186
08/23/2020,SMF,CA,AWP,WE,Towers with Radar,187,8,3,0,198,0,0,1,0,1,187,8,4,0,199,0,0,0,199
08/24/2020,SMF,CA,AWP,WE,Towers with Radar,187,22,10,0,219,0,0,2,0,2,187,22,12,0,221,0,0,0,221
08/25/2020,SMF,CA,AWP,WE,Towers with Radar,186,26,8,4,224,0,0,5,0,5,186,26,13,4,229,2,0,2,231
08/26/2020,SMF,CA,AWP,WE,Towers with Radar,179,28,5,0,212,0,1,2,0,3,179,29,7,0,215,0,0,0,215
08/27/2020,SMF,CA,AWP,WE,Towers with Radar,192,24,3,2,221,0,0,13,0,13,192,24,16,2,234,2,4,6,240
08/28/2020,SMF,CA,AWP,WE,Towers with Radar,196,25,9,2,232,0,2,8,0,10,196,27,17,2,242,24,4,28,270
08/29/2020,SMF,CA,AWP,WE,Towers with Radar,168,19,7,6,200,0,0,3,0,3,168,19,10,6,203,0,4,4,207
08/30/2020,SMF,CA,AWP,WE,Towers with Radar,186,10,6,0,202,0,0,9,0,9,186,10,15,0,211,0,0,0,211
08/31/2020,SMF,CA,AWP,WE,Towers with Radar,189,24,23,0,236,0,3,11,0,14,189,27,34,0,250,20,0,20,270
09/01/2020,SMF,CA,AWP,WE,Towers with Radar,188,25,14,1,228,0,0,7,1,8,188,25,21,2,236,6,0,6,242
09/02/2020,SMF,CA,AWP,WE,Towers with Radar,183,24,11,3,221,0,0,18,1,19,183,24,29,4,240,26,0,26,266
09/03/2020,SMF,CA,AWP,WE,Towers with Radar,202,31,9,12,254,0,0,3,0,3,202,31,12,12,257,8,14,22,279
09/04/2020,SMF,CA,AWP,WE,Towers with Radar,200,26,11,0,237,0,0,21,0,21,200,26,32,0,258,4,0,4,262
09/05/2020,SMF,CA,AWP,WE,Towers with Radar,163,19,3,0,185,0,0,6,0,6,163,19,9,0,191,0,0,0,191
09/06/2020,SMF,CA,AWP,WE,Towers with Radar,164,13,2,0,179,0,0,2,0,2,164,13,4,0,181,0,0,0,181
09/07/2020,SMF,CA,AWP,WE,Towers with Radar,175,9,4,0,188,0,0,12,0,12,175,9,16,0,200,2,0,2,202
09/08/2020,SMF,CA,AWP,WE,Towers with Radar,169,22,10,10,211,0,0,0,0,0,169,22,10,10,211,0,0,0,211
09/09/2020,SMF,CA,AWP,WE,Towers with Radar,164,25,8,8,205,0,3,5,1,9,164,28,13,9,214,0,18,18,232
09/10/2020,SMF,CA,AWP,WE,Towers with Radar,171,26,12,2,211,0,0,2,0,2,171,26,14,2,213,8,0,8,221
09/11/2020,SMF,CA,AWP,WE,Towers with Radar,176,31,10,0,217,0,0,0,0,0,176,31,10,0,217,0,0,0,217
09/12/2020,SMF,CA,AWP,WE,Towers with Radar,166,17,15,0,198,0,0,0,0,0,166,17,15,0,198,0,0,0,198
09/13/2020,SMF,CA,AWP,WE,Towers with Radar,168,10,9,2,189,0,0,0,0,0,168,10,9,2,189,0,0,0,189
09/14/2020,SMF,CA,AWP,WE,Towers with Radar,165,26,7,4,202,0,0,0,0,0,165,26,7,4,202,0,0,0,202
09/15/2020,SMF,CA,AWP,WE,Towers with Radar,164,27,5,5,201,0,0,1,1,2,164,27,6,6,203,0,10,10,213
09/16/2020,SMF,CA,AWP,WE,Towers with Radar,160,29,7,5,201,0,0,11,1,12,160,29,18,6,213,6,6,12,225
09/17/2020,SMF,CA,AWP,WE,Towers with Radar,169,27,6,0,202,0,2,3,0,5,169,29,9,0,207,0,0,0,207
09/18/2020,SMF,CA,AWP,WE,Towers with Radar,172,25,10,0,207,0,0,16,0,16,172,25,26,0,223,20,0,20,243
09/19/2020,SMF,CA,AWP,WE,Towers with Radar,164,17,3,2,186,0,0,5,0,5,164,17,8,2,191,8,0,8,199
09/20/2020,SMF,CA,AWP,WE,Towers with Radar,170,13,2,0,185,0,0,2,0,2,170,13,4,0,187,0,0,0,187
09/21/2020,SMF,CA,AWP,WE,Towers with Radar,164,23,4,0,191,0,0,19,0,19,164,23,23,0,210,8,4,12,222
09/22/2020,SMF,CA,AWP,WE,Towers with Radar,166,26,5,3,200,0,1,16,1,18,166,27,21,4,218,6,0,6,224
09/23/2020,SMF,CA,AWP,WE,Towers with Radar,161,25,6,5,197,0,0,8,1,9,161,25,14,6,206,0,0,0,206
09/24/2020,SMF,CA,AWP,WE,Towers with Radar,172,28,7,6,213,0,0,7,1,8,172,28,14,7,221,10,0,10,231
09/25/2020,SMF,CA,AWP,WE,Towers with Radar,173,26,5,7,211,0,1,10,6,17,173,27,15,13,228,0,0,0,228
09/26/2020,SMF,CA,AWP,WE,Towers with Radar,165,17,2,0,184,0,0,8,0,8,165,17,10,0,192,0,0,0,192
09/27/2020,SMF,CA,AWP,WE,Towers with Radar,168,14,3,0,185,0,0,10,0,10,168,14,13,0,195,0,0,0,195
09/28/2020,SMF,CA,AWP,WE,Towers with Radar,164,25,3,4,196,0,0,10,4,14,164,25,13,8,210,4,8,12,222
09/29/2020,SMF,CA,AWP,WE,Towers with Radar,174,24,5,5,208,0,0,3,1,4,174,24,8,6,212,0,8,8,220
09/30/2020,SMF,CA,AWP,WE,Towers with Radar,166,29,3,5,203,0,0,3,1,4,166,29,6,6,207,0,0,0,207
10/01/2020,SMF,CA,AWP,WE,Towers with Radar,180,25,9,2,216,0,0,1,0,1,180,25,10,2,217,0,0,0,217
10/02/2020,SMF,CA,AWP,WE,Towers with Radar,183,23,11,0,217,0,1,0,0,1,183,24,11,0,218,0,0,0,218
10/03/2020,SMF,CA,AWP,WE,Towers with Radar,173,11,4,0,188,0,0,4,0,4,173,11,8,0,192,0,0,0,192
10/04/2020,SMF,CA,AWP,WE,Towers with Radar,182,9,5,0,196,0,0,4,1,5,182,9,9,1,201,0,0,0,201
10/05/2020,SMF,CA,AWP,WE,Towers with Radar,200,21,8,2,231,0,0,10,0,10,200,21,18,2,241,12,0,12,253
10/06/2020,SMF,CA,AWP,WE,Towers with Radar,164,21,12,0,197,0,0,2,2,4,164,21,14,2,201,2,4,6,207
10/07/2020,SMF,CA,AWP,WE,Towers with Radar,169,27,7,8,211,0,0,11,1,12,169,27,18,9,223,8,6,14,237
10/08/2020,SMF,CA,AWP,WE,Towers with Radar,189,20,12,4,225,0,0,10,0,10,189,20,22,4,235,0,0,0,235
10/09/2020,SMF,CA,AWP,WE,Towers with Radar,188,21,6,6,221,0,2,7,0,9,188,23,13,6,230,8,0,8,238
10/10/2020,SMF,CA,AWP,WE,Towers with Radar,173,16,5,0,194,0,4,5,0,9,173,20,10,0,203,8,0,8,211
10/11/2020,SMF,CA,AWP,WE,Towers with Radar,187,7,4,0,198,0,0,6,0,6,187,7,10,0,204,0,0,0,204
10/12/2020,SMF,CA,AWP,WE,Towers with Radar,183,25,5,0,213,0,1,7,0,8,183,26,12,0,221,8,0,8,229
10/13/2020,SMF,CA,AWP,WE,Towers with Radar,168,24,7,7,206,0,0,25,1,26,168,24,32,8,232,18,32,50,282
10/14/2020,SMF,CA,AWP,WE,Towers with Radar,172,21,9,3,205,0,0,17,5,22,172,21,26,8,227,18,12,30,257
10/15/2020,SMF,CA,AWP,WE,Towers with Radar,189,26,4,8,227,0,0,25,4,29,189,26,29,12,256,34,15,49,305
10/16/2020,SMF,CA,AWP,WE,Towers with Radar,196,24,5,5,230,0,0,10,0,10,196,24,15,5,240,14,0,14,254
10/17/2020,SMF,CA,AWP,WE,Towers with Radar,182,10,4,0,196,0,0,7,0,7,182,10,11,0,203,0,0,0,203
10/18/2020,SMF,CA,AWP,WE,Towers with Radar,193,5,5,0,203,0,0,8,0,8,193,5,13,0,211,0,0,0,211
10/19/2020,SMF,CA,AWP,WE,Towers with Radar,190,18,9,2,219,0,0,18,2,20,190,18,27,4,239,16,10,26,265
10/20/2020,SMF,CA,AWP,WE,Towers with Radar,174,20,13,8,215,0,0,6,5,11,174,20,19,13,226,0,34,34,260
10/21/2020,SMF,CA,AWP,WE,Towers with Radar,177,29,6,5,217,0,2,18,0,20,177,31,24,5,237,22,0,22,259
10/22/2020,SMF,CA,AWP,WE,Towers with Radar,187,26,8,4,225,0,0,11,0,11,187,26,19,4,236,4,4,8,244
10/23/2020,SMF,CA,AWP,WE,Towers with Radar,190,22,6,0,218,0,0,10,0,10,190,22,16,0,228,0,0,0,228
10/24/2020,SMF,CA,AWP,WE,Towers with Radar,172,10,3,0,185,0,0,6,0,6,172,10,9,0,191,0,0,0,191
10/25/2020,SMF,CA,AWP,WE,Towers with Radar,189,12,5,0,206,0,3,4,0,7,189,15,9,0,213,0,0,0,213
10/26/2020,SMF,CA,AWP,WE,Towers with Radar,186,22,6,14,228,0,1,9,11,21,186,23,15,25,249,0,34,34,283
10/27/2020,SMF,CA,AWP,WE,Towers with Radar,177,24,8,0,209,0,0,10,0,10,177,24,18,0,219,2,0,2,221
10/28/2020,SMF,CA,AWP,WE,Towers with Radar,178,24,17,0,219,0,0,18,0,18,178,24,35,0,237,0,0,0,237
10/29/2020,SMF,CA,AWP,WE,Towers with Radar,185,27,1,2,215,0,3,11,2,16,185,30,12,4,231,6,18,24,255
10/30/2020,SMF,CA,AWP,WE,Towers with Radar,185,24,5,0,214,0,1,10,0,11,185,25,15,0,225,7,0,7,232
10/31/2020,SMF,CA,AWP,WE,Towers with Radar,170,13,2,0,185,0,0,4,0,4,170,13,6,0,189,6,0,6,195
11/01/2020,SMF,CA,AWP,WE,Towers with Radar,193,5,4,0,202,0,0,13,0,13,193,5,17,0,215,16,0,16,231
11/02/2020,SMF,CA,AWP,WE,Towers with Radar,181,23,9,1,214,0,1,12,5,18,181,24,21,6,232,4,0,4,236
11/03/2020,SMF,CA,AWP,WE,Towers with Radar,173,22,7,0,202,0,2,10,2,14,173,24,17,2,216,8,4,12,228
11/04/2020,SMF,CA,AWP,WE,Towers with Radar,175,23,6,1,205,0,0,14,1,15,175,23,20,2,220,2,0,2,222
11/05/2020,SMF,CA,AWP,WE,Towers with Radar,216,22,8,2,248,0,2,5,0,7,216,24,13,2,255,0,0,0,255
11/06/2020,SMF,CA,AWP,WE,Towers with Radar,211,29,4,0,244,0,2,5,2,9,211,31,9,2,253,0,0,0,253
11/07/2020,SMF,CA,AWP,WE,Towers with Radar,165,13,3,0,181,0,0,8,0,8,165,13,11,0,189,0,0,0,189
11/08/2020,SMF,CA,AWP,WE,Towers with Radar,221,10,2,0,233,0,0,2,0,2,221,10,4,0,235,0,0,0,235
11/09/2020,SMF,CA,AWP,WE,Towers with Radar,203,24,11,0,238,0,2,9,0,11,203,26,20,0,249,0,0,0,249
11/10/2020,SMF,CA,AWP,WE,Towers with Radar,168,25,7,4,204,0,2,13,2,17,168,27,20,6,221,22,4,26,247
11/11/2020,SMF,CA,AWP,WE,Towers with Radar,180,23,7,0,210,0,2,8,0,10,180,25,15,0,220,12,0,12,232
11/12/2020,SMF,CA,AWP,WE,Towers with Radar,205,25,3,0,233,0,2,7,2,11,205,27,10,2,244,22,8,30,274
11/13/2020,SMF,CA,AWP,WE,Towers with Radar,212,21,3,2,238,0,0,1,2,3,212,21,4,4,241,0,6,6,247
11/14/2020,SMF,CA,AWP,WE,Towers with Radar,174,12,7,2,195,0,0,10,0,10,174,12,17,2,205,2,0,2,207
11/15/2020,SMF,CA,AWP,WE,Towers with Radar,211,10,6,0,227,0,0,6,0,6,211,10,12,0,233,0,0,0,233
11/16/2020,SMF,CA,AWP,WE,Towers with Radar,201,21,7,4,233,0,0,11,4,15,201,21,18,8,248,0,0,0,248
11/17/2020,SMF,CA,AWP,WE,Towers with Radar,169,32,10,4,215,0,0,2,2,4,169,32,12,6,219,0,0,0,219
11/18/2020,SMF,CA,AWP,WE,Towers with Radar,185,26,2,8,221,0,0,6,1,7,185,26,8,9,228,8,4,12,240
11/19/2020,SMF,CA,AWP,WE,Towers with Radar,220,22,8,0,250,0,0,5,0,5,220,22,13,0,255,22,0,22,277
11/20/2020,SMF,CA,AWP,WE,Towers with Radar,218,23,7,1,249,0,0,7,1,8,218,23,14,2,257,12,4,16,273
11/21/2020,SMF,CA,AWP,WE,Towers with Radar,211,18,5,0,234,0,0,4,0,4,211,18,9,0,238,0,0,0,238
11/22/2020,SMF,CA,AWP,WE,Towers with Radar,212,15,9,0,236,0,0,8,0,8,212,15,17,0,244,0,0,0,244
11/23/2020,SMF,CA,AWP,WE,Towers with Radar,216,22,7,0,245,0,1,8,2,11,216,23,15,2,256,0,2,2,258
11/24/2020,SMF,CA,AWP,WE,Towers with Radar,226,31,8,1,266,0,0,10,1,11,226,31,18,2,277,0,6,6,283
11/25/2020,SMF,CA,AWP,WE,Towers with Radar,233,23,7,0,263,0,1,11,0,12,233,24,18,0,275,0,0,0,275
11/26/2020,SMF,CA,AWP,WE,Towers with Radar,151,8,1,0,160,0,0,3,0,3,151,8,4,0,163,0,0,0,163
11/27/2020,SMF,CA,AWP,WE,Towers with Radar,199,23,2,0,224,0,0,11,0,11,199,23,13,0,235,6,0,6,241
11/28/2020,SMF,CA,AWP,WE,Towers with Radar,215,17,8,0,240,0,1,1,0,2,215,18,9,0,242,2,0,2,244
11/29/2020,SMF,CA,AWP,WE,Towers with Radar,237,14,4,2,257,0,0,10,0,10,237,14,14,2,267,8,0,8,275
11/30/2020,SMF,CA,AWP,WE,Towers with Radar,224,25,9,3,261,0,0,10,1,11,224,25,19,4,272,0,0,0,272
12/01/2020,SMF,CA,AWP,WE,Towers with Radar,226,28,9,0,263,0,0,19,1,20,226,28,28,1,283,24,0,24,307
12/02/2020,SMF,CA,AWP,WE,Towers with Radar,175,32,3,0,210,0,0,15,0,15,175,32,18,0,225,0,0,0,225
12/03/2020,SMF,CA,AWP,WE,Towers with Radar,188,27,8,0,223,0,0,12,0,12,188,27,20,0,235,22,0,22,257
12/04/2020,SMF,CA,AWP,WE,Towers with Radar,195,30,6,0,231,0,0,9,2,11,195,30,15,2,242,0,0,0,242
12/05/2020,SMF,CA,AWP,WE,Towers with Radar,168,13,1,0,182,0,0,14,0,14,168,13,15,0,196,6,0,6,202
12/06/2020,SMF,CA,AWP,WE,Towers with Radar,190,9,2,0,201,0,0,9,0,9,190,9,11,0,210,0,0,0,210
12/07/2020,SMF,CA,AWP,WE,Towers with Radar,179,22,8,6,215,0,0,9,1,10,179,22,17,7,225,0,10,10,235
12/08/2020,SMF,CA,AWP,WE,Towers with Radar,171,20,6,5,202,0,4,13,0,17,171,24,19,5,219,0,8,8,227
12/09/2020,SMF,CA,AWP,WE,Towers with Radar,173,23,4,0,200,0,0,10,0,10,173,23,14,0,210,0,0,0,210
12/10/2020,SMF,CA,AWP,WE,Towers with Radar,194,27,16,0,237,0,1,10,1,12,194,28,26,1,249,4,0,4,253
12/11/2020,SMF,CA,AWP,WE,Towers with Radar,194,24,9,0,227,0,1,8,0,9,194,25,17,0,236,0,0,0,236
12/12/2020,SMF,CA,AWP,WE,Towers with Radar,176,12,3,0,191,0,0,2,0,2,176,12,5,0,193,0,0,0,193
12/13/2020,SMF,CA,AWP,WE,Towers with Radar,192,8,7,0,207,0,0,0,0,0,192,8,7,0,207,0,0,0,207
12/14/2020,SMF,CA,AWP,WE,Towers with Radar,183,27,4,0,214,0,3,11,0,14,183,30,15,0,228,40,0,40,268
12/15/2020,SMF,CA,AWP,WE,Towers with Radar,172,26,10,0,208,0,0,11,2,13,172,26,21,2,221,0,0,0,221
12/16/2020,SMF,CA,AWP,WE,Towers with Radar,180,25,11,0,216,0,0,4,0,4,180,25,15,0,220,2,0,2,222
12/17/2020,SMF,CA,AWP,WE,Towers with Radar,219,30,7,4,260,0,0,8,0,8,219,30,15,4,268,24,4,28,296
12/18/2020,SMF,CA,AWP,WE,Towers with Radar,226,31,13,0,270,0,2,10,0,12,226,33,23,0,282,0,0,0,282
12/19/2020,SMF,CA,AWP,WE,Towers with Radar,222,18,3,0,243,0,2,6,0,8,222,20,9,0,251,0,0,0,251
12/20/2020,SMF,CA,AWP,WE,Towers with Radar,223,4,4,0,231,0,0,4,0,4,223,4,8,0,235,0,0,0,235
12/21/2020,SMF,CA,AWP,WE,Towers with Radar,222,20,6,0,248,0,0,0,0,0,222,20,6,0,248,0,0,0,248
12/22/2020,SMF,CA,AWP,WE,Towers with Radar,222,31,11,0,264,0,0,19,0,19,222,31,30,0,283,24,2,26,309
12/23/2020,SMF,CA,AWP,WE,Towers with Radar,238,30,5,1,274,0,0,8,1,9,238,30,13,2,283,0,0,0,283
12/24/2020,SMF,CA,AWP,WE,Towers with Radar,170,20,2,0,192,0,0,0,0,0,170,20,2,0,192,0,0,0,192
12/25/2020,SMF,CA,AWP,WE,Towers with Radar,144,4,0,0,148,0,0,2,0,2,144,4,2,0,150,0,0,0,150
12/26/2020,SMF,CA,AWP,WE,Towers with Radar,207,16,0,0,223,0,0,6,0,6,207,16,6,0,229,0,0,0,229
12/27/2020,SMF,CA,AWP,WE,Towers with Radar,236,9,3,0,248,0,0,8,0,8,236,9,11,0,256,0,0,0,256
12/28/2020,SMF,CA,AWP,WE,Towers with Radar,206,22,13,2,243,0,7,1,0,8,206,29,14,2,251,2,2,4,255
12/29/2020,SMF,CA,AWP,WE,Towers with Radar,214,27,5,0,246,0,5,24,2,31,214,32,29,2,277,22,10,32,309
12/30/2020,SMF,CA,AWP,WE,Towers with Radar,219,25,5,1,250,0,0,6,1,7,219,25,11,2,257,0,4,4,261
12/31/2020,SMF,CA,AWP,WE,Towers with Radar,169,22,2,0,193,0,0,6,0,6,169,22,8,0,199,2,0,2,201
01/01/2021,SMF,CA,AWP,WE,Towers with Radar,162,8,1,0,171,0,0,2,0,2,162,8,3,0,173,0,0,0,173
01/02/2021,SMF,CA,AWP,WE,Towers with Radar,210,16,5,0,231,0,0,0,0,0,210,16,5,0,231,0,0,0,231
01/03/2021,SMF,CA,AWP,WE,Towers with Radar,245,10,12,0,267,0,0,1,0,1,245,10,13,0,268,0,0,0,268
01/04/2021,SMF,CA,AWP,WE,Towers with Radar,213,24,6,0,243,0,0,3,0,3,213,24,9,0,246,0,0,0,246
01/05/2021,SMF,CA,AWP,WE,Towers with Radar,209,26,13,0,248,0,0,8,0,8,209,26,21,0,256,20,0,20,276
01/06/2021,SMF,CA,AWP,WE,Towers with Radar,202,24,2,0,228,0,0,7,0,7,202,24,9,0,235,0,0,0,235
01/07/2021,SMF,CA,AWP,WE,Towers with Radar,199,22,10,0,231,0,1,6,0,7,199,23,16,0,238,12,0,12,250
01/08/2021,SMF,CA,AWP,WE,Towers with Radar,195,24,7,0,226,0,2,7,0,9,195,26,14,0,235,0,0,0,235
01/09/2021,SMF,CA,AWP,WE,Towers with Radar,176,14,5,0,195,0,1,15,0,16,176,15,20,0,211,20,0,20,231
01/10/2021,SMF,CA,AWP,WE,Towers with Radar,187,11,9,0,207,0,0,3,0,3,187,11,12,0,210,0,0,0,210
01/11/2021,SMF,CA,AWP,WE,Towers with Radar,190,20,11,0,221,0,1,10,0,11,190,21,21,0,232,0,0,0,232
01/12/2021,SMF,CA,AWP,WE,Towers with Radar,183,25,9,0,217,0,0,2,0,2,183,25,11,0,219,0,0,0,219
01/13/2021,SMF,CA,AWP,WE,Towers with Radar,181,29,10,2,222,0,0,9,2,11,181,29,19,4,233,2,2,4,237
01/14/2021,SMF,CA,AWP,WE,Towers with Radar,190,27,9,4,230,0,0,5,2,7,190,27,14,6,237,6,36,42,279
01/15/2021,SMF,CA,AWP,WE,Towers with Radar,190,27,11,1,229,0,0,10,1,11,190,27,21,2,240,6,2,8,248
01/16/2021,SMF,CA,AWP,WE,Towers with Radar,165,12,0,0,177,0,0,7,1,8,165,12,7,1,185,0,0,0,185
01/17/2021,SMF,CA,AWP,WE,Towers with Radar,182,6,2,0,190,0,0,4,0,4,182,6,6,0,194,0,0,0,194
01/18/2021,SMF,CA,AWP,WE,Towers with Radar,184,22,7,0,213,0,0,9,0,9,184,22,16,0,222,14,0,14,236
01/19/2021,SMF,CA,AWP,WE,Towers with Radar,182,23,4,2,211,0,0,4,2,6,182,23,8,4,217,2,16,18,235
01/20/2021,SMF,CA,AWP,WE,Towers with Radar,182,24,7,1,214,0,2,20,0,22,182,26,27,1,236,16,10,26,262
01/21/2021,SMF,CA,AWP,WE,Towers with Radar,186,23,3,7,219,0,0,17,2,19,186,23,20,9,238,24,16,40,278
01/22/2021,SMF,CA,AWP,WE,Towers with Radar,194,21,12,13,240,0,0,9,8,17,194,21,21,21,257,0,38,38,295
01/23/2021,SMF,CA,AWP,WE,Towers with Radar,162,16,3,0,181,0,0,2,0,2,162,16,5,0,183,0,0,0,183
01/24/2021,SMF,CA,AWP,WE,Towers with Radar,190,6,1,0,197,0,0,0,0,0,190,6,1,0,197,0,0,0,197
01/25/2021,SMF,CA,AWP,WE,Towers with Radar,182,22,1,2,207,0,1,3,2,6,182,23,4,4,213,0,18,18,231
01/26/2021,SMF,CA,AWP,WE,Towers with Radar,175,23,4,15,217,0,0,0,4,4,175,23,4,19,221,0,32,32,253
01/27/2021,SMF,CA,AWP,WE,Towers with Radar,186,21,2,1,210,0,2,0,0,2,186,23,2,1,212,0,0,0,212
01/28/2021,SMF,CA,AWP,WE,Towers with Radar,182,29,11,30,252,0,0,0,0,0,182,29,11,30,252,0,10,10,262
01/29/2021,SMF,CA,AWP,WE,Towers with Radar,188,27,36,6,257,0,1,5,0,6,188,28,41,6,263,2,0,2,265
01/30/2021,SMF,CA,AWP,WE,Towers with Radar,163,14,1,0,178,0,0,5,0,5,163,14,6,0,183,2,0,2,185
01/31/2021,SMF,CA,AWP,WE,Towers with Radar,185,10,7,0,202,0,0,4,0,4,185,10,11,0,206,0,0,0,206
02/01/2021,SMF,CA,AWP,WE,Towers with Radar,184,20,4,1,209,0,0,6,5,11,184,20,10,6,220,2,18,20,240
02/02/2021,SMF,CA,AWP,WE,Towers with Radar,181,25,6,6,218,0,0,0,0,0,181,25,6,6,218,0,6,6,224
02/03/2021,SMF,CA,AWP,WE,Towers with Radar,171,23,4,11,209,0,4,5,2,11,171,27,9,13,220,0,0,0,220
02/04/2021,SMF,CA,AWP,WE,Towers with Radar,182,33,10,13,238,0,2,10,12,24,182,35,20,25,262,0,50,50,312
02/05/2021,SMF,CA,AWP,WE,Towers with Radar,190,25,10,10,235,0,0,22,0,22,190,25,32,10,257,2,12,14,271
02/06/2021,SMF,CA,AWP,WE,Towers with Radar,168,18,6,6,198,0,3,9,0,12,168,21,15,6,210,0,6,6,216
02/07/2021,SMF,CA,AWP,WE,Towers with Radar,186,7,7,0,200,0,2,10,0,12,186,9,17,0,212,0,0,0,212
02/08/2021,SMF,CA,AWP,WE,Towers with Radar,180,23,10,15,228,0,0,24,1,25,180,23,34,16,253,18,24,42,295
02/09/2021,SMF,CA,AWP,WE,Towers with Radar,181,25,4,3,213,0,1,16,3,20,181,26,20,6,233,4,42,46,279
02/10/2021,SMF,CA,AWP,WE,Towers with Radar,183,31,15,8,237,0,0,27,3,30,183,31,42,11,267,0,36,36,303
02/11/2021,SMF,CA,AWP,WE,Towers with Radar,178,29,7,16,230,0,3,8,3,14,178,32,15,19,244,0,46,46,290
02/12/2021,SMF,CA,AWP,WE,Towers with Radar,189,27,8,8,232,0,1,16,1,18,189,28,24,9,250,8,22,30,280
02/13/2021,SMF,CA,AWP,WE,Towers with Radar,148,16,3,0,167,0,1,2,0,3,148,17,5,0,170,0,0,0,170
02/14/2021,SMF,CA,AWP,WE,Towers with Radar,156,15,3,0,174,0,0,5,0,5,156,15,8,0,179,24,0,24,203
02/15/2021,SMF,CA,AWP,WE,Towers with Radar,175,24,10,0,209,0,0,1,0,1,175,24,11,0,210,0,0,0,210
02/16/2021,SMF,CA,AWP,WE,Towers with Radar,164,27,6,1,198,0,0,12,1,13,164,27,18,2,211,6,12,18,229
02/17/2021,SMF,CA,AWP,WE,Towers with Radar,159,26,11,8,204,0,2,10,3,15,159,28,21,11,219,0,0,0,219
02/18/2021,SMF,CA,AWP,WE,Towers with Radar,179,24,6,3,212,0,0,16,2,18,179,24,22,5,230,0,22,22,252
02/19/2021,SMF,CA,AWP,WE,Towers with Radar,190,24,6,3,223,0,0,0,0,0,190,24,6,3,223,0,0,0,223
02/20/2021,SMF,CA,AWP,WE,Towers with Radar,155,14,8,1,178,0,0,10,1,11,155,14,18,2,189,26,0,26,215
02/21/2021,SMF,CA,AWP,WE,Towers with Radar,181,15,4,0,200,0,0,1,1,2,181,15,5,1,202,0,0,0,202
02/22/2021,SMF,CA,AWP,WE,Towers with Radar,189,16,6,4,215,0,0,14,2,16,189,16,20,6,231,20,30,50,281
02/23/2021,SMF,CA,AWP,WE,Towers with Radar,173,24,1,9,207,0,0,2,3,5,173,24,3,12,212,0,8,8,220
02/24/2021,SMF,CA,AWP,WE,Towers with Radar,174,26,3,6,209,0,2,5,2,9,174,28,8,8,218,0,6,6,224
02/25/2021,SMF,CA,AWP,WE,Towers with Radar,185,21,10,4,220,0,2,7,2,11,185,23,17,6,231,20,16,36,267
02/26/2021,SMF,CA,AWP,WE,Towers with Radar,195,32,8,2,237,0,0,20,2,22,195,32,28,4,259,8,14,22,281
02/27/2021,SMF,CA,AWP,WE,Towers with Radar,159,15,4,1,179,0,1,3,2,6,159,16,7,3,185,0,10,10,195
02/28/2021,SMF,CA,AWP,WE,Towers with Radar,183,16,7,3,209,0,0,8,1,9,183,16,15,4,218,0,0,0,218
03/01/2021,SMF,CA,AWP,WE,Towers with Radar,186,26,7,0,219,0,1,5,0,6,186,27,12,0,225,0,0,0,225
03/02/2021,SMF,CA,AWP,WE,Towers with Radar,176,31,3,0,210,0,0,15,2,17,176,31,18,2,227,18,6,24,251
03/03/2021,SMF,CA,AWP,WE,Towers with Radar,172,30,4,4,210,0,0,14,0,14,172,30,18,4,224,6,0,6,230
03/04/2021,SMF,CA,AWP,WE,Towers with Radar,177,28,4,2,211,0,0,7,3,10,177,28,11,5,221,0,12,12,233
03/05/2021,SMF,CA,AWP,WE,Towers with Radar,190,24,3,1,218,0,0,18,1,19,190,24,21,2,237,18,16,34,271
03/06/2021,SMF,CA,AWP,WE,Towers with Radar,165,19,9,0,193,0,1,6,0,7,165,20,15,0,200,0,0,0,200
03/07/2021,SMF,CA,AWP,WE,Towers with Radar,203,16,8,1,228,0,0,9,1,10,203,16,17,2,238,2,16,18,256
03/08/2021,SMF,CA,AWP,WE,Towers with Radar,204,26,7,1,238,0,1,3,1,5,204,27,10,2,243,0,0,0,243
03/09/2021,SMF,CA,AWP,WE,Towers with Radar,173,22,11,12,218,0,0,4,1,5,173,22,15,13,223,10,6,16,239
03/10/2021,SMF,CA,AWP,WE,Towers with Radar,180,28,3,1,212,0,0,1,0,1,180,28,4,1,213,0,0,0,213
03/11/2021,SMF,CA,AWP,WE,Towers with Radar,212,29,8,0,249,0,0,14,0,14,212,29,22,0,263,0,0,0,263
03/12/2021,SMF,CA,AWP,WE,Towers with Radar,224,29,12,1,266,0,0,7,1,8,224,29,19,2,274,4,6,10,284
03/13/2021,SMF,CA,AWP,WE,Towers with Radar,176,19,7,2,204,0,0,15,1,16,176,19,22,3,220,10,0,10,230
03/14/2021,SMF,CA,AWP,WE,Towers with Radar,195,9,5,0,209,0,0,3,0,3,195,9,8,0,212,0,0,0,212
03/15/2021,SMF,CA,AWP,WE,Towers with Radar,197,26,6,4,233,0,1,5,4,10,197,27,11,8,243,8,20,28,271
03/16/2021,SMF,CA,AWP,WE,Towers with Radar,210,26,5,1,242,0,2,9,3,14,210,28,14,4,256,6,10,16,272
03/17/2021,SMF,CA,AWP,WE,Towers with Radar,198,27,5,0,230,0,0,14,0,14,198,27,19,0,244,14,0,14,258
03/18/2021,SMF,CA,AWP,WE,Towers with Radar,214,23,4,4,245,0,0,2,0,2,214,23,6,4,247,0,0,0,247
03/19/2021,SMF,CA,AWP,WE,Towers with Radar,220,30,3,0,253,0,0,2,0,2,220,30,5,0,255,0,0,0,255
03/20/2021,SMF,CA,AWP,WE,Towers with Radar,183,22,7,6,218,0,1,5,0,6,183,23,12,6,224,0,0,0,224
03/21/2021,SMF,CA,AWP,WE,Towers with Radar,211,11,3,2,227,0,0,9,0,9,211,11,12,2,236,0,0,0,236
03/22/2021,SMF,CA,AWP,WE,Towers with Radar,219,27,6,0,252,0,1,10,2,13,219,28,16,2,265,0,0,0,265
03/23/2021,SMF,CA,AWP,WE,Towers with Radar,214,27,17,17,275,0,1,13,6,20,214,28,30,23,295,6,44,50,345
03/24/2021,SMF,CA,AWP,WE,Towers with Radar,208,26,8,3,245,0,1,5,2,8,208,27,13,5,253,6,10,16,269
03/25/2021,SMF,CA,AWP,WE,Towers with Radar,212,31,9,5,257,0,0,20,5,25,212,31,29,10,282,20,30,50,332
03/26/2021,SMF,CA,AWP,WE,Towers with Radar,222,32,6,7,267,0,0,7,6,13,222,32,13,13,280,18,14,32,312
03/27/2021,SMF,CA,AWP,WE,Towers with Radar,185,19,8,2,214,0,0,22,1,23,185,19,30,3,237,4,0,4,241
03/28/2021,SMF,CA,AWP,WE,Towers with Radar,216,12,5,1,234,0,0,19,1,20,216,12,24,2,254,8,4,12,266
03/29/2021,SMF,CA,AWP,WE,Towers with Radar,222,26,14,7,269,0,0,12,1,13,222,26,26,8,282,14,0,14,296
03/30/2021,SMF,CA,AWP,WE,Towers with Radar,213,24,9,4,250,0,0,5,8,13,213,24,14,12,263,8,20,28,291
03/31/2021,SMF,CA,AWP,WE,Towers with Radar,212,24,12,1,249,0,0,6,1,7,212,24,18,2,256,0,12,12,268
04/01/2021,SMF,CA,AWP,WE,Towers with Radar,220,31,7,0,258,0,0,8,2,10,220,31,15,2,268,0,0,0,268
04/02/2021,SMF,CA,AWP,WE,Towers with Radar,228,34,16,0,278,0,0,22,0,22,228,34,38,0,300,14,6,20,320
04/03/2021,SMF,CA,AWP,WE,Towers with Radar,186,18,2,0,206,0,0,6,0,6,186,18,8,0,212,0,0,0,212
04/04/2021,SMF,CA,AWP,WE,Towers with Radar,228,14,2,0,244,0,0,3,0,3,228,14,5,0,247,0,0,0,247
04/05/2021,SMF,CA,AWP,WE,Towers with Radar,227,30,9,2,268,0,1,10,2,13,227,31,19,4,281,14,16,30,311
04/06/2021,SMF,CA,AWP,WE,Towers with Radar,224,29,8,2,263,0,2,5,0,7,224,31,13,2,270,4,18,22,292
04/07/2021,SMF,CA,AWP,WE,Towers with Radar,225,30,2,4,261,0,1,3,0,4,225,31,5,4,265,0,10,10,275
04/08/2021,SMF,CA,AWP,WE,Towers with Radar,229,30,5,4,268,0,0,13,4,17,229,30,18,8,285,16,0,16,301
04/09/2021,SMF,CA,AWP,WE,Towers with Radar,241,31,5,3,280,0,0,10,1,11,241,31,15,4,291,0,0,0,291
04/10/2021,SMF,CA,AWP,WE,Towers with Radar,192,15,1,0,208,0,0,6,0,6,192,15,7,0,214,82,0,82,296
04/11/2021,SMF,CA,AWP,WE,Towers with Radar,231,11,2,0,244,0,2,13,0,15,231,13,15,0,259,12,0,12,271
04/12/2021,SMF,CA,AWP,WE,Towers with Radar,218,27,6,5,256,0,2,13,0,15,218,29,19,5,271,2,12,14,285
04/13/2021,SMF,CA,AWP,WE,Towers with Radar,204,34,10,0,248,0,2,17,0,19,204,36,27,0,267,10,0,10,277
04/14/2021,SMF,CA,AWP,WE,Towers with Radar,200,33,8,3,244,0,0,14,3,17,200,33,22,6,261,0,6,6,267
04/15/2021,SMF,CA,AWP,WE,Towers with Radar,217,32,10,0,259,0,0,5,3,8,217,32,15,3,267,20,0,20,287
04/16/2021,SMF,CA,AWP,WE,Towers with Radar,227,24,13,0,264,0,0,14,0,14,227,24,27,0,278,16,0,16,294
04/17/2021,SMF,CA,AWP,WE,Towers with Radar,190,19,2,0,211,0,0,9,0,9,190,19,11,0,220,0,0,0,220
04/18/2021,SMF,CA,AWP,WE,Towers with Radar,216,15,12,0,243,0,0,14,1,15,216,15,26,1,258,0,0,0,258
04/19/2021,SMF,CA,AWP,WE,Towers with Radar,215,29,9,13,266,0,2,14,1,17,215,31,23,14,283,0,6,6,289
04/20/2021,SMF,CA,AWP,WE,Towers with Radar,200,36,10,4,250,0,0,23,4,27,200,36,33,8,277,2,24,26,303
04/21/2021,SMF,CA,AWP,WE,Towers with Radar,197,25,6,5,233,0,0,9,1,10,197,25,15,6,243,4,8,12,255
04/22/2021,SMF,CA,AWP,WE,Towers with Radar,223,34,8,0,265,0,0,16,0,16,223,34,24,0,281,2,0,2,283
04/23/2021,SMF,CA,AWP,WE,Towers with Radar,225,30,6,1,262,0,0,16,3,19,225,30,22,4,281,8,12,20,301
04/24/2021,SMF,CA,AWP,WE,Towers with Radar,189,13,5,2,209,0,0,12,0,12,189,13,17,2,221,18,0,18,239
04/25/2021,SMF,CA,AWP,WE,Towers with Radar,218,14,4,0,236,0,0,2,0,2,218,14,6,0,238,0,0,0,238
04/26/2021,SMF,CA,AWP,WE,Towers with Radar,220,27,5,5,257,0,0,4,8,12,220,27,9,13,269,0,26,26,295
04/27/2021,SMF,CA,AWP,WE,Towers with Radar,196,28,7,1,232,0,0,12,2,14,196,28,19,3,246,14,20,34,280
04/28/2021,SMF,CA,AWP,WE,Towers with Radar,196,25,9,2,232,0,0,13,1,14,196,25,22,3,246,8,6,14,260
04/29/2021,SMF,CA,AWP,WE,Towers with Radar,221,32,6,11,270,0,1,9,4,14,221,33,15,15,284,10,38,48,332
04/30/2021,SMF,CA,AWP,WE,Towers with Radar,222,25,5,2,254,0,0,17,1,18,222,25,22,3,272,34,2,36,308
05/01/2021,SMF,CA,AWP,WE,Towers with Radar,188,17,4,1,210,0,1,3,0,4,188,18,7,1,214,0,0,0,214
05/02/2021,SMF,CA,AWP,WE,Towers with Radar,217,10,2,0,229,0,0,8,0,8,217,10,10,0,237,2,0,2,239
05/03/2021,SMF,CA,AWP,WE,Towers with Radar,214,26,12,5,257,0,1,12,8,21,214,27,24,13,278,2,22,24,302
05/04/2021,SMF,CA,AWP,WE,Towers with Radar,197,32,8,2,239,0,1,15,1,17,197,33,23,3,256,38,6,44,300
05/05/2021,SMF,CA,AWP,WE,Towers with Radar,205,35,13,3,256,0,0,13,3,16,205,35,26,6,272,8,14,22,294
05/06/2021,SMF,CA,AWP,WE,Towers with Radar,223,34,12,3,272,0,0,14,1,15,223,34,26,4,287,0,6,6,293
05/07/2021,SMF,CA,AWP,WE,Towers with Radar,232,34,7,0,273,1,2,15,0,18,233,36,22,0,291,0,0,0,291
05/08/2021,SMF,CA,AWP,WE,Towers with Radar,196,16,1,0,213,0,0,4,0,4,196,16,5,0,217,0,0,0,217
05/09/2021,SMF,CA,AWP,WE,Towers with Radar,244,13,4,0,261,0,0,5,0,5,244,13,9,0,266,0,0,0,266
05/10/2021,SMF,CA,AWP,WE,Towers with Radar,243,29,11,5,288,0,1,21,3,25,243,30,32,8,313,10,24,34,347
05/11/2021,SMF,CA,AWP,WE,Towers with Radar,213,33,9,4,259,0,2,9,1,12,213,35,18,5,271,4,8,12,283
05/12/2021,SMF,CA,AWP,WE,Towers with Radar,225,28,4,5,262,0,1,9,5,15,225,29,13,10,277,12,42,54,331
05/13/2021,SMF,CA,AWP,WE,Towers with Radar,246,32,5,3,286,0,4,11,2,17,246,36,16,5,303,32,12,44,347
05/14/2021,SMF,CA,AWP,WE,Towers with Radar,254,29,10,0,293,0,4,14,4,22,254,33,24,4,315,4,10,14,329
05/15/2021,SMF,CA,AWP,WE,Towers with Radar,205,22,7,0,234,0,0,2,1,3,205,22,9,1,237,0,0,0,237
05/16/2021,SMF,CA,AWP,WE,Towers with Radar,239,16,3,0,258,0,0,9,0,9,239,16,12,0,267,4,0,4,271
05/17/2021,SMF,CA,AWP,WE,Towers with Radar,247,28,6,7,288,0,1,19,7,27,247,29,25,14,315,20,32,52,367
05/18/2021,SMF,CA,AWP,WE,Towers with Radar,226,30,7,2,265,0,0,13,3,16,226,30,20,5,281,0,0,0,281
05/19/2021,SMF,CA,AWP,WE,Towers with Radar,225,27,10,2,264,0,0,8,6,14,225,27,18,8,278,0,0,0,278
05/20/2021,SMF,CA,AWP,WE,Towers with Radar,250,29,11,12,302,0,1,15,0,16,250,30,26,12,318,0,0,0,318
05/21/2021,SMF,CA,AWP,WE,Towers with Radar,260,31,11,10,312,0,0,16,1,17,260,31,27,11,329,22,28,50,379
05/22/2021,SMF,CA,AWP,WE,Towers with Radar,207,17,2,0,226,0,0,6,0,6,207,17,8,0,232,0,0,0,232
05/23/2021,SMF,CA,AWP,WE,Towers with Radar,244,11,4,0,259,0,0,13,2,15,244,11,17,2,274,6,0,6,280
05/24/2021,SMF,CA,AWP,WE,Towers with Radar,251,26,11,0,288,0,0,11,4,15,251,26,22,4,303,2,6,8,311
05/25/2021,SMF,CA,AWP,WE,Towers with Radar,230,29,15,4,278,0,2,10,2,14,230,31,25,6,292,24,16,40,332
05/26/2021,SMF,CA,AWP,WE,Towers with Radar,232,28,5,0,265,0,0,25,0,25,232,28,30,0,290,36,18,54,344
05/27/2021,SMF,CA,AWP,WE,Towers with Radar,247,33,12,12,304,0,0,18,6,24,247,33,30,18,328,2,34,36,364
05/28/2021,SMF,CA,AWP,WE,Towers with Radar,261,31,5,0,297,0,1,19,1,21,261,32,24,1,318,62,0,62,380
05/29/2021,SMF,CA,AWP,WE,Towers with Radar,204,16,4,0,224,0,0,13,0,13,204,16,17,0,237,0,0,0,237
05/30/2021,SMF,CA,AWP,WE,Towers with Radar,241,14,3,0,258,0,0,9,0,9,241,14,12,0,267,0,0,0,267
05/31/2021,SMF,CA,AWP,WE,Towers with Radar,253,10,2,0,265,0,0,1,0,1,253,10,3,0,266,0,0,0,266
06/01/2021,SMF,CA,AWP,WE,Towers with Radar,244,25,5,4,278,0,3,7,1,11,244,28,12,5,289,18,16,34,323
06/02/2021,SMF,CA,AWP,WE,Towers with Radar,250,24,8,2,284,0,2,4,0,6,250,26,12,2,290,0,0,0,290
06/03/2021,SMF,CA,AWP,WE,Towers with Radar,266,28,10,6,310,0,0,23,5,28,266,28,33,11,338,68,10,78,416
06/04/2021,SMF,CA,AWP,WE,Towers with Radar,279,31,11,0,321,0,1,15,0,16,279,32,26,0,337,4,0,4,341
06/05/2021,SMF,CA,AWP,WE,Towers with Radar,225,17,6,0,248,0,0,5,1,6,225,17,11,1,254,0,0,0,254
06/06/2021,SMF,CA,AWP,WE,Towers with Radar,257,14,7,0,278,0,0,9,0,9,257,14,16,0,287,0,0,0,287
06/07/2021,SMF,CA,AWP,WE,Towers with Radar,284,25,10,2,321,0,0,19,8,27,284,25,29,10,348,10,36,46,394
06/08/2021,SMF,CA,AWP,WE,Towers with Radar,289,30,7,1,327,0,0,9,0,9,289,30,16,1,336,24,8,32,368
06/09/2021,SMF,CA,AWP,WE,Towers with Radar,287,33,5,3,328,0,0,8,1,9,287,33,13,4,337,0,10,10,347
06/10/2021,SMF,CA,AWP,WE,Towers with Radar,296,32,8,8,344,0,0,19,1,20,296,32,27,9,364,56,14,70,434
06/11/2021,SMF,CA,AWP,WE,Towers with Radar,308,27,11,4,350,0,0,17,4,21,308,27,28,8,371,6,28,34,405
06/12/2021,SMF,CA,AWP,WE,Towers with Radar,233,18,3,0,254,0,0,10,0,10,233,18,13,0,264,0,0,0,264
06/13/2021,SMF,CA,AWP,WE,Towers with Radar,269,17,6,0,292,0,0,12,0,12,269,17,18,0,304,0,0,0,304
06/14/2021,SMF,CA,AWP,WE,Towers with Radar,278,31,9,3,321,0,0,11,1,12,278,31,20,4,333,4,4,8,341
06/15/2021,SMF,CA,AWP,WE,Towers with Radar,266,26,7,2,301,0,0,21,0,21,266,26,28,2,322,18,0,18,340
06/16/2021,SMF,CA,AWP,WE,Towers with Radar,272,33,6,3,314,0,0,17,6,23,272,33,23,9,337,62,8,70,407
06/17/2021,SMF,CA,AWP,WE,Towers with Radar,299,25,6,0,330,0,0,7,0,7,299,25,13,0,337,0,0,0,337
06/18/2021,SMF,CA,AWP,WE,Towers with Radar,299,24,5,0,328,0,0,6,0,6,299,24,11,0,334,14,0,14,348
06/19/2021,SMF,CA,AWP,WE,Towers with Radar,243,19,2,0,264,0,0,13,1,14,243,19,15,1,278,8,8,16,294
06/20/2021,SMF,CA,AWP,WE,Towers with Radar,272,8,4,2,286,0,0,13,0,13,272,8,17,2,299,0,0,0,299
06/21/2021,SMF,CA,AWP,WE,Towers with Radar,289,32,8,8,337,0,1,8,0,9,289,33,16,8,346,0,6,6,352
06/22/2021,SMF,CA,AWP,WE,Towers with Radar,298,29,8,2,337,0,3,16,4,23,298,32,24,6,360,40,16,56,416
06/23/2021,SMF,CA,AWP,WE,Towers with Radar,294,30,10,5,339,0,0,5,7,12,294,30,15,12,351,8,52,60,411
06/24/2021,SMF,CA,AWP,WE,Towers with Radar,293,29,7,5,334,0,0,3,4,7,293,29,10,9,341,6,12,18,359
06/25/2021,SMF,CA,AWP,WE,Towers with Radar,302,33,21,4,360,0,0,12,5,17,302,33,33,9,377,24,28,52,429
06/26/2021,SMF,CA,AWP,WE,Towers with Radar,241,22,8,0,271,0,2,5,2,9,241,24,13,2,280,10,0,10,290
06/27/2021,SMF,CA,AWP,WE,Towers with Radar,270,11,9,0,290,0,0,8,0,8,270,11,17,0,298,0,0,0,298
06/28/2021,SMF,CA,AWP,WE,Towers with Radar,301,26,5,4,336,0,1,11,1,13,301,27,16,5,349,18,18,36,385
06/29/2021,SMF,CA,AWP,WE,Towers with Radar,300,30,7,2,339,0,1,17,0,18,300,31,24,2,357,6,0,6,363
06/30/2021,SMF,CA,AWP,WE,Towers with Radar,290,30,11,2,333,0,0,9,0,9,290,30,20,2,342,0,4,4,346
07/01/2021,SMF,CA,AWP,WE,Towers with Radar,307,37,11,4,359,0,0,12,9,21,307,37,23,13,380,14,22,36,416
07/02/2021,SMF,CA,AWP,WE,Towers with Radar,301,42,8,0,351,0,3,10,0,13,301,45,18,0,364,0,0,0,364
07/03/2021,SMF,CA,AWP,WE,Towers with Radar,234,18,3,0,255,0,0,6,0,6,234,18,9,0,261,18,0,18,279
07/04/2021,SMF,CA,AWP,WE,Towers with Radar,246,14,0,0,260,0,0,1,0,1,246,14,1,0,261,0,0,0,261
07/05/2021,SMF,CA,AWP,WE,Towers with Radar,290,17,2,0,309,0,0,10,0,10,290,17,12,0,319,0,0,0,319
07/06/2021,SMF,CA,AWP,WE,Towers with Radar,280,38,9,0,327,0,0,12,0,12,280,38,21,0,339,20,0,20,359
07/07/2021,SMF,CA,AWP,WE,Towers with Radar,296,38,10,0,344,0,0,20,0,20,296,38,30,0,364,40,0,40,404
07/08/2021,SMF,CA,AWP,WE,Towers with Radar,305,33,13,0,351,0,0,13,4,17,305,33,26,4,368,0,6,6,374
07/09/2021,SMF,CA,AWP,WE,Towers with Radar,307,33,3,1,344,0,0,28,5,33,307,33,31,6,377,0,10,10,387
07/10/2021,SMF,CA,AWP,WE,Towers with Radar,236,20,5,0,261,0,0,6,0,6,236,20,11,0,267,6,0,6,273
07/11/2021,SMF,CA,AWP,WE,Towers with Radar,263,19,7,0,289,0,0,7,0,7,263,19,14,0,296,0,0,0,296
07/12/2021,SMF,CA,AWP,WE,Towers with Radar,302,33,12,4,351,0,0,15,2,17,302,33,27,6,368,4,14,18,386
07/13/2021,SMF,CA,AWP,WE,Towers with Radar,308,38,9,12,367,0,5,15,4,24,308,43,24,16,391,0,14,14,405
07/14/2021,SMF,CA,AWP,WE,Towers with Radar,295,38,3,4,340,0,0,5,4,9,295,38,8,8,349,4,30,34,383
07/15/2021,SMF,CA,AWP,WE,Towers with Radar,309,31,9,1,350,0,0,18,5,23,309,31,27,6,373,14,36,50,423
07/16/2021,SMF,CA,AWP,WE,Towers with Radar,311,32,6,0,349,0,1,19,0,20,311,33,25,0,369,20,0,20,389
07/17/2021,SMF,CA,AWP,WE,Towers with Radar,243,19,1,0,263,0,1,18,0,19,243,20,19,0,282,12,0,12,294
07/18/2021,SMF,CA,AWP,WE,Towers with Radar,263,16,6,0,285,0,0,10,0,10,263,16,16,0,295,4,0,4,299
07/19/2021,SMF,CA,AWP,WE,Towers with Radar,301,29,4,3,337,0,1,15,1,17,301,30,19,4,354,0,12,12,366
07/20/2021,SMF,CA,AWP,WE,Towers with Radar,302,35,6,6,349,0,0,11,6,17,302,35,17,12,366,2,30,32,398
07/21/2021,SMF,CA,AWP,WE,Towers with Radar,300,32,3,3,338,0,0,21,1,22,300,32,24,4,360,18,6,24,384
07/22/2021,SMF,CA,AWP,WE,Towers with Radar,305,31,7,1,344,0,0,7,1,8,305,31,14,2,352,6,0,6,358
07/23/2021,SMF,CA,AWP,WE,Towers with Radar,303,33,5,2,343,0,6,7,2,15,303,39,12,4,358,8,8,16,374
07/24/2021,SMF,CA,AWP,WE,Towers with Radar,240,25,4,0,269,0,2,15,0,17,240,27,19,0,286,8,0,8,294
07/25/2021,SMF,CA,AWP,WE,Towers with Radar,271,23,6,0,300,0,1,11,0,12,271,24,17,0,312,0,0,0,312
07/26/2021,SMF,CA,AWP,WE,Towers with Radar,299,26,5,2,332,0,0,8,2,10,299,26,13,4,342,0,18,18,360
07/27/2021,SMF,CA,AWP,WE,Towers with Radar,298,32,9,8,347,0,0,29,3,32,298,32,38,11,379,0,10,10,389
07/28/2021,SMF,CA,AWP,WE,Towers with Radar,301,34,10,14,359,0,1,12,1,14,301,35,22,15,373,0,10,10,383
07/29/2021,SMF,CA,AWP,WE,Towers with Radar,311,30,10,5,356,0,4,16,6,26,311,34,26,11,382,14,46,60,442
07/30/2021,SMF,CA,AWP,WE,Towers with Radar,308,32,9,2,351,0,0,5,4,9,308,32,14,6,360,0,4,4,364
07/31/2021,SMF,CA,AWP,WE,Towers with Radar,249,19,9,0,277,0,0,11,0,11,249,19,20,0,288,0,0,0,288
08/01/2021,SMF,CA,AWP,WE,Towers with Radar,262,18,3,0,283,0,0,14,0,14,262,18,17,0,297,10,0,10,307
08/02/2021,SMF,CA,AWP,WE,Towers with Radar,297,34,1,4,336,0,0,14,2,16,297,34,15,6,352,18,18,36,388
08/03/2021,SMF,CA,AWP,WE,Towers with Radar,298,33,13,9,353,0,0,10,5,15,298,33,23,14,368,10,24,34,402
08/04/2021,SMF,CA,AWP,WE,Towers with Radar,295,35,10,0,340,0,0,8,2,10,295,35,18,2,350,0,4,4,354
08/05/2021,SMF,CA,AWP,WE,Towers with Radar,306,37,9,6,358,0,2,17,10,29,306,39,26,16,387,10,44,54,441
08/06/2021,SMF,CA,AWP,WE,Towers with Radar,307,34,6,4,351,0,0,9,0,9,307,34,15,4,360,38,4,42,402
08/07/2021,SMF,CA,AWP,WE,Towers with Radar,253,24,10,0,287,0,0,6,1,7,253,24,16,1,294,0,0,0,294
08/08/2021,SMF,CA,AWP,WE,Towers with Radar,279,22,12,3,316,0,0,9,0,9,279,22,21,3,325,4,6,10,335
08/09/2021,SMF,CA,AWP,WE,Towers with Radar,306,27,8,8,349,0,0,6,6,12,306,27,14,14,361,0,16,16,377
08/10/2021,SMF,CA,AWP,WE,Towers with Radar,298,32,10,2,342,0,0,12,0,12,298,32,22,2,354,0,4,4,358
08/11/2021,SMF,CA,AWP,WE,Towers with Radar,305,32,14,7,358,0,0,12,4,16,305,32,26,11,374,0,24,24,398
08/12/2021,SMF,CA,AWP,WE,Towers with Radar,314,32,13,0,359,0,0,16,6,22,314,32,29,6,381,0,42,42,423
08/13/2021,SMF,CA,AWP,WE,Towers with Radar,319,33,10,5,367,0,0,10,3,13,319,33,20,8,380,12,12,24,404
08/14/2021,SMF,CA,AWP,WE,Towers with Radar,242,25,3,0,270,0,0,7,0,7,242,25,10,0,277,0,0,0,277
08/15/2021,SMF,CA,AWP,WE,Towers with Radar,277,18,8,0,303,0,2,7,0,9,277,20,15,0,312,0,0,0,312
08/16/2021,SMF,CA,AWP,WE,Towers with Radar,304,34,2,1,341,0,0,8,1,9,304,34,10,2,350,8,10,18,368
08/17/2021,SMF,CA,AWP,WE,Towers with Radar,295,40,20,11,366,0,0,10,1,11,295,40,30,12,377,0,0,0,377
08/18/2021,SMF,CA,AWP,WE,Towers with Radar,292,33,14,2,341,0,0,1,0,1,292,33,15,2,342,2,0,2,344
08/19/2021,SMF,CA,AWP,WE,Towers with Radar,312,40,10,10,372,0,4,4,6,14,312,44,14,16,386,0,38,38,424
08/20/2021,SMF,CA,AWP,WE,Towers with Radar,308,36,10,13,367,0,1,1,2,4,308,37,11,15,371,0,28,28,399
08/21/2021,SMF,CA,AWP,WE,Towers with Radar,237,23,3,0,263,0,0,8,0,8,237,23,11,0,271,0,0,0,271
08/22/2021,SMF,CA,AWP,WE,Towers with Radar,278,20,8,0,306,0,0,7,0,7,278,20,15,0,313,2,0,2,315
08/23/2021,SMF,CA,AWP,WE,Towers with Radar,303,34,11,0,348,0,0,9,0,9,303,34,20,0,357,32,0,32,389
08/24/2021,SMF,CA,AWP,WE,Towers with Radar,295,32,14,3,344,0,0,8,4,12,295,32,22,7,356,10,16,26,382
08/25/2021,SMF,CA,AWP,WE,Towers with Radar,297,29,11,3,340,0,0,8,5,13,297,29,19,8,353,34,28,62,415
08/26/2021,SMF,CA,AWP,WE,Towers with Radar,309,34,10,6,359,0,0,8,8,16,309,34,18,14,375,8,38,46,421
08/27/2021,SMF,CA,AWP,WE,Towers with Radar,315,33,13,5,366,0,0,6,1,7,315,33,19,6,373,0,6,6,379
08/28/2021,SMF,CA,AWP,WE,Towers with Radar,238,23,2,2,265,0,0,2,0,2,238,23,4,2,267,0,2,2,269
08/29/2021,SMF,CA,AWP,WE,Towers with Radar,272,20,8,0,300,0,0,0,0,0,272,20,8,0,300,0,0,0,300
08/30/2021,SMF,CA,AWP,WE,Towers with Radar,309,30,13,12,364,0,0,11,6,17,309,30,24,18,381,20,30,50,431
08/31/2021,SMF,CA,AWP,WE,Towers with Radar,293,33,6,4,336,0,0,13,2,15,293,33,19,6,351,30,8,38,389
09/01/2021,SMF,CA,AWP,WE,Towers with Radar,297,36,10,0,343,0,0,16,4,20,297,36,26,4,363,0,0,0,363
09/02/2021,SMF,CA,AWP,WE,Towers with Radar,308,31,9,3,351,0,0,10,3,13,308,31,19,6,364,12,26,38,402
09/03/2021,SMF,CA,AWP,WE,Towers with Radar,319,32,9,0,360,0,0,13,0,13,319,32,22,0,373,0,0,0,373
09/04/2021,SMF,CA,AWP,WE,Towers with Radar,230,21,3,0,254,0,0,5,0,5,230,21,8,0,259,0,0,0,259
09/05/2021,SMF,CA,AWP,WE,Towers with Radar,273,15,1,0,289,0,1,5,0,6,273,16,6,0,295,0,0,0,295
09/06/2021,SMF,CA,AWP,WE,Towers with Radar,300,11,6,0,317,0,0,10,0,10,300,11,16,0,327,12,0,12,339
09/07/2021,SMF,CA,AWP,WE,Towers with Radar,277,27,10,7,321,0,1,13,2,16,277,28,23,9,337,18,10,28,365
09/08/2021,SMF,CA,AWP,WE,Towers with Radar,286,33,4,7,330,0,0,1,1,2,286,33,5,8,332,0,6,6,338
09/09/2021,SMF,CA,AWP,WE,Towers with Radar,301,36,10,4,351,0,3,8,3,14,301,39,18,7,365,0,0,0,365
09/10/2021,SMF,CA,AWP,WE,Towers with Radar,318,36,8,4,366,0,0,4,5,9,318,36,12,9,375,0,0,0,375
09/11/2021,SMF,CA,AWP,WE,Towers with Radar,252,22,9,3,286,0,0,12,1,13,252,22,21,4,299,42,8,50,349
09/12/2021,SMF,CA,AWP,WE,Towers with Radar,293,19,7,2,321,0,4,5,0,9,293,23,12,2,330,0,0,0,330
09/13/2021,SMF,CA,AWP,WE,Towers with Radar,292,33,9,2,336,0,0,15,0,15,292,33,24,2,351,2,2,4,355
09/14/2021,SMF,CA,AWP,WE,Towers with Radar,286,38,12,3,339,0,2,18,5,25,286,40,30,8,364,10,32,42,406
09/15/2021,SMF,CA,AWP,WE,Towers with Radar,288,41,5,0,334,0,1,9,0,10,288,42,14,0,344,0,0,0,344
09/16/2021,SMF,CA,AWP,WE,Towers with Radar,307,38,6,5,356,0,1,12,1,14,307,39,18,6,370,2,6,8,378
09/17/2021,SMF,CA,AWP,WE,Towers with Radar,306,32,5,6,349,0,0,7,3,10,306,32,12,9,359,0,4,4,363
09/18/2021,SMF,CA,AWP,WE,Towers with Radar,255,22,0,0,277,0,0,6,0,6,255,22,6,0,283,0,0,0,283
09/19/2021,SMF,CA,AWP,WE,Towers with Radar,292,20,3,0,315,0,0,12,0,12,292,20,15,0,327,18,0,18,345
09/20/2021,SMF,CA,AWP,WE,Towers with Radar,292,28,9,7,336,0,0,15,6,21,292,28,24,13,357,8,18,26,383
09/21/2021,SMF,CA,AWP,WE,Towers with Radar,288,31,6,5,330,0,0,16,3,19,288,31,22,8,349,12,60,72,421
09/22/2021,SMF,CA,AWP,WE,Towers with Radar,285,28,6,0,319,0,2,12,0,14,285,30,18,0,333,0,0,0,333
09/23/2021,SMF,CA,AWP,WE,Towers with Radar,300,33,16,1,350,0,0,19,1,20,300,33,35,2,370,18,0,18,388
09/24/2021,SMF,CA,AWP,WE,Towers with Radar,309,38,10,0,357,0,2,16,0,18,309,40,26,0,375,0,0,0,375
09/25/2021,SMF,CA,AWP,WE,Towers with Radar,252,23,8,0,283,0,0,14,0,14,252,23,22,0,297,8,0,8,305
09/26/2021,SMF,CA,AWP,WE,Towers with Radar,296,19,11,0,326,0,0,5,0,5,296,19,16,0,331,0,0,0,331
09/27/2021,SMF,CA,AWP,WE,Towers with Radar,292,30,7,2,331,0,0,14,1,15,292,30,21,3,346,4,0,4,350
09/28/2021,SMF,CA,AWP,WE,Towers with Radar,281,37,10,2,330,0,0,26,1,27,281,37,36,3,357,0,0,0,357
09/29/2021,SMF,CA,AWP,WE,Towers with Radar,283,32,11,4,330,0,0,19,2,21,283,32,30,6,351,10,16,26,377
09/30/2021,SMF,CA,AWP,WE,Towers with Radar,304,33,6,4,347,0,0,12,2,14,304,33,18,6,361,2,4,6,367
10/01/2021,SMF,CA,AWP,WE,Towers with Radar,305,35,7,1,348,0,1,14,1,16,305,36,21,2,364,0,14,14,378
10/02/2021,SMF,CA,AWP,WE,Towers with Radar,254,23,2,0,279,0,0,7,0,7,254,23,9,0,286,2,0,2,288
10/03/2021,SMF,CA,AWP,WE,Towers with Radar,303,15,4,0,322,0,0,4,0,4,303,15,8,0,326,0,0,0,326
10/04/2021,SMF,CA,AWP,WE,Towers with Radar,300,28,2,2,332,0,0,12,1,13,300,28,14,3,345,4,2,6,351
10/05/2021,SMF,CA,AWP,WE,Towers with Radar,289,29,8,1,327,0,2,9,2,13,289,31,17,3,340,2,14,16,356
10/06/2021,SMF,CA,AWP,WE,Towers with Radar,288,30,5,3,326,0,1,3,0,4,288,31,8,3,330,0,0,0,330
10/07/2021,SMF,CA,AWP,WE,Towers with Radar,306,36,7,2,351,0,0,19,0,19,306,36,26,2,370,0,0,0,370
10/08/2021,SMF,CA,AWP,WE,Towers with Radar,306,32,7,5,350,0,0,5,1,6,306,32,12,6,356,0,14,14,370
10/09/2021,SMF,CA,AWP,WE,Towers with Radar,227,22,5,0,254,0,0,6,0,6,227,22,11,0,260,0,0,0,260
10/10/2021,SMF,CA,AWP,WE,Towers with Radar,260,22,5,0,287,0,0,7,0,7,260,22,12,0,294,4,0,4,298
10/11/2021,SMF,CA,AWP,WE,Towers with Radar,281,34,5,0,320,0,1,6,0,7,281,35,11,0,327,0,0,0,327
10/12/2021,SMF,CA,AWP,WE,Towers with Radar,289,39,14,13,355,0,0,15,6,21,289,39,29,19,376,2,22,24,400
10/13/2021,SMF,CA,AWP,WE,Towers with Radar,286,44,10,2,342,0,0,8,1,9,286,44,18,3,351,0,0,0,351
10/14/2021,SMF,CA,AWP,WE,Towers with Radar,305,31,5,0,341,0,2,12,2,16,305,33,17,2,357,0,0,0,357
10/15/2021,SMF,CA,AWP,WE,Towers with Radar,321,39,8,2,370,0,0,15,0,15,321,39,23,2,385,0,0,0,385
10/16/2021,SMF,CA,AWP,WE,Towers with Radar,260,22,5,0,287,0,0,9,0,9,260,22,14,0,296,0,0,0,296
10/17/2021,SMF,CA,AWP,WE,Towers with Radar,297,22,6,0,325,0,0,5,0,5,297,22,11,0,330,0,0,0,330
10/18/2021,SMF,CA,AWP,WE,Towers with Radar,304,40,11,5,360,0,0,6,1,7,304,40,17,6,367,0,20,20,387
10/19/2021,SMF,CA,AWP,WE,Towers with Radar,287,34,9,5,335,0,0,10,1,11,287,34,19,6,346,10,10,20,366
10/20/2021,SMF,CA,AWP,WE,Towers with Radar,285,39,5,4,333,0,0,12,0,12,285,39,17,4,345,0,6,6,351
10/21/2021,SMF,CA,AWP,WE,Towers with Radar,294,27,7,0,328,0,0,3,0,3,294,27,10,0,331,0,0,0,331
10/22/2021,SMF,CA,AWP,WE,Towers with Radar,294,33,17,5,349,0,2,7,1,10,294,35,24,6,359,0,0,0,359
10/23/2021,SMF,CA,AWP,WE,Towers with Radar,254,38,8,0,300,0,0,6,0,6,254,38,14,0,306,0,0,0,306
10/24/2021,SMF,CA,AWP,WE,Towers with Radar,283,30,12,0,325,0,0,0,0,0,283,30,12,0,325,0,0,0,325
10/25/2021,SMF,CA,AWP,WE,Towers with Radar,295,36,11,5,347,0,0,7,1,8,295,36,18,6,355,0,0,0,355
10/26/2021,SMF,CA,AWP,WE,Towers with Radar,292,39,8,10,349,0,0,6,6,12,292,39,14,16,361,0,24,24,385
10/27/2021,SMF,CA,AWP,WE,Towers with Radar,287,36,5,2,330,0,0,8,4,12,287,36,13,6,342,0,22,22,364
10/28/2021,SMF,CA,AWP,WE,Towers with Radar,308,32,7,26,373,0,1,8,2,11,308,33,15,28,384,0,14,14,398
10/29/2021,SMF,CA,AWP,WE,Towers with Radar,319,36,11,1,367,0,0,7,0,7,319,36,18,1,374,18,0,18,392
10/30/2021,SMF,CA,AWP,WE,Towers with Radar,247,24,9,0,280,0,0,12,0,12,247,24,21,0,292,12,0,12,304
10/31/2021,SMF,CA,AWP,WE,Towers with Radar,258,17,7,0,282,0,2,11,0,13,258,19,18,0,295,8,0,8,303
11/01/2021,SMF,CA,AWP,WE,Towers with Radar,290,28,18,0,336,0,0,2,0,2,290,28,20,0,338,0,0,0,338
11/02/2021,SMF,CA,AWP,WE,Towers with Radar,276,36,16,0,328,0,0,5,0,5,276,36,21,0,333,0,0,0,333
11/03/2021,SMF,CA,AWP,WE,Towers with Radar,284,42,13,4,343,0,0,16,1,17,284,42,29,5,360,26,12,38,398
11/04/2021,SMF,CA,AWP,WE,Towers with Radar,315,28,8,1,352,0,0,13,1,14,315,28,21,2,366,0,0,0,366
11/05/2021,SMF,CA,AWP,WE,Towers with Radar,307,30,17,0,354,0,0,16,0,16,307,30,33,0,370,0,0,0,370
11/06/2021,SMF,CA,AWP,WE,Towers with Radar,252,20,12,0,284,0,0,3,0,3,252,20,15,0,287,0,0,0,287
11/07/2021,SMF,CA,AWP,WE,Towers with Radar,277,13,15,0,305,0,0,5,0,5,277,13,20,0,310,0,0,0,310
11/08/2021,SMF,CA,AWP,WE,Towers with Radar,279,29,10,2,320,0,0,9,4,13,279,29,19,6,333,0,26,26,359
11/09/2021,SMF,CA,AWP,WE,Towers with Radar,259,34,6,6,305,0,0,0,1,1,259,34,6,7,306,0,0,0,306
11/10/2021,SMF,CA,AWP,WE,Towers with Radar,263,35,18,0,316,0,0,8,0,8,263,35,26,0,324,20,0,20,344
11/11/2021,SMF,CA,AWP,WE,Towers with Radar,289,31,4,0,324,0,1,18,0,19,289,32,22,0,343,0,0,0,343
11/12/2021,SMF,CA,AWP,WE,Towers with Radar,291,20,16,0,327,0,0,0,0,0,291,20,16,0,327,0,0,0,327
11/13/2021,SMF,CA,AWP,WE,Towers with Radar,239,17,9,0,265,0,0,0,0,0,239,17,9,0,265,0,0,0,265
11/14/2021,SMF,CA,AWP,WE,Towers with Radar,272,15,10,0,297,0,0,0,0,0,272,15,10,0,297,0,0,0,297
11/15/2021,SMF,CA,AWP,WE,Towers with Radar,282,31,15,0,328,0,0,2,0,2,282,31,17,0,330,0,0,0,330
11/16/2021,SMF,CA,AWP,WE,Towers with Radar,258,35,7,3,303,0,0,11,0,11,258,35,18,3,314,12,0,12,326
11/17/2021,SMF,CA,AWP,WE,Towers with Radar,254,29,9,0,292,0,0,4,0,4,254,29,13,0,296,0,0,0,296
11/18/2021,SMF,CA,AWP,WE,Towers with Radar,302,30,11,2,345,0,0,1,0,1,302,30,12,2,346,0,0,0,346
11/19/2021,SMF,CA,AWP,WE,Towers with Radar,290,26,21,0,337,0,0,2,0,2,290,26,23,0,339,0,0,0,339
11/20/2021,SMF,CA,AWP,WE,Towers with Radar,250,20,11,0,281,0,0,10,0,10,250,20,21,0,291,0,0,0,291
11/21/2021,SMF,CA,AWP,WE,Towers with Radar,277,23,2,0,302,0,0,7,0,7,277,23,9,0,309,0,0,0,309
11/22/2021,SMF,CA,AWP,WE,Towers with Radar,280,26,14,5,325,0,0,7,1,8,280,26,21,6,333,0,0,0,333
11/23/2021,SMF,CA,AWP,WE,Towers with Radar,285,30,5,0,320,0,0,5,0,5,285,30,10,0,325,0,16,16,341
11/24/2021,SMF,CA,AWP,WE,Towers with Radar,295,31,17,0,343,0,0,10,0,10,295,31,27,0,353,1,0,1,354
11/25/2021,SMF,CA,AWP,WE,Towers with Radar,213,10,0,0,223,0,0,4,0,4,213,10,4,0,227,0,0,0,227
11/26/2021,SMF,CA,AWP,WE,Towers with Radar,245,32,6,0,283,0,1,7,0,8,245,33,13,0,291,0,0,0,291
11/27/2021,SMF,CA,AWP,WE,Towers with Radar,255,23,2,0,280,0,0,6,0,6,255,23,8,0,286,0,0,0,286
11/28/2021,SMF,CA,AWP,WE,Towers with Radar,300,16,9,0,325,0,0,7,0,7,300,16,16,0,332,0,0,0,332
11/29/2021,SMF,CA,AWP,WE,Towers with Radar,286,23,6,0,315,0,0,6,0,6,286,23,12,0,321,0,0,0,321
11/30/2021,SMF,CA,AWP,WE,Towers with Radar,284,34,19,0,337,0,2,4,0,6,284,36,23,0,343,0,0,0,343
12/01/2021,SMF,CA,AWP,WE,Towers with Radar,258,32,21,1,312,0,0,12,1,13,258,32,33,2,325,0,0,0,325
12/02/2021,SMF,CA,AWP,WE,Towers with Radar,279,26,10,4,319,0,0,12,0,12,279,26,22,4,331,0,0,0,331
12/03/2021,SMF,CA,AWP,WE,Towers with Radar,271,34,6,0,311,0,0,5,0,5,271,34,11,0,316,4,0,4,320
12/04/2021,SMF,CA,AWP,WE,Towers with Radar,237,13,7,0,257,0,0,0,0,0,237,13,7,0,257,0,0,0,257
12/05/2021,SMF,CA,AWP,WE,Towers with Radar,281,11,6,0,298,0,0,0,0,0,281,11,6,0,298,0,0,0,298
12/06/2021,SMF,CA,AWP,WE,Towers with Radar,264,29,8,2,303,0,0,0,0,0,264,29,8,2,303,0,0,0,303
12/07/2021,SMF,CA,AWP,WE,Towers with Radar,255,33,13,8,309,0,0,1,0,1,255,33,14,8,310,0,0,0,310
12/08/2021,SMF,CA,AWP,WE,Towers with Radar,262,25,24,6,317,0,0,0,0,0,262,25,24,6,317,0,0,0,317
12/09/2021,SMF,CA,AWP,WE,Towers with Radar,281,31,12,5,329,0,0,10,0,10,281,31,22,5,339,0,0,0,339
12/10/2021,SMF,CA,AWP,WE,Towers with Radar,273,34,10,0,317,0,0,13,0,13,273,34,23,0,330,0,0,0,330
12/11/2021,SMF,CA,AWP,WE,Towers with Radar,227,23,2,0,252,0,0,8,0,8,227,23,10,0,260,0,0,0,260
12/12/2021,SMF,CA,AWP,WE,Towers with Radar,275,22,6,0,303,0,0,1,0,1,275,22,7,0,304,0,0,0,304
12/13/2021,SMF,CA,AWP,WE,Towers with Radar,265,28,10,0,303,0,0,0,0,0,265,28,10,0,303,0,0,0,303
12/14/2021,SMF,CA,AWP,WE,Towers with Radar,239,33,24,5,301,0,0,4,1,5,239,33,28,6,306,6,6,12,318
12/15/2021,SMF,CA,AWP,WE,Towers with Radar,257,27,13,0,297,0,0,2,2,4,257,27,15,2,301,0,0,0,301
12/16/2021,SMF,CA,AWP,WE,Towers with Radar,290,30,10,0,330,0,1,9,0,10,290,31,19,0,340,0,0,0,340
12/17/2021,SMF,CA,AWP,WE,Towers with Radar,281,27,8,3,319,0,0,11,0,11,281,27,19,3,330,10,0,10,340
12/18/2021,SMF,CA,AWP,WE,Towers with Radar,225,23,10,0,258,0,0,0,0,0,225,23,10,0,258,0,0,0,258
12/19/2021,SMF,CA,AWP,WE,Towers with Radar,275,18,14,0,307,0,0,2,0,2,275,18,16,0,309,0,0,0,309
12/20/2021,SMF,CA,AWP,WE,Towers with Radar,277,30,4,0,311,0,0,0,0,0,277,30,4,0,311,0,0,0,311
12/21/2021,SMF,CA,AWP,WE,Towers with Radar,275,38,6,0,319,0,0,1,0,1,275,38,7,0,320,0,0,0,320
12/22/2021,SMF,CA,AWP,WE,Towers with Radar,274,34,11,0,319,0,0,1,0,1,274,34,12,0,320,0,0,0,320
12/23/2021,SMF,CA,AWP,WE,Towers with Radar,282,33,6,0,321,0,0,1,0,1,282,33,7,0,322,0,0,0,322
12/24/2021,SMF,CA,AWP,WE,Towers with Radar,234,19,4,0,257,0,0,1,0,1,234,19,5,0,258,0,0,0,258
12/25/2021,SMF,CA,AWP,WE,Towers with Radar,190,10,0,0,200,0,0,0,0,0,190,10,0,0,200,0,0,0,200
12/26/2021,SMF,CA,AWP,WE,Towers with Radar,254,8,7,0,269,0,0,4,0,4,254,8,11,0,273,0,0,0,273
12/27/2021,SMF,CA,AWP,WE,Towers with Radar,267,29,5,17,318,0,0,1,3,4,267,29,6,20,322,0,0,0,322
12/28/2021,SMF,CA,AWP,WE,Towers with Radar,269,28,5,0,302,0,0,7,0,7,269,28,12,0,309,0,0,0,309
12/29/2021,SMF,CA,AWP,WE,Towers with Radar,271,31,14,0,316,0,0,0,0,0,271,31,14,0,316,0,0,0,316
12/30/2021,SMF,CA,AWP,WE,Towers with Radar,263,31,5,0,299,0,0,8,2,10,263,31,13,2,309,0,0,0,309
12/31/2021,SMF,CA,AWP,WE,Towers with Radar,234,15,1,0,250,0,0,5,0,5,234,15,6,0,255,42,0,42,297
01/01/2022,SMF,CA,AWP,WE,Towers with Radar,193,7,3,0,203,0,0,4,0,4,193,7,7,0,207,0,0,0,207
01/02/2022,SMF,CA,AWP,WE,Towers with Radar,253,15,5,0,273,0,0,5,0,5,253,15,10,0,278,0,0,0,278
01/03/2022,SMF,CA,AWP,WE,Towers with Radar,267,27,5,0,299,0,0,3,0,3,267,27,8,0,302,0,0,0,302
01/04/2022,SMF,CA,AWP,WE,Towers with Radar,237,25,26,0,288,0,0,2,0,2,237,25,28,0,290,0,0,0,290
01/05/2022,SMF,CA,AWP,WE,Towers with Radar,228,28,11,0,267,0,0,2,0,2,228,28,13,0,269,0,0,0,269
01/06/2022,SMF,CA,AWP,WE,Towers with Radar,232,27,5,0,264,0,0,0,0,0,232,27,5,0,264,0,0,0,264
01/07/2022,SMF,CA,AWP,WE,Towers with Radar,229,25,7,1,262,0,0,1,1,2,229,25,8,2,264,0,0,0,264
01/08/2022,SMF,CA,AWP,WE,Towers with Radar,206,15,6,0,227,0,0,4,0,4,206,15,10,0,231,0,0,0,231
01/09/2022,SMF,CA,AWP,WE,Towers with Radar,240,9,2,0,251,0,0,4,0,4,240,9,6,0,255,0,0,0,255
01/10/2022,SMF,CA,AWP,WE,Towers with Radar,232,23,6,1,262,0,1,8,5,14,232,24,14,6,276,0,0,0,276
01/11/2022,SMF,CA,AWP,WE,Towers with Radar,236,27,10,0,273,0,0,13,0,13,236,27,23,0,286,0,0,0,286
01/12/2022,SMF,CA,AWP,WE,Towers with Radar,239,25,14,5,283,0,0,18,0,18,239,25,32,5,301,46,0,46,347
01/13/2022,SMF,CA,AWP,WE,Towers with Radar,248,21,7,3,279,0,0,7,3,10,248,21,14,6,289,50,8,58,347
01/14/2022,SMF,CA,AWP,WE,Towers with Radar,262,29,22,1,314,0,0,16,1,17,262,29,38,2,331,6,0,6,337
01/15/2022,SMF,CA,AWP,WE,Towers with Radar,219,20,7,0,246,0,1,3,0,4,219,21,10,0,250,0,0,0,250
01/16/2022,SMF,CA,AWP,WE,Towers with Radar,245,18,5,0,268,0,1,5,0,6,245,19,10,0,274,4,0,4,278
01/17/2022,SMF,CA,AWP,WE,Towers with Radar,266,26,6,0,298,0,0,2,0,2,266,26,8,0,300,2,0,2,302
01/18/2022,SMF,CA,AWP,WE,Towers with Radar,240,26,5,0,271,0,0,14,0,14,240,26,19,0,285,22,0,22,307
01/19/2022,SMF,CA,AWP,WE,Towers with Radar,230,26,8,0,264,0,0,11,0,11,230,26,19,0,275,0,0,0,275
01/20/2022,SMF,CA,AWP,WE,Towers with Radar,283,29,10,6,328,0,1,9,2,12,283,30,19,8,340,10,20,30,370
01/21/2022,SMF,CA,AWP,WE,Towers with Radar,280,25,11,4,320,0,0,6,8,14,280,25,17,12,334,0,36,36,370
01/22/2022,SMF,CA,AWP,WE,Towers with Radar,223,15,4,0,242,0,0,5,0,5,223,15,9,0,247,0,0,0,247
01/23/2022,SMF,CA,AWP,WE,Towers with Radar,275,12,9,1,297,0,0,4,2,6,275,12,13,3,303,0,8,8,311
01/24/2022,SMF,CA,AWP,WE,Towers with Radar,267,24,14,6,311,0,0,9,0,9,267,24,23,6,320,0,0,0,320
01/25/2022,SMF,CA,AWP,WE,Towers with Radar,244,30,8,11,293,0,0,13,4,17,244,30,21,15,310,12,12,24,334
01/26/2022,SMF,CA,AWP,WE,Towers with Radar,246,23,11,4,284,0,1,11,2,14,246,24,22,6,298,28,20,48,346
01/27/2022,SMF,CA,AWP,WE,Towers with Radar,272,26,6,0,304,0,1,9,0,10,272,27,15,0,314,0,0,0,314
01/28/2022,SMF,CA,AWP,WE,Towers with Radar,276,28,3,3,310,0,0,16,1,17,276,28,19,4,327,0,20,20,347
01/29/2022,SMF,CA,AWP,WE,Towers with Radar,223,14,5,0,242,0,0,15,0,15,223,14,20,0,257,38,0,38,295
01/30/2022,SMF,CA,AWP,WE,Towers with Radar,269,11,1,0,281,0,0,23,0,23,269,11,24,0,304,12,0,12,316
01/31/2022,SMF,CA,AWP,WE,Towers with Radar,273,23,13,0,309,0,0,12,2,14,273,23,25,2,323,6,14,20,343
02/01/2022,SMF,CA,AWP,WE,Towers with Radar,247,27,11,1,286,0,0,3,1,4,247,27,14,2,290,0,6,6,296
02/02/2022,SMF,CA,AWP,WE,Towers with Radar,247,28,4,7,286,0,0,11,18,29,247,28,15,25,315,6,56,62,377
02/03/2022,SMF,CA,AWP,WE,Towers with Radar,259,29,7,2,297,0,0,9,2,11,259,29,16,4,308,18,16,34,342
02/04/2022,SMF,CA,AWP,WE,Towers with Radar,261,27,6,1,295,0,0,18,3,21,261,27,24,4,316,38,10,48,364
02/05/2022,SMF,CA,AWP,WE,Towers with Radar,211,15,1,0,227,0,0,7,0,7,211,15,8,0,234,22,0,22,256
02/06/2022,SMF,CA,AWP,WE,Towers with Radar,262,15,2,0,279,0,0,8,0,8,262,15,10,0,287,0,0,0,287
02/07/2022,SMF,CA,AWP,WE,Towers with Radar,262,23,4,0,289,0,0,7,0,7,262,23,11,0,296,0,0,0,296
02/08/2022,SMF,CA,AWP,WE,Towers with Radar,247,34,6,0,287,0,0,10,0,10,247,34,16,0,297,12,4,16,313
02/09/2022,SMF,CA,AWP,WE,Towers with Radar,246,30,9,2,287,0,0,6,0,6,246,30,15,2,293,0,0,0,293
02/10/2022,SMF,CA,AWP,WE,Towers with Radar,273,25,9,2,309,0,1,6,0,7,273,26,15,2,316,0,0,0,316
02/11/2022,SMF,CA,AWP,WE,Towers with Radar,284,22,8,0,314,0,0,10,0,10,284,22,18,0,324,0,0,0,324
02/12/2022,SMF,CA,AWP,WE,Towers with Radar,228,17,0,0,245,0,0,10,0,10,228,17,10,0,255,4,0,4,259
02/13/2022,SMF,CA,AWP,WE,Towers with Radar,263,11,3,0,277,0,0,7,0,7,263,11,10,0,284,0,0,0,284
02/14/2022,SMF,CA,AWP,WE,Towers with Radar,272,23,8,4,307,0,0,7,0,7,272,23,15,4,314,0,0,0,314
02/15/2022,SMF,CA,AWP,WE,Towers with Radar,250,25,8,4,287,0,0,2,4,6,250,25,10,8,293,0,22,22,315
02/16/2022,SMF,CA,AWP,WE,Towers with Radar,254,22,11,6,293,0,0,15,3,18,254,22,26,9,311,28,8,36,347
02/17/2022,SMF,CA,AWP,WE,Towers with Radar,287,23,15,10,335,0,1,11,2,14,287,24,26,12,349,14,16,30,379
02/18/2022,SMF,CA,AWP,WE,Towers with Radar,290,21,6,14,331,0,2,23,0,25,290,23,29,14,356,0,0,0,356
02/19/2022,SMF,CA,AWP,WE,Towers with Radar,223,12,1,0,236,0,0,4,0,4,223,12,5,0,240,0,0,0,240
02/20/2022,SMF,CA,AWP,WE,Towers with Radar,266,7,7,0,280,0,2,4,0,6,266,9,11,0,286,4,0,4,290
02/21/2022,SMF,CA,AWP,WE,Towers with Radar,276,20,5,0,301,0,0,17,0,17,276,20,22,0,318,8,0,8,326
02/22/2022,SMF,CA,AWP,WE,Towers with Radar,255,27,9,5,296,0,0,8,4,12,255,27,17,9,308,0,26,26,334
02/23/2022,SMF,CA,AWP,WE,Towers with Radar,261,22,15,9,307,0,0,16,4,20,261,22,31,13,327,20,28,48,375
02/24/2022,SMF,CA,AWP,WE,Towers with Radar,279,24,12,4,319,0,4,10,8,22,279,28,22,12,341,2,58,60,401
02/25/2022,SMF,CA,AWP,WE,Towers with Radar,284,24,4,0,312,0,2,12,0,14,284,26,16,0,326,24,0,24,350
02/26/2022,SMF,CA,AWP,WE,Towers with Radar,228,12,4,0,244,0,1,0,0,1,228,13,4,0,245,4,0,4,249
02/27/2022,SMF,CA,AWP,WE,Towers with Radar,281,8,7,0,296,0,0,9,0,9,281,8,16,0,305,6,0,6,311
02/28/2022,SMF,CA,AWP,WE,Towers with Radar,275,22,9,6,312,0,0,14,0,14,275,22,23,6,326,26,2,28,354
03/01/2022,SMF,CA,AWP,WE,Towers with Radar,254,23,13,0,290,0,0,8,4,12,254,23,21,4,302,0,2,2,304
03/02/2022,SMF,CA,AWP,WE,Towers with Radar,261,20,7,5,293,0,0,7,3,10,261,20,14,8,303,4,8,12,315
03/03/2022,SMF,CA,AWP,WE,Towers with Radar,282,25,9,0,316,0,0,8,0,8,282,25,17,0,324,16,0,16,340
03/04/2022,SMF,CA,AWP,WE,Towers with Radar,268,30,11,2,311,0,2,8,0,10,268,32,19,2,321,0,2,2,323
03/05/2022,SMF,CA,AWP,WE,Towers with Radar,216,11,7,0,234,0,0,4,0,4,216,11,11,0,238,16,0,16,254
03/06/2022,SMF,CA,AWP,WE,Towers with Radar,265,7,8,0,280,0,0,7,0,7,265,7,15,0,287,4,0,4,291
03/07/2022,SMF,CA,AWP,WE,Towers with Radar,272,23,8,0,303,0,0,14,4,18,272,23,22,4,321,0,14,14,335
03/08/2022,SMF,CA,AWP,WE,Towers with Radar,249,21,13,1,284,0,0,8,1,9,249,21,21,2,293,24,0,24,317
03/09/2022,SMF,CA,AWP,WE,Towers with Radar,248,22,6,3,279,0,0,7,3,10,248,22,13,6,289,2,24,26,315
03/10/2022,SMF,CA,AWP,WE,Towers with Radar,286,24,6,4,320,0,0,4,1,5,286,24,10,5,325,0,16,16,341
03/11/2022,SMF,CA,AWP,WE,Towers with Radar,288,21,6,7,322,0,0,7,2,9,288,21,13,9,331,0,8,8,339
03/12/2022,SMF,CA,AWP,WE,Towers with Radar,225,13,3,0,241,0,0,6,0,6,225,13,9,0,247,0,0,0,247
03/13/2022,SMF,CA,AWP,WE,Towers with Radar,265,8,2,1,276,0,0,7,1,8,265,8,9,2,284,24,4,28,312
03/14/2022,SMF,CA,AWP,WE,Towers with Radar,284,23,12,0,319,0,0,7,2,9,284,23,19,2,328,16,0,16,344
03/15/2022,SMF,CA,AWP,WE,Towers with Radar,281,22,14,7,324,0,0,2,1,3,281,22,16,8,327,0,10,10,337
03/16/2022,SMF,CA,AWP,WE,Towers with Radar,282,25,19,1,327,0,0,13,3,16,282,25,32,4,343,14,20,34,377
03/17/2022,SMF,CA,AWP,WE,Towers with Radar,297,22,13,0,332,0,0,15,0,15,297,22,28,0,347,0,0,0,347
03/18/2022,SMF,CA,AWP,WE,Towers with Radar,290,25,8,4,327,0,1,10,0,11,290,26,18,4,338,0,0,0,338
03/19/2022,SMF,CA,AWP,WE,Towers with Radar,221,14,6,0,241,0,0,3,0,3,221,14,9,0,244,0,0,0,244
03/20/2022,SMF,CA,AWP,WE,Towers with Radar,288,8,4,2,302,0,1,9,0,10,288,9,13,2,312,0,0,0,312
03/21/2022,SMF,CA,AWP,WE,Towers with Radar,284,21,7,2,314,0,0,8,1,9,284,21,15,3,323,0,2,2,325
03/22/2022,SMF,CA,AWP,WE,Towers with Radar,297,32,6,4,339,0,1,14,0,15,297,33,20,4,354,0,0,0,354
03/23/2022,SMF,CA,AWP,WE,Towers with Radar,281,23,3,1,308,0,2,6,1,9,281,25,9,2,317,0,0,0,317
03/24/2022,SMF,CA,AWP,WE,Towers with Radar,300,19,6,0,325,0,1,24,0,25,300,20,30,0,350,0,0,0,350
03/25/2022,SMF,CA,AWP,WE,Towers with Radar,288,22,12,1,323,0,0,14,3,17,288,22,26,4,340,0,6,6,346
03/26/2022,SMF,CA,AWP,WE,Towers with Radar,229,11,4,0,244,0,0,4,0,4,229,11,8,0,248,2,0,2,250
03/27/2022,SMF,CA,AWP,WE,Towers with Radar,282,10,9,0,301,0,2,7,0,9,282,12,16,0,310,8,0,8,318
03/28/2022,SMF,CA,AWP,WE,Towers with Radar,284,29,9,7,329,0,0,7,5,12,284,29,16,12,341,0,32,32,373
03/29/2022,SMF,CA,AWP,WE,Towers with Radar,295,24,4,1,324,0,0,3,3,6,295,24,7,4,330,0,18,18,348
03/30/2022,SMF,CA,AWP,WE,Towers with Radar,282,26,13,3,324,0,0,9,0,9,282,26,22,3,333,0,8,8,341
03/31/2022,SMF,CA,AWP,WE,Towers with Radar,295,25,21,1,342,0,0,19,1,20,295,25,40,2,362,22,10,32,394
04/01/2022,SMF,CA,AWP,WE,Towers with Radar,291,24,7,1,323,0,1,13,1,15,291,25,20,2,338,0,0,0,338
04/02/2022,SMF,CA,AWP,WE,Towers with Radar,228,11,2,0,241,0,1,5,0,6,228,12,7,0,247,2,0,2,249
04/03/2022,SMF,CA,AWP,WE,Towers with Radar,291,6,6,0,303,0,0,10,0,10,291,6,16,0,313,24,0,24,337
04/04/2022,SMF,CA,AWP,WE,Towers with Radar,308,29,3,2,342,0,0,4,1,5,308,29,7,3,347,0,8,8,355
04/05/2022,SMF,CA,AWP,WE,Towers with Radar,310,30,10,1,351,0,0,4,1,5,310,30,14,2,356,0,0,0,356
04/06/2022,SMF,CA,AWP,WE,Towers with Radar,312,23,2,0,337,0,1,8,4,13,312,24,10,4,350,0,0,0,350
04/07/2022,SMF,CA,AWP,WE,Towers with Radar,318,28,3,1,350,0,0,18,5,23,318,28,21,6,373,12,6,18,391
04/08/2022,SMF,CA,AWP,WE,Towers with Radar,325,25,2,1,353,0,2,21,2,25,325,27,23,3,378,6,0,6,384
04/09/2022,SMF,CA,AWP,WE,Towers with Radar,246,14,6,0,266,0,1,2,0,3,246,15,8,0,269,0,0,0,269
04/10/2022,SMF,CA,AWP,WE,Towers with Radar,311,10,3,0,324,0,1,15,1,17,311,11,18,1,341,2,0,2,343
04/11/2022,SMF,CA,AWP,WE,Towers with Radar,312,23,7,2,344,0,0,1,0,1,312,23,8,2,345,0,2,2,347
04/12/2022,SMF,CA,AWP,WE,Towers with Radar,313,26,11,0,350,0,1,13,0,14,313,27,24,0,364,0,0,0,364
04/13/2022,SMF,CA,AWP,WE,Towers with Radar,307,21,5,2,335,0,0,3,0,3,307,21,8,2,338,0,0,0,338
04/14/2022,SMF,CA,AWP,WE,Towers with Radar,328,31,6,7,372,0,0,0,0,0,328,31,6,7,372,0,6,6,378
04/15/2022,SMF,CA,AWP,WE,Towers with Radar,321,26,7,2,356,0,0,16,1,17,321,26,23,3,373,38,8,46,419
04/16/2022,SMF,CA,AWP,WE,Towers with Radar,249,14,3,0,266,0,0,7,0,7,249,14,10,0,273,0,0,0,273
04/17/2022,SMF,CA,AWP,WE,Towers with Radar,307,6,4,0,317,0,0,4,0,4,307,6,8,0,321,22,0,22,343
04/18/2022,SMF,CA,AWP,WE,Towers with Radar,308,28,5,1,342,0,0,5,1,6,308,28,10,2,348,0,12,12,360
04/19/2022,SMF,CA,AWP,WE,Towers with Radar,316,27,10,0,353,0,0,10,0,10,316,27,20,0,363,16,0,16,379
04/20/2022,SMF,CA,AWP,WE,Towers with Radar,315,26,6,8,355,0,1,7,0,8,315,27,13,8,363,4,0,4,367
04/21/2022,SMF,CA,AWP,WE,Towers with Radar,331,24,7,4,366,0,0,3,3,6,331,24,10,7,372,0,12,12,384
04/22/2022,SMF,CA,AWP,WE,Towers with Radar,311,24,11,3,349,0,0,7,1,8,311,24,18,4,357,24,14,38,395
04/23/2022,SMF,CA,AWP,WE,Towers with Radar,258,14,6,0,278,0,0,13,0,13,258,14,19,0,291,0,0,0,291
04/24/2022,SMF,CA,AWP,WE,Towers with Radar,315,10,10,0,335,0,0,10,0,10,315,10,20,0,345,0,0,0,345
04/25/2022,SMF,CA,AWP,WE,Towers with Radar,313,24,9,3,349,0,0,8,1,9,313,24,17,4,358,2,4,6,364
04/26/2022,SMF,CA,AWP,WE,Towers with Radar,311,27,15,0,353,0,1,17,0,18,311,28,32,0,371,2,0,2,373
04/27/2022,SMF,CA,AWP,WE,Towers with Radar,319,27,9,2,357,0,0,15,0,15,319,27,24,2,372,0,0,0,372
04/28/2022,SMF,CA,AWP,WE,Towers with Radar,328,27,7,8,370,0,0,12,2,14,328,27,19,10,384,12,28,40,424
04/29/2022,SMF,CA,AWP,WE,Towers with Radar,315,32,11,5,363,0,0,12,3,15,315,32,23,8,378,0,24,24,402
04/30/2022,SMF,CA,AWP,WE,Towers with Radar,248,14,2,0,264,0,0,8,0,8,248,14,10,0,272,10,0,10,282
05/01/2022,SMF,CA,AWP,WE,Towers with Radar,310,8,6,2,326,0,0,9,0,9,310,8,15,2,335,0,2,2,337
05/02/2022,SMF,CA,AWP,WE,Towers with Radar,303,26,15,1,345,0,0,19,4,23,303,26,34,5,368,36,38,74,442
05/03/2022,SMF,CA,AWP,WE,Towers with Radar,313,26,8,9,356,0,0,13,7,20,313,26,21,16,376,16,10,26,402
05/04/2022,SMF,CA,AWP,WE,Towers with Radar,311,24,10,0,345,0,1,12,0,13,311,25,22,0,358,28,0,28,386
05/05/2022,SMF,CA,AWP,WE,Towers with Radar,323,28,4,1,356,0,3,2,3,8,323,31,6,4,364,18,10,28,392
05/06/2022,SMF,CA,AWP,WE,Towers with Radar,321,22,9,2,354,0,0,10,4,14,321,22,19,6,368,16,16,32,400
05/07/2022,SMF,CA,AWP,WE,Towers with Radar,249,11,2,1,263,0,1,11,0,12,249,12,13,1,275,12,0,12,287
05/08/2022,SMF,CA,AWP,WE,Towers with Radar,316,7,0,0,323,0,0,2,0,2,316,7,2,0,325,0,0,0,325
05/09/2022,SMF,CA,AWP,WE,Towers with Radar,320,25,15,1,361,0,1,3,3,7,320,26,18,4,368,0,0,0,368
05/10/2022,SMF,CA,AWP,WE,Towers with Radar,320,25,17,0,362,0,0,3,0,3,320,25,20,0,365,0,0,0,365
05/11/2022,SMF,CA,AWP,WE,Towers with Radar,327,20,3,6,356,0,0,7,4,11,327,20,10,10,367,0,18,18,385
05/12/2022,SMF,CA,AWP,WE,Towers with Radar,335,25,10,10,380,0,0,21,5,26,335,25,31,15,406,2,46,48,454
05/13/2022,SMF,CA,AWP,WE,Towers with Radar,323,23,6,0,352,0,1,14,3,18,323,24,20,3,370,6,0,6,376
05/14/2022,SMF,CA,AWP,WE,Towers with Radar,251,12,2,0,265,0,0,11,0,11,251,12,13,0,276,14,0,14,290
05/15/2022,SMF,CA,AWP,WE,Towers with Radar,330,7,12,0,349,0,0,7,0,7,330,7,19,0,356,0,0,0,356
05/16/2022,SMF,CA,AWP,WE,Towers with Radar,321,23,6,2,352,0,0,11,2,13,321,23,17,4,365,10,16,26,391
05/17/2022,SMF,CA,AWP,WE,Towers with Radar,323,23,7,5,358,0,0,8,3,11,323,23,15,8,369,0,0,0,369
05/18/2022,SMF,CA,AWP,WE,Towers with Radar,323,24,10,0,357,0,0,7,0,7,323,24,17,0,364,0,0,0,364
05/19/2022,SMF,CA,AWP,WE,Towers with Radar,339,22,14,0,375,0,3,13,2,18,339,25,27,2,393,0,12,12,405
05/20/2022,SMF,CA,AWP,WE,Towers with Radar,323,24,9,10,366,0,0,16,8,24,323,24,25,18,390,0,28,28,418
05/21/2022,SMF,CA,AWP,WE,Towers with Radar,265,10,12,0,287,0,0,15,0,15,265,10,27,0,302,0,0,0,302
05/22/2022,SMF,CA,AWP,WE,Towers with Radar,322,8,7,0,337,0,0,10,0,10,322,8,17,0,347,10,0,10,357
05/23/2022,SMF,CA,AWP,WE,Towers with Radar,324,22,8,0,354,0,0,5,1,6,324,22,13,1,360,22,0,22,382
05/24/2022,SMF,CA,AWP,WE,Towers with Radar,322,20,10,10,362,0,0,18,1,19,322,20,28,11,381,0,0,0,381
05/25/2022,SMF,CA,AWP,WE,Towers with Radar,322,24,8,0,354,0,0,12,6,18,322,24,20,6,372,4,14,18,390
05/26/2022,SMF,CA,AWP,WE,Towers with Radar,331,23,7,0,361,0,0,14,0,14,331,23,21,0,375,10,0,10,385
05/27/2022,SMF,CA,AWP,WE,Towers with Radar,330,23,8,0,361,0,0,5,0,5,330,23,13,0,366,0,0,0,366
05/28/2022,SMF,CA,AWP,WE,Towers with Radar,259,13,2,0,274,0,0,2,0,2,259,13,4,0,276,14,0,14,290
05/29/2022,SMF,CA,AWP,WE,Towers with Radar,317,6,3,0,326,0,0,8,0,8,317,6,11,0,334,22,0,22,356
05/30/2022,SMF,CA,AWP,WE,Towers with Radar,327,4,4,0,335,0,2,5,0,7,327,6,9,0,342,0,0,0,342
05/31/2022,SMF,CA,AWP,WE,Towers with Radar,317,22,11,1,351,0,0,13,2,15,317,22,24,3,366,0,0,0,366
06/01/2022,SMF,CA,AWP,WE,Towers with Radar,319,21,9,2,351,0,0,13,2,15,319,21,22,4,366,0,6,6,372
06/02/2022,SMF,CA,AWP,WE,Towers with Radar,323,21,12,0,356,0,0,16,0,16,323,21,28,0,372,8,0,8,380
06/03/2022,SMF,CA,AWP,WE,Towers with Radar,319,23,7,5,354,0,0,16,3,19,319,23,23,8,373,2,14,16,389
06/04/2022,SMF,CA,AWP,WE,Towers with Radar,250,11,4,0,265,0,0,6,0,6,250,11,10,0,271,0,0,0,271
06/05/2022,SMF,CA,AWP,WE,Towers with Radar,340,9,3,0,352,0,0,2,0,2,340,9,5,0,354,0,0,0,354
06/06/2022,SMF,CA,AWP,WE,Towers with Radar,342,18,11,2,373,0,0,16,2,18,342,18,27,4,391,12,2,14,405
06/07/2022,SMF,CA,AWP,WE,Towers with Radar,343,25,5,2,375,0,0,4,0,4,343,25,9,2,379,0,6,6,385
06/08/2022,SMF,CA,AWP,WE,Towers with Radar,344,29,2,0,375,0,0,13,0,13,344,29,15,0,388,0,0,0,388
06/09/2022,SMF,CA,AWP,WE,Towers with Radar,336,26,6,0,368,0,0,17,0,17,336,26,23,0,385,30,0,30,415
06/10/2022,SMF,CA,AWP,WE,Towers with Radar,350,26,10,1,387,0,1,11,0,12,350,27,21,1,399,6,6,12,411
06/11/2022,SMF,CA,AWP,WE,Towers with Radar,277,14,5,0,296,0,0,17,0,17,277,14,22,0,313,2,0,2,315
06/12/2022,SMF,CA,AWP,WE,Towers with Radar,335,7,5,0,347,0,0,5,0,5,335,7,10,0,352,0,0,0,352
06/13/2022,SMF,CA,AWP,WE,Towers with Radar,340,22,12,5,379,0,0,20,5,25,340,22,32,10,404,8,24,32,436
06/14/2022,SMF,CA,AWP,WE,Towers with Radar,348,27,12,5,392,0,0,15,3,18,348,27,27,8,410,20,6,26,436
06/15/2022,SMF,CA,AWP,WE,Towers with Radar,343,26,5,2,376,0,1,22,3,26,343,27,27,5,402,0,0,0,402
06/16/2022,SMF,CA,AWP,WE,Towers with Radar,339,24,7,0,370,0,0,7,0,7,339,24,14,0,377,0,0,0,377
06/17/2022,SMF,CA,AWP,WE,Towers with Radar,350,24,7,0,381,0,0,11,0,11,350,24,18,0,392,16,0,16,408
06/18/2022,SMF,CA,AWP,WE,Towers with Radar,274,15,1,0,290,0,0,12,1,13,274,15,13,1,303,52,0,52,355
06/19/2022,SMF,CA,AWP,WE,Towers with Radar,343,10,2,0,355,0,0,10,0,10,343,10,12,0,365,16,0,16,381
06/20/2022,SMF,CA,AWP,WE,Towers with Radar,335,21,7,0,363,0,0,13,0,13,335,21,20,0,376,6,0,6,382
06/21/2022,SMF,CA,AWP,WE,Towers with Radar,347,26,8,0,381,0,0,10,0,10,347,26,18,0,391,0,0,0,391
06/22/2022,SMF,CA,AWP,WE,Towers with Radar,345,27,4,7,383,0,0,12,1,13,345,27,16,8,396,0,10,10,406
06/23/2022,SMF,CA,AWP,WE,Towers with Radar,349,23,15,0,387,0,0,17,0,17,349,23,32,0,404,0,0,0,404
06/24/2022,SMF,CA,AWP,WE,Towers with Radar,353,28,9,0,390,0,0,14,3,17,353,28,23,3,407,12,0,12,419
06/25/2022,SMF,CA,AWP,WE,Towers with Radar,267,15,3,0,285,0,0,10,0,10,267,15,13,0,295,24,0,24,319
06/26/2022,SMF,CA,AWP,WE,Towers with Radar,347,8,4,0,359,0,0,3,0,3,347,8,7,0,362,0,0,0,362
06/27/2022,SMF,CA,AWP,WE,Towers with Radar,342,25,8,2,377,0,0,7,5,12,342,25,15,7,389,0,10,10,399
06/28/2022,SMF,CA,AWP,WE,Towers with Radar,346,25,12,17,400,0,0,26,12,38,346,25,38,29,438,18,14,32,470
06/29/2022,SMF,CA,AWP,WE,Towers with Radar,335,24,7,0,366,0,0,29,4,33,335,24,36,4,399,40,12,52,451
06/30/2022,SMF,CA,AWP,WE,Towers with Radar,357,33,11,6,407,0,1,21,0,22,357,34,32,6,429,26,0,26,455
07/01/2022,SMF,CA,AWP,WE,Towers with Radar,351,28,11,0,390,0,0,13,0,13,351,28,24,0,403,18,0,18,421
07/02/2022,SMF,CA,AWP,WE,Towers with Radar,276,18,3,2,299,0,0,4,0,4,276,18,7,2,303,2,8,10,313
07/03/2022,SMF,CA,AWP,WE,Towers with Radar,318,10,5,0,333,0,1,3,2,6,318,11,8,2,339,20,0,20,359
07/04/2022,SMF,CA,AWP,WE,Towers with Radar,314,11,1,1,327,0,0,7,1,8,314,11,8,2,335,4,22,26,361
07/05/2022,SMF,CA,AWP,WE,Towers with Radar,337,23,6,1,367,0,0,13,2,15,337,23,19,3,382,0,0,0,382
07/06/2022,SMF,CA,AWP,WE,Towers with Radar,339,25,3,2,369,0,0,11,0,11,339,25,14,2,380,24,0,24,404
07/07/2022,SMF,CA,AWP,WE,Towers with Radar,353,23,5,0,381,0,0,17,1,18,353,23,22,1,399,22,2,24,423
07/08/2022,SMF,CA,AWP,WE,Towers with Radar,344,27,5,7,383,0,0,13,1,14,344,27,18,8,397,22,8,30,427
07/09/2022,SMF,CA,AWP,WE,Towers with Radar,276,17,6,0,299,0,1,10,0,11,276,18,16,0,310,8,0,8,318
07/10/2022,SMF,CA,AWP,WE,Towers with Radar,340,17,6,0,363,0,0,8,0,8,340,17,14,0,371,20,0,20,391
07/11/2022,SMF,CA,AWP,WE,Towers with Radar,353,19,9,1,382,0,1,14,2,17,353,20,23,3,399,10,18,28,427
07/12/2022,SMF,CA,AWP,WE,Towers with Radar,346,29,9,0,384,0,3,13,0,16,346,32,22,0,400,0,0,0,400
07/13/2022,SMF,CA,AWP,WE,Towers with Radar,338,25,8,0,371,0,0,8,0,8,338,25,16,0,379,0,0,0,379
07/14/2022,SMF,CA,AWP,WE,Towers with Radar,347,26,8,1,382,0,0,11,2,13,347,26,19,3,395,0,0,0,395
07/15/2022,SMF,CA,AWP,WE,Towers with Radar,360,28,9,0,397,0,0,14,2,16,360,28,23,2,413,6,6,12,425
07/16/2022,SMF,CA,AWP,WE,Towers with Radar,266,13,0,0,279,0,1,10,0,11,266,14,10,0,290,10,0,10,300
07/17/2022,SMF,CA,AWP,WE,Towers with Radar,337,10,0,0,347,0,0,7,0,7,337,10,7,0,354,0,0,0,354
07/18/2022,SMF,CA,AWP,WE,Towers with Radar,350,23,5,2,380,0,1,9,1,11,350,24,14,3,391,2,12,14,405
07/19/2022,SMF,CA,AWP,WE,Towers with Radar,349,27,6,0,382,0,0,17,1,18,349,27,23,1,400,14,0,14,414
07/20/2022,SMF,CA,AWP,WE,Towers with Radar,334,27,6,0,367,0,2,12,0,14,334,29,18,0,381,0,0,0,381
07/21/2022,SMF,CA,AWP,WE,Towers with Radar,362,28,18,5,413,0,1,19,6,26,362,29,37,11,439,24,40,64,503
07/22/2022,SMF,CA,AWP,WE,Towers with Radar,351,28,3,0,382,0,2,26,2,30,351,30,29,2,412,22,6,28,440
07/23/2022,SMF,CA,AWP,WE,Towers with Radar,266,19,5,0,290,0,0,13,0,13,266,19,18,0,303,14,0,14,317
07/24/2022,SMF,CA,AWP,WE,Towers with Radar,331,10,4,0,345,0,0,8,1,9,331,10,12,1,354,16,4,20,374
07/25/2022,SMF,CA,AWP,WE,Towers with Radar,340,19,10,4,373,0,0,22,1,23,340,19,32,5,396,18,0,18,414
07/26/2022,SMF,CA,AWP,WE,Towers with Radar,332,27,8,10,377,0,0,30,2,32,332,27,38,12,409,0,16,16,425
07/27/2022,SMF,CA,AWP,WE,Towers with Radar,342,28,10,4,384,0,0,43,0,43,342,28,53,4,427,0,0,0,427
07/28/2022,SMF,CA,AWP,WE,Towers with Radar,355,28,2,0,385,0,2,14,0,16,355,30,16,0,401,0,0,0,401
07/29/2022,SMF,CA,AWP,WE,Towers with Radar,349,25,9,0,383,0,0,9,0,9,349,25,18,0,392,14,0,14,406
07/30/2022,SMF,CA,AWP,WE,Towers with Radar,278,13,2,0,293,0,1,8,0,9,278,14,10,0,302,10,0,10,312
07/31/2022,SMF,CA,AWP,WE,Towers with Radar,327,13,6,0,346,0,1,11,0,12,327,14,17,0,358,12,0,12,370
08/01/2022,SMF,CA,AWP,WE,Towers with Radar,337,26,8,0,371,0,0,22,0,22,337,26,30,0,393,12,0,12,405
08/02/2022,SMF,CA,AWP,WE,Towers with Radar,346,25,9,0,380,0,0,18,2,20,346,25,27,2,400,14,0,14,414
08/03/2022,SMF,CA,AWP,WE,Towers with Radar,336,28,10,0,374,0,0,15,0,15,336,28,25,0,389,12,0,12,401
08/04/2022,SMF,CA,AWP,WE,Towers with Radar,324,29,2,0,355,0,3,11,0,14,324,32,13,0,369,16,0,16,385
08/05/2022,SMF,CA,AWP,WE,Towers with Radar,338,26,6,0,370,0,0,9,0,9,338,26,15,0,379,10,0,10,389
08/06/2022,SMF,CA,AWP,WE,Towers with Radar,265,15,0,0,280,0,0,13,0,13,265,15,13,0,293,2,0,2,295
08/07/2022,SMF,CA,AWP,WE,Towers with Radar,336,10,4,0,350,0,0,9,0,9,336,10,13,0,359,0,0,0,359
08/08/2022,SMF,CA,AWP,WE,Towers with Radar,344,24,5,5,378,0,2,13,1,16,344,26,18,6,394,6,8,14,408
08/09/2022,SMF,CA,AWP,WE,Towers with Radar,334,27,6,0,367,0,0,13,2,15,334,27,19,2,382,4,0,4,386
08/10/2022,SMF,CA,AWP,WE,Towers with Radar,331,23,5,0,359,0,0,23,2,25,331,23,28,2,384,22,8,30,414
08/11/2022,SMF,CA,AWP,WE,Towers with Radar,341,20,4,8,373,0,2,15,6,23,341,22,19,14,396,14,32,46,442
08/12/2022,SMF,CA,AWP,WE,Towers with Radar,349,25,3,2,379,0,0,29,0,29,349,25,32,2,408,70,0,70,478
08/13/2022,SMF,CA,AWP,WE,Towers with Radar,267,17,3,0,287,0,2,9,0,11,267,19,12,0,298,22,0,22,320
08/14/2022,SMF,CA,AWP,WE,Towers with Radar,332,10,2,0,344,0,0,12,0,12,332,10,14,0,356,24,0,24,380
08/15/2022,SMF,CA,AWP,WE,Towers with Radar,339,21,4,0,364,0,0,11,2,13,339,21,15,2,377,18,0,18,395
08/16/2022,SMF,CA,AWP,WE,Towers with Radar,347,24,10,2,383,0,0,11,3,14,347,24,21,5,397,0,0,0,397
08/17/2022,SMF,CA,AWP,WE,Towers with Radar,335,25,4,0,364,0,2,15,2,19,335,27,19,2,383,32,4,36,419
08/18/2022,SMF,CA,AWP,WE,Towers with Radar,349,25,12,0,386,0,3,18,0,21,349,28,30,0,407,26,0,26,433
08/19/2022,SMF,CA,AWP,WE,Towers with Radar,350,22,9,2,383,0,0,17,2,19,350,22,26,4,402,24,8,32,434
08/20/2022,SMF,CA,AWP,WE,Towers with Radar,260,13,3,0,276,0,0,3,0,3,260,13,6,0,279,12,0,12,291
08/21/2022,SMF,CA,AWP,WE,Towers with Radar,331,10,3,0,344,0,1,11,0,12,331,11,14,0,356,2,0,2,358
08/22/2022,SMF,CA,AWP,WE,Towers with Radar,337,28,9,13,387,0,0,14,5,19,337,28,23,18,406,20,22,42,448
08/23/2022,SMF,CA,AWP,WE,Towers with Radar,331,23,11,7,372,0,2,14,1,17,331,25,25,8,389,0,16,16,405
08/24/2022,SMF,CA,AWP,WE,Towers with Radar,337,22,18,1,378,0,1,14,3,18,337,23,32,4,396,4,18,22,418
08/25/2022,SMF,CA,AWP,WE,Towers with Radar,350,22,8,0,380,0,3,22,2,27,350,25,30,2,407,24,10,34,441
08/26/2022,SMF,CA,AWP,WE,Towers with Radar,354,28,17,3,402,0,2,20,1,23,354,30,37,4,425,42,6,48,473
08/27/2022,SMF,CA,AWP,WE,Towers with Radar,263,12,2,0,277,0,0,12,0,12,263,12,14,0,289,0,0,0,289
08/28/2022,SMF,CA,AWP,WE,Towers with Radar,346,11,6,0,363,0,0,12,0,12,346,11,18,0,375,7,0,7,382
08/29/2022,SMF,CA,AWP,WE,Towers with Radar,333,22,8,0,363,0,0,13,2,15,333,22,21,2,378,38,8,46,424
08/30/2022,SMF,CA,AWP,WE,Towers with Radar,332,23,10,6,371,0,0,14,1,15,332,23,24,7,386,2,4,6,392
08/31/2022,SMF,CA,AWP,WE,Towers with Radar,336,20,5,1,362,0,0,13,1,14,336,20,18,2,376,16,6,22,398
09/01/2022,SMF,CA,AWP,WE,Towers with Radar,352,26,4,0,382,0,0,15,0,15,352,26,19,0,397,28,0,28,425
09/02/2022,SMF,CA,AWP,WE,Towers with Radar,351,29,7,0,387,1,1,11,0,13,352,30,18,0,400,0,0,0,400
09/03/2022,SMF,CA,AWP,WE,Towers with Radar,254,12,1,0,267,0,1,3,0,4,254,13,4,0,271,0,0,0,271
09/04/2022,SMF,CA,AWP,WE,Towers with Radar,286,8,1,0,295,0,0,9,1,10,286,8,10,1,305,10,0,10,315
09/05/2022,SMF,CA,AWP,WE,Towers with Radar,326,10,1,3,340,0,0,4,0,4,326,10,5,3,344,24,0,24,368
09/06/2022,SMF,CA,AWP,WE,Towers with Radar,328,26,5,0,359,0,1,10,0,11,328,27,15,0,370,0,0,0,370
09/07/2022,SMF,CA,AWP,WE,Towers with Radar,318,31,13,3,365,0,3,14,0,17,318,34,27,3,382,0,6,6,388
09/08/2022,SMF,CA,AWP,WE,Towers with Radar,345,28,3,6,382,0,1,6,0,7,345,29,9,6,389,0,0,0,389
09/09/2022,SMF,CA,AWP,WE,Towers with Radar,339,25,5,1,370,0,1,18,1,20,339,26,23,2,390,2,6,8,398
09/10/2022,SMF,CA,AWP,WE,Towers with Radar,260,14,3,0,277,0,2,8,2,12,260,16,11,2,289,4,0,4,293
09/11/2022,SMF,CA,AWP,WE,Towers with Radar,299,6,5,0,310,0,0,7,0,7,299,6,12,0,317,4,0,4,321
09/12/2022,SMF,CA,AWP,WE,Towers with Radar,344,22,10,0,376,0,0,5,4,9,344,22,15,4,385,0,16,16,401
09/13/2022,SMF,CA,AWP,WE,Towers with Radar,327,26,6,0,359,0,1,7,2,10,327,27,13,2,369,4,0,4,373
09/14/2022,SMF,CA,AWP,WE,Towers with Radar,326,23,14,1,364,0,0,9,5,14,326,23,23,6,378,0,14,14,392
09/15/2022,SMF,CA,AWP,WE,Towers with Radar,357,26,2,4,389,0,1,16,0,17,357,27,18,4,406,0,0,0,406
09/16/2022,SMF,CA,AWP,WE,Towers with Radar,352,24,4,0,380,0,1,17,0,18,352,25,21,0,398,44,0,44,442
09/17/2022,SMF,CA,AWP,WE,Towers with Radar,253,16,3,0,272,0,0,10,0,10,253,16,13,0,282,0,0,0,282
09/18/2022,SMF,CA,AWP,WE,Towers with Radar,299,8,6,1,314,0,0,3,0,3,299,8,9,1,317,0,0,0,317
09/19/2022,SMF,CA,AWP,WE,Towers with Radar,345,18,7,1,371,0,0,0,0,0,345,18,7,1,371,0,0,0,371
09/20/2022,SMF,CA,AWP,WE,Towers with Radar,331,26,7,1,365,0,0,6,3,9,331,26,13,4,374,0,6,6,380
09/21/2022,SMF,CA,AWP,WE,Towers with Radar,331,29,11,0,371,0,0,6,0,6,331,29,17,0,377,0,0,0,377
09/22/2022,SMF,CA,AWP,WE,Towers with Radar,353,24,17,2,396,0,1,13,0,14,353,25,30,2,410,0,0,0,410
09/23/2022,SMF,CA,AWP,WE,Towers with Radar,353,22,8,1,384,0,0,9,0,9,353,22,17,1,393,52,0,52,445
09/24/2022,SMF,CA,AWP,WE,Towers with Radar,255,17,10,0,282,0,0,12,0,12,255,17,22,0,294,0,0,0,294
09/25/2022,SMF,CA,AWP,WE,Towers with Radar,301,6,5,0,312,0,0,11,0,11,301,6,16,0,323,0,0,0,323
09/26/2022,SMF,CA,AWP,WE,Towers with Radar,345,25,5,2,377,0,0,17,0,17,345,25,22,2,394,16,0,16,410
09/27/2022,SMF,CA,AWP,WE,Towers with Radar,333,24,6,1,364,0,0,82,1,83,333,24,88,2,447,4,0,4,451
09/28/2022,SMF,CA,AWP,WE,Towers with Radar,321,22,9,5,357,0,1,14,5,20,321,23,23,10,377,16,20,36,413
09/29/2022,SMF,CA,AWP,WE,Towers with Radar,354,22,16,2,394,0,0,13,2,15,354,22,29,4,409,0,14,14,423
09/30/2022,SMF,CA,AWP,WE,Towers with Radar,349,29,12,0,390,0,2,29,0,31,349,31,41,0,421,0,0,0,421
10/01/2022,SMF,CA,AWP,WE,Towers with Radar,249,19,4,0,272,0,0,8,0,8,249,19,12,0,280,0,0,0,280
10/02/2022,SMF,CA,AWP,WE,Towers with Radar,306,13,4,0,323,0,0,7,0,7,306,13,11,0,330,4,0,4,334
10/03/2022,SMF,CA,AWP,WE,Towers with Radar,341,20,6,0,367,0,1,19,0,20,341,21,25,0,387,30,0,30,417
10/04/2022,SMF,CA,AWP,WE,Towers with Radar,327,22,5,8,362,0,0,18,4,22,327,22,23,12,384,36,14,50,434
10/05/2022,SMF,CA,AWP,WE,Towers with Radar,325,24,5,0,354,0,1,5,0,6,325,25,10,0,360,12,0,12,372
10/06/2022,SMF,CA,AWP,WE,Towers with Radar,350,22,9,0,381,0,0,13,0,13,350,22,22,0,394,0,0,0,394
10/07/2022,SMF,CA,AWP,WE,Towers with Radar,346,23,4,2,375,0,1,7,0,8,346,24,11,2,383,0,0,0,383
10/08/2022,SMF,CA,AWP,WE,Towers with Radar,250,16,6,0,272,0,0,12,0,12,250,16,18,0,284,0,0,0,284
10/09/2022,SMF,CA,AWP,WE,Towers with Radar,300,10,4,0,314,0,0,18,0,18,300,10,22,0,332,20,0,20,352
10/10/2022,SMF,CA,AWP,WE,Towers with Radar,341,22,5,0,368,0,0,15,0,15,341,22,20,0,383,0,0,0,383
10/11/2022,SMF,CA,AWP,WE,Towers with Radar,338,24,4,0,366,0,1,15,0,16,338,25,19,0,382,20,0,20,402
10/12/2022,SMF,CA,AWP,WE,Towers with Radar,332,24,3,8,367,0,0,15,9,24,332,24,18,17,391,20,18,38,429
10/13/2022,SMF,CA,AWP,WE,Towers with Radar,356,20,3,0,379,0,0,9,2,11,356,20,12,2,390,0,0,0,390
10/14/2022,SMF,CA,AWP,WE,Towers with Radar,351,24,9,1,385,0,0,10,1,11,351,24,19,2,396,0,6,6,402
10/15/2022,SMF,CA,AWP,WE,Towers with Radar,249,16,3,0,268,0,1,14,0,15,249,17,17,0,283,0,0,0,283
10/16/2022,SMF,CA,AWP,WE,Towers with Radar,299,8,5,0,312,0,0,15,0,15,299,8,20,0,327,12,0,12,339
10/17/2022,SMF,CA,AWP,WE,Towers with Radar,342,20,14,0,376,0,1,5,2,8,342,21,19,2,384,8,0,8,392
10/18/2022,SMF,CA,AWP,WE,Towers with Radar,336,23,5,0,364,0,2,21,0,23,336,25,26,0,387,30,0,30,417
10/19/2022,SMF,CA,AWP,WE,Towers with Radar,332,26,12,1,371,0,0,12,2,14,332,26,24,3,385,0,14,14,399
10/20/2022,SMF,CA,AWP,WE,Towers with Radar,348,24,11,3,386,0,2,16,2,20,348,26,27,5,406,24,4,28,434
10/21/2022,SMF,CA,AWP,WE,Towers with Radar,350,26,11,2,389,0,0,10,0,10,350,26,21,2,399,12,8,20,419
10/22/2022,SMF,CA,AWP,WE,Towers with Radar,249,15,10,0,274,0,0,14,0,14,249,15,24,0,288,0,0,0,288
10/23/2022,SMF,CA,AWP,WE,Towers with Radar,299,13,6,0,318,0,0,13,0,13,299,13,19,0,331,0,0,0,331
10/24/2022,SMF,CA,AWP,WE,Towers with Radar,341,21,4,2,368,0,0,16,2,18,341,21,20,4,386,0,18,18,404
10/25/2022,SMF,CA,AWP,WE,Towers with Radar,325,26,3,4,358,0,0,11,2,13,325,26,14,6,371,26,4,30,401
10/26/2022,SMF,CA,AWP,WE,Towers with Radar,339,27,9,0,375,0,2,9,1,12,339,29,18,1,387,8,0,8,395
10/27/2022,SMF,CA,AWP,WE,Towers with Radar,352,29,11,0,392,0,0,16,4,20,352,29,27,4,412,14,14,28,440
10/28/2022,SMF,CA,AWP,WE,Towers with Radar,346,23,3,1,373,0,2,14,1,17,346,25,17,2,390,10,6,16,406
10/29/2022,SMF,CA,AWP,WE,Towers with Radar,247,12,5,0,264,0,0,8,0,8,247,12,13,0,272,18,0,18,290
10/30/2022,SMF,CA,AWP,WE,Towers with Radar,293,9,5,0,307,0,2,8,0,10,293,11,13,0,317,0,0,0,317
10/31/2022,SMF,CA,AWP,WE,Towers with Radar,325,18,5,0,348,0,0,7,0,7,325,18,12,0,355,0,0,0,355
11/01/2022,SMF,CA,AWP,WE,Towers with Radar,338,28,5,2,373,0,0,1,0,1,338,28,6,2,374,12,0,12,386
11/02/2022,SMF,CA,AWP,WE,Towers with Radar,336,25,2,7,370,0,0,10,5,15,336,25,12,12,385,0,6,6,391
11/03/2022,SMF,CA,AWP,WE,Towers with Radar,353,26,4,2,385,0,0,9,0,9,353,26,13,2,394,14,2,16,410
11/04/2022,SMF,CA,AWP,WE,Towers with Radar,339,22,7,7,375,0,0,9,1,10,339,22,16,8,385,18,16,34,419
11/05/2022,SMF,CA,AWP,WE,Towers with Radar,250,15,8,0,273,0,0,0,0,0,250,15,8,0,273,0,0,0,273
11/06/2022,SMF,CA,AWP,WE,Towers with Radar,342,6,4,0,352,0,0,9,0,9,342,6,13,0,361,2,0,2,363
11/07/2022,SMF,CA,AWP,WE,Towers with Radar,341,19,12,0,372,0,0,5,0,5,341,19,17,0,377,2,0,2,379
11/08/2022,SMF,CA,AWP,WE,Towers with Radar,313,24,13,0,350,0,0,2,0,2,313,24,15,0,352,0,0,0,352
11/09/2022,SMF,CA,AWP,WE,Towers with Radar,332,33,9,12,386,0,0,8,2,10,332,33,17,14,396,0,26,26,422
11/10/2022,SMF,CA,AWP,WE,Towers with Radar,368,21,8,1,398,0,0,9,1,10,368,21,17,2,408,24,6,30,438
11/11/2022,SMF,CA,AWP,WE,Towers with Radar,354,20,3,0,377,0,0,2,0,2,354,20,5,0,379,0,0,0,379
11/12/2022,SMF,CA,AWP,WE,Towers with Radar,270,14,3,0,287,0,0,4,0,4,270,14,7,0,291,0,0,0,291
11/13/2022,SMF,CA,AWP,WE,Towers with Radar,349,10,5,0,364,0,0,11,0,11,349,10,16,0,375,0,0,0,375
11/14/2022,SMF,CA,AWP,WE,Towers with Radar,356,19,10,0,385,0,1,7,0,8,356,20,17,0,393,2,0,2,395
11/15/2022,SMF,CA,AWP,WE,Towers with Radar,326,21,14,2,363,0,1,25,8,34,326,22,39,10,397,18,38,56,453
11/16/2022,SMF,CA,AWP,WE,Towers with Radar,340,20,9,2,371,0,0,8,0,8,340,20,17,2,379,0,0,0,379
11/17/2022,SMF,CA,AWP,WE,Towers with Radar,355,24,11,0,390,0,2,20,0,22,355,26,31,0,412,2,0,2,414
11/18/2022,SMF,CA,AWP,WE,Towers with Radar,349,27,5,1,382,0,0,9,0,9,349,27,14,1,391,2,0,2,393
11/19/2022,SMF,CA,AWP,WE,Towers with Radar,267,10,5,0,282,0,0,3,0,3,267,10,8,0,285,0,0,0,285
11/20/2022,SMF,CA,AWP,WE,Towers with Radar,348,7,8,0,363,0,0,11,0,11,348,7,19,0,374,0,0,0,374
11/21/2022,SMF,CA,AWP,WE,Towers with Radar,349,17,2,7,375,0,0,10,1,11,349,17,12,8,386,4,0,4,390
11/22/2022,SMF,CA,AWP,WE,Towers with Radar,328,25,9,9,371,0,0,12,5,17,328,25,21,14,388,2,20,22,410
11/23/2022,SMF,CA,AWP,WE,Towers with Radar,344,25,5,1,375,0,2,31,3,36,344,27,36,4,411,0,12,12,423
11/24/2022,SMF,CA,AWP,WE,Towers with Radar,240,4,2,0,246,0,0,8,0,8,240,4,10,0,254,0,0,0,254
11/25/2022,SMF,CA,AWP,WE,Towers with Radar,317,24,4,0,345,0,2,14,0,16,317,26,18,0,361,2,0,2,363
11/26/2022,SMF,CA,AWP,WE,Towers with Radar,280,12,2,0,294,0,0,11,0,11,280,12,13,0,305,0,0,0,305
11/27/2022,SMF,CA,AWP,WE,Towers with Radar,330,7,6,0,343,0,0,18,0,18,330,7,24,0,361,14,0,14,375
11/28/2022,SMF,CA,AWP,WE,Towers with Radar,341,18,9,11,379,0,0,6,0,6,341,18,15,11,385,6,0,6,391
11/29/2022,SMF,CA,AWP,WE,Towers with Radar,340,31,11,4,386,0,0,11,4,15,340,31,22,8,401,18,20,38,439
11/30/2022,SMF,CA,AWP,WE,Towers with Radar,315,21,12,4,352,0,0,18,2,20,315,21,30,6,372,18,0,18,390
12/01/2022,SMF,CA,AWP,WE,Towers with Radar,324,25,5,8,362,0,0,2,3,5,324,25,7,11,367,34,0,34,401
12/02/2022,SMF,CA,AWP,WE,Towers with Radar,332,19,8,2,361,0,0,8,0,8,332,19,16,2,369,40,2,42,411
12/03/2022,SMF,CA,AWP,WE,Towers with Radar,253,9,9,0,271,0,0,0,0,0,253,9,9,0,271,6,0,6,277
12/04/2022,SMF,CA,AWP,WE,Towers with Radar,332,2,9,0,343,0,0,2,0,2,332,2,11,0,345,0,0,0,345
12/05/2022,SMF,CA,AWP,WE,Towers with Radar,326,17,14,12,369,0,0,5,6,11,326,17,19,18,380,18,18,36,416
12/06/2022,SMF,CA,AWP,WE,Towers with Radar,321,25,11,5,362,0,2,8,1,11,321,27,19,6,373,18,6,24,397
12/07/2022,SMF,CA,AWP,WE,Towers with Radar,327,21,8,0,356,0,2,9,0,11,327,23,17,0,367,0,0,0,367
12/08/2022,SMF,CA,AWP,WE,Towers with Radar,328,19,5,0,352,0,0,7,0,7,328,19,12,0,359,0,0,0,359
12/09/2022,SMF,CA,AWP,WE,Towers with Radar,325,19,11,0,355,0,1,1,1,3,325,20,12,1,358,2,6,8,366
12/10/2022,SMF,CA,AWP,WE,Towers with Radar,258,9,11,0,278,0,0,0,0,0,258,9,11,0,278,0,0,0,278
12/11/2022,SMF,CA,AWP,WE,Towers with Radar,328,8,6,0,342,0,0,1,0,1,328,8,7,0,343,0,0,0,343
12/12/2022,SMF,CA,AWP,WE,Towers with Radar,320,23,7,4,354,0,2,13,2,17,320,25,20,6,371,30,28,58,429
12/13/2022,SMF,CA,AWP,WE,Towers with Radar,320,21,7,2,350,0,1,10,1,12,320,22,17,3,362,0,0,0,362
12/14/2022,SMF,CA,AWP,WE,Towers with Radar,316,27,12,7,362,0,0,14,1,15,316,27,26,8,377,26,6,32,409
12/15/2022,SMF,CA,AWP,WE,Towers with Radar,329,29,7,0,365,0,0,7,0,7,329,29,14,0,372,0,0,0,372
12/16/2022,SMF,CA,AWP,WE,Towers with Radar,340,19,8,0,367,0,1,12,0,13,340,20,20,0,380,10,0,10,390
12/17/2022,SMF,CA,AWP,WE,Towers with Radar,270,12,4,0,286,0,0,4,0,4,270,12,8,0,290,0,0,0,290
12/18/2022,SMF,CA,AWP,WE,Towers with Radar,348,6,5,0,359,0,0,1,0,1,348,6,6,0,360,0,0,0,360
12/19/2022,SMF,CA,AWP,WE,Towers with Radar,345,18,7,0,370,0,0,0,0,0,345,18,7,0,370,2,0,2,372
12/20/2022,SMF,CA,AWP,WE,Towers with Radar,341,16,4,2,363,0,0,4,0,4,341,16,8,2,367,2,12,14,381
12/21/2022,SMF,CA,AWP,WE,Towers with Radar,313,22,8,0,343,0,0,0,0,0,313,22,8,0,343,0,0,0,343
12/22/2022,SMF,CA,AWP,WE,Towers with Radar,294,19,17,0,330,0,0,2,0,2,294,19,19,0,332,0,0,0,332
12/23/2022,SMF,CA,AWP,WE,Towers with Radar,236,18,15,0,269,0,0,5,0,5,236,18,20,0,274,0,0,0,274
12/24/2022,SMF,CA,AWP,WE,Towers with Radar,161,12,7,0,180,0,2,0,0,2,161,14,7,0,182,0,0,0,182
12/25/2022,SMF,CA,AWP,WE,Towers with Radar,157,3,3,0,163,0,0,0,0,0,157,3,3,0,163,0,0,0,163
12/26/2022,SMF,CA,AWP,WE,Towers with Radar,155,1,15,0,171,0,0,0,0,0,155,1,15,0,171,0,0,0,171
12/27/2022,SMF,CA,AWP,WE,Towers with Radar,174,19,11,0,204,0,0,3,0,3,174,19,14,0,207,0,0,0,207
12/28/2022,SMF,CA,AWP,WE,Towers with Radar,200,21,6,0,227,0,0,3,0,3,200,21,9,0,230,6,0,6,236
12/29/2022,SMF,CA,AWP,WE,Towers with Radar,190,24,6,4,224,0,0,6,0,6,190,24,12,4,230,0,0,0,230
12/30/2022,SMF,CA,AWP,WE,Towers with Radar,323,20,9,0,352,0,0,0,0,0,323,20,9,0,352,0,0,0,352
12/31/2022,SMF,CA,AWP,WE,Towers with Radar,232,14,1,0,247,0,0,0,0,0,232,14,1,0,247,0,0,0,247
01/01/2023,SMF,CA,AWP,WE,Towers with Radar,312,4,2,0,318,0,0,5,0,5,312,4,7,0,323,0,0,0,323
01/02/2023,SMF,CA,AWP,WE,Towers with Radar,319,3,7,0,329,0,0,4,0,4,319,3,11,0,333,0,0,0,333
01/03/2023,SMF,CA,AWP,WE,Towers with Radar,332,17,4,4,357,0,0,0,1,1,332,17,4,5,358,0,0,0,358
01/04/2023,SMF,CA,AWP,WE,Towers with Radar,317,8,14,0,339,0,0,0,0,0,317,8,14,0,339,0,0,0,339
01/05/2023,SMF,CA,AWP,WE,Towers with Radar,328,15,3,0,346,0,0,1,0,1,328,15,4,0,347,0,0,0,347
01/06/2023,SMF,CA,AWP,WE,Towers with Radar,322,16,3,0,341,0,0,3,8,11,322,16,6,8,352,0,22,22,374
01/07/2023,SMF,CA,AWP,WE,Towers with Radar,233,9,3,2,247,0,0,2,7,9,233,9,5,9,256,0,0,0,256
01/08/2023,SMF,CA,AWP,WE,Towers with Radar,283,3,6,1,293,0,0,6,0,6,283,3,12,1,299,18,0,18,317
01/09/2023,SMF,CA,AWP,WE,Towers with Radar,319,22,7,3,351,1,0,4,1,6,320,22,11,4,357,8,16,24,381
01/10/2023,SMF,CA,AWP,WE,Towers with Radar,290,21,4,2,317,0,0,1,0,1,290,21,5,2,318,0,0,0,318
01/11/2023,SMF,CA,AWP,WE,Towers with Radar,276,18,7,2,303,0,0,4,0,4,276,18,11,2,307,0,2,2,309
01/12/2023,SMF,CA,AWP,WE,Towers with Radar,330,14,15,3,362,0,0,13,3,16,330,14,28,6,378,0,0,0,378
01/13/2023,SMF,CA,AWP,WE,Towers with Radar,331,19,8,0,358,0,0,3,0,3,331,19,11,0,361,0,2,2,363
01/14/2023,SMF,CA,AWP,WE,Towers with Radar,231,10,3,0,244,0,0,0,0,0,231,10,3,0,244,0,0,0,244
01/15/2023,SMF,CA,AWP,WE,Towers with Radar,271,1,3,0,275,0,0,0,0,0,271,1,3,0,275,0,0,0,275
01/16/2023,SMF,CA,AWP,WE,Towers with Radar,327,15,3,0,345,0,0,1,0,1,327,15,4,0,346,0,0,0,346
01/17/2023,SMF,CA,AWP,WE,Towers with Radar,284,25,16,5,330,0,0,8,0,8,284,25,24,5,338,0,0,0,338
01/18/2023,SMF,CA,AWP,WE,Towers with Radar,287,17,4,4,312,0,0,5,5,10,287,17,9,9,322,2,12,14,336
01/19/2023,SMF,CA,AWP,WE,Towers with Radar,333,16,4,0,353,0,0,2,2,4,333,16,6,2,357,0,0,0,357
01/20/2023,SMF,CA,AWP,WE,Towers with Radar,329,19,17,5,370,0,0,14,1,15,329,19,31,6,385,4,10,14,399
01/21/2023,SMF,CA,AWP,WE,Towers with Radar,229,8,4,0,241,0,0,8,0,8,229,8,12,0,249,2,0,2,251
01/22/2023,SMF,CA,AWP,WE,Towers with Radar,284,1,3,0,288,0,1,2,0,3,284,2,5,0,291,0,0,0,291
01/23/2023,SMF,CA,AWP,WE,Towers with Radar,320,13,13,7,353,0,0,11,3,14,320,13,24,10,367,0,28,28,395
01/24/2023,SMF,CA,AWP,WE,Towers with Radar,295,20,12,4,331,0,0,7,0,7,295,20,19,4,338,0,0,0,338
01/25/2023,SMF,CA,AWP,WE,Towers with Radar,294,21,11,2,328,0,1,16,0,17,294,22,27,2,345,6,4,10,355
01/26/2023,SMF,CA,AWP,WE,Towers with Radar,323,19,5,4,351,0,0,15,4,19,323,19,20,8,370,24,2,26,396
01/27/2023,SMF,CA,AWP,WE,Towers with Radar,331,16,11,2,360,0,2,10,4,16,331,18,21,6,376,16,16,32,408
01/28/2023,SMF,CA,AWP,WE,Towers with Radar,230,9,1,0,240,0,0,5,0,5,230,9,6,0,245,8,0,8,253
01/29/2023,SMF,CA,AWP,WE,Towers with Radar,280,3,3,0,286,0,1,0,0,1,280,4,3,0,287,0,0,0,287
01/30/2023,SMF,CA,AWP,WE,Towers with Radar,297,13,3,6,319,0,0,1,5,6,297,13,4,11,325,0,30,30,355
01/31/2023,SMF,CA,AWP,WE,Towers with Radar,282,18,7,6,313,0,0,11,0,11,282,18,18,6,324,30,0,30,354
02/01/2023,SMF,CA,AWP,WE,Towers with Radar,284,16,4,0,304,0,1,20,0,21,284,17,24,0,325,34,0,34,359
02/02/2023,SMF,CA,AWP,WE,Towers with Radar,322,14,6,4,346,0,2,9,0,11,322,16,15,4,357,22,0,22,379
02/03/2023,SMF,CA,AWP,WE,Towers with Radar,329,16,9,2,356,0,2,3,1,6,329,18,12,3,362,4,0,4,366
02/04/2023,SMF,CA,AWP,WE,Towers with Radar,246,6,1,0,253,0,0,1,0,1,246,6,2,0,254,0,0,0,254
02/05/2023,SMF,CA,AWP,WE,Towers with Radar,288,2,5,0,295,0,0,0,0,0,288,2,5,0,295,0,0,0,295
02/06/2023,SMF,CA,AWP,WE,Towers with Radar,321,15,10,1,347,0,0,9,3,12,321,15,19,4,359,0,12,12,371
02/07/2023,SMF,CA,AWP,WE,Towers with Radar,308,17,11,2,338,0,0,11,3,14,308,17,22,5,352,6,46,52,404
02/08/2023,SMF,CA,AWP,WE,Towers with Radar,303,19,8,1,331,0,1,14,1,16,303,20,22,2,347,16,0,16,363
02/09/2023,SMF,CA,AWP,WE,Towers with Radar,329,21,7,3,360,0,0,17,0,17,329,21,24,3,377,14,10,24,401
02/10/2023,SMF,CA,AWP,WE,Towers with Radar,325,24,5,9,363,0,2,6,1,9,325,26,11,10,372,0,0,0,372
02/11/2023,SMF,CA,AWP,WE,Towers with Radar,246,7,7,0,260,0,0,10,0,10,246,7,17,0,270,24,0,24,294
02/12/2023,SMF,CA,AWP,WE,Towers with Radar,276,1,2,0,279,0,2,6,0,8,276,3,8,0,287,0,0,0,287
02/13/2023,SMF,CA,AWP,WE,Towers with Radar,314,16,9,9,348,0,0,11,0,11,314,16,20,9,359,0,12,12,371
02/14/2023,SMF,CA,AWP,WE,Towers with Radar,293,19,4,1,317,0,1,9,1,11,293,20,13,2,328,0,0,0,328
02/15/2023,SMF,CA,AWP,WE,Towers with Radar,306,21,4,4,335,0,1,14,0,15,306,22,18,4,350,8,0,8,358
02/16/2023,SMF,CA,AWP,WE,Towers with Radar,321,25,7,3,356,0,0,6,1,7,321,25,13,4,363,0,14,14,377
02/17/2023,SMF,CA,AWP,WE,Towers with Radar,326,17,7,12,362,0,0,7,2,9,326,17,14,14,371,0,40,40,411
02/18/2023,SMF,CA,AWP,WE,Towers with Radar,239,9,6,0,254,0,3,5,0,8,239,12,11,0,262,26,0,26,288
02/19/2023,SMF,CA,AWP,WE,Towers with Radar,271,1,7,0,279,0,0,10,0,10,271,1,17,0,289,14,0,14,303
02/20/2023,SMF,CA,AWP,WE,Towers with Radar,317,20,3,0,340,0,0,7,0,7,317,20,10,0,347,14,0,14,361
02/21/2023,SMF,CA,AWP,WE,Towers with Radar,306,27,11,2,346,0,0,1,0,1,306,27,12,2,347,2,0,2,349
02/22/2023,SMF,CA,AWP,WE,Towers with Radar,297,22,14,0,333,0,0,10,2,12,297,22,24,2,345,0,4,4,349
02/23/2023,SMF,CA,AWP,WE,Towers with Radar,311,20,14,6,351,0,0,3,0,3,311,20,17,6,354,2,8,10,364
02/24/2023,SMF,CA,AWP,WE,Towers with Radar,320,17,2,2,341,0,0,0,0,0,320,17,2,2,341,0,0,0,341
02/25/2023,SMF,CA,AWP,WE,Towers with Radar,237,7,6,0,250,0,0,0,0,0,237,7,6,0,250,0,0,0,250
02/26/2023,SMF,CA,AWP,WE,Towers with Radar,279,6,4,0,289,0,0,0,0,0,279,6,4,0,289,0,0,0,289
02/27/2023,SMF,CA,AWP,WE,Towers with Radar,324,13,9,1,347,0,0,1,1,2,324,13,10,2,349,0,8,8,357
02/28/2023,SMF,CA,AWP,WE,Towers with Radar,304,26,8,0,338,0,0,0,2,2,304,26,8,2,340,0,24,24,364
03/01/2023,SMF,CA,AWP,WE,Towers with Radar,297,20,9,7,333,0,0,6,7,13,297,20,15,14,346,16,18,34,380
03/02/2023,SMF,CA,AWP,WE,Towers with Radar,321,24,9,0,354,0,0,12,1,13,321,24,21,1,367,10,0,10,377
03/03/2023,SMF,CA,AWP,WE,Towers with Radar,320,18,5,8,351,1,1,15,2,19,321,19,20,10,370,30,18,48,418
03/04/2023,SMF,CA,AWP,WE,Towers with Radar,239,11,5,0,255,0,0,1,0,1,239,11,6,0,256,10,0,10,266
03/05/2023,SMF,CA,AWP,WE,Towers with Radar,278,5,7,8,298,0,0,2,0,2,278,5,9,8,300,4,0,4,304
03/06/2023,SMF,CA,AWP,WE,Towers with Radar,322,14,14,8,358,0,0,3,2,5,322,14,17,10,363,0,26,26,389
03/07/2023,SMF,CA,AWP,WE,Towers with Radar,300,16,7,1,324,0,0,10,1,11,300,16,17,2,335,0,0,0,335
03/08/2023,SMF,CA,AWP,WE,Towers with Radar,298,18,12,4,332,0,0,20,0,20,298,18,32,4,352,70,6,76,428
03/09/2023,SMF,CA,AWP,WE,Towers with Radar,329,14,15,1,359,0,0,1,0,1,329,14,16,1,360,0,0,0,360
03/10/2023,SMF,CA,AWP,WE,Towers with Radar,331,18,12,2,363,0,2,7,1,10,331,20,19,3,373,8,8,16,389
03/11/2023,SMF,CA,AWP,WE,Towers with Radar,236,8,0,8,252,0,1,0,0,1,236,9,0,8,253,0,8,8,261
03/12/2023,SMF,CA,AWP,WE,Towers with Radar,275,3,5,0,283,0,0,0,0,0,275,3,5,0,283,0,0,0,283
03/13/2023,SMF,CA,AWP,WE,Towers with Radar,328,19,6,0,353,0,2,1,0,3,328,21,7,0,356,0,0,0,356
03/14/2023,SMF,CA,AWP,WE,Towers with Radar,318,25,4,2,349,0,0,0,0,0,318,25,4,2,349,0,0,0,349
03/15/2023,SMF,CA,AWP,WE,Towers with Radar,301,20,4,7,332,1,0,4,1,6,302,20,8,8,338,4,6,10,348
03/16/2023,SMF,CA,AWP,WE,Towers with Radar,343,23,13,2,381,2,2,13,6,23,345,25,26,8,404,17,16,33,437
03/17/2023,SMF,CA,AWP,WE,Towers with Radar,330,25,14,0,369,0,0,16,0,16,330,25,30,0,385,27,0,27,412
03/18/2023,SMF,CA,AWP,WE,Towers with Radar,250,11,3,0,264,0,0,1,0,1,250,11,4,0,265,0,0,0,265
03/19/2023,SMF,CA,AWP,WE,Towers with Radar,281,6,2,0,289,0,0,0,0,0,281,6,2,0,289,0,0,0,289
03/20/2023,SMF,CA,AWP,WE,Towers with Radar,331,16,4,0,351,0,2,7,2,11,331,18,11,2,362,0,0,0,362
03/21/2023,SMF,CA,AWP,WE,Towers with Radar,336,23,11,2,372,0,0,1,1,2,336,23,12,3,374,0,8,8,382
03/22/2023,SMF,CA,AWP,WE,Towers with Radar,307,25,7,5,344,0,0,2,3,5,307,25,9,8,349,6,18,24,373
03/23/2023,SMF,CA,AWP,WE,Towers with Radar,330,15,14,4,363,0,0,2,4,6,330,15,16,8,369,6,0,6,375
03/24/2023,SMF,CA,AWP,WE,Towers with Radar,335,15,11,0,361,0,0,11,0,11,335,15,22,0,372,0,0,0,372
03/25/2023,SMF,CA,AWP,WE,Towers with Radar,243,9,7,0,259,0,2,17,0,19,243,11,24,0,278,0,0,0,278
03/26/2023,SMF,CA,AWP,WE,Towers with Radar,272,4,5,0,281,0,0,11,0,11,272,4,16,0,292,2,0,2,294
03/27/2023,SMF,CA,AWP,WE,Towers with Radar,342,19,11,0,372,0,0,15,0,15,342,19,26,0,387,42,0,42,429
03/28/2023,SMF,CA,AWP,WE,Towers with Radar,300,19,3,2,324,0,0,0,0,0,300,19,3,2,324,0,0,0,324
03/29/2023,SMF,CA,AWP,WE,Towers with Radar,309,22,11,0,342,0,0,0,0,0,309,22,11,0,342,0,0,0,342
03/30/2023,SMF,CA,AWP,WE,Towers with Radar,329,22,9,5,365,0,1,5,3,9,329,23,14,8,374,36,18,54,428
03/31/2023,SMF,CA,AWP,WE,Towers with Radar,333,19,6,0,358,0,0,20,2,22,333,19,26,2,380,26,0,26,406
04/01/2023,SMF,CA,AWP,WE,Towers with Radar,241,9,1,0,251,0,2,10,0,12,241,11,11,0,263,14,0,14,277
04/02/2023,SMF,CA,AWP,WE,Towers with Radar,275,4,5,0,284,0,0,7,0,7,275,4,12,0,291,0,0,0,291
04/03/2023,SMF,CA,AWP,WE,Towers with Radar,328,17,6,10,361,0,1,7,3,11,328,18,13,13,372,44,18,62,434
04/04/2023,SMF,CA,AWP,WE,Towers with Radar,302,18,3,1,324,0,2,6,2,10,302,20,9,3,334,18,0,18,352
04/05/2023,SMF,CA,AWP,WE,Towers with Radar,302,14,7,0,323,0,1,12,2,15,302,15,19,2,338,40,4,44,382
04/06/2023,SMF,CA,AWP,WE,Towers with Radar,338,18,6,0,362,1,0,16,2,19,339,18,22,2,381,16,0,16,397
04/07/2023,SMF,CA,AWP,WE,Towers with Radar,330,29,9,8,376,0,0,7,0,7,330,29,16,8,383,0,0,0,383
04/08/2023,SMF,CA,AWP,WE,Towers with Radar,250,15,0,0,265,0,1,9,0,10,250,16,9,0,275,16,0,16,291
04/09/2023,SMF,CA,AWP,WE,Towers with Radar,278,7,2,0,287,0,2,13,1,16,278,9,15,1,303,30,0,30,333
04/10/2023,SMF,CA,AWP,WE,Towers with Radar,328,17,6,0,351,0,1,10,0,11,328,18,16,0,362,0,0,0,362
04/11/2023,SMF,CA,AWP,WE,Towers with Radar,340,20,6,0,366,0,4,1,0,5,340,24,7,0,371,12,0,12,383
04/12/2023,SMF,CA,AWP,WE,Towers with Radar,338,18,5,5,366,0,4,18,3,25,338,22,23,8,391,18,6,24,415
04/13/2023,SMF,CA,AWP,WE,Towers with Radar,352,24,4,1,381,0,0,16,1,17,352,24,20,2,398,32,0,32,430
04/14/2023,SMF,CA,AWP,WE,Towers with Radar,334,15,4,0,353,0,3,27,2,32,334,18,31,2,385,14,4,18,403
04/15/2023,SMF,CA,AWP,WE,Towers with Radar,246,5,5,0,256,0,0,9,0,9,246,5,14,0,265,20,0,20,285
04/16/2023,SMF,CA,AWP,WE,Towers with Radar,294,3,2,0,299,0,0,10,0,10,294,3,12,0,309,22,0,22,331
04/17/2023,SMF,CA,AWP,WE,Towers with Radar,342,22,14,4,382,0,2,13,6,21,342,24,27,10,403,0,0,0,403
04/18/2023,SMF,CA,AWP,WE,Towers with Radar,326,23,10,0,359,0,0,5,3,8,326,23,15,3,367,0,0,0,367
04/19/2023,SMF,CA,AWP,WE,Towers with Radar,325,25,7,0,357,0,0,18,2,20,325,25,25,2,377,18,0,18,395
04/20/2023,SMF,CA,AWP,WE,Towers with Radar,327,18,9,2,356,0,0,8,0,8,327,18,17,2,364,18,0,18,382
04/21/2023,SMF,CA,AWP,WE,Towers with Radar,338,20,5,3,366,0,0,20,0,20,338,20,25,3,386,22,0,22,408
04/22/2023,SMF,CA,AWP,WE,Towers with Radar,241,11,5,0,257,0,0,11,0,11,241,11,16,0,268,8,0,8,276
04/23/2023,SMF,CA,AWP,WE,Towers with Radar,295,7,7,0,309,0,0,6,0,6,295,7,13,0,315,0,0,0,315
04/24/2023,SMF,CA,AWP,WE,Towers with Radar,333,20,3,0,356,0,3,20,0,23,333,23,23,0,379,6,0,6,385
04/25/2023,SMF,CA,AWP,WE,Towers with Radar,316,22,7,0,345,0,0,7,0,7,316,22,14,0,352,0,0,0,352
04/26/2023,SMF,CA,AWP,WE,Towers with Radar,325,25,8,2,360,0,1,17,0,18,325,26,25,2,378,36,2,38,416
04/27/2023,SMF,CA,AWP,WE,Towers with Radar,341,14,6,4,365,0,2,18,0,20,341,16,24,4,385,56,0,56,441
04/28/2023,SMF,CA,AWP,WE,Towers with Radar,331,23,9,0,363,0,2,27,0,29,331,25,36,0,392,16,0,16,408
04/29/2023,SMF,CA,AWP,WE,Towers with Radar,250,7,2,0,259,0,1,9,0,10,250,8,11,0,269,28,0,28,297
04/30/2023,SMF,CA,AWP,WE,Towers with Radar,287,10,12,0,309,0,4,5,0,9,287,14,17,0,318,4,0,4,322
05/01/2023,SMF,CA,AWP,WE,Towers with Radar,329,19,9,3,360,0,0,4,5,9,329,19,13,8,369,10,16,26,395
05/02/2023,SMF,CA,AWP,WE,Towers with Radar,333,25,11,2,371,0,1,2,0,3,333,26,13,2,374,0,0,0,374
05/03/2023,SMF,CA,AWP,WE,Towers with Radar,333,21,6,2,362,0,1,12,8,21,333,22,18,10,383,20,14,34,417
05/04/2023,SMF,CA,AWP,WE,Towers with Radar,335,21,3,0,359,0,0,4,0,4,335,21,7,0,363,24,0,24,387
05/05/2023,SMF,CA,AWP,WE,Towers with Radar,336,21,2,3,362,0,2,5,5,12,336,23,7,8,374,12,32,44,418
05/06/2023,SMF,CA,AWP,WE,Towers with Radar,254,8,8,0,270,0,0,1,0,1,254,8,9,0,271,0,0,0,271
05/07/2023,SMF,CA,AWP,WE,Towers with Radar,288,2,5,0,295,0,2,6,0,8,288,4,11,0,303,14,0,14,317
05/08/2023,SMF,CA,AWP,WE,Towers with Radar,333,20,9,4,366,0,0,10,0,10,333,20,19,4,376,26,2,28,404
05/09/2023,SMF,CA,AWP,WE,Towers with Radar,334,30,10,2,376,0,9,10,0,19,334,39,20,2,395,58,0,58,453
05/10/2023,SMF,CA,AWP,WE,Towers with Radar,335,20,10,0,365,0,3,7,2,12,335,23,17,2,377,32,4,36,413
05/11/2023,SMF,CA,AWP,WE,Towers with Radar,341,22,6,0,369,0,2,14,0,16,341,24,20,0,385,28,0,28,413
05/12/2023,SMF,CA,AWP,WE,Towers with Radar,325,30,4,0,359,0,2,13,0,15,325,32,17,0,374,54,0,54,428
05/13/2023,SMF,CA,AWP,WE,Towers with Radar,255,9,0,0,264,0,1,5,0,6,255,10,5,0,270,14,0,14,284
05/14/2023,SMF,CA,AWP,WE,Towers with Radar,289,11,6,0,306,0,0,16,0,16,289,11,22,0,322,12,0,12,334
05/15/2023,SMF,CA,AWP,WE,Towers with Radar,341,17,1,3,362,0,3,10,3,16,341,20,11,6,378,74,8,82,460
05/16/2023,SMF,CA,AWP,WE,Towers with Radar,334,19,4,2,359,0,2,14,4,20,334,21,18,6,379,52,20,72,451
05/17/2023,SMF,CA,AWP,WE,Towers with Radar,338,23,16,3,380,0,0,9,0,9,338,23,25,3,389,50,0,50,439
05/18/2023,SMF,CA,AWP,WE,Towers with Radar,332,20,12,7,371,0,4,14,1,19,332,24,26,8,390,86,14,100,490
05/19/2023,SMF,CA,AWP,WE,Towers with Radar,341,18,13,0,372,0,4,18,0,22,341,22,31,0,394,28,0,28,422
05/20/2023,SMF,CA,AWP,WE,Towers with Radar,252,9,1,0,262,0,0,6,0,6,252,9,7,0,268,24,0,24,292
05/21/2023,SMF,CA,AWP,WE,Towers with Radar,298,3,2,0,303,0,1,10,0,11,298,4,12,0,314,2,0,2,316
05/22/2023,SMF,CA,AWP,WE,Towers with Radar,339,18,10,2,369,0,2,10,4,16,339,20,20,6,385,26,6,32,417
05/23/2023,SMF,CA,AWP,WE,Towers with Radar,340,22,11,0,373,0,0,14,0,14,340,22,25,0,387,0,0,0,387
05/24/2023,SMF,CA,AWP,WE,Towers with Radar,338,20,6,0,364,0,2,14,0,16,338,22,20,0,380,16,0,16,396
05/25/2023,SMF,CA,AWP,WE,Towers with Radar,345,26,4,0,375,0,0,9,4,13,345,26,13,4,388,12,8,20,408
05/26/2023,SMF,CA,AWP,WE,Towers with Radar,341,19,6,0,366,0,0,15,0,15,341,19,21,0,381,24,0,24,405
05/27/2023,SMF,CA,AWP,WE,Towers with Radar,257,11,2,0,270,0,0,18,0,18,257,11,20,0,288,42,0,42,330
05/28/2023,SMF,CA,AWP,WE,Towers with Radar,273,4,1,0,278,0,0,3,0,3,273,4,4,0,281,6,0,6,287
05/29/2023,SMF,CA,AWP,WE,Towers with Radar,336,4,1,0,341,0,3,7,0,10,336,7,8,0,351,10,0,10,361
05/30/2023,SMF,CA,AWP,WE,Towers with Radar,327,17,5,11,360,0,1,9,1,11,327,18,14,12,371,24,8,32,403
05/31/2023,SMF,CA,AWP,WE,Towers with Radar,335,19,10,2,366,0,0,24,2,26,335,19,34,4,392,52,14,66,458
06/01/2023,SMF,CA,AWP,WE,Towers with Radar,343,23,11,2,379,0,3,10,9,22,343,26,21,11,401,38,8,46,447
06/02/2023,SMF,CA,AWP,WE,Towers with Radar,344,16,5,0,365,0,0,9,0,9,344,16,14,0,374,16,0,16,390
06/03/2023,SMF,CA,AWP,WE,Towers with Radar,256,9,0,0,265,0,0,8,0,8,256,9,8,0,273,2,0,2,275
06/04/2023,SMF,CA,AWP,WE,Towers with Radar,286,3,4,0,293,0,1,11,0,12,286,4,15,0,305,18,0,18,323
06/05/2023,SMF,CA,AWP,WE,Towers with Radar,340,14,9,0,363,0,0,4,4,8,340,14,13,4,371,0,12,12,383
06/06/2023,SMF,CA,AWP,WE,Towers with Radar,338,19,10,0,367,0,1,9,2,12,338,20,19,2,379,14,4,18,397
06/07/2023,SMF,CA,AWP,WE,Towers with Radar,345,23,11,0,379,0,0,11,2,13,345,23,22,2,392,32,4,36,428
06/08/2023,SMF,CA,AWP,WE,Towers with Radar,349,17,9,6,381,0,2,20,0,22,349,19,29,6,403,62,18,80,483
06/09/2023,SMF,CA,AWP,WE,Towers with Radar,350,18,13,2,383,0,0,15,0,15,350,18,28,2,398,0,0,0,398
06/10/2023,SMF,CA,AWP,WE,Towers with Radar,267,10,1,0,278,0,1,4,0,5,267,11,5,0,283,34,0,34,317
06/11/2023,SMF,CA,AWP,WE,Towers with Radar,293,4,5,0,302,0,0,7,0,7,293,4,12,0,309,0,0,0,309
06/12/2023,SMF,CA,AWP,WE,Towers with Radar,344,20,6,6,376,0,2,11,4,17,344,22,17,10,393,28,30,58,451
06/13/2023,SMF,CA,AWP,WE,Towers with Radar,341,23,9,4,377,0,3,12,6,21,341,26,21,10,398,34,0,34,432
06/14/2023,SMF,CA,AWP,WE,Towers with Radar,346,20,3,0,369,0,3,10,0,13,346,23,13,0,382,22,0,22,404
06/15/2023,SMF,CA,AWP,WE,Towers with Radar,352,20,7,1,380,0,0,27,3,30,352,20,34,4,410,12,0,12,422
06/16/2023,SMF,CA,AWP,WE,Towers with Radar,349,15,5,0,369,0,0,7,0,7,349,15,12,0,376,0,0,0,376
06/17/2023,SMF,CA,AWP,WE,Towers with Radar,275,6,3,0,284,0,0,2,0,2,275,6,5,0,286,8,0,8,294
06/18/2023,SMF,CA,AWP,WE,Towers with Radar,293,0,0,0,293,0,0,6,0,6,293,0,6,0,299,0,0,0,299
06/19/2023,SMF,CA,AWP,WE,Towers with Radar,345,17,7,0,369,0,1,3,0,4,345,18,10,0,373,14,0,14,387
06/20/2023,SMF,CA,AWP,WE,Towers with Radar,337,20,14,0,371,0,2,13,0,15,337,22,27,0,386,36,0,36,422
06/21/2023,SMF,CA,AWP,WE,Towers with Radar,342,23,2,0,367,0,4,13,0,17,342,27,15,0,384,20,0,20,404
06/22/2023,SMF,CA,AWP,WE,Towers with Radar,345,14,9,3,371,0,2,20,6,28,345,16,29,9,399,38,10,48,447
06/23/2023,SMF,CA,AWP,WE,Towers with Radar,352,14,8,0,374,0,2,16,2,20,352,16,24,2,394,17,0,17,411
06/24/2023,SMF,CA,AWP,WE,Towers with Radar,273,12,0,0,285,0,0,6,0,6,273,12,6,0,291,76,0,76,367
06/25/2023,SMF,CA,AWP,WE,Towers with Radar,288,6,6,0,300,0,1,8,0,9,288,7,14,0,309,26,0,26,335
06/26/2023,SMF,CA,AWP,WE,Towers with Radar,335,19,7,0,361,0,0,17,0,17,335,19,24,0,378,18,0,18,396
06/27/2023,SMF,CA,AWP,WE,Towers with Radar,331,23,14,0,368,0,0,4,0,4,331,23,18,0,372,0,0,0,372
06/28/2023,SMF,CA,AWP,WE,Towers with Radar,332,23,3,0,358,0,1,4,2,7,332,24,7,2,365,8,0,8,373
06/29/2023,SMF,CA,AWP,WE,Towers with Radar,344,20,7,2,373,0,1,17,0,18,344,21,24,2,391,30,0,30,421
06/30/2023,SMF,CA,AWP,WE,Towers with Radar,349,23,7,0,379,0,0,19,0,19,349,23,26,0,398,56,0,56,454
07/01/2023,SMF,CA,AWP,WE,Towers with Radar,275,11,4,0,290,0,1,23,0,24,275,12,27,0,314,40,0,40,354
07/02/2023,SMF,CA,AWP,WE,Towers with Radar,282,7,3,0,292,0,0,8,0,8,282,7,11,0,300,2,0,2,302
07/03/2023,SMF,CA,AWP,WE,Towers with Radar,328,16,3,0,347,0,0,17,0,17,328,16,20,0,364,0,0,0,364
07/04/2023,SMF,CA,AWP,WE,Towers with Radar,316,4,5,0,325,0,3,10,0,13,316,7,15,0,338,0,0,0,338
07/05/2023,SMF,CA,AWP,WE,Towers with Radar,351,21,8,3,383,0,0,12,3,15,351,21,20,6,398,36,12,48,446
07/06/2023,SMF,CA,AWP,WE,Towers with Radar,351,20,4,0,375,0,2,3,0,5,351,22,7,0,380,28,0,28,408
07/07/2023,SMF,CA,AWP,WE,Towers with Radar,353,19,1,0,373,0,0,21,0,21,353,19,22,0,394,2,0,2,396
07/08/2023,SMF,CA,AWP,WE,Towers with Radar,277,7,3,0,287,1,1,8,1,11,278,8,11,1,298,16,0,16,314
07/09/2023,SMF,CA,AWP,WE,Towers with Radar,299,2,10,0,311,0,2,11,0,13,299,4,21,0,324,22,0,22,346
07/10/2023,SMF,CA,AWP,WE,Towers with Radar,354,18,7,2,381,0,1,7,0,8,354,19,14,2,389,16,0,16,405
07/11/2023,SMF,CA,AWP,WE,Towers with Radar,334,22,5,1,362,0,6,4,1,11,334,28,9,2,373,44,8,52,425
07/12/2023,SMF,CA,AWP,WE,Towers with Radar,335,26,5,3,369,0,8,15,3,26,335,34,20,6,395,26,10,36,431
07/13/2023,SMF,CA,AWP,WE,Towers with Radar,350,25,6,1,382,0,4,11,3,18,350,29,17,4,400,34,18,52,452
07/14/2023,SMF,CA,AWP,WE,Towers with Radar,347,25,11,0,383,0,1,6,1,8,347,26,17,1,391,0,0,0,391
07/15/2023,SMF,CA,AWP,WE,Towers with Radar,273,13,4,0,290,0,0,4,2,6,273,13,8,2,296,4,0,4,300
07/16/2023,SMF,CA,AWP,WE,Towers with Radar,296,6,3,0,305,0,0,7,0,7,296,6,10,0,312,0,0,0,312
07/17/2023,SMF,CA,AWP,WE,Towers with Radar,352,19,6,0,377,0,0,7,0,7,352,19,13,0,384,8,0,8,392
07/18/2023,SMF,CA,AWP,WE,Towers with Radar,329,26,8,1,364,0,0,15,4,19,329,26,23,5,383,26,8,34,417
07/19/2023,SMF,CA,AWP,WE,Towers with Radar,338,25,6,0,369,0,1,10,0,11,338,26,16,0,380,18,0,18,398
07/20/2023,SMF,CA,AWP,WE,Towers with Radar,351,17,7,0,375,0,1,15,0,16,351,18,22,0,391,42,0,42,433
07/21/2023,SMF,CA,AWP,WE,Towers with Radar,357,19,6,1,383,0,0,14,4,18,357,19,20,5,401,68,10,78,479
07/22/2023,SMF,CA,AWP,WE,Towers with Radar,275,13,6,0,294,0,0,15,0,15,275,13,21,0,309,2,0,2,311
07/23/2023,SMF,CA,AWP,WE,Towers with Radar,307,5,1,0,313,0,2,5,0,7,307,7,6,0,320,30,0,30,350
07/24/2023,SMF,CA,AWP,WE,Towers with Radar,348,16,6,0,370,0,2,18,2,22,348,18,24,2,392,15,10,25,417
07/25/2023,SMF,CA,AWP,WE,Towers with Radar,337,20,7,6,370,0,0,14,0,14,337,20,21,6,384,24,0,24,408
07/26/2023,SMF,CA,AWP,WE,Towers with Radar,329,19,4,0,352,0,0,16,0,16,329,19,20,0,368,34,0,34,402
07/27/2023,SMF,CA,AWP,WE,Towers with Radar,356,23,4,2,385,0,2,10,2,14,356,25,14,4,399,22,12,34,433
07/28/2023,SMF,CA,AWP,WE,Towers with Radar,341,19,9,0,369,0,1,6,0,7,341,20,15,0,376,10,0,10,386
07/29/2023,SMF,CA,AWP,WE,Towers with Radar,272,9,2,0,283,0,0,17,0,17,272,9,19,0,300,10,0,10,310
07/30/2023,SMF,CA,AWP,WE,Towers with Radar,305,5,3,0,313,0,1,3,0,4,305,6,6,0,317,0,0,0,317
07/31/2023,SMF,CA,AWP,WE,Towers with Radar,337,18,5,0,360,0,0,16,0,16,337,18,21,0,376,6,0,6,382
08/01/2023,SMF,CA,AWP,WE,Towers with Radar,341,19,10,2,372,0,0,21,6,27,341,19,31,8,399,90,20,110,509
08/02/2023,SMF,CA,AWP,WE,Towers with Radar,337,20,8,1,366,0,3,20,3,26,337,23,28,4,392,14,20,34,426
08/03/2023,SMF,CA,AWP,WE,Towers with Radar,348,18,3,0,369,0,2,24,2,28,348,20,27,2,397,12,12,24,421
08/04/2023,SMF,CA,AWP,WE,Towers with Radar,354,24,4,0,382,0,3,20,0,23,354,27,24,0,405,52,0,52,457
08/05/2023,SMF,CA,AWP,WE,Towers with Radar,280,7,4,0,291,1,1,9,0,11,281,8,13,0,302,0,0,0,302
08/06/2023,SMF,CA,AWP,WE,Towers with Radar,311,6,3,0,320,0,3,9,0,12,311,9,12,0,332,16,0,16,348
08/07/2023,SMF,CA,AWP,WE,Towers with Radar,351,21,8,0,380,0,2,11,0,13,351,23,19,0,393,16,0,16,409
08/08/2023,SMF,CA,AWP,WE,Towers with Radar,344,18,4,1,367,0,0,7,1,8,344,18,11,2,375,0,10,10,385
08/09/2023,SMF,CA,AWP,WE,Towers with Radar,344,25,5,2,376,0,1,10,0,11,344,26,15,2,387,2,0,2,389
08/10/2023,SMF,CA,AWP,WE,Towers with Radar,353,23,3,0,379,0,0,7,0,7,353,23,10,0,386,16,0,16,402
08/11/2023,SMF,CA,AWP,WE,Towers with Radar,353,24,6,2,385,0,0,11,0,11,353,24,17,2,396,2,2,4,400
08/12/2023,SMF,CA,AWP,WE,Towers with Radar,276,9,7,0,292,0,1,4,0,5,276,10,11,0,297,8,0,8,305
08/13/2023,SMF,CA,AWP,WE,Towers with Radar,314,5,4,0,323,0,0,8,0,8,314,5,12,0,331,12,0,12,343
08/14/2023,SMF,CA,AWP,WE,Towers with Radar,353,19,2,0,374,0,0,5,0,5,353,19,7,0,379,9,0,9,388
08/15/2023,SMF,CA,AWP,WE,Towers with Radar,355,21,13,1,390,0,2,15,3,20,355,23,28,4,410,14,6,20,430
08/16/2023,SMF,CA,AWP,WE,Towers with Radar,346,20,12,0,378,0,0,11,0,11,346,20,23,0,389,8,0,8,397
08/17/2023,SMF,CA,AWP,WE,Towers with Radar,363,18,9,0,390,0,1,14,0,15,363,19,23,0,405,38,0,38,443
08/18/2023,SMF,CA,AWP,WE,Towers with Radar,342,18,16,0,376,0,1,8,2,11,342,19,24,2,387,44,8,52,439
08/19/2023,SMF,CA,AWP,WE,Towers with Radar,268,10,6,0,284,0,2,10,0,12,268,12,16,0,296,16,0,16,312
08/20/2023,SMF,CA,AWP,WE,Towers with Radar,265,3,10,0,278,0,0,5,0,5,265,3,15,0,283,0,0,0,283
08/21/2023,SMF,CA,AWP,WE,Towers with Radar,323,14,8,0,345,0,1,5,0,6,323,15,13,0,351,4,0,4,355
08/22/2023,SMF,CA,AWP,WE,Towers with Radar,349,19,8,4,380,0,1,16,0,17,349,20,24,4,397,2,0,2,399
08/23/2023,SMF,CA,AWP,WE,Towers with Radar,339,26,12,2,379,0,2,17,0,19,339,28,29,2,398,36,4,40,438
08/24/2023,SMF,CA,AWP,WE,Towers with Radar,354,27,5,2,388,0,2,11,0,13,354,29,16,2,401,10,0,10,411
08/25/2023,SMF,CA,AWP,WE,Towers with Radar,352,18,9,0,379,0,1,13,0,14,352,19,22,0,393,0,0,0,393
08/26/2023,SMF,CA,AWP,WE,Towers with Radar,261,10,2,0,273,0,0,13,0,13,261,10,15,0,286,14,0,14,300
08/27/2023,SMF,CA,AWP,WE,Towers with Radar,338,5,3,1,347,4,0,10,0,14,342,5,13,1,361,12,0,12,373
08/28/2023,SMF,CA,AWP,WE,Towers with Radar,348,16,5,5,374,0,2,15,3,20,348,18,20,8,394,4,8,12,406
08/29/2023,SMF,CA,AWP,WE,Towers with Radar,345,25,7,1,378,0,3,15,1,19,345,28,22,2,397,20,0,20,417
08/30/2023,SMF,CA,AWP,WE,Towers with Radar,345,21,5,1,372,0,2,9,1,12,345,23,14,2,384,22,10,32,416
08/31/2023,SMF,CA,AWP,WE,Towers with Radar,345,20,8,0,373,0,1,11,0,12,345,21,19,0,385,16,0,16,401
