01/01/2020,SMO,CA,AWP,WE,Towers with Radar,0,5,16,0,21,0,4,83,0,87,0,9,99,0,108,28,0,28,136
01/02/2020,SMO,CA,AWP,WE,Towers with Radar,0,5,18,0,23,0,1,107,0,108,0,6,125,0,131,106,0,106,237
01/03/2020,SMO,CA,AWP,WE,Towers with Radar,0,9,15,0,24,0,4,112,0,116,0,13,127,0,140,111,0,111,251
01/04/2020,SMO,CA,AWP,WE,Towers with Radar,0,2,12,0,14,0,0,122,0,122,0,2,134,0,136,40,0,40,176
01/05/2020,SMO,CA,AWP,WE,Towers with Radar,0,3,18,0,21,0,0,122,0,122,0,3,140,0,143,50,0,50,193
01/06/2020,SMO,CA,AWP,WE,Towers with Radar,0,12,17,0,29,0,5,123,0,128,0,17,140,0,157,144,0,144,301
01/07/2020,SMO,CA,AWP,WE,Towers with Radar,0,3,16,0,19,0,0,133,0,133,0,3,149,0,152,134,0,134,286
01/08/2020,SMO,CA,AWP,WE,Towers with Radar,0,7,21,1,29,0,2,131,1,134,0,9,152,2,163,89,0,89,252
01/09/2020,SMO,CA,AWP,WE,Towers with Radar,0,6,19,2,27,0,4,68,0,72,0,10,87,2,99,121,0,121,220
01/10/2020,SMO,CA,AWP,WE,Towers with Radar,0,15,20,0,35,0,2,123,0,125,0,17,143,0,160,186,0,186,346
01/11/2020,SMO,CA,AWP,WE,Towers with Radar,0,10,27,0,37,0,1,131,0,132,0,11,158,0,169,89,0,89,258
01/12/2020,SMO,CA,AWP,WE,Towers with Radar,0,5,15,0,20,0,4,161,0,165,0,9,176,0,185,77,0,77,262
01/13/2020,SMO,CA,AWP,WE,Towers with Radar,0,10,32,0,42,0,15,123,0,138,0,25,155,0,180,145,0,145,325
01/14/2020,SMO,CA,AWP,WE,Towers with Radar,0,2,29,0,31,0,4,131,0,135,0,6,160,0,166,93,0,93,259
01/15/2020,SMO,CA,AWP,WE,Towers with Radar,0,4,22,1,27,0,4,143,2,149,0,8,165,3,176,47,0,47,223
01/16/2020,SMO,CA,AWP,WE,Towers with Radar,0,18,30,0,48,0,2,40,0,42,0,20,70,0,90,87,0,87,177
01/17/2020,SMO,CA,AWP,WE,Towers with Radar,0,5,20,0,25,0,1,128,0,129,0,6,148,0,154,134,0,134,288
01/18/2020,SMO,CA,AWP,WE,Towers with Radar,0,4,14,0,18,0,2,131,0,133,0,6,145,0,151,33,0,33,184
01/19/2020,SMO,CA,AWP,WE,Towers with Radar,0,2,20,0,22,0,2,121,0,123,0,4,141,0,145,2,0,2,147
01/20/2020,SMO,CA,AWP,WE,Towers with Radar,0,13,27,0,40,0,6,108,0,114,0,19,135,0,154,60,0,60,214
01/21/2020,SMO,CA,AWP,WE,Towers with Radar,0,6,28,0,34,0,6,84,0,90,0,12,112,0,124,90,0,90,214
01/22/2020,SMO,CA,AWP,WE,Towers with Radar,0,0,20,0,20,0,0,131,0,131,0,0,151,0,151,89,2,91,242
01/23/2020,SMO,CA,AWP,WE,Towers with Radar,0,5,27,0,32,0,0,161,0,161,0,5,188,0,193,52,0,52,245
01/24/2020,SMO,CA,AWP,WE,Towers with Radar,0,6,19,0,25,0,2,143,0,145,0,8,162,0,170,97,0,97,267
01/25/2020,SMO,CA,AWP,WE,Towers with Radar,0,6,22,0,28,0,0,102,0,102,0,6,124,0,130,11,0,11,141
01/26/2020,SMO,CA,AWP,WE,Towers with Radar,0,15,43,0,58,0,4,43,0,47,0,19,86,0,105,31,0,31,136
01/27/2020,SMO,CA,AWP,WE,Towers with Radar,0,4,27,0,31,0,2,107,0,109,0,6,134,0,140,83,0,83,223
01/28/2020,SMO,CA,AWP,WE,Towers with Radar,0,6,26,0,32,0,0,147,0,147,0,6,173,0,179,110,0,110,289
01/29/2020,SMO,CA,AWP,WE,Towers with Radar,0,2,10,0,12,0,2,64,0,66,0,4,74,0,78,54,0,54,132
01/30/2020,SMO,CA,AWP,WE,Towers with Radar,0,11,24,0,35,0,3,175,0,178,0,14,199,0,213,97,0,97,310
01/31/2020,SMO,CA,AWP,WE,Towers with Radar,0,5,34,0,39,0,5,114,0,119,0,10,148,0,158,102,0,102,260
02/01/2020,SMO,CA,AWP,WE,Towers with Radar,0,7,15,0,22,0,4,142,0,146,0,11,157,0,168,126,0,126,294
02/02/2020,SMO,CA,AWP,WE,Towers with Radar,0,6,33,0,39,0,2,82,0,84,0,8,115,0,123,19,0,19,142
02/03/2020,SMO,CA,AWP,WE,Towers with Radar,0,7,9,0,16,0,5,55,0,60,0,12,64,0,76,10,0,10,86
02/04/2020,SMO,CA,AWP,WE,Towers with Radar,0,7,17,0,24,0,15,86,0,101,0,22,103,0,125,2,0,2,127
02/05/2020,SMO,CA,AWP,WE,Towers with Radar,0,5,13,0,18,0,1,107,0,108,0,6,120,0,126,47,0,47,173
02/06/2020,SMO,CA,AWP,WE,Towers with Radar,0,16,20,0,36,0,0,126,0,126,0,16,146,0,162,157,0,157,319
02/07/2020,SMO,CA,AWP,WE,Towers with Radar,0,9,29,0,38,0,4,148,0,152,0,13,177,0,190,120,0,120,310
02/08/2020,SMO,CA,AWP,WE,Towers with Radar,0,11,35,0,46,0,9,102,0,111,0,20,137,0,157,35,0,35,192
02/09/2020,SMO,CA,AWP,WE,Towers with Radar,0,2,20,0,22,0,0,39,0,39,0,2,59,0,61,57,0,57,118
02/10/2020,SMO,CA,AWP,WE,Towers with Radar,0,13,20,0,33,0,8,76,0,84,0,21,96,0,117,68,0,68,185
02/11/2020,SMO,CA,AWP,WE,Towers with Radar,0,10,18,1,29,0,7,89,2,98,0,17,107,3,127,59,1,60,187
02/12/2020,SMO,CA,AWP,WE,Towers with Radar,0,25,19,0,44,0,3,172,0,175,0,28,191,0,219,109,0,109,328
02/13/2020,SMO,CA,AWP,WE,Towers with Radar,0,16,15,0,31,0,8,105,0,113,0,24,120,0,144,95,2,97,241
02/14/2020,SMO,CA,AWP,WE,Towers with Radar,0,13,25,0,38,0,2,152,0,154,0,15,177,0,192,119,0,119,311
02/15/2020,SMO,CA,AWP,WE,Towers with Radar,0,6,29,0,35,0,5,225,0,230,0,11,254,0,265,74,0,74,339
02/16/2020,SMO,CA,AWP,WE,Towers with Radar,0,9,31,0,40,0,4,164,0,168,0,13,195,0,208,44,0,44,252
02/17/2020,SMO,CA,AWP,WE,Towers with Radar,0,7,22,0,29,0,0,134,0,134,0,7,156,0,163,92,0,92,255
02/18/2020,SMO,CA,AWP,WE,Towers with Radar,0,7,24,0,31,0,11,55,6,72,0,18,79,6,103,46,0,46,149
02/19/2020,SMO,CA,AWP,WE,Towers with Radar,0,8,28,0,36,0,2,96,0,98,0,10,124,0,134,110,0,110,244
02/20/2020,SMO,CA,AWP,WE,Towers with Radar,0,10,23,0,33,0,0,146,0,146,0,10,169,0,179,123,0,123,302
02/21/2020,SMO,CA,AWP,WE,Towers with Radar,0,8,41,0,49,0,4,113,0,117,0,12,154,0,166,167,0,167,333
02/22/2020,SMO,CA,AWP,WE,Towers with Radar,0,6,16,0,22,0,1,58,0,59,0,7,74,0,81,55,0,55,136
02/23/2020,SMO,CA,AWP,WE,Towers with Radar,0,8,23,0,31,0,2,143,0,145,0,10,166,0,176,61,0,61,237
02/24/2020,SMO,CA,AWP,WE,Towers with Radar,0,7,19,0,26,0,4,141,0,145,0,11,160,0,171,87,0,87,258
02/25/2020,SMO,CA,AWP,WE,Towers with Radar,0,4,26,0,30,0,6,119,0,125,0,10,145,0,155,131,0,131,286
02/26/2020,SMO,CA,AWP,WE,Towers with Radar,0,7,23,0,30,0,8,147,0,155,0,15,170,0,185,151,0,151,336
02/27/2020,SMO,CA,AWP,WE,Towers with Radar,0,3,19,0,22,0,2,149,0,151,0,5,168,0,173,130,0,130,303
02/28/2020,SMO,CA,AWP,WE,Towers with Radar,0,9,16,0,25,0,3,148,1,152,0,12,164,1,177,147,0,147,324
02/29/2020,SMO,CA,AWP,WE,Towers with Radar,0,9,18,0,27,0,2,136,0,138,0,11,154,0,165,67,0,67,232
03/01/2020,SMO,CA,AWP,WE,Towers with Radar,0,8,26,1,35,0,0,68,0,68,0,8,94,1,103,45,0,45,148
03/02/2020,SMO,CA,AWP,WE,Towers with Radar,0,8,13,0,21,0,4,77,0,81,0,12,90,0,102,58,0,58,160
03/03/2020,SMO,CA,AWP,WE,Towers with Radar,0,6,9,0,15,0,2,144,0,146,0,8,153,0,161,233,0,233,394
03/04/2020,SMO,CA,AWP,WE,Towers with Radar,0,5,23,0,28,0,11,125,0,136,0,16,148,0,164,155,0,155,319
03/05/2020,SMO,CA,AWP,WE,Towers with Radar,0,15,37,0,52,0,2,135,0,137,0,17,172,0,189,114,0,114,303
03/06/2020,SMO,CA,AWP,WE,Towers with Radar,0,10,53,0,63,0,1,48,0,49,0,11,101,0,112,9,0,9,121
03/07/2020,SMO,CA,AWP,WE,Towers with Radar,0,9,28,0,37,0,4,104,0,108,0,13,132,0,145,149,0,149,294
03/08/2020,SMO,CA,AWP,WE,Towers with Radar,0,5,23,0,28,0,7,142,0,149,0,12,165,0,177,88,0,88,265
03/09/2020,SMO,CA,AWP,WE,Towers with Radar,0,17,23,0,40,0,2,110,0,112,0,19,133,0,152,120,0,120,272
03/10/2020,SMO,CA,AWP,WE,Towers with Radar,0,2,11,0,13,0,0,6,0,6,0,2,17,0,19,4,0,4,23
03/11/2020,SMO,CA,AWP,WE,Towers with Radar,0,1,14,0,15,0,4,82,2,88,0,5,96,2,103,134,0,134,237
03/12/2020,SMO,CA,AWP,WE,Towers with Radar,0,1,17,0,18,0,5,36,0,41,0,6,53,0,59,16,0,16,75
03/13/2020,SMO,CA,AWP,WE,Towers with Radar,0,0,33,0,33,0,0,11,0,11,0,0,44,0,44,2,0,2,46
03/14/2020,SMO,CA,AWP,WE,Towers with Radar,0,0,23,0,23,0,0,15,0,15,0,0,38,0,38,17,0,17,55
03/15/2020,SMO,CA,AWP,WE,Towers with Radar,0,1,27,0,28,0,7,85,0,92,0,8,112,0,120,112,0,112,232
03/16/2020,SMO,CA,AWP,WE,Towers with Radar,0,1,5,0,6,0,6,19,0,25,0,7,24,0,31,26,0,26,57
03/17/2020,SMO,CA,AWP,WE,Towers with Radar,0,1,13,0,14,0,2,80,0,82,0,3,93,0,96,305,0,305,401
03/18/2020,SMO,CA,AWP,WE,Towers with Radar,0,3,4,0,7,0,2,95,0,97,0,5,99,0,104,83,0,83,187
03/19/2020,SMO,CA,AWP,WE,Towers with Radar,0,3,12,0,15,0,5,35,0,40,0,8,47,0,55,116,0,116,171
03/20/2020,SMO,CA,AWP,WE,Towers with Radar,0,4,11,0,15,0,0,33,0,33,0,4,44,0,48,7,0,7,55
03/21/2020,SMO,CA,AWP,WE,Towers with Radar,0,3,3,0,6,0,0,60,0,60,0,3,63,0,66,3,0,3,69
03/22/2020,SMO,CA,AWP,WE,Towers with Radar,0,2,8,0,10,0,0,30,0,30,0,2,38,0,40,0,0,0,40
03/23/2020,SMO,CA,AWP,WE,Towers with Radar,0,0,5,0,5,0,3,15,0,18,0,3,20,0,23,8,0,8,31
03/24/2020,SMO,CA,AWP,WE,Towers with Radar,0,2,10,2,14,0,5,27,0,32,0,7,37,2,46,0,2,2,48
03/25/2020,SMO,CA,AWP,WE,Towers with Radar,0,0,8,0,8,0,0,21,0,21,0,0,29,0,29,0,0,0,29
03/26/2020,SMO,CA,AWP,WE,Towers with Radar,0,2,10,0,12,0,1,24,2,27,0,3,34,2,39,2,0,2,41
03/27/2020,SMO,CA,AWP,WE,Towers with Radar,0,2,7,0,9,0,0,53,0,53,0,2,60,0,62,4,0,4,66
03/28/2020,SMO,CA,AWP,WE,Towers with Radar,0,0,11,0,11,0,3,39,0,42,0,3,50,0,53,0,0,0,53
03/29/2020,SMO,CA,AWP,WE,Towers with Radar,0,0,5,0,5,0,3,34,0,37,0,3,39,0,42,2,0,2,44
03/30/2020,SMO,CA,AWP,WE,Towers with Radar,0,0,3,0,3,0,2,46,0,48,0,2,49,0,51,6,0,6,57
03/31/2020,SMO,CA,AWP,WE,Towers with Radar,0,2,13,0,15,0,0,17,0,17,0,2,30,0,32,9,0,9,41
04/01/2020,SMO,CA,AWP,WE,Towers with Radar,0,3,5,0,8,0,2,27,0,29,0,5,32,0,37,0,0,0,37
04/02/2020,SMO,CA,AWP,WE,Towers with Radar,0,1,8,0,9,0,0,30,0,30,0,1,38,0,39,21,0,21,60
04/03/2020,SMO,CA,AWP,WE,Towers with Radar,0,2,5,0,7,0,2,34,0,36,0,4,39,0,43,2,0,2,45
04/04/2020,SMO,CA,AWP,WE,Towers with Radar,0,0,11,0,11,0,0,46,0,46,0,0,57,0,57,8,0,8,65
04/05/2020,SMO,CA,AWP,WE,Towers with Radar,0,0,11,0,11,0,0,1,0,1,0,0,12,0,12,0,0,0,12
04/06/2020,SMO,CA,AWP,WE,Towers with Radar,0,2,7,0,9,0,0,1,0,1,0,2,8,0,10,1,0,1,11
04/07/2020,SMO,CA,AWP,WE,Towers with Radar,0,1,3,0,4,0,1,4,0,5,0,2,7,0,9,3,0,3,12
04/08/2020,SMO,CA,AWP,WE,Towers with Radar,0,0,4,0,4,0,0,5,0,5,0,0,9,0,9,6,0,6,15
04/09/2020,SMO,CA,AWP,WE,Towers with Radar,0,0,3,0,3,0,0,1,0,1,0,0,4,0,4,0,0,0,4
04/10/2020,SMO,CA,AWP,WE,Towers with Radar,0,0,5,0,5,0,0,21,0,21,0,0,26,0,26,7,0,7,33
04/11/2020,SMO,CA,AWP,WE,Towers with Radar,0,1,14,0,15,0,0,80,0,80,0,1,94,0,95,0,0,0,95
04/12/2020,SMO,CA,AWP,WE,Towers with Radar,0,0,15,0,15,0,0,3,0,3,0,0,18,0,18,0,0,0,18
04/13/2020,SMO,CA,AWP,WE,Towers with Radar,0,1,13,0,14,0,0,6,0,6,0,1,19,0,20,0,0,0,20
04/14/2020,SMO,CA,AWP,WE,Towers with Radar,0,1,9,0,10,0,0,37,0,37,0,1,46,0,47,41,0,41,88
04/15/2020,SMO,CA,AWP,WE,Towers with Radar,0,0,11,0,11,0,0,57,0,57,0,0,68,0,68,31,0,31,99
04/16/2020,SMO,CA,AWP,WE,Towers with Radar,0,0,8,0,8,0,0,33,0,33,0,0,41,0,41,9,0,9,50
04/17/2020,SMO,CA,AWP,WE,Towers with Radar,0,0,5,2,7,0,0,22,0,22,0,0,27,2,29,0,0,0,29
04/18/2020,SMO,CA,AWP,WE,Towers with Radar,0,1,11,1,13,0,5,30,1,36,0,6,41,2,49,9,0,9,58
04/19/2020,SMO,CA,AWP,WE,Towers with Radar,0,0,17,1,18,0,4,49,1,54,0,4,66,2,72,0,0,0,72
04/20/2020,SMO,CA,AWP,WE,Towers with Radar,0,0,14,0,14,0,1,15,0,16,0,1,29,0,30,0,0,0,30
04/21/2020,SMO,CA,AWP,WE,Towers with Radar,0,0,6,0,6,0,0,36,0,36,0,0,42,0,42,5,0,5,47
04/22/2020,SMO,CA,AWP,WE,Towers with Radar,0,0,6,0,6,0,2,39,2,43,0,2,45,2,49,8,0,8,57
04/23/2020,SMO,CA,AWP,WE,Towers with Radar,0,3,10,0,13,0,0,31,0,31,0,3,41,0,44,8,0,8,52
04/24/2020,SMO,CA,AWP,WE,Towers with Radar,0,2,4,0,6,0,0,37,0,37,0,2,41,0,43,10,0,10,53
04/25/2020,SMO,CA,AWP,WE,Towers with Radar,0,0,8,0,8,0,0,64,0,64,0,0,72,0,72,9,0,9,81
04/26/2020,SMO,CA,AWP,WE,Towers with Radar,0,2,11,0,13,0,0,61,0,61,0,2,72,0,74,0,0,0,74
04/27/2020,SMO,CA,AWP,WE,Towers with Radar,0,2,5,1,8,0,0,24,1,25,0,2,29,2,33,29,0,29,62
04/28/2020,SMO,CA,AWP,WE,Towers with Radar,0,2,9,0,11,0,5,42,0,47,0,7,51,0,58,6,0,6,64
04/29/2020,SMO,CA,AWP,WE,Towers with Radar,0,5,22,0,27,0,0,1,0,1,0,5,23,0,28,0,0,0,28
04/30/2020,SMO,CA,AWP,WE,Towers with Radar,0,0,18,0,18,0,1,4,0,5,0,1,22,0,23,0,0,0,23
05/01/2020,SMO,CA,AWP,WE,Towers with Radar,0,1,9,0,10,0,1,52,0,53,0,2,61,0,63,37,3,40,103
05/02/2020,SMO,CA,AWP,WE,Towers with Radar,0,0,16,0,16,0,0,79,0,79,0,0,95,0,95,21,0,21,116
05/03/2020,SMO,CA,AWP,WE,Towers with Radar,0,0,6,0,6,0,1,56,0,57,0,1,62,0,63,12,0,12,75
05/04/2020,SMO,CA,AWP,WE,Towers with Radar,0,3,1,1,5,0,2,28,0,30,0,5,29,1,35,6,0,6,41
05/05/2020,SMO,CA,AWP,WE,Towers with Radar,0,0,2,0,2,0,0,35,1,36,0,0,37,1,38,5,0,5,43
05/06/2020,SMO,CA,AWP,WE,Towers with Radar,0,1,4,1,6,0,0,26,1,27,0,1,30,2,33,2,0,2,35
05/07/2020,SMO,CA,AWP,WE,Towers with Radar,0,2,8,0,10,0,0,28,0,28,0,2,36,0,38,10,0,10,48
05/08/2020,SMO,CA,AWP,WE,Towers with Radar,0,3,10,0,13,0,0,45,3,48,0,3,55,3,61,1,0,1,62
05/09/2020,SMO,CA,AWP,WE,Towers with Radar,0,5,16,0,21,0,1,39,0,40,0,6,55,0,61,2,0,2,63
05/10/2020,SMO,CA,AWP,WE,Towers with Radar,0,0,11,1,12,0,3,16,0,19,0,3,27,1,31,0,0,0,31
05/11/2020,SMO,CA,AWP,WE,Towers with Radar,0,4,8,0,12,0,4,14,0,18,0,8,22,0,30,31,0,31,61
05/12/2020,SMO,CA,AWP,WE,Towers with Radar,0,3,19,0,22,0,1,18,0,19,0,4,37,0,41,142,0,142,183
05/13/2020,SMO,CA,AWP,WE,Towers with Radar,0,3,6,0,9,0,2,29,0,31,0,5,35,0,40,29,0,29,69
05/14/2020,SMO,CA,AWP,WE,Towers with Radar,0,0,12,0,12,0,2,28,1,31,0,2,40,1,43,2,0,2,45
05/15/2020,SMO,CA,AWP,WE,Towers with Radar,0,2,4,0,6,0,3,57,0,60,0,5,61,0,66,30,0,30,96
05/16/2020,SMO,CA,AWP,WE,Towers with Radar,0,3,15,0,18,0,2,93,0,95,0,5,108,0,113,56,0,56,169
05/17/2020,SMO,CA,AWP,WE,Towers with Radar,0,2,12,0,14,0,1,69,0,70,0,3,81,0,84,70,0,70,154
05/18/2020,SMO,CA,AWP,WE,Towers with Radar,0,3,7,0,10,0,0,9,0,9,0,3,16,0,19,0,0,0,19
05/19/2020,SMO,CA,AWP,WE,Towers with Radar,0,4,6,0,10,0,0,35,0,35,0,4,41,0,45,6,0,6,51
05/20/2020,SMO,CA,AWP,WE,Towers with Radar,0,3,11,0,14,0,0,37,0,37,0,3,48,0,51,39,0,39,90
05/21/2020,SMO,CA,AWP,WE,Towers with Radar,0,2,6,0,8,0,0,74,0,74,0,2,80,0,82,80,0,80,162
05/22/2020,SMO,CA,AWP,WE,Towers with Radar,0,6,11,0,17,0,0,42,0,42,0,6,53,0,59,52,0,52,111
05/23/2020,SMO,CA,AWP,WE,Towers with Radar,0,6,15,0,21,0,2,74,0,76,0,8,89,0,97,108,0,108,205
05/24/2020,SMO,CA,AWP,WE,Towers with Radar,0,0,5,0,5,0,3,64,0,67,0,3,69,0,72,44,0,44,116
05/25/2020,SMO,CA,AWP,WE,Towers with Radar,0,1,9,0,10,0,0,66,0,66,0,1,75,0,76,28,0,28,104
05/26/2020,SMO,CA,AWP,WE,Towers with Radar,0,5,14,0,19,0,3,49,0,52,0,8,63,0,71,7,0,7,78
05/27/2020,SMO,CA,AWP,WE,Towers with Radar,0,1,14,0,15,0,0,38,0,38,0,1,52,0,53,14,0,14,67
05/28/2020,SMO,CA,AWP,WE,Towers with Radar,0,4,34,1,39,0,0,16,0,16,0,4,50,1,55,0,0,0,55
05/29/2020,SMO,CA,AWP,WE,Towers with Radar,0,6,41,0,47,0,0,7,0,7,0,6,48,0,54,28,0,28,82
05/30/2020,SMO,CA,AWP,WE,Towers with Radar,0,0,22,0,22,0,1,62,0,63,0,1,84,0,85,62,0,62,147
05/31/2020,SMO,CA,AWP,WE,Towers with Radar,0,1,13,0,14,0,0,58,0,58,0,1,71,0,72,45,0,45,117
06/01/2020,SMO,CA,AWP,WE,Towers with Radar,0,6,3,0,9,0,2,53,0,55,0,8,56,0,64,29,0,29,93
06/02/2020,SMO,CA,AWP,WE,Towers with Radar,0,0,3,0,3,0,1,37,0,38,0,1,40,0,41,77,0,77,118
06/03/2020,SMO,CA,AWP,WE,Towers with Radar,0,2,11,0,13,0,0,56,0,56,0,2,67,0,69,27,0,27,96
06/04/2020,SMO,CA,AWP,WE,Towers with Radar,0,4,12,0,16,0,0,34,0,34,0,4,46,0,50,35,0,35,85
06/05/2020,SMO,CA,AWP,WE,Towers with Radar,0,1,22,0,23,0,1,26,0,27,0,2,48,0,50,89,0,89,139
06/06/2020,SMO,CA,AWP,WE,Towers with Radar,0,6,17,0,23,0,0,40,0,40,0,6,57,0,63,49,0,49,112
06/07/2020,SMO,CA,AWP,WE,Towers with Radar,0,7,8,0,15,0,3,79,0,82,0,10,87,0,97,8,0,8,105
06/08/2020,SMO,CA,AWP,WE,Towers with Radar,0,0,2,0,2,0,0,39,0,39,0,0,41,0,41,13,0,13,54
06/09/2020,SMO,CA,AWP,WE,Towers with Radar,0,0,8,0,8,0,2,51,0,53,0,2,59,0,61,60,0,60,121
06/10/2020,SMO,CA,AWP,WE,Towers with Radar,0,5,6,0,11,0,0,51,0,51,0,5,57,0,62,46,0,46,108
06/11/2020,SMO,CA,AWP,WE,Towers with Radar,0,1,8,0,9,0,2,64,0,66,0,3,72,0,75,87,0,87,162
06/12/2020,SMO,CA,AWP,WE,Towers with Radar,0,4,17,0,21,0,0,73,0,73,0,4,90,0,94,37,0,37,131
06/13/2020,SMO,CA,AWP,WE,Towers with Radar,0,5,12,0,17,0,2,82,0,84,0,7,94,0,101,50,0,50,151
06/14/2020,SMO,CA,AWP,WE,Towers with Radar,0,4,13,0,17,0,1,57,0,58,0,5,70,0,75,43,0,43,118
06/15/2020,SMO,CA,AWP,WE,Towers with Radar,0,2,15,0,17,0,0,50,0,50,0,2,65,0,67,73,0,73,140
06/16/2020,SMO,CA,AWP,WE,Towers with Radar,0,2,12,0,14,0,2,9,0,11,0,4,21,0,25,34,2,36,61
06/17/2020,SMO,CA,AWP,WE,Towers with Radar,0,7,18,0,25,0,1,58,0,59,0,8,76,0,84,56,0,56,140
06/18/2020,SMO,CA,AWP,WE,Towers with Radar,0,6,38,0,44,0,0,27,0,27,0,6,65,0,71,22,0,22,93
06/19/2020,SMO,CA,AWP,WE,Towers with Radar,0,2,30,0,32,0,1,36,0,37,0,3,66,0,69,103,0,103,172
06/20/2020,SMO,CA,AWP,WE,Towers with Radar,0,2,47,0,49,0,0,10,0,10,0,2,57,0,59,14,0,14,73
06/21/2020,SMO,CA,AWP,WE,Towers with Radar,0,3,22,0,25,0,2,32,0,34,0,5,54,0,59,16,0,16,75
06/22/2020,SMO,CA,AWP,WE,Towers with Radar,0,2,20,0,22,0,0,25,0,25,0,2,45,0,47,29,0,29,76
06/23/2020,SMO,CA,AWP,WE,Towers with Radar,0,4,40,0,44,0,1,21,2,24,0,5,61,2,68,6,0,6,74
06/24/2020,SMO,CA,AWP,WE,Towers with Radar,0,1,30,0,31,0,0,25,0,25,0,1,55,0,56,4,0,4,60
06/25/2020,SMO,CA,AWP,WE,Towers with Radar,0,5,20,0,25,0,1,32,0,33,0,6,52,0,58,49,0,49,107
06/26/2020,SMO,CA,AWP,WE,Towers with Radar,0,8,26,0,34,0,1,51,6,58,0,9,77,6,92,18,0,18,110
06/27/2020,SMO,CA,AWP,WE,Towers with Radar,0,0,22,0,22,0,1,50,0,51,0,1,72,0,73,12,0,12,85
06/28/2020,SMO,CA,AWP,WE,Towers with Radar,0,3,46,0,49,0,0,12,0,12,0,3,58,0,61,35,0,35,96
06/29/2020,SMO,CA,AWP,WE,Towers with Radar,0,7,16,0,23,0,2,40,0,42,0,9,56,0,65,81,0,81,146
06/30/2020,SMO,CA,AWP,WE,Towers with Radar,0,2,14,0,16,0,0,37,0,37,0,2,51,0,53,54,0,54,107
07/01/2020,SMO,CA,AWP,WE,Towers with Radar,0,1,28,0,29,0,2,25,0,27,0,3,53,0,56,83,0,83,139
07/02/2020,SMO,CA,AWP,WE,Towers with Radar,0,3,15,0,18,0,1,45,0,46,0,4,60,0,64,80,0,80,144
07/03/2020,SMO,CA,AWP,WE,Towers with Radar,0,0,9,2,11,0,0,71,0,71,0,0,80,2,82,70,0,70,152
07/04/2020,SMO,CA,AWP,WE,Towers with Radar,0,0,6,0,6,0,0,49,0,49,0,0,55,0,55,32,0,32,87
07/05/2020,SMO,CA,AWP,WE,Towers with Radar,0,0,7,0,7,0,0,34,0,34,0,0,41,0,41,25,0,25,66
07/06/2020,SMO,CA,AWP,WE,Towers with Radar,0,6,10,0,16,0,0,38,0,38,0,6,48,0,54,43,0,43,97
07/07/2020,SMO,CA,AWP,WE,Towers with Radar,0,4,7,0,11,0,0,34,0,34,0,4,41,0,45,91,0,91,136
07/08/2020,SMO,CA,AWP,WE,Towers with Radar,0,2,12,0,14,0,0,55,0,55,0,2,67,0,69,55,0,55,124
07/09/2020,SMO,CA,AWP,WE,Towers with Radar,0,5,9,0,14,0,0,61,0,61,0,5,70,0,75,43,0,43,118
07/10/2020,SMO,CA,AWP,WE,Towers with Radar,0,2,17,0,19,0,0,61,0,61,0,2,78,0,80,72,0,72,152
07/11/2020,SMO,CA,AWP,WE,Towers with Radar,0,1,11,0,12,0,1,76,0,77,0,2,87,0,89,22,0,22,111
07/12/2020,SMO,CA,AWP,WE,Towers with Radar,0,0,18,0,18,0,0,81,0,81,0,0,99,0,99,67,0,67,166
07/13/2020,SMO,CA,AWP,WE,Towers with Radar,0,5,17,0,22,0,0,46,1,47,0,5,63,1,69,36,0,36,105
07/14/2020,SMO,CA,AWP,WE,Towers with Radar,0,3,15,0,18,0,0,41,0,41,0,3,56,0,59,59,0,59,118
07/15/2020,SMO,CA,AWP,WE,Towers with Radar,0,3,15,0,18,0,1,37,0,38,0,4,52,0,56,69,0,69,125
07/16/2020,SMO,CA,AWP,WE,Towers with Radar,0,4,15,0,19,0,4,48,0,52,0,8,63,0,71,57,0,57,128
07/17/2020,SMO,CA,AWP,WE,Towers with Radar,0,2,15,2,19,0,2,47,0,49,0,4,62,2,68,64,0,64,132
07/18/2020,SMO,CA,AWP,WE,Towers with Radar,0,6,11,0,17,0,2,54,0,56,0,8,65,0,73,40,0,40,113
07/19/2020,SMO,CA,AWP,WE,Towers with Radar,0,2,22,2,26,0,1,54,0,55,0,3,76,2,81,28,0,28,109
07/20/2020,SMO,CA,AWP,WE,Towers with Radar,0,4,16,0,20,0,0,38,0,38,0,4,54,0,58,23,0,23,81
07/21/2020,SMO,CA,AWP,WE,Towers with Radar,0,1,11,0,12,0,0,46,1,47,0,1,57,1,59,40,0,40,99
07/22/2020,SMO,CA,AWP,WE,Towers with Radar,0,8,38,2,48,0,2,15,0,17,0,10,53,2,65,8,0,8,73
07/23/2020,SMO,CA,AWP,WE,Towers with Radar,0,3,22,1,26,0,1,47,0,48,0,4,69,1,74,117,0,117,191
07/24/2020,SMO,CA,AWP,WE,Towers with Radar,0,3,16,0,19,0,1,71,0,72,0,4,87,0,91,80,0,80,171
07/25/2020,SMO,CA,AWP,WE,Towers with Radar,0,4,15,0,19,0,2,58,0,60,0,6,73,0,79,26,0,26,105
07/26/2020,SMO,CA,AWP,WE,Towers with Radar,0,11,48,0,59,0,0,16,0,16,0,11,64,0,75,0,0,0,75
07/27/2020,SMO,CA,AWP,WE,Towers with Radar,0,0,16,0,16,0,0,16,0,16,0,0,32,0,32,0,0,0,32
07/28/2020,SMO,CA,AWP,WE,Towers with Radar,0,5,13,0,18,0,0,24,0,24,0,5,37,0,42,2,0,2,44
07/29/2020,SMO,CA,AWP,WE,Towers with Radar,0,5,17,0,22,0,0,31,0,31,0,5,48,0,53,10,0,10,63
07/30/2020,SMO,CA,AWP,WE,Towers with Radar,0,1,8,0,9,0,1,46,0,47,0,2,54,0,56,44,0,44,100
07/31/2020,SMO,CA,AWP,WE,Towers with Radar,0,13,12,0,25,0,2,58,0,60,0,15,70,0,85,63,0,63,148
08/01/2020,SMO,CA,AWP,WE,Towers with Radar,0,7,23,0,30,0,3,78,0,81,0,10,101,0,111,40,0,40,151
08/02/2020,SMO,CA,AWP,WE,Towers with Radar,0,4,29,0,33,0,0,81,0,81,0,4,110,0,114,8,0,8,122
08/03/2020,SMO,CA,AWP,WE,Towers with Radar,0,1,11,0,12,0,0,65,0,65,0,1,76,0,77,0,0,0,77
08/04/2020,SMO,CA,AWP,WE,Towers with Radar,0,1,23,0,24,0,0,36,0,36,0,1,59,0,60,159,0,159,219
08/05/2020,SMO,CA,AWP,WE,Towers with Radar,0,8,36,0,44,0,0,54,0,54,0,8,90,0,98,96,0,96,194
08/06/2020,SMO,CA,AWP,WE,Towers with Radar,0,3,10,0,13,0,2,62,0,64,0,5,72,0,77,65,0,65,142
08/07/2020,SMO,CA,AWP,WE,Towers with Radar,0,6,9,2,17,0,0,85,0,85,0,6,94,2,102,92,0,92,194
08/08/2020,SMO,CA,AWP,WE,Towers with Radar,0,1,14,0,15,0,0,101,0,101,0,1,115,0,116,33,0,33,149
08/09/2020,SMO,CA,AWP,WE,Towers with Radar,0,3,26,0,29,0,1,98,0,99,0,4,124,0,128,58,0,58,186
08/10/2020,SMO,CA,AWP,WE,Towers with Radar,0,7,12,0,19,0,0,64,0,64,0,7,76,0,83,28,0,28,111
08/11/2020,SMO,CA,AWP,WE,Towers with Radar,0,2,13,0,15,0,0,58,0,58,0,2,71,0,73,15,0,15,88
08/12/2020,SMO,CA,AWP,WE,Towers with Radar,0,5,16,0,21,0,1,84,0,85,0,6,100,0,106,113,0,113,219
08/13/2020,SMO,CA,AWP,WE,Towers with Radar,0,5,11,0,16,0,0,89,0,89,0,5,100,0,105,147,0,147,252
08/14/2020,SMO,CA,AWP,WE,Towers with Radar,0,11,15,0,26,0,1,98,0,99,0,12,113,0,125,94,0,94,219
08/15/2020,SMO,CA,AWP,WE,Towers with Radar,0,9,10,2,21,0,3,121,2,126,0,12,131,4,147,70,0,70,217
08/16/2020,SMO,CA,AWP,WE,Towers with Radar,0,8,13,0,21,0,2,108,0,110,0,10,121,0,131,68,0,68,199
08/17/2020,SMO,CA,AWP,WE,Towers with Radar,0,6,10,0,16,0,4,80,0,84,0,10,90,0,100,68,0,68,168
08/18/2020,SMO,CA,AWP,WE,Towers with Radar,0,6,8,0,14,0,1,78,0,79,0,7,86,0,93,135,0,135,228
08/19/2020,SMO,CA,AWP,WE,Towers with Radar,0,8,9,0,17,0,3,88,0,91,0,11,97,0,108,71,0,71,179
08/20/2020,SMO,CA,AWP,WE,Towers with Radar,0,11,24,0,35,0,2,89,0,91,0,13,113,0,126,118,0,118,244
08/21/2020,SMO,CA,AWP,WE,Towers with Radar,0,3,10,0,13,0,1,73,0,74,0,4,83,0,87,221,0,221,308
08/22/2020,SMO,CA,AWP,WE,Towers with Radar,0,0,19,0,19,0,0,94,0,94,0,0,113,0,113,89,0,89,202
08/23/2020,SMO,CA,AWP,WE,Towers with Radar,0,6,22,0,28,0,0,120,1,121,0,6,142,1,149,80,0,80,229
08/24/2020,SMO,CA,AWP,WE,Towers with Radar,0,9,30,0,39,0,0,3,0,3,0,9,33,0,42,0,0,0,42
08/25/2020,SMO,CA,AWP,WE,Towers with Radar,0,1,16,0,17,0,0,63,0,63,0,1,79,0,80,56,0,56,136
08/26/2020,SMO,CA,AWP,WE,Towers with Radar,0,2,22,0,24,0,0,58,0,58,0,2,80,0,82,70,0,70,152
08/27/2020,SMO,CA,AWP,WE,Towers with Radar,0,5,13,0,18,0,2,72,0,74,0,7,85,0,92,57,0,57,149
08/28/2020,SMO,CA,AWP,WE,Towers with Radar,0,3,13,2,18,0,0,111,0,111,0,3,124,2,129,103,0,103,232
08/29/2020,SMO,CA,AWP,WE,Towers with Radar,0,5,25,0,30,0,0,77,0,77,0,5,102,0,107,98,0,98,205
08/30/2020,SMO,CA,AWP,WE,Towers with Radar,0,4,14,0,18,0,0,69,0,69,0,4,83,0,87,76,0,76,163
08/31/2020,SMO,CA,AWP,WE,Towers with Radar,0,0,13,0,13,0,0,67,0,67,0,0,80,0,80,38,0,38,118
09/01/2020,SMO,CA,AWP,WE,Towers with Radar,0,0,26,0,26,0,0,70,0,70,0,0,96,0,96,62,0,62,158
09/02/2020,SMO,CA,AWP,WE,Towers with Radar,0,2,16,0,18,0,0,95,0,95,0,2,111,0,113,117,0,117,230
09/03/2020,SMO,CA,AWP,WE,Towers with Radar,0,7,12,0,19,0,3,98,0,101,0,10,110,0,120,136,0,136,256
09/04/2020,SMO,CA,AWP,WE,Towers with Radar,0,6,14,0,20,0,3,106,0,109,0,9,120,0,129,144,0,144,273
09/05/2020,SMO,CA,AWP,WE,Towers with Radar,0,2,15,0,17,0,0,89,0,89,0,2,104,0,106,50,0,50,156
09/06/2020,SMO,CA,AWP,WE,Towers with Radar,0,3,5,0,8,0,0,63,0,63,0,3,68,0,71,21,0,21,92
09/07/2020,SMO,CA,AWP,WE,Towers with Radar,0,4,20,0,24,0,0,66,0,66,0,4,86,0,90,73,0,73,163
09/08/2020,SMO,CA,AWP,WE,Towers with Radar,0,3,25,0,28,0,0,13,0,13,0,3,38,0,41,201,0,201,242
09/09/2020,SMO,CA,AWP,WE,Towers with Radar,0,5,13,0,18,0,2,49,0,51,0,7,62,0,69,20,0,20,89
09/10/2020,SMO,CA,AWP,WE,Towers with Radar,0,6,15,0,21,0,6,39,0,45,0,12,54,0,66,111,0,111,177
09/11/2020,SMO,CA,AWP,WE,Towers with Radar,0,1,17,2,20,0,2,61,2,65,0,3,78,4,85,155,0,155,240
09/12/2020,SMO,CA,AWP,WE,Towers with Radar,0,4,23,0,27,0,0,27,0,27,0,4,50,0,54,70,0,70,124
09/13/2020,SMO,CA,AWP,WE,Towers with Radar,0,2,27,0,29,0,1,56,0,57,0,3,83,0,86,101,0,101,187
09/14/2020,SMO,CA,AWP,WE,Towers with Radar,0,4,21,0,25,0,2,42,0,44,0,6,63,0,69,28,0,28,97
09/15/2020,SMO,CA,AWP,WE,Towers with Radar,0,5,17,0,22,0,0,2,0,2,0,5,19,0,24,0,0,0,24
09/16/2020,SMO,CA,AWP,WE,Towers with Radar,0,4,19,0,23,0,0,66,0,66,0,4,85,0,89,112,0,112,201
09/17/2020,SMO,CA,AWP,WE,Towers with Radar,0,1,17,0,18,0,0,64,0,64,0,1,81,0,82,66,0,66,148
09/18/2020,SMO,CA,AWP,WE,Towers with Radar,0,11,14,0,25,0,1,76,0,77,0,12,90,0,102,151,0,151,253
09/19/2020,SMO,CA,AWP,WE,Towers with Radar,0,2,20,0,22,0,0,77,0,77,0,2,97,0,99,85,0,85,184
09/20/2020,SMO,CA,AWP,WE,Towers with Radar,0,2,8,0,10,0,0,112,0,112,0,2,120,0,122,68,0,68,190
09/21/2020,SMO,CA,AWP,WE,Towers with Radar,0,6,26,0,32,0,1,55,0,56,0,7,81,0,88,89,0,89,177
09/22/2020,SMO,CA,AWP,WE,Towers with Radar,0,0,19,0,19,0,0,88,0,88,0,0,107,0,107,171,0,171,278
09/23/2020,SMO,CA,AWP,WE,Towers with Radar,0,4,17,0,21,0,2,86,0,88,0,6,103,0,109,64,0,64,173
09/24/2020,SMO,CA,AWP,WE,Towers with Radar,0,3,14,0,17,0,4,80,0,84,0,7,94,0,101,141,0,141,242
09/25/2020,SMO,CA,AWP,WE,Towers with Radar,0,6,30,2,38,0,0,109,0,109,0,6,139,2,147,69,0,69,216
09/26/2020,SMO,CA,AWP,WE,Towers with Radar,0,2,28,0,30,0,0,114,0,114,0,2,142,0,144,48,0,48,192
09/27/2020,SMO,CA,AWP,WE,Towers with Radar,0,2,22,0,24,0,1,55,0,56,0,3,77,0,80,32,0,32,112
09/28/2020,SMO,CA,AWP,WE,Towers with Radar,0,0,13,0,13,0,0,70,0,70,0,0,83,0,83,56,0,56,139
09/29/2020,SMO,CA,AWP,WE,Towers with Radar,0,5,10,0,15,0,0,68,0,68,0,5,78,0,83,55,0,55,138
09/30/2020,SMO,CA,AWP,WE,Towers with Radar,0,3,21,0,24,0,1,85,5,91,0,4,106,5,115,130,0,130,245
10/01/2020,SMO,CA,AWP,WE,Towers with Radar,0,5,18,0,23,0,1,79,0,80,0,6,97,0,103,120,0,120,223
10/02/2020,SMO,CA,AWP,WE,Towers with Radar,0,10,12,0,22,0,1,107,0,108,0,11,119,0,130,121,0,121,251
10/03/2020,SMO,CA,AWP,WE,Towers with Radar,0,1,7,0,8,0,0,76,0,76,0,1,83,0,84,69,0,69,153
10/04/2020,SMO,CA,AWP,WE,Towers with Radar,0,8,16,0,24,0,1,98,0,99,0,9,114,0,123,86,0,86,209
10/05/2020,SMO,CA,AWP,WE,Towers with Radar,0,3,21,0,24,0,0,59,0,59,0,3,80,0,83,86,0,86,169
10/06/2020,SMO,CA,AWP,WE,Towers with Radar,0,3,12,0,15,0,0,71,0,71,0,3,83,0,86,31,0,31,117
10/07/2020,SMO,CA,AWP,WE,Towers with Radar,0,4,17,0,21,0,0,58,0,58,0,4,75,0,79,42,0,42,121
10/08/2020,SMO,CA,AWP,WE,Towers with Radar,0,12,32,0,44,0,0,51,0,51,0,12,83,0,95,100,0,100,195
10/09/2020,SMO,CA,AWP,WE,Towers with Radar,0,5,40,1,46,0,2,61,0,63,0,7,101,1,109,211,0,211,320
10/10/2020,SMO,CA,AWP,WE,Towers with Radar,0,5,26,0,31,0,0,81,0,81,0,5,107,0,112,131,0,131,243
10/11/2020,SMO,CA,AWP,WE,Towers with Radar,0,7,17,0,24,0,0,106,0,106,0,7,123,0,130,23,0,23,153
10/12/2020,SMO,CA,AWP,WE,Towers with Radar,0,5,8,0,13,0,3,80,0,83,0,8,88,0,96,81,0,81,177
10/13/2020,SMO,CA,AWP,WE,Towers with Radar,0,5,10,0,15,0,0,84,0,84,0,5,94,0,99,104,0,104,203
10/14/2020,SMO,CA,AWP,WE,Towers with Radar,0,2,5,0,7,0,1,98,0,99,0,3,103,0,106,162,0,162,268
10/15/2020,SMO,CA,AWP,WE,Towers with Radar,0,6,19,0,25,0,0,109,0,109,0,6,128,0,134,77,0,77,211
10/16/2020,SMO,CA,AWP,WE,Towers with Radar,0,9,18,0,27,0,1,76,0,77,0,10,94,0,104,107,0,107,211
10/17/2020,SMO,CA,AWP,WE,Towers with Radar,0,2,13,1,16,0,0,132,0,132,0,2,145,1,148,56,0,56,204
10/18/2020,SMO,CA,AWP,WE,Towers with Radar,0,9,23,0,32,0,0,59,0,59,0,9,82,0,91,43,0,43,134
10/19/2020,SMO,CA,AWP,WE,Towers with Radar,0,2,20,2,24,0,2,35,0,37,0,4,55,2,61,24,0,24,85
10/20/2020,SMO,CA,AWP,WE,Towers with Radar,0,6,35,1,42,0,0,28,0,28,0,6,63,1,70,14,0,14,84
10/21/2020,SMO,CA,AWP,WE,Towers with Radar,0,6,33,0,39,0,0,26,0,26,0,6,59,0,65,12,0,12,77
10/22/2020,SMO,CA,AWP,WE,Towers with Radar,0,1,31,0,32,0,1,51,0,52,0,2,82,0,84,207,0,207,291
10/23/2020,SMO,CA,AWP,WE,Towers with Radar,0,11,39,2,52,0,0,53,0,53,0,11,92,2,105,187,0,187,292
10/24/2020,SMO,CA,AWP,WE,Towers with Radar,0,2,31,0,33,0,0,56,0,56,0,2,87,0,89,90,0,90,179
10/25/2020,SMO,CA,AWP,WE,Towers with Radar,0,2,27,0,29,0,0,57,0,57,0,2,84,0,86,85,0,85,171
10/26/2020,SMO,CA,AWP,WE,Towers with Radar,0,5,5,0,10,0,4,26,0,30,0,9,31,0,40,18,0,18,58
10/27/2020,SMO,CA,AWP,WE,Towers with Radar,0,11,14,0,25,0,0,53,0,53,0,11,67,0,78,111,0,111,189
10/28/2020,SMO,CA,AWP,WE,Towers with Radar,0,5,21,0,26,0,3,113,0,116,0,8,134,0,142,53,0,53,195
10/29/2020,SMO,CA,AWP,WE,Towers with Radar,0,10,12,0,22,0,1,70,1,72,0,11,82,1,94,69,0,69,163
10/30/2020,SMO,CA,AWP,WE,Towers with Radar,0,4,21,0,25,0,3,90,0,93,0,7,111,0,118,70,0,70,188
10/31/2020,SMO,CA,AWP,WE,Towers with Radar,0,1,13,0,14,0,2,87,0,89,0,3,100,0,103,32,0,32,135
11/01/2020,SMO,CA,AWP,WE,Towers with Radar,0,7,8,0,15,0,0,64,0,64,0,7,72,0,79,70,0,70,149
11/02/2020,SMO,CA,AWP,WE,Towers with Radar,0,5,16,0,21,0,0,42,0,42,0,5,58,0,63,26,0,26,89
11/03/2020,SMO,CA,AWP,WE,Towers with Radar,0,4,26,0,30,0,6,34,0,40,0,10,60,0,70,90,0,90,160
11/04/2020,SMO,CA,AWP,WE,Towers with Radar,0,1,18,0,19,0,4,56,0,60,0,5,74,0,79,35,0,35,114
11/05/2020,SMO,CA,AWP,WE,Towers with Radar,0,8,11,0,19,0,0,87,0,87,0,8,98,0,106,54,0,54,160
11/06/2020,SMO,CA,AWP,WE,Towers with Radar,0,7,36,2,45,0,0,48,0,48,0,7,84,2,93,28,0,28,121
11/07/2020,SMO,CA,AWP,WE,Towers with Radar,0,2,9,0,11,0,1,31,0,32,0,3,40,0,43,16,0,16,59
11/08/2020,SMO,CA,AWP,WE,Towers with Radar,0,1,7,2,10,0,1,21,0,22,0,2,28,2,32,6,0,6,38
11/09/2020,SMO,CA,AWP,WE,Towers with Radar,0,7,6,0,13,0,0,89,0,89,0,7,95,0,102,107,0,107,209
11/10/2020,SMO,CA,AWP,WE,Towers with Radar,0,5,13,0,18,0,2,91,0,93,0,7,104,0,111,63,0,63,174
11/11/2020,SMO,CA,AWP,WE,Towers with Radar,0,3,27,0,30,0,2,82,0,84,0,5,109,0,114,84,0,84,198
11/12/2020,SMO,CA,AWP,WE,Towers with Radar,0,3,23,2,28,0,6,77,0,83,0,9,100,2,111,76,0,76,187
11/13/2020,SMO,CA,AWP,WE,Towers with Radar,0,9,15,0,24,0,0,82,0,82,0,9,97,0,106,71,0,71,177
11/14/2020,SMO,CA,AWP,WE,Towers with Radar,0,11,8,0,19,0,2,91,0,93,0,13,99,0,112,45,0,45,157
11/15/2020,SMO,CA,AWP,WE,Towers with Radar,0,6,22,1,29,0,1,84,0,85,0,7,106,1,114,44,0,44,158
11/16/2020,SMO,CA,AWP,WE,Towers with Radar,0,3,12,0,15,0,0,64,0,64,0,3,76,0,79,46,0,46,125
11/17/2020,SMO,CA,AWP,WE,Towers with Radar,0,1,17,0,18,0,2,60,0,62,0,3,77,0,80,57,0,57,137
11/18/2020,SMO,CA,AWP,WE,Towers with Radar,0,3,20,0,23,0,0,50,0,50,0,3,70,0,73,49,0,49,122
11/19/2020,SMO,CA,AWP,WE,Towers with Radar,0,5,27,0,32,0,0,39,0,39,0,5,66,0,71,42,0,42,113
11/20/2020,SMO,CA,AWP,WE,Towers with Radar,0,8,13,0,21,0,0,65,0,65,0,8,78,0,86,83,0,83,169
11/21/2020,SMO,CA,AWP,WE,Towers with Radar,0,4,8,0,12,0,3,107,0,110,0,7,115,0,122,55,0,55,177
11/22/2020,SMO,CA,AWP,WE,Towers with Radar,0,2,13,0,15,0,2,102,0,104,0,4,115,0,119,52,0,52,171
11/23/2020,SMO,CA,AWP,WE,Towers with Radar,0,11,15,0,26,0,0,36,2,38,0,11,51,2,64,30,0,30,94
11/24/2020,SMO,CA,AWP,WE,Towers with Radar,0,6,8,0,14,0,4,65,0,69,0,10,73,0,83,66,0,66,149
11/25/2020,SMO,CA,AWP,WE,Towers with Radar,0,7,29,0,36,0,2,42,0,44,0,9,71,0,80,29,0,29,109
11/26/2020,SMO,CA,AWP,WE,Towers with Radar,0,2,1,0,3,0,0,36,0,36,0,2,37,0,39,10,0,10,49
11/27/2020,SMO,CA,AWP,WE,Towers with Radar,0,7,3,0,10,0,0,51,0,51,0,7,54,0,61,70,0,70,131
11/28/2020,SMO,CA,AWP,WE,Towers with Radar,0,3,10,0,13,0,0,92,0,92,0,3,102,0,105,37,0,37,142
11/29/2020,SMO,CA,AWP,WE,Towers with Radar,0,4,13,0,17,0,0,118,0,118,0,4,131,0,135,43,0,43,178
11/30/2020,SMO,CA,AWP,WE,Towers with Radar,0,3,3,0,6,0,0,76,0,76,0,3,79,0,82,81,1,82,164
12/01/2020,SMO,CA,AWP,WE,Towers with Radar,0,2,11,0,13,0,0,63,0,63,0,2,74,0,76,81,0,81,157
12/02/2020,SMO,CA,AWP,WE,Towers with Radar,0,2,11,0,13,0,1,57,0,58,0,3,68,0,71,31,0,31,102
12/03/2020,SMO,CA,AWP,WE,Towers with Radar,0,0,8,0,8,0,4,29,0,33,0,4,37,0,41,8,0,8,49
12/04/2020,SMO,CA,AWP,WE,Towers with Radar,0,3,5,0,8,0,0,48,0,48,0,3,53,0,56,20,0,20,76
12/05/2020,SMO,CA,AWP,WE,Towers with Radar,0,3,20,0,23,0,0,49,0,49,0,3,69,0,72,18,0,18,90
12/06/2020,SMO,CA,AWP,WE,Towers with Radar,1,1,9,0,11,0,0,50,0,50,1,1,59,0,61,0,0,0,61
12/07/2020,SMO,CA,AWP,WE,Towers with Radar,0,5,9,0,14,0,0,25,0,25,0,5,34,0,39,3,0,3,42
12/08/2020,SMO,CA,AWP,WE,Towers with Radar,0,5,10,0,15,0,2,22,0,24,0,7,32,0,39,4,0,4,43
12/09/2020,SMO,CA,AWP,WE,Towers with Radar,0,7,6,0,13,0,1,78,0,79,0,8,84,0,92,63,0,63,155
12/10/2020,SMO,CA,AWP,WE,Towers with Radar,0,8,24,0,32,0,3,59,0,62,0,11,83,0,94,70,0,70,164
12/11/2020,SMO,CA,AWP,WE,Towers with Radar,0,2,21,0,23,0,0,50,2,52,0,2,71,2,75,144,0,144,219
12/12/2020,SMO,CA,AWP,WE,Towers with Radar,0,2,20,0,22,0,1,30,0,31,0,3,50,0,53,102,0,102,155
12/13/2020,SMO,CA,AWP,WE,Towers with Radar,0,0,3,0,3,0,1,92,0,93,0,1,95,0,96,41,0,41,137
12/14/2020,SMO,CA,AWP,WE,Towers with Radar,0,2,3,0,5,0,2,26,0,28,0,4,29,0,33,13,0,13,46
12/15/2020,SMO,CA,AWP,WE,Towers with Radar,0,2,13,0,15,0,2,56,0,58,0,4,69,0,73,70,0,70,143
12/16/2020,SMO,CA,AWP,WE,Towers with Radar,0,4,11,1,16,0,0,56,0,56,0,4,67,1,72,37,0,37,109
12/17/2020,SMO,CA,AWP,WE,Towers with Radar,0,7,15,0,22,0,4,40,1,45,0,11,55,1,67,10,0,10,77
12/18/2020,SMO,CA,AWP,WE,Towers with Radar,0,2,13,1,16,0,0,58,0,58,0,2,71,1,74,68,0,68,142
12/19/2020,SMO,CA,AWP,WE,Towers with Radar,0,4,11,1,16,0,7,92,0,99,0,11,103,1,115,57,0,57,172
12/20/2020,SMO,CA,AWP,WE,Towers with Radar,0,4,15,0,19,0,1,90,0,91,0,5,105,0,110,57,0,57,167
12/21/2020,SMO,CA,AWP,WE,Towers with Radar,0,9,17,0,26,0,2,51,0,53,0,11,68,0,79,34,0,34,113
12/22/2020,SMO,CA,AWP,WE,Towers with Radar,0,3,29,0,32,0,1,65,0,66,0,4,94,0,98,60,0,60,158
12/23/2020,SMO,CA,AWP,WE,Towers with Radar,0,2,14,0,16,0,0,56,0,56,0,2,70,0,72,76,0,76,148
12/24/2020,SMO,CA,AWP,WE,Towers with Radar,0,6,18,0,24,0,1,28,0,29,0,7,46,0,53,39,0,39,92
12/25/2020,SMO,CA,AWP,WE,Towers with Radar,0,6,2,0,8,0,0,46,0,46,0,6,48,0,54,23,0,23,77
12/26/2020,SMO,CA,AWP,WE,Towers with Radar,0,3,12,0,15,0,0,63,0,63,0,3,75,0,78,14,0,14,92
12/27/2020,SMO,CA,AWP,WE,Towers with Radar,0,6,13,0,19,0,0,41,0,41,0,6,54,0,60,51,0,51,111
12/28/2020,SMO,CA,AWP,WE,Towers with Radar,0,1,7,0,8,0,0,2,0,2,0,1,9,0,10,24,0,24,34
12/29/2020,SMO,CA,AWP,WE,Towers with Radar,0,1,7,0,8,0,1,54,0,55,0,2,61,0,63,68,0,68,131
12/30/2020,SMO,CA,AWP,WE,Towers with Radar,0,3,21,0,24,0,7,92,0,99,0,10,113,0,123,126,0,126,249
12/31/2020,SMO,CA,AWP,WE,Towers with Radar,0,3,5,0,8,0,0,46,0,46,0,3,51,0,54,33,0,33,87
01/01/2021,SMO,CA,AWP,WE,Towers with Radar,0,2,10,0,12,0,0,47,0,47,0,2,57,0,59,7,0,7,66
01/02/2021,SMO,CA,AWP,WE,Towers with Radar,0,1,9,0,10,0,0,72,0,72,0,1,81,0,82,2,0,2,84
01/03/2021,SMO,CA,AWP,WE,Towers with Radar,0,3,26,0,29,0,1,29,0,30,0,4,55,0,59,25,0,25,84
01/04/2021,SMO,CA,AWP,WE,Towers with Radar,0,3,6,0,9,0,1,15,0,16,0,4,21,0,25,2,0,2,27
01/05/2021,SMO,CA,AWP,WE,Towers with Radar,0,4,22,0,26,0,1,4,0,5,0,5,26,0,31,0,0,0,31
01/06/2021,SMO,CA,AWP,WE,Towers with Radar,0,4,7,0,11,0,0,48,0,48,0,4,55,0,59,11,0,11,70
01/07/2021,SMO,CA,AWP,WE,Towers with Radar,0,3,11,0,14,0,0,51,0,51,0,3,62,0,65,38,0,38,103
01/08/2021,SMO,CA,AWP,WE,Towers with Radar,0,6,12,0,18,0,0,49,0,49,0,6,61,0,67,48,0,48,115
01/09/2021,SMO,CA,AWP,WE,Towers with Radar,0,0,13,0,13,0,0,43,0,43,0,0,56,0,56,87,0,87,143
01/10/2021,SMO,CA,AWP,WE,Towers with Radar,0,3,11,0,14,0,1,111,0,112,0,4,122,0,126,36,0,36,162
01/11/2021,SMO,CA,AWP,WE,Towers with Radar,0,4,8,0,12,0,0,66,0,66,0,4,74,0,78,32,0,32,110
01/12/2021,SMO,CA,AWP,WE,Towers with Radar,0,5,10,2,17,0,0,55,0,55,0,5,65,2,72,46,0,46,118
01/13/2021,SMO,CA,AWP,WE,Towers with Radar,0,2,10,0,12,0,4,51,0,55,0,6,61,0,67,44,0,44,111
01/14/2021,SMO,CA,AWP,WE,Towers with Radar,0,1,15,0,16,0,0,44,0,44,0,1,59,0,60,37,0,37,97
01/15/2021,SMO,CA,AWP,WE,Towers with Radar,0,10,6,0,16,0,0,69,0,69,0,10,75,0,85,49,0,49,134
01/16/2021,SMO,CA,AWP,WE,Towers with Radar,0,1,12,0,13,0,2,66,0,68,0,3,78,0,81,39,0,39,120
01/17/2021,SMO,CA,AWP,WE,Towers with Radar,0,4,16,0,20,0,0,72,0,72,0,4,88,0,92,44,0,44,136
01/18/2021,SMO,CA,AWP,WE,Towers with Radar,0,2,5,0,7,0,1,54,0,55,0,3,59,0,62,111,0,111,173
01/19/2021,SMO,CA,AWP,WE,Towers with Radar,0,0,3,0,3,0,0,14,0,14,0,0,17,0,17,9,0,9,26
01/20/2021,SMO,CA,AWP,WE,Towers with Radar,0,6,0,0,6,0,2,39,0,41,0,8,39,0,47,84,0,84,131
01/21/2021,SMO,CA,AWP,WE,Towers with Radar,0,4,21,0,25,0,1,69,0,70,0,5,90,0,95,71,0,71,166
01/22/2021,SMO,CA,AWP,WE,Towers with Radar,0,9,26,0,35,0,4,33,0,37,0,13,59,0,72,47,0,47,119
01/23/2021,SMO,CA,AWP,WE,Towers with Radar,0,2,15,0,17,0,1,27,0,28,0,3,42,0,45,62,0,62,107
01/24/2021,SMO,CA,AWP,WE,Towers with Radar,0,6,21,0,27,0,3,66,0,69,0,9,87,0,96,45,0,45,141
01/25/2021,SMO,CA,AWP,WE,Towers with Radar,0,1,3,0,4,0,0,5,0,5,0,1,8,0,9,0,0,0,9
01/26/2021,SMO,CA,AWP,WE,Towers with Radar,0,3,13,0,16,0,0,64,0,64,0,3,77,0,80,51,0,51,131
01/27/2021,SMO,CA,AWP,WE,Towers with Radar,0,2,7,0,9,0,1,22,0,23,0,3,29,0,32,50,0,50,82
01/28/2021,SMO,CA,AWP,WE,Towers with Radar,0,0,14,0,14,0,4,29,0,33,0,4,43,0,47,33,0,33,80
01/29/2021,SMO,CA,AWP,WE,Towers with Radar,0,2,16,0,18,0,4,12,0,16,0,6,28,0,34,25,0,25,59
01/30/2021,SMO,CA,AWP,WE,Towers with Radar,0,1,17,0,18,0,0,92,0,92,0,1,109,0,110,23,0,23,133
01/31/2021,SMO,CA,AWP,WE,Towers with Radar,0,4,8,0,12,0,5,107,0,112,0,9,115,0,124,48,0,48,172
02/01/2021,SMO,CA,AWP,WE,Towers with Radar,0,0,5,0,5,0,2,44,0,46,0,2,49,0,51,47,0,47,98
02/02/2021,SMO,CA,AWP,WE,Towers with Radar,0,0,5,0,5,0,0,42,0,42,0,0,47,0,47,46,0,46,93
02/03/2021,SMO,CA,AWP,WE,Towers with Radar,0,3,10,0,13,0,1,36,0,37,0,4,46,0,50,27,0,27,77
02/04/2021,SMO,CA,AWP,WE,Towers with Radar,0,11,16,0,27,0,0,69,0,69,0,11,85,0,96,59,0,59,155
02/05/2021,SMO,CA,AWP,WE,Towers with Radar,0,6,21,0,27,0,0,69,0,69,0,6,90,0,96,54,0,54,150
02/06/2021,SMO,CA,AWP,WE,Towers with Radar,0,0,13,0,13,0,0,81,0,81,0,0,94,0,94,75,0,75,169
02/07/2021,SMO,CA,AWP,WE,Towers with Radar,0,5,17,0,22,0,0,53,0,53,0,5,70,0,75,3,0,3,78
02/08/2021,SMO,CA,AWP,WE,Towers with Radar,0,6,14,0,20,0,2,36,0,38,0,8,50,0,58,34,0,34,92
02/09/2021,SMO,CA,AWP,WE,Towers with Radar,0,14,13,0,27,0,0,17,0,17,0,14,30,0,44,71,0,71,115
02/10/2021,SMO,CA,AWP,WE,Towers with Radar,0,4,15,0,19,0,0,52,0,52,0,4,67,0,71,63,0,63,134
02/11/2021,SMO,CA,AWP,WE,Towers with Radar,0,1,29,1,31,0,0,36,0,36,0,1,65,1,67,30,0,30,97
02/12/2021,SMO,CA,AWP,WE,Towers with Radar,0,4,15,0,19,0,0,26,1,27,0,4,41,1,46,23,0,23,69
02/13/2021,SMO,CA,AWP,WE,Towers with Radar,0,4,29,0,33,0,0,34,0,34,0,4,63,0,67,36,0,36,103
02/14/2021,SMO,CA,AWP,WE,Towers with Radar,0,8,9,0,17,0,0,23,0,23,0,8,32,0,40,2,0,2,42
02/15/2021,SMO,CA,AWP,WE,Towers with Radar,0,4,27,0,31,0,0,62,0,62,0,4,89,0,93,49,0,49,142
02/16/2021,SMO,CA,AWP,WE,Towers with Radar,0,15,13,0,28,0,0,43,0,43,0,15,56,0,71,79,0,79,150
02/17/2021,SMO,CA,AWP,WE,Towers with Radar,0,5,3,0,8,0,0,39,0,39,0,5,42,0,47,31,0,31,78
02/18/2021,SMO,CA,AWP,WE,Towers with Radar,0,6,12,0,18,0,4,59,0,63,0,10,71,0,81,86,0,86,167
02/19/2021,SMO,CA,AWP,WE,Towers with Radar,0,11,20,0,31,0,0,116,0,116,0,11,136,0,147,30,0,30,177
02/20/2021,SMO,CA,AWP,WE,Towers with Radar,0,4,13,0,17,0,1,32,0,33,0,5,45,0,50,1,0,1,51
02/21/2021,SMO,CA,AWP,WE,Towers with Radar,0,6,11,0,17,0,0,54,0,54,0,6,65,0,71,0,0,0,71
02/22/2021,SMO,CA,AWP,WE,Towers with Radar,0,1,16,0,17,0,2,50,0,52,0,3,66,0,69,61,0,61,130
02/23/2021,SMO,CA,AWP,WE,Towers with Radar,0,3,10,0,13,0,0,73,0,73,0,3,83,0,86,82,0,82,168
02/24/2021,SMO,CA,AWP,WE,Towers with Radar,0,0,13,0,13,0,2,80,0,82,0,2,93,0,95,85,0,85,180
02/25/2021,SMO,CA,AWP,WE,Towers with Radar,0,4,12,0,16,0,0,38,0,38,0,4,50,0,54,92,0,92,146
02/26/2021,SMO,CA,AWP,WE,Towers with Radar,0,5,19,0,24,0,0,115,0,115,0,5,134,0,139,140,1,141,280
02/27/2021,SMO,CA,AWP,WE,Towers with Radar,0,3,7,0,10,0,0,54,0,54,0,3,61,0,64,17,0,17,81
02/28/2021,SMO,CA,AWP,WE,Towers with Radar,0,6,10,1,17,0,2,81,1,84,0,8,91,2,101,10,0,10,111
03/01/2021,SMO,CA,AWP,WE,Towers with Radar,0,8,10,0,18,0,5,32,0,37,0,13,42,0,55,73,0,73,128
03/02/2021,SMO,CA,AWP,WE,Towers with Radar,0,3,10,0,13,0,3,81,0,84,0,6,91,0,97,83,0,83,180
03/03/2021,SMO,CA,AWP,WE,Towers with Radar,0,0,8,0,8,0,1,19,0,20,0,1,27,0,28,39,0,39,67
03/04/2021,SMO,CA,AWP,WE,Towers with Radar,0,2,10,0,12,0,1,92,0,93,0,3,102,0,105,95,0,95,200
03/05/2021,SMO,CA,AWP,WE,Towers with Radar,0,7,11,0,18,0,1,94,0,95,0,8,105,0,113,115,0,115,228
03/06/2021,SMO,CA,AWP,WE,Towers with Radar,0,0,10,0,10,0,0,107,0,107,0,0,117,0,117,68,0,68,185
03/07/2021,SMO,CA,AWP,WE,Towers with Radar,0,6,28,0,34,0,1,47,0,48,0,7,75,0,82,33,0,33,115
03/08/2021,SMO,CA,AWP,WE,Towers with Radar,0,2,13,1,16,0,0,54,0,54,0,2,67,1,70,82,0,82,152
03/09/2021,SMO,CA,AWP,WE,Towers with Radar,0,3,10,0,13,0,1,45,0,46,0,4,55,0,59,42,0,42,101
03/10/2021,SMO,CA,AWP,WE,Towers with Radar,0,0,8,0,8,0,2,14,0,16,0,2,22,0,24,132,2,134,158
03/11/2021,SMO,CA,AWP,WE,Towers with Radar,0,5,15,0,20,0,4,81,0,85,0,9,96,0,105,205,0,205,310
03/12/2021,SMO,CA,AWP,WE,Towers with Radar,0,7,13,0,20,0,1,81,2,84,0,8,94,2,104,120,2,122,226
03/13/2021,SMO,CA,AWP,WE,Towers with Radar,0,5,17,0,22,0,0,131,0,131,0,5,148,0,153,114,0,114,267
03/14/2021,SMO,CA,AWP,WE,Towers with Radar,0,9,35,0,44,0,0,97,2,99,0,9,132,2,143,93,0,93,236
03/15/2021,SMO,CA,AWP,WE,Towers with Radar,0,2,8,0,10,0,0,5,0,5,0,2,13,0,15,8,0,8,23
03/16/2021,SMO,CA,AWP,WE,Towers with Radar,0,6,17,0,23,0,0,62,0,62,0,6,79,0,85,43,0,43,128
03/17/2021,SMO,CA,AWP,WE,Towers with Radar,0,1,17,0,18,0,1,85,0,86,0,2,102,0,104,85,0,85,189
03/18/2021,SMO,CA,AWP,WE,Towers with Radar,0,3,10,0,13,0,0,84,0,84,0,3,94,0,97,82,0,82,179
03/19/2021,SMO,CA,AWP,WE,Towers with Radar,0,8,17,0,25,0,0,102,0,102,0,8,119,0,127,75,0,75,202
03/20/2021,SMO,CA,AWP,WE,Towers with Radar,0,4,16,0,20,0,1,60,0,61,0,5,76,0,81,55,0,55,136
03/21/2021,SMO,CA,AWP,WE,Towers with Radar,0,2,17,0,19,0,1,126,0,127,0,3,143,0,146,93,0,93,239
03/22/2021,SMO,CA,AWP,WE,Towers with Radar,0,3,7,0,10,0,0,70,0,70,0,3,77,0,80,69,0,69,149
03/23/2021,SMO,CA,AWP,WE,Towers with Radar,0,5,11,0,16,0,0,40,0,40,0,5,51,0,56,40,0,40,96
03/24/2021,SMO,CA,AWP,WE,Towers with Radar,0,9,8,0,17,0,6,36,0,42,0,15,44,0,59,21,0,21,80
03/25/2021,SMO,CA,AWP,WE,Towers with Radar,0,7,31,0,38,0,0,60,0,60,0,7,91,0,98,80,0,80,178
03/26/2021,SMO,CA,AWP,WE,Towers with Radar,0,5,22,0,27,0,0,103,0,103,0,5,125,0,130,189,0,189,319
03/27/2021,SMO,CA,AWP,WE,Towers with Radar,0,2,10,0,12,0,0,144,0,144,0,2,154,0,156,36,0,36,192
03/28/2021,SMO,CA,AWP,WE,Towers with Radar,0,14,27,0,41,0,3,134,0,137,0,17,161,0,178,73,0,73,251
03/29/2021,SMO,CA,AWP,WE,Towers with Radar,0,14,17,0,31,0,5,100,0,105,0,19,117,0,136,127,0,127,263
03/30/2021,SMO,CA,AWP,WE,Towers with Radar,0,7,19,0,26,0,0,76,0,76,0,7,95,0,102,117,0,117,219
03/31/2021,SMO,CA,AWP,WE,Towers with Radar,0,5,7,0,12,1,5,97,0,103,1,10,104,0,115,92,0,92,207
04/01/2021,SMO,CA,AWP,WE,Towers with Radar,0,4,18,0,22,0,0,102,0,102,0,4,120,0,124,45,0,45,169
04/02/2021,SMO,CA,AWP,WE,Towers with Radar,0,11,25,0,36,0,9,107,0,116,0,20,132,0,152,78,0,78,230
04/03/2021,SMO,CA,AWP,WE,Towers with Radar,0,8,35,0,43,0,7,73,0,80,0,15,108,0,123,2,0,2,125
04/04/2021,SMO,CA,AWP,WE,Towers with Radar,0,6,16,0,22,0,7,86,0,93,0,13,102,0,115,18,0,18,133
04/05/2021,SMO,CA,AWP,WE,Towers with Radar,0,9,15,0,24,0,0,80,0,80,0,9,95,0,104,103,0,103,207
04/06/2021,SMO,CA,AWP,WE,Towers with Radar,0,9,22,0,31,0,9,81,0,90,0,18,103,0,121,81,0,81,202
04/07/2021,SMO,CA,AWP,WE,Towers with Radar,0,12,18,0,30,0,3,99,0,102,0,15,117,0,132,80,2,82,214
04/08/2021,SMO,CA,AWP,WE,Towers with Radar,0,10,9,0,19,0,2,96,0,98,0,12,105,0,117,62,0,62,179
04/09/2021,SMO,CA,AWP,WE,Towers with Radar,0,9,13,0,22,0,3,118,0,121,0,12,131,0,143,53,0,53,196
04/10/2021,SMO,CA,AWP,WE,Towers with Radar,0,3,16,0,19,0,0,127,0,127,0,3,143,0,146,37,0,37,183
04/11/2021,SMO,CA,AWP,WE,Towers with Radar,0,5,40,0,45,0,2,84,0,86,0,7,124,0,131,35,0,35,166
04/12/2021,SMO,CA,AWP,WE,Towers with Radar,0,1,29,0,30,0,4,52,0,56,0,5,81,0,86,116,0,116,202
04/13/2021,SMO,CA,AWP,WE,Towers with Radar,0,5,44,0,49,0,1,13,0,14,0,6,57,0,63,37,0,37,100
04/14/2021,SMO,CA,AWP,WE,Towers with Radar,0,2,25,0,27,0,0,79,0,79,0,2,104,0,106,254,0,254,360
04/15/2021,SMO,CA,AWP,WE,Towers with Radar,0,12,24,1,37,0,1,105,2,108,0,13,129,3,145,81,0,81,226
04/16/2021,SMO,CA,AWP,WE,Towers with Radar,0,9,26,0,35,0,1,159,0,160,0,10,185,0,195,71,0,71,266
04/17/2021,SMO,CA,AWP,WE,Towers with Radar,0,9,24,0,33,0,8,121,0,129,0,17,145,0,162,75,0,75,237
04/18/2021,SMO,CA,AWP,WE,Towers with Radar,0,5,12,0,17,0,0,90,0,90,0,5,102,0,107,23,0,23,130
04/19/2021,SMO,CA,AWP,WE,Towers with Radar,0,3,15,0,18,0,0,95,0,95,0,3,110,0,113,133,0,133,246
04/20/2021,SMO,CA,AWP,WE,Towers with Radar,0,0,15,0,15,0,0,60,0,60,0,0,75,0,75,124,0,124,199
04/21/2021,SMO,CA,AWP,WE,Towers with Radar,0,4,34,0,38,0,2,38,0,40,0,6,72,0,78,208,0,208,286
04/22/2021,SMO,CA,AWP,WE,Towers with Radar,0,8,47,0,55,0,0,47,0,47,0,8,94,0,102,112,0,112,214
04/23/2021,SMO,CA,AWP,WE,Towers with Radar,0,6,57,0,63,0,3,66,0,69,0,9,123,0,132,234,0,234,366
04/24/2021,SMO,CA,AWP,WE,Towers with Radar,0,4,41,0,45,0,1,69,0,70,0,5,110,0,115,56,0,56,171
04/25/2021,SMO,CA,AWP,WE,Towers with Radar,0,6,35,0,41,0,3,79,0,82,0,9,114,0,123,89,0,89,212
04/26/2021,SMO,CA,AWP,WE,Towers with Radar,0,5,13,0,18,0,2,72,0,74,0,7,85,0,92,83,0,83,175
04/27/2021,SMO,CA,AWP,WE,Towers with Radar,0,11,21,0,32,0,6,118,1,125,0,17,139,1,157,112,0,112,269
04/28/2021,SMO,CA,AWP,WE,Towers with Radar,0,8,18,0,26,0,2,98,0,100,0,10,116,0,126,79,0,79,205
04/29/2021,SMO,CA,AWP,WE,Towers with Radar,0,4,20,0,24,0,2,102,0,104,0,6,122,0,128,71,0,71,199
04/30/2021,SMO,CA,AWP,WE,Towers with Radar,0,7,10,0,17,0,0,137,0,137,0,7,147,0,154,103,0,103,257
05/01/2021,SMO,CA,AWP,WE,Towers with Radar,0,1,23,0,24,0,4,143,0,147,0,5,166,0,171,72,0,72,243
05/02/2021,SMO,CA,AWP,WE,Towers with Radar,0,5,20,0,25,0,0,117,0,117,0,5,137,0,142,134,0,134,276
05/03/2021,SMO,CA,AWP,WE,Towers with Radar,0,5,16,0,21,0,4,64,0,68,0,9,80,0,89,37,0,37,126
05/04/2021,SMO,CA,AWP,WE,Towers with Radar,0,4,14,0,18,0,2,88,0,90,0,6,102,0,108,114,0,114,222
05/05/2021,SMO,CA,AWP,WE,Towers with Radar,0,7,39,0,46,0,1,55,0,56,0,8,94,0,102,21,0,21,123
05/06/2021,SMO,CA,AWP,WE,Towers with Radar,0,10,43,0,53,0,1,38,0,39,0,11,81,0,92,67,0,67,159
05/07/2021,SMO,CA,AWP,WE,Towers with Radar,0,6,28,0,34,0,2,70,0,72,0,8,98,0,106,162,0,162,268
05/08/2021,SMO,CA,AWP,WE,Towers with Radar,0,10,25,0,35,0,2,121,0,123,0,12,146,0,158,132,0,132,290
05/09/2021,SMO,CA,AWP,WE,Towers with Radar,0,8,18,0,26,0,0,74,0,74,0,8,92,0,100,122,0,122,222
05/10/2021,SMO,CA,AWP,WE,Towers with Radar,0,9,38,0,47,0,0,20,0,20,0,9,58,0,67,12,0,12,79
05/11/2021,SMO,CA,AWP,WE,Towers with Radar,0,7,35,0,42,0,3,83,0,86,0,10,118,0,128,151,0,151,279
05/12/2021,SMO,CA,AWP,WE,Towers with Radar,0,12,43,0,55,0,0,25,0,25,0,12,68,0,80,1,0,1,81
05/13/2021,SMO,CA,AWP,WE,Towers with Radar,0,7,54,0,61,0,2,32,2,36,0,9,86,2,97,0,0,0,97
05/14/2021,SMO,CA,AWP,WE,Towers with Radar,0,22,46,0,68,0,2,82,0,84,0,24,128,0,152,122,0,122,274
05/15/2021,SMO,CA,AWP,WE,Towers with Radar,0,5,37,0,42,0,0,123,0,123,0,5,160,0,165,80,0,80,245
05/16/2021,SMO,CA,AWP,WE,Towers with Radar,0,3,45,0,48,0,1,33,0,34,0,4,78,0,82,152,0,152,234
05/17/2021,SMO,CA,AWP,WE,Towers with Radar,0,9,23,1,33,0,3,41,1,45,0,12,64,2,78,188,0,188,266
05/18/2021,SMO,CA,AWP,WE,Towers with Radar,0,10,26,0,36,0,0,87,0,87,0,10,113,0,123,194,0,194,317
05/19/2021,SMO,CA,AWP,WE,Towers with Radar,0,9,21,0,30,0,0,70,0,70,0,9,91,0,100,157,0,157,257
05/20/2021,SMO,CA,AWP,WE,Towers with Radar,0,7,32,0,39,0,3,108,0,111,0,10,140,0,150,195,0,195,345
05/21/2021,SMO,CA,AWP,WE,Towers with Radar,0,16,27,1,44,0,1,71,1,73,0,17,98,2,117,69,0,69,186
05/22/2021,SMO,CA,AWP,WE,Towers with Radar,0,5,9,0,14,0,0,121,0,121,0,5,130,0,135,47,0,47,182
05/23/2021,SMO,CA,AWP,WE,Towers with Radar,0,9,12,0,21,0,2,118,0,120,0,11,130,0,141,97,0,97,238
05/24/2021,SMO,CA,AWP,WE,Towers with Radar,0,13,17,0,30,0,7,102,0,109,0,20,119,0,139,66,0,66,205
05/25/2021,SMO,CA,AWP,WE,Towers with Radar,0,10,15,0,25,0,3,87,0,90,0,13,102,0,115,89,0,89,204
05/26/2021,SMO,CA,AWP,WE,Towers with Radar,0,11,25,1,37,0,3,100,0,103,0,14,125,1,140,141,0,141,281
05/27/2021,SMO,CA,AWP,WE,Towers with Radar,0,10,40,0,50,0,0,75,0,75,0,10,115,0,125,168,0,168,293
05/28/2021,SMO,CA,AWP,WE,Towers with Radar,0,12,49,0,61,0,2,87,0,89,0,14,136,0,150,97,0,97,247
05/29/2021,SMO,CA,AWP,WE,Towers with Radar,0,8,34,0,42,0,2,53,0,55,0,10,87,0,97,132,0,132,229
05/30/2021,SMO,CA,AWP,WE,Towers with Radar,0,9,29,0,38,0,3,76,0,79,0,12,105,0,117,67,0,67,184
05/31/2021,SMO,CA,AWP,WE,Towers with Radar,0,9,31,1,41,0,6,79,0,85,0,15,110,1,126,50,0,50,176
06/01/2021,SMO,CA,AWP,WE,Towers with Radar,0,8,46,0,54,0,1,17,0,18,0,9,63,0,72,2,0,2,74
06/02/2021,SMO,CA,AWP,WE,Towers with Radar,0,6,57,0,63,0,0,1,0,1,0,6,58,0,64,0,0,0,64
06/03/2021,SMO,CA,AWP,WE,Towers with Radar,0,5,39,0,44,0,4,71,0,75,0,9,110,0,119,100,0,100,219
06/04/2021,SMO,CA,AWP,WE,Towers with Radar,0,4,25,0,29,0,3,93,0,96,0,7,118,0,125,59,0,59,184
06/05/2021,SMO,CA,AWP,WE,Towers with Radar,0,0,28,0,28,0,0,135,0,135,0,0,163,0,163,94,0,94,257
06/06/2021,SMO,CA,AWP,WE,Towers with Radar,0,5,28,0,33,0,10,142,0,152,0,15,170,0,185,73,0,73,258
06/07/2021,SMO,CA,AWP,WE,Towers with Radar,0,7,30,0,37,0,2,23,0,25,0,9,53,0,62,80,0,80,142
06/08/2021,SMO,CA,AWP,WE,Towers with Radar,0,7,18,0,25,0,2,98,1,101,0,9,116,1,126,145,0,145,271
06/09/2021,SMO,CA,AWP,WE,Towers with Radar,0,10,19,1,30,0,3,130,0,133,0,13,149,1,163,106,0,106,269
06/10/2021,SMO,CA,AWP,WE,Towers with Radar,0,8,14,1,23,0,2,110,0,112,0,10,124,1,135,78,0,78,213
06/11/2021,SMO,CA,AWP,WE,Towers with Radar,0,8,12,0,20,0,2,119,0,121,0,10,131,0,141,106,0,106,247
06/12/2021,SMO,CA,AWP,WE,Towers with Radar,0,4,9,0,13,0,2,170,0,172,0,6,179,0,185,87,0,87,272
06/13/2021,SMO,CA,AWP,WE,Towers with Radar,0,2,22,0,24,0,1,141,0,142,0,3,163,0,166,106,0,106,272
06/14/2021,SMO,CA,AWP,WE,Towers with Radar,0,4,10,0,14,0,5,118,0,123,0,9,128,0,137,142,0,142,279
06/15/2021,SMO,CA,AWP,WE,Towers with Radar,0,6,12,0,18,0,2,114,0,116,0,8,126,0,134,157,0,157,291
06/16/2021,SMO,CA,AWP,WE,Towers with Radar,0,16,9,0,25,0,4,112,0,116,0,20,121,0,141,108,0,108,249
06/17/2021,SMO,CA,AWP,WE,Towers with Radar,0,7,29,0,36,0,0,48,0,48,0,7,77,0,84,43,0,43,127
06/18/2021,SMO,CA,AWP,WE,Towers with Radar,0,6,42,0,48,0,0,0,0,0,0,6,42,0,48,0,0,0,48
06/19/2021,SMO,CA,AWP,WE,Towers with Radar,0,4,43,0,47,0,0,1,0,1,0,4,44,0,48,0,0,0,48
06/20/2021,SMO,CA,AWP,WE,Towers with Radar,0,7,28,0,35,0,0,0,0,0,0,7,28,0,35,0,0,0,35
06/21/2021,SMO,CA,AWP,WE,Towers with Radar,0,11,20,0,31,0,7,122,0,129,0,18,142,0,160,71,0,71,231
06/22/2021,SMO,CA,AWP,WE,Towers with Radar,0,5,19,0,24,0,3,113,0,116,0,8,132,0,140,157,0,157,297
06/23/2021,SMO,CA,AWP,WE,Towers with Radar,0,12,11,0,23,0,1,113,0,114,0,13,124,0,137,115,0,115,252
06/24/2021,SMO,CA,AWP,WE,Towers with Radar,0,8,15,0,23,0,8,140,0,148,0,16,155,0,171,156,0,156,327
06/25/2021,SMO,CA,AWP,WE,Towers with Radar,0,5,15,0,20,0,0,0,0,0,0,5,15,0,20,0,0,0,20
06/26/2021,SMO,CA,AWP,WE,Towers with Radar,0,0,9,0,9,0,0,1,0,1,0,0,10,0,10,0,0,0,10
06/27/2021,SMO,CA,AWP,WE,Towers with Radar,0,2,40,0,42,0,2,73,0,75,0,4,113,0,117,13,0,13,130
06/28/2021,SMO,CA,AWP,WE,Towers with Radar,0,3,19,0,22,0,1,66,0,67,0,4,85,0,89,20,0,20,109
06/29/2021,SMO,CA,AWP,WE,Towers with Radar,0,8,31,0,39,0,3,46,0,49,0,11,77,0,88,26,0,26,114
06/30/2021,SMO,CA,AWP,WE,Towers with Radar,0,6,28,0,34,0,3,81,0,84,0,9,109,0,118,113,0,113,231
07/01/2021,SMO,CA,AWP,WE,Towers with Radar,0,4,6,0,10,0,3,84,0,87,0,7,90,0,97,130,0,130,227
07/02/2021,SMO,CA,AWP,WE,Towers with Radar,0,9,61,0,70,0,3,27,0,30,0,12,88,0,100,0,0,0,100
07/03/2021,SMO,CA,AWP,WE,Towers with Radar,0,3,14,0,17,0,0,138,0,138,0,3,152,0,155,109,0,109,264
07/04/2021,SMO,CA,AWP,WE,Towers with Radar,0,4,5,0,9,0,1,108,0,109,0,5,113,0,118,68,0,68,186
07/05/2021,SMO,CA,AWP,WE,Towers with Radar,0,7,21,0,28,0,4,80,0,84,0,11,101,0,112,88,0,88,200
07/06/2021,SMO,CA,AWP,WE,Towers with Radar,0,3,22,0,25,0,0,97,0,97,0,3,119,0,122,124,0,124,246
07/07/2021,SMO,CA,AWP,WE,Towers with Radar,0,5,24,0,29,0,5,95,0,100,0,10,119,0,129,0,0,0,129
07/08/2021,SMO,CA,AWP,WE,Towers with Radar,0,1,20,0,21,0,6,134,0,140,0,7,154,0,161,156,0,156,317
07/09/2021,SMO,CA,AWP,WE,Towers with Radar,0,6,28,0,34,0,0,126,0,126,0,6,154,0,160,135,0,135,295
07/10/2021,SMO,CA,AWP,WE,Towers with Radar,0,4,10,0,14,0,0,161,0,161,0,4,171,0,175,64,0,64,239
07/11/2021,SMO,CA,AWP,WE,Towers with Radar,0,4,18,0,22,0,11,155,0,166,0,15,173,0,188,142,0,142,330
07/12/2021,SMO,CA,AWP,WE,Towers with Radar,0,13,23,0,36,0,8,65,0,73,0,21,88,0,109,80,0,80,189
07/13/2021,SMO,CA,AWP,WE,Towers with Radar,0,11,50,0,61,0,1,67,0,68,0,12,117,0,129,121,0,121,250
07/14/2021,SMO,CA,AWP,WE,Towers with Radar,0,11,22,0,33,0,2,81,0,83,0,13,103,0,116,49,0,49,165
07/15/2021,SMO,CA,AWP,WE,Towers with Radar,0,14,27,0,41,0,3,79,0,82,0,17,106,0,123,92,0,92,215
07/16/2021,SMO,CA,AWP,WE,Towers with Radar,0,4,25,0,29,0,0,107,0,107,0,4,132,0,136,104,0,104,240
07/17/2021,SMO,CA,AWP,WE,Towers with Radar,0,5,16,0,21,0,0,105,0,105,0,5,121,0,126,101,0,101,227
07/18/2021,SMO,CA,AWP,WE,Towers with Radar,0,6,19,0,25,0,1,112,0,113,0,7,131,0,138,61,0,61,199
07/19/2021,SMO,CA,AWP,WE,Towers with Radar,0,3,6,0,9,0,1,110,0,111,0,4,116,0,120,168,0,168,288
07/20/2021,SMO,CA,AWP,WE,Towers with Radar,0,5,7,0,12,0,2,111,0,113,0,7,118,0,125,116,0,116,241
07/21/2021,SMO,CA,AWP,WE,Towers with Radar,0,7,16,0,23,0,8,115,1,124,0,15,131,1,147,188,0,188,335
07/22/2021,SMO,CA,AWP,WE,Towers with Radar,0,13,16,0,29,0,1,117,0,118,0,14,133,0,147,107,0,107,254
07/23/2021,SMO,CA,AWP,WE,Towers with Radar,0,3,18,0,21,0,0,106,0,106,0,3,124,0,127,119,0,119,246
07/24/2021,SMO,CA,AWP,WE,Towers with Radar,0,2,27,0,29,0,0,66,0,66,0,2,93,0,95,52,0,52,147
07/25/2021,SMO,CA,AWP,WE,Towers with Radar,0,10,29,0,39,0,0,110,0,110,0,10,139,0,149,68,0,68,217
07/26/2021,SMO,CA,AWP,WE,Towers with Radar,0,7,18,0,25,0,0,64,0,64,0,7,82,0,89,81,0,81,170
07/27/2021,SMO,CA,AWP,WE,Towers with Radar,0,5,24,0,29,0,0,67,0,67,0,5,91,0,96,50,0,50,146
07/28/2021,SMO,CA,AWP,WE,Towers with Radar,0,9,15,0,24,0,3,81,1,85,0,12,96,1,109,103,0,103,212
07/29/2021,SMO,CA,AWP,WE,Towers with Radar,0,8,39,0,47,0,0,83,0,83,0,8,122,0,130,91,0,91,221
07/30/2021,SMO,CA,AWP,WE,Towers with Radar,0,5,19,0,24,0,0,91,0,91,0,5,110,0,115,100,0,100,215
07/31/2021,SMO,CA,AWP,WE,Towers with Radar,0,1,21,0,22,0,0,79,0,79,0,1,100,0,101,41,0,41,142
08/01/2021,SMO,CA,AWP,WE,Towers with Radar,0,4,13,0,17,0,0,135,0,135,0,4,148,0,152,97,0,97,249
08/02/2021,SMO,CA,AWP,WE,Towers with Radar,0,5,8,0,13,0,9,96,0,105,0,14,104,0,118,110,0,110,228
08/03/2021,SMO,CA,AWP,WE,Towers with Radar,0,8,15,0,23,0,2,110,0,112,0,10,125,0,135,135,0,135,270
08/04/2021,SMO,CA,AWP,WE,Towers with Radar,0,17,23,0,40,0,3,123,0,126,0,20,146,0,166,42,0,42,208
08/05/2021,SMO,CA,AWP,WE,Towers with Radar,0,6,13,0,19,0,2,86,0,88,0,8,99,0,107,116,0,116,223
08/06/2021,SMO,CA,AWP,WE,Towers with Radar,0,8,21,0,29,0,3,91,0,94,0,11,112,0,123,64,0,64,187
08/07/2021,SMO,CA,AWP,WE,Towers with Radar,0,10,30,0,40,0,2,91,0,93,0,12,121,0,133,64,0,64,197
08/08/2021,SMO,CA,AWP,WE,Towers with Radar,0,9,21,0,30,0,1,102,0,103,0,10,123,0,133,33,0,33,166
08/09/2021,SMO,CA,AWP,WE,Towers with Radar,0,4,20,0,24,0,2,96,0,98,0,6,116,0,122,104,0,104,226
08/10/2021,SMO,CA,AWP,WE,Towers with Radar,0,9,21,0,30,0,4,94,2,100,0,13,115,2,130,73,0,73,203
08/11/2021,SMO,CA,AWP,WE,Towers with Radar,0,5,23,0,28,0,0,104,0,104,0,5,127,0,132,184,0,184,316
08/12/2021,SMO,CA,AWP,WE,Towers with Radar,0,8,13,0,21,0,0,91,0,91,0,8,104,0,112,71,0,71,183
08/13/2021,SMO,CA,AWP,WE,Towers with Radar,0,7,13,0,20,0,1,121,0,122,0,8,134,0,142,68,0,68,210
08/14/2021,SMO,CA,AWP,WE,Towers with Radar,0,8,8,0,16,0,0,140,0,140,0,8,148,0,156,64,0,64,220
08/15/2021,SMO,CA,AWP,WE,Towers with Radar,0,14,17,0,31,0,4,130,0,134,0,18,147,0,165,54,0,54,219
08/16/2021,SMO,CA,AWP,WE,Towers with Radar,0,6,16,0,22,0,0,80,0,80,0,6,96,0,102,116,0,116,218
08/17/2021,SMO,CA,AWP,WE,Towers with Radar,0,7,25,0,32,0,0,77,0,77,0,7,102,0,109,45,0,45,154
08/18/2021,SMO,CA,AWP,WE,Towers with Radar,0,11,38,0,49,0,2,23,0,25,0,13,61,0,74,70,0,70,144
08/19/2021,SMO,CA,AWP,WE,Towers with Radar,0,8,43,0,51,0,1,74,0,75,0,9,117,0,126,216,0,216,342
08/20/2021,SMO,CA,AWP,WE,Towers with Radar,0,1,32,0,33,0,4,98,0,102,0,5,130,0,135,163,0,163,298
08/21/2021,SMO,CA,AWP,WE,Towers with Radar,0,2,45,0,47,0,1,61,0,62,0,3,106,0,109,52,0,52,161
08/22/2021,SMO,CA,AWP,WE,Towers with Radar,0,5,26,0,31,0,1,134,0,135,0,6,160,0,166,82,0,82,248
08/23/2021,SMO,CA,AWP,WE,Towers with Radar,0,9,27,0,36,0,5,92,0,97,0,14,119,0,133,141,0,141,274
08/24/2021,SMO,CA,AWP,WE,Towers with Radar,0,13,15,0,28,0,1,120,0,121,0,14,135,0,149,120,0,120,269
08/25/2021,SMO,CA,AWP,WE,Towers with Radar,0,8,17,0,25,0,0,134,2,136,0,8,151,2,161,74,0,74,235
08/26/2021,SMO,CA,AWP,WE,Towers with Radar,0,4,20,0,24,0,0,120,0,120,0,4,140,0,144,84,0,84,228
08/27/2021,SMO,CA,AWP,WE,Towers with Radar,0,5,19,0,24,0,5,116,2,123,0,10,135,2,147,174,0,174,321
08/28/2021,SMO,CA,AWP,WE,Towers with Radar,0,6,17,0,23,0,2,119,0,121,0,8,136,0,144,27,0,27,171
08/29/2021,SMO,CA,AWP,WE,Towers with Radar,0,8,27,0,35,0,0,0,0,0,0,8,27,0,35,0,0,0,35
08/30/2021,SMO,CA,AWP,WE,Towers with Radar,0,3,22,0,25,0,3,47,0,50,0,6,69,0,75,27,0,27,102
08/31/2021,SMO,CA,AWP,WE,Towers with Radar,0,4,33,0,37,0,1,38,0,39,0,5,71,0,76,85,0,85,161
09/01/2021,SMO,CA,AWP,WE,Towers with Radar,0,15,34,0,49,0,1,49,0,50,0,16,83,0,99,185,0,185,284
09/02/2021,SMO,CA,AWP,WE,Towers with Radar,0,15,27,0,42,0,0,61,0,61,0,15,88,0,103,120,0,120,223
09/03/2021,SMO,CA,AWP,WE,Towers with Radar,0,11,39,0,50,0,2,106,0,108,0,13,145,0,158,44,0,44,202
09/04/2021,SMO,CA,AWP,WE,Towers with Radar,0,6,13,0,19,0,1,116,0,117,0,7,129,0,136,67,0,67,203
09/05/2021,SMO,CA,AWP,WE,Towers with Radar,0,8,19,0,27,0,6,152,0,158,0,14,171,0,185,75,0,75,260
09/06/2021,SMO,CA,AWP,WE,Towers with Radar,0,2,18,0,20,0,8,127,0,135,0,10,145,0,155,84,0,84,239
09/07/2021,SMO,CA,AWP,WE,Towers with Radar,0,8,12,0,20,0,2,97,0,99,0,10,109,0,119,68,0,68,187
09/08/2021,SMO,CA,AWP,WE,Towers with Radar,0,3,26,0,29,0,1,44,0,45,0,4,70,0,74,26,0,26,100
09/09/2021,SMO,CA,AWP,WE,Towers with Radar,0,10,23,0,33,0,0,98,2,100,0,10,121,2,133,97,0,97,230
09/10/2021,SMO,CA,AWP,WE,Towers with Radar,0,4,17,0,21,0,0,121,0,121,0,4,138,0,142,99,0,99,241
09/11/2021,SMO,CA,AWP,WE,Towers with Radar,0,5,14,0,19,0,1,157,0,158,0,6,171,0,177,106,0,106,283
09/12/2021,SMO,CA,AWP,WE,Towers with Radar,0,5,22,0,27,0,6,127,0,133,0,11,149,0,160,74,0,74,234
09/13/2021,SMO,CA,AWP,WE,Towers with Radar,0,7,21,0,28,0,1,42,0,43,0,8,63,0,71,97,0,97,168
09/14/2021,SMO,CA,AWP,WE,Towers with Radar,0,4,19,0,23,0,0,63,0,63,0,4,82,0,86,161,0,161,247
09/15/2021,SMO,CA,AWP,WE,Towers with Radar,0,8,16,0,24,0,1,92,0,93,0,9,108,0,117,92,0,92,209
09/16/2021,SMO,CA,AWP,WE,Towers with Radar,0,6,29,0,35,0,0,63,0,63,0,6,92,0,98,110,0,110,208
09/17/2021,SMO,CA,AWP,WE,Towers with Radar,0,4,29,0,33,0,2,83,0,85,0,6,112,0,118,118,0,118,236
09/18/2021,SMO,CA,AWP,WE,Towers with Radar,0,4,15,0,19,0,0,2,0,2,0,4,17,0,21,0,0,0,21
09/19/2021,SMO,CA,AWP,WE,Towers with Radar,0,8,29,0,37,0,1,128,0,129,0,9,157,0,166,44,0,44,210
09/20/2021,SMO,CA,AWP,WE,Towers with Radar,0,9,21,0,30,0,3,98,0,101,0,12,119,0,131,42,0,42,173
09/21/2021,SMO,CA,AWP,WE,Towers with Radar,0,12,23,0,35,0,0,101,0,101,0,12,124,0,136,92,0,92,228
09/22/2021,SMO,CA,AWP,WE,Towers with Radar,0,5,18,0,23,0,1,84,0,85,0,6,102,0,108,72,0,72,180
09/23/2021,SMO,CA,AWP,WE,Towers with Radar,0,8,23,0,31,0,2,95,0,97,0,10,118,0,128,72,0,72,200
09/24/2021,SMO,CA,AWP,WE,Towers with Radar,0,2,23,0,25,0,6,80,1,87,0,8,103,1,112,73,0,73,185
09/25/2021,SMO,CA,AWP,WE,Towers with Radar,0,6,35,0,41,0,2,87,0,89,0,8,122,0,130,21,0,21,151
09/26/2021,SMO,CA,AWP,WE,Towers with Radar,0,6,71,0,77,0,1,27,0,28,0,7,98,0,105,0,0,0,105
09/27/2021,SMO,CA,AWP,WE,Towers with Radar,0,10,43,0,53,0,1,18,0,19,0,11,61,0,72,41,0,41,113
09/28/2021,SMO,CA,AWP,WE,Towers with Radar,0,12,47,0,59,0,1,57,0,58,0,13,104,0,117,99,0,99,216
09/29/2021,SMO,CA,AWP,WE,Towers with Radar,0,7,14,0,21,0,1,139,0,140,0,8,153,0,161,98,0,98,259
09/30/2021,SMO,CA,AWP,WE,Towers with Radar,0,3,17,0,20,0,3,110,0,113,0,6,127,0,133,127,0,127,260
10/01/2021,SMO,CA,AWP,WE,Towers with Radar,0,8,24,0,32,0,0,134,1,135,0,8,158,1,167,96,0,96,263
10/02/2021,SMO,CA,AWP,WE,Towers with Radar,0,4,20,0,24,0,5,122,0,127,0,9,142,0,151,91,0,91,242
10/03/2021,SMO,CA,AWP,WE,Towers with Radar,0,7,18,0,25,0,3,122,0,125,0,10,140,0,150,64,0,64,214
10/04/2021,SMO,CA,AWP,WE,Towers with Radar,0,4,24,0,28,0,2,52,2,56,0,6,76,2,84,51,0,51,135
10/05/2021,SMO,CA,AWP,WE,Towers with Radar,0,16,19,1,36,0,6,110,1,117,0,22,129,2,153,132,0,132,285
10/06/2021,SMO,CA,AWP,WE,Towers with Radar,0,6,43,0,49,0,8,69,0,77,0,14,112,0,126,104,0,104,230
10/07/2021,SMO,CA,AWP,WE,Towers with Radar,0,18,56,2,76,0,3,47,0,50,0,21,103,2,126,85,0,85,211
10/08/2021,SMO,CA,AWP,WE,Towers with Radar,0,7,36,0,43,0,0,83,0,83,0,7,119,0,126,76,0,76,202
10/09/2021,SMO,CA,AWP,WE,Towers with Radar,0,7,9,0,16,0,11,161,0,172,0,18,170,0,188,78,0,78,266
10/10/2021,SMO,CA,AWP,WE,Towers with Radar,0,8,18,0,26,0,1,127,0,128,0,9,145,0,154,94,0,94,248
10/11/2021,SMO,CA,AWP,WE,Towers with Radar,0,9,19,0,28,0,3,50,0,53,0,12,69,0,81,40,0,40,121
10/12/2021,SMO,CA,AWP,WE,Towers with Radar,0,6,14,0,20,0,2,42,0,44,0,8,56,0,64,9,0,9,73
10/13/2021,SMO,CA,AWP,WE,Towers with Radar,0,7,24,2,33,0,2,98,2,102,0,9,122,4,135,91,0,91,226
10/14/2021,SMO,CA,AWP,WE,Towers with Radar,0,18,26,1,45,0,3,91,1,95,0,21,117,2,140,75,0,75,215
10/15/2021,SMO,CA,AWP,WE,Towers with Radar,0,13,17,0,30,0,0,132,0,132,0,13,149,0,162,132,0,132,294
10/16/2021,SMO,CA,AWP,WE,Towers with Radar,0,8,11,0,19,0,9,157,0,166,0,17,168,0,185,70,0,70,255
10/17/2021,SMO,CA,AWP,WE,Towers with Radar,0,7,25,0,32,0,3,90,0,93,0,10,115,0,125,35,0,35,160
10/18/2021,SMO,CA,AWP,WE,Towers with Radar,0,16,28,0,44,0,0,60,0,60,0,16,88,0,104,62,0,62,166
10/19/2021,SMO,CA,AWP,WE,Towers with Radar,0,21,19,0,40,0,2,78,0,80,0,23,97,0,120,158,0,158,278
10/20/2021,SMO,CA,AWP,WE,Towers with Radar,0,9,29,0,38,0,3,97,0,100,0,12,126,0,138,110,0,110,248
10/21/2021,SMO,CA,AWP,WE,Towers with Radar,0,13,26,1,40,0,0,85,1,86,0,13,111,2,126,110,0,110,236
10/22/2021,SMO,CA,AWP,WE,Towers with Radar,0,15,43,0,58,0,1,36,0,37,0,16,79,0,95,16,0,16,111
10/23/2021,SMO,CA,AWP,WE,Towers with Radar,0,8,27,0,35,0,1,39,0,40,0,9,66,0,75,99,0,99,174
10/24/2021,SMO,CA,AWP,WE,Towers with Radar,0,7,34,0,41,0,1,51,0,52,0,8,85,0,93,158,0,158,251
10/25/2021,SMO,CA,AWP,WE,Towers with Radar,0,4,13,0,17,0,0,0,0,0,0,4,13,0,17,0,0,0,17
10/26/2021,SMO,CA,AWP,WE,Towers with Radar,0,13,10,0,23,0,3,105,0,108,0,16,115,0,131,165,0,165,296
10/27/2021,SMO,CA,AWP,WE,Towers with Radar,0,10,22,0,32,0,1,122,0,123,0,11,144,0,155,150,0,150,305
10/28/2021,SMO,CA,AWP,WE,Towers with Radar,0,9,27,0,36,0,0,97,0,97,0,9,124,0,133,192,0,192,325
10/29/2021,SMO,CA,AWP,WE,Towers with Radar,0,14,20,0,34,0,2,126,0,128,0,16,146,0,162,171,0,171,333
10/30/2021,SMO,CA,AWP,WE,Towers with Radar,0,3,20,0,23,0,0,48,0,48,0,3,68,0,71,37,0,37,108
10/31/2021,SMO,CA,AWP,WE,Towers with Radar,0,10,34,0,44,0,5,46,0,51,0,15,80,0,95,50,0,50,145
11/01/2021,SMO,CA,AWP,WE,Towers with Radar,0,8,25,0,33,0,2,87,0,89,0,10,112,0,122,201,0,201,323
11/02/2021,SMO,CA,AWP,WE,Towers with Radar,0,18,44,0,62,0,0,38,0,38,0,18,82,0,100,18,0,18,118
11/03/2021,SMO,CA,AWP,WE,Towers with Radar,0,7,31,0,38,0,0,1,0,1,0,7,32,0,39,0,0,0,39
11/04/2021,SMO,CA,AWP,WE,Towers with Radar,0,15,39,0,54,0,0,28,0,28,0,15,67,0,82,2,0,2,84
11/05/2021,SMO,CA,AWP,WE,Towers with Radar,0,3,22,0,25,0,0,17,0,17,0,3,39,0,42,0,0,0,42
11/06/2021,SMO,CA,AWP,WE,Towers with Radar,0,5,59,0,64,0,0,3,0,3,0,5,62,0,67,0,0,0,67
11/07/2021,SMO,CA,AWP,WE,Towers with Radar,0,4,36,0,40,0,5,20,0,25,0,9,56,0,65,0,0,0,65
11/08/2021,SMO,CA,AWP,WE,Towers with Radar,0,6,25,0,31,0,8,89,0,97,0,14,114,0,128,149,0,149,277
11/09/2021,SMO,CA,AWP,WE,Towers with Radar,0,10,31,0,41,0,0,41,0,41,0,10,72,0,82,62,0,62,144
11/10/2021,SMO,CA,AWP,WE,Towers with Radar,0,10,26,0,36,0,1,109,0,110,0,11,135,0,146,164,0,164,310
11/11/2021,SMO,CA,AWP,WE,Towers with Radar,0,15,13,0,28,0,4,110,0,114,0,19,123,0,142,215,0,215,357
11/12/2021,SMO,CA,AWP,WE,Towers with Radar,0,20,26,0,46,0,1,134,0,135,0,21,160,0,181,156,0,156,337
11/13/2021,SMO,CA,AWP,WE,Towers with Radar,0,5,8,0,13,0,3,164,0,167,0,8,172,0,180,102,0,102,282
11/14/2021,SMO,CA,AWP,WE,Towers with Radar,0,12,10,0,22,0,11,147,0,158,0,23,157,0,180,110,0,110,290
11/15/2021,SMO,CA,AWP,WE,Towers with Radar,0,15,23,0,38,0,3,90,0,93,0,18,113,0,131,104,0,104,235
11/16/2021,SMO,CA,AWP,WE,Towers with Radar,0,16,35,0,51,0,4,50,0,54,0,20,85,0,105,22,0,22,127
11/17/2021,SMO,CA,AWP,WE,Towers with Radar,0,12,25,0,37,0,1,86,0,87,0,13,111,0,124,96,0,96,220
11/18/2021,SMO,CA,AWP,WE,Towers with Radar,0,10,37,1,48,0,1,18,0,19,0,11,55,1,67,6,0,6,73
11/19/2021,SMO,CA,AWP,WE,Towers with Radar,0,18,40,1,59,0,2,53,0,55,0,20,93,1,114,84,0,84,198
11/20/2021,SMO,CA,AWP,WE,Towers with Radar,0,3,32,0,35,0,2,57,0,59,0,5,89,0,94,26,0,26,120
11/21/2021,SMO,CA,AWP,WE,Towers with Radar,0,6,16,0,22,0,4,123,0,127,0,10,139,0,149,62,0,62,211
11/22/2021,SMO,CA,AWP,WE,Towers with Radar,0,6,5,0,11,1,8,75,0,84,1,14,80,0,95,52,0,52,147
11/23/2021,SMO,CA,AWP,WE,Towers with Radar,0,6,15,0,21,0,0,105,0,105,0,6,120,0,126,78,0,78,204
11/24/2021,SMO,CA,AWP,WE,Towers with Radar,0,3,13,0,16,0,3,112,0,115,0,6,125,0,131,135,0,135,266
11/25/2021,SMO,CA,AWP,WE,Towers with Radar,0,10,3,0,13,0,6,32,0,38,0,16,35,0,51,28,0,28,79
11/26/2021,SMO,CA,AWP,WE,Towers with Radar,0,6,12,0,18,0,9,74,0,83,0,15,86,0,101,68,0,68,169
11/27/2021,SMO,CA,AWP,WE,Towers with Radar,0,12,12,0,24,0,1,109,0,110,0,13,121,0,134,35,0,35,169
11/28/2021,SMO,CA,AWP,WE,Towers with Radar,0,7,22,0,29,0,8,153,0,161,0,15,175,0,190,50,0,50,240
11/29/2021,SMO,CA,AWP,WE,Towers with Radar,0,4,20,0,24,0,7,83,0,90,0,11,103,0,114,107,0,107,221
11/30/2021,SMO,CA,AWP,WE,Towers with Radar,0,9,25,1,35,0,2,33,1,36,0,11,58,2,71,15,0,15,86
12/01/2021,SMO,CA,AWP,WE,Towers with Radar,0,10,14,0,24,0,0,18,0,18,0,10,32,0,42,4,0,4,46
12/02/2021,SMO,CA,AWP,WE,Towers with Radar,0,9,28,0,37,0,0,1,0,1,0,9,29,0,38,0,0,0,38
12/03/2021,SMO,CA,AWP,WE,Towers with Radar,0,11,36,0,47,0,0,35,0,35,0,11,71,0,82,54,0,54,136
12/04/2021,SMO,CA,AWP,WE,Towers with Radar,0,10,23,0,33,0,4,58,0,62,0,14,81,0,95,81,0,81,176
12/05/2021,SMO,CA,AWP,WE,Towers with Radar,0,11,29,0,40,0,0,71,0,71,0,11,100,0,111,80,0,80,191
12/06/2021,SMO,CA,AWP,WE,Towers with Radar,0,3,29,0,32,0,3,34,0,37,0,6,63,0,69,30,0,30,99
12/07/2021,SMO,CA,AWP,WE,Towers with Radar,0,4,20,4,28,0,1,21,0,22,0,5,41,4,50,177,0,177,227
12/08/2021,SMO,CA,AWP,WE,Towers with Radar,0,14,25,0,39,0,2,77,0,79,0,16,102,0,118,86,0,86,204
12/09/2021,SMO,CA,AWP,WE,Towers with Radar,0,7,16,0,23,0,3,13,4,20,0,10,29,4,43,44,0,44,87
12/10/2021,SMO,CA,AWP,WE,Towers with Radar,0,15,24,0,39,0,4,145,0,149,0,19,169,0,188,107,0,107,295
12/11/2021,SMO,CA,AWP,WE,Towers with Radar,2,8,13,0,23,0,2,122,0,124,2,10,135,0,147,94,0,94,241
12/12/2021,SMO,CA,AWP,WE,Towers with Radar,0,6,13,0,19,0,6,123,0,129,0,12,136,0,148,54,0,54,202
12/13/2021,SMO,CA,AWP,WE,Towers with Radar,0,6,22,0,28,0,2,54,0,56,0,8,76,0,84,77,0,77,161
12/14/2021,SMO,CA,AWP,WE,Towers with Radar,0,0,1,0,1,0,3,2,0,5,0,3,3,0,6,0,0,0,6
12/15/2021,SMO,CA,AWP,WE,Towers with Radar,0,7,4,0,11,0,4,124,6,134,0,11,128,6,145,71,0,71,216
12/16/2021,SMO,CA,AWP,WE,Towers with Radar,0,5,32,0,37,0,0,38,0,38,0,5,70,0,75,76,0,76,151
12/17/2021,SMO,CA,AWP,WE,Towers with Radar,0,15,21,0,36,0,0,119,0,119,0,15,140,0,155,88,0,88,243
12/18/2021,SMO,CA,AWP,WE,Towers with Radar,0,9,8,0,17,0,3,143,0,146,0,12,151,0,163,44,0,44,207
12/19/2021,SMO,CA,AWP,WE,Towers with Radar,0,3,19,0,22,0,1,106,0,107,0,4,125,0,129,44,0,44,173
12/20/2021,SMO,CA,AWP,WE,Towers with Radar,0,5,18,0,23,0,5,104,0,109,0,10,122,0,132,65,0,65,197
12/21/2021,SMO,CA,AWP,WE,Towers with Radar,0,6,18,0,24,0,3,98,0,101,0,9,116,0,125,71,0,71,196
12/22/2021,SMO,CA,AWP,WE,Towers with Radar,0,12,13,0,25,0,3,76,0,79,0,15,89,0,104,106,0,106,210
12/23/2021,SMO,CA,AWP,WE,Towers with Radar,0,0,1,0,1,0,0,0,0,0,0,0,1,0,1,0,0,0,1
12/24/2021,SMO,CA,AWP,WE,Towers with Radar,0,7,22,0,29,0,0,27,0,27,0,7,49,0,56,50,0,50,106
12/25/2021,SMO,CA,AWP,WE,Towers with Radar,0,1,2,0,3,0,0,8,0,8,0,1,10,0,11,0,0,0,11
12/26/2021,SMO,CA,AWP,WE,Towers with Radar,0,2,6,0,8,0,1,125,0,126,0,3,131,0,134,18,0,18,152
12/27/2021,SMO,CA,AWP,WE,Towers with Radar,0,5,17,0,22,0,0,18,0,18,0,5,35,0,40,16,0,16,56
12/28/2021,SMO,CA,AWP,WE,Towers with Radar,0,5,8,0,13,0,1,45,0,46,0,6,53,0,59,50,0,50,109
12/29/2021,SMO,CA,AWP,WE,Towers with Radar,0,1,8,0,9,0,1,3,0,4,0,2,11,0,13,0,0,0,13
12/30/2021,SMO,CA,AWP,WE,Towers with Radar,0,1,3,0,4,0,0,0,0,0,0,1,3,0,4,0,0,0,4
12/31/2021,SMO,CA,AWP,WE,Towers with Radar,0,2,13,0,15,0,0,78,0,78,0,2,91,0,93,48,0,48,141
01/01/2022,SMO,CA,AWP,WE,Towers with Radar,0,5,8,0,13,0,0,49,0,49,0,5,57,0,62,16,0,16,78
01/02/2022,SMO,CA,AWP,WE,Towers with Radar,0,2,14,0,16,0,0,90,0,90,0,2,104,0,106,50,0,50,156
01/03/2022,SMO,CA,AWP,WE,Towers with Radar,0,6,14,0,20,0,0,84,0,84,0,6,98,0,104,135,0,135,239
01/04/2022,SMO,CA,AWP,WE,Towers with Radar,0,3,9,0,12,0,9,83,0,92,0,12,92,0,104,92,0,92,196
01/05/2022,SMO,CA,AWP,WE,Towers with Radar,0,10,5,0,15,0,8,87,0,95,0,18,92,0,110,98,0,98,208
01/06/2022,SMO,CA,AWP,WE,Towers with Radar,0,7,9,0,16,0,1,76,0,77,0,8,85,0,93,134,0,134,227
01/07/2022,SMO,CA,AWP,WE,Towers with Radar,0,3,40,0,43,0,0,2,0,2,0,3,42,0,45,9,0,9,54
01/08/2022,SMO,CA,AWP,WE,Towers with Radar,0,3,21,0,24,0,1,108,0,109,0,4,129,0,133,66,0,66,199
01/09/2022,SMO,CA,AWP,WE,Towers with Radar,0,6,14,0,20,0,2,130,2,134,0,8,144,2,154,87,0,87,241
01/10/2022,SMO,CA,AWP,WE,Towers with Radar,0,3,8,0,11,0,0,80,0,80,0,3,88,0,91,43,0,43,134
01/11/2022,SMO,CA,AWP,WE,Towers with Radar,0,5,7,0,12,0,3,105,0,108,0,8,112,0,120,66,0,66,186
01/12/2022,SMO,CA,AWP,WE,Towers with Radar,0,4,18,0,22,0,2,90,0,92,0,6,108,0,114,64,0,64,178
01/13/2022,SMO,CA,AWP,WE,Towers with Radar,0,13,10,0,23,0,1,108,0,109,0,14,118,0,132,115,0,115,247
01/14/2022,SMO,CA,AWP,WE,Towers with Radar,0,11,13,0,24,0,0,110,0,110,0,11,123,0,134,162,0,162,296
01/15/2022,SMO,CA,AWP,WE,Towers with Radar,0,1,22,0,23,0,0,89,0,89,0,1,111,0,112,108,0,108,220
01/16/2022,SMO,CA,AWP,WE,Towers with Radar,0,2,24,0,26,0,5,130,0,135,0,7,154,0,161,104,0,104,265
01/17/2022,SMO,CA,AWP,WE,Towers with Radar,0,2,36,0,38,0,3,39,0,42,0,5,75,0,80,27,0,27,107
01/18/2022,SMO,CA,AWP,WE,Towers with Radar,1,10,30,0,41,3,11,47,0,61,4,21,77,0,102,56,0,56,158
01/19/2022,SMO,CA,AWP,WE,Towers with Radar,0,5,38,0,43,0,2,47,0,49,0,7,85,0,92,139,0,139,231
01/20/2022,SMO,CA,AWP,WE,Towers with Radar,0,6,13,0,19,0,2,124,0,126,0,8,137,0,145,91,0,91,236
01/21/2022,SMO,CA,AWP,WE,Towers with Radar,1,17,27,0,45,0,0,104,0,104,1,17,131,0,149,130,0,130,279
01/22/2022,SMO,CA,AWP,WE,Towers with Radar,0,0,17,0,17,0,2,19,0,21,0,2,36,0,38,14,0,14,52
01/23/2022,SMO,CA,AWP,WE,Towers with Radar,0,11,23,0,34,0,2,131,0,133,0,13,154,0,167,100,0,100,267
01/24/2022,SMO,CA,AWP,WE,Towers with Radar,0,10,9,0,19,0,0,99,0,99,0,10,108,0,118,107,0,107,225
01/25/2022,SMO,CA,AWP,WE,Towers with Radar,0,9,10,0,19,0,3,102,0,105,0,12,112,0,124,80,0,80,204
01/26/2022,SMO,CA,AWP,WE,Towers with Radar,0,4,8,0,12,0,3,105,0,108,0,7,113,0,120,194,0,194,314
01/27/2022,SMO,CA,AWP,WE,Towers with Radar,0,11,19,0,30,0,0,88,0,88,0,11,107,0,118,178,0,178,296
01/28/2022,SMO,CA,AWP,WE,Towers with Radar,0,14,22,0,36,0,5,136,0,141,0,19,158,0,177,143,0,143,320
01/29/2022,SMO,CA,AWP,WE,Towers with Radar,0,4,13,0,17,0,1,158,0,159,0,5,171,0,176,70,0,70,246
01/30/2022,SMO,CA,AWP,WE,Towers with Radar,0,12,23,0,35,0,6,189,0,195,0,18,212,0,230,79,0,79,309
01/31/2022,SMO,CA,AWP,WE,Towers with Radar,0,11,27,0,38,0,2,104,0,106,0,13,131,0,144,98,0,98,242
02/01/2022,SMO,CA,AWP,WE,Towers with Radar,0,5,27,0,32,0,3,83,0,86,0,8,110,0,118,72,0,72,190
02/02/2022,SMO,CA,AWP,WE,Towers with Radar,0,10,8,0,18,0,1,34,0,35,0,11,42,0,53,48,0,48,101
02/03/2022,SMO,CA,AWP,WE,Towers with Radar,0,15,14,0,29,0,0,109,0,109,0,15,123,0,138,163,0,163,301
02/04/2022,SMO,CA,AWP,WE,Towers with Radar,0,15,22,0,37,0,3,76,0,79,0,18,98,0,116,104,0,104,220
02/05/2022,SMO,CA,AWP,WE,Towers with Radar,0,7,14,0,21,0,0,125,0,125,0,7,139,0,146,97,0,97,243
02/06/2022,SMO,CA,AWP,WE,Towers with Radar,0,14,14,0,28,0,0,130,0,130,0,14,144,0,158,72,0,72,230
02/07/2022,SMO,CA,AWP,WE,Towers with Radar,0,4,15,0,19,0,2,114,0,116,0,6,129,0,135,141,0,141,276
02/08/2022,SMO,CA,AWP,WE,Towers with Radar,0,11,17,0,28,0,4,104,0,108,0,15,121,0,136,82,0,82,218
02/09/2022,SMO,CA,AWP,WE,Towers with Radar,0,8,4,0,12,0,22,110,0,132,0,30,114,0,144,89,0,89,233
02/10/2022,SMO,CA,AWP,WE,Towers with Radar,0,7,14,0,21,0,3,65,0,68,0,10,79,0,89,95,0,95,184
02/11/2022,SMO,CA,AWP,WE,Towers with Radar,0,10,27,0,37,0,2,140,0,142,0,12,167,0,179,124,0,124,303
02/12/2022,SMO,CA,AWP,WE,Towers with Radar,0,7,13,0,20,0,6,107,0,113,0,13,120,0,133,72,0,72,205
02/13/2022,SMO,CA,AWP,WE,Towers with Radar,0,5,10,0,15,0,0,68,0,68,0,5,78,0,83,49,0,49,132
02/14/2022,SMO,CA,AWP,WE,Towers with Radar,0,14,25,0,39,0,1,117,0,118,0,15,142,0,157,106,0,106,263
02/15/2022,SMO,CA,AWP,WE,Towers with Radar,0,3,21,0,24,0,6,22,1,29,0,9,43,1,53,35,0,35,88
02/16/2022,SMO,CA,AWP,WE,Towers with Radar,0,9,13,0,22,0,4,128,0,132,0,13,141,0,154,86,0,86,240
02/17/2022,SMO,CA,AWP,WE,Towers with Radar,0,10,17,0,27,0,3,85,0,88,0,13,102,0,115,96,0,96,211
02/18/2022,SMO,CA,AWP,WE,Towers with Radar,0,11,23,0,34,0,2,143,0,145,0,13,166,0,179,111,0,111,290
02/19/2022,SMO,CA,AWP,WE,Towers with Radar,0,12,21,0,33,0,5,155,0,160,0,17,176,0,193,64,0,64,257
02/20/2022,SMO,CA,AWP,WE,Towers with Radar,0,9,40,0,49,0,0,94,0,94,0,9,134,0,143,54,0,54,197
02/21/2022,SMO,CA,AWP,WE,Towers with Radar,0,0,8,0,8,0,2,73,0,75,0,2,81,0,83,120,0,120,203
02/22/2022,SMO,CA,AWP,WE,Towers with Radar,0,6,14,0,20,0,5,31,0,36,0,11,45,0,56,61,0,61,117
02/23/2022,SMO,CA,AWP,WE,Towers with Radar,0,5,11,0,16,0,1,89,0,90,0,6,100,0,106,87,0,87,193
02/24/2022,SMO,CA,AWP,WE,Towers with Radar,0,5,9,0,14,0,0,114,0,114,0,5,123,0,128,92,0,92,220
02/25/2022,SMO,CA,AWP,WE,Towers with Radar,0,6,17,0,23,0,1,122,0,123,0,7,139,0,146,78,0,78,224
02/26/2022,SMO,CA,AWP,WE,Towers with Radar,0,5,10,0,15,0,1,126,0,127,0,6,136,0,142,39,0,39,181
02/27/2022,SMO,CA,AWP,WE,Towers with Radar,0,2,9,0,11,0,0,125,0,125,0,2,134,0,136,47,0,47,183
02/28/2022,SMO,CA,AWP,WE,Towers with Radar,0,4,12,0,16,0,3,96,0,99,0,7,108,0,115,78,0,78,193
03/01/2022,SMO,CA,AWP,WE,Towers with Radar,0,2,13,0,15,0,1,88,0,89,0,3,101,0,104,130,0,130,234
03/02/2022,SMO,CA,AWP,WE,Towers with Radar,0,10,19,0,29,0,2,119,0,121,0,12,138,0,150,164,0,164,314
03/03/2022,SMO,CA,AWP,WE,Towers with Radar,0,9,20,0,29,0,1,75,0,76,0,10,95,0,105,126,0,126,231
03/04/2022,SMO,CA,AWP,WE,Towers with Radar,0,16,16,0,32,0,2,80,0,82,0,18,96,0,114,48,0,48,162
03/05/2022,SMO,CA,AWP,WE,Towers with Radar,0,7,19,0,26,0,0,37,0,37,0,7,56,0,63,33,0,33,96
03/06/2022,SMO,CA,AWP,WE,Towers with Radar,0,6,35,0,41,0,4,131,0,135,0,10,166,0,176,87,0,87,263
03/07/2022,SMO,CA,AWP,WE,Towers with Radar,0,6,10,0,16,0,6,96,0,102,0,12,106,0,118,108,0,108,226
03/08/2022,SMO,CA,AWP,WE,Towers with Radar,0,9,12,0,21,0,3,115,0,118,0,12,127,0,139,103,0,103,242
03/09/2022,SMO,CA,AWP,WE,Towers with Radar,0,6,25,0,31,0,0,1,0,1,0,6,26,0,32,0,0,0,32
03/10/2022,SMO,CA,AWP,WE,Towers with Radar,0,3,18,0,21,0,2,104,0,106,0,5,122,0,127,54,0,54,181
03/11/2022,SMO,CA,AWP,WE,Towers with Radar,0,9,24,0,33,0,0,114,2,116,0,9,138,2,149,114,0,114,263
03/12/2022,SMO,CA,AWP,WE,Towers with Radar,0,2,17,0,19,0,1,150,0,151,0,3,167,0,170,70,0,70,240
03/13/2022,SMO,CA,AWP,WE,Towers with Radar,0,9,14,0,23,0,4,112,0,116,0,13,126,0,139,86,0,86,225
03/14/2022,SMO,CA,AWP,WE,Towers with Radar,0,9,5,0,14,0,5,85,0,90,0,14,90,0,104,119,0,119,223
03/15/2022,SMO,CA,AWP,WE,Towers with Radar,0,11,10,0,21,0,10,86,0,96,0,21,96,0,117,96,0,96,213
03/16/2022,SMO,CA,AWP,WE,Towers with Radar,0,8,15,0,23,0,4,109,0,113,0,12,124,0,136,111,0,111,247
03/17/2022,SMO,CA,AWP,WE,Towers with Radar,0,10,14,0,24,0,4,111,0,115,0,14,125,0,139,232,0,232,371
03/18/2022,SMO,CA,AWP,WE,Towers with Radar,0,14,25,0,39,0,0,128,3,131,0,14,153,3,170,109,0,109,279
03/19/2022,SMO,CA,AWP,WE,Towers with Radar,0,8,19,0,27,0,1,82,0,83,0,9,101,0,110,50,0,50,160
03/20/2022,SMO,CA,AWP,WE,Towers with Radar,0,18,24,0,42,0,4,61,0,65,0,22,85,0,107,8,0,8,115
03/21/2022,SMO,CA,AWP,WE,Towers with Radar,0,2,6,0,8,0,0,97,0,97,0,2,103,0,105,120,0,120,225
03/22/2022,SMO,CA,AWP,WE,Towers with Radar,0,9,10,0,19,0,5,154,0,159,0,14,164,0,178,123,0,123,301
03/23/2022,SMO,CA,AWP,WE,Towers with Radar,0,17,17,0,34,0,1,156,0,157,0,18,173,0,191,85,0,85,276
03/24/2022,SMO,CA,AWP,WE,Towers with Radar,0,14,23,0,37,0,0,85,0,85,0,14,108,0,122,109,0,109,231
03/25/2022,SMO,CA,AWP,WE,Towers with Radar,0,10,27,0,37,0,5,87,0,92,0,15,114,0,129,34,0,34,163
03/26/2022,SMO,CA,AWP,WE,Towers with Radar,0,8,25,0,33,0,0,96,0,96,0,8,121,0,129,39,0,39,168
03/27/2022,SMO,CA,AWP,WE,Towers with Radar,0,9,23,0,32,0,4,89,0,93,0,13,112,0,125,88,0,88,213
03/28/2022,SMO,CA,AWP,WE,Towers with Radar,0,1,11,0,12,0,0,2,0,2,0,1,13,0,14,23,0,23,37
03/29/2022,SMO,CA,AWP,WE,Towers with Radar,0,6,23,0,29,0,0,114,0,114,0,6,137,0,143,137,0,137,280
03/30/2022,SMO,CA,AWP,WE,Towers with Radar,0,4,28,0,32,0,1,78,0,79,0,5,106,0,111,58,0,58,169
03/31/2022,SMO,CA,AWP,WE,Towers with Radar,0,4,51,0,55,0,0,44,0,44,0,4,95,0,99,211,0,211,310
04/01/2022,SMO,CA,AWP,WE,Towers with Radar,0,11,20,0,31,0,1,100,0,101,0,12,120,0,132,64,0,64,196
04/02/2022,SMO,CA,AWP,WE,Towers with Radar,0,17,49,0,66,0,3,56,0,59,0,20,105,0,125,79,0,79,204
04/03/2022,SMO,CA,AWP,WE,Towers with Radar,0,4,35,0,39,0,2,70,0,72,0,6,105,0,111,123,0,123,234
04/04/2022,SMO,CA,AWP,WE,Towers with Radar,0,0,16,0,16,0,4,89,1,94,0,4,105,1,110,48,0,48,158
04/05/2022,SMO,CA,AWP,WE,Towers with Radar,0,6,3,0,9,0,5,95,0,100,0,11,98,0,109,86,0,86,195
04/06/2022,SMO,CA,AWP,WE,Towers with Radar,0,9,23,0,32,0,5,126,0,131,0,14,149,0,163,143,0,143,306
04/07/2022,SMO,CA,AWP,WE,Towers with Radar,0,5,18,0,23,0,1,121,0,122,0,6,139,0,145,120,0,120,265
04/08/2022,SMO,CA,AWP,WE,Towers with Radar,0,8,10,0,18,0,3,140,0,143,0,11,150,0,161,125,0,125,286
04/09/2022,SMO,CA,AWP,WE,Towers with Radar,0,4,21,0,25,0,1,139,0,140,0,5,160,0,165,54,0,54,219
04/10/2022,SMO,CA,AWP,WE,Towers with Radar,0,5,28,0,33,0,0,1,0,1,0,5,29,0,34,0,0,0,34
04/11/2022,SMO,CA,AWP,WE,Towers with Radar,0,9,18,0,27,0,2,36,0,38,0,11,54,0,65,43,0,43,108
04/12/2022,SMO,CA,AWP,WE,Towers with Radar,0,1,13,0,14,0,0,57,0,57,0,1,70,0,71,0,0,0,71
04/13/2022,SMO,CA,AWP,WE,Towers with Radar,0,5,18,0,23,0,3,92,0,95,0,8,110,0,118,113,0,113,231
04/14/2022,SMO,CA,AWP,WE,Towers with Radar,0,7,16,0,23,0,9,152,0,161,0,16,168,0,184,122,0,122,306
04/15/2022,SMO,CA,AWP,WE,Towers with Radar,0,12,28,0,40,0,1,146,0,147,0,13,174,0,187,126,0,126,313
04/16/2022,SMO,CA,AWP,WE,Towers with Radar,0,5,20,0,25,0,2,68,0,70,0,7,88,0,95,53,0,53,148
04/17/2022,SMO,CA,AWP,WE,Towers with Radar,0,10,16,0,26,0,3,143,0,146,0,13,159,0,172,86,0,86,258
04/18/2022,SMO,CA,AWP,WE,Towers with Radar,0,9,34,0,43,0,9,99,0,108,0,18,133,0,151,136,0,136,287
04/19/2022,SMO,CA,AWP,WE,Towers with Radar,0,19,24,0,43,0,1,151,0,152,0,20,175,0,195,107,0,107,302
04/20/2022,SMO,CA,AWP,WE,Towers with Radar,0,14,24,0,38,0,1,89,0,90,0,15,113,0,128,226,0,226,354
04/21/2022,SMO,CA,AWP,WE,Towers with Radar,0,16,45,0,61,0,7,69,0,76,0,23,114,0,137,63,0,63,200
04/22/2022,SMO,CA,AWP,WE,Towers with Radar,0,12,26,0,38,0,2,68,0,70,0,14,94,0,108,114,0,114,222
04/23/2022,SMO,CA,AWP,WE,Towers with Radar,0,6,19,0,25,0,2,150,0,152,0,8,169,0,177,136,0,136,313
04/24/2022,SMO,CA,AWP,WE,Towers with Radar,0,4,24,0,28,0,0,121,0,121,0,4,145,0,149,130,0,130,279
04/25/2022,SMO,CA,AWP,WE,Towers with Radar,0,6,19,0,25,0,5,114,0,119,0,11,133,0,144,174,0,174,318
04/26/2022,SMO,CA,AWP,WE,Towers with Radar,0,1,18,0,19,0,6,100,0,106,0,7,118,0,125,222,0,222,347
04/27/2022,SMO,CA,AWP,WE,Towers with Radar,0,16,29,0,45,0,2,87,0,89,0,18,116,0,134,217,0,217,351
04/28/2022,SMO,CA,AWP,WE,Towers with Radar,0,14,27,0,41,0,2,65,2,69,0,16,92,2,110,216,0,216,326
04/29/2022,SMO,CA,AWP,WE,Towers with Radar,0,18,17,0,35,0,0,124,0,124,0,18,141,0,159,123,0,123,282
04/30/2022,SMO,CA,AWP,WE,Towers with Radar,0,9,14,0,23,0,0,129,0,129,0,9,143,0,152,66,0,66,218
05/01/2022,SMO,CA,AWP,WE,Towers with Radar,0,11,32,0,43,0,2,92,0,94,0,13,124,0,137,48,0,48,185
05/02/2022,SMO,CA,AWP,WE,Towers with Radar,0,10,31,0,41,0,6,80,0,86,0,16,111,0,127,80,0,80,207
05/03/2022,SMO,CA,AWP,WE,Towers with Radar,0,17,25,0,42,0,2,81,0,83,0,19,106,0,125,236,0,236,361
05/04/2022,SMO,CA,AWP,WE,Towers with Radar,0,12,29,0,41,0,2,105,0,107,0,14,134,0,148,120,0,120,268
05/05/2022,SMO,CA,AWP,WE,Towers with Radar,0,11,26,0,37,0,0,53,0,53,0,11,79,0,90,50,0,50,140
05/06/2022,SMO,CA,AWP,WE,Towers with Radar,0,9,22,0,31,0,0,127,0,127,0,9,149,0,158,143,0,143,301
05/07/2022,SMO,CA,AWP,WE,Towers with Radar,0,8,23,0,31,0,0,141,0,141,0,8,164,0,172,91,0,91,263
05/08/2022,SMO,CA,AWP,WE,Towers with Radar,0,9,22,0,31,0,1,116,0,117,0,10,138,0,148,177,0,177,325
05/09/2022,SMO,CA,AWP,WE,Towers with Radar,0,8,10,0,18,0,2,106,0,108,0,10,116,0,126,102,0,102,228
05/10/2022,SMO,CA,AWP,WE,Towers with Radar,0,12,15,0,27,0,1,109,0,110,0,13,124,0,137,84,0,84,221
05/11/2022,SMO,CA,AWP,WE,Towers with Radar,0,5,21,0,26,0,4,94,2,100,0,9,115,2,126,77,0,77,203
05/12/2022,SMO,CA,AWP,WE,Towers with Radar,0,5,22,0,27,0,0,127,0,127,0,5,149,0,154,155,0,155,309
05/13/2022,SMO,CA,AWP,WE,Towers with Radar,0,10,19,0,29,0,1,127,0,128,0,11,146,0,157,111,0,111,268
05/14/2022,SMO,CA,AWP,WE,Towers with Radar,0,9,14,0,23,0,0,162,0,162,0,9,176,0,185,120,0,120,305
05/15/2022,SMO,CA,AWP,WE,Towers with Radar,0,4,18,0,22,0,2,168,0,170,0,6,186,0,192,113,0,113,305
05/16/2022,SMO,CA,AWP,WE,Towers with Radar,0,6,15,0,21,0,9,93,0,102,0,15,108,0,123,120,0,120,243
05/17/2022,SMO,CA,AWP,WE,Towers with Radar,0,13,29,1,43,0,2,74,0,76,0,15,103,1,119,104,0,104,223
05/18/2022,SMO,CA,AWP,WE,Towers with Radar,0,10,39,0,49,0,4,75,0,79,0,14,114,0,128,77,0,77,205
05/19/2022,SMO,CA,AWP,WE,Towers with Radar,0,7,53,0,60,0,0,1,0,1,0,7,54,0,61,0,0,0,61
05/20/2022,SMO,CA,AWP,WE,Towers with Radar,0,15,58,0,73,0,3,5,0,8,0,18,63,0,81,87,0,87,168
05/21/2022,SMO,CA,AWP,WE,Towers with Radar,0,3,32,0,35,0,5,93,0,98,0,8,125,0,133,82,0,82,215
05/22/2022,SMO,CA,AWP,WE,Towers with Radar,0,7,27,0,34,0,1,77,0,78,0,8,104,0,112,4,1,5,117
05/23/2022,SMO,CA,AWP,WE,Towers with Radar,0,8,30,0,38,0,4,29,0,33,0,12,59,0,71,6,0,6,77
05/24/2022,SMO,CA,AWP,WE,Towers with Radar,0,8,38,0,46,0,0,43,1,44,0,8,81,1,90,13,0,13,103
05/25/2022,SMO,CA,AWP,WE,Towers with Radar,0,17,47,0,64,0,0,27,0,27,0,17,74,0,91,12,0,12,103
05/26/2022,SMO,CA,AWP,WE,Towers with Radar,0,7,13,0,20,0,4,105,0,109,0,11,118,0,129,75,0,75,204
05/27/2022,SMO,CA,AWP,WE,Towers with Radar,0,13,22,0,35,0,0,118,0,118,0,13,140,0,153,117,0,117,270
05/28/2022,SMO,CA,AWP,WE,Towers with Radar,0,7,39,0,46,0,1,56,0,57,0,8,95,0,103,90,0,90,193
05/29/2022,SMO,CA,AWP,WE,Towers with Radar,0,2,18,0,20,0,3,86,0,89,0,5,104,0,109,61,0,61,170
05/30/2022,SMO,CA,AWP,WE,Towers with Radar,0,4,20,0,24,0,5,134,2,141,0,9,154,2,165,49,0,49,214
05/31/2022,SMO,CA,AWP,WE,Towers with Radar,0,11,17,0,28,0,1,130,0,131,0,12,147,0,159,245,0,245,404
06/01/2022,SMO,CA,AWP,WE,Towers with Radar,0,6,13,0,19,0,0,142,0,142,0,6,155,0,161,145,0,145,306
06/02/2022,SMO,CA,AWP,WE,Towers with Radar,0,7,25,0,32,0,0,69,0,69,0,7,94,0,101,24,0,24,125
06/03/2022,SMO,CA,AWP,WE,Towers with Radar,0,11,47,0,58,0,0,35,0,35,0,11,82,0,93,34,0,34,127
06/04/2022,SMO,CA,AWP,WE,Towers with Radar,0,11,30,0,41,0,1,33,0,34,0,12,63,0,75,32,0,32,107
06/05/2022,SMO,CA,AWP,WE,Towers with Radar,0,8,9,0,17,0,3,82,0,85,0,11,91,0,102,95,0,95,197
06/06/2022,SMO,CA,AWP,WE,Towers with Radar,0,7,23,0,30,0,6,91,3,100,0,13,114,3,130,26,0,26,156
06/07/2022,SMO,CA,AWP,WE,Towers with Radar,0,11,45,0,56,0,4,23,0,27,0,15,68,0,83,0,0,0,83
06/08/2022,SMO,CA,AWP,WE,Towers with Radar,0,8,22,0,30,0,0,0,0,0,0,8,22,0,30,0,0,0,30
06/09/2022,SMO,CA,AWP,WE,Towers with Radar,0,0,0,0,0,0,4,0,2,6,0,4,0,2,6,0,0,0,6
06/10/2022,SMO,CA,AWP,WE,Towers with Radar,0,2,3,0,5,0,0,2,0,2,0,2,5,0,7,0,0,0,7
06/11/2022,SMO,CA,AWP,WE,Towers with Radar,0,0,22,0,22,0,1,56,0,57,0,1,78,0,79,0,0,0,79
06/12/2022,SMO,CA,AWP,WE,Towers with Radar,0,3,22,0,25,0,1,69,0,70,0,4,91,0,95,28,0,28,123
06/13/2022,SMO,CA,AWP,WE,Towers with Radar,0,7,20,0,27,0,2,103,0,105,0,9,123,0,132,58,0,58,190
06/14/2022,SMO,CA,AWP,WE,Towers with Radar,0,4,12,0,16,0,2,138,0,140,0,6,150,0,156,130,0,130,286
06/15/2022,SMO,CA,AWP,WE,Towers with Radar,0,9,25,0,34,1,8,53,2,64,1,17,78,2,98,97,0,97,195
06/16/2022,SMO,CA,AWP,WE,Towers with Radar,0,12,34,0,46,0,0,23,0,23,0,12,57,0,69,20,0,20,89
06/17/2022,SMO,CA,AWP,WE,Towers with Radar,0,9,32,0,41,0,5,100,0,105,0,14,132,0,146,172,0,172,318
06/18/2022,SMO,CA,AWP,WE,Towers with Radar,0,5,24,0,29,0,1,135,0,136,0,6,159,0,165,82,0,82,247
06/19/2022,SMO,CA,AWP,WE,Towers with Radar,0,8,12,0,20,0,2,179,0,181,0,10,191,0,201,52,0,52,253
06/20/2022,SMO,CA,AWP,WE,Towers with Radar,0,6,16,0,22,0,7,166,0,173,0,13,182,0,195,115,0,115,310
06/21/2022,SMO,CA,AWP,WE,Towers with Radar,0,2,9,0,11,0,4,111,0,115,0,6,120,0,126,133,0,133,259
06/22/2022,SMO,CA,AWP,WE,Towers with Radar,0,4,22,0,26,0,0,78,0,78,0,4,100,0,104,86,0,86,190
06/23/2022,SMO,CA,AWP,WE,Towers with Radar,0,1,24,0,25,0,4,111,0,115,0,5,135,0,140,98,0,98,238
06/24/2022,SMO,CA,AWP,WE,Towers with Radar,0,7,17,0,24,0,4,96,0,100,0,11,113,0,124,67,0,67,191
06/25/2022,SMO,CA,AWP,WE,Towers with Radar,0,1,13,0,14,0,1,130,0,131,0,2,143,0,145,117,0,117,262
06/26/2022,SMO,CA,AWP,WE,Towers with Radar,0,10,19,0,29,0,6,118,0,124,0,16,137,0,153,23,0,23,176
06/27/2022,SMO,CA,AWP,WE,Towers with Radar,0,12,24,0,36,0,6,129,0,135,0,18,153,0,171,82,0,82,253
06/28/2022,SMO,CA,AWP,WE,Towers with Radar,0,4,18,1,23,0,1,137,0,138,0,5,155,1,161,131,0,131,292
06/29/2022,SMO,CA,AWP,WE,Towers with Radar,0,10,14,0,24,0,5,101,0,106,0,15,115,0,130,76,0,76,206
06/30/2022,SMO,CA,AWP,WE,Towers with Radar,0,11,19,0,30,0,0,125,0,125,0,11,144,0,155,172,0,172,327
07/01/2022,SMO,CA,AWP,WE,Towers with Radar,0,4,16,0,20,0,5,130,0,135,0,9,146,0,155,149,0,149,304
07/02/2022,SMO,CA,AWP,WE,Towers with Radar,0,1,12,0,13,0,2,136,0,138,0,3,148,0,151,36,0,36,187
07/03/2022,SMO,CA,AWP,WE,Towers with Radar,0,2,9,0,11,0,2,103,0,105,0,4,112,0,116,38,0,38,154
07/04/2022,SMO,CA,AWP,WE,Towers with Radar,0,0,12,0,12,0,2,53,0,55,0,2,65,0,67,30,0,30,97
07/05/2022,SMO,CA,AWP,WE,Towers with Radar,1,4,22,0,27,0,2,64,0,66,1,6,86,0,93,99,0,99,192
07/06/2022,SMO,CA,AWP,WE,Towers with Radar,0,4,12,0,16,0,0,0,0,0,0,4,12,0,16,0,0,0,16
07/07/2022,SMO,CA,AWP,WE,Towers with Radar,0,7,11,0,18,0,7,126,0,133,0,14,137,0,151,162,0,162,313
07/08/2022,SMO,CA,AWP,WE,Towers with Radar,0,3,25,0,28,0,1,114,0,115,0,4,139,0,143,90,0,90,233
07/09/2022,SMO,CA,AWP,WE,Towers with Radar,0,3,33,0,36,0,7,69,0,76,0,10,102,0,112,0,0,0,112
07/10/2022,SMO,CA,AWP,WE,Towers with Radar,0,6,15,0,21,0,1,122,0,123,0,7,137,0,144,50,0,50,194
07/11/2022,SMO,CA,AWP,WE,Towers with Radar,0,2,35,0,37,0,2,29,0,31,0,4,64,0,68,2,0,2,70
07/12/2022,SMO,CA,AWP,WE,Towers with Radar,0,5,33,0,38,0,0,75,0,75,0,5,108,0,113,46,0,46,159
07/13/2022,SMO,CA,AWP,WE,Towers with Radar,0,14,41,0,55,0,0,62,0,62,0,14,103,0,117,18,0,18,135
07/14/2022,SMO,CA,AWP,WE,Towers with Radar,0,3,18,0,21,0,1,79,0,80,0,4,97,0,101,79,0,79,180
07/15/2022,SMO,CA,AWP,WE,Towers with Radar,0,10,27,0,37,0,3,55,0,58,0,13,82,0,95,0,0,0,95
07/16/2022,SMO,CA,AWP,WE,Towers with Radar,0,2,13,0,15,0,5,52,0,57,0,7,65,0,72,10,0,10,82
07/17/2022,SMO,CA,AWP,WE,Towers with Radar,0,7,17,0,24,0,2,79,0,81,0,9,96,0,105,31,0,31,136
07/18/2022,SMO,CA,AWP,WE,Towers with Radar,0,2,12,0,14,0,3,87,0,90,0,5,99,0,104,132,0,132,236
07/19/2022,SMO,CA,AWP,WE,Towers with Radar,0,7,10,0,17,0,6,93,0,99,0,13,103,0,116,76,0,76,192
07/20/2022,SMO,CA,AWP,WE,Towers with Radar,0,23,17,0,40,0,5,97,0,102,0,28,114,0,142,106,0,106,248
07/21/2022,SMO,CA,AWP,WE,Towers with Radar,0,10,13,0,23,0,6,99,0,105,0,16,112,0,128,92,0,92,220
07/22/2022,SMO,CA,AWP,WE,Towers with Radar,0,7,18,0,25,0,3,123,0,126,0,10,141,0,151,93,2,95,246
07/23/2022,SMO,CA,AWP,WE,Towers with Radar,0,6,28,0,34,0,1,75,0,76,0,7,103,0,110,55,0,55,165
07/24/2022,SMO,CA,AWP,WE,Towers with Radar,0,11,31,0,42,0,7,45,0,52,0,18,76,0,94,45,0,45,139
07/25/2022,SMO,CA,AWP,WE,Towers with Radar,0,7,26,0,33,0,2,45,0,47,0,9,71,0,80,22,0,22,102
07/26/2022,SMO,CA,AWP,WE,Towers with Radar,0,9,32,0,41,0,3,54,0,57,0,12,86,0,98,23,0,23,121
07/27/2022,SMO,CA,AWP,WE,Towers with Radar,0,7,15,0,22,0,0,85,0,85,0,7,100,0,107,15,0,15,122
07/28/2022,SMO,CA,AWP,WE,Towers with Radar,0,13,21,0,34,0,2,100,2,104,0,15,121,2,138,148,0,148,286
07/29/2022,SMO,CA,AWP,WE,Towers with Radar,0,9,15,1,25,0,0,118,0,118,0,9,133,1,143,214,0,214,357
07/30/2022,SMO,CA,AWP,WE,Towers with Radar,0,7,7,0,14,0,6,116,0,122,0,13,123,0,136,120,0,120,256
07/31/2022,SMO,CA,AWP,WE,Towers with Radar,0,4,14,0,18,0,0,123,0,123,0,4,137,0,141,96,0,96,237
08/01/2022,SMO,CA,AWP,WE,Towers with Radar,0,2,12,0,14,0,0,102,0,102,0,2,114,0,116,75,0,75,191
08/02/2022,SMO,CA,AWP,WE,Towers with Radar,0,7,21,0,28,0,6,95,1,102,0,13,116,1,130,102,0,102,232
08/03/2022,SMO,CA,AWP,WE,Towers with Radar,0,13,15,0,28,0,3,107,0,110,0,16,122,0,138,65,0,65,203
08/04/2022,SMO,CA,AWP,WE,Towers with Radar,0,0,14,0,14,0,0,88,0,88,0,0,102,0,102,134,0,134,236
08/05/2022,SMO,CA,AWP,WE,Towers with Radar,0,10,19,0,29,0,1,116,0,117,0,11,135,0,146,127,0,127,273
08/06/2022,SMO,CA,AWP,WE,Towers with Radar,0,5,9,0,14,0,2,109,0,111,0,7,118,0,125,74,0,74,199
08/07/2022,SMO,CA,AWP,WE,Towers with Radar,0,9,8,0,17,0,1,125,0,126,0,10,133,0,143,100,0,100,243
08/08/2022,SMO,CA,AWP,WE,Towers with Radar,0,11,19,0,30,0,0,99,0,99,0,11,118,0,129,68,0,68,197
08/09/2022,SMO,CA,AWP,WE,Towers with Radar,0,2,19,0,21,0,2,118,0,120,0,4,137,0,141,93,0,93,234
08/10/2022,SMO,CA,AWP,WE,Towers with Radar,0,8,11,0,19,0,2,93,2,97,0,10,104,2,116,146,0,146,262
08/11/2022,SMO,CA,AWP,WE,Towers with Radar,0,9,7,0,16,0,0,98,0,98,0,9,105,0,114,438,0,438,552
08/12/2022,SMO,CA,AWP,WE,Towers with Radar,0,5,18,0,23,0,1,143,0,144,0,6,161,0,167,135,0,135,302
08/13/2022,SMO,CA,AWP,WE,Towers with Radar,0,1,7,0,8,0,4,137,0,141,0,5,144,0,149,97,0,97,246
08/14/2022,SMO,CA,AWP,WE,Towers with Radar,0,4,18,0,22,0,1,97,0,98,0,5,115,0,120,53,0,53,173
08/15/2022,SMO,CA,AWP,WE,Towers with Radar,0,6,17,0,23,0,4,99,0,103,0,10,116,0,126,58,0,58,184
08/16/2022,SMO,CA,AWP,WE,Towers with Radar,0,10,23,0,33,0,4,115,0,119,0,14,138,0,152,127,0,127,279
08/17/2022,SMO,CA,AWP,WE,Towers with Radar,0,13,19,0,32,0,1,123,1,125,0,14,142,1,157,176,0,176,333
08/18/2022,SMO,CA,AWP,WE,Towers with Radar,0,6,33,0,39,0,5,41,0,46,0,11,74,0,85,0,0,0,85
08/19/2022,SMO,CA,AWP,WE,Towers with Radar,0,6,11,0,17,0,1,102,0,103,0,7,113,0,120,160,0,160,280
08/20/2022,SMO,CA,AWP,WE,Towers with Radar,0,5,29,0,34,0,4,90,0,94,0,9,119,0,128,66,0,66,194
08/21/2022,SMO,CA,AWP,WE,Towers with Radar,0,8,25,0,33,0,0,99,0,99,0,8,124,0,132,77,0,77,209
08/22/2022,SMO,CA,AWP,WE,Towers with Radar,0,11,27,0,38,0,2,43,0,45,0,13,70,0,83,0,0,0,83
08/23/2022,SMO,CA,AWP,WE,Towers with Radar,0,11,26,0,37,0,4,65,0,69,0,15,91,0,106,0,0,0,106
08/24/2022,SMO,CA,AWP,WE,Towers with Radar,0,16,22,0,38,0,5,146,0,151,0,21,168,0,189,115,0,115,304
08/25/2022,SMO,CA,AWP,WE,Towers with Radar,0,3,17,0,20,0,2,120,0,122,0,5,137,0,142,47,0,47,189
08/26/2022,SMO,CA,AWP,WE,Towers with Radar,1,15,49,0,65,0,0,83,1,84,1,15,132,1,149,54,0,54,203
08/27/2022,SMO,CA,AWP,WE,Towers with Radar,0,11,37,1,49,0,0,97,0,97,0,11,134,1,146,34,0,34,180
08/28/2022,SMO,CA,AWP,WE,Towers with Radar,0,8,31,0,39,0,0,92,0,92,0,8,123,0,131,86,0,86,217
08/29/2022,SMO,CA,AWP,WE,Towers with Radar,0,12,16,0,28,0,5,90,0,95,0,17,106,0,123,73,0,73,196
08/30/2022,SMO,CA,AWP,WE,Towers with Radar,0,10,13,0,23,0,2,132,2,136,0,12,145,2,159,154,2,156,315
08/31/2022,SMO,CA,AWP,WE,Towers with Radar,0,8,6,0,14,0,2,117,0,119,0,10,123,0,133,209,0,209,342
09/01/2022,SMO,CA,AWP,WE,Towers with Radar,0,16,12,0,28,0,6,110,0,116,0,22,122,0,144,42,0,42,186
09/02/2022,SMO,CA,AWP,WE,Towers with Radar,0,12,9,0,21,0,6,115,0,121,0,18,124,0,142,149,0,149,291
09/03/2022,SMO,CA,AWP,WE,Towers with Radar,0,16,15,0,31,0,0,124,0,124,0,16,139,0,155,102,0,102,257
09/04/2022,SMO,CA,AWP,WE,Towers with Radar,0,6,9,0,15,0,3,61,0,64,0,9,70,0,79,45,0,45,124
09/05/2022,SMO,CA,AWP,WE,Towers with Radar,0,8,23,0,31,0,1,90,0,91,0,9,113,0,122,129,0,129,251
09/06/2022,SMO,CA,AWP,WE,Towers with Radar,0,7,9,0,16,0,0,88,0,88,0,7,97,0,104,40,0,40,144
09/07/2022,SMO,CA,AWP,WE,Towers with Radar,0,3,15,0,18,0,4,96,0,100,0,7,111,0,118,95,0,95,213
09/08/2022,SMO,CA,AWP,WE,Towers with Radar,0,3,11,0,14,0,3,60,0,63,0,6,71,0,77,113,0,113,190
09/09/2022,SMO,CA,AWP,WE,Towers with Radar,0,2,13,0,15,0,5,31,0,36,0,7,44,0,51,4,0,4,55
09/10/2022,SMO,CA,AWP,WE,Towers with Radar,0,0,12,0,12,0,0,29,0,29,0,0,41,0,41,14,0,14,55
09/11/2022,SMO,CA,AWP,WE,Towers with Radar,0,9,21,0,30,0,9,49,0,58,0,18,70,0,88,0,0,0,88
09/12/2022,SMO,CA,AWP,WE,Towers with Radar,0,6,19,0,25,0,6,72,2,80,0,12,91,2,105,56,0,56,161
09/13/2022,SMO,CA,AWP,WE,Towers with Radar,0,5,20,0,25,0,3,118,0,121,0,8,138,0,146,104,0,104,250
09/14/2022,SMO,CA,AWP,WE,Towers with Radar,0,11,22,0,33,0,4,97,0,101,0,15,119,0,134,124,0,124,258
09/15/2022,SMO,CA,AWP,WE,Towers with Radar,0,20,26,0,46,0,5,100,0,105,0,25,126,0,151,113,0,113,264
09/16/2022,SMO,CA,AWP,WE,Towers with Radar,0,10,21,0,31,0,0,116,0,116,0,10,137,0,147,86,0,86,233
09/17/2022,SMO,CA,AWP,WE,Towers with Radar,0,7,24,0,31,0,0,45,0,45,0,7,69,0,76,93,0,93,169
09/18/2022,SMO,CA,AWP,WE,Towers with Radar,0,8,42,0,50,0,1,67,0,68,0,9,109,0,118,58,0,58,176
09/19/2022,SMO,CA,AWP,WE,Towers with Radar,0,9,21,0,30,0,0,94,0,94,0,9,115,0,124,68,0,68,192
09/20/2022,SMO,CA,AWP,WE,Towers with Radar,0,9,25,1,35,0,2,102,0,104,0,11,127,1,139,64,0,64,203
09/21/2022,SMO,CA,AWP,WE,Towers with Radar,0,7,17,0,24,0,0,110,0,110,0,7,127,0,134,45,0,45,179
09/22/2022,SMO,CA,AWP,WE,Towers with Radar,0,11,30,0,41,0,4,94,0,98,0,15,124,0,139,56,0,56,195
09/23/2022,SMO,CA,AWP,WE,Towers with Radar,0,11,20,0,31,0,0,96,0,96,0,11,116,0,127,94,0,94,221
09/24/2022,SMO,CA,AWP,WE,Towers with Radar,0,6,15,1,22,0,0,99,0,99,0,6,114,1,121,63,0,63,184
09/25/2022,SMO,CA,AWP,WE,Towers with Radar,0,8,20,1,29,0,4,116,0,120,0,12,136,1,149,47,0,47,196
09/26/2022,SMO,CA,AWP,WE,Towers with Radar,0,8,13,1,22,0,8,119,0,127,0,16,132,1,149,64,0,64,213
09/27/2022,SMO,CA,AWP,WE,Towers with Radar,0,8,14,0,22,0,6,129,0,135,0,14,143,0,157,98,0,98,255
09/28/2022,SMO,CA,AWP,WE,Towers with Radar,0,9,14,0,23,0,7,106,0,113,0,16,120,0,136,72,0,72,208
09/29/2022,SMO,CA,AWP,WE,Towers with Radar,0,12,38,0,50,0,2,42,0,44,0,14,80,0,94,3,0,3,97
09/30/2022,SMO,CA,AWP,WE,Towers with Radar,0,11,21,0,32,0,2,89,0,91,0,13,110,0,123,64,0,64,187
10/01/2022,SMO,CA,AWP,WE,Towers with Radar,0,10,23,0,33,0,2,102,0,104,0,12,125,0,137,74,0,74,211
10/02/2022,SMO,CA,AWP,WE,Towers with Radar,0,10,26,0,36,0,7,111,0,118,0,17,137,0,154,89,0,89,243
10/03/2022,SMO,CA,AWP,WE,Towers with Radar,0,7,20,0,27,0,3,50,0,53,0,10,70,0,80,21,0,21,101
10/04/2022,SMO,CA,AWP,WE,Towers with Radar,0,19,21,0,40,0,6,88,0,94,0,25,109,0,134,37,0,37,171
10/05/2022,SMO,CA,AWP,WE,Towers with Radar,0,11,37,0,48,0,4,28,0,32,0,15,65,0,80,0,0,0,80
10/06/2022,SMO,CA,AWP,WE,Towers with Radar,0,15,62,0,77,0,0,1,0,1,0,15,63,0,78,0,0,0,78
10/07/2022,SMO,CA,AWP,WE,Towers with Radar,0,7,39,0,46,0,7,60,0,67,0,14,99,0,113,67,0,67,180
10/08/2022,SMO,CA,AWP,WE,Towers with Radar,0,5,21,0,26,0,2,36,0,38,0,7,57,0,64,2,0,2,66
10/09/2022,SMO,CA,AWP,WE,Towers with Radar,0,3,47,0,50,0,4,37,2,43,0,7,84,2,93,6,0,6,99
10/10/2022,SMO,CA,AWP,WE,Towers with Radar,0,8,35,0,43,0,0,58,0,58,0,8,93,0,101,93,0,93,194
10/11/2022,SMO,CA,AWP,WE,Towers with Radar,0,13,39,0,52,0,5,48,0,53,0,18,87,0,105,78,0,78,183
10/12/2022,SMO,CA,AWP,WE,Towers with Radar,0,5,14,0,19,0,5,23,10,38,0,10,37,10,57,18,0,18,75
10/13/2022,SMO,CA,AWP,WE,Towers with Radar,0,0,0,0,0,0,0,0,0,0,0,0,0,0,0,0,0,0,0
10/14/2022,SMO,CA,AWP,WE,Towers with Radar,0,5,17,0,22,0,5,9,0,14,0,10,26,0,36,9,0,9,45
10/15/2022,SMO,CA,AWP,WE,Towers with Radar,0,1,24,0,25,0,4,14,0,18,0,5,38,0,43,6,0,6,49
10/16/2022,SMO,CA,AWP,WE,Towers with Radar,0,9,23,0,32,0,4,113,0,117,0,13,136,0,149,98,0,98,247
10/17/2022,SMO,CA,AWP,WE,Towers with Radar,0,6,13,0,19,0,0,76,0,76,0,6,89,0,95,43,0,43,138
10/18/2022,SMO,CA,AWP,WE,Towers with Radar,0,5,14,0,19,0,3,101,0,104,0,8,115,0,123,84,0,84,207
10/19/2022,SMO,CA,AWP,WE,Towers with Radar,0,5,24,0,29,0,1,101,0,102,0,6,125,0,131,35,0,35,166
10/20/2022,SMO,CA,AWP,WE,Towers with Radar,0,2,26,0,28,0,2,99,0,101,0,4,125,0,129,73,0,73,202
10/21/2022,SMO,CA,AWP,WE,Towers with Radar,0,12,24,0,36,0,2,72,0,74,0,14,96,0,110,6,0,6,116
10/22/2022,SMO,CA,AWP,WE,Towers with Radar,0,7,37,0,44,0,4,53,0,57,0,11,90,0,101,86,0,86,187
10/23/2022,SMO,CA,AWP,WE,Towers with Radar,0,6,21,0,27,0,4,147,1,152,0,10,168,1,179,30,0,30,209
10/24/2022,SMO,CA,AWP,WE,Towers with Radar,0,4,17,0,21,0,0,83,0,83,0,4,100,0,104,109,0,109,213
10/25/2022,SMO,CA,AWP,WE,Towers with Radar,0,5,27,0,32,0,5,106,0,111,0,10,133,0,143,112,0,112,255
10/26/2022,SMO,CA,AWP,WE,Towers with Radar,0,11,25,0,36,0,3,103,0,106,0,14,128,0,142,65,2,67,209
10/27/2022,SMO,CA,AWP,WE,Towers with Radar,0,14,33,0,47,0,0,102,0,102,0,14,135,0,149,114,0,114,263
10/28/2022,SMO,CA,AWP,WE,Towers with Radar,0,9,16,0,25,0,0,2,0,2,0,9,18,0,27,0,0,0,27
10/29/2022,SMO,CA,AWP,WE,Towers with Radar,0,0,22,0,22,0,1,149,0,150,0,1,171,0,172,100,0,100,272
10/30/2022,SMO,CA,AWP,WE,Towers with Radar,0,1,10,0,11,0,4,133,0,137,0,5,143,0,148,43,0,43,191
10/31/2022,SMO,CA,AWP,WE,Towers with Radar,0,0,16,0,16,0,2,70,0,72,0,2,86,0,88,62,0,62,150
11/01/2022,SMO,CA,AWP,WE,Towers with Radar,0,14,51,0,65,0,4,40,0,44,0,18,91,0,109,21,1,22,131
11/02/2022,SMO,CA,AWP,WE,Towers with Radar,0,10,15,0,25,0,0,60,0,60,0,10,75,0,85,36,0,36,121
11/03/2022,SMO,CA,AWP,WE,Towers with Radar,0,5,27,0,32,0,3,61,1,65,0,8,88,1,97,52,0,52,149
11/04/2022,SMO,CA,AWP,WE,Towers with Radar,0,8,17,0,25,0,3,139,0,142,0,11,156,0,167,96,0,96,263
11/05/2022,SMO,CA,AWP,WE,Towers with Radar,0,8,35,0,43,0,2,139,0,141,0,10,174,0,184,66,0,66,250
11/06/2022,SMO,CA,AWP,WE,Towers with Radar,0,9,19,0,28,0,1,118,0,119,0,10,137,0,147,72,0,72,219
11/07/2022,SMO,CA,AWP,WE,Towers with Radar,0,2,21,0,23,0,0,5,0,5,0,2,26,0,28,0,0,0,28
11/08/2022,SMO,CA,AWP,WE,Towers with Radar,0,0,5,0,5,0,0,0,0,0,0,0,5,0,5,0,0,0,5
11/09/2022,SMO,CA,AWP,WE,Towers with Radar,0,6,20,0,26,0,0,77,0,77,0,6,97,0,103,79,0,79,182
11/10/2022,SMO,CA,AWP,WE,Towers with Radar,0,10,24,0,34,0,6,105,0,111,0,16,129,0,145,106,0,106,251
11/11/2022,SMO,CA,AWP,WE,Towers with Radar,0,11,19,0,30,0,4,131,0,135,0,15,150,0,165,107,0,107,272
11/12/2022,SMO,CA,AWP,WE,Towers with Radar,0,8,20,0,28,0,5,94,0,99,0,13,114,0,127,47,0,47,174
11/13/2022,SMO,CA,AWP,WE,Towers with Radar,0,7,22,0,29,0,3,99,0,102,0,10,121,0,131,20,0,20,151
11/14/2022,SMO,CA,AWP,WE,Towers with Radar,0,6,12,0,18,0,5,119,0,124,0,11,131,0,142,74,0,74,216
11/15/2022,SMO,CA,AWP,WE,Towers with Radar,0,5,22,0,27,0,3,107,0,110,0,8,129,0,137,35,0,35,172
11/16/2022,SMO,CA,AWP,WE,Towers with Radar,0,10,10,0,20,0,6,60,0,66,0,16,70,0,86,92,0,92,178
11/17/2022,SMO,CA,AWP,WE,Towers with Radar,0,10,16,0,26,0,0,111,2,113,0,10,127,2,139,78,0,78,217
11/18/2022,SMO,CA,AWP,WE,Towers with Radar,0,9,12,0,21,0,7,135,0,142,0,16,147,0,163,142,0,142,305
11/19/2022,SMO,CA,AWP,WE,Towers with Radar,0,6,13,0,19,0,4,55,0,59,0,10,68,0,78,72,0,72,150
11/20/2022,SMO,CA,AWP,WE,Towers with Radar,0,4,23,0,27,0,4,139,0,143,0,8,162,0,170,79,0,79,249
11/21/2022,SMO,CA,AWP,WE,Towers with Radar,0,8,14,0,22,0,5,92,0,97,0,13,106,0,119,84,0,84,203
11/22/2022,SMO,CA,AWP,WE,Towers with Radar,0,7,19,0,26,0,4,112,0,116,0,11,131,0,142,82,0,82,224
11/23/2022,SMO,CA,AWP,WE,Towers with Radar,0,5,25,0,30,0,3,106,0,109,0,8,131,0,139,118,0,118,257
11/24/2022,SMO,CA,AWP,WE,Towers with Radar,0,6,1,0,7,0,0,31,0,31,0,6,32,0,38,16,0,16,54
11/25/2022,SMO,CA,AWP,WE,Towers with Radar,0,0,13,0,13,0,0,83,0,83,0,0,96,0,96,74,0,74,170
11/26/2022,SMO,CA,AWP,WE,Towers with Radar,0,7,15,0,22,0,2,106,0,108,0,9,121,0,130,53,0,53,183
11/27/2022,SMO,CA,AWP,WE,Towers with Radar,0,4,17,0,21,0,0,2,0,2,0,4,19,0,23,0,0,0,23
11/28/2022,SMO,CA,AWP,WE,Towers with Radar,0,17,56,0,73,0,10,51,0,61,0,27,107,0,134,9,0,9,143
11/29/2022,SMO,CA,AWP,WE,Towers with Radar,0,8,18,0,26,0,3,73,0,76,0,11,91,0,102,60,0,60,162
11/30/2022,SMO,CA,AWP,WE,Towers with Radar,0,11,57,0,68,0,2,33,0,35,0,13,90,0,103,144,0,144,247
12/01/2022,SMO,CA,AWP,WE,Towers with Radar,0,8,29,0,37,0,5,13,0,18,0,13,42,0,55,115,2,117,172
12/02/2022,SMO,CA,AWP,WE,Towers with Radar,0,4,17,1,22,0,0,3,0,3,0,4,20,1,25,0,0,0,25
12/03/2022,SMO,CA,AWP,WE,Towers with Radar,0,0,13,0,13,0,3,98,0,101,0,3,111,0,114,71,0,71,185
12/04/2022,SMO,CA,AWP,WE,Towers with Radar,0,5,32,0,37,0,0,12,0,12,0,5,44,0,49,45,0,45,94
12/05/2022,SMO,CA,AWP,WE,Towers with Radar,0,9,22,0,31,0,0,68,0,68,0,9,90,0,99,25,0,25,124
12/06/2022,SMO,CA,AWP,WE,Towers with Radar,0,9,21,0,30,0,5,61,0,66,0,14,82,0,96,129,0,129,225
12/07/2022,SMO,CA,AWP,WE,Towers with Radar,0,12,33,0,45,0,6,94,0,100,0,18,127,0,145,85,0,85,230
12/08/2022,SMO,CA,AWP,WE,Towers with Radar,0,10,16,0,26,0,5,109,0,114,0,15,125,0,140,57,0,57,197
12/09/2022,SMO,CA,AWP,WE,Towers with Radar,0,11,27,0,38,0,8,124,0,132,0,19,151,0,170,68,0,68,238
12/10/2022,SMO,CA,AWP,WE,Towers with Radar,0,2,19,0,21,0,2,32,0,34,0,4,51,0,55,65,0,65,120
12/11/2022,SMO,CA,AWP,WE,Towers with Radar,0,7,5,0,12,0,0,14,0,14,0,7,19,0,26,0,0,0,26
12/12/2022,SMO,CA,AWP,WE,Towers with Radar,0,1,17,0,18,0,2,51,0,53,0,3,68,0,71,57,0,57,128
12/13/2022,SMO,CA,AWP,WE,Towers with Radar,0,3,12,0,15,0,6,123,0,129,0,9,135,0,144,70,0,70,214
12/14/2022,SMO,CA,AWP,WE,Towers with Radar,0,2,19,0,21,0,10,122,0,132,0,12,141,0,153,77,0,77,230
12/15/2022,SMO,CA,AWP,WE,Towers with Radar,0,6,13,0,19,0,0,94,0,94,0,6,107,0,113,48,4,52,165
12/16/2022,SMO,CA,AWP,WE,Towers with Radar,0,8,23,0,31,0,4,102,0,106,0,12,125,0,137,94,0,94,231
12/17/2022,SMO,CA,AWP,WE,Towers with Radar,0,9,14,0,23,0,3,98,0,101,0,12,112,0,124,55,0,55,179
12/18/2022,SMO,CA,AWP,WE,Towers with Radar,0,5,14,0,19,0,3,113,0,116,0,8,127,0,135,45,0,45,180
12/19/2022,SMO,CA,AWP,WE,Towers with Radar,0,2,22,0,24,0,0,67,0,67,0,2,89,0,91,55,0,55,146
12/20/2022,SMO,CA,AWP,WE,Towers with Radar,0,7,8,0,15,0,4,115,0,119,0,11,123,0,134,58,0,58,192
12/21/2022,SMO,CA,AWP,WE,Towers with Radar,0,9,19,0,28,0,3,122,0,125,0,12,141,0,153,52,0,52,205
12/22/2022,SMO,CA,AWP,WE,Towers with Radar,0,9,22,0,31,0,2,83,0,85,0,11,105,0,116,87,0,87,203
12/23/2022,SMO,CA,AWP,WE,Towers with Radar,0,2,14,0,16,0,1,73,0,74,0,3,87,0,90,26,0,26,116
12/24/2022,SMO,CA,AWP,WE,Towers with Radar,0,2,3,0,5,0,2,41,0,43,0,4,44,0,48,14,0,14,62
12/25/2022,SMO,CA,AWP,WE,Towers with Radar,0,5,3,0,8,0,3,15,0,18,0,8,18,0,26,2,0,2,28
12/26/2022,SMO,CA,AWP,WE,Towers with Radar,0,5,26,0,31,0,0,79,0,79,0,5,105,0,110,47,0,47,157
12/27/2022,SMO,CA,AWP,WE,Towers with Radar,0,3,13,0,16,0,0,20,0,20,0,3,33,0,36,45,0,45,81
12/28/2022,SMO,CA,AWP,WE,Towers with Radar,0,3,17,0,20,0,1,45,0,46,0,4,62,0,66,88,0,88,154
12/29/2022,SMO,CA,AWP,WE,Towers with Radar,0,9,17,0,26,0,1,12,2,15,0,10,29,2,41,17,0,17,58
12/30/2022,SMO,CA,AWP,WE,Towers with Radar,0,7,21,0,28,0,1,3,0,4,0,8,24,0,32,0,0,0,32
12/31/2022,SMO,CA,AWP,WE,Towers with Radar,0,0,8,0,8,0,0,0,0,0,0,0,8,0,8,0,0,0,8
01/01/2023,SMO,CA,AWP,WE,Towers with Radar,0,2,7,0,9,0,1,24,0,25,0,3,31,0,34,27,0,27,61
01/02/2023,SMO,CA,AWP,WE,Towers with Radar,0,0,14,0,14,0,2,44,0,46,0,2,58,0,60,77,0,77,137
01/03/2023,SMO,CA,AWP,WE,Towers with Radar,0,4,13,0,17,0,4,5,0,9,0,8,18,0,26,0,0,0,26
01/04/2023,SMO,CA,AWP,WE,Towers with Radar,0,2,7,0,9,0,0,0,0,0,0,2,7,0,9,0,0,0,9
01/05/2023,SMO,CA,AWP,WE,Towers with Radar,0,7,9,0,16,0,6,14,0,20,0,13,23,0,36,4,0,4,40
01/06/2023,SMO,CA,AWP,WE,Towers with Radar,0,11,12,0,23,0,5,126,0,131,0,16,138,0,154,93,0,93,247
01/07/2023,SMO,CA,AWP,WE,Towers with Radar,0,7,12,0,19,0,3,128,0,131,0,10,140,0,150,74,0,74,224
01/08/2023,SMO,CA,AWP,WE,Towers with Radar,0,4,22,0,26,0,3,77,0,80,0,7,99,0,106,70,0,70,176
01/09/2023,SMO,CA,AWP,WE,Towers with Radar,0,0,4,0,4,0,0,0,0,0,0,0,4,0,4,0,0,0,4
01/10/2023,SMO,CA,AWP,WE,Towers with Radar,0,5,10,0,15,0,1,7,0,8,0,6,17,0,23,9,0,9,32
01/11/2023,SMO,CA,AWP,WE,Towers with Radar,0,15,30,0,45,0,1,86,0,87,0,16,116,0,132,63,0,63,195
01/12/2023,SMO,CA,AWP,WE,Towers with Radar,0,16,19,0,35,0,10,94,0,104,0,26,113,0,139,66,0,66,205
01/13/2023,SMO,CA,AWP,WE,Towers with Radar,0,5,23,0,28,0,1,114,0,115,0,6,137,0,143,83,0,83,226
01/14/2023,SMO,CA,AWP,WE,Towers with Radar,0,1,5,0,6,0,0,0,0,0,0,1,5,0,6,2,0,2,8
01/15/2023,SMO,CA,AWP,WE,Towers with Radar,0,2,12,0,14,0,0,24,0,24,0,2,36,0,38,33,0,33,71
01/16/2023,SMO,CA,AWP,WE,Towers with Radar,0,8,16,0,24,0,4,16,0,20,0,12,32,0,44,18,0,18,62
01/17/2023,SMO,CA,AWP,WE,Towers with Radar,0,12,15,0,27,0,9,60,0,69,0,21,75,0,96,94,0,94,190
01/18/2023,SMO,CA,AWP,WE,Towers with Radar,0,9,14,0,23,0,7,99,0,106,0,16,113,0,129,72,0,72,201
01/19/2023,SMO,CA,AWP,WE,Towers with Radar,0,4,19,0,23,0,2,70,0,72,0,6,89,0,95,50,2,52,147
01/20/2023,SMO,CA,AWP,WE,Towers with Radar,0,10,12,0,22,0,2,137,0,139,0,12,149,0,161,156,0,156,317
01/21/2023,SMO,CA,AWP,WE,Towers with Radar,0,5,15,0,20,0,2,127,0,129,0,7,142,0,149,79,0,79,228
01/22/2023,SMO,CA,AWP,WE,Towers with Radar,0,8,19,0,27,0,0,112,0,112,0,8,131,0,139,56,0,56,195
01/23/2023,SMO,CA,AWP,WE,Towers with Radar,0,7,5,0,12,0,0,54,1,55,0,7,59,1,67,14,0,14,81
01/24/2023,SMO,CA,AWP,WE,Towers with Radar,0,11,11,0,22,0,5,84,0,89,0,16,95,0,111,65,0,65,176
01/25/2023,SMO,CA,AWP,WE,Towers with Radar,0,4,16,0,20,0,2,106,2,110,0,6,122,2,130,46,0,46,176
01/26/2023,SMO,CA,AWP,WE,Towers with Radar,0,7,9,0,16,0,2,49,0,51,0,9,58,0,67,84,0,84,151
01/27/2023,SMO,CA,AWP,WE,Towers with Radar,0,10,11,0,21,0,2,113,0,115,0,12,124,0,136,100,0,100,236
01/28/2023,SMO,CA,AWP,WE,Towers with Radar,0,6,19,0,25,0,0,139,0,139,0,6,158,0,164,43,0,43,207
01/29/2023,SMO,CA,AWP,WE,Towers with Radar,0,4,29,0,33,0,4,36,0,40,0,8,65,0,73,17,0,17,90
01/30/2023,SMO,CA,AWP,WE,Towers with Radar,0,1,15,0,16,0,1,25,0,26,0,2,40,0,42,28,0,28,70
01/31/2023,SMO,CA,AWP,WE,Towers with Radar,0,4,10,0,14,0,9,42,0,51,0,13,52,0,65,25,0,25,90
02/01/2023,SMO,CA,AWP,WE,Towers with Radar,0,3,17,0,20,0,0,123,0,123,0,3,140,0,143,111,0,111,254
02/02/2023,SMO,CA,AWP,WE,Towers with Radar,0,12,20,0,32,0,2,134,0,136,0,14,154,0,168,93,0,93,261
02/03/2023,SMO,CA,AWP,WE,Towers with Radar,0,9,15,0,24,0,1,132,0,133,0,10,147,0,157,100,0,100,257
02/04/2023,SMO,CA,AWP,WE,Towers with Radar,0,4,16,0,20,0,1,129,0,130,0,5,145,0,150,65,0,65,215
02/05/2023,SMO,CA,AWP,WE,Towers with Radar,0,5,21,0,26,0,2,49,0,51,0,7,70,0,77,32,0,32,109
02/06/2023,SMO,CA,AWP,WE,Towers with Radar,0,0,10,0,10,0,0,2,0,2,0,0,12,0,12,0,0,0,12
02/07/2023,SMO,CA,AWP,WE,Towers with Radar,0,8,24,0,32,0,0,91,0,91,0,8,115,0,123,63,0,63,186
02/08/2023,SMO,CA,AWP,WE,Towers with Radar,0,8,5,0,13,0,7,94,0,101,0,15,99,0,114,86,0,86,200
02/09/2023,SMO,CA,AWP,WE,Towers with Radar,0,6,22,0,28,0,4,81,0,85,0,10,103,0,113,42,0,42,155
02/10/2023,SMO,CA,AWP,WE,Towers with Radar,0,8,12,0,20,0,3,101,0,104,0,11,113,0,124,82,0,82,206
02/11/2023,SMO,CA,AWP,WE,Towers with Radar,0,5,26,0,31,0,0,67,0,67,0,5,93,0,98,22,0,22,120
02/12/2023,SMO,CA,AWP,WE,Towers with Radar,0,18,23,0,41,0,8,75,0,83,0,26,98,0,124,40,0,40,164
02/13/2023,SMO,CA,AWP,WE,Towers with Radar,0,9,22,0,31,0,3,71,0,74,0,12,93,0,105,39,0,39,144
02/14/2023,SMO,CA,AWP,WE,Towers with Radar,0,6,14,0,20,0,3,37,0,40,0,9,51,0,60,79,0,79,139
02/15/2023,SMO,CA,AWP,WE,Towers with Radar,0,5,11,0,16,0,8,62,0,70,0,13,73,0,86,32,0,32,118
02/16/2023,SMO,CA,AWP,WE,Towers with Radar,0,13,35,0,48,0,2,114,0,116,0,15,149,0,164,84,0,84,248
02/17/2023,SMO,CA,AWP,WE,Towers with Radar,0,14,16,0,30,0,6,124,0,130,0,20,140,0,160,80,0,80,240
02/18/2023,SMO,CA,AWP,WE,Towers with Radar,0,2,23,0,25,0,0,118,0,118,0,2,141,0,143,58,0,58,201
02/19/2023,SMO,CA,AWP,WE,Towers with Radar,0,1,12,0,13,0,2,105,0,107,0,3,117,0,120,26,0,26,146
02/20/2023,SMO,CA,AWP,WE,Towers with Radar,0,8,18,0,26,0,4,92,0,96,0,12,110,0,122,93,0,93,215
02/21/2023,SMO,CA,AWP,WE,Towers with Radar,0,6,31,0,37,0,2,38,0,40,0,8,69,0,77,30,0,30,107
02/22/2023,SMO,CA,AWP,WE,Towers with Radar,0,3,10,0,13,0,3,17,0,20,0,6,27,0,33,0,0,0,33
02/23/2023,SMO,CA,AWP,WE,Towers with Radar,0,0,9,0,9,0,0,12,0,12,0,0,21,0,21,5,0,5,26
02/24/2023,SMO,CA,AWP,WE,Towers with Radar,0,0,4,0,4,0,0,0,0,0,0,0,4,0,4,0,0,0,4
02/25/2023,SMO,CA,AWP,WE,Towers with Radar,0,1,4,0,5,0,0,0,0,0,0,1,4,0,5,0,0,0,5
02/26/2023,SMO,CA,AWP,WE,Towers with Radar,0,4,12,0,16,0,0,94,0,94,0,4,106,0,110,125,0,125,235
02/27/2023,SMO,CA,AWP,WE,Towers with Radar,0,1,16,0,17,0,0,14,0,14,0,1,30,0,31,4,0,4,35
02/28/2023,SMO,CA,AWP,WE,Towers with Radar,0,4,13,0,17,0,2,22,1,25,0,6,35,1,42,31,0,31,73
03/01/2023,SMO,CA,AWP,WE,Towers with Radar,0,3,11,0,14,0,0,7,0,7,0,3,18,0,21,0,0,0,21
03/02/2023,SMO,CA,AWP,WE,Towers with Radar,0,6,17,0,23,0,1,159,0,160,0,7,176,0,183,71,0,71,254
03/03/2023,SMO,CA,AWP,WE,Towers with Radar,0,12,15,0,27,0,6,155,0,161,0,18,170,0,188,157,0,157,345
03/04/2023,SMO,CA,AWP,WE,Towers with Radar,0,4,27,2,33,0,2,62,0,64,0,6,89,2,97,67,0,67,164
03/05/2023,SMO,CA,AWP,WE,Towers with Radar,0,3,20,0,23,0,0,25,0,25,0,3,45,0,48,56,0,56,104
03/06/2023,SMO,CA,AWP,WE,Towers with Radar,0,6,19,0,25,0,1,77,0,78,0,7,96,0,103,53,0,53,156
03/07/2023,SMO,CA,AWP,WE,Towers with Radar,0,9,10,0,19,0,0,105,0,105,0,9,115,0,124,43,0,43,167
03/08/2023,SMO,CA,AWP,WE,Towers with Radar,0,10,18,0,28,0,6,69,0,75,0,16,87,0,103,65,0,65,168
03/09/2023,SMO,CA,AWP,WE,Towers with Radar,0,16,29,0,45,0,16,132,0,148,0,32,161,0,193,107,0,107,300
03/10/2023,SMO,CA,AWP,WE,Towers with Radar,0,2,10,0,12,0,0,0,0,0,0,2,10,0,12,0,0,0,12
03/11/2023,SMO,CA,AWP,WE,Towers with Radar,0,0,14,0,14,0,0,0,0,0,0,0,14,0,14,0,0,0,14
03/12/2023,SMO,CA,AWP,WE,Towers with Radar,0,4,28,0,32,0,0,1,0,1,0,4,29,0,33,0,0,0,33
03/13/2023,SMO,CA,AWP,WE,Towers with Radar,0,8,31,0,39,0,1,7,0,8,0,9,38,0,47,4,0,4,51
03/14/2023,SMO,CA,AWP,WE,Towers with Radar,0,0,5,0,5,0,0,0,0,0,0,0,5,0,5,0,0,0,5
03/15/2023,SMO,CA,AWP,WE,Towers with Radar,0,6,18,0,24,0,0,8,0,8,0,6,26,0,32,6,0,6,38
03/16/2023,SMO,CA,AWP,WE,Towers with Radar,0,11,43,1,55,0,2,59,0,61,0,13,102,1,116,139,0,139,255
03/17/2023,SMO,CA,AWP,WE,Towers with Radar,0,11,11,2,24,0,2,114,4,120,0,13,125,6,144,79,0,79,223
03/18/2023,SMO,CA,AWP,WE,Towers with Radar,0,5,18,0,23,0,4,146,0,150,0,9,164,0,173,46,0,46,219
03/19/2023,SMO,CA,AWP,WE,Towers with Radar,0,10,40,0,50,0,7,54,0,61,0,17,94,0,111,26,0,26,137
03/20/2023,SMO,CA,AWP,WE,Towers with Radar,0,4,34,0,38,0,4,14,0,18,0,8,48,0,56,10,0,10,66
03/21/2023,SMO,CA,AWP,WE,Towers with Radar,0,0,3,0,3,0,0,0,0,0,0,0,3,0,3,0,0,0,3
03/22/2023,SMO,CA,AWP,WE,Towers with Radar,0,1,9,0,10,0,0,6,0,6,0,1,15,0,16,0,0,0,16
03/23/2023,SMO,CA,AWP,WE,Towers with Radar,0,7,25,0,32,0,4,65,0,69,0,11,90,0,101,58,0,58,159
03/24/2023,SMO,CA,AWP,WE,Towers with Radar,0,7,22,0,29,0,1,80,0,81,0,8,102,0,110,71,0,71,181
03/25/2023,SMO,CA,AWP,WE,Towers with Radar,0,4,22,0,26,0,5,165,0,170,0,9,187,0,196,82,0,82,278
03/26/2023,SMO,CA,AWP,WE,Towers with Radar,0,12,26,0,38,0,10,70,0,80,0,22,96,0,118,20,0,20,138
03/27/2023,SMO,CA,AWP,WE,Towers with Radar,0,5,16,0,21,0,2,118,2,122,0,7,134,2,143,46,0,46,189
03/28/2023,SMO,CA,AWP,WE,Towers with Radar,0,4,10,1,15,0,3,126,0,129,0,7,136,1,144,139,0,139,283
03/29/2023,SMO,CA,AWP,WE,Towers with Radar,0,6,22,0,28,0,0,21,0,21,0,6,43,0,49,48,0,48,97
03/30/2023,SMO,CA,AWP,WE,Towers with Radar,0,4,20,0,24,0,0,55,0,55,0,4,75,0,79,44,0,44,123
03/31/2023,SMO,CA,AWP,WE,Towers with Radar,0,14,12,0,26,0,0,118,0,118,0,14,130,0,144,96,0,96,240
04/01/2023,SMO,CA,AWP,WE,Towers with Radar,0,4,16,0,20,0,1,160,0,161,0,5,176,0,181,98,0,98,279
04/02/2023,SMO,CA,AWP,WE,Towers with Radar,0,8,12,0,20,0,5,86,0,91,0,13,98,0,111,12,0,12,123
04/03/2023,SMO,CA,AWP,WE,Towers with Radar,0,6,10,0,16,0,4,23,0,27,0,10,33,0,43,60,0,60,103
04/04/2023,SMO,CA,AWP,WE,Towers with Radar,0,1,20,0,21,0,8,68,0,76,0,9,88,0,97,40,0,40,137
04/05/2023,SMO,CA,AWP,WE,Towers with Radar,0,8,15,0,23,0,0,127,0,127,0,8,142,0,150,92,0,92,242
04/06/2023,SMO,CA,AWP,WE,Towers with Radar,0,11,22,0,33,0,1,108,4,113,0,12,130,4,146,146,0,146,292
04/07/2023,SMO,CA,AWP,WE,Towers with Radar,0,5,12,0,17,0,1,149,0,150,0,6,161,0,167,100,0,100,267
04/08/2023,SMO,CA,AWP,WE,Towers with Radar,0,4,27,0,31,0,1,113,0,114,0,5,140,0,145,60,0,60,205
04/09/2023,SMO,CA,AWP,WE,Towers with Radar,0,12,15,0,27,0,1,63,0,64,0,13,78,0,91,6,0,6,97
04/10/2023,SMO,CA,AWP,WE,Towers with Radar,0,10,27,0,37,0,4,20,0,24,0,14,47,0,61,5,0,5,66
04/11/2023,SMO,CA,AWP,WE,Towers with Radar,0,6,18,0,24,0,0,6,0,6,0,6,24,0,30,2,0,2,32
04/12/2023,SMO,CA,AWP,WE,Towers with Radar,0,6,60,0,66,0,0,10,0,10,0,6,70,0,76,49,0,49,125
04/13/2023,SMO,CA,AWP,WE,Towers with Radar,0,52,91,0,143,0,29,66,1,96,0,81,157,1,239,57,0,57,296
04/14/2023,SMO,CA,AWP,WE,Towers with Radar,0,25,26,0,51,0,1,116,0,117,0,26,142,0,168,162,0,162,330
04/15/2023,SMO,CA,AWP,WE,Towers with Radar,0,16,17,0,33,0,0,164,0,164,0,16,181,0,197,84,0,84,281
04/16/2023,SMO,CA,AWP,WE,Towers with Radar,0,12,56,0,68,0,2,47,0,49,0,14,103,0,117,0,0,0,117
04/17/2023,SMO,CA,AWP,WE,Towers with Radar,0,18,38,0,56,0,4,33,0,37,0,22,71,0,93,66,0,66,159
04/18/2023,SMO,CA,AWP,WE,Towers with Radar,0,10,27,0,37,0,0,84,0,84,0,10,111,0,121,106,0,106,227
04/19/2023,SMO,CA,AWP,WE,Towers with Radar,0,11,19,0,30,0,1,102,0,103,0,12,121,0,133,71,0,71,204
04/20/2023,SMO,CA,AWP,WE,Towers with Radar,0,18,9,0,27,0,3,157,0,160,0,21,166,0,187,158,0,158,345
04/21/2023,SMO,CA,AWP,WE,Towers with Radar,0,21,12,0,33,0,10,174,0,184,0,31,186,0,217,152,0,152,369
04/22/2023,SMO,CA,AWP,WE,Towers with Radar,0,12,26,0,38,0,2,120,0,122,0,14,146,0,160,125,0,125,285
04/23/2023,SMO,CA,AWP,WE,Towers with Radar,0,15,41,0,56,0,1,49,0,50,0,16,90,0,106,17,0,17,123
04/24/2023,SMO,CA,AWP,WE,Towers with Radar,0,16,29,0,45,0,2,23,0,25,0,18,52,0,70,39,0,39,109
04/25/2023,SMO,CA,AWP,WE,Towers with Radar,0,8,25,0,33,0,1,70,0,71,0,9,95,0,104,166,0,166,270
04/26/2023,SMO,CA,AWP,WE,Towers with Radar,0,10,45,0,55,0,1,55,0,56,0,11,100,0,111,0,0,0,111
04/27/2023,SMO,CA,AWP,WE,Towers with Radar,0,11,37,0,48,0,1,8,0,9,0,12,45,0,57,0,0,0,57
04/28/2023,SMO,CA,AWP,WE,Towers with Radar,0,19,67,0,86,0,0,2,0,2,0,19,69,0,88,0,0,0,88
04/29/2023,SMO,CA,AWP,WE,Towers with Radar,0,5,50,1,56,0,0,1,2,3,0,5,51,3,59,0,0,0,59
04/30/2023,SMO,CA,AWP,WE,Towers with Radar,0,14,42,1,57,0,0,0,0,0,0,14,42,1,57,2,0,2,59
05/01/2023,SMO,CA,AWP,WE,Towers with Radar,0,8,21,0,29,0,1,70,0,71,0,9,91,0,100,85,0,85,185
05/02/2023,SMO,CA,AWP,WE,Towers with Radar,0,14,25,0,39,0,3,70,0,73,0,17,95,0,112,71,0,71,183
05/03/2023,SMO,CA,AWP,WE,Towers with Radar,0,10,26,0,36,0,5,82,0,87,0,15,108,0,123,148,0,148,271
05/04/2023,SMO,CA,AWP,WE,Towers with Radar,0,5,23,0,28,0,1,34,0,35,0,6,57,0,63,175,0,175,238
05/05/2023,SMO,CA,AWP,WE,Towers with Radar,0,13,27,0,40,0,3,115,0,118,0,16,142,0,158,122,0,122,280
05/06/2023,SMO,CA,AWP,WE,Towers with Radar,0,5,20,0,25,0,18,117,0,135,0,23,137,0,160,106,0,106,266
05/07/2023,SMO,CA,AWP,WE,Towers with Radar,0,12,25,0,37,0,5,132,0,137,0,17,157,0,174,44,0,44,218
05/08/2023,SMO,CA,AWP,WE,Towers with Radar,0,10,9,0,19,0,2,111,0,113,0,12,120,0,132,49,0,49,181
05/09/2023,SMO,CA,AWP,WE,Towers with Radar,0,7,56,0,63,0,2,38,0,40,0,9,94,0,103,134,0,134,237
05/10/2023,SMO,CA,AWP,WE,Towers with Radar,0,7,28,0,35,0,0,105,0,105,0,7,133,0,140,157,0,157,297
05/11/2023,SMO,CA,AWP,WE,Towers with Radar,0,13,27,0,40,0,2,111,0,113,0,15,138,0,153,112,0,112,265
05/12/2023,SMO,CA,AWP,WE,Towers with Radar,0,21,23,0,44,0,0,97,0,97,0,21,120,0,141,38,0,38,179
05/13/2023,SMO,CA,AWP,WE,Towers with Radar,0,8,32,0,40,0,0,42,0,42,0,8,74,0,82,4,0,4,86
05/14/2023,SMO,CA,AWP,WE,Towers with Radar,0,14,34,0,48,0,0,52,0,52,0,14,86,0,100,0,0,0,100
05/15/2023,SMO,CA,AWP,WE,Towers with Radar,0,13,33,0,46,0,0,18,0,18,0,13,51,0,64,2,0,2,66
05/16/2023,SMO,CA,AWP,WE,Towers with Radar,0,13,54,0,67,0,2,9,0,11,0,15,63,0,78,0,0,0,78
05/17/2023,SMO,CA,AWP,WE,Towers with Radar,0,5,58,0,63,0,0,3,0,3,0,5,61,0,66,0,0,0,66
05/18/2023,SMO,CA,AWP,WE,Towers with Radar,0,6,36,0,42,0,3,38,0,41,0,9,74,0,83,35,0,35,118
05/19/2023,SMO,CA,AWP,WE,Towers with Radar,0,9,51,0,60,0,0,20,0,20,0,9,71,0,80,0,0,0,80
05/20/2023,SMO,CA,AWP,WE,Towers with Radar,0,3,37,0,40,0,0,13,0,13,0,3,50,0,53,11,0,11,64
05/21/2023,SMO,CA,AWP,WE,Towers with Radar,0,15,48,1,64,0,5,28,0,33,0,20,76,1,97,2,0,2,99
05/22/2023,SMO,CA,AWP,WE,Towers with Radar,0,11,37,0,48,0,0,3,0,3,0,11,40,0,51,0,0,0,51
05/23/2023,SMO,CA,AWP,WE,Towers with Radar,0,13,44,0,57,0,0,2,0,2,0,13,46,0,59,0,0,0,59
05/24/2023,SMO,CA,AWP,WE,Towers with Radar,0,12,40,0,52,0,1,38,0,39,0,13,78,0,91,98,0,98,189
05/25/2023,SMO,CA,AWP,WE,Towers with Radar,0,20,51,0,71,0,0,54,0,54,0,20,105,0,125,112,0,112,237
05/26/2023,SMO,CA,AWP,WE,Towers with Radar,0,15,35,0,50,0,0,90,0,90,0,15,125,0,140,126,0,126,266
05/27/2023,SMO,CA,AWP,WE,Towers with Radar,0,12,25,0,37,0,4,103,0,107,0,16,128,0,144,92,0,92,236
05/28/2023,SMO,CA,AWP,WE,Towers with Radar,0,8,37,0,45,0,5,21,0,26,0,13,58,0,71,22,0,22,93
05/29/2023,SMO,CA,AWP,WE,Towers with Radar,0,14,26,0,40,0,1,98,0,99,0,15,124,0,139,116,0,116,255
05/30/2023,SMO,CA,AWP,WE,Towers with Radar,0,14,33,0,47,0,1,62,0,63,0,15,95,0,110,68,0,68,178
05/31/2023,SMO,CA,AWP,WE,Towers with Radar,0,11,43,0,54,0,2,82,0,84,0,13,125,0,138,140,0,140,278
06/01/2023,SMO,CA,AWP,WE,Towers with Radar,0,11,47,0,58,0,2,29,0,31,0,13,76,0,89,152,0,152,241
06/02/2023,SMO,CA,AWP,WE,Towers with Radar,0,8,19,0,27,0,2,116,0,118,0,10,135,0,145,101,0,101,246
06/03/2023,SMO,CA,AWP,WE,Towers with Radar,0,4,14,0,18,0,1,95,0,96,0,5,109,0,114,110,0,110,224
06/04/2023,SMO,CA,AWP,WE,Towers with Radar,0,7,47,0,54,0,0,12,0,12,0,7,59,0,66,9,0,9,75
06/05/2023,SMO,CA,AWP,WE,Towers with Radar,0,4,32,0,36,0,2,10,2,14,0,6,42,2,50,2,0,2,52
06/06/2023,SMO,CA,AWP,WE,Towers with Radar,0,9,30,0,39,0,2,57,0,59,0,11,87,0,98,37,0,37,135
06/07/2023,SMO,CA,AWP,WE,Towers with Radar,0,12,38,0,50,0,2,63,0,65,0,14,101,0,115,96,0,96,211
06/08/2023,SMO,CA,AWP,WE,Towers with Radar,0,12,27,0,39,0,1,128,0,129,0,13,155,0,168,123,0,123,291
06/09/2023,SMO,CA,AWP,WE,Towers with Radar,0,5,68,0,73,0,0,21,0,21,0,5,89,0,94,212,0,212,306
06/10/2023,SMO,CA,AWP,WE,Towers with Radar,0,6,39,0,45,0,0,19,0,19,0,6,58,0,64,40,0,40,104
06/11/2023,SMO,CA,AWP,WE,Towers with Radar,0,7,29,0,36,0,6,69,0,75,0,13,98,0,111,164,0,164,275
06/12/2023,SMO,CA,AWP,WE,Towers with Radar,0,10,24,0,34,0,1,101,0,102,0,11,125,0,136,153,0,153,289
06/13/2023,SMO,CA,AWP,WE,Towers with Radar,0,19,30,0,49,0,0,89,0,89,0,19,119,0,138,104,0,104,242
06/14/2023,SMO,CA,AWP,WE,Towers with Radar,0,13,54,0,67,0,0,8,0,8,0,13,62,0,75,2,0,2,77
06/15/2023,SMO,CA,AWP,WE,Towers with Radar,0,21,46,0,67,0,0,26,0,26,0,21,72,0,93,37,0,37,130
06/16/2023,SMO,CA,AWP,WE,Towers with Radar,0,20,50,2,72,0,6,84,1,91,0,26,134,3,163,126,0,126,289
06/17/2023,SMO,CA,AWP,WE,Towers with Radar,0,12,26,0,38,0,0,88,0,88,0,12,114,0,126,35,0,35,161
06/18/2023,SMO,CA,AWP,WE,Towers with Radar,0,6,36,0,42,0,0,16,0,16,0,6,52,0,58,1,0,1,59
06/19/2023,SMO,CA,AWP,WE,Towers with Radar,0,6,48,0,54,0,0,42,0,42,0,6,90,0,96,45,0,45,141
06/20/2023,SMO,CA,AWP,WE,Towers with Radar,0,7,11,1,19,0,0,111,1,112,0,7,122,2,131,118,0,118,249
06/21/2023,SMO,CA,AWP,WE,Towers with Radar,0,8,20,0,28,0,2,106,0,108,0,10,126,0,136,70,0,70,206
06/22/2023,SMO,CA,AWP,WE,Towers with Radar,0,14,27,0,41,0,1,74,0,75,0,15,101,0,116,73,0,73,189
06/23/2023,SMO,CA,AWP,WE,Towers with Radar,0,4,22,0,26,0,1,132,0,133,0,5,154,0,159,70,0,70,229
06/24/2023,SMO,CA,AWP,WE,Towers with Radar,0,10,14,0,24,0,0,90,0,90,0,10,104,0,114,20,0,20,134
06/25/2023,SMO,CA,AWP,WE,Towers with Radar,0,7,22,0,29,0,0,108,0,108,0,7,130,0,137,29,0,29,166
06/26/2023,SMO,CA,AWP,WE,Towers with Radar,0,11,19,0,30,0,0,94,0,94,0,11,113,0,124,20,10,30,154
06/27/2023,SMO,CA,AWP,WE,Towers with Radar,0,6,19,0,25,0,3,119,0,122,0,9,138,0,147,89,0,89,236
06/28/2023,SMO,CA,AWP,WE,Towers with Radar,0,8,32,1,41,0,1,66,1,68,0,9,98,2,109,85,0,85,194
06/29/2023,SMO,CA,AWP,WE,Towers with Radar,0,13,18,0,31,0,0,71,1,72,0,13,89,1,103,11,0,11,114
06/30/2023,SMO,CA,AWP,WE,Towers with Radar,0,6,39,0,45,0,3,67,0,70,0,9,106,0,115,28,0,28,143
07/01/2023,SMO,CA,AWP,WE,Towers with Radar,0,7,32,0,39,0,3,25,0,28,0,10,57,0,67,2,0,2,69
07/02/2023,SMO,CA,AWP,WE,Towers with Radar,0,8,30,0,38,0,2,22,0,24,0,10,52,0,62,0,0,0,62
07/03/2023,SMO,CA,AWP,WE,Towers with Radar,0,5,28,0,33,0,2,24,0,26,0,7,52,0,59,0,0,0,59
07/04/2023,SMO,CA,AWP,WE,Towers with Radar,0,1,15,0,16,0,0,55,0,55,0,1,70,0,71,24,0,24,95
07/05/2023,SMO,CA,AWP,WE,Towers with Radar,0,2,15,0,17,0,3,77,0,80,0,5,92,0,97,96,0,96,193
07/06/2023,SMO,CA,AWP,WE,Towers with Radar,0,4,16,0,20,0,0,87,0,87,0,4,103,0,107,86,0,86,193
07/07/2023,SMO,CA,AWP,WE,Towers with Radar,0,3,18,0,21,0,1,90,0,91,0,4,108,0,112,105,0,105,217
07/08/2023,SMO,CA,AWP,WE,Towers with Radar,0,0,13,0,13,0,0,108,0,108,0,0,121,0,121,49,0,49,170
07/09/2023,SMO,CA,AWP,WE,Towers with Radar,0,3,29,0,32,0,0,69,0,69,0,3,98,0,101,60,0,60,161
07/10/2023,SMO,CA,AWP,WE,Towers with Radar,0,6,22,0,28,0,2,92,0,94,0,8,114,0,122,109,0,109,231
07/11/2023,SMO,CA,AWP,WE,Towers with Radar,0,11,18,0,29,0,1,65,0,66,0,12,83,0,95,36,0,36,131
07/12/2023,SMO,CA,AWP,WE,Towers with Radar,0,13,13,0,26,0,1,109,0,110,0,14,122,0,136,50,0,50,186
07/13/2023,SMO,CA,AWP,WE,Towers with Radar,0,14,13,0,27,0,2,82,0,84,0,16,95,0,111,108,0,108,219
07/14/2023,SMO,CA,AWP,WE,Towers with Radar,0,6,10,0,16,0,5,110,0,115,0,11,120,0,131,56,0,56,187
07/15/2023,SMO,CA,AWP,WE,Towers with Radar,0,8,10,0,18,0,1,71,0,72,0,9,81,0,90,35,0,35,125
07/16/2023,SMO,CA,AWP,WE,Towers with Radar,0,12,13,0,25,0,0,76,0,76,0,12,89,0,101,22,0,22,123
07/17/2023,SMO,CA,AWP,WE,Towers with Radar,0,3,16,0,19,0,2,45,2,49,0,5,61,2,68,36,0,36,104
07/18/2023,SMO,CA,AWP,WE,Towers with Radar,0,10,8,0,18,0,7,80,0,87,0,17,88,0,105,99,0,99,204
07/19/2023,SMO,CA,AWP,WE,Towers with Radar,0,4,15,0,19,2,0,88,1,91,2,4,103,1,110,111,0,111,221
07/20/2023,SMO,CA,AWP,WE,Towers with Radar,0,4,13,0,17,0,3,92,0,95,0,7,105,0,112,76,0,76,188
07/21/2023,SMO,CA,AWP,WE,Towers with Radar,0,2,16,0,18,0,0,85,0,85,0,2,101,0,103,10,0,10,113
07/22/2023,SMO,CA,AWP,WE,Towers with Radar,0,5,23,0,28,0,4,78,0,82,0,9,101,0,110,22,0,22,132
07/23/2023,SMO,CA,AWP,WE,Towers with Radar,0,11,16,1,28,0,3,80,0,83,0,14,96,1,111,27,0,27,138
07/24/2023,SMO,CA,AWP,WE,Towers with Radar,0,7,8,0,15,0,1,80,0,81,0,8,88,0,96,38,0,38,134
07/25/2023,SMO,CA,AWP,WE,Towers with Radar,0,4,9,2,15,0,1,62,0,63,0,5,71,2,78,94,0,94,172
07/26/2023,SMO,CA,AWP,WE,Towers with Radar,0,9,9,0,18,0,0,83,0,83,0,9,92,0,101,196,0,196,297
07/27/2023,SMO,CA,AWP,WE,Towers with Radar,0,8,8,0,16,0,0,172,3,175,0,8,180,3,191,73,1,74,265
07/28/2023,SMO,CA,AWP,WE,Towers with Radar,0,6,31,0,37,0,0,74,0,74,0,6,105,0,111,54,0,54,165
07/29/2023,SMO,CA,AWP,WE,Towers with Radar,0,11,13,0,24,0,2,105,0,107,0,13,118,0,131,78,0,78,209
07/30/2023,SMO,CA,AWP,WE,Towers with Radar,0,7,11,0,18,0,3,79,0,82,0,10,90,0,100,88,0,88,188
07/31/2023,SMO,CA,AWP,WE,Towers with Radar,0,4,20,0,24,0,2,42,2,46,0,6,62,2,70,119,0,119,189
08/01/2023,SMO,CA,AWP,WE,Towers with Radar,0,9,9,0,18,0,0,86,0,86,0,9,95,0,104,85,0,85,189
08/02/2023,SMO,CA,AWP,WE,Towers with Radar,0,10,13,0,23,0,1,105,0,106,0,11,118,0,129,76,0,76,205
08/03/2023,SMO,CA,AWP,WE,Towers with Radar,0,7,13,0,20,0,0,80,0,80,0,7,93,0,100,134,0,134,234
08/04/2023,SMO,CA,AWP,WE,Towers with Radar,0,17,13,0,30,0,1,104,0,105,0,18,117,0,135,68,0,68,203
08/05/2023,SMO,CA,AWP,WE,Towers with Radar,0,12,16,0,28,0,0,80,0,80,0,12,96,0,108,63,0,63,171
08/06/2023,SMO,CA,AWP,WE,Towers with Radar,0,16,19,0,35,0,2,105,0,107,0,18,124,0,142,27,0,27,169
08/07/2023,SMO,CA,AWP,WE,Towers with Radar,0,8,22,0,30,0,1,69,0,70,0,9,91,0,100,56,0,56,156
08/08/2023,SMO,CA,AWP,WE,Towers with Radar,0,15,12,0,27,0,0,92,4,96,0,15,104,4,123,35,0,35,158
08/09/2023,SMO,CA,AWP,WE,Towers with Radar,0,7,22,0,29,0,0,63,0,63,0,7,85,0,92,20,0,20,112
08/10/2023,SMO,CA,AWP,WE,Towers with Radar,0,4,25,0,29,0,0,62,0,62,0,4,87,0,91,62,0,62,153
08/11/2023,SMO,CA,AWP,WE,Towers with Radar,0,12,26,0,38,0,0,67,0,67,0,12,93,0,105,79,0,79,184
08/12/2023,SMO,CA,AWP,WE,Towers with Radar,0,6,10,0,16,0,1,87,0,88,0,7,97,0,104,26,0,26,130
08/13/2023,SMO,CA,AWP,WE,Towers with Radar,0,13,33,1,47,0,0,84,0,84,0,13,117,1,131,16,0,16,147
08/14/2023,SMO,CA,AWP,WE,Towers with Radar,0,12,36,0,48,0,0,31,0,31,0,12,67,0,79,0,0,0,79
08/15/2023,SMO,CA,AWP,WE,Towers with Radar,0,5,31,0,36,0,3,52,0,55,0,8,83,0,91,20,0,20,111
08/16/2023,SMO,CA,AWP,WE,Towers with Radar,0,8,30,0,38,0,1,93,0,94,0,9,123,0,132,62,0,62,194
08/17/2023,SMO,CA,AWP,WE,Towers with Radar,0,9,34,0,43,0,1,65,0,66,0,10,99,0,109,10,0,10,119
08/18/2023,SMO,CA,AWP,WE,Towers with Radar,0,4,26,0,30,0,5,105,0,110,0,9,131,0,140,100,0,100,240
08/19/2023,SMO,CA,AWP,WE,Towers with Radar,0,3,21,0,24,0,6,124,0,130,0,9,145,0,154,113,0,113,267
08/20/2023,SMO,CA,AWP,WE,Towers with Radar,0,3,2,0,5,0,0,2,0,2,0,3,4,0,7,0,0,0,7
08/21/2023,SMO,CA,AWP,WE,Towers with Radar,0,5,7,0,12,0,0,48,0,48,0,5,55,0,60,102,0,102,162
08/22/2023,SMO,CA,AWP,WE,Towers with Radar,0,6,17,0,23,1,0,83,0,84,1,6,100,0,107,77,0,77,184
08/23/2023,SMO,CA,AWP,WE,Towers with Radar,0,14,18,0,32,0,3,115,0,118,0,17,133,0,150,78,0,78,228
08/24/2023,SMO,CA,AWP,WE,Towers with Radar,0,14,35,0,49,0,1,53,0,54,0,15,88,0,103,33,0,33,136
08/25/2023,SMO,CA,AWP,WE,Towers with Radar,0,11,25,0,36,0,4,95,2,101,0,15,120,2,137,58,0,58,195
08/26/2023,SMO,CA,AWP,WE,Towers with Radar,0,6,12,0,18,0,2,112,2,116,0,8,124,2,134,59,0,59,193
08/27/2023,SMO,CA,AWP,WE,Towers with Radar,0,19,12,0,31,0,3,120,0,123,0,22,132,0,154,102,0,102,256
08/28/2023,SMO,CA,AWP,WE,Towers with Radar,0,7,8,0,15,0,12,77,0,89,0,19,85,0,104,60,0,60,164
08/29/2023,SMO,CA,AWP,WE,Towers with Radar,0,12,12,0,24,0,0,78,0,78,0,12,90,0,102,104,0,104,206
08/30/2023,SMO,CA,AWP,WE,Towers with Radar,0,5,15,0,20,0,1,104,0,105,0,6,119,0,125,51,0,51,176
08/31/2023,SMO,CA,AWP,WE,Towers with Radar,0,4,17,0,21,0,0,72,0,72,0,4,89,0,93,22,0,22,115
01/01/2020,SMO,CA,AWP,WE,Towers with Radar,0,5,16,0,21,0,4,83,0,87,0,9,99,0,108,28,0,28,136
01/02/2020,SMO,CA,AWP,WE,Towers with Radar,0,5,18,0,23,0,1,107,0,108,0,6,125,0,131,106,0,106,237
01/03/2020,SMO,CA,AWP,WE,Towers with Radar,0,9,15,0,24,0,4,112,0,116,0,13,127,0,140,111,0,111,251
01/04/2020,SMO,CA,AWP,WE,Towers with Radar,0,2,12,0,14,0,0,122,0,122,0,2,134,0,136,40,0,40,176
01/05/2020,SMO,CA,AWP,WE,Towers with Radar,0,3,18,0,21,0,0,122,0,122,0,3,140,0,143,50,0,50,193
01/06/2020,SMO,CA,AWP,WE,Towers with Radar,0,12,17,0,29,0,5,123,0,128,0,17,140,0,157,144,0,144,301
01/07/2020,SMO,CA,AWP,WE,Towers with Radar,0,3,16,0,19,0,0,133,0,133,0,3,149,0,152,134,0,134,286
01/08/2020,SMO,CA,AWP,WE,Towers with Radar,0,7,21,1,29,0,2,131,1,134,0,9,152,2,163,89,0,89,252
01/09/2020,SMO,CA,AWP,WE,Towers with Radar,0,6,19,2,27,0,4,68,0,72,0,10,87,2,99,121,0,121,220
01/10/2020,SMO,CA,AWP,WE,Towers with Radar,0,15,20,0,35,0,2,123,0,125,0,17,143,0,160,186,0,186,346
01/11/2020,SMO,CA,AWP,WE,Towers with Radar,0,10,27,0,37,0,1,131,0,132,0,11,158,0,169,89,0,89,258
01/12/2020,SMO,CA,AWP,WE,Towers with Radar,0,5,15,0,20,0,4,161,0,165,0,9,176,0,185,77,0,77,262
01/13/2020,SMO,CA,AWP,WE,Towers with Radar,0,10,32,0,42,0,15,123,0,138,0,25,155,0,180,145,0,145,325
01/14/2020,SMO,CA,AWP,WE,Towers with Radar,0,2,29,0,31,0,4,131,0,135,0,6,160,0,166,93,0,93,259
01/15/2020,SMO,CA,AWP,WE,Towers with Radar,0,4,22,1,27,0,4,143,2,149,0,8,165,3,176,47,0,47,223
01/16/2020,SMO,CA,AWP,WE,Towers with Radar,0,18,30,0,48,0,2,40,0,42,0,20,70,0,90,87,0,87,177
01/17/2020,SMO,CA,AWP,WE,Towers with Radar,0,5,20,0,25,0,1,128,0,129,0,6,148,0,154,134,0,134,288
01/18/2020,SMO,CA,AWP,WE,Towers with Radar,0,4,14,0,18,0,2,131,0,133,0,6,145,0,151,33,0,33,184
01/19/2020,SMO,CA,AWP,WE,Towers with Radar,0,2,20,0,22,0,2,121,0,123,0,4,141,0,145,2,0,2,147
01/20/2020,SMO,CA,AWP,WE,Towers with Radar,0,13,27,0,40,0,6,108,0,114,0,19,135,0,154,60,0,60,214
01/21/2020,SMO,CA,AWP,WE,Towers with Radar,0,6,28,0,34,0,6,84,0,90,0,12,112,0,124,90,0,90,214
01/22/2020,SMO,CA,AWP,WE,Towers with Radar,0,0,20,0,20,0,0,131,0,131,0,0,151,0,151,89,2,91,242
01/23/2020,SMO,CA,AWP,WE,Towers with Radar,0,5,27,0,32,0,0,161,0,161,0,5,188,0,193,52,0,52,245
01/24/2020,SMO,CA,AWP,WE,Towers with Radar,0,6,19,0,25,0,2,143,0,145,0,8,162,0,170,97,0,97,267
01/25/2020,SMO,CA,AWP,WE,Towers with Radar,0,6,22,0,28,0,0,102,0,102,0,6,124,0,130,11,0,11,141
01/26/2020,SMO,CA,AWP,WE,Towers with Radar,0,15,43,0,58,0,4,43,0,47,0,19,86,0,105,31,0,31,136
01/27/2020,SMO,CA,AWP,WE,Towers with Radar,0,4,27,0,31,0,2,107,0,109,0,6,134,0,140,83,0,83,223
01/28/2020,SMO,CA,AWP,WE,Towers with Radar,0,6,26,0,32,0,0,147,0,147,0,6,173,0,179,110,0,110,289
01/29/2020,SMO,CA,AWP,WE,Towers with Radar,0,2,10,0,12,0,2,64,0,66,0,4,74,0,78,54,0,54,132
01/30/2020,SMO,CA,AWP,WE,Towers with Radar,0,11,24,0,35,0,3,175,0,178,0,14,199,0,213,97,0,97,310
01/31/2020,SMO,CA,AWP,WE,Towers with Radar,0,5,34,0,39,0,5,114,0,119,0,10,148,0,158,102,0,102,260
02/01/2020,SMO,CA,AWP,WE,Towers with Radar,0,7,15,0,22,0,4,142,0,146,0,11,157,0,168,126,0,126,294
02/02/2020,SMO,CA,AWP,WE,Towers with Radar,0,6,33,0,39,0,2,82,0,84,0,8,115,0,123,19,0,19,142
02/03/2020,SMO,CA,AWP,WE,Towers with Radar,0,7,9,0,16,0,5,55,0,60,0,12,64,0,76,10,0,10,86
02/04/2020,SMO,CA,AWP,WE,Towers with Radar,0,7,17,0,24,0,15,86,0,101,0,22,103,0,125,2,0,2,127
02/05/2020,SMO,CA,AWP,WE,Towers with Radar,0,5,13,0,18,0,1,107,0,108,0,6,120,0,126,47,0,47,173
02/06/2020,SMO,CA,AWP,WE,Towers with Radar,0,16,20,0,36,0,0,126,0,126,0,16,146,0,162,157,0,157,319
02/07/2020,SMO,CA,AWP,WE,Towers with Radar,0,9,29,0,38,0,4,148,0,152,0,13,177,0,190,120,0,120,310
02/08/2020,SMO,CA,AWP,WE,Towers with Radar,0,11,35,0,46,0,9,102,0,111,0,20,137,0,157,35,0,35,192
02/09/2020,SMO,CA,AWP,WE,Towers with Radar,0,2,20,0,22,0,0,39,0,39,0,2,59,0,61,57,0,57,118
02/10/2020,SMO,CA,AWP,WE,Towers with Radar,0,13,20,0,33,0,8,76,0,84,0,21,96,0,117,68,0,68,185
02/11/2020,SMO,CA,AWP,WE,Towers with Radar,0,10,18,1,29,0,7,89,2,98,0,17,107,3,127,59,1,60,187
02/12/2020,SMO,CA,AWP,WE,Towers with Radar,0,25,19,0,44,0,3,172,0,175,0,28,191,0,219,109,0,109,328
02/13/2020,SMO,CA,AWP,WE,Towers with Radar,0,16,15,0,31,0,8,105,0,113,0,24,120,0,144,95,2,97,241
02/14/2020,SMO,CA,AWP,WE,Towers with Radar,0,13,25,0,38,0,2,152,0,154,0,15,177,0,192,119,0,119,311
02/15/2020,SMO,CA,AWP,WE,Towers with Radar,0,6,29,0,35,0,5,225,0,230,0,11,254,0,265,74,0,74,339
02/16/2020,SMO,CA,AWP,WE,Towers with Radar,0,9,31,0,40,0,4,164,0,168,0,13,195,0,208,44,0,44,252
02/17/2020,SMO,CA,AWP,WE,Towers with Radar,0,7,22,0,29,0,0,134,0,134,0,7,156,0,163,92,0,92,255
02/18/2020,SMO,CA,AWP,WE,Towers with Radar,0,7,24,0,31,0,11,55,6,72,0,18,79,6,103,46,0,46,149
02/19/2020,SMO,CA,AWP,WE,Towers with Radar,0,8,28,0,36,0,2,96,0,98,0,10,124,0,134,110,0,110,244
02/20/2020,SMO,CA,AWP,WE,Towers with Radar,0,10,23,0,33,0,0,146,0,146,0,10,169,0,179,123,0,123,302
02/21/2020,SMO,CA,AWP,WE,Towers with Radar,0,8,41,0,49,0,4,113,0,117,0,12,154,0,166,167,0,167,333
02/22/2020,SMO,CA,AWP,WE,Towers with Radar,0,6,16,0,22,0,1,58,0,59,0,7,74,0,81,55,0,55,136
02/23/2020,SMO,CA,AWP,WE,Towers with Radar,0,8,23,0,31,0,2,143,0,145,0,10,166,0,176,61,0,61,237
02/24/2020,SMO,CA,AWP,WE,Towers with Radar,0,7,19,0,26,0,4,141,0,145,0,11,160,0,171,87,0,87,258
02/25/2020,SMO,CA,AWP,WE,Towers with Radar,0,4,26,0,30,0,6,119,0,125,0,10,145,0,155,131,0,131,286
02/26/2020,SMO,CA,AWP,WE,Towers with Radar,0,7,23,0,30,0,8,147,0,155,0,15,170,0,185,151,0,151,336
02/27/2020,SMO,CA,AWP,WE,Towers with Radar,0,3,19,0,22,0,2,149,0,151,0,5,168,0,173,130,0,130,303
02/28/2020,SMO,CA,AWP,WE,Towers with Radar,0,9,16,0,25,0,3,148,1,152,0,12,164,1,177,147,0,147,324
02/29/2020,SMO,CA,AWP,WE,Towers with Radar,0,9,18,0,27,0,2,136,0,138,0,11,154,0,165,67,0,67,232
03/01/2020,SMO,CA,AWP,WE,Towers with Radar,0,8,26,1,35,0,0,68,0,68,0,8,94,1,103,45,0,45,148
03/02/2020,SMO,CA,AWP,WE,Towers with Radar,0,8,13,0,21,0,4,77,0,81,0,12,90,0,102,58,0,58,160
03/03/2020,SMO,CA,AWP,WE,Towers with Radar,0,6,9,0,15,0,2,144,0,146,0,8,153,0,161,233,0,233,394
03/04/2020,SMO,CA,AWP,WE,Towers with Radar,0,5,23,0,28,0,11,125,0,136,0,16,148,0,164,155,0,155,319
03/05/2020,SMO,CA,AWP,WE,Towers with Radar,0,15,37,0,52,0,2,135,0,137,0,17,172,0,189,114,0,114,303
03/06/2020,SMO,CA,AWP,WE,Towers with Radar,0,10,53,0,63,0,1,48,0,49,0,11,101,0,112,9,0,9,121
03/07/2020,SMO,CA,AWP,WE,Towers with Radar,0,9,28,0,37,0,4,104,0,108,0,13,132,0,145,149,0,149,294
03/08/2020,SMO,CA,AWP,WE,Towers with Radar,0,5,23,0,28,0,7,142,0,149,0,12,165,0,177,88,0,88,265
03/09/2020,SMO,CA,AWP,WE,Towers with Radar,0,17,23,0,40,0,2,110,0,112,0,19,133,0,152,120,0,120,272
03/10/2020,SMO,CA,AWP,WE,Towers with Radar,0,2,11,0,13,0,0,6,0,6,0,2,17,0,19,4,0,4,23
03/11/2020,SMO,CA,AWP,WE,Towers with Radar,0,1,14,0,15,0,4,82,2,88,0,5,96,2,103,134,0,134,237
03/12/2020,SMO,CA,AWP,WE,Towers with Radar,0,1,17,0,18,0,5,36,0,41,0,6,53,0,59,16,0,16,75
03/13/2020,SMO,CA,AWP,WE,Towers with Radar,0,0,33,0,33,0,0,11,0,11,0,0,44,0,44,2,0,2,46
03/14/2020,SMO,CA,AWP,WE,Towers with Radar,0,0,23,0,23,0,0,15,0,15,0,0,38,0,38,17,0,17,55
03/15/2020,SMO,CA,AWP,WE,Towers with Radar,0,1,27,0,28,0,7,85,0,92,0,8,112,0,120,112,0,112,232
03/16/2020,SMO,CA,AWP,WE,Towers with Radar,0,1,5,0,6,0,6,19,0,25,0,7,24,0,31,26,0,26,57
03/17/2020,SMO,CA,AWP,WE,Towers with Radar,0,1,13,0,14,0,2,80,0,82,0,3,93,0,96,305,0,305,401
03/18/2020,SMO,CA,AWP,WE,Towers with Radar,0,3,4,0,7,0,2,95,0,97,0,5,99,0,104,83,0,83,187
03/19/2020,SMO,CA,AWP,WE,Towers with Radar,0,3,12,0,15,0,5,35,0,40,0,8,47,0,55,116,0,116,171
03/20/2020,SMO,CA,AWP,WE,Towers with Radar,0,4,11,0,15,0,0,33,0,33,0,4,44,0,48,7,0,7,55
03/21/2020,SMO,CA,AWP,WE,Towers with Radar,0,3,3,0,6,0,0,60,0,60,0,3,63,0,66,3,0,3,69
03/22/2020,SMO,CA,AWP,WE,Towers with Radar,0,2,8,0,10,0,0,30,0,30,0,2,38,0,40,0,0,0,40
03/23/2020,SMO,CA,AWP,WE,Towers with Radar,0,0,5,0,5,0,3,15,0,18,0,3,20,0,23,8,0,8,31
03/24/2020,SMO,CA,AWP,WE,Towers with Radar,0,2,10,2,14,0,5,27,0,32,0,7,37,2,46,0,2,2,48
03/25/2020,SMO,CA,AWP,WE,Towers with Radar,0,0,8,0,8,0,0,21,0,21,0,0,29,0,29,0,0,0,29
03/26/2020,SMO,CA,AWP,WE,Towers with Radar,0,2,10,0,12,0,1,24,2,27,0,3,34,2,39,2,0,2,41
03/27/2020,SMO,CA,AWP,WE,Towers with Radar,0,2,7,0,9,0,0,53,0,53,0,2,60,0,62,4,0,4,66
03/28/2020,SMO,CA,AWP,WE,Towers with Radar,0,0,11,0,11,0,3,39,0,42,0,3,50,0,53,0,0,0,53
03/29/2020,SMO,CA,AWP,WE,Towers with Radar,0,0,5,0,5,0,3,34,0,37,0,3,39,0,42,2,0,2,44
03/30/2020,SMO,CA,AWP,WE,Towers with Radar,0,0,3,0,3,0,2,46,0,48,0,2,49,0,51,6,0,6,57
03/31/2020,SMO,CA,AWP,WE,Towers with Radar,0,2,13,0,15,0,0,17,0,17,0,2,30,0,32,9,0,9,41
04/01/2020,SMO,CA,AWP,WE,Towers with Radar,0,3,5,0,8,0,2,27,0,29,0,5,32,0,37,0,0,0,37
04/02/2020,SMO,CA,AWP,WE,Towers with Radar,0,1,8,0,9,0,0,30,0,30,0,1,38,0,39,21,0,21,60
04/03/2020,SMO,CA,AWP,WE,Towers with Radar,0,2,5,0,7,0,2,34,0,36,0,4,39,0,43,2,0,2,45
04/04/2020,SMO,CA,AWP,WE,Towers with Radar,0,0,11,0,11,0,0,46,0,46,0,0,57,0,57,8,0,8,65
04/05/2020,SMO,CA,AWP,WE,Towers with Radar,0,0,11,0,11,0,0,1,0,1,0,0,12,0,12,0,0,0,12
04/06/2020,SMO,CA,AWP,WE,Towers with Radar,0,2,7,0,9,0,0,1,0,1,0,2,8,0,10,1,0,1,11
04/07/2020,SMO,CA,AWP,WE,Towers with Radar,0,1,3,0,4,0,1,4,0,5,0,2,7,0,9,3,0,3,12
04/08/2020,SMO,CA,AWP,WE,Towers with Radar,0,0,4,0,4,0,0,5,0,5,0,0,9,0,9,6,0,6,15
04/09/2020,SMO,CA,AWP,WE,Towers with Radar,0,0,3,0,3,0,0,1,0,1,0,0,4,0,4,0,0,0,4
04/10/2020,SMO,CA,AWP,WE,Towers with Radar,0,0,5,0,5,0,0,21,0,21,0,0,26,0,26,7,0,7,33
04/11/2020,SMO,CA,AWP,WE,Towers with Radar,0,1,14,0,15,0,0,80,0,80,0,1,94,0,95,0,0,0,95
04/12/2020,SMO,CA,AWP,WE,Towers with Radar,0,0,15,0,15,0,0,3,0,3,0,0,18,0,18,0,0,0,18
04/13/2020,SMO,CA,AWP,WE,Towers with Radar,0,1,13,0,14,0,0,6,0,6,0,1,19,0,20,0,0,0,20
04/14/2020,SMO,CA,AWP,WE,Towers with Radar,0,1,9,0,10,0,0,37,0,37,0,1,46,0,47,41,0,41,88
04/15/2020,SMO,CA,AWP,WE,Towers with Radar,0,0,11,0,11,0,0,57,0,57,0,0,68,0,68,31,0,31,99
04/16/2020,SMO,CA,AWP,WE,Towers with Radar,0,0,8,0,8,0,0,33,0,33,0,0,41,0,41,9,0,9,50
04/17/2020,SMO,CA,AWP,WE,Towers with Radar,0,0,5,2,7,0,0,22,0,22,0,0,27,2,29,0,0,0,29
04/18/2020,SMO,CA,AWP,WE,Towers with Radar,0,1,11,1,13,0,5,30,1,36,0,6,41,2,49,9,0,9,58
04/19/2020,SMO,CA,AWP,WE,Towers with Radar,0,0,17,1,18,0,4,49,1,54,0,4,66,2,72,0,0,0,72
04/20/2020,SMO,CA,AWP,WE,Towers with Radar,0,0,14,0,14,0,1,15,0,16,0,1,29,0,30,0,0,0,30
04/21/2020,SMO,CA,AWP,WE,Towers with Radar,0,0,6,0,6,0,0,36,0,36,0,0,42,0,42,5,0,5,47
04/22/2020,SMO,CA,AWP,WE,Towers with Radar,0,0,6,0,6,0,2,39,2,43,0,2,45,2,49,8,0,8,57
04/23/2020,SMO,CA,AWP,WE,Towers with Radar,0,3,10,0,13,0,0,31,0,31,0,3,41,0,44,8,0,8,52
04/24/2020,SMO,CA,AWP,WE,Towers with Radar,0,2,4,0,6,0,0,37,0,37,0,2,41,0,43,10,0,10,53
04/25/2020,SMO,CA,AWP,WE,Towers with Radar,0,0,8,0,8,0,0,64,0,64,0,0,72,0,72,9,0,9,81
04/26/2020,SMO,CA,AWP,WE,Towers with Radar,0,2,11,0,13,0,0,61,0,61,0,2,72,0,74,0,0,0,74
04/27/2020,SMO,CA,AWP,WE,Towers with Radar,0,2,5,1,8,0,0,24,1,25,0,2,29,2,33,29,0,29,62
04/28/2020,SMO,CA,AWP,WE,Towers with Radar,0,2,9,0,11,0,5,42,0,47,0,7,51,0,58,6,0,6,64
04/29/2020,SMO,CA,AWP,WE,Towers with Radar,0,5,22,0,27,0,0,1,0,1,0,5,23,0,28,0,0,0,28
04/30/2020,SMO,CA,AWP,WE,Towers with Radar,0,0,18,0,18,0,1,4,0,5,0,1,22,0,23,0,0,0,23
05/01/2020,SMO,CA,AWP,WE,Towers with Radar,0,1,9,0,10,0,1,52,0,53,0,2,61,0,63,37,3,40,103
05/02/2020,SMO,CA,AWP,WE,Towers with Radar,0,0,16,0,16,0,0,79,0,79,0,0,95,0,95,21,0,21,116
05/03/2020,SMO,CA,AWP,WE,Towers with Radar,0,0,6,0,6,0,1,56,0,57,0,1,62,0,63,12,0,12,75
05/04/2020,SMO,CA,AWP,WE,Towers with Radar,0,3,1,1,5,0,2,28,0,30,0,5,29,1,35,6,0,6,41
05/05/2020,SMO,CA,AWP,WE,Towers with Radar,0,0,2,0,2,0,0,35,1,36,0,0,37,1,38,5,0,5,43
05/06/2020,SMO,CA,AWP,WE,Towers with Radar,0,1,4,1,6,0,0,26,1,27,0,1,30,2,33,2,0,2,35
05/07/2020,SMO,CA,AWP,WE,Towers with Radar,0,2,8,0,10,0,0,28,0,28,0,2,36,0,38,10,0,10,48
05/08/2020,SMO,CA,AWP,WE,Towers with Radar,0,3,10,0,13,0,0,45,3,48,0,3,55,3,61,1,0,1,62
05/09/2020,SMO,CA,AWP,WE,Towers with Radar,0,5,16,0,21,0,1,39,0,40,0,6,55,0,61,2,0,2,63
05/10/2020,SMO,CA,AWP,WE,Towers with Radar,0,0,11,1,12,0,3,16,0,19,0,3,27,1,31,0,0,0,31
05/11/2020,SMO,CA,AWP,WE,Towers with Radar,0,4,8,0,12,0,4,14,0,18,0,8,22,0,30,31,0,31,61
05/12/2020,SMO,CA,AWP,WE,Towers with Radar,0,3,19,0,22,0,1,18,0,19,0,4,37,0,41,142,0,142,183
05/13/2020,SMO,CA,AWP,WE,Towers with Radar,0,3,6,0,9,0,2,29,0,31,0,5,35,0,40,29,0,29,69
05/14/2020,SMO,CA,AWP,WE,Towers with Radar,0,0,12,0,12,0,2,28,1,31,0,2,40,1,43,2,0,2,45
05/15/2020,SMO,CA,AWP,WE,Towers with Radar,0,2,4,0,6,0,3,57,0,60,0,5,61,0,66,30,0,30,96
05/16/2020,SMO,CA,AWP,WE,Towers with Radar,0,3,15,0,18,0,2,93,0,95,0,5,108,0,113,56,0,56,169
05/17/2020,SMO,CA,AWP,WE,Towers with Radar,0,2,12,0,14,0,1,69,0,70,0,3,81,0,84,70,0,70,154
05/18/2020,SMO,CA,AWP,WE,Towers with Radar,0,3,7,0,10,0,0,9,0,9,0,3,16,0,19,0,0,0,19
05/19/2020,SMO,CA,AWP,WE,Towers with Radar,0,4,6,0,10,0,0,35,0,35,0,4,41,0,45,6,0,6,51
05/20/2020,SMO,CA,AWP,WE,Towers with Radar,0,3,11,0,14,0,0,37,0,37,0,3,48,0,51,39,0,39,90
05/21/2020,SMO,CA,AWP,WE,Towers with Radar,0,2,6,0,8,0,0,74,0,74,0,2,80,0,82,80,0,80,162
05/22/2020,SMO,CA,AWP,WE,Towers with Radar,0,6,11,0,17,0,0,42,0,42,0,6,53,0,59,52,0,52,111
05/23/2020,SMO,CA,AWP,WE,Towers with Radar,0,6,15,0,21,0,2,74,0,76,0,8,89,0,97,108,0,108,205
05/24/2020,SMO,CA,AWP,WE,Towers with Radar,0,0,5,0,5,0,3,64,0,67,0,3,69,0,72,44,0,44,116
05/25/2020,SMO,CA,AWP,WE,Towers with Radar,0,1,9,0,10,0,0,66,0,66,0,1,75,0,76,28,0,28,104
05/26/2020,SMO,CA,AWP,WE,Towers with Radar,0,5,14,0,19,0,3,49,0,52,0,8,63,0,71,7,0,7,78
05/27/2020,SMO,CA,AWP,WE,Towers with Radar,0,1,14,0,15,0,0,38,0,38,0,1,52,0,53,14,0,14,67
05/28/2020,SMO,CA,AWP,WE,Towers with Radar,0,4,34,1,39,0,0,16,0,16,0,4,50,1,55,0,0,0,55
05/29/2020,SMO,CA,AWP,WE,Towers with Radar,0,6,41,0,47,0,0,7,0,7,0,6,48,0,54,28,0,28,82
05/30/2020,SMO,CA,AWP,WE,Towers with Radar,0,0,22,0,22,0,1,62,0,63,0,1,84,0,85,62,0,62,147
05/31/2020,SMO,CA,AWP,WE,Towers with Radar,0,1,13,0,14,0,0,58,0,58,0,1,71,0,72,45,0,45,117
06/01/2020,SMO,CA,AWP,WE,Towers with Radar,0,6,3,0,9,0,2,53,0,55,0,8,56,0,64,29,0,29,93
06/02/2020,SMO,CA,AWP,WE,Towers with Radar,0,0,3,0,3,0,1,37,0,38,0,1,40,0,41,77,0,77,118
06/03/2020,SMO,CA,AWP,WE,Towers with Radar,0,2,11,0,13,0,0,56,0,56,0,2,67,0,69,27,0,27,96
06/04/2020,SMO,CA,AWP,WE,Towers with Radar,0,4,12,0,16,0,0,34,0,34,0,4,46,0,50,35,0,35,85
06/05/2020,SMO,CA,AWP,WE,Towers with Radar,0,1,22,0,23,0,1,26,0,27,0,2,48,0,50,89,0,89,139
06/06/2020,SMO,CA,AWP,WE,Towers with Radar,0,6,17,0,23,0,0,40,0,40,0,6,57,0,63,49,0,49,112
06/07/2020,SMO,CA,AWP,WE,Towers with Radar,0,7,8,0,15,0,3,79,0,82,0,10,87,0,97,8,0,8,105
06/08/2020,SMO,CA,AWP,WE,Towers with Radar,0,0,2,0,2,0,0,39,0,39,0,0,41,0,41,13,0,13,54
06/09/2020,SMO,CA,AWP,WE,Towers with Radar,0,0,8,0,8,0,2,51,0,53,0,2,59,0,61,60,0,60,121
06/10/2020,SMO,CA,AWP,WE,Towers with Radar,0,5,6,0,11,0,0,51,0,51,0,5,57,0,62,46,0,46,108
06/11/2020,SMO,CA,AWP,WE,Towers with Radar,0,1,8,0,9,0,2,64,0,66,0,3,72,0,75,87,0,87,162
06/12/2020,SMO,CA,AWP,WE,Towers with Radar,0,4,17,0,21,0,0,73,0,73,0,4,90,0,94,37,0,37,131
06/13/2020,SMO,CA,AWP,WE,Towers with Radar,0,5,12,0,17,0,2,82,0,84,0,7,94,0,101,50,0,50,151
06/14/2020,SMO,CA,AWP,WE,Towers with Radar,0,4,13,0,17,0,1,57,0,58,0,5,70,0,75,43,0,43,118
06/15/2020,SMO,CA,AWP,WE,Towers with Radar,0,2,15,0,17,0,0,50,0,50,0,2,65,0,67,73,0,73,140
06/16/2020,SMO,CA,AWP,WE,Towers with Radar,0,2,12,0,14,0,2,9,0,11,0,4,21,0,25,34,2,36,61
06/17/2020,SMO,CA,AWP,WE,Towers with Radar,0,7,18,0,25,0,1,58,0,59,0,8,76,0,84,56,0,56,140
06/18/2020,SMO,CA,AWP,WE,Towers with Radar,0,6,38,0,44,0,0,27,0,27,0,6,65,0,71,22,0,22,93
06/19/2020,SMO,CA,AWP,WE,Towers with Radar,0,2,30,0,32,0,1,36,0,37,0,3,66,0,69,103,0,103,172
06/20/2020,SMO,CA,AWP,WE,Towers with Radar,0,2,47,0,49,0,0,10,0,10,0,2,57,0,59,14,0,14,73
06/21/2020,SMO,CA,AWP,WE,Towers with Radar,0,3,22,0,25,0,2,32,0,34,0,5,54,0,59,16,0,16,75
06/22/2020,SMO,CA,AWP,WE,Towers with Radar,0,2,20,0,22,0,0,25,0,25,0,2,45,0,47,29,0,29,76
06/23/2020,SMO,CA,AWP,WE,Towers with Radar,0,4,40,0,44,0,1,21,2,24,0,5,61,2,68,6,0,6,74
06/24/2020,SMO,CA,AWP,WE,Towers with Radar,0,1,30,0,31,0,0,25,0,25,0,1,55,0,56,4,0,4,60
06/25/2020,SMO,CA,AWP,WE,Towers with Radar,0,5,20,0,25,0,1,32,0,33,0,6,52,0,58,49,0,49,107
06/26/2020,SMO,CA,AWP,WE,Towers with Radar,0,8,26,0,34,0,1,51,6,58,0,9,77,6,92,18,0,18,110
06/27/2020,SMO,CA,AWP,WE,Towers with Radar,0,0,22,0,22,0,1,50,0,51,0,1,72,0,73,12,0,12,85
06/28/2020,SMO,CA,AWP,WE,Towers with Radar,0,3,46,0,49,0,0,12,0,12,0,3,58,0,61,35,0,35,96
06/29/2020,SMO,CA,AWP,WE,Towers with Radar,0,7,16,0,23,0,2,40,0,42,0,9,56,0,65,81,0,81,146
06/30/2020,SMO,CA,AWP,WE,Towers with Radar,0,2,14,0,16,0,0,37,0,37,0,2,51,0,53,54,0,54,107
07/01/2020,SMO,CA,AWP,WE,Towers with Radar,0,1,28,0,29,0,2,25,0,27,0,3,53,0,56,83,0,83,139
07/02/2020,SMO,CA,AWP,WE,Towers with Radar,0,3,15,0,18,0,1,45,0,46,0,4,60,0,64,80,0,80,144
07/03/2020,SMO,CA,AWP,WE,Towers with Radar,0,0,9,2,11,0,0,71,0,71,0,0,80,2,82,70,0,70,152
07/04/2020,SMO,CA,AWP,WE,Towers with Radar,0,0,6,0,6,0,0,49,0,49,0,0,55,0,55,32,0,32,87
07/05/2020,SMO,CA,AWP,WE,Towers with Radar,0,0,7,0,7,0,0,34,0,34,0,0,41,0,41,25,0,25,66
07/06/2020,SMO,CA,AWP,WE,Towers with Radar,0,6,10,0,16,0,0,38,0,38,0,6,48,0,54,43,0,43,97
07/07/2020,SMO,CA,AWP,WE,Towers with Radar,0,4,7,0,11,0,0,34,0,34,0,4,41,0,45,91,0,91,136
07/08/2020,SMO,CA,AWP,WE,Towers with Radar,0,2,12,0,14,0,0,55,0,55,0,2,67,0,69,55,0,55,124
07/09/2020,SMO,CA,AWP,WE,Towers with Radar,0,5,9,0,14,0,0,61,0,61,0,5,70,0,75,43,0,43,118
07/10/2020,SMO,CA,AWP,WE,Towers with Radar,0,2,17,0,19,0,0,61,0,61,0,2,78,0,80,72,0,72,152
07/11/2020,SMO,CA,AWP,WE,Towers with Radar,0,1,11,0,12,0,1,76,0,77,0,2,87,0,89,22,0,22,111
07/12/2020,SMO,CA,AWP,WE,Towers with Radar,0,0,18,0,18,0,0,81,0,81,0,0,99,0,99,67,0,67,166
07/13/2020,SMO,CA,AWP,WE,Towers with Radar,0,5,17,0,22,0,0,46,1,47,0,5,63,1,69,36,0,36,105
07/14/2020,SMO,CA,AWP,WE,Towers with Radar,0,3,15,0,18,0,0,41,0,41,0,3,56,0,59,59,0,59,118
07/15/2020,SMO,CA,AWP,WE,Towers with Radar,0,3,15,0,18,0,1,37,0,38,0,4,52,0,56,69,0,69,125
07/16/2020,SMO,CA,AWP,WE,Towers with Radar,0,4,15,0,19,0,4,48,0,52,0,8,63,0,71,57,0,57,128
07/17/2020,SMO,CA,AWP,WE,Towers with Radar,0,2,15,2,19,0,2,47,0,49,0,4,62,2,68,64,0,64,132
07/18/2020,SMO,CA,AWP,WE,Towers with Radar,0,6,11,0,17,0,2,54,0,56,0,8,65,0,73,40,0,40,113
07/19/2020,SMO,CA,AWP,WE,Towers with Radar,0,2,22,2,26,0,1,54,0,55,0,3,76,2,81,28,0,28,109
07/20/2020,SMO,CA,AWP,WE,Towers with Radar,0,4,16,0,20,0,0,38,0,38,0,4,54,0,58,23,0,23,81
07/21/2020,SMO,CA,AWP,WE,Towers with Radar,0,1,11,0,12,0,0,46,1,47,0,1,57,1,59,40,0,40,99
07/22/2020,SMO,CA,AWP,WE,Towers with Radar,0,8,38,2,48,0,2,15,0,17,0,10,53,2,65,8,0,8,73
07/23/2020,SMO,CA,AWP,WE,Towers with Radar,0,3,22,1,26,0,1,47,0,48,0,4,69,1,74,117,0,117,191
07/24/2020,SMO,CA,AWP,WE,Towers with Radar,0,3,16,0,19,0,1,71,0,72,0,4,87,0,91,80,0,80,171
07/25/2020,SMO,CA,AWP,WE,Towers with Radar,0,4,15,0,19,0,2,58,0,60,0,6,73,0,79,26,0,26,105
07/26/2020,SMO,CA,AWP,WE,Towers with Radar,0,11,48,0,59,0,0,16,0,16,0,11,64,0,75,0,0,0,75
07/27/2020,SMO,CA,AWP,WE,Towers with Radar,0,0,16,0,16,0,0,16,0,16,0,0,32,0,32,0,0,0,32
07/28/2020,SMO,CA,AWP,WE,Towers with Radar,0,5,13,0,18,0,0,24,0,24,0,5,37,0,42,2,0,2,44
07/29/2020,SMO,CA,AWP,WE,Towers with Radar,0,5,17,0,22,0,0,31,0,31,0,5,48,0,53,10,0,10,63
07/30/2020,SMO,CA,AWP,WE,Towers with Radar,0,1,8,0,9,0,1,46,0,47,0,2,54,0,56,44,0,44,100
07/31/2020,SMO,CA,AWP,WE,Towers with Radar,0,13,12,0,25,0,2,58,0,60,0,15,70,0,85,63,0,63,148
08/01/2020,SMO,CA,AWP,WE,Towers with Radar,0,7,23,0,30,0,3,78,0,81,0,10,101,0,111,40,0,40,151
08/02/2020,SMO,CA,AWP,WE,Towers with Radar,0,4,29,0,33,0,0,81,0,81,0,4,110,0,114,8,0,8,122
08/03/2020,SMO,CA,AWP,WE,Towers with Radar,0,1,11,0,12,0,0,65,0,65,0,1,76,0,77,0,0,0,77
08/04/2020,SMO,CA,AWP,WE,Towers with Radar,0,1,23,0,24,0,0,36,0,36,0,1,59,0,60,159,0,159,219
08/05/2020,SMO,CA,AWP,WE,Towers with Radar,0,8,36,0,44,0,0,54,0,54,0,8,90,0,98,96,0,96,194
08/06/2020,SMO,CA,AWP,WE,Towers with Radar,0,3,10,0,13,0,2,62,0,64,0,5,72,0,77,65,0,65,142
08/07/2020,SMO,CA,AWP,WE,Towers with Radar,0,6,9,2,17,0,0,85,0,85,0,6,94,2,102,92,0,92,194
08/08/2020,SMO,CA,AWP,WE,Towers with Radar,0,1,14,0,15,0,0,101,0,101,0,1,115,0,116,33,0,33,149
08/09/2020,SMO,CA,AWP,WE,Towers with Radar,0,3,26,0,29,0,1,98,0,99,0,4,124,0,128,58,0,58,186
08/10/2020,SMO,CA,AWP,WE,Towers with Radar,0,7,12,0,19,0,0,64,0,64,0,7,76,0,83,28,0,28,111
08/11/2020,SMO,CA,AWP,WE,Towers with Radar,0,2,13,0,15,0,0,58,0,58,0,2,71,0,73,15,0,15,88
08/12/2020,SMO,CA,AWP,WE,Towers with Radar,0,5,16,0,21,0,1,84,0,85,0,6,100,0,106,113,0,113,219
08/13/2020,SMO,CA,AWP,WE,Towers with Radar,0,5,11,0,16,0,0,89,0,89,0,5,100,0,105,147,0,147,252
08/14/2020,SMO,CA,AWP,WE,Towers with Radar,0,11,15,0,26,0,1,98,0,99,0,12,113,0,125,94,0,94,219
08/15/2020,SMO,CA,AWP,WE,Towers with Radar,0,9,10,2,21,0,3,121,2,126,0,12,131,4,147,70,0,70,217
08/16/2020,SMO,CA,AWP,WE,Towers with Radar,0,8,13,0,21,0,2,108,0,110,0,10,121,0,131,68,0,68,199
08/17/2020,SMO,CA,AWP,WE,Towers with Radar,0,6,10,0,16,0,4,80,0,84,0,10,90,0,100,68,0,68,168
08/18/2020,SMO,CA,AWP,WE,Towers with Radar,0,6,8,0,14,0,1,78,0,79,0,7,86,0,93,135,0,135,228
08/19/2020,SMO,CA,AWP,WE,Towers with Radar,0,8,9,0,17,0,3,88,0,91,0,11,97,0,108,71,0,71,179
08/20/2020,SMO,CA,AWP,WE,Towers with Radar,0,11,24,0,35,0,2,89,0,91,0,13,113,0,126,118,0,118,244
08/21/2020,SMO,CA,AWP,WE,Towers with Radar,0,3,10,0,13,0,1,73,0,74,0,4,83,0,87,221,0,221,308
08/22/2020,SMO,CA,AWP,WE,Towers with Radar,0,0,19,0,19,0,0,94,0,94,0,0,113,0,113,89,0,89,202
08/23/2020,SMO,CA,AWP,WE,Towers with Radar,0,6,22,0,28,0,0,120,1,121,0,6,142,1,149,80,0,80,229
08/24/2020,SMO,CA,AWP,WE,Towers with Radar,0,9,30,0,39,0,0,3,0,3,0,9,33,0,42,0,0,0,42
08/25/2020,SMO,CA,AWP,WE,Towers with Radar,0,1,16,0,17,0,0,63,0,63,0,1,79,0,80,56,0,56,136
08/26/2020,SMO,CA,AWP,WE,Towers with Radar,0,2,22,0,24,0,0,58,0,58,0,2,80,0,82,70,0,70,152
08/27/2020,SMO,CA,AWP,WE,Towers with Radar,0,5,13,0,18,0,2,72,0,74,0,7,85,0,92,57,0,57,149
08/28/2020,SMO,CA,AWP,WE,Towers with Radar,0,3,13,2,18,0,0,111,0,111,0,3,124,2,129,103,0,103,232
08/29/2020,SMO,CA,AWP,WE,Towers with Radar,0,5,25,0,30,0,0,77,0,77,0,5,102,0,107,98,0,98,205
08/30/2020,SMO,CA,AWP,WE,Towers with Radar,0,4,14,0,18,0,0,69,0,69,0,4,83,0,87,76,0,76,163
08/31/2020,SMO,CA,AWP,WE,Towers with Radar,0,0,13,0,13,0,0,67,0,67,0,0,80,0,80,38,0,38,118
09/01/2020,SMO,CA,AWP,WE,Towers with Radar,0,0,26,0,26,0,0,70,0,70,0,0,96,0,96,62,0,62,158
09/02/2020,SMO,CA,AWP,WE,Towers with Radar,0,2,16,0,18,0,0,95,0,95,0,2,111,0,113,117,0,117,230
09/03/2020,SMO,CA,AWP,WE,Towers with Radar,0,7,12,0,19,0,3,98,0,101,0,10,110,0,120,136,0,136,256
09/04/2020,SMO,CA,AWP,WE,Towers with Radar,0,6,14,0,20,0,3,106,0,109,0,9,120,0,129,144,0,144,273
09/05/2020,SMO,CA,AWP,WE,Towers with Radar,0,2,15,0,17,0,0,89,0,89,0,2,104,0,106,50,0,50,156
09/06/2020,SMO,CA,AWP,WE,Towers with Radar,0,3,5,0,8,0,0,63,0,63,0,3,68,0,71,21,0,21,92
09/07/2020,SMO,CA,AWP,WE,Towers with Radar,0,4,20,0,24,0,0,66,0,66,0,4,86,0,90,73,0,73,163
09/08/2020,SMO,CA,AWP,WE,Towers with Radar,0,3,25,0,28,0,0,13,0,13,0,3,38,0,41,201,0,201,242
09/09/2020,SMO,CA,AWP,WE,Towers with Radar,0,5,13,0,18,0,2,49,0,51,0,7,62,0,69,20,0,20,89
09/10/2020,SMO,CA,AWP,WE,Towers with Radar,0,6,15,0,21,0,6,39,0,45,0,12,54,0,66,111,0,111,177
09/11/2020,SMO,CA,AWP,WE,Towers with Radar,0,1,17,2,20,0,2,61,2,65,0,3,78,4,85,155,0,155,240
09/12/2020,SMO,CA,AWP,WE,Towers with Radar,0,4,23,0,27,0,0,27,0,27,0,4,50,0,54,70,0,70,124
09/13/2020,SMO,CA,AWP,WE,Towers with Radar,0,2,27,0,29,0,1,56,0,57,0,3,83,0,86,101,0,101,187
09/14/2020,SMO,CA,AWP,WE,Towers with Radar,0,4,21,0,25,0,2,42,0,44,0,6,63,0,69,28,0,28,97
09/15/2020,SMO,CA,AWP,WE,Towers with Radar,0,5,17,0,22,0,0,2,0,2,0,5,19,0,24,0,0,0,24
09/16/2020,SMO,CA,AWP,WE,Towers with Radar,0,4,19,0,23,0,0,66,0,66,0,4,85,0,89,112,0,112,201
09/17/2020,SMO,CA,AWP,WE,Towers with Radar,0,1,17,0,18,0,0,64,0,64,0,1,81,0,82,66,0,66,148
09/18/2020,SMO,CA,AWP,WE,Towers with Radar,0,11,14,0,25,0,1,76,0,77,0,12,90,0,102,151,0,151,253
09/19/2020,SMO,CA,AWP,WE,Towers with Radar,0,2,20,0,22,0,0,77,0,77,0,2,97,0,99,85,0,85,184
09/20/2020,SMO,CA,AWP,WE,Towers with Radar,0,2,8,0,10,0,0,112,0,112,0,2,120,0,122,68,0,68,190
09/21/2020,SMO,CA,AWP,WE,Towers with Radar,0,6,26,0,32,0,1,55,0,56,0,7,81,0,88,89,0,89,177
09/22/2020,SMO,CA,AWP,WE,Towers with Radar,0,0,19,0,19,0,0,88,0,88,0,0,107,0,107,171,0,171,278
09/23/2020,SMO,CA,AWP,WE,Towers with Radar,0,4,17,0,21,0,2,86,0,88,0,6,103,0,109,64,0,64,173
09/24/2020,SMO,CA,AWP,WE,Towers with Radar,0,3,14,0,17,0,4,80,0,84,0,7,94,0,101,141,0,141,242
09/25/2020,SMO,CA,AWP,WE,Towers with Radar,0,6,30,2,38,0,0,109,0,109,0,6,139,2,147,69,0,69,216
09/26/2020,SMO,CA,AWP,WE,Towers with Radar,0,2,28,0,30,0,0,114,0,114,0,2,142,0,144,48,0,48,192
09/27/2020,SMO,CA,AWP,WE,Towers with Radar,0,2,22,0,24,0,1,55,0,56,0,3,77,0,80,32,0,32,112
09/28/2020,SMO,CA,AWP,WE,Towers with Radar,0,0,13,0,13,0,0,70,0,70,0,0,83,0,83,56,0,56,139
09/29/2020,SMO,CA,AWP,WE,Towers with Radar,0,5,10,0,15,0,0,68,0,68,0,5,78,0,83,55,0,55,138
09/30/2020,SMO,CA,AWP,WE,Towers with Radar,0,3,21,0,24,0,1,85,5,91,0,4,106,5,115,130,0,130,245
10/01/2020,SMO,CA,AWP,WE,Towers with Radar,0,5,18,0,23,0,1,79,0,80,0,6,97,0,103,120,0,120,223
10/02/2020,SMO,CA,AWP,WE,Towers with Radar,0,10,12,0,22,0,1,107,0,108,0,11,119,0,130,121,0,121,251
10/03/2020,SMO,CA,AWP,WE,Towers with Radar,0,1,7,0,8,0,0,76,0,76,0,1,83,0,84,69,0,69,153
10/04/2020,SMO,CA,AWP,WE,Towers with Radar,0,8,16,0,24,0,1,98,0,99,0,9,114,0,123,86,0,86,209
10/05/2020,SMO,CA,AWP,WE,Towers with Radar,0,3,21,0,24,0,0,59,0,59,0,3,80,0,83,86,0,86,169
10/06/2020,SMO,CA,AWP,WE,Towers with Radar,0,3,12,0,15,0,0,71,0,71,0,3,83,0,86,31,0,31,117
10/07/2020,SMO,CA,AWP,WE,Towers with Radar,0,4,17,0,21,0,0,58,0,58,0,4,75,0,79,42,0,42,121
10/08/2020,SMO,CA,AWP,WE,Towers with Radar,0,12,32,0,44,0,0,51,0,51,0,12,83,0,95,100,0,100,195
10/09/2020,SMO,CA,AWP,WE,Towers with Radar,0,5,40,1,46,0,2,61,0,63,0,7,101,1,109,211,0,211,320
10/10/2020,SMO,CA,AWP,WE,Towers with Radar,0,5,26,0,31,0,0,81,0,81,0,5,107,0,112,131,0,131,243
10/11/2020,SMO,CA,AWP,WE,Towers with Radar,0,7,17,0,24,0,0,106,0,106,0,7,123,0,130,23,0,23,153
10/12/2020,SMO,CA,AWP,WE,Towers with Radar,0,5,8,0,13,0,3,80,0,83,0,8,88,0,96,81,0,81,177
10/13/2020,SMO,CA,AWP,WE,Towers with Radar,0,5,10,0,15,0,0,84,0,84,0,5,94,0,99,104,0,104,203
10/14/2020,SMO,CA,AWP,WE,Towers with Radar,0,2,5,0,7,0,1,98,0,99,0,3,103,0,106,162,0,162,268
10/15/2020,SMO,CA,AWP,WE,Towers with Radar,0,6,19,0,25,0,0,109,0,109,0,6,128,0,134,77,0,77,211
10/16/2020,SMO,CA,AWP,WE,Towers with Radar,0,9,18,0,27,0,1,76,0,77,0,10,94,0,104,107,0,107,211
10/17/2020,SMO,CA,AWP,WE,Towers with Radar,0,2,13,1,16,0,0,132,0,132,0,2,145,1,148,56,0,56,204
10/18/2020,SMO,CA,AWP,WE,Towers with Radar,0,9,23,0,32,0,0,59,0,59,0,9,82,0,91,43,0,43,134
10/19/2020,SMO,CA,AWP,WE,Towers with Radar,0,2,20,2,24,0,2,35,0,37,0,4,55,2,61,24,0,24,85
10/20/2020,SMO,CA,AWP,WE,Towers with Radar,0,6,35,1,42,0,0,28,0,28,0,6,63,1,70,14,0,14,84
10/21/2020,SMO,CA,AWP,WE,Towers with Radar,0,6,33,0,39,0,0,26,0,26,0,6,59,0,65,12,0,12,77
10/22/2020,SMO,CA,AWP,WE,Towers with Radar,0,1,31,0,32,0,1,51,0,52,0,2,82,0,84,207,0,207,291
10/23/2020,SMO,CA,AWP,WE,Towers with Radar,0,11,39,2,52,0,0,53,0,53,0,11,92,2,105,187,0,187,292
10/24/2020,SMO,CA,AWP,WE,Towers with Radar,0,2,31,0,33,0,0,56,0,56,0,2,87,0,89,90,0,90,179
10/25/2020,SMO,CA,AWP,WE,Towers with Radar,0,2,27,0,29,0,0,57,0,57,0,2,84,0,86,85,0,85,171
10/26/2020,SMO,CA,AWP,WE,Towers with Radar,0,5,5,0,10,0,4,26,0,30,0,9,31,0,40,18,0,18,58
10/27/2020,SMO,CA,AWP,WE,Towers with Radar,0,11,14,0,25,0,0,53,0,53,0,11,67,0,78,111,0,111,189
10/28/2020,SMO,CA,AWP,WE,Towers with Radar,0,5,21,0,26,0,3,113,0,116,0,8,134,0,142,53,0,53,195
10/29/2020,SMO,CA,AWP,WE,Towers with Radar,0,10,12,0,22,0,1,70,1,72,0,11,82,1,94,69,0,69,163
10/30/2020,SMO,CA,AWP,WE,Towers with Radar,0,4,21,0,25,0,3,90,0,93,0,7,111,0,118,70,0,70,188
10/31/2020,SMO,CA,AWP,WE,Towers with Radar,0,1,13,0,14,0,2,87,0,89,0,3,100,0,103,32,0,32,135
11/01/2020,SMO,CA,AWP,WE,Towers with Radar,0,7,8,0,15,0,0,64,0,64,0,7,72,0,79,70,0,70,149
11/02/2020,SMO,CA,AWP,WE,Towers with Radar,0,5,16,0,21,0,0,42,0,42,0,5,58,0,63,26,0,26,89
11/03/2020,SMO,CA,AWP,WE,Towers with Radar,0,4,26,0,30,0,6,34,0,40,0,10,60,0,70,90,0,90,160
11/04/2020,SMO,CA,AWP,WE,Towers with Radar,0,1,18,0,19,0,4,56,0,60,0,5,74,0,79,35,0,35,114
11/05/2020,SMO,CA,AWP,WE,Towers with Radar,0,8,11,0,19,0,0,87,0,87,0,8,98,0,106,54,0,54,160
11/06/2020,SMO,CA,AWP,WE,Towers with Radar,0,7,36,2,45,0,0,48,0,48,0,7,84,2,93,28,0,28,121
11/07/2020,SMO,CA,AWP,WE,Towers with Radar,0,2,9,0,11,0,1,31,0,32,0,3,40,0,43,16,0,16,59
11/08/2020,SMO,CA,AWP,WE,Towers with Radar,0,1,7,2,10,0,1,21,0,22,0,2,28,2,32,6,0,6,38
11/09/2020,SMO,CA,AWP,WE,Towers with Radar,0,7,6,0,13,0,0,89,0,89,0,7,95,0,102,107,0,107,209
11/10/2020,SMO,CA,AWP,WE,Towers with Radar,0,5,13,0,18,0,2,91,0,93,0,7,104,0,111,63,0,63,174
11/11/2020,SMO,CA,AWP,WE,Towers with Radar,0,3,27,0,30,0,2,82,0,84,0,5,109,0,114,84,0,84,198
11/12/2020,SMO,CA,AWP,WE,Towers with Radar,0,3,23,2,28,0,6,77,0,83,0,9,100,2,111,76,0,76,187
11/13/2020,SMO,CA,AWP,WE,Towers with Radar,0,9,15,0,24,0,0,82,0,82,0,9,97,0,106,71,0,71,177
11/14/2020,SMO,CA,AWP,WE,Towers with Radar,0,11,8,0,19,0,2,91,0,93,0,13,99,0,112,45,0,45,157
11/15/2020,SMO,CA,AWP,WE,Towers with Radar,0,6,22,1,29,0,1,84,0,85,0,7,106,1,114,44,0,44,158
11/16/2020,SMO,CA,AWP,WE,Towers with Radar,0,3,12,0,15,0,0,64,0,64,0,3,76,0,79,46,0,46,125
11/17/2020,SMO,CA,AWP,WE,Towers with Radar,0,1,17,0,18,0,2,60,0,62,0,3,77,0,80,57,0,57,137
11/18/2020,SMO,CA,AWP,WE,Towers with Radar,0,3,20,0,23,0,0,50,0,50,0,3,70,0,73,49,0,49,122
11/19/2020,SMO,CA,AWP,WE,Towers with Radar,0,5,27,0,32,0,0,39,0,39,0,5,66,0,71,42,0,42,113
11/20/2020,SMO,CA,AWP,WE,Towers with Radar,0,8,13,0,21,0,0,65,0,65,0,8,78,0,86,83,0,83,169
11/21/2020,SMO,CA,AWP,WE,Towers with Radar,0,4,8,0,12,0,3,107,0,110,0,7,115,0,122,55,0,55,177
11/22/2020,SMO,CA,AWP,WE,Towers with Radar,0,2,13,0,15,0,2,102,0,104,0,4,115,0,119,52,0,52,171
11/23/2020,SMO,CA,AWP,WE,Towers with Radar,0,11,15,0,26,0,0,36,2,38,0,11,51,2,64,30,0,30,94
11/24/2020,SMO,CA,AWP,WE,Towers with Radar,0,6,8,0,14,0,4,65,0,69,0,10,73,0,83,66,0,66,149
11/25/2020,SMO,CA,AWP,WE,Towers with Radar,0,7,29,0,36,0,2,42,0,44,0,9,71,0,80,29,0,29,109
11/26/2020,SMO,CA,AWP,WE,Towers with Radar,0,2,1,0,3,0,0,36,0,36,0,2,37,0,39,10,0,10,49
11/27/2020,SMO,CA,AWP,WE,Towers with Radar,0,7,3,0,10,0,0,51,0,51,0,7,54,0,61,70,0,70,131
11/28/2020,SMO,CA,AWP,WE,Towers with Radar,0,3,10,0,13,0,0,92,0,92,0,3,102,0,105,37,0,37,142
11/29/2020,SMO,CA,AWP,WE,Towers with Radar,0,4,13,0,17,0,0,118,0,118,0,4,131,0,135,43,0,43,178
11/30/2020,SMO,CA,AWP,WE,Towers with Radar,0,3,3,0,6,0,0,76,0,76,0,3,79,0,82,81,1,82,164
12/01/2020,SMO,CA,AWP,WE,Towers with Radar,0,2,11,0,13,0,0,63,0,63,0,2,74,0,76,81,0,81,157
12/02/2020,SMO,CA,AWP,WE,Towers with Radar,0,2,11,0,13,0,1,57,0,58,0,3,68,0,71,31,0,31,102
12/03/2020,SMO,CA,AWP,WE,Towers with Radar,0,0,8,0,8,0,4,29,0,33,0,4,37,0,41,8,0,8,49
12/04/2020,SMO,CA,AWP,WE,Towers with Radar,0,3,5,0,8,0,0,48,0,48,0,3,53,0,56,20,0,20,76
12/05/2020,SMO,CA,AWP,WE,Towers with Radar,0,3,20,0,23,0,0,49,0,49,0,3,69,0,72,18,0,18,90
12/06/2020,SMO,CA,AWP,WE,Towers with Radar,1,1,9,0,11,0,0,50,0,50,1,1,59,0,61,0,0,0,61
12/07/2020,SMO,CA,AWP,WE,Towers with Radar,0,5,9,0,14,0,0,25,0,25,0,5,34,0,39,3,0,3,42
12/08/2020,SMO,CA,AWP,WE,Towers with Radar,0,5,10,0,15,0,2,22,0,24,0,7,32,0,39,4,0,4,43
12/09/2020,SMO,CA,AWP,WE,Towers with Radar,0,7,6,0,13,0,1,78,0,79,0,8,84,0,92,63,0,63,155
12/10/2020,SMO,CA,AWP,WE,Towers with Radar,0,8,24,0,32,0,3,59,0,62,0,11,83,0,94,70,0,70,164
12/11/2020,SMO,CA,AWP,WE,Towers with Radar,0,2,21,0,23,0,0,50,2,52,0,2,71,2,75,144,0,144,219
12/12/2020,SMO,CA,AWP,WE,Towers with Radar,0,2,20,0,22,0,1,30,0,31,0,3,50,0,53,102,0,102,155
12/13/2020,SMO,CA,AWP,WE,Towers with Radar,0,0,3,0,3,0,1,92,0,93,0,1,95,0,96,41,0,41,137
12/14/2020,SMO,CA,AWP,WE,Towers with Radar,0,2,3,0,5,0,2,26,0,28,0,4,29,0,33,13,0,13,46
12/15/2020,SMO,CA,AWP,WE,Towers with Radar,0,2,13,0,15,0,2,56,0,58,0,4,69,0,73,70,0,70,143
12/16/2020,SMO,CA,AWP,WE,Towers with Radar,0,4,11,1,16,0,0,56,0,56,0,4,67,1,72,37,0,37,109
12/17/2020,SMO,CA,AWP,WE,Towers with Radar,0,7,15,0,22,0,4,40,1,45,0,11,55,1,67,10,0,10,77
12/18/2020,SMO,CA,AWP,WE,Towers with Radar,0,2,13,1,16,0,0,58,0,58,0,2,71,1,74,68,0,68,142
12/19/2020,SMO,CA,AWP,WE,Towers with Radar,0,4,11,1,16,0,7,92,0,99,0,11,103,1,115,57,0,57,172
12/20/2020,SMO,CA,AWP,WE,Towers with Radar,0,4,15,0,19,0,1,90,0,91,0,5,105,0,110,57,0,57,167
12/21/2020,SMO,CA,AWP,WE,Towers with Radar,0,9,17,0,26,0,2,51,0,53,0,11,68,0,79,34,0,34,113
12/22/2020,SMO,CA,AWP,WE,Towers with Radar,0,3,29,0,32,0,1,65,0,66,0,4,94,0,98,60,0,60,158
12/23/2020,SMO,CA,AWP,WE,Towers with Radar,0,2,14,0,16,0,0,56,0,56,0,2,70,0,72,76,0,76,148
12/24/2020,SMO,CA,AWP,WE,Towers with Radar,0,6,18,0,24,0,1,28,0,29,0,7,46,0,53,39,0,39,92
12/25/2020,SMO,CA,AWP,WE,Towers with Radar,0,6,2,0,8,0,0,46,0,46,0,6,48,0,54,23,0,23,77
12/26/2020,SMO,CA,AWP,WE,Towers with Radar,0,3,12,0,15,0,0,63,0,63,0,3,75,0,78,14,0,14,92
12/27/2020,SMO,CA,AWP,WE,Towers with Radar,0,6,13,0,19,0,0,41,0,41,0,6,54,0,60,51,0,51,111
12/28/2020,SMO,CA,AWP,WE,Towers with Radar,0,1,7,0,8,0,0,2,0,2,0,1,9,0,10,24,0,24,34
12/29/2020,SMO,CA,AWP,WE,Towers with Radar,0,1,7,0,8,0,1,54,0,55,0,2,61,0,63,68,0,68,131
12/30/2020,SMO,CA,AWP,WE,Towers with Radar,0,3,21,0,24,0,7,92,0,99,0,10,113,0,123,126,0,126,249
12/31/2020,SMO,CA,AWP,WE,Towers with Radar,0,3,5,0,8,0,0,46,0,46,0,3,51,0,54,33,0,33,87
01/01/2021,SMO,CA,AWP,WE,Towers with Radar,0,2,10,0,12,0,0,47,0,47,0,2,57,0,59,7,0,7,66
01/02/2021,SMO,CA,AWP,WE,Towers with Radar,0,1,9,0,10,0,0,72,0,72,0,1,81,0,82,2,0,2,84
01/03/2021,SMO,CA,AWP,WE,Towers with Radar,0,3,26,0,29,0,1,29,0,30,0,4,55,0,59,25,0,25,84
01/04/2021,SMO,CA,AWP,WE,Towers with Radar,0,3,6,0,9,0,1,15,0,16,0,4,21,0,25,2,0,2,27
01/05/2021,SMO,CA,AWP,WE,Towers with Radar,0,4,22,0,26,0,1,4,0,5,0,5,26,0,31,0,0,0,31
01/06/2021,SMO,CA,AWP,WE,Towers with Radar,0,4,7,0,11,0,0,48,0,48,0,4,55,0,59,11,0,11,70
01/07/2021,SMO,CA,AWP,WE,Towers with Radar,0,3,11,0,14,0,0,51,0,51,0,3,62,0,65,38,0,38,103
01/08/2021,SMO,CA,AWP,WE,Towers with Radar,0,6,12,0,18,0,0,49,0,49,0,6,61,0,67,48,0,48,115
01/09/2021,SMO,CA,AWP,WE,Towers with Radar,0,0,13,0,13,0,0,43,0,43,0,0,56,0,56,87,0,87,143
01/10/2021,SMO,CA,AWP,WE,Towers with Radar,0,3,11,0,14,0,1,111,0,112,0,4,122,0,126,36,0,36,162
01/11/2021,SMO,CA,AWP,WE,Towers with Radar,0,4,8,0,12,0,0,66,0,66,0,4,74,0,78,32,0,32,110
01/12/2021,SMO,CA,AWP,WE,Towers with Radar,0,5,10,2,17,0,0,55,0,55,0,5,65,2,72,46,0,46,118
01/13/2021,SMO,CA,AWP,WE,Towers with Radar,0,2,10,0,12,0,4,51,0,55,0,6,61,0,67,44,0,44,111
01/14/2021,SMO,CA,AWP,WE,Towers with Radar,0,1,15,0,16,0,0,44,0,44,0,1,59,0,60,37,0,37,97
01/15/2021,SMO,CA,AWP,WE,Towers with Radar,0,10,6,0,16,0,0,69,0,69,0,10,75,0,85,49,0,49,134
01/16/2021,SMO,CA,AWP,WE,Towers with Radar,0,1,12,0,13,0,2,66,0,68,0,3,78,0,81,39,0,39,120
01/17/2021,SMO,CA,AWP,WE,Towers with Radar,0,4,16,0,20,0,0,72,0,72,0,4,88,0,92,44,0,44,136
01/18/2021,SMO,CA,AWP,WE,Towers with Radar,0,2,5,0,7,0,1,54,0,55,0,3,59,0,62,111,0,111,173
01/19/2021,SMO,CA,AWP,WE,Towers with Radar,0,0,3,0,3,0,0,14,0,14,0,0,17,0,17,9,0,9,26
01/20/2021,SMO,CA,AWP,WE,Towers with Radar,0,6,0,0,6,0,2,39,0,41,0,8,39,0,47,84,0,84,131
01/21/2021,SMO,CA,AWP,WE,Towers with Radar,0,4,21,0,25,0,1,69,0,70,0,5,90,0,95,71,0,71,166
01/22/2021,SMO,CA,AWP,WE,Towers with Radar,0,9,26,0,35,0,4,33,0,37,0,13,59,0,72,47,0,47,119
01/23/2021,SMO,CA,AWP,WE,Towers with Radar,0,2,15,0,17,0,1,27,0,28,0,3,42,0,45,62,0,62,107
01/24/2021,SMO,CA,AWP,WE,Towers with Radar,0,6,21,0,27,0,3,66,0,69,0,9,87,0,96,45,0,45,141
01/25/2021,SMO,CA,AWP,WE,Towers with Radar,0,1,3,0,4,0,0,5,0,5,0,1,8,0,9,0,0,0,9
01/26/2021,SMO,CA,AWP,WE,Towers with Radar,0,3,13,0,16,0,0,64,0,64,0,3,77,0,80,51,0,51,131
01/27/2021,SMO,CA,AWP,WE,Towers with Radar,0,2,7,0,9,0,1,22,0,23,0,3,29,0,32,50,0,50,82
01/28/2021,SMO,CA,AWP,WE,Towers with Radar,0,0,14,0,14,0,4,29,0,33,0,4,43,0,47,33,0,33,80
01/29/2021,SMO,CA,AWP,WE,Towers with Radar,0,2,16,0,18,0,4,12,0,16,0,6,28,0,34,25,0,25,59
01/30/2021,SMO,CA,AWP,WE,Towers with Radar,0,1,17,0,18,0,0,92,0,92,0,1,109,0,110,23,0,23,133
01/31/2021,SMO,CA,AWP,WE,Towers with Radar,0,4,8,0,12,0,5,107,0,112,0,9,115,0,124,48,0,48,172
02/01/2021,SMO,CA,AWP,WE,Towers with Radar,0,0,5,0,5,0,2,44,0,46,0,2,49,0,51,47,0,47,98
02/02/2021,SMO,CA,AWP,WE,Towers with Radar,0,0,5,0,5,0,0,42,0,42,0,0,47,0,47,46,0,46,93
02/03/2021,SMO,CA,AWP,WE,Towers with Radar,0,3,10,0,13,0,1,36,0,37,0,4,46,0,50,27,0,27,77
02/04/2021,SMO,CA,AWP,WE,Towers with Radar,0,11,16,0,27,0,0,69,0,69,0,11,85,0,96,59,0,59,155
02/05/2021,SMO,CA,AWP,WE,Towers with Radar,0,6,21,0,27,0,0,69,0,69,0,6,90,0,96,54,0,54,150
02/06/2021,SMO,CA,AWP,WE,Towers with Radar,0,0,13,0,13,0,0,81,0,81,0,0,94,0,94,75,0,75,169
02/07/2021,SMO,CA,AWP,WE,Towers with Radar,0,5,17,0,22,0,0,53,0,53,0,5,70,0,75,3,0,3,78
02/08/2021,SMO,CA,AWP,WE,Towers with Radar,0,6,14,0,20,0,2,36,0,38,0,8,50,0,58,34,0,34,92
02/09/2021,SMO,CA,AWP,WE,Towers with Radar,0,14,13,0,27,0,0,17,0,17,0,14,30,0,44,71,0,71,115
02/10/2021,SMO,CA,AWP,WE,Towers with Radar,0,4,15,0,19,0,0,52,0,52,0,4,67,0,71,63,0,63,134
02/11/2021,SMO,CA,AWP,WE,Towers with Radar,0,1,29,1,31,0,0,36,0,36,0,1,65,1,67,30,0,30,97
02/12/2021,SMO,CA,AWP,WE,Towers with Radar,0,4,15,0,19,0,0,26,1,27,0,4,41,1,46,23,0,23,69
02/13/2021,SMO,CA,AWP,WE,Towers with Radar,0,4,29,0,33,0,0,34,0,34,0,4,63,0,67,36,0,36,103
02/14/2021,SMO,CA,AWP,WE,Towers with Radar,0,8,9,0,17,0,0,23,0,23,0,8,32,0,40,2,0,2,42
02/15/2021,SMO,CA,AWP,WE,Towers with Radar,0,4,27,0,31,0,0,62,0,62,0,4,89,0,93,49,0,49,142
02/16/2021,SMO,CA,AWP,WE,Towers with Radar,0,15,13,0,28,0,0,43,0,43,0,15,56,0,71,79,0,79,150
02/17/2021,SMO,CA,AWP,WE,Towers with Radar,0,5,3,0,8,0,0,39,0,39,0,5,42,0,47,31,0,31,78
02/18/2021,SMO,CA,AWP,WE,Towers with Radar,0,6,12,0,18,0,4,59,0,63,0,10,71,0,81,86,0,86,167
02/19/2021,SMO,CA,AWP,WE,Towers with Radar,0,11,20,0,31,0,0,116,0,116,0,11,136,0,147,30,0,30,177
02/20/2021,SMO,CA,AWP,WE,Towers with Radar,0,4,13,0,17,0,1,32,0,33,0,5,45,0,50,1,0,1,51
02/21/2021,SMO,CA,AWP,WE,Towers with Radar,0,6,11,0,17,0,0,54,0,54,0,6,65,0,71,0,0,0,71
02/22/2021,SMO,CA,AWP,WE,Towers with Radar,0,1,16,0,17,0,2,50,0,52,0,3,66,0,69,61,0,61,130
02/23/2021,SMO,CA,AWP,WE,Towers with Radar,0,3,10,0,13,0,0,73,0,73,0,3,83,0,86,82,0,82,168
02/24/2021,SMO,CA,AWP,WE,Towers with Radar,0,0,13,0,13,0,2,80,0,82,0,2,93,0,95,85,0,85,180
02/25/2021,SMO,CA,AWP,WE,Towers with Radar,0,4,12,0,16,0,0,38,0,38,0,4,50,0,54,92,0,92,146
02/26/2021,SMO,CA,AWP,WE,Towers with Radar,0,5,19,0,24,0,0,115,0,115,0,5,134,0,139,140,1,141,280
02/27/2021,SMO,CA,AWP,WE,Towers with Radar,0,3,7,0,10,0,0,54,0,54,0,3,61,0,64,17,0,17,81
02/28/2021,SMO,CA,AWP,WE,Towers with Radar,0,6,10,1,17,0,2,81,1,84,0,8,91,2,101,10,0,10,111
03/01/2021,SMO,CA,AWP,WE,Towers with Radar,0,8,10,0,18,0,5,32,0,37,0,13,42,0,55,73,0,73,128
03/02/2021,SMO,CA,AWP,WE,Towers with Radar,0,3,10,0,13,0,3,81,0,84,0,6,91,0,97,83,0,83,180
03/03/2021,SMO,CA,AWP,WE,Towers with Radar,0,0,8,0,8,0,1,19,0,20,0,1,27,0,28,39,0,39,67
03/04/2021,SMO,CA,AWP,WE,Towers with Radar,0,2,10,0,12,0,1,92,0,93,0,3,102,0,105,95,0,95,200
03/05/2021,SMO,CA,AWP,WE,Towers with Radar,0,7,11,0,18,0,1,94,0,95,0,8,105,0,113,115,0,115,228
03/06/2021,SMO,CA,AWP,WE,Towers with Radar,0,0,10,0,10,0,0,107,0,107,0,0,117,0,117,68,0,68,185
03/07/2021,SMO,CA,AWP,WE,Towers with Radar,0,6,28,0,34,0,1,47,0,48,0,7,75,0,82,33,0,33,115
03/08/2021,SMO,CA,AWP,WE,Towers with Radar,0,2,13,1,16,0,0,54,0,54,0,2,67,1,70,82,0,82,152
03/09/2021,SMO,CA,AWP,WE,Towers with Radar,0,3,10,0,13,0,1,45,0,46,0,4,55,0,59,42,0,42,101
03/10/2021,SMO,CA,AWP,WE,Towers with Radar,0,0,8,0,8,0,2,14,0,16,0,2,22,0,24,132,2,134,158
03/11/2021,SMO,CA,AWP,WE,Towers with Radar,0,5,15,0,20,0,4,81,0,85,0,9,96,0,105,205,0,205,310
03/12/2021,SMO,CA,AWP,WE,Towers with Radar,0,7,13,0,20,0,1,81,2,84,0,8,94,2,104,120,2,122,226
03/13/2021,SMO,CA,AWP,WE,Towers with Radar,0,5,17,0,22,0,0,131,0,131,0,5,148,0,153,114,0,114,267
03/14/2021,SMO,CA,AWP,WE,Towers with Radar,0,9,35,0,44,0,0,97,2,99,0,9,132,2,143,93,0,93,236
03/15/2021,SMO,CA,AWP,WE,Towers with Radar,0,2,8,0,10,0,0,5,0,5,0,2,13,0,15,8,0,8,23
03/16/2021,SMO,CA,AWP,WE,Towers with Radar,0,6,17,0,23,0,0,62,0,62,0,6,79,0,85,43,0,43,128
03/17/2021,SMO,CA,AWP,WE,Towers with Radar,0,1,17,0,18,0,1,85,0,86,0,2,102,0,104,85,0,85,189
03/18/2021,SMO,CA,AWP,WE,Towers with Radar,0,3,10,0,13,0,0,84,0,84,0,3,94,0,97,82,0,82,179
03/19/2021,SMO,CA,AWP,WE,Towers with Radar,0,8,17,0,25,0,0,102,0,102,0,8,119,0,127,75,0,75,202
03/20/2021,SMO,CA,AWP,WE,Towers with Radar,0,4,16,0,20,0,1,60,0,61,0,5,76,0,81,55,0,55,136
03/21/2021,SMO,CA,AWP,WE,Towers with Radar,0,2,17,0,19,0,1,126,0,127,0,3,143,0,146,93,0,93,239
03/22/2021,SMO,CA,AWP,WE,Towers with Radar,0,3,7,0,10,0,0,70,0,70,0,3,77,0,80,69,0,69,149
03/23/2021,SMO,CA,AWP,WE,Towers with Radar,0,5,11,0,16,0,0,40,0,40,0,5,51,0,56,40,0,40,96
03/24/2021,SMO,CA,AWP,WE,Towers with Radar,0,9,8,0,17,0,6,36,0,42,0,15,44,0,59,21,0,21,80
03/25/2021,SMO,CA,AWP,WE,Towers with Radar,0,7,31,0,38,0,0,60,0,60,0,7,91,0,98,80,0,80,178
03/26/2021,SMO,CA,AWP,WE,Towers with Radar,0,5,22,0,27,0,0,103,0,103,0,5,125,0,130,189,0,189,319
03/27/2021,SMO,CA,AWP,WE,Towers with Radar,0,2,10,0,12,0,0,144,0,144,0,2,154,0,156,36,0,36,192
03/28/2021,SMO,CA,AWP,WE,Towers with Radar,0,14,27,0,41,0,3,134,0,137,0,17,161,0,178,73,0,73,251
03/29/2021,SMO,CA,AWP,WE,Towers with Radar,0,14,17,0,31,0,5,100,0,105,0,19,117,0,136,127,0,127,263
03/30/2021,SMO,CA,AWP,WE,Towers with Radar,0,7,19,0,26,0,0,76,0,76,0,7,95,0,102,117,0,117,219
03/31/2021,SMO,CA,AWP,WE,Towers with Radar,0,5,7,0,12,1,5,97,0,103,1,10,104,0,115,92,0,92,207
04/01/2021,SMO,CA,AWP,WE,Towers with Radar,0,4,18,0,22,0,0,102,0,102,0,4,120,0,124,45,0,45,169
04/02/2021,SMO,CA,AWP,WE,Towers with Radar,0,11,25,0,36,0,9,107,0,116,0,20,132,0,152,78,0,78,230
04/03/2021,SMO,CA,AWP,WE,Towers with Radar,0,8,35,0,43,0,7,73,0,80,0,15,108,0,123,2,0,2,125
04/04/2021,SMO,CA,AWP,WE,Towers with Radar,0,6,16,0,22,0,7,86,0,93,0,13,102,0,115,18,0,18,133
04/05/2021,SMO,CA,AWP,WE,Towers with Radar,0,9,15,0,24,0,0,80,0,80,0,9,95,0,104,103,0,103,207
04/06/2021,SMO,CA,AWP,WE,Towers with Radar,0,9,22,0,31,0,9,81,0,90,0,18,103,0,121,81,0,81,202
04/07/2021,SMO,CA,AWP,WE,Towers with Radar,0,12,18,0,30,0,3,99,0,102,0,15,117,0,132,80,2,82,214
04/08/2021,SMO,CA,AWP,WE,Towers with Radar,0,10,9,0,19,0,2,96,0,98,0,12,105,0,117,62,0,62,179
04/09/2021,SMO,CA,AWP,WE,Towers with Radar,0,9,13,0,22,0,3,118,0,121,0,12,131,0,143,53,0,53,196
04/10/2021,SMO,CA,AWP,WE,Towers with Radar,0,3,16,0,19,0,0,127,0,127,0,3,143,0,146,37,0,37,183
04/11/2021,SMO,CA,AWP,WE,Towers with Radar,0,5,40,0,45,0,2,84,0,86,0,7,124,0,131,35,0,35,166
04/12/2021,SMO,CA,AWP,WE,Towers with Radar,0,1,29,0,30,0,4,52,0,56,0,5,81,0,86,116,0,116,202
04/13/2021,SMO,CA,AWP,WE,Towers with Radar,0,5,44,0,49,0,1,13,0,14,0,6,57,0,63,37,0,37,100
04/14/2021,SMO,CA,AWP,WE,Towers with Radar,0,2,25,0,27,0,0,79,0,79,0,2,104,0,106,254,0,254,360
04/15/2021,SMO,CA,AWP,WE,Towers with Radar,0,12,24,1,37,0,1,105,2,108,0,13,129,3,145,81,0,81,226
04/16/2021,SMO,CA,AWP,WE,Towers with Radar,0,9,26,0,35,0,1,159,0,160,0,10,185,0,195,71,0,71,266
04/17/2021,SMO,CA,AWP,WE,Towers with Radar,0,9,24,0,33,0,8,121,0,129,0,17,145,0,162,75,0,75,237
04/18/2021,SMO,CA,AWP,WE,Towers with Radar,0,5,12,0,17,0,0,90,0,90,0,5,102,0,107,23,0,23,130
04/19/2021,SMO,CA,AWP,WE,Towers with Radar,0,3,15,0,18,0,0,95,0,95,0,3,110,0,113,133,0,133,246
04/20/2021,SMO,CA,AWP,WE,Towers with Radar,0,0,15,0,15,0,0,60,0,60,0,0,75,0,75,124,0,124,199
04/21/2021,SMO,CA,AWP,WE,Towers with Radar,0,4,34,0,38,0,2,38,0,40,0,6,72,0,78,208,0,208,286
04/22/2021,SMO,CA,AWP,WE,Towers with Radar,0,8,47,0,55,0,0,47,0,47,0,8,94,0,102,112,0,112,214
04/23/2021,SMO,CA,AWP,WE,Towers with Radar,0,6,57,0,63,0,3,66,0,69,0,9,123,0,132,234,0,234,366
04/24/2021,SMO,CA,AWP,WE,Towers with Radar,0,4,41,0,45,0,1,69,0,70,0,5,110,0,115,56,0,56,171
04/25/2021,SMO,CA,AWP,WE,Towers with Radar,0,6,35,0,41,0,3,79,0,82,0,9,114,0,123,89,0,89,212
04/26/2021,SMO,CA,AWP,WE,Towers with Radar,0,5,13,0,18,0,2,72,0,74,0,7,85,0,92,83,0,83,175
04/27/2021,SMO,CA,AWP,WE,Towers with Radar,0,11,21,0,32,0,6,118,1,125,0,17,139,1,157,112,0,112,269
04/28/2021,SMO,CA,AWP,WE,Towers with Radar,0,8,18,0,26,0,2,98,0,100,0,10,116,0,126,79,0,79,205
04/29/2021,SMO,CA,AWP,WE,Towers with Radar,0,4,20,0,24,0,2,102,0,104,0,6,122,0,128,71,0,71,199
04/30/2021,SMO,CA,AWP,WE,Towers with Radar,0,7,10,0,17,0,0,137,0,137,0,7,147,0,154,103,0,103,257
05/01/2021,SMO,CA,AWP,WE,Towers with Radar,0,1,23,0,24,0,4,143,0,147,0,5,166,0,171,72,0,72,243
05/02/2021,SMO,CA,AWP,WE,Towers with Radar,0,5,20,0,25,0,0,117,0,117,0,5,137,0,142,134,0,134,276
05/03/2021,SMO,CA,AWP,WE,Towers with Radar,0,5,16,0,21,0,4,64,0,68,0,9,80,0,89,37,0,37,126
05/04/2021,SMO,CA,AWP,WE,Towers with Radar,0,4,14,0,18,0,2,88,0,90,0,6,102,0,108,114,0,114,222
05/05/2021,SMO,CA,AWP,WE,Towers with Radar,0,7,39,0,46,0,1,55,0,56,0,8,94,0,102,21,0,21,123
05/06/2021,SMO,CA,AWP,WE,Towers with Radar,0,10,43,0,53,0,1,38,0,39,0,11,81,0,92,67,0,67,159
05/07/2021,SMO,CA,AWP,WE,Towers with Radar,0,6,28,0,34,0,2,70,0,72,0,8,98,0,106,162,0,162,268
05/08/2021,SMO,CA,AWP,WE,Towers with Radar,0,10,25,0,35,0,2,121,0,123,0,12,146,0,158,132,0,132,290
05/09/2021,SMO,CA,AWP,WE,Towers with Radar,0,8,18,0,26,0,0,74,0,74,0,8,92,0,100,122,0,122,222
05/10/2021,SMO,CA,AWP,WE,Towers with Radar,0,9,38,0,47,0,0,20,0,20,0,9,58,0,67,12,0,12,79
05/11/2021,SMO,CA,AWP,WE,Towers with Radar,0,7,35,0,42,0,3,83,0,86,0,10,118,0,128,151,0,151,279
05/12/2021,SMO,CA,AWP,WE,Towers with Radar,0,12,43,0,55,0,0,25,0,25,0,12,68,0,80,1,0,1,81
05/13/2021,SMO,CA,AWP,WE,Towers with Radar,0,7,54,0,61,0,2,32,2,36,0,9,86,2,97,0,0,0,97
05/14/2021,SMO,CA,AWP,WE,Towers with Radar,0,22,46,0,68,0,2,82,0,84,0,24,128,0,152,122,0,122,274
05/15/2021,SMO,CA,AWP,WE,Towers with Radar,0,5,37,0,42,0,0,123,0,123,0,5,160,0,165,80,0,80,245
05/16/2021,SMO,CA,AWP,WE,Towers with Radar,0,3,45,0,48,0,1,33,0,34,0,4,78,0,82,152,0,152,234
05/17/2021,SMO,CA,AWP,WE,Towers with Radar,0,9,23,1,33,0,3,41,1,45,0,12,64,2,78,188,0,188,266
05/18/2021,SMO,CA,AWP,WE,Towers with Radar,0,10,26,0,36,0,0,87,0,87,0,10,113,0,123,194,0,194,317
05/19/2021,SMO,CA,AWP,WE,Towers with Radar,0,9,21,0,30,0,0,70,0,70,0,9,91,0,100,157,0,157,257
05/20/2021,SMO,CA,AWP,WE,Towers with Radar,0,7,32,0,39,0,3,108,0,111,0,10,140,0,150,195,0,195,345
05/21/2021,SMO,CA,AWP,WE,Towers with Radar,0,16,27,1,44,0,1,71,1,73,0,17,98,2,117,69,0,69,186
05/22/2021,SMO,CA,AWP,WE,Towers with Radar,0,5,9,0,14,0,0,121,0,121,0,5,130,0,135,47,0,47,182
05/23/2021,SMO,CA,AWP,WE,Towers with Radar,0,9,12,0,21,0,2,118,0,120,0,11,130,0,141,97,0,97,238
05/24/2021,SMO,CA,AWP,WE,Towers with Radar,0,13,17,0,30,0,7,102,0,109,0,20,119,0,139,66,0,66,205
05/25/2021,SMO,CA,AWP,WE,Towers with Radar,0,10,15,0,25,0,3,87,0,90,0,13,102,0,115,89,0,89,204
05/26/2021,SMO,CA,AWP,WE,Towers with Radar,0,11,25,1,37,0,3,100,0,103,0,14,125,1,140,141,0,141,281
05/27/2021,SMO,CA,AWP,WE,Towers with Radar,0,10,40,0,50,0,0,75,0,75,0,10,115,0,125,168,0,168,293
05/28/2021,SMO,CA,AWP,WE,Towers with Radar,0,12,49,0,61,0,2,87,0,89,0,14,136,0,150,97,0,97,247
05/29/2021,SMO,CA,AWP,WE,Towers with Radar,0,8,34,0,42,0,2,53,0,55,0,10,87,0,97,132,0,132,229
05/30/2021,SMO,CA,AWP,WE,Towers with Radar,0,9,29,0,38,0,3,76,0,79,0,12,105,0,117,67,0,67,184
05/31/2021,SMO,CA,AWP,WE,Towers with Radar,0,9,31,1,41,0,6,79,0,85,0,15,110,1,126,50,0,50,176
06/01/2021,SMO,CA,AWP,WE,Towers with Radar,0,8,46,0,54,0,1,17,0,18,0,9,63,0,72,2,0,2,74
06/02/2021,SMO,CA,AWP,WE,Towers with Radar,0,6,57,0,63,0,0,1,0,1,0,6,58,0,64,0,0,0,64
06/03/2021,SMO,CA,AWP,WE,Towers with Radar,0,5,39,0,44,0,4,71,0,75,0,9,110,0,119,100,0,100,219
06/04/2021,SMO,CA,AWP,WE,Towers with Radar,0,4,25,0,29,0,3,93,0,96,0,7,118,0,125,59,0,59,184
06/05/2021,SMO,CA,AWP,WE,Towers with Radar,0,0,28,0,28,0,0,135,0,135,0,0,163,0,163,94,0,94,257
06/06/2021,SMO,CA,AWP,WE,Towers with Radar,0,5,28,0,33,0,10,142,0,152,0,15,170,0,185,73,0,73,258
06/07/2021,SMO,CA,AWP,WE,Towers with Radar,0,7,30,0,37,0,2,23,0,25,0,9,53,0,62,80,0,80,142
06/08/2021,SMO,CA,AWP,WE,Towers with Radar,0,7,18,0,25,0,2,98,1,101,0,9,116,1,126,145,0,145,271
06/09/2021,SMO,CA,AWP,WE,Towers with Radar,0,10,19,1,30,0,3,130,0,133,0,13,149,1,163,106,0,106,269
06/10/2021,SMO,CA,AWP,WE,Towers with Radar,0,8,14,1,23,0,2,110,0,112,0,10,124,1,135,78,0,78,213
06/11/2021,SMO,CA,AWP,WE,Towers with Radar,0,8,12,0,20,0,2,119,0,121,0,10,131,0,141,106,0,106,247
06/12/2021,SMO,CA,AWP,WE,Towers with Radar,0,4,9,0,13,0,2,170,0,172,0,6,179,0,185,87,0,87,272
06/13/2021,SMO,CA,AWP,WE,Towers with Radar,0,2,22,0,24,0,1,141,0,142,0,3,163,0,166,106,0,106,272
06/14/2021,SMO,CA,AWP,WE,Towers with Radar,0,4,10,0,14,0,5,118,0,123,0,9,128,0,137,142,0,142,279
06/15/2021,SMO,CA,AWP,WE,Towers with Radar,0,6,12,0,18,0,2,114,0,116,0,8,126,0,134,157,0,157,291
06/16/2021,SMO,CA,AWP,WE,Towers with Radar,0,16,9,0,25,0,4,112,0,116,0,20,121,0,141,108,0,108,249
06/17/2021,SMO,CA,AWP,WE,Towers with Radar,0,7,29,0,36,0,0,48,0,48,0,7,77,0,84,43,0,43,127
06/18/2021,SMO,CA,AWP,WE,Towers with Radar,0,6,42,0,48,0,0,0,0,0,0,6,42,0,48,0,0,0,48
06/19/2021,SMO,CA,AWP,WE,Towers with Radar,0,4,43,0,47,0,0,1,0,1,0,4,44,0,48,0,0,0,48
06/20/2021,SMO,CA,AWP,WE,Towers with Radar,0,7,28,0,35,0,0,0,0,0,0,7,28,0,35,0,0,0,35
06/21/2021,SMO,CA,AWP,WE,Towers with Radar,0,11,20,0,31,0,7,122,0,129,0,18,142,0,160,71,0,71,231
06/22/2021,SMO,CA,AWP,WE,Towers with Radar,0,5,19,0,24,0,3,113,0,116,0,8,132,0,140,157,0,157,297
06/23/2021,SMO,CA,AWP,WE,Towers with Radar,0,12,11,0,23,0,1,113,0,114,0,13,124,0,137,115,0,115,252
06/24/2021,SMO,CA,AWP,WE,Towers with Radar,0,8,15,0,23,0,8,140,0,148,0,16,155,0,171,156,0,156,327
06/25/2021,SMO,CA,AWP,WE,Towers with Radar,0,5,15,0,20,0,0,0,0,0,0,5,15,0,20,0,0,0,20
06/26/2021,SMO,CA,AWP,WE,Towers with Radar,0,0,9,0,9,0,0,1,0,1,0,0,10,0,10,0,0,0,10
06/27/2021,SMO,CA,AWP,WE,Towers with Radar,0,2,40,0,42,0,2,73,0,75,0,4,113,0,117,13,0,13,130
06/28/2021,SMO,CA,AWP,WE,Towers with Radar,0,3,19,0,22,0,1,66,0,67,0,4,85,0,89,20,0,20,109
06/29/2021,SMO,CA,AWP,WE,Towers with Radar,0,8,31,0,39,0,3,46,0,49,0,11,77,0,88,26,0,26,114
06/30/2021,SMO,CA,AWP,WE,Towers with Radar,0,6,28,0,34,0,3,81,0,84,0,9,109,0,118,113,0,113,231
07/01/2021,SMO,CA,AWP,WE,Towers with Radar,0,4,6,0,10,0,3,84,0,87,0,7,90,0,97,130,0,130,227
07/02/2021,SMO,CA,AWP,WE,Towers with Radar,0,9,61,0,70,0,3,27,0,30,0,12,88,0,100,0,0,0,100
07/03/2021,SMO,CA,AWP,WE,Towers with Radar,0,3,14,0,17,0,0,138,0,138,0,3,152,0,155,109,0,109,264
07/04/2021,SMO,CA,AWP,WE,Towers with Radar,0,4,5,0,9,0,1,108,0,109,0,5,113,0,118,68,0,68,186
07/05/2021,SMO,CA,AWP,WE,Towers with Radar,0,7,21,0,28,0,4,80,0,84,0,11,101,0,112,88,0,88,200
07/06/2021,SMO,CA,AWP,WE,Towers with Radar,0,3,22,0,25,0,0,97,0,97,0,3,119,0,122,124,0,124,246
07/07/2021,SMO,CA,AWP,WE,Towers with Radar,0,5,24,0,29,0,5,95,0,100,0,10,119,0,129,0,0,0,129
07/08/2021,SMO,CA,AWP,WE,Towers with Radar,0,1,20,0,21,0,6,134,0,140,0,7,154,0,161,156,0,156,317
07/09/2021,SMO,CA,AWP,WE,Towers with Radar,0,6,28,0,34,0,0,126,0,126,0,6,154,0,160,135,0,135,295
07/10/2021,SMO,CA,AWP,WE,Towers with Radar,0,4,10,0,14,0,0,161,0,161,0,4,171,0,175,64,0,64,239
07/11/2021,SMO,CA,AWP,WE,Towers with Radar,0,4,18,0,22,0,11,155,0,166,0,15,173,0,188,142,0,142,330
07/12/2021,SMO,CA,AWP,WE,Towers with Radar,0,13,23,0,36,0,8,65,0,73,0,21,88,0,109,80,0,80,189
07/13/2021,SMO,CA,AWP,WE,Towers with Radar,0,11,50,0,61,0,1,67,0,68,0,12,117,0,129,121,0,121,250
07/14/2021,SMO,CA,AWP,WE,Towers with Radar,0,11,22,0,33,0,2,81,0,83,0,13,103,0,116,49,0,49,165
07/15/2021,SMO,CA,AWP,WE,Towers with Radar,0,14,27,0,41,0,3,79,0,82,0,17,106,0,123,92,0,92,215
07/16/2021,SMO,CA,AWP,WE,Towers with Radar,0,4,25,0,29,0,0,107,0,107,0,4,132,0,136,104,0,104,240
07/17/2021,SMO,CA,AWP,WE,Towers with Radar,0,5,16,0,21,0,0,105,0,105,0,5,121,0,126,101,0,101,227
07/18/2021,SMO,CA,AWP,WE,Towers with Radar,0,6,19,0,25,0,1,112,0,113,0,7,131,0,138,61,0,61,199
07/19/2021,SMO,CA,AWP,WE,Towers with Radar,0,3,6,0,9,0,1,110,0,111,0,4,116,0,120,168,0,168,288
07/20/2021,SMO,CA,AWP,WE,Towers with Radar,0,5,7,0,12,0,2,111,0,113,0,7,118,0,125,116,0,116,241
07/21/2021,SMO,CA,AWP,WE,Towers with Radar,0,7,16,0,23,0,8,115,1,124,0,15,131,1,147,188,0,188,335
07/22/2021,SMO,CA,AWP,WE,Towers with Radar,0,13,16,0,29,0,1,117,0,118,0,14,133,0,147,107,0,107,254
07/23/2021,SMO,CA,AWP,WE,Towers with Radar,0,3,18,0,21,0,0,106,0,106,0,3,124,0,127,119,0,119,246
07/24/2021,SMO,CA,AWP,WE,Towers with Radar,0,2,27,0,29,0,0,66,0,66,0,2,93,0,95,52,0,52,147
07/25/2021,SMO,CA,AWP,WE,Towers with Radar,0,10,29,0,39,0,0,110,0,110,0,10,139,0,149,68,0,68,217
07/26/2021,SMO,CA,AWP,WE,Towers with Radar,0,7,18,0,25,0,0,64,0,64,0,7,82,0,89,81,0,81,170
07/27/2021,SMO,CA,AWP,WE,Towers with Radar,0,5,24,0,29,0,0,67,0,67,0,5,91,0,96,50,0,50,146
07/28/2021,SMO,CA,AWP,WE,Towers with Radar,0,9,15,0,24,0,3,81,1,85,0,12,96,1,109,103,0,103,212
07/29/2021,SMO,CA,AWP,WE,Towers with Radar,0,8,39,0,47,0,0,83,0,83,0,8,122,0,130,91,0,91,221
07/30/2021,SMO,CA,AWP,WE,Towers with Radar,0,5,19,0,24,0,0,91,0,91,0,5,110,0,115,100,0,100,215
07/31/2021,SMO,CA,AWP,WE,Towers with Radar,0,1,21,0,22,0,0,79,0,79,0,1,100,0,101,41,0,41,142
08/01/2021,SMO,CA,AWP,WE,Towers with Radar,0,4,13,0,17,0,0,135,0,135,0,4,148,0,152,97,0,97,249
08/02/2021,SMO,CA,AWP,WE,Towers with Radar,0,5,8,0,13,0,9,96,0,105,0,14,104,0,118,110,0,110,228
08/03/2021,SMO,CA,AWP,WE,Towers with Radar,0,8,15,0,23,0,2,110,0,112,0,10,125,0,135,135,0,135,270
08/04/2021,SMO,CA,AWP,WE,Towers with Radar,0,17,23,0,40,0,3,123,0,126,0,20,146,0,166,42,0,42,208
08/05/2021,SMO,CA,AWP,WE,Towers with Radar,0,6,13,0,19,0,2,86,0,88,0,8,99,0,107,116,0,116,223
08/06/2021,SMO,CA,AWP,WE,Towers with Radar,0,8,21,0,29,0,3,91,0,94,0,11,112,0,123,64,0,64,187
08/07/2021,SMO,CA,AWP,WE,Towers with Radar,0,10,30,0,40,0,2,91,0,93,0,12,121,0,133,64,0,64,197
08/08/2021,SMO,CA,AWP,WE,Towers with Radar,0,9,21,0,30,0,1,102,0,103,0,10,123,0,133,33,0,33,166
08/09/2021,SMO,CA,AWP,WE,Towers with Radar,0,4,20,0,24,0,2,96,0,98,0,6,116,0,122,104,0,104,226
08/10/2021,SMO,CA,AWP,WE,Towers with Radar,0,9,21,0,30,0,4,94,2,100,0,13,115,2,130,73,0,73,203
08/11/2021,SMO,CA,AWP,WE,Towers with Radar,0,5,23,0,28,0,0,104,0,104,0,5,127,0,132,184,0,184,316
08/12/2021,SMO,CA,AWP,WE,Towers with Radar,0,8,13,0,21,0,0,91,0,91,0,8,104,0,112,71,0,71,183
08/13/2021,SMO,CA,AWP,WE,Towers with Radar,0,7,13,0,20,0,1,121,0,122,0,8,134,0,142,68,0,68,210
08/14/2021,SMO,CA,AWP,WE,Towers with Radar,0,8,8,0,16,0,0,140,0,140,0,8,148,0,156,64,0,64,220
08/15/2021,SMO,CA,AWP,WE,Towers with Radar,0,14,17,0,31,0,4,130,0,134,0,18,147,0,165,54,0,54,219
08/16/2021,SMO,CA,AWP,WE,Towers with Radar,0,6,16,0,22,0,0,80,0,80,0,6,96,0,102,116,0,116,218
08/17/2021,SMO,CA,AWP,WE,Towers with Radar,0,7,25,0,32,0,0,77,0,77,0,7,102,0,109,45,0,45,154
08/18/2021,SMO,CA,AWP,WE,Towers with Radar,0,11,38,0,49,0,2,23,0,25,0,13,61,0,74,70,0,70,144
08/19/2021,SMO,CA,AWP,WE,Towers with Radar,0,8,43,0,51,0,1,74,0,75,0,9,117,0,126,216,0,216,342
08/20/2021,SMO,CA,AWP,WE,Towers with Radar,0,1,32,0,33,0,4,98,0,102,0,5,130,0,135,163,0,163,298
08/21/2021,SMO,CA,AWP,WE,Towers with Radar,0,2,45,0,47,0,1,61,0,62,0,3,106,0,109,52,0,52,161
08/22/2021,SMO,CA,AWP,WE,Towers with Radar,0,5,26,0,31,0,1,134,0,135,0,6,160,0,166,82,0,82,248
08/23/2021,SMO,CA,AWP,WE,Towers with Radar,0,9,27,0,36,0,5,92,0,97,0,14,119,0,133,141,0,141,274
08/24/2021,SMO,CA,AWP,WE,Towers with Radar,0,13,15,0,28,0,1,120,0,121,0,14,135,0,149,120,0,120,269
08/25/2021,SMO,CA,AWP,WE,Towers with Radar,0,8,17,0,25,0,0,134,2,136,0,8,151,2,161,74,0,74,235
08/26/2021,SMO,CA,AWP,WE,Towers with Radar,0,4,20,0,24,0,0,120,0,120,0,4,140,0,144,84,0,84,228
08/27/2021,SMO,CA,AWP,WE,Towers with Radar,0,5,19,0,24,0,5,116,2,123,0,10,135,2,147,174,0,174,321
08/28/2021,SMO,CA,AWP,WE,Towers with Radar,0,6,17,0,23,0,2,119,0,121,0,8,136,0,144,27,0,27,171
08/29/2021,SMO,CA,AWP,WE,Towers with Radar,0,8,27,0,35,0,0,0,0,0,0,8,27,0,35,0,0,0,35
08/30/2021,SMO,CA,AWP,WE,Towers with Radar,0,3,22,0,25,0,3,47,0,50,0,6,69,0,75,27,0,27,102
08/31/2021,SMO,CA,AWP,WE,Towers with Radar,0,4,33,0,37,0,1,38,0,39,0,5,71,0,76,85,0,85,161
09/01/2021,SMO,CA,AWP,WE,Towers with Radar,0,15,34,0,49,0,1,49,0,50,0,16,83,0,99,185,0,185,284
09/02/2021,SMO,CA,AWP,WE,Towers with Radar,0,15,27,0,42,0,0,61,0,61,0,15,88,0,103,120,0,120,223
09/03/2021,SMO,CA,AWP,WE,Towers with Radar,0,11,39,0,50,0,2,106,0,108,0,13,145,0,158,44,0,44,202
09/04/2021,SMO,CA,AWP,WE,Towers with Radar,0,6,13,0,19,0,1,116,0,117,0,7,129,0,136,67,0,67,203
09/05/2021,SMO,CA,AWP,WE,Towers with Radar,0,8,19,0,27,0,6,152,0,158,0,14,171,0,185,75,0,75,260
09/06/2021,SMO,CA,AWP,WE,Towers with Radar,0,2,18,0,20,0,8,127,0,135,0,10,145,0,155,84,0,84,239
09/07/2021,SMO,CA,AWP,WE,Towers with Radar,0,8,12,0,20,0,2,97,0,99,0,10,109,0,119,68,0,68,187
09/08/2021,SMO,CA,AWP,WE,Towers with Radar,0,3,26,0,29,0,1,44,0,45,0,4,70,0,74,26,0,26,100
09/09/2021,SMO,CA,AWP,WE,Towers with Radar,0,10,23,0,33,0,0,98,2,100,0,10,121,2,133,97,0,97,230
09/10/2021,SMO,CA,AWP,WE,Towers with Radar,0,4,17,0,21,0,0,121,0,121,0,4,138,0,142,99,0,99,241
09/11/2021,SMO,CA,AWP,WE,Towers with Radar,0,5,14,0,19,0,1,157,0,158,0,6,171,0,177,106,0,106,283
09/12/2021,SMO,CA,AWP,WE,Towers with Radar,0,5,22,0,27,0,6,127,0,133,0,11,149,0,160,74,0,74,234
09/13/2021,SMO,CA,AWP,WE,Towers with Radar,0,7,21,0,28,0,1,42,0,43,0,8,63,0,71,97,0,97,168
09/14/2021,SMO,CA,AWP,WE,Towers with Radar,0,4,19,0,23,0,0,63,0,63,0,4,82,0,86,161,0,161,247
09/15/2021,SMO,CA,AWP,WE,Towers with Radar,0,8,16,0,24,0,1,92,0,93,0,9,108,0,117,92,0,92,209
09/16/2021,SMO,CA,AWP,WE,Towers with Radar,0,6,29,0,35,0,0,63,0,63,0,6,92,0,98,110,0,110,208
09/17/2021,SMO,CA,AWP,WE,Towers with Radar,0,4,29,0,33,0,2,83,0,85,0,6,112,0,118,118,0,118,236
09/18/2021,SMO,CA,AWP,WE,Towers with Radar,0,4,15,0,19,0,0,2,0,2,0,4,17,0,21,0,0,0,21
09/19/2021,SMO,CA,AWP,WE,Towers with Radar,0,8,29,0,37,0,1,128,0,129,0,9,157,0,166,44,0,44,210
09/20/2021,SMO,CA,AWP,WE,Towers with Radar,0,9,21,0,30,0,3,98,0,101,0,12,119,0,131,42,0,42,173
09/21/2021,SMO,CA,AWP,WE,Towers with Radar,0,12,23,0,35,0,0,101,0,101,0,12,124,0,136,92,0,92,228
09/22/2021,SMO,CA,AWP,WE,Towers with Radar,0,5,18,0,23,0,1,84,0,85,0,6,102,0,108,72,0,72,180
09/23/2021,SMO,CA,AWP,WE,Towers with Radar,0,8,23,0,31,0,2,95,0,97,0,10,118,0,128,72,0,72,200
09/24/2021,SMO,CA,AWP,WE,Towers with Radar,0,2,23,0,25,0,6,80,1,87,0,8,103,1,112,73,0,73,185
09/25/2021,SMO,CA,AWP,WE,Towers with Radar,0,6,35,0,41,0,2,87,0,89,0,8,122,0,130,21,0,21,151
09/26/2021,SMO,CA,AWP,WE,Towers with Radar,0,6,71,0,77,0,1,27,0,28,0,7,98,0,105,0,0,0,105
09/27/2021,SMO,CA,AWP,WE,Towers with Radar,0,10,43,0,53,0,1,18,0,19,0,11,61,0,72,41,0,41,113
09/28/2021,SMO,CA,AWP,WE,Towers with Radar,0,12,47,0,59,0,1,57,0,58,0,13,104,0,117,99,0,99,216
09/29/2021,SMO,CA,AWP,WE,Towers with Radar,0,7,14,0,21,0,1,139,0,140,0,8,153,0,161,98,0,98,259
09/30/2021,SMO,CA,AWP,WE,Towers with Radar,0,3,17,0,20,0,3,110,0,113,0,6,127,0,133,127,0,127,260
10/01/2021,SMO,CA,AWP,WE,Towers with Radar,0,8,24,0,32,0,0,134,1,135,0,8,158,1,167,96,0,96,263
10/02/2021,SMO,CA,AWP,WE,Towers with Radar,0,4,20,0,24,0,5,122,0,127,0,9,142,0,151,91,0,91,242
10/03/2021,SMO,CA,AWP,WE,Towers with Radar,0,7,18,0,25,0,3,122,0,125,0,10,140,0,150,64,0,64,214
10/04/2021,SMO,CA,AWP,WE,Towers with Radar,0,4,24,0,28,0,2,52,2,56,0,6,76,2,84,51,0,51,135
10/05/2021,SMO,CA,AWP,WE,Towers with Radar,0,16,19,1,36,0,6,110,1,117,0,22,129,2,153,132,0,132,285
10/06/2021,SMO,CA,AWP,WE,Towers with Radar,0,6,43,0,49,0,8,69,0,77,0,14,112,0,126,104,0,104,230
10/07/2021,SMO,CA,AWP,WE,Towers with Radar,0,18,56,2,76,0,3,47,0,50,0,21,103,2,126,85,0,85,211
10/08/2021,SMO,CA,AWP,WE,Towers with Radar,0,7,36,0,43,0,0,83,0,83,0,7,119,0,126,76,0,76,202
10/09/2021,SMO,CA,AWP,WE,Towers with Radar,0,7,9,0,16,0,11,161,0,172,0,18,170,0,188,78,0,78,266
10/10/2021,SMO,CA,AWP,WE,Towers with Radar,0,8,18,0,26,0,1,127,0,128,0,9,145,0,154,94,0,94,248
10/11/2021,SMO,CA,AWP,WE,Towers with Radar,0,9,19,0,28,0,3,50,0,53,0,12,69,0,81,40,0,40,121
10/12/2021,SMO,CA,AWP,WE,Towers with Radar,0,6,14,0,20,0,2,42,0,44,0,8,56,0,64,9,0,9,73
10/13/2021,SMO,CA,AWP,WE,Towers with Radar,0,7,24,2,33,0,2,98,2,102,0,9,122,4,135,91,0,91,226
10/14/2021,SMO,CA,AWP,WE,Towers with Radar,0,18,26,1,45,0,3,91,1,95,0,21,117,2,140,75,0,75,215
10/15/2021,SMO,CA,AWP,WE,Towers with Radar,0,13,17,0,30,0,0,132,0,132,0,13,149,0,162,132,0,132,294
10/16/2021,SMO,CA,AWP,WE,Towers with Radar,0,8,11,0,19,0,9,157,0,166,0,17,168,0,185,70,0,70,255
10/17/2021,SMO,CA,AWP,WE,Towers with Radar,0,7,25,0,32,0,3,90,0,93,0,10,115,0,125,35,0,35,160
10/18/2021,SMO,CA,AWP,WE,Towers with Radar,0,16,28,0,44,0,0,60,0,60,0,16,88,0,104,62,0,62,166
10/19/2021,SMO,CA,AWP,WE,Towers with Radar,0,21,19,0,40,0,2,78,0,80,0,23,97,0,120,158,0,158,278
10/20/2021,SMO,CA,AWP,WE,Towers with Radar,0,9,29,0,38,0,3,97,0,100,0,12,126,0,138,110,0,110,248
10/21/2021,SMO,CA,AWP,WE,Towers with Radar,0,13,26,1,40,0,0,85,1,86,0,13,111,2,126,110,0,110,236
10/22/2021,SMO,CA,AWP,WE,Towers with Radar,0,15,43,0,58,0,1,36,0,37,0,16,79,0,95,16,0,16,111
10/23/2021,SMO,CA,AWP,WE,Towers with Radar,0,8,27,0,35,0,1,39,0,40,0,9,66,0,75,99,0,99,174
10/24/2021,SMO,CA,AWP,WE,Towers with Radar,0,7,34,0,41,0,1,51,0,52,0,8,85,0,93,158,0,158,251
10/25/2021,SMO,CA,AWP,WE,Towers with Radar,0,4,13,0,17,0,0,0,0,0,0,4,13,0,17,0,0,0,17
10/26/2021,SMO,CA,AWP,WE,Towers with Radar,0,13,10,0,23,0,3,105,0,108,0,16,115,0,131,165,0,165,296
10/27/2021,SMO,CA,AWP,WE,Towers with Radar,0,10,22,0,32,0,1,122,0,123,0,11,144,0,155,150,0,150,305
10/28/2021,SMO,CA,AWP,WE,Towers with Radar,0,9,27,0,36,0,0,97,0,97,0,9,124,0,133,192,0,192,325
10/29/2021,SMO,CA,AWP,WE,Towers with Radar,0,14,20,0,34,0,2,126,0,128,0,16,146,0,162,171,0,171,333
10/30/2021,SMO,CA,AWP,WE,Towers with Radar,0,3,20,0,23,0,0,48,0,48,0,3,68,0,71,37,0,37,108
10/31/2021,SMO,CA,AWP,WE,Towers with Radar,0,10,34,0,44,0,5,46,0,51,0,15,80,0,95,50,0,50,145
11/01/2021,SMO,CA,AWP,WE,Towers with Radar,0,8,25,0,33,0,2,87,0,89,0,10,112,0,122,201,0,201,323
11/02/2021,SMO,CA,AWP,WE,Towers with Radar,0,18,44,0,62,0,0,38,0,38,0,18,82,0,100,18,0,18,118
11/03/2021,SMO,CA,AWP,WE,Towers with Radar,0,7,31,0,38,0,0,1,0,1,0,7,32,0,39,0,0,0,39
11/04/2021,SMO,CA,AWP,WE,Towers with Radar,0,15,39,0,54,0,0,28,0,28,0,15,67,0,82,2,0,2,84
11/05/2021,SMO,CA,AWP,WE,Towers with Radar,0,3,22,0,25,0,0,17,0,17,0,3,39,0,42,0,0,0,42
11/06/2021,SMO,CA,AWP,WE,Towers with Radar,0,5,59,0,64,0,0,3,0,3,0,5,62,0,67,0,0,0,67
11/07/2021,SMO,CA,AWP,WE,Towers with Radar,0,4,36,0,40,0,5,20,0,25,0,9,56,0,65,0,0,0,65
11/08/2021,SMO,CA,AWP,WE,Towers with Radar,0,6,25,0,31,0,8,89,0,97,0,14,114,0,128,149,0,149,277
11/09/2021,SMO,CA,AWP,WE,Towers with Radar,0,10,31,0,41,0,0,41,0,41,0,10,72,0,82,62,0,62,144
11/10/2021,SMO,CA,AWP,WE,Towers with Radar,0,10,26,0,36,0,1,109,0,110,0,11,135,0,146,164,0,164,310
11/11/2021,SMO,CA,AWP,WE,Towers with Radar,0,15,13,0,28,0,4,110,0,114,0,19,123,0,142,215,0,215,357
11/12/2021,SMO,CA,AWP,WE,Towers with Radar,0,20,26,0,46,0,1,134,0,135,0,21,160,0,181,156,0,156,337
11/13/2021,SMO,CA,AWP,WE,Towers with Radar,0,5,8,0,13,0,3,164,0,167,0,8,172,0,180,102,0,102,282
11/14/2021,SMO,CA,AWP,WE,Towers with Radar,0,12,10,0,22,0,11,147,0,158,0,23,157,0,180,110,0,110,290
11/15/2021,SMO,CA,AWP,WE,Towers with Radar,0,15,23,0,38,0,3,90,0,93,0,18,113,0,131,104,0,104,235
11/16/2021,SMO,CA,AWP,WE,Towers with Radar,0,16,35,0,51,0,4,50,0,54,0,20,85,0,105,22,0,22,127
11/17/2021,SMO,CA,AWP,WE,Towers with Radar,0,12,25,0,37,0,1,86,0,87,0,13,111,0,124,96,0,96,220
11/18/2021,SMO,CA,AWP,WE,Towers with Radar,0,10,37,1,48,0,1,18,0,19,0,11,55,1,67,6,0,6,73
11/19/2021,SMO,CA,AWP,WE,Towers with Radar,0,18,40,1,59,0,2,53,0,55,0,20,93,1,114,84,0,84,198
11/20/2021,SMO,CA,AWP,WE,Towers with Radar,0,3,32,0,35,0,2,57,0,59,0,5,89,0,94,26,0,26,120
11/21/2021,SMO,CA,AWP,WE,Towers with Radar,0,6,16,0,22,0,4,123,0,127,0,10,139,0,149,62,0,62,211
11/22/2021,SMO,CA,AWP,WE,Towers with Radar,0,6,5,0,11,1,8,75,0,84,1,14,80,0,95,52,0,52,147
11/23/2021,SMO,CA,AWP,WE,Towers with Radar,0,6,15,0,21,0,0,105,0,105,0,6,120,0,126,78,0,78,204
11/24/2021,SMO,CA,AWP,WE,Towers with Radar,0,3,13,0,16,0,3,112,0,115,0,6,125,0,131,135,0,135,266
11/25/2021,SMO,CA,AWP,WE,Towers with Radar,0,10,3,0,13,0,6,32,0,38,0,16,35,0,51,28,0,28,79
11/26/2021,SMO,CA,AWP,WE,Towers with Radar,0,6,12,0,18,0,9,74,0,83,0,15,86,0,101,68,0,68,169
11/27/2021,SMO,CA,AWP,WE,Towers with Radar,0,12,12,0,24,0,1,109,0,110,0,13,121,0,134,35,0,35,169
11/28/2021,SMO,CA,AWP,WE,Towers with Radar,0,7,22,0,29,0,8,153,0,161,0,15,175,0,190,50,0,50,240
11/29/2021,SMO,CA,AWP,WE,Towers with Radar,0,4,20,0,24,0,7,83,0,90,0,11,103,0,114,107,0,107,221
11/30/2021,SMO,CA,AWP,WE,Towers with Radar,0,9,25,1,35,0,2,33,1,36,0,11,58,2,71,15,0,15,86
12/01/2021,SMO,CA,AWP,WE,Towers with Radar,0,10,14,0,24,0,0,18,0,18,0,10,32,0,42,4,0,4,46
12/02/2021,SMO,CA,AWP,WE,Towers with Radar,0,9,28,0,37,0,0,1,0,1,0,9,29,0,38,0,0,0,38
12/03/2021,SMO,CA,AWP,WE,Towers with Radar,0,11,36,0,47,0,0,35,0,35,0,11,71,0,82,54,0,54,136
12/04/2021,SMO,CA,AWP,WE,Towers with Radar,0,10,23,0,33,0,4,58,0,62,0,14,81,0,95,81,0,81,176
12/05/2021,SMO,CA,AWP,WE,Towers with Radar,0,11,29,0,40,0,0,71,0,71,0,11,100,0,111,80,0,80,191
12/06/2021,SMO,CA,AWP,WE,Towers with Radar,0,3,29,0,32,0,3,34,0,37,0,6,63,0,69,30,0,30,99
12/07/2021,SMO,CA,AWP,WE,Towers with Radar,0,4,20,4,28,0,1,21,0,22,0,5,41,4,50,177,0,177,227
12/08/2021,SMO,CA,AWP,WE,Towers with Radar,0,14,25,0,39,0,2,77,0,79,0,16,102,0,118,86,0,86,204
12/09/2021,SMO,CA,AWP,WE,Towers with Radar,0,7,16,0,23,0,3,13,4,20,0,10,29,4,43,44,0,44,87
12/10/2021,SMO,CA,AWP,WE,Towers with Radar,0,15,24,0,39,0,4,145,0,149,0,19,169,0,188,107,0,107,295
12/11/2021,SMO,CA,AWP,WE,Towers with Radar,2,8,13,0,23,0,2,122,0,124,2,10,135,0,147,94,0,94,241
12/12/2021,SMO,CA,AWP,WE,Towers with Radar,0,6,13,0,19,0,6,123,0,129,0,12,136,0,148,54,0,54,202
12/13/2021,SMO,CA,AWP,WE,Towers with Radar,0,6,22,0,28,0,2,54,0,56,0,8,76,0,84,77,0,77,161
12/14/2021,SMO,CA,AWP,WE,Towers with Radar,0,0,1,0,1,0,3,2,0,5,0,3,3,0,6,0,0,0,6
12/15/2021,SMO,CA,AWP,WE,Towers with Radar,0,7,4,0,11,0,4,124,6,134,0,11,128,6,145,71,0,71,216
12/16/2021,SMO,CA,AWP,WE,Towers with Radar,0,5,32,0,37,0,0,38,0,38,0,5,70,0,75,76,0,76,151
12/17/2021,SMO,CA,AWP,WE,Towers with Radar,0,15,21,0,36,0,0,119,0,119,0,15,140,0,155,88,0,88,243
12/18/2021,SMO,CA,AWP,WE,Towers with Radar,0,9,8,0,17,0,3,143,0,146,0,12,151,0,163,44,0,44,207
12/19/2021,SMO,CA,AWP,WE,Towers with Radar,0,3,19,0,22,0,1,106,0,107,0,4,125,0,129,44,0,44,173
12/20/2021,SMO,CA,AWP,WE,Towers with Radar,0,5,18,0,23,0,5,104,0,109,0,10,122,0,132,65,0,65,197
12/21/2021,SMO,CA,AWP,WE,Towers with Radar,0,6,18,0,24,0,3,98,0,101,0,9,116,0,125,71,0,71,196
12/22/2021,SMO,CA,AWP,WE,Towers with Radar,0,12,13,0,25,0,3,76,0,79,0,15,89,0,104,106,0,106,210
12/23/2021,SMO,CA,AWP,WE,Towers with Radar,0,0,1,0,1,0,0,0,0,0,0,0,1,0,1,0,0,0,1
12/24/2021,SMO,CA,AWP,WE,Towers with Radar,0,7,22,0,29,0,0,27,0,27,0,7,49,0,56,50,0,50,106
12/25/2021,SMO,CA,AWP,WE,Towers with Radar,0,1,2,0,3,0,0,8,0,8,0,1,10,0,11,0,0,0,11
12/26/2021,SMO,CA,AWP,WE,Towers with Radar,0,2,6,0,8,0,1,125,0,126,0,3,131,0,134,18,0,18,152
12/27/2021,SMO,CA,AWP,WE,Towers with Radar,0,5,17,0,22,0,0,18,0,18,0,5,35,0,40,16,0,16,56
12/28/2021,SMO,CA,AWP,WE,Towers with Radar,0,5,8,0,13,0,1,45,0,46,0,6,53,0,59,50,0,50,109
12/29/2021,SMO,CA,AWP,WE,Towers with Radar,0,1,8,0,9,0,1,3,0,4,0,2,11,0,13,0,0,0,13
12/30/2021,SMO,CA,AWP,WE,Towers with Radar,0,1,3,0,4,0,0,0,0,0,0,1,3,0,4,0,0,0,4
12/31/2021,SMO,CA,AWP,WE,Towers with Radar,0,2,13,0,15,0,0,78,0,78,0,2,91,0,93,48,0,48,141
01/01/2022,SMO,CA,AWP,WE,Towers with Radar,0,5,8,0,13,0,0,49,0,49,0,5,57,0,62,16,0,16,78
01/02/2022,SMO,CA,AWP,WE,Towers with Radar,0,2,14,0,16,0,0,90,0,90,0,2,104,0,106,50,0,50,156
01/03/2022,SMO,CA,AWP,WE,Towers with Radar,0,6,14,0,20,0,0,84,0,84,0,6,98,0,104,135,0,135,239
01/04/2022,SMO,CA,AWP,WE,Towers with Radar,0,3,9,0,12,0,9,83,0,92,0,12,92,0,104,92,0,92,196
01/05/2022,SMO,CA,AWP,WE,Towers with Radar,0,10,5,0,15,0,8,87,0,95,0,18,92,0,110,98,0,98,208
01/06/2022,SMO,CA,AWP,WE,Towers with Radar,0,7,9,0,16,0,1,76,0,77,0,8,85,0,93,134,0,134,227
01/07/2022,SMO,CA,AWP,WE,Towers with Radar,0,3,40,0,43,0,0,2,0,2,0,3,42,0,45,9,0,9,54
01/08/2022,SMO,CA,AWP,WE,Towers with Radar,0,3,21,0,24,0,1,108,0,109,0,4,129,0,133,66,0,66,199
01/09/2022,SMO,CA,AWP,WE,Towers with Radar,0,6,14,0,20,0,2,130,2,134,0,8,144,2,154,87,0,87,241
01/10/2022,SMO,CA,AWP,WE,Towers with Radar,0,3,8,0,11,0,0,80,0,80,0,3,88,0,91,43,0,43,134
01/11/2022,SMO,CA,AWP,WE,Towers with Radar,0,5,7,0,12,0,3,105,0,108,0,8,112,0,120,66,0,66,186
01/12/2022,SMO,CA,AWP,WE,Towers with Radar,0,4,18,0,22,0,2,90,0,92,0,6,108,0,114,64,0,64,178
01/13/2022,SMO,CA,AWP,WE,Towers with Radar,0,13,10,0,23,0,1,108,0,109,0,14,118,0,132,115,0,115,247
01/14/2022,SMO,CA,AWP,WE,Towers with Radar,0,11,13,0,24,0,0,110,0,110,0,11,123,0,134,162,0,162,296
01/15/2022,SMO,CA,AWP,WE,Towers with Radar,0,1,22,0,23,0,0,89,0,89,0,1,111,0,112,108,0,108,220
01/16/2022,SMO,CA,AWP,WE,Towers with Radar,0,2,24,0,26,0,5,130,0,135,0,7,154,0,161,104,0,104,265
01/17/2022,SMO,CA,AWP,WE,Towers with Radar,0,2,36,0,38,0,3,39,0,42,0,5,75,0,80,27,0,27,107
01/18/2022,SMO,CA,AWP,WE,Towers with Radar,1,10,30,0,41,3,11,47,0,61,4,21,77,0,102,56,0,56,158
01/19/2022,SMO,CA,AWP,WE,Towers with Radar,0,5,38,0,43,0,2,47,0,49,0,7,85,0,92,139,0,139,231
01/20/2022,SMO,CA,AWP,WE,Towers with Radar,0,6,13,0,19,0,2,124,0,126,0,8,137,0,145,91,0,91,236
01/21/2022,SMO,CA,AWP,WE,Towers with Radar,1,17,27,0,45,0,0,104,0,104,1,17,131,0,149,130,0,130,279
01/22/2022,SMO,CA,AWP,WE,Towers with Radar,0,0,17,0,17,0,2,19,0,21,0,2,36,0,38,14,0,14,52
01/23/2022,SMO,CA,AWP,WE,Towers with Radar,0,11,23,0,34,0,2,131,0,133,0,13,154,0,167,100,0,100,267
01/24/2022,SMO,CA,AWP,WE,Towers with Radar,0,10,9,0,19,0,0,99,0,99,0,10,108,0,118,107,0,107,225
01/25/2022,SMO,CA,AWP,WE,Towers with Radar,0,9,10,0,19,0,3,102,0,105,0,12,112,0,124,80,0,80,204
01/26/2022,SMO,CA,AWP,WE,Towers with Radar,0,4,8,0,12,0,3,105,0,108,0,7,113,0,120,194,0,194,314
01/27/2022,SMO,CA,AWP,WE,Towers with Radar,0,11,19,0,30,0,0,88,0,88,0,11,107,0,118,178,0,178,296
01/28/2022,SMO,CA,AWP,WE,Towers with Radar,0,14,22,0,36,0,5,136,0,141,0,19,158,0,177,143,0,143,320
01/29/2022,SMO,CA,AWP,WE,Towers with Radar,0,4,13,0,17,0,1,158,0,159,0,5,171,0,176,70,0,70,246
01/30/2022,SMO,CA,AWP,WE,Towers with Radar,0,12,23,0,35,0,6,189,0,195,0,18,212,0,230,79,0,79,309
01/31/2022,SMO,CA,AWP,WE,Towers with Radar,0,11,27,0,38,0,2,104,0,106,0,13,131,0,144,98,0,98,242
02/01/2022,SMO,CA,AWP,WE,Towers with Radar,0,5,27,0,32,0,3,83,0,86,0,8,110,0,118,72,0,72,190
02/02/2022,SMO,CA,AWP,WE,Towers with Radar,0,10,8,0,18,0,1,34,0,35,0,11,42,0,53,48,0,48,101
02/03/2022,SMO,CA,AWP,WE,Towers with Radar,0,15,14,0,29,0,0,109,0,109,0,15,123,0,138,163,0,163,301
02/04/2022,SMO,CA,AWP,WE,Towers with Radar,0,15,22,0,37,0,3,76,0,79,0,18,98,0,116,104,0,104,220
02/05/2022,SMO,CA,AWP,WE,Towers with Radar,0,7,14,0,21,0,0,125,0,125,0,7,139,0,146,97,0,97,243
02/06/2022,SMO,CA,AWP,WE,Towers with Radar,0,14,14,0,28,0,0,130,0,130,0,14,144,0,158,72,0,72,230
02/07/2022,SMO,CA,AWP,WE,Towers with Radar,0,4,15,0,19,0,2,114,0,116,0,6,129,0,135,141,0,141,276
02/08/2022,SMO,CA,AWP,WE,Towers with Radar,0,11,17,0,28,0,4,104,0,108,0,15,121,0,136,82,0,82,218
02/09/2022,SMO,CA,AWP,WE,Towers with Radar,0,8,4,0,12,0,22,110,0,132,0,30,114,0,144,89,0,89,233
02/10/2022,SMO,CA,AWP,WE,Towers with Radar,0,7,14,0,21,0,3,65,0,68,0,10,79,0,89,95,0,95,184
02/11/2022,SMO,CA,AWP,WE,Towers with Radar,0,10,27,0,37,0,2,140,0,142,0,12,167,0,179,124,0,124,303
02/12/2022,SMO,CA,AWP,WE,Towers with Radar,0,7,13,0,20,0,6,107,0,113,0,13,120,0,133,72,0,72,205
02/13/2022,SMO,CA,AWP,WE,Towers with Radar,0,5,10,0,15,0,0,68,0,68,0,5,78,0,83,49,0,49,132
02/14/2022,SMO,CA,AWP,WE,Towers with Radar,0,14,25,0,39,0,1,117,0,118,0,15,142,0,157,106,0,106,263
02/15/2022,SMO,CA,AWP,WE,Towers with Radar,0,3,21,0,24,0,6,22,1,29,0,9,43,1,53,35,0,35,88
02/16/2022,SMO,CA,AWP,WE,Towers with Radar,0,9,13,0,22,0,4,128,0,132,0,13,141,0,154,86,0,86,240
02/17/2022,SMO,CA,AWP,WE,Towers with Radar,0,10,17,0,27,0,3,85,0,88,0,13,102,0,115,96,0,96,211
02/18/2022,SMO,CA,AWP,WE,Towers with Radar,0,11,23,0,34,0,2,143,0,145,0,13,166,0,179,111,0,111,290
02/19/2022,SMO,CA,AWP,WE,Towers with Radar,0,12,21,0,33,0,5,155,0,160,0,17,176,0,193,64,0,64,257
02/20/2022,SMO,CA,AWP,WE,Towers with Radar,0,9,40,0,49,0,0,94,0,94,0,9,134,0,143,54,0,54,197
02/21/2022,SMO,CA,AWP,WE,Towers with Radar,0,0,8,0,8,0,2,73,0,75,0,2,81,0,83,120,0,120,203
02/22/2022,SMO,CA,AWP,WE,Towers with Radar,0,6,14,0,20,0,5,31,0,36,0,11,45,0,56,61,0,61,117
02/23/2022,SMO,CA,AWP,WE,Towers with Radar,0,5,11,0,16,0,1,89,0,90,0,6,100,0,106,87,0,87,193
02/24/2022,SMO,CA,AWP,WE,Towers with Radar,0,5,9,0,14,0,0,114,0,114,0,5,123,0,128,92,0,92,220
02/25/2022,SMO,CA,AWP,WE,Towers with Radar,0,6,17,0,23,0,1,122,0,123,0,7,139,0,146,78,0,78,224
02/26/2022,SMO,CA,AWP,WE,Towers with Radar,0,5,10,0,15,0,1,126,0,127,0,6,136,0,142,39,0,39,181
02/27/2022,SMO,CA,AWP,WE,Towers with Radar,0,2,9,0,11,0,0,125,0,125,0,2,134,0,136,47,0,47,183
02/28/2022,SMO,CA,AWP,WE,Towers with Radar,0,4,12,0,16,0,3,96,0,99,0,7,108,0,115,78,0,78,193
03/01/2022,SMO,CA,AWP,WE,Towers with Radar,0,2,13,0,15,0,1,88,0,89,0,3,101,0,104,130,0,130,234
03/02/2022,SMO,CA,AWP,WE,Towers with Radar,0,10,19,0,29,0,2,119,0,121,0,12,138,0,150,164,0,164,314
03/03/2022,SMO,CA,AWP,WE,Towers with Radar,0,9,20,0,29,0,1,75,0,76,0,10,95,0,105,126,0,126,231
03/04/2022,SMO,CA,AWP,WE,Towers with Radar,0,16,16,0,32,0,2,80,0,82,0,18,96,0,114,48,0,48,162
03/05/2022,SMO,CA,AWP,WE,Towers with Radar,0,7,19,0,26,0,0,37,0,37,0,7,56,0,63,33,0,33,96
03/06/2022,SMO,CA,AWP,WE,Towers with Radar,0,6,35,0,41,0,4,131,0,135,0,10,166,0,176,87,0,87,263
03/07/2022,SMO,CA,AWP,WE,Towers with Radar,0,6,10,0,16,0,6,96,0,102,0,12,106,0,118,108,0,108,226
03/08/2022,SMO,CA,AWP,WE,Towers with Radar,0,9,12,0,21,0,3,115,0,118,0,12,127,0,139,103,0,103,242
03/09/2022,SMO,CA,AWP,WE,Towers with Radar,0,6,25,0,31,0,0,1,0,1,0,6,26,0,32,0,0,0,32
03/10/2022,SMO,CA,AWP,WE,Towers with Radar,0,3,18,0,21,0,2,104,0,106,0,5,122,0,127,54,0,54,181
03/11/2022,SMO,CA,AWP,WE,Towers with Radar,0,9,24,0,33,0,0,114,2,116,0,9,138,2,149,114,0,114,263
03/12/2022,SMO,CA,AWP,WE,Towers with Radar,0,2,17,0,19,0,1,150,0,151,0,3,167,0,170,70,0,70,240
03/13/2022,SMO,CA,AWP,WE,Towers with Radar,0,9,14,0,23,0,4,112,0,116,0,13,126,0,139,86,0,86,225
03/14/2022,SMO,CA,AWP,WE,Towers with Radar,0,9,5,0,14,0,5,85,0,90,0,14,90,0,104,119,0,119,223
03/15/2022,SMO,CA,AWP,WE,Towers with Radar,0,11,10,0,21,0,10,86,0,96,0,21,96,0,117,96,0,96,213
03/16/2022,SMO,CA,AWP,WE,Towers with Radar,0,8,15,0,23,0,4,109,0,113,0,12,124,0,136,111,0,111,247
03/17/2022,SMO,CA,AWP,WE,Towers with Radar,0,10,14,0,24,0,4,111,0,115,0,14,125,0,139,232,0,232,371
03/18/2022,SMO,CA,AWP,WE,Towers with Radar,0,14,25,0,39,0,0,128,3,131,0,14,153,3,170,109,0,109,279
03/19/2022,SMO,CA,AWP,WE,Towers with Radar,0,8,19,0,27,0,1,82,0,83,0,9,101,0,110,50,0,50,160
03/20/2022,SMO,CA,AWP,WE,Towers with Radar,0,18,24,0,42,0,4,61,0,65,0,22,85,0,107,8,0,8,115
03/21/2022,SMO,CA,AWP,WE,Towers with Radar,0,2,6,0,8,0,0,97,0,97,0,2,103,0,105,120,0,120,225
03/22/2022,SMO,CA,AWP,WE,Towers with Radar,0,9,10,0,19,0,5,154,0,159,0,14,164,0,178,123,0,123,301
03/23/2022,SMO,CA,AWP,WE,Towers with Radar,0,17,17,0,34,0,1,156,0,157,0,18,173,0,191,85,0,85,276
03/24/2022,SMO,CA,AWP,WE,Towers with Radar,0,14,23,0,37,0,0,85,0,85,0,14,108,0,122,109,0,109,231
03/25/2022,SMO,CA,AWP,WE,Towers with Radar,0,10,27,0,37,0,5,87,0,92,0,15,114,0,129,34,0,34,163
03/26/2022,SMO,CA,AWP,WE,Towers with Radar,0,8,25,0,33,0,0,96,0,96,0,8,121,0,129,39,0,39,168
03/27/2022,SMO,CA,AWP,WE,Towers with Radar,0,9,23,0,32,0,4,89,0,93,0,13,112,0,125,88,0,88,213
03/28/2022,SMO,CA,AWP,WE,Towers with Radar,0,1,11,0,12,0,0,2,0,2,0,1,13,0,14,23,0,23,37
03/29/2022,SMO,CA,AWP,WE,Towers with Radar,0,6,23,0,29,0,0,114,0,114,0,6,137,0,143,137,0,137,280
03/30/2022,SMO,CA,AWP,WE,Towers with Radar,0,4,28,0,32,0,1,78,0,79,0,5,106,0,111,58,0,58,169
03/31/2022,SMO,CA,AWP,WE,Towers with Radar,0,4,51,0,55,0,0,44,0,44,0,4,95,0,99,211,0,211,310
04/01/2022,SMO,CA,AWP,WE,Towers with Radar,0,11,20,0,31,0,1,100,0,101,0,12,120,0,132,64,0,64,196
04/02/2022,SMO,CA,AWP,WE,Towers with Radar,0,17,49,0,66,0,3,56,0,59,0,20,105,0,125,79,0,79,204
04/03/2022,SMO,CA,AWP,WE,Towers with Radar,0,4,35,0,39,0,2,70,0,72,0,6,105,0,111,123,0,123,234
04/04/2022,SMO,CA,AWP,WE,Towers with Radar,0,0,16,0,16,0,4,89,1,94,0,4,105,1,110,48,0,48,158
04/05/2022,SMO,CA,AWP,WE,Towers with Radar,0,6,3,0,9,0,5,95,0,100,0,11,98,0,109,86,0,86,195
04/06/2022,SMO,CA,AWP,WE,Towers with Radar,0,9,23,0,32,0,5,126,0,131,0,14,149,0,163,143,0,143,306
04/07/2022,SMO,CA,AWP,WE,Towers with Radar,0,5,18,0,23,0,1,121,0,122,0,6,139,0,145,120,0,120,265
04/08/2022,SMO,CA,AWP,WE,Towers with Radar,0,8,10,0,18,0,3,140,0,143,0,11,150,0,161,125,0,125,286
04/09/2022,SMO,CA,AWP,WE,Towers with Radar,0,4,21,0,25,0,1,139,0,140,0,5,160,0,165,54,0,54,219
04/10/2022,SMO,CA,AWP,WE,Towers with Radar,0,5,28,0,33,0,0,1,0,1,0,5,29,0,34,0,0,0,34
04/11/2022,SMO,CA,AWP,WE,Towers with Radar,0,9,18,0,27,0,2,36,0,38,0,11,54,0,65,43,0,43,108
04/12/2022,SMO,CA,AWP,WE,Towers with Radar,0,1,13,0,14,0,0,57,0,57,0,1,70,0,71,0,0,0,71
04/13/2022,SMO,CA,AWP,WE,Towers with Radar,0,5,18,0,23,0,3,92,0,95,0,8,110,0,118,113,0,113,231
04/14/2022,SMO,CA,AWP,WE,Towers with Radar,0,7,16,0,23,0,9,152,0,161,0,16,168,0,184,122,0,122,306
04/15/2022,SMO,CA,AWP,WE,Towers with Radar,0,12,28,0,40,0,1,146,0,147,0,13,174,0,187,126,0,126,313
04/16/2022,SMO,CA,AWP,WE,Towers with Radar,0,5,20,0,25,0,2,68,0,70,0,7,88,0,95,53,0,53,148
04/17/2022,SMO,CA,AWP,WE,Towers with Radar,0,10,16,0,26,0,3,143,0,146,0,13,159,0,172,86,0,86,258
04/18/2022,SMO,CA,AWP,WE,Towers with Radar,0,9,34,0,43,0,9,99,0,108,0,18,133,0,151,136,0,136,287
04/19/2022,SMO,CA,AWP,WE,Towers with Radar,0,19,24,0,43,0,1,151,0,152,0,20,175,0,195,107,0,107,302
04/20/2022,SMO,CA,AWP,WE,Towers with Radar,0,14,24,0,38,0,1,89,0,90,0,15,113,0,128,226,0,226,354
04/21/2022,SMO,CA,AWP,WE,Towers with Radar,0,16,45,0,61,0,7,69,0,76,0,23,114,0,137,63,0,63,200
04/22/2022,SMO,CA,AWP,WE,Towers with Radar,0,12,26,0,38,0,2,68,0,70,0,14,94,0,108,114,0,114,222
04/23/2022,SMO,CA,AWP,WE,Towers with Radar,0,6,19,0,25,0,2,150,0,152,0,8,169,0,177,136,0,136,313
04/24/2022,SMO,CA,AWP,WE,Towers with Radar,0,4,24,0,28,0,0,121,0,121,0,4,145,0,149,130,0,130,279
04/25/2022,SMO,CA,AWP,WE,Towers with Radar,0,6,19,0,25,0,5,114,0,119,0,11,133,0,144,174,0,174,318
04/26/2022,SMO,CA,AWP,WE,Towers with Radar,0,1,18,0,19,0,6,100,0,106,0,7,118,0,125,222,0,222,347
04/27/2022,SMO,CA,AWP,WE,Towers with Radar,0,16,29,0,45,0,2,87,0,89,0,18,116,0,134,217,0,217,351
04/28/2022,SMO,CA,AWP,WE,Towers with Radar,0,14,27,0,41,0,2,65,2,69,0,16,92,2,110,216,0,216,326
04/29/2022,SMO,CA,AWP,WE,Towers with Radar,0,18,17,0,35,0,0,124,0,124,0,18,141,0,159,123,0,123,282
04/30/2022,SMO,CA,AWP,WE,Towers with Radar,0,9,14,0,23,0,0,129,0,129,0,9,143,0,152,66,0,66,218
05/01/2022,SMO,CA,AWP,WE,Towers with Radar,0,11,32,0,43,0,2,92,0,94,0,13,124,0,137,48,0,48,185
05/02/2022,SMO,CA,AWP,WE,Towers with Radar,0,10,31,0,41,0,6,80,0,86,0,16,111,0,127,80,0,80,207
05/03/2022,SMO,CA,AWP,WE,Towers with Radar,0,17,25,0,42,0,2,81,0,83,0,19,106,0,125,236,0,236,361
05/04/2022,SMO,CA,AWP,WE,Towers with Radar,0,12,29,0,41,0,2,105,0,107,0,14,134,0,148,120,0,120,268
05/05/2022,SMO,CA,AWP,WE,Towers with Radar,0,11,26,0,37,0,0,53,0,53,0,11,79,0,90,50,0,50,140
05/06/2022,SMO,CA,AWP,WE,Towers with Radar,0,9,22,0,31,0,0,127,0,127,0,9,149,0,158,143,0,143,301
05/07/2022,SMO,CA,AWP,WE,Towers with Radar,0,8,23,0,31,0,0,141,0,141,0,8,164,0,172,91,0,91,263
05/08/2022,SMO,CA,AWP,WE,Towers with Radar,0,9,22,0,31,0,1,116,0,117,0,10,138,0,148,177,0,177,325
05/09/2022,SMO,CA,AWP,WE,Towers with Radar,0,8,10,0,18,0,2,106,0,108,0,10,116,0,126,102,0,102,228
05/10/2022,SMO,CA,AWP,WE,Towers with Radar,0,12,15,0,27,0,1,109,0,110,0,13,124,0,137,84,0,84,221
05/11/2022,SMO,CA,AWP,WE,Towers with Radar,0,5,21,0,26,0,4,94,2,100,0,9,115,2,126,77,0,77,203
05/12/2022,SMO,CA,AWP,WE,Towers with Radar,0,5,22,0,27,0,0,127,0,127,0,5,149,0,154,155,0,155,309
05/13/2022,SMO,CA,AWP,WE,Towers with Radar,0,10,19,0,29,0,1,127,0,128,0,11,146,0,157,111,0,111,268
05/14/2022,SMO,CA,AWP,WE,Towers with Radar,0,9,14,0,23,0,0,162,0,162,0,9,176,0,185,120,0,120,305
05/15/2022,SMO,CA,AWP,WE,Towers with Radar,0,4,18,0,22,0,2,168,0,170,0,6,186,0,192,113,0,113,305
05/16/2022,SMO,CA,AWP,WE,Towers with Radar,0,6,15,0,21,0,9,93,0,102,0,15,108,0,123,120,0,120,243
05/17/2022,SMO,CA,AWP,WE,Towers with Radar,0,13,29,1,43,0,2,74,0,76,0,15,103,1,119,104,0,104,223
05/18/2022,SMO,CA,AWP,WE,Towers with Radar,0,10,39,0,49,0,4,75,0,79,0,14,114,0,128,77,0,77,205
05/19/2022,SMO,CA,AWP,WE,Towers with Radar,0,7,53,0,60,0,0,1,0,1,0,7,54,0,61,0,0,0,61
05/20/2022,SMO,CA,AWP,WE,Towers with Radar,0,15,58,0,73,0,3,5,0,8,0,18,63,0,81,87,0,87,168
05/21/2022,SMO,CA,AWP,WE,Towers with Radar,0,3,32,0,35,0,5,93,0,98,0,8,125,0,133,82,0,82,215
05/22/2022,SMO,CA,AWP,WE,Towers with Radar,0,7,27,0,34,0,1,77,0,78,0,8,104,0,112,4,1,5,117
05/23/2022,SMO,CA,AWP,WE,Towers with Radar,0,8,30,0,38,0,4,29,0,33,0,12,59,0,71,6,0,6,77
05/24/2022,SMO,CA,AWP,WE,Towers with Radar,0,8,38,0,46,0,0,43,1,44,0,8,81,1,90,13,0,13,103
05/25/2022,SMO,CA,AWP,WE,Towers with Radar,0,17,47,0,64,0,0,27,0,27,0,17,74,0,91,12,0,12,103
05/26/2022,SMO,CA,AWP,WE,Towers with Radar,0,7,13,0,20,0,4,105,0,109,0,11,118,0,129,75,0,75,204
05/27/2022,SMO,CA,AWP,WE,Towers with Radar,0,13,22,0,35,0,0,118,0,118,0,13,140,0,153,117,0,117,270
05/28/2022,SMO,CA,AWP,WE,Towers with Radar,0,7,39,0,46,0,1,56,0,57,0,8,95,0,103,90,0,90,193
05/29/2022,SMO,CA,AWP,WE,Towers with Radar,0,2,18,0,20,0,3,86,0,89,0,5,104,0,109,61,0,61,170
05/30/2022,SMO,CA,AWP,WE,Towers with Radar,0,4,20,0,24,0,5,134,2,141,0,9,154,2,165,49,0,49,214
05/31/2022,SMO,CA,AWP,WE,Towers with Radar,0,11,17,0,28,0,1,130,0,131,0,12,147,0,159,245,0,245,404
06/01/2022,SMO,CA,AWP,WE,Towers with Radar,0,6,13,0,19,0,0,142,0,142,0,6,155,0,161,145,0,145,306
06/02/2022,SMO,CA,AWP,WE,Towers with Radar,0,7,25,0,32,0,0,69,0,69,0,7,94,0,101,24,0,24,125
06/03/2022,SMO,CA,AWP,WE,Towers with Radar,0,11,47,0,58,0,0,35,0,35,0,11,82,0,93,34,0,34,127
06/04/2022,SMO,CA,AWP,WE,Towers with Radar,0,11,30,0,41,0,1,33,0,34,0,12,63,0,75,32,0,32,107
06/05/2022,SMO,CA,AWP,WE,Towers with Radar,0,8,9,0,17,0,3,82,0,85,0,11,91,0,102,95,0,95,197
06/06/2022,SMO,CA,AWP,WE,Towers with Radar,0,7,23,0,30,0,6,91,3,100,0,13,114,3,130,26,0,26,156
06/07/2022,SMO,CA,AWP,WE,Towers with Radar,0,11,45,0,56,0,4,23,0,27,0,15,68,0,83,0,0,0,83
06/08/2022,SMO,CA,AWP,WE,Towers with Radar,0,8,22,0,30,0,0,0,0,0,0,8,22,0,30,0,0,0,30
06/09/2022,SMO,CA,AWP,WE,Towers with Radar,0,0,0,0,0,0,4,0,2,6,0,4,0,2,6,0,0,0,6
06/10/2022,SMO,CA,AWP,WE,Towers with Radar,0,2,3,0,5,0,0,2,0,2,0,2,5,0,7,0,0,0,7
06/11/2022,SMO,CA,AWP,WE,Towers with Radar,0,0,22,0,22,0,1,56,0,57,0,1,78,0,79,0,0,0,79
06/12/2022,SMO,CA,AWP,WE,Towers with Radar,0,3,22,0,25,0,1,69,0,70,0,4,91,0,95,28,0,28,123
06/13/2022,SMO,CA,AWP,WE,Towers with Radar,0,7,20,0,27,0,2,103,0,105,0,9,123,0,132,58,0,58,190
06/14/2022,SMO,CA,AWP,WE,Towers with Radar,0,4,12,0,16,0,2,138,0,140,0,6,150,0,156,130,0,130,286
06/15/2022,SMO,CA,AWP,WE,Towers with Radar,0,9,25,0,34,1,8,53,2,64,1,17,78,2,98,97,0,97,195
06/16/2022,SMO,CA,AWP,WE,Towers with Radar,0,12,34,0,46,0,0,23,0,23,0,12,57,0,69,20,0,20,89
06/17/2022,SMO,CA,AWP,WE,Towers with Radar,0,9,32,0,41,0,5,100,0,105,0,14,132,0,146,172,0,172,318
06/18/2022,SMO,CA,AWP,WE,Towers with Radar,0,5,24,0,29,0,1,135,0,136,0,6,159,0,165,82,0,82,247
06/19/2022,SMO,CA,AWP,WE,Towers with Radar,0,8,12,0,20,0,2,179,0,181,0,10,191,0,201,52,0,52,253
06/20/2022,SMO,CA,AWP,WE,Towers with Radar,0,6,16,0,22,0,7,166,0,173,0,13,182,0,195,115,0,115,310
06/21/2022,SMO,CA,AWP,WE,Towers with Radar,0,2,9,0,11,0,4,111,0,115,0,6,120,0,126,133,0,133,259
06/22/2022,SMO,CA,AWP,WE,Towers with Radar,0,4,22,0,26,0,0,78,0,78,0,4,100,0,104,86,0,86,190
06/23/2022,SMO,CA,AWP,WE,Towers with Radar,0,1,24,0,25,0,4,111,0,115,0,5,135,0,140,98,0,98,238
06/24/2022,SMO,CA,AWP,WE,Towers with Radar,0,7,17,0,24,0,4,96,0,100,0,11,113,0,124,67,0,67,191
06/25/2022,SMO,CA,AWP,WE,Towers with Radar,0,1,13,0,14,0,1,130,0,131,0,2,143,0,145,117,0,117,262
06/26/2022,SMO,CA,AWP,WE,Towers with Radar,0,10,19,0,29,0,6,118,0,124,0,16,137,0,153,23,0,23,176
06/27/2022,SMO,CA,AWP,WE,Towers with Radar,0,12,24,0,36,0,6,129,0,135,0,18,153,0,171,82,0,82,253
06/28/2022,SMO,CA,AWP,WE,Towers with Radar,0,4,18,1,23,0,1,137,0,138,0,5,155,1,161,131,0,131,292
06/29/2022,SMO,CA,AWP,WE,Towers with Radar,0,10,14,0,24,0,5,101,0,106,0,15,115,0,130,76,0,76,206
06/30/2022,SMO,CA,AWP,WE,Towers with Radar,0,11,19,0,30,0,0,125,0,125,0,11,144,0,155,172,0,172,327
07/01/2022,SMO,CA,AWP,WE,Towers with Radar,0,4,16,0,20,0,5,130,0,135,0,9,146,0,155,149,0,149,304
07/02/2022,SMO,CA,AWP,WE,Towers with Radar,0,1,12,0,13,0,2,136,0,138,0,3,148,0,151,36,0,36,187
07/03/2022,SMO,CA,AWP,WE,Towers with Radar,0,2,9,0,11,0,2,103,0,105,0,4,112,0,116,38,0,38,154
07/04/2022,SMO,CA,AWP,WE,Towers with Radar,0,0,12,0,12,0,2,53,0,55,0,2,65,0,67,30,0,30,97
07/05/2022,SMO,CA,AWP,WE,Towers with Radar,1,4,22,0,27,0,2,64,0,66,1,6,86,0,93,99,0,99,192
07/06/2022,SMO,CA,AWP,WE,Towers with Radar,0,4,12,0,16,0,0,0,0,0,0,4,12,0,16,0,0,0,16
07/07/2022,SMO,CA,AWP,WE,Towers with Radar,0,7,11,0,18,0,7,126,0,133,0,14,137,0,151,162,0,162,313
07/08/2022,SMO,CA,AWP,WE,Towers with Radar,0,3,25,0,28,0,1,114,0,115,0,4,139,0,143,90,0,90,233
07/09/2022,SMO,CA,AWP,WE,Towers with Radar,0,3,33,0,36,0,7,69,0,76,0,10,102,0,112,0,0,0,112
07/10/2022,SMO,CA,AWP,WE,Towers with Radar,0,6,15,0,21,0,1,122,0,123,0,7,137,0,144,50,0,50,194
07/11/2022,SMO,CA,AWP,WE,Towers with Radar,0,2,35,0,37,0,2,29,0,31,0,4,64,0,68,2,0,2,70
07/12/2022,SMO,CA,AWP,WE,Towers with Radar,0,5,33,0,38,0,0,75,0,75,0,5,108,0,113,46,0,46,159
07/13/2022,SMO,CA,AWP,WE,Towers with Radar,0,14,41,0,55,0,0,62,0,62,0,14,103,0,117,18,0,18,135
07/14/2022,SMO,CA,AWP,WE,Towers with Radar,0,3,18,0,21,0,1,79,0,80,0,4,97,0,101,79,0,79,180
07/15/2022,SMO,CA,AWP,WE,Towers with Radar,0,10,27,0,37,0,3,55,0,58,0,13,82,0,95,0,0,0,95
07/16/2022,SMO,CA,AWP,WE,Towers with Radar,0,2,13,0,15,0,5,52,0,57,0,7,65,0,72,10,0,10,82
07/17/2022,SMO,CA,AWP,WE,Towers with Radar,0,7,17,0,24,0,2,79,0,81,0,9,96,0,105,31,0,31,136
07/18/2022,SMO,CA,AWP,WE,Towers with Radar,0,2,12,0,14,0,3,87,0,90,0,5,99,0,104,132,0,132,236
07/19/2022,SMO,CA,AWP,WE,Towers with Radar,0,7,10,0,17,0,6,93,0,99,0,13,103,0,116,76,0,76,192
07/20/2022,SMO,CA,AWP,WE,Towers with Radar,0,23,17,0,40,0,5,97,0,102,0,28,114,0,142,106,0,106,248
07/21/2022,SMO,CA,AWP,WE,Towers with Radar,0,10,13,0,23,0,6,99,0,105,0,16,112,0,128,92,0,92,220
07/22/2022,SMO,CA,AWP,WE,Towers with Radar,0,7,18,0,25,0,3,123,0,126,0,10,141,0,151,93,2,95,246
07/23/2022,SMO,CA,AWP,WE,Towers with Radar,0,6,28,0,34,0,1,75,0,76,0,7,103,0,110,55,0,55,165
07/24/2022,SMO,CA,AWP,WE,Towers with Radar,0,11,31,0,42,0,7,45,0,52,0,18,76,0,94,45,0,45,139
07/25/2022,SMO,CA,AWP,WE,Towers with Radar,0,7,26,0,33,0,2,45,0,47,0,9,71,0,80,22,0,22,102
07/26/2022,SMO,CA,AWP,WE,Towers with Radar,0,9,32,0,41,0,3,54,0,57,0,12,86,0,98,23,0,23,121
07/27/2022,SMO,CA,AWP,WE,Towers with Radar,0,7,15,0,22,0,0,85,0,85,0,7,100,0,107,15,0,15,122
07/28/2022,SMO,CA,AWP,WE,Towers with Radar,0,13,21,0,34,0,2,100,2,104,0,15,121,2,138,148,0,148,286
07/29/2022,SMO,CA,AWP,WE,Towers with Radar,0,9,15,1,25,0,0,118,0,118,0,9,133,1,143,214,0,214,357
07/30/2022,SMO,CA,AWP,WE,Towers with Radar,0,7,7,0,14,0,6,116,0,122,0,13,123,0,136,120,0,120,256
07/31/2022,SMO,CA,AWP,WE,Towers with Radar,0,4,14,0,18,0,0,123,0,123,0,4,137,0,141,96,0,96,237
08/01/2022,SMO,CA,AWP,WE,Towers with Radar,0,2,12,0,14,0,0,102,0,102,0,2,114,0,116,75,0,75,191
08/02/2022,SMO,CA,AWP,WE,Towers with Radar,0,7,21,0,28,0,6,95,1,102,0,13,116,1,130,102,0,102,232
08/03/2022,SMO,CA,AWP,WE,Towers with Radar,0,13,15,0,28,0,3,107,0,110,0,16,122,0,138,65,0,65,203
08/04/2022,SMO,CA,AWP,WE,Towers with Radar,0,0,14,0,14,0,0,88,0,88,0,0,102,0,102,134,0,134,236
08/05/2022,SMO,CA,AWP,WE,Towers with Radar,0,10,19,0,29,0,1,116,0,117,0,11,135,0,146,127,0,127,273
08/06/2022,SMO,CA,AWP,WE,Towers with Radar,0,5,9,0,14,0,2,109,0,111,0,7,118,0,125,74,0,74,199
08/07/2022,SMO,CA,AWP,WE,Towers with Radar,0,9,8,0,17,0,1,125,0,126,0,10,133,0,143,100,0,100,243
08/08/2022,SMO,CA,AWP,WE,Towers with Radar,0,11,19,0,30,0,0,99,0,99,0,11,118,0,129,68,0,68,197
08/09/2022,SMO,CA,AWP,WE,Towers with Radar,0,2,19,0,21,0,2,118,0,120,0,4,137,0,141,93,0,93,234
08/10/2022,SMO,CA,AWP,WE,Towers with Radar,0,8,11,0,19,0,2,93,2,97,0,10,104,2,116,146,0,146,262
08/11/2022,SMO,CA,AWP,WE,Towers with Radar,0,9,7,0,16,0,0,98,0,98,0,9,105,0,114,438,0,438,552
08/12/2022,SMO,CA,AWP,WE,Towers with Radar,0,5,18,0,23,0,1,143,0,144,0,6,161,0,167,135,0,135,302
08/13/2022,SMO,CA,AWP,WE,Towers with Radar,0,1,7,0,8,0,4,137,0,141,0,5,144,0,149,97,0,97,246
08/14/2022,SMO,CA,AWP,WE,Towers with Radar,0,4,18,0,22,0,1,97,0,98,0,5,115,0,120,53,0,53,173
08/15/2022,SMO,CA,AWP,WE,Towers with Radar,0,6,17,0,23,0,4,99,0,103,0,10,116,0,126,58,0,58,184
08/16/2022,SMO,CA,AWP,WE,Towers with Radar,0,10,23,0,33,0,4,115,0,119,0,14,138,0,152,127,0,127,279
08/17/2022,SMO,CA,AWP,WE,Towers with Radar,0,13,19,0,32,0,1,123,1,125,0,14,142,1,157,176,0,176,333
08/18/2022,SMO,CA,AWP,WE,Towers with Radar,0,6,33,0,39,0,5,41,0,46,0,11,74,0,85,0,0,0,85
08/19/2022,SMO,CA,AWP,WE,Towers with Radar,0,6,11,0,17,0,1,102,0,103,0,7,113,0,120,160,0,160,280
08/20/2022,SMO,CA,AWP,WE,Towers with Radar,0,5,29,0,34,0,4,90,0,94,0,9,119,0,128,66,0,66,194
08/21/2022,SMO,CA,AWP,WE,Towers with Radar,0,8,25,0,33,0,0,99,0,99,0,8,124,0,132,77,0,77,209
08/22/2022,SMO,CA,AWP,WE,Towers with Radar,0,11,27,0,38,0,2,43,0,45,0,13,70,0,83,0,0,0,83
08/23/2022,SMO,CA,AWP,WE,Towers with Radar,0,11,26,0,37,0,4,65,0,69,0,15,91,0,106,0,0,0,106
08/24/2022,SMO,CA,AWP,WE,Towers with Radar,0,16,22,0,38,0,5,146,0,151,0,21,168,0,189,115,0,115,304
08/25/2022,SMO,CA,AWP,WE,Towers with Radar,0,3,17,0,20,0,2,120,0,122,0,5,137,0,142,47,0,47,189
08/26/2022,SMO,CA,AWP,WE,Towers with Radar,1,15,49,0,65,0,0,83,1,84,1,15,132,1,149,54,0,54,203
08/27/2022,SMO,CA,AWP,WE,Towers with Radar,0,11,37,1,49,0,0,97,0,97,0,11,134,1,146,34,0,34,180
08/28/2022,SMO,CA,AWP,WE,Towers with Radar,0,8,31,0,39,0,0,92,0,92,0,8,123,0,131,86,0,86,217
08/29/2022,SMO,CA,AWP,WE,Towers with Radar,0,12,16,0,28,0,5,90,0,95,0,17,106,0,123,73,0,73,196
08/30/2022,SMO,CA,AWP,WE,Towers with Radar,0,10,13,0,23,0,2,132,2,136,0,12,145,2,159,154,2,156,315
08/31/2022,SMO,CA,AWP,WE,Towers with Radar,0,8,6,0,14,0,2,117,0,119,0,10,123,0,133,209,0,209,342
09/01/2022,SMO,CA,AWP,WE,Towers with Radar,0,16,12,0,28,0,6,110,0,116,0,22,122,0,144,42,0,42,186
09/02/2022,SMO,CA,AWP,WE,Towers with Radar,0,12,9,0,21,0,6,115,0,121,0,18,124,0,142,149,0,149,291
09/03/2022,SMO,CA,AWP,WE,Towers with Radar,0,16,15,0,31,0,0,124,0,124,0,16,139,0,155,102,0,102,257
09/04/2022,SMO,CA,AWP,WE,Towers with Radar,0,6,9,0,15,0,3,61,0,64,0,9,70,0,79,45,0,45,124
09/05/2022,SMO,CA,AWP,WE,Towers with Radar,0,8,23,0,31,0,1,90,0,91,0,9,113,0,122,129,0,129,251
09/06/2022,SMO,CA,AWP,WE,Towers with Radar,0,7,9,0,16,0,0,88,0,88,0,7,97,0,104,40,0,40,144
09/07/2022,SMO,CA,AWP,WE,Towers with Radar,0,3,15,0,18,0,4,96,0,100,0,7,111,0,118,95,0,95,213
09/08/2022,SMO,CA,AWP,WE,Towers with Radar,0,3,11,0,14,0,3,60,0,63,0,6,71,0,77,113,0,113,190
09/09/2022,SMO,CA,AWP,WE,Towers with Radar,0,2,13,0,15,0,5,31,0,36,0,7,44,0,51,4,0,4,55
09/10/2022,SMO,CA,AWP,WE,Towers with Radar,0,0,12,0,12,0,0,29,0,29,0,0,41,0,41,14,0,14,55
09/11/2022,SMO,CA,AWP,WE,Towers with Radar,0,9,21,0,30,0,9,49,0,58,0,18,70,0,88,0,0,0,88
09/12/2022,SMO,CA,AWP,WE,Towers with Radar,0,6,19,0,25,0,6,72,2,80,0,12,91,2,105,56,0,56,161
09/13/2022,SMO,CA,AWP,WE,Towers with Radar,0,5,20,0,25,0,3,118,0,121,0,8,138,0,146,104,0,104,250
09/14/2022,SMO,CA,AWP,WE,Towers with Radar,0,11,22,0,33,0,4,97,0,101,0,15,119,0,134,124,0,124,258
09/15/2022,SMO,CA,AWP,WE,Towers with Radar,0,20,26,0,46,0,5,100,0,105,0,25,126,0,151,113,0,113,264
09/16/2022,SMO,CA,AWP,WE,Towers with Radar,0,10,21,0,31,0,0,116,0,116,0,10,137,0,147,86,0,86,233
09/17/2022,SMO,CA,AWP,WE,Towers with Radar,0,7,24,0,31,0,0,45,0,45,0,7,69,0,76,93,0,93,169
09/18/2022,SMO,CA,AWP,WE,Towers with Radar,0,8,42,0,50,0,1,67,0,68,0,9,109,0,118,58,0,58,176
09/19/2022,SMO,CA,AWP,WE,Towers with Radar,0,9,21,0,30,0,0,94,0,94,0,9,115,0,124,68,0,68,192
09/20/2022,SMO,CA,AWP,WE,Towers with Radar,0,9,25,1,35,0,2,102,0,104,0,11,127,1,139,64,0,64,203
09/21/2022,SMO,CA,AWP,WE,Towers with Radar,0,7,17,0,24,0,0,110,0,110,0,7,127,0,134,45,0,45,179
09/22/2022,SMO,CA,AWP,WE,Towers with Radar,0,11,30,0,41,0,4,94,0,98,0,15,124,0,139,56,0,56,195
09/23/2022,SMO,CA,AWP,WE,Towers with Radar,0,11,20,0,31,0,0,96,0,96,0,11,116,0,127,94,0,94,221
09/24/2022,SMO,CA,AWP,WE,Towers with Radar,0,6,15,1,22,0,0,99,0,99,0,6,114,1,121,63,0,63,184
09/25/2022,SMO,CA,AWP,WE,Towers with Radar,0,8,20,1,29,0,4,116,0,120,0,12,136,1,149,47,0,47,196
09/26/2022,SMO,CA,AWP,WE,Towers with Radar,0,8,13,1,22,0,8,119,0,127,0,16,132,1,149,64,0,64,213
09/27/2022,SMO,CA,AWP,WE,Towers with Radar,0,8,14,0,22,0,6,129,0,135,0,14,143,0,157,98,0,98,255
09/28/2022,SMO,CA,AWP,WE,Towers with Radar,0,9,14,0,23,0,7,106,0,113,0,16,120,0,136,72,0,72,208
09/29/2022,SMO,CA,AWP,WE,Towers with Radar,0,12,38,0,50,0,2,42,0,44,0,14,80,0,94,3,0,3,97
09/30/2022,SMO,CA,AWP,WE,Towers with Radar,0,11,21,0,32,0,2,89,0,91,0,13,110,0,123,64,0,64,187
10/01/2022,SMO,CA,AWP,WE,Towers with Radar,0,10,23,0,33,0,2,102,0,104,0,12,125,0,137,74,0,74,211
10/02/2022,SMO,CA,AWP,WE,Towers with Radar,0,10,26,0,36,0,7,111,0,118,0,17,137,0,154,89,0,89,243
10/03/2022,SMO,CA,AWP,WE,Towers with Radar,0,7,20,0,27,0,3,50,0,53,0,10,70,0,80,21,0,21,101
10/04/2022,SMO,CA,AWP,WE,Towers with Radar,0,19,21,0,40,0,6,88,0,94,0,25,109,0,134,37,0,37,171
10/05/2022,SMO,CA,AWP,WE,Towers with Radar,0,11,37,0,48,0,4,28,0,32,0,15,65,0,80,0,0,0,80
10/06/2022,SMO,CA,AWP,WE,Towers with Radar,0,15,62,0,77,0,0,1,0,1,0,15,63,0,78,0,0,0,78
10/07/2022,SMO,CA,AWP,WE,Towers with Radar,0,7,39,0,46,0,7,60,0,67,0,14,99,0,113,67,0,67,180
10/08/2022,SMO,CA,AWP,WE,Towers with Radar,0,5,21,0,26,0,2,36,0,38,0,7,57,0,64,2,0,2,66
10/09/2022,SMO,CA,AWP,WE,Towers with Radar,0,3,47,0,50,0,4,37,2,43,0,7,84,2,93,6,0,6,99
10/10/2022,SMO,CA,AWP,WE,Towers with Radar,0,8,35,0,43,0,0,58,0,58,0,8,93,0,101,93,0,93,194
10/11/2022,SMO,CA,AWP,WE,Towers with Radar,0,13,39,0,52,0,5,48,0,53,0,18,87,0,105,78,0,78,183
10/12/2022,SMO,CA,AWP,WE,Towers with Radar,0,5,14,0,19,0,5,23,10,38,0,10,37,10,57,18,0,18,75
10/13/2022,SMO,CA,AWP,WE,Towers with Radar,0,0,0,0,0,0,0,0,0,0,0,0,0,0,0,0,0,0,0
10/14/2022,SMO,CA,AWP,WE,Towers with Radar,0,5,17,0,22,0,5,9,0,14,0,10,26,0,36,9,0,9,45
10/15/2022,SMO,CA,AWP,WE,Towers with Radar,0,1,24,0,25,0,4,14,0,18,0,5,38,0,43,6,0,6,49
10/16/2022,SMO,CA,AWP,WE,Towers with Radar,0,9,23,0,32,0,4,113,0,117,0,13,136,0,149,98,0,98,247
10/17/2022,SMO,CA,AWP,WE,Towers with Radar,0,6,13,0,19,0,0,76,0,76,0,6,89,0,95,43,0,43,138
10/18/2022,SMO,CA,AWP,WE,Towers with Radar,0,5,14,0,19,0,3,101,0,104,0,8,115,0,123,84,0,84,207
10/19/2022,SMO,CA,AWP,WE,Towers with Radar,0,5,24,0,29,0,1,101,0,102,0,6,125,0,131,35,0,35,166
10/20/2022,SMO,CA,AWP,WE,Towers with Radar,0,2,26,0,28,0,2,99,0,101,0,4,125,0,129,73,0,73,202
10/21/2022,SMO,CA,AWP,WE,Towers with Radar,0,12,24,0,36,0,2,72,0,74,0,14,96,0,110,6,0,6,116
10/22/2022,SMO,CA,AWP,WE,Towers with Radar,0,7,37,0,44,0,4,53,0,57,0,11,90,0,101,86,0,86,187
10/23/2022,SMO,CA,AWP,WE,Towers with Radar,0,6,21,0,27,0,4,147,1,152,0,10,168,1,179,30,0,30,209
10/24/2022,SMO,CA,AWP,WE,Towers with Radar,0,4,17,0,21,0,0,83,0,83,0,4,100,0,104,109,0,109,213
10/25/2022,SMO,CA,AWP,WE,Towers with Radar,0,5,27,0,32,0,5,106,0,111,0,10,133,0,143,112,0,112,255
10/26/2022,SMO,CA,AWP,WE,Towers with Radar,0,11,25,0,36,0,3,103,0,106,0,14,128,0,142,65,2,67,209
10/27/2022,SMO,CA,AWP,WE,Towers with Radar,0,14,33,0,47,0,0,102,0,102,0,14,135,0,149,114,0,114,263
10/28/2022,SMO,CA,AWP,WE,Towers with Radar,0,9,16,0,25,0,0,2,0,2,0,9,18,0,27,0,0,0,27
10/29/2022,SMO,CA,AWP,WE,Towers with Radar,0,0,22,0,22,0,1,149,0,150,0,1,171,0,172,100,0,100,272
10/30/2022,SMO,CA,AWP,WE,Towers with Radar,0,1,10,0,11,0,4,133,0,137,0,5,143,0,148,43,0,43,191
10/31/2022,SMO,CA,AWP,WE,Towers with Radar,0,0,16,0,16,0,2,70,0,72,0,2,86,0,88,62,0,62,150
11/01/2022,SMO,CA,AWP,WE,Towers with Radar,0,14,51,0,65,0,4,40,0,44,0,18,91,0,109,21,1,22,131
11/02/2022,SMO,CA,AWP,WE,Towers with Radar,0,10,15,0,25,0,0,60,0,60,0,10,75,0,85,36,0,36,121
11/03/2022,SMO,CA,AWP,WE,Towers with Radar,0,5,27,0,32,0,3,61,1,65,0,8,88,1,97,52,0,52,149
11/04/2022,SMO,CA,AWP,WE,Towers with Radar,0,8,17,0,25,0,3,139,0,142,0,11,156,0,167,96,0,96,263
11/05/2022,SMO,CA,AWP,WE,Towers with Radar,0,8,35,0,43,0,2,139,0,141,0,10,174,0,184,66,0,66,250
11/06/2022,SMO,CA,AWP,WE,Towers with Radar,0,9,19,0,28,0,1,118,0,119,0,10,137,0,147,72,0,72,219
11/07/2022,SMO,CA,AWP,WE,Towers with Radar,0,2,21,0,23,0,0,5,0,5,0,2,26,0,28,0,0,0,28
11/08/2022,SMO,CA,AWP,WE,Towers with Radar,0,0,5,0,5,0,0,0,0,0,0,0,5,0,5,0,0,0,5
11/09/2022,SMO,CA,AWP,WE,Towers with Radar,0,6,20,0,26,0,0,77,0,77,0,6,97,0,103,79,0,79,182
11/10/2022,SMO,CA,AWP,WE,Towers with Radar,0,10,24,0,34,0,6,105,0,111,0,16,129,0,145,106,0,106,251
11/11/2022,SMO,CA,AWP,WE,Towers with Radar,0,11,19,0,30,0,4,131,0,135,0,15,150,0,165,107,0,107,272
11/12/2022,SMO,CA,AWP,WE,Towers with Radar,0,8,20,0,28,0,5,94,0,99,0,13,114,0,127,47,0,47,174
11/13/2022,SMO,CA,AWP,WE,Towers with Radar,0,7,22,0,29,0,3,99,0,102,0,10,121,0,131,20,0,20,151
11/14/2022,SMO,CA,AWP,WE,Towers with Radar,0,6,12,0,18,0,5,119,0,124,0,11,131,0,142,74,0,74,216
11/15/2022,SMO,CA,AWP,WE,Towers with Radar,0,5,22,0,27,0,3,107,0,110,0,8,129,0,137,35,0,35,172
11/16/2022,SMO,CA,AWP,WE,Towers with Radar,0,10,10,0,20,0,6,60,0,66,0,16,70,0,86,92,0,92,178
11/17/2022,SMO,CA,AWP,WE,Towers with Radar,0,10,16,0,26,0,0,111,2,113,0,10,127,2,139,78,0,78,217
11/18/2022,SMO,CA,AWP,WE,Towers with Radar,0,9,12,0,21,0,7,135,0,142,0,16,147,0,163,142,0,142,305
11/19/2022,SMO,CA,AWP,WE,Towers with Radar,0,6,13,0,19,0,4,55,0,59,0,10,68,0,78,72,0,72,150
11/20/2022,SMO,CA,AWP,WE,Towers with Radar,0,4,23,0,27,0,4,139,0,143,0,8,162,0,170,79,0,79,249
11/21/2022,SMO,CA,AWP,WE,Towers with Radar,0,8,14,0,22,0,5,92,0,97,0,13,106,0,119,84,0,84,203
11/22/2022,SMO,CA,AWP,WE,Towers with Radar,0,7,19,0,26,0,4,112,0,116,0,11,131,0,142,82,0,82,224
11/23/2022,SMO,CA,AWP,WE,Towers with Radar,0,5,25,0,30,0,3,106,0,109,0,8,131,0,139,118,0,118,257
11/24/2022,SMO,CA,AWP,WE,Towers with Radar,0,6,1,0,7,0,0,31,0,31,0,6,32,0,38,16,0,16,54
11/25/2022,SMO,CA,AWP,WE,Towers with Radar,0,0,13,0,13,0,0,83,0,83,0,0,96,0,96,74,0,74,170
11/26/2022,SMO,CA,AWP,WE,Towers with Radar,0,7,15,0,22,0,2,106,0,108,0,9,121,0,130,53,0,53,183
11/27/2022,SMO,CA,AWP,WE,Towers with Radar,0,4,17,0,21,0,0,2,0,2,0,4,19,0,23,0,0,0,23
11/28/2022,SMO,CA,AWP,WE,Towers with Radar,0,17,56,0,73,0,10,51,0,61,0,27,107,0,134,9,0,9,143
11/29/2022,SMO,CA,AWP,WE,Towers with Radar,0,8,18,0,26,0,3,73,0,76,0,11,91,0,102,60,0,60,162
11/30/2022,SMO,CA,AWP,WE,Towers with Radar,0,11,57,0,68,0,2,33,0,35,0,13,90,0,103,144,0,144,247
12/01/2022,SMO,CA,AWP,WE,Towers with Radar,0,8,29,0,37,0,5,13,0,18,0,13,42,0,55,115,2,117,172
12/02/2022,SMO,CA,AWP,WE,Towers with Radar,0,4,17,1,22,0,0,3,0,3,0,4,20,1,25,0,0,0,25
12/03/2022,SMO,CA,AWP,WE,Towers with Radar,0,0,13,0,13,0,3,98,0,101,0,3,111,0,114,71,0,71,185
12/04/2022,SMO,CA,AWP,WE,Towers with Radar,0,5,32,0,37,0,0,12,0,12,0,5,44,0,49,45,0,45,94
12/05/2022,SMO,CA,AWP,WE,Towers with Radar,0,9,22,0,31,0,0,68,0,68,0,9,90,0,99,25,0,25,124
12/06/2022,SMO,CA,AWP,WE,Towers with Radar,0,9,21,0,30,0,5,61,0,66,0,14,82,0,96,129,0,129,225
12/07/2022,SMO,CA,AWP,WE,Towers with Radar,0,12,33,0,45,0,6,94,0,100,0,18,127,0,145,85,0,85,230
12/08/2022,SMO,CA,AWP,WE,Towers with Radar,0,10,16,0,26,0,5,109,0,114,0,15,125,0,140,57,0,57,197
12/09/2022,SMO,CA,AWP,WE,Towers with Radar,0,11,27,0,38,0,8,124,0,132,0,19,151,0,170,68,0,68,238
12/10/2022,SMO,CA,AWP,WE,Towers with Radar,0,2,19,0,21,0,2,32,0,34,0,4,51,0,55,65,0,65,120
12/11/2022,SMO,CA,AWP,WE,Towers with Radar,0,7,5,0,12,0,0,14,0,14,0,7,19,0,26,0,0,0,26
12/12/2022,SMO,CA,AWP,WE,Towers with Radar,0,1,17,0,18,0,2,51,0,53,0,3,68,0,71,57,0,57,128
12/13/2022,SMO,CA,AWP,WE,Towers with Radar,0,3,12,0,15,0,6,123,0,129,0,9,135,0,144,70,0,70,214
12/14/2022,SMO,CA,AWP,WE,Towers with Radar,0,2,19,0,21,0,10,122,0,132,0,12,141,0,153,77,0,77,230
12/15/2022,SMO,CA,AWP,WE,Towers with Radar,0,6,13,0,19,0,0,94,0,94,0,6,107,0,113,48,4,52,165
12/16/2022,SMO,CA,AWP,WE,Towers with Radar,0,8,23,0,31,0,4,102,0,106,0,12,125,0,137,94,0,94,231
12/17/2022,SMO,CA,AWP,WE,Towers with Radar,0,9,14,0,23,0,3,98,0,101,0,12,112,0,124,55,0,55,179
12/18/2022,SMO,CA,AWP,WE,Towers with Radar,0,5,14,0,19,0,3,113,0,116,0,8,127,0,135,45,0,45,180
12/19/2022,SMO,CA,AWP,WE,Towers with Radar,0,2,22,0,24,0,0,67,0,67,0,2,89,0,91,55,0,55,146
12/20/2022,SMO,CA,AWP,WE,Towers with Radar,0,7,8,0,15,0,4,115,0,119,0,11,123,0,134,58,0,58,192
12/21/2022,SMO,CA,AWP,WE,Towers with Radar,0,9,19,0,28,0,3,122,0,125,0,12,141,0,153,52,0,52,205
12/22/2022,SMO,CA,AWP,WE,Towers with Radar,0,9,22,0,31,0,2,83,0,85,0,11,105,0,116,87,0,87,203
12/23/2022,SMO,CA,AWP,WE,Towers with Radar,0,2,14,0,16,0,1,73,0,74,0,3,87,0,90,26,0,26,116
12/24/2022,SMO,CA,AWP,WE,Towers with Radar,0,2,3,0,5,0,2,41,0,43,0,4,44,0,48,14,0,14,62
12/25/2022,SMO,CA,AWP,WE,Towers with Radar,0,5,3,0,8,0,3,15,0,18,0,8,18,0,26,2,0,2,28
12/26/2022,SMO,CA,AWP,WE,Towers with Radar,0,5,26,0,31,0,0,79,0,79,0,5,105,0,110,47,0,47,157
12/27/2022,SMO,CA,AWP,WE,Towers with Radar,0,3,13,0,16,0,0,20,0,20,0,3,33,0,36,45,0,45,81
12/28/2022,SMO,CA,AWP,WE,Towers with Radar,0,3,17,0,20,0,1,45,0,46,0,4,62,0,66,88,0,88,154
12/29/2022,SMO,CA,AWP,WE,Towers with Radar,0,9,17,0,26,0,1,12,2,15,0,10,29,2,41,17,0,17,58
12/30/2022,SMO,CA,AWP,WE,Towers with Radar,0,7,21,0,28,0,1,3,0,4,0,8,24,0,32,0,0,0,32
12/31/2022,SMO,CA,AWP,WE,Towers with Radar,0,0,8,0,8,0,0,0,0,0,0,0,8,0,8,0,0,0,8
01/01/2023,SMO,CA,AWP,WE,Towers with Radar,0,2,7,0,9,0,1,24,0,25,0,3,31,0,34,27,0,27,61
01/02/2023,SMO,CA,AWP,WE,Towers with Radar,0,0,14,0,14,0,2,44,0,46,0,2,58,0,60,77,0,77,137
01/03/2023,SMO,CA,AWP,WE,Towers with Radar,0,4,13,0,17,0,4,5,0,9,0,8,18,0,26,0,0,0,26
01/04/2023,SMO,CA,AWP,WE,Towers with Radar,0,2,7,0,9,0,0,0,0,0,0,2,7,0,9,0,0,0,9
01/05/2023,SMO,CA,AWP,WE,Towers with Radar,0,7,9,0,16,0,6,14,0,20,0,13,23,0,36,4,0,4,40
01/06/2023,SMO,CA,AWP,WE,Towers with Radar,0,11,12,0,23,0,5,126,0,131,0,16,138,0,154,93,0,93,247
01/07/2023,SMO,CA,AWP,WE,Towers with Radar,0,7,12,0,19,0,3,128,0,131,0,10,140,0,150,74,0,74,224
01/08/2023,SMO,CA,AWP,WE,Towers with Radar,0,4,22,0,26,0,3,77,0,80,0,7,99,0,106,70,0,70,176
01/09/2023,SMO,CA,AWP,WE,Towers with Radar,0,0,4,0,4,0,0,0,0,0,0,0,4,0,4,0,0,0,4
01/10/2023,SMO,CA,AWP,WE,Towers with Radar,0,5,10,0,15,0,1,7,0,8,0,6,17,0,23,9,0,9,32
01/11/2023,SMO,CA,AWP,WE,Towers with Radar,0,15,30,0,45,0,1,86,0,87,0,16,116,0,132,63,0,63,195
01/12/2023,SMO,CA,AWP,WE,Towers with Radar,0,16,19,0,35,0,10,94,0,104,0,26,113,0,139,66,0,66,205
01/13/2023,SMO,CA,AWP,WE,Towers with Radar,0,5,23,0,28,0,1,114,0,115,0,6,137,0,143,83,0,83,226
01/14/2023,SMO,CA,AWP,WE,Towers with Radar,0,1,5,0,6,0,0,0,0,0,0,1,5,0,6,2,0,2,8
01/15/2023,SMO,CA,AWP,WE,Towers with Radar,0,2,12,0,14,0,0,24,0,24,0,2,36,0,38,33,0,33,71
01/16/2023,SMO,CA,AWP,WE,Towers with Radar,0,8,16,0,24,0,4,16,0,20,0,12,32,0,44,18,0,18,62
01/17/2023,SMO,CA,AWP,WE,Towers with Radar,0,12,15,0,27,0,9,60,0,69,0,21,75,0,96,94,0,94,190
01/18/2023,SMO,CA,AWP,WE,Towers with Radar,0,9,14,0,23,0,7,99,0,106,0,16,113,0,129,72,0,72,201
01/19/2023,SMO,CA,AWP,WE,Towers with Radar,0,4,19,0,23,0,2,70,0,72,0,6,89,0,95,50,2,52,147
01/20/2023,SMO,CA,AWP,WE,Towers with Radar,0,10,12,0,22,0,2,137,0,139,0,12,149,0,161,156,0,156,317
01/21/2023,SMO,CA,AWP,WE,Towers with Radar,0,5,15,0,20,0,2,127,0,129,0,7,142,0,149,79,0,79,228
01/22/2023,SMO,CA,AWP,WE,Towers with Radar,0,8,19,0,27,0,0,112,0,112,0,8,131,0,139,56,0,56,195
01/23/2023,SMO,CA,AWP,WE,Towers with Radar,0,7,5,0,12,0,0,54,1,55,0,7,59,1,67,14,0,14,81
01/24/2023,SMO,CA,AWP,WE,Towers with Radar,0,11,11,0,22,0,5,84,0,89,0,16,95,0,111,65,0,65,176
01/25/2023,SMO,CA,AWP,WE,Towers with Radar,0,4,16,0,20,0,2,106,2,110,0,6,122,2,130,46,0,46,176
01/26/2023,SMO,CA,AWP,WE,Towers with Radar,0,7,9,0,16,0,2,49,0,51,0,9,58,0,67,84,0,84,151
01/27/2023,SMO,CA,AWP,WE,Towers with Radar,0,10,11,0,21,0,2,113,0,115,0,12,124,0,136,100,0,100,236
01/28/2023,SMO,CA,AWP,WE,Towers with Radar,0,6,19,0,25,0,0,139,0,139,0,6,158,0,164,43,0,43,207
01/29/2023,SMO,CA,AWP,WE,Towers with Radar,0,4,29,0,33,0,4,36,0,40,0,8,65,0,73,17,0,17,90
01/30/2023,SMO,CA,AWP,WE,Towers with Radar,0,1,15,0,16,0,1,25,0,26,0,2,40,0,42,28,0,28,70
01/31/2023,SMO,CA,AWP,WE,Towers with Radar,0,4,10,0,14,0,9,42,0,51,0,13,52,0,65,25,0,25,90
02/01/2023,SMO,CA,AWP,WE,Towers with Radar,0,3,17,0,20,0,0,123,0,123,0,3,140,0,143,111,0,111,254
02/02/2023,SMO,CA,AWP,WE,Towers with Radar,0,12,20,0,32,0,2,134,0,136,0,14,154,0,168,93,0,93,261
02/03/2023,SMO,CA,AWP,WE,Towers with Radar,0,9,15,0,24,0,1,132,0,133,0,10,147,0,157,100,0,100,257
02/04/2023,SMO,CA,AWP,WE,Towers with Radar,0,4,16,0,20,0,1,129,0,130,0,5,145,0,150,65,0,65,215
02/05/2023,SMO,CA,AWP,WE,Towers with Radar,0,5,21,0,26,0,2,49,0,51,0,7,70,0,77,32,0,32,109
02/06/2023,SMO,CA,AWP,WE,Towers with Radar,0,0,10,0,10,0,0,2,0,2,0,0,12,0,12,0,0,0,12
02/07/2023,SMO,CA,AWP,WE,Towers with Radar,0,8,24,0,32,0,0,91,0,91,0,8,115,0,123,63,0,63,186
02/08/2023,SMO,CA,AWP,WE,Towers with Radar,0,8,5,0,13,0,7,94,0,101,0,15,99,0,114,86,0,86,200
02/09/2023,SMO,CA,AWP,WE,Towers with Radar,0,6,22,0,28,0,4,81,0,85,0,10,103,0,113,42,0,42,155
02/10/2023,SMO,CA,AWP,WE,Towers with Radar,0,8,12,0,20,0,3,101,0,104,0,11,113,0,124,82,0,82,206
02/11/2023,SMO,CA,AWP,WE,Towers with Radar,0,5,26,0,31,0,0,67,0,67,0,5,93,0,98,22,0,22,120
02/12/2023,SMO,CA,AWP,WE,Towers with Radar,0,18,23,0,41,0,8,75,0,83,0,26,98,0,124,40,0,40,164
02/13/2023,SMO,CA,AWP,WE,Towers with Radar,0,9,22,0,31,0,3,71,0,74,0,12,93,0,105,39,0,39,144
02/14/2023,SMO,CA,AWP,WE,Towers with Radar,0,6,14,0,20,0,3,37,0,40,0,9,51,0,60,79,0,79,139
02/15/2023,SMO,CA,AWP,WE,Towers with Radar,0,5,11,0,16,0,8,62,0,70,0,13,73,0,86,32,0,32,118
02/16/2023,SMO,CA,AWP,WE,Towers with Radar,0,13,35,0,48,0,2,114,0,116,0,15,149,0,164,84,0,84,248
02/17/2023,SMO,CA,AWP,WE,Towers with Radar,0,14,16,0,30,0,6,124,0,130,0,20,140,0,160,80,0,80,240
02/18/2023,SMO,CA,AWP,WE,Towers with Radar,0,2,23,0,25,0,0,118,0,118,0,2,141,0,143,58,0,58,201
02/19/2023,SMO,CA,AWP,WE,Towers with Radar,0,1,12,0,13,0,2,105,0,107,0,3,117,0,120,26,0,26,146
02/20/2023,SMO,CA,AWP,WE,Towers with Radar,0,8,18,0,26,0,4,92,0,96,0,12,110,0,122,93,0,93,215
02/21/2023,SMO,CA,AWP,WE,Towers with Radar,0,6,31,0,37,0,2,38,0,40,0,8,69,0,77,30,0,30,107
02/22/2023,SMO,CA,AWP,WE,Towers with Radar,0,3,10,0,13,0,3,17,0,20,0,6,27,0,33,0,0,0,33
02/23/2023,SMO,CA,AWP,WE,Towers with Radar,0,0,9,0,9,0,0,12,0,12,0,0,21,0,21,5,0,5,26
02/24/2023,SMO,CA,AWP,WE,Towers with Radar,0,0,4,0,4,0,0,0,0,0,0,0,4,0,4,0,0,0,4
02/25/2023,SMO,CA,AWP,WE,Towers with Radar,0,1,4,0,5,0,0,0,0,0,0,1,4,0,5,0,0,0,5
02/26/2023,SMO,CA,AWP,WE,Towers with Radar,0,4,12,0,16,0,0,94,0,94,0,4,106,0,110,125,0,125,235
02/27/2023,SMO,CA,AWP,WE,Towers with Radar,0,1,16,0,17,0,0,14,0,14,0,1,30,0,31,4,0,4,35
02/28/2023,SMO,CA,AWP,WE,Towers with Radar,0,4,13,0,17,0,2,22,1,25,0,6,35,1,42,31,0,31,73
03/01/2023,SMO,CA,AWP,WE,Towers with Radar,0,3,11,0,14,0,0,7,0,7,0,3,18,0,21,0,0,0,21
03/02/2023,SMO,CA,AWP,WE,Towers with Radar,0,6,17,0,23,0,1,159,0,160,0,7,176,0,183,71,0,71,254
03/03/2023,SMO,CA,AWP,WE,Towers with Radar,0,12,15,0,27,0,6,155,0,161,0,18,170,0,188,157,0,157,345
03/04/2023,SMO,CA,AWP,WE,Towers with Radar,0,4,27,2,33,0,2,62,0,64,0,6,89,2,97,67,0,67,164
03/05/2023,SMO,CA,AWP,WE,Towers with Radar,0,3,20,0,23,0,0,25,0,25,0,3,45,0,48,56,0,56,104
03/06/2023,SMO,CA,AWP,WE,Towers with Radar,0,6,19,0,25,0,1,77,0,78,0,7,96,0,103,53,0,53,156
03/07/2023,SMO,CA,AWP,WE,Towers with Radar,0,9,10,0,19,0,0,105,0,105,0,9,115,0,124,43,0,43,167
03/08/2023,SMO,CA,AWP,WE,Towers with Radar,0,10,18,0,28,0,6,69,0,75,0,16,87,0,103,65,0,65,168
03/09/2023,SMO,CA,AWP,WE,Towers with Radar,0,16,29,0,45,0,16,132,0,148,0,32,161,0,193,107,0,107,300
03/10/2023,SMO,CA,AWP,WE,Towers with Radar,0,2,10,0,12,0,0,0,0,0,0,2,10,0,12,0,0,0,12
03/11/2023,SMO,CA,AWP,WE,Towers with Radar,0,0,14,0,14,0,0,0,0,0,0,0,14,0,14,0,0,0,14
03/12/2023,SMO,CA,AWP,WE,Towers with Radar,0,4,28,0,32,0,0,1,0,1,0,4,29,0,33,0,0,0,33
03/13/2023,SMO,CA,AWP,WE,Towers with Radar,0,8,31,0,39,0,1,7,0,8,0,9,38,0,47,4,0,4,51
03/14/2023,SMO,CA,AWP,WE,Towers with Radar,0,0,5,0,5,0,0,0,0,0,0,0,5,0,5,0,0,0,5
03/15/2023,SMO,CA,AWP,WE,Towers with Radar,0,6,18,0,24,0,0,8,0,8,0,6,26,0,32,6,0,6,38
03/16/2023,SMO,CA,AWP,WE,Towers with Radar,0,11,43,1,55,0,2,59,0,61,0,13,102,1,116,139,0,139,255
03/17/2023,SMO,CA,AWP,WE,Towers with Radar,0,11,11,2,24,0,2,114,4,120,0,13,125,6,144,79,0,79,223
03/18/2023,SMO,CA,AWP,WE,Towers with Radar,0,5,18,0,23,0,4,146,0,150,0,9,164,0,173,46,0,46,219
03/19/2023,SMO,CA,AWP,WE,Towers with Radar,0,10,40,0,50,0,7,54,0,61,0,17,94,0,111,26,0,26,137
03/20/2023,SMO,CA,AWP,WE,Towers with Radar,0,4,34,0,38,0,4,14,0,18,0,8,48,0,56,10,0,10,66
03/21/2023,SMO,CA,AWP,WE,Towers with Radar,0,0,3,0,3,0,0,0,0,0,0,0,3,0,3,0,0,0,3
03/22/2023,SMO,CA,AWP,WE,Towers with Radar,0,1,9,0,10,0,0,6,0,6,0,1,15,0,16,0,0,0,16
03/23/2023,SMO,CA,AWP,WE,Towers with Radar,0,7,25,0,32,0,4,65,0,69,0,11,90,0,101,58,0,58,159
03/24/2023,SMO,CA,AWP,WE,Towers with Radar,0,7,22,0,29,0,1,80,0,81,0,8,102,0,110,71,0,71,181
03/25/2023,SMO,CA,AWP,WE,Towers with Radar,0,4,22,0,26,0,5,165,0,170,0,9,187,0,196,82,0,82,278
03/26/2023,SMO,CA,AWP,WE,Towers with Radar,0,12,26,0,38,0,10,70,0,80,0,22,96,0,118,20,0,20,138
03/27/2023,SMO,CA,AWP,WE,Towers with Radar,0,5,16,0,21,0,2,118,2,122,0,7,134,2,143,46,0,46,189
03/28/2023,SMO,CA,AWP,WE,Towers with Radar,0,4,10,1,15,0,3,126,0,129,0,7,136,1,144,139,0,139,283
03/29/2023,SMO,CA,AWP,WE,Towers with Radar,0,6,22,0,28,0,0,21,0,21,0,6,43,0,49,48,0,48,97
03/30/2023,SMO,CA,AWP,WE,Towers with Radar,0,4,20,0,24,0,0,55,0,55,0,4,75,0,79,44,0,44,123
03/31/2023,SMO,CA,AWP,WE,Towers with Radar,0,14,12,0,26,0,0,118,0,118,0,14,130,0,144,96,0,96,240
04/01/2023,SMO,CA,AWP,WE,Towers with Radar,0,4,16,0,20,0,1,160,0,161,0,5,176,0,181,98,0,98,279
04/02/2023,SMO,CA,AWP,WE,Towers with Radar,0,8,12,0,20,0,5,86,0,91,0,13,98,0,111,12,0,12,123
04/03/2023,SMO,CA,AWP,WE,Towers with Radar,0,6,10,0,16,0,4,23,0,27,0,10,33,0,43,60,0,60,103
04/04/2023,SMO,CA,AWP,WE,Towers with Radar,0,1,20,0,21,0,8,68,0,76,0,9,88,0,97,40,0,40,137
04/05/2023,SMO,CA,AWP,WE,Towers with Radar,0,8,15,0,23,0,0,127,0,127,0,8,142,0,150,92,0,92,242
04/06/2023,SMO,CA,AWP,WE,Towers with Radar,0,11,22,0,33,0,1,108,4,113,0,12,130,4,146,146,0,146,292
04/07/2023,SMO,CA,AWP,WE,Towers with Radar,0,5,12,0,17,0,1,149,0,150,0,6,161,0,167,100,0,100,267
04/08/2023,SMO,CA,AWP,WE,Towers with Radar,0,4,27,0,31,0,1,113,0,114,0,5,140,0,145,60,0,60,205
04/09/2023,SMO,CA,AWP,WE,Towers with Radar,0,12,15,0,27,0,1,63,0,64,0,13,78,0,91,6,0,6,97
04/10/2023,SMO,CA,AWP,WE,Towers with Radar,0,10,27,0,37,0,4,20,0,24,0,14,47,0,61,5,0,5,66
04/11/2023,SMO,CA,AWP,WE,Towers with Radar,0,6,18,0,24,0,0,6,0,6,0,6,24,0,30,2,0,2,32
04/12/2023,SMO,CA,AWP,WE,Towers with Radar,0,6,60,0,66,0,0,10,0,10,0,6,70,0,76,49,0,49,125
04/13/2023,SMO,CA,AWP,WE,Towers with Radar,0,52,91,0,143,0,29,66,1,96,0,81,157,1,239,57,0,57,296
04/14/2023,SMO,CA,AWP,WE,Towers with Radar,0,25,26,0,51,0,1,116,0,117,0,26,142,0,168,162,0,162,330
04/15/2023,SMO,CA,AWP,WE,Towers with Radar,0,16,17,0,33,0,0,164,0,164,0,16,181,0,197,84,0,84,281
04/16/2023,SMO,CA,AWP,WE,Towers with Radar,0,12,56,0,68,0,2,47,0,49,0,14,103,0,117,0,0,0,117
04/17/2023,SMO,CA,AWP,WE,Towers with Radar,0,18,38,0,56,0,4,33,0,37,0,22,71,0,93,66,0,66,159
04/18/2023,SMO,CA,AWP,WE,Towers with Radar,0,10,27,0,37,0,0,84,0,84,0,10,111,0,121,106,0,106,227
04/19/2023,SMO,CA,AWP,WE,Towers with Radar,0,11,19,0,30,0,1,102,0,103,0,12,121,0,133,71,0,71,204
04/20/2023,SMO,CA,AWP,WE,Towers with Radar,0,18,9,0,27,0,3,157,0,160,0,21,166,0,187,158,0,158,345
04/21/2023,SMO,CA,AWP,WE,Towers with Radar,0,21,12,0,33,0,10,174,0,184,0,31,186,0,217,152,0,152,369
04/22/2023,SMO,CA,AWP,WE,Towers with Radar,0,12,26,0,38,0,2,120,0,122,0,14,146,0,160,125,0,125,285
04/23/2023,SMO,CA,AWP,WE,Towers with Radar,0,15,41,0,56,0,1,49,0,50,0,16,90,0,106,17,0,17,123
04/24/2023,SMO,CA,AWP,WE,Towers with Radar,0,16,29,0,45,0,2,23,0,25,0,18,52,0,70,39,0,39,109
04/25/2023,SMO,CA,AWP,WE,Towers with Radar,0,8,25,0,33,0,1,70,0,71,0,9,95,0,104,166,0,166,270
04/26/2023,SMO,CA,AWP,WE,Towers with Radar,0,10,45,0,55,0,1,55,0,56,0,11,100,0,111,0,0,0,111
04/27/2023,SMO,CA,AWP,WE,Towers with Radar,0,11,37,0,48,0,1,8,0,9,0,12,45,0,57,0,0,0,57
04/28/2023,SMO,CA,AWP,WE,Towers with Radar,0,19,67,0,86,0,0,2,0,2,0,19,69,0,88,0,0,0,88
04/29/2023,SMO,CA,AWP,WE,Towers with Radar,0,5,50,1,56,0,0,1,2,3,0,5,51,3,59,0,0,0,59
04/30/2023,SMO,CA,AWP,WE,Towers with Radar,0,14,42,1,57,0,0,0,0,0,0,14,42,1,57,2,0,2,59
05/01/2023,SMO,CA,AWP,WE,Towers with Radar,0,8,21,0,29,0,1,70,0,71,0,9,91,0,100,85,0,85,185
05/02/2023,SMO,CA,AWP,WE,Towers with Radar,0,14,25,0,39,0,3,70,0,73,0,17,95,0,112,71,0,71,183
05/03/2023,SMO,CA,AWP,WE,Towers with Radar,0,10,26,0,36,0,5,82,0,87,0,15,108,0,123,148,0,148,271
05/04/2023,SMO,CA,AWP,WE,Towers with Radar,0,5,23,0,28,0,1,34,0,35,0,6,57,0,63,175,0,175,238
05/05/2023,SMO,CA,AWP,WE,Towers with Radar,0,13,27,0,40,0,3,115,0,118,0,16,142,0,158,122,0,122,280
05/06/2023,SMO,CA,AWP,WE,Towers with Radar,0,5,20,0,25,0,18,117,0,135,0,23,137,0,160,106,0,106,266
05/07/2023,SMO,CA,AWP,WE,Towers with Radar,0,12,25,0,37,0,5,132,0,137,0,17,157,0,174,44,0,44,218
05/08/2023,SMO,CA,AWP,WE,Towers with Radar,0,10,9,0,19,0,2,111,0,113,0,12,120,0,132,49,0,49,181
05/09/2023,SMO,CA,AWP,WE,Towers with Radar,0,7,56,0,63,0,2,38,0,40,0,9,94,0,103,134,0,134,237
05/10/2023,SMO,CA,AWP,WE,Towers with Radar,0,7,28,0,35,0,0,105,0,105,0,7,133,0,140,157,0,157,297
05/11/2023,SMO,CA,AWP,WE,Towers with Radar,0,13,27,0,40,0,2,111,0,113,0,15,138,0,153,112,0,112,265
05/12/2023,SMO,CA,AWP,WE,Towers with Radar,0,21,23,0,44,0,0,97,0,97,0,21,120,0,141,38,0,38,179
05/13/2023,SMO,CA,AWP,WE,Towers with Radar,0,8,32,0,40,0,0,42,0,42,0,8,74,0,82,4,0,4,86
05/14/2023,SMO,CA,AWP,WE,Towers with Radar,0,14,34,0,48,0,0,52,0,52,0,14,86,0,100,0,0,0,100
05/15/2023,SMO,CA,AWP,WE,Towers with Radar,0,13,33,0,46,0,0,18,0,18,0,13,51,0,64,2,0,2,66
05/16/2023,SMO,CA,AWP,WE,Towers with Radar,0,13,54,0,67,0,2,9,0,11,0,15,63,0,78,0,0,0,78
05/17/2023,SMO,CA,AWP,WE,Towers with Radar,0,5,58,0,63,0,0,3,0,3,0,5,61,0,66,0,0,0,66
05/18/2023,SMO,CA,AWP,WE,Towers with Radar,0,6,36,0,42,0,3,38,0,41,0,9,74,0,83,35,0,35,118
05/19/2023,SMO,CA,AWP,WE,Towers with Radar,0,9,51,0,60,0,0,20,0,20,0,9,71,0,80,0,0,0,80
05/20/2023,SMO,CA,AWP,WE,Towers with Radar,0,3,37,0,40,0,0,13,0,13,0,3,50,0,53,11,0,11,64
05/21/2023,SMO,CA,AWP,WE,Towers with Radar,0,15,48,1,64,0,5,28,0,33,0,20,76,1,97,2,0,2,99
05/22/2023,SMO,CA,AWP,WE,Towers with Radar,0,11,37,0,48,0,0,3,0,3,0,11,40,0,51,0,0,0,51
05/23/2023,SMO,CA,AWP,WE,Towers with Radar,0,13,44,0,57,0,0,2,0,2,0,13,46,0,59,0,0,0,59
05/24/2023,SMO,CA,AWP,WE,Towers with Radar,0,12,40,0,52,0,1,38,0,39,0,13,78,0,91,98,0,98,189
05/25/2023,SMO,CA,AWP,WE,Towers with Radar,0,20,51,0,71,0,0,54,0,54,0,20,105,0,125,112,0,112,237
05/26/2023,SMO,CA,AWP,WE,Towers with Radar,0,15,35,0,50,0,0,90,0,90,0,15,125,0,140,126,0,126,266
05/27/2023,SMO,CA,AWP,WE,Towers with Radar,0,12,25,0,37,0,4,103,0,107,0,16,128,0,144,92,0,92,236
05/28/2023,SMO,CA,AWP,WE,Towers with Radar,0,8,37,0,45,0,5,21,0,26,0,13,58,0,71,22,0,22,93
05/29/2023,SMO,CA,AWP,WE,Towers with Radar,0,14,26,0,40,0,1,98,0,99,0,15,124,0,139,116,0,116,255
05/30/2023,SMO,CA,AWP,WE,Towers with Radar,0,14,33,0,47,0,1,62,0,63,0,15,95,0,110,68,0,68,178
05/31/2023,SMO,CA,AWP,WE,Towers with Radar,0,11,43,0,54,0,2,82,0,84,0,13,125,0,138,140,0,140,278
06/01/2023,SMO,CA,AWP,WE,Towers with Radar,0,11,47,0,58,0,2,29,0,31,0,13,76,0,89,152,0,152,241
06/02/2023,SMO,CA,AWP,WE,Towers with Radar,0,8,19,0,27,0,2,116,0,118,0,10,135,0,145,101,0,101,246
06/03/2023,SMO,CA,AWP,WE,Towers with Radar,0,4,14,0,18,0,1,95,0,96,0,5,109,0,114,110,0,110,224
06/04/2023,SMO,CA,AWP,WE,Towers with Radar,0,7,47,0,54,0,0,12,0,12,0,7,59,0,66,9,0,9,75
06/05/2023,SMO,CA,AWP,WE,Towers with Radar,0,4,32,0,36,0,2,10,2,14,0,6,42,2,50,2,0,2,52
06/06/2023,SMO,CA,AWP,WE,Towers with Radar,0,9,30,0,39,0,2,57,0,59,0,11,87,0,98,37,0,37,135
06/07/2023,SMO,CA,AWP,WE,Towers with Radar,0,12,38,0,50,0,2,63,0,65,0,14,101,0,115,96,0,96,211
06/08/2023,SMO,CA,AWP,WE,Towers with Radar,0,12,27,0,39,0,1,128,0,129,0,13,155,0,168,123,0,123,291
06/09/2023,SMO,CA,AWP,WE,Towers with Radar,0,5,68,0,73,0,0,21,0,21,0,5,89,0,94,212,0,212,306
06/10/2023,SMO,CA,AWP,WE,Towers with Radar,0,6,39,0,45,0,0,19,0,19,0,6,58,0,64,40,0,40,104
06/11/2023,SMO,CA,AWP,WE,Towers with Radar,0,7,29,0,36,0,6,69,0,75,0,13,98,0,111,164,0,164,275
06/12/2023,SMO,CA,AWP,WE,Towers with Radar,0,10,24,0,34,0,1,101,0,102,0,11,125,0,136,153,0,153,289
06/13/2023,SMO,CA,AWP,WE,Towers with Radar,0,19,30,0,49,0,0,89,0,89,0,19,119,0,138,104,0,104,242
06/14/2023,SMO,CA,AWP,WE,Towers with Radar,0,13,54,0,67,0,0,8,0,8,0,13,62,0,75,2,0,2,77
06/15/2023,SMO,CA,AWP,WE,Towers with Radar,0,21,46,0,67,0,0,26,0,26,0,21,72,0,93,37,0,37,130
06/16/2023,SMO,CA,AWP,WE,Towers with Radar,0,20,50,2,72,0,6,84,1,91,0,26,134,3,163,126,0,126,289
06/17/2023,SMO,CA,AWP,WE,Towers with Radar,0,12,26,0,38,0,0,88,0,88,0,12,114,0,126,35,0,35,161
06/18/2023,SMO,CA,AWP,WE,Towers with Radar,0,6,36,0,42,0,0,16,0,16,0,6,52,0,58,1,0,1,59
06/19/2023,SMO,CA,AWP,WE,Towers with Radar,0,6,48,0,54,0,0,42,0,42,0,6,90,0,96,45,0,45,141
06/20/2023,SMO,CA,AWP,WE,Towers with Radar,0,7,11,1,19,0,0,111,1,112,0,7,122,2,131,118,0,118,249
06/21/2023,SMO,CA,AWP,WE,Towers with Radar,0,8,20,0,28,0,2,106,0,108,0,10,126,0,136,70,0,70,206
06/22/2023,SMO,CA,AWP,WE,Towers with Radar,0,14,27,0,41,0,1,74,0,75,0,15,101,0,116,73,0,73,189
06/23/2023,SMO,CA,AWP,WE,Towers with Radar,0,4,22,0,26,0,1,132,0,133,0,5,154,0,159,70,0,70,229
06/24/2023,SMO,CA,AWP,WE,Towers with Radar,0,10,14,0,24,0,0,90,0,90,0,10,104,0,114,20,0,20,134
06/25/2023,SMO,CA,AWP,WE,Towers with Radar,0,7,22,0,29,0,0,108,0,108,0,7,130,0,137,29,0,29,166
06/26/2023,SMO,CA,AWP,WE,Towers with Radar,0,11,19,0,30,0,0,94,0,94,0,11,113,0,124,20,10,30,154
06/27/2023,SMO,CA,AWP,WE,Towers with Radar,0,6,19,0,25,0,3,119,0,122,0,9,138,0,147,89,0,89,236
06/28/2023,SMO,CA,AWP,WE,Towers with Radar,0,8,32,1,41,0,1,66,1,68,0,9,98,2,109,85,0,85,194
06/29/2023,SMO,CA,AWP,WE,Towers with Radar,0,13,18,0,31,0,0,71,1,72,0,13,89,1,103,11,0,11,114
06/30/2023,SMO,CA,AWP,WE,Towers with Radar,0,6,39,0,45,0,3,67,0,70,0,9,106,0,115,28,0,28,143
07/01/2023,SMO,CA,AWP,WE,Towers with Radar,0,7,32,0,39,0,3,25,0,28,0,10,57,0,67,2,0,2,69
07/02/2023,SMO,CA,AWP,WE,Towers with Radar,0,8,30,0,38,0,2,22,0,24,0,10,52,0,62,0,0,0,62
07/03/2023,SMO,CA,AWP,WE,Towers with Radar,0,5,28,0,33,0,2,24,0,26,0,7,52,0,59,0,0,0,59
07/04/2023,SMO,CA,AWP,WE,Towers with Radar,0,1,15,0,16,0,0,55,0,55,0,1,70,0,71,24,0,24,95
07/05/2023,SMO,CA,AWP,WE,Towers with Radar,0,2,15,0,17,0,3,77,0,80,0,5,92,0,97,96,0,96,193
07/06/2023,SMO,CA,AWP,WE,Towers with Radar,0,4,16,0,20,0,0,87,0,87,0,4,103,0,107,86,0,86,193
07/07/2023,SMO,CA,AWP,WE,Towers with Radar,0,3,18,0,21,0,1,90,0,91,0,4,108,0,112,105,0,105,217
07/08/2023,SMO,CA,AWP,WE,Towers with Radar,0,0,13,0,13,0,0,108,0,108,0,0,121,0,121,49,0,49,170
07/09/2023,SMO,CA,AWP,WE,Towers with Radar,0,3,29,0,32,0,0,69,0,69,0,3,98,0,101,60,0,60,161
07/10/2023,SMO,CA,AWP,WE,Towers with Radar,0,6,22,0,28,0,2,92,0,94,0,8,114,0,122,109,0,109,231
07/11/2023,SMO,CA,AWP,WE,Towers with Radar,0,11,18,0,29,0,1,65,0,66,0,12,83,0,95,36,0,36,131
07/12/2023,SMO,CA,AWP,WE,Towers with Radar,0,13,13,0,26,0,1,109,0,110,0,14,122,0,136,50,0,50,186
07/13/2023,SMO,CA,AWP,WE,Towers with Radar,0,14,13,0,27,0,2,82,0,84,0,16,95,0,111,108,0,108,219
07/14/2023,SMO,CA,AWP,WE,Towers with Radar,0,6,10,0,16,0,5,110,0,115,0,11,120,0,131,56,0,56,187
07/15/2023,SMO,CA,AWP,WE,Towers with Radar,0,8,10,0,18,0,1,71,0,72,0,9,81,0,90,35,0,35,125
07/16/2023,SMO,CA,AWP,WE,Towers with Radar,0,12,13,0,25,0,0,76,0,76,0,12,89,0,101,22,0,22,123
07/17/2023,SMO,CA,AWP,WE,Towers with Radar,0,3,16,0,19,0,2,45,2,49,0,5,61,2,68,36,0,36,104
07/18/2023,SMO,CA,AWP,WE,Towers with Radar,0,10,8,0,18,0,7,80,0,87,0,17,88,0,105,99,0,99,204
07/19/2023,SMO,CA,AWP,WE,Towers with Radar,0,4,15,0,19,2,0,88,1,91,2,4,103,1,110,111,0,111,221
07/20/2023,SMO,CA,AWP,WE,Towers with Radar,0,4,13,0,17,0,3,92,0,95,0,7,105,0,112,76,0,76,188
07/21/2023,SMO,CA,AWP,WE,Towers with Radar,0,2,16,0,18,0,0,85,0,85,0,2,101,0,103,10,0,10,113
07/22/2023,SMO,CA,AWP,WE,Towers with Radar,0,5,23,0,28,0,4,78,0,82,0,9,101,0,110,22,0,22,132
07/23/2023,SMO,CA,AWP,WE,Towers with Radar,0,11,16,1,28,0,3,80,0,83,0,14,96,1,111,27,0,27,138
07/24/2023,SMO,CA,AWP,WE,Towers with Radar,0,7,8,0,15,0,1,80,0,81,0,8,88,0,96,38,0,38,134
07/25/2023,SMO,CA,AWP,WE,Towers with Radar,0,4,9,2,15,0,1,62,0,63,0,5,71,2,78,94,0,94,172
07/26/2023,SMO,CA,AWP,WE,Towers with Radar,0,9,9,0,18,0,0,83,0,83,0,9,92,0,101,196,0,196,297
07/27/2023,SMO,CA,AWP,WE,Towers with Radar,0,8,8,0,16,0,0,172,3,175,0,8,180,3,191,73,1,74,265
07/28/2023,SMO,CA,AWP,WE,Towers with Radar,0,6,31,0,37,0,0,74,0,74,0,6,105,0,111,54,0,54,165
07/29/2023,SMO,CA,AWP,WE,Towers with Radar,0,11,13,0,24,0,2,105,0,107,0,13,118,0,131,78,0,78,209
07/30/2023,SMO,CA,AWP,WE,Towers with Radar,0,7,11,0,18,0,3,79,0,82,0,10,90,0,100,88,0,88,188
07/31/2023,SMO,CA,AWP,WE,Towers with Radar,0,4,20,0,24,0,2,42,2,46,0,6,62,2,70,119,0,119,189
08/01/2023,SMO,CA,AWP,WE,Towers with Radar,0,9,9,0,18,0,0,86,0,86,0,9,95,0,104,85,0,85,189
08/02/2023,SMO,CA,AWP,WE,Towers with Radar,0,10,13,0,23,0,1,105,0,106,0,11,118,0,129,76,0,76,205
08/03/2023,SMO,CA,AWP,WE,Towers with Radar,0,7,13,0,20,0,0,80,0,80,0,7,93,0,100,134,0,134,234
08/04/2023,SMO,CA,AWP,WE,Towers with Radar,0,17,13,0,30,0,1,104,0,105,0,18,117,0,135,68,0,68,203
08/05/2023,SMO,CA,AWP,WE,Towers with Radar,0,12,16,0,28,0,0,80,0,80,0,12,96,0,108,63,0,63,171
08/06/2023,SMO,CA,AWP,WE,Towers with Radar,0,16,19,0,35,0,2,105,0,107,0,18,124,0,142,27,0,27,169
08/07/2023,SMO,CA,AWP,WE,Towers with Radar,0,8,22,0,30,0,1,69,0,70,0,9,91,0,100,56,0,56,156
08/08/2023,SMO,CA,AWP,WE,Towers with Radar,0,15,12,0,27,0,0,92,4,96,0,15,104,4,123,35,0,35,158
08/09/2023,SMO,CA,AWP,WE,Towers with Radar,0,7,22,0,29,0,0,63,0,63,0,7,85,0,92,20,0,20,112
08/10/2023,SMO,CA,AWP,WE,Towers with Radar,0,4,25,0,29,0,0,62,0,62,0,4,87,0,91,62,0,62,153
08/11/2023,SMO,CA,AWP,WE,Towers with Radar,0,12,26,0,38,0,0,67,0,67,0,12,93,0,105,79,0,79,184
08/12/2023,SMO,CA,AWP,WE,Towers with Radar,0,6,10,0,16,0,1,87,0,88,0,7,97,0,104,26,0,26,130
08/13/2023,SMO,CA,AWP,WE,Towers with Radar,0,13,33,1,47,0,0,84,0,84,0,13,117,1,131,16,0,16,147
08/14/2023,SMO,CA,AWP,WE,Towers with Radar,0,12,36,0,48,0,0,31,0,31,0,12,67,0,79,0,0,0,79
08/15/2023,SMO,CA,AWP,WE,Towers with Radar,0,5,31,0,36,0,3,52,0,55,0,8,83,0,91,20,0,20,111
08/16/2023,SMO,CA,AWP,WE,Towers with Radar,0,8,30,0,38,0,1,93,0,94,0,9,123,0,132,62,0,62,194
08/17/2023,SMO,CA,AWP,WE,Towers with Radar,0,9,34,0,43,0,1,65,0,66,0,10,99,0,109,10,0,10,119
08/18/2023,SMO,CA,AWP,WE,Towers with Radar,0,4,26,0,30,0,5,105,0,110,0,9,131,0,140,100,0,100,240
08/19/2023,SMO,CA,AWP,WE,Towers with Radar,0,3,21,0,24,0,6,124,0,130,0,9,145,0,154,113,0,113,267
08/20/2023,SMO,CA,AWP,WE,Towers with Radar,0,3,2,0,5,0,0,2,0,2,0,3,4,0,7,0,0,0,7
08/21/2023,SMO,CA,AWP,WE,Towers with Radar,0,5,7,0,12,0,0,48,0,48,0,5,55,0,60,102,0,102,162
08/22/2023,SMO,CA,AWP,WE,Towers with Radar,0,6,17,0,23,1,0,83,0,84,1,6,100,0,107,77,0,77,184
08/23/2023,SMO,CA,AWP,WE,Towers with Radar,0,14,18,0,32,0,3,115,0,118,0,17,133,0,150,78,0,78,228
08/24/2023,SMO,CA,AWP,WE,Towers with Radar,0,14,35,0,49,0,1,53,0,54,0,15,88,0,103,33,0,33,136
08/25/2023,SMO,CA,AWP,WE,Towers with Radar,0,11,25,0,36,0,4,95,2,101,0,15,120,2,137,58,0,58,195
08/26/2023,SMO,CA,AWP,WE,Towers with Radar,0,6,12,0,18,0,2,112,2,116,0,8,124,2,134,59,0,59,193
08/27/2023,SMO,CA,AWP,WE,Towers with Radar,0,19,12,0,31,0,3,120,0,123,0,22,132,0,154,102,0,102,256
08/28/2023,SMO,CA,AWP,WE,Towers with Radar,0,7,8,0,15,0,12,77,0,89,0,19,85,0,104,60,0,60,164
08/29/2023,SMO,CA,AWP,WE,Towers with Radar,0,12,12,0,24,0,0,78,0,78,0,12,90,0,102,104,0,104,206
08/30/2023,SMO,CA,AWP,WE,Towers with Radar,0,5,15,0,20,0,1,104,0,105,0,6,119,0,125,51,0,51,176
08/31/2023,SMO,CA,AWP,WE,Towers with Radar,0,4,17,0,21,0,0,72,0,72,0,4,89,0,93,22,0,22,115
