01/01/2020,SMX,CA,AWP,WE,Federal Contract Tower,2,1,6,0,9,0,13,47,0,60,2,14,53,0,69,12,0,12,81
01/02/2020,SMX,CA,AWP,WE,Federal Contract Tower,0,11,7,0,18,0,5,44,0,49,0,16,51,0,67,26,0,26,93
01/03/2020,SMX,CA,AWP,WE,Federal Contract Tower,2,9,9,0,20,0,6,41,0,47,2,15,50,0,67,50,0,50,117
01/04/2020,SMX,CA,AWP,WE,Federal Contract Tower,0,4,16,0,20,0,7,41,0,48,0,11,57,0,68,40,0,40,108
01/05/2020,SMX,CA,AWP,WE,Federal Contract Tower,2,1,8,0,11,0,3,18,2,23,2,4,26,2,34,4,2,6,40
01/06/2020,SMX,CA,AWP,WE,Federal Contract Tower,2,9,7,0,18,0,14,24,2,40,2,23,31,2,58,50,12,62,120
01/07/2020,SMX,CA,AWP,WE,Federal Contract Tower,0,10,6,2,18,0,16,51,0,67,0,26,57,2,85,92,2,94,179
01/08/2020,SMX,CA,AWP,WE,Federal Contract Tower,0,13,5,0,18,0,15,40,0,55,0,28,45,0,73,36,0,36,109
01/09/2020,SMX,CA,AWP,WE,Federal Contract Tower,0,12,12,2,26,0,3,9,0,12,0,15,21,2,38,14,0,14,52
01/10/2020,SMX,CA,AWP,WE,Federal Contract Tower,2,8,4,0,14,0,12,48,0,60,2,20,52,0,74,56,0,56,130
01/11/2020,SMX,CA,AWP,WE,Federal Contract Tower,0,4,3,0,7,0,5,33,0,38,0,9,36,0,45,56,0,56,101
01/12/2020,SMX,CA,AWP,WE,Federal Contract Tower,2,0,10,2,14,0,5,61,0,66,2,5,71,2,80,28,0,28,108
01/13/2020,SMX,CA,AWP,WE,Federal Contract Tower,2,4,11,3,20,0,12,38,1,51,2,16,49,4,71,44,2,46,117
01/14/2020,SMX,CA,AWP,WE,Federal Contract Tower,0,9,14,2,25,0,5,45,1,51,0,14,59,3,76,36,2,38,114
01/15/2020,SMX,CA,AWP,WE,Federal Contract Tower,2,11,7,1,21,0,17,63,2,82,2,28,70,3,103,50,0,50,153
01/16/2020,SMX,CA,AWP,WE,Federal Contract Tower,0,12,1,2,15,0,5,2,0,7,0,17,3,2,22,2,0,2,24
01/17/2020,SMX,CA,AWP,WE,Federal Contract Tower,2,8,7,4,21,0,17,23,1,41,2,25,30,5,62,26,10,36,98
01/18/2020,SMX,CA,AWP,WE,Federal Contract Tower,0,3,10,0,13,0,3,43,0,46,0,6,53,0,59,34,0,34,93
01/19/2020,SMX,CA,AWP,WE,Federal Contract Tower,2,1,7,0,10,0,4,45,0,49,2,5,52,0,59,38,0,38,97
01/20/2020,SMX,CA,AWP,WE,Federal Contract Tower,2,5,12,0,19,0,12,25,0,37,2,17,37,0,56,14,0,14,70
01/21/2020,SMX,CA,AWP,WE,Federal Contract Tower,0,9,13,0,22,0,9,33,0,42,0,18,46,0,64,30,4,34,98
01/22/2020,SMX,CA,AWP,WE,Federal Contract Tower,0,11,12,0,23,0,11,31,0,42,0,22,43,0,65,28,0,28,93
01/23/2020,SMX,CA,AWP,WE,Federal Contract Tower,1,10,12,3,26,0,7,59,4,70,1,17,71,7,96,30,0,30,126
01/24/2020,SMX,CA,AWP,WE,Federal Contract Tower,0,4,16,0,20,0,7,41,0,48,0,11,57,0,68,40,0,40,108
01/25/2020,SMX,CA,AWP,WE,Federal Contract Tower,0,2,4,0,6,0,16,44,0,60,0,18,48,0,66,44,0,44,110
01/26/2020,SMX,CA,AWP,WE,Federal Contract Tower,2,1,15,2,20,0,4,8,0,12,2,5,23,2,32,4,0,4,36
01/27/2020,SMX,CA,AWP,WE,Federal Contract Tower,4,6,8,1,19,0,17,27,1,45,4,23,35,2,64,26,0,26,90
01/28/2020,SMX,CA,AWP,WE,Federal Contract Tower,0,9,9,4,22,0,9,29,7,45,0,18,38,11,67,16,8,24,91
01/29/2020,SMX,CA,AWP,WE,Federal Contract Tower,2,11,8,0,21,0,10,35,4,49,2,21,43,4,70,52,0,52,122
01/30/2020,SMX,CA,AWP,WE,Federal Contract Tower,0,12,8,2,22,0,7,28,6,41,0,19,36,8,63,6,0,6,69
01/31/2020,SMX,CA,AWP,WE,Federal Contract Tower,2,9,6,2,19,0,11,54,2,67,2,20,60,4,86,16,0,16,102
02/01/2020,SMX,CA,AWP,WE,Federal Contract Tower,0,1,13,6,20,0,4,83,0,87,0,5,96,6,107,62,6,68,175
02/02/2020,SMX,CA,AWP,WE,Federal Contract Tower,2,4,10,2,18,0,0,10,0,10,2,4,20,2,28,6,0,6,34
02/03/2020,SMX,CA,AWP,WE,Federal Contract Tower,2,6,3,4,15,0,15,17,5,37,2,21,20,9,52,2,14,16,68
02/04/2020,SMX,CA,AWP,WE,Federal Contract Tower,0,12,9,11,32,0,9,25,3,37,0,21,34,14,69,38,14,52,121
02/05/2020,SMX,CA,AWP,WE,Federal Contract Tower,2,11,12,6,31,0,18,30,11,59,2,29,42,17,90,28,18,46,136
02/06/2020,SMX,CA,AWP,WE,Federal Contract Tower,0,11,12,12,35,0,6,30,13,49,0,17,42,25,84,44,28,72,156
02/07/2020,SMX,CA,AWP,WE,Federal Contract Tower,2,12,14,0,28,0,17,43,6,66,2,29,57,6,94,44,2,46,140
02/08/2020,SMX,CA,AWP,WE,Federal Contract Tower,0,3,3,0,6,0,6,37,0,43,0,9,40,0,49,26,0,26,75
02/09/2020,SMX,CA,AWP,WE,Federal Contract Tower,2,3,1,0,6,0,8,29,0,37,2,11,30,0,43,34,0,34,77
02/10/2020,SMX,CA,AWP,WE,Federal Contract Tower,2,8,11,0,21,0,6,32,8,46,2,14,43,8,67,64,8,72,139
02/11/2020,SMX,CA,AWP,WE,Federal Contract Tower,0,8,9,3,20,0,15,36,6,57,0,23,45,9,77,36,14,50,127
02/12/2020,SMX,CA,AWP,WE,Federal Contract Tower,2,8,15,2,27,0,16,33,4,53,2,24,48,6,80,46,4,50,130
02/13/2020,SMX,CA,AWP,WE,Federal Contract Tower,0,15,8,8,31,0,7,33,4,44,0,22,41,12,75,30,22,52,127
02/14/2020,SMX,CA,AWP,WE,Federal Contract Tower,4,14,15,4,37,0,13,31,0,44,4,27,46,4,81,24,2,26,107
02/15/2020,SMX,CA,AWP,WE,Federal Contract Tower,0,3,16,0,19,0,8,42,0,50,0,11,58,0,69,60,0,60,129
02/16/2020,SMX,CA,AWP,WE,Federal Contract Tower,2,0,8,0,10,0,3,43,0,46,2,3,51,0,56,32,0,32,88
02/17/2020,SMX,CA,AWP,WE,Federal Contract Tower,0,8,5,0,13,0,12,42,0,54,0,20,47,0,67,38,0,38,105
02/18/2020,SMX,CA,AWP,WE,Federal Contract Tower,0,12,12,1,25,0,10,38,17,65,0,22,50,18,90,26,8,34,124
02/19/2020,SMX,CA,AWP,WE,Federal Contract Tower,2,19,6,4,31,0,9,51,16,76,2,28,57,20,107,56,0,56,163
02/20/2020,SMX,CA,AWP,WE,Federal Contract Tower,0,11,9,6,26,0,7,51,19,77,0,18,60,25,103,32,12,44,147
02/21/2020,SMX,CA,AWP,WE,Federal Contract Tower,2,10,12,4,28,0,7,48,6,61,2,17,60,10,89,32,0,32,121
02/22/2020,SMX,CA,AWP,WE,Federal Contract Tower,2,5,8,2,17,0,4,23,0,27,2,9,31,2,44,34,4,38,82
02/23/2020,SMX,CA,AWP,WE,Federal Contract Tower,2,0,4,0,6,0,5,30,0,35,2,5,34,0,41,62,0,62,103
02/24/2020,SMX,CA,AWP,WE,Federal Contract Tower,0,11,4,0,15,0,12,39,16,67,0,23,43,16,82,32,0,32,114
02/25/2020,SMX,CA,AWP,WE,Federal Contract Tower,0,12,9,2,23,0,11,40,12,63,0,23,49,14,86,58,4,62,148
02/26/2020,SMX,CA,AWP,WE,Federal Contract Tower,4,13,6,2,25,0,16,26,14,56,4,29,32,16,81,50,8,58,139
02/27/2020,SMX,CA,AWP,WE,Federal Contract Tower,0,10,8,0,18,0,5,51,16,72,0,15,59,16,90,16,8,24,114
02/29/2020,SMX,CA,AWP,WE,Federal Contract Tower,0,6,8,0,14,0,1,20,0,21,0,7,28,0,35,12,0,12,47
03/01/2020,SMX,CA,AWP,WE,Federal Contract Tower,2,1,4,0,7,0,10,14,0,24,2,11,18,0,31,26,0,26,57
03/02/2020,SMX,CA,AWP,WE,Federal Contract Tower,0,7,5,4,16,0,15,29,17,61,0,22,34,21,77,16,14,30,107
03/03/2020,SMX,CA,AWP,WE,Federal Contract Tower,0,9,6,7,22,0,7,36,10,53,0,16,42,17,75,14,6,20,95
03/04/2020,SMX,CA,AWP,WE,Federal Contract Tower,2,12,10,4,28,0,11,49,16,76,2,23,59,20,104,32,16,48,152
03/05/2020,SMX,CA,AWP,WE,Federal Contract Tower,0,15,6,0,21,0,5,29,14,48,0,20,35,14,69,5,8,13,82
03/06/2020,SMX,CA,AWP,WE,Federal Contract Tower,2,10,21,6,39,0,4,40,8,52,2,14,61,14,91,26,0,26,117
03/07/2020,SMX,CA,AWP,WE,Federal Contract Tower,0,3,19,0,22,0,2,7,0,9,0,5,26,0,31,14,0,14,45
03/08/2020,SMX,CA,AWP,WE,Federal Contract Tower,2,0,11,0,13,0,3,37,0,40,2,3,48,0,53,18,0,18,71
03/09/2020,SMX,CA,AWP,WE,Federal Contract Tower,0,7,12,3,22,0,7,14,6,27,0,14,26,9,49,38,2,40,89
03/10/2020,SMX,CA,AWP,WE,Federal Contract Tower,0,12,3,0,15,0,7,4,0,11,0,19,7,0,26,0,0,0,26
03/11/2020,SMX,CA,AWP,WE,Federal Contract Tower,2,12,18,1,33,0,10,14,0,24,2,22,32,1,57,20,0,20,77
03/12/2020,SMX,CA,AWP,WE,Federal Contract Tower,0,10,8,2,20,0,7,31,2,40,0,17,39,4,60,12,6,18,78
03/13/2020,SMX,CA,AWP,WE,Federal Contract Tower,2,11,7,4,24,0,4,11,1,16,2,15,18,5,40,4,0,4,44
03/14/2020,SMX,CA,AWP,WE,Federal Contract Tower,0,3,0,2,5,0,2,17,1,20,0,5,17,3,25,20,2,22,47
03/15/2020,SMX,CA,AWP,WE,Federal Contract Tower,2,0,1,0,3,0,1,8,0,9,2,1,9,0,12,0,0,0,12
03/16/2020,SMX,CA,AWP,WE,Federal Contract Tower,0,7,10,0,17,0,5,1,0,6,0,12,11,0,23,6,0,6,29
03/17/2020,SMX,CA,AWP,WE,Federal Contract Tower,0,4,8,2,14,0,2,16,0,18,0,6,24,2,32,32,4,36,68
03/18/2020,SMX,CA,AWP,WE,Federal Contract Tower,2,13,9,1,25,0,15,40,2,57,2,28,49,3,82,32,0,32,114
03/19/2020,SMX,CA,AWP,WE,Federal Contract Tower,0,10,11,0,21,0,6,22,0,28,0,16,33,0,49,36,0,36,85
03/20/2020,SMX,CA,AWP,WE,Federal Contract Tower,0,10,1,0,11,0,7,27,0,34,0,17,28,0,45,6,0,6,51
03/21/2020,SMX,CA,AWP,WE,Federal Contract Tower,0,7,6,0,13,0,9,34,0,43,0,16,40,0,56,26,0,26,82
03/22/2020,SMX,CA,AWP,WE,Federal Contract Tower,0,0,3,0,3,0,0,15,0,15,0,0,18,0,18,6,0,6,24
03/23/2020,SMX,CA,AWP,WE,Federal Contract Tower,0,6,4,0,10,0,4,4,0,8,0,10,8,0,18,0,0,0,18
03/24/2020,SMX,CA,AWP,WE,Federal Contract Tower,0,11,2,0,13,0,3,1,0,4,0,14,3,0,17,0,0,0,17
03/25/2020,SMX,CA,AWP,WE,Federal Contract Tower,0,20,0,2,22,0,11,12,0,23,0,31,12,2,45,18,2,20,65
03/26/2020,SMX,CA,AWP,WE,Federal Contract Tower,0,10,7,0,17,0,3,17,0,20,0,13,24,0,37,14,0,14,51
03/27/2020,SMX,CA,AWP,WE,Federal Contract Tower,0,8,2,6,16,0,3,52,0,55,0,11,54,6,71,18,26,44,115
03/28/2020,SMX,CA,AWP,WE,Federal Contract Tower,0,3,10,2,15,0,1,47,0,48,0,4,57,2,63,38,4,42,105
03/29/2020,SMX,CA,AWP,WE,Federal Contract Tower,0,0,3,2,5,0,4,35,0,39,0,4,38,2,44,14,12,26,70
03/30/2020,SMX,CA,AWP,WE,Federal Contract Tower,0,7,2,0,9,0,2,31,0,33,0,9,33,0,42,10,0,10,52
03/31/2020,SMX,CA,AWP,WE,Federal Contract Tower,0,10,0,3,13,0,2,26,0,28,0,12,26,3,41,4,2,6,47
04/01/2020,SMX,CA,AWP,WE,Federal Contract Tower,0,10,5,3,18,0,17,16,0,33,0,27,21,3,51,10,16,26,77
04/02/2020,SMX,CA,AWP,WE,Federal Contract Tower,0,10,3,0,13,0,2,32,0,34,0,12,35,0,47,2,0,2,49
04/03/2020,SMX,CA,AWP,WE,Federal Contract Tower,0,11,6,0,17,0,5,37,0,42,0,16,43,0,59,18,0,18,77
04/04/2020,SMX,CA,AWP,WE,Federal Contract Tower,0,6,6,2,14,0,6,35,0,41,0,12,41,2,55,34,4,38,93
04/05/2020,SMX,CA,AWP,WE,Federal Contract Tower,0,2,2,0,4,0,0,4,0,4,0,2,6,0,8,0,0,0,8
04/06/2020,SMX,CA,AWP,WE,Federal Contract Tower,0,7,1,0,8,0,0,4,0,4,0,7,5,0,12,2,0,2,14
04/07/2020,SMX,CA,AWP,WE,Federal Contract Tower,0,10,1,0,11,0,4,19,0,23,0,14,20,0,34,12,2,14,48
04/08/2020,SMX,CA,AWP,WE,Federal Contract Tower,0,10,2,0,12,0,10,18,0,28,0,20,20,0,40,8,2,10,50
04/09/2020,SMX,CA,AWP,WE,Federal Contract Tower,0,12,2,0,14,0,2,0,0,2,0,14,2,0,16,0,2,2,18
04/10/2020,SMX,CA,AWP,WE,Federal Contract Tower,0,9,2,0,11,0,5,46,0,51,0,14,48,0,62,16,0,16,78
04/11/2020,SMX,CA,AWP,WE,Federal Contract Tower,0,6,8,0,14,0,0,49,0,49,0,6,57,0,63,42,2,44,107
04/12/2020,SMX,CA,AWP,WE,Federal Contract Tower,0,0,10,0,10,0,0,8,0,8,0,0,18,0,18,0,2,2,20
04/13/2020,SMX,CA,AWP,WE,Federal Contract Tower,0,7,9,0,16,0,0,0,0,0,0,7,9,0,16,0,2,2,18
04/14/2020,SMX,CA,AWP,WE,Federal Contract Tower,0,12,14,0,26,0,5,44,0,49,0,17,58,0,75,32,0,32,107
04/15/2020,SMX,CA,AWP,WE,Federal Contract Tower,0,11,6,0,17,0,13,60,0,73,0,24,66,0,90,38,2,40,130
04/16/2020,SMX,CA,AWP,WE,Federal Contract Tower,0,17,11,0,28,0,3,29,0,32,0,20,40,0,60,18,0,18,78
04/17/2020,SMX,CA,AWP,WE,Federal Contract Tower,0,8,9,4,21,0,0,7,0,7,0,8,16,4,28,12,4,16,44
04/18/2020,SMX,CA,AWP,WE,Federal Contract Tower,0,8,7,0,15,0,6,15,0,21,0,14,22,0,36,24,0,24,60
04/19/2020,SMX,CA,AWP,WE,Federal Contract Tower,0,1,14,0,15,0,6,36,0,42,0,7,50,0,57,42,0,42,99
04/20/2020,SMX,CA,AWP,WE,Federal Contract Tower,0,7,8,0,15,0,0,5,0,5,0,7,13,0,20,0,14,14,34
04/21/2020,SMX,CA,AWP,WE,Federal Contract Tower,0,10,2,1,13,0,0,42,0,42,0,10,44,1,55,8,2,10,65
04/22/2020,SMX,CA,AWP,WE,Federal Contract Tower,0,12,1,0,13,0,13,43,0,56,0,25,44,0,69,32,0,32,101
04/23/2020,SMX,CA,AWP,WE,Federal Contract Tower,0,11,6,0,17,0,5,48,0,53,0,16,54,0,70,74,0,74,144
04/24/2020,SMX,CA,AWP,WE,Federal Contract Tower,0,11,5,0,16,0,5,44,0,49,0,16,49,0,65,28,0,28,93
04/25/2020,SMX,CA,AWP,WE,Federal Contract Tower,0,4,12,1,17,0,1,86,0,87,0,5,98,1,104,34,2,36,140
04/26/2020,SMX,CA,AWP,WE,Federal Contract Tower,0,0,1,0,1,0,1,50,0,51,0,1,51,0,52,40,0,40,92
04/27/2020,SMX,CA,AWP,WE,Federal Contract Tower,0,8,6,1,15,0,2,18,0,20,0,10,24,1,35,12,4,16,51
04/28/2020,SMX,CA,AWP,WE,Federal Contract Tower,0,11,9,0,20,0,12,34,0,46,0,23,43,0,66,60,0,60,126
04/29/2020,SMX,CA,AWP,WE,Federal Contract Tower,0,19,1,0,20,0,10,28,0,38,0,29,29,0,58,90,0,90,148
04/30/2020,SMX,CA,AWP,WE,Federal Contract Tower,0,11,12,0,23,0,4,21,0,25,0,15,33,0,48,58,0,58,106
05/01/2020,SMX,CA,AWP,WE,Federal Contract Tower,0,9,8,0,17,0,7,27,0,34,0,16,35,0,51,26,0,26,77
05/02/2020,SMX,CA,AWP,WE,Federal Contract Tower,0,4,10,0,14,0,0,43,0,43,0,4,53,0,57,6,0,6,63
05/03/2020,SMX,CA,AWP,WE,Federal Contract Tower,0,0,4,0,4,0,5,22,0,27,0,5,26,0,31,28,0,28,59
05/04/2020,SMX,CA,AWP,WE,Federal Contract Tower,0,6,11,0,17,0,4,31,0,35,0,10,42,0,52,20,0,20,72
05/05/2020,SMX,CA,AWP,WE,Federal Contract Tower,0,11,12,2,25,0,7,36,0,43,0,18,48,2,68,24,6,30,98
05/06/2020,SMX,CA,AWP,WE,Federal Contract Tower,0,12,4,0,16,0,10,25,0,35,0,22,29,0,51,8,0,8,59
05/07/2020,SMX,CA,AWP,WE,Federal Contract Tower,0,9,4,0,13,0,4,43,0,47,0,13,47,0,60,8,0,8,68
05/08/2020,SMX,CA,AWP,WE,Federal Contract Tower,0,13,9,0,22,0,6,48,0,54,0,19,57,0,76,40,4,44,120
05/09/2020,SMX,CA,AWP,WE,Federal Contract Tower,0,4,17,0,21,0,1,34,0,35,0,5,51,0,56,18,0,18,74
05/10/2020,SMX,CA,AWP,WE,Federal Contract Tower,2,1,10,0,13,0,4,10,0,14,2,5,20,0,27,2,0,2,29
05/11/2020,SMX,CA,AWP,WE,Federal Contract Tower,0,6,11,0,17,0,4,28,0,32,0,10,39,0,49,22,0,22,71
05/12/2020,SMX,CA,AWP,WE,Federal Contract Tower,0,10,10,0,20,0,2,31,0,33,0,12,41,0,53,16,0,16,69
05/13/2020,SMX,CA,AWP,WE,Federal Contract Tower,0,14,1,0,15,0,12,33,0,45,0,26,34,0,60,20,0,20,80
05/14/2020,SMX,CA,AWP,WE,Federal Contract Tower,0,9,2,0,11,0,4,29,0,33,0,13,31,0,44,8,0,8,52
05/15/2020,SMX,CA,AWP,WE,Federal Contract Tower,2,11,9,0,22,0,5,30,0,35,2,16,39,0,57,16,0,16,73
05/16/2020,SMX,CA,AWP,WE,Federal Contract Tower,0,2,7,0,9,0,12,30,0,42,0,14,37,0,51,32,0,32,83
05/17/2020,SMX,CA,AWP,WE,Federal Contract Tower,2,0,4,0,6,0,0,30,0,30,2,0,34,0,36,18,0,18,54
05/18/2020,SMX,CA,AWP,WE,Federal Contract Tower,0,9,4,0,13,0,4,11,0,15,0,13,15,0,28,30,0,30,58
05/19/2020,SMX,CA,AWP,WE,Federal Contract Tower,0,15,11,0,26,0,5,41,0,46,0,20,52,0,72,42,0,42,114
05/20/2020,SMX,CA,AWP,WE,Federal Contract Tower,0,10,8,4,22,0,2,35,0,37,0,12,43,4,59,18,2,20,79
05/21/2020,SMX,CA,AWP,WE,Federal Contract Tower,0,12,6,0,18,0,1,30,1,32,0,13,36,1,50,20,4,24,74
05/22/2020,SMX,CA,AWP,WE,Federal Contract Tower,2,1,9,0,12,0,0,33,0,33,2,1,42,0,45,32,0,32,77
05/23/2020,SMX,CA,AWP,WE,Federal Contract Tower,0,3,7,0,10,0,4,45,0,49,0,7,52,0,59,46,0,46,105
05/24/2020,SMX,CA,AWP,WE,Federal Contract Tower,2,1,6,0,9,0,8,46,0,54,2,9,52,0,63,20,0,20,83
05/25/2020,SMX,CA,AWP,WE,Federal Contract Tower,0,0,6,0,6,0,1,51,0,52,0,1,57,0,58,76,0,76,134
05/26/2020,SMX,CA,AWP,WE,Federal Contract Tower,0,6,4,0,10,0,0,27,0,27,0,6,31,0,37,72,0,72,109
05/27/2020,SMX,CA,AWP,WE,Federal Contract Tower,0,14,10,0,24,0,9,40,0,49,0,23,50,0,73,56,12,68,141
05/28/2020,SMX,CA,AWP,WE,Federal Contract Tower,0,15,7,0,22,0,9,33,0,42,0,24,40,0,64,40,0,40,104
05/29/2020,SMX,CA,AWP,WE,Federal Contract Tower,2,12,19,0,33,0,2,8,0,10,2,14,27,0,43,16,0,16,59
05/30/2020,SMX,CA,AWP,WE,Federal Contract Tower,0,3,16,0,19,0,3,17,0,20,0,6,33,0,39,16,0,16,55
05/31/2020,SMX,CA,AWP,WE,Federal Contract Tower,2,0,14,0,16,0,6,34,0,40,2,6,48,0,56,52,0,52,108
06/01/2020,SMX,CA,AWP,WE,Federal Contract Tower,0,7,9,0,16,0,5,21,0,26,0,12,30,0,42,56,0,56,98
06/02/2020,SMX,CA,AWP,WE,Federal Contract Tower,0,16,12,0,28,0,3,30,0,33,0,19,42,0,61,26,0,26,87
06/03/2020,SMX,CA,AWP,WE,Federal Contract Tower,0,9,9,1,19,0,5,37,0,42,0,14,46,1,61,32,2,34,95
06/04/2020,SMX,CA,AWP,WE,Federal Contract Tower,0,8,9,1,18,0,7,47,0,54,0,15,56,1,72,22,0,22,94
06/05/2020,SMX,CA,AWP,WE,Federal Contract Tower,2,13,27,0,42,0,4,8,0,12,2,17,35,0,54,26,0,26,80
06/06/2020,SMX,CA,AWP,WE,Federal Contract Tower,0,2,16,0,18,0,5,50,0,55,0,7,66,0,73,36,0,36,109
06/07/2020,SMX,CA,AWP,WE,Federal Contract Tower,2,1,3,0,6,0,2,30,0,32,2,3,33,0,38,0,0,0,38
06/08/2020,SMX,CA,AWP,WE,Federal Contract Tower,0,5,8,0,13,0,4,46,7,57,0,9,54,7,70,58,0,58,128
06/09/2020,SMX,CA,AWP,WE,Federal Contract Tower,0,8,5,1,14,0,11,36,0,47,0,19,41,1,61,46,2,48,109
06/10/2020,SMX,CA,AWP,WE,Federal Contract Tower,0,13,5,0,18,0,15,120,0,135,0,28,125,0,153,110,0,110,263
06/11/2020,SMX,CA,AWP,WE,Federal Contract Tower,0,13,2,0,15,0,8,57,0,65,0,21,59,0,80,22,0,22,102
06/12/2020,SMX,CA,AWP,WE,Federal Contract Tower,2,15,26,1,44,0,6,47,0,53,2,21,73,1,97,54,0,54,151
06/13/2020,SMX,CA,AWP,WE,Federal Contract Tower,0,6,12,1,19,0,9,51,0,60,0,15,63,1,79,30,0,30,109
06/14/2020,SMX,CA,AWP,WE,Federal Contract Tower,2,0,16,0,18,0,2,97,0,99,2,2,113,0,117,2,0,2,119
06/15/2020,SMX,CA,AWP,WE,Federal Contract Tower,0,7,6,0,13,0,7,115,0,122,0,14,121,0,135,4,0,4,139
06/16/2020,SMX,CA,AWP,WE,Federal Contract Tower,0,9,13,2,24,0,6,39,0,45,0,15,52,2,69,48,6,54,123
06/17/2020,SMX,CA,AWP,WE,Federal Contract Tower,0,14,13,0,27,0,6,60,0,66,0,20,73,0,93,52,0,52,145
06/18/2020,SMX,CA,AWP,WE,Federal Contract Tower,0,12,13,1,26,0,11,44,0,55,0,23,57,1,81,48,0,48,129
06/19/2020,SMX,CA,AWP,WE,Federal Contract Tower,2,13,15,0,30,0,3,16,0,19,2,16,31,0,49,18,0,18,67
06/20/2020,SMX,CA,AWP,WE,Federal Contract Tower,0,3,21,0,24,0,2,18,0,20,0,5,39,0,44,20,0,20,64
06/21/2020,SMX,CA,AWP,WE,Federal Contract Tower,2,3,14,0,19,0,1,32,0,33,2,4,46,0,52,26,0,26,78
06/22/2020,SMX,CA,AWP,WE,Federal Contract Tower,0,12,17,1,30,0,2,34,0,36,0,14,51,1,66,22,2,24,90
06/23/2020,SMX,CA,AWP,WE,Federal Contract Tower,0,11,16,2,29,0,5,35,1,41,0,16,51,3,70,76,6,82,152
06/24/2020,SMX,CA,AWP,WE,Federal Contract Tower,0,18,20,1,39,0,6,34,1,41,0,24,54,2,80,60,10,70,150
06/25/2020,SMX,CA,AWP,WE,Federal Contract Tower,2,13,18,2,35,0,8,39,2,49,2,21,57,4,84,54,20,74,158
06/26/2020,SMX,CA,AWP,WE,Federal Contract Tower,2,13,11,0,26,0,6,32,0,38,2,19,43,0,64,72,0,72,136
06/27/2020,SMX,CA,AWP,WE,Federal Contract Tower,0,5,8,0,13,0,3,40,0,43,0,8,48,0,56,50,0,50,106
06/28/2020,SMX,CA,AWP,WE,Federal Contract Tower,4,1,12,0,17,0,1,5,0,6,4,2,17,0,23,0,0,0,23
06/29/2020,SMX,CA,AWP,WE,Federal Contract Tower,0,9,5,0,14,0,6,37,0,43,0,15,42,0,57,40,0,40,97
06/30/2020,SMX,CA,AWP,WE,Federal Contract Tower,0,12,13,1,26,0,12,45,1,58,0,24,58,2,84,20,0,20,104
07/01/2020,SMX,CA,AWP,WE,Federal Contract Tower,2,16,17,2,37,0,2,21,1,24,2,18,38,3,61,60,2,62,123
07/02/2020,SMX,CA,AWP,WE,Federal Contract Tower,0,16,24,0,40,0,2,25,0,27,0,18,49,0,67,18,0,18,85
07/03/2020,SMX,CA,AWP,WE,Federal Contract Tower,0,12,11,0,23,0,8,65,0,73,0,20,76,0,96,12,0,12,108
07/04/2020,SMX,CA,AWP,WE,Federal Contract Tower,2,0,5,0,7,0,1,39,0,40,2,1,44,0,47,14,0,14,61
07/05/2020,SMX,CA,AWP,WE,Federal Contract Tower,2,1,4,0,7,0,4,43,0,47,2,5,47,0,54,46,0,46,100
07/06/2020,SMX,CA,AWP,WE,Federal Contract Tower,0,8,10,1,19,0,9,43,0,52,0,17,53,1,71,44,8,52,123
07/07/2020,SMX,CA,AWP,WE,Federal Contract Tower,0,12,7,0,19,0,7,38,0,45,0,19,45,0,64,38,0,38,102
07/08/2020,SMX,CA,AWP,WE,Federal Contract Tower,2,18,15,4,39,0,17,29,0,46,2,35,44,4,85,34,4,38,123
07/09/2020,SMX,CA,AWP,WE,Federal Contract Tower,0,12,19,0,31,0,14,62,0,76,0,26,81,0,107,44,0,44,151
07/10/2020,SMX,CA,AWP,WE,Federal Contract Tower,2,9,3,4,18,0,6,39,1,46,2,15,42,5,64,12,18,30,94
07/11/2020,SMX,CA,AWP,WE,Federal Contract Tower,0,2,8,0,10,0,3,48,0,51,0,5,56,0,61,16,0,16,77
07/12/2020,SMX,CA,AWP,WE,Federal Contract Tower,2,2,12,0,16,0,8,66,0,74,2,10,78,0,90,28,0,28,118
07/13/2020,SMX,CA,AWP,WE,Federal Contract Tower,0,6,9,1,16,0,2,22,1,25,0,8,31,2,41,0,26,26,67
07/16/2020,SMX,CA,AWP,WE,Federal Contract Tower,0,16,11,0,27,0,5,29,4,38,0,21,40,4,65,10,0,10,75
07/17/2020,SMX,CA,AWP,WE,Federal Contract Tower,2,10,11,0,23,0,6,36,0,42,2,16,47,0,65,28,0,28,93
07/18/2020,SMX,CA,AWP,WE,Federal Contract Tower,0,3,8,0,11,0,2,49,0,51,0,5,57,0,62,44,0,44,106
07/19/2020,SMX,CA,AWP,WE,Federal Contract Tower,2,2,18,0,22,0,0,27,0,27,2,2,45,0,49,22,0,22,71
07/20/2020,SMX,CA,AWP,WE,Federal Contract Tower,0,10,16,2,28,0,1,32,2,35,0,11,48,4,63,20,8,28,91
07/21/2020,SMX,CA,AWP,WE,Federal Contract Tower,0,15,22,2,39,0,1,29,1,31,0,16,51,3,70,8,24,32,102
07/22/2020,SMX,CA,AWP,WE,Federal Contract Tower,2,21,18,0,41,0,7,56,0,63,2,28,74,0,104,24,0,24,128
07/23/2020,SMX,CA,AWP,WE,Federal Contract Tower,0,14,22,0,36,0,1,35,0,36,0,15,57,0,72,48,0,48,120
07/24/2020,SMX,CA,AWP,WE,Federal Contract Tower,2,11,17,2,32,0,4,36,4,44,2,15,53,6,76,56,8,64,140
07/25/2020,SMX,CA,AWP,WE,Federal Contract Tower,2,6,15,0,23,0,9,41,0,50,2,15,56,0,73,28,0,28,101
07/26/2020,SMX,CA,AWP,WE,Federal Contract Tower,2,7,15,0,24,0,0,58,0,58,2,7,73,0,82,28,0,28,110
07/27/2020,SMX,CA,AWP,WE,Federal Contract Tower,1,10,17,0,28,0,6,42,0,48,1,16,59,0,76,28,0,28,104
07/28/2020,SMX,CA,AWP,WE,Federal Contract Tower,2,16,11,2,31,0,4,33,0,37,2,20,44,2,68,38,4,42,110
07/29/2020,SMX,CA,AWP,WE,Federal Contract Tower,2,13,21,0,36,0,3,39,3,45,2,16,60,3,81,22,0,22,103
07/30/2020,SMX,CA,AWP,WE,Federal Contract Tower,0,13,28,3,44,0,7,36,1,44,0,20,64,4,88,16,14,30,118
07/31/2020,SMX,CA,AWP,WE,Federal Contract Tower,2,11,22,1,36,0,3,45,2,50,2,14,67,3,86,12,8,20,106
08/01/2020,SMX,CA,AWP,WE,Federal Contract Tower,0,4,9,0,13,0,13,60,1,74,0,17,69,1,87,110,0,110,197
08/02/2020,SMX,CA,AWP,WE,Federal Contract Tower,2,0,13,1,16,0,10,39,0,49,2,10,52,1,65,34,4,38,103
08/03/2020,SMX,CA,AWP,WE,Federal Contract Tower,0,5,11,0,16,0,10,28,0,38,0,15,39,0,54,18,0,18,72
08/05/2020,SMX,CA,AWP,WE,Federal Contract Tower,2,22,16,0,40,0,11,38,8,57,2,33,54,8,97,28,0,28,125
08/06/2020,SMX,CA,AWP,WE,Federal Contract Tower,0,14,22,0,36,0,4,16,0,20,0,18,38,0,56,4,0,4,60
08/07/2020,SMX,CA,AWP,WE,Federal Contract Tower,2,11,15,2,30,0,3,48,0,51,2,14,63,2,81,36,4,40,121
08/08/2020,SMX,CA,AWP,WE,Federal Contract Tower,0,5,11,1,17,0,3,46,0,49,0,8,57,1,66,52,8,60,126
08/09/2020,SMX,CA,AWP,WE,Federal Contract Tower,2,2,19,0,23,0,3,51,0,54,2,5,70,0,77,70,0,70,147
08/10/2020,SMX,CA,AWP,WE,Federal Contract Tower,0,5,8,0,13,0,7,37,0,44,0,12,45,0,57,44,12,56,113
08/11/2020,SMX,CA,AWP,WE,Federal Contract Tower,0,16,10,0,26,0,1,13,0,14,0,17,23,0,40,2,0,2,42
08/12/2020,SMX,CA,AWP,WE,Federal Contract Tower,2,11,12,0,25,0,6,57,0,63,2,17,69,0,88,32,0,32,120
08/13/2020,SMX,CA,AWP,WE,Federal Contract Tower,0,10,16,0,26,0,8,33,0,41,0,18,49,0,67,42,0,42,109
08/14/2020,SMX,CA,AWP,WE,Federal Contract Tower,2,8,5,0,15,0,11,60,4,75,2,19,65,4,90,64,0,64,154
08/15/2020,SMX,CA,AWP,WE,Federal Contract Tower,0,3,3,0,6,0,6,44,0,50,0,9,47,0,56,4,0,4,60
08/16/2020,SMX,CA,AWP,WE,Federal Contract Tower,2,3,5,0,10,0,3,73,0,76,2,6,78,0,86,60,0,60,146
08/17/2020,SMX,CA,AWP,WE,Federal Contract Tower,0,6,3,2,11,0,8,57,0,65,0,14,60,2,76,12,0,12,88
08/18/2020,SMX,CA,AWP,WE,Federal Contract Tower,0,10,10,0,20,0,20,56,0,76,0,30,66,0,96,84,0,84,180
08/19/2020,SMX,CA,AWP,WE,Federal Contract Tower,2,16,13,0,31,0,12,22,0,34,2,28,35,0,65,8,0,8,73
08/20/2020,SMX,CA,AWP,WE,Federal Contract Tower,2,13,31,1,47,0,0,0,0,0,2,13,31,1,47,0,0,0,47
08/21/2020,SMX,CA,AWP,WE,Federal Contract Tower,0,17,11,0,28,0,0,7,0,7,0,17,18,0,35,4,0,4,39
08/22/2020,SMX,CA,AWP,WE,Federal Contract Tower,0,4,8,0,12,0,7,21,0,28,0,11,29,0,40,8,0,8,48
08/23/2020,SMX,CA,AWP,WE,Federal Contract Tower,4,0,9,0,13,0,8,39,0,47,4,8,48,0,60,24,0,24,84
08/24/2020,SMX,CA,AWP,WE,Federal Contract Tower,0,7,15,4,26,0,2,51,0,53,0,9,66,4,79,42,8,50,129
08/25/2020,SMX,CA,AWP,WE,Federal Contract Tower,0,15,16,2,33,0,2,14,0,16,0,17,30,2,49,10,4,14,63
08/26/2020,SMX,CA,AWP,WE,Federal Contract Tower,2,20,12,0,34,0,7,35,0,42,2,27,47,0,76,38,0,38,114
08/27/2020,SMX,CA,AWP,WE,Federal Contract Tower,0,16,15,3,34,0,4,36,0,40,0,20,51,3,74,62,0,62,136
08/28/2020,SMX,CA,AWP,WE,Federal Contract Tower,0,15,20,0,35,0,7,42,0,49,0,22,62,0,84,24,0,24,108
08/29/2020,SMX,CA,AWP,WE,Federal Contract Tower,0,4,24,0,28,0,4,39,0,43,0,8,63,0,71,26,0,26,97
08/30/2020,SMX,CA,AWP,WE,Federal Contract Tower,0,3,11,2,16,0,1,37,0,38,0,4,48,2,54,28,18,46,100
08/31/2020,SMX,CA,AWP,WE,Federal Contract Tower,0,12,12,2,26,0,2,36,0,38,0,14,48,2,64,6,0,6,70
09/01/2020,SMX,CA,AWP,WE,Federal Contract Tower,0,15,31,0,46,0,4,31,0,35,0,19,62,0,81,48,2,50,131
09/02/2020,SMX,CA,AWP,WE,Federal Contract Tower,0,21,21,3,45,0,4,35,0,39,0,25,56,3,84,10,2,12,96
09/03/2020,SMX,CA,AWP,WE,Federal Contract Tower,2,15,22,0,39,0,1,31,0,32,2,16,53,0,71,34,0,34,105
09/04/2020,SMX,CA,AWP,WE,Federal Contract Tower,0,15,19,0,34,0,8,54,0,62,0,23,73,0,96,48,0,48,144
09/05/2020,SMX,CA,AWP,WE,Federal Contract Tower,0,8,11,0,19,0,5,64,0,69,0,13,75,0,88,68,0,68,156
09/06/2020,SMX,CA,AWP,WE,Federal Contract Tower,2,2,7,0,11,0,4,40,0,44,2,6,47,0,55,62,0,62,117
09/07/2020,SMX,CA,AWP,WE,Federal Contract Tower,2,2,6,0,10,0,14,54,0,68,2,16,60,0,78,24,0,24,102
09/08/2020,SMX,CA,AWP,WE,Federal Contract Tower,0,12,27,1,40,0,2,16,0,18,0,14,43,1,58,0,2,2,60
09/09/2020,SMX,CA,AWP,WE,Federal Contract Tower,0,15,20,1,36,0,5,15,0,20,0,20,35,1,56,14,2,16,72
09/10/2020,SMX,CA,AWP,WE,Federal Contract Tower,0,12,17,0,29,0,0,2,0,2,0,12,19,0,31,0,0,0,31
09/11/2020,SMX,CA,AWP,WE,Federal Contract Tower,0,13,24,6,43,0,1,9,0,10,0,14,33,6,53,2,0,2,55
09/12/2020,SMX,CA,AWP,WE,Federal Contract Tower,2,6,18,0,26,0,4,36,0,40,2,10,54,0,66,2,0,2,68
09/13/2020,SMX,CA,AWP,WE,Federal Contract Tower,2,3,34,0,39,0,1,14,0,15,2,4,48,0,54,2,0,2,56
09/14/2020,SMX,CA,AWP,WE,Federal Contract Tower,0,10,43,2,55,0,0,0,0,0,0,10,43,2,55,0,0,0,55
09/15/2020,SMX,CA,AWP,WE,Federal Contract Tower,0,17,29,1,47,0,0,11,0,11,0,17,40,1,58,2,2,4,62
09/16/2020,SMX,CA,AWP,WE,Federal Contract Tower,0,11,10,0,21,0,8,43,0,51,0,19,53,0,72,30,0,30,102
09/17/2020,SMX,CA,AWP,WE,Federal Contract Tower,0,10,17,0,27,0,10,42,0,52,0,20,59,0,79,38,0,38,117
09/18/2020,SMX,CA,AWP,WE,Federal Contract Tower,0,9,5,2,16,0,7,31,0,38,0,16,36,2,54,18,8,26,80
09/20/2020,SMX,CA,AWP,WE,Federal Contract Tower,2,2,17,0,21,0,5,61,0,66,2,7,78,0,87,36,0,36,123
09/21/2020,SMX,CA,AWP,WE,Federal Contract Tower,0,7,13,2,22,0,4,23,2,29,0,11,36,4,51,34,0,34,85
09/22/2020,SMX,CA,AWP,WE,Federal Contract Tower,0,17,19,3,39,0,8,24,0,32,0,25,43,3,71,34,0,34,105
09/23/2020,SMX,CA,AWP,WE,Federal Contract Tower,0,10,5,3,18,0,11,47,0,58,0,21,52,3,76,22,8,30,106
09/24/2020,SMX,CA,AWP,WE,Federal Contract Tower,0,16,14,0,30,0,14,39,1,54,0,30,53,1,84,18,6,24,108
09/25/2020,SMX,CA,AWP,WE,Federal Contract Tower,0,13,11,2,26,0,11,36,1,48,0,24,47,3,74,42,8,50,124
09/26/2020,SMX,CA,AWP,WE,Federal Contract Tower,0,3,9,0,12,0,5,28,0,33,0,8,37,0,45,20,0,20,65
09/27/2020,SMX,CA,AWP,WE,Federal Contract Tower,2,3,17,0,22,0,4,55,0,59,2,7,72,0,81,28,0,28,109
09/28/2020,SMX,CA,AWP,WE,Federal Contract Tower,0,9,14,1,24,0,4,29,0,33,0,13,43,1,57,8,4,12,69
09/29/2020,SMX,CA,AWP,WE,Federal Contract Tower,0,14,5,0,19,0,0,25,0,25,0,14,30,0,44,22,0,22,66
09/30/2020,SMX,CA,AWP,WE,Federal Contract Tower,0,11,8,1,20,0,13,47,1,61,0,24,55,2,81,48,8,56,137
10/01/2020,SMX,CA,AWP,WE,Federal Contract Tower,0,9,13,0,22,0,2,20,0,22,0,11,33,0,44,34,6,40,84
10/02/2020,SMX,CA,AWP,WE,Federal Contract Tower,0,11,12,2,25,0,9,21,0,30,0,20,33,2,55,22,0,22,77
10/03/2020,SMX,CA,AWP,WE,Federal Contract Tower,0,5,3,0,8,0,3,13,0,16,0,8,16,0,24,30,0,30,54
10/04/2020,SMX,CA,AWP,WE,Federal Contract Tower,2,1,6,0,9,0,5,35,0,40,2,6,41,0,49,50,0,50,99
10/05/2020,SMX,CA,AWP,WE,Federal Contract Tower,0,9,8,0,17,0,4,35,0,39,0,13,43,0,56,78,0,78,134
10/07/2020,SMX,CA,AWP,WE,Federal Contract Tower,4,11,10,1,26,0,3,49,0,52,4,14,59,1,78,90,2,92,170
10/08/2020,SMX,CA,AWP,WE,Federal Contract Tower,0,11,30,1,42,0,3,13,0,16,0,14,43,1,58,44,6,50,108
10/09/2020,SMX,CA,AWP,WE,Federal Contract Tower,2,12,14,0,28,0,4,25,0,29,2,16,39,0,57,32,0,32,89
10/10/2020,SMX,CA,AWP,WE,Federal Contract Tower,0,4,13,0,17,0,8,41,0,49,0,12,54,0,66,34,0,34,100
10/11/2020,SMX,CA,AWP,WE,Federal Contract Tower,2,0,12,0,14,0,3,33,0,36,2,3,45,0,50,24,0,24,74
10/12/2020,SMX,CA,AWP,WE,Federal Contract Tower,1,5,5,0,11,0,8,40,0,48,1,13,45,0,59,14,0,14,73
10/13/2020,SMX,CA,AWP,WE,Federal Contract Tower,0,9,5,0,14,0,2,32,0,34,0,11,37,0,48,30,0,30,78
10/14/2020,SMX,CA,AWP,WE,Federal Contract Tower,2,9,8,0,19,0,22,46,0,68,2,31,54,0,87,26,0,26,113
10/16/2020,SMX,CA,AWP,WE,Federal Contract Tower,2,10,6,0,18,0,7,45,0,52,2,17,51,0,70,32,4,36,106
10/17/2020,SMX,CA,AWP,WE,Federal Contract Tower,0,3,7,0,10,0,8,48,0,56,0,11,55,0,66,34,0,34,100
10/18/2020,SMX,CA,AWP,WE,Federal Contract Tower,2,3,11,0,16,0,4,40,0,44,2,7,51,0,60,52,0,52,112
10/19/2020,SMX,CA,AWP,WE,Federal Contract Tower,0,9,8,2,19,0,6,26,0,32,0,15,34,2,51,8,0,8,59
10/20/2020,SMX,CA,AWP,WE,Federal Contract Tower,0,27,14,0,41,0,6,13,0,19,0,33,27,0,60,44,0,44,104
10/21/2020,SMX,CA,AWP,WE,Federal Contract Tower,2,17,7,0,26,0,6,29,0,35,2,23,36,0,61,21,0,21,82
10/22/2020,SMX,CA,AWP,WE,Federal Contract Tower,0,20,24,2,46,0,2,7,0,9,0,22,31,2,55,32,4,36,91
10/23/2020,SMX,CA,AWP,WE,Federal Contract Tower,2,15,9,0,26,0,5,30,2,37,2,20,39,2,63,32,4,36,99
10/24/2020,SMX,CA,AWP,WE,Federal Contract Tower,0,4,11,2,17,0,5,18,0,23,0,9,29,2,40,34,0,34,74
10/25/2020,SMX,CA,AWP,WE,Federal Contract Tower,2,0,14,0,16,0,10,19,2,31,2,10,33,2,47,20,4,24,71
10/26/2020,SMX,CA,AWP,WE,Federal Contract Tower,0,3,14,1,18,0,9,39,0,48,0,12,53,1,66,36,0,36,102
10/27/2020,SMX,CA,AWP,WE,Federal Contract Tower,0,12,11,4,27,0,15,28,1,44,0,27,39,5,71,25,20,45,116
10/28/2020,SMX,CA,AWP,WE,Federal Contract Tower,0,9,8,0,17,0,16,45,0,61,0,25,53,0,78,6,0,6,84
10/29/2020,SMX,CA,AWP,WE,Federal Contract Tower,0,10,7,3,20,0,11,47,1,59,0,21,54,4,79,24,18,42,121
10/30/2020,SMX,CA,AWP,WE,Federal Contract Tower,2,13,10,2,27,0,6,42,2,50,2,19,52,4,77,16,12,28,105
10/31/2020,SMX,CA,AWP,WE,Federal Contract Tower,0,2,10,0,12,0,9,54,0,63,0,11,64,0,75,54,0,54,129
11/01/2020,SMX,CA,AWP,WE,Federal Contract Tower,2,0,10,0,12,0,5,54,2,61,2,5,64,2,73,24,4,28,101
11/02/2020,SMX,CA,AWP,WE,Federal Contract Tower,0,5,8,2,15,0,17,30,0,47,0,22,38,2,62,10,0,10,72
11/03/2020,SMX,CA,AWP,WE,Federal Contract Tower,0,16,9,0,25,0,7,17,2,26,0,23,26,2,51,8,0,8,59
11/04/2020,SMX,CA,AWP,WE,Federal Contract Tower,0,14,9,0,23,0,4,45,0,49,0,18,54,0,72,12,0,12,84
11/05/2020,SMX,CA,AWP,WE,Federal Contract Tower,0,9,16,1,26,0,8,35,1,44,0,17,51,2,70,24,0,24,94
11/06/2020,SMX,CA,AWP,WE,Federal Contract Tower,2,12,16,2,32,0,4,3,0,7,2,16,19,2,39,12,0,12,51
11/07/2020,SMX,CA,AWP,WE,Federal Contract Tower,0,7,7,0,14,0,2,4,0,6,0,9,11,0,20,12,0,12,32
11/08/2020,SMX,CA,AWP,WE,Federal Contract Tower,2,2,4,0,8,0,2,11,0,13,2,4,15,0,21,0,0,0,21
11/09/2020,SMX,CA,AWP,WE,Federal Contract Tower,0,5,6,2,13,0,7,39,1,47,0,12,45,3,60,14,0,14,74
11/10/2020,SMX,CA,AWP,WE,Federal Contract Tower,0,12,8,0,20,0,11,36,4,51,0,23,44,4,71,20,10,30,101
11/11/2020,SMX,CA,AWP,WE,Federal Contract Tower,0,10,6,0,16,0,14,42,0,56,0,24,48,0,72,30,0,30,102
11/12/2020,SMX,CA,AWP,WE,Federal Contract Tower,0,8,10,0,18,0,7,27,0,34,0,15,37,0,52,28,0,28,80
11/13/2020,SMX,CA,AWP,WE,Federal Contract Tower,2,8,7,0,17,0,3,34,0,37,2,11,41,0,54,18,2,20,74
11/14/2020,SMX,CA,AWP,WE,Federal Contract Tower,0,5,9,0,14,0,4,36,0,40,0,9,45,0,54,46,2,48,102
11/15/2020,SMX,CA,AWP,WE,Federal Contract Tower,2,0,11,0,13,0,6,55,1,62,2,6,66,1,75,20,0,20,95
11/16/2020,SMX,CA,AWP,WE,Federal Contract Tower,0,6,5,0,11,0,10,46,4,60,0,16,51,4,71,32,0,32,103
11/17/2020,SMX,CA,AWP,WE,Federal Contract Tower,0,11,6,2,19,0,6,37,4,47,0,17,43,6,66,16,20,36,102
11/18/2020,SMX,CA,AWP,WE,Federal Contract Tower,0,15,19,0,34,0,6,8,0,14,0,21,27,0,48,14,0,14,62
11/19/2020,SMX,CA,AWP,WE,Federal Contract Tower,2,11,10,0,23,0,18,19,2,39,2,29,29,2,62,16,10,26,88
11/20/2020,SMX,CA,AWP,WE,Federal Contract Tower,2,10,13,2,27,0,12,32,0,44,2,22,45,2,71,22,4,26,97
11/21/2020,SMX,CA,AWP,WE,Federal Contract Tower,0,5,13,0,18,0,12,44,0,56,0,17,57,0,74,86,0,86,160
11/22/2020,SMX,CA,AWP,WE,Federal Contract Tower,4,2,8,0,14,0,6,38,0,44,4,8,46,0,58,24,4,28,86
11/23/2020,SMX,CA,AWP,WE,Federal Contract Tower,0,12,1,1,14,0,11,23,3,37,0,23,24,4,51,42,10,52,103
11/24/2020,SMX,CA,AWP,WE,Federal Contract Tower,0,15,9,0,24,0,9,36,0,45,0,24,45,0,69,30,0,30,99
11/25/2020,SMX,CA,AWP,WE,Federal Contract Tower,1,14,11,0,26,0,16,39,0,55,1,30,50,0,81,22,0,22,103
11/26/2020,SMX,CA,AWP,WE,Federal Contract Tower,0,0,1,0,1,0,5,3,0,8,0,5,4,0,9,0,0,0,9
11/27/2020,SMX,CA,AWP,WE,Federal Contract Tower,4,10,2,0,16,0,3,39,0,42,4,13,41,0,58,30,0,30,88
11/28/2020,SMX,CA,AWP,WE,Federal Contract Tower,0,8,5,0,13,0,3,69,0,72,0,11,74,0,85,90,0,90,175
11/29/2020,SMX,CA,AWP,WE,Federal Contract Tower,3,1,3,0,7,0,6,33,0,39,3,7,36,0,46,16,0,16,62
11/30/2020,SMX,CA,AWP,WE,Federal Contract Tower,0,7,10,0,17,0,8,35,0,43,0,15,45,0,60,30,2,32,92
12/01/2020,SMX,CA,AWP,WE,Federal Contract Tower,0,11,9,0,20,0,12,28,0,40,0,23,37,0,60,38,0,38,98
12/02/2020,SMX,CA,AWP,WE,Federal Contract Tower,0,11,10,0,21,0,10,54,0,64,0,21,64,0,85,28,0,28,113
12/03/2020,SMX,CA,AWP,WE,Federal Contract Tower,1,15,9,0,25,0,11,35,4,50,1,26,44,4,75,32,6,38,113
12/04/2020,SMX,CA,AWP,WE,Federal Contract Tower,4,14,6,0,24,0,14,26,0,40,4,28,32,0,64,68,0,68,132
12/05/2020,SMX,CA,AWP,WE,Federal Contract Tower,0,4,12,0,16,0,5,53,0,58,0,9,65,0,74,16,0,16,90
12/06/2020,SMX,CA,AWP,WE,Federal Contract Tower,3,0,7,0,10,0,6,26,0,32,3,6,33,0,42,16,0,16,58
12/07/2020,SMX,CA,AWP,WE,Federal Contract Tower,0,8,9,1,18,0,7,40,2,49,0,15,49,3,67,8,16,24,91
12/08/2020,SMX,CA,AWP,WE,Federal Contract Tower,2,17,4,0,23,0,7,30,0,37,2,24,34,0,60,28,0,28,88
12/09/2020,SMX,CA,AWP,WE,Federal Contract Tower,2,17,4,0,23,0,7,32,0,39,2,24,36,0,62,28,0,28,90
12/10/2020,SMX,CA,AWP,WE,Federal Contract Tower,0,15,19,0,34,0,1,33,0,34,0,16,52,0,68,16,0,16,84
12/12/2020,SMX,CA,AWP,WE,Federal Contract Tower,0,6,18,0,24,0,0,2,0,2,0,6,20,0,26,4,0,4,30
12/13/2020,SMX,CA,AWP,WE,Federal Contract Tower,2,0,7,0,9,0,7,23,0,30,2,7,30,0,39,30,0,30,69
12/14/2020,SMX,CA,AWP,WE,Federal Contract Tower,0,7,9,0,16,0,13,27,1,41,0,20,36,1,57,26,0,26,83
12/15/2020,SMX,CA,AWP,WE,Federal Contract Tower,0,14,8,4,26,0,12,37,3,52,0,26,45,7,78,22,20,42,120
12/16/2020,SMX,CA,AWP,WE,Federal Contract Tower,0,14,7,3,24,0,8,40,2,50,0,22,47,5,74,12,6,18,92
12/17/2020,SMX,CA,AWP,WE,Federal Contract Tower,3,19,10,0,32,0,11,3,3,17,3,30,13,3,49,2,18,20,69
12/18/2020,SMX,CA,AWP,WE,Federal Contract Tower,2,12,4,1,19,0,3,40,0,43,2,15,44,1,62,28,0,28,90
12/19/2020,SMX,CA,AWP,WE,Federal Contract Tower,0,7,9,0,16,0,6,54,0,60,0,13,63,0,76,30,0,30,106
12/21/2020,SMX,CA,AWP,WE,Federal Contract Tower,2,8,13,2,25,0,5,46,0,51,2,13,59,2,76,50,10,60,136
12/22/2020,SMX,CA,AWP,WE,Federal Contract Tower,0,13,12,2,27,0,6,36,0,42,0,19,48,2,69,36,0,36,105
12/23/2020,SMX,CA,AWP,WE,Federal Contract Tower,2,16,8,0,26,0,14,31,0,45,2,30,39,0,71,12,0,12,83
12/24/2020,SMX,CA,AWP,WE,Federal Contract Tower,2,11,0,0,13,0,7,13,0,20,2,18,13,0,33,0,0,0,33
12/25/2020,SMX,CA,AWP,WE,Federal Contract Tower,2,0,3,0,5,0,2,17,0,19,2,2,20,0,24,8,0,8,32
12/26/2020,SMX,CA,AWP,WE,Federal Contract Tower,0,3,9,0,12,0,11,15,0,26,0,14,24,0,38,4,0,4,42
12/27/2020,SMX,CA,AWP,WE,Federal Contract Tower,3,0,6,0,9,0,2,22,0,24,3,2,28,0,33,14,0,14,47
12/28/2020,SMX,CA,AWP,WE,Federal Contract Tower,3,7,8,2,20,0,8,1,0,9,3,15,9,2,29,0,4,4,33
12/29/2020,SMX,CA,AWP,WE,Federal Contract Tower,0,11,8,0,19,0,9,32,0,41,0,20,40,0,60,4,2,6,66
12/30/2020,SMX,CA,AWP,WE,Federal Contract Tower,2,14,10,0,26,0,9,38,0,47,2,23,48,0,73,32,0,32,105
12/31/2020,SMX,CA,AWP,WE,Federal Contract Tower,2,7,6,0,15,0,3,32,0,35,2,10,38,0,50,16,0,16,66
01/01/2021,SMX,CA,AWP,WE,Federal Contract Tower,2,0,8,0,10,0,3,37,0,40,2,3,45,0,50,44,0,44,94
01/02/2021,SMX,CA,AWP,WE,Federal Contract Tower,2,4,15,1,22,0,8,40,0,48,2,12,55,1,70,30,14,44,114
01/03/2021,SMX,CA,AWP,WE,Federal Contract Tower,3,0,13,0,16,0,4,16,0,20,3,4,29,0,36,28,0,28,64
01/04/2021,SMX,CA,AWP,WE,Federal Contract Tower,2,6,5,0,13,0,8,8,0,16,2,14,13,0,29,2,0,2,31
01/05/2021,SMX,CA,AWP,WE,Federal Contract Tower,0,15,9,2,26,0,3,26,0,29,0,18,35,2,55,36,20,56,111
01/06/2021,SMX,CA,AWP,WE,Federal Contract Tower,2,7,4,3,16,0,15,23,1,39,2,22,27,4,55,20,12,32,87
01/08/2021,SMX,CA,AWP,WE,Federal Contract Tower,2,7,10,0,19,0,13,41,0,54,2,20,51,0,73,18,0,18,91
01/09/2021,SMX,CA,AWP,WE,Federal Contract Tower,0,3,5,2,10,0,3,19,0,22,0,6,24,2,32,14,14,28,60
01/10/2021,SMX,CA,AWP,WE,Federal Contract Tower,2,1,14,0,17,0,8,31,0,39,2,9,45,0,56,20,0,20,76
01/11/2021,SMX,CA,AWP,WE,Federal Contract Tower,0,5,14,4,23,0,12,29,0,41,0,17,43,4,64,38,6,44,108
01/12/2021,SMX,CA,AWP,WE,Federal Contract Tower,0,12,11,1,24,0,1,36,0,37,0,13,47,1,61,8,0,8,69
01/13/2021,SMX,CA,AWP,WE,Federal Contract Tower,0,11,9,2,22,0,3,21,4,28,0,14,30,6,50,10,12,22,72
01/14/2021,SMX,CA,AWP,WE,Federal Contract Tower,2,11,10,2,25,0,9,27,1,37,2,20,37,3,62,80,8,88,150
01/15/2021,SMX,CA,AWP,WE,Federal Contract Tower,2,10,6,0,18,0,3,54,0,57,2,13,60,0,75,24,0,24,99
01/16/2021,SMX,CA,AWP,WE,Federal Contract Tower,0,5,11,2,18,0,10,48,0,58,0,15,59,2,76,40,4,44,120
01/17/2021,SMX,CA,AWP,WE,Federal Contract Tower,4,0,9,0,13,0,8,60,0,68,4,8,69,0,81,36,0,36,117
01/18/2021,SMX,CA,AWP,WE,Federal Contract Tower,0,5,11,0,16,0,14,44,0,58,0,19,55,0,74,34,0,34,108
01/19/2021,SMX,CA,AWP,WE,Federal Contract Tower,0,8,1,4,13,0,12,13,1,26,0,20,14,5,39,4,12,16,55
01/20/2021,SMX,CA,AWP,WE,Federal Contract Tower,0,10,3,1,14,0,16,27,2,45,0,26,30,3,59,6,6,12,71
01/21/2021,SMX,CA,AWP,WE,Federal Contract Tower,2,11,11,5,29,0,7,49,0,56,2,18,60,5,85,28,26,54,139
01/22/2021,SMX,CA,AWP,WE,Federal Contract Tower,2,7,2,0,11,0,6,10,0,16,2,13,12,0,27,0,0,0,27
01/23/2021,SMX,CA,AWP,WE,Federal Contract Tower,0,2,4,0,6,0,7,14,1,22,0,9,18,1,28,12,0,12,40
01/24/2021,SMX,CA,AWP,WE,Federal Contract Tower,2,0,14,0,16,0,4,33,0,37,2,4,47,0,53,8,0,8,61
01/25/2021,SMX,CA,AWP,WE,Federal Contract Tower,0,6,6,0,12,0,11,2,0,13,0,17,8,0,25,0,0,0,25
01/26/2021,SMX,CA,AWP,WE,Federal Contract Tower,0,10,13,0,23,0,7,45,0,52,0,17,58,0,75,42,20,62,137
01/27/2021,SMX,CA,AWP,WE,Federal Contract Tower,0,13,5,0,18,0,3,0,0,3,0,16,5,0,21,0,0,0,21
01/28/2021,SMX,CA,AWP,WE,Federal Contract Tower,2,11,4,0,17,0,0,0,0,0,2,11,4,0,17,0,0,0,17
01/29/2021,SMX,CA,AWP,WE,Federal Contract Tower,2,4,7,0,13,0,8,18,0,26,2,12,25,0,39,24,2,26,65
01/30/2021,SMX,CA,AWP,WE,Federal Contract Tower,2,3,6,0,11,0,10,32,0,42,2,13,38,0,53,40,0,40,93
01/31/2021,SMX,CA,AWP,WE,Federal Contract Tower,2,0,10,1,13,0,4,58,1,63,2,4,68,2,76,40,0,40,116
02/01/2021,SMX,CA,AWP,WE,Federal Contract Tower,0,5,3,0,8,0,9,34,0,43,0,14,37,0,51,16,0,16,67
02/02/2021,SMX,CA,AWP,WE,Federal Contract Tower,0,14,9,4,27,0,7,27,0,34,0,21,36,4,61,16,4,20,81
02/03/2021,SMX,CA,AWP,WE,Federal Contract Tower,2,10,2,0,14,0,14,31,0,45,2,24,33,0,59,10,0,10,69
02/04/2021,SMX,CA,AWP,WE,Federal Contract Tower,2,7,11,0,20,0,10,41,0,51,2,17,52,0,71,52,0,52,123
02/05/2021,SMX,CA,AWP,WE,Federal Contract Tower,2,6,8,0,16,0,15,41,0,56,2,21,49,0,72,42,0,42,114
02/06/2021,SMX,CA,AWP,WE,Federal Contract Tower,0,4,13,0,17,0,1,52,0,53,0,5,65,0,70,44,0,44,114
02/07/2021,SMX,CA,AWP,WE,Federal Contract Tower,2,1,3,0,6,0,9,35,0,44,2,10,38,0,50,42,0,42,92
02/08/2021,SMX,CA,AWP,WE,Federal Contract Tower,0,13,18,0,31,0,5,6,0,11,0,18,24,0,42,2,0,2,44
02/09/2021,SMX,CA,AWP,WE,Federal Contract Tower,0,13,11,2,26,0,1,12,1,14,0,14,23,3,40,2,4,6,46
02/10/2021,SMX,CA,AWP,WE,Federal Contract Tower,0,7,10,0,17,0,8,54,2,64,0,15,64,2,81,34,22,56,137
02/11/2021,SMX,CA,AWP,WE,Federal Contract Tower,2,6,12,3,23,0,5,31,0,36,2,11,43,3,59,34,8,42,101
02/12/2021,SMX,CA,AWP,WE,Federal Contract Tower,2,6,9,1,18,0,5,20,0,25,2,11,29,1,43,18,10,28,71
02/13/2021,SMX,CA,AWP,WE,Federal Contract Tower,0,2,1,4,7,0,6,14,0,20,0,8,15,4,27,12,0,12,39
02/14/2021,SMX,CA,AWP,WE,Federal Contract Tower,2,0,4,0,6,0,6,25,0,31,2,6,29,0,37,34,0,34,71
02/15/2021,SMX,CA,AWP,WE,Federal Contract Tower,2,6,7,0,15,0,3,12,0,15,2,9,19,0,30,14,0,14,44
02/16/2021,SMX,CA,AWP,WE,Federal Contract Tower,0,11,6,2,19,0,9,38,2,49,0,20,44,4,68,10,10,20,88
02/17/2021,SMX,CA,AWP,WE,Federal Contract Tower,0,7,9,2,18,0,17,36,2,55,0,24,45,4,73,6,24,30,103
02/18/2021,SMX,CA,AWP,WE,Federal Contract Tower,2,7,11,1,21,0,6,48,0,54,2,13,59,1,75,6,0,6,81
02/19/2021,SMX,CA,AWP,WE,Federal Contract Tower,2,7,20,2,31,0,10,36,0,46,2,17,56,2,77,16,2,18,95
02/21/2021,SMX,CA,AWP,WE,Federal Contract Tower,0,3,8,0,11,0,6,28,0,34,0,9,36,0,45,22,0,22,67
02/22/2021,SMX,CA,AWP,WE,Federal Contract Tower,2,7,14,3,26,0,14,31,2,47,2,21,45,5,73,42,28,70,143
02/23/2021,SMX,CA,AWP,WE,Federal Contract Tower,0,7,18,2,27,0,10,44,0,54,0,17,62,2,81,42,4,46,127
02/24/2021,SMX,CA,AWP,WE,Federal Contract Tower,0,9,8,0,17,0,11,50,0,61,0,20,58,0,78,24,0,24,102
02/25/2021,SMX,CA,AWP,WE,Federal Contract Tower,2,7,17,1,27,0,7,39,5,51,2,14,56,6,78,26,14,40,118
02/26/2021,SMX,CA,AWP,WE,Federal Contract Tower,1,8,15,0,24,0,5,29,0,34,1,13,44,0,58,12,0,12,70
02/27/2021,SMX,CA,AWP,WE,Federal Contract Tower,0,1,4,3,8,0,11,28,2,41,0,12,32,5,49,6,18,24,73
02/28/2021,SMX,CA,AWP,WE,Federal Contract Tower,2,0,9,0,11,0,5,51,0,56,2,5,60,0,67,50,0,50,117
03/01/2021,SMX,CA,AWP,WE,Federal Contract Tower,2,5,7,1,15,0,7,29,0,36,2,12,36,1,51,10,2,12,63
03/02/2021,SMX,CA,AWP,WE,Federal Contract Tower,0,7,8,0,15,0,13,23,0,36,0,20,31,0,51,20,0,20,71
03/03/2021,SMX,CA,AWP,WE,Federal Contract Tower,0,9,13,0,22,0,19,39,0,58,0,28,52,0,80,6,6,12,92
03/04/2021,SMX,CA,AWP,WE,Federal Contract Tower,2,9,13,0,24,0,5,59,0,64,2,14,72,0,88,24,0,24,112
03/05/2021,SMX,CA,AWP,WE,Federal Contract Tower,1,5,11,0,17,0,10,57,1,68,1,15,68,1,85,38,0,38,123
03/06/2021,SMX,CA,AWP,WE,Federal Contract Tower,0,5,16,0,21,0,4,10,0,14,0,9,26,0,35,12,0,12,47
03/07/2021,SMX,CA,AWP,WE,Federal Contract Tower,2,2,13,0,17,0,13,30,0,43,2,15,43,0,60,44,0,44,104
03/08/2021,SMX,CA,AWP,WE,Federal Contract Tower,2,1,12,2,17,0,8,22,3,33,2,9,34,5,50,8,4,12,62
03/09/2021,SMX,CA,AWP,WE,Federal Contract Tower,0,7,2,3,12,0,8,14,2,24,0,15,16,5,36,0,10,10,46
03/10/2021,SMX,CA,AWP,WE,Federal Contract Tower,0,13,10,3,26,0,5,4,0,9,0,18,14,3,35,0,4,4,39
03/11/2021,SMX,CA,AWP,WE,Federal Contract Tower,2,9,3,0,14,0,6,6,1,13,2,15,9,1,27,2,0,2,29
03/12/2021,SMX,CA,AWP,WE,Federal Contract Tower,1,7,22,2,32,0,4,29,0,33,1,11,51,2,65,22,4,26,91
03/13/2021,SMX,CA,AWP,WE,Federal Contract Tower,2,5,14,0,21,0,2,14,0,16,2,7,28,0,37,38,0,38,75
03/14/2021,SMX,CA,AWP,WE,Federal Contract Tower,2,1,12,0,15,0,6,24,0,30,2,7,36,0,45,38,0,38,83
03/15/2021,SMX,CA,AWP,WE,Federal Contract Tower,0,3,5,2,10,0,12,7,0,19,0,15,12,2,29,24,6,30,59
03/16/2021,SMX,CA,AWP,WE,Federal Contract Tower,0,10,13,0,23,0,9,43,2,54,0,19,56,2,77,10,2,12,89
03/17/2021,SMX,CA,AWP,WE,Federal Contract Tower,1,10,21,1,33,0,15,35,1,51,1,25,56,2,84,40,0,40,124
03/18/2021,SMX,CA,AWP,WE,Federal Contract Tower,3,9,14,2,28,0,8,33,4,45,3,17,47,6,73,12,6,18,91
03/19/2021,SMX,CA,AWP,WE,Federal Contract Tower,0,9,11,1,21,0,7,14,2,23,0,16,25,3,44,10,0,10,54
03/20/2021,SMX,CA,AWP,WE,Federal Contract Tower,0,2,9,0,11,0,4,41,0,45,0,6,50,0,56,2,0,2,58
03/21/2021,SMX,CA,AWP,WE,Federal Contract Tower,3,0,11,0,14,0,5,19,0,24,3,5,30,0,38,26,0,26,64
03/22/2021,SMX,CA,AWP,WE,Federal Contract Tower,0,5,3,3,11,0,10,12,2,24,0,15,15,5,35,0,4,4,39
03/23/2021,SMX,CA,AWP,WE,Federal Contract Tower,0,9,16,1,26,0,11,25,0,36,0,20,41,1,62,56,0,56,118
03/24/2021,SMX,CA,AWP,WE,Federal Contract Tower,0,7,13,1,21,0,13,55,0,68,0,20,68,1,89,40,2,42,131
03/25/2021,SMX,CA,AWP,WE,Federal Contract Tower,2,10,8,0,20,0,8,10,2,20,2,18,18,2,40,4,4,8,48
03/26/2021,SMX,CA,AWP,WE,Federal Contract Tower,0,7,14,4,25,0,13,64,2,79,0,20,78,6,104,44,0,44,148
03/27/2021,SMX,CA,AWP,WE,Federal Contract Tower,0,3,3,1,7,0,12,55,4,71,0,15,58,5,78,50,42,92,170
03/28/2021,SMX,CA,AWP,WE,Federal Contract Tower,1,1,16,0,18,0,8,63,4,75,1,9,79,4,93,30,4,34,127
03/29/2021,SMX,CA,AWP,WE,Federal Contract Tower,1,6,7,0,14,0,9,29,2,40,1,15,36,2,54,30,0,30,84
03/30/2021,SMX,CA,AWP,WE,Federal Contract Tower,0,9,15,6,30,0,13,37,2,52,0,22,52,8,82,24,32,56,138
03/31/2021,SMX,CA,AWP,WE,Federal Contract Tower,0,9,15,0,24,0,17,55,0,72,0,26,70,0,96,34,0,34,130
04/01/2021,SMX,CA,AWP,WE,Federal Contract Tower,1,11,14,0,26,0,11,52,2,65,1,22,66,2,91,44,8,52,143
04/02/2021,SMX,CA,AWP,WE,Federal Contract Tower,2,13,5,0,20,0,5,36,0,41,2,18,41,0,61,16,0,16,77
04/03/2021,SMX,CA,AWP,WE,Federal Contract Tower,0,7,12,0,19,0,6,27,0,33,0,13,39,0,52,8,0,8,60
04/04/2021,SMX,CA,AWP,WE,Federal Contract Tower,2,0,9,0,11,0,4,60,0,64,2,4,69,0,75,10,0,10,85
04/05/2021,SMX,CA,AWP,WE,Federal Contract Tower,2,6,12,0,20,0,13,10,0,23,2,19,22,0,43,10,0,10,53
04/06/2021,SMX,CA,AWP,WE,Federal Contract Tower,0,15,11,1,27,0,10,37,1,48,0,25,48,2,75,44,14,58,133
04/07/2021,SMX,CA,AWP,WE,Federal Contract Tower,0,10,16,0,26,0,3,51,0,54,0,13,67,0,80,26,0,26,106
04/08/2021,SMX,CA,AWP,WE,Federal Contract Tower,2,10,9,0,21,0,10,49,0,59,2,20,58,0,80,12,20,32,112
04/09/2021,SMX,CA,AWP,WE,Federal Contract Tower,2,8,5,0,15,0,2,33,0,35,2,10,38,0,50,20,0,20,70
04/10/2021,SMX,CA,AWP,WE,Federal Contract Tower,2,3,8,2,15,0,4,50,0,54,2,7,58,2,69,38,4,42,111
04/11/2021,SMX,CA,AWP,WE,Federal Contract Tower,2,3,12,0,17,0,11,36,0,47,2,14,48,0,64,2,0,2,66
04/12/2021,SMX,CA,AWP,WE,Federal Contract Tower,2,8,26,0,36,0,0,7,0,7,2,8,33,0,43,24,0,24,67
04/13/2021,SMX,CA,AWP,WE,Federal Contract Tower,0,18,32,0,50,0,6,14,0,20,0,24,46,0,70,34,0,34,104
04/14/2021,SMX,CA,AWP,WE,Federal Contract Tower,3,7,18,0,28,0,17,22,0,39,3,24,40,0,67,30,0,30,97
04/15/2021,SMX,CA,AWP,WE,Federal Contract Tower,3,11,7,2,23,0,10,43,0,53,3,21,50,2,76,32,10,42,118
04/16/2021,SMX,CA,AWP,WE,Federal Contract Tower,2,10,20,0,32,0,6,51,0,57,2,16,71,0,89,14,0,14,103
04/17/2021,SMX,CA,AWP,WE,Federal Contract Tower,0,3,13,0,16,0,8,36,2,46,0,11,49,2,62,4,2,6,68
04/18/2021,SMX,CA,AWP,WE,Federal Contract Tower,4,0,10,1,15,0,1,50,1,52,4,1,60,2,67,68,0,68,135
04/19/2021,SMX,CA,AWP,WE,Federal Contract Tower,0,6,9,1,16,0,7,30,0,37,0,13,39,1,53,8,2,10,63
04/20/2021,SMX,CA,AWP,WE,Federal Contract Tower,0,13,17,3,33,0,7,21,0,28,0,20,38,3,61,16,0,16,77
04/21/2021,SMX,CA,AWP,WE,Federal Contract Tower,2,15,24,0,41,0,1,7,0,8,2,16,31,0,49,44,0,44,93
04/22/2021,SMX,CA,AWP,WE,Federal Contract Tower,2,14,21,6,43,0,2,16,2,20,2,16,37,8,63,44,14,58,121
04/23/2021,SMX,CA,AWP,WE,Federal Contract Tower,2,11,10,0,23,0,6,21,0,27,2,17,31,0,50,32,0,32,82
04/24/2021,SMX,CA,AWP,WE,Federal Contract Tower,0,12,18,0,30,0,6,30,0,36,0,18,48,0,66,40,0,40,106
04/25/2021,SMX,CA,AWP,WE,Federal Contract Tower,6,1,15,0,22,0,5,9,0,14,6,6,24,0,36,4,0,4,40
04/26/2021,SMX,CA,AWP,WE,Federal Contract Tower,0,7,18,2,27,0,4,22,0,26,0,11,40,2,53,4,0,4,57
04/27/2021,SMX,CA,AWP,WE,Federal Contract Tower,0,8,11,0,19,0,12,38,0,50,0,20,49,0,69,24,0,24,93
04/28/2021,SMX,CA,AWP,WE,Federal Contract Tower,2,10,9,0,21,0,16,45,0,61,2,26,54,0,82,26,0,26,108
04/29/2021,SMX,CA,AWP,WE,Federal Contract Tower,2,10,8,0,20,0,6,52,4,62,2,16,60,4,82,12,0,12,94
04/30/2021,SMX,CA,AWP,WE,Federal Contract Tower,2,8,15,1,26,0,12,62,0,74,2,20,77,1,100,30,20,50,150
05/01/2021,SMX,CA,AWP,WE,Federal Contract Tower,0,8,8,0,16,0,4,48,0,52,0,12,56,0,68,42,2,44,112
05/02/2021,SMX,CA,AWP,WE,Federal Contract Tower,6,2,9,0,17,0,4,22,0,26,6,6,31,0,43,38,0,38,81
05/03/2021,SMX,CA,AWP,WE,Federal Contract Tower,0,6,12,0,18,0,11,37,4,52,0,17,49,4,70,14,0,14,84
05/04/2021,SMX,CA,AWP,WE,Federal Contract Tower,0,11,22,0,33,0,7,32,0,39,0,18,54,0,72,38,0,38,110
05/05/2021,SMX,CA,AWP,WE,Federal Contract Tower,2,7,15,0,24,0,3,32,0,35,2,10,47,0,59,14,0,14,73
05/06/2021,SMX,CA,AWP,WE,Federal Contract Tower,2,14,21,0,37,0,3,26,0,29,2,17,47,0,66,16,0,16,82
05/07/2021,SMX,CA,AWP,WE,Federal Contract Tower,2,10,22,0,34,0,2,27,0,29,2,12,49,0,63,28,0,28,91
05/08/2021,SMX,CA,AWP,WE,Federal Contract Tower,0,4,10,0,14,0,4,38,0,42,0,8,48,0,56,24,0,24,80
05/09/2021,SMX,CA,AWP,WE,Federal Contract Tower,6,1,6,0,13,0,6,43,0,49,6,7,49,0,62,20,0,20,82
05/10/2021,SMX,CA,AWP,WE,Federal Contract Tower,0,7,14,1,22,0,2,22,0,24,0,9,36,1,46,56,0,56,102
05/11/2021,SMX,CA,AWP,WE,Federal Contract Tower,0,10,7,0,17,0,4,45,14,63,0,14,52,14,80,64,6,70,150
05/12/2021,SMX,CA,AWP,WE,Federal Contract Tower,2,17,20,1,40,0,4,30,1,35,2,21,50,2,75,62,2,64,139
05/13/2021,SMX,CA,AWP,WE,Federal Contract Tower,2,11,25,0,38,0,6,21,0,27,2,17,46,0,65,24,0,24,89
05/14/2021,SMX,CA,AWP,WE,Federal Contract Tower,4,10,19,0,33,0,10,31,0,41,4,20,50,0,74,10,0,10,84
05/15/2021,SMX,CA,AWP,WE,Federal Contract Tower,0,4,22,0,26,0,5,32,4,41,0,9,54,4,67,62,0,62,129
05/16/2021,SMX,CA,AWP,WE,Federal Contract Tower,6,2,14,0,22,0,3,23,0,26,6,5,37,0,48,18,0,18,66
05/17/2021,SMX,CA,AWP,WE,Federal Contract Tower,0,6,9,0,15,0,14,16,0,30,0,20,25,0,45,28,0,28,73
05/18/2021,SMX,CA,AWP,WE,Federal Contract Tower,2,10,16,0,28,0,12,27,0,39,2,22,43,0,67,74,8,82,149
05/19/2021,SMX,CA,AWP,WE,Federal Contract Tower,2,6,8,0,16,0,12,29,0,41,2,18,37,0,57,30,0,30,87
05/20/2021,SMX,CA,AWP,WE,Federal Contract Tower,2,7,7,0,16,0,6,12,6,24,2,13,19,6,40,4,2,6,46
05/21/2021,SMX,CA,AWP,WE,Federal Contract Tower,2,8,15,1,26,0,2,21,0,23,2,10,36,1,49,6,8,14,63
05/22/2021,SMX,CA,AWP,WE,Federal Contract Tower,0,3,11,1,15,0,15,36,0,51,0,18,47,1,66,36,2,38,104
05/23/2021,SMX,CA,AWP,WE,Federal Contract Tower,6,2,10,0,18,0,0,48,0,48,6,2,58,0,66,36,0,36,102
05/24/2021,SMX,CA,AWP,WE,Federal Contract Tower,0,6,8,0,14,0,10,50,3,63,0,16,58,3,77,8,6,14,91
05/25/2021,SMX,CA,AWP,WE,Federal Contract Tower,0,4,10,1,15,0,11,27,1,39,0,15,37,2,54,30,2,32,86
05/26/2021,SMX,CA,AWP,WE,Federal Contract Tower,2,13,15,0,30,0,11,33,0,44,2,24,48,0,74,50,0,50,124
05/27/2021,SMX,CA,AWP,WE,Federal Contract Tower,7,13,17,0,37,0,5,37,0,42,7,18,54,0,79,14,0,14,93
05/28/2021,SMX,CA,AWP,WE,Federal Contract Tower,2,9,10,0,21,0,3,36,0,39,2,12,46,0,60,32,0,32,92
05/29/2021,SMX,CA,AWP,WE,Federal Contract Tower,0,4,7,0,11,0,6,26,0,32,0,10,33,0,43,32,0,32,75
05/30/2021,SMX,CA,AWP,WE,Federal Contract Tower,7,2,5,0,14,0,14,29,6,49,7,16,34,6,63,16,0,16,79
05/31/2021,SMX,CA,AWP,WE,Federal Contract Tower,0,2,11,0,13,0,4,38,0,42,0,6,49,0,55,54,0,54,109
06/01/2021,SMX,CA,AWP,WE,Federal Contract Tower,0,13,21,2,36,0,2,32,0,34,0,15,53,2,70,12,6,18,88
06/02/2021,SMX,CA,AWP,WE,Federal Contract Tower,2,13,20,0,35,0,6,58,0,64,2,19,78,0,99,54,0,54,153
06/03/2021,SMX,CA,AWP,WE,Federal Contract Tower,3,9,7,1,20,0,2,37,0,39,3,11,44,1,59,70,0,70,129
06/04/2021,SMX,CA,AWP,WE,Federal Contract Tower,0,7,14,0,21,0,1,41,0,42,0,8,55,0,63,30,0,30,93
06/05/2021,SMX,CA,AWP,WE,Federal Contract Tower,2,6,8,0,16,0,5,40,0,45,2,11,48,0,61,12,0,12,73
06/06/2021,SMX,CA,AWP,WE,Federal Contract Tower,8,5,22,1,36,0,4,7,0,11,8,9,29,1,47,24,2,26,73
06/07/2021,SMX,CA,AWP,WE,Federal Contract Tower,0,9,6,0,15,0,6,22,0,28,0,15,28,0,43,4,0,4,47
06/08/2021,SMX,CA,AWP,WE,Federal Contract Tower,0,8,9,2,19,0,10,34,0,44,0,18,43,2,63,12,14,26,89
06/09/2021,SMX,CA,AWP,WE,Federal Contract Tower,2,7,9,0,18,0,12,32,0,44,2,19,41,0,62,24,0,24,86
06/10/2021,SMX,CA,AWP,WE,Federal Contract Tower,5,7,5,3,20,0,4,28,5,37,5,11,33,8,57,14,14,28,85
06/11/2021,SMX,CA,AWP,WE,Federal Contract Tower,3,7,9,0,19,0,9,46,0,55,3,16,55,0,74,16,2,18,92
06/12/2021,SMX,CA,AWP,WE,Federal Contract Tower,1,2,8,0,11,0,2,69,0,71,1,4,77,0,82,88,0,88,170
06/13/2021,SMX,CA,AWP,WE,Federal Contract Tower,8,3,14,0,25,0,4,31,0,35,8,7,45,0,60,34,0,34,94
06/14/2021,SMX,CA,AWP,WE,Federal Contract Tower,0,6,13,0,19,0,10,28,0,38,0,16,41,0,57,22,0,22,79
06/15/2021,SMX,CA,AWP,WE,Federal Contract Tower,0,9,6,2,17,0,12,49,2,63,0,21,55,4,80,24,12,36,116
06/16/2021,SMX,CA,AWP,WE,Federal Contract Tower,2,6,7,0,15,0,6,53,0,59,2,12,60,0,74,28,0,28,102
06/17/2021,SMX,CA,AWP,WE,Federal Contract Tower,5,7,14,0,26,0,7,40,0,47,5,14,54,0,73,50,0,50,123
06/18/2021,SMX,CA,AWP,WE,Federal Contract Tower,4,6,15,0,25,0,6,48,0,54,4,12,63,0,79,34,0,34,113
06/19/2021,SMX,CA,AWP,WE,Federal Contract Tower,0,6,8,0,14,0,6,40,0,46,0,12,48,0,60,72,0,72,132
06/20/2021,SMX,CA,AWP,WE,Federal Contract Tower,6,1,14,0,21,0,3,32,0,35,6,4,46,0,56,16,0,16,72
06/21/2021,SMX,CA,AWP,WE,Federal Contract Tower,0,9,18,0,27,0,9,39,0,48,0,18,57,0,75,6,0,6,81
06/22/2021,SMX,CA,AWP,WE,Federal Contract Tower,2,11,20,7,40,0,11,39,2,52,2,22,59,9,92,22,22,44,136
06/23/2021,SMX,CA,AWP,WE,Federal Contract Tower,2,10,15,2,29,0,11,44,0,55,2,21,59,2,84,50,22,72,156
06/24/2021,SMX,CA,AWP,WE,Federal Contract Tower,4,7,10,3,24,12,45,2,0,59,16,52,12,3,83,84,8,92,175
06/25/2021,SMX,CA,AWP,WE,Federal Contract Tower,2,11,10,0,23,0,9,49,4,62,2,20,59,4,85,60,0,60,145
06/26/2021,SMX,CA,AWP,WE,Federal Contract Tower,0,3,9,1,13,0,10,40,2,52,0,13,49,3,65,14,0,14,79
06/27/2021,SMX,CA,AWP,WE,Federal Contract Tower,6,5,14,0,25,0,4,43,4,51,6,9,57,4,76,16,8,24,100
06/28/2021,SMX,CA,AWP,WE,Federal Contract Tower,0,7,11,0,18,0,8,37,2,47,0,15,48,2,65,22,0,22,87
06/29/2021,SMX,CA,AWP,WE,Federal Contract Tower,0,11,20,0,31,0,6,54,2,62,0,17,74,2,93,68,6,74,167
06/30/2021,SMX,CA,AWP,WE,Federal Contract Tower,2,11,14,0,27,0,4,44,0,48,2,15,58,0,75,52,0,52,127
07/01/2021,SMX,CA,AWP,WE,Federal Contract Tower,2,12,17,4,35,0,8,33,0,41,2,20,50,4,76,28,4,32,108
07/02/2021,SMX,CA,AWP,WE,Federal Contract Tower,2,10,16,0,28,0,6,52,0,58,2,16,68,0,86,46,0,46,132
07/03/2021,SMX,CA,AWP,WE,Federal Contract Tower,0,7,19,0,26,0,10,30,0,40,0,17,49,0,66,16,0,16,82
07/04/2021,SMX,CA,AWP,WE,Federal Contract Tower,8,0,5,0,13,0,8,22,0,30,8,8,27,0,43,26,0,26,69
07/05/2021,SMX,CA,AWP,WE,Federal Contract Tower,0,2,19,0,21,0,2,28,0,30,0,4,47,0,51,48,0,48,99
07/06/2021,SMX,CA,AWP,WE,Federal Contract Tower,0,11,8,2,21,0,4,37,0,41,0,15,45,2,62,38,0,38,100
07/07/2021,SMX,CA,AWP,WE,Federal Contract Tower,2,11,10,0,23,0,14,23,0,37,2,25,33,0,60,10,0,10,70
07/08/2021,SMX,CA,AWP,WE,Federal Contract Tower,4,8,14,0,26,0,5,51,1,57,4,13,65,1,83,30,4,34,117
07/09/2021,SMX,CA,AWP,WE,Federal Contract Tower,0,6,7,1,14,0,12,66,1,79,0,18,73,2,93,78,4,82,175
07/10/2021,SMX,CA,AWP,WE,Federal Contract Tower,0,2,8,0,10,0,1,41,4,46,0,3,49,4,56,22,8,30,86
07/11/2021,SMX,CA,AWP,WE,Federal Contract Tower,8,3,9,0,20,0,4,38,0,42,8,7,47,0,62,36,0,36,98
07/12/2021,SMX,CA,AWP,WE,Federal Contract Tower,0,10,15,2,27,0,12,58,0,70,0,22,73,2,97,6,0,6,103
07/13/2021,SMX,CA,AWP,WE,Federal Contract Tower,0,20,10,3,33,0,4,30,0,34,0,24,40,3,67,18,0,18,85
07/14/2021,SMX,CA,AWP,WE,Federal Contract Tower,2,12,22,3,39,0,3,51,4,58,2,15,73,7,97,32,18,50,147
07/15/2021,SMX,CA,AWP,WE,Federal Contract Tower,4,11,17,2,34,0,4,46,1,51,4,15,63,3,85,24,0,24,109
07/16/2021,SMX,CA,AWP,WE,Federal Contract Tower,0,9,14,0,23,0,6,29,1,36,0,15,43,1,59,20,0,20,79
07/17/2021,SMX,CA,AWP,WE,Federal Contract Tower,0,6,16,1,23,0,3,41,2,46,0,9,57,3,69,36,6,42,111
07/18/2021,SMX,CA,AWP,WE,Federal Contract Tower,8,0,16,0,24,0,4,35,0,39,8,4,51,0,63,12,0,12,75
07/19/2021,SMX,CA,AWP,WE,Federal Contract Tower,0,6,4,0,10,0,10,57,0,67,0,16,61,0,77,32,0,32,109
07/20/2021,SMX,CA,AWP,WE,Federal Contract Tower,0,11,7,0,18,0,2,39,2,43,0,13,46,2,61,28,0,28,89
07/21/2021,SMX,CA,AWP,WE,Federal Contract Tower,2,14,8,1,25,0,13,32,2,47,2,27,40,3,72,8,0,8,80
07/22/2021,SMX,CA,AWP,WE,Federal Contract Tower,4,11,25,5,45,0,4,30,2,36,4,15,55,7,81,44,20,64,145
07/23/2021,SMX,CA,AWP,WE,Federal Contract Tower,1,10,16,2,29,0,5,28,1,34,1,15,44,3,63,10,4,14,77
07/24/2021,SMX,CA,AWP,WE,Federal Contract Tower,0,2,10,0,12,0,5,27,0,32,0,7,37,0,44,60,0,60,104
07/25/2021,SMX,CA,AWP,WE,Federal Contract Tower,7,1,13,0,21,0,7,22,0,29,7,8,35,0,50,8,0,8,58
07/26/2021,SMX,CA,AWP,WE,Federal Contract Tower,0,7,8,5,20,0,8,18,1,27,0,15,26,6,47,20,24,44,91
07/27/2021,SMX,CA,AWP,WE,Federal Contract Tower,0,13,11,0,24,0,9,31,0,40,0,22,42,0,64,8,2,10,74
07/28/2021,SMX,CA,AWP,WE,Federal Contract Tower,4,12,8,0,24,0,4,34,0,38,4,16,42,0,62,46,0,46,108
07/29/2021,SMX,CA,AWP,WE,Federal Contract Tower,4,10,18,0,32,0,5,39,0,44,4,15,57,0,76,26,0,26,102
07/30/2021,SMX,CA,AWP,WE,Federal Contract Tower,0,10,19,0,29,0,5,48,0,53,0,15,67,0,82,20,0,20,102
07/31/2021,SMX,CA,AWP,WE,Federal Contract Tower,0,6,13,0,19,0,7,51,0,58,0,13,64,0,77,16,0,16,93
08/01/2021,SMX,CA,AWP,WE,Federal Contract Tower,4,1,8,0,13,0,9,56,0,65,4,10,64,0,78,28,0,28,106
08/02/2021,SMX,CA,AWP,WE,Federal Contract Tower,0,7,7,1,15,0,7,44,4,55,0,14,51,5,70,22,8,30,100
08/03/2021,SMX,CA,AWP,WE,Federal Contract Tower,0,11,12,0,23,0,1,41,0,42,0,12,53,0,65,8,6,14,79
08/04/2021,SMX,CA,AWP,WE,Federal Contract Tower,0,17,17,0,34,0,5,27,0,32,0,22,44,0,66,22,0,22,88
08/05/2021,SMX,CA,AWP,WE,Federal Contract Tower,6,12,12,0,30,0,3,39,3,45,6,15,51,3,75,14,2,16,91
08/06/2021,SMX,CA,AWP,WE,Federal Contract Tower,0,9,15,0,24,0,10,39,1,50,0,19,54,1,74,24,0,24,98
08/07/2021,SMX,CA,AWP,WE,Federal Contract Tower,0,3,7,0,10,0,7,38,0,45,0,10,45,0,55,22,0,22,77
08/08/2021,SMX,CA,AWP,WE,Federal Contract Tower,6,2,12,0,20,0,2,41,0,43,6,4,53,0,63,6,0,6,69
08/09/2021,SMX,CA,AWP,WE,Federal Contract Tower,0,7,6,0,13,0,7,43,2,52,0,14,49,2,65,66,0,66,131
08/10/2021,SMX,CA,AWP,WE,Federal Contract Tower,0,14,4,0,18,0,7,42,2,51,0,21,46,2,69,54,0,54,123
08/11/2021,SMX,CA,AWP,WE,Federal Contract Tower,0,9,9,1,19,0,7,41,2,50,0,16,50,3,69,24,16,40,109
08/12/2021,SMX,CA,AWP,WE,Federal Contract Tower,5,8,13,1,27,0,8,38,7,53,5,16,51,8,80,20,14,34,114
08/13/2021,SMX,CA,AWP,WE,Federal Contract Tower,0,10,16,0,26,0,9,34,0,43,0,19,50,0,69,70,0,70,139
08/14/2021,SMX,CA,AWP,WE,Federal Contract Tower,0,4,5,0,9,0,8,45,0,53,0,12,50,0,62,38,0,38,100
08/15/2021,SMX,CA,AWP,WE,Federal Contract Tower,7,0,9,0,16,0,1,32,0,33,7,1,41,0,49,30,0,30,79
08/16/2021,SMX,CA,AWP,WE,Federal Contract Tower,0,7,20,2,29,0,9,26,1,36,0,16,46,3,65,80,0,80,145
08/17/2021,SMX,CA,AWP,WE,Federal Contract Tower,0,11,9,2,22,0,11,39,1,51,0,22,48,3,73,20,2,22,95
08/18/2021,SMX,CA,AWP,WE,Federal Contract Tower,4,22,25,0,51,0,3,2,0,5,4,25,27,0,56,4,0,4,60
08/19/2021,SMX,CA,AWP,WE,Federal Contract Tower,4,11,7,0,22,0,11,39,0,50,4,22,46,0,72,34,0,34,106
08/20/2021,SMX,CA,AWP,WE,Federal Contract Tower,2,8,15,6,31,0,4,21,12,37,2,12,36,18,68,16,32,48,116
08/21/2021,SMX,CA,AWP,WE,Federal Contract Tower,3,4,11,0,18,0,5,11,0,16,3,9,22,0,34,10,0,10,44
08/22/2021,SMX,CA,AWP,WE,Federal Contract Tower,4,1,15,1,21,0,10,43,0,53,4,11,58,1,74,22,0,22,96
08/23/2021,SMX,CA,AWP,WE,Federal Contract Tower,0,10,10,3,23,0,5,40,18,63,0,15,50,21,86,0,60,60,146
08/24/2021,SMX,CA,AWP,WE,Federal Contract Tower,0,11,5,2,18,0,11,39,4,54,0,22,44,6,72,18,2,20,92
08/25/2021,SMX,CA,AWP,WE,Federal Contract Tower,2,14,10,0,26,0,7,41,10,58,2,21,51,10,84,18,14,32,116
08/26/2021,SMX,CA,AWP,WE,Federal Contract Tower,4,14,24,1,43,0,3,33,2,38,4,17,57,3,81,30,6,36,117
08/27/2021,SMX,CA,AWP,WE,Federal Contract Tower,2,10,7,2,21,0,1,61,3,65,2,11,68,5,86,36,2,38,124
08/28/2021,SMX,CA,AWP,WE,Federal Contract Tower,0,3,11,5,19,0,12,47,12,71,0,15,58,17,90,12,0,12,102
08/29/2021,SMX,CA,AWP,WE,Federal Contract Tower,4,1,22,1,28,0,9,40,0,49,4,10,62,1,77,2,0,2,79
08/30/2021,SMX,CA,AWP,WE,Federal Contract Tower,0,9,10,0,19,0,8,32,0,40,0,17,42,0,59,6,0,6,65
08/31/2021,SMX,CA,AWP,WE,Federal Contract Tower,0,13,14,2,29,0,5,23,0,28,0,18,37,2,57,22,0,22,79
09/01/2021,SMX,CA,AWP,WE,Federal Contract Tower,2,12,10,0,24,0,9,17,0,26,2,21,27,0,50,16,0,16,66
09/02/2021,SMX,CA,AWP,WE,Federal Contract Tower,4,11,24,1,40,0,2,36,2,40,4,13,60,3,80,22,0,22,102
09/03/2021,SMX,CA,AWP,WE,Federal Contract Tower,2,14,15,0,31,0,9,60,0,69,2,23,75,0,100,18,0,18,118
09/04/2021,SMX,CA,AWP,WE,Federal Contract Tower,0,5,18,0,23,0,5,61,0,66,0,10,79,0,89,36,0,36,125
09/05/2021,SMX,CA,AWP,WE,Federal Contract Tower,4,4,10,0,18,0,4,45,1,50,4,8,55,1,68,14,0,14,82
09/06/2021,SMX,CA,AWP,WE,Federal Contract Tower,2,3,7,1,13,0,7,46,0,53,2,10,53,1,66,2,0,2,68
09/07/2021,SMX,CA,AWP,WE,Federal Contract Tower,0,8,11,0,19,0,6,40,0,46,0,14,51,0,65,40,0,40,105
09/08/2021,SMX,CA,AWP,WE,Federal Contract Tower,3,15,12,1,31,0,8,43,2,53,3,23,55,3,84,14,0,14,98
09/09/2021,SMX,CA,AWP,WE,Federal Contract Tower,3,12,15,0,30,0,5,39,0,44,3,17,54,0,74,28,0,28,102
09/10/2021,SMX,CA,AWP,WE,Federal Contract Tower,1,17,26,0,44,0,7,47,12,66,1,24,73,12,110,64,12,76,186
09/11/2021,SMX,CA,AWP,WE,Federal Contract Tower,0,5,19,0,24,0,5,55,0,60,0,10,74,0,84,56,6,62,146
09/12/2021,SMX,CA,AWP,WE,Federal Contract Tower,2,0,31,0,33,0,4,32,0,36,2,4,63,0,69,18,0,18,87
09/13/2021,SMX,CA,AWP,WE,Federal Contract Tower,0,6,13,3,22,0,2,57,0,59,0,8,70,3,81,16,2,18,99
09/14/2021,SMX,CA,AWP,WE,Federal Contract Tower,0,12,10,4,26,0,8,46,1,55,0,20,56,5,81,34,10,44,125
09/15/2021,SMX,CA,AWP,WE,Federal Contract Tower,2,20,14,0,36,0,11,25,0,36,2,31,39,0,72,28,0,28,100
09/16/2021,SMX,CA,AWP,WE,Federal Contract Tower,3,14,21,0,38,0,2,27,0,29,3,16,48,0,67,38,0,38,105
09/17/2021,SMX,CA,AWP,WE,Federal Contract Tower,4,11,12,0,27,0,4,39,0,43,4,15,51,0,70,28,0,28,98
09/18/2021,SMX,CA,AWP,WE,Federal Contract Tower,0,3,12,0,15,0,8,41,0,49,0,11,53,0,64,40,0,40,104
09/19/2021,SMX,CA,AWP,WE,Federal Contract Tower,2,1,23,0,26,0,2,50,0,52,2,3,73,0,78,20,0,20,98
09/20/2021,SMX,CA,AWP,WE,Federal Contract Tower,0,8,12,0,20,0,6,29,0,35,0,14,41,0,55,20,0,20,75
09/21/2021,SMX,CA,AWP,WE,Federal Contract Tower,0,12,10,0,22,0,14,52,0,66,0,26,62,0,88,48,0,48,136
09/22/2021,SMX,CA,AWP,WE,Federal Contract Tower,2,11,20,1,34,0,7,29,2,38,2,18,49,3,72,11,8,19,91
09/23/2021,SMX,CA,AWP,WE,Federal Contract Tower,1,10,17,0,28,0,1,30,0,31,1,11,47,0,59,6,0,6,65
09/24/2021,SMX,CA,AWP,WE,Federal Contract Tower,2,11,20,0,33,0,7,34,0,41,2,18,54,0,74,8,0,8,82
09/25/2021,SMX,CA,AWP,WE,Federal Contract Tower,2,4,8,0,14,0,6,28,0,34,2,10,36,0,48,18,0,18,66
09/26/2021,SMX,CA,AWP,WE,Federal Contract Tower,2,0,26,0,28,0,5,11,0,16,2,5,37,0,44,6,0,6,50
09/27/2021,SMX,CA,AWP,WE,Federal Contract Tower,0,10,22,0,32,0,1,10,0,11,0,11,32,0,43,2,0,2,45
09/28/2021,SMX,CA,AWP,WE,Federal Contract Tower,0,20,8,0,28,0,2,25,0,27,0,22,33,0,55,64,0,64,119
09/29/2021,SMX,CA,AWP,WE,Federal Contract Tower,4,13,5,2,24,0,13,48,0,61,4,26,53,2,85,16,0,16,101
09/30/2021,SMX,CA,AWP,WE,Federal Contract Tower,3,14,3,0,20,0,9,48,0,57,3,23,51,0,77,22,0,22,99
10/01/2021,SMX,CA,AWP,WE,Federal Contract Tower,2,10,11,0,23,0,13,41,0,54,2,23,52,0,77,48,0,48,125
10/02/2021,SMX,CA,AWP,WE,Federal Contract Tower,0,3,4,0,7,0,6,38,0,44,0,9,42,0,51,20,0,20,71
10/03/2021,SMX,CA,AWP,WE,Federal Contract Tower,4,2,7,1,14,0,5,71,2,78,4,7,78,3,92,40,2,42,134
10/04/2021,SMX,CA,AWP,WE,Federal Contract Tower,0,6,11,0,17,0,12,48,0,60,0,18,59,0,77,10,0,10,87
10/05/2021,SMX,CA,AWP,WE,Federal Contract Tower,0,6,4,0,10,0,15,48,0,63,0,21,52,0,73,42,0,42,115
10/06/2021,SMX,CA,AWP,WE,Federal Contract Tower,2,18,20,0,40,0,3,21,0,24,2,21,41,0,64,32,0,32,96
10/07/2021,SMX,CA,AWP,WE,Federal Contract Tower,4,10,23,0,37,0,5,7,0,12,4,15,30,0,49,0,0,0,49
10/08/2021,SMX,CA,AWP,WE,Federal Contract Tower,2,7,17,0,26,0,9,34,0,43,2,16,51,0,69,30,0,30,99
10/09/2021,SMX,CA,AWP,WE,Federal Contract Tower,0,3,5,0,8,0,13,40,0,53,0,16,45,0,61,12,0,12,73
10/10/2021,SMX,CA,AWP,WE,Federal Contract Tower,4,0,4,0,8,0,3,56,0,59,4,3,60,0,67,40,0,40,107
10/11/2021,SMX,CA,AWP,WE,Federal Contract Tower,0,5,6,0,11,0,2,38,0,40,0,7,44,0,51,6,0,6,57
10/12/2021,SMX,CA,AWP,WE,Federal Contract Tower,0,7,3,0,10,0,9,102,2,113,0,16,105,2,123,8,4,12,135
10/13/2021,SMX,CA,AWP,WE,Federal Contract Tower,2,10,15,3,30,0,14,155,3,172,2,24,170,6,202,8,4,12,214
10/14/2021,SMX,CA,AWP,WE,Federal Contract Tower,2,7,14,0,23,0,14,54,0,68,2,21,68,0,91,26,2,28,119
10/15/2021,SMX,CA,AWP,WE,Federal Contract Tower,1,12,8,0,21,0,2,82,0,84,1,14,90,0,105,34,10,44,149
10/16/2021,SMX,CA,AWP,WE,Federal Contract Tower,0,6,11,0,17,0,4,106,0,110,0,10,117,0,127,14,0,14,141
10/17/2021,SMX,CA,AWP,WE,Federal Contract Tower,3,4,4,1,12,0,6,38,1,45,3,10,42,2,57,2,4,6,63
10/18/2021,SMX,CA,AWP,WE,Federal Contract Tower,0,10,15,1,26,0,4,37,0,41,0,14,52,1,67,6,2,8,75
10/19/2021,SMX,CA,AWP,WE,Federal Contract Tower,0,9,7,0,16,0,14,62,0,76,0,23,69,0,92,22,0,22,114
10/20/2021,SMX,CA,AWP,WE,Federal Contract Tower,2,7,6,2,17,0,2,41,2,45,2,9,47,4,62,20,24,44,106
10/21/2021,SMX,CA,AWP,WE,Federal Contract Tower,6,12,17,1,36,0,3,39,0,42,6,15,56,1,78,8,8,16,94
10/23/2021,SMX,CA,AWP,WE,Federal Contract Tower,0,6,13,0,19,0,8,39,1,48,0,14,52,1,67,30,2,32,99
10/24/2021,SMX,CA,AWP,WE,Federal Contract Tower,2,1,6,2,11,0,11,8,0,19,2,12,14,2,30,4,0,4,34
10/25/2021,SMX,CA,AWP,WE,Federal Contract Tower,0,10,11,0,21,0,5,10,0,15,0,15,21,0,36,0,0,0,36
10/26/2021,SMX,CA,AWP,WE,Federal Contract Tower,0,10,9,2,21,0,17,29,0,46,0,27,38,2,67,30,0,30,97
10/27/2021,SMX,CA,AWP,WE,Federal Contract Tower,2,9,7,1,19,0,12,53,1,66,2,21,60,2,85,34,8,42,127
10/28/2021,SMX,CA,AWP,WE,Federal Contract Tower,4,9,14,0,27,0,1,48,0,49,4,10,62,0,76,14,0,14,90
10/29/2021,SMX,CA,AWP,WE,Federal Contract Tower,0,6,3,0,9,0,7,74,12,93,0,13,77,12,102,8,6,14,116
10/30/2021,SMX,CA,AWP,WE,Federal Contract Tower,2,8,17,0,27,0,0,10,0,10,2,8,27,0,37,16,0,16,53
10/31/2021,SMX,CA,AWP,WE,Federal Contract Tower,4,3,18,0,25,0,5,43,0,48,4,8,61,0,73,8,0,8,81
11/01/2021,SMX,CA,AWP,WE,Federal Contract Tower,0,10,16,0,26,0,10,16,0,26,0,20,32,0,52,8,14,22,74
11/02/2021,SMX,CA,AWP,WE,Federal Contract Tower,0,9,10,4,23,0,12,34,0,46,0,21,44,4,69,18,2,20,89
11/03/2021,SMX,CA,AWP,WE,Federal Contract Tower,2,13,8,0,23,0,4,28,0,32,2,17,36,0,55,20,0,20,75
11/04/2021,SMX,CA,AWP,WE,Federal Contract Tower,4,15,8,2,29,0,5,40,1,46,4,20,48,3,75,16,4,20,95
11/05/2021,SMX,CA,AWP,WE,Federal Contract Tower,0,9,9,0,18,0,6,54,0,60,0,15,63,0,78,22,0,22,100
11/06/2021,SMX,CA,AWP,WE,Federal Contract Tower,0,3,15,0,18,0,2,45,0,47,0,5,60,0,65,18,0,18,83
11/07/2021,SMX,CA,AWP,WE,Federal Contract Tower,1,1,12,0,14,0,4,40,0,44,1,5,52,0,58,6,0,6,64
11/08/2021,SMX,CA,AWP,WE,Federal Contract Tower,0,9,10,4,23,0,16,38,1,55,0,25,48,5,78,16,26,42,120
11/09/2021,SMX,CA,AWP,WE,Federal Contract Tower,0,14,13,0,27,0,0,1,0,1,0,14,14,0,28,10,0,10,38
11/10/2021,SMX,CA,AWP,WE,Federal Contract Tower,2,9,12,1,24,0,12,27,2,41,2,21,39,3,65,32,8,40,105
11/11/2021,SMX,CA,AWP,WE,Federal Contract Tower,4,10,4,0,18,0,7,44,8,59,4,17,48,8,77,8,22,30,107
11/12/2021,SMX,CA,AWP,WE,Federal Contract Tower,1,6,19,0,26,0,5,77,0,82,1,11,96,0,108,24,8,32,140
11/13/2021,SMX,CA,AWP,WE,Federal Contract Tower,1,4,15,1,21,0,4,72,0,76,1,8,87,1,97,64,2,66,163
11/14/2021,SMX,CA,AWP,WE,Federal Contract Tower,2,2,5,0,9,0,4,43,1,48,2,6,48,1,57,20,10,30,87
11/15/2021,SMX,CA,AWP,WE,Federal Contract Tower,0,7,13,2,22,0,5,31,3,39,0,12,44,5,61,34,26,60,121
11/16/2021,SMX,CA,AWP,WE,Federal Contract Tower,0,12,11,0,23,0,2,46,2,50,0,14,57,2,73,14,0,14,87
11/17/2021,SMX,CA,AWP,WE,Federal Contract Tower,0,11,20,0,31,0,2,37,0,39,0,13,57,0,70,50,0,50,120
11/18/2021,SMX,CA,AWP,WE,Federal Contract Tower,4,12,19,1,36,0,0,19,0,19,4,12,38,1,55,14,2,16,71
11/19/2021,SMX,CA,AWP,WE,Federal Contract Tower,1,12,7,4,24,0,0,26,1,27,1,12,33,5,51,14,4,18,69
11/20/2021,SMX,CA,AWP,WE,Federal Contract Tower,0,7,8,0,15,0,1,44,0,45,0,8,52,0,60,44,0,44,104
11/21/2021,SMX,CA,AWP,WE,Federal Contract Tower,4,4,2,0,10,0,4,42,0,46,4,8,44,0,56,18,0,18,74
11/22/2021,SMX,CA,AWP,WE,Federal Contract Tower,2,7,8,2,19,0,6,39,3,48,2,13,47,5,67,8,0,8,75
11/23/2021,SMX,CA,AWP,WE,Federal Contract Tower,4,11,6,0,21,0,9,28,0,37,4,20,34,0,58,32,0,32,90
11/24/2021,SMX,CA,AWP,WE,Federal Contract Tower,2,10,10,1,23,0,10,61,0,71,2,20,71,1,94,13,0,13,107
11/25/2021,SMX,CA,AWP,WE,Federal Contract Tower,0,0,2,0,2,0,4,28,0,32,0,4,30,0,34,4,0,4,38
11/26/2021,SMX,CA,AWP,WE,Federal Contract Tower,0,8,15,0,23,0,1,33,0,34,0,9,48,0,57,42,0,42,99
11/27/2021,SMX,CA,AWP,WE,Federal Contract Tower,4,4,7,0,15,0,7,61,0,68,4,11,68,0,83,24,0,24,107
11/28/2021,SMX,CA,AWP,WE,Federal Contract Tower,2,1,5,0,8,0,10,43,0,53,2,11,48,0,61,0,0,0,61
11/29/2021,SMX,CA,AWP,WE,Federal Contract Tower,2,7,8,2,19,0,6,38,0,44,2,13,46,2,63,2,14,16,79
11/30/2021,SMX,CA,AWP,WE,Federal Contract Tower,0,15,4,0,19,0,10,42,0,52,0,25,46,0,71,16,0,16,87
12/01/2021,SMX,CA,AWP,WE,Federal Contract Tower,0,9,7,0,16,0,3,37,2,42,0,12,44,2,58,10,12,22,80
12/02/2021,SMX,CA,AWP,WE,Federal Contract Tower,0,11,9,0,20,0,8,23,0,31,0,19,32,0,51,28,0,28,79
12/03/2021,SMX,CA,AWP,WE,Federal Contract Tower,2,9,18,0,29,0,2,2,0,4,2,11,20,0,33,2,0,2,35
12/04/2021,SMX,CA,AWP,WE,Federal Contract Tower,0,3,8,0,11,0,1,19,0,20,0,4,27,0,31,22,0,22,53
12/05/2021,SMX,CA,AWP,WE,Federal Contract Tower,0,1,15,0,16,0,2,35,2,39,0,3,50,2,55,24,0,24,79
12/06/2021,SMX,CA,AWP,WE,Federal Contract Tower,0,6,20,1,27,0,9,13,6,28,0,15,33,7,55,42,0,42,97
12/07/2021,SMX,CA,AWP,WE,Federal Contract Tower,0,12,13,0,25,0,2,11,0,13,0,14,24,0,38,18,0,18,56
12/08/2021,SMX,CA,AWP,WE,Federal Contract Tower,0,7,16,2,25,0,8,26,0,34,0,15,42,2,59,10,8,18,77
12/09/2021,SMX,CA,AWP,WE,Federal Contract Tower,0,13,11,0,24,0,2,4,0,6,0,15,15,0,30,14,0,14,44
12/10/2021,SMX,CA,AWP,WE,Federal Contract Tower,0,10,23,2,35,0,6,49,2,57,0,16,72,4,92,38,2,40,132
12/11/2021,SMX,CA,AWP,WE,Federal Contract Tower,0,3,5,2,10,0,4,64,6,74,0,7,69,8,84,6,2,8,92
12/12/2021,SMX,CA,AWP,WE,Federal Contract Tower,0,0,12,4,16,0,7,56,0,63,0,7,68,4,79,24,36,60,139
12/13/2021,SMX,CA,AWP,WE,Federal Contract Tower,0,9,2,0,11,0,5,1,0,6,0,14,3,0,17,0,0,0,17
12/14/2021,SMX,CA,AWP,WE,Federal Contract Tower,0,14,4,0,18,0,1,1,0,2,0,15,5,0,20,0,0,0,20
12/15/2021,SMX,CA,AWP,WE,Federal Contract Tower,0,12,12,0,24,0,10,49,0,59,0,22,61,0,83,34,0,34,117
12/16/2021,SMX,CA,AWP,WE,Federal Contract Tower,2,15,7,0,24,0,0,3,0,3,2,15,10,0,27,13,0,13,40
12/17/2021,SMX,CA,AWP,WE,Federal Contract Tower,0,14,14,1,29,0,6,50,9,65,0,20,64,10,94,18,0,18,112
12/18/2021,SMX,CA,AWP,WE,Federal Contract Tower,0,5,5,0,10,0,4,50,7,61,0,9,55,7,71,20,6,26,97
12/19/2021,SMX,CA,AWP,WE,Federal Contract Tower,4,0,13,2,19,0,0,34,2,36,4,0,47,4,55,10,0,10,65
12/20/2021,SMX,CA,AWP,WE,Federal Contract Tower,0,11,12,1,24,0,2,30,4,36,0,13,42,5,60,20,0,20,80
12/21/2021,SMX,CA,AWP,WE,Federal Contract Tower,0,15,10,0,25,0,5,30,0,35,0,20,40,0,60,18,0,18,78
12/22/2021,SMX,CA,AWP,WE,Federal Contract Tower,2,22,7,0,31,0,8,11,0,19,2,30,18,0,50,4,0,4,54
12/23/2021,SMX,CA,AWP,WE,Federal Contract Tower,2,13,12,0,27,0,0,0,0,0,2,13,12,0,27,0,0,0,27
12/24/2021,SMX,CA,AWP,WE,Federal Contract Tower,3,7,2,0,12,0,4,5,0,9,3,11,7,0,21,3,0,3,24
12/25/2021,SMX,CA,AWP,WE,Federal Contract Tower,0,1,3,0,4,0,0,5,0,5,0,1,8,0,9,0,0,0,9
12/26/2021,SMX,CA,AWP,WE,Federal Contract Tower,2,1,13,0,16,0,0,34,0,34,2,1,47,0,50,8,0,8,58
12/27/2021,SMX,CA,AWP,WE,Federal Contract Tower,0,11,8,2,21,0,2,2,0,4,0,13,10,2,25,0,0,0,25
12/28/2021,SMX,CA,AWP,WE,Federal Contract Tower,0,8,6,0,14,0,5,24,0,29,0,13,30,0,43,2,0,2,45
12/29/2021,SMX,CA,AWP,WE,Federal Contract Tower,2,13,8,0,23,0,2,0,0,2,2,15,8,0,25,0,0,0,25
12/30/2021,SMX,CA,AWP,WE,Federal Contract Tower,0,10,6,0,16,0,4,9,0,13,0,14,15,0,29,0,0,0,29
12/31/2021,SMX,CA,AWP,WE,Federal Contract Tower,2,7,2,0,11,0,4,28,0,32,2,11,30,0,43,14,0,14,57
01/01/2022,SMX,CA,AWP,WE,Federal Contract Tower,0,0,6,0,6,0,0,34,0,34,0,0,40,0,40,7,0,7,47
01/02/2022,SMX,CA,AWP,WE,Federal Contract Tower,4,0,4,0,8,0,9,44,0,53,4,9,48,0,61,24,0,24,85
01/03/2022,SMX,CA,AWP,WE,Federal Contract Tower,0,5,7,0,12,0,6,33,0,39,0,11,40,0,51,8,0,8,59
01/04/2022,SMX,CA,AWP,WE,Federal Contract Tower,0,8,3,0,11,0,8,40,0,48,0,16,43,0,59,8,0,8,67
01/05/2022,SMX,CA,AWP,WE,Federal Contract Tower,0,12,6,0,18,0,10,27,0,37,0,22,33,0,55,17,0,17,72
01/06/2022,SMX,CA,AWP,WE,Federal Contract Tower,2,12,12,0,26,0,6,21,0,27,2,18,33,0,53,25,0,25,78
01/07/2022,SMX,CA,AWP,WE,Federal Contract Tower,2,10,7,0,19,0,1,5,0,6,2,11,12,0,25,12,0,12,37
01/08/2022,SMX,CA,AWP,WE,Federal Contract Tower,0,7,11,0,18,0,0,30,2,32,0,7,41,2,50,20,2,22,72
01/09/2022,SMX,CA,AWP,WE,Federal Contract Tower,2,1,14,0,17,0,3,37,2,42,2,4,51,2,59,38,0,38,97
01/10/2022,SMX,CA,AWP,WE,Federal Contract Tower,0,4,11,0,15,0,6,16,0,22,0,10,27,0,37,6,0,6,43
01/11/2022,SMX,CA,AWP,WE,Federal Contract Tower,0,10,13,0,23,0,11,40,0,51,0,21,53,0,74,16,0,16,90
01/12/2022,SMX,CA,AWP,WE,Federal Contract Tower,0,9,9,0,18,0,7,41,0,48,0,16,50,0,66,18,0,18,84
01/13/2022,SMX,CA,AWP,WE,Federal Contract Tower,2,12,13,0,27,0,10,41,0,51,2,22,54,0,78,14,0,14,92
01/14/2022,SMX,CA,AWP,WE,Federal Contract Tower,4,10,11,0,25,0,10,30,0,40,4,20,41,0,65,14,0,14,79
01/15/2022,SMX,CA,AWP,WE,Federal Contract Tower,0,5,7,0,12,0,9,24,0,33,0,14,31,0,45,10,0,10,55
01/16/2022,SMX,CA,AWP,WE,Federal Contract Tower,2,3,8,0,13,0,6,34,0,40,2,9,42,0,53,2,0,2,55
01/17/2022,SMX,CA,AWP,WE,Federal Contract Tower,2,5,6,0,13,0,6,29,0,35,2,11,35,0,48,2,0,2,50
01/18/2022,SMX,CA,AWP,WE,Federal Contract Tower,0,11,14,0,25,0,4,11,0,15,0,15,25,0,40,8,0,8,48
01/19/2022,SMX,CA,AWP,WE,Federal Contract Tower,0,14,10,2,26,0,10,25,3,38,0,24,35,5,64,8,0,8,72
01/20/2022,SMX,CA,AWP,WE,Federal Contract Tower,0,12,11,0,23,0,5,37,0,42,0,17,48,0,65,52,0,52,117
01/21/2022,SMX,CA,AWP,WE,Federal Contract Tower,2,9,13,1,25,0,7,36,5,48,2,16,49,6,73,36,0,36,109
01/22/2022,SMX,CA,AWP,WE,Federal Contract Tower,0,2,11,0,13,0,4,43,0,47,0,6,54,0,60,82,0,82,142
01/23/2022,SMX,CA,AWP,WE,Federal Contract Tower,2,0,14,0,16,0,5,48,0,53,2,5,62,0,69,22,0,22,91
01/24/2022,SMX,CA,AWP,WE,Federal Contract Tower,0,8,8,0,16,0,6,27,0,33,0,14,35,0,49,84,0,84,133
01/25/2022,SMX,CA,AWP,WE,Federal Contract Tower,0,9,9,2,20,0,9,44,1,54,0,18,53,3,74,40,10,50,124
01/26/2022,SMX,CA,AWP,WE,Federal Contract Tower,0,11,17,2,30,0,5,39,0,44,0,16,56,2,74,52,16,68,142
01/27/2022,SMX,CA,AWP,WE,Federal Contract Tower,2,10,12,2,26,0,5,47,1,53,2,15,59,3,79,33,8,41,120
01/28/2022,SMX,CA,AWP,WE,Federal Contract Tower,2,10,10,2,24,0,10,36,2,48,2,20,46,4,72,28,14,42,114
01/29/2022,SMX,CA,AWP,WE,Federal Contract Tower,0,2,17,0,19,0,6,40,0,46,0,8,57,0,65,52,0,52,117
01/30/2022,SMX,CA,AWP,WE,Federal Contract Tower,2,2,9,0,13,0,6,38,0,44,2,8,47,0,57,30,0,30,87
01/31/2022,SMX,CA,AWP,WE,Federal Contract Tower,0,9,7,0,16,0,2,43,0,45,0,11,50,0,61,22,0,22,83
02/01/2022,SMX,CA,AWP,WE,Federal Contract Tower,0,9,15,0,24,0,13,30,2,45,0,22,45,2,69,12,14,26,95
02/02/2022,SMX,CA,AWP,WE,Federal Contract Tower,0,9,13,1,23,0,14,37,1,52,0,23,50,2,75,48,22,70,145
02/03/2022,SMX,CA,AWP,WE,Federal Contract Tower,0,11,8,0,19,0,6,40,0,46,0,17,48,0,65,72,10,82,147
02/04/2022,SMX,CA,AWP,WE,Federal Contract Tower,0,10,11,0,21,0,6,36,0,42,0,16,47,0,63,20,0,20,83
02/05/2022,SMX,CA,AWP,WE,Federal Contract Tower,0,2,15,2,19,0,7,54,0,61,0,9,69,2,80,70,0,70,150
02/06/2022,SMX,CA,AWP,WE,Federal Contract Tower,0,1,9,0,10,0,3,50,0,53,0,4,59,0,63,10,0,10,73
02/07/2022,SMX,CA,AWP,WE,Federal Contract Tower,0,5,9,0,14,0,9,27,1,37,0,14,36,1,51,30,20,50,101
02/08/2022,SMX,CA,AWP,WE,Federal Contract Tower,0,12,9,0,21,0,6,44,0,50,0,18,53,0,71,52,0,52,123
02/09/2022,SMX,CA,AWP,WE,Federal Contract Tower,0,12,10,0,22,0,8,50,0,58,0,20,60,0,80,46,0,46,126
02/10/2022,SMX,CA,AWP,WE,Federal Contract Tower,0,8,12,0,20,0,7,22,0,29,0,15,34,0,49,40,0,40,89
02/11/2022,SMX,CA,AWP,WE,Federal Contract Tower,0,8,15,1,24,0,5,46,1,52,0,13,61,2,76,22,4,26,102
02/12/2022,SMX,CA,AWP,WE,Federal Contract Tower,0,3,15,0,18,0,9,42,0,51,0,12,57,0,69,16,0,16,85
02/13/2022,SMX,CA,AWP,WE,Federal Contract Tower,0,3,8,0,11,0,9,21,0,30,0,12,29,0,41,48,0,48,89
02/14/2022,SMX,CA,AWP,WE,Federal Contract Tower,0,19,16,1,36,0,10,27,0,37,0,29,43,1,73,42,2,44,117
02/15/2022,SMX,CA,AWP,WE,Federal Contract Tower,0,12,15,0,27,0,15,13,0,28,0,27,28,0,55,18,0,18,73
02/16/2022,SMX,CA,AWP,WE,Federal Contract Tower,0,11,17,1,29,0,13,50,0,63,0,24,67,1,92,48,6,54,146
02/17/2022,SMX,CA,AWP,WE,Federal Contract Tower,0,8,8,2,18,0,10,42,2,54,0,18,50,4,72,28,6,34,106
02/18/2022,SMX,CA,AWP,WE,Federal Contract Tower,2,7,12,0,21,0,10,56,0,66,2,17,68,0,87,6,0,6,93
02/19/2022,SMX,CA,AWP,WE,Federal Contract Tower,0,6,16,0,22,0,8,52,0,60,0,14,68,0,82,26,0,26,108
02/20/2022,SMX,CA,AWP,WE,Federal Contract Tower,0,2,4,0,6,0,2,28,0,30,0,4,32,0,36,40,0,40,76
02/21/2022,SMX,CA,AWP,WE,Federal Contract Tower,0,7,11,0,18,0,8,15,0,23,0,15,26,0,41,19,0,19,60
02/22/2022,SMX,CA,AWP,WE,Federal Contract Tower,0,10,8,0,18,0,8,7,0,15,0,18,15,0,33,0,0,0,33
02/23/2022,SMX,CA,AWP,WE,Federal Contract Tower,0,8,15,4,27,0,11,29,1,41,0,19,44,5,68,18,52,70,138
02/24/2022,SMX,CA,AWP,WE,Federal Contract Tower,2,10,8,0,20,0,7,48,0,55,2,17,56,0,75,50,0,50,125
02/25/2022,SMX,CA,AWP,WE,Federal Contract Tower,0,8,11,0,19,0,3,49,0,52,0,11,60,0,71,32,0,32,103
02/26/2022,SMX,CA,AWP,WE,Federal Contract Tower,0,1,5,0,6,0,4,54,0,58,0,5,59,0,64,50,0,50,114
02/27/2022,SMX,CA,AWP,WE,Federal Contract Tower,0,2,12,0,14,0,7,43,0,50,0,9,55,0,64,12,0,12,76
02/28/2022,SMX,CA,AWP,WE,Federal Contract Tower,2,4,10,0,16,0,12,24,0,36,2,16,34,0,52,16,0,16,68
03/01/2022,SMX,CA,AWP,WE,Federal Contract Tower,0,7,4,0,11,0,9,23,0,32,0,16,27,0,43,16,0,16,59
03/02/2022,SMX,CA,AWP,WE,Federal Contract Tower,0,12,11,4,27,0,18,42,0,60,0,30,53,4,87,74,12,86,173
03/03/2022,SMX,CA,AWP,WE,Federal Contract Tower,2,11,16,1,30,0,10,35,1,46,2,21,51,2,76,18,14,32,108
03/04/2022,SMX,CA,AWP,WE,Federal Contract Tower,0,8,9,3,20,0,15,11,1,27,0,23,20,4,47,0,8,8,55
03/05/2022,SMX,CA,AWP,WE,Federal Contract Tower,0,3,3,1,7,0,2,5,0,7,0,5,8,1,14,10,0,10,24
03/06/2022,SMX,CA,AWP,WE,Federal Contract Tower,2,1,5,0,8,0,4,36,0,40,2,5,41,0,48,30,0,30,78
03/07/2022,SMX,CA,AWP,WE,Federal Contract Tower,0,4,11,0,15,0,18,30,0,48,0,22,41,0,63,12,0,12,75
03/08/2022,SMX,CA,AWP,WE,Federal Contract Tower,0,8,10,2,20,0,7,31,2,40,0,15,41,4,60,12,2,14,74
03/09/2022,SMX,CA,AWP,WE,Federal Contract Tower,0,8,6,0,14,0,8,45,0,53,0,16,51,0,67,40,0,40,107
03/10/2022,SMX,CA,AWP,WE,Federal Contract Tower,2,7,19,0,28,0,6,32,2,40,2,13,51,2,68,18,0,18,86
03/11/2022,SMX,CA,AWP,WE,Federal Contract Tower,0,7,18,0,25,0,10,59,0,69,0,17,77,0,94,24,0,24,118
03/12/2022,SMX,CA,AWP,WE,Federal Contract Tower,0,5,9,0,14,0,2,47,0,49,0,7,56,0,63,38,0,38,101
03/13/2022,SMX,CA,AWP,WE,Federal Contract Tower,2,3,11,0,16,0,5,20,0,25,2,8,31,0,41,10,0,10,51
03/14/2022,SMX,CA,AWP,WE,Federal Contract Tower,0,5,4,0,9,0,20,30,0,50,0,25,34,0,59,22,0,22,81
03/15/2022,SMX,CA,AWP,WE,Federal Contract Tower,0,13,6,3,22,0,5,17,2,24,0,18,23,5,46,6,14,20,66
03/16/2022,SMX,CA,AWP,WE,Federal Contract Tower,2,8,10,2,22,0,14,27,0,41,2,22,37,2,63,18,8,26,89
03/17/2022,SMX,CA,AWP,WE,Federal Contract Tower,0,8,15,0,23,0,8,42,0,50,0,16,57,0,73,34,0,34,107
03/18/2022,SMX,CA,AWP,WE,Federal Contract Tower,0,9,12,0,21,0,12,36,0,48,0,21,48,0,69,60,0,60,129
03/19/2022,SMX,CA,AWP,WE,Federal Contract Tower,0,3,14,0,17,0,0,5,0,5,0,3,19,0,22,4,0,4,26
03/20/2022,SMX,CA,AWP,WE,Federal Contract Tower,2,0,7,0,9,0,3,22,0,25,2,3,29,0,34,6,0,6,40
03/21/2022,SMX,CA,AWP,WE,Federal Contract Tower,0,5,11,1,17,0,11,32,0,43,0,16,43,1,60,26,2,28,88
03/22/2022,SMX,CA,AWP,WE,Federal Contract Tower,0,8,11,1,20,0,8,29,0,37,0,16,40,1,57,48,4,52,109
03/23/2022,SMX,CA,AWP,WE,Federal Contract Tower,2,10,14,0,26,0,3,46,0,49,2,13,60,0,75,32,0,32,107
03/24/2022,SMX,CA,AWP,WE,Federal Contract Tower,0,9,16,0,25,0,1,48,0,49,0,10,64,0,74,30,4,34,108
03/25/2022,SMX,CA,AWP,WE,Federal Contract Tower,0,11,13,0,24,0,6,26,3,35,0,17,39,3,59,0,6,6,65
03/26/2022,SMX,CA,AWP,WE,Federal Contract Tower,0,4,9,0,13,0,6,31,0,37,0,10,40,0,50,60,0,60,110
03/27/2022,SMX,CA,AWP,WE,Federal Contract Tower,2,0,15,0,17,0,11,23,0,34,2,11,38,0,51,10,0,10,61
03/28/2022,SMX,CA,AWP,WE,Federal Contract Tower,0,8,3,0,11,0,10,0,0,10,0,18,3,0,21,2,0,2,23
03/29/2022,SMX,CA,AWP,WE,Federal Contract Tower,0,9,17,0,26,0,6,23,0,29,0,15,40,0,55,4,0,4,59
03/30/2022,SMX,CA,AWP,WE,Federal Contract Tower,0,18,19,1,38,0,4,29,1,34,0,22,48,2,72,22,12,34,106
03/31/2022,SMX,CA,AWP,WE,Federal Contract Tower,0,12,9,0,21,0,7,23,0,30,0,19,32,0,51,4,16,20,71
04/01/2022,SMX,CA,AWP,WE,Federal Contract Tower,0,15,13,0,28,0,4,33,2,39,0,19,46,2,67,28,0,28,95
04/02/2022,SMX,CA,AWP,WE,Federal Contract Tower,0,7,13,0,20,0,2,10,0,12,0,9,23,0,32,12,0,12,44
04/03/2022,SMX,CA,AWP,WE,Federal Contract Tower,2,8,25,0,35,0,2,9,0,11,2,10,34,0,46,6,0,6,52
04/04/2022,SMX,CA,AWP,WE,Federal Contract Tower,0,7,10,1,18,0,7,15,1,23,0,14,25,2,41,16,2,18,59
04/05/2022,SMX,CA,AWP,WE,Federal Contract Tower,0,9,14,0,23,0,10,39,0,49,0,19,53,0,72,40,0,40,112
04/06/2022,SMX,CA,AWP,WE,Federal Contract Tower,0,7,0,2,9,0,9,36,0,45,0,16,36,2,54,0,0,0,54
04/07/2022,SMX,CA,AWP,WE,Federal Contract Tower,2,9,6,0,17,0,11,34,3,48,2,20,40,3,65,14,4,18,83
04/08/2022,SMX,CA,AWP,WE,Federal Contract Tower,2,6,11,0,19,0,5,40,0,45,2,11,51,0,64,54,0,54,118
04/09/2022,SMX,CA,AWP,WE,Federal Contract Tower,0,3,9,0,12,0,2,42,0,44,0,5,51,0,56,28,0,28,84
04/10/2022,SMX,CA,AWP,WE,Federal Contract Tower,2,1,8,0,11,0,4,42,0,46,2,5,50,0,57,8,6,14,71
04/11/2022,SMX,CA,AWP,WE,Federal Contract Tower,0,7,9,2,18,0,9,9,0,18,0,16,18,2,36,2,4,6,42
04/12/2022,SMX,CA,AWP,WE,Federal Contract Tower,0,8,5,1,14,0,3,22,1,26,0,11,27,2,40,22,4,26,66
04/13/2022,SMX,CA,AWP,WE,Federal Contract Tower,2,8,12,4,26,0,9,28,2,39,2,17,40,6,65,30,14,44,109
04/14/2022,SMX,CA,AWP,WE,Federal Contract Tower,0,10,5,2,17,0,14,35,5,54,0,24,40,7,71,8,36,44,115
04/15/2022,SMX,CA,AWP,WE,Federal Contract Tower,0,7,11,1,19,0,15,34,0,49,0,22,45,1,68,28,2,30,98
04/16/2022,SMX,CA,AWP,WE,Federal Contract Tower,0,2,12,0,14,0,8,4,0,12,0,10,16,0,26,2,0,2,28
04/17/2022,SMX,CA,AWP,WE,Federal Contract Tower,2,1,8,0,11,0,7,19,0,26,2,8,27,0,37,10,0,10,47
04/18/2022,SMX,CA,AWP,WE,Federal Contract Tower,0,10,8,0,18,0,3,22,0,25,0,13,30,0,43,4,0,4,47
04/19/2022,SMX,CA,AWP,WE,Federal Contract Tower,0,15,12,3,30,0,16,20,1,37,0,31,32,4,67,36,18,54,121
04/20/2022,SMX,CA,AWP,WE,Federal Contract Tower,2,7,16,0,25,0,13,37,0,50,2,20,53,0,75,24,0,24,99
04/21/2022,SMX,CA,AWP,WE,Federal Contract Tower,2,11,14,0,27,0,5,9,0,14,2,16,23,0,41,0,0,0,41
04/22/2022,SMX,CA,AWP,WE,Federal Contract Tower,0,5,9,0,14,0,5,14,5,24,0,10,23,5,38,12,8,20,58
04/23/2022,SMX,CA,AWP,WE,Federal Contract Tower,0,2,11,3,16,0,0,30,8,38,0,2,41,11,54,18,20,38,92
04/24/2022,SMX,CA,AWP,WE,Federal Contract Tower,2,1,7,0,10,0,7,62,5,74,2,8,69,5,84,16,4,20,104
04/25/2022,SMX,CA,AWP,WE,Federal Contract Tower,0,9,6,2,17,0,5,57,4,66,0,14,63,6,83,50,16,66,149
04/26/2022,SMX,CA,AWP,WE,Federal Contract Tower,0,13,9,1,23,0,3,27,1,31,0,16,36,2,54,50,0,50,104
04/27/2022,SMX,CA,AWP,WE,Federal Contract Tower,0,11,11,0,22,0,8,34,0,42,0,19,45,0,64,22,0,22,86
04/28/2022,SMX,CA,AWP,WE,Federal Contract Tower,0,16,24,1,41,0,9,53,0,62,0,25,77,1,103,24,8,32,135
04/29/2022,SMX,CA,AWP,WE,Federal Contract Tower,0,13,12,0,25,0,11,74,0,85,0,24,86,0,110,66,0,66,176
04/30/2022,SMX,CA,AWP,WE,Federal Contract Tower,0,7,24,0,31,0,0,110,0,110,0,7,134,0,141,88,0,88,229
05/01/2022,SMX,CA,AWP,WE,Federal Contract Tower,0,3,18,0,21,0,2,36,0,38,0,5,54,0,59,36,0,36,95
05/02/2022,SMX,CA,AWP,WE,Federal Contract Tower,0,13,13,1,27,0,10,15,1,26,0,23,28,2,53,26,6,32,85
05/03/2022,SMX,CA,AWP,WE,Federal Contract Tower,0,10,11,4,25,0,9,40,0,49,0,19,51,4,74,36,20,56,130
05/04/2022,SMX,CA,AWP,WE,Federal Contract Tower,0,8,14,0,22,0,8,61,0,69,0,16,75,0,91,32,0,32,123
05/05/2022,SMX,CA,AWP,WE,Federal Contract Tower,0,18,16,0,34,0,5,26,2,33,0,23,42,2,67,12,0,12,79
05/06/2022,SMX,CA,AWP,WE,Federal Contract Tower,0,6,11,0,17,0,9,37,1,47,0,15,48,1,64,38,6,44,108
05/07/2022,SMX,CA,AWP,WE,Federal Contract Tower,0,8,14,3,25,0,8,18,0,26,0,16,32,3,51,14,6,20,71
05/08/2022,SMX,CA,AWP,WE,Federal Contract Tower,0,0,2,2,4,0,7,19,6,32,0,7,21,8,36,4,0,4,40
05/09/2022,SMX,CA,AWP,WE,Federal Contract Tower,0,6,14,0,20,0,7,42,0,49,0,13,56,0,69,34,0,34,103
05/10/2022,SMX,CA,AWP,WE,Federal Contract Tower,0,10,5,3,18,0,10,30,0,40,0,20,35,3,58,20,4,24,82
05/11/2022,SMX,CA,AWP,WE,Federal Contract Tower,0,9,9,1,19,0,9,55,1,65,0,18,64,2,84,16,4,20,104
05/12/2022,SMX,CA,AWP,WE,Federal Contract Tower,0,8,8,2,18,0,5,46,0,51,0,13,54,2,69,26,2,28,97
05/13/2022,SMX,CA,AWP,WE,Federal Contract Tower,0,7,3,2,12,0,9,44,10,63,0,16,47,12,75,2,10,12,87
05/14/2022,SMX,CA,AWP,WE,Federal Contract Tower,2,6,14,0,22,0,2,69,0,71,2,8,83,0,93,14,0,14,107
05/15/2022,SMX,CA,AWP,WE,Federal Contract Tower,0,0,11,0,11,0,0,31,0,31,0,0,42,0,42,18,0,18,60
05/16/2022,SMX,CA,AWP,WE,Federal Contract Tower,0,7,9,0,16,0,8,14,0,22,0,15,23,0,38,22,0,22,60
05/17/2022,SMX,CA,AWP,WE,Federal Contract Tower,0,13,15,1,29,0,7,22,1,30,0,20,37,2,59,22,8,30,89
05/18/2022,SMX,CA,AWP,WE,Federal Contract Tower,0,12,7,2,21,0,10,44,2,56,0,22,51,4,77,12,4,16,93
05/19/2022,SMX,CA,AWP,WE,Federal Contract Tower,0,11,6,4,21,0,6,28,0,34,0,17,34,4,55,44,8,52,107
05/20/2022,SMX,CA,AWP,WE,Federal Contract Tower,2,14,10,2,28,0,8,20,1,29,2,22,30,3,57,16,14,30,87
05/21/2022,SMX,CA,AWP,WE,Federal Contract Tower,0,4,11,0,15,0,8,46,0,54,0,12,57,0,69,54,0,54,123
05/22/2022,SMX,CA,AWP,WE,Federal Contract Tower,2,2,9,0,13,0,7,52,0,59,2,9,61,0,72,18,0,18,90
05/23/2022,SMX,CA,AWP,WE,Federal Contract Tower,0,5,12,0,17,0,11,48,0,59,0,16,60,0,76,50,0,50,126
05/24/2022,SMX,CA,AWP,WE,Federal Contract Tower,0,12,6,0,18,0,16,57,0,73,0,28,63,0,91,44,2,46,137
05/25/2022,SMX,CA,AWP,WE,Federal Contract Tower,0,13,16,2,31,0,6,39,0,45,0,19,55,2,76,40,12,52,128
05/26/2022,SMX,CA,AWP,WE,Federal Contract Tower,0,16,12,0,28,0,2,14,0,16,0,18,26,0,44,2,0,2,46
05/27/2022,SMX,CA,AWP,WE,Federal Contract Tower,0,11,13,1,25,0,6,21,1,28,0,17,34,2,53,32,8,40,93
05/28/2022,SMX,CA,AWP,WE,Federal Contract Tower,0,3,12,1,16,0,11,17,1,29,0,14,29,2,45,8,2,10,55
05/29/2022,SMX,CA,AWP,WE,Federal Contract Tower,2,0,8,0,10,0,5,22,3,30,2,5,30,3,40,0,0,0,40
05/30/2022,SMX,CA,AWP,WE,Federal Contract Tower,0,0,21,0,21,0,4,41,0,45,0,4,62,0,66,10,0,10,76
05/31/2022,SMX,CA,AWP,WE,Federal Contract Tower,0,11,6,2,19,0,12,39,0,51,0,23,45,2,70,28,4,32,102
06/01/2022,SMX,CA,AWP,WE,Federal Contract Tower,0,12,18,0,30,0,14,54,2,70,0,26,72,2,100,30,0,30,130
06/02/2022,SMX,CA,AWP,WE,Federal Contract Tower,0,9,12,0,21,0,8,41,0,49,0,17,53,0,70,42,0,42,112
06/03/2022,SMX,CA,AWP,WE,Federal Contract Tower,0,11,16,1,28,0,5,37,1,43,0,16,53,2,71,16,0,16,87
06/04/2022,SMX,CA,AWP,WE,Federal Contract Tower,0,4,16,0,20,0,5,15,0,20,0,9,31,0,40,20,0,20,60
06/05/2022,SMX,CA,AWP,WE,Federal Contract Tower,2,0,9,0,11,0,1,48,0,49,2,1,57,0,60,22,0,22,82
06/06/2022,SMX,CA,AWP,WE,Federal Contract Tower,0,7,12,2,21,0,7,26,0,33,0,14,38,2,54,10,4,14,68
06/07/2022,SMX,CA,AWP,WE,Federal Contract Tower,0,16,21,0,37,0,7,27,2,36,0,23,48,2,73,12,10,22,95
06/08/2022,SMX,CA,AWP,WE,Federal Contract Tower,0,11,10,1,22,0,15,33,0,48,0,26,43,1,70,12,2,14,84
06/09/2022,SMX,CA,AWP,WE,Federal Contract Tower,0,12,14,4,30,0,6,38,1,45,0,18,52,5,75,28,10,38,113
06/10/2022,SMX,CA,AWP,WE,Federal Contract Tower,0,9,11,2,22,0,3,34,0,37,0,12,45,2,59,30,0,30,89
06/11/2022,SMX,CA,AWP,WE,Federal Contract Tower,0,2,16,0,18,0,8,57,0,65,0,10,73,0,83,82,0,82,165
06/12/2022,SMX,CA,AWP,WE,Federal Contract Tower,2,1,18,0,21,0,2,27,0,29,2,3,45,0,50,6,0,6,56
06/13/2022,SMX,CA,AWP,WE,Federal Contract Tower,0,12,10,0,22,0,11,25,0,36,0,23,35,0,58,12,0,12,70
06/14/2022,SMX,CA,AWP,WE,Federal Contract Tower,0,11,9,9,29,0,11,41,4,56,0,22,50,13,85,10,34,44,129
06/15/2022,SMX,CA,AWP,WE,Federal Contract Tower,0,8,16,2,26,0,8,58,3,69,0,16,74,5,95,40,4,44,139
06/16/2022,SMX,CA,AWP,WE,Federal Contract Tower,0,10,12,0,22,0,8,47,1,56,0,18,59,1,78,60,10,70,148
06/17/2022,SMX,CA,AWP,WE,Federal Contract Tower,0,6,10,5,21,0,5,43,0,48,0,11,53,5,69,14,2,16,85
06/18/2022,SMX,CA,AWP,WE,Federal Contract Tower,0,2,10,0,12,0,10,42,0,52,0,12,52,0,64,68,0,68,132
06/19/2022,SMX,CA,AWP,WE,Federal Contract Tower,0,0,10,0,10,0,9,44,0,53,0,9,54,0,63,26,0,26,89
06/20/2022,SMX,CA,AWP,WE,Federal Contract Tower,0,8,16,0,24,0,7,46,0,53,0,15,62,0,77,64,0,64,141
06/21/2022,SMX,CA,AWP,WE,Federal Contract Tower,0,9,8,4,21,0,7,39,2,48,0,16,47,6,69,44,2,46,115
06/22/2022,SMX,CA,AWP,WE,Federal Contract Tower,0,8,9,5,22,0,8,15,1,24,0,16,24,6,46,46,34,80,126
06/23/2022,SMX,CA,AWP,WE,Federal Contract Tower,0,9,9,2,20,0,5,58,0,63,0,14,67,2,83,64,10,74,157
06/24/2022,SMX,CA,AWP,WE,Federal Contract Tower,0,6,4,1,11,0,6,54,2,62,0,12,58,3,73,46,0,46,119
06/25/2022,SMX,CA,AWP,WE,Federal Contract Tower,0,5,11,1,17,0,0,36,0,36,0,5,47,1,53,16,0,16,69
06/26/2022,SMX,CA,AWP,WE,Federal Contract Tower,0,1,14,0,15,0,9,42,0,51,0,10,56,0,66,62,0,62,128
06/27/2022,SMX,CA,AWP,WE,Federal Contract Tower,1,10,12,5,28,0,14,43,0,57,1,24,55,5,85,20,34,54,139
06/28/2022,SMX,CA,AWP,WE,Federal Contract Tower,1,12,14,1,28,0,7,132,2,141,1,19,146,3,169,10,8,18,187
06/29/2022,SMX,CA,AWP,WE,Federal Contract Tower,0,8,8,3,19,0,10,40,0,50,0,18,48,3,69,42,6,48,117
06/30/2022,SMX,CA,AWP,WE,Federal Contract Tower,0,3,12,0,15,0,3,21,0,24,0,6,33,0,39,20,0,20,59
07/01/2022,SMX,CA,AWP,WE,Federal Contract Tower,0,12,14,0,26,0,4,30,0,34,0,16,44,0,60,14,0,14,74
07/02/2022,SMX,CA,AWP,WE,Federal Contract Tower,0,5,5,0,10,0,3,18,0,21,0,8,23,0,31,10,0,10,41
07/03/2022,SMX,CA,AWP,WE,Federal Contract Tower,0,3,11,0,14,0,6,24,0,30,0,9,35,0,44,10,0,10,54
07/04/2022,SMX,CA,AWP,WE,Federal Contract Tower,0,1,5,0,6,0,4,19,0,23,0,5,24,0,29,12,0,12,41
07/05/2022,SMX,CA,AWP,WE,Federal Contract Tower,0,7,13,0,20,0,0,25,0,25,0,7,38,0,45,8,0,8,53
07/06/2022,SMX,CA,AWP,WE,Federal Contract Tower,0,14,14,1,29,0,15,19,1,35,0,29,33,2,64,28,14,42,106
07/07/2022,SMX,CA,AWP,WE,Federal Contract Tower,0,14,17,3,34,0,3,34,1,38,0,17,51,4,72,36,16,52,124
07/08/2022,SMX,CA,AWP,WE,Federal Contract Tower,0,10,9,0,19,0,8,37,0,45,0,18,46,0,64,22,0,22,86
07/09/2022,SMX,CA,AWP,WE,Federal Contract Tower,1,2,9,0,12,0,4,25,0,29,1,6,34,0,41,36,0,36,77
07/10/2022,SMX,CA,AWP,WE,Federal Contract Tower,0,1,18,0,19,0,3,34,0,37,0,4,52,0,56,82,0,82,138
07/11/2022,SMX,CA,AWP,WE,Federal Contract Tower,0,6,5,1,12,0,16,32,0,48,0,22,37,1,60,0,8,8,68
07/12/2022,SMX,CA,AWP,WE,Federal Contract Tower,0,16,5,3,24,0,5,34,0,39,0,21,39,3,63,16,36,52,115
07/13/2022,SMX,CA,AWP,WE,Federal Contract Tower,0,12,10,3,25,0,3,26,0,29,0,15,36,3,54,6,16,22,76
07/14/2022,SMX,CA,AWP,WE,Federal Contract Tower,0,14,11,3,28,0,4,20,0,24,0,18,31,3,52,34,0,34,86
07/15/2022,SMX,CA,AWP,WE,Federal Contract Tower,0,7,2,6,15,0,13,46,0,59,0,20,48,6,74,44,24,68,142
07/16/2022,SMX,CA,AWP,WE,Federal Contract Tower,0,3,13,0,16,0,3,31,0,34,0,6,44,0,50,70,0,70,120
07/17/2022,SMX,CA,AWP,WE,Federal Contract Tower,0,0,6,0,6,0,0,22,0,22,0,0,28,0,28,18,0,18,46
07/18/2022,SMX,CA,AWP,WE,Federal Contract Tower,0,9,4,3,16,0,4,29,0,33,0,13,33,3,49,0,12,12,61
07/19/2022,SMX,CA,AWP,WE,Federal Contract Tower,0,12,9,0,21,0,8,30,1,39,0,20,39,1,60,46,16,62,122
07/20/2022,SMX,CA,AWP,WE,Federal Contract Tower,0,13,5,7,25,0,6,40,0,46,0,19,45,7,71,40,24,64,135
07/21/2022,SMX,CA,AWP,WE,Federal Contract Tower,0,15,15,6,36,0,16,50,4,70,0,31,65,10,106,26,26,52,158
07/22/2022,SMX,CA,AWP,WE,Federal Contract Tower,0,8,16,1,25,0,8,51,0,59,0,16,67,1,84,28,10,38,122
07/23/2022,SMX,CA,AWP,WE,Federal Contract Tower,0,3,13,0,16,0,8,30,0,38,0,11,43,0,54,56,0,56,110
07/24/2022,SMX,CA,AWP,WE,Federal Contract Tower,0,4,12,0,16,0,0,31,0,31,0,4,43,0,47,18,0,18,65
07/25/2022,SMX,CA,AWP,WE,Federal Contract Tower,0,16,9,1,26,0,4,13,2,19,0,20,22,3,45,8,8,16,61
07/26/2022,SMX,CA,AWP,WE,Federal Contract Tower,0,15,5,1,21,0,4,20,0,24,0,19,25,1,45,10,16,26,71
07/27/2022,SMX,CA,AWP,WE,Federal Contract Tower,0,14,15,8,37,0,3,30,0,33,0,17,45,8,70,28,18,46,116
07/28/2022,SMX,CA,AWP,WE,Federal Contract Tower,0,10,10,1,21,0,3,29,0,32,0,13,39,1,53,16,6,22,75
07/29/2022,SMX,CA,AWP,WE,Federal Contract Tower,0,7,9,2,18,0,8,37,0,45,0,15,46,2,63,34,8,42,105
07/30/2022,SMX,CA,AWP,WE,Federal Contract Tower,0,2,7,0,9,0,7,31,0,38,0,9,38,0,47,12,0,12,59
07/31/2022,SMX,CA,AWP,WE,Federal Contract Tower,0,2,9,2,13,0,8,44,0,52,0,10,53,2,65,26,0,26,91
08/01/2022,SMX,CA,AWP,WE,Federal Contract Tower,0,5,9,0,14,0,6,13,4,23,0,11,22,4,37,28,0,28,65
08/02/2022,SMX,CA,AWP,WE,Federal Contract Tower,0,11,12,1,24,0,9,26,0,35,0,20,38,1,59,24,2,26,85
08/03/2022,SMX,CA,AWP,WE,Federal Contract Tower,0,19,7,1,27,0,7,27,1,35,0,26,34,2,62,34,2,36,98
08/04/2022,SMX,CA,AWP,WE,Federal Contract Tower,0,11,13,1,25,0,5,33,1,39,0,16,46,2,64,16,10,26,90
08/05/2022,SMX,CA,AWP,WE,Federal Contract Tower,0,10,6,1,17,0,8,19,3,30,0,18,25,4,47,36,12,48,95
08/06/2022,SMX,CA,AWP,WE,Federal Contract Tower,0,4,16,0,20,0,4,23,4,31,0,8,39,4,51,38,0,38,89
08/07/2022,SMX,CA,AWP,WE,Federal Contract Tower,0,6,8,0,14,0,1,35,0,36,0,7,43,0,50,40,0,40,90
08/08/2022,SMX,CA,AWP,WE,Federal Contract Tower,1,4,11,0,16,0,8,32,0,40,1,12,43,0,56,22,0,22,78
08/09/2022,SMX,CA,AWP,WE,Federal Contract Tower,0,15,13,4,32,0,1,30,0,31,0,16,43,4,63,58,10,68,131
08/10/2022,SMX,CA,AWP,WE,Federal Contract Tower,0,14,14,2,30,0,9,39,0,48,0,23,53,2,78,30,20,50,128
08/11/2022,SMX,CA,AWP,WE,Federal Contract Tower,0,10,11,0,21,0,3,24,3,30,0,13,35,3,51,28,10,38,89
08/12/2022,SMX,CA,AWP,WE,Federal Contract Tower,0,11,12,0,23,0,6,36,2,44,0,17,48,2,67,28,2,30,97
08/13/2022,SMX,CA,AWP,WE,Federal Contract Tower,0,2,5,1,8,0,8,31,12,51,0,10,36,13,59,30,74,104,163
08/14/2022,SMX,CA,AWP,WE,Federal Contract Tower,0,1,15,0,16,0,5,32,8,45,0,6,47,8,61,32,2,34,95
08/15/2022,SMX,CA,AWP,WE,Federal Contract Tower,0,8,14,3,25,0,12,42,8,62,0,20,56,11,87,26,38,64,151
08/16/2022,SMX,CA,AWP,WE,Federal Contract Tower,0,11,8,2,21,0,4,39,4,47,0,15,47,6,68,52,6,58,126
08/17/2022,SMX,CA,AWP,WE,Federal Contract Tower,0,11,10,1,22,0,17,35,0,52,0,28,45,1,74,38,14,52,126
08/18/2022,SMX,CA,AWP,WE,Federal Contract Tower,0,12,19,2,33,0,2,28,2,32,0,14,47,4,65,22,26,48,113
08/19/2022,SMX,CA,AWP,WE,Federal Contract Tower,2,7,17,1,27,0,6,41,0,47,2,13,58,1,74,24,2,26,100
08/20/2022,SMX,CA,AWP,WE,Federal Contract Tower,0,3,15,0,18,0,5,58,0,63,0,8,73,0,81,14,0,14,95
08/21/2022,SMX,CA,AWP,WE,Federal Contract Tower,2,1,16,4,23,0,4,7,0,11,2,5,23,4,34,34,0,34,68
08/22/2022,SMX,CA,AWP,WE,Federal Contract Tower,0,4,15,2,21,0,7,34,6,47,0,11,49,8,68,28,4,32,100
08/23/2022,SMX,CA,AWP,WE,Federal Contract Tower,0,15,10,2,27,0,2,33,8,43,0,17,43,10,70,56,0,56,126
08/24/2022,SMX,CA,AWP,WE,Federal Contract Tower,0,12,15,5,32,0,3,43,3,49,0,15,58,8,81,32,2,34,115
08/25/2022,SMX,CA,AWP,WE,Federal Contract Tower,0,8,13,3,24,0,3,36,1,40,0,11,49,4,64,34,18,52,116
08/26/2022,SMX,CA,AWP,WE,Federal Contract Tower,2,9,17,0,28,0,8,36,0,44,2,17,53,0,72,40,4,44,116
08/27/2022,SMX,CA,AWP,WE,Federal Contract Tower,0,4,17,6,27,0,3,45,0,48,0,7,62,6,75,28,10,38,113
08/28/2022,SMX,CA,AWP,WE,Federal Contract Tower,2,0,20,2,24,0,5,32,0,37,2,5,52,2,61,18,4,22,83
08/29/2022,SMX,CA,AWP,WE,Federal Contract Tower,0,10,15,0,25,0,6,42,4,52,0,16,57,4,77,28,0,28,105
08/30/2022,SMX,CA,AWP,WE,Federal Contract Tower,0,10,3,2,15,0,11,44,7,62,0,21,47,9,77,66,2,68,145
08/31/2022,SMX,CA,AWP,WE,Federal Contract Tower,0,8,16,3,27,0,16,39,4,59,0,24,55,7,86,24,6,30,116
09/01/2022,SMX,CA,AWP,WE,Federal Contract Tower,0,8,17,0,25,0,7,40,0,47,0,15,57,0,72,46,0,46,118
09/02/2022,SMX,CA,AWP,WE,Federal Contract Tower,2,7,17,2,28,0,8,30,2,40,2,15,47,4,68,106,4,110,178
09/03/2022,SMX,CA,AWP,WE,Federal Contract Tower,0,1,13,0,14,0,5,45,2,52,0,6,58,2,66,52,0,52,118
09/04/2022,SMX,CA,AWP,WE,Federal Contract Tower,0,4,17,0,21,0,1,36,0,37,0,5,53,0,58,60,0,60,118
09/05/2022,SMX,CA,AWP,WE,Federal Contract Tower,2,0,17,0,19,0,12,41,0,53,2,12,58,0,72,16,0,16,88
09/06/2022,SMX,CA,AWP,WE,Federal Contract Tower,0,11,7,0,18,0,19,30,0,49,0,30,37,0,67,32,0,32,99
09/07/2022,SMX,CA,AWP,WE,Federal Contract Tower,0,14,16,2,32,0,19,51,2,72,0,33,67,4,104,60,6,66,170
09/08/2022,SMX,CA,AWP,WE,Federal Contract Tower,0,10,9,4,23,0,7,31,0,38,0,17,40,4,61,2,28,30,91
09/09/2022,SMX,CA,AWP,WE,Federal Contract Tower,2,11,12,2,27,0,15,36,0,51,2,26,48,2,78,20,6,26,104
09/10/2022,SMX,CA,AWP,WE,Federal Contract Tower,0,5,10,2,17,0,4,20,0,24,0,9,30,2,41,14,4,18,59
09/11/2022,SMX,CA,AWP,WE,Federal Contract Tower,2,0,13,0,15,0,11,22,4,37,2,11,35,4,52,14,0,14,66
09/12/2022,SMX,CA,AWP,WE,Federal Contract Tower,0,7,8,3,18,0,15,26,4,45,0,22,34,7,63,6,14,20,83
09/13/2022,SMX,CA,AWP,WE,Federal Contract Tower,0,13,10,3,26,0,10,26,1,37,0,23,36,4,63,40,4,44,107
09/14/2022,SMX,CA,AWP,WE,Federal Contract Tower,0,11,11,0,22,0,11,27,0,38,0,22,38,0,60,10,0,10,70
09/15/2022,SMX,CA,AWP,WE,Federal Contract Tower,0,12,16,0,28,0,0,22,0,22,0,12,38,0,50,42,0,42,92
09/16/2022,SMX,CA,AWP,WE,Federal Contract Tower,2,12,10,0,24,0,12,22,0,34,2,24,32,0,58,24,0,24,82
09/17/2022,SMX,CA,AWP,WE,Federal Contract Tower,0,3,9,0,12,0,2,17,2,21,0,5,26,2,33,10,0,10,43
09/18/2022,SMX,CA,AWP,WE,Federal Contract Tower,2,0,9,0,11,0,3,18,0,21,2,3,27,0,32,20,0,20,52
09/19/2022,SMX,CA,AWP,WE,Federal Contract Tower,0,11,16,1,28,0,5,0,0,5,0,16,16,1,33,16,0,16,49
09/20/2022,SMX,CA,AWP,WE,Federal Contract Tower,0,15,17,0,32,0,7,21,0,28,0,22,38,0,60,34,0,34,94
09/21/2022,SMX,CA,AWP,WE,Federal Contract Tower,0,13,9,0,22,0,7,30,3,40,0,20,39,3,62,44,2,46,108
09/22/2022,SMX,CA,AWP,WE,Federal Contract Tower,0,12,13,3,28,0,8,33,1,42,0,20,46,4,70,28,12,40,110
09/23/2022,SMX,CA,AWP,WE,Federal Contract Tower,2,11,13,0,26,0,7,41,0,48,2,18,54,0,74,90,0,90,164
09/24/2022,SMX,CA,AWP,WE,Federal Contract Tower,0,4,14,0,18,0,14,33,4,51,0,18,47,4,69,30,0,30,99
09/25/2022,SMX,CA,AWP,WE,Federal Contract Tower,3,6,15,0,24,0,14,21,4,39,3,20,36,4,63,22,0,22,85
09/26/2022,SMX,CA,AWP,WE,Federal Contract Tower,0,8,12,11,31,0,3,25,0,28,0,11,37,11,59,12,0,12,71
09/27/2022,SMX,CA,AWP,WE,Federal Contract Tower,0,10,13,4,27,0,4,27,8,39,0,14,40,12,66,22,0,22,88
09/28/2022,SMX,CA,AWP,WE,Federal Contract Tower,0,10,10,5,25,0,11,29,12,52,0,21,39,17,77,12,0,12,89
09/29/2022,SMX,CA,AWP,WE,Federal Contract Tower,0,12,16,7,35,0,8,23,11,42,0,20,39,18,77,0,0,0,77
09/30/2022,SMX,CA,AWP,WE,Federal Contract Tower,2,11,20,11,44,0,14,26,16,56,2,25,46,27,100,4,0,4,104
10/01/2022,SMX,CA,AWP,WE,Federal Contract Tower,0,3,14,5,22,0,8,7,0,15,0,11,21,5,37,40,0,40,77
10/02/2022,SMX,CA,AWP,WE,Federal Contract Tower,2,4,10,0,16,0,7,28,2,37,2,11,38,2,53,4,2,6,59
10/03/2022,SMX,CA,AWP,WE,Federal Contract Tower,0,8,12,2,22,0,9,28,0,37,0,17,40,2,59,22,4,26,85
10/04/2022,SMX,CA,AWP,WE,Federal Contract Tower,0,16,5,0,21,0,10,30,0,40,0,26,35,0,61,44,0,44,105
10/05/2022,SMX,CA,AWP,WE,Federal Contract Tower,0,9,6,3,18,0,5,31,1,37,0,14,37,4,55,32,6,38,93
10/06/2022,SMX,CA,AWP,WE,Federal Contract Tower,0,9,18,5,32,0,9,22,0,31,0,18,40,5,63,44,12,56,119
10/07/2022,SMX,CA,AWP,WE,Federal Contract Tower,0,9,9,0,18,0,12,18,0,30,0,21,27,0,48,16,0,16,64
10/08/2022,SMX,CA,AWP,WE,Federal Contract Tower,1,3,16,0,20,0,12,29,0,41,1,15,45,0,61,40,0,40,101
10/09/2022,SMX,CA,AWP,WE,Federal Contract Tower,2,4,25,0,31,0,0,27,0,27,2,4,52,0,58,28,0,28,86
10/10/2022,SMX,CA,AWP,WE,Federal Contract Tower,0,13,18,0,31,0,1,13,0,14,0,14,31,0,45,28,0,28,73
10/11/2022,SMX,CA,AWP,WE,Federal Contract Tower,0,16,9,0,25,0,1,1,0,2,0,17,10,0,27,0,0,0,27
10/12/2022,SMX,CA,AWP,WE,Federal Contract Tower,0,19,22,2,43,0,5,18,0,23,0,24,40,2,66,14,0,14,80
10/13/2022,SMX,CA,AWP,WE,Federal Contract Tower,0,13,22,1,36,0,2,62,3,67,0,15,84,4,103,18,8,26,129
10/14/2022,SMX,CA,AWP,WE,Federal Contract Tower,0,15,12,8,35,0,0,6,2,8,0,15,18,10,43,4,0,4,47
10/15/2022,SMX,CA,AWP,WE,Federal Contract Tower,0,6,6,2,14,0,1,8,2,11,0,7,14,4,25,8,2,10,35
10/16/2022,SMX,CA,AWP,WE,Federal Contract Tower,2,3,4,0,9,0,0,45,1,46,2,3,49,1,55,4,0,4,59
10/17/2022,SMX,CA,AWP,WE,Federal Contract Tower,0,4,15,12,31,0,4,49,6,59,0,8,64,18,90,32,2,34,124
10/18/2022,SMX,CA,AWP,WE,Federal Contract Tower,0,7,8,0,15,0,7,40,0,47,0,14,48,0,62,56,0,56,118
10/19/2022,SMX,CA,AWP,WE,Federal Contract Tower,0,8,1,3,12,0,8,37,3,48,0,16,38,6,60,30,10,40,100
10/20/2022,SMX,CA,AWP,WE,Federal Contract Tower,0,5,17,3,25,0,6,37,0,43,0,11,54,3,68,58,6,64,132
10/21/2022,SMX,CA,AWP,WE,Federal Contract Tower,0,15,9,4,28,0,7,25,5,37,0,22,34,9,65,68,12,80,145
10/22/2022,SMX,CA,AWP,WE,Federal Contract Tower,0,2,9,5,16,0,3,15,0,18,0,5,24,5,34,6,0,6,40
10/23/2022,SMX,CA,AWP,WE,Federal Contract Tower,0,1,11,2,14,0,7,39,2,48,0,8,50,4,62,36,0,36,98
10/24/2022,SMX,CA,AWP,WE,Federal Contract Tower,0,5,4,2,11,0,14,23,0,37,0,19,27,2,48,28,10,38,86
10/25/2022,SMX,CA,AWP,WE,Federal Contract Tower,0,16,7,3,26,0,10,50,0,60,0,26,57,3,86,42,2,44,130
10/26/2022,SMX,CA,AWP,WE,Federal Contract Tower,0,20,14,6,40,0,10,24,0,34,0,30,38,6,74,36,0,36,110
10/27/2022,SMX,CA,AWP,WE,Federal Contract Tower,0,8,6,0,14,0,10,29,2,41,0,18,35,2,55,56,0,56,111
10/28/2022,SMX,CA,AWP,WE,Federal Contract Tower,2,6,17,1,26,0,6,38,1,45,2,12,55,2,71,16,10,26,97
10/29/2022,SMX,CA,AWP,WE,Federal Contract Tower,0,5,6,0,11,0,3,24,0,27,0,8,30,0,38,28,0,28,66
10/30/2022,SMX,CA,AWP,WE,Federal Contract Tower,2,0,11,1,14,0,11,25,3,39,2,11,36,4,53,26,2,28,81
10/31/2022,SMX,CA,AWP,WE,Federal Contract Tower,2,6,16,5,29,0,8,21,5,34,2,14,37,10,63,26,0,26,89
11/01/2022,SMX,CA,AWP,WE,Federal Contract Tower,0,10,13,8,31,0,7,11,9,27,0,17,24,17,58,2,0,2,60
11/02/2022,SMX,CA,AWP,WE,Federal Contract Tower,0,13,10,8,31,0,11,32,6,49,0,24,42,14,80,22,8,30,110
11/03/2022,SMX,CA,AWP,WE,Federal Contract Tower,0,11,15,6,32,0,5,33,16,54,0,16,48,22,86,38,12,50,136
11/04/2022,SMX,CA,AWP,WE,Federal Contract Tower,2,7,17,5,31,0,9,47,18,74,2,16,64,23,105,48,0,48,153
11/05/2022,SMX,CA,AWP,WE,Federal Contract Tower,0,3,14,0,17,0,16,55,1,72,0,19,69,1,89,38,2,40,129
11/06/2022,SMX,CA,AWP,WE,Federal Contract Tower,0,4,5,0,9,0,2,11,0,13,0,6,16,0,22,30,2,32,54
11/07/2022,SMX,CA,AWP,WE,Federal Contract Tower,0,10,13,4,27,0,3,6,11,20,0,13,19,15,47,0,0,0,47
11/08/2022,SMX,CA,AWP,WE,Federal Contract Tower,0,7,4,1,12,0,6,0,0,6,0,13,4,1,18,0,2,2,20
11/09/2022,SMX,CA,AWP,WE,Federal Contract Tower,0,9,9,9,27,0,14,32,14,60,0,23,41,23,87,56,8,64,151
11/10/2022,SMX,CA,AWP,WE,Federal Contract Tower,0,9,9,6,24,0,10,32,12,54,0,19,41,18,78,12,6,18,96
11/11/2022,SMX,CA,AWP,WE,Federal Contract Tower,0,8,7,1,16,0,12,49,1,62,0,20,56,2,78,88,4,92,170
11/12/2022,SMX,CA,AWP,WE,Federal Contract Tower,0,2,10,1,13,0,7,37,0,44,0,9,47,1,57,42,0,42,99
11/13/2022,SMX,CA,AWP,WE,Federal Contract Tower,2,1,5,0,8,0,6,39,0,45,2,7,44,0,53,66,2,68,121
11/14/2022,SMX,CA,AWP,WE,Federal Contract Tower,0,6,5,1,12,0,2,37,0,39,0,8,42,1,51,12,0,12,63
11/15/2022,SMX,CA,AWP,WE,Federal Contract Tower,0,14,12,5,31,0,14,35,2,51,0,28,47,7,82,46,18,64,146
11/16/2022,SMX,CA,AWP,WE,Federal Contract Tower,0,12,6,4,22,0,6,21,1,28,0,18,27,5,50,14,46,60,110
11/17/2022,SMX,CA,AWP,WE,Federal Contract Tower,0,11,8,2,21,0,8,34,0,42,0,19,42,2,63,34,28,62,125
11/18/2022,SMX,CA,AWP,WE,Federal Contract Tower,0,12,2,5,19,0,9,34,0,43,0,21,36,5,62,38,6,44,106
11/19/2022,SMX,CA,AWP,WE,Federal Contract Tower,0,5,2,0,7,0,8,47,0,55,0,13,49,0,62,52,0,52,114
11/20/2022,SMX,CA,AWP,WE,Federal Contract Tower,2,0,10,0,12,0,15,58,0,73,2,15,68,0,85,48,0,48,133
11/21/2022,SMX,CA,AWP,WE,Federal Contract Tower,0,5,10,5,20,0,5,39,4,48,0,10,49,9,68,52,14,66,134
11/22/2022,SMX,CA,AWP,WE,Federal Contract Tower,0,8,4,3,15,0,12,30,0,42,0,20,34,3,57,34,18,52,109
11/23/2022,SMX,CA,AWP,WE,Federal Contract Tower,0,8,14,0,22,0,10,37,0,47,0,18,51,0,69,82,0,82,151
11/24/2022,SMX,CA,AWP,WE,Federal Contract Tower,0,0,1,0,1,0,0,11,0,11,0,0,12,0,12,0,0,0,12
11/25/2022,SMX,CA,AWP,WE,Federal Contract Tower,0,8,1,1,10,0,10,33,0,43,0,18,34,1,53,46,0,46,99
11/26/2022,SMX,CA,AWP,WE,Federal Contract Tower,0,1,15,0,16,0,5,22,0,27,0,6,37,0,43,30,0,30,73
11/27/2022,SMX,CA,AWP,WE,Federal Contract Tower,1,6,4,0,11,0,4,42,0,46,1,10,46,0,57,22,0,22,79
11/28/2022,SMX,CA,AWP,WE,Federal Contract Tower,2,11,11,6,30,0,5,19,0,24,2,16,30,6,54,44,6,50,104
11/29/2022,SMX,CA,AWP,WE,Federal Contract Tower,0,12,8,1,21,0,7,24,1,32,0,19,32,2,53,14,2,16,69
11/30/2022,SMX,CA,AWP,WE,Federal Contract Tower,0,19,16,0,35,0,6,19,2,27,0,25,35,2,62,44,0,44,106
12/01/2022,SMX,CA,AWP,WE,Federal Contract Tower,0,16,4,1,21,0,8,5,0,13,0,24,9,1,34,0,0,0,34
12/03/2022,SMX,CA,AWP,WE,Federal Contract Tower,0,6,9,0,15,0,1,3,0,4,0,7,12,0,19,14,0,14,33
12/04/2022,SMX,CA,AWP,WE,Federal Contract Tower,2,1,11,2,16,0,5,18,2,25,2,6,29,4,41,34,0,34,75
12/05/2022,SMX,CA,AWP,WE,Federal Contract Tower,0,6,6,5,17,0,21,32,12,65,0,27,38,17,82,34,14,48,130
12/06/2022,SMX,CA,AWP,WE,Federal Contract Tower,2,12,6,7,27,0,10,25,9,44,2,22,31,16,71,30,0,30,101
12/07/2022,SMX,CA,AWP,WE,Federal Contract Tower,0,10,7,8,25,0,7,49,18,74,0,17,56,26,99,34,8,42,141
12/08/2022,SMX,CA,AWP,WE,Federal Contract Tower,0,13,13,8,34,0,8,45,15,68,0,21,58,23,102,26,8,34,136
12/09/2022,SMX,CA,AWP,WE,Federal Contract Tower,0,14,13,9,36,0,5,67,14,86,0,19,80,23,122,82,4,86,208
12/10/2022,SMX,CA,AWP,WE,Federal Contract Tower,0,6,3,0,9,0,2,8,0,10,0,8,11,0,19,24,2,26,45
12/11/2022,SMX,CA,AWP,WE,Federal Contract Tower,2,0,3,0,5,0,5,6,2,13,2,5,9,2,18,6,2,8,26
12/12/2022,SMX,CA,AWP,WE,Federal Contract Tower,0,5,8,9,22,0,5,22,15,42,0,10,30,24,64,20,2,22,86
12/13/2022,SMX,CA,AWP,WE,Federal Contract Tower,0,12,11,5,28,0,10,51,9,70,0,22,62,14,98,22,0,22,120
12/14/2022,SMX,CA,AWP,WE,Federal Contract Tower,0,14,12,5,31,0,13,60,9,82,0,27,72,14,113,16,12,28,141
12/15/2022,SMX,CA,AWP,WE,Federal Contract Tower,0,14,10,9,33,0,14,32,9,55,0,28,42,18,88,32,6,38,126
12/16/2022,SMX,CA,AWP,WE,Federal Contract Tower,2,9,11,3,25,0,4,40,1,45,2,13,51,4,70,18,0,18,88
12/17/2022,SMX,CA,AWP,WE,Federal Contract Tower,0,5,10,0,15,0,8,27,0,35,0,13,37,0,50,34,0,34,84
12/18/2022,SMX,CA,AWP,WE,Federal Contract Tower,0,3,7,0,10,0,1,36,0,37,0,4,43,0,47,30,0,30,77
12/19/2022,SMX,CA,AWP,WE,Federal Contract Tower,2,6,5,0,13,0,9,31,0,40,2,15,36,0,53,34,0,34,87
12/20/2022,SMX,CA,AWP,WE,Federal Contract Tower,0,9,7,1,17,0,8,46,1,55,0,17,53,2,72,42,0,42,114
12/21/2022,SMX,CA,AWP,WE,Federal Contract Tower,2,12,4,0,18,0,17,55,10,82,2,29,59,10,100,46,0,46,146
12/22/2022,SMX,CA,AWP,WE,Federal Contract Tower,0,10,8,0,18,0,8,36,2,46,0,18,44,2,64,38,0,38,102
12/23/2022,SMX,CA,AWP,WE,Federal Contract Tower,0,11,14,0,25,0,6,11,0,17,0,17,25,0,42,10,0,10,52
12/24/2022,SMX,CA,AWP,WE,Federal Contract Tower,0,7,3,0,10,0,2,44,0,46,0,9,47,0,56,40,0,40,96
12/25/2022,SMX,CA,AWP,WE,Federal Contract Tower,0,0,6,0,6,0,8,21,0,29,0,8,27,0,35,28,0,28,63
12/26/2022,SMX,CA,AWP,WE,Federal Contract Tower,2,1,6,0,9,0,5,33,0,38,2,6,39,0,47,36,0,36,83
12/27/2022,SMX,CA,AWP,WE,Federal Contract Tower,0,7,13,0,20,0,4,0,0,4,0,11,13,0,24,0,0,0,24
12/28/2022,SMX,CA,AWP,WE,Federal Contract Tower,0,10,7,0,17,0,5,30,0,35,0,15,37,0,52,16,0,16,68
12/29/2022,SMX,CA,AWP,WE,Federal Contract Tower,0,9,13,1,23,0,5,1,0,6,0,14,14,1,29,0,16,16,45
12/30/2022,SMX,CA,AWP,WE,Federal Contract Tower,0,10,11,0,21,0,2,2,0,4,0,12,13,0,25,2,0,2,27
12/31/2022,SMX,CA,AWP,WE,Federal Contract Tower,0,11,5,0,16,0,0,1,0,1,0,11,6,0,17,2,0,2,19
01/01/2023,SMX,CA,AWP,WE,Federal Contract Tower,0,0,4,0,4,0,10,1,0,11,0,10,5,0,15,0,0,0,15
01/02/2023,SMX,CA,AWP,WE,Federal Contract Tower,2,1,9,0,12,0,4,22,0,26,2,5,31,0,38,0,0,0,38
01/03/2023,SMX,CA,AWP,WE,Federal Contract Tower,0,9,5,1,15,0,14,19,4,37,0,23,24,5,52,0,34,34,86
01/04/2023,SMX,CA,AWP,WE,Federal Contract Tower,0,12,3,0,15,0,4,2,0,6,0,16,5,0,21,0,0,0,21
01/05/2023,SMX,CA,AWP,WE,Federal Contract Tower,0,11,13,0,24,0,3,7,0,10,0,14,20,0,34,14,0,14,48
01/06/2023,SMX,CA,AWP,WE,Federal Contract Tower,0,13,6,1,20,0,6,64,1,71,0,19,70,2,91,70,2,72,163
01/07/2023,SMX,CA,AWP,WE,Federal Contract Tower,0,4,16,0,20,0,6,43,0,49,0,10,59,0,69,28,0,28,97
01/08/2023,SMX,CA,AWP,WE,Federal Contract Tower,2,0,7,5,14,0,0,4,0,4,2,0,11,5,18,28,12,40,58
01/09/2023,SMX,CA,AWP,WE,Federal Contract Tower,0,5,3,0,8,0,0,0,0,0,0,5,3,0,8,0,0,0,8
01/10/2023,SMX,CA,AWP,WE,Federal Contract Tower,0,10,3,0,13,0,4,2,0,6,0,14,5,0,19,0,0,0,19
01/11/2023,SMX,CA,AWP,WE,Federal Contract Tower,0,11,12,0,23,0,3,17,0,20,0,14,29,0,43,28,0,28,71
01/12/2023,SMX,CA,AWP,WE,Federal Contract Tower,0,10,8,2,20,0,8,45,1,54,0,18,53,3,74,32,0,32,106
01/13/2023,SMX,CA,AWP,WE,Federal Contract Tower,0,7,5,1,13,0,6,20,1,27,0,13,25,2,40,36,4,40,80
01/14/2023,SMX,CA,AWP,WE,Federal Contract Tower,0,2,5,0,7,0,0,1,0,1,0,2,6,0,8,0,0,0,8
01/15/2023,SMX,CA,AWP,WE,Federal Contract Tower,2,1,3,0,6,0,2,2,0,4,2,3,5,0,10,0,0,0,10
01/16/2023,SMX,CA,AWP,WE,Federal Contract Tower,0,6,8,0,14,0,3,3,0,6,0,9,11,0,20,0,0,0,20
01/17/2023,SMX,CA,AWP,WE,Federal Contract Tower,0,12,16,1,29,0,8,40,0,48,0,20,56,1,77,58,8,66,143
01/18/2023,SMX,CA,AWP,WE,Federal Contract Tower,0,8,14,3,25,0,11,51,2,64,0,19,65,5,89,24,2,26,115
01/19/2023,SMX,CA,AWP,WE,Federal Contract Tower,0,10,9,4,23,0,3,14,0,17,0,13,23,4,40,16,0,16,56
01/20/2023,SMX,CA,AWP,WE,Federal Contract Tower,0,6,13,0,19,0,6,72,0,78,0,12,85,0,97,70,0,70,167
01/21/2023,SMX,CA,AWP,WE,Federal Contract Tower,0,5,7,0,12,0,5,50,0,55,0,10,57,0,67,76,0,76,143
01/22/2023,SMX,CA,AWP,WE,Federal Contract Tower,2,0,17,0,19,0,4,31,0,35,2,4,48,0,54,34,0,34,88
01/23/2023,SMX,CA,AWP,WE,Federal Contract Tower,0,5,9,1,15,0,4,42,0,46,0,9,51,1,61,38,4,42,103
01/24/2023,SMX,CA,AWP,WE,Federal Contract Tower,0,8,10,3,21,0,8,42,3,53,0,16,52,6,74,30,16,46,120
01/25/2023,SMX,CA,AWP,WE,Federal Contract Tower,0,8,16,1,25,0,4,38,7,49,0,12,54,8,74,70,0,70,144
01/26/2023,SMX,CA,AWP,WE,Federal Contract Tower,0,8,6,2,16,0,3,39,1,43,0,11,45,3,59,64,38,102,161
01/27/2023,SMX,CA,AWP,WE,Federal Contract Tower,0,10,7,2,19,0,0,1,0,1,0,10,8,2,20,70,12,82,102
01/28/2023,SMX,CA,AWP,WE,Federal Contract Tower,0,2,20,0,22,0,5,73,0,78,0,7,93,0,100,64,0,64,164
01/29/2023,SMX,CA,AWP,WE,Federal Contract Tower,2,4,11,0,17,0,3,16,0,19,2,7,27,0,36,34,0,34,70
01/30/2023,SMX,CA,AWP,WE,Federal Contract Tower,0,9,18,2,29,0,3,31,0,34,0,12,49,2,63,42,6,48,111
01/31/2023,SMX,CA,AWP,WE,Federal Contract Tower,0,12,13,2,27,0,10,49,0,59,0,22,62,2,86,70,4,74,160
02/01/2023,SMX,CA,AWP,WE,Federal Contract Tower,0,10,17,0,27,0,18,48,6,72,0,28,65,6,99,36,0,36,135
02/02/2023,SMX,CA,AWP,WE,Federal Contract Tower,0,10,17,2,29,0,6,43,5,54,0,16,60,7,83,60,0,60,143
02/03/2023,SMX,CA,AWP,WE,Federal Contract Tower,0,7,21,0,28,0,2,53,0,55,0,9,74,0,83,74,0,74,157
02/04/2023,SMX,CA,AWP,WE,Federal Contract Tower,0,5,12,0,17,0,2,54,0,56,0,7,66,0,73,62,0,62,135
02/05/2023,SMX,CA,AWP,WE,Federal Contract Tower,2,2,4,1,9,0,4,10,2,16,2,6,14,3,25,20,0,20,45
02/06/2023,SMX,CA,AWP,WE,Federal Contract Tower,0,5,12,0,17,0,9,20,4,33,0,14,32,4,50,30,14,44,94
02/07/2023,SMX,CA,AWP,WE,Federal Contract Tower,0,10,21,2,33,0,9,45,9,63,0,19,66,11,96,24,0,24,120
02/08/2023,SMX,CA,AWP,WE,Federal Contract Tower,0,8,21,2,31,0,11,57,10,78,0,19,78,12,109,78,2,80,189
02/09/2023,SMX,CA,AWP,WE,Federal Contract Tower,0,10,17,1,28,0,9,50,5,64,0,19,67,6,92,24,2,26,118
02/10/2023,SMX,CA,AWP,WE,Federal Contract Tower,0,8,26,1,35,0,6,52,1,59,0,14,78,2,94,34,4,38,132
02/11/2023,SMX,CA,AWP,WE,Federal Contract Tower,0,4,11,0,15,0,1,31,0,32,0,5,42,0,47,76,0,76,123
02/12/2023,SMX,CA,AWP,WE,Federal Contract Tower,2,1,21,0,24,0,9,38,0,47,2,10,59,0,71,68,0,68,139
02/13/2023,SMX,CA,AWP,WE,Federal Contract Tower,0,7,24,0,31,0,2,16,0,18,0,9,40,0,49,48,0,48,97
02/14/2023,SMX,CA,AWP,WE,Federal Contract Tower,0,8,13,1,22,0,7,24,0,31,0,15,37,1,53,24,2,26,79
02/15/2023,SMX,CA,AWP,WE,Federal Contract Tower,0,9,23,1,33,0,9,47,0,56,0,18,70,1,89,40,6,46,135
02/16/2023,SMX,CA,AWP,WE,Federal Contract Tower,0,9,15,3,27,0,9,33,3,45,0,18,48,6,72,82,18,100,172
02/17/2023,SMX,CA,AWP,WE,Federal Contract Tower,0,7,16,0,23,0,2,42,0,44,0,9,58,0,67,100,0,100,167
02/18/2023,SMX,CA,AWP,WE,Federal Contract Tower,0,7,14,1,22,0,5,45,0,50,0,12,59,1,72,82,2,84,156
02/19/2023,SMX,CA,AWP,WE,Federal Contract Tower,0,0,11,0,11,0,0,53,0,53,0,0,64,0,64,24,0,24,88
02/20/2023,SMX,CA,AWP,WE,Federal Contract Tower,0,5,8,0,13,0,6,57,0,63,0,11,65,0,76,28,0,28,104
02/21/2023,SMX,CA,AWP,WE,Federal Contract Tower,0,14,13,0,27,0,3,11,0,14,0,17,24,0,41,6,0,6,47
02/22/2023,SMX,CA,AWP,WE,Federal Contract Tower,0,9,3,0,12,0,3,10,0,13,0,12,13,0,25,32,0,32,57
02/23/2023,SMX,CA,AWP,WE,Federal Contract Tower,0,9,2,1,12,0,2,8,0,10,0,11,10,1,22,6,0,6,28
02/24/2023,SMX,CA,AWP,WE,Federal Contract Tower,0,7,3,0,10,0,0,0,0,0,0,7,3,0,10,0,0,0,10
02/25/2023,SMX,CA,AWP,WE,Federal Contract Tower,0,3,5,0,8,0,2,8,0,10,0,5,13,0,18,0,0,0,18
02/26/2023,SMX,CA,AWP,WE,Federal Contract Tower,0,1,4,0,5,0,4,24,0,28,0,5,28,0,33,30,0,30,63
02/27/2023,SMX,CA,AWP,WE,Federal Contract Tower,0,6,12,4,22,0,5,4,2,11,0,11,16,6,33,6,10,16,49
02/28/2023,SMX,CA,AWP,WE,Federal Contract Tower,0,6,17,4,27,0,4,10,0,14,0,10,27,4,41,12,0,12,53
03/01/2023,SMX,CA,AWP,WE,Federal Contract Tower,2,6,8,1,17,0,10,6,1,17,2,16,14,2,34,10,10,20,54
03/02/2023,SMX,CA,AWP,WE,Federal Contract Tower,0,8,10,1,19,0,10,53,2,65,0,18,63,3,84,42,0,42,126
03/03/2023,SMX,CA,AWP,WE,Federal Contract Tower,0,5,3,3,11,0,5,42,6,53,0,10,45,9,64,20,0,20,84
03/04/2023,SMX,CA,AWP,WE,Federal Contract Tower,0,2,10,0,12,0,0,17,0,17,0,2,27,0,29,12,0,12,41
03/05/2023,SMX,CA,AWP,WE,Federal Contract Tower,4,0,5,1,10,0,0,2,0,2,4,0,7,1,12,2,18,20,32
03/06/2023,SMX,CA,AWP,WE,Federal Contract Tower,0,5,7,1,13,0,4,29,2,35,0,9,36,3,48,4,8,12,60
03/07/2023,SMX,CA,AWP,WE,Federal Contract Tower,0,10,14,3,27,0,8,58,3,69,0,18,72,6,96,44,2,46,142
03/08/2023,SMX,CA,AWP,WE,Federal Contract Tower,0,13,11,2,26,0,4,41,0,45,0,17,52,2,71,28,0,28,99
03/09/2023,SMX,CA,AWP,WE,Federal Contract Tower,2,8,8,0,18,0,3,37,0,40,2,11,45,0,58,26,0,26,84
03/10/2023,SMX,CA,AWP,WE,Federal Contract Tower,0,6,1,0,7,0,0,1,0,1,0,6,2,0,8,0,0,0,8
03/11/2023,SMX,CA,AWP,WE,Federal Contract Tower,0,2,4,0,6,0,4,5,0,9,0,6,9,0,15,0,2,2,17
03/12/2023,SMX,CA,AWP,WE,Federal Contract Tower,2,5,23,0,30,0,1,13,0,14,2,6,36,0,44,12,2,14,58
03/13/2023,SMX,CA,AWP,WE,Federal Contract Tower,0,6,13,0,19,0,6,6,0,12,0,12,19,0,31,10,0,10,41
03/14/2023,SMX,CA,AWP,WE,Federal Contract Tower,1,8,5,0,14,0,3,0,0,3,1,11,5,0,17,0,0,0,17
03/15/2023,SMX,CA,AWP,WE,Federal Contract Tower,1,10,26,0,37,0,7,9,0,16,1,17,35,0,53,14,0,14,67
03/16/2023,SMX,CA,AWP,WE,Federal Contract Tower,1,12,13,2,28,0,3,25,0,28,1,15,38,2,56,8,2,10,66
03/17/2023,SMX,CA,AWP,WE,Federal Contract Tower,0,10,5,0,15,0,9,53,0,62,0,19,58,0,77,72,2,74,151
03/19/2023,SMX,CA,AWP,WE,Federal Contract Tower,2,2,5,0,9,0,0,1,0,1,2,2,6,0,10,0,0,0,10
03/20/2023,SMX,CA,AWP,WE,Federal Contract Tower,0,8,10,0,18,0,0,2,0,2,0,8,12,0,20,2,0,2,22
03/21/2023,SMX,CA,AWP,WE,Federal Contract Tower,0,10,5,2,17,0,0,0,0,0,0,10,5,2,17,0,2,2,19
03/22/2023,SMX,CA,AWP,WE,Federal Contract Tower,0,11,7,0,18,0,4,14,0,18,0,15,21,0,36,0,0,0,36
03/23/2023,SMX,CA,AWP,WE,Federal Contract Tower,2,14,9,2,27,0,3,17,0,20,2,17,26,2,47,2,1,3,50
03/24/2023,SMX,CA,AWP,WE,Federal Contract Tower,0,7,8,0,15,0,9,27,0,36,0,16,35,0,51,12,0,12,63
03/25/2023,SMX,CA,AWP,WE,Federal Contract Tower,0,2,6,0,8,0,8,35,0,43,0,10,41,0,51,62,0,62,113
03/26/2023,SMX,CA,AWP,WE,Federal Contract Tower,2,2,12,0,16,0,4,47,0,51,2,6,59,0,67,66,0,66,133
03/27/2023,SMX,CA,AWP,WE,Federal Contract Tower,0,9,2,2,13,0,5,37,0,42,0,14,39,2,55,44,8,52,107
03/28/2023,SMX,CA,AWP,WE,Federal Contract Tower,0,11,8,0,19,0,4,20,0,24,0,15,28,0,43,32,0,32,75
03/29/2023,SMX,CA,AWP,WE,Federal Contract Tower,0,10,1,0,11,0,13,5,2,20,0,23,6,2,31,12,0,12,43
03/30/2023,SMX,CA,AWP,WE,Federal Contract Tower,2,18,5,0,25,0,15,26,0,41,2,33,31,0,66,26,0,26,92
03/31/2023,SMX,CA,AWP,WE,Federal Contract Tower,0,7,9,3,19,0,13,44,0,57,0,20,53,3,76,32,4,36,112
04/01/2023,SMX,CA,AWP,WE,Federal Contract Tower,0,4,3,0,7,0,9,39,0,48,0,13,42,0,55,24,0,24,79
04/02/2023,SMX,CA,AWP,WE,Federal Contract Tower,0,0,11,0,11,0,2,33,0,35,0,2,44,0,46,26,8,34,80
04/03/2023,SMX,CA,AWP,WE,Federal Contract Tower,0,8,2,2,12,0,9,5,4,18,0,17,7,6,30,8,16,24,54
04/04/2023,SMX,CA,AWP,WE,Federal Contract Tower,0,11,3,1,15,0,2,35,5,42,0,13,38,6,57,48,0,48,105
04/05/2023,SMX,CA,AWP,WE,Federal Contract Tower,0,9,20,3,32,0,3,56,0,59,0,12,76,3,91,30,2,32,123
04/06/2023,SMX,CA,AWP,WE,Federal Contract Tower,2,12,13,3,30,0,5,42,2,49,2,17,55,5,79,16,10,26,105
04/08/2023,SMX,CA,AWP,WE,Federal Contract Tower,0,3,8,0,11,0,7,40,0,47,0,10,48,0,58,42,0,42,100
04/09/2023,SMX,CA,AWP,WE,Federal Contract Tower,2,3,6,1,12,0,3,28,0,31,2,6,34,1,43,34,0,34,77
04/10/2023,SMX,CA,AWP,WE,Federal Contract Tower,0,8,16,2,26,0,8,37,0,45,0,16,53,2,71,18,0,18,89
04/11/2023,SMX,CA,AWP,WE,Federal Contract Tower,0,21,17,0,38,0,9,17,0,26,0,30,34,0,64,34,0,34,98
04/12/2023,SMX,CA,AWP,WE,Federal Contract Tower,0,10,5,0,15,0,8,24,2,34,0,18,29,2,49,4,0,4,53
04/13/2023,SMX,CA,AWP,WE,Federal Contract Tower,2,9,10,2,23,0,5,26,1,32,2,14,36,3,55,36,0,36,91
04/14/2023,SMX,CA,AWP,WE,Federal Contract Tower,0,9,19,0,28,0,4,38,0,42,0,13,57,0,70,30,0,30,100
04/15/2023,SMX,CA,AWP,WE,Federal Contract Tower,0,6,15,5,26,0,4,49,0,53,0,10,64,5,79,60,0,60,139
04/16/2023,SMX,CA,AWP,WE,Federal Contract Tower,0,2,31,0,33,0,7,12,0,19,0,9,43,0,52,28,0,28,80
04/17/2023,SMX,CA,AWP,WE,Federal Contract Tower,0,8,7,3,18,0,8,20,0,28,0,16,27,3,46,14,6,20,66
04/18/2023,SMX,CA,AWP,WE,Federal Contract Tower,0,8,8,0,16,0,3,23,0,26,0,11,31,0,42,12,0,12,54
04/19/2023,SMX,CA,AWP,WE,Federal Contract Tower,0,8,10,0,18,0,8,35,2,45,0,16,45,2,63,24,0,24,87
04/20/2023,SMX,CA,AWP,WE,Federal Contract Tower,2,10,11,2,25,0,12,33,0,45,2,22,44,2,70,34,0,34,104
04/21/2023,SMX,CA,AWP,WE,Federal Contract Tower,0,8,6,0,14,0,5,36,0,41,0,13,42,0,55,20,2,22,77
04/22/2023,SMX,CA,AWP,WE,Federal Contract Tower,0,2,6,0,8,0,2,61,0,63,0,4,67,0,71,40,6,46,117
04/23/2023,SMX,CA,AWP,WE,Federal Contract Tower,0,2,17,0,19,0,3,30,0,33,0,5,47,0,52,26,0,26,78
04/24/2023,SMX,CA,AWP,WE,Federal Contract Tower,4,8,24,2,38,0,8,40,0,48,4,16,64,2,86,54,0,54,140
04/25/2023,SMX,CA,AWP,WE,Federal Contract Tower,0,14,16,5,35,0,8,37,2,47,0,22,53,7,82,10,2,12,94
04/26/2023,SMX,CA,AWP,WE,Federal Contract Tower,0,15,22,1,38,0,2,57,0,59,0,17,79,1,97,48,0,48,145
04/27/2023,SMX,CA,AWP,WE,Federal Contract Tower,2,15,14,2,33,0,8,38,1,47,2,23,52,3,80,34,0,34,114
04/28/2023,SMX,CA,AWP,WE,Federal Contract Tower,0,18,17,0,35,0,10,33,0,43,0,28,50,0,78,34,0,34,112
04/29/2023,SMX,CA,AWP,WE,Federal Contract Tower,0,7,12,4,23,0,5,16,0,21,0,12,28,4,44,16,6,22,66
04/30/2023,SMX,CA,AWP,WE,Federal Contract Tower,0,6,20,0,26,0,4,11,0,15,0,10,31,0,41,14,0,14,55
05/01/2023,SMX,CA,AWP,WE,Federal Contract Tower,0,6,15,3,24,0,4,17,0,21,0,10,32,3,45,40,0,40,85
05/02/2023,SMX,CA,AWP,WE,Federal Contract Tower,1,15,15,0,31,0,2,1,2,5,1,17,16,2,36,0,0,0,36
05/03/2023,SMX,CA,AWP,WE,Federal Contract Tower,0,11,9,3,23,0,5,12,4,21,0,16,21,7,44,2,0,2,46
05/04/2023,SMX,CA,AWP,WE,Federal Contract Tower,1,10,6,4,21,0,10,10,12,32,1,20,16,16,53,36,4,40,93
05/05/2023,SMX,CA,AWP,WE,Federal Contract Tower,0,7,12,0,19,0,13,28,0,41,0,20,40,0,60,16,0,16,76
05/06/2023,SMX,CA,AWP,WE,Federal Contract Tower,0,2,6,0,8,0,8,49,0,57,0,10,55,0,65,30,0,30,95
05/07/2023,SMX,CA,AWP,WE,Federal Contract Tower,0,4,6,0,10,0,3,30,0,33,0,7,36,0,43,40,0,40,83
05/08/2023,SMX,CA,AWP,WE,Federal Contract Tower,0,4,3,3,10,0,3,38,0,41,0,7,41,3,51,94,8,102,153
05/09/2023,SMX,CA,AWP,WE,Federal Contract Tower,0,13,8,1,22,0,3,15,1,19,0,16,23,2,41,34,8,42,83
05/10/2023,SMX,CA,AWP,WE,Federal Contract Tower,0,18,10,3,31,0,8,26,0,34,0,26,36,3,65,38,36,74,139
05/11/2023,SMX,CA,AWP,WE,Federal Contract Tower,0,14,13,0,27,0,10,55,4,69,0,24,68,4,96,28,0,28,124
05/12/2023,SMX,CA,AWP,WE,Federal Contract Tower,0,10,1,0,11,0,1,44,0,45,0,11,45,0,56,50,0,50,106
05/13/2023,SMX,CA,AWP,WE,Federal Contract Tower,0,3,6,0,9,0,3,48,1,52,0,6,54,1,61,42,0,42,103
05/14/2023,SMX,CA,AWP,WE,Federal Contract Tower,0,1,8,1,10,0,5,26,0,31,0,6,34,1,41,10,0,10,51
05/15/2023,SMX,CA,AWP,WE,Federal Contract Tower,2,8,11,0,21,0,3,16,0,19,2,11,27,0,40,4,0,4,44
05/16/2023,SMX,CA,AWP,WE,Federal Contract Tower,0,15,9,1,25,0,3,16,0,19,0,18,25,1,44,16,0,16,60
05/17/2023,SMX,CA,AWP,WE,Federal Contract Tower,0,8,17,2,27,0,3,38,6,47,0,11,55,8,74,16,0,16,90
05/18/2023,SMX,CA,AWP,WE,Federal Contract Tower,2,13,12,0,27,0,5,30,0,35,2,18,42,0,62,10,0,10,72
05/19/2023,SMX,CA,AWP,WE,Federal Contract Tower,0,10,25,0,35,0,2,19,0,21,0,12,44,0,56,30,0,30,86
05/20/2023,SMX,CA,AWP,WE,Federal Contract Tower,0,1,5,0,6,0,19,23,3,45,0,20,28,3,51,40,0,40,91
05/21/2023,SMX,CA,AWP,WE,Federal Contract Tower,2,1,15,0,18,0,4,24,6,34,2,5,39,6,52,16,0,16,68
05/22/2023,SMX,CA,AWP,WE,Federal Contract Tower,0,5,2,0,7,0,1,15,0,16,0,6,17,0,23,38,22,60,83
05/23/2023,SMX,CA,AWP,WE,Federal Contract Tower,2,13,10,0,25,0,3,1,0,4,2,16,11,0,29,6,0,6,35
05/24/2023,SMX,CA,AWP,WE,Federal Contract Tower,0,8,12,1,21,0,6,14,0,20,0,14,26,1,41,12,10,22,63
05/25/2023,SMX,CA,AWP,WE,Federal Contract Tower,2,11,11,0,24,0,7,28,1,36,2,18,39,1,60,28,0,28,88
05/26/2023,SMX,CA,AWP,WE,Federal Contract Tower,0,10,15,0,25,0,2,41,0,43,0,12,56,0,68,38,0,38,106
05/27/2023,SMX,CA,AWP,WE,Federal Contract Tower,1,7,12,1,21,0,0,29,2,31,1,7,41,3,52,32,0,32,84
05/28/2023,SMX,CA,AWP,WE,Federal Contract Tower,3,0,9,0,12,0,0,11,0,11,3,0,20,0,23,6,0,6,29
05/29/2023,SMX,CA,AWP,WE,Federal Contract Tower,0,2,9,0,11,0,2,8,0,10,0,4,17,0,21,24,2,26,47
05/30/2023,SMX,CA,AWP,WE,Federal Contract Tower,0,15,22,0,37,0,0,15,0,15,0,15,37,0,52,24,0,24,76
05/31/2023,SMX,CA,AWP,WE,Federal Contract Tower,0,8,10,0,18,0,0,23,0,23,0,8,33,0,41,44,0,44,85
06/01/2023,SMX,CA,AWP,WE,Federal Contract Tower,2,13,18,4,37,0,3,12,0,15,2,16,30,4,52,8,2,10,62
06/02/2023,SMX,CA,AWP,WE,Federal Contract Tower,0,4,14,0,18,0,7,43,0,50,0,11,57,0,68,26,0,26,94
06/03/2023,SMX,CA,AWP,WE,Federal Contract Tower,0,5,14,0,19,0,2,39,0,41,0,7,53,0,60,10,10,20,80
06/04/2023,SMX,CA,AWP,WE,Federal Contract Tower,2,3,12,0,17,0,2,23,0,25,2,5,35,0,42,46,0,46,88
06/05/2023,SMX,CA,AWP,WE,Federal Contract Tower,0,9,20,0,29,0,0,5,0,5,0,9,25,0,34,2,0,2,36
06/06/2023,SMX,CA,AWP,WE,Federal Contract Tower,0,11,10,0,21,0,4,4,0,8,0,15,14,0,29,4,0,4,33
06/07/2023,SMX,CA,AWP,WE,Federal Contract Tower,0,12,24,4,40,0,7,21,2,30,0,19,45,6,70,60,2,62,132
06/08/2023,SMX,CA,AWP,WE,Federal Contract Tower,2,14,18,1,35,0,7,29,0,36,2,21,47,1,71,10,0,10,81
06/09/2023,SMX,CA,AWP,WE,Federal Contract Tower,0,16,27,0,43,0,3,6,2,11,0,19,33,2,54,16,0,16,70
06/10/2023,SMX,CA,AWP,WE,Federal Contract Tower,2,4,9,0,15,0,1,5,0,6,2,5,14,0,21,12,0,12,33
06/11/2023,SMX,CA,AWP,WE,Federal Contract Tower,4,7,11,3,25,0,2,9,0,11,4,9,20,3,36,28,0,28,64
06/12/2023,SMX,CA,AWP,WE,Federal Contract Tower,1,10,29,3,43,0,2,12,0,14,1,12,41,3,57,24,0,24,81
06/13/2023,SMX,CA,AWP,WE,Federal Contract Tower,0,11,12,0,23,0,2,22,0,24,0,13,34,0,47,8,0,8,55
06/14/2023,SMX,CA,AWP,WE,Federal Contract Tower,0,15,19,6,40,0,3,25,4,32,0,18,44,10,72,14,0,14,86
06/15/2023,SMX,CA,AWP,WE,Federal Contract Tower,3,16,17,15,51,0,0,9,5,14,3,16,26,20,65,34,0,34,99
06/16/2023,SMX,CA,AWP,WE,Federal Contract Tower,0,10,10,9,29,0,5,8,2,15,0,15,18,11,44,14,0,14,58
06/17/2023,SMX,CA,AWP,WE,Federal Contract Tower,0,3,11,0,14,0,0,25,2,27,0,3,36,2,41,60,2,62,103
06/18/2023,SMX,CA,AWP,WE,Federal Contract Tower,2,3,10,0,15,0,0,17,2,19,2,3,27,2,34,16,14,30,64
06/19/2023,SMX,CA,AWP,WE,Federal Contract Tower,0,9,16,3,28,0,7,17,0,24,0,16,33,3,52,8,2,10,62
06/20/2023,SMX,CA,AWP,WE,Federal Contract Tower,0,10,14,5,29,0,10,26,4,40,0,20,40,9,69,24,0,24,93
06/21/2023,SMX,CA,AWP,WE,Federal Contract Tower,0,11,19,1,31,0,8,37,1,46,0,19,56,2,77,42,16,58,135
06/22/2023,SMX,CA,AWP,WE,Federal Contract Tower,1,12,26,3,42,0,3,18,0,21,1,15,44,3,63,4,14,18,81
06/23/2023,SMX,CA,AWP,WE,Federal Contract Tower,0,8,18,1,27,0,8,30,0,38,0,16,48,1,65,18,0,18,83
06/24/2023,SMX,CA,AWP,WE,Federal Contract Tower,0,6,4,0,10,0,3,36,0,39,0,9,40,0,49,56,0,56,105
06/25/2023,SMX,CA,AWP,WE,Federal Contract Tower,1,1,14,0,16,0,0,27,0,27,1,1,41,0,43,28,0,28,71
06/26/2023,SMX,CA,AWP,WE,Federal Contract Tower,0,8,10,7,25,0,1,23,8,32,0,9,33,15,57,0,0,0,57
06/27/2023,SMX,CA,AWP,WE,Federal Contract Tower,0,10,17,9,36,0,2,21,8,31,0,12,38,17,67,20,2,22,89
06/28/2023,SMX,CA,AWP,WE,Federal Contract Tower,2,11,21,10,44,0,2,32,4,38,2,13,53,14,82,10,20,30,112
06/29/2023,SMX,CA,AWP,WE,Federal Contract Tower,3,8,17,6,34,0,2,31,0,33,3,10,48,6,67,44,2,46,113
06/30/2023,SMX,CA,AWP,WE,Federal Contract Tower,0,7,11,6,24,0,7,25,7,39,0,14,36,13,63,20,0,20,83
07/01/2023,SMX,CA,AWP,WE,Federal Contract Tower,2,2,10,0,14,0,4,57,0,61,2,6,67,0,75,34,0,34,109
07/02/2023,SMX,CA,AWP,WE,Federal Contract Tower,2,1,10,2,15,0,2,38,0,40,2,3,48,2,55,40,0,40,95
07/03/2023,SMX,CA,AWP,WE,Federal Contract Tower,0,9,14,0,23,0,5,26,0,31,0,14,40,0,54,16,0,16,70
07/04/2023,SMX,CA,AWP,WE,Federal Contract Tower,0,2,4,0,6,0,3,11,0,14,0,5,15,0,20,6,0,6,26
07/05/2023,SMX,CA,AWP,WE,Federal Contract Tower,0,11,6,0,17,0,2,27,0,29,0,13,33,0,46,6,0,6,52
07/06/2023,SMX,CA,AWP,WE,Federal Contract Tower,2,14,13,0,29,0,2,39,0,41,2,16,52,0,70,56,0,56,126
07/07/2023,SMX,CA,AWP,WE,Federal Contract Tower,0,6,14,0,20,0,7,38,0,45,0,13,52,0,65,48,0,48,113
07/08/2023,SMX,CA,AWP,WE,Federal Contract Tower,0,3,11,0,14,0,9,35,0,44,0,12,46,0,58,28,0,28,86
07/09/2023,SMX,CA,AWP,WE,Federal Contract Tower,2,4,16,0,22,0,1,22,0,23,2,5,38,0,45,10,0,10,55
07/10/2023,SMX,CA,AWP,WE,Federal Contract Tower,0,9,8,0,17,0,5,23,0,28,0,14,31,0,45,10,0,10,55
07/11/2023,SMX,CA,AWP,WE,Federal Contract Tower,0,14,14,0,28,0,26,8,0,34,0,40,22,0,62,12,0,12,74
07/12/2023,SMX,CA,AWP,WE,Federal Contract Tower,0,9,7,0,16,0,7,32,0,39,0,16,39,0,55,10,0,10,65
07/13/2023,SMX,CA,AWP,WE,Federal Contract Tower,2,9,7,0,18,0,4,47,0,51,2,13,54,0,69,32,0,32,101
07/14/2023,SMX,CA,AWP,WE,Federal Contract Tower,0,11,7,0,18,0,3,45,4,52,0,14,52,4,70,56,0,56,126
07/15/2023,SMX,CA,AWP,WE,Federal Contract Tower,0,5,12,1,18,0,9,46,1,56,0,14,58,2,74,46,2,48,122
07/16/2023,SMX,CA,AWP,WE,Federal Contract Tower,2,4,3,0,9,0,1,46,0,47,2,5,49,0,56,54,0,54,110
07/17/2023,SMX,CA,AWP,WE,Federal Contract Tower,0,6,9,2,17,0,5,31,0,36,0,11,40,2,53,28,42,70,123
07/18/2023,SMX,CA,AWP,WE,Federal Contract Tower,0,10,10,3,23,0,2,34,2,38,0,12,44,5,61,16,12,28,89
07/19/2023,SMX,CA,AWP,WE,Federal Contract Tower,0,11,11,0,22,0,4,29,0,33,0,15,40,0,55,16,0,16,71
07/20/2023,SMX,CA,AWP,WE,Federal Contract Tower,2,9,11,5,27,0,2,39,0,41,2,11,50,5,68,42,12,54,122
07/21/2023,SMX,CA,AWP,WE,Federal Contract Tower,0,11,6,0,17,0,3,37,0,40,0,14,43,0,57,84,0,84,141
07/22/2023,SMX,CA,AWP,WE,Federal Contract Tower,0,3,9,0,12,0,2,66,0,68,0,5,75,0,80,34,0,34,114
07/23/2023,SMX,CA,AWP,WE,Federal Contract Tower,2,0,9,0,11,0,2,26,0,28,2,2,35,0,39,6,0,6,45
07/24/2023,SMX,CA,AWP,WE,Federal Contract Tower,0,2,9,0,11,0,3,44,0,47,0,5,53,0,58,24,0,24,82
07/25/2023,SMX,CA,AWP,WE,Federal Contract Tower,0,6,2,0,8,0,8,33,0,41,0,14,35,0,49,4,2,6,55
07/26/2023,SMX,CA,AWP,WE,Federal Contract Tower,0,9,9,3,21,0,8,30,2,40,0,17,39,5,61,10,28,38,99
07/27/2023,SMX,CA,AWP,WE,Federal Contract Tower,2,13,7,0,22,0,12,25,2,39,2,25,32,2,61,6,0,6,67
07/28/2023,SMX,CA,AWP,WE,Federal Contract Tower,0,7,2,3,12,0,17,56,0,73,0,24,58,3,85,36,4,40,125
07/29/2023,SMX,CA,AWP,WE,Federal Contract Tower,0,2,4,1,7,0,9,58,8,75,0,11,62,9,82,32,0,32,114
07/30/2023,SMX,CA,AWP,WE,Federal Contract Tower,2,3,9,3,17,0,1,37,2,40,2,4,46,5,57,56,0,56,113
07/31/2023,SMX,CA,AWP,WE,Federal Contract Tower,0,5,7,0,12,0,5,19,0,24,0,10,26,0,36,12,0,12,48
08/01/2023,SMX,CA,AWP,WE,Federal Contract Tower,0,16,14,0,30,0,5,42,0,47,0,21,56,0,77,24,0,24,101
08/02/2023,SMX,CA,AWP,WE,Federal Contract Tower,0,9,13,1,23,0,5,36,0,41,0,14,49,1,64,44,8,52,116
08/03/2023,SMX,CA,AWP,WE,Federal Contract Tower,2,10,9,1,22,0,2,23,0,25,2,12,32,1,47,10,2,12,59
08/04/2023,SMX,CA,AWP,WE,Federal Contract Tower,0,14,13,2,29,0,4,40,2,46,0,18,53,4,75,16,0,16,91
08/05/2023,SMX,CA,AWP,WE,Federal Contract Tower,0,5,7,3,15,0,9,24,2,35,0,14,31,5,50,30,2,32,82
08/06/2023,SMX,CA,AWP,WE,Federal Contract Tower,2,2,6,2,12,0,4,55,8,67,2,6,61,10,79,22,4,26,105
08/07/2023,SMX,CA,AWP,WE,Federal Contract Tower,0,7,6,4,17,0,8,28,4,40,0,15,34,8,57,10,18,28,85
08/08/2023,SMX,CA,AWP,WE,Federal Contract Tower,0,14,15,0,29,0,3,30,6,39,0,17,45,6,68,34,0,34,102
08/09/2023,SMX,CA,AWP,WE,Federal Contract Tower,0,12,9,3,24,0,1,19,4,24,0,13,28,7,48,6,0,6,54
08/10/2023,SMX,CA,AWP,WE,Federal Contract Tower,2,18,6,4,30,0,0,9,0,9,2,18,15,4,39,2,0,2,41
08/11/2023,SMX,CA,AWP,WE,Federal Contract Tower,0,7,7,2,16,0,29,26,5,60,0,36,33,7,76,2,16,18,94
08/12/2023,SMX,CA,AWP,WE,Federal Contract Tower,0,3,12,3,18,0,3,35,1,39,0,6,47,4,57,28,2,30,87
08/13/2023,SMX,CA,AWP,WE,Federal Contract Tower,2,0,10,2,14,0,6,29,9,44,2,6,39,11,58,16,10,26,84
08/14/2023,SMX,CA,AWP,WE,Federal Contract Tower,0,7,4,2,13,0,8,18,10,36,0,15,22,12,49,10,0,10,59
08/15/2023,SMX,CA,AWP,WE,Federal Contract Tower,0,16,10,2,28,0,6,29,3,38,0,22,39,5,66,6,0,6,72
08/16/2023,SMX,CA,AWP,WE,Federal Contract Tower,0,12,9,6,27,0,5,15,18,38,0,17,24,24,65,4,20,24,89
08/17/2023,SMX,CA,AWP,WE,Federal Contract Tower,2,11,12,1,26,0,1,21,3,25,2,12,33,4,51,40,0,40,91
08/18/2023,SMX,CA,AWP,WE,Federal Contract Tower,0,7,18,2,27,0,4,28,4,36,0,11,46,6,63,40,2,42,105
08/19/2023,SMX,CA,AWP,WE,Federal Contract Tower,0,8,5,3,16,0,10,110,0,120,0,18,115,3,136,26,0,26,162
08/20/2023,SMX,CA,AWP,WE,Federal Contract Tower,0,2,2,1,5,0,0,23,0,23,0,2,25,1,28,8,0,8,36
08/21/2023,SMX,CA,AWP,WE,Federal Contract Tower,0,6,6,3,15,0,2,12,0,14,0,8,18,3,29,8,0,8,37
08/22/2023,SMX,CA,AWP,WE,Federal Contract Tower,0,9,7,1,17,0,3,30,0,33,0,12,37,1,50,26,20,46,96
08/23/2023,SMX,CA,AWP,WE,Federal Contract Tower,0,13,8,2,23,0,2,26,0,28,0,15,34,2,51,6,10,16,67
08/24/2023,SMX,CA,AWP,WE,Federal Contract Tower,1,13,19,1,34,0,2,28,0,30,1,15,47,1,64,42,8,50,114
08/25/2023,SMX,CA,AWP,WE,Federal Contract Tower,2,6,7,0,15,0,9,23,0,32,2,15,30,0,47,26,0,26,73
08/26/2023,SMX,CA,AWP,WE,Federal Contract Tower,1,5,17,0,23,0,1,32,0,33,1,6,49,0,56,8,0,8,64
08/27/2023,SMX,CA,AWP,WE,Federal Contract Tower,2,2,9,0,13,0,9,39,0,48,2,11,48,0,61,38,0,38,99
08/28/2023,SMX,CA,AWP,WE,Federal Contract Tower,0,5,9,0,14,0,9,37,0,46,0,14,46,0,60,26,0,26,86
08/29/2023,SMX,CA,AWP,WE,Federal Contract Tower,0,12,7,2,21,0,6,28,1,35,0,18,35,3,56,22,12,34,90
08/30/2023,SMX,CA,AWP,WE,Federal Contract Tower,0,14,12,1,27,0,11,28,0,39,0,25,40,1,66,24,2,26,92
08/31/2023,SMX,CA,AWP,WE,Federal Contract Tower,2,8,9,1,20,0,7,27,0,34,2,15,36,1,54,28,8,36,90
01/01/2020,SMX,CA,AWP,WE,Federal Contract Tower,2,1,6,0,9,0,13,47,0,60,2,14,53,0,69,12,0,12,81
01/02/2020,SMX,CA,AWP,WE,Federal Contract Tower,0,11,7,0,18,0,5,44,0,49,0,16,51,0,67,26,0,26,93
01/03/2020,SMX,CA,AWP,WE,Federal Contract Tower,2,9,9,0,20,0,6,41,0,47,2,15,50,0,67,50,0,50,117
01/04/2020,SMX,CA,AWP,WE,Federal Contract Tower,0,4,16,0,20,0,7,41,0,48,0,11,57,0,68,40,0,40,108
01/05/2020,SMX,CA,AWP,WE,Federal Contract Tower,2,1,8,0,11,0,3,18,2,23,2,4,26,2,34,4,2,6,40
01/06/2020,SMX,CA,AWP,WE,Federal Contract Tower,2,9,7,0,18,0,14,24,2,40,2,23,31,2,58,50,12,62,120
01/07/2020,SMX,CA,AWP,WE,Federal Contract Tower,0,10,6,2,18,0,16,51,0,67,0,26,57,2,85,92,2,94,179
01/08/2020,SMX,CA,AWP,WE,Federal Contract Tower,0,13,5,0,18,0,15,40,0,55,0,28,45,0,73,36,0,36,109
01/09/2020,SMX,CA,AWP,WE,Federal Contract Tower,0,12,12,2,26,0,3,9,0,12,0,15,21,2,38,14,0,14,52
01/10/2020,SMX,CA,AWP,WE,Federal Contract Tower,2,8,4,0,14,0,12,48,0,60,2,20,52,0,74,56,0,56,130
01/11/2020,SMX,CA,AWP,WE,Federal Contract Tower,0,4,3,0,7,0,5,33,0,38,0,9,36,0,45,56,0,56,101
01/12/2020,SMX,CA,AWP,WE,Federal Contract Tower,2,0,10,2,14,0,5,61,0,66,2,5,71,2,80,28,0,28,108
01/13/2020,SMX,CA,AWP,WE,Federal Contract Tower,2,4,11,3,20,0,12,38,1,51,2,16,49,4,71,44,2,46,117
01/14/2020,SMX,CA,AWP,WE,Federal Contract Tower,0,9,14,2,25,0,5,45,1,51,0,14,59,3,76,36,2,38,114
01/15/2020,SMX,CA,AWP,WE,Federal Contract Tower,2,11,7,1,21,0,17,63,2,82,2,28,70,3,103,50,0,50,153
01/16/2020,SMX,CA,AWP,WE,Federal Contract Tower,0,12,1,2,15,0,5,2,0,7,0,17,3,2,22,2,0,2,24
01/17/2020,SMX,CA,AWP,WE,Federal Contract Tower,2,8,7,4,21,0,17,23,1,41,2,25,30,5,62,26,10,36,98
01/18/2020,SMX,CA,AWP,WE,Federal Contract Tower,0,3,10,0,13,0,3,43,0,46,0,6,53,0,59,34,0,34,93
01/19/2020,SMX,CA,AWP,WE,Federal Contract Tower,2,1,7,0,10,0,4,45,0,49,2,5,52,0,59,38,0,38,97
01/20/2020,SMX,CA,AWP,WE,Federal Contract Tower,2,5,12,0,19,0,12,25,0,37,2,17,37,0,56,14,0,14,70
01/21/2020,SMX,CA,AWP,WE,Federal Contract Tower,0,9,13,0,22,0,9,33,0,42,0,18,46,0,64,30,4,34,98
01/22/2020,SMX,CA,AWP,WE,Federal Contract Tower,0,11,12,0,23,0,11,31,0,42,0,22,43,0,65,28,0,28,93
01/23/2020,SMX,CA,AWP,WE,Federal Contract Tower,1,10,12,3,26,0,7,59,4,70,1,17,71,7,96,30,0,30,126
01/24/2020,SMX,CA,AWP,WE,Federal Contract Tower,0,4,16,0,20,0,7,41,0,48,0,11,57,0,68,40,0,40,108
01/25/2020,SMX,CA,AWP,WE,Federal Contract Tower,0,2,4,0,6,0,16,44,0,60,0,18,48,0,66,44,0,44,110
01/26/2020,SMX,CA,AWP,WE,Federal Contract Tower,2,1,15,2,20,0,4,8,0,12,2,5,23,2,32,4,0,4,36
01/27/2020,SMX,CA,AWP,WE,Federal Contract Tower,4,6,8,1,19,0,17,27,1,45,4,23,35,2,64,26,0,26,90
01/28/2020,SMX,CA,AWP,WE,Federal Contract Tower,0,9,9,4,22,0,9,29,7,45,0,18,38,11,67,16,8,24,91
01/29/2020,SMX,CA,AWP,WE,Federal Contract Tower,2,11,8,0,21,0,10,35,4,49,2,21,43,4,70,52,0,52,122
01/30/2020,SMX,CA,AWP,WE,Federal Contract Tower,0,12,8,2,22,0,7,28,6,41,0,19,36,8,63,6,0,6,69
01/31/2020,SMX,CA,AWP,WE,Federal Contract Tower,2,9,6,2,19,0,11,54,2,67,2,20,60,4,86,16,0,16,102
02/01/2020,SMX,CA,AWP,WE,Federal Contract Tower,0,1,13,6,20,0,4,83,0,87,0,5,96,6,107,62,6,68,175
02/02/2020,SMX,CA,AWP,WE,Federal Contract Tower,2,4,10,2,18,0,0,10,0,10,2,4,20,2,28,6,0,6,34
02/03/2020,SMX,CA,AWP,WE,Federal Contract Tower,2,6,3,4,15,0,15,17,5,37,2,21,20,9,52,2,14,16,68
02/04/2020,SMX,CA,AWP,WE,Federal Contract Tower,0,12,9,11,32,0,9,25,3,37,0,21,34,14,69,38,14,52,121
02/05/2020,SMX,CA,AWP,WE,Federal Contract Tower,2,11,12,6,31,0,18,30,11,59,2,29,42,17,90,28,18,46,136
02/06/2020,SMX,CA,AWP,WE,Federal Contract Tower,0,11,12,12,35,0,6,30,13,49,0,17,42,25,84,44,28,72,156
02/07/2020,SMX,CA,AWP,WE,Federal Contract Tower,2,12,14,0,28,0,17,43,6,66,2,29,57,6,94,44,2,46,140
02/08/2020,SMX,CA,AWP,WE,Federal Contract Tower,0,3,3,0,6,0,6,37,0,43,0,9,40,0,49,26,0,26,75
02/09/2020,SMX,CA,AWP,WE,Federal Contract Tower,2,3,1,0,6,0,8,29,0,37,2,11,30,0,43,34,0,34,77
02/10/2020,SMX,CA,AWP,WE,Federal Contract Tower,2,8,11,0,21,0,6,32,8,46,2,14,43,8,67,64,8,72,139
02/11/2020,SMX,CA,AWP,WE,Federal Contract Tower,0,8,9,3,20,0,15,36,6,57,0,23,45,9,77,36,14,50,127
02/12/2020,SMX,CA,AWP,WE,Federal Contract Tower,2,8,15,2,27,0,16,33,4,53,2,24,48,6,80,46,4,50,130
02/13/2020,SMX,CA,AWP,WE,Federal Contract Tower,0,15,8,8,31,0,7,33,4,44,0,22,41,12,75,30,22,52,127
02/14/2020,SMX,CA,AWP,WE,Federal Contract Tower,4,14,15,4,37,0,13,31,0,44,4,27,46,4,81,24,2,26,107
02/15/2020,SMX,CA,AWP,WE,Federal Contract Tower,0,3,16,0,19,0,8,42,0,50,0,11,58,0,69,60,0,60,129
02/16/2020,SMX,CA,AWP,WE,Federal Contract Tower,2,0,8,0,10,0,3,43,0,46,2,3,51,0,56,32,0,32,88
02/17/2020,SMX,CA,AWP,WE,Federal Contract Tower,0,8,5,0,13,0,12,42,0,54,0,20,47,0,67,38,0,38,105
02/18/2020,SMX,CA,AWP,WE,Federal Contract Tower,0,12,12,1,25,0,10,38,17,65,0,22,50,18,90,26,8,34,124
02/19/2020,SMX,CA,AWP,WE,Federal Contract Tower,2,19,6,4,31,0,9,51,16,76,2,28,57,20,107,56,0,56,163
02/20/2020,SMX,CA,AWP,WE,Federal Contract Tower,0,11,9,6,26,0,7,51,19,77,0,18,60,25,103,32,12,44,147
02/21/2020,SMX,CA,AWP,WE,Federal Contract Tower,2,10,12,4,28,0,7,48,6,61,2,17,60,10,89,32,0,32,121
02/22/2020,SMX,CA,AWP,WE,Federal Contract Tower,2,5,8,2,17,0,4,23,0,27,2,9,31,2,44,34,4,38,82
02/23/2020,SMX,CA,AWP,WE,Federal Contract Tower,2,0,4,0,6,0,5,30,0,35,2,5,34,0,41,62,0,62,103
02/24/2020,SMX,CA,AWP,WE,Federal Contract Tower,0,11,4,0,15,0,12,39,16,67,0,23,43,16,82,32,0,32,114
02/25/2020,SMX,CA,AWP,WE,Federal Contract Tower,0,12,9,2,23,0,11,40,12,63,0,23,49,14,86,58,4,62,148
02/26/2020,SMX,CA,AWP,WE,Federal Contract Tower,4,13,6,2,25,0,16,26,14,56,4,29,32,16,81,50,8,58,139
02/27/2020,SMX,CA,AWP,WE,Federal Contract Tower,0,10,8,0,18,0,5,51,16,72,0,15,59,16,90,16,8,24,114
02/29/2020,SMX,CA,AWP,WE,Federal Contract Tower,0,6,8,0,14,0,1,20,0,21,0,7,28,0,35,12,0,12,47
03/01/2020,SMX,CA,AWP,WE,Federal Contract Tower,2,1,4,0,7,0,10,14,0,24,2,11,18,0,31,26,0,26,57
03/02/2020,SMX,CA,AWP,WE,Federal Contract Tower,0,7,5,4,16,0,15,29,17,61,0,22,34,21,77,16,14,30,107
03/03/2020,SMX,CA,AWP,WE,Federal Contract Tower,0,9,6,7,22,0,7,36,10,53,0,16,42,17,75,14,6,20,95
03/04/2020,SMX,CA,AWP,WE,Federal Contract Tower,2,12,10,4,28,0,11,49,16,76,2,23,59,20,104,32,16,48,152
03/05/2020,SMX,CA,AWP,WE,Federal Contract Tower,0,15,6,0,21,0,5,29,14,48,0,20,35,14,69,5,8,13,82
03/06/2020,SMX,CA,AWP,WE,Federal Contract Tower,2,10,21,6,39,0,4,40,8,52,2,14,61,14,91,26,0,26,117
03/07/2020,SMX,CA,AWP,WE,Federal Contract Tower,0,3,19,0,22,0,2,7,0,9,0,5,26,0,31,14,0,14,45
03/08/2020,SMX,CA,AWP,WE,Federal Contract Tower,2,0,11,0,13,0,3,37,0,40,2,3,48,0,53,18,0,18,71
03/09/2020,SMX,CA,AWP,WE,Federal Contract Tower,0,7,12,3,22,0,7,14,6,27,0,14,26,9,49,38,2,40,89
03/10/2020,SMX,CA,AWP,WE,Federal Contract Tower,0,12,3,0,15,0,7,4,0,11,0,19,7,0,26,0,0,0,26
03/11/2020,SMX,CA,AWP,WE,Federal Contract Tower,2,12,18,1,33,0,10,14,0,24,2,22,32,1,57,20,0,20,77
03/12/2020,SMX,CA,AWP,WE,Federal Contract Tower,0,10,8,2,20,0,7,31,2,40,0,17,39,4,60,12,6,18,78
03/13/2020,SMX,CA,AWP,WE,Federal Contract Tower,2,11,7,4,24,0,4,11,1,16,2,15,18,5,40,4,0,4,44
03/14/2020,SMX,CA,AWP,WE,Federal Contract Tower,0,3,0,2,5,0,2,17,1,20,0,5,17,3,25,20,2,22,47
03/15/2020,SMX,CA,AWP,WE,Federal Contract Tower,2,0,1,0,3,0,1,8,0,9,2,1,9,0,12,0,0,0,12
03/16/2020,SMX,CA,AWP,WE,Federal Contract Tower,0,7,10,0,17,0,5,1,0,6,0,12,11,0,23,6,0,6,29
03/17/2020,SMX,CA,AWP,WE,Federal Contract Tower,0,4,8,2,14,0,2,16,0,18,0,6,24,2,32,32,4,36,68
03/18/2020,SMX,CA,AWP,WE,Federal Contract Tower,2,13,9,1,25,0,15,40,2,57,2,28,49,3,82,32,0,32,114
03/19/2020,SMX,CA,AWP,WE,Federal Contract Tower,0,10,11,0,21,0,6,22,0,28,0,16,33,0,49,36,0,36,85
03/20/2020,SMX,CA,AWP,WE,Federal Contract Tower,0,10,1,0,11,0,7,27,0,34,0,17,28,0,45,6,0,6,51
03/21/2020,SMX,CA,AWP,WE,Federal Contract Tower,0,7,6,0,13,0,9,34,0,43,0,16,40,0,56,26,0,26,82
03/22/2020,SMX,CA,AWP,WE,Federal Contract Tower,0,0,3,0,3,0,0,15,0,15,0,0,18,0,18,6,0,6,24
03/23/2020,SMX,CA,AWP,WE,Federal Contract Tower,0,6,4,0,10,0,4,4,0,8,0,10,8,0,18,0,0,0,18
03/24/2020,SMX,CA,AWP,WE,Federal Contract Tower,0,11,2,0,13,0,3,1,0,4,0,14,3,0,17,0,0,0,17
03/25/2020,SMX,CA,AWP,WE,Federal Contract Tower,0,20,0,2,22,0,11,12,0,23,0,31,12,2,45,18,2,20,65
03/26/2020,SMX,CA,AWP,WE,Federal Contract Tower,0,10,7,0,17,0,3,17,0,20,0,13,24,0,37,14,0,14,51
03/27/2020,SMX,CA,AWP,WE,Federal Contract Tower,0,8,2,6,16,0,3,52,0,55,0,11,54,6,71,18,26,44,115
03/28/2020,SMX,CA,AWP,WE,Federal Contract Tower,0,3,10,2,15,0,1,47,0,48,0,4,57,2,63,38,4,42,105
03/29/2020,SMX,CA,AWP,WE,Federal Contract Tower,0,0,3,2,5,0,4,35,0,39,0,4,38,2,44,14,12,26,70
03/30/2020,SMX,CA,AWP,WE,Federal Contract Tower,0,7,2,0,9,0,2,31,0,33,0,9,33,0,42,10,0,10,52
03/31/2020,SMX,CA,AWP,WE,Federal Contract Tower,0,10,0,3,13,0,2,26,0,28,0,12,26,3,41,4,2,6,47
04/01/2020,SMX,CA,AWP,WE,Federal Contract Tower,0,10,5,3,18,0,17,16,0,33,0,27,21,3,51,10,16,26,77
04/02/2020,SMX,CA,AWP,WE,Federal Contract Tower,0,10,3,0,13,0,2,32,0,34,0,12,35,0,47,2,0,2,49
04/03/2020,SMX,CA,AWP,WE,Federal Contract Tower,0,11,6,0,17,0,5,37,0,42,0,16,43,0,59,18,0,18,77
04/04/2020,SMX,CA,AWP,WE,Federal Contract Tower,0,6,6,2,14,0,6,35,0,41,0,12,41,2,55,34,4,38,93
04/05/2020,SMX,CA,AWP,WE,Federal Contract Tower,0,2,2,0,4,0,0,4,0,4,0,2,6,0,8,0,0,0,8
04/06/2020,SMX,CA,AWP,WE,Federal Contract Tower,0,7,1,0,8,0,0,4,0,4,0,7,5,0,12,2,0,2,14
04/07/2020,SMX,CA,AWP,WE,Federal Contract Tower,0,10,1,0,11,0,4,19,0,23,0,14,20,0,34,12,2,14,48
04/08/2020,SMX,CA,AWP,WE,Federal Contract Tower,0,10,2,0,12,0,10,18,0,28,0,20,20,0,40,8,2,10,50
04/09/2020,SMX,CA,AWP,WE,Federal Contract Tower,0,12,2,0,14,0,2,0,0,2,0,14,2,0,16,0,2,2,18
04/10/2020,SMX,CA,AWP,WE,Federal Contract Tower,0,9,2,0,11,0,5,46,0,51,0,14,48,0,62,16,0,16,78
04/11/2020,SMX,CA,AWP,WE,Federal Contract Tower,0,6,8,0,14,0,0,49,0,49,0,6,57,0,63,42,2,44,107
04/12/2020,SMX,CA,AWP,WE,Federal Contract Tower,0,0,10,0,10,0,0,8,0,8,0,0,18,0,18,0,2,2,20
04/13/2020,SMX,CA,AWP,WE,Federal Contract Tower,0,7,9,0,16,0,0,0,0,0,0,7,9,0,16,0,2,2,18
04/14/2020,SMX,CA,AWP,WE,Federal Contract Tower,0,12,14,0,26,0,5,44,0,49,0,17,58,0,75,32,0,32,107
04/15/2020,SMX,CA,AWP,WE,Federal Contract Tower,0,11,6,0,17,0,13,60,0,73,0,24,66,0,90,38,2,40,130
04/16/2020,SMX,CA,AWP,WE,Federal Contract Tower,0,17,11,0,28,0,3,29,0,32,0,20,40,0,60,18,0,18,78
04/17/2020,SMX,CA,AWP,WE,Federal Contract Tower,0,8,9,4,21,0,0,7,0,7,0,8,16,4,28,12,4,16,44
04/18/2020,SMX,CA,AWP,WE,Federal Contract Tower,0,8,7,0,15,0,6,15,0,21,0,14,22,0,36,24,0,24,60
04/19/2020,SMX,CA,AWP,WE,Federal Contract Tower,0,1,14,0,15,0,6,36,0,42,0,7,50,0,57,42,0,42,99
04/20/2020,SMX,CA,AWP,WE,Federal Contract Tower,0,7,8,0,15,0,0,5,0,5,0,7,13,0,20,0,14,14,34
04/21/2020,SMX,CA,AWP,WE,Federal Contract Tower,0,10,2,1,13,0,0,42,0,42,0,10,44,1,55,8,2,10,65
04/22/2020,SMX,CA,AWP,WE,Federal Contract Tower,0,12,1,0,13,0,13,43,0,56,0,25,44,0,69,32,0,32,101
04/23/2020,SMX,CA,AWP,WE,Federal Contract Tower,0,11,6,0,17,0,5,48,0,53,0,16,54,0,70,74,0,74,144
04/24/2020,SMX,CA,AWP,WE,Federal Contract Tower,0,11,5,0,16,0,5,44,0,49,0,16,49,0,65,28,0,28,93
04/25/2020,SMX,CA,AWP,WE,Federal Contract Tower,0,4,12,1,17,0,1,86,0,87,0,5,98,1,104,34,2,36,140
04/26/2020,SMX,CA,AWP,WE,Federal Contract Tower,0,0,1,0,1,0,1,50,0,51,0,1,51,0,52,40,0,40,92
04/27/2020,SMX,CA,AWP,WE,Federal Contract Tower,0,8,6,1,15,0,2,18,0,20,0,10,24,1,35,12,4,16,51
04/28/2020,SMX,CA,AWP,WE,Federal Contract Tower,0,11,9,0,20,0,12,34,0,46,0,23,43,0,66,60,0,60,126
04/29/2020,SMX,CA,AWP,WE,Federal Contract Tower,0,19,1,0,20,0,10,28,0,38,0,29,29,0,58,90,0,90,148
04/30/2020,SMX,CA,AWP,WE,Federal Contract Tower,0,11,12,0,23,0,4,21,0,25,0,15,33,0,48,58,0,58,106
05/01/2020,SMX,CA,AWP,WE,Federal Contract Tower,0,9,8,0,17,0,7,27,0,34,0,16,35,0,51,26,0,26,77
05/02/2020,SMX,CA,AWP,WE,Federal Contract Tower,0,4,10,0,14,0,0,43,0,43,0,4,53,0,57,6,0,6,63
05/03/2020,SMX,CA,AWP,WE,Federal Contract Tower,0,0,4,0,4,0,5,22,0,27,0,5,26,0,31,28,0,28,59
05/04/2020,SMX,CA,AWP,WE,Federal Contract Tower,0,6,11,0,17,0,4,31,0,35,0,10,42,0,52,20,0,20,72
05/05/2020,SMX,CA,AWP,WE,Federal Contract Tower,0,11,12,2,25,0,7,36,0,43,0,18,48,2,68,24,6,30,98
05/06/2020,SMX,CA,AWP,WE,Federal Contract Tower,0,12,4,0,16,0,10,25,0,35,0,22,29,0,51,8,0,8,59
05/07/2020,SMX,CA,AWP,WE,Federal Contract Tower,0,9,4,0,13,0,4,43,0,47,0,13,47,0,60,8,0,8,68
05/08/2020,SMX,CA,AWP,WE,Federal Contract Tower,0,13,9,0,22,0,6,48,0,54,0,19,57,0,76,40,4,44,120
05/09/2020,SMX,CA,AWP,WE,Federal Contract Tower,0,4,17,0,21,0,1,34,0,35,0,5,51,0,56,18,0,18,74
05/10/2020,SMX,CA,AWP,WE,Federal Contract Tower,2,1,10,0,13,0,4,10,0,14,2,5,20,0,27,2,0,2,29
05/11/2020,SMX,CA,AWP,WE,Federal Contract Tower,0,6,11,0,17,0,4,28,0,32,0,10,39,0,49,22,0,22,71
05/12/2020,SMX,CA,AWP,WE,Federal Contract Tower,0,10,10,0,20,0,2,31,0,33,0,12,41,0,53,16,0,16,69
05/13/2020,SMX,CA,AWP,WE,Federal Contract Tower,0,14,1,0,15,0,12,33,0,45,0,26,34,0,60,20,0,20,80
05/14/2020,SMX,CA,AWP,WE,Federal Contract Tower,0,9,2,0,11,0,4,29,0,33,0,13,31,0,44,8,0,8,52
05/15/2020,SMX,CA,AWP,WE,Federal Contract Tower,2,11,9,0,22,0,5,30,0,35,2,16,39,0,57,16,0,16,73
05/16/2020,SMX,CA,AWP,WE,Federal Contract Tower,0,2,7,0,9,0,12,30,0,42,0,14,37,0,51,32,0,32,83
05/17/2020,SMX,CA,AWP,WE,Federal Contract Tower,2,0,4,0,6,0,0,30,0,30,2,0,34,0,36,18,0,18,54
05/18/2020,SMX,CA,AWP,WE,Federal Contract Tower,0,9,4,0,13,0,4,11,0,15,0,13,15,0,28,30,0,30,58
05/19/2020,SMX,CA,AWP,WE,Federal Contract Tower,0,15,11,0,26,0,5,41,0,46,0,20,52,0,72,42,0,42,114
05/20/2020,SMX,CA,AWP,WE,Federal Contract Tower,0,10,8,4,22,0,2,35,0,37,0,12,43,4,59,18,2,20,79
05/21/2020,SMX,CA,AWP,WE,Federal Contract Tower,0,12,6,0,18,0,1,30,1,32,0,13,36,1,50,20,4,24,74
05/22/2020,SMX,CA,AWP,WE,Federal Contract Tower,2,1,9,0,12,0,0,33,0,33,2,1,42,0,45,32,0,32,77
05/23/2020,SMX,CA,AWP,WE,Federal Contract Tower,0,3,7,0,10,0,4,45,0,49,0,7,52,0,59,46,0,46,105
05/24/2020,SMX,CA,AWP,WE,Federal Contract Tower,2,1,6,0,9,0,8,46,0,54,2,9,52,0,63,20,0,20,83
05/25/2020,SMX,CA,AWP,WE,Federal Contract Tower,0,0,6,0,6,0,1,51,0,52,0,1,57,0,58,76,0,76,134
05/26/2020,SMX,CA,AWP,WE,Federal Contract Tower,0,6,4,0,10,0,0,27,0,27,0,6,31,0,37,72,0,72,109
05/27/2020,SMX,CA,AWP,WE,Federal Contract Tower,0,14,10,0,24,0,9,40,0,49,0,23,50,0,73,56,12,68,141
05/28/2020,SMX,CA,AWP,WE,Federal Contract Tower,0,15,7,0,22,0,9,33,0,42,0,24,40,0,64,40,0,40,104
05/29/2020,SMX,CA,AWP,WE,Federal Contract Tower,2,12,19,0,33,0,2,8,0,10,2,14,27,0,43,16,0,16,59
05/30/2020,SMX,CA,AWP,WE,Federal Contract Tower,0,3,16,0,19,0,3,17,0,20,0,6,33,0,39,16,0,16,55
05/31/2020,SMX,CA,AWP,WE,Federal Contract Tower,2,0,14,0,16,0,6,34,0,40,2,6,48,0,56,52,0,52,108
06/01/2020,SMX,CA,AWP,WE,Federal Contract Tower,0,7,9,0,16,0,5,21,0,26,0,12,30,0,42,56,0,56,98
06/02/2020,SMX,CA,AWP,WE,Federal Contract Tower,0,16,12,0,28,0,3,30,0,33,0,19,42,0,61,26,0,26,87
06/03/2020,SMX,CA,AWP,WE,Federal Contract Tower,0,9,9,1,19,0,5,37,0,42,0,14,46,1,61,32,2,34,95
06/04/2020,SMX,CA,AWP,WE,Federal Contract Tower,0,8,9,1,18,0,7,47,0,54,0,15,56,1,72,22,0,22,94
06/05/2020,SMX,CA,AWP,WE,Federal Contract Tower,2,13,27,0,42,0,4,8,0,12,2,17,35,0,54,26,0,26,80
06/06/2020,SMX,CA,AWP,WE,Federal Contract Tower,0,2,16,0,18,0,5,50,0,55,0,7,66,0,73,36,0,36,109
06/07/2020,SMX,CA,AWP,WE,Federal Contract Tower,2,1,3,0,6,0,2,30,0,32,2,3,33,0,38,0,0,0,38
06/08/2020,SMX,CA,AWP,WE,Federal Contract Tower,0,5,8,0,13,0,4,46,7,57,0,9,54,7,70,58,0,58,128
06/09/2020,SMX,CA,AWP,WE,Federal Contract Tower,0,8,5,1,14,0,11,36,0,47,0,19,41,1,61,46,2,48,109
06/10/2020,SMX,CA,AWP,WE,Federal Contract Tower,0,13,5,0,18,0,15,120,0,135,0,28,125,0,153,110,0,110,263
06/11/2020,SMX,CA,AWP,WE,Federal Contract Tower,0,13,2,0,15,0,8,57,0,65,0,21,59,0,80,22,0,22,102
06/12/2020,SMX,CA,AWP,WE,Federal Contract Tower,2,15,26,1,44,0,6,47,0,53,2,21,73,1,97,54,0,54,151
06/13/2020,SMX,CA,AWP,WE,Federal Contract Tower,0,6,12,1,19,0,9,51,0,60,0,15,63,1,79,30,0,30,109
06/14/2020,SMX,CA,AWP,WE,Federal Contract Tower,2,0,16,0,18,0,2,97,0,99,2,2,113,0,117,2,0,2,119
06/15/2020,SMX,CA,AWP,WE,Federal Contract Tower,0,7,6,0,13,0,7,115,0,122,0,14,121,0,135,4,0,4,139
06/16/2020,SMX,CA,AWP,WE,Federal Contract Tower,0,9,13,2,24,0,6,39,0,45,0,15,52,2,69,48,6,54,123
06/17/2020,SMX,CA,AWP,WE,Federal Contract Tower,0,14,13,0,27,0,6,60,0,66,0,20,73,0,93,52,0,52,145
06/18/2020,SMX,CA,AWP,WE,Federal Contract Tower,0,12,13,1,26,0,11,44,0,55,0,23,57,1,81,48,0,48,129
06/19/2020,SMX,CA,AWP,WE,Federal Contract Tower,2,13,15,0,30,0,3,16,0,19,2,16,31,0,49,18,0,18,67
06/20/2020,SMX,CA,AWP,WE,Federal Contract Tower,0,3,21,0,24,0,2,18,0,20,0,5,39,0,44,20,0,20,64
06/21/2020,SMX,CA,AWP,WE,Federal Contract Tower,2,3,14,0,19,0,1,32,0,33,2,4,46,0,52,26,0,26,78
06/22/2020,SMX,CA,AWP,WE,Federal Contract Tower,0,12,17,1,30,0,2,34,0,36,0,14,51,1,66,22,2,24,90
06/23/2020,SMX,CA,AWP,WE,Federal Contract Tower,0,11,16,2,29,0,5,35,1,41,0,16,51,3,70,76,6,82,152
06/24/2020,SMX,CA,AWP,WE,Federal Contract Tower,0,18,20,1,39,0,6,34,1,41,0,24,54,2,80,60,10,70,150
06/25/2020,SMX,CA,AWP,WE,Federal Contract Tower,2,13,18,2,35,0,8,39,2,49,2,21,57,4,84,54,20,74,158
06/26/2020,SMX,CA,AWP,WE,Federal Contract Tower,2,13,11,0,26,0,6,32,0,38,2,19,43,0,64,72,0,72,136
06/27/2020,SMX,CA,AWP,WE,Federal Contract Tower,0,5,8,0,13,0,3,40,0,43,0,8,48,0,56,50,0,50,106
06/28/2020,SMX,CA,AWP,WE,Federal Contract Tower,4,1,12,0,17,0,1,5,0,6,4,2,17,0,23,0,0,0,23
06/29/2020,SMX,CA,AWP,WE,Federal Contract Tower,0,9,5,0,14,0,6,37,0,43,0,15,42,0,57,40,0,40,97
06/30/2020,SMX,CA,AWP,WE,Federal Contract Tower,0,12,13,1,26,0,12,45,1,58,0,24,58,2,84,20,0,20,104
07/01/2020,SMX,CA,AWP,WE,Federal Contract Tower,2,16,17,2,37,0,2,21,1,24,2,18,38,3,61,60,2,62,123
07/02/2020,SMX,CA,AWP,WE,Federal Contract Tower,0,16,24,0,40,0,2,25,0,27,0,18,49,0,67,18,0,18,85
07/03/2020,SMX,CA,AWP,WE,Federal Contract Tower,0,12,11,0,23,0,8,65,0,73,0,20,76,0,96,12,0,12,108
07/04/2020,SMX,CA,AWP,WE,Federal Contract Tower,2,0,5,0,7,0,1,39,0,40,2,1,44,0,47,14,0,14,61
07/05/2020,SMX,CA,AWP,WE,Federal Contract Tower,2,1,4,0,7,0,4,43,0,47,2,5,47,0,54,46,0,46,100
07/06/2020,SMX,CA,AWP,WE,Federal Contract Tower,0,8,10,1,19,0,9,43,0,52,0,17,53,1,71,44,8,52,123
07/07/2020,SMX,CA,AWP,WE,Federal Contract Tower,0,12,7,0,19,0,7,38,0,45,0,19,45,0,64,38,0,38,102
07/08/2020,SMX,CA,AWP,WE,Federal Contract Tower,2,18,15,4,39,0,17,29,0,46,2,35,44,4,85,34,4,38,123
07/09/2020,SMX,CA,AWP,WE,Federal Contract Tower,0,12,19,0,31,0,14,62,0,76,0,26,81,0,107,44,0,44,151
07/10/2020,SMX,CA,AWP,WE,Federal Contract Tower,2,9,3,4,18,0,6,39,1,46,2,15,42,5,64,12,18,30,94
07/11/2020,SMX,CA,AWP,WE,Federal Contract Tower,0,2,8,0,10,0,3,48,0,51,0,5,56,0,61,16,0,16,77
07/12/2020,SMX,CA,AWP,WE,Federal Contract Tower,2,2,12,0,16,0,8,66,0,74,2,10,78,0,90,28,0,28,118
07/13/2020,SMX,CA,AWP,WE,Federal Contract Tower,0,6,9,1,16,0,2,22,1,25,0,8,31,2,41,0,26,26,67
07/16/2020,SMX,CA,AWP,WE,Federal Contract Tower,0,16,11,0,27,0,5,29,4,38,0,21,40,4,65,10,0,10,75
07/17/2020,SMX,CA,AWP,WE,Federal Contract Tower,2,10,11,0,23,0,6,36,0,42,2,16,47,0,65,28,0,28,93
07/18/2020,SMX,CA,AWP,WE,Federal Contract Tower,0,3,8,0,11,0,2,49,0,51,0,5,57,0,62,44,0,44,106
07/19/2020,SMX,CA,AWP,WE,Federal Contract Tower,2,2,18,0,22,0,0,27,0,27,2,2,45,0,49,22,0,22,71
07/20/2020,SMX,CA,AWP,WE,Federal Contract Tower,0,10,16,2,28,0,1,32,2,35,0,11,48,4,63,20,8,28,91
07/21/2020,SMX,CA,AWP,WE,Federal Contract Tower,0,15,22,2,39,0,1,29,1,31,0,16,51,3,70,8,24,32,102
07/22/2020,SMX,CA,AWP,WE,Federal Contract Tower,2,21,18,0,41,0,7,56,0,63,2,28,74,0,104,24,0,24,128
07/23/2020,SMX,CA,AWP,WE,Federal Contract Tower,0,14,22,0,36,0,1,35,0,36,0,15,57,0,72,48,0,48,120
07/24/2020,SMX,CA,AWP,WE,Federal Contract Tower,2,11,17,2,32,0,4,36,4,44,2,15,53,6,76,56,8,64,140
07/25/2020,SMX,CA,AWP,WE,Federal Contract Tower,2,6,15,0,23,0,9,41,0,50,2,15,56,0,73,28,0,28,101
07/26/2020,SMX,CA,AWP,WE,Federal Contract Tower,2,7,15,0,24,0,0,58,0,58,2,7,73,0,82,28,0,28,110
07/27/2020,SMX,CA,AWP,WE,Federal Contract Tower,1,10,17,0,28,0,6,42,0,48,1,16,59,0,76,28,0,28,104
07/28/2020,SMX,CA,AWP,WE,Federal Contract Tower,2,16,11,2,31,0,4,33,0,37,2,20,44,2,68,38,4,42,110
07/29/2020,SMX,CA,AWP,WE,Federal Contract Tower,2,13,21,0,36,0,3,39,3,45,2,16,60,3,81,22,0,22,103
07/30/2020,SMX,CA,AWP,WE,Federal Contract Tower,0,13,28,3,44,0,7,36,1,44,0,20,64,4,88,16,14,30,118
07/31/2020,SMX,CA,AWP,WE,Federal Contract Tower,2,11,22,1,36,0,3,45,2,50,2,14,67,3,86,12,8,20,106
08/01/2020,SMX,CA,AWP,WE,Federal Contract Tower,0,4,9,0,13,0,13,60,1,74,0,17,69,1,87,110,0,110,197
08/02/2020,SMX,CA,AWP,WE,Federal Contract Tower,2,0,13,1,16,0,10,39,0,49,2,10,52,1,65,34,4,38,103
08/03/2020,SMX,CA,AWP,WE,Federal Contract Tower,0,5,11,0,16,0,10,28,0,38,0,15,39,0,54,18,0,18,72
08/05/2020,SMX,CA,AWP,WE,Federal Contract Tower,2,22,16,0,40,0,11,38,8,57,2,33,54,8,97,28,0,28,125
08/06/2020,SMX,CA,AWP,WE,Federal Contract Tower,0,14,22,0,36,0,4,16,0,20,0,18,38,0,56,4,0,4,60
08/07/2020,SMX,CA,AWP,WE,Federal Contract Tower,2,11,15,2,30,0,3,48,0,51,2,14,63,2,81,36,4,40,121
08/08/2020,SMX,CA,AWP,WE,Federal Contract Tower,0,5,11,1,17,0,3,46,0,49,0,8,57,1,66,52,8,60,126
08/09/2020,SMX,CA,AWP,WE,Federal Contract Tower,2,2,19,0,23,0,3,51,0,54,2,5,70,0,77,70,0,70,147
08/10/2020,SMX,CA,AWP,WE,Federal Contract Tower,0,5,8,0,13,0,7,37,0,44,0,12,45,0,57,44,12,56,113
08/11/2020,SMX,CA,AWP,WE,Federal Contract Tower,0,16,10,0,26,0,1,13,0,14,0,17,23,0,40,2,0,2,42
08/12/2020,SMX,CA,AWP,WE,Federal Contract Tower,2,11,12,0,25,0,6,57,0,63,2,17,69,0,88,32,0,32,120
08/13/2020,SMX,CA,AWP,WE,Federal Contract Tower,0,10,16,0,26,0,8,33,0,41,0,18,49,0,67,42,0,42,109
08/14/2020,SMX,CA,AWP,WE,Federal Contract Tower,2,8,5,0,15,0,11,60,4,75,2,19,65,4,90,64,0,64,154
08/15/2020,SMX,CA,AWP,WE,Federal Contract Tower,0,3,3,0,6,0,6,44,0,50,0,9,47,0,56,4,0,4,60
08/16/2020,SMX,CA,AWP,WE,Federal Contract Tower,2,3,5,0,10,0,3,73,0,76,2,6,78,0,86,60,0,60,146
08/17/2020,SMX,CA,AWP,WE,Federal Contract Tower,0,6,3,2,11,0,8,57,0,65,0,14,60,2,76,12,0,12,88
08/18/2020,SMX,CA,AWP,WE,Federal Contract Tower,0,10,10,0,20,0,20,56,0,76,0,30,66,0,96,84,0,84,180
08/19/2020,SMX,CA,AWP,WE,Federal Contract Tower,2,16,13,0,31,0,12,22,0,34,2,28,35,0,65,8,0,8,73
08/20/2020,SMX,CA,AWP,WE,Federal Contract Tower,2,13,31,1,47,0,0,0,0,0,2,13,31,1,47,0,0,0,47
08/21/2020,SMX,CA,AWP,WE,Federal Contract Tower,0,17,11,0,28,0,0,7,0,7,0,17,18,0,35,4,0,4,39
08/22/2020,SMX,CA,AWP,WE,Federal Contract Tower,0,4,8,0,12,0,7,21,0,28,0,11,29,0,40,8,0,8,48
08/23/2020,SMX,CA,AWP,WE,Federal Contract Tower,4,0,9,0,13,0,8,39,0,47,4,8,48,0,60,24,0,24,84
08/24/2020,SMX,CA,AWP,WE,Federal Contract Tower,0,7,15,4,26,0,2,51,0,53,0,9,66,4,79,42,8,50,129
08/25/2020,SMX,CA,AWP,WE,Federal Contract Tower,0,15,16,2,33,0,2,14,0,16,0,17,30,2,49,10,4,14,63
08/26/2020,SMX,CA,AWP,WE,Federal Contract Tower,2,20,12,0,34,0,7,35,0,42,2,27,47,0,76,38,0,38,114
08/27/2020,SMX,CA,AWP,WE,Federal Contract Tower,0,16,15,3,34,0,4,36,0,40,0,20,51,3,74,62,0,62,136
08/28/2020,SMX,CA,AWP,WE,Federal Contract Tower,0,15,20,0,35,0,7,42,0,49,0,22,62,0,84,24,0,24,108
08/29/2020,SMX,CA,AWP,WE,Federal Contract Tower,0,4,24,0,28,0,4,39,0,43,0,8,63,0,71,26,0,26,97
08/30/2020,SMX,CA,AWP,WE,Federal Contract Tower,0,3,11,2,16,0,1,37,0,38,0,4,48,2,54,28,18,46,100
08/31/2020,SMX,CA,AWP,WE,Federal Contract Tower,0,12,12,2,26,0,2,36,0,38,0,14,48,2,64,6,0,6,70
09/01/2020,SMX,CA,AWP,WE,Federal Contract Tower,0,15,31,0,46,0,4,31,0,35,0,19,62,0,81,48,2,50,131
09/02/2020,SMX,CA,AWP,WE,Federal Contract Tower,0,21,21,3,45,0,4,35,0,39,0,25,56,3,84,10,2,12,96
09/03/2020,SMX,CA,AWP,WE,Federal Contract Tower,2,15,22,0,39,0,1,31,0,32,2,16,53,0,71,34,0,34,105
09/04/2020,SMX,CA,AWP,WE,Federal Contract Tower,0,15,19,0,34,0,8,54,0,62,0,23,73,0,96,48,0,48,144
09/05/2020,SMX,CA,AWP,WE,Federal Contract Tower,0,8,11,0,19,0,5,64,0,69,0,13,75,0,88,68,0,68,156
09/06/2020,SMX,CA,AWP,WE,Federal Contract Tower,2,2,7,0,11,0,4,40,0,44,2,6,47,0,55,62,0,62,117
09/07/2020,SMX,CA,AWP,WE,Federal Contract Tower,2,2,6,0,10,0,14,54,0,68,2,16,60,0,78,24,0,24,102
09/08/2020,SMX,CA,AWP,WE,Federal Contract Tower,0,12,27,1,40,0,2,16,0,18,0,14,43,1,58,0,2,2,60
09/09/2020,SMX,CA,AWP,WE,Federal Contract Tower,0,15,20,1,36,0,5,15,0,20,0,20,35,1,56,14,2,16,72
09/10/2020,SMX,CA,AWP,WE,Federal Contract Tower,0,12,17,0,29,0,0,2,0,2,0,12,19,0,31,0,0,0,31
09/11/2020,SMX,CA,AWP,WE,Federal Contract Tower,0,13,24,6,43,0,1,9,0,10,0,14,33,6,53,2,0,2,55
09/12/2020,SMX,CA,AWP,WE,Federal Contract Tower,2,6,18,0,26,0,4,36,0,40,2,10,54,0,66,2,0,2,68
09/13/2020,SMX,CA,AWP,WE,Federal Contract Tower,2,3,34,0,39,0,1,14,0,15,2,4,48,0,54,2,0,2,56
09/14/2020,SMX,CA,AWP,WE,Federal Contract Tower,0,10,43,2,55,0,0,0,0,0,0,10,43,2,55,0,0,0,55
09/15/2020,SMX,CA,AWP,WE,Federal Contract Tower,0,17,29,1,47,0,0,11,0,11,0,17,40,1,58,2,2,4,62
09/16/2020,SMX,CA,AWP,WE,Federal Contract Tower,0,11,10,0,21,0,8,43,0,51,0,19,53,0,72,30,0,30,102
09/17/2020,SMX,CA,AWP,WE,Federal Contract Tower,0,10,17,0,27,0,10,42,0,52,0,20,59,0,79,38,0,38,117
09/18/2020,SMX,CA,AWP,WE,Federal Contract Tower,0,9,5,2,16,0,7,31,0,38,0,16,36,2,54,18,8,26,80
09/20/2020,SMX,CA,AWP,WE,Federal Contract Tower,2,2,17,0,21,0,5,61,0,66,2,7,78,0,87,36,0,36,123
09/21/2020,SMX,CA,AWP,WE,Federal Contract Tower,0,7,13,2,22,0,4,23,2,29,0,11,36,4,51,34,0,34,85
09/22/2020,SMX,CA,AWP,WE,Federal Contract Tower,0,17,19,3,39,0,8,24,0,32,0,25,43,3,71,34,0,34,105
09/23/2020,SMX,CA,AWP,WE,Federal Contract Tower,0,10,5,3,18,0,11,47,0,58,0,21,52,3,76,22,8,30,106
09/24/2020,SMX,CA,AWP,WE,Federal Contract Tower,0,16,14,0,30,0,14,39,1,54,0,30,53,1,84,18,6,24,108
09/25/2020,SMX,CA,AWP,WE,Federal Contract Tower,0,13,11,2,26,0,11,36,1,48,0,24,47,3,74,42,8,50,124
09/26/2020,SMX,CA,AWP,WE,Federal Contract Tower,0,3,9,0,12,0,5,28,0,33,0,8,37,0,45,20,0,20,65
09/27/2020,SMX,CA,AWP,WE,Federal Contract Tower,2,3,17,0,22,0,4,55,0,59,2,7,72,0,81,28,0,28,109
09/28/2020,SMX,CA,AWP,WE,Federal Contract Tower,0,9,14,1,24,0,4,29,0,33,0,13,43,1,57,8,4,12,69
09/29/2020,SMX,CA,AWP,WE,Federal Contract Tower,0,14,5,0,19,0,0,25,0,25,0,14,30,0,44,22,0,22,66
09/30/2020,SMX,CA,AWP,WE,Federal Contract Tower,0,11,8,1,20,0,13,47,1,61,0,24,55,2,81,48,8,56,137
10/01/2020,SMX,CA,AWP,WE,Federal Contract Tower,0,9,13,0,22,0,2,20,0,22,0,11,33,0,44,34,6,40,84
10/02/2020,SMX,CA,AWP,WE,Federal Contract Tower,0,11,12,2,25,0,9,21,0,30,0,20,33,2,55,22,0,22,77
10/03/2020,SMX,CA,AWP,WE,Federal Contract Tower,0,5,3,0,8,0,3,13,0,16,0,8,16,0,24,30,0,30,54
10/04/2020,SMX,CA,AWP,WE,Federal Contract Tower,2,1,6,0,9,0,5,35,0,40,2,6,41,0,49,50,0,50,99
10/05/2020,SMX,CA,AWP,WE,Federal Contract Tower,0,9,8,0,17,0,4,35,0,39,0,13,43,0,56,78,0,78,134
10/07/2020,SMX,CA,AWP,WE,Federal Contract Tower,4,11,10,1,26,0,3,49,0,52,4,14,59,1,78,90,2,92,170
10/08/2020,SMX,CA,AWP,WE,Federal Contract Tower,0,11,30,1,42,0,3,13,0,16,0,14,43,1,58,44,6,50,108
10/09/2020,SMX,CA,AWP,WE,Federal Contract Tower,2,12,14,0,28,0,4,25,0,29,2,16,39,0,57,32,0,32,89
10/10/2020,SMX,CA,AWP,WE,Federal Contract Tower,0,4,13,0,17,0,8,41,0,49,0,12,54,0,66,34,0,34,100
10/11/2020,SMX,CA,AWP,WE,Federal Contract Tower,2,0,12,0,14,0,3,33,0,36,2,3,45,0,50,24,0,24,74
10/12/2020,SMX,CA,AWP,WE,Federal Contract Tower,1,5,5,0,11,0,8,40,0,48,1,13,45,0,59,14,0,14,73
10/13/2020,SMX,CA,AWP,WE,Federal Contract Tower,0,9,5,0,14,0,2,32,0,34,0,11,37,0,48,30,0,30,78
10/14/2020,SMX,CA,AWP,WE,Federal Contract Tower,2,9,8,0,19,0,22,46,0,68,2,31,54,0,87,26,0,26,113
10/16/2020,SMX,CA,AWP,WE,Federal Contract Tower,2,10,6,0,18,0,7,45,0,52,2,17,51,0,70,32,4,36,106
10/17/2020,SMX,CA,AWP,WE,Federal Contract Tower,0,3,7,0,10,0,8,48,0,56,0,11,55,0,66,34,0,34,100
10/18/2020,SMX,CA,AWP,WE,Federal Contract Tower,2,3,11,0,16,0,4,40,0,44,2,7,51,0,60,52,0,52,112
10/19/2020,SMX,CA,AWP,WE,Federal Contract Tower,0,9,8,2,19,0,6,26,0,32,0,15,34,2,51,8,0,8,59
10/20/2020,SMX,CA,AWP,WE,Federal Contract Tower,0,27,14,0,41,0,6,13,0,19,0,33,27,0,60,44,0,44,104
10/21/2020,SMX,CA,AWP,WE,Federal Contract Tower,2,17,7,0,26,0,6,29,0,35,2,23,36,0,61,21,0,21,82
10/22/2020,SMX,CA,AWP,WE,Federal Contract Tower,0,20,24,2,46,0,2,7,0,9,0,22,31,2,55,32,4,36,91
10/23/2020,SMX,CA,AWP,WE,Federal Contract Tower,2,15,9,0,26,0,5,30,2,37,2,20,39,2,63,32,4,36,99
10/24/2020,SMX,CA,AWP,WE,Federal Contract Tower,0,4,11,2,17,0,5,18,0,23,0,9,29,2,40,34,0,34,74
10/25/2020,SMX,CA,AWP,WE,Federal Contract Tower,2,0,14,0,16,0,10,19,2,31,2,10,33,2,47,20,4,24,71
10/26/2020,SMX,CA,AWP,WE,Federal Contract Tower,0,3,14,1,18,0,9,39,0,48,0,12,53,1,66,36,0,36,102
10/27/2020,SMX,CA,AWP,WE,Federal Contract Tower,0,12,11,4,27,0,15,28,1,44,0,27,39,5,71,25,20,45,116
10/28/2020,SMX,CA,AWP,WE,Federal Contract Tower,0,9,8,0,17,0,16,45,0,61,0,25,53,0,78,6,0,6,84
10/29/2020,SMX,CA,AWP,WE,Federal Contract Tower,0,10,7,3,20,0,11,47,1,59,0,21,54,4,79,24,18,42,121
10/30/2020,SMX,CA,AWP,WE,Federal Contract Tower,2,13,10,2,27,0,6,42,2,50,2,19,52,4,77,16,12,28,105
10/31/2020,SMX,CA,AWP,WE,Federal Contract Tower,0,2,10,0,12,0,9,54,0,63,0,11,64,0,75,54,0,54,129
11/01/2020,SMX,CA,AWP,WE,Federal Contract Tower,2,0,10,0,12,0,5,54,2,61,2,5,64,2,73,24,4,28,101
11/02/2020,SMX,CA,AWP,WE,Federal Contract Tower,0,5,8,2,15,0,17,30,0,47,0,22,38,2,62,10,0,10,72
11/03/2020,SMX,CA,AWP,WE,Federal Contract Tower,0,16,9,0,25,0,7,17,2,26,0,23,26,2,51,8,0,8,59
11/04/2020,SMX,CA,AWP,WE,Federal Contract Tower,0,14,9,0,23,0,4,45,0,49,0,18,54,0,72,12,0,12,84
11/05/2020,SMX,CA,AWP,WE,Federal Contract Tower,0,9,16,1,26,0,8,35,1,44,0,17,51,2,70,24,0,24,94
11/06/2020,SMX,CA,AWP,WE,Federal Contract Tower,2,12,16,2,32,0,4,3,0,7,2,16,19,2,39,12,0,12,51
11/07/2020,SMX,CA,AWP,WE,Federal Contract Tower,0,7,7,0,14,0,2,4,0,6,0,9,11,0,20,12,0,12,32
11/08/2020,SMX,CA,AWP,WE,Federal Contract Tower,2,2,4,0,8,0,2,11,0,13,2,4,15,0,21,0,0,0,21
11/09/2020,SMX,CA,AWP,WE,Federal Contract Tower,0,5,6,2,13,0,7,39,1,47,0,12,45,3,60,14,0,14,74
11/10/2020,SMX,CA,AWP,WE,Federal Contract Tower,0,12,8,0,20,0,11,36,4,51,0,23,44,4,71,20,10,30,101
11/11/2020,SMX,CA,AWP,WE,Federal Contract Tower,0,10,6,0,16,0,14,42,0,56,0,24,48,0,72,30,0,30,102
11/12/2020,SMX,CA,AWP,WE,Federal Contract Tower,0,8,10,0,18,0,7,27,0,34,0,15,37,0,52,28,0,28,80
11/13/2020,SMX,CA,AWP,WE,Federal Contract Tower,2,8,7,0,17,0,3,34,0,37,2,11,41,0,54,18,2,20,74
11/14/2020,SMX,CA,AWP,WE,Federal Contract Tower,0,5,9,0,14,0,4,36,0,40,0,9,45,0,54,46,2,48,102
11/15/2020,SMX,CA,AWP,WE,Federal Contract Tower,2,0,11,0,13,0,6,55,1,62,2,6,66,1,75,20,0,20,95
11/16/2020,SMX,CA,AWP,WE,Federal Contract Tower,0,6,5,0,11,0,10,46,4,60,0,16,51,4,71,32,0,32,103
11/17/2020,SMX,CA,AWP,WE,Federal Contract Tower,0,11,6,2,19,0,6,37,4,47,0,17,43,6,66,16,20,36,102
11/18/2020,SMX,CA,AWP,WE,Federal Contract Tower,0,15,19,0,34,0,6,8,0,14,0,21,27,0,48,14,0,14,62
11/19/2020,SMX,CA,AWP,WE,Federal Contract Tower,2,11,10,0,23,0,18,19,2,39,2,29,29,2,62,16,10,26,88
11/20/2020,SMX,CA,AWP,WE,Federal Contract Tower,2,10,13,2,27,0,12,32,0,44,2,22,45,2,71,22,4,26,97
11/21/2020,SMX,CA,AWP,WE,Federal Contract Tower,0,5,13,0,18,0,12,44,0,56,0,17,57,0,74,86,0,86,160
11/22/2020,SMX,CA,AWP,WE,Federal Contract Tower,4,2,8,0,14,0,6,38,0,44,4,8,46,0,58,24,4,28,86
11/23/2020,SMX,CA,AWP,WE,Federal Contract Tower,0,12,1,1,14,0,11,23,3,37,0,23,24,4,51,42,10,52,103
11/24/2020,SMX,CA,AWP,WE,Federal Contract Tower,0,15,9,0,24,0,9,36,0,45,0,24,45,0,69,30,0,30,99
11/25/2020,SMX,CA,AWP,WE,Federal Contract Tower,1,14,11,0,26,0,16,39,0,55,1,30,50,0,81,22,0,22,103
11/26/2020,SMX,CA,AWP,WE,Federal Contract Tower,0,0,1,0,1,0,5,3,0,8,0,5,4,0,9,0,0,0,9
11/27/2020,SMX,CA,AWP,WE,Federal Contract Tower,4,10,2,0,16,0,3,39,0,42,4,13,41,0,58,30,0,30,88
11/28/2020,SMX,CA,AWP,WE,Federal Contract Tower,0,8,5,0,13,0,3,69,0,72,0,11,74,0,85,90,0,90,175
11/29/2020,SMX,CA,AWP,WE,Federal Contract Tower,3,1,3,0,7,0,6,33,0,39,3,7,36,0,46,16,0,16,62
11/30/2020,SMX,CA,AWP,WE,Federal Contract Tower,0,7,10,0,17,0,8,35,0,43,0,15,45,0,60,30,2,32,92
12/01/2020,SMX,CA,AWP,WE,Federal Contract Tower,0,11,9,0,20,0,12,28,0,40,0,23,37,0,60,38,0,38,98
12/02/2020,SMX,CA,AWP,WE,Federal Contract Tower,0,11,10,0,21,0,10,54,0,64,0,21,64,0,85,28,0,28,113
12/03/2020,SMX,CA,AWP,WE,Federal Contract Tower,1,15,9,0,25,0,11,35,4,50,1,26,44,4,75,32,6,38,113
12/04/2020,SMX,CA,AWP,WE,Federal Contract Tower,4,14,6,0,24,0,14,26,0,40,4,28,32,0,64,68,0,68,132
12/05/2020,SMX,CA,AWP,WE,Federal Contract Tower,0,4,12,0,16,0,5,53,0,58,0,9,65,0,74,16,0,16,90
12/06/2020,SMX,CA,AWP,WE,Federal Contract Tower,3,0,7,0,10,0,6,26,0,32,3,6,33,0,42,16,0,16,58
12/07/2020,SMX,CA,AWP,WE,Federal Contract Tower,0,8,9,1,18,0,7,40,2,49,0,15,49,3,67,8,16,24,91
12/08/2020,SMX,CA,AWP,WE,Federal Contract Tower,2,17,4,0,23,0,7,30,0,37,2,24,34,0,60,28,0,28,88
12/09/2020,SMX,CA,AWP,WE,Federal Contract Tower,2,17,4,0,23,0,7,32,0,39,2,24,36,0,62,28,0,28,90
12/10/2020,SMX,CA,AWP,WE,Federal Contract Tower,0,15,19,0,34,0,1,33,0,34,0,16,52,0,68,16,0,16,84
12/12/2020,SMX,CA,AWP,WE,Federal Contract Tower,0,6,18,0,24,0,0,2,0,2,0,6,20,0,26,4,0,4,30
12/13/2020,SMX,CA,AWP,WE,Federal Contract Tower,2,0,7,0,9,0,7,23,0,30,2,7,30,0,39,30,0,30,69
12/14/2020,SMX,CA,AWP,WE,Federal Contract Tower,0,7,9,0,16,0,13,27,1,41,0,20,36,1,57,26,0,26,83
12/15/2020,SMX,CA,AWP,WE,Federal Contract Tower,0,14,8,4,26,0,12,37,3,52,0,26,45,7,78,22,20,42,120
12/16/2020,SMX,CA,AWP,WE,Federal Contract Tower,0,14,7,3,24,0,8,40,2,50,0,22,47,5,74,12,6,18,92
12/17/2020,SMX,CA,AWP,WE,Federal Contract Tower,3,19,10,0,32,0,11,3,3,17,3,30,13,3,49,2,18,20,69
12/18/2020,SMX,CA,AWP,WE,Federal Contract Tower,2,12,4,1,19,0,3,40,0,43,2,15,44,1,62,28,0,28,90
12/19/2020,SMX,CA,AWP,WE,Federal Contract Tower,0,7,9,0,16,0,6,54,0,60,0,13,63,0,76,30,0,30,106
12/21/2020,SMX,CA,AWP,WE,Federal Contract Tower,2,8,13,2,25,0,5,46,0,51,2,13,59,2,76,50,10,60,136
12/22/2020,SMX,CA,AWP,WE,Federal Contract Tower,0,13,12,2,27,0,6,36,0,42,0,19,48,2,69,36,0,36,105
12/23/2020,SMX,CA,AWP,WE,Federal Contract Tower,2,16,8,0,26,0,14,31,0,45,2,30,39,0,71,12,0,12,83
12/24/2020,SMX,CA,AWP,WE,Federal Contract Tower,2,11,0,0,13,0,7,13,0,20,2,18,13,0,33,0,0,0,33
12/25/2020,SMX,CA,AWP,WE,Federal Contract Tower,2,0,3,0,5,0,2,17,0,19,2,2,20,0,24,8,0,8,32
12/26/2020,SMX,CA,AWP,WE,Federal Contract Tower,0,3,9,0,12,0,11,15,0,26,0,14,24,0,38,4,0,4,42
12/27/2020,SMX,CA,AWP,WE,Federal Contract Tower,3,0,6,0,9,0,2,22,0,24,3,2,28,0,33,14,0,14,47
12/28/2020,SMX,CA,AWP,WE,Federal Contract Tower,3,7,8,2,20,0,8,1,0,9,3,15,9,2,29,0,4,4,33
12/29/2020,SMX,CA,AWP,WE,Federal Contract Tower,0,11,8,0,19,0,9,32,0,41,0,20,40,0,60,4,2,6,66
12/30/2020,SMX,CA,AWP,WE,Federal Contract Tower,2,14,10,0,26,0,9,38,0,47,2,23,48,0,73,32,0,32,105
12/31/2020,SMX,CA,AWP,WE,Federal Contract Tower,2,7,6,0,15,0,3,32,0,35,2,10,38,0,50,16,0,16,66
01/01/2021,SMX,CA,AWP,WE,Federal Contract Tower,2,0,8,0,10,0,3,37,0,40,2,3,45,0,50,44,0,44,94
01/02/2021,SMX,CA,AWP,WE,Federal Contract Tower,2,4,15,1,22,0,8,40,0,48,2,12,55,1,70,30,14,44,114
01/03/2021,SMX,CA,AWP,WE,Federal Contract Tower,3,0,13,0,16,0,4,16,0,20,3,4,29,0,36,28,0,28,64
01/04/2021,SMX,CA,AWP,WE,Federal Contract Tower,2,6,5,0,13,0,8,8,0,16,2,14,13,0,29,2,0,2,31
01/05/2021,SMX,CA,AWP,WE,Federal Contract Tower,0,15,9,2,26,0,3,26,0,29,0,18,35,2,55,36,20,56,111
01/06/2021,SMX,CA,AWP,WE,Federal Contract Tower,2,7,4,3,16,0,15,23,1,39,2,22,27,4,55,20,12,32,87
01/08/2021,SMX,CA,AWP,WE,Federal Contract Tower,2,7,10,0,19,0,13,41,0,54,2,20,51,0,73,18,0,18,91
01/09/2021,SMX,CA,AWP,WE,Federal Contract Tower,0,3,5,2,10,0,3,19,0,22,0,6,24,2,32,14,14,28,60
01/10/2021,SMX,CA,AWP,WE,Federal Contract Tower,2,1,14,0,17,0,8,31,0,39,2,9,45,0,56,20,0,20,76
01/11/2021,SMX,CA,AWP,WE,Federal Contract Tower,0,5,14,4,23,0,12,29,0,41,0,17,43,4,64,38,6,44,108
01/12/2021,SMX,CA,AWP,WE,Federal Contract Tower,0,12,11,1,24,0,1,36,0,37,0,13,47,1,61,8,0,8,69
01/13/2021,SMX,CA,AWP,WE,Federal Contract Tower,0,11,9,2,22,0,3,21,4,28,0,14,30,6,50,10,12,22,72
01/14/2021,SMX,CA,AWP,WE,Federal Contract Tower,2,11,10,2,25,0,9,27,1,37,2,20,37,3,62,80,8,88,150
01/15/2021,SMX,CA,AWP,WE,Federal Contract Tower,2,10,6,0,18,0,3,54,0,57,2,13,60,0,75,24,0,24,99
01/16/2021,SMX,CA,AWP,WE,Federal Contract Tower,0,5,11,2,18,0,10,48,0,58,0,15,59,2,76,40,4,44,120
01/17/2021,SMX,CA,AWP,WE,Federal Contract Tower,4,0,9,0,13,0,8,60,0,68,4,8,69,0,81,36,0,36,117
01/18/2021,SMX,CA,AWP,WE,Federal Contract Tower,0,5,11,0,16,0,14,44,0,58,0,19,55,0,74,34,0,34,108
01/19/2021,SMX,CA,AWP,WE,Federal Contract Tower,0,8,1,4,13,0,12,13,1,26,0,20,14,5,39,4,12,16,55
01/20/2021,SMX,CA,AWP,WE,Federal Contract Tower,0,10,3,1,14,0,16,27,2,45,0,26,30,3,59,6,6,12,71
01/21/2021,SMX,CA,AWP,WE,Federal Contract Tower,2,11,11,5,29,0,7,49,0,56,2,18,60,5,85,28,26,54,139
01/22/2021,SMX,CA,AWP,WE,Federal Contract Tower,2,7,2,0,11,0,6,10,0,16,2,13,12,0,27,0,0,0,27
01/23/2021,SMX,CA,AWP,WE,Federal Contract Tower,0,2,4,0,6,0,7,14,1,22,0,9,18,1,28,12,0,12,40
01/24/2021,SMX,CA,AWP,WE,Federal Contract Tower,2,0,14,0,16,0,4,33,0,37,2,4,47,0,53,8,0,8,61
01/25/2021,SMX,CA,AWP,WE,Federal Contract Tower,0,6,6,0,12,0,11,2,0,13,0,17,8,0,25,0,0,0,25
01/26/2021,SMX,CA,AWP,WE,Federal Contract Tower,0,10,13,0,23,0,7,45,0,52,0,17,58,0,75,42,20,62,137
01/27/2021,SMX,CA,AWP,WE,Federal Contract Tower,0,13,5,0,18,0,3,0,0,3,0,16,5,0,21,0,0,0,21
01/28/2021,SMX,CA,AWP,WE,Federal Contract Tower,2,11,4,0,17,0,0,0,0,0,2,11,4,0,17,0,0,0,17
01/29/2021,SMX,CA,AWP,WE,Federal Contract Tower,2,4,7,0,13,0,8,18,0,26,2,12,25,0,39,24,2,26,65
01/30/2021,SMX,CA,AWP,WE,Federal Contract Tower,2,3,6,0,11,0,10,32,0,42,2,13,38,0,53,40,0,40,93
01/31/2021,SMX,CA,AWP,WE,Federal Contract Tower,2,0,10,1,13,0,4,58,1,63,2,4,68,2,76,40,0,40,116
02/01/2021,SMX,CA,AWP,WE,Federal Contract Tower,0,5,3,0,8,0,9,34,0,43,0,14,37,0,51,16,0,16,67
02/02/2021,SMX,CA,AWP,WE,Federal Contract Tower,0,14,9,4,27,0,7,27,0,34,0,21,36,4,61,16,4,20,81
02/03/2021,SMX,CA,AWP,WE,Federal Contract Tower,2,10,2,0,14,0,14,31,0,45,2,24,33,0,59,10,0,10,69
02/04/2021,SMX,CA,AWP,WE,Federal Contract Tower,2,7,11,0,20,0,10,41,0,51,2,17,52,0,71,52,0,52,123
02/05/2021,SMX,CA,AWP,WE,Federal Contract Tower,2,6,8,0,16,0,15,41,0,56,2,21,49,0,72,42,0,42,114
02/06/2021,SMX,CA,AWP,WE,Federal Contract Tower,0,4,13,0,17,0,1,52,0,53,0,5,65,0,70,44,0,44,114
02/07/2021,SMX,CA,AWP,WE,Federal Contract Tower,2,1,3,0,6,0,9,35,0,44,2,10,38,0,50,42,0,42,92
02/08/2021,SMX,CA,AWP,WE,Federal Contract Tower,0,13,18,0,31,0,5,6,0,11,0,18,24,0,42,2,0,2,44
02/09/2021,SMX,CA,AWP,WE,Federal Contract Tower,0,13,11,2,26,0,1,12,1,14,0,14,23,3,40,2,4,6,46
02/10/2021,SMX,CA,AWP,WE,Federal Contract Tower,0,7,10,0,17,0,8,54,2,64,0,15,64,2,81,34,22,56,137
02/11/2021,SMX,CA,AWP,WE,Federal Contract Tower,2,6,12,3,23,0,5,31,0,36,2,11,43,3,59,34,8,42,101
02/12/2021,SMX,CA,AWP,WE,Federal Contract Tower,2,6,9,1,18,0,5,20,0,25,2,11,29,1,43,18,10,28,71
02/13/2021,SMX,CA,AWP,WE,Federal Contract Tower,0,2,1,4,7,0,6,14,0,20,0,8,15,4,27,12,0,12,39
02/14/2021,SMX,CA,AWP,WE,Federal Contract Tower,2,0,4,0,6,0,6,25,0,31,2,6,29,0,37,34,0,34,71
02/15/2021,SMX,CA,AWP,WE,Federal Contract Tower,2,6,7,0,15,0,3,12,0,15,2,9,19,0,30,14,0,14,44
02/16/2021,SMX,CA,AWP,WE,Federal Contract Tower,0,11,6,2,19,0,9,38,2,49,0,20,44,4,68,10,10,20,88
02/17/2021,SMX,CA,AWP,WE,Federal Contract Tower,0,7,9,2,18,0,17,36,2,55,0,24,45,4,73,6,24,30,103
02/18/2021,SMX,CA,AWP,WE,Federal Contract Tower,2,7,11,1,21,0,6,48,0,54,2,13,59,1,75,6,0,6,81
02/19/2021,SMX,CA,AWP,WE,Federal Contract Tower,2,7,20,2,31,0,10,36,0,46,2,17,56,2,77,16,2,18,95
02/21/2021,SMX,CA,AWP,WE,Federal Contract Tower,0,3,8,0,11,0,6,28,0,34,0,9,36,0,45,22,0,22,67
02/22/2021,SMX,CA,AWP,WE,Federal Contract Tower,2,7,14,3,26,0,14,31,2,47,2,21,45,5,73,42,28,70,143
02/23/2021,SMX,CA,AWP,WE,Federal Contract Tower,0,7,18,2,27,0,10,44,0,54,0,17,62,2,81,42,4,46,127
02/24/2021,SMX,CA,AWP,WE,Federal Contract Tower,0,9,8,0,17,0,11,50,0,61,0,20,58,0,78,24,0,24,102
02/25/2021,SMX,CA,AWP,WE,Federal Contract Tower,2,7,17,1,27,0,7,39,5,51,2,14,56,6,78,26,14,40,118
02/26/2021,SMX,CA,AWP,WE,Federal Contract Tower,1,8,15,0,24,0,5,29,0,34,1,13,44,0,58,12,0,12,70
02/27/2021,SMX,CA,AWP,WE,Federal Contract Tower,0,1,4,3,8,0,11,28,2,41,0,12,32,5,49,6,18,24,73
02/28/2021,SMX,CA,AWP,WE,Federal Contract Tower,2,0,9,0,11,0,5,51,0,56,2,5,60,0,67,50,0,50,117
03/01/2021,SMX,CA,AWP,WE,Federal Contract Tower,2,5,7,1,15,0,7,29,0,36,2,12,36,1,51,10,2,12,63
03/02/2021,SMX,CA,AWP,WE,Federal Contract Tower,0,7,8,0,15,0,13,23,0,36,0,20,31,0,51,20,0,20,71
03/03/2021,SMX,CA,AWP,WE,Federal Contract Tower,0,9,13,0,22,0,19,39,0,58,0,28,52,0,80,6,6,12,92
03/04/2021,SMX,CA,AWP,WE,Federal Contract Tower,2,9,13,0,24,0,5,59,0,64,2,14,72,0,88,24,0,24,112
03/05/2021,SMX,CA,AWP,WE,Federal Contract Tower,1,5,11,0,17,0,10,57,1,68,1,15,68,1,85,38,0,38,123
03/06/2021,SMX,CA,AWP,WE,Federal Contract Tower,0,5,16,0,21,0,4,10,0,14,0,9,26,0,35,12,0,12,47
03/07/2021,SMX,CA,AWP,WE,Federal Contract Tower,2,2,13,0,17,0,13,30,0,43,2,15,43,0,60,44,0,44,104
03/08/2021,SMX,CA,AWP,WE,Federal Contract Tower,2,1,12,2,17,0,8,22,3,33,2,9,34,5,50,8,4,12,62
03/09/2021,SMX,CA,AWP,WE,Federal Contract Tower,0,7,2,3,12,0,8,14,2,24,0,15,16,5,36,0,10,10,46
03/10/2021,SMX,CA,AWP,WE,Federal Contract Tower,0,13,10,3,26,0,5,4,0,9,0,18,14,3,35,0,4,4,39
03/11/2021,SMX,CA,AWP,WE,Federal Contract Tower,2,9,3,0,14,0,6,6,1,13,2,15,9,1,27,2,0,2,29
03/12/2021,SMX,CA,AWP,WE,Federal Contract Tower,1,7,22,2,32,0,4,29,0,33,1,11,51,2,65,22,4,26,91
03/13/2021,SMX,CA,AWP,WE,Federal Contract Tower,2,5,14,0,21,0,2,14,0,16,2,7,28,0,37,38,0,38,75
03/14/2021,SMX,CA,AWP,WE,Federal Contract Tower,2,1,12,0,15,0,6,24,0,30,2,7,36,0,45,38,0,38,83
03/15/2021,SMX,CA,AWP,WE,Federal Contract Tower,0,3,5,2,10,0,12,7,0,19,0,15,12,2,29,24,6,30,59
03/16/2021,SMX,CA,AWP,WE,Federal Contract Tower,0,10,13,0,23,0,9,43,2,54,0,19,56,2,77,10,2,12,89
03/17/2021,SMX,CA,AWP,WE,Federal Contract Tower,1,10,21,1,33,0,15,35,1,51,1,25,56,2,84,40,0,40,124
03/18/2021,SMX,CA,AWP,WE,Federal Contract Tower,3,9,14,2,28,0,8,33,4,45,3,17,47,6,73,12,6,18,91
03/19/2021,SMX,CA,AWP,WE,Federal Contract Tower,0,9,11,1,21,0,7,14,2,23,0,16,25,3,44,10,0,10,54
03/20/2021,SMX,CA,AWP,WE,Federal Contract Tower,0,2,9,0,11,0,4,41,0,45,0,6,50,0,56,2,0,2,58
03/21/2021,SMX,CA,AWP,WE,Federal Contract Tower,3,0,11,0,14,0,5,19,0,24,3,5,30,0,38,26,0,26,64
03/22/2021,SMX,CA,AWP,WE,Federal Contract Tower,0,5,3,3,11,0,10,12,2,24,0,15,15,5,35,0,4,4,39
03/23/2021,SMX,CA,AWP,WE,Federal Contract Tower,0,9,16,1,26,0,11,25,0,36,0,20,41,1,62,56,0,56,118
03/24/2021,SMX,CA,AWP,WE,Federal Contract Tower,0,7,13,1,21,0,13,55,0,68,0,20,68,1,89,40,2,42,131
03/25/2021,SMX,CA,AWP,WE,Federal Contract Tower,2,10,8,0,20,0,8,10,2,20,2,18,18,2,40,4,4,8,48
03/26/2021,SMX,CA,AWP,WE,Federal Contract Tower,0,7,14,4,25,0,13,64,2,79,0,20,78,6,104,44,0,44,148
03/27/2021,SMX,CA,AWP,WE,Federal Contract Tower,0,3,3,1,7,0,12,55,4,71,0,15,58,5,78,50,42,92,170
03/28/2021,SMX,CA,AWP,WE,Federal Contract Tower,1,1,16,0,18,0,8,63,4,75,1,9,79,4,93,30,4,34,127
03/29/2021,SMX,CA,AWP,WE,Federal Contract Tower,1,6,7,0,14,0,9,29,2,40,1,15,36,2,54,30,0,30,84
03/30/2021,SMX,CA,AWP,WE,Federal Contract Tower,0,9,15,6,30,0,13,37,2,52,0,22,52,8,82,24,32,56,138
03/31/2021,SMX,CA,AWP,WE,Federal Contract Tower,0,9,15,0,24,0,17,55,0,72,0,26,70,0,96,34,0,34,130
04/01/2021,SMX,CA,AWP,WE,Federal Contract Tower,1,11,14,0,26,0,11,52,2,65,1,22,66,2,91,44,8,52,143
04/02/2021,SMX,CA,AWP,WE,Federal Contract Tower,2,13,5,0,20,0,5,36,0,41,2,18,41,0,61,16,0,16,77
04/03/2021,SMX,CA,AWP,WE,Federal Contract Tower,0,7,12,0,19,0,6,27,0,33,0,13,39,0,52,8,0,8,60
04/04/2021,SMX,CA,AWP,WE,Federal Contract Tower,2,0,9,0,11,0,4,60,0,64,2,4,69,0,75,10,0,10,85
04/05/2021,SMX,CA,AWP,WE,Federal Contract Tower,2,6,12,0,20,0,13,10,0,23,2,19,22,0,43,10,0,10,53
04/06/2021,SMX,CA,AWP,WE,Federal Contract Tower,0,15,11,1,27,0,10,37,1,48,0,25,48,2,75,44,14,58,133
04/07/2021,SMX,CA,AWP,WE,Federal Contract Tower,0,10,16,0,26,0,3,51,0,54,0,13,67,0,80,26,0,26,106
04/08/2021,SMX,CA,AWP,WE,Federal Contract Tower,2,10,9,0,21,0,10,49,0,59,2,20,58,0,80,12,20,32,112
04/09/2021,SMX,CA,AWP,WE,Federal Contract Tower,2,8,5,0,15,0,2,33,0,35,2,10,38,0,50,20,0,20,70
04/10/2021,SMX,CA,AWP,WE,Federal Contract Tower,2,3,8,2,15,0,4,50,0,54,2,7,58,2,69,38,4,42,111
04/11/2021,SMX,CA,AWP,WE,Federal Contract Tower,2,3,12,0,17,0,11,36,0,47,2,14,48,0,64,2,0,2,66
04/12/2021,SMX,CA,AWP,WE,Federal Contract Tower,2,8,26,0,36,0,0,7,0,7,2,8,33,0,43,24,0,24,67
04/13/2021,SMX,CA,AWP,WE,Federal Contract Tower,0,18,32,0,50,0,6,14,0,20,0,24,46,0,70,34,0,34,104
04/14/2021,SMX,CA,AWP,WE,Federal Contract Tower,3,7,18,0,28,0,17,22,0,39,3,24,40,0,67,30,0,30,97
04/15/2021,SMX,CA,AWP,WE,Federal Contract Tower,3,11,7,2,23,0,10,43,0,53,3,21,50,2,76,32,10,42,118
04/16/2021,SMX,CA,AWP,WE,Federal Contract Tower,2,10,20,0,32,0,6,51,0,57,2,16,71,0,89,14,0,14,103
04/17/2021,SMX,CA,AWP,WE,Federal Contract Tower,0,3,13,0,16,0,8,36,2,46,0,11,49,2,62,4,2,6,68
04/18/2021,SMX,CA,AWP,WE,Federal Contract Tower,4,0,10,1,15,0,1,50,1,52,4,1,60,2,67,68,0,68,135
04/19/2021,SMX,CA,AWP,WE,Federal Contract Tower,0,6,9,1,16,0,7,30,0,37,0,13,39,1,53,8,2,10,63
04/20/2021,SMX,CA,AWP,WE,Federal Contract Tower,0,13,17,3,33,0,7,21,0,28,0,20,38,3,61,16,0,16,77
04/21/2021,SMX,CA,AWP,WE,Federal Contract Tower,2,15,24,0,41,0,1,7,0,8,2,16,31,0,49,44,0,44,93
04/22/2021,SMX,CA,AWP,WE,Federal Contract Tower,2,14,21,6,43,0,2,16,2,20,2,16,37,8,63,44,14,58,121
04/23/2021,SMX,CA,AWP,WE,Federal Contract Tower,2,11,10,0,23,0,6,21,0,27,2,17,31,0,50,32,0,32,82
04/24/2021,SMX,CA,AWP,WE,Federal Contract Tower,0,12,18,0,30,0,6,30,0,36,0,18,48,0,66,40,0,40,106
04/25/2021,SMX,CA,AWP,WE,Federal Contract Tower,6,1,15,0,22,0,5,9,0,14,6,6,24,0,36,4,0,4,40
04/26/2021,SMX,CA,AWP,WE,Federal Contract Tower,0,7,18,2,27,0,4,22,0,26,0,11,40,2,53,4,0,4,57
04/27/2021,SMX,CA,AWP,WE,Federal Contract Tower,0,8,11,0,19,0,12,38,0,50,0,20,49,0,69,24,0,24,93
04/28/2021,SMX,CA,AWP,WE,Federal Contract Tower,2,10,9,0,21,0,16,45,0,61,2,26,54,0,82,26,0,26,108
04/29/2021,SMX,CA,AWP,WE,Federal Contract Tower,2,10,8,0,20,0,6,52,4,62,2,16,60,4,82,12,0,12,94
04/30/2021,SMX,CA,AWP,WE,Federal Contract Tower,2,8,15,1,26,0,12,62,0,74,2,20,77,1,100,30,20,50,150
05/01/2021,SMX,CA,AWP,WE,Federal Contract Tower,0,8,8,0,16,0,4,48,0,52,0,12,56,0,68,42,2,44,112
05/02/2021,SMX,CA,AWP,WE,Federal Contract Tower,6,2,9,0,17,0,4,22,0,26,6,6,31,0,43,38,0,38,81
05/03/2021,SMX,CA,AWP,WE,Federal Contract Tower,0,6,12,0,18,0,11,37,4,52,0,17,49,4,70,14,0,14,84
05/04/2021,SMX,CA,AWP,WE,Federal Contract Tower,0,11,22,0,33,0,7,32,0,39,0,18,54,0,72,38,0,38,110
05/05/2021,SMX,CA,AWP,WE,Federal Contract Tower,2,7,15,0,24,0,3,32,0,35,2,10,47,0,59,14,0,14,73
05/06/2021,SMX,CA,AWP,WE,Federal Contract Tower,2,14,21,0,37,0,3,26,0,29,2,17,47,0,66,16,0,16,82
05/07/2021,SMX,CA,AWP,WE,Federal Contract Tower,2,10,22,0,34,0,2,27,0,29,2,12,49,0,63,28,0,28,91
05/08/2021,SMX,CA,AWP,WE,Federal Contract Tower,0,4,10,0,14,0,4,38,0,42,0,8,48,0,56,24,0,24,80
05/09/2021,SMX,CA,AWP,WE,Federal Contract Tower,6,1,6,0,13,0,6,43,0,49,6,7,49,0,62,20,0,20,82
05/10/2021,SMX,CA,AWP,WE,Federal Contract Tower,0,7,14,1,22,0,2,22,0,24,0,9,36,1,46,56,0,56,102
05/11/2021,SMX,CA,AWP,WE,Federal Contract Tower,0,10,7,0,17,0,4,45,14,63,0,14,52,14,80,64,6,70,150
05/12/2021,SMX,CA,AWP,WE,Federal Contract Tower,2,17,20,1,40,0,4,30,1,35,2,21,50,2,75,62,2,64,139
05/13/2021,SMX,CA,AWP,WE,Federal Contract Tower,2,11,25,0,38,0,6,21,0,27,2,17,46,0,65,24,0,24,89
05/14/2021,SMX,CA,AWP,WE,Federal Contract Tower,4,10,19,0,33,0,10,31,0,41,4,20,50,0,74,10,0,10,84
05/15/2021,SMX,CA,AWP,WE,Federal Contract Tower,0,4,22,0,26,0,5,32,4,41,0,9,54,4,67,62,0,62,129
05/16/2021,SMX,CA,AWP,WE,Federal Contract Tower,6,2,14,0,22,0,3,23,0,26,6,5,37,0,48,18,0,18,66
05/17/2021,SMX,CA,AWP,WE,Federal Contract Tower,0,6,9,0,15,0,14,16,0,30,0,20,25,0,45,28,0,28,73
05/18/2021,SMX,CA,AWP,WE,Federal Contract Tower,2,10,16,0,28,0,12,27,0,39,2,22,43,0,67,74,8,82,149
05/19/2021,SMX,CA,AWP,WE,Federal Contract Tower,2,6,8,0,16,0,12,29,0,41,2,18,37,0,57,30,0,30,87
05/20/2021,SMX,CA,AWP,WE,Federal Contract Tower,2,7,7,0,16,0,6,12,6,24,2,13,19,6,40,4,2,6,46
05/21/2021,SMX,CA,AWP,WE,Federal Contract Tower,2,8,15,1,26,0,2,21,0,23,2,10,36,1,49,6,8,14,63
05/22/2021,SMX,CA,AWP,WE,Federal Contract Tower,0,3,11,1,15,0,15,36,0,51,0,18,47,1,66,36,2,38,104
05/23/2021,SMX,CA,AWP,WE,Federal Contract Tower,6,2,10,0,18,0,0,48,0,48,6,2,58,0,66,36,0,36,102
05/24/2021,SMX,CA,AWP,WE,Federal Contract Tower,0,6,8,0,14,0,10,50,3,63,0,16,58,3,77,8,6,14,91
05/25/2021,SMX,CA,AWP,WE,Federal Contract Tower,0,4,10,1,15,0,11,27,1,39,0,15,37,2,54,30,2,32,86
05/26/2021,SMX,CA,AWP,WE,Federal Contract Tower,2,13,15,0,30,0,11,33,0,44,2,24,48,0,74,50,0,50,124
05/27/2021,SMX,CA,AWP,WE,Federal Contract Tower,7,13,17,0,37,0,5,37,0,42,7,18,54,0,79,14,0,14,93
05/28/2021,SMX,CA,AWP,WE,Federal Contract Tower,2,9,10,0,21,0,3,36,0,39,2,12,46,0,60,32,0,32,92
05/29/2021,SMX,CA,AWP,WE,Federal Contract Tower,0,4,7,0,11,0,6,26,0,32,0,10,33,0,43,32,0,32,75
05/30/2021,SMX,CA,AWP,WE,Federal Contract Tower,7,2,5,0,14,0,14,29,6,49,7,16,34,6,63,16,0,16,79
05/31/2021,SMX,CA,AWP,WE,Federal Contract Tower,0,2,11,0,13,0,4,38,0,42,0,6,49,0,55,54,0,54,109
06/01/2021,SMX,CA,AWP,WE,Federal Contract Tower,0,13,21,2,36,0,2,32,0,34,0,15,53,2,70,12,6,18,88
06/02/2021,SMX,CA,AWP,WE,Federal Contract Tower,2,13,20,0,35,0,6,58,0,64,2,19,78,0,99,54,0,54,153
06/03/2021,SMX,CA,AWP,WE,Federal Contract Tower,3,9,7,1,20,0,2,37,0,39,3,11,44,1,59,70,0,70,129
06/04/2021,SMX,CA,AWP,WE,Federal Contract Tower,0,7,14,0,21,0,1,41,0,42,0,8,55,0,63,30,0,30,93
06/05/2021,SMX,CA,AWP,WE,Federal Contract Tower,2,6,8,0,16,0,5,40,0,45,2,11,48,0,61,12,0,12,73
06/06/2021,SMX,CA,AWP,WE,Federal Contract Tower,8,5,22,1,36,0,4,7,0,11,8,9,29,1,47,24,2,26,73
06/07/2021,SMX,CA,AWP,WE,Federal Contract Tower,0,9,6,0,15,0,6,22,0,28,0,15,28,0,43,4,0,4,47
06/08/2021,SMX,CA,AWP,WE,Federal Contract Tower,0,8,9,2,19,0,10,34,0,44,0,18,43,2,63,12,14,26,89
06/09/2021,SMX,CA,AWP,WE,Federal Contract Tower,2,7,9,0,18,0,12,32,0,44,2,19,41,0,62,24,0,24,86
06/10/2021,SMX,CA,AWP,WE,Federal Contract Tower,5,7,5,3,20,0,4,28,5,37,5,11,33,8,57,14,14,28,85
06/11/2021,SMX,CA,AWP,WE,Federal Contract Tower,3,7,9,0,19,0,9,46,0,55,3,16,55,0,74,16,2,18,92
06/12/2021,SMX,CA,AWP,WE,Federal Contract Tower,1,2,8,0,11,0,2,69,0,71,1,4,77,0,82,88,0,88,170
06/13/2021,SMX,CA,AWP,WE,Federal Contract Tower,8,3,14,0,25,0,4,31,0,35,8,7,45,0,60,34,0,34,94
06/14/2021,SMX,CA,AWP,WE,Federal Contract Tower,0,6,13,0,19,0,10,28,0,38,0,16,41,0,57,22,0,22,79
06/15/2021,SMX,CA,AWP,WE,Federal Contract Tower,0,9,6,2,17,0,12,49,2,63,0,21,55,4,80,24,12,36,116
06/16/2021,SMX,CA,AWP,WE,Federal Contract Tower,2,6,7,0,15,0,6,53,0,59,2,12,60,0,74,28,0,28,102
06/17/2021,SMX,CA,AWP,WE,Federal Contract Tower,5,7,14,0,26,0,7,40,0,47,5,14,54,0,73,50,0,50,123
06/18/2021,SMX,CA,AWP,WE,Federal Contract Tower,4,6,15,0,25,0,6,48,0,54,4,12,63,0,79,34,0,34,113
06/19/2021,SMX,CA,AWP,WE,Federal Contract Tower,0,6,8,0,14,0,6,40,0,46,0,12,48,0,60,72,0,72,132
06/20/2021,SMX,CA,AWP,WE,Federal Contract Tower,6,1,14,0,21,0,3,32,0,35,6,4,46,0,56,16,0,16,72
06/21/2021,SMX,CA,AWP,WE,Federal Contract Tower,0,9,18,0,27,0,9,39,0,48,0,18,57,0,75,6,0,6,81
06/22/2021,SMX,CA,AWP,WE,Federal Contract Tower,2,11,20,7,40,0,11,39,2,52,2,22,59,9,92,22,22,44,136
06/23/2021,SMX,CA,AWP,WE,Federal Contract Tower,2,10,15,2,29,0,11,44,0,55,2,21,59,2,84,50,22,72,156
06/24/2021,SMX,CA,AWP,WE,Federal Contract Tower,4,7,10,3,24,12,45,2,0,59,16,52,12,3,83,84,8,92,175
06/25/2021,SMX,CA,AWP,WE,Federal Contract Tower,2,11,10,0,23,0,9,49,4,62,2,20,59,4,85,60,0,60,145
06/26/2021,SMX,CA,AWP,WE,Federal Contract Tower,0,3,9,1,13,0,10,40,2,52,0,13,49,3,65,14,0,14,79
06/27/2021,SMX,CA,AWP,WE,Federal Contract Tower,6,5,14,0,25,0,4,43,4,51,6,9,57,4,76,16,8,24,100
06/28/2021,SMX,CA,AWP,WE,Federal Contract Tower,0,7,11,0,18,0,8,37,2,47,0,15,48,2,65,22,0,22,87
06/29/2021,SMX,CA,AWP,WE,Federal Contract Tower,0,11,20,0,31,0,6,54,2,62,0,17,74,2,93,68,6,74,167
06/30/2021,SMX,CA,AWP,WE,Federal Contract Tower,2,11,14,0,27,0,4,44,0,48,2,15,58,0,75,52,0,52,127
07/01/2021,SMX,CA,AWP,WE,Federal Contract Tower,2,12,17,4,35,0,8,33,0,41,2,20,50,4,76,28,4,32,108
07/02/2021,SMX,CA,AWP,WE,Federal Contract Tower,2,10,16,0,28,0,6,52,0,58,2,16,68,0,86,46,0,46,132
07/03/2021,SMX,CA,AWP,WE,Federal Contract Tower,0,7,19,0,26,0,10,30,0,40,0,17,49,0,66,16,0,16,82
07/04/2021,SMX,CA,AWP,WE,Federal Contract Tower,8,0,5,0,13,0,8,22,0,30,8,8,27,0,43,26,0,26,69
07/05/2021,SMX,CA,AWP,WE,Federal Contract Tower,0,2,19,0,21,0,2,28,0,30,0,4,47,0,51,48,0,48,99
07/06/2021,SMX,CA,AWP,WE,Federal Contract Tower,0,11,8,2,21,0,4,37,0,41,0,15,45,2,62,38,0,38,100
07/07/2021,SMX,CA,AWP,WE,Federal Contract Tower,2,11,10,0,23,0,14,23,0,37,2,25,33,0,60,10,0,10,70
07/08/2021,SMX,CA,AWP,WE,Federal Contract Tower,4,8,14,0,26,0,5,51,1,57,4,13,65,1,83,30,4,34,117
07/09/2021,SMX,CA,AWP,WE,Federal Contract Tower,0,6,7,1,14,0,12,66,1,79,0,18,73,2,93,78,4,82,175
07/10/2021,SMX,CA,AWP,WE,Federal Contract Tower,0,2,8,0,10,0,1,41,4,46,0,3,49,4,56,22,8,30,86
07/11/2021,SMX,CA,AWP,WE,Federal Contract Tower,8,3,9,0,20,0,4,38,0,42,8,7,47,0,62,36,0,36,98
07/12/2021,SMX,CA,AWP,WE,Federal Contract Tower,0,10,15,2,27,0,12,58,0,70,0,22,73,2,97,6,0,6,103
07/13/2021,SMX,CA,AWP,WE,Federal Contract Tower,0,20,10,3,33,0,4,30,0,34,0,24,40,3,67,18,0,18,85
07/14/2021,SMX,CA,AWP,WE,Federal Contract Tower,2,12,22,3,39,0,3,51,4,58,2,15,73,7,97,32,18,50,147
07/15/2021,SMX,CA,AWP,WE,Federal Contract Tower,4,11,17,2,34,0,4,46,1,51,4,15,63,3,85,24,0,24,109
07/16/2021,SMX,CA,AWP,WE,Federal Contract Tower,0,9,14,0,23,0,6,29,1,36,0,15,43,1,59,20,0,20,79
07/17/2021,SMX,CA,AWP,WE,Federal Contract Tower,0,6,16,1,23,0,3,41,2,46,0,9,57,3,69,36,6,42,111
07/18/2021,SMX,CA,AWP,WE,Federal Contract Tower,8,0,16,0,24,0,4,35,0,39,8,4,51,0,63,12,0,12,75
07/19/2021,SMX,CA,AWP,WE,Federal Contract Tower,0,6,4,0,10,0,10,57,0,67,0,16,61,0,77,32,0,32,109
07/20/2021,SMX,CA,AWP,WE,Federal Contract Tower,0,11,7,0,18,0,2,39,2,43,0,13,46,2,61,28,0,28,89
07/21/2021,SMX,CA,AWP,WE,Federal Contract Tower,2,14,8,1,25,0,13,32,2,47,2,27,40,3,72,8,0,8,80
07/22/2021,SMX,CA,AWP,WE,Federal Contract Tower,4,11,25,5,45,0,4,30,2,36,4,15,55,7,81,44,20,64,145
07/23/2021,SMX,CA,AWP,WE,Federal Contract Tower,1,10,16,2,29,0,5,28,1,34,1,15,44,3,63,10,4,14,77
07/24/2021,SMX,CA,AWP,WE,Federal Contract Tower,0,2,10,0,12,0,5,27,0,32,0,7,37,0,44,60,0,60,104
07/25/2021,SMX,CA,AWP,WE,Federal Contract Tower,7,1,13,0,21,0,7,22,0,29,7,8,35,0,50,8,0,8,58
07/26/2021,SMX,CA,AWP,WE,Federal Contract Tower,0,7,8,5,20,0,8,18,1,27,0,15,26,6,47,20,24,44,91
07/27/2021,SMX,CA,AWP,WE,Federal Contract Tower,0,13,11,0,24,0,9,31,0,40,0,22,42,0,64,8,2,10,74
07/28/2021,SMX,CA,AWP,WE,Federal Contract Tower,4,12,8,0,24,0,4,34,0,38,4,16,42,0,62,46,0,46,108
07/29/2021,SMX,CA,AWP,WE,Federal Contract Tower,4,10,18,0,32,0,5,39,0,44,4,15,57,0,76,26,0,26,102
07/30/2021,SMX,CA,AWP,WE,Federal Contract Tower,0,10,19,0,29,0,5,48,0,53,0,15,67,0,82,20,0,20,102
07/31/2021,SMX,CA,AWP,WE,Federal Contract Tower,0,6,13,0,19,0,7,51,0,58,0,13,64,0,77,16,0,16,93
08/01/2021,SMX,CA,AWP,WE,Federal Contract Tower,4,1,8,0,13,0,9,56,0,65,4,10,64,0,78,28,0,28,106
08/02/2021,SMX,CA,AWP,WE,Federal Contract Tower,0,7,7,1,15,0,7,44,4,55,0,14,51,5,70,22,8,30,100
08/03/2021,SMX,CA,AWP,WE,Federal Contract Tower,0,11,12,0,23,0,1,41,0,42,0,12,53,0,65,8,6,14,79
08/04/2021,SMX,CA,AWP,WE,Federal Contract Tower,0,17,17,0,34,0,5,27,0,32,0,22,44,0,66,22,0,22,88
08/05/2021,SMX,CA,AWP,WE,Federal Contract Tower,6,12,12,0,30,0,3,39,3,45,6,15,51,3,75,14,2,16,91
08/06/2021,SMX,CA,AWP,WE,Federal Contract Tower,0,9,15,0,24,0,10,39,1,50,0,19,54,1,74,24,0,24,98
08/07/2021,SMX,CA,AWP,WE,Federal Contract Tower,0,3,7,0,10,0,7,38,0,45,0,10,45,0,55,22,0,22,77
08/08/2021,SMX,CA,AWP,WE,Federal Contract Tower,6,2,12,0,20,0,2,41,0,43,6,4,53,0,63,6,0,6,69
08/09/2021,SMX,CA,AWP,WE,Federal Contract Tower,0,7,6,0,13,0,7,43,2,52,0,14,49,2,65,66,0,66,131
08/10/2021,SMX,CA,AWP,WE,Federal Contract Tower,0,14,4,0,18,0,7,42,2,51,0,21,46,2,69,54,0,54,123
08/11/2021,SMX,CA,AWP,WE,Federal Contract Tower,0,9,9,1,19,0,7,41,2,50,0,16,50,3,69,24,16,40,109
08/12/2021,SMX,CA,AWP,WE,Federal Contract Tower,5,8,13,1,27,0,8,38,7,53,5,16,51,8,80,20,14,34,114
08/13/2021,SMX,CA,AWP,WE,Federal Contract Tower,0,10,16,0,26,0,9,34,0,43,0,19,50,0,69,70,0,70,139
08/14/2021,SMX,CA,AWP,WE,Federal Contract Tower,0,4,5,0,9,0,8,45,0,53,0,12,50,0,62,38,0,38,100
08/15/2021,SMX,CA,AWP,WE,Federal Contract Tower,7,0,9,0,16,0,1,32,0,33,7,1,41,0,49,30,0,30,79
08/16/2021,SMX,CA,AWP,WE,Federal Contract Tower,0,7,20,2,29,0,9,26,1,36,0,16,46,3,65,80,0,80,145
08/17/2021,SMX,CA,AWP,WE,Federal Contract Tower,0,11,9,2,22,0,11,39,1,51,0,22,48,3,73,20,2,22,95
08/18/2021,SMX,CA,AWP,WE,Federal Contract Tower,4,22,25,0,51,0,3,2,0,5,4,25,27,0,56,4,0,4,60
08/19/2021,SMX,CA,AWP,WE,Federal Contract Tower,4,11,7,0,22,0,11,39,0,50,4,22,46,0,72,34,0,34,106
08/20/2021,SMX,CA,AWP,WE,Federal Contract Tower,2,8,15,6,31,0,4,21,12,37,2,12,36,18,68,16,32,48,116
08/21/2021,SMX,CA,AWP,WE,Federal Contract Tower,3,4,11,0,18,0,5,11,0,16,3,9,22,0,34,10,0,10,44
08/22/2021,SMX,CA,AWP,WE,Federal Contract Tower,4,1,15,1,21,0,10,43,0,53,4,11,58,1,74,22,0,22,96
08/23/2021,SMX,CA,AWP,WE,Federal Contract Tower,0,10,10,3,23,0,5,40,18,63,0,15,50,21,86,0,60,60,146
08/24/2021,SMX,CA,AWP,WE,Federal Contract Tower,0,11,5,2,18,0,11,39,4,54,0,22,44,6,72,18,2,20,92
08/25/2021,SMX,CA,AWP,WE,Federal Contract Tower,2,14,10,0,26,0,7,41,10,58,2,21,51,10,84,18,14,32,116
08/26/2021,SMX,CA,AWP,WE,Federal Contract Tower,4,14,24,1,43,0,3,33,2,38,4,17,57,3,81,30,6,36,117
08/27/2021,SMX,CA,AWP,WE,Federal Contract Tower,2,10,7,2,21,0,1,61,3,65,2,11,68,5,86,36,2,38,124
08/28/2021,SMX,CA,AWP,WE,Federal Contract Tower,0,3,11,5,19,0,12,47,12,71,0,15,58,17,90,12,0,12,102
08/29/2021,SMX,CA,AWP,WE,Federal Contract Tower,4,1,22,1,28,0,9,40,0,49,4,10,62,1,77,2,0,2,79
08/30/2021,SMX,CA,AWP,WE,Federal Contract Tower,0,9,10,0,19,0,8,32,0,40,0,17,42,0,59,6,0,6,65
08/31/2021,SMX,CA,AWP,WE,Federal Contract Tower,0,13,14,2,29,0,5,23,0,28,0,18,37,2,57,22,0,22,79
09/01/2021,SMX,CA,AWP,WE,Federal Contract Tower,2,12,10,0,24,0,9,17,0,26,2,21,27,0,50,16,0,16,66
09/02/2021,SMX,CA,AWP,WE,Federal Contract Tower,4,11,24,1,40,0,2,36,2,40,4,13,60,3,80,22,0,22,102
09/03/2021,SMX,CA,AWP,WE,Federal Contract Tower,2,14,15,0,31,0,9,60,0,69,2,23,75,0,100,18,0,18,118
09/04/2021,SMX,CA,AWP,WE,Federal Contract Tower,0,5,18,0,23,0,5,61,0,66,0,10,79,0,89,36,0,36,125
09/05/2021,SMX,CA,AWP,WE,Federal Contract Tower,4,4,10,0,18,0,4,45,1,50,4,8,55,1,68,14,0,14,82
09/06/2021,SMX,CA,AWP,WE,Federal Contract Tower,2,3,7,1,13,0,7,46,0,53,2,10,53,1,66,2,0,2,68
09/07/2021,SMX,CA,AWP,WE,Federal Contract Tower,0,8,11,0,19,0,6,40,0,46,0,14,51,0,65,40,0,40,105
09/08/2021,SMX,CA,AWP,WE,Federal Contract Tower,3,15,12,1,31,0,8,43,2,53,3,23,55,3,84,14,0,14,98
09/09/2021,SMX,CA,AWP,WE,Federal Contract Tower,3,12,15,0,30,0,5,39,0,44,3,17,54,0,74,28,0,28,102
09/10/2021,SMX,CA,AWP,WE,Federal Contract Tower,1,17,26,0,44,0,7,47,12,66,1,24,73,12,110,64,12,76,186
09/11/2021,SMX,CA,AWP,WE,Federal Contract Tower,0,5,19,0,24,0,5,55,0,60,0,10,74,0,84,56,6,62,146
09/12/2021,SMX,CA,AWP,WE,Federal Contract Tower,2,0,31,0,33,0,4,32,0,36,2,4,63,0,69,18,0,18,87
09/13/2021,SMX,CA,AWP,WE,Federal Contract Tower,0,6,13,3,22,0,2,57,0,59,0,8,70,3,81,16,2,18,99
09/14/2021,SMX,CA,AWP,WE,Federal Contract Tower,0,12,10,4,26,0,8,46,1,55,0,20,56,5,81,34,10,44,125
09/15/2021,SMX,CA,AWP,WE,Federal Contract Tower,2,20,14,0,36,0,11,25,0,36,2,31,39,0,72,28,0,28,100
09/16/2021,SMX,CA,AWP,WE,Federal Contract Tower,3,14,21,0,38,0,2,27,0,29,3,16,48,0,67,38,0,38,105
09/17/2021,SMX,CA,AWP,WE,Federal Contract Tower,4,11,12,0,27,0,4,39,0,43,4,15,51,0,70,28,0,28,98
09/18/2021,SMX,CA,AWP,WE,Federal Contract Tower,0,3,12,0,15,0,8,41,0,49,0,11,53,0,64,40,0,40,104
09/19/2021,SMX,CA,AWP,WE,Federal Contract Tower,2,1,23,0,26,0,2,50,0,52,2,3,73,0,78,20,0,20,98
09/20/2021,SMX,CA,AWP,WE,Federal Contract Tower,0,8,12,0,20,0,6,29,0,35,0,14,41,0,55,20,0,20,75
09/21/2021,SMX,CA,AWP,WE,Federal Contract Tower,0,12,10,0,22,0,14,52,0,66,0,26,62,0,88,48,0,48,136
09/22/2021,SMX,CA,AWP,WE,Federal Contract Tower,2,11,20,1,34,0,7,29,2,38,2,18,49,3,72,11,8,19,91
09/23/2021,SMX,CA,AWP,WE,Federal Contract Tower,1,10,17,0,28,0,1,30,0,31,1,11,47,0,59,6,0,6,65
09/24/2021,SMX,CA,AWP,WE,Federal Contract Tower,2,11,20,0,33,0,7,34,0,41,2,18,54,0,74,8,0,8,82
09/25/2021,SMX,CA,AWP,WE,Federal Contract Tower,2,4,8,0,14,0,6,28,0,34,2,10,36,0,48,18,0,18,66
09/26/2021,SMX,CA,AWP,WE,Federal Contract Tower,2,0,26,0,28,0,5,11,0,16,2,5,37,0,44,6,0,6,50
09/27/2021,SMX,CA,AWP,WE,Federal Contract Tower,0,10,22,0,32,0,1,10,0,11,0,11,32,0,43,2,0,2,45
09/28/2021,SMX,CA,AWP,WE,Federal Contract Tower,0,20,8,0,28,0,2,25,0,27,0,22,33,0,55,64,0,64,119
09/29/2021,SMX,CA,AWP,WE,Federal Contract Tower,4,13,5,2,24,0,13,48,0,61,4,26,53,2,85,16,0,16,101
09/30/2021,SMX,CA,AWP,WE,Federal Contract Tower,3,14,3,0,20,0,9,48,0,57,3,23,51,0,77,22,0,22,99
10/01/2021,SMX,CA,AWP,WE,Federal Contract Tower,2,10,11,0,23,0,13,41,0,54,2,23,52,0,77,48,0,48,125
10/02/2021,SMX,CA,AWP,WE,Federal Contract Tower,0,3,4,0,7,0,6,38,0,44,0,9,42,0,51,20,0,20,71
10/03/2021,SMX,CA,AWP,WE,Federal Contract Tower,4,2,7,1,14,0,5,71,2,78,4,7,78,3,92,40,2,42,134
10/04/2021,SMX,CA,AWP,WE,Federal Contract Tower,0,6,11,0,17,0,12,48,0,60,0,18,59,0,77,10,0,10,87
10/05/2021,SMX,CA,AWP,WE,Federal Contract Tower,0,6,4,0,10,0,15,48,0,63,0,21,52,0,73,42,0,42,115
10/06/2021,SMX,CA,AWP,WE,Federal Contract Tower,2,18,20,0,40,0,3,21,0,24,2,21,41,0,64,32,0,32,96
10/07/2021,SMX,CA,AWP,WE,Federal Contract Tower,4,10,23,0,37,0,5,7,0,12,4,15,30,0,49,0,0,0,49
10/08/2021,SMX,CA,AWP,WE,Federal Contract Tower,2,7,17,0,26,0,9,34,0,43,2,16,51,0,69,30,0,30,99
10/09/2021,SMX,CA,AWP,WE,Federal Contract Tower,0,3,5,0,8,0,13,40,0,53,0,16,45,0,61,12,0,12,73
10/10/2021,SMX,CA,AWP,WE,Federal Contract Tower,4,0,4,0,8,0,3,56,0,59,4,3,60,0,67,40,0,40,107
10/11/2021,SMX,CA,AWP,WE,Federal Contract Tower,0,5,6,0,11,0,2,38,0,40,0,7,44,0,51,6,0,6,57
10/12/2021,SMX,CA,AWP,WE,Federal Contract Tower,0,7,3,0,10,0,9,102,2,113,0,16,105,2,123,8,4,12,135
10/13/2021,SMX,CA,AWP,WE,Federal Contract Tower,2,10,15,3,30,0,14,155,3,172,2,24,170,6,202,8,4,12,214
10/14/2021,SMX,CA,AWP,WE,Federal Contract Tower,2,7,14,0,23,0,14,54,0,68,2,21,68,0,91,26,2,28,119
10/15/2021,SMX,CA,AWP,WE,Federal Contract Tower,1,12,8,0,21,0,2,82,0,84,1,14,90,0,105,34,10,44,149
10/16/2021,SMX,CA,AWP,WE,Federal Contract Tower,0,6,11,0,17,0,4,106,0,110,0,10,117,0,127,14,0,14,141
10/17/2021,SMX,CA,AWP,WE,Federal Contract Tower,3,4,4,1,12,0,6,38,1,45,3,10,42,2,57,2,4,6,63
10/18/2021,SMX,CA,AWP,WE,Federal Contract Tower,0,10,15,1,26,0,4,37,0,41,0,14,52,1,67,6,2,8,75
10/19/2021,SMX,CA,AWP,WE,Federal Contract Tower,0,9,7,0,16,0,14,62,0,76,0,23,69,0,92,22,0,22,114
10/20/2021,SMX,CA,AWP,WE,Federal Contract Tower,2,7,6,2,17,0,2,41,2,45,2,9,47,4,62,20,24,44,106
10/21/2021,SMX,CA,AWP,WE,Federal Contract Tower,6,12,17,1,36,0,3,39,0,42,6,15,56,1,78,8,8,16,94
10/23/2021,SMX,CA,AWP,WE,Federal Contract Tower,0,6,13,0,19,0,8,39,1,48,0,14,52,1,67,30,2,32,99
10/24/2021,SMX,CA,AWP,WE,Federal Contract Tower,2,1,6,2,11,0,11,8,0,19,2,12,14,2,30,4,0,4,34
10/25/2021,SMX,CA,AWP,WE,Federal Contract Tower,0,10,11,0,21,0,5,10,0,15,0,15,21,0,36,0,0,0,36
10/26/2021,SMX,CA,AWP,WE,Federal Contract Tower,0,10,9,2,21,0,17,29,0,46,0,27,38,2,67,30,0,30,97
10/27/2021,SMX,CA,AWP,WE,Federal Contract Tower,2,9,7,1,19,0,12,53,1,66,2,21,60,2,85,34,8,42,127
10/28/2021,SMX,CA,AWP,WE,Federal Contract Tower,4,9,14,0,27,0,1,48,0,49,4,10,62,0,76,14,0,14,90
10/29/2021,SMX,CA,AWP,WE,Federal Contract Tower,0,6,3,0,9,0,7,74,12,93,0,13,77,12,102,8,6,14,116
10/30/2021,SMX,CA,AWP,WE,Federal Contract Tower,2,8,17,0,27,0,0,10,0,10,2,8,27,0,37,16,0,16,53
10/31/2021,SMX,CA,AWP,WE,Federal Contract Tower,4,3,18,0,25,0,5,43,0,48,4,8,61,0,73,8,0,8,81
11/01/2021,SMX,CA,AWP,WE,Federal Contract Tower,0,10,16,0,26,0,10,16,0,26,0,20,32,0,52,8,14,22,74
11/02/2021,SMX,CA,AWP,WE,Federal Contract Tower,0,9,10,4,23,0,12,34,0,46,0,21,44,4,69,18,2,20,89
11/03/2021,SMX,CA,AWP,WE,Federal Contract Tower,2,13,8,0,23,0,4,28,0,32,2,17,36,0,55,20,0,20,75
11/04/2021,SMX,CA,AWP,WE,Federal Contract Tower,4,15,8,2,29,0,5,40,1,46,4,20,48,3,75,16,4,20,95
11/05/2021,SMX,CA,AWP,WE,Federal Contract Tower,0,9,9,0,18,0,6,54,0,60,0,15,63,0,78,22,0,22,100
11/06/2021,SMX,CA,AWP,WE,Federal Contract Tower,0,3,15,0,18,0,2,45,0,47,0,5,60,0,65,18,0,18,83
11/07/2021,SMX,CA,AWP,WE,Federal Contract Tower,1,1,12,0,14,0,4,40,0,44,1,5,52,0,58,6,0,6,64
11/08/2021,SMX,CA,AWP,WE,Federal Contract Tower,0,9,10,4,23,0,16,38,1,55,0,25,48,5,78,16,26,42,120
11/09/2021,SMX,CA,AWP,WE,Federal Contract Tower,0,14,13,0,27,0,0,1,0,1,0,14,14,0,28,10,0,10,38
11/10/2021,SMX,CA,AWP,WE,Federal Contract Tower,2,9,12,1,24,0,12,27,2,41,2,21,39,3,65,32,8,40,105
11/11/2021,SMX,CA,AWP,WE,Federal Contract Tower,4,10,4,0,18,0,7,44,8,59,4,17,48,8,77,8,22,30,107
11/12/2021,SMX,CA,AWP,WE,Federal Contract Tower,1,6,19,0,26,0,5,77,0,82,1,11,96,0,108,24,8,32,140
11/13/2021,SMX,CA,AWP,WE,Federal Contract Tower,1,4,15,1,21,0,4,72,0,76,1,8,87,1,97,64,2,66,163
11/14/2021,SMX,CA,AWP,WE,Federal Contract Tower,2,2,5,0,9,0,4,43,1,48,2,6,48,1,57,20,10,30,87
11/15/2021,SMX,CA,AWP,WE,Federal Contract Tower,0,7,13,2,22,0,5,31,3,39,0,12,44,5,61,34,26,60,121
11/16/2021,SMX,CA,AWP,WE,Federal Contract Tower,0,12,11,0,23,0,2,46,2,50,0,14,57,2,73,14,0,14,87
11/17/2021,SMX,CA,AWP,WE,Federal Contract Tower,0,11,20,0,31,0,2,37,0,39,0,13,57,0,70,50,0,50,120
11/18/2021,SMX,CA,AWP,WE,Federal Contract Tower,4,12,19,1,36,0,0,19,0,19,4,12,38,1,55,14,2,16,71
11/19/2021,SMX,CA,AWP,WE,Federal Contract Tower,1,12,7,4,24,0,0,26,1,27,1,12,33,5,51,14,4,18,69
11/20/2021,SMX,CA,AWP,WE,Federal Contract Tower,0,7,8,0,15,0,1,44,0,45,0,8,52,0,60,44,0,44,104
11/21/2021,SMX,CA,AWP,WE,Federal Contract Tower,4,4,2,0,10,0,4,42,0,46,4,8,44,0,56,18,0,18,74
11/22/2021,SMX,CA,AWP,WE,Federal Contract Tower,2,7,8,2,19,0,6,39,3,48,2,13,47,5,67,8,0,8,75
11/23/2021,SMX,CA,AWP,WE,Federal Contract Tower,4,11,6,0,21,0,9,28,0,37,4,20,34,0,58,32,0,32,90
11/24/2021,SMX,CA,AWP,WE,Federal Contract Tower,2,10,10,1,23,0,10,61,0,71,2,20,71,1,94,13,0,13,107
11/25/2021,SMX,CA,AWP,WE,Federal Contract Tower,0,0,2,0,2,0,4,28,0,32,0,4,30,0,34,4,0,4,38
11/26/2021,SMX,CA,AWP,WE,Federal Contract Tower,0,8,15,0,23,0,1,33,0,34,0,9,48,0,57,42,0,42,99
11/27/2021,SMX,CA,AWP,WE,Federal Contract Tower,4,4,7,0,15,0,7,61,0,68,4,11,68,0,83,24,0,24,107
11/28/2021,SMX,CA,AWP,WE,Federal Contract Tower,2,1,5,0,8,0,10,43,0,53,2,11,48,0,61,0,0,0,61
11/29/2021,SMX,CA,AWP,WE,Federal Contract Tower,2,7,8,2,19,0,6,38,0,44,2,13,46,2,63,2,14,16,79
11/30/2021,SMX,CA,AWP,WE,Federal Contract Tower,0,15,4,0,19,0,10,42,0,52,0,25,46,0,71,16,0,16,87
12/01/2021,SMX,CA,AWP,WE,Federal Contract Tower,0,9,7,0,16,0,3,37,2,42,0,12,44,2,58,10,12,22,80
12/02/2021,SMX,CA,AWP,WE,Federal Contract Tower,0,11,9,0,20,0,8,23,0,31,0,19,32,0,51,28,0,28,79
12/03/2021,SMX,CA,AWP,WE,Federal Contract Tower,2,9,18,0,29,0,2,2,0,4,2,11,20,0,33,2,0,2,35
12/04/2021,SMX,CA,AWP,WE,Federal Contract Tower,0,3,8,0,11,0,1,19,0,20,0,4,27,0,31,22,0,22,53
12/05/2021,SMX,CA,AWP,WE,Federal Contract Tower,0,1,15,0,16,0,2,35,2,39,0,3,50,2,55,24,0,24,79
12/06/2021,SMX,CA,AWP,WE,Federal Contract Tower,0,6,20,1,27,0,9,13,6,28,0,15,33,7,55,42,0,42,97
12/07/2021,SMX,CA,AWP,WE,Federal Contract Tower,0,12,13,0,25,0,2,11,0,13,0,14,24,0,38,18,0,18,56
12/08/2021,SMX,CA,AWP,WE,Federal Contract Tower,0,7,16,2,25,0,8,26,0,34,0,15,42,2,59,10,8,18,77
12/09/2021,SMX,CA,AWP,WE,Federal Contract Tower,0,13,11,0,24,0,2,4,0,6,0,15,15,0,30,14,0,14,44
12/10/2021,SMX,CA,AWP,WE,Federal Contract Tower,0,10,23,2,35,0,6,49,2,57,0,16,72,4,92,38,2,40,132
12/11/2021,SMX,CA,AWP,WE,Federal Contract Tower,0,3,5,2,10,0,4,64,6,74,0,7,69,8,84,6,2,8,92
12/12/2021,SMX,CA,AWP,WE,Federal Contract Tower,0,0,12,4,16,0,7,56,0,63,0,7,68,4,79,24,36,60,139
12/13/2021,SMX,CA,AWP,WE,Federal Contract Tower,0,9,2,0,11,0,5,1,0,6,0,14,3,0,17,0,0,0,17
12/14/2021,SMX,CA,AWP,WE,Federal Contract Tower,0,14,4,0,18,0,1,1,0,2,0,15,5,0,20,0,0,0,20
12/15/2021,SMX,CA,AWP,WE,Federal Contract Tower,0,12,12,0,24,0,10,49,0,59,0,22,61,0,83,34,0,34,117
12/16/2021,SMX,CA,AWP,WE,Federal Contract Tower,2,15,7,0,24,0,0,3,0,3,2,15,10,0,27,13,0,13,40
12/17/2021,SMX,CA,AWP,WE,Federal Contract Tower,0,14,14,1,29,0,6,50,9,65,0,20,64,10,94,18,0,18,112
12/18/2021,SMX,CA,AWP,WE,Federal Contract Tower,0,5,5,0,10,0,4,50,7,61,0,9,55,7,71,20,6,26,97
12/19/2021,SMX,CA,AWP,WE,Federal Contract Tower,4,0,13,2,19,0,0,34,2,36,4,0,47,4,55,10,0,10,65
12/20/2021,SMX,CA,AWP,WE,Federal Contract Tower,0,11,12,1,24,0,2,30,4,36,0,13,42,5,60,20,0,20,80
12/21/2021,SMX,CA,AWP,WE,Federal Contract Tower,0,15,10,0,25,0,5,30,0,35,0,20,40,0,60,18,0,18,78
12/22/2021,SMX,CA,AWP,WE,Federal Contract Tower,2,22,7,0,31,0,8,11,0,19,2,30,18,0,50,4,0,4,54
12/23/2021,SMX,CA,AWP,WE,Federal Contract Tower,2,13,12,0,27,0,0,0,0,0,2,13,12,0,27,0,0,0,27
12/24/2021,SMX,CA,AWP,WE,Federal Contract Tower,3,7,2,0,12,0,4,5,0,9,3,11,7,0,21,3,0,3,24
12/25/2021,SMX,CA,AWP,WE,Federal Contract Tower,0,1,3,0,4,0,0,5,0,5,0,1,8,0,9,0,0,0,9
12/26/2021,SMX,CA,AWP,WE,Federal Contract Tower,2,1,13,0,16,0,0,34,0,34,2,1,47,0,50,8,0,8,58
12/27/2021,SMX,CA,AWP,WE,Federal Contract Tower,0,11,8,2,21,0,2,2,0,4,0,13,10,2,25,0,0,0,25
12/28/2021,SMX,CA,AWP,WE,Federal Contract Tower,0,8,6,0,14,0,5,24,0,29,0,13,30,0,43,2,0,2,45
12/29/2021,SMX,CA,AWP,WE,Federal Contract Tower,2,13,8,0,23,0,2,0,0,2,2,15,8,0,25,0,0,0,25
12/30/2021,SMX,CA,AWP,WE,Federal Contract Tower,0,10,6,0,16,0,4,9,0,13,0,14,15,0,29,0,0,0,29
12/31/2021,SMX,CA,AWP,WE,Federal Contract Tower,2,7,2,0,11,0,4,28,0,32,2,11,30,0,43,14,0,14,57
01/01/2022,SMX,CA,AWP,WE,Federal Contract Tower,0,0,6,0,6,0,0,34,0,34,0,0,40,0,40,7,0,7,47
01/02/2022,SMX,CA,AWP,WE,Federal Contract Tower,4,0,4,0,8,0,9,44,0,53,4,9,48,0,61,24,0,24,85
01/03/2022,SMX,CA,AWP,WE,Federal Contract Tower,0,5,7,0,12,0,6,33,0,39,0,11,40,0,51,8,0,8,59
01/04/2022,SMX,CA,AWP,WE,Federal Contract Tower,0,8,3,0,11,0,8,40,0,48,0,16,43,0,59,8,0,8,67
01/05/2022,SMX,CA,AWP,WE,Federal Contract Tower,0,12,6,0,18,0,10,27,0,37,0,22,33,0,55,17,0,17,72
01/06/2022,SMX,CA,AWP,WE,Federal Contract Tower,2,12,12,0,26,0,6,21,0,27,2,18,33,0,53,25,0,25,78
01/07/2022,SMX,CA,AWP,WE,Federal Contract Tower,2,10,7,0,19,0,1,5,0,6,2,11,12,0,25,12,0,12,37
01/08/2022,SMX,CA,AWP,WE,Federal Contract Tower,0,7,11,0,18,0,0,30,2,32,0,7,41,2,50,20,2,22,72
01/09/2022,SMX,CA,AWP,WE,Federal Contract Tower,2,1,14,0,17,0,3,37,2,42,2,4,51,2,59,38,0,38,97
01/10/2022,SMX,CA,AWP,WE,Federal Contract Tower,0,4,11,0,15,0,6,16,0,22,0,10,27,0,37,6,0,6,43
01/11/2022,SMX,CA,AWP,WE,Federal Contract Tower,0,10,13,0,23,0,11,40,0,51,0,21,53,0,74,16,0,16,90
01/12/2022,SMX,CA,AWP,WE,Federal Contract Tower,0,9,9,0,18,0,7,41,0,48,0,16,50,0,66,18,0,18,84
01/13/2022,SMX,CA,AWP,WE,Federal Contract Tower,2,12,13,0,27,0,10,41,0,51,2,22,54,0,78,14,0,14,92
01/14/2022,SMX,CA,AWP,WE,Federal Contract Tower,4,10,11,0,25,0,10,30,0,40,4,20,41,0,65,14,0,14,79
01/15/2022,SMX,CA,AWP,WE,Federal Contract Tower,0,5,7,0,12,0,9,24,0,33,0,14,31,0,45,10,0,10,55
01/16/2022,SMX,CA,AWP,WE,Federal Contract Tower,2,3,8,0,13,0,6,34,0,40,2,9,42,0,53,2,0,2,55
01/17/2022,SMX,CA,AWP,WE,Federal Contract Tower,2,5,6,0,13,0,6,29,0,35,2,11,35,0,48,2,0,2,50
01/18/2022,SMX,CA,AWP,WE,Federal Contract Tower,0,11,14,0,25,0,4,11,0,15,0,15,25,0,40,8,0,8,48
01/19/2022,SMX,CA,AWP,WE,Federal Contract Tower,0,14,10,2,26,0,10,25,3,38,0,24,35,5,64,8,0,8,72
01/20/2022,SMX,CA,AWP,WE,Federal Contract Tower,0,12,11,0,23,0,5,37,0,42,0,17,48,0,65,52,0,52,117
01/21/2022,SMX,CA,AWP,WE,Federal Contract Tower,2,9,13,1,25,0,7,36,5,48,2,16,49,6,73,36,0,36,109
01/22/2022,SMX,CA,AWP,WE,Federal Contract Tower,0,2,11,0,13,0,4,43,0,47,0,6,54,0,60,82,0,82,142
01/23/2022,SMX,CA,AWP,WE,Federal Contract Tower,2,0,14,0,16,0,5,48,0,53,2,5,62,0,69,22,0,22,91
01/24/2022,SMX,CA,AWP,WE,Federal Contract Tower,0,8,8,0,16,0,6,27,0,33,0,14,35,0,49,84,0,84,133
01/25/2022,SMX,CA,AWP,WE,Federal Contract Tower,0,9,9,2,20,0,9,44,1,54,0,18,53,3,74,40,10,50,124
01/26/2022,SMX,CA,AWP,WE,Federal Contract Tower,0,11,17,2,30,0,5,39,0,44,0,16,56,2,74,52,16,68,142
01/27/2022,SMX,CA,AWP,WE,Federal Contract Tower,2,10,12,2,26,0,5,47,1,53,2,15,59,3,79,33,8,41,120
01/28/2022,SMX,CA,AWP,WE,Federal Contract Tower,2,10,10,2,24,0,10,36,2,48,2,20,46,4,72,28,14,42,114
01/29/2022,SMX,CA,AWP,WE,Federal Contract Tower,0,2,17,0,19,0,6,40,0,46,0,8,57,0,65,52,0,52,117
01/30/2022,SMX,CA,AWP,WE,Federal Contract Tower,2,2,9,0,13,0,6,38,0,44,2,8,47,0,57,30,0,30,87
01/31/2022,SMX,CA,AWP,WE,Federal Contract Tower,0,9,7,0,16,0,2,43,0,45,0,11,50,0,61,22,0,22,83
02/01/2022,SMX,CA,AWP,WE,Federal Contract Tower,0,9,15,0,24,0,13,30,2,45,0,22,45,2,69,12,14,26,95
02/02/2022,SMX,CA,AWP,WE,Federal Contract Tower,0,9,13,1,23,0,14,37,1,52,0,23,50,2,75,48,22,70,145
02/03/2022,SMX,CA,AWP,WE,Federal Contract Tower,0,11,8,0,19,0,6,40,0,46,0,17,48,0,65,72,10,82,147
02/04/2022,SMX,CA,AWP,WE,Federal Contract Tower,0,10,11,0,21,0,6,36,0,42,0,16,47,0,63,20,0,20,83
02/05/2022,SMX,CA,AWP,WE,Federal Contract Tower,0,2,15,2,19,0,7,54,0,61,0,9,69,2,80,70,0,70,150
02/06/2022,SMX,CA,AWP,WE,Federal Contract Tower,0,1,9,0,10,0,3,50,0,53,0,4,59,0,63,10,0,10,73
02/07/2022,SMX,CA,AWP,WE,Federal Contract Tower,0,5,9,0,14,0,9,27,1,37,0,14,36,1,51,30,20,50,101
02/08/2022,SMX,CA,AWP,WE,Federal Contract Tower,0,12,9,0,21,0,6,44,0,50,0,18,53,0,71,52,0,52,123
02/09/2022,SMX,CA,AWP,WE,Federal Contract Tower,0,12,10,0,22,0,8,50,0,58,0,20,60,0,80,46,0,46,126
02/10/2022,SMX,CA,AWP,WE,Federal Contract Tower,0,8,12,0,20,0,7,22,0,29,0,15,34,0,49,40,0,40,89
02/11/2022,SMX,CA,AWP,WE,Federal Contract Tower,0,8,15,1,24,0,5,46,1,52,0,13,61,2,76,22,4,26,102
02/12/2022,SMX,CA,AWP,WE,Federal Contract Tower,0,3,15,0,18,0,9,42,0,51,0,12,57,0,69,16,0,16,85
02/13/2022,SMX,CA,AWP,WE,Federal Contract Tower,0,3,8,0,11,0,9,21,0,30,0,12,29,0,41,48,0,48,89
02/14/2022,SMX,CA,AWP,WE,Federal Contract Tower,0,19,16,1,36,0,10,27,0,37,0,29,43,1,73,42,2,44,117
02/15/2022,SMX,CA,AWP,WE,Federal Contract Tower,0,12,15,0,27,0,15,13,0,28,0,27,28,0,55,18,0,18,73
02/16/2022,SMX,CA,AWP,WE,Federal Contract Tower,0,11,17,1,29,0,13,50,0,63,0,24,67,1,92,48,6,54,146
02/17/2022,SMX,CA,AWP,WE,Federal Contract Tower,0,8,8,2,18,0,10,42,2,54,0,18,50,4,72,28,6,34,106
02/18/2022,SMX,CA,AWP,WE,Federal Contract Tower,2,7,12,0,21,0,10,56,0,66,2,17,68,0,87,6,0,6,93
02/19/2022,SMX,CA,AWP,WE,Federal Contract Tower,0,6,16,0,22,0,8,52,0,60,0,14,68,0,82,26,0,26,108
02/20/2022,SMX,CA,AWP,WE,Federal Contract Tower,0,2,4,0,6,0,2,28,0,30,0,4,32,0,36,40,0,40,76
02/21/2022,SMX,CA,AWP,WE,Federal Contract Tower,0,7,11,0,18,0,8,15,0,23,0,15,26,0,41,19,0,19,60
02/22/2022,SMX,CA,AWP,WE,Federal Contract Tower,0,10,8,0,18,0,8,7,0,15,0,18,15,0,33,0,0,0,33
02/23/2022,SMX,CA,AWP,WE,Federal Contract Tower,0,8,15,4,27,0,11,29,1,41,0,19,44,5,68,18,52,70,138
02/24/2022,SMX,CA,AWP,WE,Federal Contract Tower,2,10,8,0,20,0,7,48,0,55,2,17,56,0,75,50,0,50,125
02/25/2022,SMX,CA,AWP,WE,Federal Contract Tower,0,8,11,0,19,0,3,49,0,52,0,11,60,0,71,32,0,32,103
02/26/2022,SMX,CA,AWP,WE,Federal Contract Tower,0,1,5,0,6,0,4,54,0,58,0,5,59,0,64,50,0,50,114
02/27/2022,SMX,CA,AWP,WE,Federal Contract Tower,0,2,12,0,14,0,7,43,0,50,0,9,55,0,64,12,0,12,76
02/28/2022,SMX,CA,AWP,WE,Federal Contract Tower,2,4,10,0,16,0,12,24,0,36,2,16,34,0,52,16,0,16,68
03/01/2022,SMX,CA,AWP,WE,Federal Contract Tower,0,7,4,0,11,0,9,23,0,32,0,16,27,0,43,16,0,16,59
03/02/2022,SMX,CA,AWP,WE,Federal Contract Tower,0,12,11,4,27,0,18,42,0,60,0,30,53,4,87,74,12,86,173
03/03/2022,SMX,CA,AWP,WE,Federal Contract Tower,2,11,16,1,30,0,10,35,1,46,2,21,51,2,76,18,14,32,108
03/04/2022,SMX,CA,AWP,WE,Federal Contract Tower,0,8,9,3,20,0,15,11,1,27,0,23,20,4,47,0,8,8,55
03/05/2022,SMX,CA,AWP,WE,Federal Contract Tower,0,3,3,1,7,0,2,5,0,7,0,5,8,1,14,10,0,10,24
03/06/2022,SMX,CA,AWP,WE,Federal Contract Tower,2,1,5,0,8,0,4,36,0,40,2,5,41,0,48,30,0,30,78
03/07/2022,SMX,CA,AWP,WE,Federal Contract Tower,0,4,11,0,15,0,18,30,0,48,0,22,41,0,63,12,0,12,75
03/08/2022,SMX,CA,AWP,WE,Federal Contract Tower,0,8,10,2,20,0,7,31,2,40,0,15,41,4,60,12,2,14,74
03/09/2022,SMX,CA,AWP,WE,Federal Contract Tower,0,8,6,0,14,0,8,45,0,53,0,16,51,0,67,40,0,40,107
03/10/2022,SMX,CA,AWP,WE,Federal Contract Tower,2,7,19,0,28,0,6,32,2,40,2,13,51,2,68,18,0,18,86
03/11/2022,SMX,CA,AWP,WE,Federal Contract Tower,0,7,18,0,25,0,10,59,0,69,0,17,77,0,94,24,0,24,118
03/12/2022,SMX,CA,AWP,WE,Federal Contract Tower,0,5,9,0,14,0,2,47,0,49,0,7,56,0,63,38,0,38,101
03/13/2022,SMX,CA,AWP,WE,Federal Contract Tower,2,3,11,0,16,0,5,20,0,25,2,8,31,0,41,10,0,10,51
03/14/2022,SMX,CA,AWP,WE,Federal Contract Tower,0,5,4,0,9,0,20,30,0,50,0,25,34,0,59,22,0,22,81
03/15/2022,SMX,CA,AWP,WE,Federal Contract Tower,0,13,6,3,22,0,5,17,2,24,0,18,23,5,46,6,14,20,66
03/16/2022,SMX,CA,AWP,WE,Federal Contract Tower,2,8,10,2,22,0,14,27,0,41,2,22,37,2,63,18,8,26,89
03/17/2022,SMX,CA,AWP,WE,Federal Contract Tower,0,8,15,0,23,0,8,42,0,50,0,16,57,0,73,34,0,34,107
03/18/2022,SMX,CA,AWP,WE,Federal Contract Tower,0,9,12,0,21,0,12,36,0,48,0,21,48,0,69,60,0,60,129
03/19/2022,SMX,CA,AWP,WE,Federal Contract Tower,0,3,14,0,17,0,0,5,0,5,0,3,19,0,22,4,0,4,26
03/20/2022,SMX,CA,AWP,WE,Federal Contract Tower,2,0,7,0,9,0,3,22,0,25,2,3,29,0,34,6,0,6,40
03/21/2022,SMX,CA,AWP,WE,Federal Contract Tower,0,5,11,1,17,0,11,32,0,43,0,16,43,1,60,26,2,28,88
03/22/2022,SMX,CA,AWP,WE,Federal Contract Tower,0,8,11,1,20,0,8,29,0,37,0,16,40,1,57,48,4,52,109
03/23/2022,SMX,CA,AWP,WE,Federal Contract Tower,2,10,14,0,26,0,3,46,0,49,2,13,60,0,75,32,0,32,107
03/24/2022,SMX,CA,AWP,WE,Federal Contract Tower,0,9,16,0,25,0,1,48,0,49,0,10,64,0,74,30,4,34,108
03/25/2022,SMX,CA,AWP,WE,Federal Contract Tower,0,11,13,0,24,0,6,26,3,35,0,17,39,3,59,0,6,6,65
03/26/2022,SMX,CA,AWP,WE,Federal Contract Tower,0,4,9,0,13,0,6,31,0,37,0,10,40,0,50,60,0,60,110
03/27/2022,SMX,CA,AWP,WE,Federal Contract Tower,2,0,15,0,17,0,11,23,0,34,2,11,38,0,51,10,0,10,61
03/28/2022,SMX,CA,AWP,WE,Federal Contract Tower,0,8,3,0,11,0,10,0,0,10,0,18,3,0,21,2,0,2,23
03/29/2022,SMX,CA,AWP,WE,Federal Contract Tower,0,9,17,0,26,0,6,23,0,29,0,15,40,0,55,4,0,4,59
03/30/2022,SMX,CA,AWP,WE,Federal Contract Tower,0,18,19,1,38,0,4,29,1,34,0,22,48,2,72,22,12,34,106
03/31/2022,SMX,CA,AWP,WE,Federal Contract Tower,0,12,9,0,21,0,7,23,0,30,0,19,32,0,51,4,16,20,71
04/01/2022,SMX,CA,AWP,WE,Federal Contract Tower,0,15,13,0,28,0,4,33,2,39,0,19,46,2,67,28,0,28,95
04/02/2022,SMX,CA,AWP,WE,Federal Contract Tower,0,7,13,0,20,0,2,10,0,12,0,9,23,0,32,12,0,12,44
04/03/2022,SMX,CA,AWP,WE,Federal Contract Tower,2,8,25,0,35,0,2,9,0,11,2,10,34,0,46,6,0,6,52
04/04/2022,SMX,CA,AWP,WE,Federal Contract Tower,0,7,10,1,18,0,7,15,1,23,0,14,25,2,41,16,2,18,59
04/05/2022,SMX,CA,AWP,WE,Federal Contract Tower,0,9,14,0,23,0,10,39,0,49,0,19,53,0,72,40,0,40,112
04/06/2022,SMX,CA,AWP,WE,Federal Contract Tower,0,7,0,2,9,0,9,36,0,45,0,16,36,2,54,0,0,0,54
04/07/2022,SMX,CA,AWP,WE,Federal Contract Tower,2,9,6,0,17,0,11,34,3,48,2,20,40,3,65,14,4,18,83
04/08/2022,SMX,CA,AWP,WE,Federal Contract Tower,2,6,11,0,19,0,5,40,0,45,2,11,51,0,64,54,0,54,118
04/09/2022,SMX,CA,AWP,WE,Federal Contract Tower,0,3,9,0,12,0,2,42,0,44,0,5,51,0,56,28,0,28,84
04/10/2022,SMX,CA,AWP,WE,Federal Contract Tower,2,1,8,0,11,0,4,42,0,46,2,5,50,0,57,8,6,14,71
04/11/2022,SMX,CA,AWP,WE,Federal Contract Tower,0,7,9,2,18,0,9,9,0,18,0,16,18,2,36,2,4,6,42
04/12/2022,SMX,CA,AWP,WE,Federal Contract Tower,0,8,5,1,14,0,3,22,1,26,0,11,27,2,40,22,4,26,66
04/13/2022,SMX,CA,AWP,WE,Federal Contract Tower,2,8,12,4,26,0,9,28,2,39,2,17,40,6,65,30,14,44,109
04/14/2022,SMX,CA,AWP,WE,Federal Contract Tower,0,10,5,2,17,0,14,35,5,54,0,24,40,7,71,8,36,44,115
04/15/2022,SMX,CA,AWP,WE,Federal Contract Tower,0,7,11,1,19,0,15,34,0,49,0,22,45,1,68,28,2,30,98
04/16/2022,SMX,CA,AWP,WE,Federal Contract Tower,0,2,12,0,14,0,8,4,0,12,0,10,16,0,26,2,0,2,28
04/17/2022,SMX,CA,AWP,WE,Federal Contract Tower,2,1,8,0,11,0,7,19,0,26,2,8,27,0,37,10,0,10,47
04/18/2022,SMX,CA,AWP,WE,Federal Contract Tower,0,10,8,0,18,0,3,22,0,25,0,13,30,0,43,4,0,4,47
04/19/2022,SMX,CA,AWP,WE,Federal Contract Tower,0,15,12,3,30,0,16,20,1,37,0,31,32,4,67,36,18,54,121
04/20/2022,SMX,CA,AWP,WE,Federal Contract Tower,2,7,16,0,25,0,13,37,0,50,2,20,53,0,75,24,0,24,99
04/21/2022,SMX,CA,AWP,WE,Federal Contract Tower,2,11,14,0,27,0,5,9,0,14,2,16,23,0,41,0,0,0,41
04/22/2022,SMX,CA,AWP,WE,Federal Contract Tower,0,5,9,0,14,0,5,14,5,24,0,10,23,5,38,12,8,20,58
04/23/2022,SMX,CA,AWP,WE,Federal Contract Tower,0,2,11,3,16,0,0,30,8,38,0,2,41,11,54,18,20,38,92
04/24/2022,SMX,CA,AWP,WE,Federal Contract Tower,2,1,7,0,10,0,7,62,5,74,2,8,69,5,84,16,4,20,104
04/25/2022,SMX,CA,AWP,WE,Federal Contract Tower,0,9,6,2,17,0,5,57,4,66,0,14,63,6,83,50,16,66,149
04/26/2022,SMX,CA,AWP,WE,Federal Contract Tower,0,13,9,1,23,0,3,27,1,31,0,16,36,2,54,50,0,50,104
04/27/2022,SMX,CA,AWP,WE,Federal Contract Tower,0,11,11,0,22,0,8,34,0,42,0,19,45,0,64,22,0,22,86
04/28/2022,SMX,CA,AWP,WE,Federal Contract Tower,0,16,24,1,41,0,9,53,0,62,0,25,77,1,103,24,8,32,135
04/29/2022,SMX,CA,AWP,WE,Federal Contract Tower,0,13,12,0,25,0,11,74,0,85,0,24,86,0,110,66,0,66,176
04/30/2022,SMX,CA,AWP,WE,Federal Contract Tower,0,7,24,0,31,0,0,110,0,110,0,7,134,0,141,88,0,88,229
05/01/2022,SMX,CA,AWP,WE,Federal Contract Tower,0,3,18,0,21,0,2,36,0,38,0,5,54,0,59,36,0,36,95
05/02/2022,SMX,CA,AWP,WE,Federal Contract Tower,0,13,13,1,27,0,10,15,1,26,0,23,28,2,53,26,6,32,85
05/03/2022,SMX,CA,AWP,WE,Federal Contract Tower,0,10,11,4,25,0,9,40,0,49,0,19,51,4,74,36,20,56,130
05/04/2022,SMX,CA,AWP,WE,Federal Contract Tower,0,8,14,0,22,0,8,61,0,69,0,16,75,0,91,32,0,32,123
05/05/2022,SMX,CA,AWP,WE,Federal Contract Tower,0,18,16,0,34,0,5,26,2,33,0,23,42,2,67,12,0,12,79
05/06/2022,SMX,CA,AWP,WE,Federal Contract Tower,0,6,11,0,17,0,9,37,1,47,0,15,48,1,64,38,6,44,108
05/07/2022,SMX,CA,AWP,WE,Federal Contract Tower,0,8,14,3,25,0,8,18,0,26,0,16,32,3,51,14,6,20,71
05/08/2022,SMX,CA,AWP,WE,Federal Contract Tower,0,0,2,2,4,0,7,19,6,32,0,7,21,8,36,4,0,4,40
05/09/2022,SMX,CA,AWP,WE,Federal Contract Tower,0,6,14,0,20,0,7,42,0,49,0,13,56,0,69,34,0,34,103
05/10/2022,SMX,CA,AWP,WE,Federal Contract Tower,0,10,5,3,18,0,10,30,0,40,0,20,35,3,58,20,4,24,82
05/11/2022,SMX,CA,AWP,WE,Federal Contract Tower,0,9,9,1,19,0,9,55,1,65,0,18,64,2,84,16,4,20,104
05/12/2022,SMX,CA,AWP,WE,Federal Contract Tower,0,8,8,2,18,0,5,46,0,51,0,13,54,2,69,26,2,28,97
05/13/2022,SMX,CA,AWP,WE,Federal Contract Tower,0,7,3,2,12,0,9,44,10,63,0,16,47,12,75,2,10,12,87
05/14/2022,SMX,CA,AWP,WE,Federal Contract Tower,2,6,14,0,22,0,2,69,0,71,2,8,83,0,93,14,0,14,107
05/15/2022,SMX,CA,AWP,WE,Federal Contract Tower,0,0,11,0,11,0,0,31,0,31,0,0,42,0,42,18,0,18,60
05/16/2022,SMX,CA,AWP,WE,Federal Contract Tower,0,7,9,0,16,0,8,14,0,22,0,15,23,0,38,22,0,22,60
05/17/2022,SMX,CA,AWP,WE,Federal Contract Tower,0,13,15,1,29,0,7,22,1,30,0,20,37,2,59,22,8,30,89
05/18/2022,SMX,CA,AWP,WE,Federal Contract Tower,0,12,7,2,21,0,10,44,2,56,0,22,51,4,77,12,4,16,93
05/19/2022,SMX,CA,AWP,WE,Federal Contract Tower,0,11,6,4,21,0,6,28,0,34,0,17,34,4,55,44,8,52,107
05/20/2022,SMX,CA,AWP,WE,Federal Contract Tower,2,14,10,2,28,0,8,20,1,29,2,22,30,3,57,16,14,30,87
05/21/2022,SMX,CA,AWP,WE,Federal Contract Tower,0,4,11,0,15,0,8,46,0,54,0,12,57,0,69,54,0,54,123
05/22/2022,SMX,CA,AWP,WE,Federal Contract Tower,2,2,9,0,13,0,7,52,0,59,2,9,61,0,72,18,0,18,90
05/23/2022,SMX,CA,AWP,WE,Federal Contract Tower,0,5,12,0,17,0,11,48,0,59,0,16,60,0,76,50,0,50,126
05/24/2022,SMX,CA,AWP,WE,Federal Contract Tower,0,12,6,0,18,0,16,57,0,73,0,28,63,0,91,44,2,46,137
05/25/2022,SMX,CA,AWP,WE,Federal Contract Tower,0,13,16,2,31,0,6,39,0,45,0,19,55,2,76,40,12,52,128
05/26/2022,SMX,CA,AWP,WE,Federal Contract Tower,0,16,12,0,28,0,2,14,0,16,0,18,26,0,44,2,0,2,46
05/27/2022,SMX,CA,AWP,WE,Federal Contract Tower,0,11,13,1,25,0,6,21,1,28,0,17,34,2,53,32,8,40,93
05/28/2022,SMX,CA,AWP,WE,Federal Contract Tower,0,3,12,1,16,0,11,17,1,29,0,14,29,2,45,8,2,10,55
05/29/2022,SMX,CA,AWP,WE,Federal Contract Tower,2,0,8,0,10,0,5,22,3,30,2,5,30,3,40,0,0,0,40
05/30/2022,SMX,CA,AWP,WE,Federal Contract Tower,0,0,21,0,21,0,4,41,0,45,0,4,62,0,66,10,0,10,76
05/31/2022,SMX,CA,AWP,WE,Federal Contract Tower,0,11,6,2,19,0,12,39,0,51,0,23,45,2,70,28,4,32,102
06/01/2022,SMX,CA,AWP,WE,Federal Contract Tower,0,12,18,0,30,0,14,54,2,70,0,26,72,2,100,30,0,30,130
06/02/2022,SMX,CA,AWP,WE,Federal Contract Tower,0,9,12,0,21,0,8,41,0,49,0,17,53,0,70,42,0,42,112
06/03/2022,SMX,CA,AWP,WE,Federal Contract Tower,0,11,16,1,28,0,5,37,1,43,0,16,53,2,71,16,0,16,87
06/04/2022,SMX,CA,AWP,WE,Federal Contract Tower,0,4,16,0,20,0,5,15,0,20,0,9,31,0,40,20,0,20,60
06/05/2022,SMX,CA,AWP,WE,Federal Contract Tower,2,0,9,0,11,0,1,48,0,49,2,1,57,0,60,22,0,22,82
06/06/2022,SMX,CA,AWP,WE,Federal Contract Tower,0,7,12,2,21,0,7,26,0,33,0,14,38,2,54,10,4,14,68
06/07/2022,SMX,CA,AWP,WE,Federal Contract Tower,0,16,21,0,37,0,7,27,2,36,0,23,48,2,73,12,10,22,95
06/08/2022,SMX,CA,AWP,WE,Federal Contract Tower,0,11,10,1,22,0,15,33,0,48,0,26,43,1,70,12,2,14,84
06/09/2022,SMX,CA,AWP,WE,Federal Contract Tower,0,12,14,4,30,0,6,38,1,45,0,18,52,5,75,28,10,38,113
06/10/2022,SMX,CA,AWP,WE,Federal Contract Tower,0,9,11,2,22,0,3,34,0,37,0,12,45,2,59,30,0,30,89
06/11/2022,SMX,CA,AWP,WE,Federal Contract Tower,0,2,16,0,18,0,8,57,0,65,0,10,73,0,83,82,0,82,165
06/12/2022,SMX,CA,AWP,WE,Federal Contract Tower,2,1,18,0,21,0,2,27,0,29,2,3,45,0,50,6,0,6,56
06/13/2022,SMX,CA,AWP,WE,Federal Contract Tower,0,12,10,0,22,0,11,25,0,36,0,23,35,0,58,12,0,12,70
06/14/2022,SMX,CA,AWP,WE,Federal Contract Tower,0,11,9,9,29,0,11,41,4,56,0,22,50,13,85,10,34,44,129
06/15/2022,SMX,CA,AWP,WE,Federal Contract Tower,0,8,16,2,26,0,8,58,3,69,0,16,74,5,95,40,4,44,139
06/16/2022,SMX,CA,AWP,WE,Federal Contract Tower,0,10,12,0,22,0,8,47,1,56,0,18,59,1,78,60,10,70,148
06/17/2022,SMX,CA,AWP,WE,Federal Contract Tower,0,6,10,5,21,0,5,43,0,48,0,11,53,5,69,14,2,16,85
06/18/2022,SMX,CA,AWP,WE,Federal Contract Tower,0,2,10,0,12,0,10,42,0,52,0,12,52,0,64,68,0,68,132
06/19/2022,SMX,CA,AWP,WE,Federal Contract Tower,0,0,10,0,10,0,9,44,0,53,0,9,54,0,63,26,0,26,89
06/20/2022,SMX,CA,AWP,WE,Federal Contract Tower,0,8,16,0,24,0,7,46,0,53,0,15,62,0,77,64,0,64,141
06/21/2022,SMX,CA,AWP,WE,Federal Contract Tower,0,9,8,4,21,0,7,39,2,48,0,16,47,6,69,44,2,46,115
06/22/2022,SMX,CA,AWP,WE,Federal Contract Tower,0,8,9,5,22,0,8,15,1,24,0,16,24,6,46,46,34,80,126
06/23/2022,SMX,CA,AWP,WE,Federal Contract Tower,0,9,9,2,20,0,5,58,0,63,0,14,67,2,83,64,10,74,157
06/24/2022,SMX,CA,AWP,WE,Federal Contract Tower,0,6,4,1,11,0,6,54,2,62,0,12,58,3,73,46,0,46,119
06/25/2022,SMX,CA,AWP,WE,Federal Contract Tower,0,5,11,1,17,0,0,36,0,36,0,5,47,1,53,16,0,16,69
06/26/2022,SMX,CA,AWP,WE,Federal Contract Tower,0,1,14,0,15,0,9,42,0,51,0,10,56,0,66,62,0,62,128
06/27/2022,SMX,CA,AWP,WE,Federal Contract Tower,1,10,12,5,28,0,14,43,0,57,1,24,55,5,85,20,34,54,139
06/28/2022,SMX,CA,AWP,WE,Federal Contract Tower,1,12,14,1,28,0,7,132,2,141,1,19,146,3,169,10,8,18,187
06/29/2022,SMX,CA,AWP,WE,Federal Contract Tower,0,8,8,3,19,0,10,40,0,50,0,18,48,3,69,42,6,48,117
06/30/2022,SMX,CA,AWP,WE,Federal Contract Tower,0,3,12,0,15,0,3,21,0,24,0,6,33,0,39,20,0,20,59
07/01/2022,SMX,CA,AWP,WE,Federal Contract Tower,0,12,14,0,26,0,4,30,0,34,0,16,44,0,60,14,0,14,74
07/02/2022,SMX,CA,AWP,WE,Federal Contract Tower,0,5,5,0,10,0,3,18,0,21,0,8,23,0,31,10,0,10,41
07/03/2022,SMX,CA,AWP,WE,Federal Contract Tower,0,3,11,0,14,0,6,24,0,30,0,9,35,0,44,10,0,10,54
07/04/2022,SMX,CA,AWP,WE,Federal Contract Tower,0,1,5,0,6,0,4,19,0,23,0,5,24,0,29,12,0,12,41
07/05/2022,SMX,CA,AWP,WE,Federal Contract Tower,0,7,13,0,20,0,0,25,0,25,0,7,38,0,45,8,0,8,53
07/06/2022,SMX,CA,AWP,WE,Federal Contract Tower,0,14,14,1,29,0,15,19,1,35,0,29,33,2,64,28,14,42,106
07/07/2022,SMX,CA,AWP,WE,Federal Contract Tower,0,14,17,3,34,0,3,34,1,38,0,17,51,4,72,36,16,52,124
07/08/2022,SMX,CA,AWP,WE,Federal Contract Tower,0,10,9,0,19,0,8,37,0,45,0,18,46,0,64,22,0,22,86
07/09/2022,SMX,CA,AWP,WE,Federal Contract Tower,1,2,9,0,12,0,4,25,0,29,1,6,34,0,41,36,0,36,77
07/10/2022,SMX,CA,AWP,WE,Federal Contract Tower,0,1,18,0,19,0,3,34,0,37,0,4,52,0,56,82,0,82,138
07/11/2022,SMX,CA,AWP,WE,Federal Contract Tower,0,6,5,1,12,0,16,32,0,48,0,22,37,1,60,0,8,8,68
07/12/2022,SMX,CA,AWP,WE,Federal Contract Tower,0,16,5,3,24,0,5,34,0,39,0,21,39,3,63,16,36,52,115
07/13/2022,SMX,CA,AWP,WE,Federal Contract Tower,0,12,10,3,25,0,3,26,0,29,0,15,36,3,54,6,16,22,76
07/14/2022,SMX,CA,AWP,WE,Federal Contract Tower,0,14,11,3,28,0,4,20,0,24,0,18,31,3,52,34,0,34,86
07/15/2022,SMX,CA,AWP,WE,Federal Contract Tower,0,7,2,6,15,0,13,46,0,59,0,20,48,6,74,44,24,68,142
07/16/2022,SMX,CA,AWP,WE,Federal Contract Tower,0,3,13,0,16,0,3,31,0,34,0,6,44,0,50,70,0,70,120
07/17/2022,SMX,CA,AWP,WE,Federal Contract Tower,0,0,6,0,6,0,0,22,0,22,0,0,28,0,28,18,0,18,46
07/18/2022,SMX,CA,AWP,WE,Federal Contract Tower,0,9,4,3,16,0,4,29,0,33,0,13,33,3,49,0,12,12,61
07/19/2022,SMX,CA,AWP,WE,Federal Contract Tower,0,12,9,0,21,0,8,30,1,39,0,20,39,1,60,46,16,62,122
07/20/2022,SMX,CA,AWP,WE,Federal Contract Tower,0,13,5,7,25,0,6,40,0,46,0,19,45,7,71,40,24,64,135
07/21/2022,SMX,CA,AWP,WE,Federal Contract Tower,0,15,15,6,36,0,16,50,4,70,0,31,65,10,106,26,26,52,158
07/22/2022,SMX,CA,AWP,WE,Federal Contract Tower,0,8,16,1,25,0,8,51,0,59,0,16,67,1,84,28,10,38,122
07/23/2022,SMX,CA,AWP,WE,Federal Contract Tower,0,3,13,0,16,0,8,30,0,38,0,11,43,0,54,56,0,56,110
07/24/2022,SMX,CA,AWP,WE,Federal Contract Tower,0,4,12,0,16,0,0,31,0,31,0,4,43,0,47,18,0,18,65
07/25/2022,SMX,CA,AWP,WE,Federal Contract Tower,0,16,9,1,26,0,4,13,2,19,0,20,22,3,45,8,8,16,61
07/26/2022,SMX,CA,AWP,WE,Federal Contract Tower,0,15,5,1,21,0,4,20,0,24,0,19,25,1,45,10,16,26,71
07/27/2022,SMX,CA,AWP,WE,Federal Contract Tower,0,14,15,8,37,0,3,30,0,33,0,17,45,8,70,28,18,46,116
07/28/2022,SMX,CA,AWP,WE,Federal Contract Tower,0,10,10,1,21,0,3,29,0,32,0,13,39,1,53,16,6,22,75
07/29/2022,SMX,CA,AWP,WE,Federal Contract Tower,0,7,9,2,18,0,8,37,0,45,0,15,46,2,63,34,8,42,105
07/30/2022,SMX,CA,AWP,WE,Federal Contract Tower,0,2,7,0,9,0,7,31,0,38,0,9,38,0,47,12,0,12,59
07/31/2022,SMX,CA,AWP,WE,Federal Contract Tower,0,2,9,2,13,0,8,44,0,52,0,10,53,2,65,26,0,26,91
08/01/2022,SMX,CA,AWP,WE,Federal Contract Tower,0,5,9,0,14,0,6,13,4,23,0,11,22,4,37,28,0,28,65
08/02/2022,SMX,CA,AWP,WE,Federal Contract Tower,0,11,12,1,24,0,9,26,0,35,0,20,38,1,59,24,2,26,85
08/03/2022,SMX,CA,AWP,WE,Federal Contract Tower,0,19,7,1,27,0,7,27,1,35,0,26,34,2,62,34,2,36,98
08/04/2022,SMX,CA,AWP,WE,Federal Contract Tower,0,11,13,1,25,0,5,33,1,39,0,16,46,2,64,16,10,26,90
08/05/2022,SMX,CA,AWP,WE,Federal Contract Tower,0,10,6,1,17,0,8,19,3,30,0,18,25,4,47,36,12,48,95
08/06/2022,SMX,CA,AWP,WE,Federal Contract Tower,0,4,16,0,20,0,4,23,4,31,0,8,39,4,51,38,0,38,89
08/07/2022,SMX,CA,AWP,WE,Federal Contract Tower,0,6,8,0,14,0,1,35,0,36,0,7,43,0,50,40,0,40,90
08/08/2022,SMX,CA,AWP,WE,Federal Contract Tower,1,4,11,0,16,0,8,32,0,40,1,12,43,0,56,22,0,22,78
08/09/2022,SMX,CA,AWP,WE,Federal Contract Tower,0,15,13,4,32,0,1,30,0,31,0,16,43,4,63,58,10,68,131
08/10/2022,SMX,CA,AWP,WE,Federal Contract Tower,0,14,14,2,30,0,9,39,0,48,0,23,53,2,78,30,20,50,128
08/11/2022,SMX,CA,AWP,WE,Federal Contract Tower,0,10,11,0,21,0,3,24,3,30,0,13,35,3,51,28,10,38,89
08/12/2022,SMX,CA,AWP,WE,Federal Contract Tower,0,11,12,0,23,0,6,36,2,44,0,17,48,2,67,28,2,30,97
08/13/2022,SMX,CA,AWP,WE,Federal Contract Tower,0,2,5,1,8,0,8,31,12,51,0,10,36,13,59,30,74,104,163
08/14/2022,SMX,CA,AWP,WE,Federal Contract Tower,0,1,15,0,16,0,5,32,8,45,0,6,47,8,61,32,2,34,95
08/15/2022,SMX,CA,AWP,WE,Federal Contract Tower,0,8,14,3,25,0,12,42,8,62,0,20,56,11,87,26,38,64,151
08/16/2022,SMX,CA,AWP,WE,Federal Contract Tower,0,11,8,2,21,0,4,39,4,47,0,15,47,6,68,52,6,58,126
08/17/2022,SMX,CA,AWP,WE,Federal Contract Tower,0,11,10,1,22,0,17,35,0,52,0,28,45,1,74,38,14,52,126
08/18/2022,SMX,CA,AWP,WE,Federal Contract Tower,0,12,19,2,33,0,2,28,2,32,0,14,47,4,65,22,26,48,113
08/19/2022,SMX,CA,AWP,WE,Federal Contract Tower,2,7,17,1,27,0,6,41,0,47,2,13,58,1,74,24,2,26,100
08/20/2022,SMX,CA,AWP,WE,Federal Contract Tower,0,3,15,0,18,0,5,58,0,63,0,8,73,0,81,14,0,14,95
08/21/2022,SMX,CA,AWP,WE,Federal Contract Tower,2,1,16,4,23,0,4,7,0,11,2,5,23,4,34,34,0,34,68
08/22/2022,SMX,CA,AWP,WE,Federal Contract Tower,0,4,15,2,21,0,7,34,6,47,0,11,49,8,68,28,4,32,100
08/23/2022,SMX,CA,AWP,WE,Federal Contract Tower,0,15,10,2,27,0,2,33,8,43,0,17,43,10,70,56,0,56,126
08/24/2022,SMX,CA,AWP,WE,Federal Contract Tower,0,12,15,5,32,0,3,43,3,49,0,15,58,8,81,32,2,34,115
08/25/2022,SMX,CA,AWP,WE,Federal Contract Tower,0,8,13,3,24,0,3,36,1,40,0,11,49,4,64,34,18,52,116
08/26/2022,SMX,CA,AWP,WE,Federal Contract Tower,2,9,17,0,28,0,8,36,0,44,2,17,53,0,72,40,4,44,116
08/27/2022,SMX,CA,AWP,WE,Federal Contract Tower,0,4,17,6,27,0,3,45,0,48,0,7,62,6,75,28,10,38,113
08/28/2022,SMX,CA,AWP,WE,Federal Contract Tower,2,0,20,2,24,0,5,32,0,37,2,5,52,2,61,18,4,22,83
08/29/2022,SMX,CA,AWP,WE,Federal Contract Tower,0,10,15,0,25,0,6,42,4,52,0,16,57,4,77,28,0,28,105
08/30/2022,SMX,CA,AWP,WE,Federal Contract Tower,0,10,3,2,15,0,11,44,7,62,0,21,47,9,77,66,2,68,145
08/31/2022,SMX,CA,AWP,WE,Federal Contract Tower,0,8,16,3,27,0,16,39,4,59,0,24,55,7,86,24,6,30,116
09/01/2022,SMX,CA,AWP,WE,Federal Contract Tower,0,8,17,0,25,0,7,40,0,47,0,15,57,0,72,46,0,46,118
09/02/2022,SMX,CA,AWP,WE,Federal Contract Tower,2,7,17,2,28,0,8,30,2,40,2,15,47,4,68,106,4,110,178
09/03/2022,SMX,CA,AWP,WE,Federal Contract Tower,0,1,13,0,14,0,5,45,2,52,0,6,58,2,66,52,0,52,118
09/04/2022,SMX,CA,AWP,WE,Federal Contract Tower,0,4,17,0,21,0,1,36,0,37,0,5,53,0,58,60,0,60,118
09/05/2022,SMX,CA,AWP,WE,Federal Contract Tower,2,0,17,0,19,0,12,41,0,53,2,12,58,0,72,16,0,16,88
09/06/2022,SMX,CA,AWP,WE,Federal Contract Tower,0,11,7,0,18,0,19,30,0,49,0,30,37,0,67,32,0,32,99
09/07/2022,SMX,CA,AWP,WE,Federal Contract Tower,0,14,16,2,32,0,19,51,2,72,0,33,67,4,104,60,6,66,170
09/08/2022,SMX,CA,AWP,WE,Federal Contract Tower,0,10,9,4,23,0,7,31,0,38,0,17,40,4,61,2,28,30,91
09/09/2022,SMX,CA,AWP,WE,Federal Contract Tower,2,11,12,2,27,0,15,36,0,51,2,26,48,2,78,20,6,26,104
09/10/2022,SMX,CA,AWP,WE,Federal Contract Tower,0,5,10,2,17,0,4,20,0,24,0,9,30,2,41,14,4,18,59
09/11/2022,SMX,CA,AWP,WE,Federal Contract Tower,2,0,13,0,15,0,11,22,4,37,2,11,35,4,52,14,0,14,66
09/12/2022,SMX,CA,AWP,WE,Federal Contract Tower,0,7,8,3,18,0,15,26,4,45,0,22,34,7,63,6,14,20,83
09/13/2022,SMX,CA,AWP,WE,Federal Contract Tower,0,13,10,3,26,0,10,26,1,37,0,23,36,4,63,40,4,44,107
09/14/2022,SMX,CA,AWP,WE,Federal Contract Tower,0,11,11,0,22,0,11,27,0,38,0,22,38,0,60,10,0,10,70
09/15/2022,SMX,CA,AWP,WE,Federal Contract Tower,0,12,16,0,28,0,0,22,0,22,0,12,38,0,50,42,0,42,92
09/16/2022,SMX,CA,AWP,WE,Federal Contract Tower,2,12,10,0,24,0,12,22,0,34,2,24,32,0,58,24,0,24,82
09/17/2022,SMX,CA,AWP,WE,Federal Contract Tower,0,3,9,0,12,0,2,17,2,21,0,5,26,2,33,10,0,10,43
09/18/2022,SMX,CA,AWP,WE,Federal Contract Tower,2,0,9,0,11,0,3,18,0,21,2,3,27,0,32,20,0,20,52
09/19/2022,SMX,CA,AWP,WE,Federal Contract Tower,0,11,16,1,28,0,5,0,0,5,0,16,16,1,33,16,0,16,49
09/20/2022,SMX,CA,AWP,WE,Federal Contract Tower,0,15,17,0,32,0,7,21,0,28,0,22,38,0,60,34,0,34,94
09/21/2022,SMX,CA,AWP,WE,Federal Contract Tower,0,13,9,0,22,0,7,30,3,40,0,20,39,3,62,44,2,46,108
09/22/2022,SMX,CA,AWP,WE,Federal Contract Tower,0,12,13,3,28,0,8,33,1,42,0,20,46,4,70,28,12,40,110
09/23/2022,SMX,CA,AWP,WE,Federal Contract Tower,2,11,13,0,26,0,7,41,0,48,2,18,54,0,74,90,0,90,164
09/24/2022,SMX,CA,AWP,WE,Federal Contract Tower,0,4,14,0,18,0,14,33,4,51,0,18,47,4,69,30,0,30,99
09/25/2022,SMX,CA,AWP,WE,Federal Contract Tower,3,6,15,0,24,0,14,21,4,39,3,20,36,4,63,22,0,22,85
09/26/2022,SMX,CA,AWP,WE,Federal Contract Tower,0,8,12,11,31,0,3,25,0,28,0,11,37,11,59,12,0,12,71
09/27/2022,SMX,CA,AWP,WE,Federal Contract Tower,0,10,13,4,27,0,4,27,8,39,0,14,40,12,66,22,0,22,88
09/28/2022,SMX,CA,AWP,WE,Federal Contract Tower,0,10,10,5,25,0,11,29,12,52,0,21,39,17,77,12,0,12,89
09/29/2022,SMX,CA,AWP,WE,Federal Contract Tower,0,12,16,7,35,0,8,23,11,42,0,20,39,18,77,0,0,0,77
09/30/2022,SMX,CA,AWP,WE,Federal Contract Tower,2,11,20,11,44,0,14,26,16,56,2,25,46,27,100,4,0,4,104
10/01/2022,SMX,CA,AWP,WE,Federal Contract Tower,0,3,14,5,22,0,8,7,0,15,0,11,21,5,37,40,0,40,77
10/02/2022,SMX,CA,AWP,WE,Federal Contract Tower,2,4,10,0,16,0,7,28,2,37,2,11,38,2,53,4,2,6,59
10/03/2022,SMX,CA,AWP,WE,Federal Contract Tower,0,8,12,2,22,0,9,28,0,37,0,17,40,2,59,22,4,26,85
10/04/2022,SMX,CA,AWP,WE,Federal Contract Tower,0,16,5,0,21,0,10,30,0,40,0,26,35,0,61,44,0,44,105
10/05/2022,SMX,CA,AWP,WE,Federal Contract Tower,0,9,6,3,18,0,5,31,1,37,0,14,37,4,55,32,6,38,93
10/06/2022,SMX,CA,AWP,WE,Federal Contract Tower,0,9,18,5,32,0,9,22,0,31,0,18,40,5,63,44,12,56,119
10/07/2022,SMX,CA,AWP,WE,Federal Contract Tower,0,9,9,0,18,0,12,18,0,30,0,21,27,0,48,16,0,16,64
10/08/2022,SMX,CA,AWP,WE,Federal Contract Tower,1,3,16,0,20,0,12,29,0,41,1,15,45,0,61,40,0,40,101
10/09/2022,SMX,CA,AWP,WE,Federal Contract Tower,2,4,25,0,31,0,0,27,0,27,2,4,52,0,58,28,0,28,86
10/10/2022,SMX,CA,AWP,WE,Federal Contract Tower,0,13,18,0,31,0,1,13,0,14,0,14,31,0,45,28,0,28,73
10/11/2022,SMX,CA,AWP,WE,Federal Contract Tower,0,16,9,0,25,0,1,1,0,2,0,17,10,0,27,0,0,0,27
10/12/2022,SMX,CA,AWP,WE,Federal Contract Tower,0,19,22,2,43,0,5,18,0,23,0,24,40,2,66,14,0,14,80
10/13/2022,SMX,CA,AWP,WE,Federal Contract Tower,0,13,22,1,36,0,2,62,3,67,0,15,84,4,103,18,8,26,129
10/14/2022,SMX,CA,AWP,WE,Federal Contract Tower,0,15,12,8,35,0,0,6,2,8,0,15,18,10,43,4,0,4,47
10/15/2022,SMX,CA,AWP,WE,Federal Contract Tower,0,6,6,2,14,0,1,8,2,11,0,7,14,4,25,8,2,10,35
10/16/2022,SMX,CA,AWP,WE,Federal Contract Tower,2,3,4,0,9,0,0,45,1,46,2,3,49,1,55,4,0,4,59
10/17/2022,SMX,CA,AWP,WE,Federal Contract Tower,0,4,15,12,31,0,4,49,6,59,0,8,64,18,90,32,2,34,124
10/18/2022,SMX,CA,AWP,WE,Federal Contract Tower,0,7,8,0,15,0,7,40,0,47,0,14,48,0,62,56,0,56,118
10/19/2022,SMX,CA,AWP,WE,Federal Contract Tower,0,8,1,3,12,0,8,37,3,48,0,16,38,6,60,30,10,40,100
10/20/2022,SMX,CA,AWP,WE,Federal Contract Tower,0,5,17,3,25,0,6,37,0,43,0,11,54,3,68,58,6,64,132
10/21/2022,SMX,CA,AWP,WE,Federal Contract Tower,0,15,9,4,28,0,7,25,5,37,0,22,34,9,65,68,12,80,145
10/22/2022,SMX,CA,AWP,WE,Federal Contract Tower,0,2,9,5,16,0,3,15,0,18,0,5,24,5,34,6,0,6,40
10/23/2022,SMX,CA,AWP,WE,Federal Contract Tower,0,1,11,2,14,0,7,39,2,48,0,8,50,4,62,36,0,36,98
10/24/2022,SMX,CA,AWP,WE,Federal Contract Tower,0,5,4,2,11,0,14,23,0,37,0,19,27,2,48,28,10,38,86
10/25/2022,SMX,CA,AWP,WE,Federal Contract Tower,0,16,7,3,26,0,10,50,0,60,0,26,57,3,86,42,2,44,130
10/26/2022,SMX,CA,AWP,WE,Federal Contract Tower,0,20,14,6,40,0,10,24,0,34,0,30,38,6,74,36,0,36,110
10/27/2022,SMX,CA,AWP,WE,Federal Contract Tower,0,8,6,0,14,0,10,29,2,41,0,18,35,2,55,56,0,56,111
10/28/2022,SMX,CA,AWP,WE,Federal Contract Tower,2,6,17,1,26,0,6,38,1,45,2,12,55,2,71,16,10,26,97
10/29/2022,SMX,CA,AWP,WE,Federal Contract Tower,0,5,6,0,11,0,3,24,0,27,0,8,30,0,38,28,0,28,66
10/30/2022,SMX,CA,AWP,WE,Federal Contract Tower,2,0,11,1,14,0,11,25,3,39,2,11,36,4,53,26,2,28,81
10/31/2022,SMX,CA,AWP,WE,Federal Contract Tower,2,6,16,5,29,0,8,21,5,34,2,14,37,10,63,26,0,26,89
11/01/2022,SMX,CA,AWP,WE,Federal Contract Tower,0,10,13,8,31,0,7,11,9,27,0,17,24,17,58,2,0,2,60
11/02/2022,SMX,CA,AWP,WE,Federal Contract Tower,0,13,10,8,31,0,11,32,6,49,0,24,42,14,80,22,8,30,110
11/03/2022,SMX,CA,AWP,WE,Federal Contract Tower,0,11,15,6,32,0,5,33,16,54,0,16,48,22,86,38,12,50,136
11/04/2022,SMX,CA,AWP,WE,Federal Contract Tower,2,7,17,5,31,0,9,47,18,74,2,16,64,23,105,48,0,48,153
11/05/2022,SMX,CA,AWP,WE,Federal Contract Tower,0,3,14,0,17,0,16,55,1,72,0,19,69,1,89,38,2,40,129
11/06/2022,SMX,CA,AWP,WE,Federal Contract Tower,0,4,5,0,9,0,2,11,0,13,0,6,16,0,22,30,2,32,54
11/07/2022,SMX,CA,AWP,WE,Federal Contract Tower,0,10,13,4,27,0,3,6,11,20,0,13,19,15,47,0,0,0,47
11/08/2022,SMX,CA,AWP,WE,Federal Contract Tower,0,7,4,1,12,0,6,0,0,6,0,13,4,1,18,0,2,2,20
11/09/2022,SMX,CA,AWP,WE,Federal Contract Tower,0,9,9,9,27,0,14,32,14,60,0,23,41,23,87,56,8,64,151
11/10/2022,SMX,CA,AWP,WE,Federal Contract Tower,0,9,9,6,24,0,10,32,12,54,0,19,41,18,78,12,6,18,96
11/11/2022,SMX,CA,AWP,WE,Federal Contract Tower,0,8,7,1,16,0,12,49,1,62,0,20,56,2,78,88,4,92,170
11/12/2022,SMX,CA,AWP,WE,Federal Contract Tower,0,2,10,1,13,0,7,37,0,44,0,9,47,1,57,42,0,42,99
11/13/2022,SMX,CA,AWP,WE,Federal Contract Tower,2,1,5,0,8,0,6,39,0,45,2,7,44,0,53,66,2,68,121
11/14/2022,SMX,CA,AWP,WE,Federal Contract Tower,0,6,5,1,12,0,2,37,0,39,0,8,42,1,51,12,0,12,63
11/15/2022,SMX,CA,AWP,WE,Federal Contract Tower,0,14,12,5,31,0,14,35,2,51,0,28,47,7,82,46,18,64,146
11/16/2022,SMX,CA,AWP,WE,Federal Contract Tower,0,12,6,4,22,0,6,21,1,28,0,18,27,5,50,14,46,60,110
11/17/2022,SMX,CA,AWP,WE,Federal Contract Tower,0,11,8,2,21,0,8,34,0,42,0,19,42,2,63,34,28,62,125
11/18/2022,SMX,CA,AWP,WE,Federal Contract Tower,0,12,2,5,19,0,9,34,0,43,0,21,36,5,62,38,6,44,106
11/19/2022,SMX,CA,AWP,WE,Federal Contract Tower,0,5,2,0,7,0,8,47,0,55,0,13,49,0,62,52,0,52,114
11/20/2022,SMX,CA,AWP,WE,Federal Contract Tower,2,0,10,0,12,0,15,58,0,73,2,15,68,0,85,48,0,48,133
11/21/2022,SMX,CA,AWP,WE,Federal Contract Tower,0,5,10,5,20,0,5,39,4,48,0,10,49,9,68,52,14,66,134
11/22/2022,SMX,CA,AWP,WE,Federal Contract Tower,0,8,4,3,15,0,12,30,0,42,0,20,34,3,57,34,18,52,109
11/23/2022,SMX,CA,AWP,WE,Federal Contract Tower,0,8,14,0,22,0,10,37,0,47,0,18,51,0,69,82,0,82,151
11/24/2022,SMX,CA,AWP,WE,Federal Contract Tower,0,0,1,0,1,0,0,11,0,11,0,0,12,0,12,0,0,0,12
11/25/2022,SMX,CA,AWP,WE,Federal Contract Tower,0,8,1,1,10,0,10,33,0,43,0,18,34,1,53,46,0,46,99
11/26/2022,SMX,CA,AWP,WE,Federal Contract Tower,0,1,15,0,16,0,5,22,0,27,0,6,37,0,43,30,0,30,73
11/27/2022,SMX,CA,AWP,WE,Federal Contract Tower,1,6,4,0,11,0,4,42,0,46,1,10,46,0,57,22,0,22,79
11/28/2022,SMX,CA,AWP,WE,Federal Contract Tower,2,11,11,6,30,0,5,19,0,24,2,16,30,6,54,44,6,50,104
11/29/2022,SMX,CA,AWP,WE,Federal Contract Tower,0,12,8,1,21,0,7,24,1,32,0,19,32,2,53,14,2,16,69
11/30/2022,SMX,CA,AWP,WE,Federal Contract Tower,0,19,16,0,35,0,6,19,2,27,0,25,35,2,62,44,0,44,106
12/01/2022,SMX,CA,AWP,WE,Federal Contract Tower,0,16,4,1,21,0,8,5,0,13,0,24,9,1,34,0,0,0,34
12/03/2022,SMX,CA,AWP,WE,Federal Contract Tower,0,6,9,0,15,0,1,3,0,4,0,7,12,0,19,14,0,14,33
12/04/2022,SMX,CA,AWP,WE,Federal Contract Tower,2,1,11,2,16,0,5,18,2,25,2,6,29,4,41,34,0,34,75
12/05/2022,SMX,CA,AWP,WE,Federal Contract Tower,0,6,6,5,17,0,21,32,12,65,0,27,38,17,82,34,14,48,130
12/06/2022,SMX,CA,AWP,WE,Federal Contract Tower,2,12,6,7,27,0,10,25,9,44,2,22,31,16,71,30,0,30,101
12/07/2022,SMX,CA,AWP,WE,Federal Contract Tower,0,10,7,8,25,0,7,49,18,74,0,17,56,26,99,34,8,42,141
12/08/2022,SMX,CA,AWP,WE,Federal Contract Tower,0,13,13,8,34,0,8,45,15,68,0,21,58,23,102,26,8,34,136
12/09/2022,SMX,CA,AWP,WE,Federal Contract Tower,0,14,13,9,36,0,5,67,14,86,0,19,80,23,122,82,4,86,208
12/10/2022,SMX,CA,AWP,WE,Federal Contract Tower,0,6,3,0,9,0,2,8,0,10,0,8,11,0,19,24,2,26,45
12/11/2022,SMX,CA,AWP,WE,Federal Contract Tower,2,0,3,0,5,0,5,6,2,13,2,5,9,2,18,6,2,8,26
12/12/2022,SMX,CA,AWP,WE,Federal Contract Tower,0,5,8,9,22,0,5,22,15,42,0,10,30,24,64,20,2,22,86
12/13/2022,SMX,CA,AWP,WE,Federal Contract Tower,0,12,11,5,28,0,10,51,9,70,0,22,62,14,98,22,0,22,120
12/14/2022,SMX,CA,AWP,WE,Federal Contract Tower,0,14,12,5,31,0,13,60,9,82,0,27,72,14,113,16,12,28,141
12/15/2022,SMX,CA,AWP,WE,Federal Contract Tower,0,14,10,9,33,0,14,32,9,55,0,28,42,18,88,32,6,38,126
12/16/2022,SMX,CA,AWP,WE,Federal Contract Tower,2,9,11,3,25,0,4,40,1,45,2,13,51,4,70,18,0,18,88
12/17/2022,SMX,CA,AWP,WE,Federal Contract Tower,0,5,10,0,15,0,8,27,0,35,0,13,37,0,50,34,0,34,84
12/18/2022,SMX,CA,AWP,WE,Federal Contract Tower,0,3,7,0,10,0,1,36,0,37,0,4,43,0,47,30,0,30,77
12/19/2022,SMX,CA,AWP,WE,Federal Contract Tower,2,6,5,0,13,0,9,31,0,40,2,15,36,0,53,34,0,34,87
12/20/2022,SMX,CA,AWP,WE,Federal Contract Tower,0,9,7,1,17,0,8,46,1,55,0,17,53,2,72,42,0,42,114
12/21/2022,SMX,CA,AWP,WE,Federal Contract Tower,2,12,4,0,18,0,17,55,10,82,2,29,59,10,100,46,0,46,146
12/22/2022,SMX,CA,AWP,WE,Federal Contract Tower,0,10,8,0,18,0,8,36,2,46,0,18,44,2,64,38,0,38,102
12/23/2022,SMX,CA,AWP,WE,Federal Contract Tower,0,11,14,0,25,0,6,11,0,17,0,17,25,0,42,10,0,10,52
12/24/2022,SMX,CA,AWP,WE,Federal Contract Tower,0,7,3,0,10,0,2,44,0,46,0,9,47,0,56,40,0,40,96
12/25/2022,SMX,CA,AWP,WE,Federal Contract Tower,0,0,6,0,6,0,8,21,0,29,0,8,27,0,35,28,0,28,63
12/26/2022,SMX,CA,AWP,WE,Federal Contract Tower,2,1,6,0,9,0,5,33,0,38,2,6,39,0,47,36,0,36,83
12/27/2022,SMX,CA,AWP,WE,Federal Contract Tower,0,7,13,0,20,0,4,0,0,4,0,11,13,0,24,0,0,0,24
12/28/2022,SMX,CA,AWP,WE,Federal Contract Tower,0,10,7,0,17,0,5,30,0,35,0,15,37,0,52,16,0,16,68
12/29/2022,SMX,CA,AWP,WE,Federal Contract Tower,0,9,13,1,23,0,5,1,0,6,0,14,14,1,29,0,16,16,45
12/30/2022,SMX,CA,AWP,WE,Federal Contract Tower,0,10,11,0,21,0,2,2,0,4,0,12,13,0,25,2,0,2,27
12/31/2022,SMX,CA,AWP,WE,Federal Contract Tower,0,11,5,0,16,0,0,1,0,1,0,11,6,0,17,2,0,2,19
01/01/2023,SMX,CA,AWP,WE,Federal Contract Tower,0,0,4,0,4,0,10,1,0,11,0,10,5,0,15,0,0,0,15
01/02/2023,SMX,CA,AWP,WE,Federal Contract Tower,2,1,9,0,12,0,4,22,0,26,2,5,31,0,38,0,0,0,38
01/03/2023,SMX,CA,AWP,WE,Federal Contract Tower,0,9,5,1,15,0,14,19,4,37,0,23,24,5,52,0,34,34,86
01/04/2023,SMX,CA,AWP,WE,Federal Contract Tower,0,12,3,0,15,0,4,2,0,6,0,16,5,0,21,0,0,0,21
01/05/2023,SMX,CA,AWP,WE,Federal Contract Tower,0,11,13,0,24,0,3,7,0,10,0,14,20,0,34,14,0,14,48
01/06/2023,SMX,CA,AWP,WE,Federal Contract Tower,0,13,6,1,20,0,6,64,1,71,0,19,70,2,91,70,2,72,163
01/07/2023,SMX,CA,AWP,WE,Federal Contract Tower,0,4,16,0,20,0,6,43,0,49,0,10,59,0,69,28,0,28,97
01/08/2023,SMX,CA,AWP,WE,Federal Contract Tower,2,0,7,5,14,0,0,4,0,4,2,0,11,5,18,28,12,40,58
01/09/2023,SMX,CA,AWP,WE,Federal Contract Tower,0,5,3,0,8,0,0,0,0,0,0,5,3,0,8,0,0,0,8
01/10/2023,SMX,CA,AWP,WE,Federal Contract Tower,0,10,3,0,13,0,4,2,0,6,0,14,5,0,19,0,0,0,19
01/11/2023,SMX,CA,AWP,WE,Federal Contract Tower,0,11,12,0,23,0,3,17,0,20,0,14,29,0,43,28,0,28,71
01/12/2023,SMX,CA,AWP,WE,Federal Contract Tower,0,10,8,2,20,0,8,45,1,54,0,18,53,3,74,32,0,32,106
01/13/2023,SMX,CA,AWP,WE,Federal Contract Tower,0,7,5,1,13,0,6,20,1,27,0,13,25,2,40,36,4,40,80
01/14/2023,SMX,CA,AWP,WE,Federal Contract Tower,0,2,5,0,7,0,0,1,0,1,0,2,6,0,8,0,0,0,8
01/15/2023,SMX,CA,AWP,WE,Federal Contract Tower,2,1,3,0,6,0,2,2,0,4,2,3,5,0,10,0,0,0,10
01/16/2023,SMX,CA,AWP,WE,Federal Contract Tower,0,6,8,0,14,0,3,3,0,6,0,9,11,0,20,0,0,0,20
01/17/2023,SMX,CA,AWP,WE,Federal Contract Tower,0,12,16,1,29,0,8,40,0,48,0,20,56,1,77,58,8,66,143
01/18/2023,SMX,CA,AWP,WE,Federal Contract Tower,0,8,14,3,25,0,11,51,2,64,0,19,65,5,89,24,2,26,115
01/19/2023,SMX,CA,AWP,WE,Federal Contract Tower,0,10,9,4,23,0,3,14,0,17,0,13,23,4,40,16,0,16,56
01/20/2023,SMX,CA,AWP,WE,Federal Contract Tower,0,6,13,0,19,0,6,72,0,78,0,12,85,0,97,70,0,70,167
01/21/2023,SMX,CA,AWP,WE,Federal Contract Tower,0,5,7,0,12,0,5,50,0,55,0,10,57,0,67,76,0,76,143
01/22/2023,SMX,CA,AWP,WE,Federal Contract Tower,2,0,17,0,19,0,4,31,0,35,2,4,48,0,54,34,0,34,88
01/23/2023,SMX,CA,AWP,WE,Federal Contract Tower,0,5,9,1,15,0,4,42,0,46,0,9,51,1,61,38,4,42,103
01/24/2023,SMX,CA,AWP,WE,Federal Contract Tower,0,8,10,3,21,0,8,42,3,53,0,16,52,6,74,30,16,46,120
01/25/2023,SMX,CA,AWP,WE,Federal Contract Tower,0,8,16,1,25,0,4,38,7,49,0,12,54,8,74,70,0,70,144
01/26/2023,SMX,CA,AWP,WE,Federal Contract Tower,0,8,6,2,16,0,3,39,1,43,0,11,45,3,59,64,38,102,161
01/27/2023,SMX,CA,AWP,WE,Federal Contract Tower,0,10,7,2,19,0,0,1,0,1,0,10,8,2,20,70,12,82,102
01/28/2023,SMX,CA,AWP,WE,Federal Contract Tower,0,2,20,0,22,0,5,73,0,78,0,7,93,0,100,64,0,64,164
01/29/2023,SMX,CA,AWP,WE,Federal Contract Tower,2,4,11,0,17,0,3,16,0,19,2,7,27,0,36,34,0,34,70
01/30/2023,SMX,CA,AWP,WE,Federal Contract Tower,0,9,18,2,29,0,3,31,0,34,0,12,49,2,63,42,6,48,111
01/31/2023,SMX,CA,AWP,WE,Federal Contract Tower,0,12,13,2,27,0,10,49,0,59,0,22,62,2,86,70,4,74,160
02/01/2023,SMX,CA,AWP,WE,Federal Contract Tower,0,10,17,0,27,0,18,48,6,72,0,28,65,6,99,36,0,36,135
02/02/2023,SMX,CA,AWP,WE,Federal Contract Tower,0,10,17,2,29,0,6,43,5,54,0,16,60,7,83,60,0,60,143
02/03/2023,SMX,CA,AWP,WE,Federal Contract Tower,0,7,21,0,28,0,2,53,0,55,0,9,74,0,83,74,0,74,157
02/04/2023,SMX,CA,AWP,WE,Federal Contract Tower,0,5,12,0,17,0,2,54,0,56,0,7,66,0,73,62,0,62,135
02/05/2023,SMX,CA,AWP,WE,Federal Contract Tower,2,2,4,1,9,0,4,10,2,16,2,6,14,3,25,20,0,20,45
02/06/2023,SMX,CA,AWP,WE,Federal Contract Tower,0,5,12,0,17,0,9,20,4,33,0,14,32,4,50,30,14,44,94
02/07/2023,SMX,CA,AWP,WE,Federal Contract Tower,0,10,21,2,33,0,9,45,9,63,0,19,66,11,96,24,0,24,120
02/08/2023,SMX,CA,AWP,WE,Federal Contract Tower,0,8,21,2,31,0,11,57,10,78,0,19,78,12,109,78,2,80,189
02/09/2023,SMX,CA,AWP,WE,Federal Contract Tower,0,10,17,1,28,0,9,50,5,64,0,19,67,6,92,24,2,26,118
02/10/2023,SMX,CA,AWP,WE,Federal Contract Tower,0,8,26,1,35,0,6,52,1,59,0,14,78,2,94,34,4,38,132
02/11/2023,SMX,CA,AWP,WE,Federal Contract Tower,0,4,11,0,15,0,1,31,0,32,0,5,42,0,47,76,0,76,123
02/12/2023,SMX,CA,AWP,WE,Federal Contract Tower,2,1,21,0,24,0,9,38,0,47,2,10,59,0,71,68,0,68,139
02/13/2023,SMX,CA,AWP,WE,Federal Contract Tower,0,7,24,0,31,0,2,16,0,18,0,9,40,0,49,48,0,48,97
02/14/2023,SMX,CA,AWP,WE,Federal Contract Tower,0,8,13,1,22,0,7,24,0,31,0,15,37,1,53,24,2,26,79
02/15/2023,SMX,CA,AWP,WE,Federal Contract Tower,0,9,23,1,33,0,9,47,0,56,0,18,70,1,89,40,6,46,135
02/16/2023,SMX,CA,AWP,WE,Federal Contract Tower,0,9,15,3,27,0,9,33,3,45,0,18,48,6,72,82,18,100,172
02/17/2023,SMX,CA,AWP,WE,Federal Contract Tower,0,7,16,0,23,0,2,42,0,44,0,9,58,0,67,100,0,100,167
02/18/2023,SMX,CA,AWP,WE,Federal Contract Tower,0,7,14,1,22,0,5,45,0,50,0,12,59,1,72,82,2,84,156
02/19/2023,SMX,CA,AWP,WE,Federal Contract Tower,0,0,11,0,11,0,0,53,0,53,0,0,64,0,64,24,0,24,88
02/20/2023,SMX,CA,AWP,WE,Federal Contract Tower,0,5,8,0,13,0,6,57,0,63,0,11,65,0,76,28,0,28,104
02/21/2023,SMX,CA,AWP,WE,Federal Contract Tower,0,14,13,0,27,0,3,11,0,14,0,17,24,0,41,6,0,6,47
02/22/2023,SMX,CA,AWP,WE,Federal Contract Tower,0,9,3,0,12,0,3,10,0,13,0,12,13,0,25,32,0,32,57
02/23/2023,SMX,CA,AWP,WE,Federal Contract Tower,0,9,2,1,12,0,2,8,0,10,0,11,10,1,22,6,0,6,28
02/24/2023,SMX,CA,AWP,WE,Federal Contract Tower,0,7,3,0,10,0,0,0,0,0,0,7,3,0,10,0,0,0,10
02/25/2023,SMX,CA,AWP,WE,Federal Contract Tower,0,3,5,0,8,0,2,8,0,10,0,5,13,0,18,0,0,0,18
02/26/2023,SMX,CA,AWP,WE,Federal Contract Tower,0,1,4,0,5,0,4,24,0,28,0,5,28,0,33,30,0,30,63
02/27/2023,SMX,CA,AWP,WE,Federal Contract Tower,0,6,12,4,22,0,5,4,2,11,0,11,16,6,33,6,10,16,49
02/28/2023,SMX,CA,AWP,WE,Federal Contract Tower,0,6,17,4,27,0,4,10,0,14,0,10,27,4,41,12,0,12,53
03/01/2023,SMX,CA,AWP,WE,Federal Contract Tower,2,6,8,1,17,0,10,6,1,17,2,16,14,2,34,10,10,20,54
03/02/2023,SMX,CA,AWP,WE,Federal Contract Tower,0,8,10,1,19,0,10,53,2,65,0,18,63,3,84,42,0,42,126
03/03/2023,SMX,CA,AWP,WE,Federal Contract Tower,0,5,3,3,11,0,5,42,6,53,0,10,45,9,64,20,0,20,84
03/04/2023,SMX,CA,AWP,WE,Federal Contract Tower,0,2,10,0,12,0,0,17,0,17,0,2,27,0,29,12,0,12,41
03/05/2023,SMX,CA,AWP,WE,Federal Contract Tower,4,0,5,1,10,0,0,2,0,2,4,0,7,1,12,2,18,20,32
03/06/2023,SMX,CA,AWP,WE,Federal Contract Tower,0,5,7,1,13,0,4,29,2,35,0,9,36,3,48,4,8,12,60
03/07/2023,SMX,CA,AWP,WE,Federal Contract Tower,0,10,14,3,27,0,8,58,3,69,0,18,72,6,96,44,2,46,142
03/08/2023,SMX,CA,AWP,WE,Federal Contract Tower,0,13,11,2,26,0,4,41,0,45,0,17,52,2,71,28,0,28,99
03/09/2023,SMX,CA,AWP,WE,Federal Contract Tower,2,8,8,0,18,0,3,37,0,40,2,11,45,0,58,26,0,26,84
03/10/2023,SMX,CA,AWP,WE,Federal Contract Tower,0,6,1,0,7,0,0,1,0,1,0,6,2,0,8,0,0,0,8
03/11/2023,SMX,CA,AWP,WE,Federal Contract Tower,0,2,4,0,6,0,4,5,0,9,0,6,9,0,15,0,2,2,17
03/12/2023,SMX,CA,AWP,WE,Federal Contract Tower,2,5,23,0,30,0,1,13,0,14,2,6,36,0,44,12,2,14,58
03/13/2023,SMX,CA,AWP,WE,Federal Contract Tower,0,6,13,0,19,0,6,6,0,12,0,12,19,0,31,10,0,10,41
03/14/2023,SMX,CA,AWP,WE,Federal Contract Tower,1,8,5,0,14,0,3,0,0,3,1,11,5,0,17,0,0,0,17
03/15/2023,SMX,CA,AWP,WE,Federal Contract Tower,1,10,26,0,37,0,7,9,0,16,1,17,35,0,53,14,0,14,67
03/16/2023,SMX,CA,AWP,WE,Federal Contract Tower,1,12,13,2,28,0,3,25,0,28,1,15,38,2,56,8,2,10,66
03/17/2023,SMX,CA,AWP,WE,Federal Contract Tower,0,10,5,0,15,0,9,53,0,62,0,19,58,0,77,72,2,74,151
03/19/2023,SMX,CA,AWP,WE,Federal Contract Tower,2,2,5,0,9,0,0,1,0,1,2,2,6,0,10,0,0,0,10
03/20/2023,SMX,CA,AWP,WE,Federal Contract Tower,0,8,10,0,18,0,0,2,0,2,0,8,12,0,20,2,0,2,22
03/21/2023,SMX,CA,AWP,WE,Federal Contract Tower,0,10,5,2,17,0,0,0,0,0,0,10,5,2,17,0,2,2,19
03/22/2023,SMX,CA,AWP,WE,Federal Contract Tower,0,11,7,0,18,0,4,14,0,18,0,15,21,0,36,0,0,0,36
03/23/2023,SMX,CA,AWP,WE,Federal Contract Tower,2,14,9,2,27,0,3,17,0,20,2,17,26,2,47,2,1,3,50
03/24/2023,SMX,CA,AWP,WE,Federal Contract Tower,0,7,8,0,15,0,9,27,0,36,0,16,35,0,51,12,0,12,63
03/25/2023,SMX,CA,AWP,WE,Federal Contract Tower,0,2,6,0,8,0,8,35,0,43,0,10,41,0,51,62,0,62,113
03/26/2023,SMX,CA,AWP,WE,Federal Contract Tower,2,2,12,0,16,0,4,47,0,51,2,6,59,0,67,66,0,66,133
03/27/2023,SMX,CA,AWP,WE,Federal Contract Tower,0,9,2,2,13,0,5,37,0,42,0,14,39,2,55,44,8,52,107
03/28/2023,SMX,CA,AWP,WE,Federal Contract Tower,0,11,8,0,19,0,4,20,0,24,0,15,28,0,43,32,0,32,75
03/29/2023,SMX,CA,AWP,WE,Federal Contract Tower,0,10,1,0,11,0,13,5,2,20,0,23,6,2,31,12,0,12,43
03/30/2023,SMX,CA,AWP,WE,Federal Contract Tower,2,18,5,0,25,0,15,26,0,41,2,33,31,0,66,26,0,26,92
03/31/2023,SMX,CA,AWP,WE,Federal Contract Tower,0,7,9,3,19,0,13,44,0,57,0,20,53,3,76,32,4,36,112
04/01/2023,SMX,CA,AWP,WE,Federal Contract Tower,0,4,3,0,7,0,9,39,0,48,0,13,42,0,55,24,0,24,79
04/02/2023,SMX,CA,AWP,WE,Federal Contract Tower,0,0,11,0,11,0,2,33,0,35,0,2,44,0,46,26,8,34,80
04/03/2023,SMX,CA,AWP,WE,Federal Contract Tower,0,8,2,2,12,0,9,5,4,18,0,17,7,6,30,8,16,24,54
04/04/2023,SMX,CA,AWP,WE,Federal Contract Tower,0,11,3,1,15,0,2,35,5,42,0,13,38,6,57,48,0,48,105
04/05/2023,SMX,CA,AWP,WE,Federal Contract Tower,0,9,20,3,32,0,3,56,0,59,0,12,76,3,91,30,2,32,123
04/06/2023,SMX,CA,AWP,WE,Federal Contract Tower,2,12,13,3,30,0,5,42,2,49,2,17,55,5,79,16,10,26,105
04/08/2023,SMX,CA,AWP,WE,Federal Contract Tower,0,3,8,0,11,0,7,40,0,47,0,10,48,0,58,42,0,42,100
04/09/2023,SMX,CA,AWP,WE,Federal Contract Tower,2,3,6,1,12,0,3,28,0,31,2,6,34,1,43,34,0,34,77
04/10/2023,SMX,CA,AWP,WE,Federal Contract Tower,0,8,16,2,26,0,8,37,0,45,0,16,53,2,71,18,0,18,89
04/11/2023,SMX,CA,AWP,WE,Federal Contract Tower,0,21,17,0,38,0,9,17,0,26,0,30,34,0,64,34,0,34,98
04/12/2023,SMX,CA,AWP,WE,Federal Contract Tower,0,10,5,0,15,0,8,24,2,34,0,18,29,2,49,4,0,4,53
04/13/2023,SMX,CA,AWP,WE,Federal Contract Tower,2,9,10,2,23,0,5,26,1,32,2,14,36,3,55,36,0,36,91
04/14/2023,SMX,CA,AWP,WE,Federal Contract Tower,0,9,19,0,28,0,4,38,0,42,0,13,57,0,70,30,0,30,100
04/15/2023,SMX,CA,AWP,WE,Federal Contract Tower,0,6,15,5,26,0,4,49,0,53,0,10,64,5,79,60,0,60,139
04/16/2023,SMX,CA,AWP,WE,Federal Contract Tower,0,2,31,0,33,0,7,12,0,19,0,9,43,0,52,28,0,28,80
04/17/2023,SMX,CA,AWP,WE,Federal Contract Tower,0,8,7,3,18,0,8,20,0,28,0,16,27,3,46,14,6,20,66
04/18/2023,SMX,CA,AWP,WE,Federal Contract Tower,0,8,8,0,16,0,3,23,0,26,0,11,31,0,42,12,0,12,54
04/19/2023,SMX,CA,AWP,WE,Federal Contract Tower,0,8,10,0,18,0,8,35,2,45,0,16,45,2,63,24,0,24,87
04/20/2023,SMX,CA,AWP,WE,Federal Contract Tower,2,10,11,2,25,0,12,33,0,45,2,22,44,2,70,34,0,34,104
04/21/2023,SMX,CA,AWP,WE,Federal Contract Tower,0,8,6,0,14,0,5,36,0,41,0,13,42,0,55,20,2,22,77
04/22/2023,SMX,CA,AWP,WE,Federal Contract Tower,0,2,6,0,8,0,2,61,0,63,0,4,67,0,71,40,6,46,117
04/23/2023,SMX,CA,AWP,WE,Federal Contract Tower,0,2,17,0,19,0,3,30,0,33,0,5,47,0,52,26,0,26,78
04/24/2023,SMX,CA,AWP,WE,Federal Contract Tower,4,8,24,2,38,0,8,40,0,48,4,16,64,2,86,54,0,54,140
04/25/2023,SMX,CA,AWP,WE,Federal Contract Tower,0,14,16,5,35,0,8,37,2,47,0,22,53,7,82,10,2,12,94
04/26/2023,SMX,CA,AWP,WE,Federal Contract Tower,0,15,22,1,38,0,2,57,0,59,0,17,79,1,97,48,0,48,145
04/27/2023,SMX,CA,AWP,WE,Federal Contract Tower,2,15,14,2,33,0,8,38,1,47,2,23,52,3,80,34,0,34,114
04/28/2023,SMX,CA,AWP,WE,Federal Contract Tower,0,18,17,0,35,0,10,33,0,43,0,28,50,0,78,34,0,34,112
04/29/2023,SMX,CA,AWP,WE,Federal Contract Tower,0,7,12,4,23,0,5,16,0,21,0,12,28,4,44,16,6,22,66
04/30/2023,SMX,CA,AWP,WE,Federal Contract Tower,0,6,20,0,26,0,4,11,0,15,0,10,31,0,41,14,0,14,55
05/01/2023,SMX,CA,AWP,WE,Federal Contract Tower,0,6,15,3,24,0,4,17,0,21,0,10,32,3,45,40,0,40,85
05/02/2023,SMX,CA,AWP,WE,Federal Contract Tower,1,15,15,0,31,0,2,1,2,5,1,17,16,2,36,0,0,0,36
05/03/2023,SMX,CA,AWP,WE,Federal Contract Tower,0,11,9,3,23,0,5,12,4,21,0,16,21,7,44,2,0,2,46
05/04/2023,SMX,CA,AWP,WE,Federal Contract Tower,1,10,6,4,21,0,10,10,12,32,1,20,16,16,53,36,4,40,93
05/05/2023,SMX,CA,AWP,WE,Federal Contract Tower,0,7,12,0,19,0,13,28,0,41,0,20,40,0,60,16,0,16,76
05/06/2023,SMX,CA,AWP,WE,Federal Contract Tower,0,2,6,0,8,0,8,49,0,57,0,10,55,0,65,30,0,30,95
05/07/2023,SMX,CA,AWP,WE,Federal Contract Tower,0,4,6,0,10,0,3,30,0,33,0,7,36,0,43,40,0,40,83
05/08/2023,SMX,CA,AWP,WE,Federal Contract Tower,0,4,3,3,10,0,3,38,0,41,0,7,41,3,51,94,8,102,153
05/09/2023,SMX,CA,AWP,WE,Federal Contract Tower,0,13,8,1,22,0,3,15,1,19,0,16,23,2,41,34,8,42,83
05/10/2023,SMX,CA,AWP,WE,Federal Contract Tower,0,18,10,3,31,0,8,26,0,34,0,26,36,3,65,38,36,74,139
05/11/2023,SMX,CA,AWP,WE,Federal Contract Tower,0,14,13,0,27,0,10,55,4,69,0,24,68,4,96,28,0,28,124
05/12/2023,SMX,CA,AWP,WE,Federal Contract Tower,0,10,1,0,11,0,1,44,0,45,0,11,45,0,56,50,0,50,106
05/13/2023,SMX,CA,AWP,WE,Federal Contract Tower,0,3,6,0,9,0,3,48,1,52,0,6,54,1,61,42,0,42,103
05/14/2023,SMX,CA,AWP,WE,Federal Contract Tower,0,1,8,1,10,0,5,26,0,31,0,6,34,1,41,10,0,10,51
05/15/2023,SMX,CA,AWP,WE,Federal Contract Tower,2,8,11,0,21,0,3,16,0,19,2,11,27,0,40,4,0,4,44
05/16/2023,SMX,CA,AWP,WE,Federal Contract Tower,0,15,9,1,25,0,3,16,0,19,0,18,25,1,44,16,0,16,60
05/17/2023,SMX,CA,AWP,WE,Federal Contract Tower,0,8,17,2,27,0,3,38,6,47,0,11,55,8,74,16,0,16,90
05/18/2023,SMX,CA,AWP,WE,Federal Contract Tower,2,13,12,0,27,0,5,30,0,35,2,18,42,0,62,10,0,10,72
05/19/2023,SMX,CA,AWP,WE,Federal Contract Tower,0,10,25,0,35,0,2,19,0,21,0,12,44,0,56,30,0,30,86
05/20/2023,SMX,CA,AWP,WE,Federal Contract Tower,0,1,5,0,6,0,19,23,3,45,0,20,28,3,51,40,0,40,91
05/21/2023,SMX,CA,AWP,WE,Federal Contract Tower,2,1,15,0,18,0,4,24,6,34,2,5,39,6,52,16,0,16,68
05/22/2023,SMX,CA,AWP,WE,Federal Contract Tower,0,5,2,0,7,0,1,15,0,16,0,6,17,0,23,38,22,60,83
05/23/2023,SMX,CA,AWP,WE,Federal Contract Tower,2,13,10,0,25,0,3,1,0,4,2,16,11,0,29,6,0,6,35
05/24/2023,SMX,CA,AWP,WE,Federal Contract Tower,0,8,12,1,21,0,6,14,0,20,0,14,26,1,41,12,10,22,63
05/25/2023,SMX,CA,AWP,WE,Federal Contract Tower,2,11,11,0,24,0,7,28,1,36,2,18,39,1,60,28,0,28,88
05/26/2023,SMX,CA,AWP,WE,Federal Contract Tower,0,10,15,0,25,0,2,41,0,43,0,12,56,0,68,38,0,38,106
05/27/2023,SMX,CA,AWP,WE,Federal Contract Tower,1,7,12,1,21,0,0,29,2,31,1,7,41,3,52,32,0,32,84
05/28/2023,SMX,CA,AWP,WE,Federal Contract Tower,3,0,9,0,12,0,0,11,0,11,3,0,20,0,23,6,0,6,29
05/29/2023,SMX,CA,AWP,WE,Federal Contract Tower,0,2,9,0,11,0,2,8,0,10,0,4,17,0,21,24,2,26,47
05/30/2023,SMX,CA,AWP,WE,Federal Contract Tower,0,15,22,0,37,0,0,15,0,15,0,15,37,0,52,24,0,24,76
05/31/2023,SMX,CA,AWP,WE,Federal Contract Tower,0,8,10,0,18,0,0,23,0,23,0,8,33,0,41,44,0,44,85
06/01/2023,SMX,CA,AWP,WE,Federal Contract Tower,2,13,18,4,37,0,3,12,0,15,2,16,30,4,52,8,2,10,62
06/02/2023,SMX,CA,AWP,WE,Federal Contract Tower,0,4,14,0,18,0,7,43,0,50,0,11,57,0,68,26,0,26,94
06/03/2023,SMX,CA,AWP,WE,Federal Contract Tower,0,5,14,0,19,0,2,39,0,41,0,7,53,0,60,10,10,20,80
06/04/2023,SMX,CA,AWP,WE,Federal Contract Tower,2,3,12,0,17,0,2,23,0,25,2,5,35,0,42,46,0,46,88
06/05/2023,SMX,CA,AWP,WE,Federal Contract Tower,0,9,20,0,29,0,0,5,0,5,0,9,25,0,34,2,0,2,36
06/06/2023,SMX,CA,AWP,WE,Federal Contract Tower,0,11,10,0,21,0,4,4,0,8,0,15,14,0,29,4,0,4,33
06/07/2023,SMX,CA,AWP,WE,Federal Contract Tower,0,12,24,4,40,0,7,21,2,30,0,19,45,6,70,60,2,62,132
06/08/2023,SMX,CA,AWP,WE,Federal Contract Tower,2,14,18,1,35,0,7,29,0,36,2,21,47,1,71,10,0,10,81
06/09/2023,SMX,CA,AWP,WE,Federal Contract Tower,0,16,27,0,43,0,3,6,2,11,0,19,33,2,54,16,0,16,70
06/10/2023,SMX,CA,AWP,WE,Federal Contract Tower,2,4,9,0,15,0,1,5,0,6,2,5,14,0,21,12,0,12,33
06/11/2023,SMX,CA,AWP,WE,Federal Contract Tower,4,7,11,3,25,0,2,9,0,11,4,9,20,3,36,28,0,28,64
06/12/2023,SMX,CA,AWP,WE,Federal Contract Tower,1,10,29,3,43,0,2,12,0,14,1,12,41,3,57,24,0,24,81
06/13/2023,SMX,CA,AWP,WE,Federal Contract Tower,0,11,12,0,23,0,2,22,0,24,0,13,34,0,47,8,0,8,55
06/14/2023,SMX,CA,AWP,WE,Federal Contract Tower,0,15,19,6,40,0,3,25,4,32,0,18,44,10,72,14,0,14,86
06/15/2023,SMX,CA,AWP,WE,Federal Contract Tower,3,16,17,15,51,0,0,9,5,14,3,16,26,20,65,34,0,34,99
06/16/2023,SMX,CA,AWP,WE,Federal Contract Tower,0,10,10,9,29,0,5,8,2,15,0,15,18,11,44,14,0,14,58
06/17/2023,SMX,CA,AWP,WE,Federal Contract Tower,0,3,11,0,14,0,0,25,2,27,0,3,36,2,41,60,2,62,103
06/18/2023,SMX,CA,AWP,WE,Federal Contract Tower,2,3,10,0,15,0,0,17,2,19,2,3,27,2,34,16,14,30,64
06/19/2023,SMX,CA,AWP,WE,Federal Contract Tower,0,9,16,3,28,0,7,17,0,24,0,16,33,3,52,8,2,10,62
06/20/2023,SMX,CA,AWP,WE,Federal Contract Tower,0,10,14,5,29,0,10,26,4,40,0,20,40,9,69,24,0,24,93
06/21/2023,SMX,CA,AWP,WE,Federal Contract Tower,0,11,19,1,31,0,8,37,1,46,0,19,56,2,77,42,16,58,135
06/22/2023,SMX,CA,AWP,WE,Federal Contract Tower,1,12,26,3,42,0,3,18,0,21,1,15,44,3,63,4,14,18,81
06/23/2023,SMX,CA,AWP,WE,Federal Contract Tower,0,8,18,1,27,0,8,30,0,38,0,16,48,1,65,18,0,18,83
06/24/2023,SMX,CA,AWP,WE,Federal Contract Tower,0,6,4,0,10,0,3,36,0,39,0,9,40,0,49,56,0,56,105
06/25/2023,SMX,CA,AWP,WE,Federal Contract Tower,1,1,14,0,16,0,0,27,0,27,1,1,41,0,43,28,0,28,71
06/26/2023,SMX,CA,AWP,WE,Federal Contract Tower,0,8,10,7,25,0,1,23,8,32,0,9,33,15,57,0,0,0,57
06/27/2023,SMX,CA,AWP,WE,Federal Contract Tower,0,10,17,9,36,0,2,21,8,31,0,12,38,17,67,20,2,22,89
06/28/2023,SMX,CA,AWP,WE,Federal Contract Tower,2,11,21,10,44,0,2,32,4,38,2,13,53,14,82,10,20,30,112
06/29/2023,SMX,CA,AWP,WE,Federal Contract Tower,3,8,17,6,34,0,2,31,0,33,3,10,48,6,67,44,2,46,113
06/30/2023,SMX,CA,AWP,WE,Federal Contract Tower,0,7,11,6,24,0,7,25,7,39,0,14,36,13,63,20,0,20,83
07/01/2023,SMX,CA,AWP,WE,Federal Contract Tower,2,2,10,0,14,0,4,57,0,61,2,6,67,0,75,34,0,34,109
07/02/2023,SMX,CA,AWP,WE,Federal Contract Tower,2,1,10,2,15,0,2,38,0,40,2,3,48,2,55,40,0,40,95
07/03/2023,SMX,CA,AWP,WE,Federal Contract Tower,0,9,14,0,23,0,5,26,0,31,0,14,40,0,54,16,0,16,70
07/04/2023,SMX,CA,AWP,WE,Federal Contract Tower,0,2,4,0,6,0,3,11,0,14,0,5,15,0,20,6,0,6,26
07/05/2023,SMX,CA,AWP,WE,Federal Contract Tower,0,11,6,0,17,0,2,27,0,29,0,13,33,0,46,6,0,6,52
07/06/2023,SMX,CA,AWP,WE,Federal Contract Tower,2,14,13,0,29,0,2,39,0,41,2,16,52,0,70,56,0,56,126
07/07/2023,SMX,CA,AWP,WE,Federal Contract Tower,0,6,14,0,20,0,7,38,0,45,0,13,52,0,65,48,0,48,113
07/08/2023,SMX,CA,AWP,WE,Federal Contract Tower,0,3,11,0,14,0,9,35,0,44,0,12,46,0,58,28,0,28,86
07/09/2023,SMX,CA,AWP,WE,Federal Contract Tower,2,4,16,0,22,0,1,22,0,23,2,5,38,0,45,10,0,10,55
07/10/2023,SMX,CA,AWP,WE,Federal Contract Tower,0,9,8,0,17,0,5,23,0,28,0,14,31,0,45,10,0,10,55
07/11/2023,SMX,CA,AWP,WE,Federal Contract Tower,0,14,14,0,28,0,26,8,0,34,0,40,22,0,62,12,0,12,74
07/12/2023,SMX,CA,AWP,WE,Federal Contract Tower,0,9,7,0,16,0,7,32,0,39,0,16,39,0,55,10,0,10,65
07/13/2023,SMX,CA,AWP,WE,Federal Contract Tower,2,9,7,0,18,0,4,47,0,51,2,13,54,0,69,32,0,32,101
07/14/2023,SMX,CA,AWP,WE,Federal Contract Tower,0,11,7,0,18,0,3,45,4,52,0,14,52,4,70,56,0,56,126
07/15/2023,SMX,CA,AWP,WE,Federal Contract Tower,0,5,12,1,18,0,9,46,1,56,0,14,58,2,74,46,2,48,122
07/16/2023,SMX,CA,AWP,WE,Federal Contract Tower,2,4,3,0,9,0,1,46,0,47,2,5,49,0,56,54,0,54,110
07/17/2023,SMX,CA,AWP,WE,Federal Contract Tower,0,6,9,2,17,0,5,31,0,36,0,11,40,2,53,28,42,70,123
07/18/2023,SMX,CA,AWP,WE,Federal Contract Tower,0,10,10,3,23,0,2,34,2,38,0,12,44,5,61,16,12,28,89
07/19/2023,SMX,CA,AWP,WE,Federal Contract Tower,0,11,11,0,22,0,4,29,0,33,0,15,40,0,55,16,0,16,71
07/20/2023,SMX,CA,AWP,WE,Federal Contract Tower,2,9,11,5,27,0,2,39,0,41,2,11,50,5,68,42,12,54,122
07/21/2023,SMX,CA,AWP,WE,Federal Contract Tower,0,11,6,0,17,0,3,37,0,40,0,14,43,0,57,84,0,84,141
07/22/2023,SMX,CA,AWP,WE,Federal Contract Tower,0,3,9,0,12,0,2,66,0,68,0,5,75,0,80,34,0,34,114
07/23/2023,SMX,CA,AWP,WE,Federal Contract Tower,2,0,9,0,11,0,2,26,0,28,2,2,35,0,39,6,0,6,45
07/24/2023,SMX,CA,AWP,WE,Federal Contract Tower,0,2,9,0,11,0,3,44,0,47,0,5,53,0,58,24,0,24,82
07/25/2023,SMX,CA,AWP,WE,Federal Contract Tower,0,6,2,0,8,0,8,33,0,41,0,14,35,0,49,4,2,6,55
07/26/2023,SMX,CA,AWP,WE,Federal Contract Tower,0,9,9,3,21,0,8,30,2,40,0,17,39,5,61,10,28,38,99
07/27/2023,SMX,CA,AWP,WE,Federal Contract Tower,2,13,7,0,22,0,12,25,2,39,2,25,32,2,61,6,0,6,67
07/28/2023,SMX,CA,AWP,WE,Federal Contract Tower,0,7,2,3,12,0,17,56,0,73,0,24,58,3,85,36,4,40,125
07/29/2023,SMX,CA,AWP,WE,Federal Contract Tower,0,2,4,1,7,0,9,58,8,75,0,11,62,9,82,32,0,32,114
07/30/2023,SMX,CA,AWP,WE,Federal Contract Tower,2,3,9,3,17,0,1,37,2,40,2,4,46,5,57,56,0,56,113
07/31/2023,SMX,CA,AWP,WE,Federal Contract Tower,0,5,7,0,12,0,5,19,0,24,0,10,26,0,36,12,0,12,48
08/01/2023,SMX,CA,AWP,WE,Federal Contract Tower,0,16,14,0,30,0,5,42,0,47,0,21,56,0,77,24,0,24,101
08/02/2023,SMX,CA,AWP,WE,Federal Contract Tower,0,9,13,1,23,0,5,36,0,41,0,14,49,1,64,44,8,52,116
08/03/2023,SMX,CA,AWP,WE,Federal Contract Tower,2,10,9,1,22,0,2,23,0,25,2,12,32,1,47,10,2,12,59
08/04/2023,SMX,CA,AWP,WE,Federal Contract Tower,0,14,13,2,29,0,4,40,2,46,0,18,53,4,75,16,0,16,91
08/05/2023,SMX,CA,AWP,WE,Federal Contract Tower,0,5,7,3,15,0,9,24,2,35,0,14,31,5,50,30,2,32,82
08/06/2023,SMX,CA,AWP,WE,Federal Contract Tower,2,2,6,2,12,0,4,55,8,67,2,6,61,10,79,22,4,26,105
08/07/2023,SMX,CA,AWP,WE,Federal Contract Tower,0,7,6,4,17,0,8,28,4,40,0,15,34,8,57,10,18,28,85
08/08/2023,SMX,CA,AWP,WE,Federal Contract Tower,0,14,15,0,29,0,3,30,6,39,0,17,45,6,68,34,0,34,102
08/09/2023,SMX,CA,AWP,WE,Federal Contract Tower,0,12,9,3,24,0,1,19,4,24,0,13,28,7,48,6,0,6,54
08/10/2023,SMX,CA,AWP,WE,Federal Contract Tower,2,18,6,4,30,0,0,9,0,9,2,18,15,4,39,2,0,2,41
08/11/2023,SMX,CA,AWP,WE,Federal Contract Tower,0,7,7,2,16,0,29,26,5,60,0,36,33,7,76,2,16,18,94
08/12/2023,SMX,CA,AWP,WE,Federal Contract Tower,0,3,12,3,18,0,3,35,1,39,0,6,47,4,57,28,2,30,87
08/13/2023,SMX,CA,AWP,WE,Federal Contract Tower,2,0,10,2,14,0,6,29,9,44,2,6,39,11,58,16,10,26,84
08/14/2023,SMX,CA,AWP,WE,Federal Contract Tower,0,7,4,2,13,0,8,18,10,36,0,15,22,12,49,10,0,10,59
08/15/2023,SMX,CA,AWP,WE,Federal Contract Tower,0,16,10,2,28,0,6,29,3,38,0,22,39,5,66,6,0,6,72
08/16/2023,SMX,CA,AWP,WE,Federal Contract Tower,0,12,9,6,27,0,5,15,18,38,0,17,24,24,65,4,20,24,89
08/17/2023,SMX,CA,AWP,WE,Federal Contract Tower,2,11,12,1,26,0,1,21,3,25,2,12,33,4,51,40,0,40,91
08/18/2023,SMX,CA,AWP,WE,Federal Contract Tower,0,7,18,2,27,0,4,28,4,36,0,11,46,6,63,40,2,42,105
08/19/2023,SMX,CA,AWP,WE,Federal Contract Tower,0,8,5,3,16,0,10,110,0,120,0,18,115,3,136,26,0,26,162
08/20/2023,SMX,CA,AWP,WE,Federal Contract Tower,0,2,2,1,5,0,0,23,0,23,0,2,25,1,28,8,0,8,36
08/21/2023,SMX,CA,AWP,WE,Federal Contract Tower,0,6,6,3,15,0,2,12,0,14,0,8,18,3,29,8,0,8,37
08/22/2023,SMX,CA,AWP,WE,Federal Contract Tower,0,9,7,1,17,0,3,30,0,33,0,12,37,1,50,26,20,46,96
08/23/2023,SMX,CA,AWP,WE,Federal Contract Tower,0,13,8,2,23,0,2,26,0,28,0,15,34,2,51,6,10,16,67
08/24/2023,SMX,CA,AWP,WE,Federal Contract Tower,1,13,19,1,34,0,2,28,0,30,1,15,47,1,64,42,8,50,114
08/25/2023,SMX,CA,AWP,WE,Federal Contract Tower,2,6,7,0,15,0,9,23,0,32,2,15,30,0,47,26,0,26,73
08/26/2023,SMX,CA,AWP,WE,Federal Contract Tower,1,5,17,0,23,0,1,32,0,33,1,6,49,0,56,8,0,8,64
08/27/2023,SMX,CA,AWP,WE,Federal Contract Tower,2,2,9,0,13,0,9,39,0,48,2,11,48,0,61,38,0,38,99
08/28/2023,SMX,CA,AWP,WE,Federal Contract Tower,0,5,9,0,14,0,9,37,0,46,0,14,46,0,60,26,0,26,86
08/29/2023,SMX,CA,AWP,WE,Federal Contract Tower,0,12,7,2,21,0,6,28,1,35,0,18,35,3,56,22,12,34,90
08/30/2023,SMX,CA,AWP,WE,Federal Contract Tower,0,14,12,1,27,0,11,28,0,39,0,25,40,1,66,24,2,26,92
08/31/2023,SMX,CA,AWP,WE,Federal Contract Tower,2,8,9,1,20,0,7,27,0,34,2,15,36,1,54,28,8,36,90
