01/01/2020,SNA,CA,AWP,WE,Towers with Radar,238,44,68,0,350,0,3,122,1,126,238,47,190,1,476,100,0,100,576
01/02/2020,SNA,CA,AWP,WE,Towers with Radar,258,72,86,1,417,0,0,198,2,200,258,72,284,3,617,306,0,306,923
01/03/2020,SNA,CA,AWP,WE,Towers with Radar,257,77,91,1,426,0,1,218,2,221,257,78,309,3,647,156,0,156,803
01/04/2020,SNA,CA,AWP,WE,Towers with Radar,209,45,93,0,347,0,2,206,1,209,209,47,299,1,556,72,0,72,628
01/05/2020,SNA,CA,AWP,WE,Towers with Radar,248,56,112,0,416,0,0,176,0,176,248,56,288,0,592,154,0,154,746
01/06/2020,SNA,CA,AWP,WE,Towers with Radar,251,44,67,2,364,0,0,169,0,169,251,44,236,2,533,182,0,182,715
01/07/2020,SNA,CA,AWP,WE,Towers with Radar,226,39,61,0,326,0,4,169,5,178,226,43,230,5,504,374,0,374,878
01/08/2020,SNA,CA,AWP,WE,Towers with Radar,230,45,85,1,361,0,0,146,3,149,230,45,231,4,510,252,0,252,762
01/09/2020,SNA,CA,AWP,WE,Towers with Radar,241,62,102,0,405,0,0,149,2,151,241,62,251,2,556,394,0,394,950
01/10/2020,SNA,CA,AWP,WE,Towers with Radar,240,57,94,0,391,0,0,235,2,237,240,57,329,2,628,258,0,258,886
01/11/2020,SNA,CA,AWP,WE,Towers with Radar,165,37,74,0,276,0,0,193,9,202,165,37,267,9,478,242,0,242,720
01/12/2020,SNA,CA,AWP,WE,Towers with Radar,226,74,91,0,391,0,6,163,0,169,226,80,254,0,560,170,0,170,730
01/13/2020,SNA,CA,AWP,WE,Towers with Radar,239,45,67,0,351,0,0,159,1,160,239,45,226,1,511,214,0,214,725
01/14/2020,SNA,CA,AWP,WE,Towers with Radar,226,48,74,2,350,0,0,158,1,159,226,48,232,3,509,350,0,350,859
01/15/2020,SNA,CA,AWP,WE,Towers with Radar,230,65,96,0,391,0,0,178,1,179,230,65,274,1,570,516,0,516,1086
01/16/2020,SNA,CA,AWP,WE,Towers with Radar,236,56,101,0,393,0,2,96,4,102,236,58,197,4,495,310,0,310,805
01/17/2020,SNA,CA,AWP,WE,Towers with Radar,240,86,132,0,458,0,3,188,0,191,240,89,320,0,649,274,0,274,923
01/18/2020,SNA,CA,AWP,WE,Towers with Radar,168,43,91,3,305,0,0,209,4,213,168,43,300,7,518,154,0,154,672
01/19/2020,SNA,CA,AWP,WE,Towers with Radar,214,66,100,0,380,0,1,189,2,192,214,67,289,2,572,170,0,170,742
01/20/2020,SNA,CA,AWP,WE,Towers with Radar,244,65,127,0,436,0,3,163,0,166,244,68,290,0,602,142,0,142,744
01/21/2020,SNA,CA,AWP,WE,Towers with Radar,223,51,106,0,380,0,1,109,0,110,223,52,215,0,490,128,0,128,618
01/22/2020,SNA,CA,AWP,WE,Towers with Radar,232,66,114,0,412,0,1,163,2,166,232,67,277,2,578,198,0,198,776
01/23/2020,SNA,CA,AWP,WE,Towers with Radar,245,63,99,0,407,0,4,242,4,250,245,67,341,4,657,224,0,224,881
01/24/2020,SNA,CA,AWP,WE,Towers with Radar,244,63,99,0,406,0,0,218,3,221,244,63,317,3,627,244,0,244,871
01/25/2020,SNA,CA,AWP,WE,Towers with Radar,172,45,82,1,300,0,0,138,5,143,172,45,220,6,443,16,0,16,459
01/26/2020,SNA,CA,AWP,WE,Towers with Radar,235,71,135,0,441,0,0,43,0,43,235,71,178,0,484,122,0,122,606
01/27/2020,SNA,CA,AWP,WE,Towers with Radar,242,52,107,1,402,0,0,180,0,180,242,52,287,1,582,102,0,102,684
01/28/2020,SNA,CA,AWP,WE,Towers with Radar,226,42,97,1,366,0,1,223,1,225,226,43,320,2,591,260,0,260,851
01/29/2020,SNA,CA,AWP,WE,Towers with Radar,234,44,113,1,392,0,0,139,2,141,234,44,252,3,533,156,0,156,689
01/30/2020,SNA,CA,AWP,WE,Towers with Radar,244,58,103,2,407,0,1,284,3,288,244,59,387,5,695,152,0,152,847
01/31/2020,SNA,CA,AWP,WE,Towers with Radar,242,82,101,2,427,0,3,274,0,277,242,85,375,2,704,284,0,284,988
02/01/2020,SNA,CA,AWP,WE,Towers with Radar,166,47,70,0,283,0,0,219,5,224,166,47,289,5,507,194,0,194,701
02/02/2020,SNA,CA,AWP,WE,Towers with Radar,214,75,70,0,359,0,1,128,0,129,214,76,198,0,488,110,0,110,598
02/03/2020,SNA,CA,AWP,WE,Towers with Radar,239,54,85,0,378,0,0,123,2,125,239,54,208,2,503,68,0,68,571
02/04/2020,SNA,CA,AWP,WE,Towers with Radar,224,40,69,1,334,0,0,68,1,69,224,40,137,2,403,66,0,66,469
02/05/2020,SNA,CA,AWP,WE,Towers with Radar,231,61,57,2,351,0,4,229,0,233,231,65,286,2,584,230,0,230,814
02/06/2020,SNA,CA,AWP,WE,Towers with Radar,244,69,83,1,397,0,1,244,5,250,244,70,327,6,647,346,6,352,999
02/07/2020,SNA,CA,AWP,WE,Towers with Radar,244,60,96,2,402,0,1,227,0,228,244,61,323,2,630,372,0,372,1002
02/08/2020,SNA,CA,AWP,WE,Towers with Radar,168,37,66,1,272,0,0,197,4,201,168,37,263,5,473,116,0,116,589
02/09/2020,SNA,CA,AWP,WE,Towers with Radar,218,71,90,0,379,0,0,13,2,15,218,71,103,2,394,106,0,106,500
02/10/2020,SNA,CA,AWP,WE,Towers with Radar,243,53,88,0,384,0,1,106,0,107,243,54,194,0,491,97,0,97,588
02/11/2020,SNA,CA,AWP,WE,Towers with Radar,227,43,87,0,357,0,2,160,0,162,227,45,247,0,519,74,0,74,593
02/12/2020,SNA,CA,AWP,WE,Towers with Radar,233,67,98,0,398,0,1,260,2,263,233,68,358,2,661,250,0,250,911
02/13/2020,SNA,CA,AWP,WE,Towers with Radar,245,75,122,0,442,0,1,267,2,270,245,76,389,2,712,250,0,250,962
02/14/2020,SNA,CA,AWP,WE,Towers with Radar,243,81,142,0,466,0,3,199,0,202,243,84,341,0,668,154,0,154,822
02/15/2020,SNA,CA,AWP,WE,Towers with Radar,177,55,91,0,323,0,3,246,4,253,177,58,337,4,576,42,0,42,618
02/16/2020,SNA,CA,AWP,WE,Towers with Radar,219,60,97,0,376,0,0,214,1,215,219,60,311,1,591,18,0,18,609
02/17/2020,SNA,CA,AWP,WE,Towers with Radar,246,66,140,0,452,0,0,230,0,230,246,66,370,0,682,22,0,22,704
02/18/2020,SNA,CA,AWP,WE,Towers with Radar,238,52,89,0,379,0,2,198,3,203,238,54,287,3,582,34,0,34,616
02/19/2020,SNA,CA,AWP,WE,Towers with Radar,240,61,99,0,400,0,0,195,0,195,240,61,294,0,595,175,0,175,770
02/20/2020,SNA,CA,AWP,WE,Towers with Radar,247,69,105,0,421,0,2,233,0,235,247,71,338,0,656,102,0,102,758
02/21/2020,SNA,CA,AWP,WE,Towers with Radar,242,58,117,0,417,0,0,220,0,220,242,58,337,0,637,124,0,124,761
02/22/2020,SNA,CA,AWP,WE,Towers with Radar,178,56,87,2,323,0,0,72,0,72,178,56,159,2,395,232,0,232,627
02/23/2020,SNA,CA,AWP,WE,Towers with Radar,228,75,134,0,437,0,0,160,0,160,228,75,294,0,597,212,0,212,809
02/24/2020,SNA,CA,AWP,WE,Towers with Radar,248,62,101,0,411,0,1,202,0,203,248,63,303,0,614,284,0,284,898
02/25/2020,SNA,CA,AWP,WE,Towers with Radar,257,63,80,0,400,0,1,162,1,164,257,64,242,1,564,178,0,178,742
02/26/2020,SNA,CA,AWP,WE,Towers with Radar,245,36,101,0,382,0,1,226,2,229,245,37,327,2,611,48,0,48,659
02/27/2020,SNA,CA,AWP,WE,Towers with Radar,244,75,119,0,438,0,2,243,1,246,244,77,362,1,684,186,0,186,870
02/28/2020,SNA,CA,AWP,WE,Towers with Radar,241,73,110,2,426,0,2,225,0,227,241,75,335,2,653,108,0,108,761
02/29/2020,SNA,CA,AWP,WE,Towers with Radar,176,48,95,0,319,0,0,181,1,182,176,48,276,1,501,80,0,80,581
03/01/2020,SNA,CA,AWP,WE,Towers with Radar,226,61,88,0,375,0,0,53,0,53,226,61,141,0,428,102,0,102,530
03/02/2020,SNA,CA,AWP,WE,Towers with Radar,247,62,83,0,392,0,0,151,0,151,247,62,234,0,543,6,0,6,549
03/03/2020,SNA,CA,AWP,WE,Towers with Radar,236,48,87,0,371,0,1,219,1,221,236,49,306,1,592,82,0,82,674
03/04/2020,SNA,CA,AWP,WE,Towers with Radar,236,55,89,0,380,0,1,220,0,221,236,56,309,0,601,116,0,116,717
03/05/2020,SNA,CA,AWP,WE,Towers with Radar,246,69,105,0,420,0,0,197,2,199,246,69,302,2,619,230,0,230,849
03/06/2020,SNA,CA,AWP,WE,Towers with Radar,246,75,102,2,425,0,0,194,7,201,246,75,296,9,626,264,0,264,890
03/07/2020,SNA,CA,AWP,WE,Towers with Radar,179,32,80,0,291,0,2,157,0,159,179,34,237,0,450,364,0,364,814
03/08/2020,SNA,CA,AWP,WE,Towers with Radar,226,69,109,0,404,0,0,158,0,158,226,69,267,0,562,326,0,326,888
03/09/2020,SNA,CA,AWP,WE,Towers with Radar,250,67,69,0,386,0,0,177,0,177,250,67,246,0,563,238,0,238,801
03/10/2020,SNA,CA,AWP,WE,Towers with Radar,236,28,62,1,327,0,0,26,0,26,236,28,88,1,353,68,0,68,421
03/11/2020,SNA,CA,AWP,WE,Towers with Radar,230,43,110,0,383,0,1,180,0,181,230,44,290,0,564,20,0,20,584
03/12/2020,SNA,CA,AWP,WE,Towers with Radar,248,64,88,0,400,0,2,38,0,40,248,66,126,0,440,50,0,50,490
03/13/2020,SNA,CA,AWP,WE,Towers with Radar,234,69,102,0,405,0,0,32,0,32,234,69,134,0,437,106,0,106,543
03/14/2020,SNA,CA,AWP,WE,Towers with Radar,178,34,79,0,291,0,0,57,0,57,178,34,136,0,348,278,0,278,626
03/15/2020,SNA,CA,AWP,WE,Towers with Radar,213,75,95,0,383,0,0,143,0,143,213,75,238,0,526,452,0,452,978
03/16/2020,SNA,CA,AWP,WE,Towers with Radar,247,55,73,0,375,0,0,66,2,68,247,55,139,2,443,160,0,160,603
03/17/2020,SNA,CA,AWP,WE,Towers with Radar,243,43,52,0,338,0,0,171,0,171,243,43,223,0,509,306,0,306,815
03/18/2020,SNA,CA,AWP,WE,Towers with Radar,207,32,39,0,278,0,0,86,0,86,207,32,125,0,364,252,0,252,616
03/19/2020,SNA,CA,AWP,WE,Towers with Radar,171,28,31,0,230,0,0,61,0,61,171,28,92,0,291,216,0,216,507
03/20/2020,SNA,CA,AWP,WE,Towers with Radar,190,23,41,0,254,0,0,73,0,73,190,23,114,0,327,182,0,182,509
03/21/2020,SNA,CA,AWP,WE,Towers with Radar,123,15,35,0,173,0,0,121,1,122,123,15,156,1,295,150,0,150,445
03/22/2020,SNA,CA,AWP,WE,Towers with Radar,160,19,32,0,211,0,0,81,0,81,160,19,113,0,292,124,0,124,416
03/23/2020,SNA,CA,AWP,WE,Towers with Radar,166,20,32,0,218,0,0,76,0,76,166,20,108,0,294,163,0,163,457
03/24/2020,SNA,CA,AWP,WE,Towers with Radar,140,8,27,0,175,0,0,49,2,51,140,8,76,2,226,290,0,290,516
03/25/2020,SNA,CA,AWP,WE,Towers with Radar,131,15,27,0,173,0,1,69,0,70,131,16,96,0,243,124,0,124,367
03/26/2020,SNA,CA,AWP,WE,Towers with Radar,128,14,16,0,158,0,2,88,3,93,128,16,104,3,251,90,6,96,347
03/27/2020,SNA,CA,AWP,WE,Towers with Radar,62,7,17,0,86,22,6,94,0,122,84,13,111,0,208,0,0,0,208
03/28/2020,SNA,CA,AWP,WE,Towers with Radar,86,10,30,1,127,0,0,133,1,134,86,10,163,2,261,198,0,198,459
03/29/2020,SNA,CA,AWP,WE,Towers with Radar,109,15,13,0,137,0,0,75,0,75,109,15,88,0,212,154,0,154,366
03/30/2020,SNA,CA,AWP,WE,Towers with Radar,110,8,22,0,140,0,2,125,0,127,110,10,147,0,267,186,0,186,453
03/31/2020,SNA,CA,AWP,WE,Towers with Radar,92,8,17,0,117,0,0,137,2,139,92,8,154,2,256,250,0,250,506
04/01/2020,SNA,CA,AWP,WE,Towers with Radar,86,15,37,0,138,0,0,137,0,137,86,15,174,0,275,168,0,168,443
04/02/2020,SNA,CA,AWP,WE,Towers with Radar,78,13,24,0,115,0,0,99,0,99,78,13,123,0,214,178,0,178,392
04/03/2020,SNA,CA,AWP,WE,Towers with Radar,68,20,43,0,131,0,0,151,2,153,68,20,194,2,284,200,0,200,484
04/04/2020,SNA,CA,AWP,WE,Towers with Radar,53,14,35,0,102,0,0,104,0,104,53,14,139,0,206,176,0,176,382
04/05/2020,SNA,CA,AWP,WE,Towers with Radar,71,11,19,0,101,0,0,29,0,29,71,11,48,0,130,126,0,126,256
04/06/2020,SNA,CA,AWP,WE,Towers with Radar,69,14,19,0,102,0,0,14,0,14,69,14,33,0,116,0,0,0,116
04/07/2020,SNA,CA,AWP,WE,Towers with Radar,59,10,20,2,91,0,0,25,0,25,59,10,45,2,116,68,0,68,184
04/08/2020,SNA,CA,AWP,WE,Towers with Radar,67,8,17,0,92,0,0,83,3,86,67,8,100,3,178,300,0,300,478
04/09/2020,SNA,CA,AWP,WE,Towers with Radar,71,13,30,0,114,0,0,17,0,17,71,13,47,0,131,64,0,64,195
04/10/2020,SNA,CA,AWP,WE,Towers with Radar,65,14,27,0,106,0,0,47,0,47,65,14,74,0,153,274,0,274,427
04/11/2020,SNA,CA,AWP,WE,Towers with Radar,51,9,51,0,111,0,0,170,1,171,51,9,221,1,282,298,0,298,580
04/12/2020,SNA,CA,AWP,WE,Towers with Radar,56,4,30,0,90,0,0,35,0,35,56,4,65,0,125,74,0,74,199
04/13/2020,SNA,CA,AWP,WE,Towers with Radar,64,6,23,0,93,0,0,61,0,61,64,6,84,0,154,276,0,276,430
04/14/2020,SNA,CA,AWP,WE,Towers with Radar,57,6,36,0,99,0,1,185,2,188,57,7,221,2,287,212,0,212,499
04/15/2020,SNA,CA,AWP,WE,Towers with Radar,55,14,40,0,109,0,0,215,0,215,55,14,255,0,324,290,0,290,614
04/16/2020,SNA,CA,AWP,WE,Towers with Radar,45,14,57,0,116,0,2,186,0,188,45,16,243,0,304,294,0,294,598
04/17/2020,SNA,CA,AWP,WE,Towers with Radar,56,14,31,0,101,0,0,112,0,112,56,14,143,0,213,258,0,258,471
04/18/2020,SNA,CA,AWP,WE,Towers with Radar,41,7,45,0,93,0,0,105,0,105,41,7,150,0,198,278,0,278,476
04/19/2020,SNA,CA,AWP,WE,Towers with Radar,45,13,37,0,95,0,0,121,0,121,45,13,158,0,216,176,0,176,392
04/20/2020,SNA,CA,AWP,WE,Towers with Radar,51,14,45,0,110,0,0,96,0,96,51,14,141,0,206,300,0,300,506
04/21/2020,SNA,CA,AWP,WE,Towers with Radar,51,10,36,0,97,0,1,146,0,147,51,11,182,0,244,254,0,254,498
04/22/2020,SNA,CA,AWP,WE,Towers with Radar,47,13,38,0,98,0,2,220,0,222,47,15,258,0,320,396,0,396,716
04/23/2020,SNA,CA,AWP,WE,Towers with Radar,53,14,60,0,127,0,0,193,5,198,53,14,253,5,325,190,0,190,515
04/24/2020,SNA,CA,AWP,WE,Towers with Radar,49,23,48,0,120,0,1,219,1,221,49,24,267,1,341,332,0,332,673
04/25/2020,SNA,CA,AWP,WE,Towers with Radar,33,9,45,0,87,0,0,202,0,202,33,9,247,0,289,182,0,182,471
04/26/2020,SNA,CA,AWP,WE,Towers with Radar,46,20,44,0,110,0,2,178,1,181,46,22,222,1,291,166,0,166,457
04/27/2020,SNA,CA,AWP,WE,Towers with Radar,53,27,36,0,116,0,1,159,2,162,53,28,195,2,278,164,0,164,442
04/28/2020,SNA,CA,AWP,WE,Towers with Radar,50,24,46,0,120,0,0,159,0,159,50,24,205,0,279,302,0,302,581
04/29/2020,SNA,CA,AWP,WE,Towers with Radar,44,18,44,0,106,0,1,90,0,91,44,19,134,0,197,208,0,208,405
04/30/2020,SNA,CA,AWP,WE,Towers with Radar,55,22,57,0,134,0,0,110,0,110,55,22,167,0,244,314,0,314,558
05/01/2020,SNA,CA,AWP,WE,Towers with Radar,61,16,78,0,155,0,0,212,0,212,61,16,290,0,367,276,0,276,643
05/02/2020,SNA,CA,AWP,WE,Towers with Radar,33,19,48,1,101,0,0,237,1,238,33,19,285,2,339,266,0,266,605
05/03/2020,SNA,CA,AWP,WE,Towers with Radar,52,22,42,0,116,0,0,201,3,204,52,22,243,3,320,193,0,193,513
05/04/2020,SNA,CA,AWP,WE,Towers with Radar,64,28,47,3,142,0,1,185,0,186,64,29,232,3,328,332,0,332,660
05/05/2020,SNA,CA,AWP,WE,Towers with Radar,57,19,57,2,135,0,1,217,6,224,57,20,274,8,359,278,0,278,637
05/06/2020,SNA,CA,AWP,WE,Towers with Radar,60,26,43,1,130,0,0,225,4,229,60,26,268,5,359,309,0,309,668
05/07/2020,SNA,CA,AWP,WE,Towers with Radar,59,24,82,0,165,0,2,223,2,227,59,26,305,2,392,162,0,162,554
05/08/2020,SNA,CA,AWP,WE,Towers with Radar,60,35,68,1,164,0,0,205,3,208,60,35,273,4,372,352,0,352,724
05/09/2020,SNA,CA,AWP,WE,Towers with Radar,52,28,61,0,141,0,0,172,0,172,52,28,233,0,313,278,0,278,591
05/10/2020,SNA,CA,AWP,WE,Towers with Radar,53,25,43,0,121,0,0,66,0,66,53,25,109,0,187,284,0,284,471
05/11/2020,SNA,CA,AWP,WE,Towers with Radar,59,28,56,2,145,0,2,161,2,165,59,30,217,4,310,366,0,366,676
05/12/2020,SNA,CA,AWP,WE,Towers with Radar,54,13,65,1,133,0,2,111,2,115,54,15,176,3,248,400,0,400,648
05/13/2020,SNA,CA,AWP,WE,Towers with Radar,57,17,60,0,134,0,0,195,5,200,57,17,255,5,334,148,0,148,482
05/14/2020,SNA,CA,AWP,WE,Towers with Radar,65,28,76,0,169,0,0,221,1,222,65,28,297,1,391,190,0,190,581
05/15/2020,SNA,CA,AWP,WE,Towers with Radar,58,29,95,0,182,0,0,236,0,236,58,29,331,0,418,172,0,172,590
05/16/2020,SNA,CA,AWP,WE,Towers with Radar,54,17,62,2,135,0,1,214,2,217,54,18,276,4,352,108,0,108,460
05/17/2020,SNA,CA,AWP,WE,Towers with Radar,56,21,67,0,144,0,0,165,4,169,56,21,232,4,313,192,0,192,505
05/18/2020,SNA,CA,AWP,WE,Towers with Radar,58,41,74,0,173,0,0,38,5,43,58,41,112,5,216,136,6,142,358
05/19/2020,SNA,CA,AWP,WE,Towers with Radar,54,20,61,1,136,0,0,159,4,163,54,20,220,5,299,234,0,234,533
05/20/2020,SNA,CA,AWP,WE,Towers with Radar,59,39,73,0,171,0,1,219,2,222,59,40,292,2,393,344,0,344,737
05/21/2020,SNA,CA,AWP,WE,Towers with Radar,65,45,83,0,193,0,2,247,1,250,65,47,330,1,443,258,2,260,703
05/22/2020,SNA,CA,AWP,WE,Towers with Radar,62,45,119,0,226,0,1,229,7,237,62,46,348,7,463,352,0,352,815
05/23/2020,SNA,CA,AWP,WE,Towers with Radar,55,22,59,0,136,0,2,176,2,180,55,24,235,2,316,150,0,150,466
05/24/2020,SNA,CA,AWP,WE,Towers with Radar,62,26,48,0,136,0,0,207,0,207,62,26,255,0,343,168,0,168,511
05/25/2020,SNA,CA,AWP,WE,Towers with Radar,68,32,86,0,186,0,4,183,0,187,68,36,269,0,373,72,0,72,445
05/26/2020,SNA,CA,AWP,WE,Towers with Radar,60,31,83,0,174,0,0,200,4,204,60,31,283,4,378,168,0,168,546
05/27/2020,SNA,CA,AWP,WE,Towers with Radar,62,32,91,1,186,0,1,161,0,162,62,33,252,1,348,138,0,138,486
05/28/2020,SNA,CA,AWP,WE,Towers with Radar,68,41,85,0,194,0,0,161,0,161,68,41,246,0,355,296,0,296,651
05/29/2020,SNA,CA,AWP,WE,Towers with Radar,64,32,121,0,217,0,3,79,0,82,64,35,200,0,299,342,0,342,641
05/30/2020,SNA,CA,AWP,WE,Towers with Radar,56,28,73,0,157,0,2,224,0,226,56,30,297,0,383,188,0,188,571
05/31/2020,SNA,CA,AWP,WE,Towers with Radar,62,29,78,0,169,0,2,201,1,204,62,31,279,1,373,242,0,242,615
06/01/2020,SNA,CA,AWP,WE,Towers with Radar,67,44,66,0,177,0,2,194,1,197,67,46,260,1,374,472,0,472,846
06/02/2020,SNA,CA,AWP,WE,Towers with Radar,67,25,61,0,153,0,2,229,0,231,67,27,290,0,384,248,0,248,632
06/03/2020,SNA,CA,AWP,WE,Towers with Radar,68,28,72,0,168,0,1,230,5,236,68,29,302,5,404,242,0,242,646
06/04/2020,SNA,CA,AWP,WE,Towers with Radar,71,49,139,0,259,0,1,69,0,70,71,50,208,0,329,168,0,168,497
06/05/2020,SNA,CA,AWP,WE,Towers with Radar,71,36,105,0,212,0,1,102,0,103,71,37,207,0,315,222,0,222,537
06/06/2020,SNA,CA,AWP,WE,Towers with Radar,66,28,75,0,169,0,0,137,0,137,66,28,212,0,306,160,0,160,466
06/07/2020,SNA,CA,AWP,WE,Towers with Radar,82,34,97,1,214,0,0,180,1,181,82,34,277,2,395,210,0,210,605
06/08/2020,SNA,CA,AWP,WE,Towers with Radar,95,44,64,0,203,0,0,104,0,104,95,44,168,0,307,40,0,40,347
06/09/2020,SNA,CA,AWP,WE,Towers with Radar,83,41,76,0,200,0,1,225,2,228,83,42,301,2,428,370,0,370,798
06/10/2020,SNA,CA,AWP,WE,Towers with Radar,82,59,87,0,228,0,2,266,0,268,82,61,353,0,496,350,0,350,846
06/11/2020,SNA,CA,AWP,WE,Towers with Radar,92,46,107,0,245,0,6,276,0,282,92,52,383,0,527,416,0,416,943
06/12/2020,SNA,CA,AWP,WE,Towers with Radar,90,58,110,0,258,0,3,235,2,240,90,61,345,2,498,198,0,198,696
06/13/2020,SNA,CA,AWP,WE,Towers with Radar,76,56,66,0,198,0,3,212,0,215,76,59,278,0,413,192,0,192,605
06/14/2020,SNA,CA,AWP,WE,Towers with Radar,88,50,100,0,238,0,1,197,1,199,88,51,297,1,437,130,0,130,567
06/15/2020,SNA,CA,AWP,WE,Towers with Radar,100,51,103,0,254,0,3,192,1,196,100,54,295,1,450,292,0,292,742
06/16/2020,SNA,CA,AWP,WE,Towers with Radar,92,48,112,1,253,0,0,138,5,143,92,48,250,6,396,238,0,238,634
06/17/2020,SNA,CA,AWP,WE,Towers with Radar,90,53,111,1,255,0,3,172,4,179,90,56,283,5,434,448,0,448,882
06/18/2020,SNA,CA,AWP,WE,Towers with Radar,97,67,152,0,316,0,11,172,0,183,97,78,324,0,499,476,0,476,975
06/19/2020,SNA,CA,AWP,WE,Towers with Radar,99,74,126,1,300,0,2,237,3,242,99,76,363,4,542,274,2,276,818
06/20/2020,SNA,CA,AWP,WE,Towers with Radar,84,44,98,7,233,0,0,142,9,151,84,44,240,16,384,200,0,200,584
06/21/2020,SNA,CA,AWP,WE,Towers with Radar,93,59,94,0,246,0,2,140,0,142,93,61,234,0,388,262,0,262,650
06/22/2020,SNA,CA,AWP,WE,Towers with Radar,108,57,130,0,295,0,0,127,0,127,108,57,257,0,422,176,0,176,598
06/23/2020,SNA,CA,AWP,WE,Towers with Radar,97,47,103,1,248,0,2,154,3,159,97,49,257,4,407,224,0,224,631
06/24/2020,SNA,CA,AWP,WE,Towers with Radar,94,51,115,1,261,0,0,167,2,169,94,51,282,3,430,248,0,248,678
06/25/2020,SNA,CA,AWP,WE,Towers with Radar,106,59,137,0,302,0,3,176,0,179,106,62,313,0,481,234,0,234,715
06/26/2020,SNA,CA,AWP,WE,Towers with Radar,105,55,125,0,285,0,1,220,0,221,105,56,345,0,506,246,0,246,752
06/27/2020,SNA,CA,AWP,WE,Towers with Radar,84,35,85,0,204,0,0,219,0,219,84,35,304,0,423,288,0,288,711
06/28/2020,SNA,CA,AWP,WE,Towers with Radar,98,62,106,1,267,0,0,79,0,79,98,62,185,1,346,228,0,228,574
06/29/2020,SNA,CA,AWP,WE,Towers with Radar,111,50,92,0,253,0,1,141,0,142,111,51,233,0,395,334,0,334,729
06/30/2020,SNA,CA,AWP,WE,Towers with Radar,109,59,88,0,256,0,0,207,0,207,109,59,295,0,463,430,0,430,893
07/01/2020,SNA,CA,AWP,WE,Towers with Radar,109,69,135,0,313,0,1,122,2,125,109,70,257,2,438,248,0,248,686
07/02/2020,SNA,CA,AWP,WE,Towers with Radar,122,89,136,0,347,0,0,267,0,267,122,89,403,0,614,250,0,250,864
07/03/2020,SNA,CA,AWP,WE,Towers with Radar,115,51,93,0,259,0,0,321,0,321,115,51,414,0,580,172,0,172,752
07/04/2020,SNA,CA,AWP,WE,Towers with Radar,106,21,37,0,164,0,0,135,7,142,106,21,172,7,306,60,0,60,366
07/05/2020,SNA,CA,AWP,WE,Towers with Radar,111,61,137,0,309,0,1,227,0,228,111,62,364,0,537,194,0,194,731
07/06/2020,SNA,CA,AWP,WE,Towers with Radar,129,81,111,1,322,0,0,203,0,203,129,81,314,1,525,266,0,266,791
07/07/2020,SNA,CA,AWP,WE,Towers with Radar,131,61,91,1,284,0,0,280,2,282,131,61,371,3,566,296,0,296,862
07/08/2020,SNA,CA,AWP,WE,Towers with Radar,136,47,94,0,277,0,1,246,2,249,136,48,340,2,526,334,0,334,860
07/09/2020,SNA,CA,AWP,WE,Towers with Radar,144,63,89,0,296,0,0,248,0,248,144,63,337,0,544,336,0,336,880
07/10/2020,SNA,CA,AWP,WE,Towers with Radar,142,51,90,0,283,0,3,232,0,235,142,54,322,0,518,260,0,260,778
07/11/2020,SNA,CA,AWP,WE,Towers with Radar,138,46,70,0,254,0,3,233,4,240,138,49,303,4,494,164,0,164,658
07/12/2020,SNA,CA,AWP,WE,Towers with Radar,133,65,91,0,289,0,3,197,0,200,133,68,288,0,489,202,16,218,707
07/13/2020,SNA,CA,AWP,WE,Towers with Radar,141,53,84,0,278,0,2,198,0,200,141,55,282,0,478,374,0,374,852
07/14/2020,SNA,CA,AWP,WE,Towers with Radar,134,40,88,0,262,0,2,217,2,221,134,42,305,2,483,390,0,390,873
07/15/2020,SNA,CA,AWP,WE,Towers with Radar,134,53,92,0,279,0,0,276,3,279,134,53,368,3,558,420,0,420,978
07/16/2020,SNA,CA,AWP,WE,Towers with Radar,145,71,112,0,328,0,1,242,0,243,145,72,354,0,571,324,0,324,895
07/17/2020,SNA,CA,AWP,WE,Towers with Radar,140,67,110,0,317,0,1,258,7,266,140,68,368,7,583,350,0,350,933
07/18/2020,SNA,CA,AWP,WE,Towers with Radar,133,39,83,0,255,0,2,206,0,208,133,41,289,0,463,244,0,244,707
07/19/2020,SNA,CA,AWP,WE,Towers with Radar,132,73,85,0,290,0,2,227,0,229,132,75,312,0,519,186,0,186,705
07/20/2020,SNA,CA,AWP,WE,Towers with Radar,141,47,83,1,272,0,0,198,2,200,141,47,281,3,472,430,0,430,902
07/21/2020,SNA,CA,AWP,WE,Towers with Radar,135,46,102,0,283,0,1,196,1,198,135,47,298,1,481,450,0,450,931
07/22/2020,SNA,CA,AWP,WE,Towers with Radar,135,48,103,1,287,0,0,203,0,203,135,48,306,1,490,458,0,458,948
07/23/2020,SNA,CA,AWP,WE,Towers with Radar,144,47,115,1,307,0,3,168,0,171,144,50,283,1,478,380,0,380,858
07/24/2020,SNA,CA,AWP,WE,Towers with Radar,138,54,124,1,317,0,0,209,1,210,138,54,333,2,527,348,0,348,875
07/25/2020,SNA,CA,AWP,WE,Towers with Radar,135,50,75,0,260,0,0,195,0,195,135,50,270,0,455,272,0,272,727
07/26/2020,SNA,CA,AWP,WE,Towers with Radar,131,65,106,0,302,0,5,216,0,221,131,70,322,0,523,242,0,242,765
07/27/2020,SNA,CA,AWP,WE,Towers with Radar,141,65,100,0,306,0,0,187,1,188,141,65,287,1,494,358,0,358,852
07/28/2020,SNA,CA,AWP,WE,Towers with Radar,133,42,86,0,261,0,0,229,0,229,133,42,315,0,490,308,0,308,798
07/29/2020,SNA,CA,AWP,WE,Towers with Radar,133,53,122,0,308,0,1,241,4,246,133,54,363,4,554,408,0,408,962
07/30/2020,SNA,CA,AWP,WE,Towers with Radar,140,65,113,0,318,0,8,226,0,234,140,73,339,0,552,246,0,246,798
07/31/2020,SNA,CA,AWP,WE,Towers with Radar,140,66,94,0,300,0,0,257,1,258,140,66,351,1,558,368,0,368,926
08/01/2020,SNA,CA,AWP,WE,Towers with Radar,140,40,85,0,265,0,4,227,0,231,140,44,312,0,496,202,0,202,698
08/02/2020,SNA,CA,AWP,WE,Towers with Radar,140,64,125,0,329,0,0,179,0,179,140,64,304,0,508,148,0,148,656
08/03/2020,SNA,CA,AWP,WE,Towers with Radar,146,69,103,0,318,0,0,185,1,186,146,69,288,1,504,312,0,312,816
08/04/2020,SNA,CA,AWP,WE,Towers with Radar,138,39,89,0,266,0,0,172,0,172,138,39,261,0,438,8,0,8,446
08/05/2020,SNA,CA,AWP,WE,Towers with Radar,138,64,109,0,311,0,0,216,2,218,138,64,325,2,529,14,0,14,543
08/06/2020,SNA,CA,AWP,WE,Towers with Radar,146,62,112,0,320,0,2,246,1,249,146,64,358,1,569,16,0,16,585
08/07/2020,SNA,CA,AWP,WE,Towers with Radar,142,65,104,0,311,0,0,260,2,262,142,65,364,2,573,254,0,254,827
08/08/2020,SNA,CA,AWP,WE,Towers with Radar,139,58,95,0,292,0,0,192,0,192,139,58,287,0,484,192,0,192,676
08/09/2020,SNA,CA,AWP,WE,Towers with Radar,134,70,118,0,322,0,1,208,0,209,134,71,326,0,531,208,0,208,739
08/10/2020,SNA,CA,AWP,WE,Towers with Radar,144,70,107,0,321,0,3,181,0,184,144,73,288,0,505,336,0,336,841
08/11/2020,SNA,CA,AWP,WE,Towers with Radar,133,45,77,0,255,0,0,186,0,186,133,45,263,0,441,384,0,384,825
08/12/2020,SNA,CA,AWP,WE,Towers with Radar,134,55,109,0,298,0,2,277,5,284,134,57,386,5,582,342,0,342,924
08/13/2020,SNA,CA,AWP,WE,Towers with Radar,141,43,116,0,300,0,1,269,0,270,141,44,385,0,570,402,0,402,972
08/14/2020,SNA,CA,AWP,WE,Towers with Radar,140,69,124,0,333,0,0,245,0,245,140,69,369,0,578,352,0,352,930
08/15/2020,SNA,CA,AWP,WE,Towers with Radar,127,53,80,0,260,0,0,210,0,210,127,53,290,0,470,234,0,234,704
08/16/2020,SNA,CA,AWP,WE,Towers with Radar,133,64,107,0,304,0,0,224,2,226,133,64,331,2,530,286,0,286,816
08/17/2020,SNA,CA,AWP,WE,Towers with Radar,139,43,117,1,300,0,1,211,1,213,139,44,328,2,513,307,0,307,820
08/18/2020,SNA,CA,AWP,WE,Towers with Radar,131,46,92,0,269,0,0,234,4,238,131,46,326,4,507,382,0,382,889
08/19/2020,SNA,CA,AWP,WE,Towers with Radar,130,56,99,0,285,0,0,224,0,224,130,56,323,0,509,378,0,378,887
08/20/2020,SNA,CA,AWP,WE,Towers with Radar,140,55,117,0,312,0,0,188,3,191,140,55,305,3,503,244,0,244,747
08/21/2020,SNA,CA,AWP,WE,Towers with Radar,138,50,117,0,305,0,3,226,0,229,138,53,343,0,534,370,0,370,904
08/22/2020,SNA,CA,AWP,WE,Towers with Radar,125,52,98,0,275,0,1,184,0,185,125,53,282,0,460,300,0,300,760
08/23/2020,SNA,CA,AWP,WE,Towers with Radar,131,67,123,0,321,0,0,203,2,205,131,67,326,2,526,304,0,304,830
08/24/2020,SNA,CA,AWP,WE,Towers with Radar,142,57,86,0,285,0,2,188,0,190,142,59,274,0,475,384,0,384,859
08/25/2020,SNA,CA,AWP,WE,Towers with Radar,131,42,92,0,265,0,2,200,0,202,131,44,292,0,467,394,0,394,861
08/26/2020,SNA,CA,AWP,WE,Towers with Radar,126,63,124,0,313,0,2,204,0,206,126,65,328,0,519,290,0,290,809
08/27/2020,SNA,CA,AWP,WE,Towers with Radar,144,48,120,0,312,0,1,269,1,271,144,49,389,1,583,408,0,408,991
08/28/2020,SNA,CA,AWP,WE,Towers with Radar,140,63,116,0,319,0,0,335,3,338,140,63,451,3,657,238,0,238,895
08/29/2020,SNA,CA,AWP,WE,Towers with Radar,125,34,82,0,241,0,0,195,0,195,125,34,277,0,436,164,0,164,600
08/30/2020,SNA,CA,AWP,WE,Towers with Radar,131,64,117,0,312,0,1,193,0,194,131,65,310,0,506,264,0,264,770
08/31/2020,SNA,CA,AWP,WE,Towers with Radar,142,52,96,1,291,0,1,216,3,220,142,53,312,4,511,420,0,420,931
09/01/2020,SNA,CA,AWP,WE,Towers with Radar,130,45,90,0,265,0,0,157,0,157,130,45,247,0,422,402,0,402,824
09/02/2020,SNA,CA,AWP,WE,Towers with Radar,133,52,94,0,279,0,1,232,0,233,133,53,326,0,512,346,0,346,858
09/03/2020,SNA,CA,AWP,WE,Towers with Radar,150,76,145,0,371,0,7,245,2,254,150,83,390,2,625,362,0,362,987
09/04/2020,SNA,CA,AWP,WE,Towers with Radar,146,85,127,0,358,0,2,272,2,276,146,87,399,2,634,350,0,350,984
09/05/2020,SNA,CA,AWP,WE,Towers with Radar,114,41,61,0,216,0,1,184,0,185,114,42,245,0,401,284,0,284,685
09/06/2020,SNA,CA,AWP,WE,Towers with Radar,107,42,49,0,198,0,2,141,2,145,107,44,190,2,343,248,0,248,591
09/07/2020,SNA,CA,AWP,WE,Towers with Radar,127,96,141,0,364,0,1,134,2,137,127,97,275,2,501,240,0,240,741
09/08/2020,SNA,CA,AWP,WE,Towers with Radar,112,70,100,0,282,0,0,85,0,85,112,70,185,0,367,420,0,420,787
09/09/2020,SNA,CA,AWP,WE,Towers with Radar,109,63,108,0,280,0,0,140,2,142,109,63,248,2,422,290,0,290,712
09/10/2020,SNA,CA,AWP,WE,Towers with Radar,116,48,113,0,277,0,0,182,1,183,116,48,295,1,460,328,0,328,788
09/11/2020,SNA,CA,AWP,WE,Towers with Radar,116,73,100,0,289,0,0,188,1,189,116,73,288,1,478,348,0,348,826
09/12/2020,SNA,CA,AWP,WE,Towers with Radar,110,32,94,0,236,0,0,111,2,113,110,32,205,2,349,436,0,436,785
09/13/2020,SNA,CA,AWP,WE,Towers with Radar,114,58,110,0,282,0,0,97,2,99,114,58,207,2,381,264,0,264,645
09/14/2020,SNA,CA,AWP,WE,Towers with Radar,114,52,101,0,267,0,0,91,2,93,114,52,192,2,360,236,0,236,596
09/15/2020,SNA,CA,AWP,WE,Towers with Radar,99,47,74,0,220,0,1,101,2,104,99,48,175,2,324,372,0,372,696
09/16/2020,SNA,CA,AWP,WE,Towers with Radar,108,66,92,0,266,0,0,219,2,221,108,66,311,2,487,324,0,324,811
09/17/2020,SNA,CA,AWP,WE,Towers with Radar,115,82,107,1,305,0,0,257,4,261,115,82,364,5,566,394,0,394,960
09/18/2020,SNA,CA,AWP,WE,Towers with Radar,116,78,111,0,305,0,2,256,6,264,116,80,367,6,569,370,0,370,939
09/19/2020,SNA,CA,AWP,WE,Towers with Radar,107,36,83,0,226,0,0,304,0,304,107,36,387,0,530,420,2,422,952
09/20/2020,SNA,CA,AWP,WE,Towers with Radar,115,75,113,0,303,0,1,196,4,201,115,76,309,4,504,284,0,284,788
09/21/2020,SNA,CA,AWP,WE,Towers with Radar,116,46,101,0,263,0,0,213,2,215,116,46,314,2,478,334,0,334,812
09/22/2020,SNA,CA,AWP,WE,Towers with Radar,106,53,94,0,253,0,2,214,8,224,106,55,308,8,477,314,0,314,791
09/23/2020,SNA,CA,AWP,WE,Towers with Radar,107,53,104,0,264,0,2,218,3,223,107,55,322,3,487,568,0,568,1055
09/24/2020,SNA,CA,AWP,WE,Towers with Radar,117,71,112,2,302,0,1,244,5,250,117,72,356,7,552,406,0,406,958
09/25/2020,SNA,CA,AWP,WE,Towers with Radar,117,63,105,0,285,0,2,231,0,233,117,65,336,0,518,406,0,406,924
09/26/2020,SNA,CA,AWP,WE,Towers with Radar,108,28,95,0,231,0,0,229,1,230,108,28,324,1,461,314,0,314,775
09/27/2020,SNA,CA,AWP,WE,Towers with Radar,114,80,116,0,310,0,0,168,1,169,114,80,284,1,479,252,0,252,731
09/28/2020,SNA,CA,AWP,WE,Towers with Radar,116,59,83,0,258,0,0,170,0,170,116,59,253,0,428,370,0,370,798
09/29/2020,SNA,CA,AWP,WE,Towers with Radar,119,47,77,0,243,0,0,171,0,171,119,47,248,0,414,286,0,286,700
09/30/2020,SNA,CA,AWP,WE,Towers with Radar,109,44,104,0,257,0,0,252,4,256,109,44,356,4,513,512,0,512,1025
10/01/2020,SNA,CA,AWP,WE,Towers with Radar,116,57,132,0,305,0,0,269,0,269,116,57,401,0,574,360,0,360,934
10/02/2020,SNA,CA,AWP,WE,Towers with Radar,118,65,112,0,295,0,0,282,0,282,118,65,394,0,577,554,0,554,1131
10/03/2020,SNA,CA,AWP,WE,Towers with Radar,107,45,80,0,232,0,0,249,0,249,107,45,329,0,481,262,0,262,743
10/04/2020,SNA,CA,AWP,WE,Towers with Radar,117,69,119,0,305,0,0,200,0,200,117,69,319,0,505,232,0,232,737
10/05/2020,SNA,CA,AWP,WE,Towers with Radar,120,54,106,0,280,0,0,181,0,181,120,54,287,0,461,292,0,292,753
10/06/2020,SNA,CA,AWP,WE,Towers with Radar,108,41,77,0,226,0,0,167,0,167,108,41,244,0,393,430,0,430,823
10/07/2020,SNA,CA,AWP,WE,Towers with Radar,112,51,127,0,290,0,0,203,0,203,112,51,330,0,493,278,0,278,771
10/08/2020,SNA,CA,AWP,WE,Towers with Radar,121,63,136,0,320,0,0,231,1,232,121,63,367,1,552,360,0,360,912
10/09/2020,SNA,CA,AWP,WE,Towers with Radar,126,73,138,0,337,0,0,194,0,194,126,73,332,0,531,452,2,454,985
10/10/2020,SNA,CA,AWP,WE,Towers with Radar,108,42,64,0,214,0,1,162,0,163,108,43,226,0,377,436,0,436,813
10/11/2020,SNA,CA,AWP,WE,Towers with Radar,124,73,115,0,312,0,0,192,0,192,124,73,307,0,504,272,0,272,776
10/12/2020,SNA,CA,AWP,WE,Towers with Radar,128,59,88,0,275,0,0,189,0,189,128,59,277,0,464,334,0,334,798
10/13/2020,SNA,CA,AWP,WE,Towers with Radar,110,61,79,0,250,0,0,214,0,214,110,61,293,0,464,318,32,350,814
10/14/2020,SNA,CA,AWP,WE,Towers with Radar,117,57,99,0,273,0,2,230,0,232,117,59,329,0,505,382,0,382,887
10/15/2020,SNA,CA,AWP,WE,Towers with Radar,121,72,113,0,306,0,2,245,0,247,121,74,358,0,553,332,0,332,885
10/16/2020,SNA,CA,AWP,WE,Towers with Radar,133,63,117,2,315,0,0,276,3,279,133,63,393,5,594,236,0,236,830
10/17/2020,SNA,CA,AWP,WE,Towers with Radar,111,53,87,1,252,0,0,226,0,226,111,53,313,1,478,232,0,232,710
10/18/2020,SNA,CA,AWP,WE,Towers with Radar,122,59,100,5,286,0,0,103,0,103,122,59,203,5,389,110,0,110,499
10/19/2020,SNA,CA,AWP,WE,Towers with Radar,127,47,89,3,266,0,0,174,0,174,127,47,263,3,440,310,0,310,750
10/20/2020,SNA,CA,AWP,WE,Towers with Radar,110,42,103,1,256,0,0,189,0,189,110,42,292,1,445,296,0,296,741
10/21/2020,SNA,CA,AWP,WE,Towers with Radar,113,46,132,0,291,0,0,162,2,164,113,46,294,2,455,526,0,526,981
10/22/2020,SNA,CA,AWP,WE,Towers with Radar,122,63,138,0,323,0,0,193,0,193,122,63,331,0,516,366,0,366,882
10/23/2020,SNA,CA,AWP,WE,Towers with Radar,126,63,122,1,312,0,0,200,2,202,126,63,322,3,514,386,0,386,900
10/24/2020,SNA,CA,AWP,WE,Towers with Radar,108,52,108,2,270,0,0,150,0,150,108,52,258,2,420,200,0,200,620
10/25/2020,SNA,CA,AWP,WE,Towers with Radar,116,86,133,0,335,0,0,98,0,98,116,86,231,0,433,216,0,216,649
10/26/2020,SNA,CA,AWP,WE,Towers with Radar,121,50,51,0,222,1,2,51,0,54,122,52,102,0,276,22,0,22,298
10/27/2020,SNA,CA,AWP,WE,Towers with Radar,104,44,63,0,211,0,0,122,0,122,104,44,185,0,333,162,0,162,495
10/28/2020,SNA,CA,AWP,WE,Towers with Radar,114,41,88,0,243,0,1,254,0,255,114,42,342,0,498,430,0,430,928
10/29/2020,SNA,CA,AWP,WE,Towers with Radar,121,67,83,0,271,0,2,266,1,269,121,69,349,1,540,370,0,370,910
10/30/2020,SNA,CA,AWP,WE,Towers with Radar,125,59,89,0,273,0,1,249,1,251,125,60,338,1,524,310,0,310,834
10/31/2020,SNA,CA,AWP,WE,Towers with Radar,100,36,82,0,218,0,1,201,0,202,100,37,283,0,420,226,0,226,646
11/01/2020,SNA,CA,AWP,WE,Towers with Radar,116,48,89,0,253,0,0,218,0,218,116,48,307,0,471,292,0,292,763
11/02/2020,SNA,CA,AWP,WE,Towers with Radar,123,45,86,0,254,0,0,176,0,176,123,45,262,0,430,296,0,296,726
11/03/2020,SNA,CA,AWP,WE,Towers with Radar,109,36,77,0,222,0,0,149,0,149,109,36,226,0,371,288,0,288,659
11/04/2020,SNA,CA,AWP,WE,Towers with Radar,127,45,84,2,258,0,0,229,3,232,127,45,313,5,490,456,0,456,946
11/05/2020,SNA,CA,AWP,WE,Towers with Radar,135,54,116,0,305,0,0,241,3,244,135,54,357,3,549,324,0,324,873
11/06/2020,SNA,CA,AWP,WE,Towers with Radar,135,60,121,0,316,0,0,132,0,132,135,60,253,0,448,230,0,230,678
11/07/2020,SNA,CA,AWP,WE,Towers with Radar,104,46,49,0,199,0,0,31,1,32,104,46,80,1,231,87,0,87,318
11/08/2020,SNA,CA,AWP,WE,Towers with Radar,136,71,98,0,305,0,0,72,0,72,136,71,170,0,377,114,0,114,491
11/09/2020,SNA,CA,AWP,WE,Towers with Radar,135,57,97,0,289,0,0,239,0,239,135,57,336,0,528,396,0,396,924
11/10/2020,SNA,CA,AWP,WE,Towers with Radar,121,41,104,0,266,0,0,254,0,254,121,41,358,0,520,282,0,282,802
11/11/2020,SNA,CA,AWP,WE,Towers with Radar,122,69,94,0,285,0,0,309,0,309,122,69,403,0,594,362,0,362,956
11/12/2020,SNA,CA,AWP,WE,Towers with Radar,136,59,93,0,288,0,0,274,2,276,136,59,367,2,564,444,0,444,1008
11/13/2020,SNA,CA,AWP,WE,Towers with Radar,138,68,94,4,304,0,1,241,0,242,138,69,335,4,546,338,0,338,884
11/14/2020,SNA,CA,AWP,WE,Towers with Radar,104,35,54,0,193,0,0,262,0,262,104,35,316,0,455,268,0,268,723
11/15/2020,SNA,CA,AWP,WE,Towers with Radar,133,61,99,0,293,0,0,249,0,249,133,61,348,0,542,244,0,244,786
11/16/2020,SNA,CA,AWP,WE,Towers with Radar,135,49,88,0,272,0,5,221,0,226,135,54,309,0,498,338,0,338,836
11/17/2020,SNA,CA,AWP,WE,Towers with Radar,128,42,93,0,263,0,4,210,1,215,128,46,303,1,478,288,0,288,766
11/18/2020,SNA,CA,AWP,WE,Towers with Radar,126,43,84,0,253,0,3,193,0,196,126,46,277,0,449,302,0,302,751
11/19/2020,SNA,CA,AWP,WE,Towers with Radar,139,66,105,1,311,0,0,224,0,224,139,66,329,1,535,392,0,392,927
11/20/2020,SNA,CA,AWP,WE,Towers with Radar,148,76,115,0,339,0,5,232,4,241,148,81,347,4,580,224,0,224,804
11/21/2020,SNA,CA,AWP,WE,Towers with Radar,132,73,96,0,301,0,1,229,0,230,132,74,325,0,531,212,0,212,743
11/22/2020,SNA,CA,AWP,WE,Towers with Radar,144,70,96,0,310,0,1,240,1,242,144,71,336,1,552,158,0,158,710
11/23/2020,SNA,CA,AWP,WE,Towers with Radar,125,45,71,0,241,22,8,128,0,158,147,53,199,0,399,12,0,12,411
11/24/2020,SNA,CA,AWP,WE,Towers with Radar,136,41,73,0,250,22,15,201,2,240,158,56,274,2,490,14,0,14,504
11/25/2020,SNA,CA,AWP,WE,Towers with Radar,152,61,99,1,313,4,3,143,0,150,156,64,242,1,463,8,0,8,471
11/26/2020,SNA,CA,AWP,WE,Towers with Radar,80,13,10,0,103,16,4,23,0,43,96,17,33,0,146,0,0,0,146
11/27/2020,SNA,CA,AWP,WE,Towers with Radar,117,27,49,0,193,8,2,84,0,94,125,29,133,0,287,0,0,0,287
11/28/2020,SNA,CA,AWP,WE,Towers with Radar,124,58,53,0,235,14,12,219,2,247,138,70,272,2,482,0,0,0,482
11/29/2020,SNA,CA,AWP,WE,Towers with Radar,136,68,122,0,326,22,9,259,0,290,158,77,381,0,616,4,0,4,620
11/30/2020,SNA,CA,AWP,WE,Towers with Radar,159,43,87,0,289,0,0,199,0,199,159,43,286,0,488,20,0,20,508
12/01/2020,SNA,CA,AWP,WE,Towers with Radar,143,53,67,0,263,0,2,252,0,254,143,55,319,0,517,268,0,268,785
12/02/2020,SNA,CA,AWP,WE,Towers with Radar,126,39,75,0,240,0,0,225,0,225,126,39,300,0,465,250,0,250,715
12/03/2020,SNA,CA,AWP,WE,Towers with Radar,132,41,66,1,240,0,0,62,1,63,132,41,128,2,303,24,0,24,327
12/04/2020,SNA,CA,AWP,WE,Towers with Radar,136,51,75,0,262,0,1,248,0,249,136,52,323,0,511,272,0,272,783
12/05/2020,SNA,CA,AWP,WE,Towers with Radar,109,24,64,0,197,0,0,255,0,255,109,24,319,0,452,352,0,352,804
12/06/2020,SNA,CA,AWP,WE,Towers with Radar,128,46,88,0,262,0,0,229,0,229,128,46,317,0,491,540,0,540,1031
12/07/2020,SNA,CA,AWP,WE,Towers with Radar,135,44,71,0,250,0,2,159,0,161,135,46,230,0,411,352,0,352,763
12/08/2020,SNA,CA,AWP,WE,Towers with Radar,123,37,52,0,212,0,1,145,0,146,123,38,197,0,358,190,0,190,548
12/09/2020,SNA,CA,AWP,WE,Towers with Radar,136,40,69,0,245,0,2,251,0,253,136,42,320,0,498,362,0,362,860
12/10/2020,SNA,CA,AWP,WE,Towers with Radar,130,54,94,0,278,0,0,141,0,141,130,54,235,0,419,432,0,432,851
12/11/2020,SNA,CA,AWP,WE,Towers with Radar,136,39,88,0,263,0,1,182,0,183,136,40,270,0,446,392,0,392,838
12/12/2020,SNA,CA,AWP,WE,Towers with Radar,108,34,65,0,207,0,6,110,0,116,108,40,175,0,323,368,0,368,691
12/13/2020,SNA,CA,AWP,WE,Towers with Radar,128,51,96,0,275,0,0,259,0,259,128,51,355,0,534,290,0,290,824
12/14/2020,SNA,CA,AWP,WE,Towers with Radar,133,36,72,0,241,0,0,151,0,151,133,36,223,0,392,314,0,314,706
12/15/2020,SNA,CA,AWP,WE,Towers with Radar,122,35,68,0,225,0,1,171,0,172,122,36,239,0,397,230,0,230,627
12/16/2020,SNA,CA,AWP,WE,Towers with Radar,127,46,79,0,252,0,0,227,0,227,127,46,306,0,479,314,0,314,793
12/17/2020,SNA,CA,AWP,WE,Towers with Radar,139,53,87,1,280,0,0,172,0,172,139,53,259,1,452,306,0,306,758
12/18/2020,SNA,CA,AWP,WE,Towers with Radar,141,78,100,0,319,0,1,237,5,243,141,79,337,5,562,270,0,270,832
12/19/2020,SNA,CA,AWP,WE,Towers with Radar,133,70,87,0,290,0,0,255,0,255,133,70,342,0,545,234,0,234,779
12/20/2020,SNA,CA,AWP,WE,Towers with Radar,129,45,80,0,254,15,5,223,0,243,144,50,303,0,497,6,0,6,503
12/21/2020,SNA,CA,AWP,WE,Towers with Radar,143,67,84,2,296,0,0,216,4,220,143,67,300,6,516,3,0,3,519
12/22/2020,SNA,CA,AWP,WE,Towers with Radar,144,63,72,0,279,0,0,220,1,221,144,63,292,1,500,22,0,22,522
12/23/2020,SNA,CA,AWP,WE,Towers with Radar,140,58,83,1,282,12,8,161,1,182,152,66,244,2,464,38,0,38,502
12/24/2020,SNA,CA,AWP,WE,Towers with Radar,107,26,47,0,180,2,3,92,0,97,109,29,139,0,277,8,0,8,285
12/25/2020,SNA,CA,AWP,WE,Towers with Radar,102,30,28,0,160,4,3,67,1,75,106,33,95,1,235,4,0,4,239
12/26/2020,SNA,CA,AWP,WE,Towers with Radar,133,68,111,0,312,0,1,240,0,241,133,69,351,0,553,0,0,0,553
12/27/2020,SNA,CA,AWP,WE,Towers with Radar,148,73,138,0,359,0,1,140,2,143,148,74,278,2,502,7,0,7,509
12/28/2020,SNA,CA,AWP,WE,Towers with Radar,143,61,88,0,292,0,0,14,0,14,143,61,102,0,306,0,0,0,306
12/29/2020,SNA,CA,AWP,WE,Towers with Radar,145,54,74,0,273,0,1,240,1,242,145,55,314,1,515,4,0,4,519
12/30/2020,SNA,CA,AWP,WE,Towers with Radar,118,24,40,2,184,28,21,130,0,179,146,45,170,2,363,0,0,0,363
12/31/2020,SNA,CA,AWP,WE,Towers with Radar,91,23,30,0,144,20,19,81,0,120,111,42,111,0,264,0,0,0,264
01/01/2021,SNA,CA,AWP,WE,Towers with Radar,96,26,14,0,136,20,17,47,0,84,116,43,61,0,220,0,0,0,220
01/02/2021,SNA,CA,AWP,WE,Towers with Radar,105,28,50,0,183,28,29,122,0,179,133,57,172,0,362,0,0,0,362
01/03/2021,SNA,CA,AWP,WE,Towers with Radar,148,80,130,0,358,0,0,212,16,228,148,80,342,16,586,10,0,10,596
01/04/2021,SNA,CA,AWP,WE,Towers with Radar,149,48,61,0,258,0,1,172,0,173,149,49,233,0,431,6,0,6,437
01/05/2021,SNA,CA,AWP,WE,Towers with Radar,139,39,65,0,243,0,0,134,0,134,139,39,199,0,377,4,0,4,381
01/06/2021,SNA,CA,AWP,WE,Towers with Radar,140,40,58,0,238,0,0,210,0,210,140,40,268,0,448,10,0,10,458
01/07/2021,SNA,CA,AWP,WE,Towers with Radar,156,56,91,0,303,0,1,193,0,194,156,57,284,0,497,24,0,24,521
01/08/2021,SNA,CA,AWP,WE,Towers with Radar,147,51,50,0,248,0,3,181,1,185,147,54,231,1,433,27,0,27,460
01/09/2021,SNA,CA,AWP,WE,Towers with Radar,107,45,67,0,219,0,3,218,0,221,107,48,285,0,440,14,0,14,454
01/10/2021,SNA,CA,AWP,WE,Towers with Radar,142,60,77,0,279,0,0,270,0,270,142,60,347,0,549,6,0,6,555
01/11/2021,SNA,CA,AWP,WE,Towers with Radar,149,41,50,0,240,0,1,226,0,227,149,42,276,0,467,18,0,18,485
01/12/2021,SNA,CA,AWP,WE,Towers with Radar,139,43,60,0,242,0,0,227,1,228,139,43,287,1,470,28,0,28,498
01/13/2021,SNA,CA,AWP,WE,Towers with Radar,138,48,78,0,264,0,0,220,0,220,138,48,298,0,484,336,0,336,820
01/14/2021,SNA,CA,AWP,WE,Towers with Radar,156,58,84,0,298,0,2,225,0,227,156,60,309,0,525,292,0,292,817
01/15/2021,SNA,CA,AWP,WE,Towers with Radar,147,51,70,0,268,0,2,217,2,221,147,53,287,2,489,272,0,272,761
01/16/2021,SNA,CA,AWP,WE,Towers with Radar,107,29,65,0,201,0,0,233,0,233,107,29,298,0,434,222,0,222,656
01/17/2021,SNA,CA,AWP,WE,Towers with Radar,144,37,67,0,248,0,1,214,0,215,144,38,281,0,463,315,0,315,778
01/18/2021,SNA,CA,AWP,WE,Towers with Radar,146,61,86,2,295,0,4,212,1,217,146,65,298,3,512,320,0,320,832
01/19/2021,SNA,CA,AWP,WE,Towers with Radar,138,36,48,0,222,0,1,34,0,35,138,37,82,0,257,48,0,48,305
01/20/2021,SNA,CA,AWP,WE,Towers with Radar,134,45,56,0,235,0,0,47,0,47,134,45,103,0,282,166,0,166,448
01/21/2021,SNA,CA,AWP,WE,Towers with Radar,150,53,98,0,301,0,0,281,1,282,150,53,379,1,583,414,0,414,997
01/22/2021,SNA,CA,AWP,WE,Towers with Radar,148,58,123,2,331,0,2,139,0,141,148,60,262,2,472,374,0,374,846
01/23/2021,SNA,CA,AWP,WE,Towers with Radar,102,34,51,0,187,0,0,35,0,35,102,34,86,0,222,108,0,108,330
01/24/2021,SNA,CA,AWP,WE,Towers with Radar,146,59,98,0,303,0,1,193,1,195,146,60,291,1,498,566,0,566,1064
01/25/2021,SNA,CA,AWP,WE,Towers with Radar,151,35,41,0,227,0,0,20,0,20,151,35,61,0,247,4,0,4,251
01/26/2021,SNA,CA,AWP,WE,Towers with Radar,139,21,82,0,242,0,2,270,4,276,139,23,352,4,518,474,0,474,992
01/27/2021,SNA,CA,AWP,WE,Towers with Radar,136,42,90,1,269,0,0,220,1,221,136,42,310,2,490,556,0,556,1046
01/28/2021,SNA,CA,AWP,WE,Towers with Radar,147,42,82,0,271,0,0,156,0,156,147,42,238,0,427,314,0,314,741
01/29/2021,SNA,CA,AWP,WE,Towers with Radar,151,49,75,0,275,1,0,39,1,41,152,49,114,1,316,104,0,104,420
01/30/2021,SNA,CA,AWP,WE,Towers with Radar,100,37,68,0,205,0,0,361,2,363,100,37,429,2,568,482,0,482,1050
01/31/2021,SNA,CA,AWP,WE,Towers with Radar,144,79,106,0,329,0,0,198,0,198,144,79,304,0,527,438,0,438,965
02/01/2021,SNA,CA,AWP,WE,Towers with Radar,143,42,68,0,253,0,0,141,0,141,143,42,209,0,394,462,0,462,856
02/02/2021,SNA,CA,AWP,WE,Towers with Radar,132,29,86,0,247,0,0,185,1,186,132,29,271,1,433,424,0,424,857
02/03/2021,SNA,CA,AWP,WE,Towers with Radar,133,38,84,0,255,0,0,103,0,103,133,38,187,0,358,236,0,236,594
02/04/2021,SNA,CA,AWP,WE,Towers with Radar,143,66,91,0,300,0,0,226,2,228,143,66,317,2,528,492,0,492,1020
02/05/2021,SNA,CA,AWP,WE,Towers with Radar,148,38,84,0,270,0,0,269,0,269,148,38,353,0,539,416,0,416,955
02/06/2021,SNA,CA,AWP,WE,Towers with Radar,113,51,100,0,264,0,2,235,1,238,113,53,335,1,502,130,0,130,632
02/07/2021,SNA,CA,AWP,WE,Towers with Radar,143,44,72,0,259,1,0,111,0,112,144,44,183,0,371,356,0,356,727
02/08/2021,SNA,CA,AWP,WE,Towers with Radar,148,58,109,0,315,0,0,98,1,99,148,58,207,1,414,328,0,328,742
02/09/2021,SNA,CA,AWP,WE,Towers with Radar,135,42,70,0,247,0,0,80,0,80,135,42,150,0,327,582,0,582,909
02/10/2021,SNA,CA,AWP,WE,Towers with Radar,134,45,142,0,321,0,0,170,0,170,134,45,312,0,491,448,0,448,939
02/11/2021,SNA,CA,AWP,WE,Towers with Radar,149,83,126,0,358,0,1,188,0,189,149,84,314,0,547,476,0,476,1023
02/12/2021,SNA,CA,AWP,WE,Towers with Radar,157,73,120,0,350,0,3,120,2,125,157,76,240,2,475,222,0,222,697
02/13/2021,SNA,CA,AWP,WE,Towers with Radar,80,59,94,0,233,0,0,125,0,125,80,59,219,0,358,498,0,498,856
02/14/2021,SNA,CA,AWP,WE,Towers with Radar,109,69,87,0,265,0,1,221,2,224,109,70,308,2,489,274,0,274,763
02/15/2021,SNA,CA,AWP,WE,Towers with Radar,128,81,111,0,320,0,1,189,0,190,128,82,300,0,510,392,0,392,902
02/16/2021,SNA,CA,AWP,WE,Towers with Radar,125,47,74,0,246,0,1,145,2,148,125,48,219,2,394,412,0,412,806
02/17/2021,SNA,CA,AWP,WE,Towers with Radar,116,54,107,0,277,0,0,234,5,239,116,54,341,5,516,374,0,374,890
02/18/2021,SNA,CA,AWP,WE,Towers with Radar,140,59,91,0,290,1,1,208,3,213,141,60,299,3,503,330,0,330,833
02/19/2021,SNA,CA,AWP,WE,Towers with Radar,146,66,104,0,316,0,1,279,1,281,146,67,383,1,597,506,0,506,1103
02/20/2021,SNA,CA,AWP,WE,Towers with Radar,100,54,77,0,231,0,0,154,2,156,100,54,231,2,387,182,0,182,569
02/21/2021,SNA,CA,AWP,WE,Towers with Radar,147,92,111,0,350,0,1,177,0,178,147,93,288,0,528,370,0,370,898
02/22/2021,SNA,CA,AWP,WE,Towers with Radar,156,59,62,0,277,0,0,200,1,201,156,59,262,1,478,418,0,418,896
02/23/2021,SNA,CA,AWP,WE,Towers with Radar,135,53,67,0,255,0,2,229,1,232,135,55,296,1,487,466,0,466,953
02/24/2021,SNA,CA,AWP,WE,Towers with Radar,137,59,107,0,303,0,2,220,1,223,137,61,327,1,526,434,0,434,960
02/25/2021,SNA,CA,AWP,WE,Towers with Radar,149,68,99,0,316,0,0,161,0,161,149,68,260,0,477,208,0,208,685
02/26/2021,SNA,CA,AWP,WE,Towers with Radar,158,56,129,0,343,0,0,280,1,281,158,56,409,1,624,352,0,352,976
02/27/2021,SNA,CA,AWP,WE,Towers with Radar,100,48,65,0,213,0,1,234,0,235,100,49,299,0,448,274,0,274,722
02/28/2021,SNA,CA,AWP,WE,Towers with Radar,149,76,98,0,323,0,1,113,0,114,149,77,211,0,437,122,0,122,559
03/01/2021,SNA,CA,AWP,WE,Towers with Radar,154,63,91,0,308,0,0,235,0,235,154,63,326,0,543,220,0,220,763
03/02/2021,SNA,CA,AWP,WE,Towers with Radar,133,55,91,0,279,0,1,246,2,249,133,56,337,2,528,462,0,462,990
03/03/2021,SNA,CA,AWP,WE,Towers with Radar,134,52,87,0,273,0,0,44,0,44,134,52,131,0,317,138,0,138,455
03/04/2021,SNA,CA,AWP,WE,Towers with Radar,165,72,125,0,362,0,0,251,0,251,165,72,376,0,613,316,0,316,929
03/05/2021,SNA,CA,AWP,WE,Towers with Radar,166,68,105,2,341,0,1,291,0,292,166,69,396,2,633,418,0,418,1051
03/06/2021,SNA,CA,AWP,WE,Towers with Radar,108,50,78,0,236,0,0,243,1,244,108,50,321,1,480,286,0,286,766
03/07/2021,SNA,CA,AWP,WE,Towers with Radar,162,73,149,0,384,0,2,147,2,151,162,75,296,2,535,292,0,292,827
03/08/2021,SNA,CA,AWP,WE,Towers with Radar,169,57,100,0,326,0,2,148,4,154,169,59,248,4,480,518,0,518,998
03/09/2021,SNA,CA,AWP,WE,Towers with Radar,148,51,91,0,290,0,0,128,1,129,148,51,219,1,419,190,0,190,609
03/10/2021,SNA,CA,AWP,WE,Towers with Radar,150,42,109,0,301,0,1,81,1,83,150,43,190,1,384,160,0,160,544
03/11/2021,SNA,CA,AWP,WE,Towers with Radar,206,76,97,0,379,0,2,147,0,149,206,78,244,0,528,302,0,302,830
03/12/2021,SNA,CA,AWP,WE,Towers with Radar,200,70,102,0,372,0,0,189,0,189,200,70,291,0,561,338,0,338,899
03/13/2021,SNA,CA,AWP,WE,Towers with Radar,123,39,70,0,232,0,2,194,0,196,123,41,264,0,428,422,0,422,850
03/14/2021,SNA,CA,AWP,WE,Towers with Radar,173,67,136,0,376,0,0,135,0,135,173,67,271,0,511,216,0,216,727
03/15/2021,SNA,CA,AWP,WE,Towers with Radar,186,70,72,0,328,0,0,32,0,32,186,70,104,0,360,22,0,22,382
03/16/2021,SNA,CA,AWP,WE,Towers with Radar,178,61,107,0,346,0,0,255,0,255,178,61,362,0,601,372,0,372,973
03/17/2021,SNA,CA,AWP,WE,Towers with Radar,169,81,120,0,370,0,1,297,1,299,169,82,417,1,669,396,0,396,1065
03/18/2021,SNA,CA,AWP,WE,Towers with Radar,206,64,128,2,400,0,3,243,3,249,206,67,371,5,649,308,0,308,957
03/19/2021,SNA,CA,AWP,WE,Towers with Radar,207,58,118,1,384,0,0,254,0,254,207,58,372,1,638,382,0,382,1020
03/20/2021,SNA,CA,AWP,WE,Towers with Radar,146,51,98,0,295,0,0,170,4,174,146,51,268,4,469,488,0,488,957
03/21/2021,SNA,CA,AWP,WE,Towers with Radar,205,90,141,0,436,0,0,244,0,244,205,90,385,0,680,386,0,386,1066
03/22/2021,SNA,CA,AWP,WE,Towers with Radar,204,72,96,0,372,0,2,225,0,227,204,74,321,0,599,328,0,328,927
03/23/2021,SNA,CA,AWP,WE,Towers with Radar,187,59,83,0,329,0,0,139,6,145,187,59,222,6,474,296,0,296,770
03/24/2021,SNA,CA,AWP,WE,Towers with Radar,186,75,104,0,365,0,0,232,0,232,186,75,336,0,597,246,0,246,843
03/25/2021,SNA,CA,AWP,WE,Towers with Radar,208,75,118,0,401,0,0,82,0,82,208,75,200,0,483,256,0,256,739
03/26/2021,SNA,CA,AWP,WE,Towers with Radar,215,77,128,0,420,0,0,274,0,274,215,77,402,0,694,434,0,434,1128
03/27/2021,SNA,CA,AWP,WE,Towers with Radar,144,69,62,0,275,0,0,268,0,268,144,69,330,0,543,354,0,354,897
03/28/2021,SNA,CA,AWP,WE,Towers with Radar,196,85,119,1,401,1,1,262,0,264,197,86,381,1,665,390,0,390,1055
03/29/2021,SNA,CA,AWP,WE,Towers with Radar,203,64,104,2,373,0,1,230,1,232,203,65,334,3,605,386,0,386,991
03/30/2021,SNA,CA,AWP,WE,Towers with Radar,193,50,78,0,321,0,1,220,0,221,193,51,298,0,542,340,0,340,882
03/31/2021,SNA,CA,AWP,WE,Towers with Radar,189,54,99,0,342,0,1,233,1,235,189,55,332,1,577,346,0,346,923
04/01/2021,SNA,CA,AWP,WE,Towers with Radar,213,66,131,0,410,1,2,232,0,235,214,68,363,0,645,512,0,512,1157
04/02/2021,SNA,CA,AWP,WE,Towers with Radar,211,82,132,0,425,0,0,241,0,241,211,82,373,0,666,350,0,350,1016
04/03/2021,SNA,CA,AWP,WE,Towers with Radar,148,66,95,0,309,0,1,198,3,202,148,67,293,3,511,380,0,380,891
04/04/2021,SNA,CA,AWP,WE,Towers with Radar,195,50,95,0,340,0,1,145,0,146,195,51,240,0,486,199,0,199,685
04/05/2021,SNA,CA,AWP,WE,Towers with Radar,213,74,122,0,409,0,0,223,0,223,213,74,345,0,632,290,0,290,922
04/06/2021,SNA,CA,AWP,WE,Towers with Radar,182,66,103,0,351,0,1,164,0,165,182,67,267,0,516,400,0,400,916
04/07/2021,SNA,CA,AWP,WE,Towers with Radar,185,63,129,0,377,0,0,252,0,252,185,63,381,0,629,84,0,84,713
04/08/2021,SNA,CA,AWP,WE,Towers with Radar,211,63,100,0,374,0,1,249,0,250,211,64,349,0,624,360,0,360,984
04/09/2021,SNA,CA,AWP,WE,Towers with Radar,210,79,101,0,390,0,1,241,0,242,210,80,342,0,632,392,0,392,1024
04/10/2021,SNA,CA,AWP,WE,Towers with Radar,148,83,113,0,344,0,0,236,0,236,148,83,349,0,580,338,0,338,918
04/11/2021,SNA,CA,AWP,WE,Towers with Radar,204,88,151,0,443,0,0,197,0,197,204,88,348,0,640,342,0,342,982
04/12/2021,SNA,CA,AWP,WE,Towers with Radar,197,73,128,2,400,0,0,98,0,98,197,73,226,2,498,408,0,408,906
04/13/2021,SNA,CA,AWP,WE,Towers with Radar,165,61,119,0,345,1,0,114,1,116,166,61,233,1,461,486,0,486,947
04/14/2021,SNA,CA,AWP,WE,Towers with Radar,168,64,153,0,385,0,0,190,1,191,168,64,343,1,576,454,0,454,1030
04/15/2021,SNA,CA,AWP,WE,Towers with Radar,192,90,119,0,401,0,0,219,2,221,192,90,338,2,622,404,0,404,1026
04/16/2021,SNA,CA,AWP,WE,Towers with Radar,192,96,106,1,395,0,2,286,4,292,192,98,392,5,687,474,0,474,1161
04/17/2021,SNA,CA,AWP,WE,Towers with Radar,147,48,93,0,288,0,0,239,2,241,147,48,332,2,529,292,0,292,821
04/18/2021,SNA,CA,AWP,WE,Towers with Radar,186,76,95,0,357,0,1,123,2,126,186,77,218,2,483,62,0,62,545
04/19/2021,SNA,CA,AWP,WE,Towers with Radar,192,51,97,1,341,0,0,253,1,254,192,51,350,2,595,524,0,524,1119
04/20/2021,SNA,CA,AWP,WE,Towers with Radar,166,61,95,0,322,0,1,186,0,187,166,62,281,0,509,312,0,312,821
04/21/2021,SNA,CA,AWP,WE,Towers with Radar,168,67,127,1,363,0,0,118,2,120,168,67,245,3,483,534,0,534,1017
04/22/2021,SNA,CA,AWP,WE,Towers with Radar,192,66,124,0,382,0,0,95,1,96,192,66,219,1,478,784,0,784,1262
04/23/2021,SNA,CA,AWP,WE,Towers with Radar,191,74,145,0,410,0,0,178,0,178,191,74,323,0,588,516,0,516,1104
04/24/2021,SNA,CA,AWP,WE,Towers with Radar,148,47,102,0,297,0,0,174,0,174,148,47,276,0,471,530,0,530,1001
04/25/2021,SNA,CA,AWP,WE,Towers with Radar,180,81,146,0,407,0,0,171,0,171,180,81,317,0,578,128,0,128,706
04/26/2021,SNA,CA,AWP,WE,Towers with Radar,193,58,84,0,335,0,0,107,0,107,193,58,191,0,442,388,0,388,830
04/27/2021,SNA,CA,AWP,WE,Towers with Radar,166,46,103,2,317,0,0,231,0,231,166,46,334,2,548,414,0,414,962
04/28/2021,SNA,CA,AWP,WE,Towers with Radar,167,35,103,1,306,0,0,229,1,230,167,35,332,2,536,380,0,380,916
04/29/2021,SNA,CA,AWP,WE,Towers with Radar,194,76,132,0,402,0,3,254,1,258,194,79,386,1,660,436,0,436,1096
04/30/2021,SNA,CA,AWP,WE,Towers with Radar,190,70,129,0,389,0,2,302,1,305,190,72,431,1,694,356,0,356,1050
05/01/2021,SNA,CA,AWP,WE,Towers with Radar,146,48,103,0,297,0,0,187,0,187,146,48,290,0,484,294,0,294,778
05/02/2021,SNA,CA,AWP,WE,Towers with Radar,184,80,132,1,397,0,0,132,4,136,184,80,264,5,533,248,0,248,781
05/03/2021,SNA,CA,AWP,WE,Towers with Radar,192,69,98,0,359,0,2,209,2,213,192,71,307,2,572,424,0,424,996
05/04/2021,SNA,CA,AWP,WE,Towers with Radar,168,61,96,0,325,0,1,203,2,206,168,62,299,2,531,404,0,404,935
05/05/2021,SNA,CA,AWP,WE,Towers with Radar,170,67,128,0,365,0,1,232,4,237,170,68,360,4,602,412,0,412,1014
05/06/2021,SNA,CA,AWP,WE,Towers with Radar,199,82,108,0,389,0,1,179,4,184,199,83,287,4,573,618,0,618,1191
05/07/2021,SNA,CA,AWP,WE,Towers with Radar,194,79,125,2,400,0,0,174,2,176,194,79,299,4,576,542,0,542,1118
05/08/2021,SNA,CA,AWP,WE,Towers with Radar,149,45,102,0,296,0,0,223,2,225,149,45,325,2,521,474,0,474,995
05/09/2021,SNA,CA,AWP,WE,Towers with Radar,189,71,114,0,374,0,0,93,0,93,189,71,207,0,467,228,0,228,695
05/10/2021,SNA,CA,AWP,WE,Towers with Radar,196,67,129,1,393,0,3,174,0,177,196,70,303,1,570,454,0,454,1024
05/11/2021,SNA,CA,AWP,WE,Towers with Radar,174,47,124,2,347,0,3,151,7,161,174,50,275,9,508,418,0,418,926
05/12/2021,SNA,CA,AWP,WE,Towers with Radar,182,70,109,0,361,0,0,194,0,194,182,70,303,0,555,444,0,444,999
05/13/2021,SNA,CA,AWP,WE,Towers with Radar,200,102,134,0,436,0,0,92,0,92,200,102,226,0,528,458,0,458,986
05/14/2021,SNA,CA,AWP,WE,Towers with Radar,196,76,156,0,428,0,1,263,0,264,196,77,419,0,692,420,0,420,1112
05/15/2021,SNA,CA,AWP,WE,Towers with Radar,149,56,117,0,322,0,0,128,0,128,149,56,245,0,450,394,0,394,844
05/16/2021,SNA,CA,AWP,WE,Towers with Radar,187,114,197,0,498,0,1,67,3,71,187,115,264,3,569,254,0,254,823
05/17/2021,SNA,CA,AWP,WE,Towers with Radar,198,66,130,0,394,0,0,66,0,66,198,66,196,0,460,266,0,266,726
05/18/2021,SNA,CA,AWP,WE,Towers with Radar,179,71,89,2,341,0,0,185,1,186,179,71,274,3,527,368,0,368,895
05/19/2021,SNA,CA,AWP,WE,Towers with Radar,183,67,135,0,385,0,1,183,0,184,183,68,318,0,569,386,0,386,955
05/20/2021,SNA,CA,AWP,WE,Towers with Radar,203,85,103,0,391,0,0,169,0,169,203,85,272,0,560,316,0,316,876
05/21/2021,SNA,CA,AWP,WE,Towers with Radar,202,90,118,1,411,1,0,235,1,237,203,90,353,2,648,352,0,352,1000
05/22/2021,SNA,CA,AWP,WE,Towers with Radar,153,49,92,0,294,0,1,224,2,227,153,50,316,2,521,346,0,346,867
05/23/2021,SNA,CA,AWP,WE,Towers with Radar,198,90,117,0,405,0,4,259,0,263,198,94,376,0,668,250,0,250,918
05/24/2021,SNA,CA,AWP,WE,Towers with Radar,199,76,99,1,375,0,1,243,0,244,199,77,342,1,619,276,0,276,895
05/25/2021,SNA,CA,AWP,WE,Towers with Radar,183,65,97,0,345,0,3,236,0,239,183,68,333,0,584,292,0,292,876
05/26/2021,SNA,CA,AWP,WE,Towers with Radar,185,68,108,2,363,0,0,209,4,213,185,68,317,6,576,344,0,344,920
05/27/2021,SNA,CA,AWP,WE,Towers with Radar,205,100,125,0,430,0,1,262,0,263,205,101,387,0,693,470,0,470,1163
05/28/2021,SNA,CA,AWP,WE,Towers with Radar,200,100,162,0,462,0,4,276,0,280,200,104,438,0,742,598,0,598,1340
05/29/2021,SNA,CA,AWP,WE,Towers with Radar,151,65,126,0,342,0,1,138,1,140,151,66,264,1,482,418,0,418,900
05/30/2021,SNA,CA,AWP,WE,Towers with Radar,188,43,80,0,311,0,0,148,0,148,188,43,228,0,459,388,0,388,847
05/31/2021,SNA,CA,AWP,WE,Towers with Radar,197,112,162,0,471,0,0,193,0,193,197,112,355,0,664,430,0,430,1094
06/01/2021,SNA,CA,AWP,WE,Towers with Radar,181,70,135,1,387,0,0,143,4,147,181,70,278,5,534,396,0,396,930
06/02/2021,SNA,CA,AWP,WE,Towers with Radar,185,60,128,1,374,0,0,162,0,162,185,60,290,1,536,332,0,332,868
06/03/2021,SNA,CA,AWP,WE,Towers with Radar,205,90,125,0,420,0,0,178,3,181,205,90,303,3,601,520,0,520,1121
06/04/2021,SNA,CA,AWP,WE,Towers with Radar,205,78,158,0,441,0,0,240,2,242,205,78,398,2,683,410,0,410,1093
06/05/2021,SNA,CA,AWP,WE,Towers with Radar,158,59,103,0,320,0,0,233,0,233,158,59,336,0,553,556,0,556,1109
06/06/2021,SNA,CA,AWP,WE,Towers with Radar,228,98,113,0,439,0,1,186,1,188,228,99,299,1,627,302,0,302,929
06/07/2021,SNA,CA,AWP,WE,Towers with Radar,238,68,143,0,449,0,2,76,0,78,238,70,219,0,527,318,0,318,845
06/08/2021,SNA,CA,AWP,WE,Towers with Radar,214,56,110,0,380,0,1,255,0,256,214,57,365,0,636,426,0,426,1062
06/09/2021,SNA,CA,AWP,WE,Towers with Radar,224,73,120,0,417,0,0,314,0,314,224,73,434,0,731,480,0,480,1211
06/10/2021,SNA,CA,AWP,WE,Towers with Radar,241,88,118,0,447,0,1,295,1,297,241,89,413,1,744,590,0,590,1334
06/11/2021,SNA,CA,AWP,WE,Towers with Radar,243,102,141,0,486,0,1,237,0,238,243,103,378,0,724,450,0,450,1174
06/12/2021,SNA,CA,AWP,WE,Towers with Radar,174,67,100,0,341,0,2,271,1,274,174,69,371,1,615,393,0,393,1008
06/13/2021,SNA,CA,AWP,WE,Towers with Radar,229,116,123,0,468,0,1,201,0,202,229,117,324,0,670,304,0,304,974
06/14/2021,SNA,CA,AWP,WE,Towers with Radar,233,85,129,0,447,0,0,239,0,239,233,85,368,0,686,368,0,368,1054
06/15/2021,SNA,CA,AWP,WE,Towers with Radar,207,62,105,0,374,0,1,222,0,223,207,63,327,0,597,458,0,458,1055
06/16/2021,SNA,CA,AWP,WE,Towers with Radar,219,75,115,0,409,0,0,216,0,216,219,75,331,0,625,534,0,534,1159
06/17/2021,SNA,CA,AWP,WE,Towers with Radar,236,110,135,0,481,0,0,219,0,219,236,110,354,0,700,430,0,430,1130
06/18/2021,SNA,CA,AWP,WE,Towers with Radar,240,101,159,0,500,0,1,183,0,184,240,102,342,0,684,236,0,236,920
06/19/2021,SNA,CA,AWP,WE,Towers with Radar,168,94,84,0,346,0,1,165,2,168,168,95,249,2,514,334,0,334,848
06/20/2021,SNA,CA,AWP,WE,Towers with Radar,222,98,139,0,459,0,0,169,0,169,222,98,308,0,628,238,0,238,866
06/21/2021,SNA,CA,AWP,WE,Towers with Radar,239,99,127,0,465,0,0,211,0,211,239,99,338,0,676,468,0,468,1144
06/22/2021,SNA,CA,AWP,WE,Towers with Radar,226,69,105,0,400,0,0,208,0,208,226,69,313,0,608,510,0,510,1118
06/23/2021,SNA,CA,AWP,WE,Towers with Radar,229,83,155,0,467,0,1,237,0,238,229,84,392,0,705,549,0,549,1254
06/24/2021,SNA,CA,AWP,WE,Towers with Radar,234,93,130,0,457,0,0,244,0,244,234,93,374,0,701,264,0,264,965
06/25/2021,SNA,CA,AWP,WE,Towers with Radar,234,109,150,0,493,0,0,295,1,296,234,109,445,1,789,507,0,507,1296
06/26/2021,SNA,CA,AWP,WE,Towers with Radar,170,52,125,0,347,0,0,222,0,222,170,52,347,0,569,207,0,207,776
06/27/2021,SNA,CA,AWP,WE,Towers with Radar,225,103,138,0,466,0,0,208,0,208,225,103,346,0,674,280,0,280,954
06/28/2021,SNA,CA,AWP,WE,Towers with Radar,239,87,127,0,453,0,0,179,1,180,239,87,306,1,633,434,0,434,1067
06/29/2021,SNA,CA,AWP,WE,Towers with Radar,219,52,143,0,414,0,1,113,1,115,219,53,256,1,529,398,0,398,927
06/30/2021,SNA,CA,AWP,WE,Towers with Radar,228,94,168,2,492,0,0,187,1,188,228,94,355,3,680,356,0,356,1036
07/01/2021,SNA,CA,AWP,WE,Towers with Radar,252,118,166,0,536,0,0,236,0,236,252,118,402,0,772,654,0,654,1426
07/02/2021,SNA,CA,AWP,WE,Towers with Radar,253,103,157,0,513,0,2,258,1,261,253,105,415,1,774,452,0,452,1226
07/03/2021,SNA,CA,AWP,WE,Towers with Radar,183,54,92,0,329,0,0,170,0,170,183,54,262,0,499,334,0,334,833
07/04/2021,SNA,CA,AWP,WE,Towers with Radar,224,38,50,0,312,0,0,103,0,103,224,38,153,0,415,70,0,70,485
07/05/2021,SNA,CA,AWP,WE,Towers with Radar,248,92,179,0,519,0,0,225,0,225,248,92,404,0,744,236,0,236,980
07/06/2021,SNA,CA,AWP,WE,Towers with Radar,239,90,152,0,481,0,1,216,0,217,239,91,368,0,698,502,0,502,1200
07/07/2021,SNA,CA,AWP,WE,Towers with Radar,241,81,104,2,428,0,0,242,1,243,241,81,346,3,671,542,0,542,1213
07/08/2021,SNA,CA,AWP,WE,Towers with Radar,257,80,131,0,468,0,2,224,0,226,257,82,355,0,694,624,0,624,1318
07/09/2021,SNA,CA,AWP,WE,Towers with Radar,255,116,122,0,493,0,1,315,0,316,255,117,437,0,809,472,0,472,1281
07/10/2021,SNA,CA,AWP,WE,Towers with Radar,192,93,122,0,407,0,1,286,2,289,192,94,408,2,696,364,0,364,1060
07/11/2021,SNA,CA,AWP,WE,Towers with Radar,244,108,158,0,510,0,0,233,0,233,244,108,391,0,743,288,0,288,1031
07/12/2021,SNA,CA,AWP,WE,Towers with Radar,257,97,134,1,489,0,0,165,1,166,257,97,299,2,655,574,0,574,1229
07/13/2021,SNA,CA,AWP,WE,Towers with Radar,237,62,104,0,403,0,0,242,1,243,237,62,346,1,646,630,0,630,1276
07/14/2021,SNA,CA,AWP,WE,Towers with Radar,244,66,133,1,444,0,0,226,1,227,244,66,359,2,671,476,0,476,1147
07/15/2021,SNA,CA,AWP,WE,Towers with Radar,261,93,147,0,501,0,0,247,0,247,261,93,394,0,748,626,0,626,1374
07/16/2021,SNA,CA,AWP,WE,Towers with Radar,254,88,132,0,474,0,2,272,0,274,254,90,404,0,748,596,0,596,1344
07/17/2021,SNA,CA,AWP,WE,Towers with Radar,186,85,99,0,370,0,2,220,2,224,186,87,319,2,594,360,0,360,954
07/18/2021,SNA,CA,AWP,WE,Towers with Radar,244,113,182,0,539,0,0,214,1,215,244,113,396,1,754,264,0,264,1018
07/19/2021,SNA,CA,AWP,WE,Towers with Radar,258,92,109,0,459,0,0,226,1,227,258,92,335,1,686,350,0,350,1036
07/20/2021,SNA,CA,AWP,WE,Towers with Radar,242,67,116,0,425,0,0,239,1,240,242,67,355,1,665,568,0,568,1233
07/21/2021,SNA,CA,AWP,WE,Towers with Radar,245,79,108,0,432,0,2,249,0,251,245,81,357,0,683,444,0,444,1127
07/22/2021,SNA,CA,AWP,WE,Towers with Radar,250,103,121,0,474,0,0,221,0,221,250,103,342,0,695,470,0,470,1165
07/23/2021,SNA,CA,AWP,WE,Towers with Radar,255,81,139,0,475,0,0,183,0,183,255,81,322,0,658,461,0,461,1119
07/24/2021,SNA,CA,AWP,WE,Towers with Radar,185,60,115,0,360,0,7,166,0,173,185,67,281,0,533,434,0,434,967
07/25/2021,SNA,CA,AWP,WE,Towers with Radar,236,87,147,0,470,0,0,178,2,180,236,87,325,2,650,342,0,342,992
07/26/2021,SNA,CA,AWP,WE,Towers with Radar,256,87,124,0,467,0,0,82,0,82,256,87,206,0,549,442,0,442,991
07/27/2021,SNA,CA,AWP,WE,Towers with Radar,244,58,106,0,408,0,6,198,1,205,244,64,304,1,613,428,0,428,1041
07/28/2021,SNA,CA,AWP,WE,Towers with Radar,246,62,100,0,408,0,0,250,0,250,246,62,350,0,658,426,2,428,1086
07/29/2021,SNA,CA,AWP,WE,Towers with Radar,247,109,99,0,455,0,2,217,1,220,247,111,316,1,675,372,0,372,1047
07/30/2021,SNA,CA,AWP,WE,Towers with Radar,258,76,121,2,457,0,1,267,1,269,258,77,388,3,726,490,0,490,1216
07/31/2021,SNA,CA,AWP,WE,Towers with Radar,187,78,111,0,376,0,0,187,6,193,187,78,298,6,569,218,0,218,787
08/01/2021,SNA,CA,AWP,WE,Towers with Radar,229,83,124,3,439,0,0,234,0,234,229,83,358,3,673,240,0,240,913
08/02/2021,SNA,CA,AWP,WE,Towers with Radar,249,83,118,0,450,0,0,258,1,259,249,83,376,1,709,262,0,262,971
08/03/2021,SNA,CA,AWP,WE,Towers with Radar,227,60,67,0,354,0,1,218,0,219,227,61,285,0,573,330,0,330,903
08/04/2021,SNA,CA,AWP,WE,Towers with Radar,239,68,117,0,424,0,2,259,0,261,239,70,376,0,685,376,0,376,1061
08/05/2021,SNA,CA,AWP,WE,Towers with Radar,252,91,147,0,490,0,1,262,0,263,252,92,409,0,753,426,0,426,1179
08/06/2021,SNA,CA,AWP,WE,Towers with Radar,253,99,147,1,500,0,1,241,0,242,253,100,388,1,742,385,0,385,1127
08/07/2021,SNA,CA,AWP,WE,Towers with Radar,192,62,97,1,352,0,3,207,1,211,192,65,304,2,563,372,0,372,935
08/08/2021,SNA,CA,AWP,WE,Towers with Radar,237,103,155,0,495,0,1,176,0,177,237,104,331,0,672,416,0,416,1088
08/09/2021,SNA,CA,AWP,WE,Towers with Radar,256,88,109,0,453,0,1,211,0,212,256,89,320,0,665,448,0,448,1113
08/10/2021,SNA,CA,AWP,WE,Towers with Radar,245,80,104,0,429,0,1,233,0,234,245,81,337,0,663,516,0,516,1179
08/11/2021,SNA,CA,AWP,WE,Towers with Radar,249,74,117,0,440,0,1,240,3,244,249,75,357,3,684,336,0,336,1020
08/12/2021,SNA,CA,AWP,WE,Towers with Radar,259,88,133,0,480,0,1,253,0,254,259,89,386,0,734,384,0,384,1118
08/13/2021,SNA,CA,AWP,WE,Towers with Radar,251,86,112,0,449,0,0,236,4,240,251,86,348,4,689,468,0,468,1157
08/14/2021,SNA,CA,AWP,WE,Towers with Radar,186,61,99,1,347,0,0,240,1,241,186,61,339,2,588,312,0,312,900
08/15/2021,SNA,CA,AWP,WE,Towers with Radar,231,110,150,1,492,0,2,203,0,205,231,112,353,1,697,336,0,336,1033
08/16/2021,SNA,CA,AWP,WE,Towers with Radar,250,106,114,2,472,0,0,179,0,179,250,106,293,2,651,414,0,414,1065
08/17/2021,SNA,CA,AWP,WE,Towers with Radar,231,80,122,0,433,0,2,207,0,209,231,82,329,0,642,476,0,476,1118
08/18/2021,SNA,CA,AWP,WE,Towers with Radar,238,75,145,0,458,0,0,83,0,83,238,75,228,0,541,498,0,498,1039
08/19/2021,SNA,CA,AWP,WE,Towers with Radar,244,99,125,0,468,0,6,197,0,203,244,105,322,0,671,402,0,402,1073
08/20/2021,SNA,CA,AWP,WE,Towers with Radar,246,97,138,0,481,0,0,141,0,141,246,97,279,0,622,442,0,442,1064
08/21/2021,SNA,CA,AWP,WE,Towers with Radar,186,64,108,0,358,0,0,56,0,56,186,64,164,0,414,254,0,254,668
08/22/2021,SNA,CA,AWP,WE,Towers with Radar,239,106,142,0,487,0,0,123,0,123,239,106,265,0,610,346,0,346,956
08/23/2021,SNA,CA,AWP,WE,Towers with Radar,260,99,116,0,475,0,0,168,0,168,260,99,284,0,643,492,0,492,1135
08/24/2021,SNA,CA,AWP,WE,Towers with Radar,240,72,92,0,404,0,1,277,1,279,240,73,369,1,683,364,0,364,1047
08/25/2021,SNA,CA,AWP,WE,Towers with Radar,242,90,97,1,430,0,0,238,1,239,242,90,335,2,669,246,0,246,915
08/26/2021,SNA,CA,AWP,WE,Towers with Radar,260,97,110,0,467,0,2,260,0,262,260,99,370,0,729,416,0,416,1145
08/27/2021,SNA,CA,AWP,WE,Towers with Radar,262,85,140,0,487,0,1,266,0,267,262,86,406,0,754,442,0,442,1196
08/28/2021,SNA,CA,AWP,WE,Towers with Radar,192,60,87,0,339,0,0,186,0,186,192,60,273,0,525,430,0,430,955
08/29/2021,SNA,CA,AWP,WE,Towers with Radar,242,85,132,0,459,0,0,185,0,185,242,85,317,0,644,358,0,358,1002
08/30/2021,SNA,CA,AWP,WE,Towers with Radar,256,59,94,2,411,0,0,190,2,192,256,59,284,4,603,336,0,336,939
08/31/2021,SNA,CA,AWP,WE,Towers with Radar,236,71,106,0,413,0,0,147,2,149,236,71,253,2,562,400,0,400,962
09/01/2021,SNA,CA,AWP,WE,Towers with Radar,241,74,148,0,463,1,1,146,0,148,242,75,294,0,611,524,0,524,1135
09/02/2021,SNA,CA,AWP,WE,Towers with Radar,255,81,144,0,480,0,3,182,0,185,255,84,326,0,665,278,0,278,943
09/03/2021,SNA,CA,AWP,WE,Towers with Radar,260,97,182,0,539,0,1,247,0,248,260,98,429,0,787,312,0,312,1099
09/04/2021,SNA,CA,AWP,WE,Towers with Radar,187,58,82,0,327,0,0,248,0,248,187,58,330,0,575,452,0,452,1027
09/05/2021,SNA,CA,AWP,WE,Towers with Radar,230,67,84,0,381,0,0,198,0,198,230,67,282,0,579,196,0,196,775
09/06/2021,SNA,CA,AWP,WE,Towers with Radar,257,106,140,0,503,0,0,241,0,241,257,106,381,0,744,368,0,368,1112
09/07/2021,SNA,CA,AWP,WE,Towers with Radar,239,83,114,0,436,0,1,155,0,156,239,84,269,0,592,308,0,308,900
09/08/2021,SNA,CA,AWP,WE,Towers with Radar,244,69,141,1,455,0,3,186,0,189,244,72,327,1,644,312,0,312,956
09/09/2021,SNA,CA,AWP,WE,Towers with Radar,254,85,120,0,459,0,4,210,2,216,254,89,330,2,675,226,0,226,901
09/10/2021,SNA,CA,AWP,WE,Towers with Radar,265,101,123,1,490,0,0,259,0,259,265,101,382,1,749,426,0,426,1175
09/11/2021,SNA,CA,AWP,WE,Towers with Radar,189,61,81,0,331,0,0,283,0,283,189,61,364,0,614,472,0,472,1086
09/12/2021,SNA,CA,AWP,WE,Towers with Radar,248,110,154,0,512,0,1,249,0,250,248,111,403,0,762,232,0,232,994
09/13/2021,SNA,CA,AWP,WE,Towers with Radar,262,79,107,0,448,0,1,117,1,119,262,80,224,1,567,216,0,216,783
09/14/2021,SNA,CA,AWP,WE,Towers with Radar,243,70,115,0,428,0,0,204,0,204,243,70,319,0,632,282,0,282,914
09/15/2021,SNA,CA,AWP,WE,Towers with Radar,253,70,127,0,450,0,1,237,0,238,253,71,364,0,688,368,0,368,1056
09/16/2021,SNA,CA,AWP,WE,Towers with Radar,265,90,110,0,465,0,2,253,0,255,265,92,363,0,720,318,0,318,1038
09/17/2021,SNA,CA,AWP,WE,Towers with Radar,267,93,144,1,505,0,1,254,0,255,267,94,398,1,760,396,0,396,1156
09/18/2021,SNA,CA,AWP,WE,Towers with Radar,191,46,82,0,319,0,0,188,0,188,191,46,270,0,507,472,0,472,979
09/19/2021,SNA,CA,AWP,WE,Towers with Radar,255,116,151,1,523,0,0,161,0,161,255,116,312,1,684,262,0,262,946
09/20/2021,SNA,CA,AWP,WE,Towers with Radar,265,71,92,0,428,0,0,203,0,203,265,71,295,0,631,362,0,362,993
09/21/2021,SNA,CA,AWP,WE,Towers with Radar,244,73,85,0,402,0,0,234,0,234,244,73,319,0,636,498,0,498,1134
09/22/2021,SNA,CA,AWP,WE,Towers with Radar,251,77,110,0,438,0,0,199,0,199,251,77,309,0,637,378,0,378,1015
09/23/2021,SNA,CA,AWP,WE,Towers with Radar,259,118,114,0,491,0,3,227,1,231,259,121,341,1,722,390,0,390,1112
09/24/2021,SNA,CA,AWP,WE,Towers with Radar,268,93,159,0,520,0,0,162,0,162,268,93,321,0,682,172,0,172,854
09/25/2021,SNA,CA,AWP,WE,Towers with Radar,192,56,102,0,350,0,1,201,2,204,192,57,303,2,554,400,0,400,954
09/26/2021,SNA,CA,AWP,WE,Towers with Radar,250,115,193,0,558,0,0,81,0,81,250,115,274,0,639,296,0,296,935
09/27/2021,SNA,CA,AWP,WE,Towers with Radar,268,83,136,0,487,0,0,68,0,68,268,83,204,0,555,352,0,352,907
09/28/2021,SNA,CA,AWP,WE,Towers with Radar,244,61,95,0,400,0,0,149,0,149,244,61,244,0,549,484,0,484,1033
09/29/2021,SNA,CA,AWP,WE,Towers with Radar,250,72,118,0,440,0,1,235,1,237,250,73,353,1,677,398,0,398,1075
09/30/2021,SNA,CA,AWP,WE,Towers with Radar,264,105,118,1,488,0,1,255,2,258,264,106,373,3,746,320,0,320,1066
10/01/2021,SNA,CA,AWP,WE,Towers with Radar,268,107,119,0,494,0,2,255,2,259,268,109,374,2,753,114,0,114,867
10/02/2021,SNA,CA,AWP,WE,Towers with Radar,198,69,93,0,360,0,0,214,0,214,198,69,307,0,574,216,0,216,790
10/03/2021,SNA,CA,AWP,WE,Towers with Radar,254,110,134,1,499,0,0,224,0,224,254,110,358,1,723,170,0,170,893
10/04/2021,SNA,CA,AWP,WE,Towers with Radar,274,74,103,1,452,0,0,220,0,220,274,74,323,1,672,320,0,320,992
10/05/2021,SNA,CA,AWP,WE,Towers with Radar,247,66,123,0,436,0,0,204,0,204,247,66,327,0,640,438,0,438,1078
10/06/2021,SNA,CA,AWP,WE,Towers with Radar,246,82,105,0,433,0,1,146,0,147,246,83,251,0,580,400,0,400,980
10/07/2021,SNA,CA,AWP,WE,Towers with Radar,252,79,168,0,499,0,0,89,1,90,252,79,257,1,589,288,0,288,877
10/08/2021,SNA,CA,AWP,WE,Towers with Radar,260,64,181,0,505,0,0,123,0,123,260,64,304,0,628,300,0,300,928
10/09/2021,SNA,CA,AWP,WE,Towers with Radar,175,74,95,0,344,0,0,230,0,230,175,74,325,0,574,342,0,342,916
10/10/2021,SNA,CA,AWP,WE,Towers with Radar,220,111,146,1,478,0,0,251,0,251,220,111,397,1,729,378,0,378,1107
10/11/2021,SNA,CA,AWP,WE,Towers with Radar,249,84,112,2,447,0,0,113,2,115,249,84,225,4,562,242,0,242,804
10/12/2021,SNA,CA,AWP,WE,Towers with Radar,236,72,114,3,425,0,0,228,5,233,236,72,342,8,658,246,0,246,904
10/13/2021,SNA,CA,AWP,WE,Towers with Radar,229,66,155,0,450,0,1,288,0,289,229,67,443,0,739,368,0,368,1107
10/14/2021,SNA,CA,AWP,WE,Towers with Radar,255,84,149,2,490,0,2,228,1,231,255,86,377,3,721,368,0,368,1089
10/15/2021,SNA,CA,AWP,WE,Towers with Radar,264,96,120,0,480,0,0,263,1,264,264,96,383,1,744,304,0,304,1048
10/16/2021,SNA,CA,AWP,WE,Towers with Radar,198,58,83,0,339,0,0,276,0,276,198,58,359,0,615,284,0,284,899
10/17/2021,SNA,CA,AWP,WE,Towers with Radar,255,104,151,0,510,0,0,211,1,212,255,104,362,1,722,344,0,344,1066
10/18/2021,SNA,CA,AWP,WE,Towers with Radar,262,77,117,0,456,0,1,129,0,130,262,78,246,0,586,272,0,272,858
10/19/2021,SNA,CA,AWP,WE,Towers with Radar,241,62,104,0,407,0,3,229,0,232,241,65,333,0,639,418,0,418,1057
10/20/2021,SNA,CA,AWP,WE,Towers with Radar,238,75,109,0,422,0,2,231,0,233,238,77,340,0,655,346,0,346,1001
10/21/2021,SNA,CA,AWP,WE,Towers with Radar,252,111,116,0,479,0,1,232,3,236,252,112,348,3,715,182,0,182,897
10/22/2021,SNA,CA,AWP,WE,Towers with Radar,247,92,178,1,518,0,1,121,0,122,247,93,299,1,640,120,0,120,760
10/23/2021,SNA,CA,AWP,WE,Towers with Radar,197,71,98,0,366,0,0,94,0,94,197,71,192,0,460,214,0,214,674
10/24/2021,SNA,CA,AWP,WE,Towers with Radar,240,109,161,0,510,0,2,195,0,197,240,111,356,0,707,260,0,260,967
10/25/2021,SNA,CA,AWP,WE,Towers with Radar,256,93,113,2,464,0,0,14,0,14,256,93,127,2,478,126,0,126,604
10/26/2021,SNA,CA,AWP,WE,Towers with Radar,239,62,103,0,404,0,1,280,1,282,239,63,383,1,686,114,0,114,800
10/27/2021,SNA,CA,AWP,WE,Towers with Radar,241,72,104,0,417,0,2,329,1,332,241,74,433,1,749,122,0,122,871
10/28/2021,SNA,CA,AWP,WE,Towers with Radar,255,94,108,0,457,0,1,252,2,255,255,95,360,2,712,380,0,380,1092
10/29/2021,SNA,CA,AWP,WE,Towers with Radar,265,92,133,0,490,0,0,298,0,298,265,92,431,0,788,288,0,288,1076
10/30/2021,SNA,CA,AWP,WE,Towers with Radar,190,61,105,0,356,0,3,125,0,128,190,64,230,0,484,266,0,266,750
10/31/2021,SNA,CA,AWP,WE,Towers with Radar,236,82,128,0,446,0,0,111,1,112,236,82,239,1,558,0,0,0,558
11/01/2021,SNA,CA,AWP,WE,Towers with Radar,255,61,105,0,421,0,0,150,0,150,255,61,255,0,571,242,0,242,813
11/02/2021,SNA,CA,AWP,WE,Towers with Radar,227,63,110,0,400,0,2,104,0,106,227,65,214,0,506,278,0,278,784
11/03/2021,SNA,CA,AWP,WE,Towers with Radar,248,78,117,0,443,0,0,111,1,112,248,78,228,1,555,154,0,154,709
11/04/2021,SNA,CA,AWP,WE,Towers with Radar,273,94,141,0,508,0,1,122,0,123,273,95,263,0,631,210,0,210,841
11/05/2021,SNA,CA,AWP,WE,Towers with Radar,275,92,169,0,536,0,0,133,0,133,275,92,302,0,669,102,0,102,771
11/06/2021,SNA,CA,AWP,WE,Towers with Radar,196,57,96,0,349,0,0,118,5,123,196,57,214,5,472,266,0,266,738
11/07/2021,SNA,CA,AWP,WE,Towers with Radar,249,115,171,0,535,0,0,148,0,148,249,115,319,0,683,288,0,288,971
11/08/2021,SNA,CA,AWP,WE,Towers with Radar,266,81,125,0,472,0,0,198,0,198,266,81,323,0,670,372,0,372,1042
11/09/2021,SNA,CA,AWP,WE,Towers with Radar,238,76,91,0,405,0,4,174,0,178,238,80,265,0,583,438,0,438,1021
11/10/2021,SNA,CA,AWP,WE,Towers with Radar,242,74,133,0,449,0,3,250,1,254,242,77,383,1,703,386,0,386,1089
11/11/2021,SNA,CA,AWP,WE,Towers with Radar,264,91,121,0,476,0,2,234,0,236,264,93,355,0,712,232,0,232,944
11/12/2021,SNA,CA,AWP,WE,Towers with Radar,259,84,97,0,440,0,3,244,2,249,259,87,341,2,689,322,0,322,1011
11/13/2021,SNA,CA,AWP,WE,Towers with Radar,195,47,106,0,348,0,0,248,6,254,195,47,354,6,602,272,0,272,874
11/14/2021,SNA,CA,AWP,WE,Towers with Radar,250,105,152,0,507,0,0,266,0,266,250,105,418,0,773,238,0,238,1011
11/15/2021,SNA,CA,AWP,WE,Towers with Radar,265,87,89,0,441,0,0,171,0,171,265,87,260,0,612,280,0,280,892
11/16/2021,SNA,CA,AWP,WE,Towers with Radar,236,65,120,1,422,0,0,144,1,145,236,65,264,2,567,514,0,514,1081
11/17/2021,SNA,CA,AWP,WE,Towers with Radar,242,82,120,1,445,0,1,213,2,216,242,83,333,3,661,285,0,285,946
11/18/2021,SNA,CA,AWP,WE,Towers with Radar,266,66,131,0,463,0,0,99,0,99,266,66,230,0,562,212,0,212,774
11/19/2021,SNA,CA,AWP,WE,Towers with Radar,266,100,160,0,526,0,1,170,4,175,266,101,330,4,701,294,0,294,995
11/20/2021,SNA,CA,AWP,WE,Towers with Radar,201,64,138,0,403,0,0,146,4,150,201,64,284,4,553,367,0,367,920
11/21/2021,SNA,CA,AWP,WE,Towers with Radar,249,91,109,0,449,0,4,183,0,187,249,95,292,0,636,84,0,84,720
11/22/2021,SNA,CA,AWP,WE,Towers with Radar,257,88,87,0,432,0,0,260,0,260,257,88,347,0,692,392,0,392,1084
11/23/2021,SNA,CA,AWP,WE,Towers with Radar,266,76,138,2,482,0,2,270,2,274,266,78,408,4,756,126,0,126,882
11/24/2021,SNA,CA,AWP,WE,Towers with Radar,275,70,131,1,477,0,4,258,0,262,275,74,389,1,739,144,0,144,883
11/25/2021,SNA,CA,AWP,WE,Towers with Radar,192,35,21,0,248,0,0,53,0,53,192,35,74,0,301,6,0,6,307
11/26/2021,SNA,CA,AWP,WE,Towers with Radar,221,72,76,2,371,0,0,194,0,194,221,72,270,2,565,42,0,42,607
11/27/2021,SNA,CA,AWP,WE,Towers with Radar,228,82,114,0,424,0,1,208,10,219,228,83,322,10,643,324,0,324,967
11/28/2021,SNA,CA,AWP,WE,Towers with Radar,265,101,182,1,549,0,3,262,1,266,265,104,444,2,815,166,0,166,981
11/29/2021,SNA,CA,AWP,WE,Towers with Radar,262,60,105,0,427,0,1,189,0,190,262,61,294,0,617,388,0,388,1005
11/30/2021,SNA,CA,AWP,WE,Towers with Radar,252,74,105,0,431,0,0,140,0,140,252,74,245,0,571,404,0,404,975
12/01/2021,SNA,CA,AWP,WE,Towers with Radar,218,57,104,0,379,0,0,133,1,134,218,57,237,1,513,214,0,214,727
12/02/2021,SNA,CA,AWP,WE,Towers with Radar,268,91,152,0,511,0,0,108,1,109,268,91,260,1,620,174,0,174,794
12/03/2021,SNA,CA,AWP,WE,Towers with Radar,263,76,130,0,469,0,2,151,0,153,263,78,281,0,622,434,0,434,1056
12/04/2021,SNA,CA,AWP,WE,Towers with Radar,192,54,125,0,371,0,0,151,2,153,192,54,276,2,524,108,0,108,632
12/05/2021,SNA,CA,AWP,WE,Towers with Radar,244,79,152,0,475,0,0,133,0,133,244,79,285,0,608,202,0,202,810
12/06/2021,SNA,CA,AWP,WE,Towers with Radar,249,75,105,0,429,0,0,101,0,101,249,75,206,0,530,146,0,146,676
12/07/2021,SNA,CA,AWP,WE,Towers with Radar,242,61,122,0,425,0,1,109,4,114,242,62,231,4,539,398,0,398,937
12/08/2021,SNA,CA,AWP,WE,Towers with Radar,240,59,113,0,412,0,1,228,1,230,240,60,341,1,642,322,0,322,964
12/09/2021,SNA,CA,AWP,WE,Towers with Radar,260,95,133,0,488,0,0,46,0,46,260,95,179,0,534,128,0,128,662
12/10/2021,SNA,CA,AWP,WE,Towers with Radar,259,73,124,0,456,0,1,262,1,264,259,74,386,1,720,214,0,214,934
12/11/2021,SNA,CA,AWP,WE,Towers with Radar,189,57,75,0,321,0,0,319,1,320,189,57,394,1,641,372,0,372,1013
12/12/2021,SNA,CA,AWP,WE,Towers with Radar,247,96,125,0,468,0,3,260,1,264,247,99,385,1,732,256,0,256,988
12/13/2021,SNA,CA,AWP,WE,Towers with Radar,265,83,123,0,471,0,0,130,1,131,265,83,253,1,602,400,0,400,1002
12/14/2021,SNA,CA,AWP,WE,Towers with Radar,213,63,65,0,341,0,0,8,0,8,213,63,73,0,349,34,0,34,383
12/15/2021,SNA,CA,AWP,WE,Towers with Radar,234,84,131,0,449,0,1,263,2,266,234,85,394,2,715,348,0,348,1063
12/16/2021,SNA,CA,AWP,WE,Towers with Radar,265,97,147,0,509,0,3,140,0,143,265,100,287,0,652,290,0,290,942
12/17/2021,SNA,CA,AWP,WE,Towers with Radar,260,104,148,0,512,0,3,229,0,232,260,107,377,0,744,112,0,112,856
12/18/2021,SNA,CA,AWP,WE,Towers with Radar,191,85,111,0,387,0,1,243,1,245,191,86,354,1,632,368,0,368,1000
12/19/2021,SNA,CA,AWP,WE,Towers with Radar,239,100,97,0,436,0,1,209,0,210,239,101,306,0,646,272,0,272,918
12/20/2021,SNA,CA,AWP,WE,Towers with Radar,254,76,100,0,430,0,3,195,0,198,254,79,295,0,628,280,0,280,908
12/21/2021,SNA,CA,AWP,WE,Towers with Radar,235,72,114,0,421,0,1,197,1,199,235,73,311,1,620,326,0,326,946
12/22/2021,SNA,CA,AWP,WE,Towers with Radar,237,84,102,0,423,0,2,213,2,217,237,86,315,2,640,286,0,286,926
12/23/2021,SNA,CA,AWP,WE,Towers with Radar,254,83,89,0,426,0,0,17,0,17,254,83,106,0,443,176,0,176,619
12/24/2021,SNA,CA,AWP,WE,Towers with Radar,231,67,49,0,347,0,1,40,0,41,231,68,89,0,388,143,0,143,531
12/25/2021,SNA,CA,AWP,WE,Towers with Radar,162,59,37,0,258,1,0,11,0,12,163,59,48,0,270,2,0,2,272
12/26/2021,SNA,CA,AWP,WE,Towers with Radar,222,85,123,0,430,0,1,128,0,129,222,86,251,0,559,184,0,184,743
12/27/2021,SNA,CA,AWP,WE,Towers with Radar,235,79,128,0,442,0,0,44,0,44,235,79,172,0,486,114,0,114,600
12/28/2021,SNA,CA,AWP,WE,Towers with Radar,234,88,104,0,426,0,0,110,1,111,234,88,214,1,537,276,0,276,813
12/29/2021,SNA,CA,AWP,WE,Towers with Radar,241,68,93,0,402,0,0,32,0,32,241,68,125,0,434,132,0,132,566
12/30/2021,SNA,CA,AWP,WE,Towers with Radar,249,87,111,0,447,0,0,18,0,18,249,87,129,0,465,6,0,6,471
12/31/2021,SNA,CA,AWP,WE,Towers with Radar,208,54,83,0,345,0,0,124,0,124,208,54,207,0,469,228,0,228,697
01/01/2022,SNA,CA,AWP,WE,Towers with Radar,153,53,52,0,258,9,8,95,0,112,162,61,147,0,370,28,0,28,398
01/02/2022,SNA,CA,AWP,WE,Towers with Radar,238,76,171,0,485,0,2,225,0,227,238,78,396,0,712,90,0,90,802
01/03/2022,SNA,CA,AWP,WE,Towers with Radar,239,79,104,0,422,0,1,215,0,216,239,80,319,0,638,64,0,64,702
01/04/2022,SNA,CA,AWP,WE,Towers with Radar,231,43,85,0,359,0,1,167,1,169,231,44,252,1,528,320,0,320,848
01/05/2022,SNA,CA,AWP,WE,Towers with Radar,209,50,102,0,361,0,2,210,0,212,209,52,312,0,573,218,0,218,791
01/06/2022,SNA,CA,AWP,WE,Towers with Radar,242,82,87,1,412,0,1,202,4,207,242,83,289,5,619,150,0,150,769
01/07/2022,SNA,CA,AWP,WE,Towers with Radar,239,63,119,0,421,0,0,42,0,42,239,63,161,0,463,88,0,88,551
01/08/2022,SNA,CA,AWP,WE,Towers with Radar,173,50,79,0,302,0,0,173,0,173,173,50,252,0,475,134,0,134,609
01/09/2022,SNA,CA,AWP,WE,Towers with Radar,226,60,109,0,395,0,0,194,0,194,226,60,303,0,589,40,0,40,629
01/10/2022,SNA,CA,AWP,WE,Towers with Radar,252,65,68,0,385,0,1,167,0,168,252,66,235,0,553,280,0,280,833
01/11/2022,SNA,CA,AWP,WE,Towers with Radar,238,48,72,0,358,0,2,218,0,220,238,50,290,0,578,368,0,368,946
01/12/2022,SNA,CA,AWP,WE,Towers with Radar,242,58,98,0,398,0,2,226,6,234,242,60,324,6,632,350,0,350,982
01/13/2022,SNA,CA,AWP,WE,Towers with Radar,272,86,94,0,452,0,1,198,0,199,272,87,292,0,651,348,0,348,999
01/14/2022,SNA,CA,AWP,WE,Towers with Radar,266,79,145,1,491,0,0,223,0,223,266,79,368,1,714,386,0,386,1100
01/15/2022,SNA,CA,AWP,WE,Towers with Radar,182,53,72,2,309,0,2,123,0,125,182,55,195,2,434,214,0,214,648
01/16/2022,SNA,CA,AWP,WE,Towers with Radar,232,61,96,1,390,0,1,203,0,204,232,62,299,1,594,310,0,310,904
01/17/2022,SNA,CA,AWP,WE,Towers with Radar,271,82,122,0,475,0,1,123,0,124,271,83,245,0,599,428,0,428,1027
01/18/2022,SNA,CA,AWP,WE,Towers with Radar,253,52,114,0,419,0,0,113,0,113,253,52,227,0,532,516,0,516,1048
01/19/2022,SNA,CA,AWP,WE,Towers with Radar,241,44,114,0,399,0,3,132,2,137,241,47,246,2,536,450,0,450,986
01/20/2022,SNA,CA,AWP,WE,Towers with Radar,264,82,106,0,452,0,1,220,0,221,264,83,326,0,673,324,0,324,997
01/21/2022,SNA,CA,AWP,WE,Towers with Radar,262,67,110,0,439,0,0,248,0,248,262,67,358,0,687,322,0,322,1009
01/22/2022,SNA,CA,AWP,WE,Towers with Radar,186,57,50,0,293,0,0,52,0,52,186,57,102,0,345,18,0,18,363
01/23/2022,SNA,CA,AWP,WE,Towers with Radar,256,87,106,1,450,0,0,192,3,195,256,87,298,4,645,144,0,144,789
01/24/2022,SNA,CA,AWP,WE,Towers with Radar,264,63,115,0,442,0,0,250,6,256,264,63,365,6,698,278,0,278,976
01/25/2022,SNA,CA,AWP,WE,Towers with Radar,241,55,111,0,407,0,2,221,10,233,241,57,332,10,640,344,0,344,984
01/26/2022,SNA,CA,AWP,WE,Towers with Radar,244,56,102,1,403,0,1,230,2,233,244,57,332,3,636,242,2,244,880
01/27/2022,SNA,CA,AWP,WE,Towers with Radar,262,79,105,0,446,0,1,229,0,230,262,80,334,0,676,320,0,320,996
01/28/2022,SNA,CA,AWP,WE,Towers with Radar,256,76,114,0,446,0,0,165,1,166,256,76,279,1,612,184,0,184,796
01/29/2022,SNA,CA,AWP,WE,Towers with Radar,184,35,84,0,303,0,0,210,1,211,184,35,294,1,514,404,0,404,918
01/30/2022,SNA,CA,AWP,WE,Towers with Radar,257,78,107,0,442,0,7,196,0,203,257,85,303,0,645,266,0,266,911
01/31/2022,SNA,CA,AWP,WE,Towers with Radar,268,73,92,0,433,0,1,185,0,186,268,74,277,0,619,180,0,180,799
02/01/2022,SNA,CA,AWP,WE,Towers with Radar,248,43,106,3,400,0,0,191,0,191,248,43,297,3,591,422,0,422,1013
02/02/2022,SNA,CA,AWP,WE,Towers with Radar,228,60,83,0,371,0,1,110,1,112,228,61,193,1,483,204,0,204,687
02/03/2022,SNA,CA,AWP,WE,Towers with Radar,244,83,105,1,433,0,2,207,1,210,244,85,312,2,643,179,0,179,822
02/04/2022,SNA,CA,AWP,WE,Towers with Radar,247,89,112,0,448,0,0,219,0,219,247,89,331,0,667,259,0,259,926
02/05/2022,SNA,CA,AWP,WE,Towers with Radar,187,47,74,0,308,0,1,247,4,252,187,48,321,4,560,296,0,296,856
02/06/2022,SNA,CA,AWP,WE,Towers with Radar,260,90,120,0,470,0,0,198,0,198,260,90,318,0,668,236,0,236,904
02/07/2022,SNA,CA,AWP,WE,Towers with Radar,270,77,90,0,437,0,2,224,0,226,270,79,314,0,663,272,0,272,935
02/08/2022,SNA,CA,AWP,WE,Towers with Radar,254,44,104,0,402,0,1,259,0,260,254,45,363,0,662,410,0,410,1072
02/09/2022,SNA,CA,AWP,WE,Towers with Radar,251,47,85,0,383,0,0,174,0,174,251,47,259,0,557,234,0,234,791
02/10/2022,SNA,CA,AWP,WE,Towers with Radar,274,64,82,0,420,0,3,120,0,123,274,67,202,0,543,204,0,204,747
02/11/2022,SNA,CA,AWP,WE,Towers with Radar,272,83,92,0,447,0,2,230,0,232,272,85,322,0,679,500,0,500,1179
02/12/2022,SNA,CA,AWP,WE,Towers with Radar,193,56,62,0,311,0,5,185,0,190,193,61,247,0,501,238,0,238,739
02/13/2022,SNA,CA,AWP,WE,Towers with Radar,253,72,65,0,390,0,1,107,2,110,253,73,172,2,500,128,0,128,628
02/14/2022,SNA,CA,AWP,WE,Towers with Radar,276,92,107,0,475,0,0,165,0,165,276,92,272,0,640,352,0,352,992
02/15/2022,SNA,CA,AWP,WE,Towers with Radar,258,65,104,0,427,0,0,83,0,83,258,65,187,0,510,360,0,360,870
02/16/2022,SNA,CA,AWP,WE,Towers with Radar,249,65,120,0,434,0,0,240,4,244,249,65,360,4,678,310,38,348,1026
02/17/2022,SNA,CA,AWP,WE,Towers with Radar,270,99,135,2,506,1,2,163,1,167,271,101,298,3,673,190,0,190,863
02/18/2022,SNA,CA,AWP,WE,Towers with Radar,273,127,121,0,521,0,4,267,2,273,273,131,388,2,794,441,0,441,1235
02/19/2022,SNA,CA,AWP,WE,Towers with Radar,199,79,97,0,375,0,2,267,0,269,199,81,364,0,644,268,0,268,912
02/20/2022,SNA,CA,AWP,WE,Towers with Radar,251,83,109,0,443,0,1,128,0,129,251,84,237,0,572,372,0,372,944
02/21/2022,SNA,CA,AWP,WE,Towers with Radar,274,85,163,0,522,0,0,111,0,111,274,85,274,0,633,320,0,320,953
02/22/2022,SNA,CA,AWP,WE,Towers with Radar,250,63,117,0,430,0,0,98,0,98,250,63,215,0,528,142,0,142,670
02/23/2022,SNA,CA,AWP,WE,Towers with Radar,235,70,85,0,390,0,1,161,0,162,235,71,246,0,552,256,6,262,814
02/24/2022,SNA,CA,AWP,WE,Towers with Radar,245,72,116,0,433,3,5,292,0,300,248,77,408,0,733,228,0,228,961
02/25/2022,SNA,CA,AWP,WE,Towers with Radar,265,97,133,1,496,0,2,244,2,248,265,99,377,3,744,310,0,310,1054
02/26/2022,SNA,CA,AWP,WE,Towers with Radar,207,77,92,0,376,0,1,214,0,215,207,78,306,0,591,240,0,240,831
02/27/2022,SNA,CA,AWP,WE,Towers with Radar,266,93,144,0,503,0,0,227,0,227,266,93,371,0,730,240,0,240,970
02/28/2022,SNA,CA,AWP,WE,Towers with Radar,283,87,97,0,467,0,1,225,0,226,283,88,322,0,693,258,0,258,951
03/01/2022,SNA,CA,AWP,WE,Towers with Radar,259,48,78,0,385,1,1,221,0,223,260,49,299,0,608,252,0,252,860
03/02/2022,SNA,CA,AWP,WE,Towers with Radar,254,48,112,0,414,0,1,287,3,291,254,49,399,3,705,238,0,238,943
03/03/2022,SNA,CA,AWP,WE,Towers with Radar,267,82,132,0,481,0,0,114,0,114,267,82,246,0,595,289,0,289,884
03/04/2022,SNA,CA,AWP,WE,Towers with Radar,272,87,106,0,465,0,0,106,2,108,272,87,212,2,573,252,0,252,825
03/05/2022,SNA,CA,AWP,WE,Towers with Radar,197,52,60,0,309,0,0,84,0,84,197,52,144,0,393,134,0,134,527
03/06/2022,SNA,CA,AWP,WE,Towers with Radar,253,101,125,0,479,0,0,217,0,217,253,101,342,0,696,284,0,284,980
03/07/2022,SNA,CA,AWP,WE,Towers with Radar,269,79,86,0,434,0,2,153,0,155,269,81,239,0,589,108,0,108,697
03/08/2022,SNA,CA,AWP,WE,Towers with Radar,256,70,87,2,415,0,0,255,0,255,256,70,342,2,670,324,0,324,994
03/09/2022,SNA,CA,AWP,WE,Towers with Radar,246,85,125,0,456,0,2,205,3,210,246,87,330,3,666,358,0,358,1024
03/10/2022,SNA,CA,AWP,WE,Towers with Radar,267,111,128,0,506,0,1,195,0,196,267,112,323,0,702,294,0,294,996
03/11/2022,SNA,CA,AWP,WE,Towers with Radar,273,95,147,0,515,1,1,217,1,220,274,96,364,1,735,106,0,106,841
03/12/2022,SNA,CA,AWP,WE,Towers with Radar,193,56,109,0,358,0,2,243,0,245,193,58,352,0,603,65,0,65,668
03/13/2022,SNA,CA,AWP,WE,Towers with Radar,254,90,159,0,503,0,3,178,0,181,254,93,337,0,684,220,0,220,904
03/14/2022,SNA,CA,AWP,WE,Towers with Radar,269,64,100,0,433,0,3,200,0,203,269,67,300,0,636,154,0,154,790
03/15/2022,SNA,CA,AWP,WE,Towers with Radar,242,58,124,0,424,0,0,245,0,245,242,58,369,0,669,308,0,308,977
03/16/2022,SNA,CA,AWP,WE,Towers with Radar,248,75,116,0,439,0,4,201,1,206,248,79,317,1,645,318,0,318,963
03/17/2022,SNA,CA,AWP,WE,Towers with Radar,267,72,105,0,444,0,3,227,4,234,267,75,332,4,678,464,10,474,1152
03/18/2022,SNA,CA,AWP,WE,Towers with Radar,270,80,128,0,478,0,0,252,0,252,270,80,380,0,730,278,0,278,1008
03/19/2022,SNA,CA,AWP,WE,Towers with Radar,192,53,93,0,338,0,2,134,0,136,192,55,227,0,474,296,0,296,770
03/20/2022,SNA,CA,AWP,WE,Towers with Radar,264,107,137,0,508,0,0,152,1,153,264,107,289,1,661,266,0,266,927
03/21/2022,SNA,CA,AWP,WE,Towers with Radar,271,76,99,0,446,0,1,212,0,213,271,77,311,0,659,304,0,304,963
03/22/2022,SNA,CA,AWP,WE,Towers with Radar,242,72,102,1,417,0,1,238,0,239,242,73,340,1,656,438,0,438,1094
03/23/2022,SNA,CA,AWP,WE,Towers with Radar,242,53,107,1,403,0,2,229,1,232,242,55,336,2,635,314,0,314,949
03/24/2022,SNA,CA,AWP,WE,Towers with Radar,275,92,116,0,483,0,3,248,1,252,275,95,364,1,735,64,0,64,799
03/25/2022,SNA,CA,AWP,WE,Towers with Radar,273,67,127,2,469,0,2,166,0,168,273,69,293,2,637,208,0,208,845
03/26/2022,SNA,CA,AWP,WE,Towers with Radar,194,48,111,0,353,0,2,129,0,131,194,50,240,0,484,72,0,72,556
03/27/2022,SNA,CA,AWP,WE,Towers with Radar,265,68,169,0,502,0,2,144,0,146,265,70,313,0,648,158,0,158,806
03/28/2022,SNA,CA,AWP,WE,Towers with Radar,276,53,79,0,408,0,0,21,0,21,276,53,100,0,429,42,0,42,471
03/29/2022,SNA,CA,AWP,WE,Towers with Radar,244,52,120,4,420,0,2,157,0,159,244,54,277,4,579,426,0,426,1005
03/30/2022,SNA,CA,AWP,WE,Towers with Radar,251,55,135,0,441,0,0,200,6,206,251,55,335,6,647,318,0,318,965
03/31/2022,SNA,CA,AWP,WE,Towers with Radar,274,88,148,2,512,0,0,78,4,82,274,88,226,6,594,426,0,426,1020
04/01/2022,SNA,CA,AWP,WE,Towers with Radar,272,72,119,0,463,1,3,176,0,180,273,75,295,0,643,306,0,306,949
04/02/2022,SNA,CA,AWP,WE,Towers with Radar,193,67,136,2,398,0,2,59,0,61,193,69,195,2,459,190,0,190,649
04/03/2022,SNA,CA,AWP,WE,Towers with Radar,251,78,145,0,474,0,0,81,0,81,251,78,226,0,555,210,24,234,789
04/04/2022,SNA,CA,AWP,WE,Towers with Radar,276,98,104,0,478,0,2,149,0,151,276,100,253,0,629,364,0,364,993
04/05/2022,SNA,CA,AWP,WE,Towers with Radar,266,79,100,0,445,0,6,208,1,215,266,85,308,1,660,616,0,616,1276
04/06/2022,SNA,CA,AWP,WE,Towers with Radar,267,90,110,3,470,0,0,251,4,255,267,90,361,7,725,120,4,124,849
04/07/2022,SNA,CA,AWP,WE,Towers with Radar,276,92,118,0,486,1,4,171,0,176,277,96,289,0,662,58,0,58,720
04/08/2022,SNA,CA,AWP,WE,Towers with Radar,275,84,126,0,485,0,1,212,0,213,275,85,338,0,698,92,0,92,790
04/09/2022,SNA,CA,AWP,WE,Towers with Radar,205,81,78,2,366,0,2,185,0,187,205,83,263,2,553,172,0,172,725
04/10/2022,SNA,CA,AWP,WE,Towers with Radar,274,82,149,0,505,0,0,110,0,110,274,82,259,0,615,314,0,314,929
04/11/2022,SNA,CA,AWP,WE,Towers with Radar,282,85,147,0,514,0,1,125,1,127,282,86,272,1,641,248,0,248,889
04/12/2022,SNA,CA,AWP,WE,Towers with Radar,266,47,80,0,393,0,2,146,0,148,266,49,226,0,541,128,0,128,669
04/13/2022,SNA,CA,AWP,WE,Towers with Radar,264,73,108,0,445,0,1,211,0,212,264,74,319,0,657,380,0,380,1037
04/14/2022,SNA,CA,AWP,WE,Towers with Radar,279,94,149,0,522,0,0,237,4,241,279,94,386,4,763,302,0,302,1065
04/15/2022,SNA,CA,AWP,WE,Towers with Radar,277,75,116,0,468,0,2,224,1,227,277,77,340,1,695,468,0,468,1163
04/16/2022,SNA,CA,AWP,WE,Towers with Radar,203,46,130,0,379,0,0,131,0,131,203,46,261,0,510,328,0,328,838
04/17/2022,SNA,CA,AWP,WE,Towers with Radar,271,82,106,0,459,0,1,130,0,131,271,83,236,0,590,200,0,200,790
04/18/2022,SNA,CA,AWP,WE,Towers with Radar,276,84,146,0,506,0,3,205,0,208,276,87,351,0,714,360,0,360,1074
04/19/2022,SNA,CA,AWP,WE,Towers with Radar,272,59,102,0,433,0,1,239,0,240,272,60,341,0,673,426,0,426,1099
04/20/2022,SNA,CA,AWP,WE,Towers with Radar,275,53,118,0,446,0,4,215,1,220,275,57,333,1,666,426,0,426,1092
04/21/2022,SNA,CA,AWP,WE,Towers with Radar,288,72,131,1,492,0,1,170,1,172,288,73,301,2,664,316,0,316,980
04/22/2022,SNA,CA,AWP,WE,Towers with Radar,286,73,115,0,474,0,0,148,0,148,286,73,263,0,622,52,0,52,674
04/23/2022,SNA,CA,AWP,WE,Towers with Radar,218,52,127,1,398,0,1,251,0,252,218,53,378,1,650,370,0,370,1020
04/24/2022,SNA,CA,AWP,WE,Towers with Radar,271,92,122,0,485,0,3,240,0,243,271,95,362,0,728,178,0,178,906
04/25/2022,SNA,CA,AWP,WE,Towers with Radar,286,67,94,0,447,0,4,232,0,236,286,71,326,0,683,192,0,192,875
04/26/2022,SNA,CA,AWP,WE,Towers with Radar,276,54,84,0,414,0,1,221,1,223,276,55,305,1,637,442,0,442,1079
04/27/2022,SNA,CA,AWP,WE,Towers with Radar,280,77,117,1,475,0,0,198,2,200,280,77,315,3,675,214,0,214,889
04/28/2022,SNA,CA,AWP,WE,Towers with Radar,287,85,142,1,515,0,0,172,0,172,287,85,314,1,687,265,0,265,952
04/29/2022,SNA,CA,AWP,WE,Towers with Radar,285,87,109,2,483,0,1,243,1,245,285,88,352,3,728,324,0,324,1052
04/30/2022,SNA,CA,AWP,WE,Towers with Radar,220,45,76,0,341,0,0,243,0,243,220,45,319,0,584,230,0,230,814
05/01/2022,SNA,CA,AWP,WE,Towers with Radar,269,96,128,0,493,0,2,170,0,172,269,98,298,0,665,208,0,208,873
05/02/2022,SNA,CA,AWP,WE,Towers with Radar,282,83,130,0,495,0,1,141,0,142,282,84,271,0,637,410,0,410,1047
05/03/2022,SNA,CA,AWP,WE,Towers with Radar,275,42,121,0,438,0,0,155,0,155,275,42,276,0,593,138,0,138,731
05/04/2022,SNA,CA,AWP,WE,Towers with Radar,269,60,124,1,454,0,2,271,3,276,269,62,395,4,730,298,0,298,1028
05/05/2022,SNA,CA,AWP,WE,Towers with Radar,284,74,114,0,472,0,1,239,0,240,284,75,353,0,712,338,0,338,1050
05/06/2022,SNA,CA,AWP,WE,Towers with Radar,286,78,128,0,492,0,1,228,0,229,286,79,356,0,721,326,0,326,1047
05/07/2022,SNA,CA,AWP,WE,Towers with Radar,214,45,75,0,334,0,0,201,0,201,214,45,276,0,535,266,0,266,801
05/08/2022,SNA,CA,AWP,WE,Towers with Radar,269,88,112,0,469,1,1,104,0,106,270,89,216,0,575,206,0,206,781
05/09/2022,SNA,CA,AWP,WE,Towers with Radar,288,97,100,0,485,0,0,192,0,192,288,97,292,0,677,274,0,274,951
05/10/2022,SNA,CA,AWP,WE,Towers with Radar,271,89,94,0,454,0,1,216,0,217,271,90,310,0,671,402,0,402,1073
05/11/2022,SNA,CA,AWP,WE,Towers with Radar,271,88,102,0,461,0,0,244,2,246,271,88,346,2,707,346,2,348,1055
05/12/2022,SNA,CA,AWP,WE,Towers with Radar,292,110,129,0,531,0,0,259,2,261,292,110,388,2,792,105,0,105,897
05/13/2022,SNA,CA,AWP,WE,Towers with Radar,288,78,110,0,476,0,1,250,0,251,288,79,360,0,727,372,0,372,1099
05/14/2022,SNA,CA,AWP,WE,Towers with Radar,215,48,72,0,335,0,2,191,0,193,215,50,263,0,528,296,0,296,824
05/15/2022,SNA,CA,AWP,WE,Towers with Radar,273,108,121,0,502,0,3,193,0,196,273,111,314,0,698,238,0,238,936
05/16/2022,SNA,CA,AWP,WE,Towers with Radar,283,77,97,0,457,0,0,189,0,189,283,77,286,0,646,284,0,284,930
05/17/2022,SNA,CA,AWP,WE,Towers with Radar,270,55,129,0,454,0,0,144,2,146,270,55,273,2,600,494,0,494,1094
05/18/2022,SNA,CA,AWP,WE,Towers with Radar,277,84,132,0,493,0,0,171,0,171,277,84,303,0,664,344,0,344,1008
05/19/2022,SNA,CA,AWP,WE,Towers with Radar,292,106,140,0,538,1,2,59,0,62,293,108,199,0,600,43,0,43,643
05/20/2022,SNA,CA,AWP,WE,Towers with Radar,274,96,132,0,502,3,0,36,0,39,277,96,168,0,541,18,0,18,559
05/21/2022,SNA,CA,AWP,WE,Towers with Radar,204,48,103,0,355,11,8,114,0,133,215,56,217,0,488,8,0,8,496
05/22/2022,SNA,CA,AWP,WE,Towers with Radar,271,91,133,0,495,6,4,209,0,219,277,95,342,0,714,8,0,8,722
05/23/2022,SNA,CA,AWP,WE,Towers with Radar,284,77,87,0,448,0,1,107,1,109,284,78,194,1,557,208,0,208,765
05/24/2022,SNA,CA,AWP,WE,Towers with Radar,269,56,92,0,417,0,0,166,1,167,269,56,258,1,584,134,0,134,718
05/25/2022,SNA,CA,AWP,WE,Towers with Radar,268,66,107,2,443,8,2,178,0,188,276,68,285,2,631,98,0,98,729
05/26/2022,SNA,CA,AWP,WE,Towers with Radar,286,101,137,0,524,0,0,199,0,199,286,101,336,0,723,348,0,348,1071
05/27/2022,SNA,CA,AWP,WE,Towers with Radar,283,92,159,0,534,0,2,198,0,200,283,94,357,0,734,96,0,96,830
05/28/2022,SNA,CA,AWP,WE,Towers with Radar,218,41,98,0,357,0,0,83,2,85,218,41,181,2,442,326,0,326,768
05/29/2022,SNA,CA,AWP,WE,Towers with Radar,268,60,75,0,403,0,3,123,3,129,268,63,198,3,532,228,0,228,760
05/30/2022,SNA,CA,AWP,WE,Towers with Radar,283,84,146,0,513,0,1,172,0,173,283,85,318,0,686,226,0,226,912
05/31/2022,SNA,CA,AWP,WE,Towers with Radar,275,81,101,0,457,0,1,215,0,216,275,82,316,0,673,276,0,276,949
06/01/2022,SNA,CA,AWP,WE,Towers with Radar,275,70,79,0,424,0,0,214,0,214,275,70,293,0,638,364,0,364,1002
06/02/2022,SNA,CA,AWP,WE,Towers with Radar,288,88,100,0,476,0,1,165,1,167,288,89,265,1,643,286,0,286,929
06/03/2022,SNA,CA,AWP,WE,Towers with Radar,280,92,134,0,506,1,1,174,0,176,281,93,308,0,682,338,0,338,1020
06/04/2022,SNA,CA,AWP,WE,Towers with Radar,211,73,83,1,368,0,0,127,1,128,211,73,210,2,496,464,0,464,960
06/05/2022,SNA,CA,AWP,WE,Towers with Radar,275,100,117,0,492,0,0,173,0,173,275,100,290,0,665,250,0,250,915
06/06/2022,SNA,CA,AWP,WE,Towers with Radar,287,73,115,0,475,0,0,217,0,217,287,73,332,0,692,236,0,236,928
06/07/2022,SNA,CA,AWP,WE,Towers with Radar,275,78,124,0,477,0,1,184,0,185,275,79,308,0,662,246,0,246,908
06/08/2022,SNA,CA,AWP,WE,Towers with Radar,275,62,137,0,474,0,0,96,0,96,275,62,233,0,570,156,0,156,726
06/09/2022,SNA,CA,AWP,WE,Towers with Radar,291,76,131,0,498,0,1,70,0,71,291,77,201,0,569,10,0,10,579
06/10/2022,SNA,CA,AWP,WE,Towers with Radar,287,95,142,0,524,0,0,84,2,86,287,95,226,2,610,8,0,8,618
06/11/2022,SNA,CA,AWP,WE,Towers with Radar,225,69,98,0,392,0,0,176,1,177,225,69,274,1,569,322,0,322,891
06/12/2022,SNA,CA,AWP,WE,Towers with Radar,267,75,119,2,463,0,2,176,0,178,267,77,295,2,641,212,0,212,853
06/13/2022,SNA,CA,AWP,WE,Towers with Radar,289,81,106,0,476,0,1,128,0,129,289,82,234,0,605,312,0,312,917
06/14/2022,SNA,CA,AWP,WE,Towers with Radar,278,61,87,0,426,0,1,232,0,233,278,62,319,0,659,252,0,252,911
06/15/2022,SNA,CA,AWP,WE,Towers with Radar,275,73,115,0,463,0,1,245,2,248,275,74,360,2,711,281,0,281,992
06/16/2022,SNA,CA,AWP,WE,Towers with Radar,292,90,139,1,522,0,0,168,0,168,292,90,307,1,690,252,0,252,942
06/17/2022,SNA,CA,AWP,WE,Towers with Radar,283,88,121,0,492,0,1,195,0,196,283,89,316,0,688,406,0,406,1094
06/18/2022,SNA,CA,AWP,WE,Towers with Radar,217,60,91,0,368,0,0,236,1,237,217,60,327,1,605,168,0,168,773
06/19/2022,SNA,CA,AWP,WE,Towers with Radar,271,75,85,0,431,0,1,175,0,176,271,76,260,0,607,206,0,206,813
06/20/2022,SNA,CA,AWP,WE,Towers with Radar,288,84,111,0,483,0,0,286,0,286,288,84,397,0,769,396,0,396,1165
06/21/2022,SNA,CA,AWP,WE,Towers with Radar,272,66,88,0,426,0,0,238,2,240,272,66,326,2,666,338,0,338,1004
06/22/2022,SNA,CA,AWP,WE,Towers with Radar,272,67,98,0,437,0,1,172,0,173,272,68,270,0,610,296,0,296,906
06/23/2022,SNA,CA,AWP,WE,Towers with Radar,285,90,113,2,490,0,2,242,0,244,285,92,355,2,734,330,0,330,1064
06/24/2022,SNA,CA,AWP,WE,Towers with Radar,283,78,119,1,481,2,1,244,0,247,285,79,363,1,728,225,0,225,953
06/25/2022,SNA,CA,AWP,WE,Towers with Radar,221,62,80,0,363,0,0,169,2,171,221,62,249,2,534,322,0,322,856
06/26/2022,SNA,CA,AWP,WE,Towers with Radar,276,106,115,0,497,0,0,206,0,206,276,106,321,0,703,270,0,270,973
06/27/2022,SNA,CA,AWP,WE,Towers with Radar,283,78,102,0,463,0,0,208,0,208,283,78,310,0,671,370,0,370,1041
06/28/2022,SNA,CA,AWP,WE,Towers with Radar,272,70,105,0,447,0,0,223,1,224,272,70,328,1,671,370,0,370,1041
06/29/2022,SNA,CA,AWP,WE,Towers with Radar,270,64,128,0,462,0,0,195,0,195,270,64,323,0,657,256,0,256,913
06/30/2022,SNA,CA,AWP,WE,Towers with Radar,290,108,137,1,536,0,0,252,3,255,290,108,389,4,791,390,0,390,1181
07/01/2022,SNA,CA,AWP,WE,Towers with Radar,286,110,148,1,545,0,1,232,0,233,286,111,380,1,778,206,0,206,984
07/02/2022,SNA,CA,AWP,WE,Towers with Radar,220,60,85,1,366,0,0,215,0,215,220,60,300,1,581,138,0,138,719
07/03/2022,SNA,CA,AWP,WE,Towers with Radar,269,58,68,3,398,0,4,152,0,156,269,62,220,3,554,174,0,174,728
07/04/2022,SNA,CA,AWP,WE,Towers with Radar,282,60,75,0,417,0,0,99,0,99,282,60,174,0,516,36,0,36,552
07/05/2022,SNA,CA,AWP,WE,Towers with Radar,273,85,134,0,492,0,2,197,1,200,273,87,331,1,692,430,0,430,1122
07/06/2022,SNA,CA,AWP,WE,Towers with Radar,272,69,101,1,443,0,1,196,0,197,272,70,297,1,640,276,0,276,916
07/07/2022,SNA,CA,AWP,WE,Towers with Radar,288,87,97,0,472,0,0,243,0,243,288,87,340,0,715,340,0,340,1055
07/08/2022,SNA,CA,AWP,WE,Towers with Radar,286,68,124,2,480,0,0,230,2,232,286,68,354,4,712,352,0,352,1064
07/09/2022,SNA,CA,AWP,WE,Towers with Radar,222,64,83,1,370,0,2,190,0,192,222,66,273,1,562,350,0,350,912
07/10/2022,SNA,CA,AWP,WE,Towers with Radar,280,95,103,0,478,0,0,184,0,184,280,95,287,0,662,260,0,260,922
07/11/2022,SNA,CA,AWP,WE,Towers with Radar,293,84,107,0,484,0,1,188,0,189,293,85,295,0,673,385,0,385,1058
07/12/2022,SNA,CA,AWP,WE,Towers with Radar,271,68,89,1,429,0,1,179,0,180,271,69,268,1,609,188,0,188,797
07/13/2022,SNA,CA,AWP,WE,Towers with Radar,271,63,152,0,486,0,2,172,0,174,271,65,324,0,660,352,0,352,1012
07/14/2022,SNA,CA,AWP,WE,Towers with Radar,283,83,109,0,475,0,5,209,2,216,283,88,318,2,691,390,0,390,1081
07/15/2022,SNA,CA,AWP,WE,Towers with Radar,289,90,90,0,469,0,2,240,2,244,289,92,330,2,713,298,0,298,1011
07/16/2022,SNA,CA,AWP,WE,Towers with Radar,217,65,86,0,368,0,2,150,1,153,217,67,236,1,521,192,0,192,713
07/17/2022,SNA,CA,AWP,WE,Towers with Radar,277,103,136,0,516,0,2,157,0,159,277,105,293,0,675,116,0,116,791
07/18/2022,SNA,CA,AWP,WE,Towers with Radar,292,89,99,0,480,0,0,176,0,176,292,89,275,0,656,366,0,366,1022
07/19/2022,SNA,CA,AWP,WE,Towers with Radar,270,52,116,1,439,0,4,210,1,215,270,56,326,2,654,392,0,392,1046
07/20/2022,SNA,CA,AWP,WE,Towers with Radar,270,73,90,1,434,0,1,241,0,242,270,74,331,1,676,292,0,292,968
07/21/2022,SNA,CA,AWP,WE,Towers with Radar,288,99,126,0,513,0,0,262,0,262,288,99,388,0,775,348,0,348,1123
07/22/2022,SNA,CA,AWP,WE,Towers with Radar,290,76,117,0,483,0,1,242,1,244,290,77,359,1,727,262,0,262,989
07/23/2022,SNA,CA,AWP,WE,Towers with Radar,217,56,102,0,375,0,0,178,0,178,217,56,280,0,553,388,0,388,941
07/24/2022,SNA,CA,AWP,WE,Towers with Radar,270,91,137,0,498,0,0,140,0,140,270,91,277,0,638,240,0,240,878
07/25/2022,SNA,CA,AWP,WE,Towers with Radar,286,77,109,2,474,0,0,171,1,172,286,77,280,3,646,270,0,270,916
07/26/2022,SNA,CA,AWP,WE,Towers with Radar,336,64,95,0,495,0,0,216,1,217,336,64,311,1,712,408,0,408,1120
07/27/2022,SNA,CA,AWP,WE,Towers with Radar,270,64,131,0,465,0,0,190,0,190,270,64,321,0,655,310,0,310,965
07/28/2022,SNA,CA,AWP,WE,Towers with Radar,289,95,129,0,513,0,1,187,0,188,289,96,316,0,701,354,0,354,1055
07/29/2022,SNA,CA,AWP,WE,Towers with Radar,289,91,129,1,510,0,0,220,2,222,289,91,349,3,732,348,0,348,1080
07/30/2022,SNA,CA,AWP,WE,Towers with Radar,217,77,79,0,373,0,2,202,0,204,217,79,281,0,577,254,0,254,831
07/31/2022,SNA,CA,AWP,WE,Towers with Radar,267,103,144,0,514,0,3,178,0,181,267,106,322,0,695,128,0,128,823
08/01/2022,SNA,CA,AWP,WE,Towers with Radar,295,72,106,0,473,0,1,206,0,207,295,73,312,0,680,270,0,270,950
08/02/2022,SNA,CA,AWP,WE,Towers with Radar,278,65,97,1,441,0,0,227,0,227,278,65,324,1,668,390,0,390,1058
08/03/2022,SNA,CA,AWP,WE,Towers with Radar,276,58,118,0,452,0,1,191,2,194,276,59,309,2,646,318,0,318,964
08/04/2022,SNA,CA,AWP,WE,Towers with Radar,274,87,115,0,476,0,2,221,1,224,274,89,336,1,700,388,0,388,1088
08/05/2022,SNA,CA,AWP,WE,Towers with Radar,277,84,116,0,477,0,1,271,0,272,277,85,387,0,749,358,0,358,1107
08/06/2022,SNA,CA,AWP,WE,Towers with Radar,212,78,90,0,380,0,1,211,0,212,212,79,301,0,592,228,0,228,820
08/07/2022,SNA,CA,AWP,WE,Towers with Radar,281,104,120,0,505,0,2,181,0,183,281,106,301,0,688,192,0,192,880
08/08/2022,SNA,CA,AWP,WE,Towers with Radar,290,58,102,0,450,0,1,235,0,236,290,59,337,0,686,296,0,296,982
08/09/2022,SNA,CA,AWP,WE,Towers with Radar,276,52,82,0,410,0,0,215,1,216,276,52,297,1,626,368,0,368,994
08/10/2022,SNA,CA,AWP,WE,Towers with Radar,263,66,100,0,429,0,0,253,1,254,263,66,353,1,683,327,0,327,1010
08/11/2022,SNA,CA,AWP,WE,Towers with Radar,289,72,135,0,496,0,0,245,0,245,289,72,380,0,741,380,0,380,1121
08/12/2022,SNA,CA,AWP,WE,Towers with Radar,279,89,117,0,485,0,0,242,1,243,279,89,359,1,728,376,0,376,1104
08/13/2022,SNA,CA,AWP,WE,Towers with Radar,216,53,64,0,333,0,2,198,0,200,216,55,262,0,533,398,0,398,931
08/14/2022,SNA,CA,AWP,WE,Towers with Radar,270,86,129,0,485,0,0,169,0,169,270,86,298,0,654,192,0,192,846
08/15/2022,SNA,CA,AWP,WE,Towers with Radar,295,75,103,0,473,0,0,183,1,184,295,75,286,1,657,344,0,344,1001
08/16/2022,SNA,CA,AWP,WE,Towers with Radar,279,56,83,0,418,0,0,208,0,208,279,56,291,0,626,310,0,310,936
08/17/2022,SNA,CA,AWP,WE,Towers with Radar,280,67,94,0,441,0,0,191,0,191,280,67,285,0,632,304,0,304,936
08/18/2022,SNA,CA,AWP,WE,Towers with Radar,294,89,131,0,514,0,1,199,0,200,294,90,330,0,714,362,0,362,1076
08/19/2022,SNA,CA,AWP,WE,Towers with Radar,291,87,115,0,493,0,1,228,0,229,291,88,343,0,722,296,0,296,1018
08/20/2022,SNA,CA,AWP,WE,Towers with Radar,214,59,92,0,365,0,0,129,4,133,214,59,221,4,498,314,0,314,812
08/21/2022,SNA,CA,AWP,WE,Towers with Radar,274,115,156,0,545,0,0,96,0,96,274,115,252,0,641,156,0,156,797
08/22/2022,SNA,CA,AWP,WE,Towers with Radar,283,60,129,0,472,0,1,175,0,176,283,61,304,0,648,318,0,318,966
08/23/2022,SNA,CA,AWP,WE,Towers with Radar,270,68,112,0,450,0,0,183,0,183,270,68,295,0,633,404,0,404,1037
08/24/2022,SNA,CA,AWP,WE,Towers with Radar,276,63,106,0,445,0,0,199,0,199,276,63,305,0,644,352,0,352,996
08/25/2022,SNA,CA,AWP,WE,Towers with Radar,292,87,124,0,503,0,0,230,0,230,292,87,354,0,733,394,0,394,1127
08/26/2022,SNA,CA,AWP,WE,Towers with Radar,292,104,107,0,503,1,0,225,0,226,293,104,332,0,729,534,0,534,1263
08/27/2022,SNA,CA,AWP,WE,Towers with Radar,218,72,99,0,389,0,2,164,0,166,218,74,263,0,555,298,0,298,853
08/28/2022,SNA,CA,AWP,WE,Towers with Radar,282,121,119,0,522,0,0,229,0,229,282,121,348,0,751,388,0,388,1139
08/29/2022,SNA,CA,AWP,WE,Towers with Radar,292,82,83,0,457,0,0,220,2,222,292,82,303,2,679,326,0,326,1005
08/30/2022,SNA,CA,AWP,WE,Towers with Radar,274,49,75,0,398,0,0,220,0,220,274,49,295,0,618,370,0,370,988
08/31/2022,SNA,CA,AWP,WE,Towers with Radar,278,56,82,1,417,0,0,258,1,259,278,56,340,2,676,368,0,368,1044
09/01/2022,SNA,CA,AWP,WE,Towers with Radar,290,105,129,0,524,0,1,250,0,251,290,106,379,0,775,538,0,538,1313
09/02/2022,SNA,CA,AWP,WE,Towers with Radar,290,93,115,0,498,0,0,247,0,247,290,93,362,0,745,368,0,368,1113
09/03/2022,SNA,CA,AWP,WE,Towers with Radar,208,58,83,0,349,0,0,189,0,189,208,58,272,0,538,444,0,444,982
09/04/2022,SNA,CA,AWP,WE,Towers with Radar,244,68,79,0,391,0,0,121,0,121,244,68,200,0,512,142,0,142,654
09/05/2022,SNA,CA,AWP,WE,Towers with Radar,291,102,147,0,540,0,0,203,0,203,291,102,350,0,743,277,0,277,1020
09/06/2022,SNA,CA,AWP,WE,Towers with Radar,279,95,90,0,464,0,0,171,1,172,279,95,261,1,636,320,0,320,956
09/07/2022,SNA,CA,AWP,WE,Towers with Radar,272,64,83,0,419,0,0,201,2,203,272,64,284,2,622,268,0,268,890
09/08/2022,SNA,CA,AWP,WE,Towers with Radar,289,87,120,0,496,0,0,227,1,228,289,87,347,1,724,214,0,214,938
09/09/2022,SNA,CA,AWP,WE,Towers with Radar,296,76,111,0,483,0,0,61,2,63,296,76,172,2,546,96,0,96,642
09/10/2022,SNA,CA,AWP,WE,Towers with Radar,225,48,77,0,350,0,0,82,0,82,225,48,159,0,432,140,0,140,572
09/11/2022,SNA,CA,AWP,WE,Towers with Radar,285,96,129,0,510,0,2,126,0,128,285,98,255,0,638,212,0,212,850
09/12/2022,SNA,CA,AWP,WE,Towers with Radar,302,75,114,0,491,0,4,189,1,194,302,79,303,1,685,272,0,272,957
09/13/2022,SNA,CA,AWP,WE,Towers with Radar,277,78,112,1,468,0,2,200,1,203,277,80,312,2,671,416,0,416,1087
09/14/2022,SNA,CA,AWP,WE,Towers with Radar,279,97,127,0,503,0,1,212,0,213,279,98,339,0,716,316,0,316,1032
09/15/2022,SNA,CA,AWP,WE,Towers with Radar,296,133,107,0,536,0,1,224,1,226,296,134,331,1,762,253,0,253,1015
09/16/2022,SNA,CA,AWP,WE,Towers with Radar,286,86,121,0,493,0,0,250,0,250,286,86,371,0,743,345,0,345,1088
09/17/2022,SNA,CA,AWP,WE,Towers with Radar,223,42,83,0,348,0,1,187,0,188,223,43,270,0,536,318,0,318,854
09/18/2022,SNA,CA,AWP,WE,Towers with Radar,275,97,163,0,535,0,0,163,0,163,275,97,326,0,698,242,0,242,940
09/19/2022,SNA,CA,AWP,WE,Towers with Radar,295,69,104,0,468,0,0,239,0,239,295,69,343,0,707,314,0,314,1021
09/20/2022,SNA,CA,AWP,WE,Towers with Radar,275,56,118,2,451,0,0,239,1,240,275,56,357,3,691,370,0,370,1061
09/21/2022,SNA,CA,AWP,WE,Towers with Radar,279,72,121,0,472,0,0,210,0,210,279,72,331,0,682,238,0,238,920
09/22/2022,SNA,CA,AWP,WE,Towers with Radar,296,92,137,0,525,0,3,251,1,255,296,95,388,1,780,348,0,348,1128
09/23/2022,SNA,CA,AWP,WE,Towers with Radar,288,102,125,0,515,0,5,272,0,277,288,107,397,0,792,191,0,191,983
09/24/2022,SNA,CA,AWP,WE,Towers with Radar,225,64,62,0,351,0,0,209,1,210,225,64,271,1,561,144,0,144,705
09/25/2022,SNA,CA,AWP,WE,Towers with Radar,290,89,116,0,495,0,0,218,0,218,290,89,334,0,713,168,0,168,881
09/26/2022,SNA,CA,AWP,WE,Towers with Radar,295,78,90,0,463,0,2,261,0,263,295,80,351,0,726,232,0,232,958
09/27/2022,SNA,CA,AWP,WE,Towers with Radar,278,50,94,0,422,0,0,215,0,215,278,50,309,0,637,398,0,398,1035
09/28/2022,SNA,CA,AWP,WE,Towers with Radar,282,59,96,1,438,0,0,178,2,180,282,59,274,3,618,292,0,292,910
09/29/2022,SNA,CA,AWP,WE,Towers with Radar,291,96,135,3,525,0,2,166,5,173,291,98,301,8,698,172,0,172,870
09/30/2022,SNA,CA,AWP,WE,Towers with Radar,291,80,126,3,500,0,1,210,4,215,291,81,336,7,715,180,0,180,895
10/01/2022,SNA,CA,AWP,WE,Towers with Radar,211,69,80,0,360,0,1,143,2,146,211,70,223,2,506,156,0,156,662
10/02/2022,SNA,CA,AWP,WE,Towers with Radar,284,79,124,1,488,0,0,156,4,160,284,79,280,5,648,80,0,80,728
10/03/2022,SNA,CA,AWP,WE,Towers with Radar,288,73,108,5,474,0,0,228,3,231,288,73,336,8,705,284,0,284,989
10/04/2022,SNA,CA,AWP,WE,Towers with Radar,273,51,102,0,426,0,0,199,1,200,273,51,301,1,626,328,0,328,954
10/05/2022,SNA,CA,AWP,WE,Towers with Radar,283,73,125,0,481,0,0,181,0,181,283,73,306,0,662,148,0,148,810
10/06/2022,SNA,CA,AWP,WE,Towers with Radar,291,102,170,0,563,0,1,131,0,132,291,103,301,0,695,246,0,246,941
10/07/2022,SNA,CA,AWP,WE,Towers with Radar,296,83,137,1,517,0,3,253,0,256,296,86,390,1,773,284,0,284,1057
10/08/2022,SNA,CA,AWP,WE,Towers with Radar,224,63,86,0,373,0,2,162,0,164,224,65,248,0,537,148,0,148,685
10/09/2022,SNA,CA,AWP,WE,Towers with Radar,287,114,136,0,537,0,0,164,2,166,287,114,300,2,703,88,2,90,793
10/10/2022,SNA,CA,AWP,WE,Towers with Radar,295,102,118,1,516,0,0,151,2,153,295,102,269,3,669,202,0,202,871
10/11/2022,SNA,CA,AWP,WE,Towers with Radar,278,87,132,1,498,0,0,100,2,102,278,87,232,3,600,412,0,412,1012
10/12/2022,SNA,CA,AWP,WE,Towers with Radar,277,102,153,0,532,0,1,95,1,97,277,103,248,1,629,292,0,292,921
10/13/2022,SNA,CA,AWP,WE,Towers with Radar,299,106,142,0,547,0,0,51,0,51,299,106,193,0,598,358,0,358,956
10/14/2022,SNA,CA,AWP,WE,Towers with Radar,297,76,119,2,494,0,0,50,7,57,297,76,169,9,551,50,0,50,601
10/15/2022,SNA,CA,AWP,WE,Towers with Radar,222,57,94,0,373,0,0,67,0,67,222,57,161,0,440,292,0,292,732
10/16/2022,SNA,CA,AWP,WE,Towers with Radar,292,100,153,0,545,0,0,96,0,96,292,100,249,0,641,162,0,162,803
10/17/2022,SNA,CA,AWP,WE,Towers with Radar,293,85,106,0,484,0,1,222,1,224,293,86,328,1,708,296,0,296,1004
10/18/2022,SNA,CA,AWP,WE,Towers with Radar,275,76,116,0,467,0,2,257,0,259,275,78,373,0,726,378,0,378,1104
10/19/2022,SNA,CA,AWP,WE,Towers with Radar,272,77,98,0,447,0,0,258,0,258,272,77,356,0,705,436,0,436,1141
10/20/2022,SNA,CA,AWP,WE,Towers with Radar,294,99,100,2,495,0,3,265,1,269,294,102,365,3,764,252,0,252,1016
10/21/2022,SNA,CA,AWP,WE,Towers with Radar,299,117,126,0,542,0,2,241,0,243,299,119,367,0,785,320,0,320,1105
10/22/2022,SNA,CA,AWP,WE,Towers with Radar,223,56,82,0,361,0,0,80,0,80,223,56,162,0,441,247,0,247,688
10/23/2022,SNA,CA,AWP,WE,Towers with Radar,285,112,127,1,525,1,2,229,0,232,286,114,356,1,757,230,0,230,987
10/24/2022,SNA,CA,AWP,WE,Towers with Radar,305,96,91,0,492,0,3,194,0,197,305,99,285,0,689,148,0,148,837
10/25/2022,SNA,CA,AWP,WE,Towers with Radar,273,55,105,0,433,0,1,227,0,228,273,56,332,0,661,470,0,470,1131
10/26/2022,SNA,CA,AWP,WE,Towers with Radar,276,71,101,0,448,0,0,227,3,230,276,71,328,3,678,414,0,414,1092
10/27/2022,SNA,CA,AWP,WE,Towers with Radar,300,95,105,0,500,0,2,243,1,246,300,97,348,1,746,432,0,432,1178
10/28/2022,SNA,CA,AWP,WE,Towers with Radar,296,82,116,0,494,0,0,231,4,235,296,82,347,4,729,194,0,194,923
10/29/2022,SNA,CA,AWP,WE,Towers with Radar,221,36,84,0,341,0,2,199,3,204,221,38,283,3,545,267,0,267,812
10/30/2022,SNA,CA,AWP,WE,Towers with Radar,278,78,94,1,451,0,0,261,1,262,278,78,355,2,713,58,0,58,771
10/31/2022,SNA,CA,AWP,WE,Towers with Radar,286,56,60,0,402,0,0,170,0,170,286,56,230,0,572,224,0,224,796
11/01/2022,SNA,CA,AWP,WE,Towers with Radar,268,68,98,0,434,0,0,145,1,146,268,68,243,1,580,330,0,330,910
11/02/2022,SNA,CA,AWP,WE,Towers with Radar,270,85,106,1,462,0,0,131,3,134,270,85,237,4,596,334,0,334,930
11/03/2022,SNA,CA,AWP,WE,Towers with Radar,292,102,119,0,513,0,1,182,14,197,292,103,301,14,710,334,0,334,1044
11/04/2022,SNA,CA,AWP,WE,Towers with Radar,285,82,124,0,491,0,2,304,3,309,285,84,428,3,800,235,0,235,1035
11/05/2022,SNA,CA,AWP,WE,Towers with Radar,220,44,79,0,343,0,0,256,0,256,220,44,335,0,599,382,0,382,981
11/06/2022,SNA,CA,AWP,WE,Towers with Radar,288,91,124,1,504,0,2,205,1,208,288,93,329,2,712,200,0,200,912
11/07/2022,SNA,CA,AWP,WE,Towers with Radar,297,66,99,0,462,1,0,35,0,36,298,66,134,0,498,82,0,82,580
11/08/2022,SNA,CA,AWP,WE,Towers with Radar,271,39,74,4,388,0,0,30,0,30,271,39,104,4,418,54,0,54,472
11/09/2022,SNA,CA,AWP,WE,Towers with Radar,281,60,95,0,436,0,0,164,0,164,281,60,259,0,600,440,0,440,1040
11/10/2022,SNA,CA,AWP,WE,Towers with Radar,294,80,106,0,480,1,2,234,2,239,295,82,340,2,719,312,0,312,1031
11/11/2022,SNA,CA,AWP,WE,Towers with Radar,299,82,110,0,491,0,0,299,0,299,299,82,409,0,790,436,0,436,1226
11/12/2022,SNA,CA,AWP,WE,Towers with Radar,228,50,75,0,353,0,1,248,0,249,228,51,323,0,602,244,0,244,846
11/13/2022,SNA,CA,AWP,WE,Towers with Radar,292,87,136,0,515,0,2,137,0,139,292,89,273,0,654,210,0,210,864
11/14/2022,SNA,CA,AWP,WE,Towers with Radar,301,62,81,0,444,0,1,252,0,253,301,63,333,0,697,266,0,266,963
11/15/2022,SNA,CA,AWP,WE,Towers with Radar,280,63,89,0,432,0,1,206,0,207,280,64,295,0,639,356,0,356,995
11/16/2022,SNA,CA,AWP,WE,Towers with Radar,278,60,83,3,424,0,0,71,0,71,278,60,154,3,495,50,0,50,545
11/17/2022,SNA,CA,AWP,WE,Towers with Radar,285,74,81,2,442,0,1,250,0,251,285,75,331,2,693,354,0,354,1047
11/18/2022,SNA,CA,AWP,WE,Towers with Radar,288,81,131,0,500,0,1,274,0,275,288,82,405,0,775,230,0,230,1005
11/19/2022,SNA,CA,AWP,WE,Towers with Radar,237,72,77,0,386,0,1,127,0,128,237,73,204,0,514,44,0,44,558
11/20/2022,SNA,CA,AWP,WE,Towers with Radar,282,76,112,0,470,0,0,217,0,217,282,76,329,0,687,216,0,216,903
11/21/2022,SNA,CA,AWP,WE,Towers with Radar,291,74,100,0,465,0,0,185,0,185,291,74,285,0,650,154,0,154,804
11/22/2022,SNA,CA,AWP,WE,Towers with Radar,300,85,107,0,492,0,0,255,0,255,300,85,362,0,747,349,4,353,1100
11/23/2022,SNA,CA,AWP,WE,Towers with Radar,306,90,104,0,500,0,1,268,0,269,306,91,372,0,769,204,0,204,973
11/24/2022,SNA,CA,AWP,WE,Towers with Radar,216,35,18,0,269,0,3,47,0,50,216,38,65,0,319,40,0,40,359
11/25/2022,SNA,CA,AWP,WE,Towers with Radar,278,68,62,0,408,0,1,151,0,152,278,69,213,0,560,64,0,64,624
11/26/2022,SNA,CA,AWP,WE,Towers with Radar,243,94,110,0,447,0,0,216,2,218,243,94,326,2,665,292,0,292,957
11/27/2022,SNA,CA,AWP,WE,Towers with Radar,296,104,200,0,600,0,1,182,1,184,296,105,382,1,784,72,0,72,856
11/28/2022,SNA,CA,AWP,WE,Towers with Radar,298,69,71,0,438,0,0,112,0,112,298,69,183,0,550,172,0,172,722
11/29/2022,SNA,CA,AWP,WE,Towers with Radar,273,56,81,0,410,0,0,201,0,201,273,56,282,0,611,254,0,254,865
11/30/2022,SNA,CA,AWP,WE,Towers with Radar,275,54,90,0,419,0,0,160,0,160,275,54,250,0,579,222,0,222,801
12/01/2022,SNA,CA,AWP,WE,Towers with Radar,281,85,95,0,461,0,0,149,0,149,281,85,244,0,610,352,0,352,962
12/02/2022,SNA,CA,AWP,WE,Towers with Radar,285,96,115,0,496,0,0,106,0,106,285,96,221,0,602,108,0,108,710
12/03/2022,SNA,CA,AWP,WE,Towers with Radar,219,67,75,0,361,0,2,210,0,212,219,69,285,0,573,208,0,208,781
12/04/2022,SNA,CA,AWP,WE,Towers with Radar,286,83,126,0,495,0,0,83,1,84,286,83,209,1,579,128,0,128,707
12/05/2022,SNA,CA,AWP,WE,Towers with Radar,289,85,110,1,485,0,2,135,2,139,289,87,245,3,624,246,0,246,870
12/06/2022,SNA,CA,AWP,WE,Towers with Radar,271,49,111,1,432,0,0,128,1,129,271,49,239,2,561,200,0,200,761
12/07/2022,SNA,CA,AWP,WE,Towers with Radar,277,78,89,0,444,0,2,198,1,201,277,80,287,1,645,378,0,378,1023
12/08/2022,SNA,CA,AWP,WE,Towers with Radar,289,74,110,0,473,0,0,223,1,224,289,74,333,1,697,220,0,220,917
12/09/2022,SNA,CA,AWP,WE,Towers with Radar,290,82,120,0,492,0,2,246,1,249,290,84,366,1,741,368,0,368,1109
12/10/2022,SNA,CA,AWP,WE,Towers with Radar,226,54,66,0,346,0,0,170,0,170,226,54,236,0,516,318,0,318,834
12/11/2022,SNA,CA,AWP,WE,Towers with Radar,271,78,87,0,436,2,0,28,0,30,273,78,115,0,466,28,0,28,494
12/12/2022,SNA,CA,AWP,WE,Towers with Radar,291,69,86,1,447,0,0,64,1,65,291,69,150,2,512,172,0,172,684
12/13/2022,SNA,CA,AWP,WE,Towers with Radar,265,52,92,0,409,0,1,216,0,217,265,53,308,0,626,332,2,334,960
12/14/2022,SNA,CA,AWP,WE,Towers with Radar,273,81,100,0,454,0,1,244,0,245,273,82,344,0,699,254,0,254,953
12/15/2022,SNA,CA,AWP,WE,Towers with Radar,294,79,114,0,487,0,0,234,0,234,294,79,348,0,721,200,0,200,921
12/16/2022,SNA,CA,AWP,WE,Towers with Radar,293,111,104,0,508,0,3,215,2,220,293,114,319,2,728,354,0,354,1082
12/17/2022,SNA,CA,AWP,WE,Towers with Radar,229,80,62,0,371,0,4,237,1,242,229,84,299,1,613,22,0,22,635
12/18/2022,SNA,CA,AWP,WE,Towers with Radar,274,72,79,0,425,0,0,182,0,182,274,72,261,0,607,57,0,57,664
12/19/2022,SNA,CA,AWP,WE,Towers with Radar,285,71,87,0,443,0,3,226,1,230,285,74,313,1,673,44,0,44,717
12/20/2022,SNA,CA,AWP,WE,Towers with Radar,279,77,74,0,430,0,1,208,0,209,279,78,282,0,639,244,0,244,883
12/21/2022,SNA,CA,AWP,WE,Towers with Radar,276,61,82,1,420,0,0,228,1,229,276,61,310,2,649,300,0,300,949
12/22/2022,SNA,CA,AWP,WE,Towers with Radar,246,76,88,0,410,0,1,230,2,233,246,77,318,2,643,350,0,350,993
12/23/2022,SNA,CA,AWP,WE,Towers with Radar,220,81,99,0,400,0,1,214,0,215,220,82,313,0,615,53,0,53,668
12/24/2022,SNA,CA,AWP,WE,Towers with Radar,154,51,57,0,262,0,0,87,0,87,154,51,144,0,349,44,0,44,393
12/25/2022,SNA,CA,AWP,WE,Towers with Radar,157,42,23,0,222,0,0,53,0,53,157,42,76,0,275,6,0,6,281
12/26/2022,SNA,CA,AWP,WE,Towers with Radar,181,102,159,0,442,0,1,199,0,200,181,103,358,0,642,24,0,24,666
12/27/2022,SNA,CA,AWP,WE,Towers with Radar,196,88,101,2,387,0,0,88,0,88,196,88,189,2,475,96,0,96,571
12/28/2022,SNA,CA,AWP,WE,Towers with Radar,193,68,118,0,379,0,0,112,0,112,193,68,230,0,491,318,0,318,809
12/29/2022,SNA,CA,AWP,WE,Towers with Radar,207,95,86,1,389,0,0,73,0,73,207,95,159,1,462,324,0,324,786
12/30/2022,SNA,CA,AWP,WE,Towers with Radar,297,80,93,0,470,0,0,29,0,29,297,80,122,0,499,30,0,30,529
12/31/2022,SNA,CA,AWP,WE,Towers with Radar,198,50,48,0,296,0,1,1,0,2,198,51,49,0,298,0,0,0,298
01/01/2023,SNA,CA,AWP,WE,Towers with Radar,252,64,73,0,389,0,0,26,0,26,252,64,99,0,415,2,0,2,417
01/02/2023,SNA,CA,AWP,WE,Towers with Radar,276,93,133,0,502,0,2,129,0,131,276,95,262,0,633,272,0,272,905
01/03/2023,SNA,CA,AWP,WE,Towers with Radar,272,72,101,0,445,0,0,14,0,14,272,72,115,0,459,52,0,52,511
01/04/2023,SNA,CA,AWP,WE,Towers with Radar,261,53,84,0,398,0,0,11,0,11,261,53,95,0,409,164,0,164,573
01/05/2023,SNA,CA,AWP,WE,Towers with Radar,278,72,67,0,417,0,0,31,0,31,278,72,98,0,448,112,0,112,560
01/06/2023,SNA,CA,AWP,WE,Towers with Radar,269,79,95,1,444,0,0,283,0,283,269,79,378,1,727,246,0,246,973
01/07/2023,SNA,CA,AWP,WE,Towers with Radar,203,72,104,0,379,0,1,184,0,185,203,73,288,0,564,234,0,234,798
01/08/2023,SNA,CA,AWP,WE,Towers with Radar,251,81,105,0,437,0,0,133,0,133,251,81,238,0,570,214,0,214,784
01/09/2023,SNA,CA,AWP,WE,Towers with Radar,269,81,82,0,432,0,0,48,0,48,269,81,130,0,480,156,0,156,636
01/10/2023,SNA,CA,AWP,WE,Towers with Radar,243,57,68,0,368,0,0,17,0,17,243,57,85,0,385,0,0,0,385
01/11/2023,SNA,CA,AWP,WE,Towers with Radar,243,71,88,0,402,0,1,166,0,167,243,72,254,0,569,382,0,382,951
01/12/2023,SNA,CA,AWP,WE,Towers with Radar,274,81,104,0,459,0,0,213,0,213,274,81,317,0,672,362,0,362,1034
01/13/2023,SNA,CA,AWP,WE,Towers with Radar,273,73,107,0,453,0,4,229,0,233,273,77,336,0,686,240,0,240,926
01/14/2023,SNA,CA,AWP,WE,Towers with Radar,187,48,42,0,277,1,0,9,0,10,188,48,51,0,287,56,0,56,343
01/15/2023,SNA,CA,AWP,WE,Towers with Radar,241,59,65,0,365,0,0,36,0,36,241,59,101,0,401,116,0,116,517
01/16/2023,SNA,CA,AWP,WE,Towers with Radar,270,72,87,0,429,0,0,33,0,33,270,72,120,0,462,32,0,32,494
01/17/2023,SNA,CA,AWP,WE,Towers with Radar,235,55,81,0,371,0,1,223,0,224,235,56,304,0,595,316,0,316,911
01/18/2023,SNA,CA,AWP,WE,Towers with Radar,239,36,90,0,365,0,1,254,0,255,239,37,344,0,620,266,0,266,886
01/19/2023,SNA,CA,AWP,WE,Towers with Radar,273,65,100,0,438,0,1,172,0,173,273,66,272,0,611,306,0,306,917
01/20/2023,SNA,CA,AWP,WE,Towers with Radar,268,77,91,0,436,0,0,237,0,237,268,77,328,0,673,144,0,144,817
01/21/2023,SNA,CA,AWP,WE,Towers with Radar,199,48,59,0,306,0,0,252,2,254,199,48,311,2,560,180,0,180,740
01/22/2023,SNA,CA,AWP,WE,Towers with Radar,252,94,82,0,428,0,1,189,0,190,252,95,271,0,618,212,0,212,830
01/23/2023,SNA,CA,AWP,WE,Towers with Radar,267,75,65,0,407,0,0,89,0,89,267,75,154,0,496,88,0,88,584
01/24/2023,SNA,CA,AWP,WE,Towers with Radar,239,45,90,3,377,0,1,194,4,199,239,46,284,7,576,368,0,368,944
01/25/2023,SNA,CA,AWP,WE,Towers with Radar,248,72,96,0,416,0,0,211,1,212,248,72,307,1,628,376,0,376,1004
01/26/2023,SNA,CA,AWP,WE,Towers with Radar,272,103,94,0,469,0,1,58,0,59,272,104,152,0,528,6,0,6,534
01/27/2023,SNA,CA,AWP,WE,Towers with Radar,269,92,113,0,474,0,4,296,0,300,269,96,409,0,774,132,0,132,906
01/28/2023,SNA,CA,AWP,WE,Towers with Radar,200,35,69,0,304,0,1,211,2,214,200,36,280,2,518,226,0,226,744
01/29/2023,SNA,CA,AWP,WE,Towers with Radar,251,89,120,0,460,0,0,23,0,23,251,89,143,0,483,26,0,26,509
01/30/2023,SNA,CA,AWP,WE,Towers with Radar,254,73,82,0,409,0,0,47,0,47,254,73,129,0,456,71,0,71,527
01/31/2023,SNA,CA,AWP,WE,Towers with Radar,215,50,72,2,339,0,1,118,0,119,215,51,190,2,458,58,0,58,516
02/01/2023,SNA,CA,AWP,WE,Towers with Radar,227,68,96,0,391,0,1,274,0,275,227,69,370,0,666,236,0,236,902
02/02/2023,SNA,CA,AWP,WE,Towers with Radar,268,86,108,0,462,0,3,238,0,241,268,89,346,0,703,444,0,444,1147
02/03/2023,SNA,CA,AWP,WE,Towers with Radar,273,78,93,1,445,0,0,225,0,225,273,78,318,1,670,348,0,348,1018
02/04/2023,SNA,CA,AWP,WE,Towers with Radar,204,57,71,0,332,0,0,275,2,277,204,57,346,2,609,182,0,182,791
02/05/2023,SNA,CA,AWP,WE,Towers with Radar,253,86,100,2,441,0,1,115,3,119,253,87,215,5,560,18,0,18,578
02/06/2023,SNA,CA,AWP,WE,Towers with Radar,275,78,72,0,425,0,0,188,0,188,275,78,260,0,613,338,0,338,951
02/07/2023,SNA,CA,AWP,WE,Towers with Radar,248,67,69,0,384,0,0,214,2,216,248,67,283,2,600,176,0,176,776
02/08/2023,SNA,CA,AWP,WE,Towers with Radar,252,67,82,0,401,0,0,241,0,241,252,67,323,0,642,328,0,328,970
02/09/2023,SNA,CA,AWP,WE,Towers with Radar,279,69,105,0,453,0,1,197,0,198,279,70,302,0,651,288,0,288,939
02/10/2023,SNA,CA,AWP,WE,Towers with Radar,271,88,103,0,462,0,0,246,0,246,271,88,349,0,708,216,0,216,924
02/11/2023,SNA,CA,AWP,WE,Towers with Radar,206,60,68,0,334,0,0,117,0,117,206,60,185,0,451,255,0,255,706
02/12/2023,SNA,CA,AWP,WE,Towers with Radar,246,94,66,0,406,0,0,108,0,108,246,94,174,0,514,46,0,46,560
02/13/2023,SNA,CA,AWP,WE,Towers with Radar,266,88,111,0,465,0,2,193,0,195,266,90,304,0,660,202,0,202,862
02/14/2023,SNA,CA,AWP,WE,Towers with Radar,238,45,72,2,357,0,2,67,2,71,238,47,139,4,428,284,0,284,712
02/15/2023,SNA,CA,AWP,WE,Towers with Radar,246,79,100,0,425,0,1,203,3,207,246,80,303,3,632,146,0,146,778
02/16/2023,SNA,CA,AWP,WE,Towers with Radar,261,94,125,0,480,0,0,200,1,201,261,94,325,1,681,206,0,206,887
02/17/2023,SNA,CA,AWP,WE,Towers with Radar,279,115,134,0,528,0,0,252,3,255,279,115,386,3,783,14,0,14,797
02/18/2023,SNA,CA,AWP,WE,Towers with Radar,209,77,91,0,377,0,0,239,0,239,209,77,330,0,616,26,0,26,642
02/19/2023,SNA,CA,AWP,WE,Towers with Radar,246,77,81,0,404,0,0,171,0,171,246,77,252,0,575,80,0,80,655
02/20/2023,SNA,CA,AWP,WE,Towers with Radar,281,89,122,0,492,0,1,254,0,255,281,90,376,0,747,148,0,148,895
02/21/2023,SNA,CA,AWP,WE,Towers with Radar,245,72,109,0,426,0,0,113,2,115,245,72,222,2,541,188,0,188,729
02/22/2023,SNA,CA,AWP,WE,Towers with Radar,244,55,60,0,359,0,0,38,0,38,244,55,98,0,397,20,0,20,417
02/23/2023,SNA,CA,AWP,WE,Towers with Radar,269,110,70,0,449,0,0,28,3,31,269,110,98,3,480,58,0,58,538
02/24/2023,SNA,CA,AWP,WE,Towers with Radar,283,66,74,0,423,0,0,13,0,13,283,66,87,0,436,4,0,4,440
02/25/2023,SNA,CA,AWP,WE,Towers with Radar,210,72,62,0,344,0,0,7,0,7,210,72,69,0,351,2,0,2,353
02/26/2023,SNA,CA,AWP,WE,Towers with Radar,252,101,121,0,474,0,0,147,0,147,252,101,268,0,621,90,0,90,711
02/27/2023,SNA,CA,AWP,WE,Towers with Radar,281,86,49,3,419,0,0,51,1,52,281,86,100,4,471,166,0,166,637
02/28/2023,SNA,CA,AWP,WE,Towers with Radar,246,49,77,0,372,0,0,100,2,102,246,49,177,2,474,220,0,220,694
03/01/2023,SNA,CA,AWP,WE,Towers with Radar,269,54,54,0,377,0,0,29,0,29,269,54,83,0,406,0,0,0,406
03/02/2023,SNA,CA,AWP,WE,Towers with Radar,269,88,105,1,463,0,1,281,4,286,269,89,386,5,749,112,0,112,861
03/03/2023,SNA,CA,AWP,WE,Towers with Radar,274,75,110,0,459,0,0,264,2,266,274,75,374,2,725,370,0,370,1095
03/04/2023,SNA,CA,AWP,WE,Towers with Radar,205,49,82,0,336,0,0,111,0,111,205,49,193,0,447,132,0,132,579
03/05/2023,SNA,CA,AWP,WE,Towers with Radar,256,93,115,0,464,0,0,72,0,72,256,93,187,0,536,134,0,134,670
03/06/2023,SNA,CA,AWP,WE,Towers with Radar,281,82,91,0,454,0,0,191,0,191,281,82,282,0,645,162,0,162,807
03/07/2023,SNA,CA,AWP,WE,Towers with Radar,250,61,78,0,389,0,0,236,0,236,250,61,314,0,625,168,0,168,793
03/08/2023,SNA,CA,AWP,WE,Towers with Radar,258,76,127,4,465,0,0,217,3,220,258,76,344,7,685,290,0,290,975
03/09/2023,SNA,CA,AWP,WE,Towers with Radar,273,86,135,1,495,0,2,286,2,290,273,88,421,3,785,406,0,406,1191
03/10/2023,SNA,CA,AWP,WE,Towers with Radar,279,99,119,0,497,1,0,2,0,3,280,99,121,0,500,46,0,46,546
03/11/2023,SNA,CA,AWP,WE,Towers with Radar,214,53,71,0,338,0,0,6,0,6,214,53,77,0,344,18,0,18,362
03/12/2023,SNA,CA,AWP,WE,Towers with Radar,252,95,130,0,477,0,0,56,0,56,252,95,186,0,533,58,0,58,591
03/13/2023,SNA,CA,AWP,WE,Towers with Radar,294,77,90,0,461,0,0,134,0,134,294,77,224,0,595,238,0,238,833
03/14/2023,SNA,CA,AWP,WE,Towers with Radar,230,53,89,0,372,0,0,9,0,9,230,53,98,0,381,0,0,0,381
03/15/2023,SNA,CA,AWP,WE,Towers with Radar,247,59,88,0,394,0,0,12,0,12,247,59,100,0,406,112,0,112,518
03/16/2023,SNA,CA,AWP,WE,Towers with Radar,274,90,151,0,515,0,0,166,6,172,274,90,317,6,687,408,2,410,1097
03/17/2023,SNA,CA,AWP,WE,Towers with Radar,278,84,102,0,464,0,0,287,1,288,278,84,389,1,752,174,0,174,926
03/18/2023,SNA,CA,AWP,WE,Towers with Radar,223,50,100,0,373,0,1,274,0,275,223,51,374,0,648,192,0,192,840
03/19/2023,SNA,CA,AWP,WE,Towers with Radar,261,96,111,0,468,0,1,73,0,74,261,97,184,0,542,126,0,126,668
03/20/2023,SNA,CA,AWP,WE,Towers with Radar,284,72,129,0,485,0,0,37,0,37,284,72,166,0,522,20,0,20,542
03/21/2023,SNA,CA,AWP,WE,Towers with Radar,239,46,40,0,325,0,0,15,0,15,239,46,55,0,340,24,0,24,364
03/22/2023,SNA,CA,AWP,WE,Towers with Radar,251,61,78,0,390,0,0,82,5,87,251,61,160,5,477,166,0,166,643
03/23/2023,SNA,CA,AWP,WE,Towers with Radar,278,108,101,0,487,0,0,167,6,173,278,108,268,6,660,376,0,376,1036
03/24/2023,SNA,CA,AWP,WE,Towers with Radar,282,94,114,1,491,0,1,303,2,306,282,95,417,3,797,272,0,272,1069
03/25/2023,SNA,CA,AWP,WE,Towers with Radar,215,52,89,0,356,0,0,273,0,273,215,52,362,0,629,22,0,22,651
03/26/2023,SNA,CA,AWP,WE,Towers with Radar,265,79,123,0,467,0,0,221,0,221,265,79,344,0,688,10,0,10,698
03/27/2023,SNA,CA,AWP,WE,Towers with Radar,283,91,91,0,465,0,4,241,0,245,283,95,332,0,710,112,0,112,822
03/28/2023,SNA,CA,AWP,WE,Towers with Radar,248,63,94,0,405,0,2,258,2,262,248,65,352,2,667,160,0,160,827
03/29/2023,SNA,CA,AWP,WE,Towers with Radar,257,62,88,1,408,0,0,44,1,45,257,62,132,2,453,66,0,66,519
03/30/2023,SNA,CA,AWP,WE,Towers with Radar,282,76,108,0,466,0,0,90,2,92,282,76,198,2,558,270,0,270,828
03/31/2023,SNA,CA,AWP,WE,Towers with Radar,279,95,115,0,489,0,3,257,0,260,279,98,372,0,749,204,0,204,953
04/01/2023,SNA,CA,AWP,WE,Towers with Radar,221,56,80,0,357,0,1,228,0,229,221,57,308,0,586,138,0,138,724
04/02/2023,SNA,CA,AWP,WE,Towers with Radar,257,80,109,0,446,0,1,155,0,156,257,81,264,0,602,48,0,48,650
04/03/2023,SNA,CA,AWP,WE,Towers with Radar,290,61,74,0,425,0,2,60,0,62,290,63,134,0,487,30,0,30,517
04/04/2023,SNA,CA,AWP,WE,Towers with Radar,242,59,62,1,364,0,2,163,0,165,242,61,225,1,529,80,0,80,609
04/05/2023,SNA,CA,AWP,WE,Towers with Radar,245,60,80,0,385,0,2,271,2,275,245,62,351,2,660,356,0,356,1016
04/06/2023,SNA,CA,AWP,WE,Towers with Radar,288,108,89,0,485,0,1,256,1,258,288,109,345,1,743,422,0,422,1165
04/07/2023,SNA,CA,AWP,WE,Towers with Radar,287,100,118,0,505,0,1,280,0,281,287,101,398,0,786,148,0,148,934
04/08/2023,SNA,CA,AWP,WE,Towers with Radar,224,54,66,0,344,0,1,228,0,229,224,55,294,0,573,328,0,328,901
04/09/2023,SNA,CA,AWP,WE,Towers with Radar,270,72,68,0,410,0,0,103,0,103,270,72,171,0,513,108,0,108,621
04/10/2023,SNA,CA,AWP,WE,Towers with Radar,292,84,84,0,460,0,0,158,0,158,292,84,242,0,618,30,0,30,648
04/11/2023,SNA,CA,AWP,WE,Towers with Radar,240,55,103,0,398,0,0,110,0,110,240,55,213,0,508,166,0,166,674
04/12/2023,SNA,CA,AWP,WE,Towers with Radar,254,63,101,0,418,0,0,49,0,49,254,63,150,0,467,166,0,166,633
04/13/2023,SNA,CA,AWP,WE,Towers with Radar,289,81,127,0,497,0,0,58,0,58,289,81,185,0,555,304,0,304,859
04/14/2023,SNA,CA,AWP,WE,Towers with Radar,276,98,164,0,538,0,0,206,0,206,276,98,370,0,744,238,0,238,982
04/15/2023,SNA,CA,AWP,WE,Towers with Radar,226,60,87,1,374,0,0,271,2,273,226,60,358,3,647,390,0,390,1037
04/16/2023,SNA,CA,AWP,WE,Towers with Radar,266,81,138,0,485,0,3,102,0,105,266,84,240,0,590,72,0,72,662
04/17/2023,SNA,CA,AWP,WE,Towers with Radar,284,70,97,0,451,0,0,82,0,82,284,70,179,0,533,118,0,118,651
04/18/2023,SNA,CA,AWP,WE,Towers with Radar,241,60,78,0,379,1,0,188,0,189,242,60,266,0,568,224,0,224,792
04/19/2023,SNA,CA,AWP,WE,Towers with Radar,251,58,107,0,416,0,2,286,0,288,251,60,393,0,704,250,0,250,954
04/20/2023,SNA,CA,AWP,WE,Towers with Radar,273,91,103,0,467,0,0,277,0,277,273,91,380,0,744,252,0,252,996
04/21/2023,SNA,CA,AWP,WE,Towers with Radar,276,70,105,0,451,0,1,268,4,273,276,71,373,4,724,220,0,220,944
04/22/2023,SNA,CA,AWP,WE,Towers with Radar,230,46,64,0,340,0,0,256,0,256,230,46,320,0,596,138,0,138,734
04/23/2023,SNA,CA,AWP,WE,Towers with Radar,275,86,123,0,484,0,2,146,0,148,275,88,269,0,632,24,0,24,656
04/24/2023,SNA,CA,AWP,WE,Towers with Radar,285,65,90,0,440,0,0,93,0,93,285,65,183,0,533,250,0,250,783
04/25/2023,SNA,CA,AWP,WE,Towers with Radar,241,57,108,0,406,0,0,86,0,86,241,57,194,0,492,264,0,264,756
04/26/2023,SNA,CA,AWP,WE,Towers with Radar,245,53,88,0,386,0,1,181,0,182,245,54,269,0,568,232,0,232,800
04/27/2023,SNA,CA,AWP,WE,Towers with Radar,286,64,113,0,463,0,0,171,2,173,286,64,284,2,636,76,0,76,712
04/28/2023,SNA,CA,AWP,WE,Towers with Radar,281,82,99,0,462,0,0,198,0,198,281,82,297,0,660,156,0,156,816
04/29/2023,SNA,CA,AWP,WE,Towers with Radar,231,51,75,0,357,0,0,133,0,133,231,51,208,0,490,180,0,180,670
04/30/2023,SNA,CA,AWP,WE,Towers with Radar,266,105,156,0,527,0,2,32,0,34,266,107,188,0,561,6,0,6,567
05/01/2023,SNA,CA,AWP,WE,Towers with Radar,279,92,88,0,459,0,0,81,0,81,279,92,169,0,540,168,0,168,708
05/02/2023,SNA,CA,AWP,WE,Towers with Radar,247,50,90,0,387,0,0,171,0,171,247,50,261,0,558,398,0,398,956
05/03/2023,SNA,CA,AWP,WE,Towers with Radar,256,69,96,0,421,1,0,207,0,208,257,69,303,0,629,314,0,314,943
05/04/2023,SNA,CA,AWP,WE,Towers with Radar,286,71,100,0,457,0,0,110,1,111,286,71,210,1,568,200,0,200,768
05/05/2023,SNA,CA,AWP,WE,Towers with Radar,289,68,111,0,468,0,0,168,0,168,289,68,279,0,636,304,0,304,940
05/06/2023,SNA,CA,AWP,WE,Towers with Radar,231,55,88,0,374,0,0,200,0,200,231,55,288,0,574,154,0,154,728
05/07/2023,SNA,CA,AWP,WE,Towers with Radar,271,95,127,0,493,0,2,168,1,171,271,97,295,1,664,127,0,127,791
05/08/2023,SNA,CA,AWP,WE,Towers with Radar,285,90,88,1,464,0,1,219,0,220,285,91,307,1,684,188,0,188,872
05/09/2023,SNA,CA,AWP,WE,Towers with Radar,257,65,115,0,437,0,0,146,0,146,257,65,261,0,583,320,0,320,903
05/10/2023,SNA,CA,AWP,WE,Towers with Radar,258,91,131,0,480,0,0,176,0,176,258,91,307,0,656,314,0,314,970
05/11/2023,SNA,CA,AWP,WE,Towers with Radar,288,95,132,0,515,0,0,194,1,195,288,95,326,1,710,266,0,266,976
05/12/2023,SNA,CA,AWP,WE,Towers with Radar,279,93,117,0,489,0,0,208,0,208,279,93,325,0,697,370,0,370,1067
05/13/2023,SNA,CA,AWP,WE,Towers with Radar,235,59,85,0,379,0,0,142,0,142,235,59,227,0,521,142,0,142,663
05/14/2023,SNA,CA,AWP,WE,Towers with Radar,266,68,94,0,428,0,1,103,1,105,266,69,197,1,533,3,0,3,536
05/15/2023,SNA,CA,AWP,WE,Towers with Radar,285,76,160,0,521,0,0,76,0,76,285,76,236,0,597,106,0,106,703
05/16/2023,SNA,CA,AWP,WE,Towers with Radar,254,66,71,0,391,0,0,165,0,165,254,66,236,0,556,304,0,304,860
05/17/2023,SNA,CA,AWP,WE,Towers with Radar,256,69,123,0,448,0,0,119,0,119,256,69,242,0,567,262,0,262,829
05/18/2023,SNA,CA,AWP,WE,Towers with Radar,289,86,148,0,523,0,0,75,0,75,289,86,223,0,598,220,0,220,818
05/19/2023,SNA,CA,AWP,WE,Towers with Radar,287,87,144,0,518,0,0,44,0,44,287,87,188,0,562,146,0,146,708
05/20/2023,SNA,CA,AWP,WE,Towers with Radar,243,58,85,1,387,0,0,89,0,89,243,58,174,1,476,142,0,142,618
05/21/2023,SNA,CA,AWP,WE,Towers with Radar,280,93,127,0,500,0,0,65,0,65,280,93,192,0,565,26,0,26,591
05/22/2023,SNA,CA,AWP,WE,Towers with Radar,296,58,123,0,477,0,0,79,0,79,296,58,202,0,556,104,0,104,660
05/23/2023,SNA,CA,AWP,WE,Towers with Radar,256,42,142,0,440,0,0,49,0,49,256,42,191,0,489,48,0,48,537
05/24/2023,SNA,CA,AWP,WE,Towers with Radar,262,65,178,2,507,0,0,100,1,101,262,65,278,3,608,462,0,462,1070
05/25/2023,SNA,CA,AWP,WE,Towers with Radar,298,90,159,0,547,0,0,164,0,164,298,90,323,0,711,502,0,502,1213
05/26/2023,SNA,CA,AWP,WE,Towers with Radar,295,82,146,0,523,0,0,204,2,206,295,82,350,2,729,96,0,96,825
05/27/2023,SNA,CA,AWP,WE,Towers with Radar,239,50,77,0,366,0,0,124,0,124,239,50,201,0,490,158,0,158,648
05/28/2023,SNA,CA,AWP,WE,Towers with Radar,269,50,85,0,404,0,0,69,0,69,269,50,154,0,473,50,0,50,523
05/29/2023,SNA,CA,AWP,WE,Towers with Radar,296,75,131,1,503,0,0,68,1,69,296,75,199,2,572,99,0,99,671
05/30/2023,SNA,CA,AWP,WE,Towers with Radar,258,59,105,1,423,0,1,97,0,98,258,60,202,1,521,408,0,408,929
05/31/2023,SNA,CA,AWP,WE,Towers with Radar,261,45,112,2,420,0,0,149,2,151,261,45,261,4,571,34,0,34,605
06/01/2023,SNA,CA,AWP,WE,Towers with Radar,300,84,155,0,539,0,0,147,0,147,300,84,302,0,686,198,0,198,884
06/02/2023,SNA,CA,AWP,WE,Towers with Radar,299,87,113,0,499,0,4,167,0,171,299,91,280,0,670,300,0,300,970
06/03/2023,SNA,CA,AWP,WE,Towers with Radar,236,53,96,2,387,0,1,187,0,188,236,54,283,2,575,214,0,214,789
06/04/2023,SNA,CA,AWP,WE,Towers with Radar,279,82,129,0,490,0,0,87,0,87,279,82,216,0,577,28,0,28,605
06/05/2023,SNA,CA,AWP,WE,Towers with Radar,309,74,102,0,485,0,0,95,0,95,309,74,197,0,580,116,0,116,696
06/06/2023,SNA,CA,AWP,WE,Towers with Radar,257,57,115,1,430,0,1,167,0,168,257,58,282,1,598,240,0,240,838
06/07/2023,SNA,CA,AWP,WE,Towers with Radar,259,74,124,0,457,0,0,196,1,197,259,74,320,1,654,142,0,142,796
06/08/2023,SNA,CA,AWP,WE,Towers with Radar,298,94,116,0,508,0,2,246,0,248,298,96,362,0,756,319,0,319,1075
06/09/2023,SNA,CA,AWP,WE,Towers with Radar,303,86,130,0,519,0,1,99,0,100,303,87,229,0,619,236,0,236,855
06/10/2023,SNA,CA,AWP,WE,Towers with Radar,238,67,111,1,417,0,0,72,0,72,238,67,183,1,489,88,0,88,577
06/11/2023,SNA,CA,AWP,WE,Towers with Radar,273,85,132,0,490,0,0,39,0,39,273,85,171,0,529,110,0,110,639
06/12/2023,SNA,CA,AWP,WE,Towers with Radar,302,77,104,0,483,0,0,117,3,120,302,77,221,3,603,294,0,294,897
06/13/2023,SNA,CA,AWP,WE,Towers with Radar,255,70,111,0,436,0,1,161,0,162,255,71,272,0,598,298,0,298,896
06/14/2023,SNA,CA,AWP,WE,Towers with Radar,263,61,119,0,443,0,0,94,2,96,263,61,213,2,539,313,0,313,852
06/15/2023,SNA,CA,AWP,WE,Towers with Radar,297,93,117,0,507,0,0,110,0,110,297,93,227,0,617,350,0,350,967
06/16/2023,SNA,CA,AWP,WE,Towers with Radar,303,90,137,0,530,0,0,168,0,168,303,90,305,0,698,216,0,216,914
06/17/2023,SNA,CA,AWP,WE,Towers with Radar,240,56,79,0,375,0,0,219,0,219,240,56,298,0,594,80,0,80,674
06/18/2023,SNA,CA,AWP,WE,Towers with Radar,286,91,113,0,490,0,0,49,0,49,286,91,162,0,539,4,0,4,543
06/19/2023,SNA,CA,AWP,WE,Towers with Radar,305,93,104,0,502,0,0,143,0,143,305,93,247,0,645,332,0,332,977
06/20/2023,SNA,CA,AWP,WE,Towers with Radar,263,79,82,0,424,0,1,249,0,250,263,80,331,0,674,138,0,138,812
06/21/2023,SNA,CA,AWP,WE,Towers with Radar,262,80,107,0,449,0,0,238,0,238,262,80,345,0,687,302,0,302,989
06/22/2023,SNA,CA,AWP,WE,Towers with Radar,296,94,126,0,516,0,0,204,0,204,296,94,330,0,720,220,0,220,940
06/23/2023,SNA,CA,AWP,WE,Towers with Radar,305,104,113,0,522,0,0,247,0,247,305,104,360,0,769,77,0,77,846
06/24/2023,SNA,CA,AWP,WE,Towers with Radar,244,78,73,0,395,0,0,247,0,247,244,78,320,0,642,174,0,174,816
06/25/2023,SNA,CA,AWP,WE,Towers with Radar,286,111,124,0,521,0,2,155,0,157,286,113,279,0,678,38,0,38,716
06/26/2023,SNA,CA,AWP,WE,Towers with Radar,298,97,103,1,499,0,0,186,0,186,298,97,289,1,685,188,0,188,873
06/27/2023,SNA,CA,AWP,WE,Towers with Radar,245,60,114,0,419,0,0,215,0,215,245,60,329,0,634,222,0,222,856
06/28/2023,SNA,CA,AWP,WE,Towers with Radar,254,90,121,0,465,0,0,187,0,187,254,90,308,0,652,258,0,258,910
06/29/2023,SNA,CA,AWP,WE,Towers with Radar,293,99,119,0,511,0,0,231,0,231,293,99,350,0,742,212,0,212,954
06/30/2023,SNA,CA,AWP,WE,Towers with Radar,306,102,160,0,568,0,2,251,1,254,306,104,411,1,822,62,0,62,884
07/01/2023,SNA,CA,AWP,WE,Towers with Radar,249,86,120,0,455,0,0,218,0,218,249,86,338,0,673,2,0,2,675
07/02/2023,SNA,CA,AWP,WE,Towers with Radar,274,65,115,0,454,0,0,114,0,114,274,65,229,0,568,162,0,162,730
07/03/2023,SNA,CA,AWP,WE,Towers with Radar,279,47,79,0,405,0,0,161,0,161,279,47,240,0,566,160,0,160,726
07/04/2023,SNA,CA,AWP,WE,Towers with Radar,235,42,55,0,332,0,2,85,0,87,235,44,140,0,419,38,0,38,457
07/05/2023,SNA,CA,AWP,WE,Towers with Radar,261,87,114,0,462,0,0,228,0,228,261,87,342,0,690,221,0,221,911
07/06/2023,SNA,CA,AWP,WE,Towers with Radar,303,59,98,0,460,0,0,215,0,215,303,59,313,0,675,394,0,394,1069
07/07/2023,SNA,CA,AWP,WE,Towers with Radar,295,96,111,0,502,0,0,227,0,227,295,96,338,0,729,88,0,88,817
07/08/2023,SNA,CA,AWP,WE,Towers with Radar,246,73,103,0,422,0,0,196,0,196,246,73,299,0,618,246,0,246,864
07/09/2023,SNA,CA,AWP,WE,Towers with Radar,271,96,113,0,480,0,0,188,0,188,271,96,301,0,668,96,0,96,764
07/10/2023,SNA,CA,AWP,WE,Towers with Radar,309,83,118,0,510,0,0,172,0,172,309,83,290,0,682,306,0,306,988
07/11/2023,SNA,CA,AWP,WE,Towers with Radar,263,59,88,0,410,0,0,206,0,206,263,59,294,0,616,328,0,328,944
07/12/2023,SNA,CA,AWP,WE,Towers with Radar,262,69,87,0,418,0,1,243,0,244,262,70,330,0,662,338,0,338,1000
07/13/2023,SNA,CA,AWP,WE,Towers with Radar,305,97,124,0,526,0,0,290,1,291,305,97,414,1,817,248,0,248,1065
07/14/2023,SNA,CA,AWP,WE,Towers with Radar,301,82,109,0,492,0,0,261,2,263,301,82,370,2,755,88,0,88,843
07/15/2023,SNA,CA,AWP,WE,Towers with Radar,226,72,81,0,379,0,0,204,1,205,226,72,285,1,584,216,0,216,800
07/16/2023,SNA,CA,AWP,WE,Towers with Radar,283,108,118,0,509,0,3,179,0,182,283,111,297,0,691,52,0,52,743
07/17/2023,SNA,CA,AWP,WE,Towers with Radar,303,92,98,0,493,0,0,199,0,199,303,92,297,0,692,172,0,172,864
07/18/2023,SNA,CA,AWP,WE,Towers with Radar,262,57,93,0,412,0,0,233,1,234,262,57,326,1,646,223,0,223,869
07/19/2023,SNA,CA,AWP,WE,Towers with Radar,266,87,109,0,462,0,0,263,0,263,266,87,372,0,725,72,0,72,797
07/20/2023,SNA,CA,AWP,WE,Towers with Radar,295,90,110,1,496,0,0,290,0,290,295,90,400,1,786,268,0,268,1054
07/21/2023,SNA,CA,AWP,WE,Towers with Radar,305,74,116,0,495,0,1,196,0,197,305,75,312,0,692,172,0,172,864
07/22/2023,SNA,CA,AWP,WE,Towers with Radar,228,74,98,0,400,0,0,122,0,122,228,74,220,0,522,0,0,0,522
07/23/2023,SNA,CA,AWP,WE,Towers with Radar,284,76,134,0,494,0,0,111,0,111,284,76,245,0,605,132,0,132,737
07/24/2023,SNA,CA,AWP,WE,Towers with Radar,303,74,85,0,462,0,2,219,0,221,303,76,304,0,683,215,0,215,898
07/25/2023,SNA,CA,AWP,WE,Towers with Radar,258,58,82,0,398,0,3,200,1,204,258,61,282,1,602,300,0,300,902
07/26/2023,SNA,CA,AWP,WE,Towers with Radar,268,83,104,0,455,0,1,228,0,229,268,84,332,0,684,322,0,322,1006
07/27/2023,SNA,CA,AWP,WE,Towers with Radar,297,86,119,0,502,0,0,244,0,244,297,86,363,0,746,306,0,306,1052
07/28/2023,SNA,CA,AWP,WE,Towers with Radar,301,83,114,0,498,0,0,232,0,232,301,83,346,0,730,418,0,418,1148
07/29/2023,SNA,CA,AWP,WE,Towers with Radar,225,71,70,0,366,0,0,199,0,199,225,71,269,0,565,286,0,286,851
07/30/2023,SNA,CA,AWP,WE,Towers with Radar,276,114,117,0,507,0,0,119,0,119,276,114,236,0,626,50,0,50,676
07/31/2023,SNA,CA,AWP,WE,Towers with Radar,303,80,85,0,468,0,2,164,0,166,303,82,249,0,634,272,0,272,906
08/01/2023,SNA,CA,AWP,WE,Towers with Radar,261,78,86,0,425,0,3,217,0,220,261,81,303,0,645,312,0,312,957
08/02/2023,SNA,CA,AWP,WE,Towers with Radar,269,74,92,0,435,0,0,279,0,279,269,74,371,0,714,450,0,450,1164
08/03/2023,SNA,CA,AWP,WE,Towers with Radar,300,92,119,0,511,0,0,234,0,234,300,92,353,0,745,274,0,274,1019
08/04/2023,SNA,CA,AWP,WE,Towers with Radar,304,93,115,0,512,0,1,277,0,278,304,94,392,0,790,68,0,68,858
08/05/2023,SNA,CA,AWP,WE,Towers with Radar,226,85,97,0,408,0,0,194,0,194,226,85,291,0,602,180,0,180,782
08/06/2023,SNA,CA,AWP,WE,Towers with Radar,281,106,124,0,511,0,0,199,0,199,281,106,323,0,710,112,0,112,822
08/07/2023,SNA,CA,AWP,WE,Towers with Radar,296,86,100,0,482,0,1,185,1,187,296,87,285,1,669,436,0,436,1105
08/08/2023,SNA,CA,AWP,WE,Towers with Radar,263,75,94,0,432,0,0,216,0,216,263,75,310,0,648,344,0,344,992
08/09/2023,SNA,CA,AWP,WE,Towers with Radar,269,92,116,0,477,0,0,164,0,164,269,92,280,0,641,344,0,344,985
08/10/2023,SNA,CA,AWP,WE,Towers with Radar,300,90,102,0,492,0,0,120,0,120,300,90,222,0,612,456,0,456,1068
08/11/2023,SNA,CA,AWP,WE,Towers with Radar,305,89,103,0,497,0,0,159,0,159,305,89,262,0,656,248,0,248,904
08/12/2023,SNA,CA,AWP,WE,Towers with Radar,231,81,97,0,409,0,0,151,0,151,231,81,248,0,560,130,0,130,690
08/13/2023,SNA,CA,AWP,WE,Towers with Radar,282,86,129,0,497,0,1,169,1,171,282,87,298,1,668,106,0,106,774
08/14/2023,SNA,CA,AWP,WE,Towers with Radar,303,69,82,0,454,0,0,171,0,171,303,69,253,0,625,296,0,296,921
08/15/2023,SNA,CA,AWP,WE,Towers with Radar,264,74,88,0,426,0,0,207,0,207,264,74,295,0,633,330,0,330,963
08/16/2023,SNA,CA,AWP,WE,Towers with Radar,269,64,98,0,431,0,0,260,0,260,269,64,358,0,691,406,0,406,1097
08/17/2023,SNA,CA,AWP,WE,Towers with Radar,301,88,124,0,513,0,0,219,0,219,301,88,343,0,732,96,0,96,828
08/18/2023,SNA,CA,AWP,WE,Towers with Radar,289,84,105,0,478,0,0,205,0,205,289,84,310,0,683,202,0,202,885
08/19/2023,SNA,CA,AWP,WE,Towers with Radar,218,82,91,0,391,0,0,123,0,123,218,82,214,0,514,202,0,202,716
08/20/2023,SNA,CA,AWP,WE,Towers with Radar,186,55,28,0,269,0,0,6,0,6,186,55,34,0,275,0,0,0,275
08/21/2023,SNA,CA,AWP,WE,Towers with Radar,270,86,92,0,448,0,0,77,0,77,270,86,169,0,525,194,0,194,719
08/22/2023,SNA,CA,AWP,WE,Towers with Radar,264,86,107,0,457,0,0,220,0,220,264,86,327,0,677,428,0,428,1105
08/23/2023,SNA,CA,AWP,WE,Towers with Radar,267,67,89,1,424,0,0,233,0,233,267,67,322,1,657,348,0,348,1005
08/24/2023,SNA,CA,AWP,WE,Towers with Radar,298,81,116,0,495,0,0,172,0,172,298,81,288,0,667,340,0,340,1007
08/25/2023,SNA,CA,AWP,WE,Towers with Radar,302,80,128,0,510,0,0,224,1,225,302,80,352,1,735,308,0,308,1043
08/26/2023,SNA,CA,AWP,WE,Towers with Radar,224,56,73,2,355,0,0,207,0,207,224,56,280,2,562,282,0,282,844
08/27/2023,SNA,CA,AWP,WE,Towers with Radar,283,106,110,0,499,0,2,192,0,194,283,108,302,0,693,164,0,164,857
08/28/2023,SNA,CA,AWP,WE,Towers with Radar,300,74,49,2,425,0,0,204,1,205,300,74,253,3,630,242,0,242,872
08/29/2023,SNA,CA,AWP,WE,Towers with Radar,260,58,79,0,397,0,0,273,0,273,260,58,352,0,670,364,0,364,1034
08/30/2023,SNA,CA,AWP,WE,Towers with Radar,267,76,97,0,440,0,1,194,0,195,267,77,291,0,635,336,0,336,971
08/31/2023,SNA,CA,AWP,WE,Towers with Radar,293,85,107,0,485,0,0,181,1,182,293,85,288,1,667,290,0,290,957
01/01/2020,SNA,CA,AWP,WE,Towers with Radar,238,44,68,0,350,0,3,122,1,126,238,47,190,1,476,100,0,100,576
01/02/2020,SNA,CA,AWP,WE,Towers with Radar,258,72,86,1,417,0,0,198,2,200,258,72,284,3,617,306,0,306,923
01/03/2020,SNA,CA,AWP,WE,Towers with Radar,257,77,91,1,426,0,1,218,2,221,257,78,309,3,647,156,0,156,803
01/04/2020,SNA,CA,AWP,WE,Towers with Radar,209,45,93,0,347,0,2,206,1,209,209,47,299,1,556,72,0,72,628
01/05/2020,SNA,CA,AWP,WE,Towers with Radar,248,56,112,0,416,0,0,176,0,176,248,56,288,0,592,154,0,154,746
01/06/2020,SNA,CA,AWP,WE,Towers with Radar,251,44,67,2,364,0,0,169,0,169,251,44,236,2,533,182,0,182,715
01/07/2020,SNA,CA,AWP,WE,Towers with Radar,226,39,61,0,326,0,4,169,5,178,226,43,230,5,504,374,0,374,878
01/08/2020,SNA,CA,AWP,WE,Towers with Radar,230,45,85,1,361,0,0,146,3,149,230,45,231,4,510,252,0,252,762
01/09/2020,SNA,CA,AWP,WE,Towers with Radar,241,62,102,0,405,0,0,149,2,151,241,62,251,2,556,394,0,394,950
01/10/2020,SNA,CA,AWP,WE,Towers with Radar,240,57,94,0,391,0,0,235,2,237,240,57,329,2,628,258,0,258,886
01/11/2020,SNA,CA,AWP,WE,Towers with Radar,165,37,74,0,276,0,0,193,9,202,165,37,267,9,478,242,0,242,720
01/12/2020,SNA,CA,AWP,WE,Towers with Radar,226,74,91,0,391,0,6,163,0,169,226,80,254,0,560,170,0,170,730
01/13/2020,SNA,CA,AWP,WE,Towers with Radar,239,45,67,0,351,0,0,159,1,160,239,45,226,1,511,214,0,214,725
01/14/2020,SNA,CA,AWP,WE,Towers with Radar,226,48,74,2,350,0,0,158,1,159,226,48,232,3,509,350,0,350,859
01/15/2020,SNA,CA,AWP,WE,Towers with Radar,230,65,96,0,391,0,0,178,1,179,230,65,274,1,570,516,0,516,1086
01/16/2020,SNA,CA,AWP,WE,Towers with Radar,236,56,101,0,393,0,2,96,4,102,236,58,197,4,495,310,0,310,805
01/17/2020,SNA,CA,AWP,WE,Towers with Radar,240,86,132,0,458,0,3,188,0,191,240,89,320,0,649,274,0,274,923
01/18/2020,SNA,CA,AWP,WE,Towers with Radar,168,43,91,3,305,0,0,209,4,213,168,43,300,7,518,154,0,154,672
01/19/2020,SNA,CA,AWP,WE,Towers with Radar,214,66,100,0,380,0,1,189,2,192,214,67,289,2,572,170,0,170,742
01/20/2020,SNA,CA,AWP,WE,Towers with Radar,244,65,127,0,436,0,3,163,0,166,244,68,290,0,602,142,0,142,744
01/21/2020,SNA,CA,AWP,WE,Towers with Radar,223,51,106,0,380,0,1,109,0,110,223,52,215,0,490,128,0,128,618
01/22/2020,SNA,CA,AWP,WE,Towers with Radar,232,66,114,0,412,0,1,163,2,166,232,67,277,2,578,198,0,198,776
01/23/2020,SNA,CA,AWP,WE,Towers with Radar,245,63,99,0,407,0,4,242,4,250,245,67,341,4,657,224,0,224,881
01/24/2020,SNA,CA,AWP,WE,Towers with Radar,244,63,99,0,406,0,0,218,3,221,244,63,317,3,627,244,0,244,871
01/25/2020,SNA,CA,AWP,WE,Towers with Radar,172,45,82,1,300,0,0,138,5,143,172,45,220,6,443,16,0,16,459
01/26/2020,SNA,CA,AWP,WE,Towers with Radar,235,71,135,0,441,0,0,43,0,43,235,71,178,0,484,122,0,122,606
01/27/2020,SNA,CA,AWP,WE,Towers with Radar,242,52,107,1,402,0,0,180,0,180,242,52,287,1,582,102,0,102,684
01/28/2020,SNA,CA,AWP,WE,Towers with Radar,226,42,97,1,366,0,1,223,1,225,226,43,320,2,591,260,0,260,851
01/29/2020,SNA,CA,AWP,WE,Towers with Radar,234,44,113,1,392,0,0,139,2,141,234,44,252,3,533,156,0,156,689
01/30/2020,SNA,CA,AWP,WE,Towers with Radar,244,58,103,2,407,0,1,284,3,288,244,59,387,5,695,152,0,152,847
01/31/2020,SNA,CA,AWP,WE,Towers with Radar,242,82,101,2,427,0,3,274,0,277,242,85,375,2,704,284,0,284,988
02/01/2020,SNA,CA,AWP,WE,Towers with Radar,166,47,70,0,283,0,0,219,5,224,166,47,289,5,507,194,0,194,701
02/02/2020,SNA,CA,AWP,WE,Towers with Radar,214,75,70,0,359,0,1,128,0,129,214,76,198,0,488,110,0,110,598
02/03/2020,SNA,CA,AWP,WE,Towers with Radar,239,54,85,0,378,0,0,123,2,125,239,54,208,2,503,68,0,68,571
02/04/2020,SNA,CA,AWP,WE,Towers with Radar,224,40,69,1,334,0,0,68,1,69,224,40,137,2,403,66,0,66,469
02/05/2020,SNA,CA,AWP,WE,Towers with Radar,231,61,57,2,351,0,4,229,0,233,231,65,286,2,584,230,0,230,814
02/06/2020,SNA,CA,AWP,WE,Towers with Radar,244,69,83,1,397,0,1,244,5,250,244,70,327,6,647,346,6,352,999
02/07/2020,SNA,CA,AWP,WE,Towers with Radar,244,60,96,2,402,0,1,227,0,228,244,61,323,2,630,372,0,372,1002
02/08/2020,SNA,CA,AWP,WE,Towers with Radar,168,37,66,1,272,0,0,197,4,201,168,37,263,5,473,116,0,116,589
02/09/2020,SNA,CA,AWP,WE,Towers with Radar,218,71,90,0,379,0,0,13,2,15,218,71,103,2,394,106,0,106,500
02/10/2020,SNA,CA,AWP,WE,Towers with Radar,243,53,88,0,384,0,1,106,0,107,243,54,194,0,491,97,0,97,588
02/11/2020,SNA,CA,AWP,WE,Towers with Radar,227,43,87,0,357,0,2,160,0,162,227,45,247,0,519,74,0,74,593
02/12/2020,SNA,CA,AWP,WE,Towers with Radar,233,67,98,0,398,0,1,260,2,263,233,68,358,2,661,250,0,250,911
02/13/2020,SNA,CA,AWP,WE,Towers with Radar,245,75,122,0,442,0,1,267,2,270,245,76,389,2,712,250,0,250,962
02/14/2020,SNA,CA,AWP,WE,Towers with Radar,243,81,142,0,466,0,3,199,0,202,243,84,341,0,668,154,0,154,822
02/15/2020,SNA,CA,AWP,WE,Towers with Radar,177,55,91,0,323,0,3,246,4,253,177,58,337,4,576,42,0,42,618
02/16/2020,SNA,CA,AWP,WE,Towers with Radar,219,60,97,0,376,0,0,214,1,215,219,60,311,1,591,18,0,18,609
02/17/2020,SNA,CA,AWP,WE,Towers with Radar,246,66,140,0,452,0,0,230,0,230,246,66,370,0,682,22,0,22,704
02/18/2020,SNA,CA,AWP,WE,Towers with Radar,238,52,89,0,379,0,2,198,3,203,238,54,287,3,582,34,0,34,616
02/19/2020,SNA,CA,AWP,WE,Towers with Radar,240,61,99,0,400,0,0,195,0,195,240,61,294,0,595,175,0,175,770
02/20/2020,SNA,CA,AWP,WE,Towers with Radar,247,69,105,0,421,0,2,233,0,235,247,71,338,0,656,102,0,102,758
02/21/2020,SNA,CA,AWP,WE,Towers with Radar,242,58,117,0,417,0,0,220,0,220,242,58,337,0,637,124,0,124,761
02/22/2020,SNA,CA,AWP,WE,Towers with Radar,178,56,87,2,323,0,0,72,0,72,178,56,159,2,395,232,0,232,627
02/23/2020,SNA,CA,AWP,WE,Towers with Radar,228,75,134,0,437,0,0,160,0,160,228,75,294,0,597,212,0,212,809
02/24/2020,SNA,CA,AWP,WE,Towers with Radar,248,62,101,0,411,0,1,202,0,203,248,63,303,0,614,284,0,284,898
02/25/2020,SNA,CA,AWP,WE,Towers with Radar,257,63,80,0,400,0,1,162,1,164,257,64,242,1,564,178,0,178,742
02/26/2020,SNA,CA,AWP,WE,Towers with Radar,245,36,101,0,382,0,1,226,2,229,245,37,327,2,611,48,0,48,659
02/27/2020,SNA,CA,AWP,WE,Towers with Radar,244,75,119,0,438,0,2,243,1,246,244,77,362,1,684,186,0,186,870
02/28/2020,SNA,CA,AWP,WE,Towers with Radar,241,73,110,2,426,0,2,225,0,227,241,75,335,2,653,108,0,108,761
02/29/2020,SNA,CA,AWP,WE,Towers with Radar,176,48,95,0,319,0,0,181,1,182,176,48,276,1,501,80,0,80,581
03/01/2020,SNA,CA,AWP,WE,Towers with Radar,226,61,88,0,375,0,0,53,0,53,226,61,141,0,428,102,0,102,530
03/02/2020,SNA,CA,AWP,WE,Towers with Radar,247,62,83,0,392,0,0,151,0,151,247,62,234,0,543,6,0,6,549
03/03/2020,SNA,CA,AWP,WE,Towers with Radar,236,48,87,0,371,0,1,219,1,221,236,49,306,1,592,82,0,82,674
03/04/2020,SNA,CA,AWP,WE,Towers with Radar,236,55,89,0,380,0,1,220,0,221,236,56,309,0,601,116,0,116,717
03/05/2020,SNA,CA,AWP,WE,Towers with Radar,246,69,105,0,420,0,0,197,2,199,246,69,302,2,619,230,0,230,849
03/06/2020,SNA,CA,AWP,WE,Towers with Radar,246,75,102,2,425,0,0,194,7,201,246,75,296,9,626,264,0,264,890
03/07/2020,SNA,CA,AWP,WE,Towers with Radar,179,32,80,0,291,0,2,157,0,159,179,34,237,0,450,364,0,364,814
03/08/2020,SNA,CA,AWP,WE,Towers with Radar,226,69,109,0,404,0,0,158,0,158,226,69,267,0,562,326,0,326,888
03/09/2020,SNA,CA,AWP,WE,Towers with Radar,250,67,69,0,386,0,0,177,0,177,250,67,246,0,563,238,0,238,801
03/10/2020,SNA,CA,AWP,WE,Towers with Radar,236,28,62,1,327,0,0,26,0,26,236,28,88,1,353,68,0,68,421
03/11/2020,SNA,CA,AWP,WE,Towers with Radar,230,43,110,0,383,0,1,180,0,181,230,44,290,0,564,20,0,20,584
03/12/2020,SNA,CA,AWP,WE,Towers with Radar,248,64,88,0,400,0,2,38,0,40,248,66,126,0,440,50,0,50,490
03/13/2020,SNA,CA,AWP,WE,Towers with Radar,234,69,102,0,405,0,0,32,0,32,234,69,134,0,437,106,0,106,543
03/14/2020,SNA,CA,AWP,WE,Towers with Radar,178,34,79,0,291,0,0,57,0,57,178,34,136,0,348,278,0,278,626
03/15/2020,SNA,CA,AWP,WE,Towers with Radar,213,75,95,0,383,0,0,143,0,143,213,75,238,0,526,452,0,452,978
03/16/2020,SNA,CA,AWP,WE,Towers with Radar,247,55,73,0,375,0,0,66,2,68,247,55,139,2,443,160,0,160,603
03/17/2020,SNA,CA,AWP,WE,Towers with Radar,243,43,52,0,338,0,0,171,0,171,243,43,223,0,509,306,0,306,815
03/18/2020,SNA,CA,AWP,WE,Towers with Radar,207,32,39,0,278,0,0,86,0,86,207,32,125,0,364,252,0,252,616
03/19/2020,SNA,CA,AWP,WE,Towers with Radar,171,28,31,0,230,0,0,61,0,61,171,28,92,0,291,216,0,216,507
03/20/2020,SNA,CA,AWP,WE,Towers with Radar,190,23,41,0,254,0,0,73,0,73,190,23,114,0,327,182,0,182,509
03/21/2020,SNA,CA,AWP,WE,Towers with Radar,123,15,35,0,173,0,0,121,1,122,123,15,156,1,295,150,0,150,445
03/22/2020,SNA,CA,AWP,WE,Towers with Radar,160,19,32,0,211,0,0,81,0,81,160,19,113,0,292,124,0,124,416
03/23/2020,SNA,CA,AWP,WE,Towers with Radar,166,20,32,0,218,0,0,76,0,76,166,20,108,0,294,163,0,163,457
03/24/2020,SNA,CA,AWP,WE,Towers with Radar,140,8,27,0,175,0,0,49,2,51,140,8,76,2,226,290,0,290,516
03/25/2020,SNA,CA,AWP,WE,Towers with Radar,131,15,27,0,173,0,1,69,0,70,131,16,96,0,243,124,0,124,367
03/26/2020,SNA,CA,AWP,WE,Towers with Radar,128,14,16,0,158,0,2,88,3,93,128,16,104,3,251,90,6,96,347
03/27/2020,SNA,CA,AWP,WE,Towers with Radar,62,7,17,0,86,22,6,94,0,122,84,13,111,0,208,0,0,0,208
03/28/2020,SNA,CA,AWP,WE,Towers with Radar,86,10,30,1,127,0,0,133,1,134,86,10,163,2,261,198,0,198,459
03/29/2020,SNA,CA,AWP,WE,Towers with Radar,109,15,13,0,137,0,0,75,0,75,109,15,88,0,212,154,0,154,366
03/30/2020,SNA,CA,AWP,WE,Towers with Radar,110,8,22,0,140,0,2,125,0,127,110,10,147,0,267,186,0,186,453
03/31/2020,SNA,CA,AWP,WE,Towers with Radar,92,8,17,0,117,0,0,137,2,139,92,8,154,2,256,250,0,250,506
04/01/2020,SNA,CA,AWP,WE,Towers with Radar,86,15,37,0,138,0,0,137,0,137,86,15,174,0,275,168,0,168,443
04/02/2020,SNA,CA,AWP,WE,Towers with Radar,78,13,24,0,115,0,0,99,0,99,78,13,123,0,214,178,0,178,392
04/03/2020,SNA,CA,AWP,WE,Towers with Radar,68,20,43,0,131,0,0,151,2,153,68,20,194,2,284,200,0,200,484
04/04/2020,SNA,CA,AWP,WE,Towers with Radar,53,14,35,0,102,0,0,104,0,104,53,14,139,0,206,176,0,176,382
04/05/2020,SNA,CA,AWP,WE,Towers with Radar,71,11,19,0,101,0,0,29,0,29,71,11,48,0,130,126,0,126,256
04/06/2020,SNA,CA,AWP,WE,Towers with Radar,69,14,19,0,102,0,0,14,0,14,69,14,33,0,116,0,0,0,116
04/07/2020,SNA,CA,AWP,WE,Towers with Radar,59,10,20,2,91,0,0,25,0,25,59,10,45,2,116,68,0,68,184
04/08/2020,SNA,CA,AWP,WE,Towers with Radar,67,8,17,0,92,0,0,83,3,86,67,8,100,3,178,300,0,300,478
04/09/2020,SNA,CA,AWP,WE,Towers with Radar,71,13,30,0,114,0,0,17,0,17,71,13,47,0,131,64,0,64,195
04/10/2020,SNA,CA,AWP,WE,Towers with Radar,65,14,27,0,106,0,0,47,0,47,65,14,74,0,153,274,0,274,427
04/11/2020,SNA,CA,AWP,WE,Towers with Radar,51,9,51,0,111,0,0,170,1,171,51,9,221,1,282,298,0,298,580
04/12/2020,SNA,CA,AWP,WE,Towers with Radar,56,4,30,0,90,0,0,35,0,35,56,4,65,0,125,74,0,74,199
04/13/2020,SNA,CA,AWP,WE,Towers with Radar,64,6,23,0,93,0,0,61,0,61,64,6,84,0,154,276,0,276,430
04/14/2020,SNA,CA,AWP,WE,Towers with Radar,57,6,36,0,99,0,1,185,2,188,57,7,221,2,287,212,0,212,499
04/15/2020,SNA,CA,AWP,WE,Towers with Radar,55,14,40,0,109,0,0,215,0,215,55,14,255,0,324,290,0,290,614
04/16/2020,SNA,CA,AWP,WE,Towers with Radar,45,14,57,0,116,0,2,186,0,188,45,16,243,0,304,294,0,294,598
04/17/2020,SNA,CA,AWP,WE,Towers with Radar,56,14,31,0,101,0,0,112,0,112,56,14,143,0,213,258,0,258,471
04/18/2020,SNA,CA,AWP,WE,Towers with Radar,41,7,45,0,93,0,0,105,0,105,41,7,150,0,198,278,0,278,476
04/19/2020,SNA,CA,AWP,WE,Towers with Radar,45,13,37,0,95,0,0,121,0,121,45,13,158,0,216,176,0,176,392
04/20/2020,SNA,CA,AWP,WE,Towers with Radar,51,14,45,0,110,0,0,96,0,96,51,14,141,0,206,300,0,300,506
04/21/2020,SNA,CA,AWP,WE,Towers with Radar,51,10,36,0,97,0,1,146,0,147,51,11,182,0,244,254,0,254,498
04/22/2020,SNA,CA,AWP,WE,Towers with Radar,47,13,38,0,98,0,2,220,0,222,47,15,258,0,320,396,0,396,716
04/23/2020,SNA,CA,AWP,WE,Towers with Radar,53,14,60,0,127,0,0,193,5,198,53,14,253,5,325,190,0,190,515
04/24/2020,SNA,CA,AWP,WE,Towers with Radar,49,23,48,0,120,0,1,219,1,221,49,24,267,1,341,332,0,332,673
04/25/2020,SNA,CA,AWP,WE,Towers with Radar,33,9,45,0,87,0,0,202,0,202,33,9,247,0,289,182,0,182,471
04/26/2020,SNA,CA,AWP,WE,Towers with Radar,46,20,44,0,110,0,2,178,1,181,46,22,222,1,291,166,0,166,457
04/27/2020,SNA,CA,AWP,WE,Towers with Radar,53,27,36,0,116,0,1,159,2,162,53,28,195,2,278,164,0,164,442
04/28/2020,SNA,CA,AWP,WE,Towers with Radar,50,24,46,0,120,0,0,159,0,159,50,24,205,0,279,302,0,302,581
04/29/2020,SNA,CA,AWP,WE,Towers with Radar,44,18,44,0,106,0,1,90,0,91,44,19,134,0,197,208,0,208,405
04/30/2020,SNA,CA,AWP,WE,Towers with Radar,55,22,57,0,134,0,0,110,0,110,55,22,167,0,244,314,0,314,558
05/01/2020,SNA,CA,AWP,WE,Towers with Radar,61,16,78,0,155,0,0,212,0,212,61,16,290,0,367,276,0,276,643
05/02/2020,SNA,CA,AWP,WE,Towers with Radar,33,19,48,1,101,0,0,237,1,238,33,19,285,2,339,266,0,266,605
05/03/2020,SNA,CA,AWP,WE,Towers with Radar,52,22,42,0,116,0,0,201,3,204,52,22,243,3,320,193,0,193,513
05/04/2020,SNA,CA,AWP,WE,Towers with Radar,64,28,47,3,142,0,1,185,0,186,64,29,232,3,328,332,0,332,660
05/05/2020,SNA,CA,AWP,WE,Towers with Radar,57,19,57,2,135,0,1,217,6,224,57,20,274,8,359,278,0,278,637
05/06/2020,SNA,CA,AWP,WE,Towers with Radar,60,26,43,1,130,0,0,225,4,229,60,26,268,5,359,309,0,309,668
05/07/2020,SNA,CA,AWP,WE,Towers with Radar,59,24,82,0,165,0,2,223,2,227,59,26,305,2,392,162,0,162,554
05/08/2020,SNA,CA,AWP,WE,Towers with Radar,60,35,68,1,164,0,0,205,3,208,60,35,273,4,372,352,0,352,724
05/09/2020,SNA,CA,AWP,WE,Towers with Radar,52,28,61,0,141,0,0,172,0,172,52,28,233,0,313,278,0,278,591
05/10/2020,SNA,CA,AWP,WE,Towers with Radar,53,25,43,0,121,0,0,66,0,66,53,25,109,0,187,284,0,284,471
05/11/2020,SNA,CA,AWP,WE,Towers with Radar,59,28,56,2,145,0,2,161,2,165,59,30,217,4,310,366,0,366,676
05/12/2020,SNA,CA,AWP,WE,Towers with Radar,54,13,65,1,133,0,2,111,2,115,54,15,176,3,248,400,0,400,648
05/13/2020,SNA,CA,AWP,WE,Towers with Radar,57,17,60,0,134,0,0,195,5,200,57,17,255,5,334,148,0,148,482
05/14/2020,SNA,CA,AWP,WE,Towers with Radar,65,28,76,0,169,0,0,221,1,222,65,28,297,1,391,190,0,190,581
05/15/2020,SNA,CA,AWP,WE,Towers with Radar,58,29,95,0,182,0,0,236,0,236,58,29,331,0,418,172,0,172,590
05/16/2020,SNA,CA,AWP,WE,Towers with Radar,54,17,62,2,135,0,1,214,2,217,54,18,276,4,352,108,0,108,460
05/17/2020,SNA,CA,AWP,WE,Towers with Radar,56,21,67,0,144,0,0,165,4,169,56,21,232,4,313,192,0,192,505
05/18/2020,SNA,CA,AWP,WE,Towers with Radar,58,41,74,0,173,0,0,38,5,43,58,41,112,5,216,136,6,142,358
05/19/2020,SNA,CA,AWP,WE,Towers with Radar,54,20,61,1,136,0,0,159,4,163,54,20,220,5,299,234,0,234,533
05/20/2020,SNA,CA,AWP,WE,Towers with Radar,59,39,73,0,171,0,1,219,2,222,59,40,292,2,393,344,0,344,737
05/21/2020,SNA,CA,AWP,WE,Towers with Radar,65,45,83,0,193,0,2,247,1,250,65,47,330,1,443,258,2,260,703
05/22/2020,SNA,CA,AWP,WE,Towers with Radar,62,45,119,0,226,0,1,229,7,237,62,46,348,7,463,352,0,352,815
05/23/2020,SNA,CA,AWP,WE,Towers with Radar,55,22,59,0,136,0,2,176,2,180,55,24,235,2,316,150,0,150,466
05/24/2020,SNA,CA,AWP,WE,Towers with Radar,62,26,48,0,136,0,0,207,0,207,62,26,255,0,343,168,0,168,511
05/25/2020,SNA,CA,AWP,WE,Towers with Radar,68,32,86,0,186,0,4,183,0,187,68,36,269,0,373,72,0,72,445
05/26/2020,SNA,CA,AWP,WE,Towers with Radar,60,31,83,0,174,0,0,200,4,204,60,31,283,4,378,168,0,168,546
05/27/2020,SNA,CA,AWP,WE,Towers with Radar,62,32,91,1,186,0,1,161,0,162,62,33,252,1,348,138,0,138,486
05/28/2020,SNA,CA,AWP,WE,Towers with Radar,68,41,85,0,194,0,0,161,0,161,68,41,246,0,355,296,0,296,651
05/29/2020,SNA,CA,AWP,WE,Towers with Radar,64,32,121,0,217,0,3,79,0,82,64,35,200,0,299,342,0,342,641
05/30/2020,SNA,CA,AWP,WE,Towers with Radar,56,28,73,0,157,0,2,224,0,226,56,30,297,0,383,188,0,188,571
05/31/2020,SNA,CA,AWP,WE,Towers with Radar,62,29,78,0,169,0,2,201,1,204,62,31,279,1,373,242,0,242,615
06/01/2020,SNA,CA,AWP,WE,Towers with Radar,67,44,66,0,177,0,2,194,1,197,67,46,260,1,374,472,0,472,846
06/02/2020,SNA,CA,AWP,WE,Towers with Radar,67,25,61,0,153,0,2,229,0,231,67,27,290,0,384,248,0,248,632
06/03/2020,SNA,CA,AWP,WE,Towers with Radar,68,28,72,0,168,0,1,230,5,236,68,29,302,5,404,242,0,242,646
06/04/2020,SNA,CA,AWP,WE,Towers with Radar,71,49,139,0,259,0,1,69,0,70,71,50,208,0,329,168,0,168,497
06/05/2020,SNA,CA,AWP,WE,Towers with Radar,71,36,105,0,212,0,1,102,0,103,71,37,207,0,315,222,0,222,537
06/06/2020,SNA,CA,AWP,WE,Towers with Radar,66,28,75,0,169,0,0,137,0,137,66,28,212,0,306,160,0,160,466
06/07/2020,SNA,CA,AWP,WE,Towers with Radar,82,34,97,1,214,0,0,180,1,181,82,34,277,2,395,210,0,210,605
06/08/2020,SNA,CA,AWP,WE,Towers with Radar,95,44,64,0,203,0,0,104,0,104,95,44,168,0,307,40,0,40,347
06/09/2020,SNA,CA,AWP,WE,Towers with Radar,83,41,76,0,200,0,1,225,2,228,83,42,301,2,428,370,0,370,798
06/10/2020,SNA,CA,AWP,WE,Towers with Radar,82,59,87,0,228,0,2,266,0,268,82,61,353,0,496,350,0,350,846
06/11/2020,SNA,CA,AWP,WE,Towers with Radar,92,46,107,0,245,0,6,276,0,282,92,52,383,0,527,416,0,416,943
06/12/2020,SNA,CA,AWP,WE,Towers with Radar,90,58,110,0,258,0,3,235,2,240,90,61,345,2,498,198,0,198,696
06/13/2020,SNA,CA,AWP,WE,Towers with Radar,76,56,66,0,198,0,3,212,0,215,76,59,278,0,413,192,0,192,605
06/14/2020,SNA,CA,AWP,WE,Towers with Radar,88,50,100,0,238,0,1,197,1,199,88,51,297,1,437,130,0,130,567
06/15/2020,SNA,CA,AWP,WE,Towers with Radar,100,51,103,0,254,0,3,192,1,196,100,54,295,1,450,292,0,292,742
06/16/2020,SNA,CA,AWP,WE,Towers with Radar,92,48,112,1,253,0,0,138,5,143,92,48,250,6,396,238,0,238,634
06/17/2020,SNA,CA,AWP,WE,Towers with Radar,90,53,111,1,255,0,3,172,4,179,90,56,283,5,434,448,0,448,882
06/18/2020,SNA,CA,AWP,WE,Towers with Radar,97,67,152,0,316,0,11,172,0,183,97,78,324,0,499,476,0,476,975
06/19/2020,SNA,CA,AWP,WE,Towers with Radar,99,74,126,1,300,0,2,237,3,242,99,76,363,4,542,274,2,276,818
06/20/2020,SNA,CA,AWP,WE,Towers with Radar,84,44,98,7,233,0,0,142,9,151,84,44,240,16,384,200,0,200,584
06/21/2020,SNA,CA,AWP,WE,Towers with Radar,93,59,94,0,246,0,2,140,0,142,93,61,234,0,388,262,0,262,650
06/22/2020,SNA,CA,AWP,WE,Towers with Radar,108,57,130,0,295,0,0,127,0,127,108,57,257,0,422,176,0,176,598
06/23/2020,SNA,CA,AWP,WE,Towers with Radar,97,47,103,1,248,0,2,154,3,159,97,49,257,4,407,224,0,224,631
06/24/2020,SNA,CA,AWP,WE,Towers with Radar,94,51,115,1,261,0,0,167,2,169,94,51,282,3,430,248,0,248,678
06/25/2020,SNA,CA,AWP,WE,Towers with Radar,106,59,137,0,302,0,3,176,0,179,106,62,313,0,481,234,0,234,715
06/26/2020,SNA,CA,AWP,WE,Towers with Radar,105,55,125,0,285,0,1,220,0,221,105,56,345,0,506,246,0,246,752
06/27/2020,SNA,CA,AWP,WE,Towers with Radar,84,35,85,0,204,0,0,219,0,219,84,35,304,0,423,288,0,288,711
06/28/2020,SNA,CA,AWP,WE,Towers with Radar,98,62,106,1,267,0,0,79,0,79,98,62,185,1,346,228,0,228,574
06/29/2020,SNA,CA,AWP,WE,Towers with Radar,111,50,92,0,253,0,1,141,0,142,111,51,233,0,395,334,0,334,729
06/30/2020,SNA,CA,AWP,WE,Towers with Radar,109,59,88,0,256,0,0,207,0,207,109,59,295,0,463,430,0,430,893
07/01/2020,SNA,CA,AWP,WE,Towers with Radar,109,69,135,0,313,0,1,122,2,125,109,70,257,2,438,248,0,248,686
07/02/2020,SNA,CA,AWP,WE,Towers with Radar,122,89,136,0,347,0,0,267,0,267,122,89,403,0,614,250,0,250,864
07/03/2020,SNA,CA,AWP,WE,Towers with Radar,115,51,93,0,259,0,0,321,0,321,115,51,414,0,580,172,0,172,752
07/04/2020,SNA,CA,AWP,WE,Towers with Radar,106,21,37,0,164,0,0,135,7,142,106,21,172,7,306,60,0,60,366
07/05/2020,SNA,CA,AWP,WE,Towers with Radar,111,61,137,0,309,0,1,227,0,228,111,62,364,0,537,194,0,194,731
07/06/2020,SNA,CA,AWP,WE,Towers with Radar,129,81,111,1,322,0,0,203,0,203,129,81,314,1,525,266,0,266,791
07/07/2020,SNA,CA,AWP,WE,Towers with Radar,131,61,91,1,284,0,0,280,2,282,131,61,371,3,566,296,0,296,862
07/08/2020,SNA,CA,AWP,WE,Towers with Radar,136,47,94,0,277,0,1,246,2,249,136,48,340,2,526,334,0,334,860
07/09/2020,SNA,CA,AWP,WE,Towers with Radar,144,63,89,0,296,0,0,248,0,248,144,63,337,0,544,336,0,336,880
07/10/2020,SNA,CA,AWP,WE,Towers with Radar,142,51,90,0,283,0,3,232,0,235,142,54,322,0,518,260,0,260,778
07/11/2020,SNA,CA,AWP,WE,Towers with Radar,138,46,70,0,254,0,3,233,4,240,138,49,303,4,494,164,0,164,658
07/12/2020,SNA,CA,AWP,WE,Towers with Radar,133,65,91,0,289,0,3,197,0,200,133,68,288,0,489,202,16,218,707
07/13/2020,SNA,CA,AWP,WE,Towers with Radar,141,53,84,0,278,0,2,198,0,200,141,55,282,0,478,374,0,374,852
07/14/2020,SNA,CA,AWP,WE,Towers with Radar,134,40,88,0,262,0,2,217,2,221,134,42,305,2,483,390,0,390,873
07/15/2020,SNA,CA,AWP,WE,Towers with Radar,134,53,92,0,279,0,0,276,3,279,134,53,368,3,558,420,0,420,978
07/16/2020,SNA,CA,AWP,WE,Towers with Radar,145,71,112,0,328,0,1,242,0,243,145,72,354,0,571,324,0,324,895
07/17/2020,SNA,CA,AWP,WE,Towers with Radar,140,67,110,0,317,0,1,258,7,266,140,68,368,7,583,350,0,350,933
07/18/2020,SNA,CA,AWP,WE,Towers with Radar,133,39,83,0,255,0,2,206,0,208,133,41,289,0,463,244,0,244,707
07/19/2020,SNA,CA,AWP,WE,Towers with Radar,132,73,85,0,290,0,2,227,0,229,132,75,312,0,519,186,0,186,705
07/20/2020,SNA,CA,AWP,WE,Towers with Radar,141,47,83,1,272,0,0,198,2,200,141,47,281,3,472,430,0,430,902
07/21/2020,SNA,CA,AWP,WE,Towers with Radar,135,46,102,0,283,0,1,196,1,198,135,47,298,1,481,450,0,450,931
07/22/2020,SNA,CA,AWP,WE,Towers with Radar,135,48,103,1,287,0,0,203,0,203,135,48,306,1,490,458,0,458,948
07/23/2020,SNA,CA,AWP,WE,Towers with Radar,144,47,115,1,307,0,3,168,0,171,144,50,283,1,478,380,0,380,858
07/24/2020,SNA,CA,AWP,WE,Towers with Radar,138,54,124,1,317,0,0,209,1,210,138,54,333,2,527,348,0,348,875
07/25/2020,SNA,CA,AWP,WE,Towers with Radar,135,50,75,0,260,0,0,195,0,195,135,50,270,0,455,272,0,272,727
07/26/2020,SNA,CA,AWP,WE,Towers with Radar,131,65,106,0,302,0,5,216,0,221,131,70,322,0,523,242,0,242,765
07/27/2020,SNA,CA,AWP,WE,Towers with Radar,141,65,100,0,306,0,0,187,1,188,141,65,287,1,494,358,0,358,852
07/28/2020,SNA,CA,AWP,WE,Towers with Radar,133,42,86,0,261,0,0,229,0,229,133,42,315,0,490,308,0,308,798
07/29/2020,SNA,CA,AWP,WE,Towers with Radar,133,53,122,0,308,0,1,241,4,246,133,54,363,4,554,408,0,408,962
07/30/2020,SNA,CA,AWP,WE,Towers with Radar,140,65,113,0,318,0,8,226,0,234,140,73,339,0,552,246,0,246,798
07/31/2020,SNA,CA,AWP,WE,Towers with Radar,140,66,94,0,300,0,0,257,1,258,140,66,351,1,558,368,0,368,926
08/01/2020,SNA,CA,AWP,WE,Towers with Radar,140,40,85,0,265,0,4,227,0,231,140,44,312,0,496,202,0,202,698
08/02/2020,SNA,CA,AWP,WE,Towers with Radar,140,64,125,0,329,0,0,179,0,179,140,64,304,0,508,148,0,148,656
08/03/2020,SNA,CA,AWP,WE,Towers with Radar,146,69,103,0,318,0,0,185,1,186,146,69,288,1,504,312,0,312,816
08/04/2020,SNA,CA,AWP,WE,Towers with Radar,138,39,89,0,266,0,0,172,0,172,138,39,261,0,438,8,0,8,446
08/05/2020,SNA,CA,AWP,WE,Towers with Radar,138,64,109,0,311,0,0,216,2,218,138,64,325,2,529,14,0,14,543
08/06/2020,SNA,CA,AWP,WE,Towers with Radar,146,62,112,0,320,0,2,246,1,249,146,64,358,1,569,16,0,16,585
08/07/2020,SNA,CA,AWP,WE,Towers with Radar,142,65,104,0,311,0,0,260,2,262,142,65,364,2,573,254,0,254,827
08/08/2020,SNA,CA,AWP,WE,Towers with Radar,139,58,95,0,292,0,0,192,0,192,139,58,287,0,484,192,0,192,676
08/09/2020,SNA,CA,AWP,WE,Towers with Radar,134,70,118,0,322,0,1,208,0,209,134,71,326,0,531,208,0,208,739
08/10/2020,SNA,CA,AWP,WE,Towers with Radar,144,70,107,0,321,0,3,181,0,184,144,73,288,0,505,336,0,336,841
08/11/2020,SNA,CA,AWP,WE,Towers with Radar,133,45,77,0,255,0,0,186,0,186,133,45,263,0,441,384,0,384,825
08/12/2020,SNA,CA,AWP,WE,Towers with Radar,134,55,109,0,298,0,2,277,5,284,134,57,386,5,582,342,0,342,924
08/13/2020,SNA,CA,AWP,WE,Towers with Radar,141,43,116,0,300,0,1,269,0,270,141,44,385,0,570,402,0,402,972
08/14/2020,SNA,CA,AWP,WE,Towers with Radar,140,69,124,0,333,0,0,245,0,245,140,69,369,0,578,352,0,352,930
08/15/2020,SNA,CA,AWP,WE,Towers with Radar,127,53,80,0,260,0,0,210,0,210,127,53,290,0,470,234,0,234,704
08/16/2020,SNA,CA,AWP,WE,Towers with Radar,133,64,107,0,304,0,0,224,2,226,133,64,331,2,530,286,0,286,816
08/17/2020,SNA,CA,AWP,WE,Towers with Radar,139,43,117,1,300,0,1,211,1,213,139,44,328,2,513,307,0,307,820
08/18/2020,SNA,CA,AWP,WE,Towers with Radar,131,46,92,0,269,0,0,234,4,238,131,46,326,4,507,382,0,382,889
08/19/2020,SNA,CA,AWP,WE,Towers with Radar,130,56,99,0,285,0,0,224,0,224,130,56,323,0,509,378,0,378,887
08/20/2020,SNA,CA,AWP,WE,Towers with Radar,140,55,117,0,312,0,0,188,3,191,140,55,305,3,503,244,0,244,747
08/21/2020,SNA,CA,AWP,WE,Towers with Radar,138,50,117,0,305,0,3,226,0,229,138,53,343,0,534,370,0,370,904
08/22/2020,SNA,CA,AWP,WE,Towers with Radar,125,52,98,0,275,0,1,184,0,185,125,53,282,0,460,300,0,300,760
08/23/2020,SNA,CA,AWP,WE,Towers with Radar,131,67,123,0,321,0,0,203,2,205,131,67,326,2,526,304,0,304,830
08/24/2020,SNA,CA,AWP,WE,Towers with Radar,142,57,86,0,285,0,2,188,0,190,142,59,274,0,475,384,0,384,859
08/25/2020,SNA,CA,AWP,WE,Towers with Radar,131,42,92,0,265,0,2,200,0,202,131,44,292,0,467,394,0,394,861
08/26/2020,SNA,CA,AWP,WE,Towers with Radar,126,63,124,0,313,0,2,204,0,206,126,65,328,0,519,290,0,290,809
08/27/2020,SNA,CA,AWP,WE,Towers with Radar,144,48,120,0,312,0,1,269,1,271,144,49,389,1,583,408,0,408,991
08/28/2020,SNA,CA,AWP,WE,Towers with Radar,140,63,116,0,319,0,0,335,3,338,140,63,451,3,657,238,0,238,895
08/29/2020,SNA,CA,AWP,WE,Towers with Radar,125,34,82,0,241,0,0,195,0,195,125,34,277,0,436,164,0,164,600
08/30/2020,SNA,CA,AWP,WE,Towers with Radar,131,64,117,0,312,0,1,193,0,194,131,65,310,0,506,264,0,264,770
08/31/2020,SNA,CA,AWP,WE,Towers with Radar,142,52,96,1,291,0,1,216,3,220,142,53,312,4,511,420,0,420,931
09/01/2020,SNA,CA,AWP,WE,Towers with Radar,130,45,90,0,265,0,0,157,0,157,130,45,247,0,422,402,0,402,824
09/02/2020,SNA,CA,AWP,WE,Towers with Radar,133,52,94,0,279,0,1,232,0,233,133,53,326,0,512,346,0,346,858
09/03/2020,SNA,CA,AWP,WE,Towers with Radar,150,76,145,0,371,0,7,245,2,254,150,83,390,2,625,362,0,362,987
09/04/2020,SNA,CA,AWP,WE,Towers with Radar,146,85,127,0,358,0,2,272,2,276,146,87,399,2,634,350,0,350,984
09/05/2020,SNA,CA,AWP,WE,Towers with Radar,114,41,61,0,216,0,1,184,0,185,114,42,245,0,401,284,0,284,685
09/06/2020,SNA,CA,AWP,WE,Towers with Radar,107,42,49,0,198,0,2,141,2,145,107,44,190,2,343,248,0,248,591
09/07/2020,SNA,CA,AWP,WE,Towers with Radar,127,96,141,0,364,0,1,134,2,137,127,97,275,2,501,240,0,240,741
09/08/2020,SNA,CA,AWP,WE,Towers with Radar,112,70,100,0,282,0,0,85,0,85,112,70,185,0,367,420,0,420,787
09/09/2020,SNA,CA,AWP,WE,Towers with Radar,109,63,108,0,280,0,0,140,2,142,109,63,248,2,422,290,0,290,712
09/10/2020,SNA,CA,AWP,WE,Towers with Radar,116,48,113,0,277,0,0,182,1,183,116,48,295,1,460,328,0,328,788
09/11/2020,SNA,CA,AWP,WE,Towers with Radar,116,73,100,0,289,0,0,188,1,189,116,73,288,1,478,348,0,348,826
09/12/2020,SNA,CA,AWP,WE,Towers with Radar,110,32,94,0,236,0,0,111,2,113,110,32,205,2,349,436,0,436,785
09/13/2020,SNA,CA,AWP,WE,Towers with Radar,114,58,110,0,282,0,0,97,2,99,114,58,207,2,381,264,0,264,645
09/14/2020,SNA,CA,AWP,WE,Towers with Radar,114,52,101,0,267,0,0,91,2,93,114,52,192,2,360,236,0,236,596
09/15/2020,SNA,CA,AWP,WE,Towers with Radar,99,47,74,0,220,0,1,101,2,104,99,48,175,2,324,372,0,372,696
09/16/2020,SNA,CA,AWP,WE,Towers with Radar,108,66,92,0,266,0,0,219,2,221,108,66,311,2,487,324,0,324,811
09/17/2020,SNA,CA,AWP,WE,Towers with Radar,115,82,107,1,305,0,0,257,4,261,115,82,364,5,566,394,0,394,960
09/18/2020,SNA,CA,AWP,WE,Towers with Radar,116,78,111,0,305,0,2,256,6,264,116,80,367,6,569,370,0,370,939
09/19/2020,SNA,CA,AWP,WE,Towers with Radar,107,36,83,0,226,0,0,304,0,304,107,36,387,0,530,420,2,422,952
09/20/2020,SNA,CA,AWP,WE,Towers with Radar,115,75,113,0,303,0,1,196,4,201,115,76,309,4,504,284,0,284,788
09/21/2020,SNA,CA,AWP,WE,Towers with Radar,116,46,101,0,263,0,0,213,2,215,116,46,314,2,478,334,0,334,812
09/22/2020,SNA,CA,AWP,WE,Towers with Radar,106,53,94,0,253,0,2,214,8,224,106,55,308,8,477,314,0,314,791
09/23/2020,SNA,CA,AWP,WE,Towers with Radar,107,53,104,0,264,0,2,218,3,223,107,55,322,3,487,568,0,568,1055
09/24/2020,SNA,CA,AWP,WE,Towers with Radar,117,71,112,2,302,0,1,244,5,250,117,72,356,7,552,406,0,406,958
09/25/2020,SNA,CA,AWP,WE,Towers with Radar,117,63,105,0,285,0,2,231,0,233,117,65,336,0,518,406,0,406,924
09/26/2020,SNA,CA,AWP,WE,Towers with Radar,108,28,95,0,231,0,0,229,1,230,108,28,324,1,461,314,0,314,775
09/27/2020,SNA,CA,AWP,WE,Towers with Radar,114,80,116,0,310,0,0,168,1,169,114,80,284,1,479,252,0,252,731
09/28/2020,SNA,CA,AWP,WE,Towers with Radar,116,59,83,0,258,0,0,170,0,170,116,59,253,0,428,370,0,370,798
09/29/2020,SNA,CA,AWP,WE,Towers with Radar,119,47,77,0,243,0,0,171,0,171,119,47,248,0,414,286,0,286,700
09/30/2020,SNA,CA,AWP,WE,Towers with Radar,109,44,104,0,257,0,0,252,4,256,109,44,356,4,513,512,0,512,1025
10/01/2020,SNA,CA,AWP,WE,Towers with Radar,116,57,132,0,305,0,0,269,0,269,116,57,401,0,574,360,0,360,934
10/02/2020,SNA,CA,AWP,WE,Towers with Radar,118,65,112,0,295,0,0,282,0,282,118,65,394,0,577,554,0,554,1131
10/03/2020,SNA,CA,AWP,WE,Towers with Radar,107,45,80,0,232,0,0,249,0,249,107,45,329,0,481,262,0,262,743
10/04/2020,SNA,CA,AWP,WE,Towers with Radar,117,69,119,0,305,0,0,200,0,200,117,69,319,0,505,232,0,232,737
10/05/2020,SNA,CA,AWP,WE,Towers with Radar,120,54,106,0,280,0,0,181,0,181,120,54,287,0,461,292,0,292,753
10/06/2020,SNA,CA,AWP,WE,Towers with Radar,108,41,77,0,226,0,0,167,0,167,108,41,244,0,393,430,0,430,823
10/07/2020,SNA,CA,AWP,WE,Towers with Radar,112,51,127,0,290,0,0,203,0,203,112,51,330,0,493,278,0,278,771
10/08/2020,SNA,CA,AWP,WE,Towers with Radar,121,63,136,0,320,0,0,231,1,232,121,63,367,1,552,360,0,360,912
10/09/2020,SNA,CA,AWP,WE,Towers with Radar,126,73,138,0,337,0,0,194,0,194,126,73,332,0,531,452,2,454,985
10/10/2020,SNA,CA,AWP,WE,Towers with Radar,108,42,64,0,214,0,1,162,0,163,108,43,226,0,377,436,0,436,813
10/11/2020,SNA,CA,AWP,WE,Towers with Radar,124,73,115,0,312,0,0,192,0,192,124,73,307,0,504,272,0,272,776
10/12/2020,SNA,CA,AWP,WE,Towers with Radar,128,59,88,0,275,0,0,189,0,189,128,59,277,0,464,334,0,334,798
10/13/2020,SNA,CA,AWP,WE,Towers with Radar,110,61,79,0,250,0,0,214,0,214,110,61,293,0,464,318,32,350,814
10/14/2020,SNA,CA,AWP,WE,Towers with Radar,117,57,99,0,273,0,2,230,0,232,117,59,329,0,505,382,0,382,887
10/15/2020,SNA,CA,AWP,WE,Towers with Radar,121,72,113,0,306,0,2,245,0,247,121,74,358,0,553,332,0,332,885
10/16/2020,SNA,CA,AWP,WE,Towers with Radar,133,63,117,2,315,0,0,276,3,279,133,63,393,5,594,236,0,236,830
10/17/2020,SNA,CA,AWP,WE,Towers with Radar,111,53,87,1,252,0,0,226,0,226,111,53,313,1,478,232,0,232,710
10/18/2020,SNA,CA,AWP,WE,Towers with Radar,122,59,100,5,286,0,0,103,0,103,122,59,203,5,389,110,0,110,499
10/19/2020,SNA,CA,AWP,WE,Towers with Radar,127,47,89,3,266,0,0,174,0,174,127,47,263,3,440,310,0,310,750
10/20/2020,SNA,CA,AWP,WE,Towers with Radar,110,42,103,1,256,0,0,189,0,189,110,42,292,1,445,296,0,296,741
10/21/2020,SNA,CA,AWP,WE,Towers with Radar,113,46,132,0,291,0,0,162,2,164,113,46,294,2,455,526,0,526,981
10/22/2020,SNA,CA,AWP,WE,Towers with Radar,122,63,138,0,323,0,0,193,0,193,122,63,331,0,516,366,0,366,882
10/23/2020,SNA,CA,AWP,WE,Towers with Radar,126,63,122,1,312,0,0,200,2,202,126,63,322,3,514,386,0,386,900
10/24/2020,SNA,CA,AWP,WE,Towers with Radar,108,52,108,2,270,0,0,150,0,150,108,52,258,2,420,200,0,200,620
10/25/2020,SNA,CA,AWP,WE,Towers with Radar,116,86,133,0,335,0,0,98,0,98,116,86,231,0,433,216,0,216,649
10/26/2020,SNA,CA,AWP,WE,Towers with Radar,121,50,51,0,222,1,2,51,0,54,122,52,102,0,276,22,0,22,298
10/27/2020,SNA,CA,AWP,WE,Towers with Radar,104,44,63,0,211,0,0,122,0,122,104,44,185,0,333,162,0,162,495
10/28/2020,SNA,CA,AWP,WE,Towers with Radar,114,41,88,0,243,0,1,254,0,255,114,42,342,0,498,430,0,430,928
10/29/2020,SNA,CA,AWP,WE,Towers with Radar,121,67,83,0,271,0,2,266,1,269,121,69,349,1,540,370,0,370,910
10/30/2020,SNA,CA,AWP,WE,Towers with Radar,125,59,89,0,273,0,1,249,1,251,125,60,338,1,524,310,0,310,834
10/31/2020,SNA,CA,AWP,WE,Towers with Radar,100,36,82,0,218,0,1,201,0,202,100,37,283,0,420,226,0,226,646
11/01/2020,SNA,CA,AWP,WE,Towers with Radar,116,48,89,0,253,0,0,218,0,218,116,48,307,0,471,292,0,292,763
11/02/2020,SNA,CA,AWP,WE,Towers with Radar,123,45,86,0,254,0,0,176,0,176,123,45,262,0,430,296,0,296,726
11/03/2020,SNA,CA,AWP,WE,Towers with Radar,109,36,77,0,222,0,0,149,0,149,109,36,226,0,371,288,0,288,659
11/04/2020,SNA,CA,AWP,WE,Towers with Radar,127,45,84,2,258,0,0,229,3,232,127,45,313,5,490,456,0,456,946
11/05/2020,SNA,CA,AWP,WE,Towers with Radar,135,54,116,0,305,0,0,241,3,244,135,54,357,3,549,324,0,324,873
11/06/2020,SNA,CA,AWP,WE,Towers with Radar,135,60,121,0,316,0,0,132,0,132,135,60,253,0,448,230,0,230,678
11/07/2020,SNA,CA,AWP,WE,Towers with Radar,104,46,49,0,199,0,0,31,1,32,104,46,80,1,231,87,0,87,318
11/08/2020,SNA,CA,AWP,WE,Towers with Radar,136,71,98,0,305,0,0,72,0,72,136,71,170,0,377,114,0,114,491
11/09/2020,SNA,CA,AWP,WE,Towers with Radar,135,57,97,0,289,0,0,239,0,239,135,57,336,0,528,396,0,396,924
11/10/2020,SNA,CA,AWP,WE,Towers with Radar,121,41,104,0,266,0,0,254,0,254,121,41,358,0,520,282,0,282,802
11/11/2020,SNA,CA,AWP,WE,Towers with Radar,122,69,94,0,285,0,0,309,0,309,122,69,403,0,594,362,0,362,956
11/12/2020,SNA,CA,AWP,WE,Towers with Radar,136,59,93,0,288,0,0,274,2,276,136,59,367,2,564,444,0,444,1008
11/13/2020,SNA,CA,AWP,WE,Towers with Radar,138,68,94,4,304,0,1,241,0,242,138,69,335,4,546,338,0,338,884
11/14/2020,SNA,CA,AWP,WE,Towers with Radar,104,35,54,0,193,0,0,262,0,262,104,35,316,0,455,268,0,268,723
11/15/2020,SNA,CA,AWP,WE,Towers with Radar,133,61,99,0,293,0,0,249,0,249,133,61,348,0,542,244,0,244,786
11/16/2020,SNA,CA,AWP,WE,Towers with Radar,135,49,88,0,272,0,5,221,0,226,135,54,309,0,498,338,0,338,836
11/17/2020,SNA,CA,AWP,WE,Towers with Radar,128,42,93,0,263,0,4,210,1,215,128,46,303,1,478,288,0,288,766
11/18/2020,SNA,CA,AWP,WE,Towers with Radar,126,43,84,0,253,0,3,193,0,196,126,46,277,0,449,302,0,302,751
11/19/2020,SNA,CA,AWP,WE,Towers with Radar,139,66,105,1,311,0,0,224,0,224,139,66,329,1,535,392,0,392,927
11/20/2020,SNA,CA,AWP,WE,Towers with Radar,148,76,115,0,339,0,5,232,4,241,148,81,347,4,580,224,0,224,804
11/21/2020,SNA,CA,AWP,WE,Towers with Radar,132,73,96,0,301,0,1,229,0,230,132,74,325,0,531,212,0,212,743
11/22/2020,SNA,CA,AWP,WE,Towers with Radar,144,70,96,0,310,0,1,240,1,242,144,71,336,1,552,158,0,158,710
11/23/2020,SNA,CA,AWP,WE,Towers with Radar,125,45,71,0,241,22,8,128,0,158,147,53,199,0,399,12,0,12,411
11/24/2020,SNA,CA,AWP,WE,Towers with Radar,136,41,73,0,250,22,15,201,2,240,158,56,274,2,490,14,0,14,504
11/25/2020,SNA,CA,AWP,WE,Towers with Radar,152,61,99,1,313,4,3,143,0,150,156,64,242,1,463,8,0,8,471
11/26/2020,SNA,CA,AWP,WE,Towers with Radar,80,13,10,0,103,16,4,23,0,43,96,17,33,0,146,0,0,0,146
11/27/2020,SNA,CA,AWP,WE,Towers with Radar,117,27,49,0,193,8,2,84,0,94,125,29,133,0,287,0,0,0,287
11/28/2020,SNA,CA,AWP,WE,Towers with Radar,124,58,53,0,235,14,12,219,2,247,138,70,272,2,482,0,0,0,482
11/29/2020,SNA,CA,AWP,WE,Towers with Radar,136,68,122,0,326,22,9,259,0,290,158,77,381,0,616,4,0,4,620
11/30/2020,SNA,CA,AWP,WE,Towers with Radar,159,43,87,0,289,0,0,199,0,199,159,43,286,0,488,20,0,20,508
12/01/2020,SNA,CA,AWP,WE,Towers with Radar,143,53,67,0,263,0,2,252,0,254,143,55,319,0,517,268,0,268,785
12/02/2020,SNA,CA,AWP,WE,Towers with Radar,126,39,75,0,240,0,0,225,0,225,126,39,300,0,465,250,0,250,715
12/03/2020,SNA,CA,AWP,WE,Towers with Radar,132,41,66,1,240,0,0,62,1,63,132,41,128,2,303,24,0,24,327
12/04/2020,SNA,CA,AWP,WE,Towers with Radar,136,51,75,0,262,0,1,248,0,249,136,52,323,0,511,272,0,272,783
12/05/2020,SNA,CA,AWP,WE,Towers with Radar,109,24,64,0,197,0,0,255,0,255,109,24,319,0,452,352,0,352,804
12/06/2020,SNA,CA,AWP,WE,Towers with Radar,128,46,88,0,262,0,0,229,0,229,128,46,317,0,491,540,0,540,1031
12/07/2020,SNA,CA,AWP,WE,Towers with Radar,135,44,71,0,250,0,2,159,0,161,135,46,230,0,411,352,0,352,763
12/08/2020,SNA,CA,AWP,WE,Towers with Radar,123,37,52,0,212,0,1,145,0,146,123,38,197,0,358,190,0,190,548
12/09/2020,SNA,CA,AWP,WE,Towers with Radar,136,40,69,0,245,0,2,251,0,253,136,42,320,0,498,362,0,362,860
12/10/2020,SNA,CA,AWP,WE,Towers with Radar,130,54,94,0,278,0,0,141,0,141,130,54,235,0,419,432,0,432,851
12/11/2020,SNA,CA,AWP,WE,Towers with Radar,136,39,88,0,263,0,1,182,0,183,136,40,270,0,446,392,0,392,838
12/12/2020,SNA,CA,AWP,WE,Towers with Radar,108,34,65,0,207,0,6,110,0,116,108,40,175,0,323,368,0,368,691
12/13/2020,SNA,CA,AWP,WE,Towers with Radar,128,51,96,0,275,0,0,259,0,259,128,51,355,0,534,290,0,290,824
12/14/2020,SNA,CA,AWP,WE,Towers with Radar,133,36,72,0,241,0,0,151,0,151,133,36,223,0,392,314,0,314,706
12/15/2020,SNA,CA,AWP,WE,Towers with Radar,122,35,68,0,225,0,1,171,0,172,122,36,239,0,397,230,0,230,627
12/16/2020,SNA,CA,AWP,WE,Towers with Radar,127,46,79,0,252,0,0,227,0,227,127,46,306,0,479,314,0,314,793
12/17/2020,SNA,CA,AWP,WE,Towers with Radar,139,53,87,1,280,0,0,172,0,172,139,53,259,1,452,306,0,306,758
12/18/2020,SNA,CA,AWP,WE,Towers with Radar,141,78,100,0,319,0,1,237,5,243,141,79,337,5,562,270,0,270,832
12/19/2020,SNA,CA,AWP,WE,Towers with Radar,133,70,87,0,290,0,0,255,0,255,133,70,342,0,545,234,0,234,779
12/20/2020,SNA,CA,AWP,WE,Towers with Radar,129,45,80,0,254,15,5,223,0,243,144,50,303,0,497,6,0,6,503
12/21/2020,SNA,CA,AWP,WE,Towers with Radar,143,67,84,2,296,0,0,216,4,220,143,67,300,6,516,3,0,3,519
12/22/2020,SNA,CA,AWP,WE,Towers with Radar,144,63,72,0,279,0,0,220,1,221,144,63,292,1,500,22,0,22,522
12/23/2020,SNA,CA,AWP,WE,Towers with Radar,140,58,83,1,282,12,8,161,1,182,152,66,244,2,464,38,0,38,502
12/24/2020,SNA,CA,AWP,WE,Towers with Radar,107,26,47,0,180,2,3,92,0,97,109,29,139,0,277,8,0,8,285
12/25/2020,SNA,CA,AWP,WE,Towers with Radar,102,30,28,0,160,4,3,67,1,75,106,33,95,1,235,4,0,4,239
12/26/2020,SNA,CA,AWP,WE,Towers with Radar,133,68,111,0,312,0,1,240,0,241,133,69,351,0,553,0,0,0,553
12/27/2020,SNA,CA,AWP,WE,Towers with Radar,148,73,138,0,359,0,1,140,2,143,148,74,278,2,502,7,0,7,509
12/28/2020,SNA,CA,AWP,WE,Towers with Radar,143,61,88,0,292,0,0,14,0,14,143,61,102,0,306,0,0,0,306
12/29/2020,SNA,CA,AWP,WE,Towers with Radar,145,54,74,0,273,0,1,240,1,242,145,55,314,1,515,4,0,4,519
12/30/2020,SNA,CA,AWP,WE,Towers with Radar,118,24,40,2,184,28,21,130,0,179,146,45,170,2,363,0,0,0,363
12/31/2020,SNA,CA,AWP,WE,Towers with Radar,91,23,30,0,144,20,19,81,0,120,111,42,111,0,264,0,0,0,264
01/01/2021,SNA,CA,AWP,WE,Towers with Radar,96,26,14,0,136,20,17,47,0,84,116,43,61,0,220,0,0,0,220
01/02/2021,SNA,CA,AWP,WE,Towers with Radar,105,28,50,0,183,28,29,122,0,179,133,57,172,0,362,0,0,0,362
01/03/2021,SNA,CA,AWP,WE,Towers with Radar,148,80,130,0,358,0,0,212,16,228,148,80,342,16,586,10,0,10,596
01/04/2021,SNA,CA,AWP,WE,Towers with Radar,149,48,61,0,258,0,1,172,0,173,149,49,233,0,431,6,0,6,437
01/05/2021,SNA,CA,AWP,WE,Towers with Radar,139,39,65,0,243,0,0,134,0,134,139,39,199,0,377,4,0,4,381
01/06/2021,SNA,CA,AWP,WE,Towers with Radar,140,40,58,0,238,0,0,210,0,210,140,40,268,0,448,10,0,10,458
01/07/2021,SNA,CA,AWP,WE,Towers with Radar,156,56,91,0,303,0,1,193,0,194,156,57,284,0,497,24,0,24,521
01/08/2021,SNA,CA,AWP,WE,Towers with Radar,147,51,50,0,248,0,3,181,1,185,147,54,231,1,433,27,0,27,460
01/09/2021,SNA,CA,AWP,WE,Towers with Radar,107,45,67,0,219,0,3,218,0,221,107,48,285,0,440,14,0,14,454
01/10/2021,SNA,CA,AWP,WE,Towers with Radar,142,60,77,0,279,0,0,270,0,270,142,60,347,0,549,6,0,6,555
01/11/2021,SNA,CA,AWP,WE,Towers with Radar,149,41,50,0,240,0,1,226,0,227,149,42,276,0,467,18,0,18,485
01/12/2021,SNA,CA,AWP,WE,Towers with Radar,139,43,60,0,242,0,0,227,1,228,139,43,287,1,470,28,0,28,498
01/13/2021,SNA,CA,AWP,WE,Towers with Radar,138,48,78,0,264,0,0,220,0,220,138,48,298,0,484,336,0,336,820
01/14/2021,SNA,CA,AWP,WE,Towers with Radar,156,58,84,0,298,0,2,225,0,227,156,60,309,0,525,292,0,292,817
01/15/2021,SNA,CA,AWP,WE,Towers with Radar,147,51,70,0,268,0,2,217,2,221,147,53,287,2,489,272,0,272,761
01/16/2021,SNA,CA,AWP,WE,Towers with Radar,107,29,65,0,201,0,0,233,0,233,107,29,298,0,434,222,0,222,656
01/17/2021,SNA,CA,AWP,WE,Towers with Radar,144,37,67,0,248,0,1,214,0,215,144,38,281,0,463,315,0,315,778
01/18/2021,SNA,CA,AWP,WE,Towers with Radar,146,61,86,2,295,0,4,212,1,217,146,65,298,3,512,320,0,320,832
01/19/2021,SNA,CA,AWP,WE,Towers with Radar,138,36,48,0,222,0,1,34,0,35,138,37,82,0,257,48,0,48,305
01/20/2021,SNA,CA,AWP,WE,Towers with Radar,134,45,56,0,235,0,0,47,0,47,134,45,103,0,282,166,0,166,448
01/21/2021,SNA,CA,AWP,WE,Towers with Radar,150,53,98,0,301,0,0,281,1,282,150,53,379,1,583,414,0,414,997
01/22/2021,SNA,CA,AWP,WE,Towers with Radar,148,58,123,2,331,0,2,139,0,141,148,60,262,2,472,374,0,374,846
01/23/2021,SNA,CA,AWP,WE,Towers with Radar,102,34,51,0,187,0,0,35,0,35,102,34,86,0,222,108,0,108,330
01/24/2021,SNA,CA,AWP,WE,Towers with Radar,146,59,98,0,303,0,1,193,1,195,146,60,291,1,498,566,0,566,1064
01/25/2021,SNA,CA,AWP,WE,Towers with Radar,151,35,41,0,227,0,0,20,0,20,151,35,61,0,247,4,0,4,251
01/26/2021,SNA,CA,AWP,WE,Towers with Radar,139,21,82,0,242,0,2,270,4,276,139,23,352,4,518,474,0,474,992
01/27/2021,SNA,CA,AWP,WE,Towers with Radar,136,42,90,1,269,0,0,220,1,221,136,42,310,2,490,556,0,556,1046
01/28/2021,SNA,CA,AWP,WE,Towers with Radar,147,42,82,0,271,0,0,156,0,156,147,42,238,0,427,314,0,314,741
01/29/2021,SNA,CA,AWP,WE,Towers with Radar,151,49,75,0,275,1,0,39,1,41,152,49,114,1,316,104,0,104,420
01/30/2021,SNA,CA,AWP,WE,Towers with Radar,100,37,68,0,205,0,0,361,2,363,100,37,429,2,568,482,0,482,1050
01/31/2021,SNA,CA,AWP,WE,Towers with Radar,144,79,106,0,329,0,0,198,0,198,144,79,304,0,527,438,0,438,965
02/01/2021,SNA,CA,AWP,WE,Towers with Radar,143,42,68,0,253,0,0,141,0,141,143,42,209,0,394,462,0,462,856
02/02/2021,SNA,CA,AWP,WE,Towers with Radar,132,29,86,0,247,0,0,185,1,186,132,29,271,1,433,424,0,424,857
02/03/2021,SNA,CA,AWP,WE,Towers with Radar,133,38,84,0,255,0,0,103,0,103,133,38,187,0,358,236,0,236,594
02/04/2021,SNA,CA,AWP,WE,Towers with Radar,143,66,91,0,300,0,0,226,2,228,143,66,317,2,528,492,0,492,1020
02/05/2021,SNA,CA,AWP,WE,Towers with Radar,148,38,84,0,270,0,0,269,0,269,148,38,353,0,539,416,0,416,955
02/06/2021,SNA,CA,AWP,WE,Towers with Radar,113,51,100,0,264,0,2,235,1,238,113,53,335,1,502,130,0,130,632
02/07/2021,SNA,CA,AWP,WE,Towers with Radar,143,44,72,0,259,1,0,111,0,112,144,44,183,0,371,356,0,356,727
02/08/2021,SNA,CA,AWP,WE,Towers with Radar,148,58,109,0,315,0,0,98,1,99,148,58,207,1,414,328,0,328,742
02/09/2021,SNA,CA,AWP,WE,Towers with Radar,135,42,70,0,247,0,0,80,0,80,135,42,150,0,327,582,0,582,909
02/10/2021,SNA,CA,AWP,WE,Towers with Radar,134,45,142,0,321,0,0,170,0,170,134,45,312,0,491,448,0,448,939
02/11/2021,SNA,CA,AWP,WE,Towers with Radar,149,83,126,0,358,0,1,188,0,189,149,84,314,0,547,476,0,476,1023
02/12/2021,SNA,CA,AWP,WE,Towers with Radar,157,73,120,0,350,0,3,120,2,125,157,76,240,2,475,222,0,222,697
02/13/2021,SNA,CA,AWP,WE,Towers with Radar,80,59,94,0,233,0,0,125,0,125,80,59,219,0,358,498,0,498,856
02/14/2021,SNA,CA,AWP,WE,Towers with Radar,109,69,87,0,265,0,1,221,2,224,109,70,308,2,489,274,0,274,763
02/15/2021,SNA,CA,AWP,WE,Towers with Radar,128,81,111,0,320,0,1,189,0,190,128,82,300,0,510,392,0,392,902
02/16/2021,SNA,CA,AWP,WE,Towers with Radar,125,47,74,0,246,0,1,145,2,148,125,48,219,2,394,412,0,412,806
02/17/2021,SNA,CA,AWP,WE,Towers with Radar,116,54,107,0,277,0,0,234,5,239,116,54,341,5,516,374,0,374,890
02/18/2021,SNA,CA,AWP,WE,Towers with Radar,140,59,91,0,290,1,1,208,3,213,141,60,299,3,503,330,0,330,833
02/19/2021,SNA,CA,AWP,WE,Towers with Radar,146,66,104,0,316,0,1,279,1,281,146,67,383,1,597,506,0,506,1103
02/20/2021,SNA,CA,AWP,WE,Towers with Radar,100,54,77,0,231,0,0,154,2,156,100,54,231,2,387,182,0,182,569
02/21/2021,SNA,CA,AWP,WE,Towers with Radar,147,92,111,0,350,0,1,177,0,178,147,93,288,0,528,370,0,370,898
02/22/2021,SNA,CA,AWP,WE,Towers with Radar,156,59,62,0,277,0,0,200,1,201,156,59,262,1,478,418,0,418,896
02/23/2021,SNA,CA,AWP,WE,Towers with Radar,135,53,67,0,255,0,2,229,1,232,135,55,296,1,487,466,0,466,953
02/24/2021,SNA,CA,AWP,WE,Towers with Radar,137,59,107,0,303,0,2,220,1,223,137,61,327,1,526,434,0,434,960
02/25/2021,SNA,CA,AWP,WE,Towers with Radar,149,68,99,0,316,0,0,161,0,161,149,68,260,0,477,208,0,208,685
02/26/2021,SNA,CA,AWP,WE,Towers with Radar,158,56,129,0,343,0,0,280,1,281,158,56,409,1,624,352,0,352,976
02/27/2021,SNA,CA,AWP,WE,Towers with Radar,100,48,65,0,213,0,1,234,0,235,100,49,299,0,448,274,0,274,722
02/28/2021,SNA,CA,AWP,WE,Towers with Radar,149,76,98,0,323,0,1,113,0,114,149,77,211,0,437,122,0,122,559
03/01/2021,SNA,CA,AWP,WE,Towers with Radar,154,63,91,0,308,0,0,235,0,235,154,63,326,0,543,220,0,220,763
03/02/2021,SNA,CA,AWP,WE,Towers with Radar,133,55,91,0,279,0,1,246,2,249,133,56,337,2,528,462,0,462,990
03/03/2021,SNA,CA,AWP,WE,Towers with Radar,134,52,87,0,273,0,0,44,0,44,134,52,131,0,317,138,0,138,455
03/04/2021,SNA,CA,AWP,WE,Towers with Radar,165,72,125,0,362,0,0,251,0,251,165,72,376,0,613,316,0,316,929
03/05/2021,SNA,CA,AWP,WE,Towers with Radar,166,68,105,2,341,0,1,291,0,292,166,69,396,2,633,418,0,418,1051
03/06/2021,SNA,CA,AWP,WE,Towers with Radar,108,50,78,0,236,0,0,243,1,244,108,50,321,1,480,286,0,286,766
03/07/2021,SNA,CA,AWP,WE,Towers with Radar,162,73,149,0,384,0,2,147,2,151,162,75,296,2,535,292,0,292,827
03/08/2021,SNA,CA,AWP,WE,Towers with Radar,169,57,100,0,326,0,2,148,4,154,169,59,248,4,480,518,0,518,998
03/09/2021,SNA,CA,AWP,WE,Towers with Radar,148,51,91,0,290,0,0,128,1,129,148,51,219,1,419,190,0,190,609
03/10/2021,SNA,CA,AWP,WE,Towers with Radar,150,42,109,0,301,0,1,81,1,83,150,43,190,1,384,160,0,160,544
03/11/2021,SNA,CA,AWP,WE,Towers with Radar,206,76,97,0,379,0,2,147,0,149,206,78,244,0,528,302,0,302,830
03/12/2021,SNA,CA,AWP,WE,Towers with Radar,200,70,102,0,372,0,0,189,0,189,200,70,291,0,561,338,0,338,899
03/13/2021,SNA,CA,AWP,WE,Towers with Radar,123,39,70,0,232,0,2,194,0,196,123,41,264,0,428,422,0,422,850
03/14/2021,SNA,CA,AWP,WE,Towers with Radar,173,67,136,0,376,0,0,135,0,135,173,67,271,0,511,216,0,216,727
03/15/2021,SNA,CA,AWP,WE,Towers with Radar,186,70,72,0,328,0,0,32,0,32,186,70,104,0,360,22,0,22,382
03/16/2021,SNA,CA,AWP,WE,Towers with Radar,178,61,107,0,346,0,0,255,0,255,178,61,362,0,601,372,0,372,973
03/17/2021,SNA,CA,AWP,WE,Towers with Radar,169,81,120,0,370,0,1,297,1,299,169,82,417,1,669,396,0,396,1065
03/18/2021,SNA,CA,AWP,WE,Towers with Radar,206,64,128,2,400,0,3,243,3,249,206,67,371,5,649,308,0,308,957
03/19/2021,SNA,CA,AWP,WE,Towers with Radar,207,58,118,1,384,0,0,254,0,254,207,58,372,1,638,382,0,382,1020
03/20/2021,SNA,CA,AWP,WE,Towers with Radar,146,51,98,0,295,0,0,170,4,174,146,51,268,4,469,488,0,488,957
03/21/2021,SNA,CA,AWP,WE,Towers with Radar,205,90,141,0,436,0,0,244,0,244,205,90,385,0,680,386,0,386,1066
03/22/2021,SNA,CA,AWP,WE,Towers with Radar,204,72,96,0,372,0,2,225,0,227,204,74,321,0,599,328,0,328,927
03/23/2021,SNA,CA,AWP,WE,Towers with Radar,187,59,83,0,329,0,0,139,6,145,187,59,222,6,474,296,0,296,770
03/24/2021,SNA,CA,AWP,WE,Towers with Radar,186,75,104,0,365,0,0,232,0,232,186,75,336,0,597,246,0,246,843
03/25/2021,SNA,CA,AWP,WE,Towers with Radar,208,75,118,0,401,0,0,82,0,82,208,75,200,0,483,256,0,256,739
03/26/2021,SNA,CA,AWP,WE,Towers with Radar,215,77,128,0,420,0,0,274,0,274,215,77,402,0,694,434,0,434,1128
03/27/2021,SNA,CA,AWP,WE,Towers with Radar,144,69,62,0,275,0,0,268,0,268,144,69,330,0,543,354,0,354,897
03/28/2021,SNA,CA,AWP,WE,Towers with Radar,196,85,119,1,401,1,1,262,0,264,197,86,381,1,665,390,0,390,1055
03/29/2021,SNA,CA,AWP,WE,Towers with Radar,203,64,104,2,373,0,1,230,1,232,203,65,334,3,605,386,0,386,991
03/30/2021,SNA,CA,AWP,WE,Towers with Radar,193,50,78,0,321,0,1,220,0,221,193,51,298,0,542,340,0,340,882
03/31/2021,SNA,CA,AWP,WE,Towers with Radar,189,54,99,0,342,0,1,233,1,235,189,55,332,1,577,346,0,346,923
04/01/2021,SNA,CA,AWP,WE,Towers with Radar,213,66,131,0,410,1,2,232,0,235,214,68,363,0,645,512,0,512,1157
04/02/2021,SNA,CA,AWP,WE,Towers with Radar,211,82,132,0,425,0,0,241,0,241,211,82,373,0,666,350,0,350,1016
04/03/2021,SNA,CA,AWP,WE,Towers with Radar,148,66,95,0,309,0,1,198,3,202,148,67,293,3,511,380,0,380,891
04/04/2021,SNA,CA,AWP,WE,Towers with Radar,195,50,95,0,340,0,1,145,0,146,195,51,240,0,486,199,0,199,685
04/05/2021,SNA,CA,AWP,WE,Towers with Radar,213,74,122,0,409,0,0,223,0,223,213,74,345,0,632,290,0,290,922
04/06/2021,SNA,CA,AWP,WE,Towers with Radar,182,66,103,0,351,0,1,164,0,165,182,67,267,0,516,400,0,400,916
04/07/2021,SNA,CA,AWP,WE,Towers with Radar,185,63,129,0,377,0,0,252,0,252,185,63,381,0,629,84,0,84,713
04/08/2021,SNA,CA,AWP,WE,Towers with Radar,211,63,100,0,374,0,1,249,0,250,211,64,349,0,624,360,0,360,984
04/09/2021,SNA,CA,AWP,WE,Towers with Radar,210,79,101,0,390,0,1,241,0,242,210,80,342,0,632,392,0,392,1024
04/10/2021,SNA,CA,AWP,WE,Towers with Radar,148,83,113,0,344,0,0,236,0,236,148,83,349,0,580,338,0,338,918
04/11/2021,SNA,CA,AWP,WE,Towers with Radar,204,88,151,0,443,0,0,197,0,197,204,88,348,0,640,342,0,342,982
04/12/2021,SNA,CA,AWP,WE,Towers with Radar,197,73,128,2,400,0,0,98,0,98,197,73,226,2,498,408,0,408,906
04/13/2021,SNA,CA,AWP,WE,Towers with Radar,165,61,119,0,345,1,0,114,1,116,166,61,233,1,461,486,0,486,947
04/14/2021,SNA,CA,AWP,WE,Towers with Radar,168,64,153,0,385,0,0,190,1,191,168,64,343,1,576,454,0,454,1030
04/15/2021,SNA,CA,AWP,WE,Towers with Radar,192,90,119,0,401,0,0,219,2,221,192,90,338,2,622,404,0,404,1026
04/16/2021,SNA,CA,AWP,WE,Towers with Radar,192,96,106,1,395,0,2,286,4,292,192,98,392,5,687,474,0,474,1161
04/17/2021,SNA,CA,AWP,WE,Towers with Radar,147,48,93,0,288,0,0,239,2,241,147,48,332,2,529,292,0,292,821
04/18/2021,SNA,CA,AWP,WE,Towers with Radar,186,76,95,0,357,0,1,123,2,126,186,77,218,2,483,62,0,62,545
04/19/2021,SNA,CA,AWP,WE,Towers with Radar,192,51,97,1,341,0,0,253,1,254,192,51,350,2,595,524,0,524,1119
04/20/2021,SNA,CA,AWP,WE,Towers with Radar,166,61,95,0,322,0,1,186,0,187,166,62,281,0,509,312,0,312,821
04/21/2021,SNA,CA,AWP,WE,Towers with Radar,168,67,127,1,363,0,0,118,2,120,168,67,245,3,483,534,0,534,1017
04/22/2021,SNA,CA,AWP,WE,Towers with Radar,192,66,124,0,382,0,0,95,1,96,192,66,219,1,478,784,0,784,1262
04/23/2021,SNA,CA,AWP,WE,Towers with Radar,191,74,145,0,410,0,0,178,0,178,191,74,323,0,588,516,0,516,1104
04/24/2021,SNA,CA,AWP,WE,Towers with Radar,148,47,102,0,297,0,0,174,0,174,148,47,276,0,471,530,0,530,1001
04/25/2021,SNA,CA,AWP,WE,Towers with Radar,180,81,146,0,407,0,0,171,0,171,180,81,317,0,578,128,0,128,706
04/26/2021,SNA,CA,AWP,WE,Towers with Radar,193,58,84,0,335,0,0,107,0,107,193,58,191,0,442,388,0,388,830
04/27/2021,SNA,CA,AWP,WE,Towers with Radar,166,46,103,2,317,0,0,231,0,231,166,46,334,2,548,414,0,414,962
04/28/2021,SNA,CA,AWP,WE,Towers with Radar,167,35,103,1,306,0,0,229,1,230,167,35,332,2,536,380,0,380,916
04/29/2021,SNA,CA,AWP,WE,Towers with Radar,194,76,132,0,402,0,3,254,1,258,194,79,386,1,660,436,0,436,1096
04/30/2021,SNA,CA,AWP,WE,Towers with Radar,190,70,129,0,389,0,2,302,1,305,190,72,431,1,694,356,0,356,1050
05/01/2021,SNA,CA,AWP,WE,Towers with Radar,146,48,103,0,297,0,0,187,0,187,146,48,290,0,484,294,0,294,778
05/02/2021,SNA,CA,AWP,WE,Towers with Radar,184,80,132,1,397,0,0,132,4,136,184,80,264,5,533,248,0,248,781
05/03/2021,SNA,CA,AWP,WE,Towers with Radar,192,69,98,0,359,0,2,209,2,213,192,71,307,2,572,424,0,424,996
05/04/2021,SNA,CA,AWP,WE,Towers with Radar,168,61,96,0,325,0,1,203,2,206,168,62,299,2,531,404,0,404,935
05/05/2021,SNA,CA,AWP,WE,Towers with Radar,170,67,128,0,365,0,1,232,4,237,170,68,360,4,602,412,0,412,1014
05/06/2021,SNA,CA,AWP,WE,Towers with Radar,199,82,108,0,389,0,1,179,4,184,199,83,287,4,573,618,0,618,1191
05/07/2021,SNA,CA,AWP,WE,Towers with Radar,194,79,125,2,400,0,0,174,2,176,194,79,299,4,576,542,0,542,1118
05/08/2021,SNA,CA,AWP,WE,Towers with Radar,149,45,102,0,296,0,0,223,2,225,149,45,325,2,521,474,0,474,995
05/09/2021,SNA,CA,AWP,WE,Towers with Radar,189,71,114,0,374,0,0,93,0,93,189,71,207,0,467,228,0,228,695
05/10/2021,SNA,CA,AWP,WE,Towers with Radar,196,67,129,1,393,0,3,174,0,177,196,70,303,1,570,454,0,454,1024
05/11/2021,SNA,CA,AWP,WE,Towers with Radar,174,47,124,2,347,0,3,151,7,161,174,50,275,9,508,418,0,418,926
05/12/2021,SNA,CA,AWP,WE,Towers with Radar,182,70,109,0,361,0,0,194,0,194,182,70,303,0,555,444,0,444,999
05/13/2021,SNA,CA,AWP,WE,Towers with Radar,200,102,134,0,436,0,0,92,0,92,200,102,226,0,528,458,0,458,986
05/14/2021,SNA,CA,AWP,WE,Towers with Radar,196,76,156,0,428,0,1,263,0,264,196,77,419,0,692,420,0,420,1112
05/15/2021,SNA,CA,AWP,WE,Towers with Radar,149,56,117,0,322,0,0,128,0,128,149,56,245,0,450,394,0,394,844
05/16/2021,SNA,CA,AWP,WE,Towers with Radar,187,114,197,0,498,0,1,67,3,71,187,115,264,3,569,254,0,254,823
05/17/2021,SNA,CA,AWP,WE,Towers with Radar,198,66,130,0,394,0,0,66,0,66,198,66,196,0,460,266,0,266,726
05/18/2021,SNA,CA,AWP,WE,Towers with Radar,179,71,89,2,341,0,0,185,1,186,179,71,274,3,527,368,0,368,895
05/19/2021,SNA,CA,AWP,WE,Towers with Radar,183,67,135,0,385,0,1,183,0,184,183,68,318,0,569,386,0,386,955
05/20/2021,SNA,CA,AWP,WE,Towers with Radar,203,85,103,0,391,0,0,169,0,169,203,85,272,0,560,316,0,316,876
05/21/2021,SNA,CA,AWP,WE,Towers with Radar,202,90,118,1,411,1,0,235,1,237,203,90,353,2,648,352,0,352,1000
05/22/2021,SNA,CA,AWP,WE,Towers with Radar,153,49,92,0,294,0,1,224,2,227,153,50,316,2,521,346,0,346,867
05/23/2021,SNA,CA,AWP,WE,Towers with Radar,198,90,117,0,405,0,4,259,0,263,198,94,376,0,668,250,0,250,918
05/24/2021,SNA,CA,AWP,WE,Towers with Radar,199,76,99,1,375,0,1,243,0,244,199,77,342,1,619,276,0,276,895
05/25/2021,SNA,CA,AWP,WE,Towers with Radar,183,65,97,0,345,0,3,236,0,239,183,68,333,0,584,292,0,292,876
05/26/2021,SNA,CA,AWP,WE,Towers with Radar,185,68,108,2,363,0,0,209,4,213,185,68,317,6,576,344,0,344,920
05/27/2021,SNA,CA,AWP,WE,Towers with Radar,205,100,125,0,430,0,1,262,0,263,205,101,387,0,693,470,0,470,1163
05/28/2021,SNA,CA,AWP,WE,Towers with Radar,200,100,162,0,462,0,4,276,0,280,200,104,438,0,742,598,0,598,1340
05/29/2021,SNA,CA,AWP,WE,Towers with Radar,151,65,126,0,342,0,1,138,1,140,151,66,264,1,482,418,0,418,900
05/30/2021,SNA,CA,AWP,WE,Towers with Radar,188,43,80,0,311,0,0,148,0,148,188,43,228,0,459,388,0,388,847
05/31/2021,SNA,CA,AWP,WE,Towers with Radar,197,112,162,0,471,0,0,193,0,193,197,112,355,0,664,430,0,430,1094
06/01/2021,SNA,CA,AWP,WE,Towers with Radar,181,70,135,1,387,0,0,143,4,147,181,70,278,5,534,396,0,396,930
06/02/2021,SNA,CA,AWP,WE,Towers with Radar,185,60,128,1,374,0,0,162,0,162,185,60,290,1,536,332,0,332,868
06/03/2021,SNA,CA,AWP,WE,Towers with Radar,205,90,125,0,420,0,0,178,3,181,205,90,303,3,601,520,0,520,1121
06/04/2021,SNA,CA,AWP,WE,Towers with Radar,205,78,158,0,441,0,0,240,2,242,205,78,398,2,683,410,0,410,1093
06/05/2021,SNA,CA,AWP,WE,Towers with Radar,158,59,103,0,320,0,0,233,0,233,158,59,336,0,553,556,0,556,1109
06/06/2021,SNA,CA,AWP,WE,Towers with Radar,228,98,113,0,439,0,1,186,1,188,228,99,299,1,627,302,0,302,929
06/07/2021,SNA,CA,AWP,WE,Towers with Radar,238,68,143,0,449,0,2,76,0,78,238,70,219,0,527,318,0,318,845
06/08/2021,SNA,CA,AWP,WE,Towers with Radar,214,56,110,0,380,0,1,255,0,256,214,57,365,0,636,426,0,426,1062
06/09/2021,SNA,CA,AWP,WE,Towers with Radar,224,73,120,0,417,0,0,314,0,314,224,73,434,0,731,480,0,480,1211
06/10/2021,SNA,CA,AWP,WE,Towers with Radar,241,88,118,0,447,0,1,295,1,297,241,89,413,1,744,590,0,590,1334
06/11/2021,SNA,CA,AWP,WE,Towers with Radar,243,102,141,0,486,0,1,237,0,238,243,103,378,0,724,450,0,450,1174
06/12/2021,SNA,CA,AWP,WE,Towers with Radar,174,67,100,0,341,0,2,271,1,274,174,69,371,1,615,393,0,393,1008
06/13/2021,SNA,CA,AWP,WE,Towers with Radar,229,116,123,0,468,0,1,201,0,202,229,117,324,0,670,304,0,304,974
06/14/2021,SNA,CA,AWP,WE,Towers with Radar,233,85,129,0,447,0,0,239,0,239,233,85,368,0,686,368,0,368,1054
06/15/2021,SNA,CA,AWP,WE,Towers with Radar,207,62,105,0,374,0,1,222,0,223,207,63,327,0,597,458,0,458,1055
06/16/2021,SNA,CA,AWP,WE,Towers with Radar,219,75,115,0,409,0,0,216,0,216,219,75,331,0,625,534,0,534,1159
06/17/2021,SNA,CA,AWP,WE,Towers with Radar,236,110,135,0,481,0,0,219,0,219,236,110,354,0,700,430,0,430,1130
06/18/2021,SNA,CA,AWP,WE,Towers with Radar,240,101,159,0,500,0,1,183,0,184,240,102,342,0,684,236,0,236,920
06/19/2021,SNA,CA,AWP,WE,Towers with Radar,168,94,84,0,346,0,1,165,2,168,168,95,249,2,514,334,0,334,848
06/20/2021,SNA,CA,AWP,WE,Towers with Radar,222,98,139,0,459,0,0,169,0,169,222,98,308,0,628,238,0,238,866
06/21/2021,SNA,CA,AWP,WE,Towers with Radar,239,99,127,0,465,0,0,211,0,211,239,99,338,0,676,468,0,468,1144
06/22/2021,SNA,CA,AWP,WE,Towers with Radar,226,69,105,0,400,0,0,208,0,208,226,69,313,0,608,510,0,510,1118
06/23/2021,SNA,CA,AWP,WE,Towers with Radar,229,83,155,0,467,0,1,237,0,238,229,84,392,0,705,549,0,549,1254
06/24/2021,SNA,CA,AWP,WE,Towers with Radar,234,93,130,0,457,0,0,244,0,244,234,93,374,0,701,264,0,264,965
06/25/2021,SNA,CA,AWP,WE,Towers with Radar,234,109,150,0,493,0,0,295,1,296,234,109,445,1,789,507,0,507,1296
06/26/2021,SNA,CA,AWP,WE,Towers with Radar,170,52,125,0,347,0,0,222,0,222,170,52,347,0,569,207,0,207,776
06/27/2021,SNA,CA,AWP,WE,Towers with Radar,225,103,138,0,466,0,0,208,0,208,225,103,346,0,674,280,0,280,954
06/28/2021,SNA,CA,AWP,WE,Towers with Radar,239,87,127,0,453,0,0,179,1,180,239,87,306,1,633,434,0,434,1067
06/29/2021,SNA,CA,AWP,WE,Towers with Radar,219,52,143,0,414,0,1,113,1,115,219,53,256,1,529,398,0,398,927
06/30/2021,SNA,CA,AWP,WE,Towers with Radar,228,94,168,2,492,0,0,187,1,188,228,94,355,3,680,356,0,356,1036
07/01/2021,SNA,CA,AWP,WE,Towers with Radar,252,118,166,0,536,0,0,236,0,236,252,118,402,0,772,654,0,654,1426
07/02/2021,SNA,CA,AWP,WE,Towers with Radar,253,103,157,0,513,0,2,258,1,261,253,105,415,1,774,452,0,452,1226
07/03/2021,SNA,CA,AWP,WE,Towers with Radar,183,54,92,0,329,0,0,170,0,170,183,54,262,0,499,334,0,334,833
07/04/2021,SNA,CA,AWP,WE,Towers with Radar,224,38,50,0,312,0,0,103,0,103,224,38,153,0,415,70,0,70,485
07/05/2021,SNA,CA,AWP,WE,Towers with Radar,248,92,179,0,519,0,0,225,0,225,248,92,404,0,744,236,0,236,980
07/06/2021,SNA,CA,AWP,WE,Towers with Radar,239,90,152,0,481,0,1,216,0,217,239,91,368,0,698,502,0,502,1200
07/07/2021,SNA,CA,AWP,WE,Towers with Radar,241,81,104,2,428,0,0,242,1,243,241,81,346,3,671,542,0,542,1213
07/08/2021,SNA,CA,AWP,WE,Towers with Radar,257,80,131,0,468,0,2,224,0,226,257,82,355,0,694,624,0,624,1318
07/09/2021,SNA,CA,AWP,WE,Towers with Radar,255,116,122,0,493,0,1,315,0,316,255,117,437,0,809,472,0,472,1281
07/10/2021,SNA,CA,AWP,WE,Towers with Radar,192,93,122,0,407,0,1,286,2,289,192,94,408,2,696,364,0,364,1060
07/11/2021,SNA,CA,AWP,WE,Towers with Radar,244,108,158,0,510,0,0,233,0,233,244,108,391,0,743,288,0,288,1031
07/12/2021,SNA,CA,AWP,WE,Towers with Radar,257,97,134,1,489,0,0,165,1,166,257,97,299,2,655,574,0,574,1229
07/13/2021,SNA,CA,AWP,WE,Towers with Radar,237,62,104,0,403,0,0,242,1,243,237,62,346,1,646,630,0,630,1276
07/14/2021,SNA,CA,AWP,WE,Towers with Radar,244,66,133,1,444,0,0,226,1,227,244,66,359,2,671,476,0,476,1147
07/15/2021,SNA,CA,AWP,WE,Towers with Radar,261,93,147,0,501,0,0,247,0,247,261,93,394,0,748,626,0,626,1374
07/16/2021,SNA,CA,AWP,WE,Towers with Radar,254,88,132,0,474,0,2,272,0,274,254,90,404,0,748,596,0,596,1344
07/17/2021,SNA,CA,AWP,WE,Towers with Radar,186,85,99,0,370,0,2,220,2,224,186,87,319,2,594,360,0,360,954
07/18/2021,SNA,CA,AWP,WE,Towers with Radar,244,113,182,0,539,0,0,214,1,215,244,113,396,1,754,264,0,264,1018
07/19/2021,SNA,CA,AWP,WE,Towers with Radar,258,92,109,0,459,0,0,226,1,227,258,92,335,1,686,350,0,350,1036
07/20/2021,SNA,CA,AWP,WE,Towers with Radar,242,67,116,0,425,0,0,239,1,240,242,67,355,1,665,568,0,568,1233
07/21/2021,SNA,CA,AWP,WE,Towers with Radar,245,79,108,0,432,0,2,249,0,251,245,81,357,0,683,444,0,444,1127
07/22/2021,SNA,CA,AWP,WE,Towers with Radar,250,103,121,0,474,0,0,221,0,221,250,103,342,0,695,470,0,470,1165
07/23/2021,SNA,CA,AWP,WE,Towers with Radar,255,81,139,0,475,0,0,183,0,183,255,81,322,0,658,461,0,461,1119
07/24/2021,SNA,CA,AWP,WE,Towers with Radar,185,60,115,0,360,0,7,166,0,173,185,67,281,0,533,434,0,434,967
07/25/2021,SNA,CA,AWP,WE,Towers with Radar,236,87,147,0,470,0,0,178,2,180,236,87,325,2,650,342,0,342,992
07/26/2021,SNA,CA,AWP,WE,Towers with Radar,256,87,124,0,467,0,0,82,0,82,256,87,206,0,549,442,0,442,991
07/27/2021,SNA,CA,AWP,WE,Towers with Radar,244,58,106,0,408,0,6,198,1,205,244,64,304,1,613,428,0,428,1041
07/28/2021,SNA,CA,AWP,WE,Towers with Radar,246,62,100,0,408,0,0,250,0,250,246,62,350,0,658,426,2,428,1086
07/29/2021,SNA,CA,AWP,WE,Towers with Radar,247,109,99,0,455,0,2,217,1,220,247,111,316,1,675,372,0,372,1047
07/30/2021,SNA,CA,AWP,WE,Towers with Radar,258,76,121,2,457,0,1,267,1,269,258,77,388,3,726,490,0,490,1216
07/31/2021,SNA,CA,AWP,WE,Towers with Radar,187,78,111,0,376,0,0,187,6,193,187,78,298,6,569,218,0,218,787
08/01/2021,SNA,CA,AWP,WE,Towers with Radar,229,83,124,3,439,0,0,234,0,234,229,83,358,3,673,240,0,240,913
08/02/2021,SNA,CA,AWP,WE,Towers with Radar,249,83,118,0,450,0,0,258,1,259,249,83,376,1,709,262,0,262,971
08/03/2021,SNA,CA,AWP,WE,Towers with Radar,227,60,67,0,354,0,1,218,0,219,227,61,285,0,573,330,0,330,903
08/04/2021,SNA,CA,AWP,WE,Towers with Radar,239,68,117,0,424,0,2,259,0,261,239,70,376,0,685,376,0,376,1061
08/05/2021,SNA,CA,AWP,WE,Towers with Radar,252,91,147,0,490,0,1,262,0,263,252,92,409,0,753,426,0,426,1179
08/06/2021,SNA,CA,AWP,WE,Towers with Radar,253,99,147,1,500,0,1,241,0,242,253,100,388,1,742,385,0,385,1127
08/07/2021,SNA,CA,AWP,WE,Towers with Radar,192,62,97,1,352,0,3,207,1,211,192,65,304,2,563,372,0,372,935
08/08/2021,SNA,CA,AWP,WE,Towers with Radar,237,103,155,0,495,0,1,176,0,177,237,104,331,0,672,416,0,416,1088
08/09/2021,SNA,CA,AWP,WE,Towers with Radar,256,88,109,0,453,0,1,211,0,212,256,89,320,0,665,448,0,448,1113
08/10/2021,SNA,CA,AWP,WE,Towers with Radar,245,80,104,0,429,0,1,233,0,234,245,81,337,0,663,516,0,516,1179
08/11/2021,SNA,CA,AWP,WE,Towers with Radar,249,74,117,0,440,0,1,240,3,244,249,75,357,3,684,336,0,336,1020
08/12/2021,SNA,CA,AWP,WE,Towers with Radar,259,88,133,0,480,0,1,253,0,254,259,89,386,0,734,384,0,384,1118
08/13/2021,SNA,CA,AWP,WE,Towers with Radar,251,86,112,0,449,0,0,236,4,240,251,86,348,4,689,468,0,468,1157
08/14/2021,SNA,CA,AWP,WE,Towers with Radar,186,61,99,1,347,0,0,240,1,241,186,61,339,2,588,312,0,312,900
08/15/2021,SNA,CA,AWP,WE,Towers with Radar,231,110,150,1,492,0,2,203,0,205,231,112,353,1,697,336,0,336,1033
08/16/2021,SNA,CA,AWP,WE,Towers with Radar,250,106,114,2,472,0,0,179,0,179,250,106,293,2,651,414,0,414,1065
08/17/2021,SNA,CA,AWP,WE,Towers with Radar,231,80,122,0,433,0,2,207,0,209,231,82,329,0,642,476,0,476,1118
08/18/2021,SNA,CA,AWP,WE,Towers with Radar,238,75,145,0,458,0,0,83,0,83,238,75,228,0,541,498,0,498,1039
08/19/2021,SNA,CA,AWP,WE,Towers with Radar,244,99,125,0,468,0,6,197,0,203,244,105,322,0,671,402,0,402,1073
08/20/2021,SNA,CA,AWP,WE,Towers with Radar,246,97,138,0,481,0,0,141,0,141,246,97,279,0,622,442,0,442,1064
08/21/2021,SNA,CA,AWP,WE,Towers with Radar,186,64,108,0,358,0,0,56,0,56,186,64,164,0,414,254,0,254,668
08/22/2021,SNA,CA,AWP,WE,Towers with Radar,239,106,142,0,487,0,0,123,0,123,239,106,265,0,610,346,0,346,956
08/23/2021,SNA,CA,AWP,WE,Towers with Radar,260,99,116,0,475,0,0,168,0,168,260,99,284,0,643,492,0,492,1135
08/24/2021,SNA,CA,AWP,WE,Towers with Radar,240,72,92,0,404,0,1,277,1,279,240,73,369,1,683,364,0,364,1047
08/25/2021,SNA,CA,AWP,WE,Towers with Radar,242,90,97,1,430,0,0,238,1,239,242,90,335,2,669,246,0,246,915
08/26/2021,SNA,CA,AWP,WE,Towers with Radar,260,97,110,0,467,0,2,260,0,262,260,99,370,0,729,416,0,416,1145
08/27/2021,SNA,CA,AWP,WE,Towers with Radar,262,85,140,0,487,0,1,266,0,267,262,86,406,0,754,442,0,442,1196
08/28/2021,SNA,CA,AWP,WE,Towers with Radar,192,60,87,0,339,0,0,186,0,186,192,60,273,0,525,430,0,430,955
08/29/2021,SNA,CA,AWP,WE,Towers with Radar,242,85,132,0,459,0,0,185,0,185,242,85,317,0,644,358,0,358,1002
08/30/2021,SNA,CA,AWP,WE,Towers with Radar,256,59,94,2,411,0,0,190,2,192,256,59,284,4,603,336,0,336,939
08/31/2021,SNA,CA,AWP,WE,Towers with Radar,236,71,106,0,413,0,0,147,2,149,236,71,253,2,562,400,0,400,962
09/01/2021,SNA,CA,AWP,WE,Towers with Radar,241,74,148,0,463,1,1,146,0,148,242,75,294,0,611,524,0,524,1135
09/02/2021,SNA,CA,AWP,WE,Towers with Radar,255,81,144,0,480,0,3,182,0,185,255,84,326,0,665,278,0,278,943
09/03/2021,SNA,CA,AWP,WE,Towers with Radar,260,97,182,0,539,0,1,247,0,248,260,98,429,0,787,312,0,312,1099
09/04/2021,SNA,CA,AWP,WE,Towers with Radar,187,58,82,0,327,0,0,248,0,248,187,58,330,0,575,452,0,452,1027
09/05/2021,SNA,CA,AWP,WE,Towers with Radar,230,67,84,0,381,0,0,198,0,198,230,67,282,0,579,196,0,196,775
09/06/2021,SNA,CA,AWP,WE,Towers with Radar,257,106,140,0,503,0,0,241,0,241,257,106,381,0,744,368,0,368,1112
09/07/2021,SNA,CA,AWP,WE,Towers with Radar,239,83,114,0,436,0,1,155,0,156,239,84,269,0,592,308,0,308,900
09/08/2021,SNA,CA,AWP,WE,Towers with Radar,244,69,141,1,455,0,3,186,0,189,244,72,327,1,644,312,0,312,956
09/09/2021,SNA,CA,AWP,WE,Towers with Radar,254,85,120,0,459,0,4,210,2,216,254,89,330,2,675,226,0,226,901
09/10/2021,SNA,CA,AWP,WE,Towers with Radar,265,101,123,1,490,0,0,259,0,259,265,101,382,1,749,426,0,426,1175
09/11/2021,SNA,CA,AWP,WE,Towers with Radar,189,61,81,0,331,0,0,283,0,283,189,61,364,0,614,472,0,472,1086
09/12/2021,SNA,CA,AWP,WE,Towers with Radar,248,110,154,0,512,0,1,249,0,250,248,111,403,0,762,232,0,232,994
09/13/2021,SNA,CA,AWP,WE,Towers with Radar,262,79,107,0,448,0,1,117,1,119,262,80,224,1,567,216,0,216,783
09/14/2021,SNA,CA,AWP,WE,Towers with Radar,243,70,115,0,428,0,0,204,0,204,243,70,319,0,632,282,0,282,914
09/15/2021,SNA,CA,AWP,WE,Towers with Radar,253,70,127,0,450,0,1,237,0,238,253,71,364,0,688,368,0,368,1056
09/16/2021,SNA,CA,AWP,WE,Towers with Radar,265,90,110,0,465,0,2,253,0,255,265,92,363,0,720,318,0,318,1038
09/17/2021,SNA,CA,AWP,WE,Towers with Radar,267,93,144,1,505,0,1,254,0,255,267,94,398,1,760,396,0,396,1156
09/18/2021,SNA,CA,AWP,WE,Towers with Radar,191,46,82,0,319,0,0,188,0,188,191,46,270,0,507,472,0,472,979
09/19/2021,SNA,CA,AWP,WE,Towers with Radar,255,116,151,1,523,0,0,161,0,161,255,116,312,1,684,262,0,262,946
09/20/2021,SNA,CA,AWP,WE,Towers with Radar,265,71,92,0,428,0,0,203,0,203,265,71,295,0,631,362,0,362,993
09/21/2021,SNA,CA,AWP,WE,Towers with Radar,244,73,85,0,402,0,0,234,0,234,244,73,319,0,636,498,0,498,1134
09/22/2021,SNA,CA,AWP,WE,Towers with Radar,251,77,110,0,438,0,0,199,0,199,251,77,309,0,637,378,0,378,1015
09/23/2021,SNA,CA,AWP,WE,Towers with Radar,259,118,114,0,491,0,3,227,1,231,259,121,341,1,722,390,0,390,1112
09/24/2021,SNA,CA,AWP,WE,Towers with Radar,268,93,159,0,520,0,0,162,0,162,268,93,321,0,682,172,0,172,854
09/25/2021,SNA,CA,AWP,WE,Towers with Radar,192,56,102,0,350,0,1,201,2,204,192,57,303,2,554,400,0,400,954
09/26/2021,SNA,CA,AWP,WE,Towers with Radar,250,115,193,0,558,0,0,81,0,81,250,115,274,0,639,296,0,296,935
09/27/2021,SNA,CA,AWP,WE,Towers with Radar,268,83,136,0,487,0,0,68,0,68,268,83,204,0,555,352,0,352,907
09/28/2021,SNA,CA,AWP,WE,Towers with Radar,244,61,95,0,400,0,0,149,0,149,244,61,244,0,549,484,0,484,1033
09/29/2021,SNA,CA,AWP,WE,Towers with Radar,250,72,118,0,440,0,1,235,1,237,250,73,353,1,677,398,0,398,1075
09/30/2021,SNA,CA,AWP,WE,Towers with Radar,264,105,118,1,488,0,1,255,2,258,264,106,373,3,746,320,0,320,1066
10/01/2021,SNA,CA,AWP,WE,Towers with Radar,268,107,119,0,494,0,2,255,2,259,268,109,374,2,753,114,0,114,867
10/02/2021,SNA,CA,AWP,WE,Towers with Radar,198,69,93,0,360,0,0,214,0,214,198,69,307,0,574,216,0,216,790
10/03/2021,SNA,CA,AWP,WE,Towers with Radar,254,110,134,1,499,0,0,224,0,224,254,110,358,1,723,170,0,170,893
10/04/2021,SNA,CA,AWP,WE,Towers with Radar,274,74,103,1,452,0,0,220,0,220,274,74,323,1,672,320,0,320,992
10/05/2021,SNA,CA,AWP,WE,Towers with Radar,247,66,123,0,436,0,0,204,0,204,247,66,327,0,640,438,0,438,1078
10/06/2021,SNA,CA,AWP,WE,Towers with Radar,246,82,105,0,433,0,1,146,0,147,246,83,251,0,580,400,0,400,980
10/07/2021,SNA,CA,AWP,WE,Towers with Radar,252,79,168,0,499,0,0,89,1,90,252,79,257,1,589,288,0,288,877
10/08/2021,SNA,CA,AWP,WE,Towers with Radar,260,64,181,0,505,0,0,123,0,123,260,64,304,0,628,300,0,300,928
10/09/2021,SNA,CA,AWP,WE,Towers with Radar,175,74,95,0,344,0,0,230,0,230,175,74,325,0,574,342,0,342,916
10/10/2021,SNA,CA,AWP,WE,Towers with Radar,220,111,146,1,478,0,0,251,0,251,220,111,397,1,729,378,0,378,1107
10/11/2021,SNA,CA,AWP,WE,Towers with Radar,249,84,112,2,447,0,0,113,2,115,249,84,225,4,562,242,0,242,804
10/12/2021,SNA,CA,AWP,WE,Towers with Radar,236,72,114,3,425,0,0,228,5,233,236,72,342,8,658,246,0,246,904
10/13/2021,SNA,CA,AWP,WE,Towers with Radar,229,66,155,0,450,0,1,288,0,289,229,67,443,0,739,368,0,368,1107
10/14/2021,SNA,CA,AWP,WE,Towers with Radar,255,84,149,2,490,0,2,228,1,231,255,86,377,3,721,368,0,368,1089
10/15/2021,SNA,CA,AWP,WE,Towers with Radar,264,96,120,0,480,0,0,263,1,264,264,96,383,1,744,304,0,304,1048
10/16/2021,SNA,CA,AWP,WE,Towers with Radar,198,58,83,0,339,0,0,276,0,276,198,58,359,0,615,284,0,284,899
10/17/2021,SNA,CA,AWP,WE,Towers with Radar,255,104,151,0,510,0,0,211,1,212,255,104,362,1,722,344,0,344,1066
10/18/2021,SNA,CA,AWP,WE,Towers with Radar,262,77,117,0,456,0,1,129,0,130,262,78,246,0,586,272,0,272,858
10/19/2021,SNA,CA,AWP,WE,Towers with Radar,241,62,104,0,407,0,3,229,0,232,241,65,333,0,639,418,0,418,1057
10/20/2021,SNA,CA,AWP,WE,Towers with Radar,238,75,109,0,422,0,2,231,0,233,238,77,340,0,655,346,0,346,1001
10/21/2021,SNA,CA,AWP,WE,Towers with Radar,252,111,116,0,479,0,1,232,3,236,252,112,348,3,715,182,0,182,897
10/22/2021,SNA,CA,AWP,WE,Towers with Radar,247,92,178,1,518,0,1,121,0,122,247,93,299,1,640,120,0,120,760
10/23/2021,SNA,CA,AWP,WE,Towers with Radar,197,71,98,0,366,0,0,94,0,94,197,71,192,0,460,214,0,214,674
10/24/2021,SNA,CA,AWP,WE,Towers with Radar,240,109,161,0,510,0,2,195,0,197,240,111,356,0,707,260,0,260,967
10/25/2021,SNA,CA,AWP,WE,Towers with Radar,256,93,113,2,464,0,0,14,0,14,256,93,127,2,478,126,0,126,604
10/26/2021,SNA,CA,AWP,WE,Towers with Radar,239,62,103,0,404,0,1,280,1,282,239,63,383,1,686,114,0,114,800
10/27/2021,SNA,CA,AWP,WE,Towers with Radar,241,72,104,0,417,0,2,329,1,332,241,74,433,1,749,122,0,122,871
10/28/2021,SNA,CA,AWP,WE,Towers with Radar,255,94,108,0,457,0,1,252,2,255,255,95,360,2,712,380,0,380,1092
10/29/2021,SNA,CA,AWP,WE,Towers with Radar,265,92,133,0,490,0,0,298,0,298,265,92,431,0,788,288,0,288,1076
10/30/2021,SNA,CA,AWP,WE,Towers with Radar,190,61,105,0,356,0,3,125,0,128,190,64,230,0,484,266,0,266,750
10/31/2021,SNA,CA,AWP,WE,Towers with Radar,236,82,128,0,446,0,0,111,1,112,236,82,239,1,558,0,0,0,558
11/01/2021,SNA,CA,AWP,WE,Towers with Radar,255,61,105,0,421,0,0,150,0,150,255,61,255,0,571,242,0,242,813
11/02/2021,SNA,CA,AWP,WE,Towers with Radar,227,63,110,0,400,0,2,104,0,106,227,65,214,0,506,278,0,278,784
11/03/2021,SNA,CA,AWP,WE,Towers with Radar,248,78,117,0,443,0,0,111,1,112,248,78,228,1,555,154,0,154,709
11/04/2021,SNA,CA,AWP,WE,Towers with Radar,273,94,141,0,508,0,1,122,0,123,273,95,263,0,631,210,0,210,841
11/05/2021,SNA,CA,AWP,WE,Towers with Radar,275,92,169,0,536,0,0,133,0,133,275,92,302,0,669,102,0,102,771
11/06/2021,SNA,CA,AWP,WE,Towers with Radar,196,57,96,0,349,0,0,118,5,123,196,57,214,5,472,266,0,266,738
11/07/2021,SNA,CA,AWP,WE,Towers with Radar,249,115,171,0,535,0,0,148,0,148,249,115,319,0,683,288,0,288,971
11/08/2021,SNA,CA,AWP,WE,Towers with Radar,266,81,125,0,472,0,0,198,0,198,266,81,323,0,670,372,0,372,1042
11/09/2021,SNA,CA,AWP,WE,Towers with Radar,238,76,91,0,405,0,4,174,0,178,238,80,265,0,583,438,0,438,1021
11/10/2021,SNA,CA,AWP,WE,Towers with Radar,242,74,133,0,449,0,3,250,1,254,242,77,383,1,703,386,0,386,1089
11/11/2021,SNA,CA,AWP,WE,Towers with Radar,264,91,121,0,476,0,2,234,0,236,264,93,355,0,712,232,0,232,944
11/12/2021,SNA,CA,AWP,WE,Towers with Radar,259,84,97,0,440,0,3,244,2,249,259,87,341,2,689,322,0,322,1011
11/13/2021,SNA,CA,AWP,WE,Towers with Radar,195,47,106,0,348,0,0,248,6,254,195,47,354,6,602,272,0,272,874
11/14/2021,SNA,CA,AWP,WE,Towers with Radar,250,105,152,0,507,0,0,266,0,266,250,105,418,0,773,238,0,238,1011
11/15/2021,SNA,CA,AWP,WE,Towers with Radar,265,87,89,0,441,0,0,171,0,171,265,87,260,0,612,280,0,280,892
11/16/2021,SNA,CA,AWP,WE,Towers with Radar,236,65,120,1,422,0,0,144,1,145,236,65,264,2,567,514,0,514,1081
11/17/2021,SNA,CA,AWP,WE,Towers with Radar,242,82,120,1,445,0,1,213,2,216,242,83,333,3,661,285,0,285,946
11/18/2021,SNA,CA,AWP,WE,Towers with Radar,266,66,131,0,463,0,0,99,0,99,266,66,230,0,562,212,0,212,774
11/19/2021,SNA,CA,AWP,WE,Towers with Radar,266,100,160,0,526,0,1,170,4,175,266,101,330,4,701,294,0,294,995
11/20/2021,SNA,CA,AWP,WE,Towers with Radar,201,64,138,0,403,0,0,146,4,150,201,64,284,4,553,367,0,367,920
11/21/2021,SNA,CA,AWP,WE,Towers with Radar,249,91,109,0,449,0,4,183,0,187,249,95,292,0,636,84,0,84,720
11/22/2021,SNA,CA,AWP,WE,Towers with Radar,257,88,87,0,432,0,0,260,0,260,257,88,347,0,692,392,0,392,1084
11/23/2021,SNA,CA,AWP,WE,Towers with Radar,266,76,138,2,482,0,2,270,2,274,266,78,408,4,756,126,0,126,882
11/24/2021,SNA,CA,AWP,WE,Towers with Radar,275,70,131,1,477,0,4,258,0,262,275,74,389,1,739,144,0,144,883
11/25/2021,SNA,CA,AWP,WE,Towers with Radar,192,35,21,0,248,0,0,53,0,53,192,35,74,0,301,6,0,6,307
11/26/2021,SNA,CA,AWP,WE,Towers with Radar,221,72,76,2,371,0,0,194,0,194,221,72,270,2,565,42,0,42,607
11/27/2021,SNA,CA,AWP,WE,Towers with Radar,228,82,114,0,424,0,1,208,10,219,228,83,322,10,643,324,0,324,967
11/28/2021,SNA,CA,AWP,WE,Towers with Radar,265,101,182,1,549,0,3,262,1,266,265,104,444,2,815,166,0,166,981
11/29/2021,SNA,CA,AWP,WE,Towers with Radar,262,60,105,0,427,0,1,189,0,190,262,61,294,0,617,388,0,388,1005
11/30/2021,SNA,CA,AWP,WE,Towers with Radar,252,74,105,0,431,0,0,140,0,140,252,74,245,0,571,404,0,404,975
12/01/2021,SNA,CA,AWP,WE,Towers with Radar,218,57,104,0,379,0,0,133,1,134,218,57,237,1,513,214,0,214,727
12/02/2021,SNA,CA,AWP,WE,Towers with Radar,268,91,152,0,511,0,0,108,1,109,268,91,260,1,620,174,0,174,794
12/03/2021,SNA,CA,AWP,WE,Towers with Radar,263,76,130,0,469,0,2,151,0,153,263,78,281,0,622,434,0,434,1056
12/04/2021,SNA,CA,AWP,WE,Towers with Radar,192,54,125,0,371,0,0,151,2,153,192,54,276,2,524,108,0,108,632
12/05/2021,SNA,CA,AWP,WE,Towers with Radar,244,79,152,0,475,0,0,133,0,133,244,79,285,0,608,202,0,202,810
12/06/2021,SNA,CA,AWP,WE,Towers with Radar,249,75,105,0,429,0,0,101,0,101,249,75,206,0,530,146,0,146,676
12/07/2021,SNA,CA,AWP,WE,Towers with Radar,242,61,122,0,425,0,1,109,4,114,242,62,231,4,539,398,0,398,937
12/08/2021,SNA,CA,AWP,WE,Towers with Radar,240,59,113,0,412,0,1,228,1,230,240,60,341,1,642,322,0,322,964
12/09/2021,SNA,CA,AWP,WE,Towers with Radar,260,95,133,0,488,0,0,46,0,46,260,95,179,0,534,128,0,128,662
12/10/2021,SNA,CA,AWP,WE,Towers with Radar,259,73,124,0,456,0,1,262,1,264,259,74,386,1,720,214,0,214,934
12/11/2021,SNA,CA,AWP,WE,Towers with Radar,189,57,75,0,321,0,0,319,1,320,189,57,394,1,641,372,0,372,1013
12/12/2021,SNA,CA,AWP,WE,Towers with Radar,247,96,125,0,468,0,3,260,1,264,247,99,385,1,732,256,0,256,988
12/13/2021,SNA,CA,AWP,WE,Towers with Radar,265,83,123,0,471,0,0,130,1,131,265,83,253,1,602,400,0,400,1002
12/14/2021,SNA,CA,AWP,WE,Towers with Radar,213,63,65,0,341,0,0,8,0,8,213,63,73,0,349,34,0,34,383
12/15/2021,SNA,CA,AWP,WE,Towers with Radar,234,84,131,0,449,0,1,263,2,266,234,85,394,2,715,348,0,348,1063
12/16/2021,SNA,CA,AWP,WE,Towers with Radar,265,97,147,0,509,0,3,140,0,143,265,100,287,0,652,290,0,290,942
12/17/2021,SNA,CA,AWP,WE,Towers with Radar,260,104,148,0,512,0,3,229,0,232,260,107,377,0,744,112,0,112,856
12/18/2021,SNA,CA,AWP,WE,Towers with Radar,191,85,111,0,387,0,1,243,1,245,191,86,354,1,632,368,0,368,1000
12/19/2021,SNA,CA,AWP,WE,Towers with Radar,239,100,97,0,436,0,1,209,0,210,239,101,306,0,646,272,0,272,918
12/20/2021,SNA,CA,AWP,WE,Towers with Radar,254,76,100,0,430,0,3,195,0,198,254,79,295,0,628,280,0,280,908
12/21/2021,SNA,CA,AWP,WE,Towers with Radar,235,72,114,0,421,0,1,197,1,199,235,73,311,1,620,326,0,326,946
12/22/2021,SNA,CA,AWP,WE,Towers with Radar,237,84,102,0,423,0,2,213,2,217,237,86,315,2,640,286,0,286,926
12/23/2021,SNA,CA,AWP,WE,Towers with Radar,254,83,89,0,426,0,0,17,0,17,254,83,106,0,443,176,0,176,619
12/24/2021,SNA,CA,AWP,WE,Towers with Radar,231,67,49,0,347,0,1,40,0,41,231,68,89,0,388,143,0,143,531
12/25/2021,SNA,CA,AWP,WE,Towers with Radar,162,59,37,0,258,1,0,11,0,12,163,59,48,0,270,2,0,2,272
12/26/2021,SNA,CA,AWP,WE,Towers with Radar,222,85,123,0,430,0,1,128,0,129,222,86,251,0,559,184,0,184,743
12/27/2021,SNA,CA,AWP,WE,Towers with Radar,235,79,128,0,442,0,0,44,0,44,235,79,172,0,486,114,0,114,600
12/28/2021,SNA,CA,AWP,WE,Towers with Radar,234,88,104,0,426,0,0,110,1,111,234,88,214,1,537,276,0,276,813
12/29/2021,SNA,CA,AWP,WE,Towers with Radar,241,68,93,0,402,0,0,32,0,32,241,68,125,0,434,132,0,132,566
12/30/2021,SNA,CA,AWP,WE,Towers with Radar,249,87,111,0,447,0,0,18,0,18,249,87,129,0,465,6,0,6,471
12/31/2021,SNA,CA,AWP,WE,Towers with Radar,208,54,83,0,345,0,0,124,0,124,208,54,207,0,469,228,0,228,697
01/01/2022,SNA,CA,AWP,WE,Towers with Radar,153,53,52,0,258,9,8,95,0,112,162,61,147,0,370,28,0,28,398
01/02/2022,SNA,CA,AWP,WE,Towers with Radar,238,76,171,0,485,0,2,225,0,227,238,78,396,0,712,90,0,90,802
01/03/2022,SNA,CA,AWP,WE,Towers with Radar,239,79,104,0,422,0,1,215,0,216,239,80,319,0,638,64,0,64,702
01/04/2022,SNA,CA,AWP,WE,Towers with Radar,231,43,85,0,359,0,1,167,1,169,231,44,252,1,528,320,0,320,848
01/05/2022,SNA,CA,AWP,WE,Towers with Radar,209,50,102,0,361,0,2,210,0,212,209,52,312,0,573,218,0,218,791
01/06/2022,SNA,CA,AWP,WE,Towers with Radar,242,82,87,1,412,0,1,202,4,207,242,83,289,5,619,150,0,150,769
01/07/2022,SNA,CA,AWP,WE,Towers with Radar,239,63,119,0,421,0,0,42,0,42,239,63,161,0,463,88,0,88,551
01/08/2022,SNA,CA,AWP,WE,Towers with Radar,173,50,79,0,302,0,0,173,0,173,173,50,252,0,475,134,0,134,609
01/09/2022,SNA,CA,AWP,WE,Towers with Radar,226,60,109,0,395,0,0,194,0,194,226,60,303,0,589,40,0,40,629
01/10/2022,SNA,CA,AWP,WE,Towers with Radar,252,65,68,0,385,0,1,167,0,168,252,66,235,0,553,280,0,280,833
01/11/2022,SNA,CA,AWP,WE,Towers with Radar,238,48,72,0,358,0,2,218,0,220,238,50,290,0,578,368,0,368,946
01/12/2022,SNA,CA,AWP,WE,Towers with Radar,242,58,98,0,398,0,2,226,6,234,242,60,324,6,632,350,0,350,982
01/13/2022,SNA,CA,AWP,WE,Towers with Radar,272,86,94,0,452,0,1,198,0,199,272,87,292,0,651,348,0,348,999
01/14/2022,SNA,CA,AWP,WE,Towers with Radar,266,79,145,1,491,0,0,223,0,223,266,79,368,1,714,386,0,386,1100
01/15/2022,SNA,CA,AWP,WE,Towers with Radar,182,53,72,2,309,0,2,123,0,125,182,55,195,2,434,214,0,214,648
01/16/2022,SNA,CA,AWP,WE,Towers with Radar,232,61,96,1,390,0,1,203,0,204,232,62,299,1,594,310,0,310,904
01/17/2022,SNA,CA,AWP,WE,Towers with Radar,271,82,122,0,475,0,1,123,0,124,271,83,245,0,599,428,0,428,1027
01/18/2022,SNA,CA,AWP,WE,Towers with Radar,253,52,114,0,419,0,0,113,0,113,253,52,227,0,532,516,0,516,1048
01/19/2022,SNA,CA,AWP,WE,Towers with Radar,241,44,114,0,399,0,3,132,2,137,241,47,246,2,536,450,0,450,986
01/20/2022,SNA,CA,AWP,WE,Towers with Radar,264,82,106,0,452,0,1,220,0,221,264,83,326,0,673,324,0,324,997
01/21/2022,SNA,CA,AWP,WE,Towers with Radar,262,67,110,0,439,0,0,248,0,248,262,67,358,0,687,322,0,322,1009
01/22/2022,SNA,CA,AWP,WE,Towers with Radar,186,57,50,0,293,0,0,52,0,52,186,57,102,0,345,18,0,18,363
01/23/2022,SNA,CA,AWP,WE,Towers with Radar,256,87,106,1,450,0,0,192,3,195,256,87,298,4,645,144,0,144,789
01/24/2022,SNA,CA,AWP,WE,Towers with Radar,264,63,115,0,442,0,0,250,6,256,264,63,365,6,698,278,0,278,976
01/25/2022,SNA,CA,AWP,WE,Towers with Radar,241,55,111,0,407,0,2,221,10,233,241,57,332,10,640,344,0,344,984
01/26/2022,SNA,CA,AWP,WE,Towers with Radar,244,56,102,1,403,0,1,230,2,233,244,57,332,3,636,242,2,244,880
01/27/2022,SNA,CA,AWP,WE,Towers with Radar,262,79,105,0,446,0,1,229,0,230,262,80,334,0,676,320,0,320,996
01/28/2022,SNA,CA,AWP,WE,Towers with Radar,256,76,114,0,446,0,0,165,1,166,256,76,279,1,612,184,0,184,796
01/29/2022,SNA,CA,AWP,WE,Towers with Radar,184,35,84,0,303,0,0,210,1,211,184,35,294,1,514,404,0,404,918
01/30/2022,SNA,CA,AWP,WE,Towers with Radar,257,78,107,0,442,0,7,196,0,203,257,85,303,0,645,266,0,266,911
01/31/2022,SNA,CA,AWP,WE,Towers with Radar,268,73,92,0,433,0,1,185,0,186,268,74,277,0,619,180,0,180,799
02/01/2022,SNA,CA,AWP,WE,Towers with Radar,248,43,106,3,400,0,0,191,0,191,248,43,297,3,591,422,0,422,1013
02/02/2022,SNA,CA,AWP,WE,Towers with Radar,228,60,83,0,371,0,1,110,1,112,228,61,193,1,483,204,0,204,687
02/03/2022,SNA,CA,AWP,WE,Towers with Radar,244,83,105,1,433,0,2,207,1,210,244,85,312,2,643,179,0,179,822
02/04/2022,SNA,CA,AWP,WE,Towers with Radar,247,89,112,0,448,0,0,219,0,219,247,89,331,0,667,259,0,259,926
02/05/2022,SNA,CA,AWP,WE,Towers with Radar,187,47,74,0,308,0,1,247,4,252,187,48,321,4,560,296,0,296,856
02/06/2022,SNA,CA,AWP,WE,Towers with Radar,260,90,120,0,470,0,0,198,0,198,260,90,318,0,668,236,0,236,904
02/07/2022,SNA,CA,AWP,WE,Towers with Radar,270,77,90,0,437,0,2,224,0,226,270,79,314,0,663,272,0,272,935
02/08/2022,SNA,CA,AWP,WE,Towers with Radar,254,44,104,0,402,0,1,259,0,260,254,45,363,0,662,410,0,410,1072
02/09/2022,SNA,CA,AWP,WE,Towers with Radar,251,47,85,0,383,0,0,174,0,174,251,47,259,0,557,234,0,234,791
02/10/2022,SNA,CA,AWP,WE,Towers with Radar,274,64,82,0,420,0,3,120,0,123,274,67,202,0,543,204,0,204,747
02/11/2022,SNA,CA,AWP,WE,Towers with Radar,272,83,92,0,447,0,2,230,0,232,272,85,322,0,679,500,0,500,1179
02/12/2022,SNA,CA,AWP,WE,Towers with Radar,193,56,62,0,311,0,5,185,0,190,193,61,247,0,501,238,0,238,739
02/13/2022,SNA,CA,AWP,WE,Towers with Radar,253,72,65,0,390,0,1,107,2,110,253,73,172,2,500,128,0,128,628
02/14/2022,SNA,CA,AWP,WE,Towers with Radar,276,92,107,0,475,0,0,165,0,165,276,92,272,0,640,352,0,352,992
02/15/2022,SNA,CA,AWP,WE,Towers with Radar,258,65,104,0,427,0,0,83,0,83,258,65,187,0,510,360,0,360,870
02/16/2022,SNA,CA,AWP,WE,Towers with Radar,249,65,120,0,434,0,0,240,4,244,249,65,360,4,678,310,38,348,1026
02/17/2022,SNA,CA,AWP,WE,Towers with Radar,270,99,135,2,506,1,2,163,1,167,271,101,298,3,673,190,0,190,863
02/18/2022,SNA,CA,AWP,WE,Towers with Radar,273,127,121,0,521,0,4,267,2,273,273,131,388,2,794,441,0,441,1235
02/19/2022,SNA,CA,AWP,WE,Towers with Radar,199,79,97,0,375,0,2,267,0,269,199,81,364,0,644,268,0,268,912
02/20/2022,SNA,CA,AWP,WE,Towers with Radar,251,83,109,0,443,0,1,128,0,129,251,84,237,0,572,372,0,372,944
02/21/2022,SNA,CA,AWP,WE,Towers with Radar,274,85,163,0,522,0,0,111,0,111,274,85,274,0,633,320,0,320,953
02/22/2022,SNA,CA,AWP,WE,Towers with Radar,250,63,117,0,430,0,0,98,0,98,250,63,215,0,528,142,0,142,670
02/23/2022,SNA,CA,AWP,WE,Towers with Radar,235,70,85,0,390,0,1,161,0,162,235,71,246,0,552,256,6,262,814
02/24/2022,SNA,CA,AWP,WE,Towers with Radar,245,72,116,0,433,3,5,292,0,300,248,77,408,0,733,228,0,228,961
02/25/2022,SNA,CA,AWP,WE,Towers with Radar,265,97,133,1,496,0,2,244,2,248,265,99,377,3,744,310,0,310,1054
02/26/2022,SNA,CA,AWP,WE,Towers with Radar,207,77,92,0,376,0,1,214,0,215,207,78,306,0,591,240,0,240,831
02/27/2022,SNA,CA,AWP,WE,Towers with Radar,266,93,144,0,503,0,0,227,0,227,266,93,371,0,730,240,0,240,970
02/28/2022,SNA,CA,AWP,WE,Towers with Radar,283,87,97,0,467,0,1,225,0,226,283,88,322,0,693,258,0,258,951
03/01/2022,SNA,CA,AWP,WE,Towers with Radar,259,48,78,0,385,1,1,221,0,223,260,49,299,0,608,252,0,252,860
03/02/2022,SNA,CA,AWP,WE,Towers with Radar,254,48,112,0,414,0,1,287,3,291,254,49,399,3,705,238,0,238,943
03/03/2022,SNA,CA,AWP,WE,Towers with Radar,267,82,132,0,481,0,0,114,0,114,267,82,246,0,595,289,0,289,884
03/04/2022,SNA,CA,AWP,WE,Towers with Radar,272,87,106,0,465,0,0,106,2,108,272,87,212,2,573,252,0,252,825
03/05/2022,SNA,CA,AWP,WE,Towers with Radar,197,52,60,0,309,0,0,84,0,84,197,52,144,0,393,134,0,134,527
03/06/2022,SNA,CA,AWP,WE,Towers with Radar,253,101,125,0,479,0,0,217,0,217,253,101,342,0,696,284,0,284,980
03/07/2022,SNA,CA,AWP,WE,Towers with Radar,269,79,86,0,434,0,2,153,0,155,269,81,239,0,589,108,0,108,697
03/08/2022,SNA,CA,AWP,WE,Towers with Radar,256,70,87,2,415,0,0,255,0,255,256,70,342,2,670,324,0,324,994
03/09/2022,SNA,CA,AWP,WE,Towers with Radar,246,85,125,0,456,0,2,205,3,210,246,87,330,3,666,358,0,358,1024
03/10/2022,SNA,CA,AWP,WE,Towers with Radar,267,111,128,0,506,0,1,195,0,196,267,112,323,0,702,294,0,294,996
03/11/2022,SNA,CA,AWP,WE,Towers with Radar,273,95,147,0,515,1,1,217,1,220,274,96,364,1,735,106,0,106,841
03/12/2022,SNA,CA,AWP,WE,Towers with Radar,193,56,109,0,358,0,2,243,0,245,193,58,352,0,603,65,0,65,668
03/13/2022,SNA,CA,AWP,WE,Towers with Radar,254,90,159,0,503,0,3,178,0,181,254,93,337,0,684,220,0,220,904
03/14/2022,SNA,CA,AWP,WE,Towers with Radar,269,64,100,0,433,0,3,200,0,203,269,67,300,0,636,154,0,154,790
03/15/2022,SNA,CA,AWP,WE,Towers with Radar,242,58,124,0,424,0,0,245,0,245,242,58,369,0,669,308,0,308,977
03/16/2022,SNA,CA,AWP,WE,Towers with Radar,248,75,116,0,439,0,4,201,1,206,248,79,317,1,645,318,0,318,963
03/17/2022,SNA,CA,AWP,WE,Towers with Radar,267,72,105,0,444,0,3,227,4,234,267,75,332,4,678,464,10,474,1152
03/18/2022,SNA,CA,AWP,WE,Towers with Radar,270,80,128,0,478,0,0,252,0,252,270,80,380,0,730,278,0,278,1008
03/19/2022,SNA,CA,AWP,WE,Towers with Radar,192,53,93,0,338,0,2,134,0,136,192,55,227,0,474,296,0,296,770
03/20/2022,SNA,CA,AWP,WE,Towers with Radar,264,107,137,0,508,0,0,152,1,153,264,107,289,1,661,266,0,266,927
03/21/2022,SNA,CA,AWP,WE,Towers with Radar,271,76,99,0,446,0,1,212,0,213,271,77,311,0,659,304,0,304,963
03/22/2022,SNA,CA,AWP,WE,Towers with Radar,242,72,102,1,417,0,1,238,0,239,242,73,340,1,656,438,0,438,1094
03/23/2022,SNA,CA,AWP,WE,Towers with Radar,242,53,107,1,403,0,2,229,1,232,242,55,336,2,635,314,0,314,949
03/24/2022,SNA,CA,AWP,WE,Towers with Radar,275,92,116,0,483,0,3,248,1,252,275,95,364,1,735,64,0,64,799
03/25/2022,SNA,CA,AWP,WE,Towers with Radar,273,67,127,2,469,0,2,166,0,168,273,69,293,2,637,208,0,208,845
03/26/2022,SNA,CA,AWP,WE,Towers with Radar,194,48,111,0,353,0,2,129,0,131,194,50,240,0,484,72,0,72,556
03/27/2022,SNA,CA,AWP,WE,Towers with Radar,265,68,169,0,502,0,2,144,0,146,265,70,313,0,648,158,0,158,806
03/28/2022,SNA,CA,AWP,WE,Towers with Radar,276,53,79,0,408,0,0,21,0,21,276,53,100,0,429,42,0,42,471
03/29/2022,SNA,CA,AWP,WE,Towers with Radar,244,52,120,4,420,0,2,157,0,159,244,54,277,4,579,426,0,426,1005
03/30/2022,SNA,CA,AWP,WE,Towers with Radar,251,55,135,0,441,0,0,200,6,206,251,55,335,6,647,318,0,318,965
03/31/2022,SNA,CA,AWP,WE,Towers with Radar,274,88,148,2,512,0,0,78,4,82,274,88,226,6,594,426,0,426,1020
04/01/2022,SNA,CA,AWP,WE,Towers with Radar,272,72,119,0,463,1,3,176,0,180,273,75,295,0,643,306,0,306,949
04/02/2022,SNA,CA,AWP,WE,Towers with Radar,193,67,136,2,398,0,2,59,0,61,193,69,195,2,459,190,0,190,649
04/03/2022,SNA,CA,AWP,WE,Towers with Radar,251,78,145,0,474,0,0,81,0,81,251,78,226,0,555,210,24,234,789
04/04/2022,SNA,CA,AWP,WE,Towers with Radar,276,98,104,0,478,0,2,149,0,151,276,100,253,0,629,364,0,364,993
04/05/2022,SNA,CA,AWP,WE,Towers with Radar,266,79,100,0,445,0,6,208,1,215,266,85,308,1,660,616,0,616,1276
04/06/2022,SNA,CA,AWP,WE,Towers with Radar,267,90,110,3,470,0,0,251,4,255,267,90,361,7,725,120,4,124,849
04/07/2022,SNA,CA,AWP,WE,Towers with Radar,276,92,118,0,486,1,4,171,0,176,277,96,289,0,662,58,0,58,720
04/08/2022,SNA,CA,AWP,WE,Towers with Radar,275,84,126,0,485,0,1,212,0,213,275,85,338,0,698,92,0,92,790
04/09/2022,SNA,CA,AWP,WE,Towers with Radar,205,81,78,2,366,0,2,185,0,187,205,83,263,2,553,172,0,172,725
04/10/2022,SNA,CA,AWP,WE,Towers with Radar,274,82,149,0,505,0,0,110,0,110,274,82,259,0,615,314,0,314,929
04/11/2022,SNA,CA,AWP,WE,Towers with Radar,282,85,147,0,514,0,1,125,1,127,282,86,272,1,641,248,0,248,889
04/12/2022,SNA,CA,AWP,WE,Towers with Radar,266,47,80,0,393,0,2,146,0,148,266,49,226,0,541,128,0,128,669
04/13/2022,SNA,CA,AWP,WE,Towers with Radar,264,73,108,0,445,0,1,211,0,212,264,74,319,0,657,380,0,380,1037
04/14/2022,SNA,CA,AWP,WE,Towers with Radar,279,94,149,0,522,0,0,237,4,241,279,94,386,4,763,302,0,302,1065
04/15/2022,SNA,CA,AWP,WE,Towers with Radar,277,75,116,0,468,0,2,224,1,227,277,77,340,1,695,468,0,468,1163
04/16/2022,SNA,CA,AWP,WE,Towers with Radar,203,46,130,0,379,0,0,131,0,131,203,46,261,0,510,328,0,328,838
04/17/2022,SNA,CA,AWP,WE,Towers with Radar,271,82,106,0,459,0,1,130,0,131,271,83,236,0,590,200,0,200,790
04/18/2022,SNA,CA,AWP,WE,Towers with Radar,276,84,146,0,506,0,3,205,0,208,276,87,351,0,714,360,0,360,1074
04/19/2022,SNA,CA,AWP,WE,Towers with Radar,272,59,102,0,433,0,1,239,0,240,272,60,341,0,673,426,0,426,1099
04/20/2022,SNA,CA,AWP,WE,Towers with Radar,275,53,118,0,446,0,4,215,1,220,275,57,333,1,666,426,0,426,1092
04/21/2022,SNA,CA,AWP,WE,Towers with Radar,288,72,131,1,492,0,1,170,1,172,288,73,301,2,664,316,0,316,980
04/22/2022,SNA,CA,AWP,WE,Towers with Radar,286,73,115,0,474,0,0,148,0,148,286,73,263,0,622,52,0,52,674
04/23/2022,SNA,CA,AWP,WE,Towers with Radar,218,52,127,1,398,0,1,251,0,252,218,53,378,1,650,370,0,370,1020
04/24/2022,SNA,CA,AWP,WE,Towers with Radar,271,92,122,0,485,0,3,240,0,243,271,95,362,0,728,178,0,178,906
04/25/2022,SNA,CA,AWP,WE,Towers with Radar,286,67,94,0,447,0,4,232,0,236,286,71,326,0,683,192,0,192,875
04/26/2022,SNA,CA,AWP,WE,Towers with Radar,276,54,84,0,414,0,1,221,1,223,276,55,305,1,637,442,0,442,1079
04/27/2022,SNA,CA,AWP,WE,Towers with Radar,280,77,117,1,475,0,0,198,2,200,280,77,315,3,675,214,0,214,889
04/28/2022,SNA,CA,AWP,WE,Towers with Radar,287,85,142,1,515,0,0,172,0,172,287,85,314,1,687,265,0,265,952
04/29/2022,SNA,CA,AWP,WE,Towers with Radar,285,87,109,2,483,0,1,243,1,245,285,88,352,3,728,324,0,324,1052
04/30/2022,SNA,CA,AWP,WE,Towers with Radar,220,45,76,0,341,0,0,243,0,243,220,45,319,0,584,230,0,230,814
05/01/2022,SNA,CA,AWP,WE,Towers with Radar,269,96,128,0,493,0,2,170,0,172,269,98,298,0,665,208,0,208,873
05/02/2022,SNA,CA,AWP,WE,Towers with Radar,282,83,130,0,495,0,1,141,0,142,282,84,271,0,637,410,0,410,1047
05/03/2022,SNA,CA,AWP,WE,Towers with Radar,275,42,121,0,438,0,0,155,0,155,275,42,276,0,593,138,0,138,731
05/04/2022,SNA,CA,AWP,WE,Towers with Radar,269,60,124,1,454,0,2,271,3,276,269,62,395,4,730,298,0,298,1028
05/05/2022,SNA,CA,AWP,WE,Towers with Radar,284,74,114,0,472,0,1,239,0,240,284,75,353,0,712,338,0,338,1050
05/06/2022,SNA,CA,AWP,WE,Towers with Radar,286,78,128,0,492,0,1,228,0,229,286,79,356,0,721,326,0,326,1047
05/07/2022,SNA,CA,AWP,WE,Towers with Radar,214,45,75,0,334,0,0,201,0,201,214,45,276,0,535,266,0,266,801
05/08/2022,SNA,CA,AWP,WE,Towers with Radar,269,88,112,0,469,1,1,104,0,106,270,89,216,0,575,206,0,206,781
05/09/2022,SNA,CA,AWP,WE,Towers with Radar,288,97,100,0,485,0,0,192,0,192,288,97,292,0,677,274,0,274,951
05/10/2022,SNA,CA,AWP,WE,Towers with Radar,271,89,94,0,454,0,1,216,0,217,271,90,310,0,671,402,0,402,1073
05/11/2022,SNA,CA,AWP,WE,Towers with Radar,271,88,102,0,461,0,0,244,2,246,271,88,346,2,707,346,2,348,1055
05/12/2022,SNA,CA,AWP,WE,Towers with Radar,292,110,129,0,531,0,0,259,2,261,292,110,388,2,792,105,0,105,897
05/13/2022,SNA,CA,AWP,WE,Towers with Radar,288,78,110,0,476,0,1,250,0,251,288,79,360,0,727,372,0,372,1099
05/14/2022,SNA,CA,AWP,WE,Towers with Radar,215,48,72,0,335,0,2,191,0,193,215,50,263,0,528,296,0,296,824
05/15/2022,SNA,CA,AWP,WE,Towers with Radar,273,108,121,0,502,0,3,193,0,196,273,111,314,0,698,238,0,238,936
05/16/2022,SNA,CA,AWP,WE,Towers with Radar,283,77,97,0,457,0,0,189,0,189,283,77,286,0,646,284,0,284,930
05/17/2022,SNA,CA,AWP,WE,Towers with Radar,270,55,129,0,454,0,0,144,2,146,270,55,273,2,600,494,0,494,1094
05/18/2022,SNA,CA,AWP,WE,Towers with Radar,277,84,132,0,493,0,0,171,0,171,277,84,303,0,664,344,0,344,1008
05/19/2022,SNA,CA,AWP,WE,Towers with Radar,292,106,140,0,538,1,2,59,0,62,293,108,199,0,600,43,0,43,643
05/20/2022,SNA,CA,AWP,WE,Towers with Radar,274,96,132,0,502,3,0,36,0,39,277,96,168,0,541,18,0,18,559
05/21/2022,SNA,CA,AWP,WE,Towers with Radar,204,48,103,0,355,11,8,114,0,133,215,56,217,0,488,8,0,8,496
05/22/2022,SNA,CA,AWP,WE,Towers with Radar,271,91,133,0,495,6,4,209,0,219,277,95,342,0,714,8,0,8,722
05/23/2022,SNA,CA,AWP,WE,Towers with Radar,284,77,87,0,448,0,1,107,1,109,284,78,194,1,557,208,0,208,765
05/24/2022,SNA,CA,AWP,WE,Towers with Radar,269,56,92,0,417,0,0,166,1,167,269,56,258,1,584,134,0,134,718
05/25/2022,SNA,CA,AWP,WE,Towers with Radar,268,66,107,2,443,8,2,178,0,188,276,68,285,2,631,98,0,98,729
05/26/2022,SNA,CA,AWP,WE,Towers with Radar,286,101,137,0,524,0,0,199,0,199,286,101,336,0,723,348,0,348,1071
05/27/2022,SNA,CA,AWP,WE,Towers with Radar,283,92,159,0,534,0,2,198,0,200,283,94,357,0,734,96,0,96,830
05/28/2022,SNA,CA,AWP,WE,Towers with Radar,218,41,98,0,357,0,0,83,2,85,218,41,181,2,442,326,0,326,768
05/29/2022,SNA,CA,AWP,WE,Towers with Radar,268,60,75,0,403,0,3,123,3,129,268,63,198,3,532,228,0,228,760
05/30/2022,SNA,CA,AWP,WE,Towers with Radar,283,84,146,0,513,0,1,172,0,173,283,85,318,0,686,226,0,226,912
05/31/2022,SNA,CA,AWP,WE,Towers with Radar,275,81,101,0,457,0,1,215,0,216,275,82,316,0,673,276,0,276,949
06/01/2022,SNA,CA,AWP,WE,Towers with Radar,275,70,79,0,424,0,0,214,0,214,275,70,293,0,638,364,0,364,1002
06/02/2022,SNA,CA,AWP,WE,Towers with Radar,288,88,100,0,476,0,1,165,1,167,288,89,265,1,643,286,0,286,929
06/03/2022,SNA,CA,AWP,WE,Towers with Radar,280,92,134,0,506,1,1,174,0,176,281,93,308,0,682,338,0,338,1020
06/04/2022,SNA,CA,AWP,WE,Towers with Radar,211,73,83,1,368,0,0,127,1,128,211,73,210,2,496,464,0,464,960
06/05/2022,SNA,CA,AWP,WE,Towers with Radar,275,100,117,0,492,0,0,173,0,173,275,100,290,0,665,250,0,250,915
06/06/2022,SNA,CA,AWP,WE,Towers with Radar,287,73,115,0,475,0,0,217,0,217,287,73,332,0,692,236,0,236,928
06/07/2022,SNA,CA,AWP,WE,Towers with Radar,275,78,124,0,477,0,1,184,0,185,275,79,308,0,662,246,0,246,908
06/08/2022,SNA,CA,AWP,WE,Towers with Radar,275,62,137,0,474,0,0,96,0,96,275,62,233,0,570,156,0,156,726
06/09/2022,SNA,CA,AWP,WE,Towers with Radar,291,76,131,0,498,0,1,70,0,71,291,77,201,0,569,10,0,10,579
06/10/2022,SNA,CA,AWP,WE,Towers with Radar,287,95,142,0,524,0,0,84,2,86,287,95,226,2,610,8,0,8,618
06/11/2022,SNA,CA,AWP,WE,Towers with Radar,225,69,98,0,392,0,0,176,1,177,225,69,274,1,569,322,0,322,891
06/12/2022,SNA,CA,AWP,WE,Towers with Radar,267,75,119,2,463,0,2,176,0,178,267,77,295,2,641,212,0,212,853
06/13/2022,SNA,CA,AWP,WE,Towers with Radar,289,81,106,0,476,0,1,128,0,129,289,82,234,0,605,312,0,312,917
06/14/2022,SNA,CA,AWP,WE,Towers with Radar,278,61,87,0,426,0,1,232,0,233,278,62,319,0,659,252,0,252,911
06/15/2022,SNA,CA,AWP,WE,Towers with Radar,275,73,115,0,463,0,1,245,2,248,275,74,360,2,711,281,0,281,992
06/16/2022,SNA,CA,AWP,WE,Towers with Radar,292,90,139,1,522,0,0,168,0,168,292,90,307,1,690,252,0,252,942
06/17/2022,SNA,CA,AWP,WE,Towers with Radar,283,88,121,0,492,0,1,195,0,196,283,89,316,0,688,406,0,406,1094
06/18/2022,SNA,CA,AWP,WE,Towers with Radar,217,60,91,0,368,0,0,236,1,237,217,60,327,1,605,168,0,168,773
06/19/2022,SNA,CA,AWP,WE,Towers with Radar,271,75,85,0,431,0,1,175,0,176,271,76,260,0,607,206,0,206,813
06/20/2022,SNA,CA,AWP,WE,Towers with Radar,288,84,111,0,483,0,0,286,0,286,288,84,397,0,769,396,0,396,1165
06/21/2022,SNA,CA,AWP,WE,Towers with Radar,272,66,88,0,426,0,0,238,2,240,272,66,326,2,666,338,0,338,1004
06/22/2022,SNA,CA,AWP,WE,Towers with Radar,272,67,98,0,437,0,1,172,0,173,272,68,270,0,610,296,0,296,906
06/23/2022,SNA,CA,AWP,WE,Towers with Radar,285,90,113,2,490,0,2,242,0,244,285,92,355,2,734,330,0,330,1064
06/24/2022,SNA,CA,AWP,WE,Towers with Radar,283,78,119,1,481,2,1,244,0,247,285,79,363,1,728,225,0,225,953
06/25/2022,SNA,CA,AWP,WE,Towers with Radar,221,62,80,0,363,0,0,169,2,171,221,62,249,2,534,322,0,322,856
06/26/2022,SNA,CA,AWP,WE,Towers with Radar,276,106,115,0,497,0,0,206,0,206,276,106,321,0,703,270,0,270,973
06/27/2022,SNA,CA,AWP,WE,Towers with Radar,283,78,102,0,463,0,0,208,0,208,283,78,310,0,671,370,0,370,1041
06/28/2022,SNA,CA,AWP,WE,Towers with Radar,272,70,105,0,447,0,0,223,1,224,272,70,328,1,671,370,0,370,1041
06/29/2022,SNA,CA,AWP,WE,Towers with Radar,270,64,128,0,462,0,0,195,0,195,270,64,323,0,657,256,0,256,913
06/30/2022,SNA,CA,AWP,WE,Towers with Radar,290,108,137,1,536,0,0,252,3,255,290,108,389,4,791,390,0,390,1181
07/01/2022,SNA,CA,AWP,WE,Towers with Radar,286,110,148,1,545,0,1,232,0,233,286,111,380,1,778,206,0,206,984
07/02/2022,SNA,CA,AWP,WE,Towers with Radar,220,60,85,1,366,0,0,215,0,215,220,60,300,1,581,138,0,138,719
07/03/2022,SNA,CA,AWP,WE,Towers with Radar,269,58,68,3,398,0,4,152,0,156,269,62,220,3,554,174,0,174,728
07/04/2022,SNA,CA,AWP,WE,Towers with Radar,282,60,75,0,417,0,0,99,0,99,282,60,174,0,516,36,0,36,552
07/05/2022,SNA,CA,AWP,WE,Towers with Radar,273,85,134,0,492,0,2,197,1,200,273,87,331,1,692,430,0,430,1122
07/06/2022,SNA,CA,AWP,WE,Towers with Radar,272,69,101,1,443,0,1,196,0,197,272,70,297,1,640,276,0,276,916
07/07/2022,SNA,CA,AWP,WE,Towers with Radar,288,87,97,0,472,0,0,243,0,243,288,87,340,0,715,340,0,340,1055
07/08/2022,SNA,CA,AWP,WE,Towers with Radar,286,68,124,2,480,0,0,230,2,232,286,68,354,4,712,352,0,352,1064
07/09/2022,SNA,CA,AWP,WE,Towers with Radar,222,64,83,1,370,0,2,190,0,192,222,66,273,1,562,350,0,350,912
07/10/2022,SNA,CA,AWP,WE,Towers with Radar,280,95,103,0,478,0,0,184,0,184,280,95,287,0,662,260,0,260,922
07/11/2022,SNA,CA,AWP,WE,Towers with Radar,293,84,107,0,484,0,1,188,0,189,293,85,295,0,673,385,0,385,1058
07/12/2022,SNA,CA,AWP,WE,Towers with Radar,271,68,89,1,429,0,1,179,0,180,271,69,268,1,609,188,0,188,797
07/13/2022,SNA,CA,AWP,WE,Towers with Radar,271,63,152,0,486,0,2,172,0,174,271,65,324,0,660,352,0,352,1012
07/14/2022,SNA,CA,AWP,WE,Towers with Radar,283,83,109,0,475,0,5,209,2,216,283,88,318,2,691,390,0,390,1081
07/15/2022,SNA,CA,AWP,WE,Towers with Radar,289,90,90,0,469,0,2,240,2,244,289,92,330,2,713,298,0,298,1011
07/16/2022,SNA,CA,AWP,WE,Towers with Radar,217,65,86,0,368,0,2,150,1,153,217,67,236,1,521,192,0,192,713
07/17/2022,SNA,CA,AWP,WE,Towers with Radar,277,103,136,0,516,0,2,157,0,159,277,105,293,0,675,116,0,116,791
07/18/2022,SNA,CA,AWP,WE,Towers with Radar,292,89,99,0,480,0,0,176,0,176,292,89,275,0,656,366,0,366,1022
07/19/2022,SNA,CA,AWP,WE,Towers with Radar,270,52,116,1,439,0,4,210,1,215,270,56,326,2,654,392,0,392,1046
07/20/2022,SNA,CA,AWP,WE,Towers with Radar,270,73,90,1,434,0,1,241,0,242,270,74,331,1,676,292,0,292,968
07/21/2022,SNA,CA,AWP,WE,Towers with Radar,288,99,126,0,513,0,0,262,0,262,288,99,388,0,775,348,0,348,1123
07/22/2022,SNA,CA,AWP,WE,Towers with Radar,290,76,117,0,483,0,1,242,1,244,290,77,359,1,727,262,0,262,989
07/23/2022,SNA,CA,AWP,WE,Towers with Radar,217,56,102,0,375,0,0,178,0,178,217,56,280,0,553,388,0,388,941
07/24/2022,SNA,CA,AWP,WE,Towers with Radar,270,91,137,0,498,0,0,140,0,140,270,91,277,0,638,240,0,240,878
07/25/2022,SNA,CA,AWP,WE,Towers with Radar,286,77,109,2,474,0,0,171,1,172,286,77,280,3,646,270,0,270,916
07/26/2022,SNA,CA,AWP,WE,Towers with Radar,336,64,95,0,495,0,0,216,1,217,336,64,311,1,712,408,0,408,1120
07/27/2022,SNA,CA,AWP,WE,Towers with Radar,270,64,131,0,465,0,0,190,0,190,270,64,321,0,655,310,0,310,965
07/28/2022,SNA,CA,AWP,WE,Towers with Radar,289,95,129,0,513,0,1,187,0,188,289,96,316,0,701,354,0,354,1055
07/29/2022,SNA,CA,AWP,WE,Towers with Radar,289,91,129,1,510,0,0,220,2,222,289,91,349,3,732,348,0,348,1080
07/30/2022,SNA,CA,AWP,WE,Towers with Radar,217,77,79,0,373,0,2,202,0,204,217,79,281,0,577,254,0,254,831
07/31/2022,SNA,CA,AWP,WE,Towers with Radar,267,103,144,0,514,0,3,178,0,181,267,106,322,0,695,128,0,128,823
08/01/2022,SNA,CA,AWP,WE,Towers with Radar,295,72,106,0,473,0,1,206,0,207,295,73,312,0,680,270,0,270,950
08/02/2022,SNA,CA,AWP,WE,Towers with Radar,278,65,97,1,441,0,0,227,0,227,278,65,324,1,668,390,0,390,1058
08/03/2022,SNA,CA,AWP,WE,Towers with Radar,276,58,118,0,452,0,1,191,2,194,276,59,309,2,646,318,0,318,964
08/04/2022,SNA,CA,AWP,WE,Towers with Radar,274,87,115,0,476,0,2,221,1,224,274,89,336,1,700,388,0,388,1088
08/05/2022,SNA,CA,AWP,WE,Towers with Radar,277,84,116,0,477,0,1,271,0,272,277,85,387,0,749,358,0,358,1107
08/06/2022,SNA,CA,AWP,WE,Towers with Radar,212,78,90,0,380,0,1,211,0,212,212,79,301,0,592,228,0,228,820
08/07/2022,SNA,CA,AWP,WE,Towers with Radar,281,104,120,0,505,0,2,181,0,183,281,106,301,0,688,192,0,192,880
08/08/2022,SNA,CA,AWP,WE,Towers with Radar,290,58,102,0,450,0,1,235,0,236,290,59,337,0,686,296,0,296,982
08/09/2022,SNA,CA,AWP,WE,Towers with Radar,276,52,82,0,410,0,0,215,1,216,276,52,297,1,626,368,0,368,994
08/10/2022,SNA,CA,AWP,WE,Towers with Radar,263,66,100,0,429,0,0,253,1,254,263,66,353,1,683,327,0,327,1010
08/11/2022,SNA,CA,AWP,WE,Towers with Radar,289,72,135,0,496,0,0,245,0,245,289,72,380,0,741,380,0,380,1121
08/12/2022,SNA,CA,AWP,WE,Towers with Radar,279,89,117,0,485,0,0,242,1,243,279,89,359,1,728,376,0,376,1104
08/13/2022,SNA,CA,AWP,WE,Towers with Radar,216,53,64,0,333,0,2,198,0,200,216,55,262,0,533,398,0,398,931
08/14/2022,SNA,CA,AWP,WE,Towers with Radar,270,86,129,0,485,0,0,169,0,169,270,86,298,0,654,192,0,192,846
08/15/2022,SNA,CA,AWP,WE,Towers with Radar,295,75,103,0,473,0,0,183,1,184,295,75,286,1,657,344,0,344,1001
08/16/2022,SNA,CA,AWP,WE,Towers with Radar,279,56,83,0,418,0,0,208,0,208,279,56,291,0,626,310,0,310,936
08/17/2022,SNA,CA,AWP,WE,Towers with Radar,280,67,94,0,441,0,0,191,0,191,280,67,285,0,632,304,0,304,936
08/18/2022,SNA,CA,AWP,WE,Towers with Radar,294,89,131,0,514,0,1,199,0,200,294,90,330,0,714,362,0,362,1076
08/19/2022,SNA,CA,AWP,WE,Towers with Radar,291,87,115,0,493,0,1,228,0,229,291,88,343,0,722,296,0,296,1018
08/20/2022,SNA,CA,AWP,WE,Towers with Radar,214,59,92,0,365,0,0,129,4,133,214,59,221,4,498,314,0,314,812
08/21/2022,SNA,CA,AWP,WE,Towers with Radar,274,115,156,0,545,0,0,96,0,96,274,115,252,0,641,156,0,156,797
08/22/2022,SNA,CA,AWP,WE,Towers with Radar,283,60,129,0,472,0,1,175,0,176,283,61,304,0,648,318,0,318,966
08/23/2022,SNA,CA,AWP,WE,Towers with Radar,270,68,112,0,450,0,0,183,0,183,270,68,295,0,633,404,0,404,1037
08/24/2022,SNA,CA,AWP,WE,Towers with Radar,276,63,106,0,445,0,0,199,0,199,276,63,305,0,644,352,0,352,996
08/25/2022,SNA,CA,AWP,WE,Towers with Radar,292,87,124,0,503,0,0,230,0,230,292,87,354,0,733,394,0,394,1127
08/26/2022,SNA,CA,AWP,WE,Towers with Radar,292,104,107,0,503,1,0,225,0,226,293,104,332,0,729,534,0,534,1263
08/27/2022,SNA,CA,AWP,WE,Towers with Radar,218,72,99,0,389,0,2,164,0,166,218,74,263,0,555,298,0,298,853
08/28/2022,SNA,CA,AWP,WE,Towers with Radar,282,121,119,0,522,0,0,229,0,229,282,121,348,0,751,388,0,388,1139
08/29/2022,SNA,CA,AWP,WE,Towers with Radar,292,82,83,0,457,0,0,220,2,222,292,82,303,2,679,326,0,326,1005
08/30/2022,SNA,CA,AWP,WE,Towers with Radar,274,49,75,0,398,0,0,220,0,220,274,49,295,0,618,370,0,370,988
08/31/2022,SNA,CA,AWP,WE,Towers with Radar,278,56,82,1,417,0,0,258,1,259,278,56,340,2,676,368,0,368,1044
09/01/2022,SNA,CA,AWP,WE,Towers with Radar,290,105,129,0,524,0,1,250,0,251,290,106,379,0,775,538,0,538,1313
09/02/2022,SNA,CA,AWP,WE,Towers with Radar,290,93,115,0,498,0,0,247,0,247,290,93,362,0,745,368,0,368,1113
09/03/2022,SNA,CA,AWP,WE,Towers with Radar,208,58,83,0,349,0,0,189,0,189,208,58,272,0,538,444,0,444,982
09/04/2022,SNA,CA,AWP,WE,Towers with Radar,244,68,79,0,391,0,0,121,0,121,244,68,200,0,512,142,0,142,654
09/05/2022,SNA,CA,AWP,WE,Towers with Radar,291,102,147,0,540,0,0,203,0,203,291,102,350,0,743,277,0,277,1020
09/06/2022,SNA,CA,AWP,WE,Towers with Radar,279,95,90,0,464,0,0,171,1,172,279,95,261,1,636,320,0,320,956
09/07/2022,SNA,CA,AWP,WE,Towers with Radar,272,64,83,0,419,0,0,201,2,203,272,64,284,2,622,268,0,268,890
09/08/2022,SNA,CA,AWP,WE,Towers with Radar,289,87,120,0,496,0,0,227,1,228,289,87,347,1,724,214,0,214,938
09/09/2022,SNA,CA,AWP,WE,Towers with Radar,296,76,111,0,483,0,0,61,2,63,296,76,172,2,546,96,0,96,642
09/10/2022,SNA,CA,AWP,WE,Towers with Radar,225,48,77,0,350,0,0,82,0,82,225,48,159,0,432,140,0,140,572
09/11/2022,SNA,CA,AWP,WE,Towers with Radar,285,96,129,0,510,0,2,126,0,128,285,98,255,0,638,212,0,212,850
09/12/2022,SNA,CA,AWP,WE,Towers with Radar,302,75,114,0,491,0,4,189,1,194,302,79,303,1,685,272,0,272,957
09/13/2022,SNA,CA,AWP,WE,Towers with Radar,277,78,112,1,468,0,2,200,1,203,277,80,312,2,671,416,0,416,1087
09/14/2022,SNA,CA,AWP,WE,Towers with Radar,279,97,127,0,503,0,1,212,0,213,279,98,339,0,716,316,0,316,1032
09/15/2022,SNA,CA,AWP,WE,Towers with Radar,296,133,107,0,536,0,1,224,1,226,296,134,331,1,762,253,0,253,1015
09/16/2022,SNA,CA,AWP,WE,Towers with Radar,286,86,121,0,493,0,0,250,0,250,286,86,371,0,743,345,0,345,1088
09/17/2022,SNA,CA,AWP,WE,Towers with Radar,223,42,83,0,348,0,1,187,0,188,223,43,270,0,536,318,0,318,854
09/18/2022,SNA,CA,AWP,WE,Towers with Radar,275,97,163,0,535,0,0,163,0,163,275,97,326,0,698,242,0,242,940
09/19/2022,SNA,CA,AWP,WE,Towers with Radar,295,69,104,0,468,0,0,239,0,239,295,69,343,0,707,314,0,314,1021
09/20/2022,SNA,CA,AWP,WE,Towers with Radar,275,56,118,2,451,0,0,239,1,240,275,56,357,3,691,370,0,370,1061
09/21/2022,SNA,CA,AWP,WE,Towers with Radar,279,72,121,0,472,0,0,210,0,210,279,72,331,0,682,238,0,238,920
09/22/2022,SNA,CA,AWP,WE,Towers with Radar,296,92,137,0,525,0,3,251,1,255,296,95,388,1,780,348,0,348,1128
09/23/2022,SNA,CA,AWP,WE,Towers with Radar,288,102,125,0,515,0,5,272,0,277,288,107,397,0,792,191,0,191,983
09/24/2022,SNA,CA,AWP,WE,Towers with Radar,225,64,62,0,351,0,0,209,1,210,225,64,271,1,561,144,0,144,705
09/25/2022,SNA,CA,AWP,WE,Towers with Radar,290,89,116,0,495,0,0,218,0,218,290,89,334,0,713,168,0,168,881
09/26/2022,SNA,CA,AWP,WE,Towers with Radar,295,78,90,0,463,0,2,261,0,263,295,80,351,0,726,232,0,232,958
09/27/2022,SNA,CA,AWP,WE,Towers with Radar,278,50,94,0,422,0,0,215,0,215,278,50,309,0,637,398,0,398,1035
09/28/2022,SNA,CA,AWP,WE,Towers with Radar,282,59,96,1,438,0,0,178,2,180,282,59,274,3,618,292,0,292,910
09/29/2022,SNA,CA,AWP,WE,Towers with Radar,291,96,135,3,525,0,2,166,5,173,291,98,301,8,698,172,0,172,870
09/30/2022,SNA,CA,AWP,WE,Towers with Radar,291,80,126,3,500,0,1,210,4,215,291,81,336,7,715,180,0,180,895
10/01/2022,SNA,CA,AWP,WE,Towers with Radar,211,69,80,0,360,0,1,143,2,146,211,70,223,2,506,156,0,156,662
10/02/2022,SNA,CA,AWP,WE,Towers with Radar,284,79,124,1,488,0,0,156,4,160,284,79,280,5,648,80,0,80,728
10/03/2022,SNA,CA,AWP,WE,Towers with Radar,288,73,108,5,474,0,0,228,3,231,288,73,336,8,705,284,0,284,989
10/04/2022,SNA,CA,AWP,WE,Towers with Radar,273,51,102,0,426,0,0,199,1,200,273,51,301,1,626,328,0,328,954
10/05/2022,SNA,CA,AWP,WE,Towers with Radar,283,73,125,0,481,0,0,181,0,181,283,73,306,0,662,148,0,148,810
10/06/2022,SNA,CA,AWP,WE,Towers with Radar,291,102,170,0,563,0,1,131,0,132,291,103,301,0,695,246,0,246,941
10/07/2022,SNA,CA,AWP,WE,Towers with Radar,296,83,137,1,517,0,3,253,0,256,296,86,390,1,773,284,0,284,1057
10/08/2022,SNA,CA,AWP,WE,Towers with Radar,224,63,86,0,373,0,2,162,0,164,224,65,248,0,537,148,0,148,685
10/09/2022,SNA,CA,AWP,WE,Towers with Radar,287,114,136,0,537,0,0,164,2,166,287,114,300,2,703,88,2,90,793
10/10/2022,SNA,CA,AWP,WE,Towers with Radar,295,102,118,1,516,0,0,151,2,153,295,102,269,3,669,202,0,202,871
10/11/2022,SNA,CA,AWP,WE,Towers with Radar,278,87,132,1,498,0,0,100,2,102,278,87,232,3,600,412,0,412,1012
10/12/2022,SNA,CA,AWP,WE,Towers with Radar,277,102,153,0,532,0,1,95,1,97,277,103,248,1,629,292,0,292,921
10/13/2022,SNA,CA,AWP,WE,Towers with Radar,299,106,142,0,547,0,0,51,0,51,299,106,193,0,598,358,0,358,956
10/14/2022,SNA,CA,AWP,WE,Towers with Radar,297,76,119,2,494,0,0,50,7,57,297,76,169,9,551,50,0,50,601
10/15/2022,SNA,CA,AWP,WE,Towers with Radar,222,57,94,0,373,0,0,67,0,67,222,57,161,0,440,292,0,292,732
10/16/2022,SNA,CA,AWP,WE,Towers with Radar,292,100,153,0,545,0,0,96,0,96,292,100,249,0,641,162,0,162,803
10/17/2022,SNA,CA,AWP,WE,Towers with Radar,293,85,106,0,484,0,1,222,1,224,293,86,328,1,708,296,0,296,1004
10/18/2022,SNA,CA,AWP,WE,Towers with Radar,275,76,116,0,467,0,2,257,0,259,275,78,373,0,726,378,0,378,1104
10/19/2022,SNA,CA,AWP,WE,Towers with Radar,272,77,98,0,447,0,0,258,0,258,272,77,356,0,705,436,0,436,1141
10/20/2022,SNA,CA,AWP,WE,Towers with Radar,294,99,100,2,495,0,3,265,1,269,294,102,365,3,764,252,0,252,1016
10/21/2022,SNA,CA,AWP,WE,Towers with Radar,299,117,126,0,542,0,2,241,0,243,299,119,367,0,785,320,0,320,1105
10/22/2022,SNA,CA,AWP,WE,Towers with Radar,223,56,82,0,361,0,0,80,0,80,223,56,162,0,441,247,0,247,688
10/23/2022,SNA,CA,AWP,WE,Towers with Radar,285,112,127,1,525,1,2,229,0,232,286,114,356,1,757,230,0,230,987
10/24/2022,SNA,CA,AWP,WE,Towers with Radar,305,96,91,0,492,0,3,194,0,197,305,99,285,0,689,148,0,148,837
10/25/2022,SNA,CA,AWP,WE,Towers with Radar,273,55,105,0,433,0,1,227,0,228,273,56,332,0,661,470,0,470,1131
10/26/2022,SNA,CA,AWP,WE,Towers with Radar,276,71,101,0,448,0,0,227,3,230,276,71,328,3,678,414,0,414,1092
10/27/2022,SNA,CA,AWP,WE,Towers with Radar,300,95,105,0,500,0,2,243,1,246,300,97,348,1,746,432,0,432,1178
10/28/2022,SNA,CA,AWP,WE,Towers with Radar,296,82,116,0,494,0,0,231,4,235,296,82,347,4,729,194,0,194,923
10/29/2022,SNA,CA,AWP,WE,Towers with Radar,221,36,84,0,341,0,2,199,3,204,221,38,283,3,545,267,0,267,812
10/30/2022,SNA,CA,AWP,WE,Towers with Radar,278,78,94,1,451,0,0,261,1,262,278,78,355,2,713,58,0,58,771
10/31/2022,SNA,CA,AWP,WE,Towers with Radar,286,56,60,0,402,0,0,170,0,170,286,56,230,0,572,224,0,224,796
11/01/2022,SNA,CA,AWP,WE,Towers with Radar,268,68,98,0,434,0,0,145,1,146,268,68,243,1,580,330,0,330,910
11/02/2022,SNA,CA,AWP,WE,Towers with Radar,270,85,106,1,462,0,0,131,3,134,270,85,237,4,596,334,0,334,930
11/03/2022,SNA,CA,AWP,WE,Towers with Radar,292,102,119,0,513,0,1,182,14,197,292,103,301,14,710,334,0,334,1044
11/04/2022,SNA,CA,AWP,WE,Towers with Radar,285,82,124,0,491,0,2,304,3,309,285,84,428,3,800,235,0,235,1035
11/05/2022,SNA,CA,AWP,WE,Towers with Radar,220,44,79,0,343,0,0,256,0,256,220,44,335,0,599,382,0,382,981
11/06/2022,SNA,CA,AWP,WE,Towers with Radar,288,91,124,1,504,0,2,205,1,208,288,93,329,2,712,200,0,200,912
11/07/2022,SNA,CA,AWP,WE,Towers with Radar,297,66,99,0,462,1,0,35,0,36,298,66,134,0,498,82,0,82,580
11/08/2022,SNA,CA,AWP,WE,Towers with Radar,271,39,74,4,388,0,0,30,0,30,271,39,104,4,418,54,0,54,472
11/09/2022,SNA,CA,AWP,WE,Towers with Radar,281,60,95,0,436,0,0,164,0,164,281,60,259,0,600,440,0,440,1040
11/10/2022,SNA,CA,AWP,WE,Towers with Radar,294,80,106,0,480,1,2,234,2,239,295,82,340,2,719,312,0,312,1031
11/11/2022,SNA,CA,AWP,WE,Towers with Radar,299,82,110,0,491,0,0,299,0,299,299,82,409,0,790,436,0,436,1226
11/12/2022,SNA,CA,AWP,WE,Towers with Radar,228,50,75,0,353,0,1,248,0,249,228,51,323,0,602,244,0,244,846
11/13/2022,SNA,CA,AWP,WE,Towers with Radar,292,87,136,0,515,0,2,137,0,139,292,89,273,0,654,210,0,210,864
11/14/2022,SNA,CA,AWP,WE,Towers with Radar,301,62,81,0,444,0,1,252,0,253,301,63,333,0,697,266,0,266,963
11/15/2022,SNA,CA,AWP,WE,Towers with Radar,280,63,89,0,432,0,1,206,0,207,280,64,295,0,639,356,0,356,995
11/16/2022,SNA,CA,AWP,WE,Towers with Radar,278,60,83,3,424,0,0,71,0,71,278,60,154,3,495,50,0,50,545
11/17/2022,SNA,CA,AWP,WE,Towers with Radar,285,74,81,2,442,0,1,250,0,251,285,75,331,2,693,354,0,354,1047
11/18/2022,SNA,CA,AWP,WE,Towers with Radar,288,81,131,0,500,0,1,274,0,275,288,82,405,0,775,230,0,230,1005
11/19/2022,SNA,CA,AWP,WE,Towers with Radar,237,72,77,0,386,0,1,127,0,128,237,73,204,0,514,44,0,44,558
11/20/2022,SNA,CA,AWP,WE,Towers with Radar,282,76,112,0,470,0,0,217,0,217,282,76,329,0,687,216,0,216,903
11/21/2022,SNA,CA,AWP,WE,Towers with Radar,291,74,100,0,465,0,0,185,0,185,291,74,285,0,650,154,0,154,804
11/22/2022,SNA,CA,AWP,WE,Towers with Radar,300,85,107,0,492,0,0,255,0,255,300,85,362,0,747,349,4,353,1100
11/23/2022,SNA,CA,AWP,WE,Towers with Radar,306,90,104,0,500,0,1,268,0,269,306,91,372,0,769,204,0,204,973
11/24/2022,SNA,CA,AWP,WE,Towers with Radar,216,35,18,0,269,0,3,47,0,50,216,38,65,0,319,40,0,40,359
11/25/2022,SNA,CA,AWP,WE,Towers with Radar,278,68,62,0,408,0,1,151,0,152,278,69,213,0,560,64,0,64,624
11/26/2022,SNA,CA,AWP,WE,Towers with Radar,243,94,110,0,447,0,0,216,2,218,243,94,326,2,665,292,0,292,957
11/27/2022,SNA,CA,AWP,WE,Towers with Radar,296,104,200,0,600,0,1,182,1,184,296,105,382,1,784,72,0,72,856
11/28/2022,SNA,CA,AWP,WE,Towers with Radar,298,69,71,0,438,0,0,112,0,112,298,69,183,0,550,172,0,172,722
11/29/2022,SNA,CA,AWP,WE,Towers with Radar,273,56,81,0,410,0,0,201,0,201,273,56,282,0,611,254,0,254,865
11/30/2022,SNA,CA,AWP,WE,Towers with Radar,275,54,90,0,419,0,0,160,0,160,275,54,250,0,579,222,0,222,801
12/01/2022,SNA,CA,AWP,WE,Towers with Radar,281,85,95,0,461,0,0,149,0,149,281,85,244,0,610,352,0,352,962
12/02/2022,SNA,CA,AWP,WE,Towers with Radar,285,96,115,0,496,0,0,106,0,106,285,96,221,0,602,108,0,108,710
12/03/2022,SNA,CA,AWP,WE,Towers with Radar,219,67,75,0,361,0,2,210,0,212,219,69,285,0,573,208,0,208,781
12/04/2022,SNA,CA,AWP,WE,Towers with Radar,286,83,126,0,495,0,0,83,1,84,286,83,209,1,579,128,0,128,707
12/05/2022,SNA,CA,AWP,WE,Towers with Radar,289,85,110,1,485,0,2,135,2,139,289,87,245,3,624,246,0,246,870
12/06/2022,SNA,CA,AWP,WE,Towers with Radar,271,49,111,1,432,0,0,128,1,129,271,49,239,2,561,200,0,200,761
12/07/2022,SNA,CA,AWP,WE,Towers with Radar,277,78,89,0,444,0,2,198,1,201,277,80,287,1,645,378,0,378,1023
12/08/2022,SNA,CA,AWP,WE,Towers with Radar,289,74,110,0,473,0,0,223,1,224,289,74,333,1,697,220,0,220,917
12/09/2022,SNA,CA,AWP,WE,Towers with Radar,290,82,120,0,492,0,2,246,1,249,290,84,366,1,741,368,0,368,1109
12/10/2022,SNA,CA,AWP,WE,Towers with Radar,226,54,66,0,346,0,0,170,0,170,226,54,236,0,516,318,0,318,834
12/11/2022,SNA,CA,AWP,WE,Towers with Radar,271,78,87,0,436,2,0,28,0,30,273,78,115,0,466,28,0,28,494
12/12/2022,SNA,CA,AWP,WE,Towers with Radar,291,69,86,1,447,0,0,64,1,65,291,69,150,2,512,172,0,172,684
12/13/2022,SNA,CA,AWP,WE,Towers with Radar,265,52,92,0,409,0,1,216,0,217,265,53,308,0,626,332,2,334,960
12/14/2022,SNA,CA,AWP,WE,Towers with Radar,273,81,100,0,454,0,1,244,0,245,273,82,344,0,699,254,0,254,953
12/15/2022,SNA,CA,AWP,WE,Towers with Radar,294,79,114,0,487,0,0,234,0,234,294,79,348,0,721,200,0,200,921
12/16/2022,SNA,CA,AWP,WE,Towers with Radar,293,111,104,0,508,0,3,215,2,220,293,114,319,2,728,354,0,354,1082
12/17/2022,SNA,CA,AWP,WE,Towers with Radar,229,80,62,0,371,0,4,237,1,242,229,84,299,1,613,22,0,22,635
12/18/2022,SNA,CA,AWP,WE,Towers with Radar,274,72,79,0,425,0,0,182,0,182,274,72,261,0,607,57,0,57,664
12/19/2022,SNA,CA,AWP,WE,Towers with Radar,285,71,87,0,443,0,3,226,1,230,285,74,313,1,673,44,0,44,717
12/20/2022,SNA,CA,AWP,WE,Towers with Radar,279,77,74,0,430,0,1,208,0,209,279,78,282,0,639,244,0,244,883
12/21/2022,SNA,CA,AWP,WE,Towers with Radar,276,61,82,1,420,0,0,228,1,229,276,61,310,2,649,300,0,300,949
12/22/2022,SNA,CA,AWP,WE,Towers with Radar,246,76,88,0,410,0,1,230,2,233,246,77,318,2,643,350,0,350,993
12/23/2022,SNA,CA,AWP,WE,Towers with Radar,220,81,99,0,400,0,1,214,0,215,220,82,313,0,615,53,0,53,668
12/24/2022,SNA,CA,AWP,WE,Towers with Radar,154,51,57,0,262,0,0,87,0,87,154,51,144,0,349,44,0,44,393
12/25/2022,SNA,CA,AWP,WE,Towers with Radar,157,42,23,0,222,0,0,53,0,53,157,42,76,0,275,6,0,6,281
12/26/2022,SNA,CA,AWP,WE,Towers with Radar,181,102,159,0,442,0,1,199,0,200,181,103,358,0,642,24,0,24,666
12/27/2022,SNA,CA,AWP,WE,Towers with Radar,196,88,101,2,387,0,0,88,0,88,196,88,189,2,475,96,0,96,571
12/28/2022,SNA,CA,AWP,WE,Towers with Radar,193,68,118,0,379,0,0,112,0,112,193,68,230,0,491,318,0,318,809
12/29/2022,SNA,CA,AWP,WE,Towers with Radar,207,95,86,1,389,0,0,73,0,73,207,95,159,1,462,324,0,324,786
12/30/2022,SNA,CA,AWP,WE,Towers with Radar,297,80,93,0,470,0,0,29,0,29,297,80,122,0,499,30,0,30,529
12/31/2022,SNA,CA,AWP,WE,Towers with Radar,198,50,48,0,296,0,1,1,0,2,198,51,49,0,298,0,0,0,298
01/01/2023,SNA,CA,AWP,WE,Towers with Radar,252,64,73,0,389,0,0,26,0,26,252,64,99,0,415,2,0,2,417
01/02/2023,SNA,CA,AWP,WE,Towers with Radar,276,93,133,0,502,0,2,129,0,131,276,95,262,0,633,272,0,272,905
01/03/2023,SNA,CA,AWP,WE,Towers with Radar,272,72,101,0,445,0,0,14,0,14,272,72,115,0,459,52,0,52,511
01/04/2023,SNA,CA,AWP,WE,Towers with Radar,261,53,84,0,398,0,0,11,0,11,261,53,95,0,409,164,0,164,573
01/05/2023,SNA,CA,AWP,WE,Towers with Radar,278,72,67,0,417,0,0,31,0,31,278,72,98,0,448,112,0,112,560
01/06/2023,SNA,CA,AWP,WE,Towers with Radar,269,79,95,1,444,0,0,283,0,283,269,79,378,1,727,246,0,246,973
01/07/2023,SNA,CA,AWP,WE,Towers with Radar,203,72,104,0,379,0,1,184,0,185,203,73,288,0,564,234,0,234,798
01/08/2023,SNA,CA,AWP,WE,Towers with Radar,251,81,105,0,437,0,0,133,0,133,251,81,238,0,570,214,0,214,784
01/09/2023,SNA,CA,AWP,WE,Towers with Radar,269,81,82,0,432,0,0,48,0,48,269,81,130,0,480,156,0,156,636
01/10/2023,SNA,CA,AWP,WE,Towers with Radar,243,57,68,0,368,0,0,17,0,17,243,57,85,0,385,0,0,0,385
01/11/2023,SNA,CA,AWP,WE,Towers with Radar,243,71,88,0,402,0,1,166,0,167,243,72,254,0,569,382,0,382,951
01/12/2023,SNA,CA,AWP,WE,Towers with Radar,274,81,104,0,459,0,0,213,0,213,274,81,317,0,672,362,0,362,1034
01/13/2023,SNA,CA,AWP,WE,Towers with Radar,273,73,107,0,453,0,4,229,0,233,273,77,336,0,686,240,0,240,926
01/14/2023,SNA,CA,AWP,WE,Towers with Radar,187,48,42,0,277,1,0,9,0,10,188,48,51,0,287,56,0,56,343
01/15/2023,SNA,CA,AWP,WE,Towers with Radar,241,59,65,0,365,0,0,36,0,36,241,59,101,0,401,116,0,116,517
01/16/2023,SNA,CA,AWP,WE,Towers with Radar,270,72,87,0,429,0,0,33,0,33,270,72,120,0,462,32,0,32,494
01/17/2023,SNA,CA,AWP,WE,Towers with Radar,235,55,81,0,371,0,1,223,0,224,235,56,304,0,595,316,0,316,911
01/18/2023,SNA,CA,AWP,WE,Towers with Radar,239,36,90,0,365,0,1,254,0,255,239,37,344,0,620,266,0,266,886
01/19/2023,SNA,CA,AWP,WE,Towers with Radar,273,65,100,0,438,0,1,172,0,173,273,66,272,0,611,306,0,306,917
01/20/2023,SNA,CA,AWP,WE,Towers with Radar,268,77,91,0,436,0,0,237,0,237,268,77,328,0,673,144,0,144,817
01/21/2023,SNA,CA,AWP,WE,Towers with Radar,199,48,59,0,306,0,0,252,2,254,199,48,311,2,560,180,0,180,740
01/22/2023,SNA,CA,AWP,WE,Towers with Radar,252,94,82,0,428,0,1,189,0,190,252,95,271,0,618,212,0,212,830
01/23/2023,SNA,CA,AWP,WE,Towers with Radar,267,75,65,0,407,0,0,89,0,89,267,75,154,0,496,88,0,88,584
01/24/2023,SNA,CA,AWP,WE,Towers with Radar,239,45,90,3,377,0,1,194,4,199,239,46,284,7,576,368,0,368,944
01/25/2023,SNA,CA,AWP,WE,Towers with Radar,248,72,96,0,416,0,0,211,1,212,248,72,307,1,628,376,0,376,1004
01/26/2023,SNA,CA,AWP,WE,Towers with Radar,272,103,94,0,469,0,1,58,0,59,272,104,152,0,528,6,0,6,534
01/27/2023,SNA,CA,AWP,WE,Towers with Radar,269,92,113,0,474,0,4,296,0,300,269,96,409,0,774,132,0,132,906
01/28/2023,SNA,CA,AWP,WE,Towers with Radar,200,35,69,0,304,0,1,211,2,214,200,36,280,2,518,226,0,226,744
01/29/2023,SNA,CA,AWP,WE,Towers with Radar,251,89,120,0,460,0,0,23,0,23,251,89,143,0,483,26,0,26,509
01/30/2023,SNA,CA,AWP,WE,Towers with Radar,254,73,82,0,409,0,0,47,0,47,254,73,129,0,456,71,0,71,527
01/31/2023,SNA,CA,AWP,WE,Towers with Radar,215,50,72,2,339,0,1,118,0,119,215,51,190,2,458,58,0,58,516
02/01/2023,SNA,CA,AWP,WE,Towers with Radar,227,68,96,0,391,0,1,274,0,275,227,69,370,0,666,236,0,236,902
02/02/2023,SNA,CA,AWP,WE,Towers with Radar,268,86,108,0,462,0,3,238,0,241,268,89,346,0,703,444,0,444,1147
02/03/2023,SNA,CA,AWP,WE,Towers with Radar,273,78,93,1,445,0,0,225,0,225,273,78,318,1,670,348,0,348,1018
02/04/2023,SNA,CA,AWP,WE,Towers with Radar,204,57,71,0,332,0,0,275,2,277,204,57,346,2,609,182,0,182,791
02/05/2023,SNA,CA,AWP,WE,Towers with Radar,253,86,100,2,441,0,1,115,3,119,253,87,215,5,560,18,0,18,578
02/06/2023,SNA,CA,AWP,WE,Towers with Radar,275,78,72,0,425,0,0,188,0,188,275,78,260,0,613,338,0,338,951
02/07/2023,SNA,CA,AWP,WE,Towers with Radar,248,67,69,0,384,0,0,214,2,216,248,67,283,2,600,176,0,176,776
02/08/2023,SNA,CA,AWP,WE,Towers with Radar,252,67,82,0,401,0,0,241,0,241,252,67,323,0,642,328,0,328,970
02/09/2023,SNA,CA,AWP,WE,Towers with Radar,279,69,105,0,453,0,1,197,0,198,279,70,302,0,651,288,0,288,939
02/10/2023,SNA,CA,AWP,WE,Towers with Radar,271,88,103,0,462,0,0,246,0,246,271,88,349,0,708,216,0,216,924
02/11/2023,SNA,CA,AWP,WE,Towers with Radar,206,60,68,0,334,0,0,117,0,117,206,60,185,0,451,255,0,255,706
02/12/2023,SNA,CA,AWP,WE,Towers with Radar,246,94,66,0,406,0,0,108,0,108,246,94,174,0,514,46,0,46,560
02/13/2023,SNA,CA,AWP,WE,Towers with Radar,266,88,111,0,465,0,2,193,0,195,266,90,304,0,660,202,0,202,862
02/14/2023,SNA,CA,AWP,WE,Towers with Radar,238,45,72,2,357,0,2,67,2,71,238,47,139,4,428,284,0,284,712
02/15/2023,SNA,CA,AWP,WE,Towers with Radar,246,79,100,0,425,0,1,203,3,207,246,80,303,3,632,146,0,146,778
02/16/2023,SNA,CA,AWP,WE,Towers with Radar,261,94,125,0,480,0,0,200,1,201,261,94,325,1,681,206,0,206,887
02/17/2023,SNA,CA,AWP,WE,Towers with Radar,279,115,134,0,528,0,0,252,3,255,279,115,386,3,783,14,0,14,797
02/18/2023,SNA,CA,AWP,WE,Towers with Radar,209,77,91,0,377,0,0,239,0,239,209,77,330,0,616,26,0,26,642
02/19/2023,SNA,CA,AWP,WE,Towers with Radar,246,77,81,0,404,0,0,171,0,171,246,77,252,0,575,80,0,80,655
02/20/2023,SNA,CA,AWP,WE,Towers with Radar,281,89,122,0,492,0,1,254,0,255,281,90,376,0,747,148,0,148,895
02/21/2023,SNA,CA,AWP,WE,Towers with Radar,245,72,109,0,426,0,0,113,2,115,245,72,222,2,541,188,0,188,729
02/22/2023,SNA,CA,AWP,WE,Towers with Radar,244,55,60,0,359,0,0,38,0,38,244,55,98,0,397,20,0,20,417
02/23/2023,SNA,CA,AWP,WE,Towers with Radar,269,110,70,0,449,0,0,28,3,31,269,110,98,3,480,58,0,58,538
02/24/2023,SNA,CA,AWP,WE,Towers with Radar,283,66,74,0,423,0,0,13,0,13,283,66,87,0,436,4,0,4,440
02/25/2023,SNA,CA,AWP,WE,Towers with Radar,210,72,62,0,344,0,0,7,0,7,210,72,69,0,351,2,0,2,353
02/26/2023,SNA,CA,AWP,WE,Towers with Radar,252,101,121,0,474,0,0,147,0,147,252,101,268,0,621,90,0,90,711
02/27/2023,SNA,CA,AWP,WE,Towers with Radar,281,86,49,3,419,0,0,51,1,52,281,86,100,4,471,166,0,166,637
02/28/2023,SNA,CA,AWP,WE,Towers with Radar,246,49,77,0,372,0,0,100,2,102,246,49,177,2,474,220,0,220,694
03/01/2023,SNA,CA,AWP,WE,Towers with Radar,269,54,54,0,377,0,0,29,0,29,269,54,83,0,406,0,0,0,406
03/02/2023,SNA,CA,AWP,WE,Towers with Radar,269,88,105,1,463,0,1,281,4,286,269,89,386,5,749,112,0,112,861
03/03/2023,SNA,CA,AWP,WE,Towers with Radar,274,75,110,0,459,0,0,264,2,266,274,75,374,2,725,370,0,370,1095
03/04/2023,SNA,CA,AWP,WE,Towers with Radar,205,49,82,0,336,0,0,111,0,111,205,49,193,0,447,132,0,132,579
03/05/2023,SNA,CA,AWP,WE,Towers with Radar,256,93,115,0,464,0,0,72,0,72,256,93,187,0,536,134,0,134,670
03/06/2023,SNA,CA,AWP,WE,Towers with Radar,281,82,91,0,454,0,0,191,0,191,281,82,282,0,645,162,0,162,807
03/07/2023,SNA,CA,AWP,WE,Towers with Radar,250,61,78,0,389,0,0,236,0,236,250,61,314,0,625,168,0,168,793
03/08/2023,SNA,CA,AWP,WE,Towers with Radar,258,76,127,4,465,0,0,217,3,220,258,76,344,7,685,290,0,290,975
03/09/2023,SNA,CA,AWP,WE,Towers with Radar,273,86,135,1,495,0,2,286,2,290,273,88,421,3,785,406,0,406,1191
03/10/2023,SNA,CA,AWP,WE,Towers with Radar,279,99,119,0,497,1,0,2,0,3,280,99,121,0,500,46,0,46,546
03/11/2023,SNA,CA,AWP,WE,Towers with Radar,214,53,71,0,338,0,0,6,0,6,214,53,77,0,344,18,0,18,362
03/12/2023,SNA,CA,AWP,WE,Towers with Radar,252,95,130,0,477,0,0,56,0,56,252,95,186,0,533,58,0,58,591
03/13/2023,SNA,CA,AWP,WE,Towers with Radar,294,77,90,0,461,0,0,134,0,134,294,77,224,0,595,238,0,238,833
03/14/2023,SNA,CA,AWP,WE,Towers with Radar,230,53,89,0,372,0,0,9,0,9,230,53,98,0,381,0,0,0,381
03/15/2023,SNA,CA,AWP,WE,Towers with Radar,247,59,88,0,394,0,0,12,0,12,247,59,100,0,406,112,0,112,518
03/16/2023,SNA,CA,AWP,WE,Towers with Radar,274,90,151,0,515,0,0,166,6,172,274,90,317,6,687,408,2,410,1097
03/17/2023,SNA,CA,AWP,WE,Towers with Radar,278,84,102,0,464,0,0,287,1,288,278,84,389,1,752,174,0,174,926
03/18/2023,SNA,CA,AWP,WE,Towers with Radar,223,50,100,0,373,0,1,274,0,275,223,51,374,0,648,192,0,192,840
03/19/2023,SNA,CA,AWP,WE,Towers with Radar,261,96,111,0,468,0,1,73,0,74,261,97,184,0,542,126,0,126,668
03/20/2023,SNA,CA,AWP,WE,Towers with Radar,284,72,129,0,485,0,0,37,0,37,284,72,166,0,522,20,0,20,542
03/21/2023,SNA,CA,AWP,WE,Towers with Radar,239,46,40,0,325,0,0,15,0,15,239,46,55,0,340,24,0,24,364
03/22/2023,SNA,CA,AWP,WE,Towers with Radar,251,61,78,0,390,0,0,82,5,87,251,61,160,5,477,166,0,166,643
03/23/2023,SNA,CA,AWP,WE,Towers with Radar,278,108,101,0,487,0,0,167,6,173,278,108,268,6,660,376,0,376,1036
03/24/2023,SNA,CA,AWP,WE,Towers with Radar,282,94,114,1,491,0,1,303,2,306,282,95,417,3,797,272,0,272,1069
03/25/2023,SNA,CA,AWP,WE,Towers with Radar,215,52,89,0,356,0,0,273,0,273,215,52,362,0,629,22,0,22,651
03/26/2023,SNA,CA,AWP,WE,Towers with Radar,265,79,123,0,467,0,0,221,0,221,265,79,344,0,688,10,0,10,698
03/27/2023,SNA,CA,AWP,WE,Towers with Radar,283,91,91,0,465,0,4,241,0,245,283,95,332,0,710,112,0,112,822
03/28/2023,SNA,CA,AWP,WE,Towers with Radar,248,63,94,0,405,0,2,258,2,262,248,65,352,2,667,160,0,160,827
03/29/2023,SNA,CA,AWP,WE,Towers with Radar,257,62,88,1,408,0,0,44,1,45,257,62,132,2,453,66,0,66,519
03/30/2023,SNA,CA,AWP,WE,Towers with Radar,282,76,108,0,466,0,0,90,2,92,282,76,198,2,558,270,0,270,828
03/31/2023,SNA,CA,AWP,WE,Towers with Radar,279,95,115,0,489,0,3,257,0,260,279,98,372,0,749,204,0,204,953
04/01/2023,SNA,CA,AWP,WE,Towers with Radar,221,56,80,0,357,0,1,228,0,229,221,57,308,0,586,138,0,138,724
04/02/2023,SNA,CA,AWP,WE,Towers with Radar,257,80,109,0,446,0,1,155,0,156,257,81,264,0,602,48,0,48,650
04/03/2023,SNA,CA,AWP,WE,Towers with Radar,290,61,74,0,425,0,2,60,0,62,290,63,134,0,487,30,0,30,517
04/04/2023,SNA,CA,AWP,WE,Towers with Radar,242,59,62,1,364,0,2,163,0,165,242,61,225,1,529,80,0,80,609
04/05/2023,SNA,CA,AWP,WE,Towers with Radar,245,60,80,0,385,0,2,271,2,275,245,62,351,2,660,356,0,356,1016
04/06/2023,SNA,CA,AWP,WE,Towers with Radar,288,108,89,0,485,0,1,256,1,258,288,109,345,1,743,422,0,422,1165
04/07/2023,SNA,CA,AWP,WE,Towers with Radar,287,100,118,0,505,0,1,280,0,281,287,101,398,0,786,148,0,148,934
04/08/2023,SNA,CA,AWP,WE,Towers with Radar,224,54,66,0,344,0,1,228,0,229,224,55,294,0,573,328,0,328,901
04/09/2023,SNA,CA,AWP,WE,Towers with Radar,270,72,68,0,410,0,0,103,0,103,270,72,171,0,513,108,0,108,621
04/10/2023,SNA,CA,AWP,WE,Towers with Radar,292,84,84,0,460,0,0,158,0,158,292,84,242,0,618,30,0,30,648
04/11/2023,SNA,CA,AWP,WE,Towers with Radar,240,55,103,0,398,0,0,110,0,110,240,55,213,0,508,166,0,166,674
04/12/2023,SNA,CA,AWP,WE,Towers with Radar,254,63,101,0,418,0,0,49,0,49,254,63,150,0,467,166,0,166,633
04/13/2023,SNA,CA,AWP,WE,Towers with Radar,289,81,127,0,497,0,0,58,0,58,289,81,185,0,555,304,0,304,859
04/14/2023,SNA,CA,AWP,WE,Towers with Radar,276,98,164,0,538,0,0,206,0,206,276,98,370,0,744,238,0,238,982
04/15/2023,SNA,CA,AWP,WE,Towers with Radar,226,60,87,1,374,0,0,271,2,273,226,60,358,3,647,390,0,390,1037
04/16/2023,SNA,CA,AWP,WE,Towers with Radar,266,81,138,0,485,0,3,102,0,105,266,84,240,0,590,72,0,72,662
04/17/2023,SNA,CA,AWP,WE,Towers with Radar,284,70,97,0,451,0,0,82,0,82,284,70,179,0,533,118,0,118,651
04/18/2023,SNA,CA,AWP,WE,Towers with Radar,241,60,78,0,379,1,0,188,0,189,242,60,266,0,568,224,0,224,792
04/19/2023,SNA,CA,AWP,WE,Towers with Radar,251,58,107,0,416,0,2,286,0,288,251,60,393,0,704,250,0,250,954
04/20/2023,SNA,CA,AWP,WE,Towers with Radar,273,91,103,0,467,0,0,277,0,277,273,91,380,0,744,252,0,252,996
04/21/2023,SNA,CA,AWP,WE,Towers with Radar,276,70,105,0,451,0,1,268,4,273,276,71,373,4,724,220,0,220,944
04/22/2023,SNA,CA,AWP,WE,Towers with Radar,230,46,64,0,340,0,0,256,0,256,230,46,320,0,596,138,0,138,734
04/23/2023,SNA,CA,AWP,WE,Towers with Radar,275,86,123,0,484,0,2,146,0,148,275,88,269,0,632,24,0,24,656
04/24/2023,SNA,CA,AWP,WE,Towers with Radar,285,65,90,0,440,0,0,93,0,93,285,65,183,0,533,250,0,250,783
04/25/2023,SNA,CA,AWP,WE,Towers with Radar,241,57,108,0,406,0,0,86,0,86,241,57,194,0,492,264,0,264,756
04/26/2023,SNA,CA,AWP,WE,Towers with Radar,245,53,88,0,386,0,1,181,0,182,245,54,269,0,568,232,0,232,800
04/27/2023,SNA,CA,AWP,WE,Towers with Radar,286,64,113,0,463,0,0,171,2,173,286,64,284,2,636,76,0,76,712
04/28/2023,SNA,CA,AWP,WE,Towers with Radar,281,82,99,0,462,0,0,198,0,198,281,82,297,0,660,156,0,156,816
04/29/2023,SNA,CA,AWP,WE,Towers with Radar,231,51,75,0,357,0,0,133,0,133,231,51,208,0,490,180,0,180,670
04/30/2023,SNA,CA,AWP,WE,Towers with Radar,266,105,156,0,527,0,2,32,0,34,266,107,188,0,561,6,0,6,567
05/01/2023,SNA,CA,AWP,WE,Towers with Radar,279,92,88,0,459,0,0,81,0,81,279,92,169,0,540,168,0,168,708
05/02/2023,SNA,CA,AWP,WE,Towers with Radar,247,50,90,0,387,0,0,171,0,171,247,50,261,0,558,398,0,398,956
05/03/2023,SNA,CA,AWP,WE,Towers with Radar,256,69,96,0,421,1,0,207,0,208,257,69,303,0,629,314,0,314,943
05/04/2023,SNA,CA,AWP,WE,Towers with Radar,286,71,100,0,457,0,0,110,1,111,286,71,210,1,568,200,0,200,768
05/05/2023,SNA,CA,AWP,WE,Towers with Radar,289,68,111,0,468,0,0,168,0,168,289,68,279,0,636,304,0,304,940
05/06/2023,SNA,CA,AWP,WE,Towers with Radar,231,55,88,0,374,0,0,200,0,200,231,55,288,0,574,154,0,154,728
05/07/2023,SNA,CA,AWP,WE,Towers with Radar,271,95,127,0,493,0,2,168,1,171,271,97,295,1,664,127,0,127,791
05/08/2023,SNA,CA,AWP,WE,Towers with Radar,285,90,88,1,464,0,1,219,0,220,285,91,307,1,684,188,0,188,872
05/09/2023,SNA,CA,AWP,WE,Towers with Radar,257,65,115,0,437,0,0,146,0,146,257,65,261,0,583,320,0,320,903
05/10/2023,SNA,CA,AWP,WE,Towers with Radar,258,91,131,0,480,0,0,176,0,176,258,91,307,0,656,314,0,314,970
05/11/2023,SNA,CA,AWP,WE,Towers with Radar,288,95,132,0,515,0,0,194,1,195,288,95,326,1,710,266,0,266,976
05/12/2023,SNA,CA,AWP,WE,Towers with Radar,279,93,117,0,489,0,0,208,0,208,279,93,325,0,697,370,0,370,1067
05/13/2023,SNA,CA,AWP,WE,Towers with Radar,235,59,85,0,379,0,0,142,0,142,235,59,227,0,521,142,0,142,663
05/14/2023,SNA,CA,AWP,WE,Towers with Radar,266,68,94,0,428,0,1,103,1,105,266,69,197,1,533,3,0,3,536
05/15/2023,SNA,CA,AWP,WE,Towers with Radar,285,76,160,0,521,0,0,76,0,76,285,76,236,0,597,106,0,106,703
05/16/2023,SNA,CA,AWP,WE,Towers with Radar,254,66,71,0,391,0,0,165,0,165,254,66,236,0,556,304,0,304,860
05/17/2023,SNA,CA,AWP,WE,Towers with Radar,256,69,123,0,448,0,0,119,0,119,256,69,242,0,567,262,0,262,829
05/18/2023,SNA,CA,AWP,WE,Towers with Radar,289,86,148,0,523,0,0,75,0,75,289,86,223,0,598,220,0,220,818
05/19/2023,SNA,CA,AWP,WE,Towers with Radar,287,87,144,0,518,0,0,44,0,44,287,87,188,0,562,146,0,146,708
05/20/2023,SNA,CA,AWP,WE,Towers with Radar,243,58,85,1,387,0,0,89,0,89,243,58,174,1,476,142,0,142,618
05/21/2023,SNA,CA,AWP,WE,Towers with Radar,280,93,127,0,500,0,0,65,0,65,280,93,192,0,565,26,0,26,591
05/22/2023,SNA,CA,AWP,WE,Towers with Radar,296,58,123,0,477,0,0,79,0,79,296,58,202,0,556,104,0,104,660
05/23/2023,SNA,CA,AWP,WE,Towers with Radar,256,42,142,0,440,0,0,49,0,49,256,42,191,0,489,48,0,48,537
05/24/2023,SNA,CA,AWP,WE,Towers with Radar,262,65,178,2,507,0,0,100,1,101,262,65,278,3,608,462,0,462,1070
05/25/2023,SNA,CA,AWP,WE,Towers with Radar,298,90,159,0,547,0,0,164,0,164,298,90,323,0,711,502,0,502,1213
05/26/2023,SNA,CA,AWP,WE,Towers with Radar,295,82,146,0,523,0,0,204,2,206,295,82,350,2,729,96,0,96,825
05/27/2023,SNA,CA,AWP,WE,Towers with Radar,239,50,77,0,366,0,0,124,0,124,239,50,201,0,490,158,0,158,648
05/28/2023,SNA,CA,AWP,WE,Towers with Radar,269,50,85,0,404,0,0,69,0,69,269,50,154,0,473,50,0,50,523
05/29/2023,SNA,CA,AWP,WE,Towers with Radar,296,75,131,1,503,0,0,68,1,69,296,75,199,2,572,99,0,99,671
05/30/2023,SNA,CA,AWP,WE,Towers with Radar,258,59,105,1,423,0,1,97,0,98,258,60,202,1,521,408,0,408,929
05/31/2023,SNA,CA,AWP,WE,Towers with Radar,261,45,112,2,420,0,0,149,2,151,261,45,261,4,571,34,0,34,605
06/01/2023,SNA,CA,AWP,WE,Towers with Radar,300,84,155,0,539,0,0,147,0,147,300,84,302,0,686,198,0,198,884
06/02/2023,SNA,CA,AWP,WE,Towers with Radar,299,87,113,0,499,0,4,167,0,171,299,91,280,0,670,300,0,300,970
06/03/2023,SNA,CA,AWP,WE,Towers with Radar,236,53,96,2,387,0,1,187,0,188,236,54,283,2,575,214,0,214,789
06/04/2023,SNA,CA,AWP,WE,Towers with Radar,279,82,129,0,490,0,0,87,0,87,279,82,216,0,577,28,0,28,605
06/05/2023,SNA,CA,AWP,WE,Towers with Radar,309,74,102,0,485,0,0,95,0,95,309,74,197,0,580,116,0,116,696
06/06/2023,SNA,CA,AWP,WE,Towers with Radar,257,57,115,1,430,0,1,167,0,168,257,58,282,1,598,240,0,240,838
06/07/2023,SNA,CA,AWP,WE,Towers with Radar,259,74,124,0,457,0,0,196,1,197,259,74,320,1,654,142,0,142,796
06/08/2023,SNA,CA,AWP,WE,Towers with Radar,298,94,116,0,508,0,2,246,0,248,298,96,362,0,756,319,0,319,1075
06/09/2023,SNA,CA,AWP,WE,Towers with Radar,303,86,130,0,519,0,1,99,0,100,303,87,229,0,619,236,0,236,855
06/10/2023,SNA,CA,AWP,WE,Towers with Radar,238,67,111,1,417,0,0,72,0,72,238,67,183,1,489,88,0,88,577
06/11/2023,SNA,CA,AWP,WE,Towers with Radar,273,85,132,0,490,0,0,39,0,39,273,85,171,0,529,110,0,110,639
06/12/2023,SNA,CA,AWP,WE,Towers with Radar,302,77,104,0,483,0,0,117,3,120,302,77,221,3,603,294,0,294,897
06/13/2023,SNA,CA,AWP,WE,Towers with Radar,255,70,111,0,436,0,1,161,0,162,255,71,272,0,598,298,0,298,896
06/14/2023,SNA,CA,AWP,WE,Towers with Radar,263,61,119,0,443,0,0,94,2,96,263,61,213,2,539,313,0,313,852
06/15/2023,SNA,CA,AWP,WE,Towers with Radar,297,93,117,0,507,0,0,110,0,110,297,93,227,0,617,350,0,350,967
06/16/2023,SNA,CA,AWP,WE,Towers with Radar,303,90,137,0,530,0,0,168,0,168,303,90,305,0,698,216,0,216,914
06/17/2023,SNA,CA,AWP,WE,Towers with Radar,240,56,79,0,375,0,0,219,0,219,240,56,298,0,594,80,0,80,674
06/18/2023,SNA,CA,AWP,WE,Towers with Radar,286,91,113,0,490,0,0,49,0,49,286,91,162,0,539,4,0,4,543
06/19/2023,SNA,CA,AWP,WE,Towers with Radar,305,93,104,0,502,0,0,143,0,143,305,93,247,0,645,332,0,332,977
06/20/2023,SNA,CA,AWP,WE,Towers with Radar,263,79,82,0,424,0,1,249,0,250,263,80,331,0,674,138,0,138,812
06/21/2023,SNA,CA,AWP,WE,Towers with Radar,262,80,107,0,449,0,0,238,0,238,262,80,345,0,687,302,0,302,989
06/22/2023,SNA,CA,AWP,WE,Towers with Radar,296,94,126,0,516,0,0,204,0,204,296,94,330,0,720,220,0,220,940
06/23/2023,SNA,CA,AWP,WE,Towers with Radar,305,104,113,0,522,0,0,247,0,247,305,104,360,0,769,77,0,77,846
06/24/2023,SNA,CA,AWP,WE,Towers with Radar,244,78,73,0,395,0,0,247,0,247,244,78,320,0,642,174,0,174,816
06/25/2023,SNA,CA,AWP,WE,Towers with Radar,286,111,124,0,521,0,2,155,0,157,286,113,279,0,678,38,0,38,716
06/26/2023,SNA,CA,AWP,WE,Towers with Radar,298,97,103,1,499,0,0,186,0,186,298,97,289,1,685,188,0,188,873
06/27/2023,SNA,CA,AWP,WE,Towers with Radar,245,60,114,0,419,0,0,215,0,215,245,60,329,0,634,222,0,222,856
06/28/2023,SNA,CA,AWP,WE,Towers with Radar,254,90,121,0,465,0,0,187,0,187,254,90,308,0,652,258,0,258,910
06/29/2023,SNA,CA,AWP,WE,Towers with Radar,293,99,119,0,511,0,0,231,0,231,293,99,350,0,742,212,0,212,954
06/30/2023,SNA,CA,AWP,WE,Towers with Radar,306,102,160,0,568,0,2,251,1,254,306,104,411,1,822,62,0,62,884
07/01/2023,SNA,CA,AWP,WE,Towers with Radar,249,86,120,0,455,0,0,218,0,218,249,86,338,0,673,2,0,2,675
07/02/2023,SNA,CA,AWP,WE,Towers with Radar,274,65,115,0,454,0,0,114,0,114,274,65,229,0,568,162,0,162,730
07/03/2023,SNA,CA,AWP,WE,Towers with Radar,279,47,79,0,405,0,0,161,0,161,279,47,240,0,566,160,0,160,726
07/04/2023,SNA,CA,AWP,WE,Towers with Radar,235,42,55,0,332,0,2,85,0,87,235,44,140,0,419,38,0,38,457
07/05/2023,SNA,CA,AWP,WE,Towers with Radar,261,87,114,0,462,0,0,228,0,228,261,87,342,0,690,221,0,221,911
07/06/2023,SNA,CA,AWP,WE,Towers with Radar,303,59,98,0,460,0,0,215,0,215,303,59,313,0,675,394,0,394,1069
07/07/2023,SNA,CA,AWP,WE,Towers with Radar,295,96,111,0,502,0,0,227,0,227,295,96,338,0,729,88,0,88,817
07/08/2023,SNA,CA,AWP,WE,Towers with Radar,246,73,103,0,422,0,0,196,0,196,246,73,299,0,618,246,0,246,864
07/09/2023,SNA,CA,AWP,WE,Towers with Radar,271,96,113,0,480,0,0,188,0,188,271,96,301,0,668,96,0,96,764
07/10/2023,SNA,CA,AWP,WE,Towers with Radar,309,83,118,0,510,0,0,172,0,172,309,83,290,0,682,306,0,306,988
07/11/2023,SNA,CA,AWP,WE,Towers with Radar,263,59,88,0,410,0,0,206,0,206,263,59,294,0,616,328,0,328,944
07/12/2023,SNA,CA,AWP,WE,Towers with Radar,262,69,87,0,418,0,1,243,0,244,262,70,330,0,662,338,0,338,1000
07/13/2023,SNA,CA,AWP,WE,Towers with Radar,305,97,124,0,526,0,0,290,1,291,305,97,414,1,817,248,0,248,1065
07/14/2023,SNA,CA,AWP,WE,Towers with Radar,301,82,109,0,492,0,0,261,2,263,301,82,370,2,755,88,0,88,843
07/15/2023,SNA,CA,AWP,WE,Towers with Radar,226,72,81,0,379,0,0,204,1,205,226,72,285,1,584,216,0,216,800
07/16/2023,SNA,CA,AWP,WE,Towers with Radar,283,108,118,0,509,0,3,179,0,182,283,111,297,0,691,52,0,52,743
07/17/2023,SNA,CA,AWP,WE,Towers with Radar,303,92,98,0,493,0,0,199,0,199,303,92,297,0,692,172,0,172,864
07/18/2023,SNA,CA,AWP,WE,Towers with Radar,262,57,93,0,412,0,0,233,1,234,262,57,326,1,646,223,0,223,869
07/19/2023,SNA,CA,AWP,WE,Towers with Radar,266,87,109,0,462,0,0,263,0,263,266,87,372,0,725,72,0,72,797
07/20/2023,SNA,CA,AWP,WE,Towers with Radar,295,90,110,1,496,0,0,290,0,290,295,90,400,1,786,268,0,268,1054
07/21/2023,SNA,CA,AWP,WE,Towers with Radar,305,74,116,0,495,0,1,196,0,197,305,75,312,0,692,172,0,172,864
07/22/2023,SNA,CA,AWP,WE,Towers with Radar,228,74,98,0,400,0,0,122,0,122,228,74,220,0,522,0,0,0,522
07/23/2023,SNA,CA,AWP,WE,Towers with Radar,284,76,134,0,494,0,0,111,0,111,284,76,245,0,605,132,0,132,737
07/24/2023,SNA,CA,AWP,WE,Towers with Radar,303,74,85,0,462,0,2,219,0,221,303,76,304,0,683,215,0,215,898
07/25/2023,SNA,CA,AWP,WE,Towers with Radar,258,58,82,0,398,0,3,200,1,204,258,61,282,1,602,300,0,300,902
07/26/2023,SNA,CA,AWP,WE,Towers with Radar,268,83,104,0,455,0,1,228,0,229,268,84,332,0,684,322,0,322,1006
07/27/2023,SNA,CA,AWP,WE,Towers with Radar,297,86,119,0,502,0,0,244,0,244,297,86,363,0,746,306,0,306,1052
07/28/2023,SNA,CA,AWP,WE,Towers with Radar,301,83,114,0,498,0,0,232,0,232,301,83,346,0,730,418,0,418,1148
07/29/2023,SNA,CA,AWP,WE,Towers with Radar,225,71,70,0,366,0,0,199,0,199,225,71,269,0,565,286,0,286,851
07/30/2023,SNA,CA,AWP,WE,Towers with Radar,276,114,117,0,507,0,0,119,0,119,276,114,236,0,626,50,0,50,676
07/31/2023,SNA,CA,AWP,WE,Towers with Radar,303,80,85,0,468,0,2,164,0,166,303,82,249,0,634,272,0,272,906
08/01/2023,SNA,CA,AWP,WE,Towers with Radar,261,78,86,0,425,0,3,217,0,220,261,81,303,0,645,312,0,312,957
08/02/2023,SNA,CA,AWP,WE,Towers with Radar,269,74,92,0,435,0,0,279,0,279,269,74,371,0,714,450,0,450,1164
08/03/2023,SNA,CA,AWP,WE,Towers with Radar,300,92,119,0,511,0,0,234,0,234,300,92,353,0,745,274,0,274,1019
08/04/2023,SNA,CA,AWP,WE,Towers with Radar,304,93,115,0,512,0,1,277,0,278,304,94,392,0,790,68,0,68,858
08/05/2023,SNA,CA,AWP,WE,Towers with Radar,226,85,97,0,408,0,0,194,0,194,226,85,291,0,602,180,0,180,782
08/06/2023,SNA,CA,AWP,WE,Towers with Radar,281,106,124,0,511,0,0,199,0,199,281,106,323,0,710,112,0,112,822
08/07/2023,SNA,CA,AWP,WE,Towers with Radar,296,86,100,0,482,0,1,185,1,187,296,87,285,1,669,436,0,436,1105
08/08/2023,SNA,CA,AWP,WE,Towers with Radar,263,75,94,0,432,0,0,216,0,216,263,75,310,0,648,344,0,344,992
08/09/2023,SNA,CA,AWP,WE,Towers with Radar,269,92,116,0,477,0,0,164,0,164,269,92,280,0,641,344,0,344,985
08/10/2023,SNA,CA,AWP,WE,Towers with Radar,300,90,102,0,492,0,0,120,0,120,300,90,222,0,612,456,0,456,1068
08/11/2023,SNA,CA,AWP,WE,Towers with Radar,305,89,103,0,497,0,0,159,0,159,305,89,262,0,656,248,0,248,904
08/12/2023,SNA,CA,AWP,WE,Towers with Radar,231,81,97,0,409,0,0,151,0,151,231,81,248,0,560,130,0,130,690
08/13/2023,SNA,CA,AWP,WE,Towers with Radar,282,86,129,0,497,0,1,169,1,171,282,87,298,1,668,106,0,106,774
08/14/2023,SNA,CA,AWP,WE,Towers with Radar,303,69,82,0,454,0,0,171,0,171,303,69,253,0,625,296,0,296,921
08/15/2023,SNA,CA,AWP,WE,Towers with Radar,264,74,88,0,426,0,0,207,0,207,264,74,295,0,633,330,0,330,963
08/16/2023,SNA,CA,AWP,WE,Towers with Radar,269,64,98,0,431,0,0,260,0,260,269,64,358,0,691,406,0,406,1097
08/17/2023,SNA,CA,AWP,WE,Towers with Radar,301,88,124,0,513,0,0,219,0,219,301,88,343,0,732,96,0,96,828
08/18/2023,SNA,CA,AWP,WE,Towers with Radar,289,84,105,0,478,0,0,205,0,205,289,84,310,0,683,202,0,202,885
08/19/2023,SNA,CA,AWP,WE,Towers with Radar,218,82,91,0,391,0,0,123,0,123,218,82,214,0,514,202,0,202,716
08/20/2023,SNA,CA,AWP,WE,Towers with Radar,186,55,28,0,269,0,0,6,0,6,186,55,34,0,275,0,0,0,275
08/21/2023,SNA,CA,AWP,WE,Towers with Radar,270,86,92,0,448,0,0,77,0,77,270,86,169,0,525,194,0,194,719
08/22/2023,SNA,CA,AWP,WE,Towers with Radar,264,86,107,0,457,0,0,220,0,220,264,86,327,0,677,428,0,428,1105
08/23/2023,SNA,CA,AWP,WE,Towers with Radar,267,67,89,1,424,0,0,233,0,233,267,67,322,1,657,348,0,348,1005
08/24/2023,SNA,CA,AWP,WE,Towers with Radar,298,81,116,0,495,0,0,172,0,172,298,81,288,0,667,340,0,340,1007
08/25/2023,SNA,CA,AWP,WE,Towers with Radar,302,80,128,0,510,0,0,224,1,225,302,80,352,1,735,308,0,308,1043
08/26/2023,SNA,CA,AWP,WE,Towers with Radar,224,56,73,2,355,0,0,207,0,207,224,56,280,2,562,282,0,282,844
08/27/2023,SNA,CA,AWP,WE,Towers with Radar,283,106,110,0,499,0,2,192,0,194,283,108,302,0,693,164,0,164,857
08/28/2023,SNA,CA,AWP,WE,Towers with Radar,300,74,49,2,425,0,0,204,1,205,300,74,253,3,630,242,0,242,872
08/29/2023,SNA,CA,AWP,WE,Towers with Radar,260,58,79,0,397,0,0,273,0,273,260,58,352,0,670,364,0,364,1034
08/30/2023,SNA,CA,AWP,WE,Towers with Radar,267,76,97,0,440,0,1,194,0,195,267,77,291,0,635,336,0,336,971
08/31/2023,SNA,CA,AWP,WE,Towers with Radar,293,85,107,0,485,0,0,181,1,182,293,85,288,1,667,290,0,290,957
