01/01/2020,SNS,CA,AWP,WE,Federal Contract Tower,0,0,11,0,11,0,0,56,0,56,0,0,67,0,67,42,0,42,109
01/02/2020,SNS,CA,AWP,WE,Federal Contract Tower,0,0,20,0,20,0,0,87,0,87,0,0,107,0,107,38,0,38,145
01/03/2020,SNS,CA,AWP,WE,Federal Contract Tower,0,0,35,0,35,0,5,79,0,84,0,5,114,0,119,78,0,78,197
01/04/2020,SNS,CA,AWP,WE,Federal Contract Tower,0,0,31,0,31,0,1,68,0,69,0,1,99,0,100,96,0,96,196
01/05/2020,SNS,CA,AWP,WE,Federal Contract Tower,0,0,19,0,19,0,4,88,0,92,0,4,107,0,111,82,0,82,193
01/06/2020,SNS,CA,AWP,WE,Federal Contract Tower,0,1,18,0,19,0,0,73,0,73,0,1,91,0,92,86,0,86,178
01/07/2020,SNS,CA,AWP,WE,Federal Contract Tower,0,0,18,0,18,0,3,57,0,60,0,3,75,0,78,24,0,24,102
01/08/2020,SNS,CA,AWP,WE,Federal Contract Tower,0,0,21,0,21,0,2,53,3,58,0,2,74,3,79,46,0,46,125
01/09/2020,SNS,CA,AWP,WE,Federal Contract Tower,0,0,13,0,13,0,0,45,0,45,0,0,58,0,58,10,0,10,68
01/10/2020,SNS,CA,AWP,WE,Federal Contract Tower,0,0,31,0,31,0,2,53,2,57,0,2,84,2,88,60,0,60,148
01/11/2020,SNS,CA,AWP,WE,Federal Contract Tower,0,0,18,0,18,0,3,36,0,39,0,3,54,0,57,62,0,62,119
01/12/2020,SNS,CA,AWP,WE,Federal Contract Tower,0,0,32,0,32,0,0,62,0,62,0,0,94,0,94,68,0,68,162
01/13/2020,SNS,CA,AWP,WE,Federal Contract Tower,0,0,29,0,29,0,0,92,0,92,0,0,121,0,121,64,0,64,185
01/14/2020,SNS,CA,AWP,WE,Federal Contract Tower,0,3,31,0,34,0,2,62,2,66,0,5,93,2,100,50,0,50,150
01/15/2020,SNS,CA,AWP,WE,Federal Contract Tower,0,2,34,0,36,0,1,55,1,57,0,3,89,1,93,90,0,90,183
01/16/2020,SNS,CA,AWP,WE,Federal Contract Tower,0,0,16,0,16,0,0,52,0,52,0,0,68,0,68,0,0,0,68
01/17/2020,SNS,CA,AWP,WE,Federal Contract Tower,0,0,43,0,43,0,0,77,0,77,0,0,120,0,120,52,0,52,172
01/18/2020,SNS,CA,AWP,WE,Federal Contract Tower,0,0,35,0,35,0,2,81,0,83,0,2,116,0,118,124,0,124,242
01/19/2020,SNS,CA,AWP,WE,Federal Contract Tower,0,0,31,0,31,0,0,58,0,58,0,0,89,0,89,88,0,88,177
01/20/2020,SNS,CA,AWP,WE,Federal Contract Tower,0,0,12,0,12,0,0,53,0,53,0,0,65,0,65,26,0,26,91
01/21/2020,SNS,CA,AWP,WE,Federal Contract Tower,0,2,54,0,56,0,3,74,1,78,0,5,128,1,134,20,0,20,154
01/22/2020,SNS,CA,AWP,WE,Federal Contract Tower,0,0,16,0,16,0,0,118,0,118,0,0,134,0,134,28,0,28,162
01/23/2020,SNS,CA,AWP,WE,Federal Contract Tower,0,2,63,0,65,0,2,78,2,82,0,4,141,2,147,56,0,56,203
01/24/2020,SNS,CA,AWP,WE,Federal Contract Tower,0,0,38,0,38,0,5,71,2,78,0,5,109,2,116,76,0,76,192
01/25/2020,SNS,CA,AWP,WE,Federal Contract Tower,0,2,52,0,54,0,3,57,0,60,0,5,109,0,114,50,0,50,164
01/26/2020,SNS,CA,AWP,WE,Federal Contract Tower,0,0,7,0,7,0,5,4,0,9,0,5,11,0,16,8,0,8,24
01/27/2020,SNS,CA,AWP,WE,Federal Contract Tower,0,3,47,0,50,0,4,85,2,91,0,7,132,2,141,74,0,74,215
01/28/2020,SNS,CA,AWP,WE,Federal Contract Tower,0,0,12,0,12,0,0,52,0,52,0,0,64,0,64,58,0,58,122
01/29/2020,SNS,CA,AWP,WE,Federal Contract Tower,0,0,13,0,13,0,0,75,0,75,0,0,88,0,88,96,0,96,184
01/30/2020,SNS,CA,AWP,WE,Federal Contract Tower,0,0,18,0,18,0,0,70,0,70,0,0,88,0,88,74,0,74,162
01/31/2020,SNS,CA,AWP,WE,Federal Contract Tower,0,0,33,0,33,0,5,90,4,99,0,5,123,4,132,92,30,122,254
02/01/2020,SNS,CA,AWP,WE,Federal Contract Tower,0,1,30,0,31,0,9,86,0,95,0,10,116,0,126,96,0,96,222
02/02/2020,SNS,CA,AWP,WE,Federal Contract Tower,0,0,15,0,15,0,0,74,0,74,0,0,89,0,89,10,0,10,99
02/03/2020,SNS,CA,AWP,WE,Federal Contract Tower,0,0,49,0,49,0,5,72,0,77,0,5,121,0,126,46,0,46,172
02/04/2020,SNS,CA,AWP,WE,Federal Contract Tower,0,8,68,3,79,0,5,85,2,92,0,13,153,5,171,70,0,70,241
02/05/2020,SNS,CA,AWP,WE,Federal Contract Tower,0,7,26,2,35,0,3,67,2,72,0,10,93,4,107,70,0,70,177
02/06/2020,SNS,CA,AWP,WE,Federal Contract Tower,0,6,69,0,75,0,3,69,2,74,0,9,138,2,149,48,0,48,197
02/07/2020,SNS,CA,AWP,WE,Federal Contract Tower,0,3,23,0,26,0,1,69,0,70,0,4,92,0,96,94,0,94,190
02/08/2020,SNS,CA,AWP,WE,Federal Contract Tower,0,0,44,0,44,0,4,71,0,75,0,4,115,0,119,60,0,60,179
02/09/2020,SNS,CA,AWP,WE,Federal Contract Tower,0,0,22,0,22,0,6,60,4,70,0,6,82,4,92,58,0,58,150
02/10/2020,SNS,CA,AWP,WE,Federal Contract Tower,0,0,31,0,31,0,3,72,1,76,0,3,103,1,107,84,0,84,191
02/11/2020,SNS,CA,AWP,WE,Federal Contract Tower,0,1,26,0,27,0,12,73,0,85,0,13,99,0,112,93,0,93,205
02/12/2020,SNS,CA,AWP,WE,Federal Contract Tower,0,3,49,0,52,0,4,111,2,117,0,7,160,2,169,98,0,98,267
02/13/2020,SNS,CA,AWP,WE,Federal Contract Tower,0,6,70,0,76,0,4,71,6,81,0,10,141,6,157,46,0,46,203
02/14/2020,SNS,CA,AWP,WE,Federal Contract Tower,0,0,50,0,50,0,2,59,2,63,0,2,109,2,113,72,0,72,185
02/15/2020,SNS,CA,AWP,WE,Federal Contract Tower,0,0,64,0,64,0,4,96,0,100,0,4,160,0,164,114,0,114,278
02/16/2020,SNS,CA,AWP,WE,Federal Contract Tower,0,2,61,0,63,0,0,78,0,78,0,2,139,0,141,42,0,42,183
02/17/2020,SNS,CA,AWP,WE,Federal Contract Tower,0,3,41,0,44,0,2,71,0,73,0,5,112,0,117,74,0,74,191
02/18/2020,SNS,CA,AWP,WE,Federal Contract Tower,0,4,61,1,66,0,3,70,2,75,0,7,131,3,141,60,0,60,201
02/19/2020,SNS,CA,AWP,WE,Federal Contract Tower,0,2,64,0,66,0,2,83,2,87,0,4,147,2,153,82,0,82,235
02/20/2020,SNS,CA,AWP,WE,Federal Contract Tower,0,2,53,0,55,0,7,66,0,73,0,9,119,0,128,82,0,82,210
02/21/2020,SNS,CA,AWP,WE,Federal Contract Tower,0,2,34,0,36,0,3,67,2,72,0,5,101,2,108,82,0,82,190
02/22/2020,SNS,CA,AWP,WE,Federal Contract Tower,0,0,55,0,55,0,0,8,0,8,0,0,63,0,63,8,0,8,71
02/23/2020,SNS,CA,AWP,WE,Federal Contract Tower,0,0,56,0,56,0,7,40,0,47,0,7,96,0,103,40,0,40,143
02/24/2020,SNS,CA,AWP,WE,Federal Contract Tower,0,0,58,4,62,0,0,62,0,62,0,0,120,4,124,64,2,66,190
02/25/2020,SNS,CA,AWP,WE,Federal Contract Tower,0,0,17,0,17,0,4,70,0,74,0,4,87,0,91,52,0,52,143
02/26/2020,SNS,CA,AWP,WE,Federal Contract Tower,0,0,45,0,45,0,6,93,0,99,0,6,138,0,144,102,0,102,246
02/27/2020,SNS,CA,AWP,WE,Federal Contract Tower,0,5,56,0,61,0,4,79,3,86,0,9,135,3,147,60,0,60,207
02/28/2020,SNS,CA,AWP,WE,Federal Contract Tower,0,5,63,2,70,0,1,69,2,72,0,6,132,4,142,44,0,44,186
02/29/2020,SNS,CA,AWP,WE,Federal Contract Tower,0,0,17,0,17,0,1,15,0,16,0,1,32,0,33,4,0,4,37
03/01/2020,SNS,CA,AWP,WE,Federal Contract Tower,0,3,27,0,30,0,4,59,0,63,0,7,86,0,93,72,0,72,165
03/02/2020,SNS,CA,AWP,WE,Federal Contract Tower,0,1,41,2,44,0,4,82,6,92,0,5,123,8,136,112,6,118,254
03/03/2020,SNS,CA,AWP,WE,Federal Contract Tower,0,0,45,0,45,0,5,73,0,78,0,5,118,0,123,78,0,78,201
03/04/2020,SNS,CA,AWP,WE,Federal Contract Tower,0,2,40,0,42,0,3,62,1,66,0,5,102,1,108,26,0,26,134
03/05/2020,SNS,CA,AWP,WE,Federal Contract Tower,0,1,47,0,48,0,2,65,2,69,0,3,112,2,117,64,0,64,181
03/06/2020,SNS,CA,AWP,WE,Federal Contract Tower,0,0,21,0,21,0,0,63,0,63,0,0,84,0,84,64,0,64,148
03/07/2020,SNS,CA,AWP,WE,Federal Contract Tower,0,0,5,0,5,0,0,9,0,9,0,0,14,0,14,24,0,24,38
03/08/2020,SNS,CA,AWP,WE,Federal Contract Tower,0,0,62,0,62,0,3,82,0,85,0,3,144,0,147,56,0,56,203
03/09/2020,SNS,CA,AWP,WE,Federal Contract Tower,0,0,56,0,56,0,6,56,0,62,0,6,112,0,118,88,0,88,206
03/10/2020,SNS,CA,AWP,WE,Federal Contract Tower,0,2,66,3,71,0,2,76,1,79,0,4,142,4,150,52,0,52,202
03/11/2020,SNS,CA,AWP,WE,Federal Contract Tower,0,2,45,0,47,0,2,69,1,72,0,4,114,1,119,50,0,50,169
03/12/2020,SNS,CA,AWP,WE,Federal Contract Tower,0,3,56,0,59,0,2,61,4,67,0,5,117,4,126,54,0,54,180
03/13/2020,SNS,CA,AWP,WE,Federal Contract Tower,0,0,57,0,57,0,3,66,2,71,0,3,123,2,128,70,0,70,198
03/14/2020,SNS,CA,AWP,WE,Federal Contract Tower,0,0,3,0,3,0,0,11,0,11,0,0,14,0,14,6,0,6,20
03/15/2020,SNS,CA,AWP,WE,Federal Contract Tower,0,0,8,0,8,0,0,0,0,0,0,0,8,0,8,0,0,0,8
03/16/2020,SNS,CA,AWP,WE,Federal Contract Tower,0,0,14,0,14,0,2,6,0,8,0,2,20,0,22,10,0,10,32
03/17/2020,SNS,CA,AWP,WE,Federal Contract Tower,0,0,2,0,2,0,3,12,0,15,0,3,14,0,17,0,22,22,39
03/18/2020,SNS,CA,AWP,WE,Federal Contract Tower,0,0,11,0,11,0,5,9,2,16,0,5,20,2,27,18,0,18,45
03/19/2020,SNS,CA,AWP,WE,Federal Contract Tower,0,0,13,0,13,0,0,28,0,28,0,0,41,0,41,10,0,10,51
03/20/2020,SNS,CA,AWP,WE,Federal Contract Tower,0,0,23,0,23,0,3,30,2,35,0,3,53,2,58,30,10,40,98
03/21/2020,SNS,CA,AWP,WE,Federal Contract Tower,0,0,7,0,7,0,0,29,0,29,0,0,36,0,36,6,0,6,42
03/22/2020,SNS,CA,AWP,WE,Federal Contract Tower,0,2,3,0,5,0,1,13,0,14,0,3,16,0,19,10,0,10,29
03/23/2020,SNS,CA,AWP,WE,Federal Contract Tower,0,0,12,0,12,0,0,5,0,5,0,0,17,0,17,8,0,8,25
03/24/2020,SNS,CA,AWP,WE,Federal Contract Tower,0,0,4,0,4,0,0,2,0,2,0,0,6,0,6,8,0,8,14
03/25/2020,SNS,CA,AWP,WE,Federal Contract Tower,0,1,6,0,7,0,1,6,0,7,0,2,12,0,14,6,0,6,20
03/26/2020,SNS,CA,AWP,WE,Federal Contract Tower,0,0,18,0,18,0,0,24,5,29,0,0,42,5,47,18,0,18,65
03/27/2020,SNS,CA,AWP,WE,Federal Contract Tower,0,0,4,0,4,0,0,30,0,30,0,0,34,0,34,16,0,16,50
03/28/2020,SNS,CA,AWP,WE,Federal Contract Tower,0,0,4,0,4,0,3,9,0,12,0,3,13,0,16,20,0,20,36
03/29/2020,SNS,CA,AWP,WE,Federal Contract Tower,0,0,6,0,6,0,0,28,0,28,0,0,34,0,34,4,0,4,38
03/30/2020,SNS,CA,AWP,WE,Federal Contract Tower,0,0,44,0,44,0,1,68,2,71,0,1,112,2,115,42,0,42,157
03/31/2020,SNS,CA,AWP,WE,Federal Contract Tower,0,0,12,0,12,0,0,54,2,56,0,0,66,2,68,10,0,10,78
04/01/2020,SNS,CA,AWP,WE,Federal Contract Tower,0,0,35,0,35,0,2,54,2,58,0,2,89,2,93,52,0,52,145
04/02/2020,SNS,CA,AWP,WE,Federal Contract Tower,0,0,48,0,48,0,4,82,2,88,0,4,130,2,136,54,0,54,190
04/03/2020,SNS,CA,AWP,WE,Federal Contract Tower,0,0,25,0,25,0,0,64,0,64,0,0,89,0,89,44,0,44,133
04/04/2020,SNS,CA,AWP,WE,Federal Contract Tower,0,0,3,0,3,0,0,20,0,20,0,0,23,0,23,26,0,26,49
04/05/2020,SNS,CA,AWP,WE,Federal Contract Tower,0,0,5,0,5,0,0,7,0,7,0,0,12,0,12,0,0,0,12
04/06/2020,SNS,CA,AWP,WE,Federal Contract Tower,0,0,0,1,1,0,0,3,1,4,0,0,3,2,5,6,0,6,11
04/07/2020,SNS,CA,AWP,WE,Federal Contract Tower,0,1,11,1,13,0,0,16,3,19,0,1,27,4,32,36,0,36,68
04/08/2020,SNS,CA,AWP,WE,Federal Contract Tower,0,0,7,0,7,0,0,22,0,22,0,0,29,0,29,34,0,34,63
04/09/2020,SNS,CA,AWP,WE,Federal Contract Tower,0,0,20,0,20,0,5,17,0,22,0,5,37,0,42,30,0,30,72
04/10/2020,SNS,CA,AWP,WE,Federal Contract Tower,0,0,29,0,29,0,0,34,0,34,0,0,63,0,63,42,0,42,105
04/11/2020,SNS,CA,AWP,WE,Federal Contract Tower,0,0,7,0,7,0,0,32,0,32,0,0,39,0,39,8,0,8,47
04/12/2020,SNS,CA,AWP,WE,Federal Contract Tower,0,0,4,0,4,0,0,38,0,38,0,0,42,0,42,0,0,0,42
04/13/2020,SNS,CA,AWP,WE,Federal Contract Tower,0,0,24,0,24,0,0,63,3,66,0,0,87,3,90,48,10,58,148
04/14/2020,SNS,CA,AWP,WE,Federal Contract Tower,0,3,15,0,18,0,2,59,0,61,0,5,74,0,79,38,0,38,117
04/15/2020,SNS,CA,AWP,WE,Federal Contract Tower,0,0,33,0,33,0,3,74,1,78,0,3,107,1,111,64,0,64,175
04/16/2020,SNS,CA,AWP,WE,Federal Contract Tower,0,1,47,0,48,0,1,53,0,54,0,2,100,0,102,44,0,44,146
04/17/2020,SNS,CA,AWP,WE,Federal Contract Tower,0,1,40,0,41,0,3,22,1,26,0,4,62,1,67,0,0,0,67
04/18/2020,SNS,CA,AWP,WE,Federal Contract Tower,0,0,16,0,16,0,0,40,0,40,0,0,56,0,56,60,0,60,116
04/19/2020,SNS,CA,AWP,WE,Federal Contract Tower,0,0,34,0,34,0,3,85,0,88,0,3,119,0,122,118,0,118,240
04/20/2020,SNS,CA,AWP,WE,Federal Contract Tower,0,0,15,0,15,0,2,29,1,32,0,2,44,1,47,28,0,28,75
04/21/2020,SNS,CA,AWP,WE,Federal Contract Tower,0,0,13,0,13,0,2,27,2,31,0,2,40,2,44,28,0,28,72
04/22/2020,SNS,CA,AWP,WE,Federal Contract Tower,0,0,25,0,25,0,2,78,2,82,0,2,103,2,107,80,0,80,187
04/23/2020,SNS,CA,AWP,WE,Federal Contract Tower,0,0,34,0,34,0,0,67,3,70,0,0,101,3,104,64,0,64,168
04/24/2020,SNS,CA,AWP,WE,Federal Contract Tower,0,2,20,0,22,0,2,63,0,65,0,4,83,0,87,26,0,26,113
04/25/2020,SNS,CA,AWP,WE,Federal Contract Tower,0,0,6,0,6,0,2,52,0,54,0,2,58,0,60,24,0,24,84
04/26/2020,SNS,CA,AWP,WE,Federal Contract Tower,0,1,72,0,73,0,3,68,0,71,0,4,140,0,144,60,0,60,204
04/27/2020,SNS,CA,AWP,WE,Federal Contract Tower,0,2,32,0,34,0,2,85,12,99,0,4,117,12,133,42,0,42,175
04/28/2020,SNS,CA,AWP,WE,Federal Contract Tower,0,0,48,0,48,0,0,70,0,70,0,0,118,0,118,32,0,32,150
04/29/2020,SNS,CA,AWP,WE,Federal Contract Tower,0,0,14,0,14,0,0,50,0,50,0,0,64,0,64,50,0,50,114
04/30/2020,SNS,CA,AWP,WE,Federal Contract Tower,0,0,15,0,15,0,0,57,0,57,0,0,72,0,72,58,0,58,130
05/01/2020,SNS,CA,AWP,WE,Federal Contract Tower,0,0,13,0,13,0,0,55,0,55,0,0,68,0,68,70,0,70,138
05/02/2020,SNS,CA,AWP,WE,Federal Contract Tower,0,0,37,0,37,0,7,74,0,81,0,7,111,0,118,102,0,102,220
05/03/2020,SNS,CA,AWP,WE,Federal Contract Tower,0,0,25,0,25,0,0,53,0,53,0,0,78,0,78,70,0,70,148
05/04/2020,SNS,CA,AWP,WE,Federal Contract Tower,0,0,12,0,12,0,0,85,2,87,0,0,97,2,99,40,0,40,139
05/05/2020,SNS,CA,AWP,WE,Federal Contract Tower,0,0,28,0,28,0,0,65,1,66,0,0,93,1,94,26,0,26,120
05/06/2020,SNS,CA,AWP,WE,Federal Contract Tower,0,0,14,0,14,0,0,65,1,66,0,0,79,1,80,98,0,98,178
05/07/2020,SNS,CA,AWP,WE,Federal Contract Tower,0,0,26,0,26,0,0,82,1,83,0,0,108,1,109,78,0,78,187
05/08/2020,SNS,CA,AWP,WE,Federal Contract Tower,0,0,28,0,28,0,0,62,1,63,0,0,90,1,91,48,0,48,139
05/09/2020,SNS,CA,AWP,WE,Federal Contract Tower,0,0,43,0,43,0,0,81,0,81,0,0,124,0,124,92,0,92,216
05/10/2020,SNS,CA,AWP,WE,Federal Contract Tower,0,0,9,0,9,0,3,49,0,52,0,3,58,0,61,52,0,52,113
05/11/2020,SNS,CA,AWP,WE,Federal Contract Tower,0,1,26,0,27,0,2,55,4,61,0,3,81,4,88,30,0,30,118
05/12/2020,SNS,CA,AWP,WE,Federal Contract Tower,0,0,21,0,21,0,3,58,2,63,0,3,79,2,84,48,0,48,132
05/13/2020,SNS,CA,AWP,WE,Federal Contract Tower,0,0,13,0,13,0,0,82,2,84,0,0,95,2,97,40,0,40,137
05/14/2020,SNS,CA,AWP,WE,Federal Contract Tower,0,0,31,0,31,0,0,80,1,81,0,0,111,1,112,48,0,48,160
05/15/2020,SNS,CA,AWP,WE,Federal Contract Tower,0,0,66,0,66,0,0,84,4,88,0,0,150,4,154,70,18,88,242
05/16/2020,SNS,CA,AWP,WE,Federal Contract Tower,0,2,18,0,20,0,2,61,0,63,0,4,79,0,83,64,0,64,147
05/17/2020,SNS,CA,AWP,WE,Federal Contract Tower,0,0,22,0,22,0,3,30,0,33,0,3,52,0,55,20,0,20,75
05/18/2020,SNS,CA,AWP,WE,Federal Contract Tower,0,0,10,0,10,0,0,31,2,33,0,0,41,2,43,32,0,32,75
05/19/2020,SNS,CA,AWP,WE,Federal Contract Tower,0,0,45,0,45,0,0,81,3,84,0,0,126,3,129,58,0,58,187
05/20/2020,SNS,CA,AWP,WE,Federal Contract Tower,0,1,27,0,28,0,1,88,1,90,0,2,115,1,118,16,0,16,134
05/21/2020,SNS,CA,AWP,WE,Federal Contract Tower,0,0,61,2,63,0,2,76,2,80,0,2,137,4,143,72,0,72,215
05/22/2020,SNS,CA,AWP,WE,Federal Contract Tower,0,0,54,0,54,0,0,76,1,77,0,0,130,1,131,66,0,66,197
05/23/2020,SNS,CA,AWP,WE,Federal Contract Tower,0,0,42,0,42,0,0,70,0,70,0,0,112,0,112,80,0,80,192
05/24/2020,SNS,CA,AWP,WE,Federal Contract Tower,0,0,26,0,26,0,0,62,0,62,0,0,88,0,88,98,0,98,186
05/25/2020,SNS,CA,AWP,WE,Federal Contract Tower,0,2,46,1,49,0,4,102,0,106,0,6,148,1,155,100,0,100,255
05/26/2020,SNS,CA,AWP,WE,Federal Contract Tower,0,1,31,0,32,0,3,93,2,98,0,4,124,2,130,84,0,84,214
05/27/2020,SNS,CA,AWP,WE,Federal Contract Tower,0,0,6,0,6,0,0,58,0,58,0,0,64,0,64,58,0,58,122
05/28/2020,SNS,CA,AWP,WE,Federal Contract Tower,0,0,47,0,47,0,0,48,0,48,0,0,95,0,95,58,0,58,153
05/29/2020,SNS,CA,AWP,WE,Federal Contract Tower,0,0,50,0,50,0,0,43,0,43,0,0,93,0,93,58,0,58,151
05/30/2020,SNS,CA,AWP,WE,Federal Contract Tower,0,0,16,0,16,0,0,30,0,30,0,0,46,0,46,16,0,16,62
05/31/2020,SNS,CA,AWP,WE,Federal Contract Tower,0,0,16,0,16,0,0,49,0,49,0,0,65,0,65,34,0,34,99
06/01/2020,SNS,CA,AWP,WE,Federal Contract Tower,0,0,27,0,27,0,4,62,2,68,0,4,89,2,95,50,0,50,145
06/02/2020,SNS,CA,AWP,WE,Federal Contract Tower,0,2,61,0,63,0,6,85,2,93,0,8,146,2,156,68,0,68,224
06/03/2020,SNS,CA,AWP,WE,Federal Contract Tower,0,0,10,0,10,0,0,30,0,30,0,0,40,0,40,60,0,60,100
06/04/2020,SNS,CA,AWP,WE,Federal Contract Tower,0,0,51,0,51,0,3,93,0,96,0,3,144,0,147,68,1,69,216
06/05/2020,SNS,CA,AWP,WE,Federal Contract Tower,0,0,77,1,78,0,0,52,1,53,0,0,129,2,131,32,0,32,163
06/06/2020,SNS,CA,AWP,WE,Federal Contract Tower,0,0,28,0,28,0,3,68,0,71,0,3,96,0,99,60,0,60,159
06/07/2020,SNS,CA,AWP,WE,Federal Contract Tower,0,0,33,0,33,0,2,73,0,75,0,2,106,0,108,72,0,72,180
06/08/2020,SNS,CA,AWP,WE,Federal Contract Tower,0,0,79,0,79,0,4,71,2,77,0,4,150,2,156,72,0,72,228
06/09/2020,SNS,CA,AWP,WE,Federal Contract Tower,0,0,31,0,31,0,0,83,2,85,0,0,114,2,116,36,0,36,152
06/10/2020,SNS,CA,AWP,WE,Federal Contract Tower,0,0,13,0,13,0,0,51,0,51,0,0,64,0,64,78,2,80,144
06/11/2020,SNS,CA,AWP,WE,Federal Contract Tower,0,1,82,1,84,0,0,64,1,65,0,1,146,2,149,88,0,88,237
06/12/2020,SNS,CA,AWP,WE,Federal Contract Tower,0,2,55,0,57,0,1,84,2,87,0,3,139,2,144,86,0,86,230
06/13/2020,SNS,CA,AWP,WE,Federal Contract Tower,0,2,22,0,24,0,0,102,0,102,0,2,124,0,126,134,0,134,260
06/14/2020,SNS,CA,AWP,WE,Federal Contract Tower,0,0,26,0,26,0,0,49,0,49,0,0,75,0,75,60,0,60,135
06/15/2020,SNS,CA,AWP,WE,Federal Contract Tower,0,2,27,0,29,0,5,62,2,69,0,7,89,2,98,62,4,66,164
06/16/2020,SNS,CA,AWP,WE,Federal Contract Tower,0,2,45,0,47,0,0,86,2,88,0,2,131,2,135,54,14,68,203
06/17/2020,SNS,CA,AWP,WE,Federal Contract Tower,0,0,22,0,22,0,0,74,6,80,0,0,96,6,102,74,0,74,176
06/18/2020,SNS,CA,AWP,WE,Federal Contract Tower,0,2,21,0,23,0,0,66,1,67,0,2,87,1,90,130,0,130,220
06/19/2020,SNS,CA,AWP,WE,Federal Contract Tower,0,2,65,0,67,0,2,67,2,71,0,4,132,2,138,112,0,112,250
06/20/2020,SNS,CA,AWP,WE,Federal Contract Tower,0,2,68,0,70,0,2,52,0,54,0,4,120,0,124,60,0,60,184
06/21/2020,SNS,CA,AWP,WE,Federal Contract Tower,0,0,44,0,44,0,5,33,0,38,0,5,77,0,82,30,0,30,112
06/22/2020,SNS,CA,AWP,WE,Federal Contract Tower,0,1,59,0,60,0,0,0,0,0,0,1,59,0,60,66,0,66,126
06/23/2020,SNS,CA,AWP,WE,Federal Contract Tower,0,0,100,2,102,0,0,67,2,69,0,0,167,4,171,60,0,60,231
06/24/2020,SNS,CA,AWP,WE,Federal Contract Tower,0,0,56,0,56,0,0,52,0,52,0,0,108,0,108,56,0,56,164
06/25/2020,SNS,CA,AWP,WE,Federal Contract Tower,0,0,90,0,90,0,0,53,1,54,0,0,143,1,144,98,0,98,242
06/26/2020,SNS,CA,AWP,WE,Federal Contract Tower,0,0,74,0,74,0,0,53,1,54,0,0,127,1,128,88,0,88,216
06/27/2020,SNS,CA,AWP,WE,Federal Contract Tower,0,0,68,0,68,0,0,37,0,37,0,0,105,0,105,40,0,40,145
06/28/2020,SNS,CA,AWP,WE,Federal Contract Tower,0,0,30,0,30,0,2,38,0,40,0,2,68,0,70,84,0,84,154
06/29/2020,SNS,CA,AWP,WE,Federal Contract Tower,0,2,68,0,70,0,3,75,2,80,0,5,143,2,150,82,0,82,232
06/30/2020,SNS,CA,AWP,WE,Federal Contract Tower,0,8,83,0,91,0,0,91,3,94,0,8,174,3,185,96,0,96,281
07/01/2020,SNS,CA,AWP,WE,Federal Contract Tower,0,2,52,1,55,0,2,79,1,82,0,4,131,2,137,82,0,82,219
07/02/2020,SNS,CA,AWP,WE,Federal Contract Tower,0,0,32,0,32,0,0,62,0,62,0,0,94,0,94,114,0,114,208
07/03/2020,SNS,CA,AWP,WE,Federal Contract Tower,0,2,26,0,28,0,3,85,0,88,0,5,111,0,116,74,0,74,190
07/04/2020,SNS,CA,AWP,WE,Federal Contract Tower,0,0,37,0,37,0,7,71,0,78,0,7,108,0,115,84,0,84,199
07/05/2020,SNS,CA,AWP,WE,Federal Contract Tower,0,0,29,0,29,0,8,87,0,95,0,8,116,0,124,132,0,132,256
07/06/2020,SNS,CA,AWP,WE,Federal Contract Tower,0,0,31,0,31,0,6,64,2,72,0,6,95,2,103,72,0,72,175
07/07/2020,SNS,CA,AWP,WE,Federal Contract Tower,0,0,56,0,56,0,4,105,1,110,0,4,161,1,166,152,0,152,318
07/08/2020,SNS,CA,AWP,WE,Federal Contract Tower,0,0,48,0,48,0,0,55,2,57,0,0,103,2,105,66,0,66,171
07/09/2020,SNS,CA,AWP,WE,Federal Contract Tower,0,3,86,0,89,0,4,86,1,91,0,7,172,1,180,94,0,94,274
07/10/2020,SNS,CA,AWP,WE,Federal Contract Tower,0,3,75,0,78,0,0,86,0,86,0,3,161,0,164,74,0,74,238
07/11/2020,SNS,CA,AWP,WE,Federal Contract Tower,0,0,43,0,43,0,3,88,0,91,0,3,131,0,134,88,0,88,222
07/12/2020,SNS,CA,AWP,WE,Federal Contract Tower,0,2,77,0,79,0,6,74,0,80,0,8,151,0,159,66,0,66,225
07/13/2020,SNS,CA,AWP,WE,Federal Contract Tower,0,2,49,0,51,0,2,47,1,50,0,4,96,1,101,46,0,46,147
07/14/2020,SNS,CA,AWP,WE,Federal Contract Tower,0,0,24,0,24,0,0,58,0,58,0,0,82,0,82,78,0,78,160
07/15/2020,SNS,CA,AWP,WE,Federal Contract Tower,0,0,21,0,21,0,0,57,0,57,0,0,78,0,78,82,0,82,160
07/16/2020,SNS,CA,AWP,WE,Federal Contract Tower,0,3,85,2,90,0,3,73,2,78,0,6,158,4,168,84,0,84,252
07/17/2020,SNS,CA,AWP,WE,Federal Contract Tower,0,0,59,0,59,0,0,51,0,51,0,0,110,0,110,60,0,60,170
07/18/2020,SNS,CA,AWP,WE,Federal Contract Tower,0,0,29,0,29,0,3,48,0,51,0,3,77,0,80,28,0,28,108
07/19/2020,SNS,CA,AWP,WE,Federal Contract Tower,0,1,63,0,64,0,3,38,0,41,0,4,101,0,105,20,0,20,125
07/20/2020,SNS,CA,AWP,WE,Federal Contract Tower,0,0,70,4,74,0,0,74,0,74,0,0,144,4,148,44,0,44,192
07/21/2020,SNS,CA,AWP,WE,Federal Contract Tower,0,1,48,0,49,0,0,34,0,34,0,1,82,0,83,26,0,26,109
07/22/2020,SNS,CA,AWP,WE,Federal Contract Tower,0,0,65,0,65,0,0,67,2,69,0,0,132,2,134,66,0,66,200
07/23/2020,SNS,CA,AWP,WE,Federal Contract Tower,0,0,83,0,83,0,0,56,2,58,0,0,139,2,141,54,0,54,195
07/24/2020,SNS,CA,AWP,WE,Federal Contract Tower,0,0,44,0,44,0,0,36,2,38,0,0,80,2,82,40,0,40,122
07/25/2020,SNS,CA,AWP,WE,Federal Contract Tower,0,0,47,0,47,0,0,84,0,84,0,0,131,0,131,86,0,86,217
07/26/2020,SNS,CA,AWP,WE,Federal Contract Tower,0,1,75,0,76,0,3,82,0,85,0,4,157,0,161,48,0,48,209
07/27/2020,SNS,CA,AWP,WE,Federal Contract Tower,0,0,39,0,39,0,2,81,0,83,0,2,120,0,122,112,0,112,234
07/28/2020,SNS,CA,AWP,WE,Federal Contract Tower,0,0,46,0,46,0,0,56,0,56,0,0,102,0,102,78,0,78,180
07/29/2020,SNS,CA,AWP,WE,Federal Contract Tower,0,0,48,0,48,0,2,70,2,74,0,2,118,2,122,78,0,78,200
07/30/2020,SNS,CA,AWP,WE,Federal Contract Tower,0,0,57,0,57,0,0,67,0,67,0,0,124,0,124,76,0,76,200
07/31/2020,SNS,CA,AWP,WE,Federal Contract Tower,0,0,75,2,77,0,0,61,0,61,0,0,136,2,138,78,0,78,216
08/01/2020,SNS,CA,AWP,WE,Federal Contract Tower,0,1,50,0,51,0,3,78,0,81,0,4,128,0,132,70,0,70,202
08/02/2020,SNS,CA,AWP,WE,Federal Contract Tower,0,0,87,0,87,0,5,98,0,103,0,5,185,0,190,70,0,70,260
08/03/2020,SNS,CA,AWP,WE,Federal Contract Tower,0,0,80,1,81,0,3,109,2,114,0,3,189,3,195,108,0,108,303
08/04/2020,SNS,CA,AWP,WE,Federal Contract Tower,0,0,66,0,66,0,0,52,0,52,0,0,118,0,118,80,0,80,198
08/05/2020,SNS,CA,AWP,WE,Federal Contract Tower,0,0,45,0,45,0,0,65,2,67,0,0,110,2,112,88,0,88,200
08/06/2020,SNS,CA,AWP,WE,Federal Contract Tower,0,2,86,0,88,0,3,90,1,94,0,5,176,1,182,72,0,72,254
08/07/2020,SNS,CA,AWP,WE,Federal Contract Tower,0,0,107,0,107,0,0,106,2,108,0,0,213,2,215,180,0,180,395
08/08/2020,SNS,CA,AWP,WE,Federal Contract Tower,0,0,51,0,51,0,4,64,0,68,0,4,115,0,119,92,0,92,211
08/09/2020,SNS,CA,AWP,WE,Federal Contract Tower,0,0,83,0,83,0,2,84,0,86,0,2,167,0,169,112,0,112,281
08/10/2020,SNS,CA,AWP,WE,Federal Contract Tower,0,0,78,0,78,0,3,83,2,88,0,3,161,2,166,96,0,96,262
08/11/2020,SNS,CA,AWP,WE,Federal Contract Tower,0,7,73,0,80,0,0,82,2,84,0,7,155,2,164,108,0,108,272
08/12/2020,SNS,CA,AWP,WE,Federal Contract Tower,0,0,43,0,43,0,0,52,0,52,0,0,95,0,95,148,0,148,243
08/13/2020,SNS,CA,AWP,WE,Federal Contract Tower,0,0,74,3,77,0,0,84,3,87,0,0,158,6,164,94,0,94,258
08/14/2020,SNS,CA,AWP,WE,Federal Contract Tower,0,0,38,0,38,0,0,105,3,108,0,0,143,3,146,98,0,98,244
08/15/2020,SNS,CA,AWP,WE,Federal Contract Tower,0,0,37,0,37,0,4,65,0,69,0,4,102,0,106,76,0,76,182
08/16/2020,SNS,CA,AWP,WE,Federal Contract Tower,0,0,34,0,34,0,7,95,0,102,0,7,129,0,136,70,0,70,206
08/17/2020,SNS,CA,AWP,WE,Federal Contract Tower,0,1,23,1,25,0,7,66,0,73,0,8,89,1,98,0,0,0,98
08/18/2020,SNS,CA,AWP,WE,Federal Contract Tower,0,0,18,0,18,0,0,59,0,59,0,0,77,0,77,62,0,62,139
08/19/2020,SNS,CA,AWP,WE,Federal Contract Tower,0,0,24,0,24,0,0,37,0,37,0,0,61,0,61,54,0,54,115
08/20/2020,SNS,CA,AWP,WE,Federal Contract Tower,0,8,56,1,65,0,0,32,0,32,0,8,88,1,97,42,0,42,139
08/21/2020,SNS,CA,AWP,WE,Federal Contract Tower,0,2,23,1,26,0,4,3,0,7,0,6,26,1,33,0,0,0,33
08/22/2020,SNS,CA,AWP,WE,Federal Contract Tower,0,15,72,0,87,0,5,15,0,20,0,20,87,0,107,34,0,34,141
08/23/2020,SNS,CA,AWP,WE,Federal Contract Tower,0,0,17,0,17,0,1,45,0,46,0,1,62,0,63,0,0,0,63
08/24/2020,SNS,CA,AWP,WE,Federal Contract Tower,0,0,25,0,25,0,0,46,0,46,0,0,71,0,71,10,0,10,81
08/25/2020,SNS,CA,AWP,WE,Federal Contract Tower,0,0,21,0,21,0,0,55,0,55,0,0,76,0,76,84,0,84,160
08/26/2020,SNS,CA,AWP,WE,Federal Contract Tower,0,10,71,0,81,0,0,44,0,44,0,10,115,0,125,26,0,26,151
08/27/2020,SNS,CA,AWP,WE,Federal Contract Tower,0,3,40,0,43,0,0,70,2,72,0,3,110,2,115,84,0,84,199
08/28/2020,SNS,CA,AWP,WE,Federal Contract Tower,0,0,46,0,46,0,2,52,0,54,0,2,98,0,100,66,0,66,166
08/29/2020,SNS,CA,AWP,WE,Federal Contract Tower,0,11,45,0,56,0,0,60,0,60,0,11,105,0,116,68,0,68,184
08/30/2020,SNS,CA,AWP,WE,Federal Contract Tower,0,1,65,0,66,0,2,69,0,71,0,3,134,0,137,64,0,64,201
08/31/2020,SNS,CA,AWP,WE,Federal Contract Tower,0,4,78,2,84,0,0,59,2,61,0,4,137,4,145,52,0,52,197
09/01/2020,SNS,CA,AWP,WE,Federal Contract Tower,0,0,42,0,42,0,0,52,0,52,0,0,94,0,94,106,0,106,200
09/02/2020,SNS,CA,AWP,WE,Federal Contract Tower,0,0,49,0,49,0,0,82,0,82,0,0,131,0,131,116,0,116,247
09/03/2020,SNS,CA,AWP,WE,Federal Contract Tower,0,0,52,0,52,0,0,72,1,73,0,0,124,1,125,90,0,90,215
09/04/2020,SNS,CA,AWP,WE,Federal Contract Tower,0,0,46,0,46,0,0,77,0,77,0,0,123,0,123,146,0,146,269
09/05/2020,SNS,CA,AWP,WE,Federal Contract Tower,0,3,54,0,57,0,4,84,0,88,0,7,138,0,145,66,0,66,211
09/06/2020,SNS,CA,AWP,WE,Federal Contract Tower,0,3,33,0,36,0,11,81,0,92,0,14,114,0,128,126,0,126,254
09/07/2020,SNS,CA,AWP,WE,Federal Contract Tower,0,0,40,0,40,0,5,47,0,52,0,5,87,0,92,88,0,88,180
09/08/2020,SNS,CA,AWP,WE,Federal Contract Tower,0,2,50,0,52,0,0,62,0,62,0,2,112,0,114,94,0,94,208
09/09/2020,SNS,CA,AWP,WE,Federal Contract Tower,0,0,44,0,44,0,0,60,1,61,0,0,104,1,105,70,0,70,175
09/10/2020,SNS,CA,AWP,WE,Federal Contract Tower,0,2,55,2,59,0,0,19,2,21,0,2,74,4,80,0,0,0,80
09/11/2020,SNS,CA,AWP,WE,Federal Contract Tower,0,3,66,1,70,0,0,7,1,8,0,3,73,2,78,0,0,0,78
09/12/2020,SNS,CA,AWP,WE,Federal Contract Tower,0,0,13,0,13,0,0,11,0,11,0,0,24,0,24,0,0,0,24
09/13/2020,SNS,CA,AWP,WE,Federal Contract Tower,0,0,12,0,12,0,0,10,0,10,0,0,22,0,22,46,0,46,68
09/14/2020,SNS,CA,AWP,WE,Federal Contract Tower,0,0,28,0,28,0,0,15,1,16,0,0,43,1,44,54,0,54,98
09/15/2020,SNS,CA,AWP,WE,Federal Contract Tower,0,0,61,0,61,0,3,43,2,48,0,3,104,2,109,30,0,30,139
09/16/2020,SNS,CA,AWP,WE,Federal Contract Tower,0,0,87,0,87,0,5,97,2,104,0,5,184,2,191,166,0,166,357
09/17/2020,SNS,CA,AWP,WE,Federal Contract Tower,0,0,36,4,40,0,0,85,3,88,0,0,121,7,128,90,0,90,218
09/18/2020,SNS,CA,AWP,WE,Federal Contract Tower,0,0,26,0,26,0,0,104,2,106,0,0,130,2,132,152,0,152,284
09/19/2020,SNS,CA,AWP,WE,Federal Contract Tower,0,0,43,0,43,0,0,53,0,53,0,0,96,0,96,70,0,70,166
09/20/2020,SNS,CA,AWP,WE,Federal Contract Tower,0,0,42,0,42,0,1,91,0,92,0,1,133,0,134,94,0,94,228
09/21/2020,SNS,CA,AWP,WE,Federal Contract Tower,0,0,44,0,44,0,0,50,2,52,0,0,94,2,96,66,0,66,162
09/22/2020,SNS,CA,AWP,WE,Federal Contract Tower,0,0,50,0,50,0,0,63,2,65,0,0,113,2,115,106,0,106,221
09/23/2020,SNS,CA,AWP,WE,Federal Contract Tower,0,0,34,0,34,0,0,89,2,91,0,0,123,2,125,140,0,140,265
09/24/2020,SNS,CA,AWP,WE,Federal Contract Tower,0,0,28,0,28,0,0,91,2,93,0,0,119,2,121,182,0,182,303
09/25/2020,SNS,CA,AWP,WE,Federal Contract Tower,0,0,39,2,41,0,5,79,2,86,0,5,118,4,127,116,0,116,243
09/26/2020,SNS,CA,AWP,WE,Federal Contract Tower,0,0,37,0,37,0,0,71,0,71,0,0,108,0,108,82,0,82,190
09/27/2020,SNS,CA,AWP,WE,Federal Contract Tower,0,1,45,0,46,0,0,88,0,88,0,1,133,0,134,114,0,114,248
09/28/2020,SNS,CA,AWP,WE,Federal Contract Tower,0,0,34,0,34,0,5,65,1,71,0,5,99,1,105,32,0,32,137
09/29/2020,SNS,CA,AWP,WE,Federal Contract Tower,0,0,21,2,23,0,0,54,0,54,0,0,75,2,77,96,0,96,173
09/30/2020,SNS,CA,AWP,WE,Federal Contract Tower,0,5,44,1,50,0,0,59,1,60,0,5,103,2,110,72,0,72,182
10/01/2020,SNS,CA,AWP,WE,Federal Contract Tower,0,0,46,1,47,0,0,69,4,73,0,0,115,5,120,134,0,134,254
10/02/2020,SNS,CA,AWP,WE,Federal Contract Tower,0,0,49,0,49,0,0,72,2,74,0,0,121,2,123,36,0,36,159
10/03/2020,SNS,CA,AWP,WE,Federal Contract Tower,0,0,14,0,14,0,2,49,0,51,0,2,63,0,65,66,0,66,131
10/04/2020,SNS,CA,AWP,WE,Federal Contract Tower,0,0,33,1,34,0,3,53,0,56,0,3,86,1,90,90,0,90,180
10/05/2020,SNS,CA,AWP,WE,Federal Contract Tower,0,0,42,0,42,0,0,80,2,82,0,0,122,2,124,78,0,78,202
10/06/2020,SNS,CA,AWP,WE,Federal Contract Tower,0,0,53,1,54,0,0,86,1,87,0,0,139,2,141,126,0,126,267
10/07/2020,SNS,CA,AWP,WE,Federal Contract Tower,0,1,34,0,35,0,0,51,1,52,0,1,85,1,87,56,0,56,143
10/08/2020,SNS,CA,AWP,WE,Federal Contract Tower,0,2,66,0,68,0,0,59,2,61,0,2,125,2,129,70,0,70,199
10/09/2020,SNS,CA,AWP,WE,Federal Contract Tower,0,3,64,0,67,0,2,68,1,71,0,5,132,1,138,82,0,82,220
10/10/2020,SNS,CA,AWP,WE,Federal Contract Tower,0,1,28,0,29,0,7,93,0,100,0,8,121,0,129,130,0,130,259
10/11/2020,SNS,CA,AWP,WE,Federal Contract Tower,0,0,22,0,22,0,3,81,0,84,0,3,103,0,106,140,0,140,246
10/12/2020,SNS,CA,AWP,WE,Federal Contract Tower,0,1,32,0,33,0,0,85,0,85,0,1,117,0,118,112,0,112,230
10/13/2020,SNS,CA,AWP,WE,Federal Contract Tower,0,0,45,1,46,0,4,77,2,83,0,4,122,3,129,98,0,98,227
10/14/2020,SNS,CA,AWP,WE,Federal Contract Tower,0,0,34,4,38,0,5,85,3,93,0,5,119,7,131,88,0,88,219
10/15/2020,SNS,CA,AWP,WE,Federal Contract Tower,0,0,47,1,48,0,0,77,0,77,0,0,124,1,125,78,0,78,203
10/16/2020,SNS,CA,AWP,WE,Federal Contract Tower,0,0,29,0,29,0,0,78,0,78,0,0,107,0,107,72,0,72,179
10/17/2020,SNS,CA,AWP,WE,Federal Contract Tower,0,0,10,2,12,0,0,48,0,48,0,0,58,2,60,54,0,54,114
10/18/2020,SNS,CA,AWP,WE,Federal Contract Tower,0,0,29,0,29,0,5,68,0,73,0,5,97,0,102,82,0,82,184
10/19/2020,SNS,CA,AWP,WE,Federal Contract Tower,0,3,57,2,62,0,6,63,4,73,0,9,120,6,135,72,0,72,207
10/20/2020,SNS,CA,AWP,WE,Federal Contract Tower,0,0,58,0,58,0,3,47,0,50,0,3,105,0,108,60,0,60,168
10/21/2020,SNS,CA,AWP,WE,Federal Contract Tower,0,0,11,0,11,0,2,44,2,48,0,2,55,2,59,102,12,114,173
10/22/2020,SNS,CA,AWP,WE,Federal Contract Tower,0,0,41,1,42,0,0,46,2,48,0,0,87,3,90,60,0,60,150
10/23/2020,SNS,CA,AWP,WE,Federal Contract Tower,0,0,46,0,46,0,0,94,1,95,0,0,140,1,141,122,4,126,267
10/24/2020,SNS,CA,AWP,WE,Federal Contract Tower,0,4,13,0,17,0,2,45,0,47,0,6,58,0,64,62,0,62,126
10/25/2020,SNS,CA,AWP,WE,Federal Contract Tower,0,0,48,0,48,0,8,62,0,70,0,8,110,0,118,34,0,34,152
10/26/2020,SNS,CA,AWP,WE,Federal Contract Tower,0,0,41,0,41,0,0,70,0,70,0,0,111,0,111,56,0,56,167
10/27/2020,SNS,CA,AWP,WE,Federal Contract Tower,0,0,24,0,24,0,0,68,2,70,0,0,92,2,94,108,0,108,202
10/28/2020,SNS,CA,AWP,WE,Federal Contract Tower,0,0,42,0,42,0,0,71,2,73,0,0,113,2,115,68,0,68,183
10/29/2020,SNS,CA,AWP,WE,Federal Contract Tower,0,3,33,1,37,0,2,46,3,51,0,5,79,4,88,72,0,72,160
10/30/2020,SNS,CA,AWP,WE,Federal Contract Tower,0,7,22,2,31,0,4,72,0,76,0,11,94,2,107,54,0,54,161
10/31/2020,SNS,CA,AWP,WE,Federal Contract Tower,0,1,33,0,34,0,4,84,2,90,0,5,117,2,124,68,0,68,192
11/01/2020,SNS,CA,AWP,WE,Federal Contract Tower,0,0,28,0,28,0,5,66,0,71,0,5,94,0,99,64,0,64,163
11/02/2020,SNS,CA,AWP,WE,Federal Contract Tower,0,0,41,0,41,0,4,57,1,62,0,4,98,1,103,48,0,48,151
11/03/2020,SNS,CA,AWP,WE,Federal Contract Tower,0,0,49,0,49,0,0,56,2,58,0,0,105,2,107,62,0,62,169
11/04/2020,SNS,CA,AWP,WE,Federal Contract Tower,0,0,27,0,27,0,0,68,3,71,0,0,95,3,98,72,0,72,170
11/05/2020,SNS,CA,AWP,WE,Federal Contract Tower,0,5,50,3,58,0,0,96,1,97,0,5,146,4,155,132,6,138,293
11/06/2020,SNS,CA,AWP,WE,Federal Contract Tower,0,4,20,0,24,0,0,34,1,35,0,4,54,1,59,34,0,34,93
11/07/2020,SNS,CA,AWP,WE,Federal Contract Tower,0,0,21,0,21,0,5,56,0,61,0,5,77,0,82,84,0,84,166
11/08/2020,SNS,CA,AWP,WE,Federal Contract Tower,0,0,2,0,2,0,3,43,0,46,0,3,45,0,48,28,0,28,76
11/09/2020,SNS,CA,AWP,WE,Federal Contract Tower,0,0,29,0,29,0,8,66,4,78,0,8,95,4,107,74,0,74,181
11/10/2020,SNS,CA,AWP,WE,Federal Contract Tower,0,0,59,0,59,0,4,82,2,88,0,4,141,2,147,62,0,62,209
11/11/2020,SNS,CA,AWP,WE,Federal Contract Tower,0,0,49,0,49,0,4,77,0,81,0,4,126,0,130,90,0,90,220
11/12/2020,SNS,CA,AWP,WE,Federal Contract Tower,0,0,72,0,72,0,0,98,4,102,0,0,170,4,174,94,0,94,268
11/13/2020,SNS,CA,AWP,WE,Federal Contract Tower,0,0,22,0,22,0,0,51,2,53,0,0,73,2,75,88,0,88,163
11/14/2020,SNS,CA,AWP,WE,Federal Contract Tower,0,0,33,0,33,0,1,55,0,56,0,1,88,0,89,66,0,66,155
11/15/2020,SNS,CA,AWP,WE,Federal Contract Tower,0,0,35,0,35,0,2,67,0,69,0,2,102,0,104,86,0,86,190
11/16/2020,SNS,CA,AWP,WE,Federal Contract Tower,0,0,30,0,30,0,2,52,1,55,0,2,82,1,85,56,0,56,141
11/17/2020,SNS,CA,AWP,WE,Federal Contract Tower,0,2,30,0,32,0,4,64,0,68,0,6,94,0,100,66,0,66,166
11/18/2020,SNS,CA,AWP,WE,Federal Contract Tower,0,0,40,0,40,0,0,80,2,82,0,0,120,2,122,142,0,142,264
11/19/2020,SNS,CA,AWP,WE,Federal Contract Tower,0,0,57,0,57,0,0,70,0,70,0,0,127,0,127,94,0,94,221
11/20/2020,SNS,CA,AWP,WE,Federal Contract Tower,0,0,41,0,41,0,0,89,2,91,0,0,130,2,132,70,0,70,202
11/21/2020,SNS,CA,AWP,WE,Federal Contract Tower,0,0,10,0,10,0,5,52,0,57,0,5,62,0,67,120,0,120,187
11/22/2020,SNS,CA,AWP,WE,Federal Contract Tower,0,0,38,0,38,0,4,64,0,68,0,4,102,0,106,50,0,50,156
11/23/2020,SNS,CA,AWP,WE,Federal Contract Tower,0,1,66,0,67,0,4,84,1,89,0,5,150,1,156,48,0,48,204
11/24/2020,SNS,CA,AWP,WE,Federal Contract Tower,0,0,51,0,51,0,2,61,2,65,0,2,112,2,116,68,0,68,184
11/25/2020,SNS,CA,AWP,WE,Federal Contract Tower,0,0,58,1,59,0,1,107,0,108,0,1,165,1,167,90,0,90,257
11/26/2020,SNS,CA,AWP,WE,Federal Contract Tower,0,0,17,0,17,0,0,42,0,42,0,0,59,0,59,8,0,8,67
11/27/2020,SNS,CA,AWP,WE,Federal Contract Tower,0,0,24,0,24,0,0,41,0,41,0,0,65,0,65,12,0,12,77
11/28/2020,SNS,CA,AWP,WE,Federal Contract Tower,0,1,32,0,33,0,8,72,0,80,0,9,104,0,113,118,0,118,231
11/29/2020,SNS,CA,AWP,WE,Federal Contract Tower,0,0,32,0,32,0,2,65,0,67,0,2,97,0,99,52,0,52,151
11/30/2020,SNS,CA,AWP,WE,Federal Contract Tower,0,2,72,0,74,0,6,85,0,91,0,8,157,0,165,84,0,84,249
12/01/2020,SNS,CA,AWP,WE,Federal Contract Tower,0,2,63,0,65,0,3,80,3,86,0,5,143,3,151,72,8,80,231
12/02/2020,SNS,CA,AWP,WE,Federal Contract Tower,0,0,50,0,50,0,0,89,2,91,0,0,139,2,141,114,12,126,267
12/03/2020,SNS,CA,AWP,WE,Federal Contract Tower,0,0,26,0,26,0,0,61,0,61,0,0,87,0,87,124,0,124,211
12/04/2020,SNS,CA,AWP,WE,Federal Contract Tower,0,0,26,0,26,0,0,74,2,76,0,0,100,2,102,134,0,134,236
12/05/2020,SNS,CA,AWP,WE,Federal Contract Tower,0,0,65,0,65,0,5,61,0,66,0,5,126,0,131,92,0,92,223
12/06/2020,SNS,CA,AWP,WE,Federal Contract Tower,0,0,47,0,47,0,6,40,0,46,0,6,87,0,93,44,0,44,137
12/07/2020,SNS,CA,AWP,WE,Federal Contract Tower,0,0,42,0,42,0,4,76,2,82,0,4,118,2,124,68,0,68,192
12/08/2020,SNS,CA,AWP,WE,Federal Contract Tower,0,0,43,0,43,0,4,92,2,98,0,4,135,2,141,20,0,20,161
12/09/2020,SNS,CA,AWP,WE,Federal Contract Tower,0,0,21,0,21,0,0,69,2,71,0,0,90,2,92,68,0,68,160
12/10/2020,SNS,CA,AWP,WE,Federal Contract Tower,0,0,44,2,46,0,0,74,0,74,0,0,118,2,120,122,0,122,242
12/11/2020,SNS,CA,AWP,WE,Federal Contract Tower,0,0,26,2,28,0,0,62,2,64,0,0,88,4,92,94,0,94,186
12/12/2020,SNS,CA,AWP,WE,Federal Contract Tower,0,0,29,0,29,0,2,0,0,2,0,2,29,0,31,0,0,0,31
12/13/2020,SNS,CA,AWP,WE,Federal Contract Tower,0,0,28,0,28,0,4,26,0,30,0,4,54,0,58,22,0,22,80
12/14/2020,SNS,CA,AWP,WE,Federal Contract Tower,0,0,43,0,43,0,6,38,2,46,0,6,81,2,89,54,0,54,143
12/15/2020,SNS,CA,AWP,WE,Federal Contract Tower,0,0,30,0,30,0,2,71,3,76,0,2,101,3,106,40,0,40,146
12/16/2020,SNS,CA,AWP,WE,Federal Contract Tower,0,0,35,1,36,0,0,75,2,77,0,0,110,3,113,68,0,68,181
12/17/2020,SNS,CA,AWP,WE,Federal Contract Tower,0,0,22,0,22,0,0,62,6,68,0,0,84,6,90,80,0,80,170
12/18/2020,SNS,CA,AWP,WE,Federal Contract Tower,0,0,33,0,33,0,0,78,2,80,0,0,111,2,113,92,0,92,205
12/19/2020,SNS,CA,AWP,WE,Federal Contract Tower,0,0,40,0,40,0,6,79,0,85,0,6,119,0,125,118,0,118,243
12/20/2020,SNS,CA,AWP,WE,Federal Contract Tower,0,0,30,0,30,0,5,55,0,60,0,5,85,0,90,62,0,62,152
12/21/2020,SNS,CA,AWP,WE,Federal Contract Tower,0,0,31,0,31,0,0,53,2,55,0,0,84,2,86,38,0,38,124
12/22/2020,SNS,CA,AWP,WE,Federal Contract Tower,0,0,34,0,34,0,5,56,0,61,0,5,90,0,95,42,0,42,137
12/23/2020,SNS,CA,AWP,WE,Federal Contract Tower,0,0,32,0,32,0,0,0,0,0,0,0,32,0,32,76,0,76,108
12/24/2020,SNS,CA,AWP,WE,Federal Contract Tower,0,0,14,0,14,0,0,42,0,42,0,0,56,0,56,32,0,32,88
12/25/2020,SNS,CA,AWP,WE,Federal Contract Tower,0,0,0,0,0,0,0,6,0,6,0,0,6,0,6,8,0,8,14
12/26/2020,SNS,CA,AWP,WE,Federal Contract Tower,0,0,16,0,16,0,3,24,0,27,0,3,40,0,43,22,0,22,65
12/27/2020,SNS,CA,AWP,WE,Federal Contract Tower,0,0,19,0,19,0,0,44,0,44,0,0,63,0,63,96,0,96,159
12/28/2020,SNS,CA,AWP,WE,Federal Contract Tower,0,0,20,0,20,0,0,71,3,74,0,0,91,3,94,74,40,114,208
12/29/2020,SNS,CA,AWP,WE,Federal Contract Tower,0,0,37,0,37,0,0,99,7,106,0,0,136,7,143,100,28,128,271
12/30/2020,SNS,CA,AWP,WE,Federal Contract Tower,0,8,58,0,66,0,1,98,2,101,0,9,156,2,167,80,0,80,247
12/31/2020,SNS,CA,AWP,WE,Federal Contract Tower,0,0,12,0,12,0,0,71,0,71,0,0,83,0,83,76,0,76,159
01/01/2021,SNS,CA,AWP,WE,Federal Contract Tower,0,0,22,0,22,0,0,43,0,43,0,0,65,0,65,62,0,62,127
01/02/2021,SNS,CA,AWP,WE,Federal Contract Tower,0,0,30,0,30,0,0,57,0,57,0,0,87,0,87,44,0,44,131
01/03/2021,SNS,CA,AWP,WE,Federal Contract Tower,0,0,21,0,21,0,0,20,0,20,0,0,41,0,41,0,0,0,41
01/04/2021,SNS,CA,AWP,WE,Federal Contract Tower,0,0,12,0,12,0,1,9,0,10,0,1,21,0,22,14,0,14,36
01/05/2021,SNS,CA,AWP,WE,Federal Contract Tower,0,5,72,0,77,0,3,52,1,56,0,8,124,1,133,26,0,26,159
01/06/2021,SNS,CA,AWP,WE,Federal Contract Tower,0,0,15,0,15,0,17,48,2,67,0,17,63,2,82,68,0,68,150
01/07/2021,SNS,CA,AWP,WE,Federal Contract Tower,0,0,21,0,21,0,0,100,0,100,0,0,121,0,121,74,0,74,195
01/08/2021,SNS,CA,AWP,WE,Federal Contract Tower,0,2,24,0,26,0,0,81,0,81,0,2,105,0,107,184,0,184,291
01/09/2021,SNS,CA,AWP,WE,Federal Contract Tower,0,0,27,0,27,0,4,59,0,63,0,4,86,0,90,72,0,72,162
01/10/2021,SNS,CA,AWP,WE,Federal Contract Tower,0,0,38,0,38,0,6,61,0,67,0,6,99,0,105,78,0,78,183
01/11/2021,SNS,CA,AWP,WE,Federal Contract Tower,0,0,18,2,20,0,0,60,0,60,0,0,78,2,80,96,0,96,176
01/12/2021,SNS,CA,AWP,WE,Federal Contract Tower,0,0,48,2,50,0,0,0,78,78,0,0,48,80,128,76,2,78,206
01/13/2021,SNS,CA,AWP,WE,Federal Contract Tower,0,0,24,0,24,0,0,90,2,92,0,0,114,2,116,54,0,54,170
01/14/2021,SNS,CA,AWP,WE,Federal Contract Tower,0,0,30,2,32,0,0,93,2,95,0,0,123,4,127,124,0,124,251
01/15/2021,SNS,CA,AWP,WE,Federal Contract Tower,0,0,40,0,40,0,0,81,0,81,0,0,121,0,121,138,0,138,259
01/16/2021,SNS,CA,AWP,WE,Federal Contract Tower,0,0,12,0,12,0,0,73,2,75,0,0,85,2,87,118,0,118,205
01/17/2021,SNS,CA,AWP,WE,Federal Contract Tower,0,0,30,0,30,0,4,69,0,73,0,4,99,0,103,110,0,110,213
01/18/2021,SNS,CA,AWP,WE,Federal Contract Tower,0,0,29,0,29,0,1,62,0,63,0,1,91,0,92,82,0,82,174
01/19/2021,SNS,CA,AWP,WE,Federal Contract Tower,0,0,11,0,11,0,0,50,0,50,0,0,61,0,61,70,0,70,131
01/20/2021,SNS,CA,AWP,WE,Federal Contract Tower,0,0,63,0,63,0,0,85,2,87,0,0,148,2,150,110,0,110,260
01/21/2021,SNS,CA,AWP,WE,Federal Contract Tower,0,0,20,0,20,0,0,69,2,71,0,0,89,2,91,124,0,124,215
01/22/2021,SNS,CA,AWP,WE,Federal Contract Tower,0,0,2,0,2,0,0,19,2,21,0,0,21,2,23,30,12,42,65
01/23/2021,SNS,CA,AWP,WE,Federal Contract Tower,0,0,13,3,16,0,0,85,1,86,0,0,98,4,102,130,0,130,232
01/24/2021,SNS,CA,AWP,WE,Federal Contract Tower,0,4,34,0,38,0,4,41,0,45,0,8,75,0,83,20,0,20,103
01/25/2021,SNS,CA,AWP,WE,Federal Contract Tower,0,0,33,0,33,0,9,37,2,48,0,9,70,2,81,0,0,0,81
01/26/2021,SNS,CA,AWP,WE,Federal Contract Tower,0,0,61,0,61,0,5,59,3,67,0,5,120,3,128,34,0,34,162
01/27/2021,SNS,CA,AWP,WE,Federal Contract Tower,0,2,39,0,41,0,0,29,0,29,0,2,68,0,70,0,0,0,70
01/28/2021,SNS,CA,AWP,WE,Federal Contract Tower,0,0,32,0,32,0,0,35,2,37,0,0,67,2,69,24,0,24,93
01/29/2021,SNS,CA,AWP,WE,Federal Contract Tower,0,0,14,0,14,0,0,47,0,47,0,0,61,0,61,76,0,76,137
01/30/2021,SNS,CA,AWP,WE,Federal Contract Tower,0,0,31,0,31,0,0,65,0,65,0,0,96,0,96,90,0,90,186
01/31/2021,SNS,CA,AWP,WE,Federal Contract Tower,0,0,32,0,32,0,0,61,0,61,0,0,93,0,93,98,0,98,191
02/01/2021,SNS,CA,AWP,WE,Federal Contract Tower,0,0,35,0,35,0,0,66,0,66,0,0,101,0,101,44,0,44,145
02/02/2021,SNS,CA,AWP,WE,Federal Contract Tower,0,0,34,0,34,0,0,28,0,28,0,0,62,0,62,46,0,46,108
02/03/2021,SNS,CA,AWP,WE,Federal Contract Tower,0,0,50,1,51,0,0,70,2,72,0,0,120,3,123,78,0,78,201
02/04/2021,SNS,CA,AWP,WE,Federal Contract Tower,0,0,39,0,39,0,0,86,4,90,0,0,125,4,129,90,0,90,219
02/05/2021,SNS,CA,AWP,WE,Federal Contract Tower,0,0,44,0,44,0,0,71,2,73,0,0,115,2,117,138,0,138,255
02/06/2021,SNS,CA,AWP,WE,Federal Contract Tower,0,0,29,0,29,0,4,106,0,110,0,4,135,0,139,150,0,150,289
02/07/2021,SNS,CA,AWP,WE,Federal Contract Tower,0,0,29,0,29,0,15,67,0,82,0,15,96,0,111,122,0,122,233
02/08/2021,SNS,CA,AWP,WE,Federal Contract Tower,0,0,29,0,29,0,2,47,0,49,0,2,76,0,78,56,0,56,134
02/09/2021,SNS,CA,AWP,WE,Federal Contract Tower,0,1,32,0,33,0,2,76,2,80,0,3,108,2,113,46,0,46,159
02/10/2021,SNS,CA,AWP,WE,Federal Contract Tower,0,5,53,0,58,0,4,64,0,68,0,9,117,0,126,70,0,70,196
02/11/2021,SNS,CA,AWP,WE,Federal Contract Tower,0,0,38,0,38,0,0,59,0,59,0,0,97,0,97,72,0,72,169
02/12/2021,SNS,CA,AWP,WE,Federal Contract Tower,0,0,31,2,33,0,0,60,0,60,0,0,91,2,93,50,0,50,143
02/13/2021,SNS,CA,AWP,WE,Federal Contract Tower,0,0,16,0,16,0,3,35,0,38,0,3,51,0,54,20,0,20,74
02/14/2021,SNS,CA,AWP,WE,Federal Contract Tower,0,0,29,0,29,0,3,72,0,75,0,3,101,0,104,58,0,58,162
02/15/2021,SNS,CA,AWP,WE,Federal Contract Tower,0,1,33,0,34,0,0,18,0,18,0,1,51,0,52,50,0,50,102
02/16/2021,SNS,CA,AWP,WE,Federal Contract Tower,0,1,51,0,52,0,5,67,1,73,0,6,118,1,125,54,0,54,179
02/17/2021,SNS,CA,AWP,WE,Federal Contract Tower,0,0,46,0,46,0,5,86,0,91,0,5,132,0,137,68,0,68,205
02/18/2021,SNS,CA,AWP,WE,Federal Contract Tower,0,7,72,2,81,0,4,91,2,97,0,11,163,4,178,94,2,96,274
02/19/2021,SNS,CA,AWP,WE,Federal Contract Tower,0,0,32,0,32,0,0,33,0,33,0,0,65,0,65,0,0,0,65
02/20/2021,SNS,CA,AWP,WE,Federal Contract Tower,0,0,14,0,14,0,5,51,0,56,0,5,65,0,70,66,0,66,136
02/21/2021,SNS,CA,AWP,WE,Federal Contract Tower,0,0,61,0,61,0,0,73,0,73,0,0,134,0,134,68,0,68,202
02/22/2021,SNS,CA,AWP,WE,Federal Contract Tower,0,0,28,0,28,0,1,72,0,73,0,1,100,0,101,90,0,90,191
02/23/2021,SNS,CA,AWP,WE,Federal Contract Tower,0,0,58,0,58,0,6,75,0,81,0,6,133,0,139,58,0,58,197
02/24/2021,SNS,CA,AWP,WE,Federal Contract Tower,0,0,15,0,15,0,0,87,2,89,0,0,102,2,104,56,0,56,160
02/25/2021,SNS,CA,AWP,WE,Federal Contract Tower,0,0,33,0,33,0,0,77,2,79,0,0,110,2,112,118,0,118,230
02/26/2021,SNS,CA,AWP,WE,Federal Contract Tower,0,0,25,0,25,0,0,80,0,80,0,0,105,0,105,116,0,116,221
02/27/2021,SNS,CA,AWP,WE,Federal Contract Tower,0,0,11,0,11,0,2,58,4,64,0,2,69,4,75,56,0,56,131
02/28/2021,SNS,CA,AWP,WE,Federal Contract Tower,0,0,38,0,38,0,5,87,0,92,0,5,125,0,130,162,0,162,292
03/01/2021,SNS,CA,AWP,WE,Federal Contract Tower,0,0,42,0,42,0,4,51,2,57,0,4,93,2,99,82,0,82,181
03/02/2021,SNS,CA,AWP,WE,Federal Contract Tower,0,0,44,0,44,0,3,59,0,62,0,3,103,0,106,116,0,116,222
03/03/2021,SNS,CA,AWP,WE,Federal Contract Tower,0,0,51,2,53,0,3,76,0,79,0,3,127,2,132,104,0,104,236
03/04/2021,SNS,CA,AWP,WE,Federal Contract Tower,0,0,47,3,50,0,0,88,4,92,0,0,135,7,142,122,0,122,264
03/05/2021,SNS,CA,AWP,WE,Federal Contract Tower,0,0,32,6,38,0,0,92,2,94,0,0,124,8,132,148,0,148,280
03/06/2021,SNS,CA,AWP,WE,Federal Contract Tower,0,0,33,0,33,0,6,61,0,67,0,6,94,0,100,74,0,74,174
03/07/2021,SNS,CA,AWP,WE,Federal Contract Tower,0,0,54,0,54,0,5,86,0,91,0,5,140,0,145,62,0,62,207
03/08/2021,SNS,CA,AWP,WE,Federal Contract Tower,0,1,37,0,38,0,0,59,0,59,0,1,96,0,97,74,0,74,171
03/09/2021,SNS,CA,AWP,WE,Federal Contract Tower,0,0,40,0,40,0,2,41,0,43,0,2,81,0,83,32,0,32,115
03/10/2021,SNS,CA,AWP,WE,Federal Contract Tower,0,2,41,0,43,0,3,35,1,39,0,5,76,1,82,48,6,54,136
03/11/2021,SNS,CA,AWP,WE,Federal Contract Tower,0,0,40,0,40,0,0,59,0,59,0,0,99,0,99,116,10,126,225
03/12/2021,SNS,CA,AWP,WE,Federal Contract Tower,0,0,36,2,38,0,0,75,2,77,0,0,111,4,115,160,0,160,275
03/13/2021,SNS,CA,AWP,WE,Federal Contract Tower,0,0,27,0,27,0,0,77,0,77,0,0,104,0,104,54,0,54,158
03/14/2021,SNS,CA,AWP,WE,Federal Contract Tower,0,0,33,0,33,0,4,44,0,48,0,4,77,0,81,52,0,52,133
03/15/2021,SNS,CA,AWP,WE,Federal Contract Tower,0,0,29,0,29,0,2,29,2,33,0,2,58,2,62,0,0,0,62
03/16/2021,SNS,CA,AWP,WE,Federal Contract Tower,0,2,51,0,53,0,2,47,2,51,0,4,98,2,104,72,0,72,176
03/17/2021,SNS,CA,AWP,WE,Federal Contract Tower,0,0,54,2,56,0,0,60,2,62,0,0,114,4,118,116,0,116,234
03/18/2021,SNS,CA,AWP,WE,Federal Contract Tower,0,0,14,0,14,0,0,43,2,45,0,0,57,2,59,64,0,64,123
03/19/2021,SNS,CA,AWP,WE,Federal Contract Tower,0,0,8,7,15,0,0,4,1,5,0,0,12,8,20,0,0,0,20
03/20/2021,SNS,CA,AWP,WE,Federal Contract Tower,0,0,26,0,26,0,6,76,0,82,0,6,102,0,108,96,0,96,204
03/21/2021,SNS,CA,AWP,WE,Federal Contract Tower,0,0,38,0,38,0,2,62,2,66,0,2,100,2,104,84,0,84,188
03/22/2021,SNS,CA,AWP,WE,Federal Contract Tower,0,4,48,0,52,0,5,79,1,85,0,9,127,1,137,74,0,74,211
03/23/2021,SNS,CA,AWP,WE,Federal Contract Tower,0,0,37,0,37,0,2,64,2,68,0,2,101,2,105,88,0,88,193
03/24/2021,SNS,CA,AWP,WE,Federal Contract Tower,0,0,29,0,29,0,4,73,0,77,0,4,102,0,106,88,0,88,194
03/25/2021,SNS,CA,AWP,WE,Federal Contract Tower,0,0,18,2,20,0,0,37,0,37,0,0,55,2,57,0,0,0,57
03/26/2021,SNS,CA,AWP,WE,Federal Contract Tower,0,0,34,0,34,0,0,90,2,92,0,0,124,2,126,194,0,194,320
03/27/2021,SNS,CA,AWP,WE,Federal Contract Tower,0,0,56,0,56,0,9,97,0,106,0,9,153,0,162,168,0,168,330
03/28/2021,SNS,CA,AWP,WE,Federal Contract Tower,0,0,27,0,27,0,0,45,0,45,0,0,72,0,72,78,0,78,150
03/29/2021,SNS,CA,AWP,WE,Federal Contract Tower,0,2,52,0,54,0,0,48,1,49,0,2,100,1,103,64,0,64,167
03/30/2021,SNS,CA,AWP,WE,Federal Contract Tower,0,6,64,0,70,0,4,81,1,86,0,10,145,1,156,104,0,104,260
03/31/2021,SNS,CA,AWP,WE,Federal Contract Tower,0,0,42,0,42,0,0,90,3,93,0,0,132,3,135,100,0,100,235
04/01/2021,SNS,CA,AWP,WE,Federal Contract Tower,0,0,14,0,14,0,0,70,2,72,0,0,84,2,86,90,0,90,176
04/02/2021,SNS,CA,AWP,WE,Federal Contract Tower,0,0,63,0,63,0,4,79,0,83,0,4,142,0,146,70,0,70,216
04/03/2021,SNS,CA,AWP,WE,Federal Contract Tower,0,0,24,0,24,0,0,72,2,74,0,0,96,2,98,82,0,82,180
04/04/2021,SNS,CA,AWP,WE,Federal Contract Tower,0,0,30,0,30,0,0,66,0,66,0,0,96,0,96,66,0,66,162
04/05/2021,SNS,CA,AWP,WE,Federal Contract Tower,0,0,32,0,32,0,3,59,0,62,0,3,91,0,94,50,0,50,144
04/06/2021,SNS,CA,AWP,WE,Federal Contract Tower,0,1,28,2,31,0,8,63,0,71,0,9,91,2,102,74,0,74,176
04/07/2021,SNS,CA,AWP,WE,Federal Contract Tower,0,0,46,0,46,0,3,67,2,72,0,3,113,2,118,106,0,106,224
04/08/2021,SNS,CA,AWP,WE,Federal Contract Tower,0,0,58,0,58,0,5,89,2,96,0,5,147,2,154,114,0,114,268
04/09/2021,SNS,CA,AWP,WE,Federal Contract Tower,0,0,46,0,46,0,0,93,0,93,0,0,139,0,139,80,0,80,219
04/10/2021,SNS,CA,AWP,WE,Federal Contract Tower,0,0,30,0,30,0,1,67,0,68,0,1,97,0,98,90,0,90,188
04/11/2021,SNS,CA,AWP,WE,Federal Contract Tower,0,0,44,0,44,0,4,67,0,71,0,4,111,0,115,52,0,52,167
04/12/2021,SNS,CA,AWP,WE,Federal Contract Tower,0,9,65,0,74,0,4,66,0,70,0,13,131,0,144,56,12,68,212
04/13/2021,SNS,CA,AWP,WE,Federal Contract Tower,0,0,65,0,65,0,4,87,12,103,0,4,152,12,168,56,0,56,224
04/14/2021,SNS,CA,AWP,WE,Federal Contract Tower,0,0,22,0,22,0,0,73,0,73,0,0,95,0,95,94,0,94,189
04/15/2021,SNS,CA,AWP,WE,Federal Contract Tower,0,1,56,0,57,0,0,86,2,88,0,1,142,2,145,116,0,116,261
04/16/2021,SNS,CA,AWP,WE,Federal Contract Tower,0,0,35,0,35,0,1,71,0,72,0,1,106,0,107,80,0,80,187
04/17/2021,SNS,CA,AWP,WE,Federal Contract Tower,0,0,30,0,30,0,2,67,0,69,0,2,97,0,99,52,0,52,151
04/18/2021,SNS,CA,AWP,WE,Federal Contract Tower,0,0,19,0,19,0,6,54,0,60,0,6,73,0,79,84,0,84,163
04/19/2021,SNS,CA,AWP,WE,Federal Contract Tower,0,0,47,2,49,0,0,64,2,66,0,0,111,4,115,58,0,58,173
04/20/2021,SNS,CA,AWP,WE,Federal Contract Tower,0,4,46,0,50,0,0,44,2,46,0,4,90,2,96,66,0,66,162
04/21/2021,SNS,CA,AWP,WE,Federal Contract Tower,0,0,36,0,36,0,0,61,2,63,0,0,97,2,99,64,0,64,163
04/22/2021,SNS,CA,AWP,WE,Federal Contract Tower,0,0,49,0,49,0,1,85,2,88,0,1,134,2,137,86,0,86,223
04/23/2021,SNS,CA,AWP,WE,Federal Contract Tower,0,5,51,0,56,0,0,86,0,86,0,5,137,0,142,88,0,88,230
04/24/2021,SNS,CA,AWP,WE,Federal Contract Tower,0,0,53,0,53,0,0,68,0,68,0,0,121,0,121,64,0,64,185
04/25/2021,SNS,CA,AWP,WE,Federal Contract Tower,0,0,44,0,44,0,6,37,0,43,0,6,81,0,87,54,0,54,141
04/26/2021,SNS,CA,AWP,WE,Federal Contract Tower,0,0,51,0,51,0,0,95,1,96,0,0,146,1,147,74,0,74,221
04/27/2021,SNS,CA,AWP,WE,Federal Contract Tower,0,0,63,1,64,0,2,117,2,121,0,2,180,3,185,134,0,134,319
04/28/2021,SNS,CA,AWP,WE,Federal Contract Tower,0,0,62,0,62,0,0,114,2,116,0,0,176,2,178,126,0,126,304
04/29/2021,SNS,CA,AWP,WE,Federal Contract Tower,0,0,54,1,55,0,0,112,1,113,0,0,166,2,168,112,10,122,290
04/30/2021,SNS,CA,AWP,WE,Federal Contract Tower,0,4,52,2,58,0,1,120,3,124,0,5,172,5,182,84,0,84,266
05/01/2021,SNS,CA,AWP,WE,Federal Contract Tower,0,0,56,2,58,0,1,34,0,35,0,1,90,2,93,20,0,20,113
05/02/2021,SNS,CA,AWP,WE,Federal Contract Tower,0,0,35,0,35,0,1,66,2,69,0,1,101,2,104,70,0,70,174
05/03/2021,SNS,CA,AWP,WE,Federal Contract Tower,0,0,71,0,71,0,4,63,2,69,0,4,134,2,140,0,0,0,140
05/04/2021,SNS,CA,AWP,WE,Federal Contract Tower,0,0,71,10,81,0,1,133,1,135,0,1,204,11,216,94,0,94,310
05/05/2021,SNS,CA,AWP,WE,Federal Contract Tower,0,0,64,0,64,0,2,60,3,65,0,2,124,3,129,56,0,56,185
05/06/2021,SNS,CA,AWP,WE,Federal Contract Tower,0,3,89,0,92,0,2,111,2,115,0,5,200,2,207,86,0,86,293
05/07/2021,SNS,CA,AWP,WE,Federal Contract Tower,0,2,55,0,57,0,2,91,0,93,0,4,146,0,150,82,0,82,232
05/08/2021,SNS,CA,AWP,WE,Federal Contract Tower,0,0,75,0,75,0,0,86,0,86,0,0,161,0,161,128,0,128,289
05/09/2021,SNS,CA,AWP,WE,Federal Contract Tower,0,0,36,0,36,0,0,71,8,79,0,0,107,8,115,74,0,74,189
05/10/2021,SNS,CA,AWP,WE,Federal Contract Tower,0,15,42,5,62,0,7,89,4,100,0,22,131,9,162,52,8,60,222
05/11/2021,SNS,CA,AWP,WE,Federal Contract Tower,0,0,88,4,92,0,4,59,0,63,0,4,147,4,155,44,0,44,199
05/12/2021,SNS,CA,AWP,WE,Federal Contract Tower,0,3,79,3,85,0,3,72,1,76,0,6,151,4,161,54,12,66,227
05/14/2021,SNS,CA,AWP,WE,Federal Contract Tower,0,0,41,0,41,0,0,27,1,28,0,0,68,1,69,30,0,30,99
05/15/2021,SNS,CA,AWP,WE,Federal Contract Tower,0,0,33,1,34,0,3,22,1,26,0,3,55,2,60,20,0,20,80
05/16/2021,SNS,CA,AWP,WE,Federal Contract Tower,0,0,54,2,56,0,2,25,0,27,0,2,79,2,83,48,0,48,131
05/17/2021,SNS,CA,AWP,WE,Federal Contract Tower,0,0,44,0,44,0,4,45,2,51,0,4,89,2,95,38,0,38,133
05/18/2021,SNS,CA,AWP,WE,Federal Contract Tower,0,0,39,0,39,0,3,80,2,85,0,3,119,2,124,74,0,74,198
05/19/2021,SNS,CA,AWP,WE,Federal Contract Tower,0,0,39,0,39,0,0,53,7,60,0,0,92,7,99,46,0,46,145
05/20/2021,SNS,CA,AWP,WE,Federal Contract Tower,0,0,43,3,46,0,3,65,4,72,0,3,108,7,118,86,0,86,204
05/21/2021,SNS,CA,AWP,WE,Federal Contract Tower,0,0,50,4,54,0,2,88,0,90,0,2,138,4,144,86,0,86,230
05/22/2021,SNS,CA,AWP,WE,Federal Contract Tower,0,0,19,0,19,0,0,54,4,58,0,0,73,4,77,52,0,52,129
05/23/2021,SNS,CA,AWP,WE,Federal Contract Tower,0,0,21,0,21,0,0,59,0,59,0,0,80,0,80,48,0,48,128
05/24/2021,SNS,CA,AWP,WE,Federal Contract Tower,0,0,22,3,25,0,0,32,1,33,0,0,54,4,58,32,0,32,90
05/25/2021,SNS,CA,AWP,WE,Federal Contract Tower,0,0,41,0,41,0,0,59,2,61,0,0,100,2,102,46,0,46,148
05/26/2021,SNS,CA,AWP,WE,Federal Contract Tower,0,0,66,1,67,0,6,66,3,75,0,6,132,4,142,51,0,51,193
05/27/2021,SNS,CA,AWP,WE,Federal Contract Tower,0,0,50,0,50,0,0,79,3,82,0,0,129,3,132,72,0,72,204
05/28/2021,SNS,CA,AWP,WE,Federal Contract Tower,0,0,56,0,56,0,0,48,1,49,0,0,104,1,105,54,0,54,159
05/29/2021,SNS,CA,AWP,WE,Federal Contract Tower,0,0,31,0,31,0,0,33,0,33,0,0,64,0,64,62,0,62,126
05/30/2021,SNS,CA,AWP,WE,Federal Contract Tower,0,0,18,0,18,0,0,33,0,33,0,0,51,0,51,66,0,66,117
05/31/2021,SNS,CA,AWP,WE,Federal Contract Tower,0,1,22,0,23,0,4,85,0,89,0,5,107,0,112,108,0,108,220
06/01/2021,SNS,CA,AWP,WE,Federal Contract Tower,0,0,48,1,49,0,2,45,2,49,0,2,93,3,98,56,0,56,154
06/02/2021,SNS,CA,AWP,WE,Federal Contract Tower,0,0,76,0,76,0,0,41,2,43,0,0,117,2,119,42,6,48,167
06/03/2021,SNS,CA,AWP,WE,Federal Contract Tower,0,0,53,2,55,0,0,48,5,53,0,0,101,7,108,104,8,112,220
06/04/2021,SNS,CA,AWP,WE,Federal Contract Tower,0,4,53,0,57,0,0,42,1,43,0,4,95,1,100,58,0,58,158
06/05/2021,SNS,CA,AWP,WE,Federal Contract Tower,0,0,49,0,49,0,1,58,0,59,0,1,107,0,108,88,0,88,196
06/06/2021,SNS,CA,AWP,WE,Federal Contract Tower,0,2,40,0,42,0,4,63,0,67,0,6,103,0,109,72,0,72,181
06/07/2021,SNS,CA,AWP,WE,Federal Contract Tower,0,0,34,0,34,0,3,64,2,69,0,3,98,2,103,62,0,62,165
06/08/2021,SNS,CA,AWP,WE,Federal Contract Tower,0,3,40,5,48,0,3,104,4,111,0,6,144,9,159,120,0,120,279
06/09/2021,SNS,CA,AWP,WE,Federal Contract Tower,0,0,32,1,33,0,0,89,1,90,0,0,121,2,123,76,0,76,199
06/10/2021,SNS,CA,AWP,WE,Federal Contract Tower,0,0,41,0,41,0,3,92,4,99,0,3,133,4,140,98,0,98,238
06/11/2021,SNS,CA,AWP,WE,Federal Contract Tower,0,2,30,0,32,0,0,81,0,81,0,2,111,0,113,70,0,70,183
06/12/2021,SNS,CA,AWP,WE,Federal Contract Tower,0,0,29,0,29,0,0,103,1,104,0,0,132,1,133,106,0,106,239
06/13/2021,SNS,CA,AWP,WE,Federal Contract Tower,0,0,31,0,31,0,6,69,0,75,0,6,100,0,106,68,0,68,174
06/14/2021,SNS,CA,AWP,WE,Federal Contract Tower,0,0,34,0,34,0,6,66,6,78,0,6,100,6,112,34,0,34,146
06/15/2021,SNS,CA,AWP,WE,Federal Contract Tower,0,0,36,7,43,0,1,80,1,82,0,1,116,8,125,110,0,110,235
06/16/2021,SNS,CA,AWP,WE,Federal Contract Tower,0,0,32,3,35,0,2,56,3,61,0,2,88,6,96,74,0,74,170
06/17/2021,SNS,CA,AWP,WE,Federal Contract Tower,0,0,34,0,34,0,5,72,3,80,0,5,106,3,114,72,14,86,200
06/18/2021,SNS,CA,AWP,WE,Federal Contract Tower,0,0,43,0,43,0,0,49,0,49,0,0,92,0,92,8,0,8,100
06/19/2021,SNS,CA,AWP,WE,Federal Contract Tower,0,1,28,0,29,0,2,37,0,39,0,3,65,0,68,32,0,32,100
06/20/2021,SNS,CA,AWP,WE,Federal Contract Tower,0,0,13,0,13,0,2,44,0,46,0,2,57,0,59,68,0,68,127
06/21/2021,SNS,CA,AWP,WE,Federal Contract Tower,0,1,44,7,52,0,0,42,1,43,0,1,86,8,95,46,8,54,149
06/22/2021,SNS,CA,AWP,WE,Federal Contract Tower,0,0,28,0,28,0,3,57,6,66,0,3,85,6,94,104,0,104,198
06/23/2021,SNS,CA,AWP,WE,Federal Contract Tower,0,0,33,0,33,0,6,86,2,94,0,6,119,2,127,92,0,92,219
06/24/2021,SNS,CA,AWP,WE,Federal Contract Tower,0,2,26,0,28,0,4,56,4,64,0,6,82,4,92,103,0,103,195
06/25/2021,SNS,CA,AWP,WE,Federal Contract Tower,0,0,32,0,32,0,0,46,1,47,0,0,78,1,79,18,0,18,97
06/26/2021,SNS,CA,AWP,WE,Federal Contract Tower,0,0,38,1,39,0,4,43,1,48,0,4,81,2,87,42,0,42,129
06/27/2021,SNS,CA,AWP,WE,Federal Contract Tower,0,0,19,0,19,0,3,49,0,52,0,3,68,0,71,46,0,46,117
06/28/2021,SNS,CA,AWP,WE,Federal Contract Tower,0,0,20,0,20,0,3,50,1,54,0,3,70,1,74,52,0,52,126
06/29/2021,SNS,CA,AWP,WE,Federal Contract Tower,0,4,46,0,50,0,0,55,0,55,0,4,101,0,105,66,0,66,171
06/30/2021,SNS,CA,AWP,WE,Federal Contract Tower,0,2,22,0,24,0,9,35,0,44,0,11,57,0,68,40,0,40,108
07/01/2021,SNS,CA,AWP,WE,Federal Contract Tower,0,7,27,0,34,0,0,19,0,19,0,7,46,0,53,26,0,26,79
07/02/2021,SNS,CA,AWP,WE,Federal Contract Tower,0,1,29,0,30,0,1,55,0,56,0,2,84,0,86,64,0,64,150
07/03/2021,SNS,CA,AWP,WE,Federal Contract Tower,0,0,18,0,18,0,7,41,0,48,0,7,59,0,66,36,0,36,102
07/04/2021,SNS,CA,AWP,WE,Federal Contract Tower,0,2,15,0,17,0,8,22,0,30,0,10,37,0,47,8,0,8,55
07/05/2021,SNS,CA,AWP,WE,Federal Contract Tower,0,3,33,0,36,0,1,48,0,49,0,4,81,0,85,44,0,44,129
07/06/2021,SNS,CA,AWP,WE,Federal Contract Tower,0,0,34,1,35,0,5,36,1,42,0,5,70,2,77,96,0,96,173
07/07/2021,SNS,CA,AWP,WE,Federal Contract Tower,0,1,41,0,42,0,0,34,0,34,0,1,75,0,76,24,0,24,100
07/08/2021,SNS,CA,AWP,WE,Federal Contract Tower,0,0,48,0,48,0,0,53,0,53,0,0,101,0,101,156,0,156,257
07/09/2021,SNS,CA,AWP,WE,Federal Contract Tower,0,0,40,0,40,0,3,53,2,58,0,3,93,2,98,96,0,96,194
07/10/2021,SNS,CA,AWP,WE,Federal Contract Tower,0,1,36,1,38,0,6,72,0,78,0,7,108,1,116,60,0,60,176
07/11/2021,SNS,CA,AWP,WE,Federal Contract Tower,0,0,30,0,30,0,7,32,0,39,0,7,62,0,69,20,0,20,89
07/12/2021,SNS,CA,AWP,WE,Federal Contract Tower,0,0,48,0,48,0,2,55,0,57,0,2,103,0,105,30,0,30,135
07/13/2021,SNS,CA,AWP,WE,Federal Contract Tower,0,0,30,0,30,0,2,27,0,29,0,2,57,0,59,34,0,34,93
07/14/2021,SNS,CA,AWP,WE,Federal Contract Tower,0,2,53,0,55,0,3,43,7,53,0,5,96,7,108,76,0,76,184
07/15/2021,SNS,CA,AWP,WE,Federal Contract Tower,0,4,47,2,53,0,1,45,0,46,0,5,92,2,99,76,0,76,175
07/16/2021,SNS,CA,AWP,WE,Federal Contract Tower,0,1,37,0,38,0,0,42,0,42,0,1,79,0,80,50,0,50,130
07/17/2021,SNS,CA,AWP,WE,Federal Contract Tower,0,4,16,0,20,0,12,50,0,62,0,16,66,0,82,52,0,52,134
07/18/2021,SNS,CA,AWP,WE,Federal Contract Tower,0,0,27,0,27,0,7,33,0,40,0,7,60,0,67,36,0,36,103
07/19/2021,SNS,CA,AWP,WE,Federal Contract Tower,0,0,16,3,19,0,6,35,1,42,0,6,51,4,61,4,0,4,65
07/20/2021,SNS,CA,AWP,WE,Federal Contract Tower,0,0,51,2,53,0,5,41,1,47,0,5,92,3,100,60,0,60,160
07/21/2021,SNS,CA,AWP,WE,Federal Contract Tower,0,4,29,0,33,0,0,34,0,34,0,4,63,0,67,41,0,41,108
07/22/2021,SNS,CA,AWP,WE,Federal Contract Tower,0,0,55,1,56,0,0,68,3,71,0,0,123,4,127,32,0,32,159
07/23/2021,SNS,CA,AWP,WE,Federal Contract Tower,0,0,53,0,53,0,2,38,2,42,0,2,91,2,95,42,0,42,137
07/24/2021,SNS,CA,AWP,WE,Federal Contract Tower,0,1,31,0,32,0,3,28,0,31,0,4,59,0,63,40,0,40,103
07/25/2021,SNS,CA,AWP,WE,Federal Contract Tower,0,0,33,0,33,0,8,44,0,52,0,8,77,0,85,56,0,56,141
07/26/2021,SNS,CA,AWP,WE,Federal Contract Tower,0,0,39,0,39,0,2,49,0,51,0,2,88,0,90,14,0,14,104
07/27/2021,SNS,CA,AWP,WE,Federal Contract Tower,0,0,43,2,45,0,3,84,2,89,0,3,127,4,134,54,6,60,194
07/28/2021,SNS,CA,AWP,WE,Federal Contract Tower,0,0,41,2,43,0,0,68,2,70,0,0,109,4,113,74,0,74,187
07/29/2021,SNS,CA,AWP,WE,Federal Contract Tower,0,5,51,2,58,0,1,47,9,57,0,6,98,11,115,84,0,84,199
07/30/2021,SNS,CA,AWP,WE,Federal Contract Tower,0,1,73,0,74,0,4,71,0,75,0,5,144,0,149,20,0,20,169
07/31/2021,SNS,CA,AWP,WE,Federal Contract Tower,0,0,54,0,54,0,3,45,0,48,0,3,99,0,102,48,0,48,150
08/01/2021,SNS,CA,AWP,WE,Federal Contract Tower,0,1,17,1,19,0,12,41,0,53,0,13,58,1,72,36,0,36,108
08/02/2021,SNS,CA,AWP,WE,Federal Contract Tower,0,0,46,0,46,0,0,48,4,52,0,0,94,4,98,90,0,90,188
08/03/2021,SNS,CA,AWP,WE,Federal Contract Tower,0,0,46,13,59,0,0,52,4,56,0,0,98,17,115,57,0,57,172
08/04/2021,SNS,CA,AWP,WE,Federal Contract Tower,0,2,43,0,45,0,0,50,1,51,0,2,93,1,96,72,0,72,168
08/05/2021,SNS,CA,AWP,WE,Federal Contract Tower,0,0,69,0,69,0,4,79,3,86,0,4,148,3,155,142,0,142,297
08/06/2021,SNS,CA,AWP,WE,Federal Contract Tower,0,0,47,3,50,0,0,52,1,53,0,0,99,4,103,30,0,30,133
08/07/2021,SNS,CA,AWP,WE,Federal Contract Tower,0,0,36,0,36,0,3,45,0,48,0,3,81,0,84,48,0,48,132
08/08/2021,SNS,CA,AWP,WE,Federal Contract Tower,0,0,7,0,7,0,12,58,0,70,0,12,65,0,77,52,0,52,129
08/09/2021,SNS,CA,AWP,WE,Federal Contract Tower,0,1,16,2,19,0,6,50,0,56,0,7,66,2,75,90,0,90,165
08/10/2021,SNS,CA,AWP,WE,Federal Contract Tower,0,0,26,0,26,0,2,55,3,60,0,2,81,3,86,70,0,70,156
08/11/2021,SNS,CA,AWP,WE,Federal Contract Tower,0,0,35,0,35,0,0,50,0,50,0,0,85,0,85,90,0,90,175
08/12/2021,SNS,CA,AWP,WE,Federal Contract Tower,0,0,15,0,15,0,2,71,1,74,0,2,86,1,89,100,0,100,189
08/13/2021,SNS,CA,AWP,WE,Federal Contract Tower,0,0,26,3,29,0,0,60,3,63,0,0,86,6,92,28,0,28,120
08/14/2021,SNS,CA,AWP,WE,Federal Contract Tower,0,0,23,0,23,0,0,34,3,37,0,0,57,3,60,48,0,48,108
08/15/2021,SNS,CA,AWP,WE,Federal Contract Tower,0,2,55,0,57,0,4,47,3,54,0,6,102,3,111,32,0,32,143
08/16/2021,SNS,CA,AWP,WE,Federal Contract Tower,0,0,60,3,63,0,8,25,1,34,0,8,85,4,97,24,0,24,121
08/17/2021,SNS,CA,AWP,WE,Federal Contract Tower,0,0,42,1,43,0,0,30,0,30,0,0,72,1,73,62,0,62,135
08/18/2021,SNS,CA,AWP,WE,Federal Contract Tower,0,0,22,2,24,0,2,48,3,53,0,2,70,5,77,122,0,122,199
08/19/2021,SNS,CA,AWP,WE,Federal Contract Tower,0,0,33,3,36,0,0,21,0,21,0,0,54,3,57,62,0,62,119
08/20/2021,SNS,CA,AWP,WE,Federal Contract Tower,0,0,25,0,25,0,2,5,9,16,0,2,30,9,41,0,0,0,41
08/21/2021,SNS,CA,AWP,WE,Federal Contract Tower,0,0,23,0,23,0,1,6,0,7,0,1,29,0,30,10,0,10,40
08/22/2021,SNS,CA,AWP,WE,Federal Contract Tower,0,0,9,0,9,0,8,39,0,47,0,8,48,0,56,26,0,26,82
08/23/2021,SNS,CA,AWP,WE,Federal Contract Tower,0,0,15,2,17,0,0,46,1,47,0,0,61,3,64,40,0,40,104
08/24/2021,SNS,CA,AWP,WE,Federal Contract Tower,0,0,24,3,27,0,3,21,2,26,0,3,45,5,53,36,0,36,89
08/25/2021,SNS,CA,AWP,WE,Federal Contract Tower,0,1,37,4,42,0,2,60,0,62,0,3,97,4,104,62,0,62,166
08/26/2021,SNS,CA,AWP,WE,Federal Contract Tower,0,1,50,1,52,0,1,47,1,49,0,2,97,2,101,64,0,64,165
08/27/2021,SNS,CA,AWP,WE,Federal Contract Tower,0,4,36,0,40,0,0,65,3,68,0,4,101,3,108,78,0,78,186
08/28/2021,SNS,CA,AWP,WE,Federal Contract Tower,0,0,20,1,21,0,1,54,0,55,0,1,74,1,76,162,0,162,238
08/29/2021,SNS,CA,AWP,WE,Federal Contract Tower,0,0,61,0,61,0,11,79,0,90,0,11,140,0,151,56,0,56,207
08/30/2021,SNS,CA,AWP,WE,Federal Contract Tower,0,0,22,1,23,0,1,31,1,33,0,1,53,2,56,52,0,52,108
08/31/2021,SNS,CA,AWP,WE,Federal Contract Tower,0,0,16,2,18,0,7,59,2,68,0,7,75,4,86,70,10,80,166
09/01/2021,SNS,CA,AWP,WE,Federal Contract Tower,0,0,27,0,27,0,4,53,1,58,0,4,80,1,85,30,0,30,115
09/02/2021,SNS,CA,AWP,WE,Federal Contract Tower,0,1,17,3,21,0,1,40,4,45,0,2,57,7,66,22,0,22,88
09/03/2021,SNS,CA,AWP,WE,Federal Contract Tower,0,0,21,0,21,0,11,56,2,69,0,11,77,2,90,22,6,28,118
09/04/2021,SNS,CA,AWP,WE,Federal Contract Tower,0,0,17,0,17,0,0,26,0,26,0,0,43,0,43,4,0,4,47
09/05/2021,SNS,CA,AWP,WE,Federal Contract Tower,0,0,32,1,33,0,5,45,0,50,0,5,77,1,83,32,0,32,115
09/06/2021,SNS,CA,AWP,WE,Federal Contract Tower,0,2,9,0,11,0,2,58,0,60,0,4,67,0,71,34,0,34,105
09/07/2021,SNS,CA,AWP,WE,Federal Contract Tower,0,0,29,0,29,0,2,74,3,79,0,2,103,3,108,112,0,112,220
09/08/2021,SNS,CA,AWP,WE,Federal Contract Tower,0,0,34,0,34,0,3,60,1,64,0,3,94,1,98,48,0,48,146
09/09/2021,SNS,CA,AWP,WE,Federal Contract Tower,0,0,44,0,44,0,0,37,3,40,0,0,81,3,84,22,0,22,106
09/10/2021,SNS,CA,AWP,WE,Federal Contract Tower,0,4,73,0,77,0,3,68,0,71,0,7,141,0,148,78,0,78,226
09/11/2021,SNS,CA,AWP,WE,Federal Contract Tower,0,0,29,0,29,0,0,52,0,52,0,0,81,0,81,108,0,108,189
09/12/2021,SNS,CA,AWP,WE,Federal Contract Tower,0,3,42,0,45,0,8,55,1,64,0,11,97,1,109,72,0,72,181
09/13/2021,SNS,CA,AWP,WE,Federal Contract Tower,0,2,42,0,44,0,3,38,2,43,0,5,80,2,87,2,0,2,89
09/14/2021,SNS,CA,AWP,WE,Federal Contract Tower,0,8,56,2,66,0,1,57,2,60,0,9,113,4,126,42,0,42,168
09/15/2021,SNS,CA,AWP,WE,Federal Contract Tower,0,8,51,3,62,0,3,48,1,52,0,11,99,4,114,28,8,36,150
09/16/2021,SNS,CA,AWP,WE,Federal Contract Tower,0,7,49,1,57,0,13,35,2,50,0,20,84,3,107,28,0,28,135
09/17/2021,SNS,CA,AWP,WE,Federal Contract Tower,0,0,25,0,25,0,5,47,1,53,0,5,72,1,78,32,0,32,110
09/18/2021,SNS,CA,AWP,WE,Federal Contract Tower,0,0,36,0,36,0,1,35,2,38,0,1,71,2,74,30,0,30,104
09/19/2021,SNS,CA,AWP,WE,Federal Contract Tower,0,2,19,0,21,0,6,59,0,65,0,8,78,0,86,54,0,54,140
09/20/2021,SNS,CA,AWP,WE,Federal Contract Tower,0,0,29,0,29,0,12,63,0,75,0,12,92,0,104,20,0,20,124
09/21/2021,SNS,CA,AWP,WE,Federal Contract Tower,0,0,26,0,26,0,18,60,2,80,0,18,86,2,106,72,0,72,178
09/22/2021,SNS,CA,AWP,WE,Federal Contract Tower,0,7,33,4,44,0,18,63,1,82,0,25,96,5,126,38,0,38,164
09/23/2021,SNS,CA,AWP,WE,Federal Contract Tower,0,2,52,2,56,0,8,63,5,76,0,10,115,7,132,40,0,40,172
09/24/2021,SNS,CA,AWP,WE,Federal Contract Tower,0,0,44,0,44,0,0,44,0,44,0,0,88,0,88,48,0,48,136
09/25/2021,SNS,CA,AWP,WE,Federal Contract Tower,0,0,55,1,56,0,4,68,0,72,0,4,123,1,128,28,0,28,156
09/26/2021,SNS,CA,AWP,WE,Federal Contract Tower,0,0,21,0,21,0,7,72,0,79,0,7,93,0,100,56,0,56,156
09/27/2021,SNS,CA,AWP,WE,Federal Contract Tower,0,0,48,1,49,0,1,46,1,48,0,1,94,2,97,40,0,40,137
09/28/2021,SNS,CA,AWP,WE,Federal Contract Tower,0,0,15,0,15,0,3,81,0,84,0,3,96,0,99,52,0,52,151
09/29/2021,SNS,CA,AWP,WE,Federal Contract Tower,0,0,25,0,25,0,4,0,2,6,0,4,25,2,31,116,0,116,147
09/30/2021,SNS,CA,AWP,WE,Federal Contract Tower,0,2,28,0,30,0,7,98,2,107,0,9,126,2,137,58,0,58,195
10/01/2021,SNS,CA,AWP,WE,Federal Contract Tower,0,0,35,0,35,0,9,69,2,80,0,9,104,2,115,44,0,44,159
10/02/2021,SNS,CA,AWP,WE,Federal Contract Tower,0,0,17,0,17,0,6,77,0,83,0,6,94,0,100,42,0,42,142
10/03/2021,SNS,CA,AWP,WE,Federal Contract Tower,0,0,21,0,21,0,11,95,0,106,0,11,116,0,127,56,0,56,183
10/04/2021,SNS,CA,AWP,WE,Federal Contract Tower,0,0,29,0,29,0,5,84,2,91,0,5,113,2,120,106,0,106,226
10/05/2021,SNS,CA,AWP,WE,Federal Contract Tower,0,0,27,4,31,0,3,52,1,56,0,3,79,5,87,80,0,80,167
10/06/2021,SNS,CA,AWP,WE,Federal Contract Tower,0,0,50,3,53,0,6,96,0,102,0,6,146,3,155,40,0,40,195
10/07/2021,SNS,CA,AWP,WE,Federal Contract Tower,0,0,26,1,27,0,9,58,2,69,0,9,84,3,96,22,0,22,118
10/08/2021,SNS,CA,AWP,WE,Federal Contract Tower,0,2,36,5,43,0,0,64,2,66,0,2,100,7,109,18,0,18,127
10/09/2021,SNS,CA,AWP,WE,Federal Contract Tower,0,0,21,1,22,0,5,58,0,63,0,5,79,1,85,16,0,16,101
10/10/2021,SNS,CA,AWP,WE,Federal Contract Tower,0,0,32,0,32,0,16,81,0,97,0,16,113,0,129,46,0,46,175
10/11/2021,SNS,CA,AWP,WE,Federal Contract Tower,0,0,16,0,16,0,1,57,0,58,0,1,73,0,74,6,0,6,80
10/12/2021,SNS,CA,AWP,WE,Federal Contract Tower,0,0,13,1,14,0,14,74,0,88,0,14,87,1,102,50,0,50,152
10/13/2021,SNS,CA,AWP,WE,Federal Contract Tower,0,2,47,0,49,0,9,74,3,86,0,11,121,3,135,58,0,58,193
10/14/2021,SNS,CA,AWP,WE,Federal Contract Tower,0,0,32,2,34,0,2,94,0,96,0,2,126,2,130,146,0,146,276
10/15/2021,SNS,CA,AWP,WE,Federal Contract Tower,0,0,51,1,52,0,1,111,1,113,0,1,162,2,165,124,0,124,289
10/16/2021,SNS,CA,AWP,WE,Federal Contract Tower,0,0,29,0,29,0,7,89,0,96,0,7,118,0,125,56,0,56,181
10/17/2021,SNS,CA,AWP,WE,Federal Contract Tower,0,0,25,0,25,0,4,45,0,49,0,4,70,0,74,0,0,0,74
10/18/2021,SNS,CA,AWP,WE,Federal Contract Tower,0,0,9,0,9,0,5,60,2,67,0,5,69,2,76,40,0,40,116
10/19/2021,SNS,CA,AWP,WE,Federal Contract Tower,0,0,69,0,69,0,3,127,2,132,0,3,196,2,201,104,0,104,305
10/20/2021,SNS,CA,AWP,WE,Federal Contract Tower,0,0,30,1,31,0,12,66,3,81,0,12,96,4,112,14,10,24,136
10/21/2021,SNS,CA,AWP,WE,Federal Contract Tower,0,0,39,3,42,0,2,68,9,79,0,2,107,12,121,34,0,34,155
10/22/2021,SNS,CA,AWP,WE,Federal Contract Tower,0,2,56,0,58,0,4,75,0,79,0,6,131,0,137,16,0,16,153
10/23/2021,SNS,CA,AWP,WE,Federal Contract Tower,0,0,42,0,42,0,3,63,0,66,0,3,105,0,108,32,0,32,140
10/24/2021,SNS,CA,AWP,WE,Federal Contract Tower,0,0,13,0,13,0,5,5,0,10,0,5,18,0,23,16,0,16,39
10/25/2021,SNS,CA,AWP,WE,Federal Contract Tower,0,3,24,0,27,0,5,51,13,69,0,8,75,13,96,32,0,32,128
10/26/2021,SNS,CA,AWP,WE,Federal Contract Tower,0,0,26,2,28,0,10,79,4,93,0,10,105,6,121,22,0,22,143
10/27/2021,SNS,CA,AWP,WE,Federal Contract Tower,0,0,11,0,11,0,10,96,1,107,0,10,107,1,118,26,0,26,144
10/28/2021,SNS,CA,AWP,WE,Federal Contract Tower,0,0,11,0,11,0,0,62,2,64,0,0,73,2,75,0,22,22,97
10/29/2021,SNS,CA,AWP,WE,Federal Contract Tower,0,0,3,0,3,0,9,125,18,152,0,9,128,18,155,98,64,162,317
10/30/2021,SNS,CA,AWP,WE,Federal Contract Tower,0,0,27,0,27,0,13,52,3,68,0,13,79,3,95,40,28,68,163
10/31/2021,SNS,CA,AWP,WE,Federal Contract Tower,0,0,3,0,3,0,11,127,8,146,0,11,130,8,149,78,0,78,227
11/01/2021,SNS,CA,AWP,WE,Federal Contract Tower,0,0,7,0,7,0,1,48,4,53,0,1,55,4,60,14,0,14,74
11/02/2021,SNS,CA,AWP,WE,Federal Contract Tower,0,0,23,0,23,0,10,81,3,94,0,10,104,3,117,80,0,80,197
11/03/2021,SNS,CA,AWP,WE,Federal Contract Tower,0,2,49,4,55,0,0,50,1,51,0,2,99,5,106,24,0,24,130
11/04/2021,SNS,CA,AWP,WE,Federal Contract Tower,0,0,49,0,49,0,4,85,9,98,0,4,134,9,147,82,0,82,229
11/05/2021,SNS,CA,AWP,WE,Federal Contract Tower,0,0,76,3,79,0,0,119,3,122,0,0,195,6,201,54,0,54,255
11/06/2021,SNS,CA,AWP,WE,Federal Contract Tower,0,0,12,0,12,0,1,44,0,45,0,1,56,0,57,48,0,48,105
11/07/2021,SNS,CA,AWP,WE,Federal Contract Tower,0,0,28,0,28,0,4,88,0,92,0,4,116,0,120,28,0,28,148
11/08/2021,SNS,CA,AWP,WE,Federal Contract Tower,0,0,20,0,20,0,12,62,2,76,0,12,82,2,96,44,0,44,140
11/09/2021,SNS,CA,AWP,WE,Federal Contract Tower,0,0,53,2,55,0,1,52,2,55,0,1,105,4,110,14,0,14,124
11/10/2021,SNS,CA,AWP,WE,Federal Contract Tower,0,3,44,3,50,0,5,80,0,85,0,8,124,3,135,66,0,66,201
11/11/2021,SNS,CA,AWP,WE,Federal Contract Tower,0,0,51,0,51,0,5,107,0,112,0,5,158,0,163,100,0,100,263
11/12/2021,SNS,CA,AWP,WE,Federal Contract Tower,0,2,52,4,58,0,3,120,2,125,0,5,172,6,183,44,0,44,227
11/13/2021,SNS,CA,AWP,WE,Federal Contract Tower,0,0,35,0,35,0,5,110,0,115,0,5,145,0,150,112,0,112,262
11/14/2021,SNS,CA,AWP,WE,Federal Contract Tower,0,0,34,0,34,0,2,100,0,102,0,2,134,0,136,22,0,22,158
11/15/2021,SNS,CA,AWP,WE,Federal Contract Tower,0,2,57,6,65,0,12,93,0,105,0,14,150,6,170,62,0,62,232
11/16/2021,SNS,CA,AWP,WE,Federal Contract Tower,0,2,55,1,58,0,3,41,4,48,0,5,96,5,106,26,0,26,132
11/17/2021,SNS,CA,AWP,WE,Federal Contract Tower,0,0,23,1,24,0,5,53,1,59,0,5,76,2,83,34,0,34,117
11/18/2021,SNS,CA,AWP,WE,Federal Contract Tower,0,0,31,2,33,0,0,37,6,43,0,0,68,8,76,60,0,60,136
11/19/2021,SNS,CA,AWP,WE,Federal Contract Tower,0,1,44,4,49,0,2,47,12,61,0,3,91,16,110,8,0,8,118
11/20/2021,SNS,CA,AWP,WE,Federal Contract Tower,0,0,8,0,8,0,4,107,0,111,0,4,115,0,119,110,0,110,229
11/21/2021,SNS,CA,AWP,WE,Federal Contract Tower,0,1,24,0,25,0,0,81,0,81,0,1,105,0,106,22,0,22,128
11/22/2021,SNS,CA,AWP,WE,Federal Contract Tower,0,0,44,1,45,0,4,124,5,133,0,4,168,6,178,72,10,82,260
11/23/2021,SNS,CA,AWP,WE,Federal Contract Tower,0,0,20,0,20,0,10,100,2,112,0,10,120,2,132,114,0,114,246
11/24/2021,SNS,CA,AWP,WE,Federal Contract Tower,0,0,40,0,40,0,0,84,0,84,0,0,124,0,124,40,0,40,164
11/25/2021,SNS,CA,AWP,WE,Federal Contract Tower,0,0,4,0,4,0,3,19,0,22,0,3,23,0,26,0,0,0,26
11/26/2021,SNS,CA,AWP,WE,Federal Contract Tower,0,0,16,0,16,0,5,83,0,88,0,5,99,0,104,30,0,30,134
11/27/2021,SNS,CA,AWP,WE,Federal Contract Tower,0,0,13,0,13,0,0,74,0,74,0,0,87,0,87,176,0,176,263
11/28/2021,SNS,CA,AWP,WE,Federal Contract Tower,0,0,21,0,21,0,3,138,0,141,0,3,159,0,162,80,0,80,242
11/29/2021,SNS,CA,AWP,WE,Federal Contract Tower,0,0,29,1,30,0,0,61,2,63,0,0,90,3,93,42,0,42,135
11/30/2021,SNS,CA,AWP,WE,Federal Contract Tower,0,3,38,0,41,0,10,88,3,101,0,13,126,3,142,34,0,34,176
12/01/2021,SNS,CA,AWP,WE,Federal Contract Tower,0,0,15,0,15,0,2,62,2,66,0,2,77,2,81,20,0,20,101
12/02/2021,SNS,CA,AWP,WE,Federal Contract Tower,0,10,13,0,23,0,5,46,1,52,0,15,59,1,75,58,0,58,133
12/03/2021,SNS,CA,AWP,WE,Federal Contract Tower,0,1,44,1,46,0,4,22,2,28,0,5,66,3,74,70,0,70,144
12/04/2021,SNS,CA,AWP,WE,Federal Contract Tower,0,0,28,5,33,0,3,13,9,25,0,3,41,14,58,34,0,34,92
12/05/2021,SNS,CA,AWP,WE,Federal Contract Tower,0,2,48,0,50,0,5,55,4,64,0,7,103,4,114,62,0,62,176
12/06/2021,SNS,CA,AWP,WE,Federal Contract Tower,0,0,24,3,27,0,4,44,4,52,0,4,68,7,79,36,0,36,115
12/07/2021,SNS,CA,AWP,WE,Federal Contract Tower,0,0,22,2,24,0,0,35,2,37,0,0,57,4,61,18,0,18,79
12/08/2021,SNS,CA,AWP,WE,Federal Contract Tower,0,0,21,0,21,0,1,7,1,9,0,1,28,1,30,6,0,6,36
12/09/2021,SNS,CA,AWP,WE,Federal Contract Tower,0,0,12,0,12,0,2,19,1,22,0,2,31,1,34,26,0,26,60
12/10/2021,SNS,CA,AWP,WE,Federal Contract Tower,0,1,18,0,19,0,1,85,2,88,0,2,103,2,107,48,0,48,155
12/11/2021,SNS,CA,AWP,WE,Federal Contract Tower,0,0,37,0,37,0,1,79,0,80,0,1,116,0,117,40,0,40,157
12/12/2021,SNS,CA,AWP,WE,Federal Contract Tower,0,1,4,0,5,0,3,39,0,42,0,4,43,0,47,24,0,24,71
12/13/2021,SNS,CA,AWP,WE,Federal Contract Tower,0,0,4,3,7,0,0,1,3,4,0,0,5,6,11,0,0,0,11
12/14/2021,SNS,CA,AWP,WE,Federal Contract Tower,0,0,13,0,13,0,0,12,9,21,0,0,25,9,34,16,0,16,50
12/15/2021,SNS,CA,AWP,WE,Federal Contract Tower,0,2,26,0,28,0,2,33,2,37,0,4,59,2,65,20,0,20,85
12/16/2021,SNS,CA,AWP,WE,Federal Contract Tower,0,0,24,5,29,0,6,31,2,39,0,6,55,7,68,68,0,68,136
12/17/2021,SNS,CA,AWP,WE,Federal Contract Tower,0,0,26,0,26,0,6,95,0,101,0,6,121,0,127,40,0,40,167
12/18/2021,SNS,CA,AWP,WE,Federal Contract Tower,0,1,27,0,28,0,1,96,0,97,0,2,123,0,125,84,0,84,209
12/19/2021,SNS,CA,AWP,WE,Federal Contract Tower,0,0,25,0,25,0,4,62,0,66,0,4,87,0,91,144,0,144,235
12/20/2021,SNS,CA,AWP,WE,Federal Contract Tower,0,1,16,2,19,0,8,53,0,61,0,9,69,2,80,30,0,30,110
12/21/2021,SNS,CA,AWP,WE,Federal Contract Tower,0,2,38,0,40,0,0,46,8,54,0,2,84,8,94,34,0,34,128
12/22/2021,SNS,CA,AWP,WE,Federal Contract Tower,0,0,13,0,13,0,0,8,0,8,0,0,21,0,21,22,0,22,43
12/23/2021,SNS,CA,AWP,WE,Federal Contract Tower,0,0,14,0,14,0,0,5,0,5,0,0,19,0,19,2,0,2,21
12/24/2021,SNS,CA,AWP,WE,Federal Contract Tower,0,0,13,0,13,0,0,1,0,1,0,0,14,0,14,0,0,0,14
12/25/2021,SNS,CA,AWP,WE,Federal Contract Tower,0,0,0,0,0,0,0,1,0,1,0,0,1,0,1,0,0,0,1
12/26/2021,SNS,CA,AWP,WE,Federal Contract Tower,0,2,17,0,19,0,3,58,0,61,0,5,75,0,80,30,0,30,110
12/27/2021,SNS,CA,AWP,WE,Federal Contract Tower,0,0,21,2,23,0,3,4,0,7,0,3,25,2,30,0,0,0,30
12/28/2021,SNS,CA,AWP,WE,Federal Contract Tower,0,0,6,0,6,0,2,10,0,12,0,2,16,0,18,18,0,18,36
12/29/2021,SNS,CA,AWP,WE,Federal Contract Tower,0,0,10,2,12,0,0,7,0,7,0,0,17,2,19,16,0,16,35
12/30/2021,SNS,CA,AWP,WE,Federal Contract Tower,0,0,25,0,25,0,1,54,0,55,0,1,79,0,80,38,0,38,118
12/31/2021,SNS,CA,AWP,WE,Federal Contract Tower,0,2,25,0,27,0,1,60,0,61,0,3,85,0,88,52,0,52,140
01/01/2022,SNS,CA,AWP,WE,Federal Contract Tower,0,4,15,0,19,0,7,41,0,48,0,11,56,0,67,12,0,12,79
01/02/2022,SNS,CA,AWP,WE,Federal Contract Tower,0,2,12,0,14,0,3,59,0,62,0,5,71,0,76,52,0,52,128
01/03/2022,SNS,CA,AWP,WE,Federal Contract Tower,0,0,20,0,20,0,1,37,0,38,0,1,57,0,58,90,0,90,148
01/04/2022,SNS,CA,AWP,WE,Federal Contract Tower,0,2,18,2,22,0,1,53,2,56,0,3,71,4,78,58,0,58,136
01/05/2022,SNS,CA,AWP,WE,Federal Contract Tower,0,0,20,0,20,0,2,19,8,29,0,2,39,8,49,18,0,18,67
01/06/2022,SNS,CA,AWP,WE,Federal Contract Tower,0,0,24,0,24,0,1,27,2,30,0,1,51,2,54,50,0,50,104
01/07/2022,SNS,CA,AWP,WE,Federal Contract Tower,0,2,28,0,30,0,0,17,1,18,0,2,45,1,48,78,0,78,126
01/08/2022,SNS,CA,AWP,WE,Federal Contract Tower,0,0,29,0,29,0,0,43,1,44,0,0,72,1,73,46,0,46,119
01/09/2022,SNS,CA,AWP,WE,Federal Contract Tower,0,0,41,0,41,0,4,86,0,90,0,4,127,0,131,48,0,48,179
01/10/2022,SNS,CA,AWP,WE,Federal Contract Tower,0,2,26,5,33,0,0,59,3,62,0,2,85,8,95,64,6,70,165
01/11/2022,SNS,CA,AWP,WE,Federal Contract Tower,0,1,26,6,33,0,0,57,5,62,0,1,83,11,95,76,0,76,171
01/12/2022,SNS,CA,AWP,WE,Federal Contract Tower,0,0,34,0,34,0,0,63,1,64,0,0,97,1,98,42,22,64,162
01/13/2022,SNS,CA,AWP,WE,Federal Contract Tower,0,0,34,0,34,0,0,62,2,64,0,0,96,2,98,76,0,76,174
01/14/2022,SNS,CA,AWP,WE,Federal Contract Tower,0,4,41,1,46,0,6,72,1,79,0,10,113,2,125,96,0,96,221
01/15/2022,SNS,CA,AWP,WE,Federal Contract Tower,0,0,4,0,4,0,0,65,0,65,0,0,69,0,69,96,0,96,165
01/16/2022,SNS,CA,AWP,WE,Federal Contract Tower,0,0,27,0,27,0,1,98,0,99,0,1,125,0,126,50,0,50,176
01/17/2022,SNS,CA,AWP,WE,Federal Contract Tower,0,4,20,1,25,0,6,57,0,63,0,10,77,1,88,42,0,42,130
01/18/2022,SNS,CA,AWP,WE,Federal Contract Tower,0,0,19,2,21,0,2,60,3,65,0,2,79,5,86,44,0,44,130
01/19/2022,SNS,CA,AWP,WE,Federal Contract Tower,0,3,44,1,48,0,0,49,3,52,0,3,93,4,100,56,0,56,156
01/20/2022,SNS,CA,AWP,WE,Federal Contract Tower,0,0,16,0,16,0,3,70,0,73,0,3,86,0,89,34,0,34,123
01/21/2022,SNS,CA,AWP,WE,Federal Contract Tower,0,6,42,0,48,0,2,78,7,87,0,8,120,7,135,48,4,52,187
01/22/2022,SNS,CA,AWP,WE,Federal Contract Tower,0,0,10,0,10,0,0,51,0,51,0,0,61,0,61,0,0,0,61
01/23/2022,SNS,CA,AWP,WE,Federal Contract Tower,0,0,34,0,34,0,3,53,0,56,0,3,87,0,90,32,0,32,122
01/24/2022,SNS,CA,AWP,WE,Federal Contract Tower,0,0,17,0,17,0,0,58,1,59,0,0,75,1,76,28,0,28,104
01/25/2022,SNS,CA,AWP,WE,Federal Contract Tower,0,3,42,2,47,0,5,47,2,54,0,8,89,4,101,46,0,46,147
01/26/2022,SNS,CA,AWP,WE,Federal Contract Tower,0,1,38,4,43,0,2,47,2,51,0,3,85,6,94,12,0,12,106
01/27/2022,SNS,CA,AWP,WE,Federal Contract Tower,0,0,30,3,33,0,3,83,8,94,0,3,113,11,127,40,0,40,167
01/28/2022,SNS,CA,AWP,WE,Federal Contract Tower,0,0,47,4,51,0,0,75,2,77,0,0,122,6,128,32,0,32,160
01/29/2022,SNS,CA,AWP,WE,Federal Contract Tower,0,0,11,0,11,0,0,83,0,83,0,0,94,0,94,22,0,22,116
01/30/2022,SNS,CA,AWP,WE,Federal Contract Tower,0,0,31,0,31,0,1,87,0,88,0,1,118,0,119,72,0,72,191
01/31/2022,SNS,CA,AWP,WE,Federal Contract Tower,0,0,25,0,25,0,1,55,8,64,0,1,80,8,89,44,0,44,133
02/01/2022,SNS,CA,AWP,WE,Federal Contract Tower,0,0,31,4,35,0,0,57,18,75,0,0,88,22,110,52,0,52,162
02/02/2022,SNS,CA,AWP,WE,Federal Contract Tower,0,0,39,0,39,0,0,68,4,72,0,0,107,4,111,24,0,24,135
02/03/2022,SNS,CA,AWP,WE,Federal Contract Tower,0,0,32,2,34,0,0,76,2,78,0,0,108,4,112,16,10,26,138
02/04/2022,SNS,CA,AWP,WE,Federal Contract Tower,0,0,33,2,35,0,0,55,1,56,0,0,88,3,91,36,0,36,127
02/05/2022,SNS,CA,AWP,WE,Federal Contract Tower,0,0,7,2,9,0,2,43,0,45,0,2,50,2,54,36,0,36,90
02/06/2022,SNS,CA,AWP,WE,Federal Contract Tower,0,0,42,0,42,0,11,102,0,113,0,11,144,0,155,14,0,14,169
02/07/2022,SNS,CA,AWP,WE,Federal Contract Tower,0,0,40,0,40,0,4,71,5,80,0,4,111,5,120,66,0,66,186
02/08/2022,SNS,CA,AWP,WE,Federal Contract Tower,0,3,39,4,46,0,9,65,3,77,0,12,104,7,123,56,0,56,179
02/09/2022,SNS,CA,AWP,WE,Federal Contract Tower,0,0,36,0,36,0,2,73,5,80,0,2,109,5,116,60,0,60,176
02/10/2022,SNS,CA,AWP,WE,Federal Contract Tower,0,0,42,1,43,0,4,86,2,92,0,4,128,3,135,42,0,42,177
02/11/2022,SNS,CA,AWP,WE,Federal Contract Tower,0,1,81,0,82,0,1,86,2,89,0,2,167,2,171,110,0,110,281
02/12/2022,SNS,CA,AWP,WE,Federal Contract Tower,0,0,18,0,18,0,3,61,0,64,0,3,79,0,82,20,0,20,102
02/13/2022,SNS,CA,AWP,WE,Federal Contract Tower,0,4,32,0,36,0,1,85,0,86,0,5,117,0,122,44,0,44,166
02/14/2022,SNS,CA,AWP,WE,Federal Contract Tower,0,0,72,0,72,0,0,32,3,35,0,0,104,3,107,18,0,18,125
02/15/2022,SNS,CA,AWP,WE,Federal Contract Tower,0,0,9,0,9,0,3,54,1,58,0,3,63,1,67,0,0,0,67
02/16/2022,SNS,CA,AWP,WE,Federal Contract Tower,0,0,36,0,36,0,4,59,1,64,0,4,95,1,100,52,0,52,152
02/17/2022,SNS,CA,AWP,WE,Federal Contract Tower,0,2,58,0,60,0,2,87,4,93,0,4,145,4,153,86,0,86,239
02/18/2022,SNS,CA,AWP,WE,Federal Contract Tower,0,0,32,1,33,0,0,84,2,86,0,0,116,3,119,36,0,36,155
02/19/2022,SNS,CA,AWP,WE,Federal Contract Tower,0,0,0,0,0,0,0,0,0,0,0,0,0,0,0,0,0,0,0
02/20/2022,SNS,CA,AWP,WE,Federal Contract Tower,0,0,43,2,45,0,4,47,0,51,0,4,90,2,96,30,0,30,126
02/21/2022,SNS,CA,AWP,WE,Federal Contract Tower,0,3,41,1,45,0,0,52,0,52,0,3,93,1,97,58,0,58,155
02/22/2022,SNS,CA,AWP,WE,Federal Contract Tower,0,0,29,3,32,0,2,41,3,46,0,2,70,6,78,0,0,0,78
02/23/2022,SNS,CA,AWP,WE,Federal Contract Tower,0,0,16,0,16,0,5,47,8,60,0,5,63,8,76,66,0,66,142
02/24/2022,SNS,CA,AWP,WE,Federal Contract Tower,0,0,31,1,32,0,5,88,6,99,0,5,119,7,131,86,6,92,223
02/25/2022,SNS,CA,AWP,WE,Federal Contract Tower,0,0,47,0,47,0,2,61,2,65,0,2,108,2,112,58,0,58,170
02/26/2022,SNS,CA,AWP,WE,Federal Contract Tower,0,0,8,0,8,0,2,53,0,55,0,2,61,0,63,48,0,48,111
02/27/2022,SNS,CA,AWP,WE,Federal Contract Tower,0,0,6,0,6,0,0,63,0,63,0,0,69,0,69,30,0,30,99
02/28/2022,SNS,CA,AWP,WE,Federal Contract Tower,0,0,26,0,26,0,8,54,3,65,0,8,80,3,91,34,0,34,125
03/01/2022,SNS,CA,AWP,WE,Federal Contract Tower,0,0,28,2,30,0,0,86,2,88,0,0,114,4,118,56,0,56,174
03/02/2022,SNS,CA,AWP,WE,Federal Contract Tower,0,0,17,2,19,0,1,53,2,56,0,1,70,4,75,82,0,82,157
03/03/2022,SNS,CA,AWP,WE,Federal Contract Tower,0,0,22,0,22,0,0,30,3,33,0,0,52,3,55,16,0,16,71
03/04/2022,SNS,CA,AWP,WE,Federal Contract Tower,0,0,65,0,65,0,0,13,2,15,0,0,78,2,80,38,0,38,118
03/05/2022,SNS,CA,AWP,WE,Federal Contract Tower,0,0,11,0,11,0,0,15,0,15,0,0,26,0,26,18,0,18,44
03/06/2022,SNS,CA,AWP,WE,Federal Contract Tower,0,0,16,0,16,0,0,53,0,53,0,0,69,0,69,132,0,132,201
03/07/2022,SNS,CA,AWP,WE,Federal Contract Tower,0,0,13,1,14,0,0,32,1,33,0,0,45,2,47,16,0,16,63
03/08/2022,SNS,CA,AWP,WE,Federal Contract Tower,0,2,17,0,19,0,3,47,2,52,0,5,64,2,71,38,0,38,109
03/09/2022,SNS,CA,AWP,WE,Federal Contract Tower,0,1,43,0,44,0,2,67,2,71,0,3,110,2,115,68,0,68,183
03/10/2022,SNS,CA,AWP,WE,Federal Contract Tower,0,0,21,0,21,0,13,61,5,79,0,13,82,5,100,74,0,74,174
03/11/2022,SNS,CA,AWP,WE,Federal Contract Tower,0,0,47,2,49,0,0,79,1,80,0,0,126,3,129,60,0,60,189
03/12/2022,SNS,CA,AWP,WE,Federal Contract Tower,0,0,14,0,14,0,6,49,0,55,0,6,63,0,69,54,0,54,123
03/13/2022,SNS,CA,AWP,WE,Federal Contract Tower,0,0,35,0,35,0,2,59,0,61,0,2,94,0,96,50,0,50,146
03/14/2022,SNS,CA,AWP,WE,Federal Contract Tower,0,0,23,12,35,0,4,56,7,67,0,4,79,19,102,60,14,74,176
03/15/2022,SNS,CA,AWP,WE,Federal Contract Tower,0,1,47,2,50,0,1,31,2,34,0,2,78,4,84,26,0,26,110
03/16/2022,SNS,CA,AWP,WE,Federal Contract Tower,0,0,36,2,38,0,2,52,2,56,0,2,88,4,94,69,0,69,163
03/17/2022,SNS,CA,AWP,WE,Federal Contract Tower,0,0,29,0,29,0,0,34,2,36,0,0,63,2,65,10,0,10,75
03/18/2022,SNS,CA,AWP,WE,Federal Contract Tower,0,0,55,0,55,0,0,66,4,70,0,0,121,4,125,118,0,118,243
03/19/2022,SNS,CA,AWP,WE,Federal Contract Tower,0,0,20,0,20,0,0,14,0,14,0,0,34,0,34,12,0,12,46
03/20/2022,SNS,CA,AWP,WE,Federal Contract Tower,0,0,22,0,22,0,5,77,2,84,0,5,99,2,106,52,0,52,158
03/21/2022,SNS,CA,AWP,WE,Federal Contract Tower,0,0,21,0,21,0,6,51,1,58,0,6,72,1,79,56,0,56,135
03/22/2022,SNS,CA,AWP,WE,Federal Contract Tower,0,0,36,0,36,0,10,69,2,81,0,10,105,2,117,92,0,92,209
03/23/2022,SNS,CA,AWP,WE,Federal Contract Tower,0,1,26,1,28,0,2,36,2,40,0,3,62,3,68,78,0,78,146
03/24/2022,SNS,CA,AWP,WE,Federal Contract Tower,0,2,49,1,52,0,0,54,2,56,0,2,103,3,108,46,0,46,154
03/25/2022,SNS,CA,AWP,WE,Federal Contract Tower,0,0,51,1,52,0,0,49,0,49,0,0,100,1,101,62,0,62,163
03/26/2022,SNS,CA,AWP,WE,Federal Contract Tower,0,0,24,0,24,0,3,60,0,63,0,3,84,0,87,60,0,60,147
03/27/2022,SNS,CA,AWP,WE,Federal Contract Tower,0,0,18,0,18,0,4,17,2,23,0,4,35,2,41,22,0,22,63
03/28/2022,SNS,CA,AWP,WE,Federal Contract Tower,0,1,5,2,8,0,0,17,2,19,0,1,22,4,27,0,0,0,27
03/29/2022,SNS,CA,AWP,WE,Federal Contract Tower,0,3,19,4,26,0,0,17,0,17,0,3,36,4,43,18,0,18,61
03/30/2022,SNS,CA,AWP,WE,Federal Contract Tower,0,0,27,0,27,0,0,6,1,7,0,0,33,1,34,40,0,40,74
03/31/2022,SNS,CA,AWP,WE,Federal Contract Tower,0,0,28,0,28,0,6,48,4,58,0,6,76,4,86,40,8,48,134
04/01/2022,SNS,CA,AWP,WE,Federal Contract Tower,0,1,24,4,29,0,0,49,2,51,0,1,73,6,80,56,0,56,136
04/02/2022,SNS,CA,AWP,WE,Federal Contract Tower,0,0,13,2,15,0,3,48,0,51,0,3,61,2,66,42,0,42,108
04/03/2022,SNS,CA,AWP,WE,Federal Contract Tower,0,1,27,1,29,0,0,42,0,42,0,1,69,1,71,86,0,86,157
04/04/2022,SNS,CA,AWP,WE,Federal Contract Tower,0,0,18,0,18,0,0,52,2,54,0,0,70,2,72,60,0,60,132
04/05/2022,SNS,CA,AWP,WE,Federal Contract Tower,0,0,18,2,20,0,1,51,0,52,0,1,69,2,72,64,0,64,136
04/06/2022,SNS,CA,AWP,WE,Federal Contract Tower,0,0,18,1,19,0,9,46,2,57,0,9,64,3,76,36,0,36,112
04/07/2022,SNS,CA,AWP,WE,Federal Contract Tower,0,0,33,0,33,0,2,52,5,59,0,2,85,5,92,16,2,18,110
04/08/2022,SNS,CA,AWP,WE,Federal Contract Tower,0,0,18,2,20,0,3,55,2,60,0,3,73,4,80,82,0,82,162
04/09/2022,SNS,CA,AWP,WE,Federal Contract Tower,0,0,10,0,10,0,0,80,0,80,0,0,90,0,90,80,0,80,170
04/10/2022,SNS,CA,AWP,WE,Federal Contract Tower,0,0,33,0,33,0,0,57,2,59,0,0,90,2,92,72,0,72,164
04/11/2022,SNS,CA,AWP,WE,Federal Contract Tower,0,1,2,0,3,0,0,6,2,8,0,1,8,2,11,0,0,0,11
04/12/2022,SNS,CA,AWP,WE,Federal Contract Tower,0,1,27,0,28,0,2,52,2,56,0,3,79,2,84,40,0,40,124
04/13/2022,SNS,CA,AWP,WE,Federal Contract Tower,0,2,19,3,24,0,6,62,2,70,0,8,81,5,94,42,0,42,136
04/14/2022,SNS,CA,AWP,WE,Federal Contract Tower,0,0,12,0,12,0,3,28,1,32,0,3,40,1,44,6,8,14,58
04/15/2022,SNS,CA,AWP,WE,Federal Contract Tower,0,0,70,2,72,0,0,40,1,41,0,0,110,3,113,10,0,10,123
04/16/2022,SNS,CA,AWP,WE,Federal Contract Tower,0,0,12,0,12,0,2,7,0,9,0,2,19,0,21,0,0,0,21
04/17/2022,SNS,CA,AWP,WE,Federal Contract Tower,0,0,9,0,9,0,1,47,0,48,0,1,56,0,57,40,0,40,97
04/18/2022,SNS,CA,AWP,WE,Federal Contract Tower,0,2,38,1,41,0,10,44,1,55,0,12,82,2,96,50,0,50,146
04/19/2022,SNS,CA,AWP,WE,Federal Contract Tower,0,0,19,1,20,0,1,36,1,38,0,1,55,2,58,36,0,36,94
04/20/2022,SNS,CA,AWP,WE,Federal Contract Tower,0,0,41,0,41,0,0,83,2,85,0,0,124,2,126,86,0,86,212
04/21/2022,SNS,CA,AWP,WE,Federal Contract Tower,0,1,8,0,9,0,2,13,3,18,0,3,21,3,27,0,0,0,27
04/22/2022,SNS,CA,AWP,WE,Federal Contract Tower,0,0,6,0,6,0,2,49,2,53,0,2,55,2,59,44,0,44,103
04/23/2022,SNS,CA,AWP,WE,Federal Contract Tower,0,0,17,2,19,0,1,74,0,75,0,1,91,2,94,30,0,30,124
04/24/2022,SNS,CA,AWP,WE,Federal Contract Tower,0,2,47,0,49,0,0,39,0,39,0,2,86,0,88,54,0,54,142
04/25/2022,SNS,CA,AWP,WE,Federal Contract Tower,0,0,30,3,33,0,0,61,2,63,0,0,91,5,96,72,0,72,168
04/26/2022,SNS,CA,AWP,WE,Federal Contract Tower,0,0,18,0,18,0,0,61,5,66,0,0,79,5,84,16,0,16,100
04/27/2022,SNS,CA,AWP,WE,Federal Contract Tower,0,0,36,4,40,0,8,43,2,53,0,8,79,6,93,50,0,50,143
04/28/2022,SNS,CA,AWP,WE,Federal Contract Tower,0,0,22,2,24,0,1,56,3,60,0,1,78,5,84,16,0,16,100
04/29/2022,SNS,CA,AWP,WE,Federal Contract Tower,0,0,40,0,40,0,3,84,3,90,0,3,124,3,130,36,12,48,178
04/30/2022,SNS,CA,AWP,WE,Federal Contract Tower,0,1,9,0,10,0,1,33,0,34,0,2,42,0,44,2,0,2,46
05/01/2022,SNS,CA,AWP,WE,Federal Contract Tower,0,0,28,0,28,0,10,84,0,94,0,10,112,0,122,44,0,44,166
05/02/2022,SNS,CA,AWP,WE,Federal Contract Tower,0,0,11,1,12,0,4,49,2,55,0,4,60,3,67,28,0,28,95
05/03/2022,SNS,CA,AWP,WE,Federal Contract Tower,0,0,13,0,13,0,0,65,11,76,0,0,78,11,89,18,0,18,107
05/04/2022,SNS,CA,AWP,WE,Federal Contract Tower,0,1,38,3,42,0,0,69,3,72,0,1,107,6,114,60,4,64,178
05/05/2022,SNS,CA,AWP,WE,Federal Contract Tower,0,1,22,0,23,0,2,43,3,48,0,3,65,3,71,94,0,94,165
05/06/2022,SNS,CA,AWP,WE,Federal Contract Tower,0,0,21,2,23,0,0,56,2,58,0,0,77,4,81,82,0,82,163
05/07/2022,SNS,CA,AWP,WE,Federal Contract Tower,0,0,12,0,12,0,4,53,0,57,0,4,65,0,69,28,0,28,97
05/08/2022,SNS,CA,AWP,WE,Federal Contract Tower,0,0,9,0,9,0,9,40,4,53,0,9,49,4,62,6,0,6,68
05/09/2022,SNS,CA,AWP,WE,Federal Contract Tower,0,0,11,2,13,0,0,35,3,38,0,0,46,5,51,6,10,16,67
05/10/2022,SNS,CA,AWP,WE,Federal Contract Tower,0,0,20,0,20,0,2,51,5,58,0,2,71,5,78,50,8,58,136
05/11/2022,SNS,CA,AWP,WE,Federal Contract Tower,0,2,14,0,16,0,5,33,4,42,0,7,47,4,58,32,0,32,90
05/12/2022,SNS,CA,AWP,WE,Federal Contract Tower,0,0,22,0,22,0,1,51,2,54,0,1,73,2,76,38,0,38,114
05/13/2022,SNS,CA,AWP,WE,Federal Contract Tower,0,0,28,1,29,0,2,53,2,57,0,2,81,3,86,86,0,86,172
05/14/2022,SNS,CA,AWP,WE,Federal Contract Tower,0,2,35,4,41,0,5,77,1,83,0,7,112,5,124,60,0,60,184
05/15/2022,SNS,CA,AWP,WE,Federal Contract Tower,0,0,23,0,23,0,2,48,0,50,0,2,71,0,73,48,0,48,121
05/16/2022,SNS,CA,AWP,WE,Federal Contract Tower,0,0,14,8,22,0,0,44,2,46,0,0,58,10,68,32,0,32,100
05/17/2022,SNS,CA,AWP,WE,Federal Contract Tower,0,6,37,2,45,0,7,58,2,67,0,13,95,4,112,20,0,20,132
05/18/2022,SNS,CA,AWP,WE,Federal Contract Tower,0,3,21,1,25,0,6,51,6,63,0,9,72,7,88,56,0,56,144
05/19/2022,SNS,CA,AWP,WE,Federal Contract Tower,0,0,35,2,37,0,5,48,3,56,0,5,83,5,93,38,0,38,131
05/20/2022,SNS,CA,AWP,WE,Federal Contract Tower,0,12,44,1,57,0,0,56,0,56,0,12,100,1,113,28,0,28,141
05/21/2022,SNS,CA,AWP,WE,Federal Contract Tower,0,6,24,0,30,0,0,43,1,44,0,6,67,1,74,42,0,42,116
05/22/2022,SNS,CA,AWP,WE,Federal Contract Tower,0,0,36,0,36,0,1,31,0,32,0,1,67,0,68,42,0,42,110
05/23/2022,SNS,CA,AWP,WE,Federal Contract Tower,0,0,25,2,27,0,0,57,2,59,0,0,82,4,86,42,0,42,128
05/24/2022,SNS,CA,AWP,WE,Federal Contract Tower,0,3,34,0,37,0,2,44,4,50,0,5,78,4,87,16,0,16,103
05/25/2022,SNS,CA,AWP,WE,Federal Contract Tower,0,2,30,6,38,0,0,54,1,55,0,2,84,7,93,66,0,66,159
05/26/2022,SNS,CA,AWP,WE,Federal Contract Tower,0,3,42,0,45,0,1,20,0,21,0,4,62,0,66,18,0,18,84
05/27/2022,SNS,CA,AWP,WE,Federal Contract Tower,0,1,44,0,45,0,2,24,0,26,0,3,68,0,71,30,0,30,101
05/28/2022,SNS,CA,AWP,WE,Federal Contract Tower,0,0,14,0,14,0,4,39,0,43,0,4,53,0,57,44,0,44,101
05/29/2022,SNS,CA,AWP,WE,Federal Contract Tower,0,0,22,0,22,0,6,74,0,80,0,6,96,0,102,50,0,50,152
05/30/2022,SNS,CA,AWP,WE,Federal Contract Tower,0,0,33,0,33,0,2,60,0,62,0,2,93,0,95,24,0,24,119
05/31/2022,SNS,CA,AWP,WE,Federal Contract Tower,0,0,27,5,32,0,3,63,6,72,0,3,90,11,104,38,0,38,142
06/01/2022,SNS,CA,AWP,WE,Federal Contract Tower,0,1,19,0,20,0,7,78,3,88,0,8,97,3,108,132,0,132,240
06/02/2022,SNS,CA,AWP,WE,Federal Contract Tower,0,0,34,8,42,0,0,64,3,67,0,0,98,11,109,74,0,74,183
06/03/2022,SNS,CA,AWP,WE,Federal Contract Tower,0,0,19,2,21,0,0,62,3,65,0,0,81,5,86,72,8,80,166
06/04/2022,SNS,CA,AWP,WE,Federal Contract Tower,0,0,41,2,43,0,5,48,0,53,0,5,89,2,96,54,0,54,150
06/05/2022,SNS,CA,AWP,WE,Federal Contract Tower,0,0,20,2,22,0,5,56,2,63,0,5,76,4,85,22,0,22,107
06/06/2022,SNS,CA,AWP,WE,Federal Contract Tower,0,0,37,0,37,0,0,40,2,42,0,0,77,2,79,24,8,32,111
06/07/2022,SNS,CA,AWP,WE,Federal Contract Tower,0,0,34,0,34,0,3,59,3,65,0,3,93,3,99,62,0,62,161
06/08/2022,SNS,CA,AWP,WE,Federal Contract Tower,0,0,8,2,10,0,4,68,2,74,0,4,76,4,84,48,0,48,132
06/09/2022,SNS,CA,AWP,WE,Federal Contract Tower,0,2,33,2,37,0,0,55,3,58,0,2,88,5,95,68,0,68,163
06/10/2022,SNS,CA,AWP,WE,Federal Contract Tower,0,0,26,0,26,0,4,66,2,72,0,4,92,2,98,48,0,48,146
06/11/2022,SNS,CA,AWP,WE,Federal Contract Tower,0,0,10,0,10,0,3,80,0,83,0,3,90,0,93,80,0,80,173
06/12/2022,SNS,CA,AWP,WE,Federal Contract Tower,0,0,23,0,23,0,3,66,4,73,0,3,89,4,96,82,0,82,178
06/13/2022,SNS,CA,AWP,WE,Federal Contract Tower,0,0,19,0,19,0,5,48,0,53,0,5,67,0,72,40,0,40,112
06/14/2022,SNS,CA,AWP,WE,Federal Contract Tower,0,0,24,2,26,0,5,65,2,72,0,5,89,4,98,60,0,60,158
06/15/2022,SNS,CA,AWP,WE,Federal Contract Tower,0,0,19,0,19,0,1,43,3,47,0,1,62,3,66,30,0,30,96
06/16/2022,SNS,CA,AWP,WE,Federal Contract Tower,0,0,16,0,16,0,3,52,3,58,0,3,68,3,74,96,0,96,170
06/17/2022,SNS,CA,AWP,WE,Federal Contract Tower,0,0,23,3,26,0,2,44,1,47,0,2,67,4,73,62,0,62,135
06/18/2022,SNS,CA,AWP,WE,Federal Contract Tower,0,0,18,0,18,0,13,63,0,76,0,13,81,0,94,44,0,44,138
06/19/2022,SNS,CA,AWP,WE,Federal Contract Tower,0,0,8,0,8,0,2,74,0,76,0,2,82,0,84,106,0,106,190
06/20/2022,SNS,CA,AWP,WE,Federal Contract Tower,0,2,23,0,25,0,13,87,0,100,0,15,110,0,125,142,0,142,267
06/21/2022,SNS,CA,AWP,WE,Federal Contract Tower,0,0,13,2,15,0,18,50,1,69,0,18,63,3,84,72,8,80,164
06/22/2022,SNS,CA,AWP,WE,Federal Contract Tower,0,2,11,0,13,0,8,44,2,54,0,10,55,2,67,44,0,44,111
06/23/2022,SNS,CA,AWP,WE,Federal Contract Tower,0,0,34,0,34,0,25,55,8,88,0,25,89,8,122,48,0,48,170
06/24/2022,SNS,CA,AWP,WE,Federal Contract Tower,0,0,40,0,40,0,6,64,3,73,0,6,104,3,113,36,0,36,149
06/25/2022,SNS,CA,AWP,WE,Federal Contract Tower,0,2,8,0,10,0,2,52,0,54,0,4,60,0,64,74,0,74,138
06/26/2022,SNS,CA,AWP,WE,Federal Contract Tower,0,2,23,0,25,0,5,65,13,83,0,7,88,13,108,62,0,62,170
06/27/2022,SNS,CA,AWP,WE,Federal Contract Tower,0,2,10,4,16,0,1,67,1,69,0,3,77,5,85,94,0,94,179
06/28/2022,SNS,CA,AWP,WE,Federal Contract Tower,0,2,24,2,28,0,6,48,2,56,0,8,72,4,84,32,0,32,116
06/29/2022,SNS,CA,AWP,WE,Federal Contract Tower,0,3,20,7,30,0,2,47,2,51,0,5,67,9,81,4,8,12,93
06/30/2022,SNS,CA,AWP,WE,Federal Contract Tower,0,2,28,3,33,0,2,61,4,67,0,4,89,7,100,50,0,50,150
07/01/2022,SNS,CA,AWP,WE,Federal Contract Tower,0,0,22,0,22,0,4,62,2,68,0,4,84,2,90,38,0,38,128
07/02/2022,SNS,CA,AWP,WE,Federal Contract Tower,0,1,24,0,25,0,3,37,0,40,0,4,61,0,65,22,0,22,87
07/03/2022,SNS,CA,AWP,WE,Federal Contract Tower,0,0,29,0,29,0,1,41,0,42,0,1,70,0,71,34,0,34,105
07/04/2022,SNS,CA,AWP,WE,Federal Contract Tower,0,0,1,0,1,0,3,46,0,49,0,3,47,0,50,32,0,32,82
07/05/2022,SNS,CA,AWP,WE,Federal Contract Tower,0,0,27,0,27,0,4,52,2,58,0,4,79,2,85,6,0,6,91
07/06/2022,SNS,CA,AWP,WE,Federal Contract Tower,0,4,30,0,34,0,2,68,0,70,0,6,98,0,104,72,0,72,176
07/07/2022,SNS,CA,AWP,WE,Federal Contract Tower,0,3,31,6,40,0,4,62,0,66,0,7,93,6,106,52,0,52,158
07/08/2022,SNS,CA,AWP,WE,Federal Contract Tower,0,0,24,2,26,0,3,75,0,78,0,3,99,2,104,66,0,66,170
07/09/2022,SNS,CA,AWP,WE,Federal Contract Tower,0,0,26,0,26,0,2,62,0,64,0,2,88,0,90,58,0,58,148
07/10/2022,SNS,CA,AWP,WE,Federal Contract Tower,0,2,23,0,25,0,4,68,0,72,0,6,91,0,97,32,0,32,129
07/11/2022,SNS,CA,AWP,WE,Federal Contract Tower,0,0,19,2,21,0,0,54,2,56,0,0,73,4,77,88,0,88,165
07/12/2022,SNS,CA,AWP,WE,Federal Contract Tower,0,0,22,0,22,0,2,39,1,42,0,2,61,1,64,0,0,0,64
07/13/2022,SNS,CA,AWP,WE,Federal Contract Tower,0,0,9,2,11,0,2,49,4,55,0,2,58,6,66,68,0,68,134
07/14/2022,SNS,CA,AWP,WE,Federal Contract Tower,0,0,12,0,12,0,5,49,2,56,0,5,61,2,68,80,0,80,148
07/15/2022,SNS,CA,AWP,WE,Federal Contract Tower,0,0,14,0,14,0,8,66,2,76,0,8,80,2,90,84,0,84,174
07/16/2022,SNS,CA,AWP,WE,Federal Contract Tower,0,0,11,0,11,0,3,55,0,58,0,3,66,0,69,34,0,34,103
07/17/2022,SNS,CA,AWP,WE,Federal Contract Tower,0,5,31,0,36,0,1,51,0,52,0,6,82,0,88,32,0,32,120
07/18/2022,SNS,CA,AWP,WE,Federal Contract Tower,0,2,8,2,12,0,6,49,1,56,0,8,57,3,68,20,0,20,88
07/19/2022,SNS,CA,AWP,WE,Federal Contract Tower,0,1,8,0,9,0,6,54,2,62,0,7,62,2,71,82,0,82,153
07/20/2022,SNS,CA,AWP,WE,Federal Contract Tower,0,1,7,0,8,0,5,51,0,56,0,6,58,0,64,106,0,106,170
07/21/2022,SNS,CA,AWP,WE,Federal Contract Tower,0,0,19,2,21,0,8,59,3,70,0,8,78,5,91,108,0,108,199
07/22/2022,SNS,CA,AWP,WE,Federal Contract Tower,0,5,16,0,21,0,9,98,1,108,0,14,114,1,129,44,0,44,173
07/23/2022,SNS,CA,AWP,WE,Federal Contract Tower,0,0,26,0,26,0,1,46,0,47,0,1,72,0,73,30,0,30,103
07/24/2022,SNS,CA,AWP,WE,Federal Contract Tower,0,2,30,1,33,0,4,47,1,52,0,6,77,2,85,46,0,46,131
07/25/2022,SNS,CA,AWP,WE,Federal Contract Tower,0,1,12,2,15,0,2,47,0,49,0,3,59,2,64,126,0,126,190
07/26/2022,SNS,CA,AWP,WE,Federal Contract Tower,0,2,15,2,19,0,4,33,6,43,0,6,48,8,62,20,0,20,82
07/27/2022,SNS,CA,AWP,WE,Federal Contract Tower,0,0,12,2,14,0,2,65,4,71,0,2,77,6,85,122,6,128,213
07/28/2022,SNS,CA,AWP,WE,Federal Contract Tower,0,0,26,1,27,0,0,55,1,56,0,0,81,2,83,58,0,58,141
07/29/2022,SNS,CA,AWP,WE,Federal Contract Tower,0,0,24,0,24,0,0,63,2,65,0,0,87,2,89,70,0,70,159
07/30/2022,SNS,CA,AWP,WE,Federal Contract Tower,0,0,13,2,15,0,0,69,0,69,0,0,82,2,84,44,0,44,128
07/31/2022,SNS,CA,AWP,WE,Federal Contract Tower,0,0,14,0,14,0,1,35,6,42,0,1,49,6,56,64,0,64,120
08/01/2022,SNS,CA,AWP,WE,Federal Contract Tower,0,0,8,0,8,0,3,43,0,46,0,3,51,0,54,34,0,34,88
08/02/2022,SNS,CA,AWP,WE,Federal Contract Tower,0,1,5,0,6,0,11,33,3,47,0,12,38,3,53,20,0,20,73
08/03/2022,SNS,CA,AWP,WE,Federal Contract Tower,0,0,15,0,15,0,6,49,2,57,0,6,64,2,72,50,0,50,122
08/04/2022,SNS,CA,AWP,WE,Federal Contract Tower,0,1,27,0,28,0,3,69,2,74,0,4,96,2,102,12,0,12,114
08/05/2022,SNS,CA,AWP,WE,Federal Contract Tower,0,1,8,0,9,0,8,36,1,45,0,9,44,1,54,22,0,22,76
08/06/2022,SNS,CA,AWP,WE,Federal Contract Tower,0,0,3,0,3,0,1,39,0,40,0,1,42,0,43,44,0,44,87
08/07/2022,SNS,CA,AWP,WE,Federal Contract Tower,0,1,14,0,15,0,2,59,0,61,0,3,73,0,76,76,0,76,152
08/08/2022,SNS,CA,AWP,WE,Federal Contract Tower,0,0,6,0,6,0,0,37,1,38,0,0,43,1,44,34,0,34,78
08/09/2022,SNS,CA,AWP,WE,Federal Contract Tower,0,0,5,2,7,0,8,62,2,72,0,8,67,4,79,42,0,42,121
08/10/2022,SNS,CA,AWP,WE,Federal Contract Tower,0,0,7,1,8,0,3,54,4,61,0,3,61,5,69,34,0,34,103
08/11/2022,SNS,CA,AWP,WE,Federal Contract Tower,0,0,8,0,8,0,2,61,2,65,0,2,69,2,73,64,0,64,137
08/12/2022,SNS,CA,AWP,WE,Federal Contract Tower,0,1,25,0,26,0,2,90,1,93,0,3,115,1,119,76,20,96,215
08/13/2022,SNS,CA,AWP,WE,Federal Contract Tower,0,0,4,0,4,0,3,41,0,44,0,3,45,0,48,50,0,50,98
08/14/2022,SNS,CA,AWP,WE,Federal Contract Tower,0,1,10,0,11,0,8,71,0,79,0,9,81,0,90,28,0,28,118
08/15/2022,SNS,CA,AWP,WE,Federal Contract Tower,0,0,10,2,12,0,1,48,2,51,0,1,58,4,63,74,0,74,137
08/16/2022,SNS,CA,AWP,WE,Federal Contract Tower,0,0,18,0,18,0,0,79,2,81,0,0,97,2,99,42,0,42,141
08/17/2022,SNS,CA,AWP,WE,Federal Contract Tower,0,0,36,0,36,0,2,37,1,40,0,2,73,1,76,10,0,10,86
08/18/2022,SNS,CA,AWP,WE,Federal Contract Tower,0,1,32,0,33,0,3,86,2,91,0,4,118,2,124,30,0,30,154
08/19/2022,SNS,CA,AWP,WE,Federal Contract Tower,0,0,36,0,36,0,3,64,0,67,0,3,100,0,103,0,0,0,103
08/20/2022,SNS,CA,AWP,WE,Federal Contract Tower,0,2,13,0,15,0,2,40,0,42,0,4,53,0,57,26,0,26,83
08/21/2022,SNS,CA,AWP,WE,Federal Contract Tower,0,7,51,0,58,0,1,35,0,36,0,8,86,0,94,6,0,6,100
08/22/2022,SNS,CA,AWP,WE,Federal Contract Tower,0,11,28,3,42,0,9,44,1,54,0,20,72,4,96,22,0,22,118
08/23/2022,SNS,CA,AWP,WE,Federal Contract Tower,0,0,29,0,29,0,0,43,4,47,0,0,72,4,76,20,0,20,96
08/24/2022,SNS,CA,AWP,WE,Federal Contract Tower,0,6,16,2,24,0,4,44,2,50,0,10,60,4,74,8,0,8,82
08/25/2022,SNS,CA,AWP,WE,Federal Contract Tower,0,0,20,4,24,0,7,56,6,69,0,7,76,10,93,30,0,30,123
08/26/2022,SNS,CA,AWP,WE,Federal Contract Tower,0,2,36,0,38,0,2,46,2,50,0,4,82,2,88,14,0,14,102
08/27/2022,SNS,CA,AWP,WE,Federal Contract Tower,0,0,10,0,10,0,2,37,6,45,0,2,47,6,55,14,0,14,69
08/28/2022,SNS,CA,AWP,WE,Federal Contract Tower,0,2,27,0,29,0,12,38,0,50,0,14,65,0,79,24,0,24,103
08/29/2022,SNS,CA,AWP,WE,Federal Contract Tower,0,0,18,2,20,0,2,43,5,50,0,2,61,7,70,16,0,16,86
08/30/2022,SNS,CA,AWP,WE,Federal Contract Tower,0,1,10,0,11,0,0,50,2,52,0,1,60,2,63,42,0,42,105
08/31/2022,SNS,CA,AWP,WE,Federal Contract Tower,0,2,7,0,9,0,0,70,7,77,0,2,77,7,86,54,0,54,140
09/01/2022,SNS,CA,AWP,WE,Federal Contract Tower,0,0,4,0,4,0,1,47,0,48,0,1,51,0,52,32,0,32,84
09/02/2022,SNS,CA,AWP,WE,Federal Contract Tower,0,2,15,0,17,0,2,49,2,53,0,4,64,2,70,10,0,10,80
09/03/2022,SNS,CA,AWP,WE,Federal Contract Tower,0,0,5,0,5,0,16,58,0,74,0,16,63,0,79,16,0,16,95
09/04/2022,SNS,CA,AWP,WE,Federal Contract Tower,0,0,7,2,9,0,0,94,0,94,0,0,101,2,103,44,0,44,147
09/05/2022,SNS,CA,AWP,WE,Federal Contract Tower,0,1,8,0,9,0,6,42,0,48,0,7,50,0,57,32,0,32,89
09/06/2022,SNS,CA,AWP,WE,Federal Contract Tower,0,2,18,0,20,0,2,50,2,54,0,4,68,2,74,64,0,64,138
09/07/2022,SNS,CA,AWP,WE,Federal Contract Tower,0,0,7,0,7,0,10,31,4,45,0,10,38,4,52,28,0,28,80
09/08/2022,SNS,CA,AWP,WE,Federal Contract Tower,0,2,29,1,32,0,4,62,2,68,0,6,91,3,100,22,0,22,122
09/09/2022,SNS,CA,AWP,WE,Federal Contract Tower,0,1,6,0,7,0,0,39,0,39,0,1,45,0,46,44,0,44,90
09/10/2022,SNS,CA,AWP,WE,Federal Contract Tower,0,1,14,0,15,0,0,30,0,30,0,1,44,0,45,26,0,26,71
09/11/2022,SNS,CA,AWP,WE,Federal Contract Tower,0,0,21,0,21,0,2,84,0,86,0,2,105,0,107,62,0,62,169
09/12/2022,SNS,CA,AWP,WE,Federal Contract Tower,0,0,24,7,31,0,0,34,2,36,0,0,58,9,67,50,0,50,117
09/13/2022,SNS,CA,AWP,WE,Federal Contract Tower,0,0,8,1,9,0,5,66,2,73,0,5,74,3,82,76,0,76,158
09/14/2022,SNS,CA,AWP,WE,Federal Contract Tower,0,0,6,0,6,0,0,47,2,49,0,0,53,2,55,22,0,22,77
09/15/2022,SNS,CA,AWP,WE,Federal Contract Tower,0,0,17,2,19,0,10,44,6,60,0,10,61,8,79,14,14,28,107
09/16/2022,SNS,CA,AWP,WE,Federal Contract Tower,0,1,20,0,21,0,2,80,0,82,0,3,100,0,103,50,0,50,153
09/17/2022,SNS,CA,AWP,WE,Federal Contract Tower,0,0,10,0,10,0,0,59,0,59,0,0,69,0,69,38,0,38,107
09/18/2022,SNS,CA,AWP,WE,Federal Contract Tower,0,0,12,0,12,0,0,29,0,29,0,0,41,0,41,0,2,2,43
09/19/2022,SNS,CA,AWP,WE,Federal Contract Tower,0,2,21,5,28,0,3,25,0,28,0,5,46,5,56,44,0,44,100
09/20/2022,SNS,CA,AWP,WE,Federal Contract Tower,0,3,32,3,38,0,1,52,2,55,0,4,84,5,93,46,0,46,139
09/21/2022,SNS,CA,AWP,WE,Federal Contract Tower,0,0,12,0,12,0,0,43,0,43,0,0,55,0,55,26,0,26,81
09/22/2022,SNS,CA,AWP,WE,Federal Contract Tower,0,0,21,0,21,0,6,58,1,65,0,6,79,1,86,34,0,34,120
09/23/2022,SNS,CA,AWP,WE,Federal Contract Tower,0,0,42,0,42,0,4,62,2,68,0,4,104,2,110,64,0,64,174
09/24/2022,SNS,CA,AWP,WE,Federal Contract Tower,0,2,5,0,7,0,8,51,2,61,0,10,56,2,68,48,0,48,116
09/25/2022,SNS,CA,AWP,WE,Federal Contract Tower,0,1,30,0,31,0,3,45,0,48,0,4,75,0,79,70,0,70,149
09/26/2022,SNS,CA,AWP,WE,Federal Contract Tower,0,1,20,2,23,0,2,25,1,28,0,3,45,3,51,16,0,16,67
09/27/2022,SNS,CA,AWP,WE,Federal Contract Tower,0,0,25,2,27,0,0,47,2,49,0,0,72,4,76,40,0,40,116
09/28/2022,SNS,CA,AWP,WE,Federal Contract Tower,0,0,33,2,35,0,10,44,2,56,0,10,77,4,91,48,0,48,139
09/29/2022,SNS,CA,AWP,WE,Federal Contract Tower,0,3,21,3,27,0,5,54,5,64,0,8,75,8,91,18,0,18,109
09/30/2022,SNS,CA,AWP,WE,Federal Contract Tower,0,0,28,0,28,0,2,71,8,81,0,2,99,8,109,38,0,38,147
10/01/2022,SNS,CA,AWP,WE,Federal Contract Tower,0,0,29,0,29,0,2,7,4,13,0,2,36,4,42,0,0,0,42
10/02/2022,SNS,CA,AWP,WE,Federal Contract Tower,0,0,19,0,19,0,4,51,0,55,0,4,70,0,74,52,0,52,126
10/03/2022,SNS,CA,AWP,WE,Federal Contract Tower,0,0,17,4,21,0,0,37,2,39,0,0,54,6,60,8,0,8,68
10/04/2022,SNS,CA,AWP,WE,Federal Contract Tower,0,0,23,3,26,0,8,20,2,30,0,8,43,5,56,12,0,12,68
10/05/2022,SNS,CA,AWP,WE,Federal Contract Tower,0,2,35,5,42,0,8,36,1,45,0,10,71,6,87,12,0,12,99
10/06/2022,SNS,CA,AWP,WE,Federal Contract Tower,0,2,22,0,24,0,27,36,2,65,0,29,58,2,89,2,0,2,91
10/07/2022,SNS,CA,AWP,WE,Federal Contract Tower,0,0,27,0,27,0,0,53,2,55,0,0,80,2,82,4,48,52,134
10/08/2022,SNS,CA,AWP,WE,Federal Contract Tower,0,1,8,0,9,0,1,53,1,55,0,2,61,1,64,48,2,50,114
10/09/2022,SNS,CA,AWP,WE,Federal Contract Tower,0,0,28,0,28,0,2,59,11,72,0,2,87,11,100,36,24,60,160
10/10/2022,SNS,CA,AWP,WE,Federal Contract Tower,0,1,17,0,18,0,0,29,4,33,0,1,46,4,51,14,0,14,65
10/11/2022,SNS,CA,AWP,WE,Federal Contract Tower,0,0,20,4,24,0,12,18,3,33,0,12,38,7,57,4,0,4,61
10/12/2022,SNS,CA,AWP,WE,Federal Contract Tower,0,2,34,2,38,0,3,31,0,34,0,5,65,2,72,28,0,28,100
10/13/2022,SNS,CA,AWP,WE,Federal Contract Tower,0,0,41,3,44,0,11,46,1,58,0,11,87,4,102,0,0,0,102
10/14/2022,SNS,CA,AWP,WE,Federal Contract Tower,0,2,58,0,60,0,0,49,0,49,0,2,107,0,109,36,0,36,145
10/15/2022,SNS,CA,AWP,WE,Federal Contract Tower,0,4,23,0,27,0,2,7,0,9,0,6,30,0,36,0,0,0,36
10/16/2022,SNS,CA,AWP,WE,Federal Contract Tower,0,0,13,0,13,0,4,51,0,55,0,4,64,0,68,82,0,82,150
10/17/2022,SNS,CA,AWP,WE,Federal Contract Tower,0,0,26,0,26,0,5,69,6,80,0,5,95,6,106,78,0,78,184
10/18/2022,SNS,CA,AWP,WE,Federal Contract Tower,0,0,26,0,26,0,10,86,6,102,0,10,112,6,128,68,0,68,196
10/19/2022,SNS,CA,AWP,WE,Federal Contract Tower,0,0,26,1,27,0,19,99,5,123,0,19,125,6,150,38,0,38,188
10/20/2022,SNS,CA,AWP,WE,Federal Contract Tower,0,0,18,0,18,0,14,69,4,87,0,14,87,4,105,78,0,78,183
10/21/2022,SNS,CA,AWP,WE,Federal Contract Tower,0,0,48,2,50,0,12,50,0,62,0,12,98,2,112,46,0,46,158
10/22/2022,SNS,CA,AWP,WE,Federal Contract Tower,0,0,13,2,15,0,5,20,1,26,0,5,33,3,41,14,0,14,55
10/23/2022,SNS,CA,AWP,WE,Federal Contract Tower,0,0,21,0,21,0,1,85,0,86,0,1,106,0,107,114,0,114,221
10/24/2022,SNS,CA,AWP,WE,Federal Contract Tower,0,0,16,2,18,0,9,97,3,109,0,9,113,5,127,28,0,28,155
10/25/2022,SNS,CA,AWP,WE,Federal Contract Tower,0,3,22,0,25,0,5,64,3,72,0,8,86,3,97,36,10,46,143
10/26/2022,SNS,CA,AWP,WE,Federal Contract Tower,0,1,21,1,23,0,9,60,3,72,0,10,81,4,95,52,0,52,147
10/27/2022,SNS,CA,AWP,WE,Federal Contract Tower,0,0,18,1,19,0,1,61,1,63,0,1,79,2,82,70,0,70,152
10/28/2022,SNS,CA,AWP,WE,Federal Contract Tower,0,0,68,4,72,0,0,63,2,65,0,0,131,6,137,72,2,74,211
10/29/2022,SNS,CA,AWP,WE,Federal Contract Tower,0,0,10,0,10,0,2,40,0,42,0,2,50,0,52,56,0,56,108
10/30/2022,SNS,CA,AWP,WE,Federal Contract Tower,0,10,36,0,46,0,0,55,0,55,0,10,91,0,101,36,0,36,137
10/31/2022,SNS,CA,AWP,WE,Federal Contract Tower,0,0,13,3,16,0,2,48,2,52,0,2,61,5,68,78,0,78,146
11/01/2022,SNS,CA,AWP,WE,Federal Contract Tower,0,3,27,0,30,0,1,27,2,30,0,4,54,2,60,16,0,16,76
11/02/2022,SNS,CA,AWP,WE,Federal Contract Tower,0,0,23,0,23,0,2,49,2,53,0,2,72,2,76,52,0,52,128
11/03/2022,SNS,CA,AWP,WE,Federal Contract Tower,0,3,29,2,34,0,4,97,4,105,0,7,126,6,139,136,8,144,283
11/04/2022,SNS,CA,AWP,WE,Federal Contract Tower,0,0,24,0,24,0,13,74,3,90,0,13,98,3,114,62,0,62,176
11/05/2022,SNS,CA,AWP,WE,Federal Contract Tower,0,5,25,2,32,0,3,25,0,28,0,8,50,2,60,30,0,30,90
11/06/2022,SNS,CA,AWP,WE,Federal Contract Tower,0,3,14,0,17,0,8,61,0,69,0,11,75,0,86,86,0,86,172
11/07/2022,SNS,CA,AWP,WE,Federal Contract Tower,0,0,27,0,27,0,1,44,3,48,0,1,71,3,75,70,0,70,145
11/08/2022,SNS,CA,AWP,WE,Federal Contract Tower,0,0,12,0,12,0,0,4,0,4,0,0,16,0,16,4,0,4,20
11/09/2022,SNS,CA,AWP,WE,Federal Contract Tower,0,0,36,4,40,0,6,69,3,78,0,6,105,7,118,52,0,52,170
11/10/2022,SNS,CA,AWP,WE,Federal Contract Tower,0,0,22,0,22,0,6,74,11,91,0,6,96,11,113,122,0,122,235
11/11/2022,SNS,CA,AWP,WE,Federal Contract Tower,0,0,40,0,40,0,4,78,0,82,0,4,118,0,122,148,0,148,270
11/12/2022,SNS,CA,AWP,WE,Federal Contract Tower,0,0,21,0,21,0,3,46,0,49,0,3,67,0,70,62,0,62,132
11/13/2022,SNS,CA,AWP,WE,Federal Contract Tower,0,0,10,0,10,0,7,74,0,81,0,7,84,0,91,92,0,92,183
11/14/2022,SNS,CA,AWP,WE,Federal Contract Tower,0,0,17,0,17,0,6,64,0,70,0,6,81,0,87,52,0,52,139
11/15/2022,SNS,CA,AWP,WE,Federal Contract Tower,0,2,14,0,16,0,9,85,4,98,0,11,99,4,114,76,20,96,210
11/16/2022,SNS,CA,AWP,WE,Federal Contract Tower,0,2,23,0,25,0,11,65,2,78,0,13,88,2,103,62,0,62,165
11/17/2022,SNS,CA,AWP,WE,Federal Contract Tower,0,3,14,0,17,0,1,58,4,63,0,4,72,4,80,132,0,132,212
11/18/2022,SNS,CA,AWP,WE,Federal Contract Tower,0,0,36,0,36,0,1,82,0,83,0,1,118,0,119,108,0,108,227
11/19/2022,SNS,CA,AWP,WE,Federal Contract Tower,0,0,3,0,3,0,5,77,0,82,0,5,80,0,85,58,0,58,143
11/20/2022,SNS,CA,AWP,WE,Federal Contract Tower,0,2,5,0,7,0,1,50,0,51,0,3,55,0,58,30,0,30,88
11/21/2022,SNS,CA,AWP,WE,Federal Contract Tower,0,0,16,1,17,0,1,60,1,62,0,1,76,2,79,50,0,50,129
11/22/2022,SNS,CA,AWP,WE,Federal Contract Tower,0,0,18,0,18,0,4,54,1,59,0,4,72,1,77,46,0,46,123
11/23/2022,SNS,CA,AWP,WE,Federal Contract Tower,0,1,20,2,23,0,15,82,4,101,0,16,102,6,124,114,0,114,238
11/24/2022,SNS,CA,AWP,WE,Federal Contract Tower,0,0,0,0,0,0,9,19,0,28,0,9,19,0,28,46,0,46,74
11/25/2022,SNS,CA,AWP,WE,Federal Contract Tower,0,0,23,1,24,0,1,51,0,52,0,1,74,1,76,40,0,40,116
11/26/2022,SNS,CA,AWP,WE,Federal Contract Tower,0,0,5,1,6,0,2,32,1,35,0,2,37,2,41,20,8,28,69
11/27/2022,SNS,CA,AWP,WE,Federal Contract Tower,0,2,18,0,20,0,8,67,0,75,0,10,85,0,95,34,0,34,129
11/28/2022,SNS,CA,AWP,WE,Federal Contract Tower,0,0,13,0,13,0,6,19,4,29,0,6,32,4,42,4,0,4,46
11/29/2022,SNS,CA,AWP,WE,Federal Contract Tower,0,0,22,0,22,0,2,65,2,69,0,2,87,2,91,130,0,130,221
11/30/2022,SNS,CA,AWP,WE,Federal Contract Tower,0,0,25,2,27,0,3,46,4,53,0,3,71,6,80,76,0,76,156
12/01/2022,SNS,CA,AWP,WE,Federal Contract Tower,0,0,13,0,13,0,0,12,2,14,0,0,25,2,27,0,0,0,27
12/02/2022,SNS,CA,AWP,WE,Federal Contract Tower,0,0,35,4,39,0,3,56,0,59,0,3,91,4,98,90,0,90,188
12/03/2022,SNS,CA,AWP,WE,Federal Contract Tower,0,0,2,2,4,0,0,0,0,0,0,0,2,2,4,0,0,0,4
12/04/2022,SNS,CA,AWP,WE,Federal Contract Tower,0,0,9,0,9,0,2,14,0,16,0,2,23,0,25,46,0,46,71
12/05/2022,SNS,CA,AWP,WE,Federal Contract Tower,0,0,9,0,9,0,2,26,3,31,0,2,35,3,40,96,0,96,136
12/06/2022,SNS,CA,AWP,WE,Federal Contract Tower,0,0,15,3,18,0,1,27,2,30,0,1,42,5,48,66,0,66,114
12/07/2022,SNS,CA,AWP,WE,Federal Contract Tower,0,0,45,3,48,0,4,77,6,87,0,4,122,9,135,106,0,106,241
12/08/2022,SNS,CA,AWP,WE,Federal Contract Tower,0,0,24,0,24,0,0,40,4,44,0,0,64,4,68,24,0,24,92
12/09/2022,SNS,CA,AWP,WE,Federal Contract Tower,0,0,35,5,40,0,0,26,1,27,0,0,61,6,67,0,44,44,111
12/10/2022,SNS,CA,AWP,WE,Federal Contract Tower,0,0,0,0,0,0,0,3,0,3,0,0,3,0,3,0,0,0,3
12/11/2022,SNS,CA,AWP,WE,Federal Contract Tower,0,0,8,0,8,0,0,44,5,49,0,0,52,5,57,36,0,36,93
12/12/2022,SNS,CA,AWP,WE,Federal Contract Tower,0,0,18,0,18,0,1,50,3,54,0,1,68,3,72,68,0,68,140
12/13/2022,SNS,CA,AWP,WE,Federal Contract Tower,0,4,16,6,26,0,4,73,3,80,0,8,89,9,106,60,0,60,166
12/14/2022,SNS,CA,AWP,WE,Federal Contract Tower,0,0,24,0,24,0,1,71,2,74,0,1,95,2,98,58,0,58,156
12/15/2022,SNS,CA,AWP,WE,Federal Contract Tower,0,0,32,1,33,0,4,65,3,72,0,4,97,4,105,70,0,70,175
12/16/2022,SNS,CA,AWP,WE,Federal Contract Tower,0,2,38,0,40,0,1,66,0,67,0,3,104,0,107,52,0,52,159
12/17/2022,SNS,CA,AWP,WE,Federal Contract Tower,0,0,17,0,17,0,4,67,0,71,0,4,84,0,88,50,0,50,138
12/18/2022,SNS,CA,AWP,WE,Federal Contract Tower,0,4,23,0,27,0,2,46,3,51,0,6,69,3,78,64,0,64,142
12/19/2022,SNS,CA,AWP,WE,Federal Contract Tower,0,0,18,4,22,0,3,55,0,58,0,3,73,4,80,90,0,90,170
12/20/2022,SNS,CA,AWP,WE,Federal Contract Tower,0,0,31,0,31,0,7,48,4,59,0,7,79,4,90,78,0,78,168
12/21/2022,SNS,CA,AWP,WE,Federal Contract Tower,0,1,31,2,34,0,3,60,0,63,0,4,91,2,97,84,0,84,181
12/22/2022,SNS,CA,AWP,WE,Federal Contract Tower,0,0,18,2,20,0,2,65,0,67,0,2,83,2,87,114,0,114,201
12/23/2022,SNS,CA,AWP,WE,Federal Contract Tower,0,1,38,0,39,0,1,71,0,72,0,2,109,0,111,58,0,58,169
12/24/2022,SNS,CA,AWP,WE,Federal Contract Tower,0,0,8,0,8,0,2,21,0,23,0,2,29,0,31,2,0,2,33
12/25/2022,SNS,CA,AWP,WE,Federal Contract Tower,0,0,4,0,4,0,5,6,0,11,0,5,10,0,15,20,0,20,35
12/26/2022,SNS,CA,AWP,WE,Federal Contract Tower,0,0,20,0,20,0,0,61,1,62,0,0,81,1,82,76,0,76,158
12/27/2022,SNS,CA,AWP,WE,Federal Contract Tower,0,0,7,0,7,0,0,2,0,2,0,0,9,0,9,10,0,10,19
12/28/2022,SNS,CA,AWP,WE,Federal Contract Tower,0,0,23,3,26,0,4,46,2,52,0,4,69,5,78,12,0,12,90
12/29/2022,SNS,CA,AWP,WE,Federal Contract Tower,0,0,19,2,21,0,2,2,0,4,0,2,21,2,25,16,0,16,41
12/30/2022,SNS,CA,AWP,WE,Federal Contract Tower,0,0,12,0,12,0,0,7,0,7,0,0,19,0,19,8,0,8,27
12/31/2022,SNS,CA,AWP,WE,Federal Contract Tower,0,0,3,0,3,0,0,2,0,2,0,0,5,0,5,12,0,12,17
01/01/2023,SNS,CA,AWP,WE,Federal Contract Tower,0,0,15,0,15,0,11,64,0,75,0,11,79,0,90,82,0,82,172
01/02/2023,SNS,CA,AWP,WE,Federal Contract Tower,0,0,8,0,8,0,2,14,0,16,0,2,22,0,24,18,0,18,42
01/03/2023,SNS,CA,AWP,WE,Federal Contract Tower,0,0,20,4,24,0,4,40,0,44,0,4,60,4,68,60,0,60,128
01/04/2023,SNS,CA,AWP,WE,Federal Contract Tower,0,0,4,0,4,0,0,0,2,2,0,0,4,2,6,0,0,0,6
01/05/2023,SNS,CA,AWP,WE,Federal Contract Tower,0,0,4,0,4,0,0,3,2,5,0,0,7,2,9,10,0,10,19
01/06/2023,SNS,CA,AWP,WE,Federal Contract Tower,0,0,14,0,14,0,2,58,1,61,0,2,72,1,75,88,0,88,163
01/07/2023,SNS,CA,AWP,WE,Federal Contract Tower,0,0,6,0,6,0,3,10,0,13,0,3,16,0,19,34,0,34,53
01/08/2023,SNS,CA,AWP,WE,Federal Contract Tower,0,0,27,0,27,0,6,24,0,30,0,6,51,0,57,24,0,24,81
01/09/2023,SNS,CA,AWP,WE,Federal Contract Tower,0,0,24,0,24,0,1,0,6,7,0,1,24,6,31,0,0,0,31
01/10/2023,SNS,CA,AWP,WE,Federal Contract Tower,0,0,3,0,3,0,4,2,8,14,0,4,5,8,17,0,0,0,17
01/11/2023,SNS,CA,AWP,WE,Federal Contract Tower,0,0,5,0,5,0,0,8,3,11,0,0,13,3,16,6,0,6,22
01/12/2023,SNS,CA,AWP,WE,Federal Contract Tower,0,0,36,0,36,0,6,67,1,74,0,6,103,1,110,64,0,64,174
01/13/2023,SNS,CA,AWP,WE,Federal Contract Tower,0,1,12,0,13,0,2,6,0,8,0,3,18,0,21,0,0,0,21
01/14/2023,SNS,CA,AWP,WE,Federal Contract Tower,0,1,0,0,1,0,0,1,0,1,0,1,1,0,2,0,0,0,2
01/15/2023,SNS,CA,AWP,WE,Federal Contract Tower,0,0,1,0,1,0,0,11,0,11,0,0,12,0,12,16,0,16,28
01/16/2023,SNS,CA,AWP,WE,Federal Contract Tower,0,0,11,0,11,0,2,5,0,7,0,2,16,0,18,0,0,0,18
01/17/2023,SNS,CA,AWP,WE,Federal Contract Tower,0,0,31,3,34,0,9,81,1,91,0,9,112,4,125,152,0,152,277
01/18/2023,SNS,CA,AWP,WE,Federal Contract Tower,0,0,9,0,9,0,1,42,2,45,0,1,51,2,54,64,0,64,118
01/19/2023,SNS,CA,AWP,WE,Federal Contract Tower,0,0,15,2,17,0,1,39,2,42,0,1,54,4,59,80,0,80,139
01/20/2023,SNS,CA,AWP,WE,Federal Contract Tower,0,0,15,1,16,0,0,88,3,91,0,0,103,4,107,72,2,74,181
01/21/2023,SNS,CA,AWP,WE,Federal Contract Tower,0,0,14,0,14,0,4,60,0,64,0,4,74,0,78,30,0,30,108
01/22/2023,SNS,CA,AWP,WE,Federal Contract Tower,0,0,23,0,23,0,4,53,0,57,0,4,76,0,80,92,0,92,172
01/23/2023,SNS,CA,AWP,WE,Federal Contract Tower,0,0,18,1,19,0,1,45,2,48,0,1,63,3,67,60,0,60,127
01/24/2023,SNS,CA,AWP,WE,Federal Contract Tower,0,0,13,1,14,0,4,47,3,54,0,4,60,4,68,66,0,66,134
01/25/2023,SNS,CA,AWP,WE,Federal Contract Tower,0,3,24,1,28,0,1,71,2,74,0,4,95,3,102,48,0,48,150
01/26/2023,SNS,CA,AWP,WE,Federal Contract Tower,0,0,28,0,28,0,6,78,4,88,0,6,106,4,116,102,0,102,218
01/27/2023,SNS,CA,AWP,WE,Federal Contract Tower,0,0,26,3,29,0,5,68,3,76,0,5,94,6,105,0,70,70,175
01/28/2023,SNS,CA,AWP,WE,Federal Contract Tower,0,0,6,2,8,0,0,57,0,57,0,0,63,2,65,72,0,72,137
01/29/2023,SNS,CA,AWP,WE,Federal Contract Tower,0,0,7,0,7,0,0,3,0,3,0,0,10,0,10,0,0,0,10
01/30/2023,SNS,CA,AWP,WE,Federal Contract Tower,0,2,46,0,48,0,6,43,2,51,0,8,89,2,99,110,0,110,209
01/31/2023,SNS,CA,AWP,WE,Federal Contract Tower,0,8,11,1,20,0,14,63,5,82,0,22,74,6,102,82,0,82,184
02/01/2023,SNS,CA,AWP,WE,Federal Contract Tower,0,3,17,0,20,0,2,57,3,62,0,5,74,3,82,50,0,50,132
02/02/2023,SNS,CA,AWP,WE,Federal Contract Tower,0,0,23,1,24,0,4,63,5,72,0,4,86,6,96,72,0,72,168
02/03/2023,SNS,CA,AWP,WE,Federal Contract Tower,0,1,15,6,22,0,2,33,2,37,0,3,48,8,59,18,0,18,77
02/04/2023,SNS,CA,AWP,WE,Federal Contract Tower,0,0,18,0,18,0,8,19,0,27,0,8,37,0,45,26,0,26,71
02/05/2023,SNS,CA,AWP,WE,Federal Contract Tower,0,0,6,3,9,0,5,3,1,9,0,5,9,4,18,0,0,0,18
02/06/2023,SNS,CA,AWP,WE,Federal Contract Tower,0,30,1,0,31,0,2,55,3,60,0,32,56,3,91,56,0,56,147
02/07/2023,SNS,CA,AWP,WE,Federal Contract Tower,0,0,21,0,21,0,5,46,2,53,0,5,67,2,74,100,0,100,174
02/08/2023,SNS,CA,AWP,WE,Federal Contract Tower,0,0,16,1,17,0,0,72,4,76,0,0,88,5,93,64,0,64,157
02/09/2023,SNS,CA,AWP,WE,Federal Contract Tower,0,0,10,0,10,0,2,45,2,49,0,2,55,2,59,70,0,70,129
02/10/2023,SNS,CA,AWP,WE,Federal Contract Tower,0,0,31,1,32,0,4,38,2,44,0,4,69,3,76,26,0,26,102
02/11/2023,SNS,CA,AWP,WE,Federal Contract Tower,0,0,2,0,2,0,0,7,0,7,0,0,9,0,9,0,0,0,9
02/12/2023,SNS,CA,AWP,WE,Federal Contract Tower,0,0,25,0,25,0,0,92,0,92,0,0,117,0,117,117,0,117,234
02/13/2023,SNS,CA,AWP,WE,Federal Contract Tower,0,1,25,3,29,0,1,9,1,11,0,2,34,4,40,29,0,29,69
02/14/2023,SNS,CA,AWP,WE,Federal Contract Tower,0,14,5,0,19,0,0,28,1,29,0,14,33,1,48,16,0,16,64
02/15/2023,SNS,CA,AWP,WE,Federal Contract Tower,0,2,16,0,18,0,0,69,0,69,0,2,85,0,87,70,0,70,157
02/16/2023,SNS,CA,AWP,WE,Federal Contract Tower,0,0,20,0,20,0,1,59,1,61,0,1,79,1,81,94,0,94,175
02/17/2023,SNS,CA,AWP,WE,Federal Contract Tower,0,0,19,0,19,0,0,55,0,55,0,0,74,0,74,64,0,64,138
02/18/2023,SNS,CA,AWP,WE,Federal Contract Tower,0,0,5,0,5,0,3,68,0,71,0,3,73,0,76,56,0,56,132
02/19/2023,SNS,CA,AWP,WE,Federal Contract Tower,0,0,11,0,11,0,0,75,0,75,0,0,86,0,86,56,0,56,142
02/20/2023,SNS,CA,AWP,WE,Federal Contract Tower,0,0,14,0,14,0,0,79,0,79,0,0,93,0,93,100,0,100,193
02/21/2023,SNS,CA,AWP,WE,Federal Contract Tower,0,0,15,2,17,0,0,9,0,9,0,0,24,2,26,6,0,6,32
02/22/2023,SNS,CA,AWP,WE,Federal Contract Tower,0,2,6,0,8,0,1,15,0,16,0,3,21,0,24,6,0,6,30
02/23/2023,SNS,CA,AWP,WE,Federal Contract Tower,0,0,5,0,5,0,0,13,0,13,0,0,18,0,18,34,0,34,52
02/24/2023,SNS,CA,AWP,WE,Federal Contract Tower,0,0,5,0,5,0,0,0,0,0,0,0,5,0,5,0,0,0,5
02/25/2023,SNS,CA,AWP,WE,Federal Contract Tower,0,0,7,0,7,0,0,30,0,30,0,0,37,0,37,40,0,40,77
02/26/2023,SNS,CA,AWP,WE,Federal Contract Tower,0,1,2,0,3,0,0,9,0,9,0,1,11,0,12,60,0,60,72
02/27/2023,SNS,CA,AWP,WE,Federal Contract Tower,0,1,8,0,9,0,0,10,0,10,0,1,18,0,19,8,0,8,27
02/28/2023,SNS,CA,AWP,WE,Federal Contract Tower,0,1,5,0,6,0,0,6,0,6,0,1,11,0,12,26,0,26,38
03/01/2023,SNS,CA,AWP,WE,Federal Contract Tower,0,4,18,7,29,0,0,65,0,65,0,4,83,7,94,100,0,100,194
03/02/2023,SNS,CA,AWP,WE,Federal Contract Tower,0,0,20,0,20,0,2,92,1,95,0,2,112,1,115,164,0,164,279
03/03/2023,SNS,CA,AWP,WE,Federal Contract Tower,0,0,30,2,32,0,2,58,1,61,0,2,88,3,93,44,0,44,137
03/04/2023,SNS,CA,AWP,WE,Federal Contract Tower,0,0,0,0,0,0,0,16,0,16,0,0,16,0,16,72,0,72,88
03/05/2023,SNS,CA,AWP,WE,Federal Contract Tower,0,0,4,0,4,0,2,7,0,9,0,2,11,0,13,12,0,12,25
03/06/2023,SNS,CA,AWP,WE,Federal Contract Tower,0,0,12,0,12,0,0,19,2,21,0,0,31,2,33,52,0,52,85
03/07/2023,SNS,CA,AWP,WE,Federal Contract Tower,0,1,16,0,17,0,0,52,2,54,0,1,68,2,71,34,0,34,105
03/08/2023,SNS,CA,AWP,WE,Federal Contract Tower,0,0,19,0,19,0,0,33,2,35,0,0,52,2,54,12,0,12,66
03/09/2023,SNS,CA,AWP,WE,Federal Contract Tower,0,0,11,0,11,0,0,21,2,23,0,0,32,2,34,8,0,8,42
03/10/2023,SNS,CA,AWP,WE,Federal Contract Tower,0,0,0,5,5,0,0,0,0,0,0,0,0,5,5,0,0,0,5
03/11/2023,SNS,CA,AWP,WE,Federal Contract Tower,0,1,10,0,11,0,0,7,0,7,0,1,17,0,18,12,0,12,30
03/12/2023,SNS,CA,AWP,WE,Federal Contract Tower,0,0,0,2,2,0,2,28,0,30,0,2,28,2,32,84,0,84,116
03/13/2023,SNS,CA,AWP,WE,Federal Contract Tower,0,0,9,0,9,0,10,34,3,47,0,10,43,3,56,45,16,61,117
03/14/2023,SNS,CA,AWP,WE,Federal Contract Tower,0,0,6,0,6,0,0,2,0,2,0,0,8,0,8,0,0,0,8
03/15/2023,SNS,CA,AWP,WE,Federal Contract Tower,0,0,25,3,28,0,3,71,8,82,0,3,96,11,110,114,0,114,224
03/16/2023,SNS,CA,AWP,WE,Federal Contract Tower,0,2,25,0,27,0,0,71,3,74,0,2,96,3,101,100,0,100,201
03/17/2023,SNS,CA,AWP,WE,Federal Contract Tower,0,0,29,0,29,0,0,36,0,36,0,0,65,0,65,78,0,78,143
03/18/2023,SNS,CA,AWP,WE,Federal Contract Tower,0,7,0,0,7,0,2,43,0,45,0,9,43,0,52,116,0,116,168
03/19/2023,SNS,CA,AWP,WE,Federal Contract Tower,0,0,2,0,2,0,0,2,0,2,0,0,4,0,4,8,0,8,12
03/20/2023,SNS,CA,AWP,WE,Federal Contract Tower,0,0,25,2,27,0,2,37,0,39,0,2,62,2,66,93,0,93,159
03/21/2023,SNS,CA,AWP,WE,Federal Contract Tower,0,0,5,0,5,0,0,0,2,2,0,0,5,2,7,0,0,0,7
03/22/2023,SNS,CA,AWP,WE,Federal Contract Tower,0,0,6,0,6,0,0,7,0,7,0,0,13,0,13,30,0,30,43
03/23/2023,SNS,CA,AWP,WE,Federal Contract Tower,0,0,18,0,18,0,2,34,4,40,0,2,52,4,58,36,8,44,102
03/24/2023,SNS,CA,AWP,WE,Federal Contract Tower,0,0,37,0,37,0,0,56,0,56,0,0,93,0,93,88,0,88,181
03/25/2023,SNS,CA,AWP,WE,Federal Contract Tower,0,0,14,0,14,0,2,65,0,67,0,2,79,0,81,38,0,38,119
03/26/2023,SNS,CA,AWP,WE,Federal Contract Tower,0,2,11,0,13,0,2,103,0,105,0,4,114,0,118,38,0,38,156
03/27/2023,SNS,CA,AWP,WE,Federal Contract Tower,0,2,14,2,18,0,2,63,2,67,0,4,77,4,85,100,0,100,185
03/28/2023,SNS,CA,AWP,WE,Federal Contract Tower,0,0,5,0,5,0,0,14,2,16,0,0,19,2,21,22,0,22,43
03/29/2023,SNS,CA,AWP,WE,Federal Contract Tower,0,0,8,0,8,0,1,8,2,11,0,1,16,2,19,0,0,0,19
03/30/2023,SNS,CA,AWP,WE,Federal Contract Tower,0,1,31,1,33,0,2,54,3,59,0,3,85,4,92,76,0,76,168
03/31/2023,SNS,CA,AWP,WE,Federal Contract Tower,0,0,30,2,32,0,1,80,0,81,0,1,110,2,113,74,0,74,187
04/01/2023,SNS,CA,AWP,WE,Federal Contract Tower,0,0,8,0,8,0,2,49,0,51,0,2,57,0,59,60,0,60,119
04/02/2023,SNS,CA,AWP,WE,Federal Contract Tower,0,0,5,0,5,0,1,34,2,37,0,1,39,2,42,36,0,36,78
04/03/2023,SNS,CA,AWP,WE,Federal Contract Tower,0,0,5,1,6,0,0,17,7,24,0,0,22,8,30,32,0,32,62
04/04/2023,SNS,CA,AWP,WE,Federal Contract Tower,0,0,25,4,29,0,0,71,5,76,0,0,96,9,105,120,0,120,225
04/05/2023,SNS,CA,AWP,WE,Federal Contract Tower,0,0,19,2,21,0,2,54,2,58,0,2,73,4,79,112,0,112,191
04/06/2023,SNS,CA,AWP,WE,Federal Contract Tower,0,0,18,8,26,0,3,69,5,77,0,3,87,13,103,142,8,150,253
04/07/2023,SNS,CA,AWP,WE,Federal Contract Tower,0,0,6,0,6,0,2,26,0,28,0,2,32,0,34,76,0,76,110
04/08/2023,SNS,CA,AWP,WE,Federal Contract Tower,0,0,24,2,26,0,0,18,0,18,0,0,42,2,44,6,0,6,50
04/09/2023,SNS,CA,AWP,WE,Federal Contract Tower,0,0,20,0,20,0,2,54,0,56,0,2,74,0,76,40,0,40,116
04/10/2023,SNS,CA,AWP,WE,Federal Contract Tower,0,1,16,0,17,0,5,48,0,53,0,6,64,0,70,68,0,68,138
04/11/2023,SNS,CA,AWP,WE,Federal Contract Tower,0,1,16,0,17,0,1,50,2,53,0,2,66,2,70,54,0,54,124
04/12/2023,SNS,CA,AWP,WE,Federal Contract Tower,0,0,8,1,9,0,3,38,2,43,0,3,46,3,52,8,10,18,70
04/13/2023,SNS,CA,AWP,WE,Federal Contract Tower,0,0,22,3,25,0,0,50,2,52,0,0,72,5,77,0,50,50,127
04/14/2023,SNS,CA,AWP,WE,Federal Contract Tower,0,0,12,0,12,0,0,38,16,54,0,0,50,16,66,130,0,130,196
04/15/2023,SNS,CA,AWP,WE,Federal Contract Tower,0,0,0,0,0,0,0,0,0,0,0,0,0,0,0,0,0,0,0
04/16/2023,SNS,CA,AWP,WE,Federal Contract Tower,0,0,43,2,45,0,1,54,0,55,0,1,97,2,100,26,0,26,126
04/17/2023,SNS,CA,AWP,WE,Federal Contract Tower,0,0,38,0,38,0,0,67,0,67,0,0,105,0,105,96,0,96,201
04/18/2023,SNS,CA,AWP,WE,Federal Contract Tower,0,2,41,2,45,0,1,63,2,66,0,3,104,4,111,40,0,40,151
04/19/2023,SNS,CA,AWP,WE,Federal Contract Tower,0,1,34,4,39,0,2,67,4,73,0,3,101,8,112,92,0,92,204
04/20/2023,SNS,CA,AWP,WE,Federal Contract Tower,0,2,16,0,18,0,1,76,2,79,0,3,92,2,97,174,6,180,277
04/21/2023,SNS,CA,AWP,WE,Federal Contract Tower,0,0,21,0,21,0,2,57,3,62,0,2,78,3,83,46,0,46,129
04/22/2023,SNS,CA,AWP,WE,Federal Contract Tower,0,0,0,0,0,0,0,0,0,0,0,0,0,0,0,0,0,0,0
04/23/2023,SNS,CA,AWP,WE,Federal Contract Tower,0,0,0,0,0,0,3,11,0,14,0,3,11,0,14,0,0,0,14
04/24/2023,SNS,CA,AWP,WE,Federal Contract Tower,0,1,42,0,43,0,0,35,1,36,0,1,77,1,79,40,0,40,119
04/25/2023,SNS,CA,AWP,WE,Federal Contract Tower,0,0,33,0,33,0,0,35,1,36,0,0,68,1,69,58,0,58,127
04/26/2023,SNS,CA,AWP,WE,Federal Contract Tower,0,0,27,0,27,0,2,38,0,40,0,2,65,0,67,66,0,66,133
04/27/2023,SNS,CA,AWP,WE,Federal Contract Tower,0,0,37,0,37,0,1,69,0,70,0,1,106,0,107,100,24,124,231
04/28/2023,SNS,CA,AWP,WE,Federal Contract Tower,0,0,31,0,31,0,1,47,2,50,0,1,78,2,81,38,0,38,119
04/29/2023,SNS,CA,AWP,WE,Federal Contract Tower,0,0,0,0,0,0,0,0,0,0,0,0,0,0,0,0,0,0,0
04/30/2023,SNS,CA,AWP,WE,Federal Contract Tower,0,0,32,0,32,0,0,21,0,21,0,0,53,0,53,0,0,0,53
05/01/2023,SNS,CA,AWP,WE,Federal Contract Tower,0,0,14,1,15,0,1,19,0,20,0,1,33,1,35,84,0,84,119
05/02/2023,SNS,CA,AWP,WE,Federal Contract Tower,0,1,9,0,10,0,0,24,4,28,0,1,33,4,38,18,0,18,56
05/03/2023,SNS,CA,AWP,WE,Federal Contract Tower,0,0,11,0,11,0,0,21,3,24,0,0,32,3,35,24,0,24,59
05/04/2023,SNS,CA,AWP,WE,Federal Contract Tower,0,0,8,0,8,0,0,41,1,42,0,0,49,1,50,62,0,62,112
05/05/2023,SNS,CA,AWP,WE,Federal Contract Tower,0,0,21,2,23,0,4,39,3,46,0,4,60,5,69,48,0,48,117
05/06/2023,SNS,CA,AWP,WE,Federal Contract Tower,0,0,0,0,0,0,0,0,0,0,0,0,0,0,0,0,0,0,0
05/07/2023,SNS,CA,AWP,WE,Federal Contract Tower,0,0,26,0,26,0,5,76,0,81,0,5,102,0,107,118,0,118,225
05/08/2023,SNS,CA,AWP,WE,Federal Contract Tower,0,0,33,0,33,0,0,74,4,78,0,0,107,4,111,68,0,68,179
05/09/2023,SNS,CA,AWP,WE,Federal Contract Tower,0,0,17,0,17,0,0,62,7,69,0,0,79,7,86,64,0,64,150
05/10/2023,SNS,CA,AWP,WE,Federal Contract Tower,0,0,38,0,38,0,0,53,2,55,0,0,91,2,93,76,0,76,169
05/11/2023,SNS,CA,AWP,WE,Federal Contract Tower,0,2,39,0,41,0,2,67,1,70,0,4,106,1,111,74,0,74,185
05/12/2023,SNS,CA,AWP,WE,Federal Contract Tower,0,0,22,2,24,0,0,49,1,50,0,0,71,3,74,50,0,50,124
05/13/2023,SNS,CA,AWP,WE,Federal Contract Tower,0,0,0,0,0,0,0,0,0,0,0,0,0,0,0,0,0,0,0
05/14/2023,SNS,CA,AWP,WE,Federal Contract Tower,0,4,45,0,49,0,0,31,0,31,0,4,76,0,80,62,0,62,142
05/15/2023,SNS,CA,AWP,WE,Federal Contract Tower,0,0,26,2,28,0,0,45,2,47,0,0,71,4,75,0,0,0,75
05/16/2023,SNS,CA,AWP,WE,Federal Contract Tower,0,1,24,4,29,0,2,53,2,57,0,3,77,6,86,36,0,36,122
05/17/2023,SNS,CA,AWP,WE,Federal Contract Tower,0,4,41,2,47,0,0,55,0,55,0,4,96,2,102,68,0,68,170
05/18/2023,SNS,CA,AWP,WE,Federal Contract Tower,0,2,37,5,44,0,2,49,1,52,0,4,86,6,96,78,0,78,174
05/19/2023,SNS,CA,AWP,WE,Federal Contract Tower,0,2,56,1,59,0,4,47,2,53,0,6,103,3,112,32,0,32,144
05/20/2023,SNS,CA,AWP,WE,Federal Contract Tower,0,0,0,0,0,0,0,0,0,0,0,0,0,0,0,0,0,0,0
05/21/2023,SNS,CA,AWP,WE,Federal Contract Tower,0,0,39,0,39,0,2,44,4,50,0,2,83,4,89,58,0,58,147
05/22/2023,SNS,CA,AWP,WE,Federal Contract Tower,0,0,39,0,39,0,0,45,1,46,0,0,84,1,85,86,0,86,171
05/23/2023,SNS,CA,AWP,WE,Federal Contract Tower,0,4,32,1,37,0,0,41,2,43,0,4,73,3,80,66,0,66,146
05/24/2023,SNS,CA,AWP,WE,Federal Contract Tower,0,2,17,3,22,0,2,41,0,43,0,4,58,3,65,150,0,150,215
05/25/2023,SNS,CA,AWP,WE,Federal Contract Tower,0,0,35,2,37,0,0,38,1,39,0,0,73,3,76,62,0,62,138
05/28/2023,SNS,CA,AWP,WE,Federal Contract Tower,0,1,9,0,10,0,0,20,0,20,0,1,29,0,30,70,0,70,100
05/29/2023,SNS,CA,AWP,WE,Federal Contract Tower,0,6,26,0,32,0,5,34,0,39,0,11,60,0,71,96,0,96,167
05/30/2023,SNS,CA,AWP,WE,Federal Contract Tower,0,1,22,2,25,0,0,39,1,40,0,1,61,3,65,64,0,64,129
05/31/2023,SNS,CA,AWP,WE,Federal Contract Tower,0,0,23,2,25,0,1,37,1,39,0,1,60,3,64,104,0,104,168
06/01/2023,SNS,CA,AWP,WE,Federal Contract Tower,0,0,28,2,30,0,1,40,3,44,0,1,68,5,74,100,14,114,188
06/02/2023,SNS,CA,AWP,WE,Federal Contract Tower,0,0,19,2,21,0,2,51,1,54,0,2,70,3,75,128,0,128,203
06/03/2023,SNS,CA,AWP,WE,Federal Contract Tower,0,0,0,0,0,0,0,0,0,0,0,0,0,0,0,0,0,0,0
06/04/2023,SNS,CA,AWP,WE,Federal Contract Tower,0,1,30,0,31,0,5,26,0,31,0,6,56,0,62,136,0,136,198
06/05/2023,SNS,CA,AWP,WE,Federal Contract Tower,0,5,29,0,34,0,0,64,4,68,0,5,93,4,102,68,0,68,170
06/06/2023,SNS,CA,AWP,WE,Federal Contract Tower,0,0,11,2,13,0,0,26,2,28,0,0,37,4,41,70,0,70,111
06/07/2023,SNS,CA,AWP,WE,Federal Contract Tower,0,1,14,2,17,0,4,42,1,47,0,5,56,3,64,138,0,138,202
06/08/2023,SNS,CA,AWP,WE,Federal Contract Tower,0,0,30,0,30,0,8,97,5,110,0,8,127,5,140,248,0,248,388
06/09/2023,SNS,CA,AWP,WE,Federal Contract Tower,0,3,13,0,16,0,5,34,0,39,0,8,47,0,55,38,0,38,93
06/10/2023,SNS,CA,AWP,WE,Federal Contract Tower,0,0,6,0,6,0,15,37,0,52,0,15,43,0,58,0,0,0,58
06/11/2023,SNS,CA,AWP,WE,Federal Contract Tower,0,1,23,4,28,0,8,37,2,47,0,9,60,6,75,54,0,54,129
06/12/2023,SNS,CA,AWP,WE,Federal Contract Tower,0,0,17,0,17,0,4,24,2,30,0,4,41,2,47,70,0,70,117
06/13/2023,SNS,CA,AWP,WE,Federal Contract Tower,0,3,27,0,30,0,2,30,2,34,0,5,57,2,64,58,0,58,122
06/14/2023,SNS,CA,AWP,WE,Federal Contract Tower,0,0,49,0,49,0,0,57,2,59,0,0,106,2,108,108,0,108,216
06/15/2023,SNS,CA,AWP,WE,Federal Contract Tower,0,3,32,0,35,0,2,55,2,59,0,5,87,2,94,38,0,38,132
06/16/2023,SNS,CA,AWP,WE,Federal Contract Tower,0,2,32,1,35,0,1,42,0,43,0,3,74,1,78,96,0,96,174
06/17/2023,SNS,CA,AWP,WE,Federal Contract Tower,0,0,29,0,29,0,0,31,0,31,0,0,60,0,60,42,0,42,102
06/18/2023,SNS,CA,AWP,WE,Federal Contract Tower,0,0,20,2,22,0,7,82,0,89,0,7,102,2,111,58,0,58,169
06/19/2023,SNS,CA,AWP,WE,Federal Contract Tower,0,1,11,1,13,0,4,35,0,39,0,5,46,1,52,40,0,40,92
06/20/2023,SNS,CA,AWP,WE,Federal Contract Tower,0,1,17,4,22,0,1,41,3,45,0,2,58,7,67,110,0,110,177
06/21/2023,SNS,CA,AWP,WE,Federal Contract Tower,0,1,7,0,8,0,4,54,2,60,0,5,61,2,68,86,0,86,154
06/22/2023,SNS,CA,AWP,WE,Federal Contract Tower,0,3,16,0,19,0,7,21,11,39,0,10,37,11,58,38,0,38,96
06/23/2023,SNS,CA,AWP,WE,Federal Contract Tower,0,0,30,0,30,0,2,42,1,45,0,2,72,1,75,38,0,38,113
06/24/2023,SNS,CA,AWP,WE,Federal Contract Tower,0,0,18,2,20,0,0,44,0,44,0,0,62,2,64,32,0,32,96
06/25/2023,SNS,CA,AWP,WE,Federal Contract Tower,0,0,18,0,18,0,0,54,0,54,0,0,72,0,72,100,0,100,172
06/26/2023,SNS,CA,AWP,WE,Federal Contract Tower,0,0,11,1,12,0,2,42,2,46,0,2,53,3,58,76,0,76,134
06/27/2023,SNS,CA,AWP,WE,Federal Contract Tower,0,1,13,1,15,0,3,30,1,34,0,4,43,2,49,44,0,44,93
06/28/2023,SNS,CA,AWP,WE,Federal Contract Tower,0,0,33,1,34,0,8,32,2,42,0,8,65,3,76,38,0,38,114
06/29/2023,SNS,CA,AWP,WE,Federal Contract Tower,0,1,42,1,44,0,4,61,7,72,0,5,103,8,116,88,0,88,204
06/30/2023,SNS,CA,AWP,WE,Federal Contract Tower,0,0,44,0,44,0,1,51,0,52,0,1,95,0,96,76,0,76,172
07/01/2023,SNS,CA,AWP,WE,Federal Contract Tower,0,0,12,0,12,0,3,42,0,45,0,3,54,0,57,60,0,60,117
07/02/2023,SNS,CA,AWP,WE,Federal Contract Tower,0,0,20,0,20,0,1,51,0,52,0,1,71,0,72,82,0,82,154
07/03/2023,SNS,CA,AWP,WE,Federal Contract Tower,0,3,15,0,18,0,0,48,0,48,0,3,63,0,66,90,0,90,156
07/04/2023,SNS,CA,AWP,WE,Federal Contract Tower,0,2,14,0,16,0,4,37,0,41,0,6,51,0,57,84,0,84,141
07/05/2023,SNS,CA,AWP,WE,Federal Contract Tower,0,7,32,0,39,0,2,34,2,38,0,9,66,2,77,60,0,60,137
07/06/2023,SNS,CA,AWP,WE,Federal Contract Tower,0,4,24,2,30,0,0,41,0,41,0,4,65,2,71,114,0,114,185
07/07/2023,SNS,CA,AWP,WE,Federal Contract Tower,0,1,43,0,44,0,2,38,2,42,0,3,81,2,86,54,0,54,140
07/08/2023,SNS,CA,AWP,WE,Federal Contract Tower,0,0,10,0,10,0,0,35,0,35,0,0,45,0,45,34,0,34,79
07/09/2023,SNS,CA,AWP,WE,Federal Contract Tower,0,3,12,0,15,0,6,62,0,68,0,9,74,0,83,70,0,70,153
07/10/2023,SNS,CA,AWP,WE,Federal Contract Tower,0,0,15,2,17,0,0,56,3,59,0,0,71,5,76,92,0,92,168
07/11/2023,SNS,CA,AWP,WE,Federal Contract Tower,0,5,19,0,24,0,10,52,1,63,0,15,71,1,87,60,0,60,147
07/12/2023,SNS,CA,AWP,WE,Federal Contract Tower,0,0,40,0,40,0,3,55,2,60,0,3,95,2,100,86,0,86,186
07/13/2023,SNS,CA,AWP,WE,Federal Contract Tower,0,3,31,3,37,0,4,65,2,71,0,7,96,5,108,108,0,108,216
07/14/2023,SNS,CA,AWP,WE,Federal Contract Tower,0,2,37,0,39,0,5,55,0,60,0,7,92,0,99,90,0,90,189
07/15/2023,SNS,CA,AWP,WE,Federal Contract Tower,0,4,15,0,19,0,0,42,0,42,0,4,57,0,61,92,0,92,153
07/16/2023,SNS,CA,AWP,WE,Federal Contract Tower,0,0,11,0,11,0,2,68,0,70,0,2,79,0,81,142,0,142,223
07/17/2023,SNS,CA,AWP,WE,Federal Contract Tower,0,0,37,0,37,0,5,54,0,59,0,5,91,0,96,62,0,62,158
07/18/2023,SNS,CA,AWP,WE,Federal Contract Tower,0,1,39,7,47,0,12,74,6,92,0,13,113,13,139,98,0,98,237
07/19/2023,SNS,CA,AWP,WE,Federal Contract Tower,0,2,30,0,32,0,0,52,0,52,0,2,82,0,84,44,0,44,128
07/20/2023,SNS,CA,AWP,WE,Federal Contract Tower,0,5,53,4,62,0,2,62,1,65,0,7,115,5,127,78,8,86,213
07/21/2023,SNS,CA,AWP,WE,Federal Contract Tower,0,1,38,0,39,0,6,57,0,63,0,7,95,0,102,60,0,60,162
07/22/2023,SNS,CA,AWP,WE,Federal Contract Tower,0,0,19,3,22,0,0,59,0,59,0,0,78,3,81,70,0,70,151
07/23/2023,SNS,CA,AWP,WE,Federal Contract Tower,0,0,27,1,28,0,5,75,0,80,0,5,102,1,108,38,0,38,146
07/24/2023,SNS,CA,AWP,WE,Federal Contract Tower,0,0,41,4,45,0,6,50,3,59,0,6,91,7,104,76,0,76,180
07/25/2023,SNS,CA,AWP,WE,Federal Contract Tower,0,0,11,1,12,0,9,62,3,74,0,9,73,4,86,38,0,38,124
07/26/2023,SNS,CA,AWP,WE,Federal Contract Tower,0,0,4,2,6,0,0,47,0,47,0,0,51,2,53,82,0,82,135
07/27/2023,SNS,CA,AWP,WE,Federal Contract Tower,0,3,34,4,41,0,2,44,4,50,0,5,78,8,91,58,24,82,173
07/28/2023,SNS,CA,AWP,WE,Federal Contract Tower,0,2,29,0,31,0,4,58,0,62,0,6,87,0,93,76,0,76,169
07/29/2023,SNS,CA,AWP,WE,Federal Contract Tower,0,6,15,0,21,0,0,39,0,39,0,6,54,0,60,34,0,34,94
07/30/2023,SNS,CA,AWP,WE,Federal Contract Tower,0,4,20,0,24,0,0,64,0,64,0,4,84,0,88,72,0,72,160
07/31/2023,SNS,CA,AWP,WE,Federal Contract Tower,0,0,18,0,18,0,7,53,5,65,0,7,71,5,83,112,0,112,195
08/01/2023,SNS,CA,AWP,WE,Federal Contract Tower,0,2,33,2,37,0,0,50,1,51,0,2,83,3,88,42,0,42,130
08/02/2023,SNS,CA,AWP,WE,Federal Contract Tower,0,0,28,0,28,0,3,34,2,39,0,3,62,2,67,62,0,62,129
08/03/2023,SNS,CA,AWP,WE,Federal Contract Tower,0,0,10,2,12,0,1,47,2,50,0,1,57,4,62,48,0,48,110
08/04/2023,SNS,CA,AWP,WE,Federal Contract Tower,0,2,35,1,38,0,2,36,1,39,0,4,71,2,77,14,0,14,91
08/05/2023,SNS,CA,AWP,WE,Federal Contract Tower,0,0,20,0,20,0,0,31,0,31,0,0,51,0,51,82,0,82,133
08/06/2023,SNS,CA,AWP,WE,Federal Contract Tower,0,1,34,0,35,0,16,77,0,93,0,17,111,0,128,106,0,106,234
08/07/2023,SNS,CA,AWP,WE,Federal Contract Tower,0,0,19,3,22,0,9,65,13,87,0,9,84,16,109,48,0,48,157
08/08/2023,SNS,CA,AWP,WE,Federal Contract Tower,0,4,30,0,34,0,11,54,2,67,0,15,84,2,101,104,0,104,205
08/09/2023,SNS,CA,AWP,WE,Federal Contract Tower,0,1,34,3,38,0,4,50,2,56,0,5,84,5,94,90,0,90,184
08/10/2023,SNS,CA,AWP,WE,Federal Contract Tower,0,0,29,2,31,0,4,72,0,76,0,4,101,2,107,122,0,122,229
08/11/2023,SNS,CA,AWP,WE,Federal Contract Tower,0,4,38,0,42,0,0,44,2,46,0,4,82,2,88,84,0,84,172
08/12/2023,SNS,CA,AWP,WE,Federal Contract Tower,0,1,15,0,16,0,1,28,0,29,0,2,43,0,45,78,0,78,123
08/13/2023,SNS,CA,AWP,WE,Federal Contract Tower,0,0,14,0,14,0,0,56,0,56,0,0,70,0,70,144,0,144,214
08/14/2023,SNS,CA,AWP,WE,Federal Contract Tower,0,0,35,0,35,0,2,43,2,47,0,2,78,2,82,88,0,88,170
08/15/2023,SNS,CA,AWP,WE,Federal Contract Tower,0,1,34,2,37,0,2,67,1,70,0,3,101,3,107,132,0,132,239
08/16/2023,SNS,CA,AWP,WE,Federal Contract Tower,0,6,42,8,56,0,4,73,6,83,0,10,115,14,139,68,0,68,207
08/17/2023,SNS,CA,AWP,WE,Federal Contract Tower,0,3,56,3,62,0,7,52,1,60,0,10,108,4,122,48,0,48,170
08/18/2023,SNS,CA,AWP,WE,Federal Contract Tower,0,3,56,6,65,0,4,57,3,64,0,7,113,9,129,98,0,98,227
08/19/2023,SNS,CA,AWP,WE,Federal Contract Tower,0,1,31,0,32,0,7,62,0,69,0,8,93,0,101,60,0,60,161
08/20/2023,SNS,CA,AWP,WE,Federal Contract Tower,0,1,22,0,23,0,4,33,0,37,0,5,55,0,60,92,0,92,152
08/21/2023,SNS,CA,AWP,WE,Federal Contract Tower,0,3,36,0,39,0,2,31,1,34,0,5,67,1,73,94,0,94,167
08/22/2023,SNS,CA,AWP,WE,Federal Contract Tower,0,1,31,1,33,0,0,78,7,85,0,1,109,8,118,94,12,106,224
08/23/2023,SNS,CA,AWP,WE,Federal Contract Tower,0,1,19,2,22,0,10,79,5,94,0,11,98,7,116,68,0,68,184
08/24/2023,SNS,CA,AWP,WE,Federal Contract Tower,0,0,40,1,41,0,4,28,1,33,0,4,68,2,74,0,0,0,74
08/25/2023,SNS,CA,AWP,WE,Federal Contract Tower,0,0,13,0,13,0,0,42,0,42,0,0,55,0,55,16,0,16,71
08/26/2023,SNS,CA,AWP,WE,Federal Contract Tower,0,4,26,0,30,0,0,14,0,14,0,4,40,0,44,0,0,0,44
08/27/2023,SNS,CA,AWP,WE,Federal Contract Tower,0,2,32,0,34,0,5,37,0,42,0,7,69,0,76,46,0,46,122
08/28/2023,SNS,CA,AWP,WE,Federal Contract Tower,0,0,31,3,34,0,0,52,1,53,0,0,83,4,87,106,0,106,193
08/29/2023,SNS,CA,AWP,WE,Federal Contract Tower,0,0,44,2,46,0,1,46,2,49,0,1,90,4,95,38,0,38,133
08/30/2023,SNS,CA,AWP,WE,Federal Contract Tower,0,3,15,3,21,0,12,52,1,65,0,15,67,4,86,118,0,118,204
08/31/2023,SNS,CA,AWP,WE,Federal Contract Tower,0,5,41,7,53,0,3,31,1,35,0,8,72,8,88,16,12,28,116
01/01/2020,SNS,CA,AWP,WE,Federal Contract Tower,0,0,11,0,11,0,0,56,0,56,0,0,67,0,67,42,0,42,109
01/02/2020,SNS,CA,AWP,WE,Federal Contract Tower,0,0,20,0,20,0,0,87,0,87,0,0,107,0,107,38,0,38,145
01/03/2020,SNS,CA,AWP,WE,Federal Contract Tower,0,0,35,0,35,0,5,79,0,84,0,5,114,0,119,78,0,78,197
01/04/2020,SNS,CA,AWP,WE,Federal Contract Tower,0,0,31,0,31,0,1,68,0,69,0,1,99,0,100,96,0,96,196
01/05/2020,SNS,CA,AWP,WE,Federal Contract Tower,0,0,19,0,19,0,4,88,0,92,0,4,107,0,111,82,0,82,193
01/06/2020,SNS,CA,AWP,WE,Federal Contract Tower,0,1,18,0,19,0,0,73,0,73,0,1,91,0,92,86,0,86,178
01/07/2020,SNS,CA,AWP,WE,Federal Contract Tower,0,0,18,0,18,0,3,57,0,60,0,3,75,0,78,24,0,24,102
01/08/2020,SNS,CA,AWP,WE,Federal Contract Tower,0,0,21,0,21,0,2,53,3,58,0,2,74,3,79,46,0,46,125
01/09/2020,SNS,CA,AWP,WE,Federal Contract Tower,0,0,13,0,13,0,0,45,0,45,0,0,58,0,58,10,0,10,68
01/10/2020,SNS,CA,AWP,WE,Federal Contract Tower,0,0,31,0,31,0,2,53,2,57,0,2,84,2,88,60,0,60,148
01/11/2020,SNS,CA,AWP,WE,Federal Contract Tower,0,0,18,0,18,0,3,36,0,39,0,3,54,0,57,62,0,62,119
01/12/2020,SNS,CA,AWP,WE,Federal Contract Tower,0,0,32,0,32,0,0,62,0,62,0,0,94,0,94,68,0,68,162
01/13/2020,SNS,CA,AWP,WE,Federal Contract Tower,0,0,29,0,29,0,0,92,0,92,0,0,121,0,121,64,0,64,185
01/14/2020,SNS,CA,AWP,WE,Federal Contract Tower,0,3,31,0,34,0,2,62,2,66,0,5,93,2,100,50,0,50,150
01/15/2020,SNS,CA,AWP,WE,Federal Contract Tower,0,2,34,0,36,0,1,55,1,57,0,3,89,1,93,90,0,90,183
01/16/2020,SNS,CA,AWP,WE,Federal Contract Tower,0,0,16,0,16,0,0,52,0,52,0,0,68,0,68,0,0,0,68
01/17/2020,SNS,CA,AWP,WE,Federal Contract Tower,0,0,43,0,43,0,0,77,0,77,0,0,120,0,120,52,0,52,172
01/18/2020,SNS,CA,AWP,WE,Federal Contract Tower,0,0,35,0,35,0,2,81,0,83,0,2,116,0,118,124,0,124,242
01/19/2020,SNS,CA,AWP,WE,Federal Contract Tower,0,0,31,0,31,0,0,58,0,58,0,0,89,0,89,88,0,88,177
01/20/2020,SNS,CA,AWP,WE,Federal Contract Tower,0,0,12,0,12,0,0,53,0,53,0,0,65,0,65,26,0,26,91
01/21/2020,SNS,CA,AWP,WE,Federal Contract Tower,0,2,54,0,56,0,3,74,1,78,0,5,128,1,134,20,0,20,154
01/22/2020,SNS,CA,AWP,WE,Federal Contract Tower,0,0,16,0,16,0,0,118,0,118,0,0,134,0,134,28,0,28,162
01/23/2020,SNS,CA,AWP,WE,Federal Contract Tower,0,2,63,0,65,0,2,78,2,82,0,4,141,2,147,56,0,56,203
01/24/2020,SNS,CA,AWP,WE,Federal Contract Tower,0,0,38,0,38,0,5,71,2,78,0,5,109,2,116,76,0,76,192
01/25/2020,SNS,CA,AWP,WE,Federal Contract Tower,0,2,52,0,54,0,3,57,0,60,0,5,109,0,114,50,0,50,164
01/26/2020,SNS,CA,AWP,WE,Federal Contract Tower,0,0,7,0,7,0,5,4,0,9,0,5,11,0,16,8,0,8,24
01/27/2020,SNS,CA,AWP,WE,Federal Contract Tower,0,3,47,0,50,0,4,85,2,91,0,7,132,2,141,74,0,74,215
01/28/2020,SNS,CA,AWP,WE,Federal Contract Tower,0,0,12,0,12,0,0,52,0,52,0,0,64,0,64,58,0,58,122
01/29/2020,SNS,CA,AWP,WE,Federal Contract Tower,0,0,13,0,13,0,0,75,0,75,0,0,88,0,88,96,0,96,184
01/30/2020,SNS,CA,AWP,WE,Federal Contract Tower,0,0,18,0,18,0,0,70,0,70,0,0,88,0,88,74,0,74,162
01/31/2020,SNS,CA,AWP,WE,Federal Contract Tower,0,0,33,0,33,0,5,90,4,99,0,5,123,4,132,92,30,122,254
02/01/2020,SNS,CA,AWP,WE,Federal Contract Tower,0,1,30,0,31,0,9,86,0,95,0,10,116,0,126,96,0,96,222
02/02/2020,SNS,CA,AWP,WE,Federal Contract Tower,0,0,15,0,15,0,0,74,0,74,0,0,89,0,89,10,0,10,99
02/03/2020,SNS,CA,AWP,WE,Federal Contract Tower,0,0,49,0,49,0,5,72,0,77,0,5,121,0,126,46,0,46,172
02/04/2020,SNS,CA,AWP,WE,Federal Contract Tower,0,8,68,3,79,0,5,85,2,92,0,13,153,5,171,70,0,70,241
02/05/2020,SNS,CA,AWP,WE,Federal Contract Tower,0,7,26,2,35,0,3,67,2,72,0,10,93,4,107,70,0,70,177
02/06/2020,SNS,CA,AWP,WE,Federal Contract Tower,0,6,69,0,75,0,3,69,2,74,0,9,138,2,149,48,0,48,197
02/07/2020,SNS,CA,AWP,WE,Federal Contract Tower,0,3,23,0,26,0,1,69,0,70,0,4,92,0,96,94,0,94,190
02/08/2020,SNS,CA,AWP,WE,Federal Contract Tower,0,0,44,0,44,0,4,71,0,75,0,4,115,0,119,60,0,60,179
02/09/2020,SNS,CA,AWP,WE,Federal Contract Tower,0,0,22,0,22,0,6,60,4,70,0,6,82,4,92,58,0,58,150
02/10/2020,SNS,CA,AWP,WE,Federal Contract Tower,0,0,31,0,31,0,3,72,1,76,0,3,103,1,107,84,0,84,191
02/11/2020,SNS,CA,AWP,WE,Federal Contract Tower,0,1,26,0,27,0,12,73,0,85,0,13,99,0,112,93,0,93,205
02/12/2020,SNS,CA,AWP,WE,Federal Contract Tower,0,3,49,0,52,0,4,111,2,117,0,7,160,2,169,98,0,98,267
02/13/2020,SNS,CA,AWP,WE,Federal Contract Tower,0,6,70,0,76,0,4,71,6,81,0,10,141,6,157,46,0,46,203
02/14/2020,SNS,CA,AWP,WE,Federal Contract Tower,0,0,50,0,50,0,2,59,2,63,0,2,109,2,113,72,0,72,185
02/15/2020,SNS,CA,AWP,WE,Federal Contract Tower,0,0,64,0,64,0,4,96,0,100,0,4,160,0,164,114,0,114,278
02/16/2020,SNS,CA,AWP,WE,Federal Contract Tower,0,2,61,0,63,0,0,78,0,78,0,2,139,0,141,42,0,42,183
02/17/2020,SNS,CA,AWP,WE,Federal Contract Tower,0,3,41,0,44,0,2,71,0,73,0,5,112,0,117,74,0,74,191
02/18/2020,SNS,CA,AWP,WE,Federal Contract Tower,0,4,61,1,66,0,3,70,2,75,0,7,131,3,141,60,0,60,201
02/19/2020,SNS,CA,AWP,WE,Federal Contract Tower,0,2,64,0,66,0,2,83,2,87,0,4,147,2,153,82,0,82,235
02/20/2020,SNS,CA,AWP,WE,Federal Contract Tower,0,2,53,0,55,0,7,66,0,73,0,9,119,0,128,82,0,82,210
02/21/2020,SNS,CA,AWP,WE,Federal Contract Tower,0,2,34,0,36,0,3,67,2,72,0,5,101,2,108,82,0,82,190
02/22/2020,SNS,CA,AWP,WE,Federal Contract Tower,0,0,55,0,55,0,0,8,0,8,0,0,63,0,63,8,0,8,71
02/23/2020,SNS,CA,AWP,WE,Federal Contract Tower,0,0,56,0,56,0,7,40,0,47,0,7,96,0,103,40,0,40,143
02/24/2020,SNS,CA,AWP,WE,Federal Contract Tower,0,0,58,4,62,0,0,62,0,62,0,0,120,4,124,64,2,66,190
02/25/2020,SNS,CA,AWP,WE,Federal Contract Tower,0,0,17,0,17,0,4,70,0,74,0,4,87,0,91,52,0,52,143
02/26/2020,SNS,CA,AWP,WE,Federal Contract Tower,0,0,45,0,45,0,6,93,0,99,0,6,138,0,144,102,0,102,246
02/27/2020,SNS,CA,AWP,WE,Federal Contract Tower,0,5,56,0,61,0,4,79,3,86,0,9,135,3,147,60,0,60,207
02/28/2020,SNS,CA,AWP,WE,Federal Contract Tower,0,5,63,2,70,0,1,69,2,72,0,6,132,4,142,44,0,44,186
02/29/2020,SNS,CA,AWP,WE,Federal Contract Tower,0,0,17,0,17,0,1,15,0,16,0,1,32,0,33,4,0,4,37
03/01/2020,SNS,CA,AWP,WE,Federal Contract Tower,0,3,27,0,30,0,4,59,0,63,0,7,86,0,93,72,0,72,165
03/02/2020,SNS,CA,AWP,WE,Federal Contract Tower,0,1,41,2,44,0,4,82,6,92,0,5,123,8,136,112,6,118,254
03/03/2020,SNS,CA,AWP,WE,Federal Contract Tower,0,0,45,0,45,0,5,73,0,78,0,5,118,0,123,78,0,78,201
03/04/2020,SNS,CA,AWP,WE,Federal Contract Tower,0,2,40,0,42,0,3,62,1,66,0,5,102,1,108,26,0,26,134
03/05/2020,SNS,CA,AWP,WE,Federal Contract Tower,0,1,47,0,48,0,2,65,2,69,0,3,112,2,117,64,0,64,181
03/06/2020,SNS,CA,AWP,WE,Federal Contract Tower,0,0,21,0,21,0,0,63,0,63,0,0,84,0,84,64,0,64,148
03/07/2020,SNS,CA,AWP,WE,Federal Contract Tower,0,0,5,0,5,0,0,9,0,9,0,0,14,0,14,24,0,24,38
03/08/2020,SNS,CA,AWP,WE,Federal Contract Tower,0,0,62,0,62,0,3,82,0,85,0,3,144,0,147,56,0,56,203
03/09/2020,SNS,CA,AWP,WE,Federal Contract Tower,0,0,56,0,56,0,6,56,0,62,0,6,112,0,118,88,0,88,206
03/10/2020,SNS,CA,AWP,WE,Federal Contract Tower,0,2,66,3,71,0,2,76,1,79,0,4,142,4,150,52,0,52,202
03/11/2020,SNS,CA,AWP,WE,Federal Contract Tower,0,2,45,0,47,0,2,69,1,72,0,4,114,1,119,50,0,50,169
03/12/2020,SNS,CA,AWP,WE,Federal Contract Tower,0,3,56,0,59,0,2,61,4,67,0,5,117,4,126,54,0,54,180
03/13/2020,SNS,CA,AWP,WE,Federal Contract Tower,0,0,57,0,57,0,3,66,2,71,0,3,123,2,128,70,0,70,198
03/14/2020,SNS,CA,AWP,WE,Federal Contract Tower,0,0,3,0,3,0,0,11,0,11,0,0,14,0,14,6,0,6,20
03/15/2020,SNS,CA,AWP,WE,Federal Contract Tower,0,0,8,0,8,0,0,0,0,0,0,0,8,0,8,0,0,0,8
03/16/2020,SNS,CA,AWP,WE,Federal Contract Tower,0,0,14,0,14,0,2,6,0,8,0,2,20,0,22,10,0,10,32
03/17/2020,SNS,CA,AWP,WE,Federal Contract Tower,0,0,2,0,2,0,3,12,0,15,0,3,14,0,17,0,22,22,39
03/18/2020,SNS,CA,AWP,WE,Federal Contract Tower,0,0,11,0,11,0,5,9,2,16,0,5,20,2,27,18,0,18,45
03/19/2020,SNS,CA,AWP,WE,Federal Contract Tower,0,0,13,0,13,0,0,28,0,28,0,0,41,0,41,10,0,10,51
03/20/2020,SNS,CA,AWP,WE,Federal Contract Tower,0,0,23,0,23,0,3,30,2,35,0,3,53,2,58,30,10,40,98
03/21/2020,SNS,CA,AWP,WE,Federal Contract Tower,0,0,7,0,7,0,0,29,0,29,0,0,36,0,36,6,0,6,42
03/22/2020,SNS,CA,AWP,WE,Federal Contract Tower,0,2,3,0,5,0,1,13,0,14,0,3,16,0,19,10,0,10,29
03/23/2020,SNS,CA,AWP,WE,Federal Contract Tower,0,0,12,0,12,0,0,5,0,5,0,0,17,0,17,8,0,8,25
03/24/2020,SNS,CA,AWP,WE,Federal Contract Tower,0,0,4,0,4,0,0,2,0,2,0,0,6,0,6,8,0,8,14
03/25/2020,SNS,CA,AWP,WE,Federal Contract Tower,0,1,6,0,7,0,1,6,0,7,0,2,12,0,14,6,0,6,20
03/26/2020,SNS,CA,AWP,WE,Federal Contract Tower,0,0,18,0,18,0,0,24,5,29,0,0,42,5,47,18,0,18,65
03/27/2020,SNS,CA,AWP,WE,Federal Contract Tower,0,0,4,0,4,0,0,30,0,30,0,0,34,0,34,16,0,16,50
03/28/2020,SNS,CA,AWP,WE,Federal Contract Tower,0,0,4,0,4,0,3,9,0,12,0,3,13,0,16,20,0,20,36
03/29/2020,SNS,CA,AWP,WE,Federal Contract Tower,0,0,6,0,6,0,0,28,0,28,0,0,34,0,34,4,0,4,38
03/30/2020,SNS,CA,AWP,WE,Federal Contract Tower,0,0,44,0,44,0,1,68,2,71,0,1,112,2,115,42,0,42,157
03/31/2020,SNS,CA,AWP,WE,Federal Contract Tower,0,0,12,0,12,0,0,54,2,56,0,0,66,2,68,10,0,10,78
04/01/2020,SNS,CA,AWP,WE,Federal Contract Tower,0,0,35,0,35,0,2,54,2,58,0,2,89,2,93,52,0,52,145
04/02/2020,SNS,CA,AWP,WE,Federal Contract Tower,0,0,48,0,48,0,4,82,2,88,0,4,130,2,136,54,0,54,190
04/03/2020,SNS,CA,AWP,WE,Federal Contract Tower,0,0,25,0,25,0,0,64,0,64,0,0,89,0,89,44,0,44,133
04/04/2020,SNS,CA,AWP,WE,Federal Contract Tower,0,0,3,0,3,0,0,20,0,20,0,0,23,0,23,26,0,26,49
04/05/2020,SNS,CA,AWP,WE,Federal Contract Tower,0,0,5,0,5,0,0,7,0,7,0,0,12,0,12,0,0,0,12
04/06/2020,SNS,CA,AWP,WE,Federal Contract Tower,0,0,0,1,1,0,0,3,1,4,0,0,3,2,5,6,0,6,11
04/07/2020,SNS,CA,AWP,WE,Federal Contract Tower,0,1,11,1,13,0,0,16,3,19,0,1,27,4,32,36,0,36,68
04/08/2020,SNS,CA,AWP,WE,Federal Contract Tower,0,0,7,0,7,0,0,22,0,22,0,0,29,0,29,34,0,34,63
04/09/2020,SNS,CA,AWP,WE,Federal Contract Tower,0,0,20,0,20,0,5,17,0,22,0,5,37,0,42,30,0,30,72
04/10/2020,SNS,CA,AWP,WE,Federal Contract Tower,0,0,29,0,29,0,0,34,0,34,0,0,63,0,63,42,0,42,105
04/11/2020,SNS,CA,AWP,WE,Federal Contract Tower,0,0,7,0,7,0,0,32,0,32,0,0,39,0,39,8,0,8,47
04/12/2020,SNS,CA,AWP,WE,Federal Contract Tower,0,0,4,0,4,0,0,38,0,38,0,0,42,0,42,0,0,0,42
04/13/2020,SNS,CA,AWP,WE,Federal Contract Tower,0,0,24,0,24,0,0,63,3,66,0,0,87,3,90,48,10,58,148
04/14/2020,SNS,CA,AWP,WE,Federal Contract Tower,0,3,15,0,18,0,2,59,0,61,0,5,74,0,79,38,0,38,117
04/15/2020,SNS,CA,AWP,WE,Federal Contract Tower,0,0,33,0,33,0,3,74,1,78,0,3,107,1,111,64,0,64,175
04/16/2020,SNS,CA,AWP,WE,Federal Contract Tower,0,1,47,0,48,0,1,53,0,54,0,2,100,0,102,44,0,44,146
04/17/2020,SNS,CA,AWP,WE,Federal Contract Tower,0,1,40,0,41,0,3,22,1,26,0,4,62,1,67,0,0,0,67
04/18/2020,SNS,CA,AWP,WE,Federal Contract Tower,0,0,16,0,16,0,0,40,0,40,0,0,56,0,56,60,0,60,116
04/19/2020,SNS,CA,AWP,WE,Federal Contract Tower,0,0,34,0,34,0,3,85,0,88,0,3,119,0,122,118,0,118,240
04/20/2020,SNS,CA,AWP,WE,Federal Contract Tower,0,0,15,0,15,0,2,29,1,32,0,2,44,1,47,28,0,28,75
04/21/2020,SNS,CA,AWP,WE,Federal Contract Tower,0,0,13,0,13,0,2,27,2,31,0,2,40,2,44,28,0,28,72
04/22/2020,SNS,CA,AWP,WE,Federal Contract Tower,0,0,25,0,25,0,2,78,2,82,0,2,103,2,107,80,0,80,187
04/23/2020,SNS,CA,AWP,WE,Federal Contract Tower,0,0,34,0,34,0,0,67,3,70,0,0,101,3,104,64,0,64,168
04/24/2020,SNS,CA,AWP,WE,Federal Contract Tower,0,2,20,0,22,0,2,63,0,65,0,4,83,0,87,26,0,26,113
04/25/2020,SNS,CA,AWP,WE,Federal Contract Tower,0,0,6,0,6,0,2,52,0,54,0,2,58,0,60,24,0,24,84
04/26/2020,SNS,CA,AWP,WE,Federal Contract Tower,0,1,72,0,73,0,3,68,0,71,0,4,140,0,144,60,0,60,204
04/27/2020,SNS,CA,AWP,WE,Federal Contract Tower,0,2,32,0,34,0,2,85,12,99,0,4,117,12,133,42,0,42,175
04/28/2020,SNS,CA,AWP,WE,Federal Contract Tower,0,0,48,0,48,0,0,70,0,70,0,0,118,0,118,32,0,32,150
04/29/2020,SNS,CA,AWP,WE,Federal Contract Tower,0,0,14,0,14,0,0,50,0,50,0,0,64,0,64,50,0,50,114
04/30/2020,SNS,CA,AWP,WE,Federal Contract Tower,0,0,15,0,15,0,0,57,0,57,0,0,72,0,72,58,0,58,130
05/01/2020,SNS,CA,AWP,WE,Federal Contract Tower,0,0,13,0,13,0,0,55,0,55,0,0,68,0,68,70,0,70,138
05/02/2020,SNS,CA,AWP,WE,Federal Contract Tower,0,0,37,0,37,0,7,74,0,81,0,7,111,0,118,102,0,102,220
05/03/2020,SNS,CA,AWP,WE,Federal Contract Tower,0,0,25,0,25,0,0,53,0,53,0,0,78,0,78,70,0,70,148
05/04/2020,SNS,CA,AWP,WE,Federal Contract Tower,0,0,12,0,12,0,0,85,2,87,0,0,97,2,99,40,0,40,139
05/05/2020,SNS,CA,AWP,WE,Federal Contract Tower,0,0,28,0,28,0,0,65,1,66,0,0,93,1,94,26,0,26,120
05/06/2020,SNS,CA,AWP,WE,Federal Contract Tower,0,0,14,0,14,0,0,65,1,66,0,0,79,1,80,98,0,98,178
05/07/2020,SNS,CA,AWP,WE,Federal Contract Tower,0,0,26,0,26,0,0,82,1,83,0,0,108,1,109,78,0,78,187
05/08/2020,SNS,CA,AWP,WE,Federal Contract Tower,0,0,28,0,28,0,0,62,1,63,0,0,90,1,91,48,0,48,139
05/09/2020,SNS,CA,AWP,WE,Federal Contract Tower,0,0,43,0,43,0,0,81,0,81,0,0,124,0,124,92,0,92,216
05/10/2020,SNS,CA,AWP,WE,Federal Contract Tower,0,0,9,0,9,0,3,49,0,52,0,3,58,0,61,52,0,52,113
05/11/2020,SNS,CA,AWP,WE,Federal Contract Tower,0,1,26,0,27,0,2,55,4,61,0,3,81,4,88,30,0,30,118
05/12/2020,SNS,CA,AWP,WE,Federal Contract Tower,0,0,21,0,21,0,3,58,2,63,0,3,79,2,84,48,0,48,132
05/13/2020,SNS,CA,AWP,WE,Federal Contract Tower,0,0,13,0,13,0,0,82,2,84,0,0,95,2,97,40,0,40,137
05/14/2020,SNS,CA,AWP,WE,Federal Contract Tower,0,0,31,0,31,0,0,80,1,81,0,0,111,1,112,48,0,48,160
05/15/2020,SNS,CA,AWP,WE,Federal Contract Tower,0,0,66,0,66,0,0,84,4,88,0,0,150,4,154,70,18,88,242
05/16/2020,SNS,CA,AWP,WE,Federal Contract Tower,0,2,18,0,20,0,2,61,0,63,0,4,79,0,83,64,0,64,147
05/17/2020,SNS,CA,AWP,WE,Federal Contract Tower,0,0,22,0,22,0,3,30,0,33,0,3,52,0,55,20,0,20,75
05/18/2020,SNS,CA,AWP,WE,Federal Contract Tower,0,0,10,0,10,0,0,31,2,33,0,0,41,2,43,32,0,32,75
05/19/2020,SNS,CA,AWP,WE,Federal Contract Tower,0,0,45,0,45,0,0,81,3,84,0,0,126,3,129,58,0,58,187
05/20/2020,SNS,CA,AWP,WE,Federal Contract Tower,0,1,27,0,28,0,1,88,1,90,0,2,115,1,118,16,0,16,134
05/21/2020,SNS,CA,AWP,WE,Federal Contract Tower,0,0,61,2,63,0,2,76,2,80,0,2,137,4,143,72,0,72,215
05/22/2020,SNS,CA,AWP,WE,Federal Contract Tower,0,0,54,0,54,0,0,76,1,77,0,0,130,1,131,66,0,66,197
05/23/2020,SNS,CA,AWP,WE,Federal Contract Tower,0,0,42,0,42,0,0,70,0,70,0,0,112,0,112,80,0,80,192
05/24/2020,SNS,CA,AWP,WE,Federal Contract Tower,0,0,26,0,26,0,0,62,0,62,0,0,88,0,88,98,0,98,186
05/25/2020,SNS,CA,AWP,WE,Federal Contract Tower,0,2,46,1,49,0,4,102,0,106,0,6,148,1,155,100,0,100,255
05/26/2020,SNS,CA,AWP,WE,Federal Contract Tower,0,1,31,0,32,0,3,93,2,98,0,4,124,2,130,84,0,84,214
05/27/2020,SNS,CA,AWP,WE,Federal Contract Tower,0,0,6,0,6,0,0,58,0,58,0,0,64,0,64,58,0,58,122
05/28/2020,SNS,CA,AWP,WE,Federal Contract Tower,0,0,47,0,47,0,0,48,0,48,0,0,95,0,95,58,0,58,153
05/29/2020,SNS,CA,AWP,WE,Federal Contract Tower,0,0,50,0,50,0,0,43,0,43,0,0,93,0,93,58,0,58,151
05/30/2020,SNS,CA,AWP,WE,Federal Contract Tower,0,0,16,0,16,0,0,30,0,30,0,0,46,0,46,16,0,16,62
05/31/2020,SNS,CA,AWP,WE,Federal Contract Tower,0,0,16,0,16,0,0,49,0,49,0,0,65,0,65,34,0,34,99
06/01/2020,SNS,CA,AWP,WE,Federal Contract Tower,0,0,27,0,27,0,4,62,2,68,0,4,89,2,95,50,0,50,145
06/02/2020,SNS,CA,AWP,WE,Federal Contract Tower,0,2,61,0,63,0,6,85,2,93,0,8,146,2,156,68,0,68,224
06/03/2020,SNS,CA,AWP,WE,Federal Contract Tower,0,0,10,0,10,0,0,30,0,30,0,0,40,0,40,60,0,60,100
06/04/2020,SNS,CA,AWP,WE,Federal Contract Tower,0,0,51,0,51,0,3,93,0,96,0,3,144,0,147,68,1,69,216
06/05/2020,SNS,CA,AWP,WE,Federal Contract Tower,0,0,77,1,78,0,0,52,1,53,0,0,129,2,131,32,0,32,163
06/06/2020,SNS,CA,AWP,WE,Federal Contract Tower,0,0,28,0,28,0,3,68,0,71,0,3,96,0,99,60,0,60,159
06/07/2020,SNS,CA,AWP,WE,Federal Contract Tower,0,0,33,0,33,0,2,73,0,75,0,2,106,0,108,72,0,72,180
06/08/2020,SNS,CA,AWP,WE,Federal Contract Tower,0,0,79,0,79,0,4,71,2,77,0,4,150,2,156,72,0,72,228
06/09/2020,SNS,CA,AWP,WE,Federal Contract Tower,0,0,31,0,31,0,0,83,2,85,0,0,114,2,116,36,0,36,152
06/10/2020,SNS,CA,AWP,WE,Federal Contract Tower,0,0,13,0,13,0,0,51,0,51,0,0,64,0,64,78,2,80,144
06/11/2020,SNS,CA,AWP,WE,Federal Contract Tower,0,1,82,1,84,0,0,64,1,65,0,1,146,2,149,88,0,88,237
06/12/2020,SNS,CA,AWP,WE,Federal Contract Tower,0,2,55,0,57,0,1,84,2,87,0,3,139,2,144,86,0,86,230
06/13/2020,SNS,CA,AWP,WE,Federal Contract Tower,0,2,22,0,24,0,0,102,0,102,0,2,124,0,126,134,0,134,260
06/14/2020,SNS,CA,AWP,WE,Federal Contract Tower,0,0,26,0,26,0,0,49,0,49,0,0,75,0,75,60,0,60,135
06/15/2020,SNS,CA,AWP,WE,Federal Contract Tower,0,2,27,0,29,0,5,62,2,69,0,7,89,2,98,62,4,66,164
06/16/2020,SNS,CA,AWP,WE,Federal Contract Tower,0,2,45,0,47,0,0,86,2,88,0,2,131,2,135,54,14,68,203
06/17/2020,SNS,CA,AWP,WE,Federal Contract Tower,0,0,22,0,22,0,0,74,6,80,0,0,96,6,102,74,0,74,176
06/18/2020,SNS,CA,AWP,WE,Federal Contract Tower,0,2,21,0,23,0,0,66,1,67,0,2,87,1,90,130,0,130,220
06/19/2020,SNS,CA,AWP,WE,Federal Contract Tower,0,2,65,0,67,0,2,67,2,71,0,4,132,2,138,112,0,112,250
06/20/2020,SNS,CA,AWP,WE,Federal Contract Tower,0,2,68,0,70,0,2,52,0,54,0,4,120,0,124,60,0,60,184
06/21/2020,SNS,CA,AWP,WE,Federal Contract Tower,0,0,44,0,44,0,5,33,0,38,0,5,77,0,82,30,0,30,112
06/22/2020,SNS,CA,AWP,WE,Federal Contract Tower,0,1,59,0,60,0,0,0,0,0,0,1,59,0,60,66,0,66,126
06/23/2020,SNS,CA,AWP,WE,Federal Contract Tower,0,0,100,2,102,0,0,67,2,69,0,0,167,4,171,60,0,60,231
06/24/2020,SNS,CA,AWP,WE,Federal Contract Tower,0,0,56,0,56,0,0,52,0,52,0,0,108,0,108,56,0,56,164
06/25/2020,SNS,CA,AWP,WE,Federal Contract Tower,0,0,90,0,90,0,0,53,1,54,0,0,143,1,144,98,0,98,242
06/26/2020,SNS,CA,AWP,WE,Federal Contract Tower,0,0,74,0,74,0,0,53,1,54,0,0,127,1,128,88,0,88,216
06/27/2020,SNS,CA,AWP,WE,Federal Contract Tower,0,0,68,0,68,0,0,37,0,37,0,0,105,0,105,40,0,40,145
06/28/2020,SNS,CA,AWP,WE,Federal Contract Tower,0,0,30,0,30,0,2,38,0,40,0,2,68,0,70,84,0,84,154
06/29/2020,SNS,CA,AWP,WE,Federal Contract Tower,0,2,68,0,70,0,3,75,2,80,0,5,143,2,150,82,0,82,232
06/30/2020,SNS,CA,AWP,WE,Federal Contract Tower,0,8,83,0,91,0,0,91,3,94,0,8,174,3,185,96,0,96,281
07/01/2020,SNS,CA,AWP,WE,Federal Contract Tower,0,2,52,1,55,0,2,79,1,82,0,4,131,2,137,82,0,82,219
07/02/2020,SNS,CA,AWP,WE,Federal Contract Tower,0,0,32,0,32,0,0,62,0,62,0,0,94,0,94,114,0,114,208
07/03/2020,SNS,CA,AWP,WE,Federal Contract Tower,0,2,26,0,28,0,3,85,0,88,0,5,111,0,116,74,0,74,190
07/04/2020,SNS,CA,AWP,WE,Federal Contract Tower,0,0,37,0,37,0,7,71,0,78,0,7,108,0,115,84,0,84,199
07/05/2020,SNS,CA,AWP,WE,Federal Contract Tower,0,0,29,0,29,0,8,87,0,95,0,8,116,0,124,132,0,132,256
07/06/2020,SNS,CA,AWP,WE,Federal Contract Tower,0,0,31,0,31,0,6,64,2,72,0,6,95,2,103,72,0,72,175
07/07/2020,SNS,CA,AWP,WE,Federal Contract Tower,0,0,56,0,56,0,4,105,1,110,0,4,161,1,166,152,0,152,318
07/08/2020,SNS,CA,AWP,WE,Federal Contract Tower,0,0,48,0,48,0,0,55,2,57,0,0,103,2,105,66,0,66,171
07/09/2020,SNS,CA,AWP,WE,Federal Contract Tower,0,3,86,0,89,0,4,86,1,91,0,7,172,1,180,94,0,94,274
07/10/2020,SNS,CA,AWP,WE,Federal Contract Tower,0,3,75,0,78,0,0,86,0,86,0,3,161,0,164,74,0,74,238
07/11/2020,SNS,CA,AWP,WE,Federal Contract Tower,0,0,43,0,43,0,3,88,0,91,0,3,131,0,134,88,0,88,222
07/12/2020,SNS,CA,AWP,WE,Federal Contract Tower,0,2,77,0,79,0,6,74,0,80,0,8,151,0,159,66,0,66,225
07/13/2020,SNS,CA,AWP,WE,Federal Contract Tower,0,2,49,0,51,0,2,47,1,50,0,4,96,1,101,46,0,46,147
07/14/2020,SNS,CA,AWP,WE,Federal Contract Tower,0,0,24,0,24,0,0,58,0,58,0,0,82,0,82,78,0,78,160
07/15/2020,SNS,CA,AWP,WE,Federal Contract Tower,0,0,21,0,21,0,0,57,0,57,0,0,78,0,78,82,0,82,160
07/16/2020,SNS,CA,AWP,WE,Federal Contract Tower,0,3,85,2,90,0,3,73,2,78,0,6,158,4,168,84,0,84,252
07/17/2020,SNS,CA,AWP,WE,Federal Contract Tower,0,0,59,0,59,0,0,51,0,51,0,0,110,0,110,60,0,60,170
07/18/2020,SNS,CA,AWP,WE,Federal Contract Tower,0,0,29,0,29,0,3,48,0,51,0,3,77,0,80,28,0,28,108
07/19/2020,SNS,CA,AWP,WE,Federal Contract Tower,0,1,63,0,64,0,3,38,0,41,0,4,101,0,105,20,0,20,125
07/20/2020,SNS,CA,AWP,WE,Federal Contract Tower,0,0,70,4,74,0,0,74,0,74,0,0,144,4,148,44,0,44,192
07/21/2020,SNS,CA,AWP,WE,Federal Contract Tower,0,1,48,0,49,0,0,34,0,34,0,1,82,0,83,26,0,26,109
07/22/2020,SNS,CA,AWP,WE,Federal Contract Tower,0,0,65,0,65,0,0,67,2,69,0,0,132,2,134,66,0,66,200
07/23/2020,SNS,CA,AWP,WE,Federal Contract Tower,0,0,83,0,83,0,0,56,2,58,0,0,139,2,141,54,0,54,195
07/24/2020,SNS,CA,AWP,WE,Federal Contract Tower,0,0,44,0,44,0,0,36,2,38,0,0,80,2,82,40,0,40,122
07/25/2020,SNS,CA,AWP,WE,Federal Contract Tower,0,0,47,0,47,0,0,84,0,84,0,0,131,0,131,86,0,86,217
07/26/2020,SNS,CA,AWP,WE,Federal Contract Tower,0,1,75,0,76,0,3,82,0,85,0,4,157,0,161,48,0,48,209
07/27/2020,SNS,CA,AWP,WE,Federal Contract Tower,0,0,39,0,39,0,2,81,0,83,0,2,120,0,122,112,0,112,234
07/28/2020,SNS,CA,AWP,WE,Federal Contract Tower,0,0,46,0,46,0,0,56,0,56,0,0,102,0,102,78,0,78,180
07/29/2020,SNS,CA,AWP,WE,Federal Contract Tower,0,0,48,0,48,0,2,70,2,74,0,2,118,2,122,78,0,78,200
07/30/2020,SNS,CA,AWP,WE,Federal Contract Tower,0,0,57,0,57,0,0,67,0,67,0,0,124,0,124,76,0,76,200
07/31/2020,SNS,CA,AWP,WE,Federal Contract Tower,0,0,75,2,77,0,0,61,0,61,0,0,136,2,138,78,0,78,216
08/01/2020,SNS,CA,AWP,WE,Federal Contract Tower,0,1,50,0,51,0,3,78,0,81,0,4,128,0,132,70,0,70,202
08/02/2020,SNS,CA,AWP,WE,Federal Contract Tower,0,0,87,0,87,0,5,98,0,103,0,5,185,0,190,70,0,70,260
08/03/2020,SNS,CA,AWP,WE,Federal Contract Tower,0,0,80,1,81,0,3,109,2,114,0,3,189,3,195,108,0,108,303
08/04/2020,SNS,CA,AWP,WE,Federal Contract Tower,0,0,66,0,66,0,0,52,0,52,0,0,118,0,118,80,0,80,198
08/05/2020,SNS,CA,AWP,WE,Federal Contract Tower,0,0,45,0,45,0,0,65,2,67,0,0,110,2,112,88,0,88,200
08/06/2020,SNS,CA,AWP,WE,Federal Contract Tower,0,2,86,0,88,0,3,90,1,94,0,5,176,1,182,72,0,72,254
08/07/2020,SNS,CA,AWP,WE,Federal Contract Tower,0,0,107,0,107,0,0,106,2,108,0,0,213,2,215,180,0,180,395
08/08/2020,SNS,CA,AWP,WE,Federal Contract Tower,0,0,51,0,51,0,4,64,0,68,0,4,115,0,119,92,0,92,211
08/09/2020,SNS,CA,AWP,WE,Federal Contract Tower,0,0,83,0,83,0,2,84,0,86,0,2,167,0,169,112,0,112,281
08/10/2020,SNS,CA,AWP,WE,Federal Contract Tower,0,0,78,0,78,0,3,83,2,88,0,3,161,2,166,96,0,96,262
08/11/2020,SNS,CA,AWP,WE,Federal Contract Tower,0,7,73,0,80,0,0,82,2,84,0,7,155,2,164,108,0,108,272
08/12/2020,SNS,CA,AWP,WE,Federal Contract Tower,0,0,43,0,43,0,0,52,0,52,0,0,95,0,95,148,0,148,243
08/13/2020,SNS,CA,AWP,WE,Federal Contract Tower,0,0,74,3,77,0,0,84,3,87,0,0,158,6,164,94,0,94,258
08/14/2020,SNS,CA,AWP,WE,Federal Contract Tower,0,0,38,0,38,0,0,105,3,108,0,0,143,3,146,98,0,98,244
08/15/2020,SNS,CA,AWP,WE,Federal Contract Tower,0,0,37,0,37,0,4,65,0,69,0,4,102,0,106,76,0,76,182
08/16/2020,SNS,CA,AWP,WE,Federal Contract Tower,0,0,34,0,34,0,7,95,0,102,0,7,129,0,136,70,0,70,206
08/17/2020,SNS,CA,AWP,WE,Federal Contract Tower,0,1,23,1,25,0,7,66,0,73,0,8,89,1,98,0,0,0,98
08/18/2020,SNS,CA,AWP,WE,Federal Contract Tower,0,0,18,0,18,0,0,59,0,59,0,0,77,0,77,62,0,62,139
08/19/2020,SNS,CA,AWP,WE,Federal Contract Tower,0,0,24,0,24,0,0,37,0,37,0,0,61,0,61,54,0,54,115
08/20/2020,SNS,CA,AWP,WE,Federal Contract Tower,0,8,56,1,65,0,0,32,0,32,0,8,88,1,97,42,0,42,139
08/21/2020,SNS,CA,AWP,WE,Federal Contract Tower,0,2,23,1,26,0,4,3,0,7,0,6,26,1,33,0,0,0,33
08/22/2020,SNS,CA,AWP,WE,Federal Contract Tower,0,15,72,0,87,0,5,15,0,20,0,20,87,0,107,34,0,34,141
08/23/2020,SNS,CA,AWP,WE,Federal Contract Tower,0,0,17,0,17,0,1,45,0,46,0,1,62,0,63,0,0,0,63
08/24/2020,SNS,CA,AWP,WE,Federal Contract Tower,0,0,25,0,25,0,0,46,0,46,0,0,71,0,71,10,0,10,81
08/25/2020,SNS,CA,AWP,WE,Federal Contract Tower,0,0,21,0,21,0,0,55,0,55,0,0,76,0,76,84,0,84,160
08/26/2020,SNS,CA,AWP,WE,Federal Contract Tower,0,10,71,0,81,0,0,44,0,44,0,10,115,0,125,26,0,26,151
08/27/2020,SNS,CA,AWP,WE,Federal Contract Tower,0,3,40,0,43,0,0,70,2,72,0,3,110,2,115,84,0,84,199
08/28/2020,SNS,CA,AWP,WE,Federal Contract Tower,0,0,46,0,46,0,2,52,0,54,0,2,98,0,100,66,0,66,166
08/29/2020,SNS,CA,AWP,WE,Federal Contract Tower,0,11,45,0,56,0,0,60,0,60,0,11,105,0,116,68,0,68,184
08/30/2020,SNS,CA,AWP,WE,Federal Contract Tower,0,1,65,0,66,0,2,69,0,71,0,3,134,0,137,64,0,64,201
08/31/2020,SNS,CA,AWP,WE,Federal Contract Tower,0,4,78,2,84,0,0,59,2,61,0,4,137,4,145,52,0,52,197
09/01/2020,SNS,CA,AWP,WE,Federal Contract Tower,0,0,42,0,42,0,0,52,0,52,0,0,94,0,94,106,0,106,200
09/02/2020,SNS,CA,AWP,WE,Federal Contract Tower,0,0,49,0,49,0,0,82,0,82,0,0,131,0,131,116,0,116,247
09/03/2020,SNS,CA,AWP,WE,Federal Contract Tower,0,0,52,0,52,0,0,72,1,73,0,0,124,1,125,90,0,90,215
09/04/2020,SNS,CA,AWP,WE,Federal Contract Tower,0,0,46,0,46,0,0,77,0,77,0,0,123,0,123,146,0,146,269
09/05/2020,SNS,CA,AWP,WE,Federal Contract Tower,0,3,54,0,57,0,4,84,0,88,0,7,138,0,145,66,0,66,211
09/06/2020,SNS,CA,AWP,WE,Federal Contract Tower,0,3,33,0,36,0,11,81,0,92,0,14,114,0,128,126,0,126,254
09/07/2020,SNS,CA,AWP,WE,Federal Contract Tower,0,0,40,0,40,0,5,47,0,52,0,5,87,0,92,88,0,88,180
09/08/2020,SNS,CA,AWP,WE,Federal Contract Tower,0,2,50,0,52,0,0,62,0,62,0,2,112,0,114,94,0,94,208
09/09/2020,SNS,CA,AWP,WE,Federal Contract Tower,0,0,44,0,44,0,0,60,1,61,0,0,104,1,105,70,0,70,175
09/10/2020,SNS,CA,AWP,WE,Federal Contract Tower,0,2,55,2,59,0,0,19,2,21,0,2,74,4,80,0,0,0,80
09/11/2020,SNS,CA,AWP,WE,Federal Contract Tower,0,3,66,1,70,0,0,7,1,8,0,3,73,2,78,0,0,0,78
09/12/2020,SNS,CA,AWP,WE,Federal Contract Tower,0,0,13,0,13,0,0,11,0,11,0,0,24,0,24,0,0,0,24
09/13/2020,SNS,CA,AWP,WE,Federal Contract Tower,0,0,12,0,12,0,0,10,0,10,0,0,22,0,22,46,0,46,68
09/14/2020,SNS,CA,AWP,WE,Federal Contract Tower,0,0,28,0,28,0,0,15,1,16,0,0,43,1,44,54,0,54,98
09/15/2020,SNS,CA,AWP,WE,Federal Contract Tower,0,0,61,0,61,0,3,43,2,48,0,3,104,2,109,30,0,30,139
09/16/2020,SNS,CA,AWP,WE,Federal Contract Tower,0,0,87,0,87,0,5,97,2,104,0,5,184,2,191,166,0,166,357
09/17/2020,SNS,CA,AWP,WE,Federal Contract Tower,0,0,36,4,40,0,0,85,3,88,0,0,121,7,128,90,0,90,218
09/18/2020,SNS,CA,AWP,WE,Federal Contract Tower,0,0,26,0,26,0,0,104,2,106,0,0,130,2,132,152,0,152,284
09/19/2020,SNS,CA,AWP,WE,Federal Contract Tower,0,0,43,0,43,0,0,53,0,53,0,0,96,0,96,70,0,70,166
09/20/2020,SNS,CA,AWP,WE,Federal Contract Tower,0,0,42,0,42,0,1,91,0,92,0,1,133,0,134,94,0,94,228
09/21/2020,SNS,CA,AWP,WE,Federal Contract Tower,0,0,44,0,44,0,0,50,2,52,0,0,94,2,96,66,0,66,162
09/22/2020,SNS,CA,AWP,WE,Federal Contract Tower,0,0,50,0,50,0,0,63,2,65,0,0,113,2,115,106,0,106,221
09/23/2020,SNS,CA,AWP,WE,Federal Contract Tower,0,0,34,0,34,0,0,89,2,91,0,0,123,2,125,140,0,140,265
09/24/2020,SNS,CA,AWP,WE,Federal Contract Tower,0,0,28,0,28,0,0,91,2,93,0,0,119,2,121,182,0,182,303
09/25/2020,SNS,CA,AWP,WE,Federal Contract Tower,0,0,39,2,41,0,5,79,2,86,0,5,118,4,127,116,0,116,243
09/26/2020,SNS,CA,AWP,WE,Federal Contract Tower,0,0,37,0,37,0,0,71,0,71,0,0,108,0,108,82,0,82,190
09/27/2020,SNS,CA,AWP,WE,Federal Contract Tower,0,1,45,0,46,0,0,88,0,88,0,1,133,0,134,114,0,114,248
09/28/2020,SNS,CA,AWP,WE,Federal Contract Tower,0,0,34,0,34,0,5,65,1,71,0,5,99,1,105,32,0,32,137
09/29/2020,SNS,CA,AWP,WE,Federal Contract Tower,0,0,21,2,23,0,0,54,0,54,0,0,75,2,77,96,0,96,173
09/30/2020,SNS,CA,AWP,WE,Federal Contract Tower,0,5,44,1,50,0,0,59,1,60,0,5,103,2,110,72,0,72,182
10/01/2020,SNS,CA,AWP,WE,Federal Contract Tower,0,0,46,1,47,0,0,69,4,73,0,0,115,5,120,134,0,134,254
10/02/2020,SNS,CA,AWP,WE,Federal Contract Tower,0,0,49,0,49,0,0,72,2,74,0,0,121,2,123,36,0,36,159
10/03/2020,SNS,CA,AWP,WE,Federal Contract Tower,0,0,14,0,14,0,2,49,0,51,0,2,63,0,65,66,0,66,131
10/04/2020,SNS,CA,AWP,WE,Federal Contract Tower,0,0,33,1,34,0,3,53,0,56,0,3,86,1,90,90,0,90,180
10/05/2020,SNS,CA,AWP,WE,Federal Contract Tower,0,0,42,0,42,0,0,80,2,82,0,0,122,2,124,78,0,78,202
10/06/2020,SNS,CA,AWP,WE,Federal Contract Tower,0,0,53,1,54,0,0,86,1,87,0,0,139,2,141,126,0,126,267
10/07/2020,SNS,CA,AWP,WE,Federal Contract Tower,0,1,34,0,35,0,0,51,1,52,0,1,85,1,87,56,0,56,143
10/08/2020,SNS,CA,AWP,WE,Federal Contract Tower,0,2,66,0,68,0,0,59,2,61,0,2,125,2,129,70,0,70,199
10/09/2020,SNS,CA,AWP,WE,Federal Contract Tower,0,3,64,0,67,0,2,68,1,71,0,5,132,1,138,82,0,82,220
10/10/2020,SNS,CA,AWP,WE,Federal Contract Tower,0,1,28,0,29,0,7,93,0,100,0,8,121,0,129,130,0,130,259
10/11/2020,SNS,CA,AWP,WE,Federal Contract Tower,0,0,22,0,22,0,3,81,0,84,0,3,103,0,106,140,0,140,246
10/12/2020,SNS,CA,AWP,WE,Federal Contract Tower,0,1,32,0,33,0,0,85,0,85,0,1,117,0,118,112,0,112,230
10/13/2020,SNS,CA,AWP,WE,Federal Contract Tower,0,0,45,1,46,0,4,77,2,83,0,4,122,3,129,98,0,98,227
10/14/2020,SNS,CA,AWP,WE,Federal Contract Tower,0,0,34,4,38,0,5,85,3,93,0,5,119,7,131,88,0,88,219
10/15/2020,SNS,CA,AWP,WE,Federal Contract Tower,0,0,47,1,48,0,0,77,0,77,0,0,124,1,125,78,0,78,203
10/16/2020,SNS,CA,AWP,WE,Federal Contract Tower,0,0,29,0,29,0,0,78,0,78,0,0,107,0,107,72,0,72,179
10/17/2020,SNS,CA,AWP,WE,Federal Contract Tower,0,0,10,2,12,0,0,48,0,48,0,0,58,2,60,54,0,54,114
10/18/2020,SNS,CA,AWP,WE,Federal Contract Tower,0,0,29,0,29,0,5,68,0,73,0,5,97,0,102,82,0,82,184
10/19/2020,SNS,CA,AWP,WE,Federal Contract Tower,0,3,57,2,62,0,6,63,4,73,0,9,120,6,135,72,0,72,207
10/20/2020,SNS,CA,AWP,WE,Federal Contract Tower,0,0,58,0,58,0,3,47,0,50,0,3,105,0,108,60,0,60,168
10/21/2020,SNS,CA,AWP,WE,Federal Contract Tower,0,0,11,0,11,0,2,44,2,48,0,2,55,2,59,102,12,114,173
10/22/2020,SNS,CA,AWP,WE,Federal Contract Tower,0,0,41,1,42,0,0,46,2,48,0,0,87,3,90,60,0,60,150
10/23/2020,SNS,CA,AWP,WE,Federal Contract Tower,0,0,46,0,46,0,0,94,1,95,0,0,140,1,141,122,4,126,267
10/24/2020,SNS,CA,AWP,WE,Federal Contract Tower,0,4,13,0,17,0,2,45,0,47,0,6,58,0,64,62,0,62,126
10/25/2020,SNS,CA,AWP,WE,Federal Contract Tower,0,0,48,0,48,0,8,62,0,70,0,8,110,0,118,34,0,34,152
10/26/2020,SNS,CA,AWP,WE,Federal Contract Tower,0,0,41,0,41,0,0,70,0,70,0,0,111,0,111,56,0,56,167
10/27/2020,SNS,CA,AWP,WE,Federal Contract Tower,0,0,24,0,24,0,0,68,2,70,0,0,92,2,94,108,0,108,202
10/28/2020,SNS,CA,AWP,WE,Federal Contract Tower,0,0,42,0,42,0,0,71,2,73,0,0,113,2,115,68,0,68,183
10/29/2020,SNS,CA,AWP,WE,Federal Contract Tower,0,3,33,1,37,0,2,46,3,51,0,5,79,4,88,72,0,72,160
10/30/2020,SNS,CA,AWP,WE,Federal Contract Tower,0,7,22,2,31,0,4,72,0,76,0,11,94,2,107,54,0,54,161
10/31/2020,SNS,CA,AWP,WE,Federal Contract Tower,0,1,33,0,34,0,4,84,2,90,0,5,117,2,124,68,0,68,192
11/01/2020,SNS,CA,AWP,WE,Federal Contract Tower,0,0,28,0,28,0,5,66,0,71,0,5,94,0,99,64,0,64,163
11/02/2020,SNS,CA,AWP,WE,Federal Contract Tower,0,0,41,0,41,0,4,57,1,62,0,4,98,1,103,48,0,48,151
11/03/2020,SNS,CA,AWP,WE,Federal Contract Tower,0,0,49,0,49,0,0,56,2,58,0,0,105,2,107,62,0,62,169
11/04/2020,SNS,CA,AWP,WE,Federal Contract Tower,0,0,27,0,27,0,0,68,3,71,0,0,95,3,98,72,0,72,170
11/05/2020,SNS,CA,AWP,WE,Federal Contract Tower,0,5,50,3,58,0,0,96,1,97,0,5,146,4,155,132,6,138,293
11/06/2020,SNS,CA,AWP,WE,Federal Contract Tower,0,4,20,0,24,0,0,34,1,35,0,4,54,1,59,34,0,34,93
11/07/2020,SNS,CA,AWP,WE,Federal Contract Tower,0,0,21,0,21,0,5,56,0,61,0,5,77,0,82,84,0,84,166
11/08/2020,SNS,CA,AWP,WE,Federal Contract Tower,0,0,2,0,2,0,3,43,0,46,0,3,45,0,48,28,0,28,76
11/09/2020,SNS,CA,AWP,WE,Federal Contract Tower,0,0,29,0,29,0,8,66,4,78,0,8,95,4,107,74,0,74,181
11/10/2020,SNS,CA,AWP,WE,Federal Contract Tower,0,0,59,0,59,0,4,82,2,88,0,4,141,2,147,62,0,62,209
11/11/2020,SNS,CA,AWP,WE,Federal Contract Tower,0,0,49,0,49,0,4,77,0,81,0,4,126,0,130,90,0,90,220
11/12/2020,SNS,CA,AWP,WE,Federal Contract Tower,0,0,72,0,72,0,0,98,4,102,0,0,170,4,174,94,0,94,268
11/13/2020,SNS,CA,AWP,WE,Federal Contract Tower,0,0,22,0,22,0,0,51,2,53,0,0,73,2,75,88,0,88,163
11/14/2020,SNS,CA,AWP,WE,Federal Contract Tower,0,0,33,0,33,0,1,55,0,56,0,1,88,0,89,66,0,66,155
11/15/2020,SNS,CA,AWP,WE,Federal Contract Tower,0,0,35,0,35,0,2,67,0,69,0,2,102,0,104,86,0,86,190
11/16/2020,SNS,CA,AWP,WE,Federal Contract Tower,0,0,30,0,30,0,2,52,1,55,0,2,82,1,85,56,0,56,141
11/17/2020,SNS,CA,AWP,WE,Federal Contract Tower,0,2,30,0,32,0,4,64,0,68,0,6,94,0,100,66,0,66,166
11/18/2020,SNS,CA,AWP,WE,Federal Contract Tower,0,0,40,0,40,0,0,80,2,82,0,0,120,2,122,142,0,142,264
11/19/2020,SNS,CA,AWP,WE,Federal Contract Tower,0,0,57,0,57,0,0,70,0,70,0,0,127,0,127,94,0,94,221
11/20/2020,SNS,CA,AWP,WE,Federal Contract Tower,0,0,41,0,41,0,0,89,2,91,0,0,130,2,132,70,0,70,202
11/21/2020,SNS,CA,AWP,WE,Federal Contract Tower,0,0,10,0,10,0,5,52,0,57,0,5,62,0,67,120,0,120,187
11/22/2020,SNS,CA,AWP,WE,Federal Contract Tower,0,0,38,0,38,0,4,64,0,68,0,4,102,0,106,50,0,50,156
11/23/2020,SNS,CA,AWP,WE,Federal Contract Tower,0,1,66,0,67,0,4,84,1,89,0,5,150,1,156,48,0,48,204
11/24/2020,SNS,CA,AWP,WE,Federal Contract Tower,0,0,51,0,51,0,2,61,2,65,0,2,112,2,116,68,0,68,184
11/25/2020,SNS,CA,AWP,WE,Federal Contract Tower,0,0,58,1,59,0,1,107,0,108,0,1,165,1,167,90,0,90,257
11/26/2020,SNS,CA,AWP,WE,Federal Contract Tower,0,0,17,0,17,0,0,42,0,42,0,0,59,0,59,8,0,8,67
11/27/2020,SNS,CA,AWP,WE,Federal Contract Tower,0,0,24,0,24,0,0,41,0,41,0,0,65,0,65,12,0,12,77
11/28/2020,SNS,CA,AWP,WE,Federal Contract Tower,0,1,32,0,33,0,8,72,0,80,0,9,104,0,113,118,0,118,231
11/29/2020,SNS,CA,AWP,WE,Federal Contract Tower,0,0,32,0,32,0,2,65,0,67,0,2,97,0,99,52,0,52,151
11/30/2020,SNS,CA,AWP,WE,Federal Contract Tower,0,2,72,0,74,0,6,85,0,91,0,8,157,0,165,84,0,84,249
12/01/2020,SNS,CA,AWP,WE,Federal Contract Tower,0,2,63,0,65,0,3,80,3,86,0,5,143,3,151,72,8,80,231
12/02/2020,SNS,CA,AWP,WE,Federal Contract Tower,0,0,50,0,50,0,0,89,2,91,0,0,139,2,141,114,12,126,267
12/03/2020,SNS,CA,AWP,WE,Federal Contract Tower,0,0,26,0,26,0,0,61,0,61,0,0,87,0,87,124,0,124,211
12/04/2020,SNS,CA,AWP,WE,Federal Contract Tower,0,0,26,0,26,0,0,74,2,76,0,0,100,2,102,134,0,134,236
12/05/2020,SNS,CA,AWP,WE,Federal Contract Tower,0,0,65,0,65,0,5,61,0,66,0,5,126,0,131,92,0,92,223
12/06/2020,SNS,CA,AWP,WE,Federal Contract Tower,0,0,47,0,47,0,6,40,0,46,0,6,87,0,93,44,0,44,137
12/07/2020,SNS,CA,AWP,WE,Federal Contract Tower,0,0,42,0,42,0,4,76,2,82,0,4,118,2,124,68,0,68,192
12/08/2020,SNS,CA,AWP,WE,Federal Contract Tower,0,0,43,0,43,0,4,92,2,98,0,4,135,2,141,20,0,20,161
12/09/2020,SNS,CA,AWP,WE,Federal Contract Tower,0,0,21,0,21,0,0,69,2,71,0,0,90,2,92,68,0,68,160
12/10/2020,SNS,CA,AWP,WE,Federal Contract Tower,0,0,44,2,46,0,0,74,0,74,0,0,118,2,120,122,0,122,242
12/11/2020,SNS,CA,AWP,WE,Federal Contract Tower,0,0,26,2,28,0,0,62,2,64,0,0,88,4,92,94,0,94,186
12/12/2020,SNS,CA,AWP,WE,Federal Contract Tower,0,0,29,0,29,0,2,0,0,2,0,2,29,0,31,0,0,0,31
12/13/2020,SNS,CA,AWP,WE,Federal Contract Tower,0,0,28,0,28,0,4,26,0,30,0,4,54,0,58,22,0,22,80
12/14/2020,SNS,CA,AWP,WE,Federal Contract Tower,0,0,43,0,43,0,6,38,2,46,0,6,81,2,89,54,0,54,143
12/15/2020,SNS,CA,AWP,WE,Federal Contract Tower,0,0,30,0,30,0,2,71,3,76,0,2,101,3,106,40,0,40,146
12/16/2020,SNS,CA,AWP,WE,Federal Contract Tower,0,0,35,1,36,0,0,75,2,77,0,0,110,3,113,68,0,68,181
12/17/2020,SNS,CA,AWP,WE,Federal Contract Tower,0,0,22,0,22,0,0,62,6,68,0,0,84,6,90,80,0,80,170
12/18/2020,SNS,CA,AWP,WE,Federal Contract Tower,0,0,33,0,33,0,0,78,2,80,0,0,111,2,113,92,0,92,205
12/19/2020,SNS,CA,AWP,WE,Federal Contract Tower,0,0,40,0,40,0,6,79,0,85,0,6,119,0,125,118,0,118,243
12/20/2020,SNS,CA,AWP,WE,Federal Contract Tower,0,0,30,0,30,0,5,55,0,60,0,5,85,0,90,62,0,62,152
12/21/2020,SNS,CA,AWP,WE,Federal Contract Tower,0,0,31,0,31,0,0,53,2,55,0,0,84,2,86,38,0,38,124
12/22/2020,SNS,CA,AWP,WE,Federal Contract Tower,0,0,34,0,34,0,5,56,0,61,0,5,90,0,95,42,0,42,137
12/23/2020,SNS,CA,AWP,WE,Federal Contract Tower,0,0,32,0,32,0,0,0,0,0,0,0,32,0,32,76,0,76,108
12/24/2020,SNS,CA,AWP,WE,Federal Contract Tower,0,0,14,0,14,0,0,42,0,42,0,0,56,0,56,32,0,32,88
12/25/2020,SNS,CA,AWP,WE,Federal Contract Tower,0,0,0,0,0,0,0,6,0,6,0,0,6,0,6,8,0,8,14
12/26/2020,SNS,CA,AWP,WE,Federal Contract Tower,0,0,16,0,16,0,3,24,0,27,0,3,40,0,43,22,0,22,65
12/27/2020,SNS,CA,AWP,WE,Federal Contract Tower,0,0,19,0,19,0,0,44,0,44,0,0,63,0,63,96,0,96,159
12/28/2020,SNS,CA,AWP,WE,Federal Contract Tower,0,0,20,0,20,0,0,71,3,74,0,0,91,3,94,74,40,114,208
12/29/2020,SNS,CA,AWP,WE,Federal Contract Tower,0,0,37,0,37,0,0,99,7,106,0,0,136,7,143,100,28,128,271
12/30/2020,SNS,CA,AWP,WE,Federal Contract Tower,0,8,58,0,66,0,1,98,2,101,0,9,156,2,167,80,0,80,247
12/31/2020,SNS,CA,AWP,WE,Federal Contract Tower,0,0,12,0,12,0,0,71,0,71,0,0,83,0,83,76,0,76,159
01/01/2021,SNS,CA,AWP,WE,Federal Contract Tower,0,0,22,0,22,0,0,43,0,43,0,0,65,0,65,62,0,62,127
01/02/2021,SNS,CA,AWP,WE,Federal Contract Tower,0,0,30,0,30,0,0,57,0,57,0,0,87,0,87,44,0,44,131
01/03/2021,SNS,CA,AWP,WE,Federal Contract Tower,0,0,21,0,21,0,0,20,0,20,0,0,41,0,41,0,0,0,41
01/04/2021,SNS,CA,AWP,WE,Federal Contract Tower,0,0,12,0,12,0,1,9,0,10,0,1,21,0,22,14,0,14,36
01/05/2021,SNS,CA,AWP,WE,Federal Contract Tower,0,5,72,0,77,0,3,52,1,56,0,8,124,1,133,26,0,26,159
01/06/2021,SNS,CA,AWP,WE,Federal Contract Tower,0,0,15,0,15,0,17,48,2,67,0,17,63,2,82,68,0,68,150
01/07/2021,SNS,CA,AWP,WE,Federal Contract Tower,0,0,21,0,21,0,0,100,0,100,0,0,121,0,121,74,0,74,195
01/08/2021,SNS,CA,AWP,WE,Federal Contract Tower,0,2,24,0,26,0,0,81,0,81,0,2,105,0,107,184,0,184,291
01/09/2021,SNS,CA,AWP,WE,Federal Contract Tower,0,0,27,0,27,0,4,59,0,63,0,4,86,0,90,72,0,72,162
01/10/2021,SNS,CA,AWP,WE,Federal Contract Tower,0,0,38,0,38,0,6,61,0,67,0,6,99,0,105,78,0,78,183
01/11/2021,SNS,CA,AWP,WE,Federal Contract Tower,0,0,18,2,20,0,0,60,0,60,0,0,78,2,80,96,0,96,176
01/12/2021,SNS,CA,AWP,WE,Federal Contract Tower,0,0,48,2,50,0,0,0,78,78,0,0,48,80,128,76,2,78,206
01/13/2021,SNS,CA,AWP,WE,Federal Contract Tower,0,0,24,0,24,0,0,90,2,92,0,0,114,2,116,54,0,54,170
01/14/2021,SNS,CA,AWP,WE,Federal Contract Tower,0,0,30,2,32,0,0,93,2,95,0,0,123,4,127,124,0,124,251
01/15/2021,SNS,CA,AWP,WE,Federal Contract Tower,0,0,40,0,40,0,0,81,0,81,0,0,121,0,121,138,0,138,259
01/16/2021,SNS,CA,AWP,WE,Federal Contract Tower,0,0,12,0,12,0,0,73,2,75,0,0,85,2,87,118,0,118,205
01/17/2021,SNS,CA,AWP,WE,Federal Contract Tower,0,0,30,0,30,0,4,69,0,73,0,4,99,0,103,110,0,110,213
01/18/2021,SNS,CA,AWP,WE,Federal Contract Tower,0,0,29,0,29,0,1,62,0,63,0,1,91,0,92,82,0,82,174
01/19/2021,SNS,CA,AWP,WE,Federal Contract Tower,0,0,11,0,11,0,0,50,0,50,0,0,61,0,61,70,0,70,131
01/20/2021,SNS,CA,AWP,WE,Federal Contract Tower,0,0,63,0,63,0,0,85,2,87,0,0,148,2,150,110,0,110,260
01/21/2021,SNS,CA,AWP,WE,Federal Contract Tower,0,0,20,0,20,0,0,69,2,71,0,0,89,2,91,124,0,124,215
01/22/2021,SNS,CA,AWP,WE,Federal Contract Tower,0,0,2,0,2,0,0,19,2,21,0,0,21,2,23,30,12,42,65
01/23/2021,SNS,CA,AWP,WE,Federal Contract Tower,0,0,13,3,16,0,0,85,1,86,0,0,98,4,102,130,0,130,232
01/24/2021,SNS,CA,AWP,WE,Federal Contract Tower,0,4,34,0,38,0,4,41,0,45,0,8,75,0,83,20,0,20,103
01/25/2021,SNS,CA,AWP,WE,Federal Contract Tower,0,0,33,0,33,0,9,37,2,48,0,9,70,2,81,0,0,0,81
01/26/2021,SNS,CA,AWP,WE,Federal Contract Tower,0,0,61,0,61,0,5,59,3,67,0,5,120,3,128,34,0,34,162
01/27/2021,SNS,CA,AWP,WE,Federal Contract Tower,0,2,39,0,41,0,0,29,0,29,0,2,68,0,70,0,0,0,70
01/28/2021,SNS,CA,AWP,WE,Federal Contract Tower,0,0,32,0,32,0,0,35,2,37,0,0,67,2,69,24,0,24,93
01/29/2021,SNS,CA,AWP,WE,Federal Contract Tower,0,0,14,0,14,0,0,47,0,47,0,0,61,0,61,76,0,76,137
01/30/2021,SNS,CA,AWP,WE,Federal Contract Tower,0,0,31,0,31,0,0,65,0,65,0,0,96,0,96,90,0,90,186
01/31/2021,SNS,CA,AWP,WE,Federal Contract Tower,0,0,32,0,32,0,0,61,0,61,0,0,93,0,93,98,0,98,191
02/01/2021,SNS,CA,AWP,WE,Federal Contract Tower,0,0,35,0,35,0,0,66,0,66,0,0,101,0,101,44,0,44,145
02/02/2021,SNS,CA,AWP,WE,Federal Contract Tower,0,0,34,0,34,0,0,28,0,28,0,0,62,0,62,46,0,46,108
02/03/2021,SNS,CA,AWP,WE,Federal Contract Tower,0,0,50,1,51,0,0,70,2,72,0,0,120,3,123,78,0,78,201
02/04/2021,SNS,CA,AWP,WE,Federal Contract Tower,0,0,39,0,39,0,0,86,4,90,0,0,125,4,129,90,0,90,219
02/05/2021,SNS,CA,AWP,WE,Federal Contract Tower,0,0,44,0,44,0,0,71,2,73,0,0,115,2,117,138,0,138,255
02/06/2021,SNS,CA,AWP,WE,Federal Contract Tower,0,0,29,0,29,0,4,106,0,110,0,4,135,0,139,150,0,150,289
02/07/2021,SNS,CA,AWP,WE,Federal Contract Tower,0,0,29,0,29,0,15,67,0,82,0,15,96,0,111,122,0,122,233
02/08/2021,SNS,CA,AWP,WE,Federal Contract Tower,0,0,29,0,29,0,2,47,0,49,0,2,76,0,78,56,0,56,134
02/09/2021,SNS,CA,AWP,WE,Federal Contract Tower,0,1,32,0,33,0,2,76,2,80,0,3,108,2,113,46,0,46,159
02/10/2021,SNS,CA,AWP,WE,Federal Contract Tower,0,5,53,0,58,0,4,64,0,68,0,9,117,0,126,70,0,70,196
02/11/2021,SNS,CA,AWP,WE,Federal Contract Tower,0,0,38,0,38,0,0,59,0,59,0,0,97,0,97,72,0,72,169
02/12/2021,SNS,CA,AWP,WE,Federal Contract Tower,0,0,31,2,33,0,0,60,0,60,0,0,91,2,93,50,0,50,143
02/13/2021,SNS,CA,AWP,WE,Federal Contract Tower,0,0,16,0,16,0,3,35,0,38,0,3,51,0,54,20,0,20,74
02/14/2021,SNS,CA,AWP,WE,Federal Contract Tower,0,0,29,0,29,0,3,72,0,75,0,3,101,0,104,58,0,58,162
02/15/2021,SNS,CA,AWP,WE,Federal Contract Tower,0,1,33,0,34,0,0,18,0,18,0,1,51,0,52,50,0,50,102
02/16/2021,SNS,CA,AWP,WE,Federal Contract Tower,0,1,51,0,52,0,5,67,1,73,0,6,118,1,125,54,0,54,179
02/17/2021,SNS,CA,AWP,WE,Federal Contract Tower,0,0,46,0,46,0,5,86,0,91,0,5,132,0,137,68,0,68,205
02/18/2021,SNS,CA,AWP,WE,Federal Contract Tower,0,7,72,2,81,0,4,91,2,97,0,11,163,4,178,94,2,96,274
02/19/2021,SNS,CA,AWP,WE,Federal Contract Tower,0,0,32,0,32,0,0,33,0,33,0,0,65,0,65,0,0,0,65
02/20/2021,SNS,CA,AWP,WE,Federal Contract Tower,0,0,14,0,14,0,5,51,0,56,0,5,65,0,70,66,0,66,136
02/21/2021,SNS,CA,AWP,WE,Federal Contract Tower,0,0,61,0,61,0,0,73,0,73,0,0,134,0,134,68,0,68,202
02/22/2021,SNS,CA,AWP,WE,Federal Contract Tower,0,0,28,0,28,0,1,72,0,73,0,1,100,0,101,90,0,90,191
02/23/2021,SNS,CA,AWP,WE,Federal Contract Tower,0,0,58,0,58,0,6,75,0,81,0,6,133,0,139,58,0,58,197
02/24/2021,SNS,CA,AWP,WE,Federal Contract Tower,0,0,15,0,15,0,0,87,2,89,0,0,102,2,104,56,0,56,160
02/25/2021,SNS,CA,AWP,WE,Federal Contract Tower,0,0,33,0,33,0,0,77,2,79,0,0,110,2,112,118,0,118,230
02/26/2021,SNS,CA,AWP,WE,Federal Contract Tower,0,0,25,0,25,0,0,80,0,80,0,0,105,0,105,116,0,116,221
02/27/2021,SNS,CA,AWP,WE,Federal Contract Tower,0,0,11,0,11,0,2,58,4,64,0,2,69,4,75,56,0,56,131
02/28/2021,SNS,CA,AWP,WE,Federal Contract Tower,0,0,38,0,38,0,5,87,0,92,0,5,125,0,130,162,0,162,292
03/01/2021,SNS,CA,AWP,WE,Federal Contract Tower,0,0,42,0,42,0,4,51,2,57,0,4,93,2,99,82,0,82,181
03/02/2021,SNS,CA,AWP,WE,Federal Contract Tower,0,0,44,0,44,0,3,59,0,62,0,3,103,0,106,116,0,116,222
03/03/2021,SNS,CA,AWP,WE,Federal Contract Tower,0,0,51,2,53,0,3,76,0,79,0,3,127,2,132,104,0,104,236
03/04/2021,SNS,CA,AWP,WE,Federal Contract Tower,0,0,47,3,50,0,0,88,4,92,0,0,135,7,142,122,0,122,264
03/05/2021,SNS,CA,AWP,WE,Federal Contract Tower,0,0,32,6,38,0,0,92,2,94,0,0,124,8,132,148,0,148,280
03/06/2021,SNS,CA,AWP,WE,Federal Contract Tower,0,0,33,0,33,0,6,61,0,67,0,6,94,0,100,74,0,74,174
03/07/2021,SNS,CA,AWP,WE,Federal Contract Tower,0,0,54,0,54,0,5,86,0,91,0,5,140,0,145,62,0,62,207
03/08/2021,SNS,CA,AWP,WE,Federal Contract Tower,0,1,37,0,38,0,0,59,0,59,0,1,96,0,97,74,0,74,171
03/09/2021,SNS,CA,AWP,WE,Federal Contract Tower,0,0,40,0,40,0,2,41,0,43,0,2,81,0,83,32,0,32,115
03/10/2021,SNS,CA,AWP,WE,Federal Contract Tower,0,2,41,0,43,0,3,35,1,39,0,5,76,1,82,48,6,54,136
03/11/2021,SNS,CA,AWP,WE,Federal Contract Tower,0,0,40,0,40,0,0,59,0,59,0,0,99,0,99,116,10,126,225
03/12/2021,SNS,CA,AWP,WE,Federal Contract Tower,0,0,36,2,38,0,0,75,2,77,0,0,111,4,115,160,0,160,275
03/13/2021,SNS,CA,AWP,WE,Federal Contract Tower,0,0,27,0,27,0,0,77,0,77,0,0,104,0,104,54,0,54,158
03/14/2021,SNS,CA,AWP,WE,Federal Contract Tower,0,0,33,0,33,0,4,44,0,48,0,4,77,0,81,52,0,52,133
03/15/2021,SNS,CA,AWP,WE,Federal Contract Tower,0,0,29,0,29,0,2,29,2,33,0,2,58,2,62,0,0,0,62
03/16/2021,SNS,CA,AWP,WE,Federal Contract Tower,0,2,51,0,53,0,2,47,2,51,0,4,98,2,104,72,0,72,176
03/17/2021,SNS,CA,AWP,WE,Federal Contract Tower,0,0,54,2,56,0,0,60,2,62,0,0,114,4,118,116,0,116,234
03/18/2021,SNS,CA,AWP,WE,Federal Contract Tower,0,0,14,0,14,0,0,43,2,45,0,0,57,2,59,64,0,64,123
03/19/2021,SNS,CA,AWP,WE,Federal Contract Tower,0,0,8,7,15,0,0,4,1,5,0,0,12,8,20,0,0,0,20
03/20/2021,SNS,CA,AWP,WE,Federal Contract Tower,0,0,26,0,26,0,6,76,0,82,0,6,102,0,108,96,0,96,204
03/21/2021,SNS,CA,AWP,WE,Federal Contract Tower,0,0,38,0,38,0,2,62,2,66,0,2,100,2,104,84,0,84,188
03/22/2021,SNS,CA,AWP,WE,Federal Contract Tower,0,4,48,0,52,0,5,79,1,85,0,9,127,1,137,74,0,74,211
03/23/2021,SNS,CA,AWP,WE,Federal Contract Tower,0,0,37,0,37,0,2,64,2,68,0,2,101,2,105,88,0,88,193
03/24/2021,SNS,CA,AWP,WE,Federal Contract Tower,0,0,29,0,29,0,4,73,0,77,0,4,102,0,106,88,0,88,194
03/25/2021,SNS,CA,AWP,WE,Federal Contract Tower,0,0,18,2,20,0,0,37,0,37,0,0,55,2,57,0,0,0,57
03/26/2021,SNS,CA,AWP,WE,Federal Contract Tower,0,0,34,0,34,0,0,90,2,92,0,0,124,2,126,194,0,194,320
03/27/2021,SNS,CA,AWP,WE,Federal Contract Tower,0,0,56,0,56,0,9,97,0,106,0,9,153,0,162,168,0,168,330
03/28/2021,SNS,CA,AWP,WE,Federal Contract Tower,0,0,27,0,27,0,0,45,0,45,0,0,72,0,72,78,0,78,150
03/29/2021,SNS,CA,AWP,WE,Federal Contract Tower,0,2,52,0,54,0,0,48,1,49,0,2,100,1,103,64,0,64,167
03/30/2021,SNS,CA,AWP,WE,Federal Contract Tower,0,6,64,0,70,0,4,81,1,86,0,10,145,1,156,104,0,104,260
03/31/2021,SNS,CA,AWP,WE,Federal Contract Tower,0,0,42,0,42,0,0,90,3,93,0,0,132,3,135,100,0,100,235
04/01/2021,SNS,CA,AWP,WE,Federal Contract Tower,0,0,14,0,14,0,0,70,2,72,0,0,84,2,86,90,0,90,176
04/02/2021,SNS,CA,AWP,WE,Federal Contract Tower,0,0,63,0,63,0,4,79,0,83,0,4,142,0,146,70,0,70,216
04/03/2021,SNS,CA,AWP,WE,Federal Contract Tower,0,0,24,0,24,0,0,72,2,74,0,0,96,2,98,82,0,82,180
04/04/2021,SNS,CA,AWP,WE,Federal Contract Tower,0,0,30,0,30,0,0,66,0,66,0,0,96,0,96,66,0,66,162
04/05/2021,SNS,CA,AWP,WE,Federal Contract Tower,0,0,32,0,32,0,3,59,0,62,0,3,91,0,94,50,0,50,144
04/06/2021,SNS,CA,AWP,WE,Federal Contract Tower,0,1,28,2,31,0,8,63,0,71,0,9,91,2,102,74,0,74,176
04/07/2021,SNS,CA,AWP,WE,Federal Contract Tower,0,0,46,0,46,0,3,67,2,72,0,3,113,2,118,106,0,106,224
04/08/2021,SNS,CA,AWP,WE,Federal Contract Tower,0,0,58,0,58,0,5,89,2,96,0,5,147,2,154,114,0,114,268
04/09/2021,SNS,CA,AWP,WE,Federal Contract Tower,0,0,46,0,46,0,0,93,0,93,0,0,139,0,139,80,0,80,219
04/10/2021,SNS,CA,AWP,WE,Federal Contract Tower,0,0,30,0,30,0,1,67,0,68,0,1,97,0,98,90,0,90,188
04/11/2021,SNS,CA,AWP,WE,Federal Contract Tower,0,0,44,0,44,0,4,67,0,71,0,4,111,0,115,52,0,52,167
04/12/2021,SNS,CA,AWP,WE,Federal Contract Tower,0,9,65,0,74,0,4,66,0,70,0,13,131,0,144,56,12,68,212
04/13/2021,SNS,CA,AWP,WE,Federal Contract Tower,0,0,65,0,65,0,4,87,12,103,0,4,152,12,168,56,0,56,224
04/14/2021,SNS,CA,AWP,WE,Federal Contract Tower,0,0,22,0,22,0,0,73,0,73,0,0,95,0,95,94,0,94,189
04/15/2021,SNS,CA,AWP,WE,Federal Contract Tower,0,1,56,0,57,0,0,86,2,88,0,1,142,2,145,116,0,116,261
04/16/2021,SNS,CA,AWP,WE,Federal Contract Tower,0,0,35,0,35,0,1,71,0,72,0,1,106,0,107,80,0,80,187
04/17/2021,SNS,CA,AWP,WE,Federal Contract Tower,0,0,30,0,30,0,2,67,0,69,0,2,97,0,99,52,0,52,151
04/18/2021,SNS,CA,AWP,WE,Federal Contract Tower,0,0,19,0,19,0,6,54,0,60,0,6,73,0,79,84,0,84,163
04/19/2021,SNS,CA,AWP,WE,Federal Contract Tower,0,0,47,2,49,0,0,64,2,66,0,0,111,4,115,58,0,58,173
04/20/2021,SNS,CA,AWP,WE,Federal Contract Tower,0,4,46,0,50,0,0,44,2,46,0,4,90,2,96,66,0,66,162
04/21/2021,SNS,CA,AWP,WE,Federal Contract Tower,0,0,36,0,36,0,0,61,2,63,0,0,97,2,99,64,0,64,163
04/22/2021,SNS,CA,AWP,WE,Federal Contract Tower,0,0,49,0,49,0,1,85,2,88,0,1,134,2,137,86,0,86,223
04/23/2021,SNS,CA,AWP,WE,Federal Contract Tower,0,5,51,0,56,0,0,86,0,86,0,5,137,0,142,88,0,88,230
04/24/2021,SNS,CA,AWP,WE,Federal Contract Tower,0,0,53,0,53,0,0,68,0,68,0,0,121,0,121,64,0,64,185
04/25/2021,SNS,CA,AWP,WE,Federal Contract Tower,0,0,44,0,44,0,6,37,0,43,0,6,81,0,87,54,0,54,141
04/26/2021,SNS,CA,AWP,WE,Federal Contract Tower,0,0,51,0,51,0,0,95,1,96,0,0,146,1,147,74,0,74,221
04/27/2021,SNS,CA,AWP,WE,Federal Contract Tower,0,0,63,1,64,0,2,117,2,121,0,2,180,3,185,134,0,134,319
04/28/2021,SNS,CA,AWP,WE,Federal Contract Tower,0,0,62,0,62,0,0,114,2,116,0,0,176,2,178,126,0,126,304
04/29/2021,SNS,CA,AWP,WE,Federal Contract Tower,0,0,54,1,55,0,0,112,1,113,0,0,166,2,168,112,10,122,290
04/30/2021,SNS,CA,AWP,WE,Federal Contract Tower,0,4,52,2,58,0,1,120,3,124,0,5,172,5,182,84,0,84,266
05/01/2021,SNS,CA,AWP,WE,Federal Contract Tower,0,0,56,2,58,0,1,34,0,35,0,1,90,2,93,20,0,20,113
05/02/2021,SNS,CA,AWP,WE,Federal Contract Tower,0,0,35,0,35,0,1,66,2,69,0,1,101,2,104,70,0,70,174
05/03/2021,SNS,CA,AWP,WE,Federal Contract Tower,0,0,71,0,71,0,4,63,2,69,0,4,134,2,140,0,0,0,140
05/04/2021,SNS,CA,AWP,WE,Federal Contract Tower,0,0,71,10,81,0,1,133,1,135,0,1,204,11,216,94,0,94,310
05/05/2021,SNS,CA,AWP,WE,Federal Contract Tower,0,0,64,0,64,0,2,60,3,65,0,2,124,3,129,56,0,56,185
05/06/2021,SNS,CA,AWP,WE,Federal Contract Tower,0,3,89,0,92,0,2,111,2,115,0,5,200,2,207,86,0,86,293
05/07/2021,SNS,CA,AWP,WE,Federal Contract Tower,0,2,55,0,57,0,2,91,0,93,0,4,146,0,150,82,0,82,232
05/08/2021,SNS,CA,AWP,WE,Federal Contract Tower,0,0,75,0,75,0,0,86,0,86,0,0,161,0,161,128,0,128,289
05/09/2021,SNS,CA,AWP,WE,Federal Contract Tower,0,0,36,0,36,0,0,71,8,79,0,0,107,8,115,74,0,74,189
05/10/2021,SNS,CA,AWP,WE,Federal Contract Tower,0,15,42,5,62,0,7,89,4,100,0,22,131,9,162,52,8,60,222
05/11/2021,SNS,CA,AWP,WE,Federal Contract Tower,0,0,88,4,92,0,4,59,0,63,0,4,147,4,155,44,0,44,199
05/12/2021,SNS,CA,AWP,WE,Federal Contract Tower,0,3,79,3,85,0,3,72,1,76,0,6,151,4,161,54,12,66,227
05/14/2021,SNS,CA,AWP,WE,Federal Contract Tower,0,0,41,0,41,0,0,27,1,28,0,0,68,1,69,30,0,30,99
05/15/2021,SNS,CA,AWP,WE,Federal Contract Tower,0,0,33,1,34,0,3,22,1,26,0,3,55,2,60,20,0,20,80
05/16/2021,SNS,CA,AWP,WE,Federal Contract Tower,0,0,54,2,56,0,2,25,0,27,0,2,79,2,83,48,0,48,131
05/17/2021,SNS,CA,AWP,WE,Federal Contract Tower,0,0,44,0,44,0,4,45,2,51,0,4,89,2,95,38,0,38,133
05/18/2021,SNS,CA,AWP,WE,Federal Contract Tower,0,0,39,0,39,0,3,80,2,85,0,3,119,2,124,74,0,74,198
05/19/2021,SNS,CA,AWP,WE,Federal Contract Tower,0,0,39,0,39,0,0,53,7,60,0,0,92,7,99,46,0,46,145
05/20/2021,SNS,CA,AWP,WE,Federal Contract Tower,0,0,43,3,46,0,3,65,4,72,0,3,108,7,118,86,0,86,204
05/21/2021,SNS,CA,AWP,WE,Federal Contract Tower,0,0,50,4,54,0,2,88,0,90,0,2,138,4,144,86,0,86,230
05/22/2021,SNS,CA,AWP,WE,Federal Contract Tower,0,0,19,0,19,0,0,54,4,58,0,0,73,4,77,52,0,52,129
05/23/2021,SNS,CA,AWP,WE,Federal Contract Tower,0,0,21,0,21,0,0,59,0,59,0,0,80,0,80,48,0,48,128
05/24/2021,SNS,CA,AWP,WE,Federal Contract Tower,0,0,22,3,25,0,0,32,1,33,0,0,54,4,58,32,0,32,90
05/25/2021,SNS,CA,AWP,WE,Federal Contract Tower,0,0,41,0,41,0,0,59,2,61,0,0,100,2,102,46,0,46,148
05/26/2021,SNS,CA,AWP,WE,Federal Contract Tower,0,0,66,1,67,0,6,66,3,75,0,6,132,4,142,51,0,51,193
05/27/2021,SNS,CA,AWP,WE,Federal Contract Tower,0,0,50,0,50,0,0,79,3,82,0,0,129,3,132,72,0,72,204
05/28/2021,SNS,CA,AWP,WE,Federal Contract Tower,0,0,56,0,56,0,0,48,1,49,0,0,104,1,105,54,0,54,159
05/29/2021,SNS,CA,AWP,WE,Federal Contract Tower,0,0,31,0,31,0,0,33,0,33,0,0,64,0,64,62,0,62,126
05/30/2021,SNS,CA,AWP,WE,Federal Contract Tower,0,0,18,0,18,0,0,33,0,33,0,0,51,0,51,66,0,66,117
05/31/2021,SNS,CA,AWP,WE,Federal Contract Tower,0,1,22,0,23,0,4,85,0,89,0,5,107,0,112,108,0,108,220
06/01/2021,SNS,CA,AWP,WE,Federal Contract Tower,0,0,48,1,49,0,2,45,2,49,0,2,93,3,98,56,0,56,154
06/02/2021,SNS,CA,AWP,WE,Federal Contract Tower,0,0,76,0,76,0,0,41,2,43,0,0,117,2,119,42,6,48,167
06/03/2021,SNS,CA,AWP,WE,Federal Contract Tower,0,0,53,2,55,0,0,48,5,53,0,0,101,7,108,104,8,112,220
06/04/2021,SNS,CA,AWP,WE,Federal Contract Tower,0,4,53,0,57,0,0,42,1,43,0,4,95,1,100,58,0,58,158
06/05/2021,SNS,CA,AWP,WE,Federal Contract Tower,0,0,49,0,49,0,1,58,0,59,0,1,107,0,108,88,0,88,196
06/06/2021,SNS,CA,AWP,WE,Federal Contract Tower,0,2,40,0,42,0,4,63,0,67,0,6,103,0,109,72,0,72,181
06/07/2021,SNS,CA,AWP,WE,Federal Contract Tower,0,0,34,0,34,0,3,64,2,69,0,3,98,2,103,62,0,62,165
06/08/2021,SNS,CA,AWP,WE,Federal Contract Tower,0,3,40,5,48,0,3,104,4,111,0,6,144,9,159,120,0,120,279
06/09/2021,SNS,CA,AWP,WE,Federal Contract Tower,0,0,32,1,33,0,0,89,1,90,0,0,121,2,123,76,0,76,199
06/10/2021,SNS,CA,AWP,WE,Federal Contract Tower,0,0,41,0,41,0,3,92,4,99,0,3,133,4,140,98,0,98,238
06/11/2021,SNS,CA,AWP,WE,Federal Contract Tower,0,2,30,0,32,0,0,81,0,81,0,2,111,0,113,70,0,70,183
06/12/2021,SNS,CA,AWP,WE,Federal Contract Tower,0,0,29,0,29,0,0,103,1,104,0,0,132,1,133,106,0,106,239
06/13/2021,SNS,CA,AWP,WE,Federal Contract Tower,0,0,31,0,31,0,6,69,0,75,0,6,100,0,106,68,0,68,174
06/14/2021,SNS,CA,AWP,WE,Federal Contract Tower,0,0,34,0,34,0,6,66,6,78,0,6,100,6,112,34,0,34,146
06/15/2021,SNS,CA,AWP,WE,Federal Contract Tower,0,0,36,7,43,0,1,80,1,82,0,1,116,8,125,110,0,110,235
06/16/2021,SNS,CA,AWP,WE,Federal Contract Tower,0,0,32,3,35,0,2,56,3,61,0,2,88,6,96,74,0,74,170
06/17/2021,SNS,CA,AWP,WE,Federal Contract Tower,0,0,34,0,34,0,5,72,3,80,0,5,106,3,114,72,14,86,200
06/18/2021,SNS,CA,AWP,WE,Federal Contract Tower,0,0,43,0,43,0,0,49,0,49,0,0,92,0,92,8,0,8,100
06/19/2021,SNS,CA,AWP,WE,Federal Contract Tower,0,1,28,0,29,0,2,37,0,39,0,3,65,0,68,32,0,32,100
06/20/2021,SNS,CA,AWP,WE,Federal Contract Tower,0,0,13,0,13,0,2,44,0,46,0,2,57,0,59,68,0,68,127
06/21/2021,SNS,CA,AWP,WE,Federal Contract Tower,0,1,44,7,52,0,0,42,1,43,0,1,86,8,95,46,8,54,149
06/22/2021,SNS,CA,AWP,WE,Federal Contract Tower,0,0,28,0,28,0,3,57,6,66,0,3,85,6,94,104,0,104,198
06/23/2021,SNS,CA,AWP,WE,Federal Contract Tower,0,0,33,0,33,0,6,86,2,94,0,6,119,2,127,92,0,92,219
06/24/2021,SNS,CA,AWP,WE,Federal Contract Tower,0,2,26,0,28,0,4,56,4,64,0,6,82,4,92,103,0,103,195
06/25/2021,SNS,CA,AWP,WE,Federal Contract Tower,0,0,32,0,32,0,0,46,1,47,0,0,78,1,79,18,0,18,97
06/26/2021,SNS,CA,AWP,WE,Federal Contract Tower,0,0,38,1,39,0,4,43,1,48,0,4,81,2,87,42,0,42,129
06/27/2021,SNS,CA,AWP,WE,Federal Contract Tower,0,0,19,0,19,0,3,49,0,52,0,3,68,0,71,46,0,46,117
06/28/2021,SNS,CA,AWP,WE,Federal Contract Tower,0,0,20,0,20,0,3,50,1,54,0,3,70,1,74,52,0,52,126
06/29/2021,SNS,CA,AWP,WE,Federal Contract Tower,0,4,46,0,50,0,0,55,0,55,0,4,101,0,105,66,0,66,171
06/30/2021,SNS,CA,AWP,WE,Federal Contract Tower,0,2,22,0,24,0,9,35,0,44,0,11,57,0,68,40,0,40,108
07/01/2021,SNS,CA,AWP,WE,Federal Contract Tower,0,7,27,0,34,0,0,19,0,19,0,7,46,0,53,26,0,26,79
07/02/2021,SNS,CA,AWP,WE,Federal Contract Tower,0,1,29,0,30,0,1,55,0,56,0,2,84,0,86,64,0,64,150
07/03/2021,SNS,CA,AWP,WE,Federal Contract Tower,0,0,18,0,18,0,7,41,0,48,0,7,59,0,66,36,0,36,102
07/04/2021,SNS,CA,AWP,WE,Federal Contract Tower,0,2,15,0,17,0,8,22,0,30,0,10,37,0,47,8,0,8,55
07/05/2021,SNS,CA,AWP,WE,Federal Contract Tower,0,3,33,0,36,0,1,48,0,49,0,4,81,0,85,44,0,44,129
07/06/2021,SNS,CA,AWP,WE,Federal Contract Tower,0,0,34,1,35,0,5,36,1,42,0,5,70,2,77,96,0,96,173
07/07/2021,SNS,CA,AWP,WE,Federal Contract Tower,0,1,41,0,42,0,0,34,0,34,0,1,75,0,76,24,0,24,100
07/08/2021,SNS,CA,AWP,WE,Federal Contract Tower,0,0,48,0,48,0,0,53,0,53,0,0,101,0,101,156,0,156,257
07/09/2021,SNS,CA,AWP,WE,Federal Contract Tower,0,0,40,0,40,0,3,53,2,58,0,3,93,2,98,96,0,96,194
07/10/2021,SNS,CA,AWP,WE,Federal Contract Tower,0,1,36,1,38,0,6,72,0,78,0,7,108,1,116,60,0,60,176
07/11/2021,SNS,CA,AWP,WE,Federal Contract Tower,0,0,30,0,30,0,7,32,0,39,0,7,62,0,69,20,0,20,89
07/12/2021,SNS,CA,AWP,WE,Federal Contract Tower,0,0,48,0,48,0,2,55,0,57,0,2,103,0,105,30,0,30,135
07/13/2021,SNS,CA,AWP,WE,Federal Contract Tower,0,0,30,0,30,0,2,27,0,29,0,2,57,0,59,34,0,34,93
07/14/2021,SNS,CA,AWP,WE,Federal Contract Tower,0,2,53,0,55,0,3,43,7,53,0,5,96,7,108,76,0,76,184
07/15/2021,SNS,CA,AWP,WE,Federal Contract Tower,0,4,47,2,53,0,1,45,0,46,0,5,92,2,99,76,0,76,175
07/16/2021,SNS,CA,AWP,WE,Federal Contract Tower,0,1,37,0,38,0,0,42,0,42,0,1,79,0,80,50,0,50,130
07/17/2021,SNS,CA,AWP,WE,Federal Contract Tower,0,4,16,0,20,0,12,50,0,62,0,16,66,0,82,52,0,52,134
07/18/2021,SNS,CA,AWP,WE,Federal Contract Tower,0,0,27,0,27,0,7,33,0,40,0,7,60,0,67,36,0,36,103
07/19/2021,SNS,CA,AWP,WE,Federal Contract Tower,0,0,16,3,19,0,6,35,1,42,0,6,51,4,61,4,0,4,65
07/20/2021,SNS,CA,AWP,WE,Federal Contract Tower,0,0,51,2,53,0,5,41,1,47,0,5,92,3,100,60,0,60,160
07/21/2021,SNS,CA,AWP,WE,Federal Contract Tower,0,4,29,0,33,0,0,34,0,34,0,4,63,0,67,41,0,41,108
07/22/2021,SNS,CA,AWP,WE,Federal Contract Tower,0,0,55,1,56,0,0,68,3,71,0,0,123,4,127,32,0,32,159
07/23/2021,SNS,CA,AWP,WE,Federal Contract Tower,0,0,53,0,53,0,2,38,2,42,0,2,91,2,95,42,0,42,137
07/24/2021,SNS,CA,AWP,WE,Federal Contract Tower,0,1,31,0,32,0,3,28,0,31,0,4,59,0,63,40,0,40,103
07/25/2021,SNS,CA,AWP,WE,Federal Contract Tower,0,0,33,0,33,0,8,44,0,52,0,8,77,0,85,56,0,56,141
07/26/2021,SNS,CA,AWP,WE,Federal Contract Tower,0,0,39,0,39,0,2,49,0,51,0,2,88,0,90,14,0,14,104
07/27/2021,SNS,CA,AWP,WE,Federal Contract Tower,0,0,43,2,45,0,3,84,2,89,0,3,127,4,134,54,6,60,194
07/28/2021,SNS,CA,AWP,WE,Federal Contract Tower,0,0,41,2,43,0,0,68,2,70,0,0,109,4,113,74,0,74,187
07/29/2021,SNS,CA,AWP,WE,Federal Contract Tower,0,5,51,2,58,0,1,47,9,57,0,6,98,11,115,84,0,84,199
07/30/2021,SNS,CA,AWP,WE,Federal Contract Tower,0,1,73,0,74,0,4,71,0,75,0,5,144,0,149,20,0,20,169
07/31/2021,SNS,CA,AWP,WE,Federal Contract Tower,0,0,54,0,54,0,3,45,0,48,0,3,99,0,102,48,0,48,150
08/01/2021,SNS,CA,AWP,WE,Federal Contract Tower,0,1,17,1,19,0,12,41,0,53,0,13,58,1,72,36,0,36,108
08/02/2021,SNS,CA,AWP,WE,Federal Contract Tower,0,0,46,0,46,0,0,48,4,52,0,0,94,4,98,90,0,90,188
08/03/2021,SNS,CA,AWP,WE,Federal Contract Tower,0,0,46,13,59,0,0,52,4,56,0,0,98,17,115,57,0,57,172
08/04/2021,SNS,CA,AWP,WE,Federal Contract Tower,0,2,43,0,45,0,0,50,1,51,0,2,93,1,96,72,0,72,168
08/05/2021,SNS,CA,AWP,WE,Federal Contract Tower,0,0,69,0,69,0,4,79,3,86,0,4,148,3,155,142,0,142,297
08/06/2021,SNS,CA,AWP,WE,Federal Contract Tower,0,0,47,3,50,0,0,52,1,53,0,0,99,4,103,30,0,30,133
08/07/2021,SNS,CA,AWP,WE,Federal Contract Tower,0,0,36,0,36,0,3,45,0,48,0,3,81,0,84,48,0,48,132
08/08/2021,SNS,CA,AWP,WE,Federal Contract Tower,0,0,7,0,7,0,12,58,0,70,0,12,65,0,77,52,0,52,129
08/09/2021,SNS,CA,AWP,WE,Federal Contract Tower,0,1,16,2,19,0,6,50,0,56,0,7,66,2,75,90,0,90,165
08/10/2021,SNS,CA,AWP,WE,Federal Contract Tower,0,0,26,0,26,0,2,55,3,60,0,2,81,3,86,70,0,70,156
08/11/2021,SNS,CA,AWP,WE,Federal Contract Tower,0,0,35,0,35,0,0,50,0,50,0,0,85,0,85,90,0,90,175
08/12/2021,SNS,CA,AWP,WE,Federal Contract Tower,0,0,15,0,15,0,2,71,1,74,0,2,86,1,89,100,0,100,189
08/13/2021,SNS,CA,AWP,WE,Federal Contract Tower,0,0,26,3,29,0,0,60,3,63,0,0,86,6,92,28,0,28,120
08/14/2021,SNS,CA,AWP,WE,Federal Contract Tower,0,0,23,0,23,0,0,34,3,37,0,0,57,3,60,48,0,48,108
08/15/2021,SNS,CA,AWP,WE,Federal Contract Tower,0,2,55,0,57,0,4,47,3,54,0,6,102,3,111,32,0,32,143
08/16/2021,SNS,CA,AWP,WE,Federal Contract Tower,0,0,60,3,63,0,8,25,1,34,0,8,85,4,97,24,0,24,121
08/17/2021,SNS,CA,AWP,WE,Federal Contract Tower,0,0,42,1,43,0,0,30,0,30,0,0,72,1,73,62,0,62,135
08/18/2021,SNS,CA,AWP,WE,Federal Contract Tower,0,0,22,2,24,0,2,48,3,53,0,2,70,5,77,122,0,122,199
08/19/2021,SNS,CA,AWP,WE,Federal Contract Tower,0,0,33,3,36,0,0,21,0,21,0,0,54,3,57,62,0,62,119
08/20/2021,SNS,CA,AWP,WE,Federal Contract Tower,0,0,25,0,25,0,2,5,9,16,0,2,30,9,41,0,0,0,41
08/21/2021,SNS,CA,AWP,WE,Federal Contract Tower,0,0,23,0,23,0,1,6,0,7,0,1,29,0,30,10,0,10,40
08/22/2021,SNS,CA,AWP,WE,Federal Contract Tower,0,0,9,0,9,0,8,39,0,47,0,8,48,0,56,26,0,26,82
08/23/2021,SNS,CA,AWP,WE,Federal Contract Tower,0,0,15,2,17,0,0,46,1,47,0,0,61,3,64,40,0,40,104
08/24/2021,SNS,CA,AWP,WE,Federal Contract Tower,0,0,24,3,27,0,3,21,2,26,0,3,45,5,53,36,0,36,89
08/25/2021,SNS,CA,AWP,WE,Federal Contract Tower,0,1,37,4,42,0,2,60,0,62,0,3,97,4,104,62,0,62,166
08/26/2021,SNS,CA,AWP,WE,Federal Contract Tower,0,1,50,1,52,0,1,47,1,49,0,2,97,2,101,64,0,64,165
08/27/2021,SNS,CA,AWP,WE,Federal Contract Tower,0,4,36,0,40,0,0,65,3,68,0,4,101,3,108,78,0,78,186
08/28/2021,SNS,CA,AWP,WE,Federal Contract Tower,0,0,20,1,21,0,1,54,0,55,0,1,74,1,76,162,0,162,238
08/29/2021,SNS,CA,AWP,WE,Federal Contract Tower,0,0,61,0,61,0,11,79,0,90,0,11,140,0,151,56,0,56,207
08/30/2021,SNS,CA,AWP,WE,Federal Contract Tower,0,0,22,1,23,0,1,31,1,33,0,1,53,2,56,52,0,52,108
08/31/2021,SNS,CA,AWP,WE,Federal Contract Tower,0,0,16,2,18,0,7,59,2,68,0,7,75,4,86,70,10,80,166
09/01/2021,SNS,CA,AWP,WE,Federal Contract Tower,0,0,27,0,27,0,4,53,1,58,0,4,80,1,85,30,0,30,115
09/02/2021,SNS,CA,AWP,WE,Federal Contract Tower,0,1,17,3,21,0,1,40,4,45,0,2,57,7,66,22,0,22,88
09/03/2021,SNS,CA,AWP,WE,Federal Contract Tower,0,0,21,0,21,0,11,56,2,69,0,11,77,2,90,22,6,28,118
09/04/2021,SNS,CA,AWP,WE,Federal Contract Tower,0,0,17,0,17,0,0,26,0,26,0,0,43,0,43,4,0,4,47
09/05/2021,SNS,CA,AWP,WE,Federal Contract Tower,0,0,32,1,33,0,5,45,0,50,0,5,77,1,83,32,0,32,115
09/06/2021,SNS,CA,AWP,WE,Federal Contract Tower,0,2,9,0,11,0,2,58,0,60,0,4,67,0,71,34,0,34,105
09/07/2021,SNS,CA,AWP,WE,Federal Contract Tower,0,0,29,0,29,0,2,74,3,79,0,2,103,3,108,112,0,112,220
09/08/2021,SNS,CA,AWP,WE,Federal Contract Tower,0,0,34,0,34,0,3,60,1,64,0,3,94,1,98,48,0,48,146
09/09/2021,SNS,CA,AWP,WE,Federal Contract Tower,0,0,44,0,44,0,0,37,3,40,0,0,81,3,84,22,0,22,106
09/10/2021,SNS,CA,AWP,WE,Federal Contract Tower,0,4,73,0,77,0,3,68,0,71,0,7,141,0,148,78,0,78,226
09/11/2021,SNS,CA,AWP,WE,Federal Contract Tower,0,0,29,0,29,0,0,52,0,52,0,0,81,0,81,108,0,108,189
09/12/2021,SNS,CA,AWP,WE,Federal Contract Tower,0,3,42,0,45,0,8,55,1,64,0,11,97,1,109,72,0,72,181
09/13/2021,SNS,CA,AWP,WE,Federal Contract Tower,0,2,42,0,44,0,3,38,2,43,0,5,80,2,87,2,0,2,89
09/14/2021,SNS,CA,AWP,WE,Federal Contract Tower,0,8,56,2,66,0,1,57,2,60,0,9,113,4,126,42,0,42,168
09/15/2021,SNS,CA,AWP,WE,Federal Contract Tower,0,8,51,3,62,0,3,48,1,52,0,11,99,4,114,28,8,36,150
09/16/2021,SNS,CA,AWP,WE,Federal Contract Tower,0,7,49,1,57,0,13,35,2,50,0,20,84,3,107,28,0,28,135
09/17/2021,SNS,CA,AWP,WE,Federal Contract Tower,0,0,25,0,25,0,5,47,1,53,0,5,72,1,78,32,0,32,110
09/18/2021,SNS,CA,AWP,WE,Federal Contract Tower,0,0,36,0,36,0,1,35,2,38,0,1,71,2,74,30,0,30,104
09/19/2021,SNS,CA,AWP,WE,Federal Contract Tower,0,2,19,0,21,0,6,59,0,65,0,8,78,0,86,54,0,54,140
09/20/2021,SNS,CA,AWP,WE,Federal Contract Tower,0,0,29,0,29,0,12,63,0,75,0,12,92,0,104,20,0,20,124
09/21/2021,SNS,CA,AWP,WE,Federal Contract Tower,0,0,26,0,26,0,18,60,2,80,0,18,86,2,106,72,0,72,178
09/22/2021,SNS,CA,AWP,WE,Federal Contract Tower,0,7,33,4,44,0,18,63,1,82,0,25,96,5,126,38,0,38,164
09/23/2021,SNS,CA,AWP,WE,Federal Contract Tower,0,2,52,2,56,0,8,63,5,76,0,10,115,7,132,40,0,40,172
09/24/2021,SNS,CA,AWP,WE,Federal Contract Tower,0,0,44,0,44,0,0,44,0,44,0,0,88,0,88,48,0,48,136
09/25/2021,SNS,CA,AWP,WE,Federal Contract Tower,0,0,55,1,56,0,4,68,0,72,0,4,123,1,128,28,0,28,156
09/26/2021,SNS,CA,AWP,WE,Federal Contract Tower,0,0,21,0,21,0,7,72,0,79,0,7,93,0,100,56,0,56,156
09/27/2021,SNS,CA,AWP,WE,Federal Contract Tower,0,0,48,1,49,0,1,46,1,48,0,1,94,2,97,40,0,40,137
09/28/2021,SNS,CA,AWP,WE,Federal Contract Tower,0,0,15,0,15,0,3,81,0,84,0,3,96,0,99,52,0,52,151
09/29/2021,SNS,CA,AWP,WE,Federal Contract Tower,0,0,25,0,25,0,4,0,2,6,0,4,25,2,31,116,0,116,147
09/30/2021,SNS,CA,AWP,WE,Federal Contract Tower,0,2,28,0,30,0,7,98,2,107,0,9,126,2,137,58,0,58,195
10/01/2021,SNS,CA,AWP,WE,Federal Contract Tower,0,0,35,0,35,0,9,69,2,80,0,9,104,2,115,44,0,44,159
10/02/2021,SNS,CA,AWP,WE,Federal Contract Tower,0,0,17,0,17,0,6,77,0,83,0,6,94,0,100,42,0,42,142
10/03/2021,SNS,CA,AWP,WE,Federal Contract Tower,0,0,21,0,21,0,11,95,0,106,0,11,116,0,127,56,0,56,183
10/04/2021,SNS,CA,AWP,WE,Federal Contract Tower,0,0,29,0,29,0,5,84,2,91,0,5,113,2,120,106,0,106,226
10/05/2021,SNS,CA,AWP,WE,Federal Contract Tower,0,0,27,4,31,0,3,52,1,56,0,3,79,5,87,80,0,80,167
10/06/2021,SNS,CA,AWP,WE,Federal Contract Tower,0,0,50,3,53,0,6,96,0,102,0,6,146,3,155,40,0,40,195
10/07/2021,SNS,CA,AWP,WE,Federal Contract Tower,0,0,26,1,27,0,9,58,2,69,0,9,84,3,96,22,0,22,118
10/08/2021,SNS,CA,AWP,WE,Federal Contract Tower,0,2,36,5,43,0,0,64,2,66,0,2,100,7,109,18,0,18,127
10/09/2021,SNS,CA,AWP,WE,Federal Contract Tower,0,0,21,1,22,0,5,58,0,63,0,5,79,1,85,16,0,16,101
10/10/2021,SNS,CA,AWP,WE,Federal Contract Tower,0,0,32,0,32,0,16,81,0,97,0,16,113,0,129,46,0,46,175
10/11/2021,SNS,CA,AWP,WE,Federal Contract Tower,0,0,16,0,16,0,1,57,0,58,0,1,73,0,74,6,0,6,80
10/12/2021,SNS,CA,AWP,WE,Federal Contract Tower,0,0,13,1,14,0,14,74,0,88,0,14,87,1,102,50,0,50,152
10/13/2021,SNS,CA,AWP,WE,Federal Contract Tower,0,2,47,0,49,0,9,74,3,86,0,11,121,3,135,58,0,58,193
10/14/2021,SNS,CA,AWP,WE,Federal Contract Tower,0,0,32,2,34,0,2,94,0,96,0,2,126,2,130,146,0,146,276
10/15/2021,SNS,CA,AWP,WE,Federal Contract Tower,0,0,51,1,52,0,1,111,1,113,0,1,162,2,165,124,0,124,289
10/16/2021,SNS,CA,AWP,WE,Federal Contract Tower,0,0,29,0,29,0,7,89,0,96,0,7,118,0,125,56,0,56,181
10/17/2021,SNS,CA,AWP,WE,Federal Contract Tower,0,0,25,0,25,0,4,45,0,49,0,4,70,0,74,0,0,0,74
10/18/2021,SNS,CA,AWP,WE,Federal Contract Tower,0,0,9,0,9,0,5,60,2,67,0,5,69,2,76,40,0,40,116
10/19/2021,SNS,CA,AWP,WE,Federal Contract Tower,0,0,69,0,69,0,3,127,2,132,0,3,196,2,201,104,0,104,305
10/20/2021,SNS,CA,AWP,WE,Federal Contract Tower,0,0,30,1,31,0,12,66,3,81,0,12,96,4,112,14,10,24,136
10/21/2021,SNS,CA,AWP,WE,Federal Contract Tower,0,0,39,3,42,0,2,68,9,79,0,2,107,12,121,34,0,34,155
10/22/2021,SNS,CA,AWP,WE,Federal Contract Tower,0,2,56,0,58,0,4,75,0,79,0,6,131,0,137,16,0,16,153
10/23/2021,SNS,CA,AWP,WE,Federal Contract Tower,0,0,42,0,42,0,3,63,0,66,0,3,105,0,108,32,0,32,140
10/24/2021,SNS,CA,AWP,WE,Federal Contract Tower,0,0,13,0,13,0,5,5,0,10,0,5,18,0,23,16,0,16,39
10/25/2021,SNS,CA,AWP,WE,Federal Contract Tower,0,3,24,0,27,0,5,51,13,69,0,8,75,13,96,32,0,32,128
10/26/2021,SNS,CA,AWP,WE,Federal Contract Tower,0,0,26,2,28,0,10,79,4,93,0,10,105,6,121,22,0,22,143
10/27/2021,SNS,CA,AWP,WE,Federal Contract Tower,0,0,11,0,11,0,10,96,1,107,0,10,107,1,118,26,0,26,144
10/28/2021,SNS,CA,AWP,WE,Federal Contract Tower,0,0,11,0,11,0,0,62,2,64,0,0,73,2,75,0,22,22,97
10/29/2021,SNS,CA,AWP,WE,Federal Contract Tower,0,0,3,0,3,0,9,125,18,152,0,9,128,18,155,98,64,162,317
10/30/2021,SNS,CA,AWP,WE,Federal Contract Tower,0,0,27,0,27,0,13,52,3,68,0,13,79,3,95,40,28,68,163
10/31/2021,SNS,CA,AWP,WE,Federal Contract Tower,0,0,3,0,3,0,11,127,8,146,0,11,130,8,149,78,0,78,227
11/01/2021,SNS,CA,AWP,WE,Federal Contract Tower,0,0,7,0,7,0,1,48,4,53,0,1,55,4,60,14,0,14,74
11/02/2021,SNS,CA,AWP,WE,Federal Contract Tower,0,0,23,0,23,0,10,81,3,94,0,10,104,3,117,80,0,80,197
11/03/2021,SNS,CA,AWP,WE,Federal Contract Tower,0,2,49,4,55,0,0,50,1,51,0,2,99,5,106,24,0,24,130
11/04/2021,SNS,CA,AWP,WE,Federal Contract Tower,0,0,49,0,49,0,4,85,9,98,0,4,134,9,147,82,0,82,229
11/05/2021,SNS,CA,AWP,WE,Federal Contract Tower,0,0,76,3,79,0,0,119,3,122,0,0,195,6,201,54,0,54,255
11/06/2021,SNS,CA,AWP,WE,Federal Contract Tower,0,0,12,0,12,0,1,44,0,45,0,1,56,0,57,48,0,48,105
11/07/2021,SNS,CA,AWP,WE,Federal Contract Tower,0,0,28,0,28,0,4,88,0,92,0,4,116,0,120,28,0,28,148
11/08/2021,SNS,CA,AWP,WE,Federal Contract Tower,0,0,20,0,20,0,12,62,2,76,0,12,82,2,96,44,0,44,140
11/09/2021,SNS,CA,AWP,WE,Federal Contract Tower,0,0,53,2,55,0,1,52,2,55,0,1,105,4,110,14,0,14,124
11/10/2021,SNS,CA,AWP,WE,Federal Contract Tower,0,3,44,3,50,0,5,80,0,85,0,8,124,3,135,66,0,66,201
11/11/2021,SNS,CA,AWP,WE,Federal Contract Tower,0,0,51,0,51,0,5,107,0,112,0,5,158,0,163,100,0,100,263
11/12/2021,SNS,CA,AWP,WE,Federal Contract Tower,0,2,52,4,58,0,3,120,2,125,0,5,172,6,183,44,0,44,227
11/13/2021,SNS,CA,AWP,WE,Federal Contract Tower,0,0,35,0,35,0,5,110,0,115,0,5,145,0,150,112,0,112,262
11/14/2021,SNS,CA,AWP,WE,Federal Contract Tower,0,0,34,0,34,0,2,100,0,102,0,2,134,0,136,22,0,22,158
11/15/2021,SNS,CA,AWP,WE,Federal Contract Tower,0,2,57,6,65,0,12,93,0,105,0,14,150,6,170,62,0,62,232
11/16/2021,SNS,CA,AWP,WE,Federal Contract Tower,0,2,55,1,58,0,3,41,4,48,0,5,96,5,106,26,0,26,132
11/17/2021,SNS,CA,AWP,WE,Federal Contract Tower,0,0,23,1,24,0,5,53,1,59,0,5,76,2,83,34,0,34,117
11/18/2021,SNS,CA,AWP,WE,Federal Contract Tower,0,0,31,2,33,0,0,37,6,43,0,0,68,8,76,60,0,60,136
11/19/2021,SNS,CA,AWP,WE,Federal Contract Tower,0,1,44,4,49,0,2,47,12,61,0,3,91,16,110,8,0,8,118
11/20/2021,SNS,CA,AWP,WE,Federal Contract Tower,0,0,8,0,8,0,4,107,0,111,0,4,115,0,119,110,0,110,229
11/21/2021,SNS,CA,AWP,WE,Federal Contract Tower,0,1,24,0,25,0,0,81,0,81,0,1,105,0,106,22,0,22,128
11/22/2021,SNS,CA,AWP,WE,Federal Contract Tower,0,0,44,1,45,0,4,124,5,133,0,4,168,6,178,72,10,82,260
11/23/2021,SNS,CA,AWP,WE,Federal Contract Tower,0,0,20,0,20,0,10,100,2,112,0,10,120,2,132,114,0,114,246
11/24/2021,SNS,CA,AWP,WE,Federal Contract Tower,0,0,40,0,40,0,0,84,0,84,0,0,124,0,124,40,0,40,164
11/25/2021,SNS,CA,AWP,WE,Federal Contract Tower,0,0,4,0,4,0,3,19,0,22,0,3,23,0,26,0,0,0,26
11/26/2021,SNS,CA,AWP,WE,Federal Contract Tower,0,0,16,0,16,0,5,83,0,88,0,5,99,0,104,30,0,30,134
11/27/2021,SNS,CA,AWP,WE,Federal Contract Tower,0,0,13,0,13,0,0,74,0,74,0,0,87,0,87,176,0,176,263
11/28/2021,SNS,CA,AWP,WE,Federal Contract Tower,0,0,21,0,21,0,3,138,0,141,0,3,159,0,162,80,0,80,242
11/29/2021,SNS,CA,AWP,WE,Federal Contract Tower,0,0,29,1,30,0,0,61,2,63,0,0,90,3,93,42,0,42,135
11/30/2021,SNS,CA,AWP,WE,Federal Contract Tower,0,3,38,0,41,0,10,88,3,101,0,13,126,3,142,34,0,34,176
12/01/2021,SNS,CA,AWP,WE,Federal Contract Tower,0,0,15,0,15,0,2,62,2,66,0,2,77,2,81,20,0,20,101
12/02/2021,SNS,CA,AWP,WE,Federal Contract Tower,0,10,13,0,23,0,5,46,1,52,0,15,59,1,75,58,0,58,133
12/03/2021,SNS,CA,AWP,WE,Federal Contract Tower,0,1,44,1,46,0,4,22,2,28,0,5,66,3,74,70,0,70,144
12/04/2021,SNS,CA,AWP,WE,Federal Contract Tower,0,0,28,5,33,0,3,13,9,25,0,3,41,14,58,34,0,34,92
12/05/2021,SNS,CA,AWP,WE,Federal Contract Tower,0,2,48,0,50,0,5,55,4,64,0,7,103,4,114,62,0,62,176
12/06/2021,SNS,CA,AWP,WE,Federal Contract Tower,0,0,24,3,27,0,4,44,4,52,0,4,68,7,79,36,0,36,115
12/07/2021,SNS,CA,AWP,WE,Federal Contract Tower,0,0,22,2,24,0,0,35,2,37,0,0,57,4,61,18,0,18,79
12/08/2021,SNS,CA,AWP,WE,Federal Contract Tower,0,0,21,0,21,0,1,7,1,9,0,1,28,1,30,6,0,6,36
12/09/2021,SNS,CA,AWP,WE,Federal Contract Tower,0,0,12,0,12,0,2,19,1,22,0,2,31,1,34,26,0,26,60
12/10/2021,SNS,CA,AWP,WE,Federal Contract Tower,0,1,18,0,19,0,1,85,2,88,0,2,103,2,107,48,0,48,155
12/11/2021,SNS,CA,AWP,WE,Federal Contract Tower,0,0,37,0,37,0,1,79,0,80,0,1,116,0,117,40,0,40,157
12/12/2021,SNS,CA,AWP,WE,Federal Contract Tower,0,1,4,0,5,0,3,39,0,42,0,4,43,0,47,24,0,24,71
12/13/2021,SNS,CA,AWP,WE,Federal Contract Tower,0,0,4,3,7,0,0,1,3,4,0,0,5,6,11,0,0,0,11
12/14/2021,SNS,CA,AWP,WE,Federal Contract Tower,0,0,13,0,13,0,0,12,9,21,0,0,25,9,34,16,0,16,50
12/15/2021,SNS,CA,AWP,WE,Federal Contract Tower,0,2,26,0,28,0,2,33,2,37,0,4,59,2,65,20,0,20,85
12/16/2021,SNS,CA,AWP,WE,Federal Contract Tower,0,0,24,5,29,0,6,31,2,39,0,6,55,7,68,68,0,68,136
12/17/2021,SNS,CA,AWP,WE,Federal Contract Tower,0,0,26,0,26,0,6,95,0,101,0,6,121,0,127,40,0,40,167
12/18/2021,SNS,CA,AWP,WE,Federal Contract Tower,0,1,27,0,28,0,1,96,0,97,0,2,123,0,125,84,0,84,209
12/19/2021,SNS,CA,AWP,WE,Federal Contract Tower,0,0,25,0,25,0,4,62,0,66,0,4,87,0,91,144,0,144,235
12/20/2021,SNS,CA,AWP,WE,Federal Contract Tower,0,1,16,2,19,0,8,53,0,61,0,9,69,2,80,30,0,30,110
12/21/2021,SNS,CA,AWP,WE,Federal Contract Tower,0,2,38,0,40,0,0,46,8,54,0,2,84,8,94,34,0,34,128
12/22/2021,SNS,CA,AWP,WE,Federal Contract Tower,0,0,13,0,13,0,0,8,0,8,0,0,21,0,21,22,0,22,43
12/23/2021,SNS,CA,AWP,WE,Federal Contract Tower,0,0,14,0,14,0,0,5,0,5,0,0,19,0,19,2,0,2,21
12/24/2021,SNS,CA,AWP,WE,Federal Contract Tower,0,0,13,0,13,0,0,1,0,1,0,0,14,0,14,0,0,0,14
12/25/2021,SNS,CA,AWP,WE,Federal Contract Tower,0,0,0,0,0,0,0,1,0,1,0,0,1,0,1,0,0,0,1
12/26/2021,SNS,CA,AWP,WE,Federal Contract Tower,0,2,17,0,19,0,3,58,0,61,0,5,75,0,80,30,0,30,110
12/27/2021,SNS,CA,AWP,WE,Federal Contract Tower,0,0,21,2,23,0,3,4,0,7,0,3,25,2,30,0,0,0,30
12/28/2021,SNS,CA,AWP,WE,Federal Contract Tower,0,0,6,0,6,0,2,10,0,12,0,2,16,0,18,18,0,18,36
12/29/2021,SNS,CA,AWP,WE,Federal Contract Tower,0,0,10,2,12,0,0,7,0,7,0,0,17,2,19,16,0,16,35
12/30/2021,SNS,CA,AWP,WE,Federal Contract Tower,0,0,25,0,25,0,1,54,0,55,0,1,79,0,80,38,0,38,118
12/31/2021,SNS,CA,AWP,WE,Federal Contract Tower,0,2,25,0,27,0,1,60,0,61,0,3,85,0,88,52,0,52,140
01/01/2022,SNS,CA,AWP,WE,Federal Contract Tower,0,4,15,0,19,0,7,41,0,48,0,11,56,0,67,12,0,12,79
01/02/2022,SNS,CA,AWP,WE,Federal Contract Tower,0,2,12,0,14,0,3,59,0,62,0,5,71,0,76,52,0,52,128
01/03/2022,SNS,CA,AWP,WE,Federal Contract Tower,0,0,20,0,20,0,1,37,0,38,0,1,57,0,58,90,0,90,148
01/04/2022,SNS,CA,AWP,WE,Federal Contract Tower,0,2,18,2,22,0,1,53,2,56,0,3,71,4,78,58,0,58,136
01/05/2022,SNS,CA,AWP,WE,Federal Contract Tower,0,0,20,0,20,0,2,19,8,29,0,2,39,8,49,18,0,18,67
01/06/2022,SNS,CA,AWP,WE,Federal Contract Tower,0,0,24,0,24,0,1,27,2,30,0,1,51,2,54,50,0,50,104
01/07/2022,SNS,CA,AWP,WE,Federal Contract Tower,0,2,28,0,30,0,0,17,1,18,0,2,45,1,48,78,0,78,126
01/08/2022,SNS,CA,AWP,WE,Federal Contract Tower,0,0,29,0,29,0,0,43,1,44,0,0,72,1,73,46,0,46,119
01/09/2022,SNS,CA,AWP,WE,Federal Contract Tower,0,0,41,0,41,0,4,86,0,90,0,4,127,0,131,48,0,48,179
01/10/2022,SNS,CA,AWP,WE,Federal Contract Tower,0,2,26,5,33,0,0,59,3,62,0,2,85,8,95,64,6,70,165
01/11/2022,SNS,CA,AWP,WE,Federal Contract Tower,0,1,26,6,33,0,0,57,5,62,0,1,83,11,95,76,0,76,171
01/12/2022,SNS,CA,AWP,WE,Federal Contract Tower,0,0,34,0,34,0,0,63,1,64,0,0,97,1,98,42,22,64,162
01/13/2022,SNS,CA,AWP,WE,Federal Contract Tower,0,0,34,0,34,0,0,62,2,64,0,0,96,2,98,76,0,76,174
01/14/2022,SNS,CA,AWP,WE,Federal Contract Tower,0,4,41,1,46,0,6,72,1,79,0,10,113,2,125,96,0,96,221
01/15/2022,SNS,CA,AWP,WE,Federal Contract Tower,0,0,4,0,4,0,0,65,0,65,0,0,69,0,69,96,0,96,165
01/16/2022,SNS,CA,AWP,WE,Federal Contract Tower,0,0,27,0,27,0,1,98,0,99,0,1,125,0,126,50,0,50,176
01/17/2022,SNS,CA,AWP,WE,Federal Contract Tower,0,4,20,1,25,0,6,57,0,63,0,10,77,1,88,42,0,42,130
01/18/2022,SNS,CA,AWP,WE,Federal Contract Tower,0,0,19,2,21,0,2,60,3,65,0,2,79,5,86,44,0,44,130
01/19/2022,SNS,CA,AWP,WE,Federal Contract Tower,0,3,44,1,48,0,0,49,3,52,0,3,93,4,100,56,0,56,156
01/20/2022,SNS,CA,AWP,WE,Federal Contract Tower,0,0,16,0,16,0,3,70,0,73,0,3,86,0,89,34,0,34,123
01/21/2022,SNS,CA,AWP,WE,Federal Contract Tower,0,6,42,0,48,0,2,78,7,87,0,8,120,7,135,48,4,52,187
01/22/2022,SNS,CA,AWP,WE,Federal Contract Tower,0,0,10,0,10,0,0,51,0,51,0,0,61,0,61,0,0,0,61
01/23/2022,SNS,CA,AWP,WE,Federal Contract Tower,0,0,34,0,34,0,3,53,0,56,0,3,87,0,90,32,0,32,122
01/24/2022,SNS,CA,AWP,WE,Federal Contract Tower,0,0,17,0,17,0,0,58,1,59,0,0,75,1,76,28,0,28,104
01/25/2022,SNS,CA,AWP,WE,Federal Contract Tower,0,3,42,2,47,0,5,47,2,54,0,8,89,4,101,46,0,46,147
01/26/2022,SNS,CA,AWP,WE,Federal Contract Tower,0,1,38,4,43,0,2,47,2,51,0,3,85,6,94,12,0,12,106
01/27/2022,SNS,CA,AWP,WE,Federal Contract Tower,0,0,30,3,33,0,3,83,8,94,0,3,113,11,127,40,0,40,167
01/28/2022,SNS,CA,AWP,WE,Federal Contract Tower,0,0,47,4,51,0,0,75,2,77,0,0,122,6,128,32,0,32,160
01/29/2022,SNS,CA,AWP,WE,Federal Contract Tower,0,0,11,0,11,0,0,83,0,83,0,0,94,0,94,22,0,22,116
01/30/2022,SNS,CA,AWP,WE,Federal Contract Tower,0,0,31,0,31,0,1,87,0,88,0,1,118,0,119,72,0,72,191
01/31/2022,SNS,CA,AWP,WE,Federal Contract Tower,0,0,25,0,25,0,1,55,8,64,0,1,80,8,89,44,0,44,133
02/01/2022,SNS,CA,AWP,WE,Federal Contract Tower,0,0,31,4,35,0,0,57,18,75,0,0,88,22,110,52,0,52,162
02/02/2022,SNS,CA,AWP,WE,Federal Contract Tower,0,0,39,0,39,0,0,68,4,72,0,0,107,4,111,24,0,24,135
02/03/2022,SNS,CA,AWP,WE,Federal Contract Tower,0,0,32,2,34,0,0,76,2,78,0,0,108,4,112,16,10,26,138
02/04/2022,SNS,CA,AWP,WE,Federal Contract Tower,0,0,33,2,35,0,0,55,1,56,0,0,88,3,91,36,0,36,127
02/05/2022,SNS,CA,AWP,WE,Federal Contract Tower,0,0,7,2,9,0,2,43,0,45,0,2,50,2,54,36,0,36,90
02/06/2022,SNS,CA,AWP,WE,Federal Contract Tower,0,0,42,0,42,0,11,102,0,113,0,11,144,0,155,14,0,14,169
02/07/2022,SNS,CA,AWP,WE,Federal Contract Tower,0,0,40,0,40,0,4,71,5,80,0,4,111,5,120,66,0,66,186
02/08/2022,SNS,CA,AWP,WE,Federal Contract Tower,0,3,39,4,46,0,9,65,3,77,0,12,104,7,123,56,0,56,179
02/09/2022,SNS,CA,AWP,WE,Federal Contract Tower,0,0,36,0,36,0,2,73,5,80,0,2,109,5,116,60,0,60,176
02/10/2022,SNS,CA,AWP,WE,Federal Contract Tower,0,0,42,1,43,0,4,86,2,92,0,4,128,3,135,42,0,42,177
02/11/2022,SNS,CA,AWP,WE,Federal Contract Tower,0,1,81,0,82,0,1,86,2,89,0,2,167,2,171,110,0,110,281
02/12/2022,SNS,CA,AWP,WE,Federal Contract Tower,0,0,18,0,18,0,3,61,0,64,0,3,79,0,82,20,0,20,102
02/13/2022,SNS,CA,AWP,WE,Federal Contract Tower,0,4,32,0,36,0,1,85,0,86,0,5,117,0,122,44,0,44,166
02/14/2022,SNS,CA,AWP,WE,Federal Contract Tower,0,0,72,0,72,0,0,32,3,35,0,0,104,3,107,18,0,18,125
02/15/2022,SNS,CA,AWP,WE,Federal Contract Tower,0,0,9,0,9,0,3,54,1,58,0,3,63,1,67,0,0,0,67
02/16/2022,SNS,CA,AWP,WE,Federal Contract Tower,0,0,36,0,36,0,4,59,1,64,0,4,95,1,100,52,0,52,152
02/17/2022,SNS,CA,AWP,WE,Federal Contract Tower,0,2,58,0,60,0,2,87,4,93,0,4,145,4,153,86,0,86,239
02/18/2022,SNS,CA,AWP,WE,Federal Contract Tower,0,0,32,1,33,0,0,84,2,86,0,0,116,3,119,36,0,36,155
02/19/2022,SNS,CA,AWP,WE,Federal Contract Tower,0,0,0,0,0,0,0,0,0,0,0,0,0,0,0,0,0,0,0
02/20/2022,SNS,CA,AWP,WE,Federal Contract Tower,0,0,43,2,45,0,4,47,0,51,0,4,90,2,96,30,0,30,126
02/21/2022,SNS,CA,AWP,WE,Federal Contract Tower,0,3,41,1,45,0,0,52,0,52,0,3,93,1,97,58,0,58,155
02/22/2022,SNS,CA,AWP,WE,Federal Contract Tower,0,0,29,3,32,0,2,41,3,46,0,2,70,6,78,0,0,0,78
02/23/2022,SNS,CA,AWP,WE,Federal Contract Tower,0,0,16,0,16,0,5,47,8,60,0,5,63,8,76,66,0,66,142
02/24/2022,SNS,CA,AWP,WE,Federal Contract Tower,0,0,31,1,32,0,5,88,6,99,0,5,119,7,131,86,6,92,223
02/25/2022,SNS,CA,AWP,WE,Federal Contract Tower,0,0,47,0,47,0,2,61,2,65,0,2,108,2,112,58,0,58,170
02/26/2022,SNS,CA,AWP,WE,Federal Contract Tower,0,0,8,0,8,0,2,53,0,55,0,2,61,0,63,48,0,48,111
02/27/2022,SNS,CA,AWP,WE,Federal Contract Tower,0,0,6,0,6,0,0,63,0,63,0,0,69,0,69,30,0,30,99
02/28/2022,SNS,CA,AWP,WE,Federal Contract Tower,0,0,26,0,26,0,8,54,3,65,0,8,80,3,91,34,0,34,125
03/01/2022,SNS,CA,AWP,WE,Federal Contract Tower,0,0,28,2,30,0,0,86,2,88,0,0,114,4,118,56,0,56,174
03/02/2022,SNS,CA,AWP,WE,Federal Contract Tower,0,0,17,2,19,0,1,53,2,56,0,1,70,4,75,82,0,82,157
03/03/2022,SNS,CA,AWP,WE,Federal Contract Tower,0,0,22,0,22,0,0,30,3,33,0,0,52,3,55,16,0,16,71
03/04/2022,SNS,CA,AWP,WE,Federal Contract Tower,0,0,65,0,65,0,0,13,2,15,0,0,78,2,80,38,0,38,118
03/05/2022,SNS,CA,AWP,WE,Federal Contract Tower,0,0,11,0,11,0,0,15,0,15,0,0,26,0,26,18,0,18,44
03/06/2022,SNS,CA,AWP,WE,Federal Contract Tower,0,0,16,0,16,0,0,53,0,53,0,0,69,0,69,132,0,132,201
03/07/2022,SNS,CA,AWP,WE,Federal Contract Tower,0,0,13,1,14,0,0,32,1,33,0,0,45,2,47,16,0,16,63
03/08/2022,SNS,CA,AWP,WE,Federal Contract Tower,0,2,17,0,19,0,3,47,2,52,0,5,64,2,71,38,0,38,109
03/09/2022,SNS,CA,AWP,WE,Federal Contract Tower,0,1,43,0,44,0,2,67,2,71,0,3,110,2,115,68,0,68,183
03/10/2022,SNS,CA,AWP,WE,Federal Contract Tower,0,0,21,0,21,0,13,61,5,79,0,13,82,5,100,74,0,74,174
03/11/2022,SNS,CA,AWP,WE,Federal Contract Tower,0,0,47,2,49,0,0,79,1,80,0,0,126,3,129,60,0,60,189
03/12/2022,SNS,CA,AWP,WE,Federal Contract Tower,0,0,14,0,14,0,6,49,0,55,0,6,63,0,69,54,0,54,123
03/13/2022,SNS,CA,AWP,WE,Federal Contract Tower,0,0,35,0,35,0,2,59,0,61,0,2,94,0,96,50,0,50,146
03/14/2022,SNS,CA,AWP,WE,Federal Contract Tower,0,0,23,12,35,0,4,56,7,67,0,4,79,19,102,60,14,74,176
03/15/2022,SNS,CA,AWP,WE,Federal Contract Tower,0,1,47,2,50,0,1,31,2,34,0,2,78,4,84,26,0,26,110
03/16/2022,SNS,CA,AWP,WE,Federal Contract Tower,0,0,36,2,38,0,2,52,2,56,0,2,88,4,94,69,0,69,163
03/17/2022,SNS,CA,AWP,WE,Federal Contract Tower,0,0,29,0,29,0,0,34,2,36,0,0,63,2,65,10,0,10,75
03/18/2022,SNS,CA,AWP,WE,Federal Contract Tower,0,0,55,0,55,0,0,66,4,70,0,0,121,4,125,118,0,118,243
03/19/2022,SNS,CA,AWP,WE,Federal Contract Tower,0,0,20,0,20,0,0,14,0,14,0,0,34,0,34,12,0,12,46
03/20/2022,SNS,CA,AWP,WE,Federal Contract Tower,0,0,22,0,22,0,5,77,2,84,0,5,99,2,106,52,0,52,158
03/21/2022,SNS,CA,AWP,WE,Federal Contract Tower,0,0,21,0,21,0,6,51,1,58,0,6,72,1,79,56,0,56,135
03/22/2022,SNS,CA,AWP,WE,Federal Contract Tower,0,0,36,0,36,0,10,69,2,81,0,10,105,2,117,92,0,92,209
03/23/2022,SNS,CA,AWP,WE,Federal Contract Tower,0,1,26,1,28,0,2,36,2,40,0,3,62,3,68,78,0,78,146
03/24/2022,SNS,CA,AWP,WE,Federal Contract Tower,0,2,49,1,52,0,0,54,2,56,0,2,103,3,108,46,0,46,154
03/25/2022,SNS,CA,AWP,WE,Federal Contract Tower,0,0,51,1,52,0,0,49,0,49,0,0,100,1,101,62,0,62,163
03/26/2022,SNS,CA,AWP,WE,Federal Contract Tower,0,0,24,0,24,0,3,60,0,63,0,3,84,0,87,60,0,60,147
03/27/2022,SNS,CA,AWP,WE,Federal Contract Tower,0,0,18,0,18,0,4,17,2,23,0,4,35,2,41,22,0,22,63
03/28/2022,SNS,CA,AWP,WE,Federal Contract Tower,0,1,5,2,8,0,0,17,2,19,0,1,22,4,27,0,0,0,27
03/29/2022,SNS,CA,AWP,WE,Federal Contract Tower,0,3,19,4,26,0,0,17,0,17,0,3,36,4,43,18,0,18,61
03/30/2022,SNS,CA,AWP,WE,Federal Contract Tower,0,0,27,0,27,0,0,6,1,7,0,0,33,1,34,40,0,40,74
03/31/2022,SNS,CA,AWP,WE,Federal Contract Tower,0,0,28,0,28,0,6,48,4,58,0,6,76,4,86,40,8,48,134
04/01/2022,SNS,CA,AWP,WE,Federal Contract Tower,0,1,24,4,29,0,0,49,2,51,0,1,73,6,80,56,0,56,136
04/02/2022,SNS,CA,AWP,WE,Federal Contract Tower,0,0,13,2,15,0,3,48,0,51,0,3,61,2,66,42,0,42,108
04/03/2022,SNS,CA,AWP,WE,Federal Contract Tower,0,1,27,1,29,0,0,42,0,42,0,1,69,1,71,86,0,86,157
04/04/2022,SNS,CA,AWP,WE,Federal Contract Tower,0,0,18,0,18,0,0,52,2,54,0,0,70,2,72,60,0,60,132
04/05/2022,SNS,CA,AWP,WE,Federal Contract Tower,0,0,18,2,20,0,1,51,0,52,0,1,69,2,72,64,0,64,136
04/06/2022,SNS,CA,AWP,WE,Federal Contract Tower,0,0,18,1,19,0,9,46,2,57,0,9,64,3,76,36,0,36,112
04/07/2022,SNS,CA,AWP,WE,Federal Contract Tower,0,0,33,0,33,0,2,52,5,59,0,2,85,5,92,16,2,18,110
04/08/2022,SNS,CA,AWP,WE,Federal Contract Tower,0,0,18,2,20,0,3,55,2,60,0,3,73,4,80,82,0,82,162
04/09/2022,SNS,CA,AWP,WE,Federal Contract Tower,0,0,10,0,10,0,0,80,0,80,0,0,90,0,90,80,0,80,170
04/10/2022,SNS,CA,AWP,WE,Federal Contract Tower,0,0,33,0,33,0,0,57,2,59,0,0,90,2,92,72,0,72,164
04/11/2022,SNS,CA,AWP,WE,Federal Contract Tower,0,1,2,0,3,0,0,6,2,8,0,1,8,2,11,0,0,0,11
04/12/2022,SNS,CA,AWP,WE,Federal Contract Tower,0,1,27,0,28,0,2,52,2,56,0,3,79,2,84,40,0,40,124
04/13/2022,SNS,CA,AWP,WE,Federal Contract Tower,0,2,19,3,24,0,6,62,2,70,0,8,81,5,94,42,0,42,136
04/14/2022,SNS,CA,AWP,WE,Federal Contract Tower,0,0,12,0,12,0,3,28,1,32,0,3,40,1,44,6,8,14,58
04/15/2022,SNS,CA,AWP,WE,Federal Contract Tower,0,0,70,2,72,0,0,40,1,41,0,0,110,3,113,10,0,10,123
04/16/2022,SNS,CA,AWP,WE,Federal Contract Tower,0,0,12,0,12,0,2,7,0,9,0,2,19,0,21,0,0,0,21
04/17/2022,SNS,CA,AWP,WE,Federal Contract Tower,0,0,9,0,9,0,1,47,0,48,0,1,56,0,57,40,0,40,97
04/18/2022,SNS,CA,AWP,WE,Federal Contract Tower,0,2,38,1,41,0,10,44,1,55,0,12,82,2,96,50,0,50,146
04/19/2022,SNS,CA,AWP,WE,Federal Contract Tower,0,0,19,1,20,0,1,36,1,38,0,1,55,2,58,36,0,36,94
04/20/2022,SNS,CA,AWP,WE,Federal Contract Tower,0,0,41,0,41,0,0,83,2,85,0,0,124,2,126,86,0,86,212
04/21/2022,SNS,CA,AWP,WE,Federal Contract Tower,0,1,8,0,9,0,2,13,3,18,0,3,21,3,27,0,0,0,27
04/22/2022,SNS,CA,AWP,WE,Federal Contract Tower,0,0,6,0,6,0,2,49,2,53,0,2,55,2,59,44,0,44,103
04/23/2022,SNS,CA,AWP,WE,Federal Contract Tower,0,0,17,2,19,0,1,74,0,75,0,1,91,2,94,30,0,30,124
04/24/2022,SNS,CA,AWP,WE,Federal Contract Tower,0,2,47,0,49,0,0,39,0,39,0,2,86,0,88,54,0,54,142
04/25/2022,SNS,CA,AWP,WE,Federal Contract Tower,0,0,30,3,33,0,0,61,2,63,0,0,91,5,96,72,0,72,168
04/26/2022,SNS,CA,AWP,WE,Federal Contract Tower,0,0,18,0,18,0,0,61,5,66,0,0,79,5,84,16,0,16,100
04/27/2022,SNS,CA,AWP,WE,Federal Contract Tower,0,0,36,4,40,0,8,43,2,53,0,8,79,6,93,50,0,50,143
04/28/2022,SNS,CA,AWP,WE,Federal Contract Tower,0,0,22,2,24,0,1,56,3,60,0,1,78,5,84,16,0,16,100
04/29/2022,SNS,CA,AWP,WE,Federal Contract Tower,0,0,40,0,40,0,3,84,3,90,0,3,124,3,130,36,12,48,178
04/30/2022,SNS,CA,AWP,WE,Federal Contract Tower,0,1,9,0,10,0,1,33,0,34,0,2,42,0,44,2,0,2,46
05/01/2022,SNS,CA,AWP,WE,Federal Contract Tower,0,0,28,0,28,0,10,84,0,94,0,10,112,0,122,44,0,44,166
05/02/2022,SNS,CA,AWP,WE,Federal Contract Tower,0,0,11,1,12,0,4,49,2,55,0,4,60,3,67,28,0,28,95
05/03/2022,SNS,CA,AWP,WE,Federal Contract Tower,0,0,13,0,13,0,0,65,11,76,0,0,78,11,89,18,0,18,107
05/04/2022,SNS,CA,AWP,WE,Federal Contract Tower,0,1,38,3,42,0,0,69,3,72,0,1,107,6,114,60,4,64,178
05/05/2022,SNS,CA,AWP,WE,Federal Contract Tower,0,1,22,0,23,0,2,43,3,48,0,3,65,3,71,94,0,94,165
05/06/2022,SNS,CA,AWP,WE,Federal Contract Tower,0,0,21,2,23,0,0,56,2,58,0,0,77,4,81,82,0,82,163
05/07/2022,SNS,CA,AWP,WE,Federal Contract Tower,0,0,12,0,12,0,4,53,0,57,0,4,65,0,69,28,0,28,97
05/08/2022,SNS,CA,AWP,WE,Federal Contract Tower,0,0,9,0,9,0,9,40,4,53,0,9,49,4,62,6,0,6,68
05/09/2022,SNS,CA,AWP,WE,Federal Contract Tower,0,0,11,2,13,0,0,35,3,38,0,0,46,5,51,6,10,16,67
05/10/2022,SNS,CA,AWP,WE,Federal Contract Tower,0,0,20,0,20,0,2,51,5,58,0,2,71,5,78,50,8,58,136
05/11/2022,SNS,CA,AWP,WE,Federal Contract Tower,0,2,14,0,16,0,5,33,4,42,0,7,47,4,58,32,0,32,90
05/12/2022,SNS,CA,AWP,WE,Federal Contract Tower,0,0,22,0,22,0,1,51,2,54,0,1,73,2,76,38,0,38,114
05/13/2022,SNS,CA,AWP,WE,Federal Contract Tower,0,0,28,1,29,0,2,53,2,57,0,2,81,3,86,86,0,86,172
05/14/2022,SNS,CA,AWP,WE,Federal Contract Tower,0,2,35,4,41,0,5,77,1,83,0,7,112,5,124,60,0,60,184
05/15/2022,SNS,CA,AWP,WE,Federal Contract Tower,0,0,23,0,23,0,2,48,0,50,0,2,71,0,73,48,0,48,121
05/16/2022,SNS,CA,AWP,WE,Federal Contract Tower,0,0,14,8,22,0,0,44,2,46,0,0,58,10,68,32,0,32,100
05/17/2022,SNS,CA,AWP,WE,Federal Contract Tower,0,6,37,2,45,0,7,58,2,67,0,13,95,4,112,20,0,20,132
05/18/2022,SNS,CA,AWP,WE,Federal Contract Tower,0,3,21,1,25,0,6,51,6,63,0,9,72,7,88,56,0,56,144
05/19/2022,SNS,CA,AWP,WE,Federal Contract Tower,0,0,35,2,37,0,5,48,3,56,0,5,83,5,93,38,0,38,131
05/20/2022,SNS,CA,AWP,WE,Federal Contract Tower,0,12,44,1,57,0,0,56,0,56,0,12,100,1,113,28,0,28,141
05/21/2022,SNS,CA,AWP,WE,Federal Contract Tower,0,6,24,0,30,0,0,43,1,44,0,6,67,1,74,42,0,42,116
05/22/2022,SNS,CA,AWP,WE,Federal Contract Tower,0,0,36,0,36,0,1,31,0,32,0,1,67,0,68,42,0,42,110
05/23/2022,SNS,CA,AWP,WE,Federal Contract Tower,0,0,25,2,27,0,0,57,2,59,0,0,82,4,86,42,0,42,128
05/24/2022,SNS,CA,AWP,WE,Federal Contract Tower,0,3,34,0,37,0,2,44,4,50,0,5,78,4,87,16,0,16,103
05/25/2022,SNS,CA,AWP,WE,Federal Contract Tower,0,2,30,6,38,0,0,54,1,55,0,2,84,7,93,66,0,66,159
05/26/2022,SNS,CA,AWP,WE,Federal Contract Tower,0,3,42,0,45,0,1,20,0,21,0,4,62,0,66,18,0,18,84
05/27/2022,SNS,CA,AWP,WE,Federal Contract Tower,0,1,44,0,45,0,2,24,0,26,0,3,68,0,71,30,0,30,101
05/28/2022,SNS,CA,AWP,WE,Federal Contract Tower,0,0,14,0,14,0,4,39,0,43,0,4,53,0,57,44,0,44,101
05/29/2022,SNS,CA,AWP,WE,Federal Contract Tower,0,0,22,0,22,0,6,74,0,80,0,6,96,0,102,50,0,50,152
05/30/2022,SNS,CA,AWP,WE,Federal Contract Tower,0,0,33,0,33,0,2,60,0,62,0,2,93,0,95,24,0,24,119
05/31/2022,SNS,CA,AWP,WE,Federal Contract Tower,0,0,27,5,32,0,3,63,6,72,0,3,90,11,104,38,0,38,142
06/01/2022,SNS,CA,AWP,WE,Federal Contract Tower,0,1,19,0,20,0,7,78,3,88,0,8,97,3,108,132,0,132,240
06/02/2022,SNS,CA,AWP,WE,Federal Contract Tower,0,0,34,8,42,0,0,64,3,67,0,0,98,11,109,74,0,74,183
06/03/2022,SNS,CA,AWP,WE,Federal Contract Tower,0,0,19,2,21,0,0,62,3,65,0,0,81,5,86,72,8,80,166
06/04/2022,SNS,CA,AWP,WE,Federal Contract Tower,0,0,41,2,43,0,5,48,0,53,0,5,89,2,96,54,0,54,150
06/05/2022,SNS,CA,AWP,WE,Federal Contract Tower,0,0,20,2,22,0,5,56,2,63,0,5,76,4,85,22,0,22,107
06/06/2022,SNS,CA,AWP,WE,Federal Contract Tower,0,0,37,0,37,0,0,40,2,42,0,0,77,2,79,24,8,32,111
06/07/2022,SNS,CA,AWP,WE,Federal Contract Tower,0,0,34,0,34,0,3,59,3,65,0,3,93,3,99,62,0,62,161
06/08/2022,SNS,CA,AWP,WE,Federal Contract Tower,0,0,8,2,10,0,4,68,2,74,0,4,76,4,84,48,0,48,132
06/09/2022,SNS,CA,AWP,WE,Federal Contract Tower,0,2,33,2,37,0,0,55,3,58,0,2,88,5,95,68,0,68,163
06/10/2022,SNS,CA,AWP,WE,Federal Contract Tower,0,0,26,0,26,0,4,66,2,72,0,4,92,2,98,48,0,48,146
06/11/2022,SNS,CA,AWP,WE,Federal Contract Tower,0,0,10,0,10,0,3,80,0,83,0,3,90,0,93,80,0,80,173
06/12/2022,SNS,CA,AWP,WE,Federal Contract Tower,0,0,23,0,23,0,3,66,4,73,0,3,89,4,96,82,0,82,178
06/13/2022,SNS,CA,AWP,WE,Federal Contract Tower,0,0,19,0,19,0,5,48,0,53,0,5,67,0,72,40,0,40,112
06/14/2022,SNS,CA,AWP,WE,Federal Contract Tower,0,0,24,2,26,0,5,65,2,72,0,5,89,4,98,60,0,60,158
06/15/2022,SNS,CA,AWP,WE,Federal Contract Tower,0,0,19,0,19,0,1,43,3,47,0,1,62,3,66,30,0,30,96
06/16/2022,SNS,CA,AWP,WE,Federal Contract Tower,0,0,16,0,16,0,3,52,3,58,0,3,68,3,74,96,0,96,170
06/17/2022,SNS,CA,AWP,WE,Federal Contract Tower,0,0,23,3,26,0,2,44,1,47,0,2,67,4,73,62,0,62,135
06/18/2022,SNS,CA,AWP,WE,Federal Contract Tower,0,0,18,0,18,0,13,63,0,76,0,13,81,0,94,44,0,44,138
06/19/2022,SNS,CA,AWP,WE,Federal Contract Tower,0,0,8,0,8,0,2,74,0,76,0,2,82,0,84,106,0,106,190
06/20/2022,SNS,CA,AWP,WE,Federal Contract Tower,0,2,23,0,25,0,13,87,0,100,0,15,110,0,125,142,0,142,267
06/21/2022,SNS,CA,AWP,WE,Federal Contract Tower,0,0,13,2,15,0,18,50,1,69,0,18,63,3,84,72,8,80,164
06/22/2022,SNS,CA,AWP,WE,Federal Contract Tower,0,2,11,0,13,0,8,44,2,54,0,10,55,2,67,44,0,44,111
06/23/2022,SNS,CA,AWP,WE,Federal Contract Tower,0,0,34,0,34,0,25,55,8,88,0,25,89,8,122,48,0,48,170
06/24/2022,SNS,CA,AWP,WE,Federal Contract Tower,0,0,40,0,40,0,6,64,3,73,0,6,104,3,113,36,0,36,149
06/25/2022,SNS,CA,AWP,WE,Federal Contract Tower,0,2,8,0,10,0,2,52,0,54,0,4,60,0,64,74,0,74,138
06/26/2022,SNS,CA,AWP,WE,Federal Contract Tower,0,2,23,0,25,0,5,65,13,83,0,7,88,13,108,62,0,62,170
06/27/2022,SNS,CA,AWP,WE,Federal Contract Tower,0,2,10,4,16,0,1,67,1,69,0,3,77,5,85,94,0,94,179
06/28/2022,SNS,CA,AWP,WE,Federal Contract Tower,0,2,24,2,28,0,6,48,2,56,0,8,72,4,84,32,0,32,116
06/29/2022,SNS,CA,AWP,WE,Federal Contract Tower,0,3,20,7,30,0,2,47,2,51,0,5,67,9,81,4,8,12,93
06/30/2022,SNS,CA,AWP,WE,Federal Contract Tower,0,2,28,3,33,0,2,61,4,67,0,4,89,7,100,50,0,50,150
07/01/2022,SNS,CA,AWP,WE,Federal Contract Tower,0,0,22,0,22,0,4,62,2,68,0,4,84,2,90,38,0,38,128
07/02/2022,SNS,CA,AWP,WE,Federal Contract Tower,0,1,24,0,25,0,3,37,0,40,0,4,61,0,65,22,0,22,87
07/03/2022,SNS,CA,AWP,WE,Federal Contract Tower,0,0,29,0,29,0,1,41,0,42,0,1,70,0,71,34,0,34,105
07/04/2022,SNS,CA,AWP,WE,Federal Contract Tower,0,0,1,0,1,0,3,46,0,49,0,3,47,0,50,32,0,32,82
07/05/2022,SNS,CA,AWP,WE,Federal Contract Tower,0,0,27,0,27,0,4,52,2,58,0,4,79,2,85,6,0,6,91
07/06/2022,SNS,CA,AWP,WE,Federal Contract Tower,0,4,30,0,34,0,2,68,0,70,0,6,98,0,104,72,0,72,176
07/07/2022,SNS,CA,AWP,WE,Federal Contract Tower,0,3,31,6,40,0,4,62,0,66,0,7,93,6,106,52,0,52,158
07/08/2022,SNS,CA,AWP,WE,Federal Contract Tower,0,0,24,2,26,0,3,75,0,78,0,3,99,2,104,66,0,66,170
07/09/2022,SNS,CA,AWP,WE,Federal Contract Tower,0,0,26,0,26,0,2,62,0,64,0,2,88,0,90,58,0,58,148
07/10/2022,SNS,CA,AWP,WE,Federal Contract Tower,0,2,23,0,25,0,4,68,0,72,0,6,91,0,97,32,0,32,129
07/11/2022,SNS,CA,AWP,WE,Federal Contract Tower,0,0,19,2,21,0,0,54,2,56,0,0,73,4,77,88,0,88,165
07/12/2022,SNS,CA,AWP,WE,Federal Contract Tower,0,0,22,0,22,0,2,39,1,42,0,2,61,1,64,0,0,0,64
07/13/2022,SNS,CA,AWP,WE,Federal Contract Tower,0,0,9,2,11,0,2,49,4,55,0,2,58,6,66,68,0,68,134
07/14/2022,SNS,CA,AWP,WE,Federal Contract Tower,0,0,12,0,12,0,5,49,2,56,0,5,61,2,68,80,0,80,148
07/15/2022,SNS,CA,AWP,WE,Federal Contract Tower,0,0,14,0,14,0,8,66,2,76,0,8,80,2,90,84,0,84,174
07/16/2022,SNS,CA,AWP,WE,Federal Contract Tower,0,0,11,0,11,0,3,55,0,58,0,3,66,0,69,34,0,34,103
07/17/2022,SNS,CA,AWP,WE,Federal Contract Tower,0,5,31,0,36,0,1,51,0,52,0,6,82,0,88,32,0,32,120
07/18/2022,SNS,CA,AWP,WE,Federal Contract Tower,0,2,8,2,12,0,6,49,1,56,0,8,57,3,68,20,0,20,88
07/19/2022,SNS,CA,AWP,WE,Federal Contract Tower,0,1,8,0,9,0,6,54,2,62,0,7,62,2,71,82,0,82,153
07/20/2022,SNS,CA,AWP,WE,Federal Contract Tower,0,1,7,0,8,0,5,51,0,56,0,6,58,0,64,106,0,106,170
07/21/2022,SNS,CA,AWP,WE,Federal Contract Tower,0,0,19,2,21,0,8,59,3,70,0,8,78,5,91,108,0,108,199
07/22/2022,SNS,CA,AWP,WE,Federal Contract Tower,0,5,16,0,21,0,9,98,1,108,0,14,114,1,129,44,0,44,173
07/23/2022,SNS,CA,AWP,WE,Federal Contract Tower,0,0,26,0,26,0,1,46,0,47,0,1,72,0,73,30,0,30,103
07/24/2022,SNS,CA,AWP,WE,Federal Contract Tower,0,2,30,1,33,0,4,47,1,52,0,6,77,2,85,46,0,46,131
07/25/2022,SNS,CA,AWP,WE,Federal Contract Tower,0,1,12,2,15,0,2,47,0,49,0,3,59,2,64,126,0,126,190
07/26/2022,SNS,CA,AWP,WE,Federal Contract Tower,0,2,15,2,19,0,4,33,6,43,0,6,48,8,62,20,0,20,82
07/27/2022,SNS,CA,AWP,WE,Federal Contract Tower,0,0,12,2,14,0,2,65,4,71,0,2,77,6,85,122,6,128,213
07/28/2022,SNS,CA,AWP,WE,Federal Contract Tower,0,0,26,1,27,0,0,55,1,56,0,0,81,2,83,58,0,58,141
07/29/2022,SNS,CA,AWP,WE,Federal Contract Tower,0,0,24,0,24,0,0,63,2,65,0,0,87,2,89,70,0,70,159
07/30/2022,SNS,CA,AWP,WE,Federal Contract Tower,0,0,13,2,15,0,0,69,0,69,0,0,82,2,84,44,0,44,128
07/31/2022,SNS,CA,AWP,WE,Federal Contract Tower,0,0,14,0,14,0,1,35,6,42,0,1,49,6,56,64,0,64,120
08/01/2022,SNS,CA,AWP,WE,Federal Contract Tower,0,0,8,0,8,0,3,43,0,46,0,3,51,0,54,34,0,34,88
08/02/2022,SNS,CA,AWP,WE,Federal Contract Tower,0,1,5,0,6,0,11,33,3,47,0,12,38,3,53,20,0,20,73
08/03/2022,SNS,CA,AWP,WE,Federal Contract Tower,0,0,15,0,15,0,6,49,2,57,0,6,64,2,72,50,0,50,122
08/04/2022,SNS,CA,AWP,WE,Federal Contract Tower,0,1,27,0,28,0,3,69,2,74,0,4,96,2,102,12,0,12,114
08/05/2022,SNS,CA,AWP,WE,Federal Contract Tower,0,1,8,0,9,0,8,36,1,45,0,9,44,1,54,22,0,22,76
08/06/2022,SNS,CA,AWP,WE,Federal Contract Tower,0,0,3,0,3,0,1,39,0,40,0,1,42,0,43,44,0,44,87
08/07/2022,SNS,CA,AWP,WE,Federal Contract Tower,0,1,14,0,15,0,2,59,0,61,0,3,73,0,76,76,0,76,152
08/08/2022,SNS,CA,AWP,WE,Federal Contract Tower,0,0,6,0,6,0,0,37,1,38,0,0,43,1,44,34,0,34,78
08/09/2022,SNS,CA,AWP,WE,Federal Contract Tower,0,0,5,2,7,0,8,62,2,72,0,8,67,4,79,42,0,42,121
08/10/2022,SNS,CA,AWP,WE,Federal Contract Tower,0,0,7,1,8,0,3,54,4,61,0,3,61,5,69,34,0,34,103
08/11/2022,SNS,CA,AWP,WE,Federal Contract Tower,0,0,8,0,8,0,2,61,2,65,0,2,69,2,73,64,0,64,137
08/12/2022,SNS,CA,AWP,WE,Federal Contract Tower,0,1,25,0,26,0,2,90,1,93,0,3,115,1,119,76,20,96,215
08/13/2022,SNS,CA,AWP,WE,Federal Contract Tower,0,0,4,0,4,0,3,41,0,44,0,3,45,0,48,50,0,50,98
08/14/2022,SNS,CA,AWP,WE,Federal Contract Tower,0,1,10,0,11,0,8,71,0,79,0,9,81,0,90,28,0,28,118
08/15/2022,SNS,CA,AWP,WE,Federal Contract Tower,0,0,10,2,12,0,1,48,2,51,0,1,58,4,63,74,0,74,137
08/16/2022,SNS,CA,AWP,WE,Federal Contract Tower,0,0,18,0,18,0,0,79,2,81,0,0,97,2,99,42,0,42,141
08/17/2022,SNS,CA,AWP,WE,Federal Contract Tower,0,0,36,0,36,0,2,37,1,40,0,2,73,1,76,10,0,10,86
08/18/2022,SNS,CA,AWP,WE,Federal Contract Tower,0,1,32,0,33,0,3,86,2,91,0,4,118,2,124,30,0,30,154
08/19/2022,SNS,CA,AWP,WE,Federal Contract Tower,0,0,36,0,36,0,3,64,0,67,0,3,100,0,103,0,0,0,103
08/20/2022,SNS,CA,AWP,WE,Federal Contract Tower,0,2,13,0,15,0,2,40,0,42,0,4,53,0,57,26,0,26,83
08/21/2022,SNS,CA,AWP,WE,Federal Contract Tower,0,7,51,0,58,0,1,35,0,36,0,8,86,0,94,6,0,6,100
08/22/2022,SNS,CA,AWP,WE,Federal Contract Tower,0,11,28,3,42,0,9,44,1,54,0,20,72,4,96,22,0,22,118
08/23/2022,SNS,CA,AWP,WE,Federal Contract Tower,0,0,29,0,29,0,0,43,4,47,0,0,72,4,76,20,0,20,96
08/24/2022,SNS,CA,AWP,WE,Federal Contract Tower,0,6,16,2,24,0,4,44,2,50,0,10,60,4,74,8,0,8,82
08/25/2022,SNS,CA,AWP,WE,Federal Contract Tower,0,0,20,4,24,0,7,56,6,69,0,7,76,10,93,30,0,30,123
08/26/2022,SNS,CA,AWP,WE,Federal Contract Tower,0,2,36,0,38,0,2,46,2,50,0,4,82,2,88,14,0,14,102
08/27/2022,SNS,CA,AWP,WE,Federal Contract Tower,0,0,10,0,10,0,2,37,6,45,0,2,47,6,55,14,0,14,69
08/28/2022,SNS,CA,AWP,WE,Federal Contract Tower,0,2,27,0,29,0,12,38,0,50,0,14,65,0,79,24,0,24,103
08/29/2022,SNS,CA,AWP,WE,Federal Contract Tower,0,0,18,2,20,0,2,43,5,50,0,2,61,7,70,16,0,16,86
08/30/2022,SNS,CA,AWP,WE,Federal Contract Tower,0,1,10,0,11,0,0,50,2,52,0,1,60,2,63,42,0,42,105
08/31/2022,SNS,CA,AWP,WE,Federal Contract Tower,0,2,7,0,9,0,0,70,7,77,0,2,77,7,86,54,0,54,140
09/01/2022,SNS,CA,AWP,WE,Federal Contract Tower,0,0,4,0,4,0,1,47,0,48,0,1,51,0,52,32,0,32,84
09/02/2022,SNS,CA,AWP,WE,Federal Contract Tower,0,2,15,0,17,0,2,49,2,53,0,4,64,2,70,10,0,10,80
09/03/2022,SNS,CA,AWP,WE,Federal Contract Tower,0,0,5,0,5,0,16,58,0,74,0,16,63,0,79,16,0,16,95
09/04/2022,SNS,CA,AWP,WE,Federal Contract Tower,0,0,7,2,9,0,0,94,0,94,0,0,101,2,103,44,0,44,147
09/05/2022,SNS,CA,AWP,WE,Federal Contract Tower,0,1,8,0,9,0,6,42,0,48,0,7,50,0,57,32,0,32,89
09/06/2022,SNS,CA,AWP,WE,Federal Contract Tower,0,2,18,0,20,0,2,50,2,54,0,4,68,2,74,64,0,64,138
09/07/2022,SNS,CA,AWP,WE,Federal Contract Tower,0,0,7,0,7,0,10,31,4,45,0,10,38,4,52,28,0,28,80
09/08/2022,SNS,CA,AWP,WE,Federal Contract Tower,0,2,29,1,32,0,4,62,2,68,0,6,91,3,100,22,0,22,122
09/09/2022,SNS,CA,AWP,WE,Federal Contract Tower,0,1,6,0,7,0,0,39,0,39,0,1,45,0,46,44,0,44,90
09/10/2022,SNS,CA,AWP,WE,Federal Contract Tower,0,1,14,0,15,0,0,30,0,30,0,1,44,0,45,26,0,26,71
09/11/2022,SNS,CA,AWP,WE,Federal Contract Tower,0,0,21,0,21,0,2,84,0,86,0,2,105,0,107,62,0,62,169
09/12/2022,SNS,CA,AWP,WE,Federal Contract Tower,0,0,24,7,31,0,0,34,2,36,0,0,58,9,67,50,0,50,117
09/13/2022,SNS,CA,AWP,WE,Federal Contract Tower,0,0,8,1,9,0,5,66,2,73,0,5,74,3,82,76,0,76,158
09/14/2022,SNS,CA,AWP,WE,Federal Contract Tower,0,0,6,0,6,0,0,47,2,49,0,0,53,2,55,22,0,22,77
09/15/2022,SNS,CA,AWP,WE,Federal Contract Tower,0,0,17,2,19,0,10,44,6,60,0,10,61,8,79,14,14,28,107
09/16/2022,SNS,CA,AWP,WE,Federal Contract Tower,0,1,20,0,21,0,2,80,0,82,0,3,100,0,103,50,0,50,153
09/17/2022,SNS,CA,AWP,WE,Federal Contract Tower,0,0,10,0,10,0,0,59,0,59,0,0,69,0,69,38,0,38,107
09/18/2022,SNS,CA,AWP,WE,Federal Contract Tower,0,0,12,0,12,0,0,29,0,29,0,0,41,0,41,0,2,2,43
09/19/2022,SNS,CA,AWP,WE,Federal Contract Tower,0,2,21,5,28,0,3,25,0,28,0,5,46,5,56,44,0,44,100
09/20/2022,SNS,CA,AWP,WE,Federal Contract Tower,0,3,32,3,38,0,1,52,2,55,0,4,84,5,93,46,0,46,139
09/21/2022,SNS,CA,AWP,WE,Federal Contract Tower,0,0,12,0,12,0,0,43,0,43,0,0,55,0,55,26,0,26,81
09/22/2022,SNS,CA,AWP,WE,Federal Contract Tower,0,0,21,0,21,0,6,58,1,65,0,6,79,1,86,34,0,34,120
09/23/2022,SNS,CA,AWP,WE,Federal Contract Tower,0,0,42,0,42,0,4,62,2,68,0,4,104,2,110,64,0,64,174
09/24/2022,SNS,CA,AWP,WE,Federal Contract Tower,0,2,5,0,7,0,8,51,2,61,0,10,56,2,68,48,0,48,116
09/25/2022,SNS,CA,AWP,WE,Federal Contract Tower,0,1,30,0,31,0,3,45,0,48,0,4,75,0,79,70,0,70,149
09/26/2022,SNS,CA,AWP,WE,Federal Contract Tower,0,1,20,2,23,0,2,25,1,28,0,3,45,3,51,16,0,16,67
09/27/2022,SNS,CA,AWP,WE,Federal Contract Tower,0,0,25,2,27,0,0,47,2,49,0,0,72,4,76,40,0,40,116
09/28/2022,SNS,CA,AWP,WE,Federal Contract Tower,0,0,33,2,35,0,10,44,2,56,0,10,77,4,91,48,0,48,139
09/29/2022,SNS,CA,AWP,WE,Federal Contract Tower,0,3,21,3,27,0,5,54,5,64,0,8,75,8,91,18,0,18,109
09/30/2022,SNS,CA,AWP,WE,Federal Contract Tower,0,0,28,0,28,0,2,71,8,81,0,2,99,8,109,38,0,38,147
10/01/2022,SNS,CA,AWP,WE,Federal Contract Tower,0,0,29,0,29,0,2,7,4,13,0,2,36,4,42,0,0,0,42
10/02/2022,SNS,CA,AWP,WE,Federal Contract Tower,0,0,19,0,19,0,4,51,0,55,0,4,70,0,74,52,0,52,126
10/03/2022,SNS,CA,AWP,WE,Federal Contract Tower,0,0,17,4,21,0,0,37,2,39,0,0,54,6,60,8,0,8,68
10/04/2022,SNS,CA,AWP,WE,Federal Contract Tower,0,0,23,3,26,0,8,20,2,30,0,8,43,5,56,12,0,12,68
10/05/2022,SNS,CA,AWP,WE,Federal Contract Tower,0,2,35,5,42,0,8,36,1,45,0,10,71,6,87,12,0,12,99
10/06/2022,SNS,CA,AWP,WE,Federal Contract Tower,0,2,22,0,24,0,27,36,2,65,0,29,58,2,89,2,0,2,91
10/07/2022,SNS,CA,AWP,WE,Federal Contract Tower,0,0,27,0,27,0,0,53,2,55,0,0,80,2,82,4,48,52,134
10/08/2022,SNS,CA,AWP,WE,Federal Contract Tower,0,1,8,0,9,0,1,53,1,55,0,2,61,1,64,48,2,50,114
10/09/2022,SNS,CA,AWP,WE,Federal Contract Tower,0,0,28,0,28,0,2,59,11,72,0,2,87,11,100,36,24,60,160
10/10/2022,SNS,CA,AWP,WE,Federal Contract Tower,0,1,17,0,18,0,0,29,4,33,0,1,46,4,51,14,0,14,65
10/11/2022,SNS,CA,AWP,WE,Federal Contract Tower,0,0,20,4,24,0,12,18,3,33,0,12,38,7,57,4,0,4,61
10/12/2022,SNS,CA,AWP,WE,Federal Contract Tower,0,2,34,2,38,0,3,31,0,34,0,5,65,2,72,28,0,28,100
10/13/2022,SNS,CA,AWP,WE,Federal Contract Tower,0,0,41,3,44,0,11,46,1,58,0,11,87,4,102,0,0,0,102
10/14/2022,SNS,CA,AWP,WE,Federal Contract Tower,0,2,58,0,60,0,0,49,0,49,0,2,107,0,109,36,0,36,145
10/15/2022,SNS,CA,AWP,WE,Federal Contract Tower,0,4,23,0,27,0,2,7,0,9,0,6,30,0,36,0,0,0,36
10/16/2022,SNS,CA,AWP,WE,Federal Contract Tower,0,0,13,0,13,0,4,51,0,55,0,4,64,0,68,82,0,82,150
10/17/2022,SNS,CA,AWP,WE,Federal Contract Tower,0,0,26,0,26,0,5,69,6,80,0,5,95,6,106,78,0,78,184
10/18/2022,SNS,CA,AWP,WE,Federal Contract Tower,0,0,26,0,26,0,10,86,6,102,0,10,112,6,128,68,0,68,196
10/19/2022,SNS,CA,AWP,WE,Federal Contract Tower,0,0,26,1,27,0,19,99,5,123,0,19,125,6,150,38,0,38,188
10/20/2022,SNS,CA,AWP,WE,Federal Contract Tower,0,0,18,0,18,0,14,69,4,87,0,14,87,4,105,78,0,78,183
10/21/2022,SNS,CA,AWP,WE,Federal Contract Tower,0,0,48,2,50,0,12,50,0,62,0,12,98,2,112,46,0,46,158
10/22/2022,SNS,CA,AWP,WE,Federal Contract Tower,0,0,13,2,15,0,5,20,1,26,0,5,33,3,41,14,0,14,55
10/23/2022,SNS,CA,AWP,WE,Federal Contract Tower,0,0,21,0,21,0,1,85,0,86,0,1,106,0,107,114,0,114,221
10/24/2022,SNS,CA,AWP,WE,Federal Contract Tower,0,0,16,2,18,0,9,97,3,109,0,9,113,5,127,28,0,28,155
10/25/2022,SNS,CA,AWP,WE,Federal Contract Tower,0,3,22,0,25,0,5,64,3,72,0,8,86,3,97,36,10,46,143
10/26/2022,SNS,CA,AWP,WE,Federal Contract Tower,0,1,21,1,23,0,9,60,3,72,0,10,81,4,95,52,0,52,147
10/27/2022,SNS,CA,AWP,WE,Federal Contract Tower,0,0,18,1,19,0,1,61,1,63,0,1,79,2,82,70,0,70,152
10/28/2022,SNS,CA,AWP,WE,Federal Contract Tower,0,0,68,4,72,0,0,63,2,65,0,0,131,6,137,72,2,74,211
10/29/2022,SNS,CA,AWP,WE,Federal Contract Tower,0,0,10,0,10,0,2,40,0,42,0,2,50,0,52,56,0,56,108
10/30/2022,SNS,CA,AWP,WE,Federal Contract Tower,0,10,36,0,46,0,0,55,0,55,0,10,91,0,101,36,0,36,137
10/31/2022,SNS,CA,AWP,WE,Federal Contract Tower,0,0,13,3,16,0,2,48,2,52,0,2,61,5,68,78,0,78,146
11/01/2022,SNS,CA,AWP,WE,Federal Contract Tower,0,3,27,0,30,0,1,27,2,30,0,4,54,2,60,16,0,16,76
11/02/2022,SNS,CA,AWP,WE,Federal Contract Tower,0,0,23,0,23,0,2,49,2,53,0,2,72,2,76,52,0,52,128
11/03/2022,SNS,CA,AWP,WE,Federal Contract Tower,0,3,29,2,34,0,4,97,4,105,0,7,126,6,139,136,8,144,283
11/04/2022,SNS,CA,AWP,WE,Federal Contract Tower,0,0,24,0,24,0,13,74,3,90,0,13,98,3,114,62,0,62,176
11/05/2022,SNS,CA,AWP,WE,Federal Contract Tower,0,5,25,2,32,0,3,25,0,28,0,8,50,2,60,30,0,30,90
11/06/2022,SNS,CA,AWP,WE,Federal Contract Tower,0,3,14,0,17,0,8,61,0,69,0,11,75,0,86,86,0,86,172
11/07/2022,SNS,CA,AWP,WE,Federal Contract Tower,0,0,27,0,27,0,1,44,3,48,0,1,71,3,75,70,0,70,145
11/08/2022,SNS,CA,AWP,WE,Federal Contract Tower,0,0,12,0,12,0,0,4,0,4,0,0,16,0,16,4,0,4,20
11/09/2022,SNS,CA,AWP,WE,Federal Contract Tower,0,0,36,4,40,0,6,69,3,78,0,6,105,7,118,52,0,52,170
11/10/2022,SNS,CA,AWP,WE,Federal Contract Tower,0,0,22,0,22,0,6,74,11,91,0,6,96,11,113,122,0,122,235
11/11/2022,SNS,CA,AWP,WE,Federal Contract Tower,0,0,40,0,40,0,4,78,0,82,0,4,118,0,122,148,0,148,270
11/12/2022,SNS,CA,AWP,WE,Federal Contract Tower,0,0,21,0,21,0,3,46,0,49,0,3,67,0,70,62,0,62,132
11/13/2022,SNS,CA,AWP,WE,Federal Contract Tower,0,0,10,0,10,0,7,74,0,81,0,7,84,0,91,92,0,92,183
11/14/2022,SNS,CA,AWP,WE,Federal Contract Tower,0,0,17,0,17,0,6,64,0,70,0,6,81,0,87,52,0,52,139
11/15/2022,SNS,CA,AWP,WE,Federal Contract Tower,0,2,14,0,16,0,9,85,4,98,0,11,99,4,114,76,20,96,210
11/16/2022,SNS,CA,AWP,WE,Federal Contract Tower,0,2,23,0,25,0,11,65,2,78,0,13,88,2,103,62,0,62,165
11/17/2022,SNS,CA,AWP,WE,Federal Contract Tower,0,3,14,0,17,0,1,58,4,63,0,4,72,4,80,132,0,132,212
11/18/2022,SNS,CA,AWP,WE,Federal Contract Tower,0,0,36,0,36,0,1,82,0,83,0,1,118,0,119,108,0,108,227
11/19/2022,SNS,CA,AWP,WE,Federal Contract Tower,0,0,3,0,3,0,5,77,0,82,0,5,80,0,85,58,0,58,143
11/20/2022,SNS,CA,AWP,WE,Federal Contract Tower,0,2,5,0,7,0,1,50,0,51,0,3,55,0,58,30,0,30,88
11/21/2022,SNS,CA,AWP,WE,Federal Contract Tower,0,0,16,1,17,0,1,60,1,62,0,1,76,2,79,50,0,50,129
11/22/2022,SNS,CA,AWP,WE,Federal Contract Tower,0,0,18,0,18,0,4,54,1,59,0,4,72,1,77,46,0,46,123
11/23/2022,SNS,CA,AWP,WE,Federal Contract Tower,0,1,20,2,23,0,15,82,4,101,0,16,102,6,124,114,0,114,238
11/24/2022,SNS,CA,AWP,WE,Federal Contract Tower,0,0,0,0,0,0,9,19,0,28,0,9,19,0,28,46,0,46,74
11/25/2022,SNS,CA,AWP,WE,Federal Contract Tower,0,0,23,1,24,0,1,51,0,52,0,1,74,1,76,40,0,40,116
11/26/2022,SNS,CA,AWP,WE,Federal Contract Tower,0,0,5,1,6,0,2,32,1,35,0,2,37,2,41,20,8,28,69
11/27/2022,SNS,CA,AWP,WE,Federal Contract Tower,0,2,18,0,20,0,8,67,0,75,0,10,85,0,95,34,0,34,129
11/28/2022,SNS,CA,AWP,WE,Federal Contract Tower,0,0,13,0,13,0,6,19,4,29,0,6,32,4,42,4,0,4,46
11/29/2022,SNS,CA,AWP,WE,Federal Contract Tower,0,0,22,0,22,0,2,65,2,69,0,2,87,2,91,130,0,130,221
11/30/2022,SNS,CA,AWP,WE,Federal Contract Tower,0,0,25,2,27,0,3,46,4,53,0,3,71,6,80,76,0,76,156
12/01/2022,SNS,CA,AWP,WE,Federal Contract Tower,0,0,13,0,13,0,0,12,2,14,0,0,25,2,27,0,0,0,27
12/02/2022,SNS,CA,AWP,WE,Federal Contract Tower,0,0,35,4,39,0,3,56,0,59,0,3,91,4,98,90,0,90,188
12/03/2022,SNS,CA,AWP,WE,Federal Contract Tower,0,0,2,2,4,0,0,0,0,0,0,0,2,2,4,0,0,0,4
12/04/2022,SNS,CA,AWP,WE,Federal Contract Tower,0,0,9,0,9,0,2,14,0,16,0,2,23,0,25,46,0,46,71
12/05/2022,SNS,CA,AWP,WE,Federal Contract Tower,0,0,9,0,9,0,2,26,3,31,0,2,35,3,40,96,0,96,136
12/06/2022,SNS,CA,AWP,WE,Federal Contract Tower,0,0,15,3,18,0,1,27,2,30,0,1,42,5,48,66,0,66,114
12/07/2022,SNS,CA,AWP,WE,Federal Contract Tower,0,0,45,3,48,0,4,77,6,87,0,4,122,9,135,106,0,106,241
12/08/2022,SNS,CA,AWP,WE,Federal Contract Tower,0,0,24,0,24,0,0,40,4,44,0,0,64,4,68,24,0,24,92
12/09/2022,SNS,CA,AWP,WE,Federal Contract Tower,0,0,35,5,40,0,0,26,1,27,0,0,61,6,67,0,44,44,111
12/10/2022,SNS,CA,AWP,WE,Federal Contract Tower,0,0,0,0,0,0,0,3,0,3,0,0,3,0,3,0,0,0,3
12/11/2022,SNS,CA,AWP,WE,Federal Contract Tower,0,0,8,0,8,0,0,44,5,49,0,0,52,5,57,36,0,36,93
12/12/2022,SNS,CA,AWP,WE,Federal Contract Tower,0,0,18,0,18,0,1,50,3,54,0,1,68,3,72,68,0,68,140
12/13/2022,SNS,CA,AWP,WE,Federal Contract Tower,0,4,16,6,26,0,4,73,3,80,0,8,89,9,106,60,0,60,166
12/14/2022,SNS,CA,AWP,WE,Federal Contract Tower,0,0,24,0,24,0,1,71,2,74,0,1,95,2,98,58,0,58,156
12/15/2022,SNS,CA,AWP,WE,Federal Contract Tower,0,0,32,1,33,0,4,65,3,72,0,4,97,4,105,70,0,70,175
12/16/2022,SNS,CA,AWP,WE,Federal Contract Tower,0,2,38,0,40,0,1,66,0,67,0,3,104,0,107,52,0,52,159
12/17/2022,SNS,CA,AWP,WE,Federal Contract Tower,0,0,17,0,17,0,4,67,0,71,0,4,84,0,88,50,0,50,138
12/18/2022,SNS,CA,AWP,WE,Federal Contract Tower,0,4,23,0,27,0,2,46,3,51,0,6,69,3,78,64,0,64,142
12/19/2022,SNS,CA,AWP,WE,Federal Contract Tower,0,0,18,4,22,0,3,55,0,58,0,3,73,4,80,90,0,90,170
12/20/2022,SNS,CA,AWP,WE,Federal Contract Tower,0,0,31,0,31,0,7,48,4,59,0,7,79,4,90,78,0,78,168
12/21/2022,SNS,CA,AWP,WE,Federal Contract Tower,0,1,31,2,34,0,3,60,0,63,0,4,91,2,97,84,0,84,181
12/22/2022,SNS,CA,AWP,WE,Federal Contract Tower,0,0,18,2,20,0,2,65,0,67,0,2,83,2,87,114,0,114,201
12/23/2022,SNS,CA,AWP,WE,Federal Contract Tower,0,1,38,0,39,0,1,71,0,72,0,2,109,0,111,58,0,58,169
12/24/2022,SNS,CA,AWP,WE,Federal Contract Tower,0,0,8,0,8,0,2,21,0,23,0,2,29,0,31,2,0,2,33
12/25/2022,SNS,CA,AWP,WE,Federal Contract Tower,0,0,4,0,4,0,5,6,0,11,0,5,10,0,15,20,0,20,35
12/26/2022,SNS,CA,AWP,WE,Federal Contract Tower,0,0,20,0,20,0,0,61,1,62,0,0,81,1,82,76,0,76,158
12/27/2022,SNS,CA,AWP,WE,Federal Contract Tower,0,0,7,0,7,0,0,2,0,2,0,0,9,0,9,10,0,10,19
12/28/2022,SNS,CA,AWP,WE,Federal Contract Tower,0,0,23,3,26,0,4,46,2,52,0,4,69,5,78,12,0,12,90
12/29/2022,SNS,CA,AWP,WE,Federal Contract Tower,0,0,19,2,21,0,2,2,0,4,0,2,21,2,25,16,0,16,41
12/30/2022,SNS,CA,AWP,WE,Federal Contract Tower,0,0,12,0,12,0,0,7,0,7,0,0,19,0,19,8,0,8,27
12/31/2022,SNS,CA,AWP,WE,Federal Contract Tower,0,0,3,0,3,0,0,2,0,2,0,0,5,0,5,12,0,12,17
01/01/2023,SNS,CA,AWP,WE,Federal Contract Tower,0,0,15,0,15,0,11,64,0,75,0,11,79,0,90,82,0,82,172
01/02/2023,SNS,CA,AWP,WE,Federal Contract Tower,0,0,8,0,8,0,2,14,0,16,0,2,22,0,24,18,0,18,42
01/03/2023,SNS,CA,AWP,WE,Federal Contract Tower,0,0,20,4,24,0,4,40,0,44,0,4,60,4,68,60,0,60,128
01/04/2023,SNS,CA,AWP,WE,Federal Contract Tower,0,0,4,0,4,0,0,0,2,2,0,0,4,2,6,0,0,0,6
01/05/2023,SNS,CA,AWP,WE,Federal Contract Tower,0,0,4,0,4,0,0,3,2,5,0,0,7,2,9,10,0,10,19
01/06/2023,SNS,CA,AWP,WE,Federal Contract Tower,0,0,14,0,14,0,2,58,1,61,0,2,72,1,75,88,0,88,163
01/07/2023,SNS,CA,AWP,WE,Federal Contract Tower,0,0,6,0,6,0,3,10,0,13,0,3,16,0,19,34,0,34,53
01/08/2023,SNS,CA,AWP,WE,Federal Contract Tower,0,0,27,0,27,0,6,24,0,30,0,6,51,0,57,24,0,24,81
01/09/2023,SNS,CA,AWP,WE,Federal Contract Tower,0,0,24,0,24,0,1,0,6,7,0,1,24,6,31,0,0,0,31
01/10/2023,SNS,CA,AWP,WE,Federal Contract Tower,0,0,3,0,3,0,4,2,8,14,0,4,5,8,17,0,0,0,17
01/11/2023,SNS,CA,AWP,WE,Federal Contract Tower,0,0,5,0,5,0,0,8,3,11,0,0,13,3,16,6,0,6,22
01/12/2023,SNS,CA,AWP,WE,Federal Contract Tower,0,0,36,0,36,0,6,67,1,74,0,6,103,1,110,64,0,64,174
01/13/2023,SNS,CA,AWP,WE,Federal Contract Tower,0,1,12,0,13,0,2,6,0,8,0,3,18,0,21,0,0,0,21
01/14/2023,SNS,CA,AWP,WE,Federal Contract Tower,0,1,0,0,1,0,0,1,0,1,0,1,1,0,2,0,0,0,2
01/15/2023,SNS,CA,AWP,WE,Federal Contract Tower,0,0,1,0,1,0,0,11,0,11,0,0,12,0,12,16,0,16,28
01/16/2023,SNS,CA,AWP,WE,Federal Contract Tower,0,0,11,0,11,0,2,5,0,7,0,2,16,0,18,0,0,0,18
01/17/2023,SNS,CA,AWP,WE,Federal Contract Tower,0,0,31,3,34,0,9,81,1,91,0,9,112,4,125,152,0,152,277
01/18/2023,SNS,CA,AWP,WE,Federal Contract Tower,0,0,9,0,9,0,1,42,2,45,0,1,51,2,54,64,0,64,118
01/19/2023,SNS,CA,AWP,WE,Federal Contract Tower,0,0,15,2,17,0,1,39,2,42,0,1,54,4,59,80,0,80,139
01/20/2023,SNS,CA,AWP,WE,Federal Contract Tower,0,0,15,1,16,0,0,88,3,91,0,0,103,4,107,72,2,74,181
01/21/2023,SNS,CA,AWP,WE,Federal Contract Tower,0,0,14,0,14,0,4,60,0,64,0,4,74,0,78,30,0,30,108
01/22/2023,SNS,CA,AWP,WE,Federal Contract Tower,0,0,23,0,23,0,4,53,0,57,0,4,76,0,80,92,0,92,172
01/23/2023,SNS,CA,AWP,WE,Federal Contract Tower,0,0,18,1,19,0,1,45,2,48,0,1,63,3,67,60,0,60,127
01/24/2023,SNS,CA,AWP,WE,Federal Contract Tower,0,0,13,1,14,0,4,47,3,54,0,4,60,4,68,66,0,66,134
01/25/2023,SNS,CA,AWP,WE,Federal Contract Tower,0,3,24,1,28,0,1,71,2,74,0,4,95,3,102,48,0,48,150
01/26/2023,SNS,CA,AWP,WE,Federal Contract Tower,0,0,28,0,28,0,6,78,4,88,0,6,106,4,116,102,0,102,218
01/27/2023,SNS,CA,AWP,WE,Federal Contract Tower,0,0,26,3,29,0,5,68,3,76,0,5,94,6,105,0,70,70,175
01/28/2023,SNS,CA,AWP,WE,Federal Contract Tower,0,0,6,2,8,0,0,57,0,57,0,0,63,2,65,72,0,72,137
01/29/2023,SNS,CA,AWP,WE,Federal Contract Tower,0,0,7,0,7,0,0,3,0,3,0,0,10,0,10,0,0,0,10
01/30/2023,SNS,CA,AWP,WE,Federal Contract Tower,0,2,46,0,48,0,6,43,2,51,0,8,89,2,99,110,0,110,209
01/31/2023,SNS,CA,AWP,WE,Federal Contract Tower,0,8,11,1,20,0,14,63,5,82,0,22,74,6,102,82,0,82,184
02/01/2023,SNS,CA,AWP,WE,Federal Contract Tower,0,3,17,0,20,0,2,57,3,62,0,5,74,3,82,50,0,50,132
02/02/2023,SNS,CA,AWP,WE,Federal Contract Tower,0,0,23,1,24,0,4,63,5,72,0,4,86,6,96,72,0,72,168
02/03/2023,SNS,CA,AWP,WE,Federal Contract Tower,0,1,15,6,22,0,2,33,2,37,0,3,48,8,59,18,0,18,77
02/04/2023,SNS,CA,AWP,WE,Federal Contract Tower,0,0,18,0,18,0,8,19,0,27,0,8,37,0,45,26,0,26,71
02/05/2023,SNS,CA,AWP,WE,Federal Contract Tower,0,0,6,3,9,0,5,3,1,9,0,5,9,4,18,0,0,0,18
02/06/2023,SNS,CA,AWP,WE,Federal Contract Tower,0,30,1,0,31,0,2,55,3,60,0,32,56,3,91,56,0,56,147
02/07/2023,SNS,CA,AWP,WE,Federal Contract Tower,0,0,21,0,21,0,5,46,2,53,0,5,67,2,74,100,0,100,174
02/08/2023,SNS,CA,AWP,WE,Federal Contract Tower,0,0,16,1,17,0,0,72,4,76,0,0,88,5,93,64,0,64,157
02/09/2023,SNS,CA,AWP,WE,Federal Contract Tower,0,0,10,0,10,0,2,45,2,49,0,2,55,2,59,70,0,70,129
02/10/2023,SNS,CA,AWP,WE,Federal Contract Tower,0,0,31,1,32,0,4,38,2,44,0,4,69,3,76,26,0,26,102
02/11/2023,SNS,CA,AWP,WE,Federal Contract Tower,0,0,2,0,2,0,0,7,0,7,0,0,9,0,9,0,0,0,9
02/12/2023,SNS,CA,AWP,WE,Federal Contract Tower,0,0,25,0,25,0,0,92,0,92,0,0,117,0,117,117,0,117,234
02/13/2023,SNS,CA,AWP,WE,Federal Contract Tower,0,1,25,3,29,0,1,9,1,11,0,2,34,4,40,29,0,29,69
02/14/2023,SNS,CA,AWP,WE,Federal Contract Tower,0,14,5,0,19,0,0,28,1,29,0,14,33,1,48,16,0,16,64
02/15/2023,SNS,CA,AWP,WE,Federal Contract Tower,0,2,16,0,18,0,0,69,0,69,0,2,85,0,87,70,0,70,157
02/16/2023,SNS,CA,AWP,WE,Federal Contract Tower,0,0,20,0,20,0,1,59,1,61,0,1,79,1,81,94,0,94,175
02/17/2023,SNS,CA,AWP,WE,Federal Contract Tower,0,0,19,0,19,0,0,55,0,55,0,0,74,0,74,64,0,64,138
02/18/2023,SNS,CA,AWP,WE,Federal Contract Tower,0,0,5,0,5,0,3,68,0,71,0,3,73,0,76,56,0,56,132
02/19/2023,SNS,CA,AWP,WE,Federal Contract Tower,0,0,11,0,11,0,0,75,0,75,0,0,86,0,86,56,0,56,142
02/20/2023,SNS,CA,AWP,WE,Federal Contract Tower,0,0,14,0,14,0,0,79,0,79,0,0,93,0,93,100,0,100,193
02/21/2023,SNS,CA,AWP,WE,Federal Contract Tower,0,0,15,2,17,0,0,9,0,9,0,0,24,2,26,6,0,6,32
02/22/2023,SNS,CA,AWP,WE,Federal Contract Tower,0,2,6,0,8,0,1,15,0,16,0,3,21,0,24,6,0,6,30
02/23/2023,SNS,CA,AWP,WE,Federal Contract Tower,0,0,5,0,5,0,0,13,0,13,0,0,18,0,18,34,0,34,52
02/24/2023,SNS,CA,AWP,WE,Federal Contract Tower,0,0,5,0,5,0,0,0,0,0,0,0,5,0,5,0,0,0,5
02/25/2023,SNS,CA,AWP,WE,Federal Contract Tower,0,0,7,0,7,0,0,30,0,30,0,0,37,0,37,40,0,40,77
02/26/2023,SNS,CA,AWP,WE,Federal Contract Tower,0,1,2,0,3,0,0,9,0,9,0,1,11,0,12,60,0,60,72
02/27/2023,SNS,CA,AWP,WE,Federal Contract Tower,0,1,8,0,9,0,0,10,0,10,0,1,18,0,19,8,0,8,27
02/28/2023,SNS,CA,AWP,WE,Federal Contract Tower,0,1,5,0,6,0,0,6,0,6,0,1,11,0,12,26,0,26,38
03/01/2023,SNS,CA,AWP,WE,Federal Contract Tower,0,4,18,7,29,0,0,65,0,65,0,4,83,7,94,100,0,100,194
03/02/2023,SNS,CA,AWP,WE,Federal Contract Tower,0,0,20,0,20,0,2,92,1,95,0,2,112,1,115,164,0,164,279
03/03/2023,SNS,CA,AWP,WE,Federal Contract Tower,0,0,30,2,32,0,2,58,1,61,0,2,88,3,93,44,0,44,137
03/04/2023,SNS,CA,AWP,WE,Federal Contract Tower,0,0,0,0,0,0,0,16,0,16,0,0,16,0,16,72,0,72,88
03/05/2023,SNS,CA,AWP,WE,Federal Contract Tower,0,0,4,0,4,0,2,7,0,9,0,2,11,0,13,12,0,12,25
03/06/2023,SNS,CA,AWP,WE,Federal Contract Tower,0,0,12,0,12,0,0,19,2,21,0,0,31,2,33,52,0,52,85
03/07/2023,SNS,CA,AWP,WE,Federal Contract Tower,0,1,16,0,17,0,0,52,2,54,0,1,68,2,71,34,0,34,105
03/08/2023,SNS,CA,AWP,WE,Federal Contract Tower,0,0,19,0,19,0,0,33,2,35,0,0,52,2,54,12,0,12,66
03/09/2023,SNS,CA,AWP,WE,Federal Contract Tower,0,0,11,0,11,0,0,21,2,23,0,0,32,2,34,8,0,8,42
03/10/2023,SNS,CA,AWP,WE,Federal Contract Tower,0,0,0,5,5,0,0,0,0,0,0,0,0,5,5,0,0,0,5
03/11/2023,SNS,CA,AWP,WE,Federal Contract Tower,0,1,10,0,11,0,0,7,0,7,0,1,17,0,18,12,0,12,30
03/12/2023,SNS,CA,AWP,WE,Federal Contract Tower,0,0,0,2,2,0,2,28,0,30,0,2,28,2,32,84,0,84,116
03/13/2023,SNS,CA,AWP,WE,Federal Contract Tower,0,0,9,0,9,0,10,34,3,47,0,10,43,3,56,45,16,61,117
03/14/2023,SNS,CA,AWP,WE,Federal Contract Tower,0,0,6,0,6,0,0,2,0,2,0,0,8,0,8,0,0,0,8
03/15/2023,SNS,CA,AWP,WE,Federal Contract Tower,0,0,25,3,28,0,3,71,8,82,0,3,96,11,110,114,0,114,224
03/16/2023,SNS,CA,AWP,WE,Federal Contract Tower,0,2,25,0,27,0,0,71,3,74,0,2,96,3,101,100,0,100,201
03/17/2023,SNS,CA,AWP,WE,Federal Contract Tower,0,0,29,0,29,0,0,36,0,36,0,0,65,0,65,78,0,78,143
03/18/2023,SNS,CA,AWP,WE,Federal Contract Tower,0,7,0,0,7,0,2,43,0,45,0,9,43,0,52,116,0,116,168
03/19/2023,SNS,CA,AWP,WE,Federal Contract Tower,0,0,2,0,2,0,0,2,0,2,0,0,4,0,4,8,0,8,12
03/20/2023,SNS,CA,AWP,WE,Federal Contract Tower,0,0,25,2,27,0,2,37,0,39,0,2,62,2,66,93,0,93,159
03/21/2023,SNS,CA,AWP,WE,Federal Contract Tower,0,0,5,0,5,0,0,0,2,2,0,0,5,2,7,0,0,0,7
03/22/2023,SNS,CA,AWP,WE,Federal Contract Tower,0,0,6,0,6,0,0,7,0,7,0,0,13,0,13,30,0,30,43
03/23/2023,SNS,CA,AWP,WE,Federal Contract Tower,0,0,18,0,18,0,2,34,4,40,0,2,52,4,58,36,8,44,102
03/24/2023,SNS,CA,AWP,WE,Federal Contract Tower,0,0,37,0,37,0,0,56,0,56,0,0,93,0,93,88,0,88,181
03/25/2023,SNS,CA,AWP,WE,Federal Contract Tower,0,0,14,0,14,0,2,65,0,67,0,2,79,0,81,38,0,38,119
03/26/2023,SNS,CA,AWP,WE,Federal Contract Tower,0,2,11,0,13,0,2,103,0,105,0,4,114,0,118,38,0,38,156
03/27/2023,SNS,CA,AWP,WE,Federal Contract Tower,0,2,14,2,18,0,2,63,2,67,0,4,77,4,85,100,0,100,185
03/28/2023,SNS,CA,AWP,WE,Federal Contract Tower,0,0,5,0,5,0,0,14,2,16,0,0,19,2,21,22,0,22,43
03/29/2023,SNS,CA,AWP,WE,Federal Contract Tower,0,0,8,0,8,0,1,8,2,11,0,1,16,2,19,0,0,0,19
03/30/2023,SNS,CA,AWP,WE,Federal Contract Tower,0,1,31,1,33,0,2,54,3,59,0,3,85,4,92,76,0,76,168
03/31/2023,SNS,CA,AWP,WE,Federal Contract Tower,0,0,30,2,32,0,1,80,0,81,0,1,110,2,113,74,0,74,187
04/01/2023,SNS,CA,AWP,WE,Federal Contract Tower,0,0,8,0,8,0,2,49,0,51,0,2,57,0,59,60,0,60,119
04/02/2023,SNS,CA,AWP,WE,Federal Contract Tower,0,0,5,0,5,0,1,34,2,37,0,1,39,2,42,36,0,36,78
04/03/2023,SNS,CA,AWP,WE,Federal Contract Tower,0,0,5,1,6,0,0,17,7,24,0,0,22,8,30,32,0,32,62
04/04/2023,SNS,CA,AWP,WE,Federal Contract Tower,0,0,25,4,29,0,0,71,5,76,0,0,96,9,105,120,0,120,225
04/05/2023,SNS,CA,AWP,WE,Federal Contract Tower,0,0,19,2,21,0,2,54,2,58,0,2,73,4,79,112,0,112,191
04/06/2023,SNS,CA,AWP,WE,Federal Contract Tower,0,0,18,8,26,0,3,69,5,77,0,3,87,13,103,142,8,150,253
04/07/2023,SNS,CA,AWP,WE,Federal Contract Tower,0,0,6,0,6,0,2,26,0,28,0,2,32,0,34,76,0,76,110
04/08/2023,SNS,CA,AWP,WE,Federal Contract Tower,0,0,24,2,26,0,0,18,0,18,0,0,42,2,44,6,0,6,50
04/09/2023,SNS,CA,AWP,WE,Federal Contract Tower,0,0,20,0,20,0,2,54,0,56,0,2,74,0,76,40,0,40,116
04/10/2023,SNS,CA,AWP,WE,Federal Contract Tower,0,1,16,0,17,0,5,48,0,53,0,6,64,0,70,68,0,68,138
04/11/2023,SNS,CA,AWP,WE,Federal Contract Tower,0,1,16,0,17,0,1,50,2,53,0,2,66,2,70,54,0,54,124
04/12/2023,SNS,CA,AWP,WE,Federal Contract Tower,0,0,8,1,9,0,3,38,2,43,0,3,46,3,52,8,10,18,70
04/13/2023,SNS,CA,AWP,WE,Federal Contract Tower,0,0,22,3,25,0,0,50,2,52,0,0,72,5,77,0,50,50,127
04/14/2023,SNS,CA,AWP,WE,Federal Contract Tower,0,0,12,0,12,0,0,38,16,54,0,0,50,16,66,130,0,130,196
04/15/2023,SNS,CA,AWP,WE,Federal Contract Tower,0,0,0,0,0,0,0,0,0,0,0,0,0,0,0,0,0,0,0
04/16/2023,SNS,CA,AWP,WE,Federal Contract Tower,0,0,43,2,45,0,1,54,0,55,0,1,97,2,100,26,0,26,126
04/17/2023,SNS,CA,AWP,WE,Federal Contract Tower,0,0,38,0,38,0,0,67,0,67,0,0,105,0,105,96,0,96,201
04/18/2023,SNS,CA,AWP,WE,Federal Contract Tower,0,2,41,2,45,0,1,63,2,66,0,3,104,4,111,40,0,40,151
04/19/2023,SNS,CA,AWP,WE,Federal Contract Tower,0,1,34,4,39,0,2,67,4,73,0,3,101,8,112,92,0,92,204
04/20/2023,SNS,CA,AWP,WE,Federal Contract Tower,0,2,16,0,18,0,1,76,2,79,0,3,92,2,97,174,6,180,277
04/21/2023,SNS,CA,AWP,WE,Federal Contract Tower,0,0,21,0,21,0,2,57,3,62,0,2,78,3,83,46,0,46,129
04/22/2023,SNS,CA,AWP,WE,Federal Contract Tower,0,0,0,0,0,0,0,0,0,0,0,0,0,0,0,0,0,0,0
04/23/2023,SNS,CA,AWP,WE,Federal Contract Tower,0,0,0,0,0,0,3,11,0,14,0,3,11,0,14,0,0,0,14
04/24/2023,SNS,CA,AWP,WE,Federal Contract Tower,0,1,42,0,43,0,0,35,1,36,0,1,77,1,79,40,0,40,119
04/25/2023,SNS,CA,AWP,WE,Federal Contract Tower,0,0,33,0,33,0,0,35,1,36,0,0,68,1,69,58,0,58,127
04/26/2023,SNS,CA,AWP,WE,Federal Contract Tower,0,0,27,0,27,0,2,38,0,40,0,2,65,0,67,66,0,66,133
04/27/2023,SNS,CA,AWP,WE,Federal Contract Tower,0,0,37,0,37,0,1,69,0,70,0,1,106,0,107,100,24,124,231
04/28/2023,SNS,CA,AWP,WE,Federal Contract Tower,0,0,31,0,31,0,1,47,2,50,0,1,78,2,81,38,0,38,119
04/29/2023,SNS,CA,AWP,WE,Federal Contract Tower,0,0,0,0,0,0,0,0,0,0,0,0,0,0,0,0,0,0,0
04/30/2023,SNS,CA,AWP,WE,Federal Contract Tower,0,0,32,0,32,0,0,21,0,21,0,0,53,0,53,0,0,0,53
05/01/2023,SNS,CA,AWP,WE,Federal Contract Tower,0,0,14,1,15,0,1,19,0,20,0,1,33,1,35,84,0,84,119
05/02/2023,SNS,CA,AWP,WE,Federal Contract Tower,0,1,9,0,10,0,0,24,4,28,0,1,33,4,38,18,0,18,56
05/03/2023,SNS,CA,AWP,WE,Federal Contract Tower,0,0,11,0,11,0,0,21,3,24,0,0,32,3,35,24,0,24,59
05/04/2023,SNS,CA,AWP,WE,Federal Contract Tower,0,0,8,0,8,0,0,41,1,42,0,0,49,1,50,62,0,62,112
05/05/2023,SNS,CA,AWP,WE,Federal Contract Tower,0,0,21,2,23,0,4,39,3,46,0,4,60,5,69,48,0,48,117
05/06/2023,SNS,CA,AWP,WE,Federal Contract Tower,0,0,0,0,0,0,0,0,0,0,0,0,0,0,0,0,0,0,0
05/07/2023,SNS,CA,AWP,WE,Federal Contract Tower,0,0,26,0,26,0,5,76,0,81,0,5,102,0,107,118,0,118,225
05/08/2023,SNS,CA,AWP,WE,Federal Contract Tower,0,0,33,0,33,0,0,74,4,78,0,0,107,4,111,68,0,68,179
05/09/2023,SNS,CA,AWP,WE,Federal Contract Tower,0,0,17,0,17,0,0,62,7,69,0,0,79,7,86,64,0,64,150
05/10/2023,SNS,CA,AWP,WE,Federal Contract Tower,0,0,38,0,38,0,0,53,2,55,0,0,91,2,93,76,0,76,169
05/11/2023,SNS,CA,AWP,WE,Federal Contract Tower,0,2,39,0,41,0,2,67,1,70,0,4,106,1,111,74,0,74,185
05/12/2023,SNS,CA,AWP,WE,Federal Contract Tower,0,0,22,2,24,0,0,49,1,50,0,0,71,3,74,50,0,50,124
05/13/2023,SNS,CA,AWP,WE,Federal Contract Tower,0,0,0,0,0,0,0,0,0,0,0,0,0,0,0,0,0,0,0
05/14/2023,SNS,CA,AWP,WE,Federal Contract Tower,0,4,45,0,49,0,0,31,0,31,0,4,76,0,80,62,0,62,142
05/15/2023,SNS,CA,AWP,WE,Federal Contract Tower,0,0,26,2,28,0,0,45,2,47,0,0,71,4,75,0,0,0,75
05/16/2023,SNS,CA,AWP,WE,Federal Contract Tower,0,1,24,4,29,0,2,53,2,57,0,3,77,6,86,36,0,36,122
05/17/2023,SNS,CA,AWP,WE,Federal Contract Tower,0,4,41,2,47,0,0,55,0,55,0,4,96,2,102,68,0,68,170
05/18/2023,SNS,CA,AWP,WE,Federal Contract Tower,0,2,37,5,44,0,2,49,1,52,0,4,86,6,96,78,0,78,174
05/19/2023,SNS,CA,AWP,WE,Federal Contract Tower,0,2,56,1,59,0,4,47,2,53,0,6,103,3,112,32,0,32,144
05/20/2023,SNS,CA,AWP,WE,Federal Contract Tower,0,0,0,0,0,0,0,0,0,0,0,0,0,0,0,0,0,0,0
05/21/2023,SNS,CA,AWP,WE,Federal Contract Tower,0,0,39,0,39,0,2,44,4,50,0,2,83,4,89,58,0,58,147
05/22/2023,SNS,CA,AWP,WE,Federal Contract Tower,0,0,39,0,39,0,0,45,1,46,0,0,84,1,85,86,0,86,171
05/23/2023,SNS,CA,AWP,WE,Federal Contract Tower,0,4,32,1,37,0,0,41,2,43,0,4,73,3,80,66,0,66,146
05/24/2023,SNS,CA,AWP,WE,Federal Contract Tower,0,2,17,3,22,0,2,41,0,43,0,4,58,3,65,150,0,150,215
05/25/2023,SNS,CA,AWP,WE,Federal Contract Tower,0,0,35,2,37,0,0,38,1,39,0,0,73,3,76,62,0,62,138
05/28/2023,SNS,CA,AWP,WE,Federal Contract Tower,0,1,9,0,10,0,0,20,0,20,0,1,29,0,30,70,0,70,100
05/29/2023,SNS,CA,AWP,WE,Federal Contract Tower,0,6,26,0,32,0,5,34,0,39,0,11,60,0,71,96,0,96,167
05/30/2023,SNS,CA,AWP,WE,Federal Contract Tower,0,1,22,2,25,0,0,39,1,40,0,1,61,3,65,64,0,64,129
05/31/2023,SNS,CA,AWP,WE,Federal Contract Tower,0,0,23,2,25,0,1,37,1,39,0,1,60,3,64,104,0,104,168
06/01/2023,SNS,CA,AWP,WE,Federal Contract Tower,0,0,28,2,30,0,1,40,3,44,0,1,68,5,74,100,14,114,188
06/02/2023,SNS,CA,AWP,WE,Federal Contract Tower,0,0,19,2,21,0,2,51,1,54,0,2,70,3,75,128,0,128,203
06/03/2023,SNS,CA,AWP,WE,Federal Contract Tower,0,0,0,0,0,0,0,0,0,0,0,0,0,0,0,0,0,0,0
06/04/2023,SNS,CA,AWP,WE,Federal Contract Tower,0,1,30,0,31,0,5,26,0,31,0,6,56,0,62,136,0,136,198
06/05/2023,SNS,CA,AWP,WE,Federal Contract Tower,0,5,29,0,34,0,0,64,4,68,0,5,93,4,102,68,0,68,170
06/06/2023,SNS,CA,AWP,WE,Federal Contract Tower,0,0,11,2,13,0,0,26,2,28,0,0,37,4,41,70,0,70,111
06/07/2023,SNS,CA,AWP,WE,Federal Contract Tower,0,1,14,2,17,0,4,42,1,47,0,5,56,3,64,138,0,138,202
06/08/2023,SNS,CA,AWP,WE,Federal Contract Tower,0,0,30,0,30,0,8,97,5,110,0,8,127,5,140,248,0,248,388
06/09/2023,SNS,CA,AWP,WE,Federal Contract Tower,0,3,13,0,16,0,5,34,0,39,0,8,47,0,55,38,0,38,93
06/10/2023,SNS,CA,AWP,WE,Federal Contract Tower,0,0,6,0,6,0,15,37,0,52,0,15,43,0,58,0,0,0,58
06/11/2023,SNS,CA,AWP,WE,Federal Contract Tower,0,1,23,4,28,0,8,37,2,47,0,9,60,6,75,54,0,54,129
06/12/2023,SNS,CA,AWP,WE,Federal Contract Tower,0,0,17,0,17,0,4,24,2,30,0,4,41,2,47,70,0,70,117
06/13/2023,SNS,CA,AWP,WE,Federal Contract Tower,0,3,27,0,30,0,2,30,2,34,0,5,57,2,64,58,0,58,122
06/14/2023,SNS,CA,AWP,WE,Federal Contract Tower,0,0,49,0,49,0,0,57,2,59,0,0,106,2,108,108,0,108,216
06/15/2023,SNS,CA,AWP,WE,Federal Contract Tower,0,3,32,0,35,0,2,55,2,59,0,5,87,2,94,38,0,38,132
06/16/2023,SNS,CA,AWP,WE,Federal Contract Tower,0,2,32,1,35,0,1,42,0,43,0,3,74,1,78,96,0,96,174
06/17/2023,SNS,CA,AWP,WE,Federal Contract Tower,0,0,29,0,29,0,0,31,0,31,0,0,60,0,60,42,0,42,102
06/18/2023,SNS,CA,AWP,WE,Federal Contract Tower,0,0,20,2,22,0,7,82,0,89,0,7,102,2,111,58,0,58,169
06/19/2023,SNS,CA,AWP,WE,Federal Contract Tower,0,1,11,1,13,0,4,35,0,39,0,5,46,1,52,40,0,40,92
06/20/2023,SNS,CA,AWP,WE,Federal Contract Tower,0,1,17,4,22,0,1,41,3,45,0,2,58,7,67,110,0,110,177
06/21/2023,SNS,CA,AWP,WE,Federal Contract Tower,0,1,7,0,8,0,4,54,2,60,0,5,61,2,68,86,0,86,154
06/22/2023,SNS,CA,AWP,WE,Federal Contract Tower,0,3,16,0,19,0,7,21,11,39,0,10,37,11,58,38,0,38,96
06/23/2023,SNS,CA,AWP,WE,Federal Contract Tower,0,0,30,0,30,0,2,42,1,45,0,2,72,1,75,38,0,38,113
06/24/2023,SNS,CA,AWP,WE,Federal Contract Tower,0,0,18,2,20,0,0,44,0,44,0,0,62,2,64,32,0,32,96
06/25/2023,SNS,CA,AWP,WE,Federal Contract Tower,0,0,18,0,18,0,0,54,0,54,0,0,72,0,72,100,0,100,172
06/26/2023,SNS,CA,AWP,WE,Federal Contract Tower,0,0,11,1,12,0,2,42,2,46,0,2,53,3,58,76,0,76,134
06/27/2023,SNS,CA,AWP,WE,Federal Contract Tower,0,1,13,1,15,0,3,30,1,34,0,4,43,2,49,44,0,44,93
06/28/2023,SNS,CA,AWP,WE,Federal Contract Tower,0,0,33,1,34,0,8,32,2,42,0,8,65,3,76,38,0,38,114
06/29/2023,SNS,CA,AWP,WE,Federal Contract Tower,0,1,42,1,44,0,4,61,7,72,0,5,103,8,116,88,0,88,204
06/30/2023,SNS,CA,AWP,WE,Federal Contract Tower,0,0,44,0,44,0,1,51,0,52,0,1,95,0,96,76,0,76,172
07/01/2023,SNS,CA,AWP,WE,Federal Contract Tower,0,0,12,0,12,0,3,42,0,45,0,3,54,0,57,60,0,60,117
07/02/2023,SNS,CA,AWP,WE,Federal Contract Tower,0,0,20,0,20,0,1,51,0,52,0,1,71,0,72,82,0,82,154
07/03/2023,SNS,CA,AWP,WE,Federal Contract Tower,0,3,15,0,18,0,0,48,0,48,0,3,63,0,66,90,0,90,156
07/04/2023,SNS,CA,AWP,WE,Federal Contract Tower,0,2,14,0,16,0,4,37,0,41,0,6,51,0,57,84,0,84,141
07/05/2023,SNS,CA,AWP,WE,Federal Contract Tower,0,7,32,0,39,0,2,34,2,38,0,9,66,2,77,60,0,60,137
07/06/2023,SNS,CA,AWP,WE,Federal Contract Tower,0,4,24,2,30,0,0,41,0,41,0,4,65,2,71,114,0,114,185
07/07/2023,SNS,CA,AWP,WE,Federal Contract Tower,0,1,43,0,44,0,2,38,2,42,0,3,81,2,86,54,0,54,140
07/08/2023,SNS,CA,AWP,WE,Federal Contract Tower,0,0,10,0,10,0,0,35,0,35,0,0,45,0,45,34,0,34,79
07/09/2023,SNS,CA,AWP,WE,Federal Contract Tower,0,3,12,0,15,0,6,62,0,68,0,9,74,0,83,70,0,70,153
07/10/2023,SNS,CA,AWP,WE,Federal Contract Tower,0,0,15,2,17,0,0,56,3,59,0,0,71,5,76,92,0,92,168
07/11/2023,SNS,CA,AWP,WE,Federal Contract Tower,0,5,19,0,24,0,10,52,1,63,0,15,71,1,87,60,0,60,147
07/12/2023,SNS,CA,AWP,WE,Federal Contract Tower,0,0,40,0,40,0,3,55,2,60,0,3,95,2,100,86,0,86,186
07/13/2023,SNS,CA,AWP,WE,Federal Contract Tower,0,3,31,3,37,0,4,65,2,71,0,7,96,5,108,108,0,108,216
07/14/2023,SNS,CA,AWP,WE,Federal Contract Tower,0,2,37,0,39,0,5,55,0,60,0,7,92,0,99,90,0,90,189
07/15/2023,SNS,CA,AWP,WE,Federal Contract Tower,0,4,15,0,19,0,0,42,0,42,0,4,57,0,61,92,0,92,153
07/16/2023,SNS,CA,AWP,WE,Federal Contract Tower,0,0,11,0,11,0,2,68,0,70,0,2,79,0,81,142,0,142,223
07/17/2023,SNS,CA,AWP,WE,Federal Contract Tower,0,0,37,0,37,0,5,54,0,59,0,5,91,0,96,62,0,62,158
07/18/2023,SNS,CA,AWP,WE,Federal Contract Tower,0,1,39,7,47,0,12,74,6,92,0,13,113,13,139,98,0,98,237
07/19/2023,SNS,CA,AWP,WE,Federal Contract Tower,0,2,30,0,32,0,0,52,0,52,0,2,82,0,84,44,0,44,128
07/20/2023,SNS,CA,AWP,WE,Federal Contract Tower,0,5,53,4,62,0,2,62,1,65,0,7,115,5,127,78,8,86,213
07/21/2023,SNS,CA,AWP,WE,Federal Contract Tower,0,1,38,0,39,0,6,57,0,63,0,7,95,0,102,60,0,60,162
07/22/2023,SNS,CA,AWP,WE,Federal Contract Tower,0,0,19,3,22,0,0,59,0,59,0,0,78,3,81,70,0,70,151
07/23/2023,SNS,CA,AWP,WE,Federal Contract Tower,0,0,27,1,28,0,5,75,0,80,0,5,102,1,108,38,0,38,146
07/24/2023,SNS,CA,AWP,WE,Federal Contract Tower,0,0,41,4,45,0,6,50,3,59,0,6,91,7,104,76,0,76,180
07/25/2023,SNS,CA,AWP,WE,Federal Contract Tower,0,0,11,1,12,0,9,62,3,74,0,9,73,4,86,38,0,38,124
07/26/2023,SNS,CA,AWP,WE,Federal Contract Tower,0,0,4,2,6,0,0,47,0,47,0,0,51,2,53,82,0,82,135
07/27/2023,SNS,CA,AWP,WE,Federal Contract Tower,0,3,34,4,41,0,2,44,4,50,0,5,78,8,91,58,24,82,173
07/28/2023,SNS,CA,AWP,WE,Federal Contract Tower,0,2,29,0,31,0,4,58,0,62,0,6,87,0,93,76,0,76,169
07/29/2023,SNS,CA,AWP,WE,Federal Contract Tower,0,6,15,0,21,0,0,39,0,39,0,6,54,0,60,34,0,34,94
07/30/2023,SNS,CA,AWP,WE,Federal Contract Tower,0,4,20,0,24,0,0,64,0,64,0,4,84,0,88,72,0,72,160
07/31/2023,SNS,CA,AWP,WE,Federal Contract Tower,0,0,18,0,18,0,7,53,5,65,0,7,71,5,83,112,0,112,195
08/01/2023,SNS,CA,AWP,WE,Federal Contract Tower,0,2,33,2,37,0,0,50,1,51,0,2,83,3,88,42,0,42,130
08/02/2023,SNS,CA,AWP,WE,Federal Contract Tower,0,0,28,0,28,0,3,34,2,39,0,3,62,2,67,62,0,62,129
08/03/2023,SNS,CA,AWP,WE,Federal Contract Tower,0,0,10,2,12,0,1,47,2,50,0,1,57,4,62,48,0,48,110
08/04/2023,SNS,CA,AWP,WE,Federal Contract Tower,0,2,35,1,38,0,2,36,1,39,0,4,71,2,77,14,0,14,91
08/05/2023,SNS,CA,AWP,WE,Federal Contract Tower,0,0,20,0,20,0,0,31,0,31,0,0,51,0,51,82,0,82,133
08/06/2023,SNS,CA,AWP,WE,Federal Contract Tower,0,1,34,0,35,0,16,77,0,93,0,17,111,0,128,106,0,106,234
08/07/2023,SNS,CA,AWP,WE,Federal Contract Tower,0,0,19,3,22,0,9,65,13,87,0,9,84,16,109,48,0,48,157
08/08/2023,SNS,CA,AWP,WE,Federal Contract Tower,0,4,30,0,34,0,11,54,2,67,0,15,84,2,101,104,0,104,205
08/09/2023,SNS,CA,AWP,WE,Federal Contract Tower,0,1,34,3,38,0,4,50,2,56,0,5,84,5,94,90,0,90,184
08/10/2023,SNS,CA,AWP,WE,Federal Contract Tower,0,0,29,2,31,0,4,72,0,76,0,4,101,2,107,122,0,122,229
08/11/2023,SNS,CA,AWP,WE,Federal Contract Tower,0,4,38,0,42,0,0,44,2,46,0,4,82,2,88,84,0,84,172
08/12/2023,SNS,CA,AWP,WE,Federal Contract Tower,0,1,15,0,16,0,1,28,0,29,0,2,43,0,45,78,0,78,123
08/13/2023,SNS,CA,AWP,WE,Federal Contract Tower,0,0,14,0,14,0,0,56,0,56,0,0,70,0,70,144,0,144,214
08/14/2023,SNS,CA,AWP,WE,Federal Contract Tower,0,0,35,0,35,0,2,43,2,47,0,2,78,2,82,88,0,88,170
08/15/2023,SNS,CA,AWP,WE,Federal Contract Tower,0,1,34,2,37,0,2,67,1,70,0,3,101,3,107,132,0,132,239
08/16/2023,SNS,CA,AWP,WE,Federal Contract Tower,0,6,42,8,56,0,4,73,6,83,0,10,115,14,139,68,0,68,207
08/17/2023,SNS,CA,AWP,WE,Federal Contract Tower,0,3,56,3,62,0,7,52,1,60,0,10,108,4,122,48,0,48,170
08/18/2023,SNS,CA,AWP,WE,Federal Contract Tower,0,3,56,6,65,0,4,57,3,64,0,7,113,9,129,98,0,98,227
08/19/2023,SNS,CA,AWP,WE,Federal Contract Tower,0,1,31,0,32,0,7,62,0,69,0,8,93,0,101,60,0,60,161
08/20/2023,SNS,CA,AWP,WE,Federal Contract Tower,0,1,22,0,23,0,4,33,0,37,0,5,55,0,60,92,0,92,152
08/21/2023,SNS,CA,AWP,WE,Federal Contract Tower,0,3,36,0,39,0,2,31,1,34,0,5,67,1,73,94,0,94,167
08/22/2023,SNS,CA,AWP,WE,Federal Contract Tower,0,1,31,1,33,0,0,78,7,85,0,1,109,8,118,94,12,106,224
08/23/2023,SNS,CA,AWP,WE,Federal Contract Tower,0,1,19,2,22,0,10,79,5,94,0,11,98,7,116,68,0,68,184
08/24/2023,SNS,CA,AWP,WE,Federal Contract Tower,0,0,40,1,41,0,4,28,1,33,0,4,68,2,74,0,0,0,74
08/25/2023,SNS,CA,AWP,WE,Federal Contract Tower,0,0,13,0,13,0,0,42,0,42,0,0,55,0,55,16,0,16,71
08/26/2023,SNS,CA,AWP,WE,Federal Contract Tower,0,4,26,0,30,0,0,14,0,14,0,4,40,0,44,0,0,0,44
08/27/2023,SNS,CA,AWP,WE,Federal Contract Tower,0,2,32,0,34,0,5,37,0,42,0,7,69,0,76,46,0,46,122
08/28/2023,SNS,CA,AWP,WE,Federal Contract Tower,0,0,31,3,34,0,0,52,1,53,0,0,83,4,87,106,0,106,193
08/29/2023,SNS,CA,AWP,WE,Federal Contract Tower,0,0,44,2,46,0,1,46,2,49,0,1,90,4,95,38,0,38,133
08/30/2023,SNS,CA,AWP,WE,Federal Contract Tower,0,3,15,3,21,0,12,52,1,65,0,15,67,4,86,118,0,118,204
08/31/2023,SNS,CA,AWP,WE,Federal Contract Tower,0,5,41,7,53,0,3,31,1,35,0,8,72,8,88,16,12,28,116
