01/01/2020,SPI,IL,AGL,CE,Combined TRACON& Tower with Radar,0,11,5,0,16,0,1,17,0,18,0,12,22,0,34,24,2,26,60
01/02/2020,SPI,IL,AGL,CE,Combined TRACON& Tower with Radar,0,12,9,2,23,0,2,7,0,9,0,14,16,2,32,14,4,18,50
01/03/2020,SPI,IL,AGL,CE,Combined TRACON& Tower with Radar,2,13,5,0,20,0,0,2,0,2,2,13,7,0,22,0,1,1,23
01/04/2020,SPI,IL,AGL,CE,Combined TRACON& Tower with Radar,2,9,8,0,19,0,0,0,0,0,2,9,8,0,19,0,2,2,21
01/05/2020,SPI,IL,AGL,CE,Combined TRACON& Tower with Radar,0,12,23,1,36,0,0,7,0,7,0,12,30,1,43,28,3,31,74
01/06/2020,SPI,IL,AGL,CE,Combined TRACON& Tower with Radar,2,11,19,0,32,0,1,29,0,30,2,12,48,0,62,26,2,28,90
01/07/2020,SPI,IL,AGL,CE,Combined TRACON& Tower with Radar,0,7,17,2,26,0,0,13,0,13,0,7,30,2,39,4,1,5,44
01/08/2020,SPI,IL,AGL,CE,Combined TRACON& Tower with Radar,2,11,31,0,44,0,0,35,1,36,2,11,66,1,80,32,3,35,115
01/09/2020,SPI,IL,AGL,CE,Combined TRACON& Tower with Radar,0,9,6,1,16,0,3,1,0,4,0,12,7,1,20,0,1,1,21
01/10/2020,SPI,IL,AGL,CE,Combined TRACON& Tower with Radar,0,7,10,0,17,0,0,0,0,0,0,7,10,0,17,0,0,0,17
01/11/2020,SPI,IL,AGL,CE,Combined TRACON& Tower with Radar,2,6,4,0,12,0,0,0,0,0,2,6,4,0,12,0,0,0,12
01/12/2020,SPI,IL,AGL,CE,Combined TRACON& Tower with Radar,0,6,5,0,11,0,0,1,0,1,0,6,6,0,12,0,0,0,12
01/13/2020,SPI,IL,AGL,CE,Combined TRACON& Tower with Radar,0,9,20,0,29,0,0,0,0,0,0,9,20,0,29,0,0,0,29
01/14/2020,SPI,IL,AGL,CE,Combined TRACON& Tower with Radar,0,7,19,3,29,0,0,10,2,12,0,7,29,5,41,22,0,22,63
01/15/2020,SPI,IL,AGL,CE,Combined TRACON& Tower with Radar,2,12,6,2,22,0,0,0,0,0,2,12,6,2,22,0,0,0,22
01/16/2020,SPI,IL,AGL,CE,Combined TRACON& Tower with Radar,0,11,18,17,46,0,4,7,1,12,0,15,25,18,58,12,30,42,100
01/17/2020,SPI,IL,AGL,CE,Combined TRACON& Tower with Radar,0,7,12,7,26,0,0,3,0,3,0,7,15,7,29,12,3,15,44
01/18/2020,SPI,IL,AGL,CE,Combined TRACON& Tower with Radar,2,4,6,0,12,0,1,0,0,1,2,5,6,0,13,0,2,2,15
01/19/2020,SPI,IL,AGL,CE,Combined TRACON& Tower with Radar,2,7,6,1,16,0,0,4,0,4,2,7,10,1,20,8,6,14,34
01/20/2020,SPI,IL,AGL,CE,Combined TRACON& Tower with Radar,0,7,10,0,17,0,0,4,0,4,0,7,14,0,21,28,3,31,52
01/21/2020,SPI,IL,AGL,CE,Combined TRACON& Tower with Radar,0,11,15,30,56,0,1,6,3,10,0,12,21,33,66,0,15,15,81
01/22/2020,SPI,IL,AGL,CE,Combined TRACON& Tower with Radar,2,8,13,0,23,0,0,7,0,7,2,8,20,0,30,0,4,4,34
01/23/2020,SPI,IL,AGL,CE,Combined TRACON& Tower with Radar,2,9,2,0,13,0,0,0,0,0,2,9,2,0,13,0,0,0,13
01/24/2020,SPI,IL,AGL,CE,Combined TRACON& Tower with Radar,0,9,4,0,13,0,0,0,0,0,0,9,4,0,13,0,0,0,13
01/25/2020,SPI,IL,AGL,CE,Combined TRACON& Tower with Radar,2,5,1,0,8,0,0,0,0,0,2,5,1,0,8,0,2,2,10
01/26/2020,SPI,IL,AGL,CE,Combined TRACON& Tower with Radar,0,7,17,0,24,0,0,15,2,17,0,7,32,2,41,30,2,32,73
01/27/2020,SPI,IL,AGL,CE,Combined TRACON& Tower with Radar,0,8,2,0,10,0,0,0,0,0,0,8,2,0,10,0,0,0,10
01/28/2020,SPI,IL,AGL,CE,Combined TRACON& Tower with Radar,0,7,12,0,19,0,0,0,0,0,0,7,12,0,19,0,0,0,19
01/29/2020,SPI,IL,AGL,CE,Combined TRACON& Tower with Radar,2,10,11,0,23,0,0,0,0,0,2,10,11,0,23,0,1,1,24
01/30/2020,SPI,IL,AGL,CE,Combined TRACON& Tower with Radar,0,7,18,17,42,0,0,1,0,1,0,7,19,17,43,10,2,12,55
01/31/2020,SPI,IL,AGL,CE,Combined TRACON& Tower with Radar,2,12,5,0,19,0,0,2,0,2,2,12,7,0,21,40,1,41,62
02/01/2020,SPI,IL,AGL,CE,Combined TRACON& Tower with Radar,2,5,8,0,15,0,0,0,3,3,2,5,8,3,18,0,0,0,18
02/02/2020,SPI,IL,AGL,CE,Combined TRACON& Tower with Radar,0,8,21,0,29,0,1,28,1,30,0,9,49,1,59,12,10,22,81
02/03/2020,SPI,IL,AGL,CE,Combined TRACON& Tower with Radar,2,12,11,2,27,0,1,14,0,15,2,13,25,2,42,20,3,23,65
02/04/2020,SPI,IL,AGL,CE,Combined TRACON& Tower with Radar,0,7,8,11,26,0,0,0,0,0,0,7,8,11,26,0,3,3,29
02/05/2020,SPI,IL,AGL,CE,Combined TRACON& Tower with Radar,2,11,3,2,18,0,0,0,1,1,2,11,3,3,19,0,0,0,19
02/06/2020,SPI,IL,AGL,CE,Combined TRACON& Tower with Radar,0,8,11,0,19,0,0,0,1,1,0,8,11,1,20,14,10,24,44
02/07/2020,SPI,IL,AGL,CE,Combined TRACON& Tower with Radar,2,9,5,4,20,0,0,21,3,24,2,9,26,7,44,2,11,13,57
02/08/2020,SPI,IL,AGL,CE,Combined TRACON& Tower with Radar,2,5,6,0,13,0,0,0,2,2,2,5,6,2,15,4,0,4,19
02/09/2020,SPI,IL,AGL,CE,Combined TRACON& Tower with Radar,1,8,2,0,11,0,0,0,0,0,1,8,2,0,11,0,1,1,12
02/10/2020,SPI,IL,AGL,CE,Combined TRACON& Tower with Radar,2,7,11,17,37,0,0,2,0,2,2,7,13,17,39,8,16,24,63
02/11/2020,SPI,IL,AGL,CE,Combined TRACON& Tower with Radar,0,10,15,25,50,0,1,16,1,18,0,11,31,26,68,0,46,46,114
02/12/2020,SPI,IL,AGL,CE,Combined TRACON& Tower with Radar,2,11,1,0,14,0,0,4,0,4,2,11,5,0,18,0,1,1,19
02/13/2020,SPI,IL,AGL,CE,Combined TRACON& Tower with Radar,3,7,8,4,22,0,0,4,0,4,3,7,12,4,26,0,0,0,26
02/14/2020,SPI,IL,AGL,CE,Combined TRACON& Tower with Radar,6,5,14,0,25,0,1,14,0,15,6,6,28,0,40,6,9,15,55
02/15/2020,SPI,IL,AGL,CE,Combined TRACON& Tower with Radar,6,6,7,0,19,0,2,8,0,10,6,8,15,0,29,0,4,4,33
02/16/2020,SPI,IL,AGL,CE,Combined TRACON& Tower with Radar,4,3,19,0,26,0,2,38,0,40,4,5,57,0,66,30,7,37,103
02/17/2020,SPI,IL,AGL,CE,Combined TRACON& Tower with Radar,6,6,9,0,21,0,0,0,0,0,6,6,9,0,21,0,1,1,22
02/18/2020,SPI,IL,AGL,CE,Combined TRACON& Tower with Radar,6,11,14,0,31,0,0,4,0,4,6,11,18,0,35,16,2,18,53
02/19/2020,SPI,IL,AGL,CE,Combined TRACON& Tower with Radar,6,10,25,4,45,0,0,16,0,16,6,10,41,4,61,64,0,64,125
02/20/2020,SPI,IL,AGL,CE,Combined TRACON& Tower with Radar,4,6,27,15,52,0,0,33,3,36,4,6,60,18,88,8,6,14,102
02/21/2020,SPI,IL,AGL,CE,Combined TRACON& Tower with Radar,6,3,17,1,27,0,0,14,0,14,6,3,31,1,41,22,2,24,65
02/22/2020,SPI,IL,AGL,CE,Combined TRACON& Tower with Radar,6,5,24,0,35,0,3,21,0,24,6,8,45,0,59,22,3,25,84
02/23/2020,SPI,IL,AGL,CE,Combined TRACON& Tower with Radar,4,7,24,0,35,0,0,24,0,24,4,7,48,0,59,78,9,87,146
02/24/2020,SPI,IL,AGL,CE,Combined TRACON& Tower with Radar,6,3,7,0,16,0,0,1,0,1,6,3,8,0,17,0,0,0,17
02/25/2020,SPI,IL,AGL,CE,Combined TRACON& Tower with Radar,4,7,6,0,17,0,0,0,0,0,4,7,6,0,17,0,0,0,17
02/26/2020,SPI,IL,AGL,CE,Combined TRACON& Tower with Radar,6,5,4,0,15,0,0,6,0,6,6,5,10,0,21,24,3,27,48
02/27/2020,SPI,IL,AGL,CE,Combined TRACON& Tower with Radar,4,8,11,1,24,0,4,27,3,34,4,12,38,4,58,26,23,49,107
02/28/2020,SPI,IL,AGL,CE,Combined TRACON& Tower with Radar,6,17,4,12,39,0,0,5,0,5,6,17,9,12,44,0,14,14,58
02/29/2020,SPI,IL,AGL,CE,Combined TRACON& Tower with Radar,6,3,13,0,22,0,0,38,0,38,6,3,51,0,60,84,3,87,147
03/01/2020,SPI,IL,AGL,CE,Combined TRACON& Tower with Radar,4,3,25,0,32,0,0,17,0,17,4,3,42,0,49,28,0,28,77
03/02/2020,SPI,IL,AGL,CE,Combined TRACON& Tower with Radar,6,5,10,4,25,0,3,13,0,16,6,8,23,4,41,26,7,33,74
03/03/2020,SPI,IL,AGL,CE,Combined TRACON& Tower with Radar,5,7,19,7,38,0,1,13,22,36,5,8,32,29,74,6,4,10,84
03/04/2020,SPI,IL,AGL,CE,Combined TRACON& Tower with Radar,5,15,15,0,35,0,5,34,0,39,5,20,49,0,74,10,11,21,95
03/05/2020,SPI,IL,AGL,CE,Combined TRACON& Tower with Radar,3,8,13,3,27,0,0,17,2,19,3,8,30,5,46,16,2,18,64
03/06/2020,SPI,IL,AGL,CE,Combined TRACON& Tower with Radar,6,3,15,0,24,0,0,22,3,25,6,3,37,3,49,4,2,6,55
03/07/2020,SPI,IL,AGL,CE,Combined TRACON& Tower with Radar,6,4,14,0,24,0,0,34,0,34,6,4,48,0,58,6,3,9,67
03/08/2020,SPI,IL,AGL,CE,Combined TRACON& Tower with Radar,4,3,4,0,11,0,1,25,0,26,4,4,29,0,37,2,4,6,43
03/09/2020,SPI,IL,AGL,CE,Combined TRACON& Tower with Radar,6,3,6,0,15,0,0,8,0,8,6,3,14,0,23,8,0,8,31
03/10/2020,SPI,IL,AGL,CE,Combined TRACON& Tower with Radar,6,4,8,9,27,0,0,0,0,0,6,4,8,9,27,26,1,27,54
03/11/2020,SPI,IL,AGL,CE,Combined TRACON& Tower with Radar,6,10,13,2,31,0,0,2,0,2,6,10,15,2,33,48,0,48,81
03/12/2020,SPI,IL,AGL,CE,Combined TRACON& Tower with Radar,3,4,11,0,18,0,0,0,0,0,3,4,11,0,18,0,0,0,18
03/13/2020,SPI,IL,AGL,CE,Combined TRACON& Tower with Radar,6,6,20,0,32,0,3,53,0,56,6,9,73,0,88,70,2,72,160
03/14/2020,SPI,IL,AGL,CE,Combined TRACON& Tower with Radar,6,3,2,0,11,0,0,0,0,0,6,3,2,0,11,0,1,1,12
03/15/2020,SPI,IL,AGL,CE,Combined TRACON& Tower with Radar,4,3,10,0,17,0,0,16,0,16,4,3,26,0,33,10,7,17,50
03/16/2020,SPI,IL,AGL,CE,Combined TRACON& Tower with Radar,16,7,11,35,69,0,0,2,1,3,16,7,13,36,72,0,12,12,84
03/17/2020,SPI,IL,AGL,CE,Combined TRACON& Tower with Radar,6,3,10,20,39,0,0,11,0,11,6,3,21,20,50,40,17,57,107
03/18/2020,SPI,IL,AGL,CE,Combined TRACON& Tower with Radar,6,5,8,2,21,0,0,0,0,0,6,5,8,2,21,0,0,0,21
03/19/2020,SPI,IL,AGL,CE,Combined TRACON& Tower with Radar,3,5,14,0,22,0,0,3,0,3,3,5,17,0,25,0,0,0,25
03/20/2020,SPI,IL,AGL,CE,Combined TRACON& Tower with Radar,6,7,8,15,36,0,1,2,3,6,6,8,10,18,42,1,18,19,61
03/21/2020,SPI,IL,AGL,CE,Combined TRACON& Tower with Radar,6,4,7,0,17,0,0,22,0,22,6,4,29,0,39,14,2,16,55
03/22/2020,SPI,IL,AGL,CE,Combined TRACON& Tower with Radar,4,2,0,0,6,0,0,5,0,5,4,2,5,0,11,2,1,3,14
03/23/2020,SPI,IL,AGL,CE,Combined TRACON& Tower with Radar,6,7,0,0,13,0,0,1,0,1,6,7,1,0,14,0,2,2,16
03/24/2020,SPI,IL,AGL,CE,Combined TRACON& Tower with Radar,4,4,1,0,9,0,0,2,0,2,4,4,3,0,11,0,3,3,14
03/25/2020,SPI,IL,AGL,CE,Combined TRACON& Tower with Radar,6,3,4,11,24,0,0,8,1,9,6,3,12,12,33,50,18,68,101
03/26/2020,SPI,IL,AGL,CE,Combined TRACON& Tower with Radar,4,4,5,6,19,0,0,2,0,2,4,4,7,6,21,0,0,0,21
03/27/2020,SPI,IL,AGL,CE,Combined TRACON& Tower with Radar,4,2,16,0,22,0,2,0,0,2,4,4,16,0,24,0,3,3,27
03/28/2020,SPI,IL,AGL,CE,Combined TRACON& Tower with Radar,5,2,0,0,7,0,0,0,0,0,5,2,0,0,7,0,2,2,9
03/29/2020,SPI,IL,AGL,CE,Combined TRACON& Tower with Radar,4,3,1,0,8,0,0,1,2,3,4,3,2,2,11,0,2,2,13
03/30/2020,SPI,IL,AGL,CE,Combined TRACON& Tower with Radar,4,5,4,0,13,0,0,24,0,24,4,5,28,0,37,30,2,32,69
03/31/2020,SPI,IL,AGL,CE,Combined TRACON& Tower with Radar,4,0,11,11,26,0,0,13,1,14,4,0,24,12,40,24,0,24,64
04/01/2020,SPI,IL,AGL,CE,Combined TRACON& Tower with Radar,4,0,7,0,11,0,0,30,4,34,4,0,37,4,45,30,2,32,77
04/02/2020,SPI,IL,AGL,CE,Combined TRACON& Tower with Radar,2,2,5,0,9,0,0,19,0,19,2,2,24,0,28,22,8,30,58
04/03/2020,SPI,IL,AGL,CE,Combined TRACON& Tower with Radar,4,3,13,16,36,0,0,4,2,6,4,3,17,18,42,6,14,20,62
04/04/2020,SPI,IL,AGL,CE,Combined TRACON& Tower with Radar,4,1,9,0,14,0,0,3,0,3,4,1,12,0,17,0,0,0,17
04/05/2020,SPI,IL,AGL,CE,Combined TRACON& Tower with Radar,4,1,6,0,11,0,1,44,0,45,4,2,50,0,56,7,6,13,69
04/06/2020,SPI,IL,AGL,CE,Combined TRACON& Tower with Radar,6,2,10,19,37,0,0,8,1,9,6,2,18,20,46,0,26,26,72
04/07/2020,SPI,IL,AGL,CE,Combined TRACON& Tower with Radar,4,3,3,10,20,0,0,15,2,17,4,3,18,12,37,2,14,16,53
04/08/2020,SPI,IL,AGL,CE,Combined TRACON& Tower with Radar,4,3,7,7,21,0,4,20,0,24,4,7,27,7,45,4,6,10,55
04/09/2020,SPI,IL,AGL,CE,Combined TRACON& Tower with Radar,4,2,1,4,11,0,4,4,0,8,4,6,5,4,19,6,0,6,25
04/10/2020,SPI,IL,AGL,CE,Combined TRACON& Tower with Radar,2,5,8,4,19,0,0,28,0,28,2,5,36,4,47,2,4,6,53
04/11/2020,SPI,IL,AGL,CE,Combined TRACON& Tower with Radar,3,0,5,0,8,0,0,18,0,18,3,0,23,0,26,2,1,3,29
04/12/2020,SPI,IL,AGL,CE,Combined TRACON& Tower with Radar,3,2,4,0,9,0,0,2,0,2,3,2,6,0,11,0,9,9,20
04/13/2020,SPI,IL,AGL,CE,Combined TRACON& Tower with Radar,5,3,0,0,8,0,0,10,0,10,5,3,10,0,18,12,1,13,31
04/14/2020,SPI,IL,AGL,CE,Combined TRACON& Tower with Radar,4,2,5,4,15,0,2,21,0,23,4,4,26,4,38,18,4,22,60
04/15/2020,SPI,IL,AGL,CE,Combined TRACON& Tower with Radar,4,1,6,18,29,0,0,14,0,14,4,1,20,18,43,2,14,16,59
04/16/2020,SPI,IL,AGL,CE,Combined TRACON& Tower with Radar,4,5,6,0,15,0,0,1,0,1,4,5,7,0,16,0,1,1,17
04/17/2020,SPI,IL,AGL,CE,Combined TRACON& Tower with Radar,6,2,11,2,21,0,1,1,0,2,6,3,12,2,23,0,3,3,26
04/18/2020,SPI,IL,AGL,CE,Combined TRACON& Tower with Radar,4,0,7,0,11,0,0,51,2,53,4,0,58,2,64,24,3,27,91
04/19/2020,SPI,IL,AGL,CE,Combined TRACON& Tower with Radar,4,1,4,0,9,0,0,24,4,28,4,1,28,4,37,0,0,0,37
04/20/2020,SPI,IL,AGL,CE,Combined TRACON& Tower with Radar,6,2,29,0,37,0,2,24,2,28,6,4,53,2,65,32,1,33,98
04/21/2020,SPI,IL,AGL,CE,Combined TRACON& Tower with Radar,4,1,7,2,14,0,2,21,0,23,4,3,28,2,37,22,6,28,65
04/22/2020,SPI,IL,AGL,CE,Combined TRACON& Tower with Radar,5,5,1,1,12,0,2,9,3,14,5,7,10,4,26,2,7,9,35
04/23/2020,SPI,IL,AGL,CE,Combined TRACON& Tower with Radar,5,0,8,0,13,0,2,4,0,6,5,2,12,0,19,0,4,4,23
04/24/2020,SPI,IL,AGL,CE,Combined TRACON& Tower with Radar,6,1,9,21,37,0,0,13,6,19,6,1,22,27,56,6,3,9,65
04/25/2020,SPI,IL,AGL,CE,Combined TRACON& Tower with Radar,4,1,4,0,9,0,0,0,0,0,4,1,4,0,9,0,0,0,9
04/26/2020,SPI,IL,AGL,CE,Combined TRACON& Tower with Radar,6,0,10,0,16,0,1,33,0,34,6,1,43,0,50,26,15,41,91
04/27/2020,SPI,IL,AGL,CE,Combined TRACON& Tower with Radar,6,0,8,7,21,0,0,13,5,18,6,0,21,12,39,14,12,26,65
04/28/2020,SPI,IL,AGL,CE,Combined TRACON& Tower with Radar,4,1,5,0,10,0,0,9,0,9,4,1,14,0,19,6,3,9,28
04/29/2020,SPI,IL,AGL,CE,Combined TRACON& Tower with Radar,2,4,4,0,10,0,0,3,0,3,2,4,7,0,13,0,0,0,13
04/30/2020,SPI,IL,AGL,CE,Combined TRACON& Tower with Radar,2,1,6,7,16,0,0,11,6,17,2,1,17,13,33,2,5,7,40
05/01/2020,SPI,IL,AGL,CE,Combined TRACON& Tower with Radar,2,0,14,0,16,0,0,36,0,36,2,0,50,0,52,0,0,0,52
05/02/2020,SPI,IL,AGL,CE,Combined TRACON& Tower with Radar,0,0,5,0,5,0,0,28,1,29,0,0,33,1,34,0,2,2,36
05/03/2020,SPI,IL,AGL,CE,Combined TRACON& Tower with Radar,2,2,2,0,6,0,0,11,0,11,2,2,13,0,17,10,0,10,27
05/04/2020,SPI,IL,AGL,CE,Combined TRACON& Tower with Radar,3,4,5,16,28,0,3,23,2,28,3,7,28,18,56,6,17,23,79
05/05/2020,SPI,IL,AGL,CE,Combined TRACON& Tower with Radar,2,0,1,0,3,0,0,0,0,0,2,0,1,0,3,0,0,0,3
05/06/2020,SPI,IL,AGL,CE,Combined TRACON& Tower with Radar,0,2,10,5,17,0,2,18,3,23,0,4,28,8,40,8,0,8,48
05/07/2020,SPI,IL,AGL,CE,Combined TRACON& Tower with Radar,0,2,4,0,6,0,0,21,3,24,0,2,25,3,30,12,2,14,44
05/08/2020,SPI,IL,AGL,CE,Combined TRACON& Tower with Radar,2,4,10,12,28,0,0,9,0,9,2,4,19,12,37,2,12,14,51
05/09/2020,SPI,IL,AGL,CE,Combined TRACON& Tower with Radar,1,2,14,0,17,0,1,64,0,65,1,3,78,0,82,36,2,38,120
05/10/2020,SPI,IL,AGL,CE,Combined TRACON& Tower with Radar,0,4,5,0,9,0,1,2,0,3,0,5,7,0,12,0,6,6,18
05/11/2020,SPI,IL,AGL,CE,Combined TRACON& Tower with Radar,2,4,6,10,22,0,1,18,0,19,2,5,24,10,41,0,14,14,55
05/12/2020,SPI,IL,AGL,CE,Combined TRACON& Tower with Radar,0,4,4,12,20,0,0,25,0,25,0,4,29,12,45,8,24,32,77
05/13/2020,SPI,IL,AGL,CE,Combined TRACON& Tower with Radar,0,6,13,12,31,0,0,0,0,0,0,6,13,12,31,0,0,0,31
05/14/2020,SPI,IL,AGL,CE,Combined TRACON& Tower with Radar,0,4,7,2,13,0,0,1,3,4,0,4,8,5,17,0,2,2,19
05/15/2020,SPI,IL,AGL,CE,Combined TRACON& Tower with Radar,0,8,15,0,23,0,0,4,0,4,0,8,19,0,27,0,1,1,28
05/16/2020,SPI,IL,AGL,CE,Combined TRACON& Tower with Radar,2,4,5,0,11,0,0,12,0,12,2,4,17,0,23,18,1,19,42
05/17/2020,SPI,IL,AGL,CE,Combined TRACON& Tower with Radar,0,8,4,0,12,0,0,0,0,0,0,8,4,0,12,0,0,0,12
05/18/2020,SPI,IL,AGL,CE,Combined TRACON& Tower with Radar,0,4,9,0,13,0,0,1,0,1,0,4,10,0,14,2,0,2,16
05/19/2020,SPI,IL,AGL,CE,Combined TRACON& Tower with Radar,0,5,14,1,20,0,0,0,0,0,0,5,14,1,20,0,0,0,20
05/20/2020,SPI,IL,AGL,CE,Combined TRACON& Tower with Radar,0,7,11,16,34,0,0,1,0,1,0,7,12,16,35,0,1,1,36
05/21/2020,SPI,IL,AGL,CE,Combined TRACON& Tower with Radar,0,5,15,32,52,0,3,2,0,5,0,8,17,32,57,16,2,18,75
05/22/2020,SPI,IL,AGL,CE,Combined TRACON& Tower with Radar,0,4,15,0,19,0,0,27,1,28,0,4,42,1,47,18,1,19,66
05/23/2020,SPI,IL,AGL,CE,Combined TRACON& Tower with Radar,2,4,5,0,11,0,1,19,0,20,2,5,24,0,31,24,3,27,58
05/24/2020,SPI,IL,AGL,CE,Combined TRACON& Tower with Radar,0,7,7,0,14,0,3,33,0,36,0,10,40,0,50,42,2,44,94
05/25/2020,SPI,IL,AGL,CE,Combined TRACON& Tower with Radar,0,4,4,0,8,0,0,18,0,18,0,4,22,0,26,2,0,2,28
05/26/2020,SPI,IL,AGL,CE,Combined TRACON& Tower with Radar,0,5,7,12,24,0,0,14,0,14,0,5,21,12,38,0,18,18,56
05/27/2020,SPI,IL,AGL,CE,Combined TRACON& Tower with Radar,0,7,0,1,8,0,0,0,0,0,0,7,0,1,8,0,1,1,9
05/28/2020,SPI,IL,AGL,CE,Combined TRACON& Tower with Radar,0,5,7,0,12,0,0,5,0,5,0,5,12,0,17,0,0,0,17
05/29/2020,SPI,IL,AGL,CE,Combined TRACON& Tower with Radar,0,6,15,11,32,0,0,32,1,33,0,6,47,12,65,6,16,22,87
05/30/2020,SPI,IL,AGL,CE,Combined TRACON& Tower with Radar,2,4,10,0,16,0,0,34,0,34,2,4,44,0,50,20,1,21,71
05/31/2020,SPI,IL,AGL,CE,Combined TRACON& Tower with Radar,0,8,6,0,14,0,1,32,1,34,0,9,38,1,48,24,9,33,81
06/01/2020,SPI,IL,AGL,CE,Combined TRACON& Tower with Radar,0,5,8,0,13,0,0,17,0,17,0,5,25,0,30,4,0,4,34
06/02/2020,SPI,IL,AGL,CE,Combined TRACON& Tower with Radar,0,6,9,0,15,0,0,24,0,24,0,6,33,0,39,14,3,17,56
06/03/2020,SPI,IL,AGL,CE,Combined TRACON& Tower with Radar,2,4,8,14,28,0,0,8,0,8,2,4,16,14,36,0,18,18,54
06/04/2020,SPI,IL,AGL,CE,Combined TRACON& Tower with Radar,0,3,7,0,10,0,0,5,0,5,0,3,12,0,15,16,4,20,35
06/05/2020,SPI,IL,AGL,CE,Combined TRACON& Tower with Radar,0,6,6,0,12,0,2,8,0,10,0,8,14,0,22,0,2,2,24
06/06/2020,SPI,IL,AGL,CE,Combined TRACON& Tower with Radar,2,3,3,0,8,0,1,14,0,15,2,4,17,0,23,14,2,16,39
06/07/2020,SPI,IL,AGL,CE,Combined TRACON& Tower with Radar,0,3,6,0,9,0,0,34,0,34,0,3,40,0,43,8,6,14,57
06/08/2020,SPI,IL,AGL,CE,Combined TRACON& Tower with Radar,0,3,5,16,24,0,0,27,0,27,0,3,32,16,51,12,32,44,95
06/09/2020,SPI,IL,AGL,CE,Combined TRACON& Tower with Radar,0,3,1,0,4,0,0,0,0,0,0,3,1,0,4,0,1,1,5
06/10/2020,SPI,IL,AGL,CE,Combined TRACON& Tower with Radar,2,4,5,14,25,0,0,13,2,15,2,4,18,16,40,0,0,0,40
06/11/2020,SPI,IL,AGL,CE,Combined TRACON& Tower with Radar,0,3,5,4,12,0,0,30,0,30,0,3,35,4,42,24,34,58,100
06/12/2020,SPI,IL,AGL,CE,Combined TRACON& Tower with Radar,0,3,15,10,28,0,2,30,0,32,0,5,45,10,60,40,6,46,106
06/13/2020,SPI,IL,AGL,CE,Combined TRACON& Tower with Radar,1,5,17,16,39,0,2,30,0,32,1,7,47,16,71,20,12,32,103
06/14/2020,SPI,IL,AGL,CE,Combined TRACON& Tower with Radar,0,3,10,0,13,0,0,26,0,26,0,3,36,0,39,2,0,2,41
06/15/2020,SPI,IL,AGL,CE,Combined TRACON& Tower with Radar,0,3,8,8,19,0,2,22,2,26,0,5,30,10,45,0,48,48,93
06/16/2020,SPI,IL,AGL,CE,Combined TRACON& Tower with Radar,0,4,5,3,12,0,3,28,5,36,0,7,33,8,48,22,12,34,82
06/17/2020,SPI,IL,AGL,CE,Combined TRACON& Tower with Radar,1,3,5,0,9,0,2,23,0,25,1,5,28,0,34,12,4,16,50
06/18/2020,SPI,IL,AGL,CE,Combined TRACON& Tower with Radar,0,5,6,12,23,0,0,34,0,34,0,5,40,12,57,0,37,37,94
06/19/2020,SPI,IL,AGL,CE,Combined TRACON& Tower with Radar,0,3,5,4,12,0,0,19,0,19,0,3,24,4,31,10,16,26,57
06/20/2020,SPI,IL,AGL,CE,Combined TRACON& Tower with Radar,2,4,2,0,8,0,0,12,0,12,2,4,14,0,20,16,1,17,37
06/21/2020,SPI,IL,AGL,CE,Combined TRACON& Tower with Radar,0,3,7,0,10,0,0,10,0,10,0,3,17,0,20,2,0,2,22
06/22/2020,SPI,IL,AGL,CE,Combined TRACON& Tower with Radar,0,3,16,6,25,0,0,17,2,19,0,3,33,8,44,2,26,28,72
06/23/2020,SPI,IL,AGL,CE,Combined TRACON& Tower with Radar,0,5,8,1,14,0,2,20,3,25,0,7,28,4,39,6,8,14,53
06/24/2020,SPI,IL,AGL,CE,Combined TRACON& Tower with Radar,2,3,8,16,29,0,2,10,0,12,2,5,18,16,41,5,16,21,62
06/25/2020,SPI,IL,AGL,CE,Combined TRACON& Tower with Radar,0,3,4,12,19,0,3,18,3,24,0,6,22,15,43,2,21,23,66
06/26/2020,SPI,IL,AGL,CE,Combined TRACON& Tower with Radar,0,3,8,0,11,0,0,8,0,8,0,3,16,0,19,29,3,32,51
06/27/2020,SPI,IL,AGL,CE,Combined TRACON& Tower with Radar,0,3,3,0,6,0,0,0,0,0,0,3,3,0,6,0,0,0,6
06/28/2020,SPI,IL,AGL,CE,Combined TRACON& Tower with Radar,0,3,4,0,7,0,0,7,0,7,0,3,11,0,14,16,1,17,31
06/29/2020,SPI,IL,AGL,CE,Combined TRACON& Tower with Radar,0,3,6,0,9,0,0,24,0,24,0,3,30,0,33,0,0,0,33
06/30/2020,SPI,IL,AGL,CE,Combined TRACON& Tower with Radar,0,3,4,0,7,0,0,0,0,0,0,3,4,0,7,0,0,0,7
07/01/2020,SPI,IL,AGL,CE,Combined TRACON& Tower with Radar,2,3,1,0,6,0,2,3,0,5,2,5,4,0,11,1,0,1,12
07/02/2020,SPI,IL,AGL,CE,Combined TRACON& Tower with Radar,0,3,8,0,11,0,0,17,0,17,0,3,25,0,28,2,0,2,30
07/03/2020,SPI,IL,AGL,CE,Combined TRACON& Tower with Radar,0,5,3,0,8,0,4,22,0,26,0,9,25,0,34,35,1,36,70
07/04/2020,SPI,IL,AGL,CE,Combined TRACON& Tower with Radar,2,3,4,0,9,0,0,22,5,27,2,3,26,5,36,20,0,20,56
07/05/2020,SPI,IL,AGL,CE,Combined TRACON& Tower with Radar,0,3,6,0,9,0,0,20,0,20,0,3,26,0,29,0,0,0,29
07/06/2020,SPI,IL,AGL,CE,Combined TRACON& Tower with Radar,0,4,9,0,13,0,3,23,0,26,0,7,32,0,39,2,4,6,45
07/07/2020,SPI,IL,AGL,CE,Combined TRACON& Tower with Radar,0,4,12,0,16,0,0,23,2,25,0,4,35,2,41,0,7,7,48
07/08/2020,SPI,IL,AGL,CE,Combined TRACON& Tower with Radar,4,8,8,0,20,0,0,20,0,20,4,8,28,0,40,0,1,1,41
07/09/2020,SPI,IL,AGL,CE,Combined TRACON& Tower with Radar,0,6,5,17,28,0,0,7,1,8,0,6,12,18,36,4,21,25,61
07/10/2020,SPI,IL,AGL,CE,Combined TRACON& Tower with Radar,0,7,12,0,19,0,0,23,0,23,0,7,35,0,42,12,0,12,54
07/11/2020,SPI,IL,AGL,CE,Combined TRACON& Tower with Radar,4,4,3,0,11,0,3,24,0,27,4,7,27,0,38,26,3,29,67
07/12/2020,SPI,IL,AGL,CE,Combined TRACON& Tower with Radar,0,11,12,0,23,0,1,39,1,41,0,12,51,1,64,70,3,73,137
07/13/2020,SPI,IL,AGL,CE,Combined TRACON& Tower with Radar,0,4,7,0,11,0,2,26,0,28,0,6,33,0,39,6,0,6,45
07/14/2020,SPI,IL,AGL,CE,Combined TRACON& Tower with Radar,0,4,7,1,12,0,0,25,1,26,0,4,32,2,38,20,0,20,58
07/15/2020,SPI,IL,AGL,CE,Combined TRACON& Tower with Radar,2,5,1,0,8,0,0,0,1,1,2,5,1,1,9,0,0,0,9
07/16/2020,SPI,IL,AGL,CE,Combined TRACON& Tower with Radar,0,7,8,4,19,0,6,17,4,27,0,13,25,8,46,42,1,43,89
07/17/2020,SPI,IL,AGL,CE,Combined TRACON& Tower with Radar,0,12,14,0,26,0,1,14,1,16,0,13,28,1,42,60,2,62,104
07/18/2020,SPI,IL,AGL,CE,Combined TRACON& Tower with Radar,1,5,8,0,14,0,0,19,0,19,1,5,27,0,33,16,4,20,53
07/19/2020,SPI,IL,AGL,CE,Combined TRACON& Tower with Radar,0,5,7,0,12,0,0,13,0,13,0,5,20,0,25,0,2,2,27
07/20/2020,SPI,IL,AGL,CE,Combined TRACON& Tower with Radar,0,4,9,6,19,0,2,20,0,22,0,6,29,6,41,0,15,15,56
07/21/2020,SPI,IL,AGL,CE,Combined TRACON& Tower with Radar,0,4,4,0,8,0,0,9,0,9,0,4,13,0,17,6,2,8,25
07/22/2020,SPI,IL,AGL,CE,Combined TRACON& Tower with Radar,2,4,12,0,18,0,0,7,0,7,2,4,19,0,25,48,0,48,73
07/23/2020,SPI,IL,AGL,CE,Combined TRACON& Tower with Radar,0,8,10,0,18,0,3,40,0,43,0,11,50,0,61,48,4,52,113
07/24/2020,SPI,IL,AGL,CE,Combined TRACON& Tower with Radar,0,5,16,7,28,0,2,36,1,39,0,7,52,8,67,4,10,14,81
07/25/2020,SPI,IL,AGL,CE,Combined TRACON& Tower with Radar,1,5,9,0,15,0,0,28,0,28,1,5,37,0,43,44,0,44,87
07/26/2020,SPI,IL,AGL,CE,Combined TRACON& Tower with Radar,0,5,8,0,13,0,0,25,0,25,0,5,33,0,38,0,0,0,38
07/27/2020,SPI,IL,AGL,CE,Combined TRACON& Tower with Radar,0,4,7,0,11,0,0,2,0,2,0,4,9,0,13,0,3,3,16
07/28/2020,SPI,IL,AGL,CE,Combined TRACON& Tower with Radar,0,8,5,4,17,0,0,38,0,38,0,8,43,4,55,22,6,28,83
07/29/2020,SPI,IL,AGL,CE,Combined TRACON& Tower with Radar,2,4,8,0,14,0,0,22,0,22,2,4,30,0,36,46,0,46,82
07/30/2020,SPI,IL,AGL,CE,Combined TRACON& Tower with Radar,0,5,9,0,14,0,0,1,0,1,0,5,10,0,15,0,0,0,15
07/31/2020,SPI,IL,AGL,CE,Combined TRACON& Tower with Radar,0,8,9,0,17,0,1,25,0,26,0,9,34,0,43,42,2,44,87
08/01/2020,SPI,IL,AGL,CE,Combined TRACON& Tower with Radar,1,7,9,0,17,0,0,7,0,7,1,7,16,0,24,20,0,20,44
08/02/2020,SPI,IL,AGL,CE,Combined TRACON& Tower with Radar,0,4,14,0,18,0,2,29,0,31,0,6,43,0,49,26,0,26,75
08/03/2020,SPI,IL,AGL,CE,Combined TRACON& Tower with Radar,0,5,9,16,30,0,0,2,0,2,0,5,11,16,32,6,0,6,38
08/04/2020,SPI,IL,AGL,CE,Combined TRACON& Tower with Radar,0,9,9,12,30,0,1,31,1,33,0,10,40,13,63,76,2,78,141
08/05/2020,SPI,IL,AGL,CE,Combined TRACON& Tower with Radar,2,7,5,0,14,0,1,27,3,31,2,8,32,3,45,54,0,54,99
08/06/2020,SPI,IL,AGL,CE,Combined TRACON& Tower with Radar,0,5,6,4,15,0,0,32,0,32,0,5,38,4,47,6,2,8,55
08/07/2020,SPI,IL,AGL,CE,Combined TRACON& Tower with Radar,0,6,6,0,12,0,1,30,2,33,0,7,36,2,45,30,2,32,77
08/08/2020,SPI,IL,AGL,CE,Combined TRACON& Tower with Radar,2,4,17,0,23,0,1,37,0,38,2,5,54,0,61,30,3,33,94
08/09/2020,SPI,IL,AGL,CE,Combined TRACON& Tower with Radar,0,6,8,0,14,0,2,5,0,7,0,8,13,0,21,8,2,10,31
08/10/2020,SPI,IL,AGL,CE,Combined TRACON& Tower with Radar,0,7,6,2,15,0,0,16,0,16,0,7,22,2,31,8,14,22,53
08/11/2020,SPI,IL,AGL,CE,Combined TRACON& Tower with Radar,0,9,13,0,22,0,0,12,0,12,0,9,25,0,34,38,0,38,72
08/12/2020,SPI,IL,AGL,CE,Combined TRACON& Tower with Radar,2,4,11,3,20,0,0,30,1,31,2,4,41,4,51,40,4,44,95
08/13/2020,SPI,IL,AGL,CE,Combined TRACON& Tower with Radar,0,4,5,3,12,0,3,19,1,23,0,7,24,4,35,72,10,82,117
08/14/2020,SPI,IL,AGL,CE,Combined TRACON& Tower with Radar,0,10,8,0,18,0,0,22,0,22,0,10,30,0,40,28,2,30,70
08/15/2020,SPI,IL,AGL,CE,Combined TRACON& Tower with Radar,2,4,3,0,9,0,1,30,0,31,2,5,33,0,40,56,6,62,102
08/16/2020,SPI,IL,AGL,CE,Combined TRACON& Tower with Radar,0,6,10,0,16,0,0,24,0,24,0,6,34,0,40,4,0,4,44
08/17/2020,SPI,IL,AGL,CE,Combined TRACON& Tower with Radar,0,7,16,0,23,0,0,30,0,30,0,7,46,0,53,12,0,12,65
08/18/2020,SPI,IL,AGL,CE,Combined TRACON& Tower with Radar,0,5,8,11,24,0,3,32,7,42,0,8,40,18,66,70,26,96,162
08/19/2020,SPI,IL,AGL,CE,Combined TRACON& Tower with Radar,0,4,10,0,14,0,2,31,0,33,0,6,41,0,47,50,2,52,99
08/20/2020,SPI,IL,AGL,CE,Combined TRACON& Tower with Radar,0,5,11,0,16,0,2,29,0,31,0,7,40,0,47,52,3,55,102
08/21/2020,SPI,IL,AGL,CE,Combined TRACON& Tower with Radar,0,6,15,13,34,0,0,35,5,40,0,6,50,18,74,44,10,54,128
08/22/2020,SPI,IL,AGL,CE,Combined TRACON& Tower with Radar,0,10,3,0,13,0,2,27,0,29,0,12,30,0,42,22,8,30,72
08/23/2020,SPI,IL,AGL,CE,Combined TRACON& Tower with Radar,1,5,4,0,10,0,2,20,0,22,1,7,24,0,32,42,4,46,78
08/24/2020,SPI,IL,AGL,CE,Combined TRACON& Tower with Radar,0,5,4,0,9,0,3,13,0,16,0,8,17,0,25,0,2,2,27
08/25/2020,SPI,IL,AGL,CE,Combined TRACON& Tower with Radar,0,6,9,17,32,0,3,22,3,28,0,9,31,20,60,48,38,86,146
08/26/2020,SPI,IL,AGL,CE,Combined TRACON& Tower with Radar,0,4,7,0,11,0,0,23,0,23,0,4,30,0,34,0,3,3,37
08/27/2020,SPI,IL,AGL,CE,Combined TRACON& Tower with Radar,0,6,6,5,17,0,4,21,2,27,0,10,27,7,44,6,2,8,52
08/28/2020,SPI,IL,AGL,CE,Combined TRACON& Tower with Radar,0,6,8,0,14,0,0,12,0,12,0,6,20,0,26,62,0,62,88
08/29/2020,SPI,IL,AGL,CE,Combined TRACON& Tower with Radar,0,6,8,0,14,0,3,23,0,26,0,9,31,0,40,20,3,23,63
08/30/2020,SPI,IL,AGL,CE,Combined TRACON& Tower with Radar,0,8,6,0,14,0,2,23,0,25,0,10,29,0,39,18,5,23,62
08/31/2020,SPI,IL,AGL,CE,Combined TRACON& Tower with Radar,0,7,9,2,18,0,1,9,4,14,0,8,18,6,32,4,0,4,36
09/01/2020,SPI,IL,AGL,CE,Combined TRACON& Tower with Radar,0,9,9,0,18,0,0,1,0,1,0,9,10,0,19,0,0,0,19
09/02/2020,SPI,IL,AGL,CE,Combined TRACON& Tower with Radar,0,3,10,0,13,0,2,13,0,15,0,5,23,0,28,10,2,12,40
09/03/2020,SPI,IL,AGL,CE,Combined TRACON& Tower with Radar,0,5,15,5,25,0,0,25,5,30,0,5,40,10,55,24,10,34,89
09/04/2020,SPI,IL,AGL,CE,Combined TRACON& Tower with Radar,0,4,7,0,11,0,3,40,6,49,0,7,47,6,60,20,2,22,82
09/05/2020,SPI,IL,AGL,CE,Combined TRACON& Tower with Radar,0,7,11,0,18,0,0,27,0,27,0,7,38,0,45,27,2,29,74
09/06/2020,SPI,IL,AGL,CE,Combined TRACON& Tower with Radar,2,5,6,0,13,0,0,7,0,7,2,5,13,0,20,10,0,10,30
09/07/2020,SPI,IL,AGL,CE,Combined TRACON& Tower with Radar,0,2,10,0,12,0,0,12,0,12,0,2,22,0,24,20,1,21,45
09/08/2020,SPI,IL,AGL,CE,Combined TRACON& Tower with Radar,0,3,9,10,22,0,0,0,0,0,0,3,9,10,22,12,19,31,53
09/09/2020,SPI,IL,AGL,CE,Combined TRACON& Tower with Radar,2,5,12,0,19,0,0,0,0,0,2,5,12,0,19,0,0,0,19
09/10/2020,SPI,IL,AGL,CE,Combined TRACON& Tower with Radar,0,5,28,0,33,0,1,0,0,1,0,6,28,0,34,0,2,2,36
09/11/2020,SPI,IL,AGL,CE,Combined TRACON& Tower with Radar,0,2,5,0,7,0,0,3,1,4,0,2,8,1,11,38,2,40,51
09/12/2020,SPI,IL,AGL,CE,Combined TRACON& Tower with Radar,0,2,10,0,12,0,0,3,0,3,0,2,13,0,15,28,2,30,45
09/13/2020,SPI,IL,AGL,CE,Combined TRACON& Tower with Radar,0,4,14,0,18,0,0,21,0,21,0,4,35,0,39,82,2,84,123
09/14/2020,SPI,IL,AGL,CE,Combined TRACON& Tower with Radar,0,5,12,0,17,0,1,32,0,33,0,6,44,0,50,8,19,27,77
09/15/2020,SPI,IL,AGL,CE,Combined TRACON& Tower with Radar,0,2,8,11,21,0,0,39,1,40,0,2,47,12,61,56,3,59,120
09/16/2020,SPI,IL,AGL,CE,Combined TRACON& Tower with Radar,0,5,10,1,16,0,2,29,1,32,0,7,39,2,48,12,0,12,60
09/17/2020,SPI,IL,AGL,CE,Combined TRACON& Tower with Radar,0,5,5,3,13,0,1,12,3,16,0,6,17,6,29,26,15,41,70
09/18/2020,SPI,IL,AGL,CE,Combined TRACON& Tower with Radar,0,3,13,8,24,0,4,12,0,16,0,7,25,8,40,22,27,49,89
09/19/2020,SPI,IL,AGL,CE,Combined TRACON& Tower with Radar,0,6,15,0,21,0,1,25,5,31,0,7,40,5,52,22,3,25,77
09/20/2020,SPI,IL,AGL,CE,Combined TRACON& Tower with Radar,0,2,6,0,8,0,3,27,2,32,0,5,33,2,40,10,3,13,53
09/21/2020,SPI,IL,AGL,CE,Combined TRACON& Tower with Radar,0,5,15,8,28,0,0,15,2,17,0,5,30,10,45,40,8,48,93
09/22/2020,SPI,IL,AGL,CE,Combined TRACON& Tower with Radar,0,4,6,2,12,0,2,18,0,20,0,6,24,2,32,18,0,18,50
09/23/2020,SPI,IL,AGL,CE,Combined TRACON& Tower with Radar,0,2,9,11,22,0,1,21,3,25,0,3,30,14,47,42,11,53,100
09/24/2020,SPI,IL,AGL,CE,Combined TRACON& Tower with Radar,0,4,8,8,20,0,4,19,11,34,0,8,27,19,54,30,18,48,102
09/25/2020,SPI,IL,AGL,CE,Combined TRACON& Tower with Radar,0,4,12,3,19,0,0,28,1,29,0,4,40,4,48,32,2,34,82
09/26/2020,SPI,IL,AGL,CE,Combined TRACON& Tower with Radar,0,2,9,0,11,0,1,10,0,11,0,3,19,0,22,18,0,18,40
09/27/2020,SPI,IL,AGL,CE,Combined TRACON& Tower with Radar,0,4,15,9,28,0,0,19,0,19,0,4,34,9,47,12,6,18,65
09/28/2020,SPI,IL,AGL,CE,Combined TRACON& Tower with Radar,0,2,9,0,11,0,0,9,0,9,0,2,18,0,20,0,2,2,22
09/29/2020,SPI,IL,AGL,CE,Combined TRACON& Tower with Radar,4,4,5,0,13,0,2,19,0,21,4,6,24,0,34,22,2,24,58
09/30/2020,SPI,IL,AGL,CE,Combined TRACON& Tower with Radar,2,2,7,2,13,0,1,12,0,13,2,3,19,2,26,2,6,8,34
10/01/2020,SPI,IL,AGL,CE,Combined TRACON& Tower with Radar,0,9,4,9,22,0,0,15,1,16,0,9,19,10,38,60,4,64,102
10/02/2020,SPI,IL,AGL,CE,Combined TRACON& Tower with Radar,0,8,18,0,26,0,1,20,0,21,0,9,38,0,47,28,4,32,79
10/03/2020,SPI,IL,AGL,CE,Combined TRACON& Tower with Radar,2,6,9,2,19,0,0,11,0,11,2,6,20,2,30,66,4,70,100
10/04/2020,SPI,IL,AGL,CE,Combined TRACON& Tower with Radar,0,10,12,0,22,0,4,13,0,17,0,14,25,0,39,2,4,6,45
10/05/2020,SPI,IL,AGL,CE,Combined TRACON& Tower with Radar,0,6,11,1,18,0,6,20,1,27,0,12,31,2,45,24,0,24,69
10/06/2020,SPI,IL,AGL,CE,Combined TRACON& Tower with Radar,0,4,17,4,25,0,2,16,2,20,0,6,33,6,45,36,3,39,84
10/07/2020,SPI,IL,AGL,CE,Combined TRACON& Tower with Radar,2,2,8,0,12,0,1,20,2,23,2,3,28,2,35,24,2,26,61
10/08/2020,SPI,IL,AGL,CE,Combined TRACON& Tower with Radar,0,3,5,1,9,0,2,21,1,24,0,5,26,2,33,37,4,41,74
10/09/2020,SPI,IL,AGL,CE,Combined TRACON& Tower with Radar,0,9,17,0,26,0,0,16,0,16,0,9,33,0,42,24,2,26,68
10/10/2020,SPI,IL,AGL,CE,Combined TRACON& Tower with Radar,2,6,24,0,32,0,0,22,2,24,2,6,46,2,56,12,3,15,71
10/11/2020,SPI,IL,AGL,CE,Combined TRACON& Tower with Radar,0,3,9,0,12,0,0,10,0,10,0,3,19,0,22,0,0,0,22
10/12/2020,SPI,IL,AGL,CE,Combined TRACON& Tower with Radar,0,5,4,0,9,0,0,1,0,1,0,5,5,0,10,0,2,2,12
10/13/2020,SPI,IL,AGL,CE,Combined TRACON& Tower with Radar,0,5,9,0,14,0,1,12,0,13,0,6,21,0,27,0,1,1,28
10/14/2020,SPI,IL,AGL,CE,Combined TRACON& Tower with Radar,2,3,6,0,11,0,4,6,0,10,2,7,12,0,21,0,0,0,21
10/15/2020,SPI,IL,AGL,CE,Combined TRACON& Tower with Radar,0,12,16,4,32,0,5,5,0,10,0,17,21,4,42,6,0,6,48
10/16/2020,SPI,IL,AGL,CE,Combined TRACON& Tower with Radar,0,6,17,2,25,0,1,22,0,23,0,7,39,2,48,12,4,16,64
10/17/2020,SPI,IL,AGL,CE,Combined TRACON& Tower with Radar,2,3,6,0,11,0,0,0,2,2,2,3,6,2,13,0,0,0,13
10/18/2020,SPI,IL,AGL,CE,Combined TRACON& Tower with Radar,0,5,24,0,29,0,2,14,0,16,0,7,38,0,45,0,0,0,45
10/19/2020,SPI,IL,AGL,CE,Combined TRACON& Tower with Radar,0,3,11,0,14,0,1,4,0,5,0,4,15,0,19,12,4,16,35
10/20/2020,SPI,IL,AGL,CE,Combined TRACON& Tower with Radar,0,4,9,1,14,0,1,6,0,7,0,5,15,1,21,2,1,3,24
10/21/2020,SPI,IL,AGL,CE,Combined TRACON& Tower with Radar,2,6,9,1,18,0,0,0,0,0,2,6,9,1,18,0,1,1,19
10/22/2020,SPI,IL,AGL,CE,Combined TRACON& Tower with Radar,0,7,9,3,19,0,2,12,1,15,0,9,21,4,34,8,2,10,44
10/23/2020,SPI,IL,AGL,CE,Combined TRACON& Tower with Radar,0,7,5,0,12,0,0,0,0,0,0,7,5,0,12,0,0,0,12
10/24/2020,SPI,IL,AGL,CE,Combined TRACON& Tower with Radar,2,2,20,0,24,0,0,26,0,26,2,2,46,0,50,32,0,32,82
10/25/2020,SPI,IL,AGL,CE,Combined TRACON& Tower with Radar,0,5,4,0,9,0,0,19,0,19,0,5,23,0,28,12,2,14,42
10/26/2020,SPI,IL,AGL,CE,Combined TRACON& Tower with Radar,0,6,4,2,12,0,0,1,0,1,0,6,5,2,13,0,0,0,13
10/27/2020,SPI,IL,AGL,CE,Combined TRACON& Tower with Radar,0,4,8,24,36,0,0,0,0,0,0,4,8,24,36,0,0,0,36
10/28/2020,SPI,IL,AGL,CE,Combined TRACON& Tower with Radar,2,4,15,4,25,0,4,18,0,22,2,8,33,4,47,22,1,23,70
10/29/2020,SPI,IL,AGL,CE,Combined TRACON& Tower with Radar,0,3,9,2,14,0,1,0,0,1,0,4,9,2,15,0,6,6,21
10/30/2020,SPI,IL,AGL,CE,Combined TRACON& Tower with Radar,0,6,18,9,33,0,2,40,3,45,0,8,58,12,78,12,12,24,102
10/31/2020,SPI,IL,AGL,CE,Combined TRACON& Tower with Radar,2,7,12,0,21,0,0,7,0,7,2,7,19,0,28,12,0,12,40
11/01/2020,SPI,IL,AGL,CE,Combined TRACON& Tower with Radar,0,7,7,0,14,0,1,0,0,1,0,8,7,0,15,0,2,2,17
11/02/2020,SPI,IL,AGL,CE,Combined TRACON& Tower with Radar,0,6,13,0,19,0,0,11,2,13,0,6,24,2,32,0,12,12,44
11/03/2020,SPI,IL,AGL,CE,Combined TRACON& Tower with Radar,0,4,5,17,26,0,2,17,0,19,0,6,22,17,45,20,39,59,104
11/04/2020,SPI,IL,AGL,CE,Combined TRACON& Tower with Radar,2,3,10,0,15,0,3,6,0,9,2,6,16,0,24,2,10,12,36
11/05/2020,SPI,IL,AGL,CE,Combined TRACON& Tower with Radar,0,7,14,0,21,0,4,33,0,37,0,11,47,0,58,48,12,60,118
11/06/2020,SPI,IL,AGL,CE,Combined TRACON& Tower with Radar,0,6,9,5,20,0,5,33,1,39,0,11,42,6,59,0,0,0,59
11/07/2020,SPI,IL,AGL,CE,Combined TRACON& Tower with Radar,2,6,5,0,13,0,5,30,0,35,2,11,35,0,48,28,11,39,87
11/08/2020,SPI,IL,AGL,CE,Combined TRACON& Tower with Radar,0,6,11,0,17,0,4,13,0,17,0,10,24,0,34,10,6,16,50
11/09/2020,SPI,IL,AGL,CE,Combined TRACON& Tower with Radar,0,6,6,4,16,0,0,15,1,16,0,6,21,5,32,0,4,4,36
11/10/2020,SPI,IL,AGL,CE,Combined TRACON& Tower with Radar,0,5,7,0,12,0,0,1,1,2,0,5,8,1,14,0,1,1,15
11/11/2020,SPI,IL,AGL,CE,Combined TRACON& Tower with Radar,1,5,20,1,27,0,1,31,2,34,1,6,51,3,61,44,4,48,109
11/12/2020,SPI,IL,AGL,CE,Combined TRACON& Tower with Radar,1,4,16,6,27,0,0,14,6,20,1,4,30,12,47,20,0,20,67
11/13/2020,SPI,IL,AGL,CE,Combined TRACON& Tower with Radar,0,9,11,0,20,0,0,15,0,15,0,9,26,0,35,0,0,0,35
11/14/2020,SPI,IL,AGL,CE,Combined TRACON& Tower with Radar,2,5,3,0,10,0,0,1,0,1,2,5,4,0,11,0,0,0,11
11/15/2020,SPI,IL,AGL,CE,Combined TRACON& Tower with Radar,0,5,9,0,14,0,0,1,0,1,0,5,10,0,15,0,0,0,15
11/16/2020,SPI,IL,AGL,CE,Combined TRACON& Tower with Radar,0,4,8,22,34,0,0,13,0,13,0,4,21,22,47,0,0,0,47
11/17/2020,SPI,IL,AGL,CE,Combined TRACON& Tower with Radar,0,3,7,5,15,0,0,28,1,29,0,3,35,6,44,62,8,70,114
11/18/2020,SPI,IL,AGL,CE,Combined TRACON& Tower with Radar,2,3,12,0,17,0,3,7,6,16,2,6,19,6,33,4,5,9,42
11/19/2020,SPI,IL,AGL,CE,Combined TRACON& Tower with Radar,0,4,5,2,11,0,1,7,4,12,0,5,12,6,23,32,38,70,93
11/20/2020,SPI,IL,AGL,CE,Combined TRACON& Tower with Radar,0,8,11,24,43,0,3,28,2,33,0,11,39,26,76,0,0,0,76
11/21/2020,SPI,IL,AGL,CE,Combined TRACON& Tower with Radar,2,3,11,0,16,0,2,13,0,15,2,5,24,0,31,20,0,20,51
11/22/2020,SPI,IL,AGL,CE,Combined TRACON& Tower with Radar,0,7,19,0,26,0,0,4,0,4,0,7,23,0,30,6,5,11,41
11/23/2020,SPI,IL,AGL,CE,Combined TRACON& Tower with Radar,0,4,13,34,51,0,0,24,0,24,0,4,37,34,75,46,38,84,159
11/24/2020,SPI,IL,AGL,CE,Combined TRACON& Tower with Radar,2,3,7,0,12,0,0,9,0,9,2,3,16,0,21,0,1,1,22
11/25/2020,SPI,IL,AGL,CE,Combined TRACON& Tower with Radar,0,3,22,9,34,0,0,0,0,0,0,3,22,9,34,0,0,0,34
11/26/2020,SPI,IL,AGL,CE,Combined TRACON& Tower with Radar,0,1,2,0,3,0,1,10,0,11,0,2,12,0,14,22,7,29,43
11/27/2020,SPI,IL,AGL,CE,Combined TRACON& Tower with Radar,0,3,17,0,20,0,1,38,1,40,0,4,55,1,60,54,5,59,119
11/28/2020,SPI,IL,AGL,CE,Combined TRACON& Tower with Radar,2,4,10,0,16,0,0,50,0,50,2,4,60,0,66,40,2,42,108
11/29/2020,SPI,IL,AGL,CE,Combined TRACON& Tower with Radar,0,4,19,0,23,0,3,21,0,24,0,7,40,0,47,34,6,40,87
11/30/2020,SPI,IL,AGL,CE,Combined TRACON& Tower with Radar,2,6,8,12,28,0,2,7,0,9,2,8,15,12,37,0,0,0,37
12/01/2020,SPI,IL,AGL,CE,Combined TRACON& Tower with Radar,0,1,4,38,43,0,1,22,8,31,0,2,26,46,74,0,40,40,114
12/02/2020,SPI,IL,AGL,CE,Combined TRACON& Tower with Radar,2,1,12,12,27,0,2,26,6,34,2,3,38,18,61,44,27,71,132
12/03/2020,SPI,IL,AGL,CE,Combined TRACON& Tower with Radar,0,3,15,1,19,0,1,15,2,18,0,4,30,3,37,34,6,40,77
12/04/2020,SPI,IL,AGL,CE,Combined TRACON& Tower with Radar,0,2,19,12,33,0,1,17,2,20,0,3,36,14,53,10,5,15,68
12/05/2020,SPI,IL,AGL,CE,Combined TRACON& Tower with Radar,2,4,13,0,19,0,0,31,0,31,2,4,44,0,50,28,0,28,78
12/06/2020,SPI,IL,AGL,CE,Combined TRACON& Tower with Radar,0,3,5,0,8,0,1,11,0,12,0,4,16,0,20,22,2,24,44
12/07/2020,SPI,IL,AGL,CE,Combined TRACON& Tower with Radar,0,4,15,10,29,0,0,4,0,4,0,4,19,10,33,29,25,54,87
12/08/2020,SPI,IL,AGL,CE,Combined TRACON& Tower with Radar,0,2,5,0,7,0,0,5,0,5,0,2,10,0,12,0,4,4,16
12/09/2020,SPI,IL,AGL,CE,Combined TRACON& Tower with Radar,2,1,14,8,25,0,2,32,4,38,2,3,46,12,63,36,16,52,115
12/10/2020,SPI,IL,AGL,CE,Combined TRACON& Tower with Radar,0,7,25,0,32,0,2,49,0,51,0,9,74,0,83,68,5,73,156
12/11/2020,SPI,IL,AGL,CE,Combined TRACON& Tower with Radar,0,8,9,0,17,0,0,12,0,12,0,8,21,0,29,10,0,10,39
12/12/2020,SPI,IL,AGL,CE,Combined TRACON& Tower with Radar,2,2,4,0,8,0,0,0,0,0,2,2,4,0,8,0,1,1,9
12/13/2020,SPI,IL,AGL,CE,Combined TRACON& Tower with Radar,2,5,12,0,19,0,2,8,0,10,2,7,20,0,29,22,2,24,53
12/14/2020,SPI,IL,AGL,CE,Combined TRACON& Tower with Radar,0,2,18,0,20,0,0,7,0,7,0,2,25,0,27,4,4,8,35
12/15/2020,SPI,IL,AGL,CE,Combined TRACON& Tower with Radar,0,1,4,4,9,0,0,10,0,10,0,1,14,4,19,6,2,8,27
12/16/2020,SPI,IL,AGL,CE,Combined TRACON& Tower with Radar,2,2,0,0,4,0,0,0,0,0,2,2,0,0,4,0,0,0,4
12/17/2020,SPI,IL,AGL,CE,Combined TRACON& Tower with Radar,0,4,17,6,27,0,0,28,0,28,0,4,45,6,55,16,8,24,79
12/18/2020,SPI,IL,AGL,CE,Combined TRACON& Tower with Radar,0,2,16,0,18,0,0,7,0,7,0,2,23,0,25,0,5,5,30
12/19/2020,SPI,IL,AGL,CE,Combined TRACON& Tower with Radar,2,2,5,0,9,0,1,4,0,5,2,3,9,0,14,18,4,22,36
12/20/2020,SPI,IL,AGL,CE,Combined TRACON& Tower with Radar,0,2,16,0,18,0,2,32,1,35,0,4,48,1,53,24,6,30,83
12/21/2020,SPI,IL,AGL,CE,Combined TRACON& Tower with Radar,2,2,5,9,18,0,0,4,0,4,2,2,9,9,22,0,14,14,36
12/22/2020,SPI,IL,AGL,CE,Combined TRACON& Tower with Radar,0,5,18,0,23,0,3,30,0,33,0,8,48,0,56,40,5,45,101
12/23/2020,SPI,IL,AGL,CE,Combined TRACON& Tower with Radar,2,2,7,2,13,0,0,0,0,0,2,2,7,2,13,0,2,2,15
12/24/2020,SPI,IL,AGL,CE,Combined TRACON& Tower with Radar,0,0,2,0,2,0,0,6,0,6,0,0,8,0,8,0,4,4,12
12/25/2020,SPI,IL,AGL,CE,Combined TRACON& Tower with Radar,0,0,3,0,3,0,2,6,0,8,0,2,9,0,11,0,12,12,23
12/26/2020,SPI,IL,AGL,CE,Combined TRACON& Tower with Radar,2,4,24,0,30,0,0,43,0,43,2,4,67,0,73,36,2,38,111
12/27/2020,SPI,IL,AGL,CE,Combined TRACON& Tower with Radar,0,2,8,0,10,0,0,4,0,4,0,2,12,0,14,20,0,20,34
12/28/2020,SPI,IL,AGL,CE,Combined TRACON& Tower with Radar,2,2,5,10,19,0,1,5,0,6,2,3,10,10,25,12,22,34,59
12/29/2020,SPI,IL,AGL,CE,Combined TRACON& Tower with Radar,0,2,1,0,3,0,0,1,0,1,0,2,2,0,4,18,0,18,22
12/30/2020,SPI,IL,AGL,CE,Combined TRACON& Tower with Radar,2,2,16,0,20,0,0,2,0,2,2,2,18,0,22,0,0,0,22
12/31/2020,SPI,IL,AGL,CE,Combined TRACON& Tower with Radar,0,0,7,0,7,0,2,1,0,3,0,2,8,0,10,2,3,5,15
01/01/2021,SPI,IL,AGL,CE,Combined TRACON& Tower with Radar,0,2,0,0,2,0,0,0,0,0,0,2,0,0,2,0,0,0,2
01/02/2021,SPI,IL,AGL,CE,Combined TRACON& Tower with Radar,1,4,2,0,7,0,0,0,0,0,1,4,2,0,7,0,0,0,7
01/03/2021,SPI,IL,AGL,CE,Combined TRACON& Tower with Radar,0,4,6,0,10,0,0,0,0,0,0,4,6,0,10,0,0,0,10
01/04/2021,SPI,IL,AGL,CE,Combined TRACON& Tower with Radar,2,4,6,0,12,0,0,0,0,0,2,4,6,0,12,0,0,0,12
01/05/2021,SPI,IL,AGL,CE,Combined TRACON& Tower with Radar,0,13,10,0,23,0,1,17,0,18,0,14,27,0,41,0,4,4,45
01/06/2021,SPI,IL,AGL,CE,Combined TRACON& Tower with Radar,2,6,4,0,12,0,0,1,0,1,2,6,5,0,13,16,0,16,29
01/07/2021,SPI,IL,AGL,CE,Combined TRACON& Tower with Radar,0,8,7,5,20,0,1,9,3,13,0,9,16,8,33,20,4,24,57
01/08/2021,SPI,IL,AGL,CE,Combined TRACON& Tower with Radar,0,8,7,3,18,0,0,5,0,5,0,8,12,3,23,0,1,1,24
01/09/2021,SPI,IL,AGL,CE,Combined TRACON& Tower with Radar,2,5,6,0,13,0,0,4,0,4,2,5,10,0,17,10,0,10,27
01/10/2021,SPI,IL,AGL,CE,Combined TRACON& Tower with Radar,0,7,6,0,13,0,0,1,0,1,0,7,7,0,14,0,0,0,14
01/11/2021,SPI,IL,AGL,CE,Combined TRACON& Tower with Radar,0,7,6,4,17,0,0,4,0,4,0,7,10,4,21,18,0,18,39
01/12/2021,SPI,IL,AGL,CE,Combined TRACON& Tower with Radar,0,7,17,2,26,0,2,36,2,40,0,9,53,4,66,54,22,76,142
01/13/2021,SPI,IL,AGL,CE,Combined TRACON& Tower with Radar,2,11,14,1,28,0,4,16,3,23,2,15,30,4,51,56,6,62,113
01/14/2021,SPI,IL,AGL,CE,Combined TRACON& Tower with Radar,0,10,15,18,43,0,0,17,1,18,0,10,32,19,61,24,23,47,108
01/15/2021,SPI,IL,AGL,CE,Combined TRACON& Tower with Radar,0,7,8,0,15,0,0,2,0,2,0,7,10,0,17,0,1,1,18
01/16/2021,SPI,IL,AGL,CE,Combined TRACON& Tower with Radar,4,8,4,0,16,0,0,0,0,0,4,8,4,0,16,0,0,0,16
01/17/2021,SPI,IL,AGL,CE,Combined TRACON& Tower with Radar,0,5,6,0,11,0,0,0,0,0,0,5,6,0,11,0,1,1,12
01/18/2021,SPI,IL,AGL,CE,Combined TRACON& Tower with Radar,0,7,9,0,16,0,0,11,0,11,0,7,20,0,27,38,0,38,65
01/19/2021,SPI,IL,AGL,CE,Combined TRACON& Tower with Radar,0,5,6,5,16,0,0,10,1,11,0,5,16,6,27,6,4,10,37
01/20/2021,SPI,IL,AGL,CE,Combined TRACON& Tower with Radar,2,7,8,26,43,0,0,17,0,17,2,7,25,26,60,44,28,72,132
01/21/2021,SPI,IL,AGL,CE,Combined TRACON& Tower with Radar,0,12,13,10,35,0,0,28,0,28,0,12,41,10,63,40,13,53,116
01/22/2021,SPI,IL,AGL,CE,Combined TRACON& Tower with Radar,0,6,6,0,12,0,1,25,0,26,0,7,31,0,38,42,2,44,82
01/23/2021,SPI,IL,AGL,CE,Combined TRACON& Tower with Radar,2,8,7,0,17,0,3,32,1,36,2,11,39,1,53,28,7,35,88
01/24/2021,SPI,IL,AGL,CE,Combined TRACON& Tower with Radar,0,7,8,0,15,0,1,4,0,5,0,8,12,0,20,16,2,18,38
01/25/2021,SPI,IL,AGL,CE,Combined TRACON& Tower with Radar,0,6,3,0,9,0,0,0,0,0,0,6,3,0,9,0,0,0,9
01/26/2021,SPI,IL,AGL,CE,Combined TRACON& Tower with Radar,0,5,8,0,13,0,0,1,0,1,0,5,9,0,14,0,0,0,14
01/27/2021,SPI,IL,AGL,CE,Combined TRACON& Tower with Radar,2,5,5,1,13,0,0,0,0,0,2,5,5,1,13,0,2,2,15
01/28/2021,SPI,IL,AGL,CE,Combined TRACON& Tower with Radar,2,13,14,1,30,0,0,32,2,34,2,13,46,3,64,68,1,69,133
01/29/2021,SPI,IL,AGL,CE,Combined TRACON& Tower with Radar,0,8,20,12,40,0,3,36,7,46,0,11,56,19,86,46,20,66,152
01/30/2021,SPI,IL,AGL,CE,Combined TRACON& Tower with Radar,4,4,6,0,14,0,0,0,0,0,4,4,6,0,14,0,1,1,15
01/31/2021,SPI,IL,AGL,CE,Combined TRACON& Tower with Radar,0,6,1,0,7,0,0,0,0,0,0,6,1,0,7,0,0,0,7
02/01/2021,SPI,IL,AGL,CE,Combined TRACON& Tower with Radar,2,8,11,0,21,0,1,6,2,9,2,9,17,2,30,22,9,31,61
02/02/2021,SPI,IL,AGL,CE,Combined TRACON& Tower with Radar,0,6,23,0,29,0,1,6,2,9,0,7,29,2,38,20,2,22,60
02/03/2021,SPI,IL,AGL,CE,Combined TRACON& Tower with Radar,2,5,21,14,42,0,0,43,4,47,2,5,64,18,89,32,13,45,134
02/04/2021,SPI,IL,AGL,CE,Combined TRACON& Tower with Radar,0,9,3,0,12,0,0,0,0,0,0,9,3,0,12,0,0,0,12
02/05/2021,SPI,IL,AGL,CE,Combined TRACON& Tower with Radar,0,10,17,12,39,0,3,21,0,24,0,13,38,12,63,8,5,13,76
02/06/2021,SPI,IL,AGL,CE,Combined TRACON& Tower with Radar,2,6,18,2,28,0,2,17,0,19,2,8,35,2,47,20,1,21,68
02/07/2021,SPI,IL,AGL,CE,Combined TRACON& Tower with Radar,0,9,13,0,22,0,0,2,0,2,0,9,15,0,24,2,6,8,32
02/08/2021,SPI,IL,AGL,CE,Combined TRACON& Tower with Radar,0,7,6,0,13,0,0,2,0,2,0,7,8,0,15,0,0,0,15
02/09/2021,SPI,IL,AGL,CE,Combined TRACON& Tower with Radar,0,8,7,2,17,0,2,7,0,9,0,10,14,2,26,4,0,4,30
02/10/2021,SPI,IL,AGL,CE,Combined TRACON& Tower with Radar,2,11,4,0,17,0,0,0,0,0,2,11,4,0,17,0,0,0,17
02/11/2021,SPI,IL,AGL,CE,Combined TRACON& Tower with Radar,0,6,15,26,47,0,0,6,0,6,0,6,21,26,53,8,24,32,85
02/12/2021,SPI,IL,AGL,CE,Combined TRACON& Tower with Radar,2,8,5,9,24,0,0,5,3,8,2,8,10,12,32,32,4,36,68
02/13/2021,SPI,IL,AGL,CE,Combined TRACON& Tower with Radar,2,6,1,0,9,0,0,1,0,1,2,6,2,0,10,0,0,0,10
02/14/2021,SPI,IL,AGL,CE,Combined TRACON& Tower with Radar,0,6,1,0,7,0,0,1,0,1,0,6,2,0,8,0,2,2,10
02/15/2021,SPI,IL,AGL,CE,Combined TRACON& Tower with Radar,0,0,2,0,2,0,0,0,0,0,0,0,2,0,2,0,0,0,2
02/16/2021,SPI,IL,AGL,CE,Combined TRACON& Tower with Radar,0,4,9,0,13,0,0,2,0,2,0,4,11,0,15,0,5,5,20
02/17/2021,SPI,IL,AGL,CE,Combined TRACON& Tower with Radar,2,3,6,2,13,0,0,3,0,3,2,3,9,2,16,2,0,2,18
02/18/2021,SPI,IL,AGL,CE,Combined TRACON& Tower with Radar,0,4,4,3,11,0,4,6,7,17,0,8,10,10,28,0,9,9,37
02/19/2021,SPI,IL,AGL,CE,Combined TRACON& Tower with Radar,2,9,6,17,34,0,0,12,0,12,2,9,18,17,46,39,4,43,89
02/20/2021,SPI,IL,AGL,CE,Combined TRACON& Tower with Radar,2,10,15,0,27,0,0,26,0,26,2,10,41,0,53,28,4,32,85
02/21/2021,SPI,IL,AGL,CE,Combined TRACON& Tower with Radar,0,7,3,2,12,0,0,6,0,6,0,7,9,2,18,0,3,3,21
02/22/2021,SPI,IL,AGL,CE,Combined TRACON& Tower with Radar,2,13,11,5,31,0,0,5,4,9,2,13,16,9,40,18,14,32,72
02/23/2021,SPI,IL,AGL,CE,Combined TRACON& Tower with Radar,0,8,12,16,36,0,6,32,4,42,0,14,44,20,78,52,15,67,145
02/24/2021,SPI,IL,AGL,CE,Combined TRACON& Tower with Radar,2,6,9,9,26,0,0,13,19,32,2,6,22,28,58,54,31,85,143
02/25/2021,SPI,IL,AGL,CE,Combined TRACON& Tower with Radar,2,10,11,4,27,0,0,22,4,26,2,10,33,8,53,92,22,114,167
02/26/2021,SPI,IL,AGL,CE,Combined TRACON& Tower with Radar,2,8,11,9,30,0,0,24,3,27,2,8,35,12,57,38,11,49,106
02/27/2021,SPI,IL,AGL,CE,Combined TRACON& Tower with Radar,2,8,8,0,18,0,6,43,0,49,2,14,51,0,67,26,2,28,95
02/28/2021,SPI,IL,AGL,CE,Combined TRACON& Tower with Radar,0,7,14,0,21,0,1,4,0,5,0,8,18,0,26,4,2,6,32
03/01/2021,SPI,IL,AGL,CE,Combined TRACON& Tower with Radar,2,10,10,0,22,0,0,18,0,18,2,10,28,0,40,50,0,50,90
03/02/2021,SPI,IL,AGL,CE,Combined TRACON& Tower with Radar,0,13,6,0,19,0,4,22,0,26,0,17,28,0,45,42,3,45,90
03/03/2021,SPI,IL,AGL,CE,Combined TRACON& Tower with Radar,2,8,9,0,19,0,2,21,0,23,2,10,30,0,42,46,0,46,88
03/04/2021,SPI,IL,AGL,CE,Combined TRACON& Tower with Radar,0,6,15,1,22,0,3,23,1,27,0,9,38,2,49,6,6,12,61
03/05/2021,SPI,IL,AGL,CE,Combined TRACON& Tower with Radar,2,6,20,11,39,0,3,29,1,33,2,9,49,12,72,20,14,34,106
03/06/2021,SPI,IL,AGL,CE,Combined TRACON& Tower with Radar,4,8,9,0,21,0,4,36,0,40,4,12,45,0,61,22,4,26,87
03/07/2021,SPI,IL,AGL,CE,Combined TRACON& Tower with Radar,0,6,5,0,11,0,5,32,0,37,0,11,37,0,48,30,6,36,84
03/08/2021,SPI,IL,AGL,CE,Combined TRACON& Tower with Radar,2,8,10,6,26,0,4,22,4,30,2,12,32,10,56,12,20,32,88
03/09/2021,SPI,IL,AGL,CE,Combined TRACON& Tower with Radar,0,8,16,4,28,0,2,18,0,20,0,10,34,4,48,20,7,27,75
03/10/2021,SPI,IL,AGL,CE,Combined TRACON& Tower with Radar,4,7,6,0,17,0,0,4,2,6,4,7,10,2,23,0,3,3,26
03/11/2021,SPI,IL,AGL,CE,Combined TRACON& Tower with Radar,0,6,8,4,18,0,1,8,4,13,0,7,16,8,31,30,3,33,64
03/12/2021,SPI,IL,AGL,CE,Combined TRACON& Tower with Radar,2,12,12,4,30,0,5,29,3,37,2,17,41,7,67,18,1,19,86
03/13/2021,SPI,IL,AGL,CE,Combined TRACON& Tower with Radar,2,6,18,1,27,0,3,25,1,29,2,9,43,2,56,24,2,26,82
03/14/2021,SPI,IL,AGL,CE,Combined TRACON& Tower with Radar,0,6,6,0,12,0,1,3,0,4,0,7,9,0,16,4,6,10,26
03/15/2021,SPI,IL,AGL,CE,Combined TRACON& Tower with Radar,2,7,4,0,13,0,0,0,0,0,2,7,4,0,13,0,0,0,13
03/16/2021,SPI,IL,AGL,CE,Combined TRACON& Tower with Radar,0,6,17,0,23,0,0,0,0,0,0,6,17,0,23,0,0,0,23
03/17/2021,SPI,IL,AGL,CE,Combined TRACON& Tower with Radar,2,5,7,0,14,0,0,0,0,0,2,5,7,0,14,0,0,0,14
03/18/2021,SPI,IL,AGL,CE,Combined TRACON& Tower with Radar,0,13,3,0,16,0,0,0,0,0,0,13,3,0,16,0,1,1,17
03/19/2021,SPI,IL,AGL,CE,Combined TRACON& Tower with Radar,2,6,17,39,64,0,4,20,3,27,2,10,37,42,91,52,30,82,173
03/20/2021,SPI,IL,AGL,CE,Combined TRACON& Tower with Radar,2,6,8,2,18,0,4,41,2,47,2,10,49,4,65,20,5,25,90
03/21/2021,SPI,IL,AGL,CE,Combined TRACON& Tower with Radar,0,7,8,0,15,0,2,22,0,24,0,9,30,0,39,16,2,18,57
03/22/2021,SPI,IL,AGL,CE,Combined TRACON& Tower with Radar,2,7,10,7,26,0,0,22,0,22,2,7,32,7,48,10,22,32,80
03/23/2021,SPI,IL,AGL,CE,Combined TRACON& Tower with Radar,0,7,4,0,11,0,0,1,0,1,0,7,5,0,12,0,0,0,12
03/24/2021,SPI,IL,AGL,CE,Combined TRACON& Tower with Radar,2,7,12,6,27,0,0,12,3,15,2,7,24,9,42,12,28,40,82
03/25/2021,SPI,IL,AGL,CE,Combined TRACON& Tower with Radar,0,6,6,20,32,0,0,0,0,0,0,6,6,20,32,0,5,5,37
03/26/2021,SPI,IL,AGL,CE,Combined TRACON& Tower with Radar,2,11,19,12,44,0,0,11,0,11,2,11,30,12,55,36,10,46,101
03/27/2021,SPI,IL,AGL,CE,Combined TRACON& Tower with Radar,2,11,7,10,30,0,3,16,0,19,2,14,23,10,49,24,19,43,92
03/28/2021,SPI,IL,AGL,CE,Combined TRACON& Tower with Radar,0,6,11,0,17,0,2,3,1,6,0,8,14,1,23,0,7,7,30
03/29/2021,SPI,IL,AGL,CE,Combined TRACON& Tower with Radar,2,11,5,15,33,0,4,21,1,26,2,15,26,16,59,38,10,48,107
03/30/2021,SPI,IL,AGL,CE,Combined TRACON& Tower with Radar,0,6,9,6,21,0,1,16,0,17,0,7,25,6,38,16,34,50,88
03/31/2021,SPI,IL,AGL,CE,Combined TRACON& Tower with Radar,2,8,8,28,46,0,1,16,0,17,2,9,24,28,63,12,21,33,96
04/01/2021,SPI,IL,AGL,CE,Combined TRACON& Tower with Radar,0,8,11,16,35,0,0,22,2,24,0,8,33,18,59,58,45,103,162
04/02/2021,SPI,IL,AGL,CE,Combined TRACON& Tower with Radar,2,15,9,6,32,0,5,26,5,36,2,20,35,11,68,22,15,37,105
04/03/2021,SPI,IL,AGL,CE,Combined TRACON& Tower with Radar,2,10,9,0,21,0,1,24,0,25,2,11,33,0,46,37,4,41,87
04/04/2021,SPI,IL,AGL,CE,Combined TRACON& Tower with Radar,0,6,15,0,21,0,2,19,0,21,0,8,34,0,42,32,4,36,78
04/05/2021,SPI,IL,AGL,CE,Combined TRACON& Tower with Radar,2,7,11,6,26,0,4,21,0,25,2,11,32,6,51,26,24,50,101
04/06/2021,SPI,IL,AGL,CE,Combined TRACON& Tower with Radar,0,10,9,39,58,0,0,13,4,17,0,10,22,43,75,2,64,66,141
04/07/2021,SPI,IL,AGL,CE,Combined TRACON& Tower with Radar,2,7,6,9,24,0,1,9,1,11,2,8,15,10,35,0,9,9,44
04/08/2021,SPI,IL,AGL,CE,Combined TRACON& Tower with Radar,0,8,11,9,28,0,3,7,1,11,0,11,18,10,39,0,14,14,53
04/09/2021,SPI,IL,AGL,CE,Combined TRACON& Tower with Radar,2,5,12,9,28,0,2,27,5,34,2,7,39,14,62,6,39,45,107
04/10/2021,SPI,IL,AGL,CE,Combined TRACON& Tower with Radar,2,5,3,1,11,0,1,0,0,1,2,6,3,1,12,0,0,0,12
04/11/2021,SPI,IL,AGL,CE,Combined TRACON& Tower with Radar,0,7,6,2,15,0,0,3,1,4,0,7,9,3,19,0,6,6,25
04/12/2021,SPI,IL,AGL,CE,Combined TRACON& Tower with Radar,2,8,26,0,36,0,2,24,0,26,2,10,50,0,62,14,1,15,77
04/13/2021,SPI,IL,AGL,CE,Combined TRACON& Tower with Radar,0,8,10,10,28,0,9,31,0,40,0,17,41,10,68,42,24,66,134
04/14/2021,SPI,IL,AGL,CE,Combined TRACON& Tower with Radar,0,7,17,4,28,0,3,28,2,33,0,10,45,6,61,42,3,45,106
04/15/2021,SPI,IL,AGL,CE,Combined TRACON& Tower with Radar,0,10,13,17,40,0,2,22,7,31,0,12,35,24,71,68,29,97,168
04/16/2021,SPI,IL,AGL,CE,Combined TRACON& Tower with Radar,2,18,15,25,60,0,9,39,7,55,2,27,54,32,115,70,34,104,219
04/17/2021,SPI,IL,AGL,CE,Combined TRACON& Tower with Radar,0,8,5,8,21,0,3,18,0,21,0,11,23,8,42,0,17,17,59
04/18/2021,SPI,IL,AGL,CE,Combined TRACON& Tower with Radar,0,8,18,0,26,0,0,25,0,25,0,8,43,0,51,6,0,6,57
04/19/2021,SPI,IL,AGL,CE,Combined TRACON& Tower with Radar,2,8,10,9,29,0,0,18,2,20,2,8,28,11,49,35,34,69,118
04/20/2021,SPI,IL,AGL,CE,Combined TRACON& Tower with Radar,0,6,1,0,7,0,0,1,0,1,0,6,2,0,8,0,1,1,9
04/21/2021,SPI,IL,AGL,CE,Combined TRACON& Tower with Radar,0,6,6,21,33,0,1,38,0,39,0,7,44,21,72,17,13,30,102
04/22/2021,SPI,IL,AGL,CE,Combined TRACON& Tower with Radar,0,8,17,15,40,0,8,44,5,57,0,16,61,20,97,14,8,22,119
04/23/2021,SPI,IL,AGL,CE,Combined TRACON& Tower with Radar,2,10,12,8,32,0,0,17,0,17,2,10,29,8,49,4,6,10,59
04/24/2021,SPI,IL,AGL,CE,Combined TRACON& Tower with Radar,0,10,9,0,19,0,0,2,0,2,0,10,11,0,21,10,3,13,34
04/25/2021,SPI,IL,AGL,CE,Combined TRACON& Tower with Radar,0,6,12,0,18,0,2,54,2,58,0,8,66,2,76,26,2,28,104
04/26/2021,SPI,IL,AGL,CE,Combined TRACON& Tower with Radar,2,14,8,4,28,0,0,15,0,15,2,14,23,4,43,0,2,2,45
04/27/2021,SPI,IL,AGL,CE,Combined TRACON& Tower with Radar,0,7,6,13,26,0,2,14,7,23,0,9,20,20,49,43,14,57,106
04/28/2021,SPI,IL,AGL,CE,Combined TRACON& Tower with Radar,0,9,4,6,19,0,0,6,0,6,0,9,10,6,25,0,0,0,25
04/29/2021,SPI,IL,AGL,CE,Combined TRACON& Tower with Radar,0,12,32,6,50,0,1,11,0,12,0,13,43,6,62,40,4,44,106
04/30/2021,SPI,IL,AGL,CE,Combined TRACON& Tower with Radar,2,8,15,16,41,0,3,45,2,50,2,11,60,18,91,10,26,36,127
05/01/2021,SPI,IL,AGL,CE,Combined TRACON& Tower with Radar,2,9,11,0,22,0,0,12,4,16,2,9,23,4,38,0,0,0,38
05/02/2021,SPI,IL,AGL,CE,Combined TRACON& Tower with Radar,0,7,8,0,15,0,3,16,0,19,0,10,24,0,34,14,6,20,54
05/03/2021,SPI,IL,AGL,CE,Combined TRACON& Tower with Radar,2,7,2,2,13,0,0,2,0,2,2,7,4,2,15,28,0,28,43
05/04/2021,SPI,IL,AGL,CE,Combined TRACON& Tower with Radar,0,6,6,5,17,0,0,1,0,1,0,6,7,5,18,12,4,16,34
05/05/2021,SPI,IL,AGL,CE,Combined TRACON& Tower with Radar,2,12,13,10,37,0,8,47,0,55,2,20,60,10,92,102,16,118,210
05/06/2021,SPI,IL,AGL,CE,Combined TRACON& Tower with Radar,0,8,18,4,30,0,1,18,0,19,0,9,36,4,49,40,4,44,93
05/07/2021,SPI,IL,AGL,CE,Combined TRACON& Tower with Radar,2,9,15,9,35,0,2,38,1,41,2,11,53,10,76,22,13,35,111
05/08/2021,SPI,IL,AGL,CE,Combined TRACON& Tower with Radar,0,7,6,0,13,0,3,33,0,36,0,10,39,0,49,52,7,59,108
05/09/2021,SPI,IL,AGL,CE,Combined TRACON& Tower with Radar,0,7,7,0,14,0,0,3,0,3,0,7,10,0,17,0,1,1,18
05/10/2021,SPI,IL,AGL,CE,Combined TRACON& Tower with Radar,2,10,26,20,58,0,4,43,4,51,2,14,69,24,109,62,16,78,187
05/11/2021,SPI,IL,AGL,CE,Combined TRACON& Tower with Radar,0,9,15,53,77,0,1,37,1,39,0,10,52,54,116,22,26,48,164
05/12/2021,SPI,IL,AGL,CE,Combined TRACON& Tower with Radar,0,11,12,25,48,0,2,40,1,43,0,13,52,26,91,68,22,90,181
05/13/2021,SPI,IL,AGL,CE,Combined TRACON& Tower with Radar,0,9,34,8,51,0,4,71,4,79,0,13,105,12,130,54,10,64,194
05/14/2021,SPI,IL,AGL,CE,Combined TRACON& Tower with Radar,2,8,28,18,56,0,3,47,0,50,2,11,75,18,106,42,17,59,165
05/15/2021,SPI,IL,AGL,CE,Combined TRACON& Tower with Radar,0,10,6,0,16,0,1,7,0,8,0,11,13,0,24,1,5,6,30
05/16/2021,SPI,IL,AGL,CE,Combined TRACON& Tower with Radar,0,4,15,0,19,0,1,10,0,11,0,5,25,0,30,32,7,39,69
05/17/2021,SPI,IL,AGL,CE,Combined TRACON& Tower with Radar,2,11,19,4,36,0,0,0,0,0,2,11,19,4,36,0,0,0,36
05/18/2021,SPI,IL,AGL,CE,Combined TRACON& Tower with Radar,0,7,9,0,16,0,0,0,0,0,0,7,9,0,16,0,1,1,17
05/19/2021,SPI,IL,AGL,CE,Combined TRACON& Tower with Radar,0,11,14,4,29,0,0,3,0,3,0,11,17,4,32,50,4,54,86
05/20/2021,SPI,IL,AGL,CE,Combined TRACON& Tower with Radar,0,8,12,14,34,0,3,27,0,30,0,11,39,14,64,4,29,33,97
05/21/2021,SPI,IL,AGL,CE,Combined TRACON& Tower with Radar,2,6,17,0,25,0,1,37,0,38,2,7,54,0,63,24,10,34,97
05/22/2021,SPI,IL,AGL,CE,Combined TRACON& Tower with Radar,0,6,10,0,16,0,1,21,0,22,0,7,31,0,38,116,7,123,161
05/23/2021,SPI,IL,AGL,CE,Combined TRACON& Tower with Radar,0,7,9,0,16,0,1,38,0,39,0,8,47,0,55,52,4,56,111
05/24/2021,SPI,IL,AGL,CE,Combined TRACON& Tower with Radar,2,9,8,6,25,0,5,39,0,44,2,14,47,6,69,59,18,77,146
05/25/2021,SPI,IL,AGL,CE,Combined TRACON& Tower with Radar,0,10,9,3,22,0,5,33,3,41,0,15,42,6,63,26,11,37,100
05/26/2021,SPI,IL,AGL,CE,Combined TRACON& Tower with Radar,2,11,11,2,26,0,1,39,1,41,2,12,50,3,67,20,3,23,90
05/27/2021,SPI,IL,AGL,CE,Combined TRACON& Tower with Radar,0,5,13,2,20,0,0,15,0,15,0,5,28,2,35,38,8,46,81
05/28/2021,SPI,IL,AGL,CE,Combined TRACON& Tower with Radar,0,5,16,0,21,0,0,0,0,0,0,5,16,0,21,0,0,0,21
05/29/2021,SPI,IL,AGL,CE,Combined TRACON& Tower with Radar,2,6,15,0,23,0,3,26,0,29,2,9,41,0,52,58,9,67,119
05/30/2021,SPI,IL,AGL,CE,Combined TRACON& Tower with Radar,0,6,12,0,18,0,2,36,0,38,0,8,48,0,56,44,7,51,107
05/31/2021,SPI,IL,AGL,CE,Combined TRACON& Tower with Radar,0,4,12,4,20,0,0,21,0,21,0,4,33,4,41,124,4,128,169
06/01/2021,SPI,IL,AGL,CE,Combined TRACON& Tower with Radar,0,10,16,22,48,0,4,32,10,46,0,14,48,32,94,45,32,77,171
06/02/2021,SPI,IL,AGL,CE,Combined TRACON& Tower with Radar,2,9,10,4,25,0,2,24,2,28,2,11,34,6,53,26,15,41,94
06/03/2021,SPI,IL,AGL,CE,Combined TRACON& Tower with Radar,0,5,9,12,26,0,0,39,6,45,0,5,48,18,71,54,33,87,158
06/04/2021,SPI,IL,AGL,CE,Combined TRACON& Tower with Radar,0,4,17,0,21,0,0,33,0,33,0,4,50,0,54,38,15,53,107
06/05/2021,SPI,IL,AGL,CE,Combined TRACON& Tower with Radar,2,6,4,0,12,0,0,44,0,44,2,6,48,0,56,18,3,21,77
06/06/2021,SPI,IL,AGL,CE,Combined TRACON& Tower with Radar,0,4,18,18,40,0,3,17,2,22,0,7,35,20,62,22,42,64,126
06/07/2021,SPI,IL,AGL,CE,Combined TRACON& Tower with Radar,0,8,9,27,44,0,2,1,0,3,0,10,10,27,47,12,36,48,95
06/08/2021,SPI,IL,AGL,CE,Combined TRACON& Tower with Radar,0,7,19,2,28,0,3,6,1,10,0,10,25,3,38,62,8,70,108
06/09/2021,SPI,IL,AGL,CE,Combined TRACON& Tower with Radar,2,8,15,10,35,0,1,5,2,8,2,9,20,12,43,0,24,24,67
06/10/2021,SPI,IL,AGL,CE,Combined TRACON& Tower with Radar,0,7,11,0,18,0,4,31,0,35,0,11,42,0,53,94,6,100,153
06/11/2021,SPI,IL,AGL,CE,Combined TRACON& Tower with Radar,0,13,16,2,31,0,2,42,2,46,0,15,58,4,77,54,5,59,136
06/12/2021,SPI,IL,AGL,CE,Combined TRACON& Tower with Radar,2,5,14,0,21,0,2,41,0,43,2,7,55,0,64,84,3,87,151
06/13/2021,SPI,IL,AGL,CE,Combined TRACON& Tower with Radar,0,6,16,0,22,0,0,53,0,53,0,6,69,0,75,2,3,5,80
06/14/2021,SPI,IL,AGL,CE,Combined TRACON& Tower with Radar,0,9,18,9,36,0,3,36,1,40,0,12,54,10,76,18,22,40,116
06/15/2021,SPI,IL,AGL,CE,Combined TRACON& Tower with Radar,0,10,22,0,32,0,5,54,5,64,0,15,76,5,96,70,3,73,169
06/16/2021,SPI,IL,AGL,CE,Combined TRACON& Tower with Radar,2,11,12,18,43,0,2,39,1,42,2,13,51,19,85,38,39,77,162
06/17/2021,SPI,IL,AGL,CE,Combined TRACON& Tower with Radar,0,4,14,8,26,0,5,54,0,59,0,9,68,8,85,62,20,82,167
06/18/2021,SPI,IL,AGL,CE,Combined TRACON& Tower with Radar,0,8,8,8,24,0,2,28,1,31,0,10,36,9,55,20,31,51,106
06/19/2021,SPI,IL,AGL,CE,Combined TRACON& Tower with Radar,3,8,13,0,24,0,0,5,2,7,3,8,18,2,31,0,1,1,32
06/20/2021,SPI,IL,AGL,CE,Combined TRACON& Tower with Radar,0,5,15,6,26,0,2,21,0,23,0,7,36,6,49,36,16,52,101
06/21/2021,SPI,IL,AGL,CE,Combined TRACON& Tower with Radar,0,5,22,4,31,0,4,11,0,15,0,9,33,4,46,16,3,19,65
06/22/2021,SPI,IL,AGL,CE,Combined TRACON& Tower with Radar,0,7,10,14,31,0,5,45,4,54,0,12,55,18,85,90,40,130,215
06/23/2021,SPI,IL,AGL,CE,Combined TRACON& Tower with Radar,2,8,15,21,46,0,1,38,4,43,2,9,53,25,89,4,26,30,119
06/24/2021,SPI,IL,AGL,CE,Combined TRACON& Tower with Radar,0,4,28,0,32,0,1,11,0,12,0,5,39,0,44,16,3,19,63
06/25/2021,SPI,IL,AGL,CE,Combined TRACON& Tower with Radar,0,6,8,4,18,0,0,2,0,2,0,6,10,4,20,40,2,42,62
06/26/2021,SPI,IL,AGL,CE,Combined TRACON& Tower with Radar,2,5,6,0,13,0,0,3,0,3,2,5,9,0,16,6,2,8,24
06/27/2021,SPI,IL,AGL,CE,Combined TRACON& Tower with Radar,0,3,8,0,11,0,0,4,0,4,0,3,12,0,15,0,1,1,16
06/28/2021,SPI,IL,AGL,CE,Combined TRACON& Tower with Radar,0,5,11,0,16,0,0,6,0,6,0,5,17,0,22,44,2,46,68
06/29/2021,SPI,IL,AGL,CE,Combined TRACON& Tower with Radar,0,5,8,12,25,0,0,20,8,28,0,5,28,20,53,48,18,66,119
06/30/2021,SPI,IL,AGL,CE,Combined TRACON& Tower with Radar,2,6,9,0,17,0,0,0,4,4,2,6,9,4,21,0,3,3,24
07/01/2021,SPI,IL,AGL,CE,Combined TRACON& Tower with Radar,0,7,13,3,23,0,1,9,2,12,0,8,22,5,35,78,5,83,118
07/02/2021,SPI,IL,AGL,CE,Combined TRACON& Tower with Radar,0,7,5,4,16,0,2,36,2,40,0,9,41,6,56,98,8,106,162
07/03/2021,SPI,IL,AGL,CE,Combined TRACON& Tower with Radar,2,9,4,10,25,0,6,48,0,54,2,15,52,10,79,46,6,52,131
07/04/2021,SPI,IL,AGL,CE,Combined TRACON& Tower with Radar,0,7,6,0,13,0,1,37,0,38,0,8,43,0,51,150,6,156,207
07/05/2021,SPI,IL,AGL,CE,Combined TRACON& Tower with Radar,0,8,16,0,24,0,0,38,0,38,0,8,54,0,62,102,1,103,165
07/06/2021,SPI,IL,AGL,CE,Combined TRACON& Tower with Radar,0,10,23,16,49,0,6,30,2,38,0,16,53,18,87,46,42,88,175
07/07/2021,SPI,IL,AGL,CE,Combined TRACON& Tower with Radar,4,10,14,22,50,0,0,25,5,30,4,10,39,27,80,36,35,71,151
07/08/2021,SPI,IL,AGL,CE,Combined TRACON& Tower with Radar,0,11,17,2,30,0,1,9,2,12,0,12,26,4,42,18,8,26,68
07/09/2021,SPI,IL,AGL,CE,Combined TRACON& Tower with Radar,0,18,12,6,36,0,16,17,0,33,0,34,29,6,69,67,9,76,145
07/10/2021,SPI,IL,AGL,CE,Combined TRACON& Tower with Radar,2,7,14,0,23,0,0,1,0,1,2,7,15,0,24,6,0,6,30
07/11/2021,SPI,IL,AGL,CE,Combined TRACON& Tower with Radar,2,8,10,0,20,0,2,1,1,4,2,10,11,1,24,0,5,5,29
07/12/2021,SPI,IL,AGL,CE,Combined TRACON& Tower with Radar,0,5,9,0,14,0,0,0,0,0,0,5,9,0,14,0,3,3,17
07/13/2021,SPI,IL,AGL,CE,Combined TRACON& Tower with Radar,0,12,23,0,35,0,1,18,0,19,0,13,41,0,54,10,7,17,71
07/14/2021,SPI,IL,AGL,CE,Combined TRACON& Tower with Radar,2,18,13,10,43,0,9,52,0,61,2,27,65,10,104,34,20,54,158
07/15/2021,SPI,IL,AGL,CE,Combined TRACON& Tower with Radar,0,8,11,1,20,0,2,20,1,23,0,10,31,2,43,24,9,33,76
07/16/2021,SPI,IL,AGL,CE,Combined TRACON& Tower with Radar,0,7,21,2,30,0,0,4,0,4,0,7,25,2,34,0,6,6,40
07/17/2021,SPI,IL,AGL,CE,Combined TRACON& Tower with Radar,2,8,17,0,27,0,0,25,0,25,2,8,42,0,52,60,1,61,113
07/18/2021,SPI,IL,AGL,CE,Combined TRACON& Tower with Radar,0,9,17,0,26,0,1,16,0,17,0,10,33,0,43,60,6,66,109
07/19/2021,SPI,IL,AGL,CE,Combined TRACON& Tower with Radar,0,8,21,22,51,0,3,31,4,38,0,11,52,26,89,52,48,100,189
07/20/2021,SPI,IL,AGL,CE,Combined TRACON& Tower with Radar,0,15,9,8,32,0,4,52,0,56,0,19,61,8,88,58,4,62,150
07/21/2021,SPI,IL,AGL,CE,Combined TRACON& Tower with Radar,2,11,10,16,39,0,0,33,2,35,2,11,43,18,74,44,41,85,159
07/22/2021,SPI,IL,AGL,CE,Combined TRACON& Tower with Radar,0,17,17,5,39,0,1,32,1,34,0,18,49,6,73,4,7,11,84
07/23/2021,SPI,IL,AGL,CE,Combined TRACON& Tower with Radar,0,7,10,2,19,0,1,24,6,31,0,8,34,8,50,59,4,63,113
07/24/2021,SPI,IL,AGL,CE,Combined TRACON& Tower with Radar,2,6,9,14,31,0,1,20,2,23,2,7,29,16,54,24,5,29,83
07/25/2021,SPI,IL,AGL,CE,Combined TRACON& Tower with Radar,0,6,22,0,28,0,1,25,6,32,0,7,47,6,60,10,8,18,78
07/26/2021,SPI,IL,AGL,CE,Combined TRACON& Tower with Radar,0,12,12,26,50,0,4,27,10,41,0,16,39,36,91,26,51,77,168
07/27/2021,SPI,IL,AGL,CE,Combined TRACON& Tower with Radar,0,11,8,2,21,0,0,35,2,37,0,11,43,4,58,10,4,14,72
07/28/2021,SPI,IL,AGL,CE,Combined TRACON& Tower with Radar,2,13,19,47,81,0,2,25,5,32,2,15,44,52,113,22,63,85,198
07/29/2021,SPI,IL,AGL,CE,Combined TRACON& Tower with Radar,0,12,9,0,21,0,1,26,0,27,0,13,35,0,48,36,2,38,86
07/30/2021,SPI,IL,AGL,CE,Combined TRACON& Tower with Radar,0,6,12,4,22,0,4,51,0,55,0,10,63,4,77,0,0,0,77
07/31/2021,SPI,IL,AGL,CE,Combined TRACON& Tower with Radar,2,6,8,0,16,0,0,4,0,4,2,6,12,0,20,11,19,30,50
08/01/2021,SPI,IL,AGL,CE,Combined TRACON& Tower with Radar,0,11,16,0,27,0,0,20,0,20,0,11,36,0,47,22,0,22,69
08/02/2021,SPI,IL,AGL,CE,Combined TRACON& Tower with Radar,0,6,12,0,18,0,0,49,0,49,0,6,61,0,67,26,0,26,93
08/03/2021,SPI,IL,AGL,CE,Combined TRACON& Tower with Radar,1,8,14,1,24,0,0,41,3,44,1,8,55,4,68,62,0,62,130
08/04/2021,SPI,IL,AGL,CE,Combined TRACON& Tower with Radar,2,8,6,18,34,0,2,40,2,44,2,10,46,20,78,36,25,61,139
08/05/2021,SPI,IL,AGL,CE,Combined TRACON& Tower with Radar,0,8,5,15,28,0,0,34,5,39,0,8,39,20,67,16,10,26,93
08/06/2021,SPI,IL,AGL,CE,Combined TRACON& Tower with Radar,0,6,15,7,28,0,3,22,0,25,0,9,37,7,53,38,9,47,100
08/07/2021,SPI,IL,AGL,CE,Combined TRACON& Tower with Radar,4,9,8,9,30,0,3,15,0,18,4,12,23,9,48,8,19,27,75
08/08/2021,SPI,IL,AGL,CE,Combined TRACON& Tower with Radar,0,8,14,0,22,0,0,30,2,32,0,8,44,2,54,101,1,102,156
08/09/2021,SPI,IL,AGL,CE,Combined TRACON& Tower with Radar,0,6,10,24,40,0,1,9,0,10,0,7,19,24,50,4,6,10,60
08/10/2021,SPI,IL,AGL,CE,Combined TRACON& Tower with Radar,0,12,3,4,19,0,0,14,9,23,0,12,17,13,42,0,2,2,44
08/11/2021,SPI,IL,AGL,CE,Combined TRACON& Tower with Radar,2,11,14,30,57,0,0,19,1,20,2,11,33,31,77,6,25,31,108
08/12/2021,SPI,IL,AGL,CE,Combined TRACON& Tower with Radar,0,11,16,0,27,0,0,14,2,16,0,11,30,2,43,4,1,5,48
08/13/2021,SPI,IL,AGL,CE,Combined TRACON& Tower with Radar,0,15,23,22,60,0,1,36,2,39,0,16,59,24,99,38,18,56,155
08/14/2021,SPI,IL,AGL,CE,Combined TRACON& Tower with Radar,2,9,16,0,27,0,0,69,1,70,2,9,85,1,97,30,7,37,134
08/15/2021,SPI,IL,AGL,CE,Combined TRACON& Tower with Radar,0,11,21,0,32,0,1,49,1,51,0,12,70,1,83,22,6,28,111
08/16/2021,SPI,IL,AGL,CE,Combined TRACON& Tower with Radar,0,8,14,19,41,0,2,29,6,37,0,10,43,25,78,88,15,103,181
08/17/2021,SPI,IL,AGL,CE,Combined TRACON& Tower with Radar,0,10,8,14,32,0,0,15,0,15,0,10,23,14,47,18,3,21,68
08/18/2021,SPI,IL,AGL,CE,Combined TRACON& Tower with Radar,0,4,9,3,16,0,4,15,1,20,0,8,24,4,36,24,10,34,70
08/19/2021,SPI,IL,AGL,CE,Combined TRACON& Tower with Radar,2,8,13,11,34,0,4,11,3,18,2,12,24,14,52,48,12,60,112
08/20/2021,SPI,IL,AGL,CE,Combined TRACON& Tower with Radar,0,8,10,16,34,0,1,36,0,37,0,9,46,16,71,190,12,202,273
08/21/2021,SPI,IL,AGL,CE,Combined TRACON& Tower with Radar,0,6,11,0,17,0,0,7,0,7,0,6,18,0,24,18,1,19,43
08/22/2021,SPI,IL,AGL,CE,Combined TRACON& Tower with Radar,2,7,9,0,18,0,1,33,0,34,2,8,42,0,52,54,5,59,111
08/23/2021,SPI,IL,AGL,CE,Combined TRACON& Tower with Radar,2,9,12,2,25,0,0,7,0,7,2,9,19,2,32,34,2,36,68
08/24/2021,SPI,IL,AGL,CE,Combined TRACON& Tower with Radar,0,12,13,0,25,0,7,18,0,25,0,19,31,0,50,12,6,18,68
08/25/2021,SPI,IL,AGL,CE,Combined TRACON& Tower with Radar,0,7,12,8,27,0,1,29,0,30,0,8,41,8,57,30,16,46,103
08/26/2021,SPI,IL,AGL,CE,Combined TRACON& Tower with Radar,2,12,14,12,40,0,2,19,5,26,2,14,33,17,66,40,4,44,110
08/27/2021,SPI,IL,AGL,CE,Combined TRACON& Tower with Radar,0,9,10,8,27,0,0,22,1,23,0,9,32,9,50,44,16,60,110
08/28/2021,SPI,IL,AGL,CE,Combined TRACON& Tower with Radar,0,7,11,0,18,0,2,31,2,35,0,9,42,2,53,14,3,17,70
08/29/2021,SPI,IL,AGL,CE,Combined TRACON& Tower with Radar,2,7,10,0,19,0,0,22,1,23,2,7,32,1,42,20,1,21,63
08/30/2021,SPI,IL,AGL,CE,Combined TRACON& Tower with Radar,2,4,9,10,25,0,3,5,0,8,2,7,14,10,33,0,7,7,40
08/31/2021,SPI,IL,AGL,CE,Combined TRACON& Tower with Radar,0,5,18,12,35,0,1,3,0,4,0,6,21,12,39,10,2,12,51
09/01/2021,SPI,IL,AGL,CE,Combined TRACON& Tower with Radar,0,7,17,0,24,0,0,30,0,30,0,7,47,0,54,52,2,54,108
09/02/2021,SPI,IL,AGL,CE,Combined TRACON& Tower with Radar,2,15,11,20,48,0,2,47,1,50,2,17,58,21,98,148,29,177,275
09/03/2021,SPI,IL,AGL,CE,Combined TRACON& Tower with Radar,1,11,7,0,19,0,2,18,0,20,1,13,25,0,39,68,5,73,112
09/04/2021,SPI,IL,AGL,CE,Combined TRACON& Tower with Radar,0,9,11,0,20,0,0,1,0,1,0,9,12,0,21,0,1,1,22
09/05/2021,SPI,IL,AGL,CE,Combined TRACON& Tower with Radar,2,9,10,0,21,0,3,40,0,43,2,12,50,0,64,42,7,49,113
09/06/2021,SPI,IL,AGL,CE,Combined TRACON& Tower with Radar,0,6,5,0,11,0,0,39,1,40,0,6,44,1,51,52,8,60,111
09/07/2021,SPI,IL,AGL,CE,Combined TRACON& Tower with Radar,0,11,23,0,34,0,3,29,2,34,0,14,52,2,68,20,6,26,94
09/08/2021,SPI,IL,AGL,CE,Combined TRACON& Tower with Radar,0,8,10,19,37,0,1,21,15,37,0,9,31,34,74,54,20,74,148
09/09/2021,SPI,IL,AGL,CE,Combined TRACON& Tower with Radar,2,10,13,4,29,0,6,40,3,49,2,16,53,7,78,70,6,76,154
09/10/2021,SPI,IL,AGL,CE,Combined TRACON& Tower with Radar,0,10,14,18,42,0,2,29,9,40,0,12,43,27,82,20,0,20,102
09/11/2021,SPI,IL,AGL,CE,Combined TRACON& Tower with Radar,0,7,11,2,20,0,4,35,0,39,0,11,46,2,59,10,5,15,74
09/12/2021,SPI,IL,AGL,CE,Combined TRACON& Tower with Radar,2,8,9,0,19,0,1,17,0,18,2,9,26,0,37,10,8,18,55
09/13/2021,SPI,IL,AGL,CE,Combined TRACON& Tower with Radar,0,8,15,10,33,0,0,14,0,14,0,8,29,10,47,38,3,41,88
09/14/2021,SPI,IL,AGL,CE,Combined TRACON& Tower with Radar,0,9,7,9,25,0,2,10,3,15,0,11,17,12,40,38,15,53,93
09/15/2021,SPI,IL,AGL,CE,Combined TRACON& Tower with Radar,0,10,15,14,39,0,1,15,1,17,0,11,30,15,56,90,29,119,175
09/16/2021,SPI,IL,AGL,CE,Combined TRACON& Tower with Radar,2,17,21,0,40,0,2,17,2,21,2,19,38,2,61,14,2,16,77
09/17/2021,SPI,IL,AGL,CE,Combined TRACON& Tower with Radar,0,10,16,2,28,0,2,32,0,34,0,12,48,2,62,12,9,21,83
09/18/2021,SPI,IL,AGL,CE,Combined TRACON& Tower with Radar,0,8,12,0,20,0,0,18,0,18,0,8,30,0,38,14,6,20,58
09/19/2021,SPI,IL,AGL,CE,Combined TRACON& Tower with Radar,2,7,17,2,28,0,1,7,0,8,2,8,24,2,36,8,10,18,54
09/20/2021,SPI,IL,AGL,CE,Combined TRACON& Tower with Radar,2,4,16,6,28,0,0,4,2,6,2,4,20,8,34,16,4,20,54
09/21/2021,SPI,IL,AGL,CE,Combined TRACON& Tower with Radar,0,11,11,2,24,0,2,6,0,8,0,13,17,2,32,16,2,18,50
09/22/2021,SPI,IL,AGL,CE,Combined TRACON& Tower with Radar,0,13,19,9,41,0,5,6,5,16,0,18,25,14,57,38,2,40,97
09/23/2021,SPI,IL,AGL,CE,Combined TRACON& Tower with Radar,2,6,12,1,21,0,0,42,1,43,2,6,54,2,64,108,6,114,178
09/24/2021,SPI,IL,AGL,CE,Combined TRACON& Tower with Radar,0,16,18,0,34,0,5,27,0,32,0,21,45,0,66,12,7,19,85
09/25/2021,SPI,IL,AGL,CE,Combined TRACON& Tower with Radar,0,7,12,2,21,0,0,23,0,23,0,7,35,2,44,12,5,17,61
09/26/2021,SPI,IL,AGL,CE,Combined TRACON& Tower with Radar,2,11,9,0,22,0,4,15,0,19,2,15,24,0,41,8,10,18,59
09/27/2021,SPI,IL,AGL,CE,Combined TRACON& Tower with Radar,0,12,20,0,32,0,4,3,0,7,0,16,23,0,39,0,6,6,45
09/28/2021,SPI,IL,AGL,CE,Combined TRACON& Tower with Radar,0,11,20,3,34,0,1,22,1,24,0,12,42,4,58,54,1,55,113
09/29/2021,SPI,IL,AGL,CE,Combined TRACON& Tower with Radar,0,7,10,10,27,0,6,24,4,34,0,13,34,14,61,32,34,66,127
09/30/2021,SPI,IL,AGL,CE,Combined TRACON& Tower with Radar,4,8,7,27,46,0,4,15,6,25,4,12,22,33,71,20,35,55,126
10/01/2021,SPI,IL,AGL,CE,Combined TRACON& Tower with Radar,0,8,6,20,34,0,3,10,2,15,0,11,16,22,49,62,20,82,131
10/02/2021,SPI,IL,AGL,CE,Combined TRACON& Tower with Radar,0,11,10,0,21,0,1,2,0,3,0,12,12,0,24,46,1,47,71
10/03/2021,SPI,IL,AGL,CE,Combined TRACON& Tower with Radar,2,6,9,0,17,0,0,5,0,5,2,6,14,0,22,14,1,15,37
10/04/2021,SPI,IL,AGL,CE,Combined TRACON& Tower with Radar,0,10,13,4,27,0,2,8,1,11,0,12,21,5,38,2,16,18,56
10/05/2021,SPI,IL,AGL,CE,Combined TRACON& Tower with Radar,0,10,42,0,52,0,0,15,0,15,0,10,57,0,67,12,2,14,81
10/06/2021,SPI,IL,AGL,CE,Combined TRACON& Tower with Radar,2,6,17,18,43,0,0,4,0,4,2,6,21,18,47,18,27,45,92
10/07/2021,SPI,IL,AGL,CE,Combined TRACON& Tower with Radar,0,8,13,16,37,0,0,4,2,6,0,8,17,18,43,12,27,39,82
10/08/2021,SPI,IL,AGL,CE,Combined TRACON& Tower with Radar,0,9,14,8,31,0,8,30,2,40,0,17,44,10,71,70,39,109,180
10/09/2021,SPI,IL,AGL,CE,Combined TRACON& Tower with Radar,2,8,11,0,21,0,0,28,0,28,2,8,39,0,49,48,2,50,99
10/10/2021,SPI,IL,AGL,CE,Combined TRACON& Tower with Radar,0,9,7,0,16,0,2,18,1,21,0,11,25,1,37,2,10,12,49
10/11/2021,SPI,IL,AGL,CE,Combined TRACON& Tower with Radar,0,10,9,0,19,0,0,0,0,0,0,10,9,0,19,0,2,2,21
10/12/2021,SPI,IL,AGL,CE,Combined TRACON& Tower with Radar,0,10,16,12,38,0,2,39,1,42,0,12,55,13,80,54,29,83,163
10/13/2021,SPI,IL,AGL,CE,Combined TRACON& Tower with Radar,2,6,5,1,14,0,1,7,1,9,2,7,12,2,23,18,4,22,45
10/14/2021,SPI,IL,AGL,CE,Combined TRACON& Tower with Radar,0,10,9,2,21,0,0,9,0,9,0,10,18,2,30,20,5,25,55
10/15/2021,SPI,IL,AGL,CE,Combined TRACON& Tower with Radar,2,10,13,6,31,0,0,7,0,7,2,10,20,6,38,6,5,11,49
10/16/2021,SPI,IL,AGL,CE,Combined TRACON& Tower with Radar,2,9,9,0,20,0,6,23,0,29,2,15,32,0,49,14,4,18,67
10/17/2021,SPI,IL,AGL,CE,Combined TRACON& Tower with Radar,0,9,14,0,23,0,1,44,0,45,0,10,58,0,68,34,9,43,111
10/18/2021,SPI,IL,AGL,CE,Combined TRACON& Tower with Radar,4,10,14,6,34,0,2,27,2,31,4,12,41,8,65,32,2,34,99
10/19/2021,SPI,IL,AGL,CE,Combined TRACON& Tower with Radar,0,9,4,2,15,0,5,28,5,38,0,14,32,7,53,0,0,0,53
10/20/2021,SPI,IL,AGL,CE,Combined TRACON& Tower with Radar,2,8,6,5,21,0,3,10,3,16,2,11,16,8,37,0,12,12,49
10/21/2021,SPI,IL,AGL,CE,Combined TRACON& Tower with Radar,0,7,9,8,24,0,0,4,0,4,0,7,13,8,28,0,2,2,30
10/22/2021,SPI,IL,AGL,CE,Combined TRACON& Tower with Radar,0,12,9,2,23,0,1,11,4,16,0,13,20,6,39,32,7,39,78
10/23/2021,SPI,IL,AGL,CE,Combined TRACON& Tower with Radar,2,6,9,0,17,0,2,22,0,24,2,8,31,0,41,30,8,38,79
10/24/2021,SPI,IL,AGL,CE,Combined TRACON& Tower with Radar,0,12,3,2,17,0,0,0,0,0,0,12,3,2,17,0,0,0,17
10/25/2021,SPI,IL,AGL,CE,Combined TRACON& Tower with Radar,0,10,7,0,17,0,1,2,0,3,0,11,9,0,20,0,5,5,25
10/26/2021,SPI,IL,AGL,CE,Combined TRACON& Tower with Radar,0,22,5,32,59,0,0,24,2,26,0,22,29,34,85,42,32,74,159
10/27/2021,SPI,IL,AGL,CE,Combined TRACON& Tower with Radar,2,10,10,21,43,0,6,9,1,16,2,16,19,22,59,34,13,47,106
10/28/2021,SPI,IL,AGL,CE,Combined TRACON& Tower with Radar,0,8,12,0,20,0,0,0,0,0,0,8,12,0,20,0,0,0,20
10/29/2021,SPI,IL,AGL,CE,Combined TRACON& Tower with Radar,0,7,13,1,21,0,0,0,0,0,0,7,13,1,21,0,0,0,21
10/30/2021,SPI,IL,AGL,CE,Combined TRACON& Tower with Radar,2,9,7,1,19,0,2,7,0,9,2,11,14,1,28,10,4,14,42
10/31/2021,SPI,IL,AGL,CE,Combined TRACON& Tower with Radar,0,8,22,0,30,0,1,11,1,13,0,9,33,1,43,10,4,14,57
11/01/2021,SPI,IL,AGL,CE,Combined TRACON& Tower with Radar,0,12,6,0,18,0,4,16,3,23,0,16,22,3,41,18,6,24,65
11/02/2021,SPI,IL,AGL,CE,Combined TRACON& Tower with Radar,0,10,11,3,24,0,0,9,8,17,0,10,20,11,41,54,4,58,99
11/03/2021,SPI,IL,AGL,CE,Combined TRACON& Tower with Radar,2,7,11,35,55,0,1,18,3,22,2,8,29,38,77,64,74,138,215
11/04/2021,SPI,IL,AGL,CE,Combined TRACON& Tower with Radar,0,17,14,2,33,0,3,18,7,28,0,20,32,9,61,14,4,18,79
11/05/2021,SPI,IL,AGL,CE,Combined TRACON& Tower with Radar,0,11,18,0,29,0,2,25,0,27,0,13,43,0,56,18,2,20,76
11/06/2021,SPI,IL,AGL,CE,Combined TRACON& Tower with Radar,2,14,9,0,25,0,1,36,0,37,2,15,45,0,62,4,4,8,70
11/07/2021,SPI,IL,AGL,CE,Combined TRACON& Tower with Radar,0,10,14,2,26,0,2,35,2,39,0,12,49,4,65,110,12,122,187
11/08/2021,SPI,IL,AGL,CE,Combined TRACON& Tower with Radar,0,10,11,4,25,0,0,20,4,24,0,10,31,8,49,30,0,30,79
11/09/2021,SPI,IL,AGL,CE,Combined TRACON& Tower with Radar,0,14,16,0,30,0,1,18,0,19,0,15,34,0,49,30,7,37,86
11/10/2021,SPI,IL,AGL,CE,Combined TRACON& Tower with Radar,2,19,5,10,36,0,9,6,0,15,2,28,11,10,51,0,31,31,82
11/11/2021,SPI,IL,AGL,CE,Combined TRACON& Tower with Radar,0,7,12,0,19,0,2,2,0,4,0,9,14,0,23,4,9,13,36
11/12/2021,SPI,IL,AGL,CE,Combined TRACON& Tower with Radar,2,9,8,1,20,0,1,9,1,11,2,10,17,2,31,2,3,5,36
11/13/2021,SPI,IL,AGL,CE,Combined TRACON& Tower with Radar,2,7,3,0,12,0,2,3,0,5,2,9,6,0,17,30,6,36,53
11/14/2021,SPI,IL,AGL,CE,Combined TRACON& Tower with Radar,0,9,8,0,17,0,3,0,0,3,0,12,8,0,20,2,4,6,26
11/15/2021,SPI,IL,AGL,CE,Combined TRACON& Tower with Radar,0,15,13,2,30,0,2,9,0,11,0,17,22,2,41,8,6,14,55
11/16/2021,SPI,IL,AGL,CE,Combined TRACON& Tower with Radar,2,10,23,16,51,0,2,21,3,26,2,12,44,19,77,96,21,117,194
11/17/2021,SPI,IL,AGL,CE,Combined TRACON& Tower with Radar,2,7,16,12,37,0,0,3,0,3,2,7,19,12,40,0,2,2,42
11/18/2021,SPI,IL,AGL,CE,Combined TRACON& Tower with Radar,2,7,11,10,30,0,1,10,0,11,2,8,21,10,41,0,12,12,53
11/19/2021,SPI,IL,AGL,CE,Combined TRACON& Tower with Radar,0,15,8,45,68,0,5,28,2,35,0,20,36,47,103,14,35,49,152
11/20/2021,SPI,IL,AGL,CE,Combined TRACON& Tower with Radar,4,10,7,0,21,0,5,19,0,24,4,15,26,0,45,20,6,26,71
11/21/2021,SPI,IL,AGL,CE,Combined TRACON& Tower with Radar,2,11,8,0,21,0,1,13,2,16,2,12,21,2,37,2,3,5,42
11/22/2021,SPI,IL,AGL,CE,Combined TRACON& Tower with Radar,0,12,9,14,35,0,1,19,1,21,0,13,28,15,56,6,27,33,89
11/23/2021,SPI,IL,AGL,CE,Combined TRACON& Tower with Radar,4,8,10,0,22,0,2,20,2,24,4,10,30,2,46,8,10,18,64
11/24/2021,SPI,IL,AGL,CE,Combined TRACON& Tower with Radar,0,7,8,4,19,0,3,4,0,7,0,10,12,4,26,2,5,7,33
11/25/2021,SPI,IL,AGL,CE,Combined TRACON& Tower with Radar,0,4,0,0,4,0,7,2,0,9,0,11,2,0,13,0,14,14,27
11/26/2021,SPI,IL,AGL,CE,Combined TRACON& Tower with Radar,0,5,4,0,9,0,2,17,0,19,0,7,21,0,28,22,4,26,54
11/27/2021,SPI,IL,AGL,CE,Combined TRACON& Tower with Radar,2,7,8,0,17,0,1,11,0,12,2,8,19,0,29,14,7,21,50
11/28/2021,SPI,IL,AGL,CE,Combined TRACON& Tower with Radar,1,7,17,0,25,0,1,11,0,12,1,8,28,0,37,0,5,5,42
11/29/2021,SPI,IL,AGL,CE,Combined TRACON& Tower with Radar,2,8,14,18,42,0,5,9,0,14,2,13,23,18,56,6,23,29,85
11/30/2021,SPI,IL,AGL,CE,Combined TRACON& Tower with Radar,0,9,16,0,25,0,5,18,14,37,0,14,34,14,62,36,5,41,103
12/01/2021,SPI,IL,AGL,CE,Combined TRACON& Tower with Radar,2,9,5,12,28,0,0,12,0,12,2,9,17,12,40,7,14,21,61
12/02/2021,SPI,IL,AGL,CE,Combined TRACON& Tower with Radar,2,10,5,0,17,0,0,15,3,18,2,10,20,3,35,36,0,36,71
12/03/2021,SPI,IL,AGL,CE,Combined TRACON& Tower with Radar,0,11,7,4,22,0,2,23,4,29,0,13,30,8,51,16,13,29,80
12/04/2021,SPI,IL,AGL,CE,Combined TRACON& Tower with Radar,2,8,10,0,20,0,0,31,0,31,2,8,41,0,51,16,3,19,70
12/05/2021,SPI,IL,AGL,CE,Combined TRACON& Tower with Radar,2,10,2,2,16,0,1,2,0,3,2,11,4,2,19,0,0,0,19
12/06/2021,SPI,IL,AGL,CE,Combined TRACON& Tower with Radar,0,9,4,12,25,0,2,2,2,6,0,11,6,14,31,0,15,15,46
12/07/2021,SPI,IL,AGL,CE,Combined TRACON& Tower with Radar,0,7,16,13,36,0,0,7,3,10,0,7,23,16,46,2,19,21,67
12/08/2021,SPI,IL,AGL,CE,Combined TRACON& Tower with Radar,2,8,22,2,34,0,3,18,6,27,2,11,40,8,61,13,1,14,75
12/09/2021,SPI,IL,AGL,CE,Combined TRACON& Tower with Radar,1,8,6,0,15,0,3,7,0,10,1,11,13,0,25,6,2,8,33
12/10/2021,SPI,IL,AGL,CE,Combined TRACON& Tower with Radar,0,12,11,0,23,0,0,0,0,0,0,12,11,0,23,0,0,0,23
12/11/2021,SPI,IL,AGL,CE,Combined TRACON& Tower with Radar,2,8,7,1,18,0,0,1,3,4,2,8,8,4,22,6,1,7,29
12/12/2021,SPI,IL,AGL,CE,Combined TRACON& Tower with Radar,2,9,14,0,25,0,4,20,0,24,2,13,34,0,49,30,5,35,84
12/13/2021,SPI,IL,AGL,CE,Combined TRACON& Tower with Radar,0,7,17,16,40,0,0,20,1,21,0,7,37,17,61,28,25,53,114
12/14/2021,SPI,IL,AGL,CE,Combined TRACON& Tower with Radar,0,7,17,5,29,0,5,10,3,18,0,12,27,8,47,18,7,25,72
12/15/2021,SPI,IL,AGL,CE,Combined TRACON& Tower with Radar,2,6,7,0,15,0,0,3,0,3,2,6,10,0,18,0,2,2,20
12/16/2021,SPI,IL,AGL,CE,Combined TRACON& Tower with Radar,0,6,11,13,30,0,2,10,6,18,0,8,21,19,48,8,30,38,86
12/17/2021,SPI,IL,AGL,CE,Combined TRACON& Tower with Radar,2,9,15,3,29,0,1,18,0,19,2,10,33,3,48,16,1,17,65
12/18/2021,SPI,IL,AGL,CE,Combined TRACON& Tower with Radar,2,7,4,0,13,0,1,1,0,2,2,8,5,0,15,26,4,30,45
12/19/2021,SPI,IL,AGL,CE,Combined TRACON& Tower with Radar,0,11,12,0,23,0,2,31,0,33,0,13,43,0,56,18,4,22,78
12/20/2021,SPI,IL,AGL,CE,Combined TRACON& Tower with Radar,2,7,15,0,24,0,4,20,0,24,2,11,35,0,48,24,8,32,80
12/21/2021,SPI,IL,AGL,CE,Combined TRACON& Tower with Radar,0,7,4,10,21,0,0,7,4,11,0,7,11,14,32,4,32,36,68
12/22/2021,SPI,IL,AGL,CE,Combined TRACON& Tower with Radar,4,8,13,0,25,0,2,26,1,29,4,10,39,1,54,46,9,55,109
12/23/2021,SPI,IL,AGL,CE,Combined TRACON& Tower with Radar,0,8,7,4,19,0,0,12,0,12,0,8,19,4,31,30,3,33,64
12/24/2021,SPI,IL,AGL,CE,Combined TRACON& Tower with Radar,2,8,2,0,12,0,4,3,0,7,2,12,5,0,19,22,6,28,47
12/25/2021,SPI,IL,AGL,CE,Combined TRACON& Tower with Radar,2,7,2,0,11,0,0,0,0,0,2,7,2,0,11,0,1,1,12
12/26/2021,SPI,IL,AGL,CE,Combined TRACON& Tower with Radar,0,8,15,0,23,0,0,0,0,0,0,8,15,0,23,0,1,1,24
12/27/2021,SPI,IL,AGL,CE,Combined TRACON& Tower with Radar,0,7,12,0,19,0,1,7,0,8,0,8,19,0,27,24,5,29,56
12/28/2021,SPI,IL,AGL,CE,Combined TRACON& Tower with Radar,0,9,5,0,14,0,0,0,0,0,0,9,5,0,14,0,0,0,14
12/29/2021,SPI,IL,AGL,CE,Combined TRACON& Tower with Radar,4,8,11,0,23,0,0,6,0,6,4,8,17,0,29,17,0,17,46
12/30/2021,SPI,IL,AGL,CE,Combined TRACON& Tower with Radar,0,7,7,0,14,0,0,0,0,0,0,7,7,0,14,0,0,0,14
12/31/2021,SPI,IL,AGL,CE,Combined TRACON& Tower with Radar,0,7,5,0,12,0,0,6,1,7,0,7,11,1,19,12,0,12,31
01/01/2022,SPI,IL,AGL,CE,Combined TRACON& Tower with Radar,0,4,2,0,6,0,0,0,0,0,0,4,2,0,6,0,0,0,6
01/02/2022,SPI,IL,AGL,CE,Combined TRACON& Tower with Radar,0,6,9,0,15,0,0,2,0,2,0,6,11,0,17,0,0,0,17
01/03/2022,SPI,IL,AGL,CE,Combined TRACON& Tower with Radar,2,12,14,0,28,0,0,9,1,10,2,12,23,1,38,8,3,11,49
01/04/2022,SPI,IL,AGL,CE,Combined TRACON& Tower with Radar,0,12,9,0,21,0,4,10,7,21,0,16,19,7,42,0,1,1,43
01/05/2022,SPI,IL,AGL,CE,Combined TRACON& Tower with Radar,2,8,13,0,23,0,1,2,0,3,2,9,15,0,26,0,9,9,35
01/06/2022,SPI,IL,AGL,CE,Combined TRACON& Tower with Radar,2,7,9,0,18,0,0,13,1,14,2,7,22,1,32,0,5,5,37
01/07/2022,SPI,IL,AGL,CE,Combined TRACON& Tower with Radar,0,7,5,4,16,0,4,13,3,20,0,11,18,7,36,12,44,56,92
01/08/2022,SPI,IL,AGL,CE,Combined TRACON& Tower with Radar,2,5,3,0,10,0,0,0,0,0,2,5,3,0,10,0,1,1,11
01/09/2022,SPI,IL,AGL,CE,Combined TRACON& Tower with Radar,2,5,10,0,17,0,2,5,0,7,2,7,15,0,24,0,7,7,31
01/10/2022,SPI,IL,AGL,CE,Combined TRACON& Tower with Radar,0,10,16,4,30,0,3,7,0,10,0,13,23,4,40,7,6,13,53
01/11/2022,SPI,IL,AGL,CE,Combined TRACON& Tower with Radar,0,7,14,4,25,0,1,5,4,10,0,8,19,8,35,0,8,8,43
01/12/2022,SPI,IL,AGL,CE,Combined TRACON& Tower with Radar,2,14,6,17,39,0,1,17,1,19,2,15,23,18,58,0,22,22,80
01/13/2022,SPI,IL,AGL,CE,Combined TRACON& Tower with Radar,2,7,7,6,22,0,3,15,11,29,2,10,22,17,51,14,21,35,86
01/14/2022,SPI,IL,AGL,CE,Combined TRACON& Tower with Radar,0,6,3,0,9,0,0,0,0,0,0,6,3,0,9,0,0,0,9
01/15/2022,SPI,IL,AGL,CE,Combined TRACON& Tower with Radar,2,5,11,0,18,0,0,6,0,6,2,5,17,0,24,0,2,2,26
01/16/2022,SPI,IL,AGL,CE,Combined TRACON& Tower with Radar,0,12,15,0,27,0,1,25,0,26,0,13,40,0,53,36,8,44,97
01/17/2022,SPI,IL,AGL,CE,Combined TRACON& Tower with Radar,0,7,6,0,13,0,0,2,0,2,0,7,8,0,15,0,1,1,16
01/18/2022,SPI,IL,AGL,CE,Combined TRACON& Tower with Radar,0,9,4,23,36,0,3,6,0,9,0,12,10,23,45,6,17,23,68
01/19/2022,SPI,IL,AGL,CE,Combined TRACON& Tower with Radar,2,7,3,2,14,0,0,9,6,15,2,7,12,8,29,0,4,4,33
01/20/2022,SPI,IL,AGL,CE,Combined TRACON& Tower with Radar,2,11,9,6,28,0,1,10,3,14,2,12,19,9,42,34,7,41,83
01/21/2022,SPI,IL,AGL,CE,Combined TRACON& Tower with Radar,0,11,17,2,30,0,0,23,2,25,0,11,40,4,55,20,6,26,81
01/22/2022,SPI,IL,AGL,CE,Combined TRACON& Tower with Radar,2,8,9,0,19,0,1,13,0,14,2,9,22,0,33,13,6,19,52
01/23/2022,SPI,IL,AGL,CE,Combined TRACON& Tower with Radar,2,8,7,0,17,0,1,8,0,9,2,9,15,0,26,42,4,46,72
01/24/2022,SPI,IL,AGL,CE,Combined TRACON& Tower with Radar,0,7,13,0,20,0,2,2,0,4,0,9,15,0,24,6,0,6,30
01/25/2022,SPI,IL,AGL,CE,Combined TRACON& Tower with Radar,2,7,8,2,19,0,2,9,6,17,2,9,17,8,36,7,0,7,43
01/26/2022,SPI,IL,AGL,CE,Combined TRACON& Tower with Radar,2,9,8,2,21,0,0,14,2,16,2,9,22,4,37,36,3,39,76
01/27/2022,SPI,IL,AGL,CE,Combined TRACON& Tower with Radar,2,7,6,17,32,0,0,4,6,10,2,7,10,23,42,24,11,35,77
01/28/2022,SPI,IL,AGL,CE,Combined TRACON& Tower with Radar,2,9,6,2,19,0,1,8,2,11,2,10,14,4,30,0,9,9,39
01/29/2022,SPI,IL,AGL,CE,Combined TRACON& Tower with Radar,2,13,14,0,29,0,5,11,0,16,2,18,25,0,45,2,5,7,52
01/30/2022,SPI,IL,AGL,CE,Combined TRACON& Tower with Radar,2,10,15,0,27,0,0,21,0,21,2,10,36,0,48,0,1,1,49
01/31/2022,SPI,IL,AGL,CE,Combined TRACON& Tower with Radar,0,14,10,14,38,0,2,19,2,23,0,16,29,16,61,28,14,42,103
02/01/2022,SPI,IL,AGL,CE,Combined TRACON& Tower with Radar,0,7,9,0,16,0,0,3,0,3,0,7,12,0,19,0,1,1,20
02/02/2022,SPI,IL,AGL,CE,Combined TRACON& Tower with Radar,2,9,8,2,21,0,0,14,2,16,2,9,22,4,37,0,0,0,37
02/03/2022,SPI,IL,AGL,CE,Combined TRACON& Tower with Radar,0,3,4,15,22,0,0,1,4,5,0,3,5,19,27,0,1,1,28
02/04/2022,SPI,IL,AGL,CE,Combined TRACON& Tower with Radar,0,6,1,2,9,0,1,6,0,7,0,7,7,2,16,0,7,7,23
02/05/2022,SPI,IL,AGL,CE,Combined TRACON& Tower with Radar,2,7,5,0,14,0,0,3,0,3,2,7,8,0,17,0,6,6,23
02/06/2022,SPI,IL,AGL,CE,Combined TRACON& Tower with Radar,2,9,15,2,28,0,1,10,2,13,2,10,25,4,41,2,5,7,48
02/07/2022,SPI,IL,AGL,CE,Combined TRACON& Tower with Radar,0,13,7,0,20,0,5,8,0,13,0,18,15,0,33,30,9,39,72
02/08/2022,SPI,IL,AGL,CE,Combined TRACON& Tower with Radar,0,9,8,14,31,0,1,10,4,15,0,10,18,18,46,0,0,0,46
02/09/2022,SPI,IL,AGL,CE,Combined TRACON& Tower with Radar,2,9,10,2,23,0,2,16,10,28,2,11,26,12,51,10,4,14,65
02/10/2022,SPI,IL,AGL,CE,Combined TRACON& Tower with Radar,2,8,14,0,24,0,2,3,4,9,2,10,17,4,33,26,6,32,65
02/11/2022,SPI,IL,AGL,CE,Combined TRACON& Tower with Radar,0,9,4,0,13,0,1,1,0,2,0,10,5,0,15,0,4,4,19
02/12/2022,SPI,IL,AGL,CE,Combined TRACON& Tower with Radar,2,7,7,0,16,0,0,10,0,10,2,7,17,0,26,8,5,13,39
02/13/2022,SPI,IL,AGL,CE,Combined TRACON& Tower with Radar,2,7,7,1,17,0,0,1,3,4,2,7,8,4,21,22,4,26,47
02/14/2022,SPI,IL,AGL,CE,Combined TRACON& Tower with Radar,0,15,10,18,43,0,0,19,0,19,0,15,29,18,62,8,10,18,80
02/15/2022,SPI,IL,AGL,CE,Combined TRACON& Tower with Radar,0,7,14,2,23,0,0,40,0,40,0,7,54,2,63,8,1,9,72
02/16/2022,SPI,IL,AGL,CE,Combined TRACON& Tower with Radar,4,7,6,0,17,0,0,2,1,3,4,7,8,1,20,3,1,4,24
02/17/2022,SPI,IL,AGL,CE,Combined TRACON& Tower with Radar,0,1,0,0,1,0,0,0,0,0,0,1,0,0,1,0,0,0,1
02/18/2022,SPI,IL,AGL,CE,Combined TRACON& Tower with Radar,2,13,13,2,30,0,3,7,4,14,2,16,20,6,44,0,13,13,57
02/19/2022,SPI,IL,AGL,CE,Combined TRACON& Tower with Radar,3,6,12,0,21,0,3,7,2,12,3,9,19,2,33,8,8,16,49
02/20/2022,SPI,IL,AGL,CE,Combined TRACON& Tower with Radar,0,7,8,0,15,0,2,8,0,10,0,9,16,0,25,2,9,11,36
02/21/2022,SPI,IL,AGL,CE,Combined TRACON& Tower with Radar,2,14,23,4,43,0,1,8,0,9,2,15,31,4,52,26,9,35,87
02/22/2022,SPI,IL,AGL,CE,Combined TRACON& Tower with Radar,0,7,5,1,13,0,0,6,1,7,0,7,11,2,20,0,1,1,21
02/23/2022,SPI,IL,AGL,CE,Combined TRACON& Tower with Radar,4,5,11,12,32,0,0,6,0,6,4,5,17,12,38,40,5,45,83
02/24/2022,SPI,IL,AGL,CE,Combined TRACON& Tower with Radar,0,3,7,0,10,0,0,0,0,0,0,3,7,0,10,0,0,0,10
02/25/2022,SPI,IL,AGL,CE,Combined TRACON& Tower with Radar,1,6,10,1,18,0,0,9,5,14,1,6,19,6,32,0,6,6,38
02/26/2022,SPI,IL,AGL,CE,Combined TRACON& Tower with Radar,2,12,11,0,25,0,3,27,0,30,2,15,38,0,55,28,6,34,89
02/27/2022,SPI,IL,AGL,CE,Combined TRACON& Tower with Radar,0,11,10,1,22,0,0,15,3,18,0,11,25,4,40,18,6,24,64
02/28/2022,SPI,IL,AGL,CE,Combined TRACON& Tower with Radar,0,7,8,26,41,0,0,7,0,7,0,7,15,26,48,28,28,56,104
03/01/2022,SPI,IL,AGL,CE,Combined TRACON& Tower with Radar,2,6,7,4,19,0,0,25,2,27,2,6,32,6,46,34,0,34,80
03/02/2022,SPI,IL,AGL,CE,Combined TRACON& Tower with Radar,4,7,14,26,51,0,2,25,2,29,4,9,39,28,80,22,36,58,138
03/03/2022,SPI,IL,AGL,CE,Combined TRACON& Tower with Radar,0,13,12,11,36,0,2,17,3,22,0,15,29,14,58,4,26,30,88
03/04/2022,SPI,IL,AGL,CE,Combined TRACON& Tower with Radar,2,5,11,19,37,0,0,21,4,25,2,5,32,23,62,18,9,27,89
03/05/2022,SPI,IL,AGL,CE,Combined TRACON& Tower with Radar,2,5,20,0,27,0,0,8,0,8,2,5,28,0,35,0,1,1,36
03/06/2022,SPI,IL,AGL,CE,Combined TRACON& Tower with Radar,0,6,13,2,21,0,0,22,0,22,0,6,35,2,43,44,13,57,100
03/07/2022,SPI,IL,AGL,CE,Combined TRACON& Tower with Radar,2,10,13,4,29,0,0,1,0,1,2,10,14,4,30,0,4,4,34
03/08/2022,SPI,IL,AGL,CE,Combined TRACON& Tower with Radar,0,9,9,20,38,0,1,23,8,32,0,10,32,28,70,62,34,96,166
03/09/2022,SPI,IL,AGL,CE,Combined TRACON& Tower with Radar,4,9,19,30,62,0,2,43,0,45,4,11,62,30,107,50,26,76,183
03/10/2022,SPI,IL,AGL,CE,Combined TRACON& Tower with Radar,0,7,5,0,12,0,0,3,0,3,0,7,8,0,15,0,0,0,15
03/11/2022,SPI,IL,AGL,CE,Combined TRACON& Tower with Radar,2,5,1,0,8,0,0,10,0,10,2,5,11,0,18,8,2,10,28
03/12/2022,SPI,IL,AGL,CE,Combined TRACON& Tower with Radar,4,6,8,2,20,0,0,18,0,18,4,6,26,2,38,12,0,12,50
03/13/2022,SPI,IL,AGL,CE,Combined TRACON& Tower with Radar,0,7,9,0,16,0,2,23,2,27,0,9,32,2,43,6,7,13,56
03/14/2022,SPI,IL,AGL,CE,Combined TRACON& Tower with Radar,2,9,14,6,31,0,0,31,0,31,2,9,45,6,62,4,36,40,102
03/15/2022,SPI,IL,AGL,CE,Combined TRACON& Tower with Radar,0,5,13,10,28,0,1,17,0,18,0,6,30,10,46,54,18,72,118
03/16/2022,SPI,IL,AGL,CE,Combined TRACON& Tower with Radar,5,12,4,8,29,0,3,19,2,24,5,15,23,10,53,10,15,25,78
03/17/2022,SPI,IL,AGL,CE,Combined TRACON& Tower with Radar,0,16,20,0,36,0,1,33,4,38,0,17,53,4,74,35,13,48,122
03/18/2022,SPI,IL,AGL,CE,Combined TRACON& Tower with Radar,2,5,3,14,24,0,0,1,0,1,2,5,4,14,25,0,1,1,26
03/19/2022,SPI,IL,AGL,CE,Combined TRACON& Tower with Radar,2,7,8,0,17,0,0,6,0,6,2,7,14,0,23,0,1,1,24
03/20/2022,SPI,IL,AGL,CE,Combined TRACON& Tower with Radar,0,6,12,0,18,0,4,48,0,52,0,10,60,0,70,12,4,16,86
03/21/2022,SPI,IL,AGL,CE,Combined TRACON& Tower with Radar,2,7,13,8,30,0,2,8,0,10,2,9,21,8,40,8,8,16,56
03/22/2022,SPI,IL,AGL,CE,Combined TRACON& Tower with Radar,0,9,6,12,27,0,0,0,0,0,0,9,6,12,27,0,6,6,33
03/23/2022,SPI,IL,AGL,CE,Combined TRACON& Tower with Radar,3,9,3,0,15,0,0,0,0,0,3,9,3,0,15,0,0,0,15
03/24/2022,SPI,IL,AGL,CE,Combined TRACON& Tower with Radar,0,5,4,0,9,0,0,2,0,2,0,5,6,0,11,0,0,0,11
03/25/2022,SPI,IL,AGL,CE,Combined TRACON& Tower with Radar,2,8,9,1,20,0,0,5,1,6,2,8,14,2,26,0,1,1,27
03/26/2022,SPI,IL,AGL,CE,Combined TRACON& Tower with Radar,2,5,5,0,12,0,1,3,0,4,2,6,8,0,16,4,5,9,25
03/27/2022,SPI,IL,AGL,CE,Combined TRACON& Tower with Radar,0,13,11,0,24,0,3,22,0,25,0,16,33,0,49,28,4,32,81
03/28/2022,SPI,IL,AGL,CE,Combined TRACON& Tower with Radar,2,10,8,2,22,0,4,40,4,48,2,14,48,6,70,42,2,44,114
03/29/2022,SPI,IL,AGL,CE,Combined TRACON& Tower with Radar,0,11,12,0,23,0,1,4,6,11,0,12,16,6,34,12,5,17,51
03/30/2022,SPI,IL,AGL,CE,Combined TRACON& Tower with Radar,4,6,3,0,13,0,0,0,0,0,4,6,3,0,13,0,0,0,13
03/31/2022,SPI,IL,AGL,CE,Combined TRACON& Tower with Radar,0,7,10,12,29,0,0,0,0,0,0,7,10,12,29,4,1,5,34
04/01/2022,SPI,IL,AGL,CE,Combined TRACON& Tower with Radar,2,9,29,8,48,0,1,17,4,22,2,10,46,12,70,34,0,34,104
04/02/2022,SPI,IL,AGL,CE,Combined TRACON& Tower with Radar,2,8,9,0,19,0,1,5,0,6,2,9,14,0,25,28,0,28,53
04/03/2022,SPI,IL,AGL,CE,Combined TRACON& Tower with Radar,0,6,27,0,33,0,3,26,0,29,0,9,53,0,62,28,4,32,94
04/04/2022,SPI,IL,AGL,CE,Combined TRACON& Tower with Radar,2,18,11,15,46,0,13,10,0,23,2,31,21,15,69,54,39,93,162
04/05/2022,SPI,IL,AGL,CE,Combined TRACON& Tower with Radar,2,5,12,0,19,0,0,0,0,0,2,5,12,0,19,0,1,1,20
04/06/2022,SPI,IL,AGL,CE,Combined TRACON& Tower with Radar,4,6,20,19,49,0,0,1,0,1,4,6,21,19,50,0,27,27,77
04/07/2022,SPI,IL,AGL,CE,Combined TRACON& Tower with Radar,0,6,12,2,20,0,5,4,0,9,0,11,16,2,29,0,4,4,33
04/08/2022,SPI,IL,AGL,CE,Combined TRACON& Tower with Radar,4,6,5,2,17,0,0,2,0,2,4,6,7,2,19,0,1,1,20
04/09/2022,SPI,IL,AGL,CE,Combined TRACON& Tower with Radar,2,11,31,1,45,0,5,33,1,39,2,16,64,2,84,8,7,15,99
04/10/2022,SPI,IL,AGL,CE,Combined TRACON& Tower with Radar,0,8,15,1,24,0,1,8,1,10,0,9,23,2,34,0,5,5,39
04/11/2022,SPI,IL,AGL,CE,Combined TRACON& Tower with Radar,2,14,29,8,53,0,3,12,0,15,2,17,41,8,68,2,36,38,106
04/12/2022,SPI,IL,AGL,CE,Combined TRACON& Tower with Radar,0,8,9,6,23,0,0,5,0,5,0,8,14,6,28,0,2,2,30
04/13/2022,SPI,IL,AGL,CE,Combined TRACON& Tower with Radar,4,6,6,0,16,0,0,2,0,2,4,6,8,0,18,0,0,0,18
04/14/2022,SPI,IL,AGL,CE,Combined TRACON& Tower with Radar,0,14,19,0,33,0,0,8,1,9,0,14,27,1,42,0,1,1,43
04/15/2022,SPI,IL,AGL,CE,Combined TRACON& Tower with Radar,2,6,13,9,30,0,1,9,0,10,2,7,22,9,40,20,35,55,95
04/16/2022,SPI,IL,AGL,CE,Combined TRACON& Tower with Radar,4,7,24,0,35,0,7,30,0,37,4,14,54,0,72,26,10,36,108
04/17/2022,SPI,IL,AGL,CE,Combined TRACON& Tower with Radar,0,9,4,6,19,0,1,0,0,1,0,10,4,6,20,0,0,0,20
04/18/2022,SPI,IL,AGL,CE,Combined TRACON& Tower with Radar,1,8,12,5,26,0,1,2,1,4,1,9,14,6,30,14,6,20,50
04/19/2022,SPI,IL,AGL,CE,Combined TRACON& Tower with Radar,0,9,34,9,52,0,5,15,6,26,0,14,49,15,78,12,14,26,104
04/20/2022,SPI,IL,AGL,CE,Combined TRACON& Tower with Radar,4,6,6,2,18,0,0,0,1,1,4,6,6,3,19,0,0,0,19
04/21/2022,SPI,IL,AGL,CE,Combined TRACON& Tower with Radar,0,10,19,21,50,0,4,7,5,16,0,14,26,26,66,26,2,28,94
04/22/2022,SPI,IL,AGL,CE,Combined TRACON& Tower with Radar,2,7,7,9,25,0,3,3,1,7,2,10,10,10,32,12,10,22,54
04/23/2022,SPI,IL,AGL,CE,Combined TRACON& Tower with Radar,2,6,10,0,18,0,2,0,1,3,2,8,10,1,21,4,9,13,34
04/24/2022,SPI,IL,AGL,CE,Combined TRACON& Tower with Radar,0,6,10,2,18,0,0,2,0,2,0,6,12,2,20,0,0,0,20
04/25/2022,SPI,IL,AGL,CE,Combined TRACON& Tower with Radar,2,18,16,1,37,0,1,12,2,15,2,19,28,3,52,68,2,70,122
04/26/2022,SPI,IL,AGL,CE,Combined TRACON& Tower with Radar,0,13,24,21,58,0,4,14,2,20,0,17,38,23,78,50,24,74,152
04/27/2022,SPI,IL,AGL,CE,Combined TRACON& Tower with Radar,4,11,31,1,47,0,7,17,1,25,4,18,48,2,72,38,11,49,121
04/28/2022,SPI,IL,AGL,CE,Combined TRACON& Tower with Radar,0,6,12,3,21,0,2,3,1,6,0,8,15,4,27,8,5,13,40
04/29/2022,SPI,IL,AGL,CE,Combined TRACON& Tower with Radar,2,8,10,11,31,0,0,3,1,4,2,8,13,12,35,0,16,16,51
04/30/2022,SPI,IL,AGL,CE,Combined TRACON& Tower with Radar,4,6,2,0,12,0,1,3,0,4,4,7,5,0,16,3,12,15,31
05/01/2022,SPI,IL,AGL,CE,Combined TRACON& Tower with Radar,0,5,17,2,24,0,0,3,0,3,0,5,20,2,27,10,5,15,42
05/02/2022,SPI,IL,AGL,CE,Combined TRACON& Tower with Radar,0,9,24,20,53,0,3,20,4,27,0,12,44,24,80,6,12,18,98
05/03/2022,SPI,IL,AGL,CE,Combined TRACON& Tower with Radar,0,9,19,2,30,0,0,0,0,0,0,9,19,2,30,0,1,1,31
05/04/2022,SPI,IL,AGL,CE,Combined TRACON& Tower with Radar,1,14,28,0,43,0,1,5,0,6,1,15,33,0,49,41,5,46,95
05/05/2022,SPI,IL,AGL,CE,Combined TRACON& Tower with Radar,0,8,6,4,18,0,0,2,0,2,0,8,8,4,20,2,0,2,22
05/06/2022,SPI,IL,AGL,CE,Combined TRACON& Tower with Radar,2,8,5,0,15,0,0,0,0,0,2,8,5,0,15,0,0,0,15
05/07/2022,SPI,IL,AGL,CE,Combined TRACON& Tower with Radar,2,10,36,11,59,0,1,51,0,52,2,11,87,11,111,30,14,44,155
05/08/2022,SPI,IL,AGL,CE,Combined TRACON& Tower with Radar,0,6,20,0,26,0,0,12,0,12,0,6,32,0,38,0,1,1,39
05/09/2022,SPI,IL,AGL,CE,Combined TRACON& Tower with Radar,2,7,25,0,34,0,0,10,0,10,2,7,35,0,44,0,0,0,44
05/10/2022,SPI,IL,AGL,CE,Combined TRACON& Tower with Radar,0,13,28,16,57,0,3,13,0,16,0,16,41,16,73,6,14,20,93
05/11/2022,SPI,IL,AGL,CE,Combined TRACON& Tower with Radar,2,6,24,12,44,0,2,15,7,24,2,8,39,19,68,11,13,24,92
05/12/2022,SPI,IL,AGL,CE,Combined TRACON& Tower with Radar,0,8,23,2,33,0,2,16,2,20,0,10,39,4,53,2,2,4,57
05/13/2022,SPI,IL,AGL,CE,Combined TRACON& Tower with Radar,2,11,22,5,40,0,0,19,7,26,2,11,41,12,66,2,7,9,75
05/14/2022,SPI,IL,AGL,CE,Combined TRACON& Tower with Radar,4,12,29,0,45,0,0,24,0,24,4,12,53,0,69,52,4,56,125
05/15/2022,SPI,IL,AGL,CE,Combined TRACON& Tower with Radar,0,5,18,0,23,0,2,6,0,8,0,7,24,0,31,6,0,6,37
05/16/2022,SPI,IL,AGL,CE,Combined TRACON& Tower with Radar,2,10,24,1,37,0,2,9,1,12,2,12,33,2,49,8,5,13,62
05/17/2022,SPI,IL,AGL,CE,Combined TRACON& Tower with Radar,0,8,22,8,38,0,0,12,0,12,0,8,34,8,50,10,16,26,76
05/18/2022,SPI,IL,AGL,CE,Combined TRACON& Tower with Radar,2,6,15,2,25,0,0,4,0,4,2,6,19,2,29,26,1,27,56
05/19/2022,SPI,IL,AGL,CE,Combined TRACON& Tower with Radar,0,8,15,12,35,0,2,6,2,10,0,10,21,14,45,20,11,31,76
05/20/2022,SPI,IL,AGL,CE,Combined TRACON& Tower with Radar,2,6,14,0,22,0,1,12,0,13,2,7,26,0,35,0,2,2,37
05/21/2022,SPI,IL,AGL,CE,Combined TRACON& Tower with Radar,2,7,2,0,11,0,0,0,0,0,2,7,2,0,11,12,0,12,23
05/22/2022,SPI,IL,AGL,CE,Combined TRACON& Tower with Radar,0,7,23,1,31,0,1,23,2,26,0,8,46,3,57,40,12,52,109
05/23/2022,SPI,IL,AGL,CE,Combined TRACON& Tower with Radar,2,19,25,2,48,0,10,17,2,29,2,29,42,4,77,24,36,60,137
05/24/2022,SPI,IL,AGL,CE,Combined TRACON& Tower with Radar,0,13,16,8,37,0,5,11,5,21,0,18,27,13,58,28,45,73,131
05/25/2022,SPI,IL,AGL,CE,Combined TRACON& Tower with Radar,2,6,2,2,12,0,0,1,0,1,2,6,3,2,13,2,2,4,17
05/26/2022,SPI,IL,AGL,CE,Combined TRACON& Tower with Radar,0,7,15,2,24,0,0,3,0,3,0,7,18,2,27,18,1,19,46
05/27/2022,SPI,IL,AGL,CE,Combined TRACON& Tower with Radar,2,11,17,2,32,0,0,6,0,6,2,11,23,2,38,0,0,0,38
05/28/2022,SPI,IL,AGL,CE,Combined TRACON& Tower with Radar,2,6,12,2,22,0,2,16,0,18,2,8,28,2,40,0,3,3,43
05/29/2022,SPI,IL,AGL,CE,Combined TRACON& Tower with Radar,0,7,3,0,10,0,2,2,0,4,0,9,5,0,14,0,8,8,22
05/30/2022,SPI,IL,AGL,CE,Combined TRACON& Tower with Radar,1,7,13,0,21,0,0,8,0,8,1,7,21,0,29,4,6,10,39
05/31/2022,SPI,IL,AGL,CE,Combined TRACON& Tower with Radar,0,8,25,1,34,0,0,17,1,18,0,8,42,2,52,4,5,9,61
06/01/2022,SPI,IL,AGL,CE,Combined TRACON& Tower with Radar,2,9,5,2,18,0,0,1,0,1,2,9,6,2,19,10,0,10,29
06/02/2022,SPI,IL,AGL,CE,Combined TRACON& Tower with Radar,0,12,39,8,59,0,3,24,1,28,0,15,63,9,87,42,7,49,136
06/03/2022,SPI,IL,AGL,CE,Combined TRACON& Tower with Radar,4,7,31,14,56,0,2,27,6,35,4,9,58,20,91,24,24,48,139
06/04/2022,SPI,IL,AGL,CE,Combined TRACON& Tower with Radar,2,12,11,4,29,0,2,7,0,9,2,14,18,4,38,22,5,27,65
06/05/2022,SPI,IL,AGL,CE,Combined TRACON& Tower with Radar,0,8,20,0,28,0,3,13,0,16,0,11,33,0,44,10,5,15,59
06/06/2022,SPI,IL,AGL,CE,Combined TRACON& Tower with Radar,4,7,12,2,25,0,2,1,2,5,4,9,13,4,30,0,1,1,31
06/07/2022,SPI,IL,AGL,CE,Combined TRACON& Tower with Radar,0,13,16,3,32,0,2,8,3,13,0,15,24,6,45,4,3,7,52
06/08/2022,SPI,IL,AGL,CE,Combined TRACON& Tower with Radar,2,7,14,4,27,0,0,2,0,2,2,7,16,4,29,0,0,0,29
06/09/2022,SPI,IL,AGL,CE,Combined TRACON& Tower with Radar,0,13,30,7,50,0,3,23,1,27,0,16,53,8,77,10,9,19,96
06/10/2022,SPI,IL,AGL,CE,Combined TRACON& Tower with Radar,2,8,29,0,39,0,1,12,0,13,2,9,41,0,52,8,7,15,67
06/11/2022,SPI,IL,AGL,CE,Combined TRACON& Tower with Radar,2,7,28,3,40,0,1,22,0,23,2,8,50,3,63,8,16,24,87
06/12/2022,SPI,IL,AGL,CE,Combined TRACON& Tower with Radar,0,7,19,0,26,0,0,9,0,9,0,7,28,0,35,6,3,9,44
06/13/2022,SPI,IL,AGL,CE,Combined TRACON& Tower with Radar,4,11,24,2,41,0,1,10,0,11,4,12,34,2,52,8,2,10,62
06/14/2022,SPI,IL,AGL,CE,Combined TRACON& Tower with Radar,2,8,23,0,33,0,0,19,6,25,2,8,42,6,58,6,3,9,67
06/15/2022,SPI,IL,AGL,CE,Combined TRACON& Tower with Radar,2,10,20,2,34,0,0,7,2,9,2,10,27,4,43,20,2,22,65
06/16/2022,SPI,IL,AGL,CE,Combined TRACON& Tower with Radar,0,8,19,2,29,0,4,9,0,13,0,12,28,2,42,48,7,55,97
06/17/2022,SPI,IL,AGL,CE,Combined TRACON& Tower with Radar,2,9,28,13,52,0,3,16,1,20,2,12,44,14,72,20,21,41,113
06/18/2022,SPI,IL,AGL,CE,Combined TRACON& Tower with Radar,2,7,30,0,39,0,0,23,0,23,2,7,53,0,62,6,0,6,68
06/19/2022,SPI,IL,AGL,CE,Combined TRACON& Tower with Radar,0,14,29,0,43,0,2,21,0,23,0,16,50,0,66,4,5,9,75
06/20/2022,SPI,IL,AGL,CE,Combined TRACON& Tower with Radar,2,10,19,0,31,0,2,16,0,18,2,12,35,0,49,32,6,38,87
06/21/2022,SPI,IL,AGL,CE,Combined TRACON& Tower with Radar,0,8,17,2,27,0,1,9,2,12,0,9,26,4,39,8,3,11,50
06/22/2022,SPI,IL,AGL,CE,Combined TRACON& Tower with Radar,2,6,16,7,31,0,4,14,7,25,2,10,30,14,56,10,8,18,74
06/23/2022,SPI,IL,AGL,CE,Combined TRACON& Tower with Radar,0,9,24,4,37,0,2,19,4,25,0,11,43,8,62,32,2,34,96
06/24/2022,SPI,IL,AGL,CE,Combined TRACON& Tower with Radar,2,6,25,2,35,0,1,13,0,14,2,7,38,2,49,22,4,26,75
06/25/2022,SPI,IL,AGL,CE,Combined TRACON& Tower with Radar,2,6,17,0,25,0,4,9,0,13,2,10,26,0,38,8,11,19,57
06/26/2022,SPI,IL,AGL,CE,Combined TRACON& Tower with Radar,0,8,24,0,32,0,0,18,0,18,0,8,42,0,50,0,3,3,53
06/27/2022,SPI,IL,AGL,CE,Combined TRACON& Tower with Radar,1,10,31,8,50,0,2,22,0,24,1,12,53,8,74,52,18,70,144
06/28/2022,SPI,IL,AGL,CE,Combined TRACON& Tower with Radar,0,8,31,5,44,0,0,24,4,28,0,8,55,9,72,80,7,87,159
06/29/2022,SPI,IL,AGL,CE,Combined TRACON& Tower with Radar,2,12,28,2,44,0,5,22,2,29,2,17,50,4,73,18,17,35,108
06/30/2022,SPI,IL,AGL,CE,Combined TRACON& Tower with Radar,0,11,27,2,40,0,3,14,1,18,0,14,41,3,58,52,19,71,129
07/01/2022,SPI,IL,AGL,CE,Combined TRACON& Tower with Radar,2,8,24,2,36,0,5,10,4,19,2,13,34,6,55,28,4,32,87
07/02/2022,SPI,IL,AGL,CE,Combined TRACON& Tower with Radar,2,16,24,0,42,0,4,7,0,11,2,20,31,0,53,30,16,46,99
07/03/2022,SPI,IL,AGL,CE,Combined TRACON& Tower with Radar,0,5,11,0,16,0,4,5,0,9,0,9,16,0,25,18,13,31,56
07/04/2022,SPI,IL,AGL,CE,Combined TRACON& Tower with Radar,0,5,18,0,23,0,2,14,0,16,0,7,32,0,39,46,3,49,88
07/05/2022,SPI,IL,AGL,CE,Combined TRACON& Tower with Radar,2,6,5,15,28,0,3,4,1,8,2,9,9,16,36,16,23,39,75
07/06/2022,SPI,IL,AGL,CE,Combined TRACON& Tower with Radar,1,9,5,0,15,0,1,3,0,4,1,10,8,0,19,2,1,3,22
07/07/2022,SPI,IL,AGL,CE,Combined TRACON& Tower with Radar,0,7,10,0,17,0,0,2,0,2,0,7,12,0,19,4,7,11,30
07/08/2022,SPI,IL,AGL,CE,Combined TRACON& Tower with Radar,2,10,7,4,23,0,0,5,0,5,2,10,12,4,28,0,0,0,28
07/09/2022,SPI,IL,AGL,CE,Combined TRACON& Tower with Radar,0,12,11,0,23,0,1,11,0,12,0,13,22,0,35,16,5,21,56
07/10/2022,SPI,IL,AGL,CE,Combined TRACON& Tower with Radar,0,7,28,2,37,0,2,31,0,33,0,9,59,2,70,44,5,49,119
07/11/2022,SPI,IL,AGL,CE,Combined TRACON& Tower with Radar,2,10,19,9,40,0,2,10,1,13,2,12,29,10,53,20,4,24,77
07/12/2022,SPI,IL,AGL,CE,Combined TRACON& Tower with Radar,0,7,21,7,35,0,4,16,9,29,0,11,37,16,64,36,36,72,136
07/13/2022,SPI,IL,AGL,CE,Combined TRACON& Tower with Radar,2,7,27,0,36,0,3,22,0,25,2,10,49,0,61,6,3,9,70
07/14/2022,SPI,IL,AGL,CE,Combined TRACON& Tower with Radar,0,6,35,0,41,0,0,19,3,22,0,6,54,3,63,6,1,7,70
07/15/2022,SPI,IL,AGL,CE,Combined TRACON& Tower with Radar,2,5,17,4,28,0,2,3,0,5,2,7,20,4,33,2,10,12,45
07/16/2022,SPI,IL,AGL,CE,Combined TRACON& Tower with Radar,2,7,13,8,30,0,0,7,1,8,2,7,20,9,38,49,14,63,101
07/17/2022,SPI,IL,AGL,CE,Combined TRACON& Tower with Radar,0,5,8,2,15,0,0,2,0,2,0,5,10,2,17,0,2,2,19
07/18/2022,SPI,IL,AGL,CE,Combined TRACON& Tower with Radar,2,14,16,10,42,0,4,9,4,17,2,18,25,14,59,64,26,90,149
07/19/2022,SPI,IL,AGL,CE,Combined TRACON& Tower with Radar,1,10,26,8,45,0,6,13,5,24,1,16,39,13,69,38,12,50,119
07/20/2022,SPI,IL,AGL,CE,Combined TRACON& Tower with Radar,2,6,14,4,26,0,0,12,4,16,2,6,26,8,42,8,4,12,54
07/21/2022,SPI,IL,AGL,CE,Combined TRACON& Tower with Radar,0,11,24,7,42,0,1,13,1,15,0,12,37,8,57,26,10,36,93
07/22/2022,SPI,IL,AGL,CE,Combined TRACON& Tower with Radar,2,6,26,0,34,0,2,20,0,22,2,8,46,0,56,54,3,57,113
07/23/2022,SPI,IL,AGL,CE,Combined TRACON& Tower with Radar,2,6,22,1,31,0,3,16,1,20,2,9,38,2,51,0,7,7,58
07/24/2022,SPI,IL,AGL,CE,Combined TRACON& Tower with Radar,0,4,13,0,17,0,0,11,2,13,0,4,24,2,30,0,3,3,33
07/25/2022,SPI,IL,AGL,CE,Combined TRACON& Tower with Radar,2,5,22,11,40,0,3,12,1,16,2,8,34,12,56,46,33,79,135
07/26/2022,SPI,IL,AGL,CE,Combined TRACON& Tower with Radar,0,10,12,0,22,0,0,0,0,0,0,10,12,0,22,0,0,0,22
07/27/2022,SPI,IL,AGL,CE,Combined TRACON& Tower with Radar,6,5,24,5,40,0,0,6,0,6,6,5,30,5,46,2,5,7,53
07/28/2022,SPI,IL,AGL,CE,Combined TRACON& Tower with Radar,0,7,15,2,24,0,0,12,2,14,0,7,27,4,38,26,11,37,75
07/29/2022,SPI,IL,AGL,CE,Combined TRACON& Tower with Radar,2,10,27,4,43,0,5,18,6,29,2,15,45,10,72,32,9,41,113
07/30/2022,SPI,IL,AGL,CE,Combined TRACON& Tower with Radar,2,5,19,1,27,0,3,23,1,27,2,8,42,2,54,24,11,35,89
07/31/2022,SPI,IL,AGL,CE,Combined TRACON& Tower with Radar,0,7,19,1,27,0,6,9,1,16,0,13,28,2,43,18,8,26,69
08/01/2022,SPI,IL,AGL,CE,Combined TRACON& Tower with Radar,0,13,14,0,27,0,1,2,2,5,0,14,16,2,32,8,4,12,44
08/02/2022,SPI,IL,AGL,CE,Combined TRACON& Tower with Radar,0,7,5,0,12,0,0,8,0,8,0,7,13,0,20,0,3,3,23
08/03/2022,SPI,IL,AGL,CE,Combined TRACON& Tower with Radar,2,9,21,0,32,0,1,5,0,6,2,10,26,0,38,10,4,14,52
08/04/2022,SPI,IL,AGL,CE,Combined TRACON& Tower with Radar,0,5,12,0,17,0,1,4,0,5,0,6,16,0,22,2,3,5,27
08/05/2022,SPI,IL,AGL,CE,Combined TRACON& Tower with Radar,2,9,9,8,28,0,2,6,0,8,2,11,15,8,36,0,2,2,38
08/06/2022,SPI,IL,AGL,CE,Combined TRACON& Tower with Radar,4,3,15,0,22,0,1,4,0,5,4,4,19,0,27,8,4,12,39
08/07/2022,SPI,IL,AGL,CE,Combined TRACON& Tower with Radar,0,8,9,0,17,0,3,6,6,15,0,11,15,6,32,0,6,6,38
08/08/2022,SPI,IL,AGL,CE,Combined TRACON& Tower with Radar,2,6,26,5,39,0,1,9,0,10,2,7,35,5,49,40,4,44,93
08/09/2022,SPI,IL,AGL,CE,Combined TRACON& Tower with Radar,0,10,25,23,58,0,1,4,4,9,0,11,29,27,67,68,10,78,145
08/10/2022,SPI,IL,AGL,CE,Combined TRACON& Tower with Radar,2,8,38,10,58,0,3,24,0,27,2,11,62,10,85,46,28,74,159
08/11/2022,SPI,IL,AGL,CE,Combined TRACON& Tower with Radar,0,8,25,2,35,0,1,16,2,19,0,9,41,4,54,10,2,12,66
08/12/2022,SPI,IL,AGL,CE,Combined TRACON& Tower with Radar,2,6,23,4,35,0,2,24,2,28,2,8,47,6,63,14,7,21,84
08/13/2022,SPI,IL,AGL,CE,Combined TRACON& Tower with Radar,2,8,25,0,35,0,1,22,0,23,2,9,47,0,58,0,8,8,66
08/14/2022,SPI,IL,AGL,CE,Combined TRACON& Tower with Radar,0,6,28,11,45,0,1,7,3,11,0,7,35,14,56,38,2,40,96
08/15/2022,SPI,IL,AGL,CE,Combined TRACON& Tower with Radar,2,5,28,0,35,0,0,10,0,10,2,5,38,0,45,8,0,8,53
08/16/2022,SPI,IL,AGL,CE,Combined TRACON& Tower with Radar,4,3,19,7,33,0,4,9,6,19,4,7,28,13,52,28,34,62,114
08/17/2022,SPI,IL,AGL,CE,Combined TRACON& Tower with Radar,6,5,23,3,37,0,3,19,1,23,6,8,42,4,60,20,0,20,80
08/18/2022,SPI,IL,AGL,CE,Combined TRACON& Tower with Radar,3,6,27,2,38,0,4,24,4,32,3,10,51,6,70,46,8,54,124
08/19/2022,SPI,IL,AGL,CE,Combined TRACON& Tower with Radar,4,7,26,3,40,0,0,17,3,20,4,7,43,6,60,46,8,54,114
08/20/2022,SPI,IL,AGL,CE,Combined TRACON& Tower with Radar,6,5,16,0,27,0,0,15,0,15,6,5,31,0,42,14,5,19,61
08/21/2022,SPI,IL,AGL,CE,Combined TRACON& Tower with Radar,3,2,17,2,24,0,0,9,0,9,3,2,26,2,33,0,0,0,33
08/22/2022,SPI,IL,AGL,CE,Combined TRACON& Tower with Radar,3,5,35,0,43,0,1,13,0,14,3,6,48,0,57,4,3,7,64
08/23/2022,SPI,IL,AGL,CE,Combined TRACON& Tower with Radar,4,5,31,2,42,0,1,16,4,21,4,6,47,6,63,78,1,79,142
08/24/2022,SPI,IL,AGL,CE,Combined TRACON& Tower with Radar,6,6,27,1,40,0,1,15,1,17,6,7,42,2,57,26,9,35,92
08/25/2022,SPI,IL,AGL,CE,Combined TRACON& Tower with Radar,4,4,17,7,32,0,2,10,3,15,4,6,27,10,47,12,7,19,66
08/26/2022,SPI,IL,AGL,CE,Combined TRACON& Tower with Radar,4,5,25,1,35,0,2,11,1,14,4,7,36,2,49,28,7,35,84
08/27/2022,SPI,IL,AGL,CE,Combined TRACON& Tower with Radar,6,4,21,0,31,0,2,17,0,19,6,6,38,0,50,24,4,28,78
08/28/2022,SPI,IL,AGL,CE,Combined TRACON& Tower with Radar,5,2,13,0,20,0,0,8,0,8,5,2,21,0,28,0,0,0,28
08/29/2022,SPI,IL,AGL,CE,Combined TRACON& Tower with Radar,3,9,18,6,36,0,0,12,2,14,3,9,30,8,50,0,6,6,56
08/30/2022,SPI,IL,AGL,CE,Combined TRACON& Tower with Radar,6,9,27,9,51,0,4,21,0,25,6,13,48,9,76,4,9,13,89
08/31/2022,SPI,IL,AGL,CE,Combined TRACON& Tower with Radar,5,9,24,7,45,0,6,13,5,24,5,15,37,12,69,56,6,62,131
09/01/2022,SPI,IL,AGL,CE,Combined TRACON& Tower with Radar,4,4,23,2,33,0,1,9,0,10,4,5,32,2,43,27,3,30,73
09/02/2022,SPI,IL,AGL,CE,Combined TRACON& Tower with Radar,4,7,26,2,39,0,1,17,0,18,4,8,43,2,57,32,4,36,93
09/03/2022,SPI,IL,AGL,CE,Combined TRACON& Tower with Radar,6,2,25,0,33,0,0,22,0,22,6,2,47,0,55,0,5,5,60
09/04/2022,SPI,IL,AGL,CE,Combined TRACON& Tower with Radar,4,2,6,0,12,0,0,1,0,1,4,2,7,0,13,4,1,5,18
09/05/2022,SPI,IL,AGL,CE,Combined TRACON& Tower with Radar,4,2,11,0,17,0,0,0,0,0,4,2,11,0,17,14,1,15,32
09/06/2022,SPI,IL,AGL,CE,Combined TRACON& Tower with Radar,4,6,25,4,39,0,0,6,0,6,4,6,31,4,45,10,6,16,61
09/07/2022,SPI,IL,AGL,CE,Combined TRACON& Tower with Radar,1,13,22,5,41,0,4,13,5,22,1,17,35,10,63,10,3,13,76
09/08/2022,SPI,IL,AGL,CE,Combined TRACON& Tower with Radar,0,12,23,12,47,0,0,14,2,16,0,12,37,14,63,20,10,30,93
09/09/2022,SPI,IL,AGL,CE,Combined TRACON& Tower with Radar,0,7,29,6,42,0,4,22,4,30,0,11,51,10,72,24,27,51,123
09/11/2022,SPI,IL,AGL,CE,Combined TRACON& Tower with Radar,0,6,10,4,20,0,1,2,0,3,0,7,12,4,23,6,0,6,29
09/12/2022,SPI,IL,AGL,CE,Combined TRACON& Tower with Radar,0,5,15,6,26,0,9,27,0,36,0,14,42,6,62,18,9,27,89
09/13/2022,SPI,IL,AGL,CE,Combined TRACON& Tower with Radar,0,9,9,0,18,0,8,23,2,33,0,17,32,2,51,30,11,41,92
09/14/2022,SPI,IL,AGL,CE,Combined TRACON& Tower with Radar,0,8,17,0,25,0,7,30,5,42,0,15,47,5,67,18,8,26,93
09/15/2022,SPI,IL,AGL,CE,Combined TRACON& Tower with Radar,0,12,16,0,28,0,4,32,0,36,0,16,48,0,64,30,6,36,100
09/16/2022,SPI,IL,AGL,CE,Combined TRACON& Tower with Radar,0,6,24,0,30,0,9,14,3,26,0,15,38,3,56,44,12,56,112
09/17/2022,SPI,IL,AGL,CE,Combined TRACON& Tower with Radar,0,8,10,0,18,0,8,32,2,42,0,16,42,2,60,36,3,39,99
09/18/2022,SPI,IL,AGL,CE,Combined TRACON& Tower with Radar,0,8,14,0,22,0,9,17,0,26,0,17,31,0,48,20,13,33,81
09/19/2022,SPI,IL,AGL,CE,Combined TRACON& Tower with Radar,0,7,15,2,24,0,7,16,0,23,0,14,31,2,47,10,6,16,63
09/20/2022,SPI,IL,AGL,CE,Combined TRACON& Tower with Radar,0,9,12,2,23,0,5,36,2,43,0,14,48,4,66,26,5,31,97
09/21/2022,SPI,IL,AGL,CE,Combined TRACON& Tower with Radar,0,7,18,8,33,0,2,6,4,12,0,9,24,12,45,14,1,15,60
09/22/2022,SPI,IL,AGL,CE,Combined TRACON& Tower with Radar,0,9,8,2,19,0,13,30,4,47,0,22,38,6,66,17,14,31,97
09/23/2022,SPI,IL,AGL,CE,Combined TRACON& Tower with Radar,0,13,14,6,33,0,2,14,0,16,0,15,28,6,49,30,2,32,81
09/24/2022,SPI,IL,AGL,CE,Combined TRACON& Tower with Radar,0,10,11,0,21,0,7,31,0,38,0,17,42,0,59,12,8,20,79
09/25/2022,SPI,IL,AGL,CE,Combined TRACON& Tower with Radar,0,10,13,0,23,0,4,12,0,16,0,14,25,0,39,0,3,3,42
09/26/2022,SPI,IL,AGL,CE,Combined TRACON& Tower with Radar,0,8,15,0,23,0,15,20,4,39,0,23,35,4,62,0,14,14,76
09/27/2022,SPI,IL,AGL,CE,Combined TRACON& Tower with Radar,2,7,13,0,22,0,7,11,0,18,2,14,24,0,40,36,10,46,86
09/28/2022,SPI,IL,AGL,CE,Combined TRACON& Tower with Radar,0,11,3,0,14,0,1,30,2,33,0,12,33,2,47,16,3,19,66
09/29/2022,SPI,IL,AGL,CE,Combined TRACON& Tower with Radar,0,10,8,2,20,0,4,29,0,33,0,14,37,2,53,32,8,40,93
09/30/2022,SPI,IL,AGL,CE,Combined TRACON& Tower with Radar,0,7,18,0,25,0,3,27,0,30,0,10,45,0,55,14,6,20,75
10/01/2022,SPI,IL,AGL,CE,Towers with Radar,0,10,5,0,15,0,6,13,1,20,0,16,18,1,35,25,6,31,66
10/02/2022,SPI,IL,AGL,CE,Towers with Radar,0,6,13,0,19,0,10,24,0,34,0,16,37,0,53,0,14,14,67
10/03/2022,SPI,IL,AGL,CE,Towers with Radar,0,8,5,5,18,0,12,22,1,35,0,20,27,6,53,12,14,26,79
10/04/2022,SPI,IL,AGL,CE,Towers with Radar,0,6,10,0,16,0,8,30,4,42,0,14,40,4,58,10,6,16,74
10/05/2022,SPI,IL,AGL,CE,Towers with Radar,2,6,8,0,16,0,2,17,6,25,2,8,25,6,41,24,4,28,69
10/06/2022,SPI,IL,AGL,CE,Towers with Radar,3,3,12,0,18,0,8,16,5,29,3,11,28,5,47,41,2,43,90
10/07/2022,SPI,IL,AGL,CE,Towers with Radar,4,3,12,0,19,0,6,14,2,22,4,9,26,2,41,8,6,14,55
10/08/2022,SPI,IL,AGL,CE,Towers with Radar,6,2,7,0,15,0,14,18,0,32,6,16,25,0,47,42,7,49,96
10/09/2022,SPI,IL,AGL,CE,Towers with Radar,4,2,10,1,17,0,5,28,1,34,4,7,38,2,51,15,7,22,73
10/10/2022,SPI,IL,AGL,CE,Towers with Radar,4,4,8,0,16,0,13,25,0,38,4,17,33,0,54,4,15,19,73
10/11/2022,SPI,IL,AGL,CE,Towers with Radar,4,4,4,0,12,0,1,0,0,1,4,5,4,0,13,0,1,1,14
10/12/2022,SPI,IL,AGL,CE,Towers with Radar,5,7,8,0,20,1,3,3,1,8,6,10,11,1,28,4,6,10,38
10/13/2022,SPI,IL,AGL,CE,Towers with Radar,4,5,17,0,26,0,4,2,2,8,4,9,19,2,34,0,5,5,39
10/14/2022,SPI,IL,AGL,CE,Towers with Radar,4,5,10,0,19,0,3,7,2,12,4,8,17,2,31,0,6,6,37
10/15/2022,SPI,IL,AGL,CE,Towers with Radar,6,7,11,0,24,0,4,25,0,29,6,11,36,0,53,14,1,15,68
10/16/2022,SPI,IL,AGL,CE,Towers with Radar,3,5,12,0,20,0,5,18,0,23,3,10,30,0,43,26,2,28,71
10/17/2022,SPI,IL,AGL,CE,Towers with Radar,4,3,7,0,14,0,3,11,0,14,4,6,18,0,28,4,5,9,37
10/18/2022,SPI,IL,AGL,CE,Towers with Radar,4,5,8,0,17,0,3,9,0,12,4,8,17,0,29,15,3,18,47
10/19/2022,SPI,IL,AGL,CE,Towers with Radar,6,3,12,1,22,0,5,15,4,24,6,8,27,5,46,10,8,18,64
10/20/2022,SPI,IL,AGL,CE,Towers with Radar,4,9,12,4,29,0,14,12,0,26,4,23,24,4,55,10,12,22,77
10/21/2022,SPI,IL,AGL,CE,Towers with Radar,5,5,10,2,22,0,3,23,5,31,5,8,33,7,53,7,8,15,68
10/22/2022,SPI,IL,AGL,CE,Towers with Radar,6,3,2,2,13,0,1,11,1,13,6,4,13,3,26,10,1,11,37
10/23/2022,SPI,IL,AGL,CE,Towers with Radar,4,4,11,1,20,0,6,24,0,30,4,10,35,1,50,2,8,10,60
10/24/2022,SPI,IL,AGL,CE,Towers with Radar,4,5,5,2,16,0,11,7,3,21,4,16,12,5,37,1,12,13,50
10/25/2022,SPI,IL,AGL,CE,Towers with Radar,4,4,7,0,15,0,0,0,0,0,4,4,7,0,15,0,0,0,15
10/26/2022,SPI,IL,AGL,CE,Towers with Radar,6,2,8,2,18,0,3,36,4,43,6,5,44,6,61,34,11,45,106
10/27/2022,SPI,IL,AGL,CE,Towers with Radar,4,12,9,0,25,0,7,23,5,35,4,19,32,5,60,32,12,44,104
10/28/2022,SPI,IL,AGL,CE,Towers with Radar,3,7,14,2,26,0,3,18,0,21,3,10,32,2,47,16,7,23,70
10/29/2022,SPI,IL,AGL,CE,Towers with Radar,8,10,1,0,19,0,10,20,0,30,8,20,21,0,49,28,3,31,80
10/30/2022,SPI,IL,AGL,CE,Towers with Radar,5,5,12,0,22,0,1,2,0,3,5,6,14,0,25,0,0,0,25
10/31/2022,SPI,IL,AGL,CE,Towers with Radar,4,1,17,4,26,0,1,0,0,1,4,2,17,4,27,0,1,1,28
11/01/2022,SPI,IL,AGL,CE,Towers with Radar,7,3,4,4,18,0,0,19,12,31,7,3,23,16,49,22,10,32,81
11/02/2022,SPI,IL,AGL,CE,Towers with Radar,7,4,10,13,34,0,5,33,1,39,7,9,43,14,73,59,1,60,133
11/03/2022,SPI,IL,AGL,CE,Towers with Radar,4,16,10,2,32,0,1,11,4,16,4,17,21,6,48,10,8,18,66
11/04/2022,SPI,IL,AGL,CE,Towers with Radar,4,3,8,0,15,0,4,3,1,8,4,7,11,1,23,0,5,5,28
11/05/2022,SPI,IL,AGL,CE,Towers with Radar,7,2,1,0,10,0,1,1,0,2,7,3,2,0,12,0,10,10,22
11/06/2022,SPI,IL,AGL,CE,Towers with Radar,5,4,5,0,14,0,2,10,0,12,5,6,15,0,26,10,1,11,37
11/07/2022,SPI,IL,AGL,CE,Towers with Radar,4,4,11,1,20,0,4,18,3,25,4,8,29,4,45,6,6,12,57
11/08/2022,SPI,IL,AGL,CE,Towers with Radar,4,5,10,0,19,0,9,22,2,33,4,14,32,2,52,14,10,24,76
11/09/2022,SPI,IL,AGL,CE,Towers with Radar,6,2,6,5,19,0,5,29,4,38,6,7,35,9,57,38,19,57,114
11/10/2022,SPI,IL,AGL,CE,Towers with Radar,4,8,15,1,28,0,6,16,0,22,4,14,31,1,50,16,12,28,78
11/11/2022,SPI,IL,AGL,CE,Towers with Radar,4,6,10,0,20,0,2,11,0,13,4,8,21,0,33,19,4,23,56
11/12/2022,SPI,IL,AGL,CE,Towers with Radar,5,2,3,0,10,0,2,3,0,5,5,4,6,0,15,0,2,2,17
11/13/2022,SPI,IL,AGL,CE,Towers with Radar,4,4,12,0,20,0,0,27,0,27,4,4,39,0,47,39,2,41,88
11/14/2022,SPI,IL,AGL,CE,Towers with Radar,4,9,12,0,25,0,5,39,1,45,4,14,51,1,70,26,5,31,101
11/15/2022,SPI,IL,AGL,CE,Towers with Radar,4,5,6,0,15,0,0,0,0,0,4,5,6,0,15,0,0,0,15
11/16/2022,SPI,IL,AGL,CE,Towers with Radar,9,6,13,2,30,0,8,4,5,17,9,14,17,7,47,6,4,10,57
11/17/2022,SPI,IL,AGL,CE,Towers with Radar,4,4,3,1,12,0,3,8,5,16,4,7,11,6,28,2,11,13,41
11/18/2022,SPI,IL,AGL,CE,Towers with Radar,2,5,4,0,11,1,1,7,4,13,3,6,11,4,24,0,7,7,31
11/19/2022,SPI,IL,AGL,CE,Towers with Radar,8,4,7,0,19,0,0,9,0,9,8,4,16,0,28,8,6,14,42
11/20/2022,SPI,IL,AGL,CE,Towers with Radar,4,3,6,0,13,0,5,22,0,27,4,8,28,0,40,0,5,5,45
11/21/2022,SPI,IL,AGL,CE,Towers with Radar,3,5,8,6,22,1,3,17,3,24,4,8,25,9,46,0,3,3,49
11/22/2022,SPI,IL,AGL,CE,Towers with Radar,6,3,16,1,26,0,12,23,3,38,6,15,39,4,64,18,6,24,88
11/23/2022,SPI,IL,AGL,CE,Towers with Radar,4,4,10,6,24,0,6,21,0,27,4,10,31,6,51,18,7,25,76
11/24/2022,SPI,IL,AGL,CE,Towers with Radar,2,2,0,0,4,0,0,0,0,0,2,2,0,0,4,0,0,0,4
11/25/2022,SPI,IL,AGL,CE,Towers with Radar,6,2,9,0,17,0,2,14,0,16,6,4,23,0,33,28,1,29,62
11/26/2022,SPI,IL,AGL,CE,Towers with Radar,8,5,10,0,23,0,5,21,0,26,8,10,31,0,49,9,7,16,65
11/27/2022,SPI,IL,AGL,CE,Towers with Radar,3,3,7,0,13,1,1,1,0,3,4,4,8,0,16,0,1,1,17
11/28/2022,SPI,IL,AGL,CE,Towers with Radar,6,4,9,0,19,0,12,4,0,16,6,16,13,0,35,28,11,39,74
11/29/2022,SPI,IL,AGL,CE,Towers with Radar,4,7,7,0,18,0,4,6,4,14,4,11,13,4,32,0,4,4,36
11/30/2022,SPI,IL,AGL,CE,Towers with Radar,8,4,4,4,20,0,6,5,2,13,8,10,9,6,33,0,4,4,37
12/01/2022,SPI,IL,AGL,CE,Towers with Radar,4,8,10,3,25,0,12,22,0,34,4,20,32,3,59,7,39,46,105
12/02/2022,SPI,IL,AGL,CE,Towers with Radar,4,2,9,0,15,0,3,8,4,15,4,5,17,4,30,0,13,13,43
12/03/2022,SPI,IL,AGL,CE,Towers with Radar,8,2,2,0,12,0,6,18,0,24,8,8,20,0,36,6,8,14,50
12/04/2022,SPI,IL,AGL,CE,Towers with Radar,4,2,7,0,13,0,3,27,0,30,4,5,34,0,43,65,4,69,112
12/05/2022,SPI,IL,AGL,CE,Towers with Radar,4,6,15,0,25,0,0,3,0,3,4,6,18,0,28,3,0,3,31
12/06/2022,SPI,IL,AGL,CE,Towers with Radar,4,4,18,0,26,0,0,0,0,0,4,4,18,0,26,0,0,0,26
12/07/2022,SPI,IL,AGL,CE,Towers with Radar,8,7,8,1,24,0,0,16,0,16,8,7,24,1,40,28,0,28,68
12/08/2022,SPI,IL,AGL,CE,Towers with Radar,4,2,12,0,18,0,0,0,0,0,4,2,12,0,18,4,0,4,22
12/09/2022,SPI,IL,AGL,CE,Towers with Radar,6,4,15,0,25,0,0,7,0,7,6,4,22,0,32,6,0,6,38
12/10/2022,SPI,IL,AGL,CE,Towers with Radar,8,2,15,0,25,0,0,1,0,1,8,2,16,0,26,0,0,0,26
12/11/2022,SPI,IL,AGL,CE,Towers with Radar,4,4,7,0,15,0,0,8,0,8,4,4,15,0,23,0,4,4,27
12/12/2022,SPI,IL,AGL,CE,Towers with Radar,4,4,2,2,12,0,3,4,0,7,4,7,6,2,19,8,1,9,28
12/13/2022,SPI,IL,AGL,CE,Towers with Radar,3,2,7,1,13,0,1,1,1,3,3,3,8,2,16,0,15,15,31
12/14/2022,SPI,IL,AGL,CE,Towers with Radar,3,2,6,2,13,0,0,0,0,0,3,2,6,2,13,0,1,1,14
12/15/2022,SPI,IL,AGL,CE,Towers with Radar,8,4,13,13,38,0,4,23,0,27,8,8,36,13,65,0,0,0,65
12/16/2022,SPI,IL,AGL,CE,Towers with Radar,4,4,8,0,16,0,0,7,0,7,4,4,15,0,23,0,7,7,30
12/17/2022,SPI,IL,AGL,CE,Towers with Radar,4,1,5,0,10,0,3,10,0,13,4,4,15,0,23,0,9,9,32
12/18/2022,SPI,IL,AGL,CE,Towers with Radar,8,8,18,0,34,0,0,27,0,27,8,8,45,0,61,13,0,13,74
12/19/2022,SPI,IL,AGL,CE,Towers with Radar,4,2,19,5,30,0,7,13,3,23,4,9,32,8,53,12,20,32,85
12/20/2022,SPI,IL,AGL,CE,Towers with Radar,4,2,17,10,33,0,8,27,0,35,4,10,44,10,68,35,5,40,108
12/21/2022,SPI,IL,AGL,CE,Towers with Radar,8,2,23,11,44,0,1,2,0,3,8,3,25,11,47,0,0,0,47
12/22/2022,SPI,IL,AGL,CE,Towers with Radar,4,2,3,0,9,0,1,0,0,1,4,3,3,0,10,0,2,2,12
12/23/2022,SPI,IL,AGL,CE,Towers with Radar,0,1,0,0,1,0,0,0,0,0,0,1,0,0,1,0,0,0,1
12/24/2022,SPI,IL,AGL,CE,Towers with Radar,8,0,0,0,8,0,6,5,0,11,8,6,5,0,19,6,5,11,30
12/25/2022,SPI,IL,AGL,CE,Towers with Radar,6,2,0,0,8,0,2,13,0,15,6,4,13,0,23,0,16,16,39
12/26/2022,SPI,IL,AGL,CE,Towers with Radar,5,2,18,0,25,1,1,0,0,2,6,3,18,0,27,0,0,0,27
12/27/2022,SPI,IL,AGL,CE,Towers with Radar,4,4,4,0,12,0,15,9,0,24,4,19,13,0,36,9,11,20,56
12/28/2022,SPI,IL,AGL,CE,Towers with Radar,8,3,9,0,20,0,1,2,0,3,8,4,11,0,23,0,0,0,23
12/29/2022,SPI,IL,AGL,CE,Towers with Radar,4,2,8,0,14,0,3,1,1,5,4,5,9,1,19,4,6,10,29
12/30/2022,SPI,IL,AGL,CE,Towers with Radar,4,3,9,0,16,0,1,10,0,11,4,4,19,0,27,19,1,20,47
12/31/2022,SPI,IL,AGL,CE,Towers with Radar,8,4,9,0,21,0,0,28,0,28,8,4,37,0,49,20,2,22,71
01/01/2023,SPI,IL,AGL,CE,Towers with Radar,5,2,13,0,20,0,0,2,0,2,5,2,15,0,22,46,1,47,69
01/02/2023,SPI,IL,AGL,CE,Towers with Radar,7,8,7,0,22,0,0,0,0,0,7,8,7,0,22,0,0,0,22
01/03/2023,SPI,IL,AGL,CE,Towers with Radar,4,3,12,0,19,0,2,4,0,6,4,5,16,0,25,14,4,18,43
01/04/2023,SPI,IL,AGL,CE,Towers with Radar,8,5,21,5,39,0,2,15,7,24,8,7,36,12,63,23,26,49,112
01/05/2023,SPI,IL,AGL,CE,Towers with Radar,4,2,14,0,20,0,1,4,1,6,4,3,18,1,26,0,0,0,26
01/06/2023,SPI,IL,AGL,CE,Towers with Radar,4,4,14,40,62,0,4,34,0,38,4,8,48,40,100,55,45,100,200
01/07/2023,SPI,IL,AGL,CE,Towers with Radar,8,2,6,9,25,0,3,11,0,14,8,5,17,9,39,8,19,27,66
01/08/2023,SPI,IL,AGL,CE,Towers with Radar,3,9,5,1,18,0,1,4,0,5,3,10,9,1,23,7,7,14,37
01/09/2023,SPI,IL,AGL,CE,Towers with Radar,3,17,6,2,28,0,0,13,2,15,3,17,19,4,43,84,8,92,135
01/10/2023,SPI,IL,AGL,CE,Towers with Radar,2,7,14,10,33,0,1,46,2,49,2,8,60,12,82,86,37,123,205
01/11/2023,SPI,IL,AGL,CE,Towers with Radar,6,5,14,4,29,0,2,32,0,34,6,7,46,4,63,83,1,84,147
01/12/2023,SPI,IL,AGL,CE,Towers with Radar,1,4,6,0,11,1,0,0,1,2,2,4,6,1,13,0,0,0,13
01/13/2023,SPI,IL,AGL,CE,Towers with Radar,1,2,9,0,12,1,1,3,0,5,2,3,12,0,17,10,1,11,28
01/14/2023,SPI,IL,AGL,CE,Towers with Radar,5,2,22,0,29,0,0,28,0,28,5,2,50,0,57,40,2,42,99
01/15/2023,SPI,IL,AGL,CE,Towers with Radar,2,2,4,0,8,0,10,25,0,35,2,12,29,0,43,4,14,18,61
01/16/2023,SPI,IL,AGL,CE,Towers with Radar,2,2,2,4,10,0,2,2,0,4,2,4,4,4,14,6,4,10,24
01/17/2023,SPI,IL,AGL,CE,Towers with Radar,2,4,13,0,19,0,3,9,0,12,2,7,22,0,31,8,9,17,48
01/18/2023,SPI,IL,AGL,CE,Towers with Radar,6,6,4,3,19,0,0,0,0,0,6,6,4,3,19,0,0,0,19
01/19/2023,SPI,IL,AGL,CE,Towers with Radar,1,2,7,0,10,1,0,1,0,2,2,2,8,0,12,0,0,0,12
01/20/2023,SPI,IL,AGL,CE,Towers with Radar,2,2,6,3,13,0,2,2,1,5,2,4,8,4,18,46,2,48,66
01/21/2023,SPI,IL,AGL,CE,Towers with Radar,6,4,4,0,14,0,3,21,0,24,6,7,25,0,38,25,3,28,66
01/22/2023,SPI,IL,AGL,CE,Towers with Radar,2,5,4,0,11,0,3,3,0,6,2,8,7,0,17,11,5,16,33
01/23/2023,SPI,IL,AGL,CE,Towers with Radar,2,4,13,0,19,0,3,14,0,17,2,7,27,0,36,53,31,84,120
01/24/2023,SPI,IL,AGL,CE,Towers with Radar,2,1,11,2,16,0,1,23,2,26,2,2,34,4,42,44,11,55,97
01/25/2023,SPI,IL,AGL,CE,Towers with Radar,6,4,7,0,17,0,1,0,1,2,6,5,7,1,19,0,0,0,19
01/26/2023,SPI,IL,AGL,CE,Towers with Radar,2,2,4,4,12,0,1,6,2,9,2,3,10,6,21,20,13,33,54
01/27/2023,SPI,IL,AGL,CE,Towers with Radar,2,12,4,0,18,0,2,14,0,16,2,14,18,0,34,2,3,5,39
01/28/2023,SPI,IL,AGL,CE,Towers with Radar,8,14,12,0,34,0,4,16,0,20,8,18,28,0,54,18,7,25,79
01/29/2023,SPI,IL,AGL,CE,Towers with Radar,2,4,8,0,14,0,0,0,0,0,2,4,8,0,14,0,0,0,14
01/30/2023,SPI,IL,AGL,CE,Towers with Radar,0,5,9,3,17,0,1,13,0,14,0,6,22,3,31,0,7,7,38
01/31/2023,SPI,IL,AGL,CE,Towers with Radar,0,5,20,5,30,0,6,20,4,30,0,11,40,9,60,20,39,59,119
02/01/2023,SPI,IL,AGL,CE,Towers with Radar,6,2,22,0,30,0,1,18,6,25,6,3,40,6,55,6,13,19,74
02/02/2023,SPI,IL,AGL,CE,Towers with Radar,2,4,5,0,11,0,15,31,7,53,2,19,36,7,64,23,4,27,91
02/03/2023,SPI,IL,AGL,CE,Towers with Radar,2,4,14,7,27,0,7,21,0,28,2,11,35,7,55,6,23,29,84
02/04/2023,SPI,IL,AGL,CE,Towers with Radar,8,1,6,0,15,0,2,4,0,6,8,3,10,0,21,0,2,2,23
02/05/2023,SPI,IL,AGL,CE,Towers with Radar,2,5,8,0,15,0,4,13,0,17,2,9,21,0,32,15,6,21,53
02/06/2023,SPI,IL,AGL,CE,Towers with Radar,2,2,11,0,15,0,2,10,2,14,2,4,21,2,29,0,6,6,35
02/07/2023,SPI,IL,AGL,CE,Towers with Radar,2,6,7,0,15,0,10,20,0,30,2,16,27,0,45,3,7,10,55
02/08/2023,SPI,IL,AGL,CE,Towers with Radar,6,4,12,0,22,0,1,6,0,7,6,5,18,0,29,0,1,1,30
02/09/2023,SPI,IL,AGL,CE,Towers with Radar,2,19,5,3,29,0,0,0,6,6,2,19,5,9,35,2,0,2,37
02/10/2023,SPI,IL,AGL,CE,Towers with Radar,2,3,14,0,19,0,8,19,2,29,2,11,33,2,48,0,13,13,61
02/11/2023,SPI,IL,AGL,CE,Towers with Radar,6,4,13,0,23,0,5,29,0,34,6,9,42,0,57,8,4,12,69
02/12/2023,SPI,IL,AGL,CE,Towers with Radar,2,4,5,0,11,0,3,20,0,23,2,7,25,0,34,18,3,21,55
02/13/2023,SPI,IL,AGL,CE,Towers with Radar,2,2,6,10,20,0,5,16,2,23,2,7,22,12,43,15,36,51,94
02/14/2023,SPI,IL,AGL,CE,Towers with Radar,2,3,4,0,9,0,1,0,0,1,2,4,4,0,10,4,0,4,14
02/15/2023,SPI,IL,AGL,CE,Towers with Radar,2,9,6,2,19,0,2,11,0,13,2,11,17,2,32,0,3,3,35
02/16/2023,SPI,IL,AGL,CE,Towers with Radar,2,8,5,0,15,0,0,0,0,0,2,8,5,0,15,0,0,0,15
02/17/2023,SPI,IL,AGL,CE,Towers with Radar,3,12,11,0,26,1,7,11,2,21,4,19,22,2,47,6,4,10,57
02/18/2023,SPI,IL,AGL,CE,Towers with Radar,6,8,12,0,26,0,0,13,0,13,6,8,25,0,39,0,0,0,39
02/19/2023,SPI,IL,AGL,CE,Towers with Radar,2,2,5,0,9,0,1,15,0,16,2,3,20,0,25,0,9,9,34
02/20/2023,SPI,IL,AGL,CE,Towers with Radar,4,6,16,0,26,0,1,13,0,14,4,7,29,0,40,7,0,7,47
02/21/2023,SPI,IL,AGL,CE,Towers with Radar,2,5,6,4,17,0,2,30,5,37,2,7,36,9,54,20,7,27,81
02/22/2023,SPI,IL,AGL,CE,Towers with Radar,2,2,7,0,11,0,1,0,0,1,2,3,7,0,12,2,0,2,14
02/23/2023,SPI,IL,AGL,CE,Towers with Radar,1,3,5,0,9,1,2,4,0,7,2,5,9,0,16,0,2,2,18
02/24/2023,SPI,IL,AGL,CE,Towers with Radar,4,7,10,2,23,0,6,17,0,23,4,13,27,2,46,19,4,23,69
02/25/2023,SPI,IL,AGL,CE,Towers with Radar,6,3,15,0,24,0,0,5,7,12,6,3,20,7,36,24,20,44,80
02/26/2023,SPI,IL,AGL,CE,Towers with Radar,2,2,9,0,13,0,4,22,0,26,2,6,31,0,39,34,0,34,73
02/27/2023,SPI,IL,AGL,CE,Towers with Radar,4,2,4,0,10,0,1,1,0,2,4,3,5,0,12,0,0,0,12
02/28/2023,SPI,IL,AGL,CE,Towers with Radar,2,5,22,6,35,0,5,15,0,20,2,10,37,6,55,20,10,30,85
03/01/2023,SPI,IL,AGL,CE,Towers with Radar,4,4,16,6,30,0,5,32,1,38,4,9,48,7,68,48,11,59,127
03/02/2023,SPI,IL,AGL,CE,Towers with Radar,2,4,7,17,30,0,8,12,1,21,2,12,19,18,51,20,24,44,95
03/03/2023,SPI,IL,AGL,CE,Towers with Radar,6,2,3,0,11,0,0,2,0,2,6,2,5,0,13,0,0,0,13
03/04/2023,SPI,IL,AGL,CE,Towers with Radar,6,5,9,0,20,0,3,25,1,29,6,8,34,1,49,25,5,30,79
03/05/2023,SPI,IL,AGL,CE,Towers with Radar,4,3,7,3,17,0,2,25,4,31,4,5,32,7,48,14,16,30,78
03/06/2023,SPI,IL,AGL,CE,Towers with Radar,4,6,10,2,22,0,6,20,0,26,4,12,30,2,48,6,2,8,56
03/07/2023,SPI,IL,AGL,CE,Towers with Radar,2,2,11,2,17,0,6,15,2,23,2,8,26,4,40,0,7,7,47
03/08/2023,SPI,IL,AGL,CE,Towers with Radar,2,2,14,4,22,0,4,6,1,11,2,6,20,5,33,22,16,38,71
03/09/2023,SPI,IL,AGL,CE,Towers with Radar,2,2,8,0,12,0,3,4,0,7,2,5,12,0,19,2,37,39,58
03/10/2023,SPI,IL,AGL,CE,Towers with Radar,4,4,11,0,19,0,3,9,0,12,4,7,20,0,31,0,4,4,35
03/11/2023,SPI,IL,AGL,CE,Towers with Radar,5,4,7,2,18,1,1,6,0,8,6,5,13,2,26,12,1,13,39
03/12/2023,SPI,IL,AGL,CE,Towers with Radar,2,6,4,2,14,0,3,0,0,3,2,9,4,2,17,0,3,3,20
03/13/2023,SPI,IL,AGL,CE,Towers with Radar,4,2,6,0,12,0,0,1,0,1,4,2,7,0,13,12,0,12,25
03/14/2023,SPI,IL,AGL,CE,Towers with Radar,2,7,11,6,26,0,10,41,2,53,2,17,52,8,79,26,11,37,116
03/15/2023,SPI,IL,AGL,CE,Towers with Radar,2,3,13,4,22,0,11,40,2,53,2,14,53,6,75,14,19,33,108
03/16/2023,SPI,IL,AGL,CE,Towers with Radar,2,2,9,5,18,0,3,4,0,7,2,5,13,5,25,0,0,0,25
03/17/2023,SPI,IL,AGL,CE,Towers with Radar,4,4,8,6,22,0,9,4,2,15,4,13,12,8,37,0,19,19,56
03/18/2023,SPI,IL,AGL,CE,Towers with Radar,6,2,7,0,15,0,1,1,0,2,6,3,8,0,17,0,0,0,17
03/19/2023,SPI,IL,AGL,CE,Towers with Radar,2,3,39,2,46,0,4,20,0,24,2,7,59,2,70,18,7,25,95
03/20/2023,SPI,IL,AGL,CE,Towers with Radar,4,5,13,2,24,0,4,12,2,18,4,9,25,4,42,0,8,8,50
03/21/2023,SPI,IL,AGL,CE,Towers with Radar,2,6,11,9,28,0,3,5,2,10,2,9,16,11,38,0,6,6,44
03/22/2023,SPI,IL,AGL,CE,Towers with Radar,2,2,4,0,8,0,0,1,0,1,2,2,5,0,9,0,1,1,10
03/23/2023,SPI,IL,AGL,CE,Towers with Radar,4,2,11,2,19,0,0,0,0,0,4,2,11,2,19,0,0,0,19
03/24/2023,SPI,IL,AGL,CE,Towers with Radar,4,2,20,10,36,0,1,3,0,4,4,3,23,10,40,5,1,6,46
03/25/2023,SPI,IL,AGL,CE,Towers with Radar,6,4,9,0,19,0,0,6,0,6,6,4,15,0,25,16,4,20,45
03/26/2023,SPI,IL,AGL,CE,Towers with Radar,3,6,33,0,42,0,4,23,0,27,3,10,56,0,69,0,4,4,73
03/27/2023,SPI,IL,AGL,CE,Towers with Radar,6,4,32,2,44,0,2,14,0,16,6,6,46,2,60,16,12,28,88
03/28/2023,SPI,IL,AGL,CE,Towers with Radar,2,8,27,0,37,0,2,16,2,20,2,10,43,2,57,28,3,31,88
03/29/2023,SPI,IL,AGL,CE,Towers with Radar,2,12,28,5,47,0,10,24,1,35,2,22,52,6,82,18,12,30,112
03/30/2023,SPI,IL,AGL,CE,Towers with Radar,2,10,19,9,40,0,8,13,4,25,2,18,32,13,65,24,3,27,92
03/31/2023,SPI,IL,AGL,CE,Towers with Radar,4,2,1,4,11,0,0,0,0,0,4,2,1,4,11,8,9,17,28
04/01/2023,SPI,IL,AGL,CE,Towers with Radar,5,2,2,0,9,0,7,3,0,10,5,9,5,0,19,0,12,12,31
04/02/2023,SPI,IL,AGL,CE,Towers with Radar,2,6,16,0,24,0,2,15,0,17,2,8,31,0,41,6,0,6,47
04/03/2023,SPI,IL,AGL,CE,Towers with Radar,4,7,17,6,34,0,6,17,0,23,4,13,34,6,57,14,12,26,83
04/04/2023,SPI,IL,AGL,CE,Towers with Radar,4,9,7,0,20,0,4,1,0,5,4,13,8,0,25,0,3,3,28
04/05/2023,SPI,IL,AGL,CE,Towers with Radar,2,4,10,6,22,0,3,3,2,8,2,7,13,8,30,10,3,13,43
04/06/2023,SPI,IL,AGL,CE,Towers with Radar,2,9,26,5,42,0,11,26,2,39,2,20,52,7,81,7,8,15,96
04/07/2023,SPI,IL,AGL,CE,Towers with Radar,4,6,32,4,46,0,5,26,4,35,4,11,58,8,81,37,0,37,118
04/08/2023,SPI,IL,AGL,CE,Towers with Radar,5,3,20,0,28,0,2,26,0,28,5,5,46,0,56,4,2,6,62
04/09/2023,SPI,IL,AGL,CE,Towers with Radar,2,2,22,2,28,0,8,17,4,29,2,10,39,6,57,13,9,22,79
04/10/2023,SPI,IL,AGL,CE,Towers with Radar,4,6,36,0,46,0,4,22,0,26,4,10,58,0,72,25,1,26,98
04/11/2023,SPI,IL,AGL,CE,Towers with Radar,1,8,29,5,43,1,5,24,3,33,2,13,53,8,76,38,5,43,119
04/12/2023,SPI,IL,AGL,CE,Towers with Radar,2,4,24,7,37,0,3,8,3,14,2,7,32,10,51,26,13,39,90
04/13/2023,SPI,IL,AGL,CE,Towers with Radar,2,12,23,4,41,0,12,17,4,33,2,24,40,8,74,0,6,6,80
04/14/2023,SPI,IL,AGL,CE,Towers with Radar,5,4,22,6,37,0,4,10,1,15,5,8,32,7,52,14,5,19,71
04/15/2023,SPI,IL,AGL,CE,Towers with Radar,3,2,12,0,17,0,2,14,0,16,3,4,26,0,33,0,3,3,36
04/16/2023,SPI,IL,AGL,CE,Towers with Radar,2,2,6,0,10,0,0,0,0,0,2,2,6,0,10,0,0,0,10
04/17/2023,SPI,IL,AGL,CE,Towers with Radar,6,2,7,0,15,0,6,3,0,9,6,8,10,0,24,0,4,4,28
04/18/2023,SPI,IL,AGL,CE,Towers with Radar,2,5,35,6,48,0,12,19,4,35,2,17,54,10,83,30,30,60,143
04/19/2023,SPI,IL,AGL,CE,Towers with Radar,2,3,12,1,18,0,4,6,1,11,2,7,18,2,29,0,0,0,29
04/20/2023,SPI,IL,AGL,CE,Towers with Radar,1,4,13,2,20,1,1,8,0,10,2,5,21,2,30,0,2,2,32
04/21/2023,SPI,IL,AGL,CE,Towers with Radar,4,4,19,2,29,0,3,7,2,12,4,7,26,4,41,17,3,20,61
04/22/2023,SPI,IL,AGL,CE,Towers with Radar,3,6,4,0,13,0,3,3,0,6,3,9,7,0,19,0,3,3,22
04/23/2023,SPI,IL,AGL,CE,Towers with Radar,2,2,27,0,31,0,0,16,0,16,2,2,43,0,47,4,1,5,52
04/24/2023,SPI,IL,AGL,CE,Towers with Radar,4,7,28,2,41,0,4,16,0,20,4,11,44,2,61,4,4,8,69
04/25/2023,SPI,IL,AGL,CE,Towers with Radar,2,7,20,4,33,0,2,5,2,9,2,9,25,6,42,18,3,21,63
04/26/2023,SPI,IL,AGL,CE,Towers with Radar,2,4,19,11,36,0,4,15,3,22,2,8,34,14,58,32,2,34,92
04/27/2023,SPI,IL,AGL,CE,Towers with Radar,2,13,41,3,59,0,15,15,3,33,2,28,56,6,92,50,35,85,177
04/28/2023,SPI,IL,AGL,CE,Towers with Radar,4,8,18,7,37,0,8,22,3,33,4,16,40,10,70,63,17,80,150
04/29/2023,SPI,IL,AGL,CE,Towers with Radar,3,7,8,0,18,0,3,3,0,6,3,10,11,0,24,0,3,3,27
04/30/2023,SPI,IL,AGL,CE,Towers with Radar,2,3,13,0,18,0,0,4,0,4,2,3,17,0,22,0,0,0,22
05/01/2023,SPI,IL,AGL,CE,Towers with Radar,4,6,10,0,20,0,4,1,0,5,4,10,11,0,25,0,3,3,28
05/02/2023,SPI,IL,AGL,CE,Towers with Radar,1,6,11,2,20,1,4,3,2,10,2,10,14,4,30,0,4,4,34
05/03/2023,SPI,IL,AGL,CE,Towers with Radar,4,7,25,3,39,0,2,16,1,19,4,9,41,4,58,14,1,15,73
05/04/2023,SPI,IL,AGL,CE,Towers with Radar,2,6,15,2,25,0,0,13,2,15,2,6,28,4,40,53,4,57,97
05/05/2023,SPI,IL,AGL,CE,Towers with Radar,4,2,9,3,18,0,8,1,5,14,4,10,10,8,32,21,9,30,62
05/06/2023,SPI,IL,AGL,CE,Towers with Radar,5,4,13,0,22,0,4,1,1,6,5,8,14,1,28,0,6,6,34
05/07/2023,SPI,IL,AGL,CE,Towers with Radar,2,1,9,0,12,0,3,5,0,8,2,4,14,0,20,0,4,4,24
05/08/2023,SPI,IL,AGL,CE,Towers with Radar,4,3,14,1,22,0,7,3,1,11,4,10,17,2,33,4,34,38,71
05/09/2023,SPI,IL,AGL,CE,Towers with Radar,0,9,17,9,35,1,5,6,3,15,1,14,23,12,50,10,38,48,98
05/10/2023,SPI,IL,AGL,CE,Towers with Radar,3,7,21,1,32,0,7,13,3,23,3,14,34,4,55,16,9,25,80
05/11/2023,SPI,IL,AGL,CE,Towers with Radar,2,4,16,1,23,0,4,10,1,15,2,8,26,2,38,0,3,3,41
05/12/2023,SPI,IL,AGL,CE,Towers with Radar,4,5,11,0,20,0,5,6,0,11,4,10,17,0,31,12,10,22,53
05/13/2023,SPI,IL,AGL,CE,Towers with Radar,3,2,16,0,21,0,3,5,0,8,3,5,21,0,29,0,1,1,30
05/14/2023,SPI,IL,AGL,CE,Towers with Radar,2,4,4,0,10,0,5,3,0,8,2,9,7,0,18,0,4,4,22
05/15/2023,SPI,IL,AGL,CE,Towers with Radar,4,3,12,2,21,0,6,5,0,11,4,9,17,2,32,8,17,25,57
05/16/2023,SPI,IL,AGL,CE,Towers with Radar,3,2,18,0,23,0,5,9,7,21,3,7,27,7,44,10,9,19,63
05/17/2023,SPI,IL,AGL,CE,Towers with Radar,4,12,37,0,53,0,12,24,0,36,4,24,61,0,89,52,18,70,159
05/18/2023,SPI,IL,AGL,CE,Towers with Radar,2,17,21,7,47,0,9,17,2,28,2,26,38,9,75,28,24,52,127
05/19/2023,SPI,IL,AGL,CE,Towers with Radar,4,7,16,16,43,0,4,6,0,10,4,11,22,16,53,4,9,13,66
05/20/2023,SPI,IL,AGL,CE,Towers with Radar,2,5,23,0,30,0,8,15,0,23,2,13,38,0,53,14,10,24,77
05/21/2023,SPI,IL,AGL,CE,Towers with Radar,4,2,13,0,19,0,10,8,0,18,4,12,21,0,37,16,8,24,61
05/22/2023,SPI,IL,AGL,CE,Towers with Radar,4,3,24,2,33,0,2,15,2,19,4,5,39,4,52,32,2,34,86
05/23/2023,SPI,IL,AGL,CE,Towers with Radar,1,5,30,4,40,0,1,26,0,27,1,6,56,4,67,56,2,58,125
05/24/2023,SPI,IL,AGL,CE,Towers with Radar,3,9,18,2,32,0,8,17,0,25,3,17,35,2,57,3,15,18,75
05/25/2023,SPI,IL,AGL,CE,Towers with Radar,2,6,24,7,39,0,0,13,1,14,2,6,37,8,53,30,12,42,95
05/26/2023,SPI,IL,AGL,CE,Towers with Radar,4,3,28,1,36,0,7,22,1,30,4,10,50,2,66,28,8,36,102
05/27/2023,SPI,IL,AGL,CE,Towers with Radar,2,3,26,0,31,0,4,19,0,23,2,7,45,0,54,18,8,26,80
05/28/2023,SPI,IL,AGL,CE,Towers with Radar,2,7,18,0,27,0,3,16,0,19,2,10,34,0,46,6,5,11,57
05/29/2023,SPI,IL,AGL,CE,Towers with Radar,4,2,17,1,24,0,2,13,0,15,4,4,30,1,39,50,4,54,93
05/30/2023,SPI,IL,AGL,CE,Towers with Radar,3,6,11,14,34,0,4,12,3,19,3,10,23,17,53,10,19,29,82
05/31/2023,SPI,IL,AGL,CE,Towers with Radar,3,5,16,1,25,0,5,16,1,22,3,10,32,2,47,42,9,51,98
06/01/2023,SPI,IL,AGL,CE,Towers with Radar,0,4,17,2,23,0,5,8,1,14,0,9,25,3,37,12,4,16,53
06/02/2023,SPI,IL,AGL,CE,Towers with Radar,2,6,22,2,32,0,5,10,4,19,2,11,32,6,51,17,7,24,75
06/03/2023,SPI,IL,AGL,CE,Towers with Radar,0,4,12,0,16,0,3,12,0,15,0,7,24,0,31,0,3,3,34
06/04/2023,SPI,IL,AGL,CE,Towers with Radar,0,6,16,0,22,0,3,15,0,18,0,9,31,0,40,6,2,8,48
06/05/2023,SPI,IL,AGL,CE,Towers with Radar,2,5,14,0,21,0,7,10,0,17,2,12,24,0,38,30,8,38,76
06/06/2023,SPI,IL,AGL,CE,Towers with Radar,0,10,10,6,26,0,4,11,0,15,0,14,21,6,41,40,3,43,84
06/07/2023,SPI,IL,AGL,CE,Towers with Radar,0,14,23,0,37,0,4,7,0,11,0,18,30,0,48,34,7,41,89
06/08/2023,SPI,IL,AGL,CE,Towers with Radar,0,7,9,1,17,0,10,12,5,27,0,17,21,6,44,8,19,27,71
06/09/2023,SPI,IL,AGL,CE,Towers with Radar,2,3,18,4,27,0,4,20,0,24,2,7,38,4,51,48,9,57,108
06/10/2023,SPI,IL,AGL,CE,Towers with Radar,0,4,16,2,22,0,0,13,2,15,0,4,29,4,37,6,4,10,47
06/11/2023,SPI,IL,AGL,CE,Towers with Radar,0,10,17,0,27,0,1,2,0,3,0,11,19,0,30,0,6,6,36
06/12/2023,SPI,IL,AGL,CE,Towers with Radar,2,8,11,0,21,0,9,7,0,16,2,17,18,0,37,0,13,13,50
06/13/2023,SPI,IL,AGL,CE,Towers with Radar,2,6,17,8,33,0,4,8,4,16,2,10,25,12,49,14,3,17,66
06/14/2023,SPI,IL,AGL,CE,Towers with Radar,0,4,24,2,30,0,1,19,2,22,0,5,43,4,52,8,3,11,63
06/15/2023,SPI,IL,AGL,CE,Towers with Radar,0,9,15,2,26,0,7,4,2,13,0,16,19,4,39,12,4,16,55
06/16/2023,SPI,IL,AGL,CE,Towers with Radar,4,9,26,4,43,0,10,26,4,40,4,19,52,8,83,25,12,37,120
06/17/2023,SPI,IL,AGL,CE,Towers with Radar,0,11,21,0,32,0,2,14,0,16,0,13,35,0,48,34,6,40,88
06/18/2023,SPI,IL,AGL,CE,Towers with Radar,0,5,6,0,11,0,1,6,0,7,0,6,12,0,18,10,4,14,32
06/19/2023,SPI,IL,AGL,CE,Towers with Radar,2,4,19,0,25,0,5,13,4,22,2,9,32,4,47,39,6,45,92
06/20/2023,SPI,IL,AGL,CE,Towers with Radar,2,5,15,0,22,0,4,14,0,18,2,9,29,0,40,0,4,4,44
06/21/2023,SPI,IL,AGL,CE,Towers with Radar,0,6,17,0,23,0,8,12,2,22,0,14,29,2,45,14,18,32,77
06/22/2023,SPI,IL,AGL,CE,Towers with Radar,0,12,40,9,61,0,4,13,0,17,0,16,53,9,78,60,9,69,147
06/23/2023,SPI,IL,AGL,CE,Towers with Radar,4,8,26,8,46,0,4,14,2,20,4,12,40,10,66,14,13,27,93
06/24/2023,SPI,IL,AGL,CE,Towers with Radar,0,4,11,1,16,0,10,12,0,22,0,14,23,1,38,14,15,29,67
06/25/2023,SPI,IL,AGL,CE,Towers with Radar,0,4,5,0,9,0,5,5,0,10,0,9,10,0,19,0,11,11,30
06/26/2023,SPI,IL,AGL,CE,Towers with Radar,2,5,17,0,24,0,4,5,0,9,2,9,22,0,33,4,6,10,43
06/27/2023,SPI,IL,AGL,CE,Towers with Radar,0,8,24,8,40,0,6,12,7,25,0,14,36,15,65,6,6,12,77
06/28/2023,SPI,IL,AGL,CE,Towers with Radar,0,6,12,1,19,0,0,1,0,1,0,6,13,1,20,0,0,0,20
06/29/2023,SPI,IL,AGL,CE,Towers with Radar,0,1,14,1,16,0,1,7,1,9,0,2,21,2,25,0,3,3,28
06/30/2023,SPI,IL,AGL,CE,Towers with Radar,2,5,16,4,27,0,9,8,0,17,2,14,24,4,44,0,7,7,51
07/01/2023,SPI,IL,AGL,CE,Towers with Radar,0,3,9,0,12,0,2,5,0,7,0,5,14,0,19,0,1,1,20
07/02/2023,SPI,IL,AGL,CE,Towers with Radar,0,4,12,0,16,0,1,3,0,4,0,5,15,0,20,0,0,0,20
07/03/2023,SPI,IL,AGL,CE,Towers with Radar,2,5,23,0,30,0,10,15,0,25,2,15,38,0,55,36,7,43,98
07/04/2023,SPI,IL,AGL,CE,Towers with Radar,0,2,8,0,10,0,0,11,0,11,0,2,19,0,21,28,0,28,49
07/05/2023,SPI,IL,AGL,CE,Towers with Radar,0,1,17,0,18,0,7,11,0,18,0,8,28,0,36,0,12,12,48
07/06/2023,SPI,IL,AGL,CE,Towers with Radar,0,7,20,6,33,0,5,14,0,19,0,12,34,6,52,24,5,29,81
07/07/2023,SPI,IL,AGL,CE,Towers with Radar,2,8,31,4,45,0,8,21,1,30,2,16,52,5,75,36,31,67,142
07/08/2023,SPI,IL,AGL,CE,Towers with Radar,0,6,12,4,22,0,4,11,0,15,0,10,23,4,37,4,7,11,48
07/09/2023,SPI,IL,AGL,CE,Towers with Radar,0,4,21,0,25,0,3,19,0,22,0,7,40,0,47,26,4,30,77
07/10/2023,SPI,IL,AGL,CE,Towers with Radar,2,7,28,6,43,0,5,19,4,28,2,12,47,10,71,20,27,47,118
07/11/2023,SPI,IL,AGL,CE,Towers with Radar,0,13,19,2,34,0,13,17,4,34,0,26,36,6,68,18,7,25,93
07/12/2023,SPI,IL,AGL,CE,Towers with Radar,0,2,9,2,13,0,5,6,2,13,0,7,15,4,26,31,14,45,71
07/13/2023,SPI,IL,AGL,CE,Towers with Radar,0,8,30,2,40,0,2,12,2,16,0,10,42,4,56,43,32,75,131
07/14/2023,SPI,IL,AGL,CE,Towers with Radar,2,8,17,2,29,0,6,8,0,14,2,14,25,2,43,16,18,34,77
07/15/2023,SPI,IL,AGL,CE,Towers with Radar,0,4,11,0,15,0,11,7,0,18,0,15,18,0,33,74,9,83,116
07/16/2023,SPI,IL,AGL,CE,Towers with Radar,0,6,14,0,20,0,0,7,0,7,0,6,21,0,27,0,1,1,28
07/17/2023,SPI,IL,AGL,CE,Towers with Radar,2,4,17,0,23,0,2,6,0,8,2,6,23,0,31,28,19,47,78
07/18/2023,SPI,IL,AGL,CE,Towers with Radar,0,5,15,2,22,0,1,14,0,15,0,6,29,2,37,30,0,30,67
07/19/2023,SPI,IL,AGL,CE,Towers with Radar,0,9,32,2,43,0,9,17,4,30,0,18,49,6,73,8,9,17,90
07/20/2023,SPI,IL,AGL,CE,Towers with Radar,0,8,22,0,30,0,4,4,0,8,0,12,26,0,38,6,9,15,53
07/21/2023,SPI,IL,AGL,CE,Towers with Radar,2,6,24,5,37,0,10,18,9,37,2,16,42,14,74,40,30,70,144
07/22/2023,SPI,IL,AGL,CE,Towers with Radar,0,9,25,1,35,0,7,17,1,25,0,16,42,2,60,20,7,27,87
07/23/2023,SPI,IL,AGL,CE,Towers with Radar,0,6,16,0,22,0,6,11,0,17,0,12,27,0,39,0,5,5,44
07/24/2023,SPI,IL,AGL,CE,Towers with Radar,2,3,32,5,42,0,0,22,2,24,2,3,54,7,66,20,17,37,103
07/25/2023,SPI,IL,AGL,CE,Towers with Radar,0,5,16,8,29,0,1,7,0,8,0,6,23,8,37,0,6,6,43
07/26/2023,SPI,IL,AGL,CE,Towers with Radar,2,4,14,1,21,0,7,12,1,20,2,11,26,2,41,12,11,23,64
07/27/2023,SPI,IL,AGL,CE,Towers with Radar,0,6,22,1,29,0,14,10,1,25,0,20,32,2,54,38,18,56,110
07/28/2023,SPI,IL,AGL,CE,Towers with Radar,2,3,28,6,39,0,8,13,2,23,2,11,41,8,62,0,11,11,73
07/29/2023,SPI,IL,AGL,CE,Towers with Radar,0,3,24,0,27,0,5,13,0,18,0,8,37,0,45,12,4,16,61
07/30/2023,SPI,IL,AGL,CE,Towers with Radar,0,4,11,8,23,0,5,12,4,21,0,9,23,12,44,20,4,24,68
07/31/2023,SPI,IL,AGL,CE,Towers with Radar,2,6,18,0,26,0,2,11,0,13,2,8,29,0,39,8,4,12,51
08/01/2023,SPI,IL,AGL,CE,Towers with Radar,0,11,23,5,39,0,8,9,1,18,0,19,32,6,57,16,12,28,85
08/02/2023,SPI,IL,AGL,CE,Towers with Radar,0,3,12,3,18,0,1,1,0,2,0,4,13,3,20,0,1,1,21
08/03/2023,SPI,IL,AGL,CE,Towers with Radar,0,6,11,2,19,0,2,4,0,6,0,8,15,2,25,24,3,27,52
08/04/2023,SPI,IL,AGL,CE,Towers with Radar,2,6,10,10,28,0,10,13,4,27,2,16,23,14,55,21,21,42,97
08/05/2023,SPI,IL,AGL,CE,Towers with Radar,0,2,5,0,7,0,5,3,0,8,0,7,8,0,15,0,5,5,20
08/06/2023,SPI,IL,AGL,CE,Towers with Radar,0,4,9,3,16,0,3,21,3,27,0,7,30,6,43,0,4,4,47
08/07/2023,SPI,IL,AGL,CE,Towers with Radar,2,6,17,2,27,0,1,3,0,4,2,7,20,2,31,0,2,2,33
08/08/2023,SPI,IL,AGL,CE,Towers with Radar,0,6,27,5,38,0,7,21,4,32,0,13,48,9,70,14,14,28,98
08/09/2023,SPI,IL,AGL,CE,Towers with Radar,0,3,13,0,16,0,1,3,0,4,0,4,16,0,20,8,3,11,31
08/10/2023,SPI,IL,AGL,CE,Towers with Radar,2,6,16,8,32,0,3,10,2,15,2,9,26,10,47,14,5,19,66
08/11/2023,SPI,IL,AGL,CE,Towers with Radar,2,9,20,0,31,0,6,5,0,11,2,15,25,0,42,0,1,1,43
08/12/2023,SPI,IL,AGL,CE,Towers with Radar,0,4,23,0,27,0,9,21,0,30,0,13,44,0,57,28,7,35,92
08/13/2023,SPI,IL,AGL,CE,Towers with Radar,2,9,23,1,35,0,5,11,1,17,2,14,34,2,52,8,6,14,66
08/14/2023,SPI,IL,AGL,CE,Towers with Radar,2,6,21,3,32,0,3,10,1,14,2,9,31,4,46,0,27,27,73
08/15/2023,SPI,IL,AGL,CE,Towers with Radar,0,4,16,18,38,0,1,8,1,10,0,5,24,19,48,6,27,33,81
08/16/2023,SPI,IL,AGL,CE,Towers with Radar,0,10,25,2,37,0,5,10,1,16,0,15,35,3,53,62,3,65,118
08/17/2023,SPI,IL,AGL,CE,Towers with Radar,0,8,12,2,22,0,8,9,1,18,0,16,21,3,40,24,8,32,72
08/18/2023,SPI,IL,AGL,CE,Towers with Radar,0,9,16,1,26,0,17,16,1,34,0,26,32,2,60,74,9,83,143
08/19/2023,SPI,IL,AGL,CE,Towers with Radar,0,5,19,9,33,0,10,15,1,26,0,15,34,10,59,12,43,55,114
08/20/2023,SPI,IL,AGL,CE,Towers with Radar,0,5,28,0,33,0,3,23,0,26,0,8,51,0,59,26,8,34,93
08/21/2023,SPI,IL,AGL,CE,Towers with Radar,1,7,17,0,25,0,14,8,0,22,1,21,25,0,47,0,17,17,64
08/22/2023,SPI,IL,AGL,CE,Towers with Radar,2,4,19,5,30,0,9,10,1,20,2,13,29,6,50,0,10,10,60
08/23/2023,SPI,IL,AGL,CE,Towers with Radar,0,4,10,0,14,0,3,6,2,11,0,7,16,2,25,14,4,18,43
08/24/2023,SPI,IL,AGL,CE,Towers with Radar,0,8,20,3,31,0,7,11,0,18,0,15,31,3,49,8,31,39,88
08/25/2023,SPI,IL,AGL,CE,Towers with Radar,0,4,11,0,15,0,8,11,0,19,0,12,22,0,34,4,16,20,54
08/26/2023,SPI,IL,AGL,CE,Towers with Radar,0,3,14,0,17,0,0,5,1,6,0,3,19,1,23,22,0,22,45
08/27/2023,SPI,IL,AGL,CE,Towers with Radar,0,8,16,0,24,0,0,5,0,5,0,8,21,0,29,4,0,4,33
08/28/2023,SPI,IL,AGL,CE,Towers with Radar,0,7,18,3,28,0,8,10,4,22,0,15,28,7,50,4,17,21,71
08/29/2023,SPI,IL,AGL,CE,Towers with Radar,2,5,29,8,44,0,5,16,0,21,2,10,45,8,65,22,20,42,107
08/30/2023,SPI,IL,AGL,CE,Towers with Radar,0,16,19,11,46,0,10,6,2,18,0,26,25,13,64,62,16,78,142
08/31/2023,SPI,IL,AGL,CE,Towers with Radar,0,5,20,5,30,0,7,12,4,23,0,12,32,9,53,40,9,49,102
01/01/2020,SPI,IL,AGL,CE,Combined TRACON& Tower with Radar,0,11,5,0,16,0,1,17,0,18,0,12,22,0,34,24,2,26,60
01/02/2020,SPI,IL,AGL,CE,Combined TRACON& Tower with Radar,0,12,9,2,23,0,2,7,0,9,0,14,16,2,32,14,4,18,50
01/03/2020,SPI,IL,AGL,CE,Combined TRACON& Tower with Radar,2,13,5,0,20,0,0,2,0,2,2,13,7,0,22,0,1,1,23
01/04/2020,SPI,IL,AGL,CE,Combined TRACON& Tower with Radar,2,9,8,0,19,0,0,0,0,0,2,9,8,0,19,0,2,2,21
01/05/2020,SPI,IL,AGL,CE,Combined TRACON& Tower with Radar,0,12,23,1,36,0,0,7,0,7,0,12,30,1,43,28,3,31,74
01/06/2020,SPI,IL,AGL,CE,Combined TRACON& Tower with Radar,2,11,19,0,32,0,1,29,0,30,2,12,48,0,62,26,2,28,90
01/07/2020,SPI,IL,AGL,CE,Combined TRACON& Tower with Radar,0,7,17,2,26,0,0,13,0,13,0,7,30,2,39,4,1,5,44
01/08/2020,SPI,IL,AGL,CE,Combined TRACON& Tower with Radar,2,11,31,0,44,0,0,35,1,36,2,11,66,1,80,32,3,35,115
01/09/2020,SPI,IL,AGL,CE,Combined TRACON& Tower with Radar,0,9,6,1,16,0,3,1,0,4,0,12,7,1,20,0,1,1,21
01/10/2020,SPI,IL,AGL,CE,Combined TRACON& Tower with Radar,0,7,10,0,17,0,0,0,0,0,0,7,10,0,17,0,0,0,17
01/11/2020,SPI,IL,AGL,CE,Combined TRACON& Tower with Radar,2,6,4,0,12,0,0,0,0,0,2,6,4,0,12,0,0,0,12
01/12/2020,SPI,IL,AGL,CE,Combined TRACON& Tower with Radar,0,6,5,0,11,0,0,1,0,1,0,6,6,0,12,0,0,0,12
01/13/2020,SPI,IL,AGL,CE,Combined TRACON& Tower with Radar,0,9,20,0,29,0,0,0,0,0,0,9,20,0,29,0,0,0,29
01/14/2020,SPI,IL,AGL,CE,Combined TRACON& Tower with Radar,0,7,19,3,29,0,0,10,2,12,0,7,29,5,41,22,0,22,63
01/15/2020,SPI,IL,AGL,CE,Combined TRACON& Tower with Radar,2,12,6,2,22,0,0,0,0,0,2,12,6,2,22,0,0,0,22
01/16/2020,SPI,IL,AGL,CE,Combined TRACON& Tower with Radar,0,11,18,17,46,0,4,7,1,12,0,15,25,18,58,12,30,42,100
01/17/2020,SPI,IL,AGL,CE,Combined TRACON& Tower with Radar,0,7,12,7,26,0,0,3,0,3,0,7,15,7,29,12,3,15,44
01/18/2020,SPI,IL,AGL,CE,Combined TRACON& Tower with Radar,2,4,6,0,12,0,1,0,0,1,2,5,6,0,13,0,2,2,15
01/19/2020,SPI,IL,AGL,CE,Combined TRACON& Tower with Radar,2,7,6,1,16,0,0,4,0,4,2,7,10,1,20,8,6,14,34
01/20/2020,SPI,IL,AGL,CE,Combined TRACON& Tower with Radar,0,7,10,0,17,0,0,4,0,4,0,7,14,0,21,28,3,31,52
01/21/2020,SPI,IL,AGL,CE,Combined TRACON& Tower with Radar,0,11,15,30,56,0,1,6,3,10,0,12,21,33,66,0,15,15,81
01/22/2020,SPI,IL,AGL,CE,Combined TRACON& Tower with Radar,2,8,13,0,23,0,0,7,0,7,2,8,20,0,30,0,4,4,34
01/23/2020,SPI,IL,AGL,CE,Combined TRACON& Tower with Radar,2,9,2,0,13,0,0,0,0,0,2,9,2,0,13,0,0,0,13
01/24/2020,SPI,IL,AGL,CE,Combined TRACON& Tower with Radar,0,9,4,0,13,0,0,0,0,0,0,9,4,0,13,0,0,0,13
01/25/2020,SPI,IL,AGL,CE,Combined TRACON& Tower with Radar,2,5,1,0,8,0,0,0,0,0,2,5,1,0,8,0,2,2,10
01/26/2020,SPI,IL,AGL,CE,Combined TRACON& Tower with Radar,0,7,17,0,24,0,0,15,2,17,0,7,32,2,41,30,2,32,73
01/27/2020,SPI,IL,AGL,CE,Combined TRACON& Tower with Radar,0,8,2,0,10,0,0,0,0,0,0,8,2,0,10,0,0,0,10
01/28/2020,SPI,IL,AGL,CE,Combined TRACON& Tower with Radar,0,7,12,0,19,0,0,0,0,0,0,7,12,0,19,0,0,0,19
01/29/2020,SPI,IL,AGL,CE,Combined TRACON& Tower with Radar,2,10,11,0,23,0,0,0,0,0,2,10,11,0,23,0,1,1,24
01/30/2020,SPI,IL,AGL,CE,Combined TRACON& Tower with Radar,0,7,18,17,42,0,0,1,0,1,0,7,19,17,43,10,2,12,55
01/31/2020,SPI,IL,AGL,CE,Combined TRACON& Tower with Radar,2,12,5,0,19,0,0,2,0,2,2,12,7,0,21,40,1,41,62
02/01/2020,SPI,IL,AGL,CE,Combined TRACON& Tower with Radar,2,5,8,0,15,0,0,0,3,3,2,5,8,3,18,0,0,0,18
02/02/2020,SPI,IL,AGL,CE,Combined TRACON& Tower with Radar,0,8,21,0,29,0,1,28,1,30,0,9,49,1,59,12,10,22,81
02/03/2020,SPI,IL,AGL,CE,Combined TRACON& Tower with Radar,2,12,11,2,27,0,1,14,0,15,2,13,25,2,42,20,3,23,65
02/04/2020,SPI,IL,AGL,CE,Combined TRACON& Tower with Radar,0,7,8,11,26,0,0,0,0,0,0,7,8,11,26,0,3,3,29
02/05/2020,SPI,IL,AGL,CE,Combined TRACON& Tower with Radar,2,11,3,2,18,0,0,0,1,1,2,11,3,3,19,0,0,0,19
02/06/2020,SPI,IL,AGL,CE,Combined TRACON& Tower with Radar,0,8,11,0,19,0,0,0,1,1,0,8,11,1,20,14,10,24,44
02/07/2020,SPI,IL,AGL,CE,Combined TRACON& Tower with Radar,2,9,5,4,20,0,0,21,3,24,2,9,26,7,44,2,11,13,57
02/08/2020,SPI,IL,AGL,CE,Combined TRACON& Tower with Radar,2,5,6,0,13,0,0,0,2,2,2,5,6,2,15,4,0,4,19
02/09/2020,SPI,IL,AGL,CE,Combined TRACON& Tower with Radar,1,8,2,0,11,0,0,0,0,0,1,8,2,0,11,0,1,1,12
02/10/2020,SPI,IL,AGL,CE,Combined TRACON& Tower with Radar,2,7,11,17,37,0,0,2,0,2,2,7,13,17,39,8,16,24,63
02/11/2020,SPI,IL,AGL,CE,Combined TRACON& Tower with Radar,0,10,15,25,50,0,1,16,1,18,0,11,31,26,68,0,46,46,114
02/12/2020,SPI,IL,AGL,CE,Combined TRACON& Tower with Radar,2,11,1,0,14,0,0,4,0,4,2,11,5,0,18,0,1,1,19
02/13/2020,SPI,IL,AGL,CE,Combined TRACON& Tower with Radar,3,7,8,4,22,0,0,4,0,4,3,7,12,4,26,0,0,0,26
02/14/2020,SPI,IL,AGL,CE,Combined TRACON& Tower with Radar,6,5,14,0,25,0,1,14,0,15,6,6,28,0,40,6,9,15,55
02/15/2020,SPI,IL,AGL,CE,Combined TRACON& Tower with Radar,6,6,7,0,19,0,2,8,0,10,6,8,15,0,29,0,4,4,33
02/16/2020,SPI,IL,AGL,CE,Combined TRACON& Tower with Radar,4,3,19,0,26,0,2,38,0,40,4,5,57,0,66,30,7,37,103
02/17/2020,SPI,IL,AGL,CE,Combined TRACON& Tower with Radar,6,6,9,0,21,0,0,0,0,0,6,6,9,0,21,0,1,1,22
02/18/2020,SPI,IL,AGL,CE,Combined TRACON& Tower with Radar,6,11,14,0,31,0,0,4,0,4,6,11,18,0,35,16,2,18,53
02/19/2020,SPI,IL,AGL,CE,Combined TRACON& Tower with Radar,6,10,25,4,45,0,0,16,0,16,6,10,41,4,61,64,0,64,125
02/20/2020,SPI,IL,AGL,CE,Combined TRACON& Tower with Radar,4,6,27,15,52,0,0,33,3,36,4,6,60,18,88,8,6,14,102
02/21/2020,SPI,IL,AGL,CE,Combined TRACON& Tower with Radar,6,3,17,1,27,0,0,14,0,14,6,3,31,1,41,22,2,24,65
02/22/2020,SPI,IL,AGL,CE,Combined TRACON& Tower with Radar,6,5,24,0,35,0,3,21,0,24,6,8,45,0,59,22,3,25,84
02/23/2020,SPI,IL,AGL,CE,Combined TRACON& Tower with Radar,4,7,24,0,35,0,0,24,0,24,4,7,48,0,59,78,9,87,146
02/24/2020,SPI,IL,AGL,CE,Combined TRACON& Tower with Radar,6,3,7,0,16,0,0,1,0,1,6,3,8,0,17,0,0,0,17
02/25/2020,SPI,IL,AGL,CE,Combined TRACON& Tower with Radar,4,7,6,0,17,0,0,0,0,0,4,7,6,0,17,0,0,0,17
02/26/2020,SPI,IL,AGL,CE,Combined TRACON& Tower with Radar,6,5,4,0,15,0,0,6,0,6,6,5,10,0,21,24,3,27,48
02/27/2020,SPI,IL,AGL,CE,Combined TRACON& Tower with Radar,4,8,11,1,24,0,4,27,3,34,4,12,38,4,58,26,23,49,107
02/28/2020,SPI,IL,AGL,CE,Combined TRACON& Tower with Radar,6,17,4,12,39,0,0,5,0,5,6,17,9,12,44,0,14,14,58
02/29/2020,SPI,IL,AGL,CE,Combined TRACON& Tower with Radar,6,3,13,0,22,0,0,38,0,38,6,3,51,0,60,84,3,87,147
03/01/2020,SPI,IL,AGL,CE,Combined TRACON& Tower with Radar,4,3,25,0,32,0,0,17,0,17,4,3,42,0,49,28,0,28,77
03/02/2020,SPI,IL,AGL,CE,Combined TRACON& Tower with Radar,6,5,10,4,25,0,3,13,0,16,6,8,23,4,41,26,7,33,74
03/03/2020,SPI,IL,AGL,CE,Combined TRACON& Tower with Radar,5,7,19,7,38,0,1,13,22,36,5,8,32,29,74,6,4,10,84
03/04/2020,SPI,IL,AGL,CE,Combined TRACON& Tower with Radar,5,15,15,0,35,0,5,34,0,39,5,20,49,0,74,10,11,21,95
03/05/2020,SPI,IL,AGL,CE,Combined TRACON& Tower with Radar,3,8,13,3,27,0,0,17,2,19,3,8,30,5,46,16,2,18,64
03/06/2020,SPI,IL,AGL,CE,Combined TRACON& Tower with Radar,6,3,15,0,24,0,0,22,3,25,6,3,37,3,49,4,2,6,55
03/07/2020,SPI,IL,AGL,CE,Combined TRACON& Tower with Radar,6,4,14,0,24,0,0,34,0,34,6,4,48,0,58,6,3,9,67
03/08/2020,SPI,IL,AGL,CE,Combined TRACON& Tower with Radar,4,3,4,0,11,0,1,25,0,26,4,4,29,0,37,2,4,6,43
03/09/2020,SPI,IL,AGL,CE,Combined TRACON& Tower with Radar,6,3,6,0,15,0,0,8,0,8,6,3,14,0,23,8,0,8,31
03/10/2020,SPI,IL,AGL,CE,Combined TRACON& Tower with Radar,6,4,8,9,27,0,0,0,0,0,6,4,8,9,27,26,1,27,54
03/11/2020,SPI,IL,AGL,CE,Combined TRACON& Tower with Radar,6,10,13,2,31,0,0,2,0,2,6,10,15,2,33,48,0,48,81
03/12/2020,SPI,IL,AGL,CE,Combined TRACON& Tower with Radar,3,4,11,0,18,0,0,0,0,0,3,4,11,0,18,0,0,0,18
03/13/2020,SPI,IL,AGL,CE,Combined TRACON& Tower with Radar,6,6,20,0,32,0,3,53,0,56,6,9,73,0,88,70,2,72,160
03/14/2020,SPI,IL,AGL,CE,Combined TRACON& Tower with Radar,6,3,2,0,11,0,0,0,0,0,6,3,2,0,11,0,1,1,12
03/15/2020,SPI,IL,AGL,CE,Combined TRACON& Tower with Radar,4,3,10,0,17,0,0,16,0,16,4,3,26,0,33,10,7,17,50
03/16/2020,SPI,IL,AGL,CE,Combined TRACON& Tower with Radar,16,7,11,35,69,0,0,2,1,3,16,7,13,36,72,0,12,12,84
03/17/2020,SPI,IL,AGL,CE,Combined TRACON& Tower with Radar,6,3,10,20,39,0,0,11,0,11,6,3,21,20,50,40,17,57,107
03/18/2020,SPI,IL,AGL,CE,Combined TRACON& Tower with Radar,6,5,8,2,21,0,0,0,0,0,6,5,8,2,21,0,0,0,21
03/19/2020,SPI,IL,AGL,CE,Combined TRACON& Tower with Radar,3,5,14,0,22,0,0,3,0,3,3,5,17,0,25,0,0,0,25
03/20/2020,SPI,IL,AGL,CE,Combined TRACON& Tower with Radar,6,7,8,15,36,0,1,2,3,6,6,8,10,18,42,1,18,19,61
03/21/2020,SPI,IL,AGL,CE,Combined TRACON& Tower with Radar,6,4,7,0,17,0,0,22,0,22,6,4,29,0,39,14,2,16,55
03/22/2020,SPI,IL,AGL,CE,Combined TRACON& Tower with Radar,4,2,0,0,6,0,0,5,0,5,4,2,5,0,11,2,1,3,14
03/23/2020,SPI,IL,AGL,CE,Combined TRACON& Tower with Radar,6,7,0,0,13,0,0,1,0,1,6,7,1,0,14,0,2,2,16
03/24/2020,SPI,IL,AGL,CE,Combined TRACON& Tower with Radar,4,4,1,0,9,0,0,2,0,2,4,4,3,0,11,0,3,3,14
03/25/2020,SPI,IL,AGL,CE,Combined TRACON& Tower with Radar,6,3,4,11,24,0,0,8,1,9,6,3,12,12,33,50,18,68,101
03/26/2020,SPI,IL,AGL,CE,Combined TRACON& Tower with Radar,4,4,5,6,19,0,0,2,0,2,4,4,7,6,21,0,0,0,21
03/27/2020,SPI,IL,AGL,CE,Combined TRACON& Tower with Radar,4,2,16,0,22,0,2,0,0,2,4,4,16,0,24,0,3,3,27
03/28/2020,SPI,IL,AGL,CE,Combined TRACON& Tower with Radar,5,2,0,0,7,0,0,0,0,0,5,2,0,0,7,0,2,2,9
03/29/2020,SPI,IL,AGL,CE,Combined TRACON& Tower with Radar,4,3,1,0,8,0,0,1,2,3,4,3,2,2,11,0,2,2,13
03/30/2020,SPI,IL,AGL,CE,Combined TRACON& Tower with Radar,4,5,4,0,13,0,0,24,0,24,4,5,28,0,37,30,2,32,69
03/31/2020,SPI,IL,AGL,CE,Combined TRACON& Tower with Radar,4,0,11,11,26,0,0,13,1,14,4,0,24,12,40,24,0,24,64
04/01/2020,SPI,IL,AGL,CE,Combined TRACON& Tower with Radar,4,0,7,0,11,0,0,30,4,34,4,0,37,4,45,30,2,32,77
04/02/2020,SPI,IL,AGL,CE,Combined TRACON& Tower with Radar,2,2,5,0,9,0,0,19,0,19,2,2,24,0,28,22,8,30,58
04/03/2020,SPI,IL,AGL,CE,Combined TRACON& Tower with Radar,4,3,13,16,36,0,0,4,2,6,4,3,17,18,42,6,14,20,62
04/04/2020,SPI,IL,AGL,CE,Combined TRACON& Tower with Radar,4,1,9,0,14,0,0,3,0,3,4,1,12,0,17,0,0,0,17
04/05/2020,SPI,IL,AGL,CE,Combined TRACON& Tower with Radar,4,1,6,0,11,0,1,44,0,45,4,2,50,0,56,7,6,13,69
04/06/2020,SPI,IL,AGL,CE,Combined TRACON& Tower with Radar,6,2,10,19,37,0,0,8,1,9,6,2,18,20,46,0,26,26,72
04/07/2020,SPI,IL,AGL,CE,Combined TRACON& Tower with Radar,4,3,3,10,20,0,0,15,2,17,4,3,18,12,37,2,14,16,53
04/08/2020,SPI,IL,AGL,CE,Combined TRACON& Tower with Radar,4,3,7,7,21,0,4,20,0,24,4,7,27,7,45,4,6,10,55
04/09/2020,SPI,IL,AGL,CE,Combined TRACON& Tower with Radar,4,2,1,4,11,0,4,4,0,8,4,6,5,4,19,6,0,6,25
04/10/2020,SPI,IL,AGL,CE,Combined TRACON& Tower with Radar,2,5,8,4,19,0,0,28,0,28,2,5,36,4,47,2,4,6,53
04/11/2020,SPI,IL,AGL,CE,Combined TRACON& Tower with Radar,3,0,5,0,8,0,0,18,0,18,3,0,23,0,26,2,1,3,29
04/12/2020,SPI,IL,AGL,CE,Combined TRACON& Tower with Radar,3,2,4,0,9,0,0,2,0,2,3,2,6,0,11,0,9,9,20
04/13/2020,SPI,IL,AGL,CE,Combined TRACON& Tower with Radar,5,3,0,0,8,0,0,10,0,10,5,3,10,0,18,12,1,13,31
04/14/2020,SPI,IL,AGL,CE,Combined TRACON& Tower with Radar,4,2,5,4,15,0,2,21,0,23,4,4,26,4,38,18,4,22,60
04/15/2020,SPI,IL,AGL,CE,Combined TRACON& Tower with Radar,4,1,6,18,29,0,0,14,0,14,4,1,20,18,43,2,14,16,59
04/16/2020,SPI,IL,AGL,CE,Combined TRACON& Tower with Radar,4,5,6,0,15,0,0,1,0,1,4,5,7,0,16,0,1,1,17
04/17/2020,SPI,IL,AGL,CE,Combined TRACON& Tower with Radar,6,2,11,2,21,0,1,1,0,2,6,3,12,2,23,0,3,3,26
04/18/2020,SPI,IL,AGL,CE,Combined TRACON& Tower with Radar,4,0,7,0,11,0,0,51,2,53,4,0,58,2,64,24,3,27,91
04/19/2020,SPI,IL,AGL,CE,Combined TRACON& Tower with Radar,4,1,4,0,9,0,0,24,4,28,4,1,28,4,37,0,0,0,37
04/20/2020,SPI,IL,AGL,CE,Combined TRACON& Tower with Radar,6,2,29,0,37,0,2,24,2,28,6,4,53,2,65,32,1,33,98
04/21/2020,SPI,IL,AGL,CE,Combined TRACON& Tower with Radar,4,1,7,2,14,0,2,21,0,23,4,3,28,2,37,22,6,28,65
04/22/2020,SPI,IL,AGL,CE,Combined TRACON& Tower with Radar,5,5,1,1,12,0,2,9,3,14,5,7,10,4,26,2,7,9,35
04/23/2020,SPI,IL,AGL,CE,Combined TRACON& Tower with Radar,5,0,8,0,13,0,2,4,0,6,5,2,12,0,19,0,4,4,23
04/24/2020,SPI,IL,AGL,CE,Combined TRACON& Tower with Radar,6,1,9,21,37,0,0,13,6,19,6,1,22,27,56,6,3,9,65
04/25/2020,SPI,IL,AGL,CE,Combined TRACON& Tower with Radar,4,1,4,0,9,0,0,0,0,0,4,1,4,0,9,0,0,0,9
04/26/2020,SPI,IL,AGL,CE,Combined TRACON& Tower with Radar,6,0,10,0,16,0,1,33,0,34,6,1,43,0,50,26,15,41,91
04/27/2020,SPI,IL,AGL,CE,Combined TRACON& Tower with Radar,6,0,8,7,21,0,0,13,5,18,6,0,21,12,39,14,12,26,65
04/28/2020,SPI,IL,AGL,CE,Combined TRACON& Tower with Radar,4,1,5,0,10,0,0,9,0,9,4,1,14,0,19,6,3,9,28
04/29/2020,SPI,IL,AGL,CE,Combined TRACON& Tower with Radar,2,4,4,0,10,0,0,3,0,3,2,4,7,0,13,0,0,0,13
04/30/2020,SPI,IL,AGL,CE,Combined TRACON& Tower with Radar,2,1,6,7,16,0,0,11,6,17,2,1,17,13,33,2,5,7,40
05/01/2020,SPI,IL,AGL,CE,Combined TRACON& Tower with Radar,2,0,14,0,16,0,0,36,0,36,2,0,50,0,52,0,0,0,52
05/02/2020,SPI,IL,AGL,CE,Combined TRACON& Tower with Radar,0,0,5,0,5,0,0,28,1,29,0,0,33,1,34,0,2,2,36
05/03/2020,SPI,IL,AGL,CE,Combined TRACON& Tower with Radar,2,2,2,0,6,0,0,11,0,11,2,2,13,0,17,10,0,10,27
05/04/2020,SPI,IL,AGL,CE,Combined TRACON& Tower with Radar,3,4,5,16,28,0,3,23,2,28,3,7,28,18,56,6,17,23,79
05/05/2020,SPI,IL,AGL,CE,Combined TRACON& Tower with Radar,2,0,1,0,3,0,0,0,0,0,2,0,1,0,3,0,0,0,3
05/06/2020,SPI,IL,AGL,CE,Combined TRACON& Tower with Radar,0,2,10,5,17,0,2,18,3,23,0,4,28,8,40,8,0,8,48
05/07/2020,SPI,IL,AGL,CE,Combined TRACON& Tower with Radar,0,2,4,0,6,0,0,21,3,24,0,2,25,3,30,12,2,14,44
05/08/2020,SPI,IL,AGL,CE,Combined TRACON& Tower with Radar,2,4,10,12,28,0,0,9,0,9,2,4,19,12,37,2,12,14,51
05/09/2020,SPI,IL,AGL,CE,Combined TRACON& Tower with Radar,1,2,14,0,17,0,1,64,0,65,1,3,78,0,82,36,2,38,120
05/10/2020,SPI,IL,AGL,CE,Combined TRACON& Tower with Radar,0,4,5,0,9,0,1,2,0,3,0,5,7,0,12,0,6,6,18
05/11/2020,SPI,IL,AGL,CE,Combined TRACON& Tower with Radar,2,4,6,10,22,0,1,18,0,19,2,5,24,10,41,0,14,14,55
05/12/2020,SPI,IL,AGL,CE,Combined TRACON& Tower with Radar,0,4,4,12,20,0,0,25,0,25,0,4,29,12,45,8,24,32,77
05/13/2020,SPI,IL,AGL,CE,Combined TRACON& Tower with Radar,0,6,13,12,31,0,0,0,0,0,0,6,13,12,31,0,0,0,31
05/14/2020,SPI,IL,AGL,CE,Combined TRACON& Tower with Radar,0,4,7,2,13,0,0,1,3,4,0,4,8,5,17,0,2,2,19
05/15/2020,SPI,IL,AGL,CE,Combined TRACON& Tower with Radar,0,8,15,0,23,0,0,4,0,4,0,8,19,0,27,0,1,1,28
05/16/2020,SPI,IL,AGL,CE,Combined TRACON& Tower with Radar,2,4,5,0,11,0,0,12,0,12,2,4,17,0,23,18,1,19,42
05/17/2020,SPI,IL,AGL,CE,Combined TRACON& Tower with Radar,0,8,4,0,12,0,0,0,0,0,0,8,4,0,12,0,0,0,12
05/18/2020,SPI,IL,AGL,CE,Combined TRACON& Tower with Radar,0,4,9,0,13,0,0,1,0,1,0,4,10,0,14,2,0,2,16
05/19/2020,SPI,IL,AGL,CE,Combined TRACON& Tower with Radar,0,5,14,1,20,0,0,0,0,0,0,5,14,1,20,0,0,0,20
05/20/2020,SPI,IL,AGL,CE,Combined TRACON& Tower with Radar,0,7,11,16,34,0,0,1,0,1,0,7,12,16,35,0,1,1,36
05/21/2020,SPI,IL,AGL,CE,Combined TRACON& Tower with Radar,0,5,15,32,52,0,3,2,0,5,0,8,17,32,57,16,2,18,75
05/22/2020,SPI,IL,AGL,CE,Combined TRACON& Tower with Radar,0,4,15,0,19,0,0,27,1,28,0,4,42,1,47,18,1,19,66
05/23/2020,SPI,IL,AGL,CE,Combined TRACON& Tower with Radar,2,4,5,0,11,0,1,19,0,20,2,5,24,0,31,24,3,27,58
05/24/2020,SPI,IL,AGL,CE,Combined TRACON& Tower with Radar,0,7,7,0,14,0,3,33,0,36,0,10,40,0,50,42,2,44,94
05/25/2020,SPI,IL,AGL,CE,Combined TRACON& Tower with Radar,0,4,4,0,8,0,0,18,0,18,0,4,22,0,26,2,0,2,28
05/26/2020,SPI,IL,AGL,CE,Combined TRACON& Tower with Radar,0,5,7,12,24,0,0,14,0,14,0,5,21,12,38,0,18,18,56
05/27/2020,SPI,IL,AGL,CE,Combined TRACON& Tower with Radar,0,7,0,1,8,0,0,0,0,0,0,7,0,1,8,0,1,1,9
05/28/2020,SPI,IL,AGL,CE,Combined TRACON& Tower with Radar,0,5,7,0,12,0,0,5,0,5,0,5,12,0,17,0,0,0,17
05/29/2020,SPI,IL,AGL,CE,Combined TRACON& Tower with Radar,0,6,15,11,32,0,0,32,1,33,0,6,47,12,65,6,16,22,87
05/30/2020,SPI,IL,AGL,CE,Combined TRACON& Tower with Radar,2,4,10,0,16,0,0,34,0,34,2,4,44,0,50,20,1,21,71
05/31/2020,SPI,IL,AGL,CE,Combined TRACON& Tower with Radar,0,8,6,0,14,0,1,32,1,34,0,9,38,1,48,24,9,33,81
06/01/2020,SPI,IL,AGL,CE,Combined TRACON& Tower with Radar,0,5,8,0,13,0,0,17,0,17,0,5,25,0,30,4,0,4,34
06/02/2020,SPI,IL,AGL,CE,Combined TRACON& Tower with Radar,0,6,9,0,15,0,0,24,0,24,0,6,33,0,39,14,3,17,56
06/03/2020,SPI,IL,AGL,CE,Combined TRACON& Tower with Radar,2,4,8,14,28,0,0,8,0,8,2,4,16,14,36,0,18,18,54
06/04/2020,SPI,IL,AGL,CE,Combined TRACON& Tower with Radar,0,3,7,0,10,0,0,5,0,5,0,3,12,0,15,16,4,20,35
06/05/2020,SPI,IL,AGL,CE,Combined TRACON& Tower with Radar,0,6,6,0,12,0,2,8,0,10,0,8,14,0,22,0,2,2,24
06/06/2020,SPI,IL,AGL,CE,Combined TRACON& Tower with Radar,2,3,3,0,8,0,1,14,0,15,2,4,17,0,23,14,2,16,39
06/07/2020,SPI,IL,AGL,CE,Combined TRACON& Tower with Radar,0,3,6,0,9,0,0,34,0,34,0,3,40,0,43,8,6,14,57
06/08/2020,SPI,IL,AGL,CE,Combined TRACON& Tower with Radar,0,3,5,16,24,0,0,27,0,27,0,3,32,16,51,12,32,44,95
06/09/2020,SPI,IL,AGL,CE,Combined TRACON& Tower with Radar,0,3,1,0,4,0,0,0,0,0,0,3,1,0,4,0,1,1,5
06/10/2020,SPI,IL,AGL,CE,Combined TRACON& Tower with Radar,2,4,5,14,25,0,0,13,2,15,2,4,18,16,40,0,0,0,40
06/11/2020,SPI,IL,AGL,CE,Combined TRACON& Tower with Radar,0,3,5,4,12,0,0,30,0,30,0,3,35,4,42,24,34,58,100
06/12/2020,SPI,IL,AGL,CE,Combined TRACON& Tower with Radar,0,3,15,10,28,0,2,30,0,32,0,5,45,10,60,40,6,46,106
06/13/2020,SPI,IL,AGL,CE,Combined TRACON& Tower with Radar,1,5,17,16,39,0,2,30,0,32,1,7,47,16,71,20,12,32,103
06/14/2020,SPI,IL,AGL,CE,Combined TRACON& Tower with Radar,0,3,10,0,13,0,0,26,0,26,0,3,36,0,39,2,0,2,41
06/15/2020,SPI,IL,AGL,CE,Combined TRACON& Tower with Radar,0,3,8,8,19,0,2,22,2,26,0,5,30,10,45,0,48,48,93
06/16/2020,SPI,IL,AGL,CE,Combined TRACON& Tower with Radar,0,4,5,3,12,0,3,28,5,36,0,7,33,8,48,22,12,34,82
06/17/2020,SPI,IL,AGL,CE,Combined TRACON& Tower with Radar,1,3,5,0,9,0,2,23,0,25,1,5,28,0,34,12,4,16,50
06/18/2020,SPI,IL,AGL,CE,Combined TRACON& Tower with Radar,0,5,6,12,23,0,0,34,0,34,0,5,40,12,57,0,37,37,94
06/19/2020,SPI,IL,AGL,CE,Combined TRACON& Tower with Radar,0,3,5,4,12,0,0,19,0,19,0,3,24,4,31,10,16,26,57
06/20/2020,SPI,IL,AGL,CE,Combined TRACON& Tower with Radar,2,4,2,0,8,0,0,12,0,12,2,4,14,0,20,16,1,17,37
06/21/2020,SPI,IL,AGL,CE,Combined TRACON& Tower with Radar,0,3,7,0,10,0,0,10,0,10,0,3,17,0,20,2,0,2,22
06/22/2020,SPI,IL,AGL,CE,Combined TRACON& Tower with Radar,0,3,16,6,25,0,0,17,2,19,0,3,33,8,44,2,26,28,72
06/23/2020,SPI,IL,AGL,CE,Combined TRACON& Tower with Radar,0,5,8,1,14,0,2,20,3,25,0,7,28,4,39,6,8,14,53
06/24/2020,SPI,IL,AGL,CE,Combined TRACON& Tower with Radar,2,3,8,16,29,0,2,10,0,12,2,5,18,16,41,5,16,21,62
06/25/2020,SPI,IL,AGL,CE,Combined TRACON& Tower with Radar,0,3,4,12,19,0,3,18,3,24,0,6,22,15,43,2,21,23,66
06/26/2020,SPI,IL,AGL,CE,Combined TRACON& Tower with Radar,0,3,8,0,11,0,0,8,0,8,0,3,16,0,19,29,3,32,51
06/27/2020,SPI,IL,AGL,CE,Combined TRACON& Tower with Radar,0,3,3,0,6,0,0,0,0,0,0,3,3,0,6,0,0,0,6
06/28/2020,SPI,IL,AGL,CE,Combined TRACON& Tower with Radar,0,3,4,0,7,0,0,7,0,7,0,3,11,0,14,16,1,17,31
06/29/2020,SPI,IL,AGL,CE,Combined TRACON& Tower with Radar,0,3,6,0,9,0,0,24,0,24,0,3,30,0,33,0,0,0,33
06/30/2020,SPI,IL,AGL,CE,Combined TRACON& Tower with Radar,0,3,4,0,7,0,0,0,0,0,0,3,4,0,7,0,0,0,7
07/01/2020,SPI,IL,AGL,CE,Combined TRACON& Tower with Radar,2,3,1,0,6,0,2,3,0,5,2,5,4,0,11,1,0,1,12
07/02/2020,SPI,IL,AGL,CE,Combined TRACON& Tower with Radar,0,3,8,0,11,0,0,17,0,17,0,3,25,0,28,2,0,2,30
07/03/2020,SPI,IL,AGL,CE,Combined TRACON& Tower with Radar,0,5,3,0,8,0,4,22,0,26,0,9,25,0,34,35,1,36,70
07/04/2020,SPI,IL,AGL,CE,Combined TRACON& Tower with Radar,2,3,4,0,9,0,0,22,5,27,2,3,26,5,36,20,0,20,56
07/05/2020,SPI,IL,AGL,CE,Combined TRACON& Tower with Radar,0,3,6,0,9,0,0,20,0,20,0,3,26,0,29,0,0,0,29
07/06/2020,SPI,IL,AGL,CE,Combined TRACON& Tower with Radar,0,4,9,0,13,0,3,23,0,26,0,7,32,0,39,2,4,6,45
07/07/2020,SPI,IL,AGL,CE,Combined TRACON& Tower with Radar,0,4,12,0,16,0,0,23,2,25,0,4,35,2,41,0,7,7,48
07/08/2020,SPI,IL,AGL,CE,Combined TRACON& Tower with Radar,4,8,8,0,20,0,0,20,0,20,4,8,28,0,40,0,1,1,41
07/09/2020,SPI,IL,AGL,CE,Combined TRACON& Tower with Radar,0,6,5,17,28,0,0,7,1,8,0,6,12,18,36,4,21,25,61
07/10/2020,SPI,IL,AGL,CE,Combined TRACON& Tower with Radar,0,7,12,0,19,0,0,23,0,23,0,7,35,0,42,12,0,12,54
07/11/2020,SPI,IL,AGL,CE,Combined TRACON& Tower with Radar,4,4,3,0,11,0,3,24,0,27,4,7,27,0,38,26,3,29,67
07/12/2020,SPI,IL,AGL,CE,Combined TRACON& Tower with Radar,0,11,12,0,23,0,1,39,1,41,0,12,51,1,64,70,3,73,137
07/13/2020,SPI,IL,AGL,CE,Combined TRACON& Tower with Radar,0,4,7,0,11,0,2,26,0,28,0,6,33,0,39,6,0,6,45
07/14/2020,SPI,IL,AGL,CE,Combined TRACON& Tower with Radar,0,4,7,1,12,0,0,25,1,26,0,4,32,2,38,20,0,20,58
07/15/2020,SPI,IL,AGL,CE,Combined TRACON& Tower with Radar,2,5,1,0,8,0,0,0,1,1,2,5,1,1,9,0,0,0,9
07/16/2020,SPI,IL,AGL,CE,Combined TRACON& Tower with Radar,0,7,8,4,19,0,6,17,4,27,0,13,25,8,46,42,1,43,89
07/17/2020,SPI,IL,AGL,CE,Combined TRACON& Tower with Radar,0,12,14,0,26,0,1,14,1,16,0,13,28,1,42,60,2,62,104
07/18/2020,SPI,IL,AGL,CE,Combined TRACON& Tower with Radar,1,5,8,0,14,0,0,19,0,19,1,5,27,0,33,16,4,20,53
07/19/2020,SPI,IL,AGL,CE,Combined TRACON& Tower with Radar,0,5,7,0,12,0,0,13,0,13,0,5,20,0,25,0,2,2,27
07/20/2020,SPI,IL,AGL,CE,Combined TRACON& Tower with Radar,0,4,9,6,19,0,2,20,0,22,0,6,29,6,41,0,15,15,56
07/21/2020,SPI,IL,AGL,CE,Combined TRACON& Tower with Radar,0,4,4,0,8,0,0,9,0,9,0,4,13,0,17,6,2,8,25
07/22/2020,SPI,IL,AGL,CE,Combined TRACON& Tower with Radar,2,4,12,0,18,0,0,7,0,7,2,4,19,0,25,48,0,48,73
07/23/2020,SPI,IL,AGL,CE,Combined TRACON& Tower with Radar,0,8,10,0,18,0,3,40,0,43,0,11,50,0,61,48,4,52,113
07/24/2020,SPI,IL,AGL,CE,Combined TRACON& Tower with Radar,0,5,16,7,28,0,2,36,1,39,0,7,52,8,67,4,10,14,81
07/25/2020,SPI,IL,AGL,CE,Combined TRACON& Tower with Radar,1,5,9,0,15,0,0,28,0,28,1,5,37,0,43,44,0,44,87
07/26/2020,SPI,IL,AGL,CE,Combined TRACON& Tower with Radar,0,5,8,0,13,0,0,25,0,25,0,5,33,0,38,0,0,0,38
07/27/2020,SPI,IL,AGL,CE,Combined TRACON& Tower with Radar,0,4,7,0,11,0,0,2,0,2,0,4,9,0,13,0,3,3,16
07/28/2020,SPI,IL,AGL,CE,Combined TRACON& Tower with Radar,0,8,5,4,17,0,0,38,0,38,0,8,43,4,55,22,6,28,83
07/29/2020,SPI,IL,AGL,CE,Combined TRACON& Tower with Radar,2,4,8,0,14,0,0,22,0,22,2,4,30,0,36,46,0,46,82
07/30/2020,SPI,IL,AGL,CE,Combined TRACON& Tower with Radar,0,5,9,0,14,0,0,1,0,1,0,5,10,0,15,0,0,0,15
07/31/2020,SPI,IL,AGL,CE,Combined TRACON& Tower with Radar,0,8,9,0,17,0,1,25,0,26,0,9,34,0,43,42,2,44,87
08/01/2020,SPI,IL,AGL,CE,Combined TRACON& Tower with Radar,1,7,9,0,17,0,0,7,0,7,1,7,16,0,24,20,0,20,44
08/02/2020,SPI,IL,AGL,CE,Combined TRACON& Tower with Radar,0,4,14,0,18,0,2,29,0,31,0,6,43,0,49,26,0,26,75
08/03/2020,SPI,IL,AGL,CE,Combined TRACON& Tower with Radar,0,5,9,16,30,0,0,2,0,2,0,5,11,16,32,6,0,6,38
08/04/2020,SPI,IL,AGL,CE,Combined TRACON& Tower with Radar,0,9,9,12,30,0,1,31,1,33,0,10,40,13,63,76,2,78,141
08/05/2020,SPI,IL,AGL,CE,Combined TRACON& Tower with Radar,2,7,5,0,14,0,1,27,3,31,2,8,32,3,45,54,0,54,99
08/06/2020,SPI,IL,AGL,CE,Combined TRACON& Tower with Radar,0,5,6,4,15,0,0,32,0,32,0,5,38,4,47,6,2,8,55
08/07/2020,SPI,IL,AGL,CE,Combined TRACON& Tower with Radar,0,6,6,0,12,0,1,30,2,33,0,7,36,2,45,30,2,32,77
08/08/2020,SPI,IL,AGL,CE,Combined TRACON& Tower with Radar,2,4,17,0,23,0,1,37,0,38,2,5,54,0,61,30,3,33,94
08/09/2020,SPI,IL,AGL,CE,Combined TRACON& Tower with Radar,0,6,8,0,14,0,2,5,0,7,0,8,13,0,21,8,2,10,31
08/10/2020,SPI,IL,AGL,CE,Combined TRACON& Tower with Radar,0,7,6,2,15,0,0,16,0,16,0,7,22,2,31,8,14,22,53
08/11/2020,SPI,IL,AGL,CE,Combined TRACON& Tower with Radar,0,9,13,0,22,0,0,12,0,12,0,9,25,0,34,38,0,38,72
08/12/2020,SPI,IL,AGL,CE,Combined TRACON& Tower with Radar,2,4,11,3,20,0,0,30,1,31,2,4,41,4,51,40,4,44,95
08/13/2020,SPI,IL,AGL,CE,Combined TRACON& Tower with Radar,0,4,5,3,12,0,3,19,1,23,0,7,24,4,35,72,10,82,117
08/14/2020,SPI,IL,AGL,CE,Combined TRACON& Tower with Radar,0,10,8,0,18,0,0,22,0,22,0,10,30,0,40,28,2,30,70
08/15/2020,SPI,IL,AGL,CE,Combined TRACON& Tower with Radar,2,4,3,0,9,0,1,30,0,31,2,5,33,0,40,56,6,62,102
08/16/2020,SPI,IL,AGL,CE,Combined TRACON& Tower with Radar,0,6,10,0,16,0,0,24,0,24,0,6,34,0,40,4,0,4,44
08/17/2020,SPI,IL,AGL,CE,Combined TRACON& Tower with Radar,0,7,16,0,23,0,0,30,0,30,0,7,46,0,53,12,0,12,65
08/18/2020,SPI,IL,AGL,CE,Combined TRACON& Tower with Radar,0,5,8,11,24,0,3,32,7,42,0,8,40,18,66,70,26,96,162
08/19/2020,SPI,IL,AGL,CE,Combined TRACON& Tower with Radar,0,4,10,0,14,0,2,31,0,33,0,6,41,0,47,50,2,52,99
08/20/2020,SPI,IL,AGL,CE,Combined TRACON& Tower with Radar,0,5,11,0,16,0,2,29,0,31,0,7,40,0,47,52,3,55,102
08/21/2020,SPI,IL,AGL,CE,Combined TRACON& Tower with Radar,0,6,15,13,34,0,0,35,5,40,0,6,50,18,74,44,10,54,128
08/22/2020,SPI,IL,AGL,CE,Combined TRACON& Tower with Radar,0,10,3,0,13,0,2,27,0,29,0,12,30,0,42,22,8,30,72
08/23/2020,SPI,IL,AGL,CE,Combined TRACON& Tower with Radar,1,5,4,0,10,0,2,20,0,22,1,7,24,0,32,42,4,46,78
08/24/2020,SPI,IL,AGL,CE,Combined TRACON& Tower with Radar,0,5,4,0,9,0,3,13,0,16,0,8,17,0,25,0,2,2,27
08/25/2020,SPI,IL,AGL,CE,Combined TRACON& Tower with Radar,0,6,9,17,32,0,3,22,3,28,0,9,31,20,60,48,38,86,146
08/26/2020,SPI,IL,AGL,CE,Combined TRACON& Tower with Radar,0,4,7,0,11,0,0,23,0,23,0,4,30,0,34,0,3,3,37
08/27/2020,SPI,IL,AGL,CE,Combined TRACON& Tower with Radar,0,6,6,5,17,0,4,21,2,27,0,10,27,7,44,6,2,8,52
08/28/2020,SPI,IL,AGL,CE,Combined TRACON& Tower with Radar,0,6,8,0,14,0,0,12,0,12,0,6,20,0,26,62,0,62,88
08/29/2020,SPI,IL,AGL,CE,Combined TRACON& Tower with Radar,0,6,8,0,14,0,3,23,0,26,0,9,31,0,40,20,3,23,63
08/30/2020,SPI,IL,AGL,CE,Combined TRACON& Tower with Radar,0,8,6,0,14,0,2,23,0,25,0,10,29,0,39,18,5,23,62
08/31/2020,SPI,IL,AGL,CE,Combined TRACON& Tower with Radar,0,7,9,2,18,0,1,9,4,14,0,8,18,6,32,4,0,4,36
09/01/2020,SPI,IL,AGL,CE,Combined TRACON& Tower with Radar,0,9,9,0,18,0,0,1,0,1,0,9,10,0,19,0,0,0,19
09/02/2020,SPI,IL,AGL,CE,Combined TRACON& Tower with Radar,0,3,10,0,13,0,2,13,0,15,0,5,23,0,28,10,2,12,40
09/03/2020,SPI,IL,AGL,CE,Combined TRACON& Tower with Radar,0,5,15,5,25,0,0,25,5,30,0,5,40,10,55,24,10,34,89
09/04/2020,SPI,IL,AGL,CE,Combined TRACON& Tower with Radar,0,4,7,0,11,0,3,40,6,49,0,7,47,6,60,20,2,22,82
09/05/2020,SPI,IL,AGL,CE,Combined TRACON& Tower with Radar,0,7,11,0,18,0,0,27,0,27,0,7,38,0,45,27,2,29,74
09/06/2020,SPI,IL,AGL,CE,Combined TRACON& Tower with Radar,2,5,6,0,13,0,0,7,0,7,2,5,13,0,20,10,0,10,30
09/07/2020,SPI,IL,AGL,CE,Combined TRACON& Tower with Radar,0,2,10,0,12,0,0,12,0,12,0,2,22,0,24,20,1,21,45
09/08/2020,SPI,IL,AGL,CE,Combined TRACON& Tower with Radar,0,3,9,10,22,0,0,0,0,0,0,3,9,10,22,12,19,31,53
09/09/2020,SPI,IL,AGL,CE,Combined TRACON& Tower with Radar,2,5,12,0,19,0,0,0,0,0,2,5,12,0,19,0,0,0,19
09/10/2020,SPI,IL,AGL,CE,Combined TRACON& Tower with Radar,0,5,28,0,33,0,1,0,0,1,0,6,28,0,34,0,2,2,36
09/11/2020,SPI,IL,AGL,CE,Combined TRACON& Tower with Radar,0,2,5,0,7,0,0,3,1,4,0,2,8,1,11,38,2,40,51
09/12/2020,SPI,IL,AGL,CE,Combined TRACON& Tower with Radar,0,2,10,0,12,0,0,3,0,3,0,2,13,0,15,28,2,30,45
09/13/2020,SPI,IL,AGL,CE,Combined TRACON& Tower with Radar,0,4,14,0,18,0,0,21,0,21,0,4,35,0,39,82,2,84,123
09/14/2020,SPI,IL,AGL,CE,Combined TRACON& Tower with Radar,0,5,12,0,17,0,1,32,0,33,0,6,44,0,50,8,19,27,77
09/15/2020,SPI,IL,AGL,CE,Combined TRACON& Tower with Radar,0,2,8,11,21,0,0,39,1,40,0,2,47,12,61,56,3,59,120
09/16/2020,SPI,IL,AGL,CE,Combined TRACON& Tower with Radar,0,5,10,1,16,0,2,29,1,32,0,7,39,2,48,12,0,12,60
09/17/2020,SPI,IL,AGL,CE,Combined TRACON& Tower with Radar,0,5,5,3,13,0,1,12,3,16,0,6,17,6,29,26,15,41,70
09/18/2020,SPI,IL,AGL,CE,Combined TRACON& Tower with Radar,0,3,13,8,24,0,4,12,0,16,0,7,25,8,40,22,27,49,89
09/19/2020,SPI,IL,AGL,CE,Combined TRACON& Tower with Radar,0,6,15,0,21,0,1,25,5,31,0,7,40,5,52,22,3,25,77
09/20/2020,SPI,IL,AGL,CE,Combined TRACON& Tower with Radar,0,2,6,0,8,0,3,27,2,32,0,5,33,2,40,10,3,13,53
09/21/2020,SPI,IL,AGL,CE,Combined TRACON& Tower with Radar,0,5,15,8,28,0,0,15,2,17,0,5,30,10,45,40,8,48,93
09/22/2020,SPI,IL,AGL,CE,Combined TRACON& Tower with Radar,0,4,6,2,12,0,2,18,0,20,0,6,24,2,32,18,0,18,50
09/23/2020,SPI,IL,AGL,CE,Combined TRACON& Tower with Radar,0,2,9,11,22,0,1,21,3,25,0,3,30,14,47,42,11,53,100
09/24/2020,SPI,IL,AGL,CE,Combined TRACON& Tower with Radar,0,4,8,8,20,0,4,19,11,34,0,8,27,19,54,30,18,48,102
09/25/2020,SPI,IL,AGL,CE,Combined TRACON& Tower with Radar,0,4,12,3,19,0,0,28,1,29,0,4,40,4,48,32,2,34,82
09/26/2020,SPI,IL,AGL,CE,Combined TRACON& Tower with Radar,0,2,9,0,11,0,1,10,0,11,0,3,19,0,22,18,0,18,40
09/27/2020,SPI,IL,AGL,CE,Combined TRACON& Tower with Radar,0,4,15,9,28,0,0,19,0,19,0,4,34,9,47,12,6,18,65
09/28/2020,SPI,IL,AGL,CE,Combined TRACON& Tower with Radar,0,2,9,0,11,0,0,9,0,9,0,2,18,0,20,0,2,2,22
09/29/2020,SPI,IL,AGL,CE,Combined TRACON& Tower with Radar,4,4,5,0,13,0,2,19,0,21,4,6,24,0,34,22,2,24,58
09/30/2020,SPI,IL,AGL,CE,Combined TRACON& Tower with Radar,2,2,7,2,13,0,1,12,0,13,2,3,19,2,26,2,6,8,34
10/01/2020,SPI,IL,AGL,CE,Combined TRACON& Tower with Radar,0,9,4,9,22,0,0,15,1,16,0,9,19,10,38,60,4,64,102
10/02/2020,SPI,IL,AGL,CE,Combined TRACON& Tower with Radar,0,8,18,0,26,0,1,20,0,21,0,9,38,0,47,28,4,32,79
10/03/2020,SPI,IL,AGL,CE,Combined TRACON& Tower with Radar,2,6,9,2,19,0,0,11,0,11,2,6,20,2,30,66,4,70,100
10/04/2020,SPI,IL,AGL,CE,Combined TRACON& Tower with Radar,0,10,12,0,22,0,4,13,0,17,0,14,25,0,39,2,4,6,45
10/05/2020,SPI,IL,AGL,CE,Combined TRACON& Tower with Radar,0,6,11,1,18,0,6,20,1,27,0,12,31,2,45,24,0,24,69
10/06/2020,SPI,IL,AGL,CE,Combined TRACON& Tower with Radar,0,4,17,4,25,0,2,16,2,20,0,6,33,6,45,36,3,39,84
10/07/2020,SPI,IL,AGL,CE,Combined TRACON& Tower with Radar,2,2,8,0,12,0,1,20,2,23,2,3,28,2,35,24,2,26,61
10/08/2020,SPI,IL,AGL,CE,Combined TRACON& Tower with Radar,0,3,5,1,9,0,2,21,1,24,0,5,26,2,33,37,4,41,74
10/09/2020,SPI,IL,AGL,CE,Combined TRACON& Tower with Radar,0,9,17,0,26,0,0,16,0,16,0,9,33,0,42,24,2,26,68
10/10/2020,SPI,IL,AGL,CE,Combined TRACON& Tower with Radar,2,6,24,0,32,0,0,22,2,24,2,6,46,2,56,12,3,15,71
10/11/2020,SPI,IL,AGL,CE,Combined TRACON& Tower with Radar,0,3,9,0,12,0,0,10,0,10,0,3,19,0,22,0,0,0,22
10/12/2020,SPI,IL,AGL,CE,Combined TRACON& Tower with Radar,0,5,4,0,9,0,0,1,0,1,0,5,5,0,10,0,2,2,12
10/13/2020,SPI,IL,AGL,CE,Combined TRACON& Tower with Radar,0,5,9,0,14,0,1,12,0,13,0,6,21,0,27,0,1,1,28
10/14/2020,SPI,IL,AGL,CE,Combined TRACON& Tower with Radar,2,3,6,0,11,0,4,6,0,10,2,7,12,0,21,0,0,0,21
10/15/2020,SPI,IL,AGL,CE,Combined TRACON& Tower with Radar,0,12,16,4,32,0,5,5,0,10,0,17,21,4,42,6,0,6,48
10/16/2020,SPI,IL,AGL,CE,Combined TRACON& Tower with Radar,0,6,17,2,25,0,1,22,0,23,0,7,39,2,48,12,4,16,64
10/17/2020,SPI,IL,AGL,CE,Combined TRACON& Tower with Radar,2,3,6,0,11,0,0,0,2,2,2,3,6,2,13,0,0,0,13
10/18/2020,SPI,IL,AGL,CE,Combined TRACON& Tower with Radar,0,5,24,0,29,0,2,14,0,16,0,7,38,0,45,0,0,0,45
10/19/2020,SPI,IL,AGL,CE,Combined TRACON& Tower with Radar,0,3,11,0,14,0,1,4,0,5,0,4,15,0,19,12,4,16,35
10/20/2020,SPI,IL,AGL,CE,Combined TRACON& Tower with Radar,0,4,9,1,14,0,1,6,0,7,0,5,15,1,21,2,1,3,24
10/21/2020,SPI,IL,AGL,CE,Combined TRACON& Tower with Radar,2,6,9,1,18,0,0,0,0,0,2,6,9,1,18,0,1,1,19
10/22/2020,SPI,IL,AGL,CE,Combined TRACON& Tower with Radar,0,7,9,3,19,0,2,12,1,15,0,9,21,4,34,8,2,10,44
10/23/2020,SPI,IL,AGL,CE,Combined TRACON& Tower with Radar,0,7,5,0,12,0,0,0,0,0,0,7,5,0,12,0,0,0,12
10/24/2020,SPI,IL,AGL,CE,Combined TRACON& Tower with Radar,2,2,20,0,24,0,0,26,0,26,2,2,46,0,50,32,0,32,82
10/25/2020,SPI,IL,AGL,CE,Combined TRACON& Tower with Radar,0,5,4,0,9,0,0,19,0,19,0,5,23,0,28,12,2,14,42
10/26/2020,SPI,IL,AGL,CE,Combined TRACON& Tower with Radar,0,6,4,2,12,0,0,1,0,1,0,6,5,2,13,0,0,0,13
10/27/2020,SPI,IL,AGL,CE,Combined TRACON& Tower with Radar,0,4,8,24,36,0,0,0,0,0,0,4,8,24,36,0,0,0,36
10/28/2020,SPI,IL,AGL,CE,Combined TRACON& Tower with Radar,2,4,15,4,25,0,4,18,0,22,2,8,33,4,47,22,1,23,70
10/29/2020,SPI,IL,AGL,CE,Combined TRACON& Tower with Radar,0,3,9,2,14,0,1,0,0,1,0,4,9,2,15,0,6,6,21
10/30/2020,SPI,IL,AGL,CE,Combined TRACON& Tower with Radar,0,6,18,9,33,0,2,40,3,45,0,8,58,12,78,12,12,24,102
10/31/2020,SPI,IL,AGL,CE,Combined TRACON& Tower with Radar,2,7,12,0,21,0,0,7,0,7,2,7,19,0,28,12,0,12,40
11/01/2020,SPI,IL,AGL,CE,Combined TRACON& Tower with Radar,0,7,7,0,14,0,1,0,0,1,0,8,7,0,15,0,2,2,17
11/02/2020,SPI,IL,AGL,CE,Combined TRACON& Tower with Radar,0,6,13,0,19,0,0,11,2,13,0,6,24,2,32,0,12,12,44
11/03/2020,SPI,IL,AGL,CE,Combined TRACON& Tower with Radar,0,4,5,17,26,0,2,17,0,19,0,6,22,17,45,20,39,59,104
11/04/2020,SPI,IL,AGL,CE,Combined TRACON& Tower with Radar,2,3,10,0,15,0,3,6,0,9,2,6,16,0,24,2,10,12,36
11/05/2020,SPI,IL,AGL,CE,Combined TRACON& Tower with Radar,0,7,14,0,21,0,4,33,0,37,0,11,47,0,58,48,12,60,118
11/06/2020,SPI,IL,AGL,CE,Combined TRACON& Tower with Radar,0,6,9,5,20,0,5,33,1,39,0,11,42,6,59,0,0,0,59
11/07/2020,SPI,IL,AGL,CE,Combined TRACON& Tower with Radar,2,6,5,0,13,0,5,30,0,35,2,11,35,0,48,28,11,39,87
11/08/2020,SPI,IL,AGL,CE,Combined TRACON& Tower with Radar,0,6,11,0,17,0,4,13,0,17,0,10,24,0,34,10,6,16,50
11/09/2020,SPI,IL,AGL,CE,Combined TRACON& Tower with Radar,0,6,6,4,16,0,0,15,1,16,0,6,21,5,32,0,4,4,36
11/10/2020,SPI,IL,AGL,CE,Combined TRACON& Tower with Radar,0,5,7,0,12,0,0,1,1,2,0,5,8,1,14,0,1,1,15
11/11/2020,SPI,IL,AGL,CE,Combined TRACON& Tower with Radar,1,5,20,1,27,0,1,31,2,34,1,6,51,3,61,44,4,48,109
11/12/2020,SPI,IL,AGL,CE,Combined TRACON& Tower with Radar,1,4,16,6,27,0,0,14,6,20,1,4,30,12,47,20,0,20,67
11/13/2020,SPI,IL,AGL,CE,Combined TRACON& Tower with Radar,0,9,11,0,20,0,0,15,0,15,0,9,26,0,35,0,0,0,35
11/14/2020,SPI,IL,AGL,CE,Combined TRACON& Tower with Radar,2,5,3,0,10,0,0,1,0,1,2,5,4,0,11,0,0,0,11
11/15/2020,SPI,IL,AGL,CE,Combined TRACON& Tower with Radar,0,5,9,0,14,0,0,1,0,1,0,5,10,0,15,0,0,0,15
11/16/2020,SPI,IL,AGL,CE,Combined TRACON& Tower with Radar,0,4,8,22,34,0,0,13,0,13,0,4,21,22,47,0,0,0,47
11/17/2020,SPI,IL,AGL,CE,Combined TRACON& Tower with Radar,0,3,7,5,15,0,0,28,1,29,0,3,35,6,44,62,8,70,114
11/18/2020,SPI,IL,AGL,CE,Combined TRACON& Tower with Radar,2,3,12,0,17,0,3,7,6,16,2,6,19,6,33,4,5,9,42
11/19/2020,SPI,IL,AGL,CE,Combined TRACON& Tower with Radar,0,4,5,2,11,0,1,7,4,12,0,5,12,6,23,32,38,70,93
11/20/2020,SPI,IL,AGL,CE,Combined TRACON& Tower with Radar,0,8,11,24,43,0,3,28,2,33,0,11,39,26,76,0,0,0,76
11/21/2020,SPI,IL,AGL,CE,Combined TRACON& Tower with Radar,2,3,11,0,16,0,2,13,0,15,2,5,24,0,31,20,0,20,51
11/22/2020,SPI,IL,AGL,CE,Combined TRACON& Tower with Radar,0,7,19,0,26,0,0,4,0,4,0,7,23,0,30,6,5,11,41
11/23/2020,SPI,IL,AGL,CE,Combined TRACON& Tower with Radar,0,4,13,34,51,0,0,24,0,24,0,4,37,34,75,46,38,84,159
11/24/2020,SPI,IL,AGL,CE,Combined TRACON& Tower with Radar,2,3,7,0,12,0,0,9,0,9,2,3,16,0,21,0,1,1,22
11/25/2020,SPI,IL,AGL,CE,Combined TRACON& Tower with Radar,0,3,22,9,34,0,0,0,0,0,0,3,22,9,34,0,0,0,34
11/26/2020,SPI,IL,AGL,CE,Combined TRACON& Tower with Radar,0,1,2,0,3,0,1,10,0,11,0,2,12,0,14,22,7,29,43
11/27/2020,SPI,IL,AGL,CE,Combined TRACON& Tower with Radar,0,3,17,0,20,0,1,38,1,40,0,4,55,1,60,54,5,59,119
11/28/2020,SPI,IL,AGL,CE,Combined TRACON& Tower with Radar,2,4,10,0,16,0,0,50,0,50,2,4,60,0,66,40,2,42,108
11/29/2020,SPI,IL,AGL,CE,Combined TRACON& Tower with Radar,0,4,19,0,23,0,3,21,0,24,0,7,40,0,47,34,6,40,87
11/30/2020,SPI,IL,AGL,CE,Combined TRACON& Tower with Radar,2,6,8,12,28,0,2,7,0,9,2,8,15,12,37,0,0,0,37
12/01/2020,SPI,IL,AGL,CE,Combined TRACON& Tower with Radar,0,1,4,38,43,0,1,22,8,31,0,2,26,46,74,0,40,40,114
12/02/2020,SPI,IL,AGL,CE,Combined TRACON& Tower with Radar,2,1,12,12,27,0,2,26,6,34,2,3,38,18,61,44,27,71,132
12/03/2020,SPI,IL,AGL,CE,Combined TRACON& Tower with Radar,0,3,15,1,19,0,1,15,2,18,0,4,30,3,37,34,6,40,77
12/04/2020,SPI,IL,AGL,CE,Combined TRACON& Tower with Radar,0,2,19,12,33,0,1,17,2,20,0,3,36,14,53,10,5,15,68
12/05/2020,SPI,IL,AGL,CE,Combined TRACON& Tower with Radar,2,4,13,0,19,0,0,31,0,31,2,4,44,0,50,28,0,28,78
12/06/2020,SPI,IL,AGL,CE,Combined TRACON& Tower with Radar,0,3,5,0,8,0,1,11,0,12,0,4,16,0,20,22,2,24,44
12/07/2020,SPI,IL,AGL,CE,Combined TRACON& Tower with Radar,0,4,15,10,29,0,0,4,0,4,0,4,19,10,33,29,25,54,87
12/08/2020,SPI,IL,AGL,CE,Combined TRACON& Tower with Radar,0,2,5,0,7,0,0,5,0,5,0,2,10,0,12,0,4,4,16
12/09/2020,SPI,IL,AGL,CE,Combined TRACON& Tower with Radar,2,1,14,8,25,0,2,32,4,38,2,3,46,12,63,36,16,52,115
12/10/2020,SPI,IL,AGL,CE,Combined TRACON& Tower with Radar,0,7,25,0,32,0,2,49,0,51,0,9,74,0,83,68,5,73,156
12/11/2020,SPI,IL,AGL,CE,Combined TRACON& Tower with Radar,0,8,9,0,17,0,0,12,0,12,0,8,21,0,29,10,0,10,39
12/12/2020,SPI,IL,AGL,CE,Combined TRACON& Tower with Radar,2,2,4,0,8,0,0,0,0,0,2,2,4,0,8,0,1,1,9
12/13/2020,SPI,IL,AGL,CE,Combined TRACON& Tower with Radar,2,5,12,0,19,0,2,8,0,10,2,7,20,0,29,22,2,24,53
12/14/2020,SPI,IL,AGL,CE,Combined TRACON& Tower with Radar,0,2,18,0,20,0,0,7,0,7,0,2,25,0,27,4,4,8,35
12/15/2020,SPI,IL,AGL,CE,Combined TRACON& Tower with Radar,0,1,4,4,9,0,0,10,0,10,0,1,14,4,19,6,2,8,27
12/16/2020,SPI,IL,AGL,CE,Combined TRACON& Tower with Radar,2,2,0,0,4,0,0,0,0,0,2,2,0,0,4,0,0,0,4
12/17/2020,SPI,IL,AGL,CE,Combined TRACON& Tower with Radar,0,4,17,6,27,0,0,28,0,28,0,4,45,6,55,16,8,24,79
12/18/2020,SPI,IL,AGL,CE,Combined TRACON& Tower with Radar,0,2,16,0,18,0,0,7,0,7,0,2,23,0,25,0,5,5,30
12/19/2020,SPI,IL,AGL,CE,Combined TRACON& Tower with Radar,2,2,5,0,9,0,1,4,0,5,2,3,9,0,14,18,4,22,36
12/20/2020,SPI,IL,AGL,CE,Combined TRACON& Tower with Radar,0,2,16,0,18,0,2,32,1,35,0,4,48,1,53,24,6,30,83
12/21/2020,SPI,IL,AGL,CE,Combined TRACON& Tower with Radar,2,2,5,9,18,0,0,4,0,4,2,2,9,9,22,0,14,14,36
12/22/2020,SPI,IL,AGL,CE,Combined TRACON& Tower with Radar,0,5,18,0,23,0,3,30,0,33,0,8,48,0,56,40,5,45,101
12/23/2020,SPI,IL,AGL,CE,Combined TRACON& Tower with Radar,2,2,7,2,13,0,0,0,0,0,2,2,7,2,13,0,2,2,15
12/24/2020,SPI,IL,AGL,CE,Combined TRACON& Tower with Radar,0,0,2,0,2,0,0,6,0,6,0,0,8,0,8,0,4,4,12
12/25/2020,SPI,IL,AGL,CE,Combined TRACON& Tower with Radar,0,0,3,0,3,0,2,6,0,8,0,2,9,0,11,0,12,12,23
12/26/2020,SPI,IL,AGL,CE,Combined TRACON& Tower with Radar,2,4,24,0,30,0,0,43,0,43,2,4,67,0,73,36,2,38,111
12/27/2020,SPI,IL,AGL,CE,Combined TRACON& Tower with Radar,0,2,8,0,10,0,0,4,0,4,0,2,12,0,14,20,0,20,34
12/28/2020,SPI,IL,AGL,CE,Combined TRACON& Tower with Radar,2,2,5,10,19,0,1,5,0,6,2,3,10,10,25,12,22,34,59
12/29/2020,SPI,IL,AGL,CE,Combined TRACON& Tower with Radar,0,2,1,0,3,0,0,1,0,1,0,2,2,0,4,18,0,18,22
12/30/2020,SPI,IL,AGL,CE,Combined TRACON& Tower with Radar,2,2,16,0,20,0,0,2,0,2,2,2,18,0,22,0,0,0,22
12/31/2020,SPI,IL,AGL,CE,Combined TRACON& Tower with Radar,0,0,7,0,7,0,2,1,0,3,0,2,8,0,10,2,3,5,15
01/01/2021,SPI,IL,AGL,CE,Combined TRACON& Tower with Radar,0,2,0,0,2,0,0,0,0,0,0,2,0,0,2,0,0,0,2
01/02/2021,SPI,IL,AGL,CE,Combined TRACON& Tower with Radar,1,4,2,0,7,0,0,0,0,0,1,4,2,0,7,0,0,0,7
01/03/2021,SPI,IL,AGL,CE,Combined TRACON& Tower with Radar,0,4,6,0,10,0,0,0,0,0,0,4,6,0,10,0,0,0,10
01/04/2021,SPI,IL,AGL,CE,Combined TRACON& Tower with Radar,2,4,6,0,12,0,0,0,0,0,2,4,6,0,12,0,0,0,12
01/05/2021,SPI,IL,AGL,CE,Combined TRACON& Tower with Radar,0,13,10,0,23,0,1,17,0,18,0,14,27,0,41,0,4,4,45
01/06/2021,SPI,IL,AGL,CE,Combined TRACON& Tower with Radar,2,6,4,0,12,0,0,1,0,1,2,6,5,0,13,16,0,16,29
01/07/2021,SPI,IL,AGL,CE,Combined TRACON& Tower with Radar,0,8,7,5,20,0,1,9,3,13,0,9,16,8,33,20,4,24,57
01/08/2021,SPI,IL,AGL,CE,Combined TRACON& Tower with Radar,0,8,7,3,18,0,0,5,0,5,0,8,12,3,23,0,1,1,24
01/09/2021,SPI,IL,AGL,CE,Combined TRACON& Tower with Radar,2,5,6,0,13,0,0,4,0,4,2,5,10,0,17,10,0,10,27
01/10/2021,SPI,IL,AGL,CE,Combined TRACON& Tower with Radar,0,7,6,0,13,0,0,1,0,1,0,7,7,0,14,0,0,0,14
01/11/2021,SPI,IL,AGL,CE,Combined TRACON& Tower with Radar,0,7,6,4,17,0,0,4,0,4,0,7,10,4,21,18,0,18,39
01/12/2021,SPI,IL,AGL,CE,Combined TRACON& Tower with Radar,0,7,17,2,26,0,2,36,2,40,0,9,53,4,66,54,22,76,142
01/13/2021,SPI,IL,AGL,CE,Combined TRACON& Tower with Radar,2,11,14,1,28,0,4,16,3,23,2,15,30,4,51,56,6,62,113
01/14/2021,SPI,IL,AGL,CE,Combined TRACON& Tower with Radar,0,10,15,18,43,0,0,17,1,18,0,10,32,19,61,24,23,47,108
01/15/2021,SPI,IL,AGL,CE,Combined TRACON& Tower with Radar,0,7,8,0,15,0,0,2,0,2,0,7,10,0,17,0,1,1,18
01/16/2021,SPI,IL,AGL,CE,Combined TRACON& Tower with Radar,4,8,4,0,16,0,0,0,0,0,4,8,4,0,16,0,0,0,16
01/17/2021,SPI,IL,AGL,CE,Combined TRACON& Tower with Radar,0,5,6,0,11,0,0,0,0,0,0,5,6,0,11,0,1,1,12
01/18/2021,SPI,IL,AGL,CE,Combined TRACON& Tower with Radar,0,7,9,0,16,0,0,11,0,11,0,7,20,0,27,38,0,38,65
01/19/2021,SPI,IL,AGL,CE,Combined TRACON& Tower with Radar,0,5,6,5,16,0,0,10,1,11,0,5,16,6,27,6,4,10,37
01/20/2021,SPI,IL,AGL,CE,Combined TRACON& Tower with Radar,2,7,8,26,43,0,0,17,0,17,2,7,25,26,60,44,28,72,132
01/21/2021,SPI,IL,AGL,CE,Combined TRACON& Tower with Radar,0,12,13,10,35,0,0,28,0,28,0,12,41,10,63,40,13,53,116
01/22/2021,SPI,IL,AGL,CE,Combined TRACON& Tower with Radar,0,6,6,0,12,0,1,25,0,26,0,7,31,0,38,42,2,44,82
01/23/2021,SPI,IL,AGL,CE,Combined TRACON& Tower with Radar,2,8,7,0,17,0,3,32,1,36,2,11,39,1,53,28,7,35,88
01/24/2021,SPI,IL,AGL,CE,Combined TRACON& Tower with Radar,0,7,8,0,15,0,1,4,0,5,0,8,12,0,20,16,2,18,38
01/25/2021,SPI,IL,AGL,CE,Combined TRACON& Tower with Radar,0,6,3,0,9,0,0,0,0,0,0,6,3,0,9,0,0,0,9
01/26/2021,SPI,IL,AGL,CE,Combined TRACON& Tower with Radar,0,5,8,0,13,0,0,1,0,1,0,5,9,0,14,0,0,0,14
01/27/2021,SPI,IL,AGL,CE,Combined TRACON& Tower with Radar,2,5,5,1,13,0,0,0,0,0,2,5,5,1,13,0,2,2,15
01/28/2021,SPI,IL,AGL,CE,Combined TRACON& Tower with Radar,2,13,14,1,30,0,0,32,2,34,2,13,46,3,64,68,1,69,133
01/29/2021,SPI,IL,AGL,CE,Combined TRACON& Tower with Radar,0,8,20,12,40,0,3,36,7,46,0,11,56,19,86,46,20,66,152
01/30/2021,SPI,IL,AGL,CE,Combined TRACON& Tower with Radar,4,4,6,0,14,0,0,0,0,0,4,4,6,0,14,0,1,1,15
01/31/2021,SPI,IL,AGL,CE,Combined TRACON& Tower with Radar,0,6,1,0,7,0,0,0,0,0,0,6,1,0,7,0,0,0,7
02/01/2021,SPI,IL,AGL,CE,Combined TRACON& Tower with Radar,2,8,11,0,21,0,1,6,2,9,2,9,17,2,30,22,9,31,61
02/02/2021,SPI,IL,AGL,CE,Combined TRACON& Tower with Radar,0,6,23,0,29,0,1,6,2,9,0,7,29,2,38,20,2,22,60
02/03/2021,SPI,IL,AGL,CE,Combined TRACON& Tower with Radar,2,5,21,14,42,0,0,43,4,47,2,5,64,18,89,32,13,45,134
02/04/2021,SPI,IL,AGL,CE,Combined TRACON& Tower with Radar,0,9,3,0,12,0,0,0,0,0,0,9,3,0,12,0,0,0,12
02/05/2021,SPI,IL,AGL,CE,Combined TRACON& Tower with Radar,0,10,17,12,39,0,3,21,0,24,0,13,38,12,63,8,5,13,76
02/06/2021,SPI,IL,AGL,CE,Combined TRACON& Tower with Radar,2,6,18,2,28,0,2,17,0,19,2,8,35,2,47,20,1,21,68
02/07/2021,SPI,IL,AGL,CE,Combined TRACON& Tower with Radar,0,9,13,0,22,0,0,2,0,2,0,9,15,0,24,2,6,8,32
02/08/2021,SPI,IL,AGL,CE,Combined TRACON& Tower with Radar,0,7,6,0,13,0,0,2,0,2,0,7,8,0,15,0,0,0,15
02/09/2021,SPI,IL,AGL,CE,Combined TRACON& Tower with Radar,0,8,7,2,17,0,2,7,0,9,0,10,14,2,26,4,0,4,30
02/10/2021,SPI,IL,AGL,CE,Combined TRACON& Tower with Radar,2,11,4,0,17,0,0,0,0,0,2,11,4,0,17,0,0,0,17
02/11/2021,SPI,IL,AGL,CE,Combined TRACON& Tower with Radar,0,6,15,26,47,0,0,6,0,6,0,6,21,26,53,8,24,32,85
02/12/2021,SPI,IL,AGL,CE,Combined TRACON& Tower with Radar,2,8,5,9,24,0,0,5,3,8,2,8,10,12,32,32,4,36,68
02/13/2021,SPI,IL,AGL,CE,Combined TRACON& Tower with Radar,2,6,1,0,9,0,0,1,0,1,2,6,2,0,10,0,0,0,10
02/14/2021,SPI,IL,AGL,CE,Combined TRACON& Tower with Radar,0,6,1,0,7,0,0,1,0,1,0,6,2,0,8,0,2,2,10
02/15/2021,SPI,IL,AGL,CE,Combined TRACON& Tower with Radar,0,0,2,0,2,0,0,0,0,0,0,0,2,0,2,0,0,0,2
02/16/2021,SPI,IL,AGL,CE,Combined TRACON& Tower with Radar,0,4,9,0,13,0,0,2,0,2,0,4,11,0,15,0,5,5,20
02/17/2021,SPI,IL,AGL,CE,Combined TRACON& Tower with Radar,2,3,6,2,13,0,0,3,0,3,2,3,9,2,16,2,0,2,18
02/18/2021,SPI,IL,AGL,CE,Combined TRACON& Tower with Radar,0,4,4,3,11,0,4,6,7,17,0,8,10,10,28,0,9,9,37
02/19/2021,SPI,IL,AGL,CE,Combined TRACON& Tower with Radar,2,9,6,17,34,0,0,12,0,12,2,9,18,17,46,39,4,43,89
02/20/2021,SPI,IL,AGL,CE,Combined TRACON& Tower with Radar,2,10,15,0,27,0,0,26,0,26,2,10,41,0,53,28,4,32,85
02/21/2021,SPI,IL,AGL,CE,Combined TRACON& Tower with Radar,0,7,3,2,12,0,0,6,0,6,0,7,9,2,18,0,3,3,21
02/22/2021,SPI,IL,AGL,CE,Combined TRACON& Tower with Radar,2,13,11,5,31,0,0,5,4,9,2,13,16,9,40,18,14,32,72
02/23/2021,SPI,IL,AGL,CE,Combined TRACON& Tower with Radar,0,8,12,16,36,0,6,32,4,42,0,14,44,20,78,52,15,67,145
02/24/2021,SPI,IL,AGL,CE,Combined TRACON& Tower with Radar,2,6,9,9,26,0,0,13,19,32,2,6,22,28,58,54,31,85,143
02/25/2021,SPI,IL,AGL,CE,Combined TRACON& Tower with Radar,2,10,11,4,27,0,0,22,4,26,2,10,33,8,53,92,22,114,167
02/26/2021,SPI,IL,AGL,CE,Combined TRACON& Tower with Radar,2,8,11,9,30,0,0,24,3,27,2,8,35,12,57,38,11,49,106
02/27/2021,SPI,IL,AGL,CE,Combined TRACON& Tower with Radar,2,8,8,0,18,0,6,43,0,49,2,14,51,0,67,26,2,28,95
02/28/2021,SPI,IL,AGL,CE,Combined TRACON& Tower with Radar,0,7,14,0,21,0,1,4,0,5,0,8,18,0,26,4,2,6,32
03/01/2021,SPI,IL,AGL,CE,Combined TRACON& Tower with Radar,2,10,10,0,22,0,0,18,0,18,2,10,28,0,40,50,0,50,90
03/02/2021,SPI,IL,AGL,CE,Combined TRACON& Tower with Radar,0,13,6,0,19,0,4,22,0,26,0,17,28,0,45,42,3,45,90
03/03/2021,SPI,IL,AGL,CE,Combined TRACON& Tower with Radar,2,8,9,0,19,0,2,21,0,23,2,10,30,0,42,46,0,46,88
03/04/2021,SPI,IL,AGL,CE,Combined TRACON& Tower with Radar,0,6,15,1,22,0,3,23,1,27,0,9,38,2,49,6,6,12,61
03/05/2021,SPI,IL,AGL,CE,Combined TRACON& Tower with Radar,2,6,20,11,39,0,3,29,1,33,2,9,49,12,72,20,14,34,106
03/06/2021,SPI,IL,AGL,CE,Combined TRACON& Tower with Radar,4,8,9,0,21,0,4,36,0,40,4,12,45,0,61,22,4,26,87
03/07/2021,SPI,IL,AGL,CE,Combined TRACON& Tower with Radar,0,6,5,0,11,0,5,32,0,37,0,11,37,0,48,30,6,36,84
03/08/2021,SPI,IL,AGL,CE,Combined TRACON& Tower with Radar,2,8,10,6,26,0,4,22,4,30,2,12,32,10,56,12,20,32,88
03/09/2021,SPI,IL,AGL,CE,Combined TRACON& Tower with Radar,0,8,16,4,28,0,2,18,0,20,0,10,34,4,48,20,7,27,75
03/10/2021,SPI,IL,AGL,CE,Combined TRACON& Tower with Radar,4,7,6,0,17,0,0,4,2,6,4,7,10,2,23,0,3,3,26
03/11/2021,SPI,IL,AGL,CE,Combined TRACON& Tower with Radar,0,6,8,4,18,0,1,8,4,13,0,7,16,8,31,30,3,33,64
03/12/2021,SPI,IL,AGL,CE,Combined TRACON& Tower with Radar,2,12,12,4,30,0,5,29,3,37,2,17,41,7,67,18,1,19,86
03/13/2021,SPI,IL,AGL,CE,Combined TRACON& Tower with Radar,2,6,18,1,27,0,3,25,1,29,2,9,43,2,56,24,2,26,82
03/14/2021,SPI,IL,AGL,CE,Combined TRACON& Tower with Radar,0,6,6,0,12,0,1,3,0,4,0,7,9,0,16,4,6,10,26
03/15/2021,SPI,IL,AGL,CE,Combined TRACON& Tower with Radar,2,7,4,0,13,0,0,0,0,0,2,7,4,0,13,0,0,0,13
03/16/2021,SPI,IL,AGL,CE,Combined TRACON& Tower with Radar,0,6,17,0,23,0,0,0,0,0,0,6,17,0,23,0,0,0,23
03/17/2021,SPI,IL,AGL,CE,Combined TRACON& Tower with Radar,2,5,7,0,14,0,0,0,0,0,2,5,7,0,14,0,0,0,14
03/18/2021,SPI,IL,AGL,CE,Combined TRACON& Tower with Radar,0,13,3,0,16,0,0,0,0,0,0,13,3,0,16,0,1,1,17
03/19/2021,SPI,IL,AGL,CE,Combined TRACON& Tower with Radar,2,6,17,39,64,0,4,20,3,27,2,10,37,42,91,52,30,82,173
03/20/2021,SPI,IL,AGL,CE,Combined TRACON& Tower with Radar,2,6,8,2,18,0,4,41,2,47,2,10,49,4,65,20,5,25,90
03/21/2021,SPI,IL,AGL,CE,Combined TRACON& Tower with Radar,0,7,8,0,15,0,2,22,0,24,0,9,30,0,39,16,2,18,57
03/22/2021,SPI,IL,AGL,CE,Combined TRACON& Tower with Radar,2,7,10,7,26,0,0,22,0,22,2,7,32,7,48,10,22,32,80
03/23/2021,SPI,IL,AGL,CE,Combined TRACON& Tower with Radar,0,7,4,0,11,0,0,1,0,1,0,7,5,0,12,0,0,0,12
03/24/2021,SPI,IL,AGL,CE,Combined TRACON& Tower with Radar,2,7,12,6,27,0,0,12,3,15,2,7,24,9,42,12,28,40,82
03/25/2021,SPI,IL,AGL,CE,Combined TRACON& Tower with Radar,0,6,6,20,32,0,0,0,0,0,0,6,6,20,32,0,5,5,37
03/26/2021,SPI,IL,AGL,CE,Combined TRACON& Tower with Radar,2,11,19,12,44,0,0,11,0,11,2,11,30,12,55,36,10,46,101
03/27/2021,SPI,IL,AGL,CE,Combined TRACON& Tower with Radar,2,11,7,10,30,0,3,16,0,19,2,14,23,10,49,24,19,43,92
03/28/2021,SPI,IL,AGL,CE,Combined TRACON& Tower with Radar,0,6,11,0,17,0,2,3,1,6,0,8,14,1,23,0,7,7,30
03/29/2021,SPI,IL,AGL,CE,Combined TRACON& Tower with Radar,2,11,5,15,33,0,4,21,1,26,2,15,26,16,59,38,10,48,107
03/30/2021,SPI,IL,AGL,CE,Combined TRACON& Tower with Radar,0,6,9,6,21,0,1,16,0,17,0,7,25,6,38,16,34,50,88
03/31/2021,SPI,IL,AGL,CE,Combined TRACON& Tower with Radar,2,8,8,28,46,0,1,16,0,17,2,9,24,28,63,12,21,33,96
04/01/2021,SPI,IL,AGL,CE,Combined TRACON& Tower with Radar,0,8,11,16,35,0,0,22,2,24,0,8,33,18,59,58,45,103,162
04/02/2021,SPI,IL,AGL,CE,Combined TRACON& Tower with Radar,2,15,9,6,32,0,5,26,5,36,2,20,35,11,68,22,15,37,105
04/03/2021,SPI,IL,AGL,CE,Combined TRACON& Tower with Radar,2,10,9,0,21,0,1,24,0,25,2,11,33,0,46,37,4,41,87
04/04/2021,SPI,IL,AGL,CE,Combined TRACON& Tower with Radar,0,6,15,0,21,0,2,19,0,21,0,8,34,0,42,32,4,36,78
04/05/2021,SPI,IL,AGL,CE,Combined TRACON& Tower with Radar,2,7,11,6,26,0,4,21,0,25,2,11,32,6,51,26,24,50,101
04/06/2021,SPI,IL,AGL,CE,Combined TRACON& Tower with Radar,0,10,9,39,58,0,0,13,4,17,0,10,22,43,75,2,64,66,141
04/07/2021,SPI,IL,AGL,CE,Combined TRACON& Tower with Radar,2,7,6,9,24,0,1,9,1,11,2,8,15,10,35,0,9,9,44
04/08/2021,SPI,IL,AGL,CE,Combined TRACON& Tower with Radar,0,8,11,9,28,0,3,7,1,11,0,11,18,10,39,0,14,14,53
04/09/2021,SPI,IL,AGL,CE,Combined TRACON& Tower with Radar,2,5,12,9,28,0,2,27,5,34,2,7,39,14,62,6,39,45,107
04/10/2021,SPI,IL,AGL,CE,Combined TRACON& Tower with Radar,2,5,3,1,11,0,1,0,0,1,2,6,3,1,12,0,0,0,12
04/11/2021,SPI,IL,AGL,CE,Combined TRACON& Tower with Radar,0,7,6,2,15,0,0,3,1,4,0,7,9,3,19,0,6,6,25
04/12/2021,SPI,IL,AGL,CE,Combined TRACON& Tower with Radar,2,8,26,0,36,0,2,24,0,26,2,10,50,0,62,14,1,15,77
04/13/2021,SPI,IL,AGL,CE,Combined TRACON& Tower with Radar,0,8,10,10,28,0,9,31,0,40,0,17,41,10,68,42,24,66,134
04/14/2021,SPI,IL,AGL,CE,Combined TRACON& Tower with Radar,0,7,17,4,28,0,3,28,2,33,0,10,45,6,61,42,3,45,106
04/15/2021,SPI,IL,AGL,CE,Combined TRACON& Tower with Radar,0,10,13,17,40,0,2,22,7,31,0,12,35,24,71,68,29,97,168
04/16/2021,SPI,IL,AGL,CE,Combined TRACON& Tower with Radar,2,18,15,25,60,0,9,39,7,55,2,27,54,32,115,70,34,104,219
04/17/2021,SPI,IL,AGL,CE,Combined TRACON& Tower with Radar,0,8,5,8,21,0,3,18,0,21,0,11,23,8,42,0,17,17,59
04/18/2021,SPI,IL,AGL,CE,Combined TRACON& Tower with Radar,0,8,18,0,26,0,0,25,0,25,0,8,43,0,51,6,0,6,57
04/19/2021,SPI,IL,AGL,CE,Combined TRACON& Tower with Radar,2,8,10,9,29,0,0,18,2,20,2,8,28,11,49,35,34,69,118
04/20/2021,SPI,IL,AGL,CE,Combined TRACON& Tower with Radar,0,6,1,0,7,0,0,1,0,1,0,6,2,0,8,0,1,1,9
04/21/2021,SPI,IL,AGL,CE,Combined TRACON& Tower with Radar,0,6,6,21,33,0,1,38,0,39,0,7,44,21,72,17,13,30,102
04/22/2021,SPI,IL,AGL,CE,Combined TRACON& Tower with Radar,0,8,17,15,40,0,8,44,5,57,0,16,61,20,97,14,8,22,119
04/23/2021,SPI,IL,AGL,CE,Combined TRACON& Tower with Radar,2,10,12,8,32,0,0,17,0,17,2,10,29,8,49,4,6,10,59
04/24/2021,SPI,IL,AGL,CE,Combined TRACON& Tower with Radar,0,10,9,0,19,0,0,2,0,2,0,10,11,0,21,10,3,13,34
04/25/2021,SPI,IL,AGL,CE,Combined TRACON& Tower with Radar,0,6,12,0,18,0,2,54,2,58,0,8,66,2,76,26,2,28,104
04/26/2021,SPI,IL,AGL,CE,Combined TRACON& Tower with Radar,2,14,8,4,28,0,0,15,0,15,2,14,23,4,43,0,2,2,45
04/27/2021,SPI,IL,AGL,CE,Combined TRACON& Tower with Radar,0,7,6,13,26,0,2,14,7,23,0,9,20,20,49,43,14,57,106
04/28/2021,SPI,IL,AGL,CE,Combined TRACON& Tower with Radar,0,9,4,6,19,0,0,6,0,6,0,9,10,6,25,0,0,0,25
04/29/2021,SPI,IL,AGL,CE,Combined TRACON& Tower with Radar,0,12,32,6,50,0,1,11,0,12,0,13,43,6,62,40,4,44,106
04/30/2021,SPI,IL,AGL,CE,Combined TRACON& Tower with Radar,2,8,15,16,41,0,3,45,2,50,2,11,60,18,91,10,26,36,127
05/01/2021,SPI,IL,AGL,CE,Combined TRACON& Tower with Radar,2,9,11,0,22,0,0,12,4,16,2,9,23,4,38,0,0,0,38
05/02/2021,SPI,IL,AGL,CE,Combined TRACON& Tower with Radar,0,7,8,0,15,0,3,16,0,19,0,10,24,0,34,14,6,20,54
05/03/2021,SPI,IL,AGL,CE,Combined TRACON& Tower with Radar,2,7,2,2,13,0,0,2,0,2,2,7,4,2,15,28,0,28,43
05/04/2021,SPI,IL,AGL,CE,Combined TRACON& Tower with Radar,0,6,6,5,17,0,0,1,0,1,0,6,7,5,18,12,4,16,34
05/05/2021,SPI,IL,AGL,CE,Combined TRACON& Tower with Radar,2,12,13,10,37,0,8,47,0,55,2,20,60,10,92,102,16,118,210
05/06/2021,SPI,IL,AGL,CE,Combined TRACON& Tower with Radar,0,8,18,4,30,0,1,18,0,19,0,9,36,4,49,40,4,44,93
05/07/2021,SPI,IL,AGL,CE,Combined TRACON& Tower with Radar,2,9,15,9,35,0,2,38,1,41,2,11,53,10,76,22,13,35,111
05/08/2021,SPI,IL,AGL,CE,Combined TRACON& Tower with Radar,0,7,6,0,13,0,3,33,0,36,0,10,39,0,49,52,7,59,108
05/09/2021,SPI,IL,AGL,CE,Combined TRACON& Tower with Radar,0,7,7,0,14,0,0,3,0,3,0,7,10,0,17,0,1,1,18
05/10/2021,SPI,IL,AGL,CE,Combined TRACON& Tower with Radar,2,10,26,20,58,0,4,43,4,51,2,14,69,24,109,62,16,78,187
05/11/2021,SPI,IL,AGL,CE,Combined TRACON& Tower with Radar,0,9,15,53,77,0,1,37,1,39,0,10,52,54,116,22,26,48,164
05/12/2021,SPI,IL,AGL,CE,Combined TRACON& Tower with Radar,0,11,12,25,48,0,2,40,1,43,0,13,52,26,91,68,22,90,181
05/13/2021,SPI,IL,AGL,CE,Combined TRACON& Tower with Radar,0,9,34,8,51,0,4,71,4,79,0,13,105,12,130,54,10,64,194
05/14/2021,SPI,IL,AGL,CE,Combined TRACON& Tower with Radar,2,8,28,18,56,0,3,47,0,50,2,11,75,18,106,42,17,59,165
05/15/2021,SPI,IL,AGL,CE,Combined TRACON& Tower with Radar,0,10,6,0,16,0,1,7,0,8,0,11,13,0,24,1,5,6,30
05/16/2021,SPI,IL,AGL,CE,Combined TRACON& Tower with Radar,0,4,15,0,19,0,1,10,0,11,0,5,25,0,30,32,7,39,69
05/17/2021,SPI,IL,AGL,CE,Combined TRACON& Tower with Radar,2,11,19,4,36,0,0,0,0,0,2,11,19,4,36,0,0,0,36
05/18/2021,SPI,IL,AGL,CE,Combined TRACON& Tower with Radar,0,7,9,0,16,0,0,0,0,0,0,7,9,0,16,0,1,1,17
05/19/2021,SPI,IL,AGL,CE,Combined TRACON& Tower with Radar,0,11,14,4,29,0,0,3,0,3,0,11,17,4,32,50,4,54,86
05/20/2021,SPI,IL,AGL,CE,Combined TRACON& Tower with Radar,0,8,12,14,34,0,3,27,0,30,0,11,39,14,64,4,29,33,97
05/21/2021,SPI,IL,AGL,CE,Combined TRACON& Tower with Radar,2,6,17,0,25,0,1,37,0,38,2,7,54,0,63,24,10,34,97
05/22/2021,SPI,IL,AGL,CE,Combined TRACON& Tower with Radar,0,6,10,0,16,0,1,21,0,22,0,7,31,0,38,116,7,123,161
05/23/2021,SPI,IL,AGL,CE,Combined TRACON& Tower with Radar,0,7,9,0,16,0,1,38,0,39,0,8,47,0,55,52,4,56,111
05/24/2021,SPI,IL,AGL,CE,Combined TRACON& Tower with Radar,2,9,8,6,25,0,5,39,0,44,2,14,47,6,69,59,18,77,146
05/25/2021,SPI,IL,AGL,CE,Combined TRACON& Tower with Radar,0,10,9,3,22,0,5,33,3,41,0,15,42,6,63,26,11,37,100
05/26/2021,SPI,IL,AGL,CE,Combined TRACON& Tower with Radar,2,11,11,2,26,0,1,39,1,41,2,12,50,3,67,20,3,23,90
05/27/2021,SPI,IL,AGL,CE,Combined TRACON& Tower with Radar,0,5,13,2,20,0,0,15,0,15,0,5,28,2,35,38,8,46,81
05/28/2021,SPI,IL,AGL,CE,Combined TRACON& Tower with Radar,0,5,16,0,21,0,0,0,0,0,0,5,16,0,21,0,0,0,21
05/29/2021,SPI,IL,AGL,CE,Combined TRACON& Tower with Radar,2,6,15,0,23,0,3,26,0,29,2,9,41,0,52,58,9,67,119
05/30/2021,SPI,IL,AGL,CE,Combined TRACON& Tower with Radar,0,6,12,0,18,0,2,36,0,38,0,8,48,0,56,44,7,51,107
05/31/2021,SPI,IL,AGL,CE,Combined TRACON& Tower with Radar,0,4,12,4,20,0,0,21,0,21,0,4,33,4,41,124,4,128,169
06/01/2021,SPI,IL,AGL,CE,Combined TRACON& Tower with Radar,0,10,16,22,48,0,4,32,10,46,0,14,48,32,94,45,32,77,171
06/02/2021,SPI,IL,AGL,CE,Combined TRACON& Tower with Radar,2,9,10,4,25,0,2,24,2,28,2,11,34,6,53,26,15,41,94
06/03/2021,SPI,IL,AGL,CE,Combined TRACON& Tower with Radar,0,5,9,12,26,0,0,39,6,45,0,5,48,18,71,54,33,87,158
06/04/2021,SPI,IL,AGL,CE,Combined TRACON& Tower with Radar,0,4,17,0,21,0,0,33,0,33,0,4,50,0,54,38,15,53,107
06/05/2021,SPI,IL,AGL,CE,Combined TRACON& Tower with Radar,2,6,4,0,12,0,0,44,0,44,2,6,48,0,56,18,3,21,77
06/06/2021,SPI,IL,AGL,CE,Combined TRACON& Tower with Radar,0,4,18,18,40,0,3,17,2,22,0,7,35,20,62,22,42,64,126
06/07/2021,SPI,IL,AGL,CE,Combined TRACON& Tower with Radar,0,8,9,27,44,0,2,1,0,3,0,10,10,27,47,12,36,48,95
06/08/2021,SPI,IL,AGL,CE,Combined TRACON& Tower with Radar,0,7,19,2,28,0,3,6,1,10,0,10,25,3,38,62,8,70,108
06/09/2021,SPI,IL,AGL,CE,Combined TRACON& Tower with Radar,2,8,15,10,35,0,1,5,2,8,2,9,20,12,43,0,24,24,67
06/10/2021,SPI,IL,AGL,CE,Combined TRACON& Tower with Radar,0,7,11,0,18,0,4,31,0,35,0,11,42,0,53,94,6,100,153
06/11/2021,SPI,IL,AGL,CE,Combined TRACON& Tower with Radar,0,13,16,2,31,0,2,42,2,46,0,15,58,4,77,54,5,59,136
06/12/2021,SPI,IL,AGL,CE,Combined TRACON& Tower with Radar,2,5,14,0,21,0,2,41,0,43,2,7,55,0,64,84,3,87,151
06/13/2021,SPI,IL,AGL,CE,Combined TRACON& Tower with Radar,0,6,16,0,22,0,0,53,0,53,0,6,69,0,75,2,3,5,80
06/14/2021,SPI,IL,AGL,CE,Combined TRACON& Tower with Radar,0,9,18,9,36,0,3,36,1,40,0,12,54,10,76,18,22,40,116
06/15/2021,SPI,IL,AGL,CE,Combined TRACON& Tower with Radar,0,10,22,0,32,0,5,54,5,64,0,15,76,5,96,70,3,73,169
06/16/2021,SPI,IL,AGL,CE,Combined TRACON& Tower with Radar,2,11,12,18,43,0,2,39,1,42,2,13,51,19,85,38,39,77,162
06/17/2021,SPI,IL,AGL,CE,Combined TRACON& Tower with Radar,0,4,14,8,26,0,5,54,0,59,0,9,68,8,85,62,20,82,167
06/18/2021,SPI,IL,AGL,CE,Combined TRACON& Tower with Radar,0,8,8,8,24,0,2,28,1,31,0,10,36,9,55,20,31,51,106
06/19/2021,SPI,IL,AGL,CE,Combined TRACON& Tower with Radar,3,8,13,0,24,0,0,5,2,7,3,8,18,2,31,0,1,1,32
06/20/2021,SPI,IL,AGL,CE,Combined TRACON& Tower with Radar,0,5,15,6,26,0,2,21,0,23,0,7,36,6,49,36,16,52,101
06/21/2021,SPI,IL,AGL,CE,Combined TRACON& Tower with Radar,0,5,22,4,31,0,4,11,0,15,0,9,33,4,46,16,3,19,65
06/22/2021,SPI,IL,AGL,CE,Combined TRACON& Tower with Radar,0,7,10,14,31,0,5,45,4,54,0,12,55,18,85,90,40,130,215
06/23/2021,SPI,IL,AGL,CE,Combined TRACON& Tower with Radar,2,8,15,21,46,0,1,38,4,43,2,9,53,25,89,4,26,30,119
06/24/2021,SPI,IL,AGL,CE,Combined TRACON& Tower with Radar,0,4,28,0,32,0,1,11,0,12,0,5,39,0,44,16,3,19,63
06/25/2021,SPI,IL,AGL,CE,Combined TRACON& Tower with Radar,0,6,8,4,18,0,0,2,0,2,0,6,10,4,20,40,2,42,62
06/26/2021,SPI,IL,AGL,CE,Combined TRACON& Tower with Radar,2,5,6,0,13,0,0,3,0,3,2,5,9,0,16,6,2,8,24
06/27/2021,SPI,IL,AGL,CE,Combined TRACON& Tower with Radar,0,3,8,0,11,0,0,4,0,4,0,3,12,0,15,0,1,1,16
06/28/2021,SPI,IL,AGL,CE,Combined TRACON& Tower with Radar,0,5,11,0,16,0,0,6,0,6,0,5,17,0,22,44,2,46,68
06/29/2021,SPI,IL,AGL,CE,Combined TRACON& Tower with Radar,0,5,8,12,25,0,0,20,8,28,0,5,28,20,53,48,18,66,119
06/30/2021,SPI,IL,AGL,CE,Combined TRACON& Tower with Radar,2,6,9,0,17,0,0,0,4,4,2,6,9,4,21,0,3,3,24
07/01/2021,SPI,IL,AGL,CE,Combined TRACON& Tower with Radar,0,7,13,3,23,0,1,9,2,12,0,8,22,5,35,78,5,83,118
07/02/2021,SPI,IL,AGL,CE,Combined TRACON& Tower with Radar,0,7,5,4,16,0,2,36,2,40,0,9,41,6,56,98,8,106,162
07/03/2021,SPI,IL,AGL,CE,Combined TRACON& Tower with Radar,2,9,4,10,25,0,6,48,0,54,2,15,52,10,79,46,6,52,131
07/04/2021,SPI,IL,AGL,CE,Combined TRACON& Tower with Radar,0,7,6,0,13,0,1,37,0,38,0,8,43,0,51,150,6,156,207
07/05/2021,SPI,IL,AGL,CE,Combined TRACON& Tower with Radar,0,8,16,0,24,0,0,38,0,38,0,8,54,0,62,102,1,103,165
07/06/2021,SPI,IL,AGL,CE,Combined TRACON& Tower with Radar,0,10,23,16,49,0,6,30,2,38,0,16,53,18,87,46,42,88,175
07/07/2021,SPI,IL,AGL,CE,Combined TRACON& Tower with Radar,4,10,14,22,50,0,0,25,5,30,4,10,39,27,80,36,35,71,151
07/08/2021,SPI,IL,AGL,CE,Combined TRACON& Tower with Radar,0,11,17,2,30,0,1,9,2,12,0,12,26,4,42,18,8,26,68
07/09/2021,SPI,IL,AGL,CE,Combined TRACON& Tower with Radar,0,18,12,6,36,0,16,17,0,33,0,34,29,6,69,67,9,76,145
07/10/2021,SPI,IL,AGL,CE,Combined TRACON& Tower with Radar,2,7,14,0,23,0,0,1,0,1,2,7,15,0,24,6,0,6,30
07/11/2021,SPI,IL,AGL,CE,Combined TRACON& Tower with Radar,2,8,10,0,20,0,2,1,1,4,2,10,11,1,24,0,5,5,29
07/12/2021,SPI,IL,AGL,CE,Combined TRACON& Tower with Radar,0,5,9,0,14,0,0,0,0,0,0,5,9,0,14,0,3,3,17
07/13/2021,SPI,IL,AGL,CE,Combined TRACON& Tower with Radar,0,12,23,0,35,0,1,18,0,19,0,13,41,0,54,10,7,17,71
07/14/2021,SPI,IL,AGL,CE,Combined TRACON& Tower with Radar,2,18,13,10,43,0,9,52,0,61,2,27,65,10,104,34,20,54,158
07/15/2021,SPI,IL,AGL,CE,Combined TRACON& Tower with Radar,0,8,11,1,20,0,2,20,1,23,0,10,31,2,43,24,9,33,76
07/16/2021,SPI,IL,AGL,CE,Combined TRACON& Tower with Radar,0,7,21,2,30,0,0,4,0,4,0,7,25,2,34,0,6,6,40
07/17/2021,SPI,IL,AGL,CE,Combined TRACON& Tower with Radar,2,8,17,0,27,0,0,25,0,25,2,8,42,0,52,60,1,61,113
07/18/2021,SPI,IL,AGL,CE,Combined TRACON& Tower with Radar,0,9,17,0,26,0,1,16,0,17,0,10,33,0,43,60,6,66,109
07/19/2021,SPI,IL,AGL,CE,Combined TRACON& Tower with Radar,0,8,21,22,51,0,3,31,4,38,0,11,52,26,89,52,48,100,189
07/20/2021,SPI,IL,AGL,CE,Combined TRACON& Tower with Radar,0,15,9,8,32,0,4,52,0,56,0,19,61,8,88,58,4,62,150
07/21/2021,SPI,IL,AGL,CE,Combined TRACON& Tower with Radar,2,11,10,16,39,0,0,33,2,35,2,11,43,18,74,44,41,85,159
07/22/2021,SPI,IL,AGL,CE,Combined TRACON& Tower with Radar,0,17,17,5,39,0,1,32,1,34,0,18,49,6,73,4,7,11,84
07/23/2021,SPI,IL,AGL,CE,Combined TRACON& Tower with Radar,0,7,10,2,19,0,1,24,6,31,0,8,34,8,50,59,4,63,113
07/24/2021,SPI,IL,AGL,CE,Combined TRACON& Tower with Radar,2,6,9,14,31,0,1,20,2,23,2,7,29,16,54,24,5,29,83
07/25/2021,SPI,IL,AGL,CE,Combined TRACON& Tower with Radar,0,6,22,0,28,0,1,25,6,32,0,7,47,6,60,10,8,18,78
07/26/2021,SPI,IL,AGL,CE,Combined TRACON& Tower with Radar,0,12,12,26,50,0,4,27,10,41,0,16,39,36,91,26,51,77,168
07/27/2021,SPI,IL,AGL,CE,Combined TRACON& Tower with Radar,0,11,8,2,21,0,0,35,2,37,0,11,43,4,58,10,4,14,72
07/28/2021,SPI,IL,AGL,CE,Combined TRACON& Tower with Radar,2,13,19,47,81,0,2,25,5,32,2,15,44,52,113,22,63,85,198
07/29/2021,SPI,IL,AGL,CE,Combined TRACON& Tower with Radar,0,12,9,0,21,0,1,26,0,27,0,13,35,0,48,36,2,38,86
07/30/2021,SPI,IL,AGL,CE,Combined TRACON& Tower with Radar,0,6,12,4,22,0,4,51,0,55,0,10,63,4,77,0,0,0,77
07/31/2021,SPI,IL,AGL,CE,Combined TRACON& Tower with Radar,2,6,8,0,16,0,0,4,0,4,2,6,12,0,20,11,19,30,50
08/01/2021,SPI,IL,AGL,CE,Combined TRACON& Tower with Radar,0,11,16,0,27,0,0,20,0,20,0,11,36,0,47,22,0,22,69
08/02/2021,SPI,IL,AGL,CE,Combined TRACON& Tower with Radar,0,6,12,0,18,0,0,49,0,49,0,6,61,0,67,26,0,26,93
08/03/2021,SPI,IL,AGL,CE,Combined TRACON& Tower with Radar,1,8,14,1,24,0,0,41,3,44,1,8,55,4,68,62,0,62,130
08/04/2021,SPI,IL,AGL,CE,Combined TRACON& Tower with Radar,2,8,6,18,34,0,2,40,2,44,2,10,46,20,78,36,25,61,139
08/05/2021,SPI,IL,AGL,CE,Combined TRACON& Tower with Radar,0,8,5,15,28,0,0,34,5,39,0,8,39,20,67,16,10,26,93
08/06/2021,SPI,IL,AGL,CE,Combined TRACON& Tower with Radar,0,6,15,7,28,0,3,22,0,25,0,9,37,7,53,38,9,47,100
08/07/2021,SPI,IL,AGL,CE,Combined TRACON& Tower with Radar,4,9,8,9,30,0,3,15,0,18,4,12,23,9,48,8,19,27,75
08/08/2021,SPI,IL,AGL,CE,Combined TRACON& Tower with Radar,0,8,14,0,22,0,0,30,2,32,0,8,44,2,54,101,1,102,156
08/09/2021,SPI,IL,AGL,CE,Combined TRACON& Tower with Radar,0,6,10,24,40,0,1,9,0,10,0,7,19,24,50,4,6,10,60
08/10/2021,SPI,IL,AGL,CE,Combined TRACON& Tower with Radar,0,12,3,4,19,0,0,14,9,23,0,12,17,13,42,0,2,2,44
08/11/2021,SPI,IL,AGL,CE,Combined TRACON& Tower with Radar,2,11,14,30,57,0,0,19,1,20,2,11,33,31,77,6,25,31,108
08/12/2021,SPI,IL,AGL,CE,Combined TRACON& Tower with Radar,0,11,16,0,27,0,0,14,2,16,0,11,30,2,43,4,1,5,48
08/13/2021,SPI,IL,AGL,CE,Combined TRACON& Tower with Radar,0,15,23,22,60,0,1,36,2,39,0,16,59,24,99,38,18,56,155
08/14/2021,SPI,IL,AGL,CE,Combined TRACON& Tower with Radar,2,9,16,0,27,0,0,69,1,70,2,9,85,1,97,30,7,37,134
08/15/2021,SPI,IL,AGL,CE,Combined TRACON& Tower with Radar,0,11,21,0,32,0,1,49,1,51,0,12,70,1,83,22,6,28,111
08/16/2021,SPI,IL,AGL,CE,Combined TRACON& Tower with Radar,0,8,14,19,41,0,2,29,6,37,0,10,43,25,78,88,15,103,181
08/17/2021,SPI,IL,AGL,CE,Combined TRACON& Tower with Radar,0,10,8,14,32,0,0,15,0,15,0,10,23,14,47,18,3,21,68
08/18/2021,SPI,IL,AGL,CE,Combined TRACON& Tower with Radar,0,4,9,3,16,0,4,15,1,20,0,8,24,4,36,24,10,34,70
08/19/2021,SPI,IL,AGL,CE,Combined TRACON& Tower with Radar,2,8,13,11,34,0,4,11,3,18,2,12,24,14,52,48,12,60,112
08/20/2021,SPI,IL,AGL,CE,Combined TRACON& Tower with Radar,0,8,10,16,34,0,1,36,0,37,0,9,46,16,71,190,12,202,273
08/21/2021,SPI,IL,AGL,CE,Combined TRACON& Tower with Radar,0,6,11,0,17,0,0,7,0,7,0,6,18,0,24,18,1,19,43
08/22/2021,SPI,IL,AGL,CE,Combined TRACON& Tower with Radar,2,7,9,0,18,0,1,33,0,34,2,8,42,0,52,54,5,59,111
08/23/2021,SPI,IL,AGL,CE,Combined TRACON& Tower with Radar,2,9,12,2,25,0,0,7,0,7,2,9,19,2,32,34,2,36,68
08/24/2021,SPI,IL,AGL,CE,Combined TRACON& Tower with Radar,0,12,13,0,25,0,7,18,0,25,0,19,31,0,50,12,6,18,68
08/25/2021,SPI,IL,AGL,CE,Combined TRACON& Tower with Radar,0,7,12,8,27,0,1,29,0,30,0,8,41,8,57,30,16,46,103
08/26/2021,SPI,IL,AGL,CE,Combined TRACON& Tower with Radar,2,12,14,12,40,0,2,19,5,26,2,14,33,17,66,40,4,44,110
08/27/2021,SPI,IL,AGL,CE,Combined TRACON& Tower with Radar,0,9,10,8,27,0,0,22,1,23,0,9,32,9,50,44,16,60,110
08/28/2021,SPI,IL,AGL,CE,Combined TRACON& Tower with Radar,0,7,11,0,18,0,2,31,2,35,0,9,42,2,53,14,3,17,70
08/29/2021,SPI,IL,AGL,CE,Combined TRACON& Tower with Radar,2,7,10,0,19,0,0,22,1,23,2,7,32,1,42,20,1,21,63
08/30/2021,SPI,IL,AGL,CE,Combined TRACON& Tower with Radar,2,4,9,10,25,0,3,5,0,8,2,7,14,10,33,0,7,7,40
08/31/2021,SPI,IL,AGL,CE,Combined TRACON& Tower with Radar,0,5,18,12,35,0,1,3,0,4,0,6,21,12,39,10,2,12,51
09/01/2021,SPI,IL,AGL,CE,Combined TRACON& Tower with Radar,0,7,17,0,24,0,0,30,0,30,0,7,47,0,54,52,2,54,108
09/02/2021,SPI,IL,AGL,CE,Combined TRACON& Tower with Radar,2,15,11,20,48,0,2,47,1,50,2,17,58,21,98,148,29,177,275
09/03/2021,SPI,IL,AGL,CE,Combined TRACON& Tower with Radar,1,11,7,0,19,0,2,18,0,20,1,13,25,0,39,68,5,73,112
09/04/2021,SPI,IL,AGL,CE,Combined TRACON& Tower with Radar,0,9,11,0,20,0,0,1,0,1,0,9,12,0,21,0,1,1,22
09/05/2021,SPI,IL,AGL,CE,Combined TRACON& Tower with Radar,2,9,10,0,21,0,3,40,0,43,2,12,50,0,64,42,7,49,113
09/06/2021,SPI,IL,AGL,CE,Combined TRACON& Tower with Radar,0,6,5,0,11,0,0,39,1,40,0,6,44,1,51,52,8,60,111
09/07/2021,SPI,IL,AGL,CE,Combined TRACON& Tower with Radar,0,11,23,0,34,0,3,29,2,34,0,14,52,2,68,20,6,26,94
09/08/2021,SPI,IL,AGL,CE,Combined TRACON& Tower with Radar,0,8,10,19,37,0,1,21,15,37,0,9,31,34,74,54,20,74,148
09/09/2021,SPI,IL,AGL,CE,Combined TRACON& Tower with Radar,2,10,13,4,29,0,6,40,3,49,2,16,53,7,78,70,6,76,154
09/10/2021,SPI,IL,AGL,CE,Combined TRACON& Tower with Radar,0,10,14,18,42,0,2,29,9,40,0,12,43,27,82,20,0,20,102
09/11/2021,SPI,IL,AGL,CE,Combined TRACON& Tower with Radar,0,7,11,2,20,0,4,35,0,39,0,11,46,2,59,10,5,15,74
09/12/2021,SPI,IL,AGL,CE,Combined TRACON& Tower with Radar,2,8,9,0,19,0,1,17,0,18,2,9,26,0,37,10,8,18,55
09/13/2021,SPI,IL,AGL,CE,Combined TRACON& Tower with Radar,0,8,15,10,33,0,0,14,0,14,0,8,29,10,47,38,3,41,88
09/14/2021,SPI,IL,AGL,CE,Combined TRACON& Tower with Radar,0,9,7,9,25,0,2,10,3,15,0,11,17,12,40,38,15,53,93
09/15/2021,SPI,IL,AGL,CE,Combined TRACON& Tower with Radar,0,10,15,14,39,0,1,15,1,17,0,11,30,15,56,90,29,119,175
09/16/2021,SPI,IL,AGL,CE,Combined TRACON& Tower with Radar,2,17,21,0,40,0,2,17,2,21,2,19,38,2,61,14,2,16,77
09/17/2021,SPI,IL,AGL,CE,Combined TRACON& Tower with Radar,0,10,16,2,28,0,2,32,0,34,0,12,48,2,62,12,9,21,83
09/18/2021,SPI,IL,AGL,CE,Combined TRACON& Tower with Radar,0,8,12,0,20,0,0,18,0,18,0,8,30,0,38,14,6,20,58
09/19/2021,SPI,IL,AGL,CE,Combined TRACON& Tower with Radar,2,7,17,2,28,0,1,7,0,8,2,8,24,2,36,8,10,18,54
09/20/2021,SPI,IL,AGL,CE,Combined TRACON& Tower with Radar,2,4,16,6,28,0,0,4,2,6,2,4,20,8,34,16,4,20,54
09/21/2021,SPI,IL,AGL,CE,Combined TRACON& Tower with Radar,0,11,11,2,24,0,2,6,0,8,0,13,17,2,32,16,2,18,50
09/22/2021,SPI,IL,AGL,CE,Combined TRACON& Tower with Radar,0,13,19,9,41,0,5,6,5,16,0,18,25,14,57,38,2,40,97
09/23/2021,SPI,IL,AGL,CE,Combined TRACON& Tower with Radar,2,6,12,1,21,0,0,42,1,43,2,6,54,2,64,108,6,114,178
09/24/2021,SPI,IL,AGL,CE,Combined TRACON& Tower with Radar,0,16,18,0,34,0,5,27,0,32,0,21,45,0,66,12,7,19,85
09/25/2021,SPI,IL,AGL,CE,Combined TRACON& Tower with Radar,0,7,12,2,21,0,0,23,0,23,0,7,35,2,44,12,5,17,61
09/26/2021,SPI,IL,AGL,CE,Combined TRACON& Tower with Radar,2,11,9,0,22,0,4,15,0,19,2,15,24,0,41,8,10,18,59
09/27/2021,SPI,IL,AGL,CE,Combined TRACON& Tower with Radar,0,12,20,0,32,0,4,3,0,7,0,16,23,0,39,0,6,6,45
09/28/2021,SPI,IL,AGL,CE,Combined TRACON& Tower with Radar,0,11,20,3,34,0,1,22,1,24,0,12,42,4,58,54,1,55,113
09/29/2021,SPI,IL,AGL,CE,Combined TRACON& Tower with Radar,0,7,10,10,27,0,6,24,4,34,0,13,34,14,61,32,34,66,127
09/30/2021,SPI,IL,AGL,CE,Combined TRACON& Tower with Radar,4,8,7,27,46,0,4,15,6,25,4,12,22,33,71,20,35,55,126
10/01/2021,SPI,IL,AGL,CE,Combined TRACON& Tower with Radar,0,8,6,20,34,0,3,10,2,15,0,11,16,22,49,62,20,82,131
10/02/2021,SPI,IL,AGL,CE,Combined TRACON& Tower with Radar,0,11,10,0,21,0,1,2,0,3,0,12,12,0,24,46,1,47,71
10/03/2021,SPI,IL,AGL,CE,Combined TRACON& Tower with Radar,2,6,9,0,17,0,0,5,0,5,2,6,14,0,22,14,1,15,37
10/04/2021,SPI,IL,AGL,CE,Combined TRACON& Tower with Radar,0,10,13,4,27,0,2,8,1,11,0,12,21,5,38,2,16,18,56
10/05/2021,SPI,IL,AGL,CE,Combined TRACON& Tower with Radar,0,10,42,0,52,0,0,15,0,15,0,10,57,0,67,12,2,14,81
10/06/2021,SPI,IL,AGL,CE,Combined TRACON& Tower with Radar,2,6,17,18,43,0,0,4,0,4,2,6,21,18,47,18,27,45,92
10/07/2021,SPI,IL,AGL,CE,Combined TRACON& Tower with Radar,0,8,13,16,37,0,0,4,2,6,0,8,17,18,43,12,27,39,82
10/08/2021,SPI,IL,AGL,CE,Combined TRACON& Tower with Radar,0,9,14,8,31,0,8,30,2,40,0,17,44,10,71,70,39,109,180
10/09/2021,SPI,IL,AGL,CE,Combined TRACON& Tower with Radar,2,8,11,0,21,0,0,28,0,28,2,8,39,0,49,48,2,50,99
10/10/2021,SPI,IL,AGL,CE,Combined TRACON& Tower with Radar,0,9,7,0,16,0,2,18,1,21,0,11,25,1,37,2,10,12,49
10/11/2021,SPI,IL,AGL,CE,Combined TRACON& Tower with Radar,0,10,9,0,19,0,0,0,0,0,0,10,9,0,19,0,2,2,21
10/12/2021,SPI,IL,AGL,CE,Combined TRACON& Tower with Radar,0,10,16,12,38,0,2,39,1,42,0,12,55,13,80,54,29,83,163
10/13/2021,SPI,IL,AGL,CE,Combined TRACON& Tower with Radar,2,6,5,1,14,0,1,7,1,9,2,7,12,2,23,18,4,22,45
10/14/2021,SPI,IL,AGL,CE,Combined TRACON& Tower with Radar,0,10,9,2,21,0,0,9,0,9,0,10,18,2,30,20,5,25,55
10/15/2021,SPI,IL,AGL,CE,Combined TRACON& Tower with Radar,2,10,13,6,31,0,0,7,0,7,2,10,20,6,38,6,5,11,49
10/16/2021,SPI,IL,AGL,CE,Combined TRACON& Tower with Radar,2,9,9,0,20,0,6,23,0,29,2,15,32,0,49,14,4,18,67
10/17/2021,SPI,IL,AGL,CE,Combined TRACON& Tower with Radar,0,9,14,0,23,0,1,44,0,45,0,10,58,0,68,34,9,43,111
10/18/2021,SPI,IL,AGL,CE,Combined TRACON& Tower with Radar,4,10,14,6,34,0,2,27,2,31,4,12,41,8,65,32,2,34,99
10/19/2021,SPI,IL,AGL,CE,Combined TRACON& Tower with Radar,0,9,4,2,15,0,5,28,5,38,0,14,32,7,53,0,0,0,53
10/20/2021,SPI,IL,AGL,CE,Combined TRACON& Tower with Radar,2,8,6,5,21,0,3,10,3,16,2,11,16,8,37,0,12,12,49
10/21/2021,SPI,IL,AGL,CE,Combined TRACON& Tower with Radar,0,7,9,8,24,0,0,4,0,4,0,7,13,8,28,0,2,2,30
10/22/2021,SPI,IL,AGL,CE,Combined TRACON& Tower with Radar,0,12,9,2,23,0,1,11,4,16,0,13,20,6,39,32,7,39,78
10/23/2021,SPI,IL,AGL,CE,Combined TRACON& Tower with Radar,2,6,9,0,17,0,2,22,0,24,2,8,31,0,41,30,8,38,79
10/24/2021,SPI,IL,AGL,CE,Combined TRACON& Tower with Radar,0,12,3,2,17,0,0,0,0,0,0,12,3,2,17,0,0,0,17
10/25/2021,SPI,IL,AGL,CE,Combined TRACON& Tower with Radar,0,10,7,0,17,0,1,2,0,3,0,11,9,0,20,0,5,5,25
10/26/2021,SPI,IL,AGL,CE,Combined TRACON& Tower with Radar,0,22,5,32,59,0,0,24,2,26,0,22,29,34,85,42,32,74,159
10/27/2021,SPI,IL,AGL,CE,Combined TRACON& Tower with Radar,2,10,10,21,43,0,6,9,1,16,2,16,19,22,59,34,13,47,106
10/28/2021,SPI,IL,AGL,CE,Combined TRACON& Tower with Radar,0,8,12,0,20,0,0,0,0,0,0,8,12,0,20,0,0,0,20
10/29/2021,SPI,IL,AGL,CE,Combined TRACON& Tower with Radar,0,7,13,1,21,0,0,0,0,0,0,7,13,1,21,0,0,0,21
10/30/2021,SPI,IL,AGL,CE,Combined TRACON& Tower with Radar,2,9,7,1,19,0,2,7,0,9,2,11,14,1,28,10,4,14,42
10/31/2021,SPI,IL,AGL,CE,Combined TRACON& Tower with Radar,0,8,22,0,30,0,1,11,1,13,0,9,33,1,43,10,4,14,57
11/01/2021,SPI,IL,AGL,CE,Combined TRACON& Tower with Radar,0,12,6,0,18,0,4,16,3,23,0,16,22,3,41,18,6,24,65
11/02/2021,SPI,IL,AGL,CE,Combined TRACON& Tower with Radar,0,10,11,3,24,0,0,9,8,17,0,10,20,11,41,54,4,58,99
11/03/2021,SPI,IL,AGL,CE,Combined TRACON& Tower with Radar,2,7,11,35,55,0,1,18,3,22,2,8,29,38,77,64,74,138,215
11/04/2021,SPI,IL,AGL,CE,Combined TRACON& Tower with Radar,0,17,14,2,33,0,3,18,7,28,0,20,32,9,61,14,4,18,79
11/05/2021,SPI,IL,AGL,CE,Combined TRACON& Tower with Radar,0,11,18,0,29,0,2,25,0,27,0,13,43,0,56,18,2,20,76
11/06/2021,SPI,IL,AGL,CE,Combined TRACON& Tower with Radar,2,14,9,0,25,0,1,36,0,37,2,15,45,0,62,4,4,8,70
11/07/2021,SPI,IL,AGL,CE,Combined TRACON& Tower with Radar,0,10,14,2,26,0,2,35,2,39,0,12,49,4,65,110,12,122,187
11/08/2021,SPI,IL,AGL,CE,Combined TRACON& Tower with Radar,0,10,11,4,25,0,0,20,4,24,0,10,31,8,49,30,0,30,79
11/09/2021,SPI,IL,AGL,CE,Combined TRACON& Tower with Radar,0,14,16,0,30,0,1,18,0,19,0,15,34,0,49,30,7,37,86
11/10/2021,SPI,IL,AGL,CE,Combined TRACON& Tower with Radar,2,19,5,10,36,0,9,6,0,15,2,28,11,10,51,0,31,31,82
11/11/2021,SPI,IL,AGL,CE,Combined TRACON& Tower with Radar,0,7,12,0,19,0,2,2,0,4,0,9,14,0,23,4,9,13,36
11/12/2021,SPI,IL,AGL,CE,Combined TRACON& Tower with Radar,2,9,8,1,20,0,1,9,1,11,2,10,17,2,31,2,3,5,36
11/13/2021,SPI,IL,AGL,CE,Combined TRACON& Tower with Radar,2,7,3,0,12,0,2,3,0,5,2,9,6,0,17,30,6,36,53
11/14/2021,SPI,IL,AGL,CE,Combined TRACON& Tower with Radar,0,9,8,0,17,0,3,0,0,3,0,12,8,0,20,2,4,6,26
11/15/2021,SPI,IL,AGL,CE,Combined TRACON& Tower with Radar,0,15,13,2,30,0,2,9,0,11,0,17,22,2,41,8,6,14,55
11/16/2021,SPI,IL,AGL,CE,Combined TRACON& Tower with Radar,2,10,23,16,51,0,2,21,3,26,2,12,44,19,77,96,21,117,194
11/17/2021,SPI,IL,AGL,CE,Combined TRACON& Tower with Radar,2,7,16,12,37,0,0,3,0,3,2,7,19,12,40,0,2,2,42
11/18/2021,SPI,IL,AGL,CE,Combined TRACON& Tower with Radar,2,7,11,10,30,0,1,10,0,11,2,8,21,10,41,0,12,12,53
11/19/2021,SPI,IL,AGL,CE,Combined TRACON& Tower with Radar,0,15,8,45,68,0,5,28,2,35,0,20,36,47,103,14,35,49,152
11/20/2021,SPI,IL,AGL,CE,Combined TRACON& Tower with Radar,4,10,7,0,21,0,5,19,0,24,4,15,26,0,45,20,6,26,71
11/21/2021,SPI,IL,AGL,CE,Combined TRACON& Tower with Radar,2,11,8,0,21,0,1,13,2,16,2,12,21,2,37,2,3,5,42
11/22/2021,SPI,IL,AGL,CE,Combined TRACON& Tower with Radar,0,12,9,14,35,0,1,19,1,21,0,13,28,15,56,6,27,33,89
11/23/2021,SPI,IL,AGL,CE,Combined TRACON& Tower with Radar,4,8,10,0,22,0,2,20,2,24,4,10,30,2,46,8,10,18,64
11/24/2021,SPI,IL,AGL,CE,Combined TRACON& Tower with Radar,0,7,8,4,19,0,3,4,0,7,0,10,12,4,26,2,5,7,33
11/25/2021,SPI,IL,AGL,CE,Combined TRACON& Tower with Radar,0,4,0,0,4,0,7,2,0,9,0,11,2,0,13,0,14,14,27
11/26/2021,SPI,IL,AGL,CE,Combined TRACON& Tower with Radar,0,5,4,0,9,0,2,17,0,19,0,7,21,0,28,22,4,26,54
11/27/2021,SPI,IL,AGL,CE,Combined TRACON& Tower with Radar,2,7,8,0,17,0,1,11,0,12,2,8,19,0,29,14,7,21,50
11/28/2021,SPI,IL,AGL,CE,Combined TRACON& Tower with Radar,1,7,17,0,25,0,1,11,0,12,1,8,28,0,37,0,5,5,42
11/29/2021,SPI,IL,AGL,CE,Combined TRACON& Tower with Radar,2,8,14,18,42,0,5,9,0,14,2,13,23,18,56,6,23,29,85
11/30/2021,SPI,IL,AGL,CE,Combined TRACON& Tower with Radar,0,9,16,0,25,0,5,18,14,37,0,14,34,14,62,36,5,41,103
12/01/2021,SPI,IL,AGL,CE,Combined TRACON& Tower with Radar,2,9,5,12,28,0,0,12,0,12,2,9,17,12,40,7,14,21,61
12/02/2021,SPI,IL,AGL,CE,Combined TRACON& Tower with Radar,2,10,5,0,17,0,0,15,3,18,2,10,20,3,35,36,0,36,71
12/03/2021,SPI,IL,AGL,CE,Combined TRACON& Tower with Radar,0,11,7,4,22,0,2,23,4,29,0,13,30,8,51,16,13,29,80
12/04/2021,SPI,IL,AGL,CE,Combined TRACON& Tower with Radar,2,8,10,0,20,0,0,31,0,31,2,8,41,0,51,16,3,19,70
12/05/2021,SPI,IL,AGL,CE,Combined TRACON& Tower with Radar,2,10,2,2,16,0,1,2,0,3,2,11,4,2,19,0,0,0,19
12/06/2021,SPI,IL,AGL,CE,Combined TRACON& Tower with Radar,0,9,4,12,25,0,2,2,2,6,0,11,6,14,31,0,15,15,46
12/07/2021,SPI,IL,AGL,CE,Combined TRACON& Tower with Radar,0,7,16,13,36,0,0,7,3,10,0,7,23,16,46,2,19,21,67
12/08/2021,SPI,IL,AGL,CE,Combined TRACON& Tower with Radar,2,8,22,2,34,0,3,18,6,27,2,11,40,8,61,13,1,14,75
12/09/2021,SPI,IL,AGL,CE,Combined TRACON& Tower with Radar,1,8,6,0,15,0,3,7,0,10,1,11,13,0,25,6,2,8,33
12/10/2021,SPI,IL,AGL,CE,Combined TRACON& Tower with Radar,0,12,11,0,23,0,0,0,0,0,0,12,11,0,23,0,0,0,23
12/11/2021,SPI,IL,AGL,CE,Combined TRACON& Tower with Radar,2,8,7,1,18,0,0,1,3,4,2,8,8,4,22,6,1,7,29
12/12/2021,SPI,IL,AGL,CE,Combined TRACON& Tower with Radar,2,9,14,0,25,0,4,20,0,24,2,13,34,0,49,30,5,35,84
12/13/2021,SPI,IL,AGL,CE,Combined TRACON& Tower with Radar,0,7,17,16,40,0,0,20,1,21,0,7,37,17,61,28,25,53,114
12/14/2021,SPI,IL,AGL,CE,Combined TRACON& Tower with Radar,0,7,17,5,29,0,5,10,3,18,0,12,27,8,47,18,7,25,72
12/15/2021,SPI,IL,AGL,CE,Combined TRACON& Tower with Radar,2,6,7,0,15,0,0,3,0,3,2,6,10,0,18,0,2,2,20
12/16/2021,SPI,IL,AGL,CE,Combined TRACON& Tower with Radar,0,6,11,13,30,0,2,10,6,18,0,8,21,19,48,8,30,38,86
12/17/2021,SPI,IL,AGL,CE,Combined TRACON& Tower with Radar,2,9,15,3,29,0,1,18,0,19,2,10,33,3,48,16,1,17,65
12/18/2021,SPI,IL,AGL,CE,Combined TRACON& Tower with Radar,2,7,4,0,13,0,1,1,0,2,2,8,5,0,15,26,4,30,45
12/19/2021,SPI,IL,AGL,CE,Combined TRACON& Tower with Radar,0,11,12,0,23,0,2,31,0,33,0,13,43,0,56,18,4,22,78
12/20/2021,SPI,IL,AGL,CE,Combined TRACON& Tower with Radar,2,7,15,0,24,0,4,20,0,24,2,11,35,0,48,24,8,32,80
12/21/2021,SPI,IL,AGL,CE,Combined TRACON& Tower with Radar,0,7,4,10,21,0,0,7,4,11,0,7,11,14,32,4,32,36,68
12/22/2021,SPI,IL,AGL,CE,Combined TRACON& Tower with Radar,4,8,13,0,25,0,2,26,1,29,4,10,39,1,54,46,9,55,109
12/23/2021,SPI,IL,AGL,CE,Combined TRACON& Tower with Radar,0,8,7,4,19,0,0,12,0,12,0,8,19,4,31,30,3,33,64
12/24/2021,SPI,IL,AGL,CE,Combined TRACON& Tower with Radar,2,8,2,0,12,0,4,3,0,7,2,12,5,0,19,22,6,28,47
12/25/2021,SPI,IL,AGL,CE,Combined TRACON& Tower with Radar,2,7,2,0,11,0,0,0,0,0,2,7,2,0,11,0,1,1,12
12/26/2021,SPI,IL,AGL,CE,Combined TRACON& Tower with Radar,0,8,15,0,23,0,0,0,0,0,0,8,15,0,23,0,1,1,24
12/27/2021,SPI,IL,AGL,CE,Combined TRACON& Tower with Radar,0,7,12,0,19,0,1,7,0,8,0,8,19,0,27,24,5,29,56
12/28/2021,SPI,IL,AGL,CE,Combined TRACON& Tower with Radar,0,9,5,0,14,0,0,0,0,0,0,9,5,0,14,0,0,0,14
12/29/2021,SPI,IL,AGL,CE,Combined TRACON& Tower with Radar,4,8,11,0,23,0,0,6,0,6,4,8,17,0,29,17,0,17,46
12/30/2021,SPI,IL,AGL,CE,Combined TRACON& Tower with Radar,0,7,7,0,14,0,0,0,0,0,0,7,7,0,14,0,0,0,14
12/31/2021,SPI,IL,AGL,CE,Combined TRACON& Tower with Radar,0,7,5,0,12,0,0,6,1,7,0,7,11,1,19,12,0,12,31
01/01/2022,SPI,IL,AGL,CE,Combined TRACON& Tower with Radar,0,4,2,0,6,0,0,0,0,0,0,4,2,0,6,0,0,0,6
01/02/2022,SPI,IL,AGL,CE,Combined TRACON& Tower with Radar,0,6,9,0,15,0,0,2,0,2,0,6,11,0,17,0,0,0,17
01/03/2022,SPI,IL,AGL,CE,Combined TRACON& Tower with Radar,2,12,14,0,28,0,0,9,1,10,2,12,23,1,38,8,3,11,49
01/04/2022,SPI,IL,AGL,CE,Combined TRACON& Tower with Radar,0,12,9,0,21,0,4,10,7,21,0,16,19,7,42,0,1,1,43
01/05/2022,SPI,IL,AGL,CE,Combined TRACON& Tower with Radar,2,8,13,0,23,0,1,2,0,3,2,9,15,0,26,0,9,9,35
01/06/2022,SPI,IL,AGL,CE,Combined TRACON& Tower with Radar,2,7,9,0,18,0,0,13,1,14,2,7,22,1,32,0,5,5,37
01/07/2022,SPI,IL,AGL,CE,Combined TRACON& Tower with Radar,0,7,5,4,16,0,4,13,3,20,0,11,18,7,36,12,44,56,92
01/08/2022,SPI,IL,AGL,CE,Combined TRACON& Tower with Radar,2,5,3,0,10,0,0,0,0,0,2,5,3,0,10,0,1,1,11
01/09/2022,SPI,IL,AGL,CE,Combined TRACON& Tower with Radar,2,5,10,0,17,0,2,5,0,7,2,7,15,0,24,0,7,7,31
01/10/2022,SPI,IL,AGL,CE,Combined TRACON& Tower with Radar,0,10,16,4,30,0,3,7,0,10,0,13,23,4,40,7,6,13,53
01/11/2022,SPI,IL,AGL,CE,Combined TRACON& Tower with Radar,0,7,14,4,25,0,1,5,4,10,0,8,19,8,35,0,8,8,43
01/12/2022,SPI,IL,AGL,CE,Combined TRACON& Tower with Radar,2,14,6,17,39,0,1,17,1,19,2,15,23,18,58,0,22,22,80
01/13/2022,SPI,IL,AGL,CE,Combined TRACON& Tower with Radar,2,7,7,6,22,0,3,15,11,29,2,10,22,17,51,14,21,35,86
01/14/2022,SPI,IL,AGL,CE,Combined TRACON& Tower with Radar,0,6,3,0,9,0,0,0,0,0,0,6,3,0,9,0,0,0,9
01/15/2022,SPI,IL,AGL,CE,Combined TRACON& Tower with Radar,2,5,11,0,18,0,0,6,0,6,2,5,17,0,24,0,2,2,26
01/16/2022,SPI,IL,AGL,CE,Combined TRACON& Tower with Radar,0,12,15,0,27,0,1,25,0,26,0,13,40,0,53,36,8,44,97
01/17/2022,SPI,IL,AGL,CE,Combined TRACON& Tower with Radar,0,7,6,0,13,0,0,2,0,2,0,7,8,0,15,0,1,1,16
01/18/2022,SPI,IL,AGL,CE,Combined TRACON& Tower with Radar,0,9,4,23,36,0,3,6,0,9,0,12,10,23,45,6,17,23,68
01/19/2022,SPI,IL,AGL,CE,Combined TRACON& Tower with Radar,2,7,3,2,14,0,0,9,6,15,2,7,12,8,29,0,4,4,33
01/20/2022,SPI,IL,AGL,CE,Combined TRACON& Tower with Radar,2,11,9,6,28,0,1,10,3,14,2,12,19,9,42,34,7,41,83
01/21/2022,SPI,IL,AGL,CE,Combined TRACON& Tower with Radar,0,11,17,2,30,0,0,23,2,25,0,11,40,4,55,20,6,26,81
01/22/2022,SPI,IL,AGL,CE,Combined TRACON& Tower with Radar,2,8,9,0,19,0,1,13,0,14,2,9,22,0,33,13,6,19,52
01/23/2022,SPI,IL,AGL,CE,Combined TRACON& Tower with Radar,2,8,7,0,17,0,1,8,0,9,2,9,15,0,26,42,4,46,72
01/24/2022,SPI,IL,AGL,CE,Combined TRACON& Tower with Radar,0,7,13,0,20,0,2,2,0,4,0,9,15,0,24,6,0,6,30
01/25/2022,SPI,IL,AGL,CE,Combined TRACON& Tower with Radar,2,7,8,2,19,0,2,9,6,17,2,9,17,8,36,7,0,7,43
01/26/2022,SPI,IL,AGL,CE,Combined TRACON& Tower with Radar,2,9,8,2,21,0,0,14,2,16,2,9,22,4,37,36,3,39,76
01/27/2022,SPI,IL,AGL,CE,Combined TRACON& Tower with Radar,2,7,6,17,32,0,0,4,6,10,2,7,10,23,42,24,11,35,77
01/28/2022,SPI,IL,AGL,CE,Combined TRACON& Tower with Radar,2,9,6,2,19,0,1,8,2,11,2,10,14,4,30,0,9,9,39
01/29/2022,SPI,IL,AGL,CE,Combined TRACON& Tower with Radar,2,13,14,0,29,0,5,11,0,16,2,18,25,0,45,2,5,7,52
01/30/2022,SPI,IL,AGL,CE,Combined TRACON& Tower with Radar,2,10,15,0,27,0,0,21,0,21,2,10,36,0,48,0,1,1,49
01/31/2022,SPI,IL,AGL,CE,Combined TRACON& Tower with Radar,0,14,10,14,38,0,2,19,2,23,0,16,29,16,61,28,14,42,103
02/01/2022,SPI,IL,AGL,CE,Combined TRACON& Tower with Radar,0,7,9,0,16,0,0,3,0,3,0,7,12,0,19,0,1,1,20
02/02/2022,SPI,IL,AGL,CE,Combined TRACON& Tower with Radar,2,9,8,2,21,0,0,14,2,16,2,9,22,4,37,0,0,0,37
02/03/2022,SPI,IL,AGL,CE,Combined TRACON& Tower with Radar,0,3,4,15,22,0,0,1,4,5,0,3,5,19,27,0,1,1,28
02/04/2022,SPI,IL,AGL,CE,Combined TRACON& Tower with Radar,0,6,1,2,9,0,1,6,0,7,0,7,7,2,16,0,7,7,23
02/05/2022,SPI,IL,AGL,CE,Combined TRACON& Tower with Radar,2,7,5,0,14,0,0,3,0,3,2,7,8,0,17,0,6,6,23
02/06/2022,SPI,IL,AGL,CE,Combined TRACON& Tower with Radar,2,9,15,2,28,0,1,10,2,13,2,10,25,4,41,2,5,7,48
02/07/2022,SPI,IL,AGL,CE,Combined TRACON& Tower with Radar,0,13,7,0,20,0,5,8,0,13,0,18,15,0,33,30,9,39,72
02/08/2022,SPI,IL,AGL,CE,Combined TRACON& Tower with Radar,0,9,8,14,31,0,1,10,4,15,0,10,18,18,46,0,0,0,46
02/09/2022,SPI,IL,AGL,CE,Combined TRACON& Tower with Radar,2,9,10,2,23,0,2,16,10,28,2,11,26,12,51,10,4,14,65
02/10/2022,SPI,IL,AGL,CE,Combined TRACON& Tower with Radar,2,8,14,0,24,0,2,3,4,9,2,10,17,4,33,26,6,32,65
02/11/2022,SPI,IL,AGL,CE,Combined TRACON& Tower with Radar,0,9,4,0,13,0,1,1,0,2,0,10,5,0,15,0,4,4,19
02/12/2022,SPI,IL,AGL,CE,Combined TRACON& Tower with Radar,2,7,7,0,16,0,0,10,0,10,2,7,17,0,26,8,5,13,39
02/13/2022,SPI,IL,AGL,CE,Combined TRACON& Tower with Radar,2,7,7,1,17,0,0,1,3,4,2,7,8,4,21,22,4,26,47
02/14/2022,SPI,IL,AGL,CE,Combined TRACON& Tower with Radar,0,15,10,18,43,0,0,19,0,19,0,15,29,18,62,8,10,18,80
02/15/2022,SPI,IL,AGL,CE,Combined TRACON& Tower with Radar,0,7,14,2,23,0,0,40,0,40,0,7,54,2,63,8,1,9,72
02/16/2022,SPI,IL,AGL,CE,Combined TRACON& Tower with Radar,4,7,6,0,17,0,0,2,1,3,4,7,8,1,20,3,1,4,24
02/17/2022,SPI,IL,AGL,CE,Combined TRACON& Tower with Radar,0,1,0,0,1,0,0,0,0,0,0,1,0,0,1,0,0,0,1
02/18/2022,SPI,IL,AGL,CE,Combined TRACON& Tower with Radar,2,13,13,2,30,0,3,7,4,14,2,16,20,6,44,0,13,13,57
02/19/2022,SPI,IL,AGL,CE,Combined TRACON& Tower with Radar,3,6,12,0,21,0,3,7,2,12,3,9,19,2,33,8,8,16,49
02/20/2022,SPI,IL,AGL,CE,Combined TRACON& Tower with Radar,0,7,8,0,15,0,2,8,0,10,0,9,16,0,25,2,9,11,36
02/21/2022,SPI,IL,AGL,CE,Combined TRACON& Tower with Radar,2,14,23,4,43,0,1,8,0,9,2,15,31,4,52,26,9,35,87
02/22/2022,SPI,IL,AGL,CE,Combined TRACON& Tower with Radar,0,7,5,1,13,0,0,6,1,7,0,7,11,2,20,0,1,1,21
02/23/2022,SPI,IL,AGL,CE,Combined TRACON& Tower with Radar,4,5,11,12,32,0,0,6,0,6,4,5,17,12,38,40,5,45,83
02/24/2022,SPI,IL,AGL,CE,Combined TRACON& Tower with Radar,0,3,7,0,10,0,0,0,0,0,0,3,7,0,10,0,0,0,10
02/25/2022,SPI,IL,AGL,CE,Combined TRACON& Tower with Radar,1,6,10,1,18,0,0,9,5,14,1,6,19,6,32,0,6,6,38
02/26/2022,SPI,IL,AGL,CE,Combined TRACON& Tower with Radar,2,12,11,0,25,0,3,27,0,30,2,15,38,0,55,28,6,34,89
02/27/2022,SPI,IL,AGL,CE,Combined TRACON& Tower with Radar,0,11,10,1,22,0,0,15,3,18,0,11,25,4,40,18,6,24,64
02/28/2022,SPI,IL,AGL,CE,Combined TRACON& Tower with Radar,0,7,8,26,41,0,0,7,0,7,0,7,15,26,48,28,28,56,104
03/01/2022,SPI,IL,AGL,CE,Combined TRACON& Tower with Radar,2,6,7,4,19,0,0,25,2,27,2,6,32,6,46,34,0,34,80
03/02/2022,SPI,IL,AGL,CE,Combined TRACON& Tower with Radar,4,7,14,26,51,0,2,25,2,29,4,9,39,28,80,22,36,58,138
03/03/2022,SPI,IL,AGL,CE,Combined TRACON& Tower with Radar,0,13,12,11,36,0,2,17,3,22,0,15,29,14,58,4,26,30,88
03/04/2022,SPI,IL,AGL,CE,Combined TRACON& Tower with Radar,2,5,11,19,37,0,0,21,4,25,2,5,32,23,62,18,9,27,89
03/05/2022,SPI,IL,AGL,CE,Combined TRACON& Tower with Radar,2,5,20,0,27,0,0,8,0,8,2,5,28,0,35,0,1,1,36
03/06/2022,SPI,IL,AGL,CE,Combined TRACON& Tower with Radar,0,6,13,2,21,0,0,22,0,22,0,6,35,2,43,44,13,57,100
03/07/2022,SPI,IL,AGL,CE,Combined TRACON& Tower with Radar,2,10,13,4,29,0,0,1,0,1,2,10,14,4,30,0,4,4,34
03/08/2022,SPI,IL,AGL,CE,Combined TRACON& Tower with Radar,0,9,9,20,38,0,1,23,8,32,0,10,32,28,70,62,34,96,166
03/09/2022,SPI,IL,AGL,CE,Combined TRACON& Tower with Radar,4,9,19,30,62,0,2,43,0,45,4,11,62,30,107,50,26,76,183
03/10/2022,SPI,IL,AGL,CE,Combined TRACON& Tower with Radar,0,7,5,0,12,0,0,3,0,3,0,7,8,0,15,0,0,0,15
03/11/2022,SPI,IL,AGL,CE,Combined TRACON& Tower with Radar,2,5,1,0,8,0,0,10,0,10,2,5,11,0,18,8,2,10,28
03/12/2022,SPI,IL,AGL,CE,Combined TRACON& Tower with Radar,4,6,8,2,20,0,0,18,0,18,4,6,26,2,38,12,0,12,50
03/13/2022,SPI,IL,AGL,CE,Combined TRACON& Tower with Radar,0,7,9,0,16,0,2,23,2,27,0,9,32,2,43,6,7,13,56
03/14/2022,SPI,IL,AGL,CE,Combined TRACON& Tower with Radar,2,9,14,6,31,0,0,31,0,31,2,9,45,6,62,4,36,40,102
03/15/2022,SPI,IL,AGL,CE,Combined TRACON& Tower with Radar,0,5,13,10,28,0,1,17,0,18,0,6,30,10,46,54,18,72,118
03/16/2022,SPI,IL,AGL,CE,Combined TRACON& Tower with Radar,5,12,4,8,29,0,3,19,2,24,5,15,23,10,53,10,15,25,78
03/17/2022,SPI,IL,AGL,CE,Combined TRACON& Tower with Radar,0,16,20,0,36,0,1,33,4,38,0,17,53,4,74,35,13,48,122
03/18/2022,SPI,IL,AGL,CE,Combined TRACON& Tower with Radar,2,5,3,14,24,0,0,1,0,1,2,5,4,14,25,0,1,1,26
03/19/2022,SPI,IL,AGL,CE,Combined TRACON& Tower with Radar,2,7,8,0,17,0,0,6,0,6,2,7,14,0,23,0,1,1,24
03/20/2022,SPI,IL,AGL,CE,Combined TRACON& Tower with Radar,0,6,12,0,18,0,4,48,0,52,0,10,60,0,70,12,4,16,86
03/21/2022,SPI,IL,AGL,CE,Combined TRACON& Tower with Radar,2,7,13,8,30,0,2,8,0,10,2,9,21,8,40,8,8,16,56
03/22/2022,SPI,IL,AGL,CE,Combined TRACON& Tower with Radar,0,9,6,12,27,0,0,0,0,0,0,9,6,12,27,0,6,6,33
03/23/2022,SPI,IL,AGL,CE,Combined TRACON& Tower with Radar,3,9,3,0,15,0,0,0,0,0,3,9,3,0,15,0,0,0,15
03/24/2022,SPI,IL,AGL,CE,Combined TRACON& Tower with Radar,0,5,4,0,9,0,0,2,0,2,0,5,6,0,11,0,0,0,11
03/25/2022,SPI,IL,AGL,CE,Combined TRACON& Tower with Radar,2,8,9,1,20,0,0,5,1,6,2,8,14,2,26,0,1,1,27
03/26/2022,SPI,IL,AGL,CE,Combined TRACON& Tower with Radar,2,5,5,0,12,0,1,3,0,4,2,6,8,0,16,4,5,9,25
03/27/2022,SPI,IL,AGL,CE,Combined TRACON& Tower with Radar,0,13,11,0,24,0,3,22,0,25,0,16,33,0,49,28,4,32,81
03/28/2022,SPI,IL,AGL,CE,Combined TRACON& Tower with Radar,2,10,8,2,22,0,4,40,4,48,2,14,48,6,70,42,2,44,114
03/29/2022,SPI,IL,AGL,CE,Combined TRACON& Tower with Radar,0,11,12,0,23,0,1,4,6,11,0,12,16,6,34,12,5,17,51
03/30/2022,SPI,IL,AGL,CE,Combined TRACON& Tower with Radar,4,6,3,0,13,0,0,0,0,0,4,6,3,0,13,0,0,0,13
03/31/2022,SPI,IL,AGL,CE,Combined TRACON& Tower with Radar,0,7,10,12,29,0,0,0,0,0,0,7,10,12,29,4,1,5,34
04/01/2022,SPI,IL,AGL,CE,Combined TRACON& Tower with Radar,2,9,29,8,48,0,1,17,4,22,2,10,46,12,70,34,0,34,104
04/02/2022,SPI,IL,AGL,CE,Combined TRACON& Tower with Radar,2,8,9,0,19,0,1,5,0,6,2,9,14,0,25,28,0,28,53
04/03/2022,SPI,IL,AGL,CE,Combined TRACON& Tower with Radar,0,6,27,0,33,0,3,26,0,29,0,9,53,0,62,28,4,32,94
04/04/2022,SPI,IL,AGL,CE,Combined TRACON& Tower with Radar,2,18,11,15,46,0,13,10,0,23,2,31,21,15,69,54,39,93,162
04/05/2022,SPI,IL,AGL,CE,Combined TRACON& Tower with Radar,2,5,12,0,19,0,0,0,0,0,2,5,12,0,19,0,1,1,20
04/06/2022,SPI,IL,AGL,CE,Combined TRACON& Tower with Radar,4,6,20,19,49,0,0,1,0,1,4,6,21,19,50,0,27,27,77
04/07/2022,SPI,IL,AGL,CE,Combined TRACON& Tower with Radar,0,6,12,2,20,0,5,4,0,9,0,11,16,2,29,0,4,4,33
04/08/2022,SPI,IL,AGL,CE,Combined TRACON& Tower with Radar,4,6,5,2,17,0,0,2,0,2,4,6,7,2,19,0,1,1,20
04/09/2022,SPI,IL,AGL,CE,Combined TRACON& Tower with Radar,2,11,31,1,45,0,5,33,1,39,2,16,64,2,84,8,7,15,99
04/10/2022,SPI,IL,AGL,CE,Combined TRACON& Tower with Radar,0,8,15,1,24,0,1,8,1,10,0,9,23,2,34,0,5,5,39
04/11/2022,SPI,IL,AGL,CE,Combined TRACON& Tower with Radar,2,14,29,8,53,0,3,12,0,15,2,17,41,8,68,2,36,38,106
04/12/2022,SPI,IL,AGL,CE,Combined TRACON& Tower with Radar,0,8,9,6,23,0,0,5,0,5,0,8,14,6,28,0,2,2,30
04/13/2022,SPI,IL,AGL,CE,Combined TRACON& Tower with Radar,4,6,6,0,16,0,0,2,0,2,4,6,8,0,18,0,0,0,18
04/14/2022,SPI,IL,AGL,CE,Combined TRACON& Tower with Radar,0,14,19,0,33,0,0,8,1,9,0,14,27,1,42,0,1,1,43
04/15/2022,SPI,IL,AGL,CE,Combined TRACON& Tower with Radar,2,6,13,9,30,0,1,9,0,10,2,7,22,9,40,20,35,55,95
04/16/2022,SPI,IL,AGL,CE,Combined TRACON& Tower with Radar,4,7,24,0,35,0,7,30,0,37,4,14,54,0,72,26,10,36,108
04/17/2022,SPI,IL,AGL,CE,Combined TRACON& Tower with Radar,0,9,4,6,19,0,1,0,0,1,0,10,4,6,20,0,0,0,20
04/18/2022,SPI,IL,AGL,CE,Combined TRACON& Tower with Radar,1,8,12,5,26,0,1,2,1,4,1,9,14,6,30,14,6,20,50
04/19/2022,SPI,IL,AGL,CE,Combined TRACON& Tower with Radar,0,9,34,9,52,0,5,15,6,26,0,14,49,15,78,12,14,26,104
04/20/2022,SPI,IL,AGL,CE,Combined TRACON& Tower with Radar,4,6,6,2,18,0,0,0,1,1,4,6,6,3,19,0,0,0,19
04/21/2022,SPI,IL,AGL,CE,Combined TRACON& Tower with Radar,0,10,19,21,50,0,4,7,5,16,0,14,26,26,66,26,2,28,94
04/22/2022,SPI,IL,AGL,CE,Combined TRACON& Tower with Radar,2,7,7,9,25,0,3,3,1,7,2,10,10,10,32,12,10,22,54
04/23/2022,SPI,IL,AGL,CE,Combined TRACON& Tower with Radar,2,6,10,0,18,0,2,0,1,3,2,8,10,1,21,4,9,13,34
04/24/2022,SPI,IL,AGL,CE,Combined TRACON& Tower with Radar,0,6,10,2,18,0,0,2,0,2,0,6,12,2,20,0,0,0,20
04/25/2022,SPI,IL,AGL,CE,Combined TRACON& Tower with Radar,2,18,16,1,37,0,1,12,2,15,2,19,28,3,52,68,2,70,122
04/26/2022,SPI,IL,AGL,CE,Combined TRACON& Tower with Radar,0,13,24,21,58,0,4,14,2,20,0,17,38,23,78,50,24,74,152
04/27/2022,SPI,IL,AGL,CE,Combined TRACON& Tower with Radar,4,11,31,1,47,0,7,17,1,25,4,18,48,2,72,38,11,49,121
04/28/2022,SPI,IL,AGL,CE,Combined TRACON& Tower with Radar,0,6,12,3,21,0,2,3,1,6,0,8,15,4,27,8,5,13,40
04/29/2022,SPI,IL,AGL,CE,Combined TRACON& Tower with Radar,2,8,10,11,31,0,0,3,1,4,2,8,13,12,35,0,16,16,51
04/30/2022,SPI,IL,AGL,CE,Combined TRACON& Tower with Radar,4,6,2,0,12,0,1,3,0,4,4,7,5,0,16,3,12,15,31
05/01/2022,SPI,IL,AGL,CE,Combined TRACON& Tower with Radar,0,5,17,2,24,0,0,3,0,3,0,5,20,2,27,10,5,15,42
05/02/2022,SPI,IL,AGL,CE,Combined TRACON& Tower with Radar,0,9,24,20,53,0,3,20,4,27,0,12,44,24,80,6,12,18,98
05/03/2022,SPI,IL,AGL,CE,Combined TRACON& Tower with Radar,0,9,19,2,30,0,0,0,0,0,0,9,19,2,30,0,1,1,31
05/04/2022,SPI,IL,AGL,CE,Combined TRACON& Tower with Radar,1,14,28,0,43,0,1,5,0,6,1,15,33,0,49,41,5,46,95
05/05/2022,SPI,IL,AGL,CE,Combined TRACON& Tower with Radar,0,8,6,4,18,0,0,2,0,2,0,8,8,4,20,2,0,2,22
05/06/2022,SPI,IL,AGL,CE,Combined TRACON& Tower with Radar,2,8,5,0,15,0,0,0,0,0,2,8,5,0,15,0,0,0,15
05/07/2022,SPI,IL,AGL,CE,Combined TRACON& Tower with Radar,2,10,36,11,59,0,1,51,0,52,2,11,87,11,111,30,14,44,155
05/08/2022,SPI,IL,AGL,CE,Combined TRACON& Tower with Radar,0,6,20,0,26,0,0,12,0,12,0,6,32,0,38,0,1,1,39
05/09/2022,SPI,IL,AGL,CE,Combined TRACON& Tower with Radar,2,7,25,0,34,0,0,10,0,10,2,7,35,0,44,0,0,0,44
05/10/2022,SPI,IL,AGL,CE,Combined TRACON& Tower with Radar,0,13,28,16,57,0,3,13,0,16,0,16,41,16,73,6,14,20,93
05/11/2022,SPI,IL,AGL,CE,Combined TRACON& Tower with Radar,2,6,24,12,44,0,2,15,7,24,2,8,39,19,68,11,13,24,92
05/12/2022,SPI,IL,AGL,CE,Combined TRACON& Tower with Radar,0,8,23,2,33,0,2,16,2,20,0,10,39,4,53,2,2,4,57
05/13/2022,SPI,IL,AGL,CE,Combined TRACON& Tower with Radar,2,11,22,5,40,0,0,19,7,26,2,11,41,12,66,2,7,9,75
05/14/2022,SPI,IL,AGL,CE,Combined TRACON& Tower with Radar,4,12,29,0,45,0,0,24,0,24,4,12,53,0,69,52,4,56,125
05/15/2022,SPI,IL,AGL,CE,Combined TRACON& Tower with Radar,0,5,18,0,23,0,2,6,0,8,0,7,24,0,31,6,0,6,37
05/16/2022,SPI,IL,AGL,CE,Combined TRACON& Tower with Radar,2,10,24,1,37,0,2,9,1,12,2,12,33,2,49,8,5,13,62
05/17/2022,SPI,IL,AGL,CE,Combined TRACON& Tower with Radar,0,8,22,8,38,0,0,12,0,12,0,8,34,8,50,10,16,26,76
05/18/2022,SPI,IL,AGL,CE,Combined TRACON& Tower with Radar,2,6,15,2,25,0,0,4,0,4,2,6,19,2,29,26,1,27,56
05/19/2022,SPI,IL,AGL,CE,Combined TRACON& Tower with Radar,0,8,15,12,35,0,2,6,2,10,0,10,21,14,45,20,11,31,76
05/20/2022,SPI,IL,AGL,CE,Combined TRACON& Tower with Radar,2,6,14,0,22,0,1,12,0,13,2,7,26,0,35,0,2,2,37
05/21/2022,SPI,IL,AGL,CE,Combined TRACON& Tower with Radar,2,7,2,0,11,0,0,0,0,0,2,7,2,0,11,12,0,12,23
05/22/2022,SPI,IL,AGL,CE,Combined TRACON& Tower with Radar,0,7,23,1,31,0,1,23,2,26,0,8,46,3,57,40,12,52,109
05/23/2022,SPI,IL,AGL,CE,Combined TRACON& Tower with Radar,2,19,25,2,48,0,10,17,2,29,2,29,42,4,77,24,36,60,137
05/24/2022,SPI,IL,AGL,CE,Combined TRACON& Tower with Radar,0,13,16,8,37,0,5,11,5,21,0,18,27,13,58,28,45,73,131
05/25/2022,SPI,IL,AGL,CE,Combined TRACON& Tower with Radar,2,6,2,2,12,0,0,1,0,1,2,6,3,2,13,2,2,4,17
05/26/2022,SPI,IL,AGL,CE,Combined TRACON& Tower with Radar,0,7,15,2,24,0,0,3,0,3,0,7,18,2,27,18,1,19,46
05/27/2022,SPI,IL,AGL,CE,Combined TRACON& Tower with Radar,2,11,17,2,32,0,0,6,0,6,2,11,23,2,38,0,0,0,38
05/28/2022,SPI,IL,AGL,CE,Combined TRACON& Tower with Radar,2,6,12,2,22,0,2,16,0,18,2,8,28,2,40,0,3,3,43
05/29/2022,SPI,IL,AGL,CE,Combined TRACON& Tower with Radar,0,7,3,0,10,0,2,2,0,4,0,9,5,0,14,0,8,8,22
05/30/2022,SPI,IL,AGL,CE,Combined TRACON& Tower with Radar,1,7,13,0,21,0,0,8,0,8,1,7,21,0,29,4,6,10,39
05/31/2022,SPI,IL,AGL,CE,Combined TRACON& Tower with Radar,0,8,25,1,34,0,0,17,1,18,0,8,42,2,52,4,5,9,61
06/01/2022,SPI,IL,AGL,CE,Combined TRACON& Tower with Radar,2,9,5,2,18,0,0,1,0,1,2,9,6,2,19,10,0,10,29
06/02/2022,SPI,IL,AGL,CE,Combined TRACON& Tower with Radar,0,12,39,8,59,0,3,24,1,28,0,15,63,9,87,42,7,49,136
06/03/2022,SPI,IL,AGL,CE,Combined TRACON& Tower with Radar,4,7,31,14,56,0,2,27,6,35,4,9,58,20,91,24,24,48,139
06/04/2022,SPI,IL,AGL,CE,Combined TRACON& Tower with Radar,2,12,11,4,29,0,2,7,0,9,2,14,18,4,38,22,5,27,65
06/05/2022,SPI,IL,AGL,CE,Combined TRACON& Tower with Radar,0,8,20,0,28,0,3,13,0,16,0,11,33,0,44,10,5,15,59
06/06/2022,SPI,IL,AGL,CE,Combined TRACON& Tower with Radar,4,7,12,2,25,0,2,1,2,5,4,9,13,4,30,0,1,1,31
06/07/2022,SPI,IL,AGL,CE,Combined TRACON& Tower with Radar,0,13,16,3,32,0,2,8,3,13,0,15,24,6,45,4,3,7,52
06/08/2022,SPI,IL,AGL,CE,Combined TRACON& Tower with Radar,2,7,14,4,27,0,0,2,0,2,2,7,16,4,29,0,0,0,29
06/09/2022,SPI,IL,AGL,CE,Combined TRACON& Tower with Radar,0,13,30,7,50,0,3,23,1,27,0,16,53,8,77,10,9,19,96
06/10/2022,SPI,IL,AGL,CE,Combined TRACON& Tower with Radar,2,8,29,0,39,0,1,12,0,13,2,9,41,0,52,8,7,15,67
06/11/2022,SPI,IL,AGL,CE,Combined TRACON& Tower with Radar,2,7,28,3,40,0,1,22,0,23,2,8,50,3,63,8,16,24,87
06/12/2022,SPI,IL,AGL,CE,Combined TRACON& Tower with Radar,0,7,19,0,26,0,0,9,0,9,0,7,28,0,35,6,3,9,44
06/13/2022,SPI,IL,AGL,CE,Combined TRACON& Tower with Radar,4,11,24,2,41,0,1,10,0,11,4,12,34,2,52,8,2,10,62
06/14/2022,SPI,IL,AGL,CE,Combined TRACON& Tower with Radar,2,8,23,0,33,0,0,19,6,25,2,8,42,6,58,6,3,9,67
06/15/2022,SPI,IL,AGL,CE,Combined TRACON& Tower with Radar,2,10,20,2,34,0,0,7,2,9,2,10,27,4,43,20,2,22,65
06/16/2022,SPI,IL,AGL,CE,Combined TRACON& Tower with Radar,0,8,19,2,29,0,4,9,0,13,0,12,28,2,42,48,7,55,97
06/17/2022,SPI,IL,AGL,CE,Combined TRACON& Tower with Radar,2,9,28,13,52,0,3,16,1,20,2,12,44,14,72,20,21,41,113
06/18/2022,SPI,IL,AGL,CE,Combined TRACON& Tower with Radar,2,7,30,0,39,0,0,23,0,23,2,7,53,0,62,6,0,6,68
06/19/2022,SPI,IL,AGL,CE,Combined TRACON& Tower with Radar,0,14,29,0,43,0,2,21,0,23,0,16,50,0,66,4,5,9,75
06/20/2022,SPI,IL,AGL,CE,Combined TRACON& Tower with Radar,2,10,19,0,31,0,2,16,0,18,2,12,35,0,49,32,6,38,87
06/21/2022,SPI,IL,AGL,CE,Combined TRACON& Tower with Radar,0,8,17,2,27,0,1,9,2,12,0,9,26,4,39,8,3,11,50
06/22/2022,SPI,IL,AGL,CE,Combined TRACON& Tower with Radar,2,6,16,7,31,0,4,14,7,25,2,10,30,14,56,10,8,18,74
06/23/2022,SPI,IL,AGL,CE,Combined TRACON& Tower with Radar,0,9,24,4,37,0,2,19,4,25,0,11,43,8,62,32,2,34,96
06/24/2022,SPI,IL,AGL,CE,Combined TRACON& Tower with Radar,2,6,25,2,35,0,1,13,0,14,2,7,38,2,49,22,4,26,75
06/25/2022,SPI,IL,AGL,CE,Combined TRACON& Tower with Radar,2,6,17,0,25,0,4,9,0,13,2,10,26,0,38,8,11,19,57
06/26/2022,SPI,IL,AGL,CE,Combined TRACON& Tower with Radar,0,8,24,0,32,0,0,18,0,18,0,8,42,0,50,0,3,3,53
06/27/2022,SPI,IL,AGL,CE,Combined TRACON& Tower with Radar,1,10,31,8,50,0,2,22,0,24,1,12,53,8,74,52,18,70,144
06/28/2022,SPI,IL,AGL,CE,Combined TRACON& Tower with Radar,0,8,31,5,44,0,0,24,4,28,0,8,55,9,72,80,7,87,159
06/29/2022,SPI,IL,AGL,CE,Combined TRACON& Tower with Radar,2,12,28,2,44,0,5,22,2,29,2,17,50,4,73,18,17,35,108
06/30/2022,SPI,IL,AGL,CE,Combined TRACON& Tower with Radar,0,11,27,2,40,0,3,14,1,18,0,14,41,3,58,52,19,71,129
07/01/2022,SPI,IL,AGL,CE,Combined TRACON& Tower with Radar,2,8,24,2,36,0,5,10,4,19,2,13,34,6,55,28,4,32,87
07/02/2022,SPI,IL,AGL,CE,Combined TRACON& Tower with Radar,2,16,24,0,42,0,4,7,0,11,2,20,31,0,53,30,16,46,99
07/03/2022,SPI,IL,AGL,CE,Combined TRACON& Tower with Radar,0,5,11,0,16,0,4,5,0,9,0,9,16,0,25,18,13,31,56
07/04/2022,SPI,IL,AGL,CE,Combined TRACON& Tower with Radar,0,5,18,0,23,0,2,14,0,16,0,7,32,0,39,46,3,49,88
07/05/2022,SPI,IL,AGL,CE,Combined TRACON& Tower with Radar,2,6,5,15,28,0,3,4,1,8,2,9,9,16,36,16,23,39,75
07/06/2022,SPI,IL,AGL,CE,Combined TRACON& Tower with Radar,1,9,5,0,15,0,1,3,0,4,1,10,8,0,19,2,1,3,22
07/07/2022,SPI,IL,AGL,CE,Combined TRACON& Tower with Radar,0,7,10,0,17,0,0,2,0,2,0,7,12,0,19,4,7,11,30
07/08/2022,SPI,IL,AGL,CE,Combined TRACON& Tower with Radar,2,10,7,4,23,0,0,5,0,5,2,10,12,4,28,0,0,0,28
07/09/2022,SPI,IL,AGL,CE,Combined TRACON& Tower with Radar,0,12,11,0,23,0,1,11,0,12,0,13,22,0,35,16,5,21,56
07/10/2022,SPI,IL,AGL,CE,Combined TRACON& Tower with Radar,0,7,28,2,37,0,2,31,0,33,0,9,59,2,70,44,5,49,119
07/11/2022,SPI,IL,AGL,CE,Combined TRACON& Tower with Radar,2,10,19,9,40,0,2,10,1,13,2,12,29,10,53,20,4,24,77
07/12/2022,SPI,IL,AGL,CE,Combined TRACON& Tower with Radar,0,7,21,7,35,0,4,16,9,29,0,11,37,16,64,36,36,72,136
07/13/2022,SPI,IL,AGL,CE,Combined TRACON& Tower with Radar,2,7,27,0,36,0,3,22,0,25,2,10,49,0,61,6,3,9,70
07/14/2022,SPI,IL,AGL,CE,Combined TRACON& Tower with Radar,0,6,35,0,41,0,0,19,3,22,0,6,54,3,63,6,1,7,70
07/15/2022,SPI,IL,AGL,CE,Combined TRACON& Tower with Radar,2,5,17,4,28,0,2,3,0,5,2,7,20,4,33,2,10,12,45
07/16/2022,SPI,IL,AGL,CE,Combined TRACON& Tower with Radar,2,7,13,8,30,0,0,7,1,8,2,7,20,9,38,49,14,63,101
07/17/2022,SPI,IL,AGL,CE,Combined TRACON& Tower with Radar,0,5,8,2,15,0,0,2,0,2,0,5,10,2,17,0,2,2,19
07/18/2022,SPI,IL,AGL,CE,Combined TRACON& Tower with Radar,2,14,16,10,42,0,4,9,4,17,2,18,25,14,59,64,26,90,149
07/19/2022,SPI,IL,AGL,CE,Combined TRACON& Tower with Radar,1,10,26,8,45,0,6,13,5,24,1,16,39,13,69,38,12,50,119
07/20/2022,SPI,IL,AGL,CE,Combined TRACON& Tower with Radar,2,6,14,4,26,0,0,12,4,16,2,6,26,8,42,8,4,12,54
07/21/2022,SPI,IL,AGL,CE,Combined TRACON& Tower with Radar,0,11,24,7,42,0,1,13,1,15,0,12,37,8,57,26,10,36,93
07/22/2022,SPI,IL,AGL,CE,Combined TRACON& Tower with Radar,2,6,26,0,34,0,2,20,0,22,2,8,46,0,56,54,3,57,113
07/23/2022,SPI,IL,AGL,CE,Combined TRACON& Tower with Radar,2,6,22,1,31,0,3,16,1,20,2,9,38,2,51,0,7,7,58
07/24/2022,SPI,IL,AGL,CE,Combined TRACON& Tower with Radar,0,4,13,0,17,0,0,11,2,13,0,4,24,2,30,0,3,3,33
07/25/2022,SPI,IL,AGL,CE,Combined TRACON& Tower with Radar,2,5,22,11,40,0,3,12,1,16,2,8,34,12,56,46,33,79,135
07/26/2022,SPI,IL,AGL,CE,Combined TRACON& Tower with Radar,0,10,12,0,22,0,0,0,0,0,0,10,12,0,22,0,0,0,22
07/27/2022,SPI,IL,AGL,CE,Combined TRACON& Tower with Radar,6,5,24,5,40,0,0,6,0,6,6,5,30,5,46,2,5,7,53
07/28/2022,SPI,IL,AGL,CE,Combined TRACON& Tower with Radar,0,7,15,2,24,0,0,12,2,14,0,7,27,4,38,26,11,37,75
07/29/2022,SPI,IL,AGL,CE,Combined TRACON& Tower with Radar,2,10,27,4,43,0,5,18,6,29,2,15,45,10,72,32,9,41,113
07/30/2022,SPI,IL,AGL,CE,Combined TRACON& Tower with Radar,2,5,19,1,27,0,3,23,1,27,2,8,42,2,54,24,11,35,89
07/31/2022,SPI,IL,AGL,CE,Combined TRACON& Tower with Radar,0,7,19,1,27,0,6,9,1,16,0,13,28,2,43,18,8,26,69
08/01/2022,SPI,IL,AGL,CE,Combined TRACON& Tower with Radar,0,13,14,0,27,0,1,2,2,5,0,14,16,2,32,8,4,12,44
08/02/2022,SPI,IL,AGL,CE,Combined TRACON& Tower with Radar,0,7,5,0,12,0,0,8,0,8,0,7,13,0,20,0,3,3,23
08/03/2022,SPI,IL,AGL,CE,Combined TRACON& Tower with Radar,2,9,21,0,32,0,1,5,0,6,2,10,26,0,38,10,4,14,52
08/04/2022,SPI,IL,AGL,CE,Combined TRACON& Tower with Radar,0,5,12,0,17,0,1,4,0,5,0,6,16,0,22,2,3,5,27
08/05/2022,SPI,IL,AGL,CE,Combined TRACON& Tower with Radar,2,9,9,8,28,0,2,6,0,8,2,11,15,8,36,0,2,2,38
08/06/2022,SPI,IL,AGL,CE,Combined TRACON& Tower with Radar,4,3,15,0,22,0,1,4,0,5,4,4,19,0,27,8,4,12,39
08/07/2022,SPI,IL,AGL,CE,Combined TRACON& Tower with Radar,0,8,9,0,17,0,3,6,6,15,0,11,15,6,32,0,6,6,38
08/08/2022,SPI,IL,AGL,CE,Combined TRACON& Tower with Radar,2,6,26,5,39,0,1,9,0,10,2,7,35,5,49,40,4,44,93
08/09/2022,SPI,IL,AGL,CE,Combined TRACON& Tower with Radar,0,10,25,23,58,0,1,4,4,9,0,11,29,27,67,68,10,78,145
08/10/2022,SPI,IL,AGL,CE,Combined TRACON& Tower with Radar,2,8,38,10,58,0,3,24,0,27,2,11,62,10,85,46,28,74,159
08/11/2022,SPI,IL,AGL,CE,Combined TRACON& Tower with Radar,0,8,25,2,35,0,1,16,2,19,0,9,41,4,54,10,2,12,66
08/12/2022,SPI,IL,AGL,CE,Combined TRACON& Tower with Radar,2,6,23,4,35,0,2,24,2,28,2,8,47,6,63,14,7,21,84
08/13/2022,SPI,IL,AGL,CE,Combined TRACON& Tower with Radar,2,8,25,0,35,0,1,22,0,23,2,9,47,0,58,0,8,8,66
08/14/2022,SPI,IL,AGL,CE,Combined TRACON& Tower with Radar,0,6,28,11,45,0,1,7,3,11,0,7,35,14,56,38,2,40,96
08/15/2022,SPI,IL,AGL,CE,Combined TRACON& Tower with Radar,2,5,28,0,35,0,0,10,0,10,2,5,38,0,45,8,0,8,53
08/16/2022,SPI,IL,AGL,CE,Combined TRACON& Tower with Radar,4,3,19,7,33,0,4,9,6,19,4,7,28,13,52,28,34,62,114
08/17/2022,SPI,IL,AGL,CE,Combined TRACON& Tower with Radar,6,5,23,3,37,0,3,19,1,23,6,8,42,4,60,20,0,20,80
08/18/2022,SPI,IL,AGL,CE,Combined TRACON& Tower with Radar,3,6,27,2,38,0,4,24,4,32,3,10,51,6,70,46,8,54,124
08/19/2022,SPI,IL,AGL,CE,Combined TRACON& Tower with Radar,4,7,26,3,40,0,0,17,3,20,4,7,43,6,60,46,8,54,114
08/20/2022,SPI,IL,AGL,CE,Combined TRACON& Tower with Radar,6,5,16,0,27,0,0,15,0,15,6,5,31,0,42,14,5,19,61
08/21/2022,SPI,IL,AGL,CE,Combined TRACON& Tower with Radar,3,2,17,2,24,0,0,9,0,9,3,2,26,2,33,0,0,0,33
08/22/2022,SPI,IL,AGL,CE,Combined TRACON& Tower with Radar,3,5,35,0,43,0,1,13,0,14,3,6,48,0,57,4,3,7,64
08/23/2022,SPI,IL,AGL,CE,Combined TRACON& Tower with Radar,4,5,31,2,42,0,1,16,4,21,4,6,47,6,63,78,1,79,142
08/24/2022,SPI,IL,AGL,CE,Combined TRACON& Tower with Radar,6,6,27,1,40,0,1,15,1,17,6,7,42,2,57,26,9,35,92
08/25/2022,SPI,IL,AGL,CE,Combined TRACON& Tower with Radar,4,4,17,7,32,0,2,10,3,15,4,6,27,10,47,12,7,19,66
08/26/2022,SPI,IL,AGL,CE,Combined TRACON& Tower with Radar,4,5,25,1,35,0,2,11,1,14,4,7,36,2,49,28,7,35,84
08/27/2022,SPI,IL,AGL,CE,Combined TRACON& Tower with Radar,6,4,21,0,31,0,2,17,0,19,6,6,38,0,50,24,4,28,78
08/28/2022,SPI,IL,AGL,CE,Combined TRACON& Tower with Radar,5,2,13,0,20,0,0,8,0,8,5,2,21,0,28,0,0,0,28
08/29/2022,SPI,IL,AGL,CE,Combined TRACON& Tower with Radar,3,9,18,6,36,0,0,12,2,14,3,9,30,8,50,0,6,6,56
08/30/2022,SPI,IL,AGL,CE,Combined TRACON& Tower with Radar,6,9,27,9,51,0,4,21,0,25,6,13,48,9,76,4,9,13,89
08/31/2022,SPI,IL,AGL,CE,Combined TRACON& Tower with Radar,5,9,24,7,45,0,6,13,5,24,5,15,37,12,69,56,6,62,131
09/01/2022,SPI,IL,AGL,CE,Combined TRACON& Tower with Radar,4,4,23,2,33,0,1,9,0,10,4,5,32,2,43,27,3,30,73
09/02/2022,SPI,IL,AGL,CE,Combined TRACON& Tower with Radar,4,7,26,2,39,0,1,17,0,18,4,8,43,2,57,32,4,36,93
09/03/2022,SPI,IL,AGL,CE,Combined TRACON& Tower with Radar,6,2,25,0,33,0,0,22,0,22,6,2,47,0,55,0,5,5,60
09/04/2022,SPI,IL,AGL,CE,Combined TRACON& Tower with Radar,4,2,6,0,12,0,0,1,0,1,4,2,7,0,13,4,1,5,18
09/05/2022,SPI,IL,AGL,CE,Combined TRACON& Tower with Radar,4,2,11,0,17,0,0,0,0,0,4,2,11,0,17,14,1,15,32
09/06/2022,SPI,IL,AGL,CE,Combined TRACON& Tower with Radar,4,6,25,4,39,0,0,6,0,6,4,6,31,4,45,10,6,16,61
09/07/2022,SPI,IL,AGL,CE,Combined TRACON& Tower with Radar,1,13,22,5,41,0,4,13,5,22,1,17,35,10,63,10,3,13,76
09/08/2022,SPI,IL,AGL,CE,Combined TRACON& Tower with Radar,0,12,23,12,47,0,0,14,2,16,0,12,37,14,63,20,10,30,93
09/09/2022,SPI,IL,AGL,CE,Combined TRACON& Tower with Radar,0,7,29,6,42,0,4,22,4,30,0,11,51,10,72,24,27,51,123
09/11/2022,SPI,IL,AGL,CE,Combined TRACON& Tower with Radar,0,6,10,4,20,0,1,2,0,3,0,7,12,4,23,6,0,6,29
09/12/2022,SPI,IL,AGL,CE,Combined TRACON& Tower with Radar,0,5,15,6,26,0,9,27,0,36,0,14,42,6,62,18,9,27,89
09/13/2022,SPI,IL,AGL,CE,Combined TRACON& Tower with Radar,0,9,9,0,18,0,8,23,2,33,0,17,32,2,51,30,11,41,92
09/14/2022,SPI,IL,AGL,CE,Combined TRACON& Tower with Radar,0,8,17,0,25,0,7,30,5,42,0,15,47,5,67,18,8,26,93
09/15/2022,SPI,IL,AGL,CE,Combined TRACON& Tower with Radar,0,12,16,0,28,0,4,32,0,36,0,16,48,0,64,30,6,36,100
09/16/2022,SPI,IL,AGL,CE,Combined TRACON& Tower with Radar,0,6,24,0,30,0,9,14,3,26,0,15,38,3,56,44,12,56,112
09/17/2022,SPI,IL,AGL,CE,Combined TRACON& Tower with Radar,0,8,10,0,18,0,8,32,2,42,0,16,42,2,60,36,3,39,99
09/18/2022,SPI,IL,AGL,CE,Combined TRACON& Tower with Radar,0,8,14,0,22,0,9,17,0,26,0,17,31,0,48,20,13,33,81
09/19/2022,SPI,IL,AGL,CE,Combined TRACON& Tower with Radar,0,7,15,2,24,0,7,16,0,23,0,14,31,2,47,10,6,16,63
09/20/2022,SPI,IL,AGL,CE,Combined TRACON& Tower with Radar,0,9,12,2,23,0,5,36,2,43,0,14,48,4,66,26,5,31,97
09/21/2022,SPI,IL,AGL,CE,Combined TRACON& Tower with Radar,0,7,18,8,33,0,2,6,4,12,0,9,24,12,45,14,1,15,60
09/22/2022,SPI,IL,AGL,CE,Combined TRACON& Tower with Radar,0,9,8,2,19,0,13,30,4,47,0,22,38,6,66,17,14,31,97
09/23/2022,SPI,IL,AGL,CE,Combined TRACON& Tower with Radar,0,13,14,6,33,0,2,14,0,16,0,15,28,6,49,30,2,32,81
09/24/2022,SPI,IL,AGL,CE,Combined TRACON& Tower with Radar,0,10,11,0,21,0,7,31,0,38,0,17,42,0,59,12,8,20,79
09/25/2022,SPI,IL,AGL,CE,Combined TRACON& Tower with Radar,0,10,13,0,23,0,4,12,0,16,0,14,25,0,39,0,3,3,42
09/26/2022,SPI,IL,AGL,CE,Combined TRACON& Tower with Radar,0,8,15,0,23,0,15,20,4,39,0,23,35,4,62,0,14,14,76
09/27/2022,SPI,IL,AGL,CE,Combined TRACON& Tower with Radar,2,7,13,0,22,0,7,11,0,18,2,14,24,0,40,36,10,46,86
09/28/2022,SPI,IL,AGL,CE,Combined TRACON& Tower with Radar,0,11,3,0,14,0,1,30,2,33,0,12,33,2,47,16,3,19,66
09/29/2022,SPI,IL,AGL,CE,Combined TRACON& Tower with Radar,0,10,8,2,20,0,4,29,0,33,0,14,37,2,53,32,8,40,93
09/30/2022,SPI,IL,AGL,CE,Combined TRACON& Tower with Radar,0,7,18,0,25,0,3,27,0,30,0,10,45,0,55,14,6,20,75
10/01/2022,SPI,IL,AGL,CE,Towers with Radar,0,10,5,0,15,0,6,13,1,20,0,16,18,1,35,25,6,31,66
10/02/2022,SPI,IL,AGL,CE,Towers with Radar,0,6,13,0,19,0,10,24,0,34,0,16,37,0,53,0,14,14,67
10/03/2022,SPI,IL,AGL,CE,Towers with Radar,0,8,5,5,18,0,12,22,1,35,0,20,27,6,53,12,14,26,79
10/04/2022,SPI,IL,AGL,CE,Towers with Radar,0,6,10,0,16,0,8,30,4,42,0,14,40,4,58,10,6,16,74
10/05/2022,SPI,IL,AGL,CE,Towers with Radar,2,6,8,0,16,0,2,17,6,25,2,8,25,6,41,24,4,28,69
10/06/2022,SPI,IL,AGL,CE,Towers with Radar,3,3,12,0,18,0,8,16,5,29,3,11,28,5,47,41,2,43,90
10/07/2022,SPI,IL,AGL,CE,Towers with Radar,4,3,12,0,19,0,6,14,2,22,4,9,26,2,41,8,6,14,55
10/08/2022,SPI,IL,AGL,CE,Towers with Radar,6,2,7,0,15,0,14,18,0,32,6,16,25,0,47,42,7,49,96
10/09/2022,SPI,IL,AGL,CE,Towers with Radar,4,2,10,1,17,0,5,28,1,34,4,7,38,2,51,15,7,22,73
10/10/2022,SPI,IL,AGL,CE,Towers with Radar,4,4,8,0,16,0,13,25,0,38,4,17,33,0,54,4,15,19,73
10/11/2022,SPI,IL,AGL,CE,Towers with Radar,4,4,4,0,12,0,1,0,0,1,4,5,4,0,13,0,1,1,14
10/12/2022,SPI,IL,AGL,CE,Towers with Radar,5,7,8,0,20,1,3,3,1,8,6,10,11,1,28,4,6,10,38
10/13/2022,SPI,IL,AGL,CE,Towers with Radar,4,5,17,0,26,0,4,2,2,8,4,9,19,2,34,0,5,5,39
10/14/2022,SPI,IL,AGL,CE,Towers with Radar,4,5,10,0,19,0,3,7,2,12,4,8,17,2,31,0,6,6,37
10/15/2022,SPI,IL,AGL,CE,Towers with Radar,6,7,11,0,24,0,4,25,0,29,6,11,36,0,53,14,1,15,68
10/16/2022,SPI,IL,AGL,CE,Towers with Radar,3,5,12,0,20,0,5,18,0,23,3,10,30,0,43,26,2,28,71
10/17/2022,SPI,IL,AGL,CE,Towers with Radar,4,3,7,0,14,0,3,11,0,14,4,6,18,0,28,4,5,9,37
10/18/2022,SPI,IL,AGL,CE,Towers with Radar,4,5,8,0,17,0,3,9,0,12,4,8,17,0,29,15,3,18,47
10/19/2022,SPI,IL,AGL,CE,Towers with Radar,6,3,12,1,22,0,5,15,4,24,6,8,27,5,46,10,8,18,64
10/20/2022,SPI,IL,AGL,CE,Towers with Radar,4,9,12,4,29,0,14,12,0,26,4,23,24,4,55,10,12,22,77
10/21/2022,SPI,IL,AGL,CE,Towers with Radar,5,5,10,2,22,0,3,23,5,31,5,8,33,7,53,7,8,15,68
10/22/2022,SPI,IL,AGL,CE,Towers with Radar,6,3,2,2,13,0,1,11,1,13,6,4,13,3,26,10,1,11,37
10/23/2022,SPI,IL,AGL,CE,Towers with Radar,4,4,11,1,20,0,6,24,0,30,4,10,35,1,50,2,8,10,60
10/24/2022,SPI,IL,AGL,CE,Towers with Radar,4,5,5,2,16,0,11,7,3,21,4,16,12,5,37,1,12,13,50
10/25/2022,SPI,IL,AGL,CE,Towers with Radar,4,4,7,0,15,0,0,0,0,0,4,4,7,0,15,0,0,0,15
10/26/2022,SPI,IL,AGL,CE,Towers with Radar,6,2,8,2,18,0,3,36,4,43,6,5,44,6,61,34,11,45,106
10/27/2022,SPI,IL,AGL,CE,Towers with Radar,4,12,9,0,25,0,7,23,5,35,4,19,32,5,60,32,12,44,104
10/28/2022,SPI,IL,AGL,CE,Towers with Radar,3,7,14,2,26,0,3,18,0,21,3,10,32,2,47,16,7,23,70
10/29/2022,SPI,IL,AGL,CE,Towers with Radar,8,10,1,0,19,0,10,20,0,30,8,20,21,0,49,28,3,31,80
10/30/2022,SPI,IL,AGL,CE,Towers with Radar,5,5,12,0,22,0,1,2,0,3,5,6,14,0,25,0,0,0,25
10/31/2022,SPI,IL,AGL,CE,Towers with Radar,4,1,17,4,26,0,1,0,0,1,4,2,17,4,27,0,1,1,28
11/01/2022,SPI,IL,AGL,CE,Towers with Radar,7,3,4,4,18,0,0,19,12,31,7,3,23,16,49,22,10,32,81
11/02/2022,SPI,IL,AGL,CE,Towers with Radar,7,4,10,13,34,0,5,33,1,39,7,9,43,14,73,59,1,60,133
11/03/2022,SPI,IL,AGL,CE,Towers with Radar,4,16,10,2,32,0,1,11,4,16,4,17,21,6,48,10,8,18,66
11/04/2022,SPI,IL,AGL,CE,Towers with Radar,4,3,8,0,15,0,4,3,1,8,4,7,11,1,23,0,5,5,28
11/05/2022,SPI,IL,AGL,CE,Towers with Radar,7,2,1,0,10,0,1,1,0,2,7,3,2,0,12,0,10,10,22
11/06/2022,SPI,IL,AGL,CE,Towers with Radar,5,4,5,0,14,0,2,10,0,12,5,6,15,0,26,10,1,11,37
11/07/2022,SPI,IL,AGL,CE,Towers with Radar,4,4,11,1,20,0,4,18,3,25,4,8,29,4,45,6,6,12,57
11/08/2022,SPI,IL,AGL,CE,Towers with Radar,4,5,10,0,19,0,9,22,2,33,4,14,32,2,52,14,10,24,76
11/09/2022,SPI,IL,AGL,CE,Towers with Radar,6,2,6,5,19,0,5,29,4,38,6,7,35,9,57,38,19,57,114
11/10/2022,SPI,IL,AGL,CE,Towers with Radar,4,8,15,1,28,0,6,16,0,22,4,14,31,1,50,16,12,28,78
11/11/2022,SPI,IL,AGL,CE,Towers with Radar,4,6,10,0,20,0,2,11,0,13,4,8,21,0,33,19,4,23,56
11/12/2022,SPI,IL,AGL,CE,Towers with Radar,5,2,3,0,10,0,2,3,0,5,5,4,6,0,15,0,2,2,17
11/13/2022,SPI,IL,AGL,CE,Towers with Radar,4,4,12,0,20,0,0,27,0,27,4,4,39,0,47,39,2,41,88
11/14/2022,SPI,IL,AGL,CE,Towers with Radar,4,9,12,0,25,0,5,39,1,45,4,14,51,1,70,26,5,31,101
11/15/2022,SPI,IL,AGL,CE,Towers with Radar,4,5,6,0,15,0,0,0,0,0,4,5,6,0,15,0,0,0,15
11/16/2022,SPI,IL,AGL,CE,Towers with Radar,9,6,13,2,30,0,8,4,5,17,9,14,17,7,47,6,4,10,57
11/17/2022,SPI,IL,AGL,CE,Towers with Radar,4,4,3,1,12,0,3,8,5,16,4,7,11,6,28,2,11,13,41
11/18/2022,SPI,IL,AGL,CE,Towers with Radar,2,5,4,0,11,1,1,7,4,13,3,6,11,4,24,0,7,7,31
11/19/2022,SPI,IL,AGL,CE,Towers with Radar,8,4,7,0,19,0,0,9,0,9,8,4,16,0,28,8,6,14,42
11/20/2022,SPI,IL,AGL,CE,Towers with Radar,4,3,6,0,13,0,5,22,0,27,4,8,28,0,40,0,5,5,45
11/21/2022,SPI,IL,AGL,CE,Towers with Radar,3,5,8,6,22,1,3,17,3,24,4,8,25,9,46,0,3,3,49
11/22/2022,SPI,IL,AGL,CE,Towers with Radar,6,3,16,1,26,0,12,23,3,38,6,15,39,4,64,18,6,24,88
11/23/2022,SPI,IL,AGL,CE,Towers with Radar,4,4,10,6,24,0,6,21,0,27,4,10,31,6,51,18,7,25,76
11/24/2022,SPI,IL,AGL,CE,Towers with Radar,2,2,0,0,4,0,0,0,0,0,2,2,0,0,4,0,0,0,4
11/25/2022,SPI,IL,AGL,CE,Towers with Radar,6,2,9,0,17,0,2,14,0,16,6,4,23,0,33,28,1,29,62
11/26/2022,SPI,IL,AGL,CE,Towers with Radar,8,5,10,0,23,0,5,21,0,26,8,10,31,0,49,9,7,16,65
11/27/2022,SPI,IL,AGL,CE,Towers with Radar,3,3,7,0,13,1,1,1,0,3,4,4,8,0,16,0,1,1,17
11/28/2022,SPI,IL,AGL,CE,Towers with Radar,6,4,9,0,19,0,12,4,0,16,6,16,13,0,35,28,11,39,74
11/29/2022,SPI,IL,AGL,CE,Towers with Radar,4,7,7,0,18,0,4,6,4,14,4,11,13,4,32,0,4,4,36
11/30/2022,SPI,IL,AGL,CE,Towers with Radar,8,4,4,4,20,0,6,5,2,13,8,10,9,6,33,0,4,4,37
12/01/2022,SPI,IL,AGL,CE,Towers with Radar,4,8,10,3,25,0,12,22,0,34,4,20,32,3,59,7,39,46,105
12/02/2022,SPI,IL,AGL,CE,Towers with Radar,4,2,9,0,15,0,3,8,4,15,4,5,17,4,30,0,13,13,43
12/03/2022,SPI,IL,AGL,CE,Towers with Radar,8,2,2,0,12,0,6,18,0,24,8,8,20,0,36,6,8,14,50
12/04/2022,SPI,IL,AGL,CE,Towers with Radar,4,2,7,0,13,0,3,27,0,30,4,5,34,0,43,65,4,69,112
12/05/2022,SPI,IL,AGL,CE,Towers with Radar,4,6,15,0,25,0,0,3,0,3,4,6,18,0,28,3,0,3,31
12/06/2022,SPI,IL,AGL,CE,Towers with Radar,4,4,18,0,26,0,0,0,0,0,4,4,18,0,26,0,0,0,26
12/07/2022,SPI,IL,AGL,CE,Towers with Radar,8,7,8,1,24,0,0,16,0,16,8,7,24,1,40,28,0,28,68
12/08/2022,SPI,IL,AGL,CE,Towers with Radar,4,2,12,0,18,0,0,0,0,0,4,2,12,0,18,4,0,4,22
12/09/2022,SPI,IL,AGL,CE,Towers with Radar,6,4,15,0,25,0,0,7,0,7,6,4,22,0,32,6,0,6,38
12/10/2022,SPI,IL,AGL,CE,Towers with Radar,8,2,15,0,25,0,0,1,0,1,8,2,16,0,26,0,0,0,26
12/11/2022,SPI,IL,AGL,CE,Towers with Radar,4,4,7,0,15,0,0,8,0,8,4,4,15,0,23,0,4,4,27
12/12/2022,SPI,IL,AGL,CE,Towers with Radar,4,4,2,2,12,0,3,4,0,7,4,7,6,2,19,8,1,9,28
12/13/2022,SPI,IL,AGL,CE,Towers with Radar,3,2,7,1,13,0,1,1,1,3,3,3,8,2,16,0,15,15,31
12/14/2022,SPI,IL,AGL,CE,Towers with Radar,3,2,6,2,13,0,0,0,0,0,3,2,6,2,13,0,1,1,14
12/15/2022,SPI,IL,AGL,CE,Towers with Radar,8,4,13,13,38,0,4,23,0,27,8,8,36,13,65,0,0,0,65
12/16/2022,SPI,IL,AGL,CE,Towers with Radar,4,4,8,0,16,0,0,7,0,7,4,4,15,0,23,0,7,7,30
12/17/2022,SPI,IL,AGL,CE,Towers with Radar,4,1,5,0,10,0,3,10,0,13,4,4,15,0,23,0,9,9,32
12/18/2022,SPI,IL,AGL,CE,Towers with Radar,8,8,18,0,34,0,0,27,0,27,8,8,45,0,61,13,0,13,74
12/19/2022,SPI,IL,AGL,CE,Towers with Radar,4,2,19,5,30,0,7,13,3,23,4,9,32,8,53,12,20,32,85
12/20/2022,SPI,IL,AGL,CE,Towers with Radar,4,2,17,10,33,0,8,27,0,35,4,10,44,10,68,35,5,40,108
12/21/2022,SPI,IL,AGL,CE,Towers with Radar,8,2,23,11,44,0,1,2,0,3,8,3,25,11,47,0,0,0,47
12/22/2022,SPI,IL,AGL,CE,Towers with Radar,4,2,3,0,9,0,1,0,0,1,4,3,3,0,10,0,2,2,12
12/23/2022,SPI,IL,AGL,CE,Towers with Radar,0,1,0,0,1,0,0,0,0,0,0,1,0,0,1,0,0,0,1
12/24/2022,SPI,IL,AGL,CE,Towers with Radar,8,0,0,0,8,0,6,5,0,11,8,6,5,0,19,6,5,11,30
12/25/2022,SPI,IL,AGL,CE,Towers with Radar,6,2,0,0,8,0,2,13,0,15,6,4,13,0,23,0,16,16,39
12/26/2022,SPI,IL,AGL,CE,Towers with Radar,5,2,18,0,25,1,1,0,0,2,6,3,18,0,27,0,0,0,27
12/27/2022,SPI,IL,AGL,CE,Towers with Radar,4,4,4,0,12,0,15,9,0,24,4,19,13,0,36,9,11,20,56
12/28/2022,SPI,IL,AGL,CE,Towers with Radar,8,3,9,0,20,0,1,2,0,3,8,4,11,0,23,0,0,0,23
12/29/2022,SPI,IL,AGL,CE,Towers with Radar,4,2,8,0,14,0,3,1,1,5,4,5,9,1,19,4,6,10,29
12/30/2022,SPI,IL,AGL,CE,Towers with Radar,4,3,9,0,16,0,1,10,0,11,4,4,19,0,27,19,1,20,47
12/31/2022,SPI,IL,AGL,CE,Towers with Radar,8,4,9,0,21,0,0,28,0,28,8,4,37,0,49,20,2,22,71
01/01/2023,SPI,IL,AGL,CE,Towers with Radar,5,2,13,0,20,0,0,2,0,2,5,2,15,0,22,46,1,47,69
01/02/2023,SPI,IL,AGL,CE,Towers with Radar,7,8,7,0,22,0,0,0,0,0,7,8,7,0,22,0,0,0,22
01/03/2023,SPI,IL,AGL,CE,Towers with Radar,4,3,12,0,19,0,2,4,0,6,4,5,16,0,25,14,4,18,43
01/04/2023,SPI,IL,AGL,CE,Towers with Radar,8,5,21,5,39,0,2,15,7,24,8,7,36,12,63,23,26,49,112
01/05/2023,SPI,IL,AGL,CE,Towers with Radar,4,2,14,0,20,0,1,4,1,6,4,3,18,1,26,0,0,0,26
01/06/2023,SPI,IL,AGL,CE,Towers with Radar,4,4,14,40,62,0,4,34,0,38,4,8,48,40,100,55,45,100,200
01/07/2023,SPI,IL,AGL,CE,Towers with Radar,8,2,6,9,25,0,3,11,0,14,8,5,17,9,39,8,19,27,66
01/08/2023,SPI,IL,AGL,CE,Towers with Radar,3,9,5,1,18,0,1,4,0,5,3,10,9,1,23,7,7,14,37
01/09/2023,SPI,IL,AGL,CE,Towers with Radar,3,17,6,2,28,0,0,13,2,15,3,17,19,4,43,84,8,92,135
01/10/2023,SPI,IL,AGL,CE,Towers with Radar,2,7,14,10,33,0,1,46,2,49,2,8,60,12,82,86,37,123,205
01/11/2023,SPI,IL,AGL,CE,Towers with Radar,6,5,14,4,29,0,2,32,0,34,6,7,46,4,63,83,1,84,147
01/12/2023,SPI,IL,AGL,CE,Towers with Radar,1,4,6,0,11,1,0,0,1,2,2,4,6,1,13,0,0,0,13
01/13/2023,SPI,IL,AGL,CE,Towers with Radar,1,2,9,0,12,1,1,3,0,5,2,3,12,0,17,10,1,11,28
01/14/2023,SPI,IL,AGL,CE,Towers with Radar,5,2,22,0,29,0,0,28,0,28,5,2,50,0,57,40,2,42,99
01/15/2023,SPI,IL,AGL,CE,Towers with Radar,2,2,4,0,8,0,10,25,0,35,2,12,29,0,43,4,14,18,61
01/16/2023,SPI,IL,AGL,CE,Towers with Radar,2,2,2,4,10,0,2,2,0,4,2,4,4,4,14,6,4,10,24
01/17/2023,SPI,IL,AGL,CE,Towers with Radar,2,4,13,0,19,0,3,9,0,12,2,7,22,0,31,8,9,17,48
01/18/2023,SPI,IL,AGL,CE,Towers with Radar,6,6,4,3,19,0,0,0,0,0,6,6,4,3,19,0,0,0,19
01/19/2023,SPI,IL,AGL,CE,Towers with Radar,1,2,7,0,10,1,0,1,0,2,2,2,8,0,12,0,0,0,12
01/20/2023,SPI,IL,AGL,CE,Towers with Radar,2,2,6,3,13,0,2,2,1,5,2,4,8,4,18,46,2,48,66
01/21/2023,SPI,IL,AGL,CE,Towers with Radar,6,4,4,0,14,0,3,21,0,24,6,7,25,0,38,25,3,28,66
01/22/2023,SPI,IL,AGL,CE,Towers with Radar,2,5,4,0,11,0,3,3,0,6,2,8,7,0,17,11,5,16,33
01/23/2023,SPI,IL,AGL,CE,Towers with Radar,2,4,13,0,19,0,3,14,0,17,2,7,27,0,36,53,31,84,120
01/24/2023,SPI,IL,AGL,CE,Towers with Radar,2,1,11,2,16,0,1,23,2,26,2,2,34,4,42,44,11,55,97
01/25/2023,SPI,IL,AGL,CE,Towers with Radar,6,4,7,0,17,0,1,0,1,2,6,5,7,1,19,0,0,0,19
01/26/2023,SPI,IL,AGL,CE,Towers with Radar,2,2,4,4,12,0,1,6,2,9,2,3,10,6,21,20,13,33,54
01/27/2023,SPI,IL,AGL,CE,Towers with Radar,2,12,4,0,18,0,2,14,0,16,2,14,18,0,34,2,3,5,39
01/28/2023,SPI,IL,AGL,CE,Towers with Radar,8,14,12,0,34,0,4,16,0,20,8,18,28,0,54,18,7,25,79
01/29/2023,SPI,IL,AGL,CE,Towers with Radar,2,4,8,0,14,0,0,0,0,0,2,4,8,0,14,0,0,0,14
01/30/2023,SPI,IL,AGL,CE,Towers with Radar,0,5,9,3,17,0,1,13,0,14,0,6,22,3,31,0,7,7,38
01/31/2023,SPI,IL,AGL,CE,Towers with Radar,0,5,20,5,30,0,6,20,4,30,0,11,40,9,60,20,39,59,119
02/01/2023,SPI,IL,AGL,CE,Towers with Radar,6,2,22,0,30,0,1,18,6,25,6,3,40,6,55,6,13,19,74
02/02/2023,SPI,IL,AGL,CE,Towers with Radar,2,4,5,0,11,0,15,31,7,53,2,19,36,7,64,23,4,27,91
02/03/2023,SPI,IL,AGL,CE,Towers with Radar,2,4,14,7,27,0,7,21,0,28,2,11,35,7,55,6,23,29,84
02/04/2023,SPI,IL,AGL,CE,Towers with Radar,8,1,6,0,15,0,2,4,0,6,8,3,10,0,21,0,2,2,23
02/05/2023,SPI,IL,AGL,CE,Towers with Radar,2,5,8,0,15,0,4,13,0,17,2,9,21,0,32,15,6,21,53
02/06/2023,SPI,IL,AGL,CE,Towers with Radar,2,2,11,0,15,0,2,10,2,14,2,4,21,2,29,0,6,6,35
02/07/2023,SPI,IL,AGL,CE,Towers with Radar,2,6,7,0,15,0,10,20,0,30,2,16,27,0,45,3,7,10,55
02/08/2023,SPI,IL,AGL,CE,Towers with Radar,6,4,12,0,22,0,1,6,0,7,6,5,18,0,29,0,1,1,30
02/09/2023,SPI,IL,AGL,CE,Towers with Radar,2,19,5,3,29,0,0,0,6,6,2,19,5,9,35,2,0,2,37
02/10/2023,SPI,IL,AGL,CE,Towers with Radar,2,3,14,0,19,0,8,19,2,29,2,11,33,2,48,0,13,13,61
02/11/2023,SPI,IL,AGL,CE,Towers with Radar,6,4,13,0,23,0,5,29,0,34,6,9,42,0,57,8,4,12,69
02/12/2023,SPI,IL,AGL,CE,Towers with Radar,2,4,5,0,11,0,3,20,0,23,2,7,25,0,34,18,3,21,55
02/13/2023,SPI,IL,AGL,CE,Towers with Radar,2,2,6,10,20,0,5,16,2,23,2,7,22,12,43,15,36,51,94
02/14/2023,SPI,IL,AGL,CE,Towers with Radar,2,3,4,0,9,0,1,0,0,1,2,4,4,0,10,4,0,4,14
02/15/2023,SPI,IL,AGL,CE,Towers with Radar,2,9,6,2,19,0,2,11,0,13,2,11,17,2,32,0,3,3,35
02/16/2023,SPI,IL,AGL,CE,Towers with Radar,2,8,5,0,15,0,0,0,0,0,2,8,5,0,15,0,0,0,15
02/17/2023,SPI,IL,AGL,CE,Towers with Radar,3,12,11,0,26,1,7,11,2,21,4,19,22,2,47,6,4,10,57
02/18/2023,SPI,IL,AGL,CE,Towers with Radar,6,8,12,0,26,0,0,13,0,13,6,8,25,0,39,0,0,0,39
02/19/2023,SPI,IL,AGL,CE,Towers with Radar,2,2,5,0,9,0,1,15,0,16,2,3,20,0,25,0,9,9,34
02/20/2023,SPI,IL,AGL,CE,Towers with Radar,4,6,16,0,26,0,1,13,0,14,4,7,29,0,40,7,0,7,47
02/21/2023,SPI,IL,AGL,CE,Towers with Radar,2,5,6,4,17,0,2,30,5,37,2,7,36,9,54,20,7,27,81
02/22/2023,SPI,IL,AGL,CE,Towers with Radar,2,2,7,0,11,0,1,0,0,1,2,3,7,0,12,2,0,2,14
02/23/2023,SPI,IL,AGL,CE,Towers with Radar,1,3,5,0,9,1,2,4,0,7,2,5,9,0,16,0,2,2,18
02/24/2023,SPI,IL,AGL,CE,Towers with Radar,4,7,10,2,23,0,6,17,0,23,4,13,27,2,46,19,4,23,69
02/25/2023,SPI,IL,AGL,CE,Towers with Radar,6,3,15,0,24,0,0,5,7,12,6,3,20,7,36,24,20,44,80
02/26/2023,SPI,IL,AGL,CE,Towers with Radar,2,2,9,0,13,0,4,22,0,26,2,6,31,0,39,34,0,34,73
02/27/2023,SPI,IL,AGL,CE,Towers with Radar,4,2,4,0,10,0,1,1,0,2,4,3,5,0,12,0,0,0,12
02/28/2023,SPI,IL,AGL,CE,Towers with Radar,2,5,22,6,35,0,5,15,0,20,2,10,37,6,55,20,10,30,85
03/01/2023,SPI,IL,AGL,CE,Towers with Radar,4,4,16,6,30,0,5,32,1,38,4,9,48,7,68,48,11,59,127
03/02/2023,SPI,IL,AGL,CE,Towers with Radar,2,4,7,17,30,0,8,12,1,21,2,12,19,18,51,20,24,44,95
03/03/2023,SPI,IL,AGL,CE,Towers with Radar,6,2,3,0,11,0,0,2,0,2,6,2,5,0,13,0,0,0,13
03/04/2023,SPI,IL,AGL,CE,Towers with Radar,6,5,9,0,20,0,3,25,1,29,6,8,34,1,49,25,5,30,79
03/05/2023,SPI,IL,AGL,CE,Towers with Radar,4,3,7,3,17,0,2,25,4,31,4,5,32,7,48,14,16,30,78
03/06/2023,SPI,IL,AGL,CE,Towers with Radar,4,6,10,2,22,0,6,20,0,26,4,12,30,2,48,6,2,8,56
03/07/2023,SPI,IL,AGL,CE,Towers with Radar,2,2,11,2,17,0,6,15,2,23,2,8,26,4,40,0,7,7,47
03/08/2023,SPI,IL,AGL,CE,Towers with Radar,2,2,14,4,22,0,4,6,1,11,2,6,20,5,33,22,16,38,71
03/09/2023,SPI,IL,AGL,CE,Towers with Radar,2,2,8,0,12,0,3,4,0,7,2,5,12,0,19,2,37,39,58
03/10/2023,SPI,IL,AGL,CE,Towers with Radar,4,4,11,0,19,0,3,9,0,12,4,7,20,0,31,0,4,4,35
03/11/2023,SPI,IL,AGL,CE,Towers with Radar,5,4,7,2,18,1,1,6,0,8,6,5,13,2,26,12,1,13,39
03/12/2023,SPI,IL,AGL,CE,Towers with Radar,2,6,4,2,14,0,3,0,0,3,2,9,4,2,17,0,3,3,20
03/13/2023,SPI,IL,AGL,CE,Towers with Radar,4,2,6,0,12,0,0,1,0,1,4,2,7,0,13,12,0,12,25
03/14/2023,SPI,IL,AGL,CE,Towers with Radar,2,7,11,6,26,0,10,41,2,53,2,17,52,8,79,26,11,37,116
03/15/2023,SPI,IL,AGL,CE,Towers with Radar,2,3,13,4,22,0,11,40,2,53,2,14,53,6,75,14,19,33,108
03/16/2023,SPI,IL,AGL,CE,Towers with Radar,2,2,9,5,18,0,3,4,0,7,2,5,13,5,25,0,0,0,25
03/17/2023,SPI,IL,AGL,CE,Towers with Radar,4,4,8,6,22,0,9,4,2,15,4,13,12,8,37,0,19,19,56
03/18/2023,SPI,IL,AGL,CE,Towers with Radar,6,2,7,0,15,0,1,1,0,2,6,3,8,0,17,0,0,0,17
03/19/2023,SPI,IL,AGL,CE,Towers with Radar,2,3,39,2,46,0,4,20,0,24,2,7,59,2,70,18,7,25,95
03/20/2023,SPI,IL,AGL,CE,Towers with Radar,4,5,13,2,24,0,4,12,2,18,4,9,25,4,42,0,8,8,50
03/21/2023,SPI,IL,AGL,CE,Towers with Radar,2,6,11,9,28,0,3,5,2,10,2,9,16,11,38,0,6,6,44
03/22/2023,SPI,IL,AGL,CE,Towers with Radar,2,2,4,0,8,0,0,1,0,1,2,2,5,0,9,0,1,1,10
03/23/2023,SPI,IL,AGL,CE,Towers with Radar,4,2,11,2,19,0,0,0,0,0,4,2,11,2,19,0,0,0,19
03/24/2023,SPI,IL,AGL,CE,Towers with Radar,4,2,20,10,36,0,1,3,0,4,4,3,23,10,40,5,1,6,46
03/25/2023,SPI,IL,AGL,CE,Towers with Radar,6,4,9,0,19,0,0,6,0,6,6,4,15,0,25,16,4,20,45
03/26/2023,SPI,IL,AGL,CE,Towers with Radar,3,6,33,0,42,0,4,23,0,27,3,10,56,0,69,0,4,4,73
03/27/2023,SPI,IL,AGL,CE,Towers with Radar,6,4,32,2,44,0,2,14,0,16,6,6,46,2,60,16,12,28,88
03/28/2023,SPI,IL,AGL,CE,Towers with Radar,2,8,27,0,37,0,2,16,2,20,2,10,43,2,57,28,3,31,88
03/29/2023,SPI,IL,AGL,CE,Towers with Radar,2,12,28,5,47,0,10,24,1,35,2,22,52,6,82,18,12,30,112
03/30/2023,SPI,IL,AGL,CE,Towers with Radar,2,10,19,9,40,0,8,13,4,25,2,18,32,13,65,24,3,27,92
03/31/2023,SPI,IL,AGL,CE,Towers with Radar,4,2,1,4,11,0,0,0,0,0,4,2,1,4,11,8,9,17,28
04/01/2023,SPI,IL,AGL,CE,Towers with Radar,5,2,2,0,9,0,7,3,0,10,5,9,5,0,19,0,12,12,31
04/02/2023,SPI,IL,AGL,CE,Towers with Radar,2,6,16,0,24,0,2,15,0,17,2,8,31,0,41,6,0,6,47
04/03/2023,SPI,IL,AGL,CE,Towers with Radar,4,7,17,6,34,0,6,17,0,23,4,13,34,6,57,14,12,26,83
04/04/2023,SPI,IL,AGL,CE,Towers with Radar,4,9,7,0,20,0,4,1,0,5,4,13,8,0,25,0,3,3,28
04/05/2023,SPI,IL,AGL,CE,Towers with Radar,2,4,10,6,22,0,3,3,2,8,2,7,13,8,30,10,3,13,43
04/06/2023,SPI,IL,AGL,CE,Towers with Radar,2,9,26,5,42,0,11,26,2,39,2,20,52,7,81,7,8,15,96
04/07/2023,SPI,IL,AGL,CE,Towers with Radar,4,6,32,4,46,0,5,26,4,35,4,11,58,8,81,37,0,37,118
04/08/2023,SPI,IL,AGL,CE,Towers with Radar,5,3,20,0,28,0,2,26,0,28,5,5,46,0,56,4,2,6,62
04/09/2023,SPI,IL,AGL,CE,Towers with Radar,2,2,22,2,28,0,8,17,4,29,2,10,39,6,57,13,9,22,79
04/10/2023,SPI,IL,AGL,CE,Towers with Radar,4,6,36,0,46,0,4,22,0,26,4,10,58,0,72,25,1,26,98
04/11/2023,SPI,IL,AGL,CE,Towers with Radar,1,8,29,5,43,1,5,24,3,33,2,13,53,8,76,38,5,43,119
04/12/2023,SPI,IL,AGL,CE,Towers with Radar,2,4,24,7,37,0,3,8,3,14,2,7,32,10,51,26,13,39,90
04/13/2023,SPI,IL,AGL,CE,Towers with Radar,2,12,23,4,41,0,12,17,4,33,2,24,40,8,74,0,6,6,80
04/14/2023,SPI,IL,AGL,CE,Towers with Radar,5,4,22,6,37,0,4,10,1,15,5,8,32,7,52,14,5,19,71
04/15/2023,SPI,IL,AGL,CE,Towers with Radar,3,2,12,0,17,0,2,14,0,16,3,4,26,0,33,0,3,3,36
04/16/2023,SPI,IL,AGL,CE,Towers with Radar,2,2,6,0,10,0,0,0,0,0,2,2,6,0,10,0,0,0,10
04/17/2023,SPI,IL,AGL,CE,Towers with Radar,6,2,7,0,15,0,6,3,0,9,6,8,10,0,24,0,4,4,28
04/18/2023,SPI,IL,AGL,CE,Towers with Radar,2,5,35,6,48,0,12,19,4,35,2,17,54,10,83,30,30,60,143
04/19/2023,SPI,IL,AGL,CE,Towers with Radar,2,3,12,1,18,0,4,6,1,11,2,7,18,2,29,0,0,0,29
04/20/2023,SPI,IL,AGL,CE,Towers with Radar,1,4,13,2,20,1,1,8,0,10,2,5,21,2,30,0,2,2,32
04/21/2023,SPI,IL,AGL,CE,Towers with Radar,4,4,19,2,29,0,3,7,2,12,4,7,26,4,41,17,3,20,61
04/22/2023,SPI,IL,AGL,CE,Towers with Radar,3,6,4,0,13,0,3,3,0,6,3,9,7,0,19,0,3,3,22
04/23/2023,SPI,IL,AGL,CE,Towers with Radar,2,2,27,0,31,0,0,16,0,16,2,2,43,0,47,4,1,5,52
04/24/2023,SPI,IL,AGL,CE,Towers with Radar,4,7,28,2,41,0,4,16,0,20,4,11,44,2,61,4,4,8,69
04/25/2023,SPI,IL,AGL,CE,Towers with Radar,2,7,20,4,33,0,2,5,2,9,2,9,25,6,42,18,3,21,63
04/26/2023,SPI,IL,AGL,CE,Towers with Radar,2,4,19,11,36,0,4,15,3,22,2,8,34,14,58,32,2,34,92
04/27/2023,SPI,IL,AGL,CE,Towers with Radar,2,13,41,3,59,0,15,15,3,33,2,28,56,6,92,50,35,85,177
04/28/2023,SPI,IL,AGL,CE,Towers with Radar,4,8,18,7,37,0,8,22,3,33,4,16,40,10,70,63,17,80,150
04/29/2023,SPI,IL,AGL,CE,Towers with Radar,3,7,8,0,18,0,3,3,0,6,3,10,11,0,24,0,3,3,27
04/30/2023,SPI,IL,AGL,CE,Towers with Radar,2,3,13,0,18,0,0,4,0,4,2,3,17,0,22,0,0,0,22
05/01/2023,SPI,IL,AGL,CE,Towers with Radar,4,6,10,0,20,0,4,1,0,5,4,10,11,0,25,0,3,3,28
05/02/2023,SPI,IL,AGL,CE,Towers with Radar,1,6,11,2,20,1,4,3,2,10,2,10,14,4,30,0,4,4,34
05/03/2023,SPI,IL,AGL,CE,Towers with Radar,4,7,25,3,39,0,2,16,1,19,4,9,41,4,58,14,1,15,73
05/04/2023,SPI,IL,AGL,CE,Towers with Radar,2,6,15,2,25,0,0,13,2,15,2,6,28,4,40,53,4,57,97
05/05/2023,SPI,IL,AGL,CE,Towers with Radar,4,2,9,3,18,0,8,1,5,14,4,10,10,8,32,21,9,30,62
05/06/2023,SPI,IL,AGL,CE,Towers with Radar,5,4,13,0,22,0,4,1,1,6,5,8,14,1,28,0,6,6,34
05/07/2023,SPI,IL,AGL,CE,Towers with Radar,2,1,9,0,12,0,3,5,0,8,2,4,14,0,20,0,4,4,24
05/08/2023,SPI,IL,AGL,CE,Towers with Radar,4,3,14,1,22,0,7,3,1,11,4,10,17,2,33,4,34,38,71
05/09/2023,SPI,IL,AGL,CE,Towers with Radar,0,9,17,9,35,1,5,6,3,15,1,14,23,12,50,10,38,48,98
05/10/2023,SPI,IL,AGL,CE,Towers with Radar,3,7,21,1,32,0,7,13,3,23,3,14,34,4,55,16,9,25,80
05/11/2023,SPI,IL,AGL,CE,Towers with Radar,2,4,16,1,23,0,4,10,1,15,2,8,26,2,38,0,3,3,41
05/12/2023,SPI,IL,AGL,CE,Towers with Radar,4,5,11,0,20,0,5,6,0,11,4,10,17,0,31,12,10,22,53
05/13/2023,SPI,IL,AGL,CE,Towers with Radar,3,2,16,0,21,0,3,5,0,8,3,5,21,0,29,0,1,1,30
05/14/2023,SPI,IL,AGL,CE,Towers with Radar,2,4,4,0,10,0,5,3,0,8,2,9,7,0,18,0,4,4,22
05/15/2023,SPI,IL,AGL,CE,Towers with Radar,4,3,12,2,21,0,6,5,0,11,4,9,17,2,32,8,17,25,57
05/16/2023,SPI,IL,AGL,CE,Towers with Radar,3,2,18,0,23,0,5,9,7,21,3,7,27,7,44,10,9,19,63
05/17/2023,SPI,IL,AGL,CE,Towers with Radar,4,12,37,0,53,0,12,24,0,36,4,24,61,0,89,52,18,70,159
05/18/2023,SPI,IL,AGL,CE,Towers with Radar,2,17,21,7,47,0,9,17,2,28,2,26,38,9,75,28,24,52,127
05/19/2023,SPI,IL,AGL,CE,Towers with Radar,4,7,16,16,43,0,4,6,0,10,4,11,22,16,53,4,9,13,66
05/20/2023,SPI,IL,AGL,CE,Towers with Radar,2,5,23,0,30,0,8,15,0,23,2,13,38,0,53,14,10,24,77
05/21/2023,SPI,IL,AGL,CE,Towers with Radar,4,2,13,0,19,0,10,8,0,18,4,12,21,0,37,16,8,24,61
05/22/2023,SPI,IL,AGL,CE,Towers with Radar,4,3,24,2,33,0,2,15,2,19,4,5,39,4,52,32,2,34,86
05/23/2023,SPI,IL,AGL,CE,Towers with Radar,1,5,30,4,40,0,1,26,0,27,1,6,56,4,67,56,2,58,125
05/24/2023,SPI,IL,AGL,CE,Towers with Radar,3,9,18,2,32,0,8,17,0,25,3,17,35,2,57,3,15,18,75
05/25/2023,SPI,IL,AGL,CE,Towers with Radar,2,6,24,7,39,0,0,13,1,14,2,6,37,8,53,30,12,42,95
05/26/2023,SPI,IL,AGL,CE,Towers with Radar,4,3,28,1,36,0,7,22,1,30,4,10,50,2,66,28,8,36,102
05/27/2023,SPI,IL,AGL,CE,Towers with Radar,2,3,26,0,31,0,4,19,0,23,2,7,45,0,54,18,8,26,80
05/28/2023,SPI,IL,AGL,CE,Towers with Radar,2,7,18,0,27,0,3,16,0,19,2,10,34,0,46,6,5,11,57
05/29/2023,SPI,IL,AGL,CE,Towers with Radar,4,2,17,1,24,0,2,13,0,15,4,4,30,1,39,50,4,54,93
05/30/2023,SPI,IL,AGL,CE,Towers with Radar,3,6,11,14,34,0,4,12,3,19,3,10,23,17,53,10,19,29,82
05/31/2023,SPI,IL,AGL,CE,Towers with Radar,3,5,16,1,25,0,5,16,1,22,3,10,32,2,47,42,9,51,98
06/01/2023,SPI,IL,AGL,CE,Towers with Radar,0,4,17,2,23,0,5,8,1,14,0,9,25,3,37,12,4,16,53
06/02/2023,SPI,IL,AGL,CE,Towers with Radar,2,6,22,2,32,0,5,10,4,19,2,11,32,6,51,17,7,24,75
06/03/2023,SPI,IL,AGL,CE,Towers with Radar,0,4,12,0,16,0,3,12,0,15,0,7,24,0,31,0,3,3,34
06/04/2023,SPI,IL,AGL,CE,Towers with Radar,0,6,16,0,22,0,3,15,0,18,0,9,31,0,40,6,2,8,48
06/05/2023,SPI,IL,AGL,CE,Towers with Radar,2,5,14,0,21,0,7,10,0,17,2,12,24,0,38,30,8,38,76
06/06/2023,SPI,IL,AGL,CE,Towers with Radar,0,10,10,6,26,0,4,11,0,15,0,14,21,6,41,40,3,43,84
06/07/2023,SPI,IL,AGL,CE,Towers with Radar,0,14,23,0,37,0,4,7,0,11,0,18,30,0,48,34,7,41,89
06/08/2023,SPI,IL,AGL,CE,Towers with Radar,0,7,9,1,17,0,10,12,5,27,0,17,21,6,44,8,19,27,71
06/09/2023,SPI,IL,AGL,CE,Towers with Radar,2,3,18,4,27,0,4,20,0,24,2,7,38,4,51,48,9,57,108
06/10/2023,SPI,IL,AGL,CE,Towers with Radar,0,4,16,2,22,0,0,13,2,15,0,4,29,4,37,6,4,10,47
06/11/2023,SPI,IL,AGL,CE,Towers with Radar,0,10,17,0,27,0,1,2,0,3,0,11,19,0,30,0,6,6,36
06/12/2023,SPI,IL,AGL,CE,Towers with Radar,2,8,11,0,21,0,9,7,0,16,2,17,18,0,37,0,13,13,50
06/13/2023,SPI,IL,AGL,CE,Towers with Radar,2,6,17,8,33,0,4,8,4,16,2,10,25,12,49,14,3,17,66
06/14/2023,SPI,IL,AGL,CE,Towers with Radar,0,4,24,2,30,0,1,19,2,22,0,5,43,4,52,8,3,11,63
06/15/2023,SPI,IL,AGL,CE,Towers with Radar,0,9,15,2,26,0,7,4,2,13,0,16,19,4,39,12,4,16,55
06/16/2023,SPI,IL,AGL,CE,Towers with Radar,4,9,26,4,43,0,10,26,4,40,4,19,52,8,83,25,12,37,120
06/17/2023,SPI,IL,AGL,CE,Towers with Radar,0,11,21,0,32,0,2,14,0,16,0,13,35,0,48,34,6,40,88
06/18/2023,SPI,IL,AGL,CE,Towers with Radar,0,5,6,0,11,0,1,6,0,7,0,6,12,0,18,10,4,14,32
06/19/2023,SPI,IL,AGL,CE,Towers with Radar,2,4,19,0,25,0,5,13,4,22,2,9,32,4,47,39,6,45,92
06/20/2023,SPI,IL,AGL,CE,Towers with Radar,2,5,15,0,22,0,4,14,0,18,2,9,29,0,40,0,4,4,44
06/21/2023,SPI,IL,AGL,CE,Towers with Radar,0,6,17,0,23,0,8,12,2,22,0,14,29,2,45,14,18,32,77
06/22/2023,SPI,IL,AGL,CE,Towers with Radar,0,12,40,9,61,0,4,13,0,17,0,16,53,9,78,60,9,69,147
06/23/2023,SPI,IL,AGL,CE,Towers with Radar,4,8,26,8,46,0,4,14,2,20,4,12,40,10,66,14,13,27,93
06/24/2023,SPI,IL,AGL,CE,Towers with Radar,0,4,11,1,16,0,10,12,0,22,0,14,23,1,38,14,15,29,67
06/25/2023,SPI,IL,AGL,CE,Towers with Radar,0,4,5,0,9,0,5,5,0,10,0,9,10,0,19,0,11,11,30
06/26/2023,SPI,IL,AGL,CE,Towers with Radar,2,5,17,0,24,0,4,5,0,9,2,9,22,0,33,4,6,10,43
06/27/2023,SPI,IL,AGL,CE,Towers with Radar,0,8,24,8,40,0,6,12,7,25,0,14,36,15,65,6,6,12,77
06/28/2023,SPI,IL,AGL,CE,Towers with Radar,0,6,12,1,19,0,0,1,0,1,0,6,13,1,20,0,0,0,20
06/29/2023,SPI,IL,AGL,CE,Towers with Radar,0,1,14,1,16,0,1,7,1,9,0,2,21,2,25,0,3,3,28
06/30/2023,SPI,IL,AGL,CE,Towers with Radar,2,5,16,4,27,0,9,8,0,17,2,14,24,4,44,0,7,7,51
07/01/2023,SPI,IL,AGL,CE,Towers with Radar,0,3,9,0,12,0,2,5,0,7,0,5,14,0,19,0,1,1,20
07/02/2023,SPI,IL,AGL,CE,Towers with Radar,0,4,12,0,16,0,1,3,0,4,0,5,15,0,20,0,0,0,20
07/03/2023,SPI,IL,AGL,CE,Towers with Radar,2,5,23,0,30,0,10,15,0,25,2,15,38,0,55,36,7,43,98
07/04/2023,SPI,IL,AGL,CE,Towers with Radar,0,2,8,0,10,0,0,11,0,11,0,2,19,0,21,28,0,28,49
07/05/2023,SPI,IL,AGL,CE,Towers with Radar,0,1,17,0,18,0,7,11,0,18,0,8,28,0,36,0,12,12,48
07/06/2023,SPI,IL,AGL,CE,Towers with Radar,0,7,20,6,33,0,5,14,0,19,0,12,34,6,52,24,5,29,81
07/07/2023,SPI,IL,AGL,CE,Towers with Radar,2,8,31,4,45,0,8,21,1,30,2,16,52,5,75,36,31,67,142
07/08/2023,SPI,IL,AGL,CE,Towers with Radar,0,6,12,4,22,0,4,11,0,15,0,10,23,4,37,4,7,11,48
07/09/2023,SPI,IL,AGL,CE,Towers with Radar,0,4,21,0,25,0,3,19,0,22,0,7,40,0,47,26,4,30,77
07/10/2023,SPI,IL,AGL,CE,Towers with Radar,2,7,28,6,43,0,5,19,4,28,2,12,47,10,71,20,27,47,118
07/11/2023,SPI,IL,AGL,CE,Towers with Radar,0,13,19,2,34,0,13,17,4,34,0,26,36,6,68,18,7,25,93
07/12/2023,SPI,IL,AGL,CE,Towers with Radar,0,2,9,2,13,0,5,6,2,13,0,7,15,4,26,31,14,45,71
07/13/2023,SPI,IL,AGL,CE,Towers with Radar,0,8,30,2,40,0,2,12,2,16,0,10,42,4,56,43,32,75,131
07/14/2023,SPI,IL,AGL,CE,Towers with Radar,2,8,17,2,29,0,6,8,0,14,2,14,25,2,43,16,18,34,77
07/15/2023,SPI,IL,AGL,CE,Towers with Radar,0,4,11,0,15,0,11,7,0,18,0,15,18,0,33,74,9,83,116
07/16/2023,SPI,IL,AGL,CE,Towers with Radar,0,6,14,0,20,0,0,7,0,7,0,6,21,0,27,0,1,1,28
07/17/2023,SPI,IL,AGL,CE,Towers with Radar,2,4,17,0,23,0,2,6,0,8,2,6,23,0,31,28,19,47,78
07/18/2023,SPI,IL,AGL,CE,Towers with Radar,0,5,15,2,22,0,1,14,0,15,0,6,29,2,37,30,0,30,67
07/19/2023,SPI,IL,AGL,CE,Towers with Radar,0,9,32,2,43,0,9,17,4,30,0,18,49,6,73,8,9,17,90
07/20/2023,SPI,IL,AGL,CE,Towers with Radar,0,8,22,0,30,0,4,4,0,8,0,12,26,0,38,6,9,15,53
07/21/2023,SPI,IL,AGL,CE,Towers with Radar,2,6,24,5,37,0,10,18,9,37,2,16,42,14,74,40,30,70,144
07/22/2023,SPI,IL,AGL,CE,Towers with Radar,0,9,25,1,35,0,7,17,1,25,0,16,42,2,60,20,7,27,87
07/23/2023,SPI,IL,AGL,CE,Towers with Radar,0,6,16,0,22,0,6,11,0,17,0,12,27,0,39,0,5,5,44
07/24/2023,SPI,IL,AGL,CE,Towers with Radar,2,3,32,5,42,0,0,22,2,24,2,3,54,7,66,20,17,37,103
07/25/2023,SPI,IL,AGL,CE,Towers with Radar,0,5,16,8,29,0,1,7,0,8,0,6,23,8,37,0,6,6,43
07/26/2023,SPI,IL,AGL,CE,Towers with Radar,2,4,14,1,21,0,7,12,1,20,2,11,26,2,41,12,11,23,64
07/27/2023,SPI,IL,AGL,CE,Towers with Radar,0,6,22,1,29,0,14,10,1,25,0,20,32,2,54,38,18,56,110
07/28/2023,SPI,IL,AGL,CE,Towers with Radar,2,3,28,6,39,0,8,13,2,23,2,11,41,8,62,0,11,11,73
07/29/2023,SPI,IL,AGL,CE,Towers with Radar,0,3,24,0,27,0,5,13,0,18,0,8,37,0,45,12,4,16,61
07/30/2023,SPI,IL,AGL,CE,Towers with Radar,0,4,11,8,23,0,5,12,4,21,0,9,23,12,44,20,4,24,68
07/31/2023,SPI,IL,AGL,CE,Towers with Radar,2,6,18,0,26,0,2,11,0,13,2,8,29,0,39,8,4,12,51
08/01/2023,SPI,IL,AGL,CE,Towers with Radar,0,11,23,5,39,0,8,9,1,18,0,19,32,6,57,16,12,28,85
08/02/2023,SPI,IL,AGL,CE,Towers with Radar,0,3,12,3,18,0,1,1,0,2,0,4,13,3,20,0,1,1,21
08/03/2023,SPI,IL,AGL,CE,Towers with Radar,0,6,11,2,19,0,2,4,0,6,0,8,15,2,25,24,3,27,52
08/04/2023,SPI,IL,AGL,CE,Towers with Radar,2,6,10,10,28,0,10,13,4,27,2,16,23,14,55,21,21,42,97
08/05/2023,SPI,IL,AGL,CE,Towers with Radar,0,2,5,0,7,0,5,3,0,8,0,7,8,0,15,0,5,5,20
08/06/2023,SPI,IL,AGL,CE,Towers with Radar,0,4,9,3,16,0,3,21,3,27,0,7,30,6,43,0,4,4,47
08/07/2023,SPI,IL,AGL,CE,Towers with Radar,2,6,17,2,27,0,1,3,0,4,2,7,20,2,31,0,2,2,33
08/08/2023,SPI,IL,AGL,CE,Towers with Radar,0,6,27,5,38,0,7,21,4,32,0,13,48,9,70,14,14,28,98
08/09/2023,SPI,IL,AGL,CE,Towers with Radar,0,3,13,0,16,0,1,3,0,4,0,4,16,0,20,8,3,11,31
08/10/2023,SPI,IL,AGL,CE,Towers with Radar,2,6,16,8,32,0,3,10,2,15,2,9,26,10,47,14,5,19,66
08/11/2023,SPI,IL,AGL,CE,Towers with Radar,2,9,20,0,31,0,6,5,0,11,2,15,25,0,42,0,1,1,43
08/12/2023,SPI,IL,AGL,CE,Towers with Radar,0,4,23,0,27,0,9,21,0,30,0,13,44,0,57,28,7,35,92
08/13/2023,SPI,IL,AGL,CE,Towers with Radar,2,9,23,1,35,0,5,11,1,17,2,14,34,2,52,8,6,14,66
08/14/2023,SPI,IL,AGL,CE,Towers with Radar,2,6,21,3,32,0,3,10,1,14,2,9,31,4,46,0,27,27,73
08/15/2023,SPI,IL,AGL,CE,Towers with Radar,0,4,16,18,38,0,1,8,1,10,0,5,24,19,48,6,27,33,81
08/16/2023,SPI,IL,AGL,CE,Towers with Radar,0,10,25,2,37,0,5,10,1,16,0,15,35,3,53,62,3,65,118
08/17/2023,SPI,IL,AGL,CE,Towers with Radar,0,8,12,2,22,0,8,9,1,18,0,16,21,3,40,24,8,32,72
08/18/2023,SPI,IL,AGL,CE,Towers with Radar,0,9,16,1,26,0,17,16,1,34,0,26,32,2,60,74,9,83,143
08/19/2023,SPI,IL,AGL,CE,Towers with Radar,0,5,19,9,33,0,10,15,1,26,0,15,34,10,59,12,43,55,114
08/20/2023,SPI,IL,AGL,CE,Towers with Radar,0,5,28,0,33,0,3,23,0,26,0,8,51,0,59,26,8,34,93
08/21/2023,SPI,IL,AGL,CE,Towers with Radar,1,7,17,0,25,0,14,8,0,22,1,21,25,0,47,0,17,17,64
08/22/2023,SPI,IL,AGL,CE,Towers with Radar,2,4,19,5,30,0,9,10,1,20,2,13,29,6,50,0,10,10,60
08/23/2023,SPI,IL,AGL,CE,Towers with Radar,0,4,10,0,14,0,3,6,2,11,0,7,16,2,25,14,4,18,43
08/24/2023,SPI,IL,AGL,CE,Towers with Radar,0,8,20,3,31,0,7,11,0,18,0,15,31,3,49,8,31,39,88
08/25/2023,SPI,IL,AGL,CE,Towers with Radar,0,4,11,0,15,0,8,11,0,19,0,12,22,0,34,4,16,20,54
08/26/2023,SPI,IL,AGL,CE,Towers with Radar,0,3,14,0,17,0,0,5,1,6,0,3,19,1,23,22,0,22,45
08/27/2023,SPI,IL,AGL,CE,Towers with Radar,0,8,16,0,24,0,0,5,0,5,0,8,21,0,29,4,0,4,33
08/28/2023,SPI,IL,AGL,CE,Towers with Radar,0,7,18,3,28,0,8,10,4,22,0,15,28,7,50,4,17,21,71
08/29/2023,SPI,IL,AGL,CE,Towers with Radar,2,5,29,8,44,0,5,16,0,21,2,10,45,8,65,22,20,42,107
08/30/2023,SPI,IL,AGL,CE,Towers with Radar,0,16,19,11,46,0,10,6,2,18,0,26,25,13,64,62,16,78,142
08/31/2023,SPI,IL,AGL,CE,Towers with Radar,0,5,20,5,30,0,7,12,4,23,0,12,32,9,53,40,9,49,102
