01/01/2020,SQL,CA,AWP,WE,Federal Contract Tower,0,2,13,0,15,0,8,29,0,37,0,10,42,0,52,28,0,28,80
01/02/2020,SQL,CA,AWP,WE,Federal Contract Tower,0,9,0,0,9,0,33,62,0,95,0,42,62,0,104,82,6,88,192
01/03/2020,SQL,CA,AWP,WE,Federal Contract Tower,0,7,4,0,11,0,31,76,0,107,0,38,80,0,118,52,0,52,170
01/04/2020,SQL,CA,AWP,WE,Federal Contract Tower,0,6,10,0,16,0,30,55,0,85,0,36,65,0,101,118,0,118,219
01/05/2020,SQL,CA,AWP,WE,Federal Contract Tower,0,13,6,0,19,0,32,108,10,150,0,45,114,10,169,34,0,34,203
01/06/2020,SQL,CA,AWP,WE,Federal Contract Tower,0,9,5,0,14,0,15,78,2,95,0,24,83,2,109,20,6,26,135
01/07/2020,SQL,CA,AWP,WE,Federal Contract Tower,0,9,7,0,16,0,19,42,0,61,0,28,49,0,77,20,0,20,97
01/08/2020,SQL,CA,AWP,WE,Federal Contract Tower,0,11,10,0,21,0,16,37,0,53,0,27,47,0,74,68,0,68,142
01/09/2020,SQL,CA,AWP,WE,Federal Contract Tower,0,14,8,0,22,0,3,21,0,24,0,17,29,0,46,30,0,30,76
01/10/2020,SQL,CA,AWP,WE,Federal Contract Tower,0,13,7,0,20,0,44,116,0,160,0,57,123,0,180,99,0,99,279
01/11/2020,SQL,CA,AWP,WE,Federal Contract Tower,0,1,10,0,11,0,34,87,0,121,0,35,97,0,132,106,0,106,238
01/12/2020,SQL,CA,AWP,WE,Federal Contract Tower,0,12,8,0,20,0,28,85,0,113,0,40,93,0,133,168,0,168,301
01/13/2020,SQL,CA,AWP,WE,Federal Contract Tower,0,11,6,0,17,0,11,49,0,60,0,22,55,0,77,52,0,52,129
01/14/2020,SQL,CA,AWP,WE,Federal Contract Tower,0,12,7,0,19,0,8,66,2,76,0,20,73,2,95,84,0,84,179
01/15/2020,SQL,CA,AWP,WE,Federal Contract Tower,0,10,8,0,18,0,19,58,0,77,0,29,66,0,95,92,0,92,187
01/16/2020,SQL,CA,AWP,WE,Federal Contract Tower,0,8,5,0,13,0,3,6,0,9,0,11,11,0,22,6,0,6,28
01/17/2020,SQL,CA,AWP,WE,Federal Contract Tower,0,14,10,0,24,0,31,84,2,117,0,45,94,2,141,90,0,90,231
01/18/2020,SQL,CA,AWP,WE,Federal Contract Tower,0,3,7,0,10,0,56,103,0,159,0,59,110,0,169,178,0,178,347
01/19/2020,SQL,CA,AWP,WE,Federal Contract Tower,0,8,7,0,15,0,26,99,2,127,0,34,106,2,142,110,0,110,252
01/20/2020,SQL,CA,AWP,WE,Federal Contract Tower,0,17,14,0,31,0,32,114,0,146,0,49,128,0,177,24,0,24,201
01/22/2020,SQL,CA,AWP,WE,Federal Contract Tower,0,7,16,0,23,0,10,32,0,42,0,17,48,0,65,94,0,94,159
01/23/2020,SQL,CA,AWP,WE,Federal Contract Tower,0,6,11,0,17,0,27,84,0,111,0,33,95,0,128,92,0,92,220
01/24/2020,SQL,CA,AWP,WE,Federal Contract Tower,0,13,12,0,25,0,22,83,0,105,0,35,95,0,130,172,0,172,302
01/25/2020,SQL,CA,AWP,WE,Federal Contract Tower,0,1,22,0,23,0,16,51,0,67,0,17,73,0,90,56,0,56,146
01/26/2020,SQL,CA,AWP,WE,Federal Contract Tower,0,17,20,0,37,0,23,42,0,65,0,40,62,0,102,92,0,92,194
01/27/2020,SQL,CA,AWP,WE,Federal Contract Tower,0,13,14,0,27,0,6,28,0,34,0,19,42,0,61,42,0,42,103
01/28/2020,SQL,CA,AWP,WE,Federal Contract Tower,0,11,8,0,19,0,4,38,0,42,0,15,46,0,61,40,0,40,101
01/29/2020,SQL,CA,AWP,WE,Federal Contract Tower,0,12,5,0,17,0,0,0,0,0,0,12,5,0,17,80,0,80,97
01/30/2020,SQL,CA,AWP,WE,Federal Contract Tower,0,15,20,0,35,0,12,26,0,38,0,27,46,0,73,176,0,176,249
01/31/2020,SQL,CA,AWP,WE,Federal Contract Tower,0,9,6,0,15,0,28,97,0,125,0,37,103,0,140,96,0,96,236
02/01/2020,SQL,CA,AWP,WE,Federal Contract Tower,0,2,5,0,7,0,39,148,0,187,0,41,153,0,194,198,0,198,392
02/02/2020,SQL,CA,AWP,WE,Federal Contract Tower,0,7,8,0,15,0,6,28,0,34,0,13,36,0,49,50,0,50,99
02/03/2020,SQL,CA,AWP,WE,Federal Contract Tower,0,14,3,0,17,0,15,82,0,97,0,29,85,0,114,14,0,14,128
02/04/2020,SQL,CA,AWP,WE,Federal Contract Tower,0,11,5,0,16,0,19,64,0,83,0,30,69,0,99,34,0,34,133
02/05/2020,SQL,CA,AWP,WE,Federal Contract Tower,0,6,8,0,14,0,14,64,0,78,0,20,72,0,92,24,0,24,116
02/06/2020,SQL,CA,AWP,WE,Federal Contract Tower,0,10,17,0,27,0,24,67,0,91,0,34,84,0,118,92,0,92,210
02/07/2020,SQL,CA,AWP,WE,Federal Contract Tower,0,15,11,0,26,0,22,91,0,113,0,37,102,0,139,78,0,78,217
02/08/2020,SQL,CA,AWP,WE,Federal Contract Tower,0,1,15,0,16,0,31,90,0,121,0,32,105,0,137,103,0,103,240
02/09/2020,SQL,CA,AWP,WE,Federal Contract Tower,0,4,9,0,13,0,1,23,0,24,0,5,32,0,37,2,0,2,39
02/10/2020,SQL,CA,AWP,WE,Federal Contract Tower,0,11,5,0,16,0,17,73,0,90,0,28,78,0,106,16,0,16,122
02/11/2020,SQL,CA,AWP,WE,Federal Contract Tower,0,9,7,0,16,0,15,76,0,91,0,24,83,0,107,64,0,64,171
02/12/2020,SQL,CA,AWP,WE,Federal Contract Tower,0,10,7,0,17,0,34,94,0,128,0,44,101,0,145,78,0,78,223
02/13/2020,SQL,CA,AWP,WE,Federal Contract Tower,0,8,11,0,19,0,28,65,0,93,0,36,76,0,112,218,0,218,330
02/14/2020,SQL,CA,AWP,WE,Federal Contract Tower,0,17,18,0,35,0,19,76,0,95,0,36,94,0,130,284,0,284,414
02/15/2020,SQL,CA,AWP,WE,Federal Contract Tower,0,2,12,0,14,0,63,140,0,203,0,65,152,0,217,122,0,122,339
02/16/2020,SQL,CA,AWP,WE,Federal Contract Tower,0,8,7,0,15,0,31,99,2,132,0,39,106,2,147,66,10,76,223
02/17/2020,SQL,CA,AWP,WE,Federal Contract Tower,0,14,14,0,28,0,31,152,0,183,0,45,166,0,211,54,0,54,265
02/18/2020,SQL,CA,AWP,WE,Federal Contract Tower,0,11,10,0,21,0,17,73,0,90,0,28,83,0,111,40,0,40,151
02/19/2020,SQL,CA,AWP,WE,Federal Contract Tower,0,8,9,0,17,0,47,90,0,137,0,55,99,0,154,114,0,114,268
02/20/2020,SQL,CA,AWP,WE,Federal Contract Tower,0,11,9,0,20,0,28,85,0,113,0,39,94,0,133,176,0,176,309
02/21/2020,SQL,CA,AWP,WE,Federal Contract Tower,0,14,10,0,24,0,46,92,0,138,0,60,102,0,162,160,0,160,322
02/22/2020,SQL,CA,AWP,WE,Federal Contract Tower,0,2,7,0,9,0,33,113,0,146,0,35,120,0,155,96,0,96,251
02/23/2020,SQL,CA,AWP,WE,Federal Contract Tower,0,4,10,0,14,0,19,67,0,86,0,23,77,0,100,86,0,86,186
02/24/2020,SQL,CA,AWP,WE,Federal Contract Tower,0,12,10,0,22,0,16,71,2,89,0,28,81,2,111,2,0,2,113
02/25/2020,SQL,CA,AWP,WE,Federal Contract Tower,0,10,12,0,22,0,26,77,0,103,0,36,89,0,125,62,0,62,187
02/26/2020,SQL,CA,AWP,WE,Federal Contract Tower,0,10,4,0,14,0,33,95,0,128,0,43,99,0,142,124,0,124,266
02/27/2020,SQL,CA,AWP,WE,Federal Contract Tower,0,8,9,0,17,0,39,97,0,136,0,47,106,0,153,96,0,96,249
02/28/2020,SQL,CA,AWP,WE,Federal Contract Tower,0,12,13,0,25,0,57,107,0,164,0,69,120,0,189,128,0,128,317
02/29/2020,SQL,CA,AWP,WE,Federal Contract Tower,0,2,6,0,8,0,27,51,0,78,0,29,57,0,86,98,0,98,184
03/01/2020,SQL,CA,AWP,WE,Federal Contract Tower,0,12,14,0,26,0,23,72,0,95,0,35,86,0,121,266,0,266,387
03/02/2020,SQL,CA,AWP,WE,Federal Contract Tower,0,10,7,0,17,0,6,62,0,68,0,16,69,0,85,54,0,54,139
03/03/2020,SQL,CA,AWP,WE,Federal Contract Tower,0,13,11,0,24,0,0,0,0,0,0,13,11,0,24,32,0,32,56
03/04/2020,SQL,CA,AWP,WE,Federal Contract Tower,0,11,9,0,20,0,35,84,0,119,0,46,93,0,139,61,0,61,200
03/05/2020,SQL,CA,AWP,WE,Federal Contract Tower,0,15,19,0,34,0,26,55,0,81,0,41,74,0,115,180,0,180,295
03/06/2020,SQL,CA,AWP,WE,Federal Contract Tower,0,16,16,0,32,0,30,59,2,91,0,46,75,2,123,238,0,238,361
03/07/2020,SQL,CA,AWP,WE,Federal Contract Tower,0,6,9,0,15,0,6,20,0,26,0,12,29,0,41,102,0,102,143
03/08/2020,SQL,CA,AWP,WE,Federal Contract Tower,0,11,16,0,27,0,31,81,0,112,0,42,97,0,139,172,0,172,311
03/09/2020,SQL,CA,AWP,WE,Federal Contract Tower,0,9,5,0,14,0,12,59,0,71,0,21,64,0,85,56,0,56,141
03/10/2020,SQL,CA,AWP,WE,Federal Contract Tower,0,8,10,0,18,0,21,38,0,59,0,29,48,0,77,32,0,32,109
03/11/2020,SQL,CA,AWP,WE,Federal Contract Tower,0,10,10,0,20,0,49,89,0,138,0,59,99,0,158,120,0,120,278
03/12/2020,SQL,CA,AWP,WE,Federal Contract Tower,0,14,14,0,28,0,20,70,0,90,0,34,84,0,118,106,0,106,224
03/13/2020,SQL,CA,AWP,WE,Federal Contract Tower,0,13,7,0,20,0,0,0,0,0,0,13,7,0,20,94,0,94,114
03/14/2020,SQL,CA,AWP,WE,Federal Contract Tower,0,0,2,0,2,0,2,6,0,8,0,2,8,0,10,12,0,12,22
03/15/2020,SQL,CA,AWP,WE,Federal Contract Tower,0,11,7,0,18,0,2,7,3,12,0,13,14,3,30,58,0,58,88
03/16/2020,SQL,CA,AWP,WE,Federal Contract Tower,0,7,6,0,13,0,0,16,0,16,0,7,22,0,29,72,0,72,101
03/17/2020,SQL,CA,AWP,WE,Federal Contract Tower,0,4,2,0,6,0,2,17,0,19,0,6,19,0,25,22,0,22,47
03/18/2020,SQL,CA,AWP,WE,Federal Contract Tower,0,2,6,0,8,0,0,3,0,3,0,2,9,0,11,2,0,2,13
03/19/2020,SQL,CA,AWP,WE,Federal Contract Tower,0,4,4,0,8,0,0,17,0,17,0,4,21,0,25,0,0,0,25
03/20/2020,SQL,CA,AWP,WE,Federal Contract Tower,0,4,4,0,8,0,1,17,2,20,0,5,21,2,28,0,0,0,28
03/21/2020,SQL,CA,AWP,WE,Federal Contract Tower,0,0,2,0,2,0,0,27,0,27,0,0,29,0,29,0,0,0,29
03/22/2020,SQL,CA,AWP,WE,Federal Contract Tower,0,2,3,0,5,0,0,19,0,19,0,2,22,0,24,12,0,12,36
03/23/2020,SQL,CA,AWP,WE,Federal Contract Tower,0,6,10,0,16,0,0,4,0,4,0,6,14,0,20,4,0,4,24
03/24/2020,SQL,CA,AWP,WE,Federal Contract Tower,0,1,5,0,6,0,0,6,0,6,0,1,11,0,12,4,0,4,16
03/25/2020,SQL,CA,AWP,WE,Federal Contract Tower,0,4,2,0,6,0,0,3,0,3,0,4,5,0,9,0,0,0,9
03/26/2020,SQL,CA,AWP,WE,Federal Contract Tower,0,2,0,0,2,0,2,27,2,31,0,4,27,2,33,40,0,40,73
03/27/2020,SQL,CA,AWP,WE,Federal Contract Tower,0,4,5,0,9,0,0,24,0,24,0,4,29,0,33,0,0,0,33
03/28/2020,SQL,CA,AWP,WE,Federal Contract Tower,0,3,0,0,3,0,0,1,0,1,0,3,1,0,4,4,0,4,8
03/29/2020,SQL,CA,AWP,WE,Federal Contract Tower,0,4,1,0,5,0,0,10,0,10,0,4,11,0,15,0,0,0,15
03/30/2020,SQL,CA,AWP,WE,Federal Contract Tower,0,1,5,0,6,0,4,21,0,25,0,5,26,0,31,8,0,8,39
03/31/2020,SQL,CA,AWP,WE,Federal Contract Tower,0,3,5,0,8,0,0,17,0,17,0,3,22,0,25,10,0,10,35
04/01/2020,SQL,CA,AWP,WE,Federal Contract Tower,0,2,0,0,2,0,1,25,0,26,0,3,25,0,28,0,0,0,28
04/02/2020,SQL,CA,AWP,WE,Federal Contract Tower,0,2,1,0,3,0,0,44,0,44,0,2,45,0,47,24,0,24,71
04/03/2020,SQL,CA,AWP,WE,Federal Contract Tower,0,3,2,0,5,0,0,34,0,34,0,3,36,0,39,42,0,42,81
04/04/2020,SQL,CA,AWP,WE,Federal Contract Tower,0,0,1,0,1,0,0,0,0,0,0,0,1,0,1,0,0,0,1
04/05/2020,SQL,CA,AWP,WE,Federal Contract Tower,0,2,0,0,2,0,0,0,0,0,0,2,0,0,2,0,0,0,2
04/06/2020,SQL,CA,AWP,WE,Federal Contract Tower,0,5,1,0,6,0,0,9,0,9,0,5,10,0,15,0,0,0,15
04/07/2020,SQL,CA,AWP,WE,Federal Contract Tower,0,1,3,0,4,0,0,32,0,32,0,1,35,0,36,38,0,38,74
04/08/2020,SQL,CA,AWP,WE,Federal Contract Tower,0,3,1,0,4,0,0,18,0,18,0,3,19,0,22,0,0,0,22
04/09/2020,SQL,CA,AWP,WE,Federal Contract Tower,0,6,2,0,8,0,0,8,0,8,0,6,10,0,16,10,0,10,26
04/10/2020,SQL,CA,AWP,WE,Federal Contract Tower,0,4,4,0,8,0,0,16,0,16,0,4,20,0,24,4,2,6,30
04/11/2020,SQL,CA,AWP,WE,Federal Contract Tower,0,0,7,0,7,0,0,16,0,16,0,0,23,0,23,84,0,84,107
04/12/2020,SQL,CA,AWP,WE,Federal Contract Tower,0,4,8,0,12,0,0,19,0,19,0,4,27,0,31,60,0,60,91
04/13/2020,SQL,CA,AWP,WE,Federal Contract Tower,0,3,2,0,5,0,0,49,0,49,0,3,51,0,54,62,0,62,116
04/14/2020,SQL,CA,AWP,WE,Federal Contract Tower,0,3,5,0,8,0,1,51,0,52,0,4,56,0,60,36,0,36,96
04/15/2020,SQL,CA,AWP,WE,Federal Contract Tower,0,2,0,0,2,0,6,66,0,72,0,8,66,0,74,16,0,16,90
04/16/2020,SQL,CA,AWP,WE,Federal Contract Tower,0,2,8,0,10,0,0,0,0,0,0,2,8,0,10,0,0,0,10
04/17/2020,SQL,CA,AWP,WE,Federal Contract Tower,0,7,5,0,12,0,0,10,0,10,0,7,15,0,22,12,0,12,34
04/18/2020,SQL,CA,AWP,WE,Federal Contract Tower,0,0,13,0,13,0,0,19,0,19,0,0,32,0,32,40,0,40,72
04/19/2020,SQL,CA,AWP,WE,Federal Contract Tower,0,4,0,0,4,0,1,66,0,67,0,5,66,0,71,18,0,18,89
04/20/2020,SQL,CA,AWP,WE,Federal Contract Tower,0,2,5,0,7,0,6,16,0,22,0,8,21,0,29,2,0,2,31
04/21/2020,SQL,CA,AWP,WE,Federal Contract Tower,0,0,2,0,2,0,0,24,0,24,0,0,26,0,26,16,0,16,42
04/22/2020,SQL,CA,AWP,WE,Federal Contract Tower,0,2,4,0,6,0,0,40,0,40,0,2,44,0,46,2,0,2,48
04/23/2020,SQL,CA,AWP,WE,Federal Contract Tower,0,2,2,0,4,0,0,36,0,36,0,2,38,0,40,50,0,50,90
04/24/2020,SQL,CA,AWP,WE,Federal Contract Tower,0,6,5,0,11,0,0,49,0,49,0,6,54,0,60,26,0,26,86
04/25/2020,SQL,CA,AWP,WE,Federal Contract Tower,0,0,3,0,3,0,0,60,0,60,0,0,63,0,63,26,10,36,99
04/26/2020,SQL,CA,AWP,WE,Federal Contract Tower,0,4,2,0,6,0,4,59,0,63,0,8,61,0,69,20,0,20,89
04/27/2020,SQL,CA,AWP,WE,Federal Contract Tower,0,2,1,0,3,0,1,31,0,32,0,3,32,0,35,8,0,8,43
04/28/2020,SQL,CA,AWP,WE,Federal Contract Tower,0,5,5,0,10,0,0,39,0,39,0,5,44,0,49,8,0,8,57
04/29/2020,SQL,CA,AWP,WE,Federal Contract Tower,0,4,3,0,7,0,0,22,0,22,0,4,25,0,29,12,0,12,41
04/30/2020,SQL,CA,AWP,WE,Federal Contract Tower,0,5,6,0,11,0,0,25,0,25,0,5,31,0,36,6,0,6,42
05/01/2020,SQL,CA,AWP,WE,Federal Contract Tower,0,4,3,0,7,0,0,45,0,45,0,4,48,0,52,14,0,14,66
05/02/2020,SQL,CA,AWP,WE,Federal Contract Tower,0,0,9,0,9,0,0,24,0,24,0,0,33,0,33,6,0,6,39
05/03/2020,SQL,CA,AWP,WE,Federal Contract Tower,0,4,3,0,7,0,0,61,0,61,0,4,64,0,68,38,0,38,106
05/04/2020,SQL,CA,AWP,WE,Federal Contract Tower,0,1,2,0,3,0,0,27,0,27,0,1,29,0,30,12,0,12,42
05/05/2020,SQL,CA,AWP,WE,Federal Contract Tower,0,6,6,0,12,0,0,29,0,29,0,6,35,0,41,14,0,14,55
05/06/2020,SQL,CA,AWP,WE,Federal Contract Tower,0,3,3,0,6,0,0,49,0,49,0,3,52,0,55,0,0,0,55
05/07/2020,SQL,CA,AWP,WE,Federal Contract Tower,0,3,5,0,8,0,0,76,0,76,0,3,81,0,84,26,0,26,110
05/08/2020,SQL,CA,AWP,WE,Federal Contract Tower,0,0,4,0,4,0,0,57,0,57,0,0,61,0,61,14,0,14,75
05/09/2020,SQL,CA,AWP,WE,Federal Contract Tower,0,0,3,0,3,0,0,53,0,53,0,0,56,0,56,8,0,8,64
05/10/2020,SQL,CA,AWP,WE,Federal Contract Tower,0,3,9,0,12,0,0,49,0,49,0,3,58,0,61,18,0,18,79
05/11/2020,SQL,CA,AWP,WE,Federal Contract Tower,0,2,3,0,5,0,0,22,0,22,0,2,25,0,27,0,0,0,27
05/12/2020,SQL,CA,AWP,WE,Federal Contract Tower,0,3,5,0,8,0,0,11,0,11,0,3,16,0,19,0,0,0,19
05/13/2020,SQL,CA,AWP,WE,Federal Contract Tower,0,4,3,0,7,0,0,13,0,13,0,4,16,0,20,58,0,58,78
05/14/2020,SQL,CA,AWP,WE,Federal Contract Tower,0,2,9,0,11,0,0,43,0,43,0,2,52,0,54,0,0,0,54
05/15/2020,SQL,CA,AWP,WE,Federal Contract Tower,0,4,2,0,6,0,0,44,0,44,0,4,46,0,50,20,0,20,70
05/16/2020,SQL,CA,AWP,WE,Federal Contract Tower,0,0,4,0,4,0,0,71,0,71,0,0,75,0,75,36,0,36,111
05/17/2020,SQL,CA,AWP,WE,Federal Contract Tower,0,5,11,0,16,0,3,8,0,11,0,8,19,0,27,4,0,4,31
05/18/2020,SQL,CA,AWP,WE,Federal Contract Tower,0,2,0,0,2,0,6,11,0,17,0,8,11,0,19,4,0,4,23
05/19/2020,SQL,CA,AWP,WE,Federal Contract Tower,0,2,4,0,6,0,4,22,0,26,0,6,26,0,32,16,0,16,48
05/20/2020,SQL,CA,AWP,WE,Federal Contract Tower,0,4,3,0,7,0,4,20,0,24,0,8,23,0,31,32,0,32,63
05/21/2020,SQL,CA,AWP,WE,Federal Contract Tower,0,7,5,0,12,0,14,54,0,68,0,21,59,0,80,38,0,38,118
05/22/2020,SQL,CA,AWP,WE,Federal Contract Tower,0,6,4,0,10,0,13,77,0,90,0,19,81,0,100,22,0,22,122
05/23/2020,SQL,CA,AWP,WE,Federal Contract Tower,0,0,4,0,4,0,25,82,0,107,0,25,86,0,111,34,0,34,145
05/24/2020,SQL,CA,AWP,WE,Federal Contract Tower,0,3,1,0,4,0,8,73,0,81,0,11,74,0,85,56,0,56,141
05/25/2020,SQL,CA,AWP,WE,Federal Contract Tower,0,8,2,0,10,0,14,88,0,102,0,22,90,0,112,40,0,40,152
05/26/2020,SQL,CA,AWP,WE,Federal Contract Tower,0,4,7,0,11,0,7,46,0,53,0,11,53,0,64,44,0,44,108
05/27/2020,SQL,CA,AWP,WE,Federal Contract Tower,0,4,0,0,4,0,3,34,0,37,0,7,34,0,41,32,0,32,73
05/28/2020,SQL,CA,AWP,WE,Federal Contract Tower,0,3,0,0,3,0,4,34,0,38,0,7,34,0,41,30,0,30,71
05/29/2020,SQL,CA,AWP,WE,Federal Contract Tower,0,6,6,0,12,0,1,21,0,22,0,7,27,0,34,6,0,6,40
05/31/2020,SQL,CA,AWP,WE,Federal Contract Tower,0,4,16,0,20,0,7,43,0,50,0,11,59,0,70,30,0,30,100
06/01/2020,SQL,CA,AWP,WE,Federal Contract Tower,0,2,7,0,9,0,4,49,0,53,0,6,56,0,62,86,0,86,148
06/02/2020,SQL,CA,AWP,WE,Federal Contract Tower,0,4,5,0,9,0,7,62,0,69,0,11,67,0,78,24,0,24,102
06/03/2020,SQL,CA,AWP,WE,Federal Contract Tower,0,0,2,0,2,0,9,66,0,75,0,9,68,0,77,86,0,86,163
06/04/2020,SQL,CA,AWP,WE,Federal Contract Tower,0,4,4,0,8,0,7,52,0,59,0,11,56,0,67,44,0,44,111
06/05/2020,SQL,CA,AWP,WE,Federal Contract Tower,0,5,5,0,10,0,1,21,0,22,0,6,26,0,32,38,0,38,70
06/06/2020,SQL,CA,AWP,WE,Federal Contract Tower,0,0,0,0,0,0,3,35,0,38,0,3,35,0,38,10,0,10,48
06/07/2020,SQL,CA,AWP,WE,Federal Contract Tower,0,5,5,0,10,0,5,35,0,40,0,10,40,0,50,8,0,8,58
06/08/2020,SQL,CA,AWP,WE,Federal Contract Tower,0,2,5,0,7,0,5,69,0,74,0,7,74,0,81,40,0,40,121
06/09/2020,SQL,CA,AWP,WE,Federal Contract Tower,0,2,6,0,8,0,2,85,0,87,0,4,91,0,95,48,0,48,143
06/10/2020,SQL,CA,AWP,WE,Federal Contract Tower,0,3,6,0,9,0,5,87,0,92,0,8,93,0,101,114,0,114,215
06/11/2020,SQL,CA,AWP,WE,Federal Contract Tower,0,4,10,0,14,0,11,84,0,95,0,15,94,0,109,74,0,74,183
06/12/2020,SQL,CA,AWP,WE,Federal Contract Tower,0,5,7,0,12,0,6,51,0,57,0,11,58,0,69,146,0,146,215
06/13/2020,SQL,CA,AWP,WE,Federal Contract Tower,0,2,9,0,11,0,26,71,0,97,0,28,80,0,108,50,0,50,158
06/14/2020,SQL,CA,AWP,WE,Federal Contract Tower,0,6,9,0,15,0,7,83,0,90,0,13,92,0,105,72,0,72,177
06/15/2020,SQL,CA,AWP,WE,Federal Contract Tower,0,2,5,0,7,0,3,63,0,66,0,5,68,0,73,30,0,30,103
06/16/2020,SQL,CA,AWP,WE,Federal Contract Tower,0,4,8,0,12,0,7,49,0,56,0,11,57,0,68,102,0,102,170
06/17/2020,SQL,CA,AWP,WE,Federal Contract Tower,0,6,10,0,16,0,9,88,0,97,0,15,98,0,113,114,0,114,227
06/18/2020,SQL,CA,AWP,WE,Federal Contract Tower,0,6,7,0,13,0,13,68,0,81,0,19,75,0,94,72,0,72,166
06/19/2020,SQL,CA,AWP,WE,Federal Contract Tower,0,4,3,0,7,0,21,82,0,103,0,25,85,0,110,50,0,50,160
06/20/2020,SQL,CA,AWP,WE,Federal Contract Tower,0,2,16,0,18,0,11,64,0,75,0,13,80,0,93,42,0,42,135
06/21/2020,SQL,CA,AWP,WE,Federal Contract Tower,0,7,10,0,17,0,25,105,0,130,0,32,115,0,147,102,0,102,249
06/22/2020,SQL,CA,AWP,WE,Federal Contract Tower,0,5,12,0,17,0,33,52,0,85,0,38,64,0,102,82,0,82,184
06/23/2020,SQL,CA,AWP,WE,Federal Contract Tower,0,3,13,0,16,0,41,69,2,112,0,44,82,2,128,142,0,142,270
06/24/2020,SQL,CA,AWP,WE,Federal Contract Tower,0,4,10,0,14,0,35,81,0,116,0,39,91,0,130,134,0,134,264
06/25/2020,SQL,CA,AWP,WE,Federal Contract Tower,0,7,11,0,18,0,36,54,0,90,0,43,65,0,108,98,0,98,206
06/26/2020,SQL,CA,AWP,WE,Federal Contract Tower,0,11,13,0,24,0,48,63,0,111,0,59,76,0,135,88,0,88,223
06/27/2020,SQL,CA,AWP,WE,Federal Contract Tower,0,3,15,0,18,0,36,96,0,132,0,39,111,0,150,170,0,170,320
06/28/2020,SQL,CA,AWP,WE,Federal Contract Tower,0,7,6,0,13,0,7,47,0,54,0,14,53,0,67,70,0,70,137
06/29/2020,SQL,CA,AWP,WE,Federal Contract Tower,0,8,8,0,16,0,34,71,0,105,0,42,79,0,121,214,0,214,335
06/30/2020,SQL,CA,AWP,WE,Federal Contract Tower,0,5,1,0,6,0,41,81,0,122,0,46,82,0,128,136,0,136,264
07/01/2020,SQL,CA,AWP,WE,Federal Contract Tower,0,11,5,0,16,0,34,76,0,110,0,45,81,0,126,156,0,156,282
07/02/2020,SQL,CA,AWP,WE,Federal Contract Tower,0,3,5,0,8,0,17,42,0,59,0,20,47,0,67,118,0,118,185
07/03/2020,SQL,CA,AWP,WE,Federal Contract Tower,0,10,15,0,25,0,43,62,0,105,0,53,77,0,130,60,0,60,190
07/04/2020,SQL,CA,AWP,WE,Federal Contract Tower,0,4,2,0,6,0,14,68,0,82,0,18,70,0,88,88,0,88,176
07/05/2020,SQL,CA,AWP,WE,Federal Contract Tower,0,7,8,0,15,0,14,88,0,102,0,21,96,0,117,84,0,84,201
07/06/2020,SQL,CA,AWP,WE,Federal Contract Tower,0,7,4,0,11,0,23,41,0,64,0,30,45,0,75,64,0,64,139
07/07/2020,SQL,CA,AWP,WE,Federal Contract Tower,0,4,3,0,7,0,30,65,0,95,0,34,68,0,102,94,0,94,196
07/08/2020,SQL,CA,AWP,WE,Federal Contract Tower,0,4,7,0,11,0,35,51,0,86,0,39,58,0,97,80,0,80,177
07/09/2020,SQL,CA,AWP,WE,Federal Contract Tower,0,5,6,0,11,0,24,60,0,84,0,29,66,0,95,130,0,130,225
07/10/2020,SQL,CA,AWP,WE,Federal Contract Tower,0,10,6,0,16,0,50,101,0,151,0,60,107,0,167,156,0,156,323
07/11/2020,SQL,CA,AWP,WE,Federal Contract Tower,0,1,8,0,9,0,37,93,0,130,0,38,101,0,139,118,0,118,257
07/12/2020,SQL,CA,AWP,WE,Federal Contract Tower,0,8,7,0,15,0,33,108,0,141,0,41,115,0,156,34,0,34,190
07/13/2020,SQL,CA,AWP,WE,Federal Contract Tower,0,3,15,0,18,0,20,68,2,90,0,23,83,2,108,112,0,112,220
07/14/2020,SQL,CA,AWP,WE,Federal Contract Tower,0,2,4,0,6,0,25,62,0,87,0,27,66,0,93,186,0,186,279
07/15/2020,SQL,CA,AWP,WE,Federal Contract Tower,0,6,6,0,12,0,31,87,0,118,0,37,93,0,130,117,0,117,247
07/16/2020,SQL,CA,AWP,WE,Federal Contract Tower,0,3,16,0,19,0,35,54,0,89,0,38,70,0,108,106,0,106,214
07/17/2020,SQL,CA,AWP,WE,Federal Contract Tower,0,12,4,0,16,0,33,75,0,108,0,45,79,0,124,0,0,0,124
07/18/2020,SQL,CA,AWP,WE,Federal Contract Tower,0,11,13,0,24,0,28,71,0,99,0,39,84,0,123,62,0,62,185
07/19/2020,SQL,CA,AWP,WE,Federal Contract Tower,0,9,16,0,25,0,20,59,0,79,0,29,75,0,104,94,0,94,198
07/20/2020,SQL,CA,AWP,WE,Federal Contract Tower,0,4,10,0,14,0,16,31,0,47,0,20,41,0,61,46,0,46,107
07/21/2020,SQL,CA,AWP,WE,Federal Contract Tower,0,1,7,0,8,0,15,38,0,53,0,16,45,0,61,104,0,104,165
07/22/2020,SQL,CA,AWP,WE,Federal Contract Tower,0,1,9,0,10,0,33,73,0,106,0,34,82,0,116,118,0,118,234
07/23/2020,SQL,CA,AWP,WE,Federal Contract Tower,0,8,9,0,17,0,31,56,0,87,0,39,65,0,104,76,0,76,180
07/24/2020,SQL,CA,AWP,WE,Federal Contract Tower,0,8,9,0,17,0,33,68,0,101,0,41,77,0,118,112,0,112,230
07/25/2020,SQL,CA,AWP,WE,Federal Contract Tower,0,4,6,0,10,0,35,93,0,128,0,39,99,0,138,74,0,74,212
07/26/2020,SQL,CA,AWP,WE,Federal Contract Tower,0,7,12,0,19,0,37,84,0,121,0,44,96,0,140,106,0,106,246
07/27/2020,SQL,CA,AWP,WE,Federal Contract Tower,0,6,6,0,12,0,17,36,0,53,0,23,42,0,65,36,0,36,101
07/28/2020,SQL,CA,AWP,WE,Federal Contract Tower,0,7,7,0,14,0,28,73,0,101,0,35,80,0,115,120,0,120,235
07/29/2020,SQL,CA,AWP,WE,Federal Contract Tower,0,9,15,0,24,0,22,82,0,104,0,31,97,0,128,106,0,106,234
07/30/2020,SQL,CA,AWP,WE,Federal Contract Tower,0,4,5,0,9,0,12,35,0,47,0,16,40,0,56,70,0,70,126
07/31/2020,SQL,CA,AWP,WE,Federal Contract Tower,0,16,14,0,30,0,23,55,0,78,0,39,69,0,108,80,0,80,188
08/01/2020,SQL,CA,AWP,WE,Federal Contract Tower,0,4,6,0,10,0,46,103,0,149,0,50,109,0,159,98,0,98,257
08/02/2020,SQL,CA,AWP,WE,Federal Contract Tower,0,10,8,0,18,0,39,114,0,153,0,49,122,0,171,78,0,78,249
08/03/2020,SQL,CA,AWP,WE,Federal Contract Tower,0,5,7,0,12,0,27,72,0,99,0,32,79,0,111,114,0,114,225
08/04/2020,SQL,CA,AWP,WE,Federal Contract Tower,0,7,10,0,17,0,33,44,0,77,0,40,54,0,94,134,0,134,228
08/05/2020,SQL,CA,AWP,WE,Federal Contract Tower,0,7,31,0,38,0,2,6,0,8,0,9,37,0,46,6,2,8,54
08/06/2020,SQL,CA,AWP,WE,Federal Contract Tower,0,6,8,0,14,0,26,46,0,72,0,32,54,0,86,0,0,0,86
08/07/2020,SQL,CA,AWP,WE,Federal Contract Tower,0,10,10,0,20,0,22,37,0,59,0,32,47,0,79,60,0,60,139
08/08/2020,SQL,CA,AWP,WE,Federal Contract Tower,0,4,12,0,16,0,22,57,0,79,0,26,69,0,95,104,0,104,199
08/10/2020,SQL,CA,AWP,WE,Federal Contract Tower,0,6,6,0,12,0,18,46,0,64,0,24,52,0,76,32,0,32,108
08/11/2020,SQL,CA,AWP,WE,Federal Contract Tower,0,4,18,0,22,0,23,78,0,101,0,27,96,0,123,164,0,164,287
08/12/2020,SQL,CA,AWP,WE,Federal Contract Tower,0,5,9,0,14,0,29,79,0,108,0,34,88,0,122,96,0,96,218
08/13/2020,SQL,CA,AWP,WE,Federal Contract Tower,0,7,5,0,12,0,29,62,0,91,0,36,67,0,103,56,0,56,159
08/14/2020,SQL,CA,AWP,WE,Federal Contract Tower,0,10,3,0,13,0,24,58,0,82,0,34,61,0,95,62,0,62,157
08/15/2020,SQL,CA,AWP,WE,Federal Contract Tower,0,0,12,0,12,0,31,84,0,115,0,31,96,0,127,112,0,112,239
08/16/2020,SQL,CA,AWP,WE,Federal Contract Tower,0,5,8,0,13,0,15,29,0,44,0,20,37,0,57,60,0,60,117
08/17/2020,SQL,CA,AWP,WE,Federal Contract Tower,0,4,6,0,10,0,17,48,0,65,0,21,54,0,75,22,0,22,97
08/18/2020,SQL,CA,AWP,WE,Federal Contract Tower,0,4,9,0,13,0,13,70,0,83,0,17,79,0,96,84,0,84,180
08/19/2020,SQL,CA,AWP,WE,Federal Contract Tower,0,7,22,0,29,0,2,28,0,30,0,9,50,0,59,82,0,82,141
08/20/2020,SQL,CA,AWP,WE,Federal Contract Tower,0,7,8,0,15,0,11,41,0,52,0,18,49,0,67,124,0,124,191
08/21/2020,SQL,CA,AWP,WE,Federal Contract Tower,0,10,17,0,27,0,5,25,0,30,0,15,42,0,57,70,0,70,127
08/22/2020,SQL,CA,AWP,WE,Federal Contract Tower,0,6,12,0,18,0,16,43,0,59,0,22,55,0,77,156,0,156,233
08/24/2020,SQL,CA,AWP,WE,Federal Contract Tower,0,6,14,0,20,0,5,7,0,12,0,11,21,0,32,48,0,48,80
08/25/2020,SQL,CA,AWP,WE,Federal Contract Tower,0,5,10,0,15,0,5,3,0,8,0,10,13,0,23,14,0,14,37
08/26/2020,SQL,CA,AWP,WE,Federal Contract Tower,0,2,7,0,9,0,10,55,0,65,0,12,62,0,74,188,0,188,262
08/27/2020,SQL,CA,AWP,WE,Federal Contract Tower,0,8,9,0,17,0,14,37,0,51,0,22,46,0,68,72,0,72,140
08/28/2020,SQL,CA,AWP,WE,Federal Contract Tower,0,10,23,0,33,0,3,18,0,21,0,13,41,0,54,8,0,8,62
08/29/2020,SQL,CA,AWP,WE,Federal Contract Tower,0,4,46,0,50,0,7,27,0,34,0,11,73,0,84,18,0,18,102
08/30/2020,SQL,CA,AWP,WE,Federal Contract Tower,0,10,13,0,23,0,7,56,2,65,0,17,69,2,88,140,8,148,236
08/31/2020,SQL,CA,AWP,WE,Federal Contract Tower,0,8,21,0,29,0,13,11,0,24,0,21,32,0,53,100,0,100,153
09/01/2020,SQL,CA,AWP,WE,Federal Contract Tower,0,4,21,0,25,0,2,22,0,24,0,6,43,0,49,82,0,82,131
09/02/2020,SQL,CA,AWP,WE,Federal Contract Tower,0,10,15,0,25,0,5,23,0,28,0,15,38,0,53,50,0,50,103
09/03/2020,SQL,CA,AWP,WE,Federal Contract Tower,0,11,9,0,20,0,7,26,0,33,0,18,35,0,53,72,0,72,125
09/04/2020,SQL,CA,AWP,WE,Federal Contract Tower,0,10,12,0,22,0,8,31,0,39,0,18,43,0,61,34,0,34,95
09/05/2020,SQL,CA,AWP,WE,Federal Contract Tower,0,1,2,0,3,0,16,56,2,74,0,17,58,2,77,108,18,126,203
09/06/2020,SQL,CA,AWP,WE,Federal Contract Tower,0,11,11,0,22,0,9,32,0,41,0,20,43,0,63,84,0,84,147
09/07/2020,SQL,CA,AWP,WE,Federal Contract Tower,0,10,21,0,31,0,16,74,0,90,0,26,95,0,121,110,0,110,231
09/08/2020,SQL,CA,AWP,WE,Federal Contract Tower,0,9,16,0,25,0,2,14,0,16,0,11,30,0,41,208,0,208,249
09/09/2020,SQL,CA,AWP,WE,Federal Contract Tower,0,5,12,0,17,0,0,6,0,6,0,5,18,0,23,110,2,112,135
09/10/2020,SQL,CA,AWP,WE,Federal Contract Tower,0,9,16,0,25,0,0,0,0,0,0,9,16,0,25,0,0,0,25
09/11/2020,SQL,CA,AWP,WE,Federal Contract Tower,0,1,8,0,9,0,0,0,0,0,0,1,8,0,9,0,0,0,9
09/12/2020,SQL,CA,AWP,WE,Federal Contract Tower,0,0,9,0,9,0,0,0,0,0,0,0,9,0,9,0,0,0,9
09/13/2020,SQL,CA,AWP,WE,Federal Contract Tower,0,17,16,0,33,0,0,0,0,0,0,17,16,0,33,0,0,0,33
09/14/2020,SQL,CA,AWP,WE,Federal Contract Tower,0,6,15,0,21,0,0,0,0,0,0,6,15,0,21,0,0,0,21
09/15/2020,SQL,CA,AWP,WE,Federal Contract Tower,0,5,2,0,7,0,12,44,2,58,0,17,46,2,65,184,0,184,249
09/16/2020,SQL,CA,AWP,WE,Federal Contract Tower,0,0,0,0,0,0,16,78,0,94,0,16,78,0,94,170,0,170,264
09/17/2020,SQL,CA,AWP,WE,Federal Contract Tower,0,5,14,0,19,0,6,29,0,35,0,11,43,0,54,24,0,24,78
09/18/2020,SQL,CA,AWP,WE,Federal Contract Tower,0,9,4,0,13,0,19,40,0,59,0,28,44,0,72,42,0,42,114
09/19/2020,SQL,CA,AWP,WE,Federal Contract Tower,0,5,12,0,17,0,32,79,0,111,0,37,91,0,128,130,0,130,258
09/20/2020,SQL,CA,AWP,WE,Federal Contract Tower,0,6,9,0,15,0,27,112,0,139,0,33,121,0,154,118,0,118,272
09/21/2020,SQL,CA,AWP,WE,Federal Contract Tower,0,5,0,0,5,0,16,73,0,89,0,21,73,0,94,110,0,110,204
09/22/2020,SQL,CA,AWP,WE,Federal Contract Tower,0,7,7,0,14,0,26,99,0,125,0,33,106,0,139,186,0,186,325
09/23/2020,SQL,CA,AWP,WE,Federal Contract Tower,0,1,3,0,4,0,14,81,0,95,0,15,84,0,99,138,0,138,237
09/24/2020,SQL,CA,AWP,WE,Federal Contract Tower,0,6,10,0,16,0,20,129,0,149,0,26,139,0,165,112,0,112,277
09/25/2020,SQL,CA,AWP,WE,Federal Contract Tower,0,10,9,0,19,0,16,27,0,43,0,26,36,0,62,20,0,20,82
09/26/2020,SQL,CA,AWP,WE,Federal Contract Tower,0,3,5,0,8,0,22,69,0,91,0,25,74,0,99,52,0,52,151
09/27/2020,SQL,CA,AWP,WE,Federal Contract Tower,0,9,8,0,17,0,25,86,0,111,0,34,94,0,128,124,0,124,252
09/28/2020,SQL,CA,AWP,WE,Federal Contract Tower,0,7,9,0,16,0,18,61,0,79,0,25,70,0,95,100,0,100,195
09/29/2020,SQL,CA,AWP,WE,Federal Contract Tower,0,4,6,0,10,0,18,74,0,92,0,22,80,0,102,214,0,214,316
09/30/2020,SQL,CA,AWP,WE,Federal Contract Tower,0,5,11,0,16,0,14,42,0,56,0,19,53,0,72,60,0,60,132
10/01/2020,SQL,CA,AWP,WE,Federal Contract Tower,0,7,14,0,21,0,4,20,0,24,0,11,34,0,45,32,0,32,77
10/02/2020,SQL,CA,AWP,WE,Federal Contract Tower,0,24,17,0,41,0,3,15,0,18,0,27,32,0,59,14,0,14,73
10/03/2020,SQL,CA,AWP,WE,Federal Contract Tower,0,1,12,0,13,0,6,54,0,60,0,7,66,0,73,154,0,154,227
10/04/2020,SQL,CA,AWP,WE,Federal Contract Tower,0,11,6,0,17,0,23,84,0,107,0,34,90,0,124,98,0,98,222
10/05/2020,SQL,CA,AWP,WE,Federal Contract Tower,0,2,14,0,16,0,7,52,0,59,0,9,66,0,75,68,0,68,143
10/06/2020,SQL,CA,AWP,WE,Federal Contract Tower,0,4,2,0,6,0,22,71,0,93,0,26,73,0,99,174,0,174,273
10/07/2020,SQL,CA,AWP,WE,Federal Contract Tower,0,0,0,0,0,0,11,53,0,64,0,11,53,0,64,166,0,166,230
10/08/2020,SQL,CA,AWP,WE,Federal Contract Tower,0,11,4,0,15,0,5,25,0,30,0,16,29,0,45,76,0,76,121
10/09/2020,SQL,CA,AWP,WE,Federal Contract Tower,0,12,19,0,31,0,7,18,0,25,0,19,37,0,56,46,0,46,102
10/10/2020,SQL,CA,AWP,WE,Federal Contract Tower,0,0,0,0,0,0,11,73,0,84,0,11,73,0,84,88,0,88,172
10/11/2020,SQL,CA,AWP,WE,Federal Contract Tower,0,6,8,0,14,0,41,143,0,184,0,47,151,0,198,116,0,116,314
10/12/2020,SQL,CA,AWP,WE,Federal Contract Tower,0,7,11,0,18,0,22,92,0,114,0,29,103,0,132,112,0,112,244
10/13/2020,SQL,CA,AWP,WE,Federal Contract Tower,0,4,6,0,10,0,24,88,0,112,0,28,94,0,122,138,0,138,260
10/14/2020,SQL,CA,AWP,WE,Federal Contract Tower,0,7,6,0,13,0,29,80,0,109,0,36,86,0,122,114,0,114,236
10/15/2020,SQL,CA,AWP,WE,Federal Contract Tower,0,5,9,0,14,0,11,55,0,66,0,16,64,0,80,42,0,42,122
10/16/2020,SQL,CA,AWP,WE,Federal Contract Tower,0,9,1,0,10,0,15,62,0,77,0,24,63,0,87,64,0,64,151
10/17/2020,SQL,CA,AWP,WE,Federal Contract Tower,0,2,2,0,4,0,32,132,0,164,0,34,134,0,168,58,0,58,226
10/18/2020,SQL,CA,AWP,WE,Federal Contract Tower,0,8,9,0,17,0,35,133,0,168,0,43,142,0,185,94,0,94,279
10/19/2020,SQL,CA,AWP,WE,Federal Contract Tower,0,6,1,0,7,0,12,63,0,75,0,18,64,0,82,234,0,234,316
10/20/2020,SQL,CA,AWP,WE,Federal Contract Tower,0,4,6,0,10,0,26,92,0,118,0,30,98,0,128,168,0,168,296
10/21/2020,SQL,CA,AWP,WE,Federal Contract Tower,0,7,8,0,15,0,23,95,0,118,0,30,103,0,133,72,0,72,205
10/22/2020,SQL,CA,AWP,WE,Federal Contract Tower,0,8,6,0,14,0,15,34,0,49,0,23,40,0,63,24,0,24,87
10/23/2020,SQL,CA,AWP,WE,Federal Contract Tower,0,8,9,0,17,0,23,37,0,60,0,31,46,0,77,38,0,38,115
10/24/2020,SQL,CA,AWP,WE,Federal Contract Tower,0,0,26,0,26,0,8,63,0,71,0,8,89,0,97,184,0,184,281
10/25/2020,SQL,CA,AWP,WE,Federal Contract Tower,0,14,18,0,32,0,23,71,0,94,0,37,89,0,126,204,0,204,330
10/26/2020,SQL,CA,AWP,WE,Federal Contract Tower,0,5,2,0,7,0,7,45,0,52,0,12,47,0,59,76,0,76,135
10/27/2020,SQL,CA,AWP,WE,Federal Contract Tower,0,5,4,0,9,0,9,83,0,92,0,14,87,0,101,88,0,88,189
10/28/2020,SQL,CA,AWP,WE,Federal Contract Tower,0,4,5,0,9,0,22,108,0,130,0,26,113,0,139,74,0,74,213
10/29/2020,SQL,CA,AWP,WE,Federal Contract Tower,0,11,8,0,19,0,12,39,0,51,0,23,47,0,70,32,0,32,102
10/30/2020,SQL,CA,AWP,WE,Federal Contract Tower,0,8,1,0,9,0,17,32,0,49,0,25,33,0,58,40,0,40,98
10/31/2020,SQL,CA,AWP,WE,Federal Contract Tower,0,0,5,0,5,0,22,78,0,100,0,22,83,0,105,64,0,64,169
11/01/2020,SQL,CA,AWP,WE,Federal Contract Tower,0,7,3,0,10,0,23,77,0,100,0,30,80,0,110,124,0,124,234
11/02/2020,SQL,CA,AWP,WE,Federal Contract Tower,0,4,2,0,6,0,9,42,0,51,0,13,44,0,57,62,0,62,119
11/03/2020,SQL,CA,AWP,WE,Federal Contract Tower,0,8,6,0,14,0,27,88,0,115,0,35,94,0,129,92,0,92,221
11/04/2020,SQL,CA,AWP,WE,Federal Contract Tower,0,5,4,0,9,0,25,78,0,103,0,30,82,0,112,90,0,90,202
11/05/2020,SQL,CA,AWP,WE,Federal Contract Tower,0,4,7,0,11,0,8,19,0,27,0,12,26,0,38,16,0,16,54
11/06/2020,SQL,CA,AWP,WE,Federal Contract Tower,0,10,1,0,11,0,3,4,0,7,0,13,5,0,18,10,0,10,28
11/07/2020,SQL,CA,AWP,WE,Federal Contract Tower,0,1,5,0,6,0,14,42,0,56,0,15,47,0,62,86,0,86,148
11/08/2020,SQL,CA,AWP,WE,Federal Contract Tower,0,7,1,0,8,0,5,19,0,24,0,12,20,0,32,20,0,20,52
11/09/2020,SQL,CA,AWP,WE,Federal Contract Tower,0,6,11,0,17,0,21,91,0,112,0,27,102,0,129,114,0,114,243
11/10/2020,SQL,CA,AWP,WE,Federal Contract Tower,0,6,7,0,13,0,40,108,0,148,0,46,115,0,161,112,0,112,273
11/11/2020,SQL,CA,AWP,WE,Federal Contract Tower,0,6,20,0,26,0,17,71,0,88,0,23,91,0,114,210,0,210,324
11/12/2020,SQL,CA,AWP,WE,Federal Contract Tower,0,11,6,0,17,0,10,42,0,52,0,21,48,0,69,22,0,22,91
11/13/2020,SQL,CA,AWP,WE,Federal Contract Tower,0,8,7,0,15,0,9,8,0,17,0,17,15,0,32,24,0,24,56
11/14/2020,SQL,CA,AWP,WE,Federal Contract Tower,0,4,17,0,21,0,18,73,0,91,0,22,90,0,112,100,0,100,212
11/15/2020,SQL,CA,AWP,WE,Federal Contract Tower,0,11,5,0,16,0,41,113,0,154,0,52,118,0,170,90,0,90,260
11/16/2020,SQL,CA,AWP,WE,Federal Contract Tower,0,7,8,0,15,0,15,89,0,104,0,22,97,0,119,120,0,120,239
11/17/2020,SQL,CA,AWP,WE,Federal Contract Tower,0,4,3,0,7,0,2,5,0,7,0,6,8,0,14,0,0,0,14
11/18/2020,SQL,CA,AWP,WE,Federal Contract Tower,0,11,9,0,20,0,1,32,0,33,0,12,41,0,53,132,0,132,185
11/19/2020,SQL,CA,AWP,WE,Federal Contract Tower,0,7,7,0,14,0,11,51,0,62,0,18,58,0,76,62,0,62,138
11/20/2020,SQL,CA,AWP,WE,Federal Contract Tower,0,9,7,0,16,0,25,62,0,87,0,34,69,0,103,52,0,52,155
11/21/2020,SQL,CA,AWP,WE,Federal Contract Tower,0,2,6,0,8,0,26,47,0,73,0,28,53,0,81,50,0,50,131
11/22/2020,SQL,CA,AWP,WE,Federal Contract Tower,0,12,12,0,24,0,53,85,0,138,0,65,97,0,162,80,0,80,242
11/23/2020,SQL,CA,AWP,WE,Federal Contract Tower,0,7,7,0,14,0,18,52,0,70,0,25,59,0,84,74,0,74,158
11/24/2020,SQL,CA,AWP,WE,Federal Contract Tower,0,8,8,0,16,0,39,110,0,149,0,47,118,0,165,122,0,122,287
11/25/2020,SQL,CA,AWP,WE,Federal Contract Tower,0,8,5,0,13,0,18,64,0,82,0,26,69,0,95,116,0,116,211
11/26/2020,SQL,CA,AWP,WE,Federal Contract Tower,0,0,1,0,1,0,10,35,0,45,0,10,36,0,46,54,0,54,100
11/27/2020,SQL,CA,AWP,WE,Federal Contract Tower,0,4,4,0,8,0,28,121,0,149,0,32,125,0,157,120,0,120,277
11/28/2020,SQL,CA,AWP,WE,Federal Contract Tower,0,3,4,0,7,0,33,97,0,130,0,36,101,0,137,54,0,54,191
11/29/2020,SQL,CA,AWP,WE,Federal Contract Tower,0,7,10,0,17,0,36,104,0,140,0,43,114,0,157,116,0,116,273
11/30/2020,SQL,CA,AWP,WE,Federal Contract Tower,0,5,10,0,15,0,14,54,0,68,0,19,64,0,83,82,0,82,165
12/01/2020,SQL,CA,AWP,WE,Federal Contract Tower,0,0,5,0,5,0,28,55,0,83,0,28,60,0,88,120,0,120,208
12/02/2020,SQL,CA,AWP,WE,Federal Contract Tower,0,3,0,0,3,0,21,40,0,61,0,24,40,0,64,44,0,44,108
12/03/2020,SQL,CA,AWP,WE,Federal Contract Tower,0,4,8,0,12,0,25,66,0,91,0,29,74,0,103,142,0,142,245
12/04/2020,SQL,CA,AWP,WE,Federal Contract Tower,0,8,5,0,13,0,18,95,0,113,0,26,100,0,126,86,0,86,212
12/05/2020,SQL,CA,AWP,WE,Federal Contract Tower,0,2,3,0,5,0,31,71,0,102,0,33,74,0,107,114,0,114,221
12/06/2020,SQL,CA,AWP,WE,Federal Contract Tower,0,8,15,0,23,0,24,61,0,85,0,32,76,0,108,114,0,114,222
12/07/2020,SQL,CA,AWP,WE,Federal Contract Tower,0,10,0,0,10,0,13,51,0,64,0,23,51,0,74,56,0,56,130
12/08/2020,SQL,CA,AWP,WE,Federal Contract Tower,0,2,1,0,3,0,25,88,0,113,0,27,89,0,116,54,0,54,170
12/09/2020,SQL,CA,AWP,WE,Federal Contract Tower,0,4,4,0,8,0,29,62,0,91,0,33,66,0,99,178,0,178,277
12/10/2020,SQL,CA,AWP,WE,Federal Contract Tower,0,5,2,0,7,0,25,63,2,90,0,30,65,2,97,80,0,80,177
12/11/2020,SQL,CA,AWP,WE,Federal Contract Tower,0,5,8,0,13,0,24,73,0,97,0,29,81,0,110,92,0,92,202
12/12/2020,SQL,CA,AWP,WE,Federal Contract Tower,0,5,19,0,24,0,3,6,1,10,0,8,25,1,34,66,0,66,100
12/13/2020,SQL,CA,AWP,WE,Federal Contract Tower,0,7,17,0,24,0,1,7,0,8,0,8,24,0,32,14,0,14,46
12/14/2020,SQL,CA,AWP,WE,Federal Contract Tower,0,9,7,0,16,0,37,84,0,121,0,46,91,0,137,168,0,168,305
12/15/2020,SQL,CA,AWP,WE,Federal Contract Tower,0,3,2,0,5,0,26,41,0,67,0,29,43,0,72,106,0,106,178
12/16/2020,SQL,CA,AWP,WE,Federal Contract Tower,0,3,4,0,7,0,25,80,0,105,0,28,84,0,112,126,0,126,238
12/17/2020,SQL,CA,AWP,WE,Federal Contract Tower,0,7,12,0,19,0,6,17,0,23,0,13,29,0,42,0,0,0,42
12/18/2020,SQL,CA,AWP,WE,Federal Contract Tower,0,8,2,0,10,0,37,106,0,143,0,45,108,0,153,208,0,208,361
12/19/2020,SQL,CA,AWP,WE,Federal Contract Tower,0,1,7,0,8,0,26,79,0,105,0,27,86,0,113,232,0,232,345
12/20/2020,SQL,CA,AWP,WE,Federal Contract Tower,0,9,3,0,12,0,26,100,0,126,0,35,103,0,138,180,0,180,318
12/21/2020,SQL,CA,AWP,WE,Federal Contract Tower,0,10,4,0,14,0,20,63,0,83,0,30,67,0,97,108,0,108,205
12/22/2020,SQL,CA,AWP,WE,Federal Contract Tower,0,9,6,0,15,0,31,48,0,79,0,40,54,0,94,128,0,128,222
12/23/2020,SQL,CA,AWP,WE,Federal Contract Tower,0,4,3,0,7,0,31,79,2,112,0,35,82,2,119,88,2,90,209
12/24/2020,SQL,CA,AWP,WE,Federal Contract Tower,0,0,10,0,10,0,8,43,0,51,0,8,53,0,61,128,0,128,189
12/25/2020,SQL,CA,AWP,WE,Federal Contract Tower,0,0,1,0,1,0,2,0,0,2,0,2,1,0,3,0,0,0,3
12/26/2020,SQL,CA,AWP,WE,Federal Contract Tower,0,5,13,0,18,0,6,37,0,43,0,11,50,0,61,76,0,76,137
12/27/2020,SQL,CA,AWP,WE,Federal Contract Tower,0,7,12,0,19,0,26,72,0,98,0,33,84,0,117,52,0,52,169
12/28/2020,SQL,CA,AWP,WE,Federal Contract Tower,0,6,10,0,16,0,11,32,0,43,0,17,42,0,59,102,0,102,161
12/29/2020,SQL,CA,AWP,WE,Federal Contract Tower,0,5,5,0,10,0,43,115,0,158,0,48,120,0,168,118,0,118,286
12/30/2020,SQL,CA,AWP,WE,Federal Contract Tower,0,3,2,0,5,0,28,79,0,107,0,31,81,0,112,80,0,80,192
12/31/2020,SQL,CA,AWP,WE,Federal Contract Tower,0,5,1,0,6,0,29,59,0,88,0,34,60,0,94,94,0,94,188
01/01/2021,SQL,CA,AWP,WE,Federal Contract Tower,0,0,3,0,3,0,15,60,0,75,0,15,63,0,78,38,0,38,116
01/02/2021,SQL,CA,AWP,WE,Federal Contract Tower,0,7,26,0,33,0,0,2,0,2,0,7,28,0,35,8,0,8,43
01/03/2021,SQL,CA,AWP,WE,Federal Contract Tower,0,2,19,0,21,0,0,2,0,2,0,2,21,0,23,8,0,8,31
01/04/2021,SQL,CA,AWP,WE,Federal Contract Tower,0,6,2,1,9,0,2,9,1,12,0,8,11,2,21,8,0,8,29
01/05/2021,SQL,CA,AWP,WE,Federal Contract Tower,0,4,4,0,8,0,24,67,0,91,0,28,71,0,99,182,0,182,281
01/06/2021,SQL,CA,AWP,WE,Federal Contract Tower,0,3,5,0,8,0,10,26,0,36,0,13,31,0,44,72,0,72,116
01/07/2021,SQL,CA,AWP,WE,Federal Contract Tower,0,4,8,0,12,0,13,24,0,37,0,17,32,0,49,84,0,84,133
01/08/2021,SQL,CA,AWP,WE,Federal Contract Tower,0,14,12,0,26,0,16,44,0,60,0,30,56,0,86,198,0,198,284
01/09/2021,SQL,CA,AWP,WE,Federal Contract Tower,0,0,7,0,7,0,44,145,0,189,0,44,152,0,196,152,0,152,348
01/10/2021,SQL,CA,AWP,WE,Federal Contract Tower,0,11,20,0,31,0,36,72,0,108,0,47,92,0,139,120,0,120,259
01/11/2021,SQL,CA,AWP,WE,Federal Contract Tower,0,6,3,0,9,0,19,57,0,76,0,25,60,0,85,20,0,20,105
01/12/2021,SQL,CA,AWP,WE,Federal Contract Tower,0,4,4,0,8,0,20,32,0,52,0,24,36,0,60,136,0,136,196
01/13/2021,SQL,CA,AWP,WE,Federal Contract Tower,0,4,14,0,18,0,16,45,0,61,0,20,59,0,79,92,0,92,171
01/14/2021,SQL,CA,AWP,WE,Federal Contract Tower,0,6,2,0,8,0,25,64,0,89,0,31,66,0,97,50,0,50,147
01/15/2021,SQL,CA,AWP,WE,Federal Contract Tower,0,8,0,0,8,0,26,65,0,91,0,34,65,0,99,66,0,66,165
01/16/2021,SQL,CA,AWP,WE,Federal Contract Tower,0,2,7,0,9,0,42,93,0,135,0,44,100,0,144,52,0,52,196
01/17/2021,SQL,CA,AWP,WE,Federal Contract Tower,0,11,8,0,19,0,38,101,0,139,0,49,109,0,158,92,0,92,250
01/18/2021,SQL,CA,AWP,WE,Federal Contract Tower,0,12,5,0,17,0,18,53,0,71,0,30,58,0,88,38,0,38,126
01/19/2021,SQL,CA,AWP,WE,Federal Contract Tower,0,5,2,0,7,0,2,17,0,19,0,7,19,0,26,0,0,0,26
01/20/2021,SQL,CA,AWP,WE,Federal Contract Tower,0,4,6,0,10,0,28,81,0,109,0,32,87,0,119,186,0,186,305
01/21/2021,SQL,CA,AWP,WE,Federal Contract Tower,0,6,5,0,11,0,23,52,0,75,0,29,57,0,86,42,0,42,128
01/22/2021,SQL,CA,AWP,WE,Federal Contract Tower,0,6,9,1,16,0,9,13,0,22,0,15,22,1,38,96,0,96,134
01/23/2021,SQL,CA,AWP,WE,Federal Contract Tower,0,2,13,0,15,0,55,125,0,180,0,57,138,0,195,224,0,224,419
01/24/2021,SQL,CA,AWP,WE,Federal Contract Tower,0,9,7,0,16,0,5,5,0,10,0,14,12,0,26,104,0,104,130
01/25/2021,SQL,CA,AWP,WE,Federal Contract Tower,0,4,0,0,4,0,4,12,0,16,0,8,12,0,20,6,0,6,26
01/26/2021,SQL,CA,AWP,WE,Federal Contract Tower,0,3,6,0,9,0,21,30,0,51,0,24,36,0,60,72,0,72,132
01/27/2021,SQL,CA,AWP,WE,Federal Contract Tower,0,3,0,0,3,0,4,5,0,9,0,7,5,0,12,12,0,12,24
01/28/2021,SQL,CA,AWP,WE,Federal Contract Tower,0,5,0,0,5,0,1,1,0,2,0,6,1,0,7,36,0,36,43
01/29/2021,SQL,CA,AWP,WE,Federal Contract Tower,0,9,9,0,18,0,34,49,0,83,0,43,58,0,101,123,0,123,224
01/30/2021,SQL,CA,AWP,WE,Federal Contract Tower,0,7,14,0,21,0,28,47,0,75,0,35,61,0,96,66,0,66,162
01/31/2021,SQL,CA,AWP,WE,Federal Contract Tower,0,12,9,0,21,0,54,93,0,147,0,66,102,0,168,132,0,132,300
02/01/2021,SQL,CA,AWP,WE,Federal Contract Tower,0,10,4,0,14,0,5,22,0,27,0,15,26,0,41,52,8,60,101
02/02/2021,SQL,CA,AWP,WE,Federal Contract Tower,0,5,2,0,7,0,4,16,0,20,0,9,18,0,27,102,0,102,129
02/03/2021,SQL,CA,AWP,WE,Federal Contract Tower,0,5,16,0,21,0,21,30,2,53,0,26,46,2,74,54,0,54,128
02/04/2021,SQL,CA,AWP,WE,Federal Contract Tower,0,4,2,0,6,0,29,63,0,92,0,33,65,0,98,172,0,172,270
02/05/2021,SQL,CA,AWP,WE,Federal Contract Tower,0,11,7,0,18,0,58,121,0,179,0,69,128,0,197,244,0,244,441
02/06/2021,SQL,CA,AWP,WE,Federal Contract Tower,0,1,7,0,8,0,50,173,0,223,0,51,180,0,231,220,0,220,451
02/07/2021,SQL,CA,AWP,WE,Federal Contract Tower,0,9,9,0,18,0,50,108,0,158,0,59,117,0,176,128,0,128,304
02/08/2021,SQL,CA,AWP,WE,Federal Contract Tower,0,6,7,0,13,0,12,45,0,57,0,18,52,0,70,56,0,56,126
02/09/2021,SQL,CA,AWP,WE,Federal Contract Tower,0,9,7,0,16,0,9,38,0,47,0,18,45,0,63,156,0,156,219
02/10/2021,SQL,CA,AWP,WE,Federal Contract Tower,0,7,4,0,11,0,33,93,0,126,0,40,97,0,137,106,0,106,243
02/11/2021,SQL,CA,AWP,WE,Federal Contract Tower,0,10,10,0,20,0,8,33,0,41,0,18,43,0,61,60,0,60,121
02/12/2021,SQL,CA,AWP,WE,Federal Contract Tower,0,11,13,0,24,0,30,55,0,85,0,41,68,0,109,116,0,116,225
02/13/2021,SQL,CA,AWP,WE,Federal Contract Tower,0,9,4,0,13,0,6,16,0,22,0,15,20,0,35,22,0,22,57
02/14/2021,SQL,CA,AWP,WE,Federal Contract Tower,0,18,14,0,32,0,25,59,0,84,0,43,73,0,116,152,0,152,268
02/16/2021,SQL,CA,AWP,WE,Federal Contract Tower,0,5,10,0,15,0,25,50,0,75,0,30,60,0,90,96,0,96,186
02/17/2021,SQL,CA,AWP,WE,Federal Contract Tower,0,7,8,0,15,0,42,107,0,149,0,49,115,0,164,152,0,152,316
02/18/2021,SQL,CA,AWP,WE,Federal Contract Tower,0,8,3,0,11,0,0,0,0,0,0,8,3,0,11,54,0,54,65
02/19/2021,SQL,CA,AWP,WE,Federal Contract Tower,0,19,20,0,39,0,8,30,1,39,0,27,50,1,78,114,0,114,192
02/20/2021,SQL,CA,AWP,WE,Federal Contract Tower,0,2,14,0,16,0,25,46,0,71,0,27,60,0,87,112,0,112,199
02/21/2021,SQL,CA,AWP,WE,Federal Contract Tower,0,7,10,0,17,0,56,178,0,234,0,63,188,0,251,115,0,115,366
02/22/2021,SQL,CA,AWP,WE,Federal Contract Tower,0,9,6,0,15,0,19,81,0,100,0,28,87,0,115,102,0,102,217
02/23/2021,SQL,CA,AWP,WE,Federal Contract Tower,0,4,6,0,10,0,22,67,0,89,0,26,73,0,99,104,0,104,203
02/24/2021,SQL,CA,AWP,WE,Federal Contract Tower,0,4,7,0,11,0,16,35,0,51,0,20,42,0,62,62,0,62,124
02/25/2021,SQL,CA,AWP,WE,Federal Contract Tower,0,5,2,0,7,0,26,63,0,89,0,31,65,0,96,62,0,62,158
02/26/2021,SQL,CA,AWP,WE,Federal Contract Tower,0,8,8,0,16,0,25,78,0,103,0,33,86,0,119,66,0,66,185
02/27/2021,SQL,CA,AWP,WE,Federal Contract Tower,0,3,7,0,10,0,28,89,0,117,0,31,96,0,127,92,0,92,219
02/28/2021,SQL,CA,AWP,WE,Federal Contract Tower,0,10,4,0,14,0,53,131,0,184,0,63,135,0,198,250,0,250,448
03/01/2021,SQL,CA,AWP,WE,Federal Contract Tower,0,7,7,0,14,0,22,64,0,86,0,29,71,0,100,106,0,106,206
03/02/2021,SQL,CA,AWP,WE,Federal Contract Tower,0,4,0,0,4,0,20,59,0,79,0,24,59,0,83,144,0,144,227
03/03/2021,SQL,CA,AWP,WE,Federal Contract Tower,0,5,4,0,9,0,29,66,0,95,0,34,70,0,104,110,0,110,214
03/04/2021,SQL,CA,AWP,WE,Federal Contract Tower,0,8,5,0,13,0,29,84,0,113,0,37,89,0,126,174,0,174,300
03/05/2021,SQL,CA,AWP,WE,Federal Contract Tower,0,11,5,0,16,0,29,56,0,85,0,40,61,0,101,150,0,150,251
03/06/2021,SQL,CA,AWP,WE,Federal Contract Tower,0,1,4,0,5,0,43,87,0,130,0,44,91,0,135,158,0,158,293
03/07/2021,SQL,CA,AWP,WE,Federal Contract Tower,0,11,10,0,21,0,44,119,0,163,0,55,129,0,184,150,0,150,334
03/09/2021,SQL,CA,AWP,WE,Federal Contract Tower,0,5,8,0,13,0,5,10,0,15,0,10,18,0,28,48,0,48,76
03/10/2021,SQL,CA,AWP,WE,Federal Contract Tower,0,4,6,0,10,0,0,10,2,12,0,4,16,2,22,0,0,0,22
03/11/2021,SQL,CA,AWP,WE,Federal Contract Tower,0,8,5,1,14,0,9,37,0,46,0,17,42,1,60,172,0,172,232
03/12/2021,SQL,CA,AWP,WE,Federal Contract Tower,0,8,4,0,12,0,50,88,0,138,0,58,92,0,150,260,0,260,410
03/13/2021,SQL,CA,AWP,WE,Federal Contract Tower,0,6,22,0,28,0,34,67,0,101,0,40,89,0,129,67,0,67,196
03/14/2021,SQL,CA,AWP,WE,Federal Contract Tower,0,12,12,0,24,0,18,56,0,74,0,30,68,0,98,108,0,108,206
03/15/2021,SQL,CA,AWP,WE,Federal Contract Tower,0,4,2,0,6,0,3,11,0,14,0,7,13,0,20,24,0,24,44
03/16/2021,SQL,CA,AWP,WE,Federal Contract Tower,0,6,0,0,6,0,29,100,0,129,0,35,100,0,135,144,0,144,279
03/17/2021,SQL,CA,AWP,WE,Federal Contract Tower,0,5,5,0,10,0,36,93,0,129,0,41,98,0,139,166,0,166,305
03/18/2021,SQL,CA,AWP,WE,Federal Contract Tower,0,8,6,0,14,0,1,12,0,13,0,9,18,0,27,102,0,102,129
03/19/2021,SQL,CA,AWP,WE,Federal Contract Tower,0,16,10,0,26,0,14,48,0,62,0,30,58,0,88,200,0,200,288
03/20/2021,SQL,CA,AWP,WE,Federal Contract Tower,0,5,6,0,11,0,58,127,0,185,0,63,133,0,196,246,0,246,442
03/21/2021,SQL,CA,AWP,WE,Federal Contract Tower,0,10,6,0,16,0,45,155,0,200,0,55,161,0,216,132,0,132,348
03/22/2021,SQL,CA,AWP,WE,Federal Contract Tower,0,5,4,0,9,0,5,33,0,38,0,10,37,0,47,12,0,12,59
03/23/2021,SQL,CA,AWP,WE,Federal Contract Tower,0,4,3,0,7,0,17,33,0,50,0,21,36,0,57,26,0,26,83
03/24/2021,SQL,CA,AWP,WE,Federal Contract Tower,0,6,6,0,12,0,30,60,2,92,0,36,66,2,104,96,0,96,200
03/25/2021,SQL,CA,AWP,WE,Federal Contract Tower,0,13,9,0,22,0,9,24,0,33,0,22,33,0,55,138,0,138,193
03/26/2021,SQL,CA,AWP,WE,Federal Contract Tower,0,9,4,0,13,0,37,99,0,136,0,46,103,0,149,156,0,156,305
03/27/2021,SQL,CA,AWP,WE,Federal Contract Tower,0,0,3,0,3,0,49,155,0,204,0,49,158,0,207,220,0,220,427
03/28/2021,SQL,CA,AWP,WE,Federal Contract Tower,0,11,8,0,19,0,65,147,0,212,0,76,155,0,231,134,0,134,365
03/29/2021,SQL,CA,AWP,WE,Federal Contract Tower,0,6,6,0,12,0,13,60,0,73,0,19,66,0,85,6,0,6,91
03/30/2021,SQL,CA,AWP,WE,Federal Contract Tower,0,5,9,0,14,0,30,77,0,107,0,35,86,0,121,182,0,182,303
03/31/2021,SQL,CA,AWP,WE,Federal Contract Tower,0,4,13,0,17,0,35,104,0,139,0,39,117,0,156,188,0,188,344
04/01/2021,SQL,CA,AWP,WE,Federal Contract Tower,0,10,3,2,15,0,28,88,0,116,0,38,91,2,131,118,0,118,249
04/02/2021,SQL,CA,AWP,WE,Federal Contract Tower,0,17,6,0,23,0,49,92,0,141,0,66,98,0,164,136,0,136,300
04/03/2021,SQL,CA,AWP,WE,Federal Contract Tower,0,6,15,0,21,0,27,78,0,105,0,33,93,0,126,96,0,96,222
04/04/2021,SQL,CA,AWP,WE,Federal Contract Tower,0,11,6,0,17,0,32,76,0,108,0,43,82,0,125,220,0,220,345
04/05/2021,SQL,CA,AWP,WE,Federal Contract Tower,0,11,6,0,17,0,10,24,0,34,0,21,30,0,51,128,0,128,179
04/06/2021,SQL,CA,AWP,WE,Federal Contract Tower,0,9,12,0,21,0,26,63,0,89,0,35,75,0,110,184,0,184,294
04/07/2021,SQL,CA,AWP,WE,Federal Contract Tower,0,7,11,0,18,0,25,61,0,86,0,32,72,0,104,84,0,84,188
04/08/2021,SQL,CA,AWP,WE,Federal Contract Tower,0,12,7,0,19,0,19,43,0,62,0,31,50,0,81,124,0,124,205
04/09/2021,SQL,CA,AWP,WE,Federal Contract Tower,0,7,8,0,15,0,19,30,0,49,0,26,38,0,64,26,0,26,90
04/10/2021,SQL,CA,AWP,WE,Federal Contract Tower,0,6,4,0,10,0,61,101,0,162,0,67,105,0,172,172,0,172,344
04/11/2021,SQL,CA,AWP,WE,Federal Contract Tower,0,13,10,0,23,0,55,132,0,187,0,68,142,0,210,170,0,170,380
04/12/2021,SQL,CA,AWP,WE,Federal Contract Tower,0,6,3,0,9,0,26,70,0,96,0,32,73,0,105,88,0,88,193
04/13/2021,SQL,CA,AWP,WE,Federal Contract Tower,0,8,3,0,11,0,11,35,0,46,0,19,38,0,57,78,0,78,135
04/14/2021,SQL,CA,AWP,WE,Federal Contract Tower,0,7,6,0,13,0,27,81,0,108,0,34,87,0,121,144,0,144,265
04/15/2021,SQL,CA,AWP,WE,Federal Contract Tower,0,11,4,0,15,0,22,37,0,59,0,33,41,0,74,84,0,84,158
04/16/2021,SQL,CA,AWP,WE,Federal Contract Tower,0,10,3,0,13,0,21,60,0,81,0,31,63,0,94,236,0,236,330
04/17/2021,SQL,CA,AWP,WE,Federal Contract Tower,0,2,11,0,13,0,21,53,0,74,0,23,64,0,87,100,0,100,187
04/18/2021,SQL,CA,AWP,WE,Federal Contract Tower,0,14,4,0,18,0,36,172,0,208,0,50,176,0,226,184,0,184,410
04/19/2021,SQL,CA,AWP,WE,Federal Contract Tower,0,11,10,0,21,0,24,64,0,88,0,35,74,0,109,176,0,176,285
04/20/2021,SQL,CA,AWP,WE,Federal Contract Tower,0,10,3,0,13,0,3,12,0,15,0,13,15,0,28,76,0,76,104
04/21/2021,SQL,CA,AWP,WE,Federal Contract Tower,0,5,7,0,12,0,20,34,0,54,0,25,41,0,66,70,0,70,136
04/22/2021,SQL,CA,AWP,WE,Federal Contract Tower,0,12,5,0,17,0,18,41,0,59,0,30,46,0,76,108,2,110,186
04/23/2021,SQL,CA,AWP,WE,Federal Contract Tower,0,8,7,0,15,0,19,36,0,55,0,27,43,0,70,54,0,54,124
04/24/2021,SQL,CA,AWP,WE,Federal Contract Tower,0,4,10,0,14,0,31,58,0,89,0,35,68,0,103,124,0,124,227
04/25/2021,SQL,CA,AWP,WE,Federal Contract Tower,0,13,21,0,34,0,10,28,0,38,0,23,49,0,72,60,0,60,132
04/26/2021,SQL,CA,AWP,WE,Federal Contract Tower,0,10,0,0,10,0,17,39,0,56,0,27,39,0,66,76,0,76,142
04/27/2021,SQL,CA,AWP,WE,Federal Contract Tower,0,16,9,0,25,0,28,119,0,147,0,44,128,0,172,162,0,162,334
04/28/2021,SQL,CA,AWP,WE,Federal Contract Tower,0,7,9,0,16,0,62,99,0,161,0,69,108,0,177,126,0,126,303
04/29/2021,SQL,CA,AWP,WE,Federal Contract Tower,0,9,6,0,15,0,17,56,0,73,0,26,62,0,88,76,0,76,164
04/30/2021,SQL,CA,AWP,WE,Federal Contract Tower,0,15,9,0,24,0,30,49,0,79,0,45,58,0,103,36,0,36,139
05/01/2021,SQL,CA,AWP,WE,Federal Contract Tower,0,2,7,0,9,0,12,65,0,77,0,14,72,0,86,78,0,78,164
05/02/2021,SQL,CA,AWP,WE,Federal Contract Tower,0,11,7,0,18,0,47,108,0,155,0,58,115,0,173,118,0,118,291
05/03/2021,SQL,CA,AWP,WE,Federal Contract Tower,0,9,7,0,16,0,35,68,0,103,0,44,75,0,119,84,0,84,203
05/04/2021,SQL,CA,AWP,WE,Federal Contract Tower,0,8,4,0,12,0,35,85,0,120,0,43,89,0,132,86,0,86,218
05/05/2021,SQL,CA,AWP,WE,Federal Contract Tower,0,8,6,0,14,0,30,73,0,103,0,38,79,0,117,108,0,108,225
05/06/2021,SQL,CA,AWP,WE,Federal Contract Tower,0,16,7,0,23,0,21,36,0,57,0,37,43,0,80,72,0,72,152
05/07/2021,SQL,CA,AWP,WE,Federal Contract Tower,0,16,9,0,25,0,10,22,0,32,0,26,31,0,57,30,0,30,87
05/08/2021,SQL,CA,AWP,WE,Federal Contract Tower,0,5,2,0,7,0,21,56,0,77,0,26,58,0,84,82,0,82,166
05/09/2021,SQL,CA,AWP,WE,Federal Contract Tower,0,9,7,0,16,0,32,81,0,113,0,41,88,0,129,50,0,50,179
05/10/2021,SQL,CA,AWP,WE,Federal Contract Tower,0,10,7,0,17,0,24,56,0,80,0,34,63,0,97,92,0,92,189
05/11/2021,SQL,CA,AWP,WE,Federal Contract Tower,0,6,4,0,10,0,30,92,0,122,0,36,96,0,132,88,0,88,220
05/12/2021,SQL,CA,AWP,WE,Federal Contract Tower,0,6,1,0,7,0,25,79,2,106,0,31,80,2,113,130,0,130,243
05/13/2021,SQL,CA,AWP,WE,Federal Contract Tower,0,16,17,0,33,0,21,28,0,49,0,37,45,0,82,124,0,124,206
05/14/2021,SQL,CA,AWP,WE,Federal Contract Tower,0,14,10,0,24,0,12,33,0,45,0,26,43,0,69,78,4,82,151
05/15/2021,SQL,CA,AWP,WE,Federal Contract Tower,0,1,20,0,21,0,22,63,0,85,0,23,83,0,106,132,0,132,238
05/16/2021,SQL,CA,AWP,WE,Federal Contract Tower,0,11,10,0,21,0,26,46,0,72,0,37,56,0,93,112,0,112,205
05/17/2021,SQL,CA,AWP,WE,Federal Contract Tower,0,12,17,0,29,0,10,27,2,39,0,22,44,2,68,84,0,84,152
05/18/2021,SQL,CA,AWP,WE,Federal Contract Tower,0,13,4,0,17,0,29,82,0,111,0,42,86,0,128,140,0,140,268
05/19/2021,SQL,CA,AWP,WE,Federal Contract Tower,0,7,2,0,9,0,15,39,0,54,0,22,41,0,63,42,0,42,105
05/20/2021,SQL,CA,AWP,WE,Federal Contract Tower,0,12,3,0,15,0,8,30,0,38,0,20,33,0,53,32,0,32,85
05/21/2021,SQL,CA,AWP,WE,Federal Contract Tower,0,10,5,0,15,0,40,111,0,151,0,50,116,0,166,96,0,96,262
05/22/2021,SQL,CA,AWP,WE,Federal Contract Tower,0,2,6,0,8,0,63,169,0,232,0,65,175,0,240,120,0,120,360
05/23/2021,SQL,CA,AWP,WE,Federal Contract Tower,0,8,11,0,19,0,30,125,0,155,0,38,136,0,174,126,0,126,300
05/24/2021,SQL,CA,AWP,WE,Federal Contract Tower,0,4,12,0,16,0,22,55,0,77,0,26,67,0,93,72,0,72,165
05/25/2021,SQL,CA,AWP,WE,Federal Contract Tower,0,8,6,0,14,0,24,85,0,109,0,32,91,0,123,72,0,72,195
05/26/2021,SQL,CA,AWP,WE,Federal Contract Tower,0,9,5,0,14,0,33,85,0,118,0,42,90,0,132,136,0,136,268
05/27/2021,SQL,CA,AWP,WE,Federal Contract Tower,0,10,9,0,19,0,17,43,0,60,0,27,52,0,79,48,0,48,127
05/28/2021,SQL,CA,AWP,WE,Federal Contract Tower,0,10,7,0,17,0,44,82,0,126,0,54,89,0,143,128,0,128,271
05/29/2021,SQL,CA,AWP,WE,Federal Contract Tower,0,9,19,0,28,0,14,21,0,35,0,23,40,0,63,30,0,30,93
05/30/2021,SQL,CA,AWP,WE,Federal Contract Tower,0,9,3,0,12,0,19,81,0,100,0,28,84,0,112,0,0,0,112
05/31/2021,SQL,CA,AWP,WE,Federal Contract Tower,0,10,12,0,22,0,53,141,0,194,0,63,153,0,216,114,0,114,330
06/01/2021,SQL,CA,AWP,WE,Federal Contract Tower,0,10,4,0,14,0,31,85,0,116,0,41,89,0,130,122,0,122,252
06/02/2021,SQL,CA,AWP,WE,Federal Contract Tower,0,10,15,0,25,0,37,55,0,92,0,47,70,0,117,122,0,122,239
06/03/2021,SQL,CA,AWP,WE,Federal Contract Tower,0,11,9,0,20,0,27,56,0,83,0,38,65,0,103,158,0,158,261
06/04/2021,SQL,CA,AWP,WE,Federal Contract Tower,0,10,8,0,18,0,27,83,0,110,0,37,91,0,128,54,0,54,182
06/05/2021,SQL,CA,AWP,WE,Federal Contract Tower,0,1,9,0,10,0,44,81,0,125,0,45,90,0,135,78,0,78,213
06/06/2021,SQL,CA,AWP,WE,Federal Contract Tower,0,11,6,0,17,0,41,111,0,152,0,52,117,0,169,90,0,90,259
06/07/2021,SQL,CA,AWP,WE,Federal Contract Tower,0,10,4,0,14,0,23,43,0,66,0,33,47,0,80,16,0,16,96
06/08/2021,SQL,CA,AWP,WE,Federal Contract Tower,0,14,3,0,17,0,41,62,0,103,0,55,65,0,120,86,0,86,206
06/09/2021,SQL,CA,AWP,WE,Federal Contract Tower,0,6,6,0,12,0,43,66,2,111,0,49,72,2,123,52,0,52,175
06/10/2021,SQL,CA,AWP,WE,Federal Contract Tower,0,10,5,0,15,0,47,68,4,119,0,57,73,4,134,50,0,50,184
06/11/2021,SQL,CA,AWP,WE,Federal Contract Tower,0,13,8,0,21,0,11,31,0,42,0,24,39,0,63,30,0,30,93
06/12/2021,SQL,CA,AWP,WE,Federal Contract Tower,0,3,16,0,19,0,34,73,0,107,0,37,89,0,126,50,0,50,176
06/13/2021,SQL,CA,AWP,WE,Federal Contract Tower,0,11,8,0,19,0,58,111,0,169,0,69,119,0,188,78,0,78,266
06/14/2021,SQL,CA,AWP,WE,Federal Contract Tower,0,12,13,0,25,0,35,79,0,114,0,47,92,0,139,38,0,38,177
06/15/2021,SQL,CA,AWP,WE,Federal Contract Tower,0,9,2,0,11,0,38,57,0,95,0,47,59,0,106,74,0,74,180
06/16/2021,SQL,CA,AWP,WE,Federal Contract Tower,0,7,6,0,13,0,26,53,0,79,0,33,59,0,92,52,0,52,144
06/17/2021,SQL,CA,AWP,WE,Federal Contract Tower,0,10,3,0,13,0,23,49,0,72,0,33,52,0,85,26,0,26,111
06/18/2021,SQL,CA,AWP,WE,Federal Contract Tower,0,10,13,0,23,0,42,100,0,142,0,52,113,0,165,20,0,20,185
06/19/2021,SQL,CA,AWP,WE,Federal Contract Tower,0,2,13,0,15,0,27,70,0,97,0,29,83,0,112,94,0,94,206
06/20/2021,SQL,CA,AWP,WE,Federal Contract Tower,0,16,11,0,27,0,60,112,0,172,0,76,123,0,199,54,24,78,277
06/21/2021,SQL,CA,AWP,WE,Federal Contract Tower,0,9,8,0,17,0,18,50,0,68,0,27,58,0,85,84,0,84,169
06/22/2021,SQL,CA,AWP,WE,Federal Contract Tower,0,18,6,0,24,0,22,55,0,77,0,40,61,0,101,130,0,130,231
06/23/2021,SQL,CA,AWP,WE,Federal Contract Tower,0,10,5,0,15,0,32,38,0,70,0,42,43,0,85,30,0,30,115
06/24/2021,SQL,CA,AWP,WE,Federal Contract Tower,0,12,14,0,26,0,19,55,0,74,0,31,69,0,100,80,0,80,180
06/25/2021,SQL,CA,AWP,WE,Federal Contract Tower,0,8,10,0,18,0,0,0,0,0,0,8,10,0,18,138,0,138,156
06/26/2021,SQL,CA,AWP,WE,Federal Contract Tower,0,4,7,0,11,0,27,80,0,107,0,31,87,0,118,40,0,40,158
06/27/2021,SQL,CA,AWP,WE,Federal Contract Tower,0,17,7,0,24,0,30,102,0,132,0,47,109,0,156,100,0,100,256
06/28/2021,SQL,CA,AWP,WE,Federal Contract Tower,0,12,9,0,21,0,22,49,0,71,0,34,58,0,92,46,0,46,138
06/29/2021,SQL,CA,AWP,WE,Federal Contract Tower,0,12,6,0,18,0,32,64,0,96,0,44,70,0,114,122,0,122,236
06/30/2021,SQL,CA,AWP,WE,Federal Contract Tower,0,10,6,0,16,0,18,31,0,49,0,28,37,0,65,54,0,54,119
07/01/2021,SQL,CA,AWP,WE,Federal Contract Tower,0,17,10,0,27,0,35,79,0,114,0,52,89,0,141,50,0,50,191
07/02/2021,SQL,CA,AWP,WE,Federal Contract Tower,0,8,11,0,19,0,29,81,0,110,0,37,92,0,129,56,0,56,185
07/03/2021,SQL,CA,AWP,WE,Federal Contract Tower,0,7,12,0,19,0,9,46,0,55,0,16,58,0,74,46,0,46,120
07/04/2021,SQL,CA,AWP,WE,Federal Contract Tower,0,11,4,0,15,0,34,78,0,112,0,45,82,0,127,50,0,50,177
07/05/2021,SQL,CA,AWP,WE,Federal Contract Tower,0,10,13,0,23,0,25,55,0,80,0,35,68,0,103,80,0,80,183
07/06/2021,SQL,CA,AWP,WE,Federal Contract Tower,0,14,12,0,26,0,24,87,0,111,0,38,99,0,137,112,0,112,249
07/07/2021,SQL,CA,AWP,WE,Federal Contract Tower,0,14,14,0,28,0,13,48,0,61,0,27,62,0,89,42,0,42,131
07/08/2021,SQL,CA,AWP,WE,Federal Contract Tower,0,9,7,0,16,0,6,17,0,23,0,15,24,0,39,28,0,28,67
07/09/2021,SQL,CA,AWP,WE,Federal Contract Tower,0,11,9,0,20,0,0,0,0,0,0,11,9,0,20,112,0,112,132
07/10/2021,SQL,CA,AWP,WE,Federal Contract Tower,0,4,9,0,13,0,18,48,0,66,0,22,57,0,79,72,0,72,151
07/11/2021,SQL,CA,AWP,WE,Federal Contract Tower,0,15,13,0,28,0,41,86,0,127,0,56,99,0,155,82,0,82,237
07/12/2021,SQL,CA,AWP,WE,Federal Contract Tower,0,12,6,0,18,0,29,62,0,91,0,41,68,0,109,136,0,136,245
07/13/2021,SQL,CA,AWP,WE,Federal Contract Tower,0,15,12,0,27,0,32,69,0,101,0,47,81,0,128,120,0,120,248
07/14/2021,SQL,CA,AWP,WE,Federal Contract Tower,0,10,7,0,17,0,42,77,0,119,0,52,84,0,136,210,0,210,346
07/15/2021,SQL,CA,AWP,WE,Federal Contract Tower,0,11,13,0,24,0,37,64,0,101,0,48,77,0,125,72,0,72,197
07/16/2021,SQL,CA,AWP,WE,Federal Contract Tower,0,11,8,0,19,0,30,66,0,96,0,41,74,0,115,168,0,168,283
07/17/2021,SQL,CA,AWP,WE,Federal Contract Tower,0,4,13,0,17,0,23,49,0,72,0,27,62,0,89,46,0,46,135
07/18/2021,SQL,CA,AWP,WE,Federal Contract Tower,0,15,9,0,24,0,34,101,0,135,0,49,110,0,159,110,0,110,269
07/19/2021,SQL,CA,AWP,WE,Federal Contract Tower,0,9,3,0,12,0,26,60,0,86,0,35,63,0,98,156,0,156,254
07/20/2021,SQL,CA,AWP,WE,Federal Contract Tower,0,11,7,0,18,0,24,70,0,94,0,35,77,0,112,158,0,158,270
07/21/2021,SQL,CA,AWP,WE,Federal Contract Tower,0,6,2,0,8,0,37,76,0,113,0,43,78,0,121,152,0,152,273
07/23/2021,SQL,CA,AWP,WE,Federal Contract Tower,0,14,4,0,18,0,31,54,0,85,0,45,58,0,103,30,0,30,133
07/24/2021,SQL,CA,AWP,WE,Federal Contract Tower,0,3,13,0,16,0,23,57,0,80,0,26,70,0,96,94,0,94,190
07/25/2021,SQL,CA,AWP,WE,Federal Contract Tower,0,14,14,0,28,0,31,82,0,113,0,45,96,0,141,72,0,72,213
07/26/2021,SQL,CA,AWP,WE,Federal Contract Tower,0,15,9,0,24,0,31,53,0,84,0,46,62,0,108,92,0,92,200
07/27/2021,SQL,CA,AWP,WE,Federal Contract Tower,0,11,7,0,18,0,21,70,0,91,0,32,77,0,109,136,0,136,245
07/28/2021,SQL,CA,AWP,WE,Federal Contract Tower,0,7,7,0,14,0,27,64,0,91,0,34,71,0,105,146,0,146,251
07/29/2021,SQL,CA,AWP,WE,Federal Contract Tower,0,10,9,0,19,0,19,50,0,69,0,29,59,0,88,78,0,78,166
07/30/2021,SQL,CA,AWP,WE,Federal Contract Tower,0,10,11,0,21,0,28,62,0,90,0,38,73,0,111,94,0,94,205
07/31/2021,SQL,CA,AWP,WE,Federal Contract Tower,0,2,9,0,11,0,33,76,0,109,0,35,85,0,120,64,0,64,184
08/01/2021,SQL,CA,AWP,WE,Federal Contract Tower,0,14,9,0,23,0,42,98,0,140,0,56,107,0,163,92,0,92,255
08/03/2021,SQL,CA,AWP,WE,Federal Contract Tower,0,9,8,0,17,0,22,77,0,99,0,31,85,0,116,134,0,134,250
08/04/2021,SQL,CA,AWP,WE,Federal Contract Tower,0,9,6,0,15,0,26,48,0,74,0,35,54,0,89,136,0,136,225
08/05/2021,SQL,CA,AWP,WE,Federal Contract Tower,0,12,8,0,20,0,20,37,0,57,0,32,45,0,77,44,0,44,121
08/06/2021,SQL,CA,AWP,WE,Federal Contract Tower,0,9,19,0,28,0,24,29,0,53,0,33,48,0,81,80,0,80,161
08/07/2021,SQL,CA,AWP,WE,Federal Contract Tower,0,7,12,0,19,0,23,110,0,133,0,30,122,0,152,92,0,92,244
08/08/2021,SQL,CA,AWP,WE,Federal Contract Tower,0,15,13,0,28,0,52,61,0,113,0,67,74,0,141,72,0,72,213
08/09/2021,SQL,CA,AWP,WE,Federal Contract Tower,0,9,10,0,19,0,24,88,0,112,0,33,98,0,131,182,0,182,313
08/10/2021,SQL,CA,AWP,WE,Federal Contract Tower,0,8,4,0,12,0,36,73,0,109,0,44,77,0,121,162,0,162,283
08/11/2021,SQL,CA,AWP,WE,Federal Contract Tower,0,11,13,0,24,0,25,87,0,112,0,36,100,0,136,196,0,196,332
08/12/2021,SQL,CA,AWP,WE,Federal Contract Tower,0,10,11,0,21,0,13,46,0,59,0,23,57,0,80,76,0,76,156
08/13/2021,SQL,CA,AWP,WE,Federal Contract Tower,0,11,2,0,13,0,18,22,0,40,0,29,24,0,53,66,0,66,119
08/14/2021,SQL,CA,AWP,WE,Federal Contract Tower,0,5,8,0,13,0,31,46,0,77,0,36,54,0,90,62,0,62,152
08/15/2021,SQL,CA,AWP,WE,Federal Contract Tower,0,11,13,0,24,0,26,68,0,94,0,37,81,0,118,120,0,120,238
08/16/2021,SQL,CA,AWP,WE,Federal Contract Tower,0,13,10,0,23,0,19,64,0,83,0,32,74,0,106,96,0,96,202
08/17/2021,SQL,CA,AWP,WE,Federal Contract Tower,0,11,5,0,16,0,24,57,2,83,0,35,62,2,99,60,0,60,159
08/18/2021,SQL,CA,AWP,WE,Federal Contract Tower,0,11,7,0,18,0,17,28,0,45,0,28,35,0,63,126,0,126,189
08/19/2021,SQL,CA,AWP,WE,Federal Contract Tower,0,15,10,0,25,0,20,34,0,54,0,35,44,0,79,44,0,44,123
08/20/2021,SQL,CA,AWP,WE,Federal Contract Tower,0,15,10,0,25,0,5,18,0,23,0,20,28,0,48,52,0,52,100
08/21/2021,SQL,CA,AWP,WE,Federal Contract Tower,0,4,14,0,18,0,27,79,0,106,0,31,93,0,124,136,0,136,260
08/22/2021,SQL,CA,AWP,WE,Federal Contract Tower,0,16,18,0,34,0,26,65,0,91,0,42,83,0,125,122,0,122,247
08/23/2021,SQL,CA,AWP,WE,Federal Contract Tower,0,6,17,0,23,0,23,69,0,92,0,29,86,0,115,98,4,102,217
08/24/2021,SQL,CA,AWP,WE,Federal Contract Tower,0,12,9,0,21,0,24,60,0,84,0,36,69,0,105,160,0,160,265
08/25/2021,SQL,CA,AWP,WE,Federal Contract Tower,0,10,18,1,29,0,9,38,0,47,0,19,56,1,76,116,0,116,192
08/26/2021,SQL,CA,AWP,WE,Federal Contract Tower,0,11,11,0,22,0,11,38,0,49,0,22,49,0,71,60,0,60,131
08/27/2021,SQL,CA,AWP,WE,Federal Contract Tower,0,13,8,0,21,0,16,31,0,47,0,29,39,0,68,24,0,24,92
08/28/2021,SQL,CA,AWP,WE,Federal Contract Tower,0,3,7,0,10,0,16,47,0,63,0,19,54,0,73,68,0,68,141
08/29/2021,SQL,CA,AWP,WE,Federal Contract Tower,0,7,12,0,19,0,21,109,0,130,0,28,121,0,149,104,0,104,253
08/30/2021,SQL,CA,AWP,WE,Federal Contract Tower,0,7,4,0,11,0,8,62,0,70,0,15,66,0,81,76,0,76,157
08/31/2021,SQL,CA,AWP,WE,Federal Contract Tower,0,8,11,0,19,0,20,75,0,95,0,28,86,0,114,78,0,78,192
09/01/2021,SQL,CA,AWP,WE,Federal Contract Tower,0,8,9,0,17,0,25,97,0,122,0,33,106,0,139,84,0,84,223
09/02/2021,SQL,CA,AWP,WE,Federal Contract Tower,0,9,13,1,23,0,19,39,0,58,0,28,52,1,81,130,0,130,211
09/03/2021,SQL,CA,AWP,WE,Federal Contract Tower,0,13,8,0,21,0,12,45,0,57,0,25,53,0,78,88,0,88,166
09/04/2021,SQL,CA,AWP,WE,Federal Contract Tower,0,4,14,0,18,0,13,107,0,120,0,17,121,0,138,52,0,52,190
09/05/2021,SQL,CA,AWP,WE,Federal Contract Tower,0,2,12,0,14,0,27,84,0,111,0,29,96,0,125,36,0,36,161
09/06/2021,SQL,CA,AWP,WE,Federal Contract Tower,0,12,12,0,24,0,39,121,0,160,0,51,133,0,184,160,0,160,344
09/07/2021,SQL,CA,AWP,WE,Federal Contract Tower,0,13,11,0,24,0,22,92,0,114,0,35,103,0,138,116,0,116,254
09/08/2021,SQL,CA,AWP,WE,Federal Contract Tower,0,7,3,0,10,0,26,113,0,139,0,33,116,0,149,204,0,204,353
09/09/2021,SQL,CA,AWP,WE,Federal Contract Tower,0,9,5,0,14,0,18,45,0,63,0,27,50,0,77,76,0,76,153
09/10/2021,SQL,CA,AWP,WE,Federal Contract Tower,0,10,5,0,15,0,6,33,0,39,0,16,38,0,54,110,0,110,164
09/11/2021,SQL,CA,AWP,WE,Federal Contract Tower,0,3,10,0,13,0,32,84,0,116,0,35,94,0,129,88,0,88,217
09/12/2021,SQL,CA,AWP,WE,Federal Contract Tower,0,6,10,0,16,0,32,91,0,123,0,38,101,0,139,104,0,104,243
09/13/2021,SQL,CA,AWP,WE,Federal Contract Tower,0,10,9,0,19,0,18,73,0,91,0,28,82,0,110,124,0,124,234
09/14/2021,SQL,CA,AWP,WE,Federal Contract Tower,0,12,4,0,16,0,25,104,2,131,0,37,108,2,147,86,0,86,233
09/15/2021,SQL,CA,AWP,WE,Federal Contract Tower,0,11,9,0,20,0,14,55,0,69,0,25,64,0,89,56,0,56,145
09/16/2021,SQL,CA,AWP,WE,Federal Contract Tower,0,8,12,0,20,0,0,0,0,0,0,8,12,0,20,78,0,78,98
09/17/2021,SQL,CA,AWP,WE,Federal Contract Tower,0,9,13,0,22,0,9,31,0,40,0,18,44,0,62,48,0,48,110
09/18/2021,SQL,CA,AWP,WE,Federal Contract Tower,0,6,18,0,24,0,18,82,0,100,0,24,100,0,124,44,0,44,168
09/19/2021,SQL,CA,AWP,WE,Federal Contract Tower,0,10,6,0,16,0,25,92,0,117,0,35,98,0,133,50,0,50,183
09/20/2021,SQL,CA,AWP,WE,Federal Contract Tower,0,8,3,0,11,0,22,137,0,159,0,30,140,0,170,104,0,104,274
09/21/2021,SQL,CA,AWP,WE,Federal Contract Tower,0,11,6,0,17,0,13,113,0,126,0,24,119,0,143,78,0,78,221
09/22/2021,SQL,CA,AWP,WE,Federal Contract Tower,0,7,4,0,11,0,30,104,0,134,0,37,108,0,145,126,0,126,271
09/23/2021,SQL,CA,AWP,WE,Federal Contract Tower,0,7,17,0,24,0,33,99,2,134,0,40,116,2,158,232,22,254,412
09/24/2021,SQL,CA,AWP,WE,Federal Contract Tower,0,0,9,10,19,0,21,152,0,173,0,21,161,10,192,64,0,64,256
09/25/2021,SQL,CA,AWP,WE,Federal Contract Tower,0,3,19,0,22,0,16,102,0,118,0,19,121,0,140,108,0,108,248
09/26/2021,SQL,CA,AWP,WE,Federal Contract Tower,0,10,13,0,23,0,19,114,0,133,0,29,127,0,156,126,0,126,282
09/27/2021,SQL,CA,AWP,WE,Federal Contract Tower,0,12,12,0,24,0,19,69,0,88,0,31,81,0,112,172,0,172,284
09/28/2021,SQL,CA,AWP,WE,Federal Contract Tower,0,12,13,0,25,0,23,104,0,127,0,35,117,0,152,88,0,88,240
09/29/2021,SQL,CA,AWP,WE,Federal Contract Tower,0,8,7,0,15,0,42,99,0,141,0,50,106,0,156,98,0,98,254
09/30/2021,SQL,CA,AWP,WE,Federal Contract Tower,0,9,3,0,12,0,31,92,0,123,0,40,95,0,135,128,0,128,263
10/01/2021,SQL,CA,AWP,WE,Federal Contract Tower,0,12,8,0,20,0,32,118,0,150,0,44,126,0,170,100,0,100,270
10/02/2021,SQL,CA,AWP,WE,Federal Contract Tower,0,0,7,0,7,0,35,122,0,157,0,35,129,0,164,130,0,130,294
10/03/2021,SQL,CA,AWP,WE,Federal Contract Tower,0,10,6,0,16,0,33,167,0,200,0,43,173,0,216,112,0,112,328
10/04/2021,SQL,CA,AWP,WE,Federal Contract Tower,0,8,6,0,14,0,21,92,0,113,0,29,98,0,127,46,0,46,173
10/05/2021,SQL,CA,AWP,WE,Federal Contract Tower,0,14,12,0,26,0,25,101,0,126,0,39,113,0,152,100,0,100,252
10/06/2021,SQL,CA,AWP,WE,Federal Contract Tower,0,6,11,0,17,0,17,73,0,90,0,23,84,0,107,136,0,136,243
10/07/2021,SQL,CA,AWP,WE,Federal Contract Tower,0,8,12,0,20,0,26,75,0,101,0,34,87,0,121,156,0,156,277
10/08/2021,SQL,CA,AWP,WE,Federal Contract Tower,0,12,6,0,18,0,39,89,0,128,0,51,95,0,146,92,2,94,240
10/09/2021,SQL,CA,AWP,WE,Federal Contract Tower,0,2,7,0,9,0,44,125,0,169,0,46,132,0,178,144,0,144,322
10/10/2021,SQL,CA,AWP,WE,Federal Contract Tower,0,13,13,0,26,0,28,155,0,183,0,41,168,0,209,104,0,104,313
10/11/2021,SQL,CA,AWP,WE,Federal Contract Tower,0,9,11,0,20,0,12,41,0,53,0,21,52,0,73,24,0,24,97
10/12/2021,SQL,CA,AWP,WE,Federal Contract Tower,0,14,4,0,18,0,11,67,0,78,0,25,71,0,96,100,0,100,196
10/13/2021,SQL,CA,AWP,WE,Federal Contract Tower,0,8,9,0,17,0,24,72,0,96,0,32,81,0,113,176,0,176,289
10/14/2021,SQL,CA,AWP,WE,Federal Contract Tower,0,11,6,0,17,0,32,91,0,123,0,43,97,0,140,68,0,68,208
10/15/2021,SQL,CA,AWP,WE,Federal Contract Tower,0,11,6,0,17,0,38,84,0,122,0,49,90,0,139,80,0,80,219
10/16/2021,SQL,CA,AWP,WE,Federal Contract Tower,0,2,6,0,8,0,55,106,0,161,0,57,112,0,169,124,0,124,293
10/17/2021,SQL,CA,AWP,WE,Federal Contract Tower,0,10,13,0,23,0,32,114,0,146,0,42,127,0,169,114,0,114,283
10/18/2021,SQL,CA,AWP,WE,Federal Contract Tower,0,11,12,0,23,0,39,106,0,145,0,50,118,0,168,140,0,140,308
10/19/2021,SQL,CA,AWP,WE,Federal Contract Tower,0,8,8,0,16,0,40,118,0,158,0,48,126,0,174,186,0,186,360
10/20/2021,SQL,CA,AWP,WE,Federal Contract Tower,0,14,18,0,32,0,4,15,0,19,0,18,33,0,51,70,0,70,121
10/22/2021,SQL,CA,AWP,WE,Federal Contract Tower,0,11,17,0,28,0,10,33,0,43,0,21,50,0,71,58,0,58,129
10/23/2021,SQL,CA,AWP,WE,Federal Contract Tower,0,3,10,0,13,0,31,58,0,89,0,34,68,0,102,130,0,130,232
10/24/2021,SQL,CA,AWP,WE,Federal Contract Tower,0,4,0,0,4,0,0,0,0,0,0,4,0,0,4,0,0,0,4
10/25/2021,SQL,CA,AWP,WE,Federal Contract Tower,0,10,6,0,16,0,22,59,0,81,0,32,65,0,97,214,0,214,311
10/26/2021,SQL,CA,AWP,WE,Federal Contract Tower,0,11,18,0,29,0,22,55,0,77,0,33,73,0,106,194,0,194,300
10/27/2021,SQL,CA,AWP,WE,Federal Contract Tower,0,8,6,0,14,0,36,89,2,127,0,44,95,2,141,112,0,112,253
10/28/2021,SQL,CA,AWP,WE,Federal Contract Tower,0,7,11,0,18,0,32,88,0,120,0,39,99,0,138,154,0,154,292
10/29/2021,SQL,CA,AWP,WE,Federal Contract Tower,0,9,8,0,17,0,34,82,0,116,0,43,90,0,133,122,0,122,255
10/30/2021,SQL,CA,AWP,WE,Federal Contract Tower,0,1,30,0,31,0,21,74,0,95,0,22,104,0,126,102,0,102,228
10/31/2021,SQL,CA,AWP,WE,Federal Contract Tower,0,13,8,0,21,0,43,122,0,165,0,56,130,0,186,182,0,182,368
11/01/2021,SQL,CA,AWP,WE,Federal Contract Tower,0,17,13,0,30,0,1,17,0,18,0,18,30,0,48,84,0,84,132
11/02/2021,SQL,CA,AWP,WE,Federal Contract Tower,0,15,24,0,39,0,15,51,4,70,0,30,75,4,109,190,2,192,301
11/03/2021,SQL,CA,AWP,WE,Federal Contract Tower,0,7,13,0,20,0,18,39,0,57,0,25,52,0,77,54,0,54,131
11/04/2021,SQL,CA,AWP,WE,Federal Contract Tower,0,7,10,0,17,0,13,45,0,58,0,20,55,0,75,236,0,236,311
11/05/2021,SQL,CA,AWP,WE,Federal Contract Tower,0,12,11,0,23,0,35,90,0,125,0,47,101,0,148,126,0,126,274
11/06/2021,SQL,CA,AWP,WE,Federal Contract Tower,0,6,5,0,11,0,30,127,0,157,0,36,132,0,168,134,0,134,302
11/07/2021,SQL,CA,AWP,WE,Federal Contract Tower,0,10,7,0,17,0,35,174,0,209,0,45,181,0,226,130,0,130,356
11/08/2021,SQL,CA,AWP,WE,Federal Contract Tower,0,11,2,0,13,0,27,54,0,81,0,38,56,0,94,66,0,66,160
11/09/2021,SQL,CA,AWP,WE,Federal Contract Tower,0,14,8,0,22,0,8,26,0,34,0,22,34,0,56,140,0,140,196
11/10/2021,SQL,CA,AWP,WE,Federal Contract Tower,0,9,5,0,14,0,28,96,2,126,0,37,101,2,140,148,2,150,290
11/11/2021,SQL,CA,AWP,WE,Federal Contract Tower,0,8,6,0,14,0,38,87,0,125,0,46,93,0,139,70,0,70,209
11/12/2021,SQL,CA,AWP,WE,Federal Contract Tower,0,6,12,0,18,0,44,68,0,112,0,50,80,0,130,114,0,114,244
11/13/2021,SQL,CA,AWP,WE,Federal Contract Tower,0,5,16,0,21,0,37,118,0,155,0,42,134,0,176,218,0,218,394
11/14/2021,SQL,CA,AWP,WE,Federal Contract Tower,0,9,7,0,16,0,45,186,0,231,0,54,193,0,247,176,0,176,423
11/15/2021,SQL,CA,AWP,WE,Federal Contract Tower,0,8,9,0,17,0,10,40,0,50,0,18,49,0,67,48,0,48,115
11/16/2021,SQL,CA,AWP,WE,Federal Contract Tower,0,11,24,0,35,0,13,61,0,74,0,24,85,0,109,106,0,106,215
11/17/2021,SQL,CA,AWP,WE,Federal Contract Tower,0,8,7,0,15,0,30,89,0,119,0,38,96,0,134,166,0,166,300
11/18/2021,SQL,CA,AWP,WE,Federal Contract Tower,0,5,12,0,17,0,22,83,5,110,0,27,95,5,127,216,0,216,343
11/19/2021,SQL,CA,AWP,WE,Federal Contract Tower,0,13,27,0,40,0,2,22,0,24,0,15,49,0,64,52,0,52,116
11/20/2021,SQL,CA,AWP,WE,Federal Contract Tower,0,0,9,0,9,0,44,158,0,202,0,44,167,0,211,128,0,128,339
11/21/2021,SQL,CA,AWP,WE,Federal Contract Tower,0,12,9,0,21,0,47,144,0,191,0,59,153,0,212,150,0,150,362
11/22/2021,SQL,CA,AWP,WE,Federal Contract Tower,0,10,5,0,15,0,44,120,0,164,0,54,125,0,179,166,0,166,345
11/23/2021,SQL,CA,AWP,WE,Federal Contract Tower,0,10,3,0,13,0,55,107,0,162,0,65,110,0,175,120,12,132,307
11/24/2021,SQL,CA,AWP,WE,Federal Contract Tower,0,9,10,0,19,0,32,85,0,117,0,41,95,0,136,134,0,134,270
11/25/2021,SQL,CA,AWP,WE,Federal Contract Tower,0,1,1,0,2,0,14,48,0,62,0,15,49,0,64,52,0,52,116
11/26/2021,SQL,CA,AWP,WE,Federal Contract Tower,0,11,4,0,15,0,21,104,0,125,0,32,108,0,140,112,0,112,252
11/28/2021,SQL,CA,AWP,WE,Federal Contract Tower,0,8,12,0,20,0,35,156,0,191,0,43,168,0,211,186,0,186,397
11/29/2021,SQL,CA,AWP,WE,Federal Contract Tower,0,10,12,0,22,0,18,78,0,96,0,28,90,0,118,136,0,136,254
12/01/2021,SQL,CA,AWP,WE,Federal Contract Tower,0,5,3,0,8,0,39,99,0,138,0,44,102,0,146,150,0,150,296
12/02/2021,SQL,CA,AWP,WE,Federal Contract Tower,0,9,10,0,19,0,37,56,0,93,0,46,66,0,112,116,0,116,228
12/03/2021,SQL,CA,AWP,WE,Federal Contract Tower,0,14,40,0,54,0,1,5,0,6,0,15,45,0,60,0,6,6,66
12/04/2021,SQL,CA,AWP,WE,Federal Contract Tower,0,5,19,0,24,0,8,40,0,48,0,13,59,0,72,114,0,114,186
12/05/2021,SQL,CA,AWP,WE,Federal Contract Tower,0,6,16,0,22,0,33,75,0,108,0,39,91,0,130,92,0,92,222
12/06/2021,SQL,CA,AWP,WE,Federal Contract Tower,0,2,9,0,11,0,0,0,0,0,0,2,9,0,11,0,0,0,11
12/07/2021,SQL,CA,AWP,WE,Federal Contract Tower,0,8,11,0,19,0,19,47,0,66,0,27,58,0,85,96,0,96,181
12/08/2021,SQL,CA,AWP,WE,Federal Contract Tower,0,9,24,0,33,0,6,24,0,30,0,15,48,0,63,202,0,202,265
12/09/2021,SQL,CA,AWP,WE,Federal Contract Tower,0,8,11,0,19,0,28,45,0,73,0,36,56,0,92,100,0,100,192
12/10/2021,SQL,CA,AWP,WE,Federal Contract Tower,0,11,4,0,15,0,49,117,0,166,0,60,121,0,181,194,0,194,375
12/11/2021,SQL,CA,AWP,WE,Federal Contract Tower,0,1,7,1,9,0,36,128,0,164,0,37,135,1,173,148,0,148,321
12/12/2021,SQL,CA,AWP,WE,Federal Contract Tower,0,9,15,0,24,0,0,6,0,6,0,9,21,0,30,4,0,4,34
12/13/2021,SQL,CA,AWP,WE,Federal Contract Tower,0,1,5,0,6,0,0,0,0,0,0,1,5,0,6,0,0,0,6
12/15/2021,SQL,CA,AWP,WE,Federal Contract Tower,0,4,5,0,9,0,17,41,0,58,0,21,46,0,67,64,0,64,131
12/16/2021,SQL,CA,AWP,WE,Federal Contract Tower,0,15,16,0,31,0,29,43,0,72,0,44,59,0,103,296,0,296,399
12/17/2021,SQL,CA,AWP,WE,Federal Contract Tower,0,13,10,0,23,0,48,109,0,157,0,61,119,0,180,198,0,198,378
12/18/2021,SQL,CA,AWP,WE,Federal Contract Tower,0,6,18,0,24,0,40,129,0,169,0,46,147,0,193,144,0,144,337
12/19/2021,SQL,CA,AWP,WE,Federal Contract Tower,0,11,24,0,35,0,13,46,0,59,0,24,70,0,94,66,0,66,160
12/20/2021,SQL,CA,AWP,WE,Federal Contract Tower,0,10,9,0,19,0,20,39,0,59,0,30,48,0,78,92,0,92,170
12/21/2021,SQL,CA,AWP,WE,Federal Contract Tower,0,12,8,0,20,0,15,36,0,51,0,27,44,0,71,142,0,142,213
12/22/2021,SQL,CA,AWP,WE,Federal Contract Tower,0,4,6,0,10,0,0,1,0,1,0,4,7,0,11,0,0,0,11
12/23/2021,SQL,CA,AWP,WE,Federal Contract Tower,0,5,4,0,9,0,11,15,0,26,0,16,19,0,35,46,0,46,81
12/24/2021,SQL,CA,AWP,WE,Federal Contract Tower,0,1,11,0,12,0,2,31,0,33,0,3,42,0,45,54,0,54,99
12/25/2021,SQL,CA,AWP,WE,Federal Contract Tower,0,0,2,0,2,0,0,2,0,2,0,0,4,0,4,12,0,12,16
12/26/2021,SQL,CA,AWP,WE,Federal Contract Tower,0,8,5,0,13,0,6,12,0,18,0,14,17,0,31,56,0,56,87
12/27/2021,SQL,CA,AWP,WE,Federal Contract Tower,0,11,11,0,22,0,4,14,0,18,0,15,25,0,40,20,0,20,60
12/28/2021,SQL,CA,AWP,WE,Federal Contract Tower,0,6,9,0,15,0,5,27,0,32,0,11,36,0,47,102,2,104,151
12/29/2021,SQL,CA,AWP,WE,Federal Contract Tower,0,5,5,0,10,0,6,3,0,9,0,11,8,0,19,64,0,64,83
12/30/2021,SQL,CA,AWP,WE,Federal Contract Tower,0,10,14,0,24,0,48,74,0,122,0,58,88,0,146,146,0,146,292
12/31/2021,SQL,CA,AWP,WE,Federal Contract Tower,0,9,10,0,19,0,50,77,0,127,0,59,87,0,146,112,0,112,258
01/01/2022,SQL,CA,AWP,WE,Federal Contract Tower,0,3,4,0,7,0,15,73,0,88,0,18,77,0,95,112,0,112,207
01/02/2022,SQL,CA,AWP,WE,Federal Contract Tower,0,9,7,0,16,0,28,59,0,87,0,37,66,0,103,70,0,70,173
01/03/2022,SQL,CA,AWP,WE,Federal Contract Tower,0,13,6,0,19,0,17,23,0,40,0,30,29,0,59,114,0,114,173
01/04/2022,SQL,CA,AWP,WE,Federal Contract Tower,0,15,14,0,29,0,4,10,0,14,0,19,24,0,43,32,0,32,75
01/05/2022,SQL,CA,AWP,WE,Federal Contract Tower,0,5,11,0,16,0,18,31,0,49,0,23,42,0,65,86,0,86,151
01/06/2022,SQL,CA,AWP,WE,Federal Contract Tower,0,1,1,0,2,0,0,0,0,0,0,1,1,0,2,0,0,0,2
01/07/2022,SQL,CA,AWP,WE,Federal Contract Tower,0,15,11,0,26,0,5,30,0,35,0,20,41,0,61,92,0,92,153
01/08/2022,SQL,CA,AWP,WE,Federal Contract Tower,0,1,22,0,23,0,18,62,0,80,0,19,84,0,103,188,0,188,291
01/09/2022,SQL,CA,AWP,WE,Federal Contract Tower,0,15,12,0,27,0,33,86,0,119,0,48,98,0,146,148,0,148,294
01/10/2022,SQL,CA,AWP,WE,Federal Contract Tower,0,10,7,0,17,0,25,70,0,95,0,35,77,0,112,112,0,112,224
01/11/2022,SQL,CA,AWP,WE,Federal Contract Tower,0,7,4,0,11,0,36,63,0,99,0,43,67,0,110,184,0,184,294
01/12/2022,SQL,CA,AWP,WE,Federal Contract Tower,0,6,4,0,10,0,34,68,0,102,0,40,72,0,112,90,0,90,202
01/13/2022,SQL,CA,AWP,WE,Federal Contract Tower,0,8,8,0,16,0,27,76,0,103,0,35,84,0,119,160,0,160,279
01/14/2022,SQL,CA,AWP,WE,Federal Contract Tower,0,11,8,0,19,0,37,100,0,137,0,48,108,0,156,118,0,118,274
01/15/2022,SQL,CA,AWP,WE,Federal Contract Tower,0,3,3,0,6,0,46,119,0,165,0,49,122,0,171,114,0,114,285
01/16/2022,SQL,CA,AWP,WE,Federal Contract Tower,0,13,2,0,15,0,37,93,0,130,0,50,95,0,145,164,0,164,309
01/17/2022,SQL,CA,AWP,WE,Federal Contract Tower,0,14,5,0,19,0,38,85,0,123,0,52,90,0,142,94,0,94,236
01/18/2022,SQL,CA,AWP,WE,Federal Contract Tower,0,11,7,0,18,0,15,38,0,53,0,26,45,0,71,66,0,66,137
01/19/2022,SQL,CA,AWP,WE,Federal Contract Tower,0,9,9,0,18,0,28,51,0,79,0,37,60,0,97,144,0,144,241
01/20/2022,SQL,CA,AWP,WE,Federal Contract Tower,0,1,7,0,8,0,25,69,0,94,0,26,76,0,102,92,0,92,194
01/21/2022,SQL,CA,AWP,WE,Federal Contract Tower,0,6,4,1,11,0,29,47,0,76,0,35,51,1,87,188,0,188,275
01/22/2022,SQL,CA,AWP,WE,Federal Contract Tower,0,2,5,0,7,0,29,72,0,101,0,31,77,0,108,124,0,124,232
01/23/2022,SQL,CA,AWP,WE,Federal Contract Tower,0,11,6,0,17,0,34,91,0,125,0,45,97,0,142,144,0,144,286
01/24/2022,SQL,CA,AWP,WE,Federal Contract Tower,0,10,7,0,17,0,22,71,0,93,0,32,78,0,110,68,0,68,178
01/25/2022,SQL,CA,AWP,WE,Federal Contract Tower,0,13,6,0,19,0,31,70,0,101,0,44,76,0,120,130,0,130,250
01/26/2022,SQL,CA,AWP,WE,Federal Contract Tower,0,5,11,0,16,0,40,78,2,120,0,45,89,2,136,90,10,100,236
01/27/2022,SQL,CA,AWP,WE,Federal Contract Tower,0,8,5,0,13,0,40,100,0,140,0,48,105,0,153,180,0,180,333
01/28/2022,SQL,CA,AWP,WE,Federal Contract Tower,0,13,3,0,16,0,39,124,0,163,0,52,127,0,179,158,0,158,337
01/29/2022,SQL,CA,AWP,WE,Federal Contract Tower,0,1,6,0,7,0,34,116,0,150,0,35,122,0,157,164,0,164,321
01/30/2022,SQL,CA,AWP,WE,Federal Contract Tower,0,9,10,0,19,0,21,62,0,83,0,30,72,0,102,96,0,96,198
01/31/2022,SQL,CA,AWP,WE,Federal Contract Tower,0,9,11,0,20,0,28,57,0,85,0,37,68,0,105,140,0,140,245
02/01/2022,SQL,CA,AWP,WE,Federal Contract Tower,0,14,2,0,16,0,19,50,0,69,0,33,52,0,85,136,0,136,221
02/02/2022,SQL,CA,AWP,WE,Federal Contract Tower,0,2,4,0,6,0,10,45,0,55,0,12,49,0,61,254,0,254,315
02/03/2022,SQL,CA,AWP,WE,Federal Contract Tower,0,10,8,0,18,0,30,85,0,115,0,40,93,0,133,194,0,194,327
02/04/2022,SQL,CA,AWP,WE,Federal Contract Tower,0,8,4,0,12,0,46,104,0,150,0,54,108,0,162,157,4,161,323
02/05/2022,SQL,CA,AWP,WE,Federal Contract Tower,0,0,12,0,12,0,45,105,0,150,0,45,117,0,162,160,0,160,322
02/06/2022,SQL,CA,AWP,WE,Federal Contract Tower,0,10,7,0,17,0,49,114,0,163,0,59,121,0,180,180,0,180,360
02/07/2022,SQL,CA,AWP,WE,Federal Contract Tower,0,7,4,0,11,0,20,60,0,80,0,27,64,0,91,120,0,120,211
02/08/2022,SQL,CA,AWP,WE,Federal Contract Tower,0,11,7,0,18,0,18,72,0,90,0,29,79,0,108,82,0,82,190
02/09/2022,SQL,CA,AWP,WE,Federal Contract Tower,0,7,3,0,10,0,22,86,0,108,0,29,89,0,118,204,0,204,322
02/10/2022,SQL,CA,AWP,WE,Federal Contract Tower,0,8,2,0,10,0,40,106,0,146,0,48,108,0,156,166,0,166,322
02/11/2022,SQL,CA,AWP,WE,Federal Contract Tower,0,11,4,0,15,0,46,138,0,184,0,57,142,0,199,142,0,142,341
02/12/2022,SQL,CA,AWP,WE,Federal Contract Tower,0,1,8,0,9,0,48,141,0,189,0,49,149,0,198,114,0,114,312
02/13/2022,SQL,CA,AWP,WE,Federal Contract Tower,0,7,9,0,16,0,31,102,0,133,0,38,111,0,149,164,0,164,313
02/14/2022,SQL,CA,AWP,WE,Federal Contract Tower,0,11,21,0,32,0,11,22,0,33,0,22,43,0,65,38,0,38,103
02/15/2022,SQL,CA,AWP,WE,Federal Contract Tower,0,14,7,0,21,0,21,40,0,61,0,35,47,0,82,136,0,136,218
02/16/2022,SQL,CA,AWP,WE,Federal Contract Tower,0,9,2,0,11,0,31,70,0,101,0,40,72,0,112,164,0,164,276
02/17/2022,SQL,CA,AWP,WE,Federal Contract Tower,0,12,11,0,23,0,43,95,0,138,0,55,106,0,161,116,0,116,277
02/18/2022,SQL,CA,AWP,WE,Federal Contract Tower,0,14,11,0,25,0,40,119,2,161,0,54,130,2,186,154,8,162,348
02/19/2022,SQL,CA,AWP,WE,Federal Contract Tower,0,1,16,0,17,0,50,158,0,208,0,51,174,0,225,80,0,80,305
02/20/2022,SQL,CA,AWP,WE,Federal Contract Tower,0,12,14,0,26,0,12,65,0,77,0,24,79,0,103,72,0,72,175
02/21/2022,SQL,CA,AWP,WE,Federal Contract Tower,0,10,10,0,20,0,31,99,0,130,0,41,109,0,150,70,0,70,220
02/22/2022,SQL,CA,AWP,WE,Federal Contract Tower,0,9,15,0,24,0,23,41,0,64,0,32,56,0,88,94,0,94,182
02/23/2022,SQL,CA,AWP,WE,Federal Contract Tower,0,7,9,0,16,0,39,90,0,129,0,46,99,0,145,80,0,80,225
02/24/2022,SQL,CA,AWP,WE,Federal Contract Tower,0,10,6,0,16,0,27,72,0,99,0,37,78,0,115,150,0,150,265
02/25/2022,SQL,CA,AWP,WE,Federal Contract Tower,0,11,6,0,17,0,37,71,0,108,0,48,77,0,125,123,0,123,248
02/26/2022,SQL,CA,AWP,WE,Federal Contract Tower,0,0,6,0,6,0,32,111,12,155,0,32,117,12,161,132,0,132,293
02/27/2022,SQL,CA,AWP,WE,Federal Contract Tower,0,11,11,0,22,0,46,122,0,168,0,57,133,0,190,133,0,133,323
02/28/2022,SQL,CA,AWP,WE,Federal Contract Tower,0,16,2,0,18,0,29,97,0,126,0,45,99,0,144,148,0,148,292
03/01/2022,SQL,CA,AWP,WE,Federal Contract Tower,0,11,4,0,15,0,32,75,0,107,0,43,79,0,122,150,0,150,272
03/02/2022,SQL,CA,AWP,WE,Federal Contract Tower,0,6,11,0,17,0,18,74,0,92,0,24,85,0,109,196,0,196,305
03/03/2022,SQL,CA,AWP,WE,Federal Contract Tower,0,10,18,0,28,0,16,45,0,61,0,26,63,0,89,176,0,176,265
03/04/2022,SQL,CA,AWP,WE,Federal Contract Tower,0,15,13,0,28,0,10,12,0,22,0,25,25,0,50,22,0,22,72
03/05/2022,SQL,CA,AWP,WE,Federal Contract Tower,0,2,4,0,6,0,38,75,0,113,0,40,79,0,119,170,0,170,289
03/06/2022,SQL,CA,AWP,WE,Federal Contract Tower,0,12,6,0,18,0,28,113,8,149,0,40,119,8,167,250,0,250,417
03/07/2022,SQL,CA,AWP,WE,Federal Contract Tower,0,13,3,0,16,0,23,32,0,55,0,36,35,0,71,94,0,94,165
03/08/2022,SQL,CA,AWP,WE,Federal Contract Tower,0,7,3,0,10,0,33,103,0,136,0,40,106,0,146,158,0,158,304
03/09/2022,SQL,CA,AWP,WE,Federal Contract Tower,0,7,9,0,16,0,14,48,0,62,0,21,57,0,78,74,0,74,152
03/10/2022,SQL,CA,AWP,WE,Federal Contract Tower,0,7,5,0,12,0,26,70,0,96,0,33,75,0,108,128,0,128,236
03/11/2022,SQL,CA,AWP,WE,Federal Contract Tower,0,13,10,0,23,0,33,124,0,157,0,46,134,0,180,144,0,144,324
03/12/2022,SQL,CA,AWP,WE,Federal Contract Tower,0,4,5,0,9,0,36,116,0,152,0,40,121,0,161,190,0,190,351
03/13/2022,SQL,CA,AWP,WE,Federal Contract Tower,0,14,14,0,28,0,29,94,0,123,0,43,108,0,151,244,0,244,395
03/14/2022,SQL,CA,AWP,WE,Federal Contract Tower,0,10,3,0,13,0,25,68,2,95,0,35,71,2,108,68,0,68,176
03/15/2022,SQL,CA,AWP,WE,Federal Contract Tower,0,14,10,0,24,0,15,57,0,72,0,29,67,0,96,166,0,166,262
03/16/2022,SQL,CA,AWP,WE,Federal Contract Tower,0,10,8,0,18,0,56,119,0,175,0,66,127,0,193,140,0,140,333
03/17/2022,SQL,CA,AWP,WE,Federal Contract Tower,0,9,14,0,23,0,28,78,0,106,0,37,92,0,129,206,0,206,335
03/18/2022,SQL,CA,AWP,WE,Federal Contract Tower,0,10,14,0,24,0,32,114,0,146,0,42,128,0,170,142,0,142,312
03/19/2022,SQL,CA,AWP,WE,Federal Contract Tower,0,6,21,0,27,0,15,13,0,28,0,21,34,0,55,80,0,80,135
03/20/2022,SQL,CA,AWP,WE,Federal Contract Tower,0,14,4,0,18,0,54,116,0,170,0,68,120,0,188,276,0,276,464
03/21/2022,SQL,CA,AWP,WE,Federal Contract Tower,0,10,9,0,19,0,20,53,0,73,0,30,62,0,92,56,0,56,148
03/22/2022,SQL,CA,AWP,WE,Federal Contract Tower,0,11,4,0,15,0,26,99,0,125,0,37,103,0,140,170,0,170,310
03/23/2022,SQL,CA,AWP,WE,Federal Contract Tower,0,7,13,0,20,0,19,70,0,89,0,26,83,0,109,176,0,176,285
03/24/2022,SQL,CA,AWP,WE,Federal Contract Tower,0,13,6,0,19,0,28,86,0,114,0,41,92,0,133,234,0,234,367
03/25/2022,SQL,CA,AWP,WE,Federal Contract Tower,0,12,14,0,26,0,22,93,0,115,0,34,107,0,141,166,0,166,307
03/26/2022,SQL,CA,AWP,WE,Federal Contract Tower,0,1,9,0,10,0,28,101,0,129,0,29,110,0,139,138,0,138,277
03/27/2022,SQL,CA,AWP,WE,Federal Contract Tower,0,10,12,0,22,0,8,28,0,36,0,18,40,0,58,54,0,54,112
03/28/2022,SQL,CA,AWP,WE,Federal Contract Tower,0,10,15,0,25,0,3,35,0,38,0,13,50,0,63,150,0,150,213
03/29/2022,SQL,CA,AWP,WE,Federal Contract Tower,0,14,23,0,37,0,6,26,0,32,0,20,49,0,69,118,0,118,187
03/30/2022,SQL,CA,AWP,WE,Federal Contract Tower,0,6,12,0,18,0,12,37,0,49,0,18,49,0,67,90,0,90,157
03/31/2022,SQL,CA,AWP,WE,Federal Contract Tower,0,10,14,0,24,0,30,70,0,100,0,40,84,0,124,242,0,242,366
04/01/2022,SQL,CA,AWP,WE,Federal Contract Tower,0,15,4,0,19,0,36,96,0,132,0,51,100,0,151,204,0,204,355
04/02/2022,SQL,CA,AWP,WE,Federal Contract Tower,0,8,7,0,15,0,31,61,0,92,0,39,68,0,107,50,0,50,157
04/03/2022,SQL,CA,AWP,WE,Federal Contract Tower,0,22,9,0,31,0,43,56,0,99,0,65,65,0,130,74,0,74,204
04/04/2022,SQL,CA,AWP,WE,Federal Contract Tower,0,11,4,0,15,0,19,56,0,75,0,30,60,0,90,146,0,146,236
04/05/2022,SQL,CA,AWP,WE,Federal Contract Tower,0,12,1,0,13,0,36,52,0,88,0,48,53,0,101,234,0,234,335
04/06/2022,SQL,CA,AWP,WE,Federal Contract Tower,0,8,4,0,12,0,33,81,0,114,0,41,85,0,126,178,0,178,304
04/07/2022,SQL,CA,AWP,WE,Federal Contract Tower,0,13,9,0,22,0,47,90,0,137,0,60,99,0,159,196,0,196,355
04/08/2022,SQL,CA,AWP,WE,Federal Contract Tower,0,14,14,0,28,0,35,78,0,113,0,49,92,0,141,86,0,86,227
04/09/2022,SQL,CA,AWP,WE,Federal Contract Tower,0,3,3,0,6,0,33,73,0,106,0,36,76,0,112,150,0,150,262
04/10/2022,SQL,CA,AWP,WE,Federal Contract Tower,0,17,8,0,25,0,25,94,0,119,0,42,102,0,144,34,0,34,178
04/11/2022,SQL,CA,AWP,WE,Federal Contract Tower,0,8,7,0,15,0,0,8,0,8,0,8,15,0,23,0,0,0,23
04/12/2022,SQL,CA,AWP,WE,Federal Contract Tower,0,11,4,0,15,0,19,60,0,79,0,30,64,0,94,10,2,12,106
04/13/2022,SQL,CA,AWP,WE,Federal Contract Tower,0,10,9,0,19,0,37,76,0,113,0,47,85,0,132,230,0,230,362
04/14/2022,SQL,CA,AWP,WE,Federal Contract Tower,0,8,14,0,22,0,0,7,0,7,0,8,21,0,29,104,0,104,133
04/15/2022,SQL,CA,AWP,WE,Federal Contract Tower,0,10,6,0,16,0,33,112,0,145,0,43,118,0,161,128,0,128,289
04/16/2022,SQL,CA,AWP,WE,Federal Contract Tower,0,6,10,0,16,0,4,53,0,57,0,10,63,0,73,166,0,166,239
04/17/2022,SQL,CA,AWP,WE,Federal Contract Tower,0,11,6,0,17,0,33,110,0,143,0,44,116,0,160,124,0,124,284
04/18/2022,SQL,CA,AWP,WE,Federal Contract Tower,0,8,6,0,14,0,29,61,0,90,0,37,67,0,104,60,0,60,164
04/19/2022,SQL,CA,AWP,WE,Federal Contract Tower,0,10,8,0,18,0,27,58,0,85,0,37,66,0,103,178,0,178,281
04/20/2022,SQL,CA,AWP,WE,Federal Contract Tower,0,6,3,0,9,0,24,73,0,97,0,30,76,0,106,126,0,126,232
04/21/2022,SQL,CA,AWP,WE,Federal Contract Tower,0,8,11,0,19,0,5,18,2,25,0,13,29,2,44,86,2,88,132
04/22/2022,SQL,CA,AWP,WE,Federal Contract Tower,0,7,8,0,15,0,13,67,0,80,0,20,75,0,95,220,0,220,315
04/23/2022,SQL,CA,AWP,WE,Federal Contract Tower,0,0,9,0,9,0,50,134,0,184,0,50,143,0,193,252,0,252,445
04/24/2022,SQL,CA,AWP,WE,Federal Contract Tower,0,13,4,0,17,0,38,111,0,149,0,51,115,0,166,176,0,176,342
04/25/2022,SQL,CA,AWP,WE,Federal Contract Tower,0,10,4,0,14,0,29,86,0,115,0,39,90,0,129,96,0,96,225
04/26/2022,SQL,CA,AWP,WE,Federal Contract Tower,0,12,5,0,17,0,19,51,0,70,0,31,56,0,87,102,0,102,189
04/27/2022,SQL,CA,AWP,WE,Federal Contract Tower,0,8,3,0,11,0,27,84,0,111,0,35,87,0,122,96,0,96,218
04/28/2022,SQL,CA,AWP,WE,Federal Contract Tower,0,9,7,0,16,0,3,52,0,55,0,12,59,0,71,40,0,40,111
04/29/2022,SQL,CA,AWP,WE,Federal Contract Tower,0,9,9,0,18,0,32,126,0,158,0,41,135,0,176,176,0,176,352
04/30/2022,SQL,CA,AWP,WE,Federal Contract Tower,0,0,8,0,8,0,33,71,0,104,0,33,79,0,112,104,0,104,216
05/01/2022,SQL,CA,AWP,WE,Federal Contract Tower,0,4,12,0,16,0,44,128,0,172,0,48,140,0,188,190,0,190,378
05/02/2022,SQL,CA,AWP,WE,Federal Contract Tower,0,5,8,0,13,0,12,25,0,37,0,17,33,0,50,68,0,68,118
05/03/2022,SQL,CA,AWP,WE,Federal Contract Tower,0,12,9,0,21,0,38,89,0,127,0,50,98,0,148,198,0,198,346
05/04/2022,SQL,CA,AWP,WE,Federal Contract Tower,0,10,9,0,19,0,52,96,0,148,0,62,105,0,167,168,0,168,335
05/05/2022,SQL,CA,AWP,WE,Federal Contract Tower,0,6,5,0,11,0,38,75,0,113,0,44,80,0,124,170,0,170,294
05/06/2022,SQL,CA,AWP,WE,Federal Contract Tower,0,5,13,0,18,0,27,47,0,74,0,32,60,0,92,198,0,198,290
05/07/2022,SQL,CA,AWP,WE,Federal Contract Tower,0,1,10,0,11,0,6,37,0,43,0,7,47,0,54,28,0,28,82
05/08/2022,SQL,CA,AWP,WE,Federal Contract Tower,0,6,17,0,23,0,1,15,4,20,0,7,32,4,43,0,0,0,43
05/09/2022,SQL,CA,AWP,WE,Federal Contract Tower,0,9,12,0,21,0,28,73,0,101,0,37,85,0,122,106,0,106,228
05/10/2022,SQL,CA,AWP,WE,Federal Contract Tower,0,9,8,0,17,0,31,66,0,97,0,40,74,0,114,68,0,68,182
05/11/2022,SQL,CA,AWP,WE,Federal Contract Tower,0,9,5,0,14,0,40,78,0,118,0,49,83,0,132,162,0,162,294
05/12/2022,SQL,CA,AWP,WE,Federal Contract Tower,0,5,5,0,10,0,27,101,0,128,0,32,106,0,138,144,0,144,282
05/13/2022,SQL,CA,AWP,WE,Federal Contract Tower,0,7,4,0,11,0,49,115,0,164,0,56,119,0,175,224,0,224,399
05/14/2022,SQL,CA,AWP,WE,Federal Contract Tower,0,1,3,0,4,0,35,147,0,182,0,36,150,0,186,126,0,126,312
05/15/2022,SQL,CA,AWP,WE,Federal Contract Tower,0,5,8,0,13,0,24,84,0,108,0,29,92,0,121,102,0,102,223
05/16/2022,SQL,CA,AWP,WE,Federal Contract Tower,0,7,12,0,19,0,7,47,0,54,0,14,59,0,73,72,0,72,145
05/17/2022,SQL,CA,AWP,WE,Federal Contract Tower,0,9,9,0,18,0,36,95,0,131,0,45,104,0,149,180,0,180,329
05/18/2022,SQL,CA,AWP,WE,Federal Contract Tower,0,5,4,0,9,0,27,96,0,123,0,32,100,0,132,156,0,156,288
05/19/2022,SQL,CA,AWP,WE,Federal Contract Tower,0,6,1,0,7,0,22,59,0,81,0,28,60,0,88,72,0,72,160
05/20/2022,SQL,CA,AWP,WE,Federal Contract Tower,0,2,10,0,12,0,38,106,0,144,0,40,116,0,156,154,0,154,310
05/21/2022,SQL,CA,AWP,WE,Federal Contract Tower,0,0,10,0,10,0,44,176,0,220,0,44,186,0,230,150,0,150,380
05/22/2022,SQL,CA,AWP,WE,Federal Contract Tower,0,6,3,0,9,0,34,107,0,141,0,40,110,0,150,154,0,154,304
05/23/2022,SQL,CA,AWP,WE,Federal Contract Tower,0,5,9,0,14,0,28,90,0,118,0,33,99,0,132,156,0,156,288
05/24/2022,SQL,CA,AWP,WE,Federal Contract Tower,0,4,4,0,8,0,34,93,0,127,0,38,97,0,135,134,0,134,269
05/25/2022,SQL,CA,AWP,WE,Federal Contract Tower,0,0,11,0,11,0,40,100,0,140,0,40,111,0,151,200,0,200,351
05/26/2022,SQL,CA,AWP,WE,Federal Contract Tower,0,5,5,0,10,0,24,71,0,95,0,29,76,0,105,166,0,166,271
05/27/2022,SQL,CA,AWP,WE,Federal Contract Tower,0,3,8,0,11,0,15,71,0,86,0,18,79,0,97,154,0,154,251
05/28/2022,SQL,CA,AWP,WE,Federal Contract Tower,0,6,8,0,14,0,26,90,0,116,0,32,98,0,130,64,0,64,194
05/29/2022,SQL,CA,AWP,WE,Federal Contract Tower,0,3,6,0,9,0,19,60,0,79,0,22,66,0,88,10,0,10,98
05/30/2022,SQL,CA,AWP,WE,Federal Contract Tower,0,5,4,0,9,0,36,123,0,159,0,41,127,0,168,100,0,100,268
05/31/2022,SQL,CA,AWP,WE,Federal Contract Tower,0,0,6,0,6,0,38,107,0,145,0,38,113,0,151,146,0,146,297
06/01/2022,SQL,CA,AWP,WE,Federal Contract Tower,0,3,3,0,6,0,45,111,0,156,0,48,114,0,162,122,0,122,284
06/02/2022,SQL,CA,AWP,WE,Federal Contract Tower,0,3,7,0,10,0,29,93,0,122,0,32,100,0,132,118,0,118,250
06/03/2022,SQL,CA,AWP,WE,Federal Contract Tower,0,5,20,0,25,0,18,33,0,51,0,23,53,0,76,76,0,76,152
06/04/2022,SQL,CA,AWP,WE,Federal Contract Tower,0,3,10,0,13,0,27,96,0,123,0,30,106,0,136,128,0,128,264
06/05/2022,SQL,CA,AWP,WE,Federal Contract Tower,0,7,15,0,22,0,6,12,0,18,0,13,27,0,40,24,0,24,64
06/06/2022,SQL,CA,AWP,WE,Federal Contract Tower,0,3,9,0,12,0,25,95,0,120,0,28,104,0,132,156,0,156,288
06/07/2022,SQL,CA,AWP,WE,Federal Contract Tower,0,3,15,0,18,0,39,96,0,135,0,42,111,0,153,206,0,206,359
06/08/2022,SQL,CA,AWP,WE,Federal Contract Tower,0,2,6,0,8,0,31,107,0,138,0,33,113,0,146,226,0,226,372
06/09/2022,SQL,CA,AWP,WE,Federal Contract Tower,0,1,4,0,5,0,42,79,0,121,0,43,83,0,126,252,0,252,378
06/10/2022,SQL,CA,AWP,WE,Federal Contract Tower,0,3,7,0,10,0,37,88,0,125,0,40,95,0,135,136,0,136,271
06/11/2022,SQL,CA,AWP,WE,Federal Contract Tower,0,2,2,0,4,0,19,52,0,71,0,21,54,0,75,12,0,12,87
06/12/2022,SQL,CA,AWP,WE,Federal Contract Tower,0,6,31,0,37,0,20,51,0,71,0,26,82,0,108,106,0,106,214
06/13/2022,SQL,CA,AWP,WE,Federal Contract Tower,0,2,7,0,9,0,26,66,0,92,0,28,73,0,101,98,0,98,199
06/14/2022,SQL,CA,AWP,WE,Federal Contract Tower,0,4,5,0,9,0,43,77,0,120,0,47,82,0,129,140,0,140,269
06/15/2022,SQL,CA,AWP,WE,Federal Contract Tower,0,1,6,0,7,0,22,56,0,78,0,23,62,0,85,58,0,58,143
06/16/2022,SQL,CA,AWP,WE,Federal Contract Tower,0,2,4,0,6,0,28,63,0,91,0,30,67,0,97,68,0,68,165
06/17/2022,SQL,CA,AWP,WE,Federal Contract Tower,0,2,11,0,13,0,29,53,0,82,0,31,64,0,95,176,0,176,271
06/18/2022,SQL,CA,AWP,WE,Federal Contract Tower,0,1,7,0,8,0,49,125,0,174,0,50,132,0,182,22,0,22,204
06/19/2022,SQL,CA,AWP,WE,Federal Contract Tower,0,3,11,0,14,0,36,102,0,138,0,39,113,0,152,146,0,146,298
06/20/2022,SQL,CA,AWP,WE,Federal Contract Tower,0,0,9,0,9,0,43,95,0,138,0,43,104,0,147,204,0,204,351
06/21/2022,SQL,CA,AWP,WE,Federal Contract Tower,0,2,7,0,9,0,22,101,0,123,0,24,108,0,132,182,0,182,314
06/22/2022,SQL,CA,AWP,WE,Federal Contract Tower,0,4,4,0,8,0,35,95,0,130,0,39,99,0,138,206,0,206,344
06/23/2022,SQL,CA,AWP,WE,Federal Contract Tower,0,1,4,0,5,0,40,116,0,156,0,41,120,0,161,302,0,302,463
06/24/2022,SQL,CA,AWP,WE,Federal Contract Tower,0,1,9,0,10,0,43,92,0,135,0,44,101,0,145,164,0,164,309
06/25/2022,SQL,CA,AWP,WE,Federal Contract Tower,0,0,6,0,6,0,33,120,0,153,0,33,126,0,159,124,0,124,283
06/26/2022,SQL,CA,AWP,WE,Federal Contract Tower,0,2,15,0,17,0,28,66,0,94,0,30,81,0,111,68,0,68,179
06/27/2022,SQL,CA,AWP,WE,Federal Contract Tower,0,1,8,0,9,0,20,67,0,87,0,21,75,0,96,62,0,62,158
06/28/2022,SQL,CA,AWP,WE,Federal Contract Tower,0,1,7,0,8,0,37,99,0,136,0,38,106,0,144,128,0,128,272
06/29/2022,SQL,CA,AWP,WE,Federal Contract Tower,0,1,10,0,11,0,30,70,0,100,0,31,80,0,111,152,0,152,263
06/30/2022,SQL,CA,AWP,WE,Federal Contract Tower,0,6,15,0,21,0,27,87,2,116,0,33,102,2,137,112,0,112,249
07/01/2022,SQL,CA,AWP,WE,Federal Contract Tower,0,2,11,0,13,0,35,78,0,113,0,37,89,0,126,204,0,204,330
07/02/2022,SQL,CA,AWP,WE,Federal Contract Tower,0,0,22,0,22,0,4,39,0,43,0,4,61,0,65,38,0,38,103
07/03/2022,SQL,CA,AWP,WE,Federal Contract Tower,0,1,11,0,12,0,0,34,0,34,0,1,45,0,46,46,0,46,92
07/04/2022,SQL,CA,AWP,WE,Federal Contract Tower,0,2,5,0,7,0,30,59,0,89,0,32,64,0,96,178,0,178,274
07/05/2022,SQL,CA,AWP,WE,Federal Contract Tower,0,6,19,0,25,0,29,75,2,106,0,35,94,2,131,166,0,166,297
07/06/2022,SQL,CA,AWP,WE,Federal Contract Tower,0,2,16,0,18,0,24,72,0,96,0,26,88,0,114,154,0,154,268
07/07/2022,SQL,CA,AWP,WE,Federal Contract Tower,0,1,17,0,18,0,33,72,0,105,0,34,89,0,123,168,0,168,291
07/08/2022,SQL,CA,AWP,WE,Federal Contract Tower,0,2,9,0,11,0,27,114,0,141,0,29,123,0,152,138,0,138,290
07/09/2022,SQL,CA,AWP,WE,Federal Contract Tower,0,3,7,0,10,0,23,93,0,116,0,26,100,0,126,118,0,118,244
07/10/2022,SQL,CA,AWP,WE,Federal Contract Tower,0,4,6,0,10,0,31,95,0,126,0,35,101,0,136,146,0,146,282
07/11/2022,SQL,CA,AWP,WE,Federal Contract Tower,0,1,2,0,3,0,38,87,0,125,0,39,89,0,128,156,0,156,284
07/12/2022,SQL,CA,AWP,WE,Federal Contract Tower,0,4,13,0,17,0,27,65,0,92,0,31,78,0,109,158,0,158,267
07/13/2022,SQL,CA,AWP,WE,Federal Contract Tower,0,2,19,0,21,0,45,67,0,112,0,47,86,0,133,216,0,216,349
07/14/2022,SQL,CA,AWP,WE,Federal Contract Tower,0,2,6,0,8,0,41,82,0,123,0,43,88,0,131,198,0,198,329
07/15/2022,SQL,CA,AWP,WE,Federal Contract Tower,0,4,4,0,8,0,28,106,0,134,0,32,110,0,142,198,2,200,342
07/16/2022,SQL,CA,AWP,WE,Federal Contract Tower,0,0,10,0,10,0,39,111,0,150,0,39,121,0,160,78,0,78,238
07/17/2022,SQL,CA,AWP,WE,Federal Contract Tower,0,1,5,0,6,0,31,120,0,151,0,32,125,0,157,114,0,114,271
07/18/2022,SQL,CA,AWP,WE,Federal Contract Tower,0,4,6,0,10,0,33,74,0,107,0,37,80,0,117,114,0,114,231
07/19/2022,SQL,CA,AWP,WE,Federal Contract Tower,0,2,9,0,11,0,36,96,0,132,0,38,105,0,143,226,0,226,369
07/20/2022,SQL,CA,AWP,WE,Federal Contract Tower,0,5,12,0,17,0,36,96,0,132,0,41,108,0,149,242,0,242,391
07/21/2022,SQL,CA,AWP,WE,Federal Contract Tower,0,4,14,0,18,0,41,106,0,147,0,45,120,0,165,236,0,236,401
07/22/2022,SQL,CA,AWP,WE,Federal Contract Tower,0,6,9,0,15,0,36,105,0,141,0,42,114,0,156,168,0,168,324
07/23/2022,SQL,CA,AWP,WE,Federal Contract Tower,0,1,10,0,11,0,42,102,0,144,0,43,112,0,155,104,0,104,259
07/24/2022,SQL,CA,AWP,WE,Federal Contract Tower,0,3,5,0,8,0,43,109,0,152,0,46,114,0,160,140,0,140,300
07/25/2022,SQL,CA,AWP,WE,Federal Contract Tower,0,0,13,0,13,0,27,69,0,96,0,27,82,0,109,150,0,150,259
07/26/2022,SQL,CA,AWP,WE,Federal Contract Tower,0,0,11,0,11,0,40,83,0,123,0,40,94,0,134,156,0,156,290
07/27/2022,SQL,CA,AWP,WE,Federal Contract Tower,0,3,11,0,14,0,53,60,2,115,0,56,71,2,129,234,4,238,367
07/28/2022,SQL,CA,AWP,WE,Federal Contract Tower,0,1,7,0,8,0,40,67,0,107,0,41,74,0,115,172,0,172,287
07/29/2022,SQL,CA,AWP,WE,Federal Contract Tower,0,5,8,0,13,0,18,93,0,111,0,23,101,0,124,128,0,128,252
07/30/2022,SQL,CA,AWP,WE,Federal Contract Tower,0,2,16,0,18,0,23,61,0,84,0,25,77,0,102,92,0,92,194
07/31/2022,SQL,CA,AWP,WE,Federal Contract Tower,0,5,8,0,13,0,22,54,0,76,0,27,62,0,89,26,0,26,115
08/01/2022,SQL,CA,AWP,WE,Federal Contract Tower,0,1,14,0,15,0,25,60,0,85,0,26,74,0,100,144,0,144,244
08/02/2022,SQL,CA,AWP,WE,Federal Contract Tower,0,1,5,0,6,0,28,85,0,113,0,29,90,0,119,304,0,304,423
08/03/2022,SQL,CA,AWP,WE,Federal Contract Tower,0,1,12,0,13,0,46,89,0,135,0,47,101,0,148,220,0,220,368
08/04/2022,SQL,CA,AWP,WE,Federal Contract Tower,0,0,8,0,8,0,29,75,0,104,0,29,83,0,112,198,0,198,310
08/05/2022,SQL,CA,AWP,WE,Federal Contract Tower,0,3,10,0,13,0,28,94,0,122,0,31,104,0,135,180,0,180,315
08/06/2022,SQL,CA,AWP,WE,Federal Contract Tower,0,7,12,0,19,0,36,95,4,135,0,43,107,4,154,100,0,100,254
08/07/2022,SQL,CA,AWP,WE,Federal Contract Tower,0,2,9,0,11,0,21,81,0,102,0,23,90,0,113,42,0,42,155
08/08/2022,SQL,CA,AWP,WE,Federal Contract Tower,0,2,5,0,7,0,25,68,0,93,0,27,73,0,100,130,0,130,230
08/09/2022,SQL,CA,AWP,WE,Federal Contract Tower,0,2,11,0,13,0,40,59,0,99,0,42,70,0,112,94,0,94,206
08/10/2022,SQL,CA,AWP,WE,Federal Contract Tower,0,3,14,0,17,0,36,87,0,123,0,39,101,0,140,138,0,138,278
08/11/2022,SQL,CA,AWP,WE,Federal Contract Tower,0,4,6,0,10,0,40,82,0,122,0,44,88,0,132,130,0,130,262
08/12/2022,SQL,CA,AWP,WE,Federal Contract Tower,0,0,12,0,12,0,33,104,0,137,0,33,116,0,149,80,0,80,229
08/13/2022,SQL,CA,AWP,WE,Federal Contract Tower,0,0,11,0,11,0,29,96,0,125,0,29,107,0,136,58,0,58,194
08/14/2022,SQL,CA,AWP,WE,Federal Contract Tower,0,3,13,0,16,0,43,101,0,144,0,46,114,0,160,50,0,50,210
08/15/2022,SQL,CA,AWP,WE,Federal Contract Tower,0,8,9,0,17,0,36,81,0,117,0,44,90,0,134,42,0,42,176
08/16/2022,SQL,CA,AWP,WE,Federal Contract Tower,0,4,10,0,14,0,35,89,0,124,0,39,99,0,138,240,0,240,378
08/17/2022,SQL,CA,AWP,WE,Federal Contract Tower,0,3,7,0,10,0,25,83,0,108,0,28,90,0,118,204,0,204,322
08/18/2022,SQL,CA,AWP,WE,Federal Contract Tower,0,10,20,0,30,0,37,77,0,114,0,47,97,0,144,204,0,204,348
08/19/2022,SQL,CA,AWP,WE,Federal Contract Tower,0,9,7,0,16,0,21,118,0,139,0,30,125,0,155,188,0,188,343
08/20/2022,SQL,CA,AWP,WE,Federal Contract Tower,0,1,9,0,10,0,49,144,0,193,0,50,153,0,203,150,0,150,353
08/21/2022,SQL,CA,AWP,WE,Federal Contract Tower,0,9,4,0,13,0,33,88,0,121,0,42,92,0,134,152,0,152,286
08/22/2022,SQL,CA,AWP,WE,Federal Contract Tower,0,3,2,0,5,0,33,64,2,99,0,36,66,2,104,168,0,168,272
08/23/2022,SQL,CA,AWP,WE,Federal Contract Tower,0,6,7,0,13,0,23,72,0,95,0,29,79,0,108,136,0,136,244
08/24/2022,SQL,CA,AWP,WE,Federal Contract Tower,0,12,7,0,19,0,21,58,0,79,0,33,65,0,98,204,14,218,316
08/25/2022,SQL,CA,AWP,WE,Federal Contract Tower,0,4,8,0,12,0,32,80,0,112,0,36,88,0,124,152,0,152,276
08/26/2022,SQL,CA,AWP,WE,Federal Contract Tower,0,12,13,0,25,0,32,111,0,143,0,44,124,0,168,186,0,186,354
08/27/2022,SQL,CA,AWP,WE,Federal Contract Tower,0,4,8,0,12,0,35,110,0,145,0,39,118,0,157,134,0,134,291
08/28/2022,SQL,CA,AWP,WE,Federal Contract Tower,0,9,16,0,25,0,27,116,0,143,0,36,132,0,168,172,0,172,340
08/29/2022,SQL,CA,AWP,WE,Federal Contract Tower,0,10,15,0,25,0,25,54,0,79,0,35,69,0,104,88,0,88,192
08/30/2022,SQL,CA,AWP,WE,Federal Contract Tower,0,4,16,0,20,0,39,80,4,123,0,43,96,4,143,234,0,234,377
08/31/2022,SQL,CA,AWP,WE,Federal Contract Tower,0,5,15,0,20,0,37,103,0,140,0,42,118,0,160,182,0,182,342
09/01/2022,SQL,CA,AWP,WE,Federal Contract Tower,0,3,11,0,14,0,21,82,0,103,0,24,93,0,117,170,0,170,287
09/02/2022,SQL,CA,AWP,WE,Federal Contract Tower,0,9,14,0,23,0,42,95,0,137,0,51,109,0,160,196,0,196,356
09/03/2022,SQL,CA,AWP,WE,Federal Contract Tower,0,1,5,0,6,0,37,118,0,155,0,38,123,0,161,148,0,148,309
09/04/2022,SQL,CA,AWP,WE,Federal Contract Tower,0,1,8,0,9,0,28,69,0,97,0,29,77,0,106,68,0,68,174
09/05/2022,SQL,CA,AWP,WE,Federal Contract Tower,0,12,9,0,21,0,33,95,0,128,0,45,104,0,149,56,0,56,205
09/07/2022,SQL,CA,AWP,WE,Federal Contract Tower,0,4,8,0,12,0,21,79,0,100,0,25,87,0,112,142,0,142,254
09/08/2022,SQL,CA,AWP,WE,Federal Contract Tower,0,8,8,0,16,0,26,90,0,116,0,34,98,0,132,176,0,176,308
09/09/2022,SQL,CA,AWP,WE,Federal Contract Tower,0,8,6,0,14,0,24,108,0,132,0,32,114,0,146,228,0,228,374
09/10/2022,SQL,CA,AWP,WE,Federal Contract Tower,0,4,10,0,14,0,21,58,0,79,0,25,68,0,93,156,0,156,249
09/11/2022,SQL,CA,AWP,WE,Federal Contract Tower,0,10,14,0,24,0,23,106,0,129,0,33,120,0,153,114,0,114,267
09/12/2022,SQL,CA,AWP,WE,Federal Contract Tower,0,13,5,0,18,0,25,86,0,111,0,38,91,0,129,102,0,102,231
09/13/2022,SQL,CA,AWP,WE,Federal Contract Tower,0,6,10,0,16,0,19,75,0,94,0,25,85,0,110,86,0,86,196
09/14/2022,SQL,CA,AWP,WE,Federal Contract Tower,0,13,5,0,18,0,28,73,0,101,0,41,78,0,119,208,0,208,327
09/15/2022,SQL,CA,AWP,WE,Federal Contract Tower,0,10,11,0,21,0,31,59,0,90,0,41,70,0,111,138,0,138,249
09/16/2022,SQL,CA,AWP,WE,Federal Contract Tower,0,2,8,0,10,0,25,110,0,135,0,27,118,0,145,154,0,154,299
09/17/2022,SQL,CA,AWP,WE,Federal Contract Tower,0,1,13,0,14,0,16,124,0,140,0,17,137,0,154,58,0,58,212
09/18/2022,SQL,CA,AWP,WE,Federal Contract Tower,0,9,13,0,22,0,0,8,0,8,0,9,21,0,30,20,0,20,50
09/19/2022,SQL,CA,AWP,WE,Federal Contract Tower,0,11,20,0,31,0,10,60,0,70,0,21,80,0,101,106,0,106,207
09/20/2022,SQL,CA,AWP,WE,Federal Contract Tower,0,6,5,0,11,0,26,64,0,90,0,32,69,0,101,220,0,220,321
09/21/2022,SQL,CA,AWP,WE,Federal Contract Tower,0,6,9,0,15,0,24,77,0,101,0,30,86,0,116,152,0,152,268
09/22/2022,SQL,CA,AWP,WE,Federal Contract Tower,0,8,4,0,12,0,21,123,0,144,0,29,127,0,156,216,0,216,372
09/23/2022,SQL,CA,AWP,WE,Federal Contract Tower,0,5,9,0,14,0,28,119,0,147,0,33,128,0,161,130,0,130,291
09/24/2022,SQL,CA,AWP,WE,Federal Contract Tower,0,1,4,0,5,0,38,155,2,195,0,39,159,2,200,104,0,104,304
09/25/2022,SQL,CA,AWP,WE,Federal Contract Tower,0,12,14,0,26,0,31,107,0,138,0,43,121,0,164,130,0,130,294
09/26/2022,SQL,CA,AWP,WE,Federal Contract Tower,0,6,6,0,12,0,27,67,0,94,0,33,73,0,106,126,0,126,232
09/27/2022,SQL,CA,AWP,WE,Federal Contract Tower,0,4,15,0,19,0,23,67,0,90,0,27,82,0,109,146,0,146,255
09/28/2022,SQL,CA,AWP,WE,Federal Contract Tower,0,4,2,0,6,0,25,94,0,119,0,29,96,0,125,134,0,134,259
09/29/2022,SQL,CA,AWP,WE,Federal Contract Tower,0,7,6,0,13,0,28,81,0,109,0,35,87,0,122,126,0,126,248
09/30/2022,SQL,CA,AWP,WE,Federal Contract Tower,0,5,4,0,9,0,27,128,0,155,0,32,132,0,164,154,0,154,318
10/01/2022,SQL,CA,AWP,WE,Federal Contract Tower,0,7,23,0,30,0,33,45,0,78,0,40,68,0,108,22,0,22,130
10/02/2022,SQL,CA,AWP,WE,Federal Contract Tower,0,13,12,0,25,0,31,125,0,156,0,44,137,0,181,86,0,86,267
10/03/2022,SQL,CA,AWP,WE,Federal Contract Tower,0,7,5,0,12,0,19,74,0,93,0,26,79,0,105,64,0,64,169
10/04/2022,SQL,CA,AWP,WE,Federal Contract Tower,0,7,17,0,24,0,22,79,0,101,0,29,96,0,125,154,0,154,279
10/05/2022,SQL,CA,AWP,WE,Federal Contract Tower,0,7,4,0,11,0,13,73,0,86,0,20,77,0,97,158,0,158,255
10/06/2022,SQL,CA,AWP,WE,Federal Contract Tower,0,9,13,0,22,0,16,75,0,91,0,25,88,0,113,118,0,118,231
10/07/2022,SQL,CA,AWP,WE,Federal Contract Tower,0,14,8,0,22,0,13,105,0,118,0,27,113,0,140,176,0,176,316
10/08/2022,SQL,CA,AWP,WE,Federal Contract Tower,0,0,4,0,4,0,17,78,0,95,0,17,82,0,99,136,0,136,235
10/09/2022,SQL,CA,AWP,WE,Federal Contract Tower,0,6,18,0,24,0,25,62,0,87,0,31,80,0,111,46,0,46,157
10/10/2022,SQL,CA,AWP,WE,Federal Contract Tower,0,6,18,0,24,0,14,62,0,76,0,20,80,0,100,114,0,114,214
10/11/2022,SQL,CA,AWP,WE,Federal Contract Tower,0,6,11,0,17,0,23,64,0,87,0,29,75,0,104,148,16,164,268
10/12/2022,SQL,CA,AWP,WE,Federal Contract Tower,0,4,16,0,20,0,16,64,0,80,0,20,80,0,100,138,0,138,238
10/13/2022,SQL,CA,AWP,WE,Federal Contract Tower,0,3,15,0,18,0,27,82,0,109,0,30,97,0,127,152,0,152,279
10/14/2022,SQL,CA,AWP,WE,Federal Contract Tower,0,4,18,0,22,0,18,65,0,83,0,22,83,0,105,136,0,136,241
10/15/2022,SQL,CA,AWP,WE,Federal Contract Tower,0,3,17,0,20,0,0,0,0,0,0,3,17,0,20,200,0,200,220
10/16/2022,SQL,CA,AWP,WE,Federal Contract Tower,0,10,19,0,29,0,16,61,0,77,0,26,80,0,106,170,0,170,276
10/17/2022,SQL,CA,AWP,WE,Federal Contract Tower,0,7,5,0,12,0,21,72,2,95,0,28,77,2,107,70,0,70,177
10/18/2022,SQL,CA,AWP,WE,Federal Contract Tower,0,0,10,0,10,0,35,90,0,125,0,35,100,0,135,178,0,178,313
10/19/2022,SQL,CA,AWP,WE,Federal Contract Tower,0,5,8,0,13,0,38,111,0,149,0,43,119,0,162,180,0,180,342
10/20/2022,SQL,CA,AWP,WE,Federal Contract Tower,0,10,7,0,17,0,33,106,0,139,0,43,113,0,156,216,0,216,372
10/21/2022,SQL,CA,AWP,WE,Federal Contract Tower,0,7,21,0,28,0,29,86,0,115,0,36,107,0,143,80,0,80,223
10/22/2022,SQL,CA,AWP,WE,Federal Contract Tower,0,1,8,0,9,0,10,74,0,84,0,11,82,0,93,74,0,74,167
10/23/2022,SQL,CA,AWP,WE,Federal Contract Tower,0,9,7,0,16,0,29,129,0,158,0,38,136,0,174,110,0,110,284
10/24/2022,SQL,CA,AWP,WE,Federal Contract Tower,0,4,5,0,9,0,33,59,0,92,0,37,64,0,101,158,0,158,259
10/25/2022,SQL,CA,AWP,WE,Federal Contract Tower,0,6,9,0,15,0,31,94,0,125,0,37,103,0,140,178,0,178,318
10/26/2022,SQL,CA,AWP,WE,Federal Contract Tower,0,5,8,0,13,0,11,48,0,59,0,16,56,0,72,110,0,110,182
10/27/2022,SQL,CA,AWP,WE,Federal Contract Tower,0,7,4,0,11,0,28,87,0,115,0,35,91,0,126,140,0,140,266
10/28/2022,SQL,CA,AWP,WE,Federal Contract Tower,0,9,7,0,16,0,32,134,0,166,0,41,141,0,182,124,0,124,306
10/29/2022,SQL,CA,AWP,WE,Federal Contract Tower,0,1,9,0,10,0,39,129,0,168,0,40,138,0,178,178,0,178,356
10/30/2022,SQL,CA,AWP,WE,Federal Contract Tower,0,7,10,0,17,0,22,77,0,99,0,29,87,0,116,110,0,110,226
10/31/2022,SQL,CA,AWP,WE,Federal Contract Tower,0,2,14,0,16,0,24,61,0,85,0,26,75,0,101,82,0,82,183
11/01/2022,SQL,CA,AWP,WE,Federal Contract Tower,0,6,14,0,20,0,0,13,0,13,0,6,27,0,33,42,0,42,75
11/02/2022,SQL,CA,AWP,WE,Federal Contract Tower,0,9,12,0,21,0,9,45,0,54,0,18,57,0,75,74,0,74,149
11/03/2022,SQL,CA,AWP,WE,Federal Contract Tower,0,19,15,0,34,0,30,94,0,124,0,49,109,0,158,210,0,210,368
11/04/2022,SQL,CA,AWP,WE,Federal Contract Tower,0,13,14,0,27,0,28,84,0,112,0,41,98,0,139,188,0,188,327
11/05/2022,SQL,CA,AWP,WE,Federal Contract Tower,0,9,23,0,32,0,0,10,0,10,0,9,33,0,42,76,0,76,118
11/06/2022,SQL,CA,AWP,WE,Federal Contract Tower,0,16,14,0,30,0,40,2,0,42,0,56,16,0,72,90,0,90,162
11/07/2022,SQL,CA,AWP,WE,Federal Contract Tower,0,10,11,0,21,0,3,17,0,20,0,13,28,0,41,26,0,26,67
11/08/2022,SQL,CA,AWP,WE,Federal Contract Tower,0,9,5,0,14,0,2,3,0,5,0,11,8,0,19,26,0,26,45
11/09/2022,SQL,CA,AWP,WE,Federal Contract Tower,0,7,6,0,13,0,23,53,0,76,0,30,59,0,89,124,0,124,213
11/10/2022,SQL,CA,AWP,WE,Federal Contract Tower,0,7,6,0,13,0,24,62,0,86,0,31,68,0,99,98,0,98,197
11/11/2022,SQL,CA,AWP,WE,Federal Contract Tower,0,5,4,0,9,0,32,92,0,124,0,37,96,0,133,70,0,70,203
11/12/2022,SQL,CA,AWP,WE,Federal Contract Tower,0,1,7,0,8,0,32,67,0,99,0,33,74,0,107,60,0,60,167
11/13/2022,SQL,CA,AWP,WE,Federal Contract Tower,0,10,8,0,18,0,26,88,0,114,0,36,96,0,132,64,0,64,196
11/14/2022,SQL,CA,AWP,WE,Federal Contract Tower,0,13,6,0,19,0,27,68,0,95,0,40,74,0,114,146,0,146,260
11/15/2022,SQL,CA,AWP,WE,Federal Contract Tower,0,10,7,0,17,0,34,82,0,116,0,44,89,0,133,114,0,114,247
11/16/2022,SQL,CA,AWP,WE,Federal Contract Tower,0,9,7,0,16,0,29,63,0,92,0,38,70,0,108,94,0,94,202
11/17/2022,SQL,CA,AWP,WE,Federal Contract Tower,0,15,5,0,20,0,35,57,0,92,0,50,62,0,112,78,0,78,190
11/18/2022,SQL,CA,AWP,WE,Federal Contract Tower,0,14,10,0,24,0,36,102,0,138,0,50,112,0,162,134,0,134,296
11/19/2022,SQL,CA,AWP,WE,Federal Contract Tower,0,1,1,0,2,0,43,106,0,149,0,44,107,0,151,50,0,50,201
11/20/2022,SQL,CA,AWP,WE,Federal Contract Tower,0,11,5,0,16,0,28,82,0,110,0,39,87,0,126,78,0,78,204
11/21/2022,SQL,CA,AWP,WE,Federal Contract Tower,0,10,6,0,16,0,28,77,0,105,0,38,83,0,121,156,0,156,277
11/22/2022,SQL,CA,AWP,WE,Federal Contract Tower,0,6,7,0,13,0,28,76,0,104,0,34,83,0,117,92,0,92,209
11/23/2022,SQL,CA,AWP,WE,Federal Contract Tower,0,12,7,0,19,0,34,107,0,141,0,46,114,0,160,72,0,72,232
11/24/2022,SQL,CA,AWP,WE,Federal Contract Tower,0,1,1,0,2,0,8,30,0,38,0,9,31,0,40,44,0,44,84
11/25/2022,SQL,CA,AWP,WE,Federal Contract Tower,0,7,7,0,14,0,22,69,0,91,0,29,76,0,105,74,0,74,179
11/26/2022,SQL,CA,AWP,WE,Federal Contract Tower,0,5,5,0,10,0,19,87,0,106,0,24,92,0,116,24,0,24,140
11/27/2022,SQL,CA,AWP,WE,Federal Contract Tower,0,11,10,0,21,0,15,66,0,81,0,26,76,0,102,54,0,54,156
11/28/2022,SQL,CA,AWP,WE,Federal Contract Tower,0,9,7,0,16,0,5,32,0,37,0,14,39,0,53,62,0,62,115
11/29/2022,SQL,CA,AWP,WE,Federal Contract Tower,0,13,1,0,14,0,28,114,0,142,0,41,115,0,156,142,0,142,298
11/30/2022,SQL,CA,AWP,WE,Federal Contract Tower,0,7,6,0,13,0,21,68,0,89,0,28,74,0,102,68,0,68,170
12/01/2022,SQL,CA,AWP,WE,Federal Contract Tower,0,6,11,0,17,0,2,8,0,10,0,8,19,0,27,16,0,16,43
12/02/2022,SQL,CA,AWP,WE,Federal Contract Tower,0,11,1,0,12,0,34,146,0,180,0,45,147,0,192,106,0,106,298
12/03/2022,SQL,CA,AWP,WE,Federal Contract Tower,0,0,2,0,2,0,0,2,0,2,0,0,4,0,4,0,0,0,4
12/04/2022,SQL,CA,AWP,WE,Federal Contract Tower,0,5,6,0,11,0,14,80,0,94,0,19,86,0,105,106,0,106,211
12/05/2022,SQL,CA,AWP,WE,Federal Contract Tower,0,4,2,0,6,0,2,43,0,45,0,6,45,0,51,112,0,112,163
12/06/2022,SQL,CA,AWP,WE,Federal Contract Tower,0,11,11,0,22,0,19,65,0,84,0,30,76,0,106,226,0,226,332
12/07/2022,SQL,CA,AWP,WE,Federal Contract Tower,0,10,10,0,20,0,34,62,0,96,0,44,72,0,116,132,0,132,248
12/08/2022,SQL,CA,AWP,WE,Federal Contract Tower,0,13,7,0,20,0,6,61,0,67,0,19,68,0,87,118,0,118,205
12/09/2022,SQL,CA,AWP,WE,Federal Contract Tower,0,14,13,0,27,0,24,102,0,126,0,38,115,0,153,164,0,164,317
12/10/2022,SQL,CA,AWP,WE,Federal Contract Tower,0,0,3,0,3,0,0,2,0,2,0,0,5,0,5,0,0,0,5
12/11/2022,SQL,CA,AWP,WE,Federal Contract Tower,0,13,4,0,17,0,1,11,0,12,0,14,15,0,29,30,0,30,59
12/12/2022,SQL,CA,AWP,WE,Federal Contract Tower,0,10,10,0,20,0,15,47,0,62,0,25,57,0,82,174,0,174,256
12/13/2022,SQL,CA,AWP,WE,Federal Contract Tower,0,9,6,0,15,0,10,132,0,142,0,19,138,0,157,106,0,106,263
12/14/2022,SQL,CA,AWP,WE,Federal Contract Tower,0,10,9,0,19,0,26,52,0,78,0,36,61,0,97,80,0,80,177
12/15/2022,SQL,CA,AWP,WE,Federal Contract Tower,0,12,7,0,19,0,21,168,0,189,0,33,175,0,208,178,0,178,386
12/16/2022,SQL,CA,AWP,WE,Federal Contract Tower,0,13,9,0,22,0,0,0,0,0,0,13,9,0,22,126,0,126,148
12/17/2022,SQL,CA,AWP,WE,Federal Contract Tower,0,3,0,0,3,0,16,154,0,170,0,19,154,0,173,114,0,114,287
12/18/2022,SQL,CA,AWP,WE,Federal Contract Tower,0,12,12,0,24,0,15,146,0,161,0,27,158,0,185,46,0,46,231
12/19/2022,SQL,CA,AWP,WE,Federal Contract Tower,0,6,17,0,23,0,9,48,0,57,0,15,65,0,80,88,0,88,168
12/20/2022,SQL,CA,AWP,WE,Federal Contract Tower,0,8,8,0,16,0,17,47,0,64,0,25,55,0,80,90,0,90,170
12/21/2022,SQL,CA,AWP,WE,Federal Contract Tower,0,14,6,0,20,0,21,61,0,82,0,35,67,0,102,52,0,52,154
12/22/2022,SQL,CA,AWP,WE,Federal Contract Tower,0,13,13,0,26,0,19,105,0,124,0,32,118,0,150,156,0,156,306
12/23/2022,SQL,CA,AWP,WE,Federal Contract Tower,0,13,13,0,26,0,9,112,0,121,0,22,125,0,147,94,0,94,241
12/24/2022,SQL,CA,AWP,WE,Federal Contract Tower,0,0,3,0,3,0,2,72,0,74,0,2,75,0,77,4,0,4,81
12/25/2022,SQL,CA,AWP,WE,Federal Contract Tower,0,2,3,0,5,0,4,29,0,33,0,6,32,0,38,46,0,46,84
12/26/2022,SQL,CA,AWP,WE,Federal Contract Tower,0,10,18,0,28,0,7,35,0,42,0,17,53,0,70,4,0,4,74
12/27/2022,SQL,CA,AWP,WE,Federal Contract Tower,0,4,9,0,13,0,0,2,0,2,0,4,11,0,15,0,0,0,15
12/28/2022,SQL,CA,AWP,WE,Federal Contract Tower,0,7,12,0,19,0,23,57,0,80,0,30,69,0,99,98,0,98,197
12/29/2022,SQL,CA,AWP,WE,Federal Contract Tower,0,11,21,0,32,0,0,4,0,4,0,11,25,0,36,20,0,20,56
12/30/2022,SQL,CA,AWP,WE,Federal Contract Tower,0,10,10,0,20,0,0,0,0,0,0,10,10,0,20,0,0,0,20
12/31/2022,SQL,CA,AWP,WE,Federal Contract Tower,0,0,0,0,0,0,0,0,0,0,0,0,0,0,0,0,0,0,0
01/01/2023,SQL,CA,AWP,WE,Federal Contract Tower,0,1,4,0,5,0,27,86,0,113,0,28,90,0,118,44,0,44,162
01/02/2023,SQL,CA,AWP,WE,Federal Contract Tower,0,11,3,0,14,0,10,18,0,28,0,21,21,0,42,52,0,52,94
01/03/2023,SQL,CA,AWP,WE,Federal Contract Tower,0,17,15,0,32,0,16,34,0,50,0,33,49,0,82,122,0,122,204
01/04/2023,SQL,CA,AWP,WE,Federal Contract Tower,0,4,2,0,6,0,0,2,0,2,0,4,4,0,8,0,0,0,8
01/05/2023,SQL,CA,AWP,WE,Federal Contract Tower,0,7,6,0,13,0,0,6,0,6,0,7,12,0,19,2,0,2,21
01/06/2023,SQL,CA,AWP,WE,Federal Contract Tower,0,17,13,0,30,0,15,104,0,119,0,32,117,0,149,16,0,16,165
01/07/2023,SQL,CA,AWP,WE,Federal Contract Tower,0,2,1,0,3,0,2,8,0,10,0,4,9,0,13,22,0,22,35
01/08/2023,SQL,CA,AWP,WE,Federal Contract Tower,0,12,12,0,24,0,15,26,0,41,0,27,38,0,65,86,0,86,151
01/09/2023,SQL,CA,AWP,WE,Federal Contract Tower,0,2,4,0,6,0,7,12,0,19,0,9,16,0,25,34,0,34,59
01/11/2023,SQL,CA,AWP,WE,Federal Contract Tower,0,10,9,0,19,0,0,3,0,3,0,10,12,0,22,20,0,20,42
01/12/2023,SQL,CA,AWP,WE,Federal Contract Tower,0,7,12,0,19,0,19,84,0,103,0,26,96,0,122,100,0,100,222
01/13/2023,SQL,CA,AWP,WE,Federal Contract Tower,0,15,22,0,37,0,2,29,0,31,0,17,51,0,68,2,0,2,70
01/14/2023,SQL,CA,AWP,WE,Federal Contract Tower,0,0,3,0,3,0,0,0,0,0,0,0,3,0,3,0,0,0,3
01/15/2023,SQL,CA,AWP,WE,Federal Contract Tower,0,4,11,0,15,0,0,25,0,25,0,4,36,0,40,58,0,58,98
01/16/2023,SQL,CA,AWP,WE,Federal Contract Tower,0,11,4,0,15,0,7,33,0,40,0,18,37,0,55,78,0,78,133
01/17/2023,SQL,CA,AWP,WE,Federal Contract Tower,0,10,6,0,16,0,25,62,0,87,0,35,68,0,103,96,0,96,199
01/18/2023,SQL,CA,AWP,WE,Federal Contract Tower,0,5,4,0,9,0,16,33,0,49,0,21,37,0,58,96,0,96,154
01/19/2023,SQL,CA,AWP,WE,Federal Contract Tower,0,10,7,0,17,0,1,40,0,41,0,11,47,0,58,12,0,12,70
01/20/2023,SQL,CA,AWP,WE,Federal Contract Tower,0,10,4,0,14,0,44,196,0,240,0,54,200,0,254,154,0,154,408
01/21/2023,SQL,CA,AWP,WE,Federal Contract Tower,0,0,8,0,8,0,10,165,0,175,0,10,173,0,183,78,0,78,261
01/22/2023,SQL,CA,AWP,WE,Federal Contract Tower,0,10,6,0,16,0,16,125,0,141,0,26,131,0,157,84,0,84,241
01/23/2023,SQL,CA,AWP,WE,Federal Contract Tower,0,12,5,0,17,0,16,145,0,161,0,28,150,0,178,114,0,114,292
01/24/2023,SQL,CA,AWP,WE,Federal Contract Tower,0,9,7,0,16,0,0,155,0,155,0,9,162,0,171,134,0,134,305
01/25/2023,SQL,CA,AWP,WE,Federal Contract Tower,0,10,5,0,15,0,14,75,0,89,0,24,80,0,104,146,2,148,252
01/26/2023,SQL,CA,AWP,WE,Federal Contract Tower,0,12,1,0,13,0,13,158,0,171,0,25,159,0,184,194,0,194,378
01/27/2023,SQL,CA,AWP,WE,Federal Contract Tower,0,14,11,0,25,0,17,175,0,192,0,31,186,0,217,146,0,146,363
01/28/2023,SQL,CA,AWP,WE,Federal Contract Tower,0,1,15,0,16,0,12,101,0,113,0,13,116,0,129,114,0,114,243
01/29/2023,SQL,CA,AWP,WE,Federal Contract Tower,0,11,11,0,22,0,5,71,0,76,0,16,82,0,98,80,0,80,178
01/30/2023,SQL,CA,AWP,WE,Federal Contract Tower,0,4,9,0,13,0,31,86,0,117,0,35,95,0,130,200,0,200,330
01/31/2023,SQL,CA,AWP,WE,Federal Contract Tower,0,6,9,0,15,0,2,164,0,166,0,8,173,0,181,120,0,120,301
02/01/2023,SQL,CA,AWP,WE,Federal Contract Tower,0,11,3,0,14,0,5,68,0,73,0,16,71,0,87,72,0,72,159
02/02/2023,SQL,CA,AWP,WE,Federal Contract Tower,0,13,6,0,19,0,7,122,0,129,0,20,128,0,148,94,0,94,242
02/03/2023,SQL,CA,AWP,WE,Federal Contract Tower,0,14,23,0,37,0,1,15,1,17,0,15,38,1,54,22,0,22,76
02/04/2023,SQL,CA,AWP,WE,Federal Contract Tower,0,0,23,0,23,0,0,17,0,17,0,0,40,0,40,22,0,22,62
02/05/2023,SQL,CA,AWP,WE,Federal Contract Tower,0,10,7,0,17,0,0,20,0,20,0,10,27,0,37,22,0,22,59
02/06/2023,SQL,CA,AWP,WE,Federal Contract Tower,0,9,4,0,13,0,18,81,0,99,0,27,85,0,112,92,0,92,204
02/07/2023,SQL,CA,AWP,WE,Federal Contract Tower,0,0,8,0,8,0,4,180,0,184,0,4,188,0,192,166,0,166,358
02/08/2023,SQL,CA,AWP,WE,Federal Contract Tower,0,10,4,0,14,0,7,96,0,103,0,17,100,0,117,110,0,110,227
02/09/2023,SQL,CA,AWP,WE,Federal Contract Tower,0,13,9,0,22,0,4,176,0,180,0,17,185,0,202,180,0,180,382
02/10/2023,SQL,CA,AWP,WE,Federal Contract Tower,0,16,20,0,36,0,5,86,0,91,0,21,106,0,127,126,0,126,253
02/11/2023,SQL,CA,AWP,WE,Federal Contract Tower,0,0,1,0,1,0,9,84,0,93,0,9,85,0,94,94,0,94,188
02/12/2023,SQL,CA,AWP,WE,Federal Contract Tower,0,17,6,0,23,0,23,135,0,158,0,40,141,0,181,106,0,106,287
02/13/2023,SQL,CA,AWP,WE,Federal Contract Tower,0,13,15,0,28,0,5,30,0,35,0,18,45,0,63,18,0,18,81
02/14/2023,SQL,CA,AWP,WE,Federal Contract Tower,0,6,11,0,17,0,2,31,0,33,0,8,42,0,50,6,0,6,56
02/17/2023,SQL,CA,AWP,WE,Federal Contract Tower,0,16,5,0,21,0,7,223,0,230,0,23,228,0,251,180,0,180,431
02/18/2023,SQL,CA,AWP,WE,Federal Contract Tower,0,2,5,0,7,0,10,73,0,83,0,12,78,0,90,68,0,68,158
02/19/2023,SQL,CA,AWP,WE,Federal Contract Tower,0,13,8,0,21,0,12,61,0,73,0,25,69,0,94,62,0,62,156
02/20/2023,SQL,CA,AWP,WE,Federal Contract Tower,0,13,9,0,22,0,31,84,0,115,0,44,93,0,137,90,0,90,227
02/21/2023,SQL,CA,AWP,WE,Federal Contract Tower,0,2,4,0,6,0,5,28,0,33,0,7,32,0,39,6,0,6,45
02/22/2023,SQL,CA,AWP,WE,Federal Contract Tower,0,2,6,0,8,0,1,16,0,17,0,3,22,0,25,0,0,0,25
02/23/2023,SQL,CA,AWP,WE,Federal Contract Tower,0,3,4,0,7,0,2,22,0,24,0,5,26,0,31,30,0,30,61
02/24/2023,SQL,CA,AWP,WE,Federal Contract Tower,0,4,4,0,8,0,0,0,0,0,0,4,4,0,8,78,0,78,86
02/25/2023,SQL,CA,AWP,WE,Federal Contract Tower,0,1,9,0,10,0,1,58,0,59,0,2,67,0,69,204,0,204,273
02/26/2023,SQL,CA,AWP,WE,Federal Contract Tower,0,9,13,0,22,0,0,9,0,9,0,9,22,0,31,8,0,8,39
02/27/2023,SQL,CA,AWP,WE,Federal Contract Tower,0,1,8,0,9,0,0,4,2,6,0,1,12,2,15,0,2,2,17
02/28/2023,SQL,CA,AWP,WE,Federal Contract Tower,0,4,8,0,12,0,1,5,0,6,0,5,13,0,18,6,0,6,24
03/01/2023,SQL,CA,AWP,WE,Federal Contract Tower,0,6,3,0,9,0,7,56,0,63,0,13,59,0,72,142,0,142,214
03/02/2023,SQL,CA,AWP,WE,Federal Contract Tower,0,11,3,0,14,0,4,120,0,124,0,15,123,0,138,108,0,108,246
03/03/2023,SQL,CA,AWP,WE,Federal Contract Tower,0,14,8,0,22,0,15,139,0,154,0,29,147,0,176,198,0,198,374
03/04/2023,SQL,CA,AWP,WE,Federal Contract Tower,0,1,6,0,7,0,3,25,0,28,0,4,31,0,35,6,0,6,41
03/05/2023,SQL,CA,AWP,WE,Federal Contract Tower,0,11,8,0,19,0,10,36,0,46,0,21,44,0,65,12,0,12,77
03/07/2023,SQL,CA,AWP,WE,Federal Contract Tower,0,7,8,0,15,0,14,73,0,87,0,21,81,0,102,132,0,132,234
03/08/2023,SQL,CA,AWP,WE,Federal Contract Tower,0,6,9,0,15,0,4,83,0,87,0,10,92,0,102,178,0,178,280
03/09/2023,SQL,CA,AWP,WE,Federal Contract Tower,0,3,1,0,4,0,0,5,0,5,0,3,6,0,9,2,0,2,11
03/10/2023,SQL,CA,AWP,WE,Federal Contract Tower,0,12,8,0,20,0,14,55,2,71,0,26,63,2,91,78,0,78,169
03/11/2023,SQL,CA,AWP,WE,Federal Contract Tower,0,0,11,0,11,0,0,28,0,28,0,0,39,0,39,42,0,42,81
03/12/2023,SQL,CA,AWP,WE,Federal Contract Tower,0,11,10,0,21,0,4,1,0,5,0,15,11,0,26,6,0,6,32
03/13/2023,SQL,CA,AWP,WE,Federal Contract Tower,0,8,7,0,15,0,7,10,0,17,0,15,17,0,32,34,0,34,66
03/14/2023,SQL,CA,AWP,WE,Federal Contract Tower,0,0,5,0,5,0,0,1,0,1,0,0,6,0,6,0,0,0,6
03/15/2023,SQL,CA,AWP,WE,Federal Contract Tower,0,10,9,0,19,0,6,109,0,115,0,16,118,0,134,240,0,240,374
03/16/2023,SQL,CA,AWP,WE,Federal Contract Tower,0,14,6,0,20,0,14,148,0,162,0,28,154,0,182,170,0,170,352
03/17/2023,SQL,CA,AWP,WE,Federal Contract Tower,0,16,7,0,23,0,2,164,0,166,0,18,171,0,189,176,0,176,365
03/18/2023,SQL,CA,AWP,WE,Federal Contract Tower,0,3,6,0,9,0,2,209,0,211,0,5,215,0,220,80,0,80,300
03/19/2023,SQL,CA,AWP,WE,Federal Contract Tower,0,14,15,0,29,0,1,4,0,5,0,15,19,0,34,30,0,30,64
03/20/2023,SQL,CA,AWP,WE,Federal Contract Tower,0,9,12,0,21,0,23,55,0,78,0,32,67,0,99,88,0,88,187
03/21/2023,SQL,CA,AWP,WE,Federal Contract Tower,0,2,9,0,11,0,0,0,0,0,0,2,9,0,11,0,0,0,11
03/22/2023,SQL,CA,AWP,WE,Federal Contract Tower,0,6,5,0,11,0,0,39,0,39,0,6,44,0,50,156,0,156,206
03/23/2023,SQL,CA,AWP,WE,Federal Contract Tower,0,13,13,0,26,0,1,51,0,52,0,14,64,0,78,62,0,62,140
03/24/2023,SQL,CA,AWP,WE,Federal Contract Tower,0,10,4,0,14,0,3,146,0,149,0,13,150,0,163,156,0,156,319
03/25/2023,SQL,CA,AWP,WE,Federal Contract Tower,0,1,2,0,3,0,3,127,0,130,0,4,129,0,133,138,0,138,271
03/26/2023,SQL,CA,AWP,WE,Federal Contract Tower,0,6,5,0,11,0,18,141,0,159,0,24,146,0,170,106,0,106,276
03/27/2023,SQL,CA,AWP,WE,Federal Contract Tower,0,7,1,0,8,0,11,66,0,77,0,18,67,0,85,128,0,128,213
03/28/2023,SQL,CA,AWP,WE,Federal Contract Tower,0,5,3,0,8,0,0,0,0,0,0,5,3,0,8,0,0,0,8
03/30/2023,SQL,CA,AWP,WE,Federal Contract Tower,0,11,10,0,21,0,0,100,0,100,0,11,110,0,121,148,0,148,269
03/31/2023,SQL,CA,AWP,WE,Federal Contract Tower,0,9,12,0,21,0,0,189,0,189,0,9,201,0,210,126,0,126,336
04/01/2023,SQL,CA,AWP,WE,Federal Contract Tower,0,3,7,0,10,0,7,157,0,164,0,10,164,0,174,104,0,104,278
04/02/2023,SQL,CA,AWP,WE,Federal Contract Tower,0,20,24,0,44,0,14,102,0,116,0,34,126,0,160,118,0,118,278
04/03/2023,SQL,CA,AWP,WE,Federal Contract Tower,0,10,1,0,11,0,1,54,0,55,0,11,55,0,66,10,0,10,76
04/04/2023,SQL,CA,AWP,WE,Federal Contract Tower,0,14,6,0,20,0,6,107,0,113,0,20,113,0,133,148,0,148,281
04/05/2023,SQL,CA,AWP,WE,Federal Contract Tower,0,15,3,0,18,0,11,90,0,101,0,26,93,0,119,82,0,82,201
04/06/2023,SQL,CA,AWP,WE,Federal Contract Tower,0,10,3,0,13,0,4,188,0,192,0,14,191,0,205,88,0,88,293
04/07/2023,SQL,CA,AWP,WE,Federal Contract Tower,0,10,23,0,33,0,0,57,0,57,0,10,80,0,90,76,0,76,166
04/08/2023,SQL,CA,AWP,WE,Federal Contract Tower,0,4,16,0,20,0,19,126,0,145,0,23,142,0,165,86,0,86,251
04/09/2023,SQL,CA,AWP,WE,Federal Contract Tower,0,6,4,0,10,0,11,152,0,163,0,17,156,0,173,78,0,78,251
04/10/2023,SQL,CA,AWP,WE,Federal Contract Tower,0,8,6,0,14,0,7,155,0,162,0,15,161,0,176,56,0,56,232
04/11/2023,SQL,CA,AWP,WE,Federal Contract Tower,0,7,13,0,20,0,5,104,0,109,0,12,117,0,129,48,0,48,177
04/12/2023,SQL,CA,AWP,WE,Federal Contract Tower,0,3,4,0,7,0,4,18,0,22,0,7,22,0,29,0,0,0,29
04/13/2023,SQL,CA,AWP,WE,Federal Contract Tower,0,9,8,0,17,0,13,119,0,132,0,22,127,0,149,102,0,102,251
04/14/2023,SQL,CA,AWP,WE,Federal Contract Tower,0,5,6,0,11,0,26,179,0,205,0,31,185,0,216,108,0,108,324
04/15/2023,SQL,CA,AWP,WE,Federal Contract Tower,0,3,13,0,16,0,14,141,0,155,0,17,154,0,171,128,0,128,299
04/16/2023,SQL,CA,AWP,WE,Federal Contract Tower,0,12,15,0,27,0,27,88,0,115,0,39,103,0,142,108,0,108,250
04/17/2023,SQL,CA,AWP,WE,Federal Contract Tower,0,13,9,0,22,0,28,43,0,71,0,41,52,0,93,20,8,28,121
04/18/2023,SQL,CA,AWP,WE,Federal Contract Tower,0,13,7,0,20,0,23,115,0,138,0,36,122,0,158,58,0,58,216
04/19/2023,SQL,CA,AWP,WE,Federal Contract Tower,0,5,12,0,17,0,28,90,0,118,0,33,102,0,135,98,0,98,233
04/20/2023,SQL,CA,AWP,WE,Federal Contract Tower,0,9,4,0,13,0,12,47,0,59,0,21,51,0,72,2,0,2,74
04/21/2023,SQL,CA,AWP,WE,Federal Contract Tower,0,7,6,0,13,0,0,234,0,234,0,7,240,0,247,32,0,32,279
04/22/2023,SQL,CA,AWP,WE,Federal Contract Tower,0,2,10,0,12,0,14,111,0,125,0,16,121,0,137,70,0,70,207
04/23/2023,SQL,CA,AWP,WE,Federal Contract Tower,0,16,18,0,34,0,7,120,0,127,0,23,138,0,161,44,0,44,205
04/24/2023,SQL,CA,AWP,WE,Federal Contract Tower,0,9,4,0,13,0,11,89,0,100,0,20,93,0,113,24,0,24,137
04/25/2023,SQL,CA,AWP,WE,Federal Contract Tower,0,6,16,0,22,0,20,103,0,123,0,26,119,0,145,70,0,70,215
04/26/2023,SQL,CA,AWP,WE,Federal Contract Tower,0,7,6,0,13,0,22,124,0,146,0,29,130,0,159,124,0,124,283
04/27/2023,SQL,CA,AWP,WE,Federal Contract Tower,0,5,4,0,9,0,0,0,0,0,0,5,4,0,9,0,0,0,9
04/28/2023,SQL,CA,AWP,WE,Federal Contract Tower,0,13,11,0,24,0,7,136,0,143,0,20,147,0,167,0,0,0,167
04/29/2023,SQL,CA,AWP,WE,Federal Contract Tower,0,1,20,0,21,0,17,89,0,106,0,18,109,0,127,88,0,88,215
04/30/2023,SQL,CA,AWP,WE,Federal Contract Tower,0,11,15,0,26,0,2,55,0,57,0,13,70,0,83,18,0,18,101
05/01/2023,SQL,CA,AWP,WE,Federal Contract Tower,0,9,17,0,26,0,2,59,0,61,0,11,76,0,87,24,0,24,111
05/02/2023,SQL,CA,AWP,WE,Federal Contract Tower,0,7,5,0,12,0,5,84,0,89,0,12,89,0,101,20,0,20,121
05/03/2023,SQL,CA,AWP,WE,Federal Contract Tower,0,2,9,0,11,0,4,70,0,74,0,6,79,0,85,42,0,42,127
05/04/2023,SQL,CA,AWP,WE,Federal Contract Tower,0,5,13,0,18,0,15,21,0,36,0,20,34,0,54,2,0,2,56
05/05/2023,SQL,CA,AWP,WE,Federal Contract Tower,0,6,12,0,18,0,0,103,0,103,0,6,115,0,121,0,0,0,121
05/06/2023,SQL,CA,AWP,WE,Federal Contract Tower,0,1,13,0,14,0,2,49,0,51,0,3,62,0,65,46,0,46,111
05/07/2023,SQL,CA,AWP,WE,Federal Contract Tower,0,10,13,0,23,0,9,53,0,62,0,19,66,0,85,42,0,42,127
05/08/2023,SQL,CA,AWP,WE,Federal Contract Tower,0,12,11,0,23,0,7,48,0,55,0,19,59,0,78,58,0,58,136
05/09/2023,SQL,CA,AWP,WE,Federal Contract Tower,0,9,18,0,27,0,8,107,0,115,0,17,125,0,142,58,0,58,200
05/10/2023,SQL,CA,AWP,WE,Federal Contract Tower,0,13,15,0,28,0,16,93,0,109,0,29,108,0,137,56,0,56,193
05/11/2023,SQL,CA,AWP,WE,Federal Contract Tower,0,8,10,0,18,0,12,30,0,42,0,20,40,0,60,0,0,0,60
05/12/2023,SQL,CA,AWP,WE,Federal Contract Tower,0,7,9,0,16,0,3,143,0,146,0,10,152,0,162,0,0,0,162
05/13/2023,SQL,CA,AWP,WE,Federal Contract Tower,0,1,14,0,15,0,21,124,2,147,0,22,138,2,162,98,0,98,260
05/14/2023,SQL,CA,AWP,WE,Federal Contract Tower,0,5,3,0,8,0,14,123,0,137,0,19,126,0,145,84,0,84,229
05/15/2023,SQL,CA,AWP,WE,Federal Contract Tower,0,12,15,0,27,0,2,141,0,143,0,14,156,0,170,24,0,24,194
05/16/2023,SQL,CA,AWP,WE,Federal Contract Tower,0,9,8,0,17,0,19,98,0,117,0,28,106,0,134,84,0,84,218
05/17/2023,SQL,CA,AWP,WE,Federal Contract Tower,0,7,22,0,29,0,11,93,0,104,0,18,115,0,133,82,0,82,215
05/18/2023,SQL,CA,AWP,WE,Federal Contract Tower,0,10,9,0,19,0,11,27,0,38,0,21,36,0,57,0,0,0,57
05/19/2023,SQL,CA,AWP,WE,Federal Contract Tower,0,9,12,0,21,0,1,94,0,95,0,10,106,0,116,0,0,0,116
05/20/2023,SQL,CA,AWP,WE,Federal Contract Tower,0,4,16,0,20,0,4,104,0,108,0,8,120,0,128,6,0,6,134
05/21/2023,SQL,CA,AWP,WE,Federal Contract Tower,0,13,19,0,32,0,7,137,8,152,0,20,156,8,184,46,0,46,230
05/22/2023,SQL,CA,AWP,WE,Federal Contract Tower,0,13,14,0,27,0,6,79,0,85,0,19,93,0,112,56,0,56,168
05/23/2023,SQL,CA,AWP,WE,Federal Contract Tower,0,11,15,0,26,0,9,132,0,141,0,20,147,0,167,76,0,76,243
05/24/2023,SQL,CA,AWP,WE,Federal Contract Tower,0,13,15,0,28,0,7,120,0,127,0,20,135,0,155,102,0,102,257
05/25/2023,SQL,CA,AWP,WE,Federal Contract Tower,0,9,8,0,17,0,20,29,0,49,0,29,37,0,66,0,0,0,66
05/26/2023,SQL,CA,AWP,WE,Federal Contract Tower,0,10,18,0,28,0,1,110,0,111,0,11,128,0,139,4,0,4,143
05/27/2023,SQL,CA,AWP,WE,Federal Contract Tower,0,3,5,0,8,0,10,99,0,109,0,13,104,0,117,42,0,42,159
05/28/2023,SQL,CA,AWP,WE,Federal Contract Tower,0,3,12,0,15,0,3,78,0,81,0,6,90,0,96,36,0,36,132
05/29/2023,SQL,CA,AWP,WE,Federal Contract Tower,0,22,16,0,38,0,25,131,0,156,0,47,147,0,194,74,0,74,268
05/30/2023,SQL,CA,AWP,WE,Federal Contract Tower,0,7,13,0,20,0,17,118,0,135,0,24,131,0,155,26,0,26,181
05/31/2023,SQL,CA,AWP,WE,Federal Contract Tower,0,13,16,0,29,0,5,102,0,107,0,18,118,0,136,50,0,50,186
06/01/2023,SQL,CA,AWP,WE,Federal Contract Tower,0,6,5,0,11,0,12,43,0,55,0,18,48,0,66,0,0,0,66
06/02/2023,SQL,CA,AWP,WE,Federal Contract Tower,0,0,0,0,0,0,0,164,0,164,0,0,164,0,164,4,0,4,168
06/03/2023,SQL,CA,AWP,WE,Federal Contract Tower,0,1,8,0,9,0,16,116,0,132,0,17,124,0,141,104,0,104,245
06/04/2023,SQL,CA,AWP,WE,Federal Contract Tower,0,13,8,0,21,0,15,112,0,127,0,28,120,0,148,92,0,92,240
06/05/2023,SQL,CA,AWP,WE,Federal Contract Tower,0,16,10,0,26,0,19,69,0,88,0,35,79,0,114,106,0,106,220
06/06/2023,SQL,CA,AWP,WE,Federal Contract Tower,0,11,9,0,20,0,4,113,0,117,0,15,122,0,137,36,0,36,173
06/07/2023,SQL,CA,AWP,WE,Federal Contract Tower,0,11,15,0,26,0,15,79,0,94,0,26,94,0,120,78,0,78,198
06/08/2023,SQL,CA,AWP,WE,Federal Contract Tower,0,5,9,0,14,0,7,34,0,41,0,12,43,0,55,28,0,28,83
06/09/2023,SQL,CA,AWP,WE,Federal Contract Tower,0,10,12,0,22,0,0,107,0,107,0,10,119,0,129,8,0,8,137
06/10/2023,SQL,CA,AWP,WE,Federal Contract Tower,0,2,12,0,14,0,9,76,0,85,0,11,88,0,99,0,0,0,99
06/11/2023,SQL,CA,AWP,WE,Federal Contract Tower,0,10,17,0,27,0,7,75,0,82,0,17,92,0,109,56,0,56,165
06/12/2023,SQL,CA,AWP,WE,Federal Contract Tower,0,5,6,0,11,0,24,93,0,117,0,29,99,0,128,68,0,68,196
06/13/2023,SQL,CA,AWP,WE,Federal Contract Tower,0,9,8,0,17,0,24,116,0,140,0,33,124,0,157,128,0,128,285
06/14/2023,SQL,CA,AWP,WE,Federal Contract Tower,0,6,9,0,15,0,18,147,0,165,0,24,156,0,180,104,0,104,284
06/15/2023,SQL,CA,AWP,WE,Federal Contract Tower,0,6,5,0,11,0,26,49,0,75,0,32,54,0,86,90,0,90,176
06/16/2023,SQL,CA,AWP,WE,Federal Contract Tower,0,9,4,0,13,0,0,187,0,187,0,9,191,0,200,20,0,20,220
06/17/2023,SQL,CA,AWP,WE,Federal Contract Tower,0,1,8,0,9,0,0,85,0,85,0,1,93,0,94,44,0,44,138
06/18/2023,SQL,CA,AWP,WE,Federal Contract Tower,0,13,7,0,20,0,15,67,0,82,0,28,74,0,102,4,0,4,106
06/19/2023,SQL,CA,AWP,WE,Federal Contract Tower,0,5,8,0,13,0,9,31,0,40,0,14,39,0,53,0,0,0,53
06/20/2023,SQL,CA,AWP,WE,Federal Contract Tower,0,10,5,0,15,0,2,22,0,24,0,12,27,0,39,0,0,0,39
06/21/2023,SQL,CA,AWP,WE,Federal Contract Tower,0,14,9,0,23,0,20,116,0,136,0,34,125,0,159,12,0,12,171
06/22/2023,SQL,CA,AWP,WE,Federal Contract Tower,0,8,10,0,18,0,26,40,0,66,0,34,50,0,84,4,0,4,88
06/23/2023,SQL,CA,AWP,WE,Federal Contract Tower,0,24,12,0,36,0,0,0,0,0,0,24,12,0,36,8,0,8,44
06/24/2023,SQL,CA,AWP,WE,Federal Contract Tower,0,6,10,0,16,0,10,91,0,101,0,16,101,0,117,88,0,88,205
06/25/2023,SQL,CA,AWP,WE,Federal Contract Tower,0,14,21,0,35,0,9,73,0,82,0,23,94,0,117,54,0,54,171
06/26/2023,SQL,CA,AWP,WE,Federal Contract Tower,0,13,12,0,25,0,10,59,0,69,0,23,71,0,94,140,0,140,234
06/27/2023,SQL,CA,AWP,WE,Federal Contract Tower,0,13,10,0,23,0,20,95,0,115,0,33,105,0,138,58,0,58,196
06/28/2023,SQL,CA,AWP,WE,Federal Contract Tower,0,10,7,0,17,0,14,131,0,145,0,24,138,0,162,178,0,178,340
06/29/2023,SQL,CA,AWP,WE,Federal Contract Tower,0,10,5,0,15,0,25,66,0,91,0,35,71,0,106,114,0,114,220
06/30/2023,SQL,CA,AWP,WE,Federal Contract Tower,0,12,6,0,18,0,2,204,0,206,0,14,210,0,224,136,0,136,360
07/01/2023,SQL,CA,AWP,WE,Federal Contract Tower,0,3,9,0,12,0,15,136,0,151,0,18,145,0,163,150,0,150,313
07/02/2023,SQL,CA,AWP,WE,Federal Contract Tower,0,2,9,1,12,0,18,135,0,153,0,20,144,1,165,72,0,72,237
07/03/2023,SQL,CA,AWP,WE,Federal Contract Tower,0,4,11,0,15,0,18,118,0,136,0,22,129,0,151,112,0,112,263
07/04/2023,SQL,CA,AWP,WE,Federal Contract Tower,0,3,7,0,10,0,10,74,0,84,0,13,81,0,94,90,0,90,184
07/05/2023,SQL,CA,AWP,WE,Federal Contract Tower,0,4,10,0,14,0,24,40,0,64,0,28,50,0,78,14,0,14,92
07/06/2023,SQL,CA,AWP,WE,Federal Contract Tower,0,11,13,0,24,0,21,106,0,127,0,32,119,0,151,102,0,102,253
07/07/2023,SQL,CA,AWP,WE,Federal Contract Tower,0,9,9,0,18,0,1,46,0,47,0,10,55,0,65,28,0,28,93
07/09/2023,SQL,CA,AWP,WE,Federal Contract Tower,0,18,13,0,31,0,15,72,0,87,0,33,85,0,118,92,0,92,210
07/10/2023,SQL,CA,AWP,WE,Federal Contract Tower,0,16,13,0,29,0,21,94,0,115,0,37,107,0,144,302,0,302,446
07/11/2023,SQL,CA,AWP,WE,Federal Contract Tower,0,12,4,0,16,0,17,117,0,134,0,29,121,0,150,124,0,124,274
07/12/2023,SQL,CA,AWP,WE,Federal Contract Tower,0,7,7,0,14,0,0,145,0,145,0,7,152,0,159,66,0,66,225
07/13/2023,SQL,CA,AWP,WE,Federal Contract Tower,0,7,8,0,15,0,3,105,0,108,0,10,113,0,123,88,0,88,211
07/14/2023,SQL,CA,AWP,WE,Federal Contract Tower,0,17,12,0,29,0,3,202,0,205,0,20,214,0,234,130,0,130,364
07/15/2023,SQL,CA,AWP,WE,Federal Contract Tower,0,3,12,0,15,0,4,177,0,181,0,7,189,0,196,172,0,172,368
07/16/2023,SQL,CA,AWP,WE,Federal Contract Tower,0,13,7,0,20,0,4,177,0,181,0,17,184,0,201,110,0,110,311
07/17/2023,SQL,CA,AWP,WE,Federal Contract Tower,0,11,6,0,17,0,9,148,0,157,0,20,154,0,174,40,0,40,214
07/18/2023,SQL,CA,AWP,WE,Federal Contract Tower,0,12,0,0,12,0,2,194,0,196,0,14,194,0,208,118,0,118,326
07/19/2023,SQL,CA,AWP,WE,Federal Contract Tower,0,6,8,0,14,0,14,126,2,142,0,20,134,2,156,206,0,206,362
07/20/2023,SQL,CA,AWP,WE,Federal Contract Tower,0,8,8,0,16,0,24,39,0,63,0,32,47,0,79,154,0,154,233
07/21/2023,SQL,CA,AWP,WE,Federal Contract Tower,0,10,4,0,14,0,0,210,0,210,0,10,214,0,224,8,0,8,232
07/22/2023,SQL,CA,AWP,WE,Federal Contract Tower,0,2,14,0,16,0,12,145,0,157,0,14,159,0,173,118,0,118,291
07/23/2023,SQL,CA,AWP,WE,Federal Contract Tower,0,11,8,0,19,0,25,139,0,164,0,36,147,0,183,66,0,66,249
07/24/2023,SQL,CA,AWP,WE,Federal Contract Tower,0,11,5,0,16,0,25,94,2,121,0,36,99,2,137,98,0,98,235
07/25/2023,SQL,CA,AWP,WE,Federal Contract Tower,0,6,5,0,11,0,12,123,0,135,0,18,128,0,146,126,0,126,272
07/26/2023,SQL,CA,AWP,WE,Federal Contract Tower,0,6,7,0,13,0,11,98,0,109,0,17,105,0,122,116,0,116,238
07/27/2023,SQL,CA,AWP,WE,Federal Contract Tower,0,6,3,0,9,0,17,37,0,54,0,23,40,0,63,108,0,108,171
07/28/2023,SQL,CA,AWP,WE,Federal Contract Tower,0,8,6,0,14,0,0,136,0,136,0,8,142,0,150,86,0,86,236
07/29/2023,SQL,CA,AWP,WE,Federal Contract Tower,0,2,8,0,10,0,14,134,0,148,0,16,142,0,158,142,0,142,300
07/30/2023,SQL,CA,AWP,WE,Federal Contract Tower,0,10,9,0,19,0,21,84,0,105,0,31,93,0,124,90,0,90,214
07/31/2023,SQL,CA,AWP,WE,Federal Contract Tower,0,11,9,0,20,0,22,94,0,116,0,33,103,0,136,98,0,98,234
08/01/2023,SQL,CA,AWP,WE,Federal Contract Tower,0,10,6,0,16,0,11,77,0,88,0,21,83,0,104,152,0,152,256
08/02/2023,SQL,CA,AWP,WE,Federal Contract Tower,0,12,8,0,20,0,18,94,0,112,0,30,102,0,132,168,2,170,302
08/03/2023,SQL,CA,AWP,WE,Federal Contract Tower,0,5,4,0,9,0,3,25,0,28,0,8,29,0,37,2,0,2,39
08/04/2023,SQL,CA,AWP,WE,Federal Contract Tower,0,5,12,0,17,0,4,148,0,152,0,9,160,0,169,80,0,80,249
08/05/2023,SQL,CA,AWP,WE,Federal Contract Tower,0,2,15,0,17,0,18,84,0,102,0,20,99,0,119,128,0,128,247
08/06/2023,SQL,CA,AWP,WE,Federal Contract Tower,0,12,6,0,18,0,17,133,0,150,0,29,139,0,168,160,0,160,328
08/07/2023,SQL,CA,AWP,WE,Federal Contract Tower,0,12,7,0,19,0,10,94,0,104,0,22,101,0,123,146,0,146,269
08/08/2023,SQL,CA,AWP,WE,Federal Contract Tower,0,4,10,0,14,0,11,100,0,111,0,15,110,0,125,166,0,166,291
08/09/2023,SQL,CA,AWP,WE,Federal Contract Tower,0,11,9,0,20,0,16,101,0,117,0,27,110,0,137,176,0,176,313
08/10/2023,SQL,CA,AWP,WE,Federal Contract Tower,0,8,5,0,13,0,20,44,0,64,0,28,49,0,77,170,0,170,247
08/11/2023,SQL,CA,AWP,WE,Federal Contract Tower,0,7,4,0,11,0,2,99,0,101,0,9,103,0,112,64,0,64,176
08/12/2023,SQL,CA,AWP,WE,Federal Contract Tower,0,5,10,0,15,0,20,90,0,110,0,25,100,0,125,160,0,160,285
08/13/2023,SQL,CA,AWP,WE,Federal Contract Tower,0,12,6,0,18,0,20,104,0,124,0,32,110,0,142,132,0,132,274
08/14/2023,SQL,CA,AWP,WE,Federal Contract Tower,0,9,2,0,11,0,21,87,2,110,0,30,89,2,121,218,0,218,339
08/15/2023,SQL,CA,AWP,WE,Federal Contract Tower,0,13,4,0,17,0,17,89,0,106,0,30,93,0,123,150,0,150,273
08/16/2023,SQL,CA,AWP,WE,Federal Contract Tower,0,6,2,0,8,0,10,129,0,139,0,16,131,0,147,110,0,110,257
08/17/2023,SQL,CA,AWP,WE,Federal Contract Tower,0,9,6,0,15,0,26,54,0,80,0,35,60,0,95,44,0,44,139
08/18/2023,SQL,CA,AWP,WE,Federal Contract Tower,0,9,10,0,19,0,0,115,0,115,0,9,125,0,134,64,0,64,198
08/19/2023,SQL,CA,AWP,WE,Federal Contract Tower,0,6,13,0,19,0,26,123,0,149,0,32,136,0,168,70,0,70,238
08/20/2023,SQL,CA,AWP,WE,Federal Contract Tower,0,8,8,0,16,0,15,115,0,130,0,23,123,0,146,178,0,178,324
08/21/2023,SQL,CA,AWP,WE,Federal Contract Tower,0,0,5,0,5,0,1,27,0,28,0,1,32,0,33,26,0,26,59
08/22/2023,SQL,CA,AWP,WE,Federal Contract Tower,0,10,7,0,17,0,27,96,0,123,0,37,103,0,140,166,0,166,306
08/23/2023,SQL,CA,AWP,WE,Federal Contract Tower,0,12,9,0,21,0,26,107,0,133,0,38,116,0,154,180,0,180,334
08/24/2023,SQL,CA,AWP,WE,Federal Contract Tower,0,5,7,0,12,0,19,56,0,75,0,24,63,0,87,88,0,88,175
08/25/2023,SQL,CA,AWP,WE,Federal Contract Tower,0,9,11,0,20,0,1,95,0,96,0,10,106,0,116,157,0,157,273
08/26/2023,SQL,CA,AWP,WE,Federal Contract Tower,0,2,17,0,19,0,17,111,0,128,0,19,128,0,147,146,0,146,293
08/27/2023,SQL,CA,AWP,WE,Federal Contract Tower,0,13,8,0,21,0,13,76,0,89,0,26,84,0,110,118,0,118,228
08/28/2023,SQL,CA,AWP,WE,Federal Contract Tower,0,10,6,0,16,0,16,80,2,98,0,26,86,2,114,160,0,160,274
08/29/2023,SQL,CA,AWP,WE,Federal Contract Tower,0,17,4,0,21,0,8,77,0,85,0,25,81,0,106,162,0,162,268
08/30/2023,SQL,CA,AWP,WE,Federal Contract Tower,0,8,12,0,20,0,16,122,0,138,0,24,134,0,158,120,0,120,278
08/31/2023,SQL,CA,AWP,WE,Federal Contract Tower,0,19,15,0,34,0,8,60,0,68,0,27,75,0,102,147,0,147,249
01/01/2020,SQL,CA,AWP,WE,Federal Contract Tower,0,2,13,0,15,0,8,29,0,37,0,10,42,0,52,28,0,28,80
01/02/2020,SQL,CA,AWP,WE,Federal Contract Tower,0,9,0,0,9,0,33,62,0,95,0,42,62,0,104,82,6,88,192
01/03/2020,SQL,CA,AWP,WE,Federal Contract Tower,0,7,4,0,11,0,31,76,0,107,0,38,80,0,118,52,0,52,170
01/04/2020,SQL,CA,AWP,WE,Federal Contract Tower,0,6,10,0,16,0,30,55,0,85,0,36,65,0,101,118,0,118,219
01/05/2020,SQL,CA,AWP,WE,Federal Contract Tower,0,13,6,0,19,0,32,108,10,150,0,45,114,10,169,34,0,34,203
01/06/2020,SQL,CA,AWP,WE,Federal Contract Tower,0,9,5,0,14,0,15,78,2,95,0,24,83,2,109,20,6,26,135
01/07/2020,SQL,CA,AWP,WE,Federal Contract Tower,0,9,7,0,16,0,19,42,0,61,0,28,49,0,77,20,0,20,97
01/08/2020,SQL,CA,AWP,WE,Federal Contract Tower,0,11,10,0,21,0,16,37,0,53,0,27,47,0,74,68,0,68,142
01/09/2020,SQL,CA,AWP,WE,Federal Contract Tower,0,14,8,0,22,0,3,21,0,24,0,17,29,0,46,30,0,30,76
01/10/2020,SQL,CA,AWP,WE,Federal Contract Tower,0,13,7,0,20,0,44,116,0,160,0,57,123,0,180,99,0,99,279
01/11/2020,SQL,CA,AWP,WE,Federal Contract Tower,0,1,10,0,11,0,34,87,0,121,0,35,97,0,132,106,0,106,238
01/12/2020,SQL,CA,AWP,WE,Federal Contract Tower,0,12,8,0,20,0,28,85,0,113,0,40,93,0,133,168,0,168,301
01/13/2020,SQL,CA,AWP,WE,Federal Contract Tower,0,11,6,0,17,0,11,49,0,60,0,22,55,0,77,52,0,52,129
01/14/2020,SQL,CA,AWP,WE,Federal Contract Tower,0,12,7,0,19,0,8,66,2,76,0,20,73,2,95,84,0,84,179
01/15/2020,SQL,CA,AWP,WE,Federal Contract Tower,0,10,8,0,18,0,19,58,0,77,0,29,66,0,95,92,0,92,187
01/16/2020,SQL,CA,AWP,WE,Federal Contract Tower,0,8,5,0,13,0,3,6,0,9,0,11,11,0,22,6,0,6,28
01/17/2020,SQL,CA,AWP,WE,Federal Contract Tower,0,14,10,0,24,0,31,84,2,117,0,45,94,2,141,90,0,90,231
01/18/2020,SQL,CA,AWP,WE,Federal Contract Tower,0,3,7,0,10,0,56,103,0,159,0,59,110,0,169,178,0,178,347
01/19/2020,SQL,CA,AWP,WE,Federal Contract Tower,0,8,7,0,15,0,26,99,2,127,0,34,106,2,142,110,0,110,252
01/20/2020,SQL,CA,AWP,WE,Federal Contract Tower,0,17,14,0,31,0,32,114,0,146,0,49,128,0,177,24,0,24,201
01/22/2020,SQL,CA,AWP,WE,Federal Contract Tower,0,7,16,0,23,0,10,32,0,42,0,17,48,0,65,94,0,94,159
01/23/2020,SQL,CA,AWP,WE,Federal Contract Tower,0,6,11,0,17,0,27,84,0,111,0,33,95,0,128,92,0,92,220
01/24/2020,SQL,CA,AWP,WE,Federal Contract Tower,0,13,12,0,25,0,22,83,0,105,0,35,95,0,130,172,0,172,302
01/25/2020,SQL,CA,AWP,WE,Federal Contract Tower,0,1,22,0,23,0,16,51,0,67,0,17,73,0,90,56,0,56,146
01/26/2020,SQL,CA,AWP,WE,Federal Contract Tower,0,17,20,0,37,0,23,42,0,65,0,40,62,0,102,92,0,92,194
01/27/2020,SQL,CA,AWP,WE,Federal Contract Tower,0,13,14,0,27,0,6,28,0,34,0,19,42,0,61,42,0,42,103
01/28/2020,SQL,CA,AWP,WE,Federal Contract Tower,0,11,8,0,19,0,4,38,0,42,0,15,46,0,61,40,0,40,101
01/29/2020,SQL,CA,AWP,WE,Federal Contract Tower,0,12,5,0,17,0,0,0,0,0,0,12,5,0,17,80,0,80,97
01/30/2020,SQL,CA,AWP,WE,Federal Contract Tower,0,15,20,0,35,0,12,26,0,38,0,27,46,0,73,176,0,176,249
01/31/2020,SQL,CA,AWP,WE,Federal Contract Tower,0,9,6,0,15,0,28,97,0,125,0,37,103,0,140,96,0,96,236
02/01/2020,SQL,CA,AWP,WE,Federal Contract Tower,0,2,5,0,7,0,39,148,0,187,0,41,153,0,194,198,0,198,392
02/02/2020,SQL,CA,AWP,WE,Federal Contract Tower,0,7,8,0,15,0,6,28,0,34,0,13,36,0,49,50,0,50,99
02/03/2020,SQL,CA,AWP,WE,Federal Contract Tower,0,14,3,0,17,0,15,82,0,97,0,29,85,0,114,14,0,14,128
02/04/2020,SQL,CA,AWP,WE,Federal Contract Tower,0,11,5,0,16,0,19,64,0,83,0,30,69,0,99,34,0,34,133
02/05/2020,SQL,CA,AWP,WE,Federal Contract Tower,0,6,8,0,14,0,14,64,0,78,0,20,72,0,92,24,0,24,116
02/06/2020,SQL,CA,AWP,WE,Federal Contract Tower,0,10,17,0,27,0,24,67,0,91,0,34,84,0,118,92,0,92,210
02/07/2020,SQL,CA,AWP,WE,Federal Contract Tower,0,15,11,0,26,0,22,91,0,113,0,37,102,0,139,78,0,78,217
02/08/2020,SQL,CA,AWP,WE,Federal Contract Tower,0,1,15,0,16,0,31,90,0,121,0,32,105,0,137,103,0,103,240
02/09/2020,SQL,CA,AWP,WE,Federal Contract Tower,0,4,9,0,13,0,1,23,0,24,0,5,32,0,37,2,0,2,39
02/10/2020,SQL,CA,AWP,WE,Federal Contract Tower,0,11,5,0,16,0,17,73,0,90,0,28,78,0,106,16,0,16,122
02/11/2020,SQL,CA,AWP,WE,Federal Contract Tower,0,9,7,0,16,0,15,76,0,91,0,24,83,0,107,64,0,64,171
02/12/2020,SQL,CA,AWP,WE,Federal Contract Tower,0,10,7,0,17,0,34,94,0,128,0,44,101,0,145,78,0,78,223
02/13/2020,SQL,CA,AWP,WE,Federal Contract Tower,0,8,11,0,19,0,28,65,0,93,0,36,76,0,112,218,0,218,330
02/14/2020,SQL,CA,AWP,WE,Federal Contract Tower,0,17,18,0,35,0,19,76,0,95,0,36,94,0,130,284,0,284,414
02/15/2020,SQL,CA,AWP,WE,Federal Contract Tower,0,2,12,0,14,0,63,140,0,203,0,65,152,0,217,122,0,122,339
02/16/2020,SQL,CA,AWP,WE,Federal Contract Tower,0,8,7,0,15,0,31,99,2,132,0,39,106,2,147,66,10,76,223
02/17/2020,SQL,CA,AWP,WE,Federal Contract Tower,0,14,14,0,28,0,31,152,0,183,0,45,166,0,211,54,0,54,265
02/18/2020,SQL,CA,AWP,WE,Federal Contract Tower,0,11,10,0,21,0,17,73,0,90,0,28,83,0,111,40,0,40,151
02/19/2020,SQL,CA,AWP,WE,Federal Contract Tower,0,8,9,0,17,0,47,90,0,137,0,55,99,0,154,114,0,114,268
02/20/2020,SQL,CA,AWP,WE,Federal Contract Tower,0,11,9,0,20,0,28,85,0,113,0,39,94,0,133,176,0,176,309
02/21/2020,SQL,CA,AWP,WE,Federal Contract Tower,0,14,10,0,24,0,46,92,0,138,0,60,102,0,162,160,0,160,322
02/22/2020,SQL,CA,AWP,WE,Federal Contract Tower,0,2,7,0,9,0,33,113,0,146,0,35,120,0,155,96,0,96,251
02/23/2020,SQL,CA,AWP,WE,Federal Contract Tower,0,4,10,0,14,0,19,67,0,86,0,23,77,0,100,86,0,86,186
02/24/2020,SQL,CA,AWP,WE,Federal Contract Tower,0,12,10,0,22,0,16,71,2,89,0,28,81,2,111,2,0,2,113
02/25/2020,SQL,CA,AWP,WE,Federal Contract Tower,0,10,12,0,22,0,26,77,0,103,0,36,89,0,125,62,0,62,187
02/26/2020,SQL,CA,AWP,WE,Federal Contract Tower,0,10,4,0,14,0,33,95,0,128,0,43,99,0,142,124,0,124,266
02/27/2020,SQL,CA,AWP,WE,Federal Contract Tower,0,8,9,0,17,0,39,97,0,136,0,47,106,0,153,96,0,96,249
02/28/2020,SQL,CA,AWP,WE,Federal Contract Tower,0,12,13,0,25,0,57,107,0,164,0,69,120,0,189,128,0,128,317
02/29/2020,SQL,CA,AWP,WE,Federal Contract Tower,0,2,6,0,8,0,27,51,0,78,0,29,57,0,86,98,0,98,184
03/01/2020,SQL,CA,AWP,WE,Federal Contract Tower,0,12,14,0,26,0,23,72,0,95,0,35,86,0,121,266,0,266,387
03/02/2020,SQL,CA,AWP,WE,Federal Contract Tower,0,10,7,0,17,0,6,62,0,68,0,16,69,0,85,54,0,54,139
03/03/2020,SQL,CA,AWP,WE,Federal Contract Tower,0,13,11,0,24,0,0,0,0,0,0,13,11,0,24,32,0,32,56
03/04/2020,SQL,CA,AWP,WE,Federal Contract Tower,0,11,9,0,20,0,35,84,0,119,0,46,93,0,139,61,0,61,200
03/05/2020,SQL,CA,AWP,WE,Federal Contract Tower,0,15,19,0,34,0,26,55,0,81,0,41,74,0,115,180,0,180,295
03/06/2020,SQL,CA,AWP,WE,Federal Contract Tower,0,16,16,0,32,0,30,59,2,91,0,46,75,2,123,238,0,238,361
03/07/2020,SQL,CA,AWP,WE,Federal Contract Tower,0,6,9,0,15,0,6,20,0,26,0,12,29,0,41,102,0,102,143
03/08/2020,SQL,CA,AWP,WE,Federal Contract Tower,0,11,16,0,27,0,31,81,0,112,0,42,97,0,139,172,0,172,311
03/09/2020,SQL,CA,AWP,WE,Federal Contract Tower,0,9,5,0,14,0,12,59,0,71,0,21,64,0,85,56,0,56,141
03/10/2020,SQL,CA,AWP,WE,Federal Contract Tower,0,8,10,0,18,0,21,38,0,59,0,29,48,0,77,32,0,32,109
03/11/2020,SQL,CA,AWP,WE,Federal Contract Tower,0,10,10,0,20,0,49,89,0,138,0,59,99,0,158,120,0,120,278
03/12/2020,SQL,CA,AWP,WE,Federal Contract Tower,0,14,14,0,28,0,20,70,0,90,0,34,84,0,118,106,0,106,224
03/13/2020,SQL,CA,AWP,WE,Federal Contract Tower,0,13,7,0,20,0,0,0,0,0,0,13,7,0,20,94,0,94,114
03/14/2020,SQL,CA,AWP,WE,Federal Contract Tower,0,0,2,0,2,0,2,6,0,8,0,2,8,0,10,12,0,12,22
03/15/2020,SQL,CA,AWP,WE,Federal Contract Tower,0,11,7,0,18,0,2,7,3,12,0,13,14,3,30,58,0,58,88
03/16/2020,SQL,CA,AWP,WE,Federal Contract Tower,0,7,6,0,13,0,0,16,0,16,0,7,22,0,29,72,0,72,101
03/17/2020,SQL,CA,AWP,WE,Federal Contract Tower,0,4,2,0,6,0,2,17,0,19,0,6,19,0,25,22,0,22,47
03/18/2020,SQL,CA,AWP,WE,Federal Contract Tower,0,2,6,0,8,0,0,3,0,3,0,2,9,0,11,2,0,2,13
03/19/2020,SQL,CA,AWP,WE,Federal Contract Tower,0,4,4,0,8,0,0,17,0,17,0,4,21,0,25,0,0,0,25
03/20/2020,SQL,CA,AWP,WE,Federal Contract Tower,0,4,4,0,8,0,1,17,2,20,0,5,21,2,28,0,0,0,28
03/21/2020,SQL,CA,AWP,WE,Federal Contract Tower,0,0,2,0,2,0,0,27,0,27,0,0,29,0,29,0,0,0,29
03/22/2020,SQL,CA,AWP,WE,Federal Contract Tower,0,2,3,0,5,0,0,19,0,19,0,2,22,0,24,12,0,12,36
03/23/2020,SQL,CA,AWP,WE,Federal Contract Tower,0,6,10,0,16,0,0,4,0,4,0,6,14,0,20,4,0,4,24
03/24/2020,SQL,CA,AWP,WE,Federal Contract Tower,0,1,5,0,6,0,0,6,0,6,0,1,11,0,12,4,0,4,16
03/25/2020,SQL,CA,AWP,WE,Federal Contract Tower,0,4,2,0,6,0,0,3,0,3,0,4,5,0,9,0,0,0,9
03/26/2020,SQL,CA,AWP,WE,Federal Contract Tower,0,2,0,0,2,0,2,27,2,31,0,4,27,2,33,40,0,40,73
03/27/2020,SQL,CA,AWP,WE,Federal Contract Tower,0,4,5,0,9,0,0,24,0,24,0,4,29,0,33,0,0,0,33
03/28/2020,SQL,CA,AWP,WE,Federal Contract Tower,0,3,0,0,3,0,0,1,0,1,0,3,1,0,4,4,0,4,8
03/29/2020,SQL,CA,AWP,WE,Federal Contract Tower,0,4,1,0,5,0,0,10,0,10,0,4,11,0,15,0,0,0,15
03/30/2020,SQL,CA,AWP,WE,Federal Contract Tower,0,1,5,0,6,0,4,21,0,25,0,5,26,0,31,8,0,8,39
03/31/2020,SQL,CA,AWP,WE,Federal Contract Tower,0,3,5,0,8,0,0,17,0,17,0,3,22,0,25,10,0,10,35
04/01/2020,SQL,CA,AWP,WE,Federal Contract Tower,0,2,0,0,2,0,1,25,0,26,0,3,25,0,28,0,0,0,28
04/02/2020,SQL,CA,AWP,WE,Federal Contract Tower,0,2,1,0,3,0,0,44,0,44,0,2,45,0,47,24,0,24,71
04/03/2020,SQL,CA,AWP,WE,Federal Contract Tower,0,3,2,0,5,0,0,34,0,34,0,3,36,0,39,42,0,42,81
04/04/2020,SQL,CA,AWP,WE,Federal Contract Tower,0,0,1,0,1,0,0,0,0,0,0,0,1,0,1,0,0,0,1
04/05/2020,SQL,CA,AWP,WE,Federal Contract Tower,0,2,0,0,2,0,0,0,0,0,0,2,0,0,2,0,0,0,2
04/06/2020,SQL,CA,AWP,WE,Federal Contract Tower,0,5,1,0,6,0,0,9,0,9,0,5,10,0,15,0,0,0,15
04/07/2020,SQL,CA,AWP,WE,Federal Contract Tower,0,1,3,0,4,0,0,32,0,32,0,1,35,0,36,38,0,38,74
04/08/2020,SQL,CA,AWP,WE,Federal Contract Tower,0,3,1,0,4,0,0,18,0,18,0,3,19,0,22,0,0,0,22
04/09/2020,SQL,CA,AWP,WE,Federal Contract Tower,0,6,2,0,8,0,0,8,0,8,0,6,10,0,16,10,0,10,26
04/10/2020,SQL,CA,AWP,WE,Federal Contract Tower,0,4,4,0,8,0,0,16,0,16,0,4,20,0,24,4,2,6,30
04/11/2020,SQL,CA,AWP,WE,Federal Contract Tower,0,0,7,0,7,0,0,16,0,16,0,0,23,0,23,84,0,84,107
04/12/2020,SQL,CA,AWP,WE,Federal Contract Tower,0,4,8,0,12,0,0,19,0,19,0,4,27,0,31,60,0,60,91
04/13/2020,SQL,CA,AWP,WE,Federal Contract Tower,0,3,2,0,5,0,0,49,0,49,0,3,51,0,54,62,0,62,116
04/14/2020,SQL,CA,AWP,WE,Federal Contract Tower,0,3,5,0,8,0,1,51,0,52,0,4,56,0,60,36,0,36,96
04/15/2020,SQL,CA,AWP,WE,Federal Contract Tower,0,2,0,0,2,0,6,66,0,72,0,8,66,0,74,16,0,16,90
04/16/2020,SQL,CA,AWP,WE,Federal Contract Tower,0,2,8,0,10,0,0,0,0,0,0,2,8,0,10,0,0,0,10
04/17/2020,SQL,CA,AWP,WE,Federal Contract Tower,0,7,5,0,12,0,0,10,0,10,0,7,15,0,22,12,0,12,34
04/18/2020,SQL,CA,AWP,WE,Federal Contract Tower,0,0,13,0,13,0,0,19,0,19,0,0,32,0,32,40,0,40,72
04/19/2020,SQL,CA,AWP,WE,Federal Contract Tower,0,4,0,0,4,0,1,66,0,67,0,5,66,0,71,18,0,18,89
04/20/2020,SQL,CA,AWP,WE,Federal Contract Tower,0,2,5,0,7,0,6,16,0,22,0,8,21,0,29,2,0,2,31
04/21/2020,SQL,CA,AWP,WE,Federal Contract Tower,0,0,2,0,2,0,0,24,0,24,0,0,26,0,26,16,0,16,42
04/22/2020,SQL,CA,AWP,WE,Federal Contract Tower,0,2,4,0,6,0,0,40,0,40,0,2,44,0,46,2,0,2,48
04/23/2020,SQL,CA,AWP,WE,Federal Contract Tower,0,2,2,0,4,0,0,36,0,36,0,2,38,0,40,50,0,50,90
04/24/2020,SQL,CA,AWP,WE,Federal Contract Tower,0,6,5,0,11,0,0,49,0,49,0,6,54,0,60,26,0,26,86
04/25/2020,SQL,CA,AWP,WE,Federal Contract Tower,0,0,3,0,3,0,0,60,0,60,0,0,63,0,63,26,10,36,99
04/26/2020,SQL,CA,AWP,WE,Federal Contract Tower,0,4,2,0,6,0,4,59,0,63,0,8,61,0,69,20,0,20,89
04/27/2020,SQL,CA,AWP,WE,Federal Contract Tower,0,2,1,0,3,0,1,31,0,32,0,3,32,0,35,8,0,8,43
04/28/2020,SQL,CA,AWP,WE,Federal Contract Tower,0,5,5,0,10,0,0,39,0,39,0,5,44,0,49,8,0,8,57
04/29/2020,SQL,CA,AWP,WE,Federal Contract Tower,0,4,3,0,7,0,0,22,0,22,0,4,25,0,29,12,0,12,41
04/30/2020,SQL,CA,AWP,WE,Federal Contract Tower,0,5,6,0,11,0,0,25,0,25,0,5,31,0,36,6,0,6,42
05/01/2020,SQL,CA,AWP,WE,Federal Contract Tower,0,4,3,0,7,0,0,45,0,45,0,4,48,0,52,14,0,14,66
05/02/2020,SQL,CA,AWP,WE,Federal Contract Tower,0,0,9,0,9,0,0,24,0,24,0,0,33,0,33,6,0,6,39
05/03/2020,SQL,CA,AWP,WE,Federal Contract Tower,0,4,3,0,7,0,0,61,0,61,0,4,64,0,68,38,0,38,106
05/04/2020,SQL,CA,AWP,WE,Federal Contract Tower,0,1,2,0,3,0,0,27,0,27,0,1,29,0,30,12,0,12,42
05/05/2020,SQL,CA,AWP,WE,Federal Contract Tower,0,6,6,0,12,0,0,29,0,29,0,6,35,0,41,14,0,14,55
05/06/2020,SQL,CA,AWP,WE,Federal Contract Tower,0,3,3,0,6,0,0,49,0,49,0,3,52,0,55,0,0,0,55
05/07/2020,SQL,CA,AWP,WE,Federal Contract Tower,0,3,5,0,8,0,0,76,0,76,0,3,81,0,84,26,0,26,110
05/08/2020,SQL,CA,AWP,WE,Federal Contract Tower,0,0,4,0,4,0,0,57,0,57,0,0,61,0,61,14,0,14,75
05/09/2020,SQL,CA,AWP,WE,Federal Contract Tower,0,0,3,0,3,0,0,53,0,53,0,0,56,0,56,8,0,8,64
05/10/2020,SQL,CA,AWP,WE,Federal Contract Tower,0,3,9,0,12,0,0,49,0,49,0,3,58,0,61,18,0,18,79
05/11/2020,SQL,CA,AWP,WE,Federal Contract Tower,0,2,3,0,5,0,0,22,0,22,0,2,25,0,27,0,0,0,27
05/12/2020,SQL,CA,AWP,WE,Federal Contract Tower,0,3,5,0,8,0,0,11,0,11,0,3,16,0,19,0,0,0,19
05/13/2020,SQL,CA,AWP,WE,Federal Contract Tower,0,4,3,0,7,0,0,13,0,13,0,4,16,0,20,58,0,58,78
05/14/2020,SQL,CA,AWP,WE,Federal Contract Tower,0,2,9,0,11,0,0,43,0,43,0,2,52,0,54,0,0,0,54
05/15/2020,SQL,CA,AWP,WE,Federal Contract Tower,0,4,2,0,6,0,0,44,0,44,0,4,46,0,50,20,0,20,70
05/16/2020,SQL,CA,AWP,WE,Federal Contract Tower,0,0,4,0,4,0,0,71,0,71,0,0,75,0,75,36,0,36,111
05/17/2020,SQL,CA,AWP,WE,Federal Contract Tower,0,5,11,0,16,0,3,8,0,11,0,8,19,0,27,4,0,4,31
05/18/2020,SQL,CA,AWP,WE,Federal Contract Tower,0,2,0,0,2,0,6,11,0,17,0,8,11,0,19,4,0,4,23
05/19/2020,SQL,CA,AWP,WE,Federal Contract Tower,0,2,4,0,6,0,4,22,0,26,0,6,26,0,32,16,0,16,48
05/20/2020,SQL,CA,AWP,WE,Federal Contract Tower,0,4,3,0,7,0,4,20,0,24,0,8,23,0,31,32,0,32,63
05/21/2020,SQL,CA,AWP,WE,Federal Contract Tower,0,7,5,0,12,0,14,54,0,68,0,21,59,0,80,38,0,38,118
05/22/2020,SQL,CA,AWP,WE,Federal Contract Tower,0,6,4,0,10,0,13,77,0,90,0,19,81,0,100,22,0,22,122
05/23/2020,SQL,CA,AWP,WE,Federal Contract Tower,0,0,4,0,4,0,25,82,0,107,0,25,86,0,111,34,0,34,145
05/24/2020,SQL,CA,AWP,WE,Federal Contract Tower,0,3,1,0,4,0,8,73,0,81,0,11,74,0,85,56,0,56,141
05/25/2020,SQL,CA,AWP,WE,Federal Contract Tower,0,8,2,0,10,0,14,88,0,102,0,22,90,0,112,40,0,40,152
05/26/2020,SQL,CA,AWP,WE,Federal Contract Tower,0,4,7,0,11,0,7,46,0,53,0,11,53,0,64,44,0,44,108
05/27/2020,SQL,CA,AWP,WE,Federal Contract Tower,0,4,0,0,4,0,3,34,0,37,0,7,34,0,41,32,0,32,73
05/28/2020,SQL,CA,AWP,WE,Federal Contract Tower,0,3,0,0,3,0,4,34,0,38,0,7,34,0,41,30,0,30,71
05/29/2020,SQL,CA,AWP,WE,Federal Contract Tower,0,6,6,0,12,0,1,21,0,22,0,7,27,0,34,6,0,6,40
05/31/2020,SQL,CA,AWP,WE,Federal Contract Tower,0,4,16,0,20,0,7,43,0,50,0,11,59,0,70,30,0,30,100
06/01/2020,SQL,CA,AWP,WE,Federal Contract Tower,0,2,7,0,9,0,4,49,0,53,0,6,56,0,62,86,0,86,148
06/02/2020,SQL,CA,AWP,WE,Federal Contract Tower,0,4,5,0,9,0,7,62,0,69,0,11,67,0,78,24,0,24,102
06/03/2020,SQL,CA,AWP,WE,Federal Contract Tower,0,0,2,0,2,0,9,66,0,75,0,9,68,0,77,86,0,86,163
06/04/2020,SQL,CA,AWP,WE,Federal Contract Tower,0,4,4,0,8,0,7,52,0,59,0,11,56,0,67,44,0,44,111
06/05/2020,SQL,CA,AWP,WE,Federal Contract Tower,0,5,5,0,10,0,1,21,0,22,0,6,26,0,32,38,0,38,70
06/06/2020,SQL,CA,AWP,WE,Federal Contract Tower,0,0,0,0,0,0,3,35,0,38,0,3,35,0,38,10,0,10,48
06/07/2020,SQL,CA,AWP,WE,Federal Contract Tower,0,5,5,0,10,0,5,35,0,40,0,10,40,0,50,8,0,8,58
06/08/2020,SQL,CA,AWP,WE,Federal Contract Tower,0,2,5,0,7,0,5,69,0,74,0,7,74,0,81,40,0,40,121
06/09/2020,SQL,CA,AWP,WE,Federal Contract Tower,0,2,6,0,8,0,2,85,0,87,0,4,91,0,95,48,0,48,143
06/10/2020,SQL,CA,AWP,WE,Federal Contract Tower,0,3,6,0,9,0,5,87,0,92,0,8,93,0,101,114,0,114,215
06/11/2020,SQL,CA,AWP,WE,Federal Contract Tower,0,4,10,0,14,0,11,84,0,95,0,15,94,0,109,74,0,74,183
06/12/2020,SQL,CA,AWP,WE,Federal Contract Tower,0,5,7,0,12,0,6,51,0,57,0,11,58,0,69,146,0,146,215
06/13/2020,SQL,CA,AWP,WE,Federal Contract Tower,0,2,9,0,11,0,26,71,0,97,0,28,80,0,108,50,0,50,158
06/14/2020,SQL,CA,AWP,WE,Federal Contract Tower,0,6,9,0,15,0,7,83,0,90,0,13,92,0,105,72,0,72,177
06/15/2020,SQL,CA,AWP,WE,Federal Contract Tower,0,2,5,0,7,0,3,63,0,66,0,5,68,0,73,30,0,30,103
06/16/2020,SQL,CA,AWP,WE,Federal Contract Tower,0,4,8,0,12,0,7,49,0,56,0,11,57,0,68,102,0,102,170
06/17/2020,SQL,CA,AWP,WE,Federal Contract Tower,0,6,10,0,16,0,9,88,0,97,0,15,98,0,113,114,0,114,227
06/18/2020,SQL,CA,AWP,WE,Federal Contract Tower,0,6,7,0,13,0,13,68,0,81,0,19,75,0,94,72,0,72,166
06/19/2020,SQL,CA,AWP,WE,Federal Contract Tower,0,4,3,0,7,0,21,82,0,103,0,25,85,0,110,50,0,50,160
06/20/2020,SQL,CA,AWP,WE,Federal Contract Tower,0,2,16,0,18,0,11,64,0,75,0,13,80,0,93,42,0,42,135
06/21/2020,SQL,CA,AWP,WE,Federal Contract Tower,0,7,10,0,17,0,25,105,0,130,0,32,115,0,147,102,0,102,249
06/22/2020,SQL,CA,AWP,WE,Federal Contract Tower,0,5,12,0,17,0,33,52,0,85,0,38,64,0,102,82,0,82,184
06/23/2020,SQL,CA,AWP,WE,Federal Contract Tower,0,3,13,0,16,0,41,69,2,112,0,44,82,2,128,142,0,142,270
06/24/2020,SQL,CA,AWP,WE,Federal Contract Tower,0,4,10,0,14,0,35,81,0,116,0,39,91,0,130,134,0,134,264
06/25/2020,SQL,CA,AWP,WE,Federal Contract Tower,0,7,11,0,18,0,36,54,0,90,0,43,65,0,108,98,0,98,206
06/26/2020,SQL,CA,AWP,WE,Federal Contract Tower,0,11,13,0,24,0,48,63,0,111,0,59,76,0,135,88,0,88,223
06/27/2020,SQL,CA,AWP,WE,Federal Contract Tower,0,3,15,0,18,0,36,96,0,132,0,39,111,0,150,170,0,170,320
06/28/2020,SQL,CA,AWP,WE,Federal Contract Tower,0,7,6,0,13,0,7,47,0,54,0,14,53,0,67,70,0,70,137
06/29/2020,SQL,CA,AWP,WE,Federal Contract Tower,0,8,8,0,16,0,34,71,0,105,0,42,79,0,121,214,0,214,335
06/30/2020,SQL,CA,AWP,WE,Federal Contract Tower,0,5,1,0,6,0,41,81,0,122,0,46,82,0,128,136,0,136,264
07/01/2020,SQL,CA,AWP,WE,Federal Contract Tower,0,11,5,0,16,0,34,76,0,110,0,45,81,0,126,156,0,156,282
07/02/2020,SQL,CA,AWP,WE,Federal Contract Tower,0,3,5,0,8,0,17,42,0,59,0,20,47,0,67,118,0,118,185
07/03/2020,SQL,CA,AWP,WE,Federal Contract Tower,0,10,15,0,25,0,43,62,0,105,0,53,77,0,130,60,0,60,190
07/04/2020,SQL,CA,AWP,WE,Federal Contract Tower,0,4,2,0,6,0,14,68,0,82,0,18,70,0,88,88,0,88,176
07/05/2020,SQL,CA,AWP,WE,Federal Contract Tower,0,7,8,0,15,0,14,88,0,102,0,21,96,0,117,84,0,84,201
07/06/2020,SQL,CA,AWP,WE,Federal Contract Tower,0,7,4,0,11,0,23,41,0,64,0,30,45,0,75,64,0,64,139
07/07/2020,SQL,CA,AWP,WE,Federal Contract Tower,0,4,3,0,7,0,30,65,0,95,0,34,68,0,102,94,0,94,196
07/08/2020,SQL,CA,AWP,WE,Federal Contract Tower,0,4,7,0,11,0,35,51,0,86,0,39,58,0,97,80,0,80,177
07/09/2020,SQL,CA,AWP,WE,Federal Contract Tower,0,5,6,0,11,0,24,60,0,84,0,29,66,0,95,130,0,130,225
07/10/2020,SQL,CA,AWP,WE,Federal Contract Tower,0,10,6,0,16,0,50,101,0,151,0,60,107,0,167,156,0,156,323
07/11/2020,SQL,CA,AWP,WE,Federal Contract Tower,0,1,8,0,9,0,37,93,0,130,0,38,101,0,139,118,0,118,257
07/12/2020,SQL,CA,AWP,WE,Federal Contract Tower,0,8,7,0,15,0,33,108,0,141,0,41,115,0,156,34,0,34,190
07/13/2020,SQL,CA,AWP,WE,Federal Contract Tower,0,3,15,0,18,0,20,68,2,90,0,23,83,2,108,112,0,112,220
07/14/2020,SQL,CA,AWP,WE,Federal Contract Tower,0,2,4,0,6,0,25,62,0,87,0,27,66,0,93,186,0,186,279
07/15/2020,SQL,CA,AWP,WE,Federal Contract Tower,0,6,6,0,12,0,31,87,0,118,0,37,93,0,130,117,0,117,247
07/16/2020,SQL,CA,AWP,WE,Federal Contract Tower,0,3,16,0,19,0,35,54,0,89,0,38,70,0,108,106,0,106,214
07/17/2020,SQL,CA,AWP,WE,Federal Contract Tower,0,12,4,0,16,0,33,75,0,108,0,45,79,0,124,0,0,0,124
07/18/2020,SQL,CA,AWP,WE,Federal Contract Tower,0,11,13,0,24,0,28,71,0,99,0,39,84,0,123,62,0,62,185
07/19/2020,SQL,CA,AWP,WE,Federal Contract Tower,0,9,16,0,25,0,20,59,0,79,0,29,75,0,104,94,0,94,198
07/20/2020,SQL,CA,AWP,WE,Federal Contract Tower,0,4,10,0,14,0,16,31,0,47,0,20,41,0,61,46,0,46,107
07/21/2020,SQL,CA,AWP,WE,Federal Contract Tower,0,1,7,0,8,0,15,38,0,53,0,16,45,0,61,104,0,104,165
07/22/2020,SQL,CA,AWP,WE,Federal Contract Tower,0,1,9,0,10,0,33,73,0,106,0,34,82,0,116,118,0,118,234
07/23/2020,SQL,CA,AWP,WE,Federal Contract Tower,0,8,9,0,17,0,31,56,0,87,0,39,65,0,104,76,0,76,180
07/24/2020,SQL,CA,AWP,WE,Federal Contract Tower,0,8,9,0,17,0,33,68,0,101,0,41,77,0,118,112,0,112,230
07/25/2020,SQL,CA,AWP,WE,Federal Contract Tower,0,4,6,0,10,0,35,93,0,128,0,39,99,0,138,74,0,74,212
07/26/2020,SQL,CA,AWP,WE,Federal Contract Tower,0,7,12,0,19,0,37,84,0,121,0,44,96,0,140,106,0,106,246
07/27/2020,SQL,CA,AWP,WE,Federal Contract Tower,0,6,6,0,12,0,17,36,0,53,0,23,42,0,65,36,0,36,101
07/28/2020,SQL,CA,AWP,WE,Federal Contract Tower,0,7,7,0,14,0,28,73,0,101,0,35,80,0,115,120,0,120,235
07/29/2020,SQL,CA,AWP,WE,Federal Contract Tower,0,9,15,0,24,0,22,82,0,104,0,31,97,0,128,106,0,106,234
07/30/2020,SQL,CA,AWP,WE,Federal Contract Tower,0,4,5,0,9,0,12,35,0,47,0,16,40,0,56,70,0,70,126
07/31/2020,SQL,CA,AWP,WE,Federal Contract Tower,0,16,14,0,30,0,23,55,0,78,0,39,69,0,108,80,0,80,188
08/01/2020,SQL,CA,AWP,WE,Federal Contract Tower,0,4,6,0,10,0,46,103,0,149,0,50,109,0,159,98,0,98,257
08/02/2020,SQL,CA,AWP,WE,Federal Contract Tower,0,10,8,0,18,0,39,114,0,153,0,49,122,0,171,78,0,78,249
08/03/2020,SQL,CA,AWP,WE,Federal Contract Tower,0,5,7,0,12,0,27,72,0,99,0,32,79,0,111,114,0,114,225
08/04/2020,SQL,CA,AWP,WE,Federal Contract Tower,0,7,10,0,17,0,33,44,0,77,0,40,54,0,94,134,0,134,228
08/05/2020,SQL,CA,AWP,WE,Federal Contract Tower,0,7,31,0,38,0,2,6,0,8,0,9,37,0,46,6,2,8,54
08/06/2020,SQL,CA,AWP,WE,Federal Contract Tower,0,6,8,0,14,0,26,46,0,72,0,32,54,0,86,0,0,0,86
08/07/2020,SQL,CA,AWP,WE,Federal Contract Tower,0,10,10,0,20,0,22,37,0,59,0,32,47,0,79,60,0,60,139
08/08/2020,SQL,CA,AWP,WE,Federal Contract Tower,0,4,12,0,16,0,22,57,0,79,0,26,69,0,95,104,0,104,199
08/10/2020,SQL,CA,AWP,WE,Federal Contract Tower,0,6,6,0,12,0,18,46,0,64,0,24,52,0,76,32,0,32,108
08/11/2020,SQL,CA,AWP,WE,Federal Contract Tower,0,4,18,0,22,0,23,78,0,101,0,27,96,0,123,164,0,164,287
08/12/2020,SQL,CA,AWP,WE,Federal Contract Tower,0,5,9,0,14,0,29,79,0,108,0,34,88,0,122,96,0,96,218
08/13/2020,SQL,CA,AWP,WE,Federal Contract Tower,0,7,5,0,12,0,29,62,0,91,0,36,67,0,103,56,0,56,159
08/14/2020,SQL,CA,AWP,WE,Federal Contract Tower,0,10,3,0,13,0,24,58,0,82,0,34,61,0,95,62,0,62,157
08/15/2020,SQL,CA,AWP,WE,Federal Contract Tower,0,0,12,0,12,0,31,84,0,115,0,31,96,0,127,112,0,112,239
08/16/2020,SQL,CA,AWP,WE,Federal Contract Tower,0,5,8,0,13,0,15,29,0,44,0,20,37,0,57,60,0,60,117
08/17/2020,SQL,CA,AWP,WE,Federal Contract Tower,0,4,6,0,10,0,17,48,0,65,0,21,54,0,75,22,0,22,97
08/18/2020,SQL,CA,AWP,WE,Federal Contract Tower,0,4,9,0,13,0,13,70,0,83,0,17,79,0,96,84,0,84,180
08/19/2020,SQL,CA,AWP,WE,Federal Contract Tower,0,7,22,0,29,0,2,28,0,30,0,9,50,0,59,82,0,82,141
08/20/2020,SQL,CA,AWP,WE,Federal Contract Tower,0,7,8,0,15,0,11,41,0,52,0,18,49,0,67,124,0,124,191
08/21/2020,SQL,CA,AWP,WE,Federal Contract Tower,0,10,17,0,27,0,5,25,0,30,0,15,42,0,57,70,0,70,127
08/22/2020,SQL,CA,AWP,WE,Federal Contract Tower,0,6,12,0,18,0,16,43,0,59,0,22,55,0,77,156,0,156,233
08/24/2020,SQL,CA,AWP,WE,Federal Contract Tower,0,6,14,0,20,0,5,7,0,12,0,11,21,0,32,48,0,48,80
08/25/2020,SQL,CA,AWP,WE,Federal Contract Tower,0,5,10,0,15,0,5,3,0,8,0,10,13,0,23,14,0,14,37
08/26/2020,SQL,CA,AWP,WE,Federal Contract Tower,0,2,7,0,9,0,10,55,0,65,0,12,62,0,74,188,0,188,262
08/27/2020,SQL,CA,AWP,WE,Federal Contract Tower,0,8,9,0,17,0,14,37,0,51,0,22,46,0,68,72,0,72,140
08/28/2020,SQL,CA,AWP,WE,Federal Contract Tower,0,10,23,0,33,0,3,18,0,21,0,13,41,0,54,8,0,8,62
08/29/2020,SQL,CA,AWP,WE,Federal Contract Tower,0,4,46,0,50,0,7,27,0,34,0,11,73,0,84,18,0,18,102
08/30/2020,SQL,CA,AWP,WE,Federal Contract Tower,0,10,13,0,23,0,7,56,2,65,0,17,69,2,88,140,8,148,236
08/31/2020,SQL,CA,AWP,WE,Federal Contract Tower,0,8,21,0,29,0,13,11,0,24,0,21,32,0,53,100,0,100,153
09/01/2020,SQL,CA,AWP,WE,Federal Contract Tower,0,4,21,0,25,0,2,22,0,24,0,6,43,0,49,82,0,82,131
09/02/2020,SQL,CA,AWP,WE,Federal Contract Tower,0,10,15,0,25,0,5,23,0,28,0,15,38,0,53,50,0,50,103
09/03/2020,SQL,CA,AWP,WE,Federal Contract Tower,0,11,9,0,20,0,7,26,0,33,0,18,35,0,53,72,0,72,125
09/04/2020,SQL,CA,AWP,WE,Federal Contract Tower,0,10,12,0,22,0,8,31,0,39,0,18,43,0,61,34,0,34,95
09/05/2020,SQL,CA,AWP,WE,Federal Contract Tower,0,1,2,0,3,0,16,56,2,74,0,17,58,2,77,108,18,126,203
09/06/2020,SQL,CA,AWP,WE,Federal Contract Tower,0,11,11,0,22,0,9,32,0,41,0,20,43,0,63,84,0,84,147
09/07/2020,SQL,CA,AWP,WE,Federal Contract Tower,0,10,21,0,31,0,16,74,0,90,0,26,95,0,121,110,0,110,231
09/08/2020,SQL,CA,AWP,WE,Federal Contract Tower,0,9,16,0,25,0,2,14,0,16,0,11,30,0,41,208,0,208,249
09/09/2020,SQL,CA,AWP,WE,Federal Contract Tower,0,5,12,0,17,0,0,6,0,6,0,5,18,0,23,110,2,112,135
09/10/2020,SQL,CA,AWP,WE,Federal Contract Tower,0,9,16,0,25,0,0,0,0,0,0,9,16,0,25,0,0,0,25
09/11/2020,SQL,CA,AWP,WE,Federal Contract Tower,0,1,8,0,9,0,0,0,0,0,0,1,8,0,9,0,0,0,9
09/12/2020,SQL,CA,AWP,WE,Federal Contract Tower,0,0,9,0,9,0,0,0,0,0,0,0,9,0,9,0,0,0,9
09/13/2020,SQL,CA,AWP,WE,Federal Contract Tower,0,17,16,0,33,0,0,0,0,0,0,17,16,0,33,0,0,0,33
09/14/2020,SQL,CA,AWP,WE,Federal Contract Tower,0,6,15,0,21,0,0,0,0,0,0,6,15,0,21,0,0,0,21
09/15/2020,SQL,CA,AWP,WE,Federal Contract Tower,0,5,2,0,7,0,12,44,2,58,0,17,46,2,65,184,0,184,249
09/16/2020,SQL,CA,AWP,WE,Federal Contract Tower,0,0,0,0,0,0,16,78,0,94,0,16,78,0,94,170,0,170,264
09/17/2020,SQL,CA,AWP,WE,Federal Contract Tower,0,5,14,0,19,0,6,29,0,35,0,11,43,0,54,24,0,24,78
09/18/2020,SQL,CA,AWP,WE,Federal Contract Tower,0,9,4,0,13,0,19,40,0,59,0,28,44,0,72,42,0,42,114
09/19/2020,SQL,CA,AWP,WE,Federal Contract Tower,0,5,12,0,17,0,32,79,0,111,0,37,91,0,128,130,0,130,258
09/20/2020,SQL,CA,AWP,WE,Federal Contract Tower,0,6,9,0,15,0,27,112,0,139,0,33,121,0,154,118,0,118,272
09/21/2020,SQL,CA,AWP,WE,Federal Contract Tower,0,5,0,0,5,0,16,73,0,89,0,21,73,0,94,110,0,110,204
09/22/2020,SQL,CA,AWP,WE,Federal Contract Tower,0,7,7,0,14,0,26,99,0,125,0,33,106,0,139,186,0,186,325
09/23/2020,SQL,CA,AWP,WE,Federal Contract Tower,0,1,3,0,4,0,14,81,0,95,0,15,84,0,99,138,0,138,237
09/24/2020,SQL,CA,AWP,WE,Federal Contract Tower,0,6,10,0,16,0,20,129,0,149,0,26,139,0,165,112,0,112,277
09/25/2020,SQL,CA,AWP,WE,Federal Contract Tower,0,10,9,0,19,0,16,27,0,43,0,26,36,0,62,20,0,20,82
09/26/2020,SQL,CA,AWP,WE,Federal Contract Tower,0,3,5,0,8,0,22,69,0,91,0,25,74,0,99,52,0,52,151
09/27/2020,SQL,CA,AWP,WE,Federal Contract Tower,0,9,8,0,17,0,25,86,0,111,0,34,94,0,128,124,0,124,252
09/28/2020,SQL,CA,AWP,WE,Federal Contract Tower,0,7,9,0,16,0,18,61,0,79,0,25,70,0,95,100,0,100,195
09/29/2020,SQL,CA,AWP,WE,Federal Contract Tower,0,4,6,0,10,0,18,74,0,92,0,22,80,0,102,214,0,214,316
09/30/2020,SQL,CA,AWP,WE,Federal Contract Tower,0,5,11,0,16,0,14,42,0,56,0,19,53,0,72,60,0,60,132
10/01/2020,SQL,CA,AWP,WE,Federal Contract Tower,0,7,14,0,21,0,4,20,0,24,0,11,34,0,45,32,0,32,77
10/02/2020,SQL,CA,AWP,WE,Federal Contract Tower,0,24,17,0,41,0,3,15,0,18,0,27,32,0,59,14,0,14,73
10/03/2020,SQL,CA,AWP,WE,Federal Contract Tower,0,1,12,0,13,0,6,54,0,60,0,7,66,0,73,154,0,154,227
10/04/2020,SQL,CA,AWP,WE,Federal Contract Tower,0,11,6,0,17,0,23,84,0,107,0,34,90,0,124,98,0,98,222
10/05/2020,SQL,CA,AWP,WE,Federal Contract Tower,0,2,14,0,16,0,7,52,0,59,0,9,66,0,75,68,0,68,143
10/06/2020,SQL,CA,AWP,WE,Federal Contract Tower,0,4,2,0,6,0,22,71,0,93,0,26,73,0,99,174,0,174,273
10/07/2020,SQL,CA,AWP,WE,Federal Contract Tower,0,0,0,0,0,0,11,53,0,64,0,11,53,0,64,166,0,166,230
10/08/2020,SQL,CA,AWP,WE,Federal Contract Tower,0,11,4,0,15,0,5,25,0,30,0,16,29,0,45,76,0,76,121
10/09/2020,SQL,CA,AWP,WE,Federal Contract Tower,0,12,19,0,31,0,7,18,0,25,0,19,37,0,56,46,0,46,102
10/10/2020,SQL,CA,AWP,WE,Federal Contract Tower,0,0,0,0,0,0,11,73,0,84,0,11,73,0,84,88,0,88,172
10/11/2020,SQL,CA,AWP,WE,Federal Contract Tower,0,6,8,0,14,0,41,143,0,184,0,47,151,0,198,116,0,116,314
10/12/2020,SQL,CA,AWP,WE,Federal Contract Tower,0,7,11,0,18,0,22,92,0,114,0,29,103,0,132,112,0,112,244
10/13/2020,SQL,CA,AWP,WE,Federal Contract Tower,0,4,6,0,10,0,24,88,0,112,0,28,94,0,122,138,0,138,260
10/14/2020,SQL,CA,AWP,WE,Federal Contract Tower,0,7,6,0,13,0,29,80,0,109,0,36,86,0,122,114,0,114,236
10/15/2020,SQL,CA,AWP,WE,Federal Contract Tower,0,5,9,0,14,0,11,55,0,66,0,16,64,0,80,42,0,42,122
10/16/2020,SQL,CA,AWP,WE,Federal Contract Tower,0,9,1,0,10,0,15,62,0,77,0,24,63,0,87,64,0,64,151
10/17/2020,SQL,CA,AWP,WE,Federal Contract Tower,0,2,2,0,4,0,32,132,0,164,0,34,134,0,168,58,0,58,226
10/18/2020,SQL,CA,AWP,WE,Federal Contract Tower,0,8,9,0,17,0,35,133,0,168,0,43,142,0,185,94,0,94,279
10/19/2020,SQL,CA,AWP,WE,Federal Contract Tower,0,6,1,0,7,0,12,63,0,75,0,18,64,0,82,234,0,234,316
10/20/2020,SQL,CA,AWP,WE,Federal Contract Tower,0,4,6,0,10,0,26,92,0,118,0,30,98,0,128,168,0,168,296
10/21/2020,SQL,CA,AWP,WE,Federal Contract Tower,0,7,8,0,15,0,23,95,0,118,0,30,103,0,133,72,0,72,205
10/22/2020,SQL,CA,AWP,WE,Federal Contract Tower,0,8,6,0,14,0,15,34,0,49,0,23,40,0,63,24,0,24,87
10/23/2020,SQL,CA,AWP,WE,Federal Contract Tower,0,8,9,0,17,0,23,37,0,60,0,31,46,0,77,38,0,38,115
10/24/2020,SQL,CA,AWP,WE,Federal Contract Tower,0,0,26,0,26,0,8,63,0,71,0,8,89,0,97,184,0,184,281
10/25/2020,SQL,CA,AWP,WE,Federal Contract Tower,0,14,18,0,32,0,23,71,0,94,0,37,89,0,126,204,0,204,330
10/26/2020,SQL,CA,AWP,WE,Federal Contract Tower,0,5,2,0,7,0,7,45,0,52,0,12,47,0,59,76,0,76,135
10/27/2020,SQL,CA,AWP,WE,Federal Contract Tower,0,5,4,0,9,0,9,83,0,92,0,14,87,0,101,88,0,88,189
10/28/2020,SQL,CA,AWP,WE,Federal Contract Tower,0,4,5,0,9,0,22,108,0,130,0,26,113,0,139,74,0,74,213
10/29/2020,SQL,CA,AWP,WE,Federal Contract Tower,0,11,8,0,19,0,12,39,0,51,0,23,47,0,70,32,0,32,102
10/30/2020,SQL,CA,AWP,WE,Federal Contract Tower,0,8,1,0,9,0,17,32,0,49,0,25,33,0,58,40,0,40,98
10/31/2020,SQL,CA,AWP,WE,Federal Contract Tower,0,0,5,0,5,0,22,78,0,100,0,22,83,0,105,64,0,64,169
11/01/2020,SQL,CA,AWP,WE,Federal Contract Tower,0,7,3,0,10,0,23,77,0,100,0,30,80,0,110,124,0,124,234
11/02/2020,SQL,CA,AWP,WE,Federal Contract Tower,0,4,2,0,6,0,9,42,0,51,0,13,44,0,57,62,0,62,119
11/03/2020,SQL,CA,AWP,WE,Federal Contract Tower,0,8,6,0,14,0,27,88,0,115,0,35,94,0,129,92,0,92,221
11/04/2020,SQL,CA,AWP,WE,Federal Contract Tower,0,5,4,0,9,0,25,78,0,103,0,30,82,0,112,90,0,90,202
11/05/2020,SQL,CA,AWP,WE,Federal Contract Tower,0,4,7,0,11,0,8,19,0,27,0,12,26,0,38,16,0,16,54
11/06/2020,SQL,CA,AWP,WE,Federal Contract Tower,0,10,1,0,11,0,3,4,0,7,0,13,5,0,18,10,0,10,28
11/07/2020,SQL,CA,AWP,WE,Federal Contract Tower,0,1,5,0,6,0,14,42,0,56,0,15,47,0,62,86,0,86,148
11/08/2020,SQL,CA,AWP,WE,Federal Contract Tower,0,7,1,0,8,0,5,19,0,24,0,12,20,0,32,20,0,20,52
11/09/2020,SQL,CA,AWP,WE,Federal Contract Tower,0,6,11,0,17,0,21,91,0,112,0,27,102,0,129,114,0,114,243
11/10/2020,SQL,CA,AWP,WE,Federal Contract Tower,0,6,7,0,13,0,40,108,0,148,0,46,115,0,161,112,0,112,273
11/11/2020,SQL,CA,AWP,WE,Federal Contract Tower,0,6,20,0,26,0,17,71,0,88,0,23,91,0,114,210,0,210,324
11/12/2020,SQL,CA,AWP,WE,Federal Contract Tower,0,11,6,0,17,0,10,42,0,52,0,21,48,0,69,22,0,22,91
11/13/2020,SQL,CA,AWP,WE,Federal Contract Tower,0,8,7,0,15,0,9,8,0,17,0,17,15,0,32,24,0,24,56
11/14/2020,SQL,CA,AWP,WE,Federal Contract Tower,0,4,17,0,21,0,18,73,0,91,0,22,90,0,112,100,0,100,212
11/15/2020,SQL,CA,AWP,WE,Federal Contract Tower,0,11,5,0,16,0,41,113,0,154,0,52,118,0,170,90,0,90,260
11/16/2020,SQL,CA,AWP,WE,Federal Contract Tower,0,7,8,0,15,0,15,89,0,104,0,22,97,0,119,120,0,120,239
11/17/2020,SQL,CA,AWP,WE,Federal Contract Tower,0,4,3,0,7,0,2,5,0,7,0,6,8,0,14,0,0,0,14
11/18/2020,SQL,CA,AWP,WE,Federal Contract Tower,0,11,9,0,20,0,1,32,0,33,0,12,41,0,53,132,0,132,185
11/19/2020,SQL,CA,AWP,WE,Federal Contract Tower,0,7,7,0,14,0,11,51,0,62,0,18,58,0,76,62,0,62,138
11/20/2020,SQL,CA,AWP,WE,Federal Contract Tower,0,9,7,0,16,0,25,62,0,87,0,34,69,0,103,52,0,52,155
11/21/2020,SQL,CA,AWP,WE,Federal Contract Tower,0,2,6,0,8,0,26,47,0,73,0,28,53,0,81,50,0,50,131
11/22/2020,SQL,CA,AWP,WE,Federal Contract Tower,0,12,12,0,24,0,53,85,0,138,0,65,97,0,162,80,0,80,242
11/23/2020,SQL,CA,AWP,WE,Federal Contract Tower,0,7,7,0,14,0,18,52,0,70,0,25,59,0,84,74,0,74,158
11/24/2020,SQL,CA,AWP,WE,Federal Contract Tower,0,8,8,0,16,0,39,110,0,149,0,47,118,0,165,122,0,122,287
11/25/2020,SQL,CA,AWP,WE,Federal Contract Tower,0,8,5,0,13,0,18,64,0,82,0,26,69,0,95,116,0,116,211
11/26/2020,SQL,CA,AWP,WE,Federal Contract Tower,0,0,1,0,1,0,10,35,0,45,0,10,36,0,46,54,0,54,100
11/27/2020,SQL,CA,AWP,WE,Federal Contract Tower,0,4,4,0,8,0,28,121,0,149,0,32,125,0,157,120,0,120,277
11/28/2020,SQL,CA,AWP,WE,Federal Contract Tower,0,3,4,0,7,0,33,97,0,130,0,36,101,0,137,54,0,54,191
11/29/2020,SQL,CA,AWP,WE,Federal Contract Tower,0,7,10,0,17,0,36,104,0,140,0,43,114,0,157,116,0,116,273
11/30/2020,SQL,CA,AWP,WE,Federal Contract Tower,0,5,10,0,15,0,14,54,0,68,0,19,64,0,83,82,0,82,165
12/01/2020,SQL,CA,AWP,WE,Federal Contract Tower,0,0,5,0,5,0,28,55,0,83,0,28,60,0,88,120,0,120,208
12/02/2020,SQL,CA,AWP,WE,Federal Contract Tower,0,3,0,0,3,0,21,40,0,61,0,24,40,0,64,44,0,44,108
12/03/2020,SQL,CA,AWP,WE,Federal Contract Tower,0,4,8,0,12,0,25,66,0,91,0,29,74,0,103,142,0,142,245
12/04/2020,SQL,CA,AWP,WE,Federal Contract Tower,0,8,5,0,13,0,18,95,0,113,0,26,100,0,126,86,0,86,212
12/05/2020,SQL,CA,AWP,WE,Federal Contract Tower,0,2,3,0,5,0,31,71,0,102,0,33,74,0,107,114,0,114,221
12/06/2020,SQL,CA,AWP,WE,Federal Contract Tower,0,8,15,0,23,0,24,61,0,85,0,32,76,0,108,114,0,114,222
12/07/2020,SQL,CA,AWP,WE,Federal Contract Tower,0,10,0,0,10,0,13,51,0,64,0,23,51,0,74,56,0,56,130
12/08/2020,SQL,CA,AWP,WE,Federal Contract Tower,0,2,1,0,3,0,25,88,0,113,0,27,89,0,116,54,0,54,170
12/09/2020,SQL,CA,AWP,WE,Federal Contract Tower,0,4,4,0,8,0,29,62,0,91,0,33,66,0,99,178,0,178,277
12/10/2020,SQL,CA,AWP,WE,Federal Contract Tower,0,5,2,0,7,0,25,63,2,90,0,30,65,2,97,80,0,80,177
12/11/2020,SQL,CA,AWP,WE,Federal Contract Tower,0,5,8,0,13,0,24,73,0,97,0,29,81,0,110,92,0,92,202
12/12/2020,SQL,CA,AWP,WE,Federal Contract Tower,0,5,19,0,24,0,3,6,1,10,0,8,25,1,34,66,0,66,100
12/13/2020,SQL,CA,AWP,WE,Federal Contract Tower,0,7,17,0,24,0,1,7,0,8,0,8,24,0,32,14,0,14,46
12/14/2020,SQL,CA,AWP,WE,Federal Contract Tower,0,9,7,0,16,0,37,84,0,121,0,46,91,0,137,168,0,168,305
12/15/2020,SQL,CA,AWP,WE,Federal Contract Tower,0,3,2,0,5,0,26,41,0,67,0,29,43,0,72,106,0,106,178
12/16/2020,SQL,CA,AWP,WE,Federal Contract Tower,0,3,4,0,7,0,25,80,0,105,0,28,84,0,112,126,0,126,238
12/17/2020,SQL,CA,AWP,WE,Federal Contract Tower,0,7,12,0,19,0,6,17,0,23,0,13,29,0,42,0,0,0,42
12/18/2020,SQL,CA,AWP,WE,Federal Contract Tower,0,8,2,0,10,0,37,106,0,143,0,45,108,0,153,208,0,208,361
12/19/2020,SQL,CA,AWP,WE,Federal Contract Tower,0,1,7,0,8,0,26,79,0,105,0,27,86,0,113,232,0,232,345
12/20/2020,SQL,CA,AWP,WE,Federal Contract Tower,0,9,3,0,12,0,26,100,0,126,0,35,103,0,138,180,0,180,318
12/21/2020,SQL,CA,AWP,WE,Federal Contract Tower,0,10,4,0,14,0,20,63,0,83,0,30,67,0,97,108,0,108,205
12/22/2020,SQL,CA,AWP,WE,Federal Contract Tower,0,9,6,0,15,0,31,48,0,79,0,40,54,0,94,128,0,128,222
12/23/2020,SQL,CA,AWP,WE,Federal Contract Tower,0,4,3,0,7,0,31,79,2,112,0,35,82,2,119,88,2,90,209
12/24/2020,SQL,CA,AWP,WE,Federal Contract Tower,0,0,10,0,10,0,8,43,0,51,0,8,53,0,61,128,0,128,189
12/25/2020,SQL,CA,AWP,WE,Federal Contract Tower,0,0,1,0,1,0,2,0,0,2,0,2,1,0,3,0,0,0,3
12/26/2020,SQL,CA,AWP,WE,Federal Contract Tower,0,5,13,0,18,0,6,37,0,43,0,11,50,0,61,76,0,76,137
12/27/2020,SQL,CA,AWP,WE,Federal Contract Tower,0,7,12,0,19,0,26,72,0,98,0,33,84,0,117,52,0,52,169
12/28/2020,SQL,CA,AWP,WE,Federal Contract Tower,0,6,10,0,16,0,11,32,0,43,0,17,42,0,59,102,0,102,161
12/29/2020,SQL,CA,AWP,WE,Federal Contract Tower,0,5,5,0,10,0,43,115,0,158,0,48,120,0,168,118,0,118,286
12/30/2020,SQL,CA,AWP,WE,Federal Contract Tower,0,3,2,0,5,0,28,79,0,107,0,31,81,0,112,80,0,80,192
12/31/2020,SQL,CA,AWP,WE,Federal Contract Tower,0,5,1,0,6,0,29,59,0,88,0,34,60,0,94,94,0,94,188
01/01/2021,SQL,CA,AWP,WE,Federal Contract Tower,0,0,3,0,3,0,15,60,0,75,0,15,63,0,78,38,0,38,116
01/02/2021,SQL,CA,AWP,WE,Federal Contract Tower,0,7,26,0,33,0,0,2,0,2,0,7,28,0,35,8,0,8,43
01/03/2021,SQL,CA,AWP,WE,Federal Contract Tower,0,2,19,0,21,0,0,2,0,2,0,2,21,0,23,8,0,8,31
01/04/2021,SQL,CA,AWP,WE,Federal Contract Tower,0,6,2,1,9,0,2,9,1,12,0,8,11,2,21,8,0,8,29
01/05/2021,SQL,CA,AWP,WE,Federal Contract Tower,0,4,4,0,8,0,24,67,0,91,0,28,71,0,99,182,0,182,281
01/06/2021,SQL,CA,AWP,WE,Federal Contract Tower,0,3,5,0,8,0,10,26,0,36,0,13,31,0,44,72,0,72,116
01/07/2021,SQL,CA,AWP,WE,Federal Contract Tower,0,4,8,0,12,0,13,24,0,37,0,17,32,0,49,84,0,84,133
01/08/2021,SQL,CA,AWP,WE,Federal Contract Tower,0,14,12,0,26,0,16,44,0,60,0,30,56,0,86,198,0,198,284
01/09/2021,SQL,CA,AWP,WE,Federal Contract Tower,0,0,7,0,7,0,44,145,0,189,0,44,152,0,196,152,0,152,348
01/10/2021,SQL,CA,AWP,WE,Federal Contract Tower,0,11,20,0,31,0,36,72,0,108,0,47,92,0,139,120,0,120,259
01/11/2021,SQL,CA,AWP,WE,Federal Contract Tower,0,6,3,0,9,0,19,57,0,76,0,25,60,0,85,20,0,20,105
01/12/2021,SQL,CA,AWP,WE,Federal Contract Tower,0,4,4,0,8,0,20,32,0,52,0,24,36,0,60,136,0,136,196
01/13/2021,SQL,CA,AWP,WE,Federal Contract Tower,0,4,14,0,18,0,16,45,0,61,0,20,59,0,79,92,0,92,171
01/14/2021,SQL,CA,AWP,WE,Federal Contract Tower,0,6,2,0,8,0,25,64,0,89,0,31,66,0,97,50,0,50,147
01/15/2021,SQL,CA,AWP,WE,Federal Contract Tower,0,8,0,0,8,0,26,65,0,91,0,34,65,0,99,66,0,66,165
01/16/2021,SQL,CA,AWP,WE,Federal Contract Tower,0,2,7,0,9,0,42,93,0,135,0,44,100,0,144,52,0,52,196
01/17/2021,SQL,CA,AWP,WE,Federal Contract Tower,0,11,8,0,19,0,38,101,0,139,0,49,109,0,158,92,0,92,250
01/18/2021,SQL,CA,AWP,WE,Federal Contract Tower,0,12,5,0,17,0,18,53,0,71,0,30,58,0,88,38,0,38,126
01/19/2021,SQL,CA,AWP,WE,Federal Contract Tower,0,5,2,0,7,0,2,17,0,19,0,7,19,0,26,0,0,0,26
01/20/2021,SQL,CA,AWP,WE,Federal Contract Tower,0,4,6,0,10,0,28,81,0,109,0,32,87,0,119,186,0,186,305
01/21/2021,SQL,CA,AWP,WE,Federal Contract Tower,0,6,5,0,11,0,23,52,0,75,0,29,57,0,86,42,0,42,128
01/22/2021,SQL,CA,AWP,WE,Federal Contract Tower,0,6,9,1,16,0,9,13,0,22,0,15,22,1,38,96,0,96,134
01/23/2021,SQL,CA,AWP,WE,Federal Contract Tower,0,2,13,0,15,0,55,125,0,180,0,57,138,0,195,224,0,224,419
01/24/2021,SQL,CA,AWP,WE,Federal Contract Tower,0,9,7,0,16,0,5,5,0,10,0,14,12,0,26,104,0,104,130
01/25/2021,SQL,CA,AWP,WE,Federal Contract Tower,0,4,0,0,4,0,4,12,0,16,0,8,12,0,20,6,0,6,26
01/26/2021,SQL,CA,AWP,WE,Federal Contract Tower,0,3,6,0,9,0,21,30,0,51,0,24,36,0,60,72,0,72,132
01/27/2021,SQL,CA,AWP,WE,Federal Contract Tower,0,3,0,0,3,0,4,5,0,9,0,7,5,0,12,12,0,12,24
01/28/2021,SQL,CA,AWP,WE,Federal Contract Tower,0,5,0,0,5,0,1,1,0,2,0,6,1,0,7,36,0,36,43
01/29/2021,SQL,CA,AWP,WE,Federal Contract Tower,0,9,9,0,18,0,34,49,0,83,0,43,58,0,101,123,0,123,224
01/30/2021,SQL,CA,AWP,WE,Federal Contract Tower,0,7,14,0,21,0,28,47,0,75,0,35,61,0,96,66,0,66,162
01/31/2021,SQL,CA,AWP,WE,Federal Contract Tower,0,12,9,0,21,0,54,93,0,147,0,66,102,0,168,132,0,132,300
02/01/2021,SQL,CA,AWP,WE,Federal Contract Tower,0,10,4,0,14,0,5,22,0,27,0,15,26,0,41,52,8,60,101
02/02/2021,SQL,CA,AWP,WE,Federal Contract Tower,0,5,2,0,7,0,4,16,0,20,0,9,18,0,27,102,0,102,129
02/03/2021,SQL,CA,AWP,WE,Federal Contract Tower,0,5,16,0,21,0,21,30,2,53,0,26,46,2,74,54,0,54,128
02/04/2021,SQL,CA,AWP,WE,Federal Contract Tower,0,4,2,0,6,0,29,63,0,92,0,33,65,0,98,172,0,172,270
02/05/2021,SQL,CA,AWP,WE,Federal Contract Tower,0,11,7,0,18,0,58,121,0,179,0,69,128,0,197,244,0,244,441
02/06/2021,SQL,CA,AWP,WE,Federal Contract Tower,0,1,7,0,8,0,50,173,0,223,0,51,180,0,231,220,0,220,451
02/07/2021,SQL,CA,AWP,WE,Federal Contract Tower,0,9,9,0,18,0,50,108,0,158,0,59,117,0,176,128,0,128,304
02/08/2021,SQL,CA,AWP,WE,Federal Contract Tower,0,6,7,0,13,0,12,45,0,57,0,18,52,0,70,56,0,56,126
02/09/2021,SQL,CA,AWP,WE,Federal Contract Tower,0,9,7,0,16,0,9,38,0,47,0,18,45,0,63,156,0,156,219
02/10/2021,SQL,CA,AWP,WE,Federal Contract Tower,0,7,4,0,11,0,33,93,0,126,0,40,97,0,137,106,0,106,243
02/11/2021,SQL,CA,AWP,WE,Federal Contract Tower,0,10,10,0,20,0,8,33,0,41,0,18,43,0,61,60,0,60,121
02/12/2021,SQL,CA,AWP,WE,Federal Contract Tower,0,11,13,0,24,0,30,55,0,85,0,41,68,0,109,116,0,116,225
02/13/2021,SQL,CA,AWP,WE,Federal Contract Tower,0,9,4,0,13,0,6,16,0,22,0,15,20,0,35,22,0,22,57
02/14/2021,SQL,CA,AWP,WE,Federal Contract Tower,0,18,14,0,32,0,25,59,0,84,0,43,73,0,116,152,0,152,268
02/16/2021,SQL,CA,AWP,WE,Federal Contract Tower,0,5,10,0,15,0,25,50,0,75,0,30,60,0,90,96,0,96,186
02/17/2021,SQL,CA,AWP,WE,Federal Contract Tower,0,7,8,0,15,0,42,107,0,149,0,49,115,0,164,152,0,152,316
02/18/2021,SQL,CA,AWP,WE,Federal Contract Tower,0,8,3,0,11,0,0,0,0,0,0,8,3,0,11,54,0,54,65
02/19/2021,SQL,CA,AWP,WE,Federal Contract Tower,0,19,20,0,39,0,8,30,1,39,0,27,50,1,78,114,0,114,192
02/20/2021,SQL,CA,AWP,WE,Federal Contract Tower,0,2,14,0,16,0,25,46,0,71,0,27,60,0,87,112,0,112,199
02/21/2021,SQL,CA,AWP,WE,Federal Contract Tower,0,7,10,0,17,0,56,178,0,234,0,63,188,0,251,115,0,115,366
02/22/2021,SQL,CA,AWP,WE,Federal Contract Tower,0,9,6,0,15,0,19,81,0,100,0,28,87,0,115,102,0,102,217
02/23/2021,SQL,CA,AWP,WE,Federal Contract Tower,0,4,6,0,10,0,22,67,0,89,0,26,73,0,99,104,0,104,203
02/24/2021,SQL,CA,AWP,WE,Federal Contract Tower,0,4,7,0,11,0,16,35,0,51,0,20,42,0,62,62,0,62,124
02/25/2021,SQL,CA,AWP,WE,Federal Contract Tower,0,5,2,0,7,0,26,63,0,89,0,31,65,0,96,62,0,62,158
02/26/2021,SQL,CA,AWP,WE,Federal Contract Tower,0,8,8,0,16,0,25,78,0,103,0,33,86,0,119,66,0,66,185
02/27/2021,SQL,CA,AWP,WE,Federal Contract Tower,0,3,7,0,10,0,28,89,0,117,0,31,96,0,127,92,0,92,219
02/28/2021,SQL,CA,AWP,WE,Federal Contract Tower,0,10,4,0,14,0,53,131,0,184,0,63,135,0,198,250,0,250,448
03/01/2021,SQL,CA,AWP,WE,Federal Contract Tower,0,7,7,0,14,0,22,64,0,86,0,29,71,0,100,106,0,106,206
03/02/2021,SQL,CA,AWP,WE,Federal Contract Tower,0,4,0,0,4,0,20,59,0,79,0,24,59,0,83,144,0,144,227
03/03/2021,SQL,CA,AWP,WE,Federal Contract Tower,0,5,4,0,9,0,29,66,0,95,0,34,70,0,104,110,0,110,214
03/04/2021,SQL,CA,AWP,WE,Federal Contract Tower,0,8,5,0,13,0,29,84,0,113,0,37,89,0,126,174,0,174,300
03/05/2021,SQL,CA,AWP,WE,Federal Contract Tower,0,11,5,0,16,0,29,56,0,85,0,40,61,0,101,150,0,150,251
03/06/2021,SQL,CA,AWP,WE,Federal Contract Tower,0,1,4,0,5,0,43,87,0,130,0,44,91,0,135,158,0,158,293
03/07/2021,SQL,CA,AWP,WE,Federal Contract Tower,0,11,10,0,21,0,44,119,0,163,0,55,129,0,184,150,0,150,334
03/09/2021,SQL,CA,AWP,WE,Federal Contract Tower,0,5,8,0,13,0,5,10,0,15,0,10,18,0,28,48,0,48,76
03/10/2021,SQL,CA,AWP,WE,Federal Contract Tower,0,4,6,0,10,0,0,10,2,12,0,4,16,2,22,0,0,0,22
03/11/2021,SQL,CA,AWP,WE,Federal Contract Tower,0,8,5,1,14,0,9,37,0,46,0,17,42,1,60,172,0,172,232
03/12/2021,SQL,CA,AWP,WE,Federal Contract Tower,0,8,4,0,12,0,50,88,0,138,0,58,92,0,150,260,0,260,410
03/13/2021,SQL,CA,AWP,WE,Federal Contract Tower,0,6,22,0,28,0,34,67,0,101,0,40,89,0,129,67,0,67,196
03/14/2021,SQL,CA,AWP,WE,Federal Contract Tower,0,12,12,0,24,0,18,56,0,74,0,30,68,0,98,108,0,108,206
03/15/2021,SQL,CA,AWP,WE,Federal Contract Tower,0,4,2,0,6,0,3,11,0,14,0,7,13,0,20,24,0,24,44
03/16/2021,SQL,CA,AWP,WE,Federal Contract Tower,0,6,0,0,6,0,29,100,0,129,0,35,100,0,135,144,0,144,279
03/17/2021,SQL,CA,AWP,WE,Federal Contract Tower,0,5,5,0,10,0,36,93,0,129,0,41,98,0,139,166,0,166,305
03/18/2021,SQL,CA,AWP,WE,Federal Contract Tower,0,8,6,0,14,0,1,12,0,13,0,9,18,0,27,102,0,102,129
03/19/2021,SQL,CA,AWP,WE,Federal Contract Tower,0,16,10,0,26,0,14,48,0,62,0,30,58,0,88,200,0,200,288
03/20/2021,SQL,CA,AWP,WE,Federal Contract Tower,0,5,6,0,11,0,58,127,0,185,0,63,133,0,196,246,0,246,442
03/21/2021,SQL,CA,AWP,WE,Federal Contract Tower,0,10,6,0,16,0,45,155,0,200,0,55,161,0,216,132,0,132,348
03/22/2021,SQL,CA,AWP,WE,Federal Contract Tower,0,5,4,0,9,0,5,33,0,38,0,10,37,0,47,12,0,12,59
03/23/2021,SQL,CA,AWP,WE,Federal Contract Tower,0,4,3,0,7,0,17,33,0,50,0,21,36,0,57,26,0,26,83
03/24/2021,SQL,CA,AWP,WE,Federal Contract Tower,0,6,6,0,12,0,30,60,2,92,0,36,66,2,104,96,0,96,200
03/25/2021,SQL,CA,AWP,WE,Federal Contract Tower,0,13,9,0,22,0,9,24,0,33,0,22,33,0,55,138,0,138,193
03/26/2021,SQL,CA,AWP,WE,Federal Contract Tower,0,9,4,0,13,0,37,99,0,136,0,46,103,0,149,156,0,156,305
03/27/2021,SQL,CA,AWP,WE,Federal Contract Tower,0,0,3,0,3,0,49,155,0,204,0,49,158,0,207,220,0,220,427
03/28/2021,SQL,CA,AWP,WE,Federal Contract Tower,0,11,8,0,19,0,65,147,0,212,0,76,155,0,231,134,0,134,365
03/29/2021,SQL,CA,AWP,WE,Federal Contract Tower,0,6,6,0,12,0,13,60,0,73,0,19,66,0,85,6,0,6,91
03/30/2021,SQL,CA,AWP,WE,Federal Contract Tower,0,5,9,0,14,0,30,77,0,107,0,35,86,0,121,182,0,182,303
03/31/2021,SQL,CA,AWP,WE,Federal Contract Tower,0,4,13,0,17,0,35,104,0,139,0,39,117,0,156,188,0,188,344
04/01/2021,SQL,CA,AWP,WE,Federal Contract Tower,0,10,3,2,15,0,28,88,0,116,0,38,91,2,131,118,0,118,249
04/02/2021,SQL,CA,AWP,WE,Federal Contract Tower,0,17,6,0,23,0,49,92,0,141,0,66,98,0,164,136,0,136,300
04/03/2021,SQL,CA,AWP,WE,Federal Contract Tower,0,6,15,0,21,0,27,78,0,105,0,33,93,0,126,96,0,96,222
04/04/2021,SQL,CA,AWP,WE,Federal Contract Tower,0,11,6,0,17,0,32,76,0,108,0,43,82,0,125,220,0,220,345
04/05/2021,SQL,CA,AWP,WE,Federal Contract Tower,0,11,6,0,17,0,10,24,0,34,0,21,30,0,51,128,0,128,179
04/06/2021,SQL,CA,AWP,WE,Federal Contract Tower,0,9,12,0,21,0,26,63,0,89,0,35,75,0,110,184,0,184,294
04/07/2021,SQL,CA,AWP,WE,Federal Contract Tower,0,7,11,0,18,0,25,61,0,86,0,32,72,0,104,84,0,84,188
04/08/2021,SQL,CA,AWP,WE,Federal Contract Tower,0,12,7,0,19,0,19,43,0,62,0,31,50,0,81,124,0,124,205
04/09/2021,SQL,CA,AWP,WE,Federal Contract Tower,0,7,8,0,15,0,19,30,0,49,0,26,38,0,64,26,0,26,90
04/10/2021,SQL,CA,AWP,WE,Federal Contract Tower,0,6,4,0,10,0,61,101,0,162,0,67,105,0,172,172,0,172,344
04/11/2021,SQL,CA,AWP,WE,Federal Contract Tower,0,13,10,0,23,0,55,132,0,187,0,68,142,0,210,170,0,170,380
04/12/2021,SQL,CA,AWP,WE,Federal Contract Tower,0,6,3,0,9,0,26,70,0,96,0,32,73,0,105,88,0,88,193
04/13/2021,SQL,CA,AWP,WE,Federal Contract Tower,0,8,3,0,11,0,11,35,0,46,0,19,38,0,57,78,0,78,135
04/14/2021,SQL,CA,AWP,WE,Federal Contract Tower,0,7,6,0,13,0,27,81,0,108,0,34,87,0,121,144,0,144,265
04/15/2021,SQL,CA,AWP,WE,Federal Contract Tower,0,11,4,0,15,0,22,37,0,59,0,33,41,0,74,84,0,84,158
04/16/2021,SQL,CA,AWP,WE,Federal Contract Tower,0,10,3,0,13,0,21,60,0,81,0,31,63,0,94,236,0,236,330
04/17/2021,SQL,CA,AWP,WE,Federal Contract Tower,0,2,11,0,13,0,21,53,0,74,0,23,64,0,87,100,0,100,187
04/18/2021,SQL,CA,AWP,WE,Federal Contract Tower,0,14,4,0,18,0,36,172,0,208,0,50,176,0,226,184,0,184,410
04/19/2021,SQL,CA,AWP,WE,Federal Contract Tower,0,11,10,0,21,0,24,64,0,88,0,35,74,0,109,176,0,176,285
04/20/2021,SQL,CA,AWP,WE,Federal Contract Tower,0,10,3,0,13,0,3,12,0,15,0,13,15,0,28,76,0,76,104
04/21/2021,SQL,CA,AWP,WE,Federal Contract Tower,0,5,7,0,12,0,20,34,0,54,0,25,41,0,66,70,0,70,136
04/22/2021,SQL,CA,AWP,WE,Federal Contract Tower,0,12,5,0,17,0,18,41,0,59,0,30,46,0,76,108,2,110,186
04/23/2021,SQL,CA,AWP,WE,Federal Contract Tower,0,8,7,0,15,0,19,36,0,55,0,27,43,0,70,54,0,54,124
04/24/2021,SQL,CA,AWP,WE,Federal Contract Tower,0,4,10,0,14,0,31,58,0,89,0,35,68,0,103,124,0,124,227
04/25/2021,SQL,CA,AWP,WE,Federal Contract Tower,0,13,21,0,34,0,10,28,0,38,0,23,49,0,72,60,0,60,132
04/26/2021,SQL,CA,AWP,WE,Federal Contract Tower,0,10,0,0,10,0,17,39,0,56,0,27,39,0,66,76,0,76,142
04/27/2021,SQL,CA,AWP,WE,Federal Contract Tower,0,16,9,0,25,0,28,119,0,147,0,44,128,0,172,162,0,162,334
04/28/2021,SQL,CA,AWP,WE,Federal Contract Tower,0,7,9,0,16,0,62,99,0,161,0,69,108,0,177,126,0,126,303
04/29/2021,SQL,CA,AWP,WE,Federal Contract Tower,0,9,6,0,15,0,17,56,0,73,0,26,62,0,88,76,0,76,164
04/30/2021,SQL,CA,AWP,WE,Federal Contract Tower,0,15,9,0,24,0,30,49,0,79,0,45,58,0,103,36,0,36,139
05/01/2021,SQL,CA,AWP,WE,Federal Contract Tower,0,2,7,0,9,0,12,65,0,77,0,14,72,0,86,78,0,78,164
05/02/2021,SQL,CA,AWP,WE,Federal Contract Tower,0,11,7,0,18,0,47,108,0,155,0,58,115,0,173,118,0,118,291
05/03/2021,SQL,CA,AWP,WE,Federal Contract Tower,0,9,7,0,16,0,35,68,0,103,0,44,75,0,119,84,0,84,203
05/04/2021,SQL,CA,AWP,WE,Federal Contract Tower,0,8,4,0,12,0,35,85,0,120,0,43,89,0,132,86,0,86,218
05/05/2021,SQL,CA,AWP,WE,Federal Contract Tower,0,8,6,0,14,0,30,73,0,103,0,38,79,0,117,108,0,108,225
05/06/2021,SQL,CA,AWP,WE,Federal Contract Tower,0,16,7,0,23,0,21,36,0,57,0,37,43,0,80,72,0,72,152
05/07/2021,SQL,CA,AWP,WE,Federal Contract Tower,0,16,9,0,25,0,10,22,0,32,0,26,31,0,57,30,0,30,87
05/08/2021,SQL,CA,AWP,WE,Federal Contract Tower,0,5,2,0,7,0,21,56,0,77,0,26,58,0,84,82,0,82,166
05/09/2021,SQL,CA,AWP,WE,Federal Contract Tower,0,9,7,0,16,0,32,81,0,113,0,41,88,0,129,50,0,50,179
05/10/2021,SQL,CA,AWP,WE,Federal Contract Tower,0,10,7,0,17,0,24,56,0,80,0,34,63,0,97,92,0,92,189
05/11/2021,SQL,CA,AWP,WE,Federal Contract Tower,0,6,4,0,10,0,30,92,0,122,0,36,96,0,132,88,0,88,220
05/12/2021,SQL,CA,AWP,WE,Federal Contract Tower,0,6,1,0,7,0,25,79,2,106,0,31,80,2,113,130,0,130,243
05/13/2021,SQL,CA,AWP,WE,Federal Contract Tower,0,16,17,0,33,0,21,28,0,49,0,37,45,0,82,124,0,124,206
05/14/2021,SQL,CA,AWP,WE,Federal Contract Tower,0,14,10,0,24,0,12,33,0,45,0,26,43,0,69,78,4,82,151
05/15/2021,SQL,CA,AWP,WE,Federal Contract Tower,0,1,20,0,21,0,22,63,0,85,0,23,83,0,106,132,0,132,238
05/16/2021,SQL,CA,AWP,WE,Federal Contract Tower,0,11,10,0,21,0,26,46,0,72,0,37,56,0,93,112,0,112,205
05/17/2021,SQL,CA,AWP,WE,Federal Contract Tower,0,12,17,0,29,0,10,27,2,39,0,22,44,2,68,84,0,84,152
05/18/2021,SQL,CA,AWP,WE,Federal Contract Tower,0,13,4,0,17,0,29,82,0,111,0,42,86,0,128,140,0,140,268
05/19/2021,SQL,CA,AWP,WE,Federal Contract Tower,0,7,2,0,9,0,15,39,0,54,0,22,41,0,63,42,0,42,105
05/20/2021,SQL,CA,AWP,WE,Federal Contract Tower,0,12,3,0,15,0,8,30,0,38,0,20,33,0,53,32,0,32,85
05/21/2021,SQL,CA,AWP,WE,Federal Contract Tower,0,10,5,0,15,0,40,111,0,151,0,50,116,0,166,96,0,96,262
05/22/2021,SQL,CA,AWP,WE,Federal Contract Tower,0,2,6,0,8,0,63,169,0,232,0,65,175,0,240,120,0,120,360
05/23/2021,SQL,CA,AWP,WE,Federal Contract Tower,0,8,11,0,19,0,30,125,0,155,0,38,136,0,174,126,0,126,300
05/24/2021,SQL,CA,AWP,WE,Federal Contract Tower,0,4,12,0,16,0,22,55,0,77,0,26,67,0,93,72,0,72,165
05/25/2021,SQL,CA,AWP,WE,Federal Contract Tower,0,8,6,0,14,0,24,85,0,109,0,32,91,0,123,72,0,72,195
05/26/2021,SQL,CA,AWP,WE,Federal Contract Tower,0,9,5,0,14,0,33,85,0,118,0,42,90,0,132,136,0,136,268
05/27/2021,SQL,CA,AWP,WE,Federal Contract Tower,0,10,9,0,19,0,17,43,0,60,0,27,52,0,79,48,0,48,127
05/28/2021,SQL,CA,AWP,WE,Federal Contract Tower,0,10,7,0,17,0,44,82,0,126,0,54,89,0,143,128,0,128,271
05/29/2021,SQL,CA,AWP,WE,Federal Contract Tower,0,9,19,0,28,0,14,21,0,35,0,23,40,0,63,30,0,30,93
05/30/2021,SQL,CA,AWP,WE,Federal Contract Tower,0,9,3,0,12,0,19,81,0,100,0,28,84,0,112,0,0,0,112
05/31/2021,SQL,CA,AWP,WE,Federal Contract Tower,0,10,12,0,22,0,53,141,0,194,0,63,153,0,216,114,0,114,330
06/01/2021,SQL,CA,AWP,WE,Federal Contract Tower,0,10,4,0,14,0,31,85,0,116,0,41,89,0,130,122,0,122,252
06/02/2021,SQL,CA,AWP,WE,Federal Contract Tower,0,10,15,0,25,0,37,55,0,92,0,47,70,0,117,122,0,122,239
06/03/2021,SQL,CA,AWP,WE,Federal Contract Tower,0,11,9,0,20,0,27,56,0,83,0,38,65,0,103,158,0,158,261
06/04/2021,SQL,CA,AWP,WE,Federal Contract Tower,0,10,8,0,18,0,27,83,0,110,0,37,91,0,128,54,0,54,182
06/05/2021,SQL,CA,AWP,WE,Federal Contract Tower,0,1,9,0,10,0,44,81,0,125,0,45,90,0,135,78,0,78,213
06/06/2021,SQL,CA,AWP,WE,Federal Contract Tower,0,11,6,0,17,0,41,111,0,152,0,52,117,0,169,90,0,90,259
06/07/2021,SQL,CA,AWP,WE,Federal Contract Tower,0,10,4,0,14,0,23,43,0,66,0,33,47,0,80,16,0,16,96
06/08/2021,SQL,CA,AWP,WE,Federal Contract Tower,0,14,3,0,17,0,41,62,0,103,0,55,65,0,120,86,0,86,206
06/09/2021,SQL,CA,AWP,WE,Federal Contract Tower,0,6,6,0,12,0,43,66,2,111,0,49,72,2,123,52,0,52,175
06/10/2021,SQL,CA,AWP,WE,Federal Contract Tower,0,10,5,0,15,0,47,68,4,119,0,57,73,4,134,50,0,50,184
06/11/2021,SQL,CA,AWP,WE,Federal Contract Tower,0,13,8,0,21,0,11,31,0,42,0,24,39,0,63,30,0,30,93
06/12/2021,SQL,CA,AWP,WE,Federal Contract Tower,0,3,16,0,19,0,34,73,0,107,0,37,89,0,126,50,0,50,176
06/13/2021,SQL,CA,AWP,WE,Federal Contract Tower,0,11,8,0,19,0,58,111,0,169,0,69,119,0,188,78,0,78,266
06/14/2021,SQL,CA,AWP,WE,Federal Contract Tower,0,12,13,0,25,0,35,79,0,114,0,47,92,0,139,38,0,38,177
06/15/2021,SQL,CA,AWP,WE,Federal Contract Tower,0,9,2,0,11,0,38,57,0,95,0,47,59,0,106,74,0,74,180
06/16/2021,SQL,CA,AWP,WE,Federal Contract Tower,0,7,6,0,13,0,26,53,0,79,0,33,59,0,92,52,0,52,144
06/17/2021,SQL,CA,AWP,WE,Federal Contract Tower,0,10,3,0,13,0,23,49,0,72,0,33,52,0,85,26,0,26,111
06/18/2021,SQL,CA,AWP,WE,Federal Contract Tower,0,10,13,0,23,0,42,100,0,142,0,52,113,0,165,20,0,20,185
06/19/2021,SQL,CA,AWP,WE,Federal Contract Tower,0,2,13,0,15,0,27,70,0,97,0,29,83,0,112,94,0,94,206
06/20/2021,SQL,CA,AWP,WE,Federal Contract Tower,0,16,11,0,27,0,60,112,0,172,0,76,123,0,199,54,24,78,277
06/21/2021,SQL,CA,AWP,WE,Federal Contract Tower,0,9,8,0,17,0,18,50,0,68,0,27,58,0,85,84,0,84,169
06/22/2021,SQL,CA,AWP,WE,Federal Contract Tower,0,18,6,0,24,0,22,55,0,77,0,40,61,0,101,130,0,130,231
06/23/2021,SQL,CA,AWP,WE,Federal Contract Tower,0,10,5,0,15,0,32,38,0,70,0,42,43,0,85,30,0,30,115
06/24/2021,SQL,CA,AWP,WE,Federal Contract Tower,0,12,14,0,26,0,19,55,0,74,0,31,69,0,100,80,0,80,180
06/25/2021,SQL,CA,AWP,WE,Federal Contract Tower,0,8,10,0,18,0,0,0,0,0,0,8,10,0,18,138,0,138,156
06/26/2021,SQL,CA,AWP,WE,Federal Contract Tower,0,4,7,0,11,0,27,80,0,107,0,31,87,0,118,40,0,40,158
06/27/2021,SQL,CA,AWP,WE,Federal Contract Tower,0,17,7,0,24,0,30,102,0,132,0,47,109,0,156,100,0,100,256
06/28/2021,SQL,CA,AWP,WE,Federal Contract Tower,0,12,9,0,21,0,22,49,0,71,0,34,58,0,92,46,0,46,138
06/29/2021,SQL,CA,AWP,WE,Federal Contract Tower,0,12,6,0,18,0,32,64,0,96,0,44,70,0,114,122,0,122,236
06/30/2021,SQL,CA,AWP,WE,Federal Contract Tower,0,10,6,0,16,0,18,31,0,49,0,28,37,0,65,54,0,54,119
07/01/2021,SQL,CA,AWP,WE,Federal Contract Tower,0,17,10,0,27,0,35,79,0,114,0,52,89,0,141,50,0,50,191
07/02/2021,SQL,CA,AWP,WE,Federal Contract Tower,0,8,11,0,19,0,29,81,0,110,0,37,92,0,129,56,0,56,185
07/03/2021,SQL,CA,AWP,WE,Federal Contract Tower,0,7,12,0,19,0,9,46,0,55,0,16,58,0,74,46,0,46,120
07/04/2021,SQL,CA,AWP,WE,Federal Contract Tower,0,11,4,0,15,0,34,78,0,112,0,45,82,0,127,50,0,50,177
07/05/2021,SQL,CA,AWP,WE,Federal Contract Tower,0,10,13,0,23,0,25,55,0,80,0,35,68,0,103,80,0,80,183
07/06/2021,SQL,CA,AWP,WE,Federal Contract Tower,0,14,12,0,26,0,24,87,0,111,0,38,99,0,137,112,0,112,249
07/07/2021,SQL,CA,AWP,WE,Federal Contract Tower,0,14,14,0,28,0,13,48,0,61,0,27,62,0,89,42,0,42,131
07/08/2021,SQL,CA,AWP,WE,Federal Contract Tower,0,9,7,0,16,0,6,17,0,23,0,15,24,0,39,28,0,28,67
07/09/2021,SQL,CA,AWP,WE,Federal Contract Tower,0,11,9,0,20,0,0,0,0,0,0,11,9,0,20,112,0,112,132
07/10/2021,SQL,CA,AWP,WE,Federal Contract Tower,0,4,9,0,13,0,18,48,0,66,0,22,57,0,79,72,0,72,151
07/11/2021,SQL,CA,AWP,WE,Federal Contract Tower,0,15,13,0,28,0,41,86,0,127,0,56,99,0,155,82,0,82,237
07/12/2021,SQL,CA,AWP,WE,Federal Contract Tower,0,12,6,0,18,0,29,62,0,91,0,41,68,0,109,136,0,136,245
07/13/2021,SQL,CA,AWP,WE,Federal Contract Tower,0,15,12,0,27,0,32,69,0,101,0,47,81,0,128,120,0,120,248
07/14/2021,SQL,CA,AWP,WE,Federal Contract Tower,0,10,7,0,17,0,42,77,0,119,0,52,84,0,136,210,0,210,346
07/15/2021,SQL,CA,AWP,WE,Federal Contract Tower,0,11,13,0,24,0,37,64,0,101,0,48,77,0,125,72,0,72,197
07/16/2021,SQL,CA,AWP,WE,Federal Contract Tower,0,11,8,0,19,0,30,66,0,96,0,41,74,0,115,168,0,168,283
07/17/2021,SQL,CA,AWP,WE,Federal Contract Tower,0,4,13,0,17,0,23,49,0,72,0,27,62,0,89,46,0,46,135
07/18/2021,SQL,CA,AWP,WE,Federal Contract Tower,0,15,9,0,24,0,34,101,0,135,0,49,110,0,159,110,0,110,269
07/19/2021,SQL,CA,AWP,WE,Federal Contract Tower,0,9,3,0,12,0,26,60,0,86,0,35,63,0,98,156,0,156,254
07/20/2021,SQL,CA,AWP,WE,Federal Contract Tower,0,11,7,0,18,0,24,70,0,94,0,35,77,0,112,158,0,158,270
07/21/2021,SQL,CA,AWP,WE,Federal Contract Tower,0,6,2,0,8,0,37,76,0,113,0,43,78,0,121,152,0,152,273
07/23/2021,SQL,CA,AWP,WE,Federal Contract Tower,0,14,4,0,18,0,31,54,0,85,0,45,58,0,103,30,0,30,133
07/24/2021,SQL,CA,AWP,WE,Federal Contract Tower,0,3,13,0,16,0,23,57,0,80,0,26,70,0,96,94,0,94,190
07/25/2021,SQL,CA,AWP,WE,Federal Contract Tower,0,14,14,0,28,0,31,82,0,113,0,45,96,0,141,72,0,72,213
07/26/2021,SQL,CA,AWP,WE,Federal Contract Tower,0,15,9,0,24,0,31,53,0,84,0,46,62,0,108,92,0,92,200
07/27/2021,SQL,CA,AWP,WE,Federal Contract Tower,0,11,7,0,18,0,21,70,0,91,0,32,77,0,109,136,0,136,245
07/28/2021,SQL,CA,AWP,WE,Federal Contract Tower,0,7,7,0,14,0,27,64,0,91,0,34,71,0,105,146,0,146,251
07/29/2021,SQL,CA,AWP,WE,Federal Contract Tower,0,10,9,0,19,0,19,50,0,69,0,29,59,0,88,78,0,78,166
07/30/2021,SQL,CA,AWP,WE,Federal Contract Tower,0,10,11,0,21,0,28,62,0,90,0,38,73,0,111,94,0,94,205
07/31/2021,SQL,CA,AWP,WE,Federal Contract Tower,0,2,9,0,11,0,33,76,0,109,0,35,85,0,120,64,0,64,184
08/01/2021,SQL,CA,AWP,WE,Federal Contract Tower,0,14,9,0,23,0,42,98,0,140,0,56,107,0,163,92,0,92,255
08/03/2021,SQL,CA,AWP,WE,Federal Contract Tower,0,9,8,0,17,0,22,77,0,99,0,31,85,0,116,134,0,134,250
08/04/2021,SQL,CA,AWP,WE,Federal Contract Tower,0,9,6,0,15,0,26,48,0,74,0,35,54,0,89,136,0,136,225
08/05/2021,SQL,CA,AWP,WE,Federal Contract Tower,0,12,8,0,20,0,20,37,0,57,0,32,45,0,77,44,0,44,121
08/06/2021,SQL,CA,AWP,WE,Federal Contract Tower,0,9,19,0,28,0,24,29,0,53,0,33,48,0,81,80,0,80,161
08/07/2021,SQL,CA,AWP,WE,Federal Contract Tower,0,7,12,0,19,0,23,110,0,133,0,30,122,0,152,92,0,92,244
08/08/2021,SQL,CA,AWP,WE,Federal Contract Tower,0,15,13,0,28,0,52,61,0,113,0,67,74,0,141,72,0,72,213
08/09/2021,SQL,CA,AWP,WE,Federal Contract Tower,0,9,10,0,19,0,24,88,0,112,0,33,98,0,131,182,0,182,313
08/10/2021,SQL,CA,AWP,WE,Federal Contract Tower,0,8,4,0,12,0,36,73,0,109,0,44,77,0,121,162,0,162,283
08/11/2021,SQL,CA,AWP,WE,Federal Contract Tower,0,11,13,0,24,0,25,87,0,112,0,36,100,0,136,196,0,196,332
08/12/2021,SQL,CA,AWP,WE,Federal Contract Tower,0,10,11,0,21,0,13,46,0,59,0,23,57,0,80,76,0,76,156
08/13/2021,SQL,CA,AWP,WE,Federal Contract Tower,0,11,2,0,13,0,18,22,0,40,0,29,24,0,53,66,0,66,119
08/14/2021,SQL,CA,AWP,WE,Federal Contract Tower,0,5,8,0,13,0,31,46,0,77,0,36,54,0,90,62,0,62,152
08/15/2021,SQL,CA,AWP,WE,Federal Contract Tower,0,11,13,0,24,0,26,68,0,94,0,37,81,0,118,120,0,120,238
08/16/2021,SQL,CA,AWP,WE,Federal Contract Tower,0,13,10,0,23,0,19,64,0,83,0,32,74,0,106,96,0,96,202
08/17/2021,SQL,CA,AWP,WE,Federal Contract Tower,0,11,5,0,16,0,24,57,2,83,0,35,62,2,99,60,0,60,159
08/18/2021,SQL,CA,AWP,WE,Federal Contract Tower,0,11,7,0,18,0,17,28,0,45,0,28,35,0,63,126,0,126,189
08/19/2021,SQL,CA,AWP,WE,Federal Contract Tower,0,15,10,0,25,0,20,34,0,54,0,35,44,0,79,44,0,44,123
08/20/2021,SQL,CA,AWP,WE,Federal Contract Tower,0,15,10,0,25,0,5,18,0,23,0,20,28,0,48,52,0,52,100
08/21/2021,SQL,CA,AWP,WE,Federal Contract Tower,0,4,14,0,18,0,27,79,0,106,0,31,93,0,124,136,0,136,260
08/22/2021,SQL,CA,AWP,WE,Federal Contract Tower,0,16,18,0,34,0,26,65,0,91,0,42,83,0,125,122,0,122,247
08/23/2021,SQL,CA,AWP,WE,Federal Contract Tower,0,6,17,0,23,0,23,69,0,92,0,29,86,0,115,98,4,102,217
08/24/2021,SQL,CA,AWP,WE,Federal Contract Tower,0,12,9,0,21,0,24,60,0,84,0,36,69,0,105,160,0,160,265
08/25/2021,SQL,CA,AWP,WE,Federal Contract Tower,0,10,18,1,29,0,9,38,0,47,0,19,56,1,76,116,0,116,192
08/26/2021,SQL,CA,AWP,WE,Federal Contract Tower,0,11,11,0,22,0,11,38,0,49,0,22,49,0,71,60,0,60,131
08/27/2021,SQL,CA,AWP,WE,Federal Contract Tower,0,13,8,0,21,0,16,31,0,47,0,29,39,0,68,24,0,24,92
08/28/2021,SQL,CA,AWP,WE,Federal Contract Tower,0,3,7,0,10,0,16,47,0,63,0,19,54,0,73,68,0,68,141
08/29/2021,SQL,CA,AWP,WE,Federal Contract Tower,0,7,12,0,19,0,21,109,0,130,0,28,121,0,149,104,0,104,253
08/30/2021,SQL,CA,AWP,WE,Federal Contract Tower,0,7,4,0,11,0,8,62,0,70,0,15,66,0,81,76,0,76,157
08/31/2021,SQL,CA,AWP,WE,Federal Contract Tower,0,8,11,0,19,0,20,75,0,95,0,28,86,0,114,78,0,78,192
09/01/2021,SQL,CA,AWP,WE,Federal Contract Tower,0,8,9,0,17,0,25,97,0,122,0,33,106,0,139,84,0,84,223
09/02/2021,SQL,CA,AWP,WE,Federal Contract Tower,0,9,13,1,23,0,19,39,0,58,0,28,52,1,81,130,0,130,211
09/03/2021,SQL,CA,AWP,WE,Federal Contract Tower,0,13,8,0,21,0,12,45,0,57,0,25,53,0,78,88,0,88,166
09/04/2021,SQL,CA,AWP,WE,Federal Contract Tower,0,4,14,0,18,0,13,107,0,120,0,17,121,0,138,52,0,52,190
09/05/2021,SQL,CA,AWP,WE,Federal Contract Tower,0,2,12,0,14,0,27,84,0,111,0,29,96,0,125,36,0,36,161
09/06/2021,SQL,CA,AWP,WE,Federal Contract Tower,0,12,12,0,24,0,39,121,0,160,0,51,133,0,184,160,0,160,344
09/07/2021,SQL,CA,AWP,WE,Federal Contract Tower,0,13,11,0,24,0,22,92,0,114,0,35,103,0,138,116,0,116,254
09/08/2021,SQL,CA,AWP,WE,Federal Contract Tower,0,7,3,0,10,0,26,113,0,139,0,33,116,0,149,204,0,204,353
09/09/2021,SQL,CA,AWP,WE,Federal Contract Tower,0,9,5,0,14,0,18,45,0,63,0,27,50,0,77,76,0,76,153
09/10/2021,SQL,CA,AWP,WE,Federal Contract Tower,0,10,5,0,15,0,6,33,0,39,0,16,38,0,54,110,0,110,164
09/11/2021,SQL,CA,AWP,WE,Federal Contract Tower,0,3,10,0,13,0,32,84,0,116,0,35,94,0,129,88,0,88,217
09/12/2021,SQL,CA,AWP,WE,Federal Contract Tower,0,6,10,0,16,0,32,91,0,123,0,38,101,0,139,104,0,104,243
09/13/2021,SQL,CA,AWP,WE,Federal Contract Tower,0,10,9,0,19,0,18,73,0,91,0,28,82,0,110,124,0,124,234
09/14/2021,SQL,CA,AWP,WE,Federal Contract Tower,0,12,4,0,16,0,25,104,2,131,0,37,108,2,147,86,0,86,233
09/15/2021,SQL,CA,AWP,WE,Federal Contract Tower,0,11,9,0,20,0,14,55,0,69,0,25,64,0,89,56,0,56,145
09/16/2021,SQL,CA,AWP,WE,Federal Contract Tower,0,8,12,0,20,0,0,0,0,0,0,8,12,0,20,78,0,78,98
09/17/2021,SQL,CA,AWP,WE,Federal Contract Tower,0,9,13,0,22,0,9,31,0,40,0,18,44,0,62,48,0,48,110
09/18/2021,SQL,CA,AWP,WE,Federal Contract Tower,0,6,18,0,24,0,18,82,0,100,0,24,100,0,124,44,0,44,168
09/19/2021,SQL,CA,AWP,WE,Federal Contract Tower,0,10,6,0,16,0,25,92,0,117,0,35,98,0,133,50,0,50,183
09/20/2021,SQL,CA,AWP,WE,Federal Contract Tower,0,8,3,0,11,0,22,137,0,159,0,30,140,0,170,104,0,104,274
09/21/2021,SQL,CA,AWP,WE,Federal Contract Tower,0,11,6,0,17,0,13,113,0,126,0,24,119,0,143,78,0,78,221
09/22/2021,SQL,CA,AWP,WE,Federal Contract Tower,0,7,4,0,11,0,30,104,0,134,0,37,108,0,145,126,0,126,271
09/23/2021,SQL,CA,AWP,WE,Federal Contract Tower,0,7,17,0,24,0,33,99,2,134,0,40,116,2,158,232,22,254,412
09/24/2021,SQL,CA,AWP,WE,Federal Contract Tower,0,0,9,10,19,0,21,152,0,173,0,21,161,10,192,64,0,64,256
09/25/2021,SQL,CA,AWP,WE,Federal Contract Tower,0,3,19,0,22,0,16,102,0,118,0,19,121,0,140,108,0,108,248
09/26/2021,SQL,CA,AWP,WE,Federal Contract Tower,0,10,13,0,23,0,19,114,0,133,0,29,127,0,156,126,0,126,282
09/27/2021,SQL,CA,AWP,WE,Federal Contract Tower,0,12,12,0,24,0,19,69,0,88,0,31,81,0,112,172,0,172,284
09/28/2021,SQL,CA,AWP,WE,Federal Contract Tower,0,12,13,0,25,0,23,104,0,127,0,35,117,0,152,88,0,88,240
09/29/2021,SQL,CA,AWP,WE,Federal Contract Tower,0,8,7,0,15,0,42,99,0,141,0,50,106,0,156,98,0,98,254
09/30/2021,SQL,CA,AWP,WE,Federal Contract Tower,0,9,3,0,12,0,31,92,0,123,0,40,95,0,135,128,0,128,263
10/01/2021,SQL,CA,AWP,WE,Federal Contract Tower,0,12,8,0,20,0,32,118,0,150,0,44,126,0,170,100,0,100,270
10/02/2021,SQL,CA,AWP,WE,Federal Contract Tower,0,0,7,0,7,0,35,122,0,157,0,35,129,0,164,130,0,130,294
10/03/2021,SQL,CA,AWP,WE,Federal Contract Tower,0,10,6,0,16,0,33,167,0,200,0,43,173,0,216,112,0,112,328
10/04/2021,SQL,CA,AWP,WE,Federal Contract Tower,0,8,6,0,14,0,21,92,0,113,0,29,98,0,127,46,0,46,173
10/05/2021,SQL,CA,AWP,WE,Federal Contract Tower,0,14,12,0,26,0,25,101,0,126,0,39,113,0,152,100,0,100,252
10/06/2021,SQL,CA,AWP,WE,Federal Contract Tower,0,6,11,0,17,0,17,73,0,90,0,23,84,0,107,136,0,136,243
10/07/2021,SQL,CA,AWP,WE,Federal Contract Tower,0,8,12,0,20,0,26,75,0,101,0,34,87,0,121,156,0,156,277
10/08/2021,SQL,CA,AWP,WE,Federal Contract Tower,0,12,6,0,18,0,39,89,0,128,0,51,95,0,146,92,2,94,240
10/09/2021,SQL,CA,AWP,WE,Federal Contract Tower,0,2,7,0,9,0,44,125,0,169,0,46,132,0,178,144,0,144,322
10/10/2021,SQL,CA,AWP,WE,Federal Contract Tower,0,13,13,0,26,0,28,155,0,183,0,41,168,0,209,104,0,104,313
10/11/2021,SQL,CA,AWP,WE,Federal Contract Tower,0,9,11,0,20,0,12,41,0,53,0,21,52,0,73,24,0,24,97
10/12/2021,SQL,CA,AWP,WE,Federal Contract Tower,0,14,4,0,18,0,11,67,0,78,0,25,71,0,96,100,0,100,196
10/13/2021,SQL,CA,AWP,WE,Federal Contract Tower,0,8,9,0,17,0,24,72,0,96,0,32,81,0,113,176,0,176,289
10/14/2021,SQL,CA,AWP,WE,Federal Contract Tower,0,11,6,0,17,0,32,91,0,123,0,43,97,0,140,68,0,68,208
10/15/2021,SQL,CA,AWP,WE,Federal Contract Tower,0,11,6,0,17,0,38,84,0,122,0,49,90,0,139,80,0,80,219
10/16/2021,SQL,CA,AWP,WE,Federal Contract Tower,0,2,6,0,8,0,55,106,0,161,0,57,112,0,169,124,0,124,293
10/17/2021,SQL,CA,AWP,WE,Federal Contract Tower,0,10,13,0,23,0,32,114,0,146,0,42,127,0,169,114,0,114,283
10/18/2021,SQL,CA,AWP,WE,Federal Contract Tower,0,11,12,0,23,0,39,106,0,145,0,50,118,0,168,140,0,140,308
10/19/2021,SQL,CA,AWP,WE,Federal Contract Tower,0,8,8,0,16,0,40,118,0,158,0,48,126,0,174,186,0,186,360
10/20/2021,SQL,CA,AWP,WE,Federal Contract Tower,0,14,18,0,32,0,4,15,0,19,0,18,33,0,51,70,0,70,121
10/22/2021,SQL,CA,AWP,WE,Federal Contract Tower,0,11,17,0,28,0,10,33,0,43,0,21,50,0,71,58,0,58,129
10/23/2021,SQL,CA,AWP,WE,Federal Contract Tower,0,3,10,0,13,0,31,58,0,89,0,34,68,0,102,130,0,130,232
10/24/2021,SQL,CA,AWP,WE,Federal Contract Tower,0,4,0,0,4,0,0,0,0,0,0,4,0,0,4,0,0,0,4
10/25/2021,SQL,CA,AWP,WE,Federal Contract Tower,0,10,6,0,16,0,22,59,0,81,0,32,65,0,97,214,0,214,311
10/26/2021,SQL,CA,AWP,WE,Federal Contract Tower,0,11,18,0,29,0,22,55,0,77,0,33,73,0,106,194,0,194,300
10/27/2021,SQL,CA,AWP,WE,Federal Contract Tower,0,8,6,0,14,0,36,89,2,127,0,44,95,2,141,112,0,112,253
10/28/2021,SQL,CA,AWP,WE,Federal Contract Tower,0,7,11,0,18,0,32,88,0,120,0,39,99,0,138,154,0,154,292
10/29/2021,SQL,CA,AWP,WE,Federal Contract Tower,0,9,8,0,17,0,34,82,0,116,0,43,90,0,133,122,0,122,255
10/30/2021,SQL,CA,AWP,WE,Federal Contract Tower,0,1,30,0,31,0,21,74,0,95,0,22,104,0,126,102,0,102,228
10/31/2021,SQL,CA,AWP,WE,Federal Contract Tower,0,13,8,0,21,0,43,122,0,165,0,56,130,0,186,182,0,182,368
11/01/2021,SQL,CA,AWP,WE,Federal Contract Tower,0,17,13,0,30,0,1,17,0,18,0,18,30,0,48,84,0,84,132
11/02/2021,SQL,CA,AWP,WE,Federal Contract Tower,0,15,24,0,39,0,15,51,4,70,0,30,75,4,109,190,2,192,301
11/03/2021,SQL,CA,AWP,WE,Federal Contract Tower,0,7,13,0,20,0,18,39,0,57,0,25,52,0,77,54,0,54,131
11/04/2021,SQL,CA,AWP,WE,Federal Contract Tower,0,7,10,0,17,0,13,45,0,58,0,20,55,0,75,236,0,236,311
11/05/2021,SQL,CA,AWP,WE,Federal Contract Tower,0,12,11,0,23,0,35,90,0,125,0,47,101,0,148,126,0,126,274
11/06/2021,SQL,CA,AWP,WE,Federal Contract Tower,0,6,5,0,11,0,30,127,0,157,0,36,132,0,168,134,0,134,302
11/07/2021,SQL,CA,AWP,WE,Federal Contract Tower,0,10,7,0,17,0,35,174,0,209,0,45,181,0,226,130,0,130,356
11/08/2021,SQL,CA,AWP,WE,Federal Contract Tower,0,11,2,0,13,0,27,54,0,81,0,38,56,0,94,66,0,66,160
11/09/2021,SQL,CA,AWP,WE,Federal Contract Tower,0,14,8,0,22,0,8,26,0,34,0,22,34,0,56,140,0,140,196
11/10/2021,SQL,CA,AWP,WE,Federal Contract Tower,0,9,5,0,14,0,28,96,2,126,0,37,101,2,140,148,2,150,290
11/11/2021,SQL,CA,AWP,WE,Federal Contract Tower,0,8,6,0,14,0,38,87,0,125,0,46,93,0,139,70,0,70,209
11/12/2021,SQL,CA,AWP,WE,Federal Contract Tower,0,6,12,0,18,0,44,68,0,112,0,50,80,0,130,114,0,114,244
11/13/2021,SQL,CA,AWP,WE,Federal Contract Tower,0,5,16,0,21,0,37,118,0,155,0,42,134,0,176,218,0,218,394
11/14/2021,SQL,CA,AWP,WE,Federal Contract Tower,0,9,7,0,16,0,45,186,0,231,0,54,193,0,247,176,0,176,423
11/15/2021,SQL,CA,AWP,WE,Federal Contract Tower,0,8,9,0,17,0,10,40,0,50,0,18,49,0,67,48,0,48,115
11/16/2021,SQL,CA,AWP,WE,Federal Contract Tower,0,11,24,0,35,0,13,61,0,74,0,24,85,0,109,106,0,106,215
11/17/2021,SQL,CA,AWP,WE,Federal Contract Tower,0,8,7,0,15,0,30,89,0,119,0,38,96,0,134,166,0,166,300
11/18/2021,SQL,CA,AWP,WE,Federal Contract Tower,0,5,12,0,17,0,22,83,5,110,0,27,95,5,127,216,0,216,343
11/19/2021,SQL,CA,AWP,WE,Federal Contract Tower,0,13,27,0,40,0,2,22,0,24,0,15,49,0,64,52,0,52,116
11/20/2021,SQL,CA,AWP,WE,Federal Contract Tower,0,0,9,0,9,0,44,158,0,202,0,44,167,0,211,128,0,128,339
11/21/2021,SQL,CA,AWP,WE,Federal Contract Tower,0,12,9,0,21,0,47,144,0,191,0,59,153,0,212,150,0,150,362
11/22/2021,SQL,CA,AWP,WE,Federal Contract Tower,0,10,5,0,15,0,44,120,0,164,0,54,125,0,179,166,0,166,345
11/23/2021,SQL,CA,AWP,WE,Federal Contract Tower,0,10,3,0,13,0,55,107,0,162,0,65,110,0,175,120,12,132,307
11/24/2021,SQL,CA,AWP,WE,Federal Contract Tower,0,9,10,0,19,0,32,85,0,117,0,41,95,0,136,134,0,134,270
11/25/2021,SQL,CA,AWP,WE,Federal Contract Tower,0,1,1,0,2,0,14,48,0,62,0,15,49,0,64,52,0,52,116
11/26/2021,SQL,CA,AWP,WE,Federal Contract Tower,0,11,4,0,15,0,21,104,0,125,0,32,108,0,140,112,0,112,252
11/28/2021,SQL,CA,AWP,WE,Federal Contract Tower,0,8,12,0,20,0,35,156,0,191,0,43,168,0,211,186,0,186,397
11/29/2021,SQL,CA,AWP,WE,Federal Contract Tower,0,10,12,0,22,0,18,78,0,96,0,28,90,0,118,136,0,136,254
12/01/2021,SQL,CA,AWP,WE,Federal Contract Tower,0,5,3,0,8,0,39,99,0,138,0,44,102,0,146,150,0,150,296
12/02/2021,SQL,CA,AWP,WE,Federal Contract Tower,0,9,10,0,19,0,37,56,0,93,0,46,66,0,112,116,0,116,228
12/03/2021,SQL,CA,AWP,WE,Federal Contract Tower,0,14,40,0,54,0,1,5,0,6,0,15,45,0,60,0,6,6,66
12/04/2021,SQL,CA,AWP,WE,Federal Contract Tower,0,5,19,0,24,0,8,40,0,48,0,13,59,0,72,114,0,114,186
12/05/2021,SQL,CA,AWP,WE,Federal Contract Tower,0,6,16,0,22,0,33,75,0,108,0,39,91,0,130,92,0,92,222
12/06/2021,SQL,CA,AWP,WE,Federal Contract Tower,0,2,9,0,11,0,0,0,0,0,0,2,9,0,11,0,0,0,11
12/07/2021,SQL,CA,AWP,WE,Federal Contract Tower,0,8,11,0,19,0,19,47,0,66,0,27,58,0,85,96,0,96,181
12/08/2021,SQL,CA,AWP,WE,Federal Contract Tower,0,9,24,0,33,0,6,24,0,30,0,15,48,0,63,202,0,202,265
12/09/2021,SQL,CA,AWP,WE,Federal Contract Tower,0,8,11,0,19,0,28,45,0,73,0,36,56,0,92,100,0,100,192
12/10/2021,SQL,CA,AWP,WE,Federal Contract Tower,0,11,4,0,15,0,49,117,0,166,0,60,121,0,181,194,0,194,375
12/11/2021,SQL,CA,AWP,WE,Federal Contract Tower,0,1,7,1,9,0,36,128,0,164,0,37,135,1,173,148,0,148,321
12/12/2021,SQL,CA,AWP,WE,Federal Contract Tower,0,9,15,0,24,0,0,6,0,6,0,9,21,0,30,4,0,4,34
12/13/2021,SQL,CA,AWP,WE,Federal Contract Tower,0,1,5,0,6,0,0,0,0,0,0,1,5,0,6,0,0,0,6
12/15/2021,SQL,CA,AWP,WE,Federal Contract Tower,0,4,5,0,9,0,17,41,0,58,0,21,46,0,67,64,0,64,131
12/16/2021,SQL,CA,AWP,WE,Federal Contract Tower,0,15,16,0,31,0,29,43,0,72,0,44,59,0,103,296,0,296,399
12/17/2021,SQL,CA,AWP,WE,Federal Contract Tower,0,13,10,0,23,0,48,109,0,157,0,61,119,0,180,198,0,198,378
12/18/2021,SQL,CA,AWP,WE,Federal Contract Tower,0,6,18,0,24,0,40,129,0,169,0,46,147,0,193,144,0,144,337
12/19/2021,SQL,CA,AWP,WE,Federal Contract Tower,0,11,24,0,35,0,13,46,0,59,0,24,70,0,94,66,0,66,160
12/20/2021,SQL,CA,AWP,WE,Federal Contract Tower,0,10,9,0,19,0,20,39,0,59,0,30,48,0,78,92,0,92,170
12/21/2021,SQL,CA,AWP,WE,Federal Contract Tower,0,12,8,0,20,0,15,36,0,51,0,27,44,0,71,142,0,142,213
12/22/2021,SQL,CA,AWP,WE,Federal Contract Tower,0,4,6,0,10,0,0,1,0,1,0,4,7,0,11,0,0,0,11
12/23/2021,SQL,CA,AWP,WE,Federal Contract Tower,0,5,4,0,9,0,11,15,0,26,0,16,19,0,35,46,0,46,81
12/24/2021,SQL,CA,AWP,WE,Federal Contract Tower,0,1,11,0,12,0,2,31,0,33,0,3,42,0,45,54,0,54,99
12/25/2021,SQL,CA,AWP,WE,Federal Contract Tower,0,0,2,0,2,0,0,2,0,2,0,0,4,0,4,12,0,12,16
12/26/2021,SQL,CA,AWP,WE,Federal Contract Tower,0,8,5,0,13,0,6,12,0,18,0,14,17,0,31,56,0,56,87
12/27/2021,SQL,CA,AWP,WE,Federal Contract Tower,0,11,11,0,22,0,4,14,0,18,0,15,25,0,40,20,0,20,60
12/28/2021,SQL,CA,AWP,WE,Federal Contract Tower,0,6,9,0,15,0,5,27,0,32,0,11,36,0,47,102,2,104,151
12/29/2021,SQL,CA,AWP,WE,Federal Contract Tower,0,5,5,0,10,0,6,3,0,9,0,11,8,0,19,64,0,64,83
12/30/2021,SQL,CA,AWP,WE,Federal Contract Tower,0,10,14,0,24,0,48,74,0,122,0,58,88,0,146,146,0,146,292
12/31/2021,SQL,CA,AWP,WE,Federal Contract Tower,0,9,10,0,19,0,50,77,0,127,0,59,87,0,146,112,0,112,258
01/01/2022,SQL,CA,AWP,WE,Federal Contract Tower,0,3,4,0,7,0,15,73,0,88,0,18,77,0,95,112,0,112,207
01/02/2022,SQL,CA,AWP,WE,Federal Contract Tower,0,9,7,0,16,0,28,59,0,87,0,37,66,0,103,70,0,70,173
01/03/2022,SQL,CA,AWP,WE,Federal Contract Tower,0,13,6,0,19,0,17,23,0,40,0,30,29,0,59,114,0,114,173
01/04/2022,SQL,CA,AWP,WE,Federal Contract Tower,0,15,14,0,29,0,4,10,0,14,0,19,24,0,43,32,0,32,75
01/05/2022,SQL,CA,AWP,WE,Federal Contract Tower,0,5,11,0,16,0,18,31,0,49,0,23,42,0,65,86,0,86,151
01/06/2022,SQL,CA,AWP,WE,Federal Contract Tower,0,1,1,0,2,0,0,0,0,0,0,1,1,0,2,0,0,0,2
01/07/2022,SQL,CA,AWP,WE,Federal Contract Tower,0,15,11,0,26,0,5,30,0,35,0,20,41,0,61,92,0,92,153
01/08/2022,SQL,CA,AWP,WE,Federal Contract Tower,0,1,22,0,23,0,18,62,0,80,0,19,84,0,103,188,0,188,291
01/09/2022,SQL,CA,AWP,WE,Federal Contract Tower,0,15,12,0,27,0,33,86,0,119,0,48,98,0,146,148,0,148,294
01/10/2022,SQL,CA,AWP,WE,Federal Contract Tower,0,10,7,0,17,0,25,70,0,95,0,35,77,0,112,112,0,112,224
01/11/2022,SQL,CA,AWP,WE,Federal Contract Tower,0,7,4,0,11,0,36,63,0,99,0,43,67,0,110,184,0,184,294
01/12/2022,SQL,CA,AWP,WE,Federal Contract Tower,0,6,4,0,10,0,34,68,0,102,0,40,72,0,112,90,0,90,202
01/13/2022,SQL,CA,AWP,WE,Federal Contract Tower,0,8,8,0,16,0,27,76,0,103,0,35,84,0,119,160,0,160,279
01/14/2022,SQL,CA,AWP,WE,Federal Contract Tower,0,11,8,0,19,0,37,100,0,137,0,48,108,0,156,118,0,118,274
01/15/2022,SQL,CA,AWP,WE,Federal Contract Tower,0,3,3,0,6,0,46,119,0,165,0,49,122,0,171,114,0,114,285
01/16/2022,SQL,CA,AWP,WE,Federal Contract Tower,0,13,2,0,15,0,37,93,0,130,0,50,95,0,145,164,0,164,309
01/17/2022,SQL,CA,AWP,WE,Federal Contract Tower,0,14,5,0,19,0,38,85,0,123,0,52,90,0,142,94,0,94,236
01/18/2022,SQL,CA,AWP,WE,Federal Contract Tower,0,11,7,0,18,0,15,38,0,53,0,26,45,0,71,66,0,66,137
01/19/2022,SQL,CA,AWP,WE,Federal Contract Tower,0,9,9,0,18,0,28,51,0,79,0,37,60,0,97,144,0,144,241
01/20/2022,SQL,CA,AWP,WE,Federal Contract Tower,0,1,7,0,8,0,25,69,0,94,0,26,76,0,102,92,0,92,194
01/21/2022,SQL,CA,AWP,WE,Federal Contract Tower,0,6,4,1,11,0,29,47,0,76,0,35,51,1,87,188,0,188,275
01/22/2022,SQL,CA,AWP,WE,Federal Contract Tower,0,2,5,0,7,0,29,72,0,101,0,31,77,0,108,124,0,124,232
01/23/2022,SQL,CA,AWP,WE,Federal Contract Tower,0,11,6,0,17,0,34,91,0,125,0,45,97,0,142,144,0,144,286
01/24/2022,SQL,CA,AWP,WE,Federal Contract Tower,0,10,7,0,17,0,22,71,0,93,0,32,78,0,110,68,0,68,178
01/25/2022,SQL,CA,AWP,WE,Federal Contract Tower,0,13,6,0,19,0,31,70,0,101,0,44,76,0,120,130,0,130,250
01/26/2022,SQL,CA,AWP,WE,Federal Contract Tower,0,5,11,0,16,0,40,78,2,120,0,45,89,2,136,90,10,100,236
01/27/2022,SQL,CA,AWP,WE,Federal Contract Tower,0,8,5,0,13,0,40,100,0,140,0,48,105,0,153,180,0,180,333
01/28/2022,SQL,CA,AWP,WE,Federal Contract Tower,0,13,3,0,16,0,39,124,0,163,0,52,127,0,179,158,0,158,337
01/29/2022,SQL,CA,AWP,WE,Federal Contract Tower,0,1,6,0,7,0,34,116,0,150,0,35,122,0,157,164,0,164,321
01/30/2022,SQL,CA,AWP,WE,Federal Contract Tower,0,9,10,0,19,0,21,62,0,83,0,30,72,0,102,96,0,96,198
01/31/2022,SQL,CA,AWP,WE,Federal Contract Tower,0,9,11,0,20,0,28,57,0,85,0,37,68,0,105,140,0,140,245
02/01/2022,SQL,CA,AWP,WE,Federal Contract Tower,0,14,2,0,16,0,19,50,0,69,0,33,52,0,85,136,0,136,221
02/02/2022,SQL,CA,AWP,WE,Federal Contract Tower,0,2,4,0,6,0,10,45,0,55,0,12,49,0,61,254,0,254,315
02/03/2022,SQL,CA,AWP,WE,Federal Contract Tower,0,10,8,0,18,0,30,85,0,115,0,40,93,0,133,194,0,194,327
02/04/2022,SQL,CA,AWP,WE,Federal Contract Tower,0,8,4,0,12,0,46,104,0,150,0,54,108,0,162,157,4,161,323
02/05/2022,SQL,CA,AWP,WE,Federal Contract Tower,0,0,12,0,12,0,45,105,0,150,0,45,117,0,162,160,0,160,322
02/06/2022,SQL,CA,AWP,WE,Federal Contract Tower,0,10,7,0,17,0,49,114,0,163,0,59,121,0,180,180,0,180,360
02/07/2022,SQL,CA,AWP,WE,Federal Contract Tower,0,7,4,0,11,0,20,60,0,80,0,27,64,0,91,120,0,120,211
02/08/2022,SQL,CA,AWP,WE,Federal Contract Tower,0,11,7,0,18,0,18,72,0,90,0,29,79,0,108,82,0,82,190
02/09/2022,SQL,CA,AWP,WE,Federal Contract Tower,0,7,3,0,10,0,22,86,0,108,0,29,89,0,118,204,0,204,322
02/10/2022,SQL,CA,AWP,WE,Federal Contract Tower,0,8,2,0,10,0,40,106,0,146,0,48,108,0,156,166,0,166,322
02/11/2022,SQL,CA,AWP,WE,Federal Contract Tower,0,11,4,0,15,0,46,138,0,184,0,57,142,0,199,142,0,142,341
02/12/2022,SQL,CA,AWP,WE,Federal Contract Tower,0,1,8,0,9,0,48,141,0,189,0,49,149,0,198,114,0,114,312
02/13/2022,SQL,CA,AWP,WE,Federal Contract Tower,0,7,9,0,16,0,31,102,0,133,0,38,111,0,149,164,0,164,313
02/14/2022,SQL,CA,AWP,WE,Federal Contract Tower,0,11,21,0,32,0,11,22,0,33,0,22,43,0,65,38,0,38,103
02/15/2022,SQL,CA,AWP,WE,Federal Contract Tower,0,14,7,0,21,0,21,40,0,61,0,35,47,0,82,136,0,136,218
02/16/2022,SQL,CA,AWP,WE,Federal Contract Tower,0,9,2,0,11,0,31,70,0,101,0,40,72,0,112,164,0,164,276
02/17/2022,SQL,CA,AWP,WE,Federal Contract Tower,0,12,11,0,23,0,43,95,0,138,0,55,106,0,161,116,0,116,277
02/18/2022,SQL,CA,AWP,WE,Federal Contract Tower,0,14,11,0,25,0,40,119,2,161,0,54,130,2,186,154,8,162,348
02/19/2022,SQL,CA,AWP,WE,Federal Contract Tower,0,1,16,0,17,0,50,158,0,208,0,51,174,0,225,80,0,80,305
02/20/2022,SQL,CA,AWP,WE,Federal Contract Tower,0,12,14,0,26,0,12,65,0,77,0,24,79,0,103,72,0,72,175
02/21/2022,SQL,CA,AWP,WE,Federal Contract Tower,0,10,10,0,20,0,31,99,0,130,0,41,109,0,150,70,0,70,220
02/22/2022,SQL,CA,AWP,WE,Federal Contract Tower,0,9,15,0,24,0,23,41,0,64,0,32,56,0,88,94,0,94,182
02/23/2022,SQL,CA,AWP,WE,Federal Contract Tower,0,7,9,0,16,0,39,90,0,129,0,46,99,0,145,80,0,80,225
02/24/2022,SQL,CA,AWP,WE,Federal Contract Tower,0,10,6,0,16,0,27,72,0,99,0,37,78,0,115,150,0,150,265
02/25/2022,SQL,CA,AWP,WE,Federal Contract Tower,0,11,6,0,17,0,37,71,0,108,0,48,77,0,125,123,0,123,248
02/26/2022,SQL,CA,AWP,WE,Federal Contract Tower,0,0,6,0,6,0,32,111,12,155,0,32,117,12,161,132,0,132,293
02/27/2022,SQL,CA,AWP,WE,Federal Contract Tower,0,11,11,0,22,0,46,122,0,168,0,57,133,0,190,133,0,133,323
02/28/2022,SQL,CA,AWP,WE,Federal Contract Tower,0,16,2,0,18,0,29,97,0,126,0,45,99,0,144,148,0,148,292
03/01/2022,SQL,CA,AWP,WE,Federal Contract Tower,0,11,4,0,15,0,32,75,0,107,0,43,79,0,122,150,0,150,272
03/02/2022,SQL,CA,AWP,WE,Federal Contract Tower,0,6,11,0,17,0,18,74,0,92,0,24,85,0,109,196,0,196,305
03/03/2022,SQL,CA,AWP,WE,Federal Contract Tower,0,10,18,0,28,0,16,45,0,61,0,26,63,0,89,176,0,176,265
03/04/2022,SQL,CA,AWP,WE,Federal Contract Tower,0,15,13,0,28,0,10,12,0,22,0,25,25,0,50,22,0,22,72
03/05/2022,SQL,CA,AWP,WE,Federal Contract Tower,0,2,4,0,6,0,38,75,0,113,0,40,79,0,119,170,0,170,289
03/06/2022,SQL,CA,AWP,WE,Federal Contract Tower,0,12,6,0,18,0,28,113,8,149,0,40,119,8,167,250,0,250,417
03/07/2022,SQL,CA,AWP,WE,Federal Contract Tower,0,13,3,0,16,0,23,32,0,55,0,36,35,0,71,94,0,94,165
03/08/2022,SQL,CA,AWP,WE,Federal Contract Tower,0,7,3,0,10,0,33,103,0,136,0,40,106,0,146,158,0,158,304
03/09/2022,SQL,CA,AWP,WE,Federal Contract Tower,0,7,9,0,16,0,14,48,0,62,0,21,57,0,78,74,0,74,152
03/10/2022,SQL,CA,AWP,WE,Federal Contract Tower,0,7,5,0,12,0,26,70,0,96,0,33,75,0,108,128,0,128,236
03/11/2022,SQL,CA,AWP,WE,Federal Contract Tower,0,13,10,0,23,0,33,124,0,157,0,46,134,0,180,144,0,144,324
03/12/2022,SQL,CA,AWP,WE,Federal Contract Tower,0,4,5,0,9,0,36,116,0,152,0,40,121,0,161,190,0,190,351
03/13/2022,SQL,CA,AWP,WE,Federal Contract Tower,0,14,14,0,28,0,29,94,0,123,0,43,108,0,151,244,0,244,395
03/14/2022,SQL,CA,AWP,WE,Federal Contract Tower,0,10,3,0,13,0,25,68,2,95,0,35,71,2,108,68,0,68,176
03/15/2022,SQL,CA,AWP,WE,Federal Contract Tower,0,14,10,0,24,0,15,57,0,72,0,29,67,0,96,166,0,166,262
03/16/2022,SQL,CA,AWP,WE,Federal Contract Tower,0,10,8,0,18,0,56,119,0,175,0,66,127,0,193,140,0,140,333
03/17/2022,SQL,CA,AWP,WE,Federal Contract Tower,0,9,14,0,23,0,28,78,0,106,0,37,92,0,129,206,0,206,335
03/18/2022,SQL,CA,AWP,WE,Federal Contract Tower,0,10,14,0,24,0,32,114,0,146,0,42,128,0,170,142,0,142,312
03/19/2022,SQL,CA,AWP,WE,Federal Contract Tower,0,6,21,0,27,0,15,13,0,28,0,21,34,0,55,80,0,80,135
03/20/2022,SQL,CA,AWP,WE,Federal Contract Tower,0,14,4,0,18,0,54,116,0,170,0,68,120,0,188,276,0,276,464
03/21/2022,SQL,CA,AWP,WE,Federal Contract Tower,0,10,9,0,19,0,20,53,0,73,0,30,62,0,92,56,0,56,148
03/22/2022,SQL,CA,AWP,WE,Federal Contract Tower,0,11,4,0,15,0,26,99,0,125,0,37,103,0,140,170,0,170,310
03/23/2022,SQL,CA,AWP,WE,Federal Contract Tower,0,7,13,0,20,0,19,70,0,89,0,26,83,0,109,176,0,176,285
03/24/2022,SQL,CA,AWP,WE,Federal Contract Tower,0,13,6,0,19,0,28,86,0,114,0,41,92,0,133,234,0,234,367
03/25/2022,SQL,CA,AWP,WE,Federal Contract Tower,0,12,14,0,26,0,22,93,0,115,0,34,107,0,141,166,0,166,307
03/26/2022,SQL,CA,AWP,WE,Federal Contract Tower,0,1,9,0,10,0,28,101,0,129,0,29,110,0,139,138,0,138,277
03/27/2022,SQL,CA,AWP,WE,Federal Contract Tower,0,10,12,0,22,0,8,28,0,36,0,18,40,0,58,54,0,54,112
03/28/2022,SQL,CA,AWP,WE,Federal Contract Tower,0,10,15,0,25,0,3,35,0,38,0,13,50,0,63,150,0,150,213
03/29/2022,SQL,CA,AWP,WE,Federal Contract Tower,0,14,23,0,37,0,6,26,0,32,0,20,49,0,69,118,0,118,187
03/30/2022,SQL,CA,AWP,WE,Federal Contract Tower,0,6,12,0,18,0,12,37,0,49,0,18,49,0,67,90,0,90,157
03/31/2022,SQL,CA,AWP,WE,Federal Contract Tower,0,10,14,0,24,0,30,70,0,100,0,40,84,0,124,242,0,242,366
04/01/2022,SQL,CA,AWP,WE,Federal Contract Tower,0,15,4,0,19,0,36,96,0,132,0,51,100,0,151,204,0,204,355
04/02/2022,SQL,CA,AWP,WE,Federal Contract Tower,0,8,7,0,15,0,31,61,0,92,0,39,68,0,107,50,0,50,157
04/03/2022,SQL,CA,AWP,WE,Federal Contract Tower,0,22,9,0,31,0,43,56,0,99,0,65,65,0,130,74,0,74,204
04/04/2022,SQL,CA,AWP,WE,Federal Contract Tower,0,11,4,0,15,0,19,56,0,75,0,30,60,0,90,146,0,146,236
04/05/2022,SQL,CA,AWP,WE,Federal Contract Tower,0,12,1,0,13,0,36,52,0,88,0,48,53,0,101,234,0,234,335
04/06/2022,SQL,CA,AWP,WE,Federal Contract Tower,0,8,4,0,12,0,33,81,0,114,0,41,85,0,126,178,0,178,304
04/07/2022,SQL,CA,AWP,WE,Federal Contract Tower,0,13,9,0,22,0,47,90,0,137,0,60,99,0,159,196,0,196,355
04/08/2022,SQL,CA,AWP,WE,Federal Contract Tower,0,14,14,0,28,0,35,78,0,113,0,49,92,0,141,86,0,86,227
04/09/2022,SQL,CA,AWP,WE,Federal Contract Tower,0,3,3,0,6,0,33,73,0,106,0,36,76,0,112,150,0,150,262
04/10/2022,SQL,CA,AWP,WE,Federal Contract Tower,0,17,8,0,25,0,25,94,0,119,0,42,102,0,144,34,0,34,178
04/11/2022,SQL,CA,AWP,WE,Federal Contract Tower,0,8,7,0,15,0,0,8,0,8,0,8,15,0,23,0,0,0,23
04/12/2022,SQL,CA,AWP,WE,Federal Contract Tower,0,11,4,0,15,0,19,60,0,79,0,30,64,0,94,10,2,12,106
04/13/2022,SQL,CA,AWP,WE,Federal Contract Tower,0,10,9,0,19,0,37,76,0,113,0,47,85,0,132,230,0,230,362
04/14/2022,SQL,CA,AWP,WE,Federal Contract Tower,0,8,14,0,22,0,0,7,0,7,0,8,21,0,29,104,0,104,133
04/15/2022,SQL,CA,AWP,WE,Federal Contract Tower,0,10,6,0,16,0,33,112,0,145,0,43,118,0,161,128,0,128,289
04/16/2022,SQL,CA,AWP,WE,Federal Contract Tower,0,6,10,0,16,0,4,53,0,57,0,10,63,0,73,166,0,166,239
04/17/2022,SQL,CA,AWP,WE,Federal Contract Tower,0,11,6,0,17,0,33,110,0,143,0,44,116,0,160,124,0,124,284
04/18/2022,SQL,CA,AWP,WE,Federal Contract Tower,0,8,6,0,14,0,29,61,0,90,0,37,67,0,104,60,0,60,164
04/19/2022,SQL,CA,AWP,WE,Federal Contract Tower,0,10,8,0,18,0,27,58,0,85,0,37,66,0,103,178,0,178,281
04/20/2022,SQL,CA,AWP,WE,Federal Contract Tower,0,6,3,0,9,0,24,73,0,97,0,30,76,0,106,126,0,126,232
04/21/2022,SQL,CA,AWP,WE,Federal Contract Tower,0,8,11,0,19,0,5,18,2,25,0,13,29,2,44,86,2,88,132
04/22/2022,SQL,CA,AWP,WE,Federal Contract Tower,0,7,8,0,15,0,13,67,0,80,0,20,75,0,95,220,0,220,315
04/23/2022,SQL,CA,AWP,WE,Federal Contract Tower,0,0,9,0,9,0,50,134,0,184,0,50,143,0,193,252,0,252,445
04/24/2022,SQL,CA,AWP,WE,Federal Contract Tower,0,13,4,0,17,0,38,111,0,149,0,51,115,0,166,176,0,176,342
04/25/2022,SQL,CA,AWP,WE,Federal Contract Tower,0,10,4,0,14,0,29,86,0,115,0,39,90,0,129,96,0,96,225
04/26/2022,SQL,CA,AWP,WE,Federal Contract Tower,0,12,5,0,17,0,19,51,0,70,0,31,56,0,87,102,0,102,189
04/27/2022,SQL,CA,AWP,WE,Federal Contract Tower,0,8,3,0,11,0,27,84,0,111,0,35,87,0,122,96,0,96,218
04/28/2022,SQL,CA,AWP,WE,Federal Contract Tower,0,9,7,0,16,0,3,52,0,55,0,12,59,0,71,40,0,40,111
04/29/2022,SQL,CA,AWP,WE,Federal Contract Tower,0,9,9,0,18,0,32,126,0,158,0,41,135,0,176,176,0,176,352
04/30/2022,SQL,CA,AWP,WE,Federal Contract Tower,0,0,8,0,8,0,33,71,0,104,0,33,79,0,112,104,0,104,216
05/01/2022,SQL,CA,AWP,WE,Federal Contract Tower,0,4,12,0,16,0,44,128,0,172,0,48,140,0,188,190,0,190,378
05/02/2022,SQL,CA,AWP,WE,Federal Contract Tower,0,5,8,0,13,0,12,25,0,37,0,17,33,0,50,68,0,68,118
05/03/2022,SQL,CA,AWP,WE,Federal Contract Tower,0,12,9,0,21,0,38,89,0,127,0,50,98,0,148,198,0,198,346
05/04/2022,SQL,CA,AWP,WE,Federal Contract Tower,0,10,9,0,19,0,52,96,0,148,0,62,105,0,167,168,0,168,335
05/05/2022,SQL,CA,AWP,WE,Federal Contract Tower,0,6,5,0,11,0,38,75,0,113,0,44,80,0,124,170,0,170,294
05/06/2022,SQL,CA,AWP,WE,Federal Contract Tower,0,5,13,0,18,0,27,47,0,74,0,32,60,0,92,198,0,198,290
05/07/2022,SQL,CA,AWP,WE,Federal Contract Tower,0,1,10,0,11,0,6,37,0,43,0,7,47,0,54,28,0,28,82
05/08/2022,SQL,CA,AWP,WE,Federal Contract Tower,0,6,17,0,23,0,1,15,4,20,0,7,32,4,43,0,0,0,43
05/09/2022,SQL,CA,AWP,WE,Federal Contract Tower,0,9,12,0,21,0,28,73,0,101,0,37,85,0,122,106,0,106,228
05/10/2022,SQL,CA,AWP,WE,Federal Contract Tower,0,9,8,0,17,0,31,66,0,97,0,40,74,0,114,68,0,68,182
05/11/2022,SQL,CA,AWP,WE,Federal Contract Tower,0,9,5,0,14,0,40,78,0,118,0,49,83,0,132,162,0,162,294
05/12/2022,SQL,CA,AWP,WE,Federal Contract Tower,0,5,5,0,10,0,27,101,0,128,0,32,106,0,138,144,0,144,282
05/13/2022,SQL,CA,AWP,WE,Federal Contract Tower,0,7,4,0,11,0,49,115,0,164,0,56,119,0,175,224,0,224,399
05/14/2022,SQL,CA,AWP,WE,Federal Contract Tower,0,1,3,0,4,0,35,147,0,182,0,36,150,0,186,126,0,126,312
05/15/2022,SQL,CA,AWP,WE,Federal Contract Tower,0,5,8,0,13,0,24,84,0,108,0,29,92,0,121,102,0,102,223
05/16/2022,SQL,CA,AWP,WE,Federal Contract Tower,0,7,12,0,19,0,7,47,0,54,0,14,59,0,73,72,0,72,145
05/17/2022,SQL,CA,AWP,WE,Federal Contract Tower,0,9,9,0,18,0,36,95,0,131,0,45,104,0,149,180,0,180,329
05/18/2022,SQL,CA,AWP,WE,Federal Contract Tower,0,5,4,0,9,0,27,96,0,123,0,32,100,0,132,156,0,156,288
05/19/2022,SQL,CA,AWP,WE,Federal Contract Tower,0,6,1,0,7,0,22,59,0,81,0,28,60,0,88,72,0,72,160
05/20/2022,SQL,CA,AWP,WE,Federal Contract Tower,0,2,10,0,12,0,38,106,0,144,0,40,116,0,156,154,0,154,310
05/21/2022,SQL,CA,AWP,WE,Federal Contract Tower,0,0,10,0,10,0,44,176,0,220,0,44,186,0,230,150,0,150,380
05/22/2022,SQL,CA,AWP,WE,Federal Contract Tower,0,6,3,0,9,0,34,107,0,141,0,40,110,0,150,154,0,154,304
05/23/2022,SQL,CA,AWP,WE,Federal Contract Tower,0,5,9,0,14,0,28,90,0,118,0,33,99,0,132,156,0,156,288
05/24/2022,SQL,CA,AWP,WE,Federal Contract Tower,0,4,4,0,8,0,34,93,0,127,0,38,97,0,135,134,0,134,269
05/25/2022,SQL,CA,AWP,WE,Federal Contract Tower,0,0,11,0,11,0,40,100,0,140,0,40,111,0,151,200,0,200,351
05/26/2022,SQL,CA,AWP,WE,Federal Contract Tower,0,5,5,0,10,0,24,71,0,95,0,29,76,0,105,166,0,166,271
05/27/2022,SQL,CA,AWP,WE,Federal Contract Tower,0,3,8,0,11,0,15,71,0,86,0,18,79,0,97,154,0,154,251
05/28/2022,SQL,CA,AWP,WE,Federal Contract Tower,0,6,8,0,14,0,26,90,0,116,0,32,98,0,130,64,0,64,194
05/29/2022,SQL,CA,AWP,WE,Federal Contract Tower,0,3,6,0,9,0,19,60,0,79,0,22,66,0,88,10,0,10,98
05/30/2022,SQL,CA,AWP,WE,Federal Contract Tower,0,5,4,0,9,0,36,123,0,159,0,41,127,0,168,100,0,100,268
05/31/2022,SQL,CA,AWP,WE,Federal Contract Tower,0,0,6,0,6,0,38,107,0,145,0,38,113,0,151,146,0,146,297
06/01/2022,SQL,CA,AWP,WE,Federal Contract Tower,0,3,3,0,6,0,45,111,0,156,0,48,114,0,162,122,0,122,284
06/02/2022,SQL,CA,AWP,WE,Federal Contract Tower,0,3,7,0,10,0,29,93,0,122,0,32,100,0,132,118,0,118,250
06/03/2022,SQL,CA,AWP,WE,Federal Contract Tower,0,5,20,0,25,0,18,33,0,51,0,23,53,0,76,76,0,76,152
06/04/2022,SQL,CA,AWP,WE,Federal Contract Tower,0,3,10,0,13,0,27,96,0,123,0,30,106,0,136,128,0,128,264
06/05/2022,SQL,CA,AWP,WE,Federal Contract Tower,0,7,15,0,22,0,6,12,0,18,0,13,27,0,40,24,0,24,64
06/06/2022,SQL,CA,AWP,WE,Federal Contract Tower,0,3,9,0,12,0,25,95,0,120,0,28,104,0,132,156,0,156,288
06/07/2022,SQL,CA,AWP,WE,Federal Contract Tower,0,3,15,0,18,0,39,96,0,135,0,42,111,0,153,206,0,206,359
06/08/2022,SQL,CA,AWP,WE,Federal Contract Tower,0,2,6,0,8,0,31,107,0,138,0,33,113,0,146,226,0,226,372
06/09/2022,SQL,CA,AWP,WE,Federal Contract Tower,0,1,4,0,5,0,42,79,0,121,0,43,83,0,126,252,0,252,378
06/10/2022,SQL,CA,AWP,WE,Federal Contract Tower,0,3,7,0,10,0,37,88,0,125,0,40,95,0,135,136,0,136,271
06/11/2022,SQL,CA,AWP,WE,Federal Contract Tower,0,2,2,0,4,0,19,52,0,71,0,21,54,0,75,12,0,12,87
06/12/2022,SQL,CA,AWP,WE,Federal Contract Tower,0,6,31,0,37,0,20,51,0,71,0,26,82,0,108,106,0,106,214
06/13/2022,SQL,CA,AWP,WE,Federal Contract Tower,0,2,7,0,9,0,26,66,0,92,0,28,73,0,101,98,0,98,199
06/14/2022,SQL,CA,AWP,WE,Federal Contract Tower,0,4,5,0,9,0,43,77,0,120,0,47,82,0,129,140,0,140,269
06/15/2022,SQL,CA,AWP,WE,Federal Contract Tower,0,1,6,0,7,0,22,56,0,78,0,23,62,0,85,58,0,58,143
06/16/2022,SQL,CA,AWP,WE,Federal Contract Tower,0,2,4,0,6,0,28,63,0,91,0,30,67,0,97,68,0,68,165
06/17/2022,SQL,CA,AWP,WE,Federal Contract Tower,0,2,11,0,13,0,29,53,0,82,0,31,64,0,95,176,0,176,271
06/18/2022,SQL,CA,AWP,WE,Federal Contract Tower,0,1,7,0,8,0,49,125,0,174,0,50,132,0,182,22,0,22,204
06/19/2022,SQL,CA,AWP,WE,Federal Contract Tower,0,3,11,0,14,0,36,102,0,138,0,39,113,0,152,146,0,146,298
06/20/2022,SQL,CA,AWP,WE,Federal Contract Tower,0,0,9,0,9,0,43,95,0,138,0,43,104,0,147,204,0,204,351
06/21/2022,SQL,CA,AWP,WE,Federal Contract Tower,0,2,7,0,9,0,22,101,0,123,0,24,108,0,132,182,0,182,314
06/22/2022,SQL,CA,AWP,WE,Federal Contract Tower,0,4,4,0,8,0,35,95,0,130,0,39,99,0,138,206,0,206,344
06/23/2022,SQL,CA,AWP,WE,Federal Contract Tower,0,1,4,0,5,0,40,116,0,156,0,41,120,0,161,302,0,302,463
06/24/2022,SQL,CA,AWP,WE,Federal Contract Tower,0,1,9,0,10,0,43,92,0,135,0,44,101,0,145,164,0,164,309
06/25/2022,SQL,CA,AWP,WE,Federal Contract Tower,0,0,6,0,6,0,33,120,0,153,0,33,126,0,159,124,0,124,283
06/26/2022,SQL,CA,AWP,WE,Federal Contract Tower,0,2,15,0,17,0,28,66,0,94,0,30,81,0,111,68,0,68,179
06/27/2022,SQL,CA,AWP,WE,Federal Contract Tower,0,1,8,0,9,0,20,67,0,87,0,21,75,0,96,62,0,62,158
06/28/2022,SQL,CA,AWP,WE,Federal Contract Tower,0,1,7,0,8,0,37,99,0,136,0,38,106,0,144,128,0,128,272
06/29/2022,SQL,CA,AWP,WE,Federal Contract Tower,0,1,10,0,11,0,30,70,0,100,0,31,80,0,111,152,0,152,263
06/30/2022,SQL,CA,AWP,WE,Federal Contract Tower,0,6,15,0,21,0,27,87,2,116,0,33,102,2,137,112,0,112,249
07/01/2022,SQL,CA,AWP,WE,Federal Contract Tower,0,2,11,0,13,0,35,78,0,113,0,37,89,0,126,204,0,204,330
07/02/2022,SQL,CA,AWP,WE,Federal Contract Tower,0,0,22,0,22,0,4,39,0,43,0,4,61,0,65,38,0,38,103
07/03/2022,SQL,CA,AWP,WE,Federal Contract Tower,0,1,11,0,12,0,0,34,0,34,0,1,45,0,46,46,0,46,92
07/04/2022,SQL,CA,AWP,WE,Federal Contract Tower,0,2,5,0,7,0,30,59,0,89,0,32,64,0,96,178,0,178,274
07/05/2022,SQL,CA,AWP,WE,Federal Contract Tower,0,6,19,0,25,0,29,75,2,106,0,35,94,2,131,166,0,166,297
07/06/2022,SQL,CA,AWP,WE,Federal Contract Tower,0,2,16,0,18,0,24,72,0,96,0,26,88,0,114,154,0,154,268
07/07/2022,SQL,CA,AWP,WE,Federal Contract Tower,0,1,17,0,18,0,33,72,0,105,0,34,89,0,123,168,0,168,291
07/08/2022,SQL,CA,AWP,WE,Federal Contract Tower,0,2,9,0,11,0,27,114,0,141,0,29,123,0,152,138,0,138,290
07/09/2022,SQL,CA,AWP,WE,Federal Contract Tower,0,3,7,0,10,0,23,93,0,116,0,26,100,0,126,118,0,118,244
07/10/2022,SQL,CA,AWP,WE,Federal Contract Tower,0,4,6,0,10,0,31,95,0,126,0,35,101,0,136,146,0,146,282
07/11/2022,SQL,CA,AWP,WE,Federal Contract Tower,0,1,2,0,3,0,38,87,0,125,0,39,89,0,128,156,0,156,284
07/12/2022,SQL,CA,AWP,WE,Federal Contract Tower,0,4,13,0,17,0,27,65,0,92,0,31,78,0,109,158,0,158,267
07/13/2022,SQL,CA,AWP,WE,Federal Contract Tower,0,2,19,0,21,0,45,67,0,112,0,47,86,0,133,216,0,216,349
07/14/2022,SQL,CA,AWP,WE,Federal Contract Tower,0,2,6,0,8,0,41,82,0,123,0,43,88,0,131,198,0,198,329
07/15/2022,SQL,CA,AWP,WE,Federal Contract Tower,0,4,4,0,8,0,28,106,0,134,0,32,110,0,142,198,2,200,342
07/16/2022,SQL,CA,AWP,WE,Federal Contract Tower,0,0,10,0,10,0,39,111,0,150,0,39,121,0,160,78,0,78,238
07/17/2022,SQL,CA,AWP,WE,Federal Contract Tower,0,1,5,0,6,0,31,120,0,151,0,32,125,0,157,114,0,114,271
07/18/2022,SQL,CA,AWP,WE,Federal Contract Tower,0,4,6,0,10,0,33,74,0,107,0,37,80,0,117,114,0,114,231
07/19/2022,SQL,CA,AWP,WE,Federal Contract Tower,0,2,9,0,11,0,36,96,0,132,0,38,105,0,143,226,0,226,369
07/20/2022,SQL,CA,AWP,WE,Federal Contract Tower,0,5,12,0,17,0,36,96,0,132,0,41,108,0,149,242,0,242,391
07/21/2022,SQL,CA,AWP,WE,Federal Contract Tower,0,4,14,0,18,0,41,106,0,147,0,45,120,0,165,236,0,236,401
07/22/2022,SQL,CA,AWP,WE,Federal Contract Tower,0,6,9,0,15,0,36,105,0,141,0,42,114,0,156,168,0,168,324
07/23/2022,SQL,CA,AWP,WE,Federal Contract Tower,0,1,10,0,11,0,42,102,0,144,0,43,112,0,155,104,0,104,259
07/24/2022,SQL,CA,AWP,WE,Federal Contract Tower,0,3,5,0,8,0,43,109,0,152,0,46,114,0,160,140,0,140,300
07/25/2022,SQL,CA,AWP,WE,Federal Contract Tower,0,0,13,0,13,0,27,69,0,96,0,27,82,0,109,150,0,150,259
07/26/2022,SQL,CA,AWP,WE,Federal Contract Tower,0,0,11,0,11,0,40,83,0,123,0,40,94,0,134,156,0,156,290
07/27/2022,SQL,CA,AWP,WE,Federal Contract Tower,0,3,11,0,14,0,53,60,2,115,0,56,71,2,129,234,4,238,367
07/28/2022,SQL,CA,AWP,WE,Federal Contract Tower,0,1,7,0,8,0,40,67,0,107,0,41,74,0,115,172,0,172,287
07/29/2022,SQL,CA,AWP,WE,Federal Contract Tower,0,5,8,0,13,0,18,93,0,111,0,23,101,0,124,128,0,128,252
07/30/2022,SQL,CA,AWP,WE,Federal Contract Tower,0,2,16,0,18,0,23,61,0,84,0,25,77,0,102,92,0,92,194
07/31/2022,SQL,CA,AWP,WE,Federal Contract Tower,0,5,8,0,13,0,22,54,0,76,0,27,62,0,89,26,0,26,115
08/01/2022,SQL,CA,AWP,WE,Federal Contract Tower,0,1,14,0,15,0,25,60,0,85,0,26,74,0,100,144,0,144,244
08/02/2022,SQL,CA,AWP,WE,Federal Contract Tower,0,1,5,0,6,0,28,85,0,113,0,29,90,0,119,304,0,304,423
08/03/2022,SQL,CA,AWP,WE,Federal Contract Tower,0,1,12,0,13,0,46,89,0,135,0,47,101,0,148,220,0,220,368
08/04/2022,SQL,CA,AWP,WE,Federal Contract Tower,0,0,8,0,8,0,29,75,0,104,0,29,83,0,112,198,0,198,310
08/05/2022,SQL,CA,AWP,WE,Federal Contract Tower,0,3,10,0,13,0,28,94,0,122,0,31,104,0,135,180,0,180,315
08/06/2022,SQL,CA,AWP,WE,Federal Contract Tower,0,7,12,0,19,0,36,95,4,135,0,43,107,4,154,100,0,100,254
08/07/2022,SQL,CA,AWP,WE,Federal Contract Tower,0,2,9,0,11,0,21,81,0,102,0,23,90,0,113,42,0,42,155
08/08/2022,SQL,CA,AWP,WE,Federal Contract Tower,0,2,5,0,7,0,25,68,0,93,0,27,73,0,100,130,0,130,230
08/09/2022,SQL,CA,AWP,WE,Federal Contract Tower,0,2,11,0,13,0,40,59,0,99,0,42,70,0,112,94,0,94,206
08/10/2022,SQL,CA,AWP,WE,Federal Contract Tower,0,3,14,0,17,0,36,87,0,123,0,39,101,0,140,138,0,138,278
08/11/2022,SQL,CA,AWP,WE,Federal Contract Tower,0,4,6,0,10,0,40,82,0,122,0,44,88,0,132,130,0,130,262
08/12/2022,SQL,CA,AWP,WE,Federal Contract Tower,0,0,12,0,12,0,33,104,0,137,0,33,116,0,149,80,0,80,229
08/13/2022,SQL,CA,AWP,WE,Federal Contract Tower,0,0,11,0,11,0,29,96,0,125,0,29,107,0,136,58,0,58,194
08/14/2022,SQL,CA,AWP,WE,Federal Contract Tower,0,3,13,0,16,0,43,101,0,144,0,46,114,0,160,50,0,50,210
08/15/2022,SQL,CA,AWP,WE,Federal Contract Tower,0,8,9,0,17,0,36,81,0,117,0,44,90,0,134,42,0,42,176
08/16/2022,SQL,CA,AWP,WE,Federal Contract Tower,0,4,10,0,14,0,35,89,0,124,0,39,99,0,138,240,0,240,378
08/17/2022,SQL,CA,AWP,WE,Federal Contract Tower,0,3,7,0,10,0,25,83,0,108,0,28,90,0,118,204,0,204,322
08/18/2022,SQL,CA,AWP,WE,Federal Contract Tower,0,10,20,0,30,0,37,77,0,114,0,47,97,0,144,204,0,204,348
08/19/2022,SQL,CA,AWP,WE,Federal Contract Tower,0,9,7,0,16,0,21,118,0,139,0,30,125,0,155,188,0,188,343
08/20/2022,SQL,CA,AWP,WE,Federal Contract Tower,0,1,9,0,10,0,49,144,0,193,0,50,153,0,203,150,0,150,353
08/21/2022,SQL,CA,AWP,WE,Federal Contract Tower,0,9,4,0,13,0,33,88,0,121,0,42,92,0,134,152,0,152,286
08/22/2022,SQL,CA,AWP,WE,Federal Contract Tower,0,3,2,0,5,0,33,64,2,99,0,36,66,2,104,168,0,168,272
08/23/2022,SQL,CA,AWP,WE,Federal Contract Tower,0,6,7,0,13,0,23,72,0,95,0,29,79,0,108,136,0,136,244
08/24/2022,SQL,CA,AWP,WE,Federal Contract Tower,0,12,7,0,19,0,21,58,0,79,0,33,65,0,98,204,14,218,316
08/25/2022,SQL,CA,AWP,WE,Federal Contract Tower,0,4,8,0,12,0,32,80,0,112,0,36,88,0,124,152,0,152,276
08/26/2022,SQL,CA,AWP,WE,Federal Contract Tower,0,12,13,0,25,0,32,111,0,143,0,44,124,0,168,186,0,186,354
08/27/2022,SQL,CA,AWP,WE,Federal Contract Tower,0,4,8,0,12,0,35,110,0,145,0,39,118,0,157,134,0,134,291
08/28/2022,SQL,CA,AWP,WE,Federal Contract Tower,0,9,16,0,25,0,27,116,0,143,0,36,132,0,168,172,0,172,340
08/29/2022,SQL,CA,AWP,WE,Federal Contract Tower,0,10,15,0,25,0,25,54,0,79,0,35,69,0,104,88,0,88,192
08/30/2022,SQL,CA,AWP,WE,Federal Contract Tower,0,4,16,0,20,0,39,80,4,123,0,43,96,4,143,234,0,234,377
08/31/2022,SQL,CA,AWP,WE,Federal Contract Tower,0,5,15,0,20,0,37,103,0,140,0,42,118,0,160,182,0,182,342
09/01/2022,SQL,CA,AWP,WE,Federal Contract Tower,0,3,11,0,14,0,21,82,0,103,0,24,93,0,117,170,0,170,287
09/02/2022,SQL,CA,AWP,WE,Federal Contract Tower,0,9,14,0,23,0,42,95,0,137,0,51,109,0,160,196,0,196,356
09/03/2022,SQL,CA,AWP,WE,Federal Contract Tower,0,1,5,0,6,0,37,118,0,155,0,38,123,0,161,148,0,148,309
09/04/2022,SQL,CA,AWP,WE,Federal Contract Tower,0,1,8,0,9,0,28,69,0,97,0,29,77,0,106,68,0,68,174
09/05/2022,SQL,CA,AWP,WE,Federal Contract Tower,0,12,9,0,21,0,33,95,0,128,0,45,104,0,149,56,0,56,205
09/07/2022,SQL,CA,AWP,WE,Federal Contract Tower,0,4,8,0,12,0,21,79,0,100,0,25,87,0,112,142,0,142,254
09/08/2022,SQL,CA,AWP,WE,Federal Contract Tower,0,8,8,0,16,0,26,90,0,116,0,34,98,0,132,176,0,176,308
09/09/2022,SQL,CA,AWP,WE,Federal Contract Tower,0,8,6,0,14,0,24,108,0,132,0,32,114,0,146,228,0,228,374
09/10/2022,SQL,CA,AWP,WE,Federal Contract Tower,0,4,10,0,14,0,21,58,0,79,0,25,68,0,93,156,0,156,249
09/11/2022,SQL,CA,AWP,WE,Federal Contract Tower,0,10,14,0,24,0,23,106,0,129,0,33,120,0,153,114,0,114,267
09/12/2022,SQL,CA,AWP,WE,Federal Contract Tower,0,13,5,0,18,0,25,86,0,111,0,38,91,0,129,102,0,102,231
09/13/2022,SQL,CA,AWP,WE,Federal Contract Tower,0,6,10,0,16,0,19,75,0,94,0,25,85,0,110,86,0,86,196
09/14/2022,SQL,CA,AWP,WE,Federal Contract Tower,0,13,5,0,18,0,28,73,0,101,0,41,78,0,119,208,0,208,327
09/15/2022,SQL,CA,AWP,WE,Federal Contract Tower,0,10,11,0,21,0,31,59,0,90,0,41,70,0,111,138,0,138,249
09/16/2022,SQL,CA,AWP,WE,Federal Contract Tower,0,2,8,0,10,0,25,110,0,135,0,27,118,0,145,154,0,154,299
09/17/2022,SQL,CA,AWP,WE,Federal Contract Tower,0,1,13,0,14,0,16,124,0,140,0,17,137,0,154,58,0,58,212
09/18/2022,SQL,CA,AWP,WE,Federal Contract Tower,0,9,13,0,22,0,0,8,0,8,0,9,21,0,30,20,0,20,50
09/19/2022,SQL,CA,AWP,WE,Federal Contract Tower,0,11,20,0,31,0,10,60,0,70,0,21,80,0,101,106,0,106,207
09/20/2022,SQL,CA,AWP,WE,Federal Contract Tower,0,6,5,0,11,0,26,64,0,90,0,32,69,0,101,220,0,220,321
09/21/2022,SQL,CA,AWP,WE,Federal Contract Tower,0,6,9,0,15,0,24,77,0,101,0,30,86,0,116,152,0,152,268
09/22/2022,SQL,CA,AWP,WE,Federal Contract Tower,0,8,4,0,12,0,21,123,0,144,0,29,127,0,156,216,0,216,372
09/23/2022,SQL,CA,AWP,WE,Federal Contract Tower,0,5,9,0,14,0,28,119,0,147,0,33,128,0,161,130,0,130,291
09/24/2022,SQL,CA,AWP,WE,Federal Contract Tower,0,1,4,0,5,0,38,155,2,195,0,39,159,2,200,104,0,104,304
09/25/2022,SQL,CA,AWP,WE,Federal Contract Tower,0,12,14,0,26,0,31,107,0,138,0,43,121,0,164,130,0,130,294
09/26/2022,SQL,CA,AWP,WE,Federal Contract Tower,0,6,6,0,12,0,27,67,0,94,0,33,73,0,106,126,0,126,232
09/27/2022,SQL,CA,AWP,WE,Federal Contract Tower,0,4,15,0,19,0,23,67,0,90,0,27,82,0,109,146,0,146,255
09/28/2022,SQL,CA,AWP,WE,Federal Contract Tower,0,4,2,0,6,0,25,94,0,119,0,29,96,0,125,134,0,134,259
09/29/2022,SQL,CA,AWP,WE,Federal Contract Tower,0,7,6,0,13,0,28,81,0,109,0,35,87,0,122,126,0,126,248
09/30/2022,SQL,CA,AWP,WE,Federal Contract Tower,0,5,4,0,9,0,27,128,0,155,0,32,132,0,164,154,0,154,318
10/01/2022,SQL,CA,AWP,WE,Federal Contract Tower,0,7,23,0,30,0,33,45,0,78,0,40,68,0,108,22,0,22,130
10/02/2022,SQL,CA,AWP,WE,Federal Contract Tower,0,13,12,0,25,0,31,125,0,156,0,44,137,0,181,86,0,86,267
10/03/2022,SQL,CA,AWP,WE,Federal Contract Tower,0,7,5,0,12,0,19,74,0,93,0,26,79,0,105,64,0,64,169
10/04/2022,SQL,CA,AWP,WE,Federal Contract Tower,0,7,17,0,24,0,22,79,0,101,0,29,96,0,125,154,0,154,279
10/05/2022,SQL,CA,AWP,WE,Federal Contract Tower,0,7,4,0,11,0,13,73,0,86,0,20,77,0,97,158,0,158,255
10/06/2022,SQL,CA,AWP,WE,Federal Contract Tower,0,9,13,0,22,0,16,75,0,91,0,25,88,0,113,118,0,118,231
10/07/2022,SQL,CA,AWP,WE,Federal Contract Tower,0,14,8,0,22,0,13,105,0,118,0,27,113,0,140,176,0,176,316
10/08/2022,SQL,CA,AWP,WE,Federal Contract Tower,0,0,4,0,4,0,17,78,0,95,0,17,82,0,99,136,0,136,235
10/09/2022,SQL,CA,AWP,WE,Federal Contract Tower,0,6,18,0,24,0,25,62,0,87,0,31,80,0,111,46,0,46,157
10/10/2022,SQL,CA,AWP,WE,Federal Contract Tower,0,6,18,0,24,0,14,62,0,76,0,20,80,0,100,114,0,114,214
10/11/2022,SQL,CA,AWP,WE,Federal Contract Tower,0,6,11,0,17,0,23,64,0,87,0,29,75,0,104,148,16,164,268
10/12/2022,SQL,CA,AWP,WE,Federal Contract Tower,0,4,16,0,20,0,16,64,0,80,0,20,80,0,100,138,0,138,238
10/13/2022,SQL,CA,AWP,WE,Federal Contract Tower,0,3,15,0,18,0,27,82,0,109,0,30,97,0,127,152,0,152,279
10/14/2022,SQL,CA,AWP,WE,Federal Contract Tower,0,4,18,0,22,0,18,65,0,83,0,22,83,0,105,136,0,136,241
10/15/2022,SQL,CA,AWP,WE,Federal Contract Tower,0,3,17,0,20,0,0,0,0,0,0,3,17,0,20,200,0,200,220
10/16/2022,SQL,CA,AWP,WE,Federal Contract Tower,0,10,19,0,29,0,16,61,0,77,0,26,80,0,106,170,0,170,276
10/17/2022,SQL,CA,AWP,WE,Federal Contract Tower,0,7,5,0,12,0,21,72,2,95,0,28,77,2,107,70,0,70,177
10/18/2022,SQL,CA,AWP,WE,Federal Contract Tower,0,0,10,0,10,0,35,90,0,125,0,35,100,0,135,178,0,178,313
10/19/2022,SQL,CA,AWP,WE,Federal Contract Tower,0,5,8,0,13,0,38,111,0,149,0,43,119,0,162,180,0,180,342
10/20/2022,SQL,CA,AWP,WE,Federal Contract Tower,0,10,7,0,17,0,33,106,0,139,0,43,113,0,156,216,0,216,372
10/21/2022,SQL,CA,AWP,WE,Federal Contract Tower,0,7,21,0,28,0,29,86,0,115,0,36,107,0,143,80,0,80,223
10/22/2022,SQL,CA,AWP,WE,Federal Contract Tower,0,1,8,0,9,0,10,74,0,84,0,11,82,0,93,74,0,74,167
10/23/2022,SQL,CA,AWP,WE,Federal Contract Tower,0,9,7,0,16,0,29,129,0,158,0,38,136,0,174,110,0,110,284
10/24/2022,SQL,CA,AWP,WE,Federal Contract Tower,0,4,5,0,9,0,33,59,0,92,0,37,64,0,101,158,0,158,259
10/25/2022,SQL,CA,AWP,WE,Federal Contract Tower,0,6,9,0,15,0,31,94,0,125,0,37,103,0,140,178,0,178,318
10/26/2022,SQL,CA,AWP,WE,Federal Contract Tower,0,5,8,0,13,0,11,48,0,59,0,16,56,0,72,110,0,110,182
10/27/2022,SQL,CA,AWP,WE,Federal Contract Tower,0,7,4,0,11,0,28,87,0,115,0,35,91,0,126,140,0,140,266
10/28/2022,SQL,CA,AWP,WE,Federal Contract Tower,0,9,7,0,16,0,32,134,0,166,0,41,141,0,182,124,0,124,306
10/29/2022,SQL,CA,AWP,WE,Federal Contract Tower,0,1,9,0,10,0,39,129,0,168,0,40,138,0,178,178,0,178,356
10/30/2022,SQL,CA,AWP,WE,Federal Contract Tower,0,7,10,0,17,0,22,77,0,99,0,29,87,0,116,110,0,110,226
10/31/2022,SQL,CA,AWP,WE,Federal Contract Tower,0,2,14,0,16,0,24,61,0,85,0,26,75,0,101,82,0,82,183
11/01/2022,SQL,CA,AWP,WE,Federal Contract Tower,0,6,14,0,20,0,0,13,0,13,0,6,27,0,33,42,0,42,75
11/02/2022,SQL,CA,AWP,WE,Federal Contract Tower,0,9,12,0,21,0,9,45,0,54,0,18,57,0,75,74,0,74,149
11/03/2022,SQL,CA,AWP,WE,Federal Contract Tower,0,19,15,0,34,0,30,94,0,124,0,49,109,0,158,210,0,210,368
11/04/2022,SQL,CA,AWP,WE,Federal Contract Tower,0,13,14,0,27,0,28,84,0,112,0,41,98,0,139,188,0,188,327
11/05/2022,SQL,CA,AWP,WE,Federal Contract Tower,0,9,23,0,32,0,0,10,0,10,0,9,33,0,42,76,0,76,118
11/06/2022,SQL,CA,AWP,WE,Federal Contract Tower,0,16,14,0,30,0,40,2,0,42,0,56,16,0,72,90,0,90,162
11/07/2022,SQL,CA,AWP,WE,Federal Contract Tower,0,10,11,0,21,0,3,17,0,20,0,13,28,0,41,26,0,26,67
11/08/2022,SQL,CA,AWP,WE,Federal Contract Tower,0,9,5,0,14,0,2,3,0,5,0,11,8,0,19,26,0,26,45
11/09/2022,SQL,CA,AWP,WE,Federal Contract Tower,0,7,6,0,13,0,23,53,0,76,0,30,59,0,89,124,0,124,213
11/10/2022,SQL,CA,AWP,WE,Federal Contract Tower,0,7,6,0,13,0,24,62,0,86,0,31,68,0,99,98,0,98,197
11/11/2022,SQL,CA,AWP,WE,Federal Contract Tower,0,5,4,0,9,0,32,92,0,124,0,37,96,0,133,70,0,70,203
11/12/2022,SQL,CA,AWP,WE,Federal Contract Tower,0,1,7,0,8,0,32,67,0,99,0,33,74,0,107,60,0,60,167
11/13/2022,SQL,CA,AWP,WE,Federal Contract Tower,0,10,8,0,18,0,26,88,0,114,0,36,96,0,132,64,0,64,196
11/14/2022,SQL,CA,AWP,WE,Federal Contract Tower,0,13,6,0,19,0,27,68,0,95,0,40,74,0,114,146,0,146,260
11/15/2022,SQL,CA,AWP,WE,Federal Contract Tower,0,10,7,0,17,0,34,82,0,116,0,44,89,0,133,114,0,114,247
11/16/2022,SQL,CA,AWP,WE,Federal Contract Tower,0,9,7,0,16,0,29,63,0,92,0,38,70,0,108,94,0,94,202
11/17/2022,SQL,CA,AWP,WE,Federal Contract Tower,0,15,5,0,20,0,35,57,0,92,0,50,62,0,112,78,0,78,190
11/18/2022,SQL,CA,AWP,WE,Federal Contract Tower,0,14,10,0,24,0,36,102,0,138,0,50,112,0,162,134,0,134,296
11/19/2022,SQL,CA,AWP,WE,Federal Contract Tower,0,1,1,0,2,0,43,106,0,149,0,44,107,0,151,50,0,50,201
11/20/2022,SQL,CA,AWP,WE,Federal Contract Tower,0,11,5,0,16,0,28,82,0,110,0,39,87,0,126,78,0,78,204
11/21/2022,SQL,CA,AWP,WE,Federal Contract Tower,0,10,6,0,16,0,28,77,0,105,0,38,83,0,121,156,0,156,277
11/22/2022,SQL,CA,AWP,WE,Federal Contract Tower,0,6,7,0,13,0,28,76,0,104,0,34,83,0,117,92,0,92,209
11/23/2022,SQL,CA,AWP,WE,Federal Contract Tower,0,12,7,0,19,0,34,107,0,141,0,46,114,0,160,72,0,72,232
11/24/2022,SQL,CA,AWP,WE,Federal Contract Tower,0,1,1,0,2,0,8,30,0,38,0,9,31,0,40,44,0,44,84
11/25/2022,SQL,CA,AWP,WE,Federal Contract Tower,0,7,7,0,14,0,22,69,0,91,0,29,76,0,105,74,0,74,179
11/26/2022,SQL,CA,AWP,WE,Federal Contract Tower,0,5,5,0,10,0,19,87,0,106,0,24,92,0,116,24,0,24,140
11/27/2022,SQL,CA,AWP,WE,Federal Contract Tower,0,11,10,0,21,0,15,66,0,81,0,26,76,0,102,54,0,54,156
11/28/2022,SQL,CA,AWP,WE,Federal Contract Tower,0,9,7,0,16,0,5,32,0,37,0,14,39,0,53,62,0,62,115
11/29/2022,SQL,CA,AWP,WE,Federal Contract Tower,0,13,1,0,14,0,28,114,0,142,0,41,115,0,156,142,0,142,298
11/30/2022,SQL,CA,AWP,WE,Federal Contract Tower,0,7,6,0,13,0,21,68,0,89,0,28,74,0,102,68,0,68,170
12/01/2022,SQL,CA,AWP,WE,Federal Contract Tower,0,6,11,0,17,0,2,8,0,10,0,8,19,0,27,16,0,16,43
12/02/2022,SQL,CA,AWP,WE,Federal Contract Tower,0,11,1,0,12,0,34,146,0,180,0,45,147,0,192,106,0,106,298
12/03/2022,SQL,CA,AWP,WE,Federal Contract Tower,0,0,2,0,2,0,0,2,0,2,0,0,4,0,4,0,0,0,4
12/04/2022,SQL,CA,AWP,WE,Federal Contract Tower,0,5,6,0,11,0,14,80,0,94,0,19,86,0,105,106,0,106,211
12/05/2022,SQL,CA,AWP,WE,Federal Contract Tower,0,4,2,0,6,0,2,43,0,45,0,6,45,0,51,112,0,112,163
12/06/2022,SQL,CA,AWP,WE,Federal Contract Tower,0,11,11,0,22,0,19,65,0,84,0,30,76,0,106,226,0,226,332
12/07/2022,SQL,CA,AWP,WE,Federal Contract Tower,0,10,10,0,20,0,34,62,0,96,0,44,72,0,116,132,0,132,248
12/08/2022,SQL,CA,AWP,WE,Federal Contract Tower,0,13,7,0,20,0,6,61,0,67,0,19,68,0,87,118,0,118,205
12/09/2022,SQL,CA,AWP,WE,Federal Contract Tower,0,14,13,0,27,0,24,102,0,126,0,38,115,0,153,164,0,164,317
12/10/2022,SQL,CA,AWP,WE,Federal Contract Tower,0,0,3,0,3,0,0,2,0,2,0,0,5,0,5,0,0,0,5
12/11/2022,SQL,CA,AWP,WE,Federal Contract Tower,0,13,4,0,17,0,1,11,0,12,0,14,15,0,29,30,0,30,59
12/12/2022,SQL,CA,AWP,WE,Federal Contract Tower,0,10,10,0,20,0,15,47,0,62,0,25,57,0,82,174,0,174,256
12/13/2022,SQL,CA,AWP,WE,Federal Contract Tower,0,9,6,0,15,0,10,132,0,142,0,19,138,0,157,106,0,106,263
12/14/2022,SQL,CA,AWP,WE,Federal Contract Tower,0,10,9,0,19,0,26,52,0,78,0,36,61,0,97,80,0,80,177
12/15/2022,SQL,CA,AWP,WE,Federal Contract Tower,0,12,7,0,19,0,21,168,0,189,0,33,175,0,208,178,0,178,386
12/16/2022,SQL,CA,AWP,WE,Federal Contract Tower,0,13,9,0,22,0,0,0,0,0,0,13,9,0,22,126,0,126,148
12/17/2022,SQL,CA,AWP,WE,Federal Contract Tower,0,3,0,0,3,0,16,154,0,170,0,19,154,0,173,114,0,114,287
12/18/2022,SQL,CA,AWP,WE,Federal Contract Tower,0,12,12,0,24,0,15,146,0,161,0,27,158,0,185,46,0,46,231
12/19/2022,SQL,CA,AWP,WE,Federal Contract Tower,0,6,17,0,23,0,9,48,0,57,0,15,65,0,80,88,0,88,168
12/20/2022,SQL,CA,AWP,WE,Federal Contract Tower,0,8,8,0,16,0,17,47,0,64,0,25,55,0,80,90,0,90,170
12/21/2022,SQL,CA,AWP,WE,Federal Contract Tower,0,14,6,0,20,0,21,61,0,82,0,35,67,0,102,52,0,52,154
12/22/2022,SQL,CA,AWP,WE,Federal Contract Tower,0,13,13,0,26,0,19,105,0,124,0,32,118,0,150,156,0,156,306
12/23/2022,SQL,CA,AWP,WE,Federal Contract Tower,0,13,13,0,26,0,9,112,0,121,0,22,125,0,147,94,0,94,241
12/24/2022,SQL,CA,AWP,WE,Federal Contract Tower,0,0,3,0,3,0,2,72,0,74,0,2,75,0,77,4,0,4,81
12/25/2022,SQL,CA,AWP,WE,Federal Contract Tower,0,2,3,0,5,0,4,29,0,33,0,6,32,0,38,46,0,46,84
12/26/2022,SQL,CA,AWP,WE,Federal Contract Tower,0,10,18,0,28,0,7,35,0,42,0,17,53,0,70,4,0,4,74
12/27/2022,SQL,CA,AWP,WE,Federal Contract Tower,0,4,9,0,13,0,0,2,0,2,0,4,11,0,15,0,0,0,15
12/28/2022,SQL,CA,AWP,WE,Federal Contract Tower,0,7,12,0,19,0,23,57,0,80,0,30,69,0,99,98,0,98,197
12/29/2022,SQL,CA,AWP,WE,Federal Contract Tower,0,11,21,0,32,0,0,4,0,4,0,11,25,0,36,20,0,20,56
12/30/2022,SQL,CA,AWP,WE,Federal Contract Tower,0,10,10,0,20,0,0,0,0,0,0,10,10,0,20,0,0,0,20
12/31/2022,SQL,CA,AWP,WE,Federal Contract Tower,0,0,0,0,0,0,0,0,0,0,0,0,0,0,0,0,0,0,0
01/01/2023,SQL,CA,AWP,WE,Federal Contract Tower,0,1,4,0,5,0,27,86,0,113,0,28,90,0,118,44,0,44,162
01/02/2023,SQL,CA,AWP,WE,Federal Contract Tower,0,11,3,0,14,0,10,18,0,28,0,21,21,0,42,52,0,52,94
01/03/2023,SQL,CA,AWP,WE,Federal Contract Tower,0,17,15,0,32,0,16,34,0,50,0,33,49,0,82,122,0,122,204
01/04/2023,SQL,CA,AWP,WE,Federal Contract Tower,0,4,2,0,6,0,0,2,0,2,0,4,4,0,8,0,0,0,8
01/05/2023,SQL,CA,AWP,WE,Federal Contract Tower,0,7,6,0,13,0,0,6,0,6,0,7,12,0,19,2,0,2,21
01/06/2023,SQL,CA,AWP,WE,Federal Contract Tower,0,17,13,0,30,0,15,104,0,119,0,32,117,0,149,16,0,16,165
01/07/2023,SQL,CA,AWP,WE,Federal Contract Tower,0,2,1,0,3,0,2,8,0,10,0,4,9,0,13,22,0,22,35
01/08/2023,SQL,CA,AWP,WE,Federal Contract Tower,0,12,12,0,24,0,15,26,0,41,0,27,38,0,65,86,0,86,151
01/09/2023,SQL,CA,AWP,WE,Federal Contract Tower,0,2,4,0,6,0,7,12,0,19,0,9,16,0,25,34,0,34,59
01/11/2023,SQL,CA,AWP,WE,Federal Contract Tower,0,10,9,0,19,0,0,3,0,3,0,10,12,0,22,20,0,20,42
01/12/2023,SQL,CA,AWP,WE,Federal Contract Tower,0,7,12,0,19,0,19,84,0,103,0,26,96,0,122,100,0,100,222
01/13/2023,SQL,CA,AWP,WE,Federal Contract Tower,0,15,22,0,37,0,2,29,0,31,0,17,51,0,68,2,0,2,70
01/14/2023,SQL,CA,AWP,WE,Federal Contract Tower,0,0,3,0,3,0,0,0,0,0,0,0,3,0,3,0,0,0,3
01/15/2023,SQL,CA,AWP,WE,Federal Contract Tower,0,4,11,0,15,0,0,25,0,25,0,4,36,0,40,58,0,58,98
01/16/2023,SQL,CA,AWP,WE,Federal Contract Tower,0,11,4,0,15,0,7,33,0,40,0,18,37,0,55,78,0,78,133
01/17/2023,SQL,CA,AWP,WE,Federal Contract Tower,0,10,6,0,16,0,25,62,0,87,0,35,68,0,103,96,0,96,199
01/18/2023,SQL,CA,AWP,WE,Federal Contract Tower,0,5,4,0,9,0,16,33,0,49,0,21,37,0,58,96,0,96,154
01/19/2023,SQL,CA,AWP,WE,Federal Contract Tower,0,10,7,0,17,0,1,40,0,41,0,11,47,0,58,12,0,12,70
01/20/2023,SQL,CA,AWP,WE,Federal Contract Tower,0,10,4,0,14,0,44,196,0,240,0,54,200,0,254,154,0,154,408
01/21/2023,SQL,CA,AWP,WE,Federal Contract Tower,0,0,8,0,8,0,10,165,0,175,0,10,173,0,183,78,0,78,261
01/22/2023,SQL,CA,AWP,WE,Federal Contract Tower,0,10,6,0,16,0,16,125,0,141,0,26,131,0,157,84,0,84,241
01/23/2023,SQL,CA,AWP,WE,Federal Contract Tower,0,12,5,0,17,0,16,145,0,161,0,28,150,0,178,114,0,114,292
01/24/2023,SQL,CA,AWP,WE,Federal Contract Tower,0,9,7,0,16,0,0,155,0,155,0,9,162,0,171,134,0,134,305
01/25/2023,SQL,CA,AWP,WE,Federal Contract Tower,0,10,5,0,15,0,14,75,0,89,0,24,80,0,104,146,2,148,252
01/26/2023,SQL,CA,AWP,WE,Federal Contract Tower,0,12,1,0,13,0,13,158,0,171,0,25,159,0,184,194,0,194,378
01/27/2023,SQL,CA,AWP,WE,Federal Contract Tower,0,14,11,0,25,0,17,175,0,192,0,31,186,0,217,146,0,146,363
01/28/2023,SQL,CA,AWP,WE,Federal Contract Tower,0,1,15,0,16,0,12,101,0,113,0,13,116,0,129,114,0,114,243
01/29/2023,SQL,CA,AWP,WE,Federal Contract Tower,0,11,11,0,22,0,5,71,0,76,0,16,82,0,98,80,0,80,178
01/30/2023,SQL,CA,AWP,WE,Federal Contract Tower,0,4,9,0,13,0,31,86,0,117,0,35,95,0,130,200,0,200,330
01/31/2023,SQL,CA,AWP,WE,Federal Contract Tower,0,6,9,0,15,0,2,164,0,166,0,8,173,0,181,120,0,120,301
02/01/2023,SQL,CA,AWP,WE,Federal Contract Tower,0,11,3,0,14,0,5,68,0,73,0,16,71,0,87,72,0,72,159
02/02/2023,SQL,CA,AWP,WE,Federal Contract Tower,0,13,6,0,19,0,7,122,0,129,0,20,128,0,148,94,0,94,242
02/03/2023,SQL,CA,AWP,WE,Federal Contract Tower,0,14,23,0,37,0,1,15,1,17,0,15,38,1,54,22,0,22,76
02/04/2023,SQL,CA,AWP,WE,Federal Contract Tower,0,0,23,0,23,0,0,17,0,17,0,0,40,0,40,22,0,22,62
02/05/2023,SQL,CA,AWP,WE,Federal Contract Tower,0,10,7,0,17,0,0,20,0,20,0,10,27,0,37,22,0,22,59
02/06/2023,SQL,CA,AWP,WE,Federal Contract Tower,0,9,4,0,13,0,18,81,0,99,0,27,85,0,112,92,0,92,204
02/07/2023,SQL,CA,AWP,WE,Federal Contract Tower,0,0,8,0,8,0,4,180,0,184,0,4,188,0,192,166,0,166,358
02/08/2023,SQL,CA,AWP,WE,Federal Contract Tower,0,10,4,0,14,0,7,96,0,103,0,17,100,0,117,110,0,110,227
02/09/2023,SQL,CA,AWP,WE,Federal Contract Tower,0,13,9,0,22,0,4,176,0,180,0,17,185,0,202,180,0,180,382
02/10/2023,SQL,CA,AWP,WE,Federal Contract Tower,0,16,20,0,36,0,5,86,0,91,0,21,106,0,127,126,0,126,253
02/11/2023,SQL,CA,AWP,WE,Federal Contract Tower,0,0,1,0,1,0,9,84,0,93,0,9,85,0,94,94,0,94,188
02/12/2023,SQL,CA,AWP,WE,Federal Contract Tower,0,17,6,0,23,0,23,135,0,158,0,40,141,0,181,106,0,106,287
02/13/2023,SQL,CA,AWP,WE,Federal Contract Tower,0,13,15,0,28,0,5,30,0,35,0,18,45,0,63,18,0,18,81
02/14/2023,SQL,CA,AWP,WE,Federal Contract Tower,0,6,11,0,17,0,2,31,0,33,0,8,42,0,50,6,0,6,56
02/17/2023,SQL,CA,AWP,WE,Federal Contract Tower,0,16,5,0,21,0,7,223,0,230,0,23,228,0,251,180,0,180,431
02/18/2023,SQL,CA,AWP,WE,Federal Contract Tower,0,2,5,0,7,0,10,73,0,83,0,12,78,0,90,68,0,68,158
02/19/2023,SQL,CA,AWP,WE,Federal Contract Tower,0,13,8,0,21,0,12,61,0,73,0,25,69,0,94,62,0,62,156
02/20/2023,SQL,CA,AWP,WE,Federal Contract Tower,0,13,9,0,22,0,31,84,0,115,0,44,93,0,137,90,0,90,227
02/21/2023,SQL,CA,AWP,WE,Federal Contract Tower,0,2,4,0,6,0,5,28,0,33,0,7,32,0,39,6,0,6,45
02/22/2023,SQL,CA,AWP,WE,Federal Contract Tower,0,2,6,0,8,0,1,16,0,17,0,3,22,0,25,0,0,0,25
02/23/2023,SQL,CA,AWP,WE,Federal Contract Tower,0,3,4,0,7,0,2,22,0,24,0,5,26,0,31,30,0,30,61
02/24/2023,SQL,CA,AWP,WE,Federal Contract Tower,0,4,4,0,8,0,0,0,0,0,0,4,4,0,8,78,0,78,86
02/25/2023,SQL,CA,AWP,WE,Federal Contract Tower,0,1,9,0,10,0,1,58,0,59,0,2,67,0,69,204,0,204,273
02/26/2023,SQL,CA,AWP,WE,Federal Contract Tower,0,9,13,0,22,0,0,9,0,9,0,9,22,0,31,8,0,8,39
02/27/2023,SQL,CA,AWP,WE,Federal Contract Tower,0,1,8,0,9,0,0,4,2,6,0,1,12,2,15,0,2,2,17
02/28/2023,SQL,CA,AWP,WE,Federal Contract Tower,0,4,8,0,12,0,1,5,0,6,0,5,13,0,18,6,0,6,24
03/01/2023,SQL,CA,AWP,WE,Federal Contract Tower,0,6,3,0,9,0,7,56,0,63,0,13,59,0,72,142,0,142,214
03/02/2023,SQL,CA,AWP,WE,Federal Contract Tower,0,11,3,0,14,0,4,120,0,124,0,15,123,0,138,108,0,108,246
03/03/2023,SQL,CA,AWP,WE,Federal Contract Tower,0,14,8,0,22,0,15,139,0,154,0,29,147,0,176,198,0,198,374
03/04/2023,SQL,CA,AWP,WE,Federal Contract Tower,0,1,6,0,7,0,3,25,0,28,0,4,31,0,35,6,0,6,41
03/05/2023,SQL,CA,AWP,WE,Federal Contract Tower,0,11,8,0,19,0,10,36,0,46,0,21,44,0,65,12,0,12,77
03/07/2023,SQL,CA,AWP,WE,Federal Contract Tower,0,7,8,0,15,0,14,73,0,87,0,21,81,0,102,132,0,132,234
03/08/2023,SQL,CA,AWP,WE,Federal Contract Tower,0,6,9,0,15,0,4,83,0,87,0,10,92,0,102,178,0,178,280
03/09/2023,SQL,CA,AWP,WE,Federal Contract Tower,0,3,1,0,4,0,0,5,0,5,0,3,6,0,9,2,0,2,11
03/10/2023,SQL,CA,AWP,WE,Federal Contract Tower,0,12,8,0,20,0,14,55,2,71,0,26,63,2,91,78,0,78,169
03/11/2023,SQL,CA,AWP,WE,Federal Contract Tower,0,0,11,0,11,0,0,28,0,28,0,0,39,0,39,42,0,42,81
03/12/2023,SQL,CA,AWP,WE,Federal Contract Tower,0,11,10,0,21,0,4,1,0,5,0,15,11,0,26,6,0,6,32
03/13/2023,SQL,CA,AWP,WE,Federal Contract Tower,0,8,7,0,15,0,7,10,0,17,0,15,17,0,32,34,0,34,66
03/14/2023,SQL,CA,AWP,WE,Federal Contract Tower,0,0,5,0,5,0,0,1,0,1,0,0,6,0,6,0,0,0,6
03/15/2023,SQL,CA,AWP,WE,Federal Contract Tower,0,10,9,0,19,0,6,109,0,115,0,16,118,0,134,240,0,240,374
03/16/2023,SQL,CA,AWP,WE,Federal Contract Tower,0,14,6,0,20,0,14,148,0,162,0,28,154,0,182,170,0,170,352
03/17/2023,SQL,CA,AWP,WE,Federal Contract Tower,0,16,7,0,23,0,2,164,0,166,0,18,171,0,189,176,0,176,365
03/18/2023,SQL,CA,AWP,WE,Federal Contract Tower,0,3,6,0,9,0,2,209,0,211,0,5,215,0,220,80,0,80,300
03/19/2023,SQL,CA,AWP,WE,Federal Contract Tower,0,14,15,0,29,0,1,4,0,5,0,15,19,0,34,30,0,30,64
03/20/2023,SQL,CA,AWP,WE,Federal Contract Tower,0,9,12,0,21,0,23,55,0,78,0,32,67,0,99,88,0,88,187
03/21/2023,SQL,CA,AWP,WE,Federal Contract Tower,0,2,9,0,11,0,0,0,0,0,0,2,9,0,11,0,0,0,11
03/22/2023,SQL,CA,AWP,WE,Federal Contract Tower,0,6,5,0,11,0,0,39,0,39,0,6,44,0,50,156,0,156,206
03/23/2023,SQL,CA,AWP,WE,Federal Contract Tower,0,13,13,0,26,0,1,51,0,52,0,14,64,0,78,62,0,62,140
03/24/2023,SQL,CA,AWP,WE,Federal Contract Tower,0,10,4,0,14,0,3,146,0,149,0,13,150,0,163,156,0,156,319
03/25/2023,SQL,CA,AWP,WE,Federal Contract Tower,0,1,2,0,3,0,3,127,0,130,0,4,129,0,133,138,0,138,271
03/26/2023,SQL,CA,AWP,WE,Federal Contract Tower,0,6,5,0,11,0,18,141,0,159,0,24,146,0,170,106,0,106,276
03/27/2023,SQL,CA,AWP,WE,Federal Contract Tower,0,7,1,0,8,0,11,66,0,77,0,18,67,0,85,128,0,128,213
03/28/2023,SQL,CA,AWP,WE,Federal Contract Tower,0,5,3,0,8,0,0,0,0,0,0,5,3,0,8,0,0,0,8
03/30/2023,SQL,CA,AWP,WE,Federal Contract Tower,0,11,10,0,21,0,0,100,0,100,0,11,110,0,121,148,0,148,269
03/31/2023,SQL,CA,AWP,WE,Federal Contract Tower,0,9,12,0,21,0,0,189,0,189,0,9,201,0,210,126,0,126,336
04/01/2023,SQL,CA,AWP,WE,Federal Contract Tower,0,3,7,0,10,0,7,157,0,164,0,10,164,0,174,104,0,104,278
04/02/2023,SQL,CA,AWP,WE,Federal Contract Tower,0,20,24,0,44,0,14,102,0,116,0,34,126,0,160,118,0,118,278
04/03/2023,SQL,CA,AWP,WE,Federal Contract Tower,0,10,1,0,11,0,1,54,0,55,0,11,55,0,66,10,0,10,76
04/04/2023,SQL,CA,AWP,WE,Federal Contract Tower,0,14,6,0,20,0,6,107,0,113,0,20,113,0,133,148,0,148,281
04/05/2023,SQL,CA,AWP,WE,Federal Contract Tower,0,15,3,0,18,0,11,90,0,101,0,26,93,0,119,82,0,82,201
04/06/2023,SQL,CA,AWP,WE,Federal Contract Tower,0,10,3,0,13,0,4,188,0,192,0,14,191,0,205,88,0,88,293
04/07/2023,SQL,CA,AWP,WE,Federal Contract Tower,0,10,23,0,33,0,0,57,0,57,0,10,80,0,90,76,0,76,166
04/08/2023,SQL,CA,AWP,WE,Federal Contract Tower,0,4,16,0,20,0,19,126,0,145,0,23,142,0,165,86,0,86,251
04/09/2023,SQL,CA,AWP,WE,Federal Contract Tower,0,6,4,0,10,0,11,152,0,163,0,17,156,0,173,78,0,78,251
04/10/2023,SQL,CA,AWP,WE,Federal Contract Tower,0,8,6,0,14,0,7,155,0,162,0,15,161,0,176,56,0,56,232
04/11/2023,SQL,CA,AWP,WE,Federal Contract Tower,0,7,13,0,20,0,5,104,0,109,0,12,117,0,129,48,0,48,177
04/12/2023,SQL,CA,AWP,WE,Federal Contract Tower,0,3,4,0,7,0,4,18,0,22,0,7,22,0,29,0,0,0,29
04/13/2023,SQL,CA,AWP,WE,Federal Contract Tower,0,9,8,0,17,0,13,119,0,132,0,22,127,0,149,102,0,102,251
04/14/2023,SQL,CA,AWP,WE,Federal Contract Tower,0,5,6,0,11,0,26,179,0,205,0,31,185,0,216,108,0,108,324
04/15/2023,SQL,CA,AWP,WE,Federal Contract Tower,0,3,13,0,16,0,14,141,0,155,0,17,154,0,171,128,0,128,299
04/16/2023,SQL,CA,AWP,WE,Federal Contract Tower,0,12,15,0,27,0,27,88,0,115,0,39,103,0,142,108,0,108,250
04/17/2023,SQL,CA,AWP,WE,Federal Contract Tower,0,13,9,0,22,0,28,43,0,71,0,41,52,0,93,20,8,28,121
04/18/2023,SQL,CA,AWP,WE,Federal Contract Tower,0,13,7,0,20,0,23,115,0,138,0,36,122,0,158,58,0,58,216
04/19/2023,SQL,CA,AWP,WE,Federal Contract Tower,0,5,12,0,17,0,28,90,0,118,0,33,102,0,135,98,0,98,233
04/20/2023,SQL,CA,AWP,WE,Federal Contract Tower,0,9,4,0,13,0,12,47,0,59,0,21,51,0,72,2,0,2,74
04/21/2023,SQL,CA,AWP,WE,Federal Contract Tower,0,7,6,0,13,0,0,234,0,234,0,7,240,0,247,32,0,32,279
04/22/2023,SQL,CA,AWP,WE,Federal Contract Tower,0,2,10,0,12,0,14,111,0,125,0,16,121,0,137,70,0,70,207
04/23/2023,SQL,CA,AWP,WE,Federal Contract Tower,0,16,18,0,34,0,7,120,0,127,0,23,138,0,161,44,0,44,205
04/24/2023,SQL,CA,AWP,WE,Federal Contract Tower,0,9,4,0,13,0,11,89,0,100,0,20,93,0,113,24,0,24,137
04/25/2023,SQL,CA,AWP,WE,Federal Contract Tower,0,6,16,0,22,0,20,103,0,123,0,26,119,0,145,70,0,70,215
04/26/2023,SQL,CA,AWP,WE,Federal Contract Tower,0,7,6,0,13,0,22,124,0,146,0,29,130,0,159,124,0,124,283
04/27/2023,SQL,CA,AWP,WE,Federal Contract Tower,0,5,4,0,9,0,0,0,0,0,0,5,4,0,9,0,0,0,9
04/28/2023,SQL,CA,AWP,WE,Federal Contract Tower,0,13,11,0,24,0,7,136,0,143,0,20,147,0,167,0,0,0,167
04/29/2023,SQL,CA,AWP,WE,Federal Contract Tower,0,1,20,0,21,0,17,89,0,106,0,18,109,0,127,88,0,88,215
04/30/2023,SQL,CA,AWP,WE,Federal Contract Tower,0,11,15,0,26,0,2,55,0,57,0,13,70,0,83,18,0,18,101
05/01/2023,SQL,CA,AWP,WE,Federal Contract Tower,0,9,17,0,26,0,2,59,0,61,0,11,76,0,87,24,0,24,111
05/02/2023,SQL,CA,AWP,WE,Federal Contract Tower,0,7,5,0,12,0,5,84,0,89,0,12,89,0,101,20,0,20,121
05/03/2023,SQL,CA,AWP,WE,Federal Contract Tower,0,2,9,0,11,0,4,70,0,74,0,6,79,0,85,42,0,42,127
05/04/2023,SQL,CA,AWP,WE,Federal Contract Tower,0,5,13,0,18,0,15,21,0,36,0,20,34,0,54,2,0,2,56
05/05/2023,SQL,CA,AWP,WE,Federal Contract Tower,0,6,12,0,18,0,0,103,0,103,0,6,115,0,121,0,0,0,121
05/06/2023,SQL,CA,AWP,WE,Federal Contract Tower,0,1,13,0,14,0,2,49,0,51,0,3,62,0,65,46,0,46,111
05/07/2023,SQL,CA,AWP,WE,Federal Contract Tower,0,10,13,0,23,0,9,53,0,62,0,19,66,0,85,42,0,42,127
05/08/2023,SQL,CA,AWP,WE,Federal Contract Tower,0,12,11,0,23,0,7,48,0,55,0,19,59,0,78,58,0,58,136
05/09/2023,SQL,CA,AWP,WE,Federal Contract Tower,0,9,18,0,27,0,8,107,0,115,0,17,125,0,142,58,0,58,200
05/10/2023,SQL,CA,AWP,WE,Federal Contract Tower,0,13,15,0,28,0,16,93,0,109,0,29,108,0,137,56,0,56,193
05/11/2023,SQL,CA,AWP,WE,Federal Contract Tower,0,8,10,0,18,0,12,30,0,42,0,20,40,0,60,0,0,0,60
05/12/2023,SQL,CA,AWP,WE,Federal Contract Tower,0,7,9,0,16,0,3,143,0,146,0,10,152,0,162,0,0,0,162
05/13/2023,SQL,CA,AWP,WE,Federal Contract Tower,0,1,14,0,15,0,21,124,2,147,0,22,138,2,162,98,0,98,260
05/14/2023,SQL,CA,AWP,WE,Federal Contract Tower,0,5,3,0,8,0,14,123,0,137,0,19,126,0,145,84,0,84,229
05/15/2023,SQL,CA,AWP,WE,Federal Contract Tower,0,12,15,0,27,0,2,141,0,143,0,14,156,0,170,24,0,24,194
05/16/2023,SQL,CA,AWP,WE,Federal Contract Tower,0,9,8,0,17,0,19,98,0,117,0,28,106,0,134,84,0,84,218
05/17/2023,SQL,CA,AWP,WE,Federal Contract Tower,0,7,22,0,29,0,11,93,0,104,0,18,115,0,133,82,0,82,215
05/18/2023,SQL,CA,AWP,WE,Federal Contract Tower,0,10,9,0,19,0,11,27,0,38,0,21,36,0,57,0,0,0,57
05/19/2023,SQL,CA,AWP,WE,Federal Contract Tower,0,9,12,0,21,0,1,94,0,95,0,10,106,0,116,0,0,0,116
05/20/2023,SQL,CA,AWP,WE,Federal Contract Tower,0,4,16,0,20,0,4,104,0,108,0,8,120,0,128,6,0,6,134
05/21/2023,SQL,CA,AWP,WE,Federal Contract Tower,0,13,19,0,32,0,7,137,8,152,0,20,156,8,184,46,0,46,230
05/22/2023,SQL,CA,AWP,WE,Federal Contract Tower,0,13,14,0,27,0,6,79,0,85,0,19,93,0,112,56,0,56,168
05/23/2023,SQL,CA,AWP,WE,Federal Contract Tower,0,11,15,0,26,0,9,132,0,141,0,20,147,0,167,76,0,76,243
05/24/2023,SQL,CA,AWP,WE,Federal Contract Tower,0,13,15,0,28,0,7,120,0,127,0,20,135,0,155,102,0,102,257
05/25/2023,SQL,CA,AWP,WE,Federal Contract Tower,0,9,8,0,17,0,20,29,0,49,0,29,37,0,66,0,0,0,66
05/26/2023,SQL,CA,AWP,WE,Federal Contract Tower,0,10,18,0,28,0,1,110,0,111,0,11,128,0,139,4,0,4,143
05/27/2023,SQL,CA,AWP,WE,Federal Contract Tower,0,3,5,0,8,0,10,99,0,109,0,13,104,0,117,42,0,42,159
05/28/2023,SQL,CA,AWP,WE,Federal Contract Tower,0,3,12,0,15,0,3,78,0,81,0,6,90,0,96,36,0,36,132
05/29/2023,SQL,CA,AWP,WE,Federal Contract Tower,0,22,16,0,38,0,25,131,0,156,0,47,147,0,194,74,0,74,268
05/30/2023,SQL,CA,AWP,WE,Federal Contract Tower,0,7,13,0,20,0,17,118,0,135,0,24,131,0,155,26,0,26,181
05/31/2023,SQL,CA,AWP,WE,Federal Contract Tower,0,13,16,0,29,0,5,102,0,107,0,18,118,0,136,50,0,50,186
06/01/2023,SQL,CA,AWP,WE,Federal Contract Tower,0,6,5,0,11,0,12,43,0,55,0,18,48,0,66,0,0,0,66
06/02/2023,SQL,CA,AWP,WE,Federal Contract Tower,0,0,0,0,0,0,0,164,0,164,0,0,164,0,164,4,0,4,168
06/03/2023,SQL,CA,AWP,WE,Federal Contract Tower,0,1,8,0,9,0,16,116,0,132,0,17,124,0,141,104,0,104,245
06/04/2023,SQL,CA,AWP,WE,Federal Contract Tower,0,13,8,0,21,0,15,112,0,127,0,28,120,0,148,92,0,92,240
06/05/2023,SQL,CA,AWP,WE,Federal Contract Tower,0,16,10,0,26,0,19,69,0,88,0,35,79,0,114,106,0,106,220
06/06/2023,SQL,CA,AWP,WE,Federal Contract Tower,0,11,9,0,20,0,4,113,0,117,0,15,122,0,137,36,0,36,173
06/07/2023,SQL,CA,AWP,WE,Federal Contract Tower,0,11,15,0,26,0,15,79,0,94,0,26,94,0,120,78,0,78,198
06/08/2023,SQL,CA,AWP,WE,Federal Contract Tower,0,5,9,0,14,0,7,34,0,41,0,12,43,0,55,28,0,28,83
06/09/2023,SQL,CA,AWP,WE,Federal Contract Tower,0,10,12,0,22,0,0,107,0,107,0,10,119,0,129,8,0,8,137
06/10/2023,SQL,CA,AWP,WE,Federal Contract Tower,0,2,12,0,14,0,9,76,0,85,0,11,88,0,99,0,0,0,99
06/11/2023,SQL,CA,AWP,WE,Federal Contract Tower,0,10,17,0,27,0,7,75,0,82,0,17,92,0,109,56,0,56,165
06/12/2023,SQL,CA,AWP,WE,Federal Contract Tower,0,5,6,0,11,0,24,93,0,117,0,29,99,0,128,68,0,68,196
06/13/2023,SQL,CA,AWP,WE,Federal Contract Tower,0,9,8,0,17,0,24,116,0,140,0,33,124,0,157,128,0,128,285
06/14/2023,SQL,CA,AWP,WE,Federal Contract Tower,0,6,9,0,15,0,18,147,0,165,0,24,156,0,180,104,0,104,284
06/15/2023,SQL,CA,AWP,WE,Federal Contract Tower,0,6,5,0,11,0,26,49,0,75,0,32,54,0,86,90,0,90,176
06/16/2023,SQL,CA,AWP,WE,Federal Contract Tower,0,9,4,0,13,0,0,187,0,187,0,9,191,0,200,20,0,20,220
06/17/2023,SQL,CA,AWP,WE,Federal Contract Tower,0,1,8,0,9,0,0,85,0,85,0,1,93,0,94,44,0,44,138
06/18/2023,SQL,CA,AWP,WE,Federal Contract Tower,0,13,7,0,20,0,15,67,0,82,0,28,74,0,102,4,0,4,106
06/19/2023,SQL,CA,AWP,WE,Federal Contract Tower,0,5,8,0,13,0,9,31,0,40,0,14,39,0,53,0,0,0,53
06/20/2023,SQL,CA,AWP,WE,Federal Contract Tower,0,10,5,0,15,0,2,22,0,24,0,12,27,0,39,0,0,0,39
06/21/2023,SQL,CA,AWP,WE,Federal Contract Tower,0,14,9,0,23,0,20,116,0,136,0,34,125,0,159,12,0,12,171
06/22/2023,SQL,CA,AWP,WE,Federal Contract Tower,0,8,10,0,18,0,26,40,0,66,0,34,50,0,84,4,0,4,88
06/23/2023,SQL,CA,AWP,WE,Federal Contract Tower,0,24,12,0,36,0,0,0,0,0,0,24,12,0,36,8,0,8,44
06/24/2023,SQL,CA,AWP,WE,Federal Contract Tower,0,6,10,0,16,0,10,91,0,101,0,16,101,0,117,88,0,88,205
06/25/2023,SQL,CA,AWP,WE,Federal Contract Tower,0,14,21,0,35,0,9,73,0,82,0,23,94,0,117,54,0,54,171
06/26/2023,SQL,CA,AWP,WE,Federal Contract Tower,0,13,12,0,25,0,10,59,0,69,0,23,71,0,94,140,0,140,234
06/27/2023,SQL,CA,AWP,WE,Federal Contract Tower,0,13,10,0,23,0,20,95,0,115,0,33,105,0,138,58,0,58,196
06/28/2023,SQL,CA,AWP,WE,Federal Contract Tower,0,10,7,0,17,0,14,131,0,145,0,24,138,0,162,178,0,178,340
06/29/2023,SQL,CA,AWP,WE,Federal Contract Tower,0,10,5,0,15,0,25,66,0,91,0,35,71,0,106,114,0,114,220
06/30/2023,SQL,CA,AWP,WE,Federal Contract Tower,0,12,6,0,18,0,2,204,0,206,0,14,210,0,224,136,0,136,360
07/01/2023,SQL,CA,AWP,WE,Federal Contract Tower,0,3,9,0,12,0,15,136,0,151,0,18,145,0,163,150,0,150,313
07/02/2023,SQL,CA,AWP,WE,Federal Contract Tower,0,2,9,1,12,0,18,135,0,153,0,20,144,1,165,72,0,72,237
07/03/2023,SQL,CA,AWP,WE,Federal Contract Tower,0,4,11,0,15,0,18,118,0,136,0,22,129,0,151,112,0,112,263
07/04/2023,SQL,CA,AWP,WE,Federal Contract Tower,0,3,7,0,10,0,10,74,0,84,0,13,81,0,94,90,0,90,184
07/05/2023,SQL,CA,AWP,WE,Federal Contract Tower,0,4,10,0,14,0,24,40,0,64,0,28,50,0,78,14,0,14,92
07/06/2023,SQL,CA,AWP,WE,Federal Contract Tower,0,11,13,0,24,0,21,106,0,127,0,32,119,0,151,102,0,102,253
07/07/2023,SQL,CA,AWP,WE,Federal Contract Tower,0,9,9,0,18,0,1,46,0,47,0,10,55,0,65,28,0,28,93
07/09/2023,SQL,CA,AWP,WE,Federal Contract Tower,0,18,13,0,31,0,15,72,0,87,0,33,85,0,118,92,0,92,210
07/10/2023,SQL,CA,AWP,WE,Federal Contract Tower,0,16,13,0,29,0,21,94,0,115,0,37,107,0,144,302,0,302,446
07/11/2023,SQL,CA,AWP,WE,Federal Contract Tower,0,12,4,0,16,0,17,117,0,134,0,29,121,0,150,124,0,124,274
07/12/2023,SQL,CA,AWP,WE,Federal Contract Tower,0,7,7,0,14,0,0,145,0,145,0,7,152,0,159,66,0,66,225
07/13/2023,SQL,CA,AWP,WE,Federal Contract Tower,0,7,8,0,15,0,3,105,0,108,0,10,113,0,123,88,0,88,211
07/14/2023,SQL,CA,AWP,WE,Federal Contract Tower,0,17,12,0,29,0,3,202,0,205,0,20,214,0,234,130,0,130,364
07/15/2023,SQL,CA,AWP,WE,Federal Contract Tower,0,3,12,0,15,0,4,177,0,181,0,7,189,0,196,172,0,172,368
07/16/2023,SQL,CA,AWP,WE,Federal Contract Tower,0,13,7,0,20,0,4,177,0,181,0,17,184,0,201,110,0,110,311
07/17/2023,SQL,CA,AWP,WE,Federal Contract Tower,0,11,6,0,17,0,9,148,0,157,0,20,154,0,174,40,0,40,214
07/18/2023,SQL,CA,AWP,WE,Federal Contract Tower,0,12,0,0,12,0,2,194,0,196,0,14,194,0,208,118,0,118,326
07/19/2023,SQL,CA,AWP,WE,Federal Contract Tower,0,6,8,0,14,0,14,126,2,142,0,20,134,2,156,206,0,206,362
07/20/2023,SQL,CA,AWP,WE,Federal Contract Tower,0,8,8,0,16,0,24,39,0,63,0,32,47,0,79,154,0,154,233
07/21/2023,SQL,CA,AWP,WE,Federal Contract Tower,0,10,4,0,14,0,0,210,0,210,0,10,214,0,224,8,0,8,232
07/22/2023,SQL,CA,AWP,WE,Federal Contract Tower,0,2,14,0,16,0,12,145,0,157,0,14,159,0,173,118,0,118,291
07/23/2023,SQL,CA,AWP,WE,Federal Contract Tower,0,11,8,0,19,0,25,139,0,164,0,36,147,0,183,66,0,66,249
07/24/2023,SQL,CA,AWP,WE,Federal Contract Tower,0,11,5,0,16,0,25,94,2,121,0,36,99,2,137,98,0,98,235
07/25/2023,SQL,CA,AWP,WE,Federal Contract Tower,0,6,5,0,11,0,12,123,0,135,0,18,128,0,146,126,0,126,272
07/26/2023,SQL,CA,AWP,WE,Federal Contract Tower,0,6,7,0,13,0,11,98,0,109,0,17,105,0,122,116,0,116,238
07/27/2023,SQL,CA,AWP,WE,Federal Contract Tower,0,6,3,0,9,0,17,37,0,54,0,23,40,0,63,108,0,108,171
07/28/2023,SQL,CA,AWP,WE,Federal Contract Tower,0,8,6,0,14,0,0,136,0,136,0,8,142,0,150,86,0,86,236
07/29/2023,SQL,CA,AWP,WE,Federal Contract Tower,0,2,8,0,10,0,14,134,0,148,0,16,142,0,158,142,0,142,300
07/30/2023,SQL,CA,AWP,WE,Federal Contract Tower,0,10,9,0,19,0,21,84,0,105,0,31,93,0,124,90,0,90,214
07/31/2023,SQL,CA,AWP,WE,Federal Contract Tower,0,11,9,0,20,0,22,94,0,116,0,33,103,0,136,98,0,98,234
08/01/2023,SQL,CA,AWP,WE,Federal Contract Tower,0,10,6,0,16,0,11,77,0,88,0,21,83,0,104,152,0,152,256
08/02/2023,SQL,CA,AWP,WE,Federal Contract Tower,0,12,8,0,20,0,18,94,0,112,0,30,102,0,132,168,2,170,302
08/03/2023,SQL,CA,AWP,WE,Federal Contract Tower,0,5,4,0,9,0,3,25,0,28,0,8,29,0,37,2,0,2,39
08/04/2023,SQL,CA,AWP,WE,Federal Contract Tower,0,5,12,0,17,0,4,148,0,152,0,9,160,0,169,80,0,80,249
08/05/2023,SQL,CA,AWP,WE,Federal Contract Tower,0,2,15,0,17,0,18,84,0,102,0,20,99,0,119,128,0,128,247
08/06/2023,SQL,CA,AWP,WE,Federal Contract Tower,0,12,6,0,18,0,17,133,0,150,0,29,139,0,168,160,0,160,328
08/07/2023,SQL,CA,AWP,WE,Federal Contract Tower,0,12,7,0,19,0,10,94,0,104,0,22,101,0,123,146,0,146,269
08/08/2023,SQL,CA,AWP,WE,Federal Contract Tower,0,4,10,0,14,0,11,100,0,111,0,15,110,0,125,166,0,166,291
08/09/2023,SQL,CA,AWP,WE,Federal Contract Tower,0,11,9,0,20,0,16,101,0,117,0,27,110,0,137,176,0,176,313
08/10/2023,SQL,CA,AWP,WE,Federal Contract Tower,0,8,5,0,13,0,20,44,0,64,0,28,49,0,77,170,0,170,247
08/11/2023,SQL,CA,AWP,WE,Federal Contract Tower,0,7,4,0,11,0,2,99,0,101,0,9,103,0,112,64,0,64,176
08/12/2023,SQL,CA,AWP,WE,Federal Contract Tower,0,5,10,0,15,0,20,90,0,110,0,25,100,0,125,160,0,160,285
08/13/2023,SQL,CA,AWP,WE,Federal Contract Tower,0,12,6,0,18,0,20,104,0,124,0,32,110,0,142,132,0,132,274
08/14/2023,SQL,CA,AWP,WE,Federal Contract Tower,0,9,2,0,11,0,21,87,2,110,0,30,89,2,121,218,0,218,339
08/15/2023,SQL,CA,AWP,WE,Federal Contract Tower,0,13,4,0,17,0,17,89,0,106,0,30,93,0,123,150,0,150,273
08/16/2023,SQL,CA,AWP,WE,Federal Contract Tower,0,6,2,0,8,0,10,129,0,139,0,16,131,0,147,110,0,110,257
08/17/2023,SQL,CA,AWP,WE,Federal Contract Tower,0,9,6,0,15,0,26,54,0,80,0,35,60,0,95,44,0,44,139
08/18/2023,SQL,CA,AWP,WE,Federal Contract Tower,0,9,10,0,19,0,0,115,0,115,0,9,125,0,134,64,0,64,198
08/19/2023,SQL,CA,AWP,WE,Federal Contract Tower,0,6,13,0,19,0,26,123,0,149,0,32,136,0,168,70,0,70,238
08/20/2023,SQL,CA,AWP,WE,Federal Contract Tower,0,8,8,0,16,0,15,115,0,130,0,23,123,0,146,178,0,178,324
08/21/2023,SQL,CA,AWP,WE,Federal Contract Tower,0,0,5,0,5,0,1,27,0,28,0,1,32,0,33,26,0,26,59
08/22/2023,SQL,CA,AWP,WE,Federal Contract Tower,0,10,7,0,17,0,27,96,0,123,0,37,103,0,140,166,0,166,306
08/23/2023,SQL,CA,AWP,WE,Federal Contract Tower,0,12,9,0,21,0,26,107,0,133,0,38,116,0,154,180,0,180,334
08/24/2023,SQL,CA,AWP,WE,Federal Contract Tower,0,5,7,0,12,0,19,56,0,75,0,24,63,0,87,88,0,88,175
08/25/2023,SQL,CA,AWP,WE,Federal Contract Tower,0,9,11,0,20,0,1,95,0,96,0,10,106,0,116,157,0,157,273
08/26/2023,SQL,CA,AWP,WE,Federal Contract Tower,0,2,17,0,19,0,17,111,0,128,0,19,128,0,147,146,0,146,293
08/27/2023,SQL,CA,AWP,WE,Federal Contract Tower,0,13,8,0,21,0,13,76,0,89,0,26,84,0,110,118,0,118,228
08/28/2023,SQL,CA,AWP,WE,Federal Contract Tower,0,10,6,0,16,0,16,80,2,98,0,26,86,2,114,160,0,160,274
08/29/2023,SQL,CA,AWP,WE,Federal Contract Tower,0,17,4,0,21,0,8,77,0,85,0,25,81,0,106,162,0,162,268
08/30/2023,SQL,CA,AWP,WE,Federal Contract Tower,0,8,12,0,20,0,16,122,0,138,0,24,134,0,158,120,0,120,278
08/31/2023,SQL,CA,AWP,WE,Federal Contract Tower,0,19,15,0,34,0,8,60,0,68,0,27,75,0,102,147,0,147,249
