01/01/2020,SRQ,FL,ASO,ES,Towers with Radar,62,33,63,1,159,0,3,130,3,136,62,36,193,4,295,144,0,144,439
01/02/2020,SRQ,FL,ASO,ES,Towers with Radar,87,44,73,0,204,0,4,147,11,162,87,48,220,11,366,78,0,78,444
01/03/2020,SRQ,FL,ASO,ES,Towers with Radar,83,33,105,6,227,0,6,61,0,67,83,39,166,6,294,11,0,11,305
01/04/2020,SRQ,FL,ASO,ES,Towers with Radar,71,32,66,0,169,0,1,12,0,13,71,33,78,0,182,52,0,52,234
01/05/2020,SRQ,FL,ASO,ES,Towers with Radar,82,32,129,0,243,0,5,133,0,138,82,37,262,0,381,152,0,152,533
01/06/2020,SRQ,FL,ASO,ES,Towers with Radar,79,43,70,8,200,0,7,159,12,178,79,50,229,20,378,227,18,245,623
01/07/2020,SRQ,FL,ASO,ES,Towers with Radar,53,22,97,0,172,0,12,141,0,153,53,34,238,0,325,145,0,145,470
01/08/2020,SRQ,FL,ASO,ES,Towers with Radar,58,16,78,8,160,0,2,127,0,129,58,18,205,8,289,142,0,142,431
01/09/2020,SRQ,FL,ASO,ES,Towers with Radar,76,30,83,4,193,0,2,102,2,106,76,32,185,6,299,80,0,80,379
01/10/2020,SRQ,FL,ASO,ES,Towers with Radar,74,34,70,5,183,0,4,92,6,102,74,38,162,11,285,72,0,72,357
01/11/2020,SRQ,FL,ASO,ES,Towers with Radar,60,17,67,12,156,0,6,64,2,72,60,23,131,14,228,80,0,80,308
01/12/2020,SRQ,FL,ASO,ES,Towers with Radar,73,27,77,26,203,0,2,112,13,127,73,29,189,39,330,129,0,129,459
01/13/2020,SRQ,FL,ASO,ES,Towers with Radar,73,29,99,0,201,0,6,133,0,139,73,35,232,0,340,175,0,175,515
01/14/2020,SRQ,FL,ASO,ES,Towers with Radar,54,19,74,8,155,0,3,178,22,203,54,22,252,30,358,140,14,154,512
01/15/2020,SRQ,FL,ASO,ES,Towers with Radar,59,28,84,0,171,0,6,136,1,143,59,34,220,1,314,188,0,188,502
01/16/2020,SRQ,FL,ASO,ES,Towers with Radar,75,26,81,8,190,0,10,125,3,138,75,36,206,11,328,240,0,240,568
01/17/2020,SRQ,FL,ASO,ES,Towers with Radar,72,35,89,0,196,0,1,113,0,114,72,36,202,0,310,104,0,104,414
01/18/2020,SRQ,FL,ASO,ES,Towers with Radar,64,33,65,0,162,0,14,197,0,211,64,47,262,0,373,0,0,0,373
01/19/2020,SRQ,FL,ASO,ES,Towers with Radar,72,32,68,0,172,0,0,67,0,67,72,32,135,0,239,68,0,68,307
01/20/2020,SRQ,FL,ASO,ES,Towers with Radar,71,30,94,0,195,0,10,137,6,153,71,40,231,6,348,240,0,240,588
01/21/2020,SRQ,FL,ASO,ES,Towers with Radar,53,28,66,0,147,0,3,112,1,116,53,31,178,1,263,70,0,70,333
01/22/2020,SRQ,FL,ASO,ES,Towers with Radar,59,24,89,0,172,0,1,100,2,103,59,25,189,2,275,194,0,194,469
01/23/2020,SRQ,FL,ASO,ES,Towers with Radar,72,45,92,0,209,0,4,106,5,115,72,49,198,5,324,158,0,158,482
01/24/2020,SRQ,FL,ASO,ES,Towers with Radar,72,29,84,5,190,0,1,132,2,135,72,30,216,7,325,150,2,152,477
01/25/2020,SRQ,FL,ASO,ES,Towers with Radar,67,21,74,0,162,0,2,165,0,167,67,23,239,0,329,144,0,144,473
01/26/2020,SRQ,FL,ASO,ES,Towers with Radar,75,39,81,2,197,0,0,130,3,133,75,39,211,5,330,92,2,94,424
01/27/2020,SRQ,FL,ASO,ES,Towers with Radar,71,20,85,15,191,0,1,105,8,114,71,21,190,23,305,144,14,158,463
01/28/2020,SRQ,FL,ASO,ES,Towers with Radar,54,24,72,0,150,0,9,154,4,167,54,33,226,4,317,158,0,158,475
01/29/2020,SRQ,FL,ASO,ES,Towers with Radar,60,29,71,8,168,0,9,126,2,137,60,38,197,10,305,308,6,314,619
01/30/2020,SRQ,FL,ASO,ES,Towers with Radar,76,24,102,8,210,0,0,36,0,36,76,24,138,8,246,130,0,130,376
01/31/2020,SRQ,FL,ASO,ES,Towers with Radar,70,20,130,14,234,0,2,84,2,88,70,22,214,16,322,153,8,161,483
02/01/2020,SRQ,FL,ASO,ES,Towers with Radar,66,30,70,2,168,0,1,9,0,10,66,31,79,2,178,10,0,10,188
02/02/2020,SRQ,FL,ASO,ES,Towers with Radar,71,27,57,0,155,0,7,120,2,129,71,34,177,2,284,100,0,100,384
02/03/2020,SRQ,FL,ASO,ES,Towers with Radar,73,43,77,1,194,0,10,159,2,171,73,53,236,3,365,148,0,148,513
02/04/2020,SRQ,FL,ASO,ES,Towers with Radar,54,28,99,0,181,0,14,115,0,129,54,42,214,0,310,136,0,136,446
02/05/2020,SRQ,FL,ASO,ES,Towers with Radar,60,31,91,7,189,0,8,131,8,147,60,39,222,15,336,142,26,168,504
02/06/2020,SRQ,FL,ASO,ES,Towers with Radar,65,23,63,1,152,0,0,20,0,20,65,23,83,1,172,4,0,4,176
02/07/2020,SRQ,FL,ASO,ES,Towers with Radar,74,38,99,0,211,0,4,82,0,86,74,42,181,0,297,52,0,52,349
02/08/2020,SRQ,FL,ASO,ES,Towers with Radar,65,21,78,2,166,0,5,161,0,166,65,26,239,2,332,83,0,83,415
02/09/2020,SRQ,FL,ASO,ES,Towers with Radar,74,31,58,2,165,0,6,81,0,87,74,37,139,2,252,6,0,6,258
02/10/2020,SRQ,FL,ASO,ES,Towers with Radar,72,24,105,1,202,0,8,118,5,131,72,32,223,6,333,98,0,98,431
02/11/2020,SRQ,FL,ASO,ES,Towers with Radar,53,34,112,0,199,0,9,156,6,171,53,43,268,6,370,195,0,195,565
02/12/2020,SRQ,FL,ASO,ES,Towers with Radar,62,25,101,8,196,0,2,94,2,98,62,27,195,10,294,109,0,109,403
02/13/2020,SRQ,FL,ASO,ES,Towers with Radar,74,46,115,9,244,0,11,113,7,131,74,57,228,16,375,96,24,120,495
02/14/2020,SRQ,FL,ASO,ES,Towers with Radar,71,31,103,2,207,0,0,37,0,37,71,31,140,2,244,24,0,24,268
02/15/2020,SRQ,FL,ASO,ES,Towers with Radar,87,26,82,0,195,0,6,171,3,180,87,32,253,3,375,138,0,138,513
02/16/2020,SRQ,FL,ASO,ES,Towers with Radar,77,25,98,0,200,0,7,82,0,89,77,32,180,0,289,142,0,142,431
02/17/2020,SRQ,FL,ASO,ES,Towers with Radar,78,40,118,6,242,0,8,127,6,141,78,48,245,12,383,113,0,113,496
02/18/2020,SRQ,FL,ASO,ES,Towers with Radar,61,36,105,22,224,0,10,134,20,164,61,46,239,42,388,112,22,134,522
02/19/2020,SRQ,FL,ASO,ES,Towers with Radar,68,32,89,3,192,0,7,148,4,159,68,39,237,7,351,255,8,263,614
02/20/2020,SRQ,FL,ASO,ES,Towers with Radar,82,34,136,15,267,0,2,114,24,140,82,36,250,39,407,148,18,166,573
02/21/2020,SRQ,FL,ASO,ES,Towers with Radar,75,36,91,1,203,0,1,37,0,38,75,37,128,1,241,51,0,51,292
02/22/2020,SRQ,FL,ASO,ES,Towers with Radar,86,42,112,2,242,0,2,192,1,195,86,44,304,3,437,226,0,226,663
02/23/2020,SRQ,FL,ASO,ES,Towers with Radar,87,37,90,0,214,0,4,141,2,147,87,41,231,2,361,195,0,195,556
02/24/2020,SRQ,FL,ASO,ES,Towers with Radar,74,26,88,18,206,0,0,95,1,96,74,26,183,19,302,114,8,122,424
02/25/2020,SRQ,FL,ASO,ES,Towers with Radar,58,26,70,6,160,0,6,76,2,84,58,32,146,8,244,126,0,126,370
02/26/2020,SRQ,FL,ASO,ES,Towers with Radar,67,23,54,3,147,0,2,49,0,51,67,25,103,3,198,136,0,136,334
02/27/2020,SRQ,FL,ASO,ES,Towers with Radar,82,35,97,3,217,0,6,108,0,114,82,41,205,3,331,38,0,38,369
02/28/2020,SRQ,FL,ASO,ES,Towers with Radar,75,38,68,3,184,0,2,110,4,116,75,40,178,7,300,150,0,150,450
02/29/2020,SRQ,FL,ASO,ES,Towers with Radar,81,23,61,1,166,0,5,75,0,80,81,28,136,1,246,88,0,88,334
03/01/2020,SRQ,FL,ASO,ES,Towers with Radar,81,39,91,0,211,0,1,101,1,103,81,40,192,1,314,104,0,104,418
03/02/2020,SRQ,FL,ASO,ES,Towers with Radar,76,36,64,5,181,0,4,90,5,99,76,40,154,10,280,100,5,105,385
03/03/2020,SRQ,FL,ASO,ES,Towers with Radar,60,39,73,22,194,0,9,94,10,113,60,48,167,32,307,172,0,172,479
03/04/2020,SRQ,FL,ASO,ES,Towers with Radar,69,33,87,10,199,0,2,90,6,98,69,35,177,16,297,54,8,62,359
03/05/2020,SRQ,FL,ASO,ES,Towers with Radar,82,27,83,10,202,0,4,52,0,56,82,31,135,10,258,48,0,48,306
03/06/2020,SRQ,FL,ASO,ES,Towers with Radar,77,36,112,2,227,0,2,72,0,74,77,38,184,2,301,78,0,78,379
03/07/2020,SRQ,FL,ASO,ES,Towers with Radar,97,37,85,0,219,0,2,127,0,129,97,39,212,0,348,89,0,89,437
03/08/2020,SRQ,FL,ASO,ES,Towers with Radar,87,38,93,4,222,0,4,98,4,106,87,42,191,8,328,123,0,123,451
03/09/2020,SRQ,FL,ASO,ES,Towers with Radar,74,38,65,0,177,0,5,123,0,128,74,43,188,0,305,179,1,180,485
03/10/2020,SRQ,FL,ASO,ES,Towers with Radar,63,37,94,12,206,0,5,135,6,146,63,42,229,18,352,214,0,214,566
03/11/2020,SRQ,FL,ASO,ES,Towers with Radar,65,20,93,1,179,0,8,170,1,179,65,28,263,2,358,148,0,148,506
03/12/2020,SRQ,FL,ASO,ES,Towers with Radar,78,40,90,0,208,0,11,148,2,161,78,51,238,2,369,132,0,132,501
03/13/2020,SRQ,FL,ASO,ES,Towers with Radar,81,55,102,1,239,0,0,152,2,154,81,55,254,3,393,95,0,95,488
03/14/2020,SRQ,FL,ASO,ES,Towers with Radar,93,45,114,0,252,0,2,99,0,101,93,47,213,0,353,86,0,86,439
03/15/2020,SRQ,FL,ASO,ES,Towers with Radar,88,48,84,3,223,0,6,119,2,127,88,54,203,5,350,320,18,338,688
03/16/2020,SRQ,FL,ASO,ES,Towers with Radar,76,34,89,9,208,0,3,85,7,95,76,37,174,16,303,142,0,142,445
03/17/2020,SRQ,FL,ASO,ES,Towers with Radar,71,35,80,4,190,0,4,117,12,133,71,39,197,16,323,114,0,114,437
03/18/2020,SRQ,FL,ASO,ES,Towers with Radar,67,41,127,3,238,0,6,141,0,147,67,47,268,3,385,144,0,144,529
03/19/2020,SRQ,FL,ASO,ES,Towers with Radar,72,40,85,6,203,0,0,96,2,98,72,40,181,8,301,88,0,88,389
03/20/2020,SRQ,FL,ASO,ES,Towers with Radar,69,29,80,0,178,0,0,97,4,101,69,29,177,4,279,102,0,102,381
03/21/2020,SRQ,FL,ASO,ES,Towers with Radar,82,33,67,2,184,0,3,96,2,101,82,36,163,4,285,124,0,124,409
03/22/2020,SRQ,FL,ASO,ES,Towers with Radar,72,39,53,1,165,0,0,105,1,106,72,39,158,2,271,153,0,153,424
03/23/2020,SRQ,FL,ASO,ES,Towers with Radar,52,28,52,0,132,0,4,83,8,95,52,32,135,8,227,173,2,175,402
03/24/2020,SRQ,FL,ASO,ES,Towers with Radar,32,26,58,9,125,0,4,107,14,125,32,30,165,23,250,120,0,120,370
03/25/2020,SRQ,FL,ASO,ES,Towers with Radar,28,16,61,8,113,0,0,73,3,76,28,16,134,11,189,18,6,24,213
03/26/2020,SRQ,FL,ASO,ES,Towers with Radar,24,28,47,15,114,0,2,117,0,119,24,30,164,15,233,96,8,104,337
03/27/2020,SRQ,FL,ASO,ES,Towers with Radar,32,19,55,0,106,0,2,90,0,92,32,21,145,0,198,100,0,100,298
03/28/2020,SRQ,FL,ASO,ES,Towers with Radar,26,30,44,6,106,0,5,110,0,115,26,35,154,6,221,222,0,222,443
03/29/2020,SRQ,FL,ASO,ES,Towers with Radar,25,24,42,2,93,0,6,79,0,85,25,30,121,2,178,91,0,91,269
03/30/2020,SRQ,FL,ASO,ES,Towers with Radar,23,11,41,6,81,0,0,75,0,75,23,11,116,6,156,129,6,135,291
03/31/2020,SRQ,FL,ASO,ES,Towers with Radar,13,18,46,0,77,0,0,34,6,40,13,18,80,6,117,78,10,88,205
04/01/2020,SRQ,FL,ASO,ES,Towers with Radar,17,9,34,0,60,0,2,68,2,72,17,11,102,2,132,47,0,47,179
04/02/2020,SRQ,FL,ASO,ES,Towers with Radar,25,17,41,4,87,0,5,123,0,128,25,22,164,4,215,111,0,111,326
04/03/2020,SRQ,FL,ASO,ES,Towers with Radar,28,17,38,4,87,0,6,62,4,72,28,23,100,8,159,32,0,32,191
04/04/2020,SRQ,FL,ASO,ES,Towers with Radar,20,9,28,4,61,0,0,58,2,60,20,9,86,6,121,68,0,68,189
04/05/2020,SRQ,FL,ASO,ES,Towers with Radar,17,16,23,0,56,0,0,9,0,9,17,16,32,0,65,40,0,40,105
04/06/2020,SRQ,FL,ASO,ES,Towers with Radar,16,13,30,0,59,0,5,42,0,47,16,18,72,0,106,44,0,44,150
04/07/2020,SRQ,FL,ASO,ES,Towers with Radar,18,15,31,0,64,0,4,63,1,68,18,19,94,1,132,42,0,42,174
04/08/2020,SRQ,FL,ASO,ES,Towers with Radar,19,13,44,4,80,0,0,88,1,89,19,13,132,5,169,36,0,36,205
04/09/2020,SRQ,FL,ASO,ES,Towers with Radar,26,16,34,10,86,0,4,34,2,40,26,20,68,12,126,55,0,55,181
04/10/2020,SRQ,FL,ASO,ES,Towers with Radar,24,15,35,15,89,0,6,38,3,47,24,21,73,18,136,77,0,77,213
04/11/2020,SRQ,FL,ASO,ES,Towers with Radar,22,17,40,0,79,0,4,116,5,125,22,21,156,5,204,125,0,125,329
04/12/2020,SRQ,FL,ASO,ES,Towers with Radar,19,5,9,0,33,0,5,19,0,24,19,10,28,0,57,57,0,57,114
04/13/2020,SRQ,FL,ASO,ES,Towers with Radar,25,3,44,1,73,0,0,21,1,22,25,3,65,2,95,14,0,14,109
04/14/2020,SRQ,FL,ASO,ES,Towers with Radar,22,4,48,4,78,0,9,25,0,34,22,13,73,4,112,72,0,72,184
04/15/2020,SRQ,FL,ASO,ES,Towers with Radar,20,7,46,24,97,0,0,5,0,5,20,7,51,24,102,0,0,0,102
04/16/2020,SRQ,FL,ASO,ES,Towers with Radar,17,10,49,0,76,0,0,5,0,5,17,10,54,0,81,6,0,6,87
04/17/2020,SRQ,FL,ASO,ES,Towers with Radar,19,9,61,2,91,0,3,85,0,88,19,12,146,2,179,172,0,172,351
04/18/2020,SRQ,FL,ASO,ES,Towers with Radar,18,11,42,5,76,0,0,75,4,79,18,11,117,9,155,161,6,167,322
04/19/2020,SRQ,FL,ASO,ES,Towers with Radar,20,16,41,4,81,0,2,82,0,84,20,18,123,4,165,131,0,131,296
04/20/2020,SRQ,FL,ASO,ES,Towers with Radar,13,4,17,0,34,0,2,2,0,4,13,6,19,0,38,9,0,9,47
04/21/2020,SRQ,FL,ASO,ES,Towers with Radar,15,8,60,0,83,0,4,109,0,113,15,12,169,0,196,93,0,93,289
04/22/2020,SRQ,FL,ASO,ES,Towers with Radar,16,13,77,8,114,0,2,133,1,136,16,15,210,9,250,85,0,85,335
04/23/2020,SRQ,FL,ASO,ES,Towers with Radar,22,8,33,1,64,0,0,53,4,57,22,8,86,5,121,34,0,34,155
04/24/2020,SRQ,FL,ASO,ES,Towers with Radar,22,14,12,0,48,0,0,0,0,0,22,14,12,0,48,0,0,0,48
04/25/2020,SRQ,FL,ASO,ES,Towers with Radar,18,9,30,8,65,0,0,65,1,66,18,9,95,9,131,152,0,152,283
04/26/2020,SRQ,FL,ASO,ES,Towers with Radar,22,13,37,0,72,0,0,46,0,46,22,13,83,0,118,62,2,64,182
04/27/2020,SRQ,FL,ASO,ES,Towers with Radar,20,8,59,9,96,0,1,151,11,163,20,9,210,20,259,158,14,172,431
04/28/2020,SRQ,FL,ASO,ES,Towers with Radar,14,13,72,7,106,0,0,164,7,171,14,13,236,14,277,75,0,75,352
04/29/2020,SRQ,FL,ASO,ES,Towers with Radar,18,5,58,0,81,0,1,150,4,155,18,6,208,4,236,197,0,197,433
04/30/2020,SRQ,FL,ASO,ES,Towers with Radar,28,19,29,2,78,0,2,48,8,58,28,21,77,10,136,36,0,36,172
05/01/2020,SRQ,FL,ASO,ES,Towers with Radar,30,34,64,0,128,0,2,130,0,132,30,36,194,0,260,71,0,71,331
05/02/2020,SRQ,FL,ASO,ES,Towers with Radar,17,21,61,0,99,0,0,126,0,126,17,21,187,0,225,149,0,149,374
05/03/2020,SRQ,FL,ASO,ES,Towers with Radar,32,19,52,4,107,0,0,112,0,112,32,19,164,4,219,90,0,90,309
05/04/2020,SRQ,FL,ASO,ES,Towers with Radar,23,7,59,2,91,0,10,85,0,95,23,17,144,2,186,47,0,47,233
05/05/2020,SRQ,FL,ASO,ES,Towers with Radar,14,14,50,0,78,0,3,111,0,114,14,17,161,0,192,0,0,0,192
05/06/2020,SRQ,FL,ASO,ES,Towers with Radar,13,17,58,6,94,0,3,128,0,131,13,20,186,6,225,214,0,214,439
05/07/2020,SRQ,FL,ASO,ES,Towers with Radar,24,18,51,0,93,1,0,120,4,125,25,18,171,4,218,36,0,36,254
05/08/2020,SRQ,FL,ASO,ES,Towers with Radar,26,16,56,2,100,0,2,110,0,112,26,18,166,2,212,176,0,176,388
05/09/2020,SRQ,FL,ASO,ES,Towers with Radar,15,18,37,3,73,1,0,137,3,141,16,18,174,6,214,190,0,190,404
05/10/2020,SRQ,FL,ASO,ES,Towers with Radar,24,24,33,2,83,0,0,9,12,21,24,24,42,14,104,6,18,24,128
05/11/2020,SRQ,FL,ASO,ES,Towers with Radar,19,15,64,4,102,0,1,93,0,94,19,16,157,4,196,128,0,128,324
05/12/2020,SRQ,FL,ASO,ES,Towers with Radar,11,19,66,4,100,0,12,129,1,142,11,31,195,5,242,94,4,98,340
05/13/2020,SRQ,FL,ASO,ES,Towers with Radar,12,15,54,0,81,0,0,108,2,110,12,15,162,2,191,62,0,62,253
05/14/2020,SRQ,FL,ASO,ES,Towers with Radar,27,29,57,6,119,0,0,77,0,77,27,29,134,6,196,28,0,28,224
05/15/2020,SRQ,FL,ASO,ES,Towers with Radar,23,26,42,3,94,0,0,33,5,38,23,26,75,8,132,74,0,74,206
05/16/2020,SRQ,FL,ASO,ES,Towers with Radar,18,19,48,0,85,1,0,90,2,93,19,19,138,2,178,206,0,206,384
05/17/2020,SRQ,FL,ASO,ES,Towers with Radar,27,21,62,0,110,0,0,129,0,129,27,21,191,0,239,132,0,132,371
05/18/2020,SRQ,FL,ASO,ES,Towers with Radar,22,19,48,5,94,1,0,3,0,4,23,19,51,5,98,18,0,18,116
05/19/2020,SRQ,FL,ASO,ES,Towers with Radar,11,42,79,3,135,0,0,110,2,112,11,42,189,5,247,116,0,116,363
05/20/2020,SRQ,FL,ASO,ES,Towers with Radar,12,26,78,2,118,0,1,168,4,173,12,27,246,6,291,82,2,84,375
05/21/2020,SRQ,FL,ASO,ES,Towers with Radar,24,32,106,8,170,0,3,117,4,124,24,35,223,12,294,72,0,72,366
05/22/2020,SRQ,FL,ASO,ES,Towers with Radar,21,22,72,0,115,2,5,101,4,112,23,27,173,4,227,116,0,116,343
05/23/2020,SRQ,FL,ASO,ES,Towers with Radar,21,25,67,0,113,1,0,88,0,89,22,25,155,0,202,44,0,44,246
05/24/2020,SRQ,FL,ASO,ES,Towers with Radar,22,24,40,0,86,0,0,26,4,30,22,24,66,4,116,134,0,134,250
05/25/2020,SRQ,FL,ASO,ES,Towers with Radar,22,22,48,0,92,0,0,14,0,14,22,22,62,0,106,8,0,8,114
05/26/2020,SRQ,FL,ASO,ES,Towers with Radar,10,21,86,16,133,0,3,79,8,90,10,24,165,24,223,142,6,148,371
05/27/2020,SRQ,FL,ASO,ES,Towers with Radar,12,25,81,19,137,0,2,129,3,134,12,27,210,22,271,290,0,290,561
05/28/2020,SRQ,FL,ASO,ES,Towers with Radar,22,29,85,10,146,0,0,91,0,91,22,29,176,10,237,92,0,92,329
05/29/2020,SRQ,FL,ASO,ES,Towers with Radar,22,23,63,1,109,0,0,128,5,133,22,23,191,6,242,86,0,86,328
05/30/2020,SRQ,FL,ASO,ES,Towers with Radar,20,42,73,8,143,0,0,132,0,132,20,42,205,8,275,89,0,89,364
05/31/2020,SRQ,FL,ASO,ES,Towers with Radar,25,29,94,0,148,0,3,75,4,82,25,32,169,4,230,54,0,54,284
06/01/2020,SRQ,FL,ASO,ES,Towers with Radar,20,32,81,0,133,0,2,77,2,81,20,34,158,2,214,92,0,92,306
06/02/2020,SRQ,FL,ASO,ES,Towers with Radar,12,33,64,0,109,0,0,69,0,69,12,33,133,0,178,82,0,82,260
06/03/2020,SRQ,FL,ASO,ES,Towers with Radar,12,29,56,8,105,0,0,66,0,66,12,29,122,8,171,40,0,40,211
06/04/2020,SRQ,FL,ASO,ES,Towers with Radar,24,25,53,0,102,0,1,17,2,20,24,26,70,2,122,34,0,34,156
06/05/2020,SRQ,FL,ASO,ES,Towers with Radar,24,23,87,1,135,0,0,56,1,57,24,23,143,2,192,84,0,84,276
06/06/2020,SRQ,FL,ASO,ES,Towers with Radar,25,24,23,0,72,0,0,3,2,5,25,24,26,2,77,0,0,0,77
06/07/2020,SRQ,FL,ASO,ES,Towers with Radar,27,24,42,0,93,1,1,14,0,16,28,25,56,0,109,30,0,30,139
06/08/2020,SRQ,FL,ASO,ES,Towers with Radar,23,18,61,6,108,0,0,73,2,75,23,18,134,8,183,154,0,154,337
06/09/2020,SRQ,FL,ASO,ES,Towers with Radar,10,17,73,4,104,0,2,98,0,100,10,19,171,4,204,70,0,70,274
06/10/2020,SRQ,FL,ASO,ES,Towers with Radar,12,26,76,4,118,0,1,109,2,112,12,27,185,6,230,160,0,160,390
06/11/2020,SRQ,FL,ASO,ES,Towers with Radar,28,30,76,0,134,0,0,138,1,139,28,30,214,1,273,148,0,148,421
06/12/2020,SRQ,FL,ASO,ES,Towers with Radar,22,34,84,0,140,0,0,146,4,150,22,34,230,4,290,67,0,67,357
06/13/2020,SRQ,FL,ASO,ES,Towers with Radar,27,22,63,2,114,0,1,45,0,46,27,23,108,2,160,63,0,63,223
06/14/2020,SRQ,FL,ASO,ES,Towers with Radar,28,28,54,0,110,0,4,104,0,108,28,32,158,0,218,119,0,119,337
06/15/2020,SRQ,FL,ASO,ES,Towers with Radar,23,25,51,10,109,0,2,89,0,91,23,27,140,10,200,160,0,160,360
06/16/2020,SRQ,FL,ASO,ES,Towers with Radar,12,25,64,3,104,0,0,103,2,105,12,25,167,5,209,142,0,142,351
06/17/2020,SRQ,FL,ASO,ES,Towers with Radar,14,16,76,2,108,0,1,129,0,130,14,17,205,2,238,136,0,136,374
06/18/2020,SRQ,FL,ASO,ES,Towers with Radar,27,34,76,6,143,0,3,116,14,133,27,37,192,20,276,128,6,134,410
06/19/2020,SRQ,FL,ASO,ES,Towers with Radar,20,18,61,0,99,0,0,69,0,69,20,18,130,0,168,104,0,104,272
06/20/2020,SRQ,FL,ASO,ES,Towers with Radar,28,21,75,0,124,0,0,144,0,144,28,21,219,0,268,58,0,58,326
06/21/2020,SRQ,FL,ASO,ES,Towers with Radar,28,32,56,0,116,2,0,64,0,66,30,32,120,0,182,52,0,52,234
06/22/2020,SRQ,FL,ASO,ES,Towers with Radar,21,16,56,0,93,1,0,97,0,98,22,16,153,0,191,93,0,93,284
06/23/2020,SRQ,FL,ASO,ES,Towers with Radar,12,20,75,10,117,0,2,92,4,98,12,22,167,14,215,116,0,116,331
06/24/2020,SRQ,FL,ASO,ES,Towers with Radar,15,29,78,0,122,0,2,140,2,144,15,31,218,2,266,201,0,201,467
06/25/2020,SRQ,FL,ASO,ES,Towers with Radar,27,21,71,3,122,0,0,128,4,132,27,21,199,7,254,96,0,96,350
06/26/2020,SRQ,FL,ASO,ES,Towers with Radar,20,23,70,1,114,0,1,93,4,98,20,24,163,5,212,103,0,103,315
06/27/2020,SRQ,FL,ASO,ES,Towers with Radar,27,21,53,0,101,0,0,113,1,114,27,21,166,1,215,70,0,70,285
06/28/2020,SRQ,FL,ASO,ES,Towers with Radar,27,26,59,0,112,0,1,79,0,80,27,27,138,0,192,58,0,58,250
06/29/2020,SRQ,FL,ASO,ES,Towers with Radar,23,22,44,0,89,0,2,41,1,44,23,24,85,1,133,112,0,112,245
06/30/2020,SRQ,FL,ASO,ES,Towers with Radar,11,16,71,10,108,0,0,87,0,87,11,16,158,10,195,158,2,160,355
07/01/2020,SRQ,FL,ASO,ES,Towers with Radar,20,14,89,14,137,0,4,89,0,93,20,18,178,14,230,238,20,258,488
07/02/2020,SRQ,FL,ASO,ES,Towers with Radar,28,29,68,0,125,0,0,133,0,133,28,29,201,0,258,125,0,125,383
07/03/2020,SRQ,FL,ASO,ES,Towers with Radar,28,13,58,0,99,0,0,132,0,132,28,13,190,0,231,158,0,158,389
07/04/2020,SRQ,FL,ASO,ES,Towers with Radar,29,11,24,0,64,0,0,61,2,63,29,11,85,2,127,48,0,48,175
07/05/2020,SRQ,FL,ASO,ES,Towers with Radar,30,30,62,0,122,0,0,53,0,53,30,30,115,0,175,85,0,85,260
07/06/2020,SRQ,FL,ASO,ES,Towers with Radar,23,28,66,5,122,0,0,83,3,86,23,28,149,8,208,75,10,85,293
07/07/2020,SRQ,FL,ASO,ES,Towers with Radar,18,27,58,21,124,0,0,128,3,131,18,27,186,24,255,134,8,142,397
07/08/2020,SRQ,FL,ASO,ES,Towers with Radar,26,24,70,7,127,0,0,110,2,112,26,24,180,9,239,68,0,68,307
07/09/2020,SRQ,FL,ASO,ES,Towers with Radar,32,11,70,4,117,1,2,122,3,128,33,13,192,7,245,76,4,80,325
07/10/2020,SRQ,FL,ASO,ES,Towers with Radar,36,23,53,0,112,0,1,77,0,78,36,24,130,0,190,50,0,50,240
07/11/2020,SRQ,FL,ASO,ES,Towers with Radar,43,13,39,2,97,0,0,59,3,62,43,13,98,5,159,62,0,62,221
07/12/2020,SRQ,FL,ASO,ES,Towers with Radar,36,13,67,0,116,0,0,93,0,93,36,13,160,0,209,98,0,98,307
07/13/2020,SRQ,FL,ASO,ES,Towers with Radar,30,12,64,1,107,0,2,82,1,85,30,14,146,2,192,134,0,134,326
07/14/2020,SRQ,FL,ASO,ES,Towers with Radar,22,19,46,0,87,0,2,96,0,98,22,21,142,0,185,198,0,198,383
07/15/2020,SRQ,FL,ASO,ES,Towers with Radar,29,15,56,2,102,0,0,81,2,83,29,15,137,4,185,126,0,126,311
07/16/2020,SRQ,FL,ASO,ES,Towers with Radar,36,22,58,0,116,0,1,91,0,92,36,23,149,0,208,150,0,150,358
07/17/2020,SRQ,FL,ASO,ES,Towers with Radar,33,20,53,3,109,0,0,74,1,75,33,20,127,4,184,76,0,76,260
07/18/2020,SRQ,FL,ASO,ES,Towers with Radar,44,17,50,8,119,0,0,53,4,57,44,17,103,12,176,130,0,130,306
07/19/2020,SRQ,FL,ASO,ES,Towers with Radar,39,21,51,12,123,0,0,105,1,106,39,21,156,13,229,154,10,164,393
07/20/2020,SRQ,FL,ASO,ES,Towers with Radar,32,19,47,0,98,0,0,72,1,73,32,19,119,1,171,44,0,44,215
07/21/2020,SRQ,FL,ASO,ES,Towers with Radar,20,11,38,0,69,0,2,85,6,93,20,13,123,6,162,118,0,118,280
07/22/2020,SRQ,FL,ASO,ES,Towers with Radar,28,18,56,7,109,0,0,94,1,95,28,18,150,8,204,121,9,130,334
07/23/2020,SRQ,FL,ASO,ES,Towers with Radar,37,15,63,0,115,0,0,51,0,51,37,15,114,0,166,45,2,47,213
07/24/2020,SRQ,FL,ASO,ES,Towers with Radar,34,18,64,3,119,0,4,69,1,74,34,22,133,4,193,47,0,47,240
07/25/2020,SRQ,FL,ASO,ES,Towers with Radar,42,23,72,2,139,1,0,99,2,102,43,23,171,4,241,36,0,36,277
07/26/2020,SRQ,FL,ASO,ES,Towers with Radar,38,18,38,2,96,0,0,57,2,59,38,18,95,4,155,22,0,22,177
07/27/2020,SRQ,FL,ASO,ES,Towers with Radar,33,20,49,2,104,0,1,105,3,109,33,21,154,5,213,144,0,144,357
07/28/2020,SRQ,FL,ASO,ES,Towers with Radar,20,14,62,8,104,0,2,73,8,83,20,16,135,16,187,144,32,176,363
07/29/2020,SRQ,FL,ASO,ES,Towers with Radar,25,14,53,11,103,0,3,81,22,106,25,17,134,33,209,92,22,114,323
07/30/2020,SRQ,FL,ASO,ES,Towers with Radar,39,19,77,4,139,0,0,115,0,115,39,19,192,4,254,36,0,36,290
07/31/2020,SRQ,FL,ASO,ES,Towers with Radar,34,38,94,3,169,0,0,96,1,97,34,38,190,4,266,54,0,54,320
08/01/2020,SRQ,FL,ASO,ES,Towers with Radar,42,17,50,0,109,0,1,87,1,89,42,18,137,1,198,85,0,85,283
08/02/2020,SRQ,FL,ASO,ES,Towers with Radar,42,9,40,0,91,0,0,28,0,28,42,9,68,0,119,32,0,32,151
08/03/2020,SRQ,FL,ASO,ES,Towers with Radar,36,25,70,0,131,0,0,89,0,89,36,25,159,0,220,99,0,99,319
08/04/2020,SRQ,FL,ASO,ES,Towers with Radar,22,17,48,2,89,0,0,116,2,118,22,17,164,4,207,144,0,144,351
08/05/2020,SRQ,FL,ASO,ES,Towers with Radar,26,27,48,29,130,0,2,78,2,82,26,29,126,31,212,130,4,134,346
08/06/2020,SRQ,FL,ASO,ES,Towers with Radar,40,14,58,4,116,1,3,93,0,97,41,17,151,4,213,122,0,122,335
08/07/2020,SRQ,FL,ASO,ES,Towers with Radar,34,15,58,0,107,1,1,95,2,99,35,16,153,2,206,78,0,78,284
08/08/2020,SRQ,FL,ASO,ES,Towers with Radar,45,18,62,0,125,0,0,120,0,120,45,18,182,0,245,44,4,48,293
08/09/2020,SRQ,FL,ASO,ES,Towers with Radar,40,17,44,0,101,0,0,64,0,64,40,17,108,0,165,68,0,68,233
08/10/2020,SRQ,FL,ASO,ES,Towers with Radar,35,30,61,2,128,0,4,92,3,99,35,34,153,5,227,102,4,106,333
08/11/2020,SRQ,FL,ASO,ES,Towers with Radar,25,16,39,7,87,0,2,66,0,68,25,18,105,7,155,80,0,80,235
08/12/2020,SRQ,FL,ASO,ES,Towers with Radar,23,11,53,0,87,0,3,84,2,89,23,14,137,2,176,163,0,163,339
08/13/2020,SRQ,FL,ASO,ES,Towers with Radar,39,17,60,4,120,0,3,83,1,87,39,20,143,5,207,137,0,137,344
08/14/2020,SRQ,FL,ASO,ES,Towers with Radar,35,30,76,6,147,0,2,112,3,117,35,32,188,9,264,98,0,98,362
08/15/2020,SRQ,FL,ASO,ES,Towers with Radar,44,17,38,0,99,0,0,83,0,83,44,17,121,0,182,66,0,66,248
08/16/2020,SRQ,FL,ASO,ES,Towers with Radar,40,20,64,0,124,0,0,58,0,58,40,20,122,0,182,28,0,28,210
08/17/2020,SRQ,FL,ASO,ES,Towers with Radar,35,13,46,2,96,0,0,47,0,47,35,13,93,2,143,104,0,104,247
08/18/2020,SRQ,FL,ASO,ES,Towers with Radar,22,20,52,4,98,0,1,79,2,82,22,21,131,6,180,210,16,226,406
08/19/2020,SRQ,FL,ASO,ES,Towers with Radar,22,15,56,0,93,0,5,40,4,49,22,20,96,4,142,64,4,68,210
08/20/2020,SRQ,FL,ASO,ES,Towers with Radar,38,17,47,2,104,0,0,94,4,98,38,17,141,6,202,242,4,246,448
08/21/2020,SRQ,FL,ASO,ES,Towers with Radar,33,20,88,0,141,0,1,75,0,76,33,21,163,0,217,105,0,105,322
08/22/2020,SRQ,FL,ASO,ES,Towers with Radar,37,9,46,0,92,0,0,55,0,55,37,9,101,0,147,68,0,68,215
08/23/2020,SRQ,FL,ASO,ES,Towers with Radar,38,15,63,0,116,0,0,98,0,98,38,15,161,0,214,57,0,57,271
08/24/2020,SRQ,FL,ASO,ES,Towers with Radar,31,4,36,4,75,0,0,51,2,53,31,4,87,6,128,52,0,52,180
08/25/2020,SRQ,FL,ASO,ES,Towers with Radar,23,20,47,7,97,0,2,73,3,78,23,22,120,10,175,88,0,88,263
08/26/2020,SRQ,FL,ASO,ES,Towers with Radar,22,19,94,0,135,0,1,87,5,93,22,20,181,5,228,84,2,86,314
08/27/2020,SRQ,FL,ASO,ES,Towers with Radar,38,17,59,5,119,0,0,102,1,103,38,17,161,6,222,110,2,112,334
08/28/2020,SRQ,FL,ASO,ES,Towers with Radar,33,24,63,0,120,0,3,123,0,126,33,27,186,0,246,106,0,106,352
08/29/2020,SRQ,FL,ASO,ES,Towers with Radar,42,12,47,15,116,0,2,90,2,94,42,14,137,17,210,102,4,106,316
08/30/2020,SRQ,FL,ASO,ES,Towers with Radar,39,12,37,0,88,0,1,48,0,49,39,13,85,0,137,132,0,132,269
08/31/2020,SRQ,FL,ASO,ES,Towers with Radar,34,19,61,1,115,0,2,34,4,40,34,21,95,5,155,56,16,72,227
09/01/2020,SRQ,FL,ASO,ES,Towers with Radar,23,18,41,1,83,0,2,81,1,84,23,20,122,2,167,101,0,101,268
09/02/2020,SRQ,FL,ASO,ES,Towers with Radar,21,15,62,0,98,0,1,108,4,113,21,16,170,4,211,87,28,115,326
09/03/2020,SRQ,FL,ASO,ES,Towers with Radar,38,13,57,4,112,0,6,98,8,112,38,19,155,12,224,62,0,62,286
09/04/2020,SRQ,FL,ASO,ES,Towers with Radar,35,29,66,8,138,0,4,99,0,103,35,33,165,8,241,87,0,87,328
09/05/2020,SRQ,FL,ASO,ES,Towers with Radar,40,8,43,0,91,0,1,104,2,107,40,9,147,2,198,76,0,76,274
09/06/2020,SRQ,FL,ASO,ES,Towers with Radar,35,16,30,0,81,0,0,79,0,79,35,16,109,0,160,54,0,54,214
09/07/2020,SRQ,FL,ASO,ES,Towers with Radar,35,15,59,0,109,0,0,65,3,68,35,15,124,3,177,54,0,54,231
09/08/2020,SRQ,FL,ASO,ES,Towers with Radar,20,24,52,1,97,0,0,57,2,59,20,24,109,3,156,48,0,48,204
09/09/2020,SRQ,FL,ASO,ES,Towers with Radar,22,30,73,4,129,0,0,36,0,36,22,30,109,4,165,50,0,50,215
09/10/2020,SRQ,FL,ASO,ES,Towers with Radar,36,12,61,0,109,0,2,54,0,56,36,14,115,0,165,38,0,38,203
09/11/2020,SRQ,FL,ASO,ES,Towers with Radar,29,15,47,0,91,0,0,65,0,65,29,15,112,0,156,106,0,106,262
09/12/2020,SRQ,FL,ASO,ES,Towers with Radar,34,12,32,0,78,0,0,24,1,25,34,12,56,1,103,70,0,70,173
09/13/2020,SRQ,FL,ASO,ES,Towers with Radar,37,13,24,0,74,0,0,1,0,1,37,13,25,0,75,0,0,0,75
09/14/2020,SRQ,FL,ASO,ES,Towers with Radar,29,15,45,0,89,0,0,28,4,32,29,15,73,4,121,34,0,34,155
09/15/2020,SRQ,FL,ASO,ES,Towers with Radar,19,10,81,2,112,0,0,88,0,88,19,10,169,2,200,74,0,74,274
09/16/2020,SRQ,FL,ASO,ES,Towers with Radar,22,18,65,2,107,0,2,132,0,134,22,20,197,2,241,72,0,72,313
09/17/2020,SRQ,FL,ASO,ES,Towers with Radar,34,14,46,2,96,0,2,84,2,88,34,16,130,4,184,154,4,158,342
09/18/2020,SRQ,FL,ASO,ES,Towers with Radar,29,33,101,6,169,0,2,54,7,63,29,35,155,13,232,34,0,34,266
09/19/2020,SRQ,FL,ASO,ES,Towers with Radar,34,22,56,0,112,0,4,144,1,149,34,26,200,1,261,88,0,88,349
09/20/2020,SRQ,FL,ASO,ES,Towers with Radar,35,12,61,0,108,0,1,20,0,21,35,13,81,0,129,82,0,82,211
09/21/2020,SRQ,FL,ASO,ES,Towers with Radar,30,7,48,0,85,0,0,39,2,41,30,7,87,2,126,34,0,34,160
09/22/2020,SRQ,FL,ASO,ES,Towers with Radar,20,24,86,2,132,0,6,104,0,110,20,30,190,2,242,67,0,67,309
09/23/2020,SRQ,FL,ASO,ES,Towers with Radar,21,20,85,6,132,0,4,134,1,139,21,24,219,7,271,153,0,153,424
09/24/2020,SRQ,FL,ASO,ES,Towers with Radar,35,30,107,22,194,0,3,111,2,116,35,33,218,24,310,74,0,74,384
09/25/2020,SRQ,FL,ASO,ES,Towers with Radar,30,24,93,0,147,0,0,67,4,71,30,24,160,4,218,60,0,60,278
09/26/2020,SRQ,FL,ASO,ES,Towers with Radar,34,19,56,0,109,0,2,108,0,110,34,21,164,0,219,212,0,212,431
09/27/2020,SRQ,FL,ASO,ES,Towers with Radar,38,28,59,0,125,0,0,60,2,62,38,28,119,2,187,120,0,120,307
09/28/2020,SRQ,FL,ASO,ES,Towers with Radar,30,24,71,4,129,0,2,50,0,52,30,26,121,4,181,56,0,56,237
09/29/2020,SRQ,FL,ASO,ES,Towers with Radar,20,17,63,10,110,0,0,70,0,70,20,17,133,10,180,124,0,124,304
09/30/2020,SRQ,FL,ASO,ES,Towers with Radar,23,24,61,0,108,0,0,93,10,103,23,24,154,10,211,152,6,158,369
10/01/2020,SRQ,FL,ASO,ES,Towers with Radar,48,24,95,1,168,0,0,98,5,103,48,24,193,6,271,152,4,156,427
10/02/2020,SRQ,FL,ASO,ES,Towers with Radar,40,31,60,4,135,0,1,73,0,74,40,32,133,4,209,50,0,50,259
10/03/2020,SRQ,FL,ASO,ES,Towers with Radar,44,18,61,0,123,0,1,74,0,75,44,19,135,0,198,100,0,100,298
10/04/2020,SRQ,FL,ASO,ES,Towers with Radar,56,29,67,0,152,0,0,5,0,5,56,29,72,0,157,0,0,0,157
10/05/2020,SRQ,FL,ASO,ES,Towers with Radar,40,14,97,4,155,0,0,45,0,45,40,14,142,4,200,44,0,44,244
10/06/2020,SRQ,FL,ASO,ES,Towers with Radar,29,26,107,10,172,0,0,99,11,110,29,26,206,21,282,14,8,22,304
10/07/2020,SRQ,FL,ASO,ES,Towers with Radar,29,37,98,2,166,0,4,95,2,101,29,41,193,4,267,88,0,88,355
10/08/2020,SRQ,FL,ASO,ES,Towers with Radar,53,16,104,1,174,0,2,125,1,128,53,18,229,2,302,46,1,47,349
10/09/2020,SRQ,FL,ASO,ES,Towers with Radar,40,20,101,0,161,0,0,117,2,119,40,20,218,2,280,116,0,116,396
10/10/2020,SRQ,FL,ASO,ES,Towers with Radar,50,28,66,0,144,1,0,88,0,89,51,28,154,0,233,68,0,68,301
10/11/2020,SRQ,FL,ASO,ES,Towers with Radar,46,26,50,0,122,0,0,48,0,48,46,26,98,0,170,56,0,56,226
10/12/2020,SRQ,FL,ASO,ES,Towers with Radar,42,26,82,0,150,0,2,92,0,94,42,28,174,0,244,66,0,66,310
10/13/2020,SRQ,FL,ASO,ES,Towers with Radar,30,33,84,3,150,0,3,114,4,121,30,36,198,7,271,167,0,167,438
10/14/2020,SRQ,FL,ASO,ES,Towers with Radar,30,30,63,0,123,0,3,137,0,140,30,33,200,0,263,116,0,116,379
10/15/2020,SRQ,FL,ASO,ES,Towers with Radar,51,42,84,2,179,0,7,132,4,143,51,49,216,6,322,104,0,104,426
10/16/2020,SRQ,FL,ASO,ES,Towers with Radar,41,31,83,7,162,0,1,102,2,105,41,32,185,9,267,104,0,104,371
10/17/2020,SRQ,FL,ASO,ES,Towers with Radar,50,30,67,4,151,0,0,87,0,87,50,30,154,4,238,102,0,102,340
10/18/2020,SRQ,FL,ASO,ES,Towers with Radar,52,30,67,4,153,0,0,42,2,44,52,30,109,6,197,84,0,84,281
10/19/2020,SRQ,FL,ASO,ES,Towers with Radar,38,26,60,2,126,0,0,39,0,39,38,26,99,2,165,30,0,30,195
10/20/2020,SRQ,FL,ASO,ES,Towers with Radar,29,31,58,6,124,0,0,71,2,73,29,31,129,8,197,67,0,67,264
10/21/2020,SRQ,FL,ASO,ES,Towers with Radar,31,27,81,0,139,0,0,64,0,64,31,27,145,0,203,54,0,54,257
10/22/2020,SRQ,FL,ASO,ES,Towers with Radar,55,37,99,2,193,0,5,98,2,105,55,42,197,4,298,94,0,94,392
10/23/2020,SRQ,FL,ASO,ES,Towers with Radar,39,27,76,0,142,0,8,107,2,117,39,35,183,2,259,86,0,86,345
10/24/2020,SRQ,FL,ASO,ES,Towers with Radar,49,38,59,1,147,0,13,106,16,135,49,51,165,17,282,80,22,102,384
10/25/2020,SRQ,FL,ASO,ES,Towers with Radar,49,28,93,6,176,2,2,45,0,49,51,30,138,6,225,48,0,48,273
10/26/2020,SRQ,FL,ASO,ES,Towers with Radar,39,25,77,0,141,0,2,87,2,91,39,27,164,2,232,52,0,52,284
10/27/2020,SRQ,FL,ASO,ES,Towers with Radar,27,28,72,6,133,0,0,103,0,103,27,28,175,6,236,126,0,126,362
10/28/2020,SRQ,FL,ASO,ES,Towers with Radar,30,29,86,10,155,0,3,109,1,113,30,32,195,11,268,34,0,34,302
10/29/2020,SRQ,FL,ASO,ES,Towers with Radar,51,19,105,3,178,0,0,83,0,83,51,19,188,3,261,122,0,122,383
10/30/2020,SRQ,FL,ASO,ES,Towers with Radar,39,29,73,0,141,0,3,125,0,128,39,32,198,0,269,111,0,111,380
10/31/2020,SRQ,FL,ASO,ES,Towers with Radar,41,29,78,0,148,0,6,108,0,114,41,35,186,0,262,138,0,138,400
11/01/2020,SRQ,FL,ASO,ES,Towers with Radar,46,30,50,0,126,0,0,122,0,122,46,30,172,0,248,123,0,123,371
11/02/2020,SRQ,FL,ASO,ES,Towers with Radar,42,28,47,0,117,0,0,76,0,76,42,28,123,0,193,32,0,32,225
11/03/2020,SRQ,FL,ASO,ES,Towers with Radar,18,29,79,5,131,0,3,98,11,112,18,32,177,16,243,90,0,90,333
11/04/2020,SRQ,FL,ASO,ES,Towers with Radar,34,31,59,5,129,0,2,82,0,84,34,33,141,5,213,90,0,90,303
11/05/2020,SRQ,FL,ASO,ES,Towers with Radar,54,28,97,0,179,0,5,115,3,123,54,33,212,3,302,80,0,80,382
11/06/2020,SRQ,FL,ASO,ES,Towers with Radar,47,31,76,2,156,1,5,116,3,125,48,36,192,5,281,72,22,94,375
11/07/2020,SRQ,FL,ASO,ES,Towers with Radar,46,28,67,0,141,0,0,56,0,56,46,28,123,0,197,0,0,0,197
11/08/2020,SRQ,FL,ASO,ES,Towers with Radar,57,45,43,0,145,0,0,10,0,10,57,45,53,0,155,16,0,16,171
11/09/2020,SRQ,FL,ASO,ES,Towers with Radar,52,17,25,4,98,0,0,2,0,2,52,17,27,4,100,2,0,2,102
11/10/2020,SRQ,FL,ASO,ES,Towers with Radar,24,19,36,2,81,0,0,12,4,16,24,19,48,6,97,41,0,41,138
11/11/2020,SRQ,FL,ASO,ES,Towers with Radar,20,8,12,0,40,0,0,0,0,0,20,8,12,0,40,0,0,0,40
11/12/2020,SRQ,FL,ASO,ES,Towers with Radar,52,43,57,0,152,0,1,26,0,27,52,44,83,0,179,42,0,42,221
11/13/2020,SRQ,FL,ASO,ES,Towers with Radar,50,32,95,0,177,1,0,148,1,150,51,32,243,1,327,133,0,133,460
11/14/2020,SRQ,FL,ASO,ES,Towers with Radar,48,33,87,0,168,0,0,164,0,164,48,33,251,0,332,116,0,116,448
11/15/2020,SRQ,FL,ASO,ES,Towers with Radar,56,34,72,0,162,0,0,136,3,139,56,34,208,3,301,82,0,82,383
11/16/2020,SRQ,FL,ASO,ES,Towers with Radar,47,30,93,5,175,0,0,123,0,123,47,30,216,5,298,142,0,142,440
11/17/2020,SRQ,FL,ASO,ES,Towers with Radar,24,26,54,1,105,0,4,144,1,149,24,30,198,2,254,70,0,70,324
11/18/2020,SRQ,FL,ASO,ES,Towers with Radar,29,47,96,0,172,0,3,97,0,100,29,50,193,0,272,24,0,24,296
11/19/2020,SRQ,FL,ASO,ES,Towers with Radar,53,34,88,2,177,0,0,92,0,92,53,34,180,2,269,63,0,63,332
11/20/2020,SRQ,FL,ASO,ES,Towers with Radar,63,50,114,0,227,0,7,140,7,154,63,57,254,7,381,174,0,174,555
11/21/2020,SRQ,FL,ASO,ES,Towers with Radar,61,36,121,0,218,1,0,39,0,40,62,36,160,0,258,28,0,28,286
11/22/2020,SRQ,FL,ASO,ES,Towers with Radar,62,52,79,0,193,0,0,63,0,63,62,52,142,0,256,30,0,30,286
11/23/2020,SRQ,FL,ASO,ES,Towers with Radar,58,31,123,1,213,0,4,93,16,113,58,35,216,17,326,31,0,31,357
11/24/2020,SRQ,FL,ASO,ES,Towers with Radar,64,29,108,0,201,0,3,160,0,163,64,32,268,0,364,146,0,146,510
11/25/2020,SRQ,FL,ASO,ES,Towers with Radar,69,23,78,0,170,0,0,124,0,124,69,23,202,0,294,112,0,112,406
11/26/2020,SRQ,FL,ASO,ES,Towers with Radar,23,13,8,0,44,0,0,43,0,43,23,13,51,0,87,12,0,12,99
11/27/2020,SRQ,FL,ASO,ES,Towers with Radar,42,21,73,0,136,0,1,98,2,101,42,22,171,2,237,96,0,96,333
11/28/2020,SRQ,FL,ASO,ES,Towers with Radar,69,47,88,0,204,0,4,153,0,157,69,51,241,0,361,86,0,86,447
11/29/2020,SRQ,FL,ASO,ES,Towers with Radar,66,66,130,0,262,3,1,99,0,103,69,67,229,0,365,36,0,36,401
11/30/2020,SRQ,FL,ASO,ES,Towers with Radar,54,39,82,6,181,0,0,24,6,30,54,39,106,12,211,23,6,29,240
12/01/2020,SRQ,FL,ASO,ES,Towers with Radar,36,38,100,30,204,0,4,96,0,100,36,42,196,30,304,52,14,66,370
12/02/2020,SRQ,FL,ASO,ES,Towers with Radar,38,28,107,0,173,0,2,133,0,135,38,30,240,0,308,66,0,66,374
12/03/2020,SRQ,FL,ASO,ES,Towers with Radar,53,33,70,0,156,0,1,135,3,139,53,34,205,3,295,50,2,52,347
12/04/2020,SRQ,FL,ASO,ES,Towers with Radar,56,27,70,24,177,0,2,82,2,86,56,29,152,26,263,82,10,92,355
12/05/2020,SRQ,FL,ASO,ES,Towers with Radar,57,30,66,6,159,1,1,57,0,59,58,31,123,6,218,34,0,34,252
12/06/2020,SRQ,FL,ASO,ES,Towers with Radar,54,39,72,2,167,0,0,117,0,117,54,39,189,2,284,68,0,68,352
12/07/2020,SRQ,FL,ASO,ES,Towers with Radar,56,21,54,2,133,0,6,13,8,27,56,27,67,10,160,30,8,38,198
12/08/2020,SRQ,FL,ASO,ES,Towers with Radar,32,22,78,4,136,0,6,135,5,146,32,28,213,9,282,61,0,61,343
12/09/2020,SRQ,FL,ASO,ES,Towers with Radar,34,17,81,5,137,0,4,142,0,146,34,21,223,5,283,112,0,112,395
12/10/2020,SRQ,FL,ASO,ES,Towers with Radar,55,36,96,4,191,0,4,175,0,179,55,40,271,4,370,66,0,66,436
12/11/2020,SRQ,FL,ASO,ES,Towers with Radar,57,25,76,6,164,2,0,144,0,146,59,25,220,6,310,132,0,132,442
12/12/2020,SRQ,FL,ASO,ES,Towers with Radar,58,22,74,18,172,0,0,97,0,97,58,22,171,18,269,83,0,83,352
12/13/2020,SRQ,FL,ASO,ES,Towers with Radar,56,23,98,0,177,0,1,79,0,80,56,24,177,0,257,108,0,108,365
12/14/2020,SRQ,FL,ASO,ES,Towers with Radar,58,24,88,0,170,0,1,52,0,53,58,25,140,0,223,64,0,64,287
12/15/2020,SRQ,FL,ASO,ES,Towers with Radar,30,32,106,4,172,0,1,83,2,86,30,33,189,6,258,170,0,170,428
12/16/2020,SRQ,FL,ASO,ES,Towers with Radar,33,35,49,0,117,0,1,57,2,60,33,36,106,2,177,86,0,86,263
12/17/2020,SRQ,FL,ASO,ES,Towers with Radar,47,46,82,4,179,0,6,81,6,93,47,52,163,10,272,88,4,92,364
12/18/2020,SRQ,FL,ASO,ES,Towers with Radar,84,19,87,0,190,0,2,133,0,135,84,21,220,0,325,104,0,104,429
12/19/2020,SRQ,FL,ASO,ES,Towers with Radar,79,47,103,0,229,0,2,127,0,129,79,49,230,0,358,128,0,128,486
12/20/2020,SRQ,FL,ASO,ES,Towers with Radar,73,28,70,0,171,0,0,49,0,49,73,28,119,0,220,24,0,24,244
12/21/2020,SRQ,FL,ASO,ES,Towers with Radar,79,22,86,0,187,0,0,139,2,141,79,22,225,2,328,178,0,178,506
12/22/2020,SRQ,FL,ASO,ES,Towers with Radar,69,28,76,0,173,0,5,173,1,179,69,33,249,1,352,143,0,143,495
12/23/2020,SRQ,FL,ASO,ES,Towers with Radar,77,36,93,0,206,0,5,145,2,152,77,41,238,2,358,120,0,120,478
12/24/2020,SRQ,FL,ASO,ES,Towers with Radar,70,21,20,0,111,0,0,69,0,69,70,21,89,0,180,72,0,72,252
12/25/2020,SRQ,FL,ASO,ES,Towers with Radar,37,28,16,0,81,0,0,12,0,12,37,28,28,0,93,0,0,0,93
12/26/2020,SRQ,FL,ASO,ES,Towers with Radar,75,61,159,0,295,1,0,98,0,99,76,61,257,0,394,22,0,22,416
12/27/2020,SRQ,FL,ASO,ES,Towers with Radar,85,65,114,1,265,0,0,99,1,100,85,65,213,2,365,30,0,30,395
12/28/2020,SRQ,FL,ASO,ES,Towers with Radar,79,66,75,7,227,2,7,134,4,147,81,73,209,11,374,70,4,74,448
12/29/2020,SRQ,FL,ASO,ES,Towers with Radar,68,40,123,0,231,0,4,156,0,160,68,44,279,0,391,128,0,128,519
12/30/2020,SRQ,FL,ASO,ES,Towers with Radar,74,40,93,0,207,1,2,107,0,110,75,42,200,0,317,116,0,116,433
12/31/2020,SRQ,FL,ASO,ES,Towers with Radar,69,26,40,0,135,0,0,92,0,92,69,26,132,0,227,28,0,28,255
01/01/2021,SRQ,FL,ASO,ES,Towers with Radar,55,34,58,0,147,0,6,52,0,58,55,40,110,0,205,70,0,70,275
01/02/2021,SRQ,FL,ASO,ES,Towers with Radar,81,46,132,0,259,0,0,27,0,27,81,46,159,0,286,0,0,0,286
01/03/2021,SRQ,FL,ASO,ES,Towers with Radar,85,48,125,0,258,0,0,23,0,23,85,48,148,0,281,18,0,18,299
01/04/2021,SRQ,FL,ASO,ES,Towers with Radar,68,40,95,0,203,0,2,103,2,107,68,42,198,2,310,112,0,112,422
01/05/2021,SRQ,FL,ASO,ES,Towers with Radar,41,42,76,0,159,0,2,123,4,129,41,44,199,4,288,82,0,82,370
01/06/2021,SRQ,FL,ASO,ES,Towers with Radar,45,31,82,1,159,0,6,139,2,147,45,37,221,3,306,112,4,116,422
01/07/2021,SRQ,FL,ASO,ES,Towers with Radar,70,32,81,2,185,0,1,116,0,117,70,33,197,2,302,80,0,80,382
01/08/2021,SRQ,FL,ASO,ES,Towers with Radar,64,48,81,1,194,0,4,100,6,110,64,52,181,7,304,64,0,64,368
01/09/2021,SRQ,FL,ASO,ES,Towers with Radar,56,38,74,0,168,0,0,113,0,113,56,38,187,0,281,116,0,116,397
01/10/2021,SRQ,FL,ASO,ES,Towers with Radar,71,35,84,0,190,0,0,123,4,127,71,35,207,4,317,46,0,46,363
01/11/2021,SRQ,FL,ASO,ES,Towers with Radar,65,28,89,16,198,0,3,111,4,118,65,31,200,20,316,101,0,101,417
01/12/2021,SRQ,FL,ASO,ES,Towers with Radar,39,34,109,11,193,0,0,28,1,29,39,34,137,12,222,156,0,156,378
01/13/2021,SRQ,FL,ASO,ES,Towers with Radar,44,31,87,15,177,1,0,33,3,37,45,31,120,18,214,100,0,100,314
01/14/2021,SRQ,FL,ASO,ES,Towers with Radar,69,32,91,3,195,0,0,157,15,172,69,32,248,18,367,172,0,172,539
01/15/2021,SRQ,FL,ASO,ES,Towers with Radar,66,44,117,6,233,0,0,126,8,134,66,44,243,14,367,36,8,44,411
01/16/2021,SRQ,FL,ASO,ES,Towers with Radar,54,48,64,0,166,1,0,103,0,104,55,48,167,0,270,88,0,88,358
01/17/2021,SRQ,FL,ASO,ES,Towers with Radar,69,25,87,0,181,0,0,142,0,142,69,25,229,0,323,227,0,227,550
01/18/2021,SRQ,FL,ASO,ES,Towers with Radar,68,48,105,0,221,0,6,176,0,182,68,54,281,0,403,80,0,80,483
01/19/2021,SRQ,FL,ASO,ES,Towers with Radar,37,27,83,13,160,0,6,154,2,162,37,33,237,15,322,105,0,105,427
01/20/2021,SRQ,FL,ASO,ES,Towers with Radar,46,26,61,26,159,0,3,177,0,180,46,29,238,26,339,102,18,120,459
01/21/2021,SRQ,FL,ASO,ES,Towers with Radar,71,25,106,6,208,0,4,159,4,167,71,29,265,10,375,124,2,126,501
01/22/2021,SRQ,FL,ASO,ES,Towers with Radar,67,39,105,4,215,1,4,166,0,171,68,43,271,4,386,152,0,152,538
01/23/2021,SRQ,FL,ASO,ES,Towers with Radar,49,27,80,4,160,0,0,86,0,86,49,27,166,4,246,76,0,76,322
01/24/2021,SRQ,FL,ASO,ES,Towers with Radar,75,37,58,4,174,0,2,61,2,65,75,39,119,6,239,40,0,40,279
01/25/2021,SRQ,FL,ASO,ES,Towers with Radar,67,32,86,16,201,0,0,111,10,121,67,32,197,26,322,120,15,135,457
01/26/2021,SRQ,FL,ASO,ES,Towers with Radar,37,18,99,23,177,0,0,163,3,166,37,18,262,26,343,183,10,193,536
01/27/2021,SRQ,FL,ASO,ES,Towers with Radar,51,22,86,7,166,0,0,32,0,32,51,22,118,7,198,22,0,22,220
01/28/2021,SRQ,FL,ASO,ES,Towers with Radar,62,28,97,4,191,0,0,125,8,133,62,28,222,12,324,40,22,62,386
01/29/2021,SRQ,FL,ASO,ES,Towers with Radar,66,33,88,1,188,1,2,185,0,188,67,35,273,1,376,130,0,130,506
01/30/2021,SRQ,FL,ASO,ES,Towers with Radar,53,40,103,1,197,1,0,179,0,180,54,40,282,1,377,70,0,70,447
01/31/2021,SRQ,FL,ASO,ES,Towers with Radar,65,46,73,0,184,0,0,106,0,106,65,46,179,0,290,22,0,22,312
02/01/2021,SRQ,FL,ASO,ES,Towers with Radar,58,29,56,7,150,0,0,20,1,21,58,29,76,8,171,6,0,6,177
02/02/2021,SRQ,FL,ASO,ES,Towers with Radar,36,20,74,10,140,0,0,44,3,47,36,20,118,13,187,3,0,3,190
02/03/2021,SRQ,FL,ASO,ES,Towers with Radar,44,29,92,0,165,0,1,169,0,170,44,30,261,0,335,38,0,38,373
02/04/2021,SRQ,FL,ASO,ES,Towers with Radar,69,35,82,0,186,0,7,185,4,196,69,42,267,4,382,74,0,74,456
02/05/2021,SRQ,FL,ASO,ES,Towers with Radar,69,36,90,0,195,0,3,123,0,126,69,39,213,0,321,76,0,76,397
02/06/2021,SRQ,FL,ASO,ES,Towers with Radar,57,37,56,0,150,0,0,35,0,35,57,37,91,0,185,42,0,42,227
02/07/2021,SRQ,FL,ASO,ES,Towers with Radar,69,29,45,0,143,0,0,17,0,17,69,29,62,0,160,14,0,14,174
02/08/2021,SRQ,FL,ASO,ES,Towers with Radar,70,44,122,2,238,0,0,72,0,72,70,44,194,2,310,140,0,140,450
02/09/2021,SRQ,FL,ASO,ES,Towers with Radar,40,30,94,0,164,0,0,69,0,69,40,30,163,0,233,72,0,72,305
02/10/2021,SRQ,FL,ASO,ES,Towers with Radar,52,35,101,2,190,0,1,165,0,166,52,36,266,2,356,0,0,0,356
02/11/2021,SRQ,FL,ASO,ES,Towers with Radar,73,45,117,18,253,0,2,146,23,171,73,47,263,41,424,94,28,122,546
02/12/2021,SRQ,FL,ASO,ES,Towers with Radar,80,38,95,13,226,0,0,183,4,187,80,38,278,17,413,128,6,134,547
02/13/2021,SRQ,FL,ASO,ES,Towers with Radar,70,45,74,0,189,1,2,73,2,78,71,47,147,2,267,134,0,134,401
02/14/2021,SRQ,FL,ASO,ES,Towers with Radar,88,35,64,1,188,0,0,21,0,21,88,35,85,1,209,32,0,32,241
02/15/2021,SRQ,FL,ASO,ES,Towers with Radar,80,44,99,0,223,0,2,58,0,60,80,46,157,0,283,6,0,6,289
02/16/2021,SRQ,FL,ASO,ES,Towers with Radar,45,41,129,14,229,0,0,82,2,84,45,41,211,16,313,114,0,114,427
02/17/2021,SRQ,FL,ASO,ES,Towers with Radar,60,33,138,10,241,0,0,21,0,21,60,33,159,10,262,36,6,42,304
02/18/2021,SRQ,FL,ASO,ES,Towers with Radar,69,24,105,0,198,0,4,92,0,96,69,28,197,0,294,48,0,48,342
02/19/2021,SRQ,FL,ASO,ES,Towers with Radar,92,32,87,0,211,0,0,4,0,4,92,32,91,0,215,20,0,20,235
02/20/2021,SRQ,FL,ASO,ES,Towers with Radar,84,58,105,7,254,0,0,206,3,209,84,58,311,10,463,32,0,32,495
02/21/2021,SRQ,FL,ASO,ES,Towers with Radar,93,57,114,0,264,0,0,114,0,114,93,57,228,0,378,47,0,47,425
02/22/2021,SRQ,FL,ASO,ES,Towers with Radar,92,45,124,12,273,0,5,108,0,113,92,50,232,12,386,49,0,49,435
02/23/2021,SRQ,FL,ASO,ES,Towers with Radar,52,32,119,2,205,0,6,194,13,213,52,38,313,15,418,60,20,80,498
02/24/2021,SRQ,FL,ASO,ES,Towers with Radar,61,48,104,13,226,1,5,161,10,177,62,53,265,23,403,70,20,90,493
02/25/2021,SRQ,FL,ASO,ES,Towers with Radar,85,28,105,5,223,0,2,220,5,227,85,30,325,10,450,243,8,251,701
02/26/2021,SRQ,FL,ASO,ES,Towers with Radar,86,48,86,1,221,0,6,192,2,200,86,54,278,3,421,64,0,64,485
02/27/2021,SRQ,FL,ASO,ES,Towers with Radar,91,46,94,0,231,1,1,168,0,170,92,47,262,0,401,116,0,116,517
02/28/2021,SRQ,FL,ASO,ES,Towers with Radar,99,65,96,0,260,0,0,128,2,130,99,65,224,2,390,16,0,16,406
03/01/2021,SRQ,FL,ASO,ES,Towers with Radar,98,49,105,0,252,1,2,106,0,109,99,51,211,0,361,67,0,67,428
03/02/2021,SRQ,FL,ASO,ES,Towers with Radar,57,31,123,0,211,0,0,105,3,108,57,31,228,3,319,164,0,164,483
03/03/2021,SRQ,FL,ASO,ES,Towers with Radar,68,40,101,15,224,0,0,59,5,64,68,40,160,20,288,68,8,76,364
03/04/2021,SRQ,FL,ASO,ES,Towers with Radar,104,56,86,2,248,0,1,153,3,157,104,57,239,5,405,160,0,160,565
03/05/2021,SRQ,FL,ASO,ES,Towers with Radar,104,41,114,0,259,3,8,180,0,191,107,49,294,0,450,104,0,104,554
03/06/2021,SRQ,FL,ASO,ES,Towers with Radar,98,37,84,0,219,0,0,29,0,29,98,37,113,0,248,8,0,8,256
03/07/2021,SRQ,FL,ASO,ES,Towers with Radar,106,32,127,0,265,2,2,112,0,116,108,34,239,0,381,81,0,81,462
03/08/2021,SRQ,FL,ASO,ES,Towers with Radar,104,44,80,1,229,0,0,124,3,127,104,44,204,4,356,80,0,80,436
03/09/2021,SRQ,FL,ASO,ES,Towers with Radar,70,41,87,0,198,0,3,122,2,127,70,44,209,2,325,70,0,70,395
03/10/2021,SRQ,FL,ASO,ES,Towers with Radar,79,39,111,1,230,0,8,163,4,175,79,47,274,5,405,0,0,0,405
03/11/2021,SRQ,FL,ASO,ES,Towers with Radar,106,32,125,0,263,0,3,181,0,184,106,35,306,0,447,178,0,178,625
03/12/2021,SRQ,FL,ASO,ES,Towers with Radar,105,47,111,4,267,1,8,156,0,165,106,55,267,4,432,84,0,84,516
03/13/2021,SRQ,FL,ASO,ES,Towers with Radar,113,65,129,0,307,1,6,179,4,190,114,71,308,4,497,82,0,82,579
03/14/2021,SRQ,FL,ASO,ES,Towers with Radar,108,40,105,2,255,3,1,128,3,135,111,41,233,5,390,120,0,120,510
03/15/2021,SRQ,FL,ASO,ES,Towers with Radar,101,47,92,10,250,5,5,130,3,143,106,52,222,13,393,94,4,98,491
03/16/2021,SRQ,FL,ASO,ES,Towers with Radar,84,25,73,16,198,0,0,149,5,154,84,25,222,21,352,124,6,130,482
03/17/2021,SRQ,FL,ASO,ES,Towers with Radar,89,42,112,16,259,1,2,149,11,163,90,44,261,27,422,60,36,96,518
03/18/2021,SRQ,FL,ASO,ES,Towers with Radar,113,29,109,1,252,0,2,29,2,33,113,31,138,3,285,0,0,0,285
03/19/2021,SRQ,FL,ASO,ES,Towers with Radar,108,58,124,5,295,4,4,125,0,133,112,62,249,5,428,51,0,51,479
03/20/2021,SRQ,FL,ASO,ES,Towers with Radar,112,77,132,0,321,1,1,123,0,125,113,78,255,0,446,24,0,24,470
03/21/2021,SRQ,FL,ASO,ES,Towers with Radar,114,41,151,1,307,0,0,50,0,50,114,41,201,1,357,116,0,116,473
03/22/2021,SRQ,FL,ASO,ES,Towers with Radar,109,43,104,12,268,1,1,35,0,37,110,44,139,12,305,36,6,42,347
03/23/2021,SRQ,FL,ASO,ES,Towers with Radar,87,38,113,6,244,0,4,133,0,137,87,42,246,6,381,36,0,36,417
03/24/2021,SRQ,FL,ASO,ES,Towers with Radar,90,39,121,6,256,1,2,145,0,148,91,41,266,6,404,179,2,181,585
03/25/2021,SRQ,FL,ASO,ES,Towers with Radar,105,24,121,13,263,0,2,124,2,128,105,26,245,15,391,84,0,84,475
03/26/2021,SRQ,FL,ASO,ES,Towers with Radar,109,41,124,7,281,0,1,123,4,128,109,42,247,11,409,72,0,72,481
03/27/2021,SRQ,FL,ASO,ES,Towers with Radar,113,85,139,0,337,1,4,172,0,177,114,89,311,0,514,70,0,70,584
03/28/2021,SRQ,FL,ASO,ES,Towers with Radar,109,58,108,3,278,0,0,101,5,106,109,58,209,8,384,42,0,42,426
03/29/2021,SRQ,FL,ASO,ES,Towers with Radar,107,40,93,9,249,0,1,50,3,54,107,41,143,12,303,102,0,102,405
03/30/2021,SRQ,FL,ASO,ES,Towers with Radar,85,37,76,7,205,0,0,104,3,107,85,37,180,10,312,96,4,100,412
03/31/2021,SRQ,FL,ASO,ES,Towers with Radar,92,42,101,3,238,0,0,98,0,98,92,42,199,3,336,119,0,119,455
04/01/2021,SRQ,FL,ASO,ES,Towers with Radar,108,51,129,15,303,0,2,47,4,53,108,53,176,19,356,40,0,40,396
04/02/2021,SRQ,FL,ASO,ES,Towers with Radar,112,54,108,0,274,0,0,134,0,134,112,54,242,0,408,70,0,70,478
04/03/2021,SRQ,FL,ASO,ES,Towers with Radar,122,68,103,0,293,0,0,136,0,136,122,68,239,0,429,68,0,68,497
04/04/2021,SRQ,FL,ASO,ES,Towers with Radar,107,45,66,5,223,0,1,106,3,110,107,46,172,8,333,43,0,43,376
04/05/2021,SRQ,FL,ASO,ES,Towers with Radar,107,48,101,7,263,0,9,101,1,111,107,57,202,8,374,78,0,78,452
04/06/2021,SRQ,FL,ASO,ES,Towers with Radar,82,55,91,4,232,0,5,174,1,180,82,60,265,5,412,60,0,60,472
04/07/2021,SRQ,FL,ASO,ES,Towers with Radar,90,36,97,5,228,0,4,154,2,160,90,40,251,7,388,53,0,53,441
04/08/2021,SRQ,FL,ASO,ES,Towers with Radar,109,51,111,12,283,0,4,181,1,186,109,55,292,13,469,146,16,162,631
04/09/2021,SRQ,FL,ASO,ES,Towers with Radar,109,55,118,0,282,0,2,150,0,152,109,57,268,0,434,108,0,108,542
04/10/2021,SRQ,FL,ASO,ES,Towers with Radar,121,64,97,0,282,0,1,74,2,77,121,65,171,2,359,32,0,32,391
04/11/2021,SRQ,FL,ASO,ES,Towers with Radar,84,47,62,0,193,0,0,12,0,12,84,47,74,0,205,0,0,0,205
04/12/2021,SRQ,FL,ASO,ES,Towers with Radar,100,52,138,0,290,0,0,98,0,98,100,52,236,0,388,60,0,60,448
04/13/2021,SRQ,FL,ASO,ES,Towers with Radar,84,28,98,4,214,0,2,184,1,187,84,30,282,5,401,205,2,207,608
04/14/2021,SRQ,FL,ASO,ES,Towers with Radar,77,38,82,0,197,0,1,116,0,117,77,39,198,0,314,102,0,102,416
04/15/2021,SRQ,FL,ASO,ES,Towers with Radar,106,55,137,3,301,0,4,109,8,121,106,59,246,11,422,126,4,130,552
04/16/2021,SRQ,FL,ASO,ES,Towers with Radar,104,44,104,4,256,0,0,112,1,113,104,44,216,5,369,96,0,96,465
04/17/2021,SRQ,FL,ASO,ES,Towers with Radar,100,70,69,0,239,0,0,99,0,99,100,70,168,0,338,78,0,78,416
04/18/2021,SRQ,FL,ASO,ES,Towers with Radar,106,41,121,0,268,0,0,50,0,50,106,41,171,0,318,46,0,46,364
04/19/2021,SRQ,FL,ASO,ES,Towers with Radar,102,30,82,0,214,0,0,16,0,16,102,30,98,0,230,52,0,52,282
04/20/2021,SRQ,FL,ASO,ES,Towers with Radar,84,19,57,4,164,0,0,16,0,16,84,19,73,4,180,0,0,0,180
04/21/2021,SRQ,FL,ASO,ES,Towers with Radar,75,40,100,0,215,0,8,144,2,154,75,48,244,2,369,158,0,158,527
04/22/2021,SRQ,FL,ASO,ES,Towers with Radar,106,37,125,3,271,0,4,189,5,198,106,41,314,8,469,96,0,96,565
04/23/2021,SRQ,FL,ASO,ES,Towers with Radar,103,48,111,2,264,0,2,184,1,187,103,50,295,3,451,58,0,58,509
04/24/2021,SRQ,FL,ASO,ES,Towers with Radar,95,34,63,0,192,0,0,87,0,87,95,34,150,0,279,16,0,16,295
04/25/2021,SRQ,FL,ASO,ES,Towers with Radar,115,57,115,0,287,0,0,31,0,31,115,57,146,0,318,21,0,21,339
04/26/2021,SRQ,FL,ASO,ES,Towers with Radar,100,44,95,8,247,0,1,143,2,146,100,45,238,10,393,136,0,136,529
04/27/2021,SRQ,FL,ASO,ES,Towers with Radar,80,37,85,5,207,0,4,169,15,188,80,41,254,20,395,191,0,191,586
04/28/2021,SRQ,FL,ASO,ES,Towers with Radar,71,34,90,1,196,0,1,158,0,159,71,35,248,1,355,190,0,190,545
04/29/2021,SRQ,FL,ASO,ES,Towers with Radar,103,33,92,0,228,0,2,197,2,201,103,35,289,2,429,186,0,186,615
04/30/2021,SRQ,FL,ASO,ES,Towers with Radar,96,51,109,0,256,0,0,141,2,143,96,51,250,2,399,116,0,116,515
05/01/2021,SRQ,FL,ASO,ES,Towers with Radar,93,36,60,2,191,0,6,97,0,103,93,42,157,2,294,244,0,244,538
05/02/2021,SRQ,FL,ASO,ES,Towers with Radar,104,31,91,0,226,0,0,137,3,140,104,31,228,3,366,137,0,137,503
05/03/2021,SRQ,FL,ASO,ES,Towers with Radar,93,32,82,2,209,0,1,97,0,98,93,33,179,2,307,59,0,59,366
05/04/2021,SRQ,FL,ASO,ES,Towers with Radar,74,27,68,22,191,0,0,121,0,121,74,27,189,22,312,135,16,151,463
05/05/2021,SRQ,FL,ASO,ES,Towers with Radar,71,25,93,4,193,0,0,120,0,120,71,25,213,4,313,144,2,146,459
05/06/2021,SRQ,FL,ASO,ES,Towers with Radar,97,54,102,0,253,0,1,65,0,66,97,55,167,0,319,106,0,106,425
05/07/2021,SRQ,FL,ASO,ES,Towers with Radar,93,42,130,17,282,0,1,145,14,160,93,43,275,31,442,84,14,98,540
05/08/2021,SRQ,FL,ASO,ES,Towers with Radar,86,35,100,8,229,0,14,169,0,183,86,49,269,8,412,122,0,122,534
05/09/2021,SRQ,FL,ASO,ES,Towers with Radar,99,33,73,1,206,0,0,105,1,106,99,33,178,2,312,93,0,93,405
05/10/2021,SRQ,FL,ASO,ES,Towers with Radar,98,22,65,2,187,0,9,110,4,123,98,31,175,6,310,154,0,154,464
05/11/2021,SRQ,FL,ASO,ES,Towers with Radar,68,44,78,4,194,0,0,135,0,135,68,44,213,4,329,268,0,268,597
05/12/2021,SRQ,FL,ASO,ES,Towers with Radar,69,42,89,13,213,0,2,142,10,154,69,44,231,23,367,186,20,206,573
05/13/2021,SRQ,FL,ASO,ES,Towers with Radar,101,48,96,2,247,0,4,87,0,91,101,52,183,2,338,106,0,106,444
05/14/2021,SRQ,FL,ASO,ES,Towers with Radar,98,31,104,0,233,0,0,139,6,145,98,31,243,6,378,102,0,102,480
05/15/2021,SRQ,FL,ASO,ES,Towers with Radar,86,31,75,0,192,0,1,170,0,171,86,32,245,0,363,124,0,124,487
05/16/2021,SRQ,FL,ASO,ES,Towers with Radar,101,37,101,0,239,0,0,110,0,110,101,37,211,0,349,26,0,26,375
05/17/2021,SRQ,FL,ASO,ES,Towers with Radar,99,29,91,2,221,0,3,123,0,126,99,32,214,2,347,130,0,130,477
05/18/2021,SRQ,FL,ASO,ES,Towers with Radar,70,41,76,2,189,0,1,114,0,115,70,42,190,2,304,64,0,64,368
05/19/2021,SRQ,FL,ASO,ES,Towers with Radar,72,33,69,0,174,0,4,65,0,69,72,37,134,0,243,22,0,22,265
05/20/2021,SRQ,FL,ASO,ES,Towers with Radar,101,41,79,11,232,0,1,55,11,67,101,42,134,22,299,100,0,100,399
05/21/2021,SRQ,FL,ASO,ES,Towers with Radar,104,39,90,11,244,0,0,78,1,79,104,39,168,12,323,46,0,46,369
05/22/2021,SRQ,FL,ASO,ES,Towers with Radar,88,34,84,5,211,0,1,114,5,120,88,35,198,10,331,52,8,60,391
05/23/2021,SRQ,FL,ASO,ES,Towers with Radar,100,34,91,6,231,0,0,136,2,138,100,34,227,8,369,118,0,118,487
05/24/2021,SRQ,FL,ASO,ES,Towers with Radar,96,39,79,4,218,0,7,151,0,158,96,46,230,4,376,100,0,100,476
05/25/2021,SRQ,FL,ASO,ES,Towers with Radar,76,33,81,3,193,0,3,151,3,157,76,36,232,6,350,155,0,155,505
05/26/2021,SRQ,FL,ASO,ES,Towers with Radar,75,26,102,3,206,0,1,131,1,133,75,27,233,4,339,92,0,92,431
05/27/2021,SRQ,FL,ASO,ES,Towers with Radar,100,45,90,0,235,0,2,112,5,119,100,47,202,5,354,110,4,114,468
05/28/2021,SRQ,FL,ASO,ES,Towers with Radar,97,31,94,0,222,0,3,155,0,158,97,34,249,0,380,96,0,96,476
05/29/2021,SRQ,FL,ASO,ES,Towers with Radar,95,30,69,0,194,0,0,142,0,142,95,30,211,0,336,56,0,56,392
05/30/2021,SRQ,FL,ASO,ES,Towers with Radar,100,28,35,1,164,0,0,49,1,50,100,28,84,2,214,12,0,12,226
05/31/2021,SRQ,FL,ASO,ES,Towers with Radar,94,29,74,0,197,0,0,93,0,93,94,29,167,0,290,0,0,0,290
06/01/2021,SRQ,FL,ASO,ES,Towers with Radar,78,30,88,0,196,0,2,109,0,111,78,32,197,0,307,106,0,106,413
06/02/2021,SRQ,FL,ASO,ES,Towers with Radar,85,29,74,0,188,0,2,93,0,95,85,31,167,0,283,103,0,103,386
06/03/2021,SRQ,FL,ASO,ES,Towers with Radar,97,28,75,0,200,0,0,76,0,76,97,28,151,0,276,146,0,146,422
06/04/2021,SRQ,FL,ASO,ES,Towers with Radar,95,26,63,20,204,0,0,75,1,76,95,26,138,21,280,42,10,52,332
06/05/2021,SRQ,FL,ASO,ES,Towers with Radar,99,28,75,0,202,0,0,104,0,104,99,28,179,0,306,122,0,122,428
06/06/2021,SRQ,FL,ASO,ES,Towers with Radar,104,49,81,1,235,0,1,106,1,108,104,50,187,2,343,88,4,92,435
06/07/2021,SRQ,FL,ASO,ES,Towers with Radar,97,47,72,28,244,0,0,93,3,96,97,47,165,31,340,50,18,68,408
06/08/2021,SRQ,FL,ASO,ES,Towers with Radar,79,36,72,4,191,0,1,115,1,117,79,37,187,5,308,84,0,84,392
06/09/2021,SRQ,FL,ASO,ES,Towers with Radar,84,26,98,4,212,0,0,156,0,156,84,26,254,4,368,114,0,114,482
06/10/2021,SRQ,FL,ASO,ES,Towers with Radar,100,31,91,6,228,0,2,152,3,157,100,33,243,9,385,136,0,136,521
06/11/2021,SRQ,FL,ASO,ES,Towers with Radar,96,42,98,7,243,0,0,156,12,168,96,42,254,19,411,146,20,166,577
06/12/2021,SRQ,FL,ASO,ES,Towers with Radar,109,37,68,0,214,0,2,142,3,147,109,39,210,3,361,155,0,155,516
06/13/2021,SRQ,FL,ASO,ES,Towers with Radar,112,24,91,1,228,0,1,119,0,120,112,25,210,1,348,86,0,86,434
06/14/2021,SRQ,FL,ASO,ES,Towers with Radar,101,26,69,4,200,0,0,49,0,49,101,26,118,4,249,37,0,37,286
06/15/2021,SRQ,FL,ASO,ES,Towers with Radar,81,21,74,4,180,0,0,68,2,70,81,21,142,6,250,159,2,161,411
06/16/2021,SRQ,FL,ASO,ES,Towers with Radar,89,31,52,0,172,0,0,93,9,102,89,31,145,9,274,154,0,154,428
06/17/2021,SRQ,FL,ASO,ES,Towers with Radar,102,24,95,0,221,0,0,93,0,93,102,24,188,0,314,114,0,114,428
06/18/2021,SRQ,FL,ASO,ES,Towers with Radar,95,21,93,0,209,0,4,150,0,154,95,25,243,0,363,172,0,172,535
06/19/2021,SRQ,FL,ASO,ES,Towers with Radar,109,26,70,0,205,0,0,103,0,103,109,26,173,0,308,124,0,124,432
06/20/2021,SRQ,FL,ASO,ES,Towers with Radar,104,26,59,0,189,0,0,56,0,56,104,26,115,0,245,64,0,64,309
06/21/2021,SRQ,FL,ASO,ES,Towers with Radar,93,19,73,1,186,0,1,128,4,133,93,20,201,5,319,85,0,85,404
06/22/2021,SRQ,FL,ASO,ES,Towers with Radar,87,18,67,2,174,0,0,100,0,100,87,18,167,2,274,105,0,105,379
06/23/2021,SRQ,FL,ASO,ES,Towers with Radar,93,23,91,1,208,0,0,135,21,156,93,23,226,22,364,190,0,190,554
06/24/2021,SRQ,FL,ASO,ES,Towers with Radar,105,22,72,0,199,0,0,84,8,92,105,22,156,8,291,106,16,122,413
06/25/2021,SRQ,FL,ASO,ES,Towers with Radar,97,23,101,3,224,0,0,121,1,122,97,23,222,4,346,118,0,118,464
06/26/2021,SRQ,FL,ASO,ES,Towers with Radar,103,24,87,2,216,0,3,112,0,115,103,27,199,2,331,54,0,54,385
06/27/2021,SRQ,FL,ASO,ES,Towers with Radar,106,32,87,0,225,0,2,143,0,145,106,34,230,0,370,40,0,40,410
06/28/2021,SRQ,FL,ASO,ES,Towers with Radar,96,22,92,0,210,0,0,84,6,90,96,22,176,6,300,85,12,97,397
06/29/2021,SRQ,FL,ASO,ES,Towers with Radar,88,7,78,2,175,0,2,87,2,91,88,9,165,4,266,152,4,156,422
06/30/2021,SRQ,FL,ASO,ES,Towers with Radar,87,18,72,0,177,0,0,90,1,91,87,18,162,1,268,94,0,94,362
07/01/2021,SRQ,FL,ASO,ES,Towers with Radar,104,27,102,4,237,0,1,88,1,90,104,28,190,5,327,168,0,168,495
07/02/2021,SRQ,FL,ASO,ES,Towers with Radar,97,28,73,6,204,0,4,70,2,76,97,32,143,8,280,114,0,114,394
07/03/2021,SRQ,FL,ASO,ES,Towers with Radar,112,28,59,2,201,0,6,73,1,80,112,34,132,3,281,118,0,118,399
07/04/2021,SRQ,FL,ASO,ES,Towers with Radar,102,19,48,0,169,0,0,79,0,79,102,19,127,0,248,64,0,64,312
07/05/2021,SRQ,FL,ASO,ES,Towers with Radar,103,33,67,0,203,0,0,80,0,80,103,33,147,0,283,40,0,40,323
07/06/2021,SRQ,FL,ASO,ES,Towers with Radar,50,12,36,0,98,0,0,6,0,6,50,12,42,0,104,12,0,12,116
07/07/2021,SRQ,FL,ASO,ES,Towers with Radar,75,29,30,0,134,0,0,16,0,16,75,29,46,0,150,12,0,12,162
07/08/2021,SRQ,FL,ASO,ES,Towers with Radar,109,27,104,0,240,0,2,136,3,141,109,29,240,3,381,150,0,150,531
07/09/2021,SRQ,FL,ASO,ES,Towers with Radar,96,18,74,5,193,0,4,133,0,137,96,22,207,5,330,154,0,154,484
07/10/2021,SRQ,FL,ASO,ES,Towers with Radar,107,26,63,0,196,0,2,155,2,159,107,28,218,2,355,78,0,78,433
07/11/2021,SRQ,FL,ASO,ES,Towers with Radar,96,38,69,5,208,0,2,124,5,131,96,40,193,10,339,50,8,58,397
07/12/2021,SRQ,FL,ASO,ES,Towers with Radar,103,20,68,0,191,0,5,65,3,73,103,25,133,3,264,30,2,32,296
07/13/2021,SRQ,FL,ASO,ES,Towers with Radar,86,20,77,2,185,0,0,89,0,89,86,20,166,2,274,114,0,114,388
07/14/2021,SRQ,FL,ASO,ES,Towers with Radar,91,35,93,0,219,0,0,110,5,115,91,35,203,5,334,102,0,102,436
07/15/2021,SRQ,FL,ASO,ES,Towers with Radar,97,26,66,0,189,0,2,139,0,141,97,28,205,0,330,131,0,131,461
07/16/2021,SRQ,FL,ASO,ES,Towers with Radar,97,21,74,25,217,0,0,94,6,100,97,21,168,31,317,110,6,116,433
07/17/2021,SRQ,FL,ASO,ES,Towers with Radar,104,21,62,0,187,0,0,93,0,93,104,21,155,0,280,86,0,86,366
07/18/2021,SRQ,FL,ASO,ES,Towers with Radar,100,28,87,6,221,0,5,103,1,109,100,33,190,7,330,43,0,43,373
07/19/2021,SRQ,FL,ASO,ES,Towers with Radar,92,26,75,12,205,0,4,102,3,109,92,30,177,15,314,92,8,100,414
07/20/2021,SRQ,FL,ASO,ES,Towers with Radar,88,22,89,35,234,0,0,138,3,141,88,22,227,38,375,117,19,136,511
07/21/2021,SRQ,FL,ASO,ES,Towers with Radar,92,31,73,4,200,0,0,177,3,180,92,31,250,7,380,129,0,129,509
07/22/2021,SRQ,FL,ASO,ES,Towers with Radar,100,22,84,16,222,0,2,106,0,108,100,24,190,16,330,86,4,90,420
07/23/2021,SRQ,FL,ASO,ES,Towers with Radar,96,26,56,7,185,0,0,104,0,104,96,26,160,7,289,58,0,58,347
07/24/2021,SRQ,FL,ASO,ES,Towers with Radar,107,25,56,0,188,0,1,78,0,79,107,26,134,0,267,166,0,166,433
07/25/2021,SRQ,FL,ASO,ES,Towers with Radar,105,32,77,1,215,0,0,85,0,85,105,32,162,1,300,49,0,49,349
07/26/2021,SRQ,FL,ASO,ES,Towers with Radar,91,27,62,4,184,0,0,63,0,63,91,27,125,4,247,76,0,76,323
07/27/2021,SRQ,FL,ASO,ES,Towers with Radar,81,22,46,0,149,0,0,67,2,69,81,22,113,2,218,80,0,80,298
07/28/2021,SRQ,FL,ASO,ES,Towers with Radar,98,30,85,0,213,0,0,65,0,65,98,30,150,0,278,75,0,75,353
07/29/2021,SRQ,FL,ASO,ES,Towers with Radar,101,24,61,10,196,0,0,67,2,69,101,24,128,12,265,86,0,86,351
07/30/2021,SRQ,FL,ASO,ES,Towers with Radar,99,18,123,6,246,0,6,145,6,157,99,24,268,12,403,60,0,60,463
07/31/2021,SRQ,FL,ASO,ES,Towers with Radar,102,21,64,1,188,0,9,106,0,115,102,30,170,1,303,0,0,0,303
08/01/2021,SRQ,FL,ASO,ES,Towers with Radar,100,29,75,0,204,0,0,113,4,117,100,29,188,4,321,40,0,40,361
08/02/2021,SRQ,FL,ASO,ES,Towers with Radar,98,16,63,21,198,0,3,93,1,97,98,19,156,22,295,48,14,62,357
08/03/2021,SRQ,FL,ASO,ES,Towers with Radar,83,12,36,7,138,0,0,33,4,37,83,12,69,11,175,57,8,65,240
08/04/2021,SRQ,FL,ASO,ES,Towers with Radar,82,19,68,9,178,0,0,8,7,15,82,19,76,16,193,14,46,60,253
08/05/2021,SRQ,FL,ASO,ES,Towers with Radar,97,20,67,27,211,0,0,55,0,55,97,20,122,27,266,56,6,62,328
08/06/2021,SRQ,FL,ASO,ES,Towers with Radar,93,28,77,6,204,0,2,144,2,148,93,30,221,8,352,84,0,84,436
08/07/2021,SRQ,FL,ASO,ES,Towers with Radar,101,18,54,0,173,0,0,73,0,73,101,18,127,0,246,68,0,68,314
08/08/2021,SRQ,FL,ASO,ES,Towers with Radar,95,21,53,0,169,0,2,90,0,92,95,23,143,0,261,50,0,50,311
08/09/2021,SRQ,FL,ASO,ES,Towers with Radar,87,22,55,1,165,0,0,79,3,82,87,22,134,4,247,101,4,105,352
08/10/2021,SRQ,FL,ASO,ES,Towers with Radar,76,28,56,7,167,0,0,91,9,100,76,28,147,16,267,74,8,82,349
08/11/2021,SRQ,FL,ASO,ES,Towers with Radar,78,30,74,6,188,0,4,119,0,123,78,34,193,6,311,84,0,84,395
08/12/2021,SRQ,FL,ASO,ES,Towers with Radar,91,12,53,10,166,0,0,103,4,107,91,12,156,14,273,112,0,112,385
08/13/2021,SRQ,FL,ASO,ES,Towers with Radar,89,20,63,2,174,0,0,90,0,90,89,20,153,2,264,92,0,92,356
08/14/2021,SRQ,FL,ASO,ES,Towers with Radar,101,12,37,0,150,0,0,66,0,66,101,12,103,0,216,94,0,94,310
08/15/2021,SRQ,FL,ASO,ES,Towers with Radar,92,20,28,0,140,0,0,27,0,27,92,20,55,0,167,14,0,14,181
08/16/2021,SRQ,FL,ASO,ES,Towers with Radar,86,14,61,2,163,0,0,57,0,57,86,14,118,2,220,92,0,92,312
08/17/2021,SRQ,FL,ASO,ES,Towers with Radar,73,24,76,5,178,0,0,142,1,143,73,24,218,6,321,214,0,214,535
08/18/2021,SRQ,FL,ASO,ES,Towers with Radar,76,11,59,0,146,0,0,110,1,111,76,11,169,1,257,86,0,86,343
08/19/2021,SRQ,FL,ASO,ES,Towers with Radar,88,16,57,0,161,0,4,125,3,132,88,20,182,3,293,172,0,172,465
08/20/2021,SRQ,FL,ASO,ES,Towers with Radar,86,14,69,0,169,0,0,98,4,102,86,14,167,4,271,112,0,112,383
08/21/2021,SRQ,FL,ASO,ES,Towers with Radar,92,18,64,2,176,0,0,106,1,107,92,18,170,3,283,82,0,82,365
08/22/2021,SRQ,FL,ASO,ES,Towers with Radar,86,18,63,0,167,0,1,123,0,124,86,19,186,0,291,112,0,112,403
08/23/2021,SRQ,FL,ASO,ES,Towers with Radar,85,16,71,0,172,0,1,78,3,82,85,17,149,3,254,90,0,90,344
08/24/2021,SRQ,FL,ASO,ES,Towers with Radar,78,17,59,1,155,0,2,82,12,96,78,19,141,13,251,76,14,90,341
08/25/2021,SRQ,FL,ASO,ES,Towers with Radar,73,15,65,0,153,0,6,122,0,128,73,21,187,0,281,94,0,94,375
08/26/2021,SRQ,FL,ASO,ES,Towers with Radar,84,21,64,4,173,0,0,78,0,78,84,21,142,4,251,120,0,120,371
08/27/2021,SRQ,FL,ASO,ES,Towers with Radar,88,13,59,5,165,0,0,110,1,111,88,13,169,6,276,94,0,94,370
08/28/2021,SRQ,FL,ASO,ES,Towers with Radar,92,20,42,0,154,0,0,75,3,78,92,20,117,3,232,32,0,32,264
08/29/2021,SRQ,FL,ASO,ES,Towers with Radar,89,21,52,0,162,0,0,74,2,76,89,21,126,2,238,110,0,110,348
08/30/2021,SRQ,FL,ASO,ES,Towers with Radar,87,26,70,0,183,0,4,98,0,102,87,30,168,0,285,74,0,74,359
08/31/2021,SRQ,FL,ASO,ES,Towers with Radar,69,27,63,19,178,0,5,161,7,173,69,32,224,26,351,169,6,175,526
09/01/2021,SRQ,FL,ASO,ES,Towers with Radar,70,14,35,0,119,0,0,55,0,55,70,14,90,0,174,68,0,68,242
09/02/2021,SRQ,FL,ASO,ES,Towers with Radar,83,34,65,0,182,0,0,24,0,24,83,34,89,0,206,72,0,72,278
09/03/2021,SRQ,FL,ASO,ES,Towers with Radar,87,17,94,0,198,0,0,139,2,141,87,17,233,2,339,177,0,177,516
09/04/2021,SRQ,FL,ASO,ES,Towers with Radar,95,21,58,0,174,0,2,131,0,133,95,23,189,0,307,101,0,101,408
09/05/2021,SRQ,FL,ASO,ES,Towers with Radar,87,17,53,0,157,0,0,143,0,143,87,17,196,0,300,197,0,197,497
09/06/2021,SRQ,FL,ASO,ES,Towers with Radar,88,29,86,0,203,0,0,109,0,109,88,29,195,0,312,119,0,119,431
09/07/2021,SRQ,FL,ASO,ES,Towers with Radar,64,22,80,0,166,0,4,90,3,97,64,26,170,3,263,166,0,166,429
09/08/2021,SRQ,FL,ASO,ES,Towers with Radar,62,13,68,0,143,0,1,114,0,115,62,14,182,0,258,180,0,180,438
09/09/2021,SRQ,FL,ASO,ES,Towers with Radar,76,22,71,2,171,0,4,116,2,122,76,26,187,4,293,96,0,96,389
09/10/2021,SRQ,FL,ASO,ES,Towers with Radar,69,29,89,3,190,0,1,147,4,152,69,30,236,7,342,228,0,228,570
09/11/2021,SRQ,FL,ASO,ES,Towers with Radar,61,13,44,0,118,0,2,101,0,103,61,15,145,0,221,139,0,139,360
09/12/2021,SRQ,FL,ASO,ES,Towers with Radar,80,22,57,0,159,0,0,94,0,94,80,22,151,0,253,62,0,62,315
09/13/2021,SRQ,FL,ASO,ES,Towers with Radar,67,20,81,9,177,0,4,80,2,86,67,24,161,11,263,76,10,86,349
09/14/2021,SRQ,FL,ASO,ES,Towers with Radar,51,23,85,1,160,0,4,131,22,157,51,27,216,23,317,106,16,122,439
09/15/2021,SRQ,FL,ASO,ES,Towers with Radar,57,29,76,5,167,0,8,130,0,138,57,37,206,5,305,125,0,125,430
09/16/2021,SRQ,FL,ASO,ES,Towers with Radar,72,19,58,3,152,0,0,33,2,35,72,19,91,5,187,42,0,42,229
09/17/2021,SRQ,FL,ASO,ES,Towers with Radar,67,32,107,0,206,0,0,50,0,50,67,32,157,0,256,82,0,82,338
09/18/2021,SRQ,FL,ASO,ES,Towers with Radar,58,11,66,0,135,0,0,103,0,103,58,11,169,0,238,124,0,124,362
09/19/2021,SRQ,FL,ASO,ES,Towers with Radar,82,32,64,0,178,0,0,106,1,107,82,32,170,1,285,106,0,106,391
09/20/2021,SRQ,FL,ASO,ES,Towers with Radar,66,17,88,3,174,0,2,133,6,141,66,19,221,9,315,334,6,340,655
09/21/2021,SRQ,FL,ASO,ES,Towers with Radar,50,28,67,1,146,0,0,125,1,126,50,28,192,2,272,208,0,208,480
09/22/2021,SRQ,FL,ASO,ES,Towers with Radar,57,18,93,1,169,0,0,158,1,159,57,18,251,2,328,300,0,300,628
09/23/2021,SRQ,FL,ASO,ES,Towers with Radar,66,31,92,0,189,0,2,190,0,192,66,33,282,0,381,194,0,194,575
09/24/2021,SRQ,FL,ASO,ES,Towers with Radar,63,22,86,5,176,0,2,150,6,158,63,24,236,11,334,132,4,136,470
09/25/2021,SRQ,FL,ASO,ES,Towers with Radar,58,22,66,0,146,0,4,165,0,169,58,26,231,0,315,186,0,186,501
09/26/2021,SRQ,FL,ASO,ES,Towers with Radar,79,33,69,0,181,0,0,151,6,157,79,33,220,6,338,108,0,108,446
09/27/2021,SRQ,FL,ASO,ES,Towers with Radar,64,19,71,4,158,0,4,131,1,136,64,23,202,5,294,198,0,198,492
09/28/2021,SRQ,FL,ASO,ES,Towers with Radar,52,33,86,0,171,0,13,159,0,172,52,46,245,0,343,102,0,102,445
09/29/2021,SRQ,FL,ASO,ES,Towers with Radar,57,28,80,4,169,0,8,132,0,140,57,36,212,4,309,126,0,126,435
09/30/2021,SRQ,FL,ASO,ES,Towers with Radar,68,50,110,0,228,0,6,164,2,172,68,56,274,2,400,156,0,156,556
10/01/2021,SRQ,FL,ASO,ES,Towers with Radar,69,13,83,8,173,0,13,117,4,134,69,26,200,12,307,86,0,86,393
10/02/2021,SRQ,FL,ASO,ES,Towers with Radar,61,21,63,0,145,0,2,110,0,112,61,23,173,0,257,114,0,114,371
10/03/2021,SRQ,FL,ASO,ES,Towers with Radar,76,38,78,6,198,0,3,145,2,150,76,41,223,8,348,119,0,119,467
10/04/2021,SRQ,FL,ASO,ES,Towers with Radar,64,37,79,2,182,0,12,159,0,171,64,49,238,2,353,257,0,257,610
10/05/2021,SRQ,FL,ASO,ES,Towers with Radar,58,36,71,2,167,0,5,146,2,153,58,41,217,4,320,132,8,140,460
10/06/2021,SRQ,FL,ASO,ES,Towers with Radar,73,29,90,19,211,0,2,161,2,165,73,31,251,21,376,214,10,224,600
10/07/2021,SRQ,FL,ASO,ES,Towers with Radar,95,34,98,4,231,0,0,132,3,135,95,34,230,7,366,186,4,190,556
10/08/2021,SRQ,FL,ASO,ES,Towers with Radar,88,27,89,8,212,0,1,75,0,76,88,28,164,8,288,188,0,188,476
10/09/2021,SRQ,FL,ASO,ES,Towers with Radar,75,32,65,0,172,0,0,130,0,130,75,32,195,0,302,118,0,118,420
10/10/2021,SRQ,FL,ASO,ES,Towers with Radar,84,26,100,1,211,1,0,127,0,128,85,26,227,1,339,96,0,96,435
10/11/2021,SRQ,FL,ASO,ES,Towers with Radar,90,31,87,0,208,0,4,164,2,170,90,35,251,2,378,258,0,258,636
10/12/2021,SRQ,FL,ASO,ES,Towers with Radar,75,38,75,2,190,0,6,154,0,160,75,44,229,2,350,130,0,130,480
10/13/2021,SRQ,FL,ASO,ES,Towers with Radar,82,26,114,0,222,0,0,154,0,154,82,26,268,0,376,132,0,132,508
10/14/2021,SRQ,FL,ASO,ES,Towers with Radar,87,45,101,14,247,0,2,156,0,158,87,47,257,14,405,132,6,138,543
10/15/2021,SRQ,FL,ASO,ES,Towers with Radar,92,30,114,19,255,0,3,156,10,169,92,33,270,29,424,195,12,207,631
10/16/2021,SRQ,FL,ASO,ES,Towers with Radar,88,25,66,2,181,0,0,137,10,147,88,25,203,12,328,128,0,128,456
10/17/2021,SRQ,FL,ASO,ES,Towers with Radar,96,37,90,3,226,0,2,77,1,80,96,39,167,4,306,58,0,58,364
10/18/2021,SRQ,FL,ASO,ES,Towers with Radar,90,35,95,0,220,0,4,166,4,174,90,39,261,4,394,234,0,234,628
10/19/2021,SRQ,FL,ASO,ES,Towers with Radar,77,41,84,4,206,1,3,124,0,128,78,44,208,4,334,92,0,92,426
10/20/2021,SRQ,FL,ASO,ES,Towers with Radar,80,44,96,0,220,0,6,131,3,140,80,50,227,3,360,144,0,144,504
10/21/2021,SRQ,FL,ASO,ES,Towers with Radar,91,36,112,5,244,0,5,161,6,172,91,41,273,11,416,214,0,214,630
10/22/2021,SRQ,FL,ASO,ES,Towers with Radar,95,40,83,3,221,0,2,141,1,144,95,42,224,4,365,124,0,124,489
10/23/2021,SRQ,FL,ASO,ES,Towers with Radar,81,31,75,14,201,0,0,117,2,119,81,31,192,16,320,108,0,108,428
10/24/2021,SRQ,FL,ASO,ES,Towers with Radar,92,40,83,0,215,0,0,69,0,69,92,40,152,0,284,105,0,105,389
10/25/2021,SRQ,FL,ASO,ES,Towers with Radar,90,34,78,5,207,0,1,69,4,74,90,35,147,9,281,202,6,208,489
10/26/2021,SRQ,FL,ASO,ES,Towers with Radar,71,32,126,3,232,0,2,143,5,150,71,34,269,8,382,176,0,176,558
10/27/2021,SRQ,FL,ASO,ES,Towers with Radar,78,36,115,2,231,0,1,215,1,217,78,37,330,3,448,202,0,202,650
10/28/2021,SRQ,FL,ASO,ES,Towers with Radar,91,32,63,5,191,0,0,9,0,9,91,32,72,5,200,0,0,0,200
10/29/2021,SRQ,FL,ASO,ES,Towers with Radar,90,25,63,13,191,0,0,49,3,52,90,25,112,16,243,14,0,14,257
10/30/2021,SRQ,FL,ASO,ES,Towers with Radar,76,36,92,0,204,0,0,83,0,83,76,36,175,0,287,68,0,68,355
10/31/2021,SRQ,FL,ASO,ES,Towers with Radar,91,39,100,4,234,0,0,150,1,151,91,39,250,5,385,129,0,129,514
11/01/2021,SRQ,FL,ASO,ES,Towers with Radar,100,46,100,9,255,0,0,106,3,109,100,46,206,12,364,140,0,140,504
11/02/2021,SRQ,FL,ASO,ES,Towers with Radar,76,44,95,5,220,0,0,136,3,139,76,44,231,8,359,116,0,116,475
11/03/2021,SRQ,FL,ASO,ES,Towers with Radar,89,38,71,7,205,0,4,151,1,156,89,42,222,8,361,130,0,130,491
11/04/2021,SRQ,FL,ASO,ES,Towers with Radar,100,36,110,0,246,0,4,102,0,106,100,40,212,0,352,164,0,164,516
11/05/2021,SRQ,FL,ASO,ES,Towers with Radar,106,33,56,0,195,0,0,1,0,1,106,33,57,0,196,0,0,0,196
11/06/2021,SRQ,FL,ASO,ES,Towers with Radar,88,33,78,4,203,0,0,32,0,32,88,33,110,4,235,32,0,32,267
11/07/2021,SRQ,FL,ASO,ES,Towers with Radar,106,47,128,0,281,0,1,146,0,147,106,48,274,0,428,78,0,78,506
11/08/2021,SRQ,FL,ASO,ES,Towers with Radar,107,37,97,5,246,0,4,175,3,182,107,41,272,8,428,144,0,144,572
11/09/2021,SRQ,FL,ASO,ES,Towers with Radar,83,29,117,2,231,0,1,149,2,152,83,30,266,4,383,127,0,127,510
11/10/2021,SRQ,FL,ASO,ES,Towers with Radar,94,56,104,8,262,0,1,115,3,119,94,57,219,11,381,124,0,124,505
11/11/2021,SRQ,FL,ASO,ES,Towers with Radar,106,45,120,0,271,0,13,134,8,155,106,58,254,8,426,142,0,142,568
11/12/2021,SRQ,FL,ASO,ES,Towers with Radar,106,41,103,4,254,0,2,99,4,105,106,43,202,8,359,128,0,128,487
11/13/2021,SRQ,FL,ASO,ES,Towers with Radar,89,38,60,2,189,0,2,87,2,91,89,40,147,4,280,64,0,64,344
11/14/2021,SRQ,FL,ASO,ES,Towers with Radar,111,49,94,0,254,0,0,157,0,157,111,49,251,0,411,88,0,88,499
11/15/2021,SRQ,FL,ASO,ES,Towers with Radar,108,57,117,7,289,0,3,80,8,91,108,60,197,15,380,142,0,142,522
11/16/2021,SRQ,FL,ASO,ES,Towers with Radar,81,29,92,16,218,0,2,154,6,162,81,31,246,22,380,120,0,120,500
11/17/2021,SRQ,FL,ASO,ES,Towers with Radar,90,50,87,0,227,1,9,104,0,114,91,59,191,0,341,88,0,88,429
11/18/2021,SRQ,FL,ASO,ES,Towers with Radar,116,42,82,1,241,0,0,53,1,54,116,42,135,2,295,70,0,70,365
11/19/2021,SRQ,FL,ASO,ES,Towers with Radar,115,62,124,16,317,0,0,112,2,114,115,62,236,18,431,112,0,112,543
11/20/2021,SRQ,FL,ASO,ES,Towers with Radar,111,54,123,1,289,0,0,38,6,44,111,54,161,7,333,16,0,16,349
11/21/2021,SRQ,FL,ASO,ES,Towers with Radar,118,46,103,2,269,0,1,77,4,82,118,47,180,6,351,56,0,56,407
11/22/2021,SRQ,FL,ASO,ES,Towers with Radar,115,38,101,6,260,0,2,38,1,41,115,40,139,7,301,54,0,54,355
11/23/2021,SRQ,FL,ASO,ES,Towers with Radar,127,68,121,6,322,0,2,132,17,151,127,70,253,23,473,78,10,88,561
11/24/2021,SRQ,FL,ASO,ES,Towers with Radar,132,44,126,2,304,0,3,113,2,118,132,47,239,4,422,40,0,40,462
11/25/2021,SRQ,FL,ASO,ES,Towers with Radar,73,12,19,0,104,1,0,46,0,47,74,12,65,0,151,8,0,8,159
11/26/2021,SRQ,FL,ASO,ES,Towers with Radar,86,48,88,0,222,0,1,134,0,135,86,49,222,0,357,122,0,122,479
11/27/2021,SRQ,FL,ASO,ES,Towers with Radar,127,51,111,0,289,0,4,143,0,147,127,55,254,0,436,18,0,18,454
11/28/2021,SRQ,FL,ASO,ES,Towers with Radar,135,59,159,0,353,0,0,144,0,144,135,59,303,0,497,29,0,29,526
11/29/2021,SRQ,FL,ASO,ES,Towers with Radar,135,45,110,2,292,0,5,112,10,127,135,50,222,12,419,96,10,106,525
11/30/2021,SRQ,FL,ASO,ES,Towers with Radar,93,60,114,9,276,0,5,136,0,141,93,65,250,9,417,98,0,98,515
12/01/2021,SRQ,FL,ASO,ES,Towers with Radar,88,47,85,10,230,0,0,149,1,150,88,47,234,11,380,124,0,124,504
12/02/2021,SRQ,FL,ASO,ES,Towers with Radar,109,40,84,0,233,0,5,128,2,135,109,45,212,2,368,84,0,84,452
12/03/2021,SRQ,FL,ASO,ES,Towers with Radar,114,59,84,0,257,0,8,151,2,161,114,67,235,2,418,66,4,70,488
12/04/2021,SRQ,FL,ASO,ES,Towers with Radar,85,42,67,0,194,0,0,110,0,110,85,42,177,0,304,96,0,96,400
12/05/2021,SRQ,FL,ASO,ES,Towers with Radar,101,42,76,0,219,0,2,117,0,119,101,44,193,0,338,98,0,98,436
12/06/2021,SRQ,FL,ASO,ES,Towers with Radar,105,68,93,41,307,0,1,135,37,173,105,69,228,78,480,126,44,170,650
12/07/2021,SRQ,FL,ASO,ES,Towers with Radar,82,54,103,2,241,0,4,106,0,110,82,58,209,2,351,96,0,96,447
12/08/2021,SRQ,FL,ASO,ES,Towers with Radar,89,44,76,6,215,0,3,142,0,145,89,47,218,6,360,118,0,118,478
12/09/2021,SRQ,FL,ASO,ES,Towers with Radar,106,42,106,1,255,0,5,92,2,99,106,47,198,3,354,94,0,94,448
12/10/2021,SRQ,FL,ASO,ES,Towers with Radar,110,29,97,10,246,0,0,106,8,114,110,29,203,18,360,56,30,86,446
12/11/2021,SRQ,FL,ASO,ES,Towers with Radar,84,19,61,0,164,0,0,134,0,134,84,19,195,0,298,126,0,126,424
12/12/2021,SRQ,FL,ASO,ES,Towers with Radar,102,46,116,11,275,0,2,116,7,125,102,48,232,18,400,34,0,34,434
12/13/2021,SRQ,FL,ASO,ES,Towers with Radar,106,27,95,0,228,0,2,123,0,125,106,29,218,0,353,96,0,96,449
12/14/2021,SRQ,FL,ASO,ES,Towers with Radar,80,25,91,0,196,0,2,76,0,78,80,27,167,0,274,126,0,126,400
12/15/2021,SRQ,FL,ASO,ES,Towers with Radar,88,32,115,0,235,0,2,165,0,167,88,34,280,0,402,211,0,211,613
12/16/2021,SRQ,FL,ASO,ES,Towers with Radar,113,41,106,0,260,1,5,119,0,125,114,46,225,0,385,86,0,86,471
12/17/2021,SRQ,FL,ASO,ES,Towers with Radar,126,74,135,4,339,0,2,149,0,151,126,76,284,4,490,66,0,66,556
12/18/2021,SRQ,FL,ASO,ES,Towers with Radar,120,49,95,3,267,0,2,167,1,170,120,51,262,4,437,40,0,40,477
12/19/2021,SRQ,FL,ASO,ES,Towers with Radar,125,42,77,10,254,0,0,14,0,14,125,42,91,10,268,6,14,20,288
12/20/2021,SRQ,FL,ASO,ES,Towers with Radar,124,52,81,4,261,0,0,47,5,52,124,52,128,9,313,96,6,102,415
12/21/2021,SRQ,FL,ASO,ES,Towers with Radar,121,40,57,2,220,0,0,6,0,6,121,40,63,2,226,12,0,12,238
12/22/2021,SRQ,FL,ASO,ES,Towers with Radar,129,33,102,0,264,0,1,121,4,126,129,34,223,4,390,75,0,75,465
12/23/2021,SRQ,FL,ASO,ES,Towers with Radar,138,34,97,0,269,0,0,173,0,173,138,34,270,0,442,60,0,60,502
12/24/2021,SRQ,FL,ASO,ES,Towers with Radar,116,27,37,0,180,0,0,121,2,123,116,27,158,2,303,44,0,44,347
12/25/2021,SRQ,FL,ASO,ES,Towers with Radar,96,33,13,0,142,0,0,25,0,25,96,33,38,0,167,2,0,2,169
12/26/2021,SRQ,FL,ASO,ES,Towers with Radar,135,52,143,0,330,0,0,115,0,115,135,52,258,0,445,34,0,34,479
12/27/2021,SRQ,FL,ASO,ES,Towers with Radar,124,62,136,2,324,3,1,158,4,166,127,63,294,6,490,26,0,26,516
12/28/2021,SRQ,FL,ASO,ES,Towers with Radar,124,66,126,0,316,0,0,146,0,146,124,66,272,0,462,50,0,50,512
12/29/2021,SRQ,FL,ASO,ES,Towers with Radar,132,62,89,0,283,0,2,159,0,161,132,64,248,0,444,52,0,52,496
12/30/2021,SRQ,FL,ASO,ES,Towers with Radar,130,55,112,1,298,0,0,44,0,44,130,55,156,1,342,0,0,0,342
12/31/2021,SRQ,FL,ASO,ES,Towers with Radar,117,32,89,0,238,0,0,89,0,89,117,32,178,0,327,0,0,0,327
01/01/2022,SRQ,FL,ASO,ES,Towers with Radar,109,46,65,0,220,0,0,72,0,72,109,46,137,0,292,8,0,8,300
01/02/2022,SRQ,FL,ASO,ES,Towers with Radar,116,57,112,3,288,0,0,41,0,41,116,57,153,3,329,16,0,16,345
01/03/2022,SRQ,FL,ASO,ES,Towers with Radar,112,63,113,4,292,0,0,87,2,89,112,63,200,6,381,45,0,45,426
01/04/2022,SRQ,FL,ASO,ES,Towers with Radar,81,66,106,0,253,0,2,135,4,141,81,68,241,4,394,97,0,97,491
01/05/2022,SRQ,FL,ASO,ES,Towers with Radar,75,48,104,7,234,0,2,109,3,114,75,50,213,10,348,65,10,75,423
01/06/2022,SRQ,FL,ASO,ES,Towers with Radar,94,39,87,4,224,0,2,150,0,152,94,41,237,4,376,150,0,150,526
01/07/2022,SRQ,FL,ASO,ES,Towers with Radar,101,42,108,3,254,0,4,166,6,176,101,46,274,9,430,162,0,162,592
01/08/2022,SRQ,FL,ASO,ES,Towers with Radar,90,36,96,0,222,1,0,115,0,116,91,36,211,0,338,88,0,88,426
01/09/2022,SRQ,FL,ASO,ES,Towers with Radar,104,38,96,2,240,0,0,96,0,96,104,38,192,2,336,101,0,101,437
01/10/2022,SRQ,FL,ASO,ES,Towers with Radar,111,47,117,2,277,0,1,123,5,129,111,48,240,7,406,75,8,83,489
01/11/2022,SRQ,FL,ASO,ES,Towers with Radar,80,33,88,4,205,0,0,103,2,105,80,33,191,6,310,120,0,120,430
01/12/2022,SRQ,FL,ASO,ES,Towers with Radar,86,37,113,2,238,0,2,135,2,139,86,39,248,4,377,124,2,126,503
01/13/2022,SRQ,FL,ASO,ES,Towers with Radar,109,47,133,2,291,0,4,163,14,181,109,51,296,16,472,96,0,96,568
01/14/2022,SRQ,FL,ASO,ES,Towers with Radar,111,57,111,3,282,0,2,190,2,194,111,59,301,5,476,68,0,68,544
01/15/2022,SRQ,FL,ASO,ES,Towers with Radar,92,44,110,2,248,0,4,198,0,202,92,48,308,2,450,94,0,94,544
01/16/2022,SRQ,FL,ASO,ES,Towers with Radar,96,39,46,0,181,0,1,11,0,12,96,40,57,0,193,14,0,14,207
01/17/2022,SRQ,FL,ASO,ES,Towers with Radar,110,54,122,7,293,0,1,66,4,71,110,55,188,11,364,30,0,30,394
01/18/2022,SRQ,FL,ASO,ES,Towers with Radar,76,41,99,6,222,0,0,191,4,195,76,41,290,10,417,160,0,160,577
01/19/2022,SRQ,FL,ASO,ES,Towers with Radar,82,41,121,2,246,0,0,146,3,149,82,41,267,5,395,98,0,98,493
01/20/2022,SRQ,FL,ASO,ES,Towers with Radar,108,46,119,17,290,0,0,197,8,205,108,46,316,25,495,112,0,112,607
01/21/2022,SRQ,FL,ASO,ES,Towers with Radar,117,44,123,4,288,0,0,167,0,167,117,44,290,4,455,64,0,64,519
01/22/2022,SRQ,FL,ASO,ES,Towers with Radar,92,41,76,0,209,0,0,10,0,10,92,41,86,0,219,12,0,12,231
01/23/2022,SRQ,FL,ASO,ES,Towers with Radar,112,42,105,0,259,0,0,31,0,31,112,42,136,0,290,54,0,54,344
01/24/2022,SRQ,FL,ASO,ES,Towers with Radar,113,42,111,6,272,0,3,152,3,158,113,45,263,9,430,88,8,96,526
01/25/2022,SRQ,FL,ASO,ES,Towers with Radar,78,36,113,0,227,0,3,59,2,64,78,39,172,2,291,36,6,42,333
01/26/2022,SRQ,FL,ASO,ES,Towers with Radar,80,39,112,11,242,0,0,1,0,1,80,39,113,11,243,10,0,10,253
01/27/2022,SRQ,FL,ASO,ES,Towers with Radar,113,47,127,0,287,0,1,59,0,60,113,48,186,0,347,76,0,76,423
01/28/2022,SRQ,FL,ASO,ES,Towers with Radar,115,46,105,5,271,0,0,13,0,13,115,46,118,5,284,36,0,36,320
01/29/2022,SRQ,FL,ASO,ES,Towers with Radar,80,35,44,3,162,0,1,43,4,48,80,36,87,7,210,30,0,30,240
01/30/2022,SRQ,FL,ASO,ES,Towers with Radar,112,48,99,0,259,0,0,168,0,168,112,48,267,0,427,110,0,110,537
01/31/2022,SRQ,FL,ASO,ES,Towers with Radar,116,35,101,0,252,0,0,196,2,198,116,35,297,2,450,174,0,174,624
02/01/2022,SRQ,FL,ASO,ES,Towers with Radar,82,38,112,0,232,0,1,154,0,155,82,39,266,0,387,130,0,130,517
02/02/2022,SRQ,FL,ASO,ES,Towers with Radar,80,40,96,4,220,0,1,147,0,148,80,41,243,4,368,112,0,112,480
02/03/2022,SRQ,FL,ASO,ES,Towers with Radar,96,49,114,5,264,0,9,151,3,163,96,58,265,8,427,70,0,70,497
02/04/2022,SRQ,FL,ASO,ES,Towers with Radar,91,52,120,4,267,0,3,137,2,142,91,55,257,6,409,134,0,134,543
02/05/2022,SRQ,FL,ASO,ES,Towers with Radar,96,37,105,2,240,0,0,20,0,20,96,37,125,2,260,58,0,58,318
02/06/2022,SRQ,FL,ASO,ES,Towers with Radar,116,49,141,2,308,0,0,9,0,9,116,49,150,2,317,0,0,0,317
02/07/2022,SRQ,FL,ASO,ES,Towers with Radar,122,45,126,13,306,0,0,154,1,155,122,45,280,14,461,92,0,92,553
02/08/2022,SRQ,FL,ASO,ES,Towers with Radar,87,39,82,4,212,0,0,9,4,13,87,39,91,8,225,34,0,34,259
02/09/2022,SRQ,FL,ASO,ES,Towers with Radar,84,56,107,2,249,0,2,163,2,167,84,58,270,4,416,138,0,138,554
02/10/2022,SRQ,FL,ASO,ES,Towers with Radar,117,45,113,22,297,0,7,261,2,270,117,52,374,24,567,170,0,170,737
02/11/2022,SRQ,FL,ASO,ES,Towers with Radar,120,48,130,6,304,0,2,227,1,230,120,50,357,7,534,122,0,122,656
02/12/2022,SRQ,FL,ASO,ES,Towers with Radar,103,46,108,2,259,0,0,165,1,166,103,46,273,3,425,80,0,80,505
02/13/2022,SRQ,FL,ASO,ES,Towers with Radar,113,30,99,1,243,0,0,54,0,54,113,30,153,1,297,68,0,68,365
02/14/2022,SRQ,FL,ASO,ES,Towers with Radar,119,46,142,2,309,0,1,133,0,134,119,47,275,2,443,54,0,54,497
02/15/2022,SRQ,FL,ASO,ES,Towers with Radar,84,57,108,23,272,0,0,131,5,136,84,57,239,28,408,32,2,34,442
02/16/2022,SRQ,FL,ASO,ES,Towers with Radar,98,47,115,3,263,0,0,126,2,128,98,47,241,5,391,34,0,34,425
02/17/2022,SRQ,FL,ASO,ES,Towers with Radar,110,49,135,9,303,0,0,155,7,162,110,49,290,16,465,134,0,134,599
02/18/2022,SRQ,FL,ASO,ES,Towers with Radar,122,51,127,0,300,0,0,3,0,3,122,51,130,0,303,0,0,0,303
02/19/2022,SRQ,FL,ASO,ES,Towers with Radar,117,75,116,0,308,0,3,94,0,97,117,78,210,0,405,56,0,56,461
02/20/2022,SRQ,FL,ASO,ES,Towers with Radar,116,64,123,0,303,0,0,162,0,162,116,64,285,0,465,88,0,88,553
02/21/2022,SRQ,FL,ASO,ES,Towers with Radar,121,58,143,0,322,0,0,137,2,139,121,58,280,2,461,54,0,54,515
02/22/2022,SRQ,FL,ASO,ES,Towers with Radar,86,49,123,0,258,0,2,152,0,154,86,51,275,0,412,80,0,80,492
02/23/2022,SRQ,FL,ASO,ES,Towers with Radar,99,45,120,0,264,0,0,145,0,145,99,45,265,0,409,92,0,92,501
02/24/2022,SRQ,FL,ASO,ES,Towers with Radar,119,57,109,4,289,0,2,153,4,159,119,59,262,8,448,114,0,114,562
02/25/2022,SRQ,FL,ASO,ES,Towers with Radar,110,44,114,3,271,0,8,200,1,209,110,52,314,4,480,140,0,140,620
02/26/2022,SRQ,FL,ASO,ES,Towers with Radar,114,55,108,0,277,0,0,180,0,180,114,55,288,0,457,140,0,140,597
02/27/2022,SRQ,FL,ASO,ES,Towers with Radar,112,62,105,6,285,0,2,122,0,124,112,64,227,6,409,106,4,110,519
02/28/2022,SRQ,FL,ASO,ES,Towers with Radar,116,34,116,0,266,0,0,78,8,86,116,34,194,8,352,138,0,138,490
03/01/2022,SRQ,FL,ASO,ES,Towers with Radar,83,45,112,16,256,0,0,78,4,82,83,45,190,20,338,154,4,158,496
03/02/2022,SRQ,FL,ASO,ES,Towers with Radar,100,43,109,0,252,0,2,181,5,188,100,45,290,5,440,134,0,134,574
03/03/2022,SRQ,FL,ASO,ES,Towers with Radar,124,46,131,4,305,0,8,171,3,182,124,54,302,7,487,96,0,96,583
03/04/2022,SRQ,FL,ASO,ES,Towers with Radar,121,77,115,12,325,0,4,158,17,179,121,81,273,29,504,72,8,80,584
03/05/2022,SRQ,FL,ASO,ES,Towers with Radar,118,47,108,2,275,0,0,132,2,134,118,47,240,4,409,64,0,64,473
03/06/2022,SRQ,FL,ASO,ES,Towers with Radar,119,48,115,1,283,0,0,109,2,111,119,48,224,3,394,54,0,54,448
03/07/2022,SRQ,FL,ASO,ES,Towers with Radar,120,54,86,4,264,0,0,85,2,87,120,54,171,6,351,36,0,36,387
03/08/2022,SRQ,FL,ASO,ES,Towers with Radar,86,21,95,2,204,0,0,110,4,114,86,21,205,6,318,44,0,44,362
03/09/2022,SRQ,FL,ASO,ES,Towers with Radar,101,43,108,18,270,0,2,72,19,93,101,45,180,37,363,34,20,54,417
03/10/2022,SRQ,FL,ASO,ES,Towers with Radar,117,37,87,12,253,0,1,57,0,58,117,38,144,12,311,68,0,68,379
03/11/2022,SRQ,FL,ASO,ES,Towers with Radar,106,60,103,13,282,0,1,73,4,78,106,61,176,17,360,44,10,54,414
03/12/2022,SRQ,FL,ASO,ES,Towers with Radar,104,53,73,0,230,0,0,24,0,24,104,53,97,0,254,4,0,4,258
03/13/2022,SRQ,FL,ASO,ES,Towers with Radar,109,55,125,0,289,0,0,162,0,162,109,55,287,0,451,80,0,80,531
03/14/2022,SRQ,FL,ASO,ES,Towers with Radar,121,42,125,2,290,0,0,180,0,180,121,42,305,2,470,158,0,158,628
03/15/2022,SRQ,FL,ASO,ES,Towers with Radar,94,37,101,4,236,0,0,132,0,132,94,37,233,4,368,76,0,76,444
03/16/2022,SRQ,FL,ASO,ES,Towers with Radar,111,43,99,0,253,0,1,31,2,34,111,44,130,2,287,34,0,34,321
03/17/2022,SRQ,FL,ASO,ES,Towers with Radar,118,39,127,2,286,0,2,223,0,225,118,41,350,2,511,134,0,134,645
03/18/2022,SRQ,FL,ASO,ES,Towers with Radar,112,55,133,0,300,0,0,194,0,194,112,55,327,0,494,130,0,130,624
03/19/2022,SRQ,FL,ASO,ES,Towers with Radar,129,88,136,0,353,0,0,98,0,98,129,88,234,0,451,2,0,2,453
03/20/2022,SRQ,FL,ASO,ES,Towers with Radar,116,59,161,0,336,0,0,133,0,133,116,59,294,0,469,124,0,124,593
03/21/2022,SRQ,FL,ASO,ES,Towers with Radar,119,47,95,0,261,0,1,182,0,183,119,48,277,0,444,98,0,98,542
03/22/2022,SRQ,FL,ASO,ES,Towers with Radar,91,43,85,1,220,0,3,154,7,164,91,46,239,8,384,78,26,104,488
03/23/2022,SRQ,FL,ASO,ES,Towers with Radar,112,33,108,2,255,0,0,96,7,103,112,33,204,9,358,28,28,56,414
03/24/2022,SRQ,FL,ASO,ES,Towers with Radar,121,34,89,0,244,0,0,10,0,10,121,34,99,0,254,0,0,0,254
03/25/2022,SRQ,FL,ASO,ES,Towers with Radar,125,61,126,22,334,0,9,202,0,211,125,70,328,22,545,64,0,64,609
03/26/2022,SRQ,FL,ASO,ES,Towers with Radar,137,48,138,0,323,0,0,194,0,194,137,48,332,0,517,28,12,40,557
03/27/2022,SRQ,FL,ASO,ES,Towers with Radar,115,34,137,1,287,0,0,202,2,204,115,34,339,3,491,98,10,108,599
03/28/2022,SRQ,FL,ASO,ES,Towers with Radar,119,28,117,15,279,0,0,186,0,186,119,28,303,15,465,116,0,116,581
03/29/2022,SRQ,FL,ASO,ES,Towers with Radar,90,59,139,8,296,0,2,185,9,196,90,61,324,17,492,58,6,64,556
03/30/2022,SRQ,FL,ASO,ES,Towers with Radar,105,37,90,21,253,0,2,122,6,130,105,39,212,27,383,38,0,38,421
03/31/2022,SRQ,FL,ASO,ES,Towers with Radar,106,40,66,5,217,0,0,27,4,31,106,40,93,9,248,4,2,6,254
04/01/2022,SRQ,FL,ASO,ES,Towers with Radar,118,45,136,4,303,0,4,46,0,50,118,49,182,4,353,22,0,22,375
04/02/2022,SRQ,FL,ASO,ES,Towers with Radar,70,41,81,0,192,0,0,31,1,32,70,41,112,1,224,78,0,78,302
04/03/2022,SRQ,FL,ASO,ES,Towers with Radar,101,56,152,7,316,0,3,72,2,77,101,59,224,9,393,116,0,116,509
04/04/2022,SRQ,FL,ASO,ES,Towers with Radar,106,49,118,2,275,0,0,165,0,165,106,49,283,2,440,129,0,129,569
04/05/2022,SRQ,FL,ASO,ES,Towers with Radar,88,51,127,3,269,0,4,88,4,96,88,55,215,7,365,30,0,30,395
04/06/2022,SRQ,FL,ASO,ES,Towers with Radar,98,56,154,4,312,0,0,110,0,110,98,56,264,4,422,46,0,46,468
04/07/2022,SRQ,FL,ASO,ES,Towers with Radar,82,35,88,0,205,0,0,13,0,13,82,35,101,0,218,32,0,32,250
04/08/2022,SRQ,FL,ASO,ES,Towers with Radar,107,63,131,5,306,0,2,166,9,177,107,65,297,14,483,36,0,36,519
04/09/2022,SRQ,FL,ASO,ES,Towers with Radar,107,46,109,2,264,0,2,116,0,118,107,48,225,2,382,84,0,84,466
04/10/2022,SRQ,FL,ASO,ES,Towers with Radar,102,57,126,0,285,0,1,219,1,221,102,58,345,1,506,116,0,116,622
04/11/2022,SRQ,FL,ASO,ES,Towers with Radar,109,55,114,18,296,0,4,162,0,166,109,59,276,18,462,76,0,76,538
04/12/2022,SRQ,FL,ASO,ES,Towers with Radar,86,34,96,2,218,0,0,172,1,173,86,34,268,3,391,132,0,132,523
04/13/2022,SRQ,FL,ASO,ES,Towers with Radar,102,47,140,0,289,0,5,150,4,159,102,52,290,4,448,54,0,54,502
04/14/2022,SRQ,FL,ASO,ES,Towers with Radar,99,50,145,0,294,0,2,145,3,150,99,52,290,3,444,110,2,112,556
04/15/2022,SRQ,FL,ASO,ES,Towers with Radar,109,68,97,0,274,0,0,161,0,161,109,68,258,0,435,141,0,141,576
04/16/2022,SRQ,FL,ASO,ES,Towers with Radar,111,40,83,4,238,0,3,220,0,223,111,43,303,4,461,74,0,74,535
04/17/2022,SRQ,FL,ASO,ES,Towers with Radar,104,33,49,0,186,0,0,69,0,69,104,33,118,0,255,120,0,120,375
04/18/2022,SRQ,FL,ASO,ES,Towers with Radar,103,69,131,2,305,0,1,155,0,156,103,70,286,2,461,148,0,148,609
04/19/2022,SRQ,FL,ASO,ES,Towers with Radar,84,52,114,0,250,0,2,152,1,155,84,54,266,1,405,88,0,88,493
04/20/2022,SRQ,FL,ASO,ES,Towers with Radar,93,49,106,7,255,0,1,153,1,155,93,50,259,8,410,44,0,44,454
04/21/2022,SRQ,FL,ASO,ES,Towers with Radar,104,66,103,10,283,0,1,141,4,146,104,67,244,14,429,80,0,80,509
04/22/2022,SRQ,FL,ASO,ES,Towers with Radar,105,50,114,8,277,0,1,130,6,137,105,51,244,14,414,90,8,98,512
04/23/2022,SRQ,FL,ASO,ES,Towers with Radar,102,39,84,2,227,0,0,119,4,123,102,39,203,6,350,52,0,52,402
04/24/2022,SRQ,FL,ASO,ES,Towers with Radar,102,60,105,0,267,0,0,134,0,134,102,60,239,0,401,68,0,68,469
04/25/2022,SRQ,FL,ASO,ES,Towers with Radar,108,48,101,4,261,0,3,173,7,183,108,51,274,11,444,170,0,170,614
04/26/2022,SRQ,FL,ASO,ES,Towers with Radar,80,37,104,22,243,0,4,161,4,169,80,41,265,26,412,74,14,88,500
04/27/2022,SRQ,FL,ASO,ES,Towers with Radar,91,25,115,0,231,0,0,176,2,178,91,25,291,2,409,134,0,134,543
04/28/2022,SRQ,FL,ASO,ES,Towers with Radar,105,43,118,2,268,0,2,119,1,122,105,45,237,3,390,72,0,72,462
04/29/2022,SRQ,FL,ASO,ES,Towers with Radar,104,43,100,0,247,0,3,99,2,104,104,46,199,2,351,86,0,86,437
04/30/2022,SRQ,FL,ASO,ES,Towers with Radar,97,37,75,0,209,0,0,83,0,83,97,37,158,0,292,64,0,64,356
05/01/2022,SRQ,FL,ASO,ES,Towers with Radar,103,39,102,0,244,0,0,78,0,78,103,39,180,0,322,78,0,78,400
05/02/2022,SRQ,FL,ASO,ES,Towers with Radar,105,44,115,1,265,0,0,168,0,168,105,44,283,1,433,114,0,114,547
05/03/2022,SRQ,FL,ASO,ES,Towers with Radar,82,39,112,1,234,0,0,185,0,185,82,39,297,1,419,140,0,140,559
05/04/2022,SRQ,FL,ASO,ES,Towers with Radar,87,50,114,2,253,0,0,136,20,156,87,50,250,22,409,150,14,164,573
05/05/2022,SRQ,FL,ASO,ES,Towers with Radar,94,51,126,0,271,0,0,182,2,184,94,51,308,2,455,149,0,149,604
05/06/2022,SRQ,FL,ASO,ES,Towers with Radar,88,56,95,7,246,1,3,199,1,204,89,59,294,8,450,102,0,102,552
05/07/2022,SRQ,FL,ASO,ES,Towers with Radar,77,31,74,0,182,0,0,22,0,22,77,31,96,0,204,6,0,6,210
05/08/2022,SRQ,FL,ASO,ES,Towers with Radar,88,39,95,0,222,0,2,97,0,99,88,41,192,0,321,70,0,70,391
05/09/2022,SRQ,FL,ASO,ES,Towers with Radar,93,34,117,6,250,0,2,163,4,169,93,36,280,10,419,66,0,66,485
05/10/2022,SRQ,FL,ASO,ES,Towers with Radar,65,38,106,5,214,0,2,158,0,160,65,40,264,5,374,68,0,68,442
05/11/2022,SRQ,FL,ASO,ES,Towers with Radar,72,41,117,0,230,0,1,176,0,177,72,42,293,0,407,130,0,130,537
05/12/2022,SRQ,FL,ASO,ES,Towers with Radar,89,45,81,3,218,0,4,184,7,195,89,49,265,10,413,122,0,122,535
05/13/2022,SRQ,FL,ASO,ES,Towers with Radar,87,35,110,0,232,0,5,220,3,228,87,40,330,3,460,199,0,199,659
05/14/2022,SRQ,FL,ASO,ES,Towers with Radar,77,36,90,0,203,0,2,165,0,167,77,38,255,0,370,131,0,131,501
05/15/2022,SRQ,FL,ASO,ES,Towers with Radar,89,44,102,0,235,0,0,124,0,124,89,44,226,0,359,104,0,104,463
05/16/2022,SRQ,FL,ASO,ES,Towers with Radar,82,39,109,2,232,0,2,154,0,156,82,41,263,2,388,156,0,156,544
05/17/2022,SRQ,FL,ASO,ES,Towers with Radar,67,30,107,3,207,0,1,128,1,130,67,31,235,4,337,190,8,198,535
05/18/2022,SRQ,FL,ASO,ES,Towers with Radar,75,41,124,0,240,0,4,127,0,131,75,45,251,0,371,147,0,147,518
05/19/2022,SRQ,FL,ASO,ES,Towers with Radar,91,42,111,0,244,0,4,128,0,132,91,46,239,0,376,81,0,81,457
05/20/2022,SRQ,FL,ASO,ES,Towers with Radar,73,36,77,0,186,0,0,22,0,22,73,36,99,0,208,0,0,0,208
05/21/2022,SRQ,FL,ASO,ES,Towers with Radar,78,28,78,0,184,0,0,14,0,14,78,28,92,0,198,40,0,40,238
05/22/2022,SRQ,FL,ASO,ES,Towers with Radar,90,21,70,0,181,0,0,40,0,40,90,21,110,0,221,38,0,38,259
05/23/2022,SRQ,FL,ASO,ES,Towers with Radar,87,29,118,7,241,0,4,85,3,92,87,33,203,10,333,64,0,64,397
05/24/2022,SRQ,FL,ASO,ES,Towers with Radar,68,35,80,2,185,0,8,101,0,109,68,43,181,2,294,36,8,44,338
05/25/2022,SRQ,FL,ASO,ES,Towers with Radar,76,27,90,8,201,0,2,108,0,110,76,29,198,8,311,60,0,60,371
05/26/2022,SRQ,FL,ASO,ES,Towers with Radar,87,50,122,10,269,0,4,139,0,143,87,54,261,10,412,82,0,82,494
05/27/2022,SRQ,FL,ASO,ES,Towers with Radar,77,39,95,4,215,0,2,78,0,80,77,41,173,4,295,88,0,88,383
05/28/2022,SRQ,FL,ASO,ES,Towers with Radar,77,25,54,0,156,0,0,69,1,70,77,25,123,1,226,144,0,144,370
05/29/2022,SRQ,FL,ASO,ES,Towers with Radar,95,14,58,0,167,0,0,80,0,80,95,14,138,0,247,87,0,87,334
05/30/2022,SRQ,FL,ASO,ES,Towers with Radar,86,16,82,0,184,0,1,79,0,80,86,17,161,0,264,68,0,68,332
05/31/2022,SRQ,FL,ASO,ES,Towers with Radar,64,29,74,0,167,0,0,94,0,94,64,29,168,0,261,44,0,44,305
06/01/2022,SRQ,FL,ASO,ES,Towers with Radar,72,51,127,0,250,1,2,101,0,104,73,53,228,0,354,96,0,96,450
06/02/2022,SRQ,FL,ASO,ES,Towers with Radar,77,49,105,0,231,0,6,90,2,98,77,55,195,2,329,104,0,104,433
06/03/2022,SRQ,FL,ASO,ES,Towers with Radar,73,33,69,0,175,0,0,26,0,26,73,33,95,0,201,35,0,35,236
06/04/2022,SRQ,FL,ASO,ES,Towers with Radar,77,20,33,1,131,0,0,22,1,23,77,20,55,2,154,18,0,18,172
06/05/2022,SRQ,FL,ASO,ES,Towers with Radar,72,44,103,0,219,0,0,111,2,113,72,44,214,2,332,82,0,82,414
06/06/2022,SRQ,FL,ASO,ES,Towers with Radar,65,41,93,0,199,0,0,119,0,119,65,41,212,0,318,132,0,132,450
06/07/2022,SRQ,FL,ASO,ES,Towers with Radar,51,29,106,3,189,0,4,123,2,129,51,33,229,5,318,87,0,87,405
06/08/2022,SRQ,FL,ASO,ES,Towers with Radar,64,34,94,2,194,0,4,109,2,115,64,38,203,4,309,80,0,80,389
06/09/2022,SRQ,FL,ASO,ES,Towers with Radar,78,34,91,0,203,0,0,69,2,71,78,34,160,2,274,83,0,83,357
06/10/2022,SRQ,FL,ASO,ES,Towers with Radar,63,25,81,1,170,0,0,78,5,83,63,25,159,6,253,60,0,60,313
06/11/2022,SRQ,FL,ASO,ES,Towers with Radar,76,28,78,0,182,0,0,34,0,34,76,28,112,0,216,105,0,105,321
06/12/2022,SRQ,FL,ASO,ES,Towers with Radar,65,28,109,0,202,0,0,57,0,57,65,28,166,0,259,126,0,126,385
06/13/2022,SRQ,FL,ASO,ES,Towers with Radar,66,27,111,0,204,0,4,129,0,133,66,31,240,0,337,65,0,65,402
06/14/2022,SRQ,FL,ASO,ES,Towers with Radar,53,23,83,7,166,0,4,125,3,132,53,27,208,10,298,99,16,115,413
06/15/2022,SRQ,FL,ASO,ES,Towers with Radar,61,25,65,0,151,0,2,87,4,93,61,27,152,4,244,92,0,92,336
06/16/2022,SRQ,FL,ASO,ES,Towers with Radar,64,33,84,0,181,0,0,102,2,104,64,33,186,2,285,134,0,134,419
06/17/2022,SRQ,FL,ASO,ES,Towers with Radar,63,23,76,0,162,0,6,114,0,120,63,29,190,0,282,76,0,76,358
06/18/2022,SRQ,FL,ASO,ES,Towers with Radar,74,30,78,0,182,0,4,82,2,88,74,34,160,2,270,92,0,92,362
06/19/2022,SRQ,FL,ASO,ES,Towers with Radar,75,34,75,0,184,0,0,67,0,67,75,34,142,0,251,26,0,26,277
06/20/2022,SRQ,FL,ASO,ES,Towers with Radar,70,20,63,0,153,0,0,80,0,80,70,20,143,0,233,84,0,84,317
06/21/2022,SRQ,FL,ASO,ES,Towers with Radar,53,19,89,0,161,0,2,151,4,157,53,21,240,4,318,133,0,133,451
06/22/2022,SRQ,FL,ASO,ES,Towers with Radar,62,22,62,0,146,0,0,144,0,144,62,22,206,0,290,165,0,165,455
06/23/2022,SRQ,FL,ASO,ES,Towers with Radar,70,24,95,2,191,0,0,154,0,154,70,24,249,2,345,122,0,122,467
06/24/2022,SRQ,FL,ASO,ES,Towers with Radar,68,42,105,0,215,0,2,83,0,85,68,44,188,0,300,101,0,101,401
06/25/2022,SRQ,FL,ASO,ES,Towers with Radar,75,23,83,0,181,0,0,88,0,88,75,23,171,0,269,138,0,138,407
06/26/2022,SRQ,FL,ASO,ES,Towers with Radar,63,28,84,0,175,0,0,43,0,43,63,28,127,0,218,124,0,124,342
06/27/2022,SRQ,FL,ASO,ES,Towers with Radar,65,17,84,1,167,0,0,101,1,102,65,17,185,2,269,116,0,116,385
06/28/2022,SRQ,FL,ASO,ES,Towers with Radar,51,26,71,1,149,0,2,98,1,101,51,28,169,2,250,66,0,66,316
06/29/2022,SRQ,FL,ASO,ES,Towers with Radar,65,27,62,4,158,0,0,115,2,117,65,27,177,6,275,131,0,131,406
06/30/2022,SRQ,FL,ASO,ES,Towers with Radar,75,24,93,0,192,0,0,105,6,111,75,24,198,6,303,66,0,66,369
07/01/2022,SRQ,FL,ASO,ES,Towers with Radar,61,36,85,0,182,0,4,95,4,103,61,40,180,4,285,64,0,64,349
07/02/2022,SRQ,FL,ASO,ES,Towers with Radar,74,25,69,0,168,0,0,92,0,92,74,25,161,0,260,125,0,125,385
07/03/2022,SRQ,FL,ASO,ES,Towers with Radar,61,17,48,0,126,0,0,78,0,78,61,17,126,0,204,66,0,66,270
07/04/2022,SRQ,FL,ASO,ES,Towers with Radar,62,16,35,0,113,0,0,51,0,51,62,16,86,0,164,41,0,41,205
07/05/2022,SRQ,FL,ASO,ES,Towers with Radar,62,19,106,4,191,0,0,77,3,80,62,19,183,7,271,20,4,24,295
07/06/2022,SRQ,FL,ASO,ES,Towers with Radar,59,31,78,0,168,0,0,93,0,93,59,31,171,0,261,209,0,209,470
07/07/2022,SRQ,FL,ASO,ES,Towers with Radar,70,23,60,2,155,0,1,77,8,86,70,24,137,10,241,164,0,164,405
07/08/2022,SRQ,FL,ASO,ES,Towers with Radar,63,24,50,0,137,0,3,114,0,117,63,27,164,0,254,130,0,130,384
07/09/2022,SRQ,FL,ASO,ES,Towers with Radar,74,20,58,0,152,0,2,65,0,67,74,22,123,0,219,123,0,123,342
07/10/2022,SRQ,FL,ASO,ES,Towers with Radar,69,19,62,0,150,0,0,83,0,83,69,19,145,0,233,112,0,112,345
07/11/2022,SRQ,FL,ASO,ES,Towers with Radar,62,20,68,11,161,0,1,78,1,80,62,21,146,12,241,182,24,206,447
07/12/2022,SRQ,FL,ASO,ES,Towers with Radar,47,37,92,15,191,0,2,159,6,167,47,39,251,21,358,157,22,179,537
07/13/2022,SRQ,FL,ASO,ES,Towers with Radar,62,28,55,2,147,0,0,107,2,109,62,28,162,4,256,116,0,116,372
07/14/2022,SRQ,FL,ASO,ES,Towers with Radar,65,31,68,2,166,0,2,67,4,73,65,33,135,6,239,131,0,131,370
07/15/2022,SRQ,FL,ASO,ES,Towers with Radar,61,23,87,0,171,3,0,107,2,112,64,23,194,2,283,193,0,193,476
07/16/2022,SRQ,FL,ASO,ES,Towers with Radar,71,22,66,0,159,0,0,86,2,88,71,22,152,2,247,151,0,151,398
07/17/2022,SRQ,FL,ASO,ES,Towers with Radar,63,21,69,2,155,0,1,82,0,83,63,22,151,2,238,84,0,84,322
07/18/2022,SRQ,FL,ASO,ES,Towers with Radar,58,18,101,1,178,0,0,112,0,112,58,18,213,1,290,143,0,143,433
07/19/2022,SRQ,FL,ASO,ES,Towers with Radar,47,17,83,2,149,0,0,102,4,106,47,17,185,6,255,244,0,244,499
07/20/2022,SRQ,FL,ASO,ES,Towers with Radar,62,16,83,2,163,0,0,110,2,112,62,16,193,4,275,200,0,200,475
07/21/2022,SRQ,FL,ASO,ES,Towers with Radar,69,16,82,10,177,0,2,116,0,118,69,18,198,10,295,132,0,132,427
07/22/2022,SRQ,FL,ASO,ES,Towers with Radar,60,21,97,0,178,0,0,133,0,133,60,21,230,0,311,78,0,78,389
07/23/2022,SRQ,FL,ASO,ES,Towers with Radar,83,21,59,1,164,0,2,88,1,91,83,23,147,2,255,107,0,107,362
07/24/2022,SRQ,FL,ASO,ES,Towers with Radar,64,23,85,0,172,0,0,107,0,107,64,23,192,0,279,97,0,97,376
07/25/2022,SRQ,FL,ASO,ES,Towers with Radar,60,18,57,4,139,0,4,59,0,63,60,22,116,4,202,111,0,111,313
07/26/2022,SRQ,FL,ASO,ES,Towers with Radar,49,18,68,3,138,0,4,65,3,72,49,22,133,6,210,128,0,128,338
07/27/2022,SRQ,FL,ASO,ES,Towers with Radar,58,30,67,6,161,0,2,116,0,118,58,32,183,6,279,146,0,146,425
07/28/2022,SRQ,FL,ASO,ES,Towers with Radar,68,19,93,0,180,0,8,121,0,129,68,27,214,0,309,175,0,175,484
07/29/2022,SRQ,FL,ASO,ES,Towers with Radar,60,32,78,2,172,0,0,110,0,110,60,32,188,2,282,178,0,178,460
07/30/2022,SRQ,FL,ASO,ES,Towers with Radar,76,22,62,0,160,0,2,89,7,98,76,24,151,7,258,118,0,118,376
07/31/2022,SRQ,FL,ASO,ES,Towers with Radar,68,22,83,4,177,0,2,83,0,85,68,24,166,4,262,79,0,79,341
08/01/2022,SRQ,FL,ASO,ES,Towers with Radar,63,22,73,0,158,0,3,94,1,98,63,25,167,1,256,178,0,178,434
08/02/2022,SRQ,FL,ASO,ES,Towers with Radar,46,18,70,4,138,0,0,71,4,75,46,18,141,8,213,126,0,126,339
08/03/2022,SRQ,FL,ASO,ES,Towers with Radar,54,16,77,6,153,0,3,89,0,92,54,19,166,6,245,77,0,77,322
08/04/2022,SRQ,FL,ASO,ES,Towers with Radar,65,15,60,0,140,0,0,78,4,82,65,15,138,4,222,131,0,131,353
08/05/2022,SRQ,FL,ASO,ES,Towers with Radar,59,20,66,0,145,0,2,105,0,107,59,22,171,0,252,125,0,125,377
08/06/2022,SRQ,FL,ASO,ES,Towers with Radar,67,27,63,0,157,0,2,85,0,87,67,29,148,0,244,80,0,80,324
08/07/2022,SRQ,FL,ASO,ES,Towers with Radar,67,35,74,0,176,0,0,66,0,66,67,35,140,0,242,31,0,31,273
08/08/2022,SRQ,FL,ASO,ES,Towers with Radar,59,24,58,0,141,0,4,81,6,91,59,28,139,6,232,119,0,119,351
08/09/2022,SRQ,FL,ASO,ES,Towers with Radar,46,18,53,11,128,0,0,77,3,80,46,18,130,14,208,185,0,185,393
08/10/2022,SRQ,FL,ASO,ES,Towers with Radar,55,28,80,0,163,0,0,130,2,132,55,28,210,2,295,184,0,184,479
08/11/2022,SRQ,FL,ASO,ES,Towers with Radar,64,25,68,7,164,0,0,98,6,104,64,25,166,13,268,124,4,128,396
08/12/2022,SRQ,FL,ASO,ES,Towers with Radar,61,21,80,13,175,0,0,92,4,96,61,21,172,17,271,163,6,169,440
08/13/2022,SRQ,FL,ASO,ES,Towers with Radar,69,19,50,0,138,0,0,74,0,74,69,19,124,0,212,168,0,168,380
08/14/2022,SRQ,FL,ASO,ES,Towers with Radar,71,21,47,1,140,0,0,44,0,44,71,21,91,1,184,71,0,71,255
08/15/2022,SRQ,FL,ASO,ES,Towers with Radar,59,32,59,0,150,0,0,35,0,35,59,32,94,0,185,82,0,82,267
08/16/2022,SRQ,FL,ASO,ES,Towers with Radar,48,31,78,3,160,0,1,127,1,129,48,32,205,4,289,115,0,115,404
08/17/2022,SRQ,FL,ASO,ES,Towers with Radar,52,17,78,0,147,0,0,101,4,105,52,17,179,4,252,182,0,182,434
08/18/2022,SRQ,FL,ASO,ES,Towers with Radar,53,29,75,4,161,0,2,88,4,94,53,31,163,8,255,178,0,178,433
08/19/2022,SRQ,FL,ASO,ES,Towers with Radar,57,18,68,4,147,0,1,99,3,103,57,19,167,7,250,197,0,197,447
08/20/2022,SRQ,FL,ASO,ES,Towers with Radar,61,16,55,0,132,0,0,131,2,133,61,16,186,2,265,95,0,95,360
08/21/2022,SRQ,FL,ASO,ES,Towers with Radar,49,19,83,2,153,0,3,80,0,83,49,22,163,2,236,117,0,117,353
08/22/2022,SRQ,FL,ASO,ES,Towers with Radar,54,24,42,17,137,0,0,106,5,111,54,24,148,22,248,100,8,108,356
08/23/2022,SRQ,FL,ASO,ES,Towers with Radar,44,23,81,0,148,0,2,97,0,99,44,25,178,0,247,78,0,78,325
08/24/2022,SRQ,FL,ASO,ES,Towers with Radar,51,18,74,2,145,0,0,102,0,102,51,18,176,2,247,87,0,87,334
08/25/2022,SRQ,FL,ASO,ES,Towers with Radar,53,26,83,4,166,0,1,92,0,93,53,27,175,4,259,142,0,142,401
08/26/2022,SRQ,FL,ASO,ES,Towers with Radar,58,25,74,2,159,0,5,59,0,64,58,30,133,2,223,58,0,58,281
08/27/2022,SRQ,FL,ASO,ES,Towers with Radar,60,19,55,0,134,0,0,46,2,48,60,19,101,2,182,75,10,85,267
08/28/2022,SRQ,FL,ASO,ES,Towers with Radar,57,19,81,0,157,0,0,49,0,49,57,19,130,0,206,50,0,50,256
08/29/2022,SRQ,FL,ASO,ES,Towers with Radar,52,21,66,10,149,0,1,96,0,97,52,22,162,10,246,106,0,106,352
08/30/2022,SRQ,FL,ASO,ES,Towers with Radar,44,15,86,3,148,0,1,76,2,79,44,16,162,5,227,200,0,200,427
08/31/2022,SRQ,FL,ASO,ES,Towers with Radar,49,18,89,4,160,0,2,117,8,127,49,20,206,12,287,120,0,120,407
09/01/2022,SRQ,FL,ASO,ES,Towers with Radar,61,22,82,2,167,0,0,71,0,71,61,22,153,2,238,187,0,187,425
09/02/2022,SRQ,FL,ASO,ES,Towers with Radar,56,29,83,4,172,0,0,70,2,72,56,29,153,6,244,74,0,74,318
09/03/2022,SRQ,FL,ASO,ES,Towers with Radar,56,24,60,0,140,0,0,66,0,66,56,24,126,0,206,112,0,112,318
09/04/2022,SRQ,FL,ASO,ES,Towers with Radar,49,23,57,0,129,0,0,79,0,79,49,23,136,0,208,18,0,18,226
09/05/2022,SRQ,FL,ASO,ES,Towers with Radar,60,31,79,0,170,0,0,88,0,88,60,31,167,0,258,96,0,96,354
09/06/2022,SRQ,FL,ASO,ES,Towers with Radar,49,23,81,0,153,0,0,72,0,72,49,23,153,0,225,108,0,108,333
09/07/2022,SRQ,FL,ASO,ES,Towers with Radar,46,19,66,2,133,0,0,86,2,88,46,19,152,4,221,117,4,121,342
09/08/2022,SRQ,FL,ASO,ES,Towers with Radar,57,35,47,0,139,0,2,40,2,44,57,37,87,2,183,64,2,66,249
09/09/2022,SRQ,FL,ASO,ES,Towers with Radar,59,25,54,4,142,0,0,21,0,21,59,25,75,4,163,24,0,24,187
09/10/2022,SRQ,FL,ASO,ES,Towers with Radar,58,17,44,0,119,0,0,37,0,37,58,17,81,0,156,50,0,50,206
09/11/2022,SRQ,FL,ASO,ES,Towers with Radar,56,21,51,4,132,0,0,64,0,64,56,21,115,4,196,69,0,69,265
09/12/2022,SRQ,FL,ASO,ES,Towers with Radar,55,35,79,0,169,0,4,78,2,84,55,39,157,2,253,62,0,62,315
09/13/2022,SRQ,FL,ASO,ES,Towers with Radar,42,34,91,3,170,0,0,98,3,101,42,34,189,6,271,138,0,138,409
09/14/2022,SRQ,FL,ASO,ES,Towers with Radar,50,25,83,0,158,0,0,66,0,66,50,25,149,0,224,143,0,143,367
09/15/2022,SRQ,FL,ASO,ES,Towers with Radar,57,38,69,0,164,0,0,72,0,72,57,38,141,0,236,118,0,118,354
09/16/2022,SRQ,FL,ASO,ES,Towers with Radar,53,31,65,4,153,0,0,61,1,62,53,31,126,5,215,67,0,67,282
09/17/2022,SRQ,FL,ASO,ES,Towers with Radar,55,23,49,4,131,0,0,77,0,77,55,23,126,4,208,51,0,51,259
09/18/2022,SRQ,FL,ASO,ES,Towers with Radar,56,29,67,0,152,0,0,38,0,38,56,29,105,0,190,69,0,69,259
09/19/2022,SRQ,FL,ASO,ES,Towers with Radar,57,28,66,0,151,0,7,96,2,105,57,35,162,2,256,90,0,90,346
09/20/2022,SRQ,FL,ASO,ES,Towers with Radar,42,18,77,2,139,0,0,106,2,108,42,18,183,4,247,81,0,81,328
09/21/2022,SRQ,FL,ASO,ES,Towers with Radar,45,26,88,3,162,0,9,118,5,132,45,35,206,8,294,149,0,149,443
09/22/2022,SRQ,FL,ASO,ES,Towers with Radar,57,33,87,4,181,0,0,124,4,128,57,33,211,8,309,86,0,86,395
09/23/2022,SRQ,FL,ASO,ES,Towers with Radar,62,38,69,0,169,0,4,104,0,108,62,42,173,0,277,69,0,69,346
09/24/2022,SRQ,FL,ASO,ES,Towers with Radar,56,22,58,0,136,0,0,84,3,87,56,22,142,3,223,93,4,97,320
09/25/2022,SRQ,FL,ASO,ES,Towers with Radar,57,29,77,0,163,0,0,85,0,85,57,29,162,0,248,82,0,82,330
09/26/2022,SRQ,FL,ASO,ES,Towers with Radar,57,58,81,0,196,0,0,61,0,61,57,58,142,0,257,34,0,34,291
09/27/2022,SRQ,FL,ASO,ES,Towers with Radar,31,56,63,2,152,0,0,12,0,12,31,56,75,2,164,0,0,0,164
09/28/2022,SRQ,FL,ASO,ES,Towers with Radar,0,0,0,0,0,0,0,0,0,0,0,0,0,0,0,0,0,0,0
09/29/2022,SRQ,FL,ASO,ES,Towers with Radar,0,0,0,0,0,0,0,2,0,2,0,0,2,0,2,0,0,0,2
09/30/2022,SRQ,FL,ASO,ES,Towers with Radar,15,12,53,3,83,0,0,46,4,50,15,12,99,7,133,0,0,0,133
10/01/2022,SRQ,FL,ASO,ES,Towers with Radar,51,32,51,0,134,0,1,90,8,99,51,33,141,8,233,74,0,74,307
10/02/2022,SRQ,FL,ASO,ES,Towers with Radar,50,21,73,0,144,0,2,103,6,111,50,23,176,6,255,96,0,96,351
10/03/2022,SRQ,FL,ASO,ES,Towers with Radar,58,43,69,2,172,0,0,128,8,136,58,43,197,10,308,63,0,63,371
10/04/2022,SRQ,FL,ASO,ES,Towers with Radar,46,32,97,0,175,0,0,113,0,113,46,32,210,0,288,170,0,170,458
10/05/2022,SRQ,FL,ASO,ES,Towers with Radar,67,43,76,0,186,0,4,97,2,103,67,47,173,2,289,192,0,192,481
10/06/2022,SRQ,FL,ASO,ES,Towers with Radar,79,44,75,0,198,0,0,109,0,109,79,44,184,0,307,164,0,164,471
10/07/2022,SRQ,FL,ASO,ES,Towers with Radar,69,55,78,1,203,0,0,121,3,124,69,55,199,4,327,98,0,98,425
10/08/2022,SRQ,FL,ASO,ES,Towers with Radar,84,31,44,0,159,0,0,112,0,112,84,31,156,0,271,93,0,93,364
10/09/2022,SRQ,FL,ASO,ES,Towers with Radar,84,49,61,7,201,0,0,106,6,112,84,49,167,13,313,104,2,106,419
10/10/2022,SRQ,FL,ASO,ES,Towers with Radar,74,42,76,0,192,0,0,81,0,81,74,42,157,0,273,114,0,114,387
10/11/2022,SRQ,FL,ASO,ES,Towers with Radar,57,33,63,0,153,0,1,104,0,105,57,34,167,0,258,188,0,188,446
10/12/2022,SRQ,FL,ASO,ES,Towers with Radar,70,36,78,0,184,0,0,82,0,82,70,36,160,0,266,139,0,139,405
10/13/2022,SRQ,FL,ASO,ES,Towers with Radar,84,41,57,1,183,0,0,54,2,56,84,41,111,3,239,137,0,137,376
10/14/2022,SRQ,FL,ASO,ES,Towers with Radar,75,50,97,15,237,0,0,104,3,107,75,50,201,18,344,68,0,68,412
10/15/2022,SRQ,FL,ASO,ES,Towers with Radar,82,25,57,1,165,0,0,132,0,132,82,25,189,1,297,34,0,34,331
10/16/2022,SRQ,FL,ASO,ES,Towers with Radar,81,33,95,0,209,0,0,85,2,87,81,33,180,2,296,18,0,18,314
10/17/2022,SRQ,FL,ASO,ES,Towers with Radar,75,48,86,3,212,0,0,89,3,92,75,48,175,6,304,32,0,32,336
10/18/2022,SRQ,FL,ASO,ES,Towers with Radar,58,48,68,4,178,0,0,55,0,55,58,48,123,4,233,167,0,167,400
10/19/2022,SRQ,FL,ASO,ES,Towers with Radar,68,35,95,11,209,0,2,86,1,89,68,37,181,12,298,91,4,95,393
10/20/2022,SRQ,FL,ASO,ES,Towers with Radar,82,56,101,1,240,0,2,121,1,124,82,58,222,2,364,94,0,94,458
10/21/2022,SRQ,FL,ASO,ES,Towers with Radar,73,48,102,0,223,0,2,124,0,126,73,50,226,0,349,82,0,82,431
10/22/2022,SRQ,FL,ASO,ES,Towers with Radar,80,54,88,0,222,0,0,105,0,105,80,54,193,0,327,152,0,152,479
10/23/2022,SRQ,FL,ASO,ES,Towers with Radar,82,40,75,0,197,0,0,95,0,95,82,40,170,0,292,76,0,76,368
10/24/2022,SRQ,FL,ASO,ES,Towers with Radar,72,51,68,0,191,0,2,93,0,95,72,53,161,0,286,164,0,164,450
10/25/2022,SRQ,FL,ASO,ES,Towers with Radar,52,30,79,0,161,0,2,146,1,149,52,32,225,1,310,137,0,137,447
10/26/2022,SRQ,FL,ASO,ES,Towers with Radar,68,55,97,2,222,0,0,110,7,117,68,55,207,9,339,142,0,142,481
10/27/2022,SRQ,FL,ASO,ES,Towers with Radar,81,55,115,3,254,0,0,121,1,122,81,55,236,4,376,122,4,126,502
10/28/2022,SRQ,FL,ASO,ES,Towers with Radar,72,37,108,0,217,0,2,97,0,99,72,39,205,0,316,133,0,133,449
10/29/2022,SRQ,FL,ASO,ES,Towers with Radar,77,24,94,0,195,0,2,81,0,83,77,26,175,0,278,126,0,126,404
10/30/2022,SRQ,FL,ASO,ES,Towers with Radar,82,35,90,2,209,0,1,90,0,91,82,36,180,2,300,62,0,62,362
10/31/2022,SRQ,FL,ASO,ES,Towers with Radar,74,23,78,0,175,0,2,84,0,86,74,25,162,0,261,106,0,106,367
11/01/2022,SRQ,FL,ASO,ES,Towers with Radar,60,19,97,0,176,0,0,72,2,74,60,19,169,2,250,89,0,89,339
11/02/2022,SRQ,FL,ASO,ES,Towers with Radar,78,45,96,0,219,0,1,53,0,54,78,46,149,0,273,55,0,55,328
11/03/2022,SRQ,FL,ASO,ES,Towers with Radar,91,45,114,0,250,0,0,118,4,122,91,45,232,4,372,95,0,95,467
11/04/2022,SRQ,FL,ASO,ES,Towers with Radar,82,46,94,2,224,0,0,114,2,116,82,46,208,4,340,156,10,166,506
11/05/2022,SRQ,FL,ASO,ES,Towers with Radar,88,37,67,1,193,0,0,119,4,123,88,37,186,5,316,107,0,107,423
11/06/2022,SRQ,FL,ASO,ES,Towers with Radar,94,42,77,2,215,0,0,75,0,75,94,42,152,2,290,74,0,74,364
11/07/2022,SRQ,FL,ASO,ES,Towers with Radar,84,45,79,1,209,0,0,86,3,89,84,45,165,4,298,124,0,124,422
11/08/2022,SRQ,FL,ASO,ES,Towers with Radar,70,19,88,0,177,0,0,65,4,69,70,19,153,4,246,117,0,117,363
11/09/2022,SRQ,FL,ASO,ES,Towers with Radar,81,47,53,4,185,0,0,3,0,3,81,47,56,4,188,0,0,0,188
11/10/2022,SRQ,FL,ASO,ES,Towers with Radar,89,8,10,0,107,0,0,0,0,0,89,8,10,0,107,0,0,0,107
11/11/2022,SRQ,FL,ASO,ES,Towers with Radar,82,21,83,0,186,0,0,89,0,89,82,21,172,0,275,124,0,124,399
11/12/2022,SRQ,FL,ASO,ES,Towers with Radar,95,47,79,4,225,0,0,110,0,110,95,47,189,4,335,107,0,107,442
11/13/2022,SRQ,FL,ASO,ES,Towers with Radar,94,42,111,0,247,0,0,51,0,51,94,42,162,0,298,84,0,84,382
11/14/2022,SRQ,FL,ASO,ES,Towers with Radar,87,39,137,0,263,0,1,128,2,131,87,40,265,2,394,124,0,124,518
11/15/2022,SRQ,FL,ASO,ES,Towers with Radar,71,44,105,25,245,0,4,141,5,150,71,48,246,30,395,158,0,158,553
11/16/2022,SRQ,FL,ASO,ES,Towers with Radar,76,40,131,2,249,0,0,33,0,33,76,40,164,2,282,71,0,71,353
11/17/2022,SRQ,FL,ASO,ES,Towers with Radar,95,56,97,0,248,0,0,139,1,140,95,56,236,1,388,168,1,169,557
11/18/2022,SRQ,FL,ASO,ES,Towers with Radar,93,66,114,6,279,0,1,173,2,176,93,67,287,8,455,80,4,84,539
11/19/2022,SRQ,FL,ASO,ES,Towers with Radar,111,58,105,0,274,0,0,124,4,128,111,58,229,4,402,80,0,80,482
11/20/2022,SRQ,FL,ASO,ES,Towers with Radar,104,49,88,0,241,0,0,8,0,8,104,49,96,0,249,26,0,26,275
11/21/2022,SRQ,FL,ASO,ES,Towers with Radar,95,43,99,0,237,0,0,54,0,54,95,43,153,0,291,101,0,101,392
11/22/2022,SRQ,FL,ASO,ES,Towers with Radar,110,68,137,2,317,0,0,25,0,25,110,68,162,2,342,74,0,74,416
11/23/2022,SRQ,FL,ASO,ES,Towers with Radar,128,42,101,0,271,0,0,45,0,45,128,42,146,0,316,81,0,81,397
11/24/2022,SRQ,FL,ASO,ES,Towers with Radar,63,15,17,0,95,0,0,22,0,22,63,15,39,0,117,8,0,8,125
11/25/2022,SRQ,FL,ASO,ES,Towers with Radar,81,35,77,0,193,0,0,74,0,74,81,35,151,0,267,84,0,84,351
11/26/2022,SRQ,FL,ASO,ES,Towers with Radar,122,56,102,1,281,0,0,64,0,64,122,56,166,1,345,56,0,56,401
11/27/2022,SRQ,FL,ASO,ES,Towers with Radar,107,77,132,0,316,0,1,43,1,45,107,78,175,1,361,0,0,0,361
11/28/2022,SRQ,FL,ASO,ES,Towers with Radar,114,59,150,5,328,0,0,130,1,131,114,59,280,6,459,60,0,60,519
11/29/2022,SRQ,FL,ASO,ES,Towers with Radar,71,30,82,1,184,0,0,149,0,149,71,30,231,1,333,129,0,129,462
11/30/2022,SRQ,FL,ASO,ES,Towers with Radar,82,36,85,8,211,0,3,117,1,121,82,39,202,9,332,116,10,126,458
12/01/2022,SRQ,FL,ASO,ES,Towers with Radar,98,32,79,4,213,0,2,112,2,116,98,34,191,6,329,78,0,78,407
12/02/2022,SRQ,FL,ASO,ES,Towers with Radar,81,32,87,1,201,0,0,99,1,100,81,32,186,2,301,100,0,100,401
12/03/2022,SRQ,FL,ASO,ES,Towers with Radar,95,37,68,0,200,0,7,154,0,161,95,44,222,0,361,47,0,47,408
12/04/2022,SRQ,FL,ASO,ES,Towers with Radar,100,43,72,0,215,0,0,83,0,83,100,43,155,0,298,143,0,143,441
12/05/2022,SRQ,FL,ASO,ES,Towers with Radar,83,35,107,10,235,0,4,118,2,124,83,39,225,12,359,107,0,107,466
12/06/2022,SRQ,FL,ASO,ES,Towers with Radar,69,35,84,4,192,0,2,133,2,137,69,37,217,6,329,106,0,106,435
12/07/2022,SRQ,FL,ASO,ES,Towers with Radar,85,37,101,15,238,0,3,137,5,145,85,40,238,20,383,137,6,143,526
12/08/2022,SRQ,FL,ASO,ES,Towers with Radar,100,35,76,3,214,0,2,96,5,103,100,37,172,8,317,122,0,122,439
12/09/2022,SRQ,FL,ASO,ES,Towers with Radar,85,48,97,4,234,0,3,118,0,121,85,51,215,4,355,130,0,130,485
12/10/2022,SRQ,FL,ASO,ES,Towers with Radar,96,33,63,0,192,0,0,92,0,92,96,33,155,0,284,99,0,99,383
12/11/2022,SRQ,FL,ASO,ES,Towers with Radar,100,46,76,0,222,0,2,10,0,12,100,48,86,0,234,18,0,18,252
12/12/2022,SRQ,FL,ASO,ES,Towers with Radar,84,46,102,2,234,0,3,76,0,79,84,49,178,2,313,78,0,78,391
12/13/2022,SRQ,FL,ASO,ES,Towers with Radar,71,28,91,3,193,0,5,117,6,128,71,33,208,9,321,151,0,151,472
12/14/2022,SRQ,FL,ASO,ES,Towers with Radar,74,47,88,4,213,0,0,81,0,81,74,47,169,4,294,53,0,53,347
12/15/2022,SRQ,FL,ASO,ES,Towers with Radar,99,49,55,0,203,0,0,1,0,1,99,49,56,0,204,0,0,0,204
12/16/2022,SRQ,FL,ASO,ES,Towers with Radar,103,60,87,7,257,0,2,133,8,143,103,62,220,15,400,62,0,62,462
12/17/2022,SRQ,FL,ASO,ES,Towers with Radar,114,25,86,7,232,0,2,146,4,152,114,27,232,11,384,92,0,92,476
12/18/2022,SRQ,FL,ASO,ES,Towers with Radar,112,31,61,0,204,0,4,72,0,76,112,35,133,0,280,152,0,152,432
12/19/2022,SRQ,FL,ASO,ES,Towers with Radar,110,45,93,2,250,0,2,106,4,112,110,47,199,6,362,85,0,85,447
12/20/2022,SRQ,FL,ASO,ES,Towers with Radar,110,37,60,0,207,0,0,43,0,43,110,37,103,0,250,108,0,108,358
12/21/2022,SRQ,FL,ASO,ES,Towers with Radar,123,69,136,0,328,0,6,52,1,59,123,75,188,1,387,115,0,115,502
12/22/2022,SRQ,FL,ASO,ES,Towers with Radar,108,48,114,8,278,0,0,30,0,30,108,48,144,8,308,46,0,46,354
12/23/2022,SRQ,FL,ASO,ES,Towers with Radar,82,26,73,0,181,0,0,32,0,32,82,26,105,0,213,14,0,14,227
12/24/2022,SRQ,FL,ASO,ES,Towers with Radar,100,25,26,1,152,0,0,34,2,36,100,25,60,3,188,41,0,41,229
12/25/2022,SRQ,FL,ASO,ES,Towers with Radar,76,40,25,0,141,0,0,10,0,10,76,40,35,0,151,0,0,0,151
12/26/2022,SRQ,FL,ASO,ES,Towers with Radar,86,76,122,1,285,0,0,96,4,100,86,76,218,5,385,87,0,87,472
12/27/2022,SRQ,FL,ASO,ES,Towers with Radar,97,94,149,0,340,0,0,112,0,112,97,94,261,0,452,20,0,20,472
12/28/2022,SRQ,FL,ASO,ES,Towers with Radar,105,92,98,0,295,0,2,138,3,143,105,94,236,3,438,49,0,49,487
12/29/2022,SRQ,FL,ASO,ES,Towers with Radar,99,68,97,1,265,0,3,98,5,106,99,71,195,6,371,56,0,56,427
12/30/2022,SRQ,FL,ASO,ES,Towers with Radar,111,75,105,0,291,0,1,85,0,86,111,76,190,0,377,96,0,96,473
12/31/2022,SRQ,FL,ASO,ES,Towers with Radar,127,43,71,0,241,0,0,21,0,21,127,43,92,0,262,16,0,16,278
01/01/2023,SRQ,FL,ASO,ES,Towers with Radar,95,47,74,0,216,0,0,28,0,28,95,47,102,0,244,0,0,0,244
01/02/2023,SRQ,FL,ASO,ES,Towers with Radar,102,45,131,0,278,0,3,92,0,95,102,48,223,0,373,48,0,48,421
01/03/2023,SRQ,FL,ASO,ES,Towers with Radar,110,57,114,0,281,0,3,108,0,111,110,60,222,0,392,115,0,115,507
01/04/2023,SRQ,FL,ASO,ES,Towers with Radar,85,41,78,17,221,0,2,77,0,79,85,43,155,17,300,64,0,64,364
01/05/2023,SRQ,FL,ASO,ES,Towers with Radar,116,44,89,1,250,0,1,50,2,53,116,45,139,3,303,63,0,63,366
01/06/2023,SRQ,FL,ASO,ES,Towers with Radar,106,42,97,8,253,0,2,126,6,134,106,44,223,14,387,162,0,162,549
01/07/2023,SRQ,FL,ASO,ES,Towers with Radar,114,67,86,3,270,0,0,126,1,127,114,67,212,4,397,50,0,50,447
01/08/2023,SRQ,FL,ASO,ES,Towers with Radar,114,55,103,13,285,0,0,98,1,99,114,55,201,14,384,54,0,54,438
01/09/2023,SRQ,FL,ASO,ES,Towers with Radar,102,31,90,0,223,0,3,123,3,129,102,34,213,3,352,88,4,92,444
01/10/2023,SRQ,FL,ASO,ES,Towers with Radar,80,40,107,0,227,0,2,132,10,144,80,42,239,10,371,94,0,94,465
01/11/2023,SRQ,FL,ASO,ES,Towers with Radar,81,35,102,0,218,0,2,119,0,121,81,37,221,0,339,123,0,123,462
01/12/2023,SRQ,FL,ASO,ES,Towers with Radar,101,52,122,17,292,0,2,131,1,134,101,54,253,18,426,134,0,134,560
01/13/2023,SRQ,FL,ASO,ES,Towers with Radar,97,46,97,0,240,0,0,20,2,22,97,46,117,2,262,12,0,12,274
01/14/2023,SRQ,FL,ASO,ES,Towers with Radar,106,35,70,0,211,0,0,73,0,73,106,35,143,0,284,18,0,18,302
01/15/2023,SRQ,FL,ASO,ES,Towers with Radar,107,45,80,0,232,0,0,88,0,88,107,45,168,0,320,70,0,70,390
01/16/2023,SRQ,FL,ASO,ES,Towers with Radar,102,60,88,1,251,0,6,127,1,134,102,66,215,2,385,74,0,74,459
01/17/2023,SRQ,FL,ASO,ES,Towers with Radar,78,45,88,6,217,0,5,148,10,163,78,50,236,16,380,74,12,86,466
01/18/2023,SRQ,FL,ASO,ES,Towers with Radar,86,41,98,8,233,0,4,133,0,137,86,45,231,8,370,127,0,127,497
01/19/2023,SRQ,FL,ASO,ES,Towers with Radar,108,52,106,12,278,0,1,101,1,103,108,53,207,13,381,35,0,35,416
01/20/2023,SRQ,FL,ASO,ES,Towers with Radar,95,38,126,3,262,0,0,78,0,78,95,38,204,3,340,132,0,132,472
01/21/2023,SRQ,FL,ASO,ES,Towers with Radar,114,28,70,0,212,0,0,68,0,68,114,28,138,0,280,76,0,76,356
01/22/2023,SRQ,FL,ASO,ES,Towers with Radar,104,51,76,0,231,0,0,43,0,43,104,51,119,0,274,0,0,0,274
01/23/2023,SRQ,FL,ASO,ES,Towers with Radar,104,35,116,10,265,0,0,107,2,109,104,35,223,12,374,53,0,53,427
01/24/2023,SRQ,FL,ASO,ES,Towers with Radar,76,47,104,4,231,0,1,132,0,133,76,48,236,4,364,128,0,128,492
01/25/2023,SRQ,FL,ASO,ES,Towers with Radar,82,32,71,3,188,0,0,64,1,65,82,32,135,4,253,32,10,42,295
01/26/2023,SRQ,FL,ASO,ES,Towers with Radar,102,47,123,2,274,0,2,104,0,106,102,49,227,2,380,86,0,86,466
01/27/2023,SRQ,FL,ASO,ES,Towers with Radar,96,46,114,3,259,0,4,127,5,136,96,50,241,8,395,116,0,116,511
01/28/2023,SRQ,FL,ASO,ES,Towers with Radar,115,38,95,0,248,0,1,84,0,85,115,39,179,0,333,82,0,82,415
01/29/2023,SRQ,FL,ASO,ES,Towers with Radar,107,42,105,0,254,0,0,90,2,92,107,42,195,2,346,46,0,46,392
01/30/2023,SRQ,FL,ASO,ES,Towers with Radar,95,57,78,16,246,0,1,126,1,128,95,58,204,17,374,100,0,100,474
01/31/2023,SRQ,FL,ASO,ES,Towers with Radar,73,41,94,12,220,1,2,135,8,146,74,43,229,20,366,119,0,119,485
02/01/2023,SRQ,FL,ASO,ES,Towers with Radar,84,53,109,11,257,0,2,108,1,111,84,55,217,12,368,84,0,84,452
02/02/2023,SRQ,FL,ASO,ES,Towers with Radar,103,42,101,4,250,0,7,160,0,167,103,49,261,4,417,111,0,111,528
02/03/2023,SRQ,FL,ASO,ES,Towers with Radar,100,37,115,5,257,0,0,23,0,23,100,37,138,5,280,16,0,16,296
02/04/2023,SRQ,FL,ASO,ES,Towers with Radar,110,36,74,1,221,0,0,98,1,99,110,36,172,2,320,79,0,79,399
02/05/2023,SRQ,FL,ASO,ES,Towers with Radar,118,41,101,0,260,0,2,113,0,115,118,43,214,0,375,68,0,68,443
02/06/2023,SRQ,FL,ASO,ES,Towers with Radar,99,42,89,0,230,0,1,128,0,129,99,43,217,0,359,131,0,131,490
02/07/2023,SRQ,FL,ASO,ES,Towers with Radar,82,58,83,2,225,0,2,151,6,159,82,60,234,8,384,61,0,61,445
02/08/2023,SRQ,FL,ASO,ES,Towers with Radar,94,48,104,0,246,0,5,161,2,168,94,53,265,2,414,105,0,105,519
02/09/2023,SRQ,FL,ASO,ES,Towers with Radar,107,50,103,2,262,0,0,115,4,119,107,50,218,6,381,79,0,79,460
02/10/2023,SRQ,FL,ASO,ES,Towers with Radar,103,50,99,4,256,0,0,94,3,97,103,50,193,7,353,96,0,96,449
02/11/2023,SRQ,FL,ASO,ES,Towers with Radar,111,46,58,0,215,1,0,49,0,50,112,46,107,0,265,27,0,27,292
02/12/2023,SRQ,FL,ASO,ES,Towers with Radar,118,48,57,2,225,0,0,21,0,21,118,48,78,2,246,14,0,14,260
02/13/2023,SRQ,FL,ASO,ES,Towers with Radar,107,36,105,0,248,0,3,171,1,175,107,39,276,1,423,62,0,62,485
02/14/2023,SRQ,FL,ASO,ES,Towers with Radar,85,61,94,0,240,0,4,147,0,151,85,65,241,0,391,149,0,149,540
02/15/2023,SRQ,FL,ASO,ES,Towers with Radar,95,57,120,0,272,0,1,156,0,157,95,58,276,0,429,117,0,117,546
02/16/2023,SRQ,FL,ASO,ES,Towers with Radar,118,63,120,10,311,0,4,145,15,164,118,67,265,25,475,104,12,116,591
02/17/2023,SRQ,FL,ASO,ES,Towers with Radar,117,49,123,2,291,0,0,117,0,117,117,49,240,2,408,75,0,75,483
02/18/2023,SRQ,FL,ASO,ES,Towers with Radar,122,56,98,0,276,0,0,178,0,178,122,56,276,0,454,32,0,32,486
02/19/2023,SRQ,FL,ASO,ES,Towers with Radar,123,47,110,1,281,0,0,73,4,77,123,47,183,5,358,99,4,103,461
02/20/2023,SRQ,FL,ASO,ES,Towers with Radar,118,43,116,0,277,0,0,103,0,103,118,43,219,0,380,92,0,92,472
02/21/2023,SRQ,FL,ASO,ES,Towers with Radar,93,55,149,2,299,0,0,95,0,95,93,55,244,2,394,80,2,82,476
02/22/2023,SRQ,FL,ASO,ES,Towers with Radar,91,64,116,9,280,0,4,125,1,130,91,68,241,10,410,47,8,55,465
02/23/2023,SRQ,FL,ASO,ES,Towers with Radar,110,68,94,1,273,0,4,164,6,174,110,72,258,7,447,121,0,121,568
02/24/2023,SRQ,FL,ASO,ES,Towers with Radar,117,59,117,0,293,0,2,164,9,175,117,61,281,9,468,80,0,80,548
02/25/2023,SRQ,FL,ASO,ES,Towers with Radar,118,36,87,2,243,0,3,128,23,154,118,39,215,25,397,73,0,73,470
02/26/2023,SRQ,FL,ASO,ES,Towers with Radar,121,63,83,0,267,0,0,147,23,170,121,63,230,23,437,52,0,52,489
02/27/2023,SRQ,FL,ASO,ES,Towers with Radar,117,47,78,1,243,0,7,107,2,116,117,54,185,3,359,76,0,76,435
02/28/2023,SRQ,FL,ASO,ES,Towers with Radar,86,44,110,5,245,0,3,144,3,150,86,47,254,8,395,64,0,64,459
03/01/2023,SRQ,FL,ASO,ES,Towers with Radar,97,47,93,0,237,0,2,111,0,113,97,49,204,0,350,146,0,146,496
03/02/2023,SRQ,FL,ASO,ES,Towers with Radar,112,42,112,19,285,0,2,149,2,153,112,44,261,21,438,110,0,110,548
03/03/2023,SRQ,FL,ASO,ES,Towers with Radar,113,53,74,11,251,0,5,53,1,59,113,58,127,12,310,67,0,67,377
03/04/2023,SRQ,FL,ASO,ES,Towers with Radar,114,49,79,6,248,0,4,112,0,116,114,53,191,6,364,63,0,63,427
03/05/2023,SRQ,FL,ASO,ES,Towers with Radar,118,54,118,12,302,0,0,104,0,104,118,54,222,12,406,91,0,91,497
03/06/2023,SRQ,FL,ASO,ES,Towers with Radar,114,50,121,0,285,0,2,109,0,111,114,52,230,0,396,88,0,88,484
03/07/2023,SRQ,FL,ASO,ES,Towers with Radar,85,38,92,6,221,0,2,126,2,130,85,40,218,8,351,66,0,66,417
03/08/2023,SRQ,FL,ASO,ES,Towers with Radar,97,57,100,0,254,0,1,106,0,107,97,58,206,0,361,152,0,152,513
03/09/2023,SRQ,FL,ASO,ES,Towers with Radar,121,60,104,0,285,0,2,159,2,163,121,62,263,2,448,93,0,93,541
03/10/2023,SRQ,FL,ASO,ES,Towers with Radar,126,49,91,6,272,0,2,126,1,129,126,51,217,7,401,89,0,89,490
03/11/2023,SRQ,FL,ASO,ES,Towers with Radar,145,63,99,0,307,0,2,137,0,139,145,65,236,0,446,43,0,43,489
03/12/2023,SRQ,FL,ASO,ES,Towers with Radar,126,55,104,0,285,1,2,104,0,107,127,57,208,0,392,132,0,132,524
03/13/2023,SRQ,FL,ASO,ES,Towers with Radar,125,47,95,0,267,0,0,9,2,11,125,47,104,2,278,38,0,38,316
03/14/2023,SRQ,FL,ASO,ES,Towers with Radar,97,47,97,0,241,0,0,135,6,141,97,47,232,6,382,110,0,110,492
03/15/2023,SRQ,FL,ASO,ES,Towers with Radar,110,46,77,0,233,0,3,85,6,94,110,49,162,6,327,172,0,172,499
03/16/2023,SRQ,FL,ASO,ES,Towers with Radar,124,57,105,1,287,0,3,156,4,163,124,60,261,5,450,76,0,76,526
03/17/2023,SRQ,FL,ASO,ES,Towers with Radar,126,59,94,0,279,0,2,116,0,118,126,61,210,0,397,89,0,89,486
03/18/2023,SRQ,FL,ASO,ES,Towers with Radar,147,55,92,0,294,0,0,110,0,110,147,55,202,0,404,37,0,37,441
03/19/2023,SRQ,FL,ASO,ES,Towers with Radar,134,65,120,0,319,0,0,64,0,64,134,65,184,0,383,56,0,56,439
03/20/2023,SRQ,FL,ASO,ES,Towers with Radar,127,43,84,4,258,0,0,111,0,111,127,43,195,4,369,108,0,108,477
03/21/2023,SRQ,FL,ASO,ES,Towers with Radar,102,31,84,2,219,0,0,153,8,161,102,31,237,10,380,110,8,118,498
03/22/2023,SRQ,FL,ASO,ES,Towers with Radar,113,39,82,0,234,0,0,149,0,149,113,39,231,0,383,213,0,213,596
03/23/2023,SRQ,FL,ASO,ES,Towers with Radar,126,36,117,9,288,0,1,204,4,209,126,37,321,13,497,164,0,164,661
03/24/2023,SRQ,FL,ASO,ES,Towers with Radar,127,49,126,0,302,0,1,141,4,146,127,50,267,4,448,74,0,74,522
03/25/2023,SRQ,FL,ASO,ES,Towers with Radar,144,54,125,0,323,0,0,78,0,78,144,54,203,0,401,38,0,38,439
03/26/2023,SRQ,FL,ASO,ES,Towers with Radar,133,59,133,0,325,0,0,98,0,98,133,59,231,0,423,49,0,49,472
03/27/2023,SRQ,FL,ASO,ES,Towers with Radar,127,49,82,16,274,0,1,120,3,124,127,50,202,19,398,80,5,85,483
03/28/2023,SRQ,FL,ASO,ES,Towers with Radar,102,36,88,2,228,0,5,103,1,109,102,41,191,3,337,116,0,116,453
03/29/2023,SRQ,FL,ASO,ES,Towers with Radar,111,45,99,1,256,0,4,102,6,112,111,49,201,7,368,175,0,175,543
03/30/2023,SRQ,FL,ASO,ES,Towers with Radar,127,54,85,2,268,0,0,137,2,139,127,54,222,4,407,153,0,153,560
03/31/2023,SRQ,FL,ASO,ES,Towers with Radar,122,64,111,4,301,0,2,107,3,112,122,66,218,7,413,103,0,103,516
04/01/2023,SRQ,FL,ASO,ES,Towers with Radar,138,56,99,0,293,0,0,94,0,94,138,56,193,0,387,72,0,72,459
04/02/2023,SRQ,FL,ASO,ES,Towers with Radar,136,50,138,2,326,0,1,65,0,66,136,51,203,2,392,10,0,10,402
04/03/2023,SRQ,FL,ASO,ES,Towers with Radar,124,57,87,5,273,0,5,92,2,99,124,62,179,7,372,135,5,140,512
04/04/2023,SRQ,FL,ASO,ES,Towers with Radar,101,45,109,4,259,0,0,130,0,130,101,45,239,4,389,73,0,73,462
04/05/2023,SRQ,FL,ASO,ES,Towers with Radar,106,35,97,2,240,0,0,152,0,152,106,35,249,2,392,203,0,203,595
04/06/2023,SRQ,FL,ASO,ES,Towers with Radar,122,85,103,0,310,0,0,141,6,147,122,85,244,6,457,52,0,52,509
04/07/2023,SRQ,FL,ASO,ES,Towers with Radar,122,60,98,0,280,0,0,147,0,147,122,60,245,0,427,122,0,122,549
04/08/2023,SRQ,FL,ASO,ES,Towers with Radar,150,61,86,1,298,0,4,150,2,156,150,65,236,3,454,93,0,93,547
04/09/2023,SRQ,FL,ASO,ES,Towers with Radar,137,44,51,0,232,0,0,26,0,26,137,44,77,0,258,34,0,34,292
04/10/2023,SRQ,FL,ASO,ES,Towers with Radar,122,65,124,3,314,0,0,64,2,66,122,65,188,5,380,74,0,74,454
04/11/2023,SRQ,FL,ASO,ES,Towers with Radar,88,49,86,2,225,0,0,89,4,93,88,49,175,6,318,23,0,23,341
04/12/2023,SRQ,FL,ASO,ES,Towers with Radar,96,41,86,0,223,0,0,15,0,15,96,41,101,0,238,30,0,30,268
04/13/2023,SRQ,FL,ASO,ES,Towers with Radar,114,57,115,0,286,0,2,106,0,108,114,59,221,0,394,120,0,120,514
04/14/2023,SRQ,FL,ASO,ES,Towers with Radar,116,48,125,4,293,0,0,126,4,130,116,48,251,8,423,61,0,61,484
04/15/2023,SRQ,FL,ASO,ES,Towers with Radar,105,42,98,0,245,0,2,105,1,108,105,44,203,1,353,16,0,16,369
04/16/2023,SRQ,FL,ASO,ES,Towers with Radar,119,43,102,0,264,0,0,112,1,113,119,43,214,1,377,102,0,102,479
04/17/2023,SRQ,FL,ASO,ES,Towers with Radar,109,51,97,0,257,0,2,59,4,65,109,53,156,4,322,87,6,93,415
04/18/2023,SRQ,FL,ASO,ES,Towers with Radar,82,52,94,0,228,0,3,134,6,143,82,55,228,6,371,180,0,180,551
04/19/2023,SRQ,FL,ASO,ES,Towers with Radar,87,35,96,2,220,0,4,151,6,161,87,39,247,8,381,159,0,159,540
04/20/2023,SRQ,FL,ASO,ES,Towers with Radar,109,47,87,2,245,0,4,138,15,157,109,51,225,17,402,106,7,113,515
04/21/2023,SRQ,FL,ASO,ES,Towers with Radar,106,60,115,28,309,0,1,162,1,164,106,61,277,29,473,164,0,164,637
04/22/2023,SRQ,FL,ASO,ES,Towers with Radar,101,44,78,0,223,0,2,131,0,133,101,46,209,0,356,119,0,119,475
04/23/2023,SRQ,FL,ASO,ES,Towers with Radar,120,53,84,3,260,0,0,97,1,98,120,53,181,4,358,95,0,95,453
04/24/2023,SRQ,FL,ASO,ES,Towers with Radar,105,40,91,2,238,0,1,75,0,76,105,41,166,2,314,120,2,122,436
04/25/2023,SRQ,FL,ASO,ES,Towers with Radar,83,38,105,2,228,0,7,117,0,124,83,45,222,2,352,139,0,139,491
04/26/2023,SRQ,FL,ASO,ES,Towers with Radar,85,51,106,2,244,0,1,109,0,110,85,52,215,2,354,140,0,140,494
04/27/2023,SRQ,FL,ASO,ES,Towers with Radar,96,46,83,2,227,0,3,159,5,167,96,49,242,7,394,115,0,115,509
04/28/2023,SRQ,FL,ASO,ES,Towers with Radar,106,46,82,3,237,0,0,56,0,56,106,46,138,3,293,43,0,43,336
04/29/2023,SRQ,FL,ASO,ES,Towers with Radar,101,27,63,0,191,0,0,32,0,32,101,27,95,0,223,130,0,130,353
04/30/2023,SRQ,FL,ASO,ES,Towers with Radar,120,63,62,1,246,0,0,4,8,12,120,63,66,9,258,0,0,0,258
05/01/2023,SRQ,FL,ASO,ES,Towers with Radar,105,59,107,0,271,0,1,128,0,129,105,60,235,0,400,91,0,91,491
05/02/2023,SRQ,FL,ASO,ES,Towers with Radar,75,46,112,2,235,0,1,132,2,135,75,47,244,4,370,80,0,80,450
05/03/2023,SRQ,FL,ASO,ES,Towers with Radar,85,54,113,4,256,0,2,150,5,157,85,56,263,9,413,131,0,131,544
05/04/2023,SRQ,FL,ASO,ES,Towers with Radar,107,45,103,0,255,0,2,121,3,126,107,47,224,3,381,182,0,182,563
05/05/2023,SRQ,FL,ASO,ES,Towers with Radar,90,45,119,0,254,0,1,108,1,110,90,46,227,1,364,70,0,70,434
05/06/2023,SRQ,FL,ASO,ES,Towers with Radar,86,25,79,9,199,0,0,93,1,94,86,25,172,10,293,58,16,74,367
05/07/2023,SRQ,FL,ASO,ES,Towers with Radar,104,35,84,4,227,0,0,96,0,96,104,35,180,4,323,104,0,104,427
05/08/2023,SRQ,FL,ASO,ES,Towers with Radar,89,64,82,10,245,0,7,124,4,135,89,71,206,14,380,16,0,16,396
05/09/2023,SRQ,FL,ASO,ES,Towers with Radar,61,55,76,8,200,0,6,140,2,148,61,61,216,10,348,59,22,81,429
05/10/2023,SRQ,FL,ASO,ES,Towers with Radar,68,42,67,2,179,0,0,118,0,118,68,42,185,2,297,79,0,79,376
05/11/2023,SRQ,FL,ASO,ES,Towers with Radar,92,40,99,3,234,0,4,131,4,139,92,44,230,7,373,139,2,141,514
05/12/2023,SRQ,FL,ASO,ES,Towers with Radar,85,46,77,2,210,0,3,131,2,136,85,49,208,4,346,117,0,117,463
05/13/2023,SRQ,FL,ASO,ES,Towers with Radar,85,42,62,0,189,0,0,117,3,120,85,42,179,3,309,51,6,57,366
05/14/2023,SRQ,FL,ASO,ES,Towers with Radar,94,28,62,0,184,0,0,90,1,91,94,28,152,1,275,71,0,71,346
05/15/2023,SRQ,FL,ASO,ES,Towers with Radar,89,70,107,4,270,0,1,114,0,115,89,71,221,4,385,113,0,113,498
05/16/2023,SRQ,FL,ASO,ES,Towers with Radar,63,44,87,1,195,0,3,133,3,139,63,47,220,4,334,109,6,115,449
05/17/2023,SRQ,FL,ASO,ES,Towers with Radar,65,44,100,8,217,0,0,119,9,128,65,44,219,17,345,164,6,170,515
05/18/2023,SRQ,FL,ASO,ES,Towers with Radar,92,43,105,4,244,0,0,123,3,126,92,43,228,7,370,165,0,165,535
05/19/2023,SRQ,FL,ASO,ES,Towers with Radar,77,51,80,3,211,0,1,123,1,125,77,52,203,4,336,109,0,109,445
05/20/2023,SRQ,FL,ASO,ES,Towers with Radar,81,44,59,5,189,0,0,135,0,135,81,44,194,5,324,24,0,24,348
05/21/2023,SRQ,FL,ASO,ES,Towers with Radar,108,34,83,7,232,0,4,72,0,76,108,38,155,7,308,105,0,105,413
05/22/2023,SRQ,FL,ASO,ES,Towers with Radar,79,61,95,5,240,0,0,107,3,110,79,61,202,8,350,104,0,104,454
05/23/2023,SRQ,FL,ASO,ES,Towers with Radar,65,30,95,6,196,0,2,88,4,94,65,32,183,10,290,180,10,190,480
05/24/2023,SRQ,FL,ASO,ES,Towers with Radar,76,54,78,0,208,0,0,75,0,75,76,54,153,0,283,83,0,83,366
05/25/2023,SRQ,FL,ASO,ES,Towers with Radar,87,48,84,0,219,0,2,35,0,37,87,50,119,0,256,120,0,120,376
05/26/2023,SRQ,FL,ASO,ES,Towers with Radar,77,34,78,1,190,0,0,88,1,89,77,34,166,2,279,113,0,113,392
05/27/2023,SRQ,FL,ASO,ES,Towers with Radar,85,37,58,0,180,0,1,130,0,131,85,38,188,0,311,78,0,78,389
05/28/2023,SRQ,FL,ASO,ES,Towers with Radar,99,23,57,1,180,0,0,77,1,78,99,23,134,2,258,119,0,119,377
05/29/2023,SRQ,FL,ASO,ES,Towers with Radar,82,36,75,0,193,0,4,93,0,97,82,40,168,0,290,97,0,97,387
05/30/2023,SRQ,FL,ASO,ES,Towers with Radar,66,33,95,0,194,0,2,129,0,131,66,35,224,0,325,164,0,164,489
05/31/2023,SRQ,FL,ASO,ES,Towers with Radar,71,26,57,0,154,0,0,50,0,50,71,26,107,0,204,134,0,134,338
06/01/2023,SRQ,FL,ASO,ES,Towers with Radar,89,36,96,1,222,0,4,64,0,68,89,40,160,1,290,184,0,184,474
06/02/2023,SRQ,FL,ASO,ES,Towers with Radar,76,32,47,0,155,0,0,70,0,70,76,32,117,0,225,133,0,133,358
06/03/2023,SRQ,FL,ASO,ES,Towers with Radar,82,34,61,0,177,0,0,85,2,87,82,34,146,2,264,96,0,96,360
06/04/2023,SRQ,FL,ASO,ES,Towers with Radar,90,27,59,2,178,0,0,53,0,53,90,27,112,2,231,22,2,24,255
06/05/2023,SRQ,FL,ASO,ES,Towers with Radar,74,38,84,8,204,0,2,84,1,87,74,40,168,9,291,142,4,146,437
06/06/2023,SRQ,FL,ASO,ES,Towers with Radar,51,42,108,6,207,0,0,153,4,157,51,42,261,10,364,96,0,96,460
06/07/2023,SRQ,FL,ASO,ES,Towers with Radar,57,30,79,4,170,0,2,118,0,120,57,32,197,4,290,201,0,201,491
06/08/2023,SRQ,FL,ASO,ES,Towers with Radar,85,40,82,5,212,0,0,126,0,126,85,40,208,5,338,190,0,190,528
06/09/2023,SRQ,FL,ASO,ES,Towers with Radar,71,29,73,22,195,0,5,124,17,146,71,34,197,39,341,126,18,144,485
06/10/2023,SRQ,FL,ASO,ES,Towers with Radar,90,48,72,2,212,0,4,161,0,165,90,52,233,2,377,98,12,110,487
06/11/2023,SRQ,FL,ASO,ES,Towers with Radar,92,42,85,1,220,0,4,105,1,110,92,46,190,2,330,60,0,60,390
06/12/2023,SRQ,FL,ASO,ES,Towers with Radar,73,34,79,3,189,0,3,104,4,111,73,37,183,7,300,195,0,195,495
06/13/2023,SRQ,FL,ASO,ES,Towers with Radar,52,42,80,13,187,0,4,127,5,136,52,46,207,18,323,182,2,184,507
06/14/2023,SRQ,FL,ASO,ES,Towers with Radar,57,45,97,2,201,0,0,96,5,101,57,45,193,7,302,159,0,159,461
06/15/2023,SRQ,FL,ASO,ES,Towers with Radar,73,31,65,0,169,0,4,106,0,110,73,35,171,0,279,129,0,129,408
06/16/2023,SRQ,FL,ASO,ES,Towers with Radar,71,53,79,0,203,0,0,65,0,65,71,53,144,0,268,124,0,124,392
06/17/2023,SRQ,FL,ASO,ES,Towers with Radar,84,21,70,0,175,0,0,57,10,67,84,21,127,10,242,110,0,110,352
06/18/2023,SRQ,FL,ASO,ES,Towers with Radar,88,36,42,0,166,0,0,24,0,24,88,36,66,0,190,26,0,26,216
06/19/2023,SRQ,FL,ASO,ES,Towers with Radar,87,30,85,0,202,0,8,142,0,150,87,38,227,0,352,136,0,136,488
06/20/2023,SRQ,FL,ASO,ES,Towers with Radar,50,32,83,0,165,0,2,71,2,75,50,34,154,2,240,120,0,120,360
06/21/2023,SRQ,FL,ASO,ES,Towers with Radar,65,21,51,1,138,0,4,32,0,36,65,25,83,1,174,96,0,96,270
06/22/2023,SRQ,FL,ASO,ES,Towers with Radar,82,46,88,7,223,0,4,121,4,129,82,50,209,11,352,176,0,176,528
06/23/2023,SRQ,FL,ASO,ES,Towers with Radar,68,31,89,0,188,0,0,113,6,119,68,31,202,6,307,237,4,241,548
06/24/2023,SRQ,FL,ASO,ES,Towers with Radar,83,37,73,0,193,0,4,111,0,115,83,41,184,0,308,162,0,162,470
06/25/2023,SRQ,FL,ASO,ES,Towers with Radar,88,42,81,0,211,0,0,101,0,101,88,42,182,0,312,144,0,144,456
06/26/2023,SRQ,FL,ASO,ES,Towers with Radar,63,37,83,1,184,1,2,109,1,113,64,39,192,2,297,0,0,0,297
06/27/2023,SRQ,FL,ASO,ES,Towers with Radar,47,38,77,0,162,0,6,128,0,134,47,44,205,0,296,164,0,164,460
06/28/2023,SRQ,FL,ASO,ES,Towers with Radar,60,42,72,5,179,1,2,102,1,106,61,44,174,6,285,148,0,148,433
06/29/2023,SRQ,FL,ASO,ES,Towers with Radar,81,19,79,8,187,0,5,88,0,93,81,24,167,8,280,143,0,143,423
06/30/2023,SRQ,FL,ASO,ES,Towers with Radar,72,32,81,4,189,0,4,137,4,145,72,36,218,8,334,161,0,161,495
07/01/2023,SRQ,FL,ASO,ES,Towers with Radar,83,35,83,1,202,0,3,152,4,159,83,38,235,5,361,171,0,171,532
07/02/2023,SRQ,FL,ASO,ES,Towers with Radar,87,13,55,0,155,0,3,118,0,121,87,16,173,0,276,161,0,161,437
07/03/2023,SRQ,FL,ASO,ES,Towers with Radar,65,21,67,7,160,0,0,99,1,100,65,21,166,8,260,245,2,247,507
07/04/2023,SRQ,FL,ASO,ES,Towers with Radar,44,23,39,0,106,0,0,107,0,107,44,23,146,0,213,89,0,89,302
07/05/2023,SRQ,FL,ASO,ES,Towers with Radar,61,17,87,5,170,0,2,76,1,79,61,19,163,6,249,159,0,159,408
07/06/2023,SRQ,FL,ASO,ES,Towers with Radar,81,26,82,0,189,0,0,116,2,118,81,26,198,2,307,133,0,133,440
07/07/2023,SRQ,FL,ASO,ES,Towers with Radar,69,29,77,3,178,0,4,76,3,83,69,33,153,6,261,201,0,201,462
07/08/2023,SRQ,FL,ASO,ES,Towers with Radar,84,19,51,12,166,0,0,107,2,109,84,19,158,14,275,118,0,118,393
07/09/2023,SRQ,FL,ASO,ES,Towers with Radar,87,30,80,2,199,0,0,87,4,91,87,30,167,6,290,123,3,126,416
07/10/2023,SRQ,FL,ASO,ES,Towers with Radar,67,17,61,0,145,0,6,91,1,98,67,23,152,1,243,176,1,177,420
07/11/2023,SRQ,FL,ASO,ES,Towers with Radar,51,16,65,0,132,0,4,117,0,121,51,20,182,0,253,204,0,204,457
07/12/2023,SRQ,FL,ASO,ES,Towers with Radar,64,34,87,0,185,0,2,97,2,101,64,36,184,2,286,127,0,127,413
07/13/2023,SRQ,FL,ASO,ES,Towers with Radar,84,40,88,2,214,0,4,133,0,137,84,44,221,2,351,137,0,137,488
07/14/2023,SRQ,FL,ASO,ES,Towers with Radar,67,19,74,2,162,0,10,131,3,144,67,29,205,5,306,166,0,166,472
07/15/2023,SRQ,FL,ASO,ES,Towers with Radar,88,25,52,0,165,0,1,81,0,82,88,26,133,0,247,158,0,158,405
07/16/2023,SRQ,FL,ASO,ES,Towers with Radar,101,30,59,6,196,0,1,97,0,98,101,31,156,6,294,138,0,138,432
07/17/2023,SRQ,FL,ASO,ES,Towers with Radar,71,31,80,7,189,0,0,91,3,94,71,31,171,10,283,115,0,115,398
07/18/2023,SRQ,FL,ASO,ES,Towers with Radar,51,17,68,2,138,0,0,63,0,63,51,17,131,2,201,170,0,170,371
07/19/2023,SRQ,FL,ASO,ES,Towers with Radar,75,32,65,2,174,0,2,106,2,110,75,34,171,4,284,59,0,59,343
07/20/2023,SRQ,FL,ASO,ES,Towers with Radar,84,17,73,0,174,0,4,128,0,132,84,21,201,0,306,225,0,225,531
07/21/2023,SRQ,FL,ASO,ES,Towers with Radar,69,35,86,0,190,0,0,134,0,134,69,35,220,0,324,164,0,164,488
07/22/2023,SRQ,FL,ASO,ES,Towers with Radar,88,29,79,0,196,0,0,95,0,95,88,29,174,0,291,77,0,77,368
07/23/2023,SRQ,FL,ASO,ES,Towers with Radar,94,32,71,4,201,0,0,75,2,77,94,32,146,6,278,79,0,79,357
07/24/2023,SRQ,FL,ASO,ES,Towers with Radar,75,31,71,0,177,0,0,84,2,86,75,31,155,2,263,169,0,169,432
07/25/2023,SRQ,FL,ASO,ES,Towers with Radar,53,38,54,4,149,0,7,93,2,102,53,45,147,6,251,200,0,200,451
07/26/2023,SRQ,FL,ASO,ES,Towers with Radar,66,25,77,0,168,0,0,116,2,118,66,25,193,2,286,112,0,112,398
07/27/2023,SRQ,FL,ASO,ES,Towers with Radar,85,40,77,2,204,0,2,110,4,116,85,42,187,6,320,217,0,217,537
07/28/2023,SRQ,FL,ASO,ES,Towers with Radar,71,34,71,0,176,0,0,115,0,115,71,34,186,0,291,94,0,94,385
07/29/2023,SRQ,FL,ASO,ES,Towers with Radar,82,25,60,0,167,0,2,102,0,104,82,27,162,0,271,46,0,46,317
07/30/2023,SRQ,FL,ASO,ES,Towers with Radar,93,20,74,0,187,0,2,93,0,95,93,22,167,0,282,114,0,114,396
07/31/2023,SRQ,FL,ASO,ES,Towers with Radar,77,25,42,2,146,0,5,69,2,76,77,30,111,4,222,257,0,257,479
08/01/2023,SRQ,FL,ASO,ES,Towers with Radar,48,32,51,0,131,0,1,101,0,102,48,33,152,0,233,243,0,243,476
08/02/2023,SRQ,FL,ASO,ES,Towers with Radar,66,31,58,1,156,0,2,106,3,111,66,33,164,4,267,224,0,224,491
08/03/2023,SRQ,FL,ASO,ES,Towers with Radar,87,25,72,0,184,0,0,104,3,107,87,25,176,3,291,214,0,214,505
08/04/2023,SRQ,FL,ASO,ES,Towers with Radar,66,44,94,0,204,0,4,108,1,113,66,48,202,1,317,180,0,180,497
08/05/2023,SRQ,FL,ASO,ES,Towers with Radar,81,28,79,2,190,0,2,86,1,89,81,30,165,3,279,214,0,214,493
08/06/2023,SRQ,FL,ASO,ES,Towers with Radar,82,39,36,0,157,0,0,71,0,71,82,39,107,0,228,103,0,103,331
08/07/2023,SRQ,FL,ASO,ES,Towers with Radar,59,30,82,0,171,0,2,131,0,133,59,32,213,0,304,118,0,118,422
08/08/2023,SRQ,FL,ASO,ES,Towers with Radar,55,26,72,2,155,0,2,121,4,127,55,28,193,6,282,233,0,233,515
08/09/2023,SRQ,FL,ASO,ES,Towers with Radar,65,22,48,0,135,0,2,115,6,123,65,24,163,6,258,208,0,208,466
08/10/2023,SRQ,FL,ASO,ES,Towers with Radar,85,28,79,0,192,0,2,123,2,127,85,30,202,2,319,197,0,197,516
08/11/2023,SRQ,FL,ASO,ES,Towers with Radar,62,42,65,0,169,0,5,121,0,126,62,47,186,0,295,0,0,0,295
08/12/2023,SRQ,FL,ASO,ES,Towers with Radar,82,18,56,0,156,0,3,122,0,125,82,21,178,0,281,0,0,0,281
08/13/2023,SRQ,FL,ASO,ES,Towers with Radar,92,28,54,0,174,0,0,69,0,69,92,28,123,0,243,128,0,128,371
08/14/2023,SRQ,FL,ASO,ES,Towers with Radar,60,23,52,0,135,1,3,49,2,55,61,26,101,2,190,82,0,82,272
08/15/2023,SRQ,FL,ASO,ES,Towers with Radar,54,31,88,0,173,0,0,152,4,156,54,31,240,4,329,183,0,183,512
08/16/2023,SRQ,FL,ASO,ES,Towers with Radar,58,42,56,0,156,0,4,93,0,97,58,46,149,0,253,205,0,205,458
08/17/2023,SRQ,FL,ASO,ES,Towers with Radar,80,12,56,0,148,0,0,45,0,45,80,12,101,0,193,150,0,150,343
08/18/2023,SRQ,FL,ASO,ES,Towers with Radar,58,30,53,0,141,0,0,49,0,49,58,30,102,0,190,214,0,214,404
08/19/2023,SRQ,FL,ASO,ES,Towers with Radar,69,23,45,0,137,0,2,126,2,130,69,25,171,2,267,107,0,107,374
08/20/2023,SRQ,FL,ASO,ES,Towers with Radar,78,25,49,0,152,0,0,58,2,60,78,25,107,2,212,120,0,120,332
08/21/2023,SRQ,FL,ASO,ES,Towers with Radar,62,16,69,0,147,0,0,90,0,90,62,16,159,0,237,94,0,94,331
08/22/2023,SRQ,FL,ASO,ES,Towers with Radar,48,21,88,4,161,0,2,109,2,113,48,23,197,6,274,239,0,239,513
08/23/2023,SRQ,FL,ASO,ES,Towers with Radar,58,18,70,2,148,0,5,138,1,144,58,23,208,3,292,128,0,128,420
08/24/2023,SRQ,FL,ASO,ES,Towers with Radar,77,31,61,2,171,0,6,95,0,101,77,37,156,2,272,139,0,139,411
08/25/2023,SRQ,FL,ASO,ES,Towers with Radar,56,30,71,6,163,0,0,132,0,132,56,30,203,6,295,152,0,152,447
08/26/2023,SRQ,FL,ASO,ES,Towers with Radar,69,24,51,0,144,0,0,105,4,109,69,24,156,4,253,208,0,208,461
08/27/2023,SRQ,FL,ASO,ES,Towers with Radar,75,25,43,0,143,0,0,65,4,69,75,25,108,4,212,126,0,126,338
08/28/2023,SRQ,FL,ASO,ES,Towers with Radar,61,26,78,0,165,0,0,55,0,55,61,26,133,0,220,46,0,46,266
08/29/2023,SRQ,FL,ASO,ES,Towers with Radar,36,21,23,0,80,0,0,6,0,6,36,21,29,0,86,26,0,26,112
08/30/2023,SRQ,FL,ASO,ES,Towers with Radar,15,0,14,0,29,0,0,0,0,0,15,0,14,0,29,0,0,0,29
08/31/2023,SRQ,FL,ASO,ES,Towers with Radar,77,15,61,0,153,0,0,38,0,38,77,15,99,0,191,139,0,139,330
01/01/2020,SRQ,FL,ASO,ES,Towers with Radar,62,33,63,1,159,0,3,130,3,136,62,36,193,4,295,144,0,144,439
01/02/2020,SRQ,FL,ASO,ES,Towers with Radar,87,44,73,0,204,0,4,147,11,162,87,48,220,11,366,78,0,78,444
01/03/2020,SRQ,FL,ASO,ES,Towers with Radar,83,33,105,6,227,0,6,61,0,67,83,39,166,6,294,11,0,11,305
01/04/2020,SRQ,FL,ASO,ES,Towers with Radar,71,32,66,0,169,0,1,12,0,13,71,33,78,0,182,52,0,52,234
01/05/2020,SRQ,FL,ASO,ES,Towers with Radar,82,32,129,0,243,0,5,133,0,138,82,37,262,0,381,152,0,152,533
01/06/2020,SRQ,FL,ASO,ES,Towers with Radar,79,43,70,8,200,0,7,159,12,178,79,50,229,20,378,227,18,245,623
01/07/2020,SRQ,FL,ASO,ES,Towers with Radar,53,22,97,0,172,0,12,141,0,153,53,34,238,0,325,145,0,145,470
01/08/2020,SRQ,FL,ASO,ES,Towers with Radar,58,16,78,8,160,0,2,127,0,129,58,18,205,8,289,142,0,142,431
01/09/2020,SRQ,FL,ASO,ES,Towers with Radar,76,30,83,4,193,0,2,102,2,106,76,32,185,6,299,80,0,80,379
01/10/2020,SRQ,FL,ASO,ES,Towers with Radar,74,34,70,5,183,0,4,92,6,102,74,38,162,11,285,72,0,72,357
01/11/2020,SRQ,FL,ASO,ES,Towers with Radar,60,17,67,12,156,0,6,64,2,72,60,23,131,14,228,80,0,80,308
01/12/2020,SRQ,FL,ASO,ES,Towers with Radar,73,27,77,26,203,0,2,112,13,127,73,29,189,39,330,129,0,129,459
01/13/2020,SRQ,FL,ASO,ES,Towers with Radar,73,29,99,0,201,0,6,133,0,139,73,35,232,0,340,175,0,175,515
01/14/2020,SRQ,FL,ASO,ES,Towers with Radar,54,19,74,8,155,0,3,178,22,203,54,22,252,30,358,140,14,154,512
01/15/2020,SRQ,FL,ASO,ES,Towers with Radar,59,28,84,0,171,0,6,136,1,143,59,34,220,1,314,188,0,188,502
01/16/2020,SRQ,FL,ASO,ES,Towers with Radar,75,26,81,8,190,0,10,125,3,138,75,36,206,11,328,240,0,240,568
01/17/2020,SRQ,FL,ASO,ES,Towers with Radar,72,35,89,0,196,0,1,113,0,114,72,36,202,0,310,104,0,104,414
01/18/2020,SRQ,FL,ASO,ES,Towers with Radar,64,33,65,0,162,0,14,197,0,211,64,47,262,0,373,0,0,0,373
01/19/2020,SRQ,FL,ASO,ES,Towers with Radar,72,32,68,0,172,0,0,67,0,67,72,32,135,0,239,68,0,68,307
01/20/2020,SRQ,FL,ASO,ES,Towers with Radar,71,30,94,0,195,0,10,137,6,153,71,40,231,6,348,240,0,240,588
01/21/2020,SRQ,FL,ASO,ES,Towers with Radar,53,28,66,0,147,0,3,112,1,116,53,31,178,1,263,70,0,70,333
01/22/2020,SRQ,FL,ASO,ES,Towers with Radar,59,24,89,0,172,0,1,100,2,103,59,25,189,2,275,194,0,194,469
01/23/2020,SRQ,FL,ASO,ES,Towers with Radar,72,45,92,0,209,0,4,106,5,115,72,49,198,5,324,158,0,158,482
01/24/2020,SRQ,FL,ASO,ES,Towers with Radar,72,29,84,5,190,0,1,132,2,135,72,30,216,7,325,150,2,152,477
01/25/2020,SRQ,FL,ASO,ES,Towers with Radar,67,21,74,0,162,0,2,165,0,167,67,23,239,0,329,144,0,144,473
01/26/2020,SRQ,FL,ASO,ES,Towers with Radar,75,39,81,2,197,0,0,130,3,133,75,39,211,5,330,92,2,94,424
01/27/2020,SRQ,FL,ASO,ES,Towers with Radar,71,20,85,15,191,0,1,105,8,114,71,21,190,23,305,144,14,158,463
01/28/2020,SRQ,FL,ASO,ES,Towers with Radar,54,24,72,0,150,0,9,154,4,167,54,33,226,4,317,158,0,158,475
01/29/2020,SRQ,FL,ASO,ES,Towers with Radar,60,29,71,8,168,0,9,126,2,137,60,38,197,10,305,308,6,314,619
01/30/2020,SRQ,FL,ASO,ES,Towers with Radar,76,24,102,8,210,0,0,36,0,36,76,24,138,8,246,130,0,130,376
01/31/2020,SRQ,FL,ASO,ES,Towers with Radar,70,20,130,14,234,0,2,84,2,88,70,22,214,16,322,153,8,161,483
02/01/2020,SRQ,FL,ASO,ES,Towers with Radar,66,30,70,2,168,0,1,9,0,10,66,31,79,2,178,10,0,10,188
02/02/2020,SRQ,FL,ASO,ES,Towers with Radar,71,27,57,0,155,0,7,120,2,129,71,34,177,2,284,100,0,100,384
02/03/2020,SRQ,FL,ASO,ES,Towers with Radar,73,43,77,1,194,0,10,159,2,171,73,53,236,3,365,148,0,148,513
02/04/2020,SRQ,FL,ASO,ES,Towers with Radar,54,28,99,0,181,0,14,115,0,129,54,42,214,0,310,136,0,136,446
02/05/2020,SRQ,FL,ASO,ES,Towers with Radar,60,31,91,7,189,0,8,131,8,147,60,39,222,15,336,142,26,168,504
02/06/2020,SRQ,FL,ASO,ES,Towers with Radar,65,23,63,1,152,0,0,20,0,20,65,23,83,1,172,4,0,4,176
02/07/2020,SRQ,FL,ASO,ES,Towers with Radar,74,38,99,0,211,0,4,82,0,86,74,42,181,0,297,52,0,52,349
02/08/2020,SRQ,FL,ASO,ES,Towers with Radar,65,21,78,2,166,0,5,161,0,166,65,26,239,2,332,83,0,83,415
02/09/2020,SRQ,FL,ASO,ES,Towers with Radar,74,31,58,2,165,0,6,81,0,87,74,37,139,2,252,6,0,6,258
02/10/2020,SRQ,FL,ASO,ES,Towers with Radar,72,24,105,1,202,0,8,118,5,131,72,32,223,6,333,98,0,98,431
02/11/2020,SRQ,FL,ASO,ES,Towers with Radar,53,34,112,0,199,0,9,156,6,171,53,43,268,6,370,195,0,195,565
02/12/2020,SRQ,FL,ASO,ES,Towers with Radar,62,25,101,8,196,0,2,94,2,98,62,27,195,10,294,109,0,109,403
02/13/2020,SRQ,FL,ASO,ES,Towers with Radar,74,46,115,9,244,0,11,113,7,131,74,57,228,16,375,96,24,120,495
02/14/2020,SRQ,FL,ASO,ES,Towers with Radar,71,31,103,2,207,0,0,37,0,37,71,31,140,2,244,24,0,24,268
02/15/2020,SRQ,FL,ASO,ES,Towers with Radar,87,26,82,0,195,0,6,171,3,180,87,32,253,3,375,138,0,138,513
02/16/2020,SRQ,FL,ASO,ES,Towers with Radar,77,25,98,0,200,0,7,82,0,89,77,32,180,0,289,142,0,142,431
02/17/2020,SRQ,FL,ASO,ES,Towers with Radar,78,40,118,6,242,0,8,127,6,141,78,48,245,12,383,113,0,113,496
02/18/2020,SRQ,FL,ASO,ES,Towers with Radar,61,36,105,22,224,0,10,134,20,164,61,46,239,42,388,112,22,134,522
02/19/2020,SRQ,FL,ASO,ES,Towers with Radar,68,32,89,3,192,0,7,148,4,159,68,39,237,7,351,255,8,263,614
02/20/2020,SRQ,FL,ASO,ES,Towers with Radar,82,34,136,15,267,0,2,114,24,140,82,36,250,39,407,148,18,166,573
02/21/2020,SRQ,FL,ASO,ES,Towers with Radar,75,36,91,1,203,0,1,37,0,38,75,37,128,1,241,51,0,51,292
02/22/2020,SRQ,FL,ASO,ES,Towers with Radar,86,42,112,2,242,0,2,192,1,195,86,44,304,3,437,226,0,226,663
02/23/2020,SRQ,FL,ASO,ES,Towers with Radar,87,37,90,0,214,0,4,141,2,147,87,41,231,2,361,195,0,195,556
02/24/2020,SRQ,FL,ASO,ES,Towers with Radar,74,26,88,18,206,0,0,95,1,96,74,26,183,19,302,114,8,122,424
02/25/2020,SRQ,FL,ASO,ES,Towers with Radar,58,26,70,6,160,0,6,76,2,84,58,32,146,8,244,126,0,126,370
02/26/2020,SRQ,FL,ASO,ES,Towers with Radar,67,23,54,3,147,0,2,49,0,51,67,25,103,3,198,136,0,136,334
02/27/2020,SRQ,FL,ASO,ES,Towers with Radar,82,35,97,3,217,0,6,108,0,114,82,41,205,3,331,38,0,38,369
02/28/2020,SRQ,FL,ASO,ES,Towers with Radar,75,38,68,3,184,0,2,110,4,116,75,40,178,7,300,150,0,150,450
02/29/2020,SRQ,FL,ASO,ES,Towers with Radar,81,23,61,1,166,0,5,75,0,80,81,28,136,1,246,88,0,88,334
03/01/2020,SRQ,FL,ASO,ES,Towers with Radar,81,39,91,0,211,0,1,101,1,103,81,40,192,1,314,104,0,104,418
03/02/2020,SRQ,FL,ASO,ES,Towers with Radar,76,36,64,5,181,0,4,90,5,99,76,40,154,10,280,100,5,105,385
03/03/2020,SRQ,FL,ASO,ES,Towers with Radar,60,39,73,22,194,0,9,94,10,113,60,48,167,32,307,172,0,172,479
03/04/2020,SRQ,FL,ASO,ES,Towers with Radar,69,33,87,10,199,0,2,90,6,98,69,35,177,16,297,54,8,62,359
03/05/2020,SRQ,FL,ASO,ES,Towers with Radar,82,27,83,10,202,0,4,52,0,56,82,31,135,10,258,48,0,48,306
03/06/2020,SRQ,FL,ASO,ES,Towers with Radar,77,36,112,2,227,0,2,72,0,74,77,38,184,2,301,78,0,78,379
03/07/2020,SRQ,FL,ASO,ES,Towers with Radar,97,37,85,0,219,0,2,127,0,129,97,39,212,0,348,89,0,89,437
03/08/2020,SRQ,FL,ASO,ES,Towers with Radar,87,38,93,4,222,0,4,98,4,106,87,42,191,8,328,123,0,123,451
03/09/2020,SRQ,FL,ASO,ES,Towers with Radar,74,38,65,0,177,0,5,123,0,128,74,43,188,0,305,179,1,180,485
03/10/2020,SRQ,FL,ASO,ES,Towers with Radar,63,37,94,12,206,0,5,135,6,146,63,42,229,18,352,214,0,214,566
03/11/2020,SRQ,FL,ASO,ES,Towers with Radar,65,20,93,1,179,0,8,170,1,179,65,28,263,2,358,148,0,148,506
03/12/2020,SRQ,FL,ASO,ES,Towers with Radar,78,40,90,0,208,0,11,148,2,161,78,51,238,2,369,132,0,132,501
03/13/2020,SRQ,FL,ASO,ES,Towers with Radar,81,55,102,1,239,0,0,152,2,154,81,55,254,3,393,95,0,95,488
03/14/2020,SRQ,FL,ASO,ES,Towers with Radar,93,45,114,0,252,0,2,99,0,101,93,47,213,0,353,86,0,86,439
03/15/2020,SRQ,FL,ASO,ES,Towers with Radar,88,48,84,3,223,0,6,119,2,127,88,54,203,5,350,320,18,338,688
03/16/2020,SRQ,FL,ASO,ES,Towers with Radar,76,34,89,9,208,0,3,85,7,95,76,37,174,16,303,142,0,142,445
03/17/2020,SRQ,FL,ASO,ES,Towers with Radar,71,35,80,4,190,0,4,117,12,133,71,39,197,16,323,114,0,114,437
03/18/2020,SRQ,FL,ASO,ES,Towers with Radar,67,41,127,3,238,0,6,141,0,147,67,47,268,3,385,144,0,144,529
03/19/2020,SRQ,FL,ASO,ES,Towers with Radar,72,40,85,6,203,0,0,96,2,98,72,40,181,8,301,88,0,88,389
03/20/2020,SRQ,FL,ASO,ES,Towers with Radar,69,29,80,0,178,0,0,97,4,101,69,29,177,4,279,102,0,102,381
03/21/2020,SRQ,FL,ASO,ES,Towers with Radar,82,33,67,2,184,0,3,96,2,101,82,36,163,4,285,124,0,124,409
03/22/2020,SRQ,FL,ASO,ES,Towers with Radar,72,39,53,1,165,0,0,105,1,106,72,39,158,2,271,153,0,153,424
03/23/2020,SRQ,FL,ASO,ES,Towers with Radar,52,28,52,0,132,0,4,83,8,95,52,32,135,8,227,173,2,175,402
03/24/2020,SRQ,FL,ASO,ES,Towers with Radar,32,26,58,9,125,0,4,107,14,125,32,30,165,23,250,120,0,120,370
03/25/2020,SRQ,FL,ASO,ES,Towers with Radar,28,16,61,8,113,0,0,73,3,76,28,16,134,11,189,18,6,24,213
03/26/2020,SRQ,FL,ASO,ES,Towers with Radar,24,28,47,15,114,0,2,117,0,119,24,30,164,15,233,96,8,104,337
03/27/2020,SRQ,FL,ASO,ES,Towers with Radar,32,19,55,0,106,0,2,90,0,92,32,21,145,0,198,100,0,100,298
03/28/2020,SRQ,FL,ASO,ES,Towers with Radar,26,30,44,6,106,0,5,110,0,115,26,35,154,6,221,222,0,222,443
03/29/2020,SRQ,FL,ASO,ES,Towers with Radar,25,24,42,2,93,0,6,79,0,85,25,30,121,2,178,91,0,91,269
03/30/2020,SRQ,FL,ASO,ES,Towers with Radar,23,11,41,6,81,0,0,75,0,75,23,11,116,6,156,129,6,135,291
03/31/2020,SRQ,FL,ASO,ES,Towers with Radar,13,18,46,0,77,0,0,34,6,40,13,18,80,6,117,78,10,88,205
04/01/2020,SRQ,FL,ASO,ES,Towers with Radar,17,9,34,0,60,0,2,68,2,72,17,11,102,2,132,47,0,47,179
04/02/2020,SRQ,FL,ASO,ES,Towers with Radar,25,17,41,4,87,0,5,123,0,128,25,22,164,4,215,111,0,111,326
04/03/2020,SRQ,FL,ASO,ES,Towers with Radar,28,17,38,4,87,0,6,62,4,72,28,23,100,8,159,32,0,32,191
04/04/2020,SRQ,FL,ASO,ES,Towers with Radar,20,9,28,4,61,0,0,58,2,60,20,9,86,6,121,68,0,68,189
04/05/2020,SRQ,FL,ASO,ES,Towers with Radar,17,16,23,0,56,0,0,9,0,9,17,16,32,0,65,40,0,40,105
04/06/2020,SRQ,FL,ASO,ES,Towers with Radar,16,13,30,0,59,0,5,42,0,47,16,18,72,0,106,44,0,44,150
04/07/2020,SRQ,FL,ASO,ES,Towers with Radar,18,15,31,0,64,0,4,63,1,68,18,19,94,1,132,42,0,42,174
04/08/2020,SRQ,FL,ASO,ES,Towers with Radar,19,13,44,4,80,0,0,88,1,89,19,13,132,5,169,36,0,36,205
04/09/2020,SRQ,FL,ASO,ES,Towers with Radar,26,16,34,10,86,0,4,34,2,40,26,20,68,12,126,55,0,55,181
04/10/2020,SRQ,FL,ASO,ES,Towers with Radar,24,15,35,15,89,0,6,38,3,47,24,21,73,18,136,77,0,77,213
04/11/2020,SRQ,FL,ASO,ES,Towers with Radar,22,17,40,0,79,0,4,116,5,125,22,21,156,5,204,125,0,125,329
04/12/2020,SRQ,FL,ASO,ES,Towers with Radar,19,5,9,0,33,0,5,19,0,24,19,10,28,0,57,57,0,57,114
04/13/2020,SRQ,FL,ASO,ES,Towers with Radar,25,3,44,1,73,0,0,21,1,22,25,3,65,2,95,14,0,14,109
04/14/2020,SRQ,FL,ASO,ES,Towers with Radar,22,4,48,4,78,0,9,25,0,34,22,13,73,4,112,72,0,72,184
04/15/2020,SRQ,FL,ASO,ES,Towers with Radar,20,7,46,24,97,0,0,5,0,5,20,7,51,24,102,0,0,0,102
04/16/2020,SRQ,FL,ASO,ES,Towers with Radar,17,10,49,0,76,0,0,5,0,5,17,10,54,0,81,6,0,6,87
04/17/2020,SRQ,FL,ASO,ES,Towers with Radar,19,9,61,2,91,0,3,85,0,88,19,12,146,2,179,172,0,172,351
04/18/2020,SRQ,FL,ASO,ES,Towers with Radar,18,11,42,5,76,0,0,75,4,79,18,11,117,9,155,161,6,167,322
04/19/2020,SRQ,FL,ASO,ES,Towers with Radar,20,16,41,4,81,0,2,82,0,84,20,18,123,4,165,131,0,131,296
04/20/2020,SRQ,FL,ASO,ES,Towers with Radar,13,4,17,0,34,0,2,2,0,4,13,6,19,0,38,9,0,9,47
04/21/2020,SRQ,FL,ASO,ES,Towers with Radar,15,8,60,0,83,0,4,109,0,113,15,12,169,0,196,93,0,93,289
04/22/2020,SRQ,FL,ASO,ES,Towers with Radar,16,13,77,8,114,0,2,133,1,136,16,15,210,9,250,85,0,85,335
04/23/2020,SRQ,FL,ASO,ES,Towers with Radar,22,8,33,1,64,0,0,53,4,57,22,8,86,5,121,34,0,34,155
04/24/2020,SRQ,FL,ASO,ES,Towers with Radar,22,14,12,0,48,0,0,0,0,0,22,14,12,0,48,0,0,0,48
04/25/2020,SRQ,FL,ASO,ES,Towers with Radar,18,9,30,8,65,0,0,65,1,66,18,9,95,9,131,152,0,152,283
04/26/2020,SRQ,FL,ASO,ES,Towers with Radar,22,13,37,0,72,0,0,46,0,46,22,13,83,0,118,62,2,64,182
04/27/2020,SRQ,FL,ASO,ES,Towers with Radar,20,8,59,9,96,0,1,151,11,163,20,9,210,20,259,158,14,172,431
04/28/2020,SRQ,FL,ASO,ES,Towers with Radar,14,13,72,7,106,0,0,164,7,171,14,13,236,14,277,75,0,75,352
04/29/2020,SRQ,FL,ASO,ES,Towers with Radar,18,5,58,0,81,0,1,150,4,155,18,6,208,4,236,197,0,197,433
04/30/2020,SRQ,FL,ASO,ES,Towers with Radar,28,19,29,2,78,0,2,48,8,58,28,21,77,10,136,36,0,36,172
05/01/2020,SRQ,FL,ASO,ES,Towers with Radar,30,34,64,0,128,0,2,130,0,132,30,36,194,0,260,71,0,71,331
05/02/2020,SRQ,FL,ASO,ES,Towers with Radar,17,21,61,0,99,0,0,126,0,126,17,21,187,0,225,149,0,149,374
05/03/2020,SRQ,FL,ASO,ES,Towers with Radar,32,19,52,4,107,0,0,112,0,112,32,19,164,4,219,90,0,90,309
05/04/2020,SRQ,FL,ASO,ES,Towers with Radar,23,7,59,2,91,0,10,85,0,95,23,17,144,2,186,47,0,47,233
05/05/2020,SRQ,FL,ASO,ES,Towers with Radar,14,14,50,0,78,0,3,111,0,114,14,17,161,0,192,0,0,0,192
05/06/2020,SRQ,FL,ASO,ES,Towers with Radar,13,17,58,6,94,0,3,128,0,131,13,20,186,6,225,214,0,214,439
05/07/2020,SRQ,FL,ASO,ES,Towers with Radar,24,18,51,0,93,1,0,120,4,125,25,18,171,4,218,36,0,36,254
05/08/2020,SRQ,FL,ASO,ES,Towers with Radar,26,16,56,2,100,0,2,110,0,112,26,18,166,2,212,176,0,176,388
05/09/2020,SRQ,FL,ASO,ES,Towers with Radar,15,18,37,3,73,1,0,137,3,141,16,18,174,6,214,190,0,190,404
05/10/2020,SRQ,FL,ASO,ES,Towers with Radar,24,24,33,2,83,0,0,9,12,21,24,24,42,14,104,6,18,24,128
05/11/2020,SRQ,FL,ASO,ES,Towers with Radar,19,15,64,4,102,0,1,93,0,94,19,16,157,4,196,128,0,128,324
05/12/2020,SRQ,FL,ASO,ES,Towers with Radar,11,19,66,4,100,0,12,129,1,142,11,31,195,5,242,94,4,98,340
05/13/2020,SRQ,FL,ASO,ES,Towers with Radar,12,15,54,0,81,0,0,108,2,110,12,15,162,2,191,62,0,62,253
05/14/2020,SRQ,FL,ASO,ES,Towers with Radar,27,29,57,6,119,0,0,77,0,77,27,29,134,6,196,28,0,28,224
05/15/2020,SRQ,FL,ASO,ES,Towers with Radar,23,26,42,3,94,0,0,33,5,38,23,26,75,8,132,74,0,74,206
05/16/2020,SRQ,FL,ASO,ES,Towers with Radar,18,19,48,0,85,1,0,90,2,93,19,19,138,2,178,206,0,206,384
05/17/2020,SRQ,FL,ASO,ES,Towers with Radar,27,21,62,0,110,0,0,129,0,129,27,21,191,0,239,132,0,132,371
05/18/2020,SRQ,FL,ASO,ES,Towers with Radar,22,19,48,5,94,1,0,3,0,4,23,19,51,5,98,18,0,18,116
05/19/2020,SRQ,FL,ASO,ES,Towers with Radar,11,42,79,3,135,0,0,110,2,112,11,42,189,5,247,116,0,116,363
05/20/2020,SRQ,FL,ASO,ES,Towers with Radar,12,26,78,2,118,0,1,168,4,173,12,27,246,6,291,82,2,84,375
05/21/2020,SRQ,FL,ASO,ES,Towers with Radar,24,32,106,8,170,0,3,117,4,124,24,35,223,12,294,72,0,72,366
05/22/2020,SRQ,FL,ASO,ES,Towers with Radar,21,22,72,0,115,2,5,101,4,112,23,27,173,4,227,116,0,116,343
05/23/2020,SRQ,FL,ASO,ES,Towers with Radar,21,25,67,0,113,1,0,88,0,89,22,25,155,0,202,44,0,44,246
05/24/2020,SRQ,FL,ASO,ES,Towers with Radar,22,24,40,0,86,0,0,26,4,30,22,24,66,4,116,134,0,134,250
05/25/2020,SRQ,FL,ASO,ES,Towers with Radar,22,22,48,0,92,0,0,14,0,14,22,22,62,0,106,8,0,8,114
05/26/2020,SRQ,FL,ASO,ES,Towers with Radar,10,21,86,16,133,0,3,79,8,90,10,24,165,24,223,142,6,148,371
05/27/2020,SRQ,FL,ASO,ES,Towers with Radar,12,25,81,19,137,0,2,129,3,134,12,27,210,22,271,290,0,290,561
05/28/2020,SRQ,FL,ASO,ES,Towers with Radar,22,29,85,10,146,0,0,91,0,91,22,29,176,10,237,92,0,92,329
05/29/2020,SRQ,FL,ASO,ES,Towers with Radar,22,23,63,1,109,0,0,128,5,133,22,23,191,6,242,86,0,86,328
05/30/2020,SRQ,FL,ASO,ES,Towers with Radar,20,42,73,8,143,0,0,132,0,132,20,42,205,8,275,89,0,89,364
05/31/2020,SRQ,FL,ASO,ES,Towers with Radar,25,29,94,0,148,0,3,75,4,82,25,32,169,4,230,54,0,54,284
06/01/2020,SRQ,FL,ASO,ES,Towers with Radar,20,32,81,0,133,0,2,77,2,81,20,34,158,2,214,92,0,92,306
06/02/2020,SRQ,FL,ASO,ES,Towers with Radar,12,33,64,0,109,0,0,69,0,69,12,33,133,0,178,82,0,82,260
06/03/2020,SRQ,FL,ASO,ES,Towers with Radar,12,29,56,8,105,0,0,66,0,66,12,29,122,8,171,40,0,40,211
06/04/2020,SRQ,FL,ASO,ES,Towers with Radar,24,25,53,0,102,0,1,17,2,20,24,26,70,2,122,34,0,34,156
06/05/2020,SRQ,FL,ASO,ES,Towers with Radar,24,23,87,1,135,0,0,56,1,57,24,23,143,2,192,84,0,84,276
06/06/2020,SRQ,FL,ASO,ES,Towers with Radar,25,24,23,0,72,0,0,3,2,5,25,24,26,2,77,0,0,0,77
06/07/2020,SRQ,FL,ASO,ES,Towers with Radar,27,24,42,0,93,1,1,14,0,16,28,25,56,0,109,30,0,30,139
06/08/2020,SRQ,FL,ASO,ES,Towers with Radar,23,18,61,6,108,0,0,73,2,75,23,18,134,8,183,154,0,154,337
06/09/2020,SRQ,FL,ASO,ES,Towers with Radar,10,17,73,4,104,0,2,98,0,100,10,19,171,4,204,70,0,70,274
06/10/2020,SRQ,FL,ASO,ES,Towers with Radar,12,26,76,4,118,0,1,109,2,112,12,27,185,6,230,160,0,160,390
06/11/2020,SRQ,FL,ASO,ES,Towers with Radar,28,30,76,0,134,0,0,138,1,139,28,30,214,1,273,148,0,148,421
06/12/2020,SRQ,FL,ASO,ES,Towers with Radar,22,34,84,0,140,0,0,146,4,150,22,34,230,4,290,67,0,67,357
06/13/2020,SRQ,FL,ASO,ES,Towers with Radar,27,22,63,2,114,0,1,45,0,46,27,23,108,2,160,63,0,63,223
06/14/2020,SRQ,FL,ASO,ES,Towers with Radar,28,28,54,0,110,0,4,104,0,108,28,32,158,0,218,119,0,119,337
06/15/2020,SRQ,FL,ASO,ES,Towers with Radar,23,25,51,10,109,0,2,89,0,91,23,27,140,10,200,160,0,160,360
06/16/2020,SRQ,FL,ASO,ES,Towers with Radar,12,25,64,3,104,0,0,103,2,105,12,25,167,5,209,142,0,142,351
06/17/2020,SRQ,FL,ASO,ES,Towers with Radar,14,16,76,2,108,0,1,129,0,130,14,17,205,2,238,136,0,136,374
06/18/2020,SRQ,FL,ASO,ES,Towers with Radar,27,34,76,6,143,0,3,116,14,133,27,37,192,20,276,128,6,134,410
06/19/2020,SRQ,FL,ASO,ES,Towers with Radar,20,18,61,0,99,0,0,69,0,69,20,18,130,0,168,104,0,104,272
06/20/2020,SRQ,FL,ASO,ES,Towers with Radar,28,21,75,0,124,0,0,144,0,144,28,21,219,0,268,58,0,58,326
06/21/2020,SRQ,FL,ASO,ES,Towers with Radar,28,32,56,0,116,2,0,64,0,66,30,32,120,0,182,52,0,52,234
06/22/2020,SRQ,FL,ASO,ES,Towers with Radar,21,16,56,0,93,1,0,97,0,98,22,16,153,0,191,93,0,93,284
06/23/2020,SRQ,FL,ASO,ES,Towers with Radar,12,20,75,10,117,0,2,92,4,98,12,22,167,14,215,116,0,116,331
06/24/2020,SRQ,FL,ASO,ES,Towers with Radar,15,29,78,0,122,0,2,140,2,144,15,31,218,2,266,201,0,201,467
06/25/2020,SRQ,FL,ASO,ES,Towers with Radar,27,21,71,3,122,0,0,128,4,132,27,21,199,7,254,96,0,96,350
06/26/2020,SRQ,FL,ASO,ES,Towers with Radar,20,23,70,1,114,0,1,93,4,98,20,24,163,5,212,103,0,103,315
06/27/2020,SRQ,FL,ASO,ES,Towers with Radar,27,21,53,0,101,0,0,113,1,114,27,21,166,1,215,70,0,70,285
06/28/2020,SRQ,FL,ASO,ES,Towers with Radar,27,26,59,0,112,0,1,79,0,80,27,27,138,0,192,58,0,58,250
06/29/2020,SRQ,FL,ASO,ES,Towers with Radar,23,22,44,0,89,0,2,41,1,44,23,24,85,1,133,112,0,112,245
06/30/2020,SRQ,FL,ASO,ES,Towers with Radar,11,16,71,10,108,0,0,87,0,87,11,16,158,10,195,158,2,160,355
07/01/2020,SRQ,FL,ASO,ES,Towers with Radar,20,14,89,14,137,0,4,89,0,93,20,18,178,14,230,238,20,258,488
07/02/2020,SRQ,FL,ASO,ES,Towers with Radar,28,29,68,0,125,0,0,133,0,133,28,29,201,0,258,125,0,125,383
07/03/2020,SRQ,FL,ASO,ES,Towers with Radar,28,13,58,0,99,0,0,132,0,132,28,13,190,0,231,158,0,158,389
07/04/2020,SRQ,FL,ASO,ES,Towers with Radar,29,11,24,0,64,0,0,61,2,63,29,11,85,2,127,48,0,48,175
07/05/2020,SRQ,FL,ASO,ES,Towers with Radar,30,30,62,0,122,0,0,53,0,53,30,30,115,0,175,85,0,85,260
07/06/2020,SRQ,FL,ASO,ES,Towers with Radar,23,28,66,5,122,0,0,83,3,86,23,28,149,8,208,75,10,85,293
07/07/2020,SRQ,FL,ASO,ES,Towers with Radar,18,27,58,21,124,0,0,128,3,131,18,27,186,24,255,134,8,142,397
07/08/2020,SRQ,FL,ASO,ES,Towers with Radar,26,24,70,7,127,0,0,110,2,112,26,24,180,9,239,68,0,68,307
07/09/2020,SRQ,FL,ASO,ES,Towers with Radar,32,11,70,4,117,1,2,122,3,128,33,13,192,7,245,76,4,80,325
07/10/2020,SRQ,FL,ASO,ES,Towers with Radar,36,23,53,0,112,0,1,77,0,78,36,24,130,0,190,50,0,50,240
07/11/2020,SRQ,FL,ASO,ES,Towers with Radar,43,13,39,2,97,0,0,59,3,62,43,13,98,5,159,62,0,62,221
07/12/2020,SRQ,FL,ASO,ES,Towers with Radar,36,13,67,0,116,0,0,93,0,93,36,13,160,0,209,98,0,98,307
07/13/2020,SRQ,FL,ASO,ES,Towers with Radar,30,12,64,1,107,0,2,82,1,85,30,14,146,2,192,134,0,134,326
07/14/2020,SRQ,FL,ASO,ES,Towers with Radar,22,19,46,0,87,0,2,96,0,98,22,21,142,0,185,198,0,198,383
07/15/2020,SRQ,FL,ASO,ES,Towers with Radar,29,15,56,2,102,0,0,81,2,83,29,15,137,4,185,126,0,126,311
07/16/2020,SRQ,FL,ASO,ES,Towers with Radar,36,22,58,0,116,0,1,91,0,92,36,23,149,0,208,150,0,150,358
07/17/2020,SRQ,FL,ASO,ES,Towers with Radar,33,20,53,3,109,0,0,74,1,75,33,20,127,4,184,76,0,76,260
07/18/2020,SRQ,FL,ASO,ES,Towers with Radar,44,17,50,8,119,0,0,53,4,57,44,17,103,12,176,130,0,130,306
07/19/2020,SRQ,FL,ASO,ES,Towers with Radar,39,21,51,12,123,0,0,105,1,106,39,21,156,13,229,154,10,164,393
07/20/2020,SRQ,FL,ASO,ES,Towers with Radar,32,19,47,0,98,0,0,72,1,73,32,19,119,1,171,44,0,44,215
07/21/2020,SRQ,FL,ASO,ES,Towers with Radar,20,11,38,0,69,0,2,85,6,93,20,13,123,6,162,118,0,118,280
07/22/2020,SRQ,FL,ASO,ES,Towers with Radar,28,18,56,7,109,0,0,94,1,95,28,18,150,8,204,121,9,130,334
07/23/2020,SRQ,FL,ASO,ES,Towers with Radar,37,15,63,0,115,0,0,51,0,51,37,15,114,0,166,45,2,47,213
07/24/2020,SRQ,FL,ASO,ES,Towers with Radar,34,18,64,3,119,0,4,69,1,74,34,22,133,4,193,47,0,47,240
07/25/2020,SRQ,FL,ASO,ES,Towers with Radar,42,23,72,2,139,1,0,99,2,102,43,23,171,4,241,36,0,36,277
07/26/2020,SRQ,FL,ASO,ES,Towers with Radar,38,18,38,2,96,0,0,57,2,59,38,18,95,4,155,22,0,22,177
07/27/2020,SRQ,FL,ASO,ES,Towers with Radar,33,20,49,2,104,0,1,105,3,109,33,21,154,5,213,144,0,144,357
07/28/2020,SRQ,FL,ASO,ES,Towers with Radar,20,14,62,8,104,0,2,73,8,83,20,16,135,16,187,144,32,176,363
07/29/2020,SRQ,FL,ASO,ES,Towers with Radar,25,14,53,11,103,0,3,81,22,106,25,17,134,33,209,92,22,114,323
07/30/2020,SRQ,FL,ASO,ES,Towers with Radar,39,19,77,4,139,0,0,115,0,115,39,19,192,4,254,36,0,36,290
07/31/2020,SRQ,FL,ASO,ES,Towers with Radar,34,38,94,3,169,0,0,96,1,97,34,38,190,4,266,54,0,54,320
08/01/2020,SRQ,FL,ASO,ES,Towers with Radar,42,17,50,0,109,0,1,87,1,89,42,18,137,1,198,85,0,85,283
08/02/2020,SRQ,FL,ASO,ES,Towers with Radar,42,9,40,0,91,0,0,28,0,28,42,9,68,0,119,32,0,32,151
08/03/2020,SRQ,FL,ASO,ES,Towers with Radar,36,25,70,0,131,0,0,89,0,89,36,25,159,0,220,99,0,99,319
08/04/2020,SRQ,FL,ASO,ES,Towers with Radar,22,17,48,2,89,0,0,116,2,118,22,17,164,4,207,144,0,144,351
08/05/2020,SRQ,FL,ASO,ES,Towers with Radar,26,27,48,29,130,0,2,78,2,82,26,29,126,31,212,130,4,134,346
08/06/2020,SRQ,FL,ASO,ES,Towers with Radar,40,14,58,4,116,1,3,93,0,97,41,17,151,4,213,122,0,122,335
08/07/2020,SRQ,FL,ASO,ES,Towers with Radar,34,15,58,0,107,1,1,95,2,99,35,16,153,2,206,78,0,78,284
08/08/2020,SRQ,FL,ASO,ES,Towers with Radar,45,18,62,0,125,0,0,120,0,120,45,18,182,0,245,44,4,48,293
08/09/2020,SRQ,FL,ASO,ES,Towers with Radar,40,17,44,0,101,0,0,64,0,64,40,17,108,0,165,68,0,68,233
08/10/2020,SRQ,FL,ASO,ES,Towers with Radar,35,30,61,2,128,0,4,92,3,99,35,34,153,5,227,102,4,106,333
08/11/2020,SRQ,FL,ASO,ES,Towers with Radar,25,16,39,7,87,0,2,66,0,68,25,18,105,7,155,80,0,80,235
08/12/2020,SRQ,FL,ASO,ES,Towers with Radar,23,11,53,0,87,0,3,84,2,89,23,14,137,2,176,163,0,163,339
08/13/2020,SRQ,FL,ASO,ES,Towers with Radar,39,17,60,4,120,0,3,83,1,87,39,20,143,5,207,137,0,137,344
08/14/2020,SRQ,FL,ASO,ES,Towers with Radar,35,30,76,6,147,0,2,112,3,117,35,32,188,9,264,98,0,98,362
08/15/2020,SRQ,FL,ASO,ES,Towers with Radar,44,17,38,0,99,0,0,83,0,83,44,17,121,0,182,66,0,66,248
08/16/2020,SRQ,FL,ASO,ES,Towers with Radar,40,20,64,0,124,0,0,58,0,58,40,20,122,0,182,28,0,28,210
08/17/2020,SRQ,FL,ASO,ES,Towers with Radar,35,13,46,2,96,0,0,47,0,47,35,13,93,2,143,104,0,104,247
08/18/2020,SRQ,FL,ASO,ES,Towers with Radar,22,20,52,4,98,0,1,79,2,82,22,21,131,6,180,210,16,226,406
08/19/2020,SRQ,FL,ASO,ES,Towers with Radar,22,15,56,0,93,0,5,40,4,49,22,20,96,4,142,64,4,68,210
08/20/2020,SRQ,FL,ASO,ES,Towers with Radar,38,17,47,2,104,0,0,94,4,98,38,17,141,6,202,242,4,246,448
08/21/2020,SRQ,FL,ASO,ES,Towers with Radar,33,20,88,0,141,0,1,75,0,76,33,21,163,0,217,105,0,105,322
08/22/2020,SRQ,FL,ASO,ES,Towers with Radar,37,9,46,0,92,0,0,55,0,55,37,9,101,0,147,68,0,68,215
08/23/2020,SRQ,FL,ASO,ES,Towers with Radar,38,15,63,0,116,0,0,98,0,98,38,15,161,0,214,57,0,57,271
08/24/2020,SRQ,FL,ASO,ES,Towers with Radar,31,4,36,4,75,0,0,51,2,53,31,4,87,6,128,52,0,52,180
08/25/2020,SRQ,FL,ASO,ES,Towers with Radar,23,20,47,7,97,0,2,73,3,78,23,22,120,10,175,88,0,88,263
08/26/2020,SRQ,FL,ASO,ES,Towers with Radar,22,19,94,0,135,0,1,87,5,93,22,20,181,5,228,84,2,86,314
08/27/2020,SRQ,FL,ASO,ES,Towers with Radar,38,17,59,5,119,0,0,102,1,103,38,17,161,6,222,110,2,112,334
08/28/2020,SRQ,FL,ASO,ES,Towers with Radar,33,24,63,0,120,0,3,123,0,126,33,27,186,0,246,106,0,106,352
08/29/2020,SRQ,FL,ASO,ES,Towers with Radar,42,12,47,15,116,0,2,90,2,94,42,14,137,17,210,102,4,106,316
08/30/2020,SRQ,FL,ASO,ES,Towers with Radar,39,12,37,0,88,0,1,48,0,49,39,13,85,0,137,132,0,132,269
08/31/2020,SRQ,FL,ASO,ES,Towers with Radar,34,19,61,1,115,0,2,34,4,40,34,21,95,5,155,56,16,72,227
09/01/2020,SRQ,FL,ASO,ES,Towers with Radar,23,18,41,1,83,0,2,81,1,84,23,20,122,2,167,101,0,101,268
09/02/2020,SRQ,FL,ASO,ES,Towers with Radar,21,15,62,0,98,0,1,108,4,113,21,16,170,4,211,87,28,115,326
09/03/2020,SRQ,FL,ASO,ES,Towers with Radar,38,13,57,4,112,0,6,98,8,112,38,19,155,12,224,62,0,62,286
09/04/2020,SRQ,FL,ASO,ES,Towers with Radar,35,29,66,8,138,0,4,99,0,103,35,33,165,8,241,87,0,87,328
09/05/2020,SRQ,FL,ASO,ES,Towers with Radar,40,8,43,0,91,0,1,104,2,107,40,9,147,2,198,76,0,76,274
09/06/2020,SRQ,FL,ASO,ES,Towers with Radar,35,16,30,0,81,0,0,79,0,79,35,16,109,0,160,54,0,54,214
09/07/2020,SRQ,FL,ASO,ES,Towers with Radar,35,15,59,0,109,0,0,65,3,68,35,15,124,3,177,54,0,54,231
09/08/2020,SRQ,FL,ASO,ES,Towers with Radar,20,24,52,1,97,0,0,57,2,59,20,24,109,3,156,48,0,48,204
09/09/2020,SRQ,FL,ASO,ES,Towers with Radar,22,30,73,4,129,0,0,36,0,36,22,30,109,4,165,50,0,50,215
09/10/2020,SRQ,FL,ASO,ES,Towers with Radar,36,12,61,0,109,0,2,54,0,56,36,14,115,0,165,38,0,38,203
09/11/2020,SRQ,FL,ASO,ES,Towers with Radar,29,15,47,0,91,0,0,65,0,65,29,15,112,0,156,106,0,106,262
09/12/2020,SRQ,FL,ASO,ES,Towers with Radar,34,12,32,0,78,0,0,24,1,25,34,12,56,1,103,70,0,70,173
09/13/2020,SRQ,FL,ASO,ES,Towers with Radar,37,13,24,0,74,0,0,1,0,1,37,13,25,0,75,0,0,0,75
09/14/2020,SRQ,FL,ASO,ES,Towers with Radar,29,15,45,0,89,0,0,28,4,32,29,15,73,4,121,34,0,34,155
09/15/2020,SRQ,FL,ASO,ES,Towers with Radar,19,10,81,2,112,0,0,88,0,88,19,10,169,2,200,74,0,74,274
09/16/2020,SRQ,FL,ASO,ES,Towers with Radar,22,18,65,2,107,0,2,132,0,134,22,20,197,2,241,72,0,72,313
09/17/2020,SRQ,FL,ASO,ES,Towers with Radar,34,14,46,2,96,0,2,84,2,88,34,16,130,4,184,154,4,158,342
09/18/2020,SRQ,FL,ASO,ES,Towers with Radar,29,33,101,6,169,0,2,54,7,63,29,35,155,13,232,34,0,34,266
09/19/2020,SRQ,FL,ASO,ES,Towers with Radar,34,22,56,0,112,0,4,144,1,149,34,26,200,1,261,88,0,88,349
09/20/2020,SRQ,FL,ASO,ES,Towers with Radar,35,12,61,0,108,0,1,20,0,21,35,13,81,0,129,82,0,82,211
09/21/2020,SRQ,FL,ASO,ES,Towers with Radar,30,7,48,0,85,0,0,39,2,41,30,7,87,2,126,34,0,34,160
09/22/2020,SRQ,FL,ASO,ES,Towers with Radar,20,24,86,2,132,0,6,104,0,110,20,30,190,2,242,67,0,67,309
09/23/2020,SRQ,FL,ASO,ES,Towers with Radar,21,20,85,6,132,0,4,134,1,139,21,24,219,7,271,153,0,153,424
09/24/2020,SRQ,FL,ASO,ES,Towers with Radar,35,30,107,22,194,0,3,111,2,116,35,33,218,24,310,74,0,74,384
09/25/2020,SRQ,FL,ASO,ES,Towers with Radar,30,24,93,0,147,0,0,67,4,71,30,24,160,4,218,60,0,60,278
09/26/2020,SRQ,FL,ASO,ES,Towers with Radar,34,19,56,0,109,0,2,108,0,110,34,21,164,0,219,212,0,212,431
09/27/2020,SRQ,FL,ASO,ES,Towers with Radar,38,28,59,0,125,0,0,60,2,62,38,28,119,2,187,120,0,120,307
09/28/2020,SRQ,FL,ASO,ES,Towers with Radar,30,24,71,4,129,0,2,50,0,52,30,26,121,4,181,56,0,56,237
09/29/2020,SRQ,FL,ASO,ES,Towers with Radar,20,17,63,10,110,0,0,70,0,70,20,17,133,10,180,124,0,124,304
09/30/2020,SRQ,FL,ASO,ES,Towers with Radar,23,24,61,0,108,0,0,93,10,103,23,24,154,10,211,152,6,158,369
10/01/2020,SRQ,FL,ASO,ES,Towers with Radar,48,24,95,1,168,0,0,98,5,103,48,24,193,6,271,152,4,156,427
10/02/2020,SRQ,FL,ASO,ES,Towers with Radar,40,31,60,4,135,0,1,73,0,74,40,32,133,4,209,50,0,50,259
10/03/2020,SRQ,FL,ASO,ES,Towers with Radar,44,18,61,0,123,0,1,74,0,75,44,19,135,0,198,100,0,100,298
10/04/2020,SRQ,FL,ASO,ES,Towers with Radar,56,29,67,0,152,0,0,5,0,5,56,29,72,0,157,0,0,0,157
10/05/2020,SRQ,FL,ASO,ES,Towers with Radar,40,14,97,4,155,0,0,45,0,45,40,14,142,4,200,44,0,44,244
10/06/2020,SRQ,FL,ASO,ES,Towers with Radar,29,26,107,10,172,0,0,99,11,110,29,26,206,21,282,14,8,22,304
10/07/2020,SRQ,FL,ASO,ES,Towers with Radar,29,37,98,2,166,0,4,95,2,101,29,41,193,4,267,88,0,88,355
10/08/2020,SRQ,FL,ASO,ES,Towers with Radar,53,16,104,1,174,0,2,125,1,128,53,18,229,2,302,46,1,47,349
10/09/2020,SRQ,FL,ASO,ES,Towers with Radar,40,20,101,0,161,0,0,117,2,119,40,20,218,2,280,116,0,116,396
10/10/2020,SRQ,FL,ASO,ES,Towers with Radar,50,28,66,0,144,1,0,88,0,89,51,28,154,0,233,68,0,68,301
10/11/2020,SRQ,FL,ASO,ES,Towers with Radar,46,26,50,0,122,0,0,48,0,48,46,26,98,0,170,56,0,56,226
10/12/2020,SRQ,FL,ASO,ES,Towers with Radar,42,26,82,0,150,0,2,92,0,94,42,28,174,0,244,66,0,66,310
10/13/2020,SRQ,FL,ASO,ES,Towers with Radar,30,33,84,3,150,0,3,114,4,121,30,36,198,7,271,167,0,167,438
10/14/2020,SRQ,FL,ASO,ES,Towers with Radar,30,30,63,0,123,0,3,137,0,140,30,33,200,0,263,116,0,116,379
10/15/2020,SRQ,FL,ASO,ES,Towers with Radar,51,42,84,2,179,0,7,132,4,143,51,49,216,6,322,104,0,104,426
10/16/2020,SRQ,FL,ASO,ES,Towers with Radar,41,31,83,7,162,0,1,102,2,105,41,32,185,9,267,104,0,104,371
10/17/2020,SRQ,FL,ASO,ES,Towers with Radar,50,30,67,4,151,0,0,87,0,87,50,30,154,4,238,102,0,102,340
10/18/2020,SRQ,FL,ASO,ES,Towers with Radar,52,30,67,4,153,0,0,42,2,44,52,30,109,6,197,84,0,84,281
10/19/2020,SRQ,FL,ASO,ES,Towers with Radar,38,26,60,2,126,0,0,39,0,39,38,26,99,2,165,30,0,30,195
10/20/2020,SRQ,FL,ASO,ES,Towers with Radar,29,31,58,6,124,0,0,71,2,73,29,31,129,8,197,67,0,67,264
10/21/2020,SRQ,FL,ASO,ES,Towers with Radar,31,27,81,0,139,0,0,64,0,64,31,27,145,0,203,54,0,54,257
10/22/2020,SRQ,FL,ASO,ES,Towers with Radar,55,37,99,2,193,0,5,98,2,105,55,42,197,4,298,94,0,94,392
10/23/2020,SRQ,FL,ASO,ES,Towers with Radar,39,27,76,0,142,0,8,107,2,117,39,35,183,2,259,86,0,86,345
10/24/2020,SRQ,FL,ASO,ES,Towers with Radar,49,38,59,1,147,0,13,106,16,135,49,51,165,17,282,80,22,102,384
10/25/2020,SRQ,FL,ASO,ES,Towers with Radar,49,28,93,6,176,2,2,45,0,49,51,30,138,6,225,48,0,48,273
10/26/2020,SRQ,FL,ASO,ES,Towers with Radar,39,25,77,0,141,0,2,87,2,91,39,27,164,2,232,52,0,52,284
10/27/2020,SRQ,FL,ASO,ES,Towers with Radar,27,28,72,6,133,0,0,103,0,103,27,28,175,6,236,126,0,126,362
10/28/2020,SRQ,FL,ASO,ES,Towers with Radar,30,29,86,10,155,0,3,109,1,113,30,32,195,11,268,34,0,34,302
10/29/2020,SRQ,FL,ASO,ES,Towers with Radar,51,19,105,3,178,0,0,83,0,83,51,19,188,3,261,122,0,122,383
10/30/2020,SRQ,FL,ASO,ES,Towers with Radar,39,29,73,0,141,0,3,125,0,128,39,32,198,0,269,111,0,111,380
10/31/2020,SRQ,FL,ASO,ES,Towers with Radar,41,29,78,0,148,0,6,108,0,114,41,35,186,0,262,138,0,138,400
11/01/2020,SRQ,FL,ASO,ES,Towers with Radar,46,30,50,0,126,0,0,122,0,122,46,30,172,0,248,123,0,123,371
11/02/2020,SRQ,FL,ASO,ES,Towers with Radar,42,28,47,0,117,0,0,76,0,76,42,28,123,0,193,32,0,32,225
11/03/2020,SRQ,FL,ASO,ES,Towers with Radar,18,29,79,5,131,0,3,98,11,112,18,32,177,16,243,90,0,90,333
11/04/2020,SRQ,FL,ASO,ES,Towers with Radar,34,31,59,5,129,0,2,82,0,84,34,33,141,5,213,90,0,90,303
11/05/2020,SRQ,FL,ASO,ES,Towers with Radar,54,28,97,0,179,0,5,115,3,123,54,33,212,3,302,80,0,80,382
11/06/2020,SRQ,FL,ASO,ES,Towers with Radar,47,31,76,2,156,1,5,116,3,125,48,36,192,5,281,72,22,94,375
11/07/2020,SRQ,FL,ASO,ES,Towers with Radar,46,28,67,0,141,0,0,56,0,56,46,28,123,0,197,0,0,0,197
11/08/2020,SRQ,FL,ASO,ES,Towers with Radar,57,45,43,0,145,0,0,10,0,10,57,45,53,0,155,16,0,16,171
11/09/2020,SRQ,FL,ASO,ES,Towers with Radar,52,17,25,4,98,0,0,2,0,2,52,17,27,4,100,2,0,2,102
11/10/2020,SRQ,FL,ASO,ES,Towers with Radar,24,19,36,2,81,0,0,12,4,16,24,19,48,6,97,41,0,41,138
11/11/2020,SRQ,FL,ASO,ES,Towers with Radar,20,8,12,0,40,0,0,0,0,0,20,8,12,0,40,0,0,0,40
11/12/2020,SRQ,FL,ASO,ES,Towers with Radar,52,43,57,0,152,0,1,26,0,27,52,44,83,0,179,42,0,42,221
11/13/2020,SRQ,FL,ASO,ES,Towers with Radar,50,32,95,0,177,1,0,148,1,150,51,32,243,1,327,133,0,133,460
11/14/2020,SRQ,FL,ASO,ES,Towers with Radar,48,33,87,0,168,0,0,164,0,164,48,33,251,0,332,116,0,116,448
11/15/2020,SRQ,FL,ASO,ES,Towers with Radar,56,34,72,0,162,0,0,136,3,139,56,34,208,3,301,82,0,82,383
11/16/2020,SRQ,FL,ASO,ES,Towers with Radar,47,30,93,5,175,0,0,123,0,123,47,30,216,5,298,142,0,142,440
11/17/2020,SRQ,FL,ASO,ES,Towers with Radar,24,26,54,1,105,0,4,144,1,149,24,30,198,2,254,70,0,70,324
11/18/2020,SRQ,FL,ASO,ES,Towers with Radar,29,47,96,0,172,0,3,97,0,100,29,50,193,0,272,24,0,24,296
11/19/2020,SRQ,FL,ASO,ES,Towers with Radar,53,34,88,2,177,0,0,92,0,92,53,34,180,2,269,63,0,63,332
11/20/2020,SRQ,FL,ASO,ES,Towers with Radar,63,50,114,0,227,0,7,140,7,154,63,57,254,7,381,174,0,174,555
11/21/2020,SRQ,FL,ASO,ES,Towers with Radar,61,36,121,0,218,1,0,39,0,40,62,36,160,0,258,28,0,28,286
11/22/2020,SRQ,FL,ASO,ES,Towers with Radar,62,52,79,0,193,0,0,63,0,63,62,52,142,0,256,30,0,30,286
11/23/2020,SRQ,FL,ASO,ES,Towers with Radar,58,31,123,1,213,0,4,93,16,113,58,35,216,17,326,31,0,31,357
11/24/2020,SRQ,FL,ASO,ES,Towers with Radar,64,29,108,0,201,0,3,160,0,163,64,32,268,0,364,146,0,146,510
11/25/2020,SRQ,FL,ASO,ES,Towers with Radar,69,23,78,0,170,0,0,124,0,124,69,23,202,0,294,112,0,112,406
11/26/2020,SRQ,FL,ASO,ES,Towers with Radar,23,13,8,0,44,0,0,43,0,43,23,13,51,0,87,12,0,12,99
11/27/2020,SRQ,FL,ASO,ES,Towers with Radar,42,21,73,0,136,0,1,98,2,101,42,22,171,2,237,96,0,96,333
11/28/2020,SRQ,FL,ASO,ES,Towers with Radar,69,47,88,0,204,0,4,153,0,157,69,51,241,0,361,86,0,86,447
11/29/2020,SRQ,FL,ASO,ES,Towers with Radar,66,66,130,0,262,3,1,99,0,103,69,67,229,0,365,36,0,36,401
11/30/2020,SRQ,FL,ASO,ES,Towers with Radar,54,39,82,6,181,0,0,24,6,30,54,39,106,12,211,23,6,29,240
12/01/2020,SRQ,FL,ASO,ES,Towers with Radar,36,38,100,30,204,0,4,96,0,100,36,42,196,30,304,52,14,66,370
12/02/2020,SRQ,FL,ASO,ES,Towers with Radar,38,28,107,0,173,0,2,133,0,135,38,30,240,0,308,66,0,66,374
12/03/2020,SRQ,FL,ASO,ES,Towers with Radar,53,33,70,0,156,0,1,135,3,139,53,34,205,3,295,50,2,52,347
12/04/2020,SRQ,FL,ASO,ES,Towers with Radar,56,27,70,24,177,0,2,82,2,86,56,29,152,26,263,82,10,92,355
12/05/2020,SRQ,FL,ASO,ES,Towers with Radar,57,30,66,6,159,1,1,57,0,59,58,31,123,6,218,34,0,34,252
12/06/2020,SRQ,FL,ASO,ES,Towers with Radar,54,39,72,2,167,0,0,117,0,117,54,39,189,2,284,68,0,68,352
12/07/2020,SRQ,FL,ASO,ES,Towers with Radar,56,21,54,2,133,0,6,13,8,27,56,27,67,10,160,30,8,38,198
12/08/2020,SRQ,FL,ASO,ES,Towers with Radar,32,22,78,4,136,0,6,135,5,146,32,28,213,9,282,61,0,61,343
12/09/2020,SRQ,FL,ASO,ES,Towers with Radar,34,17,81,5,137,0,4,142,0,146,34,21,223,5,283,112,0,112,395
12/10/2020,SRQ,FL,ASO,ES,Towers with Radar,55,36,96,4,191,0,4,175,0,179,55,40,271,4,370,66,0,66,436
12/11/2020,SRQ,FL,ASO,ES,Towers with Radar,57,25,76,6,164,2,0,144,0,146,59,25,220,6,310,132,0,132,442
12/12/2020,SRQ,FL,ASO,ES,Towers with Radar,58,22,74,18,172,0,0,97,0,97,58,22,171,18,269,83,0,83,352
12/13/2020,SRQ,FL,ASO,ES,Towers with Radar,56,23,98,0,177,0,1,79,0,80,56,24,177,0,257,108,0,108,365
12/14/2020,SRQ,FL,ASO,ES,Towers with Radar,58,24,88,0,170,0,1,52,0,53,58,25,140,0,223,64,0,64,287
12/15/2020,SRQ,FL,ASO,ES,Towers with Radar,30,32,106,4,172,0,1,83,2,86,30,33,189,6,258,170,0,170,428
12/16/2020,SRQ,FL,ASO,ES,Towers with Radar,33,35,49,0,117,0,1,57,2,60,33,36,106,2,177,86,0,86,263
12/17/2020,SRQ,FL,ASO,ES,Towers with Radar,47,46,82,4,179,0,6,81,6,93,47,52,163,10,272,88,4,92,364
12/18/2020,SRQ,FL,ASO,ES,Towers with Radar,84,19,87,0,190,0,2,133,0,135,84,21,220,0,325,104,0,104,429
12/19/2020,SRQ,FL,ASO,ES,Towers with Radar,79,47,103,0,229,0,2,127,0,129,79,49,230,0,358,128,0,128,486
12/20/2020,SRQ,FL,ASO,ES,Towers with Radar,73,28,70,0,171,0,0,49,0,49,73,28,119,0,220,24,0,24,244
12/21/2020,SRQ,FL,ASO,ES,Towers with Radar,79,22,86,0,187,0,0,139,2,141,79,22,225,2,328,178,0,178,506
12/22/2020,SRQ,FL,ASO,ES,Towers with Radar,69,28,76,0,173,0,5,173,1,179,69,33,249,1,352,143,0,143,495
12/23/2020,SRQ,FL,ASO,ES,Towers with Radar,77,36,93,0,206,0,5,145,2,152,77,41,238,2,358,120,0,120,478
12/24/2020,SRQ,FL,ASO,ES,Towers with Radar,70,21,20,0,111,0,0,69,0,69,70,21,89,0,180,72,0,72,252
12/25/2020,SRQ,FL,ASO,ES,Towers with Radar,37,28,16,0,81,0,0,12,0,12,37,28,28,0,93,0,0,0,93
12/26/2020,SRQ,FL,ASO,ES,Towers with Radar,75,61,159,0,295,1,0,98,0,99,76,61,257,0,394,22,0,22,416
12/27/2020,SRQ,FL,ASO,ES,Towers with Radar,85,65,114,1,265,0,0,99,1,100,85,65,213,2,365,30,0,30,395
12/28/2020,SRQ,FL,ASO,ES,Towers with Radar,79,66,75,7,227,2,7,134,4,147,81,73,209,11,374,70,4,74,448
12/29/2020,SRQ,FL,ASO,ES,Towers with Radar,68,40,123,0,231,0,4,156,0,160,68,44,279,0,391,128,0,128,519
12/30/2020,SRQ,FL,ASO,ES,Towers with Radar,74,40,93,0,207,1,2,107,0,110,75,42,200,0,317,116,0,116,433
12/31/2020,SRQ,FL,ASO,ES,Towers with Radar,69,26,40,0,135,0,0,92,0,92,69,26,132,0,227,28,0,28,255
01/01/2021,SRQ,FL,ASO,ES,Towers with Radar,55,34,58,0,147,0,6,52,0,58,55,40,110,0,205,70,0,70,275
01/02/2021,SRQ,FL,ASO,ES,Towers with Radar,81,46,132,0,259,0,0,27,0,27,81,46,159,0,286,0,0,0,286
01/03/2021,SRQ,FL,ASO,ES,Towers with Radar,85,48,125,0,258,0,0,23,0,23,85,48,148,0,281,18,0,18,299
01/04/2021,SRQ,FL,ASO,ES,Towers with Radar,68,40,95,0,203,0,2,103,2,107,68,42,198,2,310,112,0,112,422
01/05/2021,SRQ,FL,ASO,ES,Towers with Radar,41,42,76,0,159,0,2,123,4,129,41,44,199,4,288,82,0,82,370
01/06/2021,SRQ,FL,ASO,ES,Towers with Radar,45,31,82,1,159,0,6,139,2,147,45,37,221,3,306,112,4,116,422
01/07/2021,SRQ,FL,ASO,ES,Towers with Radar,70,32,81,2,185,0,1,116,0,117,70,33,197,2,302,80,0,80,382
01/08/2021,SRQ,FL,ASO,ES,Towers with Radar,64,48,81,1,194,0,4,100,6,110,64,52,181,7,304,64,0,64,368
01/09/2021,SRQ,FL,ASO,ES,Towers with Radar,56,38,74,0,168,0,0,113,0,113,56,38,187,0,281,116,0,116,397
01/10/2021,SRQ,FL,ASO,ES,Towers with Radar,71,35,84,0,190,0,0,123,4,127,71,35,207,4,317,46,0,46,363
01/11/2021,SRQ,FL,ASO,ES,Towers with Radar,65,28,89,16,198,0,3,111,4,118,65,31,200,20,316,101,0,101,417
01/12/2021,SRQ,FL,ASO,ES,Towers with Radar,39,34,109,11,193,0,0,28,1,29,39,34,137,12,222,156,0,156,378
01/13/2021,SRQ,FL,ASO,ES,Towers with Radar,44,31,87,15,177,1,0,33,3,37,45,31,120,18,214,100,0,100,314
01/14/2021,SRQ,FL,ASO,ES,Towers with Radar,69,32,91,3,195,0,0,157,15,172,69,32,248,18,367,172,0,172,539
01/15/2021,SRQ,FL,ASO,ES,Towers with Radar,66,44,117,6,233,0,0,126,8,134,66,44,243,14,367,36,8,44,411
01/16/2021,SRQ,FL,ASO,ES,Towers with Radar,54,48,64,0,166,1,0,103,0,104,55,48,167,0,270,88,0,88,358
01/17/2021,SRQ,FL,ASO,ES,Towers with Radar,69,25,87,0,181,0,0,142,0,142,69,25,229,0,323,227,0,227,550
01/18/2021,SRQ,FL,ASO,ES,Towers with Radar,68,48,105,0,221,0,6,176,0,182,68,54,281,0,403,80,0,80,483
01/19/2021,SRQ,FL,ASO,ES,Towers with Radar,37,27,83,13,160,0,6,154,2,162,37,33,237,15,322,105,0,105,427
01/20/2021,SRQ,FL,ASO,ES,Towers with Radar,46,26,61,26,159,0,3,177,0,180,46,29,238,26,339,102,18,120,459
01/21/2021,SRQ,FL,ASO,ES,Towers with Radar,71,25,106,6,208,0,4,159,4,167,71,29,265,10,375,124,2,126,501
01/22/2021,SRQ,FL,ASO,ES,Towers with Radar,67,39,105,4,215,1,4,166,0,171,68,43,271,4,386,152,0,152,538
01/23/2021,SRQ,FL,ASO,ES,Towers with Radar,49,27,80,4,160,0,0,86,0,86,49,27,166,4,246,76,0,76,322
01/24/2021,SRQ,FL,ASO,ES,Towers with Radar,75,37,58,4,174,0,2,61,2,65,75,39,119,6,239,40,0,40,279
01/25/2021,SRQ,FL,ASO,ES,Towers with Radar,67,32,86,16,201,0,0,111,10,121,67,32,197,26,322,120,15,135,457
01/26/2021,SRQ,FL,ASO,ES,Towers with Radar,37,18,99,23,177,0,0,163,3,166,37,18,262,26,343,183,10,193,536
01/27/2021,SRQ,FL,ASO,ES,Towers with Radar,51,22,86,7,166,0,0,32,0,32,51,22,118,7,198,22,0,22,220
01/28/2021,SRQ,FL,ASO,ES,Towers with Radar,62,28,97,4,191,0,0,125,8,133,62,28,222,12,324,40,22,62,386
01/29/2021,SRQ,FL,ASO,ES,Towers with Radar,66,33,88,1,188,1,2,185,0,188,67,35,273,1,376,130,0,130,506
01/30/2021,SRQ,FL,ASO,ES,Towers with Radar,53,40,103,1,197,1,0,179,0,180,54,40,282,1,377,70,0,70,447
01/31/2021,SRQ,FL,ASO,ES,Towers with Radar,65,46,73,0,184,0,0,106,0,106,65,46,179,0,290,22,0,22,312
02/01/2021,SRQ,FL,ASO,ES,Towers with Radar,58,29,56,7,150,0,0,20,1,21,58,29,76,8,171,6,0,6,177
02/02/2021,SRQ,FL,ASO,ES,Towers with Radar,36,20,74,10,140,0,0,44,3,47,36,20,118,13,187,3,0,3,190
02/03/2021,SRQ,FL,ASO,ES,Towers with Radar,44,29,92,0,165,0,1,169,0,170,44,30,261,0,335,38,0,38,373
02/04/2021,SRQ,FL,ASO,ES,Towers with Radar,69,35,82,0,186,0,7,185,4,196,69,42,267,4,382,74,0,74,456
02/05/2021,SRQ,FL,ASO,ES,Towers with Radar,69,36,90,0,195,0,3,123,0,126,69,39,213,0,321,76,0,76,397
02/06/2021,SRQ,FL,ASO,ES,Towers with Radar,57,37,56,0,150,0,0,35,0,35,57,37,91,0,185,42,0,42,227
02/07/2021,SRQ,FL,ASO,ES,Towers with Radar,69,29,45,0,143,0,0,17,0,17,69,29,62,0,160,14,0,14,174
02/08/2021,SRQ,FL,ASO,ES,Towers with Radar,70,44,122,2,238,0,0,72,0,72,70,44,194,2,310,140,0,140,450
02/09/2021,SRQ,FL,ASO,ES,Towers with Radar,40,30,94,0,164,0,0,69,0,69,40,30,163,0,233,72,0,72,305
02/10/2021,SRQ,FL,ASO,ES,Towers with Radar,52,35,101,2,190,0,1,165,0,166,52,36,266,2,356,0,0,0,356
02/11/2021,SRQ,FL,ASO,ES,Towers with Radar,73,45,117,18,253,0,2,146,23,171,73,47,263,41,424,94,28,122,546
02/12/2021,SRQ,FL,ASO,ES,Towers with Radar,80,38,95,13,226,0,0,183,4,187,80,38,278,17,413,128,6,134,547
02/13/2021,SRQ,FL,ASO,ES,Towers with Radar,70,45,74,0,189,1,2,73,2,78,71,47,147,2,267,134,0,134,401
02/14/2021,SRQ,FL,ASO,ES,Towers with Radar,88,35,64,1,188,0,0,21,0,21,88,35,85,1,209,32,0,32,241
02/15/2021,SRQ,FL,ASO,ES,Towers with Radar,80,44,99,0,223,0,2,58,0,60,80,46,157,0,283,6,0,6,289
02/16/2021,SRQ,FL,ASO,ES,Towers with Radar,45,41,129,14,229,0,0,82,2,84,45,41,211,16,313,114,0,114,427
02/17/2021,SRQ,FL,ASO,ES,Towers with Radar,60,33,138,10,241,0,0,21,0,21,60,33,159,10,262,36,6,42,304
02/18/2021,SRQ,FL,ASO,ES,Towers with Radar,69,24,105,0,198,0,4,92,0,96,69,28,197,0,294,48,0,48,342
02/19/2021,SRQ,FL,ASO,ES,Towers with Radar,92,32,87,0,211,0,0,4,0,4,92,32,91,0,215,20,0,20,235
02/20/2021,SRQ,FL,ASO,ES,Towers with Radar,84,58,105,7,254,0,0,206,3,209,84,58,311,10,463,32,0,32,495
02/21/2021,SRQ,FL,ASO,ES,Towers with Radar,93,57,114,0,264,0,0,114,0,114,93,57,228,0,378,47,0,47,425
02/22/2021,SRQ,FL,ASO,ES,Towers with Radar,92,45,124,12,273,0,5,108,0,113,92,50,232,12,386,49,0,49,435
02/23/2021,SRQ,FL,ASO,ES,Towers with Radar,52,32,119,2,205,0,6,194,13,213,52,38,313,15,418,60,20,80,498
02/24/2021,SRQ,FL,ASO,ES,Towers with Radar,61,48,104,13,226,1,5,161,10,177,62,53,265,23,403,70,20,90,493
02/25/2021,SRQ,FL,ASO,ES,Towers with Radar,85,28,105,5,223,0,2,220,5,227,85,30,325,10,450,243,8,251,701
02/26/2021,SRQ,FL,ASO,ES,Towers with Radar,86,48,86,1,221,0,6,192,2,200,86,54,278,3,421,64,0,64,485
02/27/2021,SRQ,FL,ASO,ES,Towers with Radar,91,46,94,0,231,1,1,168,0,170,92,47,262,0,401,116,0,116,517
02/28/2021,SRQ,FL,ASO,ES,Towers with Radar,99,65,96,0,260,0,0,128,2,130,99,65,224,2,390,16,0,16,406
03/01/2021,SRQ,FL,ASO,ES,Towers with Radar,98,49,105,0,252,1,2,106,0,109,99,51,211,0,361,67,0,67,428
03/02/2021,SRQ,FL,ASO,ES,Towers with Radar,57,31,123,0,211,0,0,105,3,108,57,31,228,3,319,164,0,164,483
03/03/2021,SRQ,FL,ASO,ES,Towers with Radar,68,40,101,15,224,0,0,59,5,64,68,40,160,20,288,68,8,76,364
03/04/2021,SRQ,FL,ASO,ES,Towers with Radar,104,56,86,2,248,0,1,153,3,157,104,57,239,5,405,160,0,160,565
03/05/2021,SRQ,FL,ASO,ES,Towers with Radar,104,41,114,0,259,3,8,180,0,191,107,49,294,0,450,104,0,104,554
03/06/2021,SRQ,FL,ASO,ES,Towers with Radar,98,37,84,0,219,0,0,29,0,29,98,37,113,0,248,8,0,8,256
03/07/2021,SRQ,FL,ASO,ES,Towers with Radar,106,32,127,0,265,2,2,112,0,116,108,34,239,0,381,81,0,81,462
03/08/2021,SRQ,FL,ASO,ES,Towers with Radar,104,44,80,1,229,0,0,124,3,127,104,44,204,4,356,80,0,80,436
03/09/2021,SRQ,FL,ASO,ES,Towers with Radar,70,41,87,0,198,0,3,122,2,127,70,44,209,2,325,70,0,70,395
03/10/2021,SRQ,FL,ASO,ES,Towers with Radar,79,39,111,1,230,0,8,163,4,175,79,47,274,5,405,0,0,0,405
03/11/2021,SRQ,FL,ASO,ES,Towers with Radar,106,32,125,0,263,0,3,181,0,184,106,35,306,0,447,178,0,178,625
03/12/2021,SRQ,FL,ASO,ES,Towers with Radar,105,47,111,4,267,1,8,156,0,165,106,55,267,4,432,84,0,84,516
03/13/2021,SRQ,FL,ASO,ES,Towers with Radar,113,65,129,0,307,1,6,179,4,190,114,71,308,4,497,82,0,82,579
03/14/2021,SRQ,FL,ASO,ES,Towers with Radar,108,40,105,2,255,3,1,128,3,135,111,41,233,5,390,120,0,120,510
03/15/2021,SRQ,FL,ASO,ES,Towers with Radar,101,47,92,10,250,5,5,130,3,143,106,52,222,13,393,94,4,98,491
03/16/2021,SRQ,FL,ASO,ES,Towers with Radar,84,25,73,16,198,0,0,149,5,154,84,25,222,21,352,124,6,130,482
03/17/2021,SRQ,FL,ASO,ES,Towers with Radar,89,42,112,16,259,1,2,149,11,163,90,44,261,27,422,60,36,96,518
03/18/2021,SRQ,FL,ASO,ES,Towers with Radar,113,29,109,1,252,0,2,29,2,33,113,31,138,3,285,0,0,0,285
03/19/2021,SRQ,FL,ASO,ES,Towers with Radar,108,58,124,5,295,4,4,125,0,133,112,62,249,5,428,51,0,51,479
03/20/2021,SRQ,FL,ASO,ES,Towers with Radar,112,77,132,0,321,1,1,123,0,125,113,78,255,0,446,24,0,24,470
03/21/2021,SRQ,FL,ASO,ES,Towers with Radar,114,41,151,1,307,0,0,50,0,50,114,41,201,1,357,116,0,116,473
03/22/2021,SRQ,FL,ASO,ES,Towers with Radar,109,43,104,12,268,1,1,35,0,37,110,44,139,12,305,36,6,42,347
03/23/2021,SRQ,FL,ASO,ES,Towers with Radar,87,38,113,6,244,0,4,133,0,137,87,42,246,6,381,36,0,36,417
03/24/2021,SRQ,FL,ASO,ES,Towers with Radar,90,39,121,6,256,1,2,145,0,148,91,41,266,6,404,179,2,181,585
03/25/2021,SRQ,FL,ASO,ES,Towers with Radar,105,24,121,13,263,0,2,124,2,128,105,26,245,15,391,84,0,84,475
03/26/2021,SRQ,FL,ASO,ES,Towers with Radar,109,41,124,7,281,0,1,123,4,128,109,42,247,11,409,72,0,72,481
03/27/2021,SRQ,FL,ASO,ES,Towers with Radar,113,85,139,0,337,1,4,172,0,177,114,89,311,0,514,70,0,70,584
03/28/2021,SRQ,FL,ASO,ES,Towers with Radar,109,58,108,3,278,0,0,101,5,106,109,58,209,8,384,42,0,42,426
03/29/2021,SRQ,FL,ASO,ES,Towers with Radar,107,40,93,9,249,0,1,50,3,54,107,41,143,12,303,102,0,102,405
03/30/2021,SRQ,FL,ASO,ES,Towers with Radar,85,37,76,7,205,0,0,104,3,107,85,37,180,10,312,96,4,100,412
03/31/2021,SRQ,FL,ASO,ES,Towers with Radar,92,42,101,3,238,0,0,98,0,98,92,42,199,3,336,119,0,119,455
04/01/2021,SRQ,FL,ASO,ES,Towers with Radar,108,51,129,15,303,0,2,47,4,53,108,53,176,19,356,40,0,40,396
04/02/2021,SRQ,FL,ASO,ES,Towers with Radar,112,54,108,0,274,0,0,134,0,134,112,54,242,0,408,70,0,70,478
04/03/2021,SRQ,FL,ASO,ES,Towers with Radar,122,68,103,0,293,0,0,136,0,136,122,68,239,0,429,68,0,68,497
04/04/2021,SRQ,FL,ASO,ES,Towers with Radar,107,45,66,5,223,0,1,106,3,110,107,46,172,8,333,43,0,43,376
04/05/2021,SRQ,FL,ASO,ES,Towers with Radar,107,48,101,7,263,0,9,101,1,111,107,57,202,8,374,78,0,78,452
04/06/2021,SRQ,FL,ASO,ES,Towers with Radar,82,55,91,4,232,0,5,174,1,180,82,60,265,5,412,60,0,60,472
04/07/2021,SRQ,FL,ASO,ES,Towers with Radar,90,36,97,5,228,0,4,154,2,160,90,40,251,7,388,53,0,53,441
04/08/2021,SRQ,FL,ASO,ES,Towers with Radar,109,51,111,12,283,0,4,181,1,186,109,55,292,13,469,146,16,162,631
04/09/2021,SRQ,FL,ASO,ES,Towers with Radar,109,55,118,0,282,0,2,150,0,152,109,57,268,0,434,108,0,108,542
04/10/2021,SRQ,FL,ASO,ES,Towers with Radar,121,64,97,0,282,0,1,74,2,77,121,65,171,2,359,32,0,32,391
04/11/2021,SRQ,FL,ASO,ES,Towers with Radar,84,47,62,0,193,0,0,12,0,12,84,47,74,0,205,0,0,0,205
04/12/2021,SRQ,FL,ASO,ES,Towers with Radar,100,52,138,0,290,0,0,98,0,98,100,52,236,0,388,60,0,60,448
04/13/2021,SRQ,FL,ASO,ES,Towers with Radar,84,28,98,4,214,0,2,184,1,187,84,30,282,5,401,205,2,207,608
04/14/2021,SRQ,FL,ASO,ES,Towers with Radar,77,38,82,0,197,0,1,116,0,117,77,39,198,0,314,102,0,102,416
04/15/2021,SRQ,FL,ASO,ES,Towers with Radar,106,55,137,3,301,0,4,109,8,121,106,59,246,11,422,126,4,130,552
04/16/2021,SRQ,FL,ASO,ES,Towers with Radar,104,44,104,4,256,0,0,112,1,113,104,44,216,5,369,96,0,96,465
04/17/2021,SRQ,FL,ASO,ES,Towers with Radar,100,70,69,0,239,0,0,99,0,99,100,70,168,0,338,78,0,78,416
04/18/2021,SRQ,FL,ASO,ES,Towers with Radar,106,41,121,0,268,0,0,50,0,50,106,41,171,0,318,46,0,46,364
04/19/2021,SRQ,FL,ASO,ES,Towers with Radar,102,30,82,0,214,0,0,16,0,16,102,30,98,0,230,52,0,52,282
04/20/2021,SRQ,FL,ASO,ES,Towers with Radar,84,19,57,4,164,0,0,16,0,16,84,19,73,4,180,0,0,0,180
04/21/2021,SRQ,FL,ASO,ES,Towers with Radar,75,40,100,0,215,0,8,144,2,154,75,48,244,2,369,158,0,158,527
04/22/2021,SRQ,FL,ASO,ES,Towers with Radar,106,37,125,3,271,0,4,189,5,198,106,41,314,8,469,96,0,96,565
04/23/2021,SRQ,FL,ASO,ES,Towers with Radar,103,48,111,2,264,0,2,184,1,187,103,50,295,3,451,58,0,58,509
04/24/2021,SRQ,FL,ASO,ES,Towers with Radar,95,34,63,0,192,0,0,87,0,87,95,34,150,0,279,16,0,16,295
04/25/2021,SRQ,FL,ASO,ES,Towers with Radar,115,57,115,0,287,0,0,31,0,31,115,57,146,0,318,21,0,21,339
04/26/2021,SRQ,FL,ASO,ES,Towers with Radar,100,44,95,8,247,0,1,143,2,146,100,45,238,10,393,136,0,136,529
04/27/2021,SRQ,FL,ASO,ES,Towers with Radar,80,37,85,5,207,0,4,169,15,188,80,41,254,20,395,191,0,191,586
04/28/2021,SRQ,FL,ASO,ES,Towers with Radar,71,34,90,1,196,0,1,158,0,159,71,35,248,1,355,190,0,190,545
04/29/2021,SRQ,FL,ASO,ES,Towers with Radar,103,33,92,0,228,0,2,197,2,201,103,35,289,2,429,186,0,186,615
04/30/2021,SRQ,FL,ASO,ES,Towers with Radar,96,51,109,0,256,0,0,141,2,143,96,51,250,2,399,116,0,116,515
05/01/2021,SRQ,FL,ASO,ES,Towers with Radar,93,36,60,2,191,0,6,97,0,103,93,42,157,2,294,244,0,244,538
05/02/2021,SRQ,FL,ASO,ES,Towers with Radar,104,31,91,0,226,0,0,137,3,140,104,31,228,3,366,137,0,137,503
05/03/2021,SRQ,FL,ASO,ES,Towers with Radar,93,32,82,2,209,0,1,97,0,98,93,33,179,2,307,59,0,59,366
05/04/2021,SRQ,FL,ASO,ES,Towers with Radar,74,27,68,22,191,0,0,121,0,121,74,27,189,22,312,135,16,151,463
05/05/2021,SRQ,FL,ASO,ES,Towers with Radar,71,25,93,4,193,0,0,120,0,120,71,25,213,4,313,144,2,146,459
05/06/2021,SRQ,FL,ASO,ES,Towers with Radar,97,54,102,0,253,0,1,65,0,66,97,55,167,0,319,106,0,106,425
05/07/2021,SRQ,FL,ASO,ES,Towers with Radar,93,42,130,17,282,0,1,145,14,160,93,43,275,31,442,84,14,98,540
05/08/2021,SRQ,FL,ASO,ES,Towers with Radar,86,35,100,8,229,0,14,169,0,183,86,49,269,8,412,122,0,122,534
05/09/2021,SRQ,FL,ASO,ES,Towers with Radar,99,33,73,1,206,0,0,105,1,106,99,33,178,2,312,93,0,93,405
05/10/2021,SRQ,FL,ASO,ES,Towers with Radar,98,22,65,2,187,0,9,110,4,123,98,31,175,6,310,154,0,154,464
05/11/2021,SRQ,FL,ASO,ES,Towers with Radar,68,44,78,4,194,0,0,135,0,135,68,44,213,4,329,268,0,268,597
05/12/2021,SRQ,FL,ASO,ES,Towers with Radar,69,42,89,13,213,0,2,142,10,154,69,44,231,23,367,186,20,206,573
05/13/2021,SRQ,FL,ASO,ES,Towers with Radar,101,48,96,2,247,0,4,87,0,91,101,52,183,2,338,106,0,106,444
05/14/2021,SRQ,FL,ASO,ES,Towers with Radar,98,31,104,0,233,0,0,139,6,145,98,31,243,6,378,102,0,102,480
05/15/2021,SRQ,FL,ASO,ES,Towers with Radar,86,31,75,0,192,0,1,170,0,171,86,32,245,0,363,124,0,124,487
05/16/2021,SRQ,FL,ASO,ES,Towers with Radar,101,37,101,0,239,0,0,110,0,110,101,37,211,0,349,26,0,26,375
05/17/2021,SRQ,FL,ASO,ES,Towers with Radar,99,29,91,2,221,0,3,123,0,126,99,32,214,2,347,130,0,130,477
05/18/2021,SRQ,FL,ASO,ES,Towers with Radar,70,41,76,2,189,0,1,114,0,115,70,42,190,2,304,64,0,64,368
05/19/2021,SRQ,FL,ASO,ES,Towers with Radar,72,33,69,0,174,0,4,65,0,69,72,37,134,0,243,22,0,22,265
05/20/2021,SRQ,FL,ASO,ES,Towers with Radar,101,41,79,11,232,0,1,55,11,67,101,42,134,22,299,100,0,100,399
05/21/2021,SRQ,FL,ASO,ES,Towers with Radar,104,39,90,11,244,0,0,78,1,79,104,39,168,12,323,46,0,46,369
05/22/2021,SRQ,FL,ASO,ES,Towers with Radar,88,34,84,5,211,0,1,114,5,120,88,35,198,10,331,52,8,60,391
05/23/2021,SRQ,FL,ASO,ES,Towers with Radar,100,34,91,6,231,0,0,136,2,138,100,34,227,8,369,118,0,118,487
05/24/2021,SRQ,FL,ASO,ES,Towers with Radar,96,39,79,4,218,0,7,151,0,158,96,46,230,4,376,100,0,100,476
05/25/2021,SRQ,FL,ASO,ES,Towers with Radar,76,33,81,3,193,0,3,151,3,157,76,36,232,6,350,155,0,155,505
05/26/2021,SRQ,FL,ASO,ES,Towers with Radar,75,26,102,3,206,0,1,131,1,133,75,27,233,4,339,92,0,92,431
05/27/2021,SRQ,FL,ASO,ES,Towers with Radar,100,45,90,0,235,0,2,112,5,119,100,47,202,5,354,110,4,114,468
05/28/2021,SRQ,FL,ASO,ES,Towers with Radar,97,31,94,0,222,0,3,155,0,158,97,34,249,0,380,96,0,96,476
05/29/2021,SRQ,FL,ASO,ES,Towers with Radar,95,30,69,0,194,0,0,142,0,142,95,30,211,0,336,56,0,56,392
05/30/2021,SRQ,FL,ASO,ES,Towers with Radar,100,28,35,1,164,0,0,49,1,50,100,28,84,2,214,12,0,12,226
05/31/2021,SRQ,FL,ASO,ES,Towers with Radar,94,29,74,0,197,0,0,93,0,93,94,29,167,0,290,0,0,0,290
06/01/2021,SRQ,FL,ASO,ES,Towers with Radar,78,30,88,0,196,0,2,109,0,111,78,32,197,0,307,106,0,106,413
06/02/2021,SRQ,FL,ASO,ES,Towers with Radar,85,29,74,0,188,0,2,93,0,95,85,31,167,0,283,103,0,103,386
06/03/2021,SRQ,FL,ASO,ES,Towers with Radar,97,28,75,0,200,0,0,76,0,76,97,28,151,0,276,146,0,146,422
06/04/2021,SRQ,FL,ASO,ES,Towers with Radar,95,26,63,20,204,0,0,75,1,76,95,26,138,21,280,42,10,52,332
06/05/2021,SRQ,FL,ASO,ES,Towers with Radar,99,28,75,0,202,0,0,104,0,104,99,28,179,0,306,122,0,122,428
06/06/2021,SRQ,FL,ASO,ES,Towers with Radar,104,49,81,1,235,0,1,106,1,108,104,50,187,2,343,88,4,92,435
06/07/2021,SRQ,FL,ASO,ES,Towers with Radar,97,47,72,28,244,0,0,93,3,96,97,47,165,31,340,50,18,68,408
06/08/2021,SRQ,FL,ASO,ES,Towers with Radar,79,36,72,4,191,0,1,115,1,117,79,37,187,5,308,84,0,84,392
06/09/2021,SRQ,FL,ASO,ES,Towers with Radar,84,26,98,4,212,0,0,156,0,156,84,26,254,4,368,114,0,114,482
06/10/2021,SRQ,FL,ASO,ES,Towers with Radar,100,31,91,6,228,0,2,152,3,157,100,33,243,9,385,136,0,136,521
06/11/2021,SRQ,FL,ASO,ES,Towers with Radar,96,42,98,7,243,0,0,156,12,168,96,42,254,19,411,146,20,166,577
06/12/2021,SRQ,FL,ASO,ES,Towers with Radar,109,37,68,0,214,0,2,142,3,147,109,39,210,3,361,155,0,155,516
06/13/2021,SRQ,FL,ASO,ES,Towers with Radar,112,24,91,1,228,0,1,119,0,120,112,25,210,1,348,86,0,86,434
06/14/2021,SRQ,FL,ASO,ES,Towers with Radar,101,26,69,4,200,0,0,49,0,49,101,26,118,4,249,37,0,37,286
06/15/2021,SRQ,FL,ASO,ES,Towers with Radar,81,21,74,4,180,0,0,68,2,70,81,21,142,6,250,159,2,161,411
06/16/2021,SRQ,FL,ASO,ES,Towers with Radar,89,31,52,0,172,0,0,93,9,102,89,31,145,9,274,154,0,154,428
06/17/2021,SRQ,FL,ASO,ES,Towers with Radar,102,24,95,0,221,0,0,93,0,93,102,24,188,0,314,114,0,114,428
06/18/2021,SRQ,FL,ASO,ES,Towers with Radar,95,21,93,0,209,0,4,150,0,154,95,25,243,0,363,172,0,172,535
06/19/2021,SRQ,FL,ASO,ES,Towers with Radar,109,26,70,0,205,0,0,103,0,103,109,26,173,0,308,124,0,124,432
06/20/2021,SRQ,FL,ASO,ES,Towers with Radar,104,26,59,0,189,0,0,56,0,56,104,26,115,0,245,64,0,64,309
06/21/2021,SRQ,FL,ASO,ES,Towers with Radar,93,19,73,1,186,0,1,128,4,133,93,20,201,5,319,85,0,85,404
06/22/2021,SRQ,FL,ASO,ES,Towers with Radar,87,18,67,2,174,0,0,100,0,100,87,18,167,2,274,105,0,105,379
06/23/2021,SRQ,FL,ASO,ES,Towers with Radar,93,23,91,1,208,0,0,135,21,156,93,23,226,22,364,190,0,190,554
06/24/2021,SRQ,FL,ASO,ES,Towers with Radar,105,22,72,0,199,0,0,84,8,92,105,22,156,8,291,106,16,122,413
06/25/2021,SRQ,FL,ASO,ES,Towers with Radar,97,23,101,3,224,0,0,121,1,122,97,23,222,4,346,118,0,118,464
06/26/2021,SRQ,FL,ASO,ES,Towers with Radar,103,24,87,2,216,0,3,112,0,115,103,27,199,2,331,54,0,54,385
06/27/2021,SRQ,FL,ASO,ES,Towers with Radar,106,32,87,0,225,0,2,143,0,145,106,34,230,0,370,40,0,40,410
06/28/2021,SRQ,FL,ASO,ES,Towers with Radar,96,22,92,0,210,0,0,84,6,90,96,22,176,6,300,85,12,97,397
06/29/2021,SRQ,FL,ASO,ES,Towers with Radar,88,7,78,2,175,0,2,87,2,91,88,9,165,4,266,152,4,156,422
06/30/2021,SRQ,FL,ASO,ES,Towers with Radar,87,18,72,0,177,0,0,90,1,91,87,18,162,1,268,94,0,94,362
07/01/2021,SRQ,FL,ASO,ES,Towers with Radar,104,27,102,4,237,0,1,88,1,90,104,28,190,5,327,168,0,168,495
07/02/2021,SRQ,FL,ASO,ES,Towers with Radar,97,28,73,6,204,0,4,70,2,76,97,32,143,8,280,114,0,114,394
07/03/2021,SRQ,FL,ASO,ES,Towers with Radar,112,28,59,2,201,0,6,73,1,80,112,34,132,3,281,118,0,118,399
07/04/2021,SRQ,FL,ASO,ES,Towers with Radar,102,19,48,0,169,0,0,79,0,79,102,19,127,0,248,64,0,64,312
07/05/2021,SRQ,FL,ASO,ES,Towers with Radar,103,33,67,0,203,0,0,80,0,80,103,33,147,0,283,40,0,40,323
07/06/2021,SRQ,FL,ASO,ES,Towers with Radar,50,12,36,0,98,0,0,6,0,6,50,12,42,0,104,12,0,12,116
07/07/2021,SRQ,FL,ASO,ES,Towers with Radar,75,29,30,0,134,0,0,16,0,16,75,29,46,0,150,12,0,12,162
07/08/2021,SRQ,FL,ASO,ES,Towers with Radar,109,27,104,0,240,0,2,136,3,141,109,29,240,3,381,150,0,150,531
07/09/2021,SRQ,FL,ASO,ES,Towers with Radar,96,18,74,5,193,0,4,133,0,137,96,22,207,5,330,154,0,154,484
07/10/2021,SRQ,FL,ASO,ES,Towers with Radar,107,26,63,0,196,0,2,155,2,159,107,28,218,2,355,78,0,78,433
07/11/2021,SRQ,FL,ASO,ES,Towers with Radar,96,38,69,5,208,0,2,124,5,131,96,40,193,10,339,50,8,58,397
07/12/2021,SRQ,FL,ASO,ES,Towers with Radar,103,20,68,0,191,0,5,65,3,73,103,25,133,3,264,30,2,32,296
07/13/2021,SRQ,FL,ASO,ES,Towers with Radar,86,20,77,2,185,0,0,89,0,89,86,20,166,2,274,114,0,114,388
07/14/2021,SRQ,FL,ASO,ES,Towers with Radar,91,35,93,0,219,0,0,110,5,115,91,35,203,5,334,102,0,102,436
07/15/2021,SRQ,FL,ASO,ES,Towers with Radar,97,26,66,0,189,0,2,139,0,141,97,28,205,0,330,131,0,131,461
07/16/2021,SRQ,FL,ASO,ES,Towers with Radar,97,21,74,25,217,0,0,94,6,100,97,21,168,31,317,110,6,116,433
07/17/2021,SRQ,FL,ASO,ES,Towers with Radar,104,21,62,0,187,0,0,93,0,93,104,21,155,0,280,86,0,86,366
07/18/2021,SRQ,FL,ASO,ES,Towers with Radar,100,28,87,6,221,0,5,103,1,109,100,33,190,7,330,43,0,43,373
07/19/2021,SRQ,FL,ASO,ES,Towers with Radar,92,26,75,12,205,0,4,102,3,109,92,30,177,15,314,92,8,100,414
07/20/2021,SRQ,FL,ASO,ES,Towers with Radar,88,22,89,35,234,0,0,138,3,141,88,22,227,38,375,117,19,136,511
07/21/2021,SRQ,FL,ASO,ES,Towers with Radar,92,31,73,4,200,0,0,177,3,180,92,31,250,7,380,129,0,129,509
07/22/2021,SRQ,FL,ASO,ES,Towers with Radar,100,22,84,16,222,0,2,106,0,108,100,24,190,16,330,86,4,90,420
07/23/2021,SRQ,FL,ASO,ES,Towers with Radar,96,26,56,7,185,0,0,104,0,104,96,26,160,7,289,58,0,58,347
07/24/2021,SRQ,FL,ASO,ES,Towers with Radar,107,25,56,0,188,0,1,78,0,79,107,26,134,0,267,166,0,166,433
07/25/2021,SRQ,FL,ASO,ES,Towers with Radar,105,32,77,1,215,0,0,85,0,85,105,32,162,1,300,49,0,49,349
07/26/2021,SRQ,FL,ASO,ES,Towers with Radar,91,27,62,4,184,0,0,63,0,63,91,27,125,4,247,76,0,76,323
07/27/2021,SRQ,FL,ASO,ES,Towers with Radar,81,22,46,0,149,0,0,67,2,69,81,22,113,2,218,80,0,80,298
07/28/2021,SRQ,FL,ASO,ES,Towers with Radar,98,30,85,0,213,0,0,65,0,65,98,30,150,0,278,75,0,75,353
07/29/2021,SRQ,FL,ASO,ES,Towers with Radar,101,24,61,10,196,0,0,67,2,69,101,24,128,12,265,86,0,86,351
07/30/2021,SRQ,FL,ASO,ES,Towers with Radar,99,18,123,6,246,0,6,145,6,157,99,24,268,12,403,60,0,60,463
07/31/2021,SRQ,FL,ASO,ES,Towers with Radar,102,21,64,1,188,0,9,106,0,115,102,30,170,1,303,0,0,0,303
08/01/2021,SRQ,FL,ASO,ES,Towers with Radar,100,29,75,0,204,0,0,113,4,117,100,29,188,4,321,40,0,40,361
08/02/2021,SRQ,FL,ASO,ES,Towers with Radar,98,16,63,21,198,0,3,93,1,97,98,19,156,22,295,48,14,62,357
08/03/2021,SRQ,FL,ASO,ES,Towers with Radar,83,12,36,7,138,0,0,33,4,37,83,12,69,11,175,57,8,65,240
08/04/2021,SRQ,FL,ASO,ES,Towers with Radar,82,19,68,9,178,0,0,8,7,15,82,19,76,16,193,14,46,60,253
08/05/2021,SRQ,FL,ASO,ES,Towers with Radar,97,20,67,27,211,0,0,55,0,55,97,20,122,27,266,56,6,62,328
08/06/2021,SRQ,FL,ASO,ES,Towers with Radar,93,28,77,6,204,0,2,144,2,148,93,30,221,8,352,84,0,84,436
08/07/2021,SRQ,FL,ASO,ES,Towers with Radar,101,18,54,0,173,0,0,73,0,73,101,18,127,0,246,68,0,68,314
08/08/2021,SRQ,FL,ASO,ES,Towers with Radar,95,21,53,0,169,0,2,90,0,92,95,23,143,0,261,50,0,50,311
08/09/2021,SRQ,FL,ASO,ES,Towers with Radar,87,22,55,1,165,0,0,79,3,82,87,22,134,4,247,101,4,105,352
08/10/2021,SRQ,FL,ASO,ES,Towers with Radar,76,28,56,7,167,0,0,91,9,100,76,28,147,16,267,74,8,82,349
08/11/2021,SRQ,FL,ASO,ES,Towers with Radar,78,30,74,6,188,0,4,119,0,123,78,34,193,6,311,84,0,84,395
08/12/2021,SRQ,FL,ASO,ES,Towers with Radar,91,12,53,10,166,0,0,103,4,107,91,12,156,14,273,112,0,112,385
08/13/2021,SRQ,FL,ASO,ES,Towers with Radar,89,20,63,2,174,0,0,90,0,90,89,20,153,2,264,92,0,92,356
08/14/2021,SRQ,FL,ASO,ES,Towers with Radar,101,12,37,0,150,0,0,66,0,66,101,12,103,0,216,94,0,94,310
08/15/2021,SRQ,FL,ASO,ES,Towers with Radar,92,20,28,0,140,0,0,27,0,27,92,20,55,0,167,14,0,14,181
08/16/2021,SRQ,FL,ASO,ES,Towers with Radar,86,14,61,2,163,0,0,57,0,57,86,14,118,2,220,92,0,92,312
08/17/2021,SRQ,FL,ASO,ES,Towers with Radar,73,24,76,5,178,0,0,142,1,143,73,24,218,6,321,214,0,214,535
08/18/2021,SRQ,FL,ASO,ES,Towers with Radar,76,11,59,0,146,0,0,110,1,111,76,11,169,1,257,86,0,86,343
08/19/2021,SRQ,FL,ASO,ES,Towers with Radar,88,16,57,0,161,0,4,125,3,132,88,20,182,3,293,172,0,172,465
08/20/2021,SRQ,FL,ASO,ES,Towers with Radar,86,14,69,0,169,0,0,98,4,102,86,14,167,4,271,112,0,112,383
08/21/2021,SRQ,FL,ASO,ES,Towers with Radar,92,18,64,2,176,0,0,106,1,107,92,18,170,3,283,82,0,82,365
08/22/2021,SRQ,FL,ASO,ES,Towers with Radar,86,18,63,0,167,0,1,123,0,124,86,19,186,0,291,112,0,112,403
08/23/2021,SRQ,FL,ASO,ES,Towers with Radar,85,16,71,0,172,0,1,78,3,82,85,17,149,3,254,90,0,90,344
08/24/2021,SRQ,FL,ASO,ES,Towers with Radar,78,17,59,1,155,0,2,82,12,96,78,19,141,13,251,76,14,90,341
08/25/2021,SRQ,FL,ASO,ES,Towers with Radar,73,15,65,0,153,0,6,122,0,128,73,21,187,0,281,94,0,94,375
08/26/2021,SRQ,FL,ASO,ES,Towers with Radar,84,21,64,4,173,0,0,78,0,78,84,21,142,4,251,120,0,120,371
08/27/2021,SRQ,FL,ASO,ES,Towers with Radar,88,13,59,5,165,0,0,110,1,111,88,13,169,6,276,94,0,94,370
08/28/2021,SRQ,FL,ASO,ES,Towers with Radar,92,20,42,0,154,0,0,75,3,78,92,20,117,3,232,32,0,32,264
08/29/2021,SRQ,FL,ASO,ES,Towers with Radar,89,21,52,0,162,0,0,74,2,76,89,21,126,2,238,110,0,110,348
08/30/2021,SRQ,FL,ASO,ES,Towers with Radar,87,26,70,0,183,0,4,98,0,102,87,30,168,0,285,74,0,74,359
08/31/2021,SRQ,FL,ASO,ES,Towers with Radar,69,27,63,19,178,0,5,161,7,173,69,32,224,26,351,169,6,175,526
09/01/2021,SRQ,FL,ASO,ES,Towers with Radar,70,14,35,0,119,0,0,55,0,55,70,14,90,0,174,68,0,68,242
09/02/2021,SRQ,FL,ASO,ES,Towers with Radar,83,34,65,0,182,0,0,24,0,24,83,34,89,0,206,72,0,72,278
09/03/2021,SRQ,FL,ASO,ES,Towers with Radar,87,17,94,0,198,0,0,139,2,141,87,17,233,2,339,177,0,177,516
09/04/2021,SRQ,FL,ASO,ES,Towers with Radar,95,21,58,0,174,0,2,131,0,133,95,23,189,0,307,101,0,101,408
09/05/2021,SRQ,FL,ASO,ES,Towers with Radar,87,17,53,0,157,0,0,143,0,143,87,17,196,0,300,197,0,197,497
09/06/2021,SRQ,FL,ASO,ES,Towers with Radar,88,29,86,0,203,0,0,109,0,109,88,29,195,0,312,119,0,119,431
09/07/2021,SRQ,FL,ASO,ES,Towers with Radar,64,22,80,0,166,0,4,90,3,97,64,26,170,3,263,166,0,166,429
09/08/2021,SRQ,FL,ASO,ES,Towers with Radar,62,13,68,0,143,0,1,114,0,115,62,14,182,0,258,180,0,180,438
09/09/2021,SRQ,FL,ASO,ES,Towers with Radar,76,22,71,2,171,0,4,116,2,122,76,26,187,4,293,96,0,96,389
09/10/2021,SRQ,FL,ASO,ES,Towers with Radar,69,29,89,3,190,0,1,147,4,152,69,30,236,7,342,228,0,228,570
09/11/2021,SRQ,FL,ASO,ES,Towers with Radar,61,13,44,0,118,0,2,101,0,103,61,15,145,0,221,139,0,139,360
09/12/2021,SRQ,FL,ASO,ES,Towers with Radar,80,22,57,0,159,0,0,94,0,94,80,22,151,0,253,62,0,62,315
09/13/2021,SRQ,FL,ASO,ES,Towers with Radar,67,20,81,9,177,0,4,80,2,86,67,24,161,11,263,76,10,86,349
09/14/2021,SRQ,FL,ASO,ES,Towers with Radar,51,23,85,1,160,0,4,131,22,157,51,27,216,23,317,106,16,122,439
09/15/2021,SRQ,FL,ASO,ES,Towers with Radar,57,29,76,5,167,0,8,130,0,138,57,37,206,5,305,125,0,125,430
09/16/2021,SRQ,FL,ASO,ES,Towers with Radar,72,19,58,3,152,0,0,33,2,35,72,19,91,5,187,42,0,42,229
09/17/2021,SRQ,FL,ASO,ES,Towers with Radar,67,32,107,0,206,0,0,50,0,50,67,32,157,0,256,82,0,82,338
09/18/2021,SRQ,FL,ASO,ES,Towers with Radar,58,11,66,0,135,0,0,103,0,103,58,11,169,0,238,124,0,124,362
09/19/2021,SRQ,FL,ASO,ES,Towers with Radar,82,32,64,0,178,0,0,106,1,107,82,32,170,1,285,106,0,106,391
09/20/2021,SRQ,FL,ASO,ES,Towers with Radar,66,17,88,3,174,0,2,133,6,141,66,19,221,9,315,334,6,340,655
09/21/2021,SRQ,FL,ASO,ES,Towers with Radar,50,28,67,1,146,0,0,125,1,126,50,28,192,2,272,208,0,208,480
09/22/2021,SRQ,FL,ASO,ES,Towers with Radar,57,18,93,1,169,0,0,158,1,159,57,18,251,2,328,300,0,300,628
09/23/2021,SRQ,FL,ASO,ES,Towers with Radar,66,31,92,0,189,0,2,190,0,192,66,33,282,0,381,194,0,194,575
09/24/2021,SRQ,FL,ASO,ES,Towers with Radar,63,22,86,5,176,0,2,150,6,158,63,24,236,11,334,132,4,136,470
09/25/2021,SRQ,FL,ASO,ES,Towers with Radar,58,22,66,0,146,0,4,165,0,169,58,26,231,0,315,186,0,186,501
09/26/2021,SRQ,FL,ASO,ES,Towers with Radar,79,33,69,0,181,0,0,151,6,157,79,33,220,6,338,108,0,108,446
09/27/2021,SRQ,FL,ASO,ES,Towers with Radar,64,19,71,4,158,0,4,131,1,136,64,23,202,5,294,198,0,198,492
09/28/2021,SRQ,FL,ASO,ES,Towers with Radar,52,33,86,0,171,0,13,159,0,172,52,46,245,0,343,102,0,102,445
09/29/2021,SRQ,FL,ASO,ES,Towers with Radar,57,28,80,4,169,0,8,132,0,140,57,36,212,4,309,126,0,126,435
09/30/2021,SRQ,FL,ASO,ES,Towers with Radar,68,50,110,0,228,0,6,164,2,172,68,56,274,2,400,156,0,156,556
10/01/2021,SRQ,FL,ASO,ES,Towers with Radar,69,13,83,8,173,0,13,117,4,134,69,26,200,12,307,86,0,86,393
10/02/2021,SRQ,FL,ASO,ES,Towers with Radar,61,21,63,0,145,0,2,110,0,112,61,23,173,0,257,114,0,114,371
10/03/2021,SRQ,FL,ASO,ES,Towers with Radar,76,38,78,6,198,0,3,145,2,150,76,41,223,8,348,119,0,119,467
10/04/2021,SRQ,FL,ASO,ES,Towers with Radar,64,37,79,2,182,0,12,159,0,171,64,49,238,2,353,257,0,257,610
10/05/2021,SRQ,FL,ASO,ES,Towers with Radar,58,36,71,2,167,0,5,146,2,153,58,41,217,4,320,132,8,140,460
10/06/2021,SRQ,FL,ASO,ES,Towers with Radar,73,29,90,19,211,0,2,161,2,165,73,31,251,21,376,214,10,224,600
10/07/2021,SRQ,FL,ASO,ES,Towers with Radar,95,34,98,4,231,0,0,132,3,135,95,34,230,7,366,186,4,190,556
10/08/2021,SRQ,FL,ASO,ES,Towers with Radar,88,27,89,8,212,0,1,75,0,76,88,28,164,8,288,188,0,188,476
10/09/2021,SRQ,FL,ASO,ES,Towers with Radar,75,32,65,0,172,0,0,130,0,130,75,32,195,0,302,118,0,118,420
10/10/2021,SRQ,FL,ASO,ES,Towers with Radar,84,26,100,1,211,1,0,127,0,128,85,26,227,1,339,96,0,96,435
10/11/2021,SRQ,FL,ASO,ES,Towers with Radar,90,31,87,0,208,0,4,164,2,170,90,35,251,2,378,258,0,258,636
10/12/2021,SRQ,FL,ASO,ES,Towers with Radar,75,38,75,2,190,0,6,154,0,160,75,44,229,2,350,130,0,130,480
10/13/2021,SRQ,FL,ASO,ES,Towers with Radar,82,26,114,0,222,0,0,154,0,154,82,26,268,0,376,132,0,132,508
10/14/2021,SRQ,FL,ASO,ES,Towers with Radar,87,45,101,14,247,0,2,156,0,158,87,47,257,14,405,132,6,138,543
10/15/2021,SRQ,FL,ASO,ES,Towers with Radar,92,30,114,19,255,0,3,156,10,169,92,33,270,29,424,195,12,207,631
10/16/2021,SRQ,FL,ASO,ES,Towers with Radar,88,25,66,2,181,0,0,137,10,147,88,25,203,12,328,128,0,128,456
10/17/2021,SRQ,FL,ASO,ES,Towers with Radar,96,37,90,3,226,0,2,77,1,80,96,39,167,4,306,58,0,58,364
10/18/2021,SRQ,FL,ASO,ES,Towers with Radar,90,35,95,0,220,0,4,166,4,174,90,39,261,4,394,234,0,234,628
10/19/2021,SRQ,FL,ASO,ES,Towers with Radar,77,41,84,4,206,1,3,124,0,128,78,44,208,4,334,92,0,92,426
10/20/2021,SRQ,FL,ASO,ES,Towers with Radar,80,44,96,0,220,0,6,131,3,140,80,50,227,3,360,144,0,144,504
10/21/2021,SRQ,FL,ASO,ES,Towers with Radar,91,36,112,5,244,0,5,161,6,172,91,41,273,11,416,214,0,214,630
10/22/2021,SRQ,FL,ASO,ES,Towers with Radar,95,40,83,3,221,0,2,141,1,144,95,42,224,4,365,124,0,124,489
10/23/2021,SRQ,FL,ASO,ES,Towers with Radar,81,31,75,14,201,0,0,117,2,119,81,31,192,16,320,108,0,108,428
10/24/2021,SRQ,FL,ASO,ES,Towers with Radar,92,40,83,0,215,0,0,69,0,69,92,40,152,0,284,105,0,105,389
10/25/2021,SRQ,FL,ASO,ES,Towers with Radar,90,34,78,5,207,0,1,69,4,74,90,35,147,9,281,202,6,208,489
10/26/2021,SRQ,FL,ASO,ES,Towers with Radar,71,32,126,3,232,0,2,143,5,150,71,34,269,8,382,176,0,176,558
10/27/2021,SRQ,FL,ASO,ES,Towers with Radar,78,36,115,2,231,0,1,215,1,217,78,37,330,3,448,202,0,202,650
10/28/2021,SRQ,FL,ASO,ES,Towers with Radar,91,32,63,5,191,0,0,9,0,9,91,32,72,5,200,0,0,0,200
10/29/2021,SRQ,FL,ASO,ES,Towers with Radar,90,25,63,13,191,0,0,49,3,52,90,25,112,16,243,14,0,14,257
10/30/2021,SRQ,FL,ASO,ES,Towers with Radar,76,36,92,0,204,0,0,83,0,83,76,36,175,0,287,68,0,68,355
10/31/2021,SRQ,FL,ASO,ES,Towers with Radar,91,39,100,4,234,0,0,150,1,151,91,39,250,5,385,129,0,129,514
11/01/2021,SRQ,FL,ASO,ES,Towers with Radar,100,46,100,9,255,0,0,106,3,109,100,46,206,12,364,140,0,140,504
11/02/2021,SRQ,FL,ASO,ES,Towers with Radar,76,44,95,5,220,0,0,136,3,139,76,44,231,8,359,116,0,116,475
11/03/2021,SRQ,FL,ASO,ES,Towers with Radar,89,38,71,7,205,0,4,151,1,156,89,42,222,8,361,130,0,130,491
11/04/2021,SRQ,FL,ASO,ES,Towers with Radar,100,36,110,0,246,0,4,102,0,106,100,40,212,0,352,164,0,164,516
11/05/2021,SRQ,FL,ASO,ES,Towers with Radar,106,33,56,0,195,0,0,1,0,1,106,33,57,0,196,0,0,0,196
11/06/2021,SRQ,FL,ASO,ES,Towers with Radar,88,33,78,4,203,0,0,32,0,32,88,33,110,4,235,32,0,32,267
11/07/2021,SRQ,FL,ASO,ES,Towers with Radar,106,47,128,0,281,0,1,146,0,147,106,48,274,0,428,78,0,78,506
11/08/2021,SRQ,FL,ASO,ES,Towers with Radar,107,37,97,5,246,0,4,175,3,182,107,41,272,8,428,144,0,144,572
11/09/2021,SRQ,FL,ASO,ES,Towers with Radar,83,29,117,2,231,0,1,149,2,152,83,30,266,4,383,127,0,127,510
11/10/2021,SRQ,FL,ASO,ES,Towers with Radar,94,56,104,8,262,0,1,115,3,119,94,57,219,11,381,124,0,124,505
11/11/2021,SRQ,FL,ASO,ES,Towers with Radar,106,45,120,0,271,0,13,134,8,155,106,58,254,8,426,142,0,142,568
11/12/2021,SRQ,FL,ASO,ES,Towers with Radar,106,41,103,4,254,0,2,99,4,105,106,43,202,8,359,128,0,128,487
11/13/2021,SRQ,FL,ASO,ES,Towers with Radar,89,38,60,2,189,0,2,87,2,91,89,40,147,4,280,64,0,64,344
11/14/2021,SRQ,FL,ASO,ES,Towers with Radar,111,49,94,0,254,0,0,157,0,157,111,49,251,0,411,88,0,88,499
11/15/2021,SRQ,FL,ASO,ES,Towers with Radar,108,57,117,7,289,0,3,80,8,91,108,60,197,15,380,142,0,142,522
11/16/2021,SRQ,FL,ASO,ES,Towers with Radar,81,29,92,16,218,0,2,154,6,162,81,31,246,22,380,120,0,120,500
11/17/2021,SRQ,FL,ASO,ES,Towers with Radar,90,50,87,0,227,1,9,104,0,114,91,59,191,0,341,88,0,88,429
11/18/2021,SRQ,FL,ASO,ES,Towers with Radar,116,42,82,1,241,0,0,53,1,54,116,42,135,2,295,70,0,70,365
11/19/2021,SRQ,FL,ASO,ES,Towers with Radar,115,62,124,16,317,0,0,112,2,114,115,62,236,18,431,112,0,112,543
11/20/2021,SRQ,FL,ASO,ES,Towers with Radar,111,54,123,1,289,0,0,38,6,44,111,54,161,7,333,16,0,16,349
11/21/2021,SRQ,FL,ASO,ES,Towers with Radar,118,46,103,2,269,0,1,77,4,82,118,47,180,6,351,56,0,56,407
11/22/2021,SRQ,FL,ASO,ES,Towers with Radar,115,38,101,6,260,0,2,38,1,41,115,40,139,7,301,54,0,54,355
11/23/2021,SRQ,FL,ASO,ES,Towers with Radar,127,68,121,6,322,0,2,132,17,151,127,70,253,23,473,78,10,88,561
11/24/2021,SRQ,FL,ASO,ES,Towers with Radar,132,44,126,2,304,0,3,113,2,118,132,47,239,4,422,40,0,40,462
11/25/2021,SRQ,FL,ASO,ES,Towers with Radar,73,12,19,0,104,1,0,46,0,47,74,12,65,0,151,8,0,8,159
11/26/2021,SRQ,FL,ASO,ES,Towers with Radar,86,48,88,0,222,0,1,134,0,135,86,49,222,0,357,122,0,122,479
11/27/2021,SRQ,FL,ASO,ES,Towers with Radar,127,51,111,0,289,0,4,143,0,147,127,55,254,0,436,18,0,18,454
11/28/2021,SRQ,FL,ASO,ES,Towers with Radar,135,59,159,0,353,0,0,144,0,144,135,59,303,0,497,29,0,29,526
11/29/2021,SRQ,FL,ASO,ES,Towers with Radar,135,45,110,2,292,0,5,112,10,127,135,50,222,12,419,96,10,106,525
11/30/2021,SRQ,FL,ASO,ES,Towers with Radar,93,60,114,9,276,0,5,136,0,141,93,65,250,9,417,98,0,98,515
12/01/2021,SRQ,FL,ASO,ES,Towers with Radar,88,47,85,10,230,0,0,149,1,150,88,47,234,11,380,124,0,124,504
12/02/2021,SRQ,FL,ASO,ES,Towers with Radar,109,40,84,0,233,0,5,128,2,135,109,45,212,2,368,84,0,84,452
12/03/2021,SRQ,FL,ASO,ES,Towers with Radar,114,59,84,0,257,0,8,151,2,161,114,67,235,2,418,66,4,70,488
12/04/2021,SRQ,FL,ASO,ES,Towers with Radar,85,42,67,0,194,0,0,110,0,110,85,42,177,0,304,96,0,96,400
12/05/2021,SRQ,FL,ASO,ES,Towers with Radar,101,42,76,0,219,0,2,117,0,119,101,44,193,0,338,98,0,98,436
12/06/2021,SRQ,FL,ASO,ES,Towers with Radar,105,68,93,41,307,0,1,135,37,173,105,69,228,78,480,126,44,170,650
12/07/2021,SRQ,FL,ASO,ES,Towers with Radar,82,54,103,2,241,0,4,106,0,110,82,58,209,2,351,96,0,96,447
12/08/2021,SRQ,FL,ASO,ES,Towers with Radar,89,44,76,6,215,0,3,142,0,145,89,47,218,6,360,118,0,118,478
12/09/2021,SRQ,FL,ASO,ES,Towers with Radar,106,42,106,1,255,0,5,92,2,99,106,47,198,3,354,94,0,94,448
12/10/2021,SRQ,FL,ASO,ES,Towers with Radar,110,29,97,10,246,0,0,106,8,114,110,29,203,18,360,56,30,86,446
12/11/2021,SRQ,FL,ASO,ES,Towers with Radar,84,19,61,0,164,0,0,134,0,134,84,19,195,0,298,126,0,126,424
12/12/2021,SRQ,FL,ASO,ES,Towers with Radar,102,46,116,11,275,0,2,116,7,125,102,48,232,18,400,34,0,34,434
12/13/2021,SRQ,FL,ASO,ES,Towers with Radar,106,27,95,0,228,0,2,123,0,125,106,29,218,0,353,96,0,96,449
12/14/2021,SRQ,FL,ASO,ES,Towers with Radar,80,25,91,0,196,0,2,76,0,78,80,27,167,0,274,126,0,126,400
12/15/2021,SRQ,FL,ASO,ES,Towers with Radar,88,32,115,0,235,0,2,165,0,167,88,34,280,0,402,211,0,211,613
12/16/2021,SRQ,FL,ASO,ES,Towers with Radar,113,41,106,0,260,1,5,119,0,125,114,46,225,0,385,86,0,86,471
12/17/2021,SRQ,FL,ASO,ES,Towers with Radar,126,74,135,4,339,0,2,149,0,151,126,76,284,4,490,66,0,66,556
12/18/2021,SRQ,FL,ASO,ES,Towers with Radar,120,49,95,3,267,0,2,167,1,170,120,51,262,4,437,40,0,40,477
12/19/2021,SRQ,FL,ASO,ES,Towers with Radar,125,42,77,10,254,0,0,14,0,14,125,42,91,10,268,6,14,20,288
12/20/2021,SRQ,FL,ASO,ES,Towers with Radar,124,52,81,4,261,0,0,47,5,52,124,52,128,9,313,96,6,102,415
12/21/2021,SRQ,FL,ASO,ES,Towers with Radar,121,40,57,2,220,0,0,6,0,6,121,40,63,2,226,12,0,12,238
12/22/2021,SRQ,FL,ASO,ES,Towers with Radar,129,33,102,0,264,0,1,121,4,126,129,34,223,4,390,75,0,75,465
12/23/2021,SRQ,FL,ASO,ES,Towers with Radar,138,34,97,0,269,0,0,173,0,173,138,34,270,0,442,60,0,60,502
12/24/2021,SRQ,FL,ASO,ES,Towers with Radar,116,27,37,0,180,0,0,121,2,123,116,27,158,2,303,44,0,44,347
12/25/2021,SRQ,FL,ASO,ES,Towers with Radar,96,33,13,0,142,0,0,25,0,25,96,33,38,0,167,2,0,2,169
12/26/2021,SRQ,FL,ASO,ES,Towers with Radar,135,52,143,0,330,0,0,115,0,115,135,52,258,0,445,34,0,34,479
12/27/2021,SRQ,FL,ASO,ES,Towers with Radar,124,62,136,2,324,3,1,158,4,166,127,63,294,6,490,26,0,26,516
12/28/2021,SRQ,FL,ASO,ES,Towers with Radar,124,66,126,0,316,0,0,146,0,146,124,66,272,0,462,50,0,50,512
12/29/2021,SRQ,FL,ASO,ES,Towers with Radar,132,62,89,0,283,0,2,159,0,161,132,64,248,0,444,52,0,52,496
12/30/2021,SRQ,FL,ASO,ES,Towers with Radar,130,55,112,1,298,0,0,44,0,44,130,55,156,1,342,0,0,0,342
12/31/2021,SRQ,FL,ASO,ES,Towers with Radar,117,32,89,0,238,0,0,89,0,89,117,32,178,0,327,0,0,0,327
01/01/2022,SRQ,FL,ASO,ES,Towers with Radar,109,46,65,0,220,0,0,72,0,72,109,46,137,0,292,8,0,8,300
01/02/2022,SRQ,FL,ASO,ES,Towers with Radar,116,57,112,3,288,0,0,41,0,41,116,57,153,3,329,16,0,16,345
01/03/2022,SRQ,FL,ASO,ES,Towers with Radar,112,63,113,4,292,0,0,87,2,89,112,63,200,6,381,45,0,45,426
01/04/2022,SRQ,FL,ASO,ES,Towers with Radar,81,66,106,0,253,0,2,135,4,141,81,68,241,4,394,97,0,97,491
01/05/2022,SRQ,FL,ASO,ES,Towers with Radar,75,48,104,7,234,0,2,109,3,114,75,50,213,10,348,65,10,75,423
01/06/2022,SRQ,FL,ASO,ES,Towers with Radar,94,39,87,4,224,0,2,150,0,152,94,41,237,4,376,150,0,150,526
01/07/2022,SRQ,FL,ASO,ES,Towers with Radar,101,42,108,3,254,0,4,166,6,176,101,46,274,9,430,162,0,162,592
01/08/2022,SRQ,FL,ASO,ES,Towers with Radar,90,36,96,0,222,1,0,115,0,116,91,36,211,0,338,88,0,88,426
01/09/2022,SRQ,FL,ASO,ES,Towers with Radar,104,38,96,2,240,0,0,96,0,96,104,38,192,2,336,101,0,101,437
01/10/2022,SRQ,FL,ASO,ES,Towers with Radar,111,47,117,2,277,0,1,123,5,129,111,48,240,7,406,75,8,83,489
01/11/2022,SRQ,FL,ASO,ES,Towers with Radar,80,33,88,4,205,0,0,103,2,105,80,33,191,6,310,120,0,120,430
01/12/2022,SRQ,FL,ASO,ES,Towers with Radar,86,37,113,2,238,0,2,135,2,139,86,39,248,4,377,124,2,126,503
01/13/2022,SRQ,FL,ASO,ES,Towers with Radar,109,47,133,2,291,0,4,163,14,181,109,51,296,16,472,96,0,96,568
01/14/2022,SRQ,FL,ASO,ES,Towers with Radar,111,57,111,3,282,0,2,190,2,194,111,59,301,5,476,68,0,68,544
01/15/2022,SRQ,FL,ASO,ES,Towers with Radar,92,44,110,2,248,0,4,198,0,202,92,48,308,2,450,94,0,94,544
01/16/2022,SRQ,FL,ASO,ES,Towers with Radar,96,39,46,0,181,0,1,11,0,12,96,40,57,0,193,14,0,14,207
01/17/2022,SRQ,FL,ASO,ES,Towers with Radar,110,54,122,7,293,0,1,66,4,71,110,55,188,11,364,30,0,30,394
01/18/2022,SRQ,FL,ASO,ES,Towers with Radar,76,41,99,6,222,0,0,191,4,195,76,41,290,10,417,160,0,160,577
01/19/2022,SRQ,FL,ASO,ES,Towers with Radar,82,41,121,2,246,0,0,146,3,149,82,41,267,5,395,98,0,98,493
01/20/2022,SRQ,FL,ASO,ES,Towers with Radar,108,46,119,17,290,0,0,197,8,205,108,46,316,25,495,112,0,112,607
01/21/2022,SRQ,FL,ASO,ES,Towers with Radar,117,44,123,4,288,0,0,167,0,167,117,44,290,4,455,64,0,64,519
01/22/2022,SRQ,FL,ASO,ES,Towers with Radar,92,41,76,0,209,0,0,10,0,10,92,41,86,0,219,12,0,12,231
01/23/2022,SRQ,FL,ASO,ES,Towers with Radar,112,42,105,0,259,0,0,31,0,31,112,42,136,0,290,54,0,54,344
01/24/2022,SRQ,FL,ASO,ES,Towers with Radar,113,42,111,6,272,0,3,152,3,158,113,45,263,9,430,88,8,96,526
01/25/2022,SRQ,FL,ASO,ES,Towers with Radar,78,36,113,0,227,0,3,59,2,64,78,39,172,2,291,36,6,42,333
01/26/2022,SRQ,FL,ASO,ES,Towers with Radar,80,39,112,11,242,0,0,1,0,1,80,39,113,11,243,10,0,10,253
01/27/2022,SRQ,FL,ASO,ES,Towers with Radar,113,47,127,0,287,0,1,59,0,60,113,48,186,0,347,76,0,76,423
01/28/2022,SRQ,FL,ASO,ES,Towers with Radar,115,46,105,5,271,0,0,13,0,13,115,46,118,5,284,36,0,36,320
01/29/2022,SRQ,FL,ASO,ES,Towers with Radar,80,35,44,3,162,0,1,43,4,48,80,36,87,7,210,30,0,30,240
01/30/2022,SRQ,FL,ASO,ES,Towers with Radar,112,48,99,0,259,0,0,168,0,168,112,48,267,0,427,110,0,110,537
01/31/2022,SRQ,FL,ASO,ES,Towers with Radar,116,35,101,0,252,0,0,196,2,198,116,35,297,2,450,174,0,174,624
02/01/2022,SRQ,FL,ASO,ES,Towers with Radar,82,38,112,0,232,0,1,154,0,155,82,39,266,0,387,130,0,130,517
02/02/2022,SRQ,FL,ASO,ES,Towers with Radar,80,40,96,4,220,0,1,147,0,148,80,41,243,4,368,112,0,112,480
02/03/2022,SRQ,FL,ASO,ES,Towers with Radar,96,49,114,5,264,0,9,151,3,163,96,58,265,8,427,70,0,70,497
02/04/2022,SRQ,FL,ASO,ES,Towers with Radar,91,52,120,4,267,0,3,137,2,142,91,55,257,6,409,134,0,134,543
02/05/2022,SRQ,FL,ASO,ES,Towers with Radar,96,37,105,2,240,0,0,20,0,20,96,37,125,2,260,58,0,58,318
02/06/2022,SRQ,FL,ASO,ES,Towers with Radar,116,49,141,2,308,0,0,9,0,9,116,49,150,2,317,0,0,0,317
02/07/2022,SRQ,FL,ASO,ES,Towers with Radar,122,45,126,13,306,0,0,154,1,155,122,45,280,14,461,92,0,92,553
02/08/2022,SRQ,FL,ASO,ES,Towers with Radar,87,39,82,4,212,0,0,9,4,13,87,39,91,8,225,34,0,34,259
02/09/2022,SRQ,FL,ASO,ES,Towers with Radar,84,56,107,2,249,0,2,163,2,167,84,58,270,4,416,138,0,138,554
02/10/2022,SRQ,FL,ASO,ES,Towers with Radar,117,45,113,22,297,0,7,261,2,270,117,52,374,24,567,170,0,170,737
02/11/2022,SRQ,FL,ASO,ES,Towers with Radar,120,48,130,6,304,0,2,227,1,230,120,50,357,7,534,122,0,122,656
02/12/2022,SRQ,FL,ASO,ES,Towers with Radar,103,46,108,2,259,0,0,165,1,166,103,46,273,3,425,80,0,80,505
02/13/2022,SRQ,FL,ASO,ES,Towers with Radar,113,30,99,1,243,0,0,54,0,54,113,30,153,1,297,68,0,68,365
02/14/2022,SRQ,FL,ASO,ES,Towers with Radar,119,46,142,2,309,0,1,133,0,134,119,47,275,2,443,54,0,54,497
02/15/2022,SRQ,FL,ASO,ES,Towers with Radar,84,57,108,23,272,0,0,131,5,136,84,57,239,28,408,32,2,34,442
02/16/2022,SRQ,FL,ASO,ES,Towers with Radar,98,47,115,3,263,0,0,126,2,128,98,47,241,5,391,34,0,34,425
02/17/2022,SRQ,FL,ASO,ES,Towers with Radar,110,49,135,9,303,0,0,155,7,162,110,49,290,16,465,134,0,134,599
02/18/2022,SRQ,FL,ASO,ES,Towers with Radar,122,51,127,0,300,0,0,3,0,3,122,51,130,0,303,0,0,0,303
02/19/2022,SRQ,FL,ASO,ES,Towers with Radar,117,75,116,0,308,0,3,94,0,97,117,78,210,0,405,56,0,56,461
02/20/2022,SRQ,FL,ASO,ES,Towers with Radar,116,64,123,0,303,0,0,162,0,162,116,64,285,0,465,88,0,88,553
02/21/2022,SRQ,FL,ASO,ES,Towers with Radar,121,58,143,0,322,0,0,137,2,139,121,58,280,2,461,54,0,54,515
02/22/2022,SRQ,FL,ASO,ES,Towers with Radar,86,49,123,0,258,0,2,152,0,154,86,51,275,0,412,80,0,80,492
02/23/2022,SRQ,FL,ASO,ES,Towers with Radar,99,45,120,0,264,0,0,145,0,145,99,45,265,0,409,92,0,92,501
02/24/2022,SRQ,FL,ASO,ES,Towers with Radar,119,57,109,4,289,0,2,153,4,159,119,59,262,8,448,114,0,114,562
02/25/2022,SRQ,FL,ASO,ES,Towers with Radar,110,44,114,3,271,0,8,200,1,209,110,52,314,4,480,140,0,140,620
02/26/2022,SRQ,FL,ASO,ES,Towers with Radar,114,55,108,0,277,0,0,180,0,180,114,55,288,0,457,140,0,140,597
02/27/2022,SRQ,FL,ASO,ES,Towers with Radar,112,62,105,6,285,0,2,122,0,124,112,64,227,6,409,106,4,110,519
02/28/2022,SRQ,FL,ASO,ES,Towers with Radar,116,34,116,0,266,0,0,78,8,86,116,34,194,8,352,138,0,138,490
03/01/2022,SRQ,FL,ASO,ES,Towers with Radar,83,45,112,16,256,0,0,78,4,82,83,45,190,20,338,154,4,158,496
03/02/2022,SRQ,FL,ASO,ES,Towers with Radar,100,43,109,0,252,0,2,181,5,188,100,45,290,5,440,134,0,134,574
03/03/2022,SRQ,FL,ASO,ES,Towers with Radar,124,46,131,4,305,0,8,171,3,182,124,54,302,7,487,96,0,96,583
03/04/2022,SRQ,FL,ASO,ES,Towers with Radar,121,77,115,12,325,0,4,158,17,179,121,81,273,29,504,72,8,80,584
03/05/2022,SRQ,FL,ASO,ES,Towers with Radar,118,47,108,2,275,0,0,132,2,134,118,47,240,4,409,64,0,64,473
03/06/2022,SRQ,FL,ASO,ES,Towers with Radar,119,48,115,1,283,0,0,109,2,111,119,48,224,3,394,54,0,54,448
03/07/2022,SRQ,FL,ASO,ES,Towers with Radar,120,54,86,4,264,0,0,85,2,87,120,54,171,6,351,36,0,36,387
03/08/2022,SRQ,FL,ASO,ES,Towers with Radar,86,21,95,2,204,0,0,110,4,114,86,21,205,6,318,44,0,44,362
03/09/2022,SRQ,FL,ASO,ES,Towers with Radar,101,43,108,18,270,0,2,72,19,93,101,45,180,37,363,34,20,54,417
03/10/2022,SRQ,FL,ASO,ES,Towers with Radar,117,37,87,12,253,0,1,57,0,58,117,38,144,12,311,68,0,68,379
03/11/2022,SRQ,FL,ASO,ES,Towers with Radar,106,60,103,13,282,0,1,73,4,78,106,61,176,17,360,44,10,54,414
03/12/2022,SRQ,FL,ASO,ES,Towers with Radar,104,53,73,0,230,0,0,24,0,24,104,53,97,0,254,4,0,4,258
03/13/2022,SRQ,FL,ASO,ES,Towers with Radar,109,55,125,0,289,0,0,162,0,162,109,55,287,0,451,80,0,80,531
03/14/2022,SRQ,FL,ASO,ES,Towers with Radar,121,42,125,2,290,0,0,180,0,180,121,42,305,2,470,158,0,158,628
03/15/2022,SRQ,FL,ASO,ES,Towers with Radar,94,37,101,4,236,0,0,132,0,132,94,37,233,4,368,76,0,76,444
03/16/2022,SRQ,FL,ASO,ES,Towers with Radar,111,43,99,0,253,0,1,31,2,34,111,44,130,2,287,34,0,34,321
03/17/2022,SRQ,FL,ASO,ES,Towers with Radar,118,39,127,2,286,0,2,223,0,225,118,41,350,2,511,134,0,134,645
03/18/2022,SRQ,FL,ASO,ES,Towers with Radar,112,55,133,0,300,0,0,194,0,194,112,55,327,0,494,130,0,130,624
03/19/2022,SRQ,FL,ASO,ES,Towers with Radar,129,88,136,0,353,0,0,98,0,98,129,88,234,0,451,2,0,2,453
03/20/2022,SRQ,FL,ASO,ES,Towers with Radar,116,59,161,0,336,0,0,133,0,133,116,59,294,0,469,124,0,124,593
03/21/2022,SRQ,FL,ASO,ES,Towers with Radar,119,47,95,0,261,0,1,182,0,183,119,48,277,0,444,98,0,98,542
03/22/2022,SRQ,FL,ASO,ES,Towers with Radar,91,43,85,1,220,0,3,154,7,164,91,46,239,8,384,78,26,104,488
03/23/2022,SRQ,FL,ASO,ES,Towers with Radar,112,33,108,2,255,0,0,96,7,103,112,33,204,9,358,28,28,56,414
03/24/2022,SRQ,FL,ASO,ES,Towers with Radar,121,34,89,0,244,0,0,10,0,10,121,34,99,0,254,0,0,0,254
03/25/2022,SRQ,FL,ASO,ES,Towers with Radar,125,61,126,22,334,0,9,202,0,211,125,70,328,22,545,64,0,64,609
03/26/2022,SRQ,FL,ASO,ES,Towers with Radar,137,48,138,0,323,0,0,194,0,194,137,48,332,0,517,28,12,40,557
03/27/2022,SRQ,FL,ASO,ES,Towers with Radar,115,34,137,1,287,0,0,202,2,204,115,34,339,3,491,98,10,108,599
03/28/2022,SRQ,FL,ASO,ES,Towers with Radar,119,28,117,15,279,0,0,186,0,186,119,28,303,15,465,116,0,116,581
03/29/2022,SRQ,FL,ASO,ES,Towers with Radar,90,59,139,8,296,0,2,185,9,196,90,61,324,17,492,58,6,64,556
03/30/2022,SRQ,FL,ASO,ES,Towers with Radar,105,37,90,21,253,0,2,122,6,130,105,39,212,27,383,38,0,38,421
03/31/2022,SRQ,FL,ASO,ES,Towers with Radar,106,40,66,5,217,0,0,27,4,31,106,40,93,9,248,4,2,6,254
04/01/2022,SRQ,FL,ASO,ES,Towers with Radar,118,45,136,4,303,0,4,46,0,50,118,49,182,4,353,22,0,22,375
04/02/2022,SRQ,FL,ASO,ES,Towers with Radar,70,41,81,0,192,0,0,31,1,32,70,41,112,1,224,78,0,78,302
04/03/2022,SRQ,FL,ASO,ES,Towers with Radar,101,56,152,7,316,0,3,72,2,77,101,59,224,9,393,116,0,116,509
04/04/2022,SRQ,FL,ASO,ES,Towers with Radar,106,49,118,2,275,0,0,165,0,165,106,49,283,2,440,129,0,129,569
04/05/2022,SRQ,FL,ASO,ES,Towers with Radar,88,51,127,3,269,0,4,88,4,96,88,55,215,7,365,30,0,30,395
04/06/2022,SRQ,FL,ASO,ES,Towers with Radar,98,56,154,4,312,0,0,110,0,110,98,56,264,4,422,46,0,46,468
04/07/2022,SRQ,FL,ASO,ES,Towers with Radar,82,35,88,0,205,0,0,13,0,13,82,35,101,0,218,32,0,32,250
04/08/2022,SRQ,FL,ASO,ES,Towers with Radar,107,63,131,5,306,0,2,166,9,177,107,65,297,14,483,36,0,36,519
04/09/2022,SRQ,FL,ASO,ES,Towers with Radar,107,46,109,2,264,0,2,116,0,118,107,48,225,2,382,84,0,84,466
04/10/2022,SRQ,FL,ASO,ES,Towers with Radar,102,57,126,0,285,0,1,219,1,221,102,58,345,1,506,116,0,116,622
04/11/2022,SRQ,FL,ASO,ES,Towers with Radar,109,55,114,18,296,0,4,162,0,166,109,59,276,18,462,76,0,76,538
04/12/2022,SRQ,FL,ASO,ES,Towers with Radar,86,34,96,2,218,0,0,172,1,173,86,34,268,3,391,132,0,132,523
04/13/2022,SRQ,FL,ASO,ES,Towers with Radar,102,47,140,0,289,0,5,150,4,159,102,52,290,4,448,54,0,54,502
04/14/2022,SRQ,FL,ASO,ES,Towers with Radar,99,50,145,0,294,0,2,145,3,150,99,52,290,3,444,110,2,112,556
04/15/2022,SRQ,FL,ASO,ES,Towers with Radar,109,68,97,0,274,0,0,161,0,161,109,68,258,0,435,141,0,141,576
04/16/2022,SRQ,FL,ASO,ES,Towers with Radar,111,40,83,4,238,0,3,220,0,223,111,43,303,4,461,74,0,74,535
04/17/2022,SRQ,FL,ASO,ES,Towers with Radar,104,33,49,0,186,0,0,69,0,69,104,33,118,0,255,120,0,120,375
04/18/2022,SRQ,FL,ASO,ES,Towers with Radar,103,69,131,2,305,0,1,155,0,156,103,70,286,2,461,148,0,148,609
04/19/2022,SRQ,FL,ASO,ES,Towers with Radar,84,52,114,0,250,0,2,152,1,155,84,54,266,1,405,88,0,88,493
04/20/2022,SRQ,FL,ASO,ES,Towers with Radar,93,49,106,7,255,0,1,153,1,155,93,50,259,8,410,44,0,44,454
04/21/2022,SRQ,FL,ASO,ES,Towers with Radar,104,66,103,10,283,0,1,141,4,146,104,67,244,14,429,80,0,80,509
04/22/2022,SRQ,FL,ASO,ES,Towers with Radar,105,50,114,8,277,0,1,130,6,137,105,51,244,14,414,90,8,98,512
04/23/2022,SRQ,FL,ASO,ES,Towers with Radar,102,39,84,2,227,0,0,119,4,123,102,39,203,6,350,52,0,52,402
04/24/2022,SRQ,FL,ASO,ES,Towers with Radar,102,60,105,0,267,0,0,134,0,134,102,60,239,0,401,68,0,68,469
04/25/2022,SRQ,FL,ASO,ES,Towers with Radar,108,48,101,4,261,0,3,173,7,183,108,51,274,11,444,170,0,170,614
04/26/2022,SRQ,FL,ASO,ES,Towers with Radar,80,37,104,22,243,0,4,161,4,169,80,41,265,26,412,74,14,88,500
04/27/2022,SRQ,FL,ASO,ES,Towers with Radar,91,25,115,0,231,0,0,176,2,178,91,25,291,2,409,134,0,134,543
04/28/2022,SRQ,FL,ASO,ES,Towers with Radar,105,43,118,2,268,0,2,119,1,122,105,45,237,3,390,72,0,72,462
04/29/2022,SRQ,FL,ASO,ES,Towers with Radar,104,43,100,0,247,0,3,99,2,104,104,46,199,2,351,86,0,86,437
04/30/2022,SRQ,FL,ASO,ES,Towers with Radar,97,37,75,0,209,0,0,83,0,83,97,37,158,0,292,64,0,64,356
05/01/2022,SRQ,FL,ASO,ES,Towers with Radar,103,39,102,0,244,0,0,78,0,78,103,39,180,0,322,78,0,78,400
05/02/2022,SRQ,FL,ASO,ES,Towers with Radar,105,44,115,1,265,0,0,168,0,168,105,44,283,1,433,114,0,114,547
05/03/2022,SRQ,FL,ASO,ES,Towers with Radar,82,39,112,1,234,0,0,185,0,185,82,39,297,1,419,140,0,140,559
05/04/2022,SRQ,FL,ASO,ES,Towers with Radar,87,50,114,2,253,0,0,136,20,156,87,50,250,22,409,150,14,164,573
05/05/2022,SRQ,FL,ASO,ES,Towers with Radar,94,51,126,0,271,0,0,182,2,184,94,51,308,2,455,149,0,149,604
05/06/2022,SRQ,FL,ASO,ES,Towers with Radar,88,56,95,7,246,1,3,199,1,204,89,59,294,8,450,102,0,102,552
05/07/2022,SRQ,FL,ASO,ES,Towers with Radar,77,31,74,0,182,0,0,22,0,22,77,31,96,0,204,6,0,6,210
05/08/2022,SRQ,FL,ASO,ES,Towers with Radar,88,39,95,0,222,0,2,97,0,99,88,41,192,0,321,70,0,70,391
05/09/2022,SRQ,FL,ASO,ES,Towers with Radar,93,34,117,6,250,0,2,163,4,169,93,36,280,10,419,66,0,66,485
05/10/2022,SRQ,FL,ASO,ES,Towers with Radar,65,38,106,5,214,0,2,158,0,160,65,40,264,5,374,68,0,68,442
05/11/2022,SRQ,FL,ASO,ES,Towers with Radar,72,41,117,0,230,0,1,176,0,177,72,42,293,0,407,130,0,130,537
05/12/2022,SRQ,FL,ASO,ES,Towers with Radar,89,45,81,3,218,0,4,184,7,195,89,49,265,10,413,122,0,122,535
05/13/2022,SRQ,FL,ASO,ES,Towers with Radar,87,35,110,0,232,0,5,220,3,228,87,40,330,3,460,199,0,199,659
05/14/2022,SRQ,FL,ASO,ES,Towers with Radar,77,36,90,0,203,0,2,165,0,167,77,38,255,0,370,131,0,131,501
05/15/2022,SRQ,FL,ASO,ES,Towers with Radar,89,44,102,0,235,0,0,124,0,124,89,44,226,0,359,104,0,104,463
05/16/2022,SRQ,FL,ASO,ES,Towers with Radar,82,39,109,2,232,0,2,154,0,156,82,41,263,2,388,156,0,156,544
05/17/2022,SRQ,FL,ASO,ES,Towers with Radar,67,30,107,3,207,0,1,128,1,130,67,31,235,4,337,190,8,198,535
05/18/2022,SRQ,FL,ASO,ES,Towers with Radar,75,41,124,0,240,0,4,127,0,131,75,45,251,0,371,147,0,147,518
05/19/2022,SRQ,FL,ASO,ES,Towers with Radar,91,42,111,0,244,0,4,128,0,132,91,46,239,0,376,81,0,81,457
05/20/2022,SRQ,FL,ASO,ES,Towers with Radar,73,36,77,0,186,0,0,22,0,22,73,36,99,0,208,0,0,0,208
05/21/2022,SRQ,FL,ASO,ES,Towers with Radar,78,28,78,0,184,0,0,14,0,14,78,28,92,0,198,40,0,40,238
05/22/2022,SRQ,FL,ASO,ES,Towers with Radar,90,21,70,0,181,0,0,40,0,40,90,21,110,0,221,38,0,38,259
05/23/2022,SRQ,FL,ASO,ES,Towers with Radar,87,29,118,7,241,0,4,85,3,92,87,33,203,10,333,64,0,64,397
05/24/2022,SRQ,FL,ASO,ES,Towers with Radar,68,35,80,2,185,0,8,101,0,109,68,43,181,2,294,36,8,44,338
05/25/2022,SRQ,FL,ASO,ES,Towers with Radar,76,27,90,8,201,0,2,108,0,110,76,29,198,8,311,60,0,60,371
05/26/2022,SRQ,FL,ASO,ES,Towers with Radar,87,50,122,10,269,0,4,139,0,143,87,54,261,10,412,82,0,82,494
05/27/2022,SRQ,FL,ASO,ES,Towers with Radar,77,39,95,4,215,0,2,78,0,80,77,41,173,4,295,88,0,88,383
05/28/2022,SRQ,FL,ASO,ES,Towers with Radar,77,25,54,0,156,0,0,69,1,70,77,25,123,1,226,144,0,144,370
05/29/2022,SRQ,FL,ASO,ES,Towers with Radar,95,14,58,0,167,0,0,80,0,80,95,14,138,0,247,87,0,87,334
05/30/2022,SRQ,FL,ASO,ES,Towers with Radar,86,16,82,0,184,0,1,79,0,80,86,17,161,0,264,68,0,68,332
05/31/2022,SRQ,FL,ASO,ES,Towers with Radar,64,29,74,0,167,0,0,94,0,94,64,29,168,0,261,44,0,44,305
06/01/2022,SRQ,FL,ASO,ES,Towers with Radar,72,51,127,0,250,1,2,101,0,104,73,53,228,0,354,96,0,96,450
06/02/2022,SRQ,FL,ASO,ES,Towers with Radar,77,49,105,0,231,0,6,90,2,98,77,55,195,2,329,104,0,104,433
06/03/2022,SRQ,FL,ASO,ES,Towers with Radar,73,33,69,0,175,0,0,26,0,26,73,33,95,0,201,35,0,35,236
06/04/2022,SRQ,FL,ASO,ES,Towers with Radar,77,20,33,1,131,0,0,22,1,23,77,20,55,2,154,18,0,18,172
06/05/2022,SRQ,FL,ASO,ES,Towers with Radar,72,44,103,0,219,0,0,111,2,113,72,44,214,2,332,82,0,82,414
06/06/2022,SRQ,FL,ASO,ES,Towers with Radar,65,41,93,0,199,0,0,119,0,119,65,41,212,0,318,132,0,132,450
06/07/2022,SRQ,FL,ASO,ES,Towers with Radar,51,29,106,3,189,0,4,123,2,129,51,33,229,5,318,87,0,87,405
06/08/2022,SRQ,FL,ASO,ES,Towers with Radar,64,34,94,2,194,0,4,109,2,115,64,38,203,4,309,80,0,80,389
06/09/2022,SRQ,FL,ASO,ES,Towers with Radar,78,34,91,0,203,0,0,69,2,71,78,34,160,2,274,83,0,83,357
06/10/2022,SRQ,FL,ASO,ES,Towers with Radar,63,25,81,1,170,0,0,78,5,83,63,25,159,6,253,60,0,60,313
06/11/2022,SRQ,FL,ASO,ES,Towers with Radar,76,28,78,0,182,0,0,34,0,34,76,28,112,0,216,105,0,105,321
06/12/2022,SRQ,FL,ASO,ES,Towers with Radar,65,28,109,0,202,0,0,57,0,57,65,28,166,0,259,126,0,126,385
06/13/2022,SRQ,FL,ASO,ES,Towers with Radar,66,27,111,0,204,0,4,129,0,133,66,31,240,0,337,65,0,65,402
06/14/2022,SRQ,FL,ASO,ES,Towers with Radar,53,23,83,7,166,0,4,125,3,132,53,27,208,10,298,99,16,115,413
06/15/2022,SRQ,FL,ASO,ES,Towers with Radar,61,25,65,0,151,0,2,87,4,93,61,27,152,4,244,92,0,92,336
06/16/2022,SRQ,FL,ASO,ES,Towers with Radar,64,33,84,0,181,0,0,102,2,104,64,33,186,2,285,134,0,134,419
06/17/2022,SRQ,FL,ASO,ES,Towers with Radar,63,23,76,0,162,0,6,114,0,120,63,29,190,0,282,76,0,76,358
06/18/2022,SRQ,FL,ASO,ES,Towers with Radar,74,30,78,0,182,0,4,82,2,88,74,34,160,2,270,92,0,92,362
06/19/2022,SRQ,FL,ASO,ES,Towers with Radar,75,34,75,0,184,0,0,67,0,67,75,34,142,0,251,26,0,26,277
06/20/2022,SRQ,FL,ASO,ES,Towers with Radar,70,20,63,0,153,0,0,80,0,80,70,20,143,0,233,84,0,84,317
06/21/2022,SRQ,FL,ASO,ES,Towers with Radar,53,19,89,0,161,0,2,151,4,157,53,21,240,4,318,133,0,133,451
06/22/2022,SRQ,FL,ASO,ES,Towers with Radar,62,22,62,0,146,0,0,144,0,144,62,22,206,0,290,165,0,165,455
06/23/2022,SRQ,FL,ASO,ES,Towers with Radar,70,24,95,2,191,0,0,154,0,154,70,24,249,2,345,122,0,122,467
06/24/2022,SRQ,FL,ASO,ES,Towers with Radar,68,42,105,0,215,0,2,83,0,85,68,44,188,0,300,101,0,101,401
06/25/2022,SRQ,FL,ASO,ES,Towers with Radar,75,23,83,0,181,0,0,88,0,88,75,23,171,0,269,138,0,138,407
06/26/2022,SRQ,FL,ASO,ES,Towers with Radar,63,28,84,0,175,0,0,43,0,43,63,28,127,0,218,124,0,124,342
06/27/2022,SRQ,FL,ASO,ES,Towers with Radar,65,17,84,1,167,0,0,101,1,102,65,17,185,2,269,116,0,116,385
06/28/2022,SRQ,FL,ASO,ES,Towers with Radar,51,26,71,1,149,0,2,98,1,101,51,28,169,2,250,66,0,66,316
06/29/2022,SRQ,FL,ASO,ES,Towers with Radar,65,27,62,4,158,0,0,115,2,117,65,27,177,6,275,131,0,131,406
06/30/2022,SRQ,FL,ASO,ES,Towers with Radar,75,24,93,0,192,0,0,105,6,111,75,24,198,6,303,66,0,66,369
07/01/2022,SRQ,FL,ASO,ES,Towers with Radar,61,36,85,0,182,0,4,95,4,103,61,40,180,4,285,64,0,64,349
07/02/2022,SRQ,FL,ASO,ES,Towers with Radar,74,25,69,0,168,0,0,92,0,92,74,25,161,0,260,125,0,125,385
07/03/2022,SRQ,FL,ASO,ES,Towers with Radar,61,17,48,0,126,0,0,78,0,78,61,17,126,0,204,66,0,66,270
07/04/2022,SRQ,FL,ASO,ES,Towers with Radar,62,16,35,0,113,0,0,51,0,51,62,16,86,0,164,41,0,41,205
07/05/2022,SRQ,FL,ASO,ES,Towers with Radar,62,19,106,4,191,0,0,77,3,80,62,19,183,7,271,20,4,24,295
07/06/2022,SRQ,FL,ASO,ES,Towers with Radar,59,31,78,0,168,0,0,93,0,93,59,31,171,0,261,209,0,209,470
07/07/2022,SRQ,FL,ASO,ES,Towers with Radar,70,23,60,2,155,0,1,77,8,86,70,24,137,10,241,164,0,164,405
07/08/2022,SRQ,FL,ASO,ES,Towers with Radar,63,24,50,0,137,0,3,114,0,117,63,27,164,0,254,130,0,130,384
07/09/2022,SRQ,FL,ASO,ES,Towers with Radar,74,20,58,0,152,0,2,65,0,67,74,22,123,0,219,123,0,123,342
07/10/2022,SRQ,FL,ASO,ES,Towers with Radar,69,19,62,0,150,0,0,83,0,83,69,19,145,0,233,112,0,112,345
07/11/2022,SRQ,FL,ASO,ES,Towers with Radar,62,20,68,11,161,0,1,78,1,80,62,21,146,12,241,182,24,206,447
07/12/2022,SRQ,FL,ASO,ES,Towers with Radar,47,37,92,15,191,0,2,159,6,167,47,39,251,21,358,157,22,179,537
07/13/2022,SRQ,FL,ASO,ES,Towers with Radar,62,28,55,2,147,0,0,107,2,109,62,28,162,4,256,116,0,116,372
07/14/2022,SRQ,FL,ASO,ES,Towers with Radar,65,31,68,2,166,0,2,67,4,73,65,33,135,6,239,131,0,131,370
07/15/2022,SRQ,FL,ASO,ES,Towers with Radar,61,23,87,0,171,3,0,107,2,112,64,23,194,2,283,193,0,193,476
07/16/2022,SRQ,FL,ASO,ES,Towers with Radar,71,22,66,0,159,0,0,86,2,88,71,22,152,2,247,151,0,151,398
07/17/2022,SRQ,FL,ASO,ES,Towers with Radar,63,21,69,2,155,0,1,82,0,83,63,22,151,2,238,84,0,84,322
07/18/2022,SRQ,FL,ASO,ES,Towers with Radar,58,18,101,1,178,0,0,112,0,112,58,18,213,1,290,143,0,143,433
07/19/2022,SRQ,FL,ASO,ES,Towers with Radar,47,17,83,2,149,0,0,102,4,106,47,17,185,6,255,244,0,244,499
07/20/2022,SRQ,FL,ASO,ES,Towers with Radar,62,16,83,2,163,0,0,110,2,112,62,16,193,4,275,200,0,200,475
07/21/2022,SRQ,FL,ASO,ES,Towers with Radar,69,16,82,10,177,0,2,116,0,118,69,18,198,10,295,132,0,132,427
07/22/2022,SRQ,FL,ASO,ES,Towers with Radar,60,21,97,0,178,0,0,133,0,133,60,21,230,0,311,78,0,78,389
07/23/2022,SRQ,FL,ASO,ES,Towers with Radar,83,21,59,1,164,0,2,88,1,91,83,23,147,2,255,107,0,107,362
07/24/2022,SRQ,FL,ASO,ES,Towers with Radar,64,23,85,0,172,0,0,107,0,107,64,23,192,0,279,97,0,97,376
07/25/2022,SRQ,FL,ASO,ES,Towers with Radar,60,18,57,4,139,0,4,59,0,63,60,22,116,4,202,111,0,111,313
07/26/2022,SRQ,FL,ASO,ES,Towers with Radar,49,18,68,3,138,0,4,65,3,72,49,22,133,6,210,128,0,128,338
07/27/2022,SRQ,FL,ASO,ES,Towers with Radar,58,30,67,6,161,0,2,116,0,118,58,32,183,6,279,146,0,146,425
07/28/2022,SRQ,FL,ASO,ES,Towers with Radar,68,19,93,0,180,0,8,121,0,129,68,27,214,0,309,175,0,175,484
07/29/2022,SRQ,FL,ASO,ES,Towers with Radar,60,32,78,2,172,0,0,110,0,110,60,32,188,2,282,178,0,178,460
07/30/2022,SRQ,FL,ASO,ES,Towers with Radar,76,22,62,0,160,0,2,89,7,98,76,24,151,7,258,118,0,118,376
07/31/2022,SRQ,FL,ASO,ES,Towers with Radar,68,22,83,4,177,0,2,83,0,85,68,24,166,4,262,79,0,79,341
08/01/2022,SRQ,FL,ASO,ES,Towers with Radar,63,22,73,0,158,0,3,94,1,98,63,25,167,1,256,178,0,178,434
08/02/2022,SRQ,FL,ASO,ES,Towers with Radar,46,18,70,4,138,0,0,71,4,75,46,18,141,8,213,126,0,126,339
08/03/2022,SRQ,FL,ASO,ES,Towers with Radar,54,16,77,6,153,0,3,89,0,92,54,19,166,6,245,77,0,77,322
08/04/2022,SRQ,FL,ASO,ES,Towers with Radar,65,15,60,0,140,0,0,78,4,82,65,15,138,4,222,131,0,131,353
08/05/2022,SRQ,FL,ASO,ES,Towers with Radar,59,20,66,0,145,0,2,105,0,107,59,22,171,0,252,125,0,125,377
08/06/2022,SRQ,FL,ASO,ES,Towers with Radar,67,27,63,0,157,0,2,85,0,87,67,29,148,0,244,80,0,80,324
08/07/2022,SRQ,FL,ASO,ES,Towers with Radar,67,35,74,0,176,0,0,66,0,66,67,35,140,0,242,31,0,31,273
08/08/2022,SRQ,FL,ASO,ES,Towers with Radar,59,24,58,0,141,0,4,81,6,91,59,28,139,6,232,119,0,119,351
08/09/2022,SRQ,FL,ASO,ES,Towers with Radar,46,18,53,11,128,0,0,77,3,80,46,18,130,14,208,185,0,185,393
08/10/2022,SRQ,FL,ASO,ES,Towers with Radar,55,28,80,0,163,0,0,130,2,132,55,28,210,2,295,184,0,184,479
08/11/2022,SRQ,FL,ASO,ES,Towers with Radar,64,25,68,7,164,0,0,98,6,104,64,25,166,13,268,124,4,128,396
08/12/2022,SRQ,FL,ASO,ES,Towers with Radar,61,21,80,13,175,0,0,92,4,96,61,21,172,17,271,163,6,169,440
08/13/2022,SRQ,FL,ASO,ES,Towers with Radar,69,19,50,0,138,0,0,74,0,74,69,19,124,0,212,168,0,168,380
08/14/2022,SRQ,FL,ASO,ES,Towers with Radar,71,21,47,1,140,0,0,44,0,44,71,21,91,1,184,71,0,71,255
08/15/2022,SRQ,FL,ASO,ES,Towers with Radar,59,32,59,0,150,0,0,35,0,35,59,32,94,0,185,82,0,82,267
08/16/2022,SRQ,FL,ASO,ES,Towers with Radar,48,31,78,3,160,0,1,127,1,129,48,32,205,4,289,115,0,115,404
08/17/2022,SRQ,FL,ASO,ES,Towers with Radar,52,17,78,0,147,0,0,101,4,105,52,17,179,4,252,182,0,182,434
08/18/2022,SRQ,FL,ASO,ES,Towers with Radar,53,29,75,4,161,0,2,88,4,94,53,31,163,8,255,178,0,178,433
08/19/2022,SRQ,FL,ASO,ES,Towers with Radar,57,18,68,4,147,0,1,99,3,103,57,19,167,7,250,197,0,197,447
08/20/2022,SRQ,FL,ASO,ES,Towers with Radar,61,16,55,0,132,0,0,131,2,133,61,16,186,2,265,95,0,95,360
08/21/2022,SRQ,FL,ASO,ES,Towers with Radar,49,19,83,2,153,0,3,80,0,83,49,22,163,2,236,117,0,117,353
08/22/2022,SRQ,FL,ASO,ES,Towers with Radar,54,24,42,17,137,0,0,106,5,111,54,24,148,22,248,100,8,108,356
08/23/2022,SRQ,FL,ASO,ES,Towers with Radar,44,23,81,0,148,0,2,97,0,99,44,25,178,0,247,78,0,78,325
08/24/2022,SRQ,FL,ASO,ES,Towers with Radar,51,18,74,2,145,0,0,102,0,102,51,18,176,2,247,87,0,87,334
08/25/2022,SRQ,FL,ASO,ES,Towers with Radar,53,26,83,4,166,0,1,92,0,93,53,27,175,4,259,142,0,142,401
08/26/2022,SRQ,FL,ASO,ES,Towers with Radar,58,25,74,2,159,0,5,59,0,64,58,30,133,2,223,58,0,58,281
08/27/2022,SRQ,FL,ASO,ES,Towers with Radar,60,19,55,0,134,0,0,46,2,48,60,19,101,2,182,75,10,85,267
08/28/2022,SRQ,FL,ASO,ES,Towers with Radar,57,19,81,0,157,0,0,49,0,49,57,19,130,0,206,50,0,50,256
08/29/2022,SRQ,FL,ASO,ES,Towers with Radar,52,21,66,10,149,0,1,96,0,97,52,22,162,10,246,106,0,106,352
08/30/2022,SRQ,FL,ASO,ES,Towers with Radar,44,15,86,3,148,0,1,76,2,79,44,16,162,5,227,200,0,200,427
08/31/2022,SRQ,FL,ASO,ES,Towers with Radar,49,18,89,4,160,0,2,117,8,127,49,20,206,12,287,120,0,120,407
09/01/2022,SRQ,FL,ASO,ES,Towers with Radar,61,22,82,2,167,0,0,71,0,71,61,22,153,2,238,187,0,187,425
09/02/2022,SRQ,FL,ASO,ES,Towers with Radar,56,29,83,4,172,0,0,70,2,72,56,29,153,6,244,74,0,74,318
09/03/2022,SRQ,FL,ASO,ES,Towers with Radar,56,24,60,0,140,0,0,66,0,66,56,24,126,0,206,112,0,112,318
09/04/2022,SRQ,FL,ASO,ES,Towers with Radar,49,23,57,0,129,0,0,79,0,79,49,23,136,0,208,18,0,18,226
09/05/2022,SRQ,FL,ASO,ES,Towers with Radar,60,31,79,0,170,0,0,88,0,88,60,31,167,0,258,96,0,96,354
09/06/2022,SRQ,FL,ASO,ES,Towers with Radar,49,23,81,0,153,0,0,72,0,72,49,23,153,0,225,108,0,108,333
09/07/2022,SRQ,FL,ASO,ES,Towers with Radar,46,19,66,2,133,0,0,86,2,88,46,19,152,4,221,117,4,121,342
09/08/2022,SRQ,FL,ASO,ES,Towers with Radar,57,35,47,0,139,0,2,40,2,44,57,37,87,2,183,64,2,66,249
09/09/2022,SRQ,FL,ASO,ES,Towers with Radar,59,25,54,4,142,0,0,21,0,21,59,25,75,4,163,24,0,24,187
09/10/2022,SRQ,FL,ASO,ES,Towers with Radar,58,17,44,0,119,0,0,37,0,37,58,17,81,0,156,50,0,50,206
09/11/2022,SRQ,FL,ASO,ES,Towers with Radar,56,21,51,4,132,0,0,64,0,64,56,21,115,4,196,69,0,69,265
09/12/2022,SRQ,FL,ASO,ES,Towers with Radar,55,35,79,0,169,0,4,78,2,84,55,39,157,2,253,62,0,62,315
09/13/2022,SRQ,FL,ASO,ES,Towers with Radar,42,34,91,3,170,0,0,98,3,101,42,34,189,6,271,138,0,138,409
09/14/2022,SRQ,FL,ASO,ES,Towers with Radar,50,25,83,0,158,0,0,66,0,66,50,25,149,0,224,143,0,143,367
09/15/2022,SRQ,FL,ASO,ES,Towers with Radar,57,38,69,0,164,0,0,72,0,72,57,38,141,0,236,118,0,118,354
09/16/2022,SRQ,FL,ASO,ES,Towers with Radar,53,31,65,4,153,0,0,61,1,62,53,31,126,5,215,67,0,67,282
09/17/2022,SRQ,FL,ASO,ES,Towers with Radar,55,23,49,4,131,0,0,77,0,77,55,23,126,4,208,51,0,51,259
09/18/2022,SRQ,FL,ASO,ES,Towers with Radar,56,29,67,0,152,0,0,38,0,38,56,29,105,0,190,69,0,69,259
09/19/2022,SRQ,FL,ASO,ES,Towers with Radar,57,28,66,0,151,0,7,96,2,105,57,35,162,2,256,90,0,90,346
09/20/2022,SRQ,FL,ASO,ES,Towers with Radar,42,18,77,2,139,0,0,106,2,108,42,18,183,4,247,81,0,81,328
09/21/2022,SRQ,FL,ASO,ES,Towers with Radar,45,26,88,3,162,0,9,118,5,132,45,35,206,8,294,149,0,149,443
09/22/2022,SRQ,FL,ASO,ES,Towers with Radar,57,33,87,4,181,0,0,124,4,128,57,33,211,8,309,86,0,86,395
09/23/2022,SRQ,FL,ASO,ES,Towers with Radar,62,38,69,0,169,0,4,104,0,108,62,42,173,0,277,69,0,69,346
09/24/2022,SRQ,FL,ASO,ES,Towers with Radar,56,22,58,0,136,0,0,84,3,87,56,22,142,3,223,93,4,97,320
09/25/2022,SRQ,FL,ASO,ES,Towers with Radar,57,29,77,0,163,0,0,85,0,85,57,29,162,0,248,82,0,82,330
09/26/2022,SRQ,FL,ASO,ES,Towers with Radar,57,58,81,0,196,0,0,61,0,61,57,58,142,0,257,34,0,34,291
09/27/2022,SRQ,FL,ASO,ES,Towers with Radar,31,56,63,2,152,0,0,12,0,12,31,56,75,2,164,0,0,0,164
09/28/2022,SRQ,FL,ASO,ES,Towers with Radar,0,0,0,0,0,0,0,0,0,0,0,0,0,0,0,0,0,0,0
09/29/2022,SRQ,FL,ASO,ES,Towers with Radar,0,0,0,0,0,0,0,2,0,2,0,0,2,0,2,0,0,0,2
09/30/2022,SRQ,FL,ASO,ES,Towers with Radar,15,12,53,3,83,0,0,46,4,50,15,12,99,7,133,0,0,0,133
10/01/2022,SRQ,FL,ASO,ES,Towers with Radar,51,32,51,0,134,0,1,90,8,99,51,33,141,8,233,74,0,74,307
10/02/2022,SRQ,FL,ASO,ES,Towers with Radar,50,21,73,0,144,0,2,103,6,111,50,23,176,6,255,96,0,96,351
10/03/2022,SRQ,FL,ASO,ES,Towers with Radar,58,43,69,2,172,0,0,128,8,136,58,43,197,10,308,63,0,63,371
10/04/2022,SRQ,FL,ASO,ES,Towers with Radar,46,32,97,0,175,0,0,113,0,113,46,32,210,0,288,170,0,170,458
10/05/2022,SRQ,FL,ASO,ES,Towers with Radar,67,43,76,0,186,0,4,97,2,103,67,47,173,2,289,192,0,192,481
10/06/2022,SRQ,FL,ASO,ES,Towers with Radar,79,44,75,0,198,0,0,109,0,109,79,44,184,0,307,164,0,164,471
10/07/2022,SRQ,FL,ASO,ES,Towers with Radar,69,55,78,1,203,0,0,121,3,124,69,55,199,4,327,98,0,98,425
10/08/2022,SRQ,FL,ASO,ES,Towers with Radar,84,31,44,0,159,0,0,112,0,112,84,31,156,0,271,93,0,93,364
10/09/2022,SRQ,FL,ASO,ES,Towers with Radar,84,49,61,7,201,0,0,106,6,112,84,49,167,13,313,104,2,106,419
10/10/2022,SRQ,FL,ASO,ES,Towers with Radar,74,42,76,0,192,0,0,81,0,81,74,42,157,0,273,114,0,114,387
10/11/2022,SRQ,FL,ASO,ES,Towers with Radar,57,33,63,0,153,0,1,104,0,105,57,34,167,0,258,188,0,188,446
10/12/2022,SRQ,FL,ASO,ES,Towers with Radar,70,36,78,0,184,0,0,82,0,82,70,36,160,0,266,139,0,139,405
10/13/2022,SRQ,FL,ASO,ES,Towers with Radar,84,41,57,1,183,0,0,54,2,56,84,41,111,3,239,137,0,137,376
10/14/2022,SRQ,FL,ASO,ES,Towers with Radar,75,50,97,15,237,0,0,104,3,107,75,50,201,18,344,68,0,68,412
10/15/2022,SRQ,FL,ASO,ES,Towers with Radar,82,25,57,1,165,0,0,132,0,132,82,25,189,1,297,34,0,34,331
10/16/2022,SRQ,FL,ASO,ES,Towers with Radar,81,33,95,0,209,0,0,85,2,87,81,33,180,2,296,18,0,18,314
10/17/2022,SRQ,FL,ASO,ES,Towers with Radar,75,48,86,3,212,0,0,89,3,92,75,48,175,6,304,32,0,32,336
10/18/2022,SRQ,FL,ASO,ES,Towers with Radar,58,48,68,4,178,0,0,55,0,55,58,48,123,4,233,167,0,167,400
10/19/2022,SRQ,FL,ASO,ES,Towers with Radar,68,35,95,11,209,0,2,86,1,89,68,37,181,12,298,91,4,95,393
10/20/2022,SRQ,FL,ASO,ES,Towers with Radar,82,56,101,1,240,0,2,121,1,124,82,58,222,2,364,94,0,94,458
10/21/2022,SRQ,FL,ASO,ES,Towers with Radar,73,48,102,0,223,0,2,124,0,126,73,50,226,0,349,82,0,82,431
10/22/2022,SRQ,FL,ASO,ES,Towers with Radar,80,54,88,0,222,0,0,105,0,105,80,54,193,0,327,152,0,152,479
10/23/2022,SRQ,FL,ASO,ES,Towers with Radar,82,40,75,0,197,0,0,95,0,95,82,40,170,0,292,76,0,76,368
10/24/2022,SRQ,FL,ASO,ES,Towers with Radar,72,51,68,0,191,0,2,93,0,95,72,53,161,0,286,164,0,164,450
10/25/2022,SRQ,FL,ASO,ES,Towers with Radar,52,30,79,0,161,0,2,146,1,149,52,32,225,1,310,137,0,137,447
10/26/2022,SRQ,FL,ASO,ES,Towers with Radar,68,55,97,2,222,0,0,110,7,117,68,55,207,9,339,142,0,142,481
10/27/2022,SRQ,FL,ASO,ES,Towers with Radar,81,55,115,3,254,0,0,121,1,122,81,55,236,4,376,122,4,126,502
10/28/2022,SRQ,FL,ASO,ES,Towers with Radar,72,37,108,0,217,0,2,97,0,99,72,39,205,0,316,133,0,133,449
10/29/2022,SRQ,FL,ASO,ES,Towers with Radar,77,24,94,0,195,0,2,81,0,83,77,26,175,0,278,126,0,126,404
10/30/2022,SRQ,FL,ASO,ES,Towers with Radar,82,35,90,2,209,0,1,90,0,91,82,36,180,2,300,62,0,62,362
10/31/2022,SRQ,FL,ASO,ES,Towers with Radar,74,23,78,0,175,0,2,84,0,86,74,25,162,0,261,106,0,106,367
11/01/2022,SRQ,FL,ASO,ES,Towers with Radar,60,19,97,0,176,0,0,72,2,74,60,19,169,2,250,89,0,89,339
11/02/2022,SRQ,FL,ASO,ES,Towers with Radar,78,45,96,0,219,0,1,53,0,54,78,46,149,0,273,55,0,55,328
11/03/2022,SRQ,FL,ASO,ES,Towers with Radar,91,45,114,0,250,0,0,118,4,122,91,45,232,4,372,95,0,95,467
11/04/2022,SRQ,FL,ASO,ES,Towers with Radar,82,46,94,2,224,0,0,114,2,116,82,46,208,4,340,156,10,166,506
11/05/2022,SRQ,FL,ASO,ES,Towers with Radar,88,37,67,1,193,0,0,119,4,123,88,37,186,5,316,107,0,107,423
11/06/2022,SRQ,FL,ASO,ES,Towers with Radar,94,42,77,2,215,0,0,75,0,75,94,42,152,2,290,74,0,74,364
11/07/2022,SRQ,FL,ASO,ES,Towers with Radar,84,45,79,1,209,0,0,86,3,89,84,45,165,4,298,124,0,124,422
11/08/2022,SRQ,FL,ASO,ES,Towers with Radar,70,19,88,0,177,0,0,65,4,69,70,19,153,4,246,117,0,117,363
11/09/2022,SRQ,FL,ASO,ES,Towers with Radar,81,47,53,4,185,0,0,3,0,3,81,47,56,4,188,0,0,0,188
11/10/2022,SRQ,FL,ASO,ES,Towers with Radar,89,8,10,0,107,0,0,0,0,0,89,8,10,0,107,0,0,0,107
11/11/2022,SRQ,FL,ASO,ES,Towers with Radar,82,21,83,0,186,0,0,89,0,89,82,21,172,0,275,124,0,124,399
11/12/2022,SRQ,FL,ASO,ES,Towers with Radar,95,47,79,4,225,0,0,110,0,110,95,47,189,4,335,107,0,107,442
11/13/2022,SRQ,FL,ASO,ES,Towers with Radar,94,42,111,0,247,0,0,51,0,51,94,42,162,0,298,84,0,84,382
11/14/2022,SRQ,FL,ASO,ES,Towers with Radar,87,39,137,0,263,0,1,128,2,131,87,40,265,2,394,124,0,124,518
11/15/2022,SRQ,FL,ASO,ES,Towers with Radar,71,44,105,25,245,0,4,141,5,150,71,48,246,30,395,158,0,158,553
11/16/2022,SRQ,FL,ASO,ES,Towers with Radar,76,40,131,2,249,0,0,33,0,33,76,40,164,2,282,71,0,71,353
11/17/2022,SRQ,FL,ASO,ES,Towers with Radar,95,56,97,0,248,0,0,139,1,140,95,56,236,1,388,168,1,169,557
11/18/2022,SRQ,FL,ASO,ES,Towers with Radar,93,66,114,6,279,0,1,173,2,176,93,67,287,8,455,80,4,84,539
11/19/2022,SRQ,FL,ASO,ES,Towers with Radar,111,58,105,0,274,0,0,124,4,128,111,58,229,4,402,80,0,80,482
11/20/2022,SRQ,FL,ASO,ES,Towers with Radar,104,49,88,0,241,0,0,8,0,8,104,49,96,0,249,26,0,26,275
11/21/2022,SRQ,FL,ASO,ES,Towers with Radar,95,43,99,0,237,0,0,54,0,54,95,43,153,0,291,101,0,101,392
11/22/2022,SRQ,FL,ASO,ES,Towers with Radar,110,68,137,2,317,0,0,25,0,25,110,68,162,2,342,74,0,74,416
11/23/2022,SRQ,FL,ASO,ES,Towers with Radar,128,42,101,0,271,0,0,45,0,45,128,42,146,0,316,81,0,81,397
11/24/2022,SRQ,FL,ASO,ES,Towers with Radar,63,15,17,0,95,0,0,22,0,22,63,15,39,0,117,8,0,8,125
11/25/2022,SRQ,FL,ASO,ES,Towers with Radar,81,35,77,0,193,0,0,74,0,74,81,35,151,0,267,84,0,84,351
11/26/2022,SRQ,FL,ASO,ES,Towers with Radar,122,56,102,1,281,0,0,64,0,64,122,56,166,1,345,56,0,56,401
11/27/2022,SRQ,FL,ASO,ES,Towers with Radar,107,77,132,0,316,0,1,43,1,45,107,78,175,1,361,0,0,0,361
11/28/2022,SRQ,FL,ASO,ES,Towers with Radar,114,59,150,5,328,0,0,130,1,131,114,59,280,6,459,60,0,60,519
11/29/2022,SRQ,FL,ASO,ES,Towers with Radar,71,30,82,1,184,0,0,149,0,149,71,30,231,1,333,129,0,129,462
11/30/2022,SRQ,FL,ASO,ES,Towers with Radar,82,36,85,8,211,0,3,117,1,121,82,39,202,9,332,116,10,126,458
12/01/2022,SRQ,FL,ASO,ES,Towers with Radar,98,32,79,4,213,0,2,112,2,116,98,34,191,6,329,78,0,78,407
12/02/2022,SRQ,FL,ASO,ES,Towers with Radar,81,32,87,1,201,0,0,99,1,100,81,32,186,2,301,100,0,100,401
12/03/2022,SRQ,FL,ASO,ES,Towers with Radar,95,37,68,0,200,0,7,154,0,161,95,44,222,0,361,47,0,47,408
12/04/2022,SRQ,FL,ASO,ES,Towers with Radar,100,43,72,0,215,0,0,83,0,83,100,43,155,0,298,143,0,143,441
12/05/2022,SRQ,FL,ASO,ES,Towers with Radar,83,35,107,10,235,0,4,118,2,124,83,39,225,12,359,107,0,107,466
12/06/2022,SRQ,FL,ASO,ES,Towers with Radar,69,35,84,4,192,0,2,133,2,137,69,37,217,6,329,106,0,106,435
12/07/2022,SRQ,FL,ASO,ES,Towers with Radar,85,37,101,15,238,0,3,137,5,145,85,40,238,20,383,137,6,143,526
12/08/2022,SRQ,FL,ASO,ES,Towers with Radar,100,35,76,3,214,0,2,96,5,103,100,37,172,8,317,122,0,122,439
12/09/2022,SRQ,FL,ASO,ES,Towers with Radar,85,48,97,4,234,0,3,118,0,121,85,51,215,4,355,130,0,130,485
12/10/2022,SRQ,FL,ASO,ES,Towers with Radar,96,33,63,0,192,0,0,92,0,92,96,33,155,0,284,99,0,99,383
12/11/2022,SRQ,FL,ASO,ES,Towers with Radar,100,46,76,0,222,0,2,10,0,12,100,48,86,0,234,18,0,18,252
12/12/2022,SRQ,FL,ASO,ES,Towers with Radar,84,46,102,2,234,0,3,76,0,79,84,49,178,2,313,78,0,78,391
12/13/2022,SRQ,FL,ASO,ES,Towers with Radar,71,28,91,3,193,0,5,117,6,128,71,33,208,9,321,151,0,151,472
12/14/2022,SRQ,FL,ASO,ES,Towers with Radar,74,47,88,4,213,0,0,81,0,81,74,47,169,4,294,53,0,53,347
12/15/2022,SRQ,FL,ASO,ES,Towers with Radar,99,49,55,0,203,0,0,1,0,1,99,49,56,0,204,0,0,0,204
12/16/2022,SRQ,FL,ASO,ES,Towers with Radar,103,60,87,7,257,0,2,133,8,143,103,62,220,15,400,62,0,62,462
12/17/2022,SRQ,FL,ASO,ES,Towers with Radar,114,25,86,7,232,0,2,146,4,152,114,27,232,11,384,92,0,92,476
12/18/2022,SRQ,FL,ASO,ES,Towers with Radar,112,31,61,0,204,0,4,72,0,76,112,35,133,0,280,152,0,152,432
12/19/2022,SRQ,FL,ASO,ES,Towers with Radar,110,45,93,2,250,0,2,106,4,112,110,47,199,6,362,85,0,85,447
12/20/2022,SRQ,FL,ASO,ES,Towers with Radar,110,37,60,0,207,0,0,43,0,43,110,37,103,0,250,108,0,108,358
12/21/2022,SRQ,FL,ASO,ES,Towers with Radar,123,69,136,0,328,0,6,52,1,59,123,75,188,1,387,115,0,115,502
12/22/2022,SRQ,FL,ASO,ES,Towers with Radar,108,48,114,8,278,0,0,30,0,30,108,48,144,8,308,46,0,46,354
12/23/2022,SRQ,FL,ASO,ES,Towers with Radar,82,26,73,0,181,0,0,32,0,32,82,26,105,0,213,14,0,14,227
12/24/2022,SRQ,FL,ASO,ES,Towers with Radar,100,25,26,1,152,0,0,34,2,36,100,25,60,3,188,41,0,41,229
12/25/2022,SRQ,FL,ASO,ES,Towers with Radar,76,40,25,0,141,0,0,10,0,10,76,40,35,0,151,0,0,0,151
12/26/2022,SRQ,FL,ASO,ES,Towers with Radar,86,76,122,1,285,0,0,96,4,100,86,76,218,5,385,87,0,87,472
12/27/2022,SRQ,FL,ASO,ES,Towers with Radar,97,94,149,0,340,0,0,112,0,112,97,94,261,0,452,20,0,20,472
12/28/2022,SRQ,FL,ASO,ES,Towers with Radar,105,92,98,0,295,0,2,138,3,143,105,94,236,3,438,49,0,49,487
12/29/2022,SRQ,FL,ASO,ES,Towers with Radar,99,68,97,1,265,0,3,98,5,106,99,71,195,6,371,56,0,56,427
12/30/2022,SRQ,FL,ASO,ES,Towers with Radar,111,75,105,0,291,0,1,85,0,86,111,76,190,0,377,96,0,96,473
12/31/2022,SRQ,FL,ASO,ES,Towers with Radar,127,43,71,0,241,0,0,21,0,21,127,43,92,0,262,16,0,16,278
01/01/2023,SRQ,FL,ASO,ES,Towers with Radar,95,47,74,0,216,0,0,28,0,28,95,47,102,0,244,0,0,0,244
01/02/2023,SRQ,FL,ASO,ES,Towers with Radar,102,45,131,0,278,0,3,92,0,95,102,48,223,0,373,48,0,48,421
01/03/2023,SRQ,FL,ASO,ES,Towers with Radar,110,57,114,0,281,0,3,108,0,111,110,60,222,0,392,115,0,115,507
01/04/2023,SRQ,FL,ASO,ES,Towers with Radar,85,41,78,17,221,0,2,77,0,79,85,43,155,17,300,64,0,64,364
01/05/2023,SRQ,FL,ASO,ES,Towers with Radar,116,44,89,1,250,0,1,50,2,53,116,45,139,3,303,63,0,63,366
01/06/2023,SRQ,FL,ASO,ES,Towers with Radar,106,42,97,8,253,0,2,126,6,134,106,44,223,14,387,162,0,162,549
01/07/2023,SRQ,FL,ASO,ES,Towers with Radar,114,67,86,3,270,0,0,126,1,127,114,67,212,4,397,50,0,50,447
01/08/2023,SRQ,FL,ASO,ES,Towers with Radar,114,55,103,13,285,0,0,98,1,99,114,55,201,14,384,54,0,54,438
01/09/2023,SRQ,FL,ASO,ES,Towers with Radar,102,31,90,0,223,0,3,123,3,129,102,34,213,3,352,88,4,92,444
01/10/2023,SRQ,FL,ASO,ES,Towers with Radar,80,40,107,0,227,0,2,132,10,144,80,42,239,10,371,94,0,94,465
01/11/2023,SRQ,FL,ASO,ES,Towers with Radar,81,35,102,0,218,0,2,119,0,121,81,37,221,0,339,123,0,123,462
01/12/2023,SRQ,FL,ASO,ES,Towers with Radar,101,52,122,17,292,0,2,131,1,134,101,54,253,18,426,134,0,134,560
01/13/2023,SRQ,FL,ASO,ES,Towers with Radar,97,46,97,0,240,0,0,20,2,22,97,46,117,2,262,12,0,12,274
01/14/2023,SRQ,FL,ASO,ES,Towers with Radar,106,35,70,0,211,0,0,73,0,73,106,35,143,0,284,18,0,18,302
01/15/2023,SRQ,FL,ASO,ES,Towers with Radar,107,45,80,0,232,0,0,88,0,88,107,45,168,0,320,70,0,70,390
01/16/2023,SRQ,FL,ASO,ES,Towers with Radar,102,60,88,1,251,0,6,127,1,134,102,66,215,2,385,74,0,74,459
01/17/2023,SRQ,FL,ASO,ES,Towers with Radar,78,45,88,6,217,0,5,148,10,163,78,50,236,16,380,74,12,86,466
01/18/2023,SRQ,FL,ASO,ES,Towers with Radar,86,41,98,8,233,0,4,133,0,137,86,45,231,8,370,127,0,127,497
01/19/2023,SRQ,FL,ASO,ES,Towers with Radar,108,52,106,12,278,0,1,101,1,103,108,53,207,13,381,35,0,35,416
01/20/2023,SRQ,FL,ASO,ES,Towers with Radar,95,38,126,3,262,0,0,78,0,78,95,38,204,3,340,132,0,132,472
01/21/2023,SRQ,FL,ASO,ES,Towers with Radar,114,28,70,0,212,0,0,68,0,68,114,28,138,0,280,76,0,76,356
01/22/2023,SRQ,FL,ASO,ES,Towers with Radar,104,51,76,0,231,0,0,43,0,43,104,51,119,0,274,0,0,0,274
01/23/2023,SRQ,FL,ASO,ES,Towers with Radar,104,35,116,10,265,0,0,107,2,109,104,35,223,12,374,53,0,53,427
01/24/2023,SRQ,FL,ASO,ES,Towers with Radar,76,47,104,4,231,0,1,132,0,133,76,48,236,4,364,128,0,128,492
01/25/2023,SRQ,FL,ASO,ES,Towers with Radar,82,32,71,3,188,0,0,64,1,65,82,32,135,4,253,32,10,42,295
01/26/2023,SRQ,FL,ASO,ES,Towers with Radar,102,47,123,2,274,0,2,104,0,106,102,49,227,2,380,86,0,86,466
01/27/2023,SRQ,FL,ASO,ES,Towers with Radar,96,46,114,3,259,0,4,127,5,136,96,50,241,8,395,116,0,116,511
01/28/2023,SRQ,FL,ASO,ES,Towers with Radar,115,38,95,0,248,0,1,84,0,85,115,39,179,0,333,82,0,82,415
01/29/2023,SRQ,FL,ASO,ES,Towers with Radar,107,42,105,0,254,0,0,90,2,92,107,42,195,2,346,46,0,46,392
01/30/2023,SRQ,FL,ASO,ES,Towers with Radar,95,57,78,16,246,0,1,126,1,128,95,58,204,17,374,100,0,100,474
01/31/2023,SRQ,FL,ASO,ES,Towers with Radar,73,41,94,12,220,1,2,135,8,146,74,43,229,20,366,119,0,119,485
02/01/2023,SRQ,FL,ASO,ES,Towers with Radar,84,53,109,11,257,0,2,108,1,111,84,55,217,12,368,84,0,84,452
02/02/2023,SRQ,FL,ASO,ES,Towers with Radar,103,42,101,4,250,0,7,160,0,167,103,49,261,4,417,111,0,111,528
02/03/2023,SRQ,FL,ASO,ES,Towers with Radar,100,37,115,5,257,0,0,23,0,23,100,37,138,5,280,16,0,16,296
02/04/2023,SRQ,FL,ASO,ES,Towers with Radar,110,36,74,1,221,0,0,98,1,99,110,36,172,2,320,79,0,79,399
02/05/2023,SRQ,FL,ASO,ES,Towers with Radar,118,41,101,0,260,0,2,113,0,115,118,43,214,0,375,68,0,68,443
02/06/2023,SRQ,FL,ASO,ES,Towers with Radar,99,42,89,0,230,0,1,128,0,129,99,43,217,0,359,131,0,131,490
02/07/2023,SRQ,FL,ASO,ES,Towers with Radar,82,58,83,2,225,0,2,151,6,159,82,60,234,8,384,61,0,61,445
02/08/2023,SRQ,FL,ASO,ES,Towers with Radar,94,48,104,0,246,0,5,161,2,168,94,53,265,2,414,105,0,105,519
02/09/2023,SRQ,FL,ASO,ES,Towers with Radar,107,50,103,2,262,0,0,115,4,119,107,50,218,6,381,79,0,79,460
02/10/2023,SRQ,FL,ASO,ES,Towers with Radar,103,50,99,4,256,0,0,94,3,97,103,50,193,7,353,96,0,96,449
02/11/2023,SRQ,FL,ASO,ES,Towers with Radar,111,46,58,0,215,1,0,49,0,50,112,46,107,0,265,27,0,27,292
02/12/2023,SRQ,FL,ASO,ES,Towers with Radar,118,48,57,2,225,0,0,21,0,21,118,48,78,2,246,14,0,14,260
02/13/2023,SRQ,FL,ASO,ES,Towers with Radar,107,36,105,0,248,0,3,171,1,175,107,39,276,1,423,62,0,62,485
02/14/2023,SRQ,FL,ASO,ES,Towers with Radar,85,61,94,0,240,0,4,147,0,151,85,65,241,0,391,149,0,149,540
02/15/2023,SRQ,FL,ASO,ES,Towers with Radar,95,57,120,0,272,0,1,156,0,157,95,58,276,0,429,117,0,117,546
02/16/2023,SRQ,FL,ASO,ES,Towers with Radar,118,63,120,10,311,0,4,145,15,164,118,67,265,25,475,104,12,116,591
02/17/2023,SRQ,FL,ASO,ES,Towers with Radar,117,49,123,2,291,0,0,117,0,117,117,49,240,2,408,75,0,75,483
02/18/2023,SRQ,FL,ASO,ES,Towers with Radar,122,56,98,0,276,0,0,178,0,178,122,56,276,0,454,32,0,32,486
02/19/2023,SRQ,FL,ASO,ES,Towers with Radar,123,47,110,1,281,0,0,73,4,77,123,47,183,5,358,99,4,103,461
02/20/2023,SRQ,FL,ASO,ES,Towers with Radar,118,43,116,0,277,0,0,103,0,103,118,43,219,0,380,92,0,92,472
02/21/2023,SRQ,FL,ASO,ES,Towers with Radar,93,55,149,2,299,0,0,95,0,95,93,55,244,2,394,80,2,82,476
02/22/2023,SRQ,FL,ASO,ES,Towers with Radar,91,64,116,9,280,0,4,125,1,130,91,68,241,10,410,47,8,55,465
02/23/2023,SRQ,FL,ASO,ES,Towers with Radar,110,68,94,1,273,0,4,164,6,174,110,72,258,7,447,121,0,121,568
02/24/2023,SRQ,FL,ASO,ES,Towers with Radar,117,59,117,0,293,0,2,164,9,175,117,61,281,9,468,80,0,80,548
02/25/2023,SRQ,FL,ASO,ES,Towers with Radar,118,36,87,2,243,0,3,128,23,154,118,39,215,25,397,73,0,73,470
02/26/2023,SRQ,FL,ASO,ES,Towers with Radar,121,63,83,0,267,0,0,147,23,170,121,63,230,23,437,52,0,52,489
02/27/2023,SRQ,FL,ASO,ES,Towers with Radar,117,47,78,1,243,0,7,107,2,116,117,54,185,3,359,76,0,76,435
02/28/2023,SRQ,FL,ASO,ES,Towers with Radar,86,44,110,5,245,0,3,144,3,150,86,47,254,8,395,64,0,64,459
03/01/2023,SRQ,FL,ASO,ES,Towers with Radar,97,47,93,0,237,0,2,111,0,113,97,49,204,0,350,146,0,146,496
03/02/2023,SRQ,FL,ASO,ES,Towers with Radar,112,42,112,19,285,0,2,149,2,153,112,44,261,21,438,110,0,110,548
03/03/2023,SRQ,FL,ASO,ES,Towers with Radar,113,53,74,11,251,0,5,53,1,59,113,58,127,12,310,67,0,67,377
03/04/2023,SRQ,FL,ASO,ES,Towers with Radar,114,49,79,6,248,0,4,112,0,116,114,53,191,6,364,63,0,63,427
03/05/2023,SRQ,FL,ASO,ES,Towers with Radar,118,54,118,12,302,0,0,104,0,104,118,54,222,12,406,91,0,91,497
03/06/2023,SRQ,FL,ASO,ES,Towers with Radar,114,50,121,0,285,0,2,109,0,111,114,52,230,0,396,88,0,88,484
03/07/2023,SRQ,FL,ASO,ES,Towers with Radar,85,38,92,6,221,0,2,126,2,130,85,40,218,8,351,66,0,66,417
03/08/2023,SRQ,FL,ASO,ES,Towers with Radar,97,57,100,0,254,0,1,106,0,107,97,58,206,0,361,152,0,152,513
03/09/2023,SRQ,FL,ASO,ES,Towers with Radar,121,60,104,0,285,0,2,159,2,163,121,62,263,2,448,93,0,93,541
03/10/2023,SRQ,FL,ASO,ES,Towers with Radar,126,49,91,6,272,0,2,126,1,129,126,51,217,7,401,89,0,89,490
03/11/2023,SRQ,FL,ASO,ES,Towers with Radar,145,63,99,0,307,0,2,137,0,139,145,65,236,0,446,43,0,43,489
03/12/2023,SRQ,FL,ASO,ES,Towers with Radar,126,55,104,0,285,1,2,104,0,107,127,57,208,0,392,132,0,132,524
03/13/2023,SRQ,FL,ASO,ES,Towers with Radar,125,47,95,0,267,0,0,9,2,11,125,47,104,2,278,38,0,38,316
03/14/2023,SRQ,FL,ASO,ES,Towers with Radar,97,47,97,0,241,0,0,135,6,141,97,47,232,6,382,110,0,110,492
03/15/2023,SRQ,FL,ASO,ES,Towers with Radar,110,46,77,0,233,0,3,85,6,94,110,49,162,6,327,172,0,172,499
03/16/2023,SRQ,FL,ASO,ES,Towers with Radar,124,57,105,1,287,0,3,156,4,163,124,60,261,5,450,76,0,76,526
03/17/2023,SRQ,FL,ASO,ES,Towers with Radar,126,59,94,0,279,0,2,116,0,118,126,61,210,0,397,89,0,89,486
03/18/2023,SRQ,FL,ASO,ES,Towers with Radar,147,55,92,0,294,0,0,110,0,110,147,55,202,0,404,37,0,37,441
03/19/2023,SRQ,FL,ASO,ES,Towers with Radar,134,65,120,0,319,0,0,64,0,64,134,65,184,0,383,56,0,56,439
03/20/2023,SRQ,FL,ASO,ES,Towers with Radar,127,43,84,4,258,0,0,111,0,111,127,43,195,4,369,108,0,108,477
03/21/2023,SRQ,FL,ASO,ES,Towers with Radar,102,31,84,2,219,0,0,153,8,161,102,31,237,10,380,110,8,118,498
03/22/2023,SRQ,FL,ASO,ES,Towers with Radar,113,39,82,0,234,0,0,149,0,149,113,39,231,0,383,213,0,213,596
03/23/2023,SRQ,FL,ASO,ES,Towers with Radar,126,36,117,9,288,0,1,204,4,209,126,37,321,13,497,164,0,164,661
03/24/2023,SRQ,FL,ASO,ES,Towers with Radar,127,49,126,0,302,0,1,141,4,146,127,50,267,4,448,74,0,74,522
03/25/2023,SRQ,FL,ASO,ES,Towers with Radar,144,54,125,0,323,0,0,78,0,78,144,54,203,0,401,38,0,38,439
03/26/2023,SRQ,FL,ASO,ES,Towers with Radar,133,59,133,0,325,0,0,98,0,98,133,59,231,0,423,49,0,49,472
03/27/2023,SRQ,FL,ASO,ES,Towers with Radar,127,49,82,16,274,0,1,120,3,124,127,50,202,19,398,80,5,85,483
03/28/2023,SRQ,FL,ASO,ES,Towers with Radar,102,36,88,2,228,0,5,103,1,109,102,41,191,3,337,116,0,116,453
03/29/2023,SRQ,FL,ASO,ES,Towers with Radar,111,45,99,1,256,0,4,102,6,112,111,49,201,7,368,175,0,175,543
03/30/2023,SRQ,FL,ASO,ES,Towers with Radar,127,54,85,2,268,0,0,137,2,139,127,54,222,4,407,153,0,153,560
03/31/2023,SRQ,FL,ASO,ES,Towers with Radar,122,64,111,4,301,0,2,107,3,112,122,66,218,7,413,103,0,103,516
04/01/2023,SRQ,FL,ASO,ES,Towers with Radar,138,56,99,0,293,0,0,94,0,94,138,56,193,0,387,72,0,72,459
04/02/2023,SRQ,FL,ASO,ES,Towers with Radar,136,50,138,2,326,0,1,65,0,66,136,51,203,2,392,10,0,10,402
04/03/2023,SRQ,FL,ASO,ES,Towers with Radar,124,57,87,5,273,0,5,92,2,99,124,62,179,7,372,135,5,140,512
04/04/2023,SRQ,FL,ASO,ES,Towers with Radar,101,45,109,4,259,0,0,130,0,130,101,45,239,4,389,73,0,73,462
04/05/2023,SRQ,FL,ASO,ES,Towers with Radar,106,35,97,2,240,0,0,152,0,152,106,35,249,2,392,203,0,203,595
04/06/2023,SRQ,FL,ASO,ES,Towers with Radar,122,85,103,0,310,0,0,141,6,147,122,85,244,6,457,52,0,52,509
04/07/2023,SRQ,FL,ASO,ES,Towers with Radar,122,60,98,0,280,0,0,147,0,147,122,60,245,0,427,122,0,122,549
04/08/2023,SRQ,FL,ASO,ES,Towers with Radar,150,61,86,1,298,0,4,150,2,156,150,65,236,3,454,93,0,93,547
04/09/2023,SRQ,FL,ASO,ES,Towers with Radar,137,44,51,0,232,0,0,26,0,26,137,44,77,0,258,34,0,34,292
04/10/2023,SRQ,FL,ASO,ES,Towers with Radar,122,65,124,3,314,0,0,64,2,66,122,65,188,5,380,74,0,74,454
04/11/2023,SRQ,FL,ASO,ES,Towers with Radar,88,49,86,2,225,0,0,89,4,93,88,49,175,6,318,23,0,23,341
04/12/2023,SRQ,FL,ASO,ES,Towers with Radar,96,41,86,0,223,0,0,15,0,15,96,41,101,0,238,30,0,30,268
04/13/2023,SRQ,FL,ASO,ES,Towers with Radar,114,57,115,0,286,0,2,106,0,108,114,59,221,0,394,120,0,120,514
04/14/2023,SRQ,FL,ASO,ES,Towers with Radar,116,48,125,4,293,0,0,126,4,130,116,48,251,8,423,61,0,61,484
04/15/2023,SRQ,FL,ASO,ES,Towers with Radar,105,42,98,0,245,0,2,105,1,108,105,44,203,1,353,16,0,16,369
04/16/2023,SRQ,FL,ASO,ES,Towers with Radar,119,43,102,0,264,0,0,112,1,113,119,43,214,1,377,102,0,102,479
04/17/2023,SRQ,FL,ASO,ES,Towers with Radar,109,51,97,0,257,0,2,59,4,65,109,53,156,4,322,87,6,93,415
04/18/2023,SRQ,FL,ASO,ES,Towers with Radar,82,52,94,0,228,0,3,134,6,143,82,55,228,6,371,180,0,180,551
04/19/2023,SRQ,FL,ASO,ES,Towers with Radar,87,35,96,2,220,0,4,151,6,161,87,39,247,8,381,159,0,159,540
04/20/2023,SRQ,FL,ASO,ES,Towers with Radar,109,47,87,2,245,0,4,138,15,157,109,51,225,17,402,106,7,113,515
04/21/2023,SRQ,FL,ASO,ES,Towers with Radar,106,60,115,28,309,0,1,162,1,164,106,61,277,29,473,164,0,164,637
04/22/2023,SRQ,FL,ASO,ES,Towers with Radar,101,44,78,0,223,0,2,131,0,133,101,46,209,0,356,119,0,119,475
04/23/2023,SRQ,FL,ASO,ES,Towers with Radar,120,53,84,3,260,0,0,97,1,98,120,53,181,4,358,95,0,95,453
04/24/2023,SRQ,FL,ASO,ES,Towers with Radar,105,40,91,2,238,0,1,75,0,76,105,41,166,2,314,120,2,122,436
04/25/2023,SRQ,FL,ASO,ES,Towers with Radar,83,38,105,2,228,0,7,117,0,124,83,45,222,2,352,139,0,139,491
04/26/2023,SRQ,FL,ASO,ES,Towers with Radar,85,51,106,2,244,0,1,109,0,110,85,52,215,2,354,140,0,140,494
04/27/2023,SRQ,FL,ASO,ES,Towers with Radar,96,46,83,2,227,0,3,159,5,167,96,49,242,7,394,115,0,115,509
04/28/2023,SRQ,FL,ASO,ES,Towers with Radar,106,46,82,3,237,0,0,56,0,56,106,46,138,3,293,43,0,43,336
04/29/2023,SRQ,FL,ASO,ES,Towers with Radar,101,27,63,0,191,0,0,32,0,32,101,27,95,0,223,130,0,130,353
04/30/2023,SRQ,FL,ASO,ES,Towers with Radar,120,63,62,1,246,0,0,4,8,12,120,63,66,9,258,0,0,0,258
05/01/2023,SRQ,FL,ASO,ES,Towers with Radar,105,59,107,0,271,0,1,128,0,129,105,60,235,0,400,91,0,91,491
05/02/2023,SRQ,FL,ASO,ES,Towers with Radar,75,46,112,2,235,0,1,132,2,135,75,47,244,4,370,80,0,80,450
05/03/2023,SRQ,FL,ASO,ES,Towers with Radar,85,54,113,4,256,0,2,150,5,157,85,56,263,9,413,131,0,131,544
05/04/2023,SRQ,FL,ASO,ES,Towers with Radar,107,45,103,0,255,0,2,121,3,126,107,47,224,3,381,182,0,182,563
05/05/2023,SRQ,FL,ASO,ES,Towers with Radar,90,45,119,0,254,0,1,108,1,110,90,46,227,1,364,70,0,70,434
05/06/2023,SRQ,FL,ASO,ES,Towers with Radar,86,25,79,9,199,0,0,93,1,94,86,25,172,10,293,58,16,74,367
05/07/2023,SRQ,FL,ASO,ES,Towers with Radar,104,35,84,4,227,0,0,96,0,96,104,35,180,4,323,104,0,104,427
05/08/2023,SRQ,FL,ASO,ES,Towers with Radar,89,64,82,10,245,0,7,124,4,135,89,71,206,14,380,16,0,16,396
05/09/2023,SRQ,FL,ASO,ES,Towers with Radar,61,55,76,8,200,0,6,140,2,148,61,61,216,10,348,59,22,81,429
05/10/2023,SRQ,FL,ASO,ES,Towers with Radar,68,42,67,2,179,0,0,118,0,118,68,42,185,2,297,79,0,79,376
05/11/2023,SRQ,FL,ASO,ES,Towers with Radar,92,40,99,3,234,0,4,131,4,139,92,44,230,7,373,139,2,141,514
05/12/2023,SRQ,FL,ASO,ES,Towers with Radar,85,46,77,2,210,0,3,131,2,136,85,49,208,4,346,117,0,117,463
05/13/2023,SRQ,FL,ASO,ES,Towers with Radar,85,42,62,0,189,0,0,117,3,120,85,42,179,3,309,51,6,57,366
05/14/2023,SRQ,FL,ASO,ES,Towers with Radar,94,28,62,0,184,0,0,90,1,91,94,28,152,1,275,71,0,71,346
05/15/2023,SRQ,FL,ASO,ES,Towers with Radar,89,70,107,4,270,0,1,114,0,115,89,71,221,4,385,113,0,113,498
05/16/2023,SRQ,FL,ASO,ES,Towers with Radar,63,44,87,1,195,0,3,133,3,139,63,47,220,4,334,109,6,115,449
05/17/2023,SRQ,FL,ASO,ES,Towers with Radar,65,44,100,8,217,0,0,119,9,128,65,44,219,17,345,164,6,170,515
05/18/2023,SRQ,FL,ASO,ES,Towers with Radar,92,43,105,4,244,0,0,123,3,126,92,43,228,7,370,165,0,165,535
05/19/2023,SRQ,FL,ASO,ES,Towers with Radar,77,51,80,3,211,0,1,123,1,125,77,52,203,4,336,109,0,109,445
05/20/2023,SRQ,FL,ASO,ES,Towers with Radar,81,44,59,5,189,0,0,135,0,135,81,44,194,5,324,24,0,24,348
05/21/2023,SRQ,FL,ASO,ES,Towers with Radar,108,34,83,7,232,0,4,72,0,76,108,38,155,7,308,105,0,105,413
05/22/2023,SRQ,FL,ASO,ES,Towers with Radar,79,61,95,5,240,0,0,107,3,110,79,61,202,8,350,104,0,104,454
05/23/2023,SRQ,FL,ASO,ES,Towers with Radar,65,30,95,6,196,0,2,88,4,94,65,32,183,10,290,180,10,190,480
05/24/2023,SRQ,FL,ASO,ES,Towers with Radar,76,54,78,0,208,0,0,75,0,75,76,54,153,0,283,83,0,83,366
05/25/2023,SRQ,FL,ASO,ES,Towers with Radar,87,48,84,0,219,0,2,35,0,37,87,50,119,0,256,120,0,120,376
05/26/2023,SRQ,FL,ASO,ES,Towers with Radar,77,34,78,1,190,0,0,88,1,89,77,34,166,2,279,113,0,113,392
05/27/2023,SRQ,FL,ASO,ES,Towers with Radar,85,37,58,0,180,0,1,130,0,131,85,38,188,0,311,78,0,78,389
05/28/2023,SRQ,FL,ASO,ES,Towers with Radar,99,23,57,1,180,0,0,77,1,78,99,23,134,2,258,119,0,119,377
05/29/2023,SRQ,FL,ASO,ES,Towers with Radar,82,36,75,0,193,0,4,93,0,97,82,40,168,0,290,97,0,97,387
05/30/2023,SRQ,FL,ASO,ES,Towers with Radar,66,33,95,0,194,0,2,129,0,131,66,35,224,0,325,164,0,164,489
05/31/2023,SRQ,FL,ASO,ES,Towers with Radar,71,26,57,0,154,0,0,50,0,50,71,26,107,0,204,134,0,134,338
06/01/2023,SRQ,FL,ASO,ES,Towers with Radar,89,36,96,1,222,0,4,64,0,68,89,40,160,1,290,184,0,184,474
06/02/2023,SRQ,FL,ASO,ES,Towers with Radar,76,32,47,0,155,0,0,70,0,70,76,32,117,0,225,133,0,133,358
06/03/2023,SRQ,FL,ASO,ES,Towers with Radar,82,34,61,0,177,0,0,85,2,87,82,34,146,2,264,96,0,96,360
06/04/2023,SRQ,FL,ASO,ES,Towers with Radar,90,27,59,2,178,0,0,53,0,53,90,27,112,2,231,22,2,24,255
06/05/2023,SRQ,FL,ASO,ES,Towers with Radar,74,38,84,8,204,0,2,84,1,87,74,40,168,9,291,142,4,146,437
06/06/2023,SRQ,FL,ASO,ES,Towers with Radar,51,42,108,6,207,0,0,153,4,157,51,42,261,10,364,96,0,96,460
06/07/2023,SRQ,FL,ASO,ES,Towers with Radar,57,30,79,4,170,0,2,118,0,120,57,32,197,4,290,201,0,201,491
06/08/2023,SRQ,FL,ASO,ES,Towers with Radar,85,40,82,5,212,0,0,126,0,126,85,40,208,5,338,190,0,190,528
06/09/2023,SRQ,FL,ASO,ES,Towers with Radar,71,29,73,22,195,0,5,124,17,146,71,34,197,39,341,126,18,144,485
06/10/2023,SRQ,FL,ASO,ES,Towers with Radar,90,48,72,2,212,0,4,161,0,165,90,52,233,2,377,98,12,110,487
06/11/2023,SRQ,FL,ASO,ES,Towers with Radar,92,42,85,1,220,0,4,105,1,110,92,46,190,2,330,60,0,60,390
06/12/2023,SRQ,FL,ASO,ES,Towers with Radar,73,34,79,3,189,0,3,104,4,111,73,37,183,7,300,195,0,195,495
06/13/2023,SRQ,FL,ASO,ES,Towers with Radar,52,42,80,13,187,0,4,127,5,136,52,46,207,18,323,182,2,184,507
06/14/2023,SRQ,FL,ASO,ES,Towers with Radar,57,45,97,2,201,0,0,96,5,101,57,45,193,7,302,159,0,159,461
06/15/2023,SRQ,FL,ASO,ES,Towers with Radar,73,31,65,0,169,0,4,106,0,110,73,35,171,0,279,129,0,129,408
06/16/2023,SRQ,FL,ASO,ES,Towers with Radar,71,53,79,0,203,0,0,65,0,65,71,53,144,0,268,124,0,124,392
06/17/2023,SRQ,FL,ASO,ES,Towers with Radar,84,21,70,0,175,0,0,57,10,67,84,21,127,10,242,110,0,110,352
06/18/2023,SRQ,FL,ASO,ES,Towers with Radar,88,36,42,0,166,0,0,24,0,24,88,36,66,0,190,26,0,26,216
06/19/2023,SRQ,FL,ASO,ES,Towers with Radar,87,30,85,0,202,0,8,142,0,150,87,38,227,0,352,136,0,136,488
06/20/2023,SRQ,FL,ASO,ES,Towers with Radar,50,32,83,0,165,0,2,71,2,75,50,34,154,2,240,120,0,120,360
06/21/2023,SRQ,FL,ASO,ES,Towers with Radar,65,21,51,1,138,0,4,32,0,36,65,25,83,1,174,96,0,96,270
06/22/2023,SRQ,FL,ASO,ES,Towers with Radar,82,46,88,7,223,0,4,121,4,129,82,50,209,11,352,176,0,176,528
06/23/2023,SRQ,FL,ASO,ES,Towers with Radar,68,31,89,0,188,0,0,113,6,119,68,31,202,6,307,237,4,241,548
06/24/2023,SRQ,FL,ASO,ES,Towers with Radar,83,37,73,0,193,0,4,111,0,115,83,41,184,0,308,162,0,162,470
06/25/2023,SRQ,FL,ASO,ES,Towers with Radar,88,42,81,0,211,0,0,101,0,101,88,42,182,0,312,144,0,144,456
06/26/2023,SRQ,FL,ASO,ES,Towers with Radar,63,37,83,1,184,1,2,109,1,113,64,39,192,2,297,0,0,0,297
06/27/2023,SRQ,FL,ASO,ES,Towers with Radar,47,38,77,0,162,0,6,128,0,134,47,44,205,0,296,164,0,164,460
06/28/2023,SRQ,FL,ASO,ES,Towers with Radar,60,42,72,5,179,1,2,102,1,106,61,44,174,6,285,148,0,148,433
06/29/2023,SRQ,FL,ASO,ES,Towers with Radar,81,19,79,8,187,0,5,88,0,93,81,24,167,8,280,143,0,143,423
06/30/2023,SRQ,FL,ASO,ES,Towers with Radar,72,32,81,4,189,0,4,137,4,145,72,36,218,8,334,161,0,161,495
07/01/2023,SRQ,FL,ASO,ES,Towers with Radar,83,35,83,1,202,0,3,152,4,159,83,38,235,5,361,171,0,171,532
07/02/2023,SRQ,FL,ASO,ES,Towers with Radar,87,13,55,0,155,0,3,118,0,121,87,16,173,0,276,161,0,161,437
07/03/2023,SRQ,FL,ASO,ES,Towers with Radar,65,21,67,7,160,0,0,99,1,100,65,21,166,8,260,245,2,247,507
07/04/2023,SRQ,FL,ASO,ES,Towers with Radar,44,23,39,0,106,0,0,107,0,107,44,23,146,0,213,89,0,89,302
07/05/2023,SRQ,FL,ASO,ES,Towers with Radar,61,17,87,5,170,0,2,76,1,79,61,19,163,6,249,159,0,159,408
07/06/2023,SRQ,FL,ASO,ES,Towers with Radar,81,26,82,0,189,0,0,116,2,118,81,26,198,2,307,133,0,133,440
07/07/2023,SRQ,FL,ASO,ES,Towers with Radar,69,29,77,3,178,0,4,76,3,83,69,33,153,6,261,201,0,201,462
07/08/2023,SRQ,FL,ASO,ES,Towers with Radar,84,19,51,12,166,0,0,107,2,109,84,19,158,14,275,118,0,118,393
07/09/2023,SRQ,FL,ASO,ES,Towers with Radar,87,30,80,2,199,0,0,87,4,91,87,30,167,6,290,123,3,126,416
07/10/2023,SRQ,FL,ASO,ES,Towers with Radar,67,17,61,0,145,0,6,91,1,98,67,23,152,1,243,176,1,177,420
07/11/2023,SRQ,FL,ASO,ES,Towers with Radar,51,16,65,0,132,0,4,117,0,121,51,20,182,0,253,204,0,204,457
07/12/2023,SRQ,FL,ASO,ES,Towers with Radar,64,34,87,0,185,0,2,97,2,101,64,36,184,2,286,127,0,127,413
07/13/2023,SRQ,FL,ASO,ES,Towers with Radar,84,40,88,2,214,0,4,133,0,137,84,44,221,2,351,137,0,137,488
07/14/2023,SRQ,FL,ASO,ES,Towers with Radar,67,19,74,2,162,0,10,131,3,144,67,29,205,5,306,166,0,166,472
07/15/2023,SRQ,FL,ASO,ES,Towers with Radar,88,25,52,0,165,0,1,81,0,82,88,26,133,0,247,158,0,158,405
07/16/2023,SRQ,FL,ASO,ES,Towers with Radar,101,30,59,6,196,0,1,97,0,98,101,31,156,6,294,138,0,138,432
07/17/2023,SRQ,FL,ASO,ES,Towers with Radar,71,31,80,7,189,0,0,91,3,94,71,31,171,10,283,115,0,115,398
07/18/2023,SRQ,FL,ASO,ES,Towers with Radar,51,17,68,2,138,0,0,63,0,63,51,17,131,2,201,170,0,170,371
07/19/2023,SRQ,FL,ASO,ES,Towers with Radar,75,32,65,2,174,0,2,106,2,110,75,34,171,4,284,59,0,59,343
07/20/2023,SRQ,FL,ASO,ES,Towers with Radar,84,17,73,0,174,0,4,128,0,132,84,21,201,0,306,225,0,225,531
07/21/2023,SRQ,FL,ASO,ES,Towers with Radar,69,35,86,0,190,0,0,134,0,134,69,35,220,0,324,164,0,164,488
07/22/2023,SRQ,FL,ASO,ES,Towers with Radar,88,29,79,0,196,0,0,95,0,95,88,29,174,0,291,77,0,77,368
07/23/2023,SRQ,FL,ASO,ES,Towers with Radar,94,32,71,4,201,0,0,75,2,77,94,32,146,6,278,79,0,79,357
07/24/2023,SRQ,FL,ASO,ES,Towers with Radar,75,31,71,0,177,0,0,84,2,86,75,31,155,2,263,169,0,169,432
07/25/2023,SRQ,FL,ASO,ES,Towers with Radar,53,38,54,4,149,0,7,93,2,102,53,45,147,6,251,200,0,200,451
07/26/2023,SRQ,FL,ASO,ES,Towers with Radar,66,25,77,0,168,0,0,116,2,118,66,25,193,2,286,112,0,112,398
07/27/2023,SRQ,FL,ASO,ES,Towers with Radar,85,40,77,2,204,0,2,110,4,116,85,42,187,6,320,217,0,217,537
07/28/2023,SRQ,FL,ASO,ES,Towers with Radar,71,34,71,0,176,0,0,115,0,115,71,34,186,0,291,94,0,94,385
07/29/2023,SRQ,FL,ASO,ES,Towers with Radar,82,25,60,0,167,0,2,102,0,104,82,27,162,0,271,46,0,46,317
07/30/2023,SRQ,FL,ASO,ES,Towers with Radar,93,20,74,0,187,0,2,93,0,95,93,22,167,0,282,114,0,114,396
07/31/2023,SRQ,FL,ASO,ES,Towers with Radar,77,25,42,2,146,0,5,69,2,76,77,30,111,4,222,257,0,257,479
08/01/2023,SRQ,FL,ASO,ES,Towers with Radar,48,32,51,0,131,0,1,101,0,102,48,33,152,0,233,243,0,243,476
08/02/2023,SRQ,FL,ASO,ES,Towers with Radar,66,31,58,1,156,0,2,106,3,111,66,33,164,4,267,224,0,224,491
08/03/2023,SRQ,FL,ASO,ES,Towers with Radar,87,25,72,0,184,0,0,104,3,107,87,25,176,3,291,214,0,214,505
08/04/2023,SRQ,FL,ASO,ES,Towers with Radar,66,44,94,0,204,0,4,108,1,113,66,48,202,1,317,180,0,180,497
08/05/2023,SRQ,FL,ASO,ES,Towers with Radar,81,28,79,2,190,0,2,86,1,89,81,30,165,3,279,214,0,214,493
08/06/2023,SRQ,FL,ASO,ES,Towers with Radar,82,39,36,0,157,0,0,71,0,71,82,39,107,0,228,103,0,103,331
08/07/2023,SRQ,FL,ASO,ES,Towers with Radar,59,30,82,0,171,0,2,131,0,133,59,32,213,0,304,118,0,118,422
08/08/2023,SRQ,FL,ASO,ES,Towers with Radar,55,26,72,2,155,0,2,121,4,127,55,28,193,6,282,233,0,233,515
08/09/2023,SRQ,FL,ASO,ES,Towers with Radar,65,22,48,0,135,0,2,115,6,123,65,24,163,6,258,208,0,208,466
08/10/2023,SRQ,FL,ASO,ES,Towers with Radar,85,28,79,0,192,0,2,123,2,127,85,30,202,2,319,197,0,197,516
08/11/2023,SRQ,FL,ASO,ES,Towers with Radar,62,42,65,0,169,0,5,121,0,126,62,47,186,0,295,0,0,0,295
08/12/2023,SRQ,FL,ASO,ES,Towers with Radar,82,18,56,0,156,0,3,122,0,125,82,21,178,0,281,0,0,0,281
08/13/2023,SRQ,FL,ASO,ES,Towers with Radar,92,28,54,0,174,0,0,69,0,69,92,28,123,0,243,128,0,128,371
08/14/2023,SRQ,FL,ASO,ES,Towers with Radar,60,23,52,0,135,1,3,49,2,55,61,26,101,2,190,82,0,82,272
08/15/2023,SRQ,FL,ASO,ES,Towers with Radar,54,31,88,0,173,0,0,152,4,156,54,31,240,4,329,183,0,183,512
08/16/2023,SRQ,FL,ASO,ES,Towers with Radar,58,42,56,0,156,0,4,93,0,97,58,46,149,0,253,205,0,205,458
08/17/2023,SRQ,FL,ASO,ES,Towers with Radar,80,12,56,0,148,0,0,45,0,45,80,12,101,0,193,150,0,150,343
08/18/2023,SRQ,FL,ASO,ES,Towers with Radar,58,30,53,0,141,0,0,49,0,49,58,30,102,0,190,214,0,214,404
08/19/2023,SRQ,FL,ASO,ES,Towers with Radar,69,23,45,0,137,0,2,126,2,130,69,25,171,2,267,107,0,107,374
08/20/2023,SRQ,FL,ASO,ES,Towers with Radar,78,25,49,0,152,0,0,58,2,60,78,25,107,2,212,120,0,120,332
08/21/2023,SRQ,FL,ASO,ES,Towers with Radar,62,16,69,0,147,0,0,90,0,90,62,16,159,0,237,94,0,94,331
08/22/2023,SRQ,FL,ASO,ES,Towers with Radar,48,21,88,4,161,0,2,109,2,113,48,23,197,6,274,239,0,239,513
08/23/2023,SRQ,FL,ASO,ES,Towers with Radar,58,18,70,2,148,0,5,138,1,144,58,23,208,3,292,128,0,128,420
08/24/2023,SRQ,FL,ASO,ES,Towers with Radar,77,31,61,2,171,0,6,95,0,101,77,37,156,2,272,139,0,139,411
08/25/2023,SRQ,FL,ASO,ES,Towers with Radar,56,30,71,6,163,0,0,132,0,132,56,30,203,6,295,152,0,152,447
08/26/2023,SRQ,FL,ASO,ES,Towers with Radar,69,24,51,0,144,0,0,105,4,109,69,24,156,4,253,208,0,208,461
08/27/2023,SRQ,FL,ASO,ES,Towers with Radar,75,25,43,0,143,0,0,65,4,69,75,25,108,4,212,126,0,126,338
08/28/2023,SRQ,FL,ASO,ES,Towers with Radar,61,26,78,0,165,0,0,55,0,55,61,26,133,0,220,46,0,46,266
08/29/2023,SRQ,FL,ASO,ES,Towers with Radar,36,21,23,0,80,0,0,6,0,6,36,21,29,0,86,26,0,26,112
08/30/2023,SRQ,FL,ASO,ES,Towers with Radar,15,0,14,0,29,0,0,0,0,0,15,0,14,0,29,0,0,0,29
08/31/2023,SRQ,FL,ASO,ES,Towers with Radar,77,15,61,0,153,0,0,38,0,38,77,15,99,0,191,139,0,139,330
