01/01/2020,SSF,TX,ASW,CE,Federal Contract Tower,0,0,2,0,2,0,3,50,0,53,0,3,52,0,55,111,0,111,166
01/02/2020,SSF,TX,ASW,CE,Federal Contract Tower,0,0,2,0,2,0,14,104,0,118,0,14,106,0,120,246,0,246,366
01/03/2020,SSF,TX,ASW,CE,Federal Contract Tower,0,0,6,2,8,0,12,123,0,135,0,12,129,2,143,308,2,310,453
01/04/2020,SSF,TX,ASW,CE,Federal Contract Tower,0,0,2,0,2,0,34,124,28,186,0,34,126,28,188,294,14,308,496
01/05/2020,SSF,TX,ASW,CE,Federal Contract Tower,0,0,6,0,6,0,13,85,0,98,0,13,91,0,104,218,0,218,322
01/06/2020,SSF,TX,ASW,CE,Federal Contract Tower,0,0,7,10,17,0,3,107,0,110,0,3,114,10,127,88,8,96,223
01/07/2020,SSF,TX,ASW,CE,Federal Contract Tower,0,0,6,26,32,0,4,154,0,158,0,4,160,26,190,344,20,364,554
01/08/2020,SSF,TX,ASW,CE,Federal Contract Tower,0,0,7,22,29,0,22,160,14,196,0,22,167,36,225,178,22,200,425
01/09/2020,SSF,TX,ASW,CE,Federal Contract Tower,0,2,15,26,43,0,19,64,1,84,0,21,79,27,127,218,24,242,369
01/10/2020,SSF,TX,ASW,CE,Federal Contract Tower,0,0,6,6,12,0,14,37,3,54,0,14,43,9,66,126,18,144,210
01/11/2020,SSF,TX,ASW,CE,Federal Contract Tower,0,0,4,0,4,0,7,96,0,103,0,7,100,0,107,228,0,228,335
01/12/2020,SSF,TX,ASW,CE,Federal Contract Tower,0,2,4,2,8,0,0,40,0,40,0,2,44,2,48,94,2,96,144
01/13/2020,SSF,TX,ASW,CE,Federal Contract Tower,0,0,2,0,2,0,0,0,0,0,0,0,2,0,2,0,0,0,2
01/14/2020,SSF,TX,ASW,CE,Federal Contract Tower,0,0,8,8,16,0,6,42,3,51,0,6,50,11,67,262,30,292,359
01/15/2020,SSF,TX,ASW,CE,Federal Contract Tower,0,3,17,11,31,0,16,65,2,83,0,19,82,13,114,278,8,286,400
01/16/2020,SSF,TX,ASW,CE,Federal Contract Tower,0,0,7,4,11,0,0,10,0,10,0,0,17,4,21,18,0,18,39
01/17/2020,SSF,TX,ASW,CE,Federal Contract Tower,0,18,0,0,18,0,0,28,3,31,0,18,28,3,49,58,6,64,113
01/18/2020,SSF,TX,ASW,CE,Federal Contract Tower,0,0,9,2,11,0,23,47,4,74,0,23,56,6,85,114,2,116,201
01/19/2020,SSF,TX,ASW,CE,Federal Contract Tower,0,0,2,0,2,0,20,100,0,120,0,20,102,0,122,168,0,168,290
01/20/2020,SSF,TX,ASW,CE,Federal Contract Tower,0,0,2,0,2,0,10,116,8,134,0,10,118,8,136,166,0,166,302
01/21/2020,SSF,TX,ASW,CE,Federal Contract Tower,0,0,12,20,32,0,2,128,3,133,0,2,140,23,165,248,58,306,471
01/22/2020,SSF,TX,ASW,CE,Federal Contract Tower,0,0,2,0,2,0,0,4,0,4,0,0,6,0,6,0,0,0,6
01/23/2020,SSF,TX,ASW,CE,Federal Contract Tower,0,2,2,20,24,0,6,146,4,156,0,8,148,24,180,292,18,310,490
01/24/2020,SSF,TX,ASW,CE,Federal Contract Tower,0,0,2,6,8,0,9,161,5,175,0,9,163,11,183,246,14,260,443
01/25/2020,SSF,TX,ASW,CE,Federal Contract Tower,0,0,10,6,16,0,19,90,3,112,0,19,100,9,128,320,4,324,452
01/26/2020,SSF,TX,ASW,CE,Federal Contract Tower,0,0,3,2,5,0,3,99,0,102,0,3,102,2,107,168,2,170,277
01/27/2020,SSF,TX,ASW,CE,Federal Contract Tower,0,0,2,6,8,0,7,135,0,142,0,7,137,6,150,164,4,168,318
01/28/2020,SSF,TX,ASW,CE,Federal Contract Tower,0,0,5,14,19,0,9,69,0,78,0,9,74,14,97,184,14,198,295
01/29/2020,SSF,TX,ASW,CE,Federal Contract Tower,0,0,2,16,18,0,16,136,5,157,0,16,138,21,175,334,34,368,543
01/30/2020,SSF,TX,ASW,CE,Federal Contract Tower,0,0,25,22,47,0,0,71,0,71,0,0,96,22,118,226,14,240,358
01/31/2020,SSF,TX,ASW,CE,Federal Contract Tower,0,3,16,22,41,0,7,118,7,132,0,10,134,29,173,260,52,312,485
02/01/2020,SSF,TX,ASW,CE,Federal Contract Tower,0,0,5,0,5,0,11,146,19,176,0,11,151,19,181,176,0,176,357
02/02/2020,SSF,TX,ASW,CE,Federal Contract Tower,0,0,3,2,5,0,3,71,0,74,0,3,74,2,79,34,2,36,115
02/03/2020,SSF,TX,ASW,CE,Federal Contract Tower,0,0,13,8,21,0,0,101,2,103,0,0,114,10,124,188,6,194,318
02/04/2020,SSF,TX,ASW,CE,Federal Contract Tower,0,0,22,20,42,0,8,115,4,127,0,8,137,24,169,320,50,370,539
02/05/2020,SSF,TX,ASW,CE,Federal Contract Tower,0,0,7,26,33,0,7,56,28,91,0,7,63,54,124,171,16,187,311
02/06/2020,SSF,TX,ASW,CE,Federal Contract Tower,0,0,2,18,20,0,4,142,3,149,0,4,144,21,169,216,18,234,403
02/07/2020,SSF,TX,ASW,CE,Federal Contract Tower,0,0,6,12,18,0,9,155,2,166,0,9,161,14,184,292,12,304,488
02/08/2020,SSF,TX,ASW,CE,Federal Contract Tower,0,0,9,0,9,0,4,18,0,22,0,4,27,0,31,34,0,34,65
02/09/2020,SSF,TX,ASW,CE,Federal Contract Tower,0,1,4,0,5,0,3,7,0,10,0,4,11,0,15,2,0,2,17
02/10/2020,SSF,TX,ASW,CE,Federal Contract Tower,0,0,6,2,8,0,0,10,0,10,0,0,16,2,18,32,2,34,52
02/11/2020,SSF,TX,ASW,CE,Federal Contract Tower,0,0,7,0,7,0,0,2,0,2,0,0,9,0,9,0,0,0,9
02/12/2020,SSF,TX,ASW,CE,Federal Contract Tower,0,6,9,12,27,0,12,113,0,125,0,18,122,12,152,170,20,190,342
02/13/2020,SSF,TX,ASW,CE,Federal Contract Tower,0,3,6,24,33,0,14,132,0,146,0,17,138,24,179,256,16,272,451
02/14/2020,SSF,TX,ASW,CE,Federal Contract Tower,0,0,16,12,28,0,34,125,2,161,0,34,141,14,189,274,12,286,475
02/15/2020,SSF,TX,ASW,CE,Federal Contract Tower,0,0,15,4,19,0,50,122,6,178,0,50,137,10,197,286,0,286,483
02/16/2020,SSF,TX,ASW,CE,Federal Contract Tower,0,0,7,0,7,0,14,59,0,73,0,14,66,0,80,122,0,122,202
02/17/2020,SSF,TX,ASW,CE,Federal Contract Tower,0,1,8,0,9,0,8,68,0,76,0,9,76,0,85,144,0,144,229
02/18/2020,SSF,TX,ASW,CE,Federal Contract Tower,0,1,19,10,30,0,9,54,0,63,0,10,73,10,93,90,10,100,193
02/19/2020,SSF,TX,ASW,CE,Federal Contract Tower,0,1,1,2,4,0,0,8,0,8,0,1,9,2,12,38,0,38,50
02/20/2020,SSF,TX,ASW,CE,Federal Contract Tower,0,4,8,1,13,0,12,26,1,39,0,16,34,2,52,24,0,24,76
02/21/2020,SSF,TX,ASW,CE,Federal Contract Tower,0,0,11,19,30,0,7,157,2,166,0,7,168,21,196,296,8,304,500
02/22/2020,SSF,TX,ASW,CE,Federal Contract Tower,0,0,7,0,7,0,4,136,4,144,0,4,143,4,151,282,0,282,433
02/23/2020,SSF,TX,ASW,CE,Federal Contract Tower,0,0,16,0,16,0,3,33,0,36,0,3,49,0,52,46,0,46,98
02/24/2020,SSF,TX,ASW,CE,Federal Contract Tower,0,0,10,22,32,0,4,109,0,113,0,4,119,22,145,214,14,228,373
02/25/2020,SSF,TX,ASW,CE,Federal Contract Tower,0,0,14,24,38,0,28,136,59,223,0,28,150,83,261,238,44,282,543
02/26/2020,SSF,TX,ASW,CE,Federal Contract Tower,0,0,6,16,22,0,8,115,14,137,0,8,121,30,159,250,8,258,417
02/27/2020,SSF,TX,ASW,CE,Federal Contract Tower,0,0,12,12,24,0,3,118,0,121,0,3,130,12,145,272,12,284,429
02/28/2020,SSF,TX,ASW,CE,Federal Contract Tower,0,2,18,12,32,0,2,175,0,177,0,4,193,12,209,398,4,402,611
02/29/2020,SSF,TX,ASW,CE,Federal Contract Tower,0,0,6,0,6,0,10,160,0,170,0,10,166,0,176,276,0,276,452
03/01/2020,SSF,TX,ASW,CE,Federal Contract Tower,0,0,10,2,12,0,0,90,0,90,0,0,100,2,102,220,2,222,324
03/02/2020,SSF,TX,ASW,CE,Federal Contract Tower,0,0,17,34,51,0,3,80,0,83,0,3,97,34,134,200,22,222,356
03/03/2020,SSF,TX,ASW,CE,Federal Contract Tower,0,1,5,34,40,0,11,83,0,94,0,12,88,34,134,256,28,284,418
03/04/2020,SSF,TX,ASW,CE,Federal Contract Tower,0,0,10,26,36,0,8,93,2,103,0,8,103,28,139,206,20,226,365
03/05/2020,SSF,TX,ASW,CE,Federal Contract Tower,0,0,3,22,25,0,2,137,12,151,0,2,140,34,176,268,18,286,462
03/06/2020,SSF,TX,ASW,CE,Federal Contract Tower,0,0,4,8,12,0,4,126,5,135,0,4,130,13,147,268,4,272,419
03/07/2020,SSF,TX,ASW,CE,Federal Contract Tower,0,0,6,1,7,0,3,134,17,154,0,3,140,18,161,292,0,292,453
03/08/2020,SSF,TX,ASW,CE,Federal Contract Tower,0,0,5,0,5,0,14,46,0,60,0,14,51,0,65,70,0,70,135
03/09/2020,SSF,TX,ASW,CE,Federal Contract Tower,0,0,4,14,18,0,2,67,0,69,0,2,71,14,87,164,10,174,261
03/10/2020,SSF,TX,ASW,CE,Federal Contract Tower,0,0,15,6,21,0,10,86,4,100,0,10,101,10,121,276,18,294,415
03/11/2020,SSF,TX,ASW,CE,Federal Contract Tower,0,0,4,8,12,0,4,111,2,117,0,4,115,10,129,220,8,228,357
03/12/2020,SSF,TX,ASW,CE,Federal Contract Tower,0,0,10,14,24,0,10,145,2,157,0,10,155,16,181,284,8,292,473
03/13/2020,SSF,TX,ASW,CE,Federal Contract Tower,0,0,4,6,10,0,11,81,0,92,0,11,85,6,102,206,6,212,314
03/14/2020,SSF,TX,ASW,CE,Federal Contract Tower,0,0,8,2,10,0,10,93,2,105,0,10,101,4,115,230,0,230,345
03/15/2020,SSF,TX,ASW,CE,Federal Contract Tower,0,0,4,0,4,0,4,12,0,16,0,4,16,0,20,50,0,50,70
03/16/2020,SSF,TX,ASW,CE,Federal Contract Tower,0,3,8,26,37,0,4,55,0,59,0,7,63,26,96,106,22,128,224
03/17/2020,SSF,TX,ASW,CE,Federal Contract Tower,0,6,16,20,42,0,12,125,3,140,0,18,141,23,182,342,78,420,602
03/18/2020,SSF,TX,ASW,CE,Federal Contract Tower,0,0,13,12,25,0,18,120,7,145,0,18,133,19,170,320,46,366,536
03/19/2020,SSF,TX,ASW,CE,Federal Contract Tower,0,2,18,12,32,0,11,85,1,97,0,13,103,13,129,156,8,164,293
03/20/2020,SSF,TX,ASW,CE,Federal Contract Tower,0,0,10,0,10,0,6,29,8,43,0,6,39,8,53,110,0,110,163
03/22/2020,SSF,TX,ASW,CE,Federal Contract Tower,0,0,5,4,9,0,0,0,0,0,0,0,5,4,9,0,4,4,13
03/23/2020,SSF,TX,ASW,CE,Federal Contract Tower,0,1,25,8,34,0,4,70,0,74,0,5,95,8,108,170,8,178,286
03/24/2020,SSF,TX,ASW,CE,Federal Contract Tower,0,0,11,20,31,0,8,129,7,144,0,8,140,27,175,312,98,410,585
03/25/2020,SSF,TX,ASW,CE,Federal Contract Tower,0,0,14,8,22,0,0,81,10,91,0,0,95,18,113,258,26,284,397
03/26/2020,SSF,TX,ASW,CE,Federal Contract Tower,0,0,11,27,38,0,0,106,1,107,0,0,117,28,145,94,10,104,249
03/27/2020,SSF,TX,ASW,CE,Federal Contract Tower,0,0,2,8,10,0,1,97,8,106,0,1,99,16,116,242,8,250,366
03/29/2020,SSF,TX,ASW,CE,Federal Contract Tower,0,0,4,0,4,0,2,36,0,38,0,2,40,0,42,16,0,16,58
03/30/2020,SSF,TX,ASW,CE,Federal Contract Tower,0,0,7,2,9,0,0,16,0,16,0,0,23,2,25,42,0,42,67
03/31/2020,SSF,TX,ASW,CE,Federal Contract Tower,0,0,4,2,6,0,0,158,0,158,0,0,162,2,164,118,2,120,284
04/01/2020,SSF,TX,ASW,CE,Federal Contract Tower,0,0,14,4,18,0,7,141,5,153,0,7,155,9,171,136,4,140,311
04/02/2020,SSF,TX,ASW,CE,Federal Contract Tower,0,0,11,2,13,0,2,11,0,13,0,2,22,2,26,40,2,42,68
04/03/2020,SSF,TX,ASW,CE,Federal Contract Tower,0,0,3,0,3,0,1,0,0,1,0,1,3,0,4,2,0,2,6
04/04/2020,SSF,TX,ASW,CE,Federal Contract Tower,0,0,0,0,0,0,0,0,0,0,0,0,0,0,0,0,0,0,0
04/05/2020,SSF,TX,ASW,CE,Federal Contract Tower,0,2,7,0,9,0,0,20,0,20,0,2,27,0,29,44,0,44,73
04/06/2020,SSF,TX,ASW,CE,Federal Contract Tower,0,0,12,2,14,0,3,39,0,42,0,3,51,2,56,62,0,62,118
04/07/2020,SSF,TX,ASW,CE,Federal Contract Tower,0,0,7,0,7,0,0,43,0,43,0,0,50,0,50,64,0,64,114
04/08/2020,SSF,TX,ASW,CE,Federal Contract Tower,0,0,17,0,17,0,3,85,1,89,0,3,102,1,106,196,0,196,302
04/09/2020,SSF,TX,ASW,CE,Federal Contract Tower,0,0,12,0,12,0,10,50,0,60,0,10,62,0,72,86,0,86,158
04/10/2020,SSF,TX,ASW,CE,Federal Contract Tower,0,0,13,14,27,0,6,39,0,45,0,6,52,14,72,148,16,164,236
04/11/2020,SSF,TX,ASW,CE,Federal Contract Tower,0,2,6,0,8,0,5,21,0,26,0,7,27,0,34,54,0,54,88
04/12/2020,SSF,TX,ASW,CE,Federal Contract Tower,0,0,2,0,2,0,4,29,0,33,0,4,31,0,35,20,0,20,55
04/13/2020,SSF,TX,ASW,CE,Federal Contract Tower,0,0,3,2,5,0,10,101,2,113,0,10,104,4,118,124,2,126,244
04/14/2020,SSF,TX,ASW,CE,Federal Contract Tower,0,0,3,14,17,0,22,108,0,130,0,22,111,14,147,178,8,186,333
04/15/2020,SSF,TX,ASW,CE,Federal Contract Tower,0,0,10,0,10,0,2,144,14,160,0,2,154,14,170,352,0,352,522
04/16/2020,SSF,TX,ASW,CE,Federal Contract Tower,0,0,4,4,8,0,0,129,9,138,0,0,133,13,146,238,22,260,406
04/17/2020,SSF,TX,ASW,CE,Federal Contract Tower,0,0,15,6,21,0,0,27,0,27,0,0,42,6,48,42,2,44,92
04/18/2020,SSF,TX,ASW,CE,Federal Contract Tower,0,0,0,12,12,0,0,10,0,10,0,0,10,12,22,38,8,46,68
04/19/2020,SSF,TX,ASW,CE,Federal Contract Tower,0,0,2,0,2,0,1,33,1,35,0,1,35,1,37,64,0,64,101
04/20/2020,SSF,TX,ASW,CE,Federal Contract Tower,0,0,1,4,5,0,1,126,0,127,0,1,127,4,132,210,4,214,346
04/21/2020,SSF,TX,ASW,CE,Federal Contract Tower,0,0,7,12,19,0,2,77,0,79,0,2,84,12,98,228,8,236,334
04/22/2020,SSF,TX,ASW,CE,Federal Contract Tower,0,0,8,2,10,0,2,16,0,18,0,2,24,2,28,70,0,70,98
04/23/2020,SSF,TX,ASW,CE,Federal Contract Tower,0,1,4,18,23,0,4,113,6,123,0,5,117,24,146,182,18,200,346
04/24/2020,SSF,TX,ASW,CE,Federal Contract Tower,0,0,0,0,0,0,2,98,2,102,0,2,98,2,102,90,0,90,192
04/25/2020,SSF,TX,ASW,CE,Federal Contract Tower,0,0,2,4,6,0,12,52,0,64,0,12,54,4,70,60,4,64,134
04/26/2020,SSF,TX,ASW,CE,Federal Contract Tower,0,0,0,0,0,0,2,66,2,70,0,2,66,2,70,46,4,50,120
04/27/2020,SSF,TX,ASW,CE,Federal Contract Tower,0,0,1,8,9,0,2,79,0,81,0,2,80,8,90,134,6,140,230
04/28/2020,SSF,TX,ASW,CE,Federal Contract Tower,0,0,8,12,20,0,4,88,6,98,0,4,96,18,118,314,12,326,444
04/29/2020,SSF,TX,ASW,CE,Federal Contract Tower,0,0,6,10,16,0,6,49,0,55,0,6,55,10,71,228,8,236,307
04/30/2020,SSF,TX,ASW,CE,Federal Contract Tower,0,0,11,14,25,0,0,161,2,163,0,0,172,16,188,320,18,338,526
05/01/2020,SSF,TX,ASW,CE,Federal Contract Tower,0,0,8,10,18,0,5,134,2,141,0,5,142,12,159,404,4,408,567
05/02/2020,SSF,TX,ASW,CE,Federal Contract Tower,0,0,7,8,15,0,3,78,0,81,0,3,85,8,96,140,8,148,244
05/03/2020,SSF,TX,ASW,CE,Federal Contract Tower,0,0,3,0,3,0,2,47,0,49,0,2,50,0,52,96,0,96,148
05/04/2020,SSF,TX,ASW,CE,Federal Contract Tower,0,0,5,10,15,0,2,105,1,108,0,2,110,11,123,192,8,200,323
05/05/2020,SSF,TX,ASW,CE,Federal Contract Tower,0,0,8,18,26,0,0,55,59,114,0,0,63,77,140,118,22,140,280
05/06/2020,SSF,TX,ASW,CE,Federal Contract Tower,0,2,7,20,29,0,6,125,5,136,0,8,132,25,165,350,30,380,545
05/07/2020,SSF,TX,ASW,CE,Federal Contract Tower,0,0,19,18,37,0,6,82,6,94,0,6,101,24,131,302,54,356,487
05/08/2020,SSF,TX,ASW,CE,Federal Contract Tower,0,1,9,6,16,0,14,73,0,87,0,15,82,6,103,178,6,184,287
05/09/2020,SSF,TX,ASW,CE,Federal Contract Tower,0,1,8,14,23,0,3,67,0,70,0,4,75,14,93,108,14,122,215
05/10/2020,SSF,TX,ASW,CE,Federal Contract Tower,0,0,0,0,0,0,0,70,0,70,0,0,70,0,70,52,0,52,122
05/11/2020,SSF,TX,ASW,CE,Federal Contract Tower,0,0,2,14,16,0,5,97,6,108,0,5,99,20,124,192,14,206,330
05/12/2020,SSF,TX,ASW,CE,Federal Contract Tower,0,0,1,2,3,0,2,29,6,37,0,2,30,8,40,36,2,38,78
05/13/2020,SSF,TX,ASW,CE,Federal Contract Tower,0,0,12,10,22,0,6,103,0,109,0,6,115,10,131,198,10,208,339
05/14/2020,SSF,TX,ASW,CE,Federal Contract Tower,0,0,11,20,31,0,1,122,0,123,0,1,133,20,154,186,20,206,360
05/15/2020,SSF,TX,ASW,CE,Federal Contract Tower,0,0,9,8,17,0,5,86,0,91,0,5,95,8,108,192,6,198,306
05/16/2020,SSF,TX,ASW,CE,Federal Contract Tower,0,0,8,12,20,0,16,75,0,91,0,16,83,12,111,176,12,188,299
05/17/2020,SSF,TX,ASW,CE,Federal Contract Tower,0,0,0,0,0,0,5,40,0,45,0,5,40,0,45,76,0,76,121
05/18/2020,SSF,TX,ASW,CE,Federal Contract Tower,0,1,4,2,7,0,0,162,0,162,0,1,166,2,169,260,0,260,429
05/19/2020,SSF,TX,ASW,CE,Federal Contract Tower,0,0,18,6,24,0,10,132,0,142,0,10,150,6,166,252,4,256,422
05/20/2020,SSF,TX,ASW,CE,Federal Contract Tower,0,0,12,18,30,0,7,122,0,129,0,7,134,18,159,460,10,470,629
05/21/2020,SSF,TX,ASW,CE,Federal Contract Tower,0,0,13,18,31,0,6,114,3,123,0,6,127,21,154,290,14,304,458
05/22/2020,SSF,TX,ASW,CE,Federal Contract Tower,0,0,5,2,7,0,3,107,0,110,0,3,112,2,117,282,0,282,399
05/23/2020,SSF,TX,ASW,CE,Federal Contract Tower,0,0,8,1,9,0,16,39,2,57,0,16,47,3,66,52,0,52,118
05/24/2020,SSF,TX,ASW,CE,Federal Contract Tower,0,0,1,0,1,0,5,27,0,32,0,5,28,0,33,10,0,10,43
05/25/2020,SSF,TX,ASW,CE,Federal Contract Tower,0,0,1,0,1,0,1,44,0,45,0,1,45,0,46,48,0,48,94
05/26/2020,SSF,TX,ASW,CE,Federal Contract Tower,0,0,11,2,13,0,8,117,0,125,0,8,128,2,138,288,2,290,428
05/27/2020,SSF,TX,ASW,CE,Federal Contract Tower,0,0,7,8,15,0,2,151,0,153,0,2,158,8,168,392,8,400,568
05/28/2020,SSF,TX,ASW,CE,Federal Contract Tower,0,0,6,10,16,0,4,110,0,114,0,4,116,10,130,326,8,334,464
05/29/2020,SSF,TX,ASW,CE,Federal Contract Tower,0,0,11,26,37,0,8,139,10,157,0,8,150,36,194,278,32,310,504
05/30/2020,SSF,TX,ASW,CE,Federal Contract Tower,0,0,0,0,0,0,4,116,0,120,0,4,116,0,120,160,0,160,280
05/31/2020,SSF,TX,ASW,CE,Federal Contract Tower,0,0,0,6,6,0,9,38,0,47,0,9,38,6,53,56,2,58,111
06/01/2020,SSF,TX,ASW,CE,Federal Contract Tower,0,0,4,6,10,0,0,42,4,46,0,0,46,10,56,64,8,72,128
06/02/2020,SSF,TX,ASW,CE,Federal Contract Tower,0,0,10,18,28,0,9,90,8,107,0,9,100,26,135,78,44,122,257
06/03/2020,SSF,TX,ASW,CE,Federal Contract Tower,0,1,19,16,36,0,8,211,4,223,0,9,230,20,259,454,20,474,733
06/04/2020,SSF,TX,ASW,CE,Federal Contract Tower,0,0,20,8,28,0,5,151,3,159,0,5,171,11,187,296,18,314,501
06/05/2020,SSF,TX,ASW,CE,Federal Contract Tower,0,2,12,12,26,0,5,150,0,155,0,7,162,12,181,290,6,296,477
06/06/2020,SSF,TX,ASW,CE,Federal Contract Tower,0,2,6,6,14,0,7,130,0,137,0,9,136,6,151,258,6,264,415
06/07/2020,SSF,TX,ASW,CE,Federal Contract Tower,0,0,3,8,11,0,4,73,0,77,0,4,76,8,88,72,2,74,162
06/08/2020,SSF,TX,ASW,CE,Federal Contract Tower,0,0,5,18,23,0,3,139,2,144,0,3,144,20,167,196,18,214,381
06/09/2020,SSF,TX,ASW,CE,Federal Contract Tower,0,0,12,17,29,0,4,162,7,173,0,4,174,24,202,344,78,422,624
06/10/2020,SSF,TX,ASW,CE,Federal Contract Tower,0,2,5,26,33,0,18,182,4,204,0,20,187,30,237,400,18,418,655
06/11/2020,SSF,TX,ASW,CE,Federal Contract Tower,0,0,7,26,33,0,2,150,2,154,0,2,157,28,187,354,18,372,559
06/12/2020,SSF,TX,ASW,CE,Federal Contract Tower,0,0,1,20,21,0,12,135,3,150,0,12,136,23,171,240,12,252,423
06/13/2020,SSF,TX,ASW,CE,Federal Contract Tower,0,0,9,2,11,0,19,97,0,116,0,19,106,2,127,234,4,238,365
06/14/2020,SSF,TX,ASW,CE,Federal Contract Tower,0,0,1,2,3,0,6,48,0,54,0,6,49,2,57,66,2,68,125
06/15/2020,SSF,TX,ASW,CE,Federal Contract Tower,0,1,11,4,16,0,2,97,0,99,0,3,108,4,115,184,6,190,305
06/16/2020,SSF,TX,ASW,CE,Federal Contract Tower,0,0,10,8,18,0,7,87,8,102,0,7,97,16,120,172,30,202,322
06/17/2020,SSF,TX,ASW,CE,Federal Contract Tower,0,1,13,6,20,0,24,157,0,181,0,25,170,6,201,382,22,404,605
06/18/2020,SSF,TX,ASW,CE,Federal Contract Tower,0,1,12,4,17,0,8,122,0,130,0,9,134,4,147,238,2,240,387
06/19/2020,SSF,TX,ASW,CE,Federal Contract Tower,0,0,6,0,6,0,5,88,0,93,0,5,94,0,99,166,0,166,265
06/20/2020,SSF,TX,ASW,CE,Federal Contract Tower,0,0,14,6,20,0,21,65,6,92,0,21,79,12,112,182,4,186,298
06/21/2020,SSF,TX,ASW,CE,Federal Contract Tower,0,0,2,4,6,0,6,49,0,55,0,6,51,4,61,32,4,36,97
06/22/2020,SSF,TX,ASW,CE,Federal Contract Tower,0,0,3,12,15,0,2,84,0,86,0,2,87,12,101,120,8,128,229
06/23/2020,SSF,TX,ASW,CE,Federal Contract Tower,0,0,3,8,11,0,11,78,6,95,0,11,81,14,106,172,36,208,314
06/24/2020,SSF,TX,ASW,CE,Federal Contract Tower,0,0,14,22,36,0,3,157,14,174,0,3,171,36,210,306,18,324,534
06/25/2020,SSF,TX,ASW,CE,Federal Contract Tower,0,0,11,28,39,0,5,107,4,116,0,5,118,32,155,194,18,212,367
06/26/2020,SSF,TX,ASW,CE,Federal Contract Tower,0,0,4,0,4,0,0,13,0,13,0,0,17,0,17,8,0,8,25
06/27/2020,SSF,TX,ASW,CE,Federal Contract Tower,0,0,18,4,22,0,17,94,0,111,0,17,112,4,133,304,2,306,439
06/28/2020,SSF,TX,ASW,CE,Federal Contract Tower,0,0,2,0,2,0,9,44,0,53,0,9,46,0,55,124,0,124,179
06/29/2020,SSF,TX,ASW,CE,Federal Contract Tower,0,0,9,18,27,0,1,77,0,78,0,1,86,18,105,182,14,196,301
06/30/2020,SSF,TX,ASW,CE,Federal Contract Tower,0,2,14,12,28,0,4,94,2,100,0,6,108,14,128,246,24,270,398
07/01/2020,SSF,TX,ASW,CE,Federal Contract Tower,0,2,17,10,29,0,5,137,2,144,0,7,154,12,173,296,32,328,501
07/02/2020,SSF,TX,ASW,CE,Federal Contract Tower,0,0,4,18,22,0,0,142,1,143,0,0,146,19,165,208,16,224,389
07/03/2020,SSF,TX,ASW,CE,Federal Contract Tower,0,0,2,0,2,0,15,149,0,164,0,15,151,0,166,348,0,348,514
07/04/2020,SSF,TX,ASW,CE,Federal Contract Tower,0,0,8,0,8,0,6,66,0,72,0,6,74,0,80,176,0,176,256
07/05/2020,SSF,TX,ASW,CE,Federal Contract Tower,0,0,2,0,2,0,1,65,0,66,0,1,67,0,68,108,0,108,176
07/06/2020,SSF,TX,ASW,CE,Federal Contract Tower,0,0,5,0,5,0,9,105,0,114,0,9,110,0,119,170,0,170,289
07/07/2020,SSF,TX,ASW,CE,Federal Contract Tower,0,0,29,16,45,0,11,146,0,157,0,11,175,16,202,336,14,350,552
07/08/2020,SSF,TX,ASW,CE,Federal Contract Tower,0,0,3,10,13,0,3,137,4,144,0,3,140,14,157,273,14,287,444
07/09/2020,SSF,TX,ASW,CE,Federal Contract Tower,0,0,9,12,21,0,6,129,2,137,0,6,138,14,158,270,10,280,438
07/10/2020,SSF,TX,ASW,CE,Federal Contract Tower,0,0,9,16,25,0,2,123,0,125,0,2,132,16,150,308,10,318,468
07/11/2020,SSF,TX,ASW,CE,Federal Contract Tower,0,0,14,4,18,0,13,112,0,125,0,13,126,4,143,218,4,222,365
07/12/2020,SSF,TX,ASW,CE,Federal Contract Tower,0,0,4,0,4,0,0,54,0,54,0,0,58,0,58,68,0,68,126
07/13/2020,SSF,TX,ASW,CE,Federal Contract Tower,0,0,3,14,17,0,3,96,0,99,0,3,99,14,116,178,10,188,304
07/14/2020,SSF,TX,ASW,CE,Federal Contract Tower,0,0,7,13,20,0,14,139,10,163,0,14,146,23,183,280,46,326,509
07/15/2020,SSF,TX,ASW,CE,Federal Contract Tower,0,3,7,14,24,0,2,177,1,180,0,5,184,15,204,510,16,526,730
07/16/2020,SSF,TX,ASW,CE,Federal Contract Tower,0,0,14,18,32,0,2,123,0,125,0,2,137,18,157,454,14,468,625
07/17/2020,SSF,TX,ASW,CE,Federal Contract Tower,0,0,19,24,43,0,0,116,4,120,0,0,135,28,163,288,14,302,465
07/18/2020,SSF,TX,ASW,CE,Federal Contract Tower,0,0,11,0,11,0,2,103,0,105,0,2,114,0,116,250,0,250,366
07/19/2020,SSF,TX,ASW,CE,Federal Contract Tower,0,0,8,2,10,0,4,42,2,48,0,4,50,4,58,34,4,38,96
07/20/2020,SSF,TX,ASW,CE,Federal Contract Tower,0,0,7,22,29,0,0,113,0,113,0,0,120,22,142,216,18,234,376
07/21/2020,SSF,TX,ASW,CE,Federal Contract Tower,0,2,12,14,28,0,9,152,8,169,0,11,164,22,197,450,18,468,665
07/22/2020,SSF,TX,ASW,CE,Federal Contract Tower,0,0,12,6,18,0,19,152,3,174,0,19,164,9,192,330,6,336,528
07/23/2020,SSF,TX,ASW,CE,Federal Contract Tower,0,0,15,18,33,0,5,123,5,133,0,5,138,23,166,278,24,302,468
07/24/2020,SSF,TX,ASW,CE,Federal Contract Tower,0,0,8,16,24,0,4,128,0,132,0,4,136,16,156,264,12,276,432
07/25/2020,SSF,TX,ASW,CE,Federal Contract Tower,0,0,1,0,1,0,2,9,0,11,0,2,10,0,12,6,0,6,18
07/26/2020,SSF,TX,ASW,CE,Federal Contract Tower,0,0,6,0,6,0,2,13,0,15,0,2,19,0,21,34,0,34,55
07/27/2020,SSF,TX,ASW,CE,Federal Contract Tower,0,0,1,36,37,0,2,63,0,65,0,2,64,36,102,158,34,192,294
07/28/2020,SSF,TX,ASW,CE,Federal Contract Tower,0,0,5,18,23,0,0,82,2,84,0,0,87,20,107,108,22,130,237
07/29/2020,SSF,TX,ASW,CE,Federal Contract Tower,0,0,3,13,16,0,1,86,1,88,0,1,89,14,104,214,12,226,330
07/30/2020,SSF,TX,ASW,CE,Federal Contract Tower,0,0,38,16,54,0,11,135,0,146,0,11,173,16,200,264,16,280,480
07/31/2020,SSF,TX,ASW,CE,Federal Contract Tower,0,0,9,20,29,0,9,76,2,87,0,9,85,22,116,184,16,200,316
08/01/2020,SSF,TX,ASW,CE,Federal Contract Tower,0,0,3,2,5,0,4,90,0,94,0,4,93,2,99,170,0,170,269
08/02/2020,SSF,TX,ASW,CE,Federal Contract Tower,0,0,2,0,2,0,8,45,0,53,0,8,47,0,55,54,0,54,109
08/03/2020,SSF,TX,ASW,CE,Federal Contract Tower,0,0,2,18,20,0,7,121,0,128,0,7,123,18,148,170,8,178,326
08/04/2020,SSF,TX,ASW,CE,Federal Contract Tower,0,0,4,11,15,0,6,108,7,121,0,6,112,18,136,356,48,404,540
08/05/2020,SSF,TX,ASW,CE,Federal Contract Tower,0,0,5,22,27,0,10,129,2,141,0,10,134,24,168,306,14,320,488
08/06/2020,SSF,TX,ASW,CE,Federal Contract Tower,0,0,8,24,32,0,6,94,3,103,0,6,102,27,135,214,24,238,373
08/07/2020,SSF,TX,ASW,CE,Federal Contract Tower,0,0,8,12,20,0,4,65,3,72,0,4,73,15,92,88,16,104,196
08/08/2020,SSF,TX,ASW,CE,Federal Contract Tower,0,0,6,2,8,0,12,69,0,81,0,12,75,2,89,146,2,148,237
08/09/2020,SSF,TX,ASW,CE,Federal Contract Tower,0,0,1,4,5,0,10,52,0,62,0,10,53,4,67,62,2,64,131
08/10/2020,SSF,TX,ASW,CE,Federal Contract Tower,0,0,6,20,26,0,2,78,0,80,0,2,84,20,106,196,14,210,316
08/11/2020,SSF,TX,ASW,CE,Federal Contract Tower,0,0,21,14,35,0,2,145,0,147,0,2,166,14,182,186,14,200,382
08/12/2020,SSF,TX,ASW,CE,Federal Contract Tower,0,0,10,22,32,0,11,114,2,127,0,11,124,24,159,200,18,218,377
08/13/2020,SSF,TX,ASW,CE,Federal Contract Tower,0,0,15,24,39,0,9,115,3,127,0,9,130,27,166,176,38,214,380
08/14/2020,SSF,TX,ASW,CE,Federal Contract Tower,0,0,10,30,40,0,8,110,0,118,0,8,120,30,158,152,26,178,336
08/15/2020,SSF,TX,ASW,CE,Federal Contract Tower,0,0,2,0,2,0,8,79,0,87,0,8,81,0,89,116,0,116,205
08/16/2020,SSF,TX,ASW,CE,Federal Contract Tower,0,0,2,0,2,0,0,23,0,23,0,0,25,0,25,38,0,38,63
08/17/2020,SSF,TX,ASW,CE,Federal Contract Tower,0,0,16,10,26,0,4,82,0,86,0,4,98,10,112,82,8,90,202
08/18/2020,SSF,TX,ASW,CE,Federal Contract Tower,0,0,9,2,11,0,4,117,0,121,0,4,126,2,132,252,4,256,388
08/19/2020,SSF,TX,ASW,CE,Federal Contract Tower,0,0,14,16,30,0,8,138,0,146,0,8,152,16,176,248,6,254,430
08/20/2020,SSF,TX,ASW,CE,Federal Contract Tower,0,0,12,16,28,0,0,106,0,106,0,0,118,16,134,226,12,238,372
08/21/2020,SSF,TX,ASW,CE,Federal Contract Tower,0,0,1,14,15,0,10,101,0,111,0,10,102,14,126,212,11,223,349
08/22/2020,SSF,TX,ASW,CE,Federal Contract Tower,0,0,3,0,3,0,10,31,0,41,0,10,34,0,44,62,0,62,106
08/23/2020,SSF,TX,ASW,CE,Federal Contract Tower,0,0,6,0,6,0,0,57,2,59,0,0,63,2,65,72,0,72,137
08/24/2020,SSF,TX,ASW,CE,Federal Contract Tower,0,0,5,14,19,0,0,68,2,70,0,0,73,16,89,198,18,216,305
08/25/2020,SSF,TX,ASW,CE,Federal Contract Tower,0,0,14,22,36,0,8,118,0,126,0,8,132,22,162,186,22,208,370
08/26/2020,SSF,TX,ASW,CE,Federal Contract Tower,0,0,16,26,42,0,0,112,11,123,0,0,128,37,165,272,42,314,479
08/27/2020,SSF,TX,ASW,CE,Federal Contract Tower,0,0,11,28,39,0,8,112,0,120,0,8,123,28,159,202,24,226,385
08/28/2020,SSF,TX,ASW,CE,Federal Contract Tower,0,0,15,0,15,0,13,141,0,154,0,13,156,0,169,204,8,212,381
08/29/2020,SSF,TX,ASW,CE,Federal Contract Tower,0,0,6,2,8,0,10,70,0,80,0,10,76,2,88,124,2,126,214
08/30/2020,SSF,TX,ASW,CE,Federal Contract Tower,0,0,8,0,8,0,8,51,0,59,0,8,59,0,67,30,0,30,97
08/31/2020,SSF,TX,ASW,CE,Federal Contract Tower,0,1,15,30,46,0,2,79,0,81,0,3,94,30,127,100,24,124,251
09/01/2020,SSF,TX,ASW,CE,Federal Contract Tower,0,0,19,14,33,0,6,103,2,111,0,6,122,16,144,186,24,210,354
09/02/2020,SSF,TX,ASW,CE,Federal Contract Tower,0,0,7,24,31,0,6,111,0,117,0,6,118,24,148,184,22,206,354
09/03/2020,SSF,TX,ASW,CE,Federal Contract Tower,0,0,20,15,35,0,0,72,1,73,0,0,92,16,108,92,6,98,206
09/04/2020,SSF,TX,ASW,CE,Federal Contract Tower,0,0,9,4,13,0,0,45,0,45,0,0,54,4,58,114,0,114,172
09/05/2020,SSF,TX,ASW,CE,Federal Contract Tower,0,0,4,0,4,0,14,68,0,82,0,14,72,0,86,178,0,178,264
09/06/2020,SSF,TX,ASW,CE,Federal Contract Tower,0,0,0,0,0,0,9,62,0,71,0,9,62,0,71,100,0,100,171
09/07/2020,SSF,TX,ASW,CE,Federal Contract Tower,0,0,9,0,9,0,6,81,5,92,0,6,90,5,101,82,0,82,183
09/08/2020,SSF,TX,ASW,CE,Federal Contract Tower,0,1,12,18,31,0,1,79,0,80,0,2,91,18,111,74,12,86,197
09/09/2020,SSF,TX,ASW,CE,Federal Contract Tower,0,0,14,0,14,0,1,23,3,27,0,1,37,3,41,22,8,30,71
09/10/2020,SSF,TX,ASW,CE,Federal Contract Tower,0,0,20,2,22,0,3,31,0,34,0,3,51,2,56,58,0,58,114
09/11/2020,SSF,TX,ASW,CE,Federal Contract Tower,0,0,20,9,29,0,2,135,0,137,0,2,155,9,166,206,8,214,380
09/12/2020,SSF,TX,ASW,CE,Federal Contract Tower,0,0,14,4,18,0,14,139,0,153,0,14,153,4,171,216,0,216,387
09/13/2020,SSF,TX,ASW,CE,Federal Contract Tower,0,2,3,0,5,0,8,48,0,56,0,10,51,0,61,118,0,118,179
09/14/2020,SSF,TX,ASW,CE,Federal Contract Tower,0,0,13,28,41,0,4,95,7,106,0,4,108,35,147,110,52,162,309
09/15/2020,SSF,TX,ASW,CE,Federal Contract Tower,0,0,14,23,37,0,5,129,8,142,0,5,143,31,179,298,18,316,495
09/16/2020,SSF,TX,ASW,CE,Federal Contract Tower,0,0,10,24,34,0,6,127,18,151,0,6,137,42,185,266,10,276,461
09/17/2020,SSF,TX,ASW,CE,Federal Contract Tower,0,0,9,4,13,0,7,78,0,85,0,7,87,4,98,114,2,116,214
09/18/2020,SSF,TX,ASW,CE,Federal Contract Tower,0,0,14,26,40,0,12,116,6,134,0,12,130,32,174,164,26,190,364
09/19/2020,SSF,TX,ASW,CE,Federal Contract Tower,0,0,5,0,5,0,8,99,1,108,0,8,104,1,113,116,2,118,231
09/20/2020,SSF,TX,ASW,CE,Federal Contract Tower,0,0,1,0,1,0,12,48,0,60,0,12,49,0,61,54,0,54,115
09/21/2020,SSF,TX,ASW,CE,Federal Contract Tower,0,2,4,0,6,0,1,6,0,7,0,3,10,0,13,10,0,10,23
09/22/2020,SSF,TX,ASW,CE,Federal Contract Tower,0,0,21,20,41,0,10,59,4,73,0,10,80,24,114,210,16,226,340
09/23/2020,SSF,TX,ASW,CE,Federal Contract Tower,0,0,20,37,57,0,1,107,30,138,0,1,127,67,195,436,30,466,661
09/24/2020,SSF,TX,ASW,CE,Federal Contract Tower,0,0,3,8,11,0,5,172,2,179,0,5,175,10,190,384,14,398,588
09/25/2020,SSF,TX,ASW,CE,Federal Contract Tower,0,0,16,0,16,0,4,130,0,134,0,4,146,0,150,356,0,356,506
09/26/2020,SSF,TX,ASW,CE,Federal Contract Tower,0,0,9,0,9,0,11,61,1,73,0,11,70,1,82,68,0,68,150
09/27/2020,SSF,TX,ASW,CE,Federal Contract Tower,0,0,6,2,8,0,6,49,0,55,0,6,55,2,63,72,2,74,137
09/28/2020,SSF,TX,ASW,CE,Federal Contract Tower,0,0,3,18,21,0,0,32,2,34,0,0,35,20,55,28,12,40,95
09/29/2020,SSF,TX,ASW,CE,Federal Contract Tower,0,0,8,20,28,0,6,157,8,171,0,6,165,28,199,366,14,380,579
09/30/2020,SSF,TX,ASW,CE,Federal Contract Tower,0,0,11,14,25,0,4,140,0,144,0,4,151,14,169,250,10,260,429
10/01/2020,SSF,TX,ASW,CE,Federal Contract Tower,0,0,12,12,24,0,4,138,0,142,0,4,150,12,166,318,5,323,489
10/02/2020,SSF,TX,ASW,CE,Federal Contract Tower,0,0,16,30,46,0,6,127,0,133,0,6,143,30,179,290,20,310,489
10/03/2020,SSF,TX,ASW,CE,Federal Contract Tower,0,0,5,10,15,0,14,113,0,127,0,14,118,10,142,282,8,290,432
10/04/2020,SSF,TX,ASW,CE,Federal Contract Tower,0,0,4,0,4,0,4,79,0,83,0,4,83,0,87,98,0,98,185
10/05/2020,SSF,TX,ASW,CE,Federal Contract Tower,0,0,7,16,23,0,8,96,0,104,0,8,103,16,127,346,10,356,483
10/06/2020,SSF,TX,ASW,CE,Federal Contract Tower,0,0,14,18,32,0,4,118,1,123,0,4,132,19,155,300,16,316,471
10/07/2020,SSF,TX,ASW,CE,Federal Contract Tower,0,0,7,22,29,0,0,0,0,0,0,0,7,22,29,308,10,318,347
10/08/2020,SSF,TX,ASW,CE,Federal Contract Tower,0,0,19,33,52,0,3,117,0,120,0,3,136,33,172,178,14,192,364
10/09/2020,SSF,TX,ASW,CE,Federal Contract Tower,0,0,14,26,40,0,0,104,0,104,0,0,118,26,144,238,14,252,396
10/10/2020,SSF,TX,ASW,CE,Federal Contract Tower,0,0,5,0,5,0,18,107,0,125,0,18,112,0,130,212,0,212,342
10/11/2020,SSF,TX,ASW,CE,Federal Contract Tower,0,0,1,0,1,0,10,48,0,58,0,10,49,0,59,108,0,108,167
10/12/2020,SSF,TX,ASW,CE,Federal Contract Tower,0,0,5,0,5,0,7,63,0,70,0,7,68,0,75,158,0,158,233
10/13/2020,SSF,TX,ASW,CE,Federal Contract Tower,0,0,22,20,42,0,4,155,3,162,0,4,177,23,204,322,20,342,546
10/14/2020,SSF,TX,ASW,CE,Federal Contract Tower,0,0,21,18,39,0,8,114,0,122,0,8,135,18,161,334,12,346,507
10/15/2020,SSF,TX,ASW,CE,Federal Contract Tower,0,0,22,16,38,0,0,108,5,113,0,0,130,21,151,140,34,174,325
10/16/2020,SSF,TX,ASW,CE,Federal Contract Tower,0,0,13,9,22,0,1,68,6,75,0,1,81,15,97,80,10,90,187
10/17/2020,SSF,TX,ASW,CE,Federal Contract Tower,0,0,9,0,9,0,0,9,0,9,0,0,18,0,18,34,0,34,52
10/18/2020,SSF,TX,ASW,CE,Federal Contract Tower,0,0,7,0,7,0,3,73,0,76,0,3,80,0,83,96,0,96,179
10/19/2020,SSF,TX,ASW,CE,Federal Contract Tower,0,0,10,10,20,0,1,73,0,74,0,1,83,10,94,84,10,94,188
10/20/2020,SSF,TX,ASW,CE,Federal Contract Tower,0,0,14,26,40,0,6,115,0,121,0,6,129,26,161,332,18,350,511
10/21/2020,SSF,TX,ASW,CE,Federal Contract Tower,0,1,25,14,40,0,13,89,0,102,0,14,114,14,142,290,12,302,444
10/22/2020,SSF,TX,ASW,CE,Federal Contract Tower,0,0,20,8,28,0,0,84,0,84,0,0,104,8,112,140,2,142,254
10/23/2020,SSF,TX,ASW,CE,Federal Contract Tower,0,0,20,23,43,0,8,82,1,91,0,8,102,24,134,288,12,300,434
10/24/2020,SSF,TX,ASW,CE,Federal Contract Tower,0,0,9,0,9,0,17,95,0,112,0,17,104,0,121,232,0,232,353
10/25/2020,SSF,TX,ASW,CE,Federal Contract Tower,0,0,6,0,6,0,0,36,0,36,0,0,42,0,42,52,0,52,94
10/26/2020,SSF,TX,ASW,CE,Federal Contract Tower,0,0,5,14,19,0,2,38,0,40,0,2,43,14,59,48,14,62,121
10/27/2020,SSF,TX,ASW,CE,Federal Contract Tower,0,0,13,8,21,0,0,0,0,0,0,0,13,8,21,0,8,8,29
10/28/2020,SSF,TX,ASW,CE,Federal Contract Tower,0,0,12,18,30,0,1,90,3,94,0,1,102,21,124,256,38,294,418
10/29/2020,SSF,TX,ASW,CE,Federal Contract Tower,0,0,6,18,24,0,2,114,0,116,0,2,120,18,140,190,12,202,342
10/30/2020,SSF,TX,ASW,CE,Federal Contract Tower,0,0,14,22,36,0,3,126,0,129,0,3,140,22,165,210,14,224,389
10/31/2020,SSF,TX,ASW,CE,Federal Contract Tower,0,0,8,2,10,0,15,83,0,98,0,15,91,2,108,198,2,200,308
11/01/2020,SSF,TX,ASW,CE,Federal Contract Tower,0,1,2,0,3,0,7,52,0,59,0,8,54,0,62,117,0,117,179
11/02/2020,SSF,TX,ASW,CE,Federal Contract Tower,0,1,5,22,28,0,0,94,3,97,0,1,99,25,125,161,24,185,310
11/03/2020,SSF,TX,ASW,CE,Federal Contract Tower,0,0,11,12,23,0,3,167,0,170,0,3,178,12,193,312,12,324,517
11/04/2020,SSF,TX,ASW,CE,Federal Contract Tower,0,0,33,36,69,0,17,124,5,146,0,17,157,41,215,314,52,366,581
11/05/2020,SSF,TX,ASW,CE,Federal Contract Tower,0,0,15,14,29,0,3,116,0,119,0,3,131,14,148,218,10,228,376
11/06/2020,SSF,TX,ASW,CE,Federal Contract Tower,0,1,24,14,39,0,1,76,1,78,0,2,100,15,117,190,8,198,315
11/07/2020,SSF,TX,ASW,CE,Federal Contract Tower,0,0,8,4,12,0,0,126,13,139,0,0,134,17,151,246,8,254,405
11/08/2020,SSF,TX,ASW,CE,Federal Contract Tower,0,0,6,0,6,0,2,45,0,47,0,2,51,0,53,63,0,63,116
11/09/2020,SSF,TX,ASW,CE,Federal Contract Tower,0,0,14,30,44,0,2,93,0,95,0,2,107,30,139,216,24,240,379
11/10/2020,SSF,TX,ASW,CE,Federal Contract Tower,0,0,14,12,26,0,0,36,7,43,0,0,50,19,69,94,10,104,173
11/11/2020,SSF,TX,ASW,CE,Federal Contract Tower,0,0,15,0,15,0,8,167,5,180,0,8,182,5,195,350,8,358,553
11/12/2020,SSF,TX,ASW,CE,Federal Contract Tower,0,0,25,6,31,0,2,87,0,89,0,2,112,6,120,162,4,166,286
11/13/2020,SSF,TX,ASW,CE,Federal Contract Tower,0,0,27,16,43,0,0,90,2,92,0,0,117,18,135,238,20,258,393
11/14/2020,SSF,TX,ASW,CE,Federal Contract Tower,0,0,15,2,17,0,12,46,4,62,0,12,61,6,79,92,40,132,211
11/15/2020,SSF,TX,ASW,CE,Federal Contract Tower,0,0,4,8,12,0,9,49,0,58,0,9,53,8,70,72,8,80,150
11/16/2020,SSF,TX,ASW,CE,Federal Contract Tower,0,0,14,12,26,0,0,143,0,143,0,0,157,12,169,198,4,202,371
11/17/2020,SSF,TX,ASW,CE,Federal Contract Tower,0,0,8,14,22,0,6,162,0,168,0,6,170,14,190,228,6,234,424
11/18/2020,SSF,TX,ASW,CE,Federal Contract Tower,0,0,6,30,36,0,6,147,2,155,0,6,153,32,191,242,30,272,463
11/19/2020,SSF,TX,ASW,CE,Federal Contract Tower,0,0,3,22,25,0,2,111,0,113,0,2,114,22,138,126,10,136,274
11/20/2020,SSF,TX,ASW,CE,Federal Contract Tower,0,2,8,16,26,0,7,80,0,87,0,9,88,16,113,184,10,194,307
11/21/2020,SSF,TX,ASW,CE,Federal Contract Tower,0,0,9,18,27,0,6,58,0,64,0,6,67,18,91,168,12,180,271
11/22/2020,SSF,TX,ASW,CE,Federal Contract Tower,0,1,10,0,11,0,10,46,0,56,0,11,56,0,67,102,0,102,169
11/23/2020,SSF,TX,ASW,CE,Federal Contract Tower,0,3,15,32,50,0,2,60,0,62,0,5,75,32,112,88,12,100,212
11/24/2020,SSF,TX,ASW,CE,Federal Contract Tower,0,0,24,17,41,0,9,72,1,82,0,9,96,18,123,84,8,92,215
11/25/2020,SSF,TX,ASW,CE,Federal Contract Tower,0,0,14,18,32,0,4,134,3,141,0,4,148,21,173,262,10,272,445
11/26/2020,SSF,TX,ASW,CE,Federal Contract Tower,0,0,8,0,8,0,0,26,0,26,0,0,34,0,34,14,0,14,48
11/27/2020,SSF,TX,ASW,CE,Federal Contract Tower,0,0,7,0,7,0,8,21,0,29,0,8,28,0,36,84,0,84,120
11/28/2020,SSF,TX,ASW,CE,Federal Contract Tower,0,0,2,0,2,0,0,0,0,0,0,0,2,0,2,0,0,0,2
11/29/2020,SSF,TX,ASW,CE,Federal Contract Tower,0,0,5,2,7,0,10,73,2,85,0,10,78,4,92,94,0,94,186
11/30/2020,SSF,TX,ASW,CE,Federal Contract Tower,0,0,13,30,43,0,7,91,4,102,0,7,104,34,145,134,16,150,295
12/01/2020,SSF,TX,ASW,CE,Federal Contract Tower,0,0,9,18,27,0,20,129,0,149,0,20,138,18,176,202,16,218,394
12/02/2020,SSF,TX,ASW,CE,Federal Contract Tower,0,0,16,22,38,0,6,101,20,127,0,6,117,42,165,244,24,268,433
12/03/2020,SSF,TX,ASW,CE,Federal Contract Tower,0,0,11,16,27,0,4,93,3,100,0,4,104,19,127,176,38,214,341
12/04/2020,SSF,TX,ASW,CE,Federal Contract Tower,0,0,16,16,32,0,8,111,0,119,0,8,127,16,151,224,2,226,377
12/05/2020,SSF,TX,ASW,CE,Federal Contract Tower,0,0,13,2,15,0,12,70,4,86,0,12,83,6,101,160,14,174,275
12/06/2020,SSF,TX,ASW,CE,Federal Contract Tower,0,0,3,4,7,0,10,61,0,71,0,10,64,4,78,96,0,96,174
12/07/2020,SSF,TX,ASW,CE,Federal Contract Tower,0,0,7,22,29,0,5,88,0,93,0,5,95,22,122,184,12,196,318
12/08/2020,SSF,TX,ASW,CE,Federal Contract Tower,0,0,10,14,24,0,15,153,0,168,0,15,163,14,192,208,6,214,406
12/09/2020,SSF,TX,ASW,CE,Federal Contract Tower,0,0,18,14,32,0,3,133,4,140,0,3,151,18,172,324,14,338,510
12/10/2020,SSF,TX,ASW,CE,Federal Contract Tower,0,0,4,16,20,0,16,117,0,133,0,16,121,16,153,208,12,220,373
12/11/2020,SSF,TX,ASW,CE,Federal Contract Tower,0,0,10,16,26,0,11,49,0,60,0,11,59,16,86,154,10,164,250
12/12/2020,SSF,TX,ASW,CE,Federal Contract Tower,0,0,4,0,4,0,40,119,1,160,0,40,123,1,164,310,0,310,474
12/13/2020,SSF,TX,ASW,CE,Federal Contract Tower,0,0,2,0,2,0,6,13,0,19,0,6,15,0,21,6,0,6,27
12/14/2020,SSF,TX,ASW,CE,Federal Contract Tower,0,0,4,18,22,0,13,97,0,110,0,13,101,18,132,184,6,190,322
12/15/2020,SSF,TX,ASW,CE,Federal Contract Tower,0,0,22,32,54,0,12,86,0,98,0,12,108,32,152,196,22,218,370
12/16/2020,SSF,TX,ASW,CE,Federal Contract Tower,0,0,6,12,18,0,6,121,0,127,0,6,127,12,145,252,6,258,403
12/17/2020,SSF,TX,ASW,CE,Federal Contract Tower,0,0,2,16,18,0,8,130,0,138,0,8,132,16,156,256,10,266,422
12/18/2020,SSF,TX,ASW,CE,Federal Contract Tower,0,0,15,22,37,0,8,81,3,92,0,8,96,25,129,276,26,302,431
12/19/2020,SSF,TX,ASW,CE,Federal Contract Tower,0,0,6,0,6,0,19,38,0,57,0,19,44,0,63,94,0,94,157
12/20/2020,SSF,TX,ASW,CE,Federal Contract Tower,0,0,5,0,5,0,8,77,3,88,0,8,82,3,93,134,4,138,231
12/21/2020,SSF,TX,ASW,CE,Federal Contract Tower,0,0,6,12,18,0,7,100,0,107,0,7,106,12,125,206,6,212,337
12/22/2020,SSF,TX,ASW,CE,Federal Contract Tower,0,0,7,12,19,0,22,123,0,145,0,22,130,12,164,228,10,238,402
12/23/2020,SSF,TX,ASW,CE,Federal Contract Tower,0,0,26,0,26,0,32,41,0,73,0,32,67,0,99,96,0,96,195
12/24/2020,SSF,TX,ASW,CE,Federal Contract Tower,0,0,0,0,0,0,2,35,0,37,0,2,35,0,37,52,0,52,89
12/25/2020,SSF,TX,ASW,CE,Federal Contract Tower,0,0,1,0,1,0,1,25,0,26,0,1,26,0,27,60,0,60,87
12/26/2020,SSF,TX,ASW,CE,Federal Contract Tower,0,0,9,0,9,0,25,66,0,91,0,25,75,0,100,224,0,224,324
12/27/2020,SSF,TX,ASW,CE,Federal Contract Tower,0,0,1,0,1,0,6,44,0,50,0,6,45,0,51,54,0,54,105
12/28/2020,SSF,TX,ASW,CE,Federal Contract Tower,0,0,6,0,6,0,4,38,0,42,0,4,44,0,48,78,0,78,126
12/29/2020,SSF,TX,ASW,CE,Federal Contract Tower,0,0,14,2,16,0,3,24,0,27,0,3,38,2,43,12,0,12,55
12/30/2020,SSF,TX,ASW,CE,Federal Contract Tower,0,0,1,0,1,0,0,17,0,17,0,0,18,0,18,22,0,22,40
12/31/2020,SSF,TX,ASW,CE,Federal Contract Tower,0,0,0,0,0,0,1,4,0,5,0,1,4,0,5,8,0,8,13
01/01/2021,SSF,TX,ASW,CE,Federal Contract Tower,0,0,6,0,6,0,0,61,0,61,0,0,67,0,67,202,0,202,269
01/02/2021,SSF,TX,ASW,CE,Federal Contract Tower,0,0,10,4,14,0,23,110,32,165,0,23,120,36,179,276,2,278,457
01/03/2021,SSF,TX,ASW,CE,Federal Contract Tower,0,0,1,0,1,0,10,46,0,56,0,10,47,0,57,64,0,64,121
01/04/2021,SSF,TX,ASW,CE,Federal Contract Tower,0,0,4,0,4,0,2,131,0,133,0,2,135,0,137,328,0,328,465
01/05/2021,SSF,TX,ASW,CE,Federal Contract Tower,0,0,24,14,38,0,5,33,2,40,0,5,57,16,78,100,12,112,190
01/06/2021,SSF,TX,ASW,CE,Federal Contract Tower,0,0,3,4,7,0,5,26,0,31,0,5,29,4,38,58,4,62,100
01/07/2021,SSF,TX,ASW,CE,Federal Contract Tower,0,0,10,7,17,0,8,98,1,107,0,8,108,8,124,124,4,128,252
01/08/2021,SSF,TX,ASW,CE,Federal Contract Tower,0,0,9,14,23,0,12,154,0,166,0,12,163,14,189,320,8,328,517
01/09/2021,SSF,TX,ASW,CE,Federal Contract Tower,0,0,7,0,7,0,8,104,6,118,0,8,111,6,125,190,0,190,315
01/10/2021,SSF,TX,ASW,CE,Federal Contract Tower,0,0,0,0,0,0,0,0,0,0,0,0,0,0,0,0,0,0,0
01/11/2021,SSF,TX,ASW,CE,Federal Contract Tower,0,0,6,14,20,0,1,94,0,95,0,1,100,14,115,128,10,138,253
01/12/2021,SSF,TX,ASW,CE,Federal Contract Tower,0,0,4,12,16,0,0,114,3,117,0,0,118,15,133,280,24,304,437
01/13/2021,SSF,TX,ASW,CE,Federal Contract Tower,0,0,9,8,17,0,8,115,3,126,0,8,124,11,143,286,32,318,461
01/14/2021,SSF,TX,ASW,CE,Federal Contract Tower,0,0,1,16,17,0,10,111,0,121,0,10,112,16,138,188,14,202,340
01/15/2021,SSF,TX,ASW,CE,Federal Contract Tower,0,0,14,12,26,0,12,126,0,138,0,12,140,12,164,278,8,286,450
01/16/2021,SSF,TX,ASW,CE,Federal Contract Tower,0,0,7,0,7,0,10,154,0,164,0,10,161,0,171,274,0,274,445
01/17/2021,SSF,TX,ASW,CE,Federal Contract Tower,0,0,1,0,1,0,11,105,0,116,0,11,106,0,117,144,0,144,261
01/18/2021,SSF,TX,ASW,CE,Federal Contract Tower,0,0,20,0,20,0,0,78,0,78,0,0,98,0,98,112,0,112,210
01/19/2021,SSF,TX,ASW,CE,Federal Contract Tower,0,0,7,16,23,0,0,10,0,10,0,0,17,16,33,14,0,14,47
01/20/2021,SSF,TX,ASW,CE,Federal Contract Tower,0,3,10,2,15,0,0,0,0,0,0,3,10,2,15,6,0,6,21
01/21/2021,SSF,TX,ASW,CE,Federal Contract Tower,0,3,4,14,21,0,4,35,5,44,0,7,39,19,65,138,32,170,235
01/22/2021,SSF,TX,ASW,CE,Federal Contract Tower,0,0,11,18,29,0,4,151,0,155,0,4,162,18,184,292,8,300,484
01/23/2021,SSF,TX,ASW,CE,Federal Contract Tower,0,0,3,2,5,0,0,3,0,3,0,0,6,2,8,24,0,24,32
01/24/2021,SSF,TX,ASW,CE,Federal Contract Tower,0,0,3,0,3,0,0,6,0,6,0,0,9,0,9,48,0,48,57
01/25/2021,SSF,TX,ASW,CE,Federal Contract Tower,0,0,13,32,45,0,1,105,2,108,0,1,118,34,153,144,24,168,321
01/26/2021,SSF,TX,ASW,CE,Federal Contract Tower,0,0,22,25,47,0,12,153,7,172,0,12,175,32,219,388,64,452,671
01/27/2021,SSF,TX,ASW,CE,Federal Contract Tower,0,0,9,29,38,0,5,117,1,123,0,5,126,30,161,310,26,336,497
01/28/2021,SSF,TX,ASW,CE,Federal Contract Tower,0,0,6,13,19,0,4,121,1,126,0,4,127,14,145,232,10,242,387
01/29/2021,SSF,TX,ASW,CE,Federal Contract Tower,0,0,13,17,30,0,8,118,1,127,0,8,131,18,157,262,6,268,425
01/30/2021,SSF,TX,ASW,CE,Federal Contract Tower,0,0,1,0,1,0,8,60,2,70,0,8,61,2,71,136,2,138,209
01/31/2021,SSF,TX,ASW,CE,Federal Contract Tower,0,0,4,0,4,0,6,93,0,99,0,6,97,0,103,136,0,136,239
02/01/2021,SSF,TX,ASW,CE,Federal Contract Tower,0,0,6,15,21,0,7,90,1,98,0,7,96,16,119,224,6,230,349
02/02/2021,SSF,TX,ASW,CE,Federal Contract Tower,0,0,12,28,40,2,6,126,1,135,2,6,138,29,175,306,30,336,511
02/03/2021,SSF,TX,ASW,CE,Federal Contract Tower,0,0,21,16,37,0,8,145,0,153,0,8,166,16,190,374,10,384,574
02/04/2021,SSF,TX,ASW,CE,Federal Contract Tower,0,0,11,26,37,0,5,73,3,81,0,5,84,29,118,116,32,148,266
02/05/2021,SSF,TX,ASW,CE,Federal Contract Tower,0,0,25,10,35,0,1,103,0,104,0,1,128,10,139,310,6,316,455
02/06/2021,SSF,TX,ASW,CE,Federal Contract Tower,0,0,11,4,15,0,15,64,14,93,0,15,75,18,108,218,6,224,332
02/07/2021,SSF,TX,ASW,CE,Federal Contract Tower,0,0,5,0,5,0,8,101,4,113,0,8,106,4,118,170,0,170,288
02/08/2021,SSF,TX,ASW,CE,Federal Contract Tower,0,0,16,20,36,0,2,108,0,110,0,2,124,20,146,278,12,290,436
02/09/2021,SSF,TX,ASW,CE,Federal Contract Tower,0,0,11,25,36,0,5,112,1,118,0,5,123,26,154,234,14,248,402
02/10/2021,SSF,TX,ASW,CE,Federal Contract Tower,0,0,7,0,7,0,0,0,0,0,0,0,7,0,7,0,0,0,7
02/11/2021,SSF,TX,ASW,CE,Federal Contract Tower,0,0,0,0,0,0,0,2,0,2,0,0,2,0,2,0,0,0,2
02/12/2021,SSF,TX,ASW,CE,Federal Contract Tower,0,0,0,0,0,0,15,7,0,22,0,15,7,0,22,68,0,68,90
02/13/2021,SSF,TX,ASW,CE,Federal Contract Tower,0,0,0,0,0,0,0,2,0,2,0,0,2,0,2,0,0,0,2
02/14/2021,SSF,TX,ASW,CE,Federal Contract Tower,0,0,0,0,0,0,0,0,0,0,0,0,0,0,0,0,0,0,0
02/15/2021,SSF,TX,ASW,CE,Federal Contract Tower,0,0,0,0,0,0,1,2,0,3,0,1,2,0,3,0,0,0,3
02/16/2021,SSF,TX,ASW,CE,Federal Contract Tower,0,0,0,0,0,0,6,0,0,6,0,6,0,0,6,0,0,0,6
02/17/2021,SSF,TX,ASW,CE,Federal Contract Tower,0,0,0,0,0,0,0,3,0,3,0,0,3,0,3,0,0,0,3
02/18/2021,SSF,TX,ASW,CE,Federal Contract Tower,0,0,0,0,0,0,0,0,0,0,0,0,0,0,0,0,0,0,0
02/19/2021,SSF,TX,ASW,CE,Federal Contract Tower,0,0,3,0,3,0,3,58,2,63,0,3,61,2,66,58,14,72,138
02/20/2021,SSF,TX,ASW,CE,Federal Contract Tower,0,0,6,2,8,0,9,103,2,114,0,9,109,4,122,186,2,188,310
02/21/2021,SSF,TX,ASW,CE,Federal Contract Tower,0,0,3,0,3,0,10,52,2,64,0,10,55,2,67,88,0,88,155
02/22/2021,SSF,TX,ASW,CE,Federal Contract Tower,0,0,15,18,33,0,6,138,0,144,0,6,153,18,177,198,20,218,395
02/23/2021,SSF,TX,ASW,CE,Federal Contract Tower,0,0,15,28,43,0,5,109,5,119,0,5,124,33,162,248,30,278,440
02/24/2021,SSF,TX,ASW,CE,Federal Contract Tower,0,0,30,30,60,0,1,101,3,105,0,1,131,33,165,228,50,278,443
02/25/2021,SSF,TX,ASW,CE,Federal Contract Tower,0,0,8,8,16,0,0,0,0,0,0,0,8,8,16,2,4,6,22
02/26/2021,SSF,TX,ASW,CE,Federal Contract Tower,0,0,10,21,31,0,2,8,0,10,0,2,18,21,41,24,10,34,75
02/27/2021,SSF,TX,ASW,CE,Federal Contract Tower,0,0,8,16,24,0,9,19,0,28,0,9,27,16,52,30,0,30,82
02/28/2021,SSF,TX,ASW,CE,Federal Contract Tower,0,0,3,0,3,0,9,24,0,33,0,9,27,0,36,70,0,70,106
03/01/2021,SSF,TX,ASW,CE,Federal Contract Tower,0,0,1,12,13,0,2,12,0,14,0,2,13,12,27,10,8,18,45
03/02/2021,SSF,TX,ASW,CE,Federal Contract Tower,0,0,13,16,29,0,12,127,0,139,0,12,140,16,168,340,12,352,520
03/03/2021,SSF,TX,ASW,CE,Federal Contract Tower,0,0,8,28,36,0,6,143,4,153,0,6,151,32,189,220,24,244,433
03/04/2021,SSF,TX,ASW,CE,Federal Contract Tower,0,0,7,26,33,0,8,112,0,120,0,8,119,26,153,182,24,206,359
03/05/2021,SSF,TX,ASW,CE,Federal Contract Tower,0,2,15,24,41,0,6,111,0,117,0,8,126,24,158,192,10,202,360
03/06/2021,SSF,TX,ASW,CE,Federal Contract Tower,0,1,3,0,4,0,6,123,5,134,0,7,126,5,138,256,16,272,410
03/07/2021,SSF,TX,ASW,CE,Federal Contract Tower,0,0,7,0,7,0,10,70,0,80,0,10,77,0,87,74,0,74,161
03/08/2021,SSF,TX,ASW,CE,Federal Contract Tower,0,0,7,20,27,0,0,96,0,96,0,0,103,20,123,134,12,146,269
03/09/2021,SSF,TX,ASW,CE,Federal Contract Tower,0,0,11,16,27,0,0,49,6,55,0,0,60,22,82,122,20,142,224
03/10/2021,SSF,TX,ASW,CE,Federal Contract Tower,0,0,13,12,25,0,2,51,3,56,0,2,64,15,81,86,26,112,193
03/11/2021,SSF,TX,ASW,CE,Federal Contract Tower,0,0,8,34,42,0,5,59,1,65,0,5,67,35,107,62,26,88,195
03/12/2021,SSF,TX,ASW,CE,Federal Contract Tower,0,0,18,23,41,0,18,49,4,71,0,18,67,27,112,164,12,176,288
03/13/2021,SSF,TX,ASW,CE,Federal Contract Tower,0,0,8,1,9,0,11,26,0,37,0,11,34,1,46,102,0,102,148
03/14/2021,SSF,TX,ASW,CE,Federal Contract Tower,0,0,10,0,10,0,9,48,0,57,0,9,58,0,67,128,0,128,195
03/15/2021,SSF,TX,ASW,CE,Federal Contract Tower,0,1,6,28,35,0,6,148,0,154,0,7,154,28,189,224,12,236,425
03/16/2021,SSF,TX,ASW,CE,Federal Contract Tower,0,0,17,22,39,0,0,0,0,0,0,0,17,22,39,152,8,160,199
03/17/2021,SSF,TX,ASW,CE,Federal Contract Tower,0,0,6,14,20,0,3,57,4,64,0,3,63,18,84,170,8,178,262
03/18/2021,SSF,TX,ASW,CE,Federal Contract Tower,0,0,12,18,30,0,6,100,4,110,0,6,112,22,140,120,10,130,270
03/19/2021,SSF,TX,ASW,CE,Federal Contract Tower,0,0,18,6,24,0,8,118,4,130,0,8,136,10,154,138,14,152,306
03/20/2021,SSF,TX,ASW,CE,Federal Contract Tower,0,0,1,0,1,0,33,140,5,178,0,33,141,5,179,258,0,258,437
03/21/2021,SSF,TX,ASW,CE,Federal Contract Tower,0,0,3,0,3,0,8,74,0,82,0,8,77,0,85,78,0,78,163
03/22/2021,SSF,TX,ASW,CE,Federal Contract Tower,0,0,17,14,31,0,6,38,0,44,0,6,55,14,75,40,14,54,129
03/23/2021,SSF,TX,ASW,CE,Federal Contract Tower,0,0,14,10,24,0,2,165,0,167,0,2,179,10,191,339,10,349,540
03/24/2021,SSF,TX,ASW,CE,Federal Contract Tower,0,0,16,8,24,0,10,29,8,47,0,10,45,16,71,78,28,106,177
03/25/2021,SSF,TX,ASW,CE,Federal Contract Tower,0,0,14,20,34,0,2,144,5,151,0,2,158,25,185,262,8,270,455
03/26/2021,SSF,TX,ASW,CE,Federal Contract Tower,0,0,11,17,28,0,8,158,1,167,0,8,169,18,195,300,2,302,497
03/27/2021,SSF,TX,ASW,CE,Federal Contract Tower,0,0,13,4,17,0,24,62,0,86,0,24,75,4,103,152,4,156,259
03/28/2021,SSF,TX,ASW,CE,Federal Contract Tower,0,0,2,0,2,0,5,16,0,21,0,5,18,0,23,56,0,56,79
03/29/2021,SSF,TX,ASW,CE,Federal Contract Tower,0,0,15,18,33,0,4,172,0,176,0,4,187,18,209,254,8,262,471
03/30/2021,SSF,TX,ASW,CE,Federal Contract Tower,0,0,26,6,32,0,4,69,2,75,0,4,95,8,107,204,22,226,333
03/31/2021,SSF,TX,ASW,CE,Federal Contract Tower,0,0,6,14,20,0,4,39,4,47,0,4,45,18,67,50,36,86,153
04/01/2021,SSF,TX,ASW,CE,Federal Contract Tower,0,0,13,14,27,0,5,103,0,108,0,5,116,14,135,188,12,200,335
04/02/2021,SSF,TX,ASW,CE,Federal Contract Tower,0,0,25,0,25,0,20,116,0,136,0,20,141,0,161,272,0,272,433
04/03/2021,SSF,TX,ASW,CE,Federal Contract Tower,0,0,1,0,1,0,33,46,0,79,0,33,47,0,80,86,0,86,166
04/04/2021,SSF,TX,ASW,CE,Federal Contract Tower,0,0,7,0,7,0,4,36,0,40,0,4,43,0,47,66,0,66,113
04/05/2021,SSF,TX,ASW,CE,Federal Contract Tower,0,1,12,23,36,0,12,80,0,92,0,13,92,23,128,190,18,208,336
04/06/2021,SSF,TX,ASW,CE,Federal Contract Tower,0,0,13,20,33,0,7,71,16,94,0,7,84,36,127,118,46,164,291
04/07/2021,SSF,TX,ASW,CE,Federal Contract Tower,0,2,15,40,57,0,6,97,7,110,0,8,112,47,167,366,48,414,581
04/08/2021,SSF,TX,ASW,CE,Federal Contract Tower,0,0,10,8,18,0,0,114,0,114,0,0,124,8,132,156,0,156,288
04/09/2021,SSF,TX,ASW,CE,Federal Contract Tower,0,1,19,13,33,0,19,99,1,119,0,20,118,14,152,228,10,238,390
04/10/2021,SSF,TX,ASW,CE,Federal Contract Tower,0,0,7,0,7,0,10,60,2,72,0,10,67,2,79,88,0,88,167
04/11/2021,SSF,TX,ASW,CE,Federal Contract Tower,0,0,7,0,7,0,14,137,0,151,0,14,144,0,158,276,0,276,434
04/12/2021,SSF,TX,ASW,CE,Federal Contract Tower,0,0,12,16,28,0,4,97,0,101,0,4,109,16,129,186,16,202,331
04/13/2021,SSF,TX,ASW,CE,Federal Contract Tower,0,0,27,20,47,0,3,93,8,104,0,3,120,28,151,206,26,232,383
04/14/2021,SSF,TX,ASW,CE,Federal Contract Tower,0,0,19,20,39,0,12,74,0,86,0,12,93,20,125,250,14,264,389
04/15/2021,SSF,TX,ASW,CE,Federal Contract Tower,0,0,9,0,9,0,0,2,0,2,0,0,11,0,11,2,0,2,13
04/16/2021,SSF,TX,ASW,CE,Federal Contract Tower,0,0,6,2,8,0,0,6,0,6,0,0,12,2,14,32,0,32,46
04/17/2021,SSF,TX,ASW,CE,Federal Contract Tower,0,0,1,0,1,0,10,46,0,56,0,10,47,0,57,54,0,54,111
04/18/2021,SSF,TX,ASW,CE,Federal Contract Tower,0,0,7,0,7,0,6,123,0,129,0,6,130,0,136,164,0,164,300
04/19/2021,SSF,TX,ASW,CE,Federal Contract Tower,0,0,18,15,33,0,2,138,0,140,0,2,156,15,173,338,18,356,529
04/20/2021,SSF,TX,ASW,CE,Federal Contract Tower,0,0,8,18,26,0,0,179,4,183,0,0,187,22,209,292,16,308,517
04/21/2021,SSF,TX,ASW,CE,Federal Contract Tower,0,0,12,18,30,0,4,89,7,100,0,4,101,25,130,204,18,222,352
04/22/2021,SSF,TX,ASW,CE,Federal Contract Tower,0,0,13,2,15,0,3,43,2,48,0,3,56,4,63,66,2,68,131
04/23/2021,SSF,TX,ASW,CE,Federal Contract Tower,0,0,2,0,2,0,3,8,0,11,0,3,10,0,13,16,0,16,29
04/24/2021,SSF,TX,ASW,CE,Federal Contract Tower,0,0,16,2,18,0,25,110,0,135,0,25,126,2,153,270,0,270,423
04/25/2021,SSF,TX,ASW,CE,Federal Contract Tower,0,0,2,0,2,0,8,119,0,127,0,8,121,0,129,150,0,150,279
04/26/2021,SSF,TX,ASW,CE,Federal Contract Tower,0,0,8,4,12,0,4,104,0,108,0,4,112,4,120,124,4,128,248
04/27/2021,SSF,TX,ASW,CE,Federal Contract Tower,0,0,23,19,42,0,0,17,3,20,0,0,40,22,62,66,24,90,152
04/28/2021,SSF,TX,ASW,CE,Federal Contract Tower,0,0,12,9,21,0,4,82,1,87,0,4,94,10,108,182,4,186,294
04/29/2021,SSF,TX,ASW,CE,Federal Contract Tower,0,0,5,9,14,0,0,17,1,18,0,0,22,10,32,50,2,52,84
04/30/2021,SSF,TX,ASW,CE,Federal Contract Tower,0,0,5,0,5,0,4,10,2,16,0,4,15,2,21,60,8,68,89
05/01/2021,SSF,TX,ASW,CE,Federal Contract Tower,0,0,5,0,5,0,5,4,0,9,0,5,9,0,14,12,0,12,26
05/02/2021,SSF,TX,ASW,CE,Federal Contract Tower,0,0,5,0,5,0,6,107,0,113,0,6,112,0,118,256,0,256,374
05/03/2021,SSF,TX,ASW,CE,Federal Contract Tower,0,0,7,2,9,0,2,72,0,74,0,2,79,2,83,162,0,162,245
05/04/2021,SSF,TX,ASW,CE,Federal Contract Tower,0,0,16,14,30,0,4,109,4,117,0,4,125,18,147,162,14,176,323
05/05/2021,SSF,TX,ASW,CE,Federal Contract Tower,0,0,16,12,28,0,3,152,0,155,0,3,168,12,183,266,8,274,457
05/06/2021,SSF,TX,ASW,CE,Federal Contract Tower,0,0,15,11,26,0,4,128,3,135,0,4,143,14,161,228,8,236,397
05/07/2021,SSF,TX,ASW,CE,Federal Contract Tower,0,0,12,12,24,0,2,114,2,118,0,2,126,14,142,252,8,260,402
05/08/2021,SSF,TX,ASW,CE,Federal Contract Tower,0,0,16,1,17,0,11,66,9,86,0,11,82,10,103,130,8,138,241
05/09/2021,SSF,TX,ASW,CE,Federal Contract Tower,0,0,11,0,11,0,23,52,0,75,0,23,63,0,86,144,0,144,230
05/10/2021,SSF,TX,ASW,CE,Federal Contract Tower,0,0,13,20,33,0,0,55,1,56,0,0,68,21,89,182,24,206,295
05/11/2021,SSF,TX,ASW,CE,Federal Contract Tower,0,0,12,4,16,0,0,27,0,27,0,0,39,4,43,50,4,54,97
05/12/2021,SSF,TX,ASW,CE,Federal Contract Tower,0,0,6,12,18,0,6,41,2,49,0,6,47,14,67,158,10,168,235
05/13/2021,SSF,TX,ASW,CE,Federal Contract Tower,0,2,13,19,34,0,3,99,3,105,0,5,112,22,139,290,12,302,441
05/14/2021,SSF,TX,ASW,CE,Federal Contract Tower,0,0,18,14,32,0,2,109,3,114,0,2,127,17,146,260,6,266,412
05/15/2021,SSF,TX,ASW,CE,Federal Contract Tower,0,0,6,2,8,0,1,12,8,21,0,1,18,10,29,16,10,26,55
05/16/2021,SSF,TX,ASW,CE,Federal Contract Tower,0,0,2,4,6,0,10,15,2,27,0,10,17,6,33,18,4,22,55
05/17/2021,SSF,TX,ASW,CE,Federal Contract Tower,0,0,19,19,38,0,2,37,3,42,0,2,56,22,80,56,30,86,166
05/18/2021,SSF,TX,ASW,CE,Federal Contract Tower,0,0,2,12,14,0,4,37,0,41,0,4,39,12,55,62,6,68,123
05/19/2021,SSF,TX,ASW,CE,Federal Contract Tower,0,0,12,6,18,0,0,27,3,30,0,0,39,9,48,92,16,108,156
05/20/2021,SSF,TX,ASW,CE,Federal Contract Tower,0,0,7,25,32,0,4,132,1,137,0,4,139,26,169,194,18,212,381
05/21/2021,SSF,TX,ASW,CE,Federal Contract Tower,0,0,10,35,45,0,10,67,2,79,0,10,77,37,124,166,17,183,307
05/22/2021,SSF,TX,ASW,CE,Federal Contract Tower,0,0,2,0,2,0,6,21,2,29,0,6,23,2,31,58,12,70,101
05/23/2021,SSF,TX,ASW,CE,Federal Contract Tower,0,0,1,0,1,0,12,8,0,20,0,12,9,0,21,62,0,62,83
05/24/2021,SSF,TX,ASW,CE,Federal Contract Tower,0,0,21,22,43,0,0,41,0,41,0,0,62,22,84,132,10,142,226
05/25/2021,SSF,TX,ASW,CE,Federal Contract Tower,0,0,16,20,36,0,13,115,0,128,0,13,131,20,164,218,18,236,400
05/26/2021,SSF,TX,ASW,CE,Federal Contract Tower,0,0,37,20,57,0,8,97,2,107,0,8,134,22,164,368,24,392,556
05/27/2021,SSF,TX,ASW,CE,Federal Contract Tower,0,0,16,17,33,0,6,125,6,137,0,6,141,23,170,404,32,436,606
05/28/2021,SSF,TX,ASW,CE,Federal Contract Tower,0,0,24,0,24,0,23,60,3,86,0,23,84,3,110,238,0,238,348
05/29/2021,SSF,TX,ASW,CE,Federal Contract Tower,0,0,13,0,13,0,20,77,0,97,0,20,90,0,110,144,0,144,254
05/30/2021,SSF,TX,ASW,CE,Federal Contract Tower,0,0,6,0,6,0,20,29,0,49,0,20,35,0,55,102,0,102,157
05/31/2021,SSF,TX,ASW,CE,Federal Contract Tower,0,0,19,0,19,0,0,67,0,67,0,0,86,0,86,86,0,86,172
06/01/2021,SSF,TX,ASW,CE,Federal Contract Tower,0,0,7,14,21,0,1,99,0,100,0,1,106,14,121,202,10,212,333
06/02/2021,SSF,TX,ASW,CE,Federal Contract Tower,0,0,8,16,24,2,11,80,0,93,2,11,88,16,117,252,14,266,383
06/03/2021,SSF,TX,ASW,CE,Federal Contract Tower,0,0,7,2,9,0,8,26,0,34,0,8,33,2,43,40,2,42,85
06/04/2021,SSF,TX,ASW,CE,Federal Contract Tower,0,0,22,16,38,0,8,63,1,72,0,8,85,17,110,248,10,258,368
06/05/2021,SSF,TX,ASW,CE,Federal Contract Tower,0,0,6,0,6,0,20,71,6,97,0,20,77,6,103,154,0,154,257
06/06/2021,SSF,TX,ASW,CE,Federal Contract Tower,0,0,3,0,3,0,2,37,0,39,0,2,40,0,42,54,0,54,96
06/07/2021,SSF,TX,ASW,CE,Federal Contract Tower,0,0,18,18,36,0,2,61,0,63,0,2,79,18,99,154,12,166,265
06/08/2021,SSF,TX,ASW,CE,Federal Contract Tower,0,0,9,15,24,0,13,79,3,95,0,13,88,18,119,180,18,198,317
06/09/2021,SSF,TX,ASW,CE,Federal Contract Tower,0,0,16,24,40,0,9,87,1,97,0,9,103,25,137,258,20,278,415
06/10/2021,SSF,TX,ASW,CE,Federal Contract Tower,0,0,20,10,30,0,13,80,0,93,0,13,100,10,123,198,30,228,351
06/11/2021,SSF,TX,ASW,CE,Federal Contract Tower,0,0,5,18,23,0,3,100,7,110,0,3,105,25,133,200,14,214,347
06/12/2021,SSF,TX,ASW,CE,Federal Contract Tower,0,0,4,0,4,0,8,121,2,131,0,8,125,2,135,154,6,160,295
06/13/2021,SSF,TX,ASW,CE,Federal Contract Tower,0,0,3,2,5,0,5,73,0,78,0,5,76,2,83,128,2,130,213
06/14/2021,SSF,TX,ASW,CE,Federal Contract Tower,0,0,2,24,26,0,2,91,10,103,0,2,93,34,129,196,20,216,345
06/15/2021,SSF,TX,ASW,CE,Federal Contract Tower,0,0,6,18,24,0,0,132,0,132,0,0,138,18,156,264,14,278,434
06/16/2021,SSF,TX,ASW,CE,Federal Contract Tower,0,2,7,22,31,0,7,120,0,127,0,9,127,22,158,194,18,212,370
06/17/2021,SSF,TX,ASW,CE,Federal Contract Tower,0,0,1,24,25,0,7,131,0,138,0,7,132,24,163,218,16,234,397
06/18/2021,SSF,TX,ASW,CE,Federal Contract Tower,0,0,10,0,10,0,12,110,0,122,0,12,120,0,132,272,0,272,404
06/19/2021,SSF,TX,ASW,CE,Federal Contract Tower,0,0,1,0,1,0,26,100,7,133,0,26,101,7,134,222,6,228,362
06/20/2021,SSF,TX,ASW,CE,Federal Contract Tower,0,0,6,0,6,0,10,43,0,53,0,10,49,0,59,32,0,32,91
06/21/2021,SSF,TX,ASW,CE,Federal Contract Tower,0,2,6,26,34,0,14,91,0,105,0,16,97,26,139,170,16,186,325
06/22/2021,SSF,TX,ASW,CE,Federal Contract Tower,0,0,16,22,38,0,2,70,0,72,0,2,86,22,110,220,16,236,346
06/23/2021,SSF,TX,ASW,CE,Federal Contract Tower,0,0,18,18,36,0,10,77,0,87,0,10,95,18,123,174,12,186,309
06/24/2021,SSF,TX,ASW,CE,Federal Contract Tower,0,0,13,26,39,0,8,80,3,91,0,8,93,29,130,162,36,198,328
06/25/2021,SSF,TX,ASW,CE,Federal Contract Tower,0,0,12,23,35,0,15,103,3,121,0,15,115,26,156,186,30,216,372
06/26/2021,SSF,TX,ASW,CE,Federal Contract Tower,0,0,6,0,6,0,12,43,2,57,0,12,49,2,63,66,4,70,133
06/27/2021,SSF,TX,ASW,CE,Federal Contract Tower,0,0,6,0,6,0,6,34,3,43,0,6,40,3,49,50,0,50,99
06/28/2021,SSF,TX,ASW,CE,Federal Contract Tower,0,0,9,6,15,0,2,44,0,46,0,2,53,6,61,104,6,110,171
06/29/2021,SSF,TX,ASW,CE,Federal Contract Tower,0,0,6,8,14,0,5,33,0,38,0,5,39,8,52,86,6,92,144
06/30/2021,SSF,TX,ASW,CE,Federal Contract Tower,0,0,19,10,29,0,1,53,2,56,0,1,72,12,85,88,14,102,187
07/01/2021,SSF,TX,ASW,CE,Federal Contract Tower,0,0,11,8,19,0,0,114,0,114,0,0,125,8,133,236,4,240,373
07/02/2021,SSF,TX,ASW,CE,Federal Contract Tower,0,0,13,1,14,0,6,143,7,156,0,6,156,8,170,378,10,388,558
07/03/2021,SSF,TX,ASW,CE,Federal Contract Tower,0,0,7,0,7,0,15,60,0,75,0,15,67,0,82,150,0,150,232
07/04/2021,SSF,TX,ASW,CE,Federal Contract Tower,0,1,0,0,1,0,1,15,0,16,0,2,15,0,17,28,0,28,45
07/05/2021,SSF,TX,ASW,CE,Federal Contract Tower,0,0,3,0,3,0,4,15,0,19,0,4,18,0,22,0,0,0,22
07/06/2021,SSF,TX,ASW,CE,Federal Contract Tower,0,0,0,7,7,0,0,31,0,31,0,0,31,7,38,28,2,30,68
07/07/2021,SSF,TX,ASW,CE,Federal Contract Tower,0,0,27,6,33,0,1,25,4,30,0,1,52,10,63,70,20,90,153
07/08/2021,SSF,TX,ASW,CE,Federal Contract Tower,0,0,4,20,24,0,0,30,0,30,0,0,34,20,54,48,30,78,132
07/09/2021,SSF,TX,ASW,CE,Federal Contract Tower,0,0,2,0,2,0,0,2,0,2,0,0,4,0,4,2,0,2,6
07/10/2021,SSF,TX,ASW,CE,Federal Contract Tower,0,0,11,2,13,0,0,30,2,32,0,0,41,4,45,40,2,42,87
07/11/2021,SSF,TX,ASW,CE,Federal Contract Tower,0,0,23,0,23,0,16,86,0,102,0,16,109,0,125,186,0,186,311
07/12/2021,SSF,TX,ASW,CE,Federal Contract Tower,0,0,15,24,39,0,1,116,3,120,0,1,131,27,159,144,32,176,335
07/13/2021,SSF,TX,ASW,CE,Federal Contract Tower,0,0,2,8,10,0,0,42,3,45,0,0,44,11,55,98,14,112,167
07/14/2021,SSF,TX,ASW,CE,Federal Contract Tower,0,0,9,6,15,0,9,57,4,70,0,9,66,10,85,66,10,76,161
07/15/2021,SSF,TX,ASW,CE,Federal Contract Tower,0,0,28,16,44,0,8,123,4,135,0,8,151,20,179,222,20,242,421
07/16/2021,SSF,TX,ASW,CE,Federal Contract Tower,0,0,15,22,37,0,0,104,2,106,0,0,119,24,143,160,10,170,313
07/17/2021,SSF,TX,ASW,CE,Federal Contract Tower,0,0,14,0,14,0,20,83,6,109,0,20,97,6,123,148,0,148,271
07/18/2021,SSF,TX,ASW,CE,Federal Contract Tower,0,0,6,0,6,0,9,64,0,73,0,9,70,0,79,100,0,100,179
07/19/2021,SSF,TX,ASW,CE,Federal Contract Tower,0,1,3,20,24,0,5,88,7,100,0,6,91,27,124,118,10,128,252
07/20/2021,SSF,TX,ASW,CE,Federal Contract Tower,0,1,11,16,28,0,12,90,2,104,0,13,101,18,132,150,16,166,298
07/21/2021,SSF,TX,ASW,CE,Federal Contract Tower,0,0,10,22,32,0,4,122,2,128,0,4,132,24,160,210,18,228,388
07/22/2021,SSF,TX,ASW,CE,Federal Contract Tower,0,0,14,12,26,0,5,42,0,47,0,5,56,12,73,108,12,120,193
07/23/2021,SSF,TX,ASW,CE,Federal Contract Tower,0,0,12,19,31,0,9,90,1,100,0,9,102,20,131,142,14,156,287
07/24/2021,SSF,TX,ASW,CE,Federal Contract Tower,0,0,10,0,10,0,10,72,4,86,0,10,82,4,96,94,4,98,194
07/25/2021,SSF,TX,ASW,CE,Federal Contract Tower,0,0,4,0,4,0,17,63,0,80,0,17,67,0,84,60,0,60,144
07/26/2021,SSF,TX,ASW,CE,Federal Contract Tower,0,0,8,15,23,0,1,95,0,96,0,1,103,15,119,264,10,274,393
07/27/2021,SSF,TX,ASW,CE,Federal Contract Tower,0,0,11,20,31,0,4,93,3,100,0,4,104,23,131,216,36,252,383
07/28/2021,SSF,TX,ASW,CE,Federal Contract Tower,0,0,3,22,25,0,12,81,2,95,0,12,84,24,120,82,16,98,218
07/29/2021,SSF,TX,ASW,CE,Federal Contract Tower,0,0,2,22,24,0,7,87,0,94,0,7,89,22,118,156,12,168,286
07/30/2021,SSF,TX,ASW,CE,Federal Contract Tower,0,0,10,18,28,0,13,75,0,88,0,13,85,18,116,154,8,162,278
07/31/2021,SSF,TX,ASW,CE,Federal Contract Tower,0,0,14,0,14,0,12,53,0,65,0,12,67,0,79,32,0,32,111
08/01/2021,SSF,TX,ASW,CE,Federal Contract Tower,0,0,16,0,16,0,4,54,0,58,0,4,70,0,74,94,0,94,168
08/02/2021,SSF,TX,ASW,CE,Federal Contract Tower,0,0,3,8,11,0,2,20,0,22,0,2,23,8,33,48,0,48,81
08/03/2021,SSF,TX,ASW,CE,Federal Contract Tower,0,0,16,24,40,0,1,79,0,80,0,1,95,24,120,136,2,138,258
08/04/2021,SSF,TX,ASW,CE,Federal Contract Tower,0,0,12,16,28,0,6,103,0,109,0,6,115,16,137,172,10,182,319
08/05/2021,SSF,TX,ASW,CE,Federal Contract Tower,0,0,10,12,22,0,0,30,0,30,0,0,40,12,52,60,12,72,124
08/06/2021,SSF,TX,ASW,CE,Federal Contract Tower,0,0,3,16,19,0,8,96,5,109,0,8,99,21,128,188,18,206,334
08/07/2021,SSF,TX,ASW,CE,Federal Contract Tower,0,0,9,0,9,0,24,71,23,118,0,24,80,23,127,128,8,136,263
08/08/2021,SSF,TX,ASW,CE,Federal Contract Tower,0,0,2,2,4,0,17,43,0,60,0,17,45,2,64,114,2,116,180
08/09/2021,SSF,TX,ASW,CE,Federal Contract Tower,0,0,2,28,30,0,5,86,2,93,0,5,88,30,123,122,28,150,273
08/10/2021,SSF,TX,ASW,CE,Federal Contract Tower,0,0,7,22,29,0,6,94,0,100,0,6,101,22,129,94,12,106,235
08/11/2021,SSF,TX,ASW,CE,Federal Contract Tower,0,0,11,24,35,0,5,103,4,112,0,5,114,28,147,146,8,154,301
08/12/2021,SSF,TX,ASW,CE,Federal Contract Tower,0,0,10,24,34,0,3,86,5,94,0,3,96,29,128,200,28,228,356
08/13/2021,SSF,TX,ASW,CE,Federal Contract Tower,0,0,11,8,19,0,15,87,1,103,0,15,98,9,122,172,0,172,294
08/14/2021,SSF,TX,ASW,CE,Federal Contract Tower,0,0,13,10,23,0,22,85,0,107,0,22,98,10,130,172,6,178,308
08/15/2021,SSF,TX,ASW,CE,Federal Contract Tower,0,0,13,6,19,0,3,35,0,38,0,3,48,6,57,40,2,42,99
08/16/2021,SSF,TX,ASW,CE,Federal Contract Tower,0,0,9,14,23,0,2,83,0,85,0,2,92,14,108,108,2,110,218
08/17/2021,SSF,TX,ASW,CE,Federal Contract Tower,0,0,11,14,25,0,2,68,0,70,0,2,79,14,95,162,10,172,267
08/18/2021,SSF,TX,ASW,CE,Federal Contract Tower,0,0,15,16,31,0,6,82,0,88,0,6,97,16,119,178,12,190,309
08/19/2021,SSF,TX,ASW,CE,Federal Contract Tower,0,0,9,16,25,0,5,97,2,104,0,5,106,18,129,152,14,166,295
08/20/2021,SSF,TX,ASW,CE,Federal Contract Tower,0,0,11,24,35,0,7,85,0,92,0,7,96,24,127,116,16,132,259
08/21/2021,SSF,TX,ASW,CE,Federal Contract Tower,0,0,9,0,9,0,16,66,0,82,0,16,75,0,91,84,0,84,175
08/22/2021,SSF,TX,ASW,CE,Federal Contract Tower,0,0,4,0,4,0,6,62,2,70,0,6,66,2,74,104,8,112,186
08/23/2021,SSF,TX,ASW,CE,Federal Contract Tower,0,0,5,14,19,0,4,101,0,105,0,4,106,14,124,150,12,162,286
08/24/2021,SSF,TX,ASW,CE,Federal Contract Tower,0,0,8,28,36,0,0,108,0,108,0,0,116,28,144,162,32,194,338
08/25/2021,SSF,TX,ASW,CE,Federal Contract Tower,0,0,2,24,26,0,0,134,4,138,0,0,136,28,164,156,26,182,346
08/26/2021,SSF,TX,ASW,CE,Federal Contract Tower,0,2,4,12,18,0,4,124,6,134,0,6,128,18,152,244,14,258,410
08/27/2021,SSF,TX,ASW,CE,Federal Contract Tower,0,0,15,14,29,0,13,78,0,91,0,13,93,14,120,58,10,68,188
08/28/2021,SSF,TX,ASW,CE,Federal Contract Tower,0,0,13,2,15,0,20,70,0,90,0,20,83,2,105,130,2,132,237
08/29/2021,SSF,TX,ASW,CE,Federal Contract Tower,0,0,11,4,15,0,20,54,2,76,0,20,65,6,91,84,4,88,179
08/30/2021,SSF,TX,ASW,CE,Federal Contract Tower,0,1,3,8,12,0,2,94,0,96,0,3,97,8,108,88,6,94,202
08/31/2021,SSF,TX,ASW,CE,Federal Contract Tower,0,2,4,26,32,0,4,128,0,132,0,6,132,26,164,160,18,178,342
09/01/2021,SSF,TX,ASW,CE,Federal Contract Tower,0,0,4,14,18,0,2,86,0,88,0,2,90,14,106,118,6,124,230
09/02/2021,SSF,TX,ASW,CE,Federal Contract Tower,0,2,13,14,29,0,8,96,0,104,0,10,109,14,133,114,10,124,257
09/03/2021,SSF,TX,ASW,CE,Federal Contract Tower,0,0,11,2,13,0,0,127,0,127,0,0,138,2,140,216,2,218,358
09/04/2021,SSF,TX,ASW,CE,Federal Contract Tower,0,0,14,0,14,0,16,110,3,129,0,16,124,3,143,174,10,184,327
09/05/2021,SSF,TX,ASW,CE,Federal Contract Tower,0,0,1,0,1,0,9,98,0,107,0,9,99,0,108,88,0,88,196
09/06/2021,SSF,TX,ASW,CE,Federal Contract Tower,0,0,4,0,4,0,1,78,8,87,0,1,82,8,91,142,18,160,251
09/07/2021,SSF,TX,ASW,CE,Federal Contract Tower,0,0,6,12,18,0,0,106,2,108,0,0,112,14,126,92,6,98,224
09/08/2021,SSF,TX,ASW,CE,Federal Contract Tower,0,0,8,26,34,0,2,95,0,97,0,2,103,26,131,168,16,184,315
09/09/2021,SSF,TX,ASW,CE,Federal Contract Tower,0,0,7,14,21,0,4,111,4,119,0,4,118,18,140,214,12,226,366
09/10/2021,SSF,TX,ASW,CE,Federal Contract Tower,0,2,4,2,8,0,4,128,0,132,0,6,132,2,140,156,2,158,298
09/11/2021,SSF,TX,ASW,CE,Federal Contract Tower,0,0,0,2,2,0,16,66,4,86,0,16,66,6,88,102,0,102,190
09/12/2021,SSF,TX,ASW,CE,Federal Contract Tower,0,0,10,2,12,0,9,67,0,76,0,9,77,2,88,96,2,98,186
09/13/2021,SSF,TX,ASW,CE,Federal Contract Tower,0,0,17,0,17,0,1,28,0,29,0,1,45,0,46,16,0,16,62
09/14/2021,SSF,TX,ASW,CE,Federal Contract Tower,0,0,2,8,10,0,0,130,0,130,0,0,132,8,140,194,4,198,338
09/15/2021,SSF,TX,ASW,CE,Federal Contract Tower,0,0,7,2,9,0,4,80,8,92,0,4,87,10,101,210,14,224,325
09/16/2021,SSF,TX,ASW,CE,Federal Contract Tower,0,0,1,20,21,0,12,115,2,129,0,12,116,22,150,254,14,268,418
09/17/2021,SSF,TX,ASW,CE,Federal Contract Tower,0,0,8,6,14,0,6,97,0,103,0,6,105,6,117,144,2,146,263
09/18/2021,SSF,TX,ASW,CE,Federal Contract Tower,0,0,7,14,21,0,15,80,11,106,0,15,87,25,127,148,18,166,293
09/19/2021,SSF,TX,ASW,CE,Federal Contract Tower,0,0,6,0,6,0,10,66,2,78,0,10,72,2,84,144,0,144,228
09/20/2021,SSF,TX,ASW,CE,Federal Contract Tower,0,0,5,11,16,0,5,96,0,101,0,5,101,11,117,74,6,80,197
09/21/2021,SSF,TX,ASW,CE,Federal Contract Tower,0,0,12,6,18,0,1,81,0,82,0,1,93,6,100,190,4,194,294
09/22/2021,SSF,TX,ASW,CE,Federal Contract Tower,0,0,8,16,24,0,2,92,0,94,0,2,100,16,118,106,0,106,224
09/23/2021,SSF,TX,ASW,CE,Federal Contract Tower,0,0,12,12,24,0,0,142,2,144,0,0,154,14,168,312,14,326,494
09/24/2021,SSF,TX,ASW,CE,Federal Contract Tower,0,0,8,6,14,0,6,126,0,132,0,6,134,6,146,184,0,184,330
09/25/2021,SSF,TX,ASW,CE,Federal Contract Tower,0,0,2,0,2,0,20,88,0,108,0,20,90,0,110,198,0,198,308
09/26/2021,SSF,TX,ASW,CE,Federal Contract Tower,0,0,8,0,8,0,6,82,2,90,0,6,90,2,98,120,2,122,220
09/27/2021,SSF,TX,ASW,CE,Federal Contract Tower,0,0,6,16,22,0,2,105,0,107,0,2,111,16,129,120,6,126,255
09/28/2021,SSF,TX,ASW,CE,Federal Contract Tower,0,1,6,10,17,0,3,74,0,77,0,4,80,10,94,150,2,152,246
09/29/2021,SSF,TX,ASW,CE,Federal Contract Tower,0,0,3,12,15,0,8,61,0,69,0,8,64,12,84,84,6,90,174
09/30/2021,SSF,TX,ASW,CE,Federal Contract Tower,0,0,10,10,20,0,7,71,0,78,0,7,81,10,98,108,10,118,216
10/01/2021,SSF,TX,ASW,CE,Federal Contract Tower,0,0,10,6,16,0,0,73,0,73,0,0,83,6,89,220,6,226,315
10/02/2021,SSF,TX,ASW,CE,Federal Contract Tower,0,0,10,0,10,0,5,36,0,41,0,5,46,0,51,64,0,64,115
10/03/2021,SSF,TX,ASW,CE,Federal Contract Tower,0,0,4,0,4,0,2,88,3,93,0,2,92,3,97,140,4,144,241
10/04/2021,SSF,TX,ASW,CE,Federal Contract Tower,0,0,8,8,16,0,3,115,0,118,0,3,123,8,134,220,10,230,364
10/05/2021,SSF,TX,ASW,CE,Federal Contract Tower,0,0,4,4,8,0,2,158,0,160,0,2,162,4,168,182,2,184,352
10/06/2021,SSF,TX,ASW,CE,Federal Contract Tower,0,0,5,17,22,0,4,124,5,133,0,4,129,22,155,168,20,188,343
10/07/2021,SSF,TX,ASW,CE,Federal Contract Tower,0,1,5,9,15,0,2,142,0,144,0,3,147,9,159,136,4,140,299
10/08/2021,SSF,TX,ASW,CE,Federal Contract Tower,0,1,10,6,17,0,2,123,2,127,0,3,133,8,144,138,2,140,284
10/09/2021,SSF,TX,ASW,CE,Federal Contract Tower,0,0,3,0,3,0,1,115,0,116,0,1,118,0,119,128,0,128,247
10/10/2021,SSF,TX,ASW,CE,Federal Contract Tower,0,0,10,0,10,0,9,21,0,30,0,9,31,0,40,18,0,18,58
10/11/2021,SSF,TX,ASW,CE,Federal Contract Tower,0,0,5,0,5,0,2,135,0,137,0,2,140,0,142,114,0,114,256
10/12/2021,SSF,TX,ASW,CE,Federal Contract Tower,0,0,7,2,9,0,1,23,0,24,0,1,30,2,33,46,2,48,81
10/13/2021,SSF,TX,ASW,CE,Federal Contract Tower,0,0,2,2,4,0,1,36,3,40,0,1,38,5,44,44,8,52,96
10/14/2021,SSF,TX,ASW,CE,Federal Contract Tower,0,0,14,2,16,0,6,67,2,75,0,6,81,4,91,128,8,136,227
10/15/2021,SSF,TX,ASW,CE,Federal Contract Tower,0,0,9,2,11,0,5,46,3,54,0,5,55,5,65,46,0,46,111
10/16/2021,SSF,TX,ASW,CE,Federal Contract Tower,0,0,2,4,6,0,17,94,4,115,0,17,96,8,121,130,12,142,263
10/17/2021,SSF,TX,ASW,CE,Federal Contract Tower,0,0,4,0,4,0,2,109,0,111,0,2,113,0,115,240,0,240,355
10/18/2021,SSF,TX,ASW,CE,Federal Contract Tower,0,0,4,8,12,0,8,113,0,121,0,8,117,8,133,194,4,198,331
10/19/2021,SSF,TX,ASW,CE,Federal Contract Tower,0,0,4,10,14,0,9,115,1,125,0,9,119,11,139,152,10,162,301
10/20/2021,SSF,TX,ASW,CE,Federal Contract Tower,0,2,11,8,21,0,4,99,2,105,0,6,110,10,126,264,16,280,406
10/21/2021,SSF,TX,ASW,CE,Federal Contract Tower,0,0,3,18,21,0,2,116,2,120,0,2,119,20,141,356,8,364,505
10/22/2021,SSF,TX,ASW,CE,Federal Contract Tower,0,0,7,10,17,0,6,114,0,120,0,6,121,10,137,254,0,254,391
10/23/2021,SSF,TX,ASW,CE,Federal Contract Tower,0,0,9,2,11,0,0,78,0,78,0,0,87,2,89,146,0,146,235
10/24/2021,SSF,TX,ASW,CE,Federal Contract Tower,0,1,10,2,13,0,0,61,2,63,0,1,71,4,76,170,10,180,256
10/25/2021,SSF,TX,ASW,CE,Federal Contract Tower,0,0,10,26,36,0,0,84,0,84,0,0,94,26,120,116,0,116,236
10/26/2021,SSF,TX,ASW,CE,Federal Contract Tower,0,0,5,22,27,0,0,48,4,52,0,0,53,26,79,84,30,114,193
10/27/2021,SSF,TX,ASW,CE,Federal Contract Tower,0,0,0,2,2,0,0,51,0,51,0,0,51,2,53,52,0,52,105
10/28/2021,SSF,TX,ASW,CE,Federal Contract Tower,0,2,5,23,30,0,6,85,1,92,0,8,90,24,122,118,0,118,240
10/29/2021,SSF,TX,ASW,CE,Federal Contract Tower,0,1,7,8,16,0,25,107,0,132,0,26,114,8,148,114,0,114,262
10/30/2021,SSF,TX,ASW,CE,Federal Contract Tower,0,0,5,0,5,0,8,113,0,121,0,8,118,0,126,136,0,136,262
10/31/2021,SSF,TX,ASW,CE,Federal Contract Tower,0,0,2,0,2,0,0,74,1,75,0,0,76,1,77,184,0,184,261
11/01/2021,SSF,TX,ASW,CE,Federal Contract Tower,0,0,6,16,22,0,3,118,0,121,0,3,124,16,143,218,0,218,361
11/02/2021,SSF,TX,ASW,CE,Federal Contract Tower,0,0,9,11,20,0,5,101,0,106,0,5,110,11,126,162,0,162,288
11/03/2021,SSF,TX,ASW,CE,Federal Contract Tower,0,1,9,4,14,0,0,8,0,8,0,1,17,4,22,0,0,0,22
11/04/2021,SSF,TX,ASW,CE,Federal Contract Tower,0,0,16,20,36,0,5,32,4,41,0,5,48,24,77,96,10,106,183
11/05/2021,SSF,TX,ASW,CE,Federal Contract Tower,0,0,6,8,14,0,2,110,0,112,0,2,116,8,126,206,0,206,332
11/06/2021,SSF,TX,ASW,CE,Federal Contract Tower,0,0,6,2,8,0,2,137,6,145,0,2,143,8,153,282,0,282,435
11/07/2021,SSF,TX,ASW,CE,Federal Contract Tower,0,0,8,0,8,0,10,73,0,83,0,10,81,0,91,126,0,126,217
11/08/2021,SSF,TX,ASW,CE,Federal Contract Tower,0,0,6,22,28,0,0,114,2,116,0,0,120,24,144,280,0,280,424
11/09/2021,SSF,TX,ASW,CE,Federal Contract Tower,0,0,5,12,17,0,1,99,0,100,0,1,104,12,117,152,0,152,269
11/10/2021,SSF,TX,ASW,CE,Federal Contract Tower,0,2,23,10,35,0,2,72,0,74,0,4,95,10,109,158,0,158,267
11/11/2021,SSF,TX,ASW,CE,Federal Contract Tower,0,0,12,2,14,0,4,118,1,123,0,4,130,3,137,164,0,164,301
11/12/2021,SSF,TX,ASW,CE,Federal Contract Tower,0,0,7,18,25,0,11,124,0,135,0,11,131,18,160,234,0,234,394
11/13/2021,SSF,TX,ASW,CE,Federal Contract Tower,0,0,6,0,6,0,17,108,1,126,0,17,114,1,132,120,0,120,252
11/14/2021,SSF,TX,ASW,CE,Federal Contract Tower,0,0,4,2,6,0,1,82,0,83,0,1,86,2,89,162,0,162,251
11/15/2021,SSF,TX,ASW,CE,Federal Contract Tower,0,0,10,14,24,0,2,79,7,88,0,2,89,21,112,216,4,220,332
11/16/2021,SSF,TX,ASW,CE,Federal Contract Tower,0,0,12,2,14,0,0,70,2,72,0,0,82,4,86,62,4,66,152
11/17/2021,SSF,TX,ASW,CE,Federal Contract Tower,0,0,10,8,18,0,4,85,1,90,0,4,95,9,108,206,0,206,314
11/18/2021,SSF,TX,ASW,CE,Federal Contract Tower,0,0,10,6,16,0,6,57,6,69,0,6,67,12,85,98,0,98,183
11/19/2021,SSF,TX,ASW,CE,Federal Contract Tower,0,0,8,15,23,0,6,106,2,114,0,6,114,17,137,224,0,224,361
11/20/2021,SSF,TX,ASW,CE,Federal Contract Tower,0,0,20,14,34,0,2,55,0,57,0,2,75,14,91,172,0,172,263
11/21/2021,SSF,TX,ASW,CE,Federal Contract Tower,0,0,17,0,17,0,15,45,0,60,0,15,62,0,77,160,0,160,237
11/22/2021,SSF,TX,ASW,CE,Federal Contract Tower,0,1,10,16,27,0,0,94,0,94,0,1,104,16,121,90,0,90,211
11/23/2021,SSF,TX,ASW,CE,Federal Contract Tower,0,0,12,23,35,0,6,106,0,112,0,6,118,23,147,198,0,198,345
11/24/2021,SSF,TX,ASW,CE,Federal Contract Tower,0,0,25,18,43,0,2,58,0,60,0,2,83,18,103,124,0,124,227
11/25/2021,SSF,TX,ASW,CE,Federal Contract Tower,0,0,0,0,0,0,1,14,0,15,0,1,14,0,15,0,0,0,15
11/26/2021,SSF,TX,ASW,CE,Federal Contract Tower,0,0,5,2,7,0,2,81,0,83,0,2,86,2,90,162,0,162,252
11/27/2021,SSF,TX,ASW,CE,Federal Contract Tower,0,0,6,0,6,0,0,6,0,6,0,0,12,0,12,2,0,2,14
11/28/2021,SSF,TX,ASW,CE,Federal Contract Tower,0,0,3,0,3,0,12,86,0,98,0,12,89,0,101,162,0,162,263
11/29/2021,SSF,TX,ASW,CE,Federal Contract Tower,0,0,5,18,23,0,1,84,0,85,0,1,89,18,108,202,0,202,310
11/30/2021,SSF,TX,ASW,CE,Federal Contract Tower,0,2,11,22,35,0,3,127,4,134,0,5,138,26,169,226,0,226,395
12/01/2021,SSF,TX,ASW,CE,Federal Contract Tower,0,0,15,14,29,0,0,87,1,88,0,0,102,15,117,192,0,192,309
12/02/2021,SSF,TX,ASW,CE,Federal Contract Tower,0,0,20,4,24,0,5,41,3,49,0,5,61,7,73,118,22,140,213
12/03/2021,SSF,TX,ASW,CE,Federal Contract Tower,0,0,16,6,22,0,6,51,1,58,0,6,67,7,80,112,0,112,192
12/04/2021,SSF,TX,ASW,CE,Federal Contract Tower,0,0,25,0,25,0,6,52,0,58,0,6,77,0,83,118,0,118,201
12/05/2021,SSF,TX,ASW,CE,Federal Contract Tower,0,0,24,5,29,0,2,23,0,25,0,2,47,5,54,72,0,72,126
12/06/2021,SSF,TX,ASW,CE,Federal Contract Tower,0,0,19,16,35,0,0,54,0,54,0,0,73,16,89,48,0,48,137
12/07/2021,SSF,TX,ASW,CE,Federal Contract Tower,0,0,5,15,20,0,2,131,0,133,0,2,136,15,153,132,0,132,285
12/08/2021,SSF,TX,ASW,CE,Federal Contract Tower,0,1,11,11,23,0,5,114,1,120,0,6,125,12,143,198,0,198,341
12/09/2021,SSF,TX,ASW,CE,Federal Contract Tower,0,0,12,10,22,0,6,51,0,57,0,6,63,10,79,104,0,104,183
12/10/2021,SSF,TX,ASW,CE,Federal Contract Tower,0,0,11,16,27,0,8,44,5,57,0,8,55,21,84,88,36,124,208
12/11/2021,SSF,TX,ASW,CE,Federal Contract Tower,0,0,4,4,8,0,15,32,0,47,0,15,36,4,55,34,0,34,89
12/12/2021,SSF,TX,ASW,CE,Federal Contract Tower,0,0,6,4,10,0,9,82,0,91,0,9,88,4,101,82,0,82,183
12/13/2021,SSF,TX,ASW,CE,Federal Contract Tower,0,0,17,15,32,0,7,41,1,49,0,7,58,16,81,176,0,176,257
12/14/2021,SSF,TX,ASW,CE,Federal Contract Tower,0,0,14,16,30,0,0,29,3,32,0,0,43,19,62,74,10,84,146
12/15/2021,SSF,TX,ASW,CE,Federal Contract Tower,0,0,20,23,43,0,13,60,1,74,0,13,80,24,117,100,0,100,217
12/16/2021,SSF,TX,ASW,CE,Federal Contract Tower,0,0,16,12,28,0,2,65,0,67,0,2,81,12,95,178,0,178,273
12/17/2021,SSF,TX,ASW,CE,Federal Contract Tower,0,0,30,6,36,0,14,63,0,77,0,14,93,6,113,52,0,52,165
12/18/2021,SSF,TX,ASW,CE,Federal Contract Tower,0,0,3,0,3,0,11,6,0,17,0,11,9,0,20,28,0,28,48
12/19/2021,SSF,TX,ASW,CE,Federal Contract Tower,0,0,1,0,1,0,12,51,0,63,0,12,52,0,64,48,0,48,112
12/20/2021,SSF,TX,ASW,CE,Federal Contract Tower,0,0,8,4,12,0,1,111,0,112,0,1,119,4,124,166,0,166,290
12/21/2021,SSF,TX,ASW,CE,Federal Contract Tower,0,0,8,20,28,0,7,132,0,139,0,7,140,20,167,128,0,128,295
12/22/2021,SSF,TX,ASW,CE,Federal Contract Tower,0,1,5,27,33,0,19,115,0,134,0,20,120,27,167,100,0,100,267
12/23/2021,SSF,TX,ASW,CE,Federal Contract Tower,0,0,7,0,7,0,2,35,0,37,0,2,42,0,44,90,0,90,134
12/24/2021,SSF,TX,ASW,CE,Federal Contract Tower,0,0,4,0,4,0,0,28,0,28,0,0,32,0,32,50,0,50,82
12/25/2021,SSF,TX,ASW,CE,Federal Contract Tower,0,0,5,0,5,0,0,28,0,28,0,0,33,0,33,4,0,4,37
12/26/2021,SSF,TX,ASW,CE,Federal Contract Tower,0,0,1,0,1,0,1,20,0,21,0,1,21,0,22,8,0,8,30
12/27/2021,SSF,TX,ASW,CE,Federal Contract Tower,0,0,6,2,8,0,0,75,0,75,0,0,81,2,83,100,0,100,183
12/28/2021,SSF,TX,ASW,CE,Federal Contract Tower,0,0,18,0,18,0,2,54,0,56,0,2,72,0,74,198,0,198,272
12/29/2021,SSF,TX,ASW,CE,Federal Contract Tower,0,0,9,1,10,0,9,63,1,73,0,9,72,2,83,76,0,76,159
12/30/2021,SSF,TX,ASW,CE,Federal Contract Tower,0,0,9,0,9,0,14,79,0,93,0,14,88,0,102,116,0,116,218
12/31/2021,SSF,TX,ASW,CE,Federal Contract Tower,0,0,4,0,4,0,1,25,0,26,0,1,29,0,30,22,0,22,52
01/01/2022,SSF,TX,ASW,CE,Federal Contract Tower,0,0,3,0,3,0,3,54,0,57,0,3,57,0,60,58,0,58,118
01/02/2022,SSF,TX,ASW,CE,Federal Contract Tower,0,0,6,0,6,0,6,27,0,33,0,6,33,0,39,24,0,24,63
01/03/2022,SSF,TX,ASW,CE,Federal Contract Tower,0,0,0,0,0,0,7,104,0,111,0,7,104,0,111,148,0,148,259
01/04/2022,SSF,TX,ASW,CE,Federal Contract Tower,0,0,5,2,7,0,1,72,1,74,0,1,77,3,81,42,0,42,123
01/05/2022,SSF,TX,ASW,CE,Federal Contract Tower,0,0,12,11,23,0,6,97,4,107,0,6,109,15,130,206,0,206,336
01/06/2022,SSF,TX,ASW,CE,Federal Contract Tower,0,0,4,8,12,0,0,90,2,92,0,0,94,10,104,126,4,130,234
01/07/2022,SSF,TX,ASW,CE,Federal Contract Tower,0,0,18,10,28,0,6,37,2,45,0,6,55,12,73,120,0,120,193
01/08/2022,SSF,TX,ASW,CE,Federal Contract Tower,0,0,0,0,0,0,0,0,0,0,0,0,0,0,0,0,0,0,0
01/09/2022,SSF,TX,ASW,CE,Federal Contract Tower,0,0,4,8,12,0,5,57,0,62,0,5,61,8,74,146,8,154,228
01/10/2022,SSF,TX,ASW,CE,Federal Contract Tower,0,0,8,18,26,0,4,76,0,80,0,4,84,18,106,84,0,84,190
01/11/2022,SSF,TX,ASW,CE,Federal Contract Tower,0,0,11,18,29,0,5,81,4,90,0,5,92,22,119,130,6,136,255
01/12/2022,SSF,TX,ASW,CE,Federal Contract Tower,0,0,2,22,24,0,4,95,0,99,0,4,97,22,123,244,0,244,367
01/13/2022,SSF,TX,ASW,CE,Federal Contract Tower,0,0,13,24,37,0,2,131,0,133,0,2,144,24,170,256,2,258,428
01/14/2022,SSF,TX,ASW,CE,Federal Contract Tower,0,0,11,12,23,0,4,127,0,131,0,4,138,12,154,172,4,176,330
01/15/2022,SSF,TX,ASW,CE,Federal Contract Tower,0,0,0,0,0,0,2,12,0,14,0,2,12,0,14,0,0,0,14
01/16/2022,SSF,TX,ASW,CE,Federal Contract Tower,0,0,1,0,1,0,10,83,0,93,0,10,84,0,94,88,0,88,182
01/17/2022,SSF,TX,ASW,CE,Federal Contract Tower,0,0,1,4,5,0,3,120,0,123,0,3,121,4,128,168,0,168,296
01/18/2022,SSF,TX,ASW,CE,Federal Contract Tower,0,0,1,10,11,0,3,99,2,104,0,3,100,12,115,130,0,130,245
01/19/2022,SSF,TX,ASW,CE,Federal Contract Tower,0,0,11,18,29,0,1,58,0,59,0,1,69,18,88,160,0,160,248
01/20/2022,SSF,TX,ASW,CE,Federal Contract Tower,0,0,1,17,18,0,0,17,0,17,0,0,18,17,35,54,0,54,89
01/21/2022,SSF,TX,ASW,CE,Federal Contract Tower,0,0,6,16,22,0,3,87,2,92,0,3,93,18,114,182,0,182,296
01/22/2022,SSF,TX,ASW,CE,Federal Contract Tower,0,0,17,13,30,0,8,71,1,80,0,8,88,14,110,142,0,142,252
01/23/2022,SSF,TX,ASW,CE,Federal Contract Tower,0,0,14,2,16,0,0,73,3,76,0,0,87,5,92,156,0,156,248
01/24/2022,SSF,TX,ASW,CE,Federal Contract Tower,0,1,6,16,23,0,0,15,0,15,0,1,21,16,38,22,0,22,60
01/25/2022,SSF,TX,ASW,CE,Federal Contract Tower,0,0,12,8,20,0,3,63,0,66,0,3,75,8,86,160,0,160,246
01/26/2022,SSF,TX,ASW,CE,Federal Contract Tower,0,0,17,10,27,0,6,87,0,93,0,6,104,10,120,260,0,260,380
01/27/2022,SSF,TX,ASW,CE,Federal Contract Tower,0,0,9,12,21,0,1,123,0,124,0,1,132,12,145,230,0,230,375
01/28/2022,SSF,TX,ASW,CE,Federal Contract Tower,0,0,4,28,32,0,10,89,0,99,0,10,93,28,131,122,0,122,253
01/29/2022,SSF,TX,ASW,CE,Federal Contract Tower,0,0,2,4,6,0,16,88,1,105,0,16,90,5,111,134,0,134,245
01/30/2022,SSF,TX,ASW,CE,Federal Contract Tower,0,0,6,0,6,0,3,97,2,102,0,3,103,2,108,130,0,130,238
01/31/2022,SSF,TX,ASW,CE,Federal Contract Tower,0,0,11,0,11,0,0,4,0,4,0,0,15,0,15,8,0,8,23
02/01/2022,SSF,TX,ASW,CE,Federal Contract Tower,0,0,9,11,20,0,5,97,4,106,0,5,106,15,126,220,6,226,352
02/02/2022,SSF,TX,ASW,CE,Federal Contract Tower,0,0,4,0,4,0,0,0,0,0,0,0,4,0,4,0,0,0,4
02/03/2022,SSF,TX,ASW,CE,Federal Contract Tower,0,0,0,0,0,0,0,9,0,9,0,0,9,0,9,0,0,0,9
02/04/2022,SSF,TX,ASW,CE,Federal Contract Tower,0,0,5,0,5,0,5,34,0,39,0,5,39,0,44,32,0,32,76
02/05/2022,SSF,TX,ASW,CE,Federal Contract Tower,0,1,6,0,7,0,8,104,8,120,0,9,110,8,127,160,0,160,287
02/06/2022,SSF,TX,ASW,CE,Federal Contract Tower,0,0,3,0,3,0,6,70,2,78,0,6,73,2,81,126,0,126,207
02/07/2022,SSF,TX,ASW,CE,Federal Contract Tower,0,0,4,11,15,0,3,103,2,108,0,3,107,13,123,62,0,62,185
02/08/2022,SSF,TX,ASW,CE,Federal Contract Tower,0,0,7,10,17,0,0,107,1,108,0,0,114,11,125,248,0,248,373
02/09/2022,SSF,TX,ASW,CE,Federal Contract Tower,0,2,8,16,26,0,2,125,0,127,0,4,133,16,153,188,0,188,341
02/10/2022,SSF,TX,ASW,CE,Federal Contract Tower,0,2,11,18,31,0,6,115,4,125,0,8,126,22,156,206,0,206,362
02/11/2022,SSF,TX,ASW,CE,Federal Contract Tower,0,3,7,8,18,0,3,87,1,91,0,6,94,9,109,130,0,130,239
02/12/2022,SSF,TX,ASW,CE,Federal Contract Tower,0,0,6,8,14,0,27,15,0,42,0,27,21,8,56,12,0,12,68
02/13/2022,SSF,TX,ASW,CE,Federal Contract Tower,0,0,3,8,11,0,29,77,3,109,0,29,80,11,120,214,0,214,334
02/14/2022,SSF,TX,ASW,CE,Federal Contract Tower,0,0,7,17,24,0,36,95,3,134,0,36,102,20,158,196,0,196,354
02/15/2022,SSF,TX,ASW,CE,Federal Contract Tower,0,0,10,23,33,0,5,103,3,111,0,5,113,26,144,266,4,270,414
02/16/2022,SSF,TX,ASW,CE,Federal Contract Tower,0,0,20,13,33,0,0,62,2,64,0,0,82,15,97,180,22,202,299
02/17/2022,SSF,TX,ASW,CE,Federal Contract Tower,0,0,4,6,10,0,5,65,6,76,0,5,69,12,86,74,22,96,182
02/18/2022,SSF,TX,ASW,CE,Federal Contract Tower,0,0,14,16,30,0,22,106,3,131,0,22,120,19,161,164,0,164,325
02/19/2022,SSF,TX,ASW,CE,Federal Contract Tower,0,1,6,0,7,0,13,113,4,130,0,14,119,4,137,200,16,216,353
02/20/2022,SSF,TX,ASW,CE,Federal Contract Tower,0,0,9,0,9,0,13,65,2,80,0,13,74,2,89,158,0,158,247
02/21/2022,SSF,TX,ASW,CE,Federal Contract Tower,0,0,16,0,16,0,4,66,4,74,0,4,82,4,90,52,0,52,142
02/22/2022,SSF,TX,ASW,CE,Federal Contract Tower,0,0,26,16,42,0,8,82,4,94,0,8,108,20,136,174,0,174,310
02/23/2022,SSF,TX,ASW,CE,Federal Contract Tower,0,0,7,0,7,0,3,13,0,16,0,3,20,0,23,22,0,22,45
02/24/2022,SSF,TX,ASW,CE,Federal Contract Tower,0,0,3,12,15,0,0,2,0,2,0,0,5,12,17,0,0,0,17
02/25/2022,SSF,TX,ASW,CE,Federal Contract Tower,0,0,6,10,16,0,6,36,0,42,0,6,42,10,58,140,0,140,198
02/26/2022,SSF,TX,ASW,CE,Federal Contract Tower,0,0,0,2,2,0,0,0,0,0,0,0,0,2,2,0,0,0,2
02/27/2022,SSF,TX,ASW,CE,Federal Contract Tower,0,0,8,4,12,0,9,81,0,90,0,9,89,4,102,90,0,90,192
02/28/2022,SSF,TX,ASW,CE,Federal Contract Tower,0,0,2,19,21,0,1,112,3,116,0,1,114,22,137,188,0,188,325
03/01/2022,SSF,TX,ASW,CE,Federal Contract Tower,0,0,8,18,26,0,0,89,0,89,0,0,97,18,115,110,0,110,225
03/02/2022,SSF,TX,ASW,CE,Federal Contract Tower,0,0,10,16,26,0,4,119,1,124,0,4,129,17,150,160,0,160,310
03/03/2022,SSF,TX,ASW,CE,Federal Contract Tower,0,1,27,14,42,0,3,101,1,105,0,4,128,15,147,274,0,274,421
03/04/2022,SSF,TX,ASW,CE,Federal Contract Tower,0,1,13,4,18,0,2,60,0,62,0,3,73,4,80,122,0,122,202
03/05/2022,SSF,TX,ASW,CE,Federal Contract Tower,0,0,12,0,12,0,15,53,20,88,0,15,65,20,100,180,4,184,284
03/06/2022,SSF,TX,ASW,CE,Federal Contract Tower,0,0,6,0,6,0,0,14,2,16,0,0,20,2,22,46,0,46,68
03/07/2022,SSF,TX,ASW,CE,Federal Contract Tower,0,0,6,25,31,0,0,36,3,39,0,0,42,28,70,64,0,64,134
03/08/2022,SSF,TX,ASW,CE,Federal Contract Tower,0,0,7,24,31,0,2,63,0,65,0,2,70,24,96,100,0,100,196
03/09/2022,SSF,TX,ASW,CE,Federal Contract Tower,0,0,9,24,33,0,0,124,4,128,0,0,133,28,161,216,0,216,377
03/10/2022,SSF,TX,ASW,CE,Federal Contract Tower,0,0,3,27,30,0,0,131,4,135,0,0,134,31,165,182,2,184,349
03/11/2022,SSF,TX,ASW,CE,Federal Contract Tower,0,0,7,15,22,0,5,16,7,28,0,5,23,22,50,14,20,34,84
03/12/2022,SSF,TX,ASW,CE,Federal Contract Tower,0,0,4,2,6,0,12,102,6,120,0,12,106,8,126,154,0,154,280
03/13/2022,SSF,TX,ASW,CE,Federal Contract Tower,0,0,9,2,11,0,21,60,1,82,0,21,69,3,93,128,10,138,231
03/14/2022,SSF,TX,ASW,CE,Federal Contract Tower,0,0,6,26,32,0,5,64,0,69,0,5,70,26,101,48,0,48,149
03/15/2022,SSF,TX,ASW,CE,Federal Contract Tower,0,0,3,14,17,0,7,106,1,114,0,7,109,15,131,180,0,180,311
03/16/2022,SSF,TX,ASW,CE,Federal Contract Tower,0,0,5,16,21,0,12,110,2,124,0,12,115,18,145,124,10,134,279
03/17/2022,SSF,TX,ASW,CE,Federal Contract Tower,0,0,10,26,36,0,10,46,0,56,0,10,56,26,92,176,0,176,268
03/18/2022,SSF,TX,ASW,CE,Federal Contract Tower,0,0,3,12,15,0,9,89,0,98,0,9,92,12,113,110,0,110,223
03/19/2022,SSF,TX,ASW,CE,Federal Contract Tower,0,0,5,0,5,0,26,93,0,119,0,26,98,0,124,234,0,234,358
03/20/2022,SSF,TX,ASW,CE,Federal Contract Tower,0,0,2,2,4,0,16,72,0,88,0,16,74,2,92,198,0,198,290
03/21/2022,SSF,TX,ASW,CE,Federal Contract Tower,0,0,1,0,1,0,4,12,0,16,0,4,13,0,17,12,0,12,29
03/22/2022,SSF,TX,ASW,CE,Federal Contract Tower,0,2,8,28,38,0,2,81,0,83,0,4,89,28,121,102,0,102,223
03/23/2022,SSF,TX,ASW,CE,Federal Contract Tower,0,0,6,27,33,0,2,99,2,103,0,2,105,29,136,212,0,212,348
03/24/2022,SSF,TX,ASW,CE,Federal Contract Tower,0,2,9,16,27,0,1,109,2,112,0,3,118,18,139,178,0,178,317
03/25/2022,SSF,TX,ASW,CE,Federal Contract Tower,0,0,10,2,12,0,3,125,3,131,0,3,135,5,143,248,0,248,391
03/26/2022,SSF,TX,ASW,CE,Federal Contract Tower,0,0,9,18,27,0,4,66,6,76,0,4,75,24,103,180,6,186,289
03/27/2022,SSF,TX,ASW,CE,Federal Contract Tower,0,0,7,0,7,0,3,104,2,109,0,3,111,2,116,172,10,182,298
03/28/2022,SSF,TX,ASW,CE,Federal Contract Tower,0,2,4,22,28,0,6,79,0,85,0,8,83,22,113,160,0,160,273
03/29/2022,SSF,TX,ASW,CE,Federal Contract Tower,0,2,16,20,38,0,2,51,0,53,0,4,67,20,91,98,0,98,189
03/30/2022,SSF,TX,ASW,CE,Federal Contract Tower,0,0,8,5,13,0,3,59,5,67,0,3,67,10,80,62,8,70,150
03/31/2022,SSF,TX,ASW,CE,Federal Contract Tower,0,2,4,10,16,0,8,144,3,155,0,10,148,13,171,324,0,324,495
04/01/2022,SSF,TX,ASW,CE,Federal Contract Tower,0,0,7,33,40,0,7,108,1,116,0,7,115,34,156,232,0,232,388
04/02/2022,SSF,TX,ASW,CE,Federal Contract Tower,0,0,10,2,12,0,20,83,3,106,0,20,93,5,118,132,0,132,250
04/03/2022,SSF,TX,ASW,CE,Federal Contract Tower,0,0,6,4,10,0,4,74,0,78,0,4,80,4,88,112,0,112,200
04/04/2022,SSF,TX,ASW,CE,Federal Contract Tower,0,0,17,27,44,0,0,38,1,39,0,0,55,28,83,80,0,80,163
04/05/2022,SSF,TX,ASW,CE,Federal Contract Tower,0,0,11,38,49,0,1,86,4,91,0,1,97,42,140,90,8,98,238
04/06/2022,SSF,TX,ASW,CE,Federal Contract Tower,0,0,10,16,26,0,3,43,0,46,0,3,53,16,72,56,0,56,128
04/07/2022,SSF,TX,ASW,CE,Federal Contract Tower,0,0,9,31,40,0,2,123,6,131,0,2,132,37,171,138,0,138,309
04/08/2022,SSF,TX,ASW,CE,Federal Contract Tower,0,0,6,20,26,0,12,119,2,133,0,12,125,22,159,230,0,230,389
04/09/2022,SSF,TX,ASW,CE,Federal Contract Tower,0,0,3,0,3,0,10,97,4,111,0,10,100,4,114,102,0,102,216
04/10/2022,SSF,TX,ASW,CE,Federal Contract Tower,0,0,5,1,6,0,2,55,0,57,0,2,60,1,63,106,0,106,169
04/11/2022,SSF,TX,ASW,CE,Federal Contract Tower,0,0,16,22,38,0,2,68,3,73,0,2,84,25,111,258,6,264,375
04/12/2022,SSF,TX,ASW,CE,Federal Contract Tower,0,0,10,18,28,0,1,67,2,70,0,1,77,20,98,180,0,180,278
04/13/2022,SSF,TX,ASW,CE,Federal Contract Tower,0,0,12,16,28,0,6,66,2,74,0,6,78,18,102,74,0,74,176
04/14/2022,SSF,TX,ASW,CE,Federal Contract Tower,0,0,11,28,39,0,2,119,4,125,0,2,130,32,164,220,6,226,390
04/15/2022,SSF,TX,ASW,CE,Federal Contract Tower,0,0,14,19,33,0,16,39,4,59,0,16,53,23,92,142,10,152,244
04/16/2022,SSF,TX,ASW,CE,Federal Contract Tower,0,0,14,0,14,0,10,61,0,71,0,10,75,0,85,198,0,198,283
04/17/2022,SSF,TX,ASW,CE,Federal Contract Tower,0,0,12,4,16,0,1,16,2,19,0,1,28,6,35,6,4,10,45
04/18/2022,SSF,TX,ASW,CE,Federal Contract Tower,0,0,6,24,30,0,8,99,1,108,0,8,105,25,138,254,8,262,400
04/19/2022,SSF,TX,ASW,CE,Federal Contract Tower,0,1,26,8,35,0,2,45,0,47,0,3,71,8,82,208,0,208,290
04/20/2022,SSF,TX,ASW,CE,Federal Contract Tower,0,0,27,6,33,0,6,76,0,82,0,6,103,6,115,166,4,170,285
04/21/2022,SSF,TX,ASW,CE,Federal Contract Tower,0,1,18,8,27,0,0,54,0,54,0,1,72,8,81,80,0,80,161
04/22/2022,SSF,TX,ASW,CE,Federal Contract Tower,0,0,10,0,10,0,10,63,0,73,0,10,73,0,83,68,0,68,151
04/23/2022,SSF,TX,ASW,CE,Federal Contract Tower,0,0,4,0,4,0,2,33,0,35,0,2,37,0,39,46,0,46,85
04/24/2022,SSF,TX,ASW,CE,Federal Contract Tower,0,1,5,0,6,0,13,43,3,59,0,14,48,3,65,42,0,42,107
04/25/2022,SSF,TX,ASW,CE,Federal Contract Tower,0,0,1,0,1,0,0,18,0,18,0,0,19,0,19,2,0,2,21
04/26/2022,SSF,TX,ASW,CE,Federal Contract Tower,0,0,11,8,19,0,1,111,1,113,0,1,122,9,132,118,0,118,250
04/27/2022,SSF,TX,ASW,CE,Federal Contract Tower,0,0,11,13,24,0,0,133,2,135,0,0,144,15,159,256,0,256,415
04/28/2022,SSF,TX,ASW,CE,Federal Contract Tower,0,0,14,25,39,0,2,90,0,92,0,2,104,25,131,76,0,76,207
04/29/2022,SSF,TX,ASW,CE,Federal Contract Tower,0,0,7,18,25,0,8,59,0,67,0,8,66,18,92,146,0,146,238
04/30/2022,SSF,TX,ASW,CE,Federal Contract Tower,0,2,13,0,15,0,6,43,0,49,0,8,56,0,64,100,0,100,164
05/01/2022,SSF,TX,ASW,CE,Federal Contract Tower,0,1,8,1,10,0,14,46,3,63,0,15,54,4,73,60,0,60,133
05/02/2022,SSF,TX,ASW,CE,Federal Contract Tower,0,0,16,18,34,0,2,50,0,52,0,2,66,18,86,74,0,74,160
05/03/2022,SSF,TX,ASW,CE,Federal Contract Tower,0,0,9,25,34,0,2,106,2,110,0,2,115,27,144,303,0,303,447
05/04/2022,SSF,TX,ASW,CE,Federal Contract Tower,0,0,25,2,27,0,7,60,0,67,0,7,85,2,94,0,0,0,94
05/05/2022,SSF,TX,ASW,CE,Federal Contract Tower,0,0,14,16,30,0,2,49,0,51,0,2,63,16,81,68,0,68,149
05/06/2022,SSF,TX,ASW,CE,Federal Contract Tower,0,2,19,16,37,0,6,124,1,131,0,8,143,17,168,115,12,127,295
05/07/2022,SSF,TX,ASW,CE,Federal Contract Tower,0,0,12,0,12,0,16,117,17,150,0,16,129,17,162,96,0,96,258
05/08/2022,SSF,TX,ASW,CE,Federal Contract Tower,0,0,7,0,7,0,12,43,0,55,0,12,50,0,62,74,0,74,136
05/09/2022,SSF,TX,ASW,CE,Federal Contract Tower,0,0,12,14,26,0,2,77,0,79,0,2,89,14,105,44,0,44,149
05/10/2022,SSF,TX,ASW,CE,Federal Contract Tower,0,0,14,24,38,0,0,88,1,89,0,0,102,25,127,150,0,150,277
05/11/2022,SSF,TX,ASW,CE,Federal Contract Tower,0,0,14,23,37,0,1,90,0,91,0,1,104,23,128,134,0,134,262
05/12/2022,SSF,TX,ASW,CE,Federal Contract Tower,0,0,21,14,35,0,0,86,2,88,0,0,107,16,123,120,0,120,243
05/13/2022,SSF,TX,ASW,CE,Federal Contract Tower,0,2,5,18,25,0,4,96,0,100,0,6,101,18,125,120,0,120,245
05/14/2022,SSF,TX,ASW,CE,Federal Contract Tower,0,0,7,0,7,0,18,61,2,81,0,18,68,2,88,66,0,66,154
05/15/2022,SSF,TX,ASW,CE,Federal Contract Tower,0,2,7,0,9,0,5,74,0,79,0,7,81,0,88,99,0,99,187
05/16/2022,SSF,TX,ASW,CE,Federal Contract Tower,0,0,19,16,35,0,2,98,5,105,0,2,117,21,140,144,0,144,284
05/17/2022,SSF,TX,ASW,CE,Federal Contract Tower,0,0,5,14,19,0,4,114,2,120,0,4,119,16,139,104,16,120,259
05/18/2022,SSF,TX,ASW,CE,Federal Contract Tower,0,0,12,26,38,0,3,83,1,87,0,3,95,27,125,116,0,116,241
05/19/2022,SSF,TX,ASW,CE,Federal Contract Tower,0,0,7,24,31,0,0,90,0,90,0,0,97,24,121,96,0,96,217
05/20/2022,SSF,TX,ASW,CE,Federal Contract Tower,0,0,9,14,23,0,7,60,0,67,0,7,69,14,90,70,0,70,160
05/21/2022,SSF,TX,ASW,CE,Federal Contract Tower,0,0,5,0,5,0,9,54,0,63,0,9,59,0,68,134,0,134,202
05/22/2022,SSF,TX,ASW,CE,Federal Contract Tower,0,0,2,4,6,0,0,50,0,50,0,0,52,4,56,80,0,80,136
05/23/2022,SSF,TX,ASW,CE,Federal Contract Tower,0,0,9,16,25,0,0,22,0,22,0,0,31,16,47,28,0,28,75
05/24/2022,SSF,TX,ASW,CE,Federal Contract Tower,0,0,4,10,14,0,2,72,0,74,0,2,76,10,88,74,0,74,162
05/25/2022,SSF,TX,ASW,CE,Federal Contract Tower,0,0,4,10,14,0,1,97,1,99,0,1,101,11,113,212,0,212,325
05/26/2022,SSF,TX,ASW,CE,Federal Contract Tower,0,0,0,18,18,0,2,123,1,126,0,2,123,19,144,222,0,222,366
05/27/2022,SSF,TX,ASW,CE,Federal Contract Tower,0,0,11,2,13,0,4,83,0,87,0,4,94,2,100,180,0,180,280
05/28/2022,SSF,TX,ASW,CE,Federal Contract Tower,0,0,6,1,7,0,16,54,1,71,0,16,60,2,78,66,0,66,144
05/29/2022,SSF,TX,ASW,CE,Federal Contract Tower,0,0,3,0,3,0,6,19,0,25,0,6,22,0,28,6,0,6,34
05/30/2022,SSF,TX,ASW,CE,Federal Contract Tower,0,0,6,0,6,0,0,33,0,33,0,0,39,0,39,44,0,44,83
05/31/2022,SSF,TX,ASW,CE,Federal Contract Tower,0,0,5,29,34,0,3,57,0,60,0,3,62,29,94,70,0,70,164
06/01/2022,SSF,TX,ASW,CE,Federal Contract Tower,0,0,13,6,19,0,0,102,0,102,0,0,115,6,121,222,0,222,343
06/02/2022,SSF,TX,ASW,CE,Federal Contract Tower,0,0,4,6,10,0,1,87,0,88,0,1,91,6,98,254,0,254,352
06/03/2022,SSF,TX,ASW,CE,Federal Contract Tower,0,2,7,10,19,0,8,128,2,138,0,10,135,12,157,320,0,320,477
06/04/2022,SSF,TX,ASW,CE,Federal Contract Tower,0,0,6,0,6,0,9,111,6,126,0,9,117,6,132,232,4,236,368
06/05/2022,SSF,TX,ASW,CE,Federal Contract Tower,0,0,2,0,2,0,4,81,0,85,0,4,83,0,87,154,0,154,241
06/06/2022,SSF,TX,ASW,CE,Federal Contract Tower,0,0,2,6,8,0,9,74,0,83,0,9,76,6,91,68,0,68,159
06/07/2022,SSF,TX,ASW,CE,Federal Contract Tower,0,0,2,24,26,0,5,82,0,87,0,5,84,24,113,106,0,106,219
06/08/2022,SSF,TX,ASW,CE,Federal Contract Tower,0,0,3,21,24,0,0,96,0,96,0,0,99,21,120,134,0,134,254
06/09/2022,SSF,TX,ASW,CE,Federal Contract Tower,0,2,7,14,23,0,10,96,0,106,0,12,103,14,129,238,2,240,369
06/10/2022,SSF,TX,ASW,CE,Federal Contract Tower,0,0,10,12,22,0,11,77,2,90,0,11,87,14,112,202,0,202,314
06/11/2022,SSF,TX,ASW,CE,Federal Contract Tower,0,0,5,0,5,0,7,59,6,72,0,7,64,6,77,72,0,72,149
06/12/2022,SSF,TX,ASW,CE,Federal Contract Tower,0,0,7,0,7,0,2,52,0,54,0,2,59,0,61,46,0,46,107
06/13/2022,SSF,TX,ASW,CE,Federal Contract Tower,0,0,2,20,22,0,0,62,0,62,0,0,64,20,84,40,0,40,124
06/14/2022,SSF,TX,ASW,CE,Federal Contract Tower,0,0,6,22,28,0,0,34,0,34,0,0,40,22,62,80,0,80,142
06/15/2022,SSF,TX,ASW,CE,Federal Contract Tower,0,0,2,34,36,0,4,65,0,69,0,4,67,34,105,158,0,158,263
06/16/2022,SSF,TX,ASW,CE,Federal Contract Tower,0,0,10,12,22,0,5,95,0,100,0,5,105,12,122,68,0,68,190
06/17/2022,SSF,TX,ASW,CE,Federal Contract Tower,0,0,11,12,23,0,7,69,0,76,0,7,80,12,99,94,0,94,193
06/18/2022,SSF,TX,ASW,CE,Federal Contract Tower,0,0,11,1,12,0,10,103,4,117,0,10,114,5,129,234,0,234,363
06/19/2022,SSF,TX,ASW,CE,Federal Contract Tower,0,0,8,0,8,0,0,45,4,49,0,0,53,4,57,64,18,82,139
06/20/2022,SSF,TX,ASW,CE,Federal Contract Tower,0,0,16,0,16,0,11,82,1,94,0,11,98,1,110,126,0,126,236
06/21/2022,SSF,TX,ASW,CE,Federal Contract Tower,0,2,9,24,35,0,2,103,2,107,0,4,112,26,142,178,0,178,320
06/22/2022,SSF,TX,ASW,CE,Federal Contract Tower,0,0,7,18,25,0,10,90,0,100,0,10,97,18,125,166,0,166,291
06/23/2022,SSF,TX,ASW,CE,Federal Contract Tower,0,0,8,18,26,0,0,98,0,98,0,0,106,18,124,202,0,202,326
06/24/2022,SSF,TX,ASW,CE,Federal Contract Tower,0,0,3,20,23,0,7,78,0,85,0,7,81,20,108,130,0,130,238
06/25/2022,SSF,TX,ASW,CE,Federal Contract Tower,0,0,11,1,12,0,6,64,1,71,0,6,75,2,83,90,0,90,173
06/26/2022,SSF,TX,ASW,CE,Federal Contract Tower,0,0,4,4,8,0,0,46,1,47,0,0,50,5,55,214,0,214,269
06/27/2022,SSF,TX,ASW,CE,Federal Contract Tower,0,0,6,14,20,0,2,43,0,45,0,2,49,14,65,108,0,108,173
06/28/2022,SSF,TX,ASW,CE,Federal Contract Tower,0,0,4,10,14,0,2,44,0,46,0,2,48,10,60,26,0,26,86
06/29/2022,SSF,TX,ASW,CE,Federal Contract Tower,0,0,1,24,25,0,2,93,0,95,0,2,94,24,120,196,0,196,316
06/30/2022,SSF,TX,ASW,CE,Federal Contract Tower,0,0,9,10,19,0,2,91,0,93,0,2,100,10,112,232,0,232,344
07/01/2022,SSF,TX,ASW,CE,Federal Contract Tower,0,0,13,0,13,0,0,86,0,86,0,0,99,0,99,180,0,180,279
07/02/2022,SSF,TX,ASW,CE,Federal Contract Tower,0,0,7,0,7,0,1,77,7,85,0,1,84,7,92,152,0,152,244
07/03/2022,SSF,TX,ASW,CE,Federal Contract Tower,0,0,13,0,13,0,0,63,0,63,0,0,76,0,76,96,0,96,172
07/04/2022,SSF,TX,ASW,CE,Federal Contract Tower,0,0,12,0,12,0,0,41,0,41,0,0,53,0,53,12,0,12,65
07/05/2022,SSF,TX,ASW,CE,Federal Contract Tower,0,0,9,20,29,0,0,74,1,75,0,0,83,21,104,140,0,140,244
07/06/2022,SSF,TX,ASW,CE,Federal Contract Tower,0,0,4,18,22,0,2,92,2,96,0,2,96,20,118,118,0,118,236
07/07/2022,SSF,TX,ASW,CE,Federal Contract Tower,0,0,9,16,25,0,0,97,4,101,0,0,106,20,126,240,0,240,366
07/08/2022,SSF,TX,ASW,CE,Federal Contract Tower,0,0,2,11,13,0,0,96,2,98,0,0,98,13,111,150,0,150,261
07/09/2022,SSF,TX,ASW,CE,Federal Contract Tower,0,0,5,2,7,0,4,71,0,75,0,4,76,2,82,124,0,124,206
07/10/2022,SSF,TX,ASW,CE,Federal Contract Tower,0,0,2,2,4,0,0,53,0,53,0,0,55,2,57,70,0,70,127
07/11/2022,SSF,TX,ASW,CE,Federal Contract Tower,0,0,3,18,21,0,2,86,0,88,0,2,89,18,109,126,0,126,235
07/12/2022,SSF,TX,ASW,CE,Federal Contract Tower,0,0,4,22,26,0,4,77,0,81,0,4,81,22,107,196,0,196,303
07/13/2022,SSF,TX,ASW,CE,Federal Contract Tower,0,0,12,22,34,0,0,100,0,100,0,0,112,22,134,210,0,210,344
07/14/2022,SSF,TX,ASW,CE,Federal Contract Tower,0,0,0,14,14,0,0,74,0,74,0,0,74,14,88,158,0,158,246
07/15/2022,SSF,TX,ASW,CE,Federal Contract Tower,0,0,8,16,24,0,0,76,0,76,0,0,84,16,100,92,0,92,192
07/16/2022,SSF,TX,ASW,CE,Federal Contract Tower,0,0,11,0,11,0,3,54,0,57,0,3,65,0,68,86,0,86,154
07/17/2022,SSF,TX,ASW,CE,Federal Contract Tower,0,0,3,2,5,0,2,51,0,53,0,2,54,2,58,92,0,92,150
07/18/2022,SSF,TX,ASW,CE,Federal Contract Tower,0,0,14,20,34,0,2,125,0,127,0,2,139,20,161,186,0,186,347
07/19/2022,SSF,TX,ASW,CE,Federal Contract Tower,0,0,5,28,33,0,5,86,1,92,0,5,91,29,125,122,0,122,247
07/20/2022,SSF,TX,ASW,CE,Federal Contract Tower,0,0,10,16,26,0,0,83,0,83,0,0,93,16,109,90,0,90,199
07/21/2022,SSF,TX,ASW,CE,Federal Contract Tower,0,0,17,26,43,0,0,67,2,69,0,0,84,28,112,234,0,234,346
07/22/2022,SSF,TX,ASW,CE,Federal Contract Tower,0,0,16,28,44,0,6,83,4,93,0,6,99,32,137,96,0,96,233
07/23/2022,SSF,TX,ASW,CE,Federal Contract Tower,0,0,7,0,7,0,8,56,2,66,0,8,63,2,73,74,0,74,147
07/24/2022,SSF,TX,ASW,CE,Federal Contract Tower,0,0,10,0,10,0,5,54,0,59,0,5,64,0,69,88,0,88,157
07/25/2022,SSF,TX,ASW,CE,Federal Contract Tower,0,0,7,12,19,0,2,98,0,100,0,2,105,12,119,132,0,132,251
07/26/2022,SSF,TX,ASW,CE,Federal Contract Tower,0,0,3,22,25,0,2,105,0,107,0,2,108,22,132,186,0,186,318
07/27/2022,SSF,TX,ASW,CE,Federal Contract Tower,0,0,1,12,13,0,2,91,0,93,0,2,92,12,106,176,0,176,282
07/28/2022,SSF,TX,ASW,CE,Federal Contract Tower,0,0,5,0,5,0,11,71,0,82,0,11,76,0,87,130,0,130,217
07/29/2022,SSF,TX,ASW,CE,Federal Contract Tower,0,1,7,4,12,0,12,79,0,91,0,13,86,4,103,162,0,162,265
07/30/2022,SSF,TX,ASW,CE,Federal Contract Tower,0,0,2,0,2,0,10,77,2,89,0,10,79,2,91,86,0,86,177
07/31/2022,SSF,TX,ASW,CE,Federal Contract Tower,0,0,4,0,4,0,0,65,0,65,0,0,69,0,69,128,0,128,197
08/01/2022,SSF,TX,ASW,CE,Federal Contract Tower,0,0,8,14,22,0,6,75,0,81,0,6,83,14,103,156,0,156,259
08/02/2022,SSF,TX,ASW,CE,Federal Contract Tower,0,0,8,16,24,0,7,85,2,94,0,7,93,18,118,110,6,116,234
08/03/2022,SSF,TX,ASW,CE,Federal Contract Tower,0,0,7,10,17,0,6,82,2,90,0,6,89,12,107,140,6,146,253
08/04/2022,SSF,TX,ASW,CE,Federal Contract Tower,0,0,14,12,26,0,5,94,3,102,0,5,108,15,128,182,2,184,312
08/05/2022,SSF,TX,ASW,CE,Federal Contract Tower,0,0,16,12,28,0,18,69,1,88,0,18,85,13,116,126,10,136,252
08/06/2022,SSF,TX,ASW,CE,Federal Contract Tower,0,0,13,0,13,0,20,90,4,114,0,20,103,4,127,168,0,168,295
08/07/2022,SSF,TX,ASW,CE,Federal Contract Tower,0,0,8,0,8,0,9,54,0,63,0,9,62,0,71,146,0,146,217
08/08/2022,SSF,TX,ASW,CE,Federal Contract Tower,0,0,7,14,21,0,0,73,6,79,0,0,80,20,100,164,0,164,264
08/09/2022,SSF,TX,ASW,CE,Federal Contract Tower,0,0,4,14,18,0,0,78,4,82,0,0,82,18,100,200,0,200,300
08/10/2022,SSF,TX,ASW,CE,Federal Contract Tower,0,0,5,14,19,0,4,91,0,95,0,4,96,14,114,174,0,174,288
08/11/2022,SSF,TX,ASW,CE,Federal Contract Tower,0,0,13,16,29,0,8,87,0,95,0,8,100,16,124,220,0,220,344
08/12/2022,SSF,TX,ASW,CE,Federal Contract Tower,0,0,6,10,16,0,3,59,1,63,0,3,65,11,79,136,10,146,225
08/13/2022,SSF,TX,ASW,CE,Federal Contract Tower,0,0,6,0,6,0,11,79,3,93,0,11,85,3,99,168,0,168,267
08/14/2022,SSF,TX,ASW,CE,Federal Contract Tower,0,0,4,0,4,0,11,25,0,36,0,11,29,0,40,68,0,68,108
08/15/2022,SSF,TX,ASW,CE,Federal Contract Tower,0,1,11,10,22,0,1,39,0,40,0,2,50,10,62,94,0,94,156
08/16/2022,SSF,TX,ASW,CE,Federal Contract Tower,0,0,7,8,15,0,2,94,2,98,0,2,101,10,113,124,8,132,245
08/17/2022,SSF,TX,ASW,CE,Federal Contract Tower,0,5,11,8,24,0,4,93,6,103,0,9,104,14,127,178,14,192,319
08/18/2022,SSF,TX,ASW,CE,Federal Contract Tower,0,0,6,10,16,0,4,83,4,91,0,4,89,14,107,60,4,64,171
08/19/2022,SSF,TX,ASW,CE,Federal Contract Tower,0,0,5,12,17,0,4,60,0,64,0,4,65,12,81,74,0,74,155
08/20/2022,SSF,TX,ASW,CE,Federal Contract Tower,0,0,9,0,9,0,16,57,4,77,0,16,66,4,86,72,0,72,158
08/21/2022,SSF,TX,ASW,CE,Federal Contract Tower,0,0,4,0,4,0,12,43,0,55,0,12,47,0,59,52,0,52,111
08/22/2022,SSF,TX,ASW,CE,Federal Contract Tower,0,1,18,18,37,0,1,34,0,35,0,2,52,18,72,58,0,58,130
08/23/2022,SSF,TX,ASW,CE,Federal Contract Tower,0,2,12,8,22,0,6,34,0,40,0,8,46,8,62,66,0,66,128
08/24/2022,SSF,TX,ASW,CE,Federal Contract Tower,0,0,5,8,13,0,2,39,0,41,0,2,44,8,54,76,0,76,130
08/25/2022,SSF,TX,ASW,CE,Federal Contract Tower,0,0,6,18,24,0,5,56,2,63,0,5,62,20,87,152,8,160,247
08/26/2022,SSF,TX,ASW,CE,Federal Contract Tower,0,0,3,18,21,0,2,66,2,70,0,2,69,20,91,184,0,184,275
08/27/2022,SSF,TX,ASW,CE,Federal Contract Tower,0,0,20,9,29,0,16,60,0,76,0,16,80,9,105,100,16,116,221
08/28/2022,SSF,TX,ASW,CE,Federal Contract Tower,0,0,6,2,8,0,6,62,0,68,0,6,68,2,76,82,4,86,162
08/29/2022,SSF,TX,ASW,CE,Federal Contract Tower,0,0,5,18,23,0,3,81,0,84,0,3,86,18,107,108,0,108,215
08/30/2022,SSF,TX,ASW,CE,Federal Contract Tower,0,0,8,14,22,0,0,37,0,37,0,0,45,14,59,82,0,82,141
08/31/2022,SSF,TX,ASW,CE,Federal Contract Tower,0,0,19,18,37,0,1,41,0,42,0,1,60,18,79,112,0,112,191
09/01/2022,SSF,TX,ASW,CE,Federal Contract Tower,0,0,10,16,26,0,4,74,0,78,0,4,84,16,104,200,0,200,304
09/02/2022,SSF,TX,ASW,CE,Federal Contract Tower,0,1,19,0,20,0,3,74,2,79,0,4,93,2,99,178,10,188,287
09/03/2022,SSF,TX,ASW,CE,Federal Contract Tower,0,0,11,0,11,0,10,46,0,56,0,10,57,0,67,102,0,102,169
09/04/2022,SSF,TX,ASW,CE,Federal Contract Tower,0,0,7,0,7,0,13,46,0,59,0,13,53,0,66,72,0,72,138
09/05/2022,SSF,TX,ASW,CE,Federal Contract Tower,0,0,15,0,15,0,9,57,6,72,0,9,72,6,87,58,8,66,153
09/06/2022,SSF,TX,ASW,CE,Federal Contract Tower,0,0,2,24,26,0,0,82,0,82,0,0,84,24,108,106,0,106,214
09/07/2022,SSF,TX,ASW,CE,Federal Contract Tower,0,0,6,18,24,0,2,77,0,79,0,2,83,18,103,86,0,86,189
09/08/2022,SSF,TX,ASW,CE,Federal Contract Tower,0,0,12,22,34,0,0,99,1,100,0,0,111,23,134,130,8,138,272
09/09/2022,SSF,TX,ASW,CE,Federal Contract Tower,0,0,5,22,27,0,2,75,0,77,0,2,80,22,104,104,0,104,208
09/10/2022,SSF,TX,ASW,CE,Federal Contract Tower,0,0,9,16,25,0,14,95,2,111,0,14,104,18,136,164,0,164,300
09/11/2022,SSF,TX,ASW,CE,Federal Contract Tower,0,0,12,2,14,0,0,58,0,58,0,0,70,2,72,116,0,116,188
09/12/2022,SSF,TX,ASW,CE,Federal Contract Tower,0,0,4,18,22,0,8,75,0,83,0,8,79,18,105,100,0,100,205
09/13/2022,SSF,TX,ASW,CE,Federal Contract Tower,0,0,4,28,32,0,0,90,1,91,0,0,94,29,123,110,0,110,233
09/14/2022,SSF,TX,ASW,CE,Federal Contract Tower,0,0,8,22,30,0,7,88,0,95,0,7,96,22,125,144,4,148,273
09/15/2022,SSF,TX,ASW,CE,Federal Contract Tower,0,0,23,14,37,0,12,82,0,94,0,12,105,14,131,170,0,170,301
09/16/2022,SSF,TX,ASW,CE,Federal Contract Tower,0,0,20,22,42,0,12,66,0,78,0,12,86,22,120,102,0,102,222
09/17/2022,SSF,TX,ASW,CE,Federal Contract Tower,0,0,17,0,17,0,10,83,6,99,0,10,100,6,116,98,0,98,214
09/18/2022,SSF,TX,ASW,CE,Federal Contract Tower,0,0,14,0,14,0,8,50,2,60,0,8,64,2,74,98,6,104,178
09/19/2022,SSF,TX,ASW,CE,Federal Contract Tower,0,1,28,24,53,0,5,78,0,83,0,6,106,24,136,128,0,128,264
09/20/2022,SSF,TX,ASW,CE,Federal Contract Tower,0,0,24,19,43,0,0,113,2,115,0,0,137,21,158,160,0,160,318
09/21/2022,SSF,TX,ASW,CE,Federal Contract Tower,0,0,13,20,33,0,6,99,2,107,0,6,112,22,140,156,0,156,296
09/22/2022,SSF,TX,ASW,CE,Federal Contract Tower,0,0,9,32,41,0,2,95,8,105,0,2,104,40,146,160,0,160,306
09/23/2022,SSF,TX,ASW,CE,Federal Contract Tower,0,0,8,20,28,0,10,76,0,86,0,10,84,20,114,96,0,96,210
09/24/2022,SSF,TX,ASW,CE,Federal Contract Tower,0,0,8,0,8,0,4,79,0,83,0,4,87,0,91,114,0,114,205
09/25/2022,SSF,TX,ASW,CE,Federal Contract Tower,0,0,2,0,2,0,0,47,0,47,0,0,49,0,49,46,0,46,95
09/26/2022,SSF,TX,ASW,CE,Federal Contract Tower,0,0,3,6,9,0,0,90,0,90,0,0,93,6,99,90,0,90,189
09/27/2022,SSF,TX,ASW,CE,Federal Contract Tower,0,0,8,18,26,0,0,101,0,101,0,0,109,18,127,120,0,120,247
09/28/2022,SSF,TX,ASW,CE,Federal Contract Tower,0,0,16,12,28,0,1,82,0,83,0,1,98,12,111,174,0,174,285
09/29/2022,SSF,TX,ASW,CE,Federal Contract Tower,0,0,6,14,20,0,3,119,0,122,0,3,125,14,142,212,0,212,354
09/30/2022,SSF,TX,ASW,CE,Federal Contract Tower,0,0,3,4,7,0,8,118,2,128,0,8,121,6,135,188,8,196,331
10/01/2022,SSF,TX,ASW,CE,Federal Contract Tower,0,0,3,0,3,0,4,96,0,100,0,4,99,0,103,116,0,116,219
10/02/2022,SSF,TX,ASW,CE,Federal Contract Tower,0,0,5,0,5,0,10,64,0,74,0,10,69,0,79,70,0,70,149
10/03/2022,SSF,TX,ASW,CE,Federal Contract Tower,0,0,8,8,16,0,3,85,0,88,0,3,93,8,104,142,0,142,246
10/04/2022,SSF,TX,ASW,CE,Federal Contract Tower,0,0,3,10,13,0,2,89,2,93,0,2,92,12,106,146,0,146,252
10/05/2022,SSF,TX,ASW,CE,Federal Contract Tower,0,0,2,22,24,0,3,109,0,112,0,3,111,22,136,158,0,158,294
10/06/2022,SSF,TX,ASW,CE,Federal Contract Tower,0,0,5,12,17,0,4,93,0,97,0,4,98,12,114,210,0,210,324
10/07/2022,SSF,TX,ASW,CE,Federal Contract Tower,0,0,5,10,15,0,0,92,0,92,0,0,97,10,107,236,0,236,343
10/08/2022,SSF,TX,ASW,CE,Federal Contract Tower,0,0,2,0,2,0,11,88,6,105,0,11,90,6,107,112,0,112,219
10/09/2022,SSF,TX,ASW,CE,Federal Contract Tower,0,0,2,0,2,0,2,76,0,78,0,2,78,0,80,82,0,82,162
10/10/2022,SSF,TX,ASW,CE,Federal Contract Tower,0,0,8,4,12,0,2,102,4,108,0,2,110,8,120,170,0,170,290
10/11/2022,SSF,TX,ASW,CE,Federal Contract Tower,0,0,4,4,8,0,1,105,4,110,0,1,109,8,118,212,6,218,336
10/12/2022,SSF,TX,ASW,CE,Federal Contract Tower,0,0,5,8,13,0,9,80,3,92,0,9,85,11,105,112,14,126,231
10/13/2022,SSF,TX,ASW,CE,Federal Contract Tower,0,0,7,18,25,0,0,96,1,97,0,0,103,19,122,214,6,220,342
10/14/2022,SSF,TX,ASW,CE,Federal Contract Tower,0,0,9,14,23,0,1,77,0,78,0,1,86,14,101,132,0,132,233
10/15/2022,SSF,TX,ASW,CE,Federal Contract Tower,0,0,3,0,3,0,6,50,4,60,0,6,53,4,63,66,0,66,129
10/16/2022,SSF,TX,ASW,CE,Federal Contract Tower,0,0,4,2,6,0,4,43,0,47,0,4,47,2,53,60,0,60,113
10/17/2022,SSF,TX,ASW,CE,Federal Contract Tower,0,0,6,12,18,0,2,21,0,23,0,2,27,12,41,16,0,16,57
10/18/2022,SSF,TX,ASW,CE,Federal Contract Tower,0,0,10,20,30,0,2,75,0,77,0,2,85,20,107,148,0,148,255
10/19/2022,SSF,TX,ASW,CE,Federal Contract Tower,0,0,9,16,25,0,0,139,6,145,0,0,148,22,170,186,0,186,356
10/20/2022,SSF,TX,ASW,CE,Federal Contract Tower,0,0,6,14,20,0,1,90,0,91,0,1,96,14,111,192,0,192,303
10/21/2022,SSF,TX,ASW,CE,Federal Contract Tower,0,0,3,16,19,0,0,93,3,96,0,0,96,19,115,168,0,168,283
10/22/2022,SSF,TX,ASW,CE,Federal Contract Tower,0,1,6,0,7,0,1,73,5,79,0,2,79,5,86,36,8,44,130
10/23/2022,SSF,TX,ASW,CE,Federal Contract Tower,0,1,7,2,10,0,5,33,0,38,0,6,40,2,48,52,0,52,100
10/24/2022,SSF,TX,ASW,CE,Federal Contract Tower,0,0,7,10,17,0,0,29,0,29,0,0,36,10,46,84,0,84,130
10/25/2022,SSF,TX,ASW,CE,Federal Contract Tower,0,1,12,4,17,0,0,107,2,109,0,1,119,6,126,216,0,216,342
10/26/2022,SSF,TX,ASW,CE,Federal Contract Tower,0,0,6,10,16,0,6,126,0,132,0,6,132,10,148,216,0,216,364
10/27/2022,SSF,TX,ASW,CE,Federal Contract Tower,0,0,22,10,32,0,9,74,1,84,0,9,96,11,116,122,8,130,246
10/28/2022,SSF,TX,ASW,CE,Federal Contract Tower,0,0,4,4,8,0,0,41,0,41,0,0,45,4,49,0,0,0,49
10/29/2022,SSF,TX,ASW,CE,Federal Contract Tower,0,0,5,2,7,0,10,90,4,104,0,10,95,6,111,136,0,136,247
10/30/2022,SSF,TX,ASW,CE,Federal Contract Tower,0,0,15,0,15,0,3,73,0,76,0,3,88,0,91,80,0,80,171
10/31/2022,SSF,TX,ASW,CE,Federal Contract Tower,0,0,0,20,20,0,8,82,0,90,0,8,82,20,110,132,0,132,242
11/01/2022,SSF,TX,ASW,CE,Federal Contract Tower,0,0,15,22,37,0,0,67,0,67,0,0,82,22,104,238,0,238,342
11/02/2022,SSF,TX,ASW,CE,Federal Contract Tower,0,0,31,12,43,0,0,44,0,44,0,0,75,12,87,184,0,184,271
11/03/2022,SSF,TX,ASW,CE,Federal Contract Tower,0,2,12,6,20,0,0,48,0,48,0,2,60,6,68,110,0,110,178
11/04/2022,SSF,TX,ASW,CE,Federal Contract Tower,0,0,7,2,9,0,0,29,2,31,0,0,36,4,40,30,0,30,70
11/05/2022,SSF,TX,ASW,CE,Federal Contract Tower,0,0,1,4,5,0,3,138,8,149,0,3,139,12,154,238,0,238,392
11/06/2022,SSF,TX,ASW,CE,Federal Contract Tower,0,0,8,2,10,0,12,40,2,54,0,12,48,4,64,82,0,82,146
11/07/2022,SSF,TX,ASW,CE,Federal Contract Tower,0,0,7,22,29,0,2,48,0,50,0,2,55,22,79,84,0,84,163
11/08/2022,SSF,TX,ASW,CE,Federal Contract Tower,0,0,11,16,27,0,0,73,4,77,0,0,84,20,104,270,32,302,406
11/09/2022,SSF,TX,ASW,CE,Federal Contract Tower,0,0,18,16,34,0,2,73,0,75,0,2,91,16,109,190,0,190,299
11/10/2022,SSF,TX,ASW,CE,Federal Contract Tower,0,0,13,20,33,0,3,80,3,86,0,3,93,23,119,274,0,274,393
11/11/2022,SSF,TX,ASW,CE,Federal Contract Tower,0,2,15,2,19,0,0,19,0,19,0,2,34,2,38,82,0,82,120
11/12/2022,SSF,TX,ASW,CE,Federal Contract Tower,0,0,0,2,2,0,14,88,0,102,0,14,88,2,104,110,6,116,220
11/13/2022,SSF,TX,ASW,CE,Federal Contract Tower,0,1,6,0,7,0,12,58,0,70,0,13,64,0,77,42,0,42,119
11/14/2022,SSF,TX,ASW,CE,Federal Contract Tower,0,0,6,2,8,0,0,17,0,17,0,0,23,2,25,12,0,12,37
11/15/2022,SSF,TX,ASW,CE,Federal Contract Tower,0,1,4,16,21,0,4,110,0,114,0,5,114,16,135,182,0,182,317
11/16/2022,SSF,TX,ASW,CE,Federal Contract Tower,0,0,6,8,14,0,0,70,1,71,0,0,76,9,85,98,0,98,183
11/17/2022,SSF,TX,ASW,CE,Federal Contract Tower,0,0,13,20,33,0,6,113,4,123,0,6,126,24,156,218,0,218,374
11/18/2022,SSF,TX,ASW,CE,Federal Contract Tower,0,0,11,9,20,0,4,79,0,83,0,4,90,9,103,254,0,254,357
11/19/2022,SSF,TX,ASW,CE,Federal Contract Tower,0,0,0,0,0,0,0,6,0,6,0,0,6,0,6,20,0,20,26
11/20/2022,SSF,TX,ASW,CE,Federal Contract Tower,0,0,8,0,8,0,6,35,0,41,0,6,43,0,49,68,0,68,117
11/21/2022,SSF,TX,ASW,CE,Federal Contract Tower,0,2,1,0,3,0,0,3,0,3,0,2,4,0,6,14,0,14,20
11/22/2022,SSF,TX,ASW,CE,Federal Contract Tower,0,0,3,16,19,0,0,0,0,0,0,0,3,16,19,0,0,0,19
11/23/2022,SSF,TX,ASW,CE,Federal Contract Tower,0,0,25,16,41,0,0,17,0,17,0,0,42,16,58,102,0,102,160
11/24/2022,SSF,TX,ASW,CE,Federal Contract Tower,0,0,1,0,1,0,0,0,0,0,0,0,1,0,1,0,0,0,1
11/25/2022,SSF,TX,ASW,CE,Federal Contract Tower,0,0,2,0,2,0,0,14,0,14,0,0,16,0,16,12,0,12,28
11/26/2022,SSF,TX,ASW,CE,Federal Contract Tower,0,0,5,0,5,0,14,62,0,76,0,14,67,0,81,86,0,86,167
11/27/2022,SSF,TX,ASW,CE,Federal Contract Tower,0,0,11,0,11,0,1,104,0,105,0,1,115,0,116,126,0,126,242
11/28/2022,SSF,TX,ASW,CE,Federal Contract Tower,0,0,2,10,12,0,3,95,2,100,0,3,97,12,112,180,0,180,292
11/29/2022,SSF,TX,ASW,CE,Federal Contract Tower,0,0,15,12,27,0,2,71,6,79,0,2,86,18,106,174,10,184,290
11/30/2022,SSF,TX,ASW,CE,Federal Contract Tower,0,0,4,22,26,0,4,78,0,82,0,4,82,22,108,94,4,98,206
12/01/2022,SSF,TX,ASW,CE,Federal Contract Tower,0,0,29,12,41,0,2,22,0,24,0,2,51,12,65,46,4,50,115
12/02/2022,SSF,TX,ASW,CE,Federal Contract Tower,0,0,9,2,11,0,0,0,0,0,0,0,9,2,11,0,0,0,11
12/03/2022,SSF,TX,ASW,CE,Federal Contract Tower,0,0,22,0,22,0,13,33,0,46,0,13,55,0,68,72,0,72,140
12/04/2022,SSF,TX,ASW,CE,Federal Contract Tower,0,0,9,0,9,0,0,1,0,1,0,0,10,0,10,0,0,0,10
12/05/2022,SSF,TX,ASW,CE,Federal Contract Tower,0,0,11,16,27,0,0,38,0,38,0,0,49,16,65,46,0,46,111
12/06/2022,SSF,TX,ASW,CE,Federal Contract Tower,0,1,17,22,40,0,0,32,0,32,0,1,49,22,72,46,0,46,118
12/07/2022,SSF,TX,ASW,CE,Federal Contract Tower,0,0,18,12,30,0,6,68,0,74,0,6,86,12,104,150,0,150,254
12/08/2022,SSF,TX,ASW,CE,Federal Contract Tower,0,0,15,20,35,0,2,80,2,84,0,2,95,22,119,222,0,222,341
12/09/2022,SSF,TX,ASW,CE,Federal Contract Tower,0,2,20,4,26,0,16,76,2,94,0,18,96,6,120,162,10,172,292
12/10/2022,SSF,TX,ASW,CE,Federal Contract Tower,0,0,13,0,13,0,4,61,4,69,0,4,74,4,82,214,0,214,296
12/11/2022,SSF,TX,ASW,CE,Federal Contract Tower,0,0,15,0,15,0,5,31,0,36,0,5,46,0,51,50,0,50,101
12/12/2022,SSF,TX,ASW,CE,Federal Contract Tower,0,0,4,6,10,0,0,18,0,18,0,0,22,6,28,56,0,56,84
12/13/2022,SSF,TX,ASW,CE,Federal Contract Tower,0,0,13,19,32,0,6,73,4,83,0,6,86,23,115,134,10,144,259
12/14/2022,SSF,TX,ASW,CE,Federal Contract Tower,0,0,5,16,21,0,2,103,7,112,0,2,108,23,133,70,0,70,203
12/15/2022,SSF,TX,ASW,CE,Federal Contract Tower,0,0,8,12,20,0,6,144,4,154,0,6,152,16,174,252,8,260,434
12/16/2022,SSF,TX,ASW,CE,Federal Contract Tower,0,0,17,26,43,0,0,79,2,81,0,0,96,28,124,120,0,120,244
12/17/2022,SSF,TX,ASW,CE,Federal Contract Tower,0,0,13,0,13,0,6,101,2,109,0,6,114,2,122,142,8,150,272
12/18/2022,SSF,TX,ASW,CE,Federal Contract Tower,0,0,2,0,2,0,9,60,2,71,0,9,62,2,73,88,6,94,167
12/19/2022,SSF,TX,ASW,CE,Federal Contract Tower,0,0,2,0,2,0,2,2,0,4,0,2,4,0,6,2,0,2,8
12/20/2022,SSF,TX,ASW,CE,Federal Contract Tower,0,0,10,23,33,0,10,16,0,26,0,10,26,23,59,110,16,126,185
12/21/2022,SSF,TX,ASW,CE,Federal Contract Tower,0,0,3,24,27,0,1,27,0,28,0,1,30,24,55,74,0,74,129
12/22/2022,SSF,TX,ASW,CE,Federal Contract Tower,0,0,13,8,21,0,6,42,0,48,0,6,55,8,69,94,0,94,163
12/23/2022,SSF,TX,ASW,CE,Federal Contract Tower,0,0,6,0,6,0,2,34,2,38,0,2,40,2,44,52,0,52,96
12/24/2022,SSF,TX,ASW,CE,Federal Contract Tower,0,0,2,0,2,0,1,37,0,38,0,1,39,0,40,42,0,42,82
12/25/2022,SSF,TX,ASW,CE,Federal Contract Tower,0,0,2,0,2,0,2,15,0,17,0,2,17,0,19,0,0,0,19
12/26/2022,SSF,TX,ASW,CE,Federal Contract Tower,0,0,8,0,8,0,18,88,2,108,0,18,96,2,116,150,10,160,276
12/27/2022,SSF,TX,ASW,CE,Federal Contract Tower,0,0,6,0,6,0,8,103,2,113,0,8,109,2,119,138,0,138,257
12/28/2022,SSF,TX,ASW,CE,Federal Contract Tower,0,0,7,0,7,0,7,90,4,101,0,7,97,4,108,166,0,166,274
12/29/2022,SSF,TX,ASW,CE,Federal Contract Tower,0,0,15,0,15,0,2,49,2,53,0,2,64,2,68,154,14,168,236
12/30/2022,SSF,TX,ASW,CE,Federal Contract Tower,0,0,13,0,13,0,22,82,2,106,0,22,95,2,119,192,0,192,311
12/31/2022,SSF,TX,ASW,CE,Federal Contract Tower,0,0,1,0,1,0,0,75,2,77,0,0,76,2,78,84,4,88,166
01/01/2023,SSF,TX,ASW,CE,Federal Contract Tower,0,0,6,0,6,0,2,39,0,41,0,2,45,0,47,58,0,58,105
01/02/2023,SSF,TX,ASW,CE,Federal Contract Tower,0,0,9,0,9,0,2,47,0,49,0,2,56,0,58,80,0,80,138
01/03/2023,SSF,TX,ASW,CE,Federal Contract Tower,0,0,0,0,0,0,0,107,0,107,0,0,107,0,107,126,0,126,233
01/04/2023,SSF,TX,ASW,CE,Federal Contract Tower,0,0,7,12,19,0,2,85,2,89,0,2,92,14,108,158,0,158,266
01/05/2023,SSF,TX,ASW,CE,Federal Contract Tower,0,0,2,2,4,0,0,115,0,115,0,0,117,2,119,166,0,166,285
01/06/2023,SSF,TX,ASW,CE,Federal Contract Tower,0,0,17,8,25,0,20,59,2,81,0,20,76,10,106,150,0,150,256
01/07/2023,SSF,TX,ASW,CE,Federal Contract Tower,0,0,7,0,7,0,4,40,0,44,0,4,47,0,51,74,0,74,125
01/08/2023,SSF,TX,ASW,CE,Federal Contract Tower,0,0,6,0,6,0,9,69,1,79,0,9,75,1,85,80,0,80,165
01/09/2023,SSF,TX,ASW,CE,Federal Contract Tower,0,0,3,20,23,0,5,92,0,97,0,5,95,20,120,216,0,216,336
01/10/2023,SSF,TX,ASW,CE,Federal Contract Tower,0,0,3,16,19,0,0,94,4,98,0,0,97,20,117,132,16,148,265
01/11/2023,SSF,TX,ASW,CE,Federal Contract Tower,0,0,19,2,21,0,3,46,2,51,0,3,65,4,72,78,20,98,170
01/12/2023,SSF,TX,ASW,CE,Federal Contract Tower,0,0,10,6,16,0,6,56,0,62,0,6,66,6,78,78,0,78,156
01/13/2023,SSF,TX,ASW,CE,Federal Contract Tower,0,0,6,12,18,0,2,100,0,102,0,2,106,12,120,224,0,224,344
01/14/2023,SSF,TX,ASW,CE,Federal Contract Tower,0,0,6,0,6,0,8,93,0,101,0,8,99,0,107,162,0,162,269
01/15/2023,SSF,TX,ASW,CE,Federal Contract Tower,0,0,7,0,7,0,12,23,0,35,0,12,30,0,42,16,0,16,58
01/16/2023,SSF,TX,ASW,CE,Federal Contract Tower,0,0,15,2,17,0,0,87,0,87,0,0,102,2,104,206,0,206,310
01/17/2023,SSF,TX,ASW,CE,Federal Contract Tower,0,1,7,10,18,0,0,118,0,118,0,1,125,10,136,224,0,224,360
01/18/2023,SSF,TX,ASW,CE,Federal Contract Tower,0,0,9,18,27,0,1,72,0,73,0,1,81,18,100,98,0,98,198
01/19/2023,SSF,TX,ASW,CE,Federal Contract Tower,0,0,7,16,23,0,8,134,0,142,0,8,141,16,165,214,0,214,379
01/20/2023,SSF,TX,ASW,CE,Federal Contract Tower,0,0,7,14,21,0,5,94,0,99,0,5,101,14,120,186,0,186,306
01/21/2023,SSF,TX,ASW,CE,Federal Contract Tower,0,0,17,2,19,0,16,35,0,51,0,16,52,2,70,72,0,72,142
01/22/2023,SSF,TX,ASW,CE,Federal Contract Tower,0,0,7,4,11,0,8,79,0,87,0,8,86,4,98,132,0,132,230
01/23/2023,SSF,TX,ASW,CE,Federal Contract Tower,0,0,4,17,21,0,1,86,0,87,0,1,90,17,108,188,0,188,296
01/24/2023,SSF,TX,ASW,CE,Federal Contract Tower,0,0,3,16,19,0,1,23,0,24,0,1,26,16,43,14,0,14,57
01/25/2023,SSF,TX,ASW,CE,Federal Contract Tower,0,0,5,17,22,0,2,135,2,139,0,2,140,19,161,198,12,210,371
01/26/2023,SSF,TX,ASW,CE,Federal Contract Tower,0,0,6,22,28,0,1,131,0,132,0,1,137,22,160,218,0,218,378
01/27/2023,SSF,TX,ASW,CE,Federal Contract Tower,0,0,4,8,12,0,0,103,4,107,0,0,107,12,119,248,0,248,367
01/28/2023,SSF,TX,ASW,CE,Federal Contract Tower,0,0,0,0,0,0,0,0,0,0,0,0,0,0,0,0,0,0,0
01/29/2023,SSF,TX,ASW,CE,Federal Contract Tower,0,0,7,0,7,0,6,34,8,48,0,6,41,8,55,60,0,60,115
01/30/2023,SSF,TX,ASW,CE,Federal Contract Tower,0,0,7,0,7,0,0,0,0,0,0,0,7,0,7,0,0,0,7
01/31/2023,SSF,TX,ASW,CE,Federal Contract Tower,0,0,1,0,1,0,0,2,0,2,0,0,3,0,3,0,0,0,3
02/01/2023,SSF,TX,ASW,CE,Federal Contract Tower,0,0,0,0,0,0,0,0,0,0,0,0,0,0,0,0,0,0,0
02/02/2023,SSF,TX,ASW,CE,Federal Contract Tower,0,1,8,14,23,0,1,29,0,30,0,2,37,14,53,156,0,156,209
02/03/2023,SSF,TX,ASW,CE,Federal Contract Tower,0,0,5,12,17,0,7,137,0,144,0,7,142,12,161,208,0,208,369
02/04/2023,SSF,TX,ASW,CE,Federal Contract Tower,0,0,5,0,5,0,8,116,0,124,0,8,121,0,129,122,0,122,251
02/05/2023,SSF,TX,ASW,CE,Federal Contract Tower,0,0,4,0,4,0,4,113,0,117,0,4,117,0,121,142,0,142,263
02/06/2023,SSF,TX,ASW,CE,Federal Contract Tower,0,0,7,16,23,0,2,62,0,64,0,2,69,16,87,82,0,82,169
02/07/2023,SSF,TX,ASW,CE,Federal Contract Tower,0,0,17,14,31,0,0,33,0,33,0,0,50,14,64,156,0,156,220
02/08/2023,SSF,TX,ASW,CE,Federal Contract Tower,0,0,7,2,9,0,0,52,0,52,0,0,59,2,61,152,0,152,213
02/09/2023,SSF,TX,ASW,CE,Federal Contract Tower,0,0,8,12,20,0,1,153,2,156,0,1,161,14,176,266,0,266,442
02/10/2023,SSF,TX,ASW,CE,Federal Contract Tower,0,0,5,10,15,0,12,84,2,98,0,12,89,12,113,104,0,104,217
02/11/2023,SSF,TX,ASW,CE,Federal Contract Tower,0,0,5,0,5,0,14,139,0,153,0,14,144,0,158,144,0,144,302
02/12/2023,SSF,TX,ASW,CE,Federal Contract Tower,0,0,3,0,3,0,1,123,0,124,0,1,126,0,127,96,0,96,223
02/13/2023,SSF,TX,ASW,CE,Federal Contract Tower,0,0,4,18,22,0,8,92,0,100,0,8,96,18,122,154,0,154,276
02/14/2023,SSF,TX,ASW,CE,Federal Contract Tower,0,0,4,12,16,0,41,84,0,125,0,41,88,12,141,176,0,176,317
02/15/2023,SSF,TX,ASW,CE,Federal Contract Tower,0,0,16,10,26,0,5,69,3,77,0,5,85,13,103,90,40,130,233
02/16/2023,SSF,TX,ASW,CE,Federal Contract Tower,0,2,5,12,19,0,10,59,3,72,0,12,64,15,91,120,22,142,233
02/17/2023,SSF,TX,ASW,CE,Federal Contract Tower,0,0,6,22,28,0,10,119,0,129,0,10,125,22,157,216,0,216,373
02/18/2023,SSF,TX,ASW,CE,Federal Contract Tower,0,0,7,0,7,0,18,77,0,95,0,18,84,0,102,108,0,108,210
02/19/2023,SSF,TX,ASW,CE,Federal Contract Tower,0,0,9,0,9,0,2,83,0,85,0,2,92,0,94,95,0,95,189
02/20/2023,SSF,TX,ASW,CE,Federal Contract Tower,0,0,19,2,21,0,0,81,0,81,0,0,100,2,102,194,0,194,296
02/21/2023,SSF,TX,ASW,CE,Federal Contract Tower,0,0,6,18,24,0,0,120,0,120,0,0,126,18,144,138,0,138,282
02/22/2023,SSF,TX,ASW,CE,Federal Contract Tower,0,0,9,22,31,0,0,117,0,117,0,0,126,22,148,206,0,206,354
02/23/2023,SSF,TX,ASW,CE,Federal Contract Tower,0,1,31,22,54,0,1,60,3,64,0,2,91,25,118,156,32,188,306
02/24/2023,SSF,TX,ASW,CE,Federal Contract Tower,0,0,43,18,61,0,4,26,0,30,0,4,69,18,91,136,0,136,227
02/25/2023,SSF,TX,ASW,CE,Federal Contract Tower,0,0,20,2,22,0,24,19,0,43,0,24,39,2,65,34,0,34,99
02/26/2023,SSF,TX,ASW,CE,Federal Contract Tower,0,0,3,0,3,0,6,30,0,36,0,6,33,0,39,44,0,44,83
02/27/2023,SSF,TX,ASW,CE,Federal Contract Tower,0,0,5,16,21,0,7,115,0,122,0,7,120,16,143,184,0,184,327
02/28/2023,SSF,TX,ASW,CE,Federal Contract Tower,0,0,11,6,17,0,4,92,0,96,0,4,103,6,113,176,0,176,289
03/01/2023,SSF,TX,ASW,CE,Federal Contract Tower,0,0,29,19,48,0,3,89,3,95,0,3,118,22,143,192,0,192,335
03/02/2023,SSF,TX,ASW,CE,Federal Contract Tower,0,0,25,21,46,0,0,29,0,29,0,0,54,21,75,152,4,156,231
03/03/2023,SSF,TX,ASW,CE,Federal Contract Tower,0,0,9,10,19,0,4,111,0,115,0,4,120,10,134,70,0,70,204
03/04/2023,SSF,TX,ASW,CE,Federal Contract Tower,0,0,12,0,12,0,1,130,0,131,0,1,142,0,143,132,0,132,275
03/05/2023,SSF,TX,ASW,CE,Federal Contract Tower,0,0,5,0,5,0,5,63,0,68,0,5,68,0,73,86,0,86,159
03/06/2023,SSF,TX,ASW,CE,Federal Contract Tower,0,0,8,8,16,0,8,57,0,65,0,8,65,8,81,138,0,138,219
03/07/2023,SSF,TX,ASW,CE,Federal Contract Tower,0,0,6,4,10,0,4,56,0,60,0,4,62,4,70,158,0,158,228
03/08/2023,SSF,TX,ASW,CE,Federal Contract Tower,0,0,17,12,29,0,4,97,0,101,0,4,114,12,130,312,0,312,442
03/09/2023,SSF,TX,ASW,CE,Federal Contract Tower,0,0,15,14,29,0,6,73,0,79,0,6,88,14,108,160,0,160,268
03/10/2023,SSF,TX,ASW,CE,Federal Contract Tower,0,0,10,8,18,0,4,86,0,90,0,4,96,8,108,202,0,202,310
03/11/2023,SSF,TX,ASW,CE,Federal Contract Tower,0,0,5,0,5,0,4,84,0,88,0,4,89,0,93,138,0,138,231
03/12/2023,SSF,TX,ASW,CE,Federal Contract Tower,0,0,5,0,5,0,8,71,0,79,0,8,76,0,84,90,0,90,174
03/13/2023,SSF,TX,ASW,CE,Federal Contract Tower,0,0,1,13,14,0,4,72,0,76,0,4,73,13,90,76,0,76,166
03/14/2023,SSF,TX,ASW,CE,Federal Contract Tower,0,1,6,18,25,0,3,82,2,87,0,4,88,20,112,216,6,222,334
03/15/2023,SSF,TX,ASW,CE,Federal Contract Tower,0,0,12,8,20,0,5,58,0,63,0,5,70,8,83,140,0,140,223
03/16/2023,SSF,TX,ASW,CE,Federal Contract Tower,0,0,9,3,12,0,5,44,0,49,0,5,53,3,61,94,0,94,155
03/17/2023,SSF,TX,ASW,CE,Federal Contract Tower,0,0,1,5,6,0,2,26,0,28,0,2,27,5,34,40,0,40,74
03/18/2023,SSF,TX,ASW,CE,Federal Contract Tower,0,0,0,0,0,0,10,19,0,29,0,10,19,0,29,14,0,14,43
03/19/2023,SSF,TX,ASW,CE,Federal Contract Tower,0,0,5,0,5,0,23,81,0,104,0,23,86,0,109,174,0,174,283
03/20/2023,SSF,TX,ASW,CE,Federal Contract Tower,0,0,6,8,14,0,3,83,0,86,0,3,89,8,100,150,0,150,250
03/21/2023,SSF,TX,ASW,CE,Federal Contract Tower,0,0,9,2,11,0,0,12,0,12,0,0,21,2,23,16,0,16,39
03/22/2023,SSF,TX,ASW,CE,Federal Contract Tower,0,0,28,18,46,0,0,67,0,67,0,0,95,18,113,142,0,142,255
03/23/2023,SSF,TX,ASW,CE,Federal Contract Tower,0,0,19,2,21,0,3,70,1,74,0,3,89,3,95,114,0,114,209
03/24/2023,SSF,TX,ASW,CE,Federal Contract Tower,0,0,19,4,23,0,4,75,0,79,0,4,94,4,102,76,0,76,178
03/25/2023,SSF,TX,ASW,CE,Federal Contract Tower,0,0,3,4,7,0,15,170,0,185,0,15,173,4,192,250,0,250,442
03/26/2023,SSF,TX,ASW,CE,Federal Contract Tower,0,0,6,2,8,0,9,62,0,71,0,9,68,2,79,80,0,80,159
03/27/2023,SSF,TX,ASW,CE,Federal Contract Tower,0,0,17,14,31,0,0,83,1,84,0,0,100,15,115,208,0,208,323
03/28/2023,SSF,TX,ASW,CE,Federal Contract Tower,0,0,6,14,20,0,2,28,0,30,0,2,34,14,50,70,0,70,120
03/29/2023,SSF,TX,ASW,CE,Federal Contract Tower,0,0,5,22,27,0,2,133,2,137,0,2,138,24,164,312,0,312,476
03/30/2023,SSF,TX,ASW,CE,Federal Contract Tower,0,0,4,4,8,0,0,25,0,25,0,0,29,4,33,52,0,52,85
03/31/2023,SSF,TX,ASW,CE,Federal Contract Tower,0,0,29,26,55,0,6,85,3,94,0,6,114,29,149,238,22,260,409
04/01/2023,SSF,TX,ASW,CE,Federal Contract Tower,0,1,2,0,3,0,20,154,0,174,0,21,156,0,177,238,0,238,415
04/02/2023,SSF,TX,ASW,CE,Federal Contract Tower,0,0,6,2,8,0,18,38,0,56,0,18,44,2,64,128,0,128,192
04/03/2023,SSF,TX,ASW,CE,Federal Contract Tower,0,0,16,26,42,0,8,108,0,116,0,8,124,26,158,176,0,176,334
04/04/2023,SSF,TX,ASW,CE,Federal Contract Tower,0,0,21,14,35,0,3,93,0,96,0,3,114,14,131,218,0,218,349
04/05/2023,SSF,TX,ASW,CE,Federal Contract Tower,0,0,8,14,22,0,3,42,3,48,0,3,50,17,70,40,12,52,122
04/06/2023,SSF,TX,ASW,CE,Federal Contract Tower,0,0,5,0,5,0,0,11,0,11,0,0,16,0,16,0,0,0,16
04/07/2023,SSF,TX,ASW,CE,Federal Contract Tower,0,0,1,0,1,0,0,0,0,0,0,0,1,0,1,0,0,0,1
04/08/2023,SSF,TX,ASW,CE,Federal Contract Tower,0,0,6,0,6,0,9,95,0,104,0,9,101,0,110,210,0,210,320
04/09/2023,SSF,TX,ASW,CE,Federal Contract Tower,0,0,13,0,13,0,10,35,0,45,0,10,48,0,58,78,0,78,136
04/10/2023,SSF,TX,ASW,CE,Federal Contract Tower,0,0,14,26,40,0,0,40,0,40,0,0,54,26,80,90,0,90,170
04/11/2023,SSF,TX,ASW,CE,Federal Contract Tower,0,0,11,22,33,0,2,152,3,157,0,2,163,25,190,188,2,190,380
04/12/2023,SSF,TX,ASW,CE,Federal Contract Tower,0,0,5,18,23,0,2,158,6,166,0,2,163,24,189,312,0,312,501
04/13/2023,SSF,TX,ASW,CE,Federal Contract Tower,0,0,11,4,15,0,8,137,3,148,0,8,148,7,163,226,12,238,401
04/14/2023,SSF,TX,ASW,CE,Federal Contract Tower,0,2,11,16,29,0,7,49,0,56,0,9,60,16,85,140,4,144,229
04/15/2023,SSF,TX,ASW,CE,Federal Contract Tower,0,0,10,0,10,0,13,90,1,104,0,13,100,1,114,92,0,92,206
04/16/2023,SSF,TX,ASW,CE,Federal Contract Tower,0,1,5,1,7,0,13,102,1,116,0,14,107,2,123,82,0,82,205
04/17/2023,SSF,TX,ASW,CE,Federal Contract Tower,0,0,5,12,17,0,0,114,22,136,0,0,119,34,153,58,0,58,211
04/18/2023,SSF,TX,ASW,CE,Federal Contract Tower,0,0,11,8,19,0,2,36,0,38,0,2,47,8,57,72,0,72,129
04/19/2023,SSF,TX,ASW,CE,Federal Contract Tower,0,0,16,20,36,0,5,60,3,68,0,5,76,23,104,112,2,114,218
04/20/2023,SSF,TX,ASW,CE,Federal Contract Tower,0,0,10,10,20,0,3,17,0,20,0,3,27,10,40,38,0,38,78
04/21/2023,SSF,TX,ASW,CE,Federal Contract Tower,0,0,16,15,31,0,2,92,2,96,0,2,108,17,127,150,0,150,277
04/22/2023,SSF,TX,ASW,CE,Federal Contract Tower,0,0,9,1,10,0,13,143,0,156,0,13,152,1,166,184,0,184,350
04/23/2023,SSF,TX,ASW,CE,Federal Contract Tower,0,0,8,1,9,0,20,20,1,41,0,20,28,2,50,4,0,4,54
04/24/2023,SSF,TX,ASW,CE,Federal Contract Tower,0,0,10,20,30,0,2,86,0,88,0,2,96,20,118,206,0,206,324
04/25/2023,SSF,TX,ASW,CE,Federal Contract Tower,0,3,6,8,17,0,4,34,0,38,0,7,40,8,55,144,0,144,199
04/26/2023,SSF,TX,ASW,CE,Federal Contract Tower,0,2,15,10,27,0,0,86,1,87,0,2,101,11,114,244,0,244,358
04/27/2023,SSF,TX,ASW,CE,Federal Contract Tower,0,0,15,14,29,0,10,115,0,125,0,10,130,14,154,248,0,248,402
04/28/2023,SSF,TX,ASW,CE,Federal Contract Tower,0,0,11,6,17,0,8,54,1,63,0,8,65,7,80,36,0,36,116
04/29/2023,SSF,TX,ASW,CE,Federal Contract Tower,0,1,4,2,7,0,16,67,7,90,0,17,71,9,97,58,0,58,155
04/30/2023,SSF,TX,ASW,CE,Federal Contract Tower,0,0,7,0,7,0,44,126,2,172,0,44,133,2,179,142,0,142,321
05/01/2023,SSF,TX,ASW,CE,Federal Contract Tower,0,0,6,22,28,0,7,137,0,144,0,7,143,22,172,192,0,192,364
05/02/2023,SSF,TX,ASW,CE,Federal Contract Tower,0,0,14,18,32,0,2,61,0,63,0,2,75,18,95,164,0,164,259
05/03/2023,SSF,TX,ASW,CE,Federal Contract Tower,0,0,15,27,42,0,4,109,0,113,0,4,124,27,155,226,10,236,391
05/04/2023,SSF,TX,ASW,CE,Federal Contract Tower,0,0,11,22,33,0,0,62,0,62,0,0,73,22,95,150,0,150,245
05/05/2023,SSF,TX,ASW,CE,Federal Contract Tower,0,1,6,0,7,0,20,88,0,108,0,21,94,0,115,158,0,158,273
05/06/2023,SSF,TX,ASW,CE,Federal Contract Tower,0,0,10,0,10,0,27,56,0,83,0,27,66,0,93,142,0,142,235
05/07/2023,SSF,TX,ASW,CE,Federal Contract Tower,0,0,3,0,3,0,21,22,0,43,0,21,25,0,46,40,0,40,86
05/08/2023,SSF,TX,ASW,CE,Federal Contract Tower,0,0,7,10,17,0,0,80,0,80,0,0,87,10,97,76,0,76,173
05/09/2023,SSF,TX,ASW,CE,Federal Contract Tower,0,0,4,0,4,0,0,0,0,0,0,0,4,0,4,70,0,70,74
05/10/2023,SSF,TX,ASW,CE,Federal Contract Tower,0,0,23,20,43,0,1,70,3,74,0,1,93,23,117,196,8,204,321
05/11/2023,SSF,TX,ASW,CE,Federal Contract Tower,0,0,13,16,29,0,0,60,1,61,0,0,73,17,90,216,0,216,306
05/12/2023,SSF,TX,ASW,CE,Federal Contract Tower,0,0,15,28,43,0,30,33,0,63,0,30,48,28,106,138,0,138,244
05/13/2023,SSF,TX,ASW,CE,Federal Contract Tower,0,0,0,0,0,0,7,44,0,51,0,7,44,0,51,58,0,58,109
05/14/2023,SSF,TX,ASW,CE,Federal Contract Tower,0,0,2,0,2,0,34,64,0,98,0,34,66,0,100,134,0,134,234
05/15/2023,SSF,TX,ASW,CE,Federal Contract Tower,0,0,1,14,15,0,0,21,0,21,0,0,22,14,36,36,0,36,72
05/16/2023,SSF,TX,ASW,CE,Federal Contract Tower,0,0,6,6,12,0,1,66,0,67,0,1,72,6,79,96,0,96,175
05/17/2023,SSF,TX,ASW,CE,Federal Contract Tower,0,0,6,10,16,0,3,154,0,157,0,3,160,10,173,348,0,348,521
05/18/2023,SSF,TX,ASW,CE,Federal Contract Tower,0,0,5,10,15,0,4,136,0,140,0,4,141,10,155,272,0,272,427
05/19/2023,SSF,TX,ASW,CE,Federal Contract Tower,0,0,11,6,17,0,18,103,0,121,0,18,114,6,138,104,0,104,242
05/20/2023,SSF,TX,ASW,CE,Federal Contract Tower,0,0,10,2,12,0,34,68,0,102,0,34,78,2,114,174,0,174,288
05/21/2023,SSF,TX,ASW,CE,Federal Contract Tower,0,0,3,0,3,0,8,47,0,55,0,8,50,0,58,100,0,100,158
05/22/2023,SSF,TX,ASW,CE,Federal Contract Tower,0,0,3,12,15,0,0,119,2,121,0,0,122,14,136,294,0,294,430
05/23/2023,SSF,TX,ASW,CE,Federal Contract Tower,0,0,3,18,21,0,3,158,3,164,0,3,161,21,185,251,2,253,438
05/24/2023,SSF,TX,ASW,CE,Federal Contract Tower,0,0,6,26,32,0,7,101,1,109,0,7,107,27,141,232,10,242,383
05/25/2023,SSF,TX,ASW,CE,Federal Contract Tower,0,0,13,20,33,0,4,117,0,121,0,4,130,20,154,290,0,290,444
05/26/2023,SSF,TX,ASW,CE,Federal Contract Tower,0,0,14,0,14,0,33,128,2,163,0,33,142,2,177,294,14,308,485
05/27/2023,SSF,TX,ASW,CE,Federal Contract Tower,0,0,12,0,12,0,20,111,0,131,0,20,123,0,143,196,0,196,339
05/28/2023,SSF,TX,ASW,CE,Federal Contract Tower,0,0,2,0,2,0,20,86,0,106,0,20,88,0,108,108,0,108,216
05/29/2023,SSF,TX,ASW,CE,Federal Contract Tower,0,0,13,0,13,0,1,50,0,51,0,1,63,0,64,186,0,186,250
05/30/2023,SSF,TX,ASW,CE,Federal Contract Tower,0,0,3,30,33,0,1,117,0,118,0,1,120,30,151,230,0,230,381
05/31/2023,SSF,TX,ASW,CE,Federal Contract Tower,0,0,7,12,19,0,4,120,0,124,0,4,127,12,143,246,0,246,389
06/01/2023,SSF,TX,ASW,CE,Federal Contract Tower,0,0,16,17,33,0,0,88,2,90,0,0,104,19,123,298,8,306,429
06/02/2023,SSF,TX,ASW,CE,Federal Contract Tower,0,0,13,14,27,0,24,112,1,137,0,24,125,15,164,262,0,262,426
06/03/2023,SSF,TX,ASW,CE,Federal Contract Tower,0,0,4,0,4,0,15,130,0,145,0,15,134,0,149,172,0,172,321
06/04/2023,SSF,TX,ASW,CE,Federal Contract Tower,0,0,4,0,4,0,6,87,0,93,0,6,91,0,97,78,0,78,175
06/05/2023,SSF,TX,ASW,CE,Federal Contract Tower,0,0,7,10,17,0,6,80,0,86,0,6,87,10,103,138,0,138,241
06/06/2023,SSF,TX,ASW,CE,Federal Contract Tower,0,0,1,14,15,0,6,70,0,76,0,6,71,14,91,132,0,132,223
06/07/2023,SSF,TX,ASW,CE,Federal Contract Tower,0,0,8,4,12,0,4,140,7,151,0,4,148,11,163,296,14,310,473
06/08/2023,SSF,TX,ASW,CE,Federal Contract Tower,0,0,6,10,16,0,14,127,2,143,0,14,133,12,159,202,0,202,361
06/09/2023,SSF,TX,ASW,CE,Federal Contract Tower,0,0,9,20,29,0,3,161,0,164,0,3,170,20,193,214,0,214,407
06/10/2023,SSF,TX,ASW,CE,Federal Contract Tower,0,0,2,0,2,0,11,160,1,172,0,11,162,1,174,192,0,192,366
06/11/2023,SSF,TX,ASW,CE,Federal Contract Tower,0,0,10,0,10,0,21,96,0,117,0,21,106,0,127,152,0,152,279
06/12/2023,SSF,TX,ASW,CE,Federal Contract Tower,0,0,24,6,30,0,2,66,5,73,0,2,90,11,103,136,0,136,239
06/13/2023,SSF,TX,ASW,CE,Federal Contract Tower,0,0,15,10,25,0,14,63,2,79,0,14,78,12,104,230,0,230,334
06/14/2023,SSF,TX,ASW,CE,Federal Contract Tower,0,0,29,14,43,0,4,62,0,66,0,4,91,14,109,224,0,224,333
06/15/2023,SSF,TX,ASW,CE,Federal Contract Tower,0,0,15,12,27,0,1,71,0,72,0,1,86,12,99,116,0,116,215
06/16/2023,SSF,TX,ASW,CE,Federal Contract Tower,0,2,8,10,20,0,14,126,1,141,0,16,134,11,161,188,0,188,349
06/17/2023,SSF,TX,ASW,CE,Federal Contract Tower,0,0,10,0,10,0,12,86,0,98,0,12,96,0,108,186,0,186,294
06/18/2023,SSF,TX,ASW,CE,Federal Contract Tower,0,0,1,0,1,0,34,72,0,106,0,34,73,0,107,136,0,136,243
06/19/2023,SSF,TX,ASW,CE,Federal Contract Tower,0,0,7,2,9,0,19,115,0,134,0,19,122,2,143,196,0,196,339
06/20/2023,SSF,TX,ASW,CE,Federal Contract Tower,0,0,19,14,33,0,3,110,0,113,0,3,129,14,146,198,0,198,344
06/21/2023,SSF,TX,ASW,CE,Federal Contract Tower,0,0,11,6,17,0,7,101,0,108,0,7,112,6,125,148,0,148,273
06/22/2023,SSF,TX,ASW,CE,Federal Contract Tower,0,0,2,6,8,0,4,84,0,88,0,4,86,6,96,150,0,150,246
06/23/2023,SSF,TX,ASW,CE,Federal Contract Tower,0,1,7,16,24,0,7,126,3,136,0,8,133,19,160,174,0,174,334
06/24/2023,SSF,TX,ASW,CE,Federal Contract Tower,0,0,14,4,18,0,13,153,2,168,0,13,167,6,186,150,10,160,346
06/25/2023,SSF,TX,ASW,CE,Federal Contract Tower,0,0,3,0,3,0,26,84,0,110,0,26,87,0,113,102,0,102,215
06/26/2023,SSF,TX,ASW,CE,Federal Contract Tower,0,1,8,20,29,0,1,97,0,98,0,2,105,20,127,116,0,116,243
06/27/2023,SSF,TX,ASW,CE,Federal Contract Tower,0,1,16,18,35,0,2,102,0,104,0,3,118,18,139,130,0,130,269
06/28/2023,SSF,TX,ASW,CE,Federal Contract Tower,0,0,12,18,30,0,3,120,0,123,0,3,132,18,153,184,0,184,337
06/29/2023,SSF,TX,ASW,CE,Federal Contract Tower,0,0,11,14,25,0,4,105,0,109,0,4,116,14,134,250,0,250,384
06/30/2023,SSF,TX,ASW,CE,Federal Contract Tower,0,0,20,8,28,0,4,108,1,113,0,4,128,9,141,240,6,246,387
07/01/2023,SSF,TX,ASW,CE,Federal Contract Tower,0,0,16,0,16,0,14,86,3,103,0,14,102,3,119,122,10,132,251
07/02/2023,SSF,TX,ASW,CE,Federal Contract Tower,0,0,8,0,8,0,22,89,0,111,0,22,97,0,119,132,0,132,251
07/03/2023,SSF,TX,ASW,CE,Federal Contract Tower,0,0,8,0,8,0,6,89,0,95,0,6,97,0,103,232,0,232,335
07/04/2023,SSF,TX,ASW,CE,Federal Contract Tower,0,0,4,0,4,0,8,44,0,52,0,8,48,0,56,52,0,52,108
07/05/2023,SSF,TX,ASW,CE,Federal Contract Tower,0,0,4,8,12,0,2,56,2,60,0,2,60,10,72,92,8,100,172
07/06/2023,SSF,TX,ASW,CE,Federal Contract Tower,0,0,6,20,26,0,4,61,2,67,0,4,67,22,93,184,10,194,287
07/07/2023,SSF,TX,ASW,CE,Federal Contract Tower,0,0,16,6,22,0,12,87,0,99,0,12,103,6,121,250,0,250,371
07/08/2023,SSF,TX,ASW,CE,Federal Contract Tower,0,0,13,0,13,0,17,84,6,107,0,17,97,6,120,122,12,134,254
07/09/2023,SSF,TX,ASW,CE,Federal Contract Tower,0,0,3,0,3,0,14,95,0,109,0,14,98,0,112,118,0,118,230
07/10/2023,SSF,TX,ASW,CE,Federal Contract Tower,0,0,9,8,17,0,0,96,2,98,0,0,105,10,115,120,0,120,235
07/11/2023,SSF,TX,ASW,CE,Federal Contract Tower,0,0,6,6,12,0,3,107,0,110,0,3,113,6,122,168,0,168,290
07/12/2023,SSF,TX,ASW,CE,Federal Contract Tower,0,0,4,20,24,0,8,98,0,106,0,8,102,20,130,136,0,136,266
07/13/2023,SSF,TX,ASW,CE,Federal Contract Tower,0,0,5,18,23,0,2,101,0,103,0,2,106,18,126,266,0,266,392
07/14/2023,SSF,TX,ASW,CE,Federal Contract Tower,0,0,7,12,19,0,7,119,0,126,0,7,126,12,145,158,0,158,303
07/15/2023,SSF,TX,ASW,CE,Federal Contract Tower,0,0,7,0,7,0,18,152,0,170,0,18,159,0,177,154,0,154,331
07/16/2023,SSF,TX,ASW,CE,Federal Contract Tower,0,0,5,4,9,0,50,79,0,129,0,50,84,4,138,108,0,108,246
07/17/2023,SSF,TX,ASW,CE,Federal Contract Tower,0,0,5,14,19,0,2,118,0,120,0,2,123,14,139,196,0,196,335
07/18/2023,SSF,TX,ASW,CE,Federal Contract Tower,0,1,7,10,18,0,0,109,1,110,0,1,116,11,128,180,0,180,308
07/19/2023,SSF,TX,ASW,CE,Federal Contract Tower,0,0,5,12,17,0,4,111,0,115,0,4,116,12,132,72,0,72,204
07/20/2023,SSF,TX,ASW,CE,Federal Contract Tower,0,0,12,6,18,0,4,119,1,124,0,4,131,7,142,202,0,202,344
07/21/2023,SSF,TX,ASW,CE,Federal Contract Tower,0,0,7,14,21,0,6,128,0,134,0,6,135,14,155,200,0,200,355
07/22/2023,SSF,TX,ASW,CE,Federal Contract Tower,0,0,1,2,3,0,5,150,0,155,0,5,151,2,158,182,0,182,340
07/23/2023,SSF,TX,ASW,CE,Federal Contract Tower,0,0,4,4,8,0,0,90,0,90,0,0,94,4,98,128,0,128,226
07/24/2023,SSF,TX,ASW,CE,Federal Contract Tower,0,0,9,18,27,0,0,107,0,107,0,0,116,18,134,184,0,184,318
07/25/2023,SSF,TX,ASW,CE,Federal Contract Tower,0,0,11,14,25,0,2,99,0,101,0,2,110,14,126,168,0,168,294
07/26/2023,SSF,TX,ASW,CE,Federal Contract Tower,0,0,9,16,25,0,7,80,0,87,0,7,89,16,112,76,0,76,188
07/27/2023,SSF,TX,ASW,CE,Federal Contract Tower,0,0,4,4,8,0,7,115,0,122,0,7,119,4,130,224,0,224,354
07/28/2023,SSF,TX,ASW,CE,Federal Contract Tower,0,0,2,14,16,0,10,122,0,132,0,10,124,14,148,92,0,92,240
07/29/2023,SSF,TX,ASW,CE,Federal Contract Tower,0,0,2,0,2,0,10,149,0,159,0,10,151,0,161,186,0,186,347
07/30/2023,SSF,TX,ASW,CE,Federal Contract Tower,0,0,3,0,3,0,42,90,0,132,0,42,93,0,135,92,0,92,227
07/31/2023,SSF,TX,ASW,CE,Federal Contract Tower,0,0,3,2,5,0,0,112,0,112,0,0,115,2,117,230,0,230,347
08/01/2023,SSF,TX,ASW,CE,Federal Contract Tower,0,0,5,14,19,0,0,99,0,99,0,0,104,14,118,172,0,172,290
08/02/2023,SSF,TX,ASW,CE,Federal Contract Tower,0,0,9,18,27,0,9,108,2,119,0,9,117,20,146,186,0,186,332
08/03/2023,SSF,TX,ASW,CE,Federal Contract Tower,0,0,14,14,28,0,4,123,0,127,0,4,137,14,155,236,0,236,391
08/04/2023,SSF,TX,ASW,CE,Federal Contract Tower,0,0,5,12,17,0,6,127,0,133,0,6,132,12,150,158,0,158,308
08/05/2023,SSF,TX,ASW,CE,Federal Contract Tower,0,0,1,0,1,0,38,115,0,153,0,38,116,0,154,172,0,172,326
08/06/2023,SSF,TX,ASW,CE,Federal Contract Tower,0,0,7,4,11,0,24,57,0,81,0,24,64,4,92,70,0,70,162
08/07/2023,SSF,TX,ASW,CE,Federal Contract Tower,0,2,6,26,34,0,5,89,0,94,0,7,95,26,128,110,0,110,238
08/08/2023,SSF,TX,ASW,CE,Federal Contract Tower,0,0,12,8,20,0,10,103,0,113,0,10,115,8,133,200,0,200,333
08/09/2023,SSF,TX,ASW,CE,Federal Contract Tower,0,0,8,21,29,0,0,91,0,91,0,0,99,21,120,106,0,106,226
08/10/2023,SSF,TX,ASW,CE,Federal Contract Tower,0,0,7,24,31,0,12,119,2,133,0,12,126,26,164,220,4,224,388
08/11/2023,SSF,TX,ASW,CE,Federal Contract Tower,0,0,9,16,25,0,6,124,0,130,0,6,133,16,155,222,0,222,377
08/12/2023,SSF,TX,ASW,CE,Federal Contract Tower,0,0,12,0,12,0,8,123,0,131,0,8,135,0,143,120,0,120,263
08/13/2023,SSF,TX,ASW,CE,Federal Contract Tower,0,0,10,0,10,0,26,77,0,103,0,26,87,0,113,82,0,82,195
08/14/2023,SSF,TX,ASW,CE,Federal Contract Tower,0,2,17,20,39,0,4,102,0,106,0,6,119,20,145,192,0,192,337
08/15/2023,SSF,TX,ASW,CE,Federal Contract Tower,0,0,9,2,11,0,0,105,0,105,0,0,114,2,116,190,0,190,306
08/16/2023,SSF,TX,ASW,CE,Federal Contract Tower,0,0,4,8,12,0,2,134,0,136,0,2,138,8,148,168,0,168,316
08/17/2023,SSF,TX,ASW,CE,Federal Contract Tower,0,2,6,10,18,0,5,124,0,129,0,7,130,10,147,214,0,214,361
08/18/2023,SSF,TX,ASW,CE,Federal Contract Tower,0,0,7,14,21,0,13,123,0,136,0,13,130,14,157,156,0,156,313
08/19/2023,SSF,TX,ASW,CE,Federal Contract Tower,0,0,5,0,5,0,32,108,0,140,0,32,113,0,145,182,0,182,327
08/20/2023,SSF,TX,ASW,CE,Federal Contract Tower,0,2,10,0,12,0,13,68,0,81,0,15,78,0,93,126,0,126,219
08/21/2023,SSF,TX,ASW,CE,Federal Contract Tower,0,0,3,10,13,0,2,94,0,96,0,2,97,10,109,176,0,176,285
08/22/2023,SSF,TX,ASW,CE,Federal Contract Tower,0,0,2,6,8,0,2,24,0,26,0,2,26,6,34,118,0,118,152
08/23/2023,SSF,TX,ASW,CE,Federal Contract Tower,0,0,10,24,34,0,1,69,0,70,0,1,79,24,104,196,0,196,300
08/24/2023,SSF,TX,ASW,CE,Federal Contract Tower,0,0,9,8,17,0,5,106,0,111,0,5,115,8,128,174,0,174,302
08/25/2023,SSF,TX,ASW,CE,Federal Contract Tower,0,0,4,20,24,0,6,134,1,141,0,6,138,21,165,264,0,264,429
08/26/2023,SSF,TX,ASW,CE,Federal Contract Tower,0,0,1,0,1,0,18,78,0,96,0,18,79,0,97,112,0,112,209
08/27/2023,SSF,TX,ASW,CE,Federal Contract Tower,0,0,2,0,2,0,28,76,0,104,0,28,78,0,106,66,0,66,172
08/28/2023,SSF,TX,ASW,CE,Federal Contract Tower,0,0,6,2,8,0,7,60,2,69,0,7,66,4,77,74,0,74,151
08/29/2023,SSF,TX,ASW,CE,Federal Contract Tower,0,7,9,14,30,0,11,108,5,124,0,18,117,19,154,160,4,164,318
08/30/2023,SSF,TX,ASW,CE,Federal Contract Tower,0,0,5,18,23,0,3,119,1,123,0,3,124,19,146,277,6,283,429
08/31/2023,SSF,TX,ASW,CE,Federal Contract Tower,0,0,4,22,26,0,0,103,0,103,0,0,107,22,129,157,0,157,286
01/01/2020,SSF,TX,ASW,CE,Federal Contract Tower,0,0,2,0,2,0,3,50,0,53,0,3,52,0,55,111,0,111,166
01/02/2020,SSF,TX,ASW,CE,Federal Contract Tower,0,0,2,0,2,0,14,104,0,118,0,14,106,0,120,246,0,246,366
01/03/2020,SSF,TX,ASW,CE,Federal Contract Tower,0,0,6,2,8,0,12,123,0,135,0,12,129,2,143,308,2,310,453
01/04/2020,SSF,TX,ASW,CE,Federal Contract Tower,0,0,2,0,2,0,34,124,28,186,0,34,126,28,188,294,14,308,496
01/05/2020,SSF,TX,ASW,CE,Federal Contract Tower,0,0,6,0,6,0,13,85,0,98,0,13,91,0,104,218,0,218,322
01/06/2020,SSF,TX,ASW,CE,Federal Contract Tower,0,0,7,10,17,0,3,107,0,110,0,3,114,10,127,88,8,96,223
01/07/2020,SSF,TX,ASW,CE,Federal Contract Tower,0,0,6,26,32,0,4,154,0,158,0,4,160,26,190,344,20,364,554
01/08/2020,SSF,TX,ASW,CE,Federal Contract Tower,0,0,7,22,29,0,22,160,14,196,0,22,167,36,225,178,22,200,425
01/09/2020,SSF,TX,ASW,CE,Federal Contract Tower,0,2,15,26,43,0,19,64,1,84,0,21,79,27,127,218,24,242,369
01/10/2020,SSF,TX,ASW,CE,Federal Contract Tower,0,0,6,6,12,0,14,37,3,54,0,14,43,9,66,126,18,144,210
01/11/2020,SSF,TX,ASW,CE,Federal Contract Tower,0,0,4,0,4,0,7,96,0,103,0,7,100,0,107,228,0,228,335
01/12/2020,SSF,TX,ASW,CE,Federal Contract Tower,0,2,4,2,8,0,0,40,0,40,0,2,44,2,48,94,2,96,144
01/13/2020,SSF,TX,ASW,CE,Federal Contract Tower,0,0,2,0,2,0,0,0,0,0,0,0,2,0,2,0,0,0,2
01/14/2020,SSF,TX,ASW,CE,Federal Contract Tower,0,0,8,8,16,0,6,42,3,51,0,6,50,11,67,262,30,292,359
01/15/2020,SSF,TX,ASW,CE,Federal Contract Tower,0,3,17,11,31,0,16,65,2,83,0,19,82,13,114,278,8,286,400
01/16/2020,SSF,TX,ASW,CE,Federal Contract Tower,0,0,7,4,11,0,0,10,0,10,0,0,17,4,21,18,0,18,39
01/17/2020,SSF,TX,ASW,CE,Federal Contract Tower,0,18,0,0,18,0,0,28,3,31,0,18,28,3,49,58,6,64,113
01/18/2020,SSF,TX,ASW,CE,Federal Contract Tower,0,0,9,2,11,0,23,47,4,74,0,23,56,6,85,114,2,116,201
01/19/2020,SSF,TX,ASW,CE,Federal Contract Tower,0,0,2,0,2,0,20,100,0,120,0,20,102,0,122,168,0,168,290
01/20/2020,SSF,TX,ASW,CE,Federal Contract Tower,0,0,2,0,2,0,10,116,8,134,0,10,118,8,136,166,0,166,302
01/21/2020,SSF,TX,ASW,CE,Federal Contract Tower,0,0,12,20,32,0,2,128,3,133,0,2,140,23,165,248,58,306,471
01/22/2020,SSF,TX,ASW,CE,Federal Contract Tower,0,0,2,0,2,0,0,4,0,4,0,0,6,0,6,0,0,0,6
01/23/2020,SSF,TX,ASW,CE,Federal Contract Tower,0,2,2,20,24,0,6,146,4,156,0,8,148,24,180,292,18,310,490
01/24/2020,SSF,TX,ASW,CE,Federal Contract Tower,0,0,2,6,8,0,9,161,5,175,0,9,163,11,183,246,14,260,443
01/25/2020,SSF,TX,ASW,CE,Federal Contract Tower,0,0,10,6,16,0,19,90,3,112,0,19,100,9,128,320,4,324,452
01/26/2020,SSF,TX,ASW,CE,Federal Contract Tower,0,0,3,2,5,0,3,99,0,102,0,3,102,2,107,168,2,170,277
01/27/2020,SSF,TX,ASW,CE,Federal Contract Tower,0,0,2,6,8,0,7,135,0,142,0,7,137,6,150,164,4,168,318
01/28/2020,SSF,TX,ASW,CE,Federal Contract Tower,0,0,5,14,19,0,9,69,0,78,0,9,74,14,97,184,14,198,295
01/29/2020,SSF,TX,ASW,CE,Federal Contract Tower,0,0,2,16,18,0,16,136,5,157,0,16,138,21,175,334,34,368,543
01/30/2020,SSF,TX,ASW,CE,Federal Contract Tower,0,0,25,22,47,0,0,71,0,71,0,0,96,22,118,226,14,240,358
01/31/2020,SSF,TX,ASW,CE,Federal Contract Tower,0,3,16,22,41,0,7,118,7,132,0,10,134,29,173,260,52,312,485
02/01/2020,SSF,TX,ASW,CE,Federal Contract Tower,0,0,5,0,5,0,11,146,19,176,0,11,151,19,181,176,0,176,357
02/02/2020,SSF,TX,ASW,CE,Federal Contract Tower,0,0,3,2,5,0,3,71,0,74,0,3,74,2,79,34,2,36,115
02/03/2020,SSF,TX,ASW,CE,Federal Contract Tower,0,0,13,8,21,0,0,101,2,103,0,0,114,10,124,188,6,194,318
02/04/2020,SSF,TX,ASW,CE,Federal Contract Tower,0,0,22,20,42,0,8,115,4,127,0,8,137,24,169,320,50,370,539
02/05/2020,SSF,TX,ASW,CE,Federal Contract Tower,0,0,7,26,33,0,7,56,28,91,0,7,63,54,124,171,16,187,311
02/06/2020,SSF,TX,ASW,CE,Federal Contract Tower,0,0,2,18,20,0,4,142,3,149,0,4,144,21,169,216,18,234,403
02/07/2020,SSF,TX,ASW,CE,Federal Contract Tower,0,0,6,12,18,0,9,155,2,166,0,9,161,14,184,292,12,304,488
02/08/2020,SSF,TX,ASW,CE,Federal Contract Tower,0,0,9,0,9,0,4,18,0,22,0,4,27,0,31,34,0,34,65
02/09/2020,SSF,TX,ASW,CE,Federal Contract Tower,0,1,4,0,5,0,3,7,0,10,0,4,11,0,15,2,0,2,17
02/10/2020,SSF,TX,ASW,CE,Federal Contract Tower,0,0,6,2,8,0,0,10,0,10,0,0,16,2,18,32,2,34,52
02/11/2020,SSF,TX,ASW,CE,Federal Contract Tower,0,0,7,0,7,0,0,2,0,2,0,0,9,0,9,0,0,0,9
02/12/2020,SSF,TX,ASW,CE,Federal Contract Tower,0,6,9,12,27,0,12,113,0,125,0,18,122,12,152,170,20,190,342
02/13/2020,SSF,TX,ASW,CE,Federal Contract Tower,0,3,6,24,33,0,14,132,0,146,0,17,138,24,179,256,16,272,451
02/14/2020,SSF,TX,ASW,CE,Federal Contract Tower,0,0,16,12,28,0,34,125,2,161,0,34,141,14,189,274,12,286,475
02/15/2020,SSF,TX,ASW,CE,Federal Contract Tower,0,0,15,4,19,0,50,122,6,178,0,50,137,10,197,286,0,286,483
02/16/2020,SSF,TX,ASW,CE,Federal Contract Tower,0,0,7,0,7,0,14,59,0,73,0,14,66,0,80,122,0,122,202
02/17/2020,SSF,TX,ASW,CE,Federal Contract Tower,0,1,8,0,9,0,8,68,0,76,0,9,76,0,85,144,0,144,229
02/18/2020,SSF,TX,ASW,CE,Federal Contract Tower,0,1,19,10,30,0,9,54,0,63,0,10,73,10,93,90,10,100,193
02/19/2020,SSF,TX,ASW,CE,Federal Contract Tower,0,1,1,2,4,0,0,8,0,8,0,1,9,2,12,38,0,38,50
02/20/2020,SSF,TX,ASW,CE,Federal Contract Tower,0,4,8,1,13,0,12,26,1,39,0,16,34,2,52,24,0,24,76
02/21/2020,SSF,TX,ASW,CE,Federal Contract Tower,0,0,11,19,30,0,7,157,2,166,0,7,168,21,196,296,8,304,500
02/22/2020,SSF,TX,ASW,CE,Federal Contract Tower,0,0,7,0,7,0,4,136,4,144,0,4,143,4,151,282,0,282,433
02/23/2020,SSF,TX,ASW,CE,Federal Contract Tower,0,0,16,0,16,0,3,33,0,36,0,3,49,0,52,46,0,46,98
02/24/2020,SSF,TX,ASW,CE,Federal Contract Tower,0,0,10,22,32,0,4,109,0,113,0,4,119,22,145,214,14,228,373
02/25/2020,SSF,TX,ASW,CE,Federal Contract Tower,0,0,14,24,38,0,28,136,59,223,0,28,150,83,261,238,44,282,543
02/26/2020,SSF,TX,ASW,CE,Federal Contract Tower,0,0,6,16,22,0,8,115,14,137,0,8,121,30,159,250,8,258,417
02/27/2020,SSF,TX,ASW,CE,Federal Contract Tower,0,0,12,12,24,0,3,118,0,121,0,3,130,12,145,272,12,284,429
02/28/2020,SSF,TX,ASW,CE,Federal Contract Tower,0,2,18,12,32,0,2,175,0,177,0,4,193,12,209,398,4,402,611
02/29/2020,SSF,TX,ASW,CE,Federal Contract Tower,0,0,6,0,6,0,10,160,0,170,0,10,166,0,176,276,0,276,452
03/01/2020,SSF,TX,ASW,CE,Federal Contract Tower,0,0,10,2,12,0,0,90,0,90,0,0,100,2,102,220,2,222,324
03/02/2020,SSF,TX,ASW,CE,Federal Contract Tower,0,0,17,34,51,0,3,80,0,83,0,3,97,34,134,200,22,222,356
03/03/2020,SSF,TX,ASW,CE,Federal Contract Tower,0,1,5,34,40,0,11,83,0,94,0,12,88,34,134,256,28,284,418
03/04/2020,SSF,TX,ASW,CE,Federal Contract Tower,0,0,10,26,36,0,8,93,2,103,0,8,103,28,139,206,20,226,365
03/05/2020,SSF,TX,ASW,CE,Federal Contract Tower,0,0,3,22,25,0,2,137,12,151,0,2,140,34,176,268,18,286,462
03/06/2020,SSF,TX,ASW,CE,Federal Contract Tower,0,0,4,8,12,0,4,126,5,135,0,4,130,13,147,268,4,272,419
03/07/2020,SSF,TX,ASW,CE,Federal Contract Tower,0,0,6,1,7,0,3,134,17,154,0,3,140,18,161,292,0,292,453
03/08/2020,SSF,TX,ASW,CE,Federal Contract Tower,0,0,5,0,5,0,14,46,0,60,0,14,51,0,65,70,0,70,135
03/09/2020,SSF,TX,ASW,CE,Federal Contract Tower,0,0,4,14,18,0,2,67,0,69,0,2,71,14,87,164,10,174,261
03/10/2020,SSF,TX,ASW,CE,Federal Contract Tower,0,0,15,6,21,0,10,86,4,100,0,10,101,10,121,276,18,294,415
03/11/2020,SSF,TX,ASW,CE,Federal Contract Tower,0,0,4,8,12,0,4,111,2,117,0,4,115,10,129,220,8,228,357
03/12/2020,SSF,TX,ASW,CE,Federal Contract Tower,0,0,10,14,24,0,10,145,2,157,0,10,155,16,181,284,8,292,473
03/13/2020,SSF,TX,ASW,CE,Federal Contract Tower,0,0,4,6,10,0,11,81,0,92,0,11,85,6,102,206,6,212,314
03/14/2020,SSF,TX,ASW,CE,Federal Contract Tower,0,0,8,2,10,0,10,93,2,105,0,10,101,4,115,230,0,230,345
03/15/2020,SSF,TX,ASW,CE,Federal Contract Tower,0,0,4,0,4,0,4,12,0,16,0,4,16,0,20,50,0,50,70
03/16/2020,SSF,TX,ASW,CE,Federal Contract Tower,0,3,8,26,37,0,4,55,0,59,0,7,63,26,96,106,22,128,224
03/17/2020,SSF,TX,ASW,CE,Federal Contract Tower,0,6,16,20,42,0,12,125,3,140,0,18,141,23,182,342,78,420,602
03/18/2020,SSF,TX,ASW,CE,Federal Contract Tower,0,0,13,12,25,0,18,120,7,145,0,18,133,19,170,320,46,366,536
03/19/2020,SSF,TX,ASW,CE,Federal Contract Tower,0,2,18,12,32,0,11,85,1,97,0,13,103,13,129,156,8,164,293
03/20/2020,SSF,TX,ASW,CE,Federal Contract Tower,0,0,10,0,10,0,6,29,8,43,0,6,39,8,53,110,0,110,163
03/22/2020,SSF,TX,ASW,CE,Federal Contract Tower,0,0,5,4,9,0,0,0,0,0,0,0,5,4,9,0,4,4,13
03/23/2020,SSF,TX,ASW,CE,Federal Contract Tower,0,1,25,8,34,0,4,70,0,74,0,5,95,8,108,170,8,178,286
03/24/2020,SSF,TX,ASW,CE,Federal Contract Tower,0,0,11,20,31,0,8,129,7,144,0,8,140,27,175,312,98,410,585
03/25/2020,SSF,TX,ASW,CE,Federal Contract Tower,0,0,14,8,22,0,0,81,10,91,0,0,95,18,113,258,26,284,397
03/26/2020,SSF,TX,ASW,CE,Federal Contract Tower,0,0,11,27,38,0,0,106,1,107,0,0,117,28,145,94,10,104,249
03/27/2020,SSF,TX,ASW,CE,Federal Contract Tower,0,0,2,8,10,0,1,97,8,106,0,1,99,16,116,242,8,250,366
03/29/2020,SSF,TX,ASW,CE,Federal Contract Tower,0,0,4,0,4,0,2,36,0,38,0,2,40,0,42,16,0,16,58
03/30/2020,SSF,TX,ASW,CE,Federal Contract Tower,0,0,7,2,9,0,0,16,0,16,0,0,23,2,25,42,0,42,67
03/31/2020,SSF,TX,ASW,CE,Federal Contract Tower,0,0,4,2,6,0,0,158,0,158,0,0,162,2,164,118,2,120,284
04/01/2020,SSF,TX,ASW,CE,Federal Contract Tower,0,0,14,4,18,0,7,141,5,153,0,7,155,9,171,136,4,140,311
04/02/2020,SSF,TX,ASW,CE,Federal Contract Tower,0,0,11,2,13,0,2,11,0,13,0,2,22,2,26,40,2,42,68
04/03/2020,SSF,TX,ASW,CE,Federal Contract Tower,0,0,3,0,3,0,1,0,0,1,0,1,3,0,4,2,0,2,6
04/04/2020,SSF,TX,ASW,CE,Federal Contract Tower,0,0,0,0,0,0,0,0,0,0,0,0,0,0,0,0,0,0,0
04/05/2020,SSF,TX,ASW,CE,Federal Contract Tower,0,2,7,0,9,0,0,20,0,20,0,2,27,0,29,44,0,44,73
04/06/2020,SSF,TX,ASW,CE,Federal Contract Tower,0,0,12,2,14,0,3,39,0,42,0,3,51,2,56,62,0,62,118
04/07/2020,SSF,TX,ASW,CE,Federal Contract Tower,0,0,7,0,7,0,0,43,0,43,0,0,50,0,50,64,0,64,114
04/08/2020,SSF,TX,ASW,CE,Federal Contract Tower,0,0,17,0,17,0,3,85,1,89,0,3,102,1,106,196,0,196,302
04/09/2020,SSF,TX,ASW,CE,Federal Contract Tower,0,0,12,0,12,0,10,50,0,60,0,10,62,0,72,86,0,86,158
04/10/2020,SSF,TX,ASW,CE,Federal Contract Tower,0,0,13,14,27,0,6,39,0,45,0,6,52,14,72,148,16,164,236
04/11/2020,SSF,TX,ASW,CE,Federal Contract Tower,0,2,6,0,8,0,5,21,0,26,0,7,27,0,34,54,0,54,88
04/12/2020,SSF,TX,ASW,CE,Federal Contract Tower,0,0,2,0,2,0,4,29,0,33,0,4,31,0,35,20,0,20,55
04/13/2020,SSF,TX,ASW,CE,Federal Contract Tower,0,0,3,2,5,0,10,101,2,113,0,10,104,4,118,124,2,126,244
04/14/2020,SSF,TX,ASW,CE,Federal Contract Tower,0,0,3,14,17,0,22,108,0,130,0,22,111,14,147,178,8,186,333
04/15/2020,SSF,TX,ASW,CE,Federal Contract Tower,0,0,10,0,10,0,2,144,14,160,0,2,154,14,170,352,0,352,522
04/16/2020,SSF,TX,ASW,CE,Federal Contract Tower,0,0,4,4,8,0,0,129,9,138,0,0,133,13,146,238,22,260,406
04/17/2020,SSF,TX,ASW,CE,Federal Contract Tower,0,0,15,6,21,0,0,27,0,27,0,0,42,6,48,42,2,44,92
04/18/2020,SSF,TX,ASW,CE,Federal Contract Tower,0,0,0,12,12,0,0,10,0,10,0,0,10,12,22,38,8,46,68
04/19/2020,SSF,TX,ASW,CE,Federal Contract Tower,0,0,2,0,2,0,1,33,1,35,0,1,35,1,37,64,0,64,101
04/20/2020,SSF,TX,ASW,CE,Federal Contract Tower,0,0,1,4,5,0,1,126,0,127,0,1,127,4,132,210,4,214,346
04/21/2020,SSF,TX,ASW,CE,Federal Contract Tower,0,0,7,12,19,0,2,77,0,79,0,2,84,12,98,228,8,236,334
04/22/2020,SSF,TX,ASW,CE,Federal Contract Tower,0,0,8,2,10,0,2,16,0,18,0,2,24,2,28,70,0,70,98
04/23/2020,SSF,TX,ASW,CE,Federal Contract Tower,0,1,4,18,23,0,4,113,6,123,0,5,117,24,146,182,18,200,346
04/24/2020,SSF,TX,ASW,CE,Federal Contract Tower,0,0,0,0,0,0,2,98,2,102,0,2,98,2,102,90,0,90,192
04/25/2020,SSF,TX,ASW,CE,Federal Contract Tower,0,0,2,4,6,0,12,52,0,64,0,12,54,4,70,60,4,64,134
04/26/2020,SSF,TX,ASW,CE,Federal Contract Tower,0,0,0,0,0,0,2,66,2,70,0,2,66,2,70,46,4,50,120
04/27/2020,SSF,TX,ASW,CE,Federal Contract Tower,0,0,1,8,9,0,2,79,0,81,0,2,80,8,90,134,6,140,230
04/28/2020,SSF,TX,ASW,CE,Federal Contract Tower,0,0,8,12,20,0,4,88,6,98,0,4,96,18,118,314,12,326,444
04/29/2020,SSF,TX,ASW,CE,Federal Contract Tower,0,0,6,10,16,0,6,49,0,55,0,6,55,10,71,228,8,236,307
04/30/2020,SSF,TX,ASW,CE,Federal Contract Tower,0,0,11,14,25,0,0,161,2,163,0,0,172,16,188,320,18,338,526
05/01/2020,SSF,TX,ASW,CE,Federal Contract Tower,0,0,8,10,18,0,5,134,2,141,0,5,142,12,159,404,4,408,567
05/02/2020,SSF,TX,ASW,CE,Federal Contract Tower,0,0,7,8,15,0,3,78,0,81,0,3,85,8,96,140,8,148,244
05/03/2020,SSF,TX,ASW,CE,Federal Contract Tower,0,0,3,0,3,0,2,47,0,49,0,2,50,0,52,96,0,96,148
05/04/2020,SSF,TX,ASW,CE,Federal Contract Tower,0,0,5,10,15,0,2,105,1,108,0,2,110,11,123,192,8,200,323
05/05/2020,SSF,TX,ASW,CE,Federal Contract Tower,0,0,8,18,26,0,0,55,59,114,0,0,63,77,140,118,22,140,280
05/06/2020,SSF,TX,ASW,CE,Federal Contract Tower,0,2,7,20,29,0,6,125,5,136,0,8,132,25,165,350,30,380,545
05/07/2020,SSF,TX,ASW,CE,Federal Contract Tower,0,0,19,18,37,0,6,82,6,94,0,6,101,24,131,302,54,356,487
05/08/2020,SSF,TX,ASW,CE,Federal Contract Tower,0,1,9,6,16,0,14,73,0,87,0,15,82,6,103,178,6,184,287
05/09/2020,SSF,TX,ASW,CE,Federal Contract Tower,0,1,8,14,23,0,3,67,0,70,0,4,75,14,93,108,14,122,215
05/10/2020,SSF,TX,ASW,CE,Federal Contract Tower,0,0,0,0,0,0,0,70,0,70,0,0,70,0,70,52,0,52,122
05/11/2020,SSF,TX,ASW,CE,Federal Contract Tower,0,0,2,14,16,0,5,97,6,108,0,5,99,20,124,192,14,206,330
05/12/2020,SSF,TX,ASW,CE,Federal Contract Tower,0,0,1,2,3,0,2,29,6,37,0,2,30,8,40,36,2,38,78
05/13/2020,SSF,TX,ASW,CE,Federal Contract Tower,0,0,12,10,22,0,6,103,0,109,0,6,115,10,131,198,10,208,339
05/14/2020,SSF,TX,ASW,CE,Federal Contract Tower,0,0,11,20,31,0,1,122,0,123,0,1,133,20,154,186,20,206,360
05/15/2020,SSF,TX,ASW,CE,Federal Contract Tower,0,0,9,8,17,0,5,86,0,91,0,5,95,8,108,192,6,198,306
05/16/2020,SSF,TX,ASW,CE,Federal Contract Tower,0,0,8,12,20,0,16,75,0,91,0,16,83,12,111,176,12,188,299
05/17/2020,SSF,TX,ASW,CE,Federal Contract Tower,0,0,0,0,0,0,5,40,0,45,0,5,40,0,45,76,0,76,121
05/18/2020,SSF,TX,ASW,CE,Federal Contract Tower,0,1,4,2,7,0,0,162,0,162,0,1,166,2,169,260,0,260,429
05/19/2020,SSF,TX,ASW,CE,Federal Contract Tower,0,0,18,6,24,0,10,132,0,142,0,10,150,6,166,252,4,256,422
05/20/2020,SSF,TX,ASW,CE,Federal Contract Tower,0,0,12,18,30,0,7,122,0,129,0,7,134,18,159,460,10,470,629
05/21/2020,SSF,TX,ASW,CE,Federal Contract Tower,0,0,13,18,31,0,6,114,3,123,0,6,127,21,154,290,14,304,458
05/22/2020,SSF,TX,ASW,CE,Federal Contract Tower,0,0,5,2,7,0,3,107,0,110,0,3,112,2,117,282,0,282,399
05/23/2020,SSF,TX,ASW,CE,Federal Contract Tower,0,0,8,1,9,0,16,39,2,57,0,16,47,3,66,52,0,52,118
05/24/2020,SSF,TX,ASW,CE,Federal Contract Tower,0,0,1,0,1,0,5,27,0,32,0,5,28,0,33,10,0,10,43
05/25/2020,SSF,TX,ASW,CE,Federal Contract Tower,0,0,1,0,1,0,1,44,0,45,0,1,45,0,46,48,0,48,94
05/26/2020,SSF,TX,ASW,CE,Federal Contract Tower,0,0,11,2,13,0,8,117,0,125,0,8,128,2,138,288,2,290,428
05/27/2020,SSF,TX,ASW,CE,Federal Contract Tower,0,0,7,8,15,0,2,151,0,153,0,2,158,8,168,392,8,400,568
05/28/2020,SSF,TX,ASW,CE,Federal Contract Tower,0,0,6,10,16,0,4,110,0,114,0,4,116,10,130,326,8,334,464
05/29/2020,SSF,TX,ASW,CE,Federal Contract Tower,0,0,11,26,37,0,8,139,10,157,0,8,150,36,194,278,32,310,504
05/30/2020,SSF,TX,ASW,CE,Federal Contract Tower,0,0,0,0,0,0,4,116,0,120,0,4,116,0,120,160,0,160,280
05/31/2020,SSF,TX,ASW,CE,Federal Contract Tower,0,0,0,6,6,0,9,38,0,47,0,9,38,6,53,56,2,58,111
06/01/2020,SSF,TX,ASW,CE,Federal Contract Tower,0,0,4,6,10,0,0,42,4,46,0,0,46,10,56,64,8,72,128
06/02/2020,SSF,TX,ASW,CE,Federal Contract Tower,0,0,10,18,28,0,9,90,8,107,0,9,100,26,135,78,44,122,257
06/03/2020,SSF,TX,ASW,CE,Federal Contract Tower,0,1,19,16,36,0,8,211,4,223,0,9,230,20,259,454,20,474,733
06/04/2020,SSF,TX,ASW,CE,Federal Contract Tower,0,0,20,8,28,0,5,151,3,159,0,5,171,11,187,296,18,314,501
06/05/2020,SSF,TX,ASW,CE,Federal Contract Tower,0,2,12,12,26,0,5,150,0,155,0,7,162,12,181,290,6,296,477
06/06/2020,SSF,TX,ASW,CE,Federal Contract Tower,0,2,6,6,14,0,7,130,0,137,0,9,136,6,151,258,6,264,415
06/07/2020,SSF,TX,ASW,CE,Federal Contract Tower,0,0,3,8,11,0,4,73,0,77,0,4,76,8,88,72,2,74,162
06/08/2020,SSF,TX,ASW,CE,Federal Contract Tower,0,0,5,18,23,0,3,139,2,144,0,3,144,20,167,196,18,214,381
06/09/2020,SSF,TX,ASW,CE,Federal Contract Tower,0,0,12,17,29,0,4,162,7,173,0,4,174,24,202,344,78,422,624
06/10/2020,SSF,TX,ASW,CE,Federal Contract Tower,0,2,5,26,33,0,18,182,4,204,0,20,187,30,237,400,18,418,655
06/11/2020,SSF,TX,ASW,CE,Federal Contract Tower,0,0,7,26,33,0,2,150,2,154,0,2,157,28,187,354,18,372,559
06/12/2020,SSF,TX,ASW,CE,Federal Contract Tower,0,0,1,20,21,0,12,135,3,150,0,12,136,23,171,240,12,252,423
06/13/2020,SSF,TX,ASW,CE,Federal Contract Tower,0,0,9,2,11,0,19,97,0,116,0,19,106,2,127,234,4,238,365
06/14/2020,SSF,TX,ASW,CE,Federal Contract Tower,0,0,1,2,3,0,6,48,0,54,0,6,49,2,57,66,2,68,125
06/15/2020,SSF,TX,ASW,CE,Federal Contract Tower,0,1,11,4,16,0,2,97,0,99,0,3,108,4,115,184,6,190,305
06/16/2020,SSF,TX,ASW,CE,Federal Contract Tower,0,0,10,8,18,0,7,87,8,102,0,7,97,16,120,172,30,202,322
06/17/2020,SSF,TX,ASW,CE,Federal Contract Tower,0,1,13,6,20,0,24,157,0,181,0,25,170,6,201,382,22,404,605
06/18/2020,SSF,TX,ASW,CE,Federal Contract Tower,0,1,12,4,17,0,8,122,0,130,0,9,134,4,147,238,2,240,387
06/19/2020,SSF,TX,ASW,CE,Federal Contract Tower,0,0,6,0,6,0,5,88,0,93,0,5,94,0,99,166,0,166,265
06/20/2020,SSF,TX,ASW,CE,Federal Contract Tower,0,0,14,6,20,0,21,65,6,92,0,21,79,12,112,182,4,186,298
06/21/2020,SSF,TX,ASW,CE,Federal Contract Tower,0,0,2,4,6,0,6,49,0,55,0,6,51,4,61,32,4,36,97
06/22/2020,SSF,TX,ASW,CE,Federal Contract Tower,0,0,3,12,15,0,2,84,0,86,0,2,87,12,101,120,8,128,229
06/23/2020,SSF,TX,ASW,CE,Federal Contract Tower,0,0,3,8,11,0,11,78,6,95,0,11,81,14,106,172,36,208,314
06/24/2020,SSF,TX,ASW,CE,Federal Contract Tower,0,0,14,22,36,0,3,157,14,174,0,3,171,36,210,306,18,324,534
06/25/2020,SSF,TX,ASW,CE,Federal Contract Tower,0,0,11,28,39,0,5,107,4,116,0,5,118,32,155,194,18,212,367
06/26/2020,SSF,TX,ASW,CE,Federal Contract Tower,0,0,4,0,4,0,0,13,0,13,0,0,17,0,17,8,0,8,25
06/27/2020,SSF,TX,ASW,CE,Federal Contract Tower,0,0,18,4,22,0,17,94,0,111,0,17,112,4,133,304,2,306,439
06/28/2020,SSF,TX,ASW,CE,Federal Contract Tower,0,0,2,0,2,0,9,44,0,53,0,9,46,0,55,124,0,124,179
06/29/2020,SSF,TX,ASW,CE,Federal Contract Tower,0,0,9,18,27,0,1,77,0,78,0,1,86,18,105,182,14,196,301
06/30/2020,SSF,TX,ASW,CE,Federal Contract Tower,0,2,14,12,28,0,4,94,2,100,0,6,108,14,128,246,24,270,398
07/01/2020,SSF,TX,ASW,CE,Federal Contract Tower,0,2,17,10,29,0,5,137,2,144,0,7,154,12,173,296,32,328,501
07/02/2020,SSF,TX,ASW,CE,Federal Contract Tower,0,0,4,18,22,0,0,142,1,143,0,0,146,19,165,208,16,224,389
07/03/2020,SSF,TX,ASW,CE,Federal Contract Tower,0,0,2,0,2,0,15,149,0,164,0,15,151,0,166,348,0,348,514
07/04/2020,SSF,TX,ASW,CE,Federal Contract Tower,0,0,8,0,8,0,6,66,0,72,0,6,74,0,80,176,0,176,256
07/05/2020,SSF,TX,ASW,CE,Federal Contract Tower,0,0,2,0,2,0,1,65,0,66,0,1,67,0,68,108,0,108,176
07/06/2020,SSF,TX,ASW,CE,Federal Contract Tower,0,0,5,0,5,0,9,105,0,114,0,9,110,0,119,170,0,170,289
07/07/2020,SSF,TX,ASW,CE,Federal Contract Tower,0,0,29,16,45,0,11,146,0,157,0,11,175,16,202,336,14,350,552
07/08/2020,SSF,TX,ASW,CE,Federal Contract Tower,0,0,3,10,13,0,3,137,4,144,0,3,140,14,157,273,14,287,444
07/09/2020,SSF,TX,ASW,CE,Federal Contract Tower,0,0,9,12,21,0,6,129,2,137,0,6,138,14,158,270,10,280,438
07/10/2020,SSF,TX,ASW,CE,Federal Contract Tower,0,0,9,16,25,0,2,123,0,125,0,2,132,16,150,308,10,318,468
07/11/2020,SSF,TX,ASW,CE,Federal Contract Tower,0,0,14,4,18,0,13,112,0,125,0,13,126,4,143,218,4,222,365
07/12/2020,SSF,TX,ASW,CE,Federal Contract Tower,0,0,4,0,4,0,0,54,0,54,0,0,58,0,58,68,0,68,126
07/13/2020,SSF,TX,ASW,CE,Federal Contract Tower,0,0,3,14,17,0,3,96,0,99,0,3,99,14,116,178,10,188,304
07/14/2020,SSF,TX,ASW,CE,Federal Contract Tower,0,0,7,13,20,0,14,139,10,163,0,14,146,23,183,280,46,326,509
07/15/2020,SSF,TX,ASW,CE,Federal Contract Tower,0,3,7,14,24,0,2,177,1,180,0,5,184,15,204,510,16,526,730
07/16/2020,SSF,TX,ASW,CE,Federal Contract Tower,0,0,14,18,32,0,2,123,0,125,0,2,137,18,157,454,14,468,625
07/17/2020,SSF,TX,ASW,CE,Federal Contract Tower,0,0,19,24,43,0,0,116,4,120,0,0,135,28,163,288,14,302,465
07/18/2020,SSF,TX,ASW,CE,Federal Contract Tower,0,0,11,0,11,0,2,103,0,105,0,2,114,0,116,250,0,250,366
07/19/2020,SSF,TX,ASW,CE,Federal Contract Tower,0,0,8,2,10,0,4,42,2,48,0,4,50,4,58,34,4,38,96
07/20/2020,SSF,TX,ASW,CE,Federal Contract Tower,0,0,7,22,29,0,0,113,0,113,0,0,120,22,142,216,18,234,376
07/21/2020,SSF,TX,ASW,CE,Federal Contract Tower,0,2,12,14,28,0,9,152,8,169,0,11,164,22,197,450,18,468,665
07/22/2020,SSF,TX,ASW,CE,Federal Contract Tower,0,0,12,6,18,0,19,152,3,174,0,19,164,9,192,330,6,336,528
07/23/2020,SSF,TX,ASW,CE,Federal Contract Tower,0,0,15,18,33,0,5,123,5,133,0,5,138,23,166,278,24,302,468
07/24/2020,SSF,TX,ASW,CE,Federal Contract Tower,0,0,8,16,24,0,4,128,0,132,0,4,136,16,156,264,12,276,432
07/25/2020,SSF,TX,ASW,CE,Federal Contract Tower,0,0,1,0,1,0,2,9,0,11,0,2,10,0,12,6,0,6,18
07/26/2020,SSF,TX,ASW,CE,Federal Contract Tower,0,0,6,0,6,0,2,13,0,15,0,2,19,0,21,34,0,34,55
07/27/2020,SSF,TX,ASW,CE,Federal Contract Tower,0,0,1,36,37,0,2,63,0,65,0,2,64,36,102,158,34,192,294
07/28/2020,SSF,TX,ASW,CE,Federal Contract Tower,0,0,5,18,23,0,0,82,2,84,0,0,87,20,107,108,22,130,237
07/29/2020,SSF,TX,ASW,CE,Federal Contract Tower,0,0,3,13,16,0,1,86,1,88,0,1,89,14,104,214,12,226,330
07/30/2020,SSF,TX,ASW,CE,Federal Contract Tower,0,0,38,16,54,0,11,135,0,146,0,11,173,16,200,264,16,280,480
07/31/2020,SSF,TX,ASW,CE,Federal Contract Tower,0,0,9,20,29,0,9,76,2,87,0,9,85,22,116,184,16,200,316
08/01/2020,SSF,TX,ASW,CE,Federal Contract Tower,0,0,3,2,5,0,4,90,0,94,0,4,93,2,99,170,0,170,269
08/02/2020,SSF,TX,ASW,CE,Federal Contract Tower,0,0,2,0,2,0,8,45,0,53,0,8,47,0,55,54,0,54,109
08/03/2020,SSF,TX,ASW,CE,Federal Contract Tower,0,0,2,18,20,0,7,121,0,128,0,7,123,18,148,170,8,178,326
08/04/2020,SSF,TX,ASW,CE,Federal Contract Tower,0,0,4,11,15,0,6,108,7,121,0,6,112,18,136,356,48,404,540
08/05/2020,SSF,TX,ASW,CE,Federal Contract Tower,0,0,5,22,27,0,10,129,2,141,0,10,134,24,168,306,14,320,488
08/06/2020,SSF,TX,ASW,CE,Federal Contract Tower,0,0,8,24,32,0,6,94,3,103,0,6,102,27,135,214,24,238,373
08/07/2020,SSF,TX,ASW,CE,Federal Contract Tower,0,0,8,12,20,0,4,65,3,72,0,4,73,15,92,88,16,104,196
08/08/2020,SSF,TX,ASW,CE,Federal Contract Tower,0,0,6,2,8,0,12,69,0,81,0,12,75,2,89,146,2,148,237
08/09/2020,SSF,TX,ASW,CE,Federal Contract Tower,0,0,1,4,5,0,10,52,0,62,0,10,53,4,67,62,2,64,131
08/10/2020,SSF,TX,ASW,CE,Federal Contract Tower,0,0,6,20,26,0,2,78,0,80,0,2,84,20,106,196,14,210,316
08/11/2020,SSF,TX,ASW,CE,Federal Contract Tower,0,0,21,14,35,0,2,145,0,147,0,2,166,14,182,186,14,200,382
08/12/2020,SSF,TX,ASW,CE,Federal Contract Tower,0,0,10,22,32,0,11,114,2,127,0,11,124,24,159,200,18,218,377
08/13/2020,SSF,TX,ASW,CE,Federal Contract Tower,0,0,15,24,39,0,9,115,3,127,0,9,130,27,166,176,38,214,380
08/14/2020,SSF,TX,ASW,CE,Federal Contract Tower,0,0,10,30,40,0,8,110,0,118,0,8,120,30,158,152,26,178,336
08/15/2020,SSF,TX,ASW,CE,Federal Contract Tower,0,0,2,0,2,0,8,79,0,87,0,8,81,0,89,116,0,116,205
08/16/2020,SSF,TX,ASW,CE,Federal Contract Tower,0,0,2,0,2,0,0,23,0,23,0,0,25,0,25,38,0,38,63
08/17/2020,SSF,TX,ASW,CE,Federal Contract Tower,0,0,16,10,26,0,4,82,0,86,0,4,98,10,112,82,8,90,202
08/18/2020,SSF,TX,ASW,CE,Federal Contract Tower,0,0,9,2,11,0,4,117,0,121,0,4,126,2,132,252,4,256,388
08/19/2020,SSF,TX,ASW,CE,Federal Contract Tower,0,0,14,16,30,0,8,138,0,146,0,8,152,16,176,248,6,254,430
08/20/2020,SSF,TX,ASW,CE,Federal Contract Tower,0,0,12,16,28,0,0,106,0,106,0,0,118,16,134,226,12,238,372
08/21/2020,SSF,TX,ASW,CE,Federal Contract Tower,0,0,1,14,15,0,10,101,0,111,0,10,102,14,126,212,11,223,349
08/22/2020,SSF,TX,ASW,CE,Federal Contract Tower,0,0,3,0,3,0,10,31,0,41,0,10,34,0,44,62,0,62,106
08/23/2020,SSF,TX,ASW,CE,Federal Contract Tower,0,0,6,0,6,0,0,57,2,59,0,0,63,2,65,72,0,72,137
08/24/2020,SSF,TX,ASW,CE,Federal Contract Tower,0,0,5,14,19,0,0,68,2,70,0,0,73,16,89,198,18,216,305
08/25/2020,SSF,TX,ASW,CE,Federal Contract Tower,0,0,14,22,36,0,8,118,0,126,0,8,132,22,162,186,22,208,370
08/26/2020,SSF,TX,ASW,CE,Federal Contract Tower,0,0,16,26,42,0,0,112,11,123,0,0,128,37,165,272,42,314,479
08/27/2020,SSF,TX,ASW,CE,Federal Contract Tower,0,0,11,28,39,0,8,112,0,120,0,8,123,28,159,202,24,226,385
08/28/2020,SSF,TX,ASW,CE,Federal Contract Tower,0,0,15,0,15,0,13,141,0,154,0,13,156,0,169,204,8,212,381
08/29/2020,SSF,TX,ASW,CE,Federal Contract Tower,0,0,6,2,8,0,10,70,0,80,0,10,76,2,88,124,2,126,214
08/30/2020,SSF,TX,ASW,CE,Federal Contract Tower,0,0,8,0,8,0,8,51,0,59,0,8,59,0,67,30,0,30,97
08/31/2020,SSF,TX,ASW,CE,Federal Contract Tower,0,1,15,30,46,0,2,79,0,81,0,3,94,30,127,100,24,124,251
09/01/2020,SSF,TX,ASW,CE,Federal Contract Tower,0,0,19,14,33,0,6,103,2,111,0,6,122,16,144,186,24,210,354
09/02/2020,SSF,TX,ASW,CE,Federal Contract Tower,0,0,7,24,31,0,6,111,0,117,0,6,118,24,148,184,22,206,354
09/03/2020,SSF,TX,ASW,CE,Federal Contract Tower,0,0,20,15,35,0,0,72,1,73,0,0,92,16,108,92,6,98,206
09/04/2020,SSF,TX,ASW,CE,Federal Contract Tower,0,0,9,4,13,0,0,45,0,45,0,0,54,4,58,114,0,114,172
09/05/2020,SSF,TX,ASW,CE,Federal Contract Tower,0,0,4,0,4,0,14,68,0,82,0,14,72,0,86,178,0,178,264
09/06/2020,SSF,TX,ASW,CE,Federal Contract Tower,0,0,0,0,0,0,9,62,0,71,0,9,62,0,71,100,0,100,171
09/07/2020,SSF,TX,ASW,CE,Federal Contract Tower,0,0,9,0,9,0,6,81,5,92,0,6,90,5,101,82,0,82,183
09/08/2020,SSF,TX,ASW,CE,Federal Contract Tower,0,1,12,18,31,0,1,79,0,80,0,2,91,18,111,74,12,86,197
09/09/2020,SSF,TX,ASW,CE,Federal Contract Tower,0,0,14,0,14,0,1,23,3,27,0,1,37,3,41,22,8,30,71
09/10/2020,SSF,TX,ASW,CE,Federal Contract Tower,0,0,20,2,22,0,3,31,0,34,0,3,51,2,56,58,0,58,114
09/11/2020,SSF,TX,ASW,CE,Federal Contract Tower,0,0,20,9,29,0,2,135,0,137,0,2,155,9,166,206,8,214,380
09/12/2020,SSF,TX,ASW,CE,Federal Contract Tower,0,0,14,4,18,0,14,139,0,153,0,14,153,4,171,216,0,216,387
09/13/2020,SSF,TX,ASW,CE,Federal Contract Tower,0,2,3,0,5,0,8,48,0,56,0,10,51,0,61,118,0,118,179
09/14/2020,SSF,TX,ASW,CE,Federal Contract Tower,0,0,13,28,41,0,4,95,7,106,0,4,108,35,147,110,52,162,309
09/15/2020,SSF,TX,ASW,CE,Federal Contract Tower,0,0,14,23,37,0,5,129,8,142,0,5,143,31,179,298,18,316,495
09/16/2020,SSF,TX,ASW,CE,Federal Contract Tower,0,0,10,24,34,0,6,127,18,151,0,6,137,42,185,266,10,276,461
09/17/2020,SSF,TX,ASW,CE,Federal Contract Tower,0,0,9,4,13,0,7,78,0,85,0,7,87,4,98,114,2,116,214
09/18/2020,SSF,TX,ASW,CE,Federal Contract Tower,0,0,14,26,40,0,12,116,6,134,0,12,130,32,174,164,26,190,364
09/19/2020,SSF,TX,ASW,CE,Federal Contract Tower,0,0,5,0,5,0,8,99,1,108,0,8,104,1,113,116,2,118,231
09/20/2020,SSF,TX,ASW,CE,Federal Contract Tower,0,0,1,0,1,0,12,48,0,60,0,12,49,0,61,54,0,54,115
09/21/2020,SSF,TX,ASW,CE,Federal Contract Tower,0,2,4,0,6,0,1,6,0,7,0,3,10,0,13,10,0,10,23
09/22/2020,SSF,TX,ASW,CE,Federal Contract Tower,0,0,21,20,41,0,10,59,4,73,0,10,80,24,114,210,16,226,340
09/23/2020,SSF,TX,ASW,CE,Federal Contract Tower,0,0,20,37,57,0,1,107,30,138,0,1,127,67,195,436,30,466,661
09/24/2020,SSF,TX,ASW,CE,Federal Contract Tower,0,0,3,8,11,0,5,172,2,179,0,5,175,10,190,384,14,398,588
09/25/2020,SSF,TX,ASW,CE,Federal Contract Tower,0,0,16,0,16,0,4,130,0,134,0,4,146,0,150,356,0,356,506
09/26/2020,SSF,TX,ASW,CE,Federal Contract Tower,0,0,9,0,9,0,11,61,1,73,0,11,70,1,82,68,0,68,150
09/27/2020,SSF,TX,ASW,CE,Federal Contract Tower,0,0,6,2,8,0,6,49,0,55,0,6,55,2,63,72,2,74,137
09/28/2020,SSF,TX,ASW,CE,Federal Contract Tower,0,0,3,18,21,0,0,32,2,34,0,0,35,20,55,28,12,40,95
09/29/2020,SSF,TX,ASW,CE,Federal Contract Tower,0,0,8,20,28,0,6,157,8,171,0,6,165,28,199,366,14,380,579
09/30/2020,SSF,TX,ASW,CE,Federal Contract Tower,0,0,11,14,25,0,4,140,0,144,0,4,151,14,169,250,10,260,429
10/01/2020,SSF,TX,ASW,CE,Federal Contract Tower,0,0,12,12,24,0,4,138,0,142,0,4,150,12,166,318,5,323,489
10/02/2020,SSF,TX,ASW,CE,Federal Contract Tower,0,0,16,30,46,0,6,127,0,133,0,6,143,30,179,290,20,310,489
10/03/2020,SSF,TX,ASW,CE,Federal Contract Tower,0,0,5,10,15,0,14,113,0,127,0,14,118,10,142,282,8,290,432
10/04/2020,SSF,TX,ASW,CE,Federal Contract Tower,0,0,4,0,4,0,4,79,0,83,0,4,83,0,87,98,0,98,185
10/05/2020,SSF,TX,ASW,CE,Federal Contract Tower,0,0,7,16,23,0,8,96,0,104,0,8,103,16,127,346,10,356,483
10/06/2020,SSF,TX,ASW,CE,Federal Contract Tower,0,0,14,18,32,0,4,118,1,123,0,4,132,19,155,300,16,316,471
10/07/2020,SSF,TX,ASW,CE,Federal Contract Tower,0,0,7,22,29,0,0,0,0,0,0,0,7,22,29,308,10,318,347
10/08/2020,SSF,TX,ASW,CE,Federal Contract Tower,0,0,19,33,52,0,3,117,0,120,0,3,136,33,172,178,14,192,364
10/09/2020,SSF,TX,ASW,CE,Federal Contract Tower,0,0,14,26,40,0,0,104,0,104,0,0,118,26,144,238,14,252,396
10/10/2020,SSF,TX,ASW,CE,Federal Contract Tower,0,0,5,0,5,0,18,107,0,125,0,18,112,0,130,212,0,212,342
10/11/2020,SSF,TX,ASW,CE,Federal Contract Tower,0,0,1,0,1,0,10,48,0,58,0,10,49,0,59,108,0,108,167
10/12/2020,SSF,TX,ASW,CE,Federal Contract Tower,0,0,5,0,5,0,7,63,0,70,0,7,68,0,75,158,0,158,233
10/13/2020,SSF,TX,ASW,CE,Federal Contract Tower,0,0,22,20,42,0,4,155,3,162,0,4,177,23,204,322,20,342,546
10/14/2020,SSF,TX,ASW,CE,Federal Contract Tower,0,0,21,18,39,0,8,114,0,122,0,8,135,18,161,334,12,346,507
10/15/2020,SSF,TX,ASW,CE,Federal Contract Tower,0,0,22,16,38,0,0,108,5,113,0,0,130,21,151,140,34,174,325
10/16/2020,SSF,TX,ASW,CE,Federal Contract Tower,0,0,13,9,22,0,1,68,6,75,0,1,81,15,97,80,10,90,187
10/17/2020,SSF,TX,ASW,CE,Federal Contract Tower,0,0,9,0,9,0,0,9,0,9,0,0,18,0,18,34,0,34,52
10/18/2020,SSF,TX,ASW,CE,Federal Contract Tower,0,0,7,0,7,0,3,73,0,76,0,3,80,0,83,96,0,96,179
10/19/2020,SSF,TX,ASW,CE,Federal Contract Tower,0,0,10,10,20,0,1,73,0,74,0,1,83,10,94,84,10,94,188
10/20/2020,SSF,TX,ASW,CE,Federal Contract Tower,0,0,14,26,40,0,6,115,0,121,0,6,129,26,161,332,18,350,511
10/21/2020,SSF,TX,ASW,CE,Federal Contract Tower,0,1,25,14,40,0,13,89,0,102,0,14,114,14,142,290,12,302,444
10/22/2020,SSF,TX,ASW,CE,Federal Contract Tower,0,0,20,8,28,0,0,84,0,84,0,0,104,8,112,140,2,142,254
10/23/2020,SSF,TX,ASW,CE,Federal Contract Tower,0,0,20,23,43,0,8,82,1,91,0,8,102,24,134,288,12,300,434
10/24/2020,SSF,TX,ASW,CE,Federal Contract Tower,0,0,9,0,9,0,17,95,0,112,0,17,104,0,121,232,0,232,353
10/25/2020,SSF,TX,ASW,CE,Federal Contract Tower,0,0,6,0,6,0,0,36,0,36,0,0,42,0,42,52,0,52,94
10/26/2020,SSF,TX,ASW,CE,Federal Contract Tower,0,0,5,14,19,0,2,38,0,40,0,2,43,14,59,48,14,62,121
10/27/2020,SSF,TX,ASW,CE,Federal Contract Tower,0,0,13,8,21,0,0,0,0,0,0,0,13,8,21,0,8,8,29
10/28/2020,SSF,TX,ASW,CE,Federal Contract Tower,0,0,12,18,30,0,1,90,3,94,0,1,102,21,124,256,38,294,418
10/29/2020,SSF,TX,ASW,CE,Federal Contract Tower,0,0,6,18,24,0,2,114,0,116,0,2,120,18,140,190,12,202,342
10/30/2020,SSF,TX,ASW,CE,Federal Contract Tower,0,0,14,22,36,0,3,126,0,129,0,3,140,22,165,210,14,224,389
10/31/2020,SSF,TX,ASW,CE,Federal Contract Tower,0,0,8,2,10,0,15,83,0,98,0,15,91,2,108,198,2,200,308
11/01/2020,SSF,TX,ASW,CE,Federal Contract Tower,0,1,2,0,3,0,7,52,0,59,0,8,54,0,62,117,0,117,179
11/02/2020,SSF,TX,ASW,CE,Federal Contract Tower,0,1,5,22,28,0,0,94,3,97,0,1,99,25,125,161,24,185,310
11/03/2020,SSF,TX,ASW,CE,Federal Contract Tower,0,0,11,12,23,0,3,167,0,170,0,3,178,12,193,312,12,324,517
11/04/2020,SSF,TX,ASW,CE,Federal Contract Tower,0,0,33,36,69,0,17,124,5,146,0,17,157,41,215,314,52,366,581
11/05/2020,SSF,TX,ASW,CE,Federal Contract Tower,0,0,15,14,29,0,3,116,0,119,0,3,131,14,148,218,10,228,376
11/06/2020,SSF,TX,ASW,CE,Federal Contract Tower,0,1,24,14,39,0,1,76,1,78,0,2,100,15,117,190,8,198,315
11/07/2020,SSF,TX,ASW,CE,Federal Contract Tower,0,0,8,4,12,0,0,126,13,139,0,0,134,17,151,246,8,254,405
11/08/2020,SSF,TX,ASW,CE,Federal Contract Tower,0,0,6,0,6,0,2,45,0,47,0,2,51,0,53,63,0,63,116
11/09/2020,SSF,TX,ASW,CE,Federal Contract Tower,0,0,14,30,44,0,2,93,0,95,0,2,107,30,139,216,24,240,379
11/10/2020,SSF,TX,ASW,CE,Federal Contract Tower,0,0,14,12,26,0,0,36,7,43,0,0,50,19,69,94,10,104,173
11/11/2020,SSF,TX,ASW,CE,Federal Contract Tower,0,0,15,0,15,0,8,167,5,180,0,8,182,5,195,350,8,358,553
11/12/2020,SSF,TX,ASW,CE,Federal Contract Tower,0,0,25,6,31,0,2,87,0,89,0,2,112,6,120,162,4,166,286
11/13/2020,SSF,TX,ASW,CE,Federal Contract Tower,0,0,27,16,43,0,0,90,2,92,0,0,117,18,135,238,20,258,393
11/14/2020,SSF,TX,ASW,CE,Federal Contract Tower,0,0,15,2,17,0,12,46,4,62,0,12,61,6,79,92,40,132,211
11/15/2020,SSF,TX,ASW,CE,Federal Contract Tower,0,0,4,8,12,0,9,49,0,58,0,9,53,8,70,72,8,80,150
11/16/2020,SSF,TX,ASW,CE,Federal Contract Tower,0,0,14,12,26,0,0,143,0,143,0,0,157,12,169,198,4,202,371
11/17/2020,SSF,TX,ASW,CE,Federal Contract Tower,0,0,8,14,22,0,6,162,0,168,0,6,170,14,190,228,6,234,424
11/18/2020,SSF,TX,ASW,CE,Federal Contract Tower,0,0,6,30,36,0,6,147,2,155,0,6,153,32,191,242,30,272,463
11/19/2020,SSF,TX,ASW,CE,Federal Contract Tower,0,0,3,22,25,0,2,111,0,113,0,2,114,22,138,126,10,136,274
11/20/2020,SSF,TX,ASW,CE,Federal Contract Tower,0,2,8,16,26,0,7,80,0,87,0,9,88,16,113,184,10,194,307
11/21/2020,SSF,TX,ASW,CE,Federal Contract Tower,0,0,9,18,27,0,6,58,0,64,0,6,67,18,91,168,12,180,271
11/22/2020,SSF,TX,ASW,CE,Federal Contract Tower,0,1,10,0,11,0,10,46,0,56,0,11,56,0,67,102,0,102,169
11/23/2020,SSF,TX,ASW,CE,Federal Contract Tower,0,3,15,32,50,0,2,60,0,62,0,5,75,32,112,88,12,100,212
11/24/2020,SSF,TX,ASW,CE,Federal Contract Tower,0,0,24,17,41,0,9,72,1,82,0,9,96,18,123,84,8,92,215
11/25/2020,SSF,TX,ASW,CE,Federal Contract Tower,0,0,14,18,32,0,4,134,3,141,0,4,148,21,173,262,10,272,445
11/26/2020,SSF,TX,ASW,CE,Federal Contract Tower,0,0,8,0,8,0,0,26,0,26,0,0,34,0,34,14,0,14,48
11/27/2020,SSF,TX,ASW,CE,Federal Contract Tower,0,0,7,0,7,0,8,21,0,29,0,8,28,0,36,84,0,84,120
11/28/2020,SSF,TX,ASW,CE,Federal Contract Tower,0,0,2,0,2,0,0,0,0,0,0,0,2,0,2,0,0,0,2
11/29/2020,SSF,TX,ASW,CE,Federal Contract Tower,0,0,5,2,7,0,10,73,2,85,0,10,78,4,92,94,0,94,186
11/30/2020,SSF,TX,ASW,CE,Federal Contract Tower,0,0,13,30,43,0,7,91,4,102,0,7,104,34,145,134,16,150,295
12/01/2020,SSF,TX,ASW,CE,Federal Contract Tower,0,0,9,18,27,0,20,129,0,149,0,20,138,18,176,202,16,218,394
12/02/2020,SSF,TX,ASW,CE,Federal Contract Tower,0,0,16,22,38,0,6,101,20,127,0,6,117,42,165,244,24,268,433
12/03/2020,SSF,TX,ASW,CE,Federal Contract Tower,0,0,11,16,27,0,4,93,3,100,0,4,104,19,127,176,38,214,341
12/04/2020,SSF,TX,ASW,CE,Federal Contract Tower,0,0,16,16,32,0,8,111,0,119,0,8,127,16,151,224,2,226,377
12/05/2020,SSF,TX,ASW,CE,Federal Contract Tower,0,0,13,2,15,0,12,70,4,86,0,12,83,6,101,160,14,174,275
12/06/2020,SSF,TX,ASW,CE,Federal Contract Tower,0,0,3,4,7,0,10,61,0,71,0,10,64,4,78,96,0,96,174
12/07/2020,SSF,TX,ASW,CE,Federal Contract Tower,0,0,7,22,29,0,5,88,0,93,0,5,95,22,122,184,12,196,318
12/08/2020,SSF,TX,ASW,CE,Federal Contract Tower,0,0,10,14,24,0,15,153,0,168,0,15,163,14,192,208,6,214,406
12/09/2020,SSF,TX,ASW,CE,Federal Contract Tower,0,0,18,14,32,0,3,133,4,140,0,3,151,18,172,324,14,338,510
12/10/2020,SSF,TX,ASW,CE,Federal Contract Tower,0,0,4,16,20,0,16,117,0,133,0,16,121,16,153,208,12,220,373
12/11/2020,SSF,TX,ASW,CE,Federal Contract Tower,0,0,10,16,26,0,11,49,0,60,0,11,59,16,86,154,10,164,250
12/12/2020,SSF,TX,ASW,CE,Federal Contract Tower,0,0,4,0,4,0,40,119,1,160,0,40,123,1,164,310,0,310,474
12/13/2020,SSF,TX,ASW,CE,Federal Contract Tower,0,0,2,0,2,0,6,13,0,19,0,6,15,0,21,6,0,6,27
12/14/2020,SSF,TX,ASW,CE,Federal Contract Tower,0,0,4,18,22,0,13,97,0,110,0,13,101,18,132,184,6,190,322
12/15/2020,SSF,TX,ASW,CE,Federal Contract Tower,0,0,22,32,54,0,12,86,0,98,0,12,108,32,152,196,22,218,370
12/16/2020,SSF,TX,ASW,CE,Federal Contract Tower,0,0,6,12,18,0,6,121,0,127,0,6,127,12,145,252,6,258,403
12/17/2020,SSF,TX,ASW,CE,Federal Contract Tower,0,0,2,16,18,0,8,130,0,138,0,8,132,16,156,256,10,266,422
12/18/2020,SSF,TX,ASW,CE,Federal Contract Tower,0,0,15,22,37,0,8,81,3,92,0,8,96,25,129,276,26,302,431
12/19/2020,SSF,TX,ASW,CE,Federal Contract Tower,0,0,6,0,6,0,19,38,0,57,0,19,44,0,63,94,0,94,157
12/20/2020,SSF,TX,ASW,CE,Federal Contract Tower,0,0,5,0,5,0,8,77,3,88,0,8,82,3,93,134,4,138,231
12/21/2020,SSF,TX,ASW,CE,Federal Contract Tower,0,0,6,12,18,0,7,100,0,107,0,7,106,12,125,206,6,212,337
12/22/2020,SSF,TX,ASW,CE,Federal Contract Tower,0,0,7,12,19,0,22,123,0,145,0,22,130,12,164,228,10,238,402
12/23/2020,SSF,TX,ASW,CE,Federal Contract Tower,0,0,26,0,26,0,32,41,0,73,0,32,67,0,99,96,0,96,195
12/24/2020,SSF,TX,ASW,CE,Federal Contract Tower,0,0,0,0,0,0,2,35,0,37,0,2,35,0,37,52,0,52,89
12/25/2020,SSF,TX,ASW,CE,Federal Contract Tower,0,0,1,0,1,0,1,25,0,26,0,1,26,0,27,60,0,60,87
12/26/2020,SSF,TX,ASW,CE,Federal Contract Tower,0,0,9,0,9,0,25,66,0,91,0,25,75,0,100,224,0,224,324
12/27/2020,SSF,TX,ASW,CE,Federal Contract Tower,0,0,1,0,1,0,6,44,0,50,0,6,45,0,51,54,0,54,105
12/28/2020,SSF,TX,ASW,CE,Federal Contract Tower,0,0,6,0,6,0,4,38,0,42,0,4,44,0,48,78,0,78,126
12/29/2020,SSF,TX,ASW,CE,Federal Contract Tower,0,0,14,2,16,0,3,24,0,27,0,3,38,2,43,12,0,12,55
12/30/2020,SSF,TX,ASW,CE,Federal Contract Tower,0,0,1,0,1,0,0,17,0,17,0,0,18,0,18,22,0,22,40
12/31/2020,SSF,TX,ASW,CE,Federal Contract Tower,0,0,0,0,0,0,1,4,0,5,0,1,4,0,5,8,0,8,13
01/01/2021,SSF,TX,ASW,CE,Federal Contract Tower,0,0,6,0,6,0,0,61,0,61,0,0,67,0,67,202,0,202,269
01/02/2021,SSF,TX,ASW,CE,Federal Contract Tower,0,0,10,4,14,0,23,110,32,165,0,23,120,36,179,276,2,278,457
01/03/2021,SSF,TX,ASW,CE,Federal Contract Tower,0,0,1,0,1,0,10,46,0,56,0,10,47,0,57,64,0,64,121
01/04/2021,SSF,TX,ASW,CE,Federal Contract Tower,0,0,4,0,4,0,2,131,0,133,0,2,135,0,137,328,0,328,465
01/05/2021,SSF,TX,ASW,CE,Federal Contract Tower,0,0,24,14,38,0,5,33,2,40,0,5,57,16,78,100,12,112,190
01/06/2021,SSF,TX,ASW,CE,Federal Contract Tower,0,0,3,4,7,0,5,26,0,31,0,5,29,4,38,58,4,62,100
01/07/2021,SSF,TX,ASW,CE,Federal Contract Tower,0,0,10,7,17,0,8,98,1,107,0,8,108,8,124,124,4,128,252
01/08/2021,SSF,TX,ASW,CE,Federal Contract Tower,0,0,9,14,23,0,12,154,0,166,0,12,163,14,189,320,8,328,517
01/09/2021,SSF,TX,ASW,CE,Federal Contract Tower,0,0,7,0,7,0,8,104,6,118,0,8,111,6,125,190,0,190,315
01/10/2021,SSF,TX,ASW,CE,Federal Contract Tower,0,0,0,0,0,0,0,0,0,0,0,0,0,0,0,0,0,0,0
01/11/2021,SSF,TX,ASW,CE,Federal Contract Tower,0,0,6,14,20,0,1,94,0,95,0,1,100,14,115,128,10,138,253
01/12/2021,SSF,TX,ASW,CE,Federal Contract Tower,0,0,4,12,16,0,0,114,3,117,0,0,118,15,133,280,24,304,437
01/13/2021,SSF,TX,ASW,CE,Federal Contract Tower,0,0,9,8,17,0,8,115,3,126,0,8,124,11,143,286,32,318,461
01/14/2021,SSF,TX,ASW,CE,Federal Contract Tower,0,0,1,16,17,0,10,111,0,121,0,10,112,16,138,188,14,202,340
01/15/2021,SSF,TX,ASW,CE,Federal Contract Tower,0,0,14,12,26,0,12,126,0,138,0,12,140,12,164,278,8,286,450
01/16/2021,SSF,TX,ASW,CE,Federal Contract Tower,0,0,7,0,7,0,10,154,0,164,0,10,161,0,171,274,0,274,445
01/17/2021,SSF,TX,ASW,CE,Federal Contract Tower,0,0,1,0,1,0,11,105,0,116,0,11,106,0,117,144,0,144,261
01/18/2021,SSF,TX,ASW,CE,Federal Contract Tower,0,0,20,0,20,0,0,78,0,78,0,0,98,0,98,112,0,112,210
01/19/2021,SSF,TX,ASW,CE,Federal Contract Tower,0,0,7,16,23,0,0,10,0,10,0,0,17,16,33,14,0,14,47
01/20/2021,SSF,TX,ASW,CE,Federal Contract Tower,0,3,10,2,15,0,0,0,0,0,0,3,10,2,15,6,0,6,21
01/21/2021,SSF,TX,ASW,CE,Federal Contract Tower,0,3,4,14,21,0,4,35,5,44,0,7,39,19,65,138,32,170,235
01/22/2021,SSF,TX,ASW,CE,Federal Contract Tower,0,0,11,18,29,0,4,151,0,155,0,4,162,18,184,292,8,300,484
01/23/2021,SSF,TX,ASW,CE,Federal Contract Tower,0,0,3,2,5,0,0,3,0,3,0,0,6,2,8,24,0,24,32
01/24/2021,SSF,TX,ASW,CE,Federal Contract Tower,0,0,3,0,3,0,0,6,0,6,0,0,9,0,9,48,0,48,57
01/25/2021,SSF,TX,ASW,CE,Federal Contract Tower,0,0,13,32,45,0,1,105,2,108,0,1,118,34,153,144,24,168,321
01/26/2021,SSF,TX,ASW,CE,Federal Contract Tower,0,0,22,25,47,0,12,153,7,172,0,12,175,32,219,388,64,452,671
01/27/2021,SSF,TX,ASW,CE,Federal Contract Tower,0,0,9,29,38,0,5,117,1,123,0,5,126,30,161,310,26,336,497
01/28/2021,SSF,TX,ASW,CE,Federal Contract Tower,0,0,6,13,19,0,4,121,1,126,0,4,127,14,145,232,10,242,387
01/29/2021,SSF,TX,ASW,CE,Federal Contract Tower,0,0,13,17,30,0,8,118,1,127,0,8,131,18,157,262,6,268,425
01/30/2021,SSF,TX,ASW,CE,Federal Contract Tower,0,0,1,0,1,0,8,60,2,70,0,8,61,2,71,136,2,138,209
01/31/2021,SSF,TX,ASW,CE,Federal Contract Tower,0,0,4,0,4,0,6,93,0,99,0,6,97,0,103,136,0,136,239
02/01/2021,SSF,TX,ASW,CE,Federal Contract Tower,0,0,6,15,21,0,7,90,1,98,0,7,96,16,119,224,6,230,349
02/02/2021,SSF,TX,ASW,CE,Federal Contract Tower,0,0,12,28,40,2,6,126,1,135,2,6,138,29,175,306,30,336,511
02/03/2021,SSF,TX,ASW,CE,Federal Contract Tower,0,0,21,16,37,0,8,145,0,153,0,8,166,16,190,374,10,384,574
02/04/2021,SSF,TX,ASW,CE,Federal Contract Tower,0,0,11,26,37,0,5,73,3,81,0,5,84,29,118,116,32,148,266
02/05/2021,SSF,TX,ASW,CE,Federal Contract Tower,0,0,25,10,35,0,1,103,0,104,0,1,128,10,139,310,6,316,455
02/06/2021,SSF,TX,ASW,CE,Federal Contract Tower,0,0,11,4,15,0,15,64,14,93,0,15,75,18,108,218,6,224,332
02/07/2021,SSF,TX,ASW,CE,Federal Contract Tower,0,0,5,0,5,0,8,101,4,113,0,8,106,4,118,170,0,170,288
02/08/2021,SSF,TX,ASW,CE,Federal Contract Tower,0,0,16,20,36,0,2,108,0,110,0,2,124,20,146,278,12,290,436
02/09/2021,SSF,TX,ASW,CE,Federal Contract Tower,0,0,11,25,36,0,5,112,1,118,0,5,123,26,154,234,14,248,402
02/10/2021,SSF,TX,ASW,CE,Federal Contract Tower,0,0,7,0,7,0,0,0,0,0,0,0,7,0,7,0,0,0,7
02/11/2021,SSF,TX,ASW,CE,Federal Contract Tower,0,0,0,0,0,0,0,2,0,2,0,0,2,0,2,0,0,0,2
02/12/2021,SSF,TX,ASW,CE,Federal Contract Tower,0,0,0,0,0,0,15,7,0,22,0,15,7,0,22,68,0,68,90
02/13/2021,SSF,TX,ASW,CE,Federal Contract Tower,0,0,0,0,0,0,0,2,0,2,0,0,2,0,2,0,0,0,2
02/14/2021,SSF,TX,ASW,CE,Federal Contract Tower,0,0,0,0,0,0,0,0,0,0,0,0,0,0,0,0,0,0,0
02/15/2021,SSF,TX,ASW,CE,Federal Contract Tower,0,0,0,0,0,0,1,2,0,3,0,1,2,0,3,0,0,0,3
02/16/2021,SSF,TX,ASW,CE,Federal Contract Tower,0,0,0,0,0,0,6,0,0,6,0,6,0,0,6,0,0,0,6
02/17/2021,SSF,TX,ASW,CE,Federal Contract Tower,0,0,0,0,0,0,0,3,0,3,0,0,3,0,3,0,0,0,3
02/18/2021,SSF,TX,ASW,CE,Federal Contract Tower,0,0,0,0,0,0,0,0,0,0,0,0,0,0,0,0,0,0,0
02/19/2021,SSF,TX,ASW,CE,Federal Contract Tower,0,0,3,0,3,0,3,58,2,63,0,3,61,2,66,58,14,72,138
02/20/2021,SSF,TX,ASW,CE,Federal Contract Tower,0,0,6,2,8,0,9,103,2,114,0,9,109,4,122,186,2,188,310
02/21/2021,SSF,TX,ASW,CE,Federal Contract Tower,0,0,3,0,3,0,10,52,2,64,0,10,55,2,67,88,0,88,155
02/22/2021,SSF,TX,ASW,CE,Federal Contract Tower,0,0,15,18,33,0,6,138,0,144,0,6,153,18,177,198,20,218,395
02/23/2021,SSF,TX,ASW,CE,Federal Contract Tower,0,0,15,28,43,0,5,109,5,119,0,5,124,33,162,248,30,278,440
02/24/2021,SSF,TX,ASW,CE,Federal Contract Tower,0,0,30,30,60,0,1,101,3,105,0,1,131,33,165,228,50,278,443
02/25/2021,SSF,TX,ASW,CE,Federal Contract Tower,0,0,8,8,16,0,0,0,0,0,0,0,8,8,16,2,4,6,22
02/26/2021,SSF,TX,ASW,CE,Federal Contract Tower,0,0,10,21,31,0,2,8,0,10,0,2,18,21,41,24,10,34,75
02/27/2021,SSF,TX,ASW,CE,Federal Contract Tower,0,0,8,16,24,0,9,19,0,28,0,9,27,16,52,30,0,30,82
02/28/2021,SSF,TX,ASW,CE,Federal Contract Tower,0,0,3,0,3,0,9,24,0,33,0,9,27,0,36,70,0,70,106
03/01/2021,SSF,TX,ASW,CE,Federal Contract Tower,0,0,1,12,13,0,2,12,0,14,0,2,13,12,27,10,8,18,45
03/02/2021,SSF,TX,ASW,CE,Federal Contract Tower,0,0,13,16,29,0,12,127,0,139,0,12,140,16,168,340,12,352,520
03/03/2021,SSF,TX,ASW,CE,Federal Contract Tower,0,0,8,28,36,0,6,143,4,153,0,6,151,32,189,220,24,244,433
03/04/2021,SSF,TX,ASW,CE,Federal Contract Tower,0,0,7,26,33,0,8,112,0,120,0,8,119,26,153,182,24,206,359
03/05/2021,SSF,TX,ASW,CE,Federal Contract Tower,0,2,15,24,41,0,6,111,0,117,0,8,126,24,158,192,10,202,360
03/06/2021,SSF,TX,ASW,CE,Federal Contract Tower,0,1,3,0,4,0,6,123,5,134,0,7,126,5,138,256,16,272,410
03/07/2021,SSF,TX,ASW,CE,Federal Contract Tower,0,0,7,0,7,0,10,70,0,80,0,10,77,0,87,74,0,74,161
03/08/2021,SSF,TX,ASW,CE,Federal Contract Tower,0,0,7,20,27,0,0,96,0,96,0,0,103,20,123,134,12,146,269
03/09/2021,SSF,TX,ASW,CE,Federal Contract Tower,0,0,11,16,27,0,0,49,6,55,0,0,60,22,82,122,20,142,224
03/10/2021,SSF,TX,ASW,CE,Federal Contract Tower,0,0,13,12,25,0,2,51,3,56,0,2,64,15,81,86,26,112,193
03/11/2021,SSF,TX,ASW,CE,Federal Contract Tower,0,0,8,34,42,0,5,59,1,65,0,5,67,35,107,62,26,88,195
03/12/2021,SSF,TX,ASW,CE,Federal Contract Tower,0,0,18,23,41,0,18,49,4,71,0,18,67,27,112,164,12,176,288
03/13/2021,SSF,TX,ASW,CE,Federal Contract Tower,0,0,8,1,9,0,11,26,0,37,0,11,34,1,46,102,0,102,148
03/14/2021,SSF,TX,ASW,CE,Federal Contract Tower,0,0,10,0,10,0,9,48,0,57,0,9,58,0,67,128,0,128,195
03/15/2021,SSF,TX,ASW,CE,Federal Contract Tower,0,1,6,28,35,0,6,148,0,154,0,7,154,28,189,224,12,236,425
03/16/2021,SSF,TX,ASW,CE,Federal Contract Tower,0,0,17,22,39,0,0,0,0,0,0,0,17,22,39,152,8,160,199
03/17/2021,SSF,TX,ASW,CE,Federal Contract Tower,0,0,6,14,20,0,3,57,4,64,0,3,63,18,84,170,8,178,262
03/18/2021,SSF,TX,ASW,CE,Federal Contract Tower,0,0,12,18,30,0,6,100,4,110,0,6,112,22,140,120,10,130,270
03/19/2021,SSF,TX,ASW,CE,Federal Contract Tower,0,0,18,6,24,0,8,118,4,130,0,8,136,10,154,138,14,152,306
03/20/2021,SSF,TX,ASW,CE,Federal Contract Tower,0,0,1,0,1,0,33,140,5,178,0,33,141,5,179,258,0,258,437
03/21/2021,SSF,TX,ASW,CE,Federal Contract Tower,0,0,3,0,3,0,8,74,0,82,0,8,77,0,85,78,0,78,163
03/22/2021,SSF,TX,ASW,CE,Federal Contract Tower,0,0,17,14,31,0,6,38,0,44,0,6,55,14,75,40,14,54,129
03/23/2021,SSF,TX,ASW,CE,Federal Contract Tower,0,0,14,10,24,0,2,165,0,167,0,2,179,10,191,339,10,349,540
03/24/2021,SSF,TX,ASW,CE,Federal Contract Tower,0,0,16,8,24,0,10,29,8,47,0,10,45,16,71,78,28,106,177
03/25/2021,SSF,TX,ASW,CE,Federal Contract Tower,0,0,14,20,34,0,2,144,5,151,0,2,158,25,185,262,8,270,455
03/26/2021,SSF,TX,ASW,CE,Federal Contract Tower,0,0,11,17,28,0,8,158,1,167,0,8,169,18,195,300,2,302,497
03/27/2021,SSF,TX,ASW,CE,Federal Contract Tower,0,0,13,4,17,0,24,62,0,86,0,24,75,4,103,152,4,156,259
03/28/2021,SSF,TX,ASW,CE,Federal Contract Tower,0,0,2,0,2,0,5,16,0,21,0,5,18,0,23,56,0,56,79
03/29/2021,SSF,TX,ASW,CE,Federal Contract Tower,0,0,15,18,33,0,4,172,0,176,0,4,187,18,209,254,8,262,471
03/30/2021,SSF,TX,ASW,CE,Federal Contract Tower,0,0,26,6,32,0,4,69,2,75,0,4,95,8,107,204,22,226,333
03/31/2021,SSF,TX,ASW,CE,Federal Contract Tower,0,0,6,14,20,0,4,39,4,47,0,4,45,18,67,50,36,86,153
04/01/2021,SSF,TX,ASW,CE,Federal Contract Tower,0,0,13,14,27,0,5,103,0,108,0,5,116,14,135,188,12,200,335
04/02/2021,SSF,TX,ASW,CE,Federal Contract Tower,0,0,25,0,25,0,20,116,0,136,0,20,141,0,161,272,0,272,433
04/03/2021,SSF,TX,ASW,CE,Federal Contract Tower,0,0,1,0,1,0,33,46,0,79,0,33,47,0,80,86,0,86,166
04/04/2021,SSF,TX,ASW,CE,Federal Contract Tower,0,0,7,0,7,0,4,36,0,40,0,4,43,0,47,66,0,66,113
04/05/2021,SSF,TX,ASW,CE,Federal Contract Tower,0,1,12,23,36,0,12,80,0,92,0,13,92,23,128,190,18,208,336
04/06/2021,SSF,TX,ASW,CE,Federal Contract Tower,0,0,13,20,33,0,7,71,16,94,0,7,84,36,127,118,46,164,291
04/07/2021,SSF,TX,ASW,CE,Federal Contract Tower,0,2,15,40,57,0,6,97,7,110,0,8,112,47,167,366,48,414,581
04/08/2021,SSF,TX,ASW,CE,Federal Contract Tower,0,0,10,8,18,0,0,114,0,114,0,0,124,8,132,156,0,156,288
04/09/2021,SSF,TX,ASW,CE,Federal Contract Tower,0,1,19,13,33,0,19,99,1,119,0,20,118,14,152,228,10,238,390
04/10/2021,SSF,TX,ASW,CE,Federal Contract Tower,0,0,7,0,7,0,10,60,2,72,0,10,67,2,79,88,0,88,167
04/11/2021,SSF,TX,ASW,CE,Federal Contract Tower,0,0,7,0,7,0,14,137,0,151,0,14,144,0,158,276,0,276,434
04/12/2021,SSF,TX,ASW,CE,Federal Contract Tower,0,0,12,16,28,0,4,97,0,101,0,4,109,16,129,186,16,202,331
04/13/2021,SSF,TX,ASW,CE,Federal Contract Tower,0,0,27,20,47,0,3,93,8,104,0,3,120,28,151,206,26,232,383
04/14/2021,SSF,TX,ASW,CE,Federal Contract Tower,0,0,19,20,39,0,12,74,0,86,0,12,93,20,125,250,14,264,389
04/15/2021,SSF,TX,ASW,CE,Federal Contract Tower,0,0,9,0,9,0,0,2,0,2,0,0,11,0,11,2,0,2,13
04/16/2021,SSF,TX,ASW,CE,Federal Contract Tower,0,0,6,2,8,0,0,6,0,6,0,0,12,2,14,32,0,32,46
04/17/2021,SSF,TX,ASW,CE,Federal Contract Tower,0,0,1,0,1,0,10,46,0,56,0,10,47,0,57,54,0,54,111
04/18/2021,SSF,TX,ASW,CE,Federal Contract Tower,0,0,7,0,7,0,6,123,0,129,0,6,130,0,136,164,0,164,300
04/19/2021,SSF,TX,ASW,CE,Federal Contract Tower,0,0,18,15,33,0,2,138,0,140,0,2,156,15,173,338,18,356,529
04/20/2021,SSF,TX,ASW,CE,Federal Contract Tower,0,0,8,18,26,0,0,179,4,183,0,0,187,22,209,292,16,308,517
04/21/2021,SSF,TX,ASW,CE,Federal Contract Tower,0,0,12,18,30,0,4,89,7,100,0,4,101,25,130,204,18,222,352
04/22/2021,SSF,TX,ASW,CE,Federal Contract Tower,0,0,13,2,15,0,3,43,2,48,0,3,56,4,63,66,2,68,131
04/23/2021,SSF,TX,ASW,CE,Federal Contract Tower,0,0,2,0,2,0,3,8,0,11,0,3,10,0,13,16,0,16,29
04/24/2021,SSF,TX,ASW,CE,Federal Contract Tower,0,0,16,2,18,0,25,110,0,135,0,25,126,2,153,270,0,270,423
04/25/2021,SSF,TX,ASW,CE,Federal Contract Tower,0,0,2,0,2,0,8,119,0,127,0,8,121,0,129,150,0,150,279
04/26/2021,SSF,TX,ASW,CE,Federal Contract Tower,0,0,8,4,12,0,4,104,0,108,0,4,112,4,120,124,4,128,248
04/27/2021,SSF,TX,ASW,CE,Federal Contract Tower,0,0,23,19,42,0,0,17,3,20,0,0,40,22,62,66,24,90,152
04/28/2021,SSF,TX,ASW,CE,Federal Contract Tower,0,0,12,9,21,0,4,82,1,87,0,4,94,10,108,182,4,186,294
04/29/2021,SSF,TX,ASW,CE,Federal Contract Tower,0,0,5,9,14,0,0,17,1,18,0,0,22,10,32,50,2,52,84
04/30/2021,SSF,TX,ASW,CE,Federal Contract Tower,0,0,5,0,5,0,4,10,2,16,0,4,15,2,21,60,8,68,89
05/01/2021,SSF,TX,ASW,CE,Federal Contract Tower,0,0,5,0,5,0,5,4,0,9,0,5,9,0,14,12,0,12,26
05/02/2021,SSF,TX,ASW,CE,Federal Contract Tower,0,0,5,0,5,0,6,107,0,113,0,6,112,0,118,256,0,256,374
05/03/2021,SSF,TX,ASW,CE,Federal Contract Tower,0,0,7,2,9,0,2,72,0,74,0,2,79,2,83,162,0,162,245
05/04/2021,SSF,TX,ASW,CE,Federal Contract Tower,0,0,16,14,30,0,4,109,4,117,0,4,125,18,147,162,14,176,323
05/05/2021,SSF,TX,ASW,CE,Federal Contract Tower,0,0,16,12,28,0,3,152,0,155,0,3,168,12,183,266,8,274,457
05/06/2021,SSF,TX,ASW,CE,Federal Contract Tower,0,0,15,11,26,0,4,128,3,135,0,4,143,14,161,228,8,236,397
05/07/2021,SSF,TX,ASW,CE,Federal Contract Tower,0,0,12,12,24,0,2,114,2,118,0,2,126,14,142,252,8,260,402
05/08/2021,SSF,TX,ASW,CE,Federal Contract Tower,0,0,16,1,17,0,11,66,9,86,0,11,82,10,103,130,8,138,241
05/09/2021,SSF,TX,ASW,CE,Federal Contract Tower,0,0,11,0,11,0,23,52,0,75,0,23,63,0,86,144,0,144,230
05/10/2021,SSF,TX,ASW,CE,Federal Contract Tower,0,0,13,20,33,0,0,55,1,56,0,0,68,21,89,182,24,206,295
05/11/2021,SSF,TX,ASW,CE,Federal Contract Tower,0,0,12,4,16,0,0,27,0,27,0,0,39,4,43,50,4,54,97
05/12/2021,SSF,TX,ASW,CE,Federal Contract Tower,0,0,6,12,18,0,6,41,2,49,0,6,47,14,67,158,10,168,235
05/13/2021,SSF,TX,ASW,CE,Federal Contract Tower,0,2,13,19,34,0,3,99,3,105,0,5,112,22,139,290,12,302,441
05/14/2021,SSF,TX,ASW,CE,Federal Contract Tower,0,0,18,14,32,0,2,109,3,114,0,2,127,17,146,260,6,266,412
05/15/2021,SSF,TX,ASW,CE,Federal Contract Tower,0,0,6,2,8,0,1,12,8,21,0,1,18,10,29,16,10,26,55
05/16/2021,SSF,TX,ASW,CE,Federal Contract Tower,0,0,2,4,6,0,10,15,2,27,0,10,17,6,33,18,4,22,55
05/17/2021,SSF,TX,ASW,CE,Federal Contract Tower,0,0,19,19,38,0,2,37,3,42,0,2,56,22,80,56,30,86,166
05/18/2021,SSF,TX,ASW,CE,Federal Contract Tower,0,0,2,12,14,0,4,37,0,41,0,4,39,12,55,62,6,68,123
05/19/2021,SSF,TX,ASW,CE,Federal Contract Tower,0,0,12,6,18,0,0,27,3,30,0,0,39,9,48,92,16,108,156
05/20/2021,SSF,TX,ASW,CE,Federal Contract Tower,0,0,7,25,32,0,4,132,1,137,0,4,139,26,169,194,18,212,381
05/21/2021,SSF,TX,ASW,CE,Federal Contract Tower,0,0,10,35,45,0,10,67,2,79,0,10,77,37,124,166,17,183,307
05/22/2021,SSF,TX,ASW,CE,Federal Contract Tower,0,0,2,0,2,0,6,21,2,29,0,6,23,2,31,58,12,70,101
05/23/2021,SSF,TX,ASW,CE,Federal Contract Tower,0,0,1,0,1,0,12,8,0,20,0,12,9,0,21,62,0,62,83
05/24/2021,SSF,TX,ASW,CE,Federal Contract Tower,0,0,21,22,43,0,0,41,0,41,0,0,62,22,84,132,10,142,226
05/25/2021,SSF,TX,ASW,CE,Federal Contract Tower,0,0,16,20,36,0,13,115,0,128,0,13,131,20,164,218,18,236,400
05/26/2021,SSF,TX,ASW,CE,Federal Contract Tower,0,0,37,20,57,0,8,97,2,107,0,8,134,22,164,368,24,392,556
05/27/2021,SSF,TX,ASW,CE,Federal Contract Tower,0,0,16,17,33,0,6,125,6,137,0,6,141,23,170,404,32,436,606
05/28/2021,SSF,TX,ASW,CE,Federal Contract Tower,0,0,24,0,24,0,23,60,3,86,0,23,84,3,110,238,0,238,348
05/29/2021,SSF,TX,ASW,CE,Federal Contract Tower,0,0,13,0,13,0,20,77,0,97,0,20,90,0,110,144,0,144,254
05/30/2021,SSF,TX,ASW,CE,Federal Contract Tower,0,0,6,0,6,0,20,29,0,49,0,20,35,0,55,102,0,102,157
05/31/2021,SSF,TX,ASW,CE,Federal Contract Tower,0,0,19,0,19,0,0,67,0,67,0,0,86,0,86,86,0,86,172
06/01/2021,SSF,TX,ASW,CE,Federal Contract Tower,0,0,7,14,21,0,1,99,0,100,0,1,106,14,121,202,10,212,333
06/02/2021,SSF,TX,ASW,CE,Federal Contract Tower,0,0,8,16,24,2,11,80,0,93,2,11,88,16,117,252,14,266,383
06/03/2021,SSF,TX,ASW,CE,Federal Contract Tower,0,0,7,2,9,0,8,26,0,34,0,8,33,2,43,40,2,42,85
06/04/2021,SSF,TX,ASW,CE,Federal Contract Tower,0,0,22,16,38,0,8,63,1,72,0,8,85,17,110,248,10,258,368
06/05/2021,SSF,TX,ASW,CE,Federal Contract Tower,0,0,6,0,6,0,20,71,6,97,0,20,77,6,103,154,0,154,257
06/06/2021,SSF,TX,ASW,CE,Federal Contract Tower,0,0,3,0,3,0,2,37,0,39,0,2,40,0,42,54,0,54,96
06/07/2021,SSF,TX,ASW,CE,Federal Contract Tower,0,0,18,18,36,0,2,61,0,63,0,2,79,18,99,154,12,166,265
06/08/2021,SSF,TX,ASW,CE,Federal Contract Tower,0,0,9,15,24,0,13,79,3,95,0,13,88,18,119,180,18,198,317
06/09/2021,SSF,TX,ASW,CE,Federal Contract Tower,0,0,16,24,40,0,9,87,1,97,0,9,103,25,137,258,20,278,415
06/10/2021,SSF,TX,ASW,CE,Federal Contract Tower,0,0,20,10,30,0,13,80,0,93,0,13,100,10,123,198,30,228,351
06/11/2021,SSF,TX,ASW,CE,Federal Contract Tower,0,0,5,18,23,0,3,100,7,110,0,3,105,25,133,200,14,214,347
06/12/2021,SSF,TX,ASW,CE,Federal Contract Tower,0,0,4,0,4,0,8,121,2,131,0,8,125,2,135,154,6,160,295
06/13/2021,SSF,TX,ASW,CE,Federal Contract Tower,0,0,3,2,5,0,5,73,0,78,0,5,76,2,83,128,2,130,213
06/14/2021,SSF,TX,ASW,CE,Federal Contract Tower,0,0,2,24,26,0,2,91,10,103,0,2,93,34,129,196,20,216,345
06/15/2021,SSF,TX,ASW,CE,Federal Contract Tower,0,0,6,18,24,0,0,132,0,132,0,0,138,18,156,264,14,278,434
06/16/2021,SSF,TX,ASW,CE,Federal Contract Tower,0,2,7,22,31,0,7,120,0,127,0,9,127,22,158,194,18,212,370
06/17/2021,SSF,TX,ASW,CE,Federal Contract Tower,0,0,1,24,25,0,7,131,0,138,0,7,132,24,163,218,16,234,397
06/18/2021,SSF,TX,ASW,CE,Federal Contract Tower,0,0,10,0,10,0,12,110,0,122,0,12,120,0,132,272,0,272,404
06/19/2021,SSF,TX,ASW,CE,Federal Contract Tower,0,0,1,0,1,0,26,100,7,133,0,26,101,7,134,222,6,228,362
06/20/2021,SSF,TX,ASW,CE,Federal Contract Tower,0,0,6,0,6,0,10,43,0,53,0,10,49,0,59,32,0,32,91
06/21/2021,SSF,TX,ASW,CE,Federal Contract Tower,0,2,6,26,34,0,14,91,0,105,0,16,97,26,139,170,16,186,325
06/22/2021,SSF,TX,ASW,CE,Federal Contract Tower,0,0,16,22,38,0,2,70,0,72,0,2,86,22,110,220,16,236,346
06/23/2021,SSF,TX,ASW,CE,Federal Contract Tower,0,0,18,18,36,0,10,77,0,87,0,10,95,18,123,174,12,186,309
06/24/2021,SSF,TX,ASW,CE,Federal Contract Tower,0,0,13,26,39,0,8,80,3,91,0,8,93,29,130,162,36,198,328
06/25/2021,SSF,TX,ASW,CE,Federal Contract Tower,0,0,12,23,35,0,15,103,3,121,0,15,115,26,156,186,30,216,372
06/26/2021,SSF,TX,ASW,CE,Federal Contract Tower,0,0,6,0,6,0,12,43,2,57,0,12,49,2,63,66,4,70,133
06/27/2021,SSF,TX,ASW,CE,Federal Contract Tower,0,0,6,0,6,0,6,34,3,43,0,6,40,3,49,50,0,50,99
06/28/2021,SSF,TX,ASW,CE,Federal Contract Tower,0,0,9,6,15,0,2,44,0,46,0,2,53,6,61,104,6,110,171
06/29/2021,SSF,TX,ASW,CE,Federal Contract Tower,0,0,6,8,14,0,5,33,0,38,0,5,39,8,52,86,6,92,144
06/30/2021,SSF,TX,ASW,CE,Federal Contract Tower,0,0,19,10,29,0,1,53,2,56,0,1,72,12,85,88,14,102,187
07/01/2021,SSF,TX,ASW,CE,Federal Contract Tower,0,0,11,8,19,0,0,114,0,114,0,0,125,8,133,236,4,240,373
07/02/2021,SSF,TX,ASW,CE,Federal Contract Tower,0,0,13,1,14,0,6,143,7,156,0,6,156,8,170,378,10,388,558
07/03/2021,SSF,TX,ASW,CE,Federal Contract Tower,0,0,7,0,7,0,15,60,0,75,0,15,67,0,82,150,0,150,232
07/04/2021,SSF,TX,ASW,CE,Federal Contract Tower,0,1,0,0,1,0,1,15,0,16,0,2,15,0,17,28,0,28,45
07/05/2021,SSF,TX,ASW,CE,Federal Contract Tower,0,0,3,0,3,0,4,15,0,19,0,4,18,0,22,0,0,0,22
07/06/2021,SSF,TX,ASW,CE,Federal Contract Tower,0,0,0,7,7,0,0,31,0,31,0,0,31,7,38,28,2,30,68
07/07/2021,SSF,TX,ASW,CE,Federal Contract Tower,0,0,27,6,33,0,1,25,4,30,0,1,52,10,63,70,20,90,153
07/08/2021,SSF,TX,ASW,CE,Federal Contract Tower,0,0,4,20,24,0,0,30,0,30,0,0,34,20,54,48,30,78,132
07/09/2021,SSF,TX,ASW,CE,Federal Contract Tower,0,0,2,0,2,0,0,2,0,2,0,0,4,0,4,2,0,2,6
07/10/2021,SSF,TX,ASW,CE,Federal Contract Tower,0,0,11,2,13,0,0,30,2,32,0,0,41,4,45,40,2,42,87
07/11/2021,SSF,TX,ASW,CE,Federal Contract Tower,0,0,23,0,23,0,16,86,0,102,0,16,109,0,125,186,0,186,311
07/12/2021,SSF,TX,ASW,CE,Federal Contract Tower,0,0,15,24,39,0,1,116,3,120,0,1,131,27,159,144,32,176,335
07/13/2021,SSF,TX,ASW,CE,Federal Contract Tower,0,0,2,8,10,0,0,42,3,45,0,0,44,11,55,98,14,112,167
07/14/2021,SSF,TX,ASW,CE,Federal Contract Tower,0,0,9,6,15,0,9,57,4,70,0,9,66,10,85,66,10,76,161
07/15/2021,SSF,TX,ASW,CE,Federal Contract Tower,0,0,28,16,44,0,8,123,4,135,0,8,151,20,179,222,20,242,421
07/16/2021,SSF,TX,ASW,CE,Federal Contract Tower,0,0,15,22,37,0,0,104,2,106,0,0,119,24,143,160,10,170,313
07/17/2021,SSF,TX,ASW,CE,Federal Contract Tower,0,0,14,0,14,0,20,83,6,109,0,20,97,6,123,148,0,148,271
07/18/2021,SSF,TX,ASW,CE,Federal Contract Tower,0,0,6,0,6,0,9,64,0,73,0,9,70,0,79,100,0,100,179
07/19/2021,SSF,TX,ASW,CE,Federal Contract Tower,0,1,3,20,24,0,5,88,7,100,0,6,91,27,124,118,10,128,252
07/20/2021,SSF,TX,ASW,CE,Federal Contract Tower,0,1,11,16,28,0,12,90,2,104,0,13,101,18,132,150,16,166,298
07/21/2021,SSF,TX,ASW,CE,Federal Contract Tower,0,0,10,22,32,0,4,122,2,128,0,4,132,24,160,210,18,228,388
07/22/2021,SSF,TX,ASW,CE,Federal Contract Tower,0,0,14,12,26,0,5,42,0,47,0,5,56,12,73,108,12,120,193
07/23/2021,SSF,TX,ASW,CE,Federal Contract Tower,0,0,12,19,31,0,9,90,1,100,0,9,102,20,131,142,14,156,287
07/24/2021,SSF,TX,ASW,CE,Federal Contract Tower,0,0,10,0,10,0,10,72,4,86,0,10,82,4,96,94,4,98,194
07/25/2021,SSF,TX,ASW,CE,Federal Contract Tower,0,0,4,0,4,0,17,63,0,80,0,17,67,0,84,60,0,60,144
07/26/2021,SSF,TX,ASW,CE,Federal Contract Tower,0,0,8,15,23,0,1,95,0,96,0,1,103,15,119,264,10,274,393
07/27/2021,SSF,TX,ASW,CE,Federal Contract Tower,0,0,11,20,31,0,4,93,3,100,0,4,104,23,131,216,36,252,383
07/28/2021,SSF,TX,ASW,CE,Federal Contract Tower,0,0,3,22,25,0,12,81,2,95,0,12,84,24,120,82,16,98,218
07/29/2021,SSF,TX,ASW,CE,Federal Contract Tower,0,0,2,22,24,0,7,87,0,94,0,7,89,22,118,156,12,168,286
07/30/2021,SSF,TX,ASW,CE,Federal Contract Tower,0,0,10,18,28,0,13,75,0,88,0,13,85,18,116,154,8,162,278
07/31/2021,SSF,TX,ASW,CE,Federal Contract Tower,0,0,14,0,14,0,12,53,0,65,0,12,67,0,79,32,0,32,111
08/01/2021,SSF,TX,ASW,CE,Federal Contract Tower,0,0,16,0,16,0,4,54,0,58,0,4,70,0,74,94,0,94,168
08/02/2021,SSF,TX,ASW,CE,Federal Contract Tower,0,0,3,8,11,0,2,20,0,22,0,2,23,8,33,48,0,48,81
08/03/2021,SSF,TX,ASW,CE,Federal Contract Tower,0,0,16,24,40,0,1,79,0,80,0,1,95,24,120,136,2,138,258
08/04/2021,SSF,TX,ASW,CE,Federal Contract Tower,0,0,12,16,28,0,6,103,0,109,0,6,115,16,137,172,10,182,319
08/05/2021,SSF,TX,ASW,CE,Federal Contract Tower,0,0,10,12,22,0,0,30,0,30,0,0,40,12,52,60,12,72,124
08/06/2021,SSF,TX,ASW,CE,Federal Contract Tower,0,0,3,16,19,0,8,96,5,109,0,8,99,21,128,188,18,206,334
08/07/2021,SSF,TX,ASW,CE,Federal Contract Tower,0,0,9,0,9,0,24,71,23,118,0,24,80,23,127,128,8,136,263
08/08/2021,SSF,TX,ASW,CE,Federal Contract Tower,0,0,2,2,4,0,17,43,0,60,0,17,45,2,64,114,2,116,180
08/09/2021,SSF,TX,ASW,CE,Federal Contract Tower,0,0,2,28,30,0,5,86,2,93,0,5,88,30,123,122,28,150,273
08/10/2021,SSF,TX,ASW,CE,Federal Contract Tower,0,0,7,22,29,0,6,94,0,100,0,6,101,22,129,94,12,106,235
08/11/2021,SSF,TX,ASW,CE,Federal Contract Tower,0,0,11,24,35,0,5,103,4,112,0,5,114,28,147,146,8,154,301
08/12/2021,SSF,TX,ASW,CE,Federal Contract Tower,0,0,10,24,34,0,3,86,5,94,0,3,96,29,128,200,28,228,356
08/13/2021,SSF,TX,ASW,CE,Federal Contract Tower,0,0,11,8,19,0,15,87,1,103,0,15,98,9,122,172,0,172,294
08/14/2021,SSF,TX,ASW,CE,Federal Contract Tower,0,0,13,10,23,0,22,85,0,107,0,22,98,10,130,172,6,178,308
08/15/2021,SSF,TX,ASW,CE,Federal Contract Tower,0,0,13,6,19,0,3,35,0,38,0,3,48,6,57,40,2,42,99
08/16/2021,SSF,TX,ASW,CE,Federal Contract Tower,0,0,9,14,23,0,2,83,0,85,0,2,92,14,108,108,2,110,218
08/17/2021,SSF,TX,ASW,CE,Federal Contract Tower,0,0,11,14,25,0,2,68,0,70,0,2,79,14,95,162,10,172,267
08/18/2021,SSF,TX,ASW,CE,Federal Contract Tower,0,0,15,16,31,0,6,82,0,88,0,6,97,16,119,178,12,190,309
08/19/2021,SSF,TX,ASW,CE,Federal Contract Tower,0,0,9,16,25,0,5,97,2,104,0,5,106,18,129,152,14,166,295
08/20/2021,SSF,TX,ASW,CE,Federal Contract Tower,0,0,11,24,35,0,7,85,0,92,0,7,96,24,127,116,16,132,259
08/21/2021,SSF,TX,ASW,CE,Federal Contract Tower,0,0,9,0,9,0,16,66,0,82,0,16,75,0,91,84,0,84,175
08/22/2021,SSF,TX,ASW,CE,Federal Contract Tower,0,0,4,0,4,0,6,62,2,70,0,6,66,2,74,104,8,112,186
08/23/2021,SSF,TX,ASW,CE,Federal Contract Tower,0,0,5,14,19,0,4,101,0,105,0,4,106,14,124,150,12,162,286
08/24/2021,SSF,TX,ASW,CE,Federal Contract Tower,0,0,8,28,36,0,0,108,0,108,0,0,116,28,144,162,32,194,338
08/25/2021,SSF,TX,ASW,CE,Federal Contract Tower,0,0,2,24,26,0,0,134,4,138,0,0,136,28,164,156,26,182,346
08/26/2021,SSF,TX,ASW,CE,Federal Contract Tower,0,2,4,12,18,0,4,124,6,134,0,6,128,18,152,244,14,258,410
08/27/2021,SSF,TX,ASW,CE,Federal Contract Tower,0,0,15,14,29,0,13,78,0,91,0,13,93,14,120,58,10,68,188
08/28/2021,SSF,TX,ASW,CE,Federal Contract Tower,0,0,13,2,15,0,20,70,0,90,0,20,83,2,105,130,2,132,237
08/29/2021,SSF,TX,ASW,CE,Federal Contract Tower,0,0,11,4,15,0,20,54,2,76,0,20,65,6,91,84,4,88,179
08/30/2021,SSF,TX,ASW,CE,Federal Contract Tower,0,1,3,8,12,0,2,94,0,96,0,3,97,8,108,88,6,94,202
08/31/2021,SSF,TX,ASW,CE,Federal Contract Tower,0,2,4,26,32,0,4,128,0,132,0,6,132,26,164,160,18,178,342
09/01/2021,SSF,TX,ASW,CE,Federal Contract Tower,0,0,4,14,18,0,2,86,0,88,0,2,90,14,106,118,6,124,230
09/02/2021,SSF,TX,ASW,CE,Federal Contract Tower,0,2,13,14,29,0,8,96,0,104,0,10,109,14,133,114,10,124,257
09/03/2021,SSF,TX,ASW,CE,Federal Contract Tower,0,0,11,2,13,0,0,127,0,127,0,0,138,2,140,216,2,218,358
09/04/2021,SSF,TX,ASW,CE,Federal Contract Tower,0,0,14,0,14,0,16,110,3,129,0,16,124,3,143,174,10,184,327
09/05/2021,SSF,TX,ASW,CE,Federal Contract Tower,0,0,1,0,1,0,9,98,0,107,0,9,99,0,108,88,0,88,196
09/06/2021,SSF,TX,ASW,CE,Federal Contract Tower,0,0,4,0,4,0,1,78,8,87,0,1,82,8,91,142,18,160,251
09/07/2021,SSF,TX,ASW,CE,Federal Contract Tower,0,0,6,12,18,0,0,106,2,108,0,0,112,14,126,92,6,98,224
09/08/2021,SSF,TX,ASW,CE,Federal Contract Tower,0,0,8,26,34,0,2,95,0,97,0,2,103,26,131,168,16,184,315
09/09/2021,SSF,TX,ASW,CE,Federal Contract Tower,0,0,7,14,21,0,4,111,4,119,0,4,118,18,140,214,12,226,366
09/10/2021,SSF,TX,ASW,CE,Federal Contract Tower,0,2,4,2,8,0,4,128,0,132,0,6,132,2,140,156,2,158,298
09/11/2021,SSF,TX,ASW,CE,Federal Contract Tower,0,0,0,2,2,0,16,66,4,86,0,16,66,6,88,102,0,102,190
09/12/2021,SSF,TX,ASW,CE,Federal Contract Tower,0,0,10,2,12,0,9,67,0,76,0,9,77,2,88,96,2,98,186
09/13/2021,SSF,TX,ASW,CE,Federal Contract Tower,0,0,17,0,17,0,1,28,0,29,0,1,45,0,46,16,0,16,62
09/14/2021,SSF,TX,ASW,CE,Federal Contract Tower,0,0,2,8,10,0,0,130,0,130,0,0,132,8,140,194,4,198,338
09/15/2021,SSF,TX,ASW,CE,Federal Contract Tower,0,0,7,2,9,0,4,80,8,92,0,4,87,10,101,210,14,224,325
09/16/2021,SSF,TX,ASW,CE,Federal Contract Tower,0,0,1,20,21,0,12,115,2,129,0,12,116,22,150,254,14,268,418
09/17/2021,SSF,TX,ASW,CE,Federal Contract Tower,0,0,8,6,14,0,6,97,0,103,0,6,105,6,117,144,2,146,263
09/18/2021,SSF,TX,ASW,CE,Federal Contract Tower,0,0,7,14,21,0,15,80,11,106,0,15,87,25,127,148,18,166,293
09/19/2021,SSF,TX,ASW,CE,Federal Contract Tower,0,0,6,0,6,0,10,66,2,78,0,10,72,2,84,144,0,144,228
09/20/2021,SSF,TX,ASW,CE,Federal Contract Tower,0,0,5,11,16,0,5,96,0,101,0,5,101,11,117,74,6,80,197
09/21/2021,SSF,TX,ASW,CE,Federal Contract Tower,0,0,12,6,18,0,1,81,0,82,0,1,93,6,100,190,4,194,294
09/22/2021,SSF,TX,ASW,CE,Federal Contract Tower,0,0,8,16,24,0,2,92,0,94,0,2,100,16,118,106,0,106,224
09/23/2021,SSF,TX,ASW,CE,Federal Contract Tower,0,0,12,12,24,0,0,142,2,144,0,0,154,14,168,312,14,326,494
09/24/2021,SSF,TX,ASW,CE,Federal Contract Tower,0,0,8,6,14,0,6,126,0,132,0,6,134,6,146,184,0,184,330
09/25/2021,SSF,TX,ASW,CE,Federal Contract Tower,0,0,2,0,2,0,20,88,0,108,0,20,90,0,110,198,0,198,308
09/26/2021,SSF,TX,ASW,CE,Federal Contract Tower,0,0,8,0,8,0,6,82,2,90,0,6,90,2,98,120,2,122,220
09/27/2021,SSF,TX,ASW,CE,Federal Contract Tower,0,0,6,16,22,0,2,105,0,107,0,2,111,16,129,120,6,126,255
09/28/2021,SSF,TX,ASW,CE,Federal Contract Tower,0,1,6,10,17,0,3,74,0,77,0,4,80,10,94,150,2,152,246
09/29/2021,SSF,TX,ASW,CE,Federal Contract Tower,0,0,3,12,15,0,8,61,0,69,0,8,64,12,84,84,6,90,174
09/30/2021,SSF,TX,ASW,CE,Federal Contract Tower,0,0,10,10,20,0,7,71,0,78,0,7,81,10,98,108,10,118,216
10/01/2021,SSF,TX,ASW,CE,Federal Contract Tower,0,0,10,6,16,0,0,73,0,73,0,0,83,6,89,220,6,226,315
10/02/2021,SSF,TX,ASW,CE,Federal Contract Tower,0,0,10,0,10,0,5,36,0,41,0,5,46,0,51,64,0,64,115
10/03/2021,SSF,TX,ASW,CE,Federal Contract Tower,0,0,4,0,4,0,2,88,3,93,0,2,92,3,97,140,4,144,241
10/04/2021,SSF,TX,ASW,CE,Federal Contract Tower,0,0,8,8,16,0,3,115,0,118,0,3,123,8,134,220,10,230,364
10/05/2021,SSF,TX,ASW,CE,Federal Contract Tower,0,0,4,4,8,0,2,158,0,160,0,2,162,4,168,182,2,184,352
10/06/2021,SSF,TX,ASW,CE,Federal Contract Tower,0,0,5,17,22,0,4,124,5,133,0,4,129,22,155,168,20,188,343
10/07/2021,SSF,TX,ASW,CE,Federal Contract Tower,0,1,5,9,15,0,2,142,0,144,0,3,147,9,159,136,4,140,299
10/08/2021,SSF,TX,ASW,CE,Federal Contract Tower,0,1,10,6,17,0,2,123,2,127,0,3,133,8,144,138,2,140,284
10/09/2021,SSF,TX,ASW,CE,Federal Contract Tower,0,0,3,0,3,0,1,115,0,116,0,1,118,0,119,128,0,128,247
10/10/2021,SSF,TX,ASW,CE,Federal Contract Tower,0,0,10,0,10,0,9,21,0,30,0,9,31,0,40,18,0,18,58
10/11/2021,SSF,TX,ASW,CE,Federal Contract Tower,0,0,5,0,5,0,2,135,0,137,0,2,140,0,142,114,0,114,256
10/12/2021,SSF,TX,ASW,CE,Federal Contract Tower,0,0,7,2,9,0,1,23,0,24,0,1,30,2,33,46,2,48,81
10/13/2021,SSF,TX,ASW,CE,Federal Contract Tower,0,0,2,2,4,0,1,36,3,40,0,1,38,5,44,44,8,52,96
10/14/2021,SSF,TX,ASW,CE,Federal Contract Tower,0,0,14,2,16,0,6,67,2,75,0,6,81,4,91,128,8,136,227
10/15/2021,SSF,TX,ASW,CE,Federal Contract Tower,0,0,9,2,11,0,5,46,3,54,0,5,55,5,65,46,0,46,111
10/16/2021,SSF,TX,ASW,CE,Federal Contract Tower,0,0,2,4,6,0,17,94,4,115,0,17,96,8,121,130,12,142,263
10/17/2021,SSF,TX,ASW,CE,Federal Contract Tower,0,0,4,0,4,0,2,109,0,111,0,2,113,0,115,240,0,240,355
10/18/2021,SSF,TX,ASW,CE,Federal Contract Tower,0,0,4,8,12,0,8,113,0,121,0,8,117,8,133,194,4,198,331
10/19/2021,SSF,TX,ASW,CE,Federal Contract Tower,0,0,4,10,14,0,9,115,1,125,0,9,119,11,139,152,10,162,301
10/20/2021,SSF,TX,ASW,CE,Federal Contract Tower,0,2,11,8,21,0,4,99,2,105,0,6,110,10,126,264,16,280,406
10/21/2021,SSF,TX,ASW,CE,Federal Contract Tower,0,0,3,18,21,0,2,116,2,120,0,2,119,20,141,356,8,364,505
10/22/2021,SSF,TX,ASW,CE,Federal Contract Tower,0,0,7,10,17,0,6,114,0,120,0,6,121,10,137,254,0,254,391
10/23/2021,SSF,TX,ASW,CE,Federal Contract Tower,0,0,9,2,11,0,0,78,0,78,0,0,87,2,89,146,0,146,235
10/24/2021,SSF,TX,ASW,CE,Federal Contract Tower,0,1,10,2,13,0,0,61,2,63,0,1,71,4,76,170,10,180,256
10/25/2021,SSF,TX,ASW,CE,Federal Contract Tower,0,0,10,26,36,0,0,84,0,84,0,0,94,26,120,116,0,116,236
10/26/2021,SSF,TX,ASW,CE,Federal Contract Tower,0,0,5,22,27,0,0,48,4,52,0,0,53,26,79,84,30,114,193
10/27/2021,SSF,TX,ASW,CE,Federal Contract Tower,0,0,0,2,2,0,0,51,0,51,0,0,51,2,53,52,0,52,105
10/28/2021,SSF,TX,ASW,CE,Federal Contract Tower,0,2,5,23,30,0,6,85,1,92,0,8,90,24,122,118,0,118,240
10/29/2021,SSF,TX,ASW,CE,Federal Contract Tower,0,1,7,8,16,0,25,107,0,132,0,26,114,8,148,114,0,114,262
10/30/2021,SSF,TX,ASW,CE,Federal Contract Tower,0,0,5,0,5,0,8,113,0,121,0,8,118,0,126,136,0,136,262
10/31/2021,SSF,TX,ASW,CE,Federal Contract Tower,0,0,2,0,2,0,0,74,1,75,0,0,76,1,77,184,0,184,261
11/01/2021,SSF,TX,ASW,CE,Federal Contract Tower,0,0,6,16,22,0,3,118,0,121,0,3,124,16,143,218,0,218,361
11/02/2021,SSF,TX,ASW,CE,Federal Contract Tower,0,0,9,11,20,0,5,101,0,106,0,5,110,11,126,162,0,162,288
11/03/2021,SSF,TX,ASW,CE,Federal Contract Tower,0,1,9,4,14,0,0,8,0,8,0,1,17,4,22,0,0,0,22
11/04/2021,SSF,TX,ASW,CE,Federal Contract Tower,0,0,16,20,36,0,5,32,4,41,0,5,48,24,77,96,10,106,183
11/05/2021,SSF,TX,ASW,CE,Federal Contract Tower,0,0,6,8,14,0,2,110,0,112,0,2,116,8,126,206,0,206,332
11/06/2021,SSF,TX,ASW,CE,Federal Contract Tower,0,0,6,2,8,0,2,137,6,145,0,2,143,8,153,282,0,282,435
11/07/2021,SSF,TX,ASW,CE,Federal Contract Tower,0,0,8,0,8,0,10,73,0,83,0,10,81,0,91,126,0,126,217
11/08/2021,SSF,TX,ASW,CE,Federal Contract Tower,0,0,6,22,28,0,0,114,2,116,0,0,120,24,144,280,0,280,424
11/09/2021,SSF,TX,ASW,CE,Federal Contract Tower,0,0,5,12,17,0,1,99,0,100,0,1,104,12,117,152,0,152,269
11/10/2021,SSF,TX,ASW,CE,Federal Contract Tower,0,2,23,10,35,0,2,72,0,74,0,4,95,10,109,158,0,158,267
11/11/2021,SSF,TX,ASW,CE,Federal Contract Tower,0,0,12,2,14,0,4,118,1,123,0,4,130,3,137,164,0,164,301
11/12/2021,SSF,TX,ASW,CE,Federal Contract Tower,0,0,7,18,25,0,11,124,0,135,0,11,131,18,160,234,0,234,394
11/13/2021,SSF,TX,ASW,CE,Federal Contract Tower,0,0,6,0,6,0,17,108,1,126,0,17,114,1,132,120,0,120,252
11/14/2021,SSF,TX,ASW,CE,Federal Contract Tower,0,0,4,2,6,0,1,82,0,83,0,1,86,2,89,162,0,162,251
11/15/2021,SSF,TX,ASW,CE,Federal Contract Tower,0,0,10,14,24,0,2,79,7,88,0,2,89,21,112,216,4,220,332
11/16/2021,SSF,TX,ASW,CE,Federal Contract Tower,0,0,12,2,14,0,0,70,2,72,0,0,82,4,86,62,4,66,152
11/17/2021,SSF,TX,ASW,CE,Federal Contract Tower,0,0,10,8,18,0,4,85,1,90,0,4,95,9,108,206,0,206,314
11/18/2021,SSF,TX,ASW,CE,Federal Contract Tower,0,0,10,6,16,0,6,57,6,69,0,6,67,12,85,98,0,98,183
11/19/2021,SSF,TX,ASW,CE,Federal Contract Tower,0,0,8,15,23,0,6,106,2,114,0,6,114,17,137,224,0,224,361
11/20/2021,SSF,TX,ASW,CE,Federal Contract Tower,0,0,20,14,34,0,2,55,0,57,0,2,75,14,91,172,0,172,263
11/21/2021,SSF,TX,ASW,CE,Federal Contract Tower,0,0,17,0,17,0,15,45,0,60,0,15,62,0,77,160,0,160,237
11/22/2021,SSF,TX,ASW,CE,Federal Contract Tower,0,1,10,16,27,0,0,94,0,94,0,1,104,16,121,90,0,90,211
11/23/2021,SSF,TX,ASW,CE,Federal Contract Tower,0,0,12,23,35,0,6,106,0,112,0,6,118,23,147,198,0,198,345
11/24/2021,SSF,TX,ASW,CE,Federal Contract Tower,0,0,25,18,43,0,2,58,0,60,0,2,83,18,103,124,0,124,227
11/25/2021,SSF,TX,ASW,CE,Federal Contract Tower,0,0,0,0,0,0,1,14,0,15,0,1,14,0,15,0,0,0,15
11/26/2021,SSF,TX,ASW,CE,Federal Contract Tower,0,0,5,2,7,0,2,81,0,83,0,2,86,2,90,162,0,162,252
11/27/2021,SSF,TX,ASW,CE,Federal Contract Tower,0,0,6,0,6,0,0,6,0,6,0,0,12,0,12,2,0,2,14
11/28/2021,SSF,TX,ASW,CE,Federal Contract Tower,0,0,3,0,3,0,12,86,0,98,0,12,89,0,101,162,0,162,263
11/29/2021,SSF,TX,ASW,CE,Federal Contract Tower,0,0,5,18,23,0,1,84,0,85,0,1,89,18,108,202,0,202,310
11/30/2021,SSF,TX,ASW,CE,Federal Contract Tower,0,2,11,22,35,0,3,127,4,134,0,5,138,26,169,226,0,226,395
12/01/2021,SSF,TX,ASW,CE,Federal Contract Tower,0,0,15,14,29,0,0,87,1,88,0,0,102,15,117,192,0,192,309
12/02/2021,SSF,TX,ASW,CE,Federal Contract Tower,0,0,20,4,24,0,5,41,3,49,0,5,61,7,73,118,22,140,213
12/03/2021,SSF,TX,ASW,CE,Federal Contract Tower,0,0,16,6,22,0,6,51,1,58,0,6,67,7,80,112,0,112,192
12/04/2021,SSF,TX,ASW,CE,Federal Contract Tower,0,0,25,0,25,0,6,52,0,58,0,6,77,0,83,118,0,118,201
12/05/2021,SSF,TX,ASW,CE,Federal Contract Tower,0,0,24,5,29,0,2,23,0,25,0,2,47,5,54,72,0,72,126
12/06/2021,SSF,TX,ASW,CE,Federal Contract Tower,0,0,19,16,35,0,0,54,0,54,0,0,73,16,89,48,0,48,137
12/07/2021,SSF,TX,ASW,CE,Federal Contract Tower,0,0,5,15,20,0,2,131,0,133,0,2,136,15,153,132,0,132,285
12/08/2021,SSF,TX,ASW,CE,Federal Contract Tower,0,1,11,11,23,0,5,114,1,120,0,6,125,12,143,198,0,198,341
12/09/2021,SSF,TX,ASW,CE,Federal Contract Tower,0,0,12,10,22,0,6,51,0,57,0,6,63,10,79,104,0,104,183
12/10/2021,SSF,TX,ASW,CE,Federal Contract Tower,0,0,11,16,27,0,8,44,5,57,0,8,55,21,84,88,36,124,208
12/11/2021,SSF,TX,ASW,CE,Federal Contract Tower,0,0,4,4,8,0,15,32,0,47,0,15,36,4,55,34,0,34,89
12/12/2021,SSF,TX,ASW,CE,Federal Contract Tower,0,0,6,4,10,0,9,82,0,91,0,9,88,4,101,82,0,82,183
12/13/2021,SSF,TX,ASW,CE,Federal Contract Tower,0,0,17,15,32,0,7,41,1,49,0,7,58,16,81,176,0,176,257
12/14/2021,SSF,TX,ASW,CE,Federal Contract Tower,0,0,14,16,30,0,0,29,3,32,0,0,43,19,62,74,10,84,146
12/15/2021,SSF,TX,ASW,CE,Federal Contract Tower,0,0,20,23,43,0,13,60,1,74,0,13,80,24,117,100,0,100,217
12/16/2021,SSF,TX,ASW,CE,Federal Contract Tower,0,0,16,12,28,0,2,65,0,67,0,2,81,12,95,178,0,178,273
12/17/2021,SSF,TX,ASW,CE,Federal Contract Tower,0,0,30,6,36,0,14,63,0,77,0,14,93,6,113,52,0,52,165
12/18/2021,SSF,TX,ASW,CE,Federal Contract Tower,0,0,3,0,3,0,11,6,0,17,0,11,9,0,20,28,0,28,48
12/19/2021,SSF,TX,ASW,CE,Federal Contract Tower,0,0,1,0,1,0,12,51,0,63,0,12,52,0,64,48,0,48,112
12/20/2021,SSF,TX,ASW,CE,Federal Contract Tower,0,0,8,4,12,0,1,111,0,112,0,1,119,4,124,166,0,166,290
12/21/2021,SSF,TX,ASW,CE,Federal Contract Tower,0,0,8,20,28,0,7,132,0,139,0,7,140,20,167,128,0,128,295
12/22/2021,SSF,TX,ASW,CE,Federal Contract Tower,0,1,5,27,33,0,19,115,0,134,0,20,120,27,167,100,0,100,267
12/23/2021,SSF,TX,ASW,CE,Federal Contract Tower,0,0,7,0,7,0,2,35,0,37,0,2,42,0,44,90,0,90,134
12/24/2021,SSF,TX,ASW,CE,Federal Contract Tower,0,0,4,0,4,0,0,28,0,28,0,0,32,0,32,50,0,50,82
12/25/2021,SSF,TX,ASW,CE,Federal Contract Tower,0,0,5,0,5,0,0,28,0,28,0,0,33,0,33,4,0,4,37
12/26/2021,SSF,TX,ASW,CE,Federal Contract Tower,0,0,1,0,1,0,1,20,0,21,0,1,21,0,22,8,0,8,30
12/27/2021,SSF,TX,ASW,CE,Federal Contract Tower,0,0,6,2,8,0,0,75,0,75,0,0,81,2,83,100,0,100,183
12/28/2021,SSF,TX,ASW,CE,Federal Contract Tower,0,0,18,0,18,0,2,54,0,56,0,2,72,0,74,198,0,198,272
12/29/2021,SSF,TX,ASW,CE,Federal Contract Tower,0,0,9,1,10,0,9,63,1,73,0,9,72,2,83,76,0,76,159
12/30/2021,SSF,TX,ASW,CE,Federal Contract Tower,0,0,9,0,9,0,14,79,0,93,0,14,88,0,102,116,0,116,218
12/31/2021,SSF,TX,ASW,CE,Federal Contract Tower,0,0,4,0,4,0,1,25,0,26,0,1,29,0,30,22,0,22,52
01/01/2022,SSF,TX,ASW,CE,Federal Contract Tower,0,0,3,0,3,0,3,54,0,57,0,3,57,0,60,58,0,58,118
01/02/2022,SSF,TX,ASW,CE,Federal Contract Tower,0,0,6,0,6,0,6,27,0,33,0,6,33,0,39,24,0,24,63
01/03/2022,SSF,TX,ASW,CE,Federal Contract Tower,0,0,0,0,0,0,7,104,0,111,0,7,104,0,111,148,0,148,259
01/04/2022,SSF,TX,ASW,CE,Federal Contract Tower,0,0,5,2,7,0,1,72,1,74,0,1,77,3,81,42,0,42,123
01/05/2022,SSF,TX,ASW,CE,Federal Contract Tower,0,0,12,11,23,0,6,97,4,107,0,6,109,15,130,206,0,206,336
01/06/2022,SSF,TX,ASW,CE,Federal Contract Tower,0,0,4,8,12,0,0,90,2,92,0,0,94,10,104,126,4,130,234
01/07/2022,SSF,TX,ASW,CE,Federal Contract Tower,0,0,18,10,28,0,6,37,2,45,0,6,55,12,73,120,0,120,193
01/08/2022,SSF,TX,ASW,CE,Federal Contract Tower,0,0,0,0,0,0,0,0,0,0,0,0,0,0,0,0,0,0,0
01/09/2022,SSF,TX,ASW,CE,Federal Contract Tower,0,0,4,8,12,0,5,57,0,62,0,5,61,8,74,146,8,154,228
01/10/2022,SSF,TX,ASW,CE,Federal Contract Tower,0,0,8,18,26,0,4,76,0,80,0,4,84,18,106,84,0,84,190
01/11/2022,SSF,TX,ASW,CE,Federal Contract Tower,0,0,11,18,29,0,5,81,4,90,0,5,92,22,119,130,6,136,255
01/12/2022,SSF,TX,ASW,CE,Federal Contract Tower,0,0,2,22,24,0,4,95,0,99,0,4,97,22,123,244,0,244,367
01/13/2022,SSF,TX,ASW,CE,Federal Contract Tower,0,0,13,24,37,0,2,131,0,133,0,2,144,24,170,256,2,258,428
01/14/2022,SSF,TX,ASW,CE,Federal Contract Tower,0,0,11,12,23,0,4,127,0,131,0,4,138,12,154,172,4,176,330
01/15/2022,SSF,TX,ASW,CE,Federal Contract Tower,0,0,0,0,0,0,2,12,0,14,0,2,12,0,14,0,0,0,14
01/16/2022,SSF,TX,ASW,CE,Federal Contract Tower,0,0,1,0,1,0,10,83,0,93,0,10,84,0,94,88,0,88,182
01/17/2022,SSF,TX,ASW,CE,Federal Contract Tower,0,0,1,4,5,0,3,120,0,123,0,3,121,4,128,168,0,168,296
01/18/2022,SSF,TX,ASW,CE,Federal Contract Tower,0,0,1,10,11,0,3,99,2,104,0,3,100,12,115,130,0,130,245
01/19/2022,SSF,TX,ASW,CE,Federal Contract Tower,0,0,11,18,29,0,1,58,0,59,0,1,69,18,88,160,0,160,248
01/20/2022,SSF,TX,ASW,CE,Federal Contract Tower,0,0,1,17,18,0,0,17,0,17,0,0,18,17,35,54,0,54,89
01/21/2022,SSF,TX,ASW,CE,Federal Contract Tower,0,0,6,16,22,0,3,87,2,92,0,3,93,18,114,182,0,182,296
01/22/2022,SSF,TX,ASW,CE,Federal Contract Tower,0,0,17,13,30,0,8,71,1,80,0,8,88,14,110,142,0,142,252
01/23/2022,SSF,TX,ASW,CE,Federal Contract Tower,0,0,14,2,16,0,0,73,3,76,0,0,87,5,92,156,0,156,248
01/24/2022,SSF,TX,ASW,CE,Federal Contract Tower,0,1,6,16,23,0,0,15,0,15,0,1,21,16,38,22,0,22,60
01/25/2022,SSF,TX,ASW,CE,Federal Contract Tower,0,0,12,8,20,0,3,63,0,66,0,3,75,8,86,160,0,160,246
01/26/2022,SSF,TX,ASW,CE,Federal Contract Tower,0,0,17,10,27,0,6,87,0,93,0,6,104,10,120,260,0,260,380
01/27/2022,SSF,TX,ASW,CE,Federal Contract Tower,0,0,9,12,21,0,1,123,0,124,0,1,132,12,145,230,0,230,375
01/28/2022,SSF,TX,ASW,CE,Federal Contract Tower,0,0,4,28,32,0,10,89,0,99,0,10,93,28,131,122,0,122,253
01/29/2022,SSF,TX,ASW,CE,Federal Contract Tower,0,0,2,4,6,0,16,88,1,105,0,16,90,5,111,134,0,134,245
01/30/2022,SSF,TX,ASW,CE,Federal Contract Tower,0,0,6,0,6,0,3,97,2,102,0,3,103,2,108,130,0,130,238
01/31/2022,SSF,TX,ASW,CE,Federal Contract Tower,0,0,11,0,11,0,0,4,0,4,0,0,15,0,15,8,0,8,23
02/01/2022,SSF,TX,ASW,CE,Federal Contract Tower,0,0,9,11,20,0,5,97,4,106,0,5,106,15,126,220,6,226,352
02/02/2022,SSF,TX,ASW,CE,Federal Contract Tower,0,0,4,0,4,0,0,0,0,0,0,0,4,0,4,0,0,0,4
02/03/2022,SSF,TX,ASW,CE,Federal Contract Tower,0,0,0,0,0,0,0,9,0,9,0,0,9,0,9,0,0,0,9
02/04/2022,SSF,TX,ASW,CE,Federal Contract Tower,0,0,5,0,5,0,5,34,0,39,0,5,39,0,44,32,0,32,76
02/05/2022,SSF,TX,ASW,CE,Federal Contract Tower,0,1,6,0,7,0,8,104,8,120,0,9,110,8,127,160,0,160,287
02/06/2022,SSF,TX,ASW,CE,Federal Contract Tower,0,0,3,0,3,0,6,70,2,78,0,6,73,2,81,126,0,126,207
02/07/2022,SSF,TX,ASW,CE,Federal Contract Tower,0,0,4,11,15,0,3,103,2,108,0,3,107,13,123,62,0,62,185
02/08/2022,SSF,TX,ASW,CE,Federal Contract Tower,0,0,7,10,17,0,0,107,1,108,0,0,114,11,125,248,0,248,373
02/09/2022,SSF,TX,ASW,CE,Federal Contract Tower,0,2,8,16,26,0,2,125,0,127,0,4,133,16,153,188,0,188,341
02/10/2022,SSF,TX,ASW,CE,Federal Contract Tower,0,2,11,18,31,0,6,115,4,125,0,8,126,22,156,206,0,206,362
02/11/2022,SSF,TX,ASW,CE,Federal Contract Tower,0,3,7,8,18,0,3,87,1,91,0,6,94,9,109,130,0,130,239
02/12/2022,SSF,TX,ASW,CE,Federal Contract Tower,0,0,6,8,14,0,27,15,0,42,0,27,21,8,56,12,0,12,68
02/13/2022,SSF,TX,ASW,CE,Federal Contract Tower,0,0,3,8,11,0,29,77,3,109,0,29,80,11,120,214,0,214,334
02/14/2022,SSF,TX,ASW,CE,Federal Contract Tower,0,0,7,17,24,0,36,95,3,134,0,36,102,20,158,196,0,196,354
02/15/2022,SSF,TX,ASW,CE,Federal Contract Tower,0,0,10,23,33,0,5,103,3,111,0,5,113,26,144,266,4,270,414
02/16/2022,SSF,TX,ASW,CE,Federal Contract Tower,0,0,20,13,33,0,0,62,2,64,0,0,82,15,97,180,22,202,299
02/17/2022,SSF,TX,ASW,CE,Federal Contract Tower,0,0,4,6,10,0,5,65,6,76,0,5,69,12,86,74,22,96,182
02/18/2022,SSF,TX,ASW,CE,Federal Contract Tower,0,0,14,16,30,0,22,106,3,131,0,22,120,19,161,164,0,164,325
02/19/2022,SSF,TX,ASW,CE,Federal Contract Tower,0,1,6,0,7,0,13,113,4,130,0,14,119,4,137,200,16,216,353
02/20/2022,SSF,TX,ASW,CE,Federal Contract Tower,0,0,9,0,9,0,13,65,2,80,0,13,74,2,89,158,0,158,247
02/21/2022,SSF,TX,ASW,CE,Federal Contract Tower,0,0,16,0,16,0,4,66,4,74,0,4,82,4,90,52,0,52,142
02/22/2022,SSF,TX,ASW,CE,Federal Contract Tower,0,0,26,16,42,0,8,82,4,94,0,8,108,20,136,174,0,174,310
02/23/2022,SSF,TX,ASW,CE,Federal Contract Tower,0,0,7,0,7,0,3,13,0,16,0,3,20,0,23,22,0,22,45
02/24/2022,SSF,TX,ASW,CE,Federal Contract Tower,0,0,3,12,15,0,0,2,0,2,0,0,5,12,17,0,0,0,17
02/25/2022,SSF,TX,ASW,CE,Federal Contract Tower,0,0,6,10,16,0,6,36,0,42,0,6,42,10,58,140,0,140,198
02/26/2022,SSF,TX,ASW,CE,Federal Contract Tower,0,0,0,2,2,0,0,0,0,0,0,0,0,2,2,0,0,0,2
02/27/2022,SSF,TX,ASW,CE,Federal Contract Tower,0,0,8,4,12,0,9,81,0,90,0,9,89,4,102,90,0,90,192
02/28/2022,SSF,TX,ASW,CE,Federal Contract Tower,0,0,2,19,21,0,1,112,3,116,0,1,114,22,137,188,0,188,325
03/01/2022,SSF,TX,ASW,CE,Federal Contract Tower,0,0,8,18,26,0,0,89,0,89,0,0,97,18,115,110,0,110,225
03/02/2022,SSF,TX,ASW,CE,Federal Contract Tower,0,0,10,16,26,0,4,119,1,124,0,4,129,17,150,160,0,160,310
03/03/2022,SSF,TX,ASW,CE,Federal Contract Tower,0,1,27,14,42,0,3,101,1,105,0,4,128,15,147,274,0,274,421
03/04/2022,SSF,TX,ASW,CE,Federal Contract Tower,0,1,13,4,18,0,2,60,0,62,0,3,73,4,80,122,0,122,202
03/05/2022,SSF,TX,ASW,CE,Federal Contract Tower,0,0,12,0,12,0,15,53,20,88,0,15,65,20,100,180,4,184,284
03/06/2022,SSF,TX,ASW,CE,Federal Contract Tower,0,0,6,0,6,0,0,14,2,16,0,0,20,2,22,46,0,46,68
03/07/2022,SSF,TX,ASW,CE,Federal Contract Tower,0,0,6,25,31,0,0,36,3,39,0,0,42,28,70,64,0,64,134
03/08/2022,SSF,TX,ASW,CE,Federal Contract Tower,0,0,7,24,31,0,2,63,0,65,0,2,70,24,96,100,0,100,196
03/09/2022,SSF,TX,ASW,CE,Federal Contract Tower,0,0,9,24,33,0,0,124,4,128,0,0,133,28,161,216,0,216,377
03/10/2022,SSF,TX,ASW,CE,Federal Contract Tower,0,0,3,27,30,0,0,131,4,135,0,0,134,31,165,182,2,184,349
03/11/2022,SSF,TX,ASW,CE,Federal Contract Tower,0,0,7,15,22,0,5,16,7,28,0,5,23,22,50,14,20,34,84
03/12/2022,SSF,TX,ASW,CE,Federal Contract Tower,0,0,4,2,6,0,12,102,6,120,0,12,106,8,126,154,0,154,280
03/13/2022,SSF,TX,ASW,CE,Federal Contract Tower,0,0,9,2,11,0,21,60,1,82,0,21,69,3,93,128,10,138,231
03/14/2022,SSF,TX,ASW,CE,Federal Contract Tower,0,0,6,26,32,0,5,64,0,69,0,5,70,26,101,48,0,48,149
03/15/2022,SSF,TX,ASW,CE,Federal Contract Tower,0,0,3,14,17,0,7,106,1,114,0,7,109,15,131,180,0,180,311
03/16/2022,SSF,TX,ASW,CE,Federal Contract Tower,0,0,5,16,21,0,12,110,2,124,0,12,115,18,145,124,10,134,279
03/17/2022,SSF,TX,ASW,CE,Federal Contract Tower,0,0,10,26,36,0,10,46,0,56,0,10,56,26,92,176,0,176,268
03/18/2022,SSF,TX,ASW,CE,Federal Contract Tower,0,0,3,12,15,0,9,89,0,98,0,9,92,12,113,110,0,110,223
03/19/2022,SSF,TX,ASW,CE,Federal Contract Tower,0,0,5,0,5,0,26,93,0,119,0,26,98,0,124,234,0,234,358
03/20/2022,SSF,TX,ASW,CE,Federal Contract Tower,0,0,2,2,4,0,16,72,0,88,0,16,74,2,92,198,0,198,290
03/21/2022,SSF,TX,ASW,CE,Federal Contract Tower,0,0,1,0,1,0,4,12,0,16,0,4,13,0,17,12,0,12,29
03/22/2022,SSF,TX,ASW,CE,Federal Contract Tower,0,2,8,28,38,0,2,81,0,83,0,4,89,28,121,102,0,102,223
03/23/2022,SSF,TX,ASW,CE,Federal Contract Tower,0,0,6,27,33,0,2,99,2,103,0,2,105,29,136,212,0,212,348
03/24/2022,SSF,TX,ASW,CE,Federal Contract Tower,0,2,9,16,27,0,1,109,2,112,0,3,118,18,139,178,0,178,317
03/25/2022,SSF,TX,ASW,CE,Federal Contract Tower,0,0,10,2,12,0,3,125,3,131,0,3,135,5,143,248,0,248,391
03/26/2022,SSF,TX,ASW,CE,Federal Contract Tower,0,0,9,18,27,0,4,66,6,76,0,4,75,24,103,180,6,186,289
03/27/2022,SSF,TX,ASW,CE,Federal Contract Tower,0,0,7,0,7,0,3,104,2,109,0,3,111,2,116,172,10,182,298
03/28/2022,SSF,TX,ASW,CE,Federal Contract Tower,0,2,4,22,28,0,6,79,0,85,0,8,83,22,113,160,0,160,273
03/29/2022,SSF,TX,ASW,CE,Federal Contract Tower,0,2,16,20,38,0,2,51,0,53,0,4,67,20,91,98,0,98,189
03/30/2022,SSF,TX,ASW,CE,Federal Contract Tower,0,0,8,5,13,0,3,59,5,67,0,3,67,10,80,62,8,70,150
03/31/2022,SSF,TX,ASW,CE,Federal Contract Tower,0,2,4,10,16,0,8,144,3,155,0,10,148,13,171,324,0,324,495
04/01/2022,SSF,TX,ASW,CE,Federal Contract Tower,0,0,7,33,40,0,7,108,1,116,0,7,115,34,156,232,0,232,388
04/02/2022,SSF,TX,ASW,CE,Federal Contract Tower,0,0,10,2,12,0,20,83,3,106,0,20,93,5,118,132,0,132,250
04/03/2022,SSF,TX,ASW,CE,Federal Contract Tower,0,0,6,4,10,0,4,74,0,78,0,4,80,4,88,112,0,112,200
04/04/2022,SSF,TX,ASW,CE,Federal Contract Tower,0,0,17,27,44,0,0,38,1,39,0,0,55,28,83,80,0,80,163
04/05/2022,SSF,TX,ASW,CE,Federal Contract Tower,0,0,11,38,49,0,1,86,4,91,0,1,97,42,140,90,8,98,238
04/06/2022,SSF,TX,ASW,CE,Federal Contract Tower,0,0,10,16,26,0,3,43,0,46,0,3,53,16,72,56,0,56,128
04/07/2022,SSF,TX,ASW,CE,Federal Contract Tower,0,0,9,31,40,0,2,123,6,131,0,2,132,37,171,138,0,138,309
04/08/2022,SSF,TX,ASW,CE,Federal Contract Tower,0,0,6,20,26,0,12,119,2,133,0,12,125,22,159,230,0,230,389
04/09/2022,SSF,TX,ASW,CE,Federal Contract Tower,0,0,3,0,3,0,10,97,4,111,0,10,100,4,114,102,0,102,216
04/10/2022,SSF,TX,ASW,CE,Federal Contract Tower,0,0,5,1,6,0,2,55,0,57,0,2,60,1,63,106,0,106,169
04/11/2022,SSF,TX,ASW,CE,Federal Contract Tower,0,0,16,22,38,0,2,68,3,73,0,2,84,25,111,258,6,264,375
04/12/2022,SSF,TX,ASW,CE,Federal Contract Tower,0,0,10,18,28,0,1,67,2,70,0,1,77,20,98,180,0,180,278
04/13/2022,SSF,TX,ASW,CE,Federal Contract Tower,0,0,12,16,28,0,6,66,2,74,0,6,78,18,102,74,0,74,176
04/14/2022,SSF,TX,ASW,CE,Federal Contract Tower,0,0,11,28,39,0,2,119,4,125,0,2,130,32,164,220,6,226,390
04/15/2022,SSF,TX,ASW,CE,Federal Contract Tower,0,0,14,19,33,0,16,39,4,59,0,16,53,23,92,142,10,152,244
04/16/2022,SSF,TX,ASW,CE,Federal Contract Tower,0,0,14,0,14,0,10,61,0,71,0,10,75,0,85,198,0,198,283
04/17/2022,SSF,TX,ASW,CE,Federal Contract Tower,0,0,12,4,16,0,1,16,2,19,0,1,28,6,35,6,4,10,45
04/18/2022,SSF,TX,ASW,CE,Federal Contract Tower,0,0,6,24,30,0,8,99,1,108,0,8,105,25,138,254,8,262,400
04/19/2022,SSF,TX,ASW,CE,Federal Contract Tower,0,1,26,8,35,0,2,45,0,47,0,3,71,8,82,208,0,208,290
04/20/2022,SSF,TX,ASW,CE,Federal Contract Tower,0,0,27,6,33,0,6,76,0,82,0,6,103,6,115,166,4,170,285
04/21/2022,SSF,TX,ASW,CE,Federal Contract Tower,0,1,18,8,27,0,0,54,0,54,0,1,72,8,81,80,0,80,161
04/22/2022,SSF,TX,ASW,CE,Federal Contract Tower,0,0,10,0,10,0,10,63,0,73,0,10,73,0,83,68,0,68,151
04/23/2022,SSF,TX,ASW,CE,Federal Contract Tower,0,0,4,0,4,0,2,33,0,35,0,2,37,0,39,46,0,46,85
04/24/2022,SSF,TX,ASW,CE,Federal Contract Tower,0,1,5,0,6,0,13,43,3,59,0,14,48,3,65,42,0,42,107
04/25/2022,SSF,TX,ASW,CE,Federal Contract Tower,0,0,1,0,1,0,0,18,0,18,0,0,19,0,19,2,0,2,21
04/26/2022,SSF,TX,ASW,CE,Federal Contract Tower,0,0,11,8,19,0,1,111,1,113,0,1,122,9,132,118,0,118,250
04/27/2022,SSF,TX,ASW,CE,Federal Contract Tower,0,0,11,13,24,0,0,133,2,135,0,0,144,15,159,256,0,256,415
04/28/2022,SSF,TX,ASW,CE,Federal Contract Tower,0,0,14,25,39,0,2,90,0,92,0,2,104,25,131,76,0,76,207
04/29/2022,SSF,TX,ASW,CE,Federal Contract Tower,0,0,7,18,25,0,8,59,0,67,0,8,66,18,92,146,0,146,238
04/30/2022,SSF,TX,ASW,CE,Federal Contract Tower,0,2,13,0,15,0,6,43,0,49,0,8,56,0,64,100,0,100,164
05/01/2022,SSF,TX,ASW,CE,Federal Contract Tower,0,1,8,1,10,0,14,46,3,63,0,15,54,4,73,60,0,60,133
05/02/2022,SSF,TX,ASW,CE,Federal Contract Tower,0,0,16,18,34,0,2,50,0,52,0,2,66,18,86,74,0,74,160
05/03/2022,SSF,TX,ASW,CE,Federal Contract Tower,0,0,9,25,34,0,2,106,2,110,0,2,115,27,144,303,0,303,447
05/04/2022,SSF,TX,ASW,CE,Federal Contract Tower,0,0,25,2,27,0,7,60,0,67,0,7,85,2,94,0,0,0,94
05/05/2022,SSF,TX,ASW,CE,Federal Contract Tower,0,0,14,16,30,0,2,49,0,51,0,2,63,16,81,68,0,68,149
05/06/2022,SSF,TX,ASW,CE,Federal Contract Tower,0,2,19,16,37,0,6,124,1,131,0,8,143,17,168,115,12,127,295
05/07/2022,SSF,TX,ASW,CE,Federal Contract Tower,0,0,12,0,12,0,16,117,17,150,0,16,129,17,162,96,0,96,258
05/08/2022,SSF,TX,ASW,CE,Federal Contract Tower,0,0,7,0,7,0,12,43,0,55,0,12,50,0,62,74,0,74,136
05/09/2022,SSF,TX,ASW,CE,Federal Contract Tower,0,0,12,14,26,0,2,77,0,79,0,2,89,14,105,44,0,44,149
05/10/2022,SSF,TX,ASW,CE,Federal Contract Tower,0,0,14,24,38,0,0,88,1,89,0,0,102,25,127,150,0,150,277
05/11/2022,SSF,TX,ASW,CE,Federal Contract Tower,0,0,14,23,37,0,1,90,0,91,0,1,104,23,128,134,0,134,262
05/12/2022,SSF,TX,ASW,CE,Federal Contract Tower,0,0,21,14,35,0,0,86,2,88,0,0,107,16,123,120,0,120,243
05/13/2022,SSF,TX,ASW,CE,Federal Contract Tower,0,2,5,18,25,0,4,96,0,100,0,6,101,18,125,120,0,120,245
05/14/2022,SSF,TX,ASW,CE,Federal Contract Tower,0,0,7,0,7,0,18,61,2,81,0,18,68,2,88,66,0,66,154
05/15/2022,SSF,TX,ASW,CE,Federal Contract Tower,0,2,7,0,9,0,5,74,0,79,0,7,81,0,88,99,0,99,187
05/16/2022,SSF,TX,ASW,CE,Federal Contract Tower,0,0,19,16,35,0,2,98,5,105,0,2,117,21,140,144,0,144,284
05/17/2022,SSF,TX,ASW,CE,Federal Contract Tower,0,0,5,14,19,0,4,114,2,120,0,4,119,16,139,104,16,120,259
05/18/2022,SSF,TX,ASW,CE,Federal Contract Tower,0,0,12,26,38,0,3,83,1,87,0,3,95,27,125,116,0,116,241
05/19/2022,SSF,TX,ASW,CE,Federal Contract Tower,0,0,7,24,31,0,0,90,0,90,0,0,97,24,121,96,0,96,217
05/20/2022,SSF,TX,ASW,CE,Federal Contract Tower,0,0,9,14,23,0,7,60,0,67,0,7,69,14,90,70,0,70,160
05/21/2022,SSF,TX,ASW,CE,Federal Contract Tower,0,0,5,0,5,0,9,54,0,63,0,9,59,0,68,134,0,134,202
05/22/2022,SSF,TX,ASW,CE,Federal Contract Tower,0,0,2,4,6,0,0,50,0,50,0,0,52,4,56,80,0,80,136
05/23/2022,SSF,TX,ASW,CE,Federal Contract Tower,0,0,9,16,25,0,0,22,0,22,0,0,31,16,47,28,0,28,75
05/24/2022,SSF,TX,ASW,CE,Federal Contract Tower,0,0,4,10,14,0,2,72,0,74,0,2,76,10,88,74,0,74,162
05/25/2022,SSF,TX,ASW,CE,Federal Contract Tower,0,0,4,10,14,0,1,97,1,99,0,1,101,11,113,212,0,212,325
05/26/2022,SSF,TX,ASW,CE,Federal Contract Tower,0,0,0,18,18,0,2,123,1,126,0,2,123,19,144,222,0,222,366
05/27/2022,SSF,TX,ASW,CE,Federal Contract Tower,0,0,11,2,13,0,4,83,0,87,0,4,94,2,100,180,0,180,280
05/28/2022,SSF,TX,ASW,CE,Federal Contract Tower,0,0,6,1,7,0,16,54,1,71,0,16,60,2,78,66,0,66,144
05/29/2022,SSF,TX,ASW,CE,Federal Contract Tower,0,0,3,0,3,0,6,19,0,25,0,6,22,0,28,6,0,6,34
05/30/2022,SSF,TX,ASW,CE,Federal Contract Tower,0,0,6,0,6,0,0,33,0,33,0,0,39,0,39,44,0,44,83
05/31/2022,SSF,TX,ASW,CE,Federal Contract Tower,0,0,5,29,34,0,3,57,0,60,0,3,62,29,94,70,0,70,164
06/01/2022,SSF,TX,ASW,CE,Federal Contract Tower,0,0,13,6,19,0,0,102,0,102,0,0,115,6,121,222,0,222,343
06/02/2022,SSF,TX,ASW,CE,Federal Contract Tower,0,0,4,6,10,0,1,87,0,88,0,1,91,6,98,254,0,254,352
06/03/2022,SSF,TX,ASW,CE,Federal Contract Tower,0,2,7,10,19,0,8,128,2,138,0,10,135,12,157,320,0,320,477
06/04/2022,SSF,TX,ASW,CE,Federal Contract Tower,0,0,6,0,6,0,9,111,6,126,0,9,117,6,132,232,4,236,368
06/05/2022,SSF,TX,ASW,CE,Federal Contract Tower,0,0,2,0,2,0,4,81,0,85,0,4,83,0,87,154,0,154,241
06/06/2022,SSF,TX,ASW,CE,Federal Contract Tower,0,0,2,6,8,0,9,74,0,83,0,9,76,6,91,68,0,68,159
06/07/2022,SSF,TX,ASW,CE,Federal Contract Tower,0,0,2,24,26,0,5,82,0,87,0,5,84,24,113,106,0,106,219
06/08/2022,SSF,TX,ASW,CE,Federal Contract Tower,0,0,3,21,24,0,0,96,0,96,0,0,99,21,120,134,0,134,254
06/09/2022,SSF,TX,ASW,CE,Federal Contract Tower,0,2,7,14,23,0,10,96,0,106,0,12,103,14,129,238,2,240,369
06/10/2022,SSF,TX,ASW,CE,Federal Contract Tower,0,0,10,12,22,0,11,77,2,90,0,11,87,14,112,202,0,202,314
06/11/2022,SSF,TX,ASW,CE,Federal Contract Tower,0,0,5,0,5,0,7,59,6,72,0,7,64,6,77,72,0,72,149
06/12/2022,SSF,TX,ASW,CE,Federal Contract Tower,0,0,7,0,7,0,2,52,0,54,0,2,59,0,61,46,0,46,107
06/13/2022,SSF,TX,ASW,CE,Federal Contract Tower,0,0,2,20,22,0,0,62,0,62,0,0,64,20,84,40,0,40,124
06/14/2022,SSF,TX,ASW,CE,Federal Contract Tower,0,0,6,22,28,0,0,34,0,34,0,0,40,22,62,80,0,80,142
06/15/2022,SSF,TX,ASW,CE,Federal Contract Tower,0,0,2,34,36,0,4,65,0,69,0,4,67,34,105,158,0,158,263
06/16/2022,SSF,TX,ASW,CE,Federal Contract Tower,0,0,10,12,22,0,5,95,0,100,0,5,105,12,122,68,0,68,190
06/17/2022,SSF,TX,ASW,CE,Federal Contract Tower,0,0,11,12,23,0,7,69,0,76,0,7,80,12,99,94,0,94,193
06/18/2022,SSF,TX,ASW,CE,Federal Contract Tower,0,0,11,1,12,0,10,103,4,117,0,10,114,5,129,234,0,234,363
06/19/2022,SSF,TX,ASW,CE,Federal Contract Tower,0,0,8,0,8,0,0,45,4,49,0,0,53,4,57,64,18,82,139
06/20/2022,SSF,TX,ASW,CE,Federal Contract Tower,0,0,16,0,16,0,11,82,1,94,0,11,98,1,110,126,0,126,236
06/21/2022,SSF,TX,ASW,CE,Federal Contract Tower,0,2,9,24,35,0,2,103,2,107,0,4,112,26,142,178,0,178,320
06/22/2022,SSF,TX,ASW,CE,Federal Contract Tower,0,0,7,18,25,0,10,90,0,100,0,10,97,18,125,166,0,166,291
06/23/2022,SSF,TX,ASW,CE,Federal Contract Tower,0,0,8,18,26,0,0,98,0,98,0,0,106,18,124,202,0,202,326
06/24/2022,SSF,TX,ASW,CE,Federal Contract Tower,0,0,3,20,23,0,7,78,0,85,0,7,81,20,108,130,0,130,238
06/25/2022,SSF,TX,ASW,CE,Federal Contract Tower,0,0,11,1,12,0,6,64,1,71,0,6,75,2,83,90,0,90,173
06/26/2022,SSF,TX,ASW,CE,Federal Contract Tower,0,0,4,4,8,0,0,46,1,47,0,0,50,5,55,214,0,214,269
06/27/2022,SSF,TX,ASW,CE,Federal Contract Tower,0,0,6,14,20,0,2,43,0,45,0,2,49,14,65,108,0,108,173
06/28/2022,SSF,TX,ASW,CE,Federal Contract Tower,0,0,4,10,14,0,2,44,0,46,0,2,48,10,60,26,0,26,86
06/29/2022,SSF,TX,ASW,CE,Federal Contract Tower,0,0,1,24,25,0,2,93,0,95,0,2,94,24,120,196,0,196,316
06/30/2022,SSF,TX,ASW,CE,Federal Contract Tower,0,0,9,10,19,0,2,91,0,93,0,2,100,10,112,232,0,232,344
07/01/2022,SSF,TX,ASW,CE,Federal Contract Tower,0,0,13,0,13,0,0,86,0,86,0,0,99,0,99,180,0,180,279
07/02/2022,SSF,TX,ASW,CE,Federal Contract Tower,0,0,7,0,7,0,1,77,7,85,0,1,84,7,92,152,0,152,244
07/03/2022,SSF,TX,ASW,CE,Federal Contract Tower,0,0,13,0,13,0,0,63,0,63,0,0,76,0,76,96,0,96,172
07/04/2022,SSF,TX,ASW,CE,Federal Contract Tower,0,0,12,0,12,0,0,41,0,41,0,0,53,0,53,12,0,12,65
07/05/2022,SSF,TX,ASW,CE,Federal Contract Tower,0,0,9,20,29,0,0,74,1,75,0,0,83,21,104,140,0,140,244
07/06/2022,SSF,TX,ASW,CE,Federal Contract Tower,0,0,4,18,22,0,2,92,2,96,0,2,96,20,118,118,0,118,236
07/07/2022,SSF,TX,ASW,CE,Federal Contract Tower,0,0,9,16,25,0,0,97,4,101,0,0,106,20,126,240,0,240,366
07/08/2022,SSF,TX,ASW,CE,Federal Contract Tower,0,0,2,11,13,0,0,96,2,98,0,0,98,13,111,150,0,150,261
07/09/2022,SSF,TX,ASW,CE,Federal Contract Tower,0,0,5,2,7,0,4,71,0,75,0,4,76,2,82,124,0,124,206
07/10/2022,SSF,TX,ASW,CE,Federal Contract Tower,0,0,2,2,4,0,0,53,0,53,0,0,55,2,57,70,0,70,127
07/11/2022,SSF,TX,ASW,CE,Federal Contract Tower,0,0,3,18,21,0,2,86,0,88,0,2,89,18,109,126,0,126,235
07/12/2022,SSF,TX,ASW,CE,Federal Contract Tower,0,0,4,22,26,0,4,77,0,81,0,4,81,22,107,196,0,196,303
07/13/2022,SSF,TX,ASW,CE,Federal Contract Tower,0,0,12,22,34,0,0,100,0,100,0,0,112,22,134,210,0,210,344
07/14/2022,SSF,TX,ASW,CE,Federal Contract Tower,0,0,0,14,14,0,0,74,0,74,0,0,74,14,88,158,0,158,246
07/15/2022,SSF,TX,ASW,CE,Federal Contract Tower,0,0,8,16,24,0,0,76,0,76,0,0,84,16,100,92,0,92,192
07/16/2022,SSF,TX,ASW,CE,Federal Contract Tower,0,0,11,0,11,0,3,54,0,57,0,3,65,0,68,86,0,86,154
07/17/2022,SSF,TX,ASW,CE,Federal Contract Tower,0,0,3,2,5,0,2,51,0,53,0,2,54,2,58,92,0,92,150
07/18/2022,SSF,TX,ASW,CE,Federal Contract Tower,0,0,14,20,34,0,2,125,0,127,0,2,139,20,161,186,0,186,347
07/19/2022,SSF,TX,ASW,CE,Federal Contract Tower,0,0,5,28,33,0,5,86,1,92,0,5,91,29,125,122,0,122,247
07/20/2022,SSF,TX,ASW,CE,Federal Contract Tower,0,0,10,16,26,0,0,83,0,83,0,0,93,16,109,90,0,90,199
07/21/2022,SSF,TX,ASW,CE,Federal Contract Tower,0,0,17,26,43,0,0,67,2,69,0,0,84,28,112,234,0,234,346
07/22/2022,SSF,TX,ASW,CE,Federal Contract Tower,0,0,16,28,44,0,6,83,4,93,0,6,99,32,137,96,0,96,233
07/23/2022,SSF,TX,ASW,CE,Federal Contract Tower,0,0,7,0,7,0,8,56,2,66,0,8,63,2,73,74,0,74,147
07/24/2022,SSF,TX,ASW,CE,Federal Contract Tower,0,0,10,0,10,0,5,54,0,59,0,5,64,0,69,88,0,88,157
07/25/2022,SSF,TX,ASW,CE,Federal Contract Tower,0,0,7,12,19,0,2,98,0,100,0,2,105,12,119,132,0,132,251
07/26/2022,SSF,TX,ASW,CE,Federal Contract Tower,0,0,3,22,25,0,2,105,0,107,0,2,108,22,132,186,0,186,318
07/27/2022,SSF,TX,ASW,CE,Federal Contract Tower,0,0,1,12,13,0,2,91,0,93,0,2,92,12,106,176,0,176,282
07/28/2022,SSF,TX,ASW,CE,Federal Contract Tower,0,0,5,0,5,0,11,71,0,82,0,11,76,0,87,130,0,130,217
07/29/2022,SSF,TX,ASW,CE,Federal Contract Tower,0,1,7,4,12,0,12,79,0,91,0,13,86,4,103,162,0,162,265
07/30/2022,SSF,TX,ASW,CE,Federal Contract Tower,0,0,2,0,2,0,10,77,2,89,0,10,79,2,91,86,0,86,177
07/31/2022,SSF,TX,ASW,CE,Federal Contract Tower,0,0,4,0,4,0,0,65,0,65,0,0,69,0,69,128,0,128,197
08/01/2022,SSF,TX,ASW,CE,Federal Contract Tower,0,0,8,14,22,0,6,75,0,81,0,6,83,14,103,156,0,156,259
08/02/2022,SSF,TX,ASW,CE,Federal Contract Tower,0,0,8,16,24,0,7,85,2,94,0,7,93,18,118,110,6,116,234
08/03/2022,SSF,TX,ASW,CE,Federal Contract Tower,0,0,7,10,17,0,6,82,2,90,0,6,89,12,107,140,6,146,253
08/04/2022,SSF,TX,ASW,CE,Federal Contract Tower,0,0,14,12,26,0,5,94,3,102,0,5,108,15,128,182,2,184,312
08/05/2022,SSF,TX,ASW,CE,Federal Contract Tower,0,0,16,12,28,0,18,69,1,88,0,18,85,13,116,126,10,136,252
08/06/2022,SSF,TX,ASW,CE,Federal Contract Tower,0,0,13,0,13,0,20,90,4,114,0,20,103,4,127,168,0,168,295
08/07/2022,SSF,TX,ASW,CE,Federal Contract Tower,0,0,8,0,8,0,9,54,0,63,0,9,62,0,71,146,0,146,217
08/08/2022,SSF,TX,ASW,CE,Federal Contract Tower,0,0,7,14,21,0,0,73,6,79,0,0,80,20,100,164,0,164,264
08/09/2022,SSF,TX,ASW,CE,Federal Contract Tower,0,0,4,14,18,0,0,78,4,82,0,0,82,18,100,200,0,200,300
08/10/2022,SSF,TX,ASW,CE,Federal Contract Tower,0,0,5,14,19,0,4,91,0,95,0,4,96,14,114,174,0,174,288
08/11/2022,SSF,TX,ASW,CE,Federal Contract Tower,0,0,13,16,29,0,8,87,0,95,0,8,100,16,124,220,0,220,344
08/12/2022,SSF,TX,ASW,CE,Federal Contract Tower,0,0,6,10,16,0,3,59,1,63,0,3,65,11,79,136,10,146,225
08/13/2022,SSF,TX,ASW,CE,Federal Contract Tower,0,0,6,0,6,0,11,79,3,93,0,11,85,3,99,168,0,168,267
08/14/2022,SSF,TX,ASW,CE,Federal Contract Tower,0,0,4,0,4,0,11,25,0,36,0,11,29,0,40,68,0,68,108
08/15/2022,SSF,TX,ASW,CE,Federal Contract Tower,0,1,11,10,22,0,1,39,0,40,0,2,50,10,62,94,0,94,156
08/16/2022,SSF,TX,ASW,CE,Federal Contract Tower,0,0,7,8,15,0,2,94,2,98,0,2,101,10,113,124,8,132,245
08/17/2022,SSF,TX,ASW,CE,Federal Contract Tower,0,5,11,8,24,0,4,93,6,103,0,9,104,14,127,178,14,192,319
08/18/2022,SSF,TX,ASW,CE,Federal Contract Tower,0,0,6,10,16,0,4,83,4,91,0,4,89,14,107,60,4,64,171
08/19/2022,SSF,TX,ASW,CE,Federal Contract Tower,0,0,5,12,17,0,4,60,0,64,0,4,65,12,81,74,0,74,155
08/20/2022,SSF,TX,ASW,CE,Federal Contract Tower,0,0,9,0,9,0,16,57,4,77,0,16,66,4,86,72,0,72,158
08/21/2022,SSF,TX,ASW,CE,Federal Contract Tower,0,0,4,0,4,0,12,43,0,55,0,12,47,0,59,52,0,52,111
08/22/2022,SSF,TX,ASW,CE,Federal Contract Tower,0,1,18,18,37,0,1,34,0,35,0,2,52,18,72,58,0,58,130
08/23/2022,SSF,TX,ASW,CE,Federal Contract Tower,0,2,12,8,22,0,6,34,0,40,0,8,46,8,62,66,0,66,128
08/24/2022,SSF,TX,ASW,CE,Federal Contract Tower,0,0,5,8,13,0,2,39,0,41,0,2,44,8,54,76,0,76,130
08/25/2022,SSF,TX,ASW,CE,Federal Contract Tower,0,0,6,18,24,0,5,56,2,63,0,5,62,20,87,152,8,160,247
08/26/2022,SSF,TX,ASW,CE,Federal Contract Tower,0,0,3,18,21,0,2,66,2,70,0,2,69,20,91,184,0,184,275
08/27/2022,SSF,TX,ASW,CE,Federal Contract Tower,0,0,20,9,29,0,16,60,0,76,0,16,80,9,105,100,16,116,221
08/28/2022,SSF,TX,ASW,CE,Federal Contract Tower,0,0,6,2,8,0,6,62,0,68,0,6,68,2,76,82,4,86,162
08/29/2022,SSF,TX,ASW,CE,Federal Contract Tower,0,0,5,18,23,0,3,81,0,84,0,3,86,18,107,108,0,108,215
08/30/2022,SSF,TX,ASW,CE,Federal Contract Tower,0,0,8,14,22,0,0,37,0,37,0,0,45,14,59,82,0,82,141
08/31/2022,SSF,TX,ASW,CE,Federal Contract Tower,0,0,19,18,37,0,1,41,0,42,0,1,60,18,79,112,0,112,191
09/01/2022,SSF,TX,ASW,CE,Federal Contract Tower,0,0,10,16,26,0,4,74,0,78,0,4,84,16,104,200,0,200,304
09/02/2022,SSF,TX,ASW,CE,Federal Contract Tower,0,1,19,0,20,0,3,74,2,79,0,4,93,2,99,178,10,188,287
09/03/2022,SSF,TX,ASW,CE,Federal Contract Tower,0,0,11,0,11,0,10,46,0,56,0,10,57,0,67,102,0,102,169
09/04/2022,SSF,TX,ASW,CE,Federal Contract Tower,0,0,7,0,7,0,13,46,0,59,0,13,53,0,66,72,0,72,138
09/05/2022,SSF,TX,ASW,CE,Federal Contract Tower,0,0,15,0,15,0,9,57,6,72,0,9,72,6,87,58,8,66,153
09/06/2022,SSF,TX,ASW,CE,Federal Contract Tower,0,0,2,24,26,0,0,82,0,82,0,0,84,24,108,106,0,106,214
09/07/2022,SSF,TX,ASW,CE,Federal Contract Tower,0,0,6,18,24,0,2,77,0,79,0,2,83,18,103,86,0,86,189
09/08/2022,SSF,TX,ASW,CE,Federal Contract Tower,0,0,12,22,34,0,0,99,1,100,0,0,111,23,134,130,8,138,272
09/09/2022,SSF,TX,ASW,CE,Federal Contract Tower,0,0,5,22,27,0,2,75,0,77,0,2,80,22,104,104,0,104,208
09/10/2022,SSF,TX,ASW,CE,Federal Contract Tower,0,0,9,16,25,0,14,95,2,111,0,14,104,18,136,164,0,164,300
09/11/2022,SSF,TX,ASW,CE,Federal Contract Tower,0,0,12,2,14,0,0,58,0,58,0,0,70,2,72,116,0,116,188
09/12/2022,SSF,TX,ASW,CE,Federal Contract Tower,0,0,4,18,22,0,8,75,0,83,0,8,79,18,105,100,0,100,205
09/13/2022,SSF,TX,ASW,CE,Federal Contract Tower,0,0,4,28,32,0,0,90,1,91,0,0,94,29,123,110,0,110,233
09/14/2022,SSF,TX,ASW,CE,Federal Contract Tower,0,0,8,22,30,0,7,88,0,95,0,7,96,22,125,144,4,148,273
09/15/2022,SSF,TX,ASW,CE,Federal Contract Tower,0,0,23,14,37,0,12,82,0,94,0,12,105,14,131,170,0,170,301
09/16/2022,SSF,TX,ASW,CE,Federal Contract Tower,0,0,20,22,42,0,12,66,0,78,0,12,86,22,120,102,0,102,222
09/17/2022,SSF,TX,ASW,CE,Federal Contract Tower,0,0,17,0,17,0,10,83,6,99,0,10,100,6,116,98,0,98,214
09/18/2022,SSF,TX,ASW,CE,Federal Contract Tower,0,0,14,0,14,0,8,50,2,60,0,8,64,2,74,98,6,104,178
09/19/2022,SSF,TX,ASW,CE,Federal Contract Tower,0,1,28,24,53,0,5,78,0,83,0,6,106,24,136,128,0,128,264
09/20/2022,SSF,TX,ASW,CE,Federal Contract Tower,0,0,24,19,43,0,0,113,2,115,0,0,137,21,158,160,0,160,318
09/21/2022,SSF,TX,ASW,CE,Federal Contract Tower,0,0,13,20,33,0,6,99,2,107,0,6,112,22,140,156,0,156,296
09/22/2022,SSF,TX,ASW,CE,Federal Contract Tower,0,0,9,32,41,0,2,95,8,105,0,2,104,40,146,160,0,160,306
09/23/2022,SSF,TX,ASW,CE,Federal Contract Tower,0,0,8,20,28,0,10,76,0,86,0,10,84,20,114,96,0,96,210
09/24/2022,SSF,TX,ASW,CE,Federal Contract Tower,0,0,8,0,8,0,4,79,0,83,0,4,87,0,91,114,0,114,205
09/25/2022,SSF,TX,ASW,CE,Federal Contract Tower,0,0,2,0,2,0,0,47,0,47,0,0,49,0,49,46,0,46,95
09/26/2022,SSF,TX,ASW,CE,Federal Contract Tower,0,0,3,6,9,0,0,90,0,90,0,0,93,6,99,90,0,90,189
09/27/2022,SSF,TX,ASW,CE,Federal Contract Tower,0,0,8,18,26,0,0,101,0,101,0,0,109,18,127,120,0,120,247
09/28/2022,SSF,TX,ASW,CE,Federal Contract Tower,0,0,16,12,28,0,1,82,0,83,0,1,98,12,111,174,0,174,285
09/29/2022,SSF,TX,ASW,CE,Federal Contract Tower,0,0,6,14,20,0,3,119,0,122,0,3,125,14,142,212,0,212,354
09/30/2022,SSF,TX,ASW,CE,Federal Contract Tower,0,0,3,4,7,0,8,118,2,128,0,8,121,6,135,188,8,196,331
10/01/2022,SSF,TX,ASW,CE,Federal Contract Tower,0,0,3,0,3,0,4,96,0,100,0,4,99,0,103,116,0,116,219
10/02/2022,SSF,TX,ASW,CE,Federal Contract Tower,0,0,5,0,5,0,10,64,0,74,0,10,69,0,79,70,0,70,149
10/03/2022,SSF,TX,ASW,CE,Federal Contract Tower,0,0,8,8,16,0,3,85,0,88,0,3,93,8,104,142,0,142,246
10/04/2022,SSF,TX,ASW,CE,Federal Contract Tower,0,0,3,10,13,0,2,89,2,93,0,2,92,12,106,146,0,146,252
10/05/2022,SSF,TX,ASW,CE,Federal Contract Tower,0,0,2,22,24,0,3,109,0,112,0,3,111,22,136,158,0,158,294
10/06/2022,SSF,TX,ASW,CE,Federal Contract Tower,0,0,5,12,17,0,4,93,0,97,0,4,98,12,114,210,0,210,324
10/07/2022,SSF,TX,ASW,CE,Federal Contract Tower,0,0,5,10,15,0,0,92,0,92,0,0,97,10,107,236,0,236,343
10/08/2022,SSF,TX,ASW,CE,Federal Contract Tower,0,0,2,0,2,0,11,88,6,105,0,11,90,6,107,112,0,112,219
10/09/2022,SSF,TX,ASW,CE,Federal Contract Tower,0,0,2,0,2,0,2,76,0,78,0,2,78,0,80,82,0,82,162
10/10/2022,SSF,TX,ASW,CE,Federal Contract Tower,0,0,8,4,12,0,2,102,4,108,0,2,110,8,120,170,0,170,290
10/11/2022,SSF,TX,ASW,CE,Federal Contract Tower,0,0,4,4,8,0,1,105,4,110,0,1,109,8,118,212,6,218,336
10/12/2022,SSF,TX,ASW,CE,Federal Contract Tower,0,0,5,8,13,0,9,80,3,92,0,9,85,11,105,112,14,126,231
10/13/2022,SSF,TX,ASW,CE,Federal Contract Tower,0,0,7,18,25,0,0,96,1,97,0,0,103,19,122,214,6,220,342
10/14/2022,SSF,TX,ASW,CE,Federal Contract Tower,0,0,9,14,23,0,1,77,0,78,0,1,86,14,101,132,0,132,233
10/15/2022,SSF,TX,ASW,CE,Federal Contract Tower,0,0,3,0,3,0,6,50,4,60,0,6,53,4,63,66,0,66,129
10/16/2022,SSF,TX,ASW,CE,Federal Contract Tower,0,0,4,2,6,0,4,43,0,47,0,4,47,2,53,60,0,60,113
10/17/2022,SSF,TX,ASW,CE,Federal Contract Tower,0,0,6,12,18,0,2,21,0,23,0,2,27,12,41,16,0,16,57
10/18/2022,SSF,TX,ASW,CE,Federal Contract Tower,0,0,10,20,30,0,2,75,0,77,0,2,85,20,107,148,0,148,255
10/19/2022,SSF,TX,ASW,CE,Federal Contract Tower,0,0,9,16,25,0,0,139,6,145,0,0,148,22,170,186,0,186,356
10/20/2022,SSF,TX,ASW,CE,Federal Contract Tower,0,0,6,14,20,0,1,90,0,91,0,1,96,14,111,192,0,192,303
10/21/2022,SSF,TX,ASW,CE,Federal Contract Tower,0,0,3,16,19,0,0,93,3,96,0,0,96,19,115,168,0,168,283
10/22/2022,SSF,TX,ASW,CE,Federal Contract Tower,0,1,6,0,7,0,1,73,5,79,0,2,79,5,86,36,8,44,130
10/23/2022,SSF,TX,ASW,CE,Federal Contract Tower,0,1,7,2,10,0,5,33,0,38,0,6,40,2,48,52,0,52,100
10/24/2022,SSF,TX,ASW,CE,Federal Contract Tower,0,0,7,10,17,0,0,29,0,29,0,0,36,10,46,84,0,84,130
10/25/2022,SSF,TX,ASW,CE,Federal Contract Tower,0,1,12,4,17,0,0,107,2,109,0,1,119,6,126,216,0,216,342
10/26/2022,SSF,TX,ASW,CE,Federal Contract Tower,0,0,6,10,16,0,6,126,0,132,0,6,132,10,148,216,0,216,364
10/27/2022,SSF,TX,ASW,CE,Federal Contract Tower,0,0,22,10,32,0,9,74,1,84,0,9,96,11,116,122,8,130,246
10/28/2022,SSF,TX,ASW,CE,Federal Contract Tower,0,0,4,4,8,0,0,41,0,41,0,0,45,4,49,0,0,0,49
10/29/2022,SSF,TX,ASW,CE,Federal Contract Tower,0,0,5,2,7,0,10,90,4,104,0,10,95,6,111,136,0,136,247
10/30/2022,SSF,TX,ASW,CE,Federal Contract Tower,0,0,15,0,15,0,3,73,0,76,0,3,88,0,91,80,0,80,171
10/31/2022,SSF,TX,ASW,CE,Federal Contract Tower,0,0,0,20,20,0,8,82,0,90,0,8,82,20,110,132,0,132,242
11/01/2022,SSF,TX,ASW,CE,Federal Contract Tower,0,0,15,22,37,0,0,67,0,67,0,0,82,22,104,238,0,238,342
11/02/2022,SSF,TX,ASW,CE,Federal Contract Tower,0,0,31,12,43,0,0,44,0,44,0,0,75,12,87,184,0,184,271
11/03/2022,SSF,TX,ASW,CE,Federal Contract Tower,0,2,12,6,20,0,0,48,0,48,0,2,60,6,68,110,0,110,178
11/04/2022,SSF,TX,ASW,CE,Federal Contract Tower,0,0,7,2,9,0,0,29,2,31,0,0,36,4,40,30,0,30,70
11/05/2022,SSF,TX,ASW,CE,Federal Contract Tower,0,0,1,4,5,0,3,138,8,149,0,3,139,12,154,238,0,238,392
11/06/2022,SSF,TX,ASW,CE,Federal Contract Tower,0,0,8,2,10,0,12,40,2,54,0,12,48,4,64,82,0,82,146
11/07/2022,SSF,TX,ASW,CE,Federal Contract Tower,0,0,7,22,29,0,2,48,0,50,0,2,55,22,79,84,0,84,163
11/08/2022,SSF,TX,ASW,CE,Federal Contract Tower,0,0,11,16,27,0,0,73,4,77,0,0,84,20,104,270,32,302,406
11/09/2022,SSF,TX,ASW,CE,Federal Contract Tower,0,0,18,16,34,0,2,73,0,75,0,2,91,16,109,190,0,190,299
11/10/2022,SSF,TX,ASW,CE,Federal Contract Tower,0,0,13,20,33,0,3,80,3,86,0,3,93,23,119,274,0,274,393
11/11/2022,SSF,TX,ASW,CE,Federal Contract Tower,0,2,15,2,19,0,0,19,0,19,0,2,34,2,38,82,0,82,120
11/12/2022,SSF,TX,ASW,CE,Federal Contract Tower,0,0,0,2,2,0,14,88,0,102,0,14,88,2,104,110,6,116,220
11/13/2022,SSF,TX,ASW,CE,Federal Contract Tower,0,1,6,0,7,0,12,58,0,70,0,13,64,0,77,42,0,42,119
11/14/2022,SSF,TX,ASW,CE,Federal Contract Tower,0,0,6,2,8,0,0,17,0,17,0,0,23,2,25,12,0,12,37
11/15/2022,SSF,TX,ASW,CE,Federal Contract Tower,0,1,4,16,21,0,4,110,0,114,0,5,114,16,135,182,0,182,317
11/16/2022,SSF,TX,ASW,CE,Federal Contract Tower,0,0,6,8,14,0,0,70,1,71,0,0,76,9,85,98,0,98,183
11/17/2022,SSF,TX,ASW,CE,Federal Contract Tower,0,0,13,20,33,0,6,113,4,123,0,6,126,24,156,218,0,218,374
11/18/2022,SSF,TX,ASW,CE,Federal Contract Tower,0,0,11,9,20,0,4,79,0,83,0,4,90,9,103,254,0,254,357
11/19/2022,SSF,TX,ASW,CE,Federal Contract Tower,0,0,0,0,0,0,0,6,0,6,0,0,6,0,6,20,0,20,26
11/20/2022,SSF,TX,ASW,CE,Federal Contract Tower,0,0,8,0,8,0,6,35,0,41,0,6,43,0,49,68,0,68,117
11/21/2022,SSF,TX,ASW,CE,Federal Contract Tower,0,2,1,0,3,0,0,3,0,3,0,2,4,0,6,14,0,14,20
11/22/2022,SSF,TX,ASW,CE,Federal Contract Tower,0,0,3,16,19,0,0,0,0,0,0,0,3,16,19,0,0,0,19
11/23/2022,SSF,TX,ASW,CE,Federal Contract Tower,0,0,25,16,41,0,0,17,0,17,0,0,42,16,58,102,0,102,160
11/24/2022,SSF,TX,ASW,CE,Federal Contract Tower,0,0,1,0,1,0,0,0,0,0,0,0,1,0,1,0,0,0,1
11/25/2022,SSF,TX,ASW,CE,Federal Contract Tower,0,0,2,0,2,0,0,14,0,14,0,0,16,0,16,12,0,12,28
11/26/2022,SSF,TX,ASW,CE,Federal Contract Tower,0,0,5,0,5,0,14,62,0,76,0,14,67,0,81,86,0,86,167
11/27/2022,SSF,TX,ASW,CE,Federal Contract Tower,0,0,11,0,11,0,1,104,0,105,0,1,115,0,116,126,0,126,242
11/28/2022,SSF,TX,ASW,CE,Federal Contract Tower,0,0,2,10,12,0,3,95,2,100,0,3,97,12,112,180,0,180,292
11/29/2022,SSF,TX,ASW,CE,Federal Contract Tower,0,0,15,12,27,0,2,71,6,79,0,2,86,18,106,174,10,184,290
11/30/2022,SSF,TX,ASW,CE,Federal Contract Tower,0,0,4,22,26,0,4,78,0,82,0,4,82,22,108,94,4,98,206
12/01/2022,SSF,TX,ASW,CE,Federal Contract Tower,0,0,29,12,41,0,2,22,0,24,0,2,51,12,65,46,4,50,115
12/02/2022,SSF,TX,ASW,CE,Federal Contract Tower,0,0,9,2,11,0,0,0,0,0,0,0,9,2,11,0,0,0,11
12/03/2022,SSF,TX,ASW,CE,Federal Contract Tower,0,0,22,0,22,0,13,33,0,46,0,13,55,0,68,72,0,72,140
12/04/2022,SSF,TX,ASW,CE,Federal Contract Tower,0,0,9,0,9,0,0,1,0,1,0,0,10,0,10,0,0,0,10
12/05/2022,SSF,TX,ASW,CE,Federal Contract Tower,0,0,11,16,27,0,0,38,0,38,0,0,49,16,65,46,0,46,111
12/06/2022,SSF,TX,ASW,CE,Federal Contract Tower,0,1,17,22,40,0,0,32,0,32,0,1,49,22,72,46,0,46,118
12/07/2022,SSF,TX,ASW,CE,Federal Contract Tower,0,0,18,12,30,0,6,68,0,74,0,6,86,12,104,150,0,150,254
12/08/2022,SSF,TX,ASW,CE,Federal Contract Tower,0,0,15,20,35,0,2,80,2,84,0,2,95,22,119,222,0,222,341
12/09/2022,SSF,TX,ASW,CE,Federal Contract Tower,0,2,20,4,26,0,16,76,2,94,0,18,96,6,120,162,10,172,292
12/10/2022,SSF,TX,ASW,CE,Federal Contract Tower,0,0,13,0,13,0,4,61,4,69,0,4,74,4,82,214,0,214,296
12/11/2022,SSF,TX,ASW,CE,Federal Contract Tower,0,0,15,0,15,0,5,31,0,36,0,5,46,0,51,50,0,50,101
12/12/2022,SSF,TX,ASW,CE,Federal Contract Tower,0,0,4,6,10,0,0,18,0,18,0,0,22,6,28,56,0,56,84
12/13/2022,SSF,TX,ASW,CE,Federal Contract Tower,0,0,13,19,32,0,6,73,4,83,0,6,86,23,115,134,10,144,259
12/14/2022,SSF,TX,ASW,CE,Federal Contract Tower,0,0,5,16,21,0,2,103,7,112,0,2,108,23,133,70,0,70,203
12/15/2022,SSF,TX,ASW,CE,Federal Contract Tower,0,0,8,12,20,0,6,144,4,154,0,6,152,16,174,252,8,260,434
12/16/2022,SSF,TX,ASW,CE,Federal Contract Tower,0,0,17,26,43,0,0,79,2,81,0,0,96,28,124,120,0,120,244
12/17/2022,SSF,TX,ASW,CE,Federal Contract Tower,0,0,13,0,13,0,6,101,2,109,0,6,114,2,122,142,8,150,272
12/18/2022,SSF,TX,ASW,CE,Federal Contract Tower,0,0,2,0,2,0,9,60,2,71,0,9,62,2,73,88,6,94,167
12/19/2022,SSF,TX,ASW,CE,Federal Contract Tower,0,0,2,0,2,0,2,2,0,4,0,2,4,0,6,2,0,2,8
12/20/2022,SSF,TX,ASW,CE,Federal Contract Tower,0,0,10,23,33,0,10,16,0,26,0,10,26,23,59,110,16,126,185
12/21/2022,SSF,TX,ASW,CE,Federal Contract Tower,0,0,3,24,27,0,1,27,0,28,0,1,30,24,55,74,0,74,129
12/22/2022,SSF,TX,ASW,CE,Federal Contract Tower,0,0,13,8,21,0,6,42,0,48,0,6,55,8,69,94,0,94,163
12/23/2022,SSF,TX,ASW,CE,Federal Contract Tower,0,0,6,0,6,0,2,34,2,38,0,2,40,2,44,52,0,52,96
12/24/2022,SSF,TX,ASW,CE,Federal Contract Tower,0,0,2,0,2,0,1,37,0,38,0,1,39,0,40,42,0,42,82
12/25/2022,SSF,TX,ASW,CE,Federal Contract Tower,0,0,2,0,2,0,2,15,0,17,0,2,17,0,19,0,0,0,19
12/26/2022,SSF,TX,ASW,CE,Federal Contract Tower,0,0,8,0,8,0,18,88,2,108,0,18,96,2,116,150,10,160,276
12/27/2022,SSF,TX,ASW,CE,Federal Contract Tower,0,0,6,0,6,0,8,103,2,113,0,8,109,2,119,138,0,138,257
12/28/2022,SSF,TX,ASW,CE,Federal Contract Tower,0,0,7,0,7,0,7,90,4,101,0,7,97,4,108,166,0,166,274
12/29/2022,SSF,TX,ASW,CE,Federal Contract Tower,0,0,15,0,15,0,2,49,2,53,0,2,64,2,68,154,14,168,236
12/30/2022,SSF,TX,ASW,CE,Federal Contract Tower,0,0,13,0,13,0,22,82,2,106,0,22,95,2,119,192,0,192,311
12/31/2022,SSF,TX,ASW,CE,Federal Contract Tower,0,0,1,0,1,0,0,75,2,77,0,0,76,2,78,84,4,88,166
01/01/2023,SSF,TX,ASW,CE,Federal Contract Tower,0,0,6,0,6,0,2,39,0,41,0,2,45,0,47,58,0,58,105
01/02/2023,SSF,TX,ASW,CE,Federal Contract Tower,0,0,9,0,9,0,2,47,0,49,0,2,56,0,58,80,0,80,138
01/03/2023,SSF,TX,ASW,CE,Federal Contract Tower,0,0,0,0,0,0,0,107,0,107,0,0,107,0,107,126,0,126,233
01/04/2023,SSF,TX,ASW,CE,Federal Contract Tower,0,0,7,12,19,0,2,85,2,89,0,2,92,14,108,158,0,158,266
01/05/2023,SSF,TX,ASW,CE,Federal Contract Tower,0,0,2,2,4,0,0,115,0,115,0,0,117,2,119,166,0,166,285
01/06/2023,SSF,TX,ASW,CE,Federal Contract Tower,0,0,17,8,25,0,20,59,2,81,0,20,76,10,106,150,0,150,256
01/07/2023,SSF,TX,ASW,CE,Federal Contract Tower,0,0,7,0,7,0,4,40,0,44,0,4,47,0,51,74,0,74,125
01/08/2023,SSF,TX,ASW,CE,Federal Contract Tower,0,0,6,0,6,0,9,69,1,79,0,9,75,1,85,80,0,80,165
01/09/2023,SSF,TX,ASW,CE,Federal Contract Tower,0,0,3,20,23,0,5,92,0,97,0,5,95,20,120,216,0,216,336
01/10/2023,SSF,TX,ASW,CE,Federal Contract Tower,0,0,3,16,19,0,0,94,4,98,0,0,97,20,117,132,16,148,265
01/11/2023,SSF,TX,ASW,CE,Federal Contract Tower,0,0,19,2,21,0,3,46,2,51,0,3,65,4,72,78,20,98,170
01/12/2023,SSF,TX,ASW,CE,Federal Contract Tower,0,0,10,6,16,0,6,56,0,62,0,6,66,6,78,78,0,78,156
01/13/2023,SSF,TX,ASW,CE,Federal Contract Tower,0,0,6,12,18,0,2,100,0,102,0,2,106,12,120,224,0,224,344
01/14/2023,SSF,TX,ASW,CE,Federal Contract Tower,0,0,6,0,6,0,8,93,0,101,0,8,99,0,107,162,0,162,269
01/15/2023,SSF,TX,ASW,CE,Federal Contract Tower,0,0,7,0,7,0,12,23,0,35,0,12,30,0,42,16,0,16,58
01/16/2023,SSF,TX,ASW,CE,Federal Contract Tower,0,0,15,2,17,0,0,87,0,87,0,0,102,2,104,206,0,206,310
01/17/2023,SSF,TX,ASW,CE,Federal Contract Tower,0,1,7,10,18,0,0,118,0,118,0,1,125,10,136,224,0,224,360
01/18/2023,SSF,TX,ASW,CE,Federal Contract Tower,0,0,9,18,27,0,1,72,0,73,0,1,81,18,100,98,0,98,198
01/19/2023,SSF,TX,ASW,CE,Federal Contract Tower,0,0,7,16,23,0,8,134,0,142,0,8,141,16,165,214,0,214,379
01/20/2023,SSF,TX,ASW,CE,Federal Contract Tower,0,0,7,14,21,0,5,94,0,99,0,5,101,14,120,186,0,186,306
01/21/2023,SSF,TX,ASW,CE,Federal Contract Tower,0,0,17,2,19,0,16,35,0,51,0,16,52,2,70,72,0,72,142
01/22/2023,SSF,TX,ASW,CE,Federal Contract Tower,0,0,7,4,11,0,8,79,0,87,0,8,86,4,98,132,0,132,230
01/23/2023,SSF,TX,ASW,CE,Federal Contract Tower,0,0,4,17,21,0,1,86,0,87,0,1,90,17,108,188,0,188,296
01/24/2023,SSF,TX,ASW,CE,Federal Contract Tower,0,0,3,16,19,0,1,23,0,24,0,1,26,16,43,14,0,14,57
01/25/2023,SSF,TX,ASW,CE,Federal Contract Tower,0,0,5,17,22,0,2,135,2,139,0,2,140,19,161,198,12,210,371
01/26/2023,SSF,TX,ASW,CE,Federal Contract Tower,0,0,6,22,28,0,1,131,0,132,0,1,137,22,160,218,0,218,378
01/27/2023,SSF,TX,ASW,CE,Federal Contract Tower,0,0,4,8,12,0,0,103,4,107,0,0,107,12,119,248,0,248,367
01/28/2023,SSF,TX,ASW,CE,Federal Contract Tower,0,0,0,0,0,0,0,0,0,0,0,0,0,0,0,0,0,0,0
01/29/2023,SSF,TX,ASW,CE,Federal Contract Tower,0,0,7,0,7,0,6,34,8,48,0,6,41,8,55,60,0,60,115
01/30/2023,SSF,TX,ASW,CE,Federal Contract Tower,0,0,7,0,7,0,0,0,0,0,0,0,7,0,7,0,0,0,7
01/31/2023,SSF,TX,ASW,CE,Federal Contract Tower,0,0,1,0,1,0,0,2,0,2,0,0,3,0,3,0,0,0,3
02/01/2023,SSF,TX,ASW,CE,Federal Contract Tower,0,0,0,0,0,0,0,0,0,0,0,0,0,0,0,0,0,0,0
02/02/2023,SSF,TX,ASW,CE,Federal Contract Tower,0,1,8,14,23,0,1,29,0,30,0,2,37,14,53,156,0,156,209
02/03/2023,SSF,TX,ASW,CE,Federal Contract Tower,0,0,5,12,17,0,7,137,0,144,0,7,142,12,161,208,0,208,369
02/04/2023,SSF,TX,ASW,CE,Federal Contract Tower,0,0,5,0,5,0,8,116,0,124,0,8,121,0,129,122,0,122,251
02/05/2023,SSF,TX,ASW,CE,Federal Contract Tower,0,0,4,0,4,0,4,113,0,117,0,4,117,0,121,142,0,142,263
02/06/2023,SSF,TX,ASW,CE,Federal Contract Tower,0,0,7,16,23,0,2,62,0,64,0,2,69,16,87,82,0,82,169
02/07/2023,SSF,TX,ASW,CE,Federal Contract Tower,0,0,17,14,31,0,0,33,0,33,0,0,50,14,64,156,0,156,220
02/08/2023,SSF,TX,ASW,CE,Federal Contract Tower,0,0,7,2,9,0,0,52,0,52,0,0,59,2,61,152,0,152,213
02/09/2023,SSF,TX,ASW,CE,Federal Contract Tower,0,0,8,12,20,0,1,153,2,156,0,1,161,14,176,266,0,266,442
02/10/2023,SSF,TX,ASW,CE,Federal Contract Tower,0,0,5,10,15,0,12,84,2,98,0,12,89,12,113,104,0,104,217
02/11/2023,SSF,TX,ASW,CE,Federal Contract Tower,0,0,5,0,5,0,14,139,0,153,0,14,144,0,158,144,0,144,302
02/12/2023,SSF,TX,ASW,CE,Federal Contract Tower,0,0,3,0,3,0,1,123,0,124,0,1,126,0,127,96,0,96,223
02/13/2023,SSF,TX,ASW,CE,Federal Contract Tower,0,0,4,18,22,0,8,92,0,100,0,8,96,18,122,154,0,154,276
02/14/2023,SSF,TX,ASW,CE,Federal Contract Tower,0,0,4,12,16,0,41,84,0,125,0,41,88,12,141,176,0,176,317
02/15/2023,SSF,TX,ASW,CE,Federal Contract Tower,0,0,16,10,26,0,5,69,3,77,0,5,85,13,103,90,40,130,233
02/16/2023,SSF,TX,ASW,CE,Federal Contract Tower,0,2,5,12,19,0,10,59,3,72,0,12,64,15,91,120,22,142,233
02/17/2023,SSF,TX,ASW,CE,Federal Contract Tower,0,0,6,22,28,0,10,119,0,129,0,10,125,22,157,216,0,216,373
02/18/2023,SSF,TX,ASW,CE,Federal Contract Tower,0,0,7,0,7,0,18,77,0,95,0,18,84,0,102,108,0,108,210
02/19/2023,SSF,TX,ASW,CE,Federal Contract Tower,0,0,9,0,9,0,2,83,0,85,0,2,92,0,94,95,0,95,189
02/20/2023,SSF,TX,ASW,CE,Federal Contract Tower,0,0,19,2,21,0,0,81,0,81,0,0,100,2,102,194,0,194,296
02/21/2023,SSF,TX,ASW,CE,Federal Contract Tower,0,0,6,18,24,0,0,120,0,120,0,0,126,18,144,138,0,138,282
02/22/2023,SSF,TX,ASW,CE,Federal Contract Tower,0,0,9,22,31,0,0,117,0,117,0,0,126,22,148,206,0,206,354
02/23/2023,SSF,TX,ASW,CE,Federal Contract Tower,0,1,31,22,54,0,1,60,3,64,0,2,91,25,118,156,32,188,306
02/24/2023,SSF,TX,ASW,CE,Federal Contract Tower,0,0,43,18,61,0,4,26,0,30,0,4,69,18,91,136,0,136,227
02/25/2023,SSF,TX,ASW,CE,Federal Contract Tower,0,0,20,2,22,0,24,19,0,43,0,24,39,2,65,34,0,34,99
02/26/2023,SSF,TX,ASW,CE,Federal Contract Tower,0,0,3,0,3,0,6,30,0,36,0,6,33,0,39,44,0,44,83
02/27/2023,SSF,TX,ASW,CE,Federal Contract Tower,0,0,5,16,21,0,7,115,0,122,0,7,120,16,143,184,0,184,327
02/28/2023,SSF,TX,ASW,CE,Federal Contract Tower,0,0,11,6,17,0,4,92,0,96,0,4,103,6,113,176,0,176,289
03/01/2023,SSF,TX,ASW,CE,Federal Contract Tower,0,0,29,19,48,0,3,89,3,95,0,3,118,22,143,192,0,192,335
03/02/2023,SSF,TX,ASW,CE,Federal Contract Tower,0,0,25,21,46,0,0,29,0,29,0,0,54,21,75,152,4,156,231
03/03/2023,SSF,TX,ASW,CE,Federal Contract Tower,0,0,9,10,19,0,4,111,0,115,0,4,120,10,134,70,0,70,204
03/04/2023,SSF,TX,ASW,CE,Federal Contract Tower,0,0,12,0,12,0,1,130,0,131,0,1,142,0,143,132,0,132,275
03/05/2023,SSF,TX,ASW,CE,Federal Contract Tower,0,0,5,0,5,0,5,63,0,68,0,5,68,0,73,86,0,86,159
03/06/2023,SSF,TX,ASW,CE,Federal Contract Tower,0,0,8,8,16,0,8,57,0,65,0,8,65,8,81,138,0,138,219
03/07/2023,SSF,TX,ASW,CE,Federal Contract Tower,0,0,6,4,10,0,4,56,0,60,0,4,62,4,70,158,0,158,228
03/08/2023,SSF,TX,ASW,CE,Federal Contract Tower,0,0,17,12,29,0,4,97,0,101,0,4,114,12,130,312,0,312,442
03/09/2023,SSF,TX,ASW,CE,Federal Contract Tower,0,0,15,14,29,0,6,73,0,79,0,6,88,14,108,160,0,160,268
03/10/2023,SSF,TX,ASW,CE,Federal Contract Tower,0,0,10,8,18,0,4,86,0,90,0,4,96,8,108,202,0,202,310
03/11/2023,SSF,TX,ASW,CE,Federal Contract Tower,0,0,5,0,5,0,4,84,0,88,0,4,89,0,93,138,0,138,231
03/12/2023,SSF,TX,ASW,CE,Federal Contract Tower,0,0,5,0,5,0,8,71,0,79,0,8,76,0,84,90,0,90,174
03/13/2023,SSF,TX,ASW,CE,Federal Contract Tower,0,0,1,13,14,0,4,72,0,76,0,4,73,13,90,76,0,76,166
03/14/2023,SSF,TX,ASW,CE,Federal Contract Tower,0,1,6,18,25,0,3,82,2,87,0,4,88,20,112,216,6,222,334
03/15/2023,SSF,TX,ASW,CE,Federal Contract Tower,0,0,12,8,20,0,5,58,0,63,0,5,70,8,83,140,0,140,223
03/16/2023,SSF,TX,ASW,CE,Federal Contract Tower,0,0,9,3,12,0,5,44,0,49,0,5,53,3,61,94,0,94,155
03/17/2023,SSF,TX,ASW,CE,Federal Contract Tower,0,0,1,5,6,0,2,26,0,28,0,2,27,5,34,40,0,40,74
03/18/2023,SSF,TX,ASW,CE,Federal Contract Tower,0,0,0,0,0,0,10,19,0,29,0,10,19,0,29,14,0,14,43
03/19/2023,SSF,TX,ASW,CE,Federal Contract Tower,0,0,5,0,5,0,23,81,0,104,0,23,86,0,109,174,0,174,283
03/20/2023,SSF,TX,ASW,CE,Federal Contract Tower,0,0,6,8,14,0,3,83,0,86,0,3,89,8,100,150,0,150,250
03/21/2023,SSF,TX,ASW,CE,Federal Contract Tower,0,0,9,2,11,0,0,12,0,12,0,0,21,2,23,16,0,16,39
03/22/2023,SSF,TX,ASW,CE,Federal Contract Tower,0,0,28,18,46,0,0,67,0,67,0,0,95,18,113,142,0,142,255
03/23/2023,SSF,TX,ASW,CE,Federal Contract Tower,0,0,19,2,21,0,3,70,1,74,0,3,89,3,95,114,0,114,209
03/24/2023,SSF,TX,ASW,CE,Federal Contract Tower,0,0,19,4,23,0,4,75,0,79,0,4,94,4,102,76,0,76,178
03/25/2023,SSF,TX,ASW,CE,Federal Contract Tower,0,0,3,4,7,0,15,170,0,185,0,15,173,4,192,250,0,250,442
03/26/2023,SSF,TX,ASW,CE,Federal Contract Tower,0,0,6,2,8,0,9,62,0,71,0,9,68,2,79,80,0,80,159
03/27/2023,SSF,TX,ASW,CE,Federal Contract Tower,0,0,17,14,31,0,0,83,1,84,0,0,100,15,115,208,0,208,323
03/28/2023,SSF,TX,ASW,CE,Federal Contract Tower,0,0,6,14,20,0,2,28,0,30,0,2,34,14,50,70,0,70,120
03/29/2023,SSF,TX,ASW,CE,Federal Contract Tower,0,0,5,22,27,0,2,133,2,137,0,2,138,24,164,312,0,312,476
03/30/2023,SSF,TX,ASW,CE,Federal Contract Tower,0,0,4,4,8,0,0,25,0,25,0,0,29,4,33,52,0,52,85
03/31/2023,SSF,TX,ASW,CE,Federal Contract Tower,0,0,29,26,55,0,6,85,3,94,0,6,114,29,149,238,22,260,409
04/01/2023,SSF,TX,ASW,CE,Federal Contract Tower,0,1,2,0,3,0,20,154,0,174,0,21,156,0,177,238,0,238,415
04/02/2023,SSF,TX,ASW,CE,Federal Contract Tower,0,0,6,2,8,0,18,38,0,56,0,18,44,2,64,128,0,128,192
04/03/2023,SSF,TX,ASW,CE,Federal Contract Tower,0,0,16,26,42,0,8,108,0,116,0,8,124,26,158,176,0,176,334
04/04/2023,SSF,TX,ASW,CE,Federal Contract Tower,0,0,21,14,35,0,3,93,0,96,0,3,114,14,131,218,0,218,349
04/05/2023,SSF,TX,ASW,CE,Federal Contract Tower,0,0,8,14,22,0,3,42,3,48,0,3,50,17,70,40,12,52,122
04/06/2023,SSF,TX,ASW,CE,Federal Contract Tower,0,0,5,0,5,0,0,11,0,11,0,0,16,0,16,0,0,0,16
04/07/2023,SSF,TX,ASW,CE,Federal Contract Tower,0,0,1,0,1,0,0,0,0,0,0,0,1,0,1,0,0,0,1
04/08/2023,SSF,TX,ASW,CE,Federal Contract Tower,0,0,6,0,6,0,9,95,0,104,0,9,101,0,110,210,0,210,320
04/09/2023,SSF,TX,ASW,CE,Federal Contract Tower,0,0,13,0,13,0,10,35,0,45,0,10,48,0,58,78,0,78,136
04/10/2023,SSF,TX,ASW,CE,Federal Contract Tower,0,0,14,26,40,0,0,40,0,40,0,0,54,26,80,90,0,90,170
04/11/2023,SSF,TX,ASW,CE,Federal Contract Tower,0,0,11,22,33,0,2,152,3,157,0,2,163,25,190,188,2,190,380
04/12/2023,SSF,TX,ASW,CE,Federal Contract Tower,0,0,5,18,23,0,2,158,6,166,0,2,163,24,189,312,0,312,501
04/13/2023,SSF,TX,ASW,CE,Federal Contract Tower,0,0,11,4,15,0,8,137,3,148,0,8,148,7,163,226,12,238,401
04/14/2023,SSF,TX,ASW,CE,Federal Contract Tower,0,2,11,16,29,0,7,49,0,56,0,9,60,16,85,140,4,144,229
04/15/2023,SSF,TX,ASW,CE,Federal Contract Tower,0,0,10,0,10,0,13,90,1,104,0,13,100,1,114,92,0,92,206
04/16/2023,SSF,TX,ASW,CE,Federal Contract Tower,0,1,5,1,7,0,13,102,1,116,0,14,107,2,123,82,0,82,205
04/17/2023,SSF,TX,ASW,CE,Federal Contract Tower,0,0,5,12,17,0,0,114,22,136,0,0,119,34,153,58,0,58,211
04/18/2023,SSF,TX,ASW,CE,Federal Contract Tower,0,0,11,8,19,0,2,36,0,38,0,2,47,8,57,72,0,72,129
04/19/2023,SSF,TX,ASW,CE,Federal Contract Tower,0,0,16,20,36,0,5,60,3,68,0,5,76,23,104,112,2,114,218
04/20/2023,SSF,TX,ASW,CE,Federal Contract Tower,0,0,10,10,20,0,3,17,0,20,0,3,27,10,40,38,0,38,78
04/21/2023,SSF,TX,ASW,CE,Federal Contract Tower,0,0,16,15,31,0,2,92,2,96,0,2,108,17,127,150,0,150,277
04/22/2023,SSF,TX,ASW,CE,Federal Contract Tower,0,0,9,1,10,0,13,143,0,156,0,13,152,1,166,184,0,184,350
04/23/2023,SSF,TX,ASW,CE,Federal Contract Tower,0,0,8,1,9,0,20,20,1,41,0,20,28,2,50,4,0,4,54
04/24/2023,SSF,TX,ASW,CE,Federal Contract Tower,0,0,10,20,30,0,2,86,0,88,0,2,96,20,118,206,0,206,324
04/25/2023,SSF,TX,ASW,CE,Federal Contract Tower,0,3,6,8,17,0,4,34,0,38,0,7,40,8,55,144,0,144,199
04/26/2023,SSF,TX,ASW,CE,Federal Contract Tower,0,2,15,10,27,0,0,86,1,87,0,2,101,11,114,244,0,244,358
04/27/2023,SSF,TX,ASW,CE,Federal Contract Tower,0,0,15,14,29,0,10,115,0,125,0,10,130,14,154,248,0,248,402
04/28/2023,SSF,TX,ASW,CE,Federal Contract Tower,0,0,11,6,17,0,8,54,1,63,0,8,65,7,80,36,0,36,116
04/29/2023,SSF,TX,ASW,CE,Federal Contract Tower,0,1,4,2,7,0,16,67,7,90,0,17,71,9,97,58,0,58,155
04/30/2023,SSF,TX,ASW,CE,Federal Contract Tower,0,0,7,0,7,0,44,126,2,172,0,44,133,2,179,142,0,142,321
05/01/2023,SSF,TX,ASW,CE,Federal Contract Tower,0,0,6,22,28,0,7,137,0,144,0,7,143,22,172,192,0,192,364
05/02/2023,SSF,TX,ASW,CE,Federal Contract Tower,0,0,14,18,32,0,2,61,0,63,0,2,75,18,95,164,0,164,259
05/03/2023,SSF,TX,ASW,CE,Federal Contract Tower,0,0,15,27,42,0,4,109,0,113,0,4,124,27,155,226,10,236,391
05/04/2023,SSF,TX,ASW,CE,Federal Contract Tower,0,0,11,22,33,0,0,62,0,62,0,0,73,22,95,150,0,150,245
05/05/2023,SSF,TX,ASW,CE,Federal Contract Tower,0,1,6,0,7,0,20,88,0,108,0,21,94,0,115,158,0,158,273
05/06/2023,SSF,TX,ASW,CE,Federal Contract Tower,0,0,10,0,10,0,27,56,0,83,0,27,66,0,93,142,0,142,235
05/07/2023,SSF,TX,ASW,CE,Federal Contract Tower,0,0,3,0,3,0,21,22,0,43,0,21,25,0,46,40,0,40,86
05/08/2023,SSF,TX,ASW,CE,Federal Contract Tower,0,0,7,10,17,0,0,80,0,80,0,0,87,10,97,76,0,76,173
05/09/2023,SSF,TX,ASW,CE,Federal Contract Tower,0,0,4,0,4,0,0,0,0,0,0,0,4,0,4,70,0,70,74
05/10/2023,SSF,TX,ASW,CE,Federal Contract Tower,0,0,23,20,43,0,1,70,3,74,0,1,93,23,117,196,8,204,321
05/11/2023,SSF,TX,ASW,CE,Federal Contract Tower,0,0,13,16,29,0,0,60,1,61,0,0,73,17,90,216,0,216,306
05/12/2023,SSF,TX,ASW,CE,Federal Contract Tower,0,0,15,28,43,0,30,33,0,63,0,30,48,28,106,138,0,138,244
05/13/2023,SSF,TX,ASW,CE,Federal Contract Tower,0,0,0,0,0,0,7,44,0,51,0,7,44,0,51,58,0,58,109
05/14/2023,SSF,TX,ASW,CE,Federal Contract Tower,0,0,2,0,2,0,34,64,0,98,0,34,66,0,100,134,0,134,234
05/15/2023,SSF,TX,ASW,CE,Federal Contract Tower,0,0,1,14,15,0,0,21,0,21,0,0,22,14,36,36,0,36,72
05/16/2023,SSF,TX,ASW,CE,Federal Contract Tower,0,0,6,6,12,0,1,66,0,67,0,1,72,6,79,96,0,96,175
05/17/2023,SSF,TX,ASW,CE,Federal Contract Tower,0,0,6,10,16,0,3,154,0,157,0,3,160,10,173,348,0,348,521
05/18/2023,SSF,TX,ASW,CE,Federal Contract Tower,0,0,5,10,15,0,4,136,0,140,0,4,141,10,155,272,0,272,427
05/19/2023,SSF,TX,ASW,CE,Federal Contract Tower,0,0,11,6,17,0,18,103,0,121,0,18,114,6,138,104,0,104,242
05/20/2023,SSF,TX,ASW,CE,Federal Contract Tower,0,0,10,2,12,0,34,68,0,102,0,34,78,2,114,174,0,174,288
05/21/2023,SSF,TX,ASW,CE,Federal Contract Tower,0,0,3,0,3,0,8,47,0,55,0,8,50,0,58,100,0,100,158
05/22/2023,SSF,TX,ASW,CE,Federal Contract Tower,0,0,3,12,15,0,0,119,2,121,0,0,122,14,136,294,0,294,430
05/23/2023,SSF,TX,ASW,CE,Federal Contract Tower,0,0,3,18,21,0,3,158,3,164,0,3,161,21,185,251,2,253,438
05/24/2023,SSF,TX,ASW,CE,Federal Contract Tower,0,0,6,26,32,0,7,101,1,109,0,7,107,27,141,232,10,242,383
05/25/2023,SSF,TX,ASW,CE,Federal Contract Tower,0,0,13,20,33,0,4,117,0,121,0,4,130,20,154,290,0,290,444
05/26/2023,SSF,TX,ASW,CE,Federal Contract Tower,0,0,14,0,14,0,33,128,2,163,0,33,142,2,177,294,14,308,485
05/27/2023,SSF,TX,ASW,CE,Federal Contract Tower,0,0,12,0,12,0,20,111,0,131,0,20,123,0,143,196,0,196,339
05/28/2023,SSF,TX,ASW,CE,Federal Contract Tower,0,0,2,0,2,0,20,86,0,106,0,20,88,0,108,108,0,108,216
05/29/2023,SSF,TX,ASW,CE,Federal Contract Tower,0,0,13,0,13,0,1,50,0,51,0,1,63,0,64,186,0,186,250
05/30/2023,SSF,TX,ASW,CE,Federal Contract Tower,0,0,3,30,33,0,1,117,0,118,0,1,120,30,151,230,0,230,381
05/31/2023,SSF,TX,ASW,CE,Federal Contract Tower,0,0,7,12,19,0,4,120,0,124,0,4,127,12,143,246,0,246,389
06/01/2023,SSF,TX,ASW,CE,Federal Contract Tower,0,0,16,17,33,0,0,88,2,90,0,0,104,19,123,298,8,306,429
06/02/2023,SSF,TX,ASW,CE,Federal Contract Tower,0,0,13,14,27,0,24,112,1,137,0,24,125,15,164,262,0,262,426
06/03/2023,SSF,TX,ASW,CE,Federal Contract Tower,0,0,4,0,4,0,15,130,0,145,0,15,134,0,149,172,0,172,321
06/04/2023,SSF,TX,ASW,CE,Federal Contract Tower,0,0,4,0,4,0,6,87,0,93,0,6,91,0,97,78,0,78,175
06/05/2023,SSF,TX,ASW,CE,Federal Contract Tower,0,0,7,10,17,0,6,80,0,86,0,6,87,10,103,138,0,138,241
06/06/2023,SSF,TX,ASW,CE,Federal Contract Tower,0,0,1,14,15,0,6,70,0,76,0,6,71,14,91,132,0,132,223
06/07/2023,SSF,TX,ASW,CE,Federal Contract Tower,0,0,8,4,12,0,4,140,7,151,0,4,148,11,163,296,14,310,473
06/08/2023,SSF,TX,ASW,CE,Federal Contract Tower,0,0,6,10,16,0,14,127,2,143,0,14,133,12,159,202,0,202,361
06/09/2023,SSF,TX,ASW,CE,Federal Contract Tower,0,0,9,20,29,0,3,161,0,164,0,3,170,20,193,214,0,214,407
06/10/2023,SSF,TX,ASW,CE,Federal Contract Tower,0,0,2,0,2,0,11,160,1,172,0,11,162,1,174,192,0,192,366
06/11/2023,SSF,TX,ASW,CE,Federal Contract Tower,0,0,10,0,10,0,21,96,0,117,0,21,106,0,127,152,0,152,279
06/12/2023,SSF,TX,ASW,CE,Federal Contract Tower,0,0,24,6,30,0,2,66,5,73,0,2,90,11,103,136,0,136,239
06/13/2023,SSF,TX,ASW,CE,Federal Contract Tower,0,0,15,10,25,0,14,63,2,79,0,14,78,12,104,230,0,230,334
06/14/2023,SSF,TX,ASW,CE,Federal Contract Tower,0,0,29,14,43,0,4,62,0,66,0,4,91,14,109,224,0,224,333
06/15/2023,SSF,TX,ASW,CE,Federal Contract Tower,0,0,15,12,27,0,1,71,0,72,0,1,86,12,99,116,0,116,215
06/16/2023,SSF,TX,ASW,CE,Federal Contract Tower,0,2,8,10,20,0,14,126,1,141,0,16,134,11,161,188,0,188,349
06/17/2023,SSF,TX,ASW,CE,Federal Contract Tower,0,0,10,0,10,0,12,86,0,98,0,12,96,0,108,186,0,186,294
06/18/2023,SSF,TX,ASW,CE,Federal Contract Tower,0,0,1,0,1,0,34,72,0,106,0,34,73,0,107,136,0,136,243
06/19/2023,SSF,TX,ASW,CE,Federal Contract Tower,0,0,7,2,9,0,19,115,0,134,0,19,122,2,143,196,0,196,339
06/20/2023,SSF,TX,ASW,CE,Federal Contract Tower,0,0,19,14,33,0,3,110,0,113,0,3,129,14,146,198,0,198,344
06/21/2023,SSF,TX,ASW,CE,Federal Contract Tower,0,0,11,6,17,0,7,101,0,108,0,7,112,6,125,148,0,148,273
06/22/2023,SSF,TX,ASW,CE,Federal Contract Tower,0,0,2,6,8,0,4,84,0,88,0,4,86,6,96,150,0,150,246
06/23/2023,SSF,TX,ASW,CE,Federal Contract Tower,0,1,7,16,24,0,7,126,3,136,0,8,133,19,160,174,0,174,334
06/24/2023,SSF,TX,ASW,CE,Federal Contract Tower,0,0,14,4,18,0,13,153,2,168,0,13,167,6,186,150,10,160,346
06/25/2023,SSF,TX,ASW,CE,Federal Contract Tower,0,0,3,0,3,0,26,84,0,110,0,26,87,0,113,102,0,102,215
06/26/2023,SSF,TX,ASW,CE,Federal Contract Tower,0,1,8,20,29,0,1,97,0,98,0,2,105,20,127,116,0,116,243
06/27/2023,SSF,TX,ASW,CE,Federal Contract Tower,0,1,16,18,35,0,2,102,0,104,0,3,118,18,139,130,0,130,269
06/28/2023,SSF,TX,ASW,CE,Federal Contract Tower,0,0,12,18,30,0,3,120,0,123,0,3,132,18,153,184,0,184,337
06/29/2023,SSF,TX,ASW,CE,Federal Contract Tower,0,0,11,14,25,0,4,105,0,109,0,4,116,14,134,250,0,250,384
06/30/2023,SSF,TX,ASW,CE,Federal Contract Tower,0,0,20,8,28,0,4,108,1,113,0,4,128,9,141,240,6,246,387
07/01/2023,SSF,TX,ASW,CE,Federal Contract Tower,0,0,16,0,16,0,14,86,3,103,0,14,102,3,119,122,10,132,251
07/02/2023,SSF,TX,ASW,CE,Federal Contract Tower,0,0,8,0,8,0,22,89,0,111,0,22,97,0,119,132,0,132,251
07/03/2023,SSF,TX,ASW,CE,Federal Contract Tower,0,0,8,0,8,0,6,89,0,95,0,6,97,0,103,232,0,232,335
07/04/2023,SSF,TX,ASW,CE,Federal Contract Tower,0,0,4,0,4,0,8,44,0,52,0,8,48,0,56,52,0,52,108
07/05/2023,SSF,TX,ASW,CE,Federal Contract Tower,0,0,4,8,12,0,2,56,2,60,0,2,60,10,72,92,8,100,172
07/06/2023,SSF,TX,ASW,CE,Federal Contract Tower,0,0,6,20,26,0,4,61,2,67,0,4,67,22,93,184,10,194,287
07/07/2023,SSF,TX,ASW,CE,Federal Contract Tower,0,0,16,6,22,0,12,87,0,99,0,12,103,6,121,250,0,250,371
07/08/2023,SSF,TX,ASW,CE,Federal Contract Tower,0,0,13,0,13,0,17,84,6,107,0,17,97,6,120,122,12,134,254
07/09/2023,SSF,TX,ASW,CE,Federal Contract Tower,0,0,3,0,3,0,14,95,0,109,0,14,98,0,112,118,0,118,230
07/10/2023,SSF,TX,ASW,CE,Federal Contract Tower,0,0,9,8,17,0,0,96,2,98,0,0,105,10,115,120,0,120,235
07/11/2023,SSF,TX,ASW,CE,Federal Contract Tower,0,0,6,6,12,0,3,107,0,110,0,3,113,6,122,168,0,168,290
07/12/2023,SSF,TX,ASW,CE,Federal Contract Tower,0,0,4,20,24,0,8,98,0,106,0,8,102,20,130,136,0,136,266
07/13/2023,SSF,TX,ASW,CE,Federal Contract Tower,0,0,5,18,23,0,2,101,0,103,0,2,106,18,126,266,0,266,392
07/14/2023,SSF,TX,ASW,CE,Federal Contract Tower,0,0,7,12,19,0,7,119,0,126,0,7,126,12,145,158,0,158,303
07/15/2023,SSF,TX,ASW,CE,Federal Contract Tower,0,0,7,0,7,0,18,152,0,170,0,18,159,0,177,154,0,154,331
07/16/2023,SSF,TX,ASW,CE,Federal Contract Tower,0,0,5,4,9,0,50,79,0,129,0,50,84,4,138,108,0,108,246
07/17/2023,SSF,TX,ASW,CE,Federal Contract Tower,0,0,5,14,19,0,2,118,0,120,0,2,123,14,139,196,0,196,335
07/18/2023,SSF,TX,ASW,CE,Federal Contract Tower,0,1,7,10,18,0,0,109,1,110,0,1,116,11,128,180,0,180,308
07/19/2023,SSF,TX,ASW,CE,Federal Contract Tower,0,0,5,12,17,0,4,111,0,115,0,4,116,12,132,72,0,72,204
07/20/2023,SSF,TX,ASW,CE,Federal Contract Tower,0,0,12,6,18,0,4,119,1,124,0,4,131,7,142,202,0,202,344
07/21/2023,SSF,TX,ASW,CE,Federal Contract Tower,0,0,7,14,21,0,6,128,0,134,0,6,135,14,155,200,0,200,355
07/22/2023,SSF,TX,ASW,CE,Federal Contract Tower,0,0,1,2,3,0,5,150,0,155,0,5,151,2,158,182,0,182,340
07/23/2023,SSF,TX,ASW,CE,Federal Contract Tower,0,0,4,4,8,0,0,90,0,90,0,0,94,4,98,128,0,128,226
07/24/2023,SSF,TX,ASW,CE,Federal Contract Tower,0,0,9,18,27,0,0,107,0,107,0,0,116,18,134,184,0,184,318
07/25/2023,SSF,TX,ASW,CE,Federal Contract Tower,0,0,11,14,25,0,2,99,0,101,0,2,110,14,126,168,0,168,294
07/26/2023,SSF,TX,ASW,CE,Federal Contract Tower,0,0,9,16,25,0,7,80,0,87,0,7,89,16,112,76,0,76,188
07/27/2023,SSF,TX,ASW,CE,Federal Contract Tower,0,0,4,4,8,0,7,115,0,122,0,7,119,4,130,224,0,224,354
07/28/2023,SSF,TX,ASW,CE,Federal Contract Tower,0,0,2,14,16,0,10,122,0,132,0,10,124,14,148,92,0,92,240
07/29/2023,SSF,TX,ASW,CE,Federal Contract Tower,0,0,2,0,2,0,10,149,0,159,0,10,151,0,161,186,0,186,347
07/30/2023,SSF,TX,ASW,CE,Federal Contract Tower,0,0,3,0,3,0,42,90,0,132,0,42,93,0,135,92,0,92,227
07/31/2023,SSF,TX,ASW,CE,Federal Contract Tower,0,0,3,2,5,0,0,112,0,112,0,0,115,2,117,230,0,230,347
08/01/2023,SSF,TX,ASW,CE,Federal Contract Tower,0,0,5,14,19,0,0,99,0,99,0,0,104,14,118,172,0,172,290
08/02/2023,SSF,TX,ASW,CE,Federal Contract Tower,0,0,9,18,27,0,9,108,2,119,0,9,117,20,146,186,0,186,332
08/03/2023,SSF,TX,ASW,CE,Federal Contract Tower,0,0,14,14,28,0,4,123,0,127,0,4,137,14,155,236,0,236,391
08/04/2023,SSF,TX,ASW,CE,Federal Contract Tower,0,0,5,12,17,0,6,127,0,133,0,6,132,12,150,158,0,158,308
08/05/2023,SSF,TX,ASW,CE,Federal Contract Tower,0,0,1,0,1,0,38,115,0,153,0,38,116,0,154,172,0,172,326
08/06/2023,SSF,TX,ASW,CE,Federal Contract Tower,0,0,7,4,11,0,24,57,0,81,0,24,64,4,92,70,0,70,162
08/07/2023,SSF,TX,ASW,CE,Federal Contract Tower,0,2,6,26,34,0,5,89,0,94,0,7,95,26,128,110,0,110,238
08/08/2023,SSF,TX,ASW,CE,Federal Contract Tower,0,0,12,8,20,0,10,103,0,113,0,10,115,8,133,200,0,200,333
08/09/2023,SSF,TX,ASW,CE,Federal Contract Tower,0,0,8,21,29,0,0,91,0,91,0,0,99,21,120,106,0,106,226
08/10/2023,SSF,TX,ASW,CE,Federal Contract Tower,0,0,7,24,31,0,12,119,2,133,0,12,126,26,164,220,4,224,388
08/11/2023,SSF,TX,ASW,CE,Federal Contract Tower,0,0,9,16,25,0,6,124,0,130,0,6,133,16,155,222,0,222,377
08/12/2023,SSF,TX,ASW,CE,Federal Contract Tower,0,0,12,0,12,0,8,123,0,131,0,8,135,0,143,120,0,120,263
08/13/2023,SSF,TX,ASW,CE,Federal Contract Tower,0,0,10,0,10,0,26,77,0,103,0,26,87,0,113,82,0,82,195
08/14/2023,SSF,TX,ASW,CE,Federal Contract Tower,0,2,17,20,39,0,4,102,0,106,0,6,119,20,145,192,0,192,337
08/15/2023,SSF,TX,ASW,CE,Federal Contract Tower,0,0,9,2,11,0,0,105,0,105,0,0,114,2,116,190,0,190,306
08/16/2023,SSF,TX,ASW,CE,Federal Contract Tower,0,0,4,8,12,0,2,134,0,136,0,2,138,8,148,168,0,168,316
08/17/2023,SSF,TX,ASW,CE,Federal Contract Tower,0,2,6,10,18,0,5,124,0,129,0,7,130,10,147,214,0,214,361
08/18/2023,SSF,TX,ASW,CE,Federal Contract Tower,0,0,7,14,21,0,13,123,0,136,0,13,130,14,157,156,0,156,313
08/19/2023,SSF,TX,ASW,CE,Federal Contract Tower,0,0,5,0,5,0,32,108,0,140,0,32,113,0,145,182,0,182,327
08/20/2023,SSF,TX,ASW,CE,Federal Contract Tower,0,2,10,0,12,0,13,68,0,81,0,15,78,0,93,126,0,126,219
08/21/2023,SSF,TX,ASW,CE,Federal Contract Tower,0,0,3,10,13,0,2,94,0,96,0,2,97,10,109,176,0,176,285
08/22/2023,SSF,TX,ASW,CE,Federal Contract Tower,0,0,2,6,8,0,2,24,0,26,0,2,26,6,34,118,0,118,152
08/23/2023,SSF,TX,ASW,CE,Federal Contract Tower,0,0,10,24,34,0,1,69,0,70,0,1,79,24,104,196,0,196,300
08/24/2023,SSF,TX,ASW,CE,Federal Contract Tower,0,0,9,8,17,0,5,106,0,111,0,5,115,8,128,174,0,174,302
08/25/2023,SSF,TX,ASW,CE,Federal Contract Tower,0,0,4,20,24,0,6,134,1,141,0,6,138,21,165,264,0,264,429
08/26/2023,SSF,TX,ASW,CE,Federal Contract Tower,0,0,1,0,1,0,18,78,0,96,0,18,79,0,97,112,0,112,209
08/27/2023,SSF,TX,ASW,CE,Federal Contract Tower,0,0,2,0,2,0,28,76,0,104,0,28,78,0,106,66,0,66,172
08/28/2023,SSF,TX,ASW,CE,Federal Contract Tower,0,0,6,2,8,0,7,60,2,69,0,7,66,4,77,74,0,74,151
08/29/2023,SSF,TX,ASW,CE,Federal Contract Tower,0,7,9,14,30,0,11,108,5,124,0,18,117,19,154,160,4,164,318
08/30/2023,SSF,TX,ASW,CE,Federal Contract Tower,0,0,5,18,23,0,3,119,1,123,0,3,124,19,146,277,6,283,429
08/31/2023,SSF,TX,ASW,CE,Federal Contract Tower,0,0,4,22,26,0,0,103,0,103,0,0,107,22,129,157,0,157,286
