01/01/2020,STC,MN,AGL,CE,Federal Contract Tower,2,0,0,0,2,0,4,9,0,13,2,4,9,0,15,14,0,14,29
01/02/2020,STC,MN,AGL,CE,Federal Contract Tower,0,0,11,0,11,0,2,5,2,9,0,2,16,2,20,0,4,4,24
01/03/2020,STC,MN,AGL,CE,Federal Contract Tower,0,0,0,0,0,0,0,3,0,3,0,0,3,0,3,12,0,12,15
01/04/2020,STC,MN,AGL,CE,Federal Contract Tower,4,0,3,0,7,0,3,53,0,56,4,3,56,0,63,78,0,78,141
01/05/2020,STC,MN,AGL,CE,Federal Contract Tower,0,1,8,0,9,0,0,3,0,3,0,1,11,0,12,4,0,4,16
01/06/2020,STC,MN,AGL,CE,Federal Contract Tower,0,0,3,0,3,0,0,43,0,43,0,0,46,0,46,60,0,60,106
01/07/2020,STC,MN,AGL,CE,Federal Contract Tower,0,0,11,0,11,0,0,21,6,27,0,0,32,6,38,64,0,64,102
01/08/2020,STC,MN,AGL,CE,Federal Contract Tower,2,0,8,1,11,0,0,13,3,16,2,0,21,4,27,22,16,38,65
01/09/2020,STC,MN,AGL,CE,Federal Contract Tower,0,0,4,0,4,0,0,22,10,32,0,0,26,10,36,6,34,40,76
01/10/2020,STC,MN,AGL,CE,Federal Contract Tower,0,1,10,0,11,0,5,14,2,21,0,6,24,2,32,28,4,32,64
01/11/2020,STC,MN,AGL,CE,Federal Contract Tower,4,1,6,0,11,0,2,18,2,22,4,3,24,2,33,16,0,16,49
01/12/2020,STC,MN,AGL,CE,Federal Contract Tower,0,1,11,0,12,0,0,9,0,9,0,1,20,0,21,6,0,6,27
01/13/2020,STC,MN,AGL,CE,Federal Contract Tower,0,0,7,0,7,0,0,0,0,0,0,0,7,0,7,0,0,0,7
01/14/2020,STC,MN,AGL,CE,Federal Contract Tower,0,3,20,1,24,0,0,6,9,15,0,3,26,10,39,52,21,73,112
01/15/2020,STC,MN,AGL,CE,Federal Contract Tower,2,3,18,1,24,0,2,2,2,6,2,5,20,3,30,0,4,4,34
01/16/2020,STC,MN,AGL,CE,Federal Contract Tower,0,1,3,1,5,0,0,10,3,13,0,1,13,4,18,2,0,2,20
01/17/2020,STC,MN,AGL,CE,Federal Contract Tower,0,0,2,0,2,0,0,1,7,8,0,0,3,7,10,0,12,12,22
01/18/2020,STC,MN,AGL,CE,Federal Contract Tower,4,0,0,0,4,0,0,0,0,0,4,0,0,0,4,0,0,0,4
01/19/2020,STC,MN,AGL,CE,Federal Contract Tower,0,2,0,0,2,0,0,4,0,4,0,2,4,0,6,0,0,0,6
01/20/2020,STC,MN,AGL,CE,Federal Contract Tower,0,0,7,0,7,0,2,47,0,49,0,2,54,0,56,54,0,54,110
01/21/2020,STC,MN,AGL,CE,Federal Contract Tower,0,0,11,0,11,0,0,14,0,14,0,0,25,0,25,0,0,0,25
01/22/2020,STC,MN,AGL,CE,Federal Contract Tower,2,2,23,0,27,0,0,0,0,0,2,2,23,0,27,0,0,0,27
01/23/2020,STC,MN,AGL,CE,Federal Contract Tower,0,0,7,0,7,0,0,0,0,0,0,0,7,0,7,0,0,0,7
01/24/2020,STC,MN,AGL,CE,Federal Contract Tower,0,1,8,0,9,0,0,2,0,2,0,1,10,0,11,0,0,0,11
01/25/2020,STC,MN,AGL,CE,Federal Contract Tower,4,0,2,0,6,0,0,16,0,16,4,0,18,0,22,36,0,36,58
01/26/2020,STC,MN,AGL,CE,Federal Contract Tower,0,0,2,0,2,0,0,2,0,2,0,0,4,0,4,4,0,4,8
01/27/2020,STC,MN,AGL,CE,Federal Contract Tower,0,0,10,0,10,0,0,0,0,0,0,0,10,0,10,0,0,0,10
01/28/2020,STC,MN,AGL,CE,Federal Contract Tower,0,0,9,6,15,0,0,2,3,5,0,0,11,9,20,26,24,50,70
01/29/2020,STC,MN,AGL,CE,Federal Contract Tower,4,0,4,0,8,0,0,3,2,5,4,0,7,2,13,36,0,36,49
01/30/2020,STC,MN,AGL,CE,Federal Contract Tower,0,0,5,0,5,0,0,0,0,0,0,0,5,0,5,0,0,0,5
01/31/2020,STC,MN,AGL,CE,Federal Contract Tower,2,0,3,0,5,0,0,0,0,0,2,0,3,0,5,0,0,0,5
02/01/2020,STC,MN,AGL,CE,Federal Contract Tower,4,1,9,0,14,0,0,61,1,62,4,1,70,1,76,104,0,104,180
02/02/2020,STC,MN,AGL,CE,Federal Contract Tower,0,0,2,0,2,0,0,14,0,14,0,0,16,0,16,18,0,18,34
02/03/2020,STC,MN,AGL,CE,Federal Contract Tower,1,0,5,0,6,0,0,19,0,19,1,0,24,0,25,18,0,18,43
02/04/2020,STC,MN,AGL,CE,Federal Contract Tower,0,2,15,5,22,0,0,33,6,39,0,2,48,11,61,12,44,56,117
02/05/2020,STC,MN,AGL,CE,Federal Contract Tower,4,1,18,0,23,0,0,37,6,43,4,1,55,6,66,48,0,48,114
02/06/2020,STC,MN,AGL,CE,Federal Contract Tower,0,0,10,0,10,0,0,21,2,23,0,0,31,2,33,66,0,66,99
02/07/2020,STC,MN,AGL,CE,Federal Contract Tower,0,0,5,0,5,0,0,13,0,13,0,0,18,0,18,22,0,22,40
02/08/2020,STC,MN,AGL,CE,Federal Contract Tower,4,0,8,0,12,0,0,43,10,53,4,0,51,10,65,44,20,64,129
02/09/2020,STC,MN,AGL,CE,Federal Contract Tower,0,0,5,0,5,0,0,13,4,17,0,0,18,4,22,8,0,8,30
02/10/2020,STC,MN,AGL,CE,Federal Contract Tower,2,2,4,0,8,0,0,29,0,29,2,2,33,0,37,48,0,48,85
02/11/2020,STC,MN,AGL,CE,Federal Contract Tower,0,0,18,0,18,0,0,16,1,17,0,0,34,1,35,18,0,18,53
02/12/2020,STC,MN,AGL,CE,Federal Contract Tower,4,0,21,0,25,0,2,3,0,5,4,2,24,0,30,0,0,0,30
02/13/2020,STC,MN,AGL,CE,Federal Contract Tower,0,0,3,0,3,0,0,5,0,5,0,0,8,0,8,0,0,0,8
02/14/2020,STC,MN,AGL,CE,Federal Contract Tower,2,2,8,0,12,0,0,12,0,12,2,2,20,0,24,6,0,6,30
02/15/2020,STC,MN,AGL,CE,Federal Contract Tower,4,0,0,0,4,0,4,60,1,65,4,4,60,1,69,31,4,35,104
02/16/2020,STC,MN,AGL,CE,Federal Contract Tower,0,0,10,0,10,0,0,27,0,27,0,0,37,0,37,20,0,20,57
02/17/2020,STC,MN,AGL,CE,Federal Contract Tower,2,0,12,0,14,0,2,6,0,8,2,2,18,0,22,26,0,26,48
02/18/2020,STC,MN,AGL,CE,Federal Contract Tower,0,0,11,1,12,0,0,23,0,23,0,0,34,1,35,28,0,28,63
02/19/2020,STC,MN,AGL,CE,Federal Contract Tower,4,0,20,2,26,0,5,29,2,36,4,5,49,4,62,42,2,44,106
02/20/2020,STC,MN,AGL,CE,Federal Contract Tower,0,0,4,4,8,0,0,25,2,27,0,0,29,6,35,14,4,18,53
02/21/2020,STC,MN,AGL,CE,Federal Contract Tower,2,2,11,0,15,0,15,34,3,52,2,17,45,3,67,17,18,35,102
02/22/2020,STC,MN,AGL,CE,Federal Contract Tower,4,0,2,0,6,0,0,58,0,58,4,0,60,0,64,50,0,50,114
02/23/2020,STC,MN,AGL,CE,Federal Contract Tower,0,1,10,0,11,0,0,15,0,15,0,1,25,0,26,4,0,4,30
02/24/2020,STC,MN,AGL,CE,Federal Contract Tower,2,0,6,2,10,0,0,33,2,35,2,0,39,4,45,42,6,48,93
02/25/2020,STC,MN,AGL,CE,Federal Contract Tower,0,0,12,0,12,0,2,25,5,32,0,2,37,5,44,46,0,46,90
02/26/2020,STC,MN,AGL,CE,Federal Contract Tower,4,0,14,0,18,0,0,20,6,26,4,0,34,6,44,34,0,34,78
02/27/2020,STC,MN,AGL,CE,Federal Contract Tower,0,0,12,0,12,0,0,27,0,27,0,0,39,0,39,58,0,58,97
02/28/2020,STC,MN,AGL,CE,Federal Contract Tower,2,0,9,0,11,0,0,43,0,43,2,0,52,0,54,82,0,82,136
02/29/2020,STC,MN,AGL,CE,Federal Contract Tower,4,0,5,0,9,0,0,36,0,36,4,0,41,0,45,22,0,22,67
03/01/2020,STC,MN,AGL,CE,Federal Contract Tower,0,0,7,0,7,0,0,30,0,30,0,0,37,0,37,20,0,20,57
03/02/2020,STC,MN,AGL,CE,Federal Contract Tower,3,0,13,0,16,0,0,33,0,33,3,0,46,0,49,124,0,124,173
03/03/2020,STC,MN,AGL,CE,Federal Contract Tower,0,0,5,4,9,0,0,15,6,21,0,0,20,10,30,6,12,18,48
03/04/2020,STC,MN,AGL,CE,Federal Contract Tower,4,0,5,1,10,0,0,34,10,44,4,0,39,11,54,70,14,84,138
03/05/2020,STC,MN,AGL,CE,Federal Contract Tower,0,2,8,2,12,0,0,0,0,0,0,2,8,2,12,0,0,0,12
03/06/2020,STC,MN,AGL,CE,Federal Contract Tower,2,0,18,0,20,0,0,78,5,83,2,0,96,5,103,78,0,78,181
03/07/2020,STC,MN,AGL,CE,Federal Contract Tower,4,2,6,0,12,0,0,45,0,45,4,2,51,0,57,38,0,38,95
03/08/2020,STC,MN,AGL,CE,Federal Contract Tower,0,0,4,0,4,0,0,34,0,34,0,0,38,0,38,38,0,38,76
03/09/2020,STC,MN,AGL,CE,Federal Contract Tower,2,0,9,0,11,0,2,17,3,22,2,2,26,3,33,64,6,70,103
03/10/2020,STC,MN,AGL,CE,Federal Contract Tower,2,0,10,1,13,0,0,17,7,24,2,0,27,8,37,18,54,72,109
03/11/2020,STC,MN,AGL,CE,Federal Contract Tower,4,0,16,0,20,0,0,5,4,9,4,0,21,4,29,4,0,4,33
03/12/2020,STC,MN,AGL,CE,Federal Contract Tower,0,0,12,0,12,0,0,2,2,4,0,0,14,2,16,0,0,0,16
03/13/2020,STC,MN,AGL,CE,Federal Contract Tower,2,2,10,2,16,0,0,40,0,40,2,2,50,2,56,20,0,20,76
03/14/2020,STC,MN,AGL,CE,Federal Contract Tower,4,0,6,0,10,0,2,48,0,50,4,2,54,0,60,40,0,40,100
03/15/2020,STC,MN,AGL,CE,Federal Contract Tower,0,0,5,1,6,0,4,88,0,92,0,4,93,1,98,64,0,64,162
03/16/2020,STC,MN,AGL,CE,Federal Contract Tower,1,2,4,0,7,0,0,4,0,4,1,2,8,0,11,24,0,24,35
03/17/2020,STC,MN,AGL,CE,Federal Contract Tower,2,0,5,0,7,0,0,36,6,42,2,0,41,6,49,48,6,54,103
03/18/2020,STC,MN,AGL,CE,Federal Contract Tower,4,2,1,0,7,0,0,0,0,0,4,2,1,0,7,0,0,0,7
03/19/2020,STC,MN,AGL,CE,Federal Contract Tower,0,0,0,0,0,0,0,0,0,0,0,0,0,0,0,0,0,0,0
03/20/2020,STC,MN,AGL,CE,Federal Contract Tower,2,2,5,0,9,0,2,1,0,3,2,4,6,0,12,22,0,22,34
03/21/2020,STC,MN,AGL,CE,Federal Contract Tower,4,0,1,0,5,0,0,35,0,35,4,0,36,0,40,46,0,46,86
03/22/2020,STC,MN,AGL,CE,Federal Contract Tower,0,0,4,0,4,0,0,4,0,4,0,0,8,0,8,4,0,4,12
03/23/2020,STC,MN,AGL,CE,Federal Contract Tower,2,0,6,0,8,0,0,36,2,38,2,0,42,2,46,132,0,132,178
03/24/2020,STC,MN,AGL,CE,Federal Contract Tower,2,0,3,0,5,0,0,0,20,20,2,0,3,20,25,38,0,38,63
03/25/2020,STC,MN,AGL,CE,Federal Contract Tower,2,0,2,0,4,0,0,0,4,4,2,0,2,4,8,0,26,26,34
03/26/2020,STC,MN,AGL,CE,Federal Contract Tower,0,0,2,0,2,0,2,29,2,33,0,2,31,2,35,64,0,64,99
03/27/2020,STC,MN,AGL,CE,Federal Contract Tower,2,0,6,0,8,0,5,36,4,45,2,5,42,4,53,36,0,36,89
03/28/2020,STC,MN,AGL,CE,Federal Contract Tower,2,0,3,0,5,0,0,6,0,6,2,0,9,0,11,0,0,0,11
03/29/2020,STC,MN,AGL,CE,Federal Contract Tower,0,0,0,0,0,0,0,3,0,3,0,0,3,0,3,26,0,26,29
03/30/2020,STC,MN,AGL,CE,Federal Contract Tower,2,0,3,0,5,0,0,49,0,49,2,0,52,0,54,38,0,38,92
03/31/2020,STC,MN,AGL,CE,Federal Contract Tower,0,1,1,0,2,0,0,39,9,48,0,1,40,9,50,48,2,50,100
04/01/2020,STC,MN,AGL,CE,Federal Contract Tower,2,0,2,0,4,0,0,8,12,20,2,0,10,12,24,6,14,20,44
04/02/2020,STC,MN,AGL,CE,Federal Contract Tower,0,0,8,0,8,0,2,0,4,6,0,2,8,4,14,2,0,2,16
04/03/2020,STC,MN,AGL,CE,Federal Contract Tower,2,0,3,0,5,0,0,0,4,4,2,0,3,4,9,0,0,0,9
04/04/2020,STC,MN,AGL,CE,Federal Contract Tower,0,0,7,0,7,0,0,48,0,48,0,0,55,0,55,42,0,42,97
04/05/2020,STC,MN,AGL,CE,Federal Contract Tower,0,0,0,0,0,0,0,25,0,25,0,0,25,0,25,10,0,10,35
04/06/2020,STC,MN,AGL,CE,Federal Contract Tower,0,0,1,0,1,0,0,2,10,12,0,0,3,10,13,14,0,14,27
04/07/2020,STC,MN,AGL,CE,Federal Contract Tower,0,4,0,0,4,0,0,15,11,26,0,4,15,11,30,4,34,38,68
04/08/2020,STC,MN,AGL,CE,Federal Contract Tower,2,0,1,0,3,0,0,12,10,22,2,0,13,10,25,2,0,2,27
04/09/2020,STC,MN,AGL,CE,Federal Contract Tower,0,0,0,0,0,0,0,9,2,11,0,0,9,2,11,0,8,8,19
04/10/2020,STC,MN,AGL,CE,Federal Contract Tower,2,1,6,0,9,0,0,35,2,37,2,1,41,2,46,42,0,42,88
04/11/2020,STC,MN,AGL,CE,Federal Contract Tower,0,0,5,0,5,0,0,44,0,44,0,0,49,0,49,20,0,20,69
04/12/2020,STC,MN,AGL,CE,Federal Contract Tower,0,0,0,0,0,0,0,0,0,0,0,0,0,0,0,0,0,0,0
04/13/2020,STC,MN,AGL,CE,Federal Contract Tower,0,0,5,0,5,0,4,14,0,18,0,4,19,0,23,12,0,12,35
04/14/2020,STC,MN,AGL,CE,Federal Contract Tower,0,2,1,2,5,0,0,4,9,13,0,2,5,11,18,26,30,56,74
04/15/2020,STC,MN,AGL,CE,Federal Contract Tower,2,0,8,0,10,0,0,18,6,24,2,0,26,6,34,18,6,24,58
04/16/2020,STC,MN,AGL,CE,Federal Contract Tower,0,0,6,0,6,0,0,24,6,30,0,0,30,6,36,10,8,18,54
04/17/2020,STC,MN,AGL,CE,Federal Contract Tower,0,0,5,0,5,0,6,35,1,42,0,6,40,1,47,74,0,74,121
04/18/2020,STC,MN,AGL,CE,Federal Contract Tower,2,0,2,0,4,0,0,35,16,51,2,0,37,16,55,34,0,34,89
04/19/2020,STC,MN,AGL,CE,Federal Contract Tower,0,0,0,0,0,0,0,41,0,41,0,0,41,0,41,34,0,34,75
04/20/2020,STC,MN,AGL,CE,Federal Contract Tower,0,0,5,2,7,0,4,9,2,15,0,4,14,4,22,12,0,12,34
04/21/2020,STC,MN,AGL,CE,Federal Contract Tower,0,0,5,4,9,0,0,26,6,32,0,0,31,10,41,74,12,86,127
04/22/2020,STC,MN,AGL,CE,Federal Contract Tower,2,0,5,0,7,0,2,30,9,41,2,2,35,9,48,50,0,50,98
04/23/2020,STC,MN,AGL,CE,Federal Contract Tower,0,0,6,0,6,0,0,18,6,24,0,0,24,6,30,50,24,74,104
04/24/2020,STC,MN,AGL,CE,Federal Contract Tower,0,2,2,0,4,0,0,19,0,19,0,2,21,0,23,12,0,12,35
04/25/2020,STC,MN,AGL,CE,Federal Contract Tower,2,0,2,0,4,0,0,52,0,52,2,0,54,0,56,30,0,30,86
04/26/2020,STC,MN,AGL,CE,Federal Contract Tower,0,0,2,0,2,0,0,47,0,47,0,0,49,0,49,14,0,14,63
04/27/2020,STC,MN,AGL,CE,Federal Contract Tower,0,0,8,0,8,0,0,42,4,46,0,0,50,4,54,20,4,24,78
04/28/2020,STC,MN,AGL,CE,Federal Contract Tower,0,0,7,0,7,0,1,0,7,8,0,1,7,7,15,4,0,4,19
04/29/2020,STC,MN,AGL,CE,Federal Contract Tower,0,0,5,0,5,0,2,22,10,34,0,2,27,10,39,6,16,22,61
04/30/2020,STC,MN,AGL,CE,Federal Contract Tower,0,0,7,0,7,0,0,81,12,93,0,0,88,12,100,46,0,46,146
05/01/2020,STC,MN,AGL,CE,Federal Contract Tower,0,0,7,0,7,0,6,7,0,13,0,6,14,0,20,30,0,30,50
05/02/2020,STC,MN,AGL,CE,Federal Contract Tower,2,0,6,0,8,0,8,41,0,49,2,8,47,0,57,6,0,6,63
05/03/2020,STC,MN,AGL,CE,Federal Contract Tower,0,0,4,0,4,0,2,46,0,48,0,2,50,0,52,14,0,14,66
05/04/2020,STC,MN,AGL,CE,Federal Contract Tower,0,2,5,0,7,0,0,34,0,34,0,2,39,0,41,28,0,28,69
05/05/2020,STC,MN,AGL,CE,Federal Contract Tower,0,0,1,1,2,0,8,42,8,58,0,8,43,9,60,100,0,100,160
05/06/2020,STC,MN,AGL,CE,Federal Contract Tower,0,0,5,0,5,0,1,31,12,44,0,1,36,12,49,52,52,104,153
05/07/2020,STC,MN,AGL,CE,Federal Contract Tower,0,0,5,0,5,0,8,45,3,56,0,8,50,3,61,32,10,42,103
05/08/2020,STC,MN,AGL,CE,Federal Contract Tower,0,1,4,0,5,0,4,28,0,32,0,5,32,0,37,78,0,78,115
05/09/2020,STC,MN,AGL,CE,Federal Contract Tower,2,1,2,0,5,0,0,33,0,33,2,1,35,0,38,60,0,60,98
05/10/2020,STC,MN,AGL,CE,Federal Contract Tower,0,1,2,0,3,0,0,12,0,12,0,1,14,0,15,2,0,2,17
05/11/2020,STC,MN,AGL,CE,Federal Contract Tower,0,0,1,2,3,0,0,35,2,37,0,0,36,4,40,68,0,68,108
05/12/2020,STC,MN,AGL,CE,Federal Contract Tower,0,0,7,1,8,0,4,67,3,74,0,4,74,4,82,74,22,96,178
05/13/2020,STC,MN,AGL,CE,Federal Contract Tower,0,0,15,1,16,0,0,15,2,17,0,0,30,3,33,56,32,88,121
05/14/2020,STC,MN,AGL,CE,Federal Contract Tower,0,0,5,0,5,0,4,35,6,45,0,4,40,6,50,46,18,64,114
05/15/2020,STC,MN,AGL,CE,Federal Contract Tower,0,0,7,0,7,0,0,64,3,67,0,0,71,3,74,82,118,200,274
05/16/2020,STC,MN,AGL,CE,Federal Contract Tower,2,0,10,2,14,0,0,16,5,21,2,0,26,7,35,20,12,32,67
05/17/2020,STC,MN,AGL,CE,Federal Contract Tower,0,0,3,0,3,0,4,9,0,13,0,4,12,0,16,8,0,8,24
05/18/2020,STC,MN,AGL,CE,Federal Contract Tower,0,0,2,0,2,0,0,18,1,19,0,0,20,1,21,20,0,20,41
05/19/2020,STC,MN,AGL,CE,Federal Contract Tower,0,0,6,1,7,0,2,43,11,56,0,2,49,12,63,94,26,120,183
05/20/2020,STC,MN,AGL,CE,Federal Contract Tower,0,0,16,1,17,0,0,59,8,67,0,0,75,9,84,40,0,40,124
05/21/2020,STC,MN,AGL,CE,Federal Contract Tower,0,0,10,0,10,0,1,31,7,39,0,1,41,7,49,46,18,64,113
05/22/2020,STC,MN,AGL,CE,Federal Contract Tower,0,0,7,0,7,0,5,33,0,38,0,5,40,0,45,64,0,64,109
05/23/2020,STC,MN,AGL,CE,Federal Contract Tower,2,0,6,0,8,0,0,3,0,3,2,0,9,0,11,26,0,26,37
05/24/2020,STC,MN,AGL,CE,Federal Contract Tower,0,0,3,0,3,0,4,5,0,9,0,4,8,0,12,8,0,8,20
05/25/2020,STC,MN,AGL,CE,Federal Contract Tower,0,0,4,0,4,0,0,22,0,22,0,0,26,0,26,12,0,12,38
05/26/2020,STC,MN,AGL,CE,Federal Contract Tower,0,0,8,0,8,0,0,1,0,1,0,0,9,0,9,4,0,4,13
05/27/2020,STC,MN,AGL,CE,Federal Contract Tower,0,0,7,0,7,0,3,57,11,71,0,3,64,11,78,86,4,90,168
05/28/2020,STC,MN,AGL,CE,Federal Contract Tower,0,0,9,0,9,0,0,38,12,50,0,0,47,12,59,64,6,70,129
05/29/2020,STC,MN,AGL,CE,Federal Contract Tower,0,0,4,0,4,0,1,54,1,56,0,1,58,1,60,82,0,82,142
05/30/2020,STC,MN,AGL,CE,Federal Contract Tower,2,0,2,0,4,0,2,63,5,70,2,2,65,5,74,49,0,49,123
05/31/2020,STC,MN,AGL,CE,Federal Contract Tower,2,0,6,0,8,0,0,41,2,43,2,0,47,2,51,34,0,34,85
06/01/2020,STC,MN,AGL,CE,Federal Contract Tower,0,2,1,2,5,0,0,28,4,32,0,2,29,6,37,42,0,42,79
06/02/2020,STC,MN,AGL,CE,Federal Contract Tower,0,0,1,0,1,0,2,22,2,26,0,2,23,2,27,22,0,22,49
06/03/2020,STC,MN,AGL,CE,Federal Contract Tower,0,0,9,0,9,0,2,70,0,72,0,2,79,0,81,82,0,82,163
06/04/2020,STC,MN,AGL,CE,Federal Contract Tower,0,0,10,0,10,0,0,36,2,38,0,0,46,2,48,42,0,42,90
06/05/2020,STC,MN,AGL,CE,Federal Contract Tower,0,0,7,0,7,0,18,67,4,89,0,18,74,4,96,54,0,54,150
06/06/2020,STC,MN,AGL,CE,Federal Contract Tower,2,0,6,0,8,0,0,54,3,57,2,0,60,3,65,64,0,64,129
06/07/2020,STC,MN,AGL,CE,Federal Contract Tower,0,0,4,0,4,0,0,28,0,28,0,0,32,0,32,20,0,20,52
06/08/2020,STC,MN,AGL,CE,Federal Contract Tower,0,2,6,0,8,0,4,5,6,15,0,6,11,6,23,8,2,10,33
06/09/2020,STC,MN,AGL,CE,Federal Contract Tower,0,2,1,0,3,0,2,22,0,24,0,4,23,0,27,60,0,60,87
06/10/2020,STC,MN,AGL,CE,Federal Contract Tower,2,1,15,0,18,0,0,13,15,28,2,1,28,15,46,18,0,18,64
06/11/2020,STC,MN,AGL,CE,Federal Contract Tower,0,1,11,0,12,0,0,39,0,39,0,1,50,0,51,94,0,94,145
06/12/2020,STC,MN,AGL,CE,Federal Contract Tower,0,0,5,0,5,0,4,80,0,84,0,4,85,0,89,150,0,150,239
06/13/2020,STC,MN,AGL,CE,Federal Contract Tower,2,0,2,2,6,0,0,62,0,62,2,0,64,2,68,58,0,58,126
06/14/2020,STC,MN,AGL,CE,Federal Contract Tower,0,1,0,4,5,0,0,7,5,12,0,1,7,9,17,8,2,10,27
06/15/2020,STC,MN,AGL,CE,Federal Contract Tower,0,1,7,0,8,0,0,18,20,38,0,1,25,20,46,30,66,96,142
06/16/2020,STC,MN,AGL,CE,Federal Contract Tower,0,0,8,0,8,0,6,22,10,38,0,6,30,10,46,54,0,54,100
06/17/2020,STC,MN,AGL,CE,Federal Contract Tower,2,0,9,0,11,0,1,26,5,32,2,1,35,5,43,44,0,44,87
06/18/2020,STC,MN,AGL,CE,Federal Contract Tower,0,0,5,0,5,0,0,21,3,24,0,0,26,3,29,80,0,80,109
06/19/2020,STC,MN,AGL,CE,Federal Contract Tower,0,0,6,4,10,0,0,83,1,84,0,0,89,5,94,152,0,152,246
06/20/2020,STC,MN,AGL,CE,Federal Contract Tower,2,1,7,0,10,0,6,42,10,58,2,7,49,10,68,70,8,78,146
06/21/2020,STC,MN,AGL,CE,Federal Contract Tower,2,0,3,0,5,0,0,37,0,37,2,0,40,0,42,100,0,100,142
06/22/2020,STC,MN,AGL,CE,Federal Contract Tower,0,0,10,0,10,0,0,26,6,32,0,0,36,6,42,136,0,136,178
06/23/2020,STC,MN,AGL,CE,Federal Contract Tower,0,2,19,0,21,0,2,38,7,47,0,4,57,7,68,76,24,100,168
06/24/2020,STC,MN,AGL,CE,Federal Contract Tower,2,0,13,2,17,0,4,68,10,82,2,4,81,12,99,72,4,76,175
06/25/2020,STC,MN,AGL,CE,Federal Contract Tower,0,2,3,1,6,0,0,51,10,61,0,2,54,11,67,110,0,110,177
06/26/2020,STC,MN,AGL,CE,Federal Contract Tower,0,0,5,1,6,0,2,40,1,43,0,2,45,2,49,86,0,86,135
06/27/2020,STC,MN,AGL,CE,Federal Contract Tower,2,0,3,0,5,0,0,44,7,51,2,0,47,7,56,74,0,74,130
06/28/2020,STC,MN,AGL,CE,Federal Contract Tower,0,0,3,0,3,0,4,29,0,33,0,4,32,0,36,12,0,12,48
06/29/2020,STC,MN,AGL,CE,Federal Contract Tower,0,0,8,0,8,0,4,11,1,16,0,4,19,1,24,38,0,38,62
06/30/2020,STC,MN,AGL,CE,Federal Contract Tower,0,2,6,0,8,0,2,20,0,22,0,4,26,0,30,48,0,48,78
07/01/2020,STC,MN,AGL,CE,Federal Contract Tower,2,2,5,0,9,0,0,32,1,33,2,2,37,1,42,50,0,50,92
07/02/2020,STC,MN,AGL,CE,Federal Contract Tower,0,0,9,0,9,0,0,68,0,68,0,0,77,0,77,36,0,36,113
07/03/2020,STC,MN,AGL,CE,Federal Contract Tower,0,0,4,0,4,0,0,59,0,59,0,0,63,0,63,96,0,96,159
07/04/2020,STC,MN,AGL,CE,Federal Contract Tower,2,0,1,0,3,0,0,19,0,19,2,0,20,0,22,4,4,8,30
07/05/2020,STC,MN,AGL,CE,Federal Contract Tower,0,0,6,0,6,0,2,34,0,36,0,2,40,0,42,6,0,6,48
07/06/2020,STC,MN,AGL,CE,Federal Contract Tower,0,0,4,0,4,0,2,10,0,12,0,2,14,0,16,30,0,30,46
07/07/2020,STC,MN,AGL,CE,Federal Contract Tower,0,0,4,3,7,0,1,55,4,60,0,1,59,7,67,60,0,60,127
07/08/2020,STC,MN,AGL,CE,Federal Contract Tower,2,0,10,1,13,0,0,17,3,20,2,0,27,4,33,22,2,24,57
07/09/2020,STC,MN,AGL,CE,Federal Contract Tower,0,2,4,2,8,0,0,39,19,58,0,2,43,21,66,88,24,112,178
07/10/2020,STC,MN,AGL,CE,Federal Contract Tower,0,0,12,0,12,0,0,56,0,56,0,0,68,0,68,42,0,42,110
07/11/2020,STC,MN,AGL,CE,Federal Contract Tower,2,0,3,0,5,0,0,39,0,39,2,0,42,0,44,42,0,42,86
07/12/2020,STC,MN,AGL,CE,Federal Contract Tower,0,0,3,0,3,0,0,50,0,50,0,0,53,0,53,38,0,38,91
07/13/2020,STC,MN,AGL,CE,Federal Contract Tower,0,0,8,0,8,0,0,32,0,32,0,0,40,0,40,50,0,50,90
07/14/2020,STC,MN,AGL,CE,Federal Contract Tower,0,0,7,0,7,0,0,21,9,30,0,0,28,9,37,54,28,82,119
07/15/2020,STC,MN,AGL,CE,Federal Contract Tower,2,2,8,0,12,0,2,50,2,54,2,4,58,2,66,104,0,104,170
07/16/2020,STC,MN,AGL,CE,Federal Contract Tower,0,0,6,0,6,0,0,46,8,54,0,0,52,8,60,82,2,84,144
07/17/2020,STC,MN,AGL,CE,Federal Contract Tower,0,0,8,0,8,0,0,68,1,69,0,0,76,1,77,107,0,107,184
07/18/2020,STC,MN,AGL,CE,Federal Contract Tower,2,0,1,0,3,0,0,38,10,48,2,0,39,10,51,112,14,126,177
07/19/2020,STC,MN,AGL,CE,Federal Contract Tower,0,0,2,0,2,0,2,21,8,31,0,2,23,8,33,18,0,18,51
07/20/2020,STC,MN,AGL,CE,Federal Contract Tower,0,0,7,0,7,0,4,84,1,89,0,4,91,1,96,76,0,76,172
07/21/2020,STC,MN,AGL,CE,Federal Contract Tower,0,0,9,1,10,0,0,21,3,24,0,0,30,4,34,31,26,57,91
07/22/2020,STC,MN,AGL,CE,Federal Contract Tower,2,0,19,0,21,0,2,55,4,61,2,2,74,4,82,131,0,131,213
07/23/2020,STC,MN,AGL,CE,Federal Contract Tower,0,0,6,1,7,0,0,46,9,55,0,0,52,10,62,98,74,172,234
07/24/2020,STC,MN,AGL,CE,Federal Contract Tower,0,0,1,0,1,0,0,19,0,19,0,0,20,0,20,8,0,8,28
07/25/2020,STC,MN,AGL,CE,Federal Contract Tower,2,0,0,0,2,0,0,33,0,33,2,0,33,0,35,50,0,50,85
07/26/2020,STC,MN,AGL,CE,Federal Contract Tower,0,0,5,0,5,0,0,0,0,0,0,0,5,0,5,8,0,8,13
07/27/2020,STC,MN,AGL,CE,Federal Contract Tower,0,0,10,0,10,0,0,33,6,39,0,0,43,6,49,112,12,124,173
07/28/2020,STC,MN,AGL,CE,Federal Contract Tower,0,0,11,0,11,0,0,48,4,52,0,0,59,4,63,124,32,156,219
07/29/2020,STC,MN,AGL,CE,Federal Contract Tower,0,0,8,1,9,0,2,54,4,60,0,2,62,5,69,154,2,156,225
07/30/2020,STC,MN,AGL,CE,Federal Contract Tower,0,0,6,1,7,0,2,42,2,46,0,2,48,3,53,46,0,46,99
07/31/2020,STC,MN,AGL,CE,Federal Contract Tower,0,0,3,0,3,0,0,50,0,50,0,0,53,0,53,76,0,76,129
08/01/2020,STC,MN,AGL,CE,Federal Contract Tower,2,0,13,0,15,0,4,40,0,44,2,4,53,0,59,42,0,42,101
08/02/2020,STC,MN,AGL,CE,Federal Contract Tower,0,0,8,0,8,0,0,37,0,37,0,0,45,0,45,14,0,14,59
08/03/2020,STC,MN,AGL,CE,Federal Contract Tower,0,2,3,0,5,0,2,3,0,5,0,4,6,0,10,82,0,82,92
08/04/2020,STC,MN,AGL,CE,Federal Contract Tower,0,0,11,0,11,0,4,67,8,79,0,4,78,8,90,126,18,144,234
08/05/2020,STC,MN,AGL,CE,Federal Contract Tower,0,0,3,0,3,0,1,32,3,36,0,1,35,3,39,42,0,42,81
08/06/2020,STC,MN,AGL,CE,Federal Contract Tower,0,0,8,0,8,0,0,38,12,50,0,0,46,12,58,50,10,60,118
08/07/2020,STC,MN,AGL,CE,Federal Contract Tower,0,0,19,0,19,0,0,23,0,23,0,0,42,0,42,40,0,40,82
08/08/2020,STC,MN,AGL,CE,Federal Contract Tower,2,0,9,0,11,0,0,13,0,13,2,0,22,0,24,24,0,24,48
08/09/2020,STC,MN,AGL,CE,Federal Contract Tower,0,0,6,0,6,0,2,23,0,25,0,2,29,0,31,24,0,24,55
08/10/2020,STC,MN,AGL,CE,Federal Contract Tower,0,0,5,0,5,0,0,41,0,41,0,0,46,0,46,118,0,118,164
08/11/2020,STC,MN,AGL,CE,Federal Contract Tower,0,0,9,3,12,0,4,38,4,46,0,4,47,7,58,54,12,66,124
08/12/2020,STC,MN,AGL,CE,Federal Contract Tower,0,1,9,4,14,0,0,21,1,22,0,1,30,5,36,40,26,66,102
08/13/2020,STC,MN,AGL,CE,Federal Contract Tower,0,0,16,0,16,0,0,10,13,23,0,0,26,13,39,0,4,4,43
08/14/2020,STC,MN,AGL,CE,Federal Contract Tower,0,0,8,0,8,0,0,15,0,15,0,0,23,0,23,52,0,52,75
08/15/2020,STC,MN,AGL,CE,Federal Contract Tower,2,0,6,0,8,0,0,55,0,55,2,0,61,0,63,58,0,58,121
08/16/2020,STC,MN,AGL,CE,Federal Contract Tower,0,0,8,0,8,0,4,64,0,68,0,4,72,0,76,80,0,80,156
08/17/2020,STC,MN,AGL,CE,Federal Contract Tower,0,0,10,0,10,0,0,41,2,43,0,0,51,2,53,38,0,38,91
08/18/2020,STC,MN,AGL,CE,Federal Contract Tower,0,0,17,4,21,0,0,70,1,71,0,0,87,5,92,58,8,66,158
08/19/2020,STC,MN,AGL,CE,Federal Contract Tower,0,0,5,0,5,0,0,53,3,56,0,0,58,3,61,106,26,132,193
08/20/2020,STC,MN,AGL,CE,Federal Contract Tower,0,0,10,0,10,0,0,63,0,63,0,0,73,0,73,111,0,111,184
08/21/2020,STC,MN,AGL,CE,Federal Contract Tower,0,2,12,0,14,0,0,61,2,63,0,2,73,2,77,86,0,86,163
08/22/2020,STC,MN,AGL,CE,Federal Contract Tower,0,2,0,0,2,0,9,34,6,49,0,11,34,6,51,24,0,24,75
08/23/2020,STC,MN,AGL,CE,Federal Contract Tower,0,1,10,0,11,0,2,45,4,51,0,3,55,4,62,42,0,42,104
08/24/2020,STC,MN,AGL,CE,Federal Contract Tower,0,0,11,2,13,0,2,45,2,49,0,2,56,4,62,134,0,134,196
08/25/2020,STC,MN,AGL,CE,Federal Contract Tower,0,2,7,0,9,0,1,56,2,59,0,3,63,2,68,86,12,98,166
08/26/2020,STC,MN,AGL,CE,Federal Contract Tower,0,0,6,0,6,0,1,33,5,39,0,1,39,5,45,52,2,54,99
08/27/2020,STC,MN,AGL,CE,Federal Contract Tower,2,0,7,0,9,0,2,39,4,45,2,2,46,4,54,102,0,102,156
08/28/2020,STC,MN,AGL,CE,Federal Contract Tower,0,0,9,0,9,0,0,14,0,14,0,0,23,0,23,10,0,10,33
08/29/2020,STC,MN,AGL,CE,Federal Contract Tower,0,0,5,0,5,0,0,83,0,83,0,0,88,0,88,104,0,104,192
08/30/2020,STC,MN,AGL,CE,Federal Contract Tower,2,1,7,0,10,0,2,22,0,24,2,3,29,0,34,6,0,6,40
08/31/2020,STC,MN,AGL,CE,Federal Contract Tower,0,0,5,0,5,0,0,34,3,37,0,0,39,3,42,72,0,72,114
09/01/2020,STC,MN,AGL,CE,Federal Contract Tower,0,2,5,3,10,0,2,38,8,48,0,4,43,11,58,64,18,82,140
09/02/2020,STC,MN,AGL,CE,Federal Contract Tower,0,2,12,0,14,0,0,61,1,62,0,2,73,1,76,69,60,129,205
09/03/2020,STC,MN,AGL,CE,Federal Contract Tower,0,0,9,2,11,0,1,19,11,31,0,1,28,13,42,22,10,32,74
09/04/2020,STC,MN,AGL,CE,Federal Contract Tower,0,1,8,0,9,0,0,55,0,55,0,1,63,0,64,68,0,68,132
09/05/2020,STC,MN,AGL,CE,Federal Contract Tower,0,2,1,0,3,0,1,48,0,49,0,3,49,0,52,26,0,26,78
09/06/2020,STC,MN,AGL,CE,Federal Contract Tower,0,0,4,0,4,0,0,10,4,14,0,0,14,4,18,2,0,2,20
09/07/2020,STC,MN,AGL,CE,Federal Contract Tower,0,3,11,0,14,0,0,34,0,34,0,3,45,0,48,32,0,32,80
09/08/2020,STC,MN,AGL,CE,Federal Contract Tower,0,1,14,2,17,0,0,29,6,35,0,1,43,8,52,42,6,48,100
09/09/2020,STC,MN,AGL,CE,Federal Contract Tower,0,1,18,0,19,0,0,34,12,46,0,1,52,12,65,56,6,62,127
09/10/2020,STC,MN,AGL,CE,Federal Contract Tower,0,3,10,0,13,0,0,64,0,64,0,3,74,0,77,100,2,102,179
09/11/2020,STC,MN,AGL,CE,Federal Contract Tower,0,1,13,0,14,0,0,41,0,41,0,1,54,0,55,78,0,78,133
09/12/2020,STC,MN,AGL,CE,Federal Contract Tower,2,0,14,0,16,0,0,2,0,2,2,0,16,0,18,6,0,6,24
09/13/2020,STC,MN,AGL,CE,Federal Contract Tower,0,0,6,0,6,0,3,65,0,68,0,3,71,0,74,62,0,62,136
09/14/2020,STC,MN,AGL,CE,Federal Contract Tower,0,0,11,0,11,0,2,49,1,52,0,2,60,1,63,94,2,96,159
09/15/2020,STC,MN,AGL,CE,Federal Contract Tower,0,0,11,0,11,0,0,27,6,33,0,0,38,6,44,28,14,42,86
09/16/2020,STC,MN,AGL,CE,Federal Contract Tower,0,0,10,0,10,0,5,38,3,46,0,5,48,3,56,46,4,50,106
09/17/2020,STC,MN,AGL,CE,Federal Contract Tower,0,0,12,1,13,0,0,51,18,69,0,0,63,19,82,92,12,104,186
09/18/2020,STC,MN,AGL,CE,Federal Contract Tower,0,0,13,0,13,0,1,53,17,71,0,1,66,17,84,66,92,158,242
09/19/2020,STC,MN,AGL,CE,Federal Contract Tower,2,0,2,6,10,0,2,46,13,61,2,2,48,19,71,78,18,96,167
09/20/2020,STC,MN,AGL,CE,Federal Contract Tower,0,0,5,0,5,0,2,11,0,13,0,2,16,0,18,0,0,0,18
09/21/2020,STC,MN,AGL,CE,Federal Contract Tower,0,1,9,1,11,0,0,39,0,39,0,1,48,1,50,98,4,102,152
09/22/2020,STC,MN,AGL,CE,Federal Contract Tower,0,0,14,4,18,0,0,72,9,81,0,0,86,13,99,142,0,142,241
09/23/2020,STC,MN,AGL,CE,Federal Contract Tower,0,0,7,0,7,0,0,43,2,45,0,0,50,2,52,52,6,58,110
09/24/2020,STC,MN,AGL,CE,Federal Contract Tower,0,0,13,0,13,0,0,45,7,52,0,0,58,7,65,42,4,46,111
09/25/2020,STC,MN,AGL,CE,Federal Contract Tower,2,0,12,0,14,0,2,19,2,23,2,2,31,2,37,10,0,10,47
09/26/2020,STC,MN,AGL,CE,Federal Contract Tower,0,0,4,0,4,0,2,35,0,37,0,2,39,0,41,50,0,50,91
09/27/2020,STC,MN,AGL,CE,Federal Contract Tower,0,0,12,0,12,0,0,28,0,28,0,0,40,0,40,8,0,8,48
09/28/2020,STC,MN,AGL,CE,Federal Contract Tower,2,0,11,0,13,0,1,10,4,15,2,1,21,4,28,18,0,18,46
09/29/2020,STC,MN,AGL,CE,Federal Contract Tower,0,0,14,0,14,0,1,36,7,44,0,1,50,7,58,78,0,78,136
09/30/2020,STC,MN,AGL,CE,Federal Contract Tower,2,0,11,0,13,0,0,14,4,18,2,0,25,4,31,18,0,18,49
10/01/2020,STC,MN,AGL,CE,Federal Contract Tower,0,0,9,0,9,0,0,21,4,25,0,0,30,4,34,12,0,12,46
10/02/2020,STC,MN,AGL,CE,Federal Contract Tower,0,0,10,0,10,0,0,79,0,79,0,0,89,0,89,82,0,82,171
10/03/2020,STC,MN,AGL,CE,Federal Contract Tower,4,0,7,0,11,0,0,39,0,39,4,0,46,0,50,12,0,12,62
10/04/2020,STC,MN,AGL,CE,Federal Contract Tower,0,0,9,0,9,0,0,61,0,61,0,0,70,0,70,60,0,60,130
10/05/2020,STC,MN,AGL,CE,Federal Contract Tower,0,0,4,0,4,0,2,22,4,28,0,2,26,4,32,58,0,58,90
10/06/2020,STC,MN,AGL,CE,Federal Contract Tower,0,0,18,0,18,0,0,26,4,30,0,0,44,4,48,40,6,46,94
10/07/2020,STC,MN,AGL,CE,Federal Contract Tower,2,1,9,0,12,0,4,47,3,54,2,5,56,3,66,46,8,54,120
10/08/2020,STC,MN,AGL,CE,Federal Contract Tower,0,0,5,0,5,0,0,40,0,40,0,0,45,0,45,66,0,66,111
10/09/2020,STC,MN,AGL,CE,Federal Contract Tower,0,1,4,0,5,0,0,40,0,40,0,1,44,0,45,26,0,26,71
10/10/2020,STC,MN,AGL,CE,Federal Contract Tower,2,0,9,0,11,0,0,63,0,63,2,0,72,0,74,56,0,56,130
10/11/2020,STC,MN,AGL,CE,Federal Contract Tower,0,1,8,0,9,0,0,12,0,12,0,1,20,0,21,6,0,6,27
10/12/2020,STC,MN,AGL,CE,Federal Contract Tower,0,0,17,0,17,0,0,31,2,33,0,0,48,2,50,64,0,64,114
10/13/2020,STC,MN,AGL,CE,Federal Contract Tower,1,1,13,0,15,0,4,9,3,16,1,5,22,3,31,16,0,16,47
10/14/2020,STC,MN,AGL,CE,Federal Contract Tower,2,0,18,0,20,0,0,15,8,23,2,0,33,8,43,8,18,26,69
10/15/2020,STC,MN,AGL,CE,Federal Contract Tower,0,0,16,4,20,0,4,34,4,42,0,4,50,8,62,76,4,80,142
10/16/2020,STC,MN,AGL,CE,Federal Contract Tower,0,2,2,0,4,0,0,13,0,13,0,2,15,0,17,28,0,28,45
10/17/2020,STC,MN,AGL,CE,Federal Contract Tower,2,0,2,0,4,0,0,7,0,7,2,0,9,0,11,16,0,16,27
10/18/2020,STC,MN,AGL,CE,Federal Contract Tower,0,0,7,0,7,0,4,42,0,46,0,4,49,0,53,56,0,56,109
10/19/2020,STC,MN,AGL,CE,Federal Contract Tower,0,1,3,0,4,0,2,10,0,12,0,3,13,0,16,40,0,40,56
10/20/2020,STC,MN,AGL,CE,Federal Contract Tower,0,1,3,0,4,0,0,3,0,3,0,1,6,0,7,0,0,0,7
10/21/2020,STC,MN,AGL,CE,Federal Contract Tower,2,0,3,0,5,0,0,33,10,43,2,0,36,10,48,36,24,60,108
10/22/2020,STC,MN,AGL,CE,Federal Contract Tower,0,0,4,0,4,0,0,2,0,2,0,0,6,0,6,4,0,4,10
10/23/2020,STC,MN,AGL,CE,Federal Contract Tower,0,0,4,0,4,0,0,30,0,30,0,0,34,0,34,138,0,138,172
10/24/2020,STC,MN,AGL,CE,Federal Contract Tower,2,0,10,0,12,0,2,35,4,41,2,2,45,4,53,38,0,38,91
10/25/2020,STC,MN,AGL,CE,Federal Contract Tower,0,0,1,0,1,0,0,5,0,5,0,0,6,0,6,2,0,2,8
10/26/2020,STC,MN,AGL,CE,Federal Contract Tower,0,0,12,0,12,0,2,39,0,41,0,2,51,0,53,102,0,102,155
10/27/2020,STC,MN,AGL,CE,Federal Contract Tower,0,0,10,0,10,0,0,27,6,33,0,0,37,6,43,76,18,94,137
10/28/2020,STC,MN,AGL,CE,Federal Contract Tower,2,0,10,2,14,0,0,50,6,56,2,0,60,8,70,112,12,124,194
10/29/2020,STC,MN,AGL,CE,Federal Contract Tower,0,0,9,1,10,0,4,50,8,62,0,4,59,9,72,124,10,134,206
10/30/2020,STC,MN,AGL,CE,Federal Contract Tower,0,0,9,0,9,0,0,56,6,62,0,0,65,6,71,106,4,110,181
10/31/2020,STC,MN,AGL,CE,Federal Contract Tower,2,0,4,0,6,0,0,12,0,12,2,0,16,0,18,12,0,12,30
11/01/2020,STC,MN,AGL,CE,Federal Contract Tower,0,6,14,2,22,0,0,38,0,38,0,6,52,2,60,46,2,48,108
11/02/2020,STC,MN,AGL,CE,Federal Contract Tower,0,0,5,0,5,0,6,22,0,28,0,6,27,0,33,30,0,30,63
11/03/2020,STC,MN,AGL,CE,Federal Contract Tower,0,0,7,2,9,0,0,43,15,58,0,0,50,17,67,36,10,46,113
11/04/2020,STC,MN,AGL,CE,Federal Contract Tower,4,0,13,7,24,0,0,65,9,74,4,0,78,16,98,96,16,112,210
11/05/2020,STC,MN,AGL,CE,Federal Contract Tower,0,1,16,2,19,0,0,50,6,56,0,1,66,8,75,24,12,36,111
11/06/2020,STC,MN,AGL,CE,Federal Contract Tower,0,0,9,0,9,0,0,42,0,42,0,0,51,0,51,22,0,22,73
11/07/2020,STC,MN,AGL,CE,Federal Contract Tower,2,0,5,0,7,0,0,24,2,26,2,0,29,2,33,32,0,32,65
11/08/2020,STC,MN,AGL,CE,Federal Contract Tower,0,0,1,0,1,0,0,2,0,2,0,0,3,0,3,0,0,0,3
11/09/2020,STC,MN,AGL,CE,Federal Contract Tower,0,0,1,0,1,0,0,0,0,0,0,0,1,0,1,0,0,0,1
11/10/2020,STC,MN,AGL,CE,Federal Contract Tower,0,3,6,0,9,0,0,6,0,6,0,3,12,0,15,6,0,6,21
11/11/2020,STC,MN,AGL,CE,Federal Contract Tower,2,1,12,0,15,0,0,24,0,24,2,1,36,0,39,44,0,44,83
11/12/2020,STC,MN,AGL,CE,Federal Contract Tower,0,0,10,0,10,0,6,20,0,26,0,6,30,0,36,16,0,16,52
11/13/2020,STC,MN,AGL,CE,Federal Contract Tower,0,1,12,0,13,0,0,49,13,62,0,1,61,13,75,40,36,76,151
11/14/2020,STC,MN,AGL,CE,Federal Contract Tower,2,0,7,2,11,0,2,4,4,10,2,2,11,6,21,2,0,2,23
11/15/2020,STC,MN,AGL,CE,Federal Contract Tower,0,0,5,0,5,0,2,2,2,6,0,2,7,2,11,0,0,0,11
11/16/2020,STC,MN,AGL,CE,Federal Contract Tower,0,0,9,0,9,0,0,25,0,25,0,0,34,0,34,36,0,36,70
11/17/2020,STC,MN,AGL,CE,Federal Contract Tower,0,0,19,2,21,0,2,58,12,72,0,2,77,14,93,40,2,42,135
11/18/2020,STC,MN,AGL,CE,Federal Contract Tower,2,0,9,0,11,0,0,8,10,18,2,0,17,10,29,4,0,4,33
11/19/2020,STC,MN,AGL,CE,Federal Contract Tower,0,0,9,0,9,0,2,63,2,67,0,2,72,2,76,78,0,78,154
11/20/2020,STC,MN,AGL,CE,Federal Contract Tower,0,0,7,0,7,0,0,56,0,56,0,0,63,0,63,84,0,84,147
11/21/2020,STC,MN,AGL,CE,Federal Contract Tower,2,0,7,0,9,0,4,79,0,83,2,4,86,0,92,62,0,62,154
11/22/2020,STC,MN,AGL,CE,Federal Contract Tower,0,0,2,0,2,0,0,7,0,7,0,0,9,0,9,0,0,0,9
11/23/2020,STC,MN,AGL,CE,Federal Contract Tower,0,0,12,0,12,0,2,51,0,53,0,2,63,0,65,100,0,100,165
11/24/2020,STC,MN,AGL,CE,Federal Contract Tower,2,0,7,0,9,0,0,0,0,0,2,0,7,0,9,0,0,0,9
11/25/2020,STC,MN,AGL,CE,Federal Contract Tower,0,0,5,0,5,0,0,8,0,8,0,0,13,0,13,0,0,0,13
11/26/2020,STC,MN,AGL,CE,Federal Contract Tower,0,0,0,0,0,0,0,2,0,2,0,0,2,0,2,0,0,0,2
11/27/2020,STC,MN,AGL,CE,Federal Contract Tower,0,0,4,0,4,0,0,65,0,65,0,0,69,0,69,112,0,112,181
11/28/2020,STC,MN,AGL,CE,Federal Contract Tower,2,1,3,0,6,0,0,73,0,73,2,1,76,0,79,84,0,84,163
11/29/2020,STC,MN,AGL,CE,Federal Contract Tower,0,0,3,0,3,0,0,4,0,4,0,0,7,0,7,2,0,2,9
11/30/2020,STC,MN,AGL,CE,Federal Contract Tower,0,0,5,0,5,0,2,58,0,60,0,2,63,0,65,134,0,134,199
12/01/2020,STC,MN,AGL,CE,Federal Contract Tower,0,0,3,1,4,0,2,49,2,53,0,2,52,3,57,64,0,64,121
12/02/2020,STC,MN,AGL,CE,Federal Contract Tower,0,0,3,0,3,0,0,47,6,53,0,0,50,6,56,52,0,52,108
12/03/2020,STC,MN,AGL,CE,Federal Contract Tower,0,0,7,2,9,0,6,74,7,87,0,6,81,9,96,76,10,86,182
12/04/2020,STC,MN,AGL,CE,Federal Contract Tower,0,0,5,0,5,0,2,62,4,68,0,2,67,4,73,84,0,84,157
12/05/2020,STC,MN,AGL,CE,Federal Contract Tower,2,0,3,0,5,0,2,56,0,58,2,2,59,0,63,20,0,20,83
12/06/2020,STC,MN,AGL,CE,Federal Contract Tower,0,0,3,0,3,0,0,0,0,0,0,0,3,0,3,0,0,0,3
12/07/2020,STC,MN,AGL,CE,Federal Contract Tower,0,0,3,0,3,0,0,0,0,0,0,0,3,0,3,0,0,0,3
12/08/2020,STC,MN,AGL,CE,Federal Contract Tower,0,2,14,3,19,0,0,28,13,41,0,2,42,16,60,34,10,44,104
12/09/2020,STC,MN,AGL,CE,Federal Contract Tower,0,0,13,2,15,0,0,55,13,68,0,0,68,15,83,60,10,70,153
12/10/2020,STC,MN,AGL,CE,Federal Contract Tower,0,2,14,3,19,0,0,38,3,41,0,2,52,6,60,74,4,78,138
12/11/2020,STC,MN,AGL,CE,Federal Contract Tower,0,2,8,0,10,0,4,6,0,10,0,6,14,0,20,20,0,20,40
12/12/2020,STC,MN,AGL,CE,Federal Contract Tower,2,0,8,0,10,0,0,14,0,14,2,0,22,0,24,4,0,4,28
12/13/2020,STC,MN,AGL,CE,Federal Contract Tower,0,0,2,0,2,0,0,1,0,1,0,0,3,0,3,0,0,0,3
12/14/2020,STC,MN,AGL,CE,Federal Contract Tower,2,2,5,1,10,0,0,36,0,36,2,2,41,1,46,44,0,44,90
12/15/2020,STC,MN,AGL,CE,Federal Contract Tower,0,0,9,0,9,0,0,36,10,46,0,0,45,10,55,90,6,96,151
12/16/2020,STC,MN,AGL,CE,Federal Contract Tower,0,3,10,0,13,0,0,38,13,51,0,3,48,13,64,62,12,74,138
12/17/2020,STC,MN,AGL,CE,Federal Contract Tower,0,3,12,0,15,0,0,23,4,27,0,3,35,4,42,60,0,60,102
12/18/2020,STC,MN,AGL,CE,Federal Contract Tower,0,0,4,0,4,0,0,14,0,14,0,0,18,0,18,42,0,42,60
12/19/2020,STC,MN,AGL,CE,Federal Contract Tower,4,0,11,0,15,0,3,51,0,54,4,3,62,0,69,46,0,46,115
12/20/2020,STC,MN,AGL,CE,Federal Contract Tower,0,0,2,0,2,0,7,39,0,46,0,7,41,0,48,38,0,38,86
12/21/2020,STC,MN,AGL,CE,Federal Contract Tower,4,3,7,0,14,0,1,6,0,7,4,4,13,0,21,20,0,20,41
12/22/2020,STC,MN,AGL,CE,Federal Contract Tower,0,1,4,2,7,0,5,27,8,40,0,6,31,10,47,46,0,46,93
12/23/2020,STC,MN,AGL,CE,Federal Contract Tower,4,0,1,0,5,0,0,0,0,0,4,0,1,0,5,0,0,0,5
12/24/2020,STC,MN,AGL,CE,Federal Contract Tower,0,0,4,0,4,0,0,4,0,4,0,0,8,0,8,0,0,0,8
12/25/2020,STC,MN,AGL,CE,Federal Contract Tower,0,0,0,0,0,0,2,8,0,10,0,2,8,0,10,0,0,0,10
12/26/2020,STC,MN,AGL,CE,Federal Contract Tower,4,0,4,0,8,0,0,0,0,0,4,0,4,0,8,0,0,0,8
12/27/2020,STC,MN,AGL,CE,Federal Contract Tower,0,0,0,0,0,0,0,2,0,2,0,0,2,0,2,0,0,0,2
12/28/2020,STC,MN,AGL,CE,Federal Contract Tower,2,0,5,0,7,0,7,19,0,26,2,7,24,0,33,38,0,38,71
12/29/2020,STC,MN,AGL,CE,Federal Contract Tower,0,0,3,0,3,0,3,3,0,6,0,3,6,0,9,12,0,12,21
12/30/2020,STC,MN,AGL,CE,Federal Contract Tower,4,6,0,2,12,0,0,5,14,19,4,6,5,16,31,8,36,44,75
12/31/2020,STC,MN,AGL,CE,Federal Contract Tower,0,0,11,0,11,0,0,9,2,11,0,0,20,2,22,6,0,6,28
01/01/2021,STC,MN,AGL,CE,Federal Contract Tower,0,0,0,0,0,0,0,2,0,2,0,0,2,0,2,0,0,0,2
01/02/2021,STC,MN,AGL,CE,Federal Contract Tower,4,0,1,0,5,0,0,9,0,9,4,0,10,0,14,16,0,16,30
01/03/2021,STC,MN,AGL,CE,Federal Contract Tower,0,2,5,0,7,0,0,33,0,33,0,2,38,0,40,54,0,54,94
01/04/2021,STC,MN,AGL,CE,Federal Contract Tower,0,0,6,0,6,0,0,40,0,40,0,0,46,0,46,24,0,24,70
01/05/2021,STC,MN,AGL,CE,Federal Contract Tower,0,3,10,3,16,0,0,39,8,47,0,3,49,11,63,22,18,40,103
01/06/2021,STC,MN,AGL,CE,Federal Contract Tower,2,0,6,0,8,0,0,53,8,61,2,0,59,8,69,82,0,82,151
01/07/2021,STC,MN,AGL,CE,Federal Contract Tower,0,0,2,0,2,0,0,0,0,0,0,0,2,0,2,0,0,0,2
01/08/2021,STC,MN,AGL,CE,Federal Contract Tower,0,0,2,0,2,0,0,0,0,0,0,0,2,0,2,0,0,0,2
01/09/2021,STC,MN,AGL,CE,Federal Contract Tower,4,0,2,0,6,0,0,0,0,0,4,0,2,0,6,0,0,0,6
01/10/2021,STC,MN,AGL,CE,Federal Contract Tower,0,2,2,0,4,0,0,23,0,23,0,2,25,0,27,26,0,26,53
01/11/2021,STC,MN,AGL,CE,Federal Contract Tower,0,0,7,0,7,0,7,34,0,41,0,7,41,0,48,80,0,80,128
01/12/2021,STC,MN,AGL,CE,Federal Contract Tower,0,0,10,0,10,0,1,23,10,34,0,1,33,10,44,66,6,72,116
01/13/2021,STC,MN,AGL,CE,Federal Contract Tower,2,0,14,2,18,0,0,63,10,73,2,0,77,12,91,70,2,72,163
01/14/2021,STC,MN,AGL,CE,Federal Contract Tower,0,2,2,0,4,0,0,0,0,0,0,2,2,0,4,0,0,0,4
01/15/2021,STC,MN,AGL,CE,Federal Contract Tower,0,0,1,0,1,0,0,0,0,0,0,0,1,0,1,0,0,0,1
01/16/2021,STC,MN,AGL,CE,Federal Contract Tower,4,0,6,0,10,0,0,3,1,4,4,0,9,1,14,6,4,10,24
01/17/2021,STC,MN,AGL,CE,Federal Contract Tower,0,0,3,0,3,0,0,0,0,0,0,0,3,0,3,0,0,0,3
01/18/2021,STC,MN,AGL,CE,Federal Contract Tower,0,0,5,0,5,0,3,31,0,34,0,3,36,0,39,70,0,70,109
01/19/2021,STC,MN,AGL,CE,Federal Contract Tower,0,2,3,0,5,0,0,21,0,21,0,2,24,0,26,30,2,32,58
01/20/2021,STC,MN,AGL,CE,Federal Contract Tower,2,0,7,0,9,0,0,19,17,36,2,0,26,17,45,44,12,56,101
01/21/2021,STC,MN,AGL,CE,Federal Contract Tower,0,4,9,0,13,0,3,25,8,36,0,7,34,8,49,52,6,58,107
01/22/2021,STC,MN,AGL,CE,Federal Contract Tower,0,0,12,0,12,0,2,55,3,60,0,2,67,3,72,116,0,116,188
01/23/2021,STC,MN,AGL,CE,Federal Contract Tower,4,4,8,0,16,0,0,17,0,17,4,4,25,0,33,68,0,68,101
01/24/2021,STC,MN,AGL,CE,Federal Contract Tower,0,0,8,0,8,0,0,36,0,36,0,0,44,0,44,58,30,88,132
01/25/2021,STC,MN,AGL,CE,Federal Contract Tower,0,1,6,0,7,0,0,54,0,54,0,1,60,0,61,66,0,66,127
01/26/2021,STC,MN,AGL,CE,Federal Contract Tower,0,3,11,4,18,0,1,41,11,53,0,4,52,15,71,50,20,70,141
01/27/2021,STC,MN,AGL,CE,Federal Contract Tower,2,2,6,0,10,0,0,23,21,44,2,2,29,21,54,30,8,38,92
01/28/2021,STC,MN,AGL,CE,Federal Contract Tower,0,5,9,0,14,0,0,40,12,52,0,5,49,12,66,42,24,66,132
01/29/2021,STC,MN,AGL,CE,Federal Contract Tower,0,0,3,0,3,0,0,6,6,12,0,0,9,6,15,18,0,18,33
01/30/2021,STC,MN,AGL,CE,Federal Contract Tower,4,0,1,0,5,0,0,2,0,2,4,0,3,0,7,6,0,6,13
01/31/2021,STC,MN,AGL,CE,Federal Contract Tower,0,1,3,0,4,0,2,3,0,5,0,3,6,0,9,24,0,24,33
02/01/2021,STC,MN,AGL,CE,Federal Contract Tower,0,3,10,2,15,0,0,7,0,7,0,3,17,2,22,14,0,14,36
02/02/2021,STC,MN,AGL,CE,Federal Contract Tower,0,0,11,0,11,0,0,0,0,0,0,0,11,0,11,0,0,0,11
02/03/2021,STC,MN,AGL,CE,Federal Contract Tower,2,0,12,1,15,0,0,7,8,15,2,0,19,9,30,10,6,16,46
02/04/2021,STC,MN,AGL,CE,Federal Contract Tower,0,0,6,0,6,0,0,5,7,12,0,0,11,7,18,0,0,0,18
02/05/2021,STC,MN,AGL,CE,Federal Contract Tower,0,0,12,1,13,0,0,8,2,10,0,0,20,3,23,44,0,44,67
02/06/2021,STC,MN,AGL,CE,Federal Contract Tower,4,0,0,0,4,0,1,8,0,9,4,1,8,0,13,0,0,0,13
02/07/2021,STC,MN,AGL,CE,Federal Contract Tower,0,0,0,0,0,0,2,5,0,7,0,2,5,0,7,6,0,6,13
02/08/2021,STC,MN,AGL,CE,Federal Contract Tower,0,2,8,0,10,0,0,6,0,6,0,2,14,0,16,0,0,0,16
02/09/2021,STC,MN,AGL,CE,Federal Contract Tower,0,0,10,2,12,0,0,18,5,23,0,0,28,7,35,14,8,22,57
02/10/2021,STC,MN,AGL,CE,Federal Contract Tower,4,3,9,1,17,0,0,30,4,34,4,3,39,5,51,36,0,36,87
02/11/2021,STC,MN,AGL,CE,Federal Contract Tower,0,4,3,4,11,0,1,4,3,8,0,5,7,7,19,2,0,2,21
02/12/2021,STC,MN,AGL,CE,Federal Contract Tower,2,0,2,0,4,0,0,1,0,1,2,0,3,0,5,0,0,0,5
02/13/2021,STC,MN,AGL,CE,Federal Contract Tower,4,0,1,0,5,0,0,4,0,4,4,0,5,0,9,12,0,12,21
02/14/2021,STC,MN,AGL,CE,Federal Contract Tower,0,0,1,0,1,0,0,1,0,1,0,0,2,0,2,0,0,0,2
02/15/2021,STC,MN,AGL,CE,Federal Contract Tower,2,1,2,0,5,0,0,4,0,4,2,1,6,0,9,0,0,0,9
02/16/2021,STC,MN,AGL,CE,Federal Contract Tower,0,2,10,0,12,0,0,16,0,16,0,2,26,0,28,20,0,20,48
02/17/2021,STC,MN,AGL,CE,Federal Contract Tower,4,2,8,0,14,0,0,0,2,2,4,2,8,2,16,0,6,6,22
02/18/2021,STC,MN,AGL,CE,Federal Contract Tower,0,0,5,2,7,0,2,12,7,21,0,2,17,9,28,40,12,52,80
02/19/2021,STC,MN,AGL,CE,Federal Contract Tower,2,0,22,0,24,0,2,42,0,44,2,2,64,0,68,88,0,88,156
02/20/2021,STC,MN,AGL,CE,Federal Contract Tower,4,3,14,0,21,0,6,48,0,54,4,9,62,0,75,80,0,80,155
02/21/2021,STC,MN,AGL,CE,Federal Contract Tower,0,1,0,0,1,0,0,0,0,0,0,1,0,0,1,0,0,0,1
02/22/2021,STC,MN,AGL,CE,Federal Contract Tower,2,0,6,0,8,0,2,41,0,43,2,2,47,0,51,80,0,80,131
02/23/2021,STC,MN,AGL,CE,Federal Contract Tower,0,0,8,2,10,0,0,25,5,30,0,0,33,7,40,44,0,44,84
02/24/2021,STC,MN,AGL,CE,Federal Contract Tower,4,3,5,0,12,0,0,84,11,95,4,3,89,11,107,64,18,82,189
02/25/2021,STC,MN,AGL,CE,Federal Contract Tower,0,3,10,1,14,0,0,58,13,71,0,3,68,14,85,100,2,102,187
02/26/2021,STC,MN,AGL,CE,Federal Contract Tower,2,0,11,0,13,0,2,12,2,16,2,2,23,2,29,10,0,10,39
02/27/2021,STC,MN,AGL,CE,Federal Contract Tower,4,0,6,0,10,0,0,53,0,53,4,0,59,0,63,64,0,64,127
02/28/2021,STC,MN,AGL,CE,Federal Contract Tower,0,0,3,0,3,0,0,11,0,11,0,0,14,0,14,28,0,28,42
03/01/2021,STC,MN,AGL,CE,Federal Contract Tower,2,7,8,1,18,0,2,46,1,49,2,9,54,2,67,52,0,52,119
03/02/2021,STC,MN,AGL,CE,Federal Contract Tower,0,1,4,2,7,0,0,23,10,33,0,1,27,12,40,54,12,66,106
03/03/2021,STC,MN,AGL,CE,Federal Contract Tower,4,0,9,2,15,0,0,55,10,65,4,0,64,12,80,138,30,168,248
03/04/2021,STC,MN,AGL,CE,Federal Contract Tower,0,0,6,1,7,0,2,43,8,53,0,2,49,9,60,80,6,86,146
03/05/2021,STC,MN,AGL,CE,Federal Contract Tower,2,4,7,1,14,0,6,48,4,58,2,10,55,5,72,58,2,60,132
03/06/2021,STC,MN,AGL,CE,Federal Contract Tower,4,2,4,0,10,0,0,68,0,68,4,2,72,0,78,62,0,62,140
03/07/2021,STC,MN,AGL,CE,Federal Contract Tower,1,0,5,0,6,0,2,18,0,20,1,2,23,0,26,32,0,32,58
03/08/2021,STC,MN,AGL,CE,Federal Contract Tower,2,3,6,0,11,0,0,43,0,43,2,3,49,0,54,84,0,84,138
03/09/2021,STC,MN,AGL,CE,Federal Contract Tower,0,0,1,0,1,0,0,28,6,34,0,0,29,6,35,72,0,72,107
03/10/2021,STC,MN,AGL,CE,Federal Contract Tower,4,0,3,0,7,0,0,2,0,2,4,0,5,0,9,12,0,12,21
03/11/2021,STC,MN,AGL,CE,Federal Contract Tower,0,4,10,1,15,0,0,36,10,46,0,4,46,11,61,82,4,86,147
03/12/2021,STC,MN,AGL,CE,Federal Contract Tower,2,2,3,3,10,0,5,44,5,54,2,7,47,8,64,90,0,90,154
03/13/2021,STC,MN,AGL,CE,Federal Contract Tower,4,3,5,2,14,0,4,44,15,63,4,7,49,17,77,70,4,74,151
03/14/2021,STC,MN,AGL,CE,Federal Contract Tower,0,2,2,0,4,0,0,32,0,32,0,2,34,0,36,40,0,40,76
03/15/2021,STC,MN,AGL,CE,Federal Contract Tower,2,1,8,0,11,0,0,3,0,3,2,1,11,0,14,0,0,0,14
03/16/2021,STC,MN,AGL,CE,Federal Contract Tower,0,3,11,0,14,0,0,8,6,14,0,3,19,6,28,36,0,36,64
03/17/2021,STC,MN,AGL,CE,Federal Contract Tower,4,2,9,6,21,0,4,29,3,36,4,6,38,9,57,92,4,96,153
03/18/2021,STC,MN,AGL,CE,Federal Contract Tower,0,2,4,0,6,0,5,69,2,76,0,7,73,2,82,158,0,158,240
03/19/2021,STC,MN,AGL,CE,Federal Contract Tower,2,0,5,0,7,0,0,65,0,65,2,0,70,0,72,124,0,124,196
03/20/2021,STC,MN,AGL,CE,Federal Contract Tower,4,2,3,0,9,0,0,21,1,22,4,2,24,1,31,10,0,10,41
03/21/2021,STC,MN,AGL,CE,Federal Contract Tower,0,0,1,0,1,0,0,5,0,5,0,0,6,0,6,16,0,16,22
03/22/2021,STC,MN,AGL,CE,Federal Contract Tower,2,4,7,0,13,0,6,51,0,57,2,10,58,0,70,80,0,80,150
03/23/2021,STC,MN,AGL,CE,Federal Contract Tower,0,0,3,6,9,0,0,6,0,6,0,0,9,6,15,14,0,14,29
03/24/2021,STC,MN,AGL,CE,Federal Contract Tower,6,1,3,2,12,0,2,2,4,8,6,3,5,6,20,14,24,38,58
03/25/2021,STC,MN,AGL,CE,Federal Contract Tower,0,4,2,4,10,0,4,51,7,62,0,8,53,11,72,120,2,122,194
03/26/2021,STC,MN,AGL,CE,Federal Contract Tower,2,1,10,0,13,0,2,25,0,27,2,3,35,0,40,56,0,56,96
03/27/2021,STC,MN,AGL,CE,Federal Contract Tower,4,0,1,0,5,0,0,4,0,4,4,0,5,0,9,0,0,0,9
03/28/2021,STC,MN,AGL,CE,Federal Contract Tower,0,1,8,0,9,0,0,89,0,89,0,1,97,0,98,48,0,48,146
03/29/2021,STC,MN,AGL,CE,Federal Contract Tower,2,0,2,0,4,0,0,16,0,16,2,0,18,0,20,36,0,36,56
03/30/2021,STC,MN,AGL,CE,Federal Contract Tower,0,2,4,4,10,0,0,6,8,14,0,2,10,12,24,0,10,10,34
03/31/2021,STC,MN,AGL,CE,Federal Contract Tower,4,0,10,0,14,0,0,36,11,47,4,0,46,11,61,112,16,128,189
04/01/2021,STC,MN,AGL,CE,Federal Contract Tower,0,4,9,0,13,0,6,37,12,55,0,10,46,12,68,50,14,64,132
04/02/2021,STC,MN,AGL,CE,Federal Contract Tower,2,2,3,0,7,0,0,19,2,21,2,2,22,2,28,22,0,22,50
04/03/2021,STC,MN,AGL,CE,Federal Contract Tower,4,2,4,0,10,0,0,67,0,67,4,2,71,0,77,66,0,66,143
04/04/2021,STC,MN,AGL,CE,Federal Contract Tower,0,0,3,0,3,0,2,44,0,46,0,2,47,0,49,22,0,22,71
04/05/2021,STC,MN,AGL,CE,Federal Contract Tower,4,1,7,0,12,0,0,50,0,50,4,1,57,0,62,70,0,70,132
04/06/2021,STC,MN,AGL,CE,Federal Contract Tower,0,0,10,2,12,0,0,35,4,39,0,0,45,6,51,68,12,80,131
04/07/2021,STC,MN,AGL,CE,Federal Contract Tower,2,2,14,1,19,0,0,0,0,0,2,2,14,1,19,0,0,0,19
04/08/2021,STC,MN,AGL,CE,Federal Contract Tower,0,3,11,0,14,0,0,0,0,0,0,3,11,0,14,0,0,0,14
04/09/2021,STC,MN,AGL,CE,Federal Contract Tower,2,2,9,0,13,0,0,3,0,3,2,2,12,0,16,0,0,0,16
04/10/2021,STC,MN,AGL,CE,Federal Contract Tower,4,7,15,0,26,0,0,24,0,24,4,7,39,0,50,50,0,50,100
04/11/2021,STC,MN,AGL,CE,Federal Contract Tower,2,1,12,0,15,0,0,13,0,13,2,1,25,0,28,24,0,24,52
04/12/2021,STC,MN,AGL,CE,Federal Contract Tower,2,0,8,1,11,0,0,0,0,0,2,0,8,1,11,0,0,0,11
04/13/2021,STC,MN,AGL,CE,Federal Contract Tower,0,1,2,2,5,0,0,0,0,0,0,1,2,2,5,0,0,0,5
04/14/2021,STC,MN,AGL,CE,Federal Contract Tower,2,1,8,0,11,0,0,19,9,28,2,1,27,9,39,44,20,64,103
04/15/2021,STC,MN,AGL,CE,Federal Contract Tower,0,0,5,2,7,0,2,20,7,29,0,2,25,9,36,16,18,34,70
04/16/2021,STC,MN,AGL,CE,Federal Contract Tower,0,2,18,1,21,0,0,66,6,72,0,2,84,7,93,66,0,66,159
04/17/2021,STC,MN,AGL,CE,Federal Contract Tower,2,1,4,0,7,0,2,116,20,138,2,3,120,20,145,80,70,150,295
04/18/2021,STC,MN,AGL,CE,Federal Contract Tower,0,1,6,0,7,0,0,28,1,29,0,1,34,1,36,20,0,20,56
04/19/2021,STC,MN,AGL,CE,Federal Contract Tower,0,0,9,0,9,0,0,31,2,33,0,0,40,2,42,56,0,56,98
04/20/2021,STC,MN,AGL,CE,Federal Contract Tower,0,0,4,2,6,0,4,45,8,57,0,4,49,10,63,102,0,102,165
04/21/2021,STC,MN,AGL,CE,Federal Contract Tower,2,2,9,0,13,0,0,45,6,51,2,2,54,6,64,148,14,162,226
04/22/2021,STC,MN,AGL,CE,Federal Contract Tower,0,2,11,0,13,0,2,55,10,67,0,4,66,10,80,108,0,108,188
04/23/2021,STC,MN,AGL,CE,Federal Contract Tower,0,4,11,0,15,0,0,15,0,15,0,4,26,0,30,48,0,48,78
04/24/2021,STC,MN,AGL,CE,Federal Contract Tower,2,1,8,0,11,0,6,49,0,55,2,7,57,0,66,102,0,102,168
04/25/2021,STC,MN,AGL,CE,Federal Contract Tower,0,0,5,0,5,0,2,23,0,25,0,2,28,0,30,6,0,6,36
04/26/2021,STC,MN,AGL,CE,Federal Contract Tower,0,1,4,0,5,0,1,14,0,15,0,2,18,0,20,50,0,50,70
04/27/2021,STC,MN,AGL,CE,Federal Contract Tower,0,2,11,5,18,0,1,5,4,10,0,3,16,9,28,12,48,60,88
04/28/2021,STC,MN,AGL,CE,Federal Contract Tower,2,4,13,0,19,0,1,61,3,65,2,5,74,3,84,156,6,162,246
04/29/2021,STC,MN,AGL,CE,Federal Contract Tower,0,10,12,2,24,0,0,58,9,67,0,10,70,11,91,68,0,68,159
04/30/2021,STC,MN,AGL,CE,Federal Contract Tower,0,0,9,3,12,0,6,84,0,90,0,6,93,3,102,92,0,92,194
05/01/2021,STC,MN,AGL,CE,Federal Contract Tower,2,3,5,0,10,0,2,60,2,64,2,5,65,2,74,58,0,58,132
05/02/2021,STC,MN,AGL,CE,Federal Contract Tower,0,2,2,0,4,0,0,31,0,31,0,2,33,0,35,26,0,26,61
05/03/2021,STC,MN,AGL,CE,Federal Contract Tower,0,3,12,0,15,0,0,50,0,50,0,3,62,0,65,64,0,64,129
05/04/2021,STC,MN,AGL,CE,Federal Contract Tower,0,2,10,1,13,0,0,55,10,65,0,2,65,11,78,80,12,92,170
05/05/2021,STC,MN,AGL,CE,Federal Contract Tower,0,0,11,1,12,0,0,33,1,34,0,0,44,2,46,90,0,90,136
05/06/2021,STC,MN,AGL,CE,Federal Contract Tower,0,0,8,3,11,0,4,54,6,64,0,4,62,9,75,64,10,74,149
05/07/2021,STC,MN,AGL,CE,Federal Contract Tower,0,3,8,0,11,0,4,50,0,54,0,7,58,0,65,92,0,92,157
05/08/2021,STC,MN,AGL,CE,Federal Contract Tower,0,1,4,0,5,0,2,42,0,44,0,3,46,0,49,90,0,90,139
05/09/2021,STC,MN,AGL,CE,Federal Contract Tower,0,0,7,0,7,0,0,31,2,33,0,0,38,2,40,18,0,18,58
05/10/2021,STC,MN,AGL,CE,Federal Contract Tower,0,3,7,0,10,0,0,56,10,66,0,3,63,10,76,82,0,82,158
05/11/2021,STC,MN,AGL,CE,Federal Contract Tower,0,3,14,0,17,0,0,74,11,85,0,3,88,11,102,130,6,136,238
05/12/2021,STC,MN,AGL,CE,Federal Contract Tower,0,4,15,2,21,0,0,46,6,52,0,4,61,8,73,90,22,112,185
05/13/2021,STC,MN,AGL,CE,Federal Contract Tower,0,0,17,0,17,0,3,41,14,58,0,3,58,14,75,30,96,126,201
05/14/2021,STC,MN,AGL,CE,Federal Contract Tower,0,1,6,0,7,0,0,28,12,40,0,1,34,12,47,62,136,198,245
05/15/2021,STC,MN,AGL,CE,Federal Contract Tower,0,1,13,0,14,0,0,133,0,133,0,1,146,0,147,46,0,46,193
05/16/2021,STC,MN,AGL,CE,Federal Contract Tower,0,1,4,0,5,0,0,32,3,35,0,1,36,3,40,20,0,20,60
05/17/2021,STC,MN,AGL,CE,Federal Contract Tower,0,0,11,0,11,0,0,52,0,52,0,0,63,0,63,168,0,168,231
05/18/2021,STC,MN,AGL,CE,Federal Contract Tower,0,4,12,5,21,0,4,41,3,48,0,8,53,8,69,112,10,122,191
05/19/2021,STC,MN,AGL,CE,Federal Contract Tower,0,0,11,0,11,0,0,8,0,8,0,0,19,0,19,20,0,20,39
05/20/2021,STC,MN,AGL,CE,Federal Contract Tower,0,5,8,3,16,0,1,4,4,9,0,6,12,7,25,24,10,34,59
05/21/2021,STC,MN,AGL,CE,Federal Contract Tower,0,0,17,2,19,0,0,24,0,24,0,0,41,2,43,86,0,86,129
05/22/2021,STC,MN,AGL,CE,Federal Contract Tower,0,0,7,0,7,0,2,42,0,44,0,2,49,0,51,94,0,94,145
05/23/2021,STC,MN,AGL,CE,Federal Contract Tower,0,0,17,0,17,0,0,7,0,7,0,0,24,0,24,12,0,12,36
05/24/2021,STC,MN,AGL,CE,Federal Contract Tower,0,0,20,0,20,0,0,27,0,27,0,0,47,0,47,48,0,48,95
05/25/2021,STC,MN,AGL,CE,Federal Contract Tower,0,5,9,2,16,0,12,21,13,46,0,17,30,15,62,58,0,58,120
05/26/2021,STC,MN,AGL,CE,Federal Contract Tower,0,1,11,0,12,0,4,50,5,59,0,5,61,5,71,78,0,78,149
05/27/2021,STC,MN,AGL,CE,Federal Contract Tower,0,0,13,2,15,0,0,0,4,4,0,0,13,6,19,0,20,20,39
05/28/2021,STC,MN,AGL,CE,Federal Contract Tower,0,0,14,0,14,0,3,58,2,63,0,3,72,2,77,100,0,100,177
05/29/2021,STC,MN,AGL,CE,Federal Contract Tower,0,0,8,0,8,0,0,50,0,50,0,0,58,0,58,58,0,58,116
05/30/2021,STC,MN,AGL,CE,Federal Contract Tower,0,2,5,0,7,0,8,9,0,17,0,10,14,0,24,10,0,10,34
05/31/2021,STC,MN,AGL,CE,Federal Contract Tower,0,0,12,0,12,0,0,62,0,62,0,0,74,0,74,126,0,126,200
06/01/2021,STC,MN,AGL,CE,Federal Contract Tower,0,4,10,0,14,0,0,44,0,44,0,4,54,0,58,94,0,94,152
06/02/2021,STC,MN,AGL,CE,Federal Contract Tower,0,4,13,3,20,0,11,61,8,80,0,15,74,11,100,150,16,166,266
06/03/2021,STC,MN,AGL,CE,Federal Contract Tower,0,0,5,1,6,0,6,48,11,65,0,6,53,12,71,110,32,142,213
06/04/2021,STC,MN,AGL,CE,Federal Contract Tower,0,1,9,0,10,0,1,44,14,59,0,2,53,14,69,96,24,120,189
06/05/2021,STC,MN,AGL,CE,Federal Contract Tower,0,1,4,0,5,0,4,44,0,48,0,5,48,0,53,4,0,4,57
06/06/2021,STC,MN,AGL,CE,Federal Contract Tower,2,0,2,0,4,0,0,16,0,16,2,0,18,0,20,18,0,18,38
06/07/2021,STC,MN,AGL,CE,Federal Contract Tower,0,3,9,0,12,0,0,51,7,58,0,3,60,7,70,120,42,162,232
06/08/2021,STC,MN,AGL,CE,Federal Contract Tower,0,4,9,8,21,0,2,20,11,33,0,6,29,19,54,60,16,76,130
06/09/2021,STC,MN,AGL,CE,Federal Contract Tower,2,0,19,4,25,0,2,50,15,67,2,2,69,19,92,136,16,152,244
06/10/2021,STC,MN,AGL,CE,Federal Contract Tower,2,1,13,3,19,0,0,35,10,45,2,1,48,13,64,38,32,70,134
06/11/2021,STC,MN,AGL,CE,Federal Contract Tower,0,0,8,0,8,0,2,37,4,43,0,2,45,4,51,54,2,56,107
06/12/2021,STC,MN,AGL,CE,Federal Contract Tower,0,2,4,0,6,0,2,51,6,59,0,4,55,6,65,72,0,72,137
06/13/2021,STC,MN,AGL,CE,Federal Contract Tower,0,0,9,1,10,0,0,16,2,18,0,0,25,3,28,16,0,16,44
06/14/2021,STC,MN,AGL,CE,Federal Contract Tower,1,3,7,0,11,0,0,49,3,52,1,3,56,3,63,142,0,142,205
06/15/2021,STC,MN,AGL,CE,Federal Contract Tower,0,0,7,0,7,0,7,56,3,66,0,7,63,3,73,60,0,60,133
06/16/2021,STC,MN,AGL,CE,Federal Contract Tower,0,2,10,2,14,0,0,54,6,60,0,2,64,8,74,114,36,150,224
06/17/2021,STC,MN,AGL,CE,Federal Contract Tower,2,5,11,2,20,0,0,58,4,62,2,5,69,6,82,100,14,114,196
06/18/2021,STC,MN,AGL,CE,Federal Contract Tower,0,2,16,1,19,0,0,50,2,52,0,2,66,3,71,44,0,44,115
06/19/2021,STC,MN,AGL,CE,Federal Contract Tower,0,0,8,0,8,0,5,54,6,65,0,5,62,6,73,56,0,56,129
06/20/2021,STC,MN,AGL,CE,Federal Contract Tower,2,0,2,0,4,0,0,0,0,0,2,0,2,0,4,0,0,0,4
06/21/2021,STC,MN,AGL,CE,Federal Contract Tower,0,4,18,0,22,0,2,32,15,49,0,6,50,15,71,76,44,120,191
06/22/2021,STC,MN,AGL,CE,Federal Contract Tower,0,3,8,0,11,0,5,65,9,79,0,8,73,9,90,133,62,195,285
06/23/2021,STC,MN,AGL,CE,Federal Contract Tower,0,3,15,0,18,0,6,39,5,50,0,9,54,5,68,60,56,116,184
06/24/2021,STC,MN,AGL,CE,Federal Contract Tower,2,0,15,0,17,0,0,57,0,57,2,0,72,0,74,86,0,86,160
06/25/2021,STC,MN,AGL,CE,Federal Contract Tower,0,0,8,0,8,0,0,58,0,58,0,0,66,0,66,118,0,118,184
06/26/2021,STC,MN,AGL,CE,Federal Contract Tower,0,0,7,0,7,0,0,44,0,44,0,0,51,0,51,36,0,36,87
06/27/2021,STC,MN,AGL,CE,Federal Contract Tower,2,0,11,0,13,0,1,30,0,31,2,1,41,0,44,28,0,28,72
06/28/2021,STC,MN,AGL,CE,Federal Contract Tower,2,0,12,0,14,0,2,19,0,21,2,2,31,0,35,34,0,34,69
06/29/2021,STC,MN,AGL,CE,Federal Contract Tower,0,10,21,0,31,0,1,56,0,57,0,11,77,0,88,96,0,96,184
06/30/2021,STC,MN,AGL,CE,Federal Contract Tower,0,5,10,0,15,0,2,84,0,86,0,7,94,0,101,116,0,116,217
07/01/2021,STC,MN,AGL,CE,Federal Contract Tower,0,0,14,2,16,0,10,72,0,82,0,10,86,2,98,134,0,134,232
07/02/2021,STC,MN,AGL,CE,Federal Contract Tower,0,0,9,2,11,0,6,78,6,90,0,6,87,8,101,122,0,122,223
07/03/2021,STC,MN,AGL,CE,Federal Contract Tower,0,0,9,0,9,0,4,60,3,67,0,4,69,3,76,106,0,106,182
07/04/2021,STC,MN,AGL,CE,Federal Contract Tower,0,0,4,0,4,0,0,13,0,13,0,0,17,0,17,20,0,20,37
07/05/2021,STC,MN,AGL,CE,Federal Contract Tower,0,0,5,0,5,0,0,55,0,55,0,0,60,0,60,80,0,80,140
07/06/2021,STC,MN,AGL,CE,Federal Contract Tower,0,0,8,1,9,0,0,0,0,0,0,0,8,1,9,0,0,0,9
07/07/2021,STC,MN,AGL,CE,Federal Contract Tower,0,4,13,2,19,0,0,45,5,50,0,4,58,7,69,128,6,134,203
07/08/2021,STC,MN,AGL,CE,Federal Contract Tower,0,4,13,0,17,0,1,70,11,82,0,5,83,11,99,162,10,172,271
07/09/2021,STC,MN,AGL,CE,Federal Contract Tower,0,3,11,0,14,0,0,78,4,82,0,3,89,4,96,148,0,148,244
07/10/2021,STC,MN,AGL,CE,Federal Contract Tower,0,1,8,0,9,0,0,64,1,65,0,1,72,1,74,86,0,86,160
07/11/2021,STC,MN,AGL,CE,Federal Contract Tower,0,0,9,0,9,0,0,58,0,58,0,0,67,0,67,28,0,28,95
07/12/2021,STC,MN,AGL,CE,Federal Contract Tower,0,0,8,0,8,0,3,60,0,63,0,3,68,0,71,102,0,102,173
07/13/2021,STC,MN,AGL,CE,Federal Contract Tower,0,0,9,0,9,0,0,52,9,61,0,0,61,9,70,114,6,120,190
07/14/2021,STC,MN,AGL,CE,Federal Contract Tower,0,4,26,0,30,0,0,25,5,30,0,4,51,5,60,32,38,70,130
07/15/2021,STC,MN,AGL,CE,Federal Contract Tower,0,4,13,2,19,0,4,65,2,71,0,8,78,4,90,82,0,82,172
07/16/2021,STC,MN,AGL,CE,Federal Contract Tower,0,0,14,0,14,0,2,80,4,86,0,2,94,4,100,114,0,114,214
07/17/2021,STC,MN,AGL,CE,Federal Contract Tower,0,1,8,2,11,0,0,75,2,77,0,1,83,4,88,104,6,110,198
07/18/2021,STC,MN,AGL,CE,Federal Contract Tower,0,2,8,0,10,0,0,41,2,43,0,2,49,2,53,22,0,22,75
07/19/2021,STC,MN,AGL,CE,Federal Contract Tower,0,3,18,0,21,0,0,66,0,66,0,3,84,0,87,60,0,60,147
07/20/2021,STC,MN,AGL,CE,Federal Contract Tower,0,3,13,6,22,0,0,48,0,48,0,3,61,6,70,32,0,32,102
07/21/2021,STC,MN,AGL,CE,Federal Contract Tower,0,6,17,4,27,0,0,27,1,28,0,6,44,5,55,46,0,46,101
07/22/2021,STC,MN,AGL,CE,Federal Contract Tower,0,1,9,0,10,0,0,8,4,12,0,1,17,4,22,8,0,8,30
07/23/2021,STC,MN,AGL,CE,Federal Contract Tower,0,0,11,0,11,0,1,83,6,90,0,1,94,6,101,78,0,78,179
07/24/2021,STC,MN,AGL,CE,Federal Contract Tower,0,0,10,0,10,0,0,36,0,36,0,0,46,0,46,104,0,104,150
07/25/2021,STC,MN,AGL,CE,Federal Contract Tower,0,0,10,0,10,0,2,49,0,51,0,2,59,0,61,30,0,30,91
07/26/2021,STC,MN,AGL,CE,Federal Contract Tower,0,2,9,0,11,0,0,31,0,31,0,2,40,0,42,48,0,48,90
07/27/2021,STC,MN,AGL,CE,Federal Contract Tower,0,3,10,0,13,0,7,50,6,63,0,10,60,6,76,30,0,30,106
07/28/2021,STC,MN,AGL,CE,Federal Contract Tower,0,3,10,0,13,0,6,12,2,20,0,9,22,2,33,48,4,52,85
07/29/2021,STC,MN,AGL,CE,Federal Contract Tower,0,2,15,4,21,0,0,0,0,0,0,2,15,4,21,0,0,0,21
07/30/2021,STC,MN,AGL,CE,Federal Contract Tower,0,3,11,0,14,0,0,16,0,16,0,3,27,0,30,48,0,48,78
07/31/2021,STC,MN,AGL,CE,Federal Contract Tower,0,6,16,0,22,0,0,14,0,14,0,6,30,0,36,2,0,2,38
08/01/2021,STC,MN,AGL,CE,Federal Contract Tower,0,7,4,0,11,0,3,49,0,52,0,10,53,0,63,40,0,40,103
08/02/2021,STC,MN,AGL,CE,Federal Contract Tower,0,2,6,0,8,0,3,61,0,64,0,5,67,0,72,104,0,104,176
08/03/2021,STC,MN,AGL,CE,Federal Contract Tower,0,2,17,1,20,0,2,32,9,43,0,4,49,10,63,30,6,36,99
08/04/2021,STC,MN,AGL,CE,Federal Contract Tower,0,2,5,1,8,0,4,40,4,48,0,6,45,5,56,56,4,60,116
08/05/2021,STC,MN,AGL,CE,Federal Contract Tower,0,0,10,1,11,0,10,51,12,73,0,10,61,13,84,94,40,134,218
08/06/2021,STC,MN,AGL,CE,Federal Contract Tower,0,1,8,0,9,0,5,39,3,47,0,6,47,3,56,58,0,58,114
08/07/2021,STC,MN,AGL,CE,Federal Contract Tower,0,0,7,1,8,0,0,2,0,2,0,0,9,1,10,0,0,0,10
08/08/2021,STC,MN,AGL,CE,Federal Contract Tower,0,1,12,0,13,0,9,8,0,17,0,10,20,0,30,42,0,42,72
08/09/2021,STC,MN,AGL,CE,Federal Contract Tower,0,3,13,0,16,0,3,39,0,42,0,6,52,0,58,54,0,54,112
08/10/2021,STC,MN,AGL,CE,Federal Contract Tower,0,0,11,0,11,0,2,29,8,39,0,2,40,8,50,48,8,56,106
08/11/2021,STC,MN,AGL,CE,Federal Contract Tower,0,6,19,1,26,0,1,48,6,55,0,7,67,7,81,68,16,84,165
08/12/2021,STC,MN,AGL,CE,Federal Contract Tower,0,3,15,1,19,0,7,31,10,48,0,10,46,11,67,90,0,90,157
08/13/2021,STC,MN,AGL,CE,Federal Contract Tower,0,7,13,0,20,0,4,99,0,103,0,11,112,0,123,124,0,124,247
08/14/2021,STC,MN,AGL,CE,Federal Contract Tower,0,6,15,0,21,0,2,54,0,56,0,8,69,0,77,32,0,32,109
08/15/2021,STC,MN,AGL,CE,Federal Contract Tower,0,2,13,0,15,0,2,35,0,37,0,4,48,0,52,38,0,38,90
08/16/2021,STC,MN,AGL,CE,Federal Contract Tower,0,8,10,0,18,0,0,41,4,45,0,8,51,4,63,46,2,48,111
08/17/2021,STC,MN,AGL,CE,Federal Contract Tower,0,1,10,0,11,0,2,34,17,53,0,3,44,17,64,52,12,64,128
08/18/2021,STC,MN,AGL,CE,Federal Contract Tower,2,1,10,0,13,0,6,78,4,88,2,7,88,4,101,112,10,122,223
08/19/2021,STC,MN,AGL,CE,Federal Contract Tower,0,2,5,0,7,0,5,63,17,85,0,7,68,17,92,126,20,146,238
08/20/2021,STC,MN,AGL,CE,Federal Contract Tower,0,2,13,0,15,0,5,38,1,44,0,7,51,1,59,12,0,12,71
08/21/2021,STC,MN,AGL,CE,Federal Contract Tower,2,2,10,0,14,0,4,26,8,38,2,6,36,8,52,34,0,34,86
08/22/2021,STC,MN,AGL,CE,Federal Contract Tower,0,3,7,0,10,0,0,38,0,38,0,3,45,0,48,24,0,24,72
08/23/2021,STC,MN,AGL,CE,Federal Contract Tower,0,2,4,0,6,0,1,79,2,82,0,3,83,2,88,146,0,146,234
08/24/2021,STC,MN,AGL,CE,Federal Contract Tower,0,5,18,2,25,0,3,14,10,27,0,8,32,12,52,50,0,50,102
08/25/2021,STC,MN,AGL,CE,Federal Contract Tower,2,5,16,2,25,0,10,58,6,74,2,15,74,8,99,94,18,112,211
08/26/2021,STC,MN,AGL,CE,Federal Contract Tower,0,2,12,0,14,0,0,12,2,14,0,2,24,2,28,20,30,50,78
08/27/2021,STC,MN,AGL,CE,Federal Contract Tower,0,4,4,0,8,0,0,9,1,10,0,4,13,1,18,14,0,14,32
08/28/2021,STC,MN,AGL,CE,Federal Contract Tower,1,2,1,0,4,0,0,3,0,3,1,2,4,0,7,2,0,2,9
08/29/2021,STC,MN,AGL,CE,Federal Contract Tower,0,3,9,0,12,0,0,31,0,31,0,3,40,0,43,32,0,32,75
08/30/2021,STC,MN,AGL,CE,Federal Contract Tower,0,1,17,0,18,0,4,55,5,64,0,5,72,5,82,116,0,116,198
08/31/2021,STC,MN,AGL,CE,Federal Contract Tower,0,0,9,0,9,0,0,44,18,62,0,0,53,18,71,112,2,114,185
09/01/2021,STC,MN,AGL,CE,Federal Contract Tower,2,1,11,1,15,0,1,54,8,63,2,2,65,9,78,84,38,122,200
09/02/2021,STC,MN,AGL,CE,Federal Contract Tower,0,8,11,0,19,0,0,26,5,31,0,8,37,5,50,36,48,84,134
09/03/2021,STC,MN,AGL,CE,Federal Contract Tower,0,2,22,0,24,0,0,0,0,0,0,2,22,0,24,0,0,0,24
09/04/2021,STC,MN,AGL,CE,Federal Contract Tower,2,0,6,0,8,0,0,33,0,33,2,0,39,0,41,58,0,58,99
09/05/2021,STC,MN,AGL,CE,Federal Contract Tower,0,2,4,0,6,0,0,32,1,33,0,2,36,1,39,58,0,58,97
09/06/2021,STC,MN,AGL,CE,Federal Contract Tower,0,4,4,0,8,0,2,32,0,34,0,6,36,0,42,78,0,78,120
09/07/2021,STC,MN,AGL,CE,Federal Contract Tower,0,1,3,0,4,0,0,52,0,52,0,1,55,0,56,22,0,22,78
09/08/2021,STC,MN,AGL,CE,Federal Contract Tower,2,4,14,4,24,0,0,48,9,57,2,4,62,13,81,96,22,118,199
09/09/2021,STC,MN,AGL,CE,Federal Contract Tower,0,2,10,3,15,0,0,95,8,103,0,2,105,11,118,162,8,170,288
09/10/2021,STC,MN,AGL,CE,Federal Contract Tower,0,0,6,0,6,0,2,52,0,54,0,2,58,0,60,66,0,66,126
09/11/2021,STC,MN,AGL,CE,Federal Contract Tower,2,0,5,0,7,0,0,57,0,57,2,0,62,0,64,70,0,70,134
09/12/2021,STC,MN,AGL,CE,Federal Contract Tower,0,1,5,1,7,0,0,31,0,31,0,1,36,1,38,10,0,10,48
09/13/2021,STC,MN,AGL,CE,Federal Contract Tower,0,2,3,0,5,0,2,49,0,51,0,4,52,0,56,78,0,78,134
09/14/2021,STC,MN,AGL,CE,Federal Contract Tower,0,1,17,3,21,0,0,32,15,47,0,1,49,18,68,36,14,50,118
09/15/2021,STC,MN,AGL,CE,Federal Contract Tower,2,0,6,4,12,0,0,68,8,76,2,0,74,12,88,114,4,118,206
09/16/2021,STC,MN,AGL,CE,Federal Contract Tower,0,2,5,1,8,0,1,7,9,17,0,3,12,10,25,0,0,0,25
09/17/2021,STC,MN,AGL,CE,Federal Contract Tower,0,3,10,0,13,0,2,65,5,72,0,5,75,5,85,82,4,86,171
09/18/2021,STC,MN,AGL,CE,Federal Contract Tower,2,2,5,0,9,0,0,162,4,166,2,2,167,4,175,98,0,98,273
09/19/2021,STC,MN,AGL,CE,Federal Contract Tower,0,0,3,0,3,0,1,15,2,18,0,1,18,2,21,8,0,8,29
09/20/2021,STC,MN,AGL,CE,Federal Contract Tower,0,0,9,0,9,0,0,2,0,2,0,0,11,0,11,20,0,20,31
09/21/2021,STC,MN,AGL,CE,Federal Contract Tower,0,1,23,0,24,0,0,65,2,67,0,1,88,2,91,118,0,118,209
09/22/2021,STC,MN,AGL,CE,Federal Contract Tower,2,2,6,0,10,0,0,53,14,67,2,2,59,14,77,130,18,148,225
09/23/2021,STC,MN,AGL,CE,Federal Contract Tower,0,4,12,0,16,0,0,82,8,90,0,4,94,8,106,104,0,104,210
09/24/2021,STC,MN,AGL,CE,Federal Contract Tower,0,0,20,0,20,0,0,35,1,36,0,0,55,1,56,74,0,74,130
09/25/2021,STC,MN,AGL,CE,Federal Contract Tower,2,2,2,0,6,0,0,51,0,51,2,2,53,0,57,90,0,90,147
09/26/2021,STC,MN,AGL,CE,Federal Contract Tower,0,0,3,0,3,0,0,70,0,70,0,0,73,0,73,60,0,60,133
09/27/2021,STC,MN,AGL,CE,Federal Contract Tower,0,0,14,0,14,0,0,66,0,66,0,0,80,0,80,72,0,72,152
09/28/2021,STC,MN,AGL,CE,Federal Contract Tower,0,1,15,0,16,0,0,36,2,38,0,1,51,2,54,54,0,54,108
09/29/2021,STC,MN,AGL,CE,Federal Contract Tower,2,1,15,4,22,0,0,57,5,62,2,1,72,9,84,124,0,124,208
09/30/2021,STC,MN,AGL,CE,Federal Contract Tower,0,0,4,2,6,0,0,33,2,35,0,0,37,4,41,58,0,58,99
10/01/2021,STC,MN,AGL,CE,Federal Contract Tower,0,5,10,0,15,0,0,3,0,3,0,5,13,0,18,10,0,10,28
10/02/2021,STC,MN,AGL,CE,Federal Contract Tower,2,0,25,0,27,0,2,7,0,9,2,2,32,0,36,36,0,36,72
10/03/2021,STC,MN,AGL,CE,Federal Contract Tower,0,3,11,0,14,0,0,59,0,59,0,3,70,0,73,68,0,68,141
10/04/2021,STC,MN,AGL,CE,Federal Contract Tower,0,4,15,0,19,0,0,41,0,41,0,4,56,0,60,62,0,62,122
10/05/2021,STC,MN,AGL,CE,Federal Contract Tower,0,2,9,3,14,0,0,60,10,70,0,2,69,13,84,86,0,86,170
10/06/2021,STC,MN,AGL,CE,Federal Contract Tower,2,3,13,1,19,0,6,72,8,86,2,9,85,9,105,108,38,146,251
10/07/2021,STC,MN,AGL,CE,Federal Contract Tower,2,4,11,3,20,0,1,32,7,40,2,5,43,10,60,138,12,150,210
10/08/2021,STC,MN,AGL,CE,Federal Contract Tower,0,0,31,0,31,0,0,18,0,18,0,0,49,0,49,82,0,82,131
10/09/2021,STC,MN,AGL,CE,Federal Contract Tower,2,0,5,0,7,0,2,37,0,39,2,2,42,0,46,80,0,80,126
10/10/2021,STC,MN,AGL,CE,Federal Contract Tower,0,0,8,0,8,0,0,10,0,10,0,0,18,0,18,44,0,44,62
10/11/2021,STC,MN,AGL,CE,Federal Contract Tower,0,2,15,0,17,0,0,42,0,42,0,2,57,0,59,40,0,40,99
10/12/2021,STC,MN,AGL,CE,Federal Contract Tower,0,5,14,1,20,0,0,23,0,23,0,5,37,1,43,36,0,36,79
10/13/2021,STC,MN,AGL,CE,Federal Contract Tower,2,0,6,0,8,0,2,0,8,10,2,2,6,8,18,0,0,0,18
10/14/2021,STC,MN,AGL,CE,Federal Contract Tower,0,2,11,1,14,0,0,14,10,24,0,2,25,11,38,34,0,34,72
10/15/2021,STC,MN,AGL,CE,Federal Contract Tower,0,0,10,0,10,0,0,38,0,38,0,0,48,0,48,86,0,86,134
10/16/2021,STC,MN,AGL,CE,Federal Contract Tower,2,0,9,0,11,0,2,54,0,56,2,2,63,0,67,84,0,84,151
10/17/2021,STC,MN,AGL,CE,Federal Contract Tower,0,1,12,0,13,0,0,100,0,100,0,1,112,0,113,94,0,94,207
10/18/2021,STC,MN,AGL,CE,Federal Contract Tower,0,2,7,0,9,0,0,47,0,47,0,2,54,0,56,52,0,52,108
10/19/2021,STC,MN,AGL,CE,Federal Contract Tower,0,4,14,0,18,0,2,80,13,95,0,6,94,13,113,118,58,176,289
10/20/2021,STC,MN,AGL,CE,Federal Contract Tower,2,1,10,0,13,0,0,3,0,3,2,1,13,0,16,14,0,14,30
10/21/2021,STC,MN,AGL,CE,Federal Contract Tower,0,1,17,0,18,0,0,46,26,72,0,1,63,26,90,84,14,98,188
10/22/2021,STC,MN,AGL,CE,Federal Contract Tower,0,0,15,0,15,0,0,84,0,84,0,0,99,0,99,102,0,102,201
10/23/2021,STC,MN,AGL,CE,Federal Contract Tower,2,0,6,0,8,0,4,58,8,70,2,4,64,8,78,68,0,68,146
10/24/2021,STC,MN,AGL,CE,Federal Contract Tower,0,0,8,0,8,0,0,26,0,26,0,0,34,0,34,16,0,16,50
10/25/2021,STC,MN,AGL,CE,Federal Contract Tower,0,1,11,0,12,0,1,40,0,41,0,2,51,0,53,106,0,106,159
10/26/2021,STC,MN,AGL,CE,Federal Contract Tower,0,1,7,1,9,0,0,24,14,38,0,1,31,15,47,54,4,58,105
10/27/2021,STC,MN,AGL,CE,Federal Contract Tower,2,0,19,0,21,0,0,0,6,6,2,0,19,6,27,0,34,34,61
10/28/2021,STC,MN,AGL,CE,Federal Contract Tower,0,2,15,2,19,0,0,3,3,6,0,2,18,5,25,4,2,6,31
10/29/2021,STC,MN,AGL,CE,Federal Contract Tower,0,0,11,2,13,0,2,58,1,61,0,2,69,3,74,46,0,46,120
10/30/2021,STC,MN,AGL,CE,Federal Contract Tower,2,0,8,0,10,0,0,42,0,42,2,0,50,0,52,34,0,34,86
10/31/2021,STC,MN,AGL,CE,Federal Contract Tower,0,0,4,0,4,0,2,19,0,21,0,2,23,0,25,42,0,42,67
11/01/2021,STC,MN,AGL,CE,Federal Contract Tower,0,0,12,0,12,0,0,32,0,32,0,0,44,0,44,132,0,132,176
11/02/2021,STC,MN,AGL,CE,Federal Contract Tower,0,4,12,0,16,0,2,37,12,51,0,6,49,12,67,120,12,132,199
11/03/2021,STC,MN,AGL,CE,Federal Contract Tower,2,4,10,0,16,0,3,36,18,57,2,7,46,18,73,54,42,96,169
11/04/2021,STC,MN,AGL,CE,Federal Contract Tower,1,0,13,0,14,0,0,15,19,34,1,0,28,19,48,26,18,44,92
11/05/2021,STC,MN,AGL,CE,Federal Contract Tower,0,0,5,0,5,0,0,16,4,20,0,0,21,4,25,0,0,0,25
11/06/2021,STC,MN,AGL,CE,Federal Contract Tower,2,1,8,0,11,0,0,45,0,45,2,1,53,0,56,90,0,90,146
11/07/2021,STC,MN,AGL,CE,Federal Contract Tower,2,1,8,0,11,0,0,28,0,28,2,1,36,0,39,44,0,44,83
11/08/2021,STC,MN,AGL,CE,Federal Contract Tower,0,3,6,0,9,0,0,34,0,34,0,3,40,0,43,42,0,42,85
11/09/2021,STC,MN,AGL,CE,Federal Contract Tower,0,0,17,2,19,0,0,53,13,66,0,0,70,15,85,48,24,72,157
11/10/2021,STC,MN,AGL,CE,Federal Contract Tower,2,0,6,0,8,0,0,13,5,18,2,0,19,5,26,16,0,16,42
11/11/2021,STC,MN,AGL,CE,Federal Contract Tower,0,0,12,0,12,0,0,1,0,1,0,0,13,0,13,0,0,0,13
11/12/2021,STC,MN,AGL,CE,Federal Contract Tower,0,0,9,0,9,0,0,0,0,0,0,0,9,0,9,0,0,0,9
11/13/2021,STC,MN,AGL,CE,Federal Contract Tower,2,0,3,0,5,0,0,2,0,2,2,0,5,0,7,20,0,20,27
11/14/2021,STC,MN,AGL,CE,Federal Contract Tower,0,0,10,0,10,0,1,18,0,19,0,1,28,0,29,20,0,20,49
11/15/2021,STC,MN,AGL,CE,Federal Contract Tower,0,0,12,0,12,0,0,22,0,22,0,0,34,0,34,38,0,38,72
11/16/2021,STC,MN,AGL,CE,Federal Contract Tower,0,0,6,3,9,0,0,28,17,45,0,0,34,20,54,38,32,70,124
11/17/2021,STC,MN,AGL,CE,Federal Contract Tower,2,2,9,3,16,0,0,10,4,14,2,2,19,7,30,0,38,38,68
11/18/2021,STC,MN,AGL,CE,Federal Contract Tower,0,0,17,2,19,0,0,20,15,35,0,0,37,17,54,10,0,10,64
11/19/2021,STC,MN,AGL,CE,Federal Contract Tower,0,1,12,0,13,0,0,30,4,34,0,1,42,4,47,28,0,28,75
11/20/2021,STC,MN,AGL,CE,Federal Contract Tower,2,2,8,0,12,0,4,85,21,110,2,6,93,21,122,60,80,140,262
11/21/2021,STC,MN,AGL,CE,Federal Contract Tower,0,0,9,0,9,0,0,2,0,2,0,0,11,0,11,0,0,0,11
11/22/2021,STC,MN,AGL,CE,Federal Contract Tower,0,3,4,6,13,0,9,32,7,48,0,12,36,13,61,50,10,60,121
11/23/2021,STC,MN,AGL,CE,Federal Contract Tower,2,0,12,0,14,0,0,32,2,34,2,0,44,2,48,34,0,34,82
11/24/2021,STC,MN,AGL,CE,Federal Contract Tower,0,0,4,0,4,0,4,26,3,33,0,4,30,3,37,26,0,26,63
11/25/2021,STC,MN,AGL,CE,Federal Contract Tower,1,0,1,0,2,0,0,26,0,26,1,0,27,0,28,8,0,8,36
11/26/2021,STC,MN,AGL,CE,Federal Contract Tower,1,0,2,0,3,0,0,72,0,72,1,0,74,0,75,52,0,52,127
11/27/2021,STC,MN,AGL,CE,Federal Contract Tower,4,0,0,0,4,0,0,16,0,16,4,0,16,0,20,10,0,10,30
11/28/2021,STC,MN,AGL,CE,Federal Contract Tower,0,1,4,0,5,0,4,64,0,68,0,5,68,0,73,26,0,26,99
11/29/2021,STC,MN,AGL,CE,Federal Contract Tower,0,4,2,0,6,0,0,48,0,48,0,4,50,0,54,54,0,54,108
11/30/2021,STC,MN,AGL,CE,Federal Contract Tower,0,0,11,2,13,0,0,34,17,51,0,0,45,19,64,18,10,28,92
12/01/2021,STC,MN,AGL,CE,Federal Contract Tower,0,4,11,1,16,0,4,33,9,46,0,8,44,10,62,40,10,50,112
12/02/2021,STC,MN,AGL,CE,Federal Contract Tower,0,0,17,0,17,0,0,46,9,55,0,0,63,9,72,64,8,72,144
12/03/2021,STC,MN,AGL,CE,Federal Contract Tower,0,0,1,7,8,0,0,19,1,20,0,0,20,8,28,12,6,18,46
12/04/2021,STC,MN,AGL,CE,Federal Contract Tower,2,1,7,0,10,0,0,45,0,45,2,1,52,0,55,62,0,62,117
12/05/2021,STC,MN,AGL,CE,Federal Contract Tower,0,1,3,0,4,0,0,1,0,1,0,1,4,0,5,0,0,0,5
12/06/2021,STC,MN,AGL,CE,Federal Contract Tower,1,1,11,0,13,0,0,7,0,7,1,1,18,0,20,8,0,8,28
12/07/2021,STC,MN,AGL,CE,Federal Contract Tower,0,0,13,0,13,0,0,8,10,18,0,0,21,10,31,14,92,106,137
12/08/2021,STC,MN,AGL,CE,Federal Contract Tower,0,0,16,5,21,0,2,39,14,55,0,2,55,19,76,98,36,134,210
12/09/2021,STC,MN,AGL,CE,Federal Contract Tower,0,0,10,0,10,0,0,32,12,44,0,0,42,12,54,82,18,100,154
12/10/2021,STC,MN,AGL,CE,Federal Contract Tower,2,0,6,0,8,0,0,16,0,16,2,0,22,0,24,18,0,18,42
12/11/2021,STC,MN,AGL,CE,Federal Contract Tower,2,0,6,0,8,0,0,51,0,51,2,0,57,0,59,66,0,66,125
12/12/2021,STC,MN,AGL,CE,Federal Contract Tower,0,0,4,0,4,0,3,51,0,54,0,3,55,0,58,30,0,30,88
12/13/2021,STC,MN,AGL,CE,Federal Contract Tower,0,1,9,1,11,0,5,63,0,68,0,6,72,1,79,40,0,40,119
12/14/2021,STC,MN,AGL,CE,Federal Contract Tower,0,3,10,2,15,0,4,45,10,59,0,7,55,12,74,40,0,40,114
12/15/2021,STC,MN,AGL,CE,Federal Contract Tower,4,2,4,0,10,0,0,6,2,8,4,2,10,2,18,2,6,8,26
12/16/2021,STC,MN,AGL,CE,Federal Contract Tower,0,2,11,3,16,0,0,15,5,20,0,2,26,8,36,8,16,24,60
12/17/2021,STC,MN,AGL,CE,Federal Contract Tower,0,0,9,0,9,0,0,31,2,33,0,0,40,2,42,24,0,24,66
12/18/2021,STC,MN,AGL,CE,Federal Contract Tower,4,0,2,0,6,0,0,24,0,24,4,0,26,0,30,12,0,12,42
12/19/2021,STC,MN,AGL,CE,Federal Contract Tower,0,1,5,0,6,2,6,0,0,8,2,7,5,0,14,0,0,0,14
12/20/2021,STC,MN,AGL,CE,Federal Contract Tower,0,3,13,0,16,0,3,18,2,23,0,6,31,2,39,50,0,50,89
12/21/2021,STC,MN,AGL,CE,Federal Contract Tower,0,0,4,1,5,0,0,9,11,20,0,0,13,12,25,10,0,10,35
12/22/2021,STC,MN,AGL,CE,Federal Contract Tower,4,10,6,1,21,0,2,50,13,65,4,12,56,14,86,116,0,116,202
12/23/2021,STC,MN,AGL,CE,Federal Contract Tower,0,5,9,0,14,0,0,75,0,75,0,5,84,0,89,60,0,60,149
12/24/2021,STC,MN,AGL,CE,Federal Contract Tower,0,0,0,0,0,0,2,26,0,28,0,2,26,0,28,10,0,10,38
12/25/2021,STC,MN,AGL,CE,Federal Contract Tower,4,0,1,0,5,0,0,2,0,2,4,0,3,0,7,0,0,0,7
12/26/2021,STC,MN,AGL,CE,Federal Contract Tower,0,0,5,0,5,0,0,18,0,18,0,0,23,0,23,36,0,36,59
12/27/2021,STC,MN,AGL,CE,Federal Contract Tower,0,2,4,2,8,0,0,7,0,7,0,2,11,2,15,0,0,0,15
12/28/2021,STC,MN,AGL,CE,Federal Contract Tower,0,0,2,0,2,0,0,2,0,2,0,0,4,0,4,4,0,4,8
12/29/2021,STC,MN,AGL,CE,Federal Contract Tower,4,2,4,4,14,0,0,33,10,43,4,2,37,14,57,16,14,30,87
12/30/2021,STC,MN,AGL,CE,Federal Contract Tower,0,2,4,5,11,0,0,3,0,3,0,2,7,5,14,4,0,4,18
12/31/2021,STC,MN,AGL,CE,Federal Contract Tower,0,0,2,0,2,0,0,6,0,6,0,0,8,0,8,12,0,12,20
01/01/2022,STC,MN,AGL,CE,Federal Contract Tower,4,0,2,0,6,0,0,0,0,0,4,0,2,0,6,0,0,0,6
01/02/2022,STC,MN,AGL,CE,Federal Contract Tower,0,0,4,0,4,0,3,8,0,11,0,3,12,0,15,0,0,0,15
01/03/2022,STC,MN,AGL,CE,Federal Contract Tower,0,3,7,0,10,0,2,51,0,53,0,5,58,0,63,68,0,68,131
01/04/2022,STC,MN,AGL,CE,Federal Contract Tower,0,0,15,2,17,0,0,20,2,22,0,0,35,4,39,22,32,54,93
01/05/2022,STC,MN,AGL,CE,Federal Contract Tower,2,0,2,0,4,0,0,0,0,0,2,0,2,0,4,0,0,0,4
01/06/2022,STC,MN,AGL,CE,Federal Contract Tower,2,1,13,4,20,0,0,9,18,27,2,1,22,22,47,0,40,40,87
01/07/2022,STC,MN,AGL,CE,Federal Contract Tower,0,0,6,0,6,0,0,12,0,12,0,0,18,0,18,4,0,4,22
01/08/2022,STC,MN,AGL,CE,Federal Contract Tower,2,0,2,1,5,0,3,18,16,37,2,3,20,17,42,34,38,72,114
01/09/2022,STC,MN,AGL,CE,Federal Contract Tower,2,1,5,0,8,0,5,8,4,17,2,6,13,4,25,4,8,12,37
01/10/2022,STC,MN,AGL,CE,Federal Contract Tower,0,5,6,3,14,0,0,13,0,13,0,5,19,3,27,12,0,12,39
01/11/2022,STC,MN,AGL,CE,Federal Contract Tower,0,3,6,3,12,0,1,48,19,68,0,4,54,22,80,52,28,80,160
01/12/2022,STC,MN,AGL,CE,Federal Contract Tower,2,0,5,1,8,0,2,48,6,56,2,2,53,7,64,46,16,62,126
01/13/2022,STC,MN,AGL,CE,Federal Contract Tower,2,1,5,2,10,0,0,7,11,18,2,1,12,13,28,2,4,6,34
01/14/2022,STC,MN,AGL,CE,Federal Contract Tower,0,0,9,0,9,0,0,3,0,3,0,0,12,0,12,0,0,0,12
01/15/2022,STC,MN,AGL,CE,Federal Contract Tower,2,2,1,0,5,0,4,35,0,39,2,6,36,0,44,72,0,72,116
01/16/2022,STC,MN,AGL,CE,Federal Contract Tower,2,3,0,0,5,0,0,16,0,16,2,3,16,0,21,12,0,12,33
01/17/2022,STC,MN,AGL,CE,Federal Contract Tower,0,0,11,0,11,0,1,21,0,22,0,1,32,0,33,28,0,28,61
01/18/2022,STC,MN,AGL,CE,Federal Contract Tower,0,0,11,1,12,0,4,16,0,20,0,4,27,1,32,38,0,38,70
01/19/2022,STC,MN,AGL,CE,Federal Contract Tower,2,1,9,0,12,0,0,21,13,34,2,1,30,13,46,14,40,54,100
01/20/2022,STC,MN,AGL,CE,Federal Contract Tower,2,0,7,1,10,0,0,13,9,22,2,0,20,10,32,10,0,10,42
01/21/2022,STC,MN,AGL,CE,Federal Contract Tower,0,0,4,2,6,0,0,8,5,13,0,0,12,7,19,0,0,0,19
01/22/2022,STC,MN,AGL,CE,Federal Contract Tower,2,0,4,0,6,0,0,13,0,13,2,0,17,0,19,20,0,20,39
01/23/2022,STC,MN,AGL,CE,Federal Contract Tower,4,0,0,0,4,0,0,5,0,5,4,0,5,0,9,2,0,2,11
01/24/2022,STC,MN,AGL,CE,Federal Contract Tower,0,4,5,0,9,0,4,37,0,41,0,8,42,0,50,20,0,20,70
01/25/2022,STC,MN,AGL,CE,Federal Contract Tower,0,1,11,1,13,0,2,15,9,26,0,3,26,10,39,22,0,22,61
01/26/2022,STC,MN,AGL,CE,Federal Contract Tower,2,1,4,2,9,0,2,5,10,17,2,3,9,12,26,22,0,22,48
01/27/2022,STC,MN,AGL,CE,Federal Contract Tower,4,6,14,1,25,0,0,29,11,40,4,6,43,12,65,26,0,26,91
01/28/2022,STC,MN,AGL,CE,Federal Contract Tower,6,3,13,0,22,0,0,23,0,23,6,3,36,0,45,78,0,78,123
01/29/2022,STC,MN,AGL,CE,Federal Contract Tower,2,2,1,0,5,0,0,55,0,55,2,2,56,0,60,92,0,92,152
01/30/2022,STC,MN,AGL,CE,Federal Contract Tower,2,2,0,0,4,0,5,28,0,33,2,7,28,0,37,40,0,40,77
01/31/2022,STC,MN,AGL,CE,Federal Contract Tower,0,2,10,1,13,0,7,37,0,44,0,9,47,1,57,54,0,54,111
02/01/2022,STC,MN,AGL,CE,Federal Contract Tower,0,2,4,1,7,0,0,0,4,4,0,2,4,5,11,0,0,0,11
02/02/2022,STC,MN,AGL,CE,Federal Contract Tower,2,2,8,2,14,0,6,27,3,36,2,8,35,5,50,26,2,28,78
02/03/2022,STC,MN,AGL,CE,Federal Contract Tower,2,5,8,3,18,0,21,33,12,66,2,26,41,15,84,10,4,14,98
02/04/2022,STC,MN,AGL,CE,Federal Contract Tower,0,3,11,2,16,0,2,23,6,31,0,5,34,8,47,36,2,38,85
02/05/2022,STC,MN,AGL,CE,Federal Contract Tower,2,0,0,0,2,0,0,10,0,10,2,0,10,0,12,18,0,18,30
02/06/2022,STC,MN,AGL,CE,Federal Contract Tower,2,0,0,0,2,0,4,7,0,11,2,4,7,0,13,26,0,26,39
02/07/2022,STC,MN,AGL,CE,Federal Contract Tower,0,3,10,0,13,0,0,40,0,40,0,3,50,0,53,44,0,44,97
02/08/2022,STC,MN,AGL,CE,Federal Contract Tower,0,0,6,0,6,0,0,48,6,54,0,0,54,6,60,56,0,56,116
02/09/2022,STC,MN,AGL,CE,Federal Contract Tower,2,2,7,0,11,0,0,0,8,8,2,2,7,8,19,0,0,0,19
02/10/2022,STC,MN,AGL,CE,Federal Contract Tower,2,2,4,0,8,0,0,15,0,15,2,2,19,0,23,36,0,36,59
02/11/2022,STC,MN,AGL,CE,Federal Contract Tower,0,2,7,0,9,0,0,0,9,9,0,2,7,9,18,0,22,22,40
02/12/2022,STC,MN,AGL,CE,Federal Contract Tower,2,1,4,1,8,0,0,30,22,52,2,1,34,23,60,4,0,4,64
02/13/2022,STC,MN,AGL,CE,Federal Contract Tower,2,1,1,0,4,0,2,16,0,18,2,3,17,0,22,10,0,10,32
02/14/2022,STC,MN,AGL,CE,Federal Contract Tower,0,0,5,0,5,0,0,31,0,31,0,0,36,0,36,70,0,70,106
02/15/2022,STC,MN,AGL,CE,Federal Contract Tower,0,0,4,1,5,0,2,26,8,36,0,2,30,9,41,42,4,46,87
02/16/2022,STC,MN,AGL,CE,Federal Contract Tower,2,0,14,3,19,0,0,34,10,44,2,0,48,13,63,58,28,86,149
02/17/2022,STC,MN,AGL,CE,Federal Contract Tower,2,2,6,3,13,0,0,39,3,42,2,2,45,6,55,128,0,128,183
02/18/2022,STC,MN,AGL,CE,Federal Contract Tower,2,4,5,0,11,0,0,0,0,0,2,4,5,0,11,0,0,0,11
02/19/2022,STC,MN,AGL,CE,Federal Contract Tower,2,3,3,0,8,0,0,28,0,28,2,3,31,0,36,20,0,20,56
02/20/2022,STC,MN,AGL,CE,Federal Contract Tower,2,4,4,0,10,0,4,34,0,38,2,8,38,0,48,40,0,40,88
02/21/2022,STC,MN,AGL,CE,Federal Contract Tower,2,0,6,0,8,0,0,0,0,0,2,0,6,0,8,0,0,0,8
02/22/2022,STC,MN,AGL,CE,Federal Contract Tower,0,0,6,0,6,0,0,0,0,0,0,0,6,0,6,0,0,0,6
02/23/2022,STC,MN,AGL,CE,Federal Contract Tower,2,0,13,4,19,0,6,36,8,50,2,6,49,12,69,44,14,58,127
02/24/2022,STC,MN,AGL,CE,Federal Contract Tower,2,3,6,0,11,0,0,13,2,15,2,3,19,2,26,38,0,38,64
02/25/2022,STC,MN,AGL,CE,Federal Contract Tower,2,5,13,1,21,0,3,43,2,48,2,8,56,3,69,104,0,104,173
02/26/2022,STC,MN,AGL,CE,Federal Contract Tower,2,2,1,0,5,0,0,13,0,13,2,2,14,0,18,20,0,20,38
02/27/2022,STC,MN,AGL,CE,Federal Contract Tower,2,1,6,0,9,0,11,49,0,60,2,12,55,0,69,54,0,54,123
02/28/2022,STC,MN,AGL,CE,Federal Contract Tower,2,3,5,1,11,0,16,42,0,58,2,19,47,1,69,36,0,36,105
03/01/2022,STC,MN,AGL,CE,Federal Contract Tower,0,7,9,1,17,0,3,30,8,41,0,10,39,9,58,90,2,92,150
03/02/2022,STC,MN,AGL,CE,Federal Contract Tower,2,4,8,1,15,0,3,18,17,38,2,7,26,18,53,90,4,94,147
03/03/2022,STC,MN,AGL,CE,Federal Contract Tower,2,6,15,2,25,0,0,49,4,53,2,6,64,6,78,80,8,88,166
03/04/2022,STC,MN,AGL,CE,Federal Contract Tower,2,1,5,0,8,0,0,26,2,28,2,1,31,2,36,56,0,56,92
03/05/2022,STC,MN,AGL,CE,Federal Contract Tower,2,0,0,0,2,0,0,0,0,0,2,0,0,0,2,0,0,0,2
03/06/2022,STC,MN,AGL,CE,Federal Contract Tower,1,0,4,0,5,0,4,15,0,19,1,4,19,0,24,0,0,0,24
03/07/2022,STC,MN,AGL,CE,Federal Contract Tower,3,6,9,0,18,0,0,65,0,65,3,6,74,0,83,32,0,32,115
03/08/2022,STC,MN,AGL,CE,Federal Contract Tower,2,1,0,2,5,0,0,12,7,19,2,1,12,9,24,40,8,48,72
03/09/2022,STC,MN,AGL,CE,Federal Contract Tower,2,3,8,0,13,0,2,17,10,29,2,5,25,10,42,22,8,30,72
03/10/2022,STC,MN,AGL,CE,Federal Contract Tower,2,2,12,3,19,0,0,45,3,48,2,2,57,6,67,78,0,78,145
03/11/2022,STC,MN,AGL,CE,Federal Contract Tower,3,0,7,0,10,0,1,5,3,9,3,1,12,3,19,14,0,14,33
03/12/2022,STC,MN,AGL,CE,Federal Contract Tower,2,2,0,0,4,0,3,34,0,37,2,5,34,0,41,40,0,40,81
03/13/2022,STC,MN,AGL,CE,Federal Contract Tower,2,0,3,0,5,0,0,47,0,47,2,0,50,0,52,50,0,50,102
03/14/2022,STC,MN,AGL,CE,Federal Contract Tower,4,0,7,2,13,0,0,18,0,18,4,0,25,2,31,52,0,52,83
03/15/2022,STC,MN,AGL,CE,Federal Contract Tower,2,5,10,3,20,0,0,42,9,51,2,5,52,12,71,66,0,66,137
03/16/2022,STC,MN,AGL,CE,Federal Contract Tower,2,1,11,0,14,0,0,51,19,70,2,1,62,19,84,62,30,92,176
03/17/2022,STC,MN,AGL,CE,Federal Contract Tower,2,3,10,1,16,0,0,28,7,35,2,3,38,8,51,34,0,34,85
03/18/2022,STC,MN,AGL,CE,Federal Contract Tower,2,6,11,0,19,0,0,49,9,58,2,6,60,9,77,52,0,52,129
03/19/2022,STC,MN,AGL,CE,Federal Contract Tower,2,0,11,0,13,0,2,62,0,64,2,2,73,0,77,46,0,46,123
03/20/2022,STC,MN,AGL,CE,Federal Contract Tower,2,2,8,0,12,0,0,35,4,39,2,2,43,4,51,20,0,20,71
03/21/2022,STC,MN,AGL,CE,Federal Contract Tower,2,4,12,0,18,0,2,26,0,28,2,6,38,0,46,26,0,26,72
03/22/2022,STC,MN,AGL,CE,Federal Contract Tower,2,0,5,0,7,0,0,0,0,0,2,0,5,0,7,0,0,0,7
03/23/2022,STC,MN,AGL,CE,Federal Contract Tower,3,0,8,1,12,0,0,0,1,1,3,0,8,2,13,0,0,0,13
03/24/2022,STC,MN,AGL,CE,Federal Contract Tower,2,0,10,1,13,0,4,32,4,40,2,4,42,5,53,80,4,84,137
03/25/2022,STC,MN,AGL,CE,Federal Contract Tower,2,0,7,1,10,0,0,1,1,2,2,0,8,2,12,0,0,0,12
03/26/2022,STC,MN,AGL,CE,Federal Contract Tower,4,3,6,0,13,0,0,11,0,11,4,3,17,0,24,6,0,6,30
03/27/2022,STC,MN,AGL,CE,Federal Contract Tower,2,7,4,0,13,0,10,51,0,61,2,17,55,0,74,100,0,100,174
03/28/2022,STC,MN,AGL,CE,Federal Contract Tower,2,0,13,0,15,0,0,39,0,39,2,0,52,0,54,16,0,16,70
03/29/2022,STC,MN,AGL,CE,Federal Contract Tower,0,2,11,0,13,0,0,9,6,15,0,2,20,6,28,14,0,14,42
03/30/2022,STC,MN,AGL,CE,Federal Contract Tower,2,0,8,2,12,0,0,0,0,0,2,0,8,2,12,0,0,0,12
03/31/2022,STC,MN,AGL,CE,Federal Contract Tower,2,1,11,0,14,0,1,13,8,22,2,2,24,8,36,48,46,94,130
04/01/2022,STC,MN,AGL,CE,Federal Contract Tower,2,2,7,0,11,0,2,45,2,49,2,4,52,2,60,34,0,34,94
04/02/2022,STC,MN,AGL,CE,Federal Contract Tower,2,3,3,0,8,0,0,18,0,18,2,3,21,0,26,20,0,20,46
04/03/2022,STC,MN,AGL,CE,Federal Contract Tower,2,0,10,0,12,0,0,12,0,12,2,0,22,0,24,20,0,20,44
04/04/2022,STC,MN,AGL,CE,Federal Contract Tower,2,2,3,0,7,0,2,43,0,45,2,4,46,0,52,42,0,42,94
04/05/2022,STC,MN,AGL,CE,Federal Contract Tower,0,0,5,1,6,0,0,2,0,2,0,0,7,1,8,0,0,0,8
04/06/2022,STC,MN,AGL,CE,Federal Contract Tower,2,0,7,0,9,0,0,0,0,0,2,0,7,0,9,0,0,0,9
04/07/2022,STC,MN,AGL,CE,Federal Contract Tower,0,0,11,2,13,0,0,0,1,1,0,0,11,3,14,0,18,18,32
04/08/2022,STC,MN,AGL,CE,Federal Contract Tower,2,9,13,0,24,0,16,31,6,53,2,25,44,6,77,32,4,36,113
04/09/2022,STC,MN,AGL,CE,Federal Contract Tower,0,5,5,0,10,0,5,98,14,117,0,10,103,14,127,146,34,180,307
04/10/2022,STC,MN,AGL,CE,Federal Contract Tower,0,4,2,0,6,0,2,17,7,26,0,6,19,7,32,8,6,14,46
04/11/2022,STC,MN,AGL,CE,Federal Contract Tower,2,5,16,1,24,0,5,47,0,52,2,10,63,1,76,64,0,64,140
04/12/2022,STC,MN,AGL,CE,Federal Contract Tower,0,0,4,7,11,0,0,6,2,8,0,0,10,9,19,20,0,20,39
04/13/2022,STC,MN,AGL,CE,Federal Contract Tower,2,3,9,3,17,0,0,17,6,23,2,3,26,9,40,26,14,40,80
04/14/2022,STC,MN,AGL,CE,Federal Contract Tower,0,0,13,0,13,0,0,1,0,1,0,0,14,0,14,0,0,0,14
04/15/2022,STC,MN,AGL,CE,Federal Contract Tower,2,1,7,0,10,0,0,27,4,31,2,1,34,4,41,14,0,14,55
04/16/2022,STC,MN,AGL,CE,Federal Contract Tower,0,2,3,0,5,0,0,33,0,33,0,2,36,0,38,40,0,40,78
04/17/2022,STC,MN,AGL,CE,Federal Contract Tower,0,0,0,0,0,0,0,15,0,15,0,0,15,0,15,4,0,4,19
04/18/2022,STC,MN,AGL,CE,Federal Contract Tower,2,5,6,0,13,0,0,7,0,7,2,5,13,0,20,20,0,20,40
04/19/2022,STC,MN,AGL,CE,Federal Contract Tower,0,9,12,0,21,0,2,80,15,97,0,11,92,15,118,104,20,124,242
04/20/2022,STC,MN,AGL,CE,Federal Contract Tower,0,4,9,3,16,0,0,2,4,6,0,4,11,7,22,0,4,4,26
04/21/2022,STC,MN,AGL,CE,Federal Contract Tower,1,8,11,0,20,0,10,78,13,101,1,18,89,13,121,74,50,124,245
04/22/2022,STC,MN,AGL,CE,Federal Contract Tower,2,0,13,0,15,0,0,2,2,4,2,0,15,2,19,0,0,0,19
04/23/2022,STC,MN,AGL,CE,Federal Contract Tower,0,3,5,0,8,0,7,2,0,9,0,10,7,0,17,0,0,0,17
04/24/2022,STC,MN,AGL,CE,Federal Contract Tower,2,0,10,0,12,0,0,1,0,1,2,0,11,0,13,0,0,0,13
04/25/2022,STC,MN,AGL,CE,Federal Contract Tower,2,4,15,0,21,0,2,14,1,17,2,6,29,1,38,16,4,20,58
04/26/2022,STC,MN,AGL,CE,Federal Contract Tower,0,5,4,5,14,0,0,51,7,58,0,5,55,12,72,128,2,130,202
04/27/2022,STC,MN,AGL,CE,Federal Contract Tower,0,6,12,4,22,0,3,69,24,96,0,9,81,28,118,144,44,188,306
04/28/2022,STC,MN,AGL,CE,Federal Contract Tower,0,4,12,0,16,0,0,35,9,44,0,4,47,9,60,54,0,54,114
04/29/2022,STC,MN,AGL,CE,Federal Contract Tower,2,1,8,1,12,0,0,11,0,11,2,1,19,1,23,20,0,20,43
04/30/2022,STC,MN,AGL,CE,Federal Contract Tower,0,3,7,0,10,0,0,0,0,0,0,3,7,0,10,0,0,0,10
05/01/2022,STC,MN,AGL,CE,Federal Contract Tower,0,0,8,0,8,0,0,0,0,0,0,0,8,0,8,0,0,0,8
05/02/2022,STC,MN,AGL,CE,Federal Contract Tower,2,2,2,2,8,0,1,25,4,30,2,3,27,6,38,60,0,60,98
05/03/2022,STC,MN,AGL,CE,Federal Contract Tower,0,6,5,0,11,0,2,69,9,80,0,8,74,9,91,128,2,130,221
05/04/2022,STC,MN,AGL,CE,Federal Contract Tower,0,8,8,1,17,0,1,76,8,85,0,9,84,9,102,106,0,106,208
05/05/2022,STC,MN,AGL,CE,Federal Contract Tower,0,5,10,1,16,0,1,57,4,62,0,6,67,5,78,98,0,98,176
05/06/2022,STC,MN,AGL,CE,Federal Contract Tower,0,3,9,0,12,0,3,57,5,65,0,6,66,5,77,56,0,56,133
05/07/2022,STC,MN,AGL,CE,Federal Contract Tower,0,0,5,0,5,0,0,23,0,23,0,0,28,0,28,28,0,28,56
05/08/2022,STC,MN,AGL,CE,Federal Contract Tower,2,6,11,0,19,0,0,1,0,1,2,6,12,0,20,0,0,0,20
05/09/2022,STC,MN,AGL,CE,Federal Contract Tower,0,2,6,0,8,0,0,3,4,7,0,2,9,4,15,0,0,0,15
05/10/2022,STC,MN,AGL,CE,Federal Contract Tower,0,4,20,0,24,0,0,104,9,113,0,4,124,9,137,104,6,110,247
05/11/2022,STC,MN,AGL,CE,Federal Contract Tower,0,0,4,0,4,0,0,14,2,16,0,0,18,2,20,18,0,18,38
05/12/2022,STC,MN,AGL,CE,Federal Contract Tower,0,2,10,0,12,0,0,12,0,12,0,2,22,0,24,8,0,8,32
05/13/2022,STC,MN,AGL,CE,Federal Contract Tower,0,3,5,0,8,0,4,50,7,61,0,7,55,7,69,50,0,50,119
05/14/2022,STC,MN,AGL,CE,Federal Contract Tower,0,2,2,0,4,0,2,55,13,70,0,4,57,13,74,46,112,158,232
05/15/2022,STC,MN,AGL,CE,Federal Contract Tower,0,0,1,0,1,0,0,38,0,38,0,0,39,0,39,38,0,38,77
05/16/2022,STC,MN,AGL,CE,Federal Contract Tower,0,6,6,0,12,0,2,58,5,65,0,8,64,5,77,22,0,22,99
05/17/2022,STC,MN,AGL,CE,Federal Contract Tower,0,1,16,0,17,0,2,49,6,57,0,3,65,6,74,52,4,56,130
05/18/2022,STC,MN,AGL,CE,Federal Contract Tower,0,1,31,0,32,0,0,33,11,44,0,1,64,11,76,34,0,34,110
05/19/2022,STC,MN,AGL,CE,Federal Contract Tower,0,0,15,0,15,0,0,37,7,44,0,0,52,7,59,30,0,30,89
05/20/2022,STC,MN,AGL,CE,Federal Contract Tower,0,5,10,0,15,0,0,21,2,23,0,5,31,2,38,8,0,8,46
05/21/2022,STC,MN,AGL,CE,Federal Contract Tower,0,0,5,0,5,0,2,125,4,131,0,2,130,4,136,74,16,90,226
05/22/2022,STC,MN,AGL,CE,Federal Contract Tower,0,1,3,0,4,0,2,46,2,50,0,3,49,2,54,58,0,58,112
05/23/2022,STC,MN,AGL,CE,Federal Contract Tower,0,6,11,1,18,0,2,56,9,67,0,8,67,10,85,32,0,32,117
05/24/2022,STC,MN,AGL,CE,Federal Contract Tower,0,4,5,0,9,0,0,67,23,90,0,4,72,23,99,104,8,112,211
05/25/2022,STC,MN,AGL,CE,Federal Contract Tower,0,1,15,3,19,0,0,1,3,4,0,1,16,6,23,0,0,0,23
05/26/2022,STC,MN,AGL,CE,Federal Contract Tower,0,2,20,1,23,0,8,35,1,44,0,10,55,2,67,78,0,78,145
05/27/2022,STC,MN,AGL,CE,Federal Contract Tower,0,2,18,0,20,0,4,63,2,69,0,6,81,2,89,80,0,80,169
05/28/2022,STC,MN,AGL,CE,Federal Contract Tower,0,1,3,0,4,0,2,31,0,33,0,3,34,0,37,36,0,36,73
05/29/2022,STC,MN,AGL,CE,Federal Contract Tower,0,1,5,0,6,0,0,0,0,0,0,1,5,0,6,0,0,0,6
05/30/2022,STC,MN,AGL,CE,Federal Contract Tower,0,0,3,0,3,0,0,1,0,1,0,0,4,0,4,0,0,0,4
05/31/2022,STC,MN,AGL,CE,Federal Contract Tower,0,1,8,0,9,0,0,7,0,7,0,1,15,0,16,2,0,2,18
06/01/2022,STC,MN,AGL,CE,Federal Contract Tower,0,3,14,2,19,0,0,53,9,62,0,3,67,11,81,68,0,68,149
06/02/2022,STC,MN,AGL,CE,Federal Contract Tower,0,4,11,0,15,0,2,25,8,35,0,6,36,8,50,26,0,26,76
06/03/2022,STC,MN,AGL,CE,Federal Contract Tower,0,1,1,1,3,0,1,57,0,58,0,2,58,1,61,86,0,86,147
06/04/2022,STC,MN,AGL,CE,Federal Contract Tower,0,2,6,0,8,0,2,38,0,40,0,4,44,0,48,16,0,16,64
06/05/2022,STC,MN,AGL,CE,Federal Contract Tower,0,1,2,0,3,0,2,58,0,60,0,3,60,0,63,48,0,48,111
06/06/2022,STC,MN,AGL,CE,Federal Contract Tower,0,8,8,0,16,0,0,41,1,42,0,8,49,1,58,98,0,98,156
06/07/2022,STC,MN,AGL,CE,Federal Contract Tower,0,1,5,1,7,0,0,70,15,85,0,1,75,16,92,86,32,118,210
06/08/2022,STC,MN,AGL,CE,Federal Contract Tower,0,4,9,0,13,0,2,55,5,62,0,6,64,5,75,58,0,58,133
06/09/2022,STC,MN,AGL,CE,Federal Contract Tower,0,1,26,1,28,0,4,65,16,85,0,5,91,17,113,86,26,112,225
06/10/2022,STC,MN,AGL,CE,Federal Contract Tower,0,0,6,0,6,0,0,45,7,52,0,0,51,7,58,42,12,54,112
06/11/2022,STC,MN,AGL,CE,Federal Contract Tower,0,0,4,0,4,0,0,18,16,34,0,0,22,16,38,28,62,90,128
06/12/2022,STC,MN,AGL,CE,Federal Contract Tower,0,1,6,0,7,0,2,18,0,20,0,3,24,0,27,60,0,60,87
06/13/2022,STC,MN,AGL,CE,Federal Contract Tower,0,1,4,1,6,0,1,6,1,8,0,2,10,2,14,2,0,2,16
06/14/2022,STC,MN,AGL,CE,Federal Contract Tower,0,4,14,0,18,0,1,20,20,41,0,5,34,20,59,46,6,52,111
06/15/2022,STC,MN,AGL,CE,Federal Contract Tower,0,5,9,0,14,0,0,30,19,49,0,5,39,19,63,38,20,58,121
06/16/2022,STC,MN,AGL,CE,Federal Contract Tower,0,0,8,0,8,0,0,8,15,23,0,0,16,15,31,4,0,4,35
06/17/2022,STC,MN,AGL,CE,Federal Contract Tower,0,3,8,0,11,0,5,88,6,99,0,8,96,6,110,96,0,96,206
06/18/2022,STC,MN,AGL,CE,Federal Contract Tower,0,0,2,0,2,0,4,64,0,68,0,4,66,0,70,26,0,26,96
06/19/2022,STC,MN,AGL,CE,Federal Contract Tower,0,0,3,0,3,0,0,7,0,7,0,0,10,0,10,10,0,10,20
06/20/2022,STC,MN,AGL,CE,Federal Contract Tower,0,1,6,0,7,0,0,29,0,29,0,1,35,0,36,14,0,14,50
06/21/2022,STC,MN,AGL,CE,Federal Contract Tower,0,2,20,0,22,0,0,34,0,34,0,2,54,0,56,52,0,52,108
06/22/2022,STC,MN,AGL,CE,Federal Contract Tower,0,2,11,2,15,0,0,75,16,91,0,2,86,18,106,92,2,94,200
06/23/2022,STC,MN,AGL,CE,Federal Contract Tower,0,6,14,0,20,0,0,35,8,43,0,6,49,8,63,50,0,50,113
06/24/2022,STC,MN,AGL,CE,Federal Contract Tower,0,0,9,0,9,0,0,34,6,40,0,0,43,6,49,44,0,44,93
06/25/2022,STC,MN,AGL,CE,Federal Contract Tower,0,1,10,2,13,0,3,13,4,20,0,4,23,6,33,30,0,30,63
06/26/2022,STC,MN,AGL,CE,Federal Contract Tower,0,1,16,0,17,0,2,12,0,14,0,3,28,0,31,10,0,10,41
06/27/2022,STC,MN,AGL,CE,Federal Contract Tower,0,2,11,0,13,0,6,55,2,63,0,8,66,2,76,116,0,116,192
06/28/2022,STC,MN,AGL,CE,Federal Contract Tower,0,0,21,3,24,0,0,49,12,61,0,0,70,15,85,130,2,132,217
06/29/2022,STC,MN,AGL,CE,Federal Contract Tower,0,0,8,0,8,0,0,26,6,32,0,0,34,6,40,4,6,10,50
06/30/2022,STC,MN,AGL,CE,Federal Contract Tower,0,7,3,2,12,0,1,25,10,36,0,8,28,12,48,36,8,44,92
07/01/2022,STC,MN,AGL,CE,Federal Contract Tower,0,0,5,0,5,0,0,44,0,44,0,0,49,0,49,26,0,26,75
07/02/2022,STC,MN,AGL,CE,Federal Contract Tower,0,0,4,0,4,0,0,34,0,34,0,0,38,0,38,40,0,40,78
07/03/2022,STC,MN,AGL,CE,Federal Contract Tower,0,0,5,0,5,0,0,14,0,14,0,0,19,0,19,14,0,14,33
07/04/2022,STC,MN,AGL,CE,Federal Contract Tower,0,3,10,0,13,0,0,8,0,8,0,3,18,0,21,6,0,6,27
07/05/2022,STC,MN,AGL,CE,Federal Contract Tower,0,0,13,2,15,0,0,9,0,9,0,0,22,2,24,26,0,26,50
07/06/2022,STC,MN,AGL,CE,Federal Contract Tower,0,1,13,1,15,0,1,3,7,11,0,2,16,8,26,6,20,26,52
07/07/2022,STC,MN,AGL,CE,Federal Contract Tower,0,2,5,1,8,0,6,25,4,35,0,8,30,5,43,58,0,58,101
07/08/2022,STC,MN,AGL,CE,Federal Contract Tower,0,3,7,0,10,0,11,63,2,76,0,14,70,2,86,108,0,108,194
07/09/2022,STC,MN,AGL,CE,Federal Contract Tower,0,1,10,0,11,0,8,56,0,64,0,9,66,0,75,130,0,130,205
07/10/2022,STC,MN,AGL,CE,Federal Contract Tower,0,0,5,0,5,0,0,7,0,7,0,0,12,0,12,20,0,20,32
07/11/2022,STC,MN,AGL,CE,Federal Contract Tower,0,6,16,1,23,0,0,32,0,32,0,6,48,1,55,36,0,36,91
07/12/2022,STC,MN,AGL,CE,Federal Contract Tower,0,3,9,0,12,0,3,34,8,45,0,6,43,8,57,66,12,78,135
07/13/2022,STC,MN,AGL,CE,Federal Contract Tower,0,5,10,1,16,0,1,45,12,58,0,6,55,13,74,30,0,30,104
07/14/2022,STC,MN,AGL,CE,Federal Contract Tower,0,1,9,1,11,0,0,46,10,56,0,1,55,11,67,50,50,100,167
07/15/2022,STC,MN,AGL,CE,Federal Contract Tower,0,6,12,0,18,0,4,91,2,97,0,10,103,2,115,92,0,92,207
07/16/2022,STC,MN,AGL,CE,Federal Contract Tower,0,3,9,0,12,0,1,43,6,50,0,4,52,6,62,84,0,84,146
07/17/2022,STC,MN,AGL,CE,Federal Contract Tower,0,5,12,0,17,0,2,52,2,56,0,7,64,2,73,30,0,30,103
07/18/2022,STC,MN,AGL,CE,Federal Contract Tower,0,3,17,1,21,0,2,37,2,41,0,5,54,3,62,52,0,52,114
07/19/2022,STC,MN,AGL,CE,Federal Contract Tower,0,0,15,2,17,0,0,15,9,24,0,0,30,11,41,8,10,18,59
07/20/2022,STC,MN,AGL,CE,Federal Contract Tower,0,2,10,0,12,0,4,25,17,46,0,6,35,17,58,10,36,46,104
07/21/2022,STC,MN,AGL,CE,Federal Contract Tower,0,6,11,3,20,0,10,78,14,102,0,16,89,17,122,78,2,80,202
07/22/2022,STC,MN,AGL,CE,Federal Contract Tower,0,3,6,1,10,0,0,62,2,64,0,3,68,3,74,96,0,96,170
07/23/2022,STC,MN,AGL,CE,Federal Contract Tower,0,0,10,0,10,0,2,20,0,22,0,2,30,0,32,24,0,24,56
07/24/2022,STC,MN,AGL,CE,Federal Contract Tower,0,3,14,0,17,0,1,35,0,36,0,4,49,0,53,60,0,60,113
07/25/2022,STC,MN,AGL,CE,Federal Contract Tower,0,3,14,0,17,0,3,59,0,62,0,6,73,0,79,100,0,100,179
07/26/2022,STC,MN,AGL,CE,Federal Contract Tower,0,0,8,1,9,0,1,16,5,22,0,1,24,6,31,10,0,10,41
07/27/2022,STC,MN,AGL,CE,Federal Contract Tower,0,1,13,2,16,0,3,40,8,51,0,4,53,10,67,72,2,74,141
07/28/2022,STC,MN,AGL,CE,Federal Contract Tower,0,3,8,3,14,0,0,30,12,42,0,3,38,15,56,60,20,80,136
07/29/2022,STC,MN,AGL,CE,Federal Contract Tower,0,3,6,0,9,0,3,51,2,56,0,6,57,2,65,52,0,52,117
07/30/2022,STC,MN,AGL,CE,Federal Contract Tower,0,0,0,0,0,0,0,24,0,24,0,0,24,0,24,50,0,50,74
07/31/2022,STC,MN,AGL,CE,Federal Contract Tower,0,2,6,0,8,0,2,17,0,19,0,4,23,0,27,6,0,6,33
08/01/2022,STC,MN,AGL,CE,Federal Contract Tower,0,0,9,2,11,0,4,56,1,61,0,4,65,3,72,82,0,82,154
08/02/2022,STC,MN,AGL,CE,Federal Contract Tower,0,2,13,1,16,0,5,52,16,73,0,7,65,17,89,66,6,72,161
08/03/2022,STC,MN,AGL,CE,Federal Contract Tower,0,1,7,0,8,0,0,35,12,47,0,1,42,12,55,78,0,78,133
08/04/2022,STC,MN,AGL,CE,Federal Contract Tower,0,2,15,0,17,0,57,11,0,68,0,59,26,0,85,100,14,114,199
08/05/2022,STC,MN,AGL,CE,Federal Contract Tower,0,0,5,0,5,0,2,28,3,33,0,2,33,3,38,68,0,68,106
08/06/2022,STC,MN,AGL,CE,Federal Contract Tower,0,0,2,0,2,0,0,7,0,7,0,0,9,0,9,32,0,32,41
08/07/2022,STC,MN,AGL,CE,Federal Contract Tower,0,1,8,2,11,0,0,23,0,23,0,1,31,2,34,50,4,54,88
08/08/2022,STC,MN,AGL,CE,Federal Contract Tower,0,2,12,1,15,0,0,52,1,53,0,2,64,2,68,70,0,70,138
08/09/2022,STC,MN,AGL,CE,Federal Contract Tower,0,5,12,0,17,0,0,72,10,82,0,5,84,10,99,86,0,86,185
08/10/2022,STC,MN,AGL,CE,Federal Contract Tower,0,0,14,0,14,0,5,52,22,79,0,5,66,22,93,80,2,82,175
08/11/2022,STC,MN,AGL,CE,Federal Contract Tower,0,4,4,2,10,0,0,49,15,64,0,4,53,17,74,110,0,110,184
08/12/2022,STC,MN,AGL,CE,Federal Contract Tower,0,1,2,0,3,0,0,3,0,3,0,1,5,0,6,0,0,0,6
08/13/2022,STC,MN,AGL,CE,Federal Contract Tower,0,4,7,1,12,0,3,22,15,40,0,7,29,16,52,62,12,74,126
08/14/2022,STC,MN,AGL,CE,Federal Contract Tower,0,0,5,0,5,0,0,41,0,41,0,0,46,0,46,78,0,78,124
08/15/2022,STC,MN,AGL,CE,Federal Contract Tower,0,3,29,2,34,0,2,51,2,55,0,5,80,4,89,98,0,98,187
08/16/2022,STC,MN,AGL,CE,Federal Contract Tower,0,1,4,2,7,0,6,46,5,57,0,7,50,7,64,114,0,114,178
08/17/2022,STC,MN,AGL,CE,Federal Contract Tower,0,10,14,0,24,0,4,49,17,70,0,14,63,17,94,68,16,84,178
08/18/2022,STC,MN,AGL,CE,Federal Contract Tower,0,0,7,0,7,0,5,4,0,9,0,5,11,0,16,0,38,38,54
08/19/2022,STC,MN,AGL,CE,Federal Contract Tower,0,0,12,2,14,0,4,14,0,18,0,4,26,2,32,16,0,16,48
08/20/2022,STC,MN,AGL,CE,Federal Contract Tower,0,3,9,0,12,0,0,17,0,17,0,3,26,0,29,44,0,44,73
08/21/2022,STC,MN,AGL,CE,Federal Contract Tower,0,0,7,0,7,0,0,49,0,49,0,0,56,0,56,100,0,100,156
08/22/2022,STC,MN,AGL,CE,Federal Contract Tower,0,5,13,0,18,0,0,73,0,73,0,5,86,0,91,102,0,102,193
08/23/2022,STC,MN,AGL,CE,Federal Contract Tower,0,1,14,5,20,0,4,58,10,72,0,5,72,15,92,70,6,76,168
08/24/2022,STC,MN,AGL,CE,Federal Contract Tower,0,5,17,2,24,0,0,38,14,52,0,5,55,16,76,56,36,92,168
08/25/2022,STC,MN,AGL,CE,Federal Contract Tower,0,3,22,1,26,0,0,43,10,53,0,3,65,11,79,30,24,54,133
08/26/2022,STC,MN,AGL,CE,Federal Contract Tower,0,2,11,0,13,0,4,68,3,75,0,6,79,3,88,100,0,100,188
08/27/2022,STC,MN,AGL,CE,Federal Contract Tower,0,0,7,0,7,0,0,15,0,15,0,0,22,0,22,32,0,32,54
08/28/2022,STC,MN,AGL,CE,Federal Contract Tower,0,2,8,0,10,0,2,17,0,19,0,4,25,0,29,14,0,14,43
08/29/2022,STC,MN,AGL,CE,Federal Contract Tower,0,4,1,0,5,0,0,13,0,13,0,4,14,0,18,38,0,38,56
08/30/2022,STC,MN,AGL,CE,Federal Contract Tower,0,1,12,1,14,0,14,61,0,75,0,15,73,1,89,92,0,92,181
08/31/2022,STC,MN,AGL,CE,Federal Contract Tower,0,0,13,0,13,0,0,59,11,70,0,0,72,11,83,80,24,104,187
09/01/2022,STC,MN,AGL,CE,Federal Contract Tower,0,3,11,0,14,0,2,50,8,60,0,5,61,8,74,38,0,38,112
09/02/2022,STC,MN,AGL,CE,Federal Contract Tower,0,0,7,0,7,0,4,36,2,42,0,4,43,2,49,46,0,46,95
09/03/2022,STC,MN,AGL,CE,Federal Contract Tower,0,1,6,0,7,0,0,54,0,54,0,1,60,0,61,46,0,46,107
09/04/2022,STC,MN,AGL,CE,Federal Contract Tower,0,0,1,0,1,0,0,40,0,40,0,0,41,0,41,18,0,18,59
09/05/2022,STC,MN,AGL,CE,Federal Contract Tower,0,3,6,0,9,0,4,27,0,31,0,7,33,0,40,0,0,0,40
09/06/2022,STC,MN,AGL,CE,Federal Contract Tower,0,2,7,4,13,0,0,51,6,57,0,2,58,10,70,86,2,88,158
09/07/2022,STC,MN,AGL,CE,Federal Contract Tower,0,7,15,1,23,0,2,53,12,67,0,9,68,13,90,76,2,78,168
09/08/2022,STC,MN,AGL,CE,Federal Contract Tower,0,0,14,0,14,0,0,12,11,23,0,0,26,11,37,26,26,52,89
09/09/2022,STC,MN,AGL,CE,Federal Contract Tower,0,2,11,0,13,0,0,11,0,11,0,2,22,0,24,12,0,12,36
09/10/2022,STC,MN,AGL,CE,Federal Contract Tower,0,2,8,0,10,0,0,49,0,49,0,2,57,0,59,122,0,122,181
09/11/2022,STC,MN,AGL,CE,Federal Contract Tower,0,1,5,0,6,0,4,45,0,49,0,5,50,0,55,52,0,52,107
09/12/2022,STC,MN,AGL,CE,Federal Contract Tower,0,1,6,0,7,0,0,59,2,61,0,1,65,2,68,68,0,68,136
09/13/2022,STC,MN,AGL,CE,Federal Contract Tower,0,0,4,3,7,0,1,52,11,64,0,1,56,14,71,40,0,40,111
09/14/2022,STC,MN,AGL,CE,Federal Contract Tower,0,5,18,1,24,0,0,26,12,38,0,5,44,13,62,64,0,64,126
09/15/2022,STC,MN,AGL,CE,Federal Contract Tower,2,0,6,1,9,0,0,12,5,17,2,0,18,6,26,16,20,36,62
09/16/2022,STC,MN,AGL,CE,Federal Contract Tower,0,1,19,3,23,0,4,16,1,21,0,5,35,4,44,42,0,42,86
09/17/2022,STC,MN,AGL,CE,Federal Contract Tower,0,1,12,0,13,0,2,24,4,30,0,3,36,4,43,32,4,36,79
09/18/2022,STC,MN,AGL,CE,Federal Contract Tower,0,4,17,0,21,0,5,27,12,44,0,9,44,12,65,50,0,50,115
09/19/2022,STC,MN,AGL,CE,Federal Contract Tower,0,1,17,1,19,0,0,27,0,27,0,1,44,1,46,50,0,50,96
09/20/2022,STC,MN,AGL,CE,Federal Contract Tower,0,7,9,2,18,0,2,63,6,71,0,9,72,8,89,84,24,108,197
09/21/2022,STC,MN,AGL,CE,Federal Contract Tower,0,0,15,4,19,0,4,29,13,46,0,4,44,17,65,8,0,8,73
09/22/2022,STC,MN,AGL,CE,Federal Contract Tower,0,0,24,0,24,0,0,40,4,44,0,0,64,4,68,46,4,50,118
09/23/2022,STC,MN,AGL,CE,Federal Contract Tower,0,0,10,0,10,0,0,11,0,11,0,0,21,0,21,16,0,16,37
09/24/2022,STC,MN,AGL,CE,Federal Contract Tower,0,0,9,0,9,0,0,5,0,5,0,0,14,0,14,10,0,10,24
09/25/2022,STC,MN,AGL,CE,Federal Contract Tower,0,0,8,0,8,0,9,17,0,26,0,9,25,0,34,34,0,34,68
09/26/2022,STC,MN,AGL,CE,Federal Contract Tower,0,0,8,0,8,0,6,30,0,36,0,6,38,0,44,10,0,10,54
09/27/2022,STC,MN,AGL,CE,Federal Contract Tower,0,5,24,0,29,0,0,54,11,65,0,5,78,11,94,106,4,110,204
09/28/2022,STC,MN,AGL,CE,Federal Contract Tower,0,5,14,0,19,0,0,45,6,51,0,5,59,6,70,56,6,62,132
09/29/2022,STC,MN,AGL,CE,Federal Contract Tower,0,1,11,1,13,0,0,21,11,32,0,1,32,12,45,6,0,6,51
09/30/2022,STC,MN,AGL,CE,Federal Contract Tower,0,8,10,0,18,0,0,34,6,40,0,8,44,6,58,34,0,34,92
10/01/2022,STC,MN,AGL,CE,Federal Contract Tower,0,6,7,0,13,0,2,33,0,35,0,8,40,0,48,34,0,34,82
10/02/2022,STC,MN,AGL,CE,Federal Contract Tower,0,4,13,0,17,0,9,28,0,37,0,13,41,0,54,42,0,42,96
10/03/2022,STC,MN,AGL,CE,Federal Contract Tower,0,2,7,3,12,0,2,38,0,40,0,4,45,3,52,122,0,122,174
10/04/2022,STC,MN,AGL,CE,Federal Contract Tower,0,0,19,2,21,0,0,37,9,46,0,0,56,11,67,66,8,74,141
10/05/2022,STC,MN,AGL,CE,Federal Contract Tower,2,6,6,3,17,0,2,65,13,80,2,8,71,16,97,88,20,108,205
10/06/2022,STC,MN,AGL,CE,Federal Contract Tower,0,1,14,2,17,0,0,4,13,17,0,1,18,15,34,12,10,22,56
10/07/2022,STC,MN,AGL,CE,Federal Contract Tower,0,2,6,0,8,0,0,37,2,39,0,2,43,2,47,64,0,64,111
10/08/2022,STC,MN,AGL,CE,Federal Contract Tower,2,1,10,0,13,0,5,45,0,50,2,6,55,0,63,36,0,36,99
10/09/2022,STC,MN,AGL,CE,Federal Contract Tower,0,1,8,0,9,0,2,73,0,75,0,3,81,0,84,90,0,90,174
10/10/2022,STC,MN,AGL,CE,Federal Contract Tower,0,10,5,0,15,0,4,50,0,54,0,14,55,0,69,82,0,82,151
10/11/2022,STC,MN,AGL,CE,Federal Contract Tower,0,2,10,0,12,0,0,7,0,7,0,2,17,0,19,8,0,8,27
10/12/2022,STC,MN,AGL,CE,Federal Contract Tower,2,2,11,0,15,0,0,4,19,23,2,2,15,19,38,24,12,36,74
10/13/2022,STC,MN,AGL,CE,Federal Contract Tower,0,5,7,0,12,0,0,28,12,40,0,5,35,12,52,18,0,18,70
10/14/2022,STC,MN,AGL,CE,Federal Contract Tower,0,0,2,2,4,0,0,8,6,14,0,0,10,8,18,52,14,66,84
10/15/2022,STC,MN,AGL,CE,Federal Contract Tower,2,4,2,1,9,0,0,24,14,38,2,4,26,15,47,14,2,16,63
10/16/2022,STC,MN,AGL,CE,Federal Contract Tower,0,0,4,0,4,0,4,8,0,12,0,4,12,0,16,6,0,6,22
10/17/2022,STC,MN,AGL,CE,Federal Contract Tower,0,0,17,0,17,0,0,16,0,16,0,0,33,0,33,34,0,34,67
10/18/2022,STC,MN,AGL,CE,Federal Contract Tower,0,3,11,4,18,0,0,21,19,40,0,3,32,23,58,48,8,56,114
10/19/2022,STC,MN,AGL,CE,Federal Contract Tower,2,1,12,1,16,0,1,42,20,63,2,2,54,21,79,70,32,102,181
10/20/2022,STC,MN,AGL,CE,Federal Contract Tower,0,1,8,2,11,0,0,48,17,65,0,1,56,19,76,124,10,134,210
10/21/2022,STC,MN,AGL,CE,Federal Contract Tower,0,2,5,0,7,0,2,36,0,38,0,4,41,0,45,80,0,80,125
10/22/2022,STC,MN,AGL,CE,Federal Contract Tower,2,0,5,0,7,0,3,28,0,31,2,3,33,0,38,74,0,74,112
10/23/2022,STC,MN,AGL,CE,Federal Contract Tower,0,0,0,0,0,0,0,14,0,14,0,0,14,0,14,4,0,4,18
10/24/2022,STC,MN,AGL,CE,Federal Contract Tower,0,7,3,0,10,0,0,13,0,13,0,7,16,0,23,58,0,58,81
10/25/2022,STC,MN,AGL,CE,Federal Contract Tower,0,6,14,1,21,0,5,23,17,45,0,11,37,18,66,76,0,76,142
10/26/2022,STC,MN,AGL,CE,Federal Contract Tower,2,6,11,4,23,0,4,47,15,66,2,10,58,19,89,68,44,112,201
10/27/2022,STC,MN,AGL,CE,Federal Contract Tower,0,3,15,1,19,0,3,21,9,33,0,6,36,10,52,20,46,66,118
10/28/2022,STC,MN,AGL,CE,Federal Contract Tower,0,3,5,2,10,0,0,38,3,41,0,3,43,5,51,96,2,98,149
10/29/2022,STC,MN,AGL,CE,Federal Contract Tower,2,3,4,0,9,0,0,35,0,35,2,3,39,0,44,6,0,6,50
10/30/2022,STC,MN,AGL,CE,Federal Contract Tower,0,1,7,0,8,0,2,41,0,43,0,3,48,0,51,40,0,40,91
10/31/2022,STC,MN,AGL,CE,Federal Contract Tower,0,5,8,2,15,0,0,40,0,40,0,5,48,2,55,58,2,60,115
11/01/2022,STC,MN,AGL,CE,Federal Contract Tower,0,6,13,4,23,0,3,52,8,63,0,9,65,12,86,112,22,134,220
11/02/2022,STC,MN,AGL,CE,Federal Contract Tower,2,2,6,2,12,0,0,25,11,36,2,2,31,13,48,2,10,12,60
11/03/2022,STC,MN,AGL,CE,Federal Contract Tower,0,1,26,2,29,0,2,16,9,27,0,3,42,11,56,12,36,48,104
11/04/2022,STC,MN,AGL,CE,Federal Contract Tower,1,2,14,2,19,0,0,36,0,36,1,2,50,2,55,92,0,92,147
11/05/2022,STC,MN,AGL,CE,Federal Contract Tower,2,2,3,0,7,0,2,27,0,29,2,4,30,0,36,46,0,46,82
11/06/2022,STC,MN,AGL,CE,Federal Contract Tower,0,0,5,0,5,0,2,8,0,10,0,2,13,0,15,0,0,0,15
11/07/2022,STC,MN,AGL,CE,Federal Contract Tower,2,2,8,0,12,0,0,45,0,45,2,2,53,0,57,50,0,50,107
11/08/2022,STC,MN,AGL,CE,Federal Contract Tower,0,2,4,2,8,0,0,19,5,24,0,2,23,7,32,6,36,42,74
11/09/2022,STC,MN,AGL,CE,Federal Contract Tower,2,0,7,2,11,0,0,0,0,0,2,0,7,2,11,0,0,0,11
11/10/2022,STC,MN,AGL,CE,Federal Contract Tower,0,0,4,0,4,0,0,0,0,0,0,0,4,0,4,0,0,0,4
11/11/2022,STC,MN,AGL,CE,Federal Contract Tower,0,0,4,0,4,0,0,6,0,6,0,0,10,0,10,44,0,44,54
11/12/2022,STC,MN,AGL,CE,Federal Contract Tower,2,0,5,0,7,0,0,10,0,10,2,0,15,0,17,36,0,36,53
11/13/2022,STC,MN,AGL,CE,Federal Contract Tower,0,0,8,0,8,0,0,22,0,22,0,0,30,0,30,48,0,48,78
11/14/2022,STC,MN,AGL,CE,Federal Contract Tower,0,0,9,0,9,0,0,2,0,2,0,0,11,0,11,0,0,0,11
11/15/2022,STC,MN,AGL,CE,Federal Contract Tower,0,2,12,0,14,0,0,0,0,0,0,2,12,0,14,0,0,0,14
11/16/2022,STC,MN,AGL,CE,Federal Contract Tower,2,5,14,0,21,0,0,7,14,21,2,5,21,14,42,32,22,54,96
11/17/2022,STC,MN,AGL,CE,Federal Contract Tower,0,1,13,0,14,0,0,6,22,28,0,1,19,22,42,0,24,24,66
11/18/2022,STC,MN,AGL,CE,Federal Contract Tower,0,2,9,0,11,0,0,17,15,32,0,2,26,15,43,14,24,38,81
11/19/2022,STC,MN,AGL,CE,Federal Contract Tower,0,1,13,0,14,0,0,4,10,14,0,1,17,10,28,0,4,4,32
11/20/2022,STC,MN,AGL,CE,Federal Contract Tower,0,0,12,0,12,0,2,36,0,38,0,2,48,0,50,104,0,104,154
11/21/2022,STC,MN,AGL,CE,Federal Contract Tower,0,0,10,0,10,0,1,24,5,30,0,1,34,5,40,14,0,14,54
11/22/2022,STC,MN,AGL,CE,Federal Contract Tower,0,3,2,0,5,0,0,58,4,62,0,3,60,4,67,48,10,58,125
11/23/2022,STC,MN,AGL,CE,Federal Contract Tower,2,7,7,0,16,0,8,42,2,52,2,15,49,2,68,60,0,60,128
11/24/2022,STC,MN,AGL,CE,Federal Contract Tower,0,0,0,0,0,0,4,6,0,10,0,4,6,0,10,10,0,10,20
11/25/2022,STC,MN,AGL,CE,Federal Contract Tower,0,0,4,0,4,0,6,55,0,61,0,6,59,0,65,86,0,86,151
11/26/2022,STC,MN,AGL,CE,Federal Contract Tower,0,2,6,0,8,0,0,34,0,34,0,2,40,0,42,34,0,34,76
11/27/2022,STC,MN,AGL,CE,Federal Contract Tower,2,0,19,0,21,0,2,32,0,34,2,2,51,0,55,34,0,34,89
11/28/2022,STC,MN,AGL,CE,Federal Contract Tower,0,3,17,2,22,0,6,43,0,49,0,9,60,2,71,44,0,44,115
11/29/2022,STC,MN,AGL,CE,Federal Contract Tower,1,9,13,1,24,0,2,4,21,27,1,11,17,22,51,0,28,28,79
11/30/2022,STC,MN,AGL,CE,Federal Contract Tower,0,6,20,2,28,0,0,17,19,36,0,6,37,21,64,12,28,40,104
12/01/2022,STC,MN,AGL,CE,Federal Contract Tower,0,4,14,2,20,0,0,18,16,34,0,4,32,18,54,28,20,48,102
12/02/2022,STC,MN,AGL,CE,Federal Contract Tower,0,1,9,0,10,0,0,8,2,10,0,1,17,2,20,8,0,8,28
12/03/2022,STC,MN,AGL,CE,Federal Contract Tower,0,0,9,0,9,0,2,38,0,40,0,2,47,0,49,78,0,78,127
12/04/2022,STC,MN,AGL,CE,Federal Contract Tower,0,2,3,0,5,0,3,41,0,44,0,5,44,0,49,28,0,28,77
12/05/2022,STC,MN,AGL,CE,Federal Contract Tower,0,0,8,0,8,0,0,46,0,46,0,0,54,0,54,84,0,84,138
12/06/2022,STC,MN,AGL,CE,Federal Contract Tower,0,3,14,0,17,0,0,47,12,59,0,3,61,12,76,94,20,114,190
12/07/2022,STC,MN,AGL,CE,Federal Contract Tower,0,1,11,0,12,0,0,27,13,40,0,1,38,13,52,76,26,102,154
12/08/2022,STC,MN,AGL,CE,Federal Contract Tower,0,0,13,2,15,0,0,48,8,56,0,0,61,10,71,84,8,92,163
12/09/2022,STC,MN,AGL,CE,Federal Contract Tower,0,2,6,1,9,0,1,5,3,9,0,3,11,4,18,8,0,8,26
12/10/2022,STC,MN,AGL,CE,Federal Contract Tower,2,0,2,0,4,0,0,2,0,2,2,0,4,0,6,2,0,2,8
12/11/2022,STC,MN,AGL,CE,Federal Contract Tower,0,0,12,0,12,0,0,6,0,6,0,0,18,0,18,10,0,10,28
12/12/2022,STC,MN,AGL,CE,Federal Contract Tower,0,2,3,1,6,0,0,6,0,6,0,2,9,1,12,6,0,6,18
12/13/2022,STC,MN,AGL,CE,Federal Contract Tower,0,0,2,0,2,0,0,0,0,0,0,0,2,0,2,0,0,0,2
12/14/2022,STC,MN,AGL,CE,Federal Contract Tower,0,0,5,0,5,0,0,0,0,0,0,0,5,0,5,0,0,0,5
12/15/2022,STC,MN,AGL,CE,Federal Contract Tower,2,1,7,0,10,0,0,0,0,0,2,1,7,0,10,0,0,0,10
12/16/2022,STC,MN,AGL,CE,Federal Contract Tower,2,6,6,3,17,0,0,0,0,0,2,6,6,3,17,0,0,0,17
12/17/2022,STC,MN,AGL,CE,Federal Contract Tower,0,3,2,0,5,0,0,0,0,0,0,3,2,0,5,0,0,0,5
12/18/2022,STC,MN,AGL,CE,Federal Contract Tower,0,4,4,0,8,0,0,40,0,40,0,4,44,0,48,26,0,26,74
12/19/2022,STC,MN,AGL,CE,Federal Contract Tower,0,4,6,0,10,0,0,8,0,8,0,4,14,0,18,4,0,4,22
12/20/2022,STC,MN,AGL,CE,Federal Contract Tower,0,7,7,2,16,0,0,32,29,61,0,7,39,31,77,34,24,58,135
12/21/2022,STC,MN,AGL,CE,Federal Contract Tower,2,2,3,0,7,0,0,0,0,0,2,2,3,0,7,0,0,0,7
12/22/2022,STC,MN,AGL,CE,Federal Contract Tower,0,2,2,0,4,0,0,2,0,2,0,2,4,0,6,2,0,2,8
12/23/2022,STC,MN,AGL,CE,Federal Contract Tower,0,2,0,0,2,0,0,0,0,0,0,2,0,0,2,0,0,0,2
12/24/2022,STC,MN,AGL,CE,Federal Contract Tower,0,0,3,0,3,0,6,3,0,9,0,6,6,0,12,6,0,6,18
12/25/2022,STC,MN,AGL,CE,Federal Contract Tower,0,0,3,0,3,0,0,0,0,0,0,0,3,0,3,0,0,0,3
12/26/2022,STC,MN,AGL,CE,Federal Contract Tower,0,3,1,0,4,0,0,38,0,38,0,3,39,0,42,24,0,24,66
12/27/2022,STC,MN,AGL,CE,Federal Contract Tower,0,1,11,2,14,0,1,47,0,48,0,2,58,2,62,42,0,42,104
12/28/2022,STC,MN,AGL,CE,Federal Contract Tower,2,0,7,2,11,0,4,29,22,55,2,4,36,24,66,22,30,52,118
12/29/2022,STC,MN,AGL,CE,Federal Contract Tower,0,3,4,4,11,0,0,5,9,14,0,3,9,13,25,4,24,28,53
12/30/2022,STC,MN,AGL,CE,Federal Contract Tower,0,5,15,0,20,0,4,47,2,53,0,9,62,2,73,84,16,100,173
12/31/2022,STC,MN,AGL,CE,Federal Contract Tower,0,2,2,0,4,0,0,18,0,18,0,2,20,0,22,22,0,22,44
01/01/2023,STC,MN,AGL,CE,Federal Contract Tower,0,0,7,0,7,0,0,5,0,5,0,0,12,0,12,8,0,8,20
01/02/2023,STC,MN,AGL,CE,Federal Contract Tower,0,2,6,0,8,0,0,0,0,0,0,2,6,0,8,0,0,0,8
01/03/2023,STC,MN,AGL,CE,Federal Contract Tower,0,0,0,0,0,0,0,0,0,0,0,0,0,0,0,0,0,0,0
01/04/2023,STC,MN,AGL,CE,Federal Contract Tower,2,0,2,0,4,0,0,0,0,0,2,0,2,0,4,0,0,0,4
01/05/2023,STC,MN,AGL,CE,Federal Contract Tower,2,2,3,1,8,0,0,0,4,4,2,2,3,5,12,0,12,12,24
01/06/2023,STC,MN,AGL,CE,Federal Contract Tower,0,2,8,3,13,0,1,31,8,40,0,3,39,11,53,40,2,42,95
01/07/2023,STC,MN,AGL,CE,Federal Contract Tower,2,1,4,0,7,0,0,24,0,24,2,1,28,0,31,60,0,60,91
01/08/2023,STC,MN,AGL,CE,Federal Contract Tower,2,2,8,0,12,0,0,31,0,31,2,2,39,0,43,40,0,40,83
01/09/2023,STC,MN,AGL,CE,Federal Contract Tower,0,0,4,3,7,0,0,5,0,5,0,0,9,3,12,50,0,50,62
01/10/2023,STC,MN,AGL,CE,Federal Contract Tower,0,2,10,0,12,0,0,0,0,0,0,2,10,0,12,0,0,0,12
01/11/2023,STC,MN,AGL,CE,Federal Contract Tower,2,7,7,0,16,0,0,0,1,1,2,7,7,1,17,0,8,8,25
01/12/2023,STC,MN,AGL,CE,Federal Contract Tower,2,0,12,1,15,0,0,12,33,45,2,0,24,34,60,42,30,72,132
01/13/2023,STC,MN,AGL,CE,Federal Contract Tower,0,0,3,1,4,0,0,0,0,0,0,0,3,1,4,0,0,0,4
01/14/2023,STC,MN,AGL,CE,Federal Contract Tower,2,1,7,0,10,0,4,79,0,83,2,5,86,0,93,70,0,70,163
01/15/2023,STC,MN,AGL,CE,Federal Contract Tower,4,1,6,0,11,0,3,51,0,54,4,4,57,0,65,42,0,42,107
01/16/2023,STC,MN,AGL,CE,Federal Contract Tower,0,2,6,0,8,0,0,0,0,0,0,2,6,0,8,0,0,0,8
01/17/2023,STC,MN,AGL,CE,Federal Contract Tower,0,0,16,2,18,0,0,4,0,4,0,0,20,2,22,48,0,48,70
01/18/2023,STC,MN,AGL,CE,Federal Contract Tower,2,0,9,2,13,0,0,13,13,26,2,0,22,15,39,42,36,78,117
01/19/2023,STC,MN,AGL,CE,Federal Contract Tower,4,2,16,3,25,0,0,0,10,10,4,2,16,13,35,0,24,24,59
01/20/2023,STC,MN,AGL,CE,Federal Contract Tower,2,0,8,0,10,0,0,8,6,14,2,0,16,6,24,46,0,46,70
01/21/2023,STC,MN,AGL,CE,Federal Contract Tower,2,2,2,0,6,0,0,0,0,0,2,2,2,0,6,0,0,0,6
01/22/2023,STC,MN,AGL,CE,Federal Contract Tower,2,0,5,0,7,0,0,0,0,0,2,0,5,0,7,0,0,0,7
01/23/2023,STC,MN,AGL,CE,Federal Contract Tower,2,1,15,0,18,0,0,13,0,13,2,1,28,0,31,28,0,28,59
01/24/2023,STC,MN,AGL,CE,Federal Contract Tower,0,2,18,0,20,0,0,32,10,42,0,2,50,10,62,30,46,76,138
01/25/2023,STC,MN,AGL,CE,Federal Contract Tower,2,0,12,0,14,0,0,0,17,17,2,0,12,17,31,6,14,20,51
01/26/2023,STC,MN,AGL,CE,Federal Contract Tower,2,0,21,0,23,0,0,26,14,40,2,0,47,14,63,76,24,100,163
01/27/2023,STC,MN,AGL,CE,Federal Contract Tower,0,1,3,0,4,0,0,4,3,7,0,1,7,3,11,18,2,20,31
01/28/2023,STC,MN,AGL,CE,Federal Contract Tower,2,9,6,0,17,0,8,59,13,80,2,17,65,13,97,68,4,72,169
01/29/2023,STC,MN,AGL,CE,Federal Contract Tower,2,4,9,0,15,0,0,18,6,24,2,4,27,6,39,12,0,12,51
01/30/2023,STC,MN,AGL,CE,Federal Contract Tower,0,0,8,0,8,0,0,11,0,11,0,0,19,0,19,2,0,2,21
01/31/2023,STC,MN,AGL,CE,Federal Contract Tower,0,3,10,1,14,0,0,16,12,28,0,3,26,13,42,48,10,58,100
02/01/2023,STC,MN,AGL,CE,Federal Contract Tower,2,2,13,0,17,0,2,32,10,44,2,4,45,10,61,30,14,44,105
02/02/2023,STC,MN,AGL,CE,Federal Contract Tower,2,7,13,0,22,0,1,15,12,28,2,8,28,12,50,26,4,30,80
02/03/2023,STC,MN,AGL,CE,Federal Contract Tower,0,2,4,0,6,0,0,12,0,12,0,2,16,0,18,18,0,18,36
02/04/2023,STC,MN,AGL,CE,Federal Contract Tower,2,6,4,0,12,0,0,57,0,57,2,6,61,0,69,52,0,52,121
02/05/2023,STC,MN,AGL,CE,Federal Contract Tower,2,3,5,0,10,0,6,66,0,72,2,9,71,0,82,96,0,96,178
02/06/2023,STC,MN,AGL,CE,Federal Contract Tower,0,0,7,0,7,0,0,10,0,10,0,0,17,0,17,22,0,22,39
02/07/2023,STC,MN,AGL,CE,Federal Contract Tower,0,4,6,0,10,0,9,46,14,69,0,13,52,14,79,54,6,60,139
02/08/2023,STC,MN,AGL,CE,Federal Contract Tower,2,5,12,6,25,0,0,65,13,78,2,5,77,19,103,110,10,120,223
02/09/2023,STC,MN,AGL,CE,Federal Contract Tower,3,3,15,4,25,0,0,5,14,19,3,3,20,18,44,0,0,0,44
02/10/2023,STC,MN,AGL,CE,Federal Contract Tower,0,1,18,2,21,0,2,44,4,50,0,3,62,6,71,94,26,120,191
02/11/2023,STC,MN,AGL,CE,Federal Contract Tower,2,0,5,0,7,0,1,29,4,34,2,1,34,4,41,36,0,36,77
02/12/2023,STC,MN,AGL,CE,Federal Contract Tower,2,2,5,0,9,0,0,20,0,20,2,2,25,0,29,34,0,34,63
02/13/2023,STC,MN,AGL,CE,Federal Contract Tower,0,6,7,0,13,0,0,50,0,50,0,6,57,0,63,96,4,100,163
02/14/2023,STC,MN,AGL,CE,Federal Contract Tower,0,2,8,0,10,0,0,0,0,0,0,2,8,0,10,0,0,0,10
02/15/2023,STC,MN,AGL,CE,Federal Contract Tower,2,2,7,0,11,0,0,2,11,13,2,2,9,11,24,2,24,26,50
02/16/2023,STC,MN,AGL,CE,Federal Contract Tower,2,0,13,0,15,0,0,46,17,63,2,0,59,17,78,92,14,106,184
02/17/2023,STC,MN,AGL,CE,Federal Contract Tower,2,5,8,0,15,0,0,35,1,36,2,5,43,1,51,68,16,84,135
02/18/2023,STC,MN,AGL,CE,Federal Contract Tower,3,0,10,0,13,0,0,45,0,45,3,0,55,0,58,48,0,48,106
02/19/2023,STC,MN,AGL,CE,Federal Contract Tower,2,2,2,0,6,0,6,28,0,34,2,8,30,0,40,42,0,42,82
02/20/2023,STC,MN,AGL,CE,Federal Contract Tower,2,0,3,0,5,0,0,0,0,0,2,0,3,0,5,0,0,0,5
02/21/2023,STC,MN,AGL,CE,Federal Contract Tower,0,0,5,0,5,0,2,7,0,9,0,2,12,0,14,6,0,6,20
02/22/2023,STC,MN,AGL,CE,Federal Contract Tower,2,1,6,2,11,0,0,4,2,6,2,1,10,4,17,1,0,1,18
02/23/2023,STC,MN,AGL,CE,Federal Contract Tower,2,0,2,0,4,0,0,2,0,2,2,0,4,0,6,8,0,8,14
02/24/2023,STC,MN,AGL,CE,Federal Contract Tower,2,4,3,0,9,0,0,32,0,32,2,4,35,0,41,20,0,20,61
02/25/2023,STC,MN,AGL,CE,Federal Contract Tower,2,4,5,1,12,0,3,36,12,51,2,7,41,13,63,66,32,98,161
02/26/2023,STC,MN,AGL,CE,Federal Contract Tower,2,0,5,0,7,0,0,34,3,37,2,0,39,3,44,68,2,70,114
02/27/2023,STC,MN,AGL,CE,Federal Contract Tower,2,3,3,0,8,0,0,0,0,0,2,3,3,0,8,6,0,6,14
02/28/2023,STC,MN,AGL,CE,Federal Contract Tower,0,3,6,2,11,0,1,28,15,44,0,4,34,17,55,64,10,74,129
03/01/2023,STC,MN,AGL,CE,Federal Contract Tower,2,2,8,2,14,0,0,0,9,9,2,2,8,11,23,0,6,6,29
03/02/2023,STC,MN,AGL,CE,Federal Contract Tower,2,1,9,0,12,0,0,15,14,29,2,1,24,14,41,44,20,64,105
03/03/2023,STC,MN,AGL,CE,Federal Contract Tower,2,3,0,0,5,0,0,13,0,13,2,3,13,0,18,60,0,60,78
03/04/2023,STC,MN,AGL,CE,Federal Contract Tower,2,4,6,0,12,0,0,70,0,70,2,4,76,0,82,80,0,80,162
03/05/2023,STC,MN,AGL,CE,Federal Contract Tower,4,2,1,0,7,0,5,8,0,13,4,7,9,0,20,8,0,8,28
03/06/2023,STC,MN,AGL,CE,Federal Contract Tower,2,0,9,1,12,0,0,2,1,3,2,0,11,2,15,0,0,0,15
03/07/2023,STC,MN,AGL,CE,Federal Contract Tower,0,0,8,2,10,0,0,27,15,42,0,0,35,17,52,54,22,76,128
03/08/2023,STC,MN,AGL,CE,Federal Contract Tower,2,0,7,0,9,0,0,8,6,14,2,0,15,6,23,12,0,12,35
03/09/2023,STC,MN,AGL,CE,Federal Contract Tower,4,1,8,0,13,0,0,2,0,2,4,1,10,0,15,0,0,0,15
03/10/2023,STC,MN,AGL,CE,Federal Contract Tower,2,0,5,0,7,0,1,14,11,26,2,1,19,11,33,92,56,148,181
03/11/2023,STC,MN,AGL,CE,Federal Contract Tower,2,2,0,0,4,0,0,1,0,1,2,2,1,0,5,4,0,4,9
03/12/2023,STC,MN,AGL,CE,Federal Contract Tower,2,0,3,0,5,0,0,0,0,0,2,0,3,0,5,0,0,0,5
03/13/2023,STC,MN,AGL,CE,Federal Contract Tower,2,5,7,0,14,0,4,41,0,45,2,9,48,0,59,116,0,116,175
03/14/2023,STC,MN,AGL,CE,Federal Contract Tower,0,2,8,3,13,0,2,40,10,52,0,4,48,13,65,56,2,58,123
03/15/2023,STC,MN,AGL,CE,Federal Contract Tower,2,3,14,2,21,0,0,25,20,45,2,3,39,22,66,16,30,46,112
03/16/2023,STC,MN,AGL,CE,Federal Contract Tower,2,0,8,0,10,0,0,0,0,0,2,0,8,0,10,0,0,0,10
03/17/2023,STC,MN,AGL,CE,Federal Contract Tower,2,0,4,0,6,0,2,3,0,5,2,2,7,0,11,12,0,12,23
03/18/2023,STC,MN,AGL,CE,Federal Contract Tower,2,8,1,0,11,0,8,13,0,21,2,16,14,0,32,12,0,12,44
03/19/2023,STC,MN,AGL,CE,Federal Contract Tower,2,6,0,0,8,0,0,18,0,18,2,6,18,0,26,28,0,28,54
03/20/2023,STC,MN,AGL,CE,Federal Contract Tower,2,3,7,0,12,0,4,50,0,54,2,7,57,0,66,100,0,100,166
03/21/2023,STC,MN,AGL,CE,Federal Contract Tower,0,2,6,0,8,0,0,7,17,24,0,2,13,17,32,18,38,56,88
03/22/2023,STC,MN,AGL,CE,Federal Contract Tower,2,3,5,0,10,0,0,10,10,20,2,3,15,10,30,8,26,34,64
03/23/2023,STC,MN,AGL,CE,Federal Contract Tower,2,9,13,4,28,0,11,75,15,101,2,20,88,19,129,148,14,162,291
03/24/2023,STC,MN,AGL,CE,Federal Contract Tower,1,11,2,0,14,0,0,68,3,71,1,11,70,3,85,68,2,70,155
03/25/2023,STC,MN,AGL,CE,Federal Contract Tower,2,0,6,0,8,0,2,70,0,72,2,2,76,0,80,80,0,80,160
03/26/2023,STC,MN,AGL,CE,Federal Contract Tower,2,2,7,0,11,0,4,41,0,45,2,6,48,0,56,58,0,58,114
03/27/2023,STC,MN,AGL,CE,Federal Contract Tower,2,0,10,0,12,0,2,48,0,50,2,2,58,0,62,80,8,88,150
03/28/2023,STC,MN,AGL,CE,Federal Contract Tower,0,3,6,0,9,0,0,13,16,29,0,3,19,16,38,28,8,36,74
03/29/2023,STC,MN,AGL,CE,Federal Contract Tower,2,7,12,0,21,0,2,39,11,52,2,9,51,11,73,88,0,88,161
03/30/2023,STC,MN,AGL,CE,Federal Contract Tower,2,2,14,3,21,0,14,6,0,20,2,16,20,3,41,30,0,30,71
03/31/2023,STC,MN,AGL,CE,Federal Contract Tower,0,0,0,0,0,0,0,0,0,0,0,0,0,0,0,0,0,0,0
04/01/2023,STC,MN,AGL,CE,Federal Contract Tower,2,5,4,0,11,0,0,49,0,49,2,5,53,0,60,20,0,20,80
04/02/2023,STC,MN,AGL,CE,Federal Contract Tower,2,4,4,0,10,0,4,24,0,28,2,8,28,0,38,16,0,16,54
04/03/2023,STC,MN,AGL,CE,Federal Contract Tower,2,2,7,1,12,0,2,28,8,38,2,4,35,9,50,68,0,68,118
04/04/2023,STC,MN,AGL,CE,Federal Contract Tower,0,0,5,0,5,0,0,0,0,0,0,0,5,0,5,0,0,0,5
04/05/2023,STC,MN,AGL,CE,Federal Contract Tower,2,2,11,4,19,0,0,2,9,11,2,2,13,13,30,6,10,16,46
04/06/2023,STC,MN,AGL,CE,Federal Contract Tower,2,10,17,1,30,0,0,28,17,45,2,10,45,18,75,54,22,76,151
04/07/2023,STC,MN,AGL,CE,Federal Contract Tower,2,5,4,0,11,0,7,74,5,86,2,12,78,5,97,92,8,100,197
04/08/2023,STC,MN,AGL,CE,Federal Contract Tower,2,2,2,0,6,0,2,63,0,65,2,4,65,0,71,60,0,60,131
04/09/2023,STC,MN,AGL,CE,Federal Contract Tower,2,2,6,0,10,0,0,22,0,22,2,2,28,0,32,34,0,34,66
04/10/2023,STC,MN,AGL,CE,Federal Contract Tower,2,4,5,0,11,0,6,62,0,68,2,10,67,0,79,80,0,80,159
04/11/2023,STC,MN,AGL,CE,Federal Contract Tower,0,0,14,2,16,0,2,48,16,66,0,2,62,18,82,86,28,114,196
04/12/2023,STC,MN,AGL,CE,Federal Contract Tower,2,0,16,0,18,0,0,38,14,52,2,0,54,14,70,56,16,72,142
04/13/2023,STC,MN,AGL,CE,Federal Contract Tower,2,0,16,2,20,0,4,51,7,62,2,4,67,9,82,62,0,62,144
04/14/2023,STC,MN,AGL,CE,Federal Contract Tower,2,0,6,0,8,0,0,25,4,29,2,0,31,4,37,40,0,40,77
04/15/2023,STC,MN,AGL,CE,Federal Contract Tower,0,0,5,0,5,0,0,0,0,0,0,0,5,0,5,0,0,0,5
04/16/2023,STC,MN,AGL,CE,Federal Contract Tower,2,0,6,0,8,0,0,2,0,2,2,0,8,0,10,0,0,0,10
04/17/2023,STC,MN,AGL,CE,Federal Contract Tower,2,8,17,0,27,0,2,31,6,39,2,10,48,6,66,126,0,126,192
04/18/2023,STC,MN,AGL,CE,Federal Contract Tower,0,2,11,0,13,0,11,70,9,90,0,13,81,9,103,134,12,146,249
04/19/2023,STC,MN,AGL,CE,Federal Contract Tower,0,0,8,0,8,0,0,4,5,9,0,0,12,5,17,10,14,24,41
04/20/2023,STC,MN,AGL,CE,Federal Contract Tower,0,0,10,0,10,0,0,0,0,0,0,0,10,0,10,0,0,0,10
04/21/2023,STC,MN,AGL,CE,Federal Contract Tower,2,0,9,0,11,0,0,3,3,6,2,0,12,3,17,2,10,12,29
04/22/2023,STC,MN,AGL,CE,Federal Contract Tower,0,0,2,0,2,0,0,11,0,11,0,0,13,0,13,46,0,46,59
04/23/2023,STC,MN,AGL,CE,Federal Contract Tower,2,2,3,0,7,0,2,33,0,35,2,4,36,0,42,56,0,56,98
04/24/2023,STC,MN,AGL,CE,Federal Contract Tower,2,1,10,0,13,0,0,54,0,54,2,1,64,0,67,142,0,142,209
04/25/2023,STC,MN,AGL,CE,Federal Contract Tower,0,2,12,0,14,0,2,63,17,82,0,4,75,17,96,72,27,99,195
04/26/2023,STC,MN,AGL,CE,Federal Contract Tower,0,0,23,0,23,0,2,71,6,79,0,2,94,6,102,66,0,66,168
04/27/2023,STC,MN,AGL,CE,Federal Contract Tower,2,0,8,0,10,0,0,16,6,22,2,0,24,6,32,82,18,100,132
04/28/2023,STC,MN,AGL,CE,Federal Contract Tower,4,2,12,0,18,0,0,12,4,16,4,2,24,4,34,48,20,68,102
04/29/2023,STC,MN,AGL,CE,Federal Contract Tower,0,0,10,0,10,0,0,17,0,17,0,0,27,0,27,4,0,4,31
04/30/2023,STC,MN,AGL,CE,Federal Contract Tower,2,0,5,0,7,0,0,4,0,4,2,0,9,0,11,6,0,6,17
05/01/2023,STC,MN,AGL,CE,Federal Contract Tower,4,4,3,0,11,0,0,20,0,20,4,4,23,0,31,24,0,24,55
05/02/2023,STC,MN,AGL,CE,Federal Contract Tower,0,1,10,0,11,0,4,41,0,45,0,5,51,0,56,50,0,50,106
05/03/2023,STC,MN,AGL,CE,Federal Contract Tower,0,5,7,0,12,0,4,96,0,100,0,9,103,0,112,138,0,138,250
05/04/2023,STC,MN,AGL,CE,Federal Contract Tower,2,4,15,0,21,0,9,84,0,93,2,13,99,0,114,96,0,96,210
05/05/2023,STC,MN,AGL,CE,Federal Contract Tower,2,9,7,0,18,0,0,45,6,51,2,9,52,6,69,56,0,56,125
05/06/2023,STC,MN,AGL,CE,Federal Contract Tower,0,0,12,0,12,0,0,0,0,0,0,0,12,0,12,0,0,0,12
05/07/2023,STC,MN,AGL,CE,Federal Contract Tower,2,0,8,0,10,0,1,47,0,48,2,1,55,0,58,62,0,62,120
05/08/2023,STC,MN,AGL,CE,Federal Contract Tower,2,2,16,2,22,0,0,28,1,29,2,2,44,3,51,74,0,74,125
05/09/2023,STC,MN,AGL,CE,Federal Contract Tower,0,2,9,2,13,0,0,26,6,32,0,2,35,8,45,60,22,82,127
05/10/2023,STC,MN,AGL,CE,Federal Contract Tower,0,9,13,0,22,0,0,54,13,67,0,9,67,13,89,116,14,130,219
05/11/2023,STC,MN,AGL,CE,Federal Contract Tower,0,4,15,2,21,0,4,42,9,55,0,8,57,11,76,78,2,80,156
05/12/2023,STC,MN,AGL,CE,Federal Contract Tower,2,1,5,0,8,0,2,19,5,26,2,3,24,5,34,46,0,46,80
05/13/2023,STC,MN,AGL,CE,Federal Contract Tower,0,0,6,0,6,0,0,13,0,13,0,0,19,0,19,20,0,20,39
05/14/2023,STC,MN,AGL,CE,Federal Contract Tower,0,0,9,0,9,0,18,42,0,60,0,18,51,0,69,24,0,24,93
05/15/2023,STC,MN,AGL,CE,Federal Contract Tower,2,7,13,0,22,0,5,77,8,90,2,12,90,8,112,58,0,58,170
05/16/2023,STC,MN,AGL,CE,Federal Contract Tower,0,13,5,0,18,0,3,71,14,88,0,16,76,14,106,86,18,104,210
05/17/2023,STC,MN,AGL,CE,Federal Contract Tower,0,2,17,3,22,0,4,69,18,91,0,6,86,21,113,84,44,128,241
05/18/2023,STC,MN,AGL,CE,Federal Contract Tower,0,3,24,5,32,0,0,10,14,24,0,3,34,19,56,30,34,64,120
05/19/2023,STC,MN,AGL,CE,Federal Contract Tower,0,1,10,0,11,0,0,34,7,41,0,1,44,7,52,96,44,140,192
05/20/2023,STC,MN,AGL,CE,Federal Contract Tower,0,2,5,0,7,0,5,86,19,110,0,7,91,19,117,66,34,100,217
05/21/2023,STC,MN,AGL,CE,Federal Contract Tower,0,5,3,0,8,0,3,41,0,44,0,8,44,0,52,26,0,26,78
05/22/2023,STC,MN,AGL,CE,Federal Contract Tower,0,0,9,0,9,0,8,69,2,79,0,8,78,2,88,108,0,108,196
05/23/2023,STC,MN,AGL,CE,Federal Contract Tower,0,5,8,2,15,0,0,70,20,90,0,5,78,22,105,68,6,74,179
05/24/2023,STC,MN,AGL,CE,Federal Contract Tower,0,3,9,2,14,0,0,55,14,69,0,3,64,16,83,67,14,81,164
05/25/2023,STC,MN,AGL,CE,Federal Contract Tower,0,8,17,0,25,0,0,55,6,61,0,8,72,6,86,74,12,86,172
05/26/2023,STC,MN,AGL,CE,Federal Contract Tower,0,7,9,0,16,0,3,66,0,69,0,10,75,0,85,60,0,60,145
05/27/2023,STC,MN,AGL,CE,Federal Contract Tower,0,1,3,0,4,0,2,51,1,54,0,3,54,1,58,48,0,48,106
05/28/2023,STC,MN,AGL,CE,Federal Contract Tower,0,2,1,0,3,0,0,37,0,37,0,2,38,0,40,2,0,2,42
05/29/2023,STC,MN,AGL,CE,Federal Contract Tower,0,0,7,0,7,0,0,22,0,22,0,0,29,0,29,102,0,102,131
05/30/2023,STC,MN,AGL,CE,Federal Contract Tower,0,4,13,1,18,0,0,30,18,48,0,4,43,19,66,56,16,72,138
05/31/2023,STC,MN,AGL,CE,Federal Contract Tower,0,2,9,0,11,0,1,33,12,46,0,3,42,12,57,64,28,92,149
06/01/2023,STC,MN,AGL,CE,Federal Contract Tower,0,2,14,1,17,0,0,46,7,53,0,2,60,8,70,124,6,130,200
06/02/2023,STC,MN,AGL,CE,Federal Contract Tower,0,0,5,0,5,0,1,32,6,39,0,1,37,6,44,50,0,50,94
06/03/2023,STC,MN,AGL,CE,Federal Contract Tower,0,1,3,0,4,0,4,63,0,67,0,5,66,0,71,66,0,66,137
06/04/2023,STC,MN,AGL,CE,Federal Contract Tower,0,2,4,0,6,0,0,85,0,85,0,2,89,0,91,32,0,32,123
06/05/2023,STC,MN,AGL,CE,Federal Contract Tower,0,1,10,0,11,0,0,40,6,46,0,1,50,6,57,72,10,82,139
06/06/2023,STC,MN,AGL,CE,Federal Contract Tower,0,5,15,0,20,0,1,22,12,35,0,6,37,12,55,59,6,65,120
06/07/2023,STC,MN,AGL,CE,Federal Contract Tower,0,2,10,1,13,0,4,45,11,60,0,6,55,12,73,64,26,90,163
06/08/2023,STC,MN,AGL,CE,Federal Contract Tower,0,4,19,3,26,0,0,68,5,73,0,4,87,8,99,110,10,120,219
06/09/2023,STC,MN,AGL,CE,Federal Contract Tower,0,2,9,0,11,0,4,78,16,98,0,6,87,16,109,120,0,120,229
06/10/2023,STC,MN,AGL,CE,Federal Contract Tower,0,2,6,0,8,0,0,7,0,7,0,2,13,0,15,2,0,2,17
06/11/2023,STC,MN,AGL,CE,Federal Contract Tower,0,2,10,0,12,0,0,38,0,38,0,2,48,0,50,10,0,10,60
06/12/2023,STC,MN,AGL,CE,Federal Contract Tower,0,4,9,0,13,0,5,31,1,37,0,9,40,1,50,114,10,124,174
06/13/2023,STC,MN,AGL,CE,Federal Contract Tower,0,5,5,0,10,0,4,51,9,64,0,9,56,9,74,70,22,92,166
06/14/2023,STC,MN,AGL,CE,Federal Contract Tower,0,7,19,0,26,0,0,5,6,11,0,7,24,6,37,42,0,42,79
06/15/2023,STC,MN,AGL,CE,Federal Contract Tower,0,9,14,0,23,0,4,47,5,56,0,13,61,5,79,52,0,52,131
06/16/2023,STC,MN,AGL,CE,Federal Contract Tower,0,3,6,0,9,0,3,65,6,74,0,6,71,6,83,198,0,198,281
06/17/2023,STC,MN,AGL,CE,Federal Contract Tower,0,0,5,0,5,0,0,26,0,26,0,0,31,0,31,24,0,24,55
06/18/2023,STC,MN,AGL,CE,Federal Contract Tower,0,2,8,0,10,0,2,18,0,20,0,4,26,0,30,36,0,36,66
06/19/2023,STC,MN,AGL,CE,Federal Contract Tower,0,1,26,0,27,0,2,27,0,29,0,3,53,0,56,124,0,124,180
06/20/2023,STC,MN,AGL,CE,Federal Contract Tower,0,5,22,0,27,0,4,51,3,58,0,9,73,3,85,102,2,104,189
06/21/2023,STC,MN,AGL,CE,Federal Contract Tower,0,5,15,0,20,0,4,43,3,50,0,9,58,3,70,100,0,100,170
06/22/2023,STC,MN,AGL,CE,Federal Contract Tower,0,4,16,0,20,0,2,44,2,48,0,6,60,2,68,88,0,88,156
06/23/2023,STC,MN,AGL,CE,Federal Contract Tower,0,1,9,0,10,0,4,26,1,31,0,5,35,1,41,60,0,60,101
06/24/2023,STC,MN,AGL,CE,Federal Contract Tower,0,0,2,0,2,0,0,13,4,17,0,0,15,4,19,16,2,18,37
06/25/2023,STC,MN,AGL,CE,Federal Contract Tower,0,3,6,0,9,0,2,4,0,6,0,5,10,0,15,8,0,8,23
06/26/2023,STC,MN,AGL,CE,Federal Contract Tower,0,2,11,0,13,0,12,25,6,43,0,14,36,6,56,72,0,72,128
06/27/2023,STC,MN,AGL,CE,Federal Contract Tower,0,3,13,0,16,0,0,62,6,68,0,3,75,6,84,78,0,78,162
06/28/2023,STC,MN,AGL,CE,Federal Contract Tower,0,3,19,5,27,0,1,6,6,13,0,4,25,11,40,62,18,80,120
06/29/2023,STC,MN,AGL,CE,Federal Contract Tower,0,8,17,1,26,0,11,47,3,61,0,19,64,4,87,24,0,24,111
06/30/2023,STC,MN,AGL,CE,Federal Contract Tower,0,2,8,0,10,0,8,56,0,64,0,10,64,0,74,100,0,100,174
07/01/2023,STC,MN,AGL,CE,Federal Contract Tower,0,1,3,0,4,0,0,60,0,60,0,1,63,0,64,58,0,58,122
07/02/2023,STC,MN,AGL,CE,Federal Contract Tower,0,0,2,0,2,0,0,16,0,16,0,0,18,0,18,12,0,12,30
07/03/2023,STC,MN,AGL,CE,Federal Contract Tower,0,0,4,0,4,0,0,68,0,68,0,0,72,0,72,86,0,86,158
07/04/2023,STC,MN,AGL,CE,Federal Contract Tower,0,3,2,0,5,0,0,23,0,23,0,3,25,0,28,48,0,48,76
07/05/2023,STC,MN,AGL,CE,Federal Contract Tower,0,0,8,1,9,0,8,42,2,52,0,8,50,3,61,76,4,80,141
07/06/2023,STC,MN,AGL,CE,Federal Contract Tower,0,4,10,0,14,0,2,73,21,96,0,6,83,21,110,136,30,166,276
07/07/2023,STC,MN,AGL,CE,Federal Contract Tower,0,1,9,3,13,0,0,43,1,44,0,1,52,4,57,90,0,90,147
07/08/2023,STC,MN,AGL,CE,Federal Contract Tower,0,1,3,0,4,0,0,51,0,51,0,1,54,0,55,100,0,100,155
07/09/2023,STC,MN,AGL,CE,Federal Contract Tower,0,0,3,0,3,0,0,25,0,25,0,0,28,0,28,44,0,44,72
07/10/2023,STC,MN,AGL,CE,Federal Contract Tower,0,2,13,1,16,0,6,53,2,61,0,8,66,3,77,94,0,94,171
07/11/2023,STC,MN,AGL,CE,Federal Contract Tower,0,3,7,0,10,0,16,35,15,66,0,19,42,15,76,38,14,52,128
07/12/2023,STC,MN,AGL,CE,Federal Contract Tower,0,4,12,0,16,0,0,48,22,70,0,4,60,22,86,172,12,184,270
07/13/2023,STC,MN,AGL,CE,Federal Contract Tower,0,2,22,3,27,0,3,44,18,65,0,5,66,21,92,80,22,102,194
07/14/2023,STC,MN,AGL,CE,Federal Contract Tower,0,1,6,1,8,0,0,47,8,55,0,1,53,9,63,64,20,84,147
07/15/2023,STC,MN,AGL,CE,Federal Contract Tower,0,0,6,0,6,0,0,27,0,27,0,0,33,0,33,36,0,36,69
07/16/2023,STC,MN,AGL,CE,Federal Contract Tower,0,0,13,0,13,0,2,35,0,37,0,2,48,0,50,24,0,24,74
07/17/2023,STC,MN,AGL,CE,Federal Contract Tower,0,0,15,2,17,0,6,47,1,54,0,6,62,3,71,72,0,72,143
07/18/2023,STC,MN,AGL,CE,Federal Contract Tower,0,5,9,1,15,0,7,84,18,109,0,12,93,19,124,94,28,122,246
07/19/2023,STC,MN,AGL,CE,Federal Contract Tower,0,0,11,1,12,0,1,52,11,64,0,1,63,12,76,56,34,90,166
07/20/2023,STC,MN,AGL,CE,Federal Contract Tower,0,1,27,5,33,0,1,49,17,67,0,2,76,22,100,114,30,144,244
07/21/2023,STC,MN,AGL,CE,Federal Contract Tower,0,4,9,0,13,0,1,57,14,72,0,5,66,14,85,120,4,124,209
07/22/2023,STC,MN,AGL,CE,Federal Contract Tower,0,0,8,0,8,0,4,29,17,50,0,4,37,17,58,66,0,66,124
07/23/2023,STC,MN,AGL,CE,Federal Contract Tower,0,0,10,0,10,0,0,20,0,20,0,0,30,0,30,46,0,46,76
07/24/2023,STC,MN,AGL,CE,Federal Contract Tower,0,2,25,0,27,0,2,34,1,37,0,4,59,1,64,100,0,100,164
07/25/2023,STC,MN,AGL,CE,Federal Contract Tower,0,4,9,5,18,0,8,34,5,47,0,12,43,10,65,128,38,166,231
07/26/2023,STC,MN,AGL,CE,Federal Contract Tower,0,1,17,3,21,0,4,55,13,72,0,5,72,16,93,72,78,150,243
07/27/2023,STC,MN,AGL,CE,Federal Contract Tower,0,2,12,0,14,0,2,25,11,38,0,4,37,11,52,68,20,88,140
07/28/2023,STC,MN,AGL,CE,Federal Contract Tower,0,2,3,0,5,0,3,44,4,51,0,5,47,4,56,100,0,100,156
07/29/2023,STC,MN,AGL,CE,Federal Contract Tower,0,3,3,0,6,0,0,28,0,28,0,3,31,0,34,132,0,132,166
07/30/2023,STC,MN,AGL,CE,Federal Contract Tower,0,1,8,0,9,0,0,41,0,41,0,1,49,0,50,74,0,74,124
07/31/2023,STC,MN,AGL,CE,Federal Contract Tower,0,0,13,2,15,0,0,63,0,63,0,0,76,2,78,130,0,130,208
08/01/2023,STC,MN,AGL,CE,Federal Contract Tower,0,6,4,0,10,0,1,33,6,40,0,7,37,6,50,112,12,124,174
08/02/2023,STC,MN,AGL,CE,Federal Contract Tower,0,4,16,1,21,0,2,55,9,66,0,6,71,10,87,58,6,64,151
08/03/2023,STC,MN,AGL,CE,Federal Contract Tower,1,3,9,2,15,0,2,48,4,54,1,5,57,6,69,50,8,58,127
08/04/2023,STC,MN,AGL,CE,Federal Contract Tower,0,8,20,1,29,0,1,66,5,72,0,9,86,6,101,106,2,108,209
08/05/2023,STC,MN,AGL,CE,Federal Contract Tower,0,5,4,0,9,0,0,28,0,28,0,5,32,0,37,50,0,50,87
08/06/2023,STC,MN,AGL,CE,Federal Contract Tower,0,3,11,0,14,0,0,17,0,17,0,3,28,0,31,6,0,6,37
08/07/2023,STC,MN,AGL,CE,Federal Contract Tower,0,3,10,2,15,0,2,55,5,62,0,5,65,7,77,126,4,130,207
08/08/2023,STC,MN,AGL,CE,Federal Contract Tower,0,4,25,4,33,0,0,43,25,68,0,4,68,29,101,88,38,126,227
08/09/2023,STC,MN,AGL,CE,Federal Contract Tower,0,0,5,2,7,0,2,31,14,47,0,2,36,16,54,112,0,112,166
08/10/2023,STC,MN,AGL,CE,Federal Contract Tower,0,0,10,0,10,0,9,41,20,70,0,9,51,20,80,152,36,188,268
08/11/2023,STC,MN,AGL,CE,Federal Contract Tower,0,2,11,0,13,0,1,33,10,44,0,3,44,10,57,36,0,36,93
08/12/2023,STC,MN,AGL,CE,Federal Contract Tower,0,3,11,2,16,0,0,45,13,58,0,3,56,15,74,46,32,78,152
08/13/2023,STC,MN,AGL,CE,Federal Contract Tower,0,1,5,0,6,0,0,17,0,17,0,1,22,0,23,8,0,8,31
08/14/2023,STC,MN,AGL,CE,Federal Contract Tower,0,5,15,0,20,0,0,26,0,26,0,5,41,0,46,70,0,70,116
08/15/2023,STC,MN,AGL,CE,Federal Contract Tower,0,5,13,1,19,0,0,60,18,78,0,5,73,19,97,126,0,126,223
08/16/2023,STC,MN,AGL,CE,Federal Contract Tower,0,4,5,1,10,0,6,13,19,38,0,10,18,20,48,12,52,64,112
08/17/2023,STC,MN,AGL,CE,Federal Contract Tower,0,6,18,1,25,0,0,37,13,50,0,6,55,14,75,42,44,86,161
08/18/2023,STC,MN,AGL,CE,Federal Contract Tower,0,0,14,1,15,0,3,50,3,56,0,3,64,4,71,52,0,52,123
08/19/2023,STC,MN,AGL,CE,Federal Contract Tower,0,0,2,0,2,0,2,38,0,40,0,2,40,0,42,52,0,52,94
08/20/2023,STC,MN,AGL,CE,Federal Contract Tower,0,4,5,0,9,0,2,41,0,43,0,6,46,0,52,42,0,42,94
08/21/2023,STC,MN,AGL,CE,Federal Contract Tower,0,1,14,0,15,0,0,27,4,31,0,1,41,4,46,84,22,106,152
08/22/2023,STC,MN,AGL,CE,Federal Contract Tower,0,2,13,2,17,0,4,20,22,46,0,6,33,24,63,54,20,74,137
08/23/2023,STC,MN,AGL,CE,Federal Contract Tower,0,8,12,2,22,0,4,25,8,37,0,12,37,10,59,62,6,68,127
08/24/2023,STC,MN,AGL,CE,Federal Contract Tower,0,3,22,1,26,0,0,34,21,55,0,3,56,22,81,72,24,96,177
08/25/2023,STC,MN,AGL,CE,Federal Contract Tower,0,5,16,0,21,0,0,33,0,33,0,5,49,0,54,116,6,122,176
08/26/2023,STC,MN,AGL,CE,Federal Contract Tower,0,4,21,0,25,0,10,26,0,36,0,14,47,0,61,60,0,60,121
08/27/2023,STC,MN,AGL,CE,Federal Contract Tower,0,2,3,0,5,0,0,45,0,45,0,2,48,0,50,62,0,62,112
08/28/2023,STC,MN,AGL,CE,Federal Contract Tower,0,6,7,0,13,0,0,48,0,48,0,6,55,0,61,196,0,196,257
08/29/2023,STC,MN,AGL,CE,Federal Contract Tower,0,3,11,0,14,0,0,46,2,48,0,3,57,2,62,70,0,70,132
08/30/2023,STC,MN,AGL,CE,Federal Contract Tower,0,8,6,1,15,0,0,46,10,56,0,8,52,11,71,104,26,130,201
08/31/2023,STC,MN,AGL,CE,Federal Contract Tower,0,0,24,0,24,0,5,39,4,48,0,5,63,4,72,44,0,44,116
01/01/2020,STC,MN,AGL,CE,Federal Contract Tower,2,0,0,0,2,0,4,9,0,13,2,4,9,0,15,14,0,14,29
01/02/2020,STC,MN,AGL,CE,Federal Contract Tower,0,0,11,0,11,0,2,5,2,9,0,2,16,2,20,0,4,4,24
01/03/2020,STC,MN,AGL,CE,Federal Contract Tower,0,0,0,0,0,0,0,3,0,3,0,0,3,0,3,12,0,12,15
01/04/2020,STC,MN,AGL,CE,Federal Contract Tower,4,0,3,0,7,0,3,53,0,56,4,3,56,0,63,78,0,78,141
01/05/2020,STC,MN,AGL,CE,Federal Contract Tower,0,1,8,0,9,0,0,3,0,3,0,1,11,0,12,4,0,4,16
01/06/2020,STC,MN,AGL,CE,Federal Contract Tower,0,0,3,0,3,0,0,43,0,43,0,0,46,0,46,60,0,60,106
01/07/2020,STC,MN,AGL,CE,Federal Contract Tower,0,0,11,0,11,0,0,21,6,27,0,0,32,6,38,64,0,64,102
01/08/2020,STC,MN,AGL,CE,Federal Contract Tower,2,0,8,1,11,0,0,13,3,16,2,0,21,4,27,22,16,38,65
01/09/2020,STC,MN,AGL,CE,Federal Contract Tower,0,0,4,0,4,0,0,22,10,32,0,0,26,10,36,6,34,40,76
01/10/2020,STC,MN,AGL,CE,Federal Contract Tower,0,1,10,0,11,0,5,14,2,21,0,6,24,2,32,28,4,32,64
01/11/2020,STC,MN,AGL,CE,Federal Contract Tower,4,1,6,0,11,0,2,18,2,22,4,3,24,2,33,16,0,16,49
01/12/2020,STC,MN,AGL,CE,Federal Contract Tower,0,1,11,0,12,0,0,9,0,9,0,1,20,0,21,6,0,6,27
01/13/2020,STC,MN,AGL,CE,Federal Contract Tower,0,0,7,0,7,0,0,0,0,0,0,0,7,0,7,0,0,0,7
01/14/2020,STC,MN,AGL,CE,Federal Contract Tower,0,3,20,1,24,0,0,6,9,15,0,3,26,10,39,52,21,73,112
01/15/2020,STC,MN,AGL,CE,Federal Contract Tower,2,3,18,1,24,0,2,2,2,6,2,5,20,3,30,0,4,4,34
01/16/2020,STC,MN,AGL,CE,Federal Contract Tower,0,1,3,1,5,0,0,10,3,13,0,1,13,4,18,2,0,2,20
01/17/2020,STC,MN,AGL,CE,Federal Contract Tower,0,0,2,0,2,0,0,1,7,8,0,0,3,7,10,0,12,12,22
01/18/2020,STC,MN,AGL,CE,Federal Contract Tower,4,0,0,0,4,0,0,0,0,0,4,0,0,0,4,0,0,0,4
01/19/2020,STC,MN,AGL,CE,Federal Contract Tower,0,2,0,0,2,0,0,4,0,4,0,2,4,0,6,0,0,0,6
01/20/2020,STC,MN,AGL,CE,Federal Contract Tower,0,0,7,0,7,0,2,47,0,49,0,2,54,0,56,54,0,54,110
01/21/2020,STC,MN,AGL,CE,Federal Contract Tower,0,0,11,0,11,0,0,14,0,14,0,0,25,0,25,0,0,0,25
01/22/2020,STC,MN,AGL,CE,Federal Contract Tower,2,2,23,0,27,0,0,0,0,0,2,2,23,0,27,0,0,0,27
01/23/2020,STC,MN,AGL,CE,Federal Contract Tower,0,0,7,0,7,0,0,0,0,0,0,0,7,0,7,0,0,0,7
01/24/2020,STC,MN,AGL,CE,Federal Contract Tower,0,1,8,0,9,0,0,2,0,2,0,1,10,0,11,0,0,0,11
01/25/2020,STC,MN,AGL,CE,Federal Contract Tower,4,0,2,0,6,0,0,16,0,16,4,0,18,0,22,36,0,36,58
01/26/2020,STC,MN,AGL,CE,Federal Contract Tower,0,0,2,0,2,0,0,2,0,2,0,0,4,0,4,4,0,4,8
01/27/2020,STC,MN,AGL,CE,Federal Contract Tower,0,0,10,0,10,0,0,0,0,0,0,0,10,0,10,0,0,0,10
01/28/2020,STC,MN,AGL,CE,Federal Contract Tower,0,0,9,6,15,0,0,2,3,5,0,0,11,9,20,26,24,50,70
01/29/2020,STC,MN,AGL,CE,Federal Contract Tower,4,0,4,0,8,0,0,3,2,5,4,0,7,2,13,36,0,36,49
01/30/2020,STC,MN,AGL,CE,Federal Contract Tower,0,0,5,0,5,0,0,0,0,0,0,0,5,0,5,0,0,0,5
01/31/2020,STC,MN,AGL,CE,Federal Contract Tower,2,0,3,0,5,0,0,0,0,0,2,0,3,0,5,0,0,0,5
02/01/2020,STC,MN,AGL,CE,Federal Contract Tower,4,1,9,0,14,0,0,61,1,62,4,1,70,1,76,104,0,104,180
02/02/2020,STC,MN,AGL,CE,Federal Contract Tower,0,0,2,0,2,0,0,14,0,14,0,0,16,0,16,18,0,18,34
02/03/2020,STC,MN,AGL,CE,Federal Contract Tower,1,0,5,0,6,0,0,19,0,19,1,0,24,0,25,18,0,18,43
02/04/2020,STC,MN,AGL,CE,Federal Contract Tower,0,2,15,5,22,0,0,33,6,39,0,2,48,11,61,12,44,56,117
02/05/2020,STC,MN,AGL,CE,Federal Contract Tower,4,1,18,0,23,0,0,37,6,43,4,1,55,6,66,48,0,48,114
02/06/2020,STC,MN,AGL,CE,Federal Contract Tower,0,0,10,0,10,0,0,21,2,23,0,0,31,2,33,66,0,66,99
02/07/2020,STC,MN,AGL,CE,Federal Contract Tower,0,0,5,0,5,0,0,13,0,13,0,0,18,0,18,22,0,22,40
02/08/2020,STC,MN,AGL,CE,Federal Contract Tower,4,0,8,0,12,0,0,43,10,53,4,0,51,10,65,44,20,64,129
02/09/2020,STC,MN,AGL,CE,Federal Contract Tower,0,0,5,0,5,0,0,13,4,17,0,0,18,4,22,8,0,8,30
02/10/2020,STC,MN,AGL,CE,Federal Contract Tower,2,2,4,0,8,0,0,29,0,29,2,2,33,0,37,48,0,48,85
02/11/2020,STC,MN,AGL,CE,Federal Contract Tower,0,0,18,0,18,0,0,16,1,17,0,0,34,1,35,18,0,18,53
02/12/2020,STC,MN,AGL,CE,Federal Contract Tower,4,0,21,0,25,0,2,3,0,5,4,2,24,0,30,0,0,0,30
02/13/2020,STC,MN,AGL,CE,Federal Contract Tower,0,0,3,0,3,0,0,5,0,5,0,0,8,0,8,0,0,0,8
02/14/2020,STC,MN,AGL,CE,Federal Contract Tower,2,2,8,0,12,0,0,12,0,12,2,2,20,0,24,6,0,6,30
02/15/2020,STC,MN,AGL,CE,Federal Contract Tower,4,0,0,0,4,0,4,60,1,65,4,4,60,1,69,31,4,35,104
02/16/2020,STC,MN,AGL,CE,Federal Contract Tower,0,0,10,0,10,0,0,27,0,27,0,0,37,0,37,20,0,20,57
02/17/2020,STC,MN,AGL,CE,Federal Contract Tower,2,0,12,0,14,0,2,6,0,8,2,2,18,0,22,26,0,26,48
02/18/2020,STC,MN,AGL,CE,Federal Contract Tower,0,0,11,1,12,0,0,23,0,23,0,0,34,1,35,28,0,28,63
02/19/2020,STC,MN,AGL,CE,Federal Contract Tower,4,0,20,2,26,0,5,29,2,36,4,5,49,4,62,42,2,44,106
02/20/2020,STC,MN,AGL,CE,Federal Contract Tower,0,0,4,4,8,0,0,25,2,27,0,0,29,6,35,14,4,18,53
02/21/2020,STC,MN,AGL,CE,Federal Contract Tower,2,2,11,0,15,0,15,34,3,52,2,17,45,3,67,17,18,35,102
02/22/2020,STC,MN,AGL,CE,Federal Contract Tower,4,0,2,0,6,0,0,58,0,58,4,0,60,0,64,50,0,50,114
02/23/2020,STC,MN,AGL,CE,Federal Contract Tower,0,1,10,0,11,0,0,15,0,15,0,1,25,0,26,4,0,4,30
02/24/2020,STC,MN,AGL,CE,Federal Contract Tower,2,0,6,2,10,0,0,33,2,35,2,0,39,4,45,42,6,48,93
02/25/2020,STC,MN,AGL,CE,Federal Contract Tower,0,0,12,0,12,0,2,25,5,32,0,2,37,5,44,46,0,46,90
02/26/2020,STC,MN,AGL,CE,Federal Contract Tower,4,0,14,0,18,0,0,20,6,26,4,0,34,6,44,34,0,34,78
02/27/2020,STC,MN,AGL,CE,Federal Contract Tower,0,0,12,0,12,0,0,27,0,27,0,0,39,0,39,58,0,58,97
02/28/2020,STC,MN,AGL,CE,Federal Contract Tower,2,0,9,0,11,0,0,43,0,43,2,0,52,0,54,82,0,82,136
02/29/2020,STC,MN,AGL,CE,Federal Contract Tower,4,0,5,0,9,0,0,36,0,36,4,0,41,0,45,22,0,22,67
03/01/2020,STC,MN,AGL,CE,Federal Contract Tower,0,0,7,0,7,0,0,30,0,30,0,0,37,0,37,20,0,20,57
03/02/2020,STC,MN,AGL,CE,Federal Contract Tower,3,0,13,0,16,0,0,33,0,33,3,0,46,0,49,124,0,124,173
03/03/2020,STC,MN,AGL,CE,Federal Contract Tower,0,0,5,4,9,0,0,15,6,21,0,0,20,10,30,6,12,18,48
03/04/2020,STC,MN,AGL,CE,Federal Contract Tower,4,0,5,1,10,0,0,34,10,44,4,0,39,11,54,70,14,84,138
03/05/2020,STC,MN,AGL,CE,Federal Contract Tower,0,2,8,2,12,0,0,0,0,0,0,2,8,2,12,0,0,0,12
03/06/2020,STC,MN,AGL,CE,Federal Contract Tower,2,0,18,0,20,0,0,78,5,83,2,0,96,5,103,78,0,78,181
03/07/2020,STC,MN,AGL,CE,Federal Contract Tower,4,2,6,0,12,0,0,45,0,45,4,2,51,0,57,38,0,38,95
03/08/2020,STC,MN,AGL,CE,Federal Contract Tower,0,0,4,0,4,0,0,34,0,34,0,0,38,0,38,38,0,38,76
03/09/2020,STC,MN,AGL,CE,Federal Contract Tower,2,0,9,0,11,0,2,17,3,22,2,2,26,3,33,64,6,70,103
03/10/2020,STC,MN,AGL,CE,Federal Contract Tower,2,0,10,1,13,0,0,17,7,24,2,0,27,8,37,18,54,72,109
03/11/2020,STC,MN,AGL,CE,Federal Contract Tower,4,0,16,0,20,0,0,5,4,9,4,0,21,4,29,4,0,4,33
03/12/2020,STC,MN,AGL,CE,Federal Contract Tower,0,0,12,0,12,0,0,2,2,4,0,0,14,2,16,0,0,0,16
03/13/2020,STC,MN,AGL,CE,Federal Contract Tower,2,2,10,2,16,0,0,40,0,40,2,2,50,2,56,20,0,20,76
03/14/2020,STC,MN,AGL,CE,Federal Contract Tower,4,0,6,0,10,0,2,48,0,50,4,2,54,0,60,40,0,40,100
03/15/2020,STC,MN,AGL,CE,Federal Contract Tower,0,0,5,1,6,0,4,88,0,92,0,4,93,1,98,64,0,64,162
03/16/2020,STC,MN,AGL,CE,Federal Contract Tower,1,2,4,0,7,0,0,4,0,4,1,2,8,0,11,24,0,24,35
03/17/2020,STC,MN,AGL,CE,Federal Contract Tower,2,0,5,0,7,0,0,36,6,42,2,0,41,6,49,48,6,54,103
03/18/2020,STC,MN,AGL,CE,Federal Contract Tower,4,2,1,0,7,0,0,0,0,0,4,2,1,0,7,0,0,0,7
03/19/2020,STC,MN,AGL,CE,Federal Contract Tower,0,0,0,0,0,0,0,0,0,0,0,0,0,0,0,0,0,0,0
03/20/2020,STC,MN,AGL,CE,Federal Contract Tower,2,2,5,0,9,0,2,1,0,3,2,4,6,0,12,22,0,22,34
03/21/2020,STC,MN,AGL,CE,Federal Contract Tower,4,0,1,0,5,0,0,35,0,35,4,0,36,0,40,46,0,46,86
03/22/2020,STC,MN,AGL,CE,Federal Contract Tower,0,0,4,0,4,0,0,4,0,4,0,0,8,0,8,4,0,4,12
03/23/2020,STC,MN,AGL,CE,Federal Contract Tower,2,0,6,0,8,0,0,36,2,38,2,0,42,2,46,132,0,132,178
03/24/2020,STC,MN,AGL,CE,Federal Contract Tower,2,0,3,0,5,0,0,0,20,20,2,0,3,20,25,38,0,38,63
03/25/2020,STC,MN,AGL,CE,Federal Contract Tower,2,0,2,0,4,0,0,0,4,4,2,0,2,4,8,0,26,26,34
03/26/2020,STC,MN,AGL,CE,Federal Contract Tower,0,0,2,0,2,0,2,29,2,33,0,2,31,2,35,64,0,64,99
03/27/2020,STC,MN,AGL,CE,Federal Contract Tower,2,0,6,0,8,0,5,36,4,45,2,5,42,4,53,36,0,36,89
03/28/2020,STC,MN,AGL,CE,Federal Contract Tower,2,0,3,0,5,0,0,6,0,6,2,0,9,0,11,0,0,0,11
03/29/2020,STC,MN,AGL,CE,Federal Contract Tower,0,0,0,0,0,0,0,3,0,3,0,0,3,0,3,26,0,26,29
03/30/2020,STC,MN,AGL,CE,Federal Contract Tower,2,0,3,0,5,0,0,49,0,49,2,0,52,0,54,38,0,38,92
03/31/2020,STC,MN,AGL,CE,Federal Contract Tower,0,1,1,0,2,0,0,39,9,48,0,1,40,9,50,48,2,50,100
04/01/2020,STC,MN,AGL,CE,Federal Contract Tower,2,0,2,0,4,0,0,8,12,20,2,0,10,12,24,6,14,20,44
04/02/2020,STC,MN,AGL,CE,Federal Contract Tower,0,0,8,0,8,0,2,0,4,6,0,2,8,4,14,2,0,2,16
04/03/2020,STC,MN,AGL,CE,Federal Contract Tower,2,0,3,0,5,0,0,0,4,4,2,0,3,4,9,0,0,0,9
04/04/2020,STC,MN,AGL,CE,Federal Contract Tower,0,0,7,0,7,0,0,48,0,48,0,0,55,0,55,42,0,42,97
04/05/2020,STC,MN,AGL,CE,Federal Contract Tower,0,0,0,0,0,0,0,25,0,25,0,0,25,0,25,10,0,10,35
04/06/2020,STC,MN,AGL,CE,Federal Contract Tower,0,0,1,0,1,0,0,2,10,12,0,0,3,10,13,14,0,14,27
04/07/2020,STC,MN,AGL,CE,Federal Contract Tower,0,4,0,0,4,0,0,15,11,26,0,4,15,11,30,4,34,38,68
04/08/2020,STC,MN,AGL,CE,Federal Contract Tower,2,0,1,0,3,0,0,12,10,22,2,0,13,10,25,2,0,2,27
04/09/2020,STC,MN,AGL,CE,Federal Contract Tower,0,0,0,0,0,0,0,9,2,11,0,0,9,2,11,0,8,8,19
04/10/2020,STC,MN,AGL,CE,Federal Contract Tower,2,1,6,0,9,0,0,35,2,37,2,1,41,2,46,42,0,42,88
04/11/2020,STC,MN,AGL,CE,Federal Contract Tower,0,0,5,0,5,0,0,44,0,44,0,0,49,0,49,20,0,20,69
04/12/2020,STC,MN,AGL,CE,Federal Contract Tower,0,0,0,0,0,0,0,0,0,0,0,0,0,0,0,0,0,0,0
04/13/2020,STC,MN,AGL,CE,Federal Contract Tower,0,0,5,0,5,0,4,14,0,18,0,4,19,0,23,12,0,12,35
04/14/2020,STC,MN,AGL,CE,Federal Contract Tower,0,2,1,2,5,0,0,4,9,13,0,2,5,11,18,26,30,56,74
04/15/2020,STC,MN,AGL,CE,Federal Contract Tower,2,0,8,0,10,0,0,18,6,24,2,0,26,6,34,18,6,24,58
04/16/2020,STC,MN,AGL,CE,Federal Contract Tower,0,0,6,0,6,0,0,24,6,30,0,0,30,6,36,10,8,18,54
04/17/2020,STC,MN,AGL,CE,Federal Contract Tower,0,0,5,0,5,0,6,35,1,42,0,6,40,1,47,74,0,74,121
04/18/2020,STC,MN,AGL,CE,Federal Contract Tower,2,0,2,0,4,0,0,35,16,51,2,0,37,16,55,34,0,34,89
04/19/2020,STC,MN,AGL,CE,Federal Contract Tower,0,0,0,0,0,0,0,41,0,41,0,0,41,0,41,34,0,34,75
04/20/2020,STC,MN,AGL,CE,Federal Contract Tower,0,0,5,2,7,0,4,9,2,15,0,4,14,4,22,12,0,12,34
04/21/2020,STC,MN,AGL,CE,Federal Contract Tower,0,0,5,4,9,0,0,26,6,32,0,0,31,10,41,74,12,86,127
04/22/2020,STC,MN,AGL,CE,Federal Contract Tower,2,0,5,0,7,0,2,30,9,41,2,2,35,9,48,50,0,50,98
04/23/2020,STC,MN,AGL,CE,Federal Contract Tower,0,0,6,0,6,0,0,18,6,24,0,0,24,6,30,50,24,74,104
04/24/2020,STC,MN,AGL,CE,Federal Contract Tower,0,2,2,0,4,0,0,19,0,19,0,2,21,0,23,12,0,12,35
04/25/2020,STC,MN,AGL,CE,Federal Contract Tower,2,0,2,0,4,0,0,52,0,52,2,0,54,0,56,30,0,30,86
04/26/2020,STC,MN,AGL,CE,Federal Contract Tower,0,0,2,0,2,0,0,47,0,47,0,0,49,0,49,14,0,14,63
04/27/2020,STC,MN,AGL,CE,Federal Contract Tower,0,0,8,0,8,0,0,42,4,46,0,0,50,4,54,20,4,24,78
04/28/2020,STC,MN,AGL,CE,Federal Contract Tower,0,0,7,0,7,0,1,0,7,8,0,1,7,7,15,4,0,4,19
04/29/2020,STC,MN,AGL,CE,Federal Contract Tower,0,0,5,0,5,0,2,22,10,34,0,2,27,10,39,6,16,22,61
04/30/2020,STC,MN,AGL,CE,Federal Contract Tower,0,0,7,0,7,0,0,81,12,93,0,0,88,12,100,46,0,46,146
05/01/2020,STC,MN,AGL,CE,Federal Contract Tower,0,0,7,0,7,0,6,7,0,13,0,6,14,0,20,30,0,30,50
05/02/2020,STC,MN,AGL,CE,Federal Contract Tower,2,0,6,0,8,0,8,41,0,49,2,8,47,0,57,6,0,6,63
05/03/2020,STC,MN,AGL,CE,Federal Contract Tower,0,0,4,0,4,0,2,46,0,48,0,2,50,0,52,14,0,14,66
05/04/2020,STC,MN,AGL,CE,Federal Contract Tower,0,2,5,0,7,0,0,34,0,34,0,2,39,0,41,28,0,28,69
05/05/2020,STC,MN,AGL,CE,Federal Contract Tower,0,0,1,1,2,0,8,42,8,58,0,8,43,9,60,100,0,100,160
05/06/2020,STC,MN,AGL,CE,Federal Contract Tower,0,0,5,0,5,0,1,31,12,44,0,1,36,12,49,52,52,104,153
05/07/2020,STC,MN,AGL,CE,Federal Contract Tower,0,0,5,0,5,0,8,45,3,56,0,8,50,3,61,32,10,42,103
05/08/2020,STC,MN,AGL,CE,Federal Contract Tower,0,1,4,0,5,0,4,28,0,32,0,5,32,0,37,78,0,78,115
05/09/2020,STC,MN,AGL,CE,Federal Contract Tower,2,1,2,0,5,0,0,33,0,33,2,1,35,0,38,60,0,60,98
05/10/2020,STC,MN,AGL,CE,Federal Contract Tower,0,1,2,0,3,0,0,12,0,12,0,1,14,0,15,2,0,2,17
05/11/2020,STC,MN,AGL,CE,Federal Contract Tower,0,0,1,2,3,0,0,35,2,37,0,0,36,4,40,68,0,68,108
05/12/2020,STC,MN,AGL,CE,Federal Contract Tower,0,0,7,1,8,0,4,67,3,74,0,4,74,4,82,74,22,96,178
05/13/2020,STC,MN,AGL,CE,Federal Contract Tower,0,0,15,1,16,0,0,15,2,17,0,0,30,3,33,56,32,88,121
05/14/2020,STC,MN,AGL,CE,Federal Contract Tower,0,0,5,0,5,0,4,35,6,45,0,4,40,6,50,46,18,64,114
05/15/2020,STC,MN,AGL,CE,Federal Contract Tower,0,0,7,0,7,0,0,64,3,67,0,0,71,3,74,82,118,200,274
05/16/2020,STC,MN,AGL,CE,Federal Contract Tower,2,0,10,2,14,0,0,16,5,21,2,0,26,7,35,20,12,32,67
05/17/2020,STC,MN,AGL,CE,Federal Contract Tower,0,0,3,0,3,0,4,9,0,13,0,4,12,0,16,8,0,8,24
05/18/2020,STC,MN,AGL,CE,Federal Contract Tower,0,0,2,0,2,0,0,18,1,19,0,0,20,1,21,20,0,20,41
05/19/2020,STC,MN,AGL,CE,Federal Contract Tower,0,0,6,1,7,0,2,43,11,56,0,2,49,12,63,94,26,120,183
05/20/2020,STC,MN,AGL,CE,Federal Contract Tower,0,0,16,1,17,0,0,59,8,67,0,0,75,9,84,40,0,40,124
05/21/2020,STC,MN,AGL,CE,Federal Contract Tower,0,0,10,0,10,0,1,31,7,39,0,1,41,7,49,46,18,64,113
05/22/2020,STC,MN,AGL,CE,Federal Contract Tower,0,0,7,0,7,0,5,33,0,38,0,5,40,0,45,64,0,64,109
05/23/2020,STC,MN,AGL,CE,Federal Contract Tower,2,0,6,0,8,0,0,3,0,3,2,0,9,0,11,26,0,26,37
05/24/2020,STC,MN,AGL,CE,Federal Contract Tower,0,0,3,0,3,0,4,5,0,9,0,4,8,0,12,8,0,8,20
05/25/2020,STC,MN,AGL,CE,Federal Contract Tower,0,0,4,0,4,0,0,22,0,22,0,0,26,0,26,12,0,12,38
05/26/2020,STC,MN,AGL,CE,Federal Contract Tower,0,0,8,0,8,0,0,1,0,1,0,0,9,0,9,4,0,4,13
05/27/2020,STC,MN,AGL,CE,Federal Contract Tower,0,0,7,0,7,0,3,57,11,71,0,3,64,11,78,86,4,90,168
05/28/2020,STC,MN,AGL,CE,Federal Contract Tower,0,0,9,0,9,0,0,38,12,50,0,0,47,12,59,64,6,70,129
05/29/2020,STC,MN,AGL,CE,Federal Contract Tower,0,0,4,0,4,0,1,54,1,56,0,1,58,1,60,82,0,82,142
05/30/2020,STC,MN,AGL,CE,Federal Contract Tower,2,0,2,0,4,0,2,63,5,70,2,2,65,5,74,49,0,49,123
05/31/2020,STC,MN,AGL,CE,Federal Contract Tower,2,0,6,0,8,0,0,41,2,43,2,0,47,2,51,34,0,34,85
06/01/2020,STC,MN,AGL,CE,Federal Contract Tower,0,2,1,2,5,0,0,28,4,32,0,2,29,6,37,42,0,42,79
06/02/2020,STC,MN,AGL,CE,Federal Contract Tower,0,0,1,0,1,0,2,22,2,26,0,2,23,2,27,22,0,22,49
06/03/2020,STC,MN,AGL,CE,Federal Contract Tower,0,0,9,0,9,0,2,70,0,72,0,2,79,0,81,82,0,82,163
06/04/2020,STC,MN,AGL,CE,Federal Contract Tower,0,0,10,0,10,0,0,36,2,38,0,0,46,2,48,42,0,42,90
06/05/2020,STC,MN,AGL,CE,Federal Contract Tower,0,0,7,0,7,0,18,67,4,89,0,18,74,4,96,54,0,54,150
06/06/2020,STC,MN,AGL,CE,Federal Contract Tower,2,0,6,0,8,0,0,54,3,57,2,0,60,3,65,64,0,64,129
06/07/2020,STC,MN,AGL,CE,Federal Contract Tower,0,0,4,0,4,0,0,28,0,28,0,0,32,0,32,20,0,20,52
06/08/2020,STC,MN,AGL,CE,Federal Contract Tower,0,2,6,0,8,0,4,5,6,15,0,6,11,6,23,8,2,10,33
06/09/2020,STC,MN,AGL,CE,Federal Contract Tower,0,2,1,0,3,0,2,22,0,24,0,4,23,0,27,60,0,60,87
06/10/2020,STC,MN,AGL,CE,Federal Contract Tower,2,1,15,0,18,0,0,13,15,28,2,1,28,15,46,18,0,18,64
06/11/2020,STC,MN,AGL,CE,Federal Contract Tower,0,1,11,0,12,0,0,39,0,39,0,1,50,0,51,94,0,94,145
06/12/2020,STC,MN,AGL,CE,Federal Contract Tower,0,0,5,0,5,0,4,80,0,84,0,4,85,0,89,150,0,150,239
06/13/2020,STC,MN,AGL,CE,Federal Contract Tower,2,0,2,2,6,0,0,62,0,62,2,0,64,2,68,58,0,58,126
06/14/2020,STC,MN,AGL,CE,Federal Contract Tower,0,1,0,4,5,0,0,7,5,12,0,1,7,9,17,8,2,10,27
06/15/2020,STC,MN,AGL,CE,Federal Contract Tower,0,1,7,0,8,0,0,18,20,38,0,1,25,20,46,30,66,96,142
06/16/2020,STC,MN,AGL,CE,Federal Contract Tower,0,0,8,0,8,0,6,22,10,38,0,6,30,10,46,54,0,54,100
06/17/2020,STC,MN,AGL,CE,Federal Contract Tower,2,0,9,0,11,0,1,26,5,32,2,1,35,5,43,44,0,44,87
06/18/2020,STC,MN,AGL,CE,Federal Contract Tower,0,0,5,0,5,0,0,21,3,24,0,0,26,3,29,80,0,80,109
06/19/2020,STC,MN,AGL,CE,Federal Contract Tower,0,0,6,4,10,0,0,83,1,84,0,0,89,5,94,152,0,152,246
06/20/2020,STC,MN,AGL,CE,Federal Contract Tower,2,1,7,0,10,0,6,42,10,58,2,7,49,10,68,70,8,78,146
06/21/2020,STC,MN,AGL,CE,Federal Contract Tower,2,0,3,0,5,0,0,37,0,37,2,0,40,0,42,100,0,100,142
06/22/2020,STC,MN,AGL,CE,Federal Contract Tower,0,0,10,0,10,0,0,26,6,32,0,0,36,6,42,136,0,136,178
06/23/2020,STC,MN,AGL,CE,Federal Contract Tower,0,2,19,0,21,0,2,38,7,47,0,4,57,7,68,76,24,100,168
06/24/2020,STC,MN,AGL,CE,Federal Contract Tower,2,0,13,2,17,0,4,68,10,82,2,4,81,12,99,72,4,76,175
06/25/2020,STC,MN,AGL,CE,Federal Contract Tower,0,2,3,1,6,0,0,51,10,61,0,2,54,11,67,110,0,110,177
06/26/2020,STC,MN,AGL,CE,Federal Contract Tower,0,0,5,1,6,0,2,40,1,43,0,2,45,2,49,86,0,86,135
06/27/2020,STC,MN,AGL,CE,Federal Contract Tower,2,0,3,0,5,0,0,44,7,51,2,0,47,7,56,74,0,74,130
06/28/2020,STC,MN,AGL,CE,Federal Contract Tower,0,0,3,0,3,0,4,29,0,33,0,4,32,0,36,12,0,12,48
06/29/2020,STC,MN,AGL,CE,Federal Contract Tower,0,0,8,0,8,0,4,11,1,16,0,4,19,1,24,38,0,38,62
06/30/2020,STC,MN,AGL,CE,Federal Contract Tower,0,2,6,0,8,0,2,20,0,22,0,4,26,0,30,48,0,48,78
07/01/2020,STC,MN,AGL,CE,Federal Contract Tower,2,2,5,0,9,0,0,32,1,33,2,2,37,1,42,50,0,50,92
07/02/2020,STC,MN,AGL,CE,Federal Contract Tower,0,0,9,0,9,0,0,68,0,68,0,0,77,0,77,36,0,36,113
07/03/2020,STC,MN,AGL,CE,Federal Contract Tower,0,0,4,0,4,0,0,59,0,59,0,0,63,0,63,96,0,96,159
07/04/2020,STC,MN,AGL,CE,Federal Contract Tower,2,0,1,0,3,0,0,19,0,19,2,0,20,0,22,4,4,8,30
07/05/2020,STC,MN,AGL,CE,Federal Contract Tower,0,0,6,0,6,0,2,34,0,36,0,2,40,0,42,6,0,6,48
07/06/2020,STC,MN,AGL,CE,Federal Contract Tower,0,0,4,0,4,0,2,10,0,12,0,2,14,0,16,30,0,30,46
07/07/2020,STC,MN,AGL,CE,Federal Contract Tower,0,0,4,3,7,0,1,55,4,60,0,1,59,7,67,60,0,60,127
07/08/2020,STC,MN,AGL,CE,Federal Contract Tower,2,0,10,1,13,0,0,17,3,20,2,0,27,4,33,22,2,24,57
07/09/2020,STC,MN,AGL,CE,Federal Contract Tower,0,2,4,2,8,0,0,39,19,58,0,2,43,21,66,88,24,112,178
07/10/2020,STC,MN,AGL,CE,Federal Contract Tower,0,0,12,0,12,0,0,56,0,56,0,0,68,0,68,42,0,42,110
07/11/2020,STC,MN,AGL,CE,Federal Contract Tower,2,0,3,0,5,0,0,39,0,39,2,0,42,0,44,42,0,42,86
07/12/2020,STC,MN,AGL,CE,Federal Contract Tower,0,0,3,0,3,0,0,50,0,50,0,0,53,0,53,38,0,38,91
07/13/2020,STC,MN,AGL,CE,Federal Contract Tower,0,0,8,0,8,0,0,32,0,32,0,0,40,0,40,50,0,50,90
07/14/2020,STC,MN,AGL,CE,Federal Contract Tower,0,0,7,0,7,0,0,21,9,30,0,0,28,9,37,54,28,82,119
07/15/2020,STC,MN,AGL,CE,Federal Contract Tower,2,2,8,0,12,0,2,50,2,54,2,4,58,2,66,104,0,104,170
07/16/2020,STC,MN,AGL,CE,Federal Contract Tower,0,0,6,0,6,0,0,46,8,54,0,0,52,8,60,82,2,84,144
07/17/2020,STC,MN,AGL,CE,Federal Contract Tower,0,0,8,0,8,0,0,68,1,69,0,0,76,1,77,107,0,107,184
07/18/2020,STC,MN,AGL,CE,Federal Contract Tower,2,0,1,0,3,0,0,38,10,48,2,0,39,10,51,112,14,126,177
07/19/2020,STC,MN,AGL,CE,Federal Contract Tower,0,0,2,0,2,0,2,21,8,31,0,2,23,8,33,18,0,18,51
07/20/2020,STC,MN,AGL,CE,Federal Contract Tower,0,0,7,0,7,0,4,84,1,89,0,4,91,1,96,76,0,76,172
07/21/2020,STC,MN,AGL,CE,Federal Contract Tower,0,0,9,1,10,0,0,21,3,24,0,0,30,4,34,31,26,57,91
07/22/2020,STC,MN,AGL,CE,Federal Contract Tower,2,0,19,0,21,0,2,55,4,61,2,2,74,4,82,131,0,131,213
07/23/2020,STC,MN,AGL,CE,Federal Contract Tower,0,0,6,1,7,0,0,46,9,55,0,0,52,10,62,98,74,172,234
07/24/2020,STC,MN,AGL,CE,Federal Contract Tower,0,0,1,0,1,0,0,19,0,19,0,0,20,0,20,8,0,8,28
07/25/2020,STC,MN,AGL,CE,Federal Contract Tower,2,0,0,0,2,0,0,33,0,33,2,0,33,0,35,50,0,50,85
07/26/2020,STC,MN,AGL,CE,Federal Contract Tower,0,0,5,0,5,0,0,0,0,0,0,0,5,0,5,8,0,8,13
07/27/2020,STC,MN,AGL,CE,Federal Contract Tower,0,0,10,0,10,0,0,33,6,39,0,0,43,6,49,112,12,124,173
07/28/2020,STC,MN,AGL,CE,Federal Contract Tower,0,0,11,0,11,0,0,48,4,52,0,0,59,4,63,124,32,156,219
07/29/2020,STC,MN,AGL,CE,Federal Contract Tower,0,0,8,1,9,0,2,54,4,60,0,2,62,5,69,154,2,156,225
07/30/2020,STC,MN,AGL,CE,Federal Contract Tower,0,0,6,1,7,0,2,42,2,46,0,2,48,3,53,46,0,46,99
07/31/2020,STC,MN,AGL,CE,Federal Contract Tower,0,0,3,0,3,0,0,50,0,50,0,0,53,0,53,76,0,76,129
08/01/2020,STC,MN,AGL,CE,Federal Contract Tower,2,0,13,0,15,0,4,40,0,44,2,4,53,0,59,42,0,42,101
08/02/2020,STC,MN,AGL,CE,Federal Contract Tower,0,0,8,0,8,0,0,37,0,37,0,0,45,0,45,14,0,14,59
08/03/2020,STC,MN,AGL,CE,Federal Contract Tower,0,2,3,0,5,0,2,3,0,5,0,4,6,0,10,82,0,82,92
08/04/2020,STC,MN,AGL,CE,Federal Contract Tower,0,0,11,0,11,0,4,67,8,79,0,4,78,8,90,126,18,144,234
08/05/2020,STC,MN,AGL,CE,Federal Contract Tower,0,0,3,0,3,0,1,32,3,36,0,1,35,3,39,42,0,42,81
08/06/2020,STC,MN,AGL,CE,Federal Contract Tower,0,0,8,0,8,0,0,38,12,50,0,0,46,12,58,50,10,60,118
08/07/2020,STC,MN,AGL,CE,Federal Contract Tower,0,0,19,0,19,0,0,23,0,23,0,0,42,0,42,40,0,40,82
08/08/2020,STC,MN,AGL,CE,Federal Contract Tower,2,0,9,0,11,0,0,13,0,13,2,0,22,0,24,24,0,24,48
08/09/2020,STC,MN,AGL,CE,Federal Contract Tower,0,0,6,0,6,0,2,23,0,25,0,2,29,0,31,24,0,24,55
08/10/2020,STC,MN,AGL,CE,Federal Contract Tower,0,0,5,0,5,0,0,41,0,41,0,0,46,0,46,118,0,118,164
08/11/2020,STC,MN,AGL,CE,Federal Contract Tower,0,0,9,3,12,0,4,38,4,46,0,4,47,7,58,54,12,66,124
08/12/2020,STC,MN,AGL,CE,Federal Contract Tower,0,1,9,4,14,0,0,21,1,22,0,1,30,5,36,40,26,66,102
08/13/2020,STC,MN,AGL,CE,Federal Contract Tower,0,0,16,0,16,0,0,10,13,23,0,0,26,13,39,0,4,4,43
08/14/2020,STC,MN,AGL,CE,Federal Contract Tower,0,0,8,0,8,0,0,15,0,15,0,0,23,0,23,52,0,52,75
08/15/2020,STC,MN,AGL,CE,Federal Contract Tower,2,0,6,0,8,0,0,55,0,55,2,0,61,0,63,58,0,58,121
08/16/2020,STC,MN,AGL,CE,Federal Contract Tower,0,0,8,0,8,0,4,64,0,68,0,4,72,0,76,80,0,80,156
08/17/2020,STC,MN,AGL,CE,Federal Contract Tower,0,0,10,0,10,0,0,41,2,43,0,0,51,2,53,38,0,38,91
08/18/2020,STC,MN,AGL,CE,Federal Contract Tower,0,0,17,4,21,0,0,70,1,71,0,0,87,5,92,58,8,66,158
08/19/2020,STC,MN,AGL,CE,Federal Contract Tower,0,0,5,0,5,0,0,53,3,56,0,0,58,3,61,106,26,132,193
08/20/2020,STC,MN,AGL,CE,Federal Contract Tower,0,0,10,0,10,0,0,63,0,63,0,0,73,0,73,111,0,111,184
08/21/2020,STC,MN,AGL,CE,Federal Contract Tower,0,2,12,0,14,0,0,61,2,63,0,2,73,2,77,86,0,86,163
08/22/2020,STC,MN,AGL,CE,Federal Contract Tower,0,2,0,0,2,0,9,34,6,49,0,11,34,6,51,24,0,24,75
08/23/2020,STC,MN,AGL,CE,Federal Contract Tower,0,1,10,0,11,0,2,45,4,51,0,3,55,4,62,42,0,42,104
08/24/2020,STC,MN,AGL,CE,Federal Contract Tower,0,0,11,2,13,0,2,45,2,49,0,2,56,4,62,134,0,134,196
08/25/2020,STC,MN,AGL,CE,Federal Contract Tower,0,2,7,0,9,0,1,56,2,59,0,3,63,2,68,86,12,98,166
08/26/2020,STC,MN,AGL,CE,Federal Contract Tower,0,0,6,0,6,0,1,33,5,39,0,1,39,5,45,52,2,54,99
08/27/2020,STC,MN,AGL,CE,Federal Contract Tower,2,0,7,0,9,0,2,39,4,45,2,2,46,4,54,102,0,102,156
08/28/2020,STC,MN,AGL,CE,Federal Contract Tower,0,0,9,0,9,0,0,14,0,14,0,0,23,0,23,10,0,10,33
08/29/2020,STC,MN,AGL,CE,Federal Contract Tower,0,0,5,0,5,0,0,83,0,83,0,0,88,0,88,104,0,104,192
08/30/2020,STC,MN,AGL,CE,Federal Contract Tower,2,1,7,0,10,0,2,22,0,24,2,3,29,0,34,6,0,6,40
08/31/2020,STC,MN,AGL,CE,Federal Contract Tower,0,0,5,0,5,0,0,34,3,37,0,0,39,3,42,72,0,72,114
09/01/2020,STC,MN,AGL,CE,Federal Contract Tower,0,2,5,3,10,0,2,38,8,48,0,4,43,11,58,64,18,82,140
09/02/2020,STC,MN,AGL,CE,Federal Contract Tower,0,2,12,0,14,0,0,61,1,62,0,2,73,1,76,69,60,129,205
09/03/2020,STC,MN,AGL,CE,Federal Contract Tower,0,0,9,2,11,0,1,19,11,31,0,1,28,13,42,22,10,32,74
09/04/2020,STC,MN,AGL,CE,Federal Contract Tower,0,1,8,0,9,0,0,55,0,55,0,1,63,0,64,68,0,68,132
09/05/2020,STC,MN,AGL,CE,Federal Contract Tower,0,2,1,0,3,0,1,48,0,49,0,3,49,0,52,26,0,26,78
09/06/2020,STC,MN,AGL,CE,Federal Contract Tower,0,0,4,0,4,0,0,10,4,14,0,0,14,4,18,2,0,2,20
09/07/2020,STC,MN,AGL,CE,Federal Contract Tower,0,3,11,0,14,0,0,34,0,34,0,3,45,0,48,32,0,32,80
09/08/2020,STC,MN,AGL,CE,Federal Contract Tower,0,1,14,2,17,0,0,29,6,35,0,1,43,8,52,42,6,48,100
09/09/2020,STC,MN,AGL,CE,Federal Contract Tower,0,1,18,0,19,0,0,34,12,46,0,1,52,12,65,56,6,62,127
09/10/2020,STC,MN,AGL,CE,Federal Contract Tower,0,3,10,0,13,0,0,64,0,64,0,3,74,0,77,100,2,102,179
09/11/2020,STC,MN,AGL,CE,Federal Contract Tower,0,1,13,0,14,0,0,41,0,41,0,1,54,0,55,78,0,78,133
09/12/2020,STC,MN,AGL,CE,Federal Contract Tower,2,0,14,0,16,0,0,2,0,2,2,0,16,0,18,6,0,6,24
09/13/2020,STC,MN,AGL,CE,Federal Contract Tower,0,0,6,0,6,0,3,65,0,68,0,3,71,0,74,62,0,62,136
09/14/2020,STC,MN,AGL,CE,Federal Contract Tower,0,0,11,0,11,0,2,49,1,52,0,2,60,1,63,94,2,96,159
09/15/2020,STC,MN,AGL,CE,Federal Contract Tower,0,0,11,0,11,0,0,27,6,33,0,0,38,6,44,28,14,42,86
09/16/2020,STC,MN,AGL,CE,Federal Contract Tower,0,0,10,0,10,0,5,38,3,46,0,5,48,3,56,46,4,50,106
09/17/2020,STC,MN,AGL,CE,Federal Contract Tower,0,0,12,1,13,0,0,51,18,69,0,0,63,19,82,92,12,104,186
09/18/2020,STC,MN,AGL,CE,Federal Contract Tower,0,0,13,0,13,0,1,53,17,71,0,1,66,17,84,66,92,158,242
09/19/2020,STC,MN,AGL,CE,Federal Contract Tower,2,0,2,6,10,0,2,46,13,61,2,2,48,19,71,78,18,96,167
09/20/2020,STC,MN,AGL,CE,Federal Contract Tower,0,0,5,0,5,0,2,11,0,13,0,2,16,0,18,0,0,0,18
09/21/2020,STC,MN,AGL,CE,Federal Contract Tower,0,1,9,1,11,0,0,39,0,39,0,1,48,1,50,98,4,102,152
09/22/2020,STC,MN,AGL,CE,Federal Contract Tower,0,0,14,4,18,0,0,72,9,81,0,0,86,13,99,142,0,142,241
09/23/2020,STC,MN,AGL,CE,Federal Contract Tower,0,0,7,0,7,0,0,43,2,45,0,0,50,2,52,52,6,58,110
09/24/2020,STC,MN,AGL,CE,Federal Contract Tower,0,0,13,0,13,0,0,45,7,52,0,0,58,7,65,42,4,46,111
09/25/2020,STC,MN,AGL,CE,Federal Contract Tower,2,0,12,0,14,0,2,19,2,23,2,2,31,2,37,10,0,10,47
09/26/2020,STC,MN,AGL,CE,Federal Contract Tower,0,0,4,0,4,0,2,35,0,37,0,2,39,0,41,50,0,50,91
09/27/2020,STC,MN,AGL,CE,Federal Contract Tower,0,0,12,0,12,0,0,28,0,28,0,0,40,0,40,8,0,8,48
09/28/2020,STC,MN,AGL,CE,Federal Contract Tower,2,0,11,0,13,0,1,10,4,15,2,1,21,4,28,18,0,18,46
09/29/2020,STC,MN,AGL,CE,Federal Contract Tower,0,0,14,0,14,0,1,36,7,44,0,1,50,7,58,78,0,78,136
09/30/2020,STC,MN,AGL,CE,Federal Contract Tower,2,0,11,0,13,0,0,14,4,18,2,0,25,4,31,18,0,18,49
10/01/2020,STC,MN,AGL,CE,Federal Contract Tower,0,0,9,0,9,0,0,21,4,25,0,0,30,4,34,12,0,12,46
10/02/2020,STC,MN,AGL,CE,Federal Contract Tower,0,0,10,0,10,0,0,79,0,79,0,0,89,0,89,82,0,82,171
10/03/2020,STC,MN,AGL,CE,Federal Contract Tower,4,0,7,0,11,0,0,39,0,39,4,0,46,0,50,12,0,12,62
10/04/2020,STC,MN,AGL,CE,Federal Contract Tower,0,0,9,0,9,0,0,61,0,61,0,0,70,0,70,60,0,60,130
10/05/2020,STC,MN,AGL,CE,Federal Contract Tower,0,0,4,0,4,0,2,22,4,28,0,2,26,4,32,58,0,58,90
10/06/2020,STC,MN,AGL,CE,Federal Contract Tower,0,0,18,0,18,0,0,26,4,30,0,0,44,4,48,40,6,46,94
10/07/2020,STC,MN,AGL,CE,Federal Contract Tower,2,1,9,0,12,0,4,47,3,54,2,5,56,3,66,46,8,54,120
10/08/2020,STC,MN,AGL,CE,Federal Contract Tower,0,0,5,0,5,0,0,40,0,40,0,0,45,0,45,66,0,66,111
10/09/2020,STC,MN,AGL,CE,Federal Contract Tower,0,1,4,0,5,0,0,40,0,40,0,1,44,0,45,26,0,26,71
10/10/2020,STC,MN,AGL,CE,Federal Contract Tower,2,0,9,0,11,0,0,63,0,63,2,0,72,0,74,56,0,56,130
10/11/2020,STC,MN,AGL,CE,Federal Contract Tower,0,1,8,0,9,0,0,12,0,12,0,1,20,0,21,6,0,6,27
10/12/2020,STC,MN,AGL,CE,Federal Contract Tower,0,0,17,0,17,0,0,31,2,33,0,0,48,2,50,64,0,64,114
10/13/2020,STC,MN,AGL,CE,Federal Contract Tower,1,1,13,0,15,0,4,9,3,16,1,5,22,3,31,16,0,16,47
10/14/2020,STC,MN,AGL,CE,Federal Contract Tower,2,0,18,0,20,0,0,15,8,23,2,0,33,8,43,8,18,26,69
10/15/2020,STC,MN,AGL,CE,Federal Contract Tower,0,0,16,4,20,0,4,34,4,42,0,4,50,8,62,76,4,80,142
10/16/2020,STC,MN,AGL,CE,Federal Contract Tower,0,2,2,0,4,0,0,13,0,13,0,2,15,0,17,28,0,28,45
10/17/2020,STC,MN,AGL,CE,Federal Contract Tower,2,0,2,0,4,0,0,7,0,7,2,0,9,0,11,16,0,16,27
10/18/2020,STC,MN,AGL,CE,Federal Contract Tower,0,0,7,0,7,0,4,42,0,46,0,4,49,0,53,56,0,56,109
10/19/2020,STC,MN,AGL,CE,Federal Contract Tower,0,1,3,0,4,0,2,10,0,12,0,3,13,0,16,40,0,40,56
10/20/2020,STC,MN,AGL,CE,Federal Contract Tower,0,1,3,0,4,0,0,3,0,3,0,1,6,0,7,0,0,0,7
10/21/2020,STC,MN,AGL,CE,Federal Contract Tower,2,0,3,0,5,0,0,33,10,43,2,0,36,10,48,36,24,60,108
10/22/2020,STC,MN,AGL,CE,Federal Contract Tower,0,0,4,0,4,0,0,2,0,2,0,0,6,0,6,4,0,4,10
10/23/2020,STC,MN,AGL,CE,Federal Contract Tower,0,0,4,0,4,0,0,30,0,30,0,0,34,0,34,138,0,138,172
10/24/2020,STC,MN,AGL,CE,Federal Contract Tower,2,0,10,0,12,0,2,35,4,41,2,2,45,4,53,38,0,38,91
10/25/2020,STC,MN,AGL,CE,Federal Contract Tower,0,0,1,0,1,0,0,5,0,5,0,0,6,0,6,2,0,2,8
10/26/2020,STC,MN,AGL,CE,Federal Contract Tower,0,0,12,0,12,0,2,39,0,41,0,2,51,0,53,102,0,102,155
10/27/2020,STC,MN,AGL,CE,Federal Contract Tower,0,0,10,0,10,0,0,27,6,33,0,0,37,6,43,76,18,94,137
10/28/2020,STC,MN,AGL,CE,Federal Contract Tower,2,0,10,2,14,0,0,50,6,56,2,0,60,8,70,112,12,124,194
10/29/2020,STC,MN,AGL,CE,Federal Contract Tower,0,0,9,1,10,0,4,50,8,62,0,4,59,9,72,124,10,134,206
10/30/2020,STC,MN,AGL,CE,Federal Contract Tower,0,0,9,0,9,0,0,56,6,62,0,0,65,6,71,106,4,110,181
10/31/2020,STC,MN,AGL,CE,Federal Contract Tower,2,0,4,0,6,0,0,12,0,12,2,0,16,0,18,12,0,12,30
11/01/2020,STC,MN,AGL,CE,Federal Contract Tower,0,6,14,2,22,0,0,38,0,38,0,6,52,2,60,46,2,48,108
11/02/2020,STC,MN,AGL,CE,Federal Contract Tower,0,0,5,0,5,0,6,22,0,28,0,6,27,0,33,30,0,30,63
11/03/2020,STC,MN,AGL,CE,Federal Contract Tower,0,0,7,2,9,0,0,43,15,58,0,0,50,17,67,36,10,46,113
11/04/2020,STC,MN,AGL,CE,Federal Contract Tower,4,0,13,7,24,0,0,65,9,74,4,0,78,16,98,96,16,112,210
11/05/2020,STC,MN,AGL,CE,Federal Contract Tower,0,1,16,2,19,0,0,50,6,56,0,1,66,8,75,24,12,36,111
11/06/2020,STC,MN,AGL,CE,Federal Contract Tower,0,0,9,0,9,0,0,42,0,42,0,0,51,0,51,22,0,22,73
11/07/2020,STC,MN,AGL,CE,Federal Contract Tower,2,0,5,0,7,0,0,24,2,26,2,0,29,2,33,32,0,32,65
11/08/2020,STC,MN,AGL,CE,Federal Contract Tower,0,0,1,0,1,0,0,2,0,2,0,0,3,0,3,0,0,0,3
11/09/2020,STC,MN,AGL,CE,Federal Contract Tower,0,0,1,0,1,0,0,0,0,0,0,0,1,0,1,0,0,0,1
11/10/2020,STC,MN,AGL,CE,Federal Contract Tower,0,3,6,0,9,0,0,6,0,6,0,3,12,0,15,6,0,6,21
11/11/2020,STC,MN,AGL,CE,Federal Contract Tower,2,1,12,0,15,0,0,24,0,24,2,1,36,0,39,44,0,44,83
11/12/2020,STC,MN,AGL,CE,Federal Contract Tower,0,0,10,0,10,0,6,20,0,26,0,6,30,0,36,16,0,16,52
11/13/2020,STC,MN,AGL,CE,Federal Contract Tower,0,1,12,0,13,0,0,49,13,62,0,1,61,13,75,40,36,76,151
11/14/2020,STC,MN,AGL,CE,Federal Contract Tower,2,0,7,2,11,0,2,4,4,10,2,2,11,6,21,2,0,2,23
11/15/2020,STC,MN,AGL,CE,Federal Contract Tower,0,0,5,0,5,0,2,2,2,6,0,2,7,2,11,0,0,0,11
11/16/2020,STC,MN,AGL,CE,Federal Contract Tower,0,0,9,0,9,0,0,25,0,25,0,0,34,0,34,36,0,36,70
11/17/2020,STC,MN,AGL,CE,Federal Contract Tower,0,0,19,2,21,0,2,58,12,72,0,2,77,14,93,40,2,42,135
11/18/2020,STC,MN,AGL,CE,Federal Contract Tower,2,0,9,0,11,0,0,8,10,18,2,0,17,10,29,4,0,4,33
11/19/2020,STC,MN,AGL,CE,Federal Contract Tower,0,0,9,0,9,0,2,63,2,67,0,2,72,2,76,78,0,78,154
11/20/2020,STC,MN,AGL,CE,Federal Contract Tower,0,0,7,0,7,0,0,56,0,56,0,0,63,0,63,84,0,84,147
11/21/2020,STC,MN,AGL,CE,Federal Contract Tower,2,0,7,0,9,0,4,79,0,83,2,4,86,0,92,62,0,62,154
11/22/2020,STC,MN,AGL,CE,Federal Contract Tower,0,0,2,0,2,0,0,7,0,7,0,0,9,0,9,0,0,0,9
11/23/2020,STC,MN,AGL,CE,Federal Contract Tower,0,0,12,0,12,0,2,51,0,53,0,2,63,0,65,100,0,100,165
11/24/2020,STC,MN,AGL,CE,Federal Contract Tower,2,0,7,0,9,0,0,0,0,0,2,0,7,0,9,0,0,0,9
11/25/2020,STC,MN,AGL,CE,Federal Contract Tower,0,0,5,0,5,0,0,8,0,8,0,0,13,0,13,0,0,0,13
11/26/2020,STC,MN,AGL,CE,Federal Contract Tower,0,0,0,0,0,0,0,2,0,2,0,0,2,0,2,0,0,0,2
11/27/2020,STC,MN,AGL,CE,Federal Contract Tower,0,0,4,0,4,0,0,65,0,65,0,0,69,0,69,112,0,112,181
11/28/2020,STC,MN,AGL,CE,Federal Contract Tower,2,1,3,0,6,0,0,73,0,73,2,1,76,0,79,84,0,84,163
11/29/2020,STC,MN,AGL,CE,Federal Contract Tower,0,0,3,0,3,0,0,4,0,4,0,0,7,0,7,2,0,2,9
11/30/2020,STC,MN,AGL,CE,Federal Contract Tower,0,0,5,0,5,0,2,58,0,60,0,2,63,0,65,134,0,134,199
12/01/2020,STC,MN,AGL,CE,Federal Contract Tower,0,0,3,1,4,0,2,49,2,53,0,2,52,3,57,64,0,64,121
12/02/2020,STC,MN,AGL,CE,Federal Contract Tower,0,0,3,0,3,0,0,47,6,53,0,0,50,6,56,52,0,52,108
12/03/2020,STC,MN,AGL,CE,Federal Contract Tower,0,0,7,2,9,0,6,74,7,87,0,6,81,9,96,76,10,86,182
12/04/2020,STC,MN,AGL,CE,Federal Contract Tower,0,0,5,0,5,0,2,62,4,68,0,2,67,4,73,84,0,84,157
12/05/2020,STC,MN,AGL,CE,Federal Contract Tower,2,0,3,0,5,0,2,56,0,58,2,2,59,0,63,20,0,20,83
12/06/2020,STC,MN,AGL,CE,Federal Contract Tower,0,0,3,0,3,0,0,0,0,0,0,0,3,0,3,0,0,0,3
12/07/2020,STC,MN,AGL,CE,Federal Contract Tower,0,0,3,0,3,0,0,0,0,0,0,0,3,0,3,0,0,0,3
12/08/2020,STC,MN,AGL,CE,Federal Contract Tower,0,2,14,3,19,0,0,28,13,41,0,2,42,16,60,34,10,44,104
12/09/2020,STC,MN,AGL,CE,Federal Contract Tower,0,0,13,2,15,0,0,55,13,68,0,0,68,15,83,60,10,70,153
12/10/2020,STC,MN,AGL,CE,Federal Contract Tower,0,2,14,3,19,0,0,38,3,41,0,2,52,6,60,74,4,78,138
12/11/2020,STC,MN,AGL,CE,Federal Contract Tower,0,2,8,0,10,0,4,6,0,10,0,6,14,0,20,20,0,20,40
12/12/2020,STC,MN,AGL,CE,Federal Contract Tower,2,0,8,0,10,0,0,14,0,14,2,0,22,0,24,4,0,4,28
12/13/2020,STC,MN,AGL,CE,Federal Contract Tower,0,0,2,0,2,0,0,1,0,1,0,0,3,0,3,0,0,0,3
12/14/2020,STC,MN,AGL,CE,Federal Contract Tower,2,2,5,1,10,0,0,36,0,36,2,2,41,1,46,44,0,44,90
12/15/2020,STC,MN,AGL,CE,Federal Contract Tower,0,0,9,0,9,0,0,36,10,46,0,0,45,10,55,90,6,96,151
12/16/2020,STC,MN,AGL,CE,Federal Contract Tower,0,3,10,0,13,0,0,38,13,51,0,3,48,13,64,62,12,74,138
12/17/2020,STC,MN,AGL,CE,Federal Contract Tower,0,3,12,0,15,0,0,23,4,27,0,3,35,4,42,60,0,60,102
12/18/2020,STC,MN,AGL,CE,Federal Contract Tower,0,0,4,0,4,0,0,14,0,14,0,0,18,0,18,42,0,42,60
12/19/2020,STC,MN,AGL,CE,Federal Contract Tower,4,0,11,0,15,0,3,51,0,54,4,3,62,0,69,46,0,46,115
12/20/2020,STC,MN,AGL,CE,Federal Contract Tower,0,0,2,0,2,0,7,39,0,46,0,7,41,0,48,38,0,38,86
12/21/2020,STC,MN,AGL,CE,Federal Contract Tower,4,3,7,0,14,0,1,6,0,7,4,4,13,0,21,20,0,20,41
12/22/2020,STC,MN,AGL,CE,Federal Contract Tower,0,1,4,2,7,0,5,27,8,40,0,6,31,10,47,46,0,46,93
12/23/2020,STC,MN,AGL,CE,Federal Contract Tower,4,0,1,0,5,0,0,0,0,0,4,0,1,0,5,0,0,0,5
12/24/2020,STC,MN,AGL,CE,Federal Contract Tower,0,0,4,0,4,0,0,4,0,4,0,0,8,0,8,0,0,0,8
12/25/2020,STC,MN,AGL,CE,Federal Contract Tower,0,0,0,0,0,0,2,8,0,10,0,2,8,0,10,0,0,0,10
12/26/2020,STC,MN,AGL,CE,Federal Contract Tower,4,0,4,0,8,0,0,0,0,0,4,0,4,0,8,0,0,0,8
12/27/2020,STC,MN,AGL,CE,Federal Contract Tower,0,0,0,0,0,0,0,2,0,2,0,0,2,0,2,0,0,0,2
12/28/2020,STC,MN,AGL,CE,Federal Contract Tower,2,0,5,0,7,0,7,19,0,26,2,7,24,0,33,38,0,38,71
12/29/2020,STC,MN,AGL,CE,Federal Contract Tower,0,0,3,0,3,0,3,3,0,6,0,3,6,0,9,12,0,12,21
12/30/2020,STC,MN,AGL,CE,Federal Contract Tower,4,6,0,2,12,0,0,5,14,19,4,6,5,16,31,8,36,44,75
12/31/2020,STC,MN,AGL,CE,Federal Contract Tower,0,0,11,0,11,0,0,9,2,11,0,0,20,2,22,6,0,6,28
01/01/2021,STC,MN,AGL,CE,Federal Contract Tower,0,0,0,0,0,0,0,2,0,2,0,0,2,0,2,0,0,0,2
01/02/2021,STC,MN,AGL,CE,Federal Contract Tower,4,0,1,0,5,0,0,9,0,9,4,0,10,0,14,16,0,16,30
01/03/2021,STC,MN,AGL,CE,Federal Contract Tower,0,2,5,0,7,0,0,33,0,33,0,2,38,0,40,54,0,54,94
01/04/2021,STC,MN,AGL,CE,Federal Contract Tower,0,0,6,0,6,0,0,40,0,40,0,0,46,0,46,24,0,24,70
01/05/2021,STC,MN,AGL,CE,Federal Contract Tower,0,3,10,3,16,0,0,39,8,47,0,3,49,11,63,22,18,40,103
01/06/2021,STC,MN,AGL,CE,Federal Contract Tower,2,0,6,0,8,0,0,53,8,61,2,0,59,8,69,82,0,82,151
01/07/2021,STC,MN,AGL,CE,Federal Contract Tower,0,0,2,0,2,0,0,0,0,0,0,0,2,0,2,0,0,0,2
01/08/2021,STC,MN,AGL,CE,Federal Contract Tower,0,0,2,0,2,0,0,0,0,0,0,0,2,0,2,0,0,0,2
01/09/2021,STC,MN,AGL,CE,Federal Contract Tower,4,0,2,0,6,0,0,0,0,0,4,0,2,0,6,0,0,0,6
01/10/2021,STC,MN,AGL,CE,Federal Contract Tower,0,2,2,0,4,0,0,23,0,23,0,2,25,0,27,26,0,26,53
01/11/2021,STC,MN,AGL,CE,Federal Contract Tower,0,0,7,0,7,0,7,34,0,41,0,7,41,0,48,80,0,80,128
01/12/2021,STC,MN,AGL,CE,Federal Contract Tower,0,0,10,0,10,0,1,23,10,34,0,1,33,10,44,66,6,72,116
01/13/2021,STC,MN,AGL,CE,Federal Contract Tower,2,0,14,2,18,0,0,63,10,73,2,0,77,12,91,70,2,72,163
01/14/2021,STC,MN,AGL,CE,Federal Contract Tower,0,2,2,0,4,0,0,0,0,0,0,2,2,0,4,0,0,0,4
01/15/2021,STC,MN,AGL,CE,Federal Contract Tower,0,0,1,0,1,0,0,0,0,0,0,0,1,0,1,0,0,0,1
01/16/2021,STC,MN,AGL,CE,Federal Contract Tower,4,0,6,0,10,0,0,3,1,4,4,0,9,1,14,6,4,10,24
01/17/2021,STC,MN,AGL,CE,Federal Contract Tower,0,0,3,0,3,0,0,0,0,0,0,0,3,0,3,0,0,0,3
01/18/2021,STC,MN,AGL,CE,Federal Contract Tower,0,0,5,0,5,0,3,31,0,34,0,3,36,0,39,70,0,70,109
01/19/2021,STC,MN,AGL,CE,Federal Contract Tower,0,2,3,0,5,0,0,21,0,21,0,2,24,0,26,30,2,32,58
01/20/2021,STC,MN,AGL,CE,Federal Contract Tower,2,0,7,0,9,0,0,19,17,36,2,0,26,17,45,44,12,56,101
01/21/2021,STC,MN,AGL,CE,Federal Contract Tower,0,4,9,0,13,0,3,25,8,36,0,7,34,8,49,52,6,58,107
01/22/2021,STC,MN,AGL,CE,Federal Contract Tower,0,0,12,0,12,0,2,55,3,60,0,2,67,3,72,116,0,116,188
01/23/2021,STC,MN,AGL,CE,Federal Contract Tower,4,4,8,0,16,0,0,17,0,17,4,4,25,0,33,68,0,68,101
01/24/2021,STC,MN,AGL,CE,Federal Contract Tower,0,0,8,0,8,0,0,36,0,36,0,0,44,0,44,58,30,88,132
01/25/2021,STC,MN,AGL,CE,Federal Contract Tower,0,1,6,0,7,0,0,54,0,54,0,1,60,0,61,66,0,66,127
01/26/2021,STC,MN,AGL,CE,Federal Contract Tower,0,3,11,4,18,0,1,41,11,53,0,4,52,15,71,50,20,70,141
01/27/2021,STC,MN,AGL,CE,Federal Contract Tower,2,2,6,0,10,0,0,23,21,44,2,2,29,21,54,30,8,38,92
01/28/2021,STC,MN,AGL,CE,Federal Contract Tower,0,5,9,0,14,0,0,40,12,52,0,5,49,12,66,42,24,66,132
01/29/2021,STC,MN,AGL,CE,Federal Contract Tower,0,0,3,0,3,0,0,6,6,12,0,0,9,6,15,18,0,18,33
01/30/2021,STC,MN,AGL,CE,Federal Contract Tower,4,0,1,0,5,0,0,2,0,2,4,0,3,0,7,6,0,6,13
01/31/2021,STC,MN,AGL,CE,Federal Contract Tower,0,1,3,0,4,0,2,3,0,5,0,3,6,0,9,24,0,24,33
02/01/2021,STC,MN,AGL,CE,Federal Contract Tower,0,3,10,2,15,0,0,7,0,7,0,3,17,2,22,14,0,14,36
02/02/2021,STC,MN,AGL,CE,Federal Contract Tower,0,0,11,0,11,0,0,0,0,0,0,0,11,0,11,0,0,0,11
02/03/2021,STC,MN,AGL,CE,Federal Contract Tower,2,0,12,1,15,0,0,7,8,15,2,0,19,9,30,10,6,16,46
02/04/2021,STC,MN,AGL,CE,Federal Contract Tower,0,0,6,0,6,0,0,5,7,12,0,0,11,7,18,0,0,0,18
02/05/2021,STC,MN,AGL,CE,Federal Contract Tower,0,0,12,1,13,0,0,8,2,10,0,0,20,3,23,44,0,44,67
02/06/2021,STC,MN,AGL,CE,Federal Contract Tower,4,0,0,0,4,0,1,8,0,9,4,1,8,0,13,0,0,0,13
02/07/2021,STC,MN,AGL,CE,Federal Contract Tower,0,0,0,0,0,0,2,5,0,7,0,2,5,0,7,6,0,6,13
02/08/2021,STC,MN,AGL,CE,Federal Contract Tower,0,2,8,0,10,0,0,6,0,6,0,2,14,0,16,0,0,0,16
02/09/2021,STC,MN,AGL,CE,Federal Contract Tower,0,0,10,2,12,0,0,18,5,23,0,0,28,7,35,14,8,22,57
02/10/2021,STC,MN,AGL,CE,Federal Contract Tower,4,3,9,1,17,0,0,30,4,34,4,3,39,5,51,36,0,36,87
02/11/2021,STC,MN,AGL,CE,Federal Contract Tower,0,4,3,4,11,0,1,4,3,8,0,5,7,7,19,2,0,2,21
02/12/2021,STC,MN,AGL,CE,Federal Contract Tower,2,0,2,0,4,0,0,1,0,1,2,0,3,0,5,0,0,0,5
02/13/2021,STC,MN,AGL,CE,Federal Contract Tower,4,0,1,0,5,0,0,4,0,4,4,0,5,0,9,12,0,12,21
02/14/2021,STC,MN,AGL,CE,Federal Contract Tower,0,0,1,0,1,0,0,1,0,1,0,0,2,0,2,0,0,0,2
02/15/2021,STC,MN,AGL,CE,Federal Contract Tower,2,1,2,0,5,0,0,4,0,4,2,1,6,0,9,0,0,0,9
02/16/2021,STC,MN,AGL,CE,Federal Contract Tower,0,2,10,0,12,0,0,16,0,16,0,2,26,0,28,20,0,20,48
02/17/2021,STC,MN,AGL,CE,Federal Contract Tower,4,2,8,0,14,0,0,0,2,2,4,2,8,2,16,0,6,6,22
02/18/2021,STC,MN,AGL,CE,Federal Contract Tower,0,0,5,2,7,0,2,12,7,21,0,2,17,9,28,40,12,52,80
02/19/2021,STC,MN,AGL,CE,Federal Contract Tower,2,0,22,0,24,0,2,42,0,44,2,2,64,0,68,88,0,88,156
02/20/2021,STC,MN,AGL,CE,Federal Contract Tower,4,3,14,0,21,0,6,48,0,54,4,9,62,0,75,80,0,80,155
02/21/2021,STC,MN,AGL,CE,Federal Contract Tower,0,1,0,0,1,0,0,0,0,0,0,1,0,0,1,0,0,0,1
02/22/2021,STC,MN,AGL,CE,Federal Contract Tower,2,0,6,0,8,0,2,41,0,43,2,2,47,0,51,80,0,80,131
02/23/2021,STC,MN,AGL,CE,Federal Contract Tower,0,0,8,2,10,0,0,25,5,30,0,0,33,7,40,44,0,44,84
02/24/2021,STC,MN,AGL,CE,Federal Contract Tower,4,3,5,0,12,0,0,84,11,95,4,3,89,11,107,64,18,82,189
02/25/2021,STC,MN,AGL,CE,Federal Contract Tower,0,3,10,1,14,0,0,58,13,71,0,3,68,14,85,100,2,102,187
02/26/2021,STC,MN,AGL,CE,Federal Contract Tower,2,0,11,0,13,0,2,12,2,16,2,2,23,2,29,10,0,10,39
02/27/2021,STC,MN,AGL,CE,Federal Contract Tower,4,0,6,0,10,0,0,53,0,53,4,0,59,0,63,64,0,64,127
02/28/2021,STC,MN,AGL,CE,Federal Contract Tower,0,0,3,0,3,0,0,11,0,11,0,0,14,0,14,28,0,28,42
03/01/2021,STC,MN,AGL,CE,Federal Contract Tower,2,7,8,1,18,0,2,46,1,49,2,9,54,2,67,52,0,52,119
03/02/2021,STC,MN,AGL,CE,Federal Contract Tower,0,1,4,2,7,0,0,23,10,33,0,1,27,12,40,54,12,66,106
03/03/2021,STC,MN,AGL,CE,Federal Contract Tower,4,0,9,2,15,0,0,55,10,65,4,0,64,12,80,138,30,168,248
03/04/2021,STC,MN,AGL,CE,Federal Contract Tower,0,0,6,1,7,0,2,43,8,53,0,2,49,9,60,80,6,86,146
03/05/2021,STC,MN,AGL,CE,Federal Contract Tower,2,4,7,1,14,0,6,48,4,58,2,10,55,5,72,58,2,60,132
03/06/2021,STC,MN,AGL,CE,Federal Contract Tower,4,2,4,0,10,0,0,68,0,68,4,2,72,0,78,62,0,62,140
03/07/2021,STC,MN,AGL,CE,Federal Contract Tower,1,0,5,0,6,0,2,18,0,20,1,2,23,0,26,32,0,32,58
03/08/2021,STC,MN,AGL,CE,Federal Contract Tower,2,3,6,0,11,0,0,43,0,43,2,3,49,0,54,84,0,84,138
03/09/2021,STC,MN,AGL,CE,Federal Contract Tower,0,0,1,0,1,0,0,28,6,34,0,0,29,6,35,72,0,72,107
03/10/2021,STC,MN,AGL,CE,Federal Contract Tower,4,0,3,0,7,0,0,2,0,2,4,0,5,0,9,12,0,12,21
03/11/2021,STC,MN,AGL,CE,Federal Contract Tower,0,4,10,1,15,0,0,36,10,46,0,4,46,11,61,82,4,86,147
03/12/2021,STC,MN,AGL,CE,Federal Contract Tower,2,2,3,3,10,0,5,44,5,54,2,7,47,8,64,90,0,90,154
03/13/2021,STC,MN,AGL,CE,Federal Contract Tower,4,3,5,2,14,0,4,44,15,63,4,7,49,17,77,70,4,74,151
03/14/2021,STC,MN,AGL,CE,Federal Contract Tower,0,2,2,0,4,0,0,32,0,32,0,2,34,0,36,40,0,40,76
03/15/2021,STC,MN,AGL,CE,Federal Contract Tower,2,1,8,0,11,0,0,3,0,3,2,1,11,0,14,0,0,0,14
03/16/2021,STC,MN,AGL,CE,Federal Contract Tower,0,3,11,0,14,0,0,8,6,14,0,3,19,6,28,36,0,36,64
03/17/2021,STC,MN,AGL,CE,Federal Contract Tower,4,2,9,6,21,0,4,29,3,36,4,6,38,9,57,92,4,96,153
03/18/2021,STC,MN,AGL,CE,Federal Contract Tower,0,2,4,0,6,0,5,69,2,76,0,7,73,2,82,158,0,158,240
03/19/2021,STC,MN,AGL,CE,Federal Contract Tower,2,0,5,0,7,0,0,65,0,65,2,0,70,0,72,124,0,124,196
03/20/2021,STC,MN,AGL,CE,Federal Contract Tower,4,2,3,0,9,0,0,21,1,22,4,2,24,1,31,10,0,10,41
03/21/2021,STC,MN,AGL,CE,Federal Contract Tower,0,0,1,0,1,0,0,5,0,5,0,0,6,0,6,16,0,16,22
03/22/2021,STC,MN,AGL,CE,Federal Contract Tower,2,4,7,0,13,0,6,51,0,57,2,10,58,0,70,80,0,80,150
03/23/2021,STC,MN,AGL,CE,Federal Contract Tower,0,0,3,6,9,0,0,6,0,6,0,0,9,6,15,14,0,14,29
03/24/2021,STC,MN,AGL,CE,Federal Contract Tower,6,1,3,2,12,0,2,2,4,8,6,3,5,6,20,14,24,38,58
03/25/2021,STC,MN,AGL,CE,Federal Contract Tower,0,4,2,4,10,0,4,51,7,62,0,8,53,11,72,120,2,122,194
03/26/2021,STC,MN,AGL,CE,Federal Contract Tower,2,1,10,0,13,0,2,25,0,27,2,3,35,0,40,56,0,56,96
03/27/2021,STC,MN,AGL,CE,Federal Contract Tower,4,0,1,0,5,0,0,4,0,4,4,0,5,0,9,0,0,0,9
03/28/2021,STC,MN,AGL,CE,Federal Contract Tower,0,1,8,0,9,0,0,89,0,89,0,1,97,0,98,48,0,48,146
03/29/2021,STC,MN,AGL,CE,Federal Contract Tower,2,0,2,0,4,0,0,16,0,16,2,0,18,0,20,36,0,36,56
03/30/2021,STC,MN,AGL,CE,Federal Contract Tower,0,2,4,4,10,0,0,6,8,14,0,2,10,12,24,0,10,10,34
03/31/2021,STC,MN,AGL,CE,Federal Contract Tower,4,0,10,0,14,0,0,36,11,47,4,0,46,11,61,112,16,128,189
04/01/2021,STC,MN,AGL,CE,Federal Contract Tower,0,4,9,0,13,0,6,37,12,55,0,10,46,12,68,50,14,64,132
04/02/2021,STC,MN,AGL,CE,Federal Contract Tower,2,2,3,0,7,0,0,19,2,21,2,2,22,2,28,22,0,22,50
04/03/2021,STC,MN,AGL,CE,Federal Contract Tower,4,2,4,0,10,0,0,67,0,67,4,2,71,0,77,66,0,66,143
04/04/2021,STC,MN,AGL,CE,Federal Contract Tower,0,0,3,0,3,0,2,44,0,46,0,2,47,0,49,22,0,22,71
04/05/2021,STC,MN,AGL,CE,Federal Contract Tower,4,1,7,0,12,0,0,50,0,50,4,1,57,0,62,70,0,70,132
04/06/2021,STC,MN,AGL,CE,Federal Contract Tower,0,0,10,2,12,0,0,35,4,39,0,0,45,6,51,68,12,80,131
04/07/2021,STC,MN,AGL,CE,Federal Contract Tower,2,2,14,1,19,0,0,0,0,0,2,2,14,1,19,0,0,0,19
04/08/2021,STC,MN,AGL,CE,Federal Contract Tower,0,3,11,0,14,0,0,0,0,0,0,3,11,0,14,0,0,0,14
04/09/2021,STC,MN,AGL,CE,Federal Contract Tower,2,2,9,0,13,0,0,3,0,3,2,2,12,0,16,0,0,0,16
04/10/2021,STC,MN,AGL,CE,Federal Contract Tower,4,7,15,0,26,0,0,24,0,24,4,7,39,0,50,50,0,50,100
04/11/2021,STC,MN,AGL,CE,Federal Contract Tower,2,1,12,0,15,0,0,13,0,13,2,1,25,0,28,24,0,24,52
04/12/2021,STC,MN,AGL,CE,Federal Contract Tower,2,0,8,1,11,0,0,0,0,0,2,0,8,1,11,0,0,0,11
04/13/2021,STC,MN,AGL,CE,Federal Contract Tower,0,1,2,2,5,0,0,0,0,0,0,1,2,2,5,0,0,0,5
04/14/2021,STC,MN,AGL,CE,Federal Contract Tower,2,1,8,0,11,0,0,19,9,28,2,1,27,9,39,44,20,64,103
04/15/2021,STC,MN,AGL,CE,Federal Contract Tower,0,0,5,2,7,0,2,20,7,29,0,2,25,9,36,16,18,34,70
04/16/2021,STC,MN,AGL,CE,Federal Contract Tower,0,2,18,1,21,0,0,66,6,72,0,2,84,7,93,66,0,66,159
04/17/2021,STC,MN,AGL,CE,Federal Contract Tower,2,1,4,0,7,0,2,116,20,138,2,3,120,20,145,80,70,150,295
04/18/2021,STC,MN,AGL,CE,Federal Contract Tower,0,1,6,0,7,0,0,28,1,29,0,1,34,1,36,20,0,20,56
04/19/2021,STC,MN,AGL,CE,Federal Contract Tower,0,0,9,0,9,0,0,31,2,33,0,0,40,2,42,56,0,56,98
04/20/2021,STC,MN,AGL,CE,Federal Contract Tower,0,0,4,2,6,0,4,45,8,57,0,4,49,10,63,102,0,102,165
04/21/2021,STC,MN,AGL,CE,Federal Contract Tower,2,2,9,0,13,0,0,45,6,51,2,2,54,6,64,148,14,162,226
04/22/2021,STC,MN,AGL,CE,Federal Contract Tower,0,2,11,0,13,0,2,55,10,67,0,4,66,10,80,108,0,108,188
04/23/2021,STC,MN,AGL,CE,Federal Contract Tower,0,4,11,0,15,0,0,15,0,15,0,4,26,0,30,48,0,48,78
04/24/2021,STC,MN,AGL,CE,Federal Contract Tower,2,1,8,0,11,0,6,49,0,55,2,7,57,0,66,102,0,102,168
04/25/2021,STC,MN,AGL,CE,Federal Contract Tower,0,0,5,0,5,0,2,23,0,25,0,2,28,0,30,6,0,6,36
04/26/2021,STC,MN,AGL,CE,Federal Contract Tower,0,1,4,0,5,0,1,14,0,15,0,2,18,0,20,50,0,50,70
04/27/2021,STC,MN,AGL,CE,Federal Contract Tower,0,2,11,5,18,0,1,5,4,10,0,3,16,9,28,12,48,60,88
04/28/2021,STC,MN,AGL,CE,Federal Contract Tower,2,4,13,0,19,0,1,61,3,65,2,5,74,3,84,156,6,162,246
04/29/2021,STC,MN,AGL,CE,Federal Contract Tower,0,10,12,2,24,0,0,58,9,67,0,10,70,11,91,68,0,68,159
04/30/2021,STC,MN,AGL,CE,Federal Contract Tower,0,0,9,3,12,0,6,84,0,90,0,6,93,3,102,92,0,92,194
05/01/2021,STC,MN,AGL,CE,Federal Contract Tower,2,3,5,0,10,0,2,60,2,64,2,5,65,2,74,58,0,58,132
05/02/2021,STC,MN,AGL,CE,Federal Contract Tower,0,2,2,0,4,0,0,31,0,31,0,2,33,0,35,26,0,26,61
05/03/2021,STC,MN,AGL,CE,Federal Contract Tower,0,3,12,0,15,0,0,50,0,50,0,3,62,0,65,64,0,64,129
05/04/2021,STC,MN,AGL,CE,Federal Contract Tower,0,2,10,1,13,0,0,55,10,65,0,2,65,11,78,80,12,92,170
05/05/2021,STC,MN,AGL,CE,Federal Contract Tower,0,0,11,1,12,0,0,33,1,34,0,0,44,2,46,90,0,90,136
05/06/2021,STC,MN,AGL,CE,Federal Contract Tower,0,0,8,3,11,0,4,54,6,64,0,4,62,9,75,64,10,74,149
05/07/2021,STC,MN,AGL,CE,Federal Contract Tower,0,3,8,0,11,0,4,50,0,54,0,7,58,0,65,92,0,92,157
05/08/2021,STC,MN,AGL,CE,Federal Contract Tower,0,1,4,0,5,0,2,42,0,44,0,3,46,0,49,90,0,90,139
05/09/2021,STC,MN,AGL,CE,Federal Contract Tower,0,0,7,0,7,0,0,31,2,33,0,0,38,2,40,18,0,18,58
05/10/2021,STC,MN,AGL,CE,Federal Contract Tower,0,3,7,0,10,0,0,56,10,66,0,3,63,10,76,82,0,82,158
05/11/2021,STC,MN,AGL,CE,Federal Contract Tower,0,3,14,0,17,0,0,74,11,85,0,3,88,11,102,130,6,136,238
05/12/2021,STC,MN,AGL,CE,Federal Contract Tower,0,4,15,2,21,0,0,46,6,52,0,4,61,8,73,90,22,112,185
05/13/2021,STC,MN,AGL,CE,Federal Contract Tower,0,0,17,0,17,0,3,41,14,58,0,3,58,14,75,30,96,126,201
05/14/2021,STC,MN,AGL,CE,Federal Contract Tower,0,1,6,0,7,0,0,28,12,40,0,1,34,12,47,62,136,198,245
05/15/2021,STC,MN,AGL,CE,Federal Contract Tower,0,1,13,0,14,0,0,133,0,133,0,1,146,0,147,46,0,46,193
05/16/2021,STC,MN,AGL,CE,Federal Contract Tower,0,1,4,0,5,0,0,32,3,35,0,1,36,3,40,20,0,20,60
05/17/2021,STC,MN,AGL,CE,Federal Contract Tower,0,0,11,0,11,0,0,52,0,52,0,0,63,0,63,168,0,168,231
05/18/2021,STC,MN,AGL,CE,Federal Contract Tower,0,4,12,5,21,0,4,41,3,48,0,8,53,8,69,112,10,122,191
05/19/2021,STC,MN,AGL,CE,Federal Contract Tower,0,0,11,0,11,0,0,8,0,8,0,0,19,0,19,20,0,20,39
05/20/2021,STC,MN,AGL,CE,Federal Contract Tower,0,5,8,3,16,0,1,4,4,9,0,6,12,7,25,24,10,34,59
05/21/2021,STC,MN,AGL,CE,Federal Contract Tower,0,0,17,2,19,0,0,24,0,24,0,0,41,2,43,86,0,86,129
05/22/2021,STC,MN,AGL,CE,Federal Contract Tower,0,0,7,0,7,0,2,42,0,44,0,2,49,0,51,94,0,94,145
05/23/2021,STC,MN,AGL,CE,Federal Contract Tower,0,0,17,0,17,0,0,7,0,7,0,0,24,0,24,12,0,12,36
05/24/2021,STC,MN,AGL,CE,Federal Contract Tower,0,0,20,0,20,0,0,27,0,27,0,0,47,0,47,48,0,48,95
05/25/2021,STC,MN,AGL,CE,Federal Contract Tower,0,5,9,2,16,0,12,21,13,46,0,17,30,15,62,58,0,58,120
05/26/2021,STC,MN,AGL,CE,Federal Contract Tower,0,1,11,0,12,0,4,50,5,59,0,5,61,5,71,78,0,78,149
05/27/2021,STC,MN,AGL,CE,Federal Contract Tower,0,0,13,2,15,0,0,0,4,4,0,0,13,6,19,0,20,20,39
05/28/2021,STC,MN,AGL,CE,Federal Contract Tower,0,0,14,0,14,0,3,58,2,63,0,3,72,2,77,100,0,100,177
05/29/2021,STC,MN,AGL,CE,Federal Contract Tower,0,0,8,0,8,0,0,50,0,50,0,0,58,0,58,58,0,58,116
05/30/2021,STC,MN,AGL,CE,Federal Contract Tower,0,2,5,0,7,0,8,9,0,17,0,10,14,0,24,10,0,10,34
05/31/2021,STC,MN,AGL,CE,Federal Contract Tower,0,0,12,0,12,0,0,62,0,62,0,0,74,0,74,126,0,126,200
06/01/2021,STC,MN,AGL,CE,Federal Contract Tower,0,4,10,0,14,0,0,44,0,44,0,4,54,0,58,94,0,94,152
06/02/2021,STC,MN,AGL,CE,Federal Contract Tower,0,4,13,3,20,0,11,61,8,80,0,15,74,11,100,150,16,166,266
06/03/2021,STC,MN,AGL,CE,Federal Contract Tower,0,0,5,1,6,0,6,48,11,65,0,6,53,12,71,110,32,142,213
06/04/2021,STC,MN,AGL,CE,Federal Contract Tower,0,1,9,0,10,0,1,44,14,59,0,2,53,14,69,96,24,120,189
06/05/2021,STC,MN,AGL,CE,Federal Contract Tower,0,1,4,0,5,0,4,44,0,48,0,5,48,0,53,4,0,4,57
06/06/2021,STC,MN,AGL,CE,Federal Contract Tower,2,0,2,0,4,0,0,16,0,16,2,0,18,0,20,18,0,18,38
06/07/2021,STC,MN,AGL,CE,Federal Contract Tower,0,3,9,0,12,0,0,51,7,58,0,3,60,7,70,120,42,162,232
06/08/2021,STC,MN,AGL,CE,Federal Contract Tower,0,4,9,8,21,0,2,20,11,33,0,6,29,19,54,60,16,76,130
06/09/2021,STC,MN,AGL,CE,Federal Contract Tower,2,0,19,4,25,0,2,50,15,67,2,2,69,19,92,136,16,152,244
06/10/2021,STC,MN,AGL,CE,Federal Contract Tower,2,1,13,3,19,0,0,35,10,45,2,1,48,13,64,38,32,70,134
06/11/2021,STC,MN,AGL,CE,Federal Contract Tower,0,0,8,0,8,0,2,37,4,43,0,2,45,4,51,54,2,56,107
06/12/2021,STC,MN,AGL,CE,Federal Contract Tower,0,2,4,0,6,0,2,51,6,59,0,4,55,6,65,72,0,72,137
06/13/2021,STC,MN,AGL,CE,Federal Contract Tower,0,0,9,1,10,0,0,16,2,18,0,0,25,3,28,16,0,16,44
06/14/2021,STC,MN,AGL,CE,Federal Contract Tower,1,3,7,0,11,0,0,49,3,52,1,3,56,3,63,142,0,142,205
06/15/2021,STC,MN,AGL,CE,Federal Contract Tower,0,0,7,0,7,0,7,56,3,66,0,7,63,3,73,60,0,60,133
06/16/2021,STC,MN,AGL,CE,Federal Contract Tower,0,2,10,2,14,0,0,54,6,60,0,2,64,8,74,114,36,150,224
06/17/2021,STC,MN,AGL,CE,Federal Contract Tower,2,5,11,2,20,0,0,58,4,62,2,5,69,6,82,100,14,114,196
06/18/2021,STC,MN,AGL,CE,Federal Contract Tower,0,2,16,1,19,0,0,50,2,52,0,2,66,3,71,44,0,44,115
06/19/2021,STC,MN,AGL,CE,Federal Contract Tower,0,0,8,0,8,0,5,54,6,65,0,5,62,6,73,56,0,56,129
06/20/2021,STC,MN,AGL,CE,Federal Contract Tower,2,0,2,0,4,0,0,0,0,0,2,0,2,0,4,0,0,0,4
06/21/2021,STC,MN,AGL,CE,Federal Contract Tower,0,4,18,0,22,0,2,32,15,49,0,6,50,15,71,76,44,120,191
06/22/2021,STC,MN,AGL,CE,Federal Contract Tower,0,3,8,0,11,0,5,65,9,79,0,8,73,9,90,133,62,195,285
06/23/2021,STC,MN,AGL,CE,Federal Contract Tower,0,3,15,0,18,0,6,39,5,50,0,9,54,5,68,60,56,116,184
06/24/2021,STC,MN,AGL,CE,Federal Contract Tower,2,0,15,0,17,0,0,57,0,57,2,0,72,0,74,86,0,86,160
06/25/2021,STC,MN,AGL,CE,Federal Contract Tower,0,0,8,0,8,0,0,58,0,58,0,0,66,0,66,118,0,118,184
06/26/2021,STC,MN,AGL,CE,Federal Contract Tower,0,0,7,0,7,0,0,44,0,44,0,0,51,0,51,36,0,36,87
06/27/2021,STC,MN,AGL,CE,Federal Contract Tower,2,0,11,0,13,0,1,30,0,31,2,1,41,0,44,28,0,28,72
06/28/2021,STC,MN,AGL,CE,Federal Contract Tower,2,0,12,0,14,0,2,19,0,21,2,2,31,0,35,34,0,34,69
06/29/2021,STC,MN,AGL,CE,Federal Contract Tower,0,10,21,0,31,0,1,56,0,57,0,11,77,0,88,96,0,96,184
06/30/2021,STC,MN,AGL,CE,Federal Contract Tower,0,5,10,0,15,0,2,84,0,86,0,7,94,0,101,116,0,116,217
07/01/2021,STC,MN,AGL,CE,Federal Contract Tower,0,0,14,2,16,0,10,72,0,82,0,10,86,2,98,134,0,134,232
07/02/2021,STC,MN,AGL,CE,Federal Contract Tower,0,0,9,2,11,0,6,78,6,90,0,6,87,8,101,122,0,122,223
07/03/2021,STC,MN,AGL,CE,Federal Contract Tower,0,0,9,0,9,0,4,60,3,67,0,4,69,3,76,106,0,106,182
07/04/2021,STC,MN,AGL,CE,Federal Contract Tower,0,0,4,0,4,0,0,13,0,13,0,0,17,0,17,20,0,20,37
07/05/2021,STC,MN,AGL,CE,Federal Contract Tower,0,0,5,0,5,0,0,55,0,55,0,0,60,0,60,80,0,80,140
07/06/2021,STC,MN,AGL,CE,Federal Contract Tower,0,0,8,1,9,0,0,0,0,0,0,0,8,1,9,0,0,0,9
07/07/2021,STC,MN,AGL,CE,Federal Contract Tower,0,4,13,2,19,0,0,45,5,50,0,4,58,7,69,128,6,134,203
07/08/2021,STC,MN,AGL,CE,Federal Contract Tower,0,4,13,0,17,0,1,70,11,82,0,5,83,11,99,162,10,172,271
07/09/2021,STC,MN,AGL,CE,Federal Contract Tower,0,3,11,0,14,0,0,78,4,82,0,3,89,4,96,148,0,148,244
07/10/2021,STC,MN,AGL,CE,Federal Contract Tower,0,1,8,0,9,0,0,64,1,65,0,1,72,1,74,86,0,86,160
07/11/2021,STC,MN,AGL,CE,Federal Contract Tower,0,0,9,0,9,0,0,58,0,58,0,0,67,0,67,28,0,28,95
07/12/2021,STC,MN,AGL,CE,Federal Contract Tower,0,0,8,0,8,0,3,60,0,63,0,3,68,0,71,102,0,102,173
07/13/2021,STC,MN,AGL,CE,Federal Contract Tower,0,0,9,0,9,0,0,52,9,61,0,0,61,9,70,114,6,120,190
07/14/2021,STC,MN,AGL,CE,Federal Contract Tower,0,4,26,0,30,0,0,25,5,30,0,4,51,5,60,32,38,70,130
07/15/2021,STC,MN,AGL,CE,Federal Contract Tower,0,4,13,2,19,0,4,65,2,71,0,8,78,4,90,82,0,82,172
07/16/2021,STC,MN,AGL,CE,Federal Contract Tower,0,0,14,0,14,0,2,80,4,86,0,2,94,4,100,114,0,114,214
07/17/2021,STC,MN,AGL,CE,Federal Contract Tower,0,1,8,2,11,0,0,75,2,77,0,1,83,4,88,104,6,110,198
07/18/2021,STC,MN,AGL,CE,Federal Contract Tower,0,2,8,0,10,0,0,41,2,43,0,2,49,2,53,22,0,22,75
07/19/2021,STC,MN,AGL,CE,Federal Contract Tower,0,3,18,0,21,0,0,66,0,66,0,3,84,0,87,60,0,60,147
07/20/2021,STC,MN,AGL,CE,Federal Contract Tower,0,3,13,6,22,0,0,48,0,48,0,3,61,6,70,32,0,32,102
07/21/2021,STC,MN,AGL,CE,Federal Contract Tower,0,6,17,4,27,0,0,27,1,28,0,6,44,5,55,46,0,46,101
07/22/2021,STC,MN,AGL,CE,Federal Contract Tower,0,1,9,0,10,0,0,8,4,12,0,1,17,4,22,8,0,8,30
07/23/2021,STC,MN,AGL,CE,Federal Contract Tower,0,0,11,0,11,0,1,83,6,90,0,1,94,6,101,78,0,78,179
07/24/2021,STC,MN,AGL,CE,Federal Contract Tower,0,0,10,0,10,0,0,36,0,36,0,0,46,0,46,104,0,104,150
07/25/2021,STC,MN,AGL,CE,Federal Contract Tower,0,0,10,0,10,0,2,49,0,51,0,2,59,0,61,30,0,30,91
07/26/2021,STC,MN,AGL,CE,Federal Contract Tower,0,2,9,0,11,0,0,31,0,31,0,2,40,0,42,48,0,48,90
07/27/2021,STC,MN,AGL,CE,Federal Contract Tower,0,3,10,0,13,0,7,50,6,63,0,10,60,6,76,30,0,30,106
07/28/2021,STC,MN,AGL,CE,Federal Contract Tower,0,3,10,0,13,0,6,12,2,20,0,9,22,2,33,48,4,52,85
07/29/2021,STC,MN,AGL,CE,Federal Contract Tower,0,2,15,4,21,0,0,0,0,0,0,2,15,4,21,0,0,0,21
07/30/2021,STC,MN,AGL,CE,Federal Contract Tower,0,3,11,0,14,0,0,16,0,16,0,3,27,0,30,48,0,48,78
07/31/2021,STC,MN,AGL,CE,Federal Contract Tower,0,6,16,0,22,0,0,14,0,14,0,6,30,0,36,2,0,2,38
08/01/2021,STC,MN,AGL,CE,Federal Contract Tower,0,7,4,0,11,0,3,49,0,52,0,10,53,0,63,40,0,40,103
08/02/2021,STC,MN,AGL,CE,Federal Contract Tower,0,2,6,0,8,0,3,61,0,64,0,5,67,0,72,104,0,104,176
08/03/2021,STC,MN,AGL,CE,Federal Contract Tower,0,2,17,1,20,0,2,32,9,43,0,4,49,10,63,30,6,36,99
08/04/2021,STC,MN,AGL,CE,Federal Contract Tower,0,2,5,1,8,0,4,40,4,48,0,6,45,5,56,56,4,60,116
08/05/2021,STC,MN,AGL,CE,Federal Contract Tower,0,0,10,1,11,0,10,51,12,73,0,10,61,13,84,94,40,134,218
08/06/2021,STC,MN,AGL,CE,Federal Contract Tower,0,1,8,0,9,0,5,39,3,47,0,6,47,3,56,58,0,58,114
08/07/2021,STC,MN,AGL,CE,Federal Contract Tower,0,0,7,1,8,0,0,2,0,2,0,0,9,1,10,0,0,0,10
08/08/2021,STC,MN,AGL,CE,Federal Contract Tower,0,1,12,0,13,0,9,8,0,17,0,10,20,0,30,42,0,42,72
08/09/2021,STC,MN,AGL,CE,Federal Contract Tower,0,3,13,0,16,0,3,39,0,42,0,6,52,0,58,54,0,54,112
08/10/2021,STC,MN,AGL,CE,Federal Contract Tower,0,0,11,0,11,0,2,29,8,39,0,2,40,8,50,48,8,56,106
08/11/2021,STC,MN,AGL,CE,Federal Contract Tower,0,6,19,1,26,0,1,48,6,55,0,7,67,7,81,68,16,84,165
08/12/2021,STC,MN,AGL,CE,Federal Contract Tower,0,3,15,1,19,0,7,31,10,48,0,10,46,11,67,90,0,90,157
08/13/2021,STC,MN,AGL,CE,Federal Contract Tower,0,7,13,0,20,0,4,99,0,103,0,11,112,0,123,124,0,124,247
08/14/2021,STC,MN,AGL,CE,Federal Contract Tower,0,6,15,0,21,0,2,54,0,56,0,8,69,0,77,32,0,32,109
08/15/2021,STC,MN,AGL,CE,Federal Contract Tower,0,2,13,0,15,0,2,35,0,37,0,4,48,0,52,38,0,38,90
08/16/2021,STC,MN,AGL,CE,Federal Contract Tower,0,8,10,0,18,0,0,41,4,45,0,8,51,4,63,46,2,48,111
08/17/2021,STC,MN,AGL,CE,Federal Contract Tower,0,1,10,0,11,0,2,34,17,53,0,3,44,17,64,52,12,64,128
08/18/2021,STC,MN,AGL,CE,Federal Contract Tower,2,1,10,0,13,0,6,78,4,88,2,7,88,4,101,112,10,122,223
08/19/2021,STC,MN,AGL,CE,Federal Contract Tower,0,2,5,0,7,0,5,63,17,85,0,7,68,17,92,126,20,146,238
08/20/2021,STC,MN,AGL,CE,Federal Contract Tower,0,2,13,0,15,0,5,38,1,44,0,7,51,1,59,12,0,12,71
08/21/2021,STC,MN,AGL,CE,Federal Contract Tower,2,2,10,0,14,0,4,26,8,38,2,6,36,8,52,34,0,34,86
08/22/2021,STC,MN,AGL,CE,Federal Contract Tower,0,3,7,0,10,0,0,38,0,38,0,3,45,0,48,24,0,24,72
08/23/2021,STC,MN,AGL,CE,Federal Contract Tower,0,2,4,0,6,0,1,79,2,82,0,3,83,2,88,146,0,146,234
08/24/2021,STC,MN,AGL,CE,Federal Contract Tower,0,5,18,2,25,0,3,14,10,27,0,8,32,12,52,50,0,50,102
08/25/2021,STC,MN,AGL,CE,Federal Contract Tower,2,5,16,2,25,0,10,58,6,74,2,15,74,8,99,94,18,112,211
08/26/2021,STC,MN,AGL,CE,Federal Contract Tower,0,2,12,0,14,0,0,12,2,14,0,2,24,2,28,20,30,50,78
08/27/2021,STC,MN,AGL,CE,Federal Contract Tower,0,4,4,0,8,0,0,9,1,10,0,4,13,1,18,14,0,14,32
08/28/2021,STC,MN,AGL,CE,Federal Contract Tower,1,2,1,0,4,0,0,3,0,3,1,2,4,0,7,2,0,2,9
08/29/2021,STC,MN,AGL,CE,Federal Contract Tower,0,3,9,0,12,0,0,31,0,31,0,3,40,0,43,32,0,32,75
08/30/2021,STC,MN,AGL,CE,Federal Contract Tower,0,1,17,0,18,0,4,55,5,64,0,5,72,5,82,116,0,116,198
08/31/2021,STC,MN,AGL,CE,Federal Contract Tower,0,0,9,0,9,0,0,44,18,62,0,0,53,18,71,112,2,114,185
09/01/2021,STC,MN,AGL,CE,Federal Contract Tower,2,1,11,1,15,0,1,54,8,63,2,2,65,9,78,84,38,122,200
09/02/2021,STC,MN,AGL,CE,Federal Contract Tower,0,8,11,0,19,0,0,26,5,31,0,8,37,5,50,36,48,84,134
09/03/2021,STC,MN,AGL,CE,Federal Contract Tower,0,2,22,0,24,0,0,0,0,0,0,2,22,0,24,0,0,0,24
09/04/2021,STC,MN,AGL,CE,Federal Contract Tower,2,0,6,0,8,0,0,33,0,33,2,0,39,0,41,58,0,58,99
09/05/2021,STC,MN,AGL,CE,Federal Contract Tower,0,2,4,0,6,0,0,32,1,33,0,2,36,1,39,58,0,58,97
09/06/2021,STC,MN,AGL,CE,Federal Contract Tower,0,4,4,0,8,0,2,32,0,34,0,6,36,0,42,78,0,78,120
09/07/2021,STC,MN,AGL,CE,Federal Contract Tower,0,1,3,0,4,0,0,52,0,52,0,1,55,0,56,22,0,22,78
09/08/2021,STC,MN,AGL,CE,Federal Contract Tower,2,4,14,4,24,0,0,48,9,57,2,4,62,13,81,96,22,118,199
09/09/2021,STC,MN,AGL,CE,Federal Contract Tower,0,2,10,3,15,0,0,95,8,103,0,2,105,11,118,162,8,170,288
09/10/2021,STC,MN,AGL,CE,Federal Contract Tower,0,0,6,0,6,0,2,52,0,54,0,2,58,0,60,66,0,66,126
09/11/2021,STC,MN,AGL,CE,Federal Contract Tower,2,0,5,0,7,0,0,57,0,57,2,0,62,0,64,70,0,70,134
09/12/2021,STC,MN,AGL,CE,Federal Contract Tower,0,1,5,1,7,0,0,31,0,31,0,1,36,1,38,10,0,10,48
09/13/2021,STC,MN,AGL,CE,Federal Contract Tower,0,2,3,0,5,0,2,49,0,51,0,4,52,0,56,78,0,78,134
09/14/2021,STC,MN,AGL,CE,Federal Contract Tower,0,1,17,3,21,0,0,32,15,47,0,1,49,18,68,36,14,50,118
09/15/2021,STC,MN,AGL,CE,Federal Contract Tower,2,0,6,4,12,0,0,68,8,76,2,0,74,12,88,114,4,118,206
09/16/2021,STC,MN,AGL,CE,Federal Contract Tower,0,2,5,1,8,0,1,7,9,17,0,3,12,10,25,0,0,0,25
09/17/2021,STC,MN,AGL,CE,Federal Contract Tower,0,3,10,0,13,0,2,65,5,72,0,5,75,5,85,82,4,86,171
09/18/2021,STC,MN,AGL,CE,Federal Contract Tower,2,2,5,0,9,0,0,162,4,166,2,2,167,4,175,98,0,98,273
09/19/2021,STC,MN,AGL,CE,Federal Contract Tower,0,0,3,0,3,0,1,15,2,18,0,1,18,2,21,8,0,8,29
09/20/2021,STC,MN,AGL,CE,Federal Contract Tower,0,0,9,0,9,0,0,2,0,2,0,0,11,0,11,20,0,20,31
09/21/2021,STC,MN,AGL,CE,Federal Contract Tower,0,1,23,0,24,0,0,65,2,67,0,1,88,2,91,118,0,118,209
09/22/2021,STC,MN,AGL,CE,Federal Contract Tower,2,2,6,0,10,0,0,53,14,67,2,2,59,14,77,130,18,148,225
09/23/2021,STC,MN,AGL,CE,Federal Contract Tower,0,4,12,0,16,0,0,82,8,90,0,4,94,8,106,104,0,104,210
09/24/2021,STC,MN,AGL,CE,Federal Contract Tower,0,0,20,0,20,0,0,35,1,36,0,0,55,1,56,74,0,74,130
09/25/2021,STC,MN,AGL,CE,Federal Contract Tower,2,2,2,0,6,0,0,51,0,51,2,2,53,0,57,90,0,90,147
09/26/2021,STC,MN,AGL,CE,Federal Contract Tower,0,0,3,0,3,0,0,70,0,70,0,0,73,0,73,60,0,60,133
09/27/2021,STC,MN,AGL,CE,Federal Contract Tower,0,0,14,0,14,0,0,66,0,66,0,0,80,0,80,72,0,72,152
09/28/2021,STC,MN,AGL,CE,Federal Contract Tower,0,1,15,0,16,0,0,36,2,38,0,1,51,2,54,54,0,54,108
09/29/2021,STC,MN,AGL,CE,Federal Contract Tower,2,1,15,4,22,0,0,57,5,62,2,1,72,9,84,124,0,124,208
09/30/2021,STC,MN,AGL,CE,Federal Contract Tower,0,0,4,2,6,0,0,33,2,35,0,0,37,4,41,58,0,58,99
10/01/2021,STC,MN,AGL,CE,Federal Contract Tower,0,5,10,0,15,0,0,3,0,3,0,5,13,0,18,10,0,10,28
10/02/2021,STC,MN,AGL,CE,Federal Contract Tower,2,0,25,0,27,0,2,7,0,9,2,2,32,0,36,36,0,36,72
10/03/2021,STC,MN,AGL,CE,Federal Contract Tower,0,3,11,0,14,0,0,59,0,59,0,3,70,0,73,68,0,68,141
10/04/2021,STC,MN,AGL,CE,Federal Contract Tower,0,4,15,0,19,0,0,41,0,41,0,4,56,0,60,62,0,62,122
10/05/2021,STC,MN,AGL,CE,Federal Contract Tower,0,2,9,3,14,0,0,60,10,70,0,2,69,13,84,86,0,86,170
10/06/2021,STC,MN,AGL,CE,Federal Contract Tower,2,3,13,1,19,0,6,72,8,86,2,9,85,9,105,108,38,146,251
10/07/2021,STC,MN,AGL,CE,Federal Contract Tower,2,4,11,3,20,0,1,32,7,40,2,5,43,10,60,138,12,150,210
10/08/2021,STC,MN,AGL,CE,Federal Contract Tower,0,0,31,0,31,0,0,18,0,18,0,0,49,0,49,82,0,82,131
10/09/2021,STC,MN,AGL,CE,Federal Contract Tower,2,0,5,0,7,0,2,37,0,39,2,2,42,0,46,80,0,80,126
10/10/2021,STC,MN,AGL,CE,Federal Contract Tower,0,0,8,0,8,0,0,10,0,10,0,0,18,0,18,44,0,44,62
10/11/2021,STC,MN,AGL,CE,Federal Contract Tower,0,2,15,0,17,0,0,42,0,42,0,2,57,0,59,40,0,40,99
10/12/2021,STC,MN,AGL,CE,Federal Contract Tower,0,5,14,1,20,0,0,23,0,23,0,5,37,1,43,36,0,36,79
10/13/2021,STC,MN,AGL,CE,Federal Contract Tower,2,0,6,0,8,0,2,0,8,10,2,2,6,8,18,0,0,0,18
10/14/2021,STC,MN,AGL,CE,Federal Contract Tower,0,2,11,1,14,0,0,14,10,24,0,2,25,11,38,34,0,34,72
10/15/2021,STC,MN,AGL,CE,Federal Contract Tower,0,0,10,0,10,0,0,38,0,38,0,0,48,0,48,86,0,86,134
10/16/2021,STC,MN,AGL,CE,Federal Contract Tower,2,0,9,0,11,0,2,54,0,56,2,2,63,0,67,84,0,84,151
10/17/2021,STC,MN,AGL,CE,Federal Contract Tower,0,1,12,0,13,0,0,100,0,100,0,1,112,0,113,94,0,94,207
10/18/2021,STC,MN,AGL,CE,Federal Contract Tower,0,2,7,0,9,0,0,47,0,47,0,2,54,0,56,52,0,52,108
10/19/2021,STC,MN,AGL,CE,Federal Contract Tower,0,4,14,0,18,0,2,80,13,95,0,6,94,13,113,118,58,176,289
10/20/2021,STC,MN,AGL,CE,Federal Contract Tower,2,1,10,0,13,0,0,3,0,3,2,1,13,0,16,14,0,14,30
10/21/2021,STC,MN,AGL,CE,Federal Contract Tower,0,1,17,0,18,0,0,46,26,72,0,1,63,26,90,84,14,98,188
10/22/2021,STC,MN,AGL,CE,Federal Contract Tower,0,0,15,0,15,0,0,84,0,84,0,0,99,0,99,102,0,102,201
10/23/2021,STC,MN,AGL,CE,Federal Contract Tower,2,0,6,0,8,0,4,58,8,70,2,4,64,8,78,68,0,68,146
10/24/2021,STC,MN,AGL,CE,Federal Contract Tower,0,0,8,0,8,0,0,26,0,26,0,0,34,0,34,16,0,16,50
10/25/2021,STC,MN,AGL,CE,Federal Contract Tower,0,1,11,0,12,0,1,40,0,41,0,2,51,0,53,106,0,106,159
10/26/2021,STC,MN,AGL,CE,Federal Contract Tower,0,1,7,1,9,0,0,24,14,38,0,1,31,15,47,54,4,58,105
10/27/2021,STC,MN,AGL,CE,Federal Contract Tower,2,0,19,0,21,0,0,0,6,6,2,0,19,6,27,0,34,34,61
10/28/2021,STC,MN,AGL,CE,Federal Contract Tower,0,2,15,2,19,0,0,3,3,6,0,2,18,5,25,4,2,6,31
10/29/2021,STC,MN,AGL,CE,Federal Contract Tower,0,0,11,2,13,0,2,58,1,61,0,2,69,3,74,46,0,46,120
10/30/2021,STC,MN,AGL,CE,Federal Contract Tower,2,0,8,0,10,0,0,42,0,42,2,0,50,0,52,34,0,34,86
10/31/2021,STC,MN,AGL,CE,Federal Contract Tower,0,0,4,0,4,0,2,19,0,21,0,2,23,0,25,42,0,42,67
11/01/2021,STC,MN,AGL,CE,Federal Contract Tower,0,0,12,0,12,0,0,32,0,32,0,0,44,0,44,132,0,132,176
11/02/2021,STC,MN,AGL,CE,Federal Contract Tower,0,4,12,0,16,0,2,37,12,51,0,6,49,12,67,120,12,132,199
11/03/2021,STC,MN,AGL,CE,Federal Contract Tower,2,4,10,0,16,0,3,36,18,57,2,7,46,18,73,54,42,96,169
11/04/2021,STC,MN,AGL,CE,Federal Contract Tower,1,0,13,0,14,0,0,15,19,34,1,0,28,19,48,26,18,44,92
11/05/2021,STC,MN,AGL,CE,Federal Contract Tower,0,0,5,0,5,0,0,16,4,20,0,0,21,4,25,0,0,0,25
11/06/2021,STC,MN,AGL,CE,Federal Contract Tower,2,1,8,0,11,0,0,45,0,45,2,1,53,0,56,90,0,90,146
11/07/2021,STC,MN,AGL,CE,Federal Contract Tower,2,1,8,0,11,0,0,28,0,28,2,1,36,0,39,44,0,44,83
11/08/2021,STC,MN,AGL,CE,Federal Contract Tower,0,3,6,0,9,0,0,34,0,34,0,3,40,0,43,42,0,42,85
11/09/2021,STC,MN,AGL,CE,Federal Contract Tower,0,0,17,2,19,0,0,53,13,66,0,0,70,15,85,48,24,72,157
11/10/2021,STC,MN,AGL,CE,Federal Contract Tower,2,0,6,0,8,0,0,13,5,18,2,0,19,5,26,16,0,16,42
11/11/2021,STC,MN,AGL,CE,Federal Contract Tower,0,0,12,0,12,0,0,1,0,1,0,0,13,0,13,0,0,0,13
11/12/2021,STC,MN,AGL,CE,Federal Contract Tower,0,0,9,0,9,0,0,0,0,0,0,0,9,0,9,0,0,0,9
11/13/2021,STC,MN,AGL,CE,Federal Contract Tower,2,0,3,0,5,0,0,2,0,2,2,0,5,0,7,20,0,20,27
11/14/2021,STC,MN,AGL,CE,Federal Contract Tower,0,0,10,0,10,0,1,18,0,19,0,1,28,0,29,20,0,20,49
11/15/2021,STC,MN,AGL,CE,Federal Contract Tower,0,0,12,0,12,0,0,22,0,22,0,0,34,0,34,38,0,38,72
11/16/2021,STC,MN,AGL,CE,Federal Contract Tower,0,0,6,3,9,0,0,28,17,45,0,0,34,20,54,38,32,70,124
11/17/2021,STC,MN,AGL,CE,Federal Contract Tower,2,2,9,3,16,0,0,10,4,14,2,2,19,7,30,0,38,38,68
11/18/2021,STC,MN,AGL,CE,Federal Contract Tower,0,0,17,2,19,0,0,20,15,35,0,0,37,17,54,10,0,10,64
11/19/2021,STC,MN,AGL,CE,Federal Contract Tower,0,1,12,0,13,0,0,30,4,34,0,1,42,4,47,28,0,28,75
11/20/2021,STC,MN,AGL,CE,Federal Contract Tower,2,2,8,0,12,0,4,85,21,110,2,6,93,21,122,60,80,140,262
11/21/2021,STC,MN,AGL,CE,Federal Contract Tower,0,0,9,0,9,0,0,2,0,2,0,0,11,0,11,0,0,0,11
11/22/2021,STC,MN,AGL,CE,Federal Contract Tower,0,3,4,6,13,0,9,32,7,48,0,12,36,13,61,50,10,60,121
11/23/2021,STC,MN,AGL,CE,Federal Contract Tower,2,0,12,0,14,0,0,32,2,34,2,0,44,2,48,34,0,34,82
11/24/2021,STC,MN,AGL,CE,Federal Contract Tower,0,0,4,0,4,0,4,26,3,33,0,4,30,3,37,26,0,26,63
11/25/2021,STC,MN,AGL,CE,Federal Contract Tower,1,0,1,0,2,0,0,26,0,26,1,0,27,0,28,8,0,8,36
11/26/2021,STC,MN,AGL,CE,Federal Contract Tower,1,0,2,0,3,0,0,72,0,72,1,0,74,0,75,52,0,52,127
11/27/2021,STC,MN,AGL,CE,Federal Contract Tower,4,0,0,0,4,0,0,16,0,16,4,0,16,0,20,10,0,10,30
11/28/2021,STC,MN,AGL,CE,Federal Contract Tower,0,1,4,0,5,0,4,64,0,68,0,5,68,0,73,26,0,26,99
11/29/2021,STC,MN,AGL,CE,Federal Contract Tower,0,4,2,0,6,0,0,48,0,48,0,4,50,0,54,54,0,54,108
11/30/2021,STC,MN,AGL,CE,Federal Contract Tower,0,0,11,2,13,0,0,34,17,51,0,0,45,19,64,18,10,28,92
12/01/2021,STC,MN,AGL,CE,Federal Contract Tower,0,4,11,1,16,0,4,33,9,46,0,8,44,10,62,40,10,50,112
12/02/2021,STC,MN,AGL,CE,Federal Contract Tower,0,0,17,0,17,0,0,46,9,55,0,0,63,9,72,64,8,72,144
12/03/2021,STC,MN,AGL,CE,Federal Contract Tower,0,0,1,7,8,0,0,19,1,20,0,0,20,8,28,12,6,18,46
12/04/2021,STC,MN,AGL,CE,Federal Contract Tower,2,1,7,0,10,0,0,45,0,45,2,1,52,0,55,62,0,62,117
12/05/2021,STC,MN,AGL,CE,Federal Contract Tower,0,1,3,0,4,0,0,1,0,1,0,1,4,0,5,0,0,0,5
12/06/2021,STC,MN,AGL,CE,Federal Contract Tower,1,1,11,0,13,0,0,7,0,7,1,1,18,0,20,8,0,8,28
12/07/2021,STC,MN,AGL,CE,Federal Contract Tower,0,0,13,0,13,0,0,8,10,18,0,0,21,10,31,14,92,106,137
12/08/2021,STC,MN,AGL,CE,Federal Contract Tower,0,0,16,5,21,0,2,39,14,55,0,2,55,19,76,98,36,134,210
12/09/2021,STC,MN,AGL,CE,Federal Contract Tower,0,0,10,0,10,0,0,32,12,44,0,0,42,12,54,82,18,100,154
12/10/2021,STC,MN,AGL,CE,Federal Contract Tower,2,0,6,0,8,0,0,16,0,16,2,0,22,0,24,18,0,18,42
12/11/2021,STC,MN,AGL,CE,Federal Contract Tower,2,0,6,0,8,0,0,51,0,51,2,0,57,0,59,66,0,66,125
12/12/2021,STC,MN,AGL,CE,Federal Contract Tower,0,0,4,0,4,0,3,51,0,54,0,3,55,0,58,30,0,30,88
12/13/2021,STC,MN,AGL,CE,Federal Contract Tower,0,1,9,1,11,0,5,63,0,68,0,6,72,1,79,40,0,40,119
12/14/2021,STC,MN,AGL,CE,Federal Contract Tower,0,3,10,2,15,0,4,45,10,59,0,7,55,12,74,40,0,40,114
12/15/2021,STC,MN,AGL,CE,Federal Contract Tower,4,2,4,0,10,0,0,6,2,8,4,2,10,2,18,2,6,8,26
12/16/2021,STC,MN,AGL,CE,Federal Contract Tower,0,2,11,3,16,0,0,15,5,20,0,2,26,8,36,8,16,24,60
12/17/2021,STC,MN,AGL,CE,Federal Contract Tower,0,0,9,0,9,0,0,31,2,33,0,0,40,2,42,24,0,24,66
12/18/2021,STC,MN,AGL,CE,Federal Contract Tower,4,0,2,0,6,0,0,24,0,24,4,0,26,0,30,12,0,12,42
12/19/2021,STC,MN,AGL,CE,Federal Contract Tower,0,1,5,0,6,2,6,0,0,8,2,7,5,0,14,0,0,0,14
12/20/2021,STC,MN,AGL,CE,Federal Contract Tower,0,3,13,0,16,0,3,18,2,23,0,6,31,2,39,50,0,50,89
12/21/2021,STC,MN,AGL,CE,Federal Contract Tower,0,0,4,1,5,0,0,9,11,20,0,0,13,12,25,10,0,10,35
12/22/2021,STC,MN,AGL,CE,Federal Contract Tower,4,10,6,1,21,0,2,50,13,65,4,12,56,14,86,116,0,116,202
12/23/2021,STC,MN,AGL,CE,Federal Contract Tower,0,5,9,0,14,0,0,75,0,75,0,5,84,0,89,60,0,60,149
12/24/2021,STC,MN,AGL,CE,Federal Contract Tower,0,0,0,0,0,0,2,26,0,28,0,2,26,0,28,10,0,10,38
12/25/2021,STC,MN,AGL,CE,Federal Contract Tower,4,0,1,0,5,0,0,2,0,2,4,0,3,0,7,0,0,0,7
12/26/2021,STC,MN,AGL,CE,Federal Contract Tower,0,0,5,0,5,0,0,18,0,18,0,0,23,0,23,36,0,36,59
12/27/2021,STC,MN,AGL,CE,Federal Contract Tower,0,2,4,2,8,0,0,7,0,7,0,2,11,2,15,0,0,0,15
12/28/2021,STC,MN,AGL,CE,Federal Contract Tower,0,0,2,0,2,0,0,2,0,2,0,0,4,0,4,4,0,4,8
12/29/2021,STC,MN,AGL,CE,Federal Contract Tower,4,2,4,4,14,0,0,33,10,43,4,2,37,14,57,16,14,30,87
12/30/2021,STC,MN,AGL,CE,Federal Contract Tower,0,2,4,5,11,0,0,3,0,3,0,2,7,5,14,4,0,4,18
12/31/2021,STC,MN,AGL,CE,Federal Contract Tower,0,0,2,0,2,0,0,6,0,6,0,0,8,0,8,12,0,12,20
01/01/2022,STC,MN,AGL,CE,Federal Contract Tower,4,0,2,0,6,0,0,0,0,0,4,0,2,0,6,0,0,0,6
01/02/2022,STC,MN,AGL,CE,Federal Contract Tower,0,0,4,0,4,0,3,8,0,11,0,3,12,0,15,0,0,0,15
01/03/2022,STC,MN,AGL,CE,Federal Contract Tower,0,3,7,0,10,0,2,51,0,53,0,5,58,0,63,68,0,68,131
01/04/2022,STC,MN,AGL,CE,Federal Contract Tower,0,0,15,2,17,0,0,20,2,22,0,0,35,4,39,22,32,54,93
01/05/2022,STC,MN,AGL,CE,Federal Contract Tower,2,0,2,0,4,0,0,0,0,0,2,0,2,0,4,0,0,0,4
01/06/2022,STC,MN,AGL,CE,Federal Contract Tower,2,1,13,4,20,0,0,9,18,27,2,1,22,22,47,0,40,40,87
01/07/2022,STC,MN,AGL,CE,Federal Contract Tower,0,0,6,0,6,0,0,12,0,12,0,0,18,0,18,4,0,4,22
01/08/2022,STC,MN,AGL,CE,Federal Contract Tower,2,0,2,1,5,0,3,18,16,37,2,3,20,17,42,34,38,72,114
01/09/2022,STC,MN,AGL,CE,Federal Contract Tower,2,1,5,0,8,0,5,8,4,17,2,6,13,4,25,4,8,12,37
01/10/2022,STC,MN,AGL,CE,Federal Contract Tower,0,5,6,3,14,0,0,13,0,13,0,5,19,3,27,12,0,12,39
01/11/2022,STC,MN,AGL,CE,Federal Contract Tower,0,3,6,3,12,0,1,48,19,68,0,4,54,22,80,52,28,80,160
01/12/2022,STC,MN,AGL,CE,Federal Contract Tower,2,0,5,1,8,0,2,48,6,56,2,2,53,7,64,46,16,62,126
01/13/2022,STC,MN,AGL,CE,Federal Contract Tower,2,1,5,2,10,0,0,7,11,18,2,1,12,13,28,2,4,6,34
01/14/2022,STC,MN,AGL,CE,Federal Contract Tower,0,0,9,0,9,0,0,3,0,3,0,0,12,0,12,0,0,0,12
01/15/2022,STC,MN,AGL,CE,Federal Contract Tower,2,2,1,0,5,0,4,35,0,39,2,6,36,0,44,72,0,72,116
01/16/2022,STC,MN,AGL,CE,Federal Contract Tower,2,3,0,0,5,0,0,16,0,16,2,3,16,0,21,12,0,12,33
01/17/2022,STC,MN,AGL,CE,Federal Contract Tower,0,0,11,0,11,0,1,21,0,22,0,1,32,0,33,28,0,28,61
01/18/2022,STC,MN,AGL,CE,Federal Contract Tower,0,0,11,1,12,0,4,16,0,20,0,4,27,1,32,38,0,38,70
01/19/2022,STC,MN,AGL,CE,Federal Contract Tower,2,1,9,0,12,0,0,21,13,34,2,1,30,13,46,14,40,54,100
01/20/2022,STC,MN,AGL,CE,Federal Contract Tower,2,0,7,1,10,0,0,13,9,22,2,0,20,10,32,10,0,10,42
01/21/2022,STC,MN,AGL,CE,Federal Contract Tower,0,0,4,2,6,0,0,8,5,13,0,0,12,7,19,0,0,0,19
01/22/2022,STC,MN,AGL,CE,Federal Contract Tower,2,0,4,0,6,0,0,13,0,13,2,0,17,0,19,20,0,20,39
01/23/2022,STC,MN,AGL,CE,Federal Contract Tower,4,0,0,0,4,0,0,5,0,5,4,0,5,0,9,2,0,2,11
01/24/2022,STC,MN,AGL,CE,Federal Contract Tower,0,4,5,0,9,0,4,37,0,41,0,8,42,0,50,20,0,20,70
01/25/2022,STC,MN,AGL,CE,Federal Contract Tower,0,1,11,1,13,0,2,15,9,26,0,3,26,10,39,22,0,22,61
01/26/2022,STC,MN,AGL,CE,Federal Contract Tower,2,1,4,2,9,0,2,5,10,17,2,3,9,12,26,22,0,22,48
01/27/2022,STC,MN,AGL,CE,Federal Contract Tower,4,6,14,1,25,0,0,29,11,40,4,6,43,12,65,26,0,26,91
01/28/2022,STC,MN,AGL,CE,Federal Contract Tower,6,3,13,0,22,0,0,23,0,23,6,3,36,0,45,78,0,78,123
01/29/2022,STC,MN,AGL,CE,Federal Contract Tower,2,2,1,0,5,0,0,55,0,55,2,2,56,0,60,92,0,92,152
01/30/2022,STC,MN,AGL,CE,Federal Contract Tower,2,2,0,0,4,0,5,28,0,33,2,7,28,0,37,40,0,40,77
01/31/2022,STC,MN,AGL,CE,Federal Contract Tower,0,2,10,1,13,0,7,37,0,44,0,9,47,1,57,54,0,54,111
02/01/2022,STC,MN,AGL,CE,Federal Contract Tower,0,2,4,1,7,0,0,0,4,4,0,2,4,5,11,0,0,0,11
02/02/2022,STC,MN,AGL,CE,Federal Contract Tower,2,2,8,2,14,0,6,27,3,36,2,8,35,5,50,26,2,28,78
02/03/2022,STC,MN,AGL,CE,Federal Contract Tower,2,5,8,3,18,0,21,33,12,66,2,26,41,15,84,10,4,14,98
02/04/2022,STC,MN,AGL,CE,Federal Contract Tower,0,3,11,2,16,0,2,23,6,31,0,5,34,8,47,36,2,38,85
02/05/2022,STC,MN,AGL,CE,Federal Contract Tower,2,0,0,0,2,0,0,10,0,10,2,0,10,0,12,18,0,18,30
02/06/2022,STC,MN,AGL,CE,Federal Contract Tower,2,0,0,0,2,0,4,7,0,11,2,4,7,0,13,26,0,26,39
02/07/2022,STC,MN,AGL,CE,Federal Contract Tower,0,3,10,0,13,0,0,40,0,40,0,3,50,0,53,44,0,44,97
02/08/2022,STC,MN,AGL,CE,Federal Contract Tower,0,0,6,0,6,0,0,48,6,54,0,0,54,6,60,56,0,56,116
02/09/2022,STC,MN,AGL,CE,Federal Contract Tower,2,2,7,0,11,0,0,0,8,8,2,2,7,8,19,0,0,0,19
02/10/2022,STC,MN,AGL,CE,Federal Contract Tower,2,2,4,0,8,0,0,15,0,15,2,2,19,0,23,36,0,36,59
02/11/2022,STC,MN,AGL,CE,Federal Contract Tower,0,2,7,0,9,0,0,0,9,9,0,2,7,9,18,0,22,22,40
02/12/2022,STC,MN,AGL,CE,Federal Contract Tower,2,1,4,1,8,0,0,30,22,52,2,1,34,23,60,4,0,4,64
02/13/2022,STC,MN,AGL,CE,Federal Contract Tower,2,1,1,0,4,0,2,16,0,18,2,3,17,0,22,10,0,10,32
02/14/2022,STC,MN,AGL,CE,Federal Contract Tower,0,0,5,0,5,0,0,31,0,31,0,0,36,0,36,70,0,70,106
02/15/2022,STC,MN,AGL,CE,Federal Contract Tower,0,0,4,1,5,0,2,26,8,36,0,2,30,9,41,42,4,46,87
02/16/2022,STC,MN,AGL,CE,Federal Contract Tower,2,0,14,3,19,0,0,34,10,44,2,0,48,13,63,58,28,86,149
02/17/2022,STC,MN,AGL,CE,Federal Contract Tower,2,2,6,3,13,0,0,39,3,42,2,2,45,6,55,128,0,128,183
02/18/2022,STC,MN,AGL,CE,Federal Contract Tower,2,4,5,0,11,0,0,0,0,0,2,4,5,0,11,0,0,0,11
02/19/2022,STC,MN,AGL,CE,Federal Contract Tower,2,3,3,0,8,0,0,28,0,28,2,3,31,0,36,20,0,20,56
02/20/2022,STC,MN,AGL,CE,Federal Contract Tower,2,4,4,0,10,0,4,34,0,38,2,8,38,0,48,40,0,40,88
02/21/2022,STC,MN,AGL,CE,Federal Contract Tower,2,0,6,0,8,0,0,0,0,0,2,0,6,0,8,0,0,0,8
02/22/2022,STC,MN,AGL,CE,Federal Contract Tower,0,0,6,0,6,0,0,0,0,0,0,0,6,0,6,0,0,0,6
02/23/2022,STC,MN,AGL,CE,Federal Contract Tower,2,0,13,4,19,0,6,36,8,50,2,6,49,12,69,44,14,58,127
02/24/2022,STC,MN,AGL,CE,Federal Contract Tower,2,3,6,0,11,0,0,13,2,15,2,3,19,2,26,38,0,38,64
02/25/2022,STC,MN,AGL,CE,Federal Contract Tower,2,5,13,1,21,0,3,43,2,48,2,8,56,3,69,104,0,104,173
02/26/2022,STC,MN,AGL,CE,Federal Contract Tower,2,2,1,0,5,0,0,13,0,13,2,2,14,0,18,20,0,20,38
02/27/2022,STC,MN,AGL,CE,Federal Contract Tower,2,1,6,0,9,0,11,49,0,60,2,12,55,0,69,54,0,54,123
02/28/2022,STC,MN,AGL,CE,Federal Contract Tower,2,3,5,1,11,0,16,42,0,58,2,19,47,1,69,36,0,36,105
03/01/2022,STC,MN,AGL,CE,Federal Contract Tower,0,7,9,1,17,0,3,30,8,41,0,10,39,9,58,90,2,92,150
03/02/2022,STC,MN,AGL,CE,Federal Contract Tower,2,4,8,1,15,0,3,18,17,38,2,7,26,18,53,90,4,94,147
03/03/2022,STC,MN,AGL,CE,Federal Contract Tower,2,6,15,2,25,0,0,49,4,53,2,6,64,6,78,80,8,88,166
03/04/2022,STC,MN,AGL,CE,Federal Contract Tower,2,1,5,0,8,0,0,26,2,28,2,1,31,2,36,56,0,56,92
03/05/2022,STC,MN,AGL,CE,Federal Contract Tower,2,0,0,0,2,0,0,0,0,0,2,0,0,0,2,0,0,0,2
03/06/2022,STC,MN,AGL,CE,Federal Contract Tower,1,0,4,0,5,0,4,15,0,19,1,4,19,0,24,0,0,0,24
03/07/2022,STC,MN,AGL,CE,Federal Contract Tower,3,6,9,0,18,0,0,65,0,65,3,6,74,0,83,32,0,32,115
03/08/2022,STC,MN,AGL,CE,Federal Contract Tower,2,1,0,2,5,0,0,12,7,19,2,1,12,9,24,40,8,48,72
03/09/2022,STC,MN,AGL,CE,Federal Contract Tower,2,3,8,0,13,0,2,17,10,29,2,5,25,10,42,22,8,30,72
03/10/2022,STC,MN,AGL,CE,Federal Contract Tower,2,2,12,3,19,0,0,45,3,48,2,2,57,6,67,78,0,78,145
03/11/2022,STC,MN,AGL,CE,Federal Contract Tower,3,0,7,0,10,0,1,5,3,9,3,1,12,3,19,14,0,14,33
03/12/2022,STC,MN,AGL,CE,Federal Contract Tower,2,2,0,0,4,0,3,34,0,37,2,5,34,0,41,40,0,40,81
03/13/2022,STC,MN,AGL,CE,Federal Contract Tower,2,0,3,0,5,0,0,47,0,47,2,0,50,0,52,50,0,50,102
03/14/2022,STC,MN,AGL,CE,Federal Contract Tower,4,0,7,2,13,0,0,18,0,18,4,0,25,2,31,52,0,52,83
03/15/2022,STC,MN,AGL,CE,Federal Contract Tower,2,5,10,3,20,0,0,42,9,51,2,5,52,12,71,66,0,66,137
03/16/2022,STC,MN,AGL,CE,Federal Contract Tower,2,1,11,0,14,0,0,51,19,70,2,1,62,19,84,62,30,92,176
03/17/2022,STC,MN,AGL,CE,Federal Contract Tower,2,3,10,1,16,0,0,28,7,35,2,3,38,8,51,34,0,34,85
03/18/2022,STC,MN,AGL,CE,Federal Contract Tower,2,6,11,0,19,0,0,49,9,58,2,6,60,9,77,52,0,52,129
03/19/2022,STC,MN,AGL,CE,Federal Contract Tower,2,0,11,0,13,0,2,62,0,64,2,2,73,0,77,46,0,46,123
03/20/2022,STC,MN,AGL,CE,Federal Contract Tower,2,2,8,0,12,0,0,35,4,39,2,2,43,4,51,20,0,20,71
03/21/2022,STC,MN,AGL,CE,Federal Contract Tower,2,4,12,0,18,0,2,26,0,28,2,6,38,0,46,26,0,26,72
03/22/2022,STC,MN,AGL,CE,Federal Contract Tower,2,0,5,0,7,0,0,0,0,0,2,0,5,0,7,0,0,0,7
03/23/2022,STC,MN,AGL,CE,Federal Contract Tower,3,0,8,1,12,0,0,0,1,1,3,0,8,2,13,0,0,0,13
03/24/2022,STC,MN,AGL,CE,Federal Contract Tower,2,0,10,1,13,0,4,32,4,40,2,4,42,5,53,80,4,84,137
03/25/2022,STC,MN,AGL,CE,Federal Contract Tower,2,0,7,1,10,0,0,1,1,2,2,0,8,2,12,0,0,0,12
03/26/2022,STC,MN,AGL,CE,Federal Contract Tower,4,3,6,0,13,0,0,11,0,11,4,3,17,0,24,6,0,6,30
03/27/2022,STC,MN,AGL,CE,Federal Contract Tower,2,7,4,0,13,0,10,51,0,61,2,17,55,0,74,100,0,100,174
03/28/2022,STC,MN,AGL,CE,Federal Contract Tower,2,0,13,0,15,0,0,39,0,39,2,0,52,0,54,16,0,16,70
03/29/2022,STC,MN,AGL,CE,Federal Contract Tower,0,2,11,0,13,0,0,9,6,15,0,2,20,6,28,14,0,14,42
03/30/2022,STC,MN,AGL,CE,Federal Contract Tower,2,0,8,2,12,0,0,0,0,0,2,0,8,2,12,0,0,0,12
03/31/2022,STC,MN,AGL,CE,Federal Contract Tower,2,1,11,0,14,0,1,13,8,22,2,2,24,8,36,48,46,94,130
04/01/2022,STC,MN,AGL,CE,Federal Contract Tower,2,2,7,0,11,0,2,45,2,49,2,4,52,2,60,34,0,34,94
04/02/2022,STC,MN,AGL,CE,Federal Contract Tower,2,3,3,0,8,0,0,18,0,18,2,3,21,0,26,20,0,20,46
04/03/2022,STC,MN,AGL,CE,Federal Contract Tower,2,0,10,0,12,0,0,12,0,12,2,0,22,0,24,20,0,20,44
04/04/2022,STC,MN,AGL,CE,Federal Contract Tower,2,2,3,0,7,0,2,43,0,45,2,4,46,0,52,42,0,42,94
04/05/2022,STC,MN,AGL,CE,Federal Contract Tower,0,0,5,1,6,0,0,2,0,2,0,0,7,1,8,0,0,0,8
04/06/2022,STC,MN,AGL,CE,Federal Contract Tower,2,0,7,0,9,0,0,0,0,0,2,0,7,0,9,0,0,0,9
04/07/2022,STC,MN,AGL,CE,Federal Contract Tower,0,0,11,2,13,0,0,0,1,1,0,0,11,3,14,0,18,18,32
04/08/2022,STC,MN,AGL,CE,Federal Contract Tower,2,9,13,0,24,0,16,31,6,53,2,25,44,6,77,32,4,36,113
04/09/2022,STC,MN,AGL,CE,Federal Contract Tower,0,5,5,0,10,0,5,98,14,117,0,10,103,14,127,146,34,180,307
04/10/2022,STC,MN,AGL,CE,Federal Contract Tower,0,4,2,0,6,0,2,17,7,26,0,6,19,7,32,8,6,14,46
04/11/2022,STC,MN,AGL,CE,Federal Contract Tower,2,5,16,1,24,0,5,47,0,52,2,10,63,1,76,64,0,64,140
04/12/2022,STC,MN,AGL,CE,Federal Contract Tower,0,0,4,7,11,0,0,6,2,8,0,0,10,9,19,20,0,20,39
04/13/2022,STC,MN,AGL,CE,Federal Contract Tower,2,3,9,3,17,0,0,17,6,23,2,3,26,9,40,26,14,40,80
04/14/2022,STC,MN,AGL,CE,Federal Contract Tower,0,0,13,0,13,0,0,1,0,1,0,0,14,0,14,0,0,0,14
04/15/2022,STC,MN,AGL,CE,Federal Contract Tower,2,1,7,0,10,0,0,27,4,31,2,1,34,4,41,14,0,14,55
04/16/2022,STC,MN,AGL,CE,Federal Contract Tower,0,2,3,0,5,0,0,33,0,33,0,2,36,0,38,40,0,40,78
04/17/2022,STC,MN,AGL,CE,Federal Contract Tower,0,0,0,0,0,0,0,15,0,15,0,0,15,0,15,4,0,4,19
04/18/2022,STC,MN,AGL,CE,Federal Contract Tower,2,5,6,0,13,0,0,7,0,7,2,5,13,0,20,20,0,20,40
04/19/2022,STC,MN,AGL,CE,Federal Contract Tower,0,9,12,0,21,0,2,80,15,97,0,11,92,15,118,104,20,124,242
04/20/2022,STC,MN,AGL,CE,Federal Contract Tower,0,4,9,3,16,0,0,2,4,6,0,4,11,7,22,0,4,4,26
04/21/2022,STC,MN,AGL,CE,Federal Contract Tower,1,8,11,0,20,0,10,78,13,101,1,18,89,13,121,74,50,124,245
04/22/2022,STC,MN,AGL,CE,Federal Contract Tower,2,0,13,0,15,0,0,2,2,4,2,0,15,2,19,0,0,0,19
04/23/2022,STC,MN,AGL,CE,Federal Contract Tower,0,3,5,0,8,0,7,2,0,9,0,10,7,0,17,0,0,0,17
04/24/2022,STC,MN,AGL,CE,Federal Contract Tower,2,0,10,0,12,0,0,1,0,1,2,0,11,0,13,0,0,0,13
04/25/2022,STC,MN,AGL,CE,Federal Contract Tower,2,4,15,0,21,0,2,14,1,17,2,6,29,1,38,16,4,20,58
04/26/2022,STC,MN,AGL,CE,Federal Contract Tower,0,5,4,5,14,0,0,51,7,58,0,5,55,12,72,128,2,130,202
04/27/2022,STC,MN,AGL,CE,Federal Contract Tower,0,6,12,4,22,0,3,69,24,96,0,9,81,28,118,144,44,188,306
04/28/2022,STC,MN,AGL,CE,Federal Contract Tower,0,4,12,0,16,0,0,35,9,44,0,4,47,9,60,54,0,54,114
04/29/2022,STC,MN,AGL,CE,Federal Contract Tower,2,1,8,1,12,0,0,11,0,11,2,1,19,1,23,20,0,20,43
04/30/2022,STC,MN,AGL,CE,Federal Contract Tower,0,3,7,0,10,0,0,0,0,0,0,3,7,0,10,0,0,0,10
05/01/2022,STC,MN,AGL,CE,Federal Contract Tower,0,0,8,0,8,0,0,0,0,0,0,0,8,0,8,0,0,0,8
05/02/2022,STC,MN,AGL,CE,Federal Contract Tower,2,2,2,2,8,0,1,25,4,30,2,3,27,6,38,60,0,60,98
05/03/2022,STC,MN,AGL,CE,Federal Contract Tower,0,6,5,0,11,0,2,69,9,80,0,8,74,9,91,128,2,130,221
05/04/2022,STC,MN,AGL,CE,Federal Contract Tower,0,8,8,1,17,0,1,76,8,85,0,9,84,9,102,106,0,106,208
05/05/2022,STC,MN,AGL,CE,Federal Contract Tower,0,5,10,1,16,0,1,57,4,62,0,6,67,5,78,98,0,98,176
05/06/2022,STC,MN,AGL,CE,Federal Contract Tower,0,3,9,0,12,0,3,57,5,65,0,6,66,5,77,56,0,56,133
05/07/2022,STC,MN,AGL,CE,Federal Contract Tower,0,0,5,0,5,0,0,23,0,23,0,0,28,0,28,28,0,28,56
05/08/2022,STC,MN,AGL,CE,Federal Contract Tower,2,6,11,0,19,0,0,1,0,1,2,6,12,0,20,0,0,0,20
05/09/2022,STC,MN,AGL,CE,Federal Contract Tower,0,2,6,0,8,0,0,3,4,7,0,2,9,4,15,0,0,0,15
05/10/2022,STC,MN,AGL,CE,Federal Contract Tower,0,4,20,0,24,0,0,104,9,113,0,4,124,9,137,104,6,110,247
05/11/2022,STC,MN,AGL,CE,Federal Contract Tower,0,0,4,0,4,0,0,14,2,16,0,0,18,2,20,18,0,18,38
05/12/2022,STC,MN,AGL,CE,Federal Contract Tower,0,2,10,0,12,0,0,12,0,12,0,2,22,0,24,8,0,8,32
05/13/2022,STC,MN,AGL,CE,Federal Contract Tower,0,3,5,0,8,0,4,50,7,61,0,7,55,7,69,50,0,50,119
05/14/2022,STC,MN,AGL,CE,Federal Contract Tower,0,2,2,0,4,0,2,55,13,70,0,4,57,13,74,46,112,158,232
05/15/2022,STC,MN,AGL,CE,Federal Contract Tower,0,0,1,0,1,0,0,38,0,38,0,0,39,0,39,38,0,38,77
05/16/2022,STC,MN,AGL,CE,Federal Contract Tower,0,6,6,0,12,0,2,58,5,65,0,8,64,5,77,22,0,22,99
05/17/2022,STC,MN,AGL,CE,Federal Contract Tower,0,1,16,0,17,0,2,49,6,57,0,3,65,6,74,52,4,56,130
05/18/2022,STC,MN,AGL,CE,Federal Contract Tower,0,1,31,0,32,0,0,33,11,44,0,1,64,11,76,34,0,34,110
05/19/2022,STC,MN,AGL,CE,Federal Contract Tower,0,0,15,0,15,0,0,37,7,44,0,0,52,7,59,30,0,30,89
05/20/2022,STC,MN,AGL,CE,Federal Contract Tower,0,5,10,0,15,0,0,21,2,23,0,5,31,2,38,8,0,8,46
05/21/2022,STC,MN,AGL,CE,Federal Contract Tower,0,0,5,0,5,0,2,125,4,131,0,2,130,4,136,74,16,90,226
05/22/2022,STC,MN,AGL,CE,Federal Contract Tower,0,1,3,0,4,0,2,46,2,50,0,3,49,2,54,58,0,58,112
05/23/2022,STC,MN,AGL,CE,Federal Contract Tower,0,6,11,1,18,0,2,56,9,67,0,8,67,10,85,32,0,32,117
05/24/2022,STC,MN,AGL,CE,Federal Contract Tower,0,4,5,0,9,0,0,67,23,90,0,4,72,23,99,104,8,112,211
05/25/2022,STC,MN,AGL,CE,Federal Contract Tower,0,1,15,3,19,0,0,1,3,4,0,1,16,6,23,0,0,0,23
05/26/2022,STC,MN,AGL,CE,Federal Contract Tower,0,2,20,1,23,0,8,35,1,44,0,10,55,2,67,78,0,78,145
05/27/2022,STC,MN,AGL,CE,Federal Contract Tower,0,2,18,0,20,0,4,63,2,69,0,6,81,2,89,80,0,80,169
05/28/2022,STC,MN,AGL,CE,Federal Contract Tower,0,1,3,0,4,0,2,31,0,33,0,3,34,0,37,36,0,36,73
05/29/2022,STC,MN,AGL,CE,Federal Contract Tower,0,1,5,0,6,0,0,0,0,0,0,1,5,0,6,0,0,0,6
05/30/2022,STC,MN,AGL,CE,Federal Contract Tower,0,0,3,0,3,0,0,1,0,1,0,0,4,0,4,0,0,0,4
05/31/2022,STC,MN,AGL,CE,Federal Contract Tower,0,1,8,0,9,0,0,7,0,7,0,1,15,0,16,2,0,2,18
06/01/2022,STC,MN,AGL,CE,Federal Contract Tower,0,3,14,2,19,0,0,53,9,62,0,3,67,11,81,68,0,68,149
06/02/2022,STC,MN,AGL,CE,Federal Contract Tower,0,4,11,0,15,0,2,25,8,35,0,6,36,8,50,26,0,26,76
06/03/2022,STC,MN,AGL,CE,Federal Contract Tower,0,1,1,1,3,0,1,57,0,58,0,2,58,1,61,86,0,86,147
06/04/2022,STC,MN,AGL,CE,Federal Contract Tower,0,2,6,0,8,0,2,38,0,40,0,4,44,0,48,16,0,16,64
06/05/2022,STC,MN,AGL,CE,Federal Contract Tower,0,1,2,0,3,0,2,58,0,60,0,3,60,0,63,48,0,48,111
06/06/2022,STC,MN,AGL,CE,Federal Contract Tower,0,8,8,0,16,0,0,41,1,42,0,8,49,1,58,98,0,98,156
06/07/2022,STC,MN,AGL,CE,Federal Contract Tower,0,1,5,1,7,0,0,70,15,85,0,1,75,16,92,86,32,118,210
06/08/2022,STC,MN,AGL,CE,Federal Contract Tower,0,4,9,0,13,0,2,55,5,62,0,6,64,5,75,58,0,58,133
06/09/2022,STC,MN,AGL,CE,Federal Contract Tower,0,1,26,1,28,0,4,65,16,85,0,5,91,17,113,86,26,112,225
06/10/2022,STC,MN,AGL,CE,Federal Contract Tower,0,0,6,0,6,0,0,45,7,52,0,0,51,7,58,42,12,54,112
06/11/2022,STC,MN,AGL,CE,Federal Contract Tower,0,0,4,0,4,0,0,18,16,34,0,0,22,16,38,28,62,90,128
06/12/2022,STC,MN,AGL,CE,Federal Contract Tower,0,1,6,0,7,0,2,18,0,20,0,3,24,0,27,60,0,60,87
06/13/2022,STC,MN,AGL,CE,Federal Contract Tower,0,1,4,1,6,0,1,6,1,8,0,2,10,2,14,2,0,2,16
06/14/2022,STC,MN,AGL,CE,Federal Contract Tower,0,4,14,0,18,0,1,20,20,41,0,5,34,20,59,46,6,52,111
06/15/2022,STC,MN,AGL,CE,Federal Contract Tower,0,5,9,0,14,0,0,30,19,49,0,5,39,19,63,38,20,58,121
06/16/2022,STC,MN,AGL,CE,Federal Contract Tower,0,0,8,0,8,0,0,8,15,23,0,0,16,15,31,4,0,4,35
06/17/2022,STC,MN,AGL,CE,Federal Contract Tower,0,3,8,0,11,0,5,88,6,99,0,8,96,6,110,96,0,96,206
06/18/2022,STC,MN,AGL,CE,Federal Contract Tower,0,0,2,0,2,0,4,64,0,68,0,4,66,0,70,26,0,26,96
06/19/2022,STC,MN,AGL,CE,Federal Contract Tower,0,0,3,0,3,0,0,7,0,7,0,0,10,0,10,10,0,10,20
06/20/2022,STC,MN,AGL,CE,Federal Contract Tower,0,1,6,0,7,0,0,29,0,29,0,1,35,0,36,14,0,14,50
06/21/2022,STC,MN,AGL,CE,Federal Contract Tower,0,2,20,0,22,0,0,34,0,34,0,2,54,0,56,52,0,52,108
06/22/2022,STC,MN,AGL,CE,Federal Contract Tower,0,2,11,2,15,0,0,75,16,91,0,2,86,18,106,92,2,94,200
06/23/2022,STC,MN,AGL,CE,Federal Contract Tower,0,6,14,0,20,0,0,35,8,43,0,6,49,8,63,50,0,50,113
06/24/2022,STC,MN,AGL,CE,Federal Contract Tower,0,0,9,0,9,0,0,34,6,40,0,0,43,6,49,44,0,44,93
06/25/2022,STC,MN,AGL,CE,Federal Contract Tower,0,1,10,2,13,0,3,13,4,20,0,4,23,6,33,30,0,30,63
06/26/2022,STC,MN,AGL,CE,Federal Contract Tower,0,1,16,0,17,0,2,12,0,14,0,3,28,0,31,10,0,10,41
06/27/2022,STC,MN,AGL,CE,Federal Contract Tower,0,2,11,0,13,0,6,55,2,63,0,8,66,2,76,116,0,116,192
06/28/2022,STC,MN,AGL,CE,Federal Contract Tower,0,0,21,3,24,0,0,49,12,61,0,0,70,15,85,130,2,132,217
06/29/2022,STC,MN,AGL,CE,Federal Contract Tower,0,0,8,0,8,0,0,26,6,32,0,0,34,6,40,4,6,10,50
06/30/2022,STC,MN,AGL,CE,Federal Contract Tower,0,7,3,2,12,0,1,25,10,36,0,8,28,12,48,36,8,44,92
07/01/2022,STC,MN,AGL,CE,Federal Contract Tower,0,0,5,0,5,0,0,44,0,44,0,0,49,0,49,26,0,26,75
07/02/2022,STC,MN,AGL,CE,Federal Contract Tower,0,0,4,0,4,0,0,34,0,34,0,0,38,0,38,40,0,40,78
07/03/2022,STC,MN,AGL,CE,Federal Contract Tower,0,0,5,0,5,0,0,14,0,14,0,0,19,0,19,14,0,14,33
07/04/2022,STC,MN,AGL,CE,Federal Contract Tower,0,3,10,0,13,0,0,8,0,8,0,3,18,0,21,6,0,6,27
07/05/2022,STC,MN,AGL,CE,Federal Contract Tower,0,0,13,2,15,0,0,9,0,9,0,0,22,2,24,26,0,26,50
07/06/2022,STC,MN,AGL,CE,Federal Contract Tower,0,1,13,1,15,0,1,3,7,11,0,2,16,8,26,6,20,26,52
07/07/2022,STC,MN,AGL,CE,Federal Contract Tower,0,2,5,1,8,0,6,25,4,35,0,8,30,5,43,58,0,58,101
07/08/2022,STC,MN,AGL,CE,Federal Contract Tower,0,3,7,0,10,0,11,63,2,76,0,14,70,2,86,108,0,108,194
07/09/2022,STC,MN,AGL,CE,Federal Contract Tower,0,1,10,0,11,0,8,56,0,64,0,9,66,0,75,130,0,130,205
07/10/2022,STC,MN,AGL,CE,Federal Contract Tower,0,0,5,0,5,0,0,7,0,7,0,0,12,0,12,20,0,20,32
07/11/2022,STC,MN,AGL,CE,Federal Contract Tower,0,6,16,1,23,0,0,32,0,32,0,6,48,1,55,36,0,36,91
07/12/2022,STC,MN,AGL,CE,Federal Contract Tower,0,3,9,0,12,0,3,34,8,45,0,6,43,8,57,66,12,78,135
07/13/2022,STC,MN,AGL,CE,Federal Contract Tower,0,5,10,1,16,0,1,45,12,58,0,6,55,13,74,30,0,30,104
07/14/2022,STC,MN,AGL,CE,Federal Contract Tower,0,1,9,1,11,0,0,46,10,56,0,1,55,11,67,50,50,100,167
07/15/2022,STC,MN,AGL,CE,Federal Contract Tower,0,6,12,0,18,0,4,91,2,97,0,10,103,2,115,92,0,92,207
07/16/2022,STC,MN,AGL,CE,Federal Contract Tower,0,3,9,0,12,0,1,43,6,50,0,4,52,6,62,84,0,84,146
07/17/2022,STC,MN,AGL,CE,Federal Contract Tower,0,5,12,0,17,0,2,52,2,56,0,7,64,2,73,30,0,30,103
07/18/2022,STC,MN,AGL,CE,Federal Contract Tower,0,3,17,1,21,0,2,37,2,41,0,5,54,3,62,52,0,52,114
07/19/2022,STC,MN,AGL,CE,Federal Contract Tower,0,0,15,2,17,0,0,15,9,24,0,0,30,11,41,8,10,18,59
07/20/2022,STC,MN,AGL,CE,Federal Contract Tower,0,2,10,0,12,0,4,25,17,46,0,6,35,17,58,10,36,46,104
07/21/2022,STC,MN,AGL,CE,Federal Contract Tower,0,6,11,3,20,0,10,78,14,102,0,16,89,17,122,78,2,80,202
07/22/2022,STC,MN,AGL,CE,Federal Contract Tower,0,3,6,1,10,0,0,62,2,64,0,3,68,3,74,96,0,96,170
07/23/2022,STC,MN,AGL,CE,Federal Contract Tower,0,0,10,0,10,0,2,20,0,22,0,2,30,0,32,24,0,24,56
07/24/2022,STC,MN,AGL,CE,Federal Contract Tower,0,3,14,0,17,0,1,35,0,36,0,4,49,0,53,60,0,60,113
07/25/2022,STC,MN,AGL,CE,Federal Contract Tower,0,3,14,0,17,0,3,59,0,62,0,6,73,0,79,100,0,100,179
07/26/2022,STC,MN,AGL,CE,Federal Contract Tower,0,0,8,1,9,0,1,16,5,22,0,1,24,6,31,10,0,10,41
07/27/2022,STC,MN,AGL,CE,Federal Contract Tower,0,1,13,2,16,0,3,40,8,51,0,4,53,10,67,72,2,74,141
07/28/2022,STC,MN,AGL,CE,Federal Contract Tower,0,3,8,3,14,0,0,30,12,42,0,3,38,15,56,60,20,80,136
07/29/2022,STC,MN,AGL,CE,Federal Contract Tower,0,3,6,0,9,0,3,51,2,56,0,6,57,2,65,52,0,52,117
07/30/2022,STC,MN,AGL,CE,Federal Contract Tower,0,0,0,0,0,0,0,24,0,24,0,0,24,0,24,50,0,50,74
07/31/2022,STC,MN,AGL,CE,Federal Contract Tower,0,2,6,0,8,0,2,17,0,19,0,4,23,0,27,6,0,6,33
08/01/2022,STC,MN,AGL,CE,Federal Contract Tower,0,0,9,2,11,0,4,56,1,61,0,4,65,3,72,82,0,82,154
08/02/2022,STC,MN,AGL,CE,Federal Contract Tower,0,2,13,1,16,0,5,52,16,73,0,7,65,17,89,66,6,72,161
08/03/2022,STC,MN,AGL,CE,Federal Contract Tower,0,1,7,0,8,0,0,35,12,47,0,1,42,12,55,78,0,78,133
08/04/2022,STC,MN,AGL,CE,Federal Contract Tower,0,2,15,0,17,0,57,11,0,68,0,59,26,0,85,100,14,114,199
08/05/2022,STC,MN,AGL,CE,Federal Contract Tower,0,0,5,0,5,0,2,28,3,33,0,2,33,3,38,68,0,68,106
08/06/2022,STC,MN,AGL,CE,Federal Contract Tower,0,0,2,0,2,0,0,7,0,7,0,0,9,0,9,32,0,32,41
08/07/2022,STC,MN,AGL,CE,Federal Contract Tower,0,1,8,2,11,0,0,23,0,23,0,1,31,2,34,50,4,54,88
08/08/2022,STC,MN,AGL,CE,Federal Contract Tower,0,2,12,1,15,0,0,52,1,53,0,2,64,2,68,70,0,70,138
08/09/2022,STC,MN,AGL,CE,Federal Contract Tower,0,5,12,0,17,0,0,72,10,82,0,5,84,10,99,86,0,86,185
08/10/2022,STC,MN,AGL,CE,Federal Contract Tower,0,0,14,0,14,0,5,52,22,79,0,5,66,22,93,80,2,82,175
08/11/2022,STC,MN,AGL,CE,Federal Contract Tower,0,4,4,2,10,0,0,49,15,64,0,4,53,17,74,110,0,110,184
08/12/2022,STC,MN,AGL,CE,Federal Contract Tower,0,1,2,0,3,0,0,3,0,3,0,1,5,0,6,0,0,0,6
08/13/2022,STC,MN,AGL,CE,Federal Contract Tower,0,4,7,1,12,0,3,22,15,40,0,7,29,16,52,62,12,74,126
08/14/2022,STC,MN,AGL,CE,Federal Contract Tower,0,0,5,0,5,0,0,41,0,41,0,0,46,0,46,78,0,78,124
08/15/2022,STC,MN,AGL,CE,Federal Contract Tower,0,3,29,2,34,0,2,51,2,55,0,5,80,4,89,98,0,98,187
08/16/2022,STC,MN,AGL,CE,Federal Contract Tower,0,1,4,2,7,0,6,46,5,57,0,7,50,7,64,114,0,114,178
08/17/2022,STC,MN,AGL,CE,Federal Contract Tower,0,10,14,0,24,0,4,49,17,70,0,14,63,17,94,68,16,84,178
08/18/2022,STC,MN,AGL,CE,Federal Contract Tower,0,0,7,0,7,0,5,4,0,9,0,5,11,0,16,0,38,38,54
08/19/2022,STC,MN,AGL,CE,Federal Contract Tower,0,0,12,2,14,0,4,14,0,18,0,4,26,2,32,16,0,16,48
08/20/2022,STC,MN,AGL,CE,Federal Contract Tower,0,3,9,0,12,0,0,17,0,17,0,3,26,0,29,44,0,44,73
08/21/2022,STC,MN,AGL,CE,Federal Contract Tower,0,0,7,0,7,0,0,49,0,49,0,0,56,0,56,100,0,100,156
08/22/2022,STC,MN,AGL,CE,Federal Contract Tower,0,5,13,0,18,0,0,73,0,73,0,5,86,0,91,102,0,102,193
08/23/2022,STC,MN,AGL,CE,Federal Contract Tower,0,1,14,5,20,0,4,58,10,72,0,5,72,15,92,70,6,76,168
08/24/2022,STC,MN,AGL,CE,Federal Contract Tower,0,5,17,2,24,0,0,38,14,52,0,5,55,16,76,56,36,92,168
08/25/2022,STC,MN,AGL,CE,Federal Contract Tower,0,3,22,1,26,0,0,43,10,53,0,3,65,11,79,30,24,54,133
08/26/2022,STC,MN,AGL,CE,Federal Contract Tower,0,2,11,0,13,0,4,68,3,75,0,6,79,3,88,100,0,100,188
08/27/2022,STC,MN,AGL,CE,Federal Contract Tower,0,0,7,0,7,0,0,15,0,15,0,0,22,0,22,32,0,32,54
08/28/2022,STC,MN,AGL,CE,Federal Contract Tower,0,2,8,0,10,0,2,17,0,19,0,4,25,0,29,14,0,14,43
08/29/2022,STC,MN,AGL,CE,Federal Contract Tower,0,4,1,0,5,0,0,13,0,13,0,4,14,0,18,38,0,38,56
08/30/2022,STC,MN,AGL,CE,Federal Contract Tower,0,1,12,1,14,0,14,61,0,75,0,15,73,1,89,92,0,92,181
08/31/2022,STC,MN,AGL,CE,Federal Contract Tower,0,0,13,0,13,0,0,59,11,70,0,0,72,11,83,80,24,104,187
09/01/2022,STC,MN,AGL,CE,Federal Contract Tower,0,3,11,0,14,0,2,50,8,60,0,5,61,8,74,38,0,38,112
09/02/2022,STC,MN,AGL,CE,Federal Contract Tower,0,0,7,0,7,0,4,36,2,42,0,4,43,2,49,46,0,46,95
09/03/2022,STC,MN,AGL,CE,Federal Contract Tower,0,1,6,0,7,0,0,54,0,54,0,1,60,0,61,46,0,46,107
09/04/2022,STC,MN,AGL,CE,Federal Contract Tower,0,0,1,0,1,0,0,40,0,40,0,0,41,0,41,18,0,18,59
09/05/2022,STC,MN,AGL,CE,Federal Contract Tower,0,3,6,0,9,0,4,27,0,31,0,7,33,0,40,0,0,0,40
09/06/2022,STC,MN,AGL,CE,Federal Contract Tower,0,2,7,4,13,0,0,51,6,57,0,2,58,10,70,86,2,88,158
09/07/2022,STC,MN,AGL,CE,Federal Contract Tower,0,7,15,1,23,0,2,53,12,67,0,9,68,13,90,76,2,78,168
09/08/2022,STC,MN,AGL,CE,Federal Contract Tower,0,0,14,0,14,0,0,12,11,23,0,0,26,11,37,26,26,52,89
09/09/2022,STC,MN,AGL,CE,Federal Contract Tower,0,2,11,0,13,0,0,11,0,11,0,2,22,0,24,12,0,12,36
09/10/2022,STC,MN,AGL,CE,Federal Contract Tower,0,2,8,0,10,0,0,49,0,49,0,2,57,0,59,122,0,122,181
09/11/2022,STC,MN,AGL,CE,Federal Contract Tower,0,1,5,0,6,0,4,45,0,49,0,5,50,0,55,52,0,52,107
09/12/2022,STC,MN,AGL,CE,Federal Contract Tower,0,1,6,0,7,0,0,59,2,61,0,1,65,2,68,68,0,68,136
09/13/2022,STC,MN,AGL,CE,Federal Contract Tower,0,0,4,3,7,0,1,52,11,64,0,1,56,14,71,40,0,40,111
09/14/2022,STC,MN,AGL,CE,Federal Contract Tower,0,5,18,1,24,0,0,26,12,38,0,5,44,13,62,64,0,64,126
09/15/2022,STC,MN,AGL,CE,Federal Contract Tower,2,0,6,1,9,0,0,12,5,17,2,0,18,6,26,16,20,36,62
09/16/2022,STC,MN,AGL,CE,Federal Contract Tower,0,1,19,3,23,0,4,16,1,21,0,5,35,4,44,42,0,42,86
09/17/2022,STC,MN,AGL,CE,Federal Contract Tower,0,1,12,0,13,0,2,24,4,30,0,3,36,4,43,32,4,36,79
09/18/2022,STC,MN,AGL,CE,Federal Contract Tower,0,4,17,0,21,0,5,27,12,44,0,9,44,12,65,50,0,50,115
09/19/2022,STC,MN,AGL,CE,Federal Contract Tower,0,1,17,1,19,0,0,27,0,27,0,1,44,1,46,50,0,50,96
09/20/2022,STC,MN,AGL,CE,Federal Contract Tower,0,7,9,2,18,0,2,63,6,71,0,9,72,8,89,84,24,108,197
09/21/2022,STC,MN,AGL,CE,Federal Contract Tower,0,0,15,4,19,0,4,29,13,46,0,4,44,17,65,8,0,8,73
09/22/2022,STC,MN,AGL,CE,Federal Contract Tower,0,0,24,0,24,0,0,40,4,44,0,0,64,4,68,46,4,50,118
09/23/2022,STC,MN,AGL,CE,Federal Contract Tower,0,0,10,0,10,0,0,11,0,11,0,0,21,0,21,16,0,16,37
09/24/2022,STC,MN,AGL,CE,Federal Contract Tower,0,0,9,0,9,0,0,5,0,5,0,0,14,0,14,10,0,10,24
09/25/2022,STC,MN,AGL,CE,Federal Contract Tower,0,0,8,0,8,0,9,17,0,26,0,9,25,0,34,34,0,34,68
09/26/2022,STC,MN,AGL,CE,Federal Contract Tower,0,0,8,0,8,0,6,30,0,36,0,6,38,0,44,10,0,10,54
09/27/2022,STC,MN,AGL,CE,Federal Contract Tower,0,5,24,0,29,0,0,54,11,65,0,5,78,11,94,106,4,110,204
09/28/2022,STC,MN,AGL,CE,Federal Contract Tower,0,5,14,0,19,0,0,45,6,51,0,5,59,6,70,56,6,62,132
09/29/2022,STC,MN,AGL,CE,Federal Contract Tower,0,1,11,1,13,0,0,21,11,32,0,1,32,12,45,6,0,6,51
09/30/2022,STC,MN,AGL,CE,Federal Contract Tower,0,8,10,0,18,0,0,34,6,40,0,8,44,6,58,34,0,34,92
10/01/2022,STC,MN,AGL,CE,Federal Contract Tower,0,6,7,0,13,0,2,33,0,35,0,8,40,0,48,34,0,34,82
10/02/2022,STC,MN,AGL,CE,Federal Contract Tower,0,4,13,0,17,0,9,28,0,37,0,13,41,0,54,42,0,42,96
10/03/2022,STC,MN,AGL,CE,Federal Contract Tower,0,2,7,3,12,0,2,38,0,40,0,4,45,3,52,122,0,122,174
10/04/2022,STC,MN,AGL,CE,Federal Contract Tower,0,0,19,2,21,0,0,37,9,46,0,0,56,11,67,66,8,74,141
10/05/2022,STC,MN,AGL,CE,Federal Contract Tower,2,6,6,3,17,0,2,65,13,80,2,8,71,16,97,88,20,108,205
10/06/2022,STC,MN,AGL,CE,Federal Contract Tower,0,1,14,2,17,0,0,4,13,17,0,1,18,15,34,12,10,22,56
10/07/2022,STC,MN,AGL,CE,Federal Contract Tower,0,2,6,0,8,0,0,37,2,39,0,2,43,2,47,64,0,64,111
10/08/2022,STC,MN,AGL,CE,Federal Contract Tower,2,1,10,0,13,0,5,45,0,50,2,6,55,0,63,36,0,36,99
10/09/2022,STC,MN,AGL,CE,Federal Contract Tower,0,1,8,0,9,0,2,73,0,75,0,3,81,0,84,90,0,90,174
10/10/2022,STC,MN,AGL,CE,Federal Contract Tower,0,10,5,0,15,0,4,50,0,54,0,14,55,0,69,82,0,82,151
10/11/2022,STC,MN,AGL,CE,Federal Contract Tower,0,2,10,0,12,0,0,7,0,7,0,2,17,0,19,8,0,8,27
10/12/2022,STC,MN,AGL,CE,Federal Contract Tower,2,2,11,0,15,0,0,4,19,23,2,2,15,19,38,24,12,36,74
10/13/2022,STC,MN,AGL,CE,Federal Contract Tower,0,5,7,0,12,0,0,28,12,40,0,5,35,12,52,18,0,18,70
10/14/2022,STC,MN,AGL,CE,Federal Contract Tower,0,0,2,2,4,0,0,8,6,14,0,0,10,8,18,52,14,66,84
10/15/2022,STC,MN,AGL,CE,Federal Contract Tower,2,4,2,1,9,0,0,24,14,38,2,4,26,15,47,14,2,16,63
10/16/2022,STC,MN,AGL,CE,Federal Contract Tower,0,0,4,0,4,0,4,8,0,12,0,4,12,0,16,6,0,6,22
10/17/2022,STC,MN,AGL,CE,Federal Contract Tower,0,0,17,0,17,0,0,16,0,16,0,0,33,0,33,34,0,34,67
10/18/2022,STC,MN,AGL,CE,Federal Contract Tower,0,3,11,4,18,0,0,21,19,40,0,3,32,23,58,48,8,56,114
10/19/2022,STC,MN,AGL,CE,Federal Contract Tower,2,1,12,1,16,0,1,42,20,63,2,2,54,21,79,70,32,102,181
10/20/2022,STC,MN,AGL,CE,Federal Contract Tower,0,1,8,2,11,0,0,48,17,65,0,1,56,19,76,124,10,134,210
10/21/2022,STC,MN,AGL,CE,Federal Contract Tower,0,2,5,0,7,0,2,36,0,38,0,4,41,0,45,80,0,80,125
10/22/2022,STC,MN,AGL,CE,Federal Contract Tower,2,0,5,0,7,0,3,28,0,31,2,3,33,0,38,74,0,74,112
10/23/2022,STC,MN,AGL,CE,Federal Contract Tower,0,0,0,0,0,0,0,14,0,14,0,0,14,0,14,4,0,4,18
10/24/2022,STC,MN,AGL,CE,Federal Contract Tower,0,7,3,0,10,0,0,13,0,13,0,7,16,0,23,58,0,58,81
10/25/2022,STC,MN,AGL,CE,Federal Contract Tower,0,6,14,1,21,0,5,23,17,45,0,11,37,18,66,76,0,76,142
10/26/2022,STC,MN,AGL,CE,Federal Contract Tower,2,6,11,4,23,0,4,47,15,66,2,10,58,19,89,68,44,112,201
10/27/2022,STC,MN,AGL,CE,Federal Contract Tower,0,3,15,1,19,0,3,21,9,33,0,6,36,10,52,20,46,66,118
10/28/2022,STC,MN,AGL,CE,Federal Contract Tower,0,3,5,2,10,0,0,38,3,41,0,3,43,5,51,96,2,98,149
10/29/2022,STC,MN,AGL,CE,Federal Contract Tower,2,3,4,0,9,0,0,35,0,35,2,3,39,0,44,6,0,6,50
10/30/2022,STC,MN,AGL,CE,Federal Contract Tower,0,1,7,0,8,0,2,41,0,43,0,3,48,0,51,40,0,40,91
10/31/2022,STC,MN,AGL,CE,Federal Contract Tower,0,5,8,2,15,0,0,40,0,40,0,5,48,2,55,58,2,60,115
11/01/2022,STC,MN,AGL,CE,Federal Contract Tower,0,6,13,4,23,0,3,52,8,63,0,9,65,12,86,112,22,134,220
11/02/2022,STC,MN,AGL,CE,Federal Contract Tower,2,2,6,2,12,0,0,25,11,36,2,2,31,13,48,2,10,12,60
11/03/2022,STC,MN,AGL,CE,Federal Contract Tower,0,1,26,2,29,0,2,16,9,27,0,3,42,11,56,12,36,48,104
11/04/2022,STC,MN,AGL,CE,Federal Contract Tower,1,2,14,2,19,0,0,36,0,36,1,2,50,2,55,92,0,92,147
11/05/2022,STC,MN,AGL,CE,Federal Contract Tower,2,2,3,0,7,0,2,27,0,29,2,4,30,0,36,46,0,46,82
11/06/2022,STC,MN,AGL,CE,Federal Contract Tower,0,0,5,0,5,0,2,8,0,10,0,2,13,0,15,0,0,0,15
11/07/2022,STC,MN,AGL,CE,Federal Contract Tower,2,2,8,0,12,0,0,45,0,45,2,2,53,0,57,50,0,50,107
11/08/2022,STC,MN,AGL,CE,Federal Contract Tower,0,2,4,2,8,0,0,19,5,24,0,2,23,7,32,6,36,42,74
11/09/2022,STC,MN,AGL,CE,Federal Contract Tower,2,0,7,2,11,0,0,0,0,0,2,0,7,2,11,0,0,0,11
11/10/2022,STC,MN,AGL,CE,Federal Contract Tower,0,0,4,0,4,0,0,0,0,0,0,0,4,0,4,0,0,0,4
11/11/2022,STC,MN,AGL,CE,Federal Contract Tower,0,0,4,0,4,0,0,6,0,6,0,0,10,0,10,44,0,44,54
11/12/2022,STC,MN,AGL,CE,Federal Contract Tower,2,0,5,0,7,0,0,10,0,10,2,0,15,0,17,36,0,36,53
11/13/2022,STC,MN,AGL,CE,Federal Contract Tower,0,0,8,0,8,0,0,22,0,22,0,0,30,0,30,48,0,48,78
11/14/2022,STC,MN,AGL,CE,Federal Contract Tower,0,0,9,0,9,0,0,2,0,2,0,0,11,0,11,0,0,0,11
11/15/2022,STC,MN,AGL,CE,Federal Contract Tower,0,2,12,0,14,0,0,0,0,0,0,2,12,0,14,0,0,0,14
11/16/2022,STC,MN,AGL,CE,Federal Contract Tower,2,5,14,0,21,0,0,7,14,21,2,5,21,14,42,32,22,54,96
11/17/2022,STC,MN,AGL,CE,Federal Contract Tower,0,1,13,0,14,0,0,6,22,28,0,1,19,22,42,0,24,24,66
11/18/2022,STC,MN,AGL,CE,Federal Contract Tower,0,2,9,0,11,0,0,17,15,32,0,2,26,15,43,14,24,38,81
11/19/2022,STC,MN,AGL,CE,Federal Contract Tower,0,1,13,0,14,0,0,4,10,14,0,1,17,10,28,0,4,4,32
11/20/2022,STC,MN,AGL,CE,Federal Contract Tower,0,0,12,0,12,0,2,36,0,38,0,2,48,0,50,104,0,104,154
11/21/2022,STC,MN,AGL,CE,Federal Contract Tower,0,0,10,0,10,0,1,24,5,30,0,1,34,5,40,14,0,14,54
11/22/2022,STC,MN,AGL,CE,Federal Contract Tower,0,3,2,0,5,0,0,58,4,62,0,3,60,4,67,48,10,58,125
11/23/2022,STC,MN,AGL,CE,Federal Contract Tower,2,7,7,0,16,0,8,42,2,52,2,15,49,2,68,60,0,60,128
11/24/2022,STC,MN,AGL,CE,Federal Contract Tower,0,0,0,0,0,0,4,6,0,10,0,4,6,0,10,10,0,10,20
11/25/2022,STC,MN,AGL,CE,Federal Contract Tower,0,0,4,0,4,0,6,55,0,61,0,6,59,0,65,86,0,86,151
11/26/2022,STC,MN,AGL,CE,Federal Contract Tower,0,2,6,0,8,0,0,34,0,34,0,2,40,0,42,34,0,34,76
11/27/2022,STC,MN,AGL,CE,Federal Contract Tower,2,0,19,0,21,0,2,32,0,34,2,2,51,0,55,34,0,34,89
11/28/2022,STC,MN,AGL,CE,Federal Contract Tower,0,3,17,2,22,0,6,43,0,49,0,9,60,2,71,44,0,44,115
11/29/2022,STC,MN,AGL,CE,Federal Contract Tower,1,9,13,1,24,0,2,4,21,27,1,11,17,22,51,0,28,28,79
11/30/2022,STC,MN,AGL,CE,Federal Contract Tower,0,6,20,2,28,0,0,17,19,36,0,6,37,21,64,12,28,40,104
12/01/2022,STC,MN,AGL,CE,Federal Contract Tower,0,4,14,2,20,0,0,18,16,34,0,4,32,18,54,28,20,48,102
12/02/2022,STC,MN,AGL,CE,Federal Contract Tower,0,1,9,0,10,0,0,8,2,10,0,1,17,2,20,8,0,8,28
12/03/2022,STC,MN,AGL,CE,Federal Contract Tower,0,0,9,0,9,0,2,38,0,40,0,2,47,0,49,78,0,78,127
12/04/2022,STC,MN,AGL,CE,Federal Contract Tower,0,2,3,0,5,0,3,41,0,44,0,5,44,0,49,28,0,28,77
12/05/2022,STC,MN,AGL,CE,Federal Contract Tower,0,0,8,0,8,0,0,46,0,46,0,0,54,0,54,84,0,84,138
12/06/2022,STC,MN,AGL,CE,Federal Contract Tower,0,3,14,0,17,0,0,47,12,59,0,3,61,12,76,94,20,114,190
12/07/2022,STC,MN,AGL,CE,Federal Contract Tower,0,1,11,0,12,0,0,27,13,40,0,1,38,13,52,76,26,102,154
12/08/2022,STC,MN,AGL,CE,Federal Contract Tower,0,0,13,2,15,0,0,48,8,56,0,0,61,10,71,84,8,92,163
12/09/2022,STC,MN,AGL,CE,Federal Contract Tower,0,2,6,1,9,0,1,5,3,9,0,3,11,4,18,8,0,8,26
12/10/2022,STC,MN,AGL,CE,Federal Contract Tower,2,0,2,0,4,0,0,2,0,2,2,0,4,0,6,2,0,2,8
12/11/2022,STC,MN,AGL,CE,Federal Contract Tower,0,0,12,0,12,0,0,6,0,6,0,0,18,0,18,10,0,10,28
12/12/2022,STC,MN,AGL,CE,Federal Contract Tower,0,2,3,1,6,0,0,6,0,6,0,2,9,1,12,6,0,6,18
12/13/2022,STC,MN,AGL,CE,Federal Contract Tower,0,0,2,0,2,0,0,0,0,0,0,0,2,0,2,0,0,0,2
12/14/2022,STC,MN,AGL,CE,Federal Contract Tower,0,0,5,0,5,0,0,0,0,0,0,0,5,0,5,0,0,0,5
12/15/2022,STC,MN,AGL,CE,Federal Contract Tower,2,1,7,0,10,0,0,0,0,0,2,1,7,0,10,0,0,0,10
12/16/2022,STC,MN,AGL,CE,Federal Contract Tower,2,6,6,3,17,0,0,0,0,0,2,6,6,3,17,0,0,0,17
12/17/2022,STC,MN,AGL,CE,Federal Contract Tower,0,3,2,0,5,0,0,0,0,0,0,3,2,0,5,0,0,0,5
12/18/2022,STC,MN,AGL,CE,Federal Contract Tower,0,4,4,0,8,0,0,40,0,40,0,4,44,0,48,26,0,26,74
12/19/2022,STC,MN,AGL,CE,Federal Contract Tower,0,4,6,0,10,0,0,8,0,8,0,4,14,0,18,4,0,4,22
12/20/2022,STC,MN,AGL,CE,Federal Contract Tower,0,7,7,2,16,0,0,32,29,61,0,7,39,31,77,34,24,58,135
12/21/2022,STC,MN,AGL,CE,Federal Contract Tower,2,2,3,0,7,0,0,0,0,0,2,2,3,0,7,0,0,0,7
12/22/2022,STC,MN,AGL,CE,Federal Contract Tower,0,2,2,0,4,0,0,2,0,2,0,2,4,0,6,2,0,2,8
12/23/2022,STC,MN,AGL,CE,Federal Contract Tower,0,2,0,0,2,0,0,0,0,0,0,2,0,0,2,0,0,0,2
12/24/2022,STC,MN,AGL,CE,Federal Contract Tower,0,0,3,0,3,0,6,3,0,9,0,6,6,0,12,6,0,6,18
12/25/2022,STC,MN,AGL,CE,Federal Contract Tower,0,0,3,0,3,0,0,0,0,0,0,0,3,0,3,0,0,0,3
12/26/2022,STC,MN,AGL,CE,Federal Contract Tower,0,3,1,0,4,0,0,38,0,38,0,3,39,0,42,24,0,24,66
12/27/2022,STC,MN,AGL,CE,Federal Contract Tower,0,1,11,2,14,0,1,47,0,48,0,2,58,2,62,42,0,42,104
12/28/2022,STC,MN,AGL,CE,Federal Contract Tower,2,0,7,2,11,0,4,29,22,55,2,4,36,24,66,22,30,52,118
12/29/2022,STC,MN,AGL,CE,Federal Contract Tower,0,3,4,4,11,0,0,5,9,14,0,3,9,13,25,4,24,28,53
12/30/2022,STC,MN,AGL,CE,Federal Contract Tower,0,5,15,0,20,0,4,47,2,53,0,9,62,2,73,84,16,100,173
12/31/2022,STC,MN,AGL,CE,Federal Contract Tower,0,2,2,0,4,0,0,18,0,18,0,2,20,0,22,22,0,22,44
01/01/2023,STC,MN,AGL,CE,Federal Contract Tower,0,0,7,0,7,0,0,5,0,5,0,0,12,0,12,8,0,8,20
01/02/2023,STC,MN,AGL,CE,Federal Contract Tower,0,2,6,0,8,0,0,0,0,0,0,2,6,0,8,0,0,0,8
01/03/2023,STC,MN,AGL,CE,Federal Contract Tower,0,0,0,0,0,0,0,0,0,0,0,0,0,0,0,0,0,0,0
01/04/2023,STC,MN,AGL,CE,Federal Contract Tower,2,0,2,0,4,0,0,0,0,0,2,0,2,0,4,0,0,0,4
01/05/2023,STC,MN,AGL,CE,Federal Contract Tower,2,2,3,1,8,0,0,0,4,4,2,2,3,5,12,0,12,12,24
01/06/2023,STC,MN,AGL,CE,Federal Contract Tower,0,2,8,3,13,0,1,31,8,40,0,3,39,11,53,40,2,42,95
01/07/2023,STC,MN,AGL,CE,Federal Contract Tower,2,1,4,0,7,0,0,24,0,24,2,1,28,0,31,60,0,60,91
01/08/2023,STC,MN,AGL,CE,Federal Contract Tower,2,2,8,0,12,0,0,31,0,31,2,2,39,0,43,40,0,40,83
01/09/2023,STC,MN,AGL,CE,Federal Contract Tower,0,0,4,3,7,0,0,5,0,5,0,0,9,3,12,50,0,50,62
01/10/2023,STC,MN,AGL,CE,Federal Contract Tower,0,2,10,0,12,0,0,0,0,0,0,2,10,0,12,0,0,0,12
01/11/2023,STC,MN,AGL,CE,Federal Contract Tower,2,7,7,0,16,0,0,0,1,1,2,7,7,1,17,0,8,8,25
01/12/2023,STC,MN,AGL,CE,Federal Contract Tower,2,0,12,1,15,0,0,12,33,45,2,0,24,34,60,42,30,72,132
01/13/2023,STC,MN,AGL,CE,Federal Contract Tower,0,0,3,1,4,0,0,0,0,0,0,0,3,1,4,0,0,0,4
01/14/2023,STC,MN,AGL,CE,Federal Contract Tower,2,1,7,0,10,0,4,79,0,83,2,5,86,0,93,70,0,70,163
01/15/2023,STC,MN,AGL,CE,Federal Contract Tower,4,1,6,0,11,0,3,51,0,54,4,4,57,0,65,42,0,42,107
01/16/2023,STC,MN,AGL,CE,Federal Contract Tower,0,2,6,0,8,0,0,0,0,0,0,2,6,0,8,0,0,0,8
01/17/2023,STC,MN,AGL,CE,Federal Contract Tower,0,0,16,2,18,0,0,4,0,4,0,0,20,2,22,48,0,48,70
01/18/2023,STC,MN,AGL,CE,Federal Contract Tower,2,0,9,2,13,0,0,13,13,26,2,0,22,15,39,42,36,78,117
01/19/2023,STC,MN,AGL,CE,Federal Contract Tower,4,2,16,3,25,0,0,0,10,10,4,2,16,13,35,0,24,24,59
01/20/2023,STC,MN,AGL,CE,Federal Contract Tower,2,0,8,0,10,0,0,8,6,14,2,0,16,6,24,46,0,46,70
01/21/2023,STC,MN,AGL,CE,Federal Contract Tower,2,2,2,0,6,0,0,0,0,0,2,2,2,0,6,0,0,0,6
01/22/2023,STC,MN,AGL,CE,Federal Contract Tower,2,0,5,0,7,0,0,0,0,0,2,0,5,0,7,0,0,0,7
01/23/2023,STC,MN,AGL,CE,Federal Contract Tower,2,1,15,0,18,0,0,13,0,13,2,1,28,0,31,28,0,28,59
01/24/2023,STC,MN,AGL,CE,Federal Contract Tower,0,2,18,0,20,0,0,32,10,42,0,2,50,10,62,30,46,76,138
01/25/2023,STC,MN,AGL,CE,Federal Contract Tower,2,0,12,0,14,0,0,0,17,17,2,0,12,17,31,6,14,20,51
01/26/2023,STC,MN,AGL,CE,Federal Contract Tower,2,0,21,0,23,0,0,26,14,40,2,0,47,14,63,76,24,100,163
01/27/2023,STC,MN,AGL,CE,Federal Contract Tower,0,1,3,0,4,0,0,4,3,7,0,1,7,3,11,18,2,20,31
01/28/2023,STC,MN,AGL,CE,Federal Contract Tower,2,9,6,0,17,0,8,59,13,80,2,17,65,13,97,68,4,72,169
01/29/2023,STC,MN,AGL,CE,Federal Contract Tower,2,4,9,0,15,0,0,18,6,24,2,4,27,6,39,12,0,12,51
01/30/2023,STC,MN,AGL,CE,Federal Contract Tower,0,0,8,0,8,0,0,11,0,11,0,0,19,0,19,2,0,2,21
01/31/2023,STC,MN,AGL,CE,Federal Contract Tower,0,3,10,1,14,0,0,16,12,28,0,3,26,13,42,48,10,58,100
02/01/2023,STC,MN,AGL,CE,Federal Contract Tower,2,2,13,0,17,0,2,32,10,44,2,4,45,10,61,30,14,44,105
02/02/2023,STC,MN,AGL,CE,Federal Contract Tower,2,7,13,0,22,0,1,15,12,28,2,8,28,12,50,26,4,30,80
02/03/2023,STC,MN,AGL,CE,Federal Contract Tower,0,2,4,0,6,0,0,12,0,12,0,2,16,0,18,18,0,18,36
02/04/2023,STC,MN,AGL,CE,Federal Contract Tower,2,6,4,0,12,0,0,57,0,57,2,6,61,0,69,52,0,52,121
02/05/2023,STC,MN,AGL,CE,Federal Contract Tower,2,3,5,0,10,0,6,66,0,72,2,9,71,0,82,96,0,96,178
02/06/2023,STC,MN,AGL,CE,Federal Contract Tower,0,0,7,0,7,0,0,10,0,10,0,0,17,0,17,22,0,22,39
02/07/2023,STC,MN,AGL,CE,Federal Contract Tower,0,4,6,0,10,0,9,46,14,69,0,13,52,14,79,54,6,60,139
02/08/2023,STC,MN,AGL,CE,Federal Contract Tower,2,5,12,6,25,0,0,65,13,78,2,5,77,19,103,110,10,120,223
02/09/2023,STC,MN,AGL,CE,Federal Contract Tower,3,3,15,4,25,0,0,5,14,19,3,3,20,18,44,0,0,0,44
02/10/2023,STC,MN,AGL,CE,Federal Contract Tower,0,1,18,2,21,0,2,44,4,50,0,3,62,6,71,94,26,120,191
02/11/2023,STC,MN,AGL,CE,Federal Contract Tower,2,0,5,0,7,0,1,29,4,34,2,1,34,4,41,36,0,36,77
02/12/2023,STC,MN,AGL,CE,Federal Contract Tower,2,2,5,0,9,0,0,20,0,20,2,2,25,0,29,34,0,34,63
02/13/2023,STC,MN,AGL,CE,Federal Contract Tower,0,6,7,0,13,0,0,50,0,50,0,6,57,0,63,96,4,100,163
02/14/2023,STC,MN,AGL,CE,Federal Contract Tower,0,2,8,0,10,0,0,0,0,0,0,2,8,0,10,0,0,0,10
02/15/2023,STC,MN,AGL,CE,Federal Contract Tower,2,2,7,0,11,0,0,2,11,13,2,2,9,11,24,2,24,26,50
02/16/2023,STC,MN,AGL,CE,Federal Contract Tower,2,0,13,0,15,0,0,46,17,63,2,0,59,17,78,92,14,106,184
02/17/2023,STC,MN,AGL,CE,Federal Contract Tower,2,5,8,0,15,0,0,35,1,36,2,5,43,1,51,68,16,84,135
02/18/2023,STC,MN,AGL,CE,Federal Contract Tower,3,0,10,0,13,0,0,45,0,45,3,0,55,0,58,48,0,48,106
02/19/2023,STC,MN,AGL,CE,Federal Contract Tower,2,2,2,0,6,0,6,28,0,34,2,8,30,0,40,42,0,42,82
02/20/2023,STC,MN,AGL,CE,Federal Contract Tower,2,0,3,0,5,0,0,0,0,0,2,0,3,0,5,0,0,0,5
02/21/2023,STC,MN,AGL,CE,Federal Contract Tower,0,0,5,0,5,0,2,7,0,9,0,2,12,0,14,6,0,6,20
02/22/2023,STC,MN,AGL,CE,Federal Contract Tower,2,1,6,2,11,0,0,4,2,6,2,1,10,4,17,1,0,1,18
02/23/2023,STC,MN,AGL,CE,Federal Contract Tower,2,0,2,0,4,0,0,2,0,2,2,0,4,0,6,8,0,8,14
02/24/2023,STC,MN,AGL,CE,Federal Contract Tower,2,4,3,0,9,0,0,32,0,32,2,4,35,0,41,20,0,20,61
02/25/2023,STC,MN,AGL,CE,Federal Contract Tower,2,4,5,1,12,0,3,36,12,51,2,7,41,13,63,66,32,98,161
02/26/2023,STC,MN,AGL,CE,Federal Contract Tower,2,0,5,0,7,0,0,34,3,37,2,0,39,3,44,68,2,70,114
02/27/2023,STC,MN,AGL,CE,Federal Contract Tower,2,3,3,0,8,0,0,0,0,0,2,3,3,0,8,6,0,6,14
02/28/2023,STC,MN,AGL,CE,Federal Contract Tower,0,3,6,2,11,0,1,28,15,44,0,4,34,17,55,64,10,74,129
03/01/2023,STC,MN,AGL,CE,Federal Contract Tower,2,2,8,2,14,0,0,0,9,9,2,2,8,11,23,0,6,6,29
03/02/2023,STC,MN,AGL,CE,Federal Contract Tower,2,1,9,0,12,0,0,15,14,29,2,1,24,14,41,44,20,64,105
03/03/2023,STC,MN,AGL,CE,Federal Contract Tower,2,3,0,0,5,0,0,13,0,13,2,3,13,0,18,60,0,60,78
03/04/2023,STC,MN,AGL,CE,Federal Contract Tower,2,4,6,0,12,0,0,70,0,70,2,4,76,0,82,80,0,80,162
03/05/2023,STC,MN,AGL,CE,Federal Contract Tower,4,2,1,0,7,0,5,8,0,13,4,7,9,0,20,8,0,8,28
03/06/2023,STC,MN,AGL,CE,Federal Contract Tower,2,0,9,1,12,0,0,2,1,3,2,0,11,2,15,0,0,0,15
03/07/2023,STC,MN,AGL,CE,Federal Contract Tower,0,0,8,2,10,0,0,27,15,42,0,0,35,17,52,54,22,76,128
03/08/2023,STC,MN,AGL,CE,Federal Contract Tower,2,0,7,0,9,0,0,8,6,14,2,0,15,6,23,12,0,12,35
03/09/2023,STC,MN,AGL,CE,Federal Contract Tower,4,1,8,0,13,0,0,2,0,2,4,1,10,0,15,0,0,0,15
03/10/2023,STC,MN,AGL,CE,Federal Contract Tower,2,0,5,0,7,0,1,14,11,26,2,1,19,11,33,92,56,148,181
03/11/2023,STC,MN,AGL,CE,Federal Contract Tower,2,2,0,0,4,0,0,1,0,1,2,2,1,0,5,4,0,4,9
03/12/2023,STC,MN,AGL,CE,Federal Contract Tower,2,0,3,0,5,0,0,0,0,0,2,0,3,0,5,0,0,0,5
03/13/2023,STC,MN,AGL,CE,Federal Contract Tower,2,5,7,0,14,0,4,41,0,45,2,9,48,0,59,116,0,116,175
03/14/2023,STC,MN,AGL,CE,Federal Contract Tower,0,2,8,3,13,0,2,40,10,52,0,4,48,13,65,56,2,58,123
03/15/2023,STC,MN,AGL,CE,Federal Contract Tower,2,3,14,2,21,0,0,25,20,45,2,3,39,22,66,16,30,46,112
03/16/2023,STC,MN,AGL,CE,Federal Contract Tower,2,0,8,0,10,0,0,0,0,0,2,0,8,0,10,0,0,0,10
03/17/2023,STC,MN,AGL,CE,Federal Contract Tower,2,0,4,0,6,0,2,3,0,5,2,2,7,0,11,12,0,12,23
03/18/2023,STC,MN,AGL,CE,Federal Contract Tower,2,8,1,0,11,0,8,13,0,21,2,16,14,0,32,12,0,12,44
03/19/2023,STC,MN,AGL,CE,Federal Contract Tower,2,6,0,0,8,0,0,18,0,18,2,6,18,0,26,28,0,28,54
03/20/2023,STC,MN,AGL,CE,Federal Contract Tower,2,3,7,0,12,0,4,50,0,54,2,7,57,0,66,100,0,100,166
03/21/2023,STC,MN,AGL,CE,Federal Contract Tower,0,2,6,0,8,0,0,7,17,24,0,2,13,17,32,18,38,56,88
03/22/2023,STC,MN,AGL,CE,Federal Contract Tower,2,3,5,0,10,0,0,10,10,20,2,3,15,10,30,8,26,34,64
03/23/2023,STC,MN,AGL,CE,Federal Contract Tower,2,9,13,4,28,0,11,75,15,101,2,20,88,19,129,148,14,162,291
03/24/2023,STC,MN,AGL,CE,Federal Contract Tower,1,11,2,0,14,0,0,68,3,71,1,11,70,3,85,68,2,70,155
03/25/2023,STC,MN,AGL,CE,Federal Contract Tower,2,0,6,0,8,0,2,70,0,72,2,2,76,0,80,80,0,80,160
03/26/2023,STC,MN,AGL,CE,Federal Contract Tower,2,2,7,0,11,0,4,41,0,45,2,6,48,0,56,58,0,58,114
03/27/2023,STC,MN,AGL,CE,Federal Contract Tower,2,0,10,0,12,0,2,48,0,50,2,2,58,0,62,80,8,88,150
03/28/2023,STC,MN,AGL,CE,Federal Contract Tower,0,3,6,0,9,0,0,13,16,29,0,3,19,16,38,28,8,36,74
03/29/2023,STC,MN,AGL,CE,Federal Contract Tower,2,7,12,0,21,0,2,39,11,52,2,9,51,11,73,88,0,88,161
03/30/2023,STC,MN,AGL,CE,Federal Contract Tower,2,2,14,3,21,0,14,6,0,20,2,16,20,3,41,30,0,30,71
03/31/2023,STC,MN,AGL,CE,Federal Contract Tower,0,0,0,0,0,0,0,0,0,0,0,0,0,0,0,0,0,0,0
04/01/2023,STC,MN,AGL,CE,Federal Contract Tower,2,5,4,0,11,0,0,49,0,49,2,5,53,0,60,20,0,20,80
04/02/2023,STC,MN,AGL,CE,Federal Contract Tower,2,4,4,0,10,0,4,24,0,28,2,8,28,0,38,16,0,16,54
04/03/2023,STC,MN,AGL,CE,Federal Contract Tower,2,2,7,1,12,0,2,28,8,38,2,4,35,9,50,68,0,68,118
04/04/2023,STC,MN,AGL,CE,Federal Contract Tower,0,0,5,0,5,0,0,0,0,0,0,0,5,0,5,0,0,0,5
04/05/2023,STC,MN,AGL,CE,Federal Contract Tower,2,2,11,4,19,0,0,2,9,11,2,2,13,13,30,6,10,16,46
04/06/2023,STC,MN,AGL,CE,Federal Contract Tower,2,10,17,1,30,0,0,28,17,45,2,10,45,18,75,54,22,76,151
04/07/2023,STC,MN,AGL,CE,Federal Contract Tower,2,5,4,0,11,0,7,74,5,86,2,12,78,5,97,92,8,100,197
04/08/2023,STC,MN,AGL,CE,Federal Contract Tower,2,2,2,0,6,0,2,63,0,65,2,4,65,0,71,60,0,60,131
04/09/2023,STC,MN,AGL,CE,Federal Contract Tower,2,2,6,0,10,0,0,22,0,22,2,2,28,0,32,34,0,34,66
04/10/2023,STC,MN,AGL,CE,Federal Contract Tower,2,4,5,0,11,0,6,62,0,68,2,10,67,0,79,80,0,80,159
04/11/2023,STC,MN,AGL,CE,Federal Contract Tower,0,0,14,2,16,0,2,48,16,66,0,2,62,18,82,86,28,114,196
04/12/2023,STC,MN,AGL,CE,Federal Contract Tower,2,0,16,0,18,0,0,38,14,52,2,0,54,14,70,56,16,72,142
04/13/2023,STC,MN,AGL,CE,Federal Contract Tower,2,0,16,2,20,0,4,51,7,62,2,4,67,9,82,62,0,62,144
04/14/2023,STC,MN,AGL,CE,Federal Contract Tower,2,0,6,0,8,0,0,25,4,29,2,0,31,4,37,40,0,40,77
04/15/2023,STC,MN,AGL,CE,Federal Contract Tower,0,0,5,0,5,0,0,0,0,0,0,0,5,0,5,0,0,0,5
04/16/2023,STC,MN,AGL,CE,Federal Contract Tower,2,0,6,0,8,0,0,2,0,2,2,0,8,0,10,0,0,0,10
04/17/2023,STC,MN,AGL,CE,Federal Contract Tower,2,8,17,0,27,0,2,31,6,39,2,10,48,6,66,126,0,126,192
04/18/2023,STC,MN,AGL,CE,Federal Contract Tower,0,2,11,0,13,0,11,70,9,90,0,13,81,9,103,134,12,146,249
04/19/2023,STC,MN,AGL,CE,Federal Contract Tower,0,0,8,0,8,0,0,4,5,9,0,0,12,5,17,10,14,24,41
04/20/2023,STC,MN,AGL,CE,Federal Contract Tower,0,0,10,0,10,0,0,0,0,0,0,0,10,0,10,0,0,0,10
04/21/2023,STC,MN,AGL,CE,Federal Contract Tower,2,0,9,0,11,0,0,3,3,6,2,0,12,3,17,2,10,12,29
04/22/2023,STC,MN,AGL,CE,Federal Contract Tower,0,0,2,0,2,0,0,11,0,11,0,0,13,0,13,46,0,46,59
04/23/2023,STC,MN,AGL,CE,Federal Contract Tower,2,2,3,0,7,0,2,33,0,35,2,4,36,0,42,56,0,56,98
04/24/2023,STC,MN,AGL,CE,Federal Contract Tower,2,1,10,0,13,0,0,54,0,54,2,1,64,0,67,142,0,142,209
04/25/2023,STC,MN,AGL,CE,Federal Contract Tower,0,2,12,0,14,0,2,63,17,82,0,4,75,17,96,72,27,99,195
04/26/2023,STC,MN,AGL,CE,Federal Contract Tower,0,0,23,0,23,0,2,71,6,79,0,2,94,6,102,66,0,66,168
04/27/2023,STC,MN,AGL,CE,Federal Contract Tower,2,0,8,0,10,0,0,16,6,22,2,0,24,6,32,82,18,100,132
04/28/2023,STC,MN,AGL,CE,Federal Contract Tower,4,2,12,0,18,0,0,12,4,16,4,2,24,4,34,48,20,68,102
04/29/2023,STC,MN,AGL,CE,Federal Contract Tower,0,0,10,0,10,0,0,17,0,17,0,0,27,0,27,4,0,4,31
04/30/2023,STC,MN,AGL,CE,Federal Contract Tower,2,0,5,0,7,0,0,4,0,4,2,0,9,0,11,6,0,6,17
05/01/2023,STC,MN,AGL,CE,Federal Contract Tower,4,4,3,0,11,0,0,20,0,20,4,4,23,0,31,24,0,24,55
05/02/2023,STC,MN,AGL,CE,Federal Contract Tower,0,1,10,0,11,0,4,41,0,45,0,5,51,0,56,50,0,50,106
05/03/2023,STC,MN,AGL,CE,Federal Contract Tower,0,5,7,0,12,0,4,96,0,100,0,9,103,0,112,138,0,138,250
05/04/2023,STC,MN,AGL,CE,Federal Contract Tower,2,4,15,0,21,0,9,84,0,93,2,13,99,0,114,96,0,96,210
05/05/2023,STC,MN,AGL,CE,Federal Contract Tower,2,9,7,0,18,0,0,45,6,51,2,9,52,6,69,56,0,56,125
05/06/2023,STC,MN,AGL,CE,Federal Contract Tower,0,0,12,0,12,0,0,0,0,0,0,0,12,0,12,0,0,0,12
05/07/2023,STC,MN,AGL,CE,Federal Contract Tower,2,0,8,0,10,0,1,47,0,48,2,1,55,0,58,62,0,62,120
05/08/2023,STC,MN,AGL,CE,Federal Contract Tower,2,2,16,2,22,0,0,28,1,29,2,2,44,3,51,74,0,74,125
05/09/2023,STC,MN,AGL,CE,Federal Contract Tower,0,2,9,2,13,0,0,26,6,32,0,2,35,8,45,60,22,82,127
05/10/2023,STC,MN,AGL,CE,Federal Contract Tower,0,9,13,0,22,0,0,54,13,67,0,9,67,13,89,116,14,130,219
05/11/2023,STC,MN,AGL,CE,Federal Contract Tower,0,4,15,2,21,0,4,42,9,55,0,8,57,11,76,78,2,80,156
05/12/2023,STC,MN,AGL,CE,Federal Contract Tower,2,1,5,0,8,0,2,19,5,26,2,3,24,5,34,46,0,46,80
05/13/2023,STC,MN,AGL,CE,Federal Contract Tower,0,0,6,0,6,0,0,13,0,13,0,0,19,0,19,20,0,20,39
05/14/2023,STC,MN,AGL,CE,Federal Contract Tower,0,0,9,0,9,0,18,42,0,60,0,18,51,0,69,24,0,24,93
05/15/2023,STC,MN,AGL,CE,Federal Contract Tower,2,7,13,0,22,0,5,77,8,90,2,12,90,8,112,58,0,58,170
05/16/2023,STC,MN,AGL,CE,Federal Contract Tower,0,13,5,0,18,0,3,71,14,88,0,16,76,14,106,86,18,104,210
05/17/2023,STC,MN,AGL,CE,Federal Contract Tower,0,2,17,3,22,0,4,69,18,91,0,6,86,21,113,84,44,128,241
05/18/2023,STC,MN,AGL,CE,Federal Contract Tower,0,3,24,5,32,0,0,10,14,24,0,3,34,19,56,30,34,64,120
05/19/2023,STC,MN,AGL,CE,Federal Contract Tower,0,1,10,0,11,0,0,34,7,41,0,1,44,7,52,96,44,140,192
05/20/2023,STC,MN,AGL,CE,Federal Contract Tower,0,2,5,0,7,0,5,86,19,110,0,7,91,19,117,66,34,100,217
05/21/2023,STC,MN,AGL,CE,Federal Contract Tower,0,5,3,0,8,0,3,41,0,44,0,8,44,0,52,26,0,26,78
05/22/2023,STC,MN,AGL,CE,Federal Contract Tower,0,0,9,0,9,0,8,69,2,79,0,8,78,2,88,108,0,108,196
05/23/2023,STC,MN,AGL,CE,Federal Contract Tower,0,5,8,2,15,0,0,70,20,90,0,5,78,22,105,68,6,74,179
05/24/2023,STC,MN,AGL,CE,Federal Contract Tower,0,3,9,2,14,0,0,55,14,69,0,3,64,16,83,67,14,81,164
05/25/2023,STC,MN,AGL,CE,Federal Contract Tower,0,8,17,0,25,0,0,55,6,61,0,8,72,6,86,74,12,86,172
05/26/2023,STC,MN,AGL,CE,Federal Contract Tower,0,7,9,0,16,0,3,66,0,69,0,10,75,0,85,60,0,60,145
05/27/2023,STC,MN,AGL,CE,Federal Contract Tower,0,1,3,0,4,0,2,51,1,54,0,3,54,1,58,48,0,48,106
05/28/2023,STC,MN,AGL,CE,Federal Contract Tower,0,2,1,0,3,0,0,37,0,37,0,2,38,0,40,2,0,2,42
05/29/2023,STC,MN,AGL,CE,Federal Contract Tower,0,0,7,0,7,0,0,22,0,22,0,0,29,0,29,102,0,102,131
05/30/2023,STC,MN,AGL,CE,Federal Contract Tower,0,4,13,1,18,0,0,30,18,48,0,4,43,19,66,56,16,72,138
05/31/2023,STC,MN,AGL,CE,Federal Contract Tower,0,2,9,0,11,0,1,33,12,46,0,3,42,12,57,64,28,92,149
06/01/2023,STC,MN,AGL,CE,Federal Contract Tower,0,2,14,1,17,0,0,46,7,53,0,2,60,8,70,124,6,130,200
06/02/2023,STC,MN,AGL,CE,Federal Contract Tower,0,0,5,0,5,0,1,32,6,39,0,1,37,6,44,50,0,50,94
06/03/2023,STC,MN,AGL,CE,Federal Contract Tower,0,1,3,0,4,0,4,63,0,67,0,5,66,0,71,66,0,66,137
06/04/2023,STC,MN,AGL,CE,Federal Contract Tower,0,2,4,0,6,0,0,85,0,85,0,2,89,0,91,32,0,32,123
06/05/2023,STC,MN,AGL,CE,Federal Contract Tower,0,1,10,0,11,0,0,40,6,46,0,1,50,6,57,72,10,82,139
06/06/2023,STC,MN,AGL,CE,Federal Contract Tower,0,5,15,0,20,0,1,22,12,35,0,6,37,12,55,59,6,65,120
06/07/2023,STC,MN,AGL,CE,Federal Contract Tower,0,2,10,1,13,0,4,45,11,60,0,6,55,12,73,64,26,90,163
06/08/2023,STC,MN,AGL,CE,Federal Contract Tower,0,4,19,3,26,0,0,68,5,73,0,4,87,8,99,110,10,120,219
06/09/2023,STC,MN,AGL,CE,Federal Contract Tower,0,2,9,0,11,0,4,78,16,98,0,6,87,16,109,120,0,120,229
06/10/2023,STC,MN,AGL,CE,Federal Contract Tower,0,2,6,0,8,0,0,7,0,7,0,2,13,0,15,2,0,2,17
06/11/2023,STC,MN,AGL,CE,Federal Contract Tower,0,2,10,0,12,0,0,38,0,38,0,2,48,0,50,10,0,10,60
06/12/2023,STC,MN,AGL,CE,Federal Contract Tower,0,4,9,0,13,0,5,31,1,37,0,9,40,1,50,114,10,124,174
06/13/2023,STC,MN,AGL,CE,Federal Contract Tower,0,5,5,0,10,0,4,51,9,64,0,9,56,9,74,70,22,92,166
06/14/2023,STC,MN,AGL,CE,Federal Contract Tower,0,7,19,0,26,0,0,5,6,11,0,7,24,6,37,42,0,42,79
06/15/2023,STC,MN,AGL,CE,Federal Contract Tower,0,9,14,0,23,0,4,47,5,56,0,13,61,5,79,52,0,52,131
06/16/2023,STC,MN,AGL,CE,Federal Contract Tower,0,3,6,0,9,0,3,65,6,74,0,6,71,6,83,198,0,198,281
06/17/2023,STC,MN,AGL,CE,Federal Contract Tower,0,0,5,0,5,0,0,26,0,26,0,0,31,0,31,24,0,24,55
06/18/2023,STC,MN,AGL,CE,Federal Contract Tower,0,2,8,0,10,0,2,18,0,20,0,4,26,0,30,36,0,36,66
06/19/2023,STC,MN,AGL,CE,Federal Contract Tower,0,1,26,0,27,0,2,27,0,29,0,3,53,0,56,124,0,124,180
06/20/2023,STC,MN,AGL,CE,Federal Contract Tower,0,5,22,0,27,0,4,51,3,58,0,9,73,3,85,102,2,104,189
06/21/2023,STC,MN,AGL,CE,Federal Contract Tower,0,5,15,0,20,0,4,43,3,50,0,9,58,3,70,100,0,100,170
06/22/2023,STC,MN,AGL,CE,Federal Contract Tower,0,4,16,0,20,0,2,44,2,48,0,6,60,2,68,88,0,88,156
06/23/2023,STC,MN,AGL,CE,Federal Contract Tower,0,1,9,0,10,0,4,26,1,31,0,5,35,1,41,60,0,60,101
06/24/2023,STC,MN,AGL,CE,Federal Contract Tower,0,0,2,0,2,0,0,13,4,17,0,0,15,4,19,16,2,18,37
06/25/2023,STC,MN,AGL,CE,Federal Contract Tower,0,3,6,0,9,0,2,4,0,6,0,5,10,0,15,8,0,8,23
06/26/2023,STC,MN,AGL,CE,Federal Contract Tower,0,2,11,0,13,0,12,25,6,43,0,14,36,6,56,72,0,72,128
06/27/2023,STC,MN,AGL,CE,Federal Contract Tower,0,3,13,0,16,0,0,62,6,68,0,3,75,6,84,78,0,78,162
06/28/2023,STC,MN,AGL,CE,Federal Contract Tower,0,3,19,5,27,0,1,6,6,13,0,4,25,11,40,62,18,80,120
06/29/2023,STC,MN,AGL,CE,Federal Contract Tower,0,8,17,1,26,0,11,47,3,61,0,19,64,4,87,24,0,24,111
06/30/2023,STC,MN,AGL,CE,Federal Contract Tower,0,2,8,0,10,0,8,56,0,64,0,10,64,0,74,100,0,100,174
07/01/2023,STC,MN,AGL,CE,Federal Contract Tower,0,1,3,0,4,0,0,60,0,60,0,1,63,0,64,58,0,58,122
07/02/2023,STC,MN,AGL,CE,Federal Contract Tower,0,0,2,0,2,0,0,16,0,16,0,0,18,0,18,12,0,12,30
07/03/2023,STC,MN,AGL,CE,Federal Contract Tower,0,0,4,0,4,0,0,68,0,68,0,0,72,0,72,86,0,86,158
07/04/2023,STC,MN,AGL,CE,Federal Contract Tower,0,3,2,0,5,0,0,23,0,23,0,3,25,0,28,48,0,48,76
07/05/2023,STC,MN,AGL,CE,Federal Contract Tower,0,0,8,1,9,0,8,42,2,52,0,8,50,3,61,76,4,80,141
07/06/2023,STC,MN,AGL,CE,Federal Contract Tower,0,4,10,0,14,0,2,73,21,96,0,6,83,21,110,136,30,166,276
07/07/2023,STC,MN,AGL,CE,Federal Contract Tower,0,1,9,3,13,0,0,43,1,44,0,1,52,4,57,90,0,90,147
07/08/2023,STC,MN,AGL,CE,Federal Contract Tower,0,1,3,0,4,0,0,51,0,51,0,1,54,0,55,100,0,100,155
07/09/2023,STC,MN,AGL,CE,Federal Contract Tower,0,0,3,0,3,0,0,25,0,25,0,0,28,0,28,44,0,44,72
07/10/2023,STC,MN,AGL,CE,Federal Contract Tower,0,2,13,1,16,0,6,53,2,61,0,8,66,3,77,94,0,94,171
07/11/2023,STC,MN,AGL,CE,Federal Contract Tower,0,3,7,0,10,0,16,35,15,66,0,19,42,15,76,38,14,52,128
07/12/2023,STC,MN,AGL,CE,Federal Contract Tower,0,4,12,0,16,0,0,48,22,70,0,4,60,22,86,172,12,184,270
07/13/2023,STC,MN,AGL,CE,Federal Contract Tower,0,2,22,3,27,0,3,44,18,65,0,5,66,21,92,80,22,102,194
07/14/2023,STC,MN,AGL,CE,Federal Contract Tower,0,1,6,1,8,0,0,47,8,55,0,1,53,9,63,64,20,84,147
07/15/2023,STC,MN,AGL,CE,Federal Contract Tower,0,0,6,0,6,0,0,27,0,27,0,0,33,0,33,36,0,36,69
07/16/2023,STC,MN,AGL,CE,Federal Contract Tower,0,0,13,0,13,0,2,35,0,37,0,2,48,0,50,24,0,24,74
07/17/2023,STC,MN,AGL,CE,Federal Contract Tower,0,0,15,2,17,0,6,47,1,54,0,6,62,3,71,72,0,72,143
07/18/2023,STC,MN,AGL,CE,Federal Contract Tower,0,5,9,1,15,0,7,84,18,109,0,12,93,19,124,94,28,122,246
07/19/2023,STC,MN,AGL,CE,Federal Contract Tower,0,0,11,1,12,0,1,52,11,64,0,1,63,12,76,56,34,90,166
07/20/2023,STC,MN,AGL,CE,Federal Contract Tower,0,1,27,5,33,0,1,49,17,67,0,2,76,22,100,114,30,144,244
07/21/2023,STC,MN,AGL,CE,Federal Contract Tower,0,4,9,0,13,0,1,57,14,72,0,5,66,14,85,120,4,124,209
07/22/2023,STC,MN,AGL,CE,Federal Contract Tower,0,0,8,0,8,0,4,29,17,50,0,4,37,17,58,66,0,66,124
07/23/2023,STC,MN,AGL,CE,Federal Contract Tower,0,0,10,0,10,0,0,20,0,20,0,0,30,0,30,46,0,46,76
07/24/2023,STC,MN,AGL,CE,Federal Contract Tower,0,2,25,0,27,0,2,34,1,37,0,4,59,1,64,100,0,100,164
07/25/2023,STC,MN,AGL,CE,Federal Contract Tower,0,4,9,5,18,0,8,34,5,47,0,12,43,10,65,128,38,166,231
07/26/2023,STC,MN,AGL,CE,Federal Contract Tower,0,1,17,3,21,0,4,55,13,72,0,5,72,16,93,72,78,150,243
07/27/2023,STC,MN,AGL,CE,Federal Contract Tower,0,2,12,0,14,0,2,25,11,38,0,4,37,11,52,68,20,88,140
07/28/2023,STC,MN,AGL,CE,Federal Contract Tower,0,2,3,0,5,0,3,44,4,51,0,5,47,4,56,100,0,100,156
07/29/2023,STC,MN,AGL,CE,Federal Contract Tower,0,3,3,0,6,0,0,28,0,28,0,3,31,0,34,132,0,132,166
07/30/2023,STC,MN,AGL,CE,Federal Contract Tower,0,1,8,0,9,0,0,41,0,41,0,1,49,0,50,74,0,74,124
07/31/2023,STC,MN,AGL,CE,Federal Contract Tower,0,0,13,2,15,0,0,63,0,63,0,0,76,2,78,130,0,130,208
08/01/2023,STC,MN,AGL,CE,Federal Contract Tower,0,6,4,0,10,0,1,33,6,40,0,7,37,6,50,112,12,124,174
08/02/2023,STC,MN,AGL,CE,Federal Contract Tower,0,4,16,1,21,0,2,55,9,66,0,6,71,10,87,58,6,64,151
08/03/2023,STC,MN,AGL,CE,Federal Contract Tower,1,3,9,2,15,0,2,48,4,54,1,5,57,6,69,50,8,58,127
08/04/2023,STC,MN,AGL,CE,Federal Contract Tower,0,8,20,1,29,0,1,66,5,72,0,9,86,6,101,106,2,108,209
08/05/2023,STC,MN,AGL,CE,Federal Contract Tower,0,5,4,0,9,0,0,28,0,28,0,5,32,0,37,50,0,50,87
08/06/2023,STC,MN,AGL,CE,Federal Contract Tower,0,3,11,0,14,0,0,17,0,17,0,3,28,0,31,6,0,6,37
08/07/2023,STC,MN,AGL,CE,Federal Contract Tower,0,3,10,2,15,0,2,55,5,62,0,5,65,7,77,126,4,130,207
08/08/2023,STC,MN,AGL,CE,Federal Contract Tower,0,4,25,4,33,0,0,43,25,68,0,4,68,29,101,88,38,126,227
08/09/2023,STC,MN,AGL,CE,Federal Contract Tower,0,0,5,2,7,0,2,31,14,47,0,2,36,16,54,112,0,112,166
08/10/2023,STC,MN,AGL,CE,Federal Contract Tower,0,0,10,0,10,0,9,41,20,70,0,9,51,20,80,152,36,188,268
08/11/2023,STC,MN,AGL,CE,Federal Contract Tower,0,2,11,0,13,0,1,33,10,44,0,3,44,10,57,36,0,36,93
08/12/2023,STC,MN,AGL,CE,Federal Contract Tower,0,3,11,2,16,0,0,45,13,58,0,3,56,15,74,46,32,78,152
08/13/2023,STC,MN,AGL,CE,Federal Contract Tower,0,1,5,0,6,0,0,17,0,17,0,1,22,0,23,8,0,8,31
08/14/2023,STC,MN,AGL,CE,Federal Contract Tower,0,5,15,0,20,0,0,26,0,26,0,5,41,0,46,70,0,70,116
08/15/2023,STC,MN,AGL,CE,Federal Contract Tower,0,5,13,1,19,0,0,60,18,78,0,5,73,19,97,126,0,126,223
08/16/2023,STC,MN,AGL,CE,Federal Contract Tower,0,4,5,1,10,0,6,13,19,38,0,10,18,20,48,12,52,64,112
08/17/2023,STC,MN,AGL,CE,Federal Contract Tower,0,6,18,1,25,0,0,37,13,50,0,6,55,14,75,42,44,86,161
08/18/2023,STC,MN,AGL,CE,Federal Contract Tower,0,0,14,1,15,0,3,50,3,56,0,3,64,4,71,52,0,52,123
08/19/2023,STC,MN,AGL,CE,Federal Contract Tower,0,0,2,0,2,0,2,38,0,40,0,2,40,0,42,52,0,52,94
08/20/2023,STC,MN,AGL,CE,Federal Contract Tower,0,4,5,0,9,0,2,41,0,43,0,6,46,0,52,42,0,42,94
08/21/2023,STC,MN,AGL,CE,Federal Contract Tower,0,1,14,0,15,0,0,27,4,31,0,1,41,4,46,84,22,106,152
08/22/2023,STC,MN,AGL,CE,Federal Contract Tower,0,2,13,2,17,0,4,20,22,46,0,6,33,24,63,54,20,74,137
08/23/2023,STC,MN,AGL,CE,Federal Contract Tower,0,8,12,2,22,0,4,25,8,37,0,12,37,10,59,62,6,68,127
08/24/2023,STC,MN,AGL,CE,Federal Contract Tower,0,3,22,1,26,0,0,34,21,55,0,3,56,22,81,72,24,96,177
08/25/2023,STC,MN,AGL,CE,Federal Contract Tower,0,5,16,0,21,0,0,33,0,33,0,5,49,0,54,116,6,122,176
08/26/2023,STC,MN,AGL,CE,Federal Contract Tower,0,4,21,0,25,0,10,26,0,36,0,14,47,0,61,60,0,60,121
08/27/2023,STC,MN,AGL,CE,Federal Contract Tower,0,2,3,0,5,0,0,45,0,45,0,2,48,0,50,62,0,62,112
08/28/2023,STC,MN,AGL,CE,Federal Contract Tower,0,6,7,0,13,0,0,48,0,48,0,6,55,0,61,196,0,196,257
08/29/2023,STC,MN,AGL,CE,Federal Contract Tower,0,3,11,0,14,0,0,46,2,48,0,3,57,2,62,70,0,70,132
08/30/2023,STC,MN,AGL,CE,Federal Contract Tower,0,8,6,1,15,0,0,46,10,56,0,8,52,11,71,104,26,130,201
08/31/2023,STC,MN,AGL,CE,Federal Contract Tower,0,0,24,0,24,0,5,39,4,48,0,5,63,4,72,44,0,44,116
