01/01/2020,STL,MO,ACE,CE,Towers with Radar,335,82,8,0,425,0,3,2,0,5,335,85,10,0,430,0,0,0,430
01/02/2020,STL,MO,ACE,CE,Towers with Radar,390,107,13,1,511,0,2,2,0,4,390,109,15,1,515,0,0,0,515
01/03/2020,STL,MO,ACE,CE,Towers with Radar,402,110,9,1,522,0,0,2,0,2,402,110,11,1,524,0,0,0,524
01/04/2020,STL,MO,ACE,CE,Towers with Radar,267,91,4,0,362,0,1,0,0,1,267,92,4,0,363,0,0,0,363
01/05/2020,STL,MO,ACE,CE,Towers with Radar,386,97,9,0,492,0,4,0,0,4,386,101,9,0,496,0,0,0,496
01/06/2020,STL,MO,ACE,CE,Towers with Radar,405,108,13,6,532,0,2,3,4,9,405,110,16,10,541,0,0,0,541
01/07/2020,STL,MO,ACE,CE,Towers with Radar,391,109,13,0,513,0,4,5,0,9,391,113,18,0,522,0,0,0,522
01/08/2020,STL,MO,ACE,CE,Towers with Radar,396,107,21,4,528,0,5,5,5,15,396,112,26,9,543,6,0,6,549
01/09/2020,STL,MO,ACE,CE,Towers with Radar,398,133,14,1,546,0,1,2,1,4,398,134,16,2,550,0,0,0,550
01/10/2020,STL,MO,ACE,CE,Towers with Radar,398,116,16,0,530,0,0,0,0,0,398,116,16,0,530,0,0,0,530
01/11/2020,STL,MO,ACE,CE,Towers with Radar,249,66,3,0,318,0,0,0,0,0,249,66,3,0,318,0,0,0,318
01/12/2020,STL,MO,ACE,CE,Towers with Radar,376,105,7,0,488,0,0,2,0,2,376,105,9,0,490,0,0,0,490
01/13/2020,STL,MO,ACE,CE,Towers with Radar,401,119,10,1,531,0,0,0,1,1,401,119,10,2,532,0,0,0,532
01/14/2020,STL,MO,ACE,CE,Towers with Radar,396,132,19,20,567,0,1,2,1,4,396,133,21,21,571,0,0,0,571
01/15/2020,STL,MO,ACE,CE,Towers with Radar,403,137,19,12,571,0,0,1,1,2,403,137,20,13,573,0,0,0,573
01/16/2020,STL,MO,ACE,CE,Towers with Radar,407,126,16,10,559,0,6,13,7,26,407,132,29,17,585,0,12,12,597
01/17/2020,STL,MO,ACE,CE,Towers with Radar,280,77,13,0,370,0,0,1,0,1,280,77,14,0,371,0,0,0,371
01/18/2020,STL,MO,ACE,CE,Towers with Radar,262,78,8,1,349,0,0,0,0,0,262,78,8,1,349,0,0,0,349
01/19/2020,STL,MO,ACE,CE,Towers with Radar,348,97,4,0,449,0,0,1,6,7,348,97,5,6,456,0,0,0,456
01/20/2020,STL,MO,ACE,CE,Towers with Radar,400,126,7,8,541,0,0,0,1,1,400,126,7,9,542,0,0,0,542
01/21/2020,STL,MO,ACE,CE,Towers with Radar,394,119,15,9,537,0,3,8,7,18,394,122,23,16,555,0,0,0,555
01/22/2020,STL,MO,ACE,CE,Towers with Radar,390,119,10,6,525,0,2,5,2,9,390,121,15,8,534,0,0,0,534
01/23/2020,STL,MO,ACE,CE,Towers with Radar,355,135,10,0,500,0,0,0,0,0,355,135,10,0,500,0,0,0,500
01/24/2020,STL,MO,ACE,CE,Towers with Radar,397,132,9,0,538,0,0,0,0,0,397,132,9,0,538,0,0,0,538
01/25/2020,STL,MO,ACE,CE,Towers with Radar,261,100,8,0,369,0,0,0,0,0,261,100,8,0,369,0,0,0,369
01/26/2020,STL,MO,ACE,CE,Towers with Radar,375,106,14,0,495,0,1,1,0,2,375,107,15,0,497,0,0,0,497
01/27/2020,STL,MO,ACE,CE,Towers with Radar,397,132,11,0,540,0,0,0,0,0,397,132,11,0,540,0,0,0,540
01/28/2020,STL,MO,ACE,CE,Towers with Radar,395,122,18,0,535,0,0,0,0,0,395,122,18,0,535,0,0,0,535
01/29/2020,STL,MO,ACE,CE,Towers with Radar,398,122,10,0,530,0,0,0,0,0,398,122,10,0,530,0,0,0,530
01/30/2020,STL,MO,ACE,CE,Towers with Radar,406,127,20,1,554,0,0,1,0,1,406,127,21,1,555,0,0,0,555
01/31/2020,STL,MO,ACE,CE,Towers with Radar,404,130,15,1,550,0,1,2,0,3,404,131,17,1,553,0,0,0,553
02/01/2020,STL,MO,ACE,CE,Towers with Radar,266,95,6,2,369,0,1,2,0,3,266,96,8,2,372,0,0,0,372
02/02/2020,STL,MO,ACE,CE,Towers with Radar,358,99,14,1,472,0,6,0,1,7,358,105,14,2,479,0,0,0,479
02/03/2020,STL,MO,ACE,CE,Towers with Radar,403,124,7,6,540,0,4,4,10,18,403,128,11,16,558,0,0,0,558
02/04/2020,STL,MO,ACE,CE,Towers with Radar,396,119,15,0,530,0,0,2,0,2,396,119,17,0,532,0,0,0,532
02/05/2020,STL,MO,ACE,CE,Towers with Radar,348,87,11,0,446,0,0,0,0,0,348,87,11,0,446,0,0,0,446
02/06/2020,STL,MO,ACE,CE,Towers with Radar,390,117,17,0,524,0,0,1,0,1,390,117,18,0,525,0,0,0,525
02/07/2020,STL,MO,ACE,CE,Towers with Radar,394,119,18,6,537,0,0,1,4,5,394,119,19,10,542,0,0,0,542
02/08/2020,STL,MO,ACE,CE,Towers with Radar,267,79,7,2,355,0,0,2,1,3,267,79,9,3,358,0,0,0,358
02/09/2020,STL,MO,ACE,CE,Towers with Radar,363,95,1,0,459,0,0,0,0,0,363,95,1,0,459,0,0,0,459
02/10/2020,STL,MO,ACE,CE,Towers with Radar,405,118,13,5,541,0,0,0,0,0,405,118,13,5,541,0,0,0,541
02/11/2020,STL,MO,ACE,CE,Towers with Radar,394,117,11,2,524,0,0,4,3,7,394,117,15,5,531,0,0,0,531
02/12/2020,STL,MO,ACE,CE,Towers with Radar,395,116,16,2,529,0,0,0,0,0,395,116,16,2,529,0,0,0,529
02/13/2020,STL,MO,ACE,CE,Towers with Radar,389,137,34,2,562,0,3,1,2,6,389,140,35,4,568,0,0,0,568
02/14/2020,STL,MO,ACE,CE,Towers with Radar,417,125,17,8,567,0,5,11,3,19,417,130,28,11,586,0,0,0,586
02/15/2020,STL,MO,ACE,CE,Towers with Radar,272,85,7,0,364,0,1,3,0,4,272,86,10,0,368,0,0,0,368
02/16/2020,STL,MO,ACE,CE,Towers with Radar,360,93,8,0,461,0,2,3,0,5,360,95,11,0,466,0,0,0,466
02/17/2020,STL,MO,ACE,CE,Towers with Radar,402,134,11,0,547,0,0,0,0,0,402,134,11,0,547,0,0,0,547
02/18/2020,STL,MO,ACE,CE,Towers with Radar,397,121,19,4,541,0,4,4,1,9,397,125,23,5,550,0,0,0,550
02/19/2020,STL,MO,ACE,CE,Towers with Radar,401,137,17,5,560,0,9,8,5,22,401,146,25,10,582,0,0,0,582
02/20/2020,STL,MO,ACE,CE,Towers with Radar,403,117,18,7,545,0,8,6,4,18,403,125,24,11,563,0,0,0,563
02/21/2020,STL,MO,ACE,CE,Towers with Radar,407,125,15,6,553,0,6,2,6,14,407,131,17,12,567,0,0,0,567
02/22/2020,STL,MO,ACE,CE,Towers with Radar,273,87,8,1,369,0,4,5,3,12,273,91,13,4,381,0,0,0,381
02/23/2020,STL,MO,ACE,CE,Towers with Radar,375,105,6,0,486,0,4,7,1,12,375,109,13,1,498,0,0,0,498
02/24/2020,STL,MO,ACE,CE,Towers with Radar,402,124,10,0,536,0,0,0,0,0,402,124,10,0,536,0,0,0,536
02/25/2020,STL,MO,ACE,CE,Towers with Radar,392,115,9,0,516,0,0,0,0,0,392,115,9,0,516,0,0,0,516
02/26/2020,STL,MO,ACE,CE,Towers with Radar,403,120,19,4,546,0,2,0,1,3,403,122,19,5,549,0,0,0,549
02/27/2020,STL,MO,ACE,CE,Towers with Radar,397,125,19,3,544,0,4,3,8,15,397,129,22,11,559,0,0,0,559
02/28/2020,STL,MO,ACE,CE,Towers with Radar,407,118,11,1,537,0,0,2,4,6,407,118,13,5,543,0,0,0,543
02/29/2020,STL,MO,ACE,CE,Towers with Radar,276,80,7,0,363,0,4,6,2,12,276,84,13,2,375,0,0,0,375
03/01/2020,STL,MO,ACE,CE,Towers with Radar,372,94,5,2,473,0,7,4,2,13,372,101,9,4,486,0,0,0,486
03/02/2020,STL,MO,ACE,CE,Towers with Radar,395,128,14,2,539,0,0,2,0,2,395,128,16,2,541,0,0,0,541
03/03/2020,STL,MO,ACE,CE,Towers with Radar,410,111,10,3,534,0,10,7,0,17,410,121,17,3,551,0,0,0,551
03/04/2020,STL,MO,ACE,CE,Towers with Radar,401,117,17,5,540,0,8,11,1,20,401,125,28,6,560,0,0,0,560
03/05/2020,STL,MO,ACE,CE,Towers with Radar,395,118,17,5,535,0,5,0,6,11,395,123,17,11,546,0,0,0,546
03/06/2020,STL,MO,ACE,CE,Towers with Radar,395,120,17,2,534,0,3,3,0,6,395,123,20,2,540,0,0,0,540
03/07/2020,STL,MO,ACE,CE,Towers with Radar,310,87,5,0,402,0,6,2,0,8,310,93,7,0,410,14,0,14,424
03/08/2020,STL,MO,ACE,CE,Towers with Radar,365,100,6,1,472,0,6,2,0,8,365,106,8,1,480,0,0,0,480
03/09/2020,STL,MO,ACE,CE,Towers with Radar,408,120,8,0,536,0,0,1,0,1,408,120,9,0,537,0,0,0,537
03/10/2020,STL,MO,ACE,CE,Towers with Radar,402,114,15,2,533,0,0,0,0,0,402,114,15,2,533,0,0,0,533
03/11/2020,STL,MO,ACE,CE,Towers with Radar,403,111,18,10,542,0,1,0,4,5,403,112,18,14,547,0,0,0,547
03/12/2020,STL,MO,ACE,CE,Towers with Radar,401,123,13,0,537,0,0,1,0,1,401,123,14,0,538,0,0,0,538
03/13/2020,STL,MO,ACE,CE,Towers with Radar,401,134,14,3,552,1,2,2,1,6,402,136,16,4,558,0,0,0,558
03/14/2020,STL,MO,ACE,CE,Towers with Radar,321,85,10,0,416,0,0,0,0,0,321,85,10,0,416,0,0,0,416
03/15/2020,STL,MO,ACE,CE,Towers with Radar,377,95,2,0,474,0,2,0,0,2,377,97,2,0,476,0,0,0,476
03/16/2020,STL,MO,ACE,CE,Towers with Radar,399,108,9,0,516,0,0,1,0,1,399,108,10,0,517,0,0,0,517
03/17/2020,STL,MO,ACE,CE,Towers with Radar,383,116,14,1,514,0,3,2,3,8,383,119,16,4,522,0,0,0,522
03/18/2020,STL,MO,ACE,CE,Towers with Radar,339,114,8,0,461,0,0,0,0,0,339,114,8,0,461,0,0,0,461
03/19/2020,STL,MO,ACE,CE,Towers with Radar,352,90,6,0,448,0,1,0,0,1,352,91,6,0,449,0,0,0,449
03/20/2020,STL,MO,ACE,CE,Towers with Radar,335,115,7,7,464,0,1,6,2,9,335,116,13,9,473,0,0,0,473
03/21/2020,STL,MO,ACE,CE,Towers with Radar,275,76,10,0,361,0,2,4,0,6,275,78,14,0,367,0,0,0,367
03/22/2020,STL,MO,ACE,CE,Towers with Radar,284,86,5,0,375,0,0,0,0,0,284,86,5,0,375,0,0,0,375
03/23/2020,STL,MO,ACE,CE,Towers with Radar,273,101,8,4,386,0,1,0,0,1,273,102,8,4,387,0,0,0,387
03/24/2020,STL,MO,ACE,CE,Towers with Radar,273,87,7,2,369,0,0,0,2,2,273,87,7,4,371,0,0,0,371
03/25/2020,STL,MO,ACE,CE,Towers with Radar,236,94,6,4,340,0,3,1,4,8,236,97,7,8,348,0,0,0,348
03/26/2020,STL,MO,ACE,CE,Towers with Radar,247,80,3,7,337,0,4,5,7,16,247,84,8,14,353,0,0,0,353
03/27/2020,STL,MO,ACE,CE,Towers with Radar,223,83,6,1,313,0,0,3,1,4,223,83,9,2,317,0,0,0,317
03/28/2020,STL,MO,ACE,CE,Towers with Radar,154,57,4,0,215,0,0,0,0,0,154,57,4,0,215,0,0,0,215
03/29/2020,STL,MO,ACE,CE,Towers with Radar,194,43,3,0,240,0,1,1,0,2,194,44,4,0,242,0,0,0,242
03/30/2020,STL,MO,ACE,CE,Towers with Radar,196,61,5,0,262,0,12,5,0,17,196,73,10,0,279,0,0,0,279
03/31/2020,STL,MO,ACE,CE,Towers with Radar,214,63,6,5,288,0,3,4,3,10,214,66,10,8,298,0,0,0,298
04/01/2020,STL,MO,ACE,CE,Towers with Radar,204,62,4,2,272,0,8,4,2,14,204,70,8,4,286,0,0,0,286
04/02/2020,STL,MO,ACE,CE,Towers with Radar,211,48,2,6,267,0,6,2,6,14,211,54,4,12,281,0,0,0,281
04/03/2020,STL,MO,ACE,CE,Towers with Radar,210,51,3,2,266,0,4,0,0,4,210,55,3,2,270,0,0,0,270
04/04/2020,STL,MO,ACE,CE,Towers with Radar,150,41,1,0,192,0,0,0,0,0,150,41,1,0,192,0,0,0,192
04/05/2020,STL,MO,ACE,CE,Towers with Radar,191,38,3,0,232,0,0,2,0,2,191,38,5,0,234,0,0,0,234
04/06/2020,STL,MO,ACE,CE,Towers with Radar,175,50,6,1,232,0,1,2,1,4,175,51,8,2,236,0,0,0,236
04/07/2020,STL,MO,ACE,CE,Towers with Radar,170,57,10,7,244,0,1,2,9,12,170,58,12,16,256,0,0,0,256
04/08/2020,STL,MO,ACE,CE,Towers with Radar,177,51,6,1,235,0,5,0,1,6,177,56,6,2,241,0,0,0,241
04/09/2020,STL,MO,ACE,CE,Towers with Radar,173,46,7,5,231,0,2,4,7,13,173,48,11,12,244,0,0,0,244
04/10/2020,STL,MO,ACE,CE,Towers with Radar,169,44,7,13,233,0,6,8,1,15,169,50,15,14,248,14,46,60,308
04/11/2020,STL,MO,ACE,CE,Towers with Radar,128,34,1,0,163,0,0,6,0,6,128,34,7,0,169,0,0,0,169
04/12/2020,STL,MO,ACE,CE,Towers with Radar,149,25,2,0,176,0,0,0,0,0,149,25,2,0,176,0,0,0,176
04/13/2020,STL,MO,ACE,CE,Towers with Radar,159,54,0,3,216,0,5,2,3,10,159,59,2,6,226,0,0,0,226
04/14/2020,STL,MO,ACE,CE,Towers with Radar,144,48,4,2,198,0,7,4,7,18,144,55,8,9,216,0,0,0,216
04/15/2020,STL,MO,ACE,CE,Towers with Radar,156,51,3,2,212,0,3,0,4,7,156,54,3,6,219,0,0,0,219
04/16/2020,STL,MO,ACE,CE,Towers with Radar,152,48,4,3,207,0,4,0,5,9,152,52,4,8,216,0,0,0,216
04/17/2020,STL,MO,ACE,CE,Towers with Radar,146,53,9,2,210,0,0,2,1,3,146,53,11,3,213,0,0,0,213
04/18/2020,STL,MO,ACE,CE,Towers with Radar,127,30,4,0,161,0,2,7,0,9,127,32,11,0,170,0,0,0,170
04/19/2020,STL,MO,ACE,CE,Towers with Radar,115,32,3,0,150,0,1,5,1,7,115,33,8,1,157,0,0,0,157
04/20/2020,STL,MO,ACE,CE,Towers with Radar,115,53,4,4,176,0,5,11,5,21,115,58,15,9,197,0,0,0,197
04/21/2020,STL,MO,ACE,CE,Towers with Radar,134,48,11,9,202,0,6,9,4,19,134,54,20,13,221,0,0,0,221
04/22/2020,STL,MO,ACE,CE,Towers with Radar,123,43,7,2,175,0,7,3,2,12,123,50,10,4,187,0,0,0,187
04/23/2020,STL,MO,ACE,CE,Towers with Radar,139,53,5,0,197,0,0,3,0,3,139,53,8,0,200,0,0,0,200
04/24/2020,STL,MO,ACE,CE,Towers with Radar,131,46,7,10,194,0,4,4,6,14,131,50,11,16,208,0,0,0,208
04/25/2020,STL,MO,ACE,CE,Towers with Radar,117,37,3,0,157,0,0,0,0,0,117,37,3,0,157,0,0,0,157
04/26/2020,STL,MO,ACE,CE,Towers with Radar,119,34,4,0,157,0,6,7,0,13,119,40,11,0,170,0,0,0,170
04/27/2020,STL,MO,ACE,CE,Towers with Radar,129,46,4,3,182,0,7,2,3,12,129,53,6,6,194,20,22,42,236
04/28/2020,STL,MO,ACE,CE,Towers with Radar,137,40,3,6,186,0,5,6,1,12,137,45,9,7,198,0,0,0,198
04/29/2020,STL,MO,ACE,CE,Towers with Radar,133,51,6,2,192,0,0,0,0,0,133,51,6,2,192,0,0,0,192
04/30/2020,STL,MO,ACE,CE,Towers with Radar,136,52,6,6,200,0,3,2,2,7,136,55,8,8,207,0,0,0,207
05/01/2020,STL,MO,ACE,CE,Towers with Radar,129,55,5,5,194,0,11,5,3,19,129,66,10,8,213,0,0,0,213
05/02/2020,STL,MO,ACE,CE,Towers with Radar,123,33,2,0,158,0,3,12,0,15,123,36,14,0,173,0,0,0,173
05/03/2020,STL,MO,ACE,CE,Towers with Radar,118,36,0,0,154,0,0,6,0,6,118,36,6,0,160,0,0,0,160
05/04/2020,STL,MO,ACE,CE,Towers with Radar,126,39,3,3,171,0,2,5,1,8,126,41,8,4,179,0,0,0,179
05/05/2020,STL,MO,ACE,CE,Towers with Radar,125,55,6,0,186,0,1,0,2,3,125,56,6,2,189,0,0,0,189
05/06/2020,STL,MO,ACE,CE,Towers with Radar,121,51,6,3,181,0,1,14,2,17,121,52,20,5,198,0,0,0,198
05/07/2020,STL,MO,ACE,CE,Towers with Radar,127,56,7,5,195,0,4,5,4,13,127,60,12,9,208,0,0,0,208
05/08/2020,STL,MO,ACE,CE,Towers with Radar,136,60,12,9,217,0,1,1,2,4,136,61,13,11,221,0,0,0,221
05/09/2020,STL,MO,ACE,CE,Towers with Radar,110,35,2,0,147,0,3,6,0,9,110,38,8,0,156,0,0,0,156
05/10/2020,STL,MO,ACE,CE,Towers with Radar,123,44,1,0,168,0,2,4,0,6,123,46,5,0,174,0,0,0,174
05/11/2020,STL,MO,ACE,CE,Towers with Radar,128,60,4,16,208,0,4,21,22,47,128,64,25,38,255,0,0,0,255
05/12/2020,STL,MO,ACE,CE,Towers with Radar,116,52,6,0,174,0,2,43,0,45,116,54,49,0,219,0,0,0,219
05/13/2020,STL,MO,ACE,CE,Towers with Radar,127,50,5,1,183,0,0,0,0,0,127,50,5,1,183,0,0,0,183
05/14/2020,STL,MO,ACE,CE,Towers with Radar,128,55,10,7,200,0,1,4,4,9,128,56,14,11,209,0,0,0,209
05/15/2020,STL,MO,ACE,CE,Towers with Radar,130,56,19,0,205,0,1,2,0,3,130,57,21,0,208,0,0,0,208
05/16/2020,STL,MO,ACE,CE,Towers with Radar,106,32,2,0,140,0,1,1,0,2,106,33,3,0,142,0,0,0,142
05/17/2020,STL,MO,ACE,CE,Towers with Radar,127,33,7,0,167,0,1,2,0,3,127,34,9,0,170,0,0,0,170
05/18/2020,STL,MO,ACE,CE,Towers with Radar,130,58,7,3,198,0,2,2,0,4,130,60,9,3,202,0,0,0,202
05/19/2020,STL,MO,ACE,CE,Towers with Radar,121,60,6,2,189,0,0,0,1,1,121,60,6,3,190,0,0,0,190
05/20/2020,STL,MO,ACE,CE,Towers with Radar,136,61,8,4,209,0,1,0,0,1,136,62,8,4,210,0,0,0,210
05/21/2020,STL,MO,ACE,CE,Towers with Radar,142,65,12,2,221,0,0,3,0,3,142,65,15,2,224,0,0,0,224
05/22/2020,STL,MO,ACE,CE,Towers with Radar,140,59,11,2,212,0,1,0,4,5,140,60,11,6,217,0,0,0,217
05/23/2020,STL,MO,ACE,CE,Towers with Radar,113,40,9,0,162,0,0,8,0,8,113,40,17,0,170,0,0,0,170
05/24/2020,STL,MO,ACE,CE,Towers with Radar,128,32,4,0,164,0,1,5,0,6,128,33,9,0,170,0,0,0,170
05/25/2020,STL,MO,ACE,CE,Towers with Radar,126,52,3,0,181,0,5,7,0,12,126,57,10,0,193,0,0,0,193
05/26/2020,STL,MO,ACE,CE,Towers with Radar,118,57,12,6,193,0,5,1,4,10,118,62,13,10,203,0,0,0,203
05/27/2020,STL,MO,ACE,CE,Towers with Radar,139,60,5,0,204,0,0,0,0,0,139,60,5,0,204,0,0,0,204
05/28/2020,STL,MO,ACE,CE,Towers with Radar,140,53,19,5,217,0,0,2,5,7,140,53,21,10,224,0,0,0,224
05/29/2020,STL,MO,ACE,CE,Towers with Radar,137,59,11,12,219,0,2,5,6,13,137,61,16,18,232,0,0,0,232
05/30/2020,STL,MO,ACE,CE,Towers with Radar,116,38,6,0,160,0,0,6,0,6,116,38,12,0,166,0,0,0,166
05/31/2020,STL,MO,ACE,CE,Towers with Radar,134,48,5,1,188,0,8,5,0,13,134,56,10,1,201,0,0,0,201
06/01/2020,STL,MO,ACE,CE,Towers with Radar,143,58,7,0,208,0,9,6,0,15,143,67,13,0,223,0,0,0,223
06/02/2020,STL,MO,ACE,CE,Towers with Radar,128,53,14,18,213,0,13,11,8,32,128,66,25,26,245,0,0,0,245
06/03/2020,STL,MO,ACE,CE,Towers with Radar,146,55,6,18,225,0,8,6,5,19,146,63,12,23,244,0,0,0,244
06/04/2020,STL,MO,ACE,CE,Towers with Radar,150,57,10,5,222,0,3,2,4,9,150,60,12,9,231,0,0,0,231
06/05/2020,STL,MO,ACE,CE,Towers with Radar,151,55,7,8,221,0,6,1,7,14,151,61,8,15,235,0,0,0,235
06/06/2020,STL,MO,ACE,CE,Towers with Radar,131,41,5,3,180,0,4,2,2,8,131,45,7,5,188,0,0,0,188
06/07/2020,STL,MO,ACE,CE,Towers with Radar,175,41,1,0,217,0,6,2,0,8,175,47,3,0,225,0,0,0,225
06/08/2020,STL,MO,ACE,CE,Towers with Radar,180,51,8,8,247,0,7,5,3,15,180,58,13,11,262,0,0,0,262
06/09/2020,STL,MO,ACE,CE,Towers with Radar,167,67,11,6,251,0,0,0,1,1,167,67,11,7,252,0,0,0,252
06/10/2020,STL,MO,ACE,CE,Towers with Radar,171,66,10,0,247,0,2,4,0,6,171,68,14,0,253,0,0,0,253
06/11/2020,STL,MO,ACE,CE,Towers with Radar,184,65,14,15,278,0,10,4,4,18,184,75,18,19,296,22,20,42,338
06/12/2020,STL,MO,ACE,CE,Towers with Radar,183,52,6,5,246,0,12,5,2,19,183,64,11,7,265,0,0,0,265
06/13/2020,STL,MO,ACE,CE,Towers with Radar,164,39,3,0,206,0,2,2,0,4,164,41,5,0,210,0,0,0,210
06/14/2020,STL,MO,ACE,CE,Towers with Radar,201,37,4,0,242,0,6,2,0,8,201,43,6,0,250,0,0,0,250
06/15/2020,STL,MO,ACE,CE,Towers with Radar,200,50,7,3,260,0,7,10,1,18,200,57,17,4,278,0,0,0,278
06/16/2020,STL,MO,ACE,CE,Towers with Radar,189,58,7,11,265,0,7,1,7,15,189,65,8,18,280,0,0,0,280
06/17/2020,STL,MO,ACE,CE,Towers with Radar,184,56,12,20,272,0,5,2,6,13,184,61,14,26,285,0,32,32,317
06/18/2020,STL,MO,ACE,CE,Towers with Radar,206,64,14,10,294,0,4,2,8,14,206,68,16,18,308,0,0,0,308
06/19/2020,STL,MO,ACE,CE,Towers with Radar,207,69,4,3,283,0,1,6,3,10,207,70,10,6,293,0,0,0,293
06/20/2020,STL,MO,ACE,CE,Towers with Radar,183,36,9,0,228,0,1,0,0,1,183,37,9,0,229,0,0,0,229
06/21/2020,STL,MO,ACE,CE,Towers with Radar,224,39,6,0,269,0,1,4,0,5,224,40,10,0,274,0,0,0,274
06/22/2020,STL,MO,ACE,CE,Towers with Radar,230,61,3,1,295,0,2,0,0,2,230,63,3,1,297,0,0,0,297
06/23/2020,STL,MO,ACE,CE,Towers with Radar,213,53,15,9,290,0,3,15,4,22,213,56,30,13,312,0,0,0,312
06/24/2020,STL,MO,ACE,CE,Towers with Radar,215,60,10,1,286,0,2,6,5,13,215,62,16,6,299,0,0,0,299
06/25/2020,STL,MO,ACE,CE,Towers with Radar,232,56,9,6,303,0,10,0,5,15,232,66,9,11,318,0,0,0,318
06/26/2020,STL,MO,ACE,CE,Towers with Radar,236,63,8,6,313,0,4,6,2,12,236,67,14,8,325,0,0,0,325
06/27/2020,STL,MO,ACE,CE,Towers with Radar,215,53,3,0,271,0,1,2,0,3,215,54,5,0,274,0,0,0,274
06/28/2020,STL,MO,ACE,CE,Towers with Radar,240,44,7,0,291,0,2,2,0,4,240,46,9,0,295,0,0,0,295
06/29/2020,STL,MO,ACE,CE,Towers with Radar,259,61,2,0,322,0,3,3,0,6,259,64,5,0,328,0,0,0,328
06/30/2020,STL,MO,ACE,CE,Towers with Radar,245,62,10,1,318,0,0,0,1,1,245,62,10,2,319,0,0,0,319
07/01/2020,STL,MO,ACE,CE,Towers with Radar,253,67,16,0,336,0,0,2,0,2,253,67,18,0,338,0,0,0,338
07/02/2020,STL,MO,ACE,CE,Towers with Radar,271,68,11,10,360,0,1,2,4,7,271,69,13,14,367,0,0,0,367
07/03/2020,STL,MO,ACE,CE,Towers with Radar,263,59,7,2,331,0,0,0,0,0,263,59,7,2,331,0,0,0,331
07/04/2020,STL,MO,ACE,CE,Towers with Radar,203,40,2,1,246,0,1,3,0,4,203,41,5,1,250,0,0,0,250
07/05/2020,STL,MO,ACE,CE,Towers with Radar,259,55,7,1,322,0,2,1,0,3,259,57,8,1,325,0,0,0,325
07/06/2020,STL,MO,ACE,CE,Towers with Radar,288,58,11,0,357,0,4,8,0,12,288,62,19,0,369,0,0,0,369
07/07/2020,STL,MO,ACE,CE,Towers with Radar,283,65,8,8,364,0,3,2,4,9,283,68,10,12,373,0,0,0,373
07/08/2020,STL,MO,ACE,CE,Towers with Radar,284,56,8,2,350,0,3,3,5,11,284,59,11,7,361,0,0,0,361
07/09/2020,STL,MO,ACE,CE,Towers with Radar,306,60,12,2,380,0,6,2,4,12,306,66,14,6,392,0,0,0,392
07/10/2020,STL,MO,ACE,CE,Towers with Radar,299,75,6,1,381,0,7,4,5,16,299,82,10,6,397,0,0,0,397
07/11/2020,STL,MO,ACE,CE,Towers with Radar,267,48,0,1,316,0,2,7,2,11,267,50,7,3,327,0,0,0,327
07/12/2020,STL,MO,ACE,CE,Towers with Radar,294,46,12,0,352,0,5,3,0,8,294,51,15,0,360,0,0,0,360
07/13/2020,STL,MO,ACE,CE,Towers with Radar,304,53,7,2,366,0,6,2,0,8,304,59,9,2,374,0,0,0,374
07/14/2020,STL,MO,ACE,CE,Towers with Radar,282,54,7,5,348,0,7,7,4,18,282,61,14,9,366,0,0,0,366
07/15/2020,STL,MO,ACE,CE,Towers with Radar,282,62,12,2,358,0,0,3,1,4,282,62,15,3,362,0,0,0,362
07/16/2020,STL,MO,ACE,CE,Towers with Radar,305,62,14,3,384,0,2,1,3,6,305,64,15,6,390,0,0,0,390
07/17/2020,STL,MO,ACE,CE,Towers with Radar,311,73,6,3,393,0,3,3,1,7,311,76,9,4,400,0,0,0,400
07/18/2020,STL,MO,ACE,CE,Towers with Radar,283,37,3,0,323,0,1,0,0,1,283,38,3,0,324,0,0,0,324
07/19/2020,STL,MO,ACE,CE,Towers with Radar,318,48,2,0,368,0,0,0,0,0,318,48,2,0,368,0,0,0,368
07/20/2020,STL,MO,ACE,CE,Towers with Radar,300,53,4,0,357,0,1,1,0,2,300,54,5,0,359,0,0,0,359
07/21/2020,STL,MO,ACE,CE,Towers with Radar,292,55,13,6,366,0,0,4,3,7,292,55,17,9,373,0,0,0,373
07/22/2020,STL,MO,ACE,CE,Towers with Radar,288,60,15,3,366,0,0,6,5,11,288,60,21,8,377,0,0,0,377
07/23/2020,STL,MO,ACE,CE,Towers with Radar,310,66,17,7,400,0,2,6,4,12,310,68,23,11,412,0,0,0,412
07/24/2020,STL,MO,ACE,CE,Towers with Radar,304,60,17,1,382,0,2,6,2,10,304,62,23,3,392,0,0,0,392
07/25/2020,STL,MO,ACE,CE,Towers with Radar,277,49,4,0,330,0,0,2,0,2,277,49,6,0,332,0,0,0,332
07/26/2020,STL,MO,ACE,CE,Towers with Radar,301,54,7,0,362,0,0,2,0,2,301,54,9,0,364,0,0,0,364
07/27/2020,STL,MO,ACE,CE,Towers with Radar,307,60,8,0,375,0,0,3,0,3,307,60,11,0,378,0,0,0,378
07/28/2020,STL,MO,ACE,CE,Towers with Radar,283,60,19,6,368,0,2,11,5,18,283,62,30,11,386,0,0,0,386
07/29/2020,STL,MO,ACE,CE,Towers with Radar,280,52,12,6,350,0,0,3,2,5,280,52,15,8,355,0,0,0,355
07/30/2020,STL,MO,ACE,CE,Towers with Radar,303,71,9,0,383,0,1,0,0,1,303,72,9,0,384,0,0,0,384
07/31/2020,STL,MO,ACE,CE,Towers with Radar,303,79,14,1,397,0,0,0,1,1,303,79,14,2,398,0,0,0,398
08/01/2020,STL,MO,ACE,CE,Towers with Radar,285,38,5,0,328,0,0,1,0,1,285,38,6,0,329,0,0,0,329
08/02/2020,STL,MO,ACE,CE,Towers with Radar,301,48,5,0,354,0,1,0,0,1,301,49,5,0,355,0,0,0,355
08/03/2020,STL,MO,ACE,CE,Towers with Radar,317,65,6,1,389,0,0,6,2,8,317,65,12,3,397,0,0,0,397
08/04/2020,STL,MO,ACE,CE,Towers with Radar,277,60,15,10,362,0,1,2,4,7,277,61,17,14,369,0,0,0,369
08/05/2020,STL,MO,ACE,CE,Towers with Radar,301,64,17,3,385,0,0,6,5,11,301,64,23,8,396,0,0,0,396
08/06/2020,STL,MO,ACE,CE,Towers with Radar,318,71,8,3,400,0,4,9,2,15,318,75,17,5,415,0,0,0,415
08/07/2020,STL,MO,ACE,CE,Towers with Radar,324,68,12,5,409,0,7,5,6,18,324,75,17,11,427,0,0,0,427
08/08/2020,STL,MO,ACE,CE,Towers with Radar,294,52,9,1,356,0,1,2,1,4,294,53,11,2,360,0,0,0,360
08/09/2020,STL,MO,ACE,CE,Towers with Radar,306,52,8,0,366,0,0,3,0,3,306,52,11,0,369,0,0,0,369
08/10/2020,STL,MO,ACE,CE,Towers with Radar,323,61,9,1,394,0,0,3,0,3,323,61,12,1,397,0,0,0,397
08/11/2020,STL,MO,ACE,CE,Towers with Radar,314,58,4,2,378,0,0,4,2,6,314,58,8,4,384,0,0,0,384
08/12/2020,STL,MO,ACE,CE,Towers with Radar,305,63,15,4,387,0,0,5,4,9,305,63,20,8,396,0,0,0,396
08/13/2020,STL,MO,ACE,CE,Towers with Radar,327,61,7,5,400,0,1,2,5,8,327,62,9,10,408,0,0,0,408
08/14/2020,STL,MO,ACE,CE,Towers with Radar,324,64,14,3,405,0,3,4,5,12,324,67,18,8,417,0,0,0,417
08/15/2020,STL,MO,ACE,CE,Towers with Radar,300,46,1,1,348,0,4,0,0,4,300,50,1,1,352,0,0,0,352
08/16/2020,STL,MO,ACE,CE,Towers with Radar,303,45,6,1,355,0,4,4,0,8,303,49,10,1,363,0,0,0,363
08/17/2020,STL,MO,ACE,CE,Towers with Radar,318,71,6,5,400,0,4,5,4,13,318,75,11,9,413,0,0,0,413
08/18/2020,STL,MO,ACE,CE,Towers with Radar,312,66,9,7,394,0,2,2,9,13,312,68,11,16,407,0,0,0,407
08/19/2020,STL,MO,ACE,CE,Towers with Radar,308,54,11,5,378,0,3,7,3,13,308,57,18,8,391,0,0,0,391
08/20/2020,STL,MO,ACE,CE,Towers with Radar,326,79,11,4,420,0,1,8,0,9,326,80,19,4,429,0,0,0,429
08/21/2020,STL,MO,ACE,CE,Towers with Radar,326,56,9,8,399,0,4,6,10,20,326,60,15,18,419,0,0,0,419
08/22/2020,STL,MO,ACE,CE,Towers with Radar,306,49,5,3,363,0,0,1,5,6,306,49,6,8,369,0,0,0,369
08/23/2020,STL,MO,ACE,CE,Towers with Radar,312,48,11,0,371,0,3,5,0,8,312,51,16,0,379,0,0,0,379
08/24/2020,STL,MO,ACE,CE,Towers with Radar,327,51,7,2,387,0,3,2,0,5,327,54,9,2,392,0,0,0,392
08/25/2020,STL,MO,ACE,CE,Towers with Radar,309,67,7,0,383,0,4,2,2,8,309,71,9,2,391,0,0,0,391
08/26/2020,STL,MO,ACE,CE,Towers with Radar,303,68,14,5,390,0,5,9,3,17,303,73,23,8,407,0,0,0,407
08/27/2020,STL,MO,ACE,CE,Towers with Radar,332,79,9,5,425,0,0,3,1,4,332,79,12,6,429,0,0,0,429
08/28/2020,STL,MO,ACE,CE,Towers with Radar,323,64,7,3,397,0,3,0,3,6,323,67,7,6,403,0,0,0,403
08/29/2020,STL,MO,ACE,CE,Towers with Radar,295,49,5,1,350,0,1,2,3,6,295,50,7,4,356,0,0,0,356
08/30/2020,STL,MO,ACE,CE,Towers with Radar,309,45,13,0,367,0,3,2,0,5,309,48,15,0,372,0,0,0,372
08/31/2020,STL,MO,ACE,CE,Towers with Radar,326,70,4,0,400,0,1,2,2,5,326,71,6,2,405,0,0,0,405
09/01/2020,STL,MO,ACE,CE,Towers with Radar,306,65,9,0,380,0,2,0,0,2,306,67,9,0,382,0,0,0,382
09/02/2020,STL,MO,ACE,CE,Towers with Radar,300,76,10,1,387,0,2,0,2,4,300,78,10,3,391,0,0,0,391
09/03/2020,STL,MO,ACE,CE,Towers with Radar,331,70,12,4,417,0,1,2,4,7,331,71,14,8,424,0,0,0,424
09/04/2020,STL,MO,ACE,CE,Towers with Radar,327,75,5,2,409,0,2,4,2,8,327,77,9,4,417,0,0,0,417
09/05/2020,STL,MO,ACE,CE,Towers with Radar,283,49,7,0,339,0,2,2,0,4,283,51,9,0,343,0,0,0,343
09/06/2020,STL,MO,ACE,CE,Towers with Radar,186,56,4,0,246,0,2,2,0,4,186,58,6,0,250,0,0,0,250
09/07/2020,STL,MO,ACE,CE,Towers with Radar,212,71,5,0,288,0,3,3,0,6,212,74,8,0,294,0,0,0,294
09/08/2020,STL,MO,ACE,CE,Towers with Radar,212,67,2,3,284,0,2,3,3,8,212,69,5,6,292,0,0,0,292
09/09/2020,STL,MO,ACE,CE,Towers with Radar,211,61,9,1,282,0,3,2,1,6,211,64,11,2,288,0,0,0,288
09/10/2020,STL,MO,ACE,CE,Towers with Radar,217,72,19,0,308,0,0,2,2,4,217,72,21,2,312,0,0,0,312
09/11/2020,STL,MO,ACE,CE,Towers with Radar,215,72,17,8,312,0,0,2,5,7,215,72,19,13,319,0,0,0,319
09/12/2020,STL,MO,ACE,CE,Towers with Radar,206,51,8,4,269,0,0,2,0,2,206,51,10,4,271,0,0,0,271
09/13/2020,STL,MO,ACE,CE,Towers with Radar,206,62,4,2,274,0,0,1,0,1,206,62,5,2,275,0,0,0,275
09/14/2020,STL,MO,ACE,CE,Towers with Radar,208,76,5,3,292,0,0,2,0,2,208,76,7,3,294,0,0,0,294
09/15/2020,STL,MO,ACE,CE,Towers with Radar,204,65,7,3,279,0,0,6,1,7,204,65,13,4,286,0,0,0,286
09/16/2020,STL,MO,ACE,CE,Towers with Radar,208,63,9,9,289,0,1,5,5,11,208,64,14,14,300,0,0,0,300
09/17/2020,STL,MO,ACE,CE,Towers with Radar,224,63,7,7,301,0,6,3,5,14,224,69,10,12,315,0,0,0,315
09/18/2020,STL,MO,ACE,CE,Towers with Radar,216,77,11,3,307,0,2,1,3,6,216,79,12,6,313,0,0,0,313
09/19/2020,STL,MO,ACE,CE,Towers with Radar,201,44,8,1,254,0,3,1,0,4,201,47,9,1,258,0,0,0,258
09/20/2020,STL,MO,ACE,CE,Towers with Radar,205,55,9,0,269,0,6,1,0,7,205,61,10,0,276,0,0,0,276
09/21/2020,STL,MO,ACE,CE,Towers with Radar,210,61,6,0,277,0,11,4,0,15,210,72,10,0,292,0,0,0,292
09/22/2020,STL,MO,ACE,CE,Towers with Radar,204,60,7,1,272,0,6,6,1,13,204,66,13,2,285,0,0,0,285
09/23/2020,STL,MO,ACE,CE,Towers with Radar,209,73,10,13,305,0,0,1,2,3,209,73,11,15,308,0,0,0,308
09/24/2020,STL,MO,ACE,CE,Towers with Radar,219,79,9,13,320,0,0,0,5,5,219,79,9,18,325,0,0,0,325
09/25/2020,STL,MO,ACE,CE,Towers with Radar,216,69,7,18,310,0,0,8,8,16,216,69,15,26,326,0,0,0,326
09/26/2020,STL,MO,ACE,CE,Towers with Radar,205,48,2,0,255,0,1,2,0,3,205,49,4,0,258,0,0,0,258
09/27/2020,STL,MO,ACE,CE,Towers with Radar,209,61,6,0,276,0,1,6,0,7,209,62,12,0,283,0,0,0,283
09/28/2020,STL,MO,ACE,CE,Towers with Radar,208,75,9,2,294,0,4,2,0,6,208,79,11,2,300,0,0,0,300
09/29/2020,STL,MO,ACE,CE,Towers with Radar,210,83,20,0,313,0,5,0,0,5,210,88,20,0,318,0,0,0,318
09/30/2020,STL,MO,ACE,CE,Towers with Radar,211,61,10,0,282,0,9,3,0,12,211,70,13,0,294,0,0,0,294
10/01/2020,STL,MO,ACE,CE,Towers with Radar,215,78,12,3,308,0,6,10,1,17,215,84,22,4,325,0,0,0,325
10/02/2020,STL,MO,ACE,CE,Towers with Radar,207,72,11,3,293,0,5,6,3,14,207,77,17,6,307,0,0,0,307
10/03/2020,STL,MO,ACE,CE,Towers with Radar,190,57,12,0,259,0,1,3,0,4,190,58,15,0,263,0,0,0,263
10/04/2020,STL,MO,ACE,CE,Towers with Radar,202,52,8,0,262,0,8,0,0,8,202,60,8,0,270,0,0,0,270
10/05/2020,STL,MO,ACE,CE,Towers with Radar,208,68,10,8,294,0,9,7,0,16,208,77,17,8,310,0,0,0,310
10/06/2020,STL,MO,ACE,CE,Towers with Radar,190,60,10,3,263,0,3,7,1,11,190,63,17,4,274,0,0,0,274
10/07/2020,STL,MO,ACE,CE,Towers with Radar,194,65,12,4,275,0,2,11,2,15,194,67,23,6,290,0,0,0,290
10/08/2020,STL,MO,ACE,CE,Towers with Radar,235,76,10,3,324,0,10,6,3,19,235,86,16,6,343,0,0,0,343
10/09/2020,STL,MO,ACE,CE,Towers with Radar,244,79,16,1,340,0,14,5,1,20,244,93,21,2,360,0,0,0,360
10/10/2020,STL,MO,ACE,CE,Towers with Radar,213,66,3,0,282,0,9,3,0,12,213,75,6,0,294,16,0,16,310
10/11/2020,STL,MO,ACE,CE,Towers with Radar,245,51,6,0,302,0,9,1,0,10,245,60,7,0,312,0,0,0,312
10/12/2020,STL,MO,ACE,CE,Towers with Radar,242,74,14,0,330,0,2,3,0,5,242,76,17,0,335,0,0,0,335
10/13/2020,STL,MO,ACE,CE,Towers with Radar,195,60,14,0,269,0,7,2,0,9,195,67,16,0,278,0,0,0,278
10/14/2020,STL,MO,ACE,CE,Towers with Radar,194,66,12,4,276,0,10,3,1,14,194,76,15,5,290,0,0,0,290
10/15/2020,STL,MO,ACE,CE,Towers with Radar,229,67,13,6,315,0,4,5,4,13,229,71,18,10,328,0,0,0,328
10/16/2020,STL,MO,ACE,CE,Towers with Radar,244,79,14,7,344,0,6,2,1,9,244,85,16,8,353,0,0,0,353
10/17/2020,STL,MO,ACE,CE,Towers with Radar,214,46,6,1,267,0,6,1,0,7,214,52,7,1,274,0,0,0,274
10/18/2020,STL,MO,ACE,CE,Towers with Radar,252,46,7,1,306,0,4,0,0,4,252,50,7,1,310,0,0,0,310
10/19/2020,STL,MO,ACE,CE,Towers with Radar,229,66,9,1,305,0,0,0,0,0,229,66,9,1,305,0,0,0,305
10/20/2020,STL,MO,ACE,CE,Towers with Radar,195,77,12,0,284,0,0,0,0,0,195,77,12,0,284,0,0,0,284
10/21/2020,STL,MO,ACE,CE,Towers with Radar,192,74,17,0,283,0,0,0,0,0,192,74,17,0,283,0,0,0,283
10/22/2020,STL,MO,ACE,CE,Towers with Radar,227,77,12,5,321,0,2,2,6,10,227,79,14,11,331,0,0,0,331
10/23/2020,STL,MO,ACE,CE,Towers with Radar,227,93,9,8,337,0,0,4,0,4,227,93,13,8,341,0,0,0,341
10/24/2020,STL,MO,ACE,CE,Towers with Radar,187,57,3,4,251,0,0,6,1,7,187,57,9,5,258,0,0,0,258
10/25/2020,STL,MO,ACE,CE,Towers with Radar,209,54,1,2,266,0,10,3,0,13,209,64,4,2,279,0,0,0,279
10/26/2020,STL,MO,ACE,CE,Towers with Radar,205,71,9,1,286,0,0,1,0,1,205,71,10,1,287,0,0,0,287
10/27/2020,STL,MO,ACE,CE,Towers with Radar,180,80,7,6,273,0,0,0,0,0,180,80,7,6,273,0,0,0,273
10/28/2020,STL,MO,ACE,CE,Towers with Radar,186,67,20,2,275,0,0,1,0,1,186,67,21,2,276,0,0,0,276
10/29/2020,STL,MO,ACE,CE,Towers with Radar,210,76,16,0,302,0,0,0,0,0,210,76,16,0,302,0,0,0,302
10/30/2020,STL,MO,ACE,CE,Towers with Radar,215,64,8,4,291,0,11,2,4,17,215,75,10,8,308,0,0,0,308
10/31/2020,STL,MO,ACE,CE,Towers with Radar,164,43,4,0,211,0,6,1,0,7,164,49,5,0,218,0,0,0,218
11/01/2020,STL,MO,ACE,CE,Towers with Radar,201,41,4,0,246,0,10,3,0,13,201,51,7,0,259,0,0,0,259
11/02/2020,STL,MO,ACE,CE,Towers with Radar,205,70,7,2,284,0,8,1,2,11,205,78,8,4,295,0,0,0,295
11/03/2020,STL,MO,ACE,CE,Towers with Radar,180,56,8,4,248,0,8,4,3,15,180,64,12,7,263,0,0,0,263
11/04/2020,STL,MO,ACE,CE,Towers with Radar,185,60,7,3,255,0,8,5,2,15,185,68,12,5,270,0,0,0,270
11/05/2020,STL,MO,ACE,CE,Towers with Radar,238,79,4,2,323,0,6,10,1,17,238,85,14,3,340,0,0,0,340
11/06/2020,STL,MO,ACE,CE,Towers with Radar,235,68,14,2,319,0,8,4,2,14,235,76,18,4,333,0,0,0,333
11/07/2020,STL,MO,ACE,CE,Towers with Radar,155,38,6,0,199,0,5,7,0,12,155,43,13,0,211,0,0,0,211
11/08/2020,STL,MO,ACE,CE,Towers with Radar,240,62,3,0,305,0,2,0,0,2,240,64,3,0,307,0,0,0,307
11/09/2020,STL,MO,ACE,CE,Towers with Radar,235,75,6,4,320,0,2,0,0,2,235,77,6,4,322,0,0,0,322
11/10/2020,STL,MO,ACE,CE,Towers with Radar,185,52,15,1,253,0,0,0,1,1,185,52,15,2,254,0,0,0,254
11/11/2020,STL,MO,ACE,CE,Towers with Radar,185,73,6,3,267,0,5,9,3,17,185,78,15,6,284,0,0,0,284
11/12/2020,STL,MO,ACE,CE,Towers with Radar,248,72,10,4,334,0,7,7,5,19,248,79,17,9,353,0,0,0,353
11/13/2020,STL,MO,ACE,CE,Towers with Radar,241,64,7,12,324,0,12,2,3,17,241,76,9,15,341,0,0,0,341
11/14/2020,STL,MO,ACE,CE,Towers with Radar,163,48,3,2,216,0,0,0,0,0,163,48,3,2,216,0,0,0,216
11/15/2020,STL,MO,ACE,CE,Towers with Radar,241,41,6,0,288,0,4,1,0,5,241,45,7,0,293,0,0,0,293
11/16/2020,STL,MO,ACE,CE,Towers with Radar,233,68,19,2,322,0,10,2,0,12,233,78,21,2,334,0,0,0,334
11/17/2020,STL,MO,ACE,CE,Towers with Radar,179,65,16,7,267,0,5,3,1,9,179,70,19,8,276,0,0,0,276
11/18/2020,STL,MO,ACE,CE,Towers with Radar,184,70,15,5,274,0,6,0,1,7,184,76,15,6,281,0,0,0,281
11/19/2020,STL,MO,ACE,CE,Towers with Radar,242,69,18,0,329,0,5,0,0,5,242,74,18,0,334,0,0,0,334
11/20/2020,STL,MO,ACE,CE,Towers with Radar,246,87,38,7,378,0,4,4,2,10,246,91,42,9,388,0,0,0,388
11/21/2020,STL,MO,ACE,CE,Towers with Radar,236,63,15,0,314,0,0,2,0,2,236,63,17,0,316,0,0,0,316
11/22/2020,STL,MO,ACE,CE,Towers with Radar,240,64,10,0,314,0,0,0,0,0,240,64,10,0,314,0,0,0,314
11/23/2020,STL,MO,ACE,CE,Towers with Radar,289,73,5,5,372,0,4,5,1,10,289,77,10,6,382,0,0,0,382
11/24/2020,STL,MO,ACE,CE,Towers with Radar,313,70,12,1,396,0,0,6,0,6,313,70,18,1,402,0,0,0,402
11/25/2020,STL,MO,ACE,CE,Towers with Radar,312,73,14,4,403,0,0,0,0,0,312,73,14,4,403,0,0,0,403
11/26/2020,STL,MO,ACE,CE,Towers with Radar,144,56,1,0,201,0,2,0,0,2,144,58,1,0,203,0,0,0,203
11/27/2020,STL,MO,ACE,CE,Towers with Radar,211,64,12,0,287,0,6,3,0,9,211,70,15,0,296,0,0,0,296
11/28/2020,STL,MO,ACE,CE,Towers with Radar,251,57,4,0,312,0,4,2,0,6,251,61,6,0,318,0,0,0,318
11/29/2020,STL,MO,ACE,CE,Towers with Radar,310,70,8,0,388,0,4,0,0,4,310,74,8,0,392,0,0,0,392
11/30/2020,STL,MO,ACE,CE,Towers with Radar,309,77,8,2,396,0,0,0,2,2,309,77,8,4,398,0,0,0,398
12/01/2020,STL,MO,ACE,CE,Towers with Radar,228,67,11,2,308,0,6,10,2,18,228,73,21,4,326,0,0,0,326
12/02/2020,STL,MO,ACE,CE,Towers with Radar,182,65,10,4,261,0,6,4,2,12,182,71,14,6,273,0,0,0,273
12/03/2020,STL,MO,ACE,CE,Towers with Radar,209,64,21,2,296,0,3,1,3,7,209,67,22,5,303,0,0,0,303
12/04/2020,STL,MO,ACE,CE,Towers with Radar,214,64,6,10,294,0,6,7,1,14,214,70,13,11,308,0,0,0,308
12/05/2020,STL,MO,ACE,CE,Towers with Radar,141,45,7,0,193,0,4,0,0,4,141,49,7,0,197,0,0,0,197
12/06/2020,STL,MO,ACE,CE,Towers with Radar,200,54,5,0,259,0,0,5,0,5,200,54,10,0,264,0,0,0,264
12/07/2020,STL,MO,ACE,CE,Towers with Radar,209,76,10,0,295,0,0,0,0,0,209,76,10,0,295,0,0,0,295
12/08/2020,STL,MO,ACE,CE,Towers with Radar,177,63,10,4,254,0,0,2,3,5,177,63,12,7,259,0,0,0,259
12/09/2020,STL,MO,ACE,CE,Towers with Radar,185,66,14,4,269,0,10,2,2,14,185,76,16,6,283,0,0,0,283
12/10/2020,STL,MO,ACE,CE,Towers with Radar,216,72,15,3,306,0,5,7,3,15,216,77,22,6,321,0,0,0,321
12/11/2020,STL,MO,ACE,CE,Towers with Radar,215,70,8,4,297,0,0,5,2,7,215,70,13,6,304,0,0,0,304
12/12/2020,STL,MO,ACE,CE,Towers with Radar,138,52,3,0,193,0,2,3,0,5,138,54,6,0,198,0,0,0,198
12/13/2020,STL,MO,ACE,CE,Towers with Radar,197,50,2,0,249,0,0,0,0,0,197,50,2,0,249,0,0,0,249
12/14/2020,STL,MO,ACE,CE,Towers with Radar,208,56,3,4,271,0,5,4,0,9,208,61,7,4,280,0,0,0,280
12/15/2020,STL,MO,ACE,CE,Towers with Radar,181,70,11,9,271,0,1,2,3,6,181,71,13,12,277,0,0,0,277
12/16/2020,STL,MO,ACE,CE,Towers with Radar,173,70,15,15,273,0,0,4,0,4,173,70,19,15,277,0,0,0,277
12/17/2020,STL,MO,ACE,CE,Towers with Radar,248,69,9,6,332,0,1,0,2,3,248,70,9,8,335,0,0,0,335
12/18/2020,STL,MO,ACE,CE,Towers with Radar,249,80,16,8,353,0,6,4,1,11,249,86,20,9,364,0,0,0,364
12/19/2020,STL,MO,ACE,CE,Towers with Radar,268,59,10,2,339,0,1,2,2,5,268,60,12,4,344,0,0,0,344
12/20/2020,STL,MO,ACE,CE,Towers with Radar,239,47,6,0,292,0,4,1,0,5,239,51,7,0,297,0,0,0,297
12/21/2020,STL,MO,ACE,CE,Towers with Radar,243,63,5,3,314,0,5,0,1,6,243,68,5,4,320,0,0,0,320
12/22/2020,STL,MO,ACE,CE,Towers with Radar,250,63,8,12,333,0,5,0,4,9,250,68,8,16,342,0,0,0,342
12/23/2020,STL,MO,ACE,CE,Towers with Radar,322,64,16,3,405,0,1,2,0,3,322,65,18,3,408,0,0,0,408
12/24/2020,STL,MO,ACE,CE,Towers with Radar,179,60,6,0,245,0,0,0,0,0,179,60,6,0,245,0,0,0,245
12/25/2020,STL,MO,ACE,CE,Towers with Radar,147,66,6,0,219,0,6,2,0,8,147,72,8,0,227,0,0,0,227
12/26/2020,STL,MO,ACE,CE,Towers with Radar,255,58,12,0,325,0,6,0,0,6,255,64,12,0,331,0,0,0,331
12/27/2020,STL,MO,ACE,CE,Towers with Radar,312,59,8,0,379,0,7,2,0,9,312,66,10,0,388,0,0,0,388
12/28/2020,STL,MO,ACE,CE,Towers with Radar,238,76,3,0,317,0,0,4,0,4,238,76,7,0,321,0,0,0,321
12/29/2020,STL,MO,ACE,CE,Towers with Radar,242,52,9,2,305,0,1,0,2,3,242,53,9,4,308,0,0,0,308
12/30/2020,STL,MO,ACE,CE,Towers with Radar,250,64,6,0,320,0,0,0,0,0,250,64,6,0,320,0,0,0,320
12/31/2020,STL,MO,ACE,CE,Towers with Radar,176,56,7,0,239,0,0,0,0,0,176,56,7,0,239,0,0,0,239
01/01/2021,STL,MO,ACE,CE,Towers with Radar,161,36,2,0,199,0,0,0,0,0,161,36,2,0,199,0,0,0,199
01/02/2021,STL,MO,ACE,CE,Towers with Radar,259,63,4,0,326,0,0,0,0,0,259,63,4,0,326,0,0,0,326
01/03/2021,STL,MO,ACE,CE,Towers with Radar,306,57,4,0,367,0,0,0,0,0,306,57,4,0,367,0,0,0,367
01/04/2021,STL,MO,ACE,CE,Towers with Radar,239,56,11,2,308,0,0,0,0,0,239,56,11,2,308,0,0,0,308
01/05/2021,STL,MO,ACE,CE,Towers with Radar,213,63,13,1,290,0,4,4,0,8,213,67,17,1,298,0,0,0,298
01/06/2021,STL,MO,ACE,CE,Towers with Radar,223,64,10,4,301,0,4,3,2,9,223,68,13,6,310,0,0,0,310
01/07/2021,STL,MO,ACE,CE,Towers with Radar,209,67,12,7,295,0,0,0,4,4,209,67,12,11,299,0,0,0,299
01/08/2021,STL,MO,ACE,CE,Towers with Radar,209,62,18,2,291,0,0,2,0,2,209,62,20,2,293,0,0,0,293
01/09/2021,STL,MO,ACE,CE,Towers with Radar,159,50,3,0,212,0,0,5,0,5,159,50,8,0,217,0,0,0,217
01/10/2021,STL,MO,ACE,CE,Towers with Radar,190,54,1,0,245,0,0,0,0,0,190,54,1,0,245,0,0,0,245
01/11/2021,STL,MO,ACE,CE,Towers with Radar,203,68,5,1,277,0,1,6,1,8,203,69,11,2,285,0,0,0,285
01/12/2021,STL,MO,ACE,CE,Towers with Radar,198,52,8,5,263,0,10,7,8,25,198,62,15,13,288,0,0,0,288
01/13/2021,STL,MO,ACE,CE,Towers with Radar,197,59,12,8,276,0,12,7,4,23,197,71,19,12,299,0,0,0,299
01/14/2021,STL,MO,ACE,CE,Towers with Radar,208,90,10,6,314,0,2,0,4,6,208,92,10,10,320,0,0,0,320
01/15/2021,STL,MO,ACE,CE,Towers with Radar,211,74,12,4,301,0,0,0,0,0,211,74,12,4,301,0,0,0,301
01/16/2021,STL,MO,ACE,CE,Towers with Radar,163,54,3,0,220,0,0,0,0,0,163,54,3,0,220,0,0,0,220
01/17/2021,STL,MO,ACE,CE,Towers with Radar,190,61,3,0,254,0,0,0,0,0,190,61,3,0,254,0,0,0,254
01/18/2021,STL,MO,ACE,CE,Towers with Radar,201,76,4,0,281,0,3,1,0,4,201,79,5,0,285,0,0,0,285
01/19/2021,STL,MO,ACE,CE,Towers with Radar,191,70,13,0,274,0,0,7,2,9,191,70,20,2,283,26,0,26,309
01/20/2021,STL,MO,ACE,CE,Towers with Radar,196,75,19,3,293,0,5,0,3,8,196,80,19,6,301,0,0,0,301
01/21/2021,STL,MO,ACE,CE,Towers with Radar,212,71,10,7,300,0,5,4,2,11,212,76,14,9,311,0,0,0,311
01/22/2021,STL,MO,ACE,CE,Towers with Radar,216,63,9,5,293,0,9,2,5,16,216,72,11,10,309,0,0,0,309
01/23/2021,STL,MO,ACE,CE,Towers with Radar,157,47,1,0,205,0,5,3,0,8,157,52,4,0,213,0,0,0,213
01/24/2021,STL,MO,ACE,CE,Towers with Radar,203,73,3,2,281,0,2,0,0,2,203,75,3,2,283,0,0,0,283
01/25/2021,STL,MO,ACE,CE,Towers with Radar,207,56,2,0,265,0,0,0,0,0,207,56,2,0,265,0,0,0,265
01/26/2021,STL,MO,ACE,CE,Towers with Radar,195,62,2,0,259,0,0,1,0,1,195,62,3,0,260,0,0,0,260
01/27/2021,STL,MO,ACE,CE,Towers with Radar,195,61,7,0,263,0,0,0,0,0,195,61,7,0,263,0,0,0,263
01/28/2021,STL,MO,ACE,CE,Towers with Radar,217,73,18,2,310,0,5,9,2,16,217,78,27,4,326,0,0,0,326
01/29/2021,STL,MO,ACE,CE,Towers with Radar,214,70,6,3,293,0,9,1,1,11,214,79,7,4,304,0,0,0,304
01/30/2021,STL,MO,ACE,CE,Towers with Radar,157,53,11,0,221,0,0,0,0,0,157,53,11,0,221,0,0,0,221
01/31/2021,STL,MO,ACE,CE,Towers with Radar,196,52,2,0,250,0,0,0,0,0,196,52,2,0,250,0,0,0,250
02/01/2021,STL,MO,ACE,CE,Towers with Radar,190,63,8,0,261,0,1,2,0,3,190,64,10,0,264,0,0,0,264
02/02/2021,STL,MO,ACE,CE,Towers with Radar,194,59,11,6,270,0,5,0,4,9,194,64,11,10,279,0,0,0,279
02/03/2021,STL,MO,ACE,CE,Towers with Radar,195,70,10,6,281,0,3,7,9,19,195,73,17,15,300,0,0,0,300
02/04/2021,STL,MO,ACE,CE,Towers with Radar,207,64,9,0,280,0,0,0,0,0,207,64,9,0,280,0,0,0,280
02/05/2021,STL,MO,ACE,CE,Towers with Radar,214,70,24,4,312,0,10,2,1,13,214,80,26,5,325,0,0,0,325
02/06/2021,STL,MO,ACE,CE,Towers with Radar,161,51,3,0,215,0,3,4,0,7,161,54,7,0,222,7,0,7,229
02/07/2021,STL,MO,ACE,CE,Towers with Radar,195,45,2,0,242,0,3,2,0,5,195,48,4,0,247,0,0,0,247
02/08/2021,STL,MO,ACE,CE,Towers with Radar,200,56,9,0,265,0,0,2,0,2,200,56,11,0,267,0,0,0,267
02/09/2021,STL,MO,ACE,CE,Towers with Radar,189,56,14,2,261,0,0,0,1,1,189,56,14,3,262,0,0,0,262
02/10/2021,STL,MO,ACE,CE,Towers with Radar,196,24,9,0,229,0,0,0,0,0,196,24,9,0,229,0,0,0,229
02/11/2021,STL,MO,ACE,CE,Towers with Radar,216,62,11,0,289,0,5,0,0,5,216,67,11,0,294,0,0,0,294
02/12/2021,STL,MO,ACE,CE,Towers with Radar,215,61,18,2,296,0,2,2,16,20,215,63,20,18,316,0,0,0,316
02/13/2021,STL,MO,ACE,CE,Towers with Radar,152,44,9,0,205,0,0,0,0,0,152,44,9,0,205,0,0,0,205
02/14/2021,STL,MO,ACE,CE,Towers with Radar,100,49,0,0,149,0,0,0,0,0,100,49,0,0,149,0,0,0,149
02/15/2021,STL,MO,ACE,CE,Towers with Radar,127,27,6,0,160,0,0,0,0,0,127,27,6,0,160,0,0,0,160
02/16/2021,STL,MO,ACE,CE,Towers with Radar,122,54,8,14,198,1,6,2,0,9,123,60,10,14,207,0,0,0,207
02/17/2021,STL,MO,ACE,CE,Towers with Radar,135,39,13,0,187,0,0,2,0,2,135,39,15,0,189,0,0,0,189
02/18/2021,STL,MO,ACE,CE,Towers with Radar,183,51,12,1,247,0,5,0,0,5,183,56,12,1,252,0,0,0,252
02/19/2021,STL,MO,ACE,CE,Towers with Radar,211,65,30,6,312,0,17,2,2,21,211,82,32,8,333,0,0,0,333
02/20/2021,STL,MO,ACE,CE,Towers with Radar,150,53,7,2,212,0,6,2,0,8,150,59,9,2,220,0,0,0,220
02/21/2021,STL,MO,ACE,CE,Towers with Radar,202,63,6,1,272,0,1,0,0,1,202,64,6,1,273,0,0,0,273
02/22/2021,STL,MO,ACE,CE,Towers with Radar,209,66,11,2,288,0,3,3,1,7,209,69,14,3,295,0,0,0,295
02/23/2021,STL,MO,ACE,CE,Towers with Radar,193,66,13,7,279,0,8,2,3,13,193,74,15,10,292,0,0,0,292
02/24/2021,STL,MO,ACE,CE,Towers with Radar,199,73,17,10,299,0,5,2,1,8,199,78,19,11,307,0,0,0,307
02/25/2021,STL,MO,ACE,CE,Towers with Radar,213,76,8,12,309,0,10,5,3,18,213,86,13,15,327,0,0,0,327
02/26/2021,STL,MO,ACE,CE,Towers with Radar,219,62,8,3,292,0,4,3,1,8,219,66,11,4,300,0,0,0,300
02/27/2021,STL,MO,ACE,CE,Towers with Radar,153,37,4,0,194,0,8,2,0,10,153,45,6,0,204,0,0,0,204
02/28/2021,STL,MO,ACE,CE,Towers with Radar,205,58,7,0,270,0,0,0,0,0,205,58,7,0,270,0,0,0,270
03/01/2021,STL,MO,ACE,CE,Towers with Radar,209,64,12,2,287,0,7,0,4,11,209,71,12,6,298,0,0,0,298
03/02/2021,STL,MO,ACE,CE,Towers with Radar,190,50,13,3,256,0,10,1,2,13,190,60,14,5,269,0,0,0,269
03/03/2021,STL,MO,ACE,CE,Towers with Radar,191,62,16,5,274,0,12,9,1,22,191,74,25,6,296,0,0,0,296
03/04/2021,STL,MO,ACE,CE,Towers with Radar,218,61,16,4,299,0,9,10,4,23,218,70,26,8,322,0,9,9,331
03/05/2021,STL,MO,ACE,CE,Towers with Radar,227,70,9,4,310,0,8,8,3,19,227,78,17,7,329,0,0,0,329
03/06/2021,STL,MO,ACE,CE,Towers with Radar,172,37,13,0,222,0,6,4,0,10,172,43,17,0,232,0,0,0,232
03/07/2021,STL,MO,ACE,CE,Towers with Radar,235,52,8,0,295,0,5,3,0,8,235,57,11,0,303,0,0,0,303
03/08/2021,STL,MO,ACE,CE,Towers with Radar,250,61,7,2,320,0,8,1,2,11,250,69,8,4,331,0,0,0,331
03/09/2021,STL,MO,ACE,CE,Towers with Radar,207,55,10,3,275,0,5,0,3,8,207,60,10,6,283,0,0,0,283
03/10/2021,STL,MO,ACE,CE,Towers with Radar,204,63,12,5,284,0,1,5,2,8,204,64,17,7,292,0,0,0,292
03/11/2021,STL,MO,ACE,CE,Towers with Radar,262,63,13,1,339,0,1,1,0,2,262,64,14,1,341,0,0,0,341
03/12/2021,STL,MO,ACE,CE,Towers with Radar,269,62,13,4,348,0,4,40,24,68,269,66,53,28,416,0,16,16,432
03/13/2021,STL,MO,ACE,CE,Towers with Radar,239,62,7,0,308,0,4,15,0,19,239,66,22,0,327,0,0,0,327
03/14/2021,STL,MO,ACE,CE,Towers with Radar,236,36,9,0,281,0,4,2,0,6,236,40,11,0,287,0,0,0,287
03/15/2021,STL,MO,ACE,CE,Towers with Radar,250,63,6,4,323,0,1,0,0,1,250,64,6,4,324,0,0,0,324
03/16/2021,STL,MO,ACE,CE,Towers with Radar,240,73,15,25,353,0,1,0,0,1,240,74,15,25,354,0,0,0,354
03/17/2021,STL,MO,ACE,CE,Towers with Radar,235,60,12,2,309,0,0,0,0,0,235,60,12,2,309,0,0,0,309
03/18/2021,STL,MO,ACE,CE,Towers with Radar,271,58,25,3,357,0,0,0,0,0,271,58,25,3,357,0,0,0,357
03/19/2021,STL,MO,ACE,CE,Towers with Radar,266,63,16,6,351,0,12,8,25,45,266,75,24,31,396,0,0,0,396
03/20/2021,STL,MO,ACE,CE,Towers with Radar,247,50,14,4,315,0,6,4,14,24,247,56,18,18,339,12,0,12,351
03/21/2021,STL,MO,ACE,CE,Towers with Radar,260,56,16,0,332,0,12,8,0,20,260,68,24,0,352,0,0,0,352
03/22/2021,STL,MO,ACE,CE,Towers with Radar,260,69,9,2,340,0,6,4,0,10,260,75,13,2,350,0,0,0,350
03/23/2021,STL,MO,ACE,CE,Towers with Radar,249,61,12,1,323,0,0,0,1,1,249,61,12,2,324,0,0,0,324
03/24/2021,STL,MO,ACE,CE,Towers with Radar,241,77,13,6,337,0,1,5,3,9,241,78,18,9,346,0,0,0,346
03/25/2021,STL,MO,ACE,CE,Towers with Radar,265,79,18,0,362,0,0,0,2,2,265,79,18,2,364,0,0,0,364
03/26/2021,STL,MO,ACE,CE,Towers with Radar,272,57,14,2,345,0,2,2,15,19,272,59,16,17,364,0,12,12,376
03/27/2021,STL,MO,ACE,CE,Towers with Radar,240,48,9,2,299,0,6,0,0,6,240,54,9,2,305,0,0,0,305
03/28/2021,STL,MO,ACE,CE,Towers with Radar,263,55,11,0,329,0,4,3,0,7,263,59,14,0,336,0,0,0,336
03/29/2021,STL,MO,ACE,CE,Towers with Radar,267,60,9,6,342,0,5,4,5,14,267,65,13,11,356,0,0,0,356
03/30/2021,STL,MO,ACE,CE,Towers with Radar,252,66,10,7,335,0,2,1,3,6,252,68,11,10,341,0,10,10,351
03/31/2021,STL,MO,ACE,CE,Towers with Radar,251,70,11,5,337,0,5,0,1,6,251,75,11,6,343,0,0,0,343
04/01/2021,STL,MO,ACE,CE,Towers with Radar,268,61,21,5,355,0,6,2,2,10,268,67,23,7,365,0,0,0,365
04/02/2021,STL,MO,ACE,CE,Towers with Radar,273,57,8,1,339,0,9,0,1,10,273,66,8,2,349,0,0,0,349
04/03/2021,STL,MO,ACE,CE,Towers with Radar,236,36,8,0,280,0,10,3,0,13,236,46,11,0,293,0,0,0,293
04/04/2021,STL,MO,ACE,CE,Towers with Radar,259,42,6,0,307,0,7,0,0,7,259,49,6,0,314,0,0,0,314
04/05/2021,STL,MO,ACE,CE,Towers with Radar,266,62,5,0,333,0,6,4,0,10,266,68,9,0,343,0,0,0,343
04/06/2021,STL,MO,ACE,CE,Towers with Radar,247,66,11,7,331,0,3,4,4,11,247,69,15,11,342,0,0,0,342
04/07/2021,STL,MO,ACE,CE,Towers with Radar,251,52,15,4,322,0,0,1,3,4,251,52,16,7,326,0,0,0,326
04/08/2021,STL,MO,ACE,CE,Towers with Radar,275,70,10,3,358,0,0,0,0,0,275,70,10,3,358,0,0,0,358
04/09/2021,STL,MO,ACE,CE,Towers with Radar,269,61,12,8,350,0,5,9,4,18,269,66,21,12,368,0,16,16,384
04/10/2021,STL,MO,ACE,CE,Towers with Radar,234,49,12,0,295,0,0,0,0,0,234,49,12,0,295,0,0,0,295
04/11/2021,STL,MO,ACE,CE,Towers with Radar,259,49,5,0,313,0,5,0,0,5,259,54,5,0,318,0,0,0,318
04/12/2021,STL,MO,ACE,CE,Towers with Radar,258,60,11,4,333,0,7,4,0,11,258,67,15,4,344,0,0,0,344
04/13/2021,STL,MO,ACE,CE,Towers with Radar,224,72,6,2,304,0,5,2,0,7,224,77,8,2,311,0,0,0,311
04/14/2021,STL,MO,ACE,CE,Towers with Radar,224,71,7,2,304,0,6,1,2,9,224,77,8,4,313,0,0,0,313
04/15/2021,STL,MO,ACE,CE,Towers with Radar,259,72,16,4,351,0,2,1,3,6,259,74,17,7,357,0,0,0,357
04/16/2021,STL,MO,ACE,CE,Towers with Radar,260,67,13,12,352,0,2,3,3,8,260,69,16,15,360,0,0,0,360
04/17/2021,STL,MO,ACE,CE,Towers with Radar,231,43,5,4,283,0,1,3,0,4,231,44,8,4,287,0,0,0,287
04/18/2021,STL,MO,ACE,CE,Towers with Radar,243,49,1,0,293,0,7,3,0,10,243,56,4,0,303,0,0,0,303
04/19/2021,STL,MO,ACE,CE,Towers with Radar,249,68,11,7,335,0,3,5,3,11,249,71,16,10,346,0,0,0,346
04/20/2021,STL,MO,ACE,CE,Towers with Radar,226,68,11,1,306,0,1,0,0,1,226,69,11,1,307,0,0,0,307
04/21/2021,STL,MO,ACE,CE,Towers with Radar,227,60,12,17,316,0,2,5,3,10,227,62,17,20,326,0,0,0,326
04/22/2021,STL,MO,ACE,CE,Towers with Radar,264,68,9,14,355,0,5,9,3,17,264,73,18,17,372,0,4,4,376
04/23/2021,STL,MO,ACE,CE,Towers with Radar,260,66,11,0,337,0,1,0,0,1,260,67,11,0,338,0,0,0,338
04/24/2021,STL,MO,ACE,CE,Towers with Radar,235,44,9,0,288,0,2,3,0,5,235,46,12,0,293,0,0,0,293
04/25/2021,STL,MO,ACE,CE,Towers with Radar,256,56,4,0,316,0,7,0,0,7,256,63,4,0,323,0,0,0,323
04/26/2021,STL,MO,ACE,CE,Towers with Radar,260,62,7,4,333,0,9,1,2,12,260,71,8,6,345,0,0,0,345
04/27/2021,STL,MO,ACE,CE,Towers with Radar,224,64,8,6,302,0,5,3,5,13,224,69,11,11,315,0,0,0,315
04/28/2021,STL,MO,ACE,CE,Towers with Radar,228,66,9,1,304,0,0,0,0,0,228,66,9,1,304,0,0,0,304
04/29/2021,STL,MO,ACE,CE,Towers with Radar,264,79,13,4,360,0,0,1,0,1,264,79,14,4,361,0,0,0,361
04/30/2021,STL,MO,ACE,CE,Towers with Radar,261,68,4,6,339,0,8,4,3,15,261,76,8,9,354,0,0,0,354
05/01/2021,STL,MO,ACE,CE,Towers with Radar,229,50,6,1,286,0,6,3,0,9,229,56,9,1,295,0,0,0,295
05/02/2021,STL,MO,ACE,CE,Towers with Radar,248,48,3,1,300,0,4,3,0,7,248,52,6,1,307,0,0,0,307
05/03/2021,STL,MO,ACE,CE,Towers with Radar,250,68,11,0,329,0,1,1,0,2,250,69,12,0,331,0,0,0,331
05/04/2021,STL,MO,ACE,CE,Towers with Radar,222,67,10,0,299,0,1,0,0,1,222,68,10,0,300,0,0,0,300
05/05/2021,STL,MO,ACE,CE,Towers with Radar,225,69,17,0,311,0,13,4,0,17,225,82,21,0,328,0,0,0,328
05/06/2021,STL,MO,ACE,CE,Towers with Radar,259,74,19,1,353,0,3,2,1,6,259,77,21,2,359,0,0,0,359
05/07/2021,STL,MO,ACE,CE,Towers with Radar,271,73,15,4,363,0,7,2,1,10,271,80,17,5,373,0,0,0,373
05/08/2021,STL,MO,ACE,CE,Towers with Radar,241,46,3,0,290,0,1,0,2,3,241,47,3,2,293,0,0,0,293
05/09/2021,STL,MO,ACE,CE,Towers with Radar,274,56,4,0,334,0,1,0,0,1,274,57,4,0,335,0,0,0,335
05/10/2021,STL,MO,ACE,CE,Towers with Radar,285,75,12,2,374,0,1,8,3,12,285,76,20,5,386,8,22,30,416
05/11/2021,STL,MO,ACE,CE,Towers with Radar,248,62,9,5,324,0,1,5,0,6,248,63,14,5,330,0,0,0,330
05/12/2021,STL,MO,ACE,CE,Towers with Radar,248,69,8,8,333,0,12,9,4,25,248,81,17,12,358,0,0,0,358
05/13/2021,STL,MO,ACE,CE,Towers with Radar,290,75,19,25,409,0,7,10,3,20,290,82,29,28,429,12,40,52,481
05/14/2021,STL,MO,ACE,CE,Towers with Radar,288,73,14,12,387,0,5,2,8,15,288,78,16,20,402,0,0,0,402
05/15/2021,STL,MO,ACE,CE,Towers with Radar,244,48,8,0,300,0,0,0,0,0,244,48,8,0,300,0,6,6,306
05/16/2021,STL,MO,ACE,CE,Towers with Radar,269,56,8,3,336,0,0,4,0,4,269,56,12,3,340,0,0,0,340
05/17/2021,STL,MO,ACE,CE,Towers with Radar,281,75,13,0,369,0,0,0,0,0,281,75,13,0,369,0,0,0,369
05/18/2021,STL,MO,ACE,CE,Towers with Radar,260,72,10,0,342,0,1,3,1,5,260,73,13,1,347,0,0,0,347
05/19/2021,STL,MO,ACE,CE,Towers with Radar,261,87,8,5,361,0,1,3,3,7,261,88,11,8,368,0,0,0,368
05/20/2021,STL,MO,ACE,CE,Towers with Radar,296,75,30,1,402,0,5,1,3,9,296,80,31,4,411,0,0,0,411
05/21/2021,STL,MO,ACE,CE,Towers with Radar,295,86,20,3,404,0,2,5,5,12,295,88,25,8,416,0,0,0,416
05/22/2021,STL,MO,ACE,CE,Towers with Radar,249,50,12,0,311,0,4,7,0,11,249,54,19,0,322,0,0,0,322
05/23/2021,STL,MO,ACE,CE,Towers with Radar,271,65,5,4,345,0,6,6,0,12,271,71,11,4,357,0,0,0,357
05/24/2021,STL,MO,ACE,CE,Towers with Radar,290,68,5,0,363,0,9,3,2,14,290,77,8,2,377,0,0,0,377
05/25/2021,STL,MO,ACE,CE,Towers with Radar,259,78,13,2,352,0,3,0,4,7,259,81,13,6,359,0,0,0,359
05/26/2021,STL,MO,ACE,CE,Towers with Radar,264,73,19,6,362,0,1,4,2,7,264,74,23,8,369,0,20,20,389
05/27/2021,STL,MO,ACE,CE,Towers with Radar,300,62,17,2,381,0,0,2,0,2,300,62,19,2,383,8,0,8,391
05/28/2021,STL,MO,ACE,CE,Towers with Radar,303,68,14,0,385,0,0,0,0,0,303,68,14,0,385,0,0,0,385
05/29/2021,STL,MO,ACE,CE,Towers with Radar,248,43,7,0,298,0,1,0,0,1,248,44,7,0,299,0,0,0,299
05/30/2021,STL,MO,ACE,CE,Towers with Radar,261,38,7,0,306,0,6,8,0,14,261,44,15,0,320,0,0,0,320
05/31/2021,STL,MO,ACE,CE,Towers with Radar,285,57,14,0,356,0,1,3,1,5,285,58,17,1,361,0,0,0,361
06/01/2021,STL,MO,ACE,CE,Towers with Radar,288,59,18,3,368,0,3,6,3,12,288,62,24,6,380,0,0,0,380
06/02/2021,STL,MO,ACE,CE,Towers with Radar,302,82,18,3,405,0,1,2,0,3,302,83,20,3,408,0,0,0,408
06/03/2021,STL,MO,ACE,CE,Towers with Radar,305,52,14,0,371,0,3,2,2,7,305,55,16,2,378,0,0,0,378
06/04/2021,STL,MO,ACE,CE,Towers with Radar,321,58,12,13,404,0,8,4,2,14,321,66,16,15,418,16,0,16,434
06/05/2021,STL,MO,ACE,CE,Towers with Radar,296,43,13,2,354,0,3,0,1,4,296,46,13,3,358,0,0,0,358
06/06/2021,STL,MO,ACE,CE,Towers with Radar,354,61,10,2,427,0,1,3,0,4,354,62,13,2,431,8,0,8,439
06/07/2021,STL,MO,ACE,CE,Towers with Radar,323,70,2,0,395,0,2,8,0,10,323,72,10,0,405,0,0,0,405
06/08/2021,STL,MO,ACE,CE,Towers with Radar,335,67,22,4,428,0,1,5,0,6,335,68,27,4,434,0,0,0,434
06/09/2021,STL,MO,ACE,CE,Towers with Radar,338,56,10,18,422,0,1,0,4,5,338,57,10,22,427,0,0,0,427
06/10/2021,STL,MO,ACE,CE,Towers with Radar,341,68,19,8,436,0,3,2,3,8,341,71,21,11,444,0,0,0,444
06/11/2021,STL,MO,ACE,CE,Towers with Radar,347,66,21,7,441,0,6,6,1,13,347,72,27,8,454,0,0,0,454
06/12/2021,STL,MO,ACE,CE,Towers with Radar,334,37,4,0,375,0,5,4,0,9,334,42,8,0,384,0,0,0,384
06/13/2021,STL,MO,ACE,CE,Towers with Radar,350,54,9,2,415,0,8,4,0,12,350,62,13,2,427,0,0,0,427
06/14/2021,STL,MO,ACE,CE,Towers with Radar,338,55,20,0,413,0,9,2,0,11,338,64,22,0,424,0,0,0,424
06/15/2021,STL,MO,ACE,CE,Towers with Radar,321,61,15,3,400,0,10,0,2,12,321,71,15,5,412,0,24,24,436
06/16/2021,STL,MO,ACE,CE,Towers with Radar,338,53,17,2,410,0,10,3,1,14,338,63,20,3,424,0,0,0,424
06/17/2021,STL,MO,ACE,CE,Towers with Radar,342,61,22,2,427,0,12,3,2,17,342,73,25,4,444,0,0,0,444
06/18/2021,STL,MO,ACE,CE,Towers with Radar,341,61,16,3,421,0,10,0,3,13,341,71,16,6,434,0,0,0,434
06/19/2021,STL,MO,ACE,CE,Towers with Radar,320,37,5,0,362,0,0,0,0,0,320,37,5,0,362,0,0,0,362
06/20/2021,STL,MO,ACE,CE,Towers with Radar,361,61,10,0,432,0,2,3,2,7,361,63,13,2,439,0,0,0,439
06/21/2021,STL,MO,ACE,CE,Towers with Radar,331,68,16,4,419,0,4,1,2,7,331,72,17,6,426,0,4,4,430
06/22/2021,STL,MO,ACE,CE,Towers with Radar,338,53,21,7,419,0,9,6,5,20,338,62,27,12,439,0,0,0,439
06/23/2021,STL,MO,ACE,CE,Towers with Radar,349,53,23,4,429,0,14,7,5,26,349,67,30,9,455,0,0,0,455
06/24/2021,STL,MO,ACE,CE,Towers with Radar,347,64,21,4,436,0,2,3,2,7,347,66,24,6,443,0,0,0,443
06/25/2021,STL,MO,ACE,CE,Towers with Radar,307,61,14,2,384,0,2,5,0,7,307,63,19,2,391,0,0,0,391
06/26/2021,STL,MO,ACE,CE,Towers with Radar,292,44,5,0,341,0,0,3,0,3,292,44,8,0,344,0,0,0,344
06/27/2021,STL,MO,ACE,CE,Towers with Radar,355,46,9,0,410,0,0,3,0,3,355,46,12,0,413,0,0,0,413
06/28/2021,STL,MO,ACE,CE,Towers with Radar,330,69,13,1,413,0,2,1,1,4,330,71,14,2,417,0,0,0,417
06/29/2021,STL,MO,ACE,CE,Towers with Radar,339,69,13,9,430,0,0,1,3,4,339,69,14,12,434,0,0,0,434
06/30/2021,STL,MO,ACE,CE,Towers with Radar,326,60,9,6,401,0,0,2,0,2,326,60,11,6,403,0,40,40,443
07/01/2021,STL,MO,ACE,CE,Towers with Radar,339,79,13,5,436,0,2,3,1,6,339,81,16,6,442,0,0,0,442
07/02/2021,STL,MO,ACE,CE,Towers with Radar,334,54,9,8,405,0,6,8,6,20,334,60,17,14,425,0,0,0,425
07/03/2021,STL,MO,ACE,CE,Towers with Radar,314,36,8,0,358,0,3,15,0,18,314,39,23,0,376,0,0,0,376
07/04/2021,STL,MO,ACE,CE,Towers with Radar,331,32,3,0,366,0,12,8,0,20,331,44,11,0,386,0,0,0,386
07/05/2021,STL,MO,ACE,CE,Towers with Radar,328,59,9,0,396,0,9,0,0,9,328,68,9,0,405,0,0,0,405
07/06/2021,STL,MO,ACE,CE,Towers with Radar,334,65,14,4,417,0,5,2,1,8,334,70,16,5,425,0,0,0,425
07/07/2021,STL,MO,ACE,CE,Towers with Radar,334,47,13,10,404,0,5,9,6,20,334,52,22,16,424,0,0,0,424
07/08/2021,STL,MO,ACE,CE,Towers with Radar,339,70,8,3,420,0,6,3,1,10,339,76,11,4,430,0,0,0,430
07/09/2021,STL,MO,ACE,CE,Towers with Radar,341,60,11,7,419,0,5,2,1,8,341,65,13,8,427,0,0,0,427
07/10/2021,STL,MO,ACE,CE,Towers with Radar,337,40,4,0,381,0,1,0,0,1,337,41,4,0,382,0,0,0,382
07/11/2021,STL,MO,ACE,CE,Towers with Radar,362,54,13,1,430,0,1,4,0,5,362,55,17,1,435,0,0,0,435
07/12/2021,STL,MO,ACE,CE,Towers with Radar,340,73,17,0,430,0,1,6,0,7,340,74,23,0,437,0,0,0,437
07/13/2021,STL,MO,ACE,CE,Towers with Radar,337,53,12,8,410,0,1,5,6,12,337,54,17,14,422,0,0,0,422
07/14/2021,STL,MO,ACE,CE,Towers with Radar,353,59,12,7,431,0,4,10,10,24,353,63,22,17,455,0,0,0,455
07/15/2021,STL,MO,ACE,CE,Towers with Radar,346,57,27,11,441,0,2,5,4,11,346,59,32,15,452,0,0,0,452
07/16/2021,STL,MO,ACE,CE,Towers with Radar,348,67,20,0,435,0,0,0,0,0,348,67,20,0,435,0,0,0,435
07/17/2021,STL,MO,ACE,CE,Towers with Radar,316,38,6,0,360,0,1,2,0,3,316,39,8,0,363,0,0,0,363
07/18/2021,STL,MO,ACE,CE,Towers with Radar,362,58,14,0,434,0,2,8,0,10,362,60,22,0,444,0,0,0,444
07/19/2021,STL,MO,ACE,CE,Towers with Radar,333,68,31,12,444,0,1,1,4,6,333,69,32,16,450,0,0,0,450
07/20/2021,STL,MO,ACE,CE,Towers with Radar,347,56,23,8,434,0,4,1,4,9,347,60,24,12,443,0,0,0,443
07/21/2021,STL,MO,ACE,CE,Towers with Radar,342,60,25,4,431,0,3,5,4,12,342,63,30,8,443,0,0,0,443
07/22/2021,STL,MO,ACE,CE,Towers with Radar,343,77,18,19,457,0,4,11,3,18,343,81,29,22,475,0,0,0,475
07/23/2021,STL,MO,ACE,CE,Towers with Radar,347,58,14,10,429,0,2,1,6,9,347,60,15,16,438,0,0,0,438
07/24/2021,STL,MO,ACE,CE,Towers with Radar,339,47,8,3,397,0,1,1,1,3,339,48,9,4,400,0,0,0,400
07/25/2021,STL,MO,ACE,CE,Towers with Radar,354,70,7,2,433,0,1,1,0,2,354,71,8,2,435,0,0,0,435
07/26/2021,STL,MO,ACE,CE,Towers with Radar,333,79,19,0,431,0,3,4,0,7,333,82,23,0,438,0,0,0,438
07/27/2021,STL,MO,ACE,CE,Towers with Radar,342,83,16,6,447,0,4,1,6,11,342,87,17,12,458,0,0,0,458
07/28/2021,STL,MO,ACE,CE,Towers with Radar,353,69,16,7,445,0,2,0,12,14,353,71,16,19,459,0,0,0,459
07/29/2021,STL,MO,ACE,CE,Towers with Radar,339,81,16,4,440,0,4,0,0,4,339,85,16,4,444,0,0,0,444
07/30/2021,STL,MO,ACE,CE,Towers with Radar,341,66,13,5,425,0,1,9,9,19,341,67,22,14,444,0,0,0,444
07/31/2021,STL,MO,ACE,CE,Towers with Radar,320,62,8,2,392,0,0,0,0,0,320,62,8,2,392,0,0,0,392
08/01/2021,STL,MO,ACE,CE,Towers with Radar,349,59,13,3,424,0,1,4,2,7,349,60,17,5,431,0,0,0,431
08/02/2021,STL,MO,ACE,CE,Towers with Radar,323,53,17,4,397,0,0,4,2,6,323,53,21,6,403,0,0,0,403
08/03/2021,STL,MO,ACE,CE,Towers with Radar,331,55,21,5,412,0,2,0,4,6,331,57,21,9,418,0,0,0,418
08/04/2021,STL,MO,ACE,CE,Towers with Radar,346,61,18,4,429,0,6,1,4,11,346,67,19,8,440,0,0,0,440
08/05/2021,STL,MO,ACE,CE,Towers with Radar,340,66,20,5,431,0,4,6,4,14,340,70,26,9,445,0,10,10,455
08/06/2021,STL,MO,ACE,CE,Towers with Radar,333,70,6,6,415,0,2,0,2,4,333,72,6,8,419,6,0,6,425
08/07/2021,STL,MO,ACE,CE,Towers with Radar,321,46,5,4,376,0,2,4,4,10,321,48,9,8,386,0,0,0,386
08/08/2021,STL,MO,ACE,CE,Towers with Radar,358,65,6,2,431,0,2,1,0,3,358,67,7,2,434,0,0,0,434
08/09/2021,STL,MO,ACE,CE,Towers with Radar,343,57,7,2,409,0,0,6,1,7,343,57,13,3,416,0,0,0,416
08/10/2021,STL,MO,ACE,CE,Towers with Radar,345,54,19,6,424,0,0,0,9,9,345,54,19,15,433,0,0,0,433
08/11/2021,STL,MO,ACE,CE,Towers with Radar,354,52,20,0,426,0,2,5,0,7,354,54,25,0,433,0,0,0,433
08/12/2021,STL,MO,ACE,CE,Towers with Radar,344,67,20,5,436,0,1,0,5,6,344,68,20,10,442,0,0,0,442
08/13/2021,STL,MO,ACE,CE,Towers with Radar,358,63,14,3,438,0,0,2,5,7,358,63,16,8,445,0,0,0,445
08/14/2021,STL,MO,ACE,CE,Towers with Radar,309,39,11,2,361,0,0,6,3,9,309,39,17,5,370,0,0,0,370
08/15/2021,STL,MO,ACE,CE,Towers with Radar,363,53,10,1,427,0,0,5,0,5,363,53,15,1,432,0,0,0,432
08/16/2021,STL,MO,ACE,CE,Towers with Radar,326,60,7,8,401,0,1,4,4,9,326,61,11,12,410,0,0,0,410
08/17/2021,STL,MO,ACE,CE,Towers with Radar,329,63,16,1,409,0,2,4,4,10,329,65,20,5,419,0,0,0,419
08/18/2021,STL,MO,ACE,CE,Towers with Radar,337,73,9,9,428,0,0,3,7,10,337,73,12,16,438,0,0,0,438
08/19/2021,STL,MO,ACE,CE,Towers with Radar,361,65,20,5,451,0,0,0,1,1,361,65,20,6,452,0,0,0,452
08/20/2021,STL,MO,ACE,CE,Towers with Radar,336,68,25,1,430,0,0,2,3,5,336,68,27,4,435,0,0,0,435
08/21/2021,STL,MO,ACE,CE,Towers with Radar,329,55,8,0,392,0,1,6,0,7,329,56,14,0,399,0,0,0,399
08/22/2021,STL,MO,ACE,CE,Towers with Radar,363,64,16,1,444,0,2,3,3,8,363,66,19,4,452,0,0,0,452
08/23/2021,STL,MO,ACE,CE,Towers with Radar,347,45,10,7,409,0,1,0,4,5,347,46,10,11,414,0,10,10,424
08/24/2021,STL,MO,ACE,CE,Towers with Radar,369,65,19,6,459,0,1,1,6,8,369,66,20,12,467,0,10,10,477
08/25/2021,STL,MO,ACE,CE,Towers with Radar,357,60,21,1,439,0,2,0,0,2,357,62,21,1,441,0,0,0,441
08/26/2021,STL,MO,ACE,CE,Towers with Radar,342,68,22,4,436,0,5,2,4,11,342,73,24,8,447,0,5,5,452
08/27/2021,STL,MO,ACE,CE,Towers with Radar,350,65,9,6,430,0,6,1,6,13,350,71,10,12,443,0,0,0,443
08/28/2021,STL,MO,ACE,CE,Towers with Radar,324,48,10,0,382,0,4,4,0,8,324,52,14,0,390,0,0,0,390
08/29/2021,STL,MO,ACE,CE,Towers with Radar,345,47,7,0,399,0,4,2,6,12,345,51,9,6,411,0,0,0,411
08/30/2021,STL,MO,ACE,CE,Towers with Radar,342,55,8,3,408,0,1,2,0,3,342,56,10,3,411,0,0,0,411
08/31/2021,STL,MO,ACE,CE,Towers with Radar,336,55,5,5,401,0,0,0,2,2,336,55,5,7,403,0,0,0,403
09/01/2021,STL,MO,ACE,CE,Towers with Radar,338,62,14,3,417,0,3,11,3,17,338,65,25,6,434,0,0,0,434
09/02/2021,STL,MO,ACE,CE,Towers with Radar,350,56,9,8,423,0,11,7,4,22,350,67,16,12,445,0,6,6,451
09/03/2021,STL,MO,ACE,CE,Towers with Radar,353,65,16,4,438,0,3,5,6,14,353,68,21,10,452,0,0,0,452
09/04/2021,STL,MO,ACE,CE,Towers with Radar,322,44,5,0,371,0,1,0,0,1,322,45,5,0,372,0,0,0,372
09/05/2021,STL,MO,ACE,CE,Towers with Radar,336,48,3,6,393,0,4,4,4,12,336,52,7,10,405,0,0,0,405
09/06/2021,STL,MO,ACE,CE,Towers with Radar,322,65,7,1,395,0,3,6,0,9,322,68,13,1,404,0,0,0,404
09/07/2021,STL,MO,ACE,CE,Towers with Radar,328,65,29,0,422,0,4,1,1,6,328,69,30,1,428,0,0,0,428
09/08/2021,STL,MO,ACE,CE,Towers with Radar,320,69,24,14,427,0,7,3,8,18,320,76,27,22,445,0,0,0,445
09/09/2021,STL,MO,ACE,CE,Towers with Radar,353,70,26,11,460,0,4,5,6,15,353,74,31,17,475,0,0,0,475
09/10/2021,STL,MO,ACE,CE,Towers with Radar,354,70,16,6,446,0,5,6,4,15,354,75,22,10,461,0,0,0,461
09/11/2021,STL,MO,ACE,CE,Towers with Radar,296,42,12,1,351,0,4,1,1,6,296,46,13,2,357,0,0,0,357
09/12/2021,STL,MO,ACE,CE,Towers with Radar,359,54,7,0,420,0,11,3,1,15,359,65,10,1,435,0,0,0,435
09/13/2021,STL,MO,ACE,CE,Towers with Radar,344,58,22,3,427,0,6,5,2,13,344,64,27,5,440,0,0,0,440
09/14/2021,STL,MO,ACE,CE,Towers with Radar,321,73,15,1,410,0,4,2,0,6,321,77,17,1,416,0,0,0,416
09/15/2021,STL,MO,ACE,CE,Towers with Radar,330,65,32,2,429,0,7,5,2,14,330,72,37,4,443,0,0,0,443
09/16/2021,STL,MO,ACE,CE,Towers with Radar,367,68,12,5,452,0,4,1,4,9,367,72,13,9,461,0,20,20,481
09/17/2021,STL,MO,ACE,CE,Towers with Radar,359,96,29,3,487,0,6,8,4,18,359,102,37,7,505,0,0,0,505
09/18/2021,STL,MO,ACE,CE,Towers with Radar,297,37,14,0,348,0,2,0,0,2,297,39,14,0,350,0,0,0,350
09/19/2021,STL,MO,ACE,CE,Towers with Radar,370,56,10,0,436,0,2,0,0,2,370,58,10,0,438,0,0,0,438
09/20/2021,STL,MO,ACE,CE,Towers with Radar,343,85,16,7,451,0,1,0,1,2,343,86,16,8,453,0,0,0,453
09/21/2021,STL,MO,ACE,CE,Towers with Radar,323,55,14,0,392,0,0,0,0,0,323,55,14,0,392,0,0,0,392
09/22/2021,STL,MO,ACE,CE,Towers with Radar,329,68,11,4,412,0,3,0,2,5,329,71,11,6,417,0,0,0,417
09/23/2021,STL,MO,ACE,CE,Towers with Radar,342,71,23,2,438,0,1,5,1,7,342,72,28,3,445,0,0,0,445
09/24/2021,STL,MO,ACE,CE,Towers with Radar,360,60,22,0,442,0,2,8,0,10,360,62,30,0,452,0,0,0,452
09/25/2021,STL,MO,ACE,CE,Towers with Radar,300,41,8,2,351,0,2,4,2,8,300,43,12,4,359,0,0,0,359
09/26/2021,STL,MO,ACE,CE,Towers with Radar,367,64,9,1,441,0,8,4,3,15,367,72,13,4,456,0,0,0,456
09/27/2021,STL,MO,ACE,CE,Towers with Radar,351,63,13,3,430,0,5,4,4,13,351,68,17,7,443,0,0,0,443
09/28/2021,STL,MO,ACE,CE,Towers with Radar,318,44,17,0,379,0,9,2,0,11,318,53,19,0,390,0,0,0,390
09/29/2021,STL,MO,ACE,CE,Towers with Radar,336,58,24,18,436,0,2,6,0,8,336,60,30,18,444,0,0,0,444
09/30/2021,STL,MO,ACE,CE,Towers with Radar,355,59,26,1,441,0,4,7,1,12,355,63,33,2,453,0,0,0,453
10/01/2021,STL,MO,ACE,CE,Towers with Radar,364,75,8,0,447,0,1,0,1,2,364,76,8,1,449,0,0,0,449
10/02/2021,STL,MO,ACE,CE,Towers with Radar,299,39,21,0,359,0,0,2,0,2,299,39,23,0,361,0,0,0,361
10/03/2021,STL,MO,ACE,CE,Towers with Radar,375,59,14,0,448,0,0,0,0,0,375,59,14,0,448,0,0,0,448
10/04/2021,STL,MO,ACE,CE,Towers with Radar,348,63,12,6,429,0,1,2,0,3,348,64,14,6,432,0,0,0,432
10/05/2021,STL,MO,ACE,CE,Towers with Radar,335,59,21,7,422,0,0,0,0,0,335,59,21,7,422,0,0,0,422
10/06/2021,STL,MO,ACE,CE,Towers with Radar,330,67,18,5,420,0,0,0,2,2,330,67,18,7,422,0,0,0,422
10/07/2021,STL,MO,ACE,CE,Towers with Radar,361,65,13,4,443,0,1,5,1,7,361,66,18,5,450,0,0,0,450
10/08/2021,STL,MO,ACE,CE,Towers with Radar,341,82,24,7,454,0,6,3,6,15,341,88,27,13,469,0,0,0,469
10/09/2021,STL,MO,ACE,CE,Towers with Radar,265,33,11,0,309,0,2,1,0,3,265,35,12,0,312,0,0,0,312
10/10/2021,STL,MO,ACE,CE,Towers with Radar,304,47,10,0,361,0,4,4,0,8,304,51,14,0,369,0,0,0,369
10/11/2021,STL,MO,ACE,CE,Towers with Radar,328,60,13,0,401,0,0,0,0,0,328,60,13,0,401,0,0,0,401
10/12/2021,STL,MO,ACE,CE,Towers with Radar,328,45,19,2,394,0,7,3,3,13,328,52,22,5,407,0,0,0,407
10/13/2021,STL,MO,ACE,CE,Towers with Radar,327,69,23,6,425,0,2,2,8,12,327,71,25,14,437,0,0,0,437
10/14/2021,STL,MO,ACE,CE,Towers with Radar,358,67,29,0,454,0,0,0,0,0,358,67,29,0,454,0,0,0,454
10/15/2021,STL,MO,ACE,CE,Towers with Radar,354,64,9,6,433,0,0,0,0,0,354,64,9,6,433,0,0,0,433
10/16/2021,STL,MO,ACE,CE,Towers with Radar,312,37,9,0,358,0,6,6,0,12,312,43,15,0,370,0,0,0,370
10/17/2021,STL,MO,ACE,CE,Towers with Radar,373,52,15,0,440,0,9,5,0,14,373,61,20,0,454,0,0,0,454
10/18/2021,STL,MO,ACE,CE,Towers with Radar,344,63,8,6,421,0,2,3,4,9,344,65,11,10,430,0,0,0,430
10/19/2021,STL,MO,ACE,CE,Towers with Radar,325,43,12,3,383,0,5,0,3,8,325,48,12,6,391,0,0,0,391
10/20/2021,STL,MO,ACE,CE,Towers with Radar,327,51,17,4,399,0,2,2,2,6,327,53,19,6,405,0,10,10,415
10/21/2021,STL,MO,ACE,CE,Towers with Radar,348,53,29,2,432,0,0,2,0,2,348,53,31,2,434,0,0,0,434
10/22/2021,STL,MO,ACE,CE,Towers with Radar,344,64,15,6,429,0,1,0,1,2,344,65,15,7,431,0,0,0,431
10/23/2021,STL,MO,ACE,CE,Towers with Radar,304,55,10,0,369,0,0,0,0,0,304,55,10,0,369,0,0,0,369
10/24/2021,STL,MO,ACE,CE,Towers with Radar,363,50,14,2,429,0,1,0,0,1,363,51,14,2,430,0,0,0,430
10/25/2021,STL,MO,ACE,CE,Towers with Radar,344,65,23,0,432,0,0,2,0,2,344,65,25,0,434,0,0,0,434
10/26/2021,STL,MO,ACE,CE,Towers with Radar,327,56,31,3,417,0,10,8,3,21,327,66,39,6,438,0,0,0,438
10/27/2021,STL,MO,ACE,CE,Towers with Radar,333,54,23,8,418,0,6,0,2,8,333,60,23,10,426,0,0,0,426
10/28/2021,STL,MO,ACE,CE,Towers with Radar,357,52,44,1,454,0,0,0,0,0,357,52,44,1,454,0,0,0,454
10/29/2021,STL,MO,ACE,CE,Towers with Radar,348,61,33,0,442,0,0,0,0,0,348,61,33,0,442,0,0,0,442
10/30/2021,STL,MO,ACE,CE,Towers with Radar,296,52,9,0,357,0,0,4,0,4,296,52,13,0,361,0,0,0,361
10/31/2021,STL,MO,ACE,CE,Towers with Radar,311,64,12,0,387,0,4,1,0,5,311,68,13,0,392,0,0,0,392
11/01/2021,STL,MO,ACE,CE,Towers with Radar,341,65,22,3,431,0,5,0,3,8,341,70,22,6,439,0,0,0,439
11/02/2021,STL,MO,ACE,CE,Towers with Radar,344,54,21,4,423,0,10,2,2,14,344,64,23,6,437,0,0,0,437
11/03/2021,STL,MO,ACE,CE,Towers with Radar,339,67,26,7,439,0,7,2,4,13,339,74,28,11,452,0,0,0,452
11/04/2021,STL,MO,ACE,CE,Towers with Radar,365,60,23,5,453,0,7,0,4,11,365,67,23,9,464,0,0,0,464
11/05/2021,STL,MO,ACE,CE,Towers with Radar,368,49,18,5,440,0,7,0,6,13,368,56,18,11,453,0,0,0,453
11/06/2021,STL,MO,ACE,CE,Towers with Radar,307,45,12,1,365,0,4,1,0,5,307,49,13,1,370,0,0,0,370
11/07/2021,STL,MO,ACE,CE,Towers with Radar,342,59,5,2,408,0,11,2,2,15,342,70,7,4,423,0,0,0,423
11/08/2021,STL,MO,ACE,CE,Towers with Radar,358,76,15,8,457,0,11,0,2,13,358,87,15,10,470,0,0,0,470
11/09/2021,STL,MO,ACE,CE,Towers with Radar,326,70,20,5,421,0,4,0,7,11,326,74,20,12,432,0,0,0,432
11/10/2021,STL,MO,ACE,CE,Towers with Radar,327,67,26,7,427,0,1,5,2,8,327,68,31,9,435,0,0,0,435
11/11/2021,STL,MO,ACE,CE,Towers with Radar,359,69,22,0,450,0,4,1,0,5,359,73,23,0,455,0,0,0,455
11/12/2021,STL,MO,ACE,CE,Towers with Radar,371,65,23,3,462,0,2,0,4,6,371,67,23,7,468,0,0,0,468
11/13/2021,STL,MO,ACE,CE,Towers with Radar,282,40,13,0,335,0,0,2,0,2,282,40,15,0,337,0,0,0,337
11/14/2021,STL,MO,ACE,CE,Towers with Radar,339,57,22,0,418,0,1,4,0,5,339,58,26,0,423,0,0,0,423
11/15/2021,STL,MO,ACE,CE,Towers with Radar,361,63,22,2,448,0,7,4,2,13,361,70,26,4,461,0,0,0,461
11/16/2021,STL,MO,ACE,CE,Towers with Radar,319,70,21,6,416,0,6,1,5,12,319,76,22,11,428,0,0,0,428
11/17/2021,STL,MO,ACE,CE,Towers with Radar,336,77,28,1,442,0,0,1,0,1,336,77,29,1,443,0,0,0,443
11/18/2021,STL,MO,ACE,CE,Towers with Radar,373,65,29,10,477,0,9,5,4,18,373,74,34,14,495,0,0,0,495
11/19/2021,STL,MO,ACE,CE,Towers with Radar,372,61,24,3,460,0,7,4,3,14,372,68,28,6,474,0,0,0,474
11/20/2021,STL,MO,ACE,CE,Towers with Radar,337,48,8,3,396,0,6,10,5,21,337,54,18,8,417,0,0,0,417
11/21/2021,STL,MO,ACE,CE,Towers with Radar,338,54,6,0,398,0,12,4,0,16,338,66,10,0,414,0,0,0,414
11/22/2021,STL,MO,ACE,CE,Towers with Radar,355,70,14,4,443,0,9,1,4,14,355,79,15,8,457,0,0,0,457
11/23/2021,STL,MO,ACE,CE,Towers with Radar,392,57,21,3,473,0,10,4,3,17,392,67,25,6,490,0,0,0,490
11/24/2021,STL,MO,ACE,CE,Towers with Radar,403,57,10,1,471,0,7,0,1,8,403,64,10,2,479,0,0,0,479
11/25/2021,STL,MO,ACE,CE,Towers with Radar,240,42,4,0,286,0,1,0,0,1,240,43,4,0,287,0,0,0,287
11/26/2021,STL,MO,ACE,CE,Towers with Radar,284,46,12,2,344,0,4,0,0,4,284,50,12,2,348,10,0,10,358
11/27/2021,STL,MO,ACE,CE,Towers with Radar,347,51,7,0,405,0,3,1,0,4,347,54,8,0,409,0,0,0,409
11/28/2021,STL,MO,ACE,CE,Towers with Radar,382,64,14,0,460,0,7,6,0,13,382,71,20,0,473,16,12,28,501
11/29/2021,STL,MO,ACE,CE,Towers with Radar,389,78,15,2,484,0,8,7,5,20,389,86,22,7,504,0,0,0,504
11/30/2021,STL,MO,ACE,CE,Towers with Radar,365,65,24,6,460,0,10,2,2,14,365,75,26,8,474,0,14,14,488
12/01/2021,STL,MO,ACE,CE,Towers with Radar,338,57,19,4,418,0,6,8,2,16,338,63,27,6,434,28,0,28,462
12/02/2021,STL,MO,ACE,CE,Towers with Radar,347,73,21,2,443,0,6,6,1,13,347,79,27,3,456,0,0,0,456
12/03/2021,STL,MO,ACE,CE,Towers with Radar,344,61,15,6,426,0,8,5,4,17,344,69,20,10,443,0,0,0,443
12/04/2021,STL,MO,ACE,CE,Towers with Radar,277,51,9,0,337,0,3,2,0,5,277,54,11,0,342,0,0,0,342
12/05/2021,STL,MO,ACE,CE,Towers with Radar,340,53,10,0,403,0,1,0,0,1,340,54,10,0,404,0,0,0,404
12/06/2021,STL,MO,ACE,CE,Towers with Radar,329,64,14,3,410,0,14,0,1,15,329,78,14,4,425,0,5,5,430
12/07/2021,STL,MO,ACE,CE,Towers with Radar,323,62,19,4,408,0,7,0,2,9,323,69,19,6,417,0,7,7,424
12/08/2021,STL,MO,ACE,CE,Towers with Radar,333,71,31,6,441,0,13,4,2,19,333,84,35,8,460,26,26,52,512
12/09/2021,STL,MO,ACE,CE,Towers with Radar,337,88,28,3,456,0,4,1,3,8,337,92,29,6,464,0,0,0,464
12/10/2021,STL,MO,ACE,CE,Towers with Radar,337,79,20,4,440,0,0,0,0,0,337,79,20,4,440,0,0,0,440
12/11/2021,STL,MO,ACE,CE,Towers with Radar,288,41,7,3,339,0,1,0,1,2,288,42,7,4,341,0,9,9,350
12/12/2021,STL,MO,ACE,CE,Towers with Radar,341,44,12,0,397,0,11,10,0,21,341,55,22,0,418,0,0,0,418
12/13/2021,STL,MO,ACE,CE,Towers with Radar,335,59,17,1,412,0,6,3,2,11,335,65,20,3,423,0,0,0,423
12/14/2021,STL,MO,ACE,CE,Towers with Radar,320,70,23,1,414,0,0,4,3,7,320,70,27,4,421,0,0,0,421
12/15/2021,STL,MO,ACE,CE,Towers with Radar,332,51,21,6,410,0,0,0,0,0,332,51,21,6,410,0,0,0,410
12/16/2021,STL,MO,ACE,CE,Towers with Radar,341,73,20,2,436,0,3,2,2,7,341,76,22,4,443,0,0,0,443
12/17/2021,STL,MO,ACE,CE,Towers with Radar,356,71,12,2,441,0,0,0,0,0,356,71,12,2,441,0,0,0,441
12/18/2021,STL,MO,ACE,CE,Towers with Radar,325,41,3,1,370,0,0,0,0,0,325,41,3,1,370,0,0,0,370
12/19/2021,STL,MO,ACE,CE,Towers with Radar,328,44,8,0,380,0,5,3,0,8,328,49,11,0,388,0,0,0,388
12/20/2021,STL,MO,ACE,CE,Towers with Radar,346,55,19,6,426,0,7,5,2,14,346,62,24,8,440,0,16,16,456
12/21/2021,STL,MO,ACE,CE,Towers with Radar,346,47,19,3,415,0,10,2,0,12,346,57,21,3,427,0,0,0,427
12/22/2021,STL,MO,ACE,CE,Towers with Radar,349,53,19,2,423,0,9,4,2,15,349,62,23,4,438,0,0,0,438
12/23/2021,STL,MO,ACE,CE,Towers with Radar,368,60,7,2,437,0,4,2,1,7,368,64,9,3,444,0,0,0,444
12/24/2021,STL,MO,ACE,CE,Towers with Radar,304,42,3,0,349,0,3,0,0,3,304,45,3,0,352,0,0,0,352
12/25/2021,STL,MO,ACE,CE,Towers with Radar,254,49,0,0,303,0,0,0,0,0,254,49,0,0,303,0,0,0,303
12/26/2021,STL,MO,ACE,CE,Towers with Radar,325,71,16,0,412,0,0,0,0,0,325,71,16,0,412,0,0,0,412
12/27/2021,STL,MO,ACE,CE,Towers with Radar,344,50,11,0,405,0,4,0,0,4,344,54,11,0,409,0,0,0,409
12/28/2021,STL,MO,ACE,CE,Towers with Radar,354,63,22,0,439,0,0,0,0,0,354,63,22,0,439,0,0,0,439
12/29/2021,STL,MO,ACE,CE,Towers with Radar,358,53,14,0,425,0,0,0,0,0,358,53,14,0,425,0,0,0,425
12/30/2021,STL,MO,ACE,CE,Towers with Radar,363,45,7,0,415,0,0,2,0,2,363,45,9,0,417,0,0,0,417
12/31/2021,STL,MO,ACE,CE,Towers with Radar,290,46,5,0,341,0,3,0,0,3,290,49,5,0,344,0,0,0,344
01/01/2022,STL,MO,ACE,CE,Towers with Radar,279,23,3,0,305,0,0,0,0,0,279,23,3,0,305,0,0,0,305
01/02/2022,STL,MO,ACE,CE,Towers with Radar,318,47,13,0,378,0,0,0,0,0,318,47,13,0,378,0,0,0,378
01/03/2022,STL,MO,ACE,CE,Towers with Radar,330,43,8,0,381,0,9,5,0,14,330,52,13,0,395,0,0,0,395
01/04/2022,STL,MO,ACE,CE,Towers with Radar,297,47,19,0,363,0,9,0,0,9,297,56,19,0,372,0,0,0,372
01/05/2022,STL,MO,ACE,CE,Towers with Radar,288,49,22,2,361,0,7,0,0,7,288,56,22,2,368,0,0,0,368
01/06/2022,STL,MO,ACE,CE,Towers with Radar,279,44,9,1,333,0,3,4,2,9,279,47,13,3,342,0,0,0,342
01/07/2022,STL,MO,ACE,CE,Towers with Radar,299,49,16,5,369,1,5,0,5,11,300,54,16,10,380,0,4,4,384
01/08/2022,STL,MO,ACE,CE,Towers with Radar,261,32,4,0,297,0,0,0,0,0,261,32,4,0,297,0,0,0,297
01/09/2022,STL,MO,ACE,CE,Towers with Radar,309,49,4,0,362,0,6,2,0,8,309,55,6,0,370,0,0,0,370
01/10/2022,STL,MO,ACE,CE,Towers with Radar,308,53,6,1,368,0,13,7,0,20,308,66,13,1,388,0,0,0,388
01/11/2022,STL,MO,ACE,CE,Towers with Radar,298,45,8,3,354,0,9,1,2,12,298,54,9,5,366,0,0,0,366
01/12/2022,STL,MO,ACE,CE,Towers with Radar,306,44,8,3,361,0,7,6,10,23,306,51,14,13,384,0,0,0,384
01/13/2022,STL,MO,ACE,CE,Towers with Radar,318,50,9,7,384,0,7,5,7,19,318,57,14,14,403,4,15,19,422
01/14/2022,STL,MO,ACE,CE,Towers with Radar,346,64,8,1,419,0,0,0,0,0,346,64,8,1,419,0,0,0,419
01/15/2022,STL,MO,ACE,CE,Towers with Radar,259,31,5,0,295,0,0,0,0,0,259,31,5,0,295,0,0,0,295
01/16/2022,STL,MO,ACE,CE,Towers with Radar,277,41,7,3,328,0,4,2,0,6,277,45,9,3,334,0,0,0,334
01/17/2022,STL,MO,ACE,CE,Towers with Radar,326,57,7,0,390,0,2,3,0,5,326,59,10,0,395,0,0,0,395
01/18/2022,STL,MO,ACE,CE,Towers with Radar,339,37,14,3,393,0,7,3,4,14,339,44,17,7,407,0,0,0,407
01/19/2022,STL,MO,ACE,CE,Towers with Radar,327,62,14,6,409,0,4,0,3,7,327,66,14,9,416,0,0,0,416
01/20/2022,STL,MO,ACE,CE,Towers with Radar,343,48,12,1,404,0,8,2,1,11,343,56,14,2,415,0,10,10,425
01/21/2022,STL,MO,ACE,CE,Towers with Radar,358,57,12,6,433,0,7,6,2,15,358,64,18,8,448,0,4,4,452
01/22/2022,STL,MO,ACE,CE,Towers with Radar,269,38,6,0,313,0,5,6,0,11,269,43,12,0,324,0,0,0,324
01/23/2022,STL,MO,ACE,CE,Towers with Radar,330,41,14,2,387,0,5,5,0,10,330,46,19,2,397,0,0,0,397
01/24/2022,STL,MO,ACE,CE,Towers with Radar,349,46,15,0,410,0,4,0,0,4,349,50,15,0,414,0,0,0,414
01/25/2022,STL,MO,ACE,CE,Towers with Radar,332,52,9,4,397,0,9,5,1,15,332,61,14,5,412,0,6,6,418
01/26/2022,STL,MO,ACE,CE,Towers with Radar,335,44,13,7,399,0,9,6,3,18,335,53,19,10,417,0,8,8,425
01/27/2022,STL,MO,ACE,CE,Towers with Radar,356,57,12,3,428,0,0,4,0,4,356,57,16,3,432,0,0,0,432
01/28/2022,STL,MO,ACE,CE,Towers with Radar,344,52,21,7,424,0,3,2,4,9,344,55,23,11,433,0,0,0,433
01/29/2022,STL,MO,ACE,CE,Towers with Radar,245,31,13,2,291,0,5,1,0,6,245,36,14,2,297,0,0,0,297
01/30/2022,STL,MO,ACE,CE,Towers with Radar,313,58,13,0,384,0,3,2,0,5,313,61,15,0,389,0,0,0,389
01/31/2022,STL,MO,ACE,CE,Towers with Radar,337,71,25,0,433,0,4,2,0,6,337,75,27,0,439,0,0,0,439
02/01/2022,STL,MO,ACE,CE,Towers with Radar,307,71,17,4,399,0,1,0,2,3,307,72,17,6,402,0,0,0,402
02/02/2022,STL,MO,ACE,CE,Towers with Radar,48,4,2,0,54,0,0,0,0,0,48,4,2,0,54,0,0,0,54
02/03/2022,STL,MO,ACE,CE,Towers with Radar,66,16,6,0,88,0,0,0,0,0,66,16,6,0,88,0,0,0,88
02/04/2022,STL,MO,ACE,CE,Towers with Radar,235,29,17,0,281,0,7,0,0,7,235,36,17,0,288,0,0,0,288
02/05/2022,STL,MO,ACE,CE,Towers with Radar,248,29,4,0,281,0,9,1,0,10,248,38,5,0,291,0,0,0,291
02/06/2022,STL,MO,ACE,CE,Towers with Radar,320,38,8,0,366,0,6,3,0,9,320,44,11,0,375,0,0,0,375
02/07/2022,STL,MO,ACE,CE,Towers with Radar,344,43,10,2,399,0,12,2,0,14,344,55,12,2,413,0,0,0,413
02/08/2022,STL,MO,ACE,CE,Towers with Radar,333,45,23,3,404,0,5,5,4,14,333,50,28,7,418,0,0,0,418
02/09/2022,STL,MO,ACE,CE,Towers with Radar,344,49,12,9,414,0,5,4,5,14,344,54,16,14,428,0,12,12,440
02/10/2022,STL,MO,ACE,CE,Towers with Radar,355,62,19,1,437,0,11,6,1,18,355,73,25,2,455,6,0,6,461
02/11/2022,STL,MO,ACE,CE,Towers with Radar,361,58,18,0,437,0,1,4,0,5,361,59,22,0,442,0,0,0,442
02/12/2022,STL,MO,ACE,CE,Towers with Radar,269,49,4,0,322,0,5,5,0,10,269,54,9,0,332,0,0,0,332
02/13/2022,STL,MO,ACE,CE,Towers with Radar,306,40,5,0,351,0,2,2,0,4,306,42,7,0,355,0,0,0,355
02/14/2022,STL,MO,ACE,CE,Towers with Radar,350,51,8,3,412,0,7,9,1,17,350,58,17,4,429,0,0,0,429
02/15/2022,STL,MO,ACE,CE,Towers with Radar,337,52,11,3,403,0,7,5,1,13,337,59,16,4,416,0,0,0,416
02/16/2022,STL,MO,ACE,CE,Towers with Radar,335,70,16,5,426,0,2,2,3,7,335,72,18,8,433,0,0,0,433
02/17/2022,STL,MO,ACE,CE,Towers with Radar,255,27,8,0,290,0,0,0,0,0,255,27,8,0,290,0,0,0,290
02/18/2022,STL,MO,ACE,CE,Towers with Radar,364,64,28,3,459,0,15,4,5,24,364,79,32,8,483,0,7,7,490
02/19/2022,STL,MO,ACE,CE,Towers with Radar,271,43,9,2,325,0,7,4,0,11,271,50,13,2,336,0,0,0,336
02/20/2022,STL,MO,ACE,CE,Towers with Radar,318,50,4,0,372,0,8,0,0,8,318,58,4,0,380,0,0,0,380
02/21/2022,STL,MO,ACE,CE,Towers with Radar,345,59,12,1,417,0,6,0,1,7,345,65,12,2,424,0,0,0,424
02/22/2022,STL,MO,ACE,CE,Towers with Radar,359,63,19,1,442,0,0,0,1,1,359,63,19,2,443,0,0,0,443
02/23/2022,STL,MO,ACE,CE,Towers with Radar,306,59,17,1,383,0,0,4,4,8,306,59,21,5,391,12,0,12,403
02/24/2022,STL,MO,ACE,CE,Towers with Radar,268,30,8,0,306,0,0,0,0,0,268,30,8,0,306,0,0,0,306
02/25/2022,STL,MO,ACE,CE,Towers with Radar,354,68,18,5,445,0,0,0,1,1,354,68,18,6,446,0,0,0,446
02/26/2022,STL,MO,ACE,CE,Towers with Radar,284,45,7,3,339,0,5,2,3,10,284,50,9,6,349,0,0,0,349
02/27/2022,STL,MO,ACE,CE,Towers with Radar,333,51,12,1,397,0,8,3,1,12,333,59,15,2,409,0,0,0,409
02/28/2022,STL,MO,ACE,CE,Towers with Radar,358,58,20,8,444,0,14,4,3,21,358,72,24,11,465,0,0,0,465
03/01/2022,STL,MO,ACE,CE,Towers with Radar,346,58,18,3,425,0,7,6,1,14,346,65,24,4,439,0,0,0,439
03/02/2022,STL,MO,ACE,CE,Towers with Radar,347,82,27,6,462,0,6,6,5,17,347,88,33,11,479,0,20,20,499
03/03/2022,STL,MO,ACE,CE,Towers with Radar,360,64,22,3,449,0,4,6,5,15,360,68,28,8,464,0,12,12,476
03/04/2022,STL,MO,ACE,CE,Towers with Radar,337,59,12,4,412,0,12,6,2,20,337,71,18,6,432,6,0,6,438
03/05/2022,STL,MO,ACE,CE,Towers with Radar,284,46,5,5,340,0,1,2,0,3,284,47,7,5,343,0,0,0,343
03/06/2022,STL,MO,ACE,CE,Towers with Radar,305,57,14,0,376,0,2,4,0,6,305,59,18,0,382,0,0,0,382
03/07/2022,STL,MO,ACE,CE,Towers with Radar,340,63,16,0,419,0,2,0,0,2,340,65,16,0,421,0,0,0,421
03/08/2022,STL,MO,ACE,CE,Towers with Radar,335,58,22,0,415,0,5,3,0,8,335,63,25,0,423,0,0,0,423
03/09/2022,STL,MO,ACE,CE,Towers with Radar,333,59,31,6,429,0,6,3,0,9,333,65,34,6,438,0,0,0,438
03/10/2022,STL,MO,ACE,CE,Towers with Radar,376,75,22,7,480,0,2,4,0,6,376,77,26,7,486,4,16,20,506
03/11/2022,STL,MO,ACE,CE,Towers with Radar,384,60,15,2,461,0,2,0,0,2,384,62,15,2,463,0,0,0,463
03/12/2022,STL,MO,ACE,CE,Towers with Radar,294,40,16,0,350,0,8,5,0,13,294,48,21,0,363,12,0,12,375
03/13/2022,STL,MO,ACE,CE,Towers with Radar,347,38,19,0,404,0,9,7,1,17,347,47,26,1,421,0,0,0,421
03/14/2022,STL,MO,ACE,CE,Towers with Radar,373,55,14,0,442,0,6,7,0,13,373,61,21,0,455,0,0,0,455
03/15/2022,STL,MO,ACE,CE,Towers with Radar,367,44,9,6,426,0,2,3,13,18,367,46,12,19,444,0,4,4,448
03/16/2022,STL,MO,ACE,CE,Towers with Radar,358,65,19,0,442,0,4,6,4,14,358,69,25,4,456,10,0,10,466
03/17/2022,STL,MO,ACE,CE,Towers with Radar,368,45,17,1,431,0,6,2,1,9,368,51,19,2,440,0,0,0,440
03/18/2022,STL,MO,ACE,CE,Towers with Radar,367,41,13,0,421,0,0,0,1,1,367,41,13,1,422,0,0,0,422
03/19/2022,STL,MO,ACE,CE,Towers with Radar,313,45,11,1,370,0,1,0,1,2,313,46,11,2,372,0,0,0,372
03/20/2022,STL,MO,ACE,CE,Towers with Radar,366,45,15,0,426,1,5,0,0,6,367,50,15,0,432,0,0,0,432
03/21/2022,STL,MO,ACE,CE,Towers with Radar,372,46,13,1,432,0,6,1,1,8,372,52,14,2,440,0,0,0,440
03/22/2022,STL,MO,ACE,CE,Towers with Radar,358,55,24,12,449,0,0,0,0,0,358,55,24,12,449,0,0,0,449
03/23/2022,STL,MO,ACE,CE,Towers with Radar,362,65,15,5,447,0,0,0,2,2,362,65,15,7,449,0,0,0,449
03/24/2022,STL,MO,ACE,CE,Towers with Radar,379,69,10,2,460,0,0,0,0,0,379,69,10,2,460,0,0,0,460
03/25/2022,STL,MO,ACE,CE,Towers with Radar,391,66,8,10,475,0,3,1,7,11,391,69,9,17,486,6,9,15,501
03/26/2022,STL,MO,ACE,CE,Towers with Radar,318,37,11,2,368,0,9,3,0,12,318,46,14,2,380,0,0,0,380
03/27/2022,STL,MO,ACE,CE,Towers with Radar,363,62,11,1,437,0,9,5,0,14,363,71,16,1,451,0,0,0,451
03/28/2022,STL,MO,ACE,CE,Towers with Radar,382,63,16,4,465,0,10,11,6,27,382,73,27,10,492,0,0,0,492
03/29/2022,STL,MO,ACE,CE,Towers with Radar,376,53,7,13,449,0,4,2,5,11,376,57,9,18,460,0,0,0,460
03/30/2022,STL,MO,ACE,CE,Towers with Radar,363,65,8,1,437,0,0,0,0,0,363,65,8,1,437,0,0,0,437
03/31/2022,STL,MO,ACE,CE,Towers with Radar,366,58,19,8,451,0,1,1,1,3,366,59,20,9,454,0,0,0,454
04/01/2022,STL,MO,ACE,CE,Towers with Radar,380,37,16,6,439,0,10,9,6,25,380,47,25,12,464,0,10,10,474
04/02/2022,STL,MO,ACE,CE,Towers with Radar,280,45,10,2,337,0,5,0,0,5,280,50,10,2,342,0,0,0,342
04/03/2022,STL,MO,ACE,CE,Towers with Radar,330,42,15,0,387,0,15,8,2,25,330,57,23,2,412,0,0,0,412
04/04/2022,STL,MO,ACE,CE,Towers with Radar,367,38,10,5,420,0,7,7,0,14,367,45,17,5,434,0,0,0,434
04/05/2022,STL,MO,ACE,CE,Towers with Radar,371,52,9,5,437,0,0,3,0,3,371,52,12,5,440,0,0,0,440
04/06/2022,STL,MO,ACE,CE,Towers with Radar,374,60,23,7,464,0,5,4,3,12,374,65,27,10,476,0,12,12,488
04/07/2022,STL,MO,ACE,CE,Towers with Radar,364,59,17,10,450,0,4,0,4,8,364,63,17,14,458,0,0,0,458
04/08/2022,STL,MO,ACE,CE,Towers with Radar,386,70,22,2,480,0,0,0,0,0,386,70,22,2,480,0,0,0,480
04/09/2022,STL,MO,ACE,CE,Towers with Radar,263,60,12,0,335,0,5,3,0,8,263,65,15,0,343,0,0,0,343
04/10/2022,STL,MO,ACE,CE,Towers with Radar,353,50,12,0,415,0,5,2,0,7,353,55,14,0,422,0,0,0,422
04/11/2022,STL,MO,ACE,CE,Towers with Radar,374,50,17,4,445,0,3,0,0,3,374,53,17,4,448,0,0,0,448
04/12/2022,STL,MO,ACE,CE,Towers with Radar,370,55,38,7,470,0,1,0,0,1,370,56,38,7,471,0,0,0,471
04/13/2022,STL,MO,ACE,CE,Towers with Radar,363,45,13,0,421,0,2,0,0,2,363,47,13,0,423,0,0,0,423
04/14/2022,STL,MO,ACE,CE,Towers with Radar,378,59,19,3,459,0,5,3,4,12,378,64,22,7,471,0,0,0,471
04/15/2022,STL,MO,ACE,CE,Towers with Radar,370,52,13,5,440,0,4,2,1,7,370,56,15,6,447,0,0,0,447
04/16/2022,STL,MO,ACE,CE,Towers with Radar,265,36,5,0,306,0,4,7,0,11,265,40,12,0,317,10,0,10,327
04/17/2022,STL,MO,ACE,CE,Towers with Radar,348,45,11,0,404,0,3,0,0,3,348,48,11,0,407,0,0,0,407
04/18/2022,STL,MO,ACE,CE,Towers with Radar,370,47,10,0,427,0,3,0,0,3,370,50,10,0,430,0,0,0,430
04/19/2022,STL,MO,ACE,CE,Towers with Radar,371,59,14,2,446,0,5,1,2,8,371,64,15,4,454,0,0,0,454
04/20/2022,STL,MO,ACE,CE,Towers with Radar,370,59,22,2,453,0,1,0,0,1,370,60,22,2,454,0,0,0,454
04/21/2022,STL,MO,ACE,CE,Towers with Radar,372,68,21,2,463,0,2,1,2,5,372,70,22,4,468,0,0,0,468
04/22/2022,STL,MO,ACE,CE,Towers with Radar,382,60,11,4,457,0,1,4,2,7,382,61,15,6,464,0,0,0,464
04/23/2022,STL,MO,ACE,CE,Towers with Radar,266,47,20,1,334,0,3,0,1,4,266,50,20,2,338,0,0,0,338
04/24/2022,STL,MO,ACE,CE,Towers with Radar,340,54,14,0,408,0,1,0,0,1,340,55,14,0,409,0,0,0,409
04/25/2022,STL,MO,ACE,CE,Towers with Radar,372,61,16,4,453,0,2,6,5,13,372,63,22,9,466,0,2,2,468
04/26/2022,STL,MO,ACE,CE,Towers with Radar,373,65,17,2,457,0,10,2,2,14,373,75,19,4,471,0,0,0,471
04/27/2022,STL,MO,ACE,CE,Towers with Radar,381,74,28,9,492,0,5,3,6,14,381,79,31,15,506,0,16,16,522
04/28/2022,STL,MO,ACE,CE,Towers with Radar,373,70,22,6,471,0,2,1,3,6,373,72,23,9,477,0,6,6,483
04/29/2022,STL,MO,ACE,CE,Towers with Radar,384,70,12,5,471,0,3,2,0,5,384,73,14,5,476,0,0,0,476
04/30/2022,STL,MO,ACE,CE,Towers with Radar,303,49,10,0,362,0,1,0,0,1,303,50,10,0,363,0,0,0,363
05/01/2022,STL,MO,ACE,CE,Towers with Radar,356,48,13,0,417,0,8,2,0,10,356,56,15,0,427,0,0,0,427
05/02/2022,STL,MO,ACE,CE,Towers with Radar,368,57,11,5,441,0,4,1,5,10,368,61,12,10,451,0,0,0,451
05/03/2022,STL,MO,ACE,CE,Towers with Radar,370,78,19,2,469,0,0,0,1,1,370,78,19,3,470,0,0,0,470
05/04/2022,STL,MO,ACE,CE,Towers with Radar,376,83,21,10,490,0,0,1,2,3,376,83,22,12,493,0,0,0,493
05/05/2022,STL,MO,ACE,CE,Towers with Radar,382,80,13,1,476,0,0,0,0,0,382,80,13,1,476,0,0,0,476
05/06/2022,STL,MO,ACE,CE,Towers with Radar,393,76,12,0,481,0,0,0,0,0,393,76,12,0,481,0,0,0,481
05/07/2022,STL,MO,ACE,CE,Towers with Radar,280,52,4,0,336,0,2,5,0,7,280,54,9,0,343,0,0,0,343
05/08/2022,STL,MO,ACE,CE,Towers with Radar,358,57,8,0,423,0,6,2,0,8,358,63,10,0,431,0,0,0,431
05/09/2022,STL,MO,ACE,CE,Towers with Radar,401,64,17,1,483,0,8,0,2,10,401,72,17,3,493,0,0,0,493
05/10/2022,STL,MO,ACE,CE,Towers with Radar,384,77,25,0,486,0,4,3,1,8,384,81,28,1,494,4,0,4,498
05/11/2022,STL,MO,ACE,CE,Towers with Radar,376,80,20,5,481,0,6,0,2,8,376,86,20,7,489,0,2,2,491
05/12/2022,STL,MO,ACE,CE,Towers with Radar,387,68,18,1,474,0,7,4,0,11,387,75,22,1,485,0,0,0,485
05/13/2022,STL,MO,ACE,CE,Towers with Radar,387,74,17,2,480,0,8,4,3,15,387,82,21,5,495,0,0,0,495
05/14/2022,STL,MO,ACE,CE,Towers with Radar,288,43,10,0,341,0,6,9,0,15,288,49,19,0,356,0,0,0,356
05/15/2022,STL,MO,ACE,CE,Towers with Radar,353,51,12,0,416,0,5,1,0,6,353,56,13,0,422,0,0,0,422
05/16/2022,STL,MO,ACE,CE,Towers with Radar,374,59,10,7,450,0,10,4,4,18,374,69,14,11,468,0,0,0,468
05/17/2022,STL,MO,ACE,CE,Towers with Radar,364,60,14,15,453,0,7,2,3,12,364,67,16,18,465,0,14,14,479
05/18/2022,STL,MO,ACE,CE,Towers with Radar,391,78,24,5,498,0,2,7,1,10,391,80,31,6,508,0,0,0,508
05/19/2022,STL,MO,ACE,CE,Towers with Radar,391,68,22,1,482,0,9,2,1,12,391,77,24,2,494,0,0,0,494
05/20/2022,STL,MO,ACE,CE,Towers with Radar,381,61,18,5,465,0,11,5,1,17,381,72,23,6,482,0,0,0,482
05/21/2022,STL,MO,ACE,CE,Towers with Radar,289,58,11,0,358,0,0,0,0,0,289,58,11,0,358,0,0,0,358
05/22/2022,STL,MO,ACE,CE,Towers with Radar,346,55,6,0,407,0,8,1,0,9,346,63,7,0,416,0,0,0,416
05/23/2022,STL,MO,ACE,CE,Towers with Radar,383,60,22,2,467,0,11,2,0,13,383,71,24,2,480,0,0,0,480
05/24/2022,STL,MO,ACE,CE,Towers with Radar,368,73,26,1,468,0,3,0,0,3,368,76,26,1,471,0,0,0,471
05/25/2022,STL,MO,ACE,CE,Towers with Radar,393,71,20,0,484,0,0,1,0,1,393,71,21,0,485,0,0,0,485
05/26/2022,STL,MO,ACE,CE,Towers with Radar,388,65,22,4,479,0,2,0,0,2,388,67,22,4,481,0,0,0,481
05/27/2022,STL,MO,ACE,CE,Towers with Radar,377,61,18,4,460,0,0,0,0,0,377,61,18,4,460,0,0,0,460
05/28/2022,STL,MO,ACE,CE,Towers with Radar,273,44,6,1,324,0,5,4,2,11,273,49,10,3,335,0,0,0,335
05/29/2022,STL,MO,ACE,CE,Towers with Radar,350,31,4,0,385,0,8,2,0,10,350,39,6,0,395,0,0,0,395
05/30/2022,STL,MO,ACE,CE,Towers with Radar,380,39,7,0,426,0,13,3,0,16,380,52,10,0,442,0,0,0,442
05/31/2022,STL,MO,ACE,CE,Towers with Radar,373,50,11,1,435,0,12,8,1,21,373,62,19,2,456,0,0,0,456
06/01/2022,STL,MO,ACE,CE,Towers with Radar,359,49,11,4,423,0,3,0,0,3,359,52,11,4,426,0,0,0,426
06/02/2022,STL,MO,ACE,CE,Towers with Radar,388,65,8,3,464,0,10,8,7,25,388,75,16,10,489,0,0,0,489
06/03/2022,STL,MO,ACE,CE,Towers with Radar,392,61,34,27,514,0,2,2,8,12,392,63,36,35,526,0,26,26,552
06/04/2022,STL,MO,ACE,CE,Towers with Radar,284,36,6,0,326,0,8,1,0,9,284,44,7,0,335,0,0,0,335
06/05/2022,STL,MO,ACE,CE,Towers with Radar,369,56,15,0,440,0,8,0,0,8,369,64,15,0,448,0,0,0,448
06/06/2022,STL,MO,ACE,CE,Towers with Radar,392,59,11,0,462,0,5,0,0,5,392,64,11,0,467,0,0,0,467
06/07/2022,STL,MO,ACE,CE,Towers with Radar,388,74,29,7,498,0,3,4,6,13,388,77,33,13,511,0,0,0,511
06/08/2022,STL,MO,ACE,CE,Towers with Radar,384,75,20,1,480,0,1,3,2,6,384,76,23,3,486,0,0,0,486
06/09/2022,STL,MO,ACE,CE,Towers with Radar,396,90,31,9,526,0,8,3,7,18,396,98,34,16,544,0,0,0,544
06/10/2022,STL,MO,ACE,CE,Towers with Radar,407,83,29,5,524,0,1,1,3,5,407,84,30,8,529,0,0,0,529
06/11/2022,STL,MO,ACE,CE,Towers with Radar,329,51,15,0,395,0,0,0,0,0,329,51,15,0,395,0,0,0,395
06/12/2022,STL,MO,ACE,CE,Towers with Radar,372,52,24,1,449,0,4,0,0,4,372,56,24,1,453,0,0,0,453
06/13/2022,STL,MO,ACE,CE,Towers with Radar,411,52,17,7,487,0,2,2,2,6,411,54,19,9,493,0,7,7,500
06/14/2022,STL,MO,ACE,CE,Towers with Radar,394,57,23,2,476,0,5,2,1,8,394,62,25,3,484,0,0,0,484
06/15/2022,STL,MO,ACE,CE,Towers with Radar,395,61,20,8,484,0,11,3,9,23,395,72,23,17,507,0,0,0,507
06/16/2022,STL,MO,ACE,CE,Towers with Radar,369,60,22,13,464,0,5,4,0,9,369,65,26,13,473,0,0,0,473
06/17/2022,STL,MO,ACE,CE,Towers with Radar,388,63,20,12,483,0,11,1,2,14,388,74,21,14,497,0,0,0,497
06/18/2022,STL,MO,ACE,CE,Towers with Radar,319,38,7,0,364,0,11,10,0,21,319,49,17,0,385,0,0,0,385
06/19/2022,STL,MO,ACE,CE,Towers with Radar,358,45,15,0,418,0,3,6,0,9,358,48,21,0,427,0,0,0,427
06/20/2022,STL,MO,ACE,CE,Towers with Radar,398,52,23,0,473,0,10,0,0,10,398,62,23,0,483,0,0,0,483
06/21/2022,STL,MO,ACE,CE,Towers with Radar,388,65,16,6,475,0,7,5,2,14,388,72,21,8,489,0,18,18,507
06/22/2022,STL,MO,ACE,CE,Towers with Radar,375,72,21,1,469,0,6,10,1,17,375,78,31,2,486,0,0,0,486
06/23/2022,STL,MO,ACE,CE,Towers with Radar,386,72,17,3,478,0,9,7,1,17,386,81,24,4,495,0,0,0,495
06/24/2022,STL,MO,ACE,CE,Towers with Radar,395,55,16,1,467,0,8,1,2,11,395,63,17,3,478,0,0,0,478
06/25/2022,STL,MO,ACE,CE,Towers with Radar,329,47,8,0,384,0,4,4,0,8,329,51,12,0,392,0,0,0,392
06/26/2022,STL,MO,ACE,CE,Towers with Radar,360,49,5,0,414,0,7,3,0,10,360,56,8,0,424,0,0,0,424
06/27/2022,STL,MO,ACE,CE,Towers with Radar,377,60,11,2,450,0,3,6,2,11,377,63,17,4,461,0,8,8,469
06/28/2022,STL,MO,ACE,CE,Towers with Radar,387,51,31,6,475,0,4,10,4,18,387,55,41,10,493,0,0,0,493
06/29/2022,STL,MO,ACE,CE,Towers with Radar,378,66,19,8,471,0,7,6,6,19,378,73,25,14,490,8,24,32,522
06/30/2022,STL,MO,ACE,CE,Towers with Radar,390,62,14,2,468,0,4,1,2,7,390,66,15,4,475,0,0,0,475
07/01/2022,STL,MO,ACE,CE,Towers with Radar,390,71,22,2,485,0,3,1,2,6,390,74,23,4,491,0,0,0,491
07/02/2022,STL,MO,ACE,CE,Towers with Radar,321,37,4,0,362,0,1,0,0,1,321,38,4,0,363,0,0,0,363
07/03/2022,STL,MO,ACE,CE,Towers with Radar,350,29,5,0,384,0,6,2,0,8,350,35,7,0,392,0,0,0,392
07/04/2022,STL,MO,ACE,CE,Towers with Radar,372,29,4,0,405,0,2,0,0,2,372,31,4,0,407,0,0,0,407
07/05/2022,STL,MO,ACE,CE,Towers with Radar,388,41,15,2,446,0,5,4,2,11,388,46,19,4,457,0,0,0,457
07/06/2022,STL,MO,ACE,CE,Towers with Radar,392,46,15,5,458,0,2,0,2,4,392,48,15,7,462,0,0,0,462
07/07/2022,STL,MO,ACE,CE,Towers with Radar,394,52,15,0,461,0,2,5,0,7,394,54,20,0,468,0,0,0,468
07/08/2022,STL,MO,ACE,CE,Towers with Radar,401,52,7,10,470,0,2,2,3,7,401,54,9,13,477,4,24,28,505
07/09/2022,STL,MO,ACE,CE,Towers with Radar,342,48,6,0,396,0,1,0,0,1,342,49,6,0,397,0,0,0,397
07/10/2022,STL,MO,ACE,CE,Towers with Radar,374,40,3,0,417,0,8,1,0,9,374,48,4,0,426,0,0,0,426
07/11/2022,STL,MO,ACE,CE,Towers with Radar,410,58,12,3,483,0,3,3,0,6,410,61,15,3,489,0,0,0,489
07/12/2022,STL,MO,ACE,CE,Towers with Radar,382,50,18,9,459,0,4,4,1,9,382,54,22,10,468,0,1,1,469
07/13/2022,STL,MO,ACE,CE,Towers with Radar,394,65,20,4,483,0,5,8,3,16,394,70,28,7,499,20,6,26,525
07/14/2022,STL,MO,ACE,CE,Towers with Radar,392,64,17,0,473,0,4,2,0,6,392,68,19,0,479,0,0,0,479
07/15/2022,STL,MO,ACE,CE,Towers with Radar,405,49,12,4,470,0,4,0,6,10,405,53,12,10,480,6,10,16,496
07/16/2022,STL,MO,ACE,CE,Towers with Radar,329,46,8,0,383,0,1,2,0,3,329,47,10,0,386,6,0,6,392
07/17/2022,STL,MO,ACE,CE,Towers with Radar,375,53,9,0,437,0,1,2,0,3,375,54,11,0,440,0,0,0,440
07/18/2022,STL,MO,ACE,CE,Towers with Radar,377,47,15,10,449,0,0,1,2,3,377,47,16,12,452,0,16,16,468
07/19/2022,STL,MO,ACE,CE,Towers with Radar,395,48,11,1,455,0,2,3,1,6,395,50,14,2,461,0,2,2,463
07/20/2022,STL,MO,ACE,CE,Towers with Radar,394,50,14,3,461,0,6,7,1,14,394,56,21,4,475,4,0,4,479
07/21/2022,STL,MO,ACE,CE,Towers with Radar,389,62,23,2,476,0,2,2,4,8,389,64,25,6,484,0,0,0,484
07/22/2022,STL,MO,ACE,CE,Towers with Radar,409,57,18,0,484,0,2,6,0,8,409,59,24,0,492,8,0,8,500
07/23/2022,STL,MO,ACE,CE,Towers with Radar,342,40,8,1,391,0,1,2,0,3,342,41,10,1,394,0,0,0,394
07/24/2022,STL,MO,ACE,CE,Towers with Radar,372,44,14,1,431,0,1,4,0,5,372,45,18,1,436,4,0,4,440
07/25/2022,STL,MO,ACE,CE,Towers with Radar,370,44,15,0,429,0,0,2,0,2,370,44,17,0,431,0,0,0,431
07/26/2022,STL,MO,ACE,CE,Towers with Radar,317,54,11,3,385,0,0,3,1,4,317,54,14,4,389,0,4,4,393
07/27/2022,STL,MO,ACE,CE,Towers with Radar,398,58,28,4,488,0,1,8,0,9,398,59,36,4,497,2,6,8,505
07/28/2022,STL,MO,ACE,CE,Towers with Radar,397,71,20,1,489,0,0,4,1,5,397,71,24,2,494,0,0,0,494
07/29/2022,STL,MO,ACE,CE,Towers with Radar,401,52,18,5,476,0,1,5,3,9,401,53,23,8,485,12,4,16,501
07/30/2022,STL,MO,ACE,CE,Towers with Radar,334,32,6,0,372,0,2,2,0,4,334,34,8,0,376,2,0,2,378
07/31/2022,STL,MO,ACE,CE,Towers with Radar,366,37,14,0,417,0,1,1,0,2,366,38,15,0,419,0,0,0,419
08/01/2022,STL,MO,ACE,CE,Towers with Radar,401,48,11,0,460,0,2,7,0,9,401,50,18,0,469,0,0,0,469
08/02/2022,STL,MO,ACE,CE,Towers with Radar,392,62,21,0,475,0,3,0,0,3,392,65,21,0,478,0,0,0,478
08/03/2022,STL,MO,ACE,CE,Towers with Radar,359,47,22,0,428,0,4,0,0,4,359,51,22,0,432,0,0,0,432
08/04/2022,STL,MO,ACE,CE,Towers with Radar,395,68,12,1,476,0,2,8,0,10,395,70,20,1,486,20,0,20,506
08/05/2022,STL,MO,ACE,CE,Towers with Radar,373,53,15,0,441,0,1,3,0,4,373,54,18,0,445,2,0,2,447
08/06/2022,STL,MO,ACE,CE,Towers with Radar,336,43,15,2,396,0,0,4,0,4,336,43,19,2,400,0,0,0,400
08/07/2022,STL,MO,ACE,CE,Towers with Radar,373,54,8,2,437,0,3,2,0,5,373,57,10,2,442,4,0,4,446
08/08/2022,STL,MO,ACE,CE,Towers with Radar,389,51,24,0,464,0,0,3,0,3,389,51,27,0,467,0,0,0,467
08/09/2022,STL,MO,ACE,CE,Towers with Radar,390,68,13,3,474,0,0,0,1,1,390,68,13,4,475,0,0,0,475
08/10/2022,STL,MO,ACE,CE,Towers with Radar,363,61,13,4,441,0,0,5,1,6,363,61,18,5,447,0,0,0,447
08/11/2022,STL,MO,ACE,CE,Towers with Radar,396,53,17,5,471,0,9,16,2,27,396,62,33,7,498,16,10,26,524
08/12/2022,STL,MO,ACE,CE,Towers with Radar,402,58,21,3,484,0,0,2,1,3,402,58,23,4,487,0,0,0,487
08/13/2022,STL,MO,ACE,CE,Towers with Radar,339,35,13,0,387,0,0,8,0,8,339,35,21,0,395,0,0,0,395
08/14/2022,STL,MO,ACE,CE,Towers with Radar,371,41,8,0,420,0,0,4,0,4,371,41,12,0,424,0,0,0,424
08/15/2022,STL,MO,ACE,CE,Towers with Radar,382,44,13,2,441,0,0,2,1,3,382,44,15,3,444,0,0,0,444
08/16/2022,STL,MO,ACE,CE,Towers with Radar,383,61,17,2,463,0,1,4,1,6,383,62,21,3,469,0,6,6,475
08/17/2022,STL,MO,ACE,CE,Towers with Radar,386,69,14,7,476,0,0,0,8,8,386,69,14,15,484,0,22,22,506
08/18/2022,STL,MO,ACE,CE,Towers with Radar,398,61,16,5,480,0,0,4,2,6,398,61,20,7,486,6,4,10,496
08/19/2022,STL,MO,ACE,CE,Towers with Radar,399,54,19,4,476,0,1,3,4,8,399,55,22,8,484,0,0,0,484
08/20/2022,STL,MO,ACE,CE,Towers with Radar,339,56,3,0,398,0,0,1,0,1,339,56,4,0,399,2,0,2,401
08/21/2022,STL,MO,ACE,CE,Towers with Radar,357,60,15,0,432,0,0,6,0,6,357,60,21,0,438,22,0,22,460
08/22/2022,STL,MO,ACE,CE,Towers with Radar,368,47,16,2,433,0,0,2,0,2,368,47,18,2,435,0,0,0,435
08/23/2022,STL,MO,ACE,CE,Towers with Radar,384,63,13,6,466,0,2,3,3,8,384,65,16,9,474,0,0,0,474
08/24/2022,STL,MO,ACE,CE,Towers with Radar,385,70,17,11,483,0,2,6,9,17,385,72,23,20,500,0,20,20,520
08/25/2022,STL,MO,ACE,CE,Towers with Radar,391,52,15,8,466,0,0,0,4,4,391,52,15,12,470,0,30,30,500
08/26/2022,STL,MO,ACE,CE,Towers with Radar,399,54,17,1,471,0,1,0,0,1,399,55,17,1,472,0,2,2,474
08/27/2022,STL,MO,ACE,CE,Towers with Radar,337,44,4,0,385,0,3,4,0,7,337,47,8,0,392,0,2,2,394
08/28/2022,STL,MO,ACE,CE,Towers with Radar,362,38,11,0,411,0,0,0,0,0,362,38,11,0,411,0,0,0,411
08/29/2022,STL,MO,ACE,CE,Towers with Radar,386,44,16,1,447,0,4,0,2,6,386,48,16,3,453,0,8,8,461
08/30/2022,STL,MO,ACE,CE,Towers with Radar,372,58,7,5,442,0,2,5,2,9,372,60,12,7,451,0,22,22,473
08/31/2022,STL,MO,ACE,CE,Towers with Radar,390,52,22,2,466,0,2,4,2,8,390,54,26,4,474,0,0,0,474
09/01/2022,STL,MO,ACE,CE,Towers with Radar,390,55,13,6,464,0,1,2,2,5,390,56,15,8,469,0,16,16,485
09/02/2022,STL,MO,ACE,CE,Towers with Radar,399,70,12,5,486,0,0,4,2,6,399,70,16,7,492,0,2,2,494
09/03/2022,STL,MO,ACE,CE,Towers with Radar,323,34,3,1,361,0,0,4,0,4,323,34,7,1,365,0,0,0,365
09/04/2022,STL,MO,ACE,CE,Towers with Radar,323,40,9,0,372,0,0,0,0,0,323,40,9,0,372,0,0,0,372
09/05/2022,STL,MO,ACE,CE,Towers with Radar,384,44,9,0,437,0,0,0,0,0,384,44,9,0,437,0,0,0,437
09/06/2022,STL,MO,ACE,CE,Towers with Radar,369,51,11,0,431,0,2,4,0,6,369,53,15,0,437,0,0,0,437
09/07/2022,STL,MO,ACE,CE,Towers with Radar,379,72,20,5,476,0,2,5,4,11,379,74,25,9,487,0,8,8,495
09/08/2022,STL,MO,ACE,CE,Towers with Radar,376,74,21,3,474,0,0,5,10,15,376,74,26,13,489,0,0,0,489
09/09/2022,STL,MO,ACE,CE,Towers with Radar,387,65,14,0,466,0,1,1,0,2,387,66,15,0,468,0,0,0,468
09/10/2022,STL,MO,ACE,CE,Towers with Radar,315,38,7,2,362,0,1,2,0,3,315,39,9,2,365,0,0,0,365
09/11/2022,STL,MO,ACE,CE,Towers with Radar,377,70,12,1,460,1,0,0,0,1,378,70,12,1,461,6,2,8,469
09/12/2022,STL,MO,ACE,CE,Towers with Radar,393,65,18,7,483,2,0,0,1,3,395,65,18,8,486,0,0,0,486
09/13/2022,STL,MO,ACE,CE,Towers with Radar,373,57,10,7,447,2,0,0,1,3,375,57,10,8,450,0,24,24,474
09/14/2022,STL,MO,ACE,CE,Towers with Radar,387,77,11,5,480,2,2,3,1,8,389,79,14,6,488,6,0,6,494
09/15/2022,STL,MO,ACE,CE,Towers with Radar,384,73,22,1,480,3,3,0,1,7,387,76,22,2,487,0,6,6,493
09/16/2022,STL,MO,ACE,CE,Towers with Radar,400,72,11,5,488,2,1,5,3,11,402,73,16,8,499,0,56,56,555
09/17/2022,STL,MO,ACE,CE,Towers with Radar,308,47,4,0,359,4,0,3,0,7,312,47,7,0,366,0,0,0,366
09/18/2022,STL,MO,ACE,CE,Towers with Radar,380,73,8,2,463,1,0,1,2,4,381,73,9,4,467,0,8,8,475
09/19/2022,STL,MO,ACE,CE,Towers with Radar,378,72,13,3,466,1,1,6,3,11,379,73,19,6,477,0,2,2,479
09/20/2022,STL,MO,ACE,CE,Towers with Radar,386,81,16,4,487,4,1,0,3,8,390,82,16,7,495,0,0,0,495
09/21/2022,STL,MO,ACE,CE,Towers with Radar,374,57,25,4,460,2,0,5,0,7,376,57,30,4,467,0,0,0,467
09/22/2022,STL,MO,ACE,CE,Towers with Radar,376,58,18,4,456,6,1,4,1,12,382,59,22,5,468,0,12,12,480
09/23/2022,STL,MO,ACE,CE,Towers with Radar,393,61,16,3,473,2,1,0,5,8,395,62,16,8,481,0,0,0,481
09/24/2022,STL,MO,ACE,CE,Towers with Radar,316,40,6,0,362,1,0,0,0,1,317,40,6,0,363,0,0,0,363
09/25/2022,STL,MO,ACE,CE,Towers with Radar,378,40,13,0,431,1,1,0,0,2,379,41,13,0,433,0,0,0,433
09/26/2022,STL,MO,ACE,CE,Towers with Radar,384,63,21,4,472,2,4,2,6,14,386,67,23,10,486,0,0,0,486
09/27/2022,STL,MO,ACE,CE,Towers with Radar,372,65,16,2,455,3,7,7,1,18,375,72,23,3,473,2,8,10,483
09/28/2022,STL,MO,ACE,CE,Towers with Radar,354,72,12,5,443,1,0,3,5,9,355,72,15,10,452,0,0,0,452
09/29/2022,STL,MO,ACE,CE,Towers with Radar,361,72,30,5,468,0,2,1,3,6,361,74,31,8,474,0,0,0,474
09/30/2022,STL,MO,ACE,CE,Towers with Radar,373,53,16,6,448,4,1,1,3,9,377,54,17,9,457,2,14,16,473
10/01/2022,STL,MO,ACE,CE,Towers with Radar,298,39,6,0,343,2,6,1,0,9,300,45,7,0,352,0,0,0,352
10/02/2022,STL,MO,ACE,CE,Towers with Radar,372,44,12,0,428,1,4,2,0,7,373,48,14,0,435,0,0,0,435
10/03/2022,STL,MO,ACE,CE,Towers with Radar,373,65,14,6,458,1,2,10,0,13,374,67,24,6,471,14,2,16,487
10/04/2022,STL,MO,ACE,CE,Towers with Radar,370,62,12,2,446,2,2,4,4,12,372,64,16,6,458,26,6,32,490
10/05/2022,STL,MO,ACE,CE,Towers with Radar,371,59,19,3,452,3,1,2,7,13,374,60,21,10,465,0,0,0,465
10/06/2022,STL,MO,ACE,CE,Towers with Radar,386,70,16,5,477,2,3,2,6,13,388,73,18,11,490,6,4,10,500
10/07/2022,STL,MO,ACE,CE,Towers with Radar,388,73,15,3,479,1,0,4,3,8,389,73,19,6,487,0,2,2,489
10/08/2022,STL,MO,ACE,CE,Towers with Radar,311,64,13,0,388,5,0,2,0,7,316,64,15,0,395,0,0,0,395
10/09/2022,STL,MO,ACE,CE,Towers with Radar,366,62,17,0,445,0,3,0,0,3,366,65,17,0,448,0,0,0,448
10/10/2022,STL,MO,ACE,CE,Towers with Radar,373,73,13,0,459,6,2,2,0,10,379,75,15,0,469,0,0,0,469
10/11/2022,STL,MO,ACE,CE,Towers with Radar,376,69,19,1,465,5,0,5,0,10,381,69,24,1,475,0,0,0,475
10/12/2022,STL,MO,ACE,CE,Towers with Radar,389,74,25,2,490,3,4,1,1,9,392,78,26,3,499,0,0,0,499
10/13/2022,STL,MO,ACE,CE,Towers with Radar,385,67,12,4,468,1,4,1,4,10,386,71,13,8,478,0,0,0,478
10/14/2022,STL,MO,ACE,CE,Towers with Radar,392,75,20,3,490,2,0,0,2,4,394,75,20,5,494,0,0,0,494
10/15/2022,STL,MO,ACE,CE,Towers with Radar,305,62,4,0,371,1,1,3,0,5,306,63,7,0,376,0,0,0,376
10/16/2022,STL,MO,ACE,CE,Towers with Radar,366,50,12,1,429,4,0,2,0,6,370,50,14,1,435,0,0,0,435
10/17/2022,STL,MO,ACE,CE,Towers with Radar,386,55,13,1,455,1,0,0,0,1,387,55,13,1,456,0,0,0,456
10/18/2022,STL,MO,ACE,CE,Towers with Radar,381,61,13,0,455,3,3,1,0,7,384,64,14,0,462,0,0,0,462
10/19/2022,STL,MO,ACE,CE,Towers with Radar,381,73,21,1,476,2,0,0,6,8,383,73,21,7,484,0,12,12,496
10/20/2022,STL,MO,ACE,CE,Towers with Radar,389,74,21,5,489,3,2,1,6,12,392,76,22,11,501,0,6,6,507
10/21/2022,STL,MO,ACE,CE,Towers with Radar,389,62,18,8,477,5,3,0,3,11,394,65,18,11,488,0,16,16,504
10/22/2022,STL,MO,ACE,CE,Towers with Radar,307,44,5,5,361,0,1,0,0,1,307,45,5,5,362,0,0,0,362
10/23/2022,STL,MO,ACE,CE,Towers with Radar,370,53,23,0,446,1,1,0,0,2,371,54,23,0,448,0,0,0,448
10/24/2022,STL,MO,ACE,CE,Towers with Radar,383,55,22,5,465,2,2,0,2,6,385,57,22,7,471,0,0,0,471
10/25/2022,STL,MO,ACE,CE,Towers with Radar,380,51,19,2,452,0,0,0,0,0,380,51,19,2,452,0,0,0,452
10/26/2022,STL,MO,ACE,CE,Towers with Radar,392,81,17,4,494,4,1,8,2,15,396,82,25,6,509,0,0,0,509
10/27/2022,STL,MO,ACE,CE,Towers with Radar,384,68,20,3,475,3,1,7,1,12,387,69,27,4,487,0,0,0,487
10/28/2022,STL,MO,ACE,CE,Towers with Radar,390,64,9,7,470,2,2,0,5,9,392,66,9,12,479,0,0,0,479
10/29/2022,STL,MO,ACE,CE,Towers with Radar,302,50,1,0,353,2,0,1,0,3,304,50,2,0,356,0,0,0,356
10/30/2022,STL,MO,ACE,CE,Towers with Radar,367,38,15,0,420,0,0,1,0,1,367,38,16,0,421,0,0,0,421
10/31/2022,STL,MO,ACE,CE,Towers with Radar,357,53,8,0,418,0,0,0,0,0,357,53,8,0,418,0,0,0,418
11/01/2022,STL,MO,ACE,CE,Towers with Radar,376,68,17,5,466,2,3,0,8,13,378,71,17,13,479,0,0,0,479
11/02/2022,STL,MO,ACE,CE,Towers with Radar,390,60,18,4,472,0,1,2,4,7,390,61,20,8,479,0,0,0,479
11/03/2022,STL,MO,ACE,CE,Towers with Radar,378,63,14,5,460,1,2,2,7,12,379,65,16,12,472,2,0,2,474
11/04/2022,STL,MO,ACE,CE,Towers with Radar,373,46,10,2,431,1,1,0,4,6,374,47,10,6,437,0,14,14,451
11/05/2022,STL,MO,ACE,CE,Towers with Radar,310,42,5,0,357,2,1,0,0,3,312,43,5,0,360,0,0,0,360
11/06/2022,STL,MO,ACE,CE,Towers with Radar,347,53,9,0,409,1,0,5,0,6,348,53,14,0,415,0,0,0,415
11/07/2022,STL,MO,ACE,CE,Towers with Radar,368,52,14,1,435,2,2,7,3,14,370,54,21,4,449,0,0,0,449
11/08/2022,STL,MO,ACE,CE,Towers with Radar,355,62,3,4,424,5,0,2,2,9,360,62,5,6,433,0,12,12,445
11/09/2022,STL,MO,ACE,CE,Towers with Radar,361,55,8,3,427,0,0,5,1,6,361,55,13,4,433,0,0,0,433
11/10/2022,STL,MO,ACE,CE,Towers with Radar,363,52,16,5,436,2,0,3,5,10,365,52,19,10,446,0,0,0,446
11/11/2022,STL,MO,ACE,CE,Towers with Radar,369,52,11,2,434,2,0,2,2,6,371,52,13,4,440,0,0,0,440
11/12/2022,STL,MO,ACE,CE,Towers with Radar,303,27,7,0,337,1,2,3,0,6,304,29,10,0,343,0,0,0,343
11/13/2022,STL,MO,ACE,CE,Towers with Radar,351,46,11,0,408,4,1,1,0,6,355,47,12,0,414,0,0,0,414
11/14/2022,STL,MO,ACE,CE,Towers with Radar,371,48,13,2,434,2,3,2,4,11,373,51,15,6,445,0,0,0,445
11/15/2022,STL,MO,ACE,CE,Towers with Radar,370,58,8,4,440,0,0,0,0,0,370,58,8,4,440,0,0,0,440
11/16/2022,STL,MO,ACE,CE,Towers with Radar,375,54,17,2,448,0,0,0,0,0,375,54,17,2,448,0,0,0,448
11/17/2022,STL,MO,ACE,CE,Towers with Radar,368,58,12,13,451,4,4,0,6,14,372,62,12,19,465,0,0,0,465
11/18/2022,STL,MO,ACE,CE,Towers with Radar,389,65,20,5,479,1,2,4,2,9,390,67,24,7,488,0,0,0,488
11/19/2022,STL,MO,ACE,CE,Towers with Radar,306,45,6,4,361,2,2,0,0,4,308,47,6,4,365,0,0,0,365
11/20/2022,STL,MO,ACE,CE,Towers with Radar,355,41,21,0,417,3,1,1,0,5,358,42,22,0,422,0,0,0,422
11/21/2022,STL,MO,ACE,CE,Towers with Radar,366,45,9,2,422,2,2,2,1,7,368,47,11,3,429,0,0,0,429
11/22/2022,STL,MO,ACE,CE,Towers with Radar,372,56,22,4,454,1,1,3,5,10,373,57,25,9,464,0,0,0,464
11/23/2022,STL,MO,ACE,CE,Towers with Radar,378,56,11,2,447,3,3,3,4,13,381,59,14,6,460,0,0,0,460
11/24/2022,STL,MO,ACE,CE,Towers with Radar,266,28,1,0,295,0,0,0,0,0,266,28,1,0,295,0,0,0,295
11/25/2022,STL,MO,ACE,CE,Towers with Radar,337,51,7,0,395,2,1,0,0,3,339,52,7,0,398,0,0,0,398
11/26/2022,STL,MO,ACE,CE,Towers with Radar,334,49,4,0,387,0,2,0,0,2,334,51,4,0,389,0,0,0,389
11/27/2022,STL,MO,ACE,CE,Towers with Radar,359,59,8,0,426,1,0,0,0,1,360,59,8,0,427,0,0,0,427
11/28/2022,STL,MO,ACE,CE,Towers with Radar,368,62,16,4,450,0,0,0,0,0,368,62,16,4,450,0,6,6,456
11/29/2022,STL,MO,ACE,CE,Towers with Radar,374,57,13,1,445,1,1,0,3,5,375,58,13,4,450,0,0,0,450
11/30/2022,STL,MO,ACE,CE,Towers with Radar,371,45,13,2,431,2,0,5,3,10,373,45,18,5,441,0,0,0,441
12/01/2022,STL,MO,ACE,CE,Towers with Radar,367,66,17,4,454,1,1,3,4,9,368,67,20,8,463,0,0,0,463
12/02/2022,STL,MO,ACE,CE,Towers with Radar,377,64,17,0,458,1,2,2,0,5,378,66,19,0,463,0,0,0,463
12/03/2022,STL,MO,ACE,CE,Towers with Radar,309,60,8,2,379,2,1,2,0,5,311,61,10,2,384,0,0,0,384
12/04/2022,STL,MO,ACE,CE,Towers with Radar,349,44,7,0,400,3,6,7,0,16,352,50,14,0,416,0,0,0,416
12/05/2022,STL,MO,ACE,CE,Towers with Radar,369,42,14,0,425,2,4,1,0,7,371,46,15,0,432,0,0,0,432
12/06/2022,STL,MO,ACE,CE,Towers with Radar,372,52,18,1,443,0,0,0,0,0,372,52,18,1,443,0,0,0,443
12/07/2022,STL,MO,ACE,CE,Towers with Radar,384,76,31,9,500,0,0,0,4,4,384,76,31,13,504,0,0,0,504
12/08/2022,STL,MO,ACE,CE,Towers with Radar,370,85,23,0,478,0,0,0,0,0,370,85,23,0,478,0,0,0,478
12/09/2022,STL,MO,ACE,CE,Towers with Radar,381,83,26,5,495,1,2,0,2,5,382,85,26,7,500,0,0,0,500
12/10/2022,STL,MO,ACE,CE,Towers with Radar,314,45,4,0,363,0,0,2,0,2,314,45,6,0,365,0,0,0,365
12/11/2022,STL,MO,ACE,CE,Towers with Radar,356,43,7,4,410,0,0,0,0,0,356,43,7,4,410,0,0,0,410
12/12/2022,STL,MO,ACE,CE,Towers with Radar,378,56,28,2,464,0,0,3,0,3,378,56,31,2,467,4,0,4,471
12/13/2022,STL,MO,ACE,CE,Towers with Radar,364,62,17,0,443,0,1,0,2,3,364,63,17,2,446,0,0,0,446
12/14/2022,STL,MO,ACE,CE,Towers with Radar,379,62,11,7,459,1,0,2,0,3,380,62,13,7,462,0,0,0,462
12/15/2022,STL,MO,ACE,CE,Towers with Radar,365,62,19,5,451,1,1,2,3,7,366,63,21,8,458,0,0,0,458
12/16/2022,STL,MO,ACE,CE,Towers with Radar,374,60,20,10,464,0,0,0,4,4,374,60,20,14,468,0,0,0,468
12/17/2022,STL,MO,ACE,CE,Towers with Radar,310,45,5,0,360,2,0,2,0,4,312,45,7,0,364,0,0,0,364
12/18/2022,STL,MO,ACE,CE,Towers with Radar,340,44,11,2,397,2,3,1,1,7,342,47,12,3,404,0,0,0,404
12/19/2022,STL,MO,ACE,CE,Towers with Radar,353,44,11,2,410,3,1,6,3,13,356,45,17,5,423,0,0,0,423
12/20/2022,STL,MO,ACE,CE,Towers with Radar,356,51,17,2,426,1,1,6,2,10,357,52,23,4,436,0,0,0,436
12/21/2022,STL,MO,ACE,CE,Towers with Radar,354,71,18,3,446,0,0,0,3,3,354,71,18,6,449,0,0,0,449
12/22/2022,STL,MO,ACE,CE,Towers with Radar,252,26,3,0,281,0,0,0,0,0,252,26,3,0,281,0,0,0,281
12/23/2022,STL,MO,ACE,CE,Towers with Radar,266,45,6,0,317,0,1,0,0,1,266,46,6,0,318,0,0,0,318
12/24/2022,STL,MO,ACE,CE,Towers with Radar,190,36,0,0,226,2,0,0,0,2,192,36,0,0,228,0,0,0,228
12/25/2022,STL,MO,ACE,CE,Towers with Radar,210,35,7,0,252,2,1,0,0,3,212,36,7,0,255,0,0,0,255
12/26/2022,STL,MO,ACE,CE,Towers with Radar,181,61,19,0,261,0,0,0,0,0,181,61,19,0,261,0,0,0,261
12/27/2022,STL,MO,ACE,CE,Towers with Radar,226,58,12,2,298,3,2,0,2,7,229,60,12,4,305,0,0,0,305
12/28/2022,STL,MO,ACE,CE,Towers with Radar,257,61,14,2,334,2,2,1,2,7,259,63,15,4,341,0,0,0,341
12/29/2022,STL,MO,ACE,CE,Towers with Radar,248,57,7,0,312,0,1,4,0,5,248,58,11,0,317,0,0,0,317
12/30/2022,STL,MO,ACE,CE,Towers with Radar,352,48,2,0,402,1,0,1,8,10,353,48,3,8,412,0,0,0,412
12/31/2022,STL,MO,ACE,CE,Towers with Radar,288,34,6,0,328,0,0,3,0,3,288,34,9,0,331,0,0,0,331
01/01/2023,STL,MO,ACE,CE,Towers with Radar,314,44,13,0,371,0,0,2,0,2,314,44,15,0,373,0,0,0,373
01/02/2023,STL,MO,ACE,CE,Towers with Radar,327,42,12,0,381,0,0,0,0,0,327,42,12,0,381,0,0,0,381
01/03/2023,STL,MO,ACE,CE,Towers with Radar,358,56,11,3,428,2,0,0,0,2,360,56,11,3,430,0,0,0,430
01/04/2023,STL,MO,ACE,CE,Towers with Radar,361,53,7,1,422,1,4,4,1,10,362,57,11,2,432,0,0,0,432
01/05/2023,STL,MO,ACE,CE,Towers with Radar,338,54,12,4,408,1,0,2,0,3,339,54,14,4,411,0,0,0,411
01/06/2023,STL,MO,ACE,CE,Towers with Radar,336,59,18,5,418,2,1,4,1,8,338,60,22,6,426,10,0,10,436
01/07/2023,STL,MO,ACE,CE,Towers with Radar,275,46,5,0,326,2,1,6,0,9,277,47,11,0,335,0,0,0,335
01/08/2023,STL,MO,ACE,CE,Towers with Radar,310,47,6,0,363,0,1,0,0,1,310,48,6,0,364,0,0,0,364
01/09/2023,STL,MO,ACE,CE,Towers with Radar,356,39,6,4,405,4,1,4,1,10,360,40,10,5,415,0,18,18,433
01/10/2023,STL,MO,ACE,CE,Towers with Radar,345,52,5,4,406,0,4,6,0,10,345,56,11,4,416,0,0,0,416
01/11/2023,STL,MO,ACE,CE,Towers with Radar,336,68,21,3,428,3,2,3,4,12,339,70,24,7,440,0,0,0,440
01/12/2023,STL,MO,ACE,CE,Towers with Radar,360,57,17,2,436,0,0,0,0,0,360,57,17,2,436,0,0,0,436
01/13/2023,STL,MO,ACE,CE,Towers with Radar,368,51,15,2,436,1,0,0,0,1,369,51,15,2,437,0,0,0,437
01/14/2023,STL,MO,ACE,CE,Towers with Radar,272,33,10,0,315,2,1,4,0,7,274,34,14,0,322,0,0,0,322
01/15/2023,STL,MO,ACE,CE,Towers with Radar,305,49,5,0,359,1,4,1,0,6,306,53,6,0,365,0,0,0,365
01/16/2023,STL,MO,ACE,CE,Towers with Radar,352,56,7,4,419,0,2,1,0,3,352,58,8,4,422,0,0,0,422
01/17/2023,STL,MO,ACE,CE,Towers with Radar,349,69,18,4,440,0,2,2,4,8,349,71,20,8,448,0,4,4,452
01/18/2023,STL,MO,ACE,CE,Towers with Radar,352,57,29,0,438,0,0,0,0,0,352,57,29,0,438,0,0,0,438
01/19/2023,STL,MO,ACE,CE,Towers with Radar,361,57,11,3,432,1,1,0,0,2,362,58,11,3,434,0,0,0,434
01/20/2023,STL,MO,ACE,CE,Towers with Radar,373,63,8,6,450,1,2,2,1,6,374,65,10,7,456,0,0,0,456
01/21/2023,STL,MO,ACE,CE,Towers with Radar,275,37,6,0,318,0,1,0,0,1,275,38,6,0,319,0,0,0,319
01/22/2023,STL,MO,ACE,CE,Towers with Radar,317,50,4,0,371,2,0,0,0,2,319,50,4,0,373,0,0,0,373
01/23/2023,STL,MO,ACE,CE,Towers with Radar,355,59,10,1,425,2,0,9,1,12,357,59,19,2,437,0,0,0,437
01/24/2023,STL,MO,ACE,CE,Towers with Radar,351,56,11,6,424,0,4,1,5,10,351,60,12,11,434,0,12,12,446
01/25/2023,STL,MO,ACE,CE,Towers with Radar,305,50,6,0,361,0,0,1,0,1,305,50,7,0,362,0,0,0,362
01/26/2023,STL,MO,ACE,CE,Towers with Radar,361,60,19,6,446,2,4,5,4,15,363,64,24,10,461,18,16,34,495
01/27/2023,STL,MO,ACE,CE,Towers with Radar,371,54,11,4,440,2,1,2,5,10,373,55,13,9,450,0,0,0,450
01/28/2023,STL,MO,ACE,CE,Towers with Radar,280,54,7,0,341,1,0,0,0,1,281,54,7,0,342,0,0,0,342
01/29/2023,STL,MO,ACE,CE,Towers with Radar,320,53,11,0,384,0,0,0,0,0,320,53,11,0,384,0,0,0,384
01/30/2023,STL,MO,ACE,CE,Towers with Radar,335,45,20,0,400,2,0,0,0,2,337,45,20,0,402,0,0,0,402
01/31/2023,STL,MO,ACE,CE,Towers with Radar,314,49,17,4,384,2,7,4,7,20,316,56,21,11,404,0,22,22,426
02/01/2023,STL,MO,ACE,CE,Towers with Radar,309,49,17,2,377,1,6,7,1,15,310,55,24,3,392,12,26,38,430
02/02/2023,STL,MO,ACE,CE,Towers with Radar,351,64,13,7,435,1,2,5,5,13,352,66,18,12,448,0,0,0,448
02/03/2023,STL,MO,ACE,CE,Towers with Radar,359,63,7,1,430,1,2,3,3,9,360,65,10,4,439,0,0,0,439
02/04/2023,STL,MO,ACE,CE,Towers with Radar,275,44,8,0,327,1,1,3,2,7,276,45,11,2,334,0,0,0,334
02/05/2023,STL,MO,ACE,CE,Towers with Radar,316,43,9,0,368,1,0,7,2,10,317,43,16,2,378,0,0,0,378
02/06/2023,STL,MO,ACE,CE,Towers with Radar,360,52,8,0,420,1,0,4,0,5,361,52,12,0,425,0,0,0,425
02/07/2023,STL,MO,ACE,CE,Towers with Radar,347,64,14,6,431,1,0,0,4,5,348,64,14,10,436,0,0,0,436
02/08/2023,STL,MO,ACE,CE,Towers with Radar,359,64,17,6,446,0,2,3,3,8,359,66,20,9,454,0,0,0,454
02/09/2023,STL,MO,ACE,CE,Towers with Radar,356,78,17,2,453,1,0,2,0,3,357,78,19,2,456,0,0,0,456
02/10/2023,STL,MO,ACE,CE,Towers with Radar,364,83,9,3,459,0,0,3,0,3,364,83,12,3,462,0,0,0,462
02/11/2023,STL,MO,ACE,CE,Towers with Radar,277,32,7,1,317,1,0,5,0,6,278,32,12,1,323,0,0,0,323
02/12/2023,STL,MO,ACE,CE,Towers with Radar,308,49,6,0,363,3,2,1,2,8,311,51,7,2,371,0,0,0,371
02/13/2023,STL,MO,ACE,CE,Towers with Radar,359,58,13,3,433,2,1,3,1,7,361,59,16,4,440,0,0,0,440
02/14/2023,STL,MO,ACE,CE,Towers with Radar,350,45,12,3,410,0,0,0,1,1,350,45,12,4,411,0,0,0,411
02/15/2023,STL,MO,ACE,CE,Towers with Radar,354,56,24,2,436,0,0,3,2,5,354,56,27,4,441,0,0,0,441
02/16/2023,STL,MO,ACE,CE,Towers with Radar,360,48,25,0,433,0,0,0,0,0,360,48,25,0,433,0,0,0,433
02/17/2023,STL,MO,ACE,CE,Towers with Radar,376,56,17,3,452,1,0,3,6,10,377,56,20,9,462,0,0,0,462
02/18/2023,STL,MO,ACE,CE,Towers with Radar,280,42,8,0,330,0,2,2,0,4,280,44,10,0,334,0,0,0,334
02/19/2023,STL,MO,ACE,CE,Towers with Radar,317,48,5,4,374,2,0,8,0,10,319,48,13,4,384,0,0,0,384
02/20/2023,STL,MO,ACE,CE,Towers with Radar,362,62,7,1,432,3,2,7,1,13,365,64,14,2,445,0,2,2,447
02/21/2023,STL,MO,ACE,CE,Towers with Radar,354,57,16,3,430,1,4,4,4,13,355,61,20,7,443,16,8,24,467
02/22/2023,STL,MO,ACE,CE,Towers with Radar,345,69,21,0,435,1,0,5,0,6,346,69,26,0,441,0,0,0,441
02/23/2023,STL,MO,ACE,CE,Towers with Radar,370,60,23,6,459,1,5,0,2,8,371,65,23,8,467,0,0,0,467
02/24/2023,STL,MO,ACE,CE,Towers with Radar,373,60,7,3,443,5,0,0,0,5,378,60,7,3,448,0,0,0,448
02/25/2023,STL,MO,ACE,CE,Towers with Radar,275,37,6,2,320,1,1,1,0,3,276,38,7,2,323,0,0,0,323
02/26/2023,STL,MO,ACE,CE,Towers with Radar,328,54,12,5,399,2,0,2,0,4,330,54,14,5,403,0,12,12,415
02/27/2023,STL,MO,ACE,CE,Towers with Radar,366,44,16,2,428,1,0,2,0,3,367,44,18,2,431,0,0,0,431
02/28/2023,STL,MO,ACE,CE,Towers with Radar,363,60,16,0,439,1,1,5,0,7,364,61,21,0,446,0,0,0,446
03/01/2023,STL,MO,ACE,CE,Towers with Radar,361,57,11,2,431,1,0,8,3,12,362,57,19,5,443,12,6,18,461
03/02/2023,STL,MO,ACE,CE,Towers with Radar,368,66,16,1,451,2,1,0,1,4,370,67,16,2,455,0,0,0,455
03/03/2023,STL,MO,ACE,CE,Towers with Radar,383,48,9,0,440,0,0,0,0,0,383,48,9,0,440,0,0,0,440
03/04/2023,STL,MO,ACE,CE,Towers with Radar,289,52,7,0,348,1,2,6,0,9,290,54,13,0,357,0,0,0,357
03/05/2023,STL,MO,ACE,CE,Towers with Radar,331,44,8,0,383,2,1,7,0,10,333,45,15,0,393,0,0,0,393
03/06/2023,STL,MO,ACE,CE,Towers with Radar,375,53,27,2,457,1,1,1,2,5,376,54,28,4,462,8,0,8,470
03/07/2023,STL,MO,ACE,CE,Towers with Radar,359,54,25,4,442,0,1,6,2,9,359,55,31,6,451,12,6,18,469
03/08/2023,STL,MO,ACE,CE,Towers with Radar,371,65,16,0,452,1,0,6,0,7,372,65,22,0,459,12,0,12,471
03/09/2023,STL,MO,ACE,CE,Towers with Radar,371,53,16,0,440,0,0,0,0,0,371,53,16,0,440,0,0,0,440
03/10/2023,STL,MO,ACE,CE,Towers with Radar,398,71,12,3,484,0,0,2,3,5,398,71,14,6,489,0,6,6,495
03/11/2023,STL,MO,ACE,CE,Towers with Radar,311,41,12,1,365,0,0,2,0,2,311,41,14,1,367,0,0,0,367
03/12/2023,STL,MO,ACE,CE,Towers with Radar,370,40,8,0,418,1,0,0,0,1,371,40,8,0,419,0,0,0,419
03/13/2023,STL,MO,ACE,CE,Towers with Radar,378,42,13,0,433,0,1,3,0,4,378,43,16,0,437,0,0,0,437
03/14/2023,STL,MO,ACE,CE,Towers with Radar,380,55,6,16,457,0,2,0,2,4,380,57,6,18,461,0,16,16,477
03/15/2023,STL,MO,ACE,CE,Towers with Radar,375,62,14,4,455,2,1,1,4,8,377,63,15,8,463,0,14,14,477
03/16/2023,STL,MO,ACE,CE,Towers with Radar,382,44,7,3,436,0,1,0,1,2,382,45,7,4,438,0,0,0,438
03/17/2023,STL,MO,ACE,CE,Towers with Radar,385,61,2,7,455,6,4,1,2,13,391,65,3,9,468,0,10,10,478
03/18/2023,STL,MO,ACE,CE,Towers with Radar,310,41,5,0,356,0,2,1,0,3,310,43,6,0,359,0,0,0,359
03/19/2023,STL,MO,ACE,CE,Towers with Radar,365,42,5,0,412,1,0,4,0,5,366,42,9,0,417,0,0,0,417
03/20/2023,STL,MO,ACE,CE,Towers with Radar,384,46,12,0,442,3,1,2,0,6,387,47,14,0,448,0,0,0,448
03/21/2023,STL,MO,ACE,CE,Towers with Radar,385,61,10,3,459,1,0,1,2,4,386,61,11,5,463,0,8,8,471
03/22/2023,STL,MO,ACE,CE,Towers with Radar,393,66,12,4,475,1,1,0,1,3,394,67,12,5,478,0,0,0,478
03/23/2023,STL,MO,ACE,CE,Towers with Radar,385,58,14,9,466,1,0,0,0,1,386,58,14,9,467,0,0,0,467
03/24/2023,STL,MO,ACE,CE,Towers with Radar,389,52,6,1,448,0,0,0,0,0,389,52,6,1,448,0,0,0,448
03/25/2023,STL,MO,ACE,CE,Towers with Radar,294,42,7,0,343,3,1,3,0,7,297,43,10,0,350,0,0,0,350
03/26/2023,STL,MO,ACE,CE,Towers with Radar,370,57,12,4,443,1,2,3,1,7,371,59,15,5,450,0,0,0,450
03/27/2023,STL,MO,ACE,CE,Towers with Radar,388,62,26,3,479,1,2,2,3,8,389,64,28,6,487,0,0,0,487
03/28/2023,STL,MO,ACE,CE,Towers with Radar,385,65,25,4,479,1,0,1,0,2,386,65,26,4,481,0,0,0,481
03/29/2023,STL,MO,ACE,CE,Towers with Radar,386,74,27,11,498,6,1,6,6,19,392,75,33,17,517,0,14,14,531
03/30/2023,STL,MO,ACE,CE,Towers with Radar,388,65,26,9,488,2,0,1,3,6,390,65,27,12,494,0,0,0,494
03/31/2023,STL,MO,ACE,CE,Towers with Radar,373,31,10,2,416,1,2,0,2,5,374,33,10,4,421,0,0,0,421
04/01/2023,STL,MO,ACE,CE,Towers with Radar,323,35,9,0,367,1,0,0,0,1,324,35,9,0,368,0,0,0,368
04/02/2023,STL,MO,ACE,CE,Towers with Radar,358,47,7,0,412,2,1,5,0,8,360,48,12,0,420,0,0,0,420
04/03/2023,STL,MO,ACE,CE,Towers with Radar,380,58,18,0,456,2,0,1,0,3,382,58,19,0,459,0,0,0,459
04/04/2023,STL,MO,ACE,CE,Towers with Radar,399,63,15,3,480,2,0,1,3,6,401,63,16,6,486,6,0,6,492
04/05/2023,STL,MO,ACE,CE,Towers with Radar,345,65,11,0,421,2,2,4,2,10,347,67,15,2,431,0,0,0,431
04/06/2023,STL,MO,ACE,CE,Towers with Radar,383,66,23,4,476,1,3,3,2,9,384,69,26,6,485,0,0,0,485
04/07/2023,STL,MO,ACE,CE,Towers with Radar,388,67,6,1,462,3,2,1,1,7,391,69,7,2,469,0,2,2,471
04/08/2023,STL,MO,ACE,CE,Towers with Radar,295,39,5,0,339,1,0,2,0,3,296,39,7,0,342,0,0,0,342
04/09/2023,STL,MO,ACE,CE,Towers with Radar,364,37,5,0,406,2,1,4,0,7,366,38,9,0,413,0,0,0,413
04/10/2023,STL,MO,ACE,CE,Towers with Radar,384,71,16,3,474,1,2,1,1,5,385,73,17,4,479,0,4,4,483
04/11/2023,STL,MO,ACE,CE,Towers with Radar,390,67,19,4,480,1,2,4,3,10,391,69,23,7,490,0,0,0,490
04/12/2023,STL,MO,ACE,CE,Towers with Radar,395,65,23,5,488,3,0,2,3,8,398,65,25,8,496,0,4,4,500
04/13/2023,STL,MO,ACE,CE,Towers with Radar,389,71,20,4,484,3,0,1,2,6,392,71,21,6,490,0,6,6,496
04/14/2023,STL,MO,ACE,CE,Towers with Radar,391,65,24,7,487,1,0,0,8,9,392,65,24,15,496,0,0,0,496
04/15/2023,STL,MO,ACE,CE,Towers with Radar,288,42,12,0,342,2,0,0,0,2,290,42,12,0,344,0,0,0,344
04/16/2023,STL,MO,ACE,CE,Towers with Radar,400,42,15,0,457,0,0,2,0,2,400,42,17,0,459,0,0,0,459
04/17/2023,STL,MO,ACE,CE,Towers with Radar,392,42,27,2,463,1,0,8,1,10,393,42,35,3,473,0,10,10,483
04/18/2023,STL,MO,ACE,CE,Towers with Radar,379,61,11,5,456,3,0,9,5,17,382,61,20,10,473,0,14,14,487
04/19/2023,STL,MO,ACE,CE,Towers with Radar,397,62,28,0,487,1,2,2,0,5,398,64,30,0,492,0,0,0,492
04/20/2023,STL,MO,ACE,CE,Towers with Radar,378,65,18,3,464,3,0,1,1,5,381,65,19,4,469,0,0,0,469
04/21/2023,STL,MO,ACE,CE,Towers with Radar,403,63,14,10,490,3,0,6,7,16,406,63,20,17,506,10,22,32,538
04/22/2023,STL,MO,ACE,CE,Towers with Radar,290,41,6,2,339,1,0,1,0,2,291,41,7,2,341,0,0,0,341
04/23/2023,STL,MO,ACE,CE,Towers with Radar,399,47,9,0,455,1,1,4,1,7,400,48,13,1,462,0,0,0,462
04/24/2023,STL,MO,ACE,CE,Towers with Radar,386,54,15,0,455,3,0,2,2,7,389,54,17,2,462,0,0,0,462
04/25/2023,STL,MO,ACE,CE,Towers with Radar,385,73,22,1,481,2,3,0,1,6,387,76,22,2,487,0,0,0,487
04/26/2023,STL,MO,ACE,CE,Towers with Radar,375,69,31,15,490,4,0,9,7,20,379,69,40,22,510,0,6,6,516
04/27/2023,STL,MO,ACE,CE,Towers with Radar,389,71,26,8,494,3,0,2,4,9,392,71,28,12,503,0,0,0,503
04/28/2023,STL,MO,ACE,CE,Towers with Radar,394,62,8,6,470,2,0,3,3,8,396,62,11,9,478,0,0,0,478
04/29/2023,STL,MO,ACE,CE,Towers with Radar,293,37,3,1,334,1,0,0,0,1,294,37,3,1,335,0,0,0,335
04/30/2023,STL,MO,ACE,CE,Towers with Radar,385,43,8,0,436,1,0,0,0,1,386,43,8,0,437,0,0,0,437
05/01/2023,STL,MO,ACE,CE,Towers with Radar,390,46,15,1,452,2,1,0,0,3,392,47,15,1,455,0,0,0,455
05/02/2023,STL,MO,ACE,CE,Towers with Radar,386,59,16,3,464,2,3,3,1,9,388,62,19,4,473,0,0,0,473
05/03/2023,STL,MO,ACE,CE,Towers with Radar,393,66,14,7,480,0,5,0,6,11,393,71,14,13,491,0,18,18,509
05/04/2023,STL,MO,ACE,CE,Towers with Radar,391,59,11,1,462,2,2,2,1,7,393,61,13,2,469,0,0,0,469
05/05/2023,STL,MO,ACE,CE,Towers with Radar,392,56,14,9,471,1,1,1,6,9,393,57,15,15,480,0,0,0,480
05/06/2023,STL,MO,ACE,CE,Towers with Radar,295,35,2,2,334,0,0,0,0,0,295,35,2,2,334,0,0,0,334
05/07/2023,STL,MO,ACE,CE,Towers with Radar,412,45,16,0,473,1,0,1,0,2,413,45,17,0,475,0,0,0,475
05/08/2023,STL,MO,ACE,CE,Towers with Radar,401,48,18,2,469,1,0,0,0,1,402,48,18,2,470,0,4,4,474
05/09/2023,STL,MO,ACE,CE,Towers with Radar,388,65,29,5,487,1,0,2,4,7,389,65,31,9,494,0,4,4,498
05/10/2023,STL,MO,ACE,CE,Towers with Radar,390,63,32,1,486,1,3,6,1,11,391,66,38,2,497,0,0,0,497
05/11/2023,STL,MO,ACE,CE,Towers with Radar,388,72,27,1,488,1,0,3,1,5,389,72,30,2,493,0,0,0,493
05/12/2023,STL,MO,ACE,CE,Towers with Radar,395,66,16,2,479,1,2,6,0,9,396,68,22,2,488,0,0,0,488
05/13/2023,STL,MO,ACE,CE,Towers with Radar,297,44,11,0,352,0,1,0,0,1,297,45,11,0,353,0,0,0,353
05/14/2023,STL,MO,ACE,CE,Towers with Radar,402,57,6,0,465,1,0,0,0,1,403,57,6,0,466,0,0,0,466
05/15/2023,STL,MO,ACE,CE,Towers with Radar,396,76,17,2,491,0,0,0,0,0,396,76,17,2,491,0,0,0,491
05/16/2023,STL,MO,ACE,CE,Towers with Radar,388,60,20,1,469,0,0,4,0,4,388,60,24,1,473,0,0,0,473
05/17/2023,STL,MO,ACE,CE,Towers with Radar,400,72,24,6,502,1,1,3,3,8,401,73,27,9,510,0,0,0,510
05/18/2023,STL,MO,ACE,CE,Towers with Radar,384,75,30,4,493,3,1,0,3,7,387,76,30,7,500,0,0,0,500
05/19/2023,STL,MO,ACE,CE,Towers with Radar,393,70,12,3,478,1,1,0,0,2,394,71,12,3,480,0,11,11,491
05/20/2023,STL,MO,ACE,CE,Towers with Radar,306,43,10,2,361,3,0,6,0,9,309,43,16,2,370,0,0,0,370
05/21/2023,STL,MO,ACE,CE,Towers with Radar,396,47,13,0,456,3,0,1,0,4,399,47,14,0,460,0,0,0,460
05/22/2023,STL,MO,ACE,CE,Towers with Radar,386,57,11,9,463,2,0,5,4,11,388,57,16,13,474,0,10,10,484
05/23/2023,STL,MO,ACE,CE,Towers with Radar,389,63,8,4,464,3,1,1,7,12,392,64,9,11,476,20,0,20,496
05/24/2023,STL,MO,ACE,CE,Towers with Radar,388,65,24,5,482,3,2,4,7,16,391,67,28,12,498,6,11,17,515
05/25/2023,STL,MO,ACE,CE,Towers with Radar,397,63,18,1,479,5,0,7,4,16,402,63,25,5,495,2,2,4,499
05/26/2023,STL,MO,ACE,CE,Towers with Radar,394,53,17,4,468,4,1,5,3,13,398,54,22,7,481,8,14,22,503
05/27/2023,STL,MO,ACE,CE,Towers with Radar,296,40,7,0,343,4,2,5,0,11,300,42,12,0,354,8,0,8,362
05/28/2023,STL,MO,ACE,CE,Towers with Radar,381,38,7,0,426,0,2,3,0,5,381,40,10,0,431,0,0,0,431
05/29/2023,STL,MO,ACE,CE,Towers with Radar,384,40,7,4,435,3,0,1,2,6,387,40,8,6,441,0,20,20,461
05/30/2023,STL,MO,ACE,CE,Towers with Radar,382,53,12,3,450,2,1,2,5,10,384,54,14,8,460,0,10,10,470
05/31/2023,STL,MO,ACE,CE,Towers with Radar,404,54,16,6,480,0,0,0,4,4,404,54,16,10,484,0,11,11,495
06/01/2023,STL,MO,ACE,CE,Towers with Radar,385,67,21,5,478,2,1,1,8,12,387,68,22,13,490,0,10,10,500
06/02/2023,STL,MO,ACE,CE,Towers with Radar,400,57,23,3,483,3,2,2,3,10,403,59,25,6,493,0,0,0,493
06/03/2023,STL,MO,ACE,CE,Towers with Radar,297,49,4,0,350,1,0,0,0,1,298,49,4,0,351,0,0,0,351
06/04/2023,STL,MO,ACE,CE,Towers with Radar,388,59,14,0,461,1,0,1,0,2,389,59,15,0,463,0,0,0,463
06/05/2023,STL,MO,ACE,CE,Towers with Radar,393,67,17,5,482,2,1,2,3,8,395,68,19,8,490,0,0,0,490
06/06/2023,STL,MO,ACE,CE,Towers with Radar,402,66,12,0,480,1,0,2,0,3,403,66,14,0,483,0,0,0,483
06/07/2023,STL,MO,ACE,CE,Towers with Radar,384,63,16,4,467,2,0,2,2,6,386,63,18,6,473,12,6,18,491
06/08/2023,STL,MO,ACE,CE,Towers with Radar,401,56,18,7,482,2,1,5,5,13,403,57,23,12,495,0,18,18,513
06/09/2023,STL,MO,ACE,CE,Towers with Radar,398,61,25,3,487,3,2,4,5,14,401,63,29,8,501,2,19,21,522
06/10/2023,STL,MO,ACE,CE,Towers with Radar,344,38,8,2,392,1,0,5,4,10,345,38,13,6,402,4,36,40,442
06/11/2023,STL,MO,ACE,CE,Towers with Radar,398,50,7,0,455,0,0,0,0,0,398,50,7,0,455,0,0,0,455
06/12/2023,STL,MO,ACE,CE,Towers with Radar,394,43,16,1,454,0,0,2,1,3,394,43,18,2,457,0,0,0,457
06/13/2023,STL,MO,ACE,CE,Towers with Radar,397,62,14,10,483,2,0,0,4,6,399,62,14,14,489,0,4,4,493
06/14/2023,STL,MO,ACE,CE,Towers with Radar,396,51,27,7,481,1,1,7,2,11,397,52,34,9,492,0,0,0,492
06/15/2023,STL,MO,ACE,CE,Towers with Radar,395,73,18,2,488,2,1,7,2,12,397,74,25,4,500,0,0,0,500
06/16/2023,STL,MO,ACE,CE,Towers with Radar,401,64,19,2,486,4,0,0,1,5,405,64,19,3,491,0,2,2,493
06/17/2023,STL,MO,ACE,CE,Towers with Radar,333,37,5,0,375,0,0,4,0,4,333,37,9,0,379,0,0,0,379
06/18/2023,STL,MO,ACE,CE,Towers with Radar,400,39,12,0,451,1,1,1,0,3,401,40,13,0,454,0,0,0,454
06/19/2023,STL,MO,ACE,CE,Towers with Radar,398,40,17,1,456,1,0,1,1,3,399,40,18,2,459,0,0,0,459
06/20/2023,STL,MO,ACE,CE,Towers with Radar,387,65,18,3,473,1,1,1,1,4,388,66,19,4,477,0,6,6,483
06/21/2023,STL,MO,ACE,CE,Towers with Radar,396,68,21,14,499,1,0,2,3,6,397,68,23,17,505,0,21,21,526
06/22/2023,STL,MO,ACE,CE,Towers with Radar,390,58,21,4,473,1,1,0,2,4,391,59,21,6,477,0,10,10,487
06/23/2023,STL,MO,ACE,CE,Towers with Radar,406,43,7,4,460,0,1,0,3,4,406,44,7,7,464,0,5,5,469
06/24/2023,STL,MO,ACE,CE,Towers with Radar,351,30,2,12,395,1,0,2,0,3,352,30,4,12,398,0,0,0,398
06/25/2023,STL,MO,ACE,CE,Towers with Radar,396,35,2,0,433,3,1,2,0,6,399,36,4,0,439,0,0,0,439
06/26/2023,STL,MO,ACE,CE,Towers with Radar,380,46,18,0,444,1,2,5,0,8,381,48,23,0,452,0,0,0,452
06/27/2023,STL,MO,ACE,CE,Towers with Radar,381,35,27,6,449,5,3,6,6,20,386,38,33,12,469,0,20,20,489
06/28/2023,STL,MO,ACE,CE,Towers with Radar,391,46,24,2,463,2,1,6,2,11,393,47,30,4,474,0,2,2,476
06/29/2023,STL,MO,ACE,CE,Towers with Radar,408,50,20,21,499,1,2,3,7,13,409,52,23,28,512,6,47,53,565
06/30/2023,STL,MO,ACE,CE,Towers with Radar,384,50,19,0,453,4,1,2,0,7,388,51,21,0,460,0,0,0,460
07/01/2023,STL,MO,ACE,CE,Towers with Radar,354,34,8,0,396,1,0,2,0,3,355,34,10,0,399,0,0,0,399
07/02/2023,STL,MO,ACE,CE,Towers with Radar,401,34,7,0,442,0,0,0,0,0,401,34,7,0,442,0,0,0,442
07/03/2023,STL,MO,ACE,CE,Towers with Radar,347,28,9,0,384,3,3,3,0,9,350,31,12,0,393,0,0,0,393
07/04/2023,STL,MO,ACE,CE,Towers with Radar,338,32,4,0,374,0,0,2,0,2,338,32,6,0,376,0,0,0,376
07/05/2023,STL,MO,ACE,CE,Towers with Radar,392,52,11,1,456,1,2,0,0,3,393,54,11,1,459,0,2,2,461
07/06/2023,STL,MO,ACE,CE,Towers with Radar,391,36,12,1,440,3,4,2,0,9,394,40,14,1,449,0,0,0,449
07/07/2023,STL,MO,ACE,CE,Towers with Radar,378,47,13,4,442,0,2,3,2,7,378,49,16,6,449,0,0,0,449
07/08/2023,STL,MO,ACE,CE,Towers with Radar,350,26,3,0,379,1,0,2,0,3,351,26,5,0,382,0,0,0,382
07/09/2023,STL,MO,ACE,CE,Towers with Radar,375,43,8,0,426,1,0,2,0,3,376,43,10,0,429,0,0,0,429
07/10/2023,STL,MO,ACE,CE,Towers with Radar,380,61,15,3,459,2,2,1,3,8,382,63,16,6,467,0,4,4,471
07/11/2023,STL,MO,ACE,CE,Towers with Radar,423,52,14,9,498,1,0,0,5,6,424,52,14,14,504,0,0,0,504
07/12/2023,STL,MO,ACE,CE,Towers with Radar,414,53,15,5,487,1,0,0,3,4,415,53,15,8,491,0,0,0,491
07/13/2023,STL,MO,ACE,CE,Towers with Radar,412,46,13,7,478,2,0,5,5,12,414,46,18,12,490,0,0,0,490
07/14/2023,STL,MO,ACE,CE,Towers with Radar,404,48,15,1,468,3,1,2,0,6,407,49,17,1,474,0,0,0,474
07/15/2023,STL,MO,ACE,CE,Towers with Radar,361,33,9,0,403,0,0,2,0,2,361,33,11,0,405,0,0,0,405
07/16/2023,STL,MO,ACE,CE,Towers with Radar,391,43,9,0,443,1,3,1,0,5,392,46,10,0,448,0,0,0,448
07/17/2023,STL,MO,ACE,CE,Towers with Radar,412,61,15,3,491,3,2,0,3,8,415,63,15,6,499,0,0,0,499
07/18/2023,STL,MO,ACE,CE,Towers with Radar,405,61,18,6,490,2,0,3,4,9,407,61,21,10,499,0,0,0,499
07/19/2023,STL,MO,ACE,CE,Towers with Radar,408,57,13,1,479,0,0,0,0,0,408,57,13,1,479,0,0,0,479
07/20/2023,STL,MO,ACE,CE,Towers with Radar,400,62,20,8,490,0,2,5,3,10,400,64,25,11,500,0,22,22,522
07/21/2023,STL,MO,ACE,CE,Towers with Radar,411,51,15,4,481,2,3,5,4,14,413,54,20,8,495,0,18,18,513
07/22/2023,STL,MO,ACE,CE,Towers with Radar,364,36,7,0,407,4,0,0,0,4,368,36,7,0,411,0,0,0,411
07/23/2023,STL,MO,ACE,CE,Towers with Radar,397,49,10,0,456,0,0,2,0,2,397,49,12,0,458,0,0,0,458
07/24/2023,STL,MO,ACE,CE,Towers with Radar,419,35,14,6,474,6,0,2,0,8,425,35,16,6,482,0,12,12,494
07/25/2023,STL,MO,ACE,CE,Towers with Radar,397,56,11,4,468,3,1,3,2,9,400,57,14,6,477,0,26,26,503
07/26/2023,STL,MO,ACE,CE,Towers with Radar,425,56,9,3,493,3,0,2,2,7,428,56,11,5,500,0,0,0,500
07/27/2023,STL,MO,ACE,CE,Towers with Radar,414,42,14,4,474,0,0,7,3,10,414,42,21,7,484,0,8,8,492
07/28/2023,STL,MO,ACE,CE,Towers with Radar,419,47,17,6,489,4,0,1,1,6,423,47,18,7,495,0,0,0,495
07/29/2023,STL,MO,ACE,CE,Towers with Radar,375,32,6,2,415,3,0,4,0,7,378,32,10,2,422,4,0,4,426
07/30/2023,STL,MO,ACE,CE,Towers with Radar,432,40,12,3,487,0,0,0,0,0,432,40,12,3,487,0,0,0,487
07/31/2023,STL,MO,ACE,CE,Towers with Radar,410,52,15,1,478,4,2,4,0,10,414,54,19,1,488,0,0,0,488
08/01/2023,STL,MO,ACE,CE,Towers with Radar,400,28,20,6,454,2,0,3,0,5,402,28,23,6,459,0,0,0,459
08/02/2023,STL,MO,ACE,CE,Towers with Radar,411,47,15,1,474,0,0,1,0,1,411,47,16,1,475,0,0,0,475
08/03/2023,STL,MO,ACE,CE,Towers with Radar,421,41,14,3,479,0,0,2,0,2,421,41,16,3,481,0,0,0,481
08/04/2023,STL,MO,ACE,CE,Towers with Radar,420,35,6,0,461,1,0,1,0,2,421,35,7,0,463,0,0,0,463
08/05/2023,STL,MO,ACE,CE,Towers with Radar,351,27,6,7,391,0,0,5,0,5,351,27,11,7,396,0,0,0,396
08/06/2023,STL,MO,ACE,CE,Towers with Radar,392,34,14,3,443,3,0,0,1,4,395,34,14,4,447,0,0,0,447
08/07/2023,STL,MO,ACE,CE,Towers with Radar,391,37,19,2,449,1,2,5,0,8,392,39,24,2,457,0,0,0,457
08/08/2023,STL,MO,ACE,CE,Towers with Radar,420,33,22,4,479,4,0,1,2,7,424,33,23,6,486,0,12,12,498
08/09/2023,STL,MO,ACE,CE,Towers with Radar,413,30,29,0,472,2,0,0,0,2,415,30,29,0,474,0,0,0,474
08/10/2023,STL,MO,ACE,CE,Towers with Radar,423,63,18,4,508,0,1,3,4,8,423,64,21,8,516,0,0,0,516
08/11/2023,STL,MO,ACE,CE,Towers with Radar,415,56,13,4,488,3,1,6,3,13,418,57,19,7,501,2,9,11,512
08/12/2023,STL,MO,ACE,CE,Towers with Radar,345,28,10,0,383,4,0,2,0,6,349,28,12,0,389,0,0,0,389
08/13/2023,STL,MO,ACE,CE,Towers with Radar,412,35,7,0,454,1,0,0,0,1,413,35,7,0,455,0,0,0,455
08/14/2023,STL,MO,ACE,CE,Towers with Radar,428,27,16,3,474,2,0,2,0,4,430,27,18,3,478,0,0,0,478
08/15/2023,STL,MO,ACE,CE,Towers with Radar,392,29,24,0,445,2,0,4,0,6,394,29,28,0,451,0,0,0,451
08/16/2023,STL,MO,ACE,CE,Towers with Radar,386,32,18,3,439,2,2,6,3,13,388,34,24,6,452,0,13,13,465
08/17/2023,STL,MO,ACE,CE,Towers with Radar,413,41,22,1,477,0,0,2,1,3,413,41,24,2,480,0,0,0,480
08/18/2023,STL,MO,ACE,CE,Towers with Radar,392,30,12,10,444,2,0,3,1,6,394,30,15,11,450,4,7,11,461
08/19/2023,STL,MO,ACE,CE,Towers with Radar,339,28,5,0,372,3,0,1,0,4,342,28,6,0,376,0,0,0,376
08/20/2023,STL,MO,ACE,CE,Towers with Radar,356,39,8,0,403,7,1,0,0,8,363,40,8,0,411,0,0,0,411
08/21/2023,STL,MO,ACE,CE,Towers with Radar,396,25,30,2,453,0,0,0,0,0,396,25,30,2,453,0,0,0,453
08/22/2023,STL,MO,ACE,CE,Towers with Radar,393,40,19,6,458,1,0,1,1,3,394,40,20,7,461,0,0,0,461
08/23/2023,STL,MO,ACE,CE,Towers with Radar,388,24,21,1,434,2,0,3,1,6,390,24,24,2,440,0,0,0,440
08/24/2023,STL,MO,ACE,CE,Towers with Radar,379,40,20,4,443,3,0,1,3,7,382,40,21,7,450,0,0,0,450
08/25/2023,STL,MO,ACE,CE,Towers with Radar,397,35,16,0,448,1,1,4,0,6,398,36,20,0,454,0,0,0,454
08/26/2023,STL,MO,ACE,CE,Towers with Radar,337,18,9,0,364,1,0,0,0,1,338,18,9,0,365,0,0,0,365
08/27/2023,STL,MO,ACE,CE,Towers with Radar,364,34,15,0,413,0,0,7,0,7,364,34,22,0,420,0,0,0,420
08/28/2023,STL,MO,ACE,CE,Towers with Radar,394,31,18,11,454,3,0,1,5,9,397,31,19,16,463,0,0,0,463
08/29/2023,STL,MO,ACE,CE,Towers with Radar,387,35,15,6,443,1,0,0,2,3,388,35,15,8,446,0,0,0,446
08/30/2023,STL,MO,ACE,CE,Towers with Radar,378,34,20,3,435,4,0,1,3,8,382,34,21,6,443,0,8,8,451
08/31/2023,STL,MO,ACE,CE,Towers with Radar,391,44,23,3,461,1,2,3,3,9,392,46,26,6,470,0,0,0,470
01/01/2020,STL,MO,ACE,CE,Towers with Radar,335,82,8,0,425,0,3,2,0,5,335,85,10,0,430,0,0,0,430
01/02/2020,STL,MO,ACE,CE,Towers with Radar,390,107,13,1,511,0,2,2,0,4,390,109,15,1,515,0,0,0,515
01/03/2020,STL,MO,ACE,CE,Towers with Radar,402,110,9,1,522,0,0,2,0,2,402,110,11,1,524,0,0,0,524
01/04/2020,STL,MO,ACE,CE,Towers with Radar,267,91,4,0,362,0,1,0,0,1,267,92,4,0,363,0,0,0,363
01/05/2020,STL,MO,ACE,CE,Towers with Radar,386,97,9,0,492,0,4,0,0,4,386,101,9,0,496,0,0,0,496
01/06/2020,STL,MO,ACE,CE,Towers with Radar,405,108,13,6,532,0,2,3,4,9,405,110,16,10,541,0,0,0,541
01/07/2020,STL,MO,ACE,CE,Towers with Radar,391,109,13,0,513,0,4,5,0,9,391,113,18,0,522,0,0,0,522
01/08/2020,STL,MO,ACE,CE,Towers with Radar,396,107,21,4,528,0,5,5,5,15,396,112,26,9,543,6,0,6,549
01/09/2020,STL,MO,ACE,CE,Towers with Radar,398,133,14,1,546,0,1,2,1,4,398,134,16,2,550,0,0,0,550
01/10/2020,STL,MO,ACE,CE,Towers with Radar,398,116,16,0,530,0,0,0,0,0,398,116,16,0,530,0,0,0,530
01/11/2020,STL,MO,ACE,CE,Towers with Radar,249,66,3,0,318,0,0,0,0,0,249,66,3,0,318,0,0,0,318
01/12/2020,STL,MO,ACE,CE,Towers with Radar,376,105,7,0,488,0,0,2,0,2,376,105,9,0,490,0,0,0,490
01/13/2020,STL,MO,ACE,CE,Towers with Radar,401,119,10,1,531,0,0,0,1,1,401,119,10,2,532,0,0,0,532
01/14/2020,STL,MO,ACE,CE,Towers with Radar,396,132,19,20,567,0,1,2,1,4,396,133,21,21,571,0,0,0,571
01/15/2020,STL,MO,ACE,CE,Towers with Radar,403,137,19,12,571,0,0,1,1,2,403,137,20,13,573,0,0,0,573
01/16/2020,STL,MO,ACE,CE,Towers with Radar,407,126,16,10,559,0,6,13,7,26,407,132,29,17,585,0,12,12,597
01/17/2020,STL,MO,ACE,CE,Towers with Radar,280,77,13,0,370,0,0,1,0,1,280,77,14,0,371,0,0,0,371
01/18/2020,STL,MO,ACE,CE,Towers with Radar,262,78,8,1,349,0,0,0,0,0,262,78,8,1,349,0,0,0,349
01/19/2020,STL,MO,ACE,CE,Towers with Radar,348,97,4,0,449,0,0,1,6,7,348,97,5,6,456,0,0,0,456
01/20/2020,STL,MO,ACE,CE,Towers with Radar,400,126,7,8,541,0,0,0,1,1,400,126,7,9,542,0,0,0,542
01/21/2020,STL,MO,ACE,CE,Towers with Radar,394,119,15,9,537,0,3,8,7,18,394,122,23,16,555,0,0,0,555
01/22/2020,STL,MO,ACE,CE,Towers with Radar,390,119,10,6,525,0,2,5,2,9,390,121,15,8,534,0,0,0,534
01/23/2020,STL,MO,ACE,CE,Towers with Radar,355,135,10,0,500,0,0,0,0,0,355,135,10,0,500,0,0,0,500
01/24/2020,STL,MO,ACE,CE,Towers with Radar,397,132,9,0,538,0,0,0,0,0,397,132,9,0,538,0,0,0,538
01/25/2020,STL,MO,ACE,CE,Towers with Radar,261,100,8,0,369,0,0,0,0,0,261,100,8,0,369,0,0,0,369
01/26/2020,STL,MO,ACE,CE,Towers with Radar,375,106,14,0,495,0,1,1,0,2,375,107,15,0,497,0,0,0,497
01/27/2020,STL,MO,ACE,CE,Towers with Radar,397,132,11,0,540,0,0,0,0,0,397,132,11,0,540,0,0,0,540
01/28/2020,STL,MO,ACE,CE,Towers with Radar,395,122,18,0,535,0,0,0,0,0,395,122,18,0,535,0,0,0,535
01/29/2020,STL,MO,ACE,CE,Towers with Radar,398,122,10,0,530,0,0,0,0,0,398,122,10,0,530,0,0,0,530
01/30/2020,STL,MO,ACE,CE,Towers with Radar,406,127,20,1,554,0,0,1,0,1,406,127,21,1,555,0,0,0,555
01/31/2020,STL,MO,ACE,CE,Towers with Radar,404,130,15,1,550,0,1,2,0,3,404,131,17,1,553,0,0,0,553
02/01/2020,STL,MO,ACE,CE,Towers with Radar,266,95,6,2,369,0,1,2,0,3,266,96,8,2,372,0,0,0,372
02/02/2020,STL,MO,ACE,CE,Towers with Radar,358,99,14,1,472,0,6,0,1,7,358,105,14,2,479,0,0,0,479
02/03/2020,STL,MO,ACE,CE,Towers with Radar,403,124,7,6,540,0,4,4,10,18,403,128,11,16,558,0,0,0,558
02/04/2020,STL,MO,ACE,CE,Towers with Radar,396,119,15,0,530,0,0,2,0,2,396,119,17,0,532,0,0,0,532
02/05/2020,STL,MO,ACE,CE,Towers with Radar,348,87,11,0,446,0,0,0,0,0,348,87,11,0,446,0,0,0,446
02/06/2020,STL,MO,ACE,CE,Towers with Radar,390,117,17,0,524,0,0,1,0,1,390,117,18,0,525,0,0,0,525
02/07/2020,STL,MO,ACE,CE,Towers with Radar,394,119,18,6,537,0,0,1,4,5,394,119,19,10,542,0,0,0,542
02/08/2020,STL,MO,ACE,CE,Towers with Radar,267,79,7,2,355,0,0,2,1,3,267,79,9,3,358,0,0,0,358
02/09/2020,STL,MO,ACE,CE,Towers with Radar,363,95,1,0,459,0,0,0,0,0,363,95,1,0,459,0,0,0,459
02/10/2020,STL,MO,ACE,CE,Towers with Radar,405,118,13,5,541,0,0,0,0,0,405,118,13,5,541,0,0,0,541
02/11/2020,STL,MO,ACE,CE,Towers with Radar,394,117,11,2,524,0,0,4,3,7,394,117,15,5,531,0,0,0,531
02/12/2020,STL,MO,ACE,CE,Towers with Radar,395,116,16,2,529,0,0,0,0,0,395,116,16,2,529,0,0,0,529
02/13/2020,STL,MO,ACE,CE,Towers with Radar,389,137,34,2,562,0,3,1,2,6,389,140,35,4,568,0,0,0,568
02/14/2020,STL,MO,ACE,CE,Towers with Radar,417,125,17,8,567,0,5,11,3,19,417,130,28,11,586,0,0,0,586
02/15/2020,STL,MO,ACE,CE,Towers with Radar,272,85,7,0,364,0,1,3,0,4,272,86,10,0,368,0,0,0,368
02/16/2020,STL,MO,ACE,CE,Towers with Radar,360,93,8,0,461,0,2,3,0,5,360,95,11,0,466,0,0,0,466
02/17/2020,STL,MO,ACE,CE,Towers with Radar,402,134,11,0,547,0,0,0,0,0,402,134,11,0,547,0,0,0,547
02/18/2020,STL,MO,ACE,CE,Towers with Radar,397,121,19,4,541,0,4,4,1,9,397,125,23,5,550,0,0,0,550
02/19/2020,STL,MO,ACE,CE,Towers with Radar,401,137,17,5,560,0,9,8,5,22,401,146,25,10,582,0,0,0,582
02/20/2020,STL,MO,ACE,CE,Towers with Radar,403,117,18,7,545,0,8,6,4,18,403,125,24,11,563,0,0,0,563
02/21/2020,STL,MO,ACE,CE,Towers with Radar,407,125,15,6,553,0,6,2,6,14,407,131,17,12,567,0,0,0,567
02/22/2020,STL,MO,ACE,CE,Towers with Radar,273,87,8,1,369,0,4,5,3,12,273,91,13,4,381,0,0,0,381
02/23/2020,STL,MO,ACE,CE,Towers with Radar,375,105,6,0,486,0,4,7,1,12,375,109,13,1,498,0,0,0,498
02/24/2020,STL,MO,ACE,CE,Towers with Radar,402,124,10,0,536,0,0,0,0,0,402,124,10,0,536,0,0,0,536
02/25/2020,STL,MO,ACE,CE,Towers with Radar,392,115,9,0,516,0,0,0,0,0,392,115,9,0,516,0,0,0,516
02/26/2020,STL,MO,ACE,CE,Towers with Radar,403,120,19,4,546,0,2,0,1,3,403,122,19,5,549,0,0,0,549
02/27/2020,STL,MO,ACE,CE,Towers with Radar,397,125,19,3,544,0,4,3,8,15,397,129,22,11,559,0,0,0,559
02/28/2020,STL,MO,ACE,CE,Towers with Radar,407,118,11,1,537,0,0,2,4,6,407,118,13,5,543,0,0,0,543
02/29/2020,STL,MO,ACE,CE,Towers with Radar,276,80,7,0,363,0,4,6,2,12,276,84,13,2,375,0,0,0,375
03/01/2020,STL,MO,ACE,CE,Towers with Radar,372,94,5,2,473,0,7,4,2,13,372,101,9,4,486,0,0,0,486
03/02/2020,STL,MO,ACE,CE,Towers with Radar,395,128,14,2,539,0,0,2,0,2,395,128,16,2,541,0,0,0,541
03/03/2020,STL,MO,ACE,CE,Towers with Radar,410,111,10,3,534,0,10,7,0,17,410,121,17,3,551,0,0,0,551
03/04/2020,STL,MO,ACE,CE,Towers with Radar,401,117,17,5,540,0,8,11,1,20,401,125,28,6,560,0,0,0,560
03/05/2020,STL,MO,ACE,CE,Towers with Radar,395,118,17,5,535,0,5,0,6,11,395,123,17,11,546,0,0,0,546
03/06/2020,STL,MO,ACE,CE,Towers with Radar,395,120,17,2,534,0,3,3,0,6,395,123,20,2,540,0,0,0,540
03/07/2020,STL,MO,ACE,CE,Towers with Radar,310,87,5,0,402,0,6,2,0,8,310,93,7,0,410,14,0,14,424
03/08/2020,STL,MO,ACE,CE,Towers with Radar,365,100,6,1,472,0,6,2,0,8,365,106,8,1,480,0,0,0,480
03/09/2020,STL,MO,ACE,CE,Towers with Radar,408,120,8,0,536,0,0,1,0,1,408,120,9,0,537,0,0,0,537
03/10/2020,STL,MO,ACE,CE,Towers with Radar,402,114,15,2,533,0,0,0,0,0,402,114,15,2,533,0,0,0,533
03/11/2020,STL,MO,ACE,CE,Towers with Radar,403,111,18,10,542,0,1,0,4,5,403,112,18,14,547,0,0,0,547
03/12/2020,STL,MO,ACE,CE,Towers with Radar,401,123,13,0,537,0,0,1,0,1,401,123,14,0,538,0,0,0,538
03/13/2020,STL,MO,ACE,CE,Towers with Radar,401,134,14,3,552,1,2,2,1,6,402,136,16,4,558,0,0,0,558
03/14/2020,STL,MO,ACE,CE,Towers with Radar,321,85,10,0,416,0,0,0,0,0,321,85,10,0,416,0,0,0,416
03/15/2020,STL,MO,ACE,CE,Towers with Radar,377,95,2,0,474,0,2,0,0,2,377,97,2,0,476,0,0,0,476
03/16/2020,STL,MO,ACE,CE,Towers with Radar,399,108,9,0,516,0,0,1,0,1,399,108,10,0,517,0,0,0,517
03/17/2020,STL,MO,ACE,CE,Towers with Radar,383,116,14,1,514,0,3,2,3,8,383,119,16,4,522,0,0,0,522
03/18/2020,STL,MO,ACE,CE,Towers with Radar,339,114,8,0,461,0,0,0,0,0,339,114,8,0,461,0,0,0,461
03/19/2020,STL,MO,ACE,CE,Towers with Radar,352,90,6,0,448,0,1,0,0,1,352,91,6,0,449,0,0,0,449
03/20/2020,STL,MO,ACE,CE,Towers with Radar,335,115,7,7,464,0,1,6,2,9,335,116,13,9,473,0,0,0,473
03/21/2020,STL,MO,ACE,CE,Towers with Radar,275,76,10,0,361,0,2,4,0,6,275,78,14,0,367,0,0,0,367
03/22/2020,STL,MO,ACE,CE,Towers with Radar,284,86,5,0,375,0,0,0,0,0,284,86,5,0,375,0,0,0,375
03/23/2020,STL,MO,ACE,CE,Towers with Radar,273,101,8,4,386,0,1,0,0,1,273,102,8,4,387,0,0,0,387
03/24/2020,STL,MO,ACE,CE,Towers with Radar,273,87,7,2,369,0,0,0,2,2,273,87,7,4,371,0,0,0,371
03/25/2020,STL,MO,ACE,CE,Towers with Radar,236,94,6,4,340,0,3,1,4,8,236,97,7,8,348,0,0,0,348
03/26/2020,STL,MO,ACE,CE,Towers with Radar,247,80,3,7,337,0,4,5,7,16,247,84,8,14,353,0,0,0,353
03/27/2020,STL,MO,ACE,CE,Towers with Radar,223,83,6,1,313,0,0,3,1,4,223,83,9,2,317,0,0,0,317
03/28/2020,STL,MO,ACE,CE,Towers with Radar,154,57,4,0,215,0,0,0,0,0,154,57,4,0,215,0,0,0,215
03/29/2020,STL,MO,ACE,CE,Towers with Radar,194,43,3,0,240,0,1,1,0,2,194,44,4,0,242,0,0,0,242
03/30/2020,STL,MO,ACE,CE,Towers with Radar,196,61,5,0,262,0,12,5,0,17,196,73,10,0,279,0,0,0,279
03/31/2020,STL,MO,ACE,CE,Towers with Radar,214,63,6,5,288,0,3,4,3,10,214,66,10,8,298,0,0,0,298
04/01/2020,STL,MO,ACE,CE,Towers with Radar,204,62,4,2,272,0,8,4,2,14,204,70,8,4,286,0,0,0,286
04/02/2020,STL,MO,ACE,CE,Towers with Radar,211,48,2,6,267,0,6,2,6,14,211,54,4,12,281,0,0,0,281
04/03/2020,STL,MO,ACE,CE,Towers with Radar,210,51,3,2,266,0,4,0,0,4,210,55,3,2,270,0,0,0,270
04/04/2020,STL,MO,ACE,CE,Towers with Radar,150,41,1,0,192,0,0,0,0,0,150,41,1,0,192,0,0,0,192
04/05/2020,STL,MO,ACE,CE,Towers with Radar,191,38,3,0,232,0,0,2,0,2,191,38,5,0,234,0,0,0,234
04/06/2020,STL,MO,ACE,CE,Towers with Radar,175,50,6,1,232,0,1,2,1,4,175,51,8,2,236,0,0,0,236
04/07/2020,STL,MO,ACE,CE,Towers with Radar,170,57,10,7,244,0,1,2,9,12,170,58,12,16,256,0,0,0,256
04/08/2020,STL,MO,ACE,CE,Towers with Radar,177,51,6,1,235,0,5,0,1,6,177,56,6,2,241,0,0,0,241
04/09/2020,STL,MO,ACE,CE,Towers with Radar,173,46,7,5,231,0,2,4,7,13,173,48,11,12,244,0,0,0,244
04/10/2020,STL,MO,ACE,CE,Towers with Radar,169,44,7,13,233,0,6,8,1,15,169,50,15,14,248,14,46,60,308
04/11/2020,STL,MO,ACE,CE,Towers with Radar,128,34,1,0,163,0,0,6,0,6,128,34,7,0,169,0,0,0,169
04/12/2020,STL,MO,ACE,CE,Towers with Radar,149,25,2,0,176,0,0,0,0,0,149,25,2,0,176,0,0,0,176
04/13/2020,STL,MO,ACE,CE,Towers with Radar,159,54,0,3,216,0,5,2,3,10,159,59,2,6,226,0,0,0,226
04/14/2020,STL,MO,ACE,CE,Towers with Radar,144,48,4,2,198,0,7,4,7,18,144,55,8,9,216,0,0,0,216
04/15/2020,STL,MO,ACE,CE,Towers with Radar,156,51,3,2,212,0,3,0,4,7,156,54,3,6,219,0,0,0,219
04/16/2020,STL,MO,ACE,CE,Towers with Radar,152,48,4,3,207,0,4,0,5,9,152,52,4,8,216,0,0,0,216
04/17/2020,STL,MO,ACE,CE,Towers with Radar,146,53,9,2,210,0,0,2,1,3,146,53,11,3,213,0,0,0,213
04/18/2020,STL,MO,ACE,CE,Towers with Radar,127,30,4,0,161,0,2,7,0,9,127,32,11,0,170,0,0,0,170
04/19/2020,STL,MO,ACE,CE,Towers with Radar,115,32,3,0,150,0,1,5,1,7,115,33,8,1,157,0,0,0,157
04/20/2020,STL,MO,ACE,CE,Towers with Radar,115,53,4,4,176,0,5,11,5,21,115,58,15,9,197,0,0,0,197
04/21/2020,STL,MO,ACE,CE,Towers with Radar,134,48,11,9,202,0,6,9,4,19,134,54,20,13,221,0,0,0,221
04/22/2020,STL,MO,ACE,CE,Towers with Radar,123,43,7,2,175,0,7,3,2,12,123,50,10,4,187,0,0,0,187
04/23/2020,STL,MO,ACE,CE,Towers with Radar,139,53,5,0,197,0,0,3,0,3,139,53,8,0,200,0,0,0,200
04/24/2020,STL,MO,ACE,CE,Towers with Radar,131,46,7,10,194,0,4,4,6,14,131,50,11,16,208,0,0,0,208
04/25/2020,STL,MO,ACE,CE,Towers with Radar,117,37,3,0,157,0,0,0,0,0,117,37,3,0,157,0,0,0,157
04/26/2020,STL,MO,ACE,CE,Towers with Radar,119,34,4,0,157,0,6,7,0,13,119,40,11,0,170,0,0,0,170
04/27/2020,STL,MO,ACE,CE,Towers with Radar,129,46,4,3,182,0,7,2,3,12,129,53,6,6,194,20,22,42,236
04/28/2020,STL,MO,ACE,CE,Towers with Radar,137,40,3,6,186,0,5,6,1,12,137,45,9,7,198,0,0,0,198
04/29/2020,STL,MO,ACE,CE,Towers with Radar,133,51,6,2,192,0,0,0,0,0,133,51,6,2,192,0,0,0,192
04/30/2020,STL,MO,ACE,CE,Towers with Radar,136,52,6,6,200,0,3,2,2,7,136,55,8,8,207,0,0,0,207
05/01/2020,STL,MO,ACE,CE,Towers with Radar,129,55,5,5,194,0,11,5,3,19,129,66,10,8,213,0,0,0,213
05/02/2020,STL,MO,ACE,CE,Towers with Radar,123,33,2,0,158,0,3,12,0,15,123,36,14,0,173,0,0,0,173
05/03/2020,STL,MO,ACE,CE,Towers with Radar,118,36,0,0,154,0,0,6,0,6,118,36,6,0,160,0,0,0,160
05/04/2020,STL,MO,ACE,CE,Towers with Radar,126,39,3,3,171,0,2,5,1,8,126,41,8,4,179,0,0,0,179
05/05/2020,STL,MO,ACE,CE,Towers with Radar,125,55,6,0,186,0,1,0,2,3,125,56,6,2,189,0,0,0,189
05/06/2020,STL,MO,ACE,CE,Towers with Radar,121,51,6,3,181,0,1,14,2,17,121,52,20,5,198,0,0,0,198
05/07/2020,STL,MO,ACE,CE,Towers with Radar,127,56,7,5,195,0,4,5,4,13,127,60,12,9,208,0,0,0,208
05/08/2020,STL,MO,ACE,CE,Towers with Radar,136,60,12,9,217,0,1,1,2,4,136,61,13,11,221,0,0,0,221
05/09/2020,STL,MO,ACE,CE,Towers with Radar,110,35,2,0,147,0,3,6,0,9,110,38,8,0,156,0,0,0,156
05/10/2020,STL,MO,ACE,CE,Towers with Radar,123,44,1,0,168,0,2,4,0,6,123,46,5,0,174,0,0,0,174
05/11/2020,STL,MO,ACE,CE,Towers with Radar,128,60,4,16,208,0,4,21,22,47,128,64,25,38,255,0,0,0,255
05/12/2020,STL,MO,ACE,CE,Towers with Radar,116,52,6,0,174,0,2,43,0,45,116,54,49,0,219,0,0,0,219
05/13/2020,STL,MO,ACE,CE,Towers with Radar,127,50,5,1,183,0,0,0,0,0,127,50,5,1,183,0,0,0,183
05/14/2020,STL,MO,ACE,CE,Towers with Radar,128,55,10,7,200,0,1,4,4,9,128,56,14,11,209,0,0,0,209
05/15/2020,STL,MO,ACE,CE,Towers with Radar,130,56,19,0,205,0,1,2,0,3,130,57,21,0,208,0,0,0,208
05/16/2020,STL,MO,ACE,CE,Towers with Radar,106,32,2,0,140,0,1,1,0,2,106,33,3,0,142,0,0,0,142
05/17/2020,STL,MO,ACE,CE,Towers with Radar,127,33,7,0,167,0,1,2,0,3,127,34,9,0,170,0,0,0,170
05/18/2020,STL,MO,ACE,CE,Towers with Radar,130,58,7,3,198,0,2,2,0,4,130,60,9,3,202,0,0,0,202
05/19/2020,STL,MO,ACE,CE,Towers with Radar,121,60,6,2,189,0,0,0,1,1,121,60,6,3,190,0,0,0,190
05/20/2020,STL,MO,ACE,CE,Towers with Radar,136,61,8,4,209,0,1,0,0,1,136,62,8,4,210,0,0,0,210
05/21/2020,STL,MO,ACE,CE,Towers with Radar,142,65,12,2,221,0,0,3,0,3,142,65,15,2,224,0,0,0,224
05/22/2020,STL,MO,ACE,CE,Towers with Radar,140,59,11,2,212,0,1,0,4,5,140,60,11,6,217,0,0,0,217
05/23/2020,STL,MO,ACE,CE,Towers with Radar,113,40,9,0,162,0,0,8,0,8,113,40,17,0,170,0,0,0,170
05/24/2020,STL,MO,ACE,CE,Towers with Radar,128,32,4,0,164,0,1,5,0,6,128,33,9,0,170,0,0,0,170
05/25/2020,STL,MO,ACE,CE,Towers with Radar,126,52,3,0,181,0,5,7,0,12,126,57,10,0,193,0,0,0,193
05/26/2020,STL,MO,ACE,CE,Towers with Radar,118,57,12,6,193,0,5,1,4,10,118,62,13,10,203,0,0,0,203
05/27/2020,STL,MO,ACE,CE,Towers with Radar,139,60,5,0,204,0,0,0,0,0,139,60,5,0,204,0,0,0,204
05/28/2020,STL,MO,ACE,CE,Towers with Radar,140,53,19,5,217,0,0,2,5,7,140,53,21,10,224,0,0,0,224
05/29/2020,STL,MO,ACE,CE,Towers with Radar,137,59,11,12,219,0,2,5,6,13,137,61,16,18,232,0,0,0,232
05/30/2020,STL,MO,ACE,CE,Towers with Radar,116,38,6,0,160,0,0,6,0,6,116,38,12,0,166,0,0,0,166
05/31/2020,STL,MO,ACE,CE,Towers with Radar,134,48,5,1,188,0,8,5,0,13,134,56,10,1,201,0,0,0,201
06/01/2020,STL,MO,ACE,CE,Towers with Radar,143,58,7,0,208,0,9,6,0,15,143,67,13,0,223,0,0,0,223
06/02/2020,STL,MO,ACE,CE,Towers with Radar,128,53,14,18,213,0,13,11,8,32,128,66,25,26,245,0,0,0,245
06/03/2020,STL,MO,ACE,CE,Towers with Radar,146,55,6,18,225,0,8,6,5,19,146,63,12,23,244,0,0,0,244
06/04/2020,STL,MO,ACE,CE,Towers with Radar,150,57,10,5,222,0,3,2,4,9,150,60,12,9,231,0,0,0,231
06/05/2020,STL,MO,ACE,CE,Towers with Radar,151,55,7,8,221,0,6,1,7,14,151,61,8,15,235,0,0,0,235
06/06/2020,STL,MO,ACE,CE,Towers with Radar,131,41,5,3,180,0,4,2,2,8,131,45,7,5,188,0,0,0,188
06/07/2020,STL,MO,ACE,CE,Towers with Radar,175,41,1,0,217,0,6,2,0,8,175,47,3,0,225,0,0,0,225
06/08/2020,STL,MO,ACE,CE,Towers with Radar,180,51,8,8,247,0,7,5,3,15,180,58,13,11,262,0,0,0,262
06/09/2020,STL,MO,ACE,CE,Towers with Radar,167,67,11,6,251,0,0,0,1,1,167,67,11,7,252,0,0,0,252
06/10/2020,STL,MO,ACE,CE,Towers with Radar,171,66,10,0,247,0,2,4,0,6,171,68,14,0,253,0,0,0,253
06/11/2020,STL,MO,ACE,CE,Towers with Radar,184,65,14,15,278,0,10,4,4,18,184,75,18,19,296,22,20,42,338
06/12/2020,STL,MO,ACE,CE,Towers with Radar,183,52,6,5,246,0,12,5,2,19,183,64,11,7,265,0,0,0,265
06/13/2020,STL,MO,ACE,CE,Towers with Radar,164,39,3,0,206,0,2,2,0,4,164,41,5,0,210,0,0,0,210
06/14/2020,STL,MO,ACE,CE,Towers with Radar,201,37,4,0,242,0,6,2,0,8,201,43,6,0,250,0,0,0,250
06/15/2020,STL,MO,ACE,CE,Towers with Radar,200,50,7,3,260,0,7,10,1,18,200,57,17,4,278,0,0,0,278
06/16/2020,STL,MO,ACE,CE,Towers with Radar,189,58,7,11,265,0,7,1,7,15,189,65,8,18,280,0,0,0,280
06/17/2020,STL,MO,ACE,CE,Towers with Radar,184,56,12,20,272,0,5,2,6,13,184,61,14,26,285,0,32,32,317
06/18/2020,STL,MO,ACE,CE,Towers with Radar,206,64,14,10,294,0,4,2,8,14,206,68,16,18,308,0,0,0,308
06/19/2020,STL,MO,ACE,CE,Towers with Radar,207,69,4,3,283,0,1,6,3,10,207,70,10,6,293,0,0,0,293
06/20/2020,STL,MO,ACE,CE,Towers with Radar,183,36,9,0,228,0,1,0,0,1,183,37,9,0,229,0,0,0,229
06/21/2020,STL,MO,ACE,CE,Towers with Radar,224,39,6,0,269,0,1,4,0,5,224,40,10,0,274,0,0,0,274
06/22/2020,STL,MO,ACE,CE,Towers with Radar,230,61,3,1,295,0,2,0,0,2,230,63,3,1,297,0,0,0,297
06/23/2020,STL,MO,ACE,CE,Towers with Radar,213,53,15,9,290,0,3,15,4,22,213,56,30,13,312,0,0,0,312
06/24/2020,STL,MO,ACE,CE,Towers with Radar,215,60,10,1,286,0,2,6,5,13,215,62,16,6,299,0,0,0,299
06/25/2020,STL,MO,ACE,CE,Towers with Radar,232,56,9,6,303,0,10,0,5,15,232,66,9,11,318,0,0,0,318
06/26/2020,STL,MO,ACE,CE,Towers with Radar,236,63,8,6,313,0,4,6,2,12,236,67,14,8,325,0,0,0,325
06/27/2020,STL,MO,ACE,CE,Towers with Radar,215,53,3,0,271,0,1,2,0,3,215,54,5,0,274,0,0,0,274
06/28/2020,STL,MO,ACE,CE,Towers with Radar,240,44,7,0,291,0,2,2,0,4,240,46,9,0,295,0,0,0,295
06/29/2020,STL,MO,ACE,CE,Towers with Radar,259,61,2,0,322,0,3,3,0,6,259,64,5,0,328,0,0,0,328
06/30/2020,STL,MO,ACE,CE,Towers with Radar,245,62,10,1,318,0,0,0,1,1,245,62,10,2,319,0,0,0,319
07/01/2020,STL,MO,ACE,CE,Towers with Radar,253,67,16,0,336,0,0,2,0,2,253,67,18,0,338,0,0,0,338
07/02/2020,STL,MO,ACE,CE,Towers with Radar,271,68,11,10,360,0,1,2,4,7,271,69,13,14,367,0,0,0,367
07/03/2020,STL,MO,ACE,CE,Towers with Radar,263,59,7,2,331,0,0,0,0,0,263,59,7,2,331,0,0,0,331
07/04/2020,STL,MO,ACE,CE,Towers with Radar,203,40,2,1,246,0,1,3,0,4,203,41,5,1,250,0,0,0,250
07/05/2020,STL,MO,ACE,CE,Towers with Radar,259,55,7,1,322,0,2,1,0,3,259,57,8,1,325,0,0,0,325
07/06/2020,STL,MO,ACE,CE,Towers with Radar,288,58,11,0,357,0,4,8,0,12,288,62,19,0,369,0,0,0,369
07/07/2020,STL,MO,ACE,CE,Towers with Radar,283,65,8,8,364,0,3,2,4,9,283,68,10,12,373,0,0,0,373
07/08/2020,STL,MO,ACE,CE,Towers with Radar,284,56,8,2,350,0,3,3,5,11,284,59,11,7,361,0,0,0,361
07/09/2020,STL,MO,ACE,CE,Towers with Radar,306,60,12,2,380,0,6,2,4,12,306,66,14,6,392,0,0,0,392
07/10/2020,STL,MO,ACE,CE,Towers with Radar,299,75,6,1,381,0,7,4,5,16,299,82,10,6,397,0,0,0,397
07/11/2020,STL,MO,ACE,CE,Towers with Radar,267,48,0,1,316,0,2,7,2,11,267,50,7,3,327,0,0,0,327
07/12/2020,STL,MO,ACE,CE,Towers with Radar,294,46,12,0,352,0,5,3,0,8,294,51,15,0,360,0,0,0,360
07/13/2020,STL,MO,ACE,CE,Towers with Radar,304,53,7,2,366,0,6,2,0,8,304,59,9,2,374,0,0,0,374
07/14/2020,STL,MO,ACE,CE,Towers with Radar,282,54,7,5,348,0,7,7,4,18,282,61,14,9,366,0,0,0,366
07/15/2020,STL,MO,ACE,CE,Towers with Radar,282,62,12,2,358,0,0,3,1,4,282,62,15,3,362,0,0,0,362
07/16/2020,STL,MO,ACE,CE,Towers with Radar,305,62,14,3,384,0,2,1,3,6,305,64,15,6,390,0,0,0,390
07/17/2020,STL,MO,ACE,CE,Towers with Radar,311,73,6,3,393,0,3,3,1,7,311,76,9,4,400,0,0,0,400
07/18/2020,STL,MO,ACE,CE,Towers with Radar,283,37,3,0,323,0,1,0,0,1,283,38,3,0,324,0,0,0,324
07/19/2020,STL,MO,ACE,CE,Towers with Radar,318,48,2,0,368,0,0,0,0,0,318,48,2,0,368,0,0,0,368
07/20/2020,STL,MO,ACE,CE,Towers with Radar,300,53,4,0,357,0,1,1,0,2,300,54,5,0,359,0,0,0,359
07/21/2020,STL,MO,ACE,CE,Towers with Radar,292,55,13,6,366,0,0,4,3,7,292,55,17,9,373,0,0,0,373
07/22/2020,STL,MO,ACE,CE,Towers with Radar,288,60,15,3,366,0,0,6,5,11,288,60,21,8,377,0,0,0,377
07/23/2020,STL,MO,ACE,CE,Towers with Radar,310,66,17,7,400,0,2,6,4,12,310,68,23,11,412,0,0,0,412
07/24/2020,STL,MO,ACE,CE,Towers with Radar,304,60,17,1,382,0,2,6,2,10,304,62,23,3,392,0,0,0,392
07/25/2020,STL,MO,ACE,CE,Towers with Radar,277,49,4,0,330,0,0,2,0,2,277,49,6,0,332,0,0,0,332
07/26/2020,STL,MO,ACE,CE,Towers with Radar,301,54,7,0,362,0,0,2,0,2,301,54,9,0,364,0,0,0,364
07/27/2020,STL,MO,ACE,CE,Towers with Radar,307,60,8,0,375,0,0,3,0,3,307,60,11,0,378,0,0,0,378
07/28/2020,STL,MO,ACE,CE,Towers with Radar,283,60,19,6,368,0,2,11,5,18,283,62,30,11,386,0,0,0,386
07/29/2020,STL,MO,ACE,CE,Towers with Radar,280,52,12,6,350,0,0,3,2,5,280,52,15,8,355,0,0,0,355
07/30/2020,STL,MO,ACE,CE,Towers with Radar,303,71,9,0,383,0,1,0,0,1,303,72,9,0,384,0,0,0,384
07/31/2020,STL,MO,ACE,CE,Towers with Radar,303,79,14,1,397,0,0,0,1,1,303,79,14,2,398,0,0,0,398
08/01/2020,STL,MO,ACE,CE,Towers with Radar,285,38,5,0,328,0,0,1,0,1,285,38,6,0,329,0,0,0,329
08/02/2020,STL,MO,ACE,CE,Towers with Radar,301,48,5,0,354,0,1,0,0,1,301,49,5,0,355,0,0,0,355
08/03/2020,STL,MO,ACE,CE,Towers with Radar,317,65,6,1,389,0,0,6,2,8,317,65,12,3,397,0,0,0,397
08/04/2020,STL,MO,ACE,CE,Towers with Radar,277,60,15,10,362,0,1,2,4,7,277,61,17,14,369,0,0,0,369
08/05/2020,STL,MO,ACE,CE,Towers with Radar,301,64,17,3,385,0,0,6,5,11,301,64,23,8,396,0,0,0,396
08/06/2020,STL,MO,ACE,CE,Towers with Radar,318,71,8,3,400,0,4,9,2,15,318,75,17,5,415,0,0,0,415
08/07/2020,STL,MO,ACE,CE,Towers with Radar,324,68,12,5,409,0,7,5,6,18,324,75,17,11,427,0,0,0,427
08/08/2020,STL,MO,ACE,CE,Towers with Radar,294,52,9,1,356,0,1,2,1,4,294,53,11,2,360,0,0,0,360
08/09/2020,STL,MO,ACE,CE,Towers with Radar,306,52,8,0,366,0,0,3,0,3,306,52,11,0,369,0,0,0,369
08/10/2020,STL,MO,ACE,CE,Towers with Radar,323,61,9,1,394,0,0,3,0,3,323,61,12,1,397,0,0,0,397
08/11/2020,STL,MO,ACE,CE,Towers with Radar,314,58,4,2,378,0,0,4,2,6,314,58,8,4,384,0,0,0,384
08/12/2020,STL,MO,ACE,CE,Towers with Radar,305,63,15,4,387,0,0,5,4,9,305,63,20,8,396,0,0,0,396
08/13/2020,STL,MO,ACE,CE,Towers with Radar,327,61,7,5,400,0,1,2,5,8,327,62,9,10,408,0,0,0,408
08/14/2020,STL,MO,ACE,CE,Towers with Radar,324,64,14,3,405,0,3,4,5,12,324,67,18,8,417,0,0,0,417
08/15/2020,STL,MO,ACE,CE,Towers with Radar,300,46,1,1,348,0,4,0,0,4,300,50,1,1,352,0,0,0,352
08/16/2020,STL,MO,ACE,CE,Towers with Radar,303,45,6,1,355,0,4,4,0,8,303,49,10,1,363,0,0,0,363
08/17/2020,STL,MO,ACE,CE,Towers with Radar,318,71,6,5,400,0,4,5,4,13,318,75,11,9,413,0,0,0,413
08/18/2020,STL,MO,ACE,CE,Towers with Radar,312,66,9,7,394,0,2,2,9,13,312,68,11,16,407,0,0,0,407
08/19/2020,STL,MO,ACE,CE,Towers with Radar,308,54,11,5,378,0,3,7,3,13,308,57,18,8,391,0,0,0,391
08/20/2020,STL,MO,ACE,CE,Towers with Radar,326,79,11,4,420,0,1,8,0,9,326,80,19,4,429,0,0,0,429
08/21/2020,STL,MO,ACE,CE,Towers with Radar,326,56,9,8,399,0,4,6,10,20,326,60,15,18,419,0,0,0,419
08/22/2020,STL,MO,ACE,CE,Towers with Radar,306,49,5,3,363,0,0,1,5,6,306,49,6,8,369,0,0,0,369
08/23/2020,STL,MO,ACE,CE,Towers with Radar,312,48,11,0,371,0,3,5,0,8,312,51,16,0,379,0,0,0,379
08/24/2020,STL,MO,ACE,CE,Towers with Radar,327,51,7,2,387,0,3,2,0,5,327,54,9,2,392,0,0,0,392
08/25/2020,STL,MO,ACE,CE,Towers with Radar,309,67,7,0,383,0,4,2,2,8,309,71,9,2,391,0,0,0,391
08/26/2020,STL,MO,ACE,CE,Towers with Radar,303,68,14,5,390,0,5,9,3,17,303,73,23,8,407,0,0,0,407
08/27/2020,STL,MO,ACE,CE,Towers with Radar,332,79,9,5,425,0,0,3,1,4,332,79,12,6,429,0,0,0,429
08/28/2020,STL,MO,ACE,CE,Towers with Radar,323,64,7,3,397,0,3,0,3,6,323,67,7,6,403,0,0,0,403
08/29/2020,STL,MO,ACE,CE,Towers with Radar,295,49,5,1,350,0,1,2,3,6,295,50,7,4,356,0,0,0,356
08/30/2020,STL,MO,ACE,CE,Towers with Radar,309,45,13,0,367,0,3,2,0,5,309,48,15,0,372,0,0,0,372
08/31/2020,STL,MO,ACE,CE,Towers with Radar,326,70,4,0,400,0,1,2,2,5,326,71,6,2,405,0,0,0,405
09/01/2020,STL,MO,ACE,CE,Towers with Radar,306,65,9,0,380,0,2,0,0,2,306,67,9,0,382,0,0,0,382
09/02/2020,STL,MO,ACE,CE,Towers with Radar,300,76,10,1,387,0,2,0,2,4,300,78,10,3,391,0,0,0,391
09/03/2020,STL,MO,ACE,CE,Towers with Radar,331,70,12,4,417,0,1,2,4,7,331,71,14,8,424,0,0,0,424
09/04/2020,STL,MO,ACE,CE,Towers with Radar,327,75,5,2,409,0,2,4,2,8,327,77,9,4,417,0,0,0,417
09/05/2020,STL,MO,ACE,CE,Towers with Radar,283,49,7,0,339,0,2,2,0,4,283,51,9,0,343,0,0,0,343
09/06/2020,STL,MO,ACE,CE,Towers with Radar,186,56,4,0,246,0,2,2,0,4,186,58,6,0,250,0,0,0,250
09/07/2020,STL,MO,ACE,CE,Towers with Radar,212,71,5,0,288,0,3,3,0,6,212,74,8,0,294,0,0,0,294
09/08/2020,STL,MO,ACE,CE,Towers with Radar,212,67,2,3,284,0,2,3,3,8,212,69,5,6,292,0,0,0,292
09/09/2020,STL,MO,ACE,CE,Towers with Radar,211,61,9,1,282,0,3,2,1,6,211,64,11,2,288,0,0,0,288
09/10/2020,STL,MO,ACE,CE,Towers with Radar,217,72,19,0,308,0,0,2,2,4,217,72,21,2,312,0,0,0,312
09/11/2020,STL,MO,ACE,CE,Towers with Radar,215,72,17,8,312,0,0,2,5,7,215,72,19,13,319,0,0,0,319
09/12/2020,STL,MO,ACE,CE,Towers with Radar,206,51,8,4,269,0,0,2,0,2,206,51,10,4,271,0,0,0,271
09/13/2020,STL,MO,ACE,CE,Towers with Radar,206,62,4,2,274,0,0,1,0,1,206,62,5,2,275,0,0,0,275
09/14/2020,STL,MO,ACE,CE,Towers with Radar,208,76,5,3,292,0,0,2,0,2,208,76,7,3,294,0,0,0,294
09/15/2020,STL,MO,ACE,CE,Towers with Radar,204,65,7,3,279,0,0,6,1,7,204,65,13,4,286,0,0,0,286
09/16/2020,STL,MO,ACE,CE,Towers with Radar,208,63,9,9,289,0,1,5,5,11,208,64,14,14,300,0,0,0,300
09/17/2020,STL,MO,ACE,CE,Towers with Radar,224,63,7,7,301,0,6,3,5,14,224,69,10,12,315,0,0,0,315
09/18/2020,STL,MO,ACE,CE,Towers with Radar,216,77,11,3,307,0,2,1,3,6,216,79,12,6,313,0,0,0,313
09/19/2020,STL,MO,ACE,CE,Towers with Radar,201,44,8,1,254,0,3,1,0,4,201,47,9,1,258,0,0,0,258
09/20/2020,STL,MO,ACE,CE,Towers with Radar,205,55,9,0,269,0,6,1,0,7,205,61,10,0,276,0,0,0,276
09/21/2020,STL,MO,ACE,CE,Towers with Radar,210,61,6,0,277,0,11,4,0,15,210,72,10,0,292,0,0,0,292
09/22/2020,STL,MO,ACE,CE,Towers with Radar,204,60,7,1,272,0,6,6,1,13,204,66,13,2,285,0,0,0,285
09/23/2020,STL,MO,ACE,CE,Towers with Radar,209,73,10,13,305,0,0,1,2,3,209,73,11,15,308,0,0,0,308
09/24/2020,STL,MO,ACE,CE,Towers with Radar,219,79,9,13,320,0,0,0,5,5,219,79,9,18,325,0,0,0,325
09/25/2020,STL,MO,ACE,CE,Towers with Radar,216,69,7,18,310,0,0,8,8,16,216,69,15,26,326,0,0,0,326
09/26/2020,STL,MO,ACE,CE,Towers with Radar,205,48,2,0,255,0,1,2,0,3,205,49,4,0,258,0,0,0,258
09/27/2020,STL,MO,ACE,CE,Towers with Radar,209,61,6,0,276,0,1,6,0,7,209,62,12,0,283,0,0,0,283
09/28/2020,STL,MO,ACE,CE,Towers with Radar,208,75,9,2,294,0,4,2,0,6,208,79,11,2,300,0,0,0,300
09/29/2020,STL,MO,ACE,CE,Towers with Radar,210,83,20,0,313,0,5,0,0,5,210,88,20,0,318,0,0,0,318
09/30/2020,STL,MO,ACE,CE,Towers with Radar,211,61,10,0,282,0,9,3,0,12,211,70,13,0,294,0,0,0,294
10/01/2020,STL,MO,ACE,CE,Towers with Radar,215,78,12,3,308,0,6,10,1,17,215,84,22,4,325,0,0,0,325
10/02/2020,STL,MO,ACE,CE,Towers with Radar,207,72,11,3,293,0,5,6,3,14,207,77,17,6,307,0,0,0,307
10/03/2020,STL,MO,ACE,CE,Towers with Radar,190,57,12,0,259,0,1,3,0,4,190,58,15,0,263,0,0,0,263
10/04/2020,STL,MO,ACE,CE,Towers with Radar,202,52,8,0,262,0,8,0,0,8,202,60,8,0,270,0,0,0,270
10/05/2020,STL,MO,ACE,CE,Towers with Radar,208,68,10,8,294,0,9,7,0,16,208,77,17,8,310,0,0,0,310
10/06/2020,STL,MO,ACE,CE,Towers with Radar,190,60,10,3,263,0,3,7,1,11,190,63,17,4,274,0,0,0,274
10/07/2020,STL,MO,ACE,CE,Towers with Radar,194,65,12,4,275,0,2,11,2,15,194,67,23,6,290,0,0,0,290
10/08/2020,STL,MO,ACE,CE,Towers with Radar,235,76,10,3,324,0,10,6,3,19,235,86,16,6,343,0,0,0,343
10/09/2020,STL,MO,ACE,CE,Towers with Radar,244,79,16,1,340,0,14,5,1,20,244,93,21,2,360,0,0,0,360
10/10/2020,STL,MO,ACE,CE,Towers with Radar,213,66,3,0,282,0,9,3,0,12,213,75,6,0,294,16,0,16,310
10/11/2020,STL,MO,ACE,CE,Towers with Radar,245,51,6,0,302,0,9,1,0,10,245,60,7,0,312,0,0,0,312
10/12/2020,STL,MO,ACE,CE,Towers with Radar,242,74,14,0,330,0,2,3,0,5,242,76,17,0,335,0,0,0,335
10/13/2020,STL,MO,ACE,CE,Towers with Radar,195,60,14,0,269,0,7,2,0,9,195,67,16,0,278,0,0,0,278
10/14/2020,STL,MO,ACE,CE,Towers with Radar,194,66,12,4,276,0,10,3,1,14,194,76,15,5,290,0,0,0,290
10/15/2020,STL,MO,ACE,CE,Towers with Radar,229,67,13,6,315,0,4,5,4,13,229,71,18,10,328,0,0,0,328
10/16/2020,STL,MO,ACE,CE,Towers with Radar,244,79,14,7,344,0,6,2,1,9,244,85,16,8,353,0,0,0,353
10/17/2020,STL,MO,ACE,CE,Towers with Radar,214,46,6,1,267,0,6,1,0,7,214,52,7,1,274,0,0,0,274
10/18/2020,STL,MO,ACE,CE,Towers with Radar,252,46,7,1,306,0,4,0,0,4,252,50,7,1,310,0,0,0,310
10/19/2020,STL,MO,ACE,CE,Towers with Radar,229,66,9,1,305,0,0,0,0,0,229,66,9,1,305,0,0,0,305
10/20/2020,STL,MO,ACE,CE,Towers with Radar,195,77,12,0,284,0,0,0,0,0,195,77,12,0,284,0,0,0,284
10/21/2020,STL,MO,ACE,CE,Towers with Radar,192,74,17,0,283,0,0,0,0,0,192,74,17,0,283,0,0,0,283
10/22/2020,STL,MO,ACE,CE,Towers with Radar,227,77,12,5,321,0,2,2,6,10,227,79,14,11,331,0,0,0,331
10/23/2020,STL,MO,ACE,CE,Towers with Radar,227,93,9,8,337,0,0,4,0,4,227,93,13,8,341,0,0,0,341
10/24/2020,STL,MO,ACE,CE,Towers with Radar,187,57,3,4,251,0,0,6,1,7,187,57,9,5,258,0,0,0,258
10/25/2020,STL,MO,ACE,CE,Towers with Radar,209,54,1,2,266,0,10,3,0,13,209,64,4,2,279,0,0,0,279
10/26/2020,STL,MO,ACE,CE,Towers with Radar,205,71,9,1,286,0,0,1,0,1,205,71,10,1,287,0,0,0,287
10/27/2020,STL,MO,ACE,CE,Towers with Radar,180,80,7,6,273,0,0,0,0,0,180,80,7,6,273,0,0,0,273
10/28/2020,STL,MO,ACE,CE,Towers with Radar,186,67,20,2,275,0,0,1,0,1,186,67,21,2,276,0,0,0,276
10/29/2020,STL,MO,ACE,CE,Towers with Radar,210,76,16,0,302,0,0,0,0,0,210,76,16,0,302,0,0,0,302
10/30/2020,STL,MO,ACE,CE,Towers with Radar,215,64,8,4,291,0,11,2,4,17,215,75,10,8,308,0,0,0,308
10/31/2020,STL,MO,ACE,CE,Towers with Radar,164,43,4,0,211,0,6,1,0,7,164,49,5,0,218,0,0,0,218
11/01/2020,STL,MO,ACE,CE,Towers with Radar,201,41,4,0,246,0,10,3,0,13,201,51,7,0,259,0,0,0,259
11/02/2020,STL,MO,ACE,CE,Towers with Radar,205,70,7,2,284,0,8,1,2,11,205,78,8,4,295,0,0,0,295
11/03/2020,STL,MO,ACE,CE,Towers with Radar,180,56,8,4,248,0,8,4,3,15,180,64,12,7,263,0,0,0,263
11/04/2020,STL,MO,ACE,CE,Towers with Radar,185,60,7,3,255,0,8,5,2,15,185,68,12,5,270,0,0,0,270
11/05/2020,STL,MO,ACE,CE,Towers with Radar,238,79,4,2,323,0,6,10,1,17,238,85,14,3,340,0,0,0,340
11/06/2020,STL,MO,ACE,CE,Towers with Radar,235,68,14,2,319,0,8,4,2,14,235,76,18,4,333,0,0,0,333
11/07/2020,STL,MO,ACE,CE,Towers with Radar,155,38,6,0,199,0,5,7,0,12,155,43,13,0,211,0,0,0,211
11/08/2020,STL,MO,ACE,CE,Towers with Radar,240,62,3,0,305,0,2,0,0,2,240,64,3,0,307,0,0,0,307
11/09/2020,STL,MO,ACE,CE,Towers with Radar,235,75,6,4,320,0,2,0,0,2,235,77,6,4,322,0,0,0,322
11/10/2020,STL,MO,ACE,CE,Towers with Radar,185,52,15,1,253,0,0,0,1,1,185,52,15,2,254,0,0,0,254
11/11/2020,STL,MO,ACE,CE,Towers with Radar,185,73,6,3,267,0,5,9,3,17,185,78,15,6,284,0,0,0,284
11/12/2020,STL,MO,ACE,CE,Towers with Radar,248,72,10,4,334,0,7,7,5,19,248,79,17,9,353,0,0,0,353
11/13/2020,STL,MO,ACE,CE,Towers with Radar,241,64,7,12,324,0,12,2,3,17,241,76,9,15,341,0,0,0,341
11/14/2020,STL,MO,ACE,CE,Towers with Radar,163,48,3,2,216,0,0,0,0,0,163,48,3,2,216,0,0,0,216
11/15/2020,STL,MO,ACE,CE,Towers with Radar,241,41,6,0,288,0,4,1,0,5,241,45,7,0,293,0,0,0,293
11/16/2020,STL,MO,ACE,CE,Towers with Radar,233,68,19,2,322,0,10,2,0,12,233,78,21,2,334,0,0,0,334
11/17/2020,STL,MO,ACE,CE,Towers with Radar,179,65,16,7,267,0,5,3,1,9,179,70,19,8,276,0,0,0,276
11/18/2020,STL,MO,ACE,CE,Towers with Radar,184,70,15,5,274,0,6,0,1,7,184,76,15,6,281,0,0,0,281
11/19/2020,STL,MO,ACE,CE,Towers with Radar,242,69,18,0,329,0,5,0,0,5,242,74,18,0,334,0,0,0,334
11/20/2020,STL,MO,ACE,CE,Towers with Radar,246,87,38,7,378,0,4,4,2,10,246,91,42,9,388,0,0,0,388
11/21/2020,STL,MO,ACE,CE,Towers with Radar,236,63,15,0,314,0,0,2,0,2,236,63,17,0,316,0,0,0,316
11/22/2020,STL,MO,ACE,CE,Towers with Radar,240,64,10,0,314,0,0,0,0,0,240,64,10,0,314,0,0,0,314
11/23/2020,STL,MO,ACE,CE,Towers with Radar,289,73,5,5,372,0,4,5,1,10,289,77,10,6,382,0,0,0,382
11/24/2020,STL,MO,ACE,CE,Towers with Radar,313,70,12,1,396,0,0,6,0,6,313,70,18,1,402,0,0,0,402
11/25/2020,STL,MO,ACE,CE,Towers with Radar,312,73,14,4,403,0,0,0,0,0,312,73,14,4,403,0,0,0,403
11/26/2020,STL,MO,ACE,CE,Towers with Radar,144,56,1,0,201,0,2,0,0,2,144,58,1,0,203,0,0,0,203
11/27/2020,STL,MO,ACE,CE,Towers with Radar,211,64,12,0,287,0,6,3,0,9,211,70,15,0,296,0,0,0,296
11/28/2020,STL,MO,ACE,CE,Towers with Radar,251,57,4,0,312,0,4,2,0,6,251,61,6,0,318,0,0,0,318
11/29/2020,STL,MO,ACE,CE,Towers with Radar,310,70,8,0,388,0,4,0,0,4,310,74,8,0,392,0,0,0,392
11/30/2020,STL,MO,ACE,CE,Towers with Radar,309,77,8,2,396,0,0,0,2,2,309,77,8,4,398,0,0,0,398
12/01/2020,STL,MO,ACE,CE,Towers with Radar,228,67,11,2,308,0,6,10,2,18,228,73,21,4,326,0,0,0,326
12/02/2020,STL,MO,ACE,CE,Towers with Radar,182,65,10,4,261,0,6,4,2,12,182,71,14,6,273,0,0,0,273
12/03/2020,STL,MO,ACE,CE,Towers with Radar,209,64,21,2,296,0,3,1,3,7,209,67,22,5,303,0,0,0,303
12/04/2020,STL,MO,ACE,CE,Towers with Radar,214,64,6,10,294,0,6,7,1,14,214,70,13,11,308,0,0,0,308
12/05/2020,STL,MO,ACE,CE,Towers with Radar,141,45,7,0,193,0,4,0,0,4,141,49,7,0,197,0,0,0,197
12/06/2020,STL,MO,ACE,CE,Towers with Radar,200,54,5,0,259,0,0,5,0,5,200,54,10,0,264,0,0,0,264
12/07/2020,STL,MO,ACE,CE,Towers with Radar,209,76,10,0,295,0,0,0,0,0,209,76,10,0,295,0,0,0,295
12/08/2020,STL,MO,ACE,CE,Towers with Radar,177,63,10,4,254,0,0,2,3,5,177,63,12,7,259,0,0,0,259
12/09/2020,STL,MO,ACE,CE,Towers with Radar,185,66,14,4,269,0,10,2,2,14,185,76,16,6,283,0,0,0,283
12/10/2020,STL,MO,ACE,CE,Towers with Radar,216,72,15,3,306,0,5,7,3,15,216,77,22,6,321,0,0,0,321
12/11/2020,STL,MO,ACE,CE,Towers with Radar,215,70,8,4,297,0,0,5,2,7,215,70,13,6,304,0,0,0,304
12/12/2020,STL,MO,ACE,CE,Towers with Radar,138,52,3,0,193,0,2,3,0,5,138,54,6,0,198,0,0,0,198
12/13/2020,STL,MO,ACE,CE,Towers with Radar,197,50,2,0,249,0,0,0,0,0,197,50,2,0,249,0,0,0,249
12/14/2020,STL,MO,ACE,CE,Towers with Radar,208,56,3,4,271,0,5,4,0,9,208,61,7,4,280,0,0,0,280
12/15/2020,STL,MO,ACE,CE,Towers with Radar,181,70,11,9,271,0,1,2,3,6,181,71,13,12,277,0,0,0,277
12/16/2020,STL,MO,ACE,CE,Towers with Radar,173,70,15,15,273,0,0,4,0,4,173,70,19,15,277,0,0,0,277
12/17/2020,STL,MO,ACE,CE,Towers with Radar,248,69,9,6,332,0,1,0,2,3,248,70,9,8,335,0,0,0,335
12/18/2020,STL,MO,ACE,CE,Towers with Radar,249,80,16,8,353,0,6,4,1,11,249,86,20,9,364,0,0,0,364
12/19/2020,STL,MO,ACE,CE,Towers with Radar,268,59,10,2,339,0,1,2,2,5,268,60,12,4,344,0,0,0,344
12/20/2020,STL,MO,ACE,CE,Towers with Radar,239,47,6,0,292,0,4,1,0,5,239,51,7,0,297,0,0,0,297
12/21/2020,STL,MO,ACE,CE,Towers with Radar,243,63,5,3,314,0,5,0,1,6,243,68,5,4,320,0,0,0,320
12/22/2020,STL,MO,ACE,CE,Towers with Radar,250,63,8,12,333,0,5,0,4,9,250,68,8,16,342,0,0,0,342
12/23/2020,STL,MO,ACE,CE,Towers with Radar,322,64,16,3,405,0,1,2,0,3,322,65,18,3,408,0,0,0,408
12/24/2020,STL,MO,ACE,CE,Towers with Radar,179,60,6,0,245,0,0,0,0,0,179,60,6,0,245,0,0,0,245
12/25/2020,STL,MO,ACE,CE,Towers with Radar,147,66,6,0,219,0,6,2,0,8,147,72,8,0,227,0,0,0,227
12/26/2020,STL,MO,ACE,CE,Towers with Radar,255,58,12,0,325,0,6,0,0,6,255,64,12,0,331,0,0,0,331
12/27/2020,STL,MO,ACE,CE,Towers with Radar,312,59,8,0,379,0,7,2,0,9,312,66,10,0,388,0,0,0,388
12/28/2020,STL,MO,ACE,CE,Towers with Radar,238,76,3,0,317,0,0,4,0,4,238,76,7,0,321,0,0,0,321
12/29/2020,STL,MO,ACE,CE,Towers with Radar,242,52,9,2,305,0,1,0,2,3,242,53,9,4,308,0,0,0,308
12/30/2020,STL,MO,ACE,CE,Towers with Radar,250,64,6,0,320,0,0,0,0,0,250,64,6,0,320,0,0,0,320
12/31/2020,STL,MO,ACE,CE,Towers with Radar,176,56,7,0,239,0,0,0,0,0,176,56,7,0,239,0,0,0,239
01/01/2021,STL,MO,ACE,CE,Towers with Radar,161,36,2,0,199,0,0,0,0,0,161,36,2,0,199,0,0,0,199
01/02/2021,STL,MO,ACE,CE,Towers with Radar,259,63,4,0,326,0,0,0,0,0,259,63,4,0,326,0,0,0,326
01/03/2021,STL,MO,ACE,CE,Towers with Radar,306,57,4,0,367,0,0,0,0,0,306,57,4,0,367,0,0,0,367
01/04/2021,STL,MO,ACE,CE,Towers with Radar,239,56,11,2,308,0,0,0,0,0,239,56,11,2,308,0,0,0,308
01/05/2021,STL,MO,ACE,CE,Towers with Radar,213,63,13,1,290,0,4,4,0,8,213,67,17,1,298,0,0,0,298
01/06/2021,STL,MO,ACE,CE,Towers with Radar,223,64,10,4,301,0,4,3,2,9,223,68,13,6,310,0,0,0,310
01/07/2021,STL,MO,ACE,CE,Towers with Radar,209,67,12,7,295,0,0,0,4,4,209,67,12,11,299,0,0,0,299
01/08/2021,STL,MO,ACE,CE,Towers with Radar,209,62,18,2,291,0,0,2,0,2,209,62,20,2,293,0,0,0,293
01/09/2021,STL,MO,ACE,CE,Towers with Radar,159,50,3,0,212,0,0,5,0,5,159,50,8,0,217,0,0,0,217
01/10/2021,STL,MO,ACE,CE,Towers with Radar,190,54,1,0,245,0,0,0,0,0,190,54,1,0,245,0,0,0,245
01/11/2021,STL,MO,ACE,CE,Towers with Radar,203,68,5,1,277,0,1,6,1,8,203,69,11,2,285,0,0,0,285
01/12/2021,STL,MO,ACE,CE,Towers with Radar,198,52,8,5,263,0,10,7,8,25,198,62,15,13,288,0,0,0,288
01/13/2021,STL,MO,ACE,CE,Towers with Radar,197,59,12,8,276,0,12,7,4,23,197,71,19,12,299,0,0,0,299
01/14/2021,STL,MO,ACE,CE,Towers with Radar,208,90,10,6,314,0,2,0,4,6,208,92,10,10,320,0,0,0,320
01/15/2021,STL,MO,ACE,CE,Towers with Radar,211,74,12,4,301,0,0,0,0,0,211,74,12,4,301,0,0,0,301
01/16/2021,STL,MO,ACE,CE,Towers with Radar,163,54,3,0,220,0,0,0,0,0,163,54,3,0,220,0,0,0,220
01/17/2021,STL,MO,ACE,CE,Towers with Radar,190,61,3,0,254,0,0,0,0,0,190,61,3,0,254,0,0,0,254
01/18/2021,STL,MO,ACE,CE,Towers with Radar,201,76,4,0,281,0,3,1,0,4,201,79,5,0,285,0,0,0,285
01/19/2021,STL,MO,ACE,CE,Towers with Radar,191,70,13,0,274,0,0,7,2,9,191,70,20,2,283,26,0,26,309
01/20/2021,STL,MO,ACE,CE,Towers with Radar,196,75,19,3,293,0,5,0,3,8,196,80,19,6,301,0,0,0,301
01/21/2021,STL,MO,ACE,CE,Towers with Radar,212,71,10,7,300,0,5,4,2,11,212,76,14,9,311,0,0,0,311
01/22/2021,STL,MO,ACE,CE,Towers with Radar,216,63,9,5,293,0,9,2,5,16,216,72,11,10,309,0,0,0,309
01/23/2021,STL,MO,ACE,CE,Towers with Radar,157,47,1,0,205,0,5,3,0,8,157,52,4,0,213,0,0,0,213
01/24/2021,STL,MO,ACE,CE,Towers with Radar,203,73,3,2,281,0,2,0,0,2,203,75,3,2,283,0,0,0,283
01/25/2021,STL,MO,ACE,CE,Towers with Radar,207,56,2,0,265,0,0,0,0,0,207,56,2,0,265,0,0,0,265
01/26/2021,STL,MO,ACE,CE,Towers with Radar,195,62,2,0,259,0,0,1,0,1,195,62,3,0,260,0,0,0,260
01/27/2021,STL,MO,ACE,CE,Towers with Radar,195,61,7,0,263,0,0,0,0,0,195,61,7,0,263,0,0,0,263
01/28/2021,STL,MO,ACE,CE,Towers with Radar,217,73,18,2,310,0,5,9,2,16,217,78,27,4,326,0,0,0,326
01/29/2021,STL,MO,ACE,CE,Towers with Radar,214,70,6,3,293,0,9,1,1,11,214,79,7,4,304,0,0,0,304
01/30/2021,STL,MO,ACE,CE,Towers with Radar,157,53,11,0,221,0,0,0,0,0,157,53,11,0,221,0,0,0,221
01/31/2021,STL,MO,ACE,CE,Towers with Radar,196,52,2,0,250,0,0,0,0,0,196,52,2,0,250,0,0,0,250
02/01/2021,STL,MO,ACE,CE,Towers with Radar,190,63,8,0,261,0,1,2,0,3,190,64,10,0,264,0,0,0,264
02/02/2021,STL,MO,ACE,CE,Towers with Radar,194,59,11,6,270,0,5,0,4,9,194,64,11,10,279,0,0,0,279
02/03/2021,STL,MO,ACE,CE,Towers with Radar,195,70,10,6,281,0,3,7,9,19,195,73,17,15,300,0,0,0,300
02/04/2021,STL,MO,ACE,CE,Towers with Radar,207,64,9,0,280,0,0,0,0,0,207,64,9,0,280,0,0,0,280
02/05/2021,STL,MO,ACE,CE,Towers with Radar,214,70,24,4,312,0,10,2,1,13,214,80,26,5,325,0,0,0,325
02/06/2021,STL,MO,ACE,CE,Towers with Radar,161,51,3,0,215,0,3,4,0,7,161,54,7,0,222,7,0,7,229
02/07/2021,STL,MO,ACE,CE,Towers with Radar,195,45,2,0,242,0,3,2,0,5,195,48,4,0,247,0,0,0,247
02/08/2021,STL,MO,ACE,CE,Towers with Radar,200,56,9,0,265,0,0,2,0,2,200,56,11,0,267,0,0,0,267
02/09/2021,STL,MO,ACE,CE,Towers with Radar,189,56,14,2,261,0,0,0,1,1,189,56,14,3,262,0,0,0,262
02/10/2021,STL,MO,ACE,CE,Towers with Radar,196,24,9,0,229,0,0,0,0,0,196,24,9,0,229,0,0,0,229
02/11/2021,STL,MO,ACE,CE,Towers with Radar,216,62,11,0,289,0,5,0,0,5,216,67,11,0,294,0,0,0,294
02/12/2021,STL,MO,ACE,CE,Towers with Radar,215,61,18,2,296,0,2,2,16,20,215,63,20,18,316,0,0,0,316
02/13/2021,STL,MO,ACE,CE,Towers with Radar,152,44,9,0,205,0,0,0,0,0,152,44,9,0,205,0,0,0,205
02/14/2021,STL,MO,ACE,CE,Towers with Radar,100,49,0,0,149,0,0,0,0,0,100,49,0,0,149,0,0,0,149
02/15/2021,STL,MO,ACE,CE,Towers with Radar,127,27,6,0,160,0,0,0,0,0,127,27,6,0,160,0,0,0,160
02/16/2021,STL,MO,ACE,CE,Towers with Radar,122,54,8,14,198,1,6,2,0,9,123,60,10,14,207,0,0,0,207
02/17/2021,STL,MO,ACE,CE,Towers with Radar,135,39,13,0,187,0,0,2,0,2,135,39,15,0,189,0,0,0,189
02/18/2021,STL,MO,ACE,CE,Towers with Radar,183,51,12,1,247,0,5,0,0,5,183,56,12,1,252,0,0,0,252
02/19/2021,STL,MO,ACE,CE,Towers with Radar,211,65,30,6,312,0,17,2,2,21,211,82,32,8,333,0,0,0,333
02/20/2021,STL,MO,ACE,CE,Towers with Radar,150,53,7,2,212,0,6,2,0,8,150,59,9,2,220,0,0,0,220
02/21/2021,STL,MO,ACE,CE,Towers with Radar,202,63,6,1,272,0,1,0,0,1,202,64,6,1,273,0,0,0,273
02/22/2021,STL,MO,ACE,CE,Towers with Radar,209,66,11,2,288,0,3,3,1,7,209,69,14,3,295,0,0,0,295
02/23/2021,STL,MO,ACE,CE,Towers with Radar,193,66,13,7,279,0,8,2,3,13,193,74,15,10,292,0,0,0,292
02/24/2021,STL,MO,ACE,CE,Towers with Radar,199,73,17,10,299,0,5,2,1,8,199,78,19,11,307,0,0,0,307
02/25/2021,STL,MO,ACE,CE,Towers with Radar,213,76,8,12,309,0,10,5,3,18,213,86,13,15,327,0,0,0,327
02/26/2021,STL,MO,ACE,CE,Towers with Radar,219,62,8,3,292,0,4,3,1,8,219,66,11,4,300,0,0,0,300
02/27/2021,STL,MO,ACE,CE,Towers with Radar,153,37,4,0,194,0,8,2,0,10,153,45,6,0,204,0,0,0,204
02/28/2021,STL,MO,ACE,CE,Towers with Radar,205,58,7,0,270,0,0,0,0,0,205,58,7,0,270,0,0,0,270
03/01/2021,STL,MO,ACE,CE,Towers with Radar,209,64,12,2,287,0,7,0,4,11,209,71,12,6,298,0,0,0,298
03/02/2021,STL,MO,ACE,CE,Towers with Radar,190,50,13,3,256,0,10,1,2,13,190,60,14,5,269,0,0,0,269
03/03/2021,STL,MO,ACE,CE,Towers with Radar,191,62,16,5,274,0,12,9,1,22,191,74,25,6,296,0,0,0,296
03/04/2021,STL,MO,ACE,CE,Towers with Radar,218,61,16,4,299,0,9,10,4,23,218,70,26,8,322,0,9,9,331
03/05/2021,STL,MO,ACE,CE,Towers with Radar,227,70,9,4,310,0,8,8,3,19,227,78,17,7,329,0,0,0,329
03/06/2021,STL,MO,ACE,CE,Towers with Radar,172,37,13,0,222,0,6,4,0,10,172,43,17,0,232,0,0,0,232
03/07/2021,STL,MO,ACE,CE,Towers with Radar,235,52,8,0,295,0,5,3,0,8,235,57,11,0,303,0,0,0,303
03/08/2021,STL,MO,ACE,CE,Towers with Radar,250,61,7,2,320,0,8,1,2,11,250,69,8,4,331,0,0,0,331
03/09/2021,STL,MO,ACE,CE,Towers with Radar,207,55,10,3,275,0,5,0,3,8,207,60,10,6,283,0,0,0,283
03/10/2021,STL,MO,ACE,CE,Towers with Radar,204,63,12,5,284,0,1,5,2,8,204,64,17,7,292,0,0,0,292
03/11/2021,STL,MO,ACE,CE,Towers with Radar,262,63,13,1,339,0,1,1,0,2,262,64,14,1,341,0,0,0,341
03/12/2021,STL,MO,ACE,CE,Towers with Radar,269,62,13,4,348,0,4,40,24,68,269,66,53,28,416,0,16,16,432
03/13/2021,STL,MO,ACE,CE,Towers with Radar,239,62,7,0,308,0,4,15,0,19,239,66,22,0,327,0,0,0,327
03/14/2021,STL,MO,ACE,CE,Towers with Radar,236,36,9,0,281,0,4,2,0,6,236,40,11,0,287,0,0,0,287
03/15/2021,STL,MO,ACE,CE,Towers with Radar,250,63,6,4,323,0,1,0,0,1,250,64,6,4,324,0,0,0,324
03/16/2021,STL,MO,ACE,CE,Towers with Radar,240,73,15,25,353,0,1,0,0,1,240,74,15,25,354,0,0,0,354
03/17/2021,STL,MO,ACE,CE,Towers with Radar,235,60,12,2,309,0,0,0,0,0,235,60,12,2,309,0,0,0,309
03/18/2021,STL,MO,ACE,CE,Towers with Radar,271,58,25,3,357,0,0,0,0,0,271,58,25,3,357,0,0,0,357
03/19/2021,STL,MO,ACE,CE,Towers with Radar,266,63,16,6,351,0,12,8,25,45,266,75,24,31,396,0,0,0,396
03/20/2021,STL,MO,ACE,CE,Towers with Radar,247,50,14,4,315,0,6,4,14,24,247,56,18,18,339,12,0,12,351
03/21/2021,STL,MO,ACE,CE,Towers with Radar,260,56,16,0,332,0,12,8,0,20,260,68,24,0,352,0,0,0,352
03/22/2021,STL,MO,ACE,CE,Towers with Radar,260,69,9,2,340,0,6,4,0,10,260,75,13,2,350,0,0,0,350
03/23/2021,STL,MO,ACE,CE,Towers with Radar,249,61,12,1,323,0,0,0,1,1,249,61,12,2,324,0,0,0,324
03/24/2021,STL,MO,ACE,CE,Towers with Radar,241,77,13,6,337,0,1,5,3,9,241,78,18,9,346,0,0,0,346
03/25/2021,STL,MO,ACE,CE,Towers with Radar,265,79,18,0,362,0,0,0,2,2,265,79,18,2,364,0,0,0,364
03/26/2021,STL,MO,ACE,CE,Towers with Radar,272,57,14,2,345,0,2,2,15,19,272,59,16,17,364,0,12,12,376
03/27/2021,STL,MO,ACE,CE,Towers with Radar,240,48,9,2,299,0,6,0,0,6,240,54,9,2,305,0,0,0,305
03/28/2021,STL,MO,ACE,CE,Towers with Radar,263,55,11,0,329,0,4,3,0,7,263,59,14,0,336,0,0,0,336
03/29/2021,STL,MO,ACE,CE,Towers with Radar,267,60,9,6,342,0,5,4,5,14,267,65,13,11,356,0,0,0,356
03/30/2021,STL,MO,ACE,CE,Towers with Radar,252,66,10,7,335,0,2,1,3,6,252,68,11,10,341,0,10,10,351
03/31/2021,STL,MO,ACE,CE,Towers with Radar,251,70,11,5,337,0,5,0,1,6,251,75,11,6,343,0,0,0,343
04/01/2021,STL,MO,ACE,CE,Towers with Radar,268,61,21,5,355,0,6,2,2,10,268,67,23,7,365,0,0,0,365
04/02/2021,STL,MO,ACE,CE,Towers with Radar,273,57,8,1,339,0,9,0,1,10,273,66,8,2,349,0,0,0,349
04/03/2021,STL,MO,ACE,CE,Towers with Radar,236,36,8,0,280,0,10,3,0,13,236,46,11,0,293,0,0,0,293
04/04/2021,STL,MO,ACE,CE,Towers with Radar,259,42,6,0,307,0,7,0,0,7,259,49,6,0,314,0,0,0,314
04/05/2021,STL,MO,ACE,CE,Towers with Radar,266,62,5,0,333,0,6,4,0,10,266,68,9,0,343,0,0,0,343
04/06/2021,STL,MO,ACE,CE,Towers with Radar,247,66,11,7,331,0,3,4,4,11,247,69,15,11,342,0,0,0,342
04/07/2021,STL,MO,ACE,CE,Towers with Radar,251,52,15,4,322,0,0,1,3,4,251,52,16,7,326,0,0,0,326
04/08/2021,STL,MO,ACE,CE,Towers with Radar,275,70,10,3,358,0,0,0,0,0,275,70,10,3,358,0,0,0,358
04/09/2021,STL,MO,ACE,CE,Towers with Radar,269,61,12,8,350,0,5,9,4,18,269,66,21,12,368,0,16,16,384
04/10/2021,STL,MO,ACE,CE,Towers with Radar,234,49,12,0,295,0,0,0,0,0,234,49,12,0,295,0,0,0,295
04/11/2021,STL,MO,ACE,CE,Towers with Radar,259,49,5,0,313,0,5,0,0,5,259,54,5,0,318,0,0,0,318
04/12/2021,STL,MO,ACE,CE,Towers with Radar,258,60,11,4,333,0,7,4,0,11,258,67,15,4,344,0,0,0,344
04/13/2021,STL,MO,ACE,CE,Towers with Radar,224,72,6,2,304,0,5,2,0,7,224,77,8,2,311,0,0,0,311
04/14/2021,STL,MO,ACE,CE,Towers with Radar,224,71,7,2,304,0,6,1,2,9,224,77,8,4,313,0,0,0,313
04/15/2021,STL,MO,ACE,CE,Towers with Radar,259,72,16,4,351,0,2,1,3,6,259,74,17,7,357,0,0,0,357
04/16/2021,STL,MO,ACE,CE,Towers with Radar,260,67,13,12,352,0,2,3,3,8,260,69,16,15,360,0,0,0,360
04/17/2021,STL,MO,ACE,CE,Towers with Radar,231,43,5,4,283,0,1,3,0,4,231,44,8,4,287,0,0,0,287
04/18/2021,STL,MO,ACE,CE,Towers with Radar,243,49,1,0,293,0,7,3,0,10,243,56,4,0,303,0,0,0,303
04/19/2021,STL,MO,ACE,CE,Towers with Radar,249,68,11,7,335,0,3,5,3,11,249,71,16,10,346,0,0,0,346
04/20/2021,STL,MO,ACE,CE,Towers with Radar,226,68,11,1,306,0,1,0,0,1,226,69,11,1,307,0,0,0,307
04/21/2021,STL,MO,ACE,CE,Towers with Radar,227,60,12,17,316,0,2,5,3,10,227,62,17,20,326,0,0,0,326
04/22/2021,STL,MO,ACE,CE,Towers with Radar,264,68,9,14,355,0,5,9,3,17,264,73,18,17,372,0,4,4,376
04/23/2021,STL,MO,ACE,CE,Towers with Radar,260,66,11,0,337,0,1,0,0,1,260,67,11,0,338,0,0,0,338
04/24/2021,STL,MO,ACE,CE,Towers with Radar,235,44,9,0,288,0,2,3,0,5,235,46,12,0,293,0,0,0,293
04/25/2021,STL,MO,ACE,CE,Towers with Radar,256,56,4,0,316,0,7,0,0,7,256,63,4,0,323,0,0,0,323
04/26/2021,STL,MO,ACE,CE,Towers with Radar,260,62,7,4,333,0,9,1,2,12,260,71,8,6,345,0,0,0,345
04/27/2021,STL,MO,ACE,CE,Towers with Radar,224,64,8,6,302,0,5,3,5,13,224,69,11,11,315,0,0,0,315
04/28/2021,STL,MO,ACE,CE,Towers with Radar,228,66,9,1,304,0,0,0,0,0,228,66,9,1,304,0,0,0,304
04/29/2021,STL,MO,ACE,CE,Towers with Radar,264,79,13,4,360,0,0,1,0,1,264,79,14,4,361,0,0,0,361
04/30/2021,STL,MO,ACE,CE,Towers with Radar,261,68,4,6,339,0,8,4,3,15,261,76,8,9,354,0,0,0,354
05/01/2021,STL,MO,ACE,CE,Towers with Radar,229,50,6,1,286,0,6,3,0,9,229,56,9,1,295,0,0,0,295
05/02/2021,STL,MO,ACE,CE,Towers with Radar,248,48,3,1,300,0,4,3,0,7,248,52,6,1,307,0,0,0,307
05/03/2021,STL,MO,ACE,CE,Towers with Radar,250,68,11,0,329,0,1,1,0,2,250,69,12,0,331,0,0,0,331
05/04/2021,STL,MO,ACE,CE,Towers with Radar,222,67,10,0,299,0,1,0,0,1,222,68,10,0,300,0,0,0,300
05/05/2021,STL,MO,ACE,CE,Towers with Radar,225,69,17,0,311,0,13,4,0,17,225,82,21,0,328,0,0,0,328
05/06/2021,STL,MO,ACE,CE,Towers with Radar,259,74,19,1,353,0,3,2,1,6,259,77,21,2,359,0,0,0,359
05/07/2021,STL,MO,ACE,CE,Towers with Radar,271,73,15,4,363,0,7,2,1,10,271,80,17,5,373,0,0,0,373
05/08/2021,STL,MO,ACE,CE,Towers with Radar,241,46,3,0,290,0,1,0,2,3,241,47,3,2,293,0,0,0,293
05/09/2021,STL,MO,ACE,CE,Towers with Radar,274,56,4,0,334,0,1,0,0,1,274,57,4,0,335,0,0,0,335
05/10/2021,STL,MO,ACE,CE,Towers with Radar,285,75,12,2,374,0,1,8,3,12,285,76,20,5,386,8,22,30,416
05/11/2021,STL,MO,ACE,CE,Towers with Radar,248,62,9,5,324,0,1,5,0,6,248,63,14,5,330,0,0,0,330
05/12/2021,STL,MO,ACE,CE,Towers with Radar,248,69,8,8,333,0,12,9,4,25,248,81,17,12,358,0,0,0,358
05/13/2021,STL,MO,ACE,CE,Towers with Radar,290,75,19,25,409,0,7,10,3,20,290,82,29,28,429,12,40,52,481
05/14/2021,STL,MO,ACE,CE,Towers with Radar,288,73,14,12,387,0,5,2,8,15,288,78,16,20,402,0,0,0,402
05/15/2021,STL,MO,ACE,CE,Towers with Radar,244,48,8,0,300,0,0,0,0,0,244,48,8,0,300,0,6,6,306
05/16/2021,STL,MO,ACE,CE,Towers with Radar,269,56,8,3,336,0,0,4,0,4,269,56,12,3,340,0,0,0,340
05/17/2021,STL,MO,ACE,CE,Towers with Radar,281,75,13,0,369,0,0,0,0,0,281,75,13,0,369,0,0,0,369
05/18/2021,STL,MO,ACE,CE,Towers with Radar,260,72,10,0,342,0,1,3,1,5,260,73,13,1,347,0,0,0,347
05/19/2021,STL,MO,ACE,CE,Towers with Radar,261,87,8,5,361,0,1,3,3,7,261,88,11,8,368,0,0,0,368
05/20/2021,STL,MO,ACE,CE,Towers with Radar,296,75,30,1,402,0,5,1,3,9,296,80,31,4,411,0,0,0,411
05/21/2021,STL,MO,ACE,CE,Towers with Radar,295,86,20,3,404,0,2,5,5,12,295,88,25,8,416,0,0,0,416
05/22/2021,STL,MO,ACE,CE,Towers with Radar,249,50,12,0,311,0,4,7,0,11,249,54,19,0,322,0,0,0,322
05/23/2021,STL,MO,ACE,CE,Towers with Radar,271,65,5,4,345,0,6,6,0,12,271,71,11,4,357,0,0,0,357
05/24/2021,STL,MO,ACE,CE,Towers with Radar,290,68,5,0,363,0,9,3,2,14,290,77,8,2,377,0,0,0,377
05/25/2021,STL,MO,ACE,CE,Towers with Radar,259,78,13,2,352,0,3,0,4,7,259,81,13,6,359,0,0,0,359
05/26/2021,STL,MO,ACE,CE,Towers with Radar,264,73,19,6,362,0,1,4,2,7,264,74,23,8,369,0,20,20,389
05/27/2021,STL,MO,ACE,CE,Towers with Radar,300,62,17,2,381,0,0,2,0,2,300,62,19,2,383,8,0,8,391
05/28/2021,STL,MO,ACE,CE,Towers with Radar,303,68,14,0,385,0,0,0,0,0,303,68,14,0,385,0,0,0,385
05/29/2021,STL,MO,ACE,CE,Towers with Radar,248,43,7,0,298,0,1,0,0,1,248,44,7,0,299,0,0,0,299
05/30/2021,STL,MO,ACE,CE,Towers with Radar,261,38,7,0,306,0,6,8,0,14,261,44,15,0,320,0,0,0,320
05/31/2021,STL,MO,ACE,CE,Towers with Radar,285,57,14,0,356,0,1,3,1,5,285,58,17,1,361,0,0,0,361
06/01/2021,STL,MO,ACE,CE,Towers with Radar,288,59,18,3,368,0,3,6,3,12,288,62,24,6,380,0,0,0,380
06/02/2021,STL,MO,ACE,CE,Towers with Radar,302,82,18,3,405,0,1,2,0,3,302,83,20,3,408,0,0,0,408
06/03/2021,STL,MO,ACE,CE,Towers with Radar,305,52,14,0,371,0,3,2,2,7,305,55,16,2,378,0,0,0,378
06/04/2021,STL,MO,ACE,CE,Towers with Radar,321,58,12,13,404,0,8,4,2,14,321,66,16,15,418,16,0,16,434
06/05/2021,STL,MO,ACE,CE,Towers with Radar,296,43,13,2,354,0,3,0,1,4,296,46,13,3,358,0,0,0,358
06/06/2021,STL,MO,ACE,CE,Towers with Radar,354,61,10,2,427,0,1,3,0,4,354,62,13,2,431,8,0,8,439
06/07/2021,STL,MO,ACE,CE,Towers with Radar,323,70,2,0,395,0,2,8,0,10,323,72,10,0,405,0,0,0,405
06/08/2021,STL,MO,ACE,CE,Towers with Radar,335,67,22,4,428,0,1,5,0,6,335,68,27,4,434,0,0,0,434
06/09/2021,STL,MO,ACE,CE,Towers with Radar,338,56,10,18,422,0,1,0,4,5,338,57,10,22,427,0,0,0,427
06/10/2021,STL,MO,ACE,CE,Towers with Radar,341,68,19,8,436,0,3,2,3,8,341,71,21,11,444,0,0,0,444
06/11/2021,STL,MO,ACE,CE,Towers with Radar,347,66,21,7,441,0,6,6,1,13,347,72,27,8,454,0,0,0,454
06/12/2021,STL,MO,ACE,CE,Towers with Radar,334,37,4,0,375,0,5,4,0,9,334,42,8,0,384,0,0,0,384
06/13/2021,STL,MO,ACE,CE,Towers with Radar,350,54,9,2,415,0,8,4,0,12,350,62,13,2,427,0,0,0,427
06/14/2021,STL,MO,ACE,CE,Towers with Radar,338,55,20,0,413,0,9,2,0,11,338,64,22,0,424,0,0,0,424
06/15/2021,STL,MO,ACE,CE,Towers with Radar,321,61,15,3,400,0,10,0,2,12,321,71,15,5,412,0,24,24,436
06/16/2021,STL,MO,ACE,CE,Towers with Radar,338,53,17,2,410,0,10,3,1,14,338,63,20,3,424,0,0,0,424
06/17/2021,STL,MO,ACE,CE,Towers with Radar,342,61,22,2,427,0,12,3,2,17,342,73,25,4,444,0,0,0,444
06/18/2021,STL,MO,ACE,CE,Towers with Radar,341,61,16,3,421,0,10,0,3,13,341,71,16,6,434,0,0,0,434
06/19/2021,STL,MO,ACE,CE,Towers with Radar,320,37,5,0,362,0,0,0,0,0,320,37,5,0,362,0,0,0,362
06/20/2021,STL,MO,ACE,CE,Towers with Radar,361,61,10,0,432,0,2,3,2,7,361,63,13,2,439,0,0,0,439
06/21/2021,STL,MO,ACE,CE,Towers with Radar,331,68,16,4,419,0,4,1,2,7,331,72,17,6,426,0,4,4,430
06/22/2021,STL,MO,ACE,CE,Towers with Radar,338,53,21,7,419,0,9,6,5,20,338,62,27,12,439,0,0,0,439
06/23/2021,STL,MO,ACE,CE,Towers with Radar,349,53,23,4,429,0,14,7,5,26,349,67,30,9,455,0,0,0,455
06/24/2021,STL,MO,ACE,CE,Towers with Radar,347,64,21,4,436,0,2,3,2,7,347,66,24,6,443,0,0,0,443
06/25/2021,STL,MO,ACE,CE,Towers with Radar,307,61,14,2,384,0,2,5,0,7,307,63,19,2,391,0,0,0,391
06/26/2021,STL,MO,ACE,CE,Towers with Radar,292,44,5,0,341,0,0,3,0,3,292,44,8,0,344,0,0,0,344
06/27/2021,STL,MO,ACE,CE,Towers with Radar,355,46,9,0,410,0,0,3,0,3,355,46,12,0,413,0,0,0,413
06/28/2021,STL,MO,ACE,CE,Towers with Radar,330,69,13,1,413,0,2,1,1,4,330,71,14,2,417,0,0,0,417
06/29/2021,STL,MO,ACE,CE,Towers with Radar,339,69,13,9,430,0,0,1,3,4,339,69,14,12,434,0,0,0,434
06/30/2021,STL,MO,ACE,CE,Towers with Radar,326,60,9,6,401,0,0,2,0,2,326,60,11,6,403,0,40,40,443
07/01/2021,STL,MO,ACE,CE,Towers with Radar,339,79,13,5,436,0,2,3,1,6,339,81,16,6,442,0,0,0,442
07/02/2021,STL,MO,ACE,CE,Towers with Radar,334,54,9,8,405,0,6,8,6,20,334,60,17,14,425,0,0,0,425
07/03/2021,STL,MO,ACE,CE,Towers with Radar,314,36,8,0,358,0,3,15,0,18,314,39,23,0,376,0,0,0,376
07/04/2021,STL,MO,ACE,CE,Towers with Radar,331,32,3,0,366,0,12,8,0,20,331,44,11,0,386,0,0,0,386
07/05/2021,STL,MO,ACE,CE,Towers with Radar,328,59,9,0,396,0,9,0,0,9,328,68,9,0,405,0,0,0,405
07/06/2021,STL,MO,ACE,CE,Towers with Radar,334,65,14,4,417,0,5,2,1,8,334,70,16,5,425,0,0,0,425
07/07/2021,STL,MO,ACE,CE,Towers with Radar,334,47,13,10,404,0,5,9,6,20,334,52,22,16,424,0,0,0,424
07/08/2021,STL,MO,ACE,CE,Towers with Radar,339,70,8,3,420,0,6,3,1,10,339,76,11,4,430,0,0,0,430
07/09/2021,STL,MO,ACE,CE,Towers with Radar,341,60,11,7,419,0,5,2,1,8,341,65,13,8,427,0,0,0,427
07/10/2021,STL,MO,ACE,CE,Towers with Radar,337,40,4,0,381,0,1,0,0,1,337,41,4,0,382,0,0,0,382
07/11/2021,STL,MO,ACE,CE,Towers with Radar,362,54,13,1,430,0,1,4,0,5,362,55,17,1,435,0,0,0,435
07/12/2021,STL,MO,ACE,CE,Towers with Radar,340,73,17,0,430,0,1,6,0,7,340,74,23,0,437,0,0,0,437
07/13/2021,STL,MO,ACE,CE,Towers with Radar,337,53,12,8,410,0,1,5,6,12,337,54,17,14,422,0,0,0,422
07/14/2021,STL,MO,ACE,CE,Towers with Radar,353,59,12,7,431,0,4,10,10,24,353,63,22,17,455,0,0,0,455
07/15/2021,STL,MO,ACE,CE,Towers with Radar,346,57,27,11,441,0,2,5,4,11,346,59,32,15,452,0,0,0,452
07/16/2021,STL,MO,ACE,CE,Towers with Radar,348,67,20,0,435,0,0,0,0,0,348,67,20,0,435,0,0,0,435
07/17/2021,STL,MO,ACE,CE,Towers with Radar,316,38,6,0,360,0,1,2,0,3,316,39,8,0,363,0,0,0,363
07/18/2021,STL,MO,ACE,CE,Towers with Radar,362,58,14,0,434,0,2,8,0,10,362,60,22,0,444,0,0,0,444
07/19/2021,STL,MO,ACE,CE,Towers with Radar,333,68,31,12,444,0,1,1,4,6,333,69,32,16,450,0,0,0,450
07/20/2021,STL,MO,ACE,CE,Towers with Radar,347,56,23,8,434,0,4,1,4,9,347,60,24,12,443,0,0,0,443
07/21/2021,STL,MO,ACE,CE,Towers with Radar,342,60,25,4,431,0,3,5,4,12,342,63,30,8,443,0,0,0,443
07/22/2021,STL,MO,ACE,CE,Towers with Radar,343,77,18,19,457,0,4,11,3,18,343,81,29,22,475,0,0,0,475
07/23/2021,STL,MO,ACE,CE,Towers with Radar,347,58,14,10,429,0,2,1,6,9,347,60,15,16,438,0,0,0,438
07/24/2021,STL,MO,ACE,CE,Towers with Radar,339,47,8,3,397,0,1,1,1,3,339,48,9,4,400,0,0,0,400
07/25/2021,STL,MO,ACE,CE,Towers with Radar,354,70,7,2,433,0,1,1,0,2,354,71,8,2,435,0,0,0,435
07/26/2021,STL,MO,ACE,CE,Towers with Radar,333,79,19,0,431,0,3,4,0,7,333,82,23,0,438,0,0,0,438
07/27/2021,STL,MO,ACE,CE,Towers with Radar,342,83,16,6,447,0,4,1,6,11,342,87,17,12,458,0,0,0,458
07/28/2021,STL,MO,ACE,CE,Towers with Radar,353,69,16,7,445,0,2,0,12,14,353,71,16,19,459,0,0,0,459
07/29/2021,STL,MO,ACE,CE,Towers with Radar,339,81,16,4,440,0,4,0,0,4,339,85,16,4,444,0,0,0,444
07/30/2021,STL,MO,ACE,CE,Towers with Radar,341,66,13,5,425,0,1,9,9,19,341,67,22,14,444,0,0,0,444
07/31/2021,STL,MO,ACE,CE,Towers with Radar,320,62,8,2,392,0,0,0,0,0,320,62,8,2,392,0,0,0,392
08/01/2021,STL,MO,ACE,CE,Towers with Radar,349,59,13,3,424,0,1,4,2,7,349,60,17,5,431,0,0,0,431
08/02/2021,STL,MO,ACE,CE,Towers with Radar,323,53,17,4,397,0,0,4,2,6,323,53,21,6,403,0,0,0,403
08/03/2021,STL,MO,ACE,CE,Towers with Radar,331,55,21,5,412,0,2,0,4,6,331,57,21,9,418,0,0,0,418
08/04/2021,STL,MO,ACE,CE,Towers with Radar,346,61,18,4,429,0,6,1,4,11,346,67,19,8,440,0,0,0,440
08/05/2021,STL,MO,ACE,CE,Towers with Radar,340,66,20,5,431,0,4,6,4,14,340,70,26,9,445,0,10,10,455
08/06/2021,STL,MO,ACE,CE,Towers with Radar,333,70,6,6,415,0,2,0,2,4,333,72,6,8,419,6,0,6,425
08/07/2021,STL,MO,ACE,CE,Towers with Radar,321,46,5,4,376,0,2,4,4,10,321,48,9,8,386,0,0,0,386
08/08/2021,STL,MO,ACE,CE,Towers with Radar,358,65,6,2,431,0,2,1,0,3,358,67,7,2,434,0,0,0,434
08/09/2021,STL,MO,ACE,CE,Towers with Radar,343,57,7,2,409,0,0,6,1,7,343,57,13,3,416,0,0,0,416
08/10/2021,STL,MO,ACE,CE,Towers with Radar,345,54,19,6,424,0,0,0,9,9,345,54,19,15,433,0,0,0,433
08/11/2021,STL,MO,ACE,CE,Towers with Radar,354,52,20,0,426,0,2,5,0,7,354,54,25,0,433,0,0,0,433
08/12/2021,STL,MO,ACE,CE,Towers with Radar,344,67,20,5,436,0,1,0,5,6,344,68,20,10,442,0,0,0,442
08/13/2021,STL,MO,ACE,CE,Towers with Radar,358,63,14,3,438,0,0,2,5,7,358,63,16,8,445,0,0,0,445
08/14/2021,STL,MO,ACE,CE,Towers with Radar,309,39,11,2,361,0,0,6,3,9,309,39,17,5,370,0,0,0,370
08/15/2021,STL,MO,ACE,CE,Towers with Radar,363,53,10,1,427,0,0,5,0,5,363,53,15,1,432,0,0,0,432
08/16/2021,STL,MO,ACE,CE,Towers with Radar,326,60,7,8,401,0,1,4,4,9,326,61,11,12,410,0,0,0,410
08/17/2021,STL,MO,ACE,CE,Towers with Radar,329,63,16,1,409,0,2,4,4,10,329,65,20,5,419,0,0,0,419
08/18/2021,STL,MO,ACE,CE,Towers with Radar,337,73,9,9,428,0,0,3,7,10,337,73,12,16,438,0,0,0,438
08/19/2021,STL,MO,ACE,CE,Towers with Radar,361,65,20,5,451,0,0,0,1,1,361,65,20,6,452,0,0,0,452
08/20/2021,STL,MO,ACE,CE,Towers with Radar,336,68,25,1,430,0,0,2,3,5,336,68,27,4,435,0,0,0,435
08/21/2021,STL,MO,ACE,CE,Towers with Radar,329,55,8,0,392,0,1,6,0,7,329,56,14,0,399,0,0,0,399
08/22/2021,STL,MO,ACE,CE,Towers with Radar,363,64,16,1,444,0,2,3,3,8,363,66,19,4,452,0,0,0,452
08/23/2021,STL,MO,ACE,CE,Towers with Radar,347,45,10,7,409,0,1,0,4,5,347,46,10,11,414,0,10,10,424
08/24/2021,STL,MO,ACE,CE,Towers with Radar,369,65,19,6,459,0,1,1,6,8,369,66,20,12,467,0,10,10,477
08/25/2021,STL,MO,ACE,CE,Towers with Radar,357,60,21,1,439,0,2,0,0,2,357,62,21,1,441,0,0,0,441
08/26/2021,STL,MO,ACE,CE,Towers with Radar,342,68,22,4,436,0,5,2,4,11,342,73,24,8,447,0,5,5,452
08/27/2021,STL,MO,ACE,CE,Towers with Radar,350,65,9,6,430,0,6,1,6,13,350,71,10,12,443,0,0,0,443
08/28/2021,STL,MO,ACE,CE,Towers with Radar,324,48,10,0,382,0,4,4,0,8,324,52,14,0,390,0,0,0,390
08/29/2021,STL,MO,ACE,CE,Towers with Radar,345,47,7,0,399,0,4,2,6,12,345,51,9,6,411,0,0,0,411
08/30/2021,STL,MO,ACE,CE,Towers with Radar,342,55,8,3,408,0,1,2,0,3,342,56,10,3,411,0,0,0,411
08/31/2021,STL,MO,ACE,CE,Towers with Radar,336,55,5,5,401,0,0,0,2,2,336,55,5,7,403,0,0,0,403
09/01/2021,STL,MO,ACE,CE,Towers with Radar,338,62,14,3,417,0,3,11,3,17,338,65,25,6,434,0,0,0,434
09/02/2021,STL,MO,ACE,CE,Towers with Radar,350,56,9,8,423,0,11,7,4,22,350,67,16,12,445,0,6,6,451
09/03/2021,STL,MO,ACE,CE,Towers with Radar,353,65,16,4,438,0,3,5,6,14,353,68,21,10,452,0,0,0,452
09/04/2021,STL,MO,ACE,CE,Towers with Radar,322,44,5,0,371,0,1,0,0,1,322,45,5,0,372,0,0,0,372
09/05/2021,STL,MO,ACE,CE,Towers with Radar,336,48,3,6,393,0,4,4,4,12,336,52,7,10,405,0,0,0,405
09/06/2021,STL,MO,ACE,CE,Towers with Radar,322,65,7,1,395,0,3,6,0,9,322,68,13,1,404,0,0,0,404
09/07/2021,STL,MO,ACE,CE,Towers with Radar,328,65,29,0,422,0,4,1,1,6,328,69,30,1,428,0,0,0,428
09/08/2021,STL,MO,ACE,CE,Towers with Radar,320,69,24,14,427,0,7,3,8,18,320,76,27,22,445,0,0,0,445
09/09/2021,STL,MO,ACE,CE,Towers with Radar,353,70,26,11,460,0,4,5,6,15,353,74,31,17,475,0,0,0,475
09/10/2021,STL,MO,ACE,CE,Towers with Radar,354,70,16,6,446,0,5,6,4,15,354,75,22,10,461,0,0,0,461
09/11/2021,STL,MO,ACE,CE,Towers with Radar,296,42,12,1,351,0,4,1,1,6,296,46,13,2,357,0,0,0,357
09/12/2021,STL,MO,ACE,CE,Towers with Radar,359,54,7,0,420,0,11,3,1,15,359,65,10,1,435,0,0,0,435
09/13/2021,STL,MO,ACE,CE,Towers with Radar,344,58,22,3,427,0,6,5,2,13,344,64,27,5,440,0,0,0,440
09/14/2021,STL,MO,ACE,CE,Towers with Radar,321,73,15,1,410,0,4,2,0,6,321,77,17,1,416,0,0,0,416
09/15/2021,STL,MO,ACE,CE,Towers with Radar,330,65,32,2,429,0,7,5,2,14,330,72,37,4,443,0,0,0,443
09/16/2021,STL,MO,ACE,CE,Towers with Radar,367,68,12,5,452,0,4,1,4,9,367,72,13,9,461,0,20,20,481
09/17/2021,STL,MO,ACE,CE,Towers with Radar,359,96,29,3,487,0,6,8,4,18,359,102,37,7,505,0,0,0,505
09/18/2021,STL,MO,ACE,CE,Towers with Radar,297,37,14,0,348,0,2,0,0,2,297,39,14,0,350,0,0,0,350
09/19/2021,STL,MO,ACE,CE,Towers with Radar,370,56,10,0,436,0,2,0,0,2,370,58,10,0,438,0,0,0,438
09/20/2021,STL,MO,ACE,CE,Towers with Radar,343,85,16,7,451,0,1,0,1,2,343,86,16,8,453,0,0,0,453
09/21/2021,STL,MO,ACE,CE,Towers with Radar,323,55,14,0,392,0,0,0,0,0,323,55,14,0,392,0,0,0,392
09/22/2021,STL,MO,ACE,CE,Towers with Radar,329,68,11,4,412,0,3,0,2,5,329,71,11,6,417,0,0,0,417
09/23/2021,STL,MO,ACE,CE,Towers with Radar,342,71,23,2,438,0,1,5,1,7,342,72,28,3,445,0,0,0,445
09/24/2021,STL,MO,ACE,CE,Towers with Radar,360,60,22,0,442,0,2,8,0,10,360,62,30,0,452,0,0,0,452
09/25/2021,STL,MO,ACE,CE,Towers with Radar,300,41,8,2,351,0,2,4,2,8,300,43,12,4,359,0,0,0,359
09/26/2021,STL,MO,ACE,CE,Towers with Radar,367,64,9,1,441,0,8,4,3,15,367,72,13,4,456,0,0,0,456
09/27/2021,STL,MO,ACE,CE,Towers with Radar,351,63,13,3,430,0,5,4,4,13,351,68,17,7,443,0,0,0,443
09/28/2021,STL,MO,ACE,CE,Towers with Radar,318,44,17,0,379,0,9,2,0,11,318,53,19,0,390,0,0,0,390
09/29/2021,STL,MO,ACE,CE,Towers with Radar,336,58,24,18,436,0,2,6,0,8,336,60,30,18,444,0,0,0,444
09/30/2021,STL,MO,ACE,CE,Towers with Radar,355,59,26,1,441,0,4,7,1,12,355,63,33,2,453,0,0,0,453
10/01/2021,STL,MO,ACE,CE,Towers with Radar,364,75,8,0,447,0,1,0,1,2,364,76,8,1,449,0,0,0,449
10/02/2021,STL,MO,ACE,CE,Towers with Radar,299,39,21,0,359,0,0,2,0,2,299,39,23,0,361,0,0,0,361
10/03/2021,STL,MO,ACE,CE,Towers with Radar,375,59,14,0,448,0,0,0,0,0,375,59,14,0,448,0,0,0,448
10/04/2021,STL,MO,ACE,CE,Towers with Radar,348,63,12,6,429,0,1,2,0,3,348,64,14,6,432,0,0,0,432
10/05/2021,STL,MO,ACE,CE,Towers with Radar,335,59,21,7,422,0,0,0,0,0,335,59,21,7,422,0,0,0,422
10/06/2021,STL,MO,ACE,CE,Towers with Radar,330,67,18,5,420,0,0,0,2,2,330,67,18,7,422,0,0,0,422
10/07/2021,STL,MO,ACE,CE,Towers with Radar,361,65,13,4,443,0,1,5,1,7,361,66,18,5,450,0,0,0,450
10/08/2021,STL,MO,ACE,CE,Towers with Radar,341,82,24,7,454,0,6,3,6,15,341,88,27,13,469,0,0,0,469
10/09/2021,STL,MO,ACE,CE,Towers with Radar,265,33,11,0,309,0,2,1,0,3,265,35,12,0,312,0,0,0,312
10/10/2021,STL,MO,ACE,CE,Towers with Radar,304,47,10,0,361,0,4,4,0,8,304,51,14,0,369,0,0,0,369
10/11/2021,STL,MO,ACE,CE,Towers with Radar,328,60,13,0,401,0,0,0,0,0,328,60,13,0,401,0,0,0,401
10/12/2021,STL,MO,ACE,CE,Towers with Radar,328,45,19,2,394,0,7,3,3,13,328,52,22,5,407,0,0,0,407
10/13/2021,STL,MO,ACE,CE,Towers with Radar,327,69,23,6,425,0,2,2,8,12,327,71,25,14,437,0,0,0,437
10/14/2021,STL,MO,ACE,CE,Towers with Radar,358,67,29,0,454,0,0,0,0,0,358,67,29,0,454,0,0,0,454
10/15/2021,STL,MO,ACE,CE,Towers with Radar,354,64,9,6,433,0,0,0,0,0,354,64,9,6,433,0,0,0,433
10/16/2021,STL,MO,ACE,CE,Towers with Radar,312,37,9,0,358,0,6,6,0,12,312,43,15,0,370,0,0,0,370
10/17/2021,STL,MO,ACE,CE,Towers with Radar,373,52,15,0,440,0,9,5,0,14,373,61,20,0,454,0,0,0,454
10/18/2021,STL,MO,ACE,CE,Towers with Radar,344,63,8,6,421,0,2,3,4,9,344,65,11,10,430,0,0,0,430
10/19/2021,STL,MO,ACE,CE,Towers with Radar,325,43,12,3,383,0,5,0,3,8,325,48,12,6,391,0,0,0,391
10/20/2021,STL,MO,ACE,CE,Towers with Radar,327,51,17,4,399,0,2,2,2,6,327,53,19,6,405,0,10,10,415
10/21/2021,STL,MO,ACE,CE,Towers with Radar,348,53,29,2,432,0,0,2,0,2,348,53,31,2,434,0,0,0,434
10/22/2021,STL,MO,ACE,CE,Towers with Radar,344,64,15,6,429,0,1,0,1,2,344,65,15,7,431,0,0,0,431
10/23/2021,STL,MO,ACE,CE,Towers with Radar,304,55,10,0,369,0,0,0,0,0,304,55,10,0,369,0,0,0,369
10/24/2021,STL,MO,ACE,CE,Towers with Radar,363,50,14,2,429,0,1,0,0,1,363,51,14,2,430,0,0,0,430
10/25/2021,STL,MO,ACE,CE,Towers with Radar,344,65,23,0,432,0,0,2,0,2,344,65,25,0,434,0,0,0,434
10/26/2021,STL,MO,ACE,CE,Towers with Radar,327,56,31,3,417,0,10,8,3,21,327,66,39,6,438,0,0,0,438
10/27/2021,STL,MO,ACE,CE,Towers with Radar,333,54,23,8,418,0,6,0,2,8,333,60,23,10,426,0,0,0,426
10/28/2021,STL,MO,ACE,CE,Towers with Radar,357,52,44,1,454,0,0,0,0,0,357,52,44,1,454,0,0,0,454
10/29/2021,STL,MO,ACE,CE,Towers with Radar,348,61,33,0,442,0,0,0,0,0,348,61,33,0,442,0,0,0,442
10/30/2021,STL,MO,ACE,CE,Towers with Radar,296,52,9,0,357,0,0,4,0,4,296,52,13,0,361,0,0,0,361
10/31/2021,STL,MO,ACE,CE,Towers with Radar,311,64,12,0,387,0,4,1,0,5,311,68,13,0,392,0,0,0,392
11/01/2021,STL,MO,ACE,CE,Towers with Radar,341,65,22,3,431,0,5,0,3,8,341,70,22,6,439,0,0,0,439
11/02/2021,STL,MO,ACE,CE,Towers with Radar,344,54,21,4,423,0,10,2,2,14,344,64,23,6,437,0,0,0,437
11/03/2021,STL,MO,ACE,CE,Towers with Radar,339,67,26,7,439,0,7,2,4,13,339,74,28,11,452,0,0,0,452
11/04/2021,STL,MO,ACE,CE,Towers with Radar,365,60,23,5,453,0,7,0,4,11,365,67,23,9,464,0,0,0,464
11/05/2021,STL,MO,ACE,CE,Towers with Radar,368,49,18,5,440,0,7,0,6,13,368,56,18,11,453,0,0,0,453
11/06/2021,STL,MO,ACE,CE,Towers with Radar,307,45,12,1,365,0,4,1,0,5,307,49,13,1,370,0,0,0,370
11/07/2021,STL,MO,ACE,CE,Towers with Radar,342,59,5,2,408,0,11,2,2,15,342,70,7,4,423,0,0,0,423
11/08/2021,STL,MO,ACE,CE,Towers with Radar,358,76,15,8,457,0,11,0,2,13,358,87,15,10,470,0,0,0,470
11/09/2021,STL,MO,ACE,CE,Towers with Radar,326,70,20,5,421,0,4,0,7,11,326,74,20,12,432,0,0,0,432
11/10/2021,STL,MO,ACE,CE,Towers with Radar,327,67,26,7,427,0,1,5,2,8,327,68,31,9,435,0,0,0,435
11/11/2021,STL,MO,ACE,CE,Towers with Radar,359,69,22,0,450,0,4,1,0,5,359,73,23,0,455,0,0,0,455
11/12/2021,STL,MO,ACE,CE,Towers with Radar,371,65,23,3,462,0,2,0,4,6,371,67,23,7,468,0,0,0,468
11/13/2021,STL,MO,ACE,CE,Towers with Radar,282,40,13,0,335,0,0,2,0,2,282,40,15,0,337,0,0,0,337
11/14/2021,STL,MO,ACE,CE,Towers with Radar,339,57,22,0,418,0,1,4,0,5,339,58,26,0,423,0,0,0,423
11/15/2021,STL,MO,ACE,CE,Towers with Radar,361,63,22,2,448,0,7,4,2,13,361,70,26,4,461,0,0,0,461
11/16/2021,STL,MO,ACE,CE,Towers with Radar,319,70,21,6,416,0,6,1,5,12,319,76,22,11,428,0,0,0,428
11/17/2021,STL,MO,ACE,CE,Towers with Radar,336,77,28,1,442,0,0,1,0,1,336,77,29,1,443,0,0,0,443
11/18/2021,STL,MO,ACE,CE,Towers with Radar,373,65,29,10,477,0,9,5,4,18,373,74,34,14,495,0,0,0,495
11/19/2021,STL,MO,ACE,CE,Towers with Radar,372,61,24,3,460,0,7,4,3,14,372,68,28,6,474,0,0,0,474
11/20/2021,STL,MO,ACE,CE,Towers with Radar,337,48,8,3,396,0,6,10,5,21,337,54,18,8,417,0,0,0,417
11/21/2021,STL,MO,ACE,CE,Towers with Radar,338,54,6,0,398,0,12,4,0,16,338,66,10,0,414,0,0,0,414
11/22/2021,STL,MO,ACE,CE,Towers with Radar,355,70,14,4,443,0,9,1,4,14,355,79,15,8,457,0,0,0,457
11/23/2021,STL,MO,ACE,CE,Towers with Radar,392,57,21,3,473,0,10,4,3,17,392,67,25,6,490,0,0,0,490
11/24/2021,STL,MO,ACE,CE,Towers with Radar,403,57,10,1,471,0,7,0,1,8,403,64,10,2,479,0,0,0,479
11/25/2021,STL,MO,ACE,CE,Towers with Radar,240,42,4,0,286,0,1,0,0,1,240,43,4,0,287,0,0,0,287
11/26/2021,STL,MO,ACE,CE,Towers with Radar,284,46,12,2,344,0,4,0,0,4,284,50,12,2,348,10,0,10,358
11/27/2021,STL,MO,ACE,CE,Towers with Radar,347,51,7,0,405,0,3,1,0,4,347,54,8,0,409,0,0,0,409
11/28/2021,STL,MO,ACE,CE,Towers with Radar,382,64,14,0,460,0,7,6,0,13,382,71,20,0,473,16,12,28,501
11/29/2021,STL,MO,ACE,CE,Towers with Radar,389,78,15,2,484,0,8,7,5,20,389,86,22,7,504,0,0,0,504
11/30/2021,STL,MO,ACE,CE,Towers with Radar,365,65,24,6,460,0,10,2,2,14,365,75,26,8,474,0,14,14,488
12/01/2021,STL,MO,ACE,CE,Towers with Radar,338,57,19,4,418,0,6,8,2,16,338,63,27,6,434,28,0,28,462
12/02/2021,STL,MO,ACE,CE,Towers with Radar,347,73,21,2,443,0,6,6,1,13,347,79,27,3,456,0,0,0,456
12/03/2021,STL,MO,ACE,CE,Towers with Radar,344,61,15,6,426,0,8,5,4,17,344,69,20,10,443,0,0,0,443
12/04/2021,STL,MO,ACE,CE,Towers with Radar,277,51,9,0,337,0,3,2,0,5,277,54,11,0,342,0,0,0,342
12/05/2021,STL,MO,ACE,CE,Towers with Radar,340,53,10,0,403,0,1,0,0,1,340,54,10,0,404,0,0,0,404
12/06/2021,STL,MO,ACE,CE,Towers with Radar,329,64,14,3,410,0,14,0,1,15,329,78,14,4,425,0,5,5,430
12/07/2021,STL,MO,ACE,CE,Towers with Radar,323,62,19,4,408,0,7,0,2,9,323,69,19,6,417,0,7,7,424
12/08/2021,STL,MO,ACE,CE,Towers with Radar,333,71,31,6,441,0,13,4,2,19,333,84,35,8,460,26,26,52,512
12/09/2021,STL,MO,ACE,CE,Towers with Radar,337,88,28,3,456,0,4,1,3,8,337,92,29,6,464,0,0,0,464
12/10/2021,STL,MO,ACE,CE,Towers with Radar,337,79,20,4,440,0,0,0,0,0,337,79,20,4,440,0,0,0,440
12/11/2021,STL,MO,ACE,CE,Towers with Radar,288,41,7,3,339,0,1,0,1,2,288,42,7,4,341,0,9,9,350
12/12/2021,STL,MO,ACE,CE,Towers with Radar,341,44,12,0,397,0,11,10,0,21,341,55,22,0,418,0,0,0,418
12/13/2021,STL,MO,ACE,CE,Towers with Radar,335,59,17,1,412,0,6,3,2,11,335,65,20,3,423,0,0,0,423
12/14/2021,STL,MO,ACE,CE,Towers with Radar,320,70,23,1,414,0,0,4,3,7,320,70,27,4,421,0,0,0,421
12/15/2021,STL,MO,ACE,CE,Towers with Radar,332,51,21,6,410,0,0,0,0,0,332,51,21,6,410,0,0,0,410
12/16/2021,STL,MO,ACE,CE,Towers with Radar,341,73,20,2,436,0,3,2,2,7,341,76,22,4,443,0,0,0,443
12/17/2021,STL,MO,ACE,CE,Towers with Radar,356,71,12,2,441,0,0,0,0,0,356,71,12,2,441,0,0,0,441
12/18/2021,STL,MO,ACE,CE,Towers with Radar,325,41,3,1,370,0,0,0,0,0,325,41,3,1,370,0,0,0,370
12/19/2021,STL,MO,ACE,CE,Towers with Radar,328,44,8,0,380,0,5,3,0,8,328,49,11,0,388,0,0,0,388
12/20/2021,STL,MO,ACE,CE,Towers with Radar,346,55,19,6,426,0,7,5,2,14,346,62,24,8,440,0,16,16,456
12/21/2021,STL,MO,ACE,CE,Towers with Radar,346,47,19,3,415,0,10,2,0,12,346,57,21,3,427,0,0,0,427
12/22/2021,STL,MO,ACE,CE,Towers with Radar,349,53,19,2,423,0,9,4,2,15,349,62,23,4,438,0,0,0,438
12/23/2021,STL,MO,ACE,CE,Towers with Radar,368,60,7,2,437,0,4,2,1,7,368,64,9,3,444,0,0,0,444
12/24/2021,STL,MO,ACE,CE,Towers with Radar,304,42,3,0,349,0,3,0,0,3,304,45,3,0,352,0,0,0,352
12/25/2021,STL,MO,ACE,CE,Towers with Radar,254,49,0,0,303,0,0,0,0,0,254,49,0,0,303,0,0,0,303
12/26/2021,STL,MO,ACE,CE,Towers with Radar,325,71,16,0,412,0,0,0,0,0,325,71,16,0,412,0,0,0,412
12/27/2021,STL,MO,ACE,CE,Towers with Radar,344,50,11,0,405,0,4,0,0,4,344,54,11,0,409,0,0,0,409
12/28/2021,STL,MO,ACE,CE,Towers with Radar,354,63,22,0,439,0,0,0,0,0,354,63,22,0,439,0,0,0,439
12/29/2021,STL,MO,ACE,CE,Towers with Radar,358,53,14,0,425,0,0,0,0,0,358,53,14,0,425,0,0,0,425
12/30/2021,STL,MO,ACE,CE,Towers with Radar,363,45,7,0,415,0,0,2,0,2,363,45,9,0,417,0,0,0,417
12/31/2021,STL,MO,ACE,CE,Towers with Radar,290,46,5,0,341,0,3,0,0,3,290,49,5,0,344,0,0,0,344
01/01/2022,STL,MO,ACE,CE,Towers with Radar,279,23,3,0,305,0,0,0,0,0,279,23,3,0,305,0,0,0,305
01/02/2022,STL,MO,ACE,CE,Towers with Radar,318,47,13,0,378,0,0,0,0,0,318,47,13,0,378,0,0,0,378
01/03/2022,STL,MO,ACE,CE,Towers with Radar,330,43,8,0,381,0,9,5,0,14,330,52,13,0,395,0,0,0,395
01/04/2022,STL,MO,ACE,CE,Towers with Radar,297,47,19,0,363,0,9,0,0,9,297,56,19,0,372,0,0,0,372
01/05/2022,STL,MO,ACE,CE,Towers with Radar,288,49,22,2,361,0,7,0,0,7,288,56,22,2,368,0,0,0,368
01/06/2022,STL,MO,ACE,CE,Towers with Radar,279,44,9,1,333,0,3,4,2,9,279,47,13,3,342,0,0,0,342
01/07/2022,STL,MO,ACE,CE,Towers with Radar,299,49,16,5,369,1,5,0,5,11,300,54,16,10,380,0,4,4,384
01/08/2022,STL,MO,ACE,CE,Towers with Radar,261,32,4,0,297,0,0,0,0,0,261,32,4,0,297,0,0,0,297
01/09/2022,STL,MO,ACE,CE,Towers with Radar,309,49,4,0,362,0,6,2,0,8,309,55,6,0,370,0,0,0,370
01/10/2022,STL,MO,ACE,CE,Towers with Radar,308,53,6,1,368,0,13,7,0,20,308,66,13,1,388,0,0,0,388
01/11/2022,STL,MO,ACE,CE,Towers with Radar,298,45,8,3,354,0,9,1,2,12,298,54,9,5,366,0,0,0,366
01/12/2022,STL,MO,ACE,CE,Towers with Radar,306,44,8,3,361,0,7,6,10,23,306,51,14,13,384,0,0,0,384
01/13/2022,STL,MO,ACE,CE,Towers with Radar,318,50,9,7,384,0,7,5,7,19,318,57,14,14,403,4,15,19,422
01/14/2022,STL,MO,ACE,CE,Towers with Radar,346,64,8,1,419,0,0,0,0,0,346,64,8,1,419,0,0,0,419
01/15/2022,STL,MO,ACE,CE,Towers with Radar,259,31,5,0,295,0,0,0,0,0,259,31,5,0,295,0,0,0,295
01/16/2022,STL,MO,ACE,CE,Towers with Radar,277,41,7,3,328,0,4,2,0,6,277,45,9,3,334,0,0,0,334
01/17/2022,STL,MO,ACE,CE,Towers with Radar,326,57,7,0,390,0,2,3,0,5,326,59,10,0,395,0,0,0,395
01/18/2022,STL,MO,ACE,CE,Towers with Radar,339,37,14,3,393,0,7,3,4,14,339,44,17,7,407,0,0,0,407
01/19/2022,STL,MO,ACE,CE,Towers with Radar,327,62,14,6,409,0,4,0,3,7,327,66,14,9,416,0,0,0,416
01/20/2022,STL,MO,ACE,CE,Towers with Radar,343,48,12,1,404,0,8,2,1,11,343,56,14,2,415,0,10,10,425
01/21/2022,STL,MO,ACE,CE,Towers with Radar,358,57,12,6,433,0,7,6,2,15,358,64,18,8,448,0,4,4,452
01/22/2022,STL,MO,ACE,CE,Towers with Radar,269,38,6,0,313,0,5,6,0,11,269,43,12,0,324,0,0,0,324
01/23/2022,STL,MO,ACE,CE,Towers with Radar,330,41,14,2,387,0,5,5,0,10,330,46,19,2,397,0,0,0,397
01/24/2022,STL,MO,ACE,CE,Towers with Radar,349,46,15,0,410,0,4,0,0,4,349,50,15,0,414,0,0,0,414
01/25/2022,STL,MO,ACE,CE,Towers with Radar,332,52,9,4,397,0,9,5,1,15,332,61,14,5,412,0,6,6,418
01/26/2022,STL,MO,ACE,CE,Towers with Radar,335,44,13,7,399,0,9,6,3,18,335,53,19,10,417,0,8,8,425
01/27/2022,STL,MO,ACE,CE,Towers with Radar,356,57,12,3,428,0,0,4,0,4,356,57,16,3,432,0,0,0,432
01/28/2022,STL,MO,ACE,CE,Towers with Radar,344,52,21,7,424,0,3,2,4,9,344,55,23,11,433,0,0,0,433
01/29/2022,STL,MO,ACE,CE,Towers with Radar,245,31,13,2,291,0,5,1,0,6,245,36,14,2,297,0,0,0,297
01/30/2022,STL,MO,ACE,CE,Towers with Radar,313,58,13,0,384,0,3,2,0,5,313,61,15,0,389,0,0,0,389
01/31/2022,STL,MO,ACE,CE,Towers with Radar,337,71,25,0,433,0,4,2,0,6,337,75,27,0,439,0,0,0,439
02/01/2022,STL,MO,ACE,CE,Towers with Radar,307,71,17,4,399,0,1,0,2,3,307,72,17,6,402,0,0,0,402
02/02/2022,STL,MO,ACE,CE,Towers with Radar,48,4,2,0,54,0,0,0,0,0,48,4,2,0,54,0,0,0,54
02/03/2022,STL,MO,ACE,CE,Towers with Radar,66,16,6,0,88,0,0,0,0,0,66,16,6,0,88,0,0,0,88
02/04/2022,STL,MO,ACE,CE,Towers with Radar,235,29,17,0,281,0,7,0,0,7,235,36,17,0,288,0,0,0,288
02/05/2022,STL,MO,ACE,CE,Towers with Radar,248,29,4,0,281,0,9,1,0,10,248,38,5,0,291,0,0,0,291
02/06/2022,STL,MO,ACE,CE,Towers with Radar,320,38,8,0,366,0,6,3,0,9,320,44,11,0,375,0,0,0,375
02/07/2022,STL,MO,ACE,CE,Towers with Radar,344,43,10,2,399,0,12,2,0,14,344,55,12,2,413,0,0,0,413
02/08/2022,STL,MO,ACE,CE,Towers with Radar,333,45,23,3,404,0,5,5,4,14,333,50,28,7,418,0,0,0,418
02/09/2022,STL,MO,ACE,CE,Towers with Radar,344,49,12,9,414,0,5,4,5,14,344,54,16,14,428,0,12,12,440
02/10/2022,STL,MO,ACE,CE,Towers with Radar,355,62,19,1,437,0,11,6,1,18,355,73,25,2,455,6,0,6,461
02/11/2022,STL,MO,ACE,CE,Towers with Radar,361,58,18,0,437,0,1,4,0,5,361,59,22,0,442,0,0,0,442
02/12/2022,STL,MO,ACE,CE,Towers with Radar,269,49,4,0,322,0,5,5,0,10,269,54,9,0,332,0,0,0,332
02/13/2022,STL,MO,ACE,CE,Towers with Radar,306,40,5,0,351,0,2,2,0,4,306,42,7,0,355,0,0,0,355
02/14/2022,STL,MO,ACE,CE,Towers with Radar,350,51,8,3,412,0,7,9,1,17,350,58,17,4,429,0,0,0,429
02/15/2022,STL,MO,ACE,CE,Towers with Radar,337,52,11,3,403,0,7,5,1,13,337,59,16,4,416,0,0,0,416
02/16/2022,STL,MO,ACE,CE,Towers with Radar,335,70,16,5,426,0,2,2,3,7,335,72,18,8,433,0,0,0,433
02/17/2022,STL,MO,ACE,CE,Towers with Radar,255,27,8,0,290,0,0,0,0,0,255,27,8,0,290,0,0,0,290
02/18/2022,STL,MO,ACE,CE,Towers with Radar,364,64,28,3,459,0,15,4,5,24,364,79,32,8,483,0,7,7,490
02/19/2022,STL,MO,ACE,CE,Towers with Radar,271,43,9,2,325,0,7,4,0,11,271,50,13,2,336,0,0,0,336
02/20/2022,STL,MO,ACE,CE,Towers with Radar,318,50,4,0,372,0,8,0,0,8,318,58,4,0,380,0,0,0,380
02/21/2022,STL,MO,ACE,CE,Towers with Radar,345,59,12,1,417,0,6,0,1,7,345,65,12,2,424,0,0,0,424
02/22/2022,STL,MO,ACE,CE,Towers with Radar,359,63,19,1,442,0,0,0,1,1,359,63,19,2,443,0,0,0,443
02/23/2022,STL,MO,ACE,CE,Towers with Radar,306,59,17,1,383,0,0,4,4,8,306,59,21,5,391,12,0,12,403
02/24/2022,STL,MO,ACE,CE,Towers with Radar,268,30,8,0,306,0,0,0,0,0,268,30,8,0,306,0,0,0,306
02/25/2022,STL,MO,ACE,CE,Towers with Radar,354,68,18,5,445,0,0,0,1,1,354,68,18,6,446,0,0,0,446
02/26/2022,STL,MO,ACE,CE,Towers with Radar,284,45,7,3,339,0,5,2,3,10,284,50,9,6,349,0,0,0,349
02/27/2022,STL,MO,ACE,CE,Towers with Radar,333,51,12,1,397,0,8,3,1,12,333,59,15,2,409,0,0,0,409
02/28/2022,STL,MO,ACE,CE,Towers with Radar,358,58,20,8,444,0,14,4,3,21,358,72,24,11,465,0,0,0,465
03/01/2022,STL,MO,ACE,CE,Towers with Radar,346,58,18,3,425,0,7,6,1,14,346,65,24,4,439,0,0,0,439
03/02/2022,STL,MO,ACE,CE,Towers with Radar,347,82,27,6,462,0,6,6,5,17,347,88,33,11,479,0,20,20,499
03/03/2022,STL,MO,ACE,CE,Towers with Radar,360,64,22,3,449,0,4,6,5,15,360,68,28,8,464,0,12,12,476
03/04/2022,STL,MO,ACE,CE,Towers with Radar,337,59,12,4,412,0,12,6,2,20,337,71,18,6,432,6,0,6,438
03/05/2022,STL,MO,ACE,CE,Towers with Radar,284,46,5,5,340,0,1,2,0,3,284,47,7,5,343,0,0,0,343
03/06/2022,STL,MO,ACE,CE,Towers with Radar,305,57,14,0,376,0,2,4,0,6,305,59,18,0,382,0,0,0,382
03/07/2022,STL,MO,ACE,CE,Towers with Radar,340,63,16,0,419,0,2,0,0,2,340,65,16,0,421,0,0,0,421
03/08/2022,STL,MO,ACE,CE,Towers with Radar,335,58,22,0,415,0,5,3,0,8,335,63,25,0,423,0,0,0,423
03/09/2022,STL,MO,ACE,CE,Towers with Radar,333,59,31,6,429,0,6,3,0,9,333,65,34,6,438,0,0,0,438
03/10/2022,STL,MO,ACE,CE,Towers with Radar,376,75,22,7,480,0,2,4,0,6,376,77,26,7,486,4,16,20,506
03/11/2022,STL,MO,ACE,CE,Towers with Radar,384,60,15,2,461,0,2,0,0,2,384,62,15,2,463,0,0,0,463
03/12/2022,STL,MO,ACE,CE,Towers with Radar,294,40,16,0,350,0,8,5,0,13,294,48,21,0,363,12,0,12,375
03/13/2022,STL,MO,ACE,CE,Towers with Radar,347,38,19,0,404,0,9,7,1,17,347,47,26,1,421,0,0,0,421
03/14/2022,STL,MO,ACE,CE,Towers with Radar,373,55,14,0,442,0,6,7,0,13,373,61,21,0,455,0,0,0,455
03/15/2022,STL,MO,ACE,CE,Towers with Radar,367,44,9,6,426,0,2,3,13,18,367,46,12,19,444,0,4,4,448
03/16/2022,STL,MO,ACE,CE,Towers with Radar,358,65,19,0,442,0,4,6,4,14,358,69,25,4,456,10,0,10,466
03/17/2022,STL,MO,ACE,CE,Towers with Radar,368,45,17,1,431,0,6,2,1,9,368,51,19,2,440,0,0,0,440
03/18/2022,STL,MO,ACE,CE,Towers with Radar,367,41,13,0,421,0,0,0,1,1,367,41,13,1,422,0,0,0,422
03/19/2022,STL,MO,ACE,CE,Towers with Radar,313,45,11,1,370,0,1,0,1,2,313,46,11,2,372,0,0,0,372
03/20/2022,STL,MO,ACE,CE,Towers with Radar,366,45,15,0,426,1,5,0,0,6,367,50,15,0,432,0,0,0,432
03/21/2022,STL,MO,ACE,CE,Towers with Radar,372,46,13,1,432,0,6,1,1,8,372,52,14,2,440,0,0,0,440
03/22/2022,STL,MO,ACE,CE,Towers with Radar,358,55,24,12,449,0,0,0,0,0,358,55,24,12,449,0,0,0,449
03/23/2022,STL,MO,ACE,CE,Towers with Radar,362,65,15,5,447,0,0,0,2,2,362,65,15,7,449,0,0,0,449
03/24/2022,STL,MO,ACE,CE,Towers with Radar,379,69,10,2,460,0,0,0,0,0,379,69,10,2,460,0,0,0,460
03/25/2022,STL,MO,ACE,CE,Towers with Radar,391,66,8,10,475,0,3,1,7,11,391,69,9,17,486,6,9,15,501
03/26/2022,STL,MO,ACE,CE,Towers with Radar,318,37,11,2,368,0,9,3,0,12,318,46,14,2,380,0,0,0,380
03/27/2022,STL,MO,ACE,CE,Towers with Radar,363,62,11,1,437,0,9,5,0,14,363,71,16,1,451,0,0,0,451
03/28/2022,STL,MO,ACE,CE,Towers with Radar,382,63,16,4,465,0,10,11,6,27,382,73,27,10,492,0,0,0,492
03/29/2022,STL,MO,ACE,CE,Towers with Radar,376,53,7,13,449,0,4,2,5,11,376,57,9,18,460,0,0,0,460
03/30/2022,STL,MO,ACE,CE,Towers with Radar,363,65,8,1,437,0,0,0,0,0,363,65,8,1,437,0,0,0,437
03/31/2022,STL,MO,ACE,CE,Towers with Radar,366,58,19,8,451,0,1,1,1,3,366,59,20,9,454,0,0,0,454
04/01/2022,STL,MO,ACE,CE,Towers with Radar,380,37,16,6,439,0,10,9,6,25,380,47,25,12,464,0,10,10,474
04/02/2022,STL,MO,ACE,CE,Towers with Radar,280,45,10,2,337,0,5,0,0,5,280,50,10,2,342,0,0,0,342
04/03/2022,STL,MO,ACE,CE,Towers with Radar,330,42,15,0,387,0,15,8,2,25,330,57,23,2,412,0,0,0,412
04/04/2022,STL,MO,ACE,CE,Towers with Radar,367,38,10,5,420,0,7,7,0,14,367,45,17,5,434,0,0,0,434
04/05/2022,STL,MO,ACE,CE,Towers with Radar,371,52,9,5,437,0,0,3,0,3,371,52,12,5,440,0,0,0,440
04/06/2022,STL,MO,ACE,CE,Towers with Radar,374,60,23,7,464,0,5,4,3,12,374,65,27,10,476,0,12,12,488
04/07/2022,STL,MO,ACE,CE,Towers with Radar,364,59,17,10,450,0,4,0,4,8,364,63,17,14,458,0,0,0,458
04/08/2022,STL,MO,ACE,CE,Towers with Radar,386,70,22,2,480,0,0,0,0,0,386,70,22,2,480,0,0,0,480
04/09/2022,STL,MO,ACE,CE,Towers with Radar,263,60,12,0,335,0,5,3,0,8,263,65,15,0,343,0,0,0,343
04/10/2022,STL,MO,ACE,CE,Towers with Radar,353,50,12,0,415,0,5,2,0,7,353,55,14,0,422,0,0,0,422
04/11/2022,STL,MO,ACE,CE,Towers with Radar,374,50,17,4,445,0,3,0,0,3,374,53,17,4,448,0,0,0,448
04/12/2022,STL,MO,ACE,CE,Towers with Radar,370,55,38,7,470,0,1,0,0,1,370,56,38,7,471,0,0,0,471
04/13/2022,STL,MO,ACE,CE,Towers with Radar,363,45,13,0,421,0,2,0,0,2,363,47,13,0,423,0,0,0,423
04/14/2022,STL,MO,ACE,CE,Towers with Radar,378,59,19,3,459,0,5,3,4,12,378,64,22,7,471,0,0,0,471
04/15/2022,STL,MO,ACE,CE,Towers with Radar,370,52,13,5,440,0,4,2,1,7,370,56,15,6,447,0,0,0,447
04/16/2022,STL,MO,ACE,CE,Towers with Radar,265,36,5,0,306,0,4,7,0,11,265,40,12,0,317,10,0,10,327
04/17/2022,STL,MO,ACE,CE,Towers with Radar,348,45,11,0,404,0,3,0,0,3,348,48,11,0,407,0,0,0,407
04/18/2022,STL,MO,ACE,CE,Towers with Radar,370,47,10,0,427,0,3,0,0,3,370,50,10,0,430,0,0,0,430
04/19/2022,STL,MO,ACE,CE,Towers with Radar,371,59,14,2,446,0,5,1,2,8,371,64,15,4,454,0,0,0,454
04/20/2022,STL,MO,ACE,CE,Towers with Radar,370,59,22,2,453,0,1,0,0,1,370,60,22,2,454,0,0,0,454
04/21/2022,STL,MO,ACE,CE,Towers with Radar,372,68,21,2,463,0,2,1,2,5,372,70,22,4,468,0,0,0,468
04/22/2022,STL,MO,ACE,CE,Towers with Radar,382,60,11,4,457,0,1,4,2,7,382,61,15,6,464,0,0,0,464
04/23/2022,STL,MO,ACE,CE,Towers with Radar,266,47,20,1,334,0,3,0,1,4,266,50,20,2,338,0,0,0,338
04/24/2022,STL,MO,ACE,CE,Towers with Radar,340,54,14,0,408,0,1,0,0,1,340,55,14,0,409,0,0,0,409
04/25/2022,STL,MO,ACE,CE,Towers with Radar,372,61,16,4,453,0,2,6,5,13,372,63,22,9,466,0,2,2,468
04/26/2022,STL,MO,ACE,CE,Towers with Radar,373,65,17,2,457,0,10,2,2,14,373,75,19,4,471,0,0,0,471
04/27/2022,STL,MO,ACE,CE,Towers with Radar,381,74,28,9,492,0,5,3,6,14,381,79,31,15,506,0,16,16,522
04/28/2022,STL,MO,ACE,CE,Towers with Radar,373,70,22,6,471,0,2,1,3,6,373,72,23,9,477,0,6,6,483
04/29/2022,STL,MO,ACE,CE,Towers with Radar,384,70,12,5,471,0,3,2,0,5,384,73,14,5,476,0,0,0,476
04/30/2022,STL,MO,ACE,CE,Towers with Radar,303,49,10,0,362,0,1,0,0,1,303,50,10,0,363,0,0,0,363
05/01/2022,STL,MO,ACE,CE,Towers with Radar,356,48,13,0,417,0,8,2,0,10,356,56,15,0,427,0,0,0,427
05/02/2022,STL,MO,ACE,CE,Towers with Radar,368,57,11,5,441,0,4,1,5,10,368,61,12,10,451,0,0,0,451
05/03/2022,STL,MO,ACE,CE,Towers with Radar,370,78,19,2,469,0,0,0,1,1,370,78,19,3,470,0,0,0,470
05/04/2022,STL,MO,ACE,CE,Towers with Radar,376,83,21,10,490,0,0,1,2,3,376,83,22,12,493,0,0,0,493
05/05/2022,STL,MO,ACE,CE,Towers with Radar,382,80,13,1,476,0,0,0,0,0,382,80,13,1,476,0,0,0,476
05/06/2022,STL,MO,ACE,CE,Towers with Radar,393,76,12,0,481,0,0,0,0,0,393,76,12,0,481,0,0,0,481
05/07/2022,STL,MO,ACE,CE,Towers with Radar,280,52,4,0,336,0,2,5,0,7,280,54,9,0,343,0,0,0,343
05/08/2022,STL,MO,ACE,CE,Towers with Radar,358,57,8,0,423,0,6,2,0,8,358,63,10,0,431,0,0,0,431
05/09/2022,STL,MO,ACE,CE,Towers with Radar,401,64,17,1,483,0,8,0,2,10,401,72,17,3,493,0,0,0,493
05/10/2022,STL,MO,ACE,CE,Towers with Radar,384,77,25,0,486,0,4,3,1,8,384,81,28,1,494,4,0,4,498
05/11/2022,STL,MO,ACE,CE,Towers with Radar,376,80,20,5,481,0,6,0,2,8,376,86,20,7,489,0,2,2,491
05/12/2022,STL,MO,ACE,CE,Towers with Radar,387,68,18,1,474,0,7,4,0,11,387,75,22,1,485,0,0,0,485
05/13/2022,STL,MO,ACE,CE,Towers with Radar,387,74,17,2,480,0,8,4,3,15,387,82,21,5,495,0,0,0,495
05/14/2022,STL,MO,ACE,CE,Towers with Radar,288,43,10,0,341,0,6,9,0,15,288,49,19,0,356,0,0,0,356
05/15/2022,STL,MO,ACE,CE,Towers with Radar,353,51,12,0,416,0,5,1,0,6,353,56,13,0,422,0,0,0,422
05/16/2022,STL,MO,ACE,CE,Towers with Radar,374,59,10,7,450,0,10,4,4,18,374,69,14,11,468,0,0,0,468
05/17/2022,STL,MO,ACE,CE,Towers with Radar,364,60,14,15,453,0,7,2,3,12,364,67,16,18,465,0,14,14,479
05/18/2022,STL,MO,ACE,CE,Towers with Radar,391,78,24,5,498,0,2,7,1,10,391,80,31,6,508,0,0,0,508
05/19/2022,STL,MO,ACE,CE,Towers with Radar,391,68,22,1,482,0,9,2,1,12,391,77,24,2,494,0,0,0,494
05/20/2022,STL,MO,ACE,CE,Towers with Radar,381,61,18,5,465,0,11,5,1,17,381,72,23,6,482,0,0,0,482
05/21/2022,STL,MO,ACE,CE,Towers with Radar,289,58,11,0,358,0,0,0,0,0,289,58,11,0,358,0,0,0,358
05/22/2022,STL,MO,ACE,CE,Towers with Radar,346,55,6,0,407,0,8,1,0,9,346,63,7,0,416,0,0,0,416
05/23/2022,STL,MO,ACE,CE,Towers with Radar,383,60,22,2,467,0,11,2,0,13,383,71,24,2,480,0,0,0,480
05/24/2022,STL,MO,ACE,CE,Towers with Radar,368,73,26,1,468,0,3,0,0,3,368,76,26,1,471,0,0,0,471
05/25/2022,STL,MO,ACE,CE,Towers with Radar,393,71,20,0,484,0,0,1,0,1,393,71,21,0,485,0,0,0,485
05/26/2022,STL,MO,ACE,CE,Towers with Radar,388,65,22,4,479,0,2,0,0,2,388,67,22,4,481,0,0,0,481
05/27/2022,STL,MO,ACE,CE,Towers with Radar,377,61,18,4,460,0,0,0,0,0,377,61,18,4,460,0,0,0,460
05/28/2022,STL,MO,ACE,CE,Towers with Radar,273,44,6,1,324,0,5,4,2,11,273,49,10,3,335,0,0,0,335
05/29/2022,STL,MO,ACE,CE,Towers with Radar,350,31,4,0,385,0,8,2,0,10,350,39,6,0,395,0,0,0,395
05/30/2022,STL,MO,ACE,CE,Towers with Radar,380,39,7,0,426,0,13,3,0,16,380,52,10,0,442,0,0,0,442
05/31/2022,STL,MO,ACE,CE,Towers with Radar,373,50,11,1,435,0,12,8,1,21,373,62,19,2,456,0,0,0,456
06/01/2022,STL,MO,ACE,CE,Towers with Radar,359,49,11,4,423,0,3,0,0,3,359,52,11,4,426,0,0,0,426
06/02/2022,STL,MO,ACE,CE,Towers with Radar,388,65,8,3,464,0,10,8,7,25,388,75,16,10,489,0,0,0,489
06/03/2022,STL,MO,ACE,CE,Towers with Radar,392,61,34,27,514,0,2,2,8,12,392,63,36,35,526,0,26,26,552
06/04/2022,STL,MO,ACE,CE,Towers with Radar,284,36,6,0,326,0,8,1,0,9,284,44,7,0,335,0,0,0,335
06/05/2022,STL,MO,ACE,CE,Towers with Radar,369,56,15,0,440,0,8,0,0,8,369,64,15,0,448,0,0,0,448
06/06/2022,STL,MO,ACE,CE,Towers with Radar,392,59,11,0,462,0,5,0,0,5,392,64,11,0,467,0,0,0,467
06/07/2022,STL,MO,ACE,CE,Towers with Radar,388,74,29,7,498,0,3,4,6,13,388,77,33,13,511,0,0,0,511
06/08/2022,STL,MO,ACE,CE,Towers with Radar,384,75,20,1,480,0,1,3,2,6,384,76,23,3,486,0,0,0,486
06/09/2022,STL,MO,ACE,CE,Towers with Radar,396,90,31,9,526,0,8,3,7,18,396,98,34,16,544,0,0,0,544
06/10/2022,STL,MO,ACE,CE,Towers with Radar,407,83,29,5,524,0,1,1,3,5,407,84,30,8,529,0,0,0,529
06/11/2022,STL,MO,ACE,CE,Towers with Radar,329,51,15,0,395,0,0,0,0,0,329,51,15,0,395,0,0,0,395
06/12/2022,STL,MO,ACE,CE,Towers with Radar,372,52,24,1,449,0,4,0,0,4,372,56,24,1,453,0,0,0,453
06/13/2022,STL,MO,ACE,CE,Towers with Radar,411,52,17,7,487,0,2,2,2,6,411,54,19,9,493,0,7,7,500
06/14/2022,STL,MO,ACE,CE,Towers with Radar,394,57,23,2,476,0,5,2,1,8,394,62,25,3,484,0,0,0,484
06/15/2022,STL,MO,ACE,CE,Towers with Radar,395,61,20,8,484,0,11,3,9,23,395,72,23,17,507,0,0,0,507
06/16/2022,STL,MO,ACE,CE,Towers with Radar,369,60,22,13,464,0,5,4,0,9,369,65,26,13,473,0,0,0,473
06/17/2022,STL,MO,ACE,CE,Towers with Radar,388,63,20,12,483,0,11,1,2,14,388,74,21,14,497,0,0,0,497
06/18/2022,STL,MO,ACE,CE,Towers with Radar,319,38,7,0,364,0,11,10,0,21,319,49,17,0,385,0,0,0,385
06/19/2022,STL,MO,ACE,CE,Towers with Radar,358,45,15,0,418,0,3,6,0,9,358,48,21,0,427,0,0,0,427
06/20/2022,STL,MO,ACE,CE,Towers with Radar,398,52,23,0,473,0,10,0,0,10,398,62,23,0,483,0,0,0,483
06/21/2022,STL,MO,ACE,CE,Towers with Radar,388,65,16,6,475,0,7,5,2,14,388,72,21,8,489,0,18,18,507
06/22/2022,STL,MO,ACE,CE,Towers with Radar,375,72,21,1,469,0,6,10,1,17,375,78,31,2,486,0,0,0,486
06/23/2022,STL,MO,ACE,CE,Towers with Radar,386,72,17,3,478,0,9,7,1,17,386,81,24,4,495,0,0,0,495
06/24/2022,STL,MO,ACE,CE,Towers with Radar,395,55,16,1,467,0,8,1,2,11,395,63,17,3,478,0,0,0,478
06/25/2022,STL,MO,ACE,CE,Towers with Radar,329,47,8,0,384,0,4,4,0,8,329,51,12,0,392,0,0,0,392
06/26/2022,STL,MO,ACE,CE,Towers with Radar,360,49,5,0,414,0,7,3,0,10,360,56,8,0,424,0,0,0,424
06/27/2022,STL,MO,ACE,CE,Towers with Radar,377,60,11,2,450,0,3,6,2,11,377,63,17,4,461,0,8,8,469
06/28/2022,STL,MO,ACE,CE,Towers with Radar,387,51,31,6,475,0,4,10,4,18,387,55,41,10,493,0,0,0,493
06/29/2022,STL,MO,ACE,CE,Towers with Radar,378,66,19,8,471,0,7,6,6,19,378,73,25,14,490,8,24,32,522
06/30/2022,STL,MO,ACE,CE,Towers with Radar,390,62,14,2,468,0,4,1,2,7,390,66,15,4,475,0,0,0,475
07/01/2022,STL,MO,ACE,CE,Towers with Radar,390,71,22,2,485,0,3,1,2,6,390,74,23,4,491,0,0,0,491
07/02/2022,STL,MO,ACE,CE,Towers with Radar,321,37,4,0,362,0,1,0,0,1,321,38,4,0,363,0,0,0,363
07/03/2022,STL,MO,ACE,CE,Towers with Radar,350,29,5,0,384,0,6,2,0,8,350,35,7,0,392,0,0,0,392
07/04/2022,STL,MO,ACE,CE,Towers with Radar,372,29,4,0,405,0,2,0,0,2,372,31,4,0,407,0,0,0,407
07/05/2022,STL,MO,ACE,CE,Towers with Radar,388,41,15,2,446,0,5,4,2,11,388,46,19,4,457,0,0,0,457
07/06/2022,STL,MO,ACE,CE,Towers with Radar,392,46,15,5,458,0,2,0,2,4,392,48,15,7,462,0,0,0,462
07/07/2022,STL,MO,ACE,CE,Towers with Radar,394,52,15,0,461,0,2,5,0,7,394,54,20,0,468,0,0,0,468
07/08/2022,STL,MO,ACE,CE,Towers with Radar,401,52,7,10,470,0,2,2,3,7,401,54,9,13,477,4,24,28,505
07/09/2022,STL,MO,ACE,CE,Towers with Radar,342,48,6,0,396,0,1,0,0,1,342,49,6,0,397,0,0,0,397
07/10/2022,STL,MO,ACE,CE,Towers with Radar,374,40,3,0,417,0,8,1,0,9,374,48,4,0,426,0,0,0,426
07/11/2022,STL,MO,ACE,CE,Towers with Radar,410,58,12,3,483,0,3,3,0,6,410,61,15,3,489,0,0,0,489
07/12/2022,STL,MO,ACE,CE,Towers with Radar,382,50,18,9,459,0,4,4,1,9,382,54,22,10,468,0,1,1,469
07/13/2022,STL,MO,ACE,CE,Towers with Radar,394,65,20,4,483,0,5,8,3,16,394,70,28,7,499,20,6,26,525
07/14/2022,STL,MO,ACE,CE,Towers with Radar,392,64,17,0,473,0,4,2,0,6,392,68,19,0,479,0,0,0,479
07/15/2022,STL,MO,ACE,CE,Towers with Radar,405,49,12,4,470,0,4,0,6,10,405,53,12,10,480,6,10,16,496
07/16/2022,STL,MO,ACE,CE,Towers with Radar,329,46,8,0,383,0,1,2,0,3,329,47,10,0,386,6,0,6,392
07/17/2022,STL,MO,ACE,CE,Towers with Radar,375,53,9,0,437,0,1,2,0,3,375,54,11,0,440,0,0,0,440
07/18/2022,STL,MO,ACE,CE,Towers with Radar,377,47,15,10,449,0,0,1,2,3,377,47,16,12,452,0,16,16,468
07/19/2022,STL,MO,ACE,CE,Towers with Radar,395,48,11,1,455,0,2,3,1,6,395,50,14,2,461,0,2,2,463
07/20/2022,STL,MO,ACE,CE,Towers with Radar,394,50,14,3,461,0,6,7,1,14,394,56,21,4,475,4,0,4,479
07/21/2022,STL,MO,ACE,CE,Towers with Radar,389,62,23,2,476,0,2,2,4,8,389,64,25,6,484,0,0,0,484
07/22/2022,STL,MO,ACE,CE,Towers with Radar,409,57,18,0,484,0,2,6,0,8,409,59,24,0,492,8,0,8,500
07/23/2022,STL,MO,ACE,CE,Towers with Radar,342,40,8,1,391,0,1,2,0,3,342,41,10,1,394,0,0,0,394
07/24/2022,STL,MO,ACE,CE,Towers with Radar,372,44,14,1,431,0,1,4,0,5,372,45,18,1,436,4,0,4,440
07/25/2022,STL,MO,ACE,CE,Towers with Radar,370,44,15,0,429,0,0,2,0,2,370,44,17,0,431,0,0,0,431
07/26/2022,STL,MO,ACE,CE,Towers with Radar,317,54,11,3,385,0,0,3,1,4,317,54,14,4,389,0,4,4,393
07/27/2022,STL,MO,ACE,CE,Towers with Radar,398,58,28,4,488,0,1,8,0,9,398,59,36,4,497,2,6,8,505
07/28/2022,STL,MO,ACE,CE,Towers with Radar,397,71,20,1,489,0,0,4,1,5,397,71,24,2,494,0,0,0,494
07/29/2022,STL,MO,ACE,CE,Towers with Radar,401,52,18,5,476,0,1,5,3,9,401,53,23,8,485,12,4,16,501
07/30/2022,STL,MO,ACE,CE,Towers with Radar,334,32,6,0,372,0,2,2,0,4,334,34,8,0,376,2,0,2,378
07/31/2022,STL,MO,ACE,CE,Towers with Radar,366,37,14,0,417,0,1,1,0,2,366,38,15,0,419,0,0,0,419
08/01/2022,STL,MO,ACE,CE,Towers with Radar,401,48,11,0,460,0,2,7,0,9,401,50,18,0,469,0,0,0,469
08/02/2022,STL,MO,ACE,CE,Towers with Radar,392,62,21,0,475,0,3,0,0,3,392,65,21,0,478,0,0,0,478
08/03/2022,STL,MO,ACE,CE,Towers with Radar,359,47,22,0,428,0,4,0,0,4,359,51,22,0,432,0,0,0,432
08/04/2022,STL,MO,ACE,CE,Towers with Radar,395,68,12,1,476,0,2,8,0,10,395,70,20,1,486,20,0,20,506
08/05/2022,STL,MO,ACE,CE,Towers with Radar,373,53,15,0,441,0,1,3,0,4,373,54,18,0,445,2,0,2,447
08/06/2022,STL,MO,ACE,CE,Towers with Radar,336,43,15,2,396,0,0,4,0,4,336,43,19,2,400,0,0,0,400
08/07/2022,STL,MO,ACE,CE,Towers with Radar,373,54,8,2,437,0,3,2,0,5,373,57,10,2,442,4,0,4,446
08/08/2022,STL,MO,ACE,CE,Towers with Radar,389,51,24,0,464,0,0,3,0,3,389,51,27,0,467,0,0,0,467
08/09/2022,STL,MO,ACE,CE,Towers with Radar,390,68,13,3,474,0,0,0,1,1,390,68,13,4,475,0,0,0,475
08/10/2022,STL,MO,ACE,CE,Towers with Radar,363,61,13,4,441,0,0,5,1,6,363,61,18,5,447,0,0,0,447
08/11/2022,STL,MO,ACE,CE,Towers with Radar,396,53,17,5,471,0,9,16,2,27,396,62,33,7,498,16,10,26,524
08/12/2022,STL,MO,ACE,CE,Towers with Radar,402,58,21,3,484,0,0,2,1,3,402,58,23,4,487,0,0,0,487
08/13/2022,STL,MO,ACE,CE,Towers with Radar,339,35,13,0,387,0,0,8,0,8,339,35,21,0,395,0,0,0,395
08/14/2022,STL,MO,ACE,CE,Towers with Radar,371,41,8,0,420,0,0,4,0,4,371,41,12,0,424,0,0,0,424
08/15/2022,STL,MO,ACE,CE,Towers with Radar,382,44,13,2,441,0,0,2,1,3,382,44,15,3,444,0,0,0,444
08/16/2022,STL,MO,ACE,CE,Towers with Radar,383,61,17,2,463,0,1,4,1,6,383,62,21,3,469,0,6,6,475
08/17/2022,STL,MO,ACE,CE,Towers with Radar,386,69,14,7,476,0,0,0,8,8,386,69,14,15,484,0,22,22,506
08/18/2022,STL,MO,ACE,CE,Towers with Radar,398,61,16,5,480,0,0,4,2,6,398,61,20,7,486,6,4,10,496
08/19/2022,STL,MO,ACE,CE,Towers with Radar,399,54,19,4,476,0,1,3,4,8,399,55,22,8,484,0,0,0,484
08/20/2022,STL,MO,ACE,CE,Towers with Radar,339,56,3,0,398,0,0,1,0,1,339,56,4,0,399,2,0,2,401
08/21/2022,STL,MO,ACE,CE,Towers with Radar,357,60,15,0,432,0,0,6,0,6,357,60,21,0,438,22,0,22,460
08/22/2022,STL,MO,ACE,CE,Towers with Radar,368,47,16,2,433,0,0,2,0,2,368,47,18,2,435,0,0,0,435
08/23/2022,STL,MO,ACE,CE,Towers with Radar,384,63,13,6,466,0,2,3,3,8,384,65,16,9,474,0,0,0,474
08/24/2022,STL,MO,ACE,CE,Towers with Radar,385,70,17,11,483,0,2,6,9,17,385,72,23,20,500,0,20,20,520
08/25/2022,STL,MO,ACE,CE,Towers with Radar,391,52,15,8,466,0,0,0,4,4,391,52,15,12,470,0,30,30,500
08/26/2022,STL,MO,ACE,CE,Towers with Radar,399,54,17,1,471,0,1,0,0,1,399,55,17,1,472,0,2,2,474
08/27/2022,STL,MO,ACE,CE,Towers with Radar,337,44,4,0,385,0,3,4,0,7,337,47,8,0,392,0,2,2,394
08/28/2022,STL,MO,ACE,CE,Towers with Radar,362,38,11,0,411,0,0,0,0,0,362,38,11,0,411,0,0,0,411
08/29/2022,STL,MO,ACE,CE,Towers with Radar,386,44,16,1,447,0,4,0,2,6,386,48,16,3,453,0,8,8,461
08/30/2022,STL,MO,ACE,CE,Towers with Radar,372,58,7,5,442,0,2,5,2,9,372,60,12,7,451,0,22,22,473
08/31/2022,STL,MO,ACE,CE,Towers with Radar,390,52,22,2,466,0,2,4,2,8,390,54,26,4,474,0,0,0,474
09/01/2022,STL,MO,ACE,CE,Towers with Radar,390,55,13,6,464,0,1,2,2,5,390,56,15,8,469,0,16,16,485
09/02/2022,STL,MO,ACE,CE,Towers with Radar,399,70,12,5,486,0,0,4,2,6,399,70,16,7,492,0,2,2,494
09/03/2022,STL,MO,ACE,CE,Towers with Radar,323,34,3,1,361,0,0,4,0,4,323,34,7,1,365,0,0,0,365
09/04/2022,STL,MO,ACE,CE,Towers with Radar,323,40,9,0,372,0,0,0,0,0,323,40,9,0,372,0,0,0,372
09/05/2022,STL,MO,ACE,CE,Towers with Radar,384,44,9,0,437,0,0,0,0,0,384,44,9,0,437,0,0,0,437
09/06/2022,STL,MO,ACE,CE,Towers with Radar,369,51,11,0,431,0,2,4,0,6,369,53,15,0,437,0,0,0,437
09/07/2022,STL,MO,ACE,CE,Towers with Radar,379,72,20,5,476,0,2,5,4,11,379,74,25,9,487,0,8,8,495
09/08/2022,STL,MO,ACE,CE,Towers with Radar,376,74,21,3,474,0,0,5,10,15,376,74,26,13,489,0,0,0,489
09/09/2022,STL,MO,ACE,CE,Towers with Radar,387,65,14,0,466,0,1,1,0,2,387,66,15,0,468,0,0,0,468
09/10/2022,STL,MO,ACE,CE,Towers with Radar,315,38,7,2,362,0,1,2,0,3,315,39,9,2,365,0,0,0,365
09/11/2022,STL,MO,ACE,CE,Towers with Radar,377,70,12,1,460,1,0,0,0,1,378,70,12,1,461,6,2,8,469
09/12/2022,STL,MO,ACE,CE,Towers with Radar,393,65,18,7,483,2,0,0,1,3,395,65,18,8,486,0,0,0,486
09/13/2022,STL,MO,ACE,CE,Towers with Radar,373,57,10,7,447,2,0,0,1,3,375,57,10,8,450,0,24,24,474
09/14/2022,STL,MO,ACE,CE,Towers with Radar,387,77,11,5,480,2,2,3,1,8,389,79,14,6,488,6,0,6,494
09/15/2022,STL,MO,ACE,CE,Towers with Radar,384,73,22,1,480,3,3,0,1,7,387,76,22,2,487,0,6,6,493
09/16/2022,STL,MO,ACE,CE,Towers with Radar,400,72,11,5,488,2,1,5,3,11,402,73,16,8,499,0,56,56,555
09/17/2022,STL,MO,ACE,CE,Towers with Radar,308,47,4,0,359,4,0,3,0,7,312,47,7,0,366,0,0,0,366
09/18/2022,STL,MO,ACE,CE,Towers with Radar,380,73,8,2,463,1,0,1,2,4,381,73,9,4,467,0,8,8,475
09/19/2022,STL,MO,ACE,CE,Towers with Radar,378,72,13,3,466,1,1,6,3,11,379,73,19,6,477,0,2,2,479
09/20/2022,STL,MO,ACE,CE,Towers with Radar,386,81,16,4,487,4,1,0,3,8,390,82,16,7,495,0,0,0,495
09/21/2022,STL,MO,ACE,CE,Towers with Radar,374,57,25,4,460,2,0,5,0,7,376,57,30,4,467,0,0,0,467
09/22/2022,STL,MO,ACE,CE,Towers with Radar,376,58,18,4,456,6,1,4,1,12,382,59,22,5,468,0,12,12,480
09/23/2022,STL,MO,ACE,CE,Towers with Radar,393,61,16,3,473,2,1,0,5,8,395,62,16,8,481,0,0,0,481
09/24/2022,STL,MO,ACE,CE,Towers with Radar,316,40,6,0,362,1,0,0,0,1,317,40,6,0,363,0,0,0,363
09/25/2022,STL,MO,ACE,CE,Towers with Radar,378,40,13,0,431,1,1,0,0,2,379,41,13,0,433,0,0,0,433
09/26/2022,STL,MO,ACE,CE,Towers with Radar,384,63,21,4,472,2,4,2,6,14,386,67,23,10,486,0,0,0,486
09/27/2022,STL,MO,ACE,CE,Towers with Radar,372,65,16,2,455,3,7,7,1,18,375,72,23,3,473,2,8,10,483
09/28/2022,STL,MO,ACE,CE,Towers with Radar,354,72,12,5,443,1,0,3,5,9,355,72,15,10,452,0,0,0,452
09/29/2022,STL,MO,ACE,CE,Towers with Radar,361,72,30,5,468,0,2,1,3,6,361,74,31,8,474,0,0,0,474
09/30/2022,STL,MO,ACE,CE,Towers with Radar,373,53,16,6,448,4,1,1,3,9,377,54,17,9,457,2,14,16,473
10/01/2022,STL,MO,ACE,CE,Towers with Radar,298,39,6,0,343,2,6,1,0,9,300,45,7,0,352,0,0,0,352
10/02/2022,STL,MO,ACE,CE,Towers with Radar,372,44,12,0,428,1,4,2,0,7,373,48,14,0,435,0,0,0,435
10/03/2022,STL,MO,ACE,CE,Towers with Radar,373,65,14,6,458,1,2,10,0,13,374,67,24,6,471,14,2,16,487
10/04/2022,STL,MO,ACE,CE,Towers with Radar,370,62,12,2,446,2,2,4,4,12,372,64,16,6,458,26,6,32,490
10/05/2022,STL,MO,ACE,CE,Towers with Radar,371,59,19,3,452,3,1,2,7,13,374,60,21,10,465,0,0,0,465
10/06/2022,STL,MO,ACE,CE,Towers with Radar,386,70,16,5,477,2,3,2,6,13,388,73,18,11,490,6,4,10,500
10/07/2022,STL,MO,ACE,CE,Towers with Radar,388,73,15,3,479,1,0,4,3,8,389,73,19,6,487,0,2,2,489
10/08/2022,STL,MO,ACE,CE,Towers with Radar,311,64,13,0,388,5,0,2,0,7,316,64,15,0,395,0,0,0,395
10/09/2022,STL,MO,ACE,CE,Towers with Radar,366,62,17,0,445,0,3,0,0,3,366,65,17,0,448,0,0,0,448
10/10/2022,STL,MO,ACE,CE,Towers with Radar,373,73,13,0,459,6,2,2,0,10,379,75,15,0,469,0,0,0,469
10/11/2022,STL,MO,ACE,CE,Towers with Radar,376,69,19,1,465,5,0,5,0,10,381,69,24,1,475,0,0,0,475
10/12/2022,STL,MO,ACE,CE,Towers with Radar,389,74,25,2,490,3,4,1,1,9,392,78,26,3,499,0,0,0,499
10/13/2022,STL,MO,ACE,CE,Towers with Radar,385,67,12,4,468,1,4,1,4,10,386,71,13,8,478,0,0,0,478
10/14/2022,STL,MO,ACE,CE,Towers with Radar,392,75,20,3,490,2,0,0,2,4,394,75,20,5,494,0,0,0,494
10/15/2022,STL,MO,ACE,CE,Towers with Radar,305,62,4,0,371,1,1,3,0,5,306,63,7,0,376,0,0,0,376
10/16/2022,STL,MO,ACE,CE,Towers with Radar,366,50,12,1,429,4,0,2,0,6,370,50,14,1,435,0,0,0,435
10/17/2022,STL,MO,ACE,CE,Towers with Radar,386,55,13,1,455,1,0,0,0,1,387,55,13,1,456,0,0,0,456
10/18/2022,STL,MO,ACE,CE,Towers with Radar,381,61,13,0,455,3,3,1,0,7,384,64,14,0,462,0,0,0,462
10/19/2022,STL,MO,ACE,CE,Towers with Radar,381,73,21,1,476,2,0,0,6,8,383,73,21,7,484,0,12,12,496
10/20/2022,STL,MO,ACE,CE,Towers with Radar,389,74,21,5,489,3,2,1,6,12,392,76,22,11,501,0,6,6,507
10/21/2022,STL,MO,ACE,CE,Towers with Radar,389,62,18,8,477,5,3,0,3,11,394,65,18,11,488,0,16,16,504
10/22/2022,STL,MO,ACE,CE,Towers with Radar,307,44,5,5,361,0,1,0,0,1,307,45,5,5,362,0,0,0,362
10/23/2022,STL,MO,ACE,CE,Towers with Radar,370,53,23,0,446,1,1,0,0,2,371,54,23,0,448,0,0,0,448
10/24/2022,STL,MO,ACE,CE,Towers with Radar,383,55,22,5,465,2,2,0,2,6,385,57,22,7,471,0,0,0,471
10/25/2022,STL,MO,ACE,CE,Towers with Radar,380,51,19,2,452,0,0,0,0,0,380,51,19,2,452,0,0,0,452
10/26/2022,STL,MO,ACE,CE,Towers with Radar,392,81,17,4,494,4,1,8,2,15,396,82,25,6,509,0,0,0,509
10/27/2022,STL,MO,ACE,CE,Towers with Radar,384,68,20,3,475,3,1,7,1,12,387,69,27,4,487,0,0,0,487
10/28/2022,STL,MO,ACE,CE,Towers with Radar,390,64,9,7,470,2,2,0,5,9,392,66,9,12,479,0,0,0,479
10/29/2022,STL,MO,ACE,CE,Towers with Radar,302,50,1,0,353,2,0,1,0,3,304,50,2,0,356,0,0,0,356
10/30/2022,STL,MO,ACE,CE,Towers with Radar,367,38,15,0,420,0,0,1,0,1,367,38,16,0,421,0,0,0,421
10/31/2022,STL,MO,ACE,CE,Towers with Radar,357,53,8,0,418,0,0,0,0,0,357,53,8,0,418,0,0,0,418
11/01/2022,STL,MO,ACE,CE,Towers with Radar,376,68,17,5,466,2,3,0,8,13,378,71,17,13,479,0,0,0,479
11/02/2022,STL,MO,ACE,CE,Towers with Radar,390,60,18,4,472,0,1,2,4,7,390,61,20,8,479,0,0,0,479
11/03/2022,STL,MO,ACE,CE,Towers with Radar,378,63,14,5,460,1,2,2,7,12,379,65,16,12,472,2,0,2,474
11/04/2022,STL,MO,ACE,CE,Towers with Radar,373,46,10,2,431,1,1,0,4,6,374,47,10,6,437,0,14,14,451
11/05/2022,STL,MO,ACE,CE,Towers with Radar,310,42,5,0,357,2,1,0,0,3,312,43,5,0,360,0,0,0,360
11/06/2022,STL,MO,ACE,CE,Towers with Radar,347,53,9,0,409,1,0,5,0,6,348,53,14,0,415,0,0,0,415
11/07/2022,STL,MO,ACE,CE,Towers with Radar,368,52,14,1,435,2,2,7,3,14,370,54,21,4,449,0,0,0,449
11/08/2022,STL,MO,ACE,CE,Towers with Radar,355,62,3,4,424,5,0,2,2,9,360,62,5,6,433,0,12,12,445
11/09/2022,STL,MO,ACE,CE,Towers with Radar,361,55,8,3,427,0,0,5,1,6,361,55,13,4,433,0,0,0,433
11/10/2022,STL,MO,ACE,CE,Towers with Radar,363,52,16,5,436,2,0,3,5,10,365,52,19,10,446,0,0,0,446
11/11/2022,STL,MO,ACE,CE,Towers with Radar,369,52,11,2,434,2,0,2,2,6,371,52,13,4,440,0,0,0,440
11/12/2022,STL,MO,ACE,CE,Towers with Radar,303,27,7,0,337,1,2,3,0,6,304,29,10,0,343,0,0,0,343
11/13/2022,STL,MO,ACE,CE,Towers with Radar,351,46,11,0,408,4,1,1,0,6,355,47,12,0,414,0,0,0,414
11/14/2022,STL,MO,ACE,CE,Towers with Radar,371,48,13,2,434,2,3,2,4,11,373,51,15,6,445,0,0,0,445
11/15/2022,STL,MO,ACE,CE,Towers with Radar,370,58,8,4,440,0,0,0,0,0,370,58,8,4,440,0,0,0,440
11/16/2022,STL,MO,ACE,CE,Towers with Radar,375,54,17,2,448,0,0,0,0,0,375,54,17,2,448,0,0,0,448
11/17/2022,STL,MO,ACE,CE,Towers with Radar,368,58,12,13,451,4,4,0,6,14,372,62,12,19,465,0,0,0,465
11/18/2022,STL,MO,ACE,CE,Towers with Radar,389,65,20,5,479,1,2,4,2,9,390,67,24,7,488,0,0,0,488
11/19/2022,STL,MO,ACE,CE,Towers with Radar,306,45,6,4,361,2,2,0,0,4,308,47,6,4,365,0,0,0,365
11/20/2022,STL,MO,ACE,CE,Towers with Radar,355,41,21,0,417,3,1,1,0,5,358,42,22,0,422,0,0,0,422
11/21/2022,STL,MO,ACE,CE,Towers with Radar,366,45,9,2,422,2,2,2,1,7,368,47,11,3,429,0,0,0,429
11/22/2022,STL,MO,ACE,CE,Towers with Radar,372,56,22,4,454,1,1,3,5,10,373,57,25,9,464,0,0,0,464
11/23/2022,STL,MO,ACE,CE,Towers with Radar,378,56,11,2,447,3,3,3,4,13,381,59,14,6,460,0,0,0,460
11/24/2022,STL,MO,ACE,CE,Towers with Radar,266,28,1,0,295,0,0,0,0,0,266,28,1,0,295,0,0,0,295
11/25/2022,STL,MO,ACE,CE,Towers with Radar,337,51,7,0,395,2,1,0,0,3,339,52,7,0,398,0,0,0,398
11/26/2022,STL,MO,ACE,CE,Towers with Radar,334,49,4,0,387,0,2,0,0,2,334,51,4,0,389,0,0,0,389
11/27/2022,STL,MO,ACE,CE,Towers with Radar,359,59,8,0,426,1,0,0,0,1,360,59,8,0,427,0,0,0,427
11/28/2022,STL,MO,ACE,CE,Towers with Radar,368,62,16,4,450,0,0,0,0,0,368,62,16,4,450,0,6,6,456
11/29/2022,STL,MO,ACE,CE,Towers with Radar,374,57,13,1,445,1,1,0,3,5,375,58,13,4,450,0,0,0,450
11/30/2022,STL,MO,ACE,CE,Towers with Radar,371,45,13,2,431,2,0,5,3,10,373,45,18,5,441,0,0,0,441
12/01/2022,STL,MO,ACE,CE,Towers with Radar,367,66,17,4,454,1,1,3,4,9,368,67,20,8,463,0,0,0,463
12/02/2022,STL,MO,ACE,CE,Towers with Radar,377,64,17,0,458,1,2,2,0,5,378,66,19,0,463,0,0,0,463
12/03/2022,STL,MO,ACE,CE,Towers with Radar,309,60,8,2,379,2,1,2,0,5,311,61,10,2,384,0,0,0,384
12/04/2022,STL,MO,ACE,CE,Towers with Radar,349,44,7,0,400,3,6,7,0,16,352,50,14,0,416,0,0,0,416
12/05/2022,STL,MO,ACE,CE,Towers with Radar,369,42,14,0,425,2,4,1,0,7,371,46,15,0,432,0,0,0,432
12/06/2022,STL,MO,ACE,CE,Towers with Radar,372,52,18,1,443,0,0,0,0,0,372,52,18,1,443,0,0,0,443
12/07/2022,STL,MO,ACE,CE,Towers with Radar,384,76,31,9,500,0,0,0,4,4,384,76,31,13,504,0,0,0,504
12/08/2022,STL,MO,ACE,CE,Towers with Radar,370,85,23,0,478,0,0,0,0,0,370,85,23,0,478,0,0,0,478
12/09/2022,STL,MO,ACE,CE,Towers with Radar,381,83,26,5,495,1,2,0,2,5,382,85,26,7,500,0,0,0,500
12/10/2022,STL,MO,ACE,CE,Towers with Radar,314,45,4,0,363,0,0,2,0,2,314,45,6,0,365,0,0,0,365
12/11/2022,STL,MO,ACE,CE,Towers with Radar,356,43,7,4,410,0,0,0,0,0,356,43,7,4,410,0,0,0,410
12/12/2022,STL,MO,ACE,CE,Towers with Radar,378,56,28,2,464,0,0,3,0,3,378,56,31,2,467,4,0,4,471
12/13/2022,STL,MO,ACE,CE,Towers with Radar,364,62,17,0,443,0,1,0,2,3,364,63,17,2,446,0,0,0,446
12/14/2022,STL,MO,ACE,CE,Towers with Radar,379,62,11,7,459,1,0,2,0,3,380,62,13,7,462,0,0,0,462
12/15/2022,STL,MO,ACE,CE,Towers with Radar,365,62,19,5,451,1,1,2,3,7,366,63,21,8,458,0,0,0,458
12/16/2022,STL,MO,ACE,CE,Towers with Radar,374,60,20,10,464,0,0,0,4,4,374,60,20,14,468,0,0,0,468
12/17/2022,STL,MO,ACE,CE,Towers with Radar,310,45,5,0,360,2,0,2,0,4,312,45,7,0,364,0,0,0,364
12/18/2022,STL,MO,ACE,CE,Towers with Radar,340,44,11,2,397,2,3,1,1,7,342,47,12,3,404,0,0,0,404
12/19/2022,STL,MO,ACE,CE,Towers with Radar,353,44,11,2,410,3,1,6,3,13,356,45,17,5,423,0,0,0,423
12/20/2022,STL,MO,ACE,CE,Towers with Radar,356,51,17,2,426,1,1,6,2,10,357,52,23,4,436,0,0,0,436
12/21/2022,STL,MO,ACE,CE,Towers with Radar,354,71,18,3,446,0,0,0,3,3,354,71,18,6,449,0,0,0,449
12/22/2022,STL,MO,ACE,CE,Towers with Radar,252,26,3,0,281,0,0,0,0,0,252,26,3,0,281,0,0,0,281
12/23/2022,STL,MO,ACE,CE,Towers with Radar,266,45,6,0,317,0,1,0,0,1,266,46,6,0,318,0,0,0,318
12/24/2022,STL,MO,ACE,CE,Towers with Radar,190,36,0,0,226,2,0,0,0,2,192,36,0,0,228,0,0,0,228
12/25/2022,STL,MO,ACE,CE,Towers with Radar,210,35,7,0,252,2,1,0,0,3,212,36,7,0,255,0,0,0,255
12/26/2022,STL,MO,ACE,CE,Towers with Radar,181,61,19,0,261,0,0,0,0,0,181,61,19,0,261,0,0,0,261
12/27/2022,STL,MO,ACE,CE,Towers with Radar,226,58,12,2,298,3,2,0,2,7,229,60,12,4,305,0,0,0,305
12/28/2022,STL,MO,ACE,CE,Towers with Radar,257,61,14,2,334,2,2,1,2,7,259,63,15,4,341,0,0,0,341
12/29/2022,STL,MO,ACE,CE,Towers with Radar,248,57,7,0,312,0,1,4,0,5,248,58,11,0,317,0,0,0,317
12/30/2022,STL,MO,ACE,CE,Towers with Radar,352,48,2,0,402,1,0,1,8,10,353,48,3,8,412,0,0,0,412
12/31/2022,STL,MO,ACE,CE,Towers with Radar,288,34,6,0,328,0,0,3,0,3,288,34,9,0,331,0,0,0,331
01/01/2023,STL,MO,ACE,CE,Towers with Radar,314,44,13,0,371,0,0,2,0,2,314,44,15,0,373,0,0,0,373
01/02/2023,STL,MO,ACE,CE,Towers with Radar,327,42,12,0,381,0,0,0,0,0,327,42,12,0,381,0,0,0,381
01/03/2023,STL,MO,ACE,CE,Towers with Radar,358,56,11,3,428,2,0,0,0,2,360,56,11,3,430,0,0,0,430
01/04/2023,STL,MO,ACE,CE,Towers with Radar,361,53,7,1,422,1,4,4,1,10,362,57,11,2,432,0,0,0,432
01/05/2023,STL,MO,ACE,CE,Towers with Radar,338,54,12,4,408,1,0,2,0,3,339,54,14,4,411,0,0,0,411
01/06/2023,STL,MO,ACE,CE,Towers with Radar,336,59,18,5,418,2,1,4,1,8,338,60,22,6,426,10,0,10,436
01/07/2023,STL,MO,ACE,CE,Towers with Radar,275,46,5,0,326,2,1,6,0,9,277,47,11,0,335,0,0,0,335
01/08/2023,STL,MO,ACE,CE,Towers with Radar,310,47,6,0,363,0,1,0,0,1,310,48,6,0,364,0,0,0,364
01/09/2023,STL,MO,ACE,CE,Towers with Radar,356,39,6,4,405,4,1,4,1,10,360,40,10,5,415,0,18,18,433
01/10/2023,STL,MO,ACE,CE,Towers with Radar,345,52,5,4,406,0,4,6,0,10,345,56,11,4,416,0,0,0,416
01/11/2023,STL,MO,ACE,CE,Towers with Radar,336,68,21,3,428,3,2,3,4,12,339,70,24,7,440,0,0,0,440
01/12/2023,STL,MO,ACE,CE,Towers with Radar,360,57,17,2,436,0,0,0,0,0,360,57,17,2,436,0,0,0,436
01/13/2023,STL,MO,ACE,CE,Towers with Radar,368,51,15,2,436,1,0,0,0,1,369,51,15,2,437,0,0,0,437
01/14/2023,STL,MO,ACE,CE,Towers with Radar,272,33,10,0,315,2,1,4,0,7,274,34,14,0,322,0,0,0,322
01/15/2023,STL,MO,ACE,CE,Towers with Radar,305,49,5,0,359,1,4,1,0,6,306,53,6,0,365,0,0,0,365
01/16/2023,STL,MO,ACE,CE,Towers with Radar,352,56,7,4,419,0,2,1,0,3,352,58,8,4,422,0,0,0,422
01/17/2023,STL,MO,ACE,CE,Towers with Radar,349,69,18,4,440,0,2,2,4,8,349,71,20,8,448,0,4,4,452
01/18/2023,STL,MO,ACE,CE,Towers with Radar,352,57,29,0,438,0,0,0,0,0,352,57,29,0,438,0,0,0,438
01/19/2023,STL,MO,ACE,CE,Towers with Radar,361,57,11,3,432,1,1,0,0,2,362,58,11,3,434,0,0,0,434
01/20/2023,STL,MO,ACE,CE,Towers with Radar,373,63,8,6,450,1,2,2,1,6,374,65,10,7,456,0,0,0,456
01/21/2023,STL,MO,ACE,CE,Towers with Radar,275,37,6,0,318,0,1,0,0,1,275,38,6,0,319,0,0,0,319
01/22/2023,STL,MO,ACE,CE,Towers with Radar,317,50,4,0,371,2,0,0,0,2,319,50,4,0,373,0,0,0,373
01/23/2023,STL,MO,ACE,CE,Towers with Radar,355,59,10,1,425,2,0,9,1,12,357,59,19,2,437,0,0,0,437
01/24/2023,STL,MO,ACE,CE,Towers with Radar,351,56,11,6,424,0,4,1,5,10,351,60,12,11,434,0,12,12,446
01/25/2023,STL,MO,ACE,CE,Towers with Radar,305,50,6,0,361,0,0,1,0,1,305,50,7,0,362,0,0,0,362
01/26/2023,STL,MO,ACE,CE,Towers with Radar,361,60,19,6,446,2,4,5,4,15,363,64,24,10,461,18,16,34,495
01/27/2023,STL,MO,ACE,CE,Towers with Radar,371,54,11,4,440,2,1,2,5,10,373,55,13,9,450,0,0,0,450
01/28/2023,STL,MO,ACE,CE,Towers with Radar,280,54,7,0,341,1,0,0,0,1,281,54,7,0,342,0,0,0,342
01/29/2023,STL,MO,ACE,CE,Towers with Radar,320,53,11,0,384,0,0,0,0,0,320,53,11,0,384,0,0,0,384
01/30/2023,STL,MO,ACE,CE,Towers with Radar,335,45,20,0,400,2,0,0,0,2,337,45,20,0,402,0,0,0,402
01/31/2023,STL,MO,ACE,CE,Towers with Radar,314,49,17,4,384,2,7,4,7,20,316,56,21,11,404,0,22,22,426
02/01/2023,STL,MO,ACE,CE,Towers with Radar,309,49,17,2,377,1,6,7,1,15,310,55,24,3,392,12,26,38,430
02/02/2023,STL,MO,ACE,CE,Towers with Radar,351,64,13,7,435,1,2,5,5,13,352,66,18,12,448,0,0,0,448
02/03/2023,STL,MO,ACE,CE,Towers with Radar,359,63,7,1,430,1,2,3,3,9,360,65,10,4,439,0,0,0,439
02/04/2023,STL,MO,ACE,CE,Towers with Radar,275,44,8,0,327,1,1,3,2,7,276,45,11,2,334,0,0,0,334
02/05/2023,STL,MO,ACE,CE,Towers with Radar,316,43,9,0,368,1,0,7,2,10,317,43,16,2,378,0,0,0,378
02/06/2023,STL,MO,ACE,CE,Towers with Radar,360,52,8,0,420,1,0,4,0,5,361,52,12,0,425,0,0,0,425
02/07/2023,STL,MO,ACE,CE,Towers with Radar,347,64,14,6,431,1,0,0,4,5,348,64,14,10,436,0,0,0,436
02/08/2023,STL,MO,ACE,CE,Towers with Radar,359,64,17,6,446,0,2,3,3,8,359,66,20,9,454,0,0,0,454
02/09/2023,STL,MO,ACE,CE,Towers with Radar,356,78,17,2,453,1,0,2,0,3,357,78,19,2,456,0,0,0,456
02/10/2023,STL,MO,ACE,CE,Towers with Radar,364,83,9,3,459,0,0,3,0,3,364,83,12,3,462,0,0,0,462
02/11/2023,STL,MO,ACE,CE,Towers with Radar,277,32,7,1,317,1,0,5,0,6,278,32,12,1,323,0,0,0,323
02/12/2023,STL,MO,ACE,CE,Towers with Radar,308,49,6,0,363,3,2,1,2,8,311,51,7,2,371,0,0,0,371
02/13/2023,STL,MO,ACE,CE,Towers with Radar,359,58,13,3,433,2,1,3,1,7,361,59,16,4,440,0,0,0,440
02/14/2023,STL,MO,ACE,CE,Towers with Radar,350,45,12,3,410,0,0,0,1,1,350,45,12,4,411,0,0,0,411
02/15/2023,STL,MO,ACE,CE,Towers with Radar,354,56,24,2,436,0,0,3,2,5,354,56,27,4,441,0,0,0,441
02/16/2023,STL,MO,ACE,CE,Towers with Radar,360,48,25,0,433,0,0,0,0,0,360,48,25,0,433,0,0,0,433
02/17/2023,STL,MO,ACE,CE,Towers with Radar,376,56,17,3,452,1,0,3,6,10,377,56,20,9,462,0,0,0,462
02/18/2023,STL,MO,ACE,CE,Towers with Radar,280,42,8,0,330,0,2,2,0,4,280,44,10,0,334,0,0,0,334
02/19/2023,STL,MO,ACE,CE,Towers with Radar,317,48,5,4,374,2,0,8,0,10,319,48,13,4,384,0,0,0,384
02/20/2023,STL,MO,ACE,CE,Towers with Radar,362,62,7,1,432,3,2,7,1,13,365,64,14,2,445,0,2,2,447
02/21/2023,STL,MO,ACE,CE,Towers with Radar,354,57,16,3,430,1,4,4,4,13,355,61,20,7,443,16,8,24,467
02/22/2023,STL,MO,ACE,CE,Towers with Radar,345,69,21,0,435,1,0,5,0,6,346,69,26,0,441,0,0,0,441
02/23/2023,STL,MO,ACE,CE,Towers with Radar,370,60,23,6,459,1,5,0,2,8,371,65,23,8,467,0,0,0,467
02/24/2023,STL,MO,ACE,CE,Towers with Radar,373,60,7,3,443,5,0,0,0,5,378,60,7,3,448,0,0,0,448
02/25/2023,STL,MO,ACE,CE,Towers with Radar,275,37,6,2,320,1,1,1,0,3,276,38,7,2,323,0,0,0,323
02/26/2023,STL,MO,ACE,CE,Towers with Radar,328,54,12,5,399,2,0,2,0,4,330,54,14,5,403,0,12,12,415
02/27/2023,STL,MO,ACE,CE,Towers with Radar,366,44,16,2,428,1,0,2,0,3,367,44,18,2,431,0,0,0,431
02/28/2023,STL,MO,ACE,CE,Towers with Radar,363,60,16,0,439,1,1,5,0,7,364,61,21,0,446,0,0,0,446
03/01/2023,STL,MO,ACE,CE,Towers with Radar,361,57,11,2,431,1,0,8,3,12,362,57,19,5,443,12,6,18,461
03/02/2023,STL,MO,ACE,CE,Towers with Radar,368,66,16,1,451,2,1,0,1,4,370,67,16,2,455,0,0,0,455
03/03/2023,STL,MO,ACE,CE,Towers with Radar,383,48,9,0,440,0,0,0,0,0,383,48,9,0,440,0,0,0,440
03/04/2023,STL,MO,ACE,CE,Towers with Radar,289,52,7,0,348,1,2,6,0,9,290,54,13,0,357,0,0,0,357
03/05/2023,STL,MO,ACE,CE,Towers with Radar,331,44,8,0,383,2,1,7,0,10,333,45,15,0,393,0,0,0,393
03/06/2023,STL,MO,ACE,CE,Towers with Radar,375,53,27,2,457,1,1,1,2,5,376,54,28,4,462,8,0,8,470
03/07/2023,STL,MO,ACE,CE,Towers with Radar,359,54,25,4,442,0,1,6,2,9,359,55,31,6,451,12,6,18,469
03/08/2023,STL,MO,ACE,CE,Towers with Radar,371,65,16,0,452,1,0,6,0,7,372,65,22,0,459,12,0,12,471
03/09/2023,STL,MO,ACE,CE,Towers with Radar,371,53,16,0,440,0,0,0,0,0,371,53,16,0,440,0,0,0,440
03/10/2023,STL,MO,ACE,CE,Towers with Radar,398,71,12,3,484,0,0,2,3,5,398,71,14,6,489,0,6,6,495
03/11/2023,STL,MO,ACE,CE,Towers with Radar,311,41,12,1,365,0,0,2,0,2,311,41,14,1,367,0,0,0,367
03/12/2023,STL,MO,ACE,CE,Towers with Radar,370,40,8,0,418,1,0,0,0,1,371,40,8,0,419,0,0,0,419
03/13/2023,STL,MO,ACE,CE,Towers with Radar,378,42,13,0,433,0,1,3,0,4,378,43,16,0,437,0,0,0,437
03/14/2023,STL,MO,ACE,CE,Towers with Radar,380,55,6,16,457,0,2,0,2,4,380,57,6,18,461,0,16,16,477
03/15/2023,STL,MO,ACE,CE,Towers with Radar,375,62,14,4,455,2,1,1,4,8,377,63,15,8,463,0,14,14,477
03/16/2023,STL,MO,ACE,CE,Towers with Radar,382,44,7,3,436,0,1,0,1,2,382,45,7,4,438,0,0,0,438
03/17/2023,STL,MO,ACE,CE,Towers with Radar,385,61,2,7,455,6,4,1,2,13,391,65,3,9,468,0,10,10,478
03/18/2023,STL,MO,ACE,CE,Towers with Radar,310,41,5,0,356,0,2,1,0,3,310,43,6,0,359,0,0,0,359
03/19/2023,STL,MO,ACE,CE,Towers with Radar,365,42,5,0,412,1,0,4,0,5,366,42,9,0,417,0,0,0,417
03/20/2023,STL,MO,ACE,CE,Towers with Radar,384,46,12,0,442,3,1,2,0,6,387,47,14,0,448,0,0,0,448
03/21/2023,STL,MO,ACE,CE,Towers with Radar,385,61,10,3,459,1,0,1,2,4,386,61,11,5,463,0,8,8,471
03/22/2023,STL,MO,ACE,CE,Towers with Radar,393,66,12,4,475,1,1,0,1,3,394,67,12,5,478,0,0,0,478
03/23/2023,STL,MO,ACE,CE,Towers with Radar,385,58,14,9,466,1,0,0,0,1,386,58,14,9,467,0,0,0,467
03/24/2023,STL,MO,ACE,CE,Towers with Radar,389,52,6,1,448,0,0,0,0,0,389,52,6,1,448,0,0,0,448
03/25/2023,STL,MO,ACE,CE,Towers with Radar,294,42,7,0,343,3,1,3,0,7,297,43,10,0,350,0,0,0,350
03/26/2023,STL,MO,ACE,CE,Towers with Radar,370,57,12,4,443,1,2,3,1,7,371,59,15,5,450,0,0,0,450
03/27/2023,STL,MO,ACE,CE,Towers with Radar,388,62,26,3,479,1,2,2,3,8,389,64,28,6,487,0,0,0,487
03/28/2023,STL,MO,ACE,CE,Towers with Radar,385,65,25,4,479,1,0,1,0,2,386,65,26,4,481,0,0,0,481
03/29/2023,STL,MO,ACE,CE,Towers with Radar,386,74,27,11,498,6,1,6,6,19,392,75,33,17,517,0,14,14,531
03/30/2023,STL,MO,ACE,CE,Towers with Radar,388,65,26,9,488,2,0,1,3,6,390,65,27,12,494,0,0,0,494
03/31/2023,STL,MO,ACE,CE,Towers with Radar,373,31,10,2,416,1,2,0,2,5,374,33,10,4,421,0,0,0,421
04/01/2023,STL,MO,ACE,CE,Towers with Radar,323,35,9,0,367,1,0,0,0,1,324,35,9,0,368,0,0,0,368
04/02/2023,STL,MO,ACE,CE,Towers with Radar,358,47,7,0,412,2,1,5,0,8,360,48,12,0,420,0,0,0,420
04/03/2023,STL,MO,ACE,CE,Towers with Radar,380,58,18,0,456,2,0,1,0,3,382,58,19,0,459,0,0,0,459
04/04/2023,STL,MO,ACE,CE,Towers with Radar,399,63,15,3,480,2,0,1,3,6,401,63,16,6,486,6,0,6,492
04/05/2023,STL,MO,ACE,CE,Towers with Radar,345,65,11,0,421,2,2,4,2,10,347,67,15,2,431,0,0,0,431
04/06/2023,STL,MO,ACE,CE,Towers with Radar,383,66,23,4,476,1,3,3,2,9,384,69,26,6,485,0,0,0,485
04/07/2023,STL,MO,ACE,CE,Towers with Radar,388,67,6,1,462,3,2,1,1,7,391,69,7,2,469,0,2,2,471
04/08/2023,STL,MO,ACE,CE,Towers with Radar,295,39,5,0,339,1,0,2,0,3,296,39,7,0,342,0,0,0,342
04/09/2023,STL,MO,ACE,CE,Towers with Radar,364,37,5,0,406,2,1,4,0,7,366,38,9,0,413,0,0,0,413
04/10/2023,STL,MO,ACE,CE,Towers with Radar,384,71,16,3,474,1,2,1,1,5,385,73,17,4,479,0,4,4,483
04/11/2023,STL,MO,ACE,CE,Towers with Radar,390,67,19,4,480,1,2,4,3,10,391,69,23,7,490,0,0,0,490
04/12/2023,STL,MO,ACE,CE,Towers with Radar,395,65,23,5,488,3,0,2,3,8,398,65,25,8,496,0,4,4,500
04/13/2023,STL,MO,ACE,CE,Towers with Radar,389,71,20,4,484,3,0,1,2,6,392,71,21,6,490,0,6,6,496
04/14/2023,STL,MO,ACE,CE,Towers with Radar,391,65,24,7,487,1,0,0,8,9,392,65,24,15,496,0,0,0,496
04/15/2023,STL,MO,ACE,CE,Towers with Radar,288,42,12,0,342,2,0,0,0,2,290,42,12,0,344,0,0,0,344
04/16/2023,STL,MO,ACE,CE,Towers with Radar,400,42,15,0,457,0,0,2,0,2,400,42,17,0,459,0,0,0,459
04/17/2023,STL,MO,ACE,CE,Towers with Radar,392,42,27,2,463,1,0,8,1,10,393,42,35,3,473,0,10,10,483
04/18/2023,STL,MO,ACE,CE,Towers with Radar,379,61,11,5,456,3,0,9,5,17,382,61,20,10,473,0,14,14,487
04/19/2023,STL,MO,ACE,CE,Towers with Radar,397,62,28,0,487,1,2,2,0,5,398,64,30,0,492,0,0,0,492
04/20/2023,STL,MO,ACE,CE,Towers with Radar,378,65,18,3,464,3,0,1,1,5,381,65,19,4,469,0,0,0,469
04/21/2023,STL,MO,ACE,CE,Towers with Radar,403,63,14,10,490,3,0,6,7,16,406,63,20,17,506,10,22,32,538
04/22/2023,STL,MO,ACE,CE,Towers with Radar,290,41,6,2,339,1,0,1,0,2,291,41,7,2,341,0,0,0,341
04/23/2023,STL,MO,ACE,CE,Towers with Radar,399,47,9,0,455,1,1,4,1,7,400,48,13,1,462,0,0,0,462
04/24/2023,STL,MO,ACE,CE,Towers with Radar,386,54,15,0,455,3,0,2,2,7,389,54,17,2,462,0,0,0,462
04/25/2023,STL,MO,ACE,CE,Towers with Radar,385,73,22,1,481,2,3,0,1,6,387,76,22,2,487,0,0,0,487
04/26/2023,STL,MO,ACE,CE,Towers with Radar,375,69,31,15,490,4,0,9,7,20,379,69,40,22,510,0,6,6,516
04/27/2023,STL,MO,ACE,CE,Towers with Radar,389,71,26,8,494,3,0,2,4,9,392,71,28,12,503,0,0,0,503
04/28/2023,STL,MO,ACE,CE,Towers with Radar,394,62,8,6,470,2,0,3,3,8,396,62,11,9,478,0,0,0,478
04/29/2023,STL,MO,ACE,CE,Towers with Radar,293,37,3,1,334,1,0,0,0,1,294,37,3,1,335,0,0,0,335
04/30/2023,STL,MO,ACE,CE,Towers with Radar,385,43,8,0,436,1,0,0,0,1,386,43,8,0,437,0,0,0,437
05/01/2023,STL,MO,ACE,CE,Towers with Radar,390,46,15,1,452,2,1,0,0,3,392,47,15,1,455,0,0,0,455
05/02/2023,STL,MO,ACE,CE,Towers with Radar,386,59,16,3,464,2,3,3,1,9,388,62,19,4,473,0,0,0,473
05/03/2023,STL,MO,ACE,CE,Towers with Radar,393,66,14,7,480,0,5,0,6,11,393,71,14,13,491,0,18,18,509
05/04/2023,STL,MO,ACE,CE,Towers with Radar,391,59,11,1,462,2,2,2,1,7,393,61,13,2,469,0,0,0,469
05/05/2023,STL,MO,ACE,CE,Towers with Radar,392,56,14,9,471,1,1,1,6,9,393,57,15,15,480,0,0,0,480
05/06/2023,STL,MO,ACE,CE,Towers with Radar,295,35,2,2,334,0,0,0,0,0,295,35,2,2,334,0,0,0,334
05/07/2023,STL,MO,ACE,CE,Towers with Radar,412,45,16,0,473,1,0,1,0,2,413,45,17,0,475,0,0,0,475
05/08/2023,STL,MO,ACE,CE,Towers with Radar,401,48,18,2,469,1,0,0,0,1,402,48,18,2,470,0,4,4,474
05/09/2023,STL,MO,ACE,CE,Towers with Radar,388,65,29,5,487,1,0,2,4,7,389,65,31,9,494,0,4,4,498
05/10/2023,STL,MO,ACE,CE,Towers with Radar,390,63,32,1,486,1,3,6,1,11,391,66,38,2,497,0,0,0,497
05/11/2023,STL,MO,ACE,CE,Towers with Radar,388,72,27,1,488,1,0,3,1,5,389,72,30,2,493,0,0,0,493
05/12/2023,STL,MO,ACE,CE,Towers with Radar,395,66,16,2,479,1,2,6,0,9,396,68,22,2,488,0,0,0,488
05/13/2023,STL,MO,ACE,CE,Towers with Radar,297,44,11,0,352,0,1,0,0,1,297,45,11,0,353,0,0,0,353
05/14/2023,STL,MO,ACE,CE,Towers with Radar,402,57,6,0,465,1,0,0,0,1,403,57,6,0,466,0,0,0,466
05/15/2023,STL,MO,ACE,CE,Towers with Radar,396,76,17,2,491,0,0,0,0,0,396,76,17,2,491,0,0,0,491
05/16/2023,STL,MO,ACE,CE,Towers with Radar,388,60,20,1,469,0,0,4,0,4,388,60,24,1,473,0,0,0,473
05/17/2023,STL,MO,ACE,CE,Towers with Radar,400,72,24,6,502,1,1,3,3,8,401,73,27,9,510,0,0,0,510
05/18/2023,STL,MO,ACE,CE,Towers with Radar,384,75,30,4,493,3,1,0,3,7,387,76,30,7,500,0,0,0,500
05/19/2023,STL,MO,ACE,CE,Towers with Radar,393,70,12,3,478,1,1,0,0,2,394,71,12,3,480,0,11,11,491
05/20/2023,STL,MO,ACE,CE,Towers with Radar,306,43,10,2,361,3,0,6,0,9,309,43,16,2,370,0,0,0,370
05/21/2023,STL,MO,ACE,CE,Towers with Radar,396,47,13,0,456,3,0,1,0,4,399,47,14,0,460,0,0,0,460
05/22/2023,STL,MO,ACE,CE,Towers with Radar,386,57,11,9,463,2,0,5,4,11,388,57,16,13,474,0,10,10,484
05/23/2023,STL,MO,ACE,CE,Towers with Radar,389,63,8,4,464,3,1,1,7,12,392,64,9,11,476,20,0,20,496
05/24/2023,STL,MO,ACE,CE,Towers with Radar,388,65,24,5,482,3,2,4,7,16,391,67,28,12,498,6,11,17,515
05/25/2023,STL,MO,ACE,CE,Towers with Radar,397,63,18,1,479,5,0,7,4,16,402,63,25,5,495,2,2,4,499
05/26/2023,STL,MO,ACE,CE,Towers with Radar,394,53,17,4,468,4,1,5,3,13,398,54,22,7,481,8,14,22,503
05/27/2023,STL,MO,ACE,CE,Towers with Radar,296,40,7,0,343,4,2,5,0,11,300,42,12,0,354,8,0,8,362
05/28/2023,STL,MO,ACE,CE,Towers with Radar,381,38,7,0,426,0,2,3,0,5,381,40,10,0,431,0,0,0,431
05/29/2023,STL,MO,ACE,CE,Towers with Radar,384,40,7,4,435,3,0,1,2,6,387,40,8,6,441,0,20,20,461
05/30/2023,STL,MO,ACE,CE,Towers with Radar,382,53,12,3,450,2,1,2,5,10,384,54,14,8,460,0,10,10,470
05/31/2023,STL,MO,ACE,CE,Towers with Radar,404,54,16,6,480,0,0,0,4,4,404,54,16,10,484,0,11,11,495
06/01/2023,STL,MO,ACE,CE,Towers with Radar,385,67,21,5,478,2,1,1,8,12,387,68,22,13,490,0,10,10,500
06/02/2023,STL,MO,ACE,CE,Towers with Radar,400,57,23,3,483,3,2,2,3,10,403,59,25,6,493,0,0,0,493
06/03/2023,STL,MO,ACE,CE,Towers with Radar,297,49,4,0,350,1,0,0,0,1,298,49,4,0,351,0,0,0,351
06/04/2023,STL,MO,ACE,CE,Towers with Radar,388,59,14,0,461,1,0,1,0,2,389,59,15,0,463,0,0,0,463
06/05/2023,STL,MO,ACE,CE,Towers with Radar,393,67,17,5,482,2,1,2,3,8,395,68,19,8,490,0,0,0,490
06/06/2023,STL,MO,ACE,CE,Towers with Radar,402,66,12,0,480,1,0,2,0,3,403,66,14,0,483,0,0,0,483
06/07/2023,STL,MO,ACE,CE,Towers with Radar,384,63,16,4,467,2,0,2,2,6,386,63,18,6,473,12,6,18,491
06/08/2023,STL,MO,ACE,CE,Towers with Radar,401,56,18,7,482,2,1,5,5,13,403,57,23,12,495,0,18,18,513
06/09/2023,STL,MO,ACE,CE,Towers with Radar,398,61,25,3,487,3,2,4,5,14,401,63,29,8,501,2,19,21,522
06/10/2023,STL,MO,ACE,CE,Towers with Radar,344,38,8,2,392,1,0,5,4,10,345,38,13,6,402,4,36,40,442
06/11/2023,STL,MO,ACE,CE,Towers with Radar,398,50,7,0,455,0,0,0,0,0,398,50,7,0,455,0,0,0,455
06/12/2023,STL,MO,ACE,CE,Towers with Radar,394,43,16,1,454,0,0,2,1,3,394,43,18,2,457,0,0,0,457
06/13/2023,STL,MO,ACE,CE,Towers with Radar,397,62,14,10,483,2,0,0,4,6,399,62,14,14,489,0,4,4,493
06/14/2023,STL,MO,ACE,CE,Towers with Radar,396,51,27,7,481,1,1,7,2,11,397,52,34,9,492,0,0,0,492
06/15/2023,STL,MO,ACE,CE,Towers with Radar,395,73,18,2,488,2,1,7,2,12,397,74,25,4,500,0,0,0,500
06/16/2023,STL,MO,ACE,CE,Towers with Radar,401,64,19,2,486,4,0,0,1,5,405,64,19,3,491,0,2,2,493
06/17/2023,STL,MO,ACE,CE,Towers with Radar,333,37,5,0,375,0,0,4,0,4,333,37,9,0,379,0,0,0,379
06/18/2023,STL,MO,ACE,CE,Towers with Radar,400,39,12,0,451,1,1,1,0,3,401,40,13,0,454,0,0,0,454
06/19/2023,STL,MO,ACE,CE,Towers with Radar,398,40,17,1,456,1,0,1,1,3,399,40,18,2,459,0,0,0,459
06/20/2023,STL,MO,ACE,CE,Towers with Radar,387,65,18,3,473,1,1,1,1,4,388,66,19,4,477,0,6,6,483
06/21/2023,STL,MO,ACE,CE,Towers with Radar,396,68,21,14,499,1,0,2,3,6,397,68,23,17,505,0,21,21,526
06/22/2023,STL,MO,ACE,CE,Towers with Radar,390,58,21,4,473,1,1,0,2,4,391,59,21,6,477,0,10,10,487
06/23/2023,STL,MO,ACE,CE,Towers with Radar,406,43,7,4,460,0,1,0,3,4,406,44,7,7,464,0,5,5,469
06/24/2023,STL,MO,ACE,CE,Towers with Radar,351,30,2,12,395,1,0,2,0,3,352,30,4,12,398,0,0,0,398
06/25/2023,STL,MO,ACE,CE,Towers with Radar,396,35,2,0,433,3,1,2,0,6,399,36,4,0,439,0,0,0,439
06/26/2023,STL,MO,ACE,CE,Towers with Radar,380,46,18,0,444,1,2,5,0,8,381,48,23,0,452,0,0,0,452
06/27/2023,STL,MO,ACE,CE,Towers with Radar,381,35,27,6,449,5,3,6,6,20,386,38,33,12,469,0,20,20,489
06/28/2023,STL,MO,ACE,CE,Towers with Radar,391,46,24,2,463,2,1,6,2,11,393,47,30,4,474,0,2,2,476
06/29/2023,STL,MO,ACE,CE,Towers with Radar,408,50,20,21,499,1,2,3,7,13,409,52,23,28,512,6,47,53,565
06/30/2023,STL,MO,ACE,CE,Towers with Radar,384,50,19,0,453,4,1,2,0,7,388,51,21,0,460,0,0,0,460
07/01/2023,STL,MO,ACE,CE,Towers with Radar,354,34,8,0,396,1,0,2,0,3,355,34,10,0,399,0,0,0,399
07/02/2023,STL,MO,ACE,CE,Towers with Radar,401,34,7,0,442,0,0,0,0,0,401,34,7,0,442,0,0,0,442
07/03/2023,STL,MO,ACE,CE,Towers with Radar,347,28,9,0,384,3,3,3,0,9,350,31,12,0,393,0,0,0,393
07/04/2023,STL,MO,ACE,CE,Towers with Radar,338,32,4,0,374,0,0,2,0,2,338,32,6,0,376,0,0,0,376
07/05/2023,STL,MO,ACE,CE,Towers with Radar,392,52,11,1,456,1,2,0,0,3,393,54,11,1,459,0,2,2,461
07/06/2023,STL,MO,ACE,CE,Towers with Radar,391,36,12,1,440,3,4,2,0,9,394,40,14,1,449,0,0,0,449
07/07/2023,STL,MO,ACE,CE,Towers with Radar,378,47,13,4,442,0,2,3,2,7,378,49,16,6,449,0,0,0,449
07/08/2023,STL,MO,ACE,CE,Towers with Radar,350,26,3,0,379,1,0,2,0,3,351,26,5,0,382,0,0,0,382
07/09/2023,STL,MO,ACE,CE,Towers with Radar,375,43,8,0,426,1,0,2,0,3,376,43,10,0,429,0,0,0,429
07/10/2023,STL,MO,ACE,CE,Towers with Radar,380,61,15,3,459,2,2,1,3,8,382,63,16,6,467,0,4,4,471
07/11/2023,STL,MO,ACE,CE,Towers with Radar,423,52,14,9,498,1,0,0,5,6,424,52,14,14,504,0,0,0,504
07/12/2023,STL,MO,ACE,CE,Towers with Radar,414,53,15,5,487,1,0,0,3,4,415,53,15,8,491,0,0,0,491
07/13/2023,STL,MO,ACE,CE,Towers with Radar,412,46,13,7,478,2,0,5,5,12,414,46,18,12,490,0,0,0,490
07/14/2023,STL,MO,ACE,CE,Towers with Radar,404,48,15,1,468,3,1,2,0,6,407,49,17,1,474,0,0,0,474
07/15/2023,STL,MO,ACE,CE,Towers with Radar,361,33,9,0,403,0,0,2,0,2,361,33,11,0,405,0,0,0,405
07/16/2023,STL,MO,ACE,CE,Towers with Radar,391,43,9,0,443,1,3,1,0,5,392,46,10,0,448,0,0,0,448
07/17/2023,STL,MO,ACE,CE,Towers with Radar,412,61,15,3,491,3,2,0,3,8,415,63,15,6,499,0,0,0,499
07/18/2023,STL,MO,ACE,CE,Towers with Radar,405,61,18,6,490,2,0,3,4,9,407,61,21,10,499,0,0,0,499
07/19/2023,STL,MO,ACE,CE,Towers with Radar,408,57,13,1,479,0,0,0,0,0,408,57,13,1,479,0,0,0,479
07/20/2023,STL,MO,ACE,CE,Towers with Radar,400,62,20,8,490,0,2,5,3,10,400,64,25,11,500,0,22,22,522
07/21/2023,STL,MO,ACE,CE,Towers with Radar,411,51,15,4,481,2,3,5,4,14,413,54,20,8,495,0,18,18,513
07/22/2023,STL,MO,ACE,CE,Towers with Radar,364,36,7,0,407,4,0,0,0,4,368,36,7,0,411,0,0,0,411
07/23/2023,STL,MO,ACE,CE,Towers with Radar,397,49,10,0,456,0,0,2,0,2,397,49,12,0,458,0,0,0,458
07/24/2023,STL,MO,ACE,CE,Towers with Radar,419,35,14,6,474,6,0,2,0,8,425,35,16,6,482,0,12,12,494
07/25/2023,STL,MO,ACE,CE,Towers with Radar,397,56,11,4,468,3,1,3,2,9,400,57,14,6,477,0,26,26,503
07/26/2023,STL,MO,ACE,CE,Towers with Radar,425,56,9,3,493,3,0,2,2,7,428,56,11,5,500,0,0,0,500
07/27/2023,STL,MO,ACE,CE,Towers with Radar,414,42,14,4,474,0,0,7,3,10,414,42,21,7,484,0,8,8,492
07/28/2023,STL,MO,ACE,CE,Towers with Radar,419,47,17,6,489,4,0,1,1,6,423,47,18,7,495,0,0,0,495
07/29/2023,STL,MO,ACE,CE,Towers with Radar,375,32,6,2,415,3,0,4,0,7,378,32,10,2,422,4,0,4,426
07/30/2023,STL,MO,ACE,CE,Towers with Radar,432,40,12,3,487,0,0,0,0,0,432,40,12,3,487,0,0,0,487
07/31/2023,STL,MO,ACE,CE,Towers with Radar,410,52,15,1,478,4,2,4,0,10,414,54,19,1,488,0,0,0,488
08/01/2023,STL,MO,ACE,CE,Towers with Radar,400,28,20,6,454,2,0,3,0,5,402,28,23,6,459,0,0,0,459
08/02/2023,STL,MO,ACE,CE,Towers with Radar,411,47,15,1,474,0,0,1,0,1,411,47,16,1,475,0,0,0,475
08/03/2023,STL,MO,ACE,CE,Towers with Radar,421,41,14,3,479,0,0,2,0,2,421,41,16,3,481,0,0,0,481
08/04/2023,STL,MO,ACE,CE,Towers with Radar,420,35,6,0,461,1,0,1,0,2,421,35,7,0,463,0,0,0,463
08/05/2023,STL,MO,ACE,CE,Towers with Radar,351,27,6,7,391,0,0,5,0,5,351,27,11,7,396,0,0,0,396
08/06/2023,STL,MO,ACE,CE,Towers with Radar,392,34,14,3,443,3,0,0,1,4,395,34,14,4,447,0,0,0,447
08/07/2023,STL,MO,ACE,CE,Towers with Radar,391,37,19,2,449,1,2,5,0,8,392,39,24,2,457,0,0,0,457
08/08/2023,STL,MO,ACE,CE,Towers with Radar,420,33,22,4,479,4,0,1,2,7,424,33,23,6,486,0,12,12,498
08/09/2023,STL,MO,ACE,CE,Towers with Radar,413,30,29,0,472,2,0,0,0,2,415,30,29,0,474,0,0,0,474
08/10/2023,STL,MO,ACE,CE,Towers with Radar,423,63,18,4,508,0,1,3,4,8,423,64,21,8,516,0,0,0,516
08/11/2023,STL,MO,ACE,CE,Towers with Radar,415,56,13,4,488,3,1,6,3,13,418,57,19,7,501,2,9,11,512
08/12/2023,STL,MO,ACE,CE,Towers with Radar,345,28,10,0,383,4,0,2,0,6,349,28,12,0,389,0,0,0,389
08/13/2023,STL,MO,ACE,CE,Towers with Radar,412,35,7,0,454,1,0,0,0,1,413,35,7,0,455,0,0,0,455
08/14/2023,STL,MO,ACE,CE,Towers with Radar,428,27,16,3,474,2,0,2,0,4,430,27,18,3,478,0,0,0,478
08/15/2023,STL,MO,ACE,CE,Towers with Radar,392,29,24,0,445,2,0,4,0,6,394,29,28,0,451,0,0,0,451
08/16/2023,STL,MO,ACE,CE,Towers with Radar,386,32,18,3,439,2,2,6,3,13,388,34,24,6,452,0,13,13,465
08/17/2023,STL,MO,ACE,CE,Towers with Radar,413,41,22,1,477,0,0,2,1,3,413,41,24,2,480,0,0,0,480
08/18/2023,STL,MO,ACE,CE,Towers with Radar,392,30,12,10,444,2,0,3,1,6,394,30,15,11,450,4,7,11,461
08/19/2023,STL,MO,ACE,CE,Towers with Radar,339,28,5,0,372,3,0,1,0,4,342,28,6,0,376,0,0,0,376
08/20/2023,STL,MO,ACE,CE,Towers with Radar,356,39,8,0,403,7,1,0,0,8,363,40,8,0,411,0,0,0,411
08/21/2023,STL,MO,ACE,CE,Towers with Radar,396,25,30,2,453,0,0,0,0,0,396,25,30,2,453,0,0,0,453
08/22/2023,STL,MO,ACE,CE,Towers with Radar,393,40,19,6,458,1,0,1,1,3,394,40,20,7,461,0,0,0,461
08/23/2023,STL,MO,ACE,CE,Towers with Radar,388,24,21,1,434,2,0,3,1,6,390,24,24,2,440,0,0,0,440
08/24/2023,STL,MO,ACE,CE,Towers with Radar,379,40,20,4,443,3,0,1,3,7,382,40,21,7,450,0,0,0,450
08/25/2023,STL,MO,ACE,CE,Towers with Radar,397,35,16,0,448,1,1,4,0,6,398,36,20,0,454,0,0,0,454
08/26/2023,STL,MO,ACE,CE,Towers with Radar,337,18,9,0,364,1,0,0,0,1,338,18,9,0,365,0,0,0,365
08/27/2023,STL,MO,ACE,CE,Towers with Radar,364,34,15,0,413,0,0,7,0,7,364,34,22,0,420,0,0,0,420
08/28/2023,STL,MO,ACE,CE,Towers with Radar,394,31,18,11,454,3,0,1,5,9,397,31,19,16,463,0,0,0,463
08/29/2023,STL,MO,ACE,CE,Towers with Radar,387,35,15,6,443,1,0,0,2,3,388,35,15,8,446,0,0,0,446
08/30/2023,STL,MO,ACE,CE,Towers with Radar,378,34,20,3,435,4,0,1,3,8,382,34,21,6,443,0,8,8,451
08/31/2023,STL,MO,ACE,CE,Towers with Radar,391,44,23,3,461,1,2,3,3,9,392,46,26,6,470,0,0,0,470
