01/01/2020,STP,MN,AGL,CE,Towers with Radar,0,10,18,0,28,0,1,17,0,18,0,11,35,0,46,8,0,8,54
01/02/2020,STP,MN,AGL,CE,Towers with Radar,0,5,20,0,25,0,5,18,7,30,0,10,38,7,55,40,66,106,161
01/03/2020,STP,MN,AGL,CE,Towers with Radar,0,8,8,0,16,0,0,4,0,4,0,8,12,0,20,20,0,20,40
01/04/2020,STP,MN,AGL,CE,Towers with Radar,0,13,18,0,31,0,1,67,0,68,0,14,85,0,99,40,0,40,139
01/05/2020,STP,MN,AGL,CE,Towers with Radar,0,11,23,0,34,0,0,7,0,7,0,11,30,0,41,2,0,2,43
01/06/2020,STP,MN,AGL,CE,Towers with Radar,0,12,45,0,57,0,5,27,0,32,0,17,72,0,89,22,0,22,111
01/07/2020,STP,MN,AGL,CE,Towers with Radar,0,8,35,2,45,0,0,13,7,20,0,8,48,9,65,16,8,24,89
01/08/2020,STP,MN,AGL,CE,Towers with Radar,0,8,53,1,62,0,3,19,2,24,0,11,72,3,86,12,6,18,104
01/09/2020,STP,MN,AGL,CE,Towers with Radar,0,6,41,0,47,0,1,8,0,9,0,7,49,0,56,52,0,52,108
01/10/2020,STP,MN,AGL,CE,Towers with Radar,0,7,26,2,35,0,0,23,1,24,0,7,49,3,59,56,0,56,115
01/11/2020,STP,MN,AGL,CE,Towers with Radar,0,7,16,0,23,0,0,43,0,43,0,7,59,0,66,16,0,16,82
01/12/2020,STP,MN,AGL,CE,Towers with Radar,0,9,32,0,41,0,2,11,0,13,0,11,43,0,54,0,0,0,54
01/13/2020,STP,MN,AGL,CE,Towers with Radar,0,11,25,2,38,0,2,3,5,10,0,13,28,7,48,0,6,6,54
01/14/2020,STP,MN,AGL,CE,Towers with Radar,0,14,37,0,51,0,3,14,4,21,0,17,51,4,72,4,0,4,76
01/15/2020,STP,MN,AGL,CE,Towers with Radar,0,9,29,3,41,0,0,3,4,7,0,9,32,7,48,4,20,24,72
01/16/2020,STP,MN,AGL,CE,Towers with Radar,0,13,58,0,71,0,8,12,2,22,0,21,70,2,93,12,0,12,105
01/17/2020,STP,MN,AGL,CE,Towers with Radar,0,6,21,0,27,0,0,4,2,6,0,6,25,2,33,14,0,14,47
01/18/2020,STP,MN,AGL,CE,Towers with Radar,0,3,7,0,10,0,0,0,0,0,0,3,7,0,10,0,0,0,10
01/19/2020,STP,MN,AGL,CE,Towers with Radar,0,9,11,0,20,0,0,2,0,2,0,9,13,0,22,14,0,14,36
01/20/2020,STP,MN,AGL,CE,Towers with Radar,0,14,38,0,52,0,2,15,0,17,0,16,53,0,69,32,0,32,101
01/21/2020,STP,MN,AGL,CE,Towers with Radar,0,8,47,0,55,0,0,15,0,15,0,8,62,0,70,0,0,0,70
01/22/2020,STP,MN,AGL,CE,Towers with Radar,0,10,35,0,45,0,0,0,0,0,0,10,35,0,45,2,0,2,47
01/23/2020,STP,MN,AGL,CE,Towers with Radar,0,7,37,0,44,0,1,0,0,1,0,8,37,0,45,0,0,0,45
01/24/2020,STP,MN,AGL,CE,Towers with Radar,0,8,36,0,44,0,0,0,0,0,0,8,36,0,44,0,0,0,44
01/25/2020,STP,MN,AGL,CE,Towers with Radar,0,4,5,0,9,0,0,10,0,10,0,4,15,0,19,18,0,18,37
01/26/2020,STP,MN,AGL,CE,Towers with Radar,0,5,20,0,25,0,0,2,0,2,0,5,22,0,27,2,0,2,29
01/27/2020,STP,MN,AGL,CE,Towers with Radar,0,6,24,0,30,0,0,0,0,0,0,6,24,0,30,0,0,0,30
01/28/2020,STP,MN,AGL,CE,Towers with Radar,0,17,36,2,55,0,2,7,0,9,0,19,43,2,64,0,16,16,80
01/29/2020,STP,MN,AGL,CE,Towers with Radar,0,18,38,0,56,0,3,1,2,6,0,21,39,2,62,4,20,24,86
01/30/2020,STP,MN,AGL,CE,Towers with Radar,0,15,46,0,61,0,0,0,0,0,0,15,46,0,61,0,0,0,61
01/31/2020,STP,MN,AGL,CE,Towers with Radar,0,18,40,0,58,0,0,2,0,2,0,18,42,0,60,6,0,6,66
02/01/2020,STP,MN,AGL,CE,Towers with Radar,0,12,42,0,54,0,5,37,0,42,0,17,79,0,96,28,0,28,124
02/02/2020,STP,MN,AGL,CE,Towers with Radar,0,6,31,0,37,0,0,7,0,7,0,6,38,0,44,14,0,14,58
02/03/2020,STP,MN,AGL,CE,Towers with Radar,0,16,32,0,48,0,0,26,0,26,0,16,58,0,74,36,0,36,110
02/04/2020,STP,MN,AGL,CE,Towers with Radar,0,12,62,12,86,0,0,21,0,21,0,12,83,12,107,22,0,22,129
02/05/2020,STP,MN,AGL,CE,Towers with Radar,0,9,45,4,58,0,4,24,5,33,0,13,69,9,91,52,4,56,147
02/06/2020,STP,MN,AGL,CE,Towers with Radar,0,6,51,2,59,0,0,22,0,22,0,6,73,2,81,24,0,24,105
02/07/2020,STP,MN,AGL,CE,Towers with Radar,0,11,26,0,37,0,0,13,0,13,0,11,39,0,50,0,0,0,50
02/08/2020,STP,MN,AGL,CE,Towers with Radar,0,3,31,0,34,0,4,35,4,43,0,7,66,4,77,48,6,54,131
02/09/2020,STP,MN,AGL,CE,Towers with Radar,0,11,21,0,32,0,0,2,0,2,0,11,23,0,34,0,0,0,34
02/10/2020,STP,MN,AGL,CE,Towers with Radar,0,9,27,0,36,0,0,9,0,9,0,9,36,0,45,8,0,8,53
02/11/2020,STP,MN,AGL,CE,Towers with Radar,0,18,73,1,92,0,3,16,2,21,0,21,89,3,113,0,0,0,113
02/12/2020,STP,MN,AGL,CE,Towers with Radar,0,13,32,0,45,0,1,6,4,11,0,14,38,4,56,8,0,8,64
02/13/2020,STP,MN,AGL,CE,Towers with Radar,0,19,43,0,62,0,2,7,6,15,0,21,50,6,77,0,2,2,79
02/14/2020,STP,MN,AGL,CE,Towers with Radar,0,15,46,2,63,0,0,56,0,56,0,15,102,2,119,10,0,10,129
02/15/2020,STP,MN,AGL,CE,Towers with Radar,0,12,30,0,42,0,1,33,0,34,0,13,63,0,76,62,0,62,138
02/16/2020,STP,MN,AGL,CE,Towers with Radar,0,12,28,0,40,0,1,25,0,26,0,13,53,0,66,34,0,34,100
02/17/2020,STP,MN,AGL,CE,Towers with Radar,0,4,43,0,47,0,0,6,4,10,0,4,49,4,57,6,0,6,63
02/18/2020,STP,MN,AGL,CE,Towers with Radar,0,12,28,2,42,0,2,11,6,19,0,14,39,8,61,14,0,14,75
02/19/2020,STP,MN,AGL,CE,Towers with Radar,0,9,55,0,64,0,1,16,2,19,0,10,71,2,83,28,12,40,123
02/20/2020,STP,MN,AGL,CE,Towers with Radar,0,4,56,3,63,0,1,27,2,30,0,5,83,5,93,6,0,6,99
02/21/2020,STP,MN,AGL,CE,Towers with Radar,0,13,58,0,71,0,4,36,0,40,0,17,94,0,111,40,0,40,151
02/22/2020,STP,MN,AGL,CE,Towers with Radar,0,11,18,0,29,0,24,46,4,74,0,35,64,4,103,18,0,18,121
02/23/2020,STP,MN,AGL,CE,Towers with Radar,0,11,46,0,57,0,7,38,0,45,0,18,84,0,102,38,0,38,140
02/24/2020,STP,MN,AGL,CE,Towers with Radar,0,10,37,2,49,0,2,21,0,23,0,12,58,2,72,22,0,22,94
02/25/2020,STP,MN,AGL,CE,Towers with Radar,0,16,38,0,54,0,0,20,2,22,0,16,58,2,76,22,0,22,98
02/26/2020,STP,MN,AGL,CE,Towers with Radar,0,10,48,0,58,0,2,23,2,27,0,12,71,2,85,16,12,28,113
02/27/2020,STP,MN,AGL,CE,Towers with Radar,0,14,43,0,57,0,0,18,0,18,0,14,61,0,75,30,0,30,105
02/28/2020,STP,MN,AGL,CE,Towers with Radar,0,15,44,0,59,0,0,26,2,28,0,15,70,2,87,36,0,36,123
02/29/2020,STP,MN,AGL,CE,Towers with Radar,0,12,23,0,35,0,0,32,0,32,0,12,55,0,67,44,0,44,111
03/01/2020,STP,MN,AGL,CE,Towers with Radar,0,6,34,0,40,0,0,36,0,36,0,6,70,0,76,6,0,6,82
03/02/2020,STP,MN,AGL,CE,Towers with Radar,0,13,47,0,60,0,0,27,1,28,0,13,74,1,88,42,0,42,130
03/03/2020,STP,MN,AGL,CE,Towers with Radar,0,9,65,2,76,0,2,15,1,18,0,11,80,3,94,14,0,14,108
03/04/2020,STP,MN,AGL,CE,Towers with Radar,0,7,56,0,63,0,2,23,0,25,0,9,79,0,88,16,0,16,104
03/05/2020,STP,MN,AGL,CE,Towers with Radar,0,20,41,4,65,0,2,4,2,8,0,22,45,6,73,0,4,4,77
03/06/2020,STP,MN,AGL,CE,Towers with Radar,0,8,43,2,53,0,7,44,3,54,0,15,87,5,107,56,0,56,163
03/07/2020,STP,MN,AGL,CE,Towers with Radar,0,6,34,0,40,0,9,45,0,54,0,15,79,0,94,12,0,12,106
03/08/2020,STP,MN,AGL,CE,Towers with Radar,0,8,28,0,36,0,1,18,0,19,0,9,46,0,55,2,0,2,57
03/09/2020,STP,MN,AGL,CE,Towers with Radar,0,18,46,0,64,0,1,17,0,18,0,19,63,0,82,22,0,22,104
03/10/2020,STP,MN,AGL,CE,Towers with Radar,0,6,50,0,56,0,3,27,4,34,0,9,77,4,90,0,0,0,90
03/11/2020,STP,MN,AGL,CE,Towers with Radar,0,16,56,2,74,0,3,24,2,29,0,19,80,4,103,24,0,24,127
03/12/2020,STP,MN,AGL,CE,Towers with Radar,0,9,35,0,44,0,0,1,0,1,0,9,36,0,45,0,0,0,45
03/13/2020,STP,MN,AGL,CE,Towers with Radar,0,10,31,1,42,0,2,27,0,29,0,12,58,1,71,6,0,6,77
03/14/2020,STP,MN,AGL,CE,Towers with Radar,0,8,20,0,28,0,1,30,0,31,0,9,50,0,59,14,0,14,73
03/15/2020,STP,MN,AGL,CE,Towers with Radar,0,12,26,1,39,0,2,39,0,41,0,14,65,1,80,70,0,70,150
03/16/2020,STP,MN,AGL,CE,Towers with Radar,0,10,26,0,36,0,0,2,0,2,0,10,28,0,38,0,0,0,38
03/17/2020,STP,MN,AGL,CE,Towers with Radar,0,3,18,0,21,0,0,10,0,10,0,3,28,0,31,18,0,18,49
03/18/2020,STP,MN,AGL,CE,Towers with Radar,0,13,21,0,34,0,0,1,0,1,0,13,22,0,35,0,0,0,35
03/19/2020,STP,MN,AGL,CE,Towers with Radar,0,4,21,0,25,0,0,0,0,0,0,4,21,0,25,0,0,0,25
03/20/2020,STP,MN,AGL,CE,Towers with Radar,0,7,20,0,27,0,0,25,0,25,0,7,45,0,52,28,0,28,80
03/21/2020,STP,MN,AGL,CE,Towers with Radar,0,2,14,0,16,0,0,13,0,13,0,2,27,0,29,28,0,28,57
03/22/2020,STP,MN,AGL,CE,Towers with Radar,0,10,10,0,20,0,0,10,0,10,0,10,20,0,30,2,0,2,32
03/23/2020,STP,MN,AGL,CE,Towers with Radar,0,2,13,0,15,0,5,5,0,10,0,7,18,0,25,26,0,26,51
03/24/2020,STP,MN,AGL,CE,Towers with Radar,0,9,23,2,34,0,0,5,5,10,0,9,28,7,44,6,0,6,50
03/25/2020,STP,MN,AGL,CE,Towers with Radar,0,7,11,0,18,0,0,1,0,1,0,7,12,0,19,0,0,0,19
03/26/2020,STP,MN,AGL,CE,Towers with Radar,0,3,22,2,27,0,0,15,7,22,0,3,37,9,49,44,6,50,99
03/27/2020,STP,MN,AGL,CE,Towers with Radar,0,4,21,2,27,0,2,28,2,32,0,6,49,4,59,35,0,35,94
03/28/2020,STP,MN,AGL,CE,Towers with Radar,0,5,1,0,6,0,0,0,0,0,0,5,1,0,6,0,0,0,6
03/29/2020,STP,MN,AGL,CE,Towers with Radar,0,3,5,0,8,0,0,4,0,4,0,3,9,0,12,0,0,0,12
03/30/2020,STP,MN,AGL,CE,Towers with Radar,0,2,9,0,11,0,1,28,2,31,0,3,37,2,42,56,0,56,98
03/31/2020,STP,MN,AGL,CE,Towers with Radar,0,3,14,2,19,0,0,21,4,25,0,3,35,6,44,26,0,26,70
04/01/2020,STP,MN,AGL,CE,Towers with Radar,0,3,14,0,17,0,0,7,2,9,0,3,21,2,26,10,0,10,36
04/02/2020,STP,MN,AGL,CE,Towers with Radar,0,2,7,2,11,0,0,6,3,9,0,2,13,5,20,10,10,20,40
04/03/2020,STP,MN,AGL,CE,Towers with Radar,0,7,7,0,14,0,0,0,0,0,0,7,7,0,14,0,0,0,14
04/04/2020,STP,MN,AGL,CE,Towers with Radar,0,5,7,2,14,0,0,25,0,25,0,5,32,2,39,52,0,52,91
04/05/2020,STP,MN,AGL,CE,Towers with Radar,0,4,14,0,18,0,3,12,0,15,0,7,26,0,33,10,0,10,43
04/06/2020,STP,MN,AGL,CE,Towers with Radar,0,1,12,0,13,0,1,6,7,14,0,2,18,7,27,22,22,44,71
04/07/2020,STP,MN,AGL,CE,Towers with Radar,0,8,9,2,19,0,2,7,5,14,0,10,16,7,33,26,18,44,77
04/08/2020,STP,MN,AGL,CE,Towers with Radar,0,2,21,0,23,0,0,17,11,28,0,2,38,11,51,36,14,50,101
04/09/2020,STP,MN,AGL,CE,Towers with Radar,0,2,9,0,11,0,1,5,5,11,0,3,14,5,22,0,0,0,22
04/10/2020,STP,MN,AGL,CE,Towers with Radar,0,7,12,0,19,0,0,22,2,24,0,7,34,2,43,64,0,64,107
04/11/2020,STP,MN,AGL,CE,Towers with Radar,0,0,5,0,5,0,0,30,0,30,0,0,35,0,35,36,0,36,71
04/12/2020,STP,MN,AGL,CE,Towers with Radar,0,0,3,0,3,0,0,0,0,0,0,0,3,0,3,0,0,0,3
04/13/2020,STP,MN,AGL,CE,Towers with Radar,0,1,9,0,10,0,1,4,0,5,0,2,13,0,15,18,0,18,33
04/14/2020,STP,MN,AGL,CE,Towers with Radar,0,6,15,6,27,0,1,5,0,6,0,7,20,6,33,2,0,2,35
04/15/2020,STP,MN,AGL,CE,Towers with Radar,0,0,10,6,16,0,0,3,2,5,0,0,13,8,21,0,0,0,21
04/16/2020,STP,MN,AGL,CE,Towers with Radar,0,6,20,2,28,0,0,21,8,29,0,6,41,10,57,24,14,38,95
04/17/2020,STP,MN,AGL,CE,Towers with Radar,0,2,9,0,11,0,1,30,2,33,0,3,39,2,44,26,0,26,70
04/18/2020,STP,MN,AGL,CE,Towers with Radar,0,1,10,0,11,0,0,22,2,24,0,1,32,2,35,30,0,30,65
04/19/2020,STP,MN,AGL,CE,Towers with Radar,0,5,9,0,14,0,0,20,0,20,0,5,29,0,34,18,0,18,52
04/20/2020,STP,MN,AGL,CE,Towers with Radar,0,2,10,0,12,0,0,12,0,12,0,2,22,0,24,26,0,26,50
04/21/2020,STP,MN,AGL,CE,Towers with Radar,0,0,12,3,15,0,0,19,8,27,0,0,31,11,42,28,12,40,82
04/22/2020,STP,MN,AGL,CE,Towers with Radar,0,7,15,2,24,0,0,25,2,27,0,7,40,4,51,30,2,32,83
04/23/2020,STP,MN,AGL,CE,Towers with Radar,0,1,8,0,9,0,3,18,7,28,0,4,26,7,37,2,0,2,39
04/24/2020,STP,MN,AGL,CE,Towers with Radar,0,4,13,0,17,0,0,16,0,16,0,4,29,0,33,26,0,26,59
04/25/2020,STP,MN,AGL,CE,Towers with Radar,0,5,23,0,28,0,2,13,0,15,0,7,36,0,43,10,0,10,53
04/26/2020,STP,MN,AGL,CE,Towers with Radar,0,2,11,0,13,0,0,14,0,14,0,2,25,0,27,36,0,36,63
04/27/2020,STP,MN,AGL,CE,Towers with Radar,0,4,21,2,27,0,0,15,0,15,0,4,36,2,42,10,0,10,52
04/28/2020,STP,MN,AGL,CE,Towers with Radar,0,2,10,0,12,0,0,2,0,2,0,2,12,0,14,0,0,0,14
04/29/2020,STP,MN,AGL,CE,Towers with Radar,0,4,22,0,26,0,3,13,8,24,0,7,35,8,50,4,0,4,54
04/30/2020,STP,MN,AGL,CE,Towers with Radar,0,4,28,0,32,0,0,52,2,54,0,4,80,2,86,38,0,38,124
05/01/2020,STP,MN,AGL,CE,Towers with Radar,0,4,14,0,18,0,1,26,0,27,0,5,40,0,45,30,0,30,75
05/02/2020,STP,MN,AGL,CE,Towers with Radar,0,4,15,0,19,0,2,7,2,11,0,6,22,2,30,4,0,4,34
05/03/2020,STP,MN,AGL,CE,Towers with Radar,0,8,12,0,20,0,1,21,0,22,0,9,33,0,42,10,0,10,52
05/04/2020,STP,MN,AGL,CE,Towers with Radar,0,3,14,0,17,0,0,15,4,19,0,3,29,4,36,46,0,46,82
05/05/2020,STP,MN,AGL,CE,Towers with Radar,0,2,13,0,15,0,0,25,4,29,0,2,38,4,44,28,0,28,72
05/06/2020,STP,MN,AGL,CE,Towers with Radar,0,1,25,0,26,0,0,12,9,21,0,1,37,9,47,0,0,0,47
05/07/2020,STP,MN,AGL,CE,Towers with Radar,0,5,25,0,30,0,0,10,0,10,0,5,35,0,40,10,0,10,50
05/08/2020,STP,MN,AGL,CE,Towers with Radar,0,5,22,1,28,0,2,17,4,23,0,7,39,5,51,6,16,22,73
05/09/2020,STP,MN,AGL,CE,Towers with Radar,0,7,14,0,21,0,0,10,0,10,0,7,24,0,31,34,0,34,65
05/10/2020,STP,MN,AGL,CE,Towers with Radar,0,2,10,0,12,0,1,7,0,8,0,3,17,0,20,0,0,0,20
05/11/2020,STP,MN,AGL,CE,Towers with Radar,0,3,19,2,24,0,0,24,0,24,0,3,43,2,48,0,0,0,48
05/12/2020,STP,MN,AGL,CE,Towers with Radar,0,1,10,0,11,0,0,20,1,21,0,1,30,1,32,28,0,28,60
05/13/2020,STP,MN,AGL,CE,Towers with Radar,0,3,19,1,23,0,0,8,0,8,0,3,27,1,31,14,0,14,45
05/14/2020,STP,MN,AGL,CE,Towers with Radar,0,6,22,4,32,0,0,24,1,25,0,6,46,5,57,32,0,32,89
05/15/2020,STP,MN,AGL,CE,Towers with Radar,0,6,17,0,23,0,2,29,0,31,0,8,46,0,54,10,0,10,64
05/16/2020,STP,MN,AGL,CE,Towers with Radar,0,4,11,0,15,0,3,25,0,28,0,7,36,0,43,58,0,58,101
05/17/2020,STP,MN,AGL,CE,Towers with Radar,0,4,6,0,10,0,1,1,0,2,0,5,7,0,12,0,0,0,12
05/18/2020,STP,MN,AGL,CE,Towers with Radar,0,8,13,0,21,0,0,12,0,12,0,8,25,0,33,54,0,54,87
05/19/2020,STP,MN,AGL,CE,Towers with Radar,0,6,15,6,27,0,1,13,4,18,0,7,28,10,45,6,0,6,51
05/20/2020,STP,MN,AGL,CE,Towers with Radar,0,8,32,1,41,0,2,19,3,24,0,10,51,4,65,2,0,2,67
05/21/2020,STP,MN,AGL,CE,Towers with Radar,0,7,34,0,41,0,0,18,2,20,0,7,52,2,61,10,0,10,71
05/22/2020,STP,MN,AGL,CE,Towers with Radar,0,7,21,2,30,0,1,16,1,18,0,8,37,3,48,20,0,20,68
05/23/2020,STP,MN,AGL,CE,Towers with Radar,0,6,14,0,20,0,1,4,0,5,0,7,18,0,25,24,0,24,49
05/24/2020,STP,MN,AGL,CE,Towers with Radar,0,6,17,0,23,0,0,4,0,4,0,6,21,0,27,0,0,0,27
05/25/2020,STP,MN,AGL,CE,Towers with Radar,0,5,26,0,31,0,0,6,0,6,0,5,32,0,37,10,0,10,47
05/26/2020,STP,MN,AGL,CE,Towers with Radar,0,9,27,0,36,0,0,8,2,10,0,9,35,2,46,42,0,42,88
05/27/2020,STP,MN,AGL,CE,Towers with Radar,0,11,19,2,32,0,2,6,5,13,0,13,25,7,45,8,2,10,55
05/28/2020,STP,MN,AGL,CE,Towers with Radar,0,8,26,0,34,0,0,26,8,34,0,8,52,8,68,40,0,40,108
05/29/2020,STP,MN,AGL,CE,Towers with Radar,0,5,39,0,44,0,6,18,7,31,0,11,57,7,75,22,0,22,97
05/30/2020,STP,MN,AGL,CE,Towers with Radar,0,6,15,0,21,0,2,22,7,31,0,8,37,7,52,24,0,24,76
05/31/2020,STP,MN,AGL,CE,Towers with Radar,0,4,27,0,31,0,1,24,14,39,0,5,51,14,70,8,0,8,78
06/01/2020,STP,MN,AGL,CE,Towers with Radar,0,12,48,3,63,0,0,16,9,25,0,12,64,12,88,12,0,12,100
06/02/2020,STP,MN,AGL,CE,Towers with Radar,0,6,16,0,22,0,2,14,2,18,0,8,30,2,40,8,0,8,48
06/03/2020,STP,MN,AGL,CE,Towers with Radar,0,5,26,1,32,0,1,16,1,18,0,6,42,2,50,48,0,48,98
06/04/2020,STP,MN,AGL,CE,Towers with Radar,0,6,43,0,49,0,2,30,8,40,0,8,73,8,89,24,0,24,113
06/05/2020,STP,MN,AGL,CE,Towers with Radar,0,4,23,0,27,0,0,25,8,33,0,4,48,8,60,24,0,24,84
06/06/2020,STP,MN,AGL,CE,Towers with Radar,0,8,14,0,22,0,0,28,8,36,0,8,42,8,58,72,0,72,130
06/07/2020,STP,MN,AGL,CE,Towers with Radar,0,4,18,0,22,0,1,8,0,9,0,5,26,0,31,8,0,8,39
06/08/2020,STP,MN,AGL,CE,Towers with Radar,0,5,14,0,19,0,0,9,0,9,0,5,23,0,28,4,0,4,32
06/09/2020,STP,MN,AGL,CE,Towers with Radar,0,4,21,0,25,0,1,6,0,7,0,5,27,0,32,22,0,22,54
06/10/2020,STP,MN,AGL,CE,Towers with Radar,0,7,26,2,35,0,3,4,2,9,0,10,30,4,44,0,0,0,44
06/11/2020,STP,MN,AGL,CE,Towers with Radar,0,15,24,2,41,0,0,12,2,14,0,15,36,4,55,18,0,18,73
06/12/2020,STP,MN,AGL,CE,Towers with Radar,0,7,52,0,59,0,0,23,0,23,0,7,75,0,82,32,0,32,114
06/13/2020,STP,MN,AGL,CE,Towers with Radar,0,7,18,0,25,0,5,11,0,16,0,12,29,0,41,6,0,6,47
06/14/2020,STP,MN,AGL,CE,Towers with Radar,0,5,10,4,19,0,0,9,7,16,0,5,19,11,35,50,0,50,85
06/15/2020,STP,MN,AGL,CE,Towers with Radar,0,5,29,2,36,0,2,24,4,30,0,7,53,6,66,20,10,30,96
06/16/2020,STP,MN,AGL,CE,Towers with Radar,0,10,26,1,37,0,3,6,1,10,0,13,32,2,47,4,0,4,51
06/17/2020,STP,MN,AGL,CE,Towers with Radar,0,9,13,2,24,0,0,26,0,26,0,9,39,2,50,62,0,62,112
06/18/2020,STP,MN,AGL,CE,Towers with Radar,0,6,22,0,28,0,2,9,0,11,0,8,31,0,39,2,0,2,41
06/19/2020,STP,MN,AGL,CE,Towers with Radar,0,11,32,0,43,0,5,25,2,32,0,16,57,2,75,32,0,32,107
06/20/2020,STP,MN,AGL,CE,Towers with Radar,0,3,14,0,17,0,1,10,6,17,0,4,24,6,34,0,0,0,34
06/21/2020,STP,MN,AGL,CE,Towers with Radar,0,11,19,0,30,0,0,14,0,14,0,11,33,0,44,22,0,22,66
06/22/2020,STP,MN,AGL,CE,Towers with Radar,0,10,29,0,39,0,0,18,8,26,0,10,47,8,65,26,0,26,91
06/23/2020,STP,MN,AGL,CE,Towers with Radar,0,9,19,0,28,0,0,15,2,17,0,9,34,2,45,22,0,22,67
06/24/2020,STP,MN,AGL,CE,Towers with Radar,0,9,17,2,28,0,3,17,15,35,0,12,34,17,63,20,0,20,83
06/25/2020,STP,MN,AGL,CE,Towers with Radar,0,13,17,2,32,0,4,16,1,21,0,17,33,3,53,46,0,46,99
06/26/2020,STP,MN,AGL,CE,Towers with Radar,0,8,21,0,29,0,1,12,0,13,0,9,33,0,42,22,0,22,64
06/27/2020,STP,MN,AGL,CE,Towers with Radar,0,6,10,0,16,0,1,8,0,9,0,7,18,0,25,70,0,70,95
06/28/2020,STP,MN,AGL,CE,Towers with Radar,0,8,11,0,19,0,0,23,0,23,0,8,34,0,42,62,0,62,104
06/29/2020,STP,MN,AGL,CE,Towers with Radar,0,9,26,0,35,0,0,11,3,14,0,9,37,3,49,11,0,11,60
06/30/2020,STP,MN,AGL,CE,Towers with Radar,0,3,54,2,59,0,1,7,0,8,0,4,61,2,67,16,0,16,83
07/01/2020,STP,MN,AGL,CE,Towers with Radar,0,7,23,0,30,0,2,24,2,28,0,9,47,2,58,12,0,12,70
07/02/2020,STP,MN,AGL,CE,Towers with Radar,0,10,31,0,41,0,1,30,0,31,0,11,61,0,72,10,0,10,82
07/03/2020,STP,MN,AGL,CE,Towers with Radar,0,7,19,0,26,0,2,21,0,23,0,9,40,0,49,38,0,38,87
07/04/2020,STP,MN,AGL,CE,Towers with Radar,0,2,12,0,14,0,0,10,0,10,0,2,22,0,24,0,0,0,24
07/05/2020,STP,MN,AGL,CE,Towers with Radar,0,8,11,0,19,0,0,11,0,11,0,8,22,0,30,16,0,16,46
07/06/2020,STP,MN,AGL,CE,Towers with Radar,0,6,31,0,37,0,1,15,0,16,0,7,46,0,53,6,0,6,59
07/07/2020,STP,MN,AGL,CE,Towers with Radar,0,5,30,0,35,0,1,7,0,8,0,6,37,0,43,2,0,2,45
07/08/2020,STP,MN,AGL,CE,Towers with Radar,0,13,42,0,55,0,0,15,0,15,0,13,57,0,70,26,0,26,96
07/09/2020,STP,MN,AGL,CE,Towers with Radar,0,7,41,5,53,0,0,13,4,17,0,7,54,9,70,26,0,26,96
07/10/2020,STP,MN,AGL,CE,Towers with Radar,0,7,22,0,29,0,0,24,0,24,0,7,46,0,53,34,0,34,87
07/11/2020,STP,MN,AGL,CE,Towers with Radar,0,6,10,0,16,0,0,16,0,16,0,6,26,0,32,16,0,16,48
07/12/2020,STP,MN,AGL,CE,Towers with Radar,0,7,12,0,19,0,2,25,4,31,0,9,37,4,50,32,0,32,82
07/13/2020,STP,MN,AGL,CE,Towers with Radar,0,5,24,0,29,0,1,21,0,22,0,6,45,0,51,38,10,48,99
07/14/2020,STP,MN,AGL,CE,Towers with Radar,0,4,28,0,32,0,1,3,3,7,0,5,31,3,39,0,0,0,39
07/15/2020,STP,MN,AGL,CE,Towers with Radar,0,7,39,4,50,0,0,18,2,20,0,7,57,6,70,10,12,22,92
07/16/2020,STP,MN,AGL,CE,Towers with Radar,0,13,43,0,56,0,0,23,0,23,0,13,66,0,79,24,0,24,103
07/17/2020,STP,MN,AGL,CE,Towers with Radar,0,4,34,2,40,0,0,24,0,24,0,4,58,2,64,16,0,16,80
07/18/2020,STP,MN,AGL,CE,Towers with Radar,0,4,16,0,20,0,2,13,2,17,0,6,29,2,37,22,0,22,59
07/19/2020,STP,MN,AGL,CE,Towers with Radar,0,6,18,0,24,0,0,14,6,20,0,6,32,6,44,4,0,4,48
07/20/2020,STP,MN,AGL,CE,Towers with Radar,0,5,35,2,42,0,0,24,2,26,0,5,59,4,68,20,0,20,88
07/21/2020,STP,MN,AGL,CE,Towers with Radar,0,9,30,2,41,0,1,9,0,10,0,10,39,2,51,16,0,16,67
07/22/2020,STP,MN,AGL,CE,Towers with Radar,0,15,52,0,67,0,1,20,3,24,0,16,72,3,91,38,2,40,131
07/23/2020,STP,MN,AGL,CE,Towers with Radar,0,13,46,3,62,0,2,24,7,33,0,15,70,10,95,36,0,36,131
07/24/2020,STP,MN,AGL,CE,Towers with Radar,0,9,40,0,49,0,0,21,0,21,0,9,61,0,70,36,0,36,106
07/25/2020,STP,MN,AGL,CE,Towers with Radar,0,6,19,0,25,0,2,6,0,8,0,8,25,0,33,4,0,4,37
07/26/2020,STP,MN,AGL,CE,Towers with Radar,0,15,26,0,41,0,1,1,0,2,0,16,27,0,43,0,0,0,43
07/27/2020,STP,MN,AGL,CE,Towers with Radar,0,9,30,0,39,0,0,18,0,18,0,9,48,0,57,10,0,10,67
07/28/2020,STP,MN,AGL,CE,Towers with Radar,0,11,29,2,42,0,0,18,0,18,0,11,47,2,60,52,0,52,112
07/29/2020,STP,MN,AGL,CE,Towers with Radar,0,13,30,0,43,0,1,19,1,21,0,14,49,1,64,37,1,38,102
07/30/2020,STP,MN,AGL,CE,Towers with Radar,0,10,21,2,33,0,1,22,0,23,0,11,43,2,56,8,0,8,64
07/31/2020,STP,MN,AGL,CE,Towers with Radar,0,4,31,0,35,0,3,13,0,16,0,7,44,0,51,51,0,51,102
08/01/2020,STP,MN,AGL,CE,Towers with Radar,0,9,15,0,24,0,0,20,0,20,0,9,35,0,44,34,0,34,78
08/02/2020,STP,MN,AGL,CE,Towers with Radar,0,9,25,0,34,0,0,7,0,7,0,9,32,0,41,18,0,18,59
08/03/2020,STP,MN,AGL,CE,Towers with Radar,0,15,35,0,50,0,2,18,0,20,0,17,53,0,70,28,0,28,98
08/04/2020,STP,MN,AGL,CE,Towers with Radar,0,7,35,0,42,0,1,11,0,12,0,8,46,0,54,0,0,0,54
08/05/2020,STP,MN,AGL,CE,Towers with Radar,0,14,38,0,52,0,0,20,1,21,0,14,58,1,73,16,0,16,89
08/06/2020,STP,MN,AGL,CE,Towers with Radar,0,10,42,2,54,0,2,35,4,41,0,12,77,6,95,31,0,31,126
08/07/2020,STP,MN,AGL,CE,Towers with Radar,0,8,22,0,30,0,2,10,0,12,0,10,32,0,42,24,0,24,66
08/08/2020,STP,MN,AGL,CE,Towers with Radar,0,4,22,0,26,0,1,18,0,19,0,5,40,0,45,16,0,16,61
08/09/2020,STP,MN,AGL,CE,Towers with Radar,0,4,30,0,34,0,0,3,0,3,0,4,33,0,37,0,0,0,37
08/10/2020,STP,MN,AGL,CE,Towers with Radar,0,8,25,0,33,0,0,12,0,12,0,8,37,0,45,8,0,8,53
08/11/2020,STP,MN,AGL,CE,Towers with Radar,0,6,28,4,38,0,0,17,0,17,0,6,45,4,55,14,0,14,69
08/12/2020,STP,MN,AGL,CE,Towers with Radar,0,12,24,1,37,0,0,12,2,14,0,12,36,3,51,6,0,6,57
08/13/2020,STP,MN,AGL,CE,Towers with Radar,0,7,45,0,52,0,2,19,0,21,0,9,64,0,73,38,0,38,111
08/14/2020,STP,MN,AGL,CE,Towers with Radar,0,8,14,2,24,0,1,9,0,10,0,9,23,2,34,22,0,22,56
08/15/2020,STP,MN,AGL,CE,Towers with Radar,0,4,20,0,24,0,2,31,0,33,0,6,51,0,57,90,0,90,147
08/16/2020,STP,MN,AGL,CE,Towers with Radar,0,6,23,0,29,0,1,17,0,18,0,7,40,0,47,20,0,20,67
08/17/2020,STP,MN,AGL,CE,Towers with Radar,0,3,21,0,24,0,1,10,0,11,0,4,31,0,35,2,0,2,37
08/18/2020,STP,MN,AGL,CE,Towers with Radar,0,13,55,0,68,0,1,17,4,22,0,14,72,4,90,32,0,32,122
08/19/2020,STP,MN,AGL,CE,Towers with Radar,0,9,23,0,32,0,2,14,2,18,0,11,37,2,50,12,0,12,62
08/20/2020,STP,MN,AGL,CE,Towers with Radar,0,8,28,0,36,0,0,19,2,21,0,8,47,2,57,32,0,32,89
08/21/2020,STP,MN,AGL,CE,Towers with Radar,0,9,23,0,32,0,1,21,0,22,0,10,44,0,54,49,0,49,103
08/22/2020,STP,MN,AGL,CE,Towers with Radar,0,10,8,0,18,0,0,35,4,39,0,10,43,4,57,8,0,8,65
08/23/2020,STP,MN,AGL,CE,Towers with Radar,0,3,22,0,25,0,0,20,0,20,0,3,42,0,45,54,0,54,99
08/24/2020,STP,MN,AGL,CE,Towers with Radar,0,7,23,2,32,0,3,13,0,16,0,10,36,2,48,8,0,8,56
08/25/2020,STP,MN,AGL,CE,Towers with Radar,0,2,25,0,27,0,1,16,0,17,0,3,41,0,44,54,0,54,98
08/26/2020,STP,MN,AGL,CE,Towers with Radar,0,9,41,0,50,0,1,16,2,19,0,10,57,2,69,6,0,6,75
08/27/2020,STP,MN,AGL,CE,Towers with Radar,0,13,38,0,51,0,1,14,5,20,0,14,52,5,71,0,0,0,71
08/28/2020,STP,MN,AGL,CE,Towers with Radar,0,10,30,0,40,0,1,14,0,15,0,11,44,0,55,10,0,10,65
08/29/2020,STP,MN,AGL,CE,Towers with Radar,0,10,8,0,18,0,0,22,0,22,0,10,30,0,40,12,0,12,52
08/30/2020,STP,MN,AGL,CE,Towers with Radar,0,13,19,2,34,0,0,22,0,22,0,13,41,2,56,8,0,8,64
08/31/2020,STP,MN,AGL,CE,Towers with Radar,0,3,22,0,25,0,2,9,0,11,0,5,31,0,36,0,0,0,36
09/01/2020,STP,MN,AGL,CE,Towers with Radar,0,8,36,6,50,0,1,22,0,23,0,9,58,6,73,42,0,42,115
09/02/2020,STP,MN,AGL,CE,Towers with Radar,0,4,30,0,34,0,0,24,0,24,0,4,54,0,58,32,0,32,90
09/03/2020,STP,MN,AGL,CE,Towers with Radar,0,7,15,2,24,0,1,4,0,5,0,8,19,2,29,4,0,4,33
09/04/2020,STP,MN,AGL,CE,Towers with Radar,0,12,27,0,39,0,0,17,0,17,0,12,44,0,56,24,0,24,80
09/05/2020,STP,MN,AGL,CE,Towers with Radar,0,2,14,0,16,0,4,17,0,21,0,6,31,0,37,34,0,34,71
09/06/2020,STP,MN,AGL,CE,Towers with Radar,0,5,4,0,9,0,2,4,6,12,0,7,8,6,21,0,0,0,21
09/07/2020,STP,MN,AGL,CE,Towers with Radar,0,15,21,0,36,0,1,19,0,20,0,16,40,0,56,16,0,16,72
09/08/2020,STP,MN,AGL,CE,Towers with Radar,0,12,23,0,35,0,1,17,6,24,0,13,40,6,59,12,0,12,71
09/09/2020,STP,MN,AGL,CE,Towers with Radar,0,5,16,2,23,0,1,3,0,4,0,6,19,2,27,16,0,16,43
09/10/2020,STP,MN,AGL,CE,Towers with Radar,0,10,28,1,39,0,3,1,0,4,0,13,29,1,43,0,0,0,43
09/11/2020,STP,MN,AGL,CE,Towers with Radar,0,6,26,0,32,0,2,6,4,12,0,8,32,4,44,0,0,0,44
09/12/2020,STP,MN,AGL,CE,Towers with Radar,0,6,13,0,19,0,0,2,0,2,0,6,15,0,21,0,0,0,21
09/13/2020,STP,MN,AGL,CE,Towers with Radar,0,8,27,0,35,0,0,9,0,9,0,8,36,0,44,0,0,0,44
09/14/2020,STP,MN,AGL,CE,Towers with Radar,0,7,37,0,44,0,0,21,5,26,0,7,58,5,70,2,0,2,72
09/15/2020,STP,MN,AGL,CE,Towers with Radar,0,9,26,1,36,0,3,7,0,10,0,12,33,1,46,18,0,18,64
09/16/2020,STP,MN,AGL,CE,Towers with Radar,0,8,45,3,56,0,0,15,0,15,0,8,60,3,71,30,0,30,101
09/17/2020,STP,MN,AGL,CE,Towers with Radar,0,9,40,0,49,0,2,10,11,23,0,11,50,11,72,6,0,6,78
09/18/2020,STP,MN,AGL,CE,Towers with Radar,0,9,19,2,30,0,2,26,1,29,0,11,45,3,59,6,0,6,65
09/19/2020,STP,MN,AGL,CE,Towers with Radar,0,4,10,0,14,0,4,30,5,39,0,8,40,5,53,28,0,28,81
09/20/2020,STP,MN,AGL,CE,Towers with Radar,0,10,15,0,25,0,3,10,0,13,0,13,25,0,38,8,0,8,46
09/21/2020,STP,MN,AGL,CE,Towers with Radar,0,9,32,0,41,0,2,11,0,13,0,11,43,0,54,18,0,18,72
09/22/2020,STP,MN,AGL,CE,Towers with Radar,0,8,27,0,35,0,0,26,4,30,0,8,53,4,65,16,0,16,81
09/23/2020,STP,MN,AGL,CE,Towers with Radar,0,7,28,0,35,0,3,17,1,21,0,10,45,1,56,18,0,18,74
09/24/2020,STP,MN,AGL,CE,Towers with Radar,0,24,26,0,50,0,3,10,0,13,0,27,36,0,63,10,0,10,73
09/25/2020,STP,MN,AGL,CE,Towers with Radar,0,14,26,0,40,0,3,12,0,15,0,17,38,0,55,2,0,2,57
09/26/2020,STP,MN,AGL,CE,Towers with Radar,0,4,14,0,18,0,0,19,0,19,0,4,33,0,37,8,0,8,45
09/27/2020,STP,MN,AGL,CE,Towers with Radar,0,8,13,0,21,0,0,14,0,14,0,8,27,0,35,10,0,10,45
09/28/2020,STP,MN,AGL,CE,Towers with Radar,0,7,28,0,35,0,0,10,2,12,0,7,38,2,47,4,0,4,51
09/29/2020,STP,MN,AGL,CE,Towers with Radar,0,7,32,2,41,0,0,16,0,16,0,7,48,2,57,18,0,18,75
09/30/2020,STP,MN,AGL,CE,Towers with Radar,0,11,36,0,47,0,6,9,2,17,0,17,45,2,64,2,0,2,66
10/01/2020,STP,MN,AGL,CE,Towers with Radar,0,7,35,0,42,0,1,8,0,9,0,8,43,0,51,10,0,10,61
10/02/2020,STP,MN,AGL,CE,Towers with Radar,0,9,33,0,42,0,0,15,0,15,0,9,48,0,57,14,0,14,71
10/03/2020,STP,MN,AGL,CE,Towers with Radar,0,4,28,0,32,0,4,23,0,27,0,8,51,0,59,4,0,4,63
10/04/2020,STP,MN,AGL,CE,Towers with Radar,0,13,19,0,32,0,2,21,0,23,0,15,40,0,55,6,0,6,61
10/05/2020,STP,MN,AGL,CE,Towers with Radar,0,7,36,2,45,0,2,4,4,10,0,9,40,6,55,8,2,10,65
10/06/2020,STP,MN,AGL,CE,Towers with Radar,0,7,35,2,44,0,1,12,0,13,0,8,47,2,57,22,0,22,79
10/07/2020,STP,MN,AGL,CE,Towers with Radar,0,10,45,0,55,0,0,14,2,16,0,10,59,2,71,12,0,12,83
10/08/2020,STP,MN,AGL,CE,Towers with Radar,0,7,34,1,42,0,2,15,10,27,0,9,49,11,69,38,0,38,107
10/09/2020,STP,MN,AGL,CE,Towers with Radar,0,8,20,0,28,0,4,16,0,20,0,12,36,0,48,4,0,4,52
10/10/2020,STP,MN,AGL,CE,Towers with Radar,0,8,14,0,22,0,3,32,0,35,0,11,46,0,57,36,0,36,93
10/11/2020,STP,MN,AGL,CE,Towers with Radar,0,4,20,0,24,0,1,12,0,13,0,5,32,0,37,6,0,6,43
10/12/2020,STP,MN,AGL,CE,Towers with Radar,0,9,31,0,40,0,4,12,2,18,0,13,43,2,58,0,0,0,58
10/13/2020,STP,MN,AGL,CE,Towers with Radar,0,7,36,0,43,0,2,7,0,9,0,9,43,0,52,4,0,4,56
10/14/2020,STP,MN,AGL,CE,Towers with Radar,0,17,34,2,53,0,0,6,0,6,0,17,40,2,59,0,0,0,59
10/15/2020,STP,MN,AGL,CE,Towers with Radar,0,7,32,0,39,0,0,13,0,13,0,7,45,0,52,18,0,18,70
10/16/2020,STP,MN,AGL,CE,Towers with Radar,0,8,27,0,35,0,0,4,0,4,0,8,31,0,39,4,0,4,43
10/17/2020,STP,MN,AGL,CE,Towers with Radar,0,6,20,0,26,0,2,28,0,30,0,8,48,0,56,6,0,6,62
10/18/2020,STP,MN,AGL,CE,Towers with Radar,0,13,23,0,36,0,1,12,0,13,0,14,35,0,49,0,0,0,49
10/19/2020,STP,MN,AGL,CE,Towers with Radar,1,12,29,0,42,0,0,4,0,4,1,12,33,0,46,2,0,2,48
10/20/2020,STP,MN,AGL,CE,Towers with Radar,0,2,23,0,25,0,1,0,0,1,0,3,23,0,26,0,0,0,26
10/21/2020,STP,MN,AGL,CE,Towers with Radar,0,14,29,2,45,0,0,14,0,14,0,14,43,2,59,32,0,32,91
10/22/2020,STP,MN,AGL,CE,Towers with Radar,0,19,23,0,42,0,0,0,0,0,0,19,23,0,42,0,0,0,42
10/23/2020,STP,MN,AGL,CE,Towers with Radar,0,15,24,0,39,0,2,10,0,12,0,17,34,0,51,20,0,20,71
10/24/2020,STP,MN,AGL,CE,Towers with Radar,0,9,16,0,25,0,0,23,0,23,0,9,39,0,48,18,0,18,66
10/25/2020,STP,MN,AGL,CE,Towers with Radar,0,6,13,0,19,0,0,0,0,0,0,6,13,0,19,0,0,0,19
10/26/2020,STP,MN,AGL,CE,Towers with Radar,0,10,26,2,38,0,1,30,0,31,0,11,56,2,69,48,0,48,117
10/27/2020,STP,MN,AGL,CE,Towers with Radar,0,6,19,0,25,0,1,19,0,20,0,7,38,0,45,16,0,16,61
10/28/2020,STP,MN,AGL,CE,Towers with Radar,0,13,54,1,68,0,1,9,2,12,0,14,63,3,80,22,0,22,102
10/29/2020,STP,MN,AGL,CE,Towers with Radar,0,9,46,0,55,0,1,14,2,17,0,10,60,2,72,6,0,6,78
10/30/2020,STP,MN,AGL,CE,Towers with Radar,0,4,36,1,41,0,1,21,4,26,0,5,57,5,67,26,0,26,93
10/31/2020,STP,MN,AGL,CE,Towers with Radar,0,5,13,0,18,0,3,10,1,14,0,8,23,1,32,2,0,2,34
11/01/2020,STP,MN,AGL,CE,Towers with Radar,0,2,14,0,16,0,0,8,0,8,0,2,22,0,24,2,0,2,26
11/02/2020,STP,MN,AGL,CE,Towers with Radar,0,10,18,0,28,0,1,20,0,21,0,11,38,0,49,24,0,24,73
11/03/2020,STP,MN,AGL,CE,Towers with Radar,0,7,24,0,31,0,3,21,1,25,0,10,45,1,56,12,0,12,68
11/04/2020,STP,MN,AGL,CE,Towers with Radar,0,13,25,2,40,0,1,14,4,19,0,14,39,6,59,0,0,0,59
11/05/2020,STP,MN,AGL,CE,Towers with Radar,0,9,29,2,40,0,3,23,0,26,0,12,52,2,66,44,0,44,110
11/06/2020,STP,MN,AGL,CE,Towers with Radar,0,4,23,0,27,0,7,12,4,23,0,11,35,4,50,4,12,16,66
11/07/2020,STP,MN,AGL,CE,Towers with Radar,1,3,16,0,20,0,4,19,0,23,1,7,35,0,43,6,0,6,49
11/08/2020,STP,MN,AGL,CE,Towers with Radar,0,6,14,0,20,0,4,4,0,8,0,10,18,0,28,2,0,2,30
11/09/2020,STP,MN,AGL,CE,Towers with Radar,0,12,21,0,33,0,0,3,0,3,0,12,24,0,36,0,0,0,36
11/10/2020,STP,MN,AGL,CE,Towers with Radar,0,13,20,0,33,0,1,1,0,2,0,14,21,0,35,0,4,4,39
11/11/2020,STP,MN,AGL,CE,Towers with Radar,0,10,32,0,42,0,2,7,0,9,0,12,39,0,51,16,0,16,67
11/12/2020,STP,MN,AGL,CE,Towers with Radar,0,8,20,0,28,0,5,1,0,6,0,13,21,0,34,0,0,0,34
11/13/2020,STP,MN,AGL,CE,Towers with Radar,0,8,23,0,31,0,4,5,0,9,0,12,28,0,40,0,0,0,40
11/14/2020,STP,MN,AGL,CE,Towers with Radar,0,4,11,0,15,0,0,1,5,6,0,4,12,5,21,0,0,0,21
11/15/2020,STP,MN,AGL,CE,Towers with Radar,0,9,19,0,28,0,1,0,0,1,0,10,19,0,29,0,0,0,29
11/16/2020,STP,MN,AGL,CE,Towers with Radar,0,8,42,0,50,0,0,7,1,8,0,8,49,1,58,0,6,6,64
11/17/2020,STP,MN,AGL,CE,Towers with Radar,0,15,36,2,53,0,6,14,0,20,0,21,50,2,73,22,0,22,95
11/18/2020,STP,MN,AGL,CE,Towers with Radar,0,6,26,0,32,0,1,12,0,13,0,7,38,0,45,12,0,12,57
11/19/2020,STP,MN,AGL,CE,Towers with Radar,0,13,32,2,47,0,5,13,0,18,0,18,45,2,65,20,0,20,85
11/20/2020,STP,MN,AGL,CE,Towers with Radar,0,11,30,0,41,0,7,7,0,14,0,18,37,0,55,6,0,6,61
11/21/2020,STP,MN,AGL,CE,Towers with Radar,0,4,19,0,23,0,1,14,0,15,0,5,33,0,38,28,0,28,66
11/22/2020,STP,MN,AGL,CE,Towers with Radar,0,9,18,0,27,0,2,2,0,4,0,11,20,0,31,0,0,0,31
11/23/2020,STP,MN,AGL,CE,Towers with Radar,0,13,28,0,41,0,0,11,0,11,0,13,39,0,52,26,0,26,78
11/24/2020,STP,MN,AGL,CE,Towers with Radar,0,16,15,0,31,0,0,0,0,0,0,16,15,0,31,0,0,0,31
11/25/2020,STP,MN,AGL,CE,Towers with Radar,0,5,34,0,39,0,0,0,0,0,0,5,34,0,39,0,0,0,39
11/26/2020,STP,MN,AGL,CE,Towers with Radar,0,3,1,0,4,0,0,1,0,1,0,3,2,0,5,0,0,0,5
11/27/2020,STP,MN,AGL,CE,Towers with Radar,0,4,15,0,19,0,0,12,2,14,0,4,27,2,33,30,0,30,63
11/28/2020,STP,MN,AGL,CE,Towers with Radar,0,9,18,0,27,0,1,21,0,22,0,10,39,0,49,58,0,58,107
11/29/2020,STP,MN,AGL,CE,Towers with Radar,0,8,31,0,39,0,0,5,0,5,0,8,36,0,44,0,0,0,44
11/30/2020,STP,MN,AGL,CE,Towers with Radar,0,10,34,0,44,0,3,13,0,16,0,13,47,0,60,46,0,46,106
12/01/2020,STP,MN,AGL,CE,Towers with Radar,0,10,34,0,44,0,4,11,0,15,0,14,45,0,59,4,0,4,63
12/02/2020,STP,MN,AGL,CE,Towers with Radar,0,16,22,0,38,0,2,17,4,23,0,18,39,4,61,30,0,30,91
12/03/2020,STP,MN,AGL,CE,Towers with Radar,0,2,28,0,30,0,2,13,0,15,0,4,41,0,45,4,0,4,49
12/04/2020,STP,MN,AGL,CE,Towers with Radar,0,7,17,0,24,0,4,12,0,16,0,11,29,0,40,18,0,18,58
12/05/2020,STP,MN,AGL,CE,Towers with Radar,0,7,18,0,25,0,0,11,0,11,0,7,29,0,36,30,0,30,66
12/06/2020,STP,MN,AGL,CE,Towers with Radar,0,10,23,0,33,0,0,16,0,16,0,10,39,0,49,10,0,10,59
12/07/2020,STP,MN,AGL,CE,Towers with Radar,0,16,19,0,35,0,0,0,0,0,0,16,19,0,35,0,0,0,35
12/08/2020,STP,MN,AGL,CE,Towers with Radar,0,7,22,4,33,0,0,9,4,13,0,7,31,8,46,4,0,4,50
12/09/2020,STP,MN,AGL,CE,Towers with Radar,0,6,26,3,35,0,1,16,4,21,0,7,42,7,56,42,2,44,100
12/10/2020,STP,MN,AGL,CE,Towers with Radar,0,5,30,0,35,0,1,12,0,13,0,6,42,0,48,18,0,18,66
12/11/2020,STP,MN,AGL,CE,Towers with Radar,0,8,25,0,33,0,1,7,0,8,0,9,32,0,41,0,0,0,41
12/12/2020,STP,MN,AGL,CE,Towers with Radar,0,3,20,0,23,0,0,13,0,13,0,3,33,0,36,6,0,6,42
12/13/2020,STP,MN,AGL,CE,Towers with Radar,0,5,18,2,25,0,0,0,0,0,0,5,18,2,25,0,0,0,25
12/14/2020,STP,MN,AGL,CE,Towers with Radar,0,6,26,0,32,0,0,15,4,19,0,6,41,4,51,29,8,37,88
12/15/2020,STP,MN,AGL,CE,Towers with Radar,0,15,16,0,31,0,3,14,2,19,0,18,30,2,50,15,0,15,65
12/16/2020,STP,MN,AGL,CE,Towers with Radar,0,10,40,2,52,0,4,22,1,27,0,14,62,3,79,42,12,54,133
12/17/2020,STP,MN,AGL,CE,Towers with Radar,0,6,24,5,35,0,0,6,1,7,0,6,30,6,42,10,0,10,52
12/18/2020,STP,MN,AGL,CE,Towers with Radar,0,10,26,0,36,0,0,4,0,4,0,10,30,0,40,4,0,4,44
12/19/2020,STP,MN,AGL,CE,Towers with Radar,0,10,18,0,28,0,0,6,0,6,0,10,24,0,34,0,0,0,34
12/20/2020,STP,MN,AGL,CE,Towers with Radar,0,14,23,0,37,0,1,20,0,21,0,15,43,0,58,27,0,27,85
12/21/2020,STP,MN,AGL,CE,Towers with Radar,0,4,16,1,21,0,0,6,0,6,0,4,22,1,27,8,0,8,35
12/22/2020,STP,MN,AGL,CE,Towers with Radar,0,8,33,0,41,0,2,12,10,24,0,10,45,10,65,0,0,0,65
12/23/2020,STP,MN,AGL,CE,Towers with Radar,0,8,7,0,15,0,0,0,0,0,0,8,7,0,15,0,0,0,15
12/24/2020,STP,MN,AGL,CE,Towers with Radar,0,7,11,0,18,0,1,4,0,5,0,8,15,0,23,0,0,0,23
12/25/2020,STP,MN,AGL,CE,Towers with Radar,0,4,2,0,6,0,0,2,0,2,0,4,4,0,8,2,0,2,10
12/26/2020,STP,MN,AGL,CE,Towers with Radar,0,10,26,0,36,0,0,3,0,3,0,10,29,0,39,0,0,0,39
12/27/2020,STP,MN,AGL,CE,Towers with Radar,0,7,13,0,20,0,0,0,0,0,0,7,13,0,20,0,0,0,20
12/28/2020,STP,MN,AGL,CE,Towers with Radar,0,13,9,1,23,0,2,6,3,11,0,15,15,4,34,6,8,14,48
12/29/2020,STP,MN,AGL,CE,Towers with Radar,0,5,15,0,20,0,0,3,1,4,0,5,18,1,24,9,20,29,53
12/30/2020,STP,MN,AGL,CE,Towers with Radar,0,6,13,2,21,0,0,13,6,19,0,6,26,8,40,14,0,14,54
12/31/2020,STP,MN,AGL,CE,Towers with Radar,0,5,16,0,21,0,0,3,0,3,0,5,19,0,24,0,0,0,24
01/01/2021,STP,MN,AGL,CE,Towers with Radar,0,2,6,0,8,0,0,14,0,14,0,2,20,0,22,10,0,10,32
01/02/2021,STP,MN,AGL,CE,Towers with Radar,0,6,17,0,23,0,0,5,0,5,0,6,22,0,28,20,0,20,48
01/03/2021,STP,MN,AGL,CE,Towers with Radar,0,13,18,0,31,0,0,18,1,19,0,13,36,1,50,6,0,6,56
01/04/2021,STP,MN,AGL,CE,Towers with Radar,0,5,28,0,33,0,0,11,0,11,0,5,39,0,44,14,0,14,58
01/05/2021,STP,MN,AGL,CE,Towers with Radar,0,9,27,0,36,0,1,12,8,21,0,10,39,8,57,4,0,4,61
01/06/2021,STP,MN,AGL,CE,Towers with Radar,0,10,43,4,57,0,0,18,4,22,0,10,61,8,79,12,10,22,101
01/07/2021,STP,MN,AGL,CE,Towers with Radar,0,5,18,2,25,0,0,0,0,0,0,5,18,2,25,0,0,0,25
01/08/2021,STP,MN,AGL,CE,Towers with Radar,0,11,12,3,26,0,0,0,0,0,0,11,12,3,26,0,0,0,26
01/09/2021,STP,MN,AGL,CE,Towers with Radar,0,11,14,0,25,0,0,0,0,0,0,11,14,0,25,0,0,0,25
01/10/2021,STP,MN,AGL,CE,Towers with Radar,0,10,16,0,26,0,0,0,0,0,0,10,16,0,26,0,0,0,26
01/11/2021,STP,MN,AGL,CE,Towers with Radar,0,10,30,2,42,0,0,17,5,22,0,10,47,7,64,56,2,58,122
01/12/2021,STP,MN,AGL,CE,Towers with Radar,0,7,26,0,33,0,0,10,16,26,0,7,36,16,59,0,0,0,59
01/13/2021,STP,MN,AGL,CE,Towers with Radar,0,8,33,4,45,0,4,23,6,33,0,12,56,10,78,34,22,56,134
01/14/2021,STP,MN,AGL,CE,Towers with Radar,0,9,17,2,28,0,0,0,0,0,0,9,17,2,28,0,12,12,40
01/15/2021,STP,MN,AGL,CE,Towers with Radar,0,8,5,1,14,0,0,0,0,0,0,8,5,1,14,0,0,0,14
01/16/2021,STP,MN,AGL,CE,Towers with Radar,0,5,13,0,18,0,0,5,0,5,0,5,18,0,23,0,0,0,23
01/17/2021,STP,MN,AGL,CE,Towers with Radar,0,4,15,0,19,0,0,1,0,1,0,4,16,0,20,0,0,0,20
01/18/2021,STP,MN,AGL,CE,Towers with Radar,0,13,38,0,51,0,0,14,0,14,0,13,52,0,65,48,0,48,113
01/19/2021,STP,MN,AGL,CE,Towers with Radar,0,8,26,3,37,0,0,9,2,11,0,8,35,5,48,0,0,0,48
01/20/2021,STP,MN,AGL,CE,Towers with Radar,0,8,24,5,37,0,0,12,2,14,0,8,36,7,51,12,42,54,105
01/21/2021,STP,MN,AGL,CE,Towers with Radar,0,5,30,1,36,0,0,13,3,16,0,5,43,4,52,0,0,0,52
01/22/2021,STP,MN,AGL,CE,Towers with Radar,0,6,32,0,38,0,1,23,1,25,0,7,55,1,63,20,0,20,83
01/23/2021,STP,MN,AGL,CE,Towers with Radar,0,5,12,0,17,0,0,8,0,8,0,5,20,0,25,22,0,22,47
01/24/2021,STP,MN,AGL,CE,Towers with Radar,0,5,6,0,11,0,0,7,0,7,0,5,13,0,18,8,0,8,26
01/25/2021,STP,MN,AGL,CE,Towers with Radar,0,11,23,0,34,0,0,8,6,14,0,11,31,6,48,18,32,50,98
01/26/2021,STP,MN,AGL,CE,Towers with Radar,0,8,26,6,40,0,1,16,0,17,0,9,42,6,57,28,0,28,85
01/27/2021,STP,MN,AGL,CE,Towers with Radar,0,6,43,3,52,0,0,14,5,19,0,6,57,8,71,16,0,16,87
01/28/2021,STP,MN,AGL,CE,Towers with Radar,0,13,21,0,34,0,0,11,0,11,0,13,32,0,45,0,0,0,45
01/29/2021,STP,MN,AGL,CE,Towers with Radar,0,11,25,0,36,0,1,5,0,6,0,12,30,0,42,12,0,12,54
01/30/2021,STP,MN,AGL,CE,Towers with Radar,0,5,17,0,22,0,0,10,0,10,0,5,27,0,32,0,0,0,32
01/31/2021,STP,MN,AGL,CE,Towers with Radar,0,9,15,0,24,0,0,9,0,9,0,9,24,0,33,0,0,0,33
02/01/2021,STP,MN,AGL,CE,Towers with Radar,0,13,45,2,60,0,2,17,3,22,0,15,62,5,82,10,4,14,96
02/02/2021,STP,MN,AGL,CE,Towers with Radar,0,7,25,1,33,0,0,0,0,0,0,7,25,1,33,0,0,0,33
02/03/2021,STP,MN,AGL,CE,Towers with Radar,0,19,32,4,55,0,0,15,4,19,0,19,47,8,74,30,0,30,104
02/04/2021,STP,MN,AGL,CE,Towers with Radar,0,10,15,0,25,0,1,2,0,3,0,11,17,0,28,0,0,0,28
02/05/2021,STP,MN,AGL,CE,Towers with Radar,0,12,31,0,43,0,1,10,5,16,0,13,41,5,59,18,0,18,77
02/06/2021,STP,MN,AGL,CE,Towers with Radar,0,6,13,0,19,0,0,2,0,2,0,6,15,0,21,0,0,0,21
02/07/2021,STP,MN,AGL,CE,Towers with Radar,0,8,8,0,16,0,2,3,0,5,0,10,11,0,21,22,0,22,43
02/08/2021,STP,MN,AGL,CE,Towers with Radar,0,12,26,2,40,0,12,8,12,32,0,24,34,14,72,16,46,62,134
02/09/2021,STP,MN,AGL,CE,Towers with Radar,0,7,28,0,35,0,0,17,6,23,0,7,45,6,58,0,0,0,58
02/10/2021,STP,MN,AGL,CE,Towers with Radar,0,8,23,2,33,0,7,15,0,22,0,15,38,2,55,16,6,22,77
02/11/2021,STP,MN,AGL,CE,Towers with Radar,0,20,19,9,48,0,0,1,3,4,0,20,20,12,52,0,2,2,54
02/12/2021,STP,MN,AGL,CE,Towers with Radar,0,10,24,0,34,0,1,8,2,11,0,11,32,2,45,14,0,14,59
02/13/2021,STP,MN,AGL,CE,Towers with Radar,0,7,11,0,18,0,0,11,0,11,0,7,22,0,29,26,0,26,55
02/14/2021,STP,MN,AGL,CE,Towers with Radar,0,6,10,0,16,0,3,3,0,6,0,9,13,0,22,0,0,0,22
02/15/2021,STP,MN,AGL,CE,Towers with Radar,0,10,18,0,28,0,0,6,0,6,0,10,24,0,34,4,0,4,38
02/16/2021,STP,MN,AGL,CE,Towers with Radar,0,15,34,0,49,0,0,7,2,9,0,15,41,2,58,4,0,4,62
02/17/2021,STP,MN,AGL,CE,Towers with Radar,0,15,20,3,38,0,0,5,1,6,0,15,25,4,44,0,0,0,44
02/18/2021,STP,MN,AGL,CE,Towers with Radar,0,12,10,4,26,0,0,4,1,5,0,12,14,5,31,0,18,18,49
02/19/2021,STP,MN,AGL,CE,Towers with Radar,0,4,35,0,39,0,2,13,0,15,0,6,48,0,54,20,0,20,74
02/20/2021,STP,MN,AGL,CE,Towers with Radar,0,4,12,0,16,0,6,19,2,27,0,10,31,2,43,70,0,70,113
02/21/2021,STP,MN,AGL,CE,Towers with Radar,0,12,14,0,26,0,0,0,0,0,0,12,14,0,26,0,0,0,26
02/22/2021,STP,MN,AGL,CE,Towers with Radar,0,10,33,3,46,0,0,22,8,30,0,10,55,11,76,60,0,60,136
02/23/2021,STP,MN,AGL,CE,Towers with Radar,0,9,22,2,33,0,0,15,6,21,0,9,37,8,54,16,0,16,70
02/24/2021,STP,MN,AGL,CE,Towers with Radar,0,10,45,3,58,0,1,21,2,24,0,11,66,5,82,34,18,52,134
02/25/2021,STP,MN,AGL,CE,Towers with Radar,0,8,50,3,61,0,0,12,1,13,0,8,62,4,74,4,0,4,78
02/26/2021,STP,MN,AGL,CE,Towers with Radar,0,8,24,1,33,0,0,7,3,10,0,8,31,4,43,0,0,0,43
02/27/2021,STP,MN,AGL,CE,Towers with Radar,0,9,38,0,47,0,3,37,0,40,0,12,75,0,87,72,0,72,159
02/28/2021,STP,MN,AGL,CE,Towers with Radar,0,10,17,1,28,0,1,1,0,2,0,11,18,1,30,0,0,0,30
03/01/2021,STP,MN,AGL,CE,Towers with Radar,0,21,23,1,45,0,4,15,2,21,0,25,38,3,66,26,0,26,92
03/02/2021,STP,MN,AGL,CE,Towers with Radar,0,3,31,2,36,0,2,8,5,15,0,5,39,7,51,12,0,12,63
03/03/2021,STP,MN,AGL,CE,Towers with Radar,0,9,41,0,50,0,2,19,2,23,0,11,60,2,73,22,0,22,95
03/04/2021,STP,MN,AGL,CE,Towers with Radar,0,14,47,1,62,0,3,13,0,16,0,17,60,1,78,0,0,0,78
03/05/2021,STP,MN,AGL,CE,Towers with Radar,0,16,29,2,47,0,4,19,1,24,0,20,48,3,71,6,0,6,77
03/06/2021,STP,MN,AGL,CE,Towers with Radar,0,15,19,0,34,0,3,23,0,26,0,18,42,0,60,48,0,48,108
03/07/2021,STP,MN,AGL,CE,Towers with Radar,0,11,18,0,29,0,4,8,5,17,0,15,26,5,46,4,0,4,50
03/08/2021,STP,MN,AGL,CE,Towers with Radar,0,13,28,0,41,0,4,17,4,25,0,17,45,4,66,8,0,8,74
03/09/2021,STP,MN,AGL,CE,Towers with Radar,0,12,15,0,27,0,2,10,7,19,0,14,25,7,46,6,0,6,52
03/10/2021,STP,MN,AGL,CE,Towers with Radar,0,7,26,0,33,0,0,0,0,0,0,7,26,0,33,0,0,0,33
03/11/2021,STP,MN,AGL,CE,Towers with Radar,0,18,29,3,50,0,2,6,4,12,0,20,35,7,62,36,0,36,98
03/12/2021,STP,MN,AGL,CE,Towers with Radar,0,20,31,1,52,0,4,16,7,27,0,24,47,8,79,24,0,24,103
03/13/2021,STP,MN,AGL,CE,Towers with Radar,0,7,23,0,30,0,7,21,1,29,0,14,44,1,59,8,0,8,67
03/14/2021,STP,MN,AGL,CE,Towers with Radar,0,11,13,0,24,0,0,15,0,15,0,11,28,0,39,6,0,6,45
03/15/2021,STP,MN,AGL,CE,Towers with Radar,0,5,9,0,14,0,0,4,0,4,0,5,13,0,18,6,0,6,24
03/16/2021,STP,MN,AGL,CE,Towers with Radar,0,25,17,0,42,0,0,2,4,6,0,25,19,4,48,0,0,0,48
03/17/2021,STP,MN,AGL,CE,Towers with Radar,0,15,28,1,44,0,1,8,1,10,0,16,36,2,54,0,0,0,54
03/18/2021,STP,MN,AGL,CE,Towers with Radar,0,11,18,4,33,0,6,7,0,13,0,17,25,4,46,8,0,8,54
03/19/2021,STP,MN,AGL,CE,Towers with Radar,0,13,30,0,43,0,2,15,5,22,0,15,45,5,65,8,0,8,73
03/20/2021,STP,MN,AGL,CE,Towers with Radar,0,10,22,0,32,0,0,13,0,13,0,10,35,0,45,12,0,12,57
03/21/2021,STP,MN,AGL,CE,Towers with Radar,0,17,14,3,34,0,0,0,0,0,0,17,14,3,34,0,0,0,34
03/22/2021,STP,MN,AGL,CE,Towers with Radar,0,12,25,0,37,0,7,15,9,31,0,19,40,9,68,4,0,4,72
03/23/2021,STP,MN,AGL,CE,Towers with Radar,0,7,27,10,44,0,1,8,4,13,0,8,35,14,57,6,4,10,67
03/24/2021,STP,MN,AGL,CE,Towers with Radar,0,7,25,2,34,0,3,2,0,5,0,10,27,2,39,0,0,0,39
03/25/2021,STP,MN,AGL,CE,Towers with Radar,0,20,23,6,49,0,1,11,2,14,0,21,34,8,63,6,0,6,69
03/26/2021,STP,MN,AGL,CE,Towers with Radar,0,19,36,0,55,0,2,13,2,17,0,21,49,2,72,10,4,14,86
03/27/2021,STP,MN,AGL,CE,Towers with Radar,0,15,38,0,53,0,0,0,0,0,0,15,38,0,53,0,0,0,53
03/28/2021,STP,MN,AGL,CE,Towers with Radar,0,13,30,1,44,0,10,19,0,29,0,23,49,1,73,50,0,50,123
03/29/2021,STP,MN,AGL,CE,Towers with Radar,0,16,33,0,49,0,4,9,2,15,0,20,42,2,64,0,0,0,64
03/30/2021,STP,MN,AGL,CE,Towers with Radar,0,21,20,6,47,0,1,8,15,24,0,22,28,21,71,0,4,4,75
03/31/2021,STP,MN,AGL,CE,Towers with Radar,0,20,37,4,61,0,4,8,14,26,0,24,45,18,87,6,0,6,93
04/01/2021,STP,MN,AGL,CE,Towers with Radar,0,24,30,2,56,0,8,22,8,38,0,32,52,10,94,12,0,12,106
04/02/2021,STP,MN,AGL,CE,Towers with Radar,0,18,27,0,45,0,3,12,5,20,0,21,39,5,65,12,0,12,77
04/03/2021,STP,MN,AGL,CE,Towers with Radar,0,7,22,0,29,0,0,33,0,33,0,7,55,0,62,22,0,22,84
04/04/2021,STP,MN,AGL,CE,Towers with Radar,0,16,11,0,27,0,1,9,0,10,0,17,20,0,37,24,0,24,61
04/05/2021,STP,MN,AGL,CE,Towers with Radar,0,25,36,3,64,0,2,18,2,22,0,27,54,5,86,32,0,32,118
04/06/2021,STP,MN,AGL,CE,Towers with Radar,0,13,25,8,46,0,0,12,0,12,0,13,37,8,58,0,0,0,58
04/07/2021,STP,MN,AGL,CE,Towers with Radar,0,8,33,2,43,0,0,3,8,11,0,8,36,10,54,4,34,38,92
04/08/2021,STP,MN,AGL,CE,Towers with Radar,0,19,45,11,75,0,0,5,3,8,0,19,50,14,83,30,2,32,115
04/09/2021,STP,MN,AGL,CE,Towers with Radar,0,11,36,1,48,0,0,2,0,2,0,11,38,1,50,10,0,10,60
04/10/2021,STP,MN,AGL,CE,Towers with Radar,0,16,16,0,32,0,3,33,1,37,0,19,49,1,69,10,0,10,79
04/11/2021,STP,MN,AGL,CE,Towers with Radar,0,11,26,0,37,0,1,18,0,19,0,12,44,0,56,0,0,0,56
04/12/2021,STP,MN,AGL,CE,Towers with Radar,0,17,29,8,54,0,0,3,0,3,0,17,32,8,57,0,6,6,63
04/13/2021,STP,MN,AGL,CE,Towers with Radar,0,11,26,2,39,0,1,15,7,23,0,12,41,9,62,0,0,0,62
04/14/2021,STP,MN,AGL,CE,Towers with Radar,0,20,45,0,65,0,0,10,7,17,0,20,55,7,82,12,4,16,98
04/15/2021,STP,MN,AGL,CE,Towers with Radar,0,9,34,2,45,0,2,21,6,29,0,11,55,8,74,34,2,36,110
04/16/2021,STP,MN,AGL,CE,Towers with Radar,0,16,37,0,53,0,8,33,6,47,0,24,70,6,100,54,4,58,158
04/17/2021,STP,MN,AGL,CE,Towers with Radar,0,14,34,1,49,0,4,52,10,66,0,18,86,11,115,38,0,38,153
04/18/2021,STP,MN,AGL,CE,Towers with Radar,0,9,31,0,40,0,0,15,5,20,0,9,46,5,60,22,0,22,82
04/19/2021,STP,MN,AGL,CE,Towers with Radar,0,17,16,2,35,0,0,22,2,24,0,17,38,4,59,48,0,48,107
04/20/2021,STP,MN,AGL,CE,Towers with Radar,0,23,32,1,56,0,8,14,15,37,0,31,46,16,93,24,0,24,117
04/21/2021,STP,MN,AGL,CE,Towers with Radar,0,17,35,2,54,0,2,23,11,36,0,19,58,13,90,72,10,82,172
04/22/2021,STP,MN,AGL,CE,Towers with Radar,0,15,41,2,58,0,7,34,9,50,0,22,75,11,108,38,0,38,146
04/23/2021,STP,MN,AGL,CE,Towers with Radar,0,7,41,2,50,0,0,4,4,8,0,7,45,6,58,0,0,0,58
04/24/2021,STP,MN,AGL,CE,Towers with Radar,0,11,13,0,24,0,0,26,2,28,0,11,39,2,52,44,0,44,96
04/25/2021,STP,MN,AGL,CE,Towers with Radar,0,14,14,2,30,0,0,10,3,13,0,14,24,5,43,14,0,14,57
04/26/2021,STP,MN,AGL,CE,Towers with Radar,0,20,17,0,37,0,0,14,7,21,0,20,31,7,58,32,0,32,90
04/27/2021,STP,MN,AGL,CE,Towers with Radar,0,14,23,4,41,0,0,13,2,15,0,14,36,6,56,12,0,12,68
04/28/2021,STP,MN,AGL,CE,Towers with Radar,0,26,31,4,61,0,1,21,11,33,0,27,52,15,94,32,0,32,126
04/29/2021,STP,MN,AGL,CE,Towers with Radar,0,19,39,4,62,0,0,24,12,36,0,19,63,16,98,26,0,26,124
04/30/2021,STP,MN,AGL,CE,Towers with Radar,0,20,28,4,52,0,4,33,2,39,0,24,61,6,91,62,0,62,153
05/01/2021,STP,MN,AGL,CE,Towers with Radar,0,10,20,0,30,0,4,22,0,26,0,14,42,0,56,14,0,14,70
05/02/2021,STP,MN,AGL,CE,Towers with Radar,0,15,22,0,37,0,3,12,0,15,0,18,34,0,52,6,0,6,58
05/03/2021,STP,MN,AGL,CE,Towers with Radar,0,18,30,0,48,0,3,20,3,26,0,21,50,3,74,2,24,26,100
05/04/2021,STP,MN,AGL,CE,Towers with Radar,0,20,34,1,55,0,1,30,19,50,0,21,64,20,105,36,0,36,141
05/05/2021,STP,MN,AGL,CE,Towers with Radar,0,24,44,3,71,0,2,23,13,38,0,26,67,16,109,54,13,67,176
05/06/2021,STP,MN,AGL,CE,Towers with Radar,0,23,22,6,51,0,1,24,17,42,0,24,46,23,93,12,32,44,137
05/07/2021,STP,MN,AGL,CE,Towers with Radar,0,22,43,1,66,0,3,12,2,17,0,25,55,3,83,48,0,48,131
05/08/2021,STP,MN,AGL,CE,Towers with Radar,0,9,24,0,33,0,6,55,0,61,0,15,79,0,94,34,0,34,128
05/09/2021,STP,MN,AGL,CE,Towers with Radar,0,12,21,0,33,0,7,17,0,24,0,19,38,0,57,2,0,2,59
05/10/2021,STP,MN,AGL,CE,Towers with Radar,0,21,31,0,52,0,9,24,7,40,0,30,55,7,92,48,0,48,140
05/11/2021,STP,MN,AGL,CE,Towers with Radar,0,12,41,0,53,0,1,26,18,45,0,13,67,18,98,60,26,86,184
05/12/2021,STP,MN,AGL,CE,Towers with Radar,0,20,38,0,58,0,1,37,4,42,0,21,75,4,100,68,12,80,180
05/13/2021,STP,MN,AGL,CE,Towers with Radar,0,19,26,4,49,0,1,19,18,38,0,20,45,22,87,46,38,84,171
05/14/2021,STP,MN,AGL,CE,Towers with Radar,0,15,39,0,54,0,0,14,5,19,0,15,53,5,73,32,6,38,111
05/15/2021,STP,MN,AGL,CE,Towers with Radar,0,8,21,0,29,0,4,46,9,59,0,12,67,9,88,50,0,50,138
05/16/2021,STP,MN,AGL,CE,Towers with Radar,0,11,31,0,42,0,0,16,9,25,0,11,47,9,67,44,2,46,113
05/17/2021,STP,MN,AGL,CE,Towers with Radar,0,23,33,0,56,0,1,26,6,33,0,24,59,6,89,52,8,60,149
05/18/2021,STP,MN,AGL,CE,Towers with Radar,0,18,44,12,74,0,0,13,5,18,0,18,57,17,92,4,7,11,103
05/19/2021,STP,MN,AGL,CE,Towers with Radar,0,15,44,1,60,0,0,5,7,12,0,15,49,8,72,11,10,21,93
05/20/2021,STP,MN,AGL,CE,Towers with Radar,0,20,44,9,73,0,0,2,6,8,0,20,46,15,81,10,10,20,101
05/21/2021,STP,MN,AGL,CE,Towers with Radar,0,12,27,0,39,0,2,9,2,13,0,14,36,2,52,26,0,26,78
05/22/2021,STP,MN,AGL,CE,Towers with Radar,0,14,32,0,46,0,5,51,6,62,0,19,83,6,108,39,0,39,147
05/23/2021,STP,MN,AGL,CE,Towers with Radar,0,18,28,0,46,0,1,11,1,13,0,19,39,1,59,0,0,0,59
05/24/2021,STP,MN,AGL,CE,Towers with Radar,0,17,33,2,52,0,0,6,0,6,0,17,39,2,58,18,0,18,76
05/25/2021,STP,MN,AGL,CE,Towers with Radar,0,15,46,3,64,0,1,7,17,25,0,16,53,20,89,0,8,8,97
05/26/2021,STP,MN,AGL,CE,Towers with Radar,0,19,47,1,67,0,4,28,20,52,0,23,75,21,119,56,40,96,215
05/27/2021,STP,MN,AGL,CE,Towers with Radar,0,13,44,9,66,0,0,4,4,8,0,13,48,13,74,0,22,22,96
05/28/2021,STP,MN,AGL,CE,Towers with Radar,0,13,33,0,46,0,2,29,4,35,0,15,62,4,81,22,0,22,103
05/29/2021,STP,MN,AGL,CE,Towers with Radar,0,21,22,0,43,0,7,39,0,46,0,28,61,0,89,32,0,32,121
05/30/2021,STP,MN,AGL,CE,Towers with Radar,0,2,16,0,18,0,1,6,0,7,0,3,22,0,25,0,0,0,25
05/31/2021,STP,MN,AGL,CE,Towers with Radar,0,15,27,0,42,0,0,24,0,24,0,15,51,0,66,14,0,14,80
06/01/2021,STP,MN,AGL,CE,Towers with Radar,0,19,33,0,52,0,1,26,4,31,0,20,59,4,83,20,0,20,103
06/02/2021,STP,MN,AGL,CE,Towers with Radar,0,20,44,7,71,0,1,21,12,34,0,21,65,19,105,34,28,62,167
06/03/2021,STP,MN,AGL,CE,Towers with Radar,0,11,46,3,60,0,1,35,13,49,0,12,81,16,109,30,0,30,139
06/04/2021,STP,MN,AGL,CE,Towers with Radar,0,12,30,3,45,0,1,28,3,32,0,13,58,6,77,0,8,8,85
06/05/2021,STP,MN,AGL,CE,Towers with Radar,0,8,17,0,25,0,3,52,0,55,0,11,69,0,80,30,0,30,110
06/06/2021,STP,MN,AGL,CE,Towers with Radar,0,10,32,0,42,0,0,10,0,10,0,10,42,0,52,0,0,0,52
06/07/2021,STP,MN,AGL,CE,Towers with Radar,0,19,47,3,69,0,4,17,5,26,0,23,64,8,95,12,6,18,113
06/08/2021,STP,MN,AGL,CE,Towers with Radar,0,12,42,5,59,0,1,28,7,36,0,13,70,12,95,48,0,48,143
06/09/2021,STP,MN,AGL,CE,Towers with Radar,0,19,51,0,70,0,0,25,8,33,0,19,76,8,103,86,0,86,189
06/10/2021,STP,MN,AGL,CE,Towers with Radar,0,12,33,5,50,0,0,23,9,32,0,12,56,14,82,36,20,56,138
06/11/2021,STP,MN,AGL,CE,Towers with Radar,0,13,39,4,56,0,1,21,1,23,0,14,60,5,79,18,0,18,97
06/12/2021,STP,MN,AGL,CE,Towers with Radar,0,18,16,0,34,0,14,46,3,63,0,32,62,3,97,40,0,40,137
06/13/2021,STP,MN,AGL,CE,Towers with Radar,0,12,32,0,44,0,4,12,0,16,0,16,44,0,60,20,0,20,80
06/14/2021,STP,MN,AGL,CE,Towers with Radar,0,14,42,0,56,0,9,18,0,27,0,23,60,0,83,26,0,26,109
06/15/2021,STP,MN,AGL,CE,Towers with Radar,0,17,30,2,49,0,4,46,0,50,0,21,76,2,99,88,0,88,187
06/16/2021,STP,MN,AGL,CE,Towers with Radar,0,14,51,2,67,0,2,32,5,39,0,16,83,7,106,43,0,43,149
06/17/2021,STP,MN,AGL,CE,Towers with Radar,0,21,59,0,80,0,0,19,0,19,0,21,78,0,99,16,0,16,115
06/18/2021,STP,MN,AGL,CE,Towers with Radar,0,6,27,0,33,0,4,21,1,26,0,10,48,1,59,84,6,90,149
06/19/2021,STP,MN,AGL,CE,Towers with Radar,0,8,30,1,39,0,6,64,14,84,0,14,94,15,123,16,0,16,139
06/20/2021,STP,MN,AGL,CE,Towers with Radar,0,10,14,0,24,0,1,8,0,9,0,11,22,0,33,14,0,14,47
06/21/2021,STP,MN,AGL,CE,Towers with Radar,0,19,52,2,73,0,5,21,3,29,0,24,73,5,102,30,0,30,132
06/22/2021,STP,MN,AGL,CE,Towers with Radar,0,6,51,3,60,0,3,39,4,46,0,9,90,7,106,44,0,44,150
06/23/2021,STP,MN,AGL,CE,Towers with Radar,0,30,51,0,81,0,2,35,8,45,0,32,86,8,126,17,0,17,143
06/24/2021,STP,MN,AGL,CE,Towers with Radar,0,14,29,3,46,0,0,11,8,19,0,14,40,11,65,11,16,27,92
06/25/2021,STP,MN,AGL,CE,Towers with Radar,0,21,37,0,58,0,1,43,2,46,0,22,80,2,104,52,0,52,156
06/26/2021,STP,MN,AGL,CE,Towers with Radar,0,13,23,1,37,0,3,8,2,13,0,16,31,3,50,2,0,2,52
06/27/2021,STP,MN,AGL,CE,Towers with Radar,0,19,34,0,53,0,4,26,2,32,0,23,60,2,85,18,0,18,103
06/28/2021,STP,MN,AGL,CE,Towers with Radar,0,8,39,0,47,0,1,14,2,17,0,9,53,2,64,34,0,34,98
06/29/2021,STP,MN,AGL,CE,Towers with Radar,0,20,53,2,75,0,1,20,4,25,0,21,73,6,100,40,0,40,140
06/30/2021,STP,MN,AGL,CE,Towers with Radar,0,23,57,3,83,0,3,28,3,34,0,26,85,6,117,38,0,38,155
07/01/2021,STP,MN,AGL,CE,Towers with Radar,0,11,45,2,58,0,1,31,2,34,0,12,76,4,92,50,0,50,142
07/02/2021,STP,MN,AGL,CE,Towers with Radar,0,15,25,2,42,0,0,23,0,23,0,15,48,2,65,26,0,26,91
07/03/2021,STP,MN,AGL,CE,Towers with Radar,0,8,11,0,19,0,0,63,0,63,0,8,74,0,82,43,0,43,125
07/04/2021,STP,MN,AGL,CE,Towers with Radar,0,6,6,0,12,0,4,6,0,10,0,10,12,0,22,5,0,5,27
07/05/2021,STP,MN,AGL,CE,Towers with Radar,0,17,26,0,43,0,1,20,0,21,0,18,46,0,64,4,0,4,68
07/06/2021,STP,MN,AGL,CE,Towers with Radar,0,17,31,0,48,0,0,5,0,5,0,17,36,0,53,12,0,12,65
07/07/2021,STP,MN,AGL,CE,Towers with Radar,0,21,23,4,48,0,1,12,12,25,0,22,35,16,73,0,28,28,101
07/08/2021,STP,MN,AGL,CE,Towers with Radar,0,28,46,2,76,0,7,23,7,37,0,35,69,9,113,35,8,43,156
07/09/2021,STP,MN,AGL,CE,Towers with Radar,0,12,26,2,40,0,2,33,0,35,0,14,59,2,75,64,0,64,139
07/10/2021,STP,MN,AGL,CE,Towers with Radar,0,15,18,0,33,0,7,28,0,35,0,22,46,0,68,52,0,52,120
07/11/2021,STP,MN,AGL,CE,Towers with Radar,0,14,19,0,33,0,1,17,0,18,0,15,36,0,51,4,0,4,55
07/12/2021,STP,MN,AGL,CE,Towers with Radar,0,19,46,0,65,0,2,21,3,26,0,21,67,3,91,15,0,15,106
07/13/2021,STP,MN,AGL,CE,Towers with Radar,0,28,47,2,77,0,0,15,11,26,0,28,62,13,103,20,8,28,131
07/14/2021,STP,MN,AGL,CE,Towers with Radar,0,28,22,2,52,0,3,16,4,23,0,31,38,6,75,46,0,46,121
07/15/2021,STP,MN,AGL,CE,Towers with Radar,0,22,62,2,86,0,2,68,19,89,0,24,130,21,175,22,17,39,214
07/16/2021,STP,MN,AGL,CE,Towers with Radar,0,7,31,5,43,0,4,38,3,45,0,11,69,8,88,46,0,46,134
07/17/2021,STP,MN,AGL,CE,Towers with Radar,0,11,27,2,40,0,6,75,0,81,0,17,102,2,121,14,0,14,135
07/18/2021,STP,MN,AGL,CE,Towers with Radar,0,27,48,0,75,0,1,37,0,38,0,28,85,0,113,24,0,24,137
07/19/2021,STP,MN,AGL,CE,Towers with Radar,0,34,52,0,86,0,2,17,1,20,0,36,69,1,106,14,0,14,120
07/20/2021,STP,MN,AGL,CE,Towers with Radar,0,30,38,2,70,0,0,16,18,34,0,30,54,20,104,20,22,42,146
07/21/2021,STP,MN,AGL,CE,Towers with Radar,0,18,58,8,84,0,2,32,9,43,0,20,90,17,127,86,6,92,219
07/22/2021,STP,MN,AGL,CE,Towers with Radar,0,22,45,1,68,0,4,12,10,26,0,26,57,11,94,25,0,25,119
07/23/2021,STP,MN,AGL,CE,Towers with Radar,0,9,41,2,52,0,1,28,4,33,0,10,69,6,85,31,0,31,116
07/24/2021,STP,MN,AGL,CE,Towers with Radar,0,21,22,0,43,0,3,48,4,55,0,24,70,4,98,14,0,14,112
07/25/2021,STP,MN,AGL,CE,Towers with Radar,0,22,28,0,50,0,0,12,2,14,0,22,40,2,64,10,0,10,74
07/26/2021,STP,MN,AGL,CE,Towers with Radar,0,14,38,0,52,0,5,20,6,31,0,19,58,6,83,10,0,10,93
07/27/2021,STP,MN,AGL,CE,Towers with Radar,0,23,43,1,67,0,4,15,8,27,0,27,58,9,94,40,0,40,134
07/28/2021,STP,MN,AGL,CE,Towers with Radar,0,24,42,2,68,0,1,18,13,32,0,25,60,15,100,18,0,18,118
07/29/2021,STP,MN,AGL,CE,Towers with Radar,0,27,55,5,87,0,0,17,5,22,0,27,72,10,109,6,4,10,119
07/30/2021,STP,MN,AGL,CE,Towers with Radar,0,17,27,7,51,0,0,18,0,18,0,17,45,7,69,6,0,6,75
07/31/2021,STP,MN,AGL,CE,Towers with Radar,0,7,36,0,43,0,0,68,0,68,0,7,104,0,111,8,0,8,119
08/01/2021,STP,MN,AGL,CE,Towers with Radar,0,17,43,1,61,0,6,33,0,39,0,23,76,1,100,16,0,16,116
08/02/2021,STP,MN,AGL,CE,Towers with Radar,0,21,37,1,59,0,3,44,6,53,0,24,81,7,112,44,0,44,156
08/03/2021,STP,MN,AGL,CE,Towers with Radar,0,18,62,2,82,0,5,29,13,47,0,23,91,15,129,28,0,28,157
08/04/2021,STP,MN,AGL,CE,Towers with Radar,0,24,59,6,89,0,2,42,11,55,0,26,101,17,144,16,10,26,170
08/05/2021,STP,MN,AGL,CE,Towers with Radar,0,24,57,4,85,0,0,17,12,29,0,24,74,16,114,38,24,62,176
08/06/2021,STP,MN,AGL,CE,Towers with Radar,0,14,43,0,57,0,0,24,6,30,0,14,67,6,87,39,0,39,126
08/07/2021,STP,MN,AGL,CE,Towers with Radar,0,12,23,1,36,0,0,4,0,4,0,12,27,1,40,0,0,0,40
08/08/2021,STP,MN,AGL,CE,Towers with Radar,0,17,32,2,51,0,0,15,0,15,0,17,47,2,66,37,0,37,103
08/09/2021,STP,MN,AGL,CE,Towers with Radar,0,10,54,2,66,0,5,25,6,36,0,15,79,8,102,60,0,60,162
08/10/2021,STP,MN,AGL,CE,Towers with Radar,0,26,45,4,75,0,1,40,12,53,0,27,85,16,128,54,12,66,194
08/11/2021,STP,MN,AGL,CE,Towers with Radar,0,21,54,6,81,0,0,22,10,32,0,21,76,16,113,28,14,42,155
08/12/2021,STP,MN,AGL,CE,Towers with Radar,0,22,39,1,62,0,1,31,12,44,0,23,70,13,106,38,2,40,146
08/13/2021,STP,MN,AGL,CE,Towers with Radar,0,14,52,1,67,0,2,24,0,26,0,16,76,1,93,46,0,46,139
08/14/2021,STP,MN,AGL,CE,Towers with Radar,0,9,27,2,38,0,9,68,1,78,0,18,95,3,116,36,0,36,152
08/15/2021,STP,MN,AGL,CE,Towers with Radar,0,16,42,0,58,0,1,27,0,28,0,17,69,0,86,30,0,30,116
08/16/2021,STP,MN,AGL,CE,Towers with Radar,0,23,49,0,72,0,3,17,6,26,0,26,66,6,98,8,0,8,106
08/17/2021,STP,MN,AGL,CE,Towers with Radar,0,16,52,5,73,0,2,47,10,59,0,18,99,15,132,68,36,104,236
08/18/2021,STP,MN,AGL,CE,Towers with Radar,0,29,70,1,100,0,3,20,5,28,0,32,90,6,128,45,0,45,173
08/19/2021,STP,MN,AGL,CE,Towers with Radar,0,15,46,1,62,0,2,20,17,39,0,17,66,18,101,40,12,52,153
08/20/2021,STP,MN,AGL,CE,Towers with Radar,0,14,31,0,45,0,1,16,6,23,0,15,47,6,68,36,0,36,104
08/21/2021,STP,MN,AGL,CE,Towers with Radar,0,15,23,0,38,0,2,48,2,52,0,17,71,2,90,6,0,6,96
08/22/2021,STP,MN,AGL,CE,Towers with Radar,0,12,30,0,42,0,3,32,7,42,0,15,62,7,84,26,4,30,114
08/23/2021,STP,MN,AGL,CE,Towers with Radar,0,36,40,0,76,0,3,28,6,37,0,39,68,6,113,20,0,20,133
08/24/2021,STP,MN,AGL,CE,Towers with Radar,0,22,42,4,68,0,2,19,7,28,0,24,61,11,96,12,0,12,108
08/25/2021,STP,MN,AGL,CE,Towers with Radar,0,28,45,2,75,0,1,39,4,44,0,29,84,6,119,100,0,100,219
08/26/2021,STP,MN,AGL,CE,Towers with Radar,0,22,42,4,68,0,0,11,1,12,0,22,53,5,80,7,0,7,87
08/27/2021,STP,MN,AGL,CE,Towers with Radar,0,18,48,0,66,0,2,2,2,6,0,20,50,2,72,4,0,4,76
08/28/2021,STP,MN,AGL,CE,Towers with Radar,0,11,18,0,29,0,5,9,0,14,0,16,27,0,43,0,0,0,43
08/29/2021,STP,MN,AGL,CE,Towers with Radar,0,18,39,0,57,0,2,28,0,30,0,20,67,0,87,24,0,24,111
08/30/2021,STP,MN,AGL,CE,Towers with Radar,0,23,52,0,75,0,8,31,0,39,0,31,83,0,114,14,0,14,128
08/31/2021,STP,MN,AGL,CE,Towers with Radar,0,18,56,0,74,0,6,27,13,46,0,24,83,13,120,22,0,22,142
09/01/2021,STP,MN,AGL,CE,Towers with Radar,0,24,51,1,76,0,3,47,12,62,0,27,98,13,138,36,0,36,174
09/02/2021,STP,MN,AGL,CE,Towers with Radar,0,21,57,3,81,0,2,24,8,34,0,23,81,11,115,78,10,88,203
09/03/2021,STP,MN,AGL,CE,Towers with Radar,0,10,55,0,65,0,0,0,0,0,0,10,55,0,65,0,0,0,65
09/04/2021,STP,MN,AGL,CE,Towers with Radar,0,10,14,0,24,0,4,72,0,76,0,14,86,0,100,34,0,34,134
09/05/2021,STP,MN,AGL,CE,Towers with Radar,0,9,24,0,33,0,2,19,0,21,0,11,43,0,54,2,0,2,56
09/06/2021,STP,MN,AGL,CE,Towers with Radar,0,19,40,0,59,0,9,30,0,39,0,28,70,0,98,24,0,24,122
09/07/2021,STP,MN,AGL,CE,Towers with Radar,0,14,36,0,50,0,4,31,2,37,0,18,67,2,87,18,0,18,105
09/08/2021,STP,MN,AGL,CE,Towers with Radar,0,14,60,2,76,0,3,24,11,38,0,17,84,13,114,14,0,14,128
09/09/2021,STP,MN,AGL,CE,Towers with Radar,0,37,52,4,93,0,2,28,10,40,0,39,80,14,133,51,2,53,186
09/10/2021,STP,MN,AGL,CE,Towers with Radar,0,15,48,0,63,0,3,37,1,41,0,18,85,1,104,84,0,84,188
09/11/2021,STP,MN,AGL,CE,Towers with Radar,0,14,22,0,36,0,13,81,0,94,0,27,103,0,130,80,0,80,210
09/12/2021,STP,MN,AGL,CE,Towers with Radar,0,21,38,0,59,0,3,40,2,45,0,24,78,2,104,48,0,48,152
09/13/2021,STP,MN,AGL,CE,Towers with Radar,0,19,49,0,68,0,6,20,3,29,0,25,69,3,97,50,0,50,147
09/14/2021,STP,MN,AGL,CE,Towers with Radar,0,24,46,2,72,0,5,21,12,38,0,29,67,14,110,34,0,34,144
09/15/2021,STP,MN,AGL,CE,Towers with Radar,0,31,59,2,92,0,3,32,13,48,0,34,91,15,140,30,0,30,170
09/16/2021,STP,MN,AGL,CE,Towers with Radar,0,18,33,0,51,0,4,9,10,23,0,22,42,10,74,0,0,0,74
09/17/2021,STP,MN,AGL,CE,Towers with Radar,0,21,43,0,64,0,4,27,6,37,0,25,70,6,101,10,4,14,115
09/18/2021,STP,MN,AGL,CE,Towers with Radar,0,16,21,2,39,0,11,110,4,125,0,27,131,6,164,28,0,28,192
09/19/2021,STP,MN,AGL,CE,Towers with Radar,0,23,36,0,59,0,1,15,3,19,0,24,51,3,78,0,0,0,78
09/20/2021,STP,MN,AGL,CE,Towers with Radar,0,21,40,1,62,0,1,5,1,7,0,22,45,2,69,0,0,0,69
09/21/2021,STP,MN,AGL,CE,Towers with Radar,0,23,51,2,76,0,2,38,8,48,0,25,89,10,124,30,0,30,154
09/22/2021,STP,MN,AGL,CE,Towers with Radar,0,29,67,4,100,0,3,32,13,48,0,32,99,17,148,18,0,18,166
09/23/2021,STP,MN,AGL,CE,Towers with Radar,0,12,70,0,82,0,7,36,21,64,0,19,106,21,146,30,6,36,182
09/24/2021,STP,MN,AGL,CE,Towers with Radar,0,18,45,0,63,0,4,16,0,20,0,22,61,0,83,10,0,10,93
09/25/2021,STP,MN,AGL,CE,Towers with Radar,0,19,27,0,46,0,3,73,1,77,0,22,100,1,123,14,0,14,137
09/26/2021,STP,MN,AGL,CE,Towers with Radar,0,26,74,0,100,0,4,21,0,25,0,30,95,0,125,2,0,2,127
09/27/2021,STP,MN,AGL,CE,Towers with Radar,1,28,36,0,65,0,8,20,1,29,1,36,56,1,94,52,0,52,146
09/28/2021,STP,MN,AGL,CE,Towers with Radar,0,26,45,5,76,0,6,30,8,44,0,32,75,13,120,0,0,0,120
09/29/2021,STP,MN,AGL,CE,Towers with Radar,0,21,50,2,73,0,1,29,7,37,0,22,79,9,110,38,2,40,150
09/30/2021,STP,MN,AGL,CE,Towers with Radar,0,32,55,4,91,0,1,27,9,37,0,33,82,13,128,62,0,62,190
10/01/2021,STP,MN,AGL,CE,Towers with Radar,0,10,35,0,45,0,4,19,0,23,0,14,54,0,68,4,0,4,72
10/02/2021,STP,MN,AGL,CE,Towers with Radar,0,6,26,0,32,0,0,2,0,2,0,6,28,0,34,0,0,0,34
10/03/2021,STP,MN,AGL,CE,Towers with Radar,0,24,54,0,78,0,2,13,2,17,0,26,67,2,95,4,0,4,99
10/04/2021,STP,MN,AGL,CE,Towers with Radar,0,28,51,1,80,0,0,25,1,26,0,28,76,2,106,24,0,24,130
10/05/2021,STP,MN,AGL,CE,Towers with Radar,0,13,27,3,43,0,5,22,10,37,0,18,49,13,80,66,0,66,146
10/06/2021,STP,MN,AGL,CE,Towers with Radar,0,19,42,8,69,0,5,27,18,50,0,24,69,26,119,30,2,32,151
10/07/2021,STP,MN,AGL,CE,Towers with Radar,0,23,41,3,67,0,1,27,14,42,0,24,68,17,109,29,46,75,184
10/08/2021,STP,MN,AGL,CE,Towers with Radar,0,17,53,0,70,0,0,30,0,30,0,17,83,0,100,0,0,0,100
10/09/2021,STP,MN,AGL,CE,Towers with Radar,0,8,12,0,20,0,0,67,0,67,0,8,79,0,87,14,0,14,101
10/10/2021,STP,MN,AGL,CE,Towers with Radar,0,14,46,0,60,0,1,19,0,20,0,15,65,0,80,26,0,26,106
10/11/2021,STP,MN,AGL,CE,Towers with Radar,0,19,45,0,64,0,0,31,0,31,0,19,76,0,95,65,0,65,160
10/12/2021,STP,MN,AGL,CE,Towers with Radar,0,18,48,0,66,0,1,20,6,27,0,19,68,6,93,14,0,14,107
10/13/2021,STP,MN,AGL,CE,Towers with Radar,0,13,47,2,62,0,1,1,5,7,0,14,48,7,69,10,0,10,79
10/14/2021,STP,MN,AGL,CE,Towers with Radar,0,28,55,5,88,0,0,16,12,28,0,28,71,17,116,12,6,18,134
10/15/2021,STP,MN,AGL,CE,Towers with Radar,0,19,51,0,70,0,0,41,3,44,0,19,92,3,114,16,0,16,130
10/16/2021,STP,MN,AGL,CE,Towers with Radar,0,10,20,0,30,0,9,78,8,95,0,19,98,8,125,10,0,10,135
10/17/2021,STP,MN,AGL,CE,Towers with Radar,0,33,34,0,67,0,6,39,2,47,0,39,73,2,114,30,0,30,144
10/18/2021,STP,MN,AGL,CE,Towers with Radar,0,28,50,5,83,0,7,26,1,34,0,35,76,6,117,10,26,36,153
10/19/2021,STP,MN,AGL,CE,Towers with Radar,0,32,40,0,72,0,2,22,14,38,0,34,62,14,110,26,0,26,136
10/20/2021,STP,MN,AGL,CE,Towers with Radar,0,37,41,8,86,0,0,3,0,3,0,37,44,8,89,0,0,0,89
10/21/2021,STP,MN,AGL,CE,Towers with Radar,0,45,52,6,103,0,2,19,8,29,0,47,71,14,132,12,30,42,174
10/22/2021,STP,MN,AGL,CE,Towers with Radar,0,17,44,4,65,0,2,36,0,38,0,19,80,4,103,14,0,14,117
10/23/2021,STP,MN,AGL,CE,Towers with Radar,0,10,24,2,36,0,3,87,0,90,0,13,111,2,126,19,0,19,145
10/24/2021,STP,MN,AGL,CE,Towers with Radar,0,26,48,0,74,0,2,31,0,33,0,28,79,0,107,2,0,2,109
10/25/2021,STP,MN,AGL,CE,Towers with Radar,0,23,32,2,57,0,7,20,0,27,0,30,52,2,84,38,0,38,122
10/26/2021,STP,MN,AGL,CE,Towers with Radar,0,20,45,5,70,0,4,29,16,49,0,24,74,21,119,47,12,59,178
10/27/2021,STP,MN,AGL,CE,Towers with Radar,0,20,58,2,80,0,0,16,8,24,0,20,74,10,104,22,0,22,126
10/28/2021,STP,MN,AGL,CE,Towers with Radar,0,20,44,4,68,0,0,0,0,0,0,20,44,4,68,0,0,0,68
10/29/2021,STP,MN,AGL,CE,Towers with Radar,0,19,47,1,67,0,3,24,1,28,0,22,71,2,95,14,0,14,109
10/30/2021,STP,MN,AGL,CE,Towers with Radar,0,5,20,0,25,0,0,79,0,79,0,5,99,0,104,32,0,32,136
10/31/2021,STP,MN,AGL,CE,Towers with Radar,0,8,37,0,45,0,1,14,0,15,0,9,51,0,60,2,0,2,62
11/01/2021,STP,MN,AGL,CE,Towers with Radar,0,32,58,0,90,0,4,21,2,27,0,36,79,2,117,30,2,32,149
11/02/2021,STP,MN,AGL,CE,Towers with Radar,0,18,34,5,57,0,2,21,13,36,0,20,55,18,93,36,6,42,135
11/03/2021,STP,MN,AGL,CE,Towers with Radar,0,26,67,3,96,0,5,36,26,67,0,31,103,29,163,76,34,110,273
11/04/2021,STP,MN,AGL,CE,Towers with Radar,0,31,56,3,90,0,2,27,13,42,0,33,83,16,132,22,8,30,162
11/05/2021,STP,MN,AGL,CE,Towers with Radar,0,16,26,0,42,0,4,11,6,21,0,20,37,6,63,0,0,0,63
11/06/2021,STP,MN,AGL,CE,Towers with Radar,1,18,27,0,46,0,4,77,0,81,1,22,104,0,127,32,0,32,159
11/07/2021,STP,MN,AGL,CE,Towers with Radar,0,17,32,0,49,0,5,20,0,25,0,22,52,0,74,10,0,10,84
11/08/2021,STP,MN,AGL,CE,Towers with Radar,0,16,34,0,50,0,9,24,3,36,0,25,58,3,86,54,0,54,140
11/09/2021,STP,MN,AGL,CE,Towers with Radar,0,19,46,2,67,0,2,25,18,45,0,21,71,20,112,26,6,32,144
11/10/2021,STP,MN,AGL,CE,Towers with Radar,0,16,30,0,46,0,6,3,2,11,0,22,33,2,57,4,0,4,61
11/11/2021,STP,MN,AGL,CE,Towers with Radar,0,5,28,0,33,0,0,3,0,3,0,5,31,0,36,0,0,0,36
11/12/2021,STP,MN,AGL,CE,Towers with Radar,0,9,43,4,56,0,0,1,0,1,0,9,44,4,57,0,0,0,57
11/13/2021,STP,MN,AGL,CE,Towers with Radar,0,8,11,0,19,0,0,4,0,4,0,8,15,0,23,2,0,2,25
11/14/2021,STP,MN,AGL,CE,Towers with Radar,0,15,24,0,39,0,0,14,0,14,0,15,38,0,53,30,0,30,83
11/15/2021,STP,MN,AGL,CE,Towers with Radar,0,19,40,4,63,0,0,28,5,33,0,19,68,9,96,26,0,26,122
11/16/2021,STP,MN,AGL,CE,Towers with Radar,0,19,33,3,55,0,3,18,26,47,0,22,51,29,102,4,0,4,106
11/17/2021,STP,MN,AGL,CE,Towers with Radar,0,9,38,2,49,0,0,11,9,20,0,9,49,11,69,0,0,0,69
11/18/2021,STP,MN,AGL,CE,Towers with Radar,0,17,45,8,70,0,1,4,13,18,0,18,49,21,88,18,0,18,106
11/19/2021,STP,MN,AGL,CE,Towers with Radar,0,18,30,0,48,0,3,24,2,29,0,21,54,2,77,28,0,28,105
11/20/2021,STP,MN,AGL,CE,Towers with Radar,0,15,47,0,62,0,7,67,6,80,0,22,114,6,142,44,8,52,194
11/21/2021,STP,MN,AGL,CE,Towers with Radar,0,19,76,0,95,0,3,6,0,9,0,22,82,0,104,0,0,0,104
11/22/2021,STP,MN,AGL,CE,Towers with Radar,0,30,41,2,73,0,7,36,2,45,0,37,77,4,118,50,0,50,168
11/23/2021,STP,MN,AGL,CE,Towers with Radar,0,19,33,1,53,0,8,33,19,60,0,27,66,20,113,38,0,38,151
11/24/2021,STP,MN,AGL,CE,Towers with Radar,0,8,38,0,46,0,3,22,10,35,0,11,60,10,81,30,56,86,167
11/25/2021,STP,MN,AGL,CE,Towers with Radar,0,12,8,0,20,0,0,12,0,12,0,12,20,0,32,0,0,0,32
11/26/2021,STP,MN,AGL,CE,Towers with Radar,0,13,13,0,26,0,3,18,0,21,0,16,31,0,47,0,0,0,47
11/27/2021,STP,MN,AGL,CE,Towers with Radar,0,14,17,0,31,0,0,23,0,23,0,14,40,0,54,44,0,44,98
11/28/2021,STP,MN,AGL,CE,Towers with Radar,0,14,41,0,55,0,2,33,0,35,0,16,74,0,90,6,0,6,96
11/29/2021,STP,MN,AGL,CE,Towers with Radar,0,21,36,8,65,0,4,13,0,17,0,25,49,8,82,22,2,24,106
11/30/2021,STP,MN,AGL,CE,Towers with Radar,1,19,55,4,79,0,1,10,6,17,1,20,65,10,96,12,18,30,126
12/01/2021,STP,MN,AGL,CE,Towers with Radar,0,25,44,7,76,0,1,17,15,33,0,26,61,22,109,2,0,2,111
12/02/2021,STP,MN,AGL,CE,Towers with Radar,0,19,45,2,66,0,1,30,14,45,0,20,75,16,111,38,6,44,155
12/03/2021,STP,MN,AGL,CE,Towers with Radar,0,16,36,8,60,0,0,15,4,19,0,16,51,12,79,20,0,20,99
12/04/2021,STP,MN,AGL,CE,Towers with Radar,0,6,32,0,38,0,1,57,0,58,0,7,89,0,96,16,0,16,112
12/05/2021,STP,MN,AGL,CE,Towers with Radar,0,6,24,0,30,0,0,1,0,1,0,6,25,0,31,0,0,0,31
12/06/2021,STP,MN,AGL,CE,Towers with Radar,0,23,26,0,49,0,3,5,3,11,0,26,31,3,60,0,0,0,60
12/07/2021,STP,MN,AGL,CE,Towers with Radar,0,23,34,2,59,0,0,1,21,22,0,23,35,23,81,2,44,46,127
12/08/2021,STP,MN,AGL,CE,Towers with Radar,0,22,47,2,71,0,1,11,12,24,0,23,58,14,95,15,0,15,110
12/09/2021,STP,MN,AGL,CE,Towers with Radar,0,20,65,2,87,0,2,21,21,44,0,22,86,23,131,8,10,18,149
12/10/2021,STP,MN,AGL,CE,Towers with Radar,0,7,30,0,37,0,0,0,0,0,0,7,30,0,37,0,0,0,37
12/11/2021,STP,MN,AGL,CE,Towers with Radar,0,10,27,0,37,0,10,25,0,35,0,20,52,0,72,24,0,24,96
12/12/2021,STP,MN,AGL,CE,Towers with Radar,0,17,21,1,39,0,2,22,0,24,0,19,43,1,63,24,0,24,87
12/13/2021,STP,MN,AGL,CE,Towers with Radar,0,24,46,3,73,0,0,10,2,12,0,24,56,5,85,10,6,16,101
12/14/2021,STP,MN,AGL,CE,Towers with Radar,0,22,48,2,72,0,8,14,8,30,0,30,62,10,102,24,0,24,126
12/15/2021,STP,MN,AGL,CE,Towers with Radar,0,10,22,0,32,0,0,2,0,2,0,10,24,0,34,0,0,0,34
12/16/2021,STP,MN,AGL,CE,Towers with Radar,0,22,48,2,72,0,1,3,10,14,0,23,51,12,86,0,8,8,94
12/17/2021,STP,MN,AGL,CE,Towers with Radar,0,24,57,0,81,0,0,21,0,21,0,24,78,0,102,42,0,42,144
12/18/2021,STP,MN,AGL,CE,Towers with Radar,0,7,34,0,41,0,0,56,0,56,0,7,90,0,97,66,0,66,163
12/19/2021,STP,MN,AGL,CE,Towers with Radar,0,7,31,0,38,0,0,7,0,7,0,7,38,0,45,2,0,2,47
12/20/2021,STP,MN,AGL,CE,Towers with Radar,0,24,30,5,59,0,0,20,3,23,0,24,50,8,82,36,0,36,118
12/21/2021,STP,MN,AGL,CE,Towers with Radar,0,18,41,2,61,0,0,5,5,10,0,18,46,7,71,4,0,4,75
12/22/2021,STP,MN,AGL,CE,Towers with Radar,0,24,37,1,62,0,1,19,19,39,0,25,56,20,101,34,6,40,141
12/23/2021,STP,MN,AGL,CE,Towers with Radar,0,11,40,0,51,0,4,35,0,39,0,15,75,0,90,36,1,37,127
12/24/2021,STP,MN,AGL,CE,Towers with Radar,0,3,10,0,13,0,3,2,0,5,0,6,12,0,18,0,0,0,18
12/25/2021,STP,MN,AGL,CE,Towers with Radar,0,6,6,0,12,0,0,1,0,1,0,6,7,0,13,0,0,0,13
12/26/2021,STP,MN,AGL,CE,Towers with Radar,0,20,43,0,63,0,4,8,0,12,0,24,51,0,75,2,0,2,77
12/27/2021,STP,MN,AGL,CE,Towers with Radar,0,21,21,4,46,0,0,0,0,0,0,21,21,4,46,0,0,0,46
12/28/2021,STP,MN,AGL,CE,Towers with Radar,0,12,20,0,32,0,0,0,0,0,0,12,20,0,32,0,0,0,32
12/29/2021,STP,MN,AGL,CE,Towers with Radar,0,29,17,5,51,0,5,8,11,24,0,34,25,16,75,26,8,34,109
12/30/2021,STP,MN,AGL,CE,Towers with Radar,0,14,15,0,29,0,0,2,3,5,0,14,17,3,34,0,10,10,44
12/31/2021,STP,MN,AGL,CE,Towers with Radar,0,8,23,0,31,0,2,0,0,2,0,10,23,0,33,12,0,12,45
01/01/2022,STP,MN,AGL,CE,Towers with Radar,0,19,29,0,48,0,3,9,0,12,0,22,38,0,60,0,0,0,60
01/02/2022,STP,MN,AGL,CE,Towers with Radar,0,26,39,0,65,0,1,6,0,7,0,27,45,0,72,18,0,18,90
01/03/2022,STP,MN,AGL,CE,Towers with Radar,0,8,25,2,35,0,2,14,0,16,0,10,39,2,51,6,0,6,57
01/04/2022,STP,MN,AGL,CE,Towers with Radar,0,13,31,4,48,0,2,20,9,31,0,15,51,13,79,20,0,20,99
01/05/2022,STP,MN,AGL,CE,Towers with Radar,0,10,18,1,29,0,0,0,0,0,0,10,18,1,29,0,0,0,29
01/06/2022,STP,MN,AGL,CE,Towers with Radar,0,7,15,4,26,0,0,3,8,11,0,7,18,12,37,24,8,32,69
01/07/2022,STP,MN,AGL,CE,Towers with Radar,0,13,32,0,45,0,0,6,2,8,0,13,38,2,53,0,0,0,53
01/08/2022,STP,MN,AGL,CE,Towers with Radar,0,9,12,2,23,0,0,36,2,38,0,9,48,4,61,41,0,41,102
01/09/2022,STP,MN,AGL,CE,Towers with Radar,0,19,22,0,41,0,0,10,0,10,0,19,32,0,51,19,0,19,70
01/10/2022,STP,MN,AGL,CE,Towers with Radar,0,18,32,4,54,0,6,9,5,20,0,24,41,9,74,14,18,32,106
01/11/2022,STP,MN,AGL,CE,Towers with Radar,0,23,44,0,67,0,1,19,12,32,0,24,63,12,99,32,0,32,131
01/12/2022,STP,MN,AGL,CE,Towers with Radar,0,15,46,1,62,0,1,26,10,37,0,16,72,11,99,28,4,32,131
01/13/2022,STP,MN,AGL,CE,Towers with Radar,0,7,39,1,47,0,0,6,14,20,0,7,45,15,67,7,12,19,86
01/14/2022,STP,MN,AGL,CE,Towers with Radar,0,6,24,2,32,0,0,1,0,1,0,6,25,2,33,0,0,0,33
01/15/2022,STP,MN,AGL,CE,Towers with Radar,0,13,22,0,35,0,2,37,0,39,0,15,59,0,74,16,0,16,90
01/16/2022,STP,MN,AGL,CE,Towers with Radar,0,6,14,0,20,0,0,10,0,10,0,6,24,0,30,6,0,6,36
01/17/2022,STP,MN,AGL,CE,Towers with Radar,0,15,31,0,46,0,2,18,0,20,0,17,49,0,66,18,0,18,84
01/18/2022,STP,MN,AGL,CE,Towers with Radar,0,12,41,2,55,0,1,11,7,19,0,13,52,9,74,6,4,10,84
01/19/2022,STP,MN,AGL,CE,Towers with Radar,0,17,41,4,62,0,0,5,11,16,0,17,46,15,78,0,2,2,80
01/20/2022,STP,MN,AGL,CE,Towers with Radar,0,14,37,3,54,0,2,7,14,23,0,16,44,17,77,6,16,22,99
01/21/2022,STP,MN,AGL,CE,Towers with Radar,1,17,18,3,39,0,4,5,7,16,1,21,23,10,55,10,0,10,65
01/22/2022,STP,MN,AGL,CE,Towers with Radar,0,8,15,0,23,0,1,8,0,9,0,9,23,0,32,16,0,16,48
01/23/2022,STP,MN,AGL,CE,Towers with Radar,0,13,30,0,43,0,1,9,0,10,0,14,39,0,53,12,0,12,65
01/24/2022,STP,MN,AGL,CE,Towers with Radar,0,8,31,0,39,0,0,18,3,21,0,8,49,3,60,52,0,52,112
01/25/2022,STP,MN,AGL,CE,Towers with Radar,0,12,35,0,47,0,7,11,9,27,0,19,46,9,74,10,2,12,86
01/26/2022,STP,MN,AGL,CE,Towers with Radar,0,13,33,0,46,0,2,7,16,25,0,15,40,16,71,2,14,16,87
01/27/2022,STP,MN,AGL,CE,Towers with Radar,0,15,31,5,51,0,2,12,9,23,0,17,43,14,74,16,0,16,90
01/28/2022,STP,MN,AGL,CE,Towers with Radar,0,16,26,0,42,0,0,16,6,22,0,16,42,6,64,28,2,30,94
01/29/2022,STP,MN,AGL,CE,Towers with Radar,0,7,18,0,25,0,0,16,0,16,0,7,34,0,41,2,0,2,43
01/30/2022,STP,MN,AGL,CE,Towers with Radar,0,16,27,0,43,0,4,18,0,22,0,20,45,0,65,20,0,20,85
01/31/2022,STP,MN,AGL,CE,Towers with Radar,0,13,38,4,55,0,3,33,6,42,0,16,71,10,97,48,0,48,145
02/01/2022,STP,MN,AGL,CE,Towers with Radar,0,9,28,5,42,0,0,2,18,20,0,9,30,23,62,0,0,0,62
02/02/2022,STP,MN,AGL,CE,Towers with Radar,0,32,48,3,83,0,3,12,14,29,0,35,60,17,112,12,2,14,126
02/03/2022,STP,MN,AGL,CE,Towers with Radar,0,28,36,4,68,0,2,11,23,36,0,30,47,27,104,4,0,4,108
02/04/2022,STP,MN,AGL,CE,Towers with Radar,1,8,28,0,37,0,0,12,4,16,1,8,40,4,53,16,0,16,69
02/05/2022,STP,MN,AGL,CE,Towers with Radar,0,7,13,0,20,0,1,28,2,31,0,8,41,2,51,20,0,20,71
02/06/2022,STP,MN,AGL,CE,Towers with Radar,1,10,32,0,43,0,0,8,0,8,1,10,40,0,51,12,0,12,63
02/07/2022,STP,MN,AGL,CE,Towers with Radar,0,13,29,1,43,0,3,18,9,30,0,16,47,10,73,20,0,20,93
02/08/2022,STP,MN,AGL,CE,Towers with Radar,0,21,39,2,62,0,2,14,7,23,0,23,53,9,85,4,2,6,91
02/09/2022,STP,MN,AGL,CE,Towers with Radar,0,15,38,0,53,0,0,4,13,17,0,15,42,13,70,0,8,8,78
02/10/2022,STP,MN,AGL,CE,Towers with Radar,0,12,30,4,46,0,0,1,4,5,0,12,31,8,51,0,2,2,53
02/11/2022,STP,MN,AGL,CE,Towers with Radar,1,18,30,0,49,0,0,6,3,9,1,18,36,3,58,0,0,0,58
02/12/2022,STP,MN,AGL,CE,Towers with Radar,0,19,17,0,36,0,1,61,6,68,0,20,78,6,104,12,0,12,116
02/13/2022,STP,MN,AGL,CE,Towers with Radar,1,17,20,0,38,0,0,17,0,17,1,17,37,0,55,10,0,10,65
02/14/2022,STP,MN,AGL,CE,Towers with Radar,0,22,31,2,55,0,5,18,6,29,0,27,49,8,84,38,0,38,122
02/15/2022,STP,MN,AGL,CE,Towers with Radar,0,13,35,3,51,0,0,14,24,38,0,13,49,27,89,16,0,16,105
02/16/2022,STP,MN,AGL,CE,Towers with Radar,0,19,46,6,71,0,2,17,5,24,0,21,63,11,95,12,2,14,109
02/17/2022,STP,MN,AGL,CE,Towers with Radar,0,10,37,8,55,0,0,13,15,28,0,10,50,23,83,26,14,40,123
02/18/2022,STP,MN,AGL,CE,Towers with Radar,1,15,30,0,46,0,0,1,0,1,1,15,31,0,47,0,0,0,47
02/19/2022,STP,MN,AGL,CE,Towers with Radar,0,8,19,0,27,0,5,50,0,55,0,13,69,0,82,20,0,20,102
02/20/2022,STP,MN,AGL,CE,Towers with Radar,1,11,21,0,33,0,0,31,0,31,1,11,52,0,64,43,0,43,107
02/21/2022,STP,MN,AGL,CE,Towers with Radar,0,12,27,0,39,0,0,4,0,4,0,12,31,0,43,0,0,0,43
02/22/2022,STP,MN,AGL,CE,Towers with Radar,0,5,14,0,19,0,0,0,0,0,0,5,14,0,19,0,0,0,19
02/23/2022,STP,MN,AGL,CE,Towers with Radar,0,26,42,7,75,0,0,14,10,24,0,26,56,17,99,8,6,14,113
02/24/2022,STP,MN,AGL,CE,Towers with Radar,0,12,41,2,55,0,0,2,0,2,0,12,43,2,57,0,0,0,57
02/25/2022,STP,MN,AGL,CE,Towers with Radar,1,11,49,2,63,0,6,20,4,30,1,17,69,6,93,44,4,48,141
02/26/2022,STP,MN,AGL,CE,Towers with Radar,0,7,25,0,32,0,0,32,0,32,0,7,57,0,64,30,0,30,94
02/27/2022,STP,MN,AGL,CE,Towers with Radar,1,8,23,0,32,0,2,29,0,31,1,10,52,0,63,47,0,47,110
02/28/2022,STP,MN,AGL,CE,Towers with Radar,0,21,38,4,63,0,2,16,2,20,0,23,54,6,83,32,4,36,119
03/01/2022,STP,MN,AGL,CE,Towers with Radar,0,25,39,4,68,0,2,16,18,36,0,27,55,22,104,26,0,26,130
03/02/2022,STP,MN,AGL,CE,Towers with Radar,0,28,31,0,59,0,3,10,15,28,0,31,41,15,87,8,14,22,109
03/03/2022,STP,MN,AGL,CE,Towers with Radar,0,25,53,2,80,0,1,17,4,22,0,26,70,6,102,18,0,18,120
03/04/2022,STP,MN,AGL,CE,Towers with Radar,1,28,44,2,75,0,0,5,2,7,1,28,49,4,82,6,0,6,88
03/05/2022,STP,MN,AGL,CE,Towers with Radar,0,9,10,0,19,0,0,0,0,0,0,9,10,0,19,0,0,0,19
03/06/2022,STP,MN,AGL,CE,Towers with Radar,1,19,11,0,31,0,1,7,0,8,1,20,18,0,39,20,0,20,59
03/07/2022,STP,MN,AGL,CE,Towers with Radar,0,24,34,2,60,0,1,17,4,22,0,25,51,6,82,38,0,38,120
03/08/2022,STP,MN,AGL,CE,Towers with Radar,0,25,27,4,56,0,0,21,7,28,0,25,48,11,84,38,0,38,122
03/09/2022,STP,MN,AGL,CE,Towers with Radar,0,17,36,4,57,0,2,12,14,28,0,19,48,18,85,6,0,6,91
03/10/2022,STP,MN,AGL,CE,Towers with Radar,0,23,42,0,65,0,0,17,11,28,0,23,59,11,93,32,14,46,139
03/11/2022,STP,MN,AGL,CE,Towers with Radar,1,14,31,0,46,0,2,15,3,20,1,16,46,3,66,20,0,20,86
03/12/2022,STP,MN,AGL,CE,Towers with Radar,0,12,27,2,41,0,1,46,0,47,0,13,73,2,88,32,0,32,120
03/13/2022,STP,MN,AGL,CE,Towers with Radar,1,14,30,2,47,0,0,35,1,36,1,14,65,3,83,41,0,41,124
03/14/2022,STP,MN,AGL,CE,Towers with Radar,0,14,39,2,55,0,2,5,0,7,0,16,44,2,62,6,0,6,68
03/15/2022,STP,MN,AGL,CE,Towers with Radar,0,28,41,2,71,0,12,38,25,75,0,40,79,27,146,26,22,48,194
03/16/2022,STP,MN,AGL,CE,Towers with Radar,0,22,52,2,76,0,10,27,9,46,0,32,79,11,122,70,2,72,194
03/17/2022,STP,MN,AGL,CE,Towers with Radar,0,21,46,2,69,0,0,27,6,33,0,21,73,8,102,34,0,34,136
03/18/2022,STP,MN,AGL,CE,Towers with Radar,1,30,38,4,73,0,0,19,5,24,1,30,57,9,97,22,0,22,119
03/19/2022,STP,MN,AGL,CE,Towers with Radar,0,12,21,1,34,0,14,35,1,50,0,26,56,2,84,28,0,28,112
03/20/2022,STP,MN,AGL,CE,Towers with Radar,1,17,42,0,60,0,3,28,1,32,1,20,70,1,92,16,0,16,108
03/21/2022,STP,MN,AGL,CE,Towers with Radar,0,27,33,2,62,0,0,19,1,20,0,27,52,3,82,26,0,26,108
03/22/2022,STP,MN,AGL,CE,Towers with Radar,0,11,25,2,38,0,0,0,0,0,0,11,25,2,38,0,0,0,38
03/23/2022,STP,MN,AGL,CE,Towers with Radar,0,13,23,0,36,0,0,1,0,1,0,13,24,0,37,0,0,0,37
03/24/2022,STP,MN,AGL,CE,Towers with Radar,0,11,47,2,60,0,0,20,12,32,0,11,67,14,92,30,2,32,124
03/25/2022,STP,MN,AGL,CE,Towers with Radar,1,10,38,0,49,0,0,4,2,6,1,10,42,2,55,0,0,0,55
03/26/2022,STP,MN,AGL,CE,Towers with Radar,0,10,29,0,39,0,5,37,0,42,0,15,66,0,81,4,0,4,85
03/27/2022,STP,MN,AGL,CE,Towers with Radar,1,29,23,0,53,0,4,24,0,28,1,33,47,0,81,30,0,30,111
03/28/2022,STP,MN,AGL,CE,Towers with Radar,0,15,59,0,74,0,4,21,0,25,0,19,80,0,99,30,0,30,129
03/29/2022,STP,MN,AGL,CE,Towers with Radar,0,17,31,2,50,0,1,10,7,18,0,18,41,9,68,0,8,8,76
03/30/2022,STP,MN,AGL,CE,Towers with Radar,0,15,32,0,47,0,0,0,0,0,0,15,32,0,47,0,0,0,47
03/31/2022,STP,MN,AGL,CE,Towers with Radar,0,23,51,2,76,0,4,8,4,16,0,27,59,6,92,22,0,22,114
04/01/2022,STP,MN,AGL,CE,Towers with Radar,1,19,52,1,73,0,2,27,2,31,1,21,79,3,104,8,0,8,112
04/02/2022,STP,MN,AGL,CE,Towers with Radar,0,8,9,0,17,0,3,48,0,51,0,11,57,0,68,18,0,18,86
04/03/2022,STP,MN,AGL,CE,Towers with Radar,1,10,30,0,41,0,3,13,0,16,1,13,43,0,57,16,0,16,73
04/04/2022,STP,MN,AGL,CE,Towers with Radar,0,35,41,0,76,0,0,8,0,8,0,35,49,0,84,22,0,22,106
04/05/2022,STP,MN,AGL,CE,Towers with Radar,0,12,27,4,43,0,0,2,4,6,0,12,29,8,49,0,0,0,49
04/06/2022,STP,MN,AGL,CE,Towers with Radar,0,16,40,0,56,0,0,2,0,2,0,16,42,0,58,0,4,4,62
04/07/2022,STP,MN,AGL,CE,Towers with Radar,0,20,41,0,61,0,1,0,0,1,0,21,41,0,62,0,0,0,62
04/08/2022,STP,MN,AGL,CE,Towers with Radar,0,19,36,3,58,0,5,21,5,31,0,24,57,8,89,14,6,20,109
04/09/2022,STP,MN,AGL,CE,Towers with Radar,0,13,15,0,28,0,9,61,3,73,0,22,76,3,101,46,0,46,147
04/10/2022,STP,MN,AGL,CE,Towers with Radar,0,16,32,0,48,0,5,19,2,26,0,21,51,2,74,8,0,8,82
04/11/2022,STP,MN,AGL,CE,Towers with Radar,0,10,35,2,47,0,4,12,4,20,0,14,47,6,67,14,0,14,81
04/12/2022,STP,MN,AGL,CE,Towers with Radar,0,16,37,2,55,0,0,8,2,10,0,16,45,4,65,6,0,6,71
04/13/2022,STP,MN,AGL,CE,Towers with Radar,0,9,38,3,50,0,0,13,16,29,0,9,51,19,79,6,0,6,85
04/14/2022,STP,MN,AGL,CE,Towers with Radar,0,8,17,0,25,0,0,0,4,4,0,8,17,4,29,0,12,12,41
04/15/2022,STP,MN,AGL,CE,Towers with Radar,0,9,30,0,39,0,0,9,0,9,0,9,39,0,48,22,0,22,70
04/16/2022,STP,MN,AGL,CE,Towers with Radar,0,6,31,0,37,0,1,57,0,58,0,7,88,0,95,31,0,31,126
04/17/2022,STP,MN,AGL,CE,Towers with Radar,0,14,11,0,25,0,2,5,0,7,0,16,16,0,32,10,0,10,42
04/18/2022,STP,MN,AGL,CE,Towers with Radar,0,25,34,4,63,0,1,2,0,3,0,26,36,4,66,0,0,0,66
04/19/2022,STP,MN,AGL,CE,Towers with Radar,0,37,71,1,109,0,4,38,9,51,0,41,109,10,160,26,0,26,186
04/20/2022,STP,MN,AGL,CE,Towers with Radar,0,13,57,5,75,0,0,9,2,11,0,13,66,7,86,0,0,0,86
04/21/2022,STP,MN,AGL,CE,Towers with Radar,0,20,39,3,62,0,2,31,18,51,0,22,70,21,113,54,4,58,171
04/22/2022,STP,MN,AGL,CE,Towers with Radar,0,14,44,2,60,0,0,3,2,5,0,14,47,4,65,10,2,12,77
04/23/2022,STP,MN,AGL,CE,Towers with Radar,1,16,8,0,25,0,0,5,0,5,1,16,13,0,30,0,0,0,30
04/24/2022,STP,MN,AGL,CE,Towers with Radar,0,7,21,0,28,0,3,8,0,11,0,10,29,0,39,0,0,0,39
04/25/2022,STP,MN,AGL,CE,Towers with Radar,0,9,23,2,34,0,0,7,2,9,0,9,30,4,43,0,0,0,43
04/26/2022,STP,MN,AGL,CE,Towers with Radar,0,15,46,11,72,0,5,30,6,41,0,20,76,17,113,16,18,34,147
04/27/2022,STP,MN,AGL,CE,Towers with Radar,0,20,47,2,69,0,13,38,15,66,0,33,85,17,135,60,2,62,197
04/28/2022,STP,MN,AGL,CE,Towers with Radar,0,11,46,2,59,0,0,20,11,31,0,11,66,13,90,26,18,44,134
04/29/2022,STP,MN,AGL,CE,Towers with Radar,1,14,36,2,53,0,0,7,0,7,1,14,43,2,60,4,0,4,64
04/30/2022,STP,MN,AGL,CE,Towers with Radar,0,9,18,0,27,0,1,0,0,1,0,10,18,0,28,0,0,0,28
05/01/2022,STP,MN,AGL,CE,Towers with Radar,0,11,14,0,25,0,0,4,0,4,0,11,18,0,29,0,0,0,29
05/02/2022,STP,MN,AGL,CE,Towers with Radar,0,17,31,3,51,0,0,12,3,15,0,17,43,6,66,42,0,42,108
05/03/2022,STP,MN,AGL,CE,Towers with Radar,0,19,43,2,64,0,6,35,24,65,0,25,78,26,129,26,0,26,155
05/04/2022,STP,MN,AGL,CE,Towers with Radar,0,28,56,1,85,0,15,32,9,56,0,43,88,10,141,14,12,26,167
05/05/2022,STP,MN,AGL,CE,Towers with Radar,0,19,38,0,57,0,7,29,5,41,0,26,67,5,98,30,0,30,128
05/06/2022,STP,MN,AGL,CE,Towers with Radar,0,28,51,2,81,0,3,27,6,36,0,31,78,8,117,8,0,8,125
05/07/2022,STP,MN,AGL,CE,Towers with Radar,0,10,18,0,28,0,0,77,1,78,0,10,95,1,106,6,0,6,112
05/08/2022,STP,MN,AGL,CE,Towers with Radar,1,19,24,0,44,0,3,5,0,8,1,22,29,0,52,2,0,2,54
05/09/2022,STP,MN,AGL,CE,Towers with Radar,1,13,40,8,62,0,0,12,0,12,1,13,52,8,74,8,0,8,82
05/10/2022,STP,MN,AGL,CE,Towers with Radar,0,34,48,1,83,0,13,29,1,43,0,47,77,2,126,31,0,31,157
05/11/2022,STP,MN,AGL,CE,Towers with Radar,1,20,40,1,62,0,0,8,1,9,1,20,48,2,71,8,0,8,79
05/12/2022,STP,MN,AGL,CE,Towers with Radar,0,14,31,2,47,0,0,10,2,12,0,14,41,4,59,4,0,4,63
05/13/2022,STP,MN,AGL,CE,Towers with Radar,0,19,31,0,50,0,0,29,7,36,0,19,60,7,86,18,0,18,104
05/14/2022,STP,MN,AGL,CE,Towers with Radar,0,12,20,0,32,0,3,83,4,90,0,15,103,4,122,80,0,80,202
05/15/2022,STP,MN,AGL,CE,Towers with Radar,0,14,30,0,44,0,3,31,2,36,0,17,61,2,80,28,0,28,108
05/16/2022,STP,MN,AGL,CE,Towers with Radar,0,16,51,0,67,0,2,35,2,39,0,18,86,2,106,38,0,38,144
05/17/2022,STP,MN,AGL,CE,Towers with Radar,1,19,61,0,81,0,6,34,0,40,1,25,95,0,121,22,0,22,143
05/18/2022,STP,MN,AGL,CE,Towers with Radar,0,14,40,1,55,0,0,26,7,33,0,14,66,8,88,12,0,12,100
05/19/2022,STP,MN,AGL,CE,Towers with Radar,0,27,58,2,87,0,0,15,0,15,0,27,73,2,102,18,0,18,120
05/20/2022,STP,MN,AGL,CE,Towers with Radar,0,15,45,2,62,0,2,16,0,18,0,17,61,2,80,0,0,0,80
05/21/2022,STP,MN,AGL,CE,Towers with Radar,0,7,37,0,44,0,2,74,6,82,0,9,111,6,126,32,0,32,158
05/22/2022,STP,MN,AGL,CE,Towers with Radar,0,20,35,0,55,0,2,33,2,37,0,22,68,2,92,30,0,30,122
05/23/2022,STP,MN,AGL,CE,Towers with Radar,0,13,33,0,46,0,4,35,1,40,0,17,68,1,86,18,0,18,104
05/24/2022,STP,MN,AGL,CE,Towers with Radar,0,20,55,4,79,0,12,48,5,65,0,32,103,9,144,34,0,34,178
05/25/2022,STP,MN,AGL,CE,Towers with Radar,0,25,55,4,84,0,0,0,0,0,0,25,55,4,84,0,0,0,84
05/26/2022,STP,MN,AGL,CE,Towers with Radar,0,10,66,4,80,0,5,18,5,28,0,15,84,9,108,31,2,33,141
05/27/2022,STP,MN,AGL,CE,Towers with Radar,0,18,47,0,65,0,11,40,2,53,0,29,87,2,118,64,0,64,182
05/28/2022,STP,MN,AGL,CE,Towers with Radar,0,17,8,0,25,0,10,28,0,38,0,27,36,0,63,42,0,42,105
05/29/2022,STP,MN,AGL,CE,Towers with Radar,0,13,17,0,30,0,1,2,0,3,0,14,19,0,33,0,0,0,33
05/30/2022,STP,MN,AGL,CE,Towers with Radar,0,9,13,0,22,0,1,10,0,11,0,10,23,0,33,6,0,6,39
05/31/2022,STP,MN,AGL,CE,Towers with Radar,0,19,32,5,56,0,0,5,4,9,0,19,37,9,65,0,0,0,65
06/01/2022,STP,MN,AGL,CE,Towers with Radar,0,19,46,0,65,0,7,35,17,59,0,26,81,17,124,68,14,82,206
06/02/2022,STP,MN,AGL,CE,Towers with Radar,0,15,41,2,58,0,5,28,5,38,0,20,69,7,96,28,0,28,124
06/03/2022,STP,MN,AGL,CE,Towers with Radar,0,22,43,1,66,0,11,31,2,44,0,33,74,3,110,42,0,42,152
06/04/2022,STP,MN,AGL,CE,Towers with Radar,0,4,22,3,29,0,0,66,0,66,0,4,88,3,95,36,0,36,131
06/05/2022,STP,MN,AGL,CE,Towers with Radar,0,12,31,0,43,0,3,24,0,27,0,15,55,0,70,28,0,28,98
06/06/2022,STP,MN,AGL,CE,Towers with Radar,0,19,51,1,71,0,9,35,4,48,0,28,86,5,119,20,0,20,139
06/07/2022,STP,MN,AGL,CE,Towers with Radar,0,20,57,4,81,0,6,34,5,45,0,26,91,9,126,34,0,34,160
06/08/2022,STP,MN,AGL,CE,Towers with Radar,0,15,43,2,60,0,4,38,16,58,0,19,81,18,118,17,0,17,135
06/09/2022,STP,MN,AGL,CE,Towers with Radar,1,17,33,0,51,0,0,32,12,44,1,17,65,12,95,42,0,42,137
06/10/2022,STP,MN,AGL,CE,Towers with Radar,0,20,44,0,64,0,0,37,9,46,0,20,81,9,110,22,0,22,132
06/11/2022,STP,MN,AGL,CE,Towers with Radar,0,25,17,0,42,0,3,51,0,54,0,28,68,0,96,7,0,7,103
06/12/2022,STP,MN,AGL,CE,Towers with Radar,0,19,42,0,61,0,4,21,0,25,0,23,63,0,86,10,0,10,96
06/13/2022,STP,MN,AGL,CE,Towers with Radar,0,28,50,2,80,0,0,10,1,11,0,28,60,3,91,30,0,30,121
06/14/2022,STP,MN,AGL,CE,Towers with Radar,0,29,49,2,80,0,1,23,15,39,0,30,72,17,119,4,8,12,131
06/15/2022,STP,MN,AGL,CE,Towers with Radar,0,14,32,2,48,0,1,28,13,42,0,15,60,15,90,38,0,38,128
06/16/2022,STP,MN,AGL,CE,Towers with Radar,0,18,41,0,59,0,5,10,12,27,0,23,51,12,86,10,2,12,98
06/17/2022,STP,MN,AGL,CE,Towers with Radar,0,29,60,0,89,0,6,30,2,38,0,35,90,2,127,68,0,68,195
06/18/2022,STP,MN,AGL,CE,Towers with Radar,0,10,18,0,28,0,1,82,0,83,0,11,100,0,111,88,0,88,199
06/19/2022,STP,MN,AGL,CE,Towers with Radar,0,10,30,0,40,0,0,18,0,18,0,10,48,0,58,6,0,6,64
06/20/2022,STP,MN,AGL,CE,Towers with Radar,0,18,54,0,72,0,1,30,0,31,0,19,84,0,103,4,0,4,107
06/21/2022,STP,MN,AGL,CE,Towers with Radar,0,15,55,0,70,0,6,31,9,46,0,21,86,9,116,36,0,36,152
06/22/2022,STP,MN,AGL,CE,Towers with Radar,0,28,32,2,62,0,5,51,4,60,0,33,83,6,122,106,0,106,228
06/23/2022,STP,MN,AGL,CE,Towers with Radar,0,22,49,2,73,0,10,31,6,47,0,32,80,8,120,46,2,48,168
06/24/2022,STP,MN,AGL,CE,Towers with Radar,0,10,62,0,72,0,3,28,1,32,0,13,90,1,104,38,0,38,142
06/25/2022,STP,MN,AGL,CE,Towers with Radar,0,14,20,0,34,0,2,82,5,89,0,16,102,5,123,6,8,14,137
06/26/2022,STP,MN,AGL,CE,Towers with Radar,0,6,27,0,33,0,8,10,3,21,0,14,37,3,54,6,0,6,60
06/27/2022,STP,MN,AGL,CE,Towers with Radar,0,29,51,2,82,0,9,48,0,57,0,38,99,2,139,58,0,58,197
06/28/2022,STP,MN,AGL,CE,Towers with Radar,0,14,48,0,62,0,3,35,14,52,0,17,83,14,114,30,0,30,144
06/29/2022,STP,MN,AGL,CE,Towers with Radar,0,16,42,4,62,0,3,19,13,35,0,19,61,17,97,8,0,8,105
06/30/2022,STP,MN,AGL,CE,Towers with Radar,0,24,42,0,66,0,1,35,6,42,0,25,77,6,108,24,0,24,132
07/01/2022,STP,MN,AGL,CE,Towers with Radar,0,12,27,4,43,0,2,29,0,31,0,14,56,4,74,26,0,26,100
07/02/2022,STP,MN,AGL,CE,Towers with Radar,0,8,13,2,23,0,1,76,2,79,0,9,89,4,102,22,0,22,124
07/03/2022,STP,MN,AGL,CE,Towers with Radar,0,2,15,0,17,0,2,20,0,22,0,4,35,0,39,4,0,4,43
07/04/2022,STP,MN,AGL,CE,Towers with Radar,0,10,14,0,24,0,3,5,0,8,0,13,19,0,32,0,0,0,32
07/05/2022,STP,MN,AGL,CE,Towers with Radar,0,15,35,0,50,0,1,14,0,15,0,16,49,0,65,8,0,8,73
07/06/2022,STP,MN,AGL,CE,Towers with Radar,0,19,43,3,65,0,0,32,7,39,0,19,75,10,104,70,0,70,174
07/07/2022,STP,MN,AGL,CE,Towers with Radar,0,12,45,5,62,0,4,9,9,22,0,16,54,14,84,6,12,18,102
07/08/2022,STP,MN,AGL,CE,Towers with Radar,0,10,52,0,62,0,0,19,1,20,0,10,71,1,82,16,0,16,98
07/09/2022,STP,MN,AGL,CE,Towers with Radar,0,6,19,1,26,0,5,91,1,97,0,11,110,2,123,56,0,56,179
07/10/2022,STP,MN,AGL,CE,Towers with Radar,0,15,25,0,40,0,2,21,0,23,0,17,46,0,63,4,0,4,67
07/11/2022,STP,MN,AGL,CE,Towers with Radar,0,9,25,2,36,0,1,13,3,17,0,10,38,5,53,16,0,16,69
07/12/2022,STP,MN,AGL,CE,Towers with Radar,0,10,37,1,48,0,0,27,4,31,0,10,64,5,79,32,0,32,111
07/13/2022,STP,MN,AGL,CE,Towers with Radar,0,16,50,2,68,0,0,38,4,42,0,16,88,6,110,48,0,48,158
07/14/2022,STP,MN,AGL,CE,Towers with Radar,0,13,52,2,67,0,2,21,11,34,0,15,73,13,101,58,16,74,175
07/15/2022,STP,MN,AGL,CE,Towers with Radar,0,22,34,0,56,0,3,27,5,35,0,25,61,5,91,50,0,50,141
07/16/2022,STP,MN,AGL,CE,Towers with Radar,0,9,14,0,23,0,0,44,44,88,0,9,58,44,111,56,0,56,167
07/17/2022,STP,MN,AGL,CE,Towers with Radar,0,18,27,2,47,0,2,25,2,29,0,20,52,4,76,22,0,22,98
07/18/2022,STP,MN,AGL,CE,Towers with Radar,0,20,40,0,60,0,4,27,7,38,0,24,67,7,98,44,0,44,142
07/19/2022,STP,MN,AGL,CE,Towers with Radar,0,30,39,0,69,0,0,15,8,23,0,30,54,8,92,6,0,6,98
07/20/2022,STP,MN,AGL,CE,Towers with Radar,2,12,63,0,77,0,5,19,14,38,2,17,82,14,115,24,3,27,142
07/21/2022,STP,MN,AGL,CE,Towers with Radar,0,22,46,1,69,0,0,30,15,45,0,22,76,16,114,18,0,18,132
07/22/2022,STP,MN,AGL,CE,Towers with Radar,1,15,36,0,52,0,12,36,2,50,1,27,72,2,102,56,0,56,158
07/23/2022,STP,MN,AGL,CE,Towers with Radar,0,6,15,0,21,0,3,14,0,17,0,9,29,0,38,12,0,12,50
07/24/2022,STP,MN,AGL,CE,Towers with Radar,0,12,31,0,43,0,1,34,3,38,0,13,65,3,81,42,0,42,123
07/25/2022,STP,MN,AGL,CE,Towers with Radar,0,19,43,0,62,0,6,36,2,44,0,25,79,2,106,136,0,136,242
07/26/2022,STP,MN,AGL,CE,Towers with Radar,0,19,36,0,55,0,0,19,5,24,0,19,55,5,79,2,26,28,107
07/27/2022,STP,MN,AGL,CE,Towers with Radar,0,31,42,0,73,0,7,36,0,43,0,38,78,0,116,24,0,24,140
07/28/2022,STP,MN,AGL,CE,Towers with Radar,1,17,59,2,79,0,4,28,2,34,1,21,87,4,113,30,2,32,145
07/29/2022,STP,MN,AGL,CE,Towers with Radar,1,16,55,0,72,0,5,27,4,36,1,21,82,4,108,24,0,24,132
07/30/2022,STP,MN,AGL,CE,Towers with Radar,0,9,26,0,35,0,2,94,0,96,0,11,120,0,131,10,0,10,141
07/31/2022,STP,MN,AGL,CE,Towers with Radar,0,10,36,0,46,0,0,12,0,12,0,10,48,0,58,0,0,0,58
08/01/2022,STP,MN,AGL,CE,Towers with Radar,0,23,45,3,71,0,6,37,1,44,0,29,82,4,115,32,0,32,147
08/02/2022,STP,MN,AGL,CE,Towers with Radar,0,13,44,2,59,0,3,20,14,37,0,16,64,16,96,28,8,36,132
08/03/2022,STP,MN,AGL,CE,Towers with Radar,0,39,47,3,89,0,2,22,8,32,0,41,69,11,121,12,0,12,133
08/04/2022,STP,MN,AGL,CE,Towers with Radar,0,23,37,0,60,0,0,34,9,43,0,23,71,9,103,29,2,31,134
08/05/2022,STP,MN,AGL,CE,Towers with Radar,0,19,39,0,58,0,0,34,4,38,0,19,73,4,96,6,0,6,102
08/06/2022,STP,MN,AGL,CE,Towers with Radar,0,10,14,0,24,0,1,7,1,9,0,11,21,1,33,4,0,4,37
08/07/2022,STP,MN,AGL,CE,Towers with Radar,0,17,43,0,60,0,0,26,0,26,0,17,69,0,86,14,0,14,100
08/08/2022,STP,MN,AGL,CE,Towers with Radar,0,18,41,1,60,0,5,57,5,67,0,23,98,6,127,108,0,108,235
08/09/2022,STP,MN,AGL,CE,Towers with Radar,0,34,77,2,113,0,9,95,6,110,0,43,172,8,223,166,0,166,389
08/10/2022,STP,MN,AGL,CE,Towers with Radar,0,13,57,1,71,0,6,97,10,113,0,19,154,11,184,84,10,94,278
08/11/2022,STP,MN,AGL,CE,Towers with Radar,0,16,53,5,74,0,4,68,19,91,0,20,121,24,165,74,0,74,239
08/12/2022,STP,MN,AGL,CE,Towers with Radar,0,17,38,0,55,0,2,24,4,30,0,19,62,4,85,6,0,6,91
08/13/2022,STP,MN,AGL,CE,Towers with Radar,0,9,26,1,36,0,0,61,9,70,0,9,87,10,106,144,0,144,250
08/14/2022,STP,MN,AGL,CE,Towers with Radar,0,18,49,0,67,0,1,27,0,28,0,19,76,0,95,22,0,22,117
08/15/2022,STP,MN,AGL,CE,Towers with Radar,0,11,43,4,58,0,5,70,2,77,0,16,113,6,135,157,4,161,296
08/16/2022,STP,MN,AGL,CE,Towers with Radar,0,23,51,7,81,0,4,77,13,94,0,27,128,20,175,186,6,192,367
08/17/2022,STP,MN,AGL,CE,Towers with Radar,1,14,46,3,64,0,0,61,7,68,1,14,107,10,132,64,4,68,200
08/18/2022,STP,MN,AGL,CE,Towers with Radar,0,15,40,4,59,0,0,46,3,49,0,15,86,7,108,68,0,68,176
08/19/2022,STP,MN,AGL,CE,Towers with Radar,0,13,45,0,58,0,1,18,1,20,0,14,63,1,78,78,6,84,162
08/20/2022,STP,MN,AGL,CE,Towers with Radar,0,11,31,0,42,0,0,87,0,87,0,11,118,0,129,80,0,80,209
08/21/2022,STP,MN,AGL,CE,Towers with Radar,0,13,40,0,53,0,1,78,0,79,0,14,118,0,132,76,0,76,208
08/22/2022,STP,MN,AGL,CE,Towers with Radar,0,19,63,4,86,0,3,53,8,64,0,22,116,12,150,162,0,162,312
08/23/2022,STP,MN,AGL,CE,Towers with Radar,0,15,44,11,70,0,2,75,10,87,0,17,119,21,157,90,0,90,247
08/24/2022,STP,MN,AGL,CE,Towers with Radar,0,18,64,6,88,0,1,56,3,60,0,19,120,9,148,195,0,195,343
08/25/2022,STP,MN,AGL,CE,Towers with Radar,0,19,56,5,80,0,1,49,11,61,0,20,105,16,141,82,0,82,223
08/26/2022,STP,MN,AGL,CE,Towers with Radar,0,12,48,1,61,0,3,76,5,84,0,15,124,6,145,194,0,194,339
08/27/2022,STP,MN,AGL,CE,Towers with Radar,0,7,23,0,30,0,1,40,0,41,0,8,63,0,71,18,0,18,89
08/28/2022,STP,MN,AGL,CE,Towers with Radar,0,11,32,0,43,0,0,15,0,15,0,11,47,0,58,10,0,10,68
08/29/2022,STP,MN,AGL,CE,Towers with Radar,0,14,46,2,62,0,1,23,6,30,0,15,69,8,92,4,0,4,96
08/30/2022,STP,MN,AGL,CE,Towers with Radar,0,16,36,7,59,0,3,34,16,53,0,19,70,23,112,9,4,13,125
08/31/2022,STP,MN,AGL,CE,Towers with Radar,0,19,35,2,56,0,6,47,6,59,0,25,82,8,115,40,0,40,155
09/01/2022,STP,MN,AGL,CE,Towers with Radar,0,12,33,2,47,0,6,37,17,60,0,18,70,19,107,30,0,30,137
09/02/2022,STP,MN,AGL,CE,Towers with Radar,0,9,33,0,42,0,1,24,3,28,0,10,57,3,70,22,6,28,98
09/03/2022,STP,MN,AGL,CE,Towers with Radar,0,6,23,0,29,0,3,73,0,76,0,9,96,0,105,44,0,44,149
09/04/2022,STP,MN,AGL,CE,Towers with Radar,0,7,8,0,15,0,1,29,0,30,0,8,37,0,45,30,0,30,75
09/05/2022,STP,MN,AGL,CE,Towers with Radar,1,22,27,0,50,0,1,24,0,25,1,23,51,0,75,22,0,22,97
09/06/2022,STP,MN,AGL,CE,Towers with Radar,0,15,39,2,56,0,1,28,0,29,0,16,67,2,85,47,0,47,132
09/07/2022,STP,MN,AGL,CE,Towers with Radar,0,16,48,8,72,0,1,32,11,44,0,17,80,19,116,20,22,42,158
09/08/2022,STP,MN,AGL,CE,Towers with Radar,0,36,41,4,81,0,2,21,24,47,0,38,62,28,128,24,0,24,152
09/09/2022,STP,MN,AGL,CE,Towers with Radar,1,12,53,0,66,0,0,2,0,2,1,12,55,0,68,0,0,0,68
09/10/2022,STP,MN,AGL,CE,Towers with Radar,0,5,27,0,32,0,0,66,0,66,0,5,93,0,98,30,0,30,128
09/11/2022,STP,MN,AGL,CE,Towers with Radar,1,26,65,0,92,0,3,30,0,33,1,29,95,0,125,30,0,30,155
09/12/2022,STP,MN,AGL,CE,Towers with Radar,0,18,69,2,89,0,1,31,5,37,0,19,100,7,126,42,0,42,168
09/13/2022,STP,MN,AGL,CE,Towers with Radar,0,25,57,5,87,0,5,27,17,49,0,30,84,22,136,12,12,24,160
09/14/2022,STP,MN,AGL,CE,Towers with Radar,0,26,42,2,70,0,0,19,22,41,0,26,61,24,111,2,12,14,125
09/15/2022,STP,MN,AGL,CE,Towers with Radar,0,24,37,1,62,0,0,17,7,24,0,24,54,8,86,0,0,0,86
09/16/2022,STP,MN,AGL,CE,Towers with Radar,0,18,43,0,61,0,4,23,7,34,0,22,66,7,95,29,0,29,124
09/17/2022,STP,MN,AGL,CE,Towers with Radar,0,7,22,0,29,0,0,63,0,63,0,7,85,0,92,34,0,34,126
09/18/2022,STP,MN,AGL,CE,Towers with Radar,0,16,25,3,44,0,2,52,0,54,0,18,77,3,98,6,0,6,104
09/19/2022,STP,MN,AGL,CE,Towers with Radar,0,18,41,3,62,0,3,17,2,22,0,21,58,5,84,16,0,16,100
09/20/2022,STP,MN,AGL,CE,Towers with Radar,0,14,58,5,77,0,1,21,11,33,0,15,79,16,110,20,22,42,152
09/21/2022,STP,MN,AGL,CE,Towers with Radar,0,28,55,2,85,0,1,31,11,43,0,29,86,13,128,4,10,14,142
09/22/2022,STP,MN,AGL,CE,Towers with Radar,0,18,59,1,78,0,1,49,4,54,0,19,108,5,132,112,0,112,244
09/23/2022,STP,MN,AGL,CE,Towers with Radar,0,25,51,0,76,0,1,17,6,24,0,26,68,6,100,48,0,48,148
09/24/2022,STP,MN,AGL,CE,Towers with Radar,0,1,36,0,37,0,0,68,0,68,0,1,104,0,105,22,0,22,127
09/25/2022,STP,MN,AGL,CE,Towers with Radar,0,29,27,2,58,0,0,48,0,48,0,29,75,2,106,8,0,8,114
09/26/2022,STP,MN,AGL,CE,Towers with Radar,0,16,34,1,51,0,4,23,6,33,0,20,57,7,84,14,0,14,98
09/27/2022,STP,MN,AGL,CE,Towers with Radar,0,18,40,1,59,0,0,25,8,33,0,18,65,9,92,32,16,48,140
09/28/2022,STP,MN,AGL,CE,Towers with Radar,0,12,40,0,52,0,2,34,2,38,0,14,74,2,90,50,0,50,140
09/29/2022,STP,MN,AGL,CE,Towers with Radar,0,16,45,2,63,0,0,28,3,31,0,16,73,5,94,36,0,36,130
09/30/2022,STP,MN,AGL,CE,Towers with Radar,0,15,46,0,61,0,0,47,1,48,0,15,93,1,109,98,0,98,207
10/01/2022,STP,MN,AGL,CE,Towers with Radar,0,14,31,0,45,0,2,44,0,46,0,16,75,0,91,36,0,36,127
10/02/2022,STP,MN,AGL,CE,Towers with Radar,0,18,36,0,54,0,0,29,0,29,0,18,65,0,83,25,0,25,108
10/03/2022,STP,MN,AGL,CE,Towers with Radar,0,20,41,3,64,0,0,29,6,35,0,20,70,9,99,6,0,6,105
10/04/2022,STP,MN,AGL,CE,Towers with Radar,1,21,57,3,82,0,0,44,26,70,1,21,101,29,152,38,10,48,200
10/05/2022,STP,MN,AGL,CE,Towers with Radar,0,21,45,8,74,0,2,24,16,42,0,23,69,24,116,18,0,18,134
10/06/2022,STP,MN,AGL,CE,Towers with Radar,0,29,43,5,77,0,3,21,16,40,0,32,64,21,117,22,0,22,139
10/07/2022,STP,MN,AGL,CE,Towers with Radar,0,25,50,4,79,0,0,29,7,36,0,25,79,11,115,34,0,34,149
10/08/2022,STP,MN,AGL,CE,Towers with Radar,0,15,35,0,50,0,2,62,0,64,0,17,97,0,114,34,0,34,148
10/09/2022,STP,MN,AGL,CE,Towers with Radar,0,33,71,3,107,0,0,26,0,26,0,33,97,3,133,28,0,28,161
10/10/2022,STP,MN,AGL,CE,Towers with Radar,0,24,44,0,68,0,5,25,0,30,0,29,69,0,98,40,0,40,138
10/11/2022,STP,MN,AGL,CE,Towers with Radar,0,22,47,0,69,0,3,16,4,23,0,25,63,4,92,10,0,10,102
10/12/2022,STP,MN,AGL,CE,Towers with Radar,0,22,45,2,69,0,4,13,15,32,0,26,58,17,101,16,8,24,125
10/13/2022,STP,MN,AGL,CE,Towers with Radar,0,20,31,11,62,0,5,19,6,30,0,25,50,17,92,18,2,20,112
10/14/2022,STP,MN,AGL,CE,Towers with Radar,0,22,22,1,45,0,1,6,1,8,0,23,28,2,53,0,0,0,53
10/15/2022,STP,MN,AGL,CE,Towers with Radar,0,10,21,0,31,0,0,77,5,82,0,10,98,5,113,18,0,18,131
10/16/2022,STP,MN,AGL,CE,Towers with Radar,0,23,27,0,50,0,1,14,0,15,0,24,41,0,65,10,0,10,75
10/17/2022,STP,MN,AGL,CE,Towers with Radar,1,32,39,2,74,0,0,12,4,16,1,32,51,6,90,14,0,14,104
10/18/2022,STP,MN,AGL,CE,Towers with Radar,0,21,49,4,74,0,4,19,10,33,0,25,68,14,107,22,2,24,131
10/19/2022,STP,MN,AGL,CE,Towers with Radar,0,33,52,3,88,0,0,41,6,47,0,33,93,9,135,34,6,40,175
10/20/2022,STP,MN,AGL,CE,Towers with Radar,0,19,39,2,60,0,2,32,11,45,0,21,71,13,105,40,8,48,153
10/21/2022,STP,MN,AGL,CE,Towers with Radar,0,17,27,0,44,0,0,43,0,43,0,17,70,0,87,56,0,56,143
10/22/2022,STP,MN,AGL,CE,Towers with Radar,0,8,22,0,30,0,1,43,0,44,0,9,65,0,74,0,0,0,74
10/23/2022,STP,MN,AGL,CE,Towers with Radar,1,18,19,0,38,0,2,12,1,15,1,20,31,1,53,0,0,0,53
10/24/2022,STP,MN,AGL,CE,Towers with Radar,0,10,38,2,50,0,0,13,9,22,0,10,51,11,72,2,0,2,74
10/25/2022,STP,MN,AGL,CE,Towers with Radar,0,21,39,5,65,0,3,17,25,45,0,24,56,30,110,52,0,52,162
10/26/2022,STP,MN,AGL,CE,Towers with Radar,0,16,60,2,78,0,2,31,15,48,0,18,91,17,126,12,2,14,140
10/27/2022,STP,MN,AGL,CE,Towers with Radar,2,24,43,1,70,0,0,14,5,19,2,24,57,6,89,22,0,22,111
10/28/2022,STP,MN,AGL,CE,Towers with Radar,0,13,39,7,59,0,0,31,3,34,0,13,70,10,93,40,2,42,135
10/29/2022,STP,MN,AGL,CE,Towers with Radar,0,9,20,0,29,0,3,71,0,74,0,12,91,0,103,44,0,44,147
10/30/2022,STP,MN,AGL,CE,Towers with Radar,0,21,71,0,92,0,0,21,0,21,0,21,92,0,113,12,0,12,125
10/31/2022,STP,MN,AGL,CE,Towers with Radar,0,16,47,4,67,0,2,14,2,18,0,18,61,6,85,14,0,14,99
11/01/2022,STP,MN,AGL,CE,Towers with Radar,0,18,45,2,65,0,2,36,12,50,0,20,81,14,115,32,4,36,151
11/02/2022,STP,MN,AGL,CE,Towers with Radar,0,21,45,4,70,0,0,6,18,24,0,21,51,22,94,2,4,6,100
11/03/2022,STP,MN,AGL,CE,Towers with Radar,1,15,51,0,67,0,1,7,8,16,1,16,58,8,83,12,4,16,99
11/04/2022,STP,MN,AGL,CE,Towers with Radar,0,13,36,2,51,0,0,12,0,12,0,13,48,2,63,38,0,38,101
11/05/2022,STP,MN,AGL,CE,Towers with Radar,0,3,17,0,20,0,0,7,0,7,0,3,24,0,27,4,0,4,31
11/06/2022,STP,MN,AGL,CE,Towers with Radar,0,4,29,0,33,0,0,6,0,6,0,4,35,0,39,8,0,8,47
11/07/2022,STP,MN,AGL,CE,Towers with Radar,0,28,58,0,86,0,0,36,4,40,0,28,94,4,126,44,0,44,170
11/08/2022,STP,MN,AGL,CE,Towers with Radar,0,12,37,4,53,0,2,6,3,11,0,14,43,7,64,0,0,0,64
11/09/2022,STP,MN,AGL,CE,Towers with Radar,0,11,48,6,65,0,0,0,5,5,0,11,48,11,70,12,14,26,96
11/10/2022,STP,MN,AGL,CE,Towers with Radar,1,15,46,2,64,0,1,0,0,1,1,16,46,2,65,6,0,6,71
11/11/2022,STP,MN,AGL,CE,Towers with Radar,0,10,30,0,40,0,0,6,0,6,0,10,36,0,46,0,0,0,46
11/12/2022,STP,MN,AGL,CE,Towers with Radar,0,9,15,0,24,0,3,48,0,51,0,12,63,0,75,12,0,12,87
11/13/2022,STP,MN,AGL,CE,Towers with Radar,1,9,27,2,39,0,5,12,0,17,1,14,39,2,56,38,0,38,94
11/14/2022,STP,MN,AGL,CE,Towers with Radar,0,16,38,0,54,0,0,1,0,1,0,16,39,0,55,0,0,0,55
11/15/2022,STP,MN,AGL,CE,Towers with Radar,0,6,31,0,37,0,0,0,0,0,0,6,31,0,37,0,0,0,37
11/16/2022,STP,MN,AGL,CE,Towers with Radar,0,9,29,2,40,0,0,5,8,13,0,9,34,10,53,0,40,40,93
11/17/2022,STP,MN,AGL,CE,Towers with Radar,0,10,45,2,57,0,0,4,2,6,0,10,49,4,63,0,0,0,63
11/18/2022,STP,MN,AGL,CE,Towers with Radar,1,20,47,0,68,0,1,14,5,20,1,21,61,5,88,6,0,6,94
11/19/2022,STP,MN,AGL,CE,Towers with Radar,0,16,24,1,41,0,0,26,13,39,0,16,50,14,80,8,0,8,88
11/20/2022,STP,MN,AGL,CE,Towers with Radar,0,26,64,0,90,0,0,27,3,30,0,26,91,3,120,16,0,16,136
11/21/2022,STP,MN,AGL,CE,Towers with Radar,1,17,41,0,59,0,0,31,2,33,1,17,72,2,92,60,0,60,152
11/22/2022,STP,MN,AGL,CE,Towers with Radar,0,20,34,3,57,0,0,35,22,57,0,20,69,25,114,24,10,34,148
11/23/2022,STP,MN,AGL,CE,Towers with Radar,0,8,33,1,42,0,11,39,1,51,0,19,72,2,93,24,0,24,117
11/24/2022,STP,MN,AGL,CE,Towers with Radar,0,8,9,0,17,0,0,11,0,11,0,8,20,0,28,10,0,10,38
11/25/2022,STP,MN,AGL,CE,Towers with Radar,0,6,31,0,37,0,0,21,0,21,0,6,52,0,58,16,0,16,74
11/26/2022,STP,MN,AGL,CE,Towers with Radar,0,8,17,0,25,0,1,34,2,37,0,9,51,2,62,40,0,40,102
11/27/2022,STP,MN,AGL,CE,Towers with Radar,0,17,28,0,45,0,2,16,0,18,0,19,44,0,63,20,0,20,83
11/28/2022,STP,MN,AGL,CE,Towers with Radar,0,24,33,2,59,0,0,28,8,36,0,24,61,10,95,24,16,40,135
11/29/2022,STP,MN,AGL,CE,Towers with Radar,0,8,23,0,31,0,0,0,0,0,0,8,23,0,31,0,0,0,31
11/30/2022,STP,MN,AGL,CE,Towers with Radar,2,22,25,0,49,0,5,6,23,34,2,27,31,23,83,0,0,0,83
12/01/2022,STP,MN,AGL,CE,Towers with Radar,0,15,33,3,51,0,1,16,16,33,0,16,49,19,84,18,34,52,136
12/02/2022,STP,MN,AGL,CE,Towers with Radar,0,15,35,2,52,0,0,12,0,12,0,15,47,2,64,16,0,16,80
12/03/2022,STP,MN,AGL,CE,Towers with Radar,1,12,20,0,33,0,7,21,0,28,1,19,41,0,61,27,0,27,88
12/04/2022,STP,MN,AGL,CE,Towers with Radar,1,18,56,0,75,0,6,29,0,35,1,24,85,0,110,24,0,24,134
12/05/2022,STP,MN,AGL,CE,Towers with Radar,0,18,28,5,51,0,2,24,10,36,0,20,52,15,87,68,0,68,155
12/06/2022,STP,MN,AGL,CE,Towers with Radar,0,27,37,2,66,0,0,22,15,37,0,27,59,17,103,42,8,50,153
12/07/2022,STP,MN,AGL,CE,Towers with Radar,0,16,41,3,60,0,3,25,12,40,0,19,66,15,100,20,0,20,120
12/08/2022,STP,MN,AGL,CE,Towers with Radar,0,11,44,3,58,0,5,22,13,40,0,16,66,16,98,62,0,62,160
12/09/2022,STP,MN,AGL,CE,Towers with Radar,0,9,32,5,46,0,3,4,2,9,0,12,36,7,55,0,4,4,59
12/10/2022,STP,MN,AGL,CE,Towers with Radar,0,4,20,0,24,0,0,4,0,4,0,4,24,0,28,0,0,0,28
12/11/2022,STP,MN,AGL,CE,Towers with Radar,0,13,15,2,30,0,1,3,0,4,0,14,18,2,34,0,0,0,34
12/12/2022,STP,MN,AGL,CE,Towers with Radar,0,12,44,6,62,0,1,2,3,6,0,13,46,9,68,0,8,8,76
12/13/2022,STP,MN,AGL,CE,Towers with Radar,0,9,21,0,30,0,0,0,0,0,0,9,21,0,30,0,0,0,30
12/14/2022,STP,MN,AGL,CE,Towers with Radar,0,12,40,0,52,0,0,0,1,1,0,12,40,1,53,0,8,8,61
12/15/2022,STP,MN,AGL,CE,Towers with Radar,0,14,27,2,43,0,0,0,0,0,0,14,27,2,43,0,0,0,43
12/16/2022,STP,MN,AGL,CE,Towers with Radar,0,13,34,4,51,0,0,0,0,0,0,13,34,4,51,0,16,16,67
12/17/2022,STP,MN,AGL,CE,Towers with Radar,0,14,50,0,64,0,0,9,0,9,0,14,59,0,73,0,0,0,73
12/18/2022,STP,MN,AGL,CE,Towers with Radar,0,13,19,0,32,0,0,13,0,13,0,13,32,0,45,16,0,16,61
12/19/2022,STP,MN,AGL,CE,Towers with Radar,0,9,32,4,45,0,1,4,1,6,0,10,36,5,51,18,0,18,69
12/20/2022,STP,MN,AGL,CE,Towers with Radar,0,25,45,2,72,0,4,22,32,58,0,29,67,34,130,34,16,50,180
12/21/2022,STP,MN,AGL,CE,Towers with Radar,0,3,16,0,19,0,0,0,0,0,0,3,16,0,19,0,0,0,19
12/22/2022,STP,MN,AGL,CE,Towers with Radar,1,11,26,0,38,0,0,4,2,6,1,11,30,2,44,8,0,8,52
12/23/2022,STP,MN,AGL,CE,Towers with Radar,0,7,9,0,16,0,0,0,0,0,0,7,9,0,16,0,0,0,16
12/24/2022,STP,MN,AGL,CE,Towers with Radar,0,13,21,0,34,0,4,0,0,4,0,17,21,0,38,0,0,0,38
12/25/2022,STP,MN,AGL,CE,Towers with Radar,0,9,4,0,13,0,1,0,0,1,0,10,4,0,14,0,0,0,14
12/26/2022,STP,MN,AGL,CE,Towers with Radar,0,19,35,0,54,0,1,23,0,24,0,20,58,0,78,32,0,32,110
12/27/2022,STP,MN,AGL,CE,Towers with Radar,0,30,35,4,69,0,1,19,2,22,0,31,54,6,91,28,0,28,119
12/28/2022,STP,MN,AGL,CE,Towers with Radar,0,15,26,0,41,0,5,24,10,39,0,20,50,10,80,26,0,26,106
12/29/2022,STP,MN,AGL,CE,Towers with Radar,0,20,16,2,38,0,3,7,9,19,0,23,23,11,57,10,0,10,67
12/30/2022,STP,MN,AGL,CE,Towers with Radar,0,30,32,0,62,0,0,18,0,18,0,30,50,0,80,8,0,8,88
12/31/2022,STP,MN,AGL,CE,Towers with Radar,0,8,13,0,21,0,1,12,0,13,0,9,25,0,34,6,0,6,40
01/01/2023,STP,MN,AGL,CE,Towers with Radar,0,34,42,0,76,0,0,5,0,5,0,34,47,0,81,8,0,8,89
01/02/2023,STP,MN,AGL,CE,Towers with Radar,0,8,68,0,76,0,0,0,0,0,0,8,68,0,76,0,0,0,76
01/03/2023,STP,MN,AGL,CE,Towers with Radar,0,6,12,0,18,0,0,0,0,0,0,6,12,0,18,0,0,0,18
01/04/2023,STP,MN,AGL,CE,Towers with Radar,0,10,26,0,36,0,0,5,0,5,0,10,31,0,41,12,0,12,53
01/05/2023,STP,MN,AGL,CE,Towers with Radar,0,23,20,4,47,0,1,4,0,5,0,24,24,4,52,0,24,24,76
01/06/2023,STP,MN,AGL,CE,Towers with Radar,0,4,29,5,38,0,0,17,0,17,0,4,46,5,55,22,0,22,77
01/07/2023,STP,MN,AGL,CE,Towers with Radar,0,15,17,2,34,0,1,14,0,15,0,16,31,2,49,10,0,10,59
01/08/2023,STP,MN,AGL,CE,Towers with Radar,0,7,26,2,35,0,0,21,0,21,0,7,47,2,56,24,0,24,80
01/09/2023,STP,MN,AGL,CE,Towers with Radar,0,12,39,6,57,0,0,11,0,11,0,12,50,6,68,58,0,58,126
01/10/2023,STP,MN,AGL,CE,Towers with Radar,0,14,31,0,45,0,0,0,0,0,0,14,31,0,45,0,0,0,45
01/11/2023,STP,MN,AGL,CE,Towers with Radar,0,10,15,0,25,0,0,0,3,3,0,10,15,3,28,0,30,30,58
01/12/2023,STP,MN,AGL,CE,Towers with Radar,0,17,32,7,56,0,0,25,8,33,0,17,57,15,89,30,4,34,123
01/13/2023,STP,MN,AGL,CE,Towers with Radar,0,13,37,4,54,0,0,4,2,6,0,13,41,6,60,0,14,14,74
01/14/2023,STP,MN,AGL,CE,Towers with Radar,0,13,43,0,56,0,4,50,0,54,0,17,93,0,110,60,0,60,170
01/15/2023,STP,MN,AGL,CE,Towers with Radar,0,29,68,0,97,0,1,30,0,31,0,30,98,0,128,54,0,54,182
01/16/2023,STP,MN,AGL,CE,Towers with Radar,0,14,23,0,37,0,1,0,0,1,0,15,23,0,38,0,0,0,38
01/17/2023,STP,MN,AGL,CE,Towers with Radar,0,14,34,13,61,0,0,6,5,11,0,14,40,18,72,0,30,30,102
01/18/2023,STP,MN,AGL,CE,Towers with Radar,0,20,39,1,60,0,1,7,16,24,0,21,46,17,84,40,24,64,148
01/19/2023,STP,MN,AGL,CE,Towers with Radar,0,8,26,0,34,0,0,0,1,1,0,8,26,1,35,0,22,22,57
01/20/2023,STP,MN,AGL,CE,Towers with Radar,0,17,19,0,36,0,0,9,3,12,0,17,28,3,48,10,0,10,58
01/21/2023,STP,MN,AGL,CE,Towers with Radar,0,7,20,2,29,0,0,1,0,1,0,7,21,2,30,0,0,0,30
01/22/2023,STP,MN,AGL,CE,Towers with Radar,0,16,19,1,36,0,0,0,0,0,0,16,19,1,36,10,0,10,46
01/23/2023,STP,MN,AGL,CE,Towers with Radar,0,12,27,1,40,0,0,10,2,12,0,12,37,3,52,0,0,0,52
01/24/2023,STP,MN,AGL,CE,Towers with Radar,0,21,50,0,71,0,0,27,9,36,0,21,77,9,107,34,4,38,145
01/25/2023,STP,MN,AGL,CE,Towers with Radar,2,5,38,5,50,0,0,3,7,10,2,5,41,12,60,0,0,0,60
01/26/2023,STP,MN,AGL,CE,Towers with Radar,0,27,39,3,69,0,0,14,14,28,0,27,53,17,97,34,14,48,145
01/27/2023,STP,MN,AGL,CE,Towers with Radar,1,14,29,1,45,0,1,12,0,13,1,15,41,1,58,10,0,10,68
01/28/2023,STP,MN,AGL,CE,Towers with Radar,0,10,21,1,32,0,2,54,25,81,0,12,75,26,113,12,0,12,125
01/29/2023,STP,MN,AGL,CE,Towers with Radar,2,18,29,0,49,0,7,24,0,31,2,25,53,0,80,34,0,34,114
01/30/2023,STP,MN,AGL,CE,Towers with Radar,0,6,55,7,68,0,6,17,2,25,0,12,72,9,93,16,0,16,109
01/31/2023,STP,MN,AGL,CE,Towers with Radar,0,18,32,2,52,0,5,37,8,50,0,23,69,10,102,8,0,8,110
02/01/2023,STP,MN,AGL,CE,Towers with Radar,1,12,20,0,33,0,1,20,11,32,1,13,40,11,65,34,2,36,101
02/02/2023,STP,MN,AGL,CE,Towers with Radar,0,34,38,2,74,0,1,20,11,32,0,35,58,13,106,12,0,12,118
02/03/2023,STP,MN,AGL,CE,Towers with Radar,1,16,35,0,52,0,1,62,2,65,1,17,97,2,117,28,0,28,145
02/04/2023,STP,MN,AGL,CE,Towers with Radar,0,12,12,2,26,0,0,77,0,77,0,12,89,2,103,18,0,18,121
02/05/2023,STP,MN,AGL,CE,Towers with Radar,0,15,36,0,51,0,2,25,4,31,0,17,61,4,82,36,0,36,118
02/06/2023,STP,MN,AGL,CE,Towers with Radar,0,10,20,2,32,0,0,3,0,3,0,10,23,2,35,0,0,0,35
02/07/2023,STP,MN,AGL,CE,Towers with Radar,0,14,42,4,60,0,3,30,10,43,0,17,72,14,103,42,0,42,145
02/08/2023,STP,MN,AGL,CE,Towers with Radar,0,21,37,1,59,0,4,32,9,45,0,25,69,10,104,32,0,32,136
02/09/2023,STP,MN,AGL,CE,Towers with Radar,0,23,40,4,67,0,1,12,9,22,0,24,52,13,89,12,18,30,119
02/10/2023,STP,MN,AGL,CE,Towers with Radar,2,28,46,5,81,0,0,21,1,22,2,28,67,6,103,18,0,18,121
02/11/2023,STP,MN,AGL,CE,Towers with Radar,1,8,16,0,25,0,2,78,0,80,1,10,94,0,105,14,0,14,119
02/12/2023,STP,MN,AGL,CE,Towers with Radar,0,8,30,0,38,0,2,31,0,33,0,10,61,0,71,51,0,51,122
02/13/2023,STP,MN,AGL,CE,Towers with Radar,2,21,48,0,71,0,2,33,4,39,2,23,81,4,110,26,0,26,136
02/14/2023,STP,MN,AGL,CE,Towers with Radar,1,19,32,1,53,0,0,2,3,5,1,19,34,4,58,4,32,36,94
02/15/2023,STP,MN,AGL,CE,Towers with Radar,1,8,30,1,40,0,0,8,8,16,1,8,38,9,56,14,0,14,70
02/16/2023,STP,MN,AGL,CE,Towers with Radar,0,20,35,2,57,0,5,21,20,46,0,25,56,22,103,28,2,30,133
02/17/2023,STP,MN,AGL,CE,Towers with Radar,0,28,36,2,66,0,0,17,2,19,0,28,53,4,85,32,0,32,117
02/18/2023,STP,MN,AGL,CE,Towers with Radar,0,16,23,0,39,0,1,65,0,66,0,17,88,0,105,26,0,26,131
02/19/2023,STP,MN,AGL,CE,Towers with Radar,0,12,24,0,36,0,0,18,0,18,0,12,42,0,54,6,0,6,60
02/20/2023,STP,MN,AGL,CE,Towers with Radar,1,22,20,0,43,0,2,1,0,3,1,24,21,0,46,0,0,0,46
02/21/2023,STP,MN,AGL,CE,Towers with Radar,0,6,30,0,36,0,0,10,2,12,0,6,40,2,48,0,0,0,48
02/22/2023,STP,MN,AGL,CE,Towers with Radar,0,6,10,0,16,0,0,0,0,0,0,6,10,0,16,0,0,0,16
02/23/2023,STP,MN,AGL,CE,Towers with Radar,0,8,6,0,14,0,0,2,0,2,0,8,8,0,16,0,0,0,16
02/24/2023,STP,MN,AGL,CE,Towers with Radar,1,12,20,0,33,0,0,11,6,17,1,12,31,6,50,16,6,22,72
02/25/2023,STP,MN,AGL,CE,Towers with Radar,1,7,10,0,18,0,1,39,0,40,1,8,49,0,58,18,0,18,76
02/26/2023,STP,MN,AGL,CE,Towers with Radar,2,13,31,0,46,0,4,34,2,40,2,17,65,2,86,28,0,28,114
02/27/2023,STP,MN,AGL,CE,Towers with Radar,0,23,23,0,46,0,0,0,0,0,0,23,23,0,46,0,0,0,46
02/28/2023,STP,MN,AGL,CE,Towers with Radar,0,16,34,3,53,0,0,27,13,40,0,16,61,16,93,30,16,46,139
03/01/2023,STP,MN,AGL,CE,Towers with Radar,2,16,32,2,52,0,0,1,5,6,2,16,33,7,58,0,26,26,84
03/02/2023,STP,MN,AGL,CE,Towers with Radar,2,16,42,2,62,0,2,10,18,30,2,18,52,20,92,12,10,22,114
03/03/2023,STP,MN,AGL,CE,Towers with Radar,0,20,26,6,52,0,3,14,1,18,0,23,40,7,70,16,0,16,86
03/04/2023,STP,MN,AGL,CE,Towers with Radar,0,12,30,0,42,0,4,55,0,59,0,16,85,0,101,32,0,32,133
03/05/2023,STP,MN,AGL,CE,Towers with Radar,0,12,27,0,39,0,0,12,0,12,0,12,39,0,51,0,0,0,51
03/06/2023,STP,MN,AGL,CE,Towers with Radar,0,8,21,3,32,0,2,4,1,7,0,10,25,4,39,8,0,8,47
03/07/2023,STP,MN,AGL,CE,Towers with Radar,0,22,33,3,58,0,0,25,11,36,0,22,58,14,94,44,0,44,138
03/08/2023,STP,MN,AGL,CE,Towers with Radar,0,13,42,2,57,0,1,11,2,14,0,14,53,4,71,16,0,16,87
03/09/2023,STP,MN,AGL,CE,Towers with Radar,1,4,33,0,38,0,0,0,0,0,1,4,33,0,38,0,0,0,38
03/10/2023,STP,MN,AGL,CE,Towers with Radar,0,6,25,0,31,0,0,15,1,16,0,6,40,1,47,28,0,28,75
03/11/2023,STP,MN,AGL,CE,Towers with Radar,0,9,12,1,22,0,0,0,0,0,0,9,12,1,22,0,0,0,22
03/12/2023,STP,MN,AGL,CE,Towers with Radar,0,16,27,2,45,0,0,0,0,0,0,16,27,2,45,0,0,0,45
03/13/2023,STP,MN,AGL,CE,Towers with Radar,0,20,30,2,52,0,2,23,4,29,0,22,53,6,81,16,0,16,97
03/14/2023,STP,MN,AGL,CE,Towers with Radar,0,33,37,4,74,0,4,18,12,34,0,37,55,16,108,6,10,16,124
03/15/2023,STP,MN,AGL,CE,Towers with Radar,1,27,53,1,82,0,1,19,14,34,1,28,72,15,116,44,0,44,160
03/16/2023,STP,MN,AGL,CE,Towers with Radar,0,13,26,0,39,0,0,0,0,0,0,13,26,0,39,0,0,0,39
03/17/2023,STP,MN,AGL,CE,Towers with Radar,0,10,30,1,41,0,0,3,1,4,0,10,33,2,45,0,0,0,45
03/18/2023,STP,MN,AGL,CE,Towers with Radar,0,13,18,0,31,0,6,43,0,49,0,19,61,0,80,26,0,26,106
03/19/2023,STP,MN,AGL,CE,Towers with Radar,0,13,23,0,36,0,12,23,0,35,0,25,46,0,71,28,0,28,99
03/20/2023,STP,MN,AGL,CE,Towers with Radar,0,18,25,4,47,0,3,23,4,30,0,21,48,8,77,32,0,32,109
03/21/2023,STP,MN,AGL,CE,Towers with Radar,0,12,24,7,43,0,1,7,11,19,0,13,31,18,62,36,10,46,108
03/22/2023,STP,MN,AGL,CE,Towers with Radar,0,13,23,0,36,0,0,7,13,20,0,13,30,13,56,32,7,39,95
03/23/2023,STP,MN,AGL,CE,Towers with Radar,0,25,33,4,62,0,3,30,18,51,0,28,63,22,113,62,14,76,189
03/24/2023,STP,MN,AGL,CE,Towers with Radar,0,30,23,3,56,0,2,24,4,30,0,32,47,7,86,68,0,68,154
03/25/2023,STP,MN,AGL,CE,Towers with Radar,1,11,20,0,32,0,0,57,0,57,1,11,77,0,89,34,0,34,123
03/26/2023,STP,MN,AGL,CE,Towers with Radar,0,11,38,0,49,0,28,33,0,61,0,39,71,0,110,8,0,8,118
03/27/2023,STP,MN,AGL,CE,Towers with Radar,0,23,40,0,63,0,0,36,2,38,0,23,76,2,101,36,0,36,137
03/28/2023,STP,MN,AGL,CE,Towers with Radar,0,22,44,0,66,0,0,16,21,37,0,22,60,21,103,10,24,34,137
03/29/2023,STP,MN,AGL,CE,Towers with Radar,0,16,44,2,62,0,2,25,9,36,0,18,69,11,98,22,0,22,120
03/30/2023,STP,MN,AGL,CE,Towers with Radar,0,13,27,6,46,0,0,9,3,12,0,13,36,9,58,8,8,16,74
03/31/2023,STP,MN,AGL,CE,Towers with Radar,0,19,18,1,38,0,0,0,0,0,0,19,18,1,38,0,0,0,38
04/01/2023,STP,MN,AGL,CE,Towers with Radar,0,33,13,0,46,0,1,28,0,29,0,34,41,0,75,18,0,18,93
04/02/2023,STP,MN,AGL,CE,Towers with Radar,0,14,16,0,30,0,0,13,0,13,0,14,29,0,43,0,0,0,43
04/03/2023,STP,MN,AGL,CE,Towers with Radar,2,16,25,0,43,0,0,18,3,21,2,16,43,3,64,22,0,22,86
04/04/2023,STP,MN,AGL,CE,Towers with Radar,0,7,33,2,42,0,0,0,4,4,0,7,33,6,46,4,0,4,50
04/05/2023,STP,MN,AGL,CE,Towers with Radar,0,10,15,1,26,0,0,6,11,17,0,10,21,12,43,0,12,12,55
04/06/2023,STP,MN,AGL,CE,Towers with Radar,1,16,35,2,54,0,0,21,11,32,1,16,56,13,86,32,6,38,124
04/07/2023,STP,MN,AGL,CE,Towers with Radar,0,16,33,4,53,0,0,29,0,29,0,16,62,4,82,24,0,24,106
04/08/2023,STP,MN,AGL,CE,Towers with Radar,0,14,22,0,36,0,5,47,0,52,0,19,69,0,88,14,0,14,102
04/09/2023,STP,MN,AGL,CE,Towers with Radar,0,10,15,0,25,0,1,8,0,9,0,11,23,0,34,0,0,0,34
04/10/2023,STP,MN,AGL,CE,Towers with Radar,0,17,44,0,61,0,0,33,5,38,0,17,77,5,99,22,0,22,121
04/11/2023,STP,MN,AGL,CE,Towers with Radar,1,25,51,2,79,0,0,26,23,49,1,25,77,25,128,28,14,42,170
04/12/2023,STP,MN,AGL,CE,Towers with Radar,0,22,44,2,68,0,4,31,15,50,0,26,75,17,118,4,0,4,122
04/13/2023,STP,MN,AGL,CE,Towers with Radar,0,19,40,1,60,0,1,29,16,46,0,20,69,17,106,12,10,22,128
04/14/2023,STP,MN,AGL,CE,Towers with Radar,0,11,27,0,38,0,0,18,11,29,0,11,45,11,67,18,0,18,85
04/15/2023,STP,MN,AGL,CE,Towers with Radar,1,9,25,0,35,0,0,0,0,0,1,9,25,0,35,0,0,0,35
04/16/2023,STP,MN,AGL,CE,Towers with Radar,0,8,12,0,20,0,0,0,0,0,0,8,12,0,20,0,0,0,20
04/17/2023,STP,MN,AGL,CE,Towers with Radar,0,18,26,2,46,0,2,12,6,20,0,20,38,8,66,28,4,32,98
04/18/2023,STP,MN,AGL,CE,Towers with Radar,0,3,13,5,21,0,0,11,15,26,0,3,24,20,47,0,0,0,47
04/19/2023,STP,MN,AGL,CE,Towers with Radar,0,16,30,0,46,0,2,3,5,10,0,18,33,5,56,2,0,2,58
04/20/2023,STP,MN,AGL,CE,Towers with Radar,0,15,26,2,43,0,0,0,0,0,0,15,26,2,43,0,0,0,43
04/21/2023,STP,MN,AGL,CE,Towers with Radar,1,10,12,0,23,0,0,7,0,7,1,10,19,0,30,0,0,0,30
04/22/2023,STP,MN,AGL,CE,Towers with Radar,0,7,8,0,15,0,1,53,0,54,0,8,61,0,69,8,0,8,77
04/23/2023,STP,MN,AGL,CE,Towers with Radar,0,14,37,0,51,0,4,28,0,32,0,18,65,0,83,32,0,32,115
04/24/2023,STP,MN,AGL,CE,Towers with Radar,1,18,43,2,64,0,0,20,3,23,1,18,63,5,87,16,0,16,103
04/25/2023,STP,MN,AGL,CE,Towers with Radar,0,13,35,4,52,0,1,41,17,59,0,14,76,21,111,22,0,22,133
04/26/2023,STP,MN,AGL,CE,Towers with Radar,0,6,35,2,43,0,2,31,2,35,0,8,66,4,78,38,0,38,116
04/27/2023,STP,MN,AGL,CE,Towers with Radar,0,13,37,2,52,0,0,20,2,22,0,13,57,4,74,44,6,50,124
04/28/2023,STP,MN,AGL,CE,Towers with Radar,0,20,33,0,53,0,1,3,0,4,0,21,36,0,57,0,0,0,57
04/29/2023,STP,MN,AGL,CE,Towers with Radar,0,6,17,0,23,0,0,6,0,6,0,6,23,0,29,0,0,0,29
04/30/2023,STP,MN,AGL,CE,Towers with Radar,0,11,9,0,20,0,2,0,6,8,0,13,9,6,28,0,0,0,28
05/01/2023,STP,MN,AGL,CE,Towers with Radar,0,14,35,0,49,0,1,6,1,8,0,15,41,1,57,2,0,2,59
05/02/2023,STP,MN,AGL,CE,Towers with Radar,0,21,34,2,57,0,2,27,4,33,0,23,61,6,90,22,0,22,112
05/03/2023,STP,MN,AGL,CE,Towers with Radar,0,16,33,0,49,0,0,24,1,25,0,16,57,1,74,14,0,14,88
05/04/2023,STP,MN,AGL,CE,Towers with Radar,0,17,48,2,67,0,4,27,0,31,0,21,75,2,98,12,0,12,110
05/05/2023,STP,MN,AGL,CE,Towers with Radar,0,19,34,2,55,0,2,6,3,11,0,21,40,5,66,10,0,10,76
05/06/2023,STP,MN,AGL,CE,Towers with Radar,0,9,19,0,28,0,0,2,0,2,0,9,21,0,30,0,0,0,30
05/07/2023,STP,MN,AGL,CE,Towers with Radar,0,16,22,0,38,0,2,27,0,29,0,18,49,0,67,34,0,34,101
05/08/2023,STP,MN,AGL,CE,Towers with Radar,0,20,41,1,62,0,0,15,4,19,0,20,56,5,81,22,0,22,103
05/09/2023,STP,MN,AGL,CE,Towers with Radar,0,16,51,2,69,0,0,19,15,34,0,16,70,17,103,38,2,40,143
05/10/2023,STP,MN,AGL,CE,Towers with Radar,0,16,44,5,65,0,2,35,19,56,0,18,79,24,121,66,14,80,201
05/11/2023,STP,MN,AGL,CE,Towers with Radar,0,22,50,1,73,0,1,20,16,37,0,23,70,17,110,29,0,29,139
05/12/2023,STP,MN,AGL,CE,Towers with Radar,0,14,41,1,56,0,1,25,6,32,0,15,66,7,88,28,0,28,116
05/13/2023,STP,MN,AGL,CE,Towers with Radar,0,10,28,0,38,0,0,31,0,31,0,10,59,0,69,22,0,22,91
05/14/2023,STP,MN,AGL,CE,Towers with Radar,0,6,26,0,32,0,17,13,0,30,0,23,39,0,62,0,0,0,62
05/15/2023,STP,MN,AGL,CE,Towers with Radar,1,19,43,2,65,0,8,39,6,53,1,27,82,8,118,42,0,42,160
05/16/2023,STP,MN,AGL,CE,Towers with Radar,0,26,37,3,66,0,0,38,15,53,0,26,75,18,119,22,2,24,143
05/17/2023,STP,MN,AGL,CE,Towers with Radar,1,12,57,0,70,0,1,48,14,63,1,13,105,14,133,42,0,42,175
05/18/2023,STP,MN,AGL,CE,Towers with Radar,0,15,56,3,74,0,1,16,2,19,0,16,72,5,93,18,0,18,111
05/19/2023,STP,MN,AGL,CE,Towers with Radar,2,8,34,0,44,0,0,30,0,30,2,8,64,0,74,31,0,31,105
05/20/2023,STP,MN,AGL,CE,Towers with Radar,0,8,20,0,28,0,18,81,5,104,0,26,101,5,132,18,0,18,150
05/21/2023,STP,MN,AGL,CE,Towers with Radar,0,14,23,0,37,0,2,51,3,56,0,16,74,3,93,30,0,30,123
05/22/2023,STP,MN,AGL,CE,Towers with Radar,0,16,42,1,59,0,3,26,0,29,0,19,68,1,88,6,0,6,94
05/23/2023,STP,MN,AGL,CE,Towers with Radar,0,15,47,1,63,0,6,35,2,43,0,21,82,3,106,28,0,28,134
05/24/2023,STP,MN,AGL,CE,Towers with Radar,0,34,61,3,98,0,5,31,2,38,0,39,92,5,136,22,0,22,158
05/25/2023,STP,MN,AGL,CE,Towers with Radar,0,16,64,7,87,0,8,24,13,45,0,24,88,20,132,34,6,40,172
05/26/2023,STP,MN,AGL,CE,Towers with Radar,0,20,46,0,66,0,2,40,0,42,0,22,86,0,108,12,0,12,120
05/27/2023,STP,MN,AGL,CE,Towers with Radar,0,8,19,0,27,0,8,59,2,69,0,16,78,2,96,48,0,48,144
05/28/2023,STP,MN,AGL,CE,Towers with Radar,0,8,11,0,19,0,10,39,0,49,0,18,50,0,68,2,0,2,70
05/29/2023,STP,MN,AGL,CE,Towers with Radar,0,16,26,0,42,0,1,25,0,26,0,17,51,0,68,14,0,14,82
05/30/2023,STP,MN,AGL,CE,Towers with Radar,0,19,52,1,72,0,1,14,2,17,0,20,66,3,89,0,0,0,89
05/31/2023,STP,MN,AGL,CE,Towers with Radar,0,15,56,5,76,0,0,32,5,37,0,15,88,10,113,8,10,18,131
06/01/2023,STP,MN,AGL,CE,Towers with Radar,0,14,39,2,55,0,1,26,4,31,0,15,65,6,86,4,6,10,96
06/02/2023,STP,MN,AGL,CE,Towers with Radar,0,12,49,0,61,0,0,27,0,27,0,12,76,0,88,10,0,10,98
06/03/2023,STP,MN,AGL,CE,Towers with Radar,0,12,14,0,26,0,7,71,0,78,0,19,85,0,104,64,0,64,168
06/04/2023,STP,MN,AGL,CE,Towers with Radar,0,15,20,1,36,0,1,35,0,36,0,16,55,1,72,26,0,26,98
06/05/2023,STP,MN,AGL,CE,Towers with Radar,0,9,35,1,45,0,0,23,4,27,0,9,58,5,72,14,0,14,86
06/06/2023,STP,MN,AGL,CE,Towers with Radar,0,16,55,2,73,0,2,40,17,59,0,18,95,19,132,44,0,44,176
06/07/2023,STP,MN,AGL,CE,Towers with Radar,0,11,65,2,78,0,1,25,4,30,0,12,90,6,108,16,0,16,124
06/08/2023,STP,MN,AGL,CE,Towers with Radar,0,20,55,2,77,0,1,24,4,29,0,21,79,6,106,32,0,32,138
06/09/2023,STP,MN,AGL,CE,Towers with Radar,0,15,36,0,51,0,0,36,4,40,0,15,72,4,91,48,2,50,141
06/10/2023,STP,MN,AGL,CE,Towers with Radar,0,10,22,0,32,0,0,11,0,11,0,10,33,0,43,6,0,6,49
06/11/2023,STP,MN,AGL,CE,Towers with Radar,0,9,27,0,36,0,8,9,0,17,0,17,36,0,53,8,0,8,61
06/12/2023,STP,MN,AGL,CE,Towers with Radar,0,10,39,0,49,0,3,29,2,34,0,13,68,2,83,32,0,32,115
06/13/2023,STP,MN,AGL,CE,Towers with Radar,0,24,36,0,60,0,2,38,1,41,0,26,74,1,101,40,0,40,141
06/14/2023,STP,MN,AGL,CE,Towers with Radar,0,16,45,0,61,0,1,14,1,16,0,17,59,1,77,6,0,6,83
06/15/2023,STP,MN,AGL,CE,Towers with Radar,0,27,47,0,74,0,3,27,2,32,0,30,74,2,106,56,0,56,162
06/16/2023,STP,MN,AGL,CE,Towers with Radar,0,13,47,2,62,0,6,35,0,41,0,19,82,2,103,36,0,36,139
06/17/2023,STP,MN,AGL,CE,Towers with Radar,0,5,13,0,18,0,0,52,1,53,0,5,65,1,71,42,0,42,113
06/18/2023,STP,MN,AGL,CE,Towers with Radar,0,17,18,0,35,0,0,24,0,24,0,17,42,0,59,14,0,14,73
06/19/2023,STP,MN,AGL,CE,Towers with Radar,1,13,45,0,59,0,4,35,0,39,1,17,80,0,98,28,0,28,126
06/20/2023,STP,MN,AGL,CE,Towers with Radar,1,10,42,1,54,0,2,24,1,27,1,12,66,2,81,30,0,30,111
06/21/2023,STP,MN,AGL,CE,Towers with Radar,0,11,43,2,56,0,3,39,9,51,0,14,82,11,107,20,6,26,133
06/22/2023,STP,MN,AGL,CE,Towers with Radar,0,19,56,2,77,0,0,37,4,41,0,19,93,6,118,50,2,52,170
06/23/2023,STP,MN,AGL,CE,Towers with Radar,0,22,44,0,66,0,2,29,2,33,0,24,73,2,99,25,0,25,124
06/24/2023,STP,MN,AGL,CE,Towers with Radar,1,10,19,0,30,0,1,20,0,21,1,11,39,0,51,20,0,20,71
06/25/2023,STP,MN,AGL,CE,Towers with Radar,1,15,30,0,46,0,0,2,2,4,1,15,32,2,50,0,0,0,50
06/26/2023,STP,MN,AGL,CE,Towers with Radar,0,6,35,0,41,0,4,24,2,30,0,10,59,2,71,24,0,24,95
06/27/2023,STP,MN,AGL,CE,Towers with Radar,0,18,65,5,88,0,9,23,5,37,0,27,88,10,125,24,0,24,149
06/28/2023,STP,MN,AGL,CE,Towers with Radar,0,17,47,3,67,0,0,2,9,11,0,17,49,12,78,0,0,0,78
06/29/2023,STP,MN,AGL,CE,Towers with Radar,0,14,52,2,68,0,7,32,13,52,0,21,84,15,120,52,0,52,172
06/30/2023,STP,MN,AGL,CE,Towers with Radar,0,17,27,0,44,0,1,39,1,41,0,18,66,1,85,28,0,28,113
07/01/2023,STP,MN,AGL,CE,Towers with Radar,0,11,37,0,48,0,0,67,0,67,0,11,104,0,115,16,0,16,131
07/02/2023,STP,MN,AGL,CE,Towers with Radar,0,13,12,0,25,0,0,22,0,22,0,13,34,0,47,20,0,20,67
07/03/2023,STP,MN,AGL,CE,Towers with Radar,0,7,23,0,30,0,0,27,0,27,0,7,50,0,57,16,0,16,73
07/04/2023,STP,MN,AGL,CE,Towers with Radar,0,11,13,0,24,0,1,12,0,13,0,12,25,0,37,2,0,2,39
07/05/2023,STP,MN,AGL,CE,Towers with Radar,0,13,37,2,52,0,6,16,4,26,0,19,53,6,78,26,12,38,116
07/06/2023,STP,MN,AGL,CE,Towers with Radar,0,14,31,0,45,0,2,35,6,43,0,16,66,6,88,54,0,54,142
07/07/2023,STP,MN,AGL,CE,Towers with Radar,0,14,36,1,51,0,4,34,5,43,0,18,70,6,94,30,0,30,124
07/08/2023,STP,MN,AGL,CE,Towers with Radar,0,9,26,0,35,0,5,82,0,87,0,14,108,0,122,12,0,12,134
07/09/2023,STP,MN,AGL,CE,Towers with Radar,0,10,28,2,40,0,0,29,0,29,0,10,57,2,69,8,0,8,77
07/10/2023,STP,MN,AGL,CE,Towers with Radar,0,12,37,0,49,0,4,13,1,18,0,16,50,1,67,0,0,0,67
07/11/2023,STP,MN,AGL,CE,Towers with Radar,1,18,35,1,55,0,2,24,12,38,1,20,59,13,93,28,2,30,123
07/12/2023,STP,MN,AGL,CE,Towers with Radar,1,16,53,3,73,0,7,39,11,57,1,23,92,14,130,68,4,72,202
07/13/2023,STP,MN,AGL,CE,Towers with Radar,0,14,38,0,52,0,6,19,5,30,0,20,57,5,82,56,0,56,138
07/14/2023,STP,MN,AGL,CE,Towers with Radar,0,6,36,0,42,0,3,17,5,25,0,9,53,5,67,2,0,2,69
07/15/2023,STP,MN,AGL,CE,Towers with Radar,2,12,23,0,37,0,5,64,0,69,2,17,87,0,106,4,0,4,110
07/16/2023,STP,MN,AGL,CE,Towers with Radar,1,16,37,0,54,0,5,17,1,23,1,21,54,1,77,4,0,4,81
07/17/2023,STP,MN,AGL,CE,Towers with Radar,0,17,56,0,73,0,1,30,3,34,0,18,86,3,107,26,0,26,133
07/18/2023,STP,MN,AGL,CE,Towers with Radar,0,13,46,1,60,0,1,28,9,38,0,14,74,10,98,36,0,36,134
07/19/2023,STP,MN,AGL,CE,Towers with Radar,0,17,41,1,59,0,4,20,15,39,0,21,61,16,98,20,0,20,118
07/20/2023,STP,MN,AGL,CE,Towers with Radar,0,16,54,0,70,0,1,35,8,44,0,17,89,8,114,55,0,55,169
07/21/2023,STP,MN,AGL,CE,Towers with Radar,0,12,52,2,66,0,2,30,4,36,0,14,82,6,102,36,0,36,138
07/22/2023,STP,MN,AGL,CE,Towers with Radar,0,10,22,0,32,0,5,10,2,17,0,15,32,2,49,4,0,4,53
07/23/2023,STP,MN,AGL,CE,Towers with Radar,0,18,37,0,55,0,0,41,2,43,0,18,78,2,98,28,0,28,126
07/24/2023,STP,MN,AGL,CE,Towers with Radar,0,11,42,0,53,0,2,25,5,32,0,13,67,5,85,38,0,38,123
07/25/2023,STP,MN,AGL,CE,Towers with Radar,0,12,63,2,77,0,1,43,9,53,0,13,106,11,130,62,0,62,192
07/26/2023,STP,MN,AGL,CE,Towers with Radar,0,13,43,0,56,0,2,16,7,25,0,15,59,7,81,18,0,18,99
07/27/2023,STP,MN,AGL,CE,Towers with Radar,1,15,39,0,55,0,8,13,14,35,1,23,52,14,90,14,0,14,104
07/28/2023,STP,MN,AGL,CE,Towers with Radar,0,10,54,0,64,0,2,30,2,34,0,12,84,2,98,46,0,46,144
07/29/2023,STP,MN,AGL,CE,Towers with Radar,1,4,19,0,24,0,3,59,0,62,1,7,78,0,86,34,0,34,120
07/30/2023,STP,MN,AGL,CE,Towers with Radar,0,9,36,0,45,0,0,22,0,22,0,9,58,0,67,18,0,18,85
07/31/2023,STP,MN,AGL,CE,Towers with Radar,2,15,42,0,59,0,8,16,2,26,2,23,58,2,85,34,0,34,119
08/01/2023,STP,MN,AGL,CE,Towers with Radar,1,29,36,0,66,0,0,25,11,36,1,29,61,11,102,50,6,56,158
08/02/2023,STP,MN,AGL,CE,Towers with Radar,0,11,43,0,54,0,4,20,4,28,0,15,63,4,82,36,0,36,118
08/03/2023,STP,MN,AGL,CE,Towers with Radar,0,22,47,0,69,0,0,14,11,25,0,22,61,11,94,38,18,56,150
08/04/2023,STP,MN,AGL,CE,Towers with Radar,0,19,32,0,51,0,4,42,1,47,0,23,74,1,98,74,0,74,172
08/05/2023,STP,MN,AGL,CE,Towers with Radar,0,19,23,0,42,0,0,32,0,32,0,19,55,0,74,24,0,24,98
08/06/2023,STP,MN,AGL,CE,Towers with Radar,0,16,39,0,55,0,0,6,0,6,0,16,45,0,61,8,0,8,69
08/07/2023,STP,MN,AGL,CE,Towers with Radar,0,18,37,0,55,0,8,28,6,42,0,26,65,6,97,34,0,34,131
08/08/2023,STP,MN,AGL,CE,Towers with Radar,0,18,54,4,76,0,8,37,14,59,0,26,91,18,135,26,0,26,161
08/09/2023,STP,MN,AGL,CE,Towers with Radar,0,14,43,0,57,0,1,37,15,53,0,15,80,15,110,32,0,32,142
08/10/2023,STP,MN,AGL,CE,Towers with Radar,0,15,41,0,56,0,3,35,3,41,0,18,76,3,97,76,0,76,173
08/11/2023,STP,MN,AGL,CE,Towers with Radar,0,13,40,0,53,0,3,26,4,33,0,16,66,4,86,38,0,38,124
08/12/2023,STP,MN,AGL,CE,Towers with Radar,0,10,11,0,21,0,4,65,2,71,0,14,76,2,92,18,0,18,110
08/13/2023,STP,MN,AGL,CE,Towers with Radar,0,10,29,0,39,0,0,19,0,19,0,10,48,0,58,2,0,2,60
08/14/2023,STP,MN,AGL,CE,Towers with Radar,0,10,53,0,63,0,1,37,0,38,0,11,90,0,101,30,0,30,131
08/15/2023,STP,MN,AGL,CE,Towers with Radar,0,25,58,4,87,0,15,71,5,91,0,40,129,9,178,64,0,64,242
08/16/2023,STP,MN,AGL,CE,Towers with Radar,0,14,39,2,55,0,0,26,17,43,0,14,65,19,98,30,2,32,130
08/17/2023,STP,MN,AGL,CE,Towers with Radar,0,23,40,2,65,0,11,39,9,59,0,34,79,11,124,28,0,28,152
08/18/2023,STP,MN,AGL,CE,Towers with Radar,0,14,39,1,54,0,3,40,2,45,0,17,79,3,99,36,0,36,135
08/19/2023,STP,MN,AGL,CE,Towers with Radar,0,16,26,0,42,0,15,73,1,89,0,31,99,1,131,26,0,26,157
08/20/2023,STP,MN,AGL,CE,Towers with Radar,0,10,25,0,35,0,7,13,0,20,0,17,38,0,55,2,0,2,57
08/21/2023,STP,MN,AGL,CE,Towers with Radar,0,16,51,0,67,0,4,13,1,18,0,20,64,1,85,12,0,12,97
08/22/2023,STP,MN,AGL,CE,Towers with Radar,0,19,63,0,82,0,4,25,11,40,0,23,88,11,122,6,0,6,128
08/23/2023,STP,MN,AGL,CE,Towers with Radar,0,25,45,3,73,0,2,37,19,58,0,27,82,22,131,16,0,16,147
08/24/2023,STP,MN,AGL,CE,Towers with Radar,2,16,43,4,65,0,4,17,11,32,2,20,60,15,97,4,27,31,128
08/25/2023,STP,MN,AGL,CE,Towers with Radar,0,20,30,0,50,0,0,24,1,25,0,20,54,1,75,36,0,36,111
08/26/2023,STP,MN,AGL,CE,Towers with Radar,0,12,37,0,49,0,4,48,0,52,0,16,85,0,101,14,0,14,115
08/27/2023,STP,MN,AGL,CE,Towers with Radar,0,11,26,0,37,0,3,26,0,29,0,14,52,0,66,13,0,13,79
08/28/2023,STP,MN,AGL,CE,Towers with Radar,0,10,33,0,43,0,3,21,5,29,0,13,54,5,72,16,0,16,88
08/29/2023,STP,MN,AGL,CE,Towers with Radar,0,21,46,0,67,0,0,33,12,45,0,21,79,12,112,24,0,24,136
08/30/2023,STP,MN,AGL,CE,Towers with Radar,0,12,65,3,80,0,1,34,11,46,0,13,99,14,126,48,4,52,178
08/31/2023,STP,MN,AGL,CE,Towers with Radar,1,19,61,0,81,0,1,29,1,31,1,20,90,1,112,12,0,12,124
01/01/2020,STP,MN,AGL,CE,Towers with Radar,0,10,18,0,28,0,1,17,0,18,0,11,35,0,46,8,0,8,54
01/02/2020,STP,MN,AGL,CE,Towers with Radar,0,5,20,0,25,0,5,18,7,30,0,10,38,7,55,40,66,106,161
01/03/2020,STP,MN,AGL,CE,Towers with Radar,0,8,8,0,16,0,0,4,0,4,0,8,12,0,20,20,0,20,40
01/04/2020,STP,MN,AGL,CE,Towers with Radar,0,13,18,0,31,0,1,67,0,68,0,14,85,0,99,40,0,40,139
01/05/2020,STP,MN,AGL,CE,Towers with Radar,0,11,23,0,34,0,0,7,0,7,0,11,30,0,41,2,0,2,43
01/06/2020,STP,MN,AGL,CE,Towers with Radar,0,12,45,0,57,0,5,27,0,32,0,17,72,0,89,22,0,22,111
01/07/2020,STP,MN,AGL,CE,Towers with Radar,0,8,35,2,45,0,0,13,7,20,0,8,48,9,65,16,8,24,89
01/08/2020,STP,MN,AGL,CE,Towers with Radar,0,8,53,1,62,0,3,19,2,24,0,11,72,3,86,12,6,18,104
01/09/2020,STP,MN,AGL,CE,Towers with Radar,0,6,41,0,47,0,1,8,0,9,0,7,49,0,56,52,0,52,108
01/10/2020,STP,MN,AGL,CE,Towers with Radar,0,7,26,2,35,0,0,23,1,24,0,7,49,3,59,56,0,56,115
01/11/2020,STP,MN,AGL,CE,Towers with Radar,0,7,16,0,23,0,0,43,0,43,0,7,59,0,66,16,0,16,82
01/12/2020,STP,MN,AGL,CE,Towers with Radar,0,9,32,0,41,0,2,11,0,13,0,11,43,0,54,0,0,0,54
01/13/2020,STP,MN,AGL,CE,Towers with Radar,0,11,25,2,38,0,2,3,5,10,0,13,28,7,48,0,6,6,54
01/14/2020,STP,MN,AGL,CE,Towers with Radar,0,14,37,0,51,0,3,14,4,21,0,17,51,4,72,4,0,4,76
01/15/2020,STP,MN,AGL,CE,Towers with Radar,0,9,29,3,41,0,0,3,4,7,0,9,32,7,48,4,20,24,72
01/16/2020,STP,MN,AGL,CE,Towers with Radar,0,13,58,0,71,0,8,12,2,22,0,21,70,2,93,12,0,12,105
01/17/2020,STP,MN,AGL,CE,Towers with Radar,0,6,21,0,27,0,0,4,2,6,0,6,25,2,33,14,0,14,47
01/18/2020,STP,MN,AGL,CE,Towers with Radar,0,3,7,0,10,0,0,0,0,0,0,3,7,0,10,0,0,0,10
01/19/2020,STP,MN,AGL,CE,Towers with Radar,0,9,11,0,20,0,0,2,0,2,0,9,13,0,22,14,0,14,36
01/20/2020,STP,MN,AGL,CE,Towers with Radar,0,14,38,0,52,0,2,15,0,17,0,16,53,0,69,32,0,32,101
01/21/2020,STP,MN,AGL,CE,Towers with Radar,0,8,47,0,55,0,0,15,0,15,0,8,62,0,70,0,0,0,70
01/22/2020,STP,MN,AGL,CE,Towers with Radar,0,10,35,0,45,0,0,0,0,0,0,10,35,0,45,2,0,2,47
01/23/2020,STP,MN,AGL,CE,Towers with Radar,0,7,37,0,44,0,1,0,0,1,0,8,37,0,45,0,0,0,45
01/24/2020,STP,MN,AGL,CE,Towers with Radar,0,8,36,0,44,0,0,0,0,0,0,8,36,0,44,0,0,0,44
01/25/2020,STP,MN,AGL,CE,Towers with Radar,0,4,5,0,9,0,0,10,0,10,0,4,15,0,19,18,0,18,37
01/26/2020,STP,MN,AGL,CE,Towers with Radar,0,5,20,0,25,0,0,2,0,2,0,5,22,0,27,2,0,2,29
01/27/2020,STP,MN,AGL,CE,Towers with Radar,0,6,24,0,30,0,0,0,0,0,0,6,24,0,30,0,0,0,30
01/28/2020,STP,MN,AGL,CE,Towers with Radar,0,17,36,2,55,0,2,7,0,9,0,19,43,2,64,0,16,16,80
01/29/2020,STP,MN,AGL,CE,Towers with Radar,0,18,38,0,56,0,3,1,2,6,0,21,39,2,62,4,20,24,86
01/30/2020,STP,MN,AGL,CE,Towers with Radar,0,15,46,0,61,0,0,0,0,0,0,15,46,0,61,0,0,0,61
01/31/2020,STP,MN,AGL,CE,Towers with Radar,0,18,40,0,58,0,0,2,0,2,0,18,42,0,60,6,0,6,66
02/01/2020,STP,MN,AGL,CE,Towers with Radar,0,12,42,0,54,0,5,37,0,42,0,17,79,0,96,28,0,28,124
02/02/2020,STP,MN,AGL,CE,Towers with Radar,0,6,31,0,37,0,0,7,0,7,0,6,38,0,44,14,0,14,58
02/03/2020,STP,MN,AGL,CE,Towers with Radar,0,16,32,0,48,0,0,26,0,26,0,16,58,0,74,36,0,36,110
02/04/2020,STP,MN,AGL,CE,Towers with Radar,0,12,62,12,86,0,0,21,0,21,0,12,83,12,107,22,0,22,129
02/05/2020,STP,MN,AGL,CE,Towers with Radar,0,9,45,4,58,0,4,24,5,33,0,13,69,9,91,52,4,56,147
02/06/2020,STP,MN,AGL,CE,Towers with Radar,0,6,51,2,59,0,0,22,0,22,0,6,73,2,81,24,0,24,105
02/07/2020,STP,MN,AGL,CE,Towers with Radar,0,11,26,0,37,0,0,13,0,13,0,11,39,0,50,0,0,0,50
02/08/2020,STP,MN,AGL,CE,Towers with Radar,0,3,31,0,34,0,4,35,4,43,0,7,66,4,77,48,6,54,131
02/09/2020,STP,MN,AGL,CE,Towers with Radar,0,11,21,0,32,0,0,2,0,2,0,11,23,0,34,0,0,0,34
02/10/2020,STP,MN,AGL,CE,Towers with Radar,0,9,27,0,36,0,0,9,0,9,0,9,36,0,45,8,0,8,53
02/11/2020,STP,MN,AGL,CE,Towers with Radar,0,18,73,1,92,0,3,16,2,21,0,21,89,3,113,0,0,0,113
02/12/2020,STP,MN,AGL,CE,Towers with Radar,0,13,32,0,45,0,1,6,4,11,0,14,38,4,56,8,0,8,64
02/13/2020,STP,MN,AGL,CE,Towers with Radar,0,19,43,0,62,0,2,7,6,15,0,21,50,6,77,0,2,2,79
02/14/2020,STP,MN,AGL,CE,Towers with Radar,0,15,46,2,63,0,0,56,0,56,0,15,102,2,119,10,0,10,129
02/15/2020,STP,MN,AGL,CE,Towers with Radar,0,12,30,0,42,0,1,33,0,34,0,13,63,0,76,62,0,62,138
02/16/2020,STP,MN,AGL,CE,Towers with Radar,0,12,28,0,40,0,1,25,0,26,0,13,53,0,66,34,0,34,100
02/17/2020,STP,MN,AGL,CE,Towers with Radar,0,4,43,0,47,0,0,6,4,10,0,4,49,4,57,6,0,6,63
02/18/2020,STP,MN,AGL,CE,Towers with Radar,0,12,28,2,42,0,2,11,6,19,0,14,39,8,61,14,0,14,75
02/19/2020,STP,MN,AGL,CE,Towers with Radar,0,9,55,0,64,0,1,16,2,19,0,10,71,2,83,28,12,40,123
02/20/2020,STP,MN,AGL,CE,Towers with Radar,0,4,56,3,63,0,1,27,2,30,0,5,83,5,93,6,0,6,99
02/21/2020,STP,MN,AGL,CE,Towers with Radar,0,13,58,0,71,0,4,36,0,40,0,17,94,0,111,40,0,40,151
02/22/2020,STP,MN,AGL,CE,Towers with Radar,0,11,18,0,29,0,24,46,4,74,0,35,64,4,103,18,0,18,121
02/23/2020,STP,MN,AGL,CE,Towers with Radar,0,11,46,0,57,0,7,38,0,45,0,18,84,0,102,38,0,38,140
02/24/2020,STP,MN,AGL,CE,Towers with Radar,0,10,37,2,49,0,2,21,0,23,0,12,58,2,72,22,0,22,94
02/25/2020,STP,MN,AGL,CE,Towers with Radar,0,16,38,0,54,0,0,20,2,22,0,16,58,2,76,22,0,22,98
02/26/2020,STP,MN,AGL,CE,Towers with Radar,0,10,48,0,58,0,2,23,2,27,0,12,71,2,85,16,12,28,113
02/27/2020,STP,MN,AGL,CE,Towers with Radar,0,14,43,0,57,0,0,18,0,18,0,14,61,0,75,30,0,30,105
02/28/2020,STP,MN,AGL,CE,Towers with Radar,0,15,44,0,59,0,0,26,2,28,0,15,70,2,87,36,0,36,123
02/29/2020,STP,MN,AGL,CE,Towers with Radar,0,12,23,0,35,0,0,32,0,32,0,12,55,0,67,44,0,44,111
03/01/2020,STP,MN,AGL,CE,Towers with Radar,0,6,34,0,40,0,0,36,0,36,0,6,70,0,76,6,0,6,82
03/02/2020,STP,MN,AGL,CE,Towers with Radar,0,13,47,0,60,0,0,27,1,28,0,13,74,1,88,42,0,42,130
03/03/2020,STP,MN,AGL,CE,Towers with Radar,0,9,65,2,76,0,2,15,1,18,0,11,80,3,94,14,0,14,108
03/04/2020,STP,MN,AGL,CE,Towers with Radar,0,7,56,0,63,0,2,23,0,25,0,9,79,0,88,16,0,16,104
03/05/2020,STP,MN,AGL,CE,Towers with Radar,0,20,41,4,65,0,2,4,2,8,0,22,45,6,73,0,4,4,77
03/06/2020,STP,MN,AGL,CE,Towers with Radar,0,8,43,2,53,0,7,44,3,54,0,15,87,5,107,56,0,56,163
03/07/2020,STP,MN,AGL,CE,Towers with Radar,0,6,34,0,40,0,9,45,0,54,0,15,79,0,94,12,0,12,106
03/08/2020,STP,MN,AGL,CE,Towers with Radar,0,8,28,0,36,0,1,18,0,19,0,9,46,0,55,2,0,2,57
03/09/2020,STP,MN,AGL,CE,Towers with Radar,0,18,46,0,64,0,1,17,0,18,0,19,63,0,82,22,0,22,104
03/10/2020,STP,MN,AGL,CE,Towers with Radar,0,6,50,0,56,0,3,27,4,34,0,9,77,4,90,0,0,0,90
03/11/2020,STP,MN,AGL,CE,Towers with Radar,0,16,56,2,74,0,3,24,2,29,0,19,80,4,103,24,0,24,127
03/12/2020,STP,MN,AGL,CE,Towers with Radar,0,9,35,0,44,0,0,1,0,1,0,9,36,0,45,0,0,0,45
03/13/2020,STP,MN,AGL,CE,Towers with Radar,0,10,31,1,42,0,2,27,0,29,0,12,58,1,71,6,0,6,77
03/14/2020,STP,MN,AGL,CE,Towers with Radar,0,8,20,0,28,0,1,30,0,31,0,9,50,0,59,14,0,14,73
03/15/2020,STP,MN,AGL,CE,Towers with Radar,0,12,26,1,39,0,2,39,0,41,0,14,65,1,80,70,0,70,150
03/16/2020,STP,MN,AGL,CE,Towers with Radar,0,10,26,0,36,0,0,2,0,2,0,10,28,0,38,0,0,0,38
03/17/2020,STP,MN,AGL,CE,Towers with Radar,0,3,18,0,21,0,0,10,0,10,0,3,28,0,31,18,0,18,49
03/18/2020,STP,MN,AGL,CE,Towers with Radar,0,13,21,0,34,0,0,1,0,1,0,13,22,0,35,0,0,0,35
03/19/2020,STP,MN,AGL,CE,Towers with Radar,0,4,21,0,25,0,0,0,0,0,0,4,21,0,25,0,0,0,25
03/20/2020,STP,MN,AGL,CE,Towers with Radar,0,7,20,0,27,0,0,25,0,25,0,7,45,0,52,28,0,28,80
03/21/2020,STP,MN,AGL,CE,Towers with Radar,0,2,14,0,16,0,0,13,0,13,0,2,27,0,29,28,0,28,57
03/22/2020,STP,MN,AGL,CE,Towers with Radar,0,10,10,0,20,0,0,10,0,10,0,10,20,0,30,2,0,2,32
03/23/2020,STP,MN,AGL,CE,Towers with Radar,0,2,13,0,15,0,5,5,0,10,0,7,18,0,25,26,0,26,51
03/24/2020,STP,MN,AGL,CE,Towers with Radar,0,9,23,2,34,0,0,5,5,10,0,9,28,7,44,6,0,6,50
03/25/2020,STP,MN,AGL,CE,Towers with Radar,0,7,11,0,18,0,0,1,0,1,0,7,12,0,19,0,0,0,19
03/26/2020,STP,MN,AGL,CE,Towers with Radar,0,3,22,2,27,0,0,15,7,22,0,3,37,9,49,44,6,50,99
03/27/2020,STP,MN,AGL,CE,Towers with Radar,0,4,21,2,27,0,2,28,2,32,0,6,49,4,59,35,0,35,94
03/28/2020,STP,MN,AGL,CE,Towers with Radar,0,5,1,0,6,0,0,0,0,0,0,5,1,0,6,0,0,0,6
03/29/2020,STP,MN,AGL,CE,Towers with Radar,0,3,5,0,8,0,0,4,0,4,0,3,9,0,12,0,0,0,12
03/30/2020,STP,MN,AGL,CE,Towers with Radar,0,2,9,0,11,0,1,28,2,31,0,3,37,2,42,56,0,56,98
03/31/2020,STP,MN,AGL,CE,Towers with Radar,0,3,14,2,19,0,0,21,4,25,0,3,35,6,44,26,0,26,70
04/01/2020,STP,MN,AGL,CE,Towers with Radar,0,3,14,0,17,0,0,7,2,9,0,3,21,2,26,10,0,10,36
04/02/2020,STP,MN,AGL,CE,Towers with Radar,0,2,7,2,11,0,0,6,3,9,0,2,13,5,20,10,10,20,40
04/03/2020,STP,MN,AGL,CE,Towers with Radar,0,7,7,0,14,0,0,0,0,0,0,7,7,0,14,0,0,0,14
04/04/2020,STP,MN,AGL,CE,Towers with Radar,0,5,7,2,14,0,0,25,0,25,0,5,32,2,39,52,0,52,91
04/05/2020,STP,MN,AGL,CE,Towers with Radar,0,4,14,0,18,0,3,12,0,15,0,7,26,0,33,10,0,10,43
04/06/2020,STP,MN,AGL,CE,Towers with Radar,0,1,12,0,13,0,1,6,7,14,0,2,18,7,27,22,22,44,71
04/07/2020,STP,MN,AGL,CE,Towers with Radar,0,8,9,2,19,0,2,7,5,14,0,10,16,7,33,26,18,44,77
04/08/2020,STP,MN,AGL,CE,Towers with Radar,0,2,21,0,23,0,0,17,11,28,0,2,38,11,51,36,14,50,101
04/09/2020,STP,MN,AGL,CE,Towers with Radar,0,2,9,0,11,0,1,5,5,11,0,3,14,5,22,0,0,0,22
04/10/2020,STP,MN,AGL,CE,Towers with Radar,0,7,12,0,19,0,0,22,2,24,0,7,34,2,43,64,0,64,107
04/11/2020,STP,MN,AGL,CE,Towers with Radar,0,0,5,0,5,0,0,30,0,30,0,0,35,0,35,36,0,36,71
04/12/2020,STP,MN,AGL,CE,Towers with Radar,0,0,3,0,3,0,0,0,0,0,0,0,3,0,3,0,0,0,3
04/13/2020,STP,MN,AGL,CE,Towers with Radar,0,1,9,0,10,0,1,4,0,5,0,2,13,0,15,18,0,18,33
04/14/2020,STP,MN,AGL,CE,Towers with Radar,0,6,15,6,27,0,1,5,0,6,0,7,20,6,33,2,0,2,35
04/15/2020,STP,MN,AGL,CE,Towers with Radar,0,0,10,6,16,0,0,3,2,5,0,0,13,8,21,0,0,0,21
04/16/2020,STP,MN,AGL,CE,Towers with Radar,0,6,20,2,28,0,0,21,8,29,0,6,41,10,57,24,14,38,95
04/17/2020,STP,MN,AGL,CE,Towers with Radar,0,2,9,0,11,0,1,30,2,33,0,3,39,2,44,26,0,26,70
04/18/2020,STP,MN,AGL,CE,Towers with Radar,0,1,10,0,11,0,0,22,2,24,0,1,32,2,35,30,0,30,65
04/19/2020,STP,MN,AGL,CE,Towers with Radar,0,5,9,0,14,0,0,20,0,20,0,5,29,0,34,18,0,18,52
04/20/2020,STP,MN,AGL,CE,Towers with Radar,0,2,10,0,12,0,0,12,0,12,0,2,22,0,24,26,0,26,50
04/21/2020,STP,MN,AGL,CE,Towers with Radar,0,0,12,3,15,0,0,19,8,27,0,0,31,11,42,28,12,40,82
04/22/2020,STP,MN,AGL,CE,Towers with Radar,0,7,15,2,24,0,0,25,2,27,0,7,40,4,51,30,2,32,83
04/23/2020,STP,MN,AGL,CE,Towers with Radar,0,1,8,0,9,0,3,18,7,28,0,4,26,7,37,2,0,2,39
04/24/2020,STP,MN,AGL,CE,Towers with Radar,0,4,13,0,17,0,0,16,0,16,0,4,29,0,33,26,0,26,59
04/25/2020,STP,MN,AGL,CE,Towers with Radar,0,5,23,0,28,0,2,13,0,15,0,7,36,0,43,10,0,10,53
04/26/2020,STP,MN,AGL,CE,Towers with Radar,0,2,11,0,13,0,0,14,0,14,0,2,25,0,27,36,0,36,63
04/27/2020,STP,MN,AGL,CE,Towers with Radar,0,4,21,2,27,0,0,15,0,15,0,4,36,2,42,10,0,10,52
04/28/2020,STP,MN,AGL,CE,Towers with Radar,0,2,10,0,12,0,0,2,0,2,0,2,12,0,14,0,0,0,14
04/29/2020,STP,MN,AGL,CE,Towers with Radar,0,4,22,0,26,0,3,13,8,24,0,7,35,8,50,4,0,4,54
04/30/2020,STP,MN,AGL,CE,Towers with Radar,0,4,28,0,32,0,0,52,2,54,0,4,80,2,86,38,0,38,124
05/01/2020,STP,MN,AGL,CE,Towers with Radar,0,4,14,0,18,0,1,26,0,27,0,5,40,0,45,30,0,30,75
05/02/2020,STP,MN,AGL,CE,Towers with Radar,0,4,15,0,19,0,2,7,2,11,0,6,22,2,30,4,0,4,34
05/03/2020,STP,MN,AGL,CE,Towers with Radar,0,8,12,0,20,0,1,21,0,22,0,9,33,0,42,10,0,10,52
05/04/2020,STP,MN,AGL,CE,Towers with Radar,0,3,14,0,17,0,0,15,4,19,0,3,29,4,36,46,0,46,82
05/05/2020,STP,MN,AGL,CE,Towers with Radar,0,2,13,0,15,0,0,25,4,29,0,2,38,4,44,28,0,28,72
05/06/2020,STP,MN,AGL,CE,Towers with Radar,0,1,25,0,26,0,0,12,9,21,0,1,37,9,47,0,0,0,47
05/07/2020,STP,MN,AGL,CE,Towers with Radar,0,5,25,0,30,0,0,10,0,10,0,5,35,0,40,10,0,10,50
05/08/2020,STP,MN,AGL,CE,Towers with Radar,0,5,22,1,28,0,2,17,4,23,0,7,39,5,51,6,16,22,73
05/09/2020,STP,MN,AGL,CE,Towers with Radar,0,7,14,0,21,0,0,10,0,10,0,7,24,0,31,34,0,34,65
05/10/2020,STP,MN,AGL,CE,Towers with Radar,0,2,10,0,12,0,1,7,0,8,0,3,17,0,20,0,0,0,20
05/11/2020,STP,MN,AGL,CE,Towers with Radar,0,3,19,2,24,0,0,24,0,24,0,3,43,2,48,0,0,0,48
05/12/2020,STP,MN,AGL,CE,Towers with Radar,0,1,10,0,11,0,0,20,1,21,0,1,30,1,32,28,0,28,60
05/13/2020,STP,MN,AGL,CE,Towers with Radar,0,3,19,1,23,0,0,8,0,8,0,3,27,1,31,14,0,14,45
05/14/2020,STP,MN,AGL,CE,Towers with Radar,0,6,22,4,32,0,0,24,1,25,0,6,46,5,57,32,0,32,89
05/15/2020,STP,MN,AGL,CE,Towers with Radar,0,6,17,0,23,0,2,29,0,31,0,8,46,0,54,10,0,10,64
05/16/2020,STP,MN,AGL,CE,Towers with Radar,0,4,11,0,15,0,3,25,0,28,0,7,36,0,43,58,0,58,101
05/17/2020,STP,MN,AGL,CE,Towers with Radar,0,4,6,0,10,0,1,1,0,2,0,5,7,0,12,0,0,0,12
05/18/2020,STP,MN,AGL,CE,Towers with Radar,0,8,13,0,21,0,0,12,0,12,0,8,25,0,33,54,0,54,87
05/19/2020,STP,MN,AGL,CE,Towers with Radar,0,6,15,6,27,0,1,13,4,18,0,7,28,10,45,6,0,6,51
05/20/2020,STP,MN,AGL,CE,Towers with Radar,0,8,32,1,41,0,2,19,3,24,0,10,51,4,65,2,0,2,67
05/21/2020,STP,MN,AGL,CE,Towers with Radar,0,7,34,0,41,0,0,18,2,20,0,7,52,2,61,10,0,10,71
05/22/2020,STP,MN,AGL,CE,Towers with Radar,0,7,21,2,30,0,1,16,1,18,0,8,37,3,48,20,0,20,68
05/23/2020,STP,MN,AGL,CE,Towers with Radar,0,6,14,0,20,0,1,4,0,5,0,7,18,0,25,24,0,24,49
05/24/2020,STP,MN,AGL,CE,Towers with Radar,0,6,17,0,23,0,0,4,0,4,0,6,21,0,27,0,0,0,27
05/25/2020,STP,MN,AGL,CE,Towers with Radar,0,5,26,0,31,0,0,6,0,6,0,5,32,0,37,10,0,10,47
05/26/2020,STP,MN,AGL,CE,Towers with Radar,0,9,27,0,36,0,0,8,2,10,0,9,35,2,46,42,0,42,88
05/27/2020,STP,MN,AGL,CE,Towers with Radar,0,11,19,2,32,0,2,6,5,13,0,13,25,7,45,8,2,10,55
05/28/2020,STP,MN,AGL,CE,Towers with Radar,0,8,26,0,34,0,0,26,8,34,0,8,52,8,68,40,0,40,108
05/29/2020,STP,MN,AGL,CE,Towers with Radar,0,5,39,0,44,0,6,18,7,31,0,11,57,7,75,22,0,22,97
05/30/2020,STP,MN,AGL,CE,Towers with Radar,0,6,15,0,21,0,2,22,7,31,0,8,37,7,52,24,0,24,76
05/31/2020,STP,MN,AGL,CE,Towers with Radar,0,4,27,0,31,0,1,24,14,39,0,5,51,14,70,8,0,8,78
06/01/2020,STP,MN,AGL,CE,Towers with Radar,0,12,48,3,63,0,0,16,9,25,0,12,64,12,88,12,0,12,100
06/02/2020,STP,MN,AGL,CE,Towers with Radar,0,6,16,0,22,0,2,14,2,18,0,8,30,2,40,8,0,8,48
06/03/2020,STP,MN,AGL,CE,Towers with Radar,0,5,26,1,32,0,1,16,1,18,0,6,42,2,50,48,0,48,98
06/04/2020,STP,MN,AGL,CE,Towers with Radar,0,6,43,0,49,0,2,30,8,40,0,8,73,8,89,24,0,24,113
06/05/2020,STP,MN,AGL,CE,Towers with Radar,0,4,23,0,27,0,0,25,8,33,0,4,48,8,60,24,0,24,84
06/06/2020,STP,MN,AGL,CE,Towers with Radar,0,8,14,0,22,0,0,28,8,36,0,8,42,8,58,72,0,72,130
06/07/2020,STP,MN,AGL,CE,Towers with Radar,0,4,18,0,22,0,1,8,0,9,0,5,26,0,31,8,0,8,39
06/08/2020,STP,MN,AGL,CE,Towers with Radar,0,5,14,0,19,0,0,9,0,9,0,5,23,0,28,4,0,4,32
06/09/2020,STP,MN,AGL,CE,Towers with Radar,0,4,21,0,25,0,1,6,0,7,0,5,27,0,32,22,0,22,54
06/10/2020,STP,MN,AGL,CE,Towers with Radar,0,7,26,2,35,0,3,4,2,9,0,10,30,4,44,0,0,0,44
06/11/2020,STP,MN,AGL,CE,Towers with Radar,0,15,24,2,41,0,0,12,2,14,0,15,36,4,55,18,0,18,73
06/12/2020,STP,MN,AGL,CE,Towers with Radar,0,7,52,0,59,0,0,23,0,23,0,7,75,0,82,32,0,32,114
06/13/2020,STP,MN,AGL,CE,Towers with Radar,0,7,18,0,25,0,5,11,0,16,0,12,29,0,41,6,0,6,47
06/14/2020,STP,MN,AGL,CE,Towers with Radar,0,5,10,4,19,0,0,9,7,16,0,5,19,11,35,50,0,50,85
06/15/2020,STP,MN,AGL,CE,Towers with Radar,0,5,29,2,36,0,2,24,4,30,0,7,53,6,66,20,10,30,96
06/16/2020,STP,MN,AGL,CE,Towers with Radar,0,10,26,1,37,0,3,6,1,10,0,13,32,2,47,4,0,4,51
06/17/2020,STP,MN,AGL,CE,Towers with Radar,0,9,13,2,24,0,0,26,0,26,0,9,39,2,50,62,0,62,112
06/18/2020,STP,MN,AGL,CE,Towers with Radar,0,6,22,0,28,0,2,9,0,11,0,8,31,0,39,2,0,2,41
06/19/2020,STP,MN,AGL,CE,Towers with Radar,0,11,32,0,43,0,5,25,2,32,0,16,57,2,75,32,0,32,107
06/20/2020,STP,MN,AGL,CE,Towers with Radar,0,3,14,0,17,0,1,10,6,17,0,4,24,6,34,0,0,0,34
06/21/2020,STP,MN,AGL,CE,Towers with Radar,0,11,19,0,30,0,0,14,0,14,0,11,33,0,44,22,0,22,66
06/22/2020,STP,MN,AGL,CE,Towers with Radar,0,10,29,0,39,0,0,18,8,26,0,10,47,8,65,26,0,26,91
06/23/2020,STP,MN,AGL,CE,Towers with Radar,0,9,19,0,28,0,0,15,2,17,0,9,34,2,45,22,0,22,67
06/24/2020,STP,MN,AGL,CE,Towers with Radar,0,9,17,2,28,0,3,17,15,35,0,12,34,17,63,20,0,20,83
06/25/2020,STP,MN,AGL,CE,Towers with Radar,0,13,17,2,32,0,4,16,1,21,0,17,33,3,53,46,0,46,99
06/26/2020,STP,MN,AGL,CE,Towers with Radar,0,8,21,0,29,0,1,12,0,13,0,9,33,0,42,22,0,22,64
06/27/2020,STP,MN,AGL,CE,Towers with Radar,0,6,10,0,16,0,1,8,0,9,0,7,18,0,25,70,0,70,95
06/28/2020,STP,MN,AGL,CE,Towers with Radar,0,8,11,0,19,0,0,23,0,23,0,8,34,0,42,62,0,62,104
06/29/2020,STP,MN,AGL,CE,Towers with Radar,0,9,26,0,35,0,0,11,3,14,0,9,37,3,49,11,0,11,60
06/30/2020,STP,MN,AGL,CE,Towers with Radar,0,3,54,2,59,0,1,7,0,8,0,4,61,2,67,16,0,16,83
07/01/2020,STP,MN,AGL,CE,Towers with Radar,0,7,23,0,30,0,2,24,2,28,0,9,47,2,58,12,0,12,70
07/02/2020,STP,MN,AGL,CE,Towers with Radar,0,10,31,0,41,0,1,30,0,31,0,11,61,0,72,10,0,10,82
07/03/2020,STP,MN,AGL,CE,Towers with Radar,0,7,19,0,26,0,2,21,0,23,0,9,40,0,49,38,0,38,87
07/04/2020,STP,MN,AGL,CE,Towers with Radar,0,2,12,0,14,0,0,10,0,10,0,2,22,0,24,0,0,0,24
07/05/2020,STP,MN,AGL,CE,Towers with Radar,0,8,11,0,19,0,0,11,0,11,0,8,22,0,30,16,0,16,46
07/06/2020,STP,MN,AGL,CE,Towers with Radar,0,6,31,0,37,0,1,15,0,16,0,7,46,0,53,6,0,6,59
07/07/2020,STP,MN,AGL,CE,Towers with Radar,0,5,30,0,35,0,1,7,0,8,0,6,37,0,43,2,0,2,45
07/08/2020,STP,MN,AGL,CE,Towers with Radar,0,13,42,0,55,0,0,15,0,15,0,13,57,0,70,26,0,26,96
07/09/2020,STP,MN,AGL,CE,Towers with Radar,0,7,41,5,53,0,0,13,4,17,0,7,54,9,70,26,0,26,96
07/10/2020,STP,MN,AGL,CE,Towers with Radar,0,7,22,0,29,0,0,24,0,24,0,7,46,0,53,34,0,34,87
07/11/2020,STP,MN,AGL,CE,Towers with Radar,0,6,10,0,16,0,0,16,0,16,0,6,26,0,32,16,0,16,48
07/12/2020,STP,MN,AGL,CE,Towers with Radar,0,7,12,0,19,0,2,25,4,31,0,9,37,4,50,32,0,32,82
07/13/2020,STP,MN,AGL,CE,Towers with Radar,0,5,24,0,29,0,1,21,0,22,0,6,45,0,51,38,10,48,99
07/14/2020,STP,MN,AGL,CE,Towers with Radar,0,4,28,0,32,0,1,3,3,7,0,5,31,3,39,0,0,0,39
07/15/2020,STP,MN,AGL,CE,Towers with Radar,0,7,39,4,50,0,0,18,2,20,0,7,57,6,70,10,12,22,92
07/16/2020,STP,MN,AGL,CE,Towers with Radar,0,13,43,0,56,0,0,23,0,23,0,13,66,0,79,24,0,24,103
07/17/2020,STP,MN,AGL,CE,Towers with Radar,0,4,34,2,40,0,0,24,0,24,0,4,58,2,64,16,0,16,80
07/18/2020,STP,MN,AGL,CE,Towers with Radar,0,4,16,0,20,0,2,13,2,17,0,6,29,2,37,22,0,22,59
07/19/2020,STP,MN,AGL,CE,Towers with Radar,0,6,18,0,24,0,0,14,6,20,0,6,32,6,44,4,0,4,48
07/20/2020,STP,MN,AGL,CE,Towers with Radar,0,5,35,2,42,0,0,24,2,26,0,5,59,4,68,20,0,20,88
07/21/2020,STP,MN,AGL,CE,Towers with Radar,0,9,30,2,41,0,1,9,0,10,0,10,39,2,51,16,0,16,67
07/22/2020,STP,MN,AGL,CE,Towers with Radar,0,15,52,0,67,0,1,20,3,24,0,16,72,3,91,38,2,40,131
07/23/2020,STP,MN,AGL,CE,Towers with Radar,0,13,46,3,62,0,2,24,7,33,0,15,70,10,95,36,0,36,131
07/24/2020,STP,MN,AGL,CE,Towers with Radar,0,9,40,0,49,0,0,21,0,21,0,9,61,0,70,36,0,36,106
07/25/2020,STP,MN,AGL,CE,Towers with Radar,0,6,19,0,25,0,2,6,0,8,0,8,25,0,33,4,0,4,37
07/26/2020,STP,MN,AGL,CE,Towers with Radar,0,15,26,0,41,0,1,1,0,2,0,16,27,0,43,0,0,0,43
07/27/2020,STP,MN,AGL,CE,Towers with Radar,0,9,30,0,39,0,0,18,0,18,0,9,48,0,57,10,0,10,67
07/28/2020,STP,MN,AGL,CE,Towers with Radar,0,11,29,2,42,0,0,18,0,18,0,11,47,2,60,52,0,52,112
07/29/2020,STP,MN,AGL,CE,Towers with Radar,0,13,30,0,43,0,1,19,1,21,0,14,49,1,64,37,1,38,102
07/30/2020,STP,MN,AGL,CE,Towers with Radar,0,10,21,2,33,0,1,22,0,23,0,11,43,2,56,8,0,8,64
07/31/2020,STP,MN,AGL,CE,Towers with Radar,0,4,31,0,35,0,3,13,0,16,0,7,44,0,51,51,0,51,102
08/01/2020,STP,MN,AGL,CE,Towers with Radar,0,9,15,0,24,0,0,20,0,20,0,9,35,0,44,34,0,34,78
08/02/2020,STP,MN,AGL,CE,Towers with Radar,0,9,25,0,34,0,0,7,0,7,0,9,32,0,41,18,0,18,59
08/03/2020,STP,MN,AGL,CE,Towers with Radar,0,15,35,0,50,0,2,18,0,20,0,17,53,0,70,28,0,28,98
08/04/2020,STP,MN,AGL,CE,Towers with Radar,0,7,35,0,42,0,1,11,0,12,0,8,46,0,54,0,0,0,54
08/05/2020,STP,MN,AGL,CE,Towers with Radar,0,14,38,0,52,0,0,20,1,21,0,14,58,1,73,16,0,16,89
08/06/2020,STP,MN,AGL,CE,Towers with Radar,0,10,42,2,54,0,2,35,4,41,0,12,77,6,95,31,0,31,126
08/07/2020,STP,MN,AGL,CE,Towers with Radar,0,8,22,0,30,0,2,10,0,12,0,10,32,0,42,24,0,24,66
08/08/2020,STP,MN,AGL,CE,Towers with Radar,0,4,22,0,26,0,1,18,0,19,0,5,40,0,45,16,0,16,61
08/09/2020,STP,MN,AGL,CE,Towers with Radar,0,4,30,0,34,0,0,3,0,3,0,4,33,0,37,0,0,0,37
08/10/2020,STP,MN,AGL,CE,Towers with Radar,0,8,25,0,33,0,0,12,0,12,0,8,37,0,45,8,0,8,53
08/11/2020,STP,MN,AGL,CE,Towers with Radar,0,6,28,4,38,0,0,17,0,17,0,6,45,4,55,14,0,14,69
08/12/2020,STP,MN,AGL,CE,Towers with Radar,0,12,24,1,37,0,0,12,2,14,0,12,36,3,51,6,0,6,57
08/13/2020,STP,MN,AGL,CE,Towers with Radar,0,7,45,0,52,0,2,19,0,21,0,9,64,0,73,38,0,38,111
08/14/2020,STP,MN,AGL,CE,Towers with Radar,0,8,14,2,24,0,1,9,0,10,0,9,23,2,34,22,0,22,56
08/15/2020,STP,MN,AGL,CE,Towers with Radar,0,4,20,0,24,0,2,31,0,33,0,6,51,0,57,90,0,90,147
08/16/2020,STP,MN,AGL,CE,Towers with Radar,0,6,23,0,29,0,1,17,0,18,0,7,40,0,47,20,0,20,67
08/17/2020,STP,MN,AGL,CE,Towers with Radar,0,3,21,0,24,0,1,10,0,11,0,4,31,0,35,2,0,2,37
08/18/2020,STP,MN,AGL,CE,Towers with Radar,0,13,55,0,68,0,1,17,4,22,0,14,72,4,90,32,0,32,122
08/19/2020,STP,MN,AGL,CE,Towers with Radar,0,9,23,0,32,0,2,14,2,18,0,11,37,2,50,12,0,12,62
08/20/2020,STP,MN,AGL,CE,Towers with Radar,0,8,28,0,36,0,0,19,2,21,0,8,47,2,57,32,0,32,89
08/21/2020,STP,MN,AGL,CE,Towers with Radar,0,9,23,0,32,0,1,21,0,22,0,10,44,0,54,49,0,49,103
08/22/2020,STP,MN,AGL,CE,Towers with Radar,0,10,8,0,18,0,0,35,4,39,0,10,43,4,57,8,0,8,65
08/23/2020,STP,MN,AGL,CE,Towers with Radar,0,3,22,0,25,0,0,20,0,20,0,3,42,0,45,54,0,54,99
08/24/2020,STP,MN,AGL,CE,Towers with Radar,0,7,23,2,32,0,3,13,0,16,0,10,36,2,48,8,0,8,56
08/25/2020,STP,MN,AGL,CE,Towers with Radar,0,2,25,0,27,0,1,16,0,17,0,3,41,0,44,54,0,54,98
08/26/2020,STP,MN,AGL,CE,Towers with Radar,0,9,41,0,50,0,1,16,2,19,0,10,57,2,69,6,0,6,75
08/27/2020,STP,MN,AGL,CE,Towers with Radar,0,13,38,0,51,0,1,14,5,20,0,14,52,5,71,0,0,0,71
08/28/2020,STP,MN,AGL,CE,Towers with Radar,0,10,30,0,40,0,1,14,0,15,0,11,44,0,55,10,0,10,65
08/29/2020,STP,MN,AGL,CE,Towers with Radar,0,10,8,0,18,0,0,22,0,22,0,10,30,0,40,12,0,12,52
08/30/2020,STP,MN,AGL,CE,Towers with Radar,0,13,19,2,34,0,0,22,0,22,0,13,41,2,56,8,0,8,64
08/31/2020,STP,MN,AGL,CE,Towers with Radar,0,3,22,0,25,0,2,9,0,11,0,5,31,0,36,0,0,0,36
09/01/2020,STP,MN,AGL,CE,Towers with Radar,0,8,36,6,50,0,1,22,0,23,0,9,58,6,73,42,0,42,115
09/02/2020,STP,MN,AGL,CE,Towers with Radar,0,4,30,0,34,0,0,24,0,24,0,4,54,0,58,32,0,32,90
09/03/2020,STP,MN,AGL,CE,Towers with Radar,0,7,15,2,24,0,1,4,0,5,0,8,19,2,29,4,0,4,33
09/04/2020,STP,MN,AGL,CE,Towers with Radar,0,12,27,0,39,0,0,17,0,17,0,12,44,0,56,24,0,24,80
09/05/2020,STP,MN,AGL,CE,Towers with Radar,0,2,14,0,16,0,4,17,0,21,0,6,31,0,37,34,0,34,71
09/06/2020,STP,MN,AGL,CE,Towers with Radar,0,5,4,0,9,0,2,4,6,12,0,7,8,6,21,0,0,0,21
09/07/2020,STP,MN,AGL,CE,Towers with Radar,0,15,21,0,36,0,1,19,0,20,0,16,40,0,56,16,0,16,72
09/08/2020,STP,MN,AGL,CE,Towers with Radar,0,12,23,0,35,0,1,17,6,24,0,13,40,6,59,12,0,12,71
09/09/2020,STP,MN,AGL,CE,Towers with Radar,0,5,16,2,23,0,1,3,0,4,0,6,19,2,27,16,0,16,43
09/10/2020,STP,MN,AGL,CE,Towers with Radar,0,10,28,1,39,0,3,1,0,4,0,13,29,1,43,0,0,0,43
09/11/2020,STP,MN,AGL,CE,Towers with Radar,0,6,26,0,32,0,2,6,4,12,0,8,32,4,44,0,0,0,44
09/12/2020,STP,MN,AGL,CE,Towers with Radar,0,6,13,0,19,0,0,2,0,2,0,6,15,0,21,0,0,0,21
09/13/2020,STP,MN,AGL,CE,Towers with Radar,0,8,27,0,35,0,0,9,0,9,0,8,36,0,44,0,0,0,44
09/14/2020,STP,MN,AGL,CE,Towers with Radar,0,7,37,0,44,0,0,21,5,26,0,7,58,5,70,2,0,2,72
09/15/2020,STP,MN,AGL,CE,Towers with Radar,0,9,26,1,36,0,3,7,0,10,0,12,33,1,46,18,0,18,64
09/16/2020,STP,MN,AGL,CE,Towers with Radar,0,8,45,3,56,0,0,15,0,15,0,8,60,3,71,30,0,30,101
09/17/2020,STP,MN,AGL,CE,Towers with Radar,0,9,40,0,49,0,2,10,11,23,0,11,50,11,72,6,0,6,78
09/18/2020,STP,MN,AGL,CE,Towers with Radar,0,9,19,2,30,0,2,26,1,29,0,11,45,3,59,6,0,6,65
09/19/2020,STP,MN,AGL,CE,Towers with Radar,0,4,10,0,14,0,4,30,5,39,0,8,40,5,53,28,0,28,81
09/20/2020,STP,MN,AGL,CE,Towers with Radar,0,10,15,0,25,0,3,10,0,13,0,13,25,0,38,8,0,8,46
09/21/2020,STP,MN,AGL,CE,Towers with Radar,0,9,32,0,41,0,2,11,0,13,0,11,43,0,54,18,0,18,72
09/22/2020,STP,MN,AGL,CE,Towers with Radar,0,8,27,0,35,0,0,26,4,30,0,8,53,4,65,16,0,16,81
09/23/2020,STP,MN,AGL,CE,Towers with Radar,0,7,28,0,35,0,3,17,1,21,0,10,45,1,56,18,0,18,74
09/24/2020,STP,MN,AGL,CE,Towers with Radar,0,24,26,0,50,0,3,10,0,13,0,27,36,0,63,10,0,10,73
09/25/2020,STP,MN,AGL,CE,Towers with Radar,0,14,26,0,40,0,3,12,0,15,0,17,38,0,55,2,0,2,57
09/26/2020,STP,MN,AGL,CE,Towers with Radar,0,4,14,0,18,0,0,19,0,19,0,4,33,0,37,8,0,8,45
09/27/2020,STP,MN,AGL,CE,Towers with Radar,0,8,13,0,21,0,0,14,0,14,0,8,27,0,35,10,0,10,45
09/28/2020,STP,MN,AGL,CE,Towers with Radar,0,7,28,0,35,0,0,10,2,12,0,7,38,2,47,4,0,4,51
09/29/2020,STP,MN,AGL,CE,Towers with Radar,0,7,32,2,41,0,0,16,0,16,0,7,48,2,57,18,0,18,75
09/30/2020,STP,MN,AGL,CE,Towers with Radar,0,11,36,0,47,0,6,9,2,17,0,17,45,2,64,2,0,2,66
10/01/2020,STP,MN,AGL,CE,Towers with Radar,0,7,35,0,42,0,1,8,0,9,0,8,43,0,51,10,0,10,61
10/02/2020,STP,MN,AGL,CE,Towers with Radar,0,9,33,0,42,0,0,15,0,15,0,9,48,0,57,14,0,14,71
10/03/2020,STP,MN,AGL,CE,Towers with Radar,0,4,28,0,32,0,4,23,0,27,0,8,51,0,59,4,0,4,63
10/04/2020,STP,MN,AGL,CE,Towers with Radar,0,13,19,0,32,0,2,21,0,23,0,15,40,0,55,6,0,6,61
10/05/2020,STP,MN,AGL,CE,Towers with Radar,0,7,36,2,45,0,2,4,4,10,0,9,40,6,55,8,2,10,65
10/06/2020,STP,MN,AGL,CE,Towers with Radar,0,7,35,2,44,0,1,12,0,13,0,8,47,2,57,22,0,22,79
10/07/2020,STP,MN,AGL,CE,Towers with Radar,0,10,45,0,55,0,0,14,2,16,0,10,59,2,71,12,0,12,83
10/08/2020,STP,MN,AGL,CE,Towers with Radar,0,7,34,1,42,0,2,15,10,27,0,9,49,11,69,38,0,38,107
10/09/2020,STP,MN,AGL,CE,Towers with Radar,0,8,20,0,28,0,4,16,0,20,0,12,36,0,48,4,0,4,52
10/10/2020,STP,MN,AGL,CE,Towers with Radar,0,8,14,0,22,0,3,32,0,35,0,11,46,0,57,36,0,36,93
10/11/2020,STP,MN,AGL,CE,Towers with Radar,0,4,20,0,24,0,1,12,0,13,0,5,32,0,37,6,0,6,43
10/12/2020,STP,MN,AGL,CE,Towers with Radar,0,9,31,0,40,0,4,12,2,18,0,13,43,2,58,0,0,0,58
10/13/2020,STP,MN,AGL,CE,Towers with Radar,0,7,36,0,43,0,2,7,0,9,0,9,43,0,52,4,0,4,56
10/14/2020,STP,MN,AGL,CE,Towers with Radar,0,17,34,2,53,0,0,6,0,6,0,17,40,2,59,0,0,0,59
10/15/2020,STP,MN,AGL,CE,Towers with Radar,0,7,32,0,39,0,0,13,0,13,0,7,45,0,52,18,0,18,70
10/16/2020,STP,MN,AGL,CE,Towers with Radar,0,8,27,0,35,0,0,4,0,4,0,8,31,0,39,4,0,4,43
10/17/2020,STP,MN,AGL,CE,Towers with Radar,0,6,20,0,26,0,2,28,0,30,0,8,48,0,56,6,0,6,62
10/18/2020,STP,MN,AGL,CE,Towers with Radar,0,13,23,0,36,0,1,12,0,13,0,14,35,0,49,0,0,0,49
10/19/2020,STP,MN,AGL,CE,Towers with Radar,1,12,29,0,42,0,0,4,0,4,1,12,33,0,46,2,0,2,48
10/20/2020,STP,MN,AGL,CE,Towers with Radar,0,2,23,0,25,0,1,0,0,1,0,3,23,0,26,0,0,0,26
10/21/2020,STP,MN,AGL,CE,Towers with Radar,0,14,29,2,45,0,0,14,0,14,0,14,43,2,59,32,0,32,91
10/22/2020,STP,MN,AGL,CE,Towers with Radar,0,19,23,0,42,0,0,0,0,0,0,19,23,0,42,0,0,0,42
10/23/2020,STP,MN,AGL,CE,Towers with Radar,0,15,24,0,39,0,2,10,0,12,0,17,34,0,51,20,0,20,71
10/24/2020,STP,MN,AGL,CE,Towers with Radar,0,9,16,0,25,0,0,23,0,23,0,9,39,0,48,18,0,18,66
10/25/2020,STP,MN,AGL,CE,Towers with Radar,0,6,13,0,19,0,0,0,0,0,0,6,13,0,19,0,0,0,19
10/26/2020,STP,MN,AGL,CE,Towers with Radar,0,10,26,2,38,0,1,30,0,31,0,11,56,2,69,48,0,48,117
10/27/2020,STP,MN,AGL,CE,Towers with Radar,0,6,19,0,25,0,1,19,0,20,0,7,38,0,45,16,0,16,61
10/28/2020,STP,MN,AGL,CE,Towers with Radar,0,13,54,1,68,0,1,9,2,12,0,14,63,3,80,22,0,22,102
10/29/2020,STP,MN,AGL,CE,Towers with Radar,0,9,46,0,55,0,1,14,2,17,0,10,60,2,72,6,0,6,78
10/30/2020,STP,MN,AGL,CE,Towers with Radar,0,4,36,1,41,0,1,21,4,26,0,5,57,5,67,26,0,26,93
10/31/2020,STP,MN,AGL,CE,Towers with Radar,0,5,13,0,18,0,3,10,1,14,0,8,23,1,32,2,0,2,34
11/01/2020,STP,MN,AGL,CE,Towers with Radar,0,2,14,0,16,0,0,8,0,8,0,2,22,0,24,2,0,2,26
11/02/2020,STP,MN,AGL,CE,Towers with Radar,0,10,18,0,28,0,1,20,0,21,0,11,38,0,49,24,0,24,73
11/03/2020,STP,MN,AGL,CE,Towers with Radar,0,7,24,0,31,0,3,21,1,25,0,10,45,1,56,12,0,12,68
11/04/2020,STP,MN,AGL,CE,Towers with Radar,0,13,25,2,40,0,1,14,4,19,0,14,39,6,59,0,0,0,59
11/05/2020,STP,MN,AGL,CE,Towers with Radar,0,9,29,2,40,0,3,23,0,26,0,12,52,2,66,44,0,44,110
11/06/2020,STP,MN,AGL,CE,Towers with Radar,0,4,23,0,27,0,7,12,4,23,0,11,35,4,50,4,12,16,66
11/07/2020,STP,MN,AGL,CE,Towers with Radar,1,3,16,0,20,0,4,19,0,23,1,7,35,0,43,6,0,6,49
11/08/2020,STP,MN,AGL,CE,Towers with Radar,0,6,14,0,20,0,4,4,0,8,0,10,18,0,28,2,0,2,30
11/09/2020,STP,MN,AGL,CE,Towers with Radar,0,12,21,0,33,0,0,3,0,3,0,12,24,0,36,0,0,0,36
11/10/2020,STP,MN,AGL,CE,Towers with Radar,0,13,20,0,33,0,1,1,0,2,0,14,21,0,35,0,4,4,39
11/11/2020,STP,MN,AGL,CE,Towers with Radar,0,10,32,0,42,0,2,7,0,9,0,12,39,0,51,16,0,16,67
11/12/2020,STP,MN,AGL,CE,Towers with Radar,0,8,20,0,28,0,5,1,0,6,0,13,21,0,34,0,0,0,34
11/13/2020,STP,MN,AGL,CE,Towers with Radar,0,8,23,0,31,0,4,5,0,9,0,12,28,0,40,0,0,0,40
11/14/2020,STP,MN,AGL,CE,Towers with Radar,0,4,11,0,15,0,0,1,5,6,0,4,12,5,21,0,0,0,21
11/15/2020,STP,MN,AGL,CE,Towers with Radar,0,9,19,0,28,0,1,0,0,1,0,10,19,0,29,0,0,0,29
11/16/2020,STP,MN,AGL,CE,Towers with Radar,0,8,42,0,50,0,0,7,1,8,0,8,49,1,58,0,6,6,64
11/17/2020,STP,MN,AGL,CE,Towers with Radar,0,15,36,2,53,0,6,14,0,20,0,21,50,2,73,22,0,22,95
11/18/2020,STP,MN,AGL,CE,Towers with Radar,0,6,26,0,32,0,1,12,0,13,0,7,38,0,45,12,0,12,57
11/19/2020,STP,MN,AGL,CE,Towers with Radar,0,13,32,2,47,0,5,13,0,18,0,18,45,2,65,20,0,20,85
11/20/2020,STP,MN,AGL,CE,Towers with Radar,0,11,30,0,41,0,7,7,0,14,0,18,37,0,55,6,0,6,61
11/21/2020,STP,MN,AGL,CE,Towers with Radar,0,4,19,0,23,0,1,14,0,15,0,5,33,0,38,28,0,28,66
11/22/2020,STP,MN,AGL,CE,Towers with Radar,0,9,18,0,27,0,2,2,0,4,0,11,20,0,31,0,0,0,31
11/23/2020,STP,MN,AGL,CE,Towers with Radar,0,13,28,0,41,0,0,11,0,11,0,13,39,0,52,26,0,26,78
11/24/2020,STP,MN,AGL,CE,Towers with Radar,0,16,15,0,31,0,0,0,0,0,0,16,15,0,31,0,0,0,31
11/25/2020,STP,MN,AGL,CE,Towers with Radar,0,5,34,0,39,0,0,0,0,0,0,5,34,0,39,0,0,0,39
11/26/2020,STP,MN,AGL,CE,Towers with Radar,0,3,1,0,4,0,0,1,0,1,0,3,2,0,5,0,0,0,5
11/27/2020,STP,MN,AGL,CE,Towers with Radar,0,4,15,0,19,0,0,12,2,14,0,4,27,2,33,30,0,30,63
11/28/2020,STP,MN,AGL,CE,Towers with Radar,0,9,18,0,27,0,1,21,0,22,0,10,39,0,49,58,0,58,107
11/29/2020,STP,MN,AGL,CE,Towers with Radar,0,8,31,0,39,0,0,5,0,5,0,8,36,0,44,0,0,0,44
11/30/2020,STP,MN,AGL,CE,Towers with Radar,0,10,34,0,44,0,3,13,0,16,0,13,47,0,60,46,0,46,106
12/01/2020,STP,MN,AGL,CE,Towers with Radar,0,10,34,0,44,0,4,11,0,15,0,14,45,0,59,4,0,4,63
12/02/2020,STP,MN,AGL,CE,Towers with Radar,0,16,22,0,38,0,2,17,4,23,0,18,39,4,61,30,0,30,91
12/03/2020,STP,MN,AGL,CE,Towers with Radar,0,2,28,0,30,0,2,13,0,15,0,4,41,0,45,4,0,4,49
12/04/2020,STP,MN,AGL,CE,Towers with Radar,0,7,17,0,24,0,4,12,0,16,0,11,29,0,40,18,0,18,58
12/05/2020,STP,MN,AGL,CE,Towers with Radar,0,7,18,0,25,0,0,11,0,11,0,7,29,0,36,30,0,30,66
12/06/2020,STP,MN,AGL,CE,Towers with Radar,0,10,23,0,33,0,0,16,0,16,0,10,39,0,49,10,0,10,59
12/07/2020,STP,MN,AGL,CE,Towers with Radar,0,16,19,0,35,0,0,0,0,0,0,16,19,0,35,0,0,0,35
12/08/2020,STP,MN,AGL,CE,Towers with Radar,0,7,22,4,33,0,0,9,4,13,0,7,31,8,46,4,0,4,50
12/09/2020,STP,MN,AGL,CE,Towers with Radar,0,6,26,3,35,0,1,16,4,21,0,7,42,7,56,42,2,44,100
12/10/2020,STP,MN,AGL,CE,Towers with Radar,0,5,30,0,35,0,1,12,0,13,0,6,42,0,48,18,0,18,66
12/11/2020,STP,MN,AGL,CE,Towers with Radar,0,8,25,0,33,0,1,7,0,8,0,9,32,0,41,0,0,0,41
12/12/2020,STP,MN,AGL,CE,Towers with Radar,0,3,20,0,23,0,0,13,0,13,0,3,33,0,36,6,0,6,42
12/13/2020,STP,MN,AGL,CE,Towers with Radar,0,5,18,2,25,0,0,0,0,0,0,5,18,2,25,0,0,0,25
12/14/2020,STP,MN,AGL,CE,Towers with Radar,0,6,26,0,32,0,0,15,4,19,0,6,41,4,51,29,8,37,88
12/15/2020,STP,MN,AGL,CE,Towers with Radar,0,15,16,0,31,0,3,14,2,19,0,18,30,2,50,15,0,15,65
12/16/2020,STP,MN,AGL,CE,Towers with Radar,0,10,40,2,52,0,4,22,1,27,0,14,62,3,79,42,12,54,133
12/17/2020,STP,MN,AGL,CE,Towers with Radar,0,6,24,5,35,0,0,6,1,7,0,6,30,6,42,10,0,10,52
12/18/2020,STP,MN,AGL,CE,Towers with Radar,0,10,26,0,36,0,0,4,0,4,0,10,30,0,40,4,0,4,44
12/19/2020,STP,MN,AGL,CE,Towers with Radar,0,10,18,0,28,0,0,6,0,6,0,10,24,0,34,0,0,0,34
12/20/2020,STP,MN,AGL,CE,Towers with Radar,0,14,23,0,37,0,1,20,0,21,0,15,43,0,58,27,0,27,85
12/21/2020,STP,MN,AGL,CE,Towers with Radar,0,4,16,1,21,0,0,6,0,6,0,4,22,1,27,8,0,8,35
12/22/2020,STP,MN,AGL,CE,Towers with Radar,0,8,33,0,41,0,2,12,10,24,0,10,45,10,65,0,0,0,65
12/23/2020,STP,MN,AGL,CE,Towers with Radar,0,8,7,0,15,0,0,0,0,0,0,8,7,0,15,0,0,0,15
12/24/2020,STP,MN,AGL,CE,Towers with Radar,0,7,11,0,18,0,1,4,0,5,0,8,15,0,23,0,0,0,23
12/25/2020,STP,MN,AGL,CE,Towers with Radar,0,4,2,0,6,0,0,2,0,2,0,4,4,0,8,2,0,2,10
12/26/2020,STP,MN,AGL,CE,Towers with Radar,0,10,26,0,36,0,0,3,0,3,0,10,29,0,39,0,0,0,39
12/27/2020,STP,MN,AGL,CE,Towers with Radar,0,7,13,0,20,0,0,0,0,0,0,7,13,0,20,0,0,0,20
12/28/2020,STP,MN,AGL,CE,Towers with Radar,0,13,9,1,23,0,2,6,3,11,0,15,15,4,34,6,8,14,48
12/29/2020,STP,MN,AGL,CE,Towers with Radar,0,5,15,0,20,0,0,3,1,4,0,5,18,1,24,9,20,29,53
12/30/2020,STP,MN,AGL,CE,Towers with Radar,0,6,13,2,21,0,0,13,6,19,0,6,26,8,40,14,0,14,54
12/31/2020,STP,MN,AGL,CE,Towers with Radar,0,5,16,0,21,0,0,3,0,3,0,5,19,0,24,0,0,0,24
01/01/2021,STP,MN,AGL,CE,Towers with Radar,0,2,6,0,8,0,0,14,0,14,0,2,20,0,22,10,0,10,32
01/02/2021,STP,MN,AGL,CE,Towers with Radar,0,6,17,0,23,0,0,5,0,5,0,6,22,0,28,20,0,20,48
01/03/2021,STP,MN,AGL,CE,Towers with Radar,0,13,18,0,31,0,0,18,1,19,0,13,36,1,50,6,0,6,56
01/04/2021,STP,MN,AGL,CE,Towers with Radar,0,5,28,0,33,0,0,11,0,11,0,5,39,0,44,14,0,14,58
01/05/2021,STP,MN,AGL,CE,Towers with Radar,0,9,27,0,36,0,1,12,8,21,0,10,39,8,57,4,0,4,61
01/06/2021,STP,MN,AGL,CE,Towers with Radar,0,10,43,4,57,0,0,18,4,22,0,10,61,8,79,12,10,22,101
01/07/2021,STP,MN,AGL,CE,Towers with Radar,0,5,18,2,25,0,0,0,0,0,0,5,18,2,25,0,0,0,25
01/08/2021,STP,MN,AGL,CE,Towers with Radar,0,11,12,3,26,0,0,0,0,0,0,11,12,3,26,0,0,0,26
01/09/2021,STP,MN,AGL,CE,Towers with Radar,0,11,14,0,25,0,0,0,0,0,0,11,14,0,25,0,0,0,25
01/10/2021,STP,MN,AGL,CE,Towers with Radar,0,10,16,0,26,0,0,0,0,0,0,10,16,0,26,0,0,0,26
01/11/2021,STP,MN,AGL,CE,Towers with Radar,0,10,30,2,42,0,0,17,5,22,0,10,47,7,64,56,2,58,122
01/12/2021,STP,MN,AGL,CE,Towers with Radar,0,7,26,0,33,0,0,10,16,26,0,7,36,16,59,0,0,0,59
01/13/2021,STP,MN,AGL,CE,Towers with Radar,0,8,33,4,45,0,4,23,6,33,0,12,56,10,78,34,22,56,134
01/14/2021,STP,MN,AGL,CE,Towers with Radar,0,9,17,2,28,0,0,0,0,0,0,9,17,2,28,0,12,12,40
01/15/2021,STP,MN,AGL,CE,Towers with Radar,0,8,5,1,14,0,0,0,0,0,0,8,5,1,14,0,0,0,14
01/16/2021,STP,MN,AGL,CE,Towers with Radar,0,5,13,0,18,0,0,5,0,5,0,5,18,0,23,0,0,0,23
01/17/2021,STP,MN,AGL,CE,Towers with Radar,0,4,15,0,19,0,0,1,0,1,0,4,16,0,20,0,0,0,20
01/18/2021,STP,MN,AGL,CE,Towers with Radar,0,13,38,0,51,0,0,14,0,14,0,13,52,0,65,48,0,48,113
01/19/2021,STP,MN,AGL,CE,Towers with Radar,0,8,26,3,37,0,0,9,2,11,0,8,35,5,48,0,0,0,48
01/20/2021,STP,MN,AGL,CE,Towers with Radar,0,8,24,5,37,0,0,12,2,14,0,8,36,7,51,12,42,54,105
01/21/2021,STP,MN,AGL,CE,Towers with Radar,0,5,30,1,36,0,0,13,3,16,0,5,43,4,52,0,0,0,52
01/22/2021,STP,MN,AGL,CE,Towers with Radar,0,6,32,0,38,0,1,23,1,25,0,7,55,1,63,20,0,20,83
01/23/2021,STP,MN,AGL,CE,Towers with Radar,0,5,12,0,17,0,0,8,0,8,0,5,20,0,25,22,0,22,47
01/24/2021,STP,MN,AGL,CE,Towers with Radar,0,5,6,0,11,0,0,7,0,7,0,5,13,0,18,8,0,8,26
01/25/2021,STP,MN,AGL,CE,Towers with Radar,0,11,23,0,34,0,0,8,6,14,0,11,31,6,48,18,32,50,98
01/26/2021,STP,MN,AGL,CE,Towers with Radar,0,8,26,6,40,0,1,16,0,17,0,9,42,6,57,28,0,28,85
01/27/2021,STP,MN,AGL,CE,Towers with Radar,0,6,43,3,52,0,0,14,5,19,0,6,57,8,71,16,0,16,87
01/28/2021,STP,MN,AGL,CE,Towers with Radar,0,13,21,0,34,0,0,11,0,11,0,13,32,0,45,0,0,0,45
01/29/2021,STP,MN,AGL,CE,Towers with Radar,0,11,25,0,36,0,1,5,0,6,0,12,30,0,42,12,0,12,54
01/30/2021,STP,MN,AGL,CE,Towers with Radar,0,5,17,0,22,0,0,10,0,10,0,5,27,0,32,0,0,0,32
01/31/2021,STP,MN,AGL,CE,Towers with Radar,0,9,15,0,24,0,0,9,0,9,0,9,24,0,33,0,0,0,33
02/01/2021,STP,MN,AGL,CE,Towers with Radar,0,13,45,2,60,0,2,17,3,22,0,15,62,5,82,10,4,14,96
02/02/2021,STP,MN,AGL,CE,Towers with Radar,0,7,25,1,33,0,0,0,0,0,0,7,25,1,33,0,0,0,33
02/03/2021,STP,MN,AGL,CE,Towers with Radar,0,19,32,4,55,0,0,15,4,19,0,19,47,8,74,30,0,30,104
02/04/2021,STP,MN,AGL,CE,Towers with Radar,0,10,15,0,25,0,1,2,0,3,0,11,17,0,28,0,0,0,28
02/05/2021,STP,MN,AGL,CE,Towers with Radar,0,12,31,0,43,0,1,10,5,16,0,13,41,5,59,18,0,18,77
02/06/2021,STP,MN,AGL,CE,Towers with Radar,0,6,13,0,19,0,0,2,0,2,0,6,15,0,21,0,0,0,21
02/07/2021,STP,MN,AGL,CE,Towers with Radar,0,8,8,0,16,0,2,3,0,5,0,10,11,0,21,22,0,22,43
02/08/2021,STP,MN,AGL,CE,Towers with Radar,0,12,26,2,40,0,12,8,12,32,0,24,34,14,72,16,46,62,134
02/09/2021,STP,MN,AGL,CE,Towers with Radar,0,7,28,0,35,0,0,17,6,23,0,7,45,6,58,0,0,0,58
02/10/2021,STP,MN,AGL,CE,Towers with Radar,0,8,23,2,33,0,7,15,0,22,0,15,38,2,55,16,6,22,77
02/11/2021,STP,MN,AGL,CE,Towers with Radar,0,20,19,9,48,0,0,1,3,4,0,20,20,12,52,0,2,2,54
02/12/2021,STP,MN,AGL,CE,Towers with Radar,0,10,24,0,34,0,1,8,2,11,0,11,32,2,45,14,0,14,59
02/13/2021,STP,MN,AGL,CE,Towers with Radar,0,7,11,0,18,0,0,11,0,11,0,7,22,0,29,26,0,26,55
02/14/2021,STP,MN,AGL,CE,Towers with Radar,0,6,10,0,16,0,3,3,0,6,0,9,13,0,22,0,0,0,22
02/15/2021,STP,MN,AGL,CE,Towers with Radar,0,10,18,0,28,0,0,6,0,6,0,10,24,0,34,4,0,4,38
02/16/2021,STP,MN,AGL,CE,Towers with Radar,0,15,34,0,49,0,0,7,2,9,0,15,41,2,58,4,0,4,62
02/17/2021,STP,MN,AGL,CE,Towers with Radar,0,15,20,3,38,0,0,5,1,6,0,15,25,4,44,0,0,0,44
02/18/2021,STP,MN,AGL,CE,Towers with Radar,0,12,10,4,26,0,0,4,1,5,0,12,14,5,31,0,18,18,49
02/19/2021,STP,MN,AGL,CE,Towers with Radar,0,4,35,0,39,0,2,13,0,15,0,6,48,0,54,20,0,20,74
02/20/2021,STP,MN,AGL,CE,Towers with Radar,0,4,12,0,16,0,6,19,2,27,0,10,31,2,43,70,0,70,113
02/21/2021,STP,MN,AGL,CE,Towers with Radar,0,12,14,0,26,0,0,0,0,0,0,12,14,0,26,0,0,0,26
02/22/2021,STP,MN,AGL,CE,Towers with Radar,0,10,33,3,46,0,0,22,8,30,0,10,55,11,76,60,0,60,136
02/23/2021,STP,MN,AGL,CE,Towers with Radar,0,9,22,2,33,0,0,15,6,21,0,9,37,8,54,16,0,16,70
02/24/2021,STP,MN,AGL,CE,Towers with Radar,0,10,45,3,58,0,1,21,2,24,0,11,66,5,82,34,18,52,134
02/25/2021,STP,MN,AGL,CE,Towers with Radar,0,8,50,3,61,0,0,12,1,13,0,8,62,4,74,4,0,4,78
02/26/2021,STP,MN,AGL,CE,Towers with Radar,0,8,24,1,33,0,0,7,3,10,0,8,31,4,43,0,0,0,43
02/27/2021,STP,MN,AGL,CE,Towers with Radar,0,9,38,0,47,0,3,37,0,40,0,12,75,0,87,72,0,72,159
02/28/2021,STP,MN,AGL,CE,Towers with Radar,0,10,17,1,28,0,1,1,0,2,0,11,18,1,30,0,0,0,30
03/01/2021,STP,MN,AGL,CE,Towers with Radar,0,21,23,1,45,0,4,15,2,21,0,25,38,3,66,26,0,26,92
03/02/2021,STP,MN,AGL,CE,Towers with Radar,0,3,31,2,36,0,2,8,5,15,0,5,39,7,51,12,0,12,63
03/03/2021,STP,MN,AGL,CE,Towers with Radar,0,9,41,0,50,0,2,19,2,23,0,11,60,2,73,22,0,22,95
03/04/2021,STP,MN,AGL,CE,Towers with Radar,0,14,47,1,62,0,3,13,0,16,0,17,60,1,78,0,0,0,78
03/05/2021,STP,MN,AGL,CE,Towers with Radar,0,16,29,2,47,0,4,19,1,24,0,20,48,3,71,6,0,6,77
03/06/2021,STP,MN,AGL,CE,Towers with Radar,0,15,19,0,34,0,3,23,0,26,0,18,42,0,60,48,0,48,108
03/07/2021,STP,MN,AGL,CE,Towers with Radar,0,11,18,0,29,0,4,8,5,17,0,15,26,5,46,4,0,4,50
03/08/2021,STP,MN,AGL,CE,Towers with Radar,0,13,28,0,41,0,4,17,4,25,0,17,45,4,66,8,0,8,74
03/09/2021,STP,MN,AGL,CE,Towers with Radar,0,12,15,0,27,0,2,10,7,19,0,14,25,7,46,6,0,6,52
03/10/2021,STP,MN,AGL,CE,Towers with Radar,0,7,26,0,33,0,0,0,0,0,0,7,26,0,33,0,0,0,33
03/11/2021,STP,MN,AGL,CE,Towers with Radar,0,18,29,3,50,0,2,6,4,12,0,20,35,7,62,36,0,36,98
03/12/2021,STP,MN,AGL,CE,Towers with Radar,0,20,31,1,52,0,4,16,7,27,0,24,47,8,79,24,0,24,103
03/13/2021,STP,MN,AGL,CE,Towers with Radar,0,7,23,0,30,0,7,21,1,29,0,14,44,1,59,8,0,8,67
03/14/2021,STP,MN,AGL,CE,Towers with Radar,0,11,13,0,24,0,0,15,0,15,0,11,28,0,39,6,0,6,45
03/15/2021,STP,MN,AGL,CE,Towers with Radar,0,5,9,0,14,0,0,4,0,4,0,5,13,0,18,6,0,6,24
03/16/2021,STP,MN,AGL,CE,Towers with Radar,0,25,17,0,42,0,0,2,4,6,0,25,19,4,48,0,0,0,48
03/17/2021,STP,MN,AGL,CE,Towers with Radar,0,15,28,1,44,0,1,8,1,10,0,16,36,2,54,0,0,0,54
03/18/2021,STP,MN,AGL,CE,Towers with Radar,0,11,18,4,33,0,6,7,0,13,0,17,25,4,46,8,0,8,54
03/19/2021,STP,MN,AGL,CE,Towers with Radar,0,13,30,0,43,0,2,15,5,22,0,15,45,5,65,8,0,8,73
03/20/2021,STP,MN,AGL,CE,Towers with Radar,0,10,22,0,32,0,0,13,0,13,0,10,35,0,45,12,0,12,57
03/21/2021,STP,MN,AGL,CE,Towers with Radar,0,17,14,3,34,0,0,0,0,0,0,17,14,3,34,0,0,0,34
03/22/2021,STP,MN,AGL,CE,Towers with Radar,0,12,25,0,37,0,7,15,9,31,0,19,40,9,68,4,0,4,72
03/23/2021,STP,MN,AGL,CE,Towers with Radar,0,7,27,10,44,0,1,8,4,13,0,8,35,14,57,6,4,10,67
03/24/2021,STP,MN,AGL,CE,Towers with Radar,0,7,25,2,34,0,3,2,0,5,0,10,27,2,39,0,0,0,39
03/25/2021,STP,MN,AGL,CE,Towers with Radar,0,20,23,6,49,0,1,11,2,14,0,21,34,8,63,6,0,6,69
03/26/2021,STP,MN,AGL,CE,Towers with Radar,0,19,36,0,55,0,2,13,2,17,0,21,49,2,72,10,4,14,86
03/27/2021,STP,MN,AGL,CE,Towers with Radar,0,15,38,0,53,0,0,0,0,0,0,15,38,0,53,0,0,0,53
03/28/2021,STP,MN,AGL,CE,Towers with Radar,0,13,30,1,44,0,10,19,0,29,0,23,49,1,73,50,0,50,123
03/29/2021,STP,MN,AGL,CE,Towers with Radar,0,16,33,0,49,0,4,9,2,15,0,20,42,2,64,0,0,0,64
03/30/2021,STP,MN,AGL,CE,Towers with Radar,0,21,20,6,47,0,1,8,15,24,0,22,28,21,71,0,4,4,75
03/31/2021,STP,MN,AGL,CE,Towers with Radar,0,20,37,4,61,0,4,8,14,26,0,24,45,18,87,6,0,6,93
04/01/2021,STP,MN,AGL,CE,Towers with Radar,0,24,30,2,56,0,8,22,8,38,0,32,52,10,94,12,0,12,106
04/02/2021,STP,MN,AGL,CE,Towers with Radar,0,18,27,0,45,0,3,12,5,20,0,21,39,5,65,12,0,12,77
04/03/2021,STP,MN,AGL,CE,Towers with Radar,0,7,22,0,29,0,0,33,0,33,0,7,55,0,62,22,0,22,84
04/04/2021,STP,MN,AGL,CE,Towers with Radar,0,16,11,0,27,0,1,9,0,10,0,17,20,0,37,24,0,24,61
04/05/2021,STP,MN,AGL,CE,Towers with Radar,0,25,36,3,64,0,2,18,2,22,0,27,54,5,86,32,0,32,118
04/06/2021,STP,MN,AGL,CE,Towers with Radar,0,13,25,8,46,0,0,12,0,12,0,13,37,8,58,0,0,0,58
04/07/2021,STP,MN,AGL,CE,Towers with Radar,0,8,33,2,43,0,0,3,8,11,0,8,36,10,54,4,34,38,92
04/08/2021,STP,MN,AGL,CE,Towers with Radar,0,19,45,11,75,0,0,5,3,8,0,19,50,14,83,30,2,32,115
04/09/2021,STP,MN,AGL,CE,Towers with Radar,0,11,36,1,48,0,0,2,0,2,0,11,38,1,50,10,0,10,60
04/10/2021,STP,MN,AGL,CE,Towers with Radar,0,16,16,0,32,0,3,33,1,37,0,19,49,1,69,10,0,10,79
04/11/2021,STP,MN,AGL,CE,Towers with Radar,0,11,26,0,37,0,1,18,0,19,0,12,44,0,56,0,0,0,56
04/12/2021,STP,MN,AGL,CE,Towers with Radar,0,17,29,8,54,0,0,3,0,3,0,17,32,8,57,0,6,6,63
04/13/2021,STP,MN,AGL,CE,Towers with Radar,0,11,26,2,39,0,1,15,7,23,0,12,41,9,62,0,0,0,62
04/14/2021,STP,MN,AGL,CE,Towers with Radar,0,20,45,0,65,0,0,10,7,17,0,20,55,7,82,12,4,16,98
04/15/2021,STP,MN,AGL,CE,Towers with Radar,0,9,34,2,45,0,2,21,6,29,0,11,55,8,74,34,2,36,110
04/16/2021,STP,MN,AGL,CE,Towers with Radar,0,16,37,0,53,0,8,33,6,47,0,24,70,6,100,54,4,58,158
04/17/2021,STP,MN,AGL,CE,Towers with Radar,0,14,34,1,49,0,4,52,10,66,0,18,86,11,115,38,0,38,153
04/18/2021,STP,MN,AGL,CE,Towers with Radar,0,9,31,0,40,0,0,15,5,20,0,9,46,5,60,22,0,22,82
04/19/2021,STP,MN,AGL,CE,Towers with Radar,0,17,16,2,35,0,0,22,2,24,0,17,38,4,59,48,0,48,107
04/20/2021,STP,MN,AGL,CE,Towers with Radar,0,23,32,1,56,0,8,14,15,37,0,31,46,16,93,24,0,24,117
04/21/2021,STP,MN,AGL,CE,Towers with Radar,0,17,35,2,54,0,2,23,11,36,0,19,58,13,90,72,10,82,172
04/22/2021,STP,MN,AGL,CE,Towers with Radar,0,15,41,2,58,0,7,34,9,50,0,22,75,11,108,38,0,38,146
04/23/2021,STP,MN,AGL,CE,Towers with Radar,0,7,41,2,50,0,0,4,4,8,0,7,45,6,58,0,0,0,58
04/24/2021,STP,MN,AGL,CE,Towers with Radar,0,11,13,0,24,0,0,26,2,28,0,11,39,2,52,44,0,44,96
04/25/2021,STP,MN,AGL,CE,Towers with Radar,0,14,14,2,30,0,0,10,3,13,0,14,24,5,43,14,0,14,57
04/26/2021,STP,MN,AGL,CE,Towers with Radar,0,20,17,0,37,0,0,14,7,21,0,20,31,7,58,32,0,32,90
04/27/2021,STP,MN,AGL,CE,Towers with Radar,0,14,23,4,41,0,0,13,2,15,0,14,36,6,56,12,0,12,68
04/28/2021,STP,MN,AGL,CE,Towers with Radar,0,26,31,4,61,0,1,21,11,33,0,27,52,15,94,32,0,32,126
04/29/2021,STP,MN,AGL,CE,Towers with Radar,0,19,39,4,62,0,0,24,12,36,0,19,63,16,98,26,0,26,124
04/30/2021,STP,MN,AGL,CE,Towers with Radar,0,20,28,4,52,0,4,33,2,39,0,24,61,6,91,62,0,62,153
05/01/2021,STP,MN,AGL,CE,Towers with Radar,0,10,20,0,30,0,4,22,0,26,0,14,42,0,56,14,0,14,70
05/02/2021,STP,MN,AGL,CE,Towers with Radar,0,15,22,0,37,0,3,12,0,15,0,18,34,0,52,6,0,6,58
05/03/2021,STP,MN,AGL,CE,Towers with Radar,0,18,30,0,48,0,3,20,3,26,0,21,50,3,74,2,24,26,100
05/04/2021,STP,MN,AGL,CE,Towers with Radar,0,20,34,1,55,0,1,30,19,50,0,21,64,20,105,36,0,36,141
05/05/2021,STP,MN,AGL,CE,Towers with Radar,0,24,44,3,71,0,2,23,13,38,0,26,67,16,109,54,13,67,176
05/06/2021,STP,MN,AGL,CE,Towers with Radar,0,23,22,6,51,0,1,24,17,42,0,24,46,23,93,12,32,44,137
05/07/2021,STP,MN,AGL,CE,Towers with Radar,0,22,43,1,66,0,3,12,2,17,0,25,55,3,83,48,0,48,131
05/08/2021,STP,MN,AGL,CE,Towers with Radar,0,9,24,0,33,0,6,55,0,61,0,15,79,0,94,34,0,34,128
05/09/2021,STP,MN,AGL,CE,Towers with Radar,0,12,21,0,33,0,7,17,0,24,0,19,38,0,57,2,0,2,59
05/10/2021,STP,MN,AGL,CE,Towers with Radar,0,21,31,0,52,0,9,24,7,40,0,30,55,7,92,48,0,48,140
05/11/2021,STP,MN,AGL,CE,Towers with Radar,0,12,41,0,53,0,1,26,18,45,0,13,67,18,98,60,26,86,184
05/12/2021,STP,MN,AGL,CE,Towers with Radar,0,20,38,0,58,0,1,37,4,42,0,21,75,4,100,68,12,80,180
05/13/2021,STP,MN,AGL,CE,Towers with Radar,0,19,26,4,49,0,1,19,18,38,0,20,45,22,87,46,38,84,171
05/14/2021,STP,MN,AGL,CE,Towers with Radar,0,15,39,0,54,0,0,14,5,19,0,15,53,5,73,32,6,38,111
05/15/2021,STP,MN,AGL,CE,Towers with Radar,0,8,21,0,29,0,4,46,9,59,0,12,67,9,88,50,0,50,138
05/16/2021,STP,MN,AGL,CE,Towers with Radar,0,11,31,0,42,0,0,16,9,25,0,11,47,9,67,44,2,46,113
05/17/2021,STP,MN,AGL,CE,Towers with Radar,0,23,33,0,56,0,1,26,6,33,0,24,59,6,89,52,8,60,149
05/18/2021,STP,MN,AGL,CE,Towers with Radar,0,18,44,12,74,0,0,13,5,18,0,18,57,17,92,4,7,11,103
05/19/2021,STP,MN,AGL,CE,Towers with Radar,0,15,44,1,60,0,0,5,7,12,0,15,49,8,72,11,10,21,93
05/20/2021,STP,MN,AGL,CE,Towers with Radar,0,20,44,9,73,0,0,2,6,8,0,20,46,15,81,10,10,20,101
05/21/2021,STP,MN,AGL,CE,Towers with Radar,0,12,27,0,39,0,2,9,2,13,0,14,36,2,52,26,0,26,78
05/22/2021,STP,MN,AGL,CE,Towers with Radar,0,14,32,0,46,0,5,51,6,62,0,19,83,6,108,39,0,39,147
05/23/2021,STP,MN,AGL,CE,Towers with Radar,0,18,28,0,46,0,1,11,1,13,0,19,39,1,59,0,0,0,59
05/24/2021,STP,MN,AGL,CE,Towers with Radar,0,17,33,2,52,0,0,6,0,6,0,17,39,2,58,18,0,18,76
05/25/2021,STP,MN,AGL,CE,Towers with Radar,0,15,46,3,64,0,1,7,17,25,0,16,53,20,89,0,8,8,97
05/26/2021,STP,MN,AGL,CE,Towers with Radar,0,19,47,1,67,0,4,28,20,52,0,23,75,21,119,56,40,96,215
05/27/2021,STP,MN,AGL,CE,Towers with Radar,0,13,44,9,66,0,0,4,4,8,0,13,48,13,74,0,22,22,96
05/28/2021,STP,MN,AGL,CE,Towers with Radar,0,13,33,0,46,0,2,29,4,35,0,15,62,4,81,22,0,22,103
05/29/2021,STP,MN,AGL,CE,Towers with Radar,0,21,22,0,43,0,7,39,0,46,0,28,61,0,89,32,0,32,121
05/30/2021,STP,MN,AGL,CE,Towers with Radar,0,2,16,0,18,0,1,6,0,7,0,3,22,0,25,0,0,0,25
05/31/2021,STP,MN,AGL,CE,Towers with Radar,0,15,27,0,42,0,0,24,0,24,0,15,51,0,66,14,0,14,80
06/01/2021,STP,MN,AGL,CE,Towers with Radar,0,19,33,0,52,0,1,26,4,31,0,20,59,4,83,20,0,20,103
06/02/2021,STP,MN,AGL,CE,Towers with Radar,0,20,44,7,71,0,1,21,12,34,0,21,65,19,105,34,28,62,167
06/03/2021,STP,MN,AGL,CE,Towers with Radar,0,11,46,3,60,0,1,35,13,49,0,12,81,16,109,30,0,30,139
06/04/2021,STP,MN,AGL,CE,Towers with Radar,0,12,30,3,45,0,1,28,3,32,0,13,58,6,77,0,8,8,85
06/05/2021,STP,MN,AGL,CE,Towers with Radar,0,8,17,0,25,0,3,52,0,55,0,11,69,0,80,30,0,30,110
06/06/2021,STP,MN,AGL,CE,Towers with Radar,0,10,32,0,42,0,0,10,0,10,0,10,42,0,52,0,0,0,52
06/07/2021,STP,MN,AGL,CE,Towers with Radar,0,19,47,3,69,0,4,17,5,26,0,23,64,8,95,12,6,18,113
06/08/2021,STP,MN,AGL,CE,Towers with Radar,0,12,42,5,59,0,1,28,7,36,0,13,70,12,95,48,0,48,143
06/09/2021,STP,MN,AGL,CE,Towers with Radar,0,19,51,0,70,0,0,25,8,33,0,19,76,8,103,86,0,86,189
06/10/2021,STP,MN,AGL,CE,Towers with Radar,0,12,33,5,50,0,0,23,9,32,0,12,56,14,82,36,20,56,138
06/11/2021,STP,MN,AGL,CE,Towers with Radar,0,13,39,4,56,0,1,21,1,23,0,14,60,5,79,18,0,18,97
06/12/2021,STP,MN,AGL,CE,Towers with Radar,0,18,16,0,34,0,14,46,3,63,0,32,62,3,97,40,0,40,137
06/13/2021,STP,MN,AGL,CE,Towers with Radar,0,12,32,0,44,0,4,12,0,16,0,16,44,0,60,20,0,20,80
06/14/2021,STP,MN,AGL,CE,Towers with Radar,0,14,42,0,56,0,9,18,0,27,0,23,60,0,83,26,0,26,109
06/15/2021,STP,MN,AGL,CE,Towers with Radar,0,17,30,2,49,0,4,46,0,50,0,21,76,2,99,88,0,88,187
06/16/2021,STP,MN,AGL,CE,Towers with Radar,0,14,51,2,67,0,2,32,5,39,0,16,83,7,106,43,0,43,149
06/17/2021,STP,MN,AGL,CE,Towers with Radar,0,21,59,0,80,0,0,19,0,19,0,21,78,0,99,16,0,16,115
06/18/2021,STP,MN,AGL,CE,Towers with Radar,0,6,27,0,33,0,4,21,1,26,0,10,48,1,59,84,6,90,149
06/19/2021,STP,MN,AGL,CE,Towers with Radar,0,8,30,1,39,0,6,64,14,84,0,14,94,15,123,16,0,16,139
06/20/2021,STP,MN,AGL,CE,Towers with Radar,0,10,14,0,24,0,1,8,0,9,0,11,22,0,33,14,0,14,47
06/21/2021,STP,MN,AGL,CE,Towers with Radar,0,19,52,2,73,0,5,21,3,29,0,24,73,5,102,30,0,30,132
06/22/2021,STP,MN,AGL,CE,Towers with Radar,0,6,51,3,60,0,3,39,4,46,0,9,90,7,106,44,0,44,150
06/23/2021,STP,MN,AGL,CE,Towers with Radar,0,30,51,0,81,0,2,35,8,45,0,32,86,8,126,17,0,17,143
06/24/2021,STP,MN,AGL,CE,Towers with Radar,0,14,29,3,46,0,0,11,8,19,0,14,40,11,65,11,16,27,92
06/25/2021,STP,MN,AGL,CE,Towers with Radar,0,21,37,0,58,0,1,43,2,46,0,22,80,2,104,52,0,52,156
06/26/2021,STP,MN,AGL,CE,Towers with Radar,0,13,23,1,37,0,3,8,2,13,0,16,31,3,50,2,0,2,52
06/27/2021,STP,MN,AGL,CE,Towers with Radar,0,19,34,0,53,0,4,26,2,32,0,23,60,2,85,18,0,18,103
06/28/2021,STP,MN,AGL,CE,Towers with Radar,0,8,39,0,47,0,1,14,2,17,0,9,53,2,64,34,0,34,98
06/29/2021,STP,MN,AGL,CE,Towers with Radar,0,20,53,2,75,0,1,20,4,25,0,21,73,6,100,40,0,40,140
06/30/2021,STP,MN,AGL,CE,Towers with Radar,0,23,57,3,83,0,3,28,3,34,0,26,85,6,117,38,0,38,155
07/01/2021,STP,MN,AGL,CE,Towers with Radar,0,11,45,2,58,0,1,31,2,34,0,12,76,4,92,50,0,50,142
07/02/2021,STP,MN,AGL,CE,Towers with Radar,0,15,25,2,42,0,0,23,0,23,0,15,48,2,65,26,0,26,91
07/03/2021,STP,MN,AGL,CE,Towers with Radar,0,8,11,0,19,0,0,63,0,63,0,8,74,0,82,43,0,43,125
07/04/2021,STP,MN,AGL,CE,Towers with Radar,0,6,6,0,12,0,4,6,0,10,0,10,12,0,22,5,0,5,27
07/05/2021,STP,MN,AGL,CE,Towers with Radar,0,17,26,0,43,0,1,20,0,21,0,18,46,0,64,4,0,4,68
07/06/2021,STP,MN,AGL,CE,Towers with Radar,0,17,31,0,48,0,0,5,0,5,0,17,36,0,53,12,0,12,65
07/07/2021,STP,MN,AGL,CE,Towers with Radar,0,21,23,4,48,0,1,12,12,25,0,22,35,16,73,0,28,28,101
07/08/2021,STP,MN,AGL,CE,Towers with Radar,0,28,46,2,76,0,7,23,7,37,0,35,69,9,113,35,8,43,156
07/09/2021,STP,MN,AGL,CE,Towers with Radar,0,12,26,2,40,0,2,33,0,35,0,14,59,2,75,64,0,64,139
07/10/2021,STP,MN,AGL,CE,Towers with Radar,0,15,18,0,33,0,7,28,0,35,0,22,46,0,68,52,0,52,120
07/11/2021,STP,MN,AGL,CE,Towers with Radar,0,14,19,0,33,0,1,17,0,18,0,15,36,0,51,4,0,4,55
07/12/2021,STP,MN,AGL,CE,Towers with Radar,0,19,46,0,65,0,2,21,3,26,0,21,67,3,91,15,0,15,106
07/13/2021,STP,MN,AGL,CE,Towers with Radar,0,28,47,2,77,0,0,15,11,26,0,28,62,13,103,20,8,28,131
07/14/2021,STP,MN,AGL,CE,Towers with Radar,0,28,22,2,52,0,3,16,4,23,0,31,38,6,75,46,0,46,121
07/15/2021,STP,MN,AGL,CE,Towers with Radar,0,22,62,2,86,0,2,68,19,89,0,24,130,21,175,22,17,39,214
07/16/2021,STP,MN,AGL,CE,Towers with Radar,0,7,31,5,43,0,4,38,3,45,0,11,69,8,88,46,0,46,134
07/17/2021,STP,MN,AGL,CE,Towers with Radar,0,11,27,2,40,0,6,75,0,81,0,17,102,2,121,14,0,14,135
07/18/2021,STP,MN,AGL,CE,Towers with Radar,0,27,48,0,75,0,1,37,0,38,0,28,85,0,113,24,0,24,137
07/19/2021,STP,MN,AGL,CE,Towers with Radar,0,34,52,0,86,0,2,17,1,20,0,36,69,1,106,14,0,14,120
07/20/2021,STP,MN,AGL,CE,Towers with Radar,0,30,38,2,70,0,0,16,18,34,0,30,54,20,104,20,22,42,146
07/21/2021,STP,MN,AGL,CE,Towers with Radar,0,18,58,8,84,0,2,32,9,43,0,20,90,17,127,86,6,92,219
07/22/2021,STP,MN,AGL,CE,Towers with Radar,0,22,45,1,68,0,4,12,10,26,0,26,57,11,94,25,0,25,119
07/23/2021,STP,MN,AGL,CE,Towers with Radar,0,9,41,2,52,0,1,28,4,33,0,10,69,6,85,31,0,31,116
07/24/2021,STP,MN,AGL,CE,Towers with Radar,0,21,22,0,43,0,3,48,4,55,0,24,70,4,98,14,0,14,112
07/25/2021,STP,MN,AGL,CE,Towers with Radar,0,22,28,0,50,0,0,12,2,14,0,22,40,2,64,10,0,10,74
07/26/2021,STP,MN,AGL,CE,Towers with Radar,0,14,38,0,52,0,5,20,6,31,0,19,58,6,83,10,0,10,93
07/27/2021,STP,MN,AGL,CE,Towers with Radar,0,23,43,1,67,0,4,15,8,27,0,27,58,9,94,40,0,40,134
07/28/2021,STP,MN,AGL,CE,Towers with Radar,0,24,42,2,68,0,1,18,13,32,0,25,60,15,100,18,0,18,118
07/29/2021,STP,MN,AGL,CE,Towers with Radar,0,27,55,5,87,0,0,17,5,22,0,27,72,10,109,6,4,10,119
07/30/2021,STP,MN,AGL,CE,Towers with Radar,0,17,27,7,51,0,0,18,0,18,0,17,45,7,69,6,0,6,75
07/31/2021,STP,MN,AGL,CE,Towers with Radar,0,7,36,0,43,0,0,68,0,68,0,7,104,0,111,8,0,8,119
08/01/2021,STP,MN,AGL,CE,Towers with Radar,0,17,43,1,61,0,6,33,0,39,0,23,76,1,100,16,0,16,116
08/02/2021,STP,MN,AGL,CE,Towers with Radar,0,21,37,1,59,0,3,44,6,53,0,24,81,7,112,44,0,44,156
08/03/2021,STP,MN,AGL,CE,Towers with Radar,0,18,62,2,82,0,5,29,13,47,0,23,91,15,129,28,0,28,157
08/04/2021,STP,MN,AGL,CE,Towers with Radar,0,24,59,6,89,0,2,42,11,55,0,26,101,17,144,16,10,26,170
08/05/2021,STP,MN,AGL,CE,Towers with Radar,0,24,57,4,85,0,0,17,12,29,0,24,74,16,114,38,24,62,176
08/06/2021,STP,MN,AGL,CE,Towers with Radar,0,14,43,0,57,0,0,24,6,30,0,14,67,6,87,39,0,39,126
08/07/2021,STP,MN,AGL,CE,Towers with Radar,0,12,23,1,36,0,0,4,0,4,0,12,27,1,40,0,0,0,40
08/08/2021,STP,MN,AGL,CE,Towers with Radar,0,17,32,2,51,0,0,15,0,15,0,17,47,2,66,37,0,37,103
08/09/2021,STP,MN,AGL,CE,Towers with Radar,0,10,54,2,66,0,5,25,6,36,0,15,79,8,102,60,0,60,162
08/10/2021,STP,MN,AGL,CE,Towers with Radar,0,26,45,4,75,0,1,40,12,53,0,27,85,16,128,54,12,66,194
08/11/2021,STP,MN,AGL,CE,Towers with Radar,0,21,54,6,81,0,0,22,10,32,0,21,76,16,113,28,14,42,155
08/12/2021,STP,MN,AGL,CE,Towers with Radar,0,22,39,1,62,0,1,31,12,44,0,23,70,13,106,38,2,40,146
08/13/2021,STP,MN,AGL,CE,Towers with Radar,0,14,52,1,67,0,2,24,0,26,0,16,76,1,93,46,0,46,139
08/14/2021,STP,MN,AGL,CE,Towers with Radar,0,9,27,2,38,0,9,68,1,78,0,18,95,3,116,36,0,36,152
08/15/2021,STP,MN,AGL,CE,Towers with Radar,0,16,42,0,58,0,1,27,0,28,0,17,69,0,86,30,0,30,116
08/16/2021,STP,MN,AGL,CE,Towers with Radar,0,23,49,0,72,0,3,17,6,26,0,26,66,6,98,8,0,8,106
08/17/2021,STP,MN,AGL,CE,Towers with Radar,0,16,52,5,73,0,2,47,10,59,0,18,99,15,132,68,36,104,236
08/18/2021,STP,MN,AGL,CE,Towers with Radar,0,29,70,1,100,0,3,20,5,28,0,32,90,6,128,45,0,45,173
08/19/2021,STP,MN,AGL,CE,Towers with Radar,0,15,46,1,62,0,2,20,17,39,0,17,66,18,101,40,12,52,153
08/20/2021,STP,MN,AGL,CE,Towers with Radar,0,14,31,0,45,0,1,16,6,23,0,15,47,6,68,36,0,36,104
08/21/2021,STP,MN,AGL,CE,Towers with Radar,0,15,23,0,38,0,2,48,2,52,0,17,71,2,90,6,0,6,96
08/22/2021,STP,MN,AGL,CE,Towers with Radar,0,12,30,0,42,0,3,32,7,42,0,15,62,7,84,26,4,30,114
08/23/2021,STP,MN,AGL,CE,Towers with Radar,0,36,40,0,76,0,3,28,6,37,0,39,68,6,113,20,0,20,133
08/24/2021,STP,MN,AGL,CE,Towers with Radar,0,22,42,4,68,0,2,19,7,28,0,24,61,11,96,12,0,12,108
08/25/2021,STP,MN,AGL,CE,Towers with Radar,0,28,45,2,75,0,1,39,4,44,0,29,84,6,119,100,0,100,219
08/26/2021,STP,MN,AGL,CE,Towers with Radar,0,22,42,4,68,0,0,11,1,12,0,22,53,5,80,7,0,7,87
08/27/2021,STP,MN,AGL,CE,Towers with Radar,0,18,48,0,66,0,2,2,2,6,0,20,50,2,72,4,0,4,76
08/28/2021,STP,MN,AGL,CE,Towers with Radar,0,11,18,0,29,0,5,9,0,14,0,16,27,0,43,0,0,0,43
08/29/2021,STP,MN,AGL,CE,Towers with Radar,0,18,39,0,57,0,2,28,0,30,0,20,67,0,87,24,0,24,111
08/30/2021,STP,MN,AGL,CE,Towers with Radar,0,23,52,0,75,0,8,31,0,39,0,31,83,0,114,14,0,14,128
08/31/2021,STP,MN,AGL,CE,Towers with Radar,0,18,56,0,74,0,6,27,13,46,0,24,83,13,120,22,0,22,142
09/01/2021,STP,MN,AGL,CE,Towers with Radar,0,24,51,1,76,0,3,47,12,62,0,27,98,13,138,36,0,36,174
09/02/2021,STP,MN,AGL,CE,Towers with Radar,0,21,57,3,81,0,2,24,8,34,0,23,81,11,115,78,10,88,203
09/03/2021,STP,MN,AGL,CE,Towers with Radar,0,10,55,0,65,0,0,0,0,0,0,10,55,0,65,0,0,0,65
09/04/2021,STP,MN,AGL,CE,Towers with Radar,0,10,14,0,24,0,4,72,0,76,0,14,86,0,100,34,0,34,134
09/05/2021,STP,MN,AGL,CE,Towers with Radar,0,9,24,0,33,0,2,19,0,21,0,11,43,0,54,2,0,2,56
09/06/2021,STP,MN,AGL,CE,Towers with Radar,0,19,40,0,59,0,9,30,0,39,0,28,70,0,98,24,0,24,122
09/07/2021,STP,MN,AGL,CE,Towers with Radar,0,14,36,0,50,0,4,31,2,37,0,18,67,2,87,18,0,18,105
09/08/2021,STP,MN,AGL,CE,Towers with Radar,0,14,60,2,76,0,3,24,11,38,0,17,84,13,114,14,0,14,128
09/09/2021,STP,MN,AGL,CE,Towers with Radar,0,37,52,4,93,0,2,28,10,40,0,39,80,14,133,51,2,53,186
09/10/2021,STP,MN,AGL,CE,Towers with Radar,0,15,48,0,63,0,3,37,1,41,0,18,85,1,104,84,0,84,188
09/11/2021,STP,MN,AGL,CE,Towers with Radar,0,14,22,0,36,0,13,81,0,94,0,27,103,0,130,80,0,80,210
09/12/2021,STP,MN,AGL,CE,Towers with Radar,0,21,38,0,59,0,3,40,2,45,0,24,78,2,104,48,0,48,152
09/13/2021,STP,MN,AGL,CE,Towers with Radar,0,19,49,0,68,0,6,20,3,29,0,25,69,3,97,50,0,50,147
09/14/2021,STP,MN,AGL,CE,Towers with Radar,0,24,46,2,72,0,5,21,12,38,0,29,67,14,110,34,0,34,144
09/15/2021,STP,MN,AGL,CE,Towers with Radar,0,31,59,2,92,0,3,32,13,48,0,34,91,15,140,30,0,30,170
09/16/2021,STP,MN,AGL,CE,Towers with Radar,0,18,33,0,51,0,4,9,10,23,0,22,42,10,74,0,0,0,74
09/17/2021,STP,MN,AGL,CE,Towers with Radar,0,21,43,0,64,0,4,27,6,37,0,25,70,6,101,10,4,14,115
09/18/2021,STP,MN,AGL,CE,Towers with Radar,0,16,21,2,39,0,11,110,4,125,0,27,131,6,164,28,0,28,192
09/19/2021,STP,MN,AGL,CE,Towers with Radar,0,23,36,0,59,0,1,15,3,19,0,24,51,3,78,0,0,0,78
09/20/2021,STP,MN,AGL,CE,Towers with Radar,0,21,40,1,62,0,1,5,1,7,0,22,45,2,69,0,0,0,69
09/21/2021,STP,MN,AGL,CE,Towers with Radar,0,23,51,2,76,0,2,38,8,48,0,25,89,10,124,30,0,30,154
09/22/2021,STP,MN,AGL,CE,Towers with Radar,0,29,67,4,100,0,3,32,13,48,0,32,99,17,148,18,0,18,166
09/23/2021,STP,MN,AGL,CE,Towers with Radar,0,12,70,0,82,0,7,36,21,64,0,19,106,21,146,30,6,36,182
09/24/2021,STP,MN,AGL,CE,Towers with Radar,0,18,45,0,63,0,4,16,0,20,0,22,61,0,83,10,0,10,93
09/25/2021,STP,MN,AGL,CE,Towers with Radar,0,19,27,0,46,0,3,73,1,77,0,22,100,1,123,14,0,14,137
09/26/2021,STP,MN,AGL,CE,Towers with Radar,0,26,74,0,100,0,4,21,0,25,0,30,95,0,125,2,0,2,127
09/27/2021,STP,MN,AGL,CE,Towers with Radar,1,28,36,0,65,0,8,20,1,29,1,36,56,1,94,52,0,52,146
09/28/2021,STP,MN,AGL,CE,Towers with Radar,0,26,45,5,76,0,6,30,8,44,0,32,75,13,120,0,0,0,120
09/29/2021,STP,MN,AGL,CE,Towers with Radar,0,21,50,2,73,0,1,29,7,37,0,22,79,9,110,38,2,40,150
09/30/2021,STP,MN,AGL,CE,Towers with Radar,0,32,55,4,91,0,1,27,9,37,0,33,82,13,128,62,0,62,190
10/01/2021,STP,MN,AGL,CE,Towers with Radar,0,10,35,0,45,0,4,19,0,23,0,14,54,0,68,4,0,4,72
10/02/2021,STP,MN,AGL,CE,Towers with Radar,0,6,26,0,32,0,0,2,0,2,0,6,28,0,34,0,0,0,34
10/03/2021,STP,MN,AGL,CE,Towers with Radar,0,24,54,0,78,0,2,13,2,17,0,26,67,2,95,4,0,4,99
10/04/2021,STP,MN,AGL,CE,Towers with Radar,0,28,51,1,80,0,0,25,1,26,0,28,76,2,106,24,0,24,130
10/05/2021,STP,MN,AGL,CE,Towers with Radar,0,13,27,3,43,0,5,22,10,37,0,18,49,13,80,66,0,66,146
10/06/2021,STP,MN,AGL,CE,Towers with Radar,0,19,42,8,69,0,5,27,18,50,0,24,69,26,119,30,2,32,151
10/07/2021,STP,MN,AGL,CE,Towers with Radar,0,23,41,3,67,0,1,27,14,42,0,24,68,17,109,29,46,75,184
10/08/2021,STP,MN,AGL,CE,Towers with Radar,0,17,53,0,70,0,0,30,0,30,0,17,83,0,100,0,0,0,100
10/09/2021,STP,MN,AGL,CE,Towers with Radar,0,8,12,0,20,0,0,67,0,67,0,8,79,0,87,14,0,14,101
10/10/2021,STP,MN,AGL,CE,Towers with Radar,0,14,46,0,60,0,1,19,0,20,0,15,65,0,80,26,0,26,106
10/11/2021,STP,MN,AGL,CE,Towers with Radar,0,19,45,0,64,0,0,31,0,31,0,19,76,0,95,65,0,65,160
10/12/2021,STP,MN,AGL,CE,Towers with Radar,0,18,48,0,66,0,1,20,6,27,0,19,68,6,93,14,0,14,107
10/13/2021,STP,MN,AGL,CE,Towers with Radar,0,13,47,2,62,0,1,1,5,7,0,14,48,7,69,10,0,10,79
10/14/2021,STP,MN,AGL,CE,Towers with Radar,0,28,55,5,88,0,0,16,12,28,0,28,71,17,116,12,6,18,134
10/15/2021,STP,MN,AGL,CE,Towers with Radar,0,19,51,0,70,0,0,41,3,44,0,19,92,3,114,16,0,16,130
10/16/2021,STP,MN,AGL,CE,Towers with Radar,0,10,20,0,30,0,9,78,8,95,0,19,98,8,125,10,0,10,135
10/17/2021,STP,MN,AGL,CE,Towers with Radar,0,33,34,0,67,0,6,39,2,47,0,39,73,2,114,30,0,30,144
10/18/2021,STP,MN,AGL,CE,Towers with Radar,0,28,50,5,83,0,7,26,1,34,0,35,76,6,117,10,26,36,153
10/19/2021,STP,MN,AGL,CE,Towers with Radar,0,32,40,0,72,0,2,22,14,38,0,34,62,14,110,26,0,26,136
10/20/2021,STP,MN,AGL,CE,Towers with Radar,0,37,41,8,86,0,0,3,0,3,0,37,44,8,89,0,0,0,89
10/21/2021,STP,MN,AGL,CE,Towers with Radar,0,45,52,6,103,0,2,19,8,29,0,47,71,14,132,12,30,42,174
10/22/2021,STP,MN,AGL,CE,Towers with Radar,0,17,44,4,65,0,2,36,0,38,0,19,80,4,103,14,0,14,117
10/23/2021,STP,MN,AGL,CE,Towers with Radar,0,10,24,2,36,0,3,87,0,90,0,13,111,2,126,19,0,19,145
10/24/2021,STP,MN,AGL,CE,Towers with Radar,0,26,48,0,74,0,2,31,0,33,0,28,79,0,107,2,0,2,109
10/25/2021,STP,MN,AGL,CE,Towers with Radar,0,23,32,2,57,0,7,20,0,27,0,30,52,2,84,38,0,38,122
10/26/2021,STP,MN,AGL,CE,Towers with Radar,0,20,45,5,70,0,4,29,16,49,0,24,74,21,119,47,12,59,178
10/27/2021,STP,MN,AGL,CE,Towers with Radar,0,20,58,2,80,0,0,16,8,24,0,20,74,10,104,22,0,22,126
10/28/2021,STP,MN,AGL,CE,Towers with Radar,0,20,44,4,68,0,0,0,0,0,0,20,44,4,68,0,0,0,68
10/29/2021,STP,MN,AGL,CE,Towers with Radar,0,19,47,1,67,0,3,24,1,28,0,22,71,2,95,14,0,14,109
10/30/2021,STP,MN,AGL,CE,Towers with Radar,0,5,20,0,25,0,0,79,0,79,0,5,99,0,104,32,0,32,136
10/31/2021,STP,MN,AGL,CE,Towers with Radar,0,8,37,0,45,0,1,14,0,15,0,9,51,0,60,2,0,2,62
11/01/2021,STP,MN,AGL,CE,Towers with Radar,0,32,58,0,90,0,4,21,2,27,0,36,79,2,117,30,2,32,149
11/02/2021,STP,MN,AGL,CE,Towers with Radar,0,18,34,5,57,0,2,21,13,36,0,20,55,18,93,36,6,42,135
11/03/2021,STP,MN,AGL,CE,Towers with Radar,0,26,67,3,96,0,5,36,26,67,0,31,103,29,163,76,34,110,273
11/04/2021,STP,MN,AGL,CE,Towers with Radar,0,31,56,3,90,0,2,27,13,42,0,33,83,16,132,22,8,30,162
11/05/2021,STP,MN,AGL,CE,Towers with Radar,0,16,26,0,42,0,4,11,6,21,0,20,37,6,63,0,0,0,63
11/06/2021,STP,MN,AGL,CE,Towers with Radar,1,18,27,0,46,0,4,77,0,81,1,22,104,0,127,32,0,32,159
11/07/2021,STP,MN,AGL,CE,Towers with Radar,0,17,32,0,49,0,5,20,0,25,0,22,52,0,74,10,0,10,84
11/08/2021,STP,MN,AGL,CE,Towers with Radar,0,16,34,0,50,0,9,24,3,36,0,25,58,3,86,54,0,54,140
11/09/2021,STP,MN,AGL,CE,Towers with Radar,0,19,46,2,67,0,2,25,18,45,0,21,71,20,112,26,6,32,144
11/10/2021,STP,MN,AGL,CE,Towers with Radar,0,16,30,0,46,0,6,3,2,11,0,22,33,2,57,4,0,4,61
11/11/2021,STP,MN,AGL,CE,Towers with Radar,0,5,28,0,33,0,0,3,0,3,0,5,31,0,36,0,0,0,36
11/12/2021,STP,MN,AGL,CE,Towers with Radar,0,9,43,4,56,0,0,1,0,1,0,9,44,4,57,0,0,0,57
11/13/2021,STP,MN,AGL,CE,Towers with Radar,0,8,11,0,19,0,0,4,0,4,0,8,15,0,23,2,0,2,25
11/14/2021,STP,MN,AGL,CE,Towers with Radar,0,15,24,0,39,0,0,14,0,14,0,15,38,0,53,30,0,30,83
11/15/2021,STP,MN,AGL,CE,Towers with Radar,0,19,40,4,63,0,0,28,5,33,0,19,68,9,96,26,0,26,122
11/16/2021,STP,MN,AGL,CE,Towers with Radar,0,19,33,3,55,0,3,18,26,47,0,22,51,29,102,4,0,4,106
11/17/2021,STP,MN,AGL,CE,Towers with Radar,0,9,38,2,49,0,0,11,9,20,0,9,49,11,69,0,0,0,69
11/18/2021,STP,MN,AGL,CE,Towers with Radar,0,17,45,8,70,0,1,4,13,18,0,18,49,21,88,18,0,18,106
11/19/2021,STP,MN,AGL,CE,Towers with Radar,0,18,30,0,48,0,3,24,2,29,0,21,54,2,77,28,0,28,105
11/20/2021,STP,MN,AGL,CE,Towers with Radar,0,15,47,0,62,0,7,67,6,80,0,22,114,6,142,44,8,52,194
11/21/2021,STP,MN,AGL,CE,Towers with Radar,0,19,76,0,95,0,3,6,0,9,0,22,82,0,104,0,0,0,104
11/22/2021,STP,MN,AGL,CE,Towers with Radar,0,30,41,2,73,0,7,36,2,45,0,37,77,4,118,50,0,50,168
11/23/2021,STP,MN,AGL,CE,Towers with Radar,0,19,33,1,53,0,8,33,19,60,0,27,66,20,113,38,0,38,151
11/24/2021,STP,MN,AGL,CE,Towers with Radar,0,8,38,0,46,0,3,22,10,35,0,11,60,10,81,30,56,86,167
11/25/2021,STP,MN,AGL,CE,Towers with Radar,0,12,8,0,20,0,0,12,0,12,0,12,20,0,32,0,0,0,32
11/26/2021,STP,MN,AGL,CE,Towers with Radar,0,13,13,0,26,0,3,18,0,21,0,16,31,0,47,0,0,0,47
11/27/2021,STP,MN,AGL,CE,Towers with Radar,0,14,17,0,31,0,0,23,0,23,0,14,40,0,54,44,0,44,98
11/28/2021,STP,MN,AGL,CE,Towers with Radar,0,14,41,0,55,0,2,33,0,35,0,16,74,0,90,6,0,6,96
11/29/2021,STP,MN,AGL,CE,Towers with Radar,0,21,36,8,65,0,4,13,0,17,0,25,49,8,82,22,2,24,106
11/30/2021,STP,MN,AGL,CE,Towers with Radar,1,19,55,4,79,0,1,10,6,17,1,20,65,10,96,12,18,30,126
12/01/2021,STP,MN,AGL,CE,Towers with Radar,0,25,44,7,76,0,1,17,15,33,0,26,61,22,109,2,0,2,111
12/02/2021,STP,MN,AGL,CE,Towers with Radar,0,19,45,2,66,0,1,30,14,45,0,20,75,16,111,38,6,44,155
12/03/2021,STP,MN,AGL,CE,Towers with Radar,0,16,36,8,60,0,0,15,4,19,0,16,51,12,79,20,0,20,99
12/04/2021,STP,MN,AGL,CE,Towers with Radar,0,6,32,0,38,0,1,57,0,58,0,7,89,0,96,16,0,16,112
12/05/2021,STP,MN,AGL,CE,Towers with Radar,0,6,24,0,30,0,0,1,0,1,0,6,25,0,31,0,0,0,31
12/06/2021,STP,MN,AGL,CE,Towers with Radar,0,23,26,0,49,0,3,5,3,11,0,26,31,3,60,0,0,0,60
12/07/2021,STP,MN,AGL,CE,Towers with Radar,0,23,34,2,59,0,0,1,21,22,0,23,35,23,81,2,44,46,127
12/08/2021,STP,MN,AGL,CE,Towers with Radar,0,22,47,2,71,0,1,11,12,24,0,23,58,14,95,15,0,15,110
12/09/2021,STP,MN,AGL,CE,Towers with Radar,0,20,65,2,87,0,2,21,21,44,0,22,86,23,131,8,10,18,149
12/10/2021,STP,MN,AGL,CE,Towers with Radar,0,7,30,0,37,0,0,0,0,0,0,7,30,0,37,0,0,0,37
12/11/2021,STP,MN,AGL,CE,Towers with Radar,0,10,27,0,37,0,10,25,0,35,0,20,52,0,72,24,0,24,96
12/12/2021,STP,MN,AGL,CE,Towers with Radar,0,17,21,1,39,0,2,22,0,24,0,19,43,1,63,24,0,24,87
12/13/2021,STP,MN,AGL,CE,Towers with Radar,0,24,46,3,73,0,0,10,2,12,0,24,56,5,85,10,6,16,101
12/14/2021,STP,MN,AGL,CE,Towers with Radar,0,22,48,2,72,0,8,14,8,30,0,30,62,10,102,24,0,24,126
12/15/2021,STP,MN,AGL,CE,Towers with Radar,0,10,22,0,32,0,0,2,0,2,0,10,24,0,34,0,0,0,34
12/16/2021,STP,MN,AGL,CE,Towers with Radar,0,22,48,2,72,0,1,3,10,14,0,23,51,12,86,0,8,8,94
12/17/2021,STP,MN,AGL,CE,Towers with Radar,0,24,57,0,81,0,0,21,0,21,0,24,78,0,102,42,0,42,144
12/18/2021,STP,MN,AGL,CE,Towers with Radar,0,7,34,0,41,0,0,56,0,56,0,7,90,0,97,66,0,66,163
12/19/2021,STP,MN,AGL,CE,Towers with Radar,0,7,31,0,38,0,0,7,0,7,0,7,38,0,45,2,0,2,47
12/20/2021,STP,MN,AGL,CE,Towers with Radar,0,24,30,5,59,0,0,20,3,23,0,24,50,8,82,36,0,36,118
12/21/2021,STP,MN,AGL,CE,Towers with Radar,0,18,41,2,61,0,0,5,5,10,0,18,46,7,71,4,0,4,75
12/22/2021,STP,MN,AGL,CE,Towers with Radar,0,24,37,1,62,0,1,19,19,39,0,25,56,20,101,34,6,40,141
12/23/2021,STP,MN,AGL,CE,Towers with Radar,0,11,40,0,51,0,4,35,0,39,0,15,75,0,90,36,1,37,127
12/24/2021,STP,MN,AGL,CE,Towers with Radar,0,3,10,0,13,0,3,2,0,5,0,6,12,0,18,0,0,0,18
12/25/2021,STP,MN,AGL,CE,Towers with Radar,0,6,6,0,12,0,0,1,0,1,0,6,7,0,13,0,0,0,13
12/26/2021,STP,MN,AGL,CE,Towers with Radar,0,20,43,0,63,0,4,8,0,12,0,24,51,0,75,2,0,2,77
12/27/2021,STP,MN,AGL,CE,Towers with Radar,0,21,21,4,46,0,0,0,0,0,0,21,21,4,46,0,0,0,46
12/28/2021,STP,MN,AGL,CE,Towers with Radar,0,12,20,0,32,0,0,0,0,0,0,12,20,0,32,0,0,0,32
12/29/2021,STP,MN,AGL,CE,Towers with Radar,0,29,17,5,51,0,5,8,11,24,0,34,25,16,75,26,8,34,109
12/30/2021,STP,MN,AGL,CE,Towers with Radar,0,14,15,0,29,0,0,2,3,5,0,14,17,3,34,0,10,10,44
12/31/2021,STP,MN,AGL,CE,Towers with Radar,0,8,23,0,31,0,2,0,0,2,0,10,23,0,33,12,0,12,45
01/01/2022,STP,MN,AGL,CE,Towers with Radar,0,19,29,0,48,0,3,9,0,12,0,22,38,0,60,0,0,0,60
01/02/2022,STP,MN,AGL,CE,Towers with Radar,0,26,39,0,65,0,1,6,0,7,0,27,45,0,72,18,0,18,90
01/03/2022,STP,MN,AGL,CE,Towers with Radar,0,8,25,2,35,0,2,14,0,16,0,10,39,2,51,6,0,6,57
01/04/2022,STP,MN,AGL,CE,Towers with Radar,0,13,31,4,48,0,2,20,9,31,0,15,51,13,79,20,0,20,99
01/05/2022,STP,MN,AGL,CE,Towers with Radar,0,10,18,1,29,0,0,0,0,0,0,10,18,1,29,0,0,0,29
01/06/2022,STP,MN,AGL,CE,Towers with Radar,0,7,15,4,26,0,0,3,8,11,0,7,18,12,37,24,8,32,69
01/07/2022,STP,MN,AGL,CE,Towers with Radar,0,13,32,0,45,0,0,6,2,8,0,13,38,2,53,0,0,0,53
01/08/2022,STP,MN,AGL,CE,Towers with Radar,0,9,12,2,23,0,0,36,2,38,0,9,48,4,61,41,0,41,102
01/09/2022,STP,MN,AGL,CE,Towers with Radar,0,19,22,0,41,0,0,10,0,10,0,19,32,0,51,19,0,19,70
01/10/2022,STP,MN,AGL,CE,Towers with Radar,0,18,32,4,54,0,6,9,5,20,0,24,41,9,74,14,18,32,106
01/11/2022,STP,MN,AGL,CE,Towers with Radar,0,23,44,0,67,0,1,19,12,32,0,24,63,12,99,32,0,32,131
01/12/2022,STP,MN,AGL,CE,Towers with Radar,0,15,46,1,62,0,1,26,10,37,0,16,72,11,99,28,4,32,131
01/13/2022,STP,MN,AGL,CE,Towers with Radar,0,7,39,1,47,0,0,6,14,20,0,7,45,15,67,7,12,19,86
01/14/2022,STP,MN,AGL,CE,Towers with Radar,0,6,24,2,32,0,0,1,0,1,0,6,25,2,33,0,0,0,33
01/15/2022,STP,MN,AGL,CE,Towers with Radar,0,13,22,0,35,0,2,37,0,39,0,15,59,0,74,16,0,16,90
01/16/2022,STP,MN,AGL,CE,Towers with Radar,0,6,14,0,20,0,0,10,0,10,0,6,24,0,30,6,0,6,36
01/17/2022,STP,MN,AGL,CE,Towers with Radar,0,15,31,0,46,0,2,18,0,20,0,17,49,0,66,18,0,18,84
01/18/2022,STP,MN,AGL,CE,Towers with Radar,0,12,41,2,55,0,1,11,7,19,0,13,52,9,74,6,4,10,84
01/19/2022,STP,MN,AGL,CE,Towers with Radar,0,17,41,4,62,0,0,5,11,16,0,17,46,15,78,0,2,2,80
01/20/2022,STP,MN,AGL,CE,Towers with Radar,0,14,37,3,54,0,2,7,14,23,0,16,44,17,77,6,16,22,99
01/21/2022,STP,MN,AGL,CE,Towers with Radar,1,17,18,3,39,0,4,5,7,16,1,21,23,10,55,10,0,10,65
01/22/2022,STP,MN,AGL,CE,Towers with Radar,0,8,15,0,23,0,1,8,0,9,0,9,23,0,32,16,0,16,48
01/23/2022,STP,MN,AGL,CE,Towers with Radar,0,13,30,0,43,0,1,9,0,10,0,14,39,0,53,12,0,12,65
01/24/2022,STP,MN,AGL,CE,Towers with Radar,0,8,31,0,39,0,0,18,3,21,0,8,49,3,60,52,0,52,112
01/25/2022,STP,MN,AGL,CE,Towers with Radar,0,12,35,0,47,0,7,11,9,27,0,19,46,9,74,10,2,12,86
01/26/2022,STP,MN,AGL,CE,Towers with Radar,0,13,33,0,46,0,2,7,16,25,0,15,40,16,71,2,14,16,87
01/27/2022,STP,MN,AGL,CE,Towers with Radar,0,15,31,5,51,0,2,12,9,23,0,17,43,14,74,16,0,16,90
01/28/2022,STP,MN,AGL,CE,Towers with Radar,0,16,26,0,42,0,0,16,6,22,0,16,42,6,64,28,2,30,94
01/29/2022,STP,MN,AGL,CE,Towers with Radar,0,7,18,0,25,0,0,16,0,16,0,7,34,0,41,2,0,2,43
01/30/2022,STP,MN,AGL,CE,Towers with Radar,0,16,27,0,43,0,4,18,0,22,0,20,45,0,65,20,0,20,85
01/31/2022,STP,MN,AGL,CE,Towers with Radar,0,13,38,4,55,0,3,33,6,42,0,16,71,10,97,48,0,48,145
02/01/2022,STP,MN,AGL,CE,Towers with Radar,0,9,28,5,42,0,0,2,18,20,0,9,30,23,62,0,0,0,62
02/02/2022,STP,MN,AGL,CE,Towers with Radar,0,32,48,3,83,0,3,12,14,29,0,35,60,17,112,12,2,14,126
02/03/2022,STP,MN,AGL,CE,Towers with Radar,0,28,36,4,68,0,2,11,23,36,0,30,47,27,104,4,0,4,108
02/04/2022,STP,MN,AGL,CE,Towers with Radar,1,8,28,0,37,0,0,12,4,16,1,8,40,4,53,16,0,16,69
02/05/2022,STP,MN,AGL,CE,Towers with Radar,0,7,13,0,20,0,1,28,2,31,0,8,41,2,51,20,0,20,71
02/06/2022,STP,MN,AGL,CE,Towers with Radar,1,10,32,0,43,0,0,8,0,8,1,10,40,0,51,12,0,12,63
02/07/2022,STP,MN,AGL,CE,Towers with Radar,0,13,29,1,43,0,3,18,9,30,0,16,47,10,73,20,0,20,93
02/08/2022,STP,MN,AGL,CE,Towers with Radar,0,21,39,2,62,0,2,14,7,23,0,23,53,9,85,4,2,6,91
02/09/2022,STP,MN,AGL,CE,Towers with Radar,0,15,38,0,53,0,0,4,13,17,0,15,42,13,70,0,8,8,78
02/10/2022,STP,MN,AGL,CE,Towers with Radar,0,12,30,4,46,0,0,1,4,5,0,12,31,8,51,0,2,2,53
02/11/2022,STP,MN,AGL,CE,Towers with Radar,1,18,30,0,49,0,0,6,3,9,1,18,36,3,58,0,0,0,58
02/12/2022,STP,MN,AGL,CE,Towers with Radar,0,19,17,0,36,0,1,61,6,68,0,20,78,6,104,12,0,12,116
02/13/2022,STP,MN,AGL,CE,Towers with Radar,1,17,20,0,38,0,0,17,0,17,1,17,37,0,55,10,0,10,65
02/14/2022,STP,MN,AGL,CE,Towers with Radar,0,22,31,2,55,0,5,18,6,29,0,27,49,8,84,38,0,38,122
02/15/2022,STP,MN,AGL,CE,Towers with Radar,0,13,35,3,51,0,0,14,24,38,0,13,49,27,89,16,0,16,105
02/16/2022,STP,MN,AGL,CE,Towers with Radar,0,19,46,6,71,0,2,17,5,24,0,21,63,11,95,12,2,14,109
02/17/2022,STP,MN,AGL,CE,Towers with Radar,0,10,37,8,55,0,0,13,15,28,0,10,50,23,83,26,14,40,123
02/18/2022,STP,MN,AGL,CE,Towers with Radar,1,15,30,0,46,0,0,1,0,1,1,15,31,0,47,0,0,0,47
02/19/2022,STP,MN,AGL,CE,Towers with Radar,0,8,19,0,27,0,5,50,0,55,0,13,69,0,82,20,0,20,102
02/20/2022,STP,MN,AGL,CE,Towers with Radar,1,11,21,0,33,0,0,31,0,31,1,11,52,0,64,43,0,43,107
02/21/2022,STP,MN,AGL,CE,Towers with Radar,0,12,27,0,39,0,0,4,0,4,0,12,31,0,43,0,0,0,43
02/22/2022,STP,MN,AGL,CE,Towers with Radar,0,5,14,0,19,0,0,0,0,0,0,5,14,0,19,0,0,0,19
02/23/2022,STP,MN,AGL,CE,Towers with Radar,0,26,42,7,75,0,0,14,10,24,0,26,56,17,99,8,6,14,113
02/24/2022,STP,MN,AGL,CE,Towers with Radar,0,12,41,2,55,0,0,2,0,2,0,12,43,2,57,0,0,0,57
02/25/2022,STP,MN,AGL,CE,Towers with Radar,1,11,49,2,63,0,6,20,4,30,1,17,69,6,93,44,4,48,141
02/26/2022,STP,MN,AGL,CE,Towers with Radar,0,7,25,0,32,0,0,32,0,32,0,7,57,0,64,30,0,30,94
02/27/2022,STP,MN,AGL,CE,Towers with Radar,1,8,23,0,32,0,2,29,0,31,1,10,52,0,63,47,0,47,110
02/28/2022,STP,MN,AGL,CE,Towers with Radar,0,21,38,4,63,0,2,16,2,20,0,23,54,6,83,32,4,36,119
03/01/2022,STP,MN,AGL,CE,Towers with Radar,0,25,39,4,68,0,2,16,18,36,0,27,55,22,104,26,0,26,130
03/02/2022,STP,MN,AGL,CE,Towers with Radar,0,28,31,0,59,0,3,10,15,28,0,31,41,15,87,8,14,22,109
03/03/2022,STP,MN,AGL,CE,Towers with Radar,0,25,53,2,80,0,1,17,4,22,0,26,70,6,102,18,0,18,120
03/04/2022,STP,MN,AGL,CE,Towers with Radar,1,28,44,2,75,0,0,5,2,7,1,28,49,4,82,6,0,6,88
03/05/2022,STP,MN,AGL,CE,Towers with Radar,0,9,10,0,19,0,0,0,0,0,0,9,10,0,19,0,0,0,19
03/06/2022,STP,MN,AGL,CE,Towers with Radar,1,19,11,0,31,0,1,7,0,8,1,20,18,0,39,20,0,20,59
03/07/2022,STP,MN,AGL,CE,Towers with Radar,0,24,34,2,60,0,1,17,4,22,0,25,51,6,82,38,0,38,120
03/08/2022,STP,MN,AGL,CE,Towers with Radar,0,25,27,4,56,0,0,21,7,28,0,25,48,11,84,38,0,38,122
03/09/2022,STP,MN,AGL,CE,Towers with Radar,0,17,36,4,57,0,2,12,14,28,0,19,48,18,85,6,0,6,91
03/10/2022,STP,MN,AGL,CE,Towers with Radar,0,23,42,0,65,0,0,17,11,28,0,23,59,11,93,32,14,46,139
03/11/2022,STP,MN,AGL,CE,Towers with Radar,1,14,31,0,46,0,2,15,3,20,1,16,46,3,66,20,0,20,86
03/12/2022,STP,MN,AGL,CE,Towers with Radar,0,12,27,2,41,0,1,46,0,47,0,13,73,2,88,32,0,32,120
03/13/2022,STP,MN,AGL,CE,Towers with Radar,1,14,30,2,47,0,0,35,1,36,1,14,65,3,83,41,0,41,124
03/14/2022,STP,MN,AGL,CE,Towers with Radar,0,14,39,2,55,0,2,5,0,7,0,16,44,2,62,6,0,6,68
03/15/2022,STP,MN,AGL,CE,Towers with Radar,0,28,41,2,71,0,12,38,25,75,0,40,79,27,146,26,22,48,194
03/16/2022,STP,MN,AGL,CE,Towers with Radar,0,22,52,2,76,0,10,27,9,46,0,32,79,11,122,70,2,72,194
03/17/2022,STP,MN,AGL,CE,Towers with Radar,0,21,46,2,69,0,0,27,6,33,0,21,73,8,102,34,0,34,136
03/18/2022,STP,MN,AGL,CE,Towers with Radar,1,30,38,4,73,0,0,19,5,24,1,30,57,9,97,22,0,22,119
03/19/2022,STP,MN,AGL,CE,Towers with Radar,0,12,21,1,34,0,14,35,1,50,0,26,56,2,84,28,0,28,112
03/20/2022,STP,MN,AGL,CE,Towers with Radar,1,17,42,0,60,0,3,28,1,32,1,20,70,1,92,16,0,16,108
03/21/2022,STP,MN,AGL,CE,Towers with Radar,0,27,33,2,62,0,0,19,1,20,0,27,52,3,82,26,0,26,108
03/22/2022,STP,MN,AGL,CE,Towers with Radar,0,11,25,2,38,0,0,0,0,0,0,11,25,2,38,0,0,0,38
03/23/2022,STP,MN,AGL,CE,Towers with Radar,0,13,23,0,36,0,0,1,0,1,0,13,24,0,37,0,0,0,37
03/24/2022,STP,MN,AGL,CE,Towers with Radar,0,11,47,2,60,0,0,20,12,32,0,11,67,14,92,30,2,32,124
03/25/2022,STP,MN,AGL,CE,Towers with Radar,1,10,38,0,49,0,0,4,2,6,1,10,42,2,55,0,0,0,55
03/26/2022,STP,MN,AGL,CE,Towers with Radar,0,10,29,0,39,0,5,37,0,42,0,15,66,0,81,4,0,4,85
03/27/2022,STP,MN,AGL,CE,Towers with Radar,1,29,23,0,53,0,4,24,0,28,1,33,47,0,81,30,0,30,111
03/28/2022,STP,MN,AGL,CE,Towers with Radar,0,15,59,0,74,0,4,21,0,25,0,19,80,0,99,30,0,30,129
03/29/2022,STP,MN,AGL,CE,Towers with Radar,0,17,31,2,50,0,1,10,7,18,0,18,41,9,68,0,8,8,76
03/30/2022,STP,MN,AGL,CE,Towers with Radar,0,15,32,0,47,0,0,0,0,0,0,15,32,0,47,0,0,0,47
03/31/2022,STP,MN,AGL,CE,Towers with Radar,0,23,51,2,76,0,4,8,4,16,0,27,59,6,92,22,0,22,114
04/01/2022,STP,MN,AGL,CE,Towers with Radar,1,19,52,1,73,0,2,27,2,31,1,21,79,3,104,8,0,8,112
04/02/2022,STP,MN,AGL,CE,Towers with Radar,0,8,9,0,17,0,3,48,0,51,0,11,57,0,68,18,0,18,86
04/03/2022,STP,MN,AGL,CE,Towers with Radar,1,10,30,0,41,0,3,13,0,16,1,13,43,0,57,16,0,16,73
04/04/2022,STP,MN,AGL,CE,Towers with Radar,0,35,41,0,76,0,0,8,0,8,0,35,49,0,84,22,0,22,106
04/05/2022,STP,MN,AGL,CE,Towers with Radar,0,12,27,4,43,0,0,2,4,6,0,12,29,8,49,0,0,0,49
04/06/2022,STP,MN,AGL,CE,Towers with Radar,0,16,40,0,56,0,0,2,0,2,0,16,42,0,58,0,4,4,62
04/07/2022,STP,MN,AGL,CE,Towers with Radar,0,20,41,0,61,0,1,0,0,1,0,21,41,0,62,0,0,0,62
04/08/2022,STP,MN,AGL,CE,Towers with Radar,0,19,36,3,58,0,5,21,5,31,0,24,57,8,89,14,6,20,109
04/09/2022,STP,MN,AGL,CE,Towers with Radar,0,13,15,0,28,0,9,61,3,73,0,22,76,3,101,46,0,46,147
04/10/2022,STP,MN,AGL,CE,Towers with Radar,0,16,32,0,48,0,5,19,2,26,0,21,51,2,74,8,0,8,82
04/11/2022,STP,MN,AGL,CE,Towers with Radar,0,10,35,2,47,0,4,12,4,20,0,14,47,6,67,14,0,14,81
04/12/2022,STP,MN,AGL,CE,Towers with Radar,0,16,37,2,55,0,0,8,2,10,0,16,45,4,65,6,0,6,71
04/13/2022,STP,MN,AGL,CE,Towers with Radar,0,9,38,3,50,0,0,13,16,29,0,9,51,19,79,6,0,6,85
04/14/2022,STP,MN,AGL,CE,Towers with Radar,0,8,17,0,25,0,0,0,4,4,0,8,17,4,29,0,12,12,41
04/15/2022,STP,MN,AGL,CE,Towers with Radar,0,9,30,0,39,0,0,9,0,9,0,9,39,0,48,22,0,22,70
04/16/2022,STP,MN,AGL,CE,Towers with Radar,0,6,31,0,37,0,1,57,0,58,0,7,88,0,95,31,0,31,126
04/17/2022,STP,MN,AGL,CE,Towers with Radar,0,14,11,0,25,0,2,5,0,7,0,16,16,0,32,10,0,10,42
04/18/2022,STP,MN,AGL,CE,Towers with Radar,0,25,34,4,63,0,1,2,0,3,0,26,36,4,66,0,0,0,66
04/19/2022,STP,MN,AGL,CE,Towers with Radar,0,37,71,1,109,0,4,38,9,51,0,41,109,10,160,26,0,26,186
04/20/2022,STP,MN,AGL,CE,Towers with Radar,0,13,57,5,75,0,0,9,2,11,0,13,66,7,86,0,0,0,86
04/21/2022,STP,MN,AGL,CE,Towers with Radar,0,20,39,3,62,0,2,31,18,51,0,22,70,21,113,54,4,58,171
04/22/2022,STP,MN,AGL,CE,Towers with Radar,0,14,44,2,60,0,0,3,2,5,0,14,47,4,65,10,2,12,77
04/23/2022,STP,MN,AGL,CE,Towers with Radar,1,16,8,0,25,0,0,5,0,5,1,16,13,0,30,0,0,0,30
04/24/2022,STP,MN,AGL,CE,Towers with Radar,0,7,21,0,28,0,3,8,0,11,0,10,29,0,39,0,0,0,39
04/25/2022,STP,MN,AGL,CE,Towers with Radar,0,9,23,2,34,0,0,7,2,9,0,9,30,4,43,0,0,0,43
04/26/2022,STP,MN,AGL,CE,Towers with Radar,0,15,46,11,72,0,5,30,6,41,0,20,76,17,113,16,18,34,147
04/27/2022,STP,MN,AGL,CE,Towers with Radar,0,20,47,2,69,0,13,38,15,66,0,33,85,17,135,60,2,62,197
04/28/2022,STP,MN,AGL,CE,Towers with Radar,0,11,46,2,59,0,0,20,11,31,0,11,66,13,90,26,18,44,134
04/29/2022,STP,MN,AGL,CE,Towers with Radar,1,14,36,2,53,0,0,7,0,7,1,14,43,2,60,4,0,4,64
04/30/2022,STP,MN,AGL,CE,Towers with Radar,0,9,18,0,27,0,1,0,0,1,0,10,18,0,28,0,0,0,28
05/01/2022,STP,MN,AGL,CE,Towers with Radar,0,11,14,0,25,0,0,4,0,4,0,11,18,0,29,0,0,0,29
05/02/2022,STP,MN,AGL,CE,Towers with Radar,0,17,31,3,51,0,0,12,3,15,0,17,43,6,66,42,0,42,108
05/03/2022,STP,MN,AGL,CE,Towers with Radar,0,19,43,2,64,0,6,35,24,65,0,25,78,26,129,26,0,26,155
05/04/2022,STP,MN,AGL,CE,Towers with Radar,0,28,56,1,85,0,15,32,9,56,0,43,88,10,141,14,12,26,167
05/05/2022,STP,MN,AGL,CE,Towers with Radar,0,19,38,0,57,0,7,29,5,41,0,26,67,5,98,30,0,30,128
05/06/2022,STP,MN,AGL,CE,Towers with Radar,0,28,51,2,81,0,3,27,6,36,0,31,78,8,117,8,0,8,125
05/07/2022,STP,MN,AGL,CE,Towers with Radar,0,10,18,0,28,0,0,77,1,78,0,10,95,1,106,6,0,6,112
05/08/2022,STP,MN,AGL,CE,Towers with Radar,1,19,24,0,44,0,3,5,0,8,1,22,29,0,52,2,0,2,54
05/09/2022,STP,MN,AGL,CE,Towers with Radar,1,13,40,8,62,0,0,12,0,12,1,13,52,8,74,8,0,8,82
05/10/2022,STP,MN,AGL,CE,Towers with Radar,0,34,48,1,83,0,13,29,1,43,0,47,77,2,126,31,0,31,157
05/11/2022,STP,MN,AGL,CE,Towers with Radar,1,20,40,1,62,0,0,8,1,9,1,20,48,2,71,8,0,8,79
05/12/2022,STP,MN,AGL,CE,Towers with Radar,0,14,31,2,47,0,0,10,2,12,0,14,41,4,59,4,0,4,63
05/13/2022,STP,MN,AGL,CE,Towers with Radar,0,19,31,0,50,0,0,29,7,36,0,19,60,7,86,18,0,18,104
05/14/2022,STP,MN,AGL,CE,Towers with Radar,0,12,20,0,32,0,3,83,4,90,0,15,103,4,122,80,0,80,202
05/15/2022,STP,MN,AGL,CE,Towers with Radar,0,14,30,0,44,0,3,31,2,36,0,17,61,2,80,28,0,28,108
05/16/2022,STP,MN,AGL,CE,Towers with Radar,0,16,51,0,67,0,2,35,2,39,0,18,86,2,106,38,0,38,144
05/17/2022,STP,MN,AGL,CE,Towers with Radar,1,19,61,0,81,0,6,34,0,40,1,25,95,0,121,22,0,22,143
05/18/2022,STP,MN,AGL,CE,Towers with Radar,0,14,40,1,55,0,0,26,7,33,0,14,66,8,88,12,0,12,100
05/19/2022,STP,MN,AGL,CE,Towers with Radar,0,27,58,2,87,0,0,15,0,15,0,27,73,2,102,18,0,18,120
05/20/2022,STP,MN,AGL,CE,Towers with Radar,0,15,45,2,62,0,2,16,0,18,0,17,61,2,80,0,0,0,80
05/21/2022,STP,MN,AGL,CE,Towers with Radar,0,7,37,0,44,0,2,74,6,82,0,9,111,6,126,32,0,32,158
05/22/2022,STP,MN,AGL,CE,Towers with Radar,0,20,35,0,55,0,2,33,2,37,0,22,68,2,92,30,0,30,122
05/23/2022,STP,MN,AGL,CE,Towers with Radar,0,13,33,0,46,0,4,35,1,40,0,17,68,1,86,18,0,18,104
05/24/2022,STP,MN,AGL,CE,Towers with Radar,0,20,55,4,79,0,12,48,5,65,0,32,103,9,144,34,0,34,178
05/25/2022,STP,MN,AGL,CE,Towers with Radar,0,25,55,4,84,0,0,0,0,0,0,25,55,4,84,0,0,0,84
05/26/2022,STP,MN,AGL,CE,Towers with Radar,0,10,66,4,80,0,5,18,5,28,0,15,84,9,108,31,2,33,141
05/27/2022,STP,MN,AGL,CE,Towers with Radar,0,18,47,0,65,0,11,40,2,53,0,29,87,2,118,64,0,64,182
05/28/2022,STP,MN,AGL,CE,Towers with Radar,0,17,8,0,25,0,10,28,0,38,0,27,36,0,63,42,0,42,105
05/29/2022,STP,MN,AGL,CE,Towers with Radar,0,13,17,0,30,0,1,2,0,3,0,14,19,0,33,0,0,0,33
05/30/2022,STP,MN,AGL,CE,Towers with Radar,0,9,13,0,22,0,1,10,0,11,0,10,23,0,33,6,0,6,39
05/31/2022,STP,MN,AGL,CE,Towers with Radar,0,19,32,5,56,0,0,5,4,9,0,19,37,9,65,0,0,0,65
06/01/2022,STP,MN,AGL,CE,Towers with Radar,0,19,46,0,65,0,7,35,17,59,0,26,81,17,124,68,14,82,206
06/02/2022,STP,MN,AGL,CE,Towers with Radar,0,15,41,2,58,0,5,28,5,38,0,20,69,7,96,28,0,28,124
06/03/2022,STP,MN,AGL,CE,Towers with Radar,0,22,43,1,66,0,11,31,2,44,0,33,74,3,110,42,0,42,152
06/04/2022,STP,MN,AGL,CE,Towers with Radar,0,4,22,3,29,0,0,66,0,66,0,4,88,3,95,36,0,36,131
06/05/2022,STP,MN,AGL,CE,Towers with Radar,0,12,31,0,43,0,3,24,0,27,0,15,55,0,70,28,0,28,98
06/06/2022,STP,MN,AGL,CE,Towers with Radar,0,19,51,1,71,0,9,35,4,48,0,28,86,5,119,20,0,20,139
06/07/2022,STP,MN,AGL,CE,Towers with Radar,0,20,57,4,81,0,6,34,5,45,0,26,91,9,126,34,0,34,160
06/08/2022,STP,MN,AGL,CE,Towers with Radar,0,15,43,2,60,0,4,38,16,58,0,19,81,18,118,17,0,17,135
06/09/2022,STP,MN,AGL,CE,Towers with Radar,1,17,33,0,51,0,0,32,12,44,1,17,65,12,95,42,0,42,137
06/10/2022,STP,MN,AGL,CE,Towers with Radar,0,20,44,0,64,0,0,37,9,46,0,20,81,9,110,22,0,22,132
06/11/2022,STP,MN,AGL,CE,Towers with Radar,0,25,17,0,42,0,3,51,0,54,0,28,68,0,96,7,0,7,103
06/12/2022,STP,MN,AGL,CE,Towers with Radar,0,19,42,0,61,0,4,21,0,25,0,23,63,0,86,10,0,10,96
06/13/2022,STP,MN,AGL,CE,Towers with Radar,0,28,50,2,80,0,0,10,1,11,0,28,60,3,91,30,0,30,121
06/14/2022,STP,MN,AGL,CE,Towers with Radar,0,29,49,2,80,0,1,23,15,39,0,30,72,17,119,4,8,12,131
06/15/2022,STP,MN,AGL,CE,Towers with Radar,0,14,32,2,48,0,1,28,13,42,0,15,60,15,90,38,0,38,128
06/16/2022,STP,MN,AGL,CE,Towers with Radar,0,18,41,0,59,0,5,10,12,27,0,23,51,12,86,10,2,12,98
06/17/2022,STP,MN,AGL,CE,Towers with Radar,0,29,60,0,89,0,6,30,2,38,0,35,90,2,127,68,0,68,195
06/18/2022,STP,MN,AGL,CE,Towers with Radar,0,10,18,0,28,0,1,82,0,83,0,11,100,0,111,88,0,88,199
06/19/2022,STP,MN,AGL,CE,Towers with Radar,0,10,30,0,40,0,0,18,0,18,0,10,48,0,58,6,0,6,64
06/20/2022,STP,MN,AGL,CE,Towers with Radar,0,18,54,0,72,0,1,30,0,31,0,19,84,0,103,4,0,4,107
06/21/2022,STP,MN,AGL,CE,Towers with Radar,0,15,55,0,70,0,6,31,9,46,0,21,86,9,116,36,0,36,152
06/22/2022,STP,MN,AGL,CE,Towers with Radar,0,28,32,2,62,0,5,51,4,60,0,33,83,6,122,106,0,106,228
06/23/2022,STP,MN,AGL,CE,Towers with Radar,0,22,49,2,73,0,10,31,6,47,0,32,80,8,120,46,2,48,168
06/24/2022,STP,MN,AGL,CE,Towers with Radar,0,10,62,0,72,0,3,28,1,32,0,13,90,1,104,38,0,38,142
06/25/2022,STP,MN,AGL,CE,Towers with Radar,0,14,20,0,34,0,2,82,5,89,0,16,102,5,123,6,8,14,137
06/26/2022,STP,MN,AGL,CE,Towers with Radar,0,6,27,0,33,0,8,10,3,21,0,14,37,3,54,6,0,6,60
06/27/2022,STP,MN,AGL,CE,Towers with Radar,0,29,51,2,82,0,9,48,0,57,0,38,99,2,139,58,0,58,197
06/28/2022,STP,MN,AGL,CE,Towers with Radar,0,14,48,0,62,0,3,35,14,52,0,17,83,14,114,30,0,30,144
06/29/2022,STP,MN,AGL,CE,Towers with Radar,0,16,42,4,62,0,3,19,13,35,0,19,61,17,97,8,0,8,105
06/30/2022,STP,MN,AGL,CE,Towers with Radar,0,24,42,0,66,0,1,35,6,42,0,25,77,6,108,24,0,24,132
07/01/2022,STP,MN,AGL,CE,Towers with Radar,0,12,27,4,43,0,2,29,0,31,0,14,56,4,74,26,0,26,100
07/02/2022,STP,MN,AGL,CE,Towers with Radar,0,8,13,2,23,0,1,76,2,79,0,9,89,4,102,22,0,22,124
07/03/2022,STP,MN,AGL,CE,Towers with Radar,0,2,15,0,17,0,2,20,0,22,0,4,35,0,39,4,0,4,43
07/04/2022,STP,MN,AGL,CE,Towers with Radar,0,10,14,0,24,0,3,5,0,8,0,13,19,0,32,0,0,0,32
07/05/2022,STP,MN,AGL,CE,Towers with Radar,0,15,35,0,50,0,1,14,0,15,0,16,49,0,65,8,0,8,73
07/06/2022,STP,MN,AGL,CE,Towers with Radar,0,19,43,3,65,0,0,32,7,39,0,19,75,10,104,70,0,70,174
07/07/2022,STP,MN,AGL,CE,Towers with Radar,0,12,45,5,62,0,4,9,9,22,0,16,54,14,84,6,12,18,102
07/08/2022,STP,MN,AGL,CE,Towers with Radar,0,10,52,0,62,0,0,19,1,20,0,10,71,1,82,16,0,16,98
07/09/2022,STP,MN,AGL,CE,Towers with Radar,0,6,19,1,26,0,5,91,1,97,0,11,110,2,123,56,0,56,179
07/10/2022,STP,MN,AGL,CE,Towers with Radar,0,15,25,0,40,0,2,21,0,23,0,17,46,0,63,4,0,4,67
07/11/2022,STP,MN,AGL,CE,Towers with Radar,0,9,25,2,36,0,1,13,3,17,0,10,38,5,53,16,0,16,69
07/12/2022,STP,MN,AGL,CE,Towers with Radar,0,10,37,1,48,0,0,27,4,31,0,10,64,5,79,32,0,32,111
07/13/2022,STP,MN,AGL,CE,Towers with Radar,0,16,50,2,68,0,0,38,4,42,0,16,88,6,110,48,0,48,158
07/14/2022,STP,MN,AGL,CE,Towers with Radar,0,13,52,2,67,0,2,21,11,34,0,15,73,13,101,58,16,74,175
07/15/2022,STP,MN,AGL,CE,Towers with Radar,0,22,34,0,56,0,3,27,5,35,0,25,61,5,91,50,0,50,141
07/16/2022,STP,MN,AGL,CE,Towers with Radar,0,9,14,0,23,0,0,44,44,88,0,9,58,44,111,56,0,56,167
07/17/2022,STP,MN,AGL,CE,Towers with Radar,0,18,27,2,47,0,2,25,2,29,0,20,52,4,76,22,0,22,98
07/18/2022,STP,MN,AGL,CE,Towers with Radar,0,20,40,0,60,0,4,27,7,38,0,24,67,7,98,44,0,44,142
07/19/2022,STP,MN,AGL,CE,Towers with Radar,0,30,39,0,69,0,0,15,8,23,0,30,54,8,92,6,0,6,98
07/20/2022,STP,MN,AGL,CE,Towers with Radar,2,12,63,0,77,0,5,19,14,38,2,17,82,14,115,24,3,27,142
07/21/2022,STP,MN,AGL,CE,Towers with Radar,0,22,46,1,69,0,0,30,15,45,0,22,76,16,114,18,0,18,132
07/22/2022,STP,MN,AGL,CE,Towers with Radar,1,15,36,0,52,0,12,36,2,50,1,27,72,2,102,56,0,56,158
07/23/2022,STP,MN,AGL,CE,Towers with Radar,0,6,15,0,21,0,3,14,0,17,0,9,29,0,38,12,0,12,50
07/24/2022,STP,MN,AGL,CE,Towers with Radar,0,12,31,0,43,0,1,34,3,38,0,13,65,3,81,42,0,42,123
07/25/2022,STP,MN,AGL,CE,Towers with Radar,0,19,43,0,62,0,6,36,2,44,0,25,79,2,106,136,0,136,242
07/26/2022,STP,MN,AGL,CE,Towers with Radar,0,19,36,0,55,0,0,19,5,24,0,19,55,5,79,2,26,28,107
07/27/2022,STP,MN,AGL,CE,Towers with Radar,0,31,42,0,73,0,7,36,0,43,0,38,78,0,116,24,0,24,140
07/28/2022,STP,MN,AGL,CE,Towers with Radar,1,17,59,2,79,0,4,28,2,34,1,21,87,4,113,30,2,32,145
07/29/2022,STP,MN,AGL,CE,Towers with Radar,1,16,55,0,72,0,5,27,4,36,1,21,82,4,108,24,0,24,132
07/30/2022,STP,MN,AGL,CE,Towers with Radar,0,9,26,0,35,0,2,94,0,96,0,11,120,0,131,10,0,10,141
07/31/2022,STP,MN,AGL,CE,Towers with Radar,0,10,36,0,46,0,0,12,0,12,0,10,48,0,58,0,0,0,58
08/01/2022,STP,MN,AGL,CE,Towers with Radar,0,23,45,3,71,0,6,37,1,44,0,29,82,4,115,32,0,32,147
08/02/2022,STP,MN,AGL,CE,Towers with Radar,0,13,44,2,59,0,3,20,14,37,0,16,64,16,96,28,8,36,132
08/03/2022,STP,MN,AGL,CE,Towers with Radar,0,39,47,3,89,0,2,22,8,32,0,41,69,11,121,12,0,12,133
08/04/2022,STP,MN,AGL,CE,Towers with Radar,0,23,37,0,60,0,0,34,9,43,0,23,71,9,103,29,2,31,134
08/05/2022,STP,MN,AGL,CE,Towers with Radar,0,19,39,0,58,0,0,34,4,38,0,19,73,4,96,6,0,6,102
08/06/2022,STP,MN,AGL,CE,Towers with Radar,0,10,14,0,24,0,1,7,1,9,0,11,21,1,33,4,0,4,37
08/07/2022,STP,MN,AGL,CE,Towers with Radar,0,17,43,0,60,0,0,26,0,26,0,17,69,0,86,14,0,14,100
08/08/2022,STP,MN,AGL,CE,Towers with Radar,0,18,41,1,60,0,5,57,5,67,0,23,98,6,127,108,0,108,235
08/09/2022,STP,MN,AGL,CE,Towers with Radar,0,34,77,2,113,0,9,95,6,110,0,43,172,8,223,166,0,166,389
08/10/2022,STP,MN,AGL,CE,Towers with Radar,0,13,57,1,71,0,6,97,10,113,0,19,154,11,184,84,10,94,278
08/11/2022,STP,MN,AGL,CE,Towers with Radar,0,16,53,5,74,0,4,68,19,91,0,20,121,24,165,74,0,74,239
08/12/2022,STP,MN,AGL,CE,Towers with Radar,0,17,38,0,55,0,2,24,4,30,0,19,62,4,85,6,0,6,91
08/13/2022,STP,MN,AGL,CE,Towers with Radar,0,9,26,1,36,0,0,61,9,70,0,9,87,10,106,144,0,144,250
08/14/2022,STP,MN,AGL,CE,Towers with Radar,0,18,49,0,67,0,1,27,0,28,0,19,76,0,95,22,0,22,117
08/15/2022,STP,MN,AGL,CE,Towers with Radar,0,11,43,4,58,0,5,70,2,77,0,16,113,6,135,157,4,161,296
08/16/2022,STP,MN,AGL,CE,Towers with Radar,0,23,51,7,81,0,4,77,13,94,0,27,128,20,175,186,6,192,367
08/17/2022,STP,MN,AGL,CE,Towers with Radar,1,14,46,3,64,0,0,61,7,68,1,14,107,10,132,64,4,68,200
08/18/2022,STP,MN,AGL,CE,Towers with Radar,0,15,40,4,59,0,0,46,3,49,0,15,86,7,108,68,0,68,176
08/19/2022,STP,MN,AGL,CE,Towers with Radar,0,13,45,0,58,0,1,18,1,20,0,14,63,1,78,78,6,84,162
08/20/2022,STP,MN,AGL,CE,Towers with Radar,0,11,31,0,42,0,0,87,0,87,0,11,118,0,129,80,0,80,209
08/21/2022,STP,MN,AGL,CE,Towers with Radar,0,13,40,0,53,0,1,78,0,79,0,14,118,0,132,76,0,76,208
08/22/2022,STP,MN,AGL,CE,Towers with Radar,0,19,63,4,86,0,3,53,8,64,0,22,116,12,150,162,0,162,312
08/23/2022,STP,MN,AGL,CE,Towers with Radar,0,15,44,11,70,0,2,75,10,87,0,17,119,21,157,90,0,90,247
08/24/2022,STP,MN,AGL,CE,Towers with Radar,0,18,64,6,88,0,1,56,3,60,0,19,120,9,148,195,0,195,343
08/25/2022,STP,MN,AGL,CE,Towers with Radar,0,19,56,5,80,0,1,49,11,61,0,20,105,16,141,82,0,82,223
08/26/2022,STP,MN,AGL,CE,Towers with Radar,0,12,48,1,61,0,3,76,5,84,0,15,124,6,145,194,0,194,339
08/27/2022,STP,MN,AGL,CE,Towers with Radar,0,7,23,0,30,0,1,40,0,41,0,8,63,0,71,18,0,18,89
08/28/2022,STP,MN,AGL,CE,Towers with Radar,0,11,32,0,43,0,0,15,0,15,0,11,47,0,58,10,0,10,68
08/29/2022,STP,MN,AGL,CE,Towers with Radar,0,14,46,2,62,0,1,23,6,30,0,15,69,8,92,4,0,4,96
08/30/2022,STP,MN,AGL,CE,Towers with Radar,0,16,36,7,59,0,3,34,16,53,0,19,70,23,112,9,4,13,125
08/31/2022,STP,MN,AGL,CE,Towers with Radar,0,19,35,2,56,0,6,47,6,59,0,25,82,8,115,40,0,40,155
09/01/2022,STP,MN,AGL,CE,Towers with Radar,0,12,33,2,47,0,6,37,17,60,0,18,70,19,107,30,0,30,137
09/02/2022,STP,MN,AGL,CE,Towers with Radar,0,9,33,0,42,0,1,24,3,28,0,10,57,3,70,22,6,28,98
09/03/2022,STP,MN,AGL,CE,Towers with Radar,0,6,23,0,29,0,3,73,0,76,0,9,96,0,105,44,0,44,149
09/04/2022,STP,MN,AGL,CE,Towers with Radar,0,7,8,0,15,0,1,29,0,30,0,8,37,0,45,30,0,30,75
09/05/2022,STP,MN,AGL,CE,Towers with Radar,1,22,27,0,50,0,1,24,0,25,1,23,51,0,75,22,0,22,97
09/06/2022,STP,MN,AGL,CE,Towers with Radar,0,15,39,2,56,0,1,28,0,29,0,16,67,2,85,47,0,47,132
09/07/2022,STP,MN,AGL,CE,Towers with Radar,0,16,48,8,72,0,1,32,11,44,0,17,80,19,116,20,22,42,158
09/08/2022,STP,MN,AGL,CE,Towers with Radar,0,36,41,4,81,0,2,21,24,47,0,38,62,28,128,24,0,24,152
09/09/2022,STP,MN,AGL,CE,Towers with Radar,1,12,53,0,66,0,0,2,0,2,1,12,55,0,68,0,0,0,68
09/10/2022,STP,MN,AGL,CE,Towers with Radar,0,5,27,0,32,0,0,66,0,66,0,5,93,0,98,30,0,30,128
09/11/2022,STP,MN,AGL,CE,Towers with Radar,1,26,65,0,92,0,3,30,0,33,1,29,95,0,125,30,0,30,155
09/12/2022,STP,MN,AGL,CE,Towers with Radar,0,18,69,2,89,0,1,31,5,37,0,19,100,7,126,42,0,42,168
09/13/2022,STP,MN,AGL,CE,Towers with Radar,0,25,57,5,87,0,5,27,17,49,0,30,84,22,136,12,12,24,160
09/14/2022,STP,MN,AGL,CE,Towers with Radar,0,26,42,2,70,0,0,19,22,41,0,26,61,24,111,2,12,14,125
09/15/2022,STP,MN,AGL,CE,Towers with Radar,0,24,37,1,62,0,0,17,7,24,0,24,54,8,86,0,0,0,86
09/16/2022,STP,MN,AGL,CE,Towers with Radar,0,18,43,0,61,0,4,23,7,34,0,22,66,7,95,29,0,29,124
09/17/2022,STP,MN,AGL,CE,Towers with Radar,0,7,22,0,29,0,0,63,0,63,0,7,85,0,92,34,0,34,126
09/18/2022,STP,MN,AGL,CE,Towers with Radar,0,16,25,3,44,0,2,52,0,54,0,18,77,3,98,6,0,6,104
09/19/2022,STP,MN,AGL,CE,Towers with Radar,0,18,41,3,62,0,3,17,2,22,0,21,58,5,84,16,0,16,100
09/20/2022,STP,MN,AGL,CE,Towers with Radar,0,14,58,5,77,0,1,21,11,33,0,15,79,16,110,20,22,42,152
09/21/2022,STP,MN,AGL,CE,Towers with Radar,0,28,55,2,85,0,1,31,11,43,0,29,86,13,128,4,10,14,142
09/22/2022,STP,MN,AGL,CE,Towers with Radar,0,18,59,1,78,0,1,49,4,54,0,19,108,5,132,112,0,112,244
09/23/2022,STP,MN,AGL,CE,Towers with Radar,0,25,51,0,76,0,1,17,6,24,0,26,68,6,100,48,0,48,148
09/24/2022,STP,MN,AGL,CE,Towers with Radar,0,1,36,0,37,0,0,68,0,68,0,1,104,0,105,22,0,22,127
09/25/2022,STP,MN,AGL,CE,Towers with Radar,0,29,27,2,58,0,0,48,0,48,0,29,75,2,106,8,0,8,114
09/26/2022,STP,MN,AGL,CE,Towers with Radar,0,16,34,1,51,0,4,23,6,33,0,20,57,7,84,14,0,14,98
09/27/2022,STP,MN,AGL,CE,Towers with Radar,0,18,40,1,59,0,0,25,8,33,0,18,65,9,92,32,16,48,140
09/28/2022,STP,MN,AGL,CE,Towers with Radar,0,12,40,0,52,0,2,34,2,38,0,14,74,2,90,50,0,50,140
09/29/2022,STP,MN,AGL,CE,Towers with Radar,0,16,45,2,63,0,0,28,3,31,0,16,73,5,94,36,0,36,130
09/30/2022,STP,MN,AGL,CE,Towers with Radar,0,15,46,0,61,0,0,47,1,48,0,15,93,1,109,98,0,98,207
10/01/2022,STP,MN,AGL,CE,Towers with Radar,0,14,31,0,45,0,2,44,0,46,0,16,75,0,91,36,0,36,127
10/02/2022,STP,MN,AGL,CE,Towers with Radar,0,18,36,0,54,0,0,29,0,29,0,18,65,0,83,25,0,25,108
10/03/2022,STP,MN,AGL,CE,Towers with Radar,0,20,41,3,64,0,0,29,6,35,0,20,70,9,99,6,0,6,105
10/04/2022,STP,MN,AGL,CE,Towers with Radar,1,21,57,3,82,0,0,44,26,70,1,21,101,29,152,38,10,48,200
10/05/2022,STP,MN,AGL,CE,Towers with Radar,0,21,45,8,74,0,2,24,16,42,0,23,69,24,116,18,0,18,134
10/06/2022,STP,MN,AGL,CE,Towers with Radar,0,29,43,5,77,0,3,21,16,40,0,32,64,21,117,22,0,22,139
10/07/2022,STP,MN,AGL,CE,Towers with Radar,0,25,50,4,79,0,0,29,7,36,0,25,79,11,115,34,0,34,149
10/08/2022,STP,MN,AGL,CE,Towers with Radar,0,15,35,0,50,0,2,62,0,64,0,17,97,0,114,34,0,34,148
10/09/2022,STP,MN,AGL,CE,Towers with Radar,0,33,71,3,107,0,0,26,0,26,0,33,97,3,133,28,0,28,161
10/10/2022,STP,MN,AGL,CE,Towers with Radar,0,24,44,0,68,0,5,25,0,30,0,29,69,0,98,40,0,40,138
10/11/2022,STP,MN,AGL,CE,Towers with Radar,0,22,47,0,69,0,3,16,4,23,0,25,63,4,92,10,0,10,102
10/12/2022,STP,MN,AGL,CE,Towers with Radar,0,22,45,2,69,0,4,13,15,32,0,26,58,17,101,16,8,24,125
10/13/2022,STP,MN,AGL,CE,Towers with Radar,0,20,31,11,62,0,5,19,6,30,0,25,50,17,92,18,2,20,112
10/14/2022,STP,MN,AGL,CE,Towers with Radar,0,22,22,1,45,0,1,6,1,8,0,23,28,2,53,0,0,0,53
10/15/2022,STP,MN,AGL,CE,Towers with Radar,0,10,21,0,31,0,0,77,5,82,0,10,98,5,113,18,0,18,131
10/16/2022,STP,MN,AGL,CE,Towers with Radar,0,23,27,0,50,0,1,14,0,15,0,24,41,0,65,10,0,10,75
10/17/2022,STP,MN,AGL,CE,Towers with Radar,1,32,39,2,74,0,0,12,4,16,1,32,51,6,90,14,0,14,104
10/18/2022,STP,MN,AGL,CE,Towers with Radar,0,21,49,4,74,0,4,19,10,33,0,25,68,14,107,22,2,24,131
10/19/2022,STP,MN,AGL,CE,Towers with Radar,0,33,52,3,88,0,0,41,6,47,0,33,93,9,135,34,6,40,175
10/20/2022,STP,MN,AGL,CE,Towers with Radar,0,19,39,2,60,0,2,32,11,45,0,21,71,13,105,40,8,48,153
10/21/2022,STP,MN,AGL,CE,Towers with Radar,0,17,27,0,44,0,0,43,0,43,0,17,70,0,87,56,0,56,143
10/22/2022,STP,MN,AGL,CE,Towers with Radar,0,8,22,0,30,0,1,43,0,44,0,9,65,0,74,0,0,0,74
10/23/2022,STP,MN,AGL,CE,Towers with Radar,1,18,19,0,38,0,2,12,1,15,1,20,31,1,53,0,0,0,53
10/24/2022,STP,MN,AGL,CE,Towers with Radar,0,10,38,2,50,0,0,13,9,22,0,10,51,11,72,2,0,2,74
10/25/2022,STP,MN,AGL,CE,Towers with Radar,0,21,39,5,65,0,3,17,25,45,0,24,56,30,110,52,0,52,162
10/26/2022,STP,MN,AGL,CE,Towers with Radar,0,16,60,2,78,0,2,31,15,48,0,18,91,17,126,12,2,14,140
10/27/2022,STP,MN,AGL,CE,Towers with Radar,2,24,43,1,70,0,0,14,5,19,2,24,57,6,89,22,0,22,111
10/28/2022,STP,MN,AGL,CE,Towers with Radar,0,13,39,7,59,0,0,31,3,34,0,13,70,10,93,40,2,42,135
10/29/2022,STP,MN,AGL,CE,Towers with Radar,0,9,20,0,29,0,3,71,0,74,0,12,91,0,103,44,0,44,147
10/30/2022,STP,MN,AGL,CE,Towers with Radar,0,21,71,0,92,0,0,21,0,21,0,21,92,0,113,12,0,12,125
10/31/2022,STP,MN,AGL,CE,Towers with Radar,0,16,47,4,67,0,2,14,2,18,0,18,61,6,85,14,0,14,99
11/01/2022,STP,MN,AGL,CE,Towers with Radar,0,18,45,2,65,0,2,36,12,50,0,20,81,14,115,32,4,36,151
11/02/2022,STP,MN,AGL,CE,Towers with Radar,0,21,45,4,70,0,0,6,18,24,0,21,51,22,94,2,4,6,100
11/03/2022,STP,MN,AGL,CE,Towers with Radar,1,15,51,0,67,0,1,7,8,16,1,16,58,8,83,12,4,16,99
11/04/2022,STP,MN,AGL,CE,Towers with Radar,0,13,36,2,51,0,0,12,0,12,0,13,48,2,63,38,0,38,101
11/05/2022,STP,MN,AGL,CE,Towers with Radar,0,3,17,0,20,0,0,7,0,7,0,3,24,0,27,4,0,4,31
11/06/2022,STP,MN,AGL,CE,Towers with Radar,0,4,29,0,33,0,0,6,0,6,0,4,35,0,39,8,0,8,47
11/07/2022,STP,MN,AGL,CE,Towers with Radar,0,28,58,0,86,0,0,36,4,40,0,28,94,4,126,44,0,44,170
11/08/2022,STP,MN,AGL,CE,Towers with Radar,0,12,37,4,53,0,2,6,3,11,0,14,43,7,64,0,0,0,64
11/09/2022,STP,MN,AGL,CE,Towers with Radar,0,11,48,6,65,0,0,0,5,5,0,11,48,11,70,12,14,26,96
11/10/2022,STP,MN,AGL,CE,Towers with Radar,1,15,46,2,64,0,1,0,0,1,1,16,46,2,65,6,0,6,71
11/11/2022,STP,MN,AGL,CE,Towers with Radar,0,10,30,0,40,0,0,6,0,6,0,10,36,0,46,0,0,0,46
11/12/2022,STP,MN,AGL,CE,Towers with Radar,0,9,15,0,24,0,3,48,0,51,0,12,63,0,75,12,0,12,87
11/13/2022,STP,MN,AGL,CE,Towers with Radar,1,9,27,2,39,0,5,12,0,17,1,14,39,2,56,38,0,38,94
11/14/2022,STP,MN,AGL,CE,Towers with Radar,0,16,38,0,54,0,0,1,0,1,0,16,39,0,55,0,0,0,55
11/15/2022,STP,MN,AGL,CE,Towers with Radar,0,6,31,0,37,0,0,0,0,0,0,6,31,0,37,0,0,0,37
11/16/2022,STP,MN,AGL,CE,Towers with Radar,0,9,29,2,40,0,0,5,8,13,0,9,34,10,53,0,40,40,93
11/17/2022,STP,MN,AGL,CE,Towers with Radar,0,10,45,2,57,0,0,4,2,6,0,10,49,4,63,0,0,0,63
11/18/2022,STP,MN,AGL,CE,Towers with Radar,1,20,47,0,68,0,1,14,5,20,1,21,61,5,88,6,0,6,94
11/19/2022,STP,MN,AGL,CE,Towers with Radar,0,16,24,1,41,0,0,26,13,39,0,16,50,14,80,8,0,8,88
11/20/2022,STP,MN,AGL,CE,Towers with Radar,0,26,64,0,90,0,0,27,3,30,0,26,91,3,120,16,0,16,136
11/21/2022,STP,MN,AGL,CE,Towers with Radar,1,17,41,0,59,0,0,31,2,33,1,17,72,2,92,60,0,60,152
11/22/2022,STP,MN,AGL,CE,Towers with Radar,0,20,34,3,57,0,0,35,22,57,0,20,69,25,114,24,10,34,148
11/23/2022,STP,MN,AGL,CE,Towers with Radar,0,8,33,1,42,0,11,39,1,51,0,19,72,2,93,24,0,24,117
11/24/2022,STP,MN,AGL,CE,Towers with Radar,0,8,9,0,17,0,0,11,0,11,0,8,20,0,28,10,0,10,38
11/25/2022,STP,MN,AGL,CE,Towers with Radar,0,6,31,0,37,0,0,21,0,21,0,6,52,0,58,16,0,16,74
11/26/2022,STP,MN,AGL,CE,Towers with Radar,0,8,17,0,25,0,1,34,2,37,0,9,51,2,62,40,0,40,102
11/27/2022,STP,MN,AGL,CE,Towers with Radar,0,17,28,0,45,0,2,16,0,18,0,19,44,0,63,20,0,20,83
11/28/2022,STP,MN,AGL,CE,Towers with Radar,0,24,33,2,59,0,0,28,8,36,0,24,61,10,95,24,16,40,135
11/29/2022,STP,MN,AGL,CE,Towers with Radar,0,8,23,0,31,0,0,0,0,0,0,8,23,0,31,0,0,0,31
11/30/2022,STP,MN,AGL,CE,Towers with Radar,2,22,25,0,49,0,5,6,23,34,2,27,31,23,83,0,0,0,83
12/01/2022,STP,MN,AGL,CE,Towers with Radar,0,15,33,3,51,0,1,16,16,33,0,16,49,19,84,18,34,52,136
12/02/2022,STP,MN,AGL,CE,Towers with Radar,0,15,35,2,52,0,0,12,0,12,0,15,47,2,64,16,0,16,80
12/03/2022,STP,MN,AGL,CE,Towers with Radar,1,12,20,0,33,0,7,21,0,28,1,19,41,0,61,27,0,27,88
12/04/2022,STP,MN,AGL,CE,Towers with Radar,1,18,56,0,75,0,6,29,0,35,1,24,85,0,110,24,0,24,134
12/05/2022,STP,MN,AGL,CE,Towers with Radar,0,18,28,5,51,0,2,24,10,36,0,20,52,15,87,68,0,68,155
12/06/2022,STP,MN,AGL,CE,Towers with Radar,0,27,37,2,66,0,0,22,15,37,0,27,59,17,103,42,8,50,153
12/07/2022,STP,MN,AGL,CE,Towers with Radar,0,16,41,3,60,0,3,25,12,40,0,19,66,15,100,20,0,20,120
12/08/2022,STP,MN,AGL,CE,Towers with Radar,0,11,44,3,58,0,5,22,13,40,0,16,66,16,98,62,0,62,160
12/09/2022,STP,MN,AGL,CE,Towers with Radar,0,9,32,5,46,0,3,4,2,9,0,12,36,7,55,0,4,4,59
12/10/2022,STP,MN,AGL,CE,Towers with Radar,0,4,20,0,24,0,0,4,0,4,0,4,24,0,28,0,0,0,28
12/11/2022,STP,MN,AGL,CE,Towers with Radar,0,13,15,2,30,0,1,3,0,4,0,14,18,2,34,0,0,0,34
12/12/2022,STP,MN,AGL,CE,Towers with Radar,0,12,44,6,62,0,1,2,3,6,0,13,46,9,68,0,8,8,76
12/13/2022,STP,MN,AGL,CE,Towers with Radar,0,9,21,0,30,0,0,0,0,0,0,9,21,0,30,0,0,0,30
12/14/2022,STP,MN,AGL,CE,Towers with Radar,0,12,40,0,52,0,0,0,1,1,0,12,40,1,53,0,8,8,61
12/15/2022,STP,MN,AGL,CE,Towers with Radar,0,14,27,2,43,0,0,0,0,0,0,14,27,2,43,0,0,0,43
12/16/2022,STP,MN,AGL,CE,Towers with Radar,0,13,34,4,51,0,0,0,0,0,0,13,34,4,51,0,16,16,67
12/17/2022,STP,MN,AGL,CE,Towers with Radar,0,14,50,0,64,0,0,9,0,9,0,14,59,0,73,0,0,0,73
12/18/2022,STP,MN,AGL,CE,Towers with Radar,0,13,19,0,32,0,0,13,0,13,0,13,32,0,45,16,0,16,61
12/19/2022,STP,MN,AGL,CE,Towers with Radar,0,9,32,4,45,0,1,4,1,6,0,10,36,5,51,18,0,18,69
12/20/2022,STP,MN,AGL,CE,Towers with Radar,0,25,45,2,72,0,4,22,32,58,0,29,67,34,130,34,16,50,180
12/21/2022,STP,MN,AGL,CE,Towers with Radar,0,3,16,0,19,0,0,0,0,0,0,3,16,0,19,0,0,0,19
12/22/2022,STP,MN,AGL,CE,Towers with Radar,1,11,26,0,38,0,0,4,2,6,1,11,30,2,44,8,0,8,52
12/23/2022,STP,MN,AGL,CE,Towers with Radar,0,7,9,0,16,0,0,0,0,0,0,7,9,0,16,0,0,0,16
12/24/2022,STP,MN,AGL,CE,Towers with Radar,0,13,21,0,34,0,4,0,0,4,0,17,21,0,38,0,0,0,38
12/25/2022,STP,MN,AGL,CE,Towers with Radar,0,9,4,0,13,0,1,0,0,1,0,10,4,0,14,0,0,0,14
12/26/2022,STP,MN,AGL,CE,Towers with Radar,0,19,35,0,54,0,1,23,0,24,0,20,58,0,78,32,0,32,110
12/27/2022,STP,MN,AGL,CE,Towers with Radar,0,30,35,4,69,0,1,19,2,22,0,31,54,6,91,28,0,28,119
12/28/2022,STP,MN,AGL,CE,Towers with Radar,0,15,26,0,41,0,5,24,10,39,0,20,50,10,80,26,0,26,106
12/29/2022,STP,MN,AGL,CE,Towers with Radar,0,20,16,2,38,0,3,7,9,19,0,23,23,11,57,10,0,10,67
12/30/2022,STP,MN,AGL,CE,Towers with Radar,0,30,32,0,62,0,0,18,0,18,0,30,50,0,80,8,0,8,88
12/31/2022,STP,MN,AGL,CE,Towers with Radar,0,8,13,0,21,0,1,12,0,13,0,9,25,0,34,6,0,6,40
01/01/2023,STP,MN,AGL,CE,Towers with Radar,0,34,42,0,76,0,0,5,0,5,0,34,47,0,81,8,0,8,89
01/02/2023,STP,MN,AGL,CE,Towers with Radar,0,8,68,0,76,0,0,0,0,0,0,8,68,0,76,0,0,0,76
01/03/2023,STP,MN,AGL,CE,Towers with Radar,0,6,12,0,18,0,0,0,0,0,0,6,12,0,18,0,0,0,18
01/04/2023,STP,MN,AGL,CE,Towers with Radar,0,10,26,0,36,0,0,5,0,5,0,10,31,0,41,12,0,12,53
01/05/2023,STP,MN,AGL,CE,Towers with Radar,0,23,20,4,47,0,1,4,0,5,0,24,24,4,52,0,24,24,76
01/06/2023,STP,MN,AGL,CE,Towers with Radar,0,4,29,5,38,0,0,17,0,17,0,4,46,5,55,22,0,22,77
01/07/2023,STP,MN,AGL,CE,Towers with Radar,0,15,17,2,34,0,1,14,0,15,0,16,31,2,49,10,0,10,59
01/08/2023,STP,MN,AGL,CE,Towers with Radar,0,7,26,2,35,0,0,21,0,21,0,7,47,2,56,24,0,24,80
01/09/2023,STP,MN,AGL,CE,Towers with Radar,0,12,39,6,57,0,0,11,0,11,0,12,50,6,68,58,0,58,126
01/10/2023,STP,MN,AGL,CE,Towers with Radar,0,14,31,0,45,0,0,0,0,0,0,14,31,0,45,0,0,0,45
01/11/2023,STP,MN,AGL,CE,Towers with Radar,0,10,15,0,25,0,0,0,3,3,0,10,15,3,28,0,30,30,58
01/12/2023,STP,MN,AGL,CE,Towers with Radar,0,17,32,7,56,0,0,25,8,33,0,17,57,15,89,30,4,34,123
01/13/2023,STP,MN,AGL,CE,Towers with Radar,0,13,37,4,54,0,0,4,2,6,0,13,41,6,60,0,14,14,74
01/14/2023,STP,MN,AGL,CE,Towers with Radar,0,13,43,0,56,0,4,50,0,54,0,17,93,0,110,60,0,60,170
01/15/2023,STP,MN,AGL,CE,Towers with Radar,0,29,68,0,97,0,1,30,0,31,0,30,98,0,128,54,0,54,182
01/16/2023,STP,MN,AGL,CE,Towers with Radar,0,14,23,0,37,0,1,0,0,1,0,15,23,0,38,0,0,0,38
01/17/2023,STP,MN,AGL,CE,Towers with Radar,0,14,34,13,61,0,0,6,5,11,0,14,40,18,72,0,30,30,102
01/18/2023,STP,MN,AGL,CE,Towers with Radar,0,20,39,1,60,0,1,7,16,24,0,21,46,17,84,40,24,64,148
01/19/2023,STP,MN,AGL,CE,Towers with Radar,0,8,26,0,34,0,0,0,1,1,0,8,26,1,35,0,22,22,57
01/20/2023,STP,MN,AGL,CE,Towers with Radar,0,17,19,0,36,0,0,9,3,12,0,17,28,3,48,10,0,10,58
01/21/2023,STP,MN,AGL,CE,Towers with Radar,0,7,20,2,29,0,0,1,0,1,0,7,21,2,30,0,0,0,30
01/22/2023,STP,MN,AGL,CE,Towers with Radar,0,16,19,1,36,0,0,0,0,0,0,16,19,1,36,10,0,10,46
01/23/2023,STP,MN,AGL,CE,Towers with Radar,0,12,27,1,40,0,0,10,2,12,0,12,37,3,52,0,0,0,52
01/24/2023,STP,MN,AGL,CE,Towers with Radar,0,21,50,0,71,0,0,27,9,36,0,21,77,9,107,34,4,38,145
01/25/2023,STP,MN,AGL,CE,Towers with Radar,2,5,38,5,50,0,0,3,7,10,2,5,41,12,60,0,0,0,60
01/26/2023,STP,MN,AGL,CE,Towers with Radar,0,27,39,3,69,0,0,14,14,28,0,27,53,17,97,34,14,48,145
01/27/2023,STP,MN,AGL,CE,Towers with Radar,1,14,29,1,45,0,1,12,0,13,1,15,41,1,58,10,0,10,68
01/28/2023,STP,MN,AGL,CE,Towers with Radar,0,10,21,1,32,0,2,54,25,81,0,12,75,26,113,12,0,12,125
01/29/2023,STP,MN,AGL,CE,Towers with Radar,2,18,29,0,49,0,7,24,0,31,2,25,53,0,80,34,0,34,114
01/30/2023,STP,MN,AGL,CE,Towers with Radar,0,6,55,7,68,0,6,17,2,25,0,12,72,9,93,16,0,16,109
01/31/2023,STP,MN,AGL,CE,Towers with Radar,0,18,32,2,52,0,5,37,8,50,0,23,69,10,102,8,0,8,110
02/01/2023,STP,MN,AGL,CE,Towers with Radar,1,12,20,0,33,0,1,20,11,32,1,13,40,11,65,34,2,36,101
02/02/2023,STP,MN,AGL,CE,Towers with Radar,0,34,38,2,74,0,1,20,11,32,0,35,58,13,106,12,0,12,118
02/03/2023,STP,MN,AGL,CE,Towers with Radar,1,16,35,0,52,0,1,62,2,65,1,17,97,2,117,28,0,28,145
02/04/2023,STP,MN,AGL,CE,Towers with Radar,0,12,12,2,26,0,0,77,0,77,0,12,89,2,103,18,0,18,121
02/05/2023,STP,MN,AGL,CE,Towers with Radar,0,15,36,0,51,0,2,25,4,31,0,17,61,4,82,36,0,36,118
02/06/2023,STP,MN,AGL,CE,Towers with Radar,0,10,20,2,32,0,0,3,0,3,0,10,23,2,35,0,0,0,35
02/07/2023,STP,MN,AGL,CE,Towers with Radar,0,14,42,4,60,0,3,30,10,43,0,17,72,14,103,42,0,42,145
02/08/2023,STP,MN,AGL,CE,Towers with Radar,0,21,37,1,59,0,4,32,9,45,0,25,69,10,104,32,0,32,136
02/09/2023,STP,MN,AGL,CE,Towers with Radar,0,23,40,4,67,0,1,12,9,22,0,24,52,13,89,12,18,30,119
02/10/2023,STP,MN,AGL,CE,Towers with Radar,2,28,46,5,81,0,0,21,1,22,2,28,67,6,103,18,0,18,121
02/11/2023,STP,MN,AGL,CE,Towers with Radar,1,8,16,0,25,0,2,78,0,80,1,10,94,0,105,14,0,14,119
02/12/2023,STP,MN,AGL,CE,Towers with Radar,0,8,30,0,38,0,2,31,0,33,0,10,61,0,71,51,0,51,122
02/13/2023,STP,MN,AGL,CE,Towers with Radar,2,21,48,0,71,0,2,33,4,39,2,23,81,4,110,26,0,26,136
02/14/2023,STP,MN,AGL,CE,Towers with Radar,1,19,32,1,53,0,0,2,3,5,1,19,34,4,58,4,32,36,94
02/15/2023,STP,MN,AGL,CE,Towers with Radar,1,8,30,1,40,0,0,8,8,16,1,8,38,9,56,14,0,14,70
02/16/2023,STP,MN,AGL,CE,Towers with Radar,0,20,35,2,57,0,5,21,20,46,0,25,56,22,103,28,2,30,133
02/17/2023,STP,MN,AGL,CE,Towers with Radar,0,28,36,2,66,0,0,17,2,19,0,28,53,4,85,32,0,32,117
02/18/2023,STP,MN,AGL,CE,Towers with Radar,0,16,23,0,39,0,1,65,0,66,0,17,88,0,105,26,0,26,131
02/19/2023,STP,MN,AGL,CE,Towers with Radar,0,12,24,0,36,0,0,18,0,18,0,12,42,0,54,6,0,6,60
02/20/2023,STP,MN,AGL,CE,Towers with Radar,1,22,20,0,43,0,2,1,0,3,1,24,21,0,46,0,0,0,46
02/21/2023,STP,MN,AGL,CE,Towers with Radar,0,6,30,0,36,0,0,10,2,12,0,6,40,2,48,0,0,0,48
02/22/2023,STP,MN,AGL,CE,Towers with Radar,0,6,10,0,16,0,0,0,0,0,0,6,10,0,16,0,0,0,16
02/23/2023,STP,MN,AGL,CE,Towers with Radar,0,8,6,0,14,0,0,2,0,2,0,8,8,0,16,0,0,0,16
02/24/2023,STP,MN,AGL,CE,Towers with Radar,1,12,20,0,33,0,0,11,6,17,1,12,31,6,50,16,6,22,72
02/25/2023,STP,MN,AGL,CE,Towers with Radar,1,7,10,0,18,0,1,39,0,40,1,8,49,0,58,18,0,18,76
02/26/2023,STP,MN,AGL,CE,Towers with Radar,2,13,31,0,46,0,4,34,2,40,2,17,65,2,86,28,0,28,114
02/27/2023,STP,MN,AGL,CE,Towers with Radar,0,23,23,0,46,0,0,0,0,0,0,23,23,0,46,0,0,0,46
02/28/2023,STP,MN,AGL,CE,Towers with Radar,0,16,34,3,53,0,0,27,13,40,0,16,61,16,93,30,16,46,139
03/01/2023,STP,MN,AGL,CE,Towers with Radar,2,16,32,2,52,0,0,1,5,6,2,16,33,7,58,0,26,26,84
03/02/2023,STP,MN,AGL,CE,Towers with Radar,2,16,42,2,62,0,2,10,18,30,2,18,52,20,92,12,10,22,114
03/03/2023,STP,MN,AGL,CE,Towers with Radar,0,20,26,6,52,0,3,14,1,18,0,23,40,7,70,16,0,16,86
03/04/2023,STP,MN,AGL,CE,Towers with Radar,0,12,30,0,42,0,4,55,0,59,0,16,85,0,101,32,0,32,133
03/05/2023,STP,MN,AGL,CE,Towers with Radar,0,12,27,0,39,0,0,12,0,12,0,12,39,0,51,0,0,0,51
03/06/2023,STP,MN,AGL,CE,Towers with Radar,0,8,21,3,32,0,2,4,1,7,0,10,25,4,39,8,0,8,47
03/07/2023,STP,MN,AGL,CE,Towers with Radar,0,22,33,3,58,0,0,25,11,36,0,22,58,14,94,44,0,44,138
03/08/2023,STP,MN,AGL,CE,Towers with Radar,0,13,42,2,57,0,1,11,2,14,0,14,53,4,71,16,0,16,87
03/09/2023,STP,MN,AGL,CE,Towers with Radar,1,4,33,0,38,0,0,0,0,0,1,4,33,0,38,0,0,0,38
03/10/2023,STP,MN,AGL,CE,Towers with Radar,0,6,25,0,31,0,0,15,1,16,0,6,40,1,47,28,0,28,75
03/11/2023,STP,MN,AGL,CE,Towers with Radar,0,9,12,1,22,0,0,0,0,0,0,9,12,1,22,0,0,0,22
03/12/2023,STP,MN,AGL,CE,Towers with Radar,0,16,27,2,45,0,0,0,0,0,0,16,27,2,45,0,0,0,45
03/13/2023,STP,MN,AGL,CE,Towers with Radar,0,20,30,2,52,0,2,23,4,29,0,22,53,6,81,16,0,16,97
03/14/2023,STP,MN,AGL,CE,Towers with Radar,0,33,37,4,74,0,4,18,12,34,0,37,55,16,108,6,10,16,124
03/15/2023,STP,MN,AGL,CE,Towers with Radar,1,27,53,1,82,0,1,19,14,34,1,28,72,15,116,44,0,44,160
03/16/2023,STP,MN,AGL,CE,Towers with Radar,0,13,26,0,39,0,0,0,0,0,0,13,26,0,39,0,0,0,39
03/17/2023,STP,MN,AGL,CE,Towers with Radar,0,10,30,1,41,0,0,3,1,4,0,10,33,2,45,0,0,0,45
03/18/2023,STP,MN,AGL,CE,Towers with Radar,0,13,18,0,31,0,6,43,0,49,0,19,61,0,80,26,0,26,106
03/19/2023,STP,MN,AGL,CE,Towers with Radar,0,13,23,0,36,0,12,23,0,35,0,25,46,0,71,28,0,28,99
03/20/2023,STP,MN,AGL,CE,Towers with Radar,0,18,25,4,47,0,3,23,4,30,0,21,48,8,77,32,0,32,109
03/21/2023,STP,MN,AGL,CE,Towers with Radar,0,12,24,7,43,0,1,7,11,19,0,13,31,18,62,36,10,46,108
03/22/2023,STP,MN,AGL,CE,Towers with Radar,0,13,23,0,36,0,0,7,13,20,0,13,30,13,56,32,7,39,95
03/23/2023,STP,MN,AGL,CE,Towers with Radar,0,25,33,4,62,0,3,30,18,51,0,28,63,22,113,62,14,76,189
03/24/2023,STP,MN,AGL,CE,Towers with Radar,0,30,23,3,56,0,2,24,4,30,0,32,47,7,86,68,0,68,154
03/25/2023,STP,MN,AGL,CE,Towers with Radar,1,11,20,0,32,0,0,57,0,57,1,11,77,0,89,34,0,34,123
03/26/2023,STP,MN,AGL,CE,Towers with Radar,0,11,38,0,49,0,28,33,0,61,0,39,71,0,110,8,0,8,118
03/27/2023,STP,MN,AGL,CE,Towers with Radar,0,23,40,0,63,0,0,36,2,38,0,23,76,2,101,36,0,36,137
03/28/2023,STP,MN,AGL,CE,Towers with Radar,0,22,44,0,66,0,0,16,21,37,0,22,60,21,103,10,24,34,137
03/29/2023,STP,MN,AGL,CE,Towers with Radar,0,16,44,2,62,0,2,25,9,36,0,18,69,11,98,22,0,22,120
03/30/2023,STP,MN,AGL,CE,Towers with Radar,0,13,27,6,46,0,0,9,3,12,0,13,36,9,58,8,8,16,74
03/31/2023,STP,MN,AGL,CE,Towers with Radar,0,19,18,1,38,0,0,0,0,0,0,19,18,1,38,0,0,0,38
04/01/2023,STP,MN,AGL,CE,Towers with Radar,0,33,13,0,46,0,1,28,0,29,0,34,41,0,75,18,0,18,93
04/02/2023,STP,MN,AGL,CE,Towers with Radar,0,14,16,0,30,0,0,13,0,13,0,14,29,0,43,0,0,0,43
04/03/2023,STP,MN,AGL,CE,Towers with Radar,2,16,25,0,43,0,0,18,3,21,2,16,43,3,64,22,0,22,86
04/04/2023,STP,MN,AGL,CE,Towers with Radar,0,7,33,2,42,0,0,0,4,4,0,7,33,6,46,4,0,4,50
04/05/2023,STP,MN,AGL,CE,Towers with Radar,0,10,15,1,26,0,0,6,11,17,0,10,21,12,43,0,12,12,55
04/06/2023,STP,MN,AGL,CE,Towers with Radar,1,16,35,2,54,0,0,21,11,32,1,16,56,13,86,32,6,38,124
04/07/2023,STP,MN,AGL,CE,Towers with Radar,0,16,33,4,53,0,0,29,0,29,0,16,62,4,82,24,0,24,106
04/08/2023,STP,MN,AGL,CE,Towers with Radar,0,14,22,0,36,0,5,47,0,52,0,19,69,0,88,14,0,14,102
04/09/2023,STP,MN,AGL,CE,Towers with Radar,0,10,15,0,25,0,1,8,0,9,0,11,23,0,34,0,0,0,34
04/10/2023,STP,MN,AGL,CE,Towers with Radar,0,17,44,0,61,0,0,33,5,38,0,17,77,5,99,22,0,22,121
04/11/2023,STP,MN,AGL,CE,Towers with Radar,1,25,51,2,79,0,0,26,23,49,1,25,77,25,128,28,14,42,170
04/12/2023,STP,MN,AGL,CE,Towers with Radar,0,22,44,2,68,0,4,31,15,50,0,26,75,17,118,4,0,4,122
04/13/2023,STP,MN,AGL,CE,Towers with Radar,0,19,40,1,60,0,1,29,16,46,0,20,69,17,106,12,10,22,128
04/14/2023,STP,MN,AGL,CE,Towers with Radar,0,11,27,0,38,0,0,18,11,29,0,11,45,11,67,18,0,18,85
04/15/2023,STP,MN,AGL,CE,Towers with Radar,1,9,25,0,35,0,0,0,0,0,1,9,25,0,35,0,0,0,35
04/16/2023,STP,MN,AGL,CE,Towers with Radar,0,8,12,0,20,0,0,0,0,0,0,8,12,0,20,0,0,0,20
04/17/2023,STP,MN,AGL,CE,Towers with Radar,0,18,26,2,46,0,2,12,6,20,0,20,38,8,66,28,4,32,98
04/18/2023,STP,MN,AGL,CE,Towers with Radar,0,3,13,5,21,0,0,11,15,26,0,3,24,20,47,0,0,0,47
04/19/2023,STP,MN,AGL,CE,Towers with Radar,0,16,30,0,46,0,2,3,5,10,0,18,33,5,56,2,0,2,58
04/20/2023,STP,MN,AGL,CE,Towers with Radar,0,15,26,2,43,0,0,0,0,0,0,15,26,2,43,0,0,0,43
04/21/2023,STP,MN,AGL,CE,Towers with Radar,1,10,12,0,23,0,0,7,0,7,1,10,19,0,30,0,0,0,30
04/22/2023,STP,MN,AGL,CE,Towers with Radar,0,7,8,0,15,0,1,53,0,54,0,8,61,0,69,8,0,8,77
04/23/2023,STP,MN,AGL,CE,Towers with Radar,0,14,37,0,51,0,4,28,0,32,0,18,65,0,83,32,0,32,115
04/24/2023,STP,MN,AGL,CE,Towers with Radar,1,18,43,2,64,0,0,20,3,23,1,18,63,5,87,16,0,16,103
04/25/2023,STP,MN,AGL,CE,Towers with Radar,0,13,35,4,52,0,1,41,17,59,0,14,76,21,111,22,0,22,133
04/26/2023,STP,MN,AGL,CE,Towers with Radar,0,6,35,2,43,0,2,31,2,35,0,8,66,4,78,38,0,38,116
04/27/2023,STP,MN,AGL,CE,Towers with Radar,0,13,37,2,52,0,0,20,2,22,0,13,57,4,74,44,6,50,124
04/28/2023,STP,MN,AGL,CE,Towers with Radar,0,20,33,0,53,0,1,3,0,4,0,21,36,0,57,0,0,0,57
04/29/2023,STP,MN,AGL,CE,Towers with Radar,0,6,17,0,23,0,0,6,0,6,0,6,23,0,29,0,0,0,29
04/30/2023,STP,MN,AGL,CE,Towers with Radar,0,11,9,0,20,0,2,0,6,8,0,13,9,6,28,0,0,0,28
05/01/2023,STP,MN,AGL,CE,Towers with Radar,0,14,35,0,49,0,1,6,1,8,0,15,41,1,57,2,0,2,59
05/02/2023,STP,MN,AGL,CE,Towers with Radar,0,21,34,2,57,0,2,27,4,33,0,23,61,6,90,22,0,22,112
05/03/2023,STP,MN,AGL,CE,Towers with Radar,0,16,33,0,49,0,0,24,1,25,0,16,57,1,74,14,0,14,88
05/04/2023,STP,MN,AGL,CE,Towers with Radar,0,17,48,2,67,0,4,27,0,31,0,21,75,2,98,12,0,12,110
05/05/2023,STP,MN,AGL,CE,Towers with Radar,0,19,34,2,55,0,2,6,3,11,0,21,40,5,66,10,0,10,76
05/06/2023,STP,MN,AGL,CE,Towers with Radar,0,9,19,0,28,0,0,2,0,2,0,9,21,0,30,0,0,0,30
05/07/2023,STP,MN,AGL,CE,Towers with Radar,0,16,22,0,38,0,2,27,0,29,0,18,49,0,67,34,0,34,101
05/08/2023,STP,MN,AGL,CE,Towers with Radar,0,20,41,1,62,0,0,15,4,19,0,20,56,5,81,22,0,22,103
05/09/2023,STP,MN,AGL,CE,Towers with Radar,0,16,51,2,69,0,0,19,15,34,0,16,70,17,103,38,2,40,143
05/10/2023,STP,MN,AGL,CE,Towers with Radar,0,16,44,5,65,0,2,35,19,56,0,18,79,24,121,66,14,80,201
05/11/2023,STP,MN,AGL,CE,Towers with Radar,0,22,50,1,73,0,1,20,16,37,0,23,70,17,110,29,0,29,139
05/12/2023,STP,MN,AGL,CE,Towers with Radar,0,14,41,1,56,0,1,25,6,32,0,15,66,7,88,28,0,28,116
05/13/2023,STP,MN,AGL,CE,Towers with Radar,0,10,28,0,38,0,0,31,0,31,0,10,59,0,69,22,0,22,91
05/14/2023,STP,MN,AGL,CE,Towers with Radar,0,6,26,0,32,0,17,13,0,30,0,23,39,0,62,0,0,0,62
05/15/2023,STP,MN,AGL,CE,Towers with Radar,1,19,43,2,65,0,8,39,6,53,1,27,82,8,118,42,0,42,160
05/16/2023,STP,MN,AGL,CE,Towers with Radar,0,26,37,3,66,0,0,38,15,53,0,26,75,18,119,22,2,24,143
05/17/2023,STP,MN,AGL,CE,Towers with Radar,1,12,57,0,70,0,1,48,14,63,1,13,105,14,133,42,0,42,175
05/18/2023,STP,MN,AGL,CE,Towers with Radar,0,15,56,3,74,0,1,16,2,19,0,16,72,5,93,18,0,18,111
05/19/2023,STP,MN,AGL,CE,Towers with Radar,2,8,34,0,44,0,0,30,0,30,2,8,64,0,74,31,0,31,105
05/20/2023,STP,MN,AGL,CE,Towers with Radar,0,8,20,0,28,0,18,81,5,104,0,26,101,5,132,18,0,18,150
05/21/2023,STP,MN,AGL,CE,Towers with Radar,0,14,23,0,37,0,2,51,3,56,0,16,74,3,93,30,0,30,123
05/22/2023,STP,MN,AGL,CE,Towers with Radar,0,16,42,1,59,0,3,26,0,29,0,19,68,1,88,6,0,6,94
05/23/2023,STP,MN,AGL,CE,Towers with Radar,0,15,47,1,63,0,6,35,2,43,0,21,82,3,106,28,0,28,134
05/24/2023,STP,MN,AGL,CE,Towers with Radar,0,34,61,3,98,0,5,31,2,38,0,39,92,5,136,22,0,22,158
05/25/2023,STP,MN,AGL,CE,Towers with Radar,0,16,64,7,87,0,8,24,13,45,0,24,88,20,132,34,6,40,172
05/26/2023,STP,MN,AGL,CE,Towers with Radar,0,20,46,0,66,0,2,40,0,42,0,22,86,0,108,12,0,12,120
05/27/2023,STP,MN,AGL,CE,Towers with Radar,0,8,19,0,27,0,8,59,2,69,0,16,78,2,96,48,0,48,144
05/28/2023,STP,MN,AGL,CE,Towers with Radar,0,8,11,0,19,0,10,39,0,49,0,18,50,0,68,2,0,2,70
05/29/2023,STP,MN,AGL,CE,Towers with Radar,0,16,26,0,42,0,1,25,0,26,0,17,51,0,68,14,0,14,82
05/30/2023,STP,MN,AGL,CE,Towers with Radar,0,19,52,1,72,0,1,14,2,17,0,20,66,3,89,0,0,0,89
05/31/2023,STP,MN,AGL,CE,Towers with Radar,0,15,56,5,76,0,0,32,5,37,0,15,88,10,113,8,10,18,131
06/01/2023,STP,MN,AGL,CE,Towers with Radar,0,14,39,2,55,0,1,26,4,31,0,15,65,6,86,4,6,10,96
06/02/2023,STP,MN,AGL,CE,Towers with Radar,0,12,49,0,61,0,0,27,0,27,0,12,76,0,88,10,0,10,98
06/03/2023,STP,MN,AGL,CE,Towers with Radar,0,12,14,0,26,0,7,71,0,78,0,19,85,0,104,64,0,64,168
06/04/2023,STP,MN,AGL,CE,Towers with Radar,0,15,20,1,36,0,1,35,0,36,0,16,55,1,72,26,0,26,98
06/05/2023,STP,MN,AGL,CE,Towers with Radar,0,9,35,1,45,0,0,23,4,27,0,9,58,5,72,14,0,14,86
06/06/2023,STP,MN,AGL,CE,Towers with Radar,0,16,55,2,73,0,2,40,17,59,0,18,95,19,132,44,0,44,176
06/07/2023,STP,MN,AGL,CE,Towers with Radar,0,11,65,2,78,0,1,25,4,30,0,12,90,6,108,16,0,16,124
06/08/2023,STP,MN,AGL,CE,Towers with Radar,0,20,55,2,77,0,1,24,4,29,0,21,79,6,106,32,0,32,138
06/09/2023,STP,MN,AGL,CE,Towers with Radar,0,15,36,0,51,0,0,36,4,40,0,15,72,4,91,48,2,50,141
06/10/2023,STP,MN,AGL,CE,Towers with Radar,0,10,22,0,32,0,0,11,0,11,0,10,33,0,43,6,0,6,49
06/11/2023,STP,MN,AGL,CE,Towers with Radar,0,9,27,0,36,0,8,9,0,17,0,17,36,0,53,8,0,8,61
06/12/2023,STP,MN,AGL,CE,Towers with Radar,0,10,39,0,49,0,3,29,2,34,0,13,68,2,83,32,0,32,115
06/13/2023,STP,MN,AGL,CE,Towers with Radar,0,24,36,0,60,0,2,38,1,41,0,26,74,1,101,40,0,40,141
06/14/2023,STP,MN,AGL,CE,Towers with Radar,0,16,45,0,61,0,1,14,1,16,0,17,59,1,77,6,0,6,83
06/15/2023,STP,MN,AGL,CE,Towers with Radar,0,27,47,0,74,0,3,27,2,32,0,30,74,2,106,56,0,56,162
06/16/2023,STP,MN,AGL,CE,Towers with Radar,0,13,47,2,62,0,6,35,0,41,0,19,82,2,103,36,0,36,139
06/17/2023,STP,MN,AGL,CE,Towers with Radar,0,5,13,0,18,0,0,52,1,53,0,5,65,1,71,42,0,42,113
06/18/2023,STP,MN,AGL,CE,Towers with Radar,0,17,18,0,35,0,0,24,0,24,0,17,42,0,59,14,0,14,73
06/19/2023,STP,MN,AGL,CE,Towers with Radar,1,13,45,0,59,0,4,35,0,39,1,17,80,0,98,28,0,28,126
06/20/2023,STP,MN,AGL,CE,Towers with Radar,1,10,42,1,54,0,2,24,1,27,1,12,66,2,81,30,0,30,111
06/21/2023,STP,MN,AGL,CE,Towers with Radar,0,11,43,2,56,0,3,39,9,51,0,14,82,11,107,20,6,26,133
06/22/2023,STP,MN,AGL,CE,Towers with Radar,0,19,56,2,77,0,0,37,4,41,0,19,93,6,118,50,2,52,170
06/23/2023,STP,MN,AGL,CE,Towers with Radar,0,22,44,0,66,0,2,29,2,33,0,24,73,2,99,25,0,25,124
06/24/2023,STP,MN,AGL,CE,Towers with Radar,1,10,19,0,30,0,1,20,0,21,1,11,39,0,51,20,0,20,71
06/25/2023,STP,MN,AGL,CE,Towers with Radar,1,15,30,0,46,0,0,2,2,4,1,15,32,2,50,0,0,0,50
06/26/2023,STP,MN,AGL,CE,Towers with Radar,0,6,35,0,41,0,4,24,2,30,0,10,59,2,71,24,0,24,95
06/27/2023,STP,MN,AGL,CE,Towers with Radar,0,18,65,5,88,0,9,23,5,37,0,27,88,10,125,24,0,24,149
06/28/2023,STP,MN,AGL,CE,Towers with Radar,0,17,47,3,67,0,0,2,9,11,0,17,49,12,78,0,0,0,78
06/29/2023,STP,MN,AGL,CE,Towers with Radar,0,14,52,2,68,0,7,32,13,52,0,21,84,15,120,52,0,52,172
06/30/2023,STP,MN,AGL,CE,Towers with Radar,0,17,27,0,44,0,1,39,1,41,0,18,66,1,85,28,0,28,113
07/01/2023,STP,MN,AGL,CE,Towers with Radar,0,11,37,0,48,0,0,67,0,67,0,11,104,0,115,16,0,16,131
07/02/2023,STP,MN,AGL,CE,Towers with Radar,0,13,12,0,25,0,0,22,0,22,0,13,34,0,47,20,0,20,67
07/03/2023,STP,MN,AGL,CE,Towers with Radar,0,7,23,0,30,0,0,27,0,27,0,7,50,0,57,16,0,16,73
07/04/2023,STP,MN,AGL,CE,Towers with Radar,0,11,13,0,24,0,1,12,0,13,0,12,25,0,37,2,0,2,39
07/05/2023,STP,MN,AGL,CE,Towers with Radar,0,13,37,2,52,0,6,16,4,26,0,19,53,6,78,26,12,38,116
07/06/2023,STP,MN,AGL,CE,Towers with Radar,0,14,31,0,45,0,2,35,6,43,0,16,66,6,88,54,0,54,142
07/07/2023,STP,MN,AGL,CE,Towers with Radar,0,14,36,1,51,0,4,34,5,43,0,18,70,6,94,30,0,30,124
07/08/2023,STP,MN,AGL,CE,Towers with Radar,0,9,26,0,35,0,5,82,0,87,0,14,108,0,122,12,0,12,134
07/09/2023,STP,MN,AGL,CE,Towers with Radar,0,10,28,2,40,0,0,29,0,29,0,10,57,2,69,8,0,8,77
07/10/2023,STP,MN,AGL,CE,Towers with Radar,0,12,37,0,49,0,4,13,1,18,0,16,50,1,67,0,0,0,67
07/11/2023,STP,MN,AGL,CE,Towers with Radar,1,18,35,1,55,0,2,24,12,38,1,20,59,13,93,28,2,30,123
07/12/2023,STP,MN,AGL,CE,Towers with Radar,1,16,53,3,73,0,7,39,11,57,1,23,92,14,130,68,4,72,202
07/13/2023,STP,MN,AGL,CE,Towers with Radar,0,14,38,0,52,0,6,19,5,30,0,20,57,5,82,56,0,56,138
07/14/2023,STP,MN,AGL,CE,Towers with Radar,0,6,36,0,42,0,3,17,5,25,0,9,53,5,67,2,0,2,69
07/15/2023,STP,MN,AGL,CE,Towers with Radar,2,12,23,0,37,0,5,64,0,69,2,17,87,0,106,4,0,4,110
07/16/2023,STP,MN,AGL,CE,Towers with Radar,1,16,37,0,54,0,5,17,1,23,1,21,54,1,77,4,0,4,81
07/17/2023,STP,MN,AGL,CE,Towers with Radar,0,17,56,0,73,0,1,30,3,34,0,18,86,3,107,26,0,26,133
07/18/2023,STP,MN,AGL,CE,Towers with Radar,0,13,46,1,60,0,1,28,9,38,0,14,74,10,98,36,0,36,134
07/19/2023,STP,MN,AGL,CE,Towers with Radar,0,17,41,1,59,0,4,20,15,39,0,21,61,16,98,20,0,20,118
07/20/2023,STP,MN,AGL,CE,Towers with Radar,0,16,54,0,70,0,1,35,8,44,0,17,89,8,114,55,0,55,169
07/21/2023,STP,MN,AGL,CE,Towers with Radar,0,12,52,2,66,0,2,30,4,36,0,14,82,6,102,36,0,36,138
07/22/2023,STP,MN,AGL,CE,Towers with Radar,0,10,22,0,32,0,5,10,2,17,0,15,32,2,49,4,0,4,53
07/23/2023,STP,MN,AGL,CE,Towers with Radar,0,18,37,0,55,0,0,41,2,43,0,18,78,2,98,28,0,28,126
07/24/2023,STP,MN,AGL,CE,Towers with Radar,0,11,42,0,53,0,2,25,5,32,0,13,67,5,85,38,0,38,123
07/25/2023,STP,MN,AGL,CE,Towers with Radar,0,12,63,2,77,0,1,43,9,53,0,13,106,11,130,62,0,62,192
07/26/2023,STP,MN,AGL,CE,Towers with Radar,0,13,43,0,56,0,2,16,7,25,0,15,59,7,81,18,0,18,99
07/27/2023,STP,MN,AGL,CE,Towers with Radar,1,15,39,0,55,0,8,13,14,35,1,23,52,14,90,14,0,14,104
07/28/2023,STP,MN,AGL,CE,Towers with Radar,0,10,54,0,64,0,2,30,2,34,0,12,84,2,98,46,0,46,144
07/29/2023,STP,MN,AGL,CE,Towers with Radar,1,4,19,0,24,0,3,59,0,62,1,7,78,0,86,34,0,34,120
07/30/2023,STP,MN,AGL,CE,Towers with Radar,0,9,36,0,45,0,0,22,0,22,0,9,58,0,67,18,0,18,85
07/31/2023,STP,MN,AGL,CE,Towers with Radar,2,15,42,0,59,0,8,16,2,26,2,23,58,2,85,34,0,34,119
08/01/2023,STP,MN,AGL,CE,Towers with Radar,1,29,36,0,66,0,0,25,11,36,1,29,61,11,102,50,6,56,158
08/02/2023,STP,MN,AGL,CE,Towers with Radar,0,11,43,0,54,0,4,20,4,28,0,15,63,4,82,36,0,36,118
08/03/2023,STP,MN,AGL,CE,Towers with Radar,0,22,47,0,69,0,0,14,11,25,0,22,61,11,94,38,18,56,150
08/04/2023,STP,MN,AGL,CE,Towers with Radar,0,19,32,0,51,0,4,42,1,47,0,23,74,1,98,74,0,74,172
08/05/2023,STP,MN,AGL,CE,Towers with Radar,0,19,23,0,42,0,0,32,0,32,0,19,55,0,74,24,0,24,98
08/06/2023,STP,MN,AGL,CE,Towers with Radar,0,16,39,0,55,0,0,6,0,6,0,16,45,0,61,8,0,8,69
08/07/2023,STP,MN,AGL,CE,Towers with Radar,0,18,37,0,55,0,8,28,6,42,0,26,65,6,97,34,0,34,131
08/08/2023,STP,MN,AGL,CE,Towers with Radar,0,18,54,4,76,0,8,37,14,59,0,26,91,18,135,26,0,26,161
08/09/2023,STP,MN,AGL,CE,Towers with Radar,0,14,43,0,57,0,1,37,15,53,0,15,80,15,110,32,0,32,142
08/10/2023,STP,MN,AGL,CE,Towers with Radar,0,15,41,0,56,0,3,35,3,41,0,18,76,3,97,76,0,76,173
08/11/2023,STP,MN,AGL,CE,Towers with Radar,0,13,40,0,53,0,3,26,4,33,0,16,66,4,86,38,0,38,124
08/12/2023,STP,MN,AGL,CE,Towers with Radar,0,10,11,0,21,0,4,65,2,71,0,14,76,2,92,18,0,18,110
08/13/2023,STP,MN,AGL,CE,Towers with Radar,0,10,29,0,39,0,0,19,0,19,0,10,48,0,58,2,0,2,60
08/14/2023,STP,MN,AGL,CE,Towers with Radar,0,10,53,0,63,0,1,37,0,38,0,11,90,0,101,30,0,30,131
08/15/2023,STP,MN,AGL,CE,Towers with Radar,0,25,58,4,87,0,15,71,5,91,0,40,129,9,178,64,0,64,242
08/16/2023,STP,MN,AGL,CE,Towers with Radar,0,14,39,2,55,0,0,26,17,43,0,14,65,19,98,30,2,32,130
08/17/2023,STP,MN,AGL,CE,Towers with Radar,0,23,40,2,65,0,11,39,9,59,0,34,79,11,124,28,0,28,152
08/18/2023,STP,MN,AGL,CE,Towers with Radar,0,14,39,1,54,0,3,40,2,45,0,17,79,3,99,36,0,36,135
08/19/2023,STP,MN,AGL,CE,Towers with Radar,0,16,26,0,42,0,15,73,1,89,0,31,99,1,131,26,0,26,157
08/20/2023,STP,MN,AGL,CE,Towers with Radar,0,10,25,0,35,0,7,13,0,20,0,17,38,0,55,2,0,2,57
08/21/2023,STP,MN,AGL,CE,Towers with Radar,0,16,51,0,67,0,4,13,1,18,0,20,64,1,85,12,0,12,97
08/22/2023,STP,MN,AGL,CE,Towers with Radar,0,19,63,0,82,0,4,25,11,40,0,23,88,11,122,6,0,6,128
08/23/2023,STP,MN,AGL,CE,Towers with Radar,0,25,45,3,73,0,2,37,19,58,0,27,82,22,131,16,0,16,147
08/24/2023,STP,MN,AGL,CE,Towers with Radar,2,16,43,4,65,0,4,17,11,32,2,20,60,15,97,4,27,31,128
08/25/2023,STP,MN,AGL,CE,Towers with Radar,0,20,30,0,50,0,0,24,1,25,0,20,54,1,75,36,0,36,111
08/26/2023,STP,MN,AGL,CE,Towers with Radar,0,12,37,0,49,0,4,48,0,52,0,16,85,0,101,14,0,14,115
08/27/2023,STP,MN,AGL,CE,Towers with Radar,0,11,26,0,37,0,3,26,0,29,0,14,52,0,66,13,0,13,79
08/28/2023,STP,MN,AGL,CE,Towers with Radar,0,10,33,0,43,0,3,21,5,29,0,13,54,5,72,16,0,16,88
08/29/2023,STP,MN,AGL,CE,Towers with Radar,0,21,46,0,67,0,0,33,12,45,0,21,79,12,112,24,0,24,136
08/30/2023,STP,MN,AGL,CE,Towers with Radar,0,12,65,3,80,0,1,34,11,46,0,13,99,14,126,48,4,52,178
08/31/2023,STP,MN,AGL,CE,Towers with Radar,1,19,61,0,81,0,1,29,1,31,1,20,90,1,112,12,0,12,124
